# Results for F001-F002-F003-F004-F005-F006-F007-F008-F009-F010-F011-F012-F013-F014-F015-F016-F017-F018-F019-F020-F021-F022-F023-F024-F025-F026-F027-F028-F029-F030-F031-F032-F033-F034-F035-F036-F037-F038-F039-F040-F041-F042-F043-F044-F045-F046-F047-F048-F049-F050-F051-F052-F053-F054-F055-F056-F057-F058-F059-F060-F061-F062-F063-F064-F065-F066-F067-F068-F069-F070-F071-F072-F073-F074-F075-F076-F077-F078-F079-F080-F081-F082-F083-F084-F085-F086-F087-F088-F089-F090-F091-F092-F093-F094-F095-F096-F097-F098-F099-F100-F101-F102-F103-F104-F105-F106-F107-F108-F109-F110-F111-F112-F113-F114-F115-F116-F117-F118-F119-F120-F121-F122-F123-F124-F125-F126-F127-F128-F129-F130-F131-F132-F133-F134-F135-F136-F137-F138-F139-F140-F141-F142-F143-F144-F145-F146-F147-F148-F149-F150-F151-F152-F153-F154-F155-F156-F157-F158-F159-F160-F161-F162-F163-F164-F165-F166-F167-F168-F169-F170-F171-F172-F173-F174-F175-F176-F177-F178-F179-F180-F181-F182-F183-F184-F185-F186-F187-F188-F189-F190-F191-F192-F193-F194-F195-F196-F197-F198-F199-F200-F201-F202-F203-F204-F205-F206-F207-F208-F209-F210-F211-F212-F213-F214-F215-F216-F217-F218-F219-F220-F221-F222-F223-F224-F225-F226-F227-F228-F229-F230-F231-F232-F233-F234-F235-F236-F237-F238-F239-F240-F241-F242-F243-F244-F245-F246-F247-F248-F249-F250-F251-F252-F253-F254-F255-F256-F257-F258-F259-F260-F261-F262-F263-F264-F265-F266-F267-F268-F269-F270-F271-F272-F273-F274-F275-F276-F277-F278-F279-F280-F281-F282-F283-F284-F285-F286-F287-F288-F289-F290-F291-F292-F293-F294-F295-F296-F297-F298-F299-F300-F301-F302-F303-F304-F305-F306-F307-F308-F309-F310-F311-F312-F313-F314-F315-F316-F317-F318-F319-F320-F321-F322-F323-F324-F325-F326-F327-F328-F329-F330-F331-F332-F333-F334-F335-F336-F337-F338-F339-F340-F341-F342-F343-F344-F345-F346-F347-F348-F349-F350-F351-F352-F353-F354-F355-F356-F357-F358-F359-F360-F361-F362-F363-F364-F365-F366-F367-F368-F369-F370-F371-F372-F373-F374-F375-F376-F377-F378-F379-F380-F381-F382-F383-F384-F385-F386-F387-F388-F389-F390-F391-F392-F393-F394-F395-F396-F397-F398-F399-F400-F401-F402-F403-F404-F405-F406-F407-F408-F409-F410-F411-F412-F413-F414-F415-F416-F417-F418-F419-F420-F421-F422-F423-F424-F425-F426-F427-F428-F429-F430-F431-F432-F433-F434-F435-F436-F437-F438-F439-F440-F441-F442-F443-F444-F445-F446-F447-F448-F449-F450-F451-F452-F453-F454-F455-F456-F457-F458-F459-F460-F461-F462-F463-F464-F465-F466-F467-F468-F469-F470-F471-F472-F473-F474-F475-F476-F477-F478-F479-F480-F481-F482-F483-F484-F485-F486-F487-F488-F489-F490-F491-F492-F493-F494-F495-F496-F497-F498-F499-F500-F501-E502508-O502510-E502511-E507509-F512

## Summary

Number of input bits: 512  
Number of free input bits: 6  
Number of output bits: 160

Number of direct occurrences: 25584  
Number of assignments: 31234  
Number of operations: 11727222
(xor: 11696541,
and: 17543,
or: 13138)

Total complexity: 3.540036417531519 × 10^306

Least occurring input variable: iv_506 (4049)  
Most occurring input variable: iv_502 (4686)

Most co-occurring input variables: iv_502-iv_507 (2150)  
Least co-occurring input variables: iv_505-iv_506 (1881)

Potentially most occurring input variable: iv_502/iv_506 (4971)  
Potentially least occurring input variable: iv_503/iv_506 (4301)

Least output occurring input variable: iv_507 (68)  
Most output occurring input variable: iv_505 (85)

Most output co-occurring input variables: iv_503-iv_505 (49)  
Least output co-occurring input variables: iv_504-iv_506 (34)

Potentially most output occurring input variable: iv_504/iv_505 (89)  
Potentially least output occurring input variable: iv_502/iv_505 (67)

Least complex input bit: iv_503 (1.5085887526753915 × 10^305)  
Most complex input bit: iv_502 (1.3066842695650754 × 10^306)

Least complex output bit: aaa_76_29 (7.380550410074787 × 10^280)  
Most complex output bit: ov_001 (5.674023329763071 × 10^305)

Least complex input/output complexity: iv_503/aaa_76_29 (3.145226213507851 × 10^279)  
Most complex input/output complexity:  (2.094373095550404 × 10^305)

Input variable with highest collision probability: iv_504 (½^160.00000000000057)

## Input Bits

### Input Bits in Regular Order

| Input Bit | Complexity | Occurrences | Output Occurrences | Collision Probability |
|:---------:|:----------:|:-----------:|:------------------:|:---------------------:|
| iv_502 | 1.3066842695650754 × 10^306 | 4686 | 78 | ½^160.00000000000088 |
| iv_503 | 1.5085887526753915 × 10^305 | 4152 | 85 | ½^160.0000000000011 |
| iv_504 | 2.507475044113213 × 10^305 | 4079 | 80 | ½^160.00000000000057 |
| iv_505 | 3.9858032412809955 × 10^305 | 4206 | 85 | ½^160.00000000000063 |
| iv_506 | 2.1423052629653067 × 10^305 | 4049 | 73 | ½^160.00000000000063 |
| iv_507 | 1.218934917862955 × 10^306 | 4412 | 68 | ½^160.0000000000007 |

### Input Bits Sorted by Complexity

| Input Bit | Complexity | Occurrences | Output Occurrences | Collision Probability |
|:---------:|:----------:|:-----------:|:------------------:|:---------------------:|
| iv_503 | 1.5085887526753915 × 10^305 | 4152 | 85 | ½^160.0000000000011 |
| iv_506 | 2.1423052629653067 × 10^305 | 4049 | 73 | ½^160.00000000000063 |
| iv_504 | 2.507475044113213 × 10^305 | 4079 | 80 | ½^160.00000000000057 |
| iv_505 | 3.9858032412809955 × 10^305 | 4206 | 85 | ½^160.00000000000063 |
| iv_507 | 1.218934917862955 × 10^306 | 4412 | 68 | ½^160.0000000000007 |
| iv_502 | 1.3066842695650754 × 10^306 | 4686 | 78 | ½^160.00000000000088 |

### Input Bits Sorted by Occurrences

| Input Bit | Complexity | Occurrences | Output Occurrences | Collision Probability |
|:---------:|:----------:|:-----------:|:------------------:|:---------------------:|
| iv_506 | 2.1423052629653067 × 10^305 | 4049 | 73 | ½^160.00000000000063 |
| iv_504 | 2.507475044113213 × 10^305 | 4079 | 80 | ½^160.00000000000057 |
| iv_503 | 1.5085887526753915 × 10^305 | 4152 | 85 | ½^160.0000000000011 |
| iv_505 | 3.9858032412809955 × 10^305 | 4206 | 85 | ½^160.00000000000063 |
| iv_507 | 1.218934917862955 × 10^306 | 4412 | 68 | ½^160.0000000000007 |
| iv_502 | 1.3066842695650754 × 10^306 | 4686 | 78 | ½^160.00000000000088 |

### Input Bits Sorted by Output Occurrences

| Input Bit | Complexity | Occurrences | Output Occurrences | Collision Probability |
|:---------:|:----------:|:-----------:|:------------------:|:---------------------:|
| iv_507 | 1.218934917862955 × 10^306 | 4412 | 68 | ½^160.0000000000007 |
| iv_506 | 2.1423052629653067 × 10^305 | 4049 | 73 | ½^160.00000000000063 |
| iv_502 | 1.3066842695650754 × 10^306 | 4686 | 78 | ½^160.00000000000088 |
| iv_504 | 2.507475044113213 × 10^305 | 4079 | 80 | ½^160.00000000000057 |
| iv_503 | 1.5085887526753915 × 10^305 | 4152 | 85 | ½^160.0000000000011 |
| iv_505 | 3.9858032412809955 × 10^305 | 4206 | 85 | ½^160.00000000000063 |

### Input Bits Sorted by Collision Probability

| Input Bit | Complexity | Occurrences | Output Occurrences | Collision Probability |
|:---------:|:----------:|:-----------:|:------------------:|:---------------------:|
| iv_504 | 2.507475044113213 × 10^305 | 4079 | 80 | ½^160.00000000000057 |
| iv_506 | 2.1423052629653067 × 10^305 | 4049 | 73 | ½^160.00000000000063 |
| iv_505 | 3.9858032412809955 × 10^305 | 4206 | 85 | ½^160.00000000000063 |
| iv_507 | 1.218934917862955 × 10^306 | 4412 | 68 | ½^160.0000000000007 |
| iv_502 | 1.3066842695650754 × 10^306 | 4686 | 78 | ½^160.00000000000088 |
| iv_503 | 1.5085887526753915 × 10^305 | 4152 | 85 | ½^160.0000000000011 |

## Input Bit/Output Bit Collision Probabilities

| Input Bit | Output Bit | Collision Probability |
|:---------:|:----------:|:---------------------:|
| iv_506 | ov_123 | 0.500000000000002 |
| iv_504 | ov_087 | 0.5000000000000018 |
| iv_505 | ov_151 | 0.5000000000000018 |
| iv_506 | ov_077 | 0.5000000000000018 |
| iv_507 | ov_107 | 0.5000000000000018 |
| iv_506 | ov_037 | 0.5000000000000017 |

## Input Bit Co-occurrences

### Input Bit Co-occurrences Sorted by Co-occurrences

| Input Bits | Co-occurrences | Potential Occurrences | Output Co-occurrences | Potential Output Occurrences |
|:----------:|:--------------:|:---------------------:|:---------------------:|:----------------------------:|
| iv_502-iv_507 | 2150 | 4798 | 36 | 74 |
| iv_502-iv_505 | 2076 | 4740 | 48 | 67 |
| iv_505-iv_507 | 2075 | 4468 | 35 | 83 |
| iv_502-iv_503 | 2060 | 4718 | 43 | 77 |
| iv_504-iv_507 | 2050 | 4391 | 35 | 78 |
| iv_502-iv_504 | 2037 | 4691 | 40 | 78 |

### Input Bit Co-occurrences Sorted by Potential Occurrences

| Input Bits | Co-occurrences | Potential Occurrences | Output Co-occurrences | Potential Output Occurrences |
|:----------:|:--------------:|:---------------------:|:---------------------:|:----------------------------:|
| iv_503-iv_506 | 1950 | 4301 | 45 | 68 |
| iv_504-iv_506 | 1912 | 4304 | 34 | 85 |
| iv_504-iv_505 | 1977 | 4331 | 38 | 89 |
| iv_503-iv_504 | 1934 | 4363 | 42 | 81 |
| iv_506-iv_507 | 2036 | 4389 | 35 | 71 |
| iv_504-iv_507 | 2050 | 4391 | 35 | 78 |

### Input Bit Output Co-occurrences Sorted by Output Co-occurrences

| Input Bits | Co-occurrences | Potential Occurrences | Output Co-occurrences | Potential Output Occurrences |
|:----------:|:--------------:|:---------------------:|:---------------------:|:----------------------------:|
| iv_503-iv_505 | 1962 | 4434 | 49 | 72 |
| iv_502-iv_505 | 2076 | 4740 | 48 | 67 |
| iv_503-iv_506 | 1950 | 4301 | 45 | 68 |
| iv_502-iv_503 | 2060 | 4718 | 43 | 77 |
| iv_503-iv_504 | 1934 | 4363 | 42 | 81 |
| iv_505-iv_506 | 1881 | 4493 | 41 | 76 |

### Input Bit Output Co-occurrences Sorted by Potential Output Occurrences

| Input Bits | Co-occurrences | Potential Occurrences | Output Co-occurrences | Potential Output Occurrences |
|:----------:|:--------------:|:---------------------:|:---------------------:|:----------------------------:|
| iv_502-iv_505 | 2076 | 4740 | 48 | 67 |
| iv_503-iv_506 | 1950 | 4301 | 45 | 68 |
| iv_506-iv_507 | 2036 | 4389 | 35 | 71 |
| iv_503-iv_505 | 1962 | 4434 | 49 | 72 |
| iv_502-iv_507 | 2150 | 4798 | 36 | 74 |
| iv_505-iv_506 | 1881 | 4493 | 41 | 76 |

## Output Bits

### Output Bits in Regular Order

| Rank | Output Bit | Complexity |
|:----:|:----------:|:----------:|
| 1 | ov_001 | 5.674023329763071 × 10^305 |
| 2 | ov_002 | 4.927297025134864 × 10^305 |
| 3 | ov_003 | 4.253418023215757 × 10^305 |
| 4 | ov_004 | 3.649349291074604 × 10^305 |
| 5 | ov_005 | 3.11221937013907 × 10^305 |
| 6 | ov_006 | 2.6367356207793597 × 10^305 |
| 7 | ov_007 | 2.2178826507943327 × 10^305 |
| 8 | ov_008 | 1.8509054938908368 × 10^305 |
| 9 | ov_009 | 1.5312951264928404 × 10^305 |
| 10 | ov_010 | 1.2547760915491458 × 10^305 |
| 11 | ov_011 | 1.0172960639336587 × 10^305 |
| 12 | ov_012 | 8.15017219023062 × 10^304 |
| 13 | ov_013 | 6.443092601695788 × 10^304 |
| 14 | ov_014 | 5.017439280299673 × 10^304 |
| 15 | ov_015 | 3.840907847379008 × 10^304 |
| 16 | ov_016 | 2.883140664543679 × 10^304 |
| 17 | ov_017 | 2.1157041313304422 × 10^304 |
| 18 | ov_018 | 1.5120729959369865 × 10^304 |
| 19 | ov_019 | 1.0476200722456037 × 10^304 |
| 20 | ov_020 | 6.996099084565079 × 10^303 |
| 21 | ov_021 | 4.4719510466546825 × 10^303 |
| 22 | ov_022 | 2.714141816065922 × 10^303 |
| 23 | ov_023 | 1.5519024743345877 × 10^303 |
| 24 | ov_024 | 8.333010294535227 × 10^302 |
| 25 | ov_025 | 4.25236563740256 × 10^302 |
| 26 | ov_026 | 2.134357241891256 × 10^302 |
| 27 | ov_027 | 1.0245083996592816 × 10^302 |
| 28 | ov_028 | 4.926434120536277 × 10^301 |
| 29 | ov_029 | 2.0270936250916516 × 10^301 |
| 30 | ov_030 | 6.697777410191954 × 10^300 |
| 31 | ov_031 | 1.619434702210382 × 10^300 |
| 32 | lv_80_k31 | 3.914393053112636 × 10^299 |
| 33 | ov_033 | 4.6668931757725015 × 10^300 |
| 34 | ov_034 | 4.027563425597884 × 10^300 |
| 35 | ov_035 | 3.458809195826489 × 10^300 |
| 36 | ov_036 | 2.9546862514190706 × 10^300 |
| 37 | ov_037 | 2.5095694652462464 × 10^300 |
| 38 | ov_038 | 2.118130159898776 × 10^300 |
| 39 | ov_039 | 1.7753165630026902 × 10^300 |
| 40 | ov_040 | 1.4763370694001099 × 10^300 |
| 41 | ov_041 | 1.2166460195900276 × 10^300 |
| 42 | ov_042 | 9.919317193223861 × 10^299 |
| 43 | ov_043 | 7.981064403101526 × 10^299 |
| 44 | ov_044 | 6.312981702888388 × 10^299 |
| 45 | ov_045 | 4.896239036313989 × 10^299 |
| 46 | ov_046 | 3.713036588952952 × 10^299 |
| 47 | ov_047 | 2.746581479834112 × 10^299 |
| 48 | ov_048 | 1.981069936163529 × 10^299 |
| 49 | ov_049 | 1.3878124807398453 × 10^299 |
| 50 | ov_050 | 9.40045798545778 × 10^298 |
| 51 | ov_051 | 6.129219359699473 × 10^298 |
| 52 | ov_052 | 3.835014196997826 × 10^298 |
| 53 | ov_053 | 2.307491075223377 × 10^298 |
| 54 | ov_054 | 1.355317701324948 × 10^298 |
| 55 | ov_055 | 8.061667770368172 × 10^297 |
| 56 | ov_056 | 5.06707445746661 × 10^297 |
| 57 | ov_057 | 3.2259995745223676 × 10^297 |
| 58 | ov_058 | 1.9142170166430107 × 10^297 |
| 59 | ov_059 | 1.0367986568329324 × 10^297 |
| 60 | ov_060 | 4.988186745243871 × 10^296 |
| 61 | ov_061 | 2.053519823044963 × 10^296 |
| 62 | ov_062 | 6.787739000773992 × 10^295 |
| 63 | ov_063 | 1.6417681411980137 × 10^295 |
| 64 | lv_79_k31 | 3.969539474719422 × 10^294 |
| 65 | ov_065 | 4.675439808239407 × 10^295 |
| 66 | ov_066 | 4.675428454100052 × 10^295 |
| 67 | ov_067 | 4.675424832663097 × 10^295 |
| 68 | ov_068 | 4.0350537405016513 × 10^295 |
| 69 | ov_069 | 3.461402172219528 × 10^295 |
| 70 | ov_070 | 2.9516864919446257 × 10^295 |
| 71 | ov_071 | 2.500780193341468 × 10^295 |
| 72 | ov_072 | 2.1038262458070407 × 10^295 |
| 73 | ov_073 | 1.7562192758944955 × 10^295 |
| 74 | ov_074 | 1.4535903316260212 × 10^295 |
| 75 | ov_075 | 1.1917939723176504 × 10^295 |
| 76 | ov_076 | 9.668974401007382 × 10^294 |
| 77 | ov_077 | 7.751716824739511 × 10^294 |
| 78 | ov_078 | 6.130840080413365 × 10^294 |
| 79 | ov_079 | 4.7729217015955535 × 10^294 |
| 80 | ov_080 | 3.6463968559224115 × 10^294 |
| 81 | ov_081 | 2.7215220750275978 × 10^294 |
| 82 | ov_082 | 1.983877036372919 × 10^294 |
| 83 | ov_083 | 1.407286056761804 × 10^294 |
| 84 | ov_084 | 9.673330162986286 × 10^293 |
| 85 | ov_085 | 6.413516127204099 × 10^293 |
| 86 | ov_086 | 4.084189351943755 × 10^293 |
| 87 | ov_087 | 2.4935127248289947 × 10^293 |
| 88 | ov_088 | 1.4670127331836833 × 10^293 |
| 89 | ov_089 | 8.475593141628955 × 10^292 |
| 90 | ov_090 | 4.9535177287079 × 10^292 |
| 91 | ov_091 | 2.8790957271834096 × 10^292 |
| 92 | ov_092 | 1.6832160093122469 × 10^292 |
| 93 | ov_093 | 8.833306900021581 × 10^291 |
| 94 | ov_094 | 3.928902627221228 × 10^291 |
| 95 | aaa_78_28 | 1.2534648574104273 × 10^291 |
| 96 | aaa_78_29 | 4.6929042051913444 × 10^290 |
| 97 | ov_097 | 4.2533227850271535 × 10^290 |
| 98 | ov_098 | 4.253303190815863 × 10^290 |
| 99 | ov_099 | 4.253296941609426 × 10^290 |
| 100 | ov_100 | 3.668440798889611 × 10^290 |
| 101 | ov_101 | 3.146208201006431 × 10^290 |
| 102 | ov_102 | 2.6817988917223 × 10^290 |
| 103 | ov_103 | 2.2706723474332143 × 10^290 |
| 104 | ov_104 | 1.908528651854977 × 10^290 |
| 105 | ov_105 | 1.5912919525172618 × 10^290 |
| 106 | ov_106 | 1.3150962575169926 × 10^290 |
| 107 | ov_107 | 1.0762733438333128 × 10^290 |
| 108 | ov_108 | 8.713425608358554 × 10^289 |
| 109 | ov_109 | 6.970023245176798 × 10^289 |
| 110 | ov_110 | 5.501231095342868 × 10^289 |
| 111 | ov_111 | 4.2774175740076096 × 10^289 |
| 112 | ov_112 | 3.270569302517723 × 10^289 |
| 113 | ov_113 | 2.4542555045686975 × 10^289 |
| 114 | ov_114 | 1.8036007714973694 × 10^289 |
| 115 | ov_115 | 1.2952648140984031 × 10^289 |
| 116 | ov_116 | 9.074279245594713 × 10^288 |
| 117 | ov_117 | 6.197809779435558 × 10^288 |
| 118 | ov_118 | 4.1351890825644876 × 10^288 |
| 119 | ov_119 | 2.7133669962140427 × 10^288 |
| 120 | ov_120 | 1.77427038496801 × 10^288 |
| 121 | ov_121 | 1.1747895208061983 × 10^288 |
| 122 | ov_122 | 7.867699789709432 × 10^287 |
| 123 | ov_123 | 4.970075673035967 × 10^287 |
| 124 | ov_124 | 2.9055701251665805 × 10^287 |
| 125 | ov_125 | 1.5247392386688838 × 10^287 |
| 126 | ov_126 | 6.781427237436945 × 10^286 |
| 127 | aaa_77_28 | 2.1634144566218069 × 10^286 |
| 128 | aaa_77_29 | 8.099166332452468 × 10^285 |
| 129 | ov_129 | 7.333926188536685 × 10^285 |
| 130 | ov_130 | 7.333908243578563 × 10^285 |
| 131 | ov_131 | 7.333902483093078 × 10^285 |
| 132 | ov_132 | 6.323558947922249 × 10^285 |
| 133 | ov_133 | 5.421716361275221 × 10^285 |
| 134 | ov_134 | 4.619973099315441 × 10^285 |
| 135 | ov_135 | 3.9103932579443403 × 10^285 |
| 136 | ov_136 | 3.2854726141551685 × 10^285 |
| 137 | ov_137 | 2.738108999678992 × 10^285 |
| 138 | ov_138 | 2.2615767640572064 × 10^285 |
| 139 | ov_139 | 1.8495049444315298 × 10^285 |
| 140 | ov_140 | 1.4958587541705135 × 10^285 |
| 141 | ov_141 | 1.194924023650866 × 10^285 |
| 142 | ov_142 | 9.412942472282301 × 10^284 |
| 143 | ov_143 | 7.298599107808765 × 10^284 |
| 144 | ov_144 | 5.557998109033803 × 10^284 |
| 145 | ov_145 | 4.145741299437023 × 10^284 |
| 146 | ov_146 | 3.0191905082926594 × 10^284 |
| 147 | ov_147 | 2.1384268206215198 × 10^284 |
| 148 | ov_148 | 1.4662206626223051 × 10^284 |
| 149 | ov_149 | 9.680106522132702 × 10^283 |
| 150 | ov_150 | 6.1188933997111255 × 10^283 |
| 151 | ov_151 | 3.6859416129171494 × 10^283 |
| 152 | ov_152 | 2.1150211606228794 × 10^283 |
| 153 | ov_153 | 1.1662688755393673 × 10^283 |
| 154 | ov_154 | 6.261735151892049 × 10^282 |
| 155 | ov_155 | 3.075676969624885 × 10^282 |
| 156 | aaa_76_25 | 1.2345308744323538 × 10^282 |
| 157 | aaa_76_26 | 7.595923539197222 × 10^281 |
| 158 | aaa_76_27 | 4.163298064699113 × 10^281 |
| 159 | aaa_76_28 | 1.961094033559369 × 10^281 |
| 160 | aaa_76_29 | 7.380550410074787 × 10^280 |

### Output Bits Sorted by Complexity

| Rank | Output Bit | Complexity |
|:----:|:----------:|:----------:|
| 160 | aaa_76_29 | 7.380550410074787 × 10^280 |
| 159 | aaa_76_28 | 1.961094033559369 × 10^281 |
| 158 | aaa_76_27 | 4.163298064699113 × 10^281 |
| 157 | aaa_76_26 | 7.595923539197222 × 10^281 |
| 156 | aaa_76_25 | 1.2345308744323538 × 10^282 |
| 155 | ov_155 | 3.075676969624885 × 10^282 |
| 154 | ov_154 | 6.261735151892049 × 10^282 |
| 153 | ov_153 | 1.1662688755393673 × 10^283 |
| 152 | ov_152 | 2.1150211606228794 × 10^283 |
| 151 | ov_151 | 3.6859416129171494 × 10^283 |
| 150 | ov_150 | 6.1188933997111255 × 10^283 |
| 149 | ov_149 | 9.680106522132702 × 10^283 |
| 148 | ov_148 | 1.4662206626223051 × 10^284 |
| 147 | ov_147 | 2.1384268206215198 × 10^284 |
| 146 | ov_146 | 3.0191905082926594 × 10^284 |
| 145 | ov_145 | 4.145741299437023 × 10^284 |
| 144 | ov_144 | 5.557998109033803 × 10^284 |
| 143 | ov_143 | 7.298599107808765 × 10^284 |
| 142 | ov_142 | 9.412942472282301 × 10^284 |
| 141 | ov_141 | 1.194924023650866 × 10^285 |
| 140 | ov_140 | 1.4958587541705135 × 10^285 |
| 139 | ov_139 | 1.8495049444315298 × 10^285 |
| 138 | ov_138 | 2.2615767640572064 × 10^285 |
| 137 | ov_137 | 2.738108999678992 × 10^285 |
| 136 | ov_136 | 3.2854726141551685 × 10^285 |
| 135 | ov_135 | 3.9103932579443403 × 10^285 |
| 134 | ov_134 | 4.619973099315441 × 10^285 |
| 133 | ov_133 | 5.421716361275221 × 10^285 |
| 132 | ov_132 | 6.323558947922249 × 10^285 |
| 131 | ov_131 | 7.333902483093078 × 10^285 |
| 130 | ov_130 | 7.333908243578563 × 10^285 |
| 129 | ov_129 | 7.333926188536685 × 10^285 |
| 128 | aaa_77_29 | 8.099166332452468 × 10^285 |
| 127 | aaa_77_28 | 2.1634144566218069 × 10^286 |
| 126 | ov_126 | 6.781427237436945 × 10^286 |
| 125 | ov_125 | 1.5247392386688838 × 10^287 |
| 124 | ov_124 | 2.9055701251665805 × 10^287 |
| 123 | ov_123 | 4.970075673035967 × 10^287 |
| 122 | ov_122 | 7.867699789709432 × 10^287 |
| 121 | ov_121 | 1.1747895208061983 × 10^288 |
| 120 | ov_120 | 1.77427038496801 × 10^288 |
| 119 | ov_119 | 2.7133669962140427 × 10^288 |
| 118 | ov_118 | 4.1351890825644876 × 10^288 |
| 117 | ov_117 | 6.197809779435558 × 10^288 |
| 116 | ov_116 | 9.074279245594713 × 10^288 |
| 115 | ov_115 | 1.2952648140984031 × 10^289 |
| 114 | ov_114 | 1.8036007714973694 × 10^289 |
| 113 | ov_113 | 2.4542555045686975 × 10^289 |
| 112 | ov_112 | 3.270569302517723 × 10^289 |
| 111 | ov_111 | 4.2774175740076096 × 10^289 |
| 110 | ov_110 | 5.501231095342868 × 10^289 |
| 109 | ov_109 | 6.970023245176798 × 10^289 |
| 108 | ov_108 | 8.713425608358554 × 10^289 |
| 107 | ov_107 | 1.0762733438333128 × 10^290 |
| 106 | ov_106 | 1.3150962575169926 × 10^290 |
| 105 | ov_105 | 1.5912919525172618 × 10^290 |
| 104 | ov_104 | 1.908528651854977 × 10^290 |
| 103 | ov_103 | 2.2706723474332143 × 10^290 |
| 102 | ov_102 | 2.6817988917223 × 10^290 |
| 101 | ov_101 | 3.146208201006431 × 10^290 |
| 100 | ov_100 | 3.668440798889611 × 10^290 |
| 99 | ov_099 | 4.253296941609426 × 10^290 |
| 98 | ov_098 | 4.253303190815863 × 10^290 |
| 97 | ov_097 | 4.2533227850271535 × 10^290 |
| 96 | aaa_78_29 | 4.6929042051913444 × 10^290 |
| 95 | aaa_78_28 | 1.2534648574104273 × 10^291 |
| 94 | ov_094 | 3.928902627221228 × 10^291 |
| 93 | ov_093 | 8.833306900021581 × 10^291 |
| 92 | ov_092 | 1.6832160093122469 × 10^292 |
| 91 | ov_091 | 2.8790957271834096 × 10^292 |
| 90 | ov_090 | 4.9535177287079 × 10^292 |
| 89 | ov_089 | 8.475593141628955 × 10^292 |
| 88 | ov_088 | 1.4670127331836833 × 10^293 |
| 87 | ov_087 | 2.4935127248289947 × 10^293 |
| 86 | ov_086 | 4.084189351943755 × 10^293 |
| 85 | ov_085 | 6.413516127204099 × 10^293 |
| 84 | ov_084 | 9.673330162986286 × 10^293 |
| 83 | ov_083 | 1.407286056761804 × 10^294 |
| 82 | ov_082 | 1.983877036372919 × 10^294 |
| 81 | ov_081 | 2.7215220750275978 × 10^294 |
| 80 | ov_080 | 3.6463968559224115 × 10^294 |
| 64 | lv_79_k31 | 3.969539474719422 × 10^294 |
| 79 | ov_079 | 4.7729217015955535 × 10^294 |
| 78 | ov_078 | 6.130840080413365 × 10^294 |
| 77 | ov_077 | 7.751716824739511 × 10^294 |
| 76 | ov_076 | 9.668974401007382 × 10^294 |
| 75 | ov_075 | 1.1917939723176504 × 10^295 |
| 74 | ov_074 | 1.4535903316260212 × 10^295 |
| 63 | ov_063 | 1.6417681411980137 × 10^295 |
| 73 | ov_073 | 1.7562192758944955 × 10^295 |
| 72 | ov_072 | 2.1038262458070407 × 10^295 |
| 71 | ov_071 | 2.500780193341468 × 10^295 |
| 70 | ov_070 | 2.9516864919446257 × 10^295 |
| 69 | ov_069 | 3.461402172219528 × 10^295 |
| 68 | ov_068 | 4.0350537405016513 × 10^295 |
| 67 | ov_067 | 4.675424832663097 × 10^295 |
| 66 | ov_066 | 4.675428454100052 × 10^295 |
| 65 | ov_065 | 4.675439808239407 × 10^295 |
| 62 | ov_062 | 6.787739000773992 × 10^295 |
| 61 | ov_061 | 2.053519823044963 × 10^296 |
| 60 | ov_060 | 4.988186745243871 × 10^296 |
| 59 | ov_059 | 1.0367986568329324 × 10^297 |
| 58 | ov_058 | 1.9142170166430107 × 10^297 |
| 57 | ov_057 | 3.2259995745223676 × 10^297 |
| 56 | ov_056 | 5.06707445746661 × 10^297 |
| 55 | ov_055 | 8.061667770368172 × 10^297 |
| 54 | ov_054 | 1.355317701324948 × 10^298 |
| 53 | ov_053 | 2.307491075223377 × 10^298 |
| 52 | ov_052 | 3.835014196997826 × 10^298 |
| 51 | ov_051 | 6.129219359699473 × 10^298 |
| 50 | ov_050 | 9.40045798545778 × 10^298 |
| 49 | ov_049 | 1.3878124807398453 × 10^299 |
| 48 | ov_048 | 1.981069936163529 × 10^299 |
| 47 | ov_047 | 2.746581479834112 × 10^299 |
| 46 | ov_046 | 3.713036588952952 × 10^299 |
| 32 | lv_80_k31 | 3.914393053112636 × 10^299 |
| 45 | ov_045 | 4.896239036313989 × 10^299 |
| 44 | ov_044 | 6.312981702888388 × 10^299 |
| 43 | ov_043 | 7.981064403101526 × 10^299 |
| 42 | ov_042 | 9.919317193223861 × 10^299 |
| 41 | ov_041 | 1.2166460195900276 × 10^300 |
| 40 | ov_040 | 1.4763370694001099 × 10^300 |
| 31 | ov_031 | 1.619434702210382 × 10^300 |
| 39 | ov_039 | 1.7753165630026902 × 10^300 |
| 38 | ov_038 | 2.118130159898776 × 10^300 |
| 37 | ov_037 | 2.5095694652462464 × 10^300 |
| 36 | ov_036 | 2.9546862514190706 × 10^300 |
| 35 | ov_035 | 3.458809195826489 × 10^300 |
| 34 | ov_034 | 4.027563425597884 × 10^300 |
| 33 | ov_033 | 4.6668931757725015 × 10^300 |
| 30 | ov_030 | 6.697777410191954 × 10^300 |
| 29 | ov_029 | 2.0270936250916516 × 10^301 |
| 28 | ov_028 | 4.926434120536277 × 10^301 |
| 27 | ov_027 | 1.0245083996592816 × 10^302 |
| 26 | ov_026 | 2.134357241891256 × 10^302 |
| 25 | ov_025 | 4.25236563740256 × 10^302 |
| 24 | ov_024 | 8.333010294535227 × 10^302 |
| 23 | ov_023 | 1.5519024743345877 × 10^303 |
| 22 | ov_022 | 2.714141816065922 × 10^303 |
| 21 | ov_021 | 4.4719510466546825 × 10^303 |
| 20 | ov_020 | 6.996099084565079 × 10^303 |
| 19 | ov_019 | 1.0476200722456037 × 10^304 |
| 18 | ov_018 | 1.5120729959369865 × 10^304 |
| 17 | ov_017 | 2.1157041313304422 × 10^304 |
| 16 | ov_016 | 2.883140664543679 × 10^304 |
| 15 | ov_015 | 3.840907847379008 × 10^304 |
| 14 | ov_014 | 5.017439280299673 × 10^304 |
| 13 | ov_013 | 6.443092601695788 × 10^304 |
| 12 | ov_012 | 8.15017219023062 × 10^304 |
| 11 | ov_011 | 1.0172960639336587 × 10^305 |
| 10 | ov_010 | 1.2547760915491458 × 10^305 |
| 9 | ov_009 | 1.5312951264928404 × 10^305 |
| 8 | ov_008 | 1.8509054938908368 × 10^305 |
| 7 | ov_007 | 2.2178826507943327 × 10^305 |
| 6 | ov_006 | 2.6367356207793597 × 10^305 |
| 5 | ov_005 | 3.11221937013907 × 10^305 |
| 4 | ov_004 | 3.649349291074604 × 10^305 |
| 3 | ov_003 | 4.253418023215757 × 10^305 |
| 2 | ov_002 | 4.927297025134864 × 10^305 |
| 1 | ov_001 | 5.674023329763071 × 10^305 |

