# Results for F001-F002-F003-F004-F005-F006-F007-F008-F009-F010-F011-F012-F013-F014-F015-F016-F017-F018-F019-F020-F021-F022-F023-F024-F025-F026-F027-F028-F029-F030-F031-F032-F033-F034-F035-F036-F037-F038-F039-F040-F041-F042-F043-F044-F045-F046-F047-F048-F049-F050-F051-F052-F053-F054-F055-F056-F057-F058-F059-F060-F061-F062-F063-F064-F065-F066-F067-F068-F069-F070-F071-F072-F073-F074-F075-F076-F077-F078-F079-F080-F081-F082-F083-F084-F085-F086-F087-F088-F089-F090-F091-F092-F093-F094-F095-F096-F097-F098-F099-F100-F101-F102-F103-F104-F105-F106-F107-F108-F109-F110-F111-F112-F113-F114-F115-F116-F117-F118-F119-F120-F121-F122-F123-F124-F125-F126-F127-F128-F129-F130-F131-F132-F133-F134-F135-F136-F137-F138-F139-F140-F141-F142-F143-F144-F145-F146-F147-F148-F149-F150-F151-F152-F153-F154-F155-F156-F157-F158-F159-F160-F161-F162-F163-F164-F165-F166-F167-F168-F169-F170-F171-F172-F173-F174-F175-F176-F177-F178-F179-F180-F181-F182-F183-F184-F185-F186-F187-F188-F189-F190-F191-F192-F193-F194-F195-F196-F197-F198-F199-F200-F201-F202-F203-F204-F205-F206-F207-F208-F209-F210-F211-F212-F213-F214-F215-F216-F217-F218-F219-F220-F221-F222-F223-F224-F225-F226-F227-F228-F229-F230-F231-F232-F233-F234-F235-F236-F237-F238-F239-F240-F241-F242-F243-F244-F245-F246-F247-F248-F249-F250-F251-F252-F253-F254-F255-F256-F257-F258-F259-F260-F261-F262-F263-F264-F265-F266-F267-F268-F269-F270-F271-F272-F273-F274-F275-F276-F277-F278-F279-F280-F281-F282-F283-F284-F285-F286-F287-F288-F289-F290-F291-F292-F293-F294-F295-F296-F297-F298-F299-F300-F301-F302-F303-F304-F305-F306-F307-F308-F309-F310-F311-F312-F313-F314-F315-F316-F317-F318-F319-F320-F321-F322-F323-F324-F325-F326-F327-F328-F329-F330-F331-F332-F333-F334-F335-F336-F337-F338-F339-F340-F341-F342-F343-F344-F345-F346-F347-F348-F349-F350-F351-F352-F353-F354-F355-F356-F357-F358-F359-F360-F361-F362-F363-F364-F365-F366-F367-F368-F369-F370-F371-F372-F373-F374-F375-F376-F377-F378-F379-F380-F381-F382-F383-F384-F385-F386-F387-F388-F389-F390-F391-F392-F393-F394-F395-F396-F397-F398-F399-F400-F401-F402-F403-F404-F405-F406-F407-F408-F409-F410-F411-F412-F413-F414-F415-F416-F417-F418-F419-F420-F421-F422-F423-F424-F425-F426-F427-F428-F429-F430-F431-F432-F433-F434-F435-F436-F437-F438-F439-F440-F441-F442-F443-F444-F445-F446-F447-F448-F449-F450-F451-F452-F453-F454-F455-F456-F457-F458-F459-F460-F461-F462-F463-F464-F465-F466-F467-F468-F469-F470-F471-F472-F473-F474-F475-F476-F477-F478-F479-F480-F481-F482-F483-F484-F485-F486-F487-F488-F489-F490-F491-F492-F493-F494-F495-F496-F497-F498-F499-F500-F501-E502508-E502511-E507509-E507510-F512

## Summary

Number of input bits: 512  
Number of free input bits: 6  
Number of output bits: 160

Number of direct occurrences: 24465  
Number of assignments: 30761  
Number of operations: 10898119
(xor: 10869077,
and: 15957,
or: 13085)

Total complexity: 3.14135788967696 × 10^298

Least occurring input variable: iv_505 (3881)  
Most occurring input variable: iv_502 (4386)

Most co-occurring input variables: iv_502-iv_503 (2032)  
Least co-occurring input variables: iv_505-iv_506 (1774)

Potentially most occurring input variable: iv_502/iv_507 (4666)  
Potentially least occurring input variable: iv_504/iv_506 (4121)

Least output occurring input variable: iv_507 (70)  
Most output occurring input variable: iv_506 (82)

Most output co-occurring input variables: iv_504-iv_506 (42)  
Least output co-occurring input variables: iv_505-iv_507 (32)

Potentially most output occurring input variable: iv_503/iv_504 (90)  
Potentially least output occurring input variable: iv_502/iv_507 (72)

Least complex input bit: iv_503 (1.1399052651079889 × 10^297)  
Most complex input bit: iv_507 (1.070575551524353 × 10^298)

Least complex output bit: aaa_76_29 (5.512323724353395 × 10^273)  
Most complex output bit: ov_001 (5.035228722763107 × 10^297)

Least complex input/output complexity: iv_503/aaa_76_29 (2.0002581867602048 × 10^272)  
Most complex input/output complexity: iv_507/ov_001 (1.7160072033300568 × 10^297)

Input variable with highest collision probability: iv_505 (½^160.00000000000054)

## Input Bits

### Input Bits in Regular Order

| Input Bit | Complexity | Occurrences | Output Occurrences | Collision Probability |
|:---------:|:----------:|:-----------:|:------------------:|:---------------------:|
| iv_502 | 1.0088896865338393 × 10^298 | 4386 | 76 | ½^160.00000000000074 |
| iv_503 | 1.1399052651079889 × 10^297 | 4125 | 78 | ½^160.00000000000054 |
| iv_504 | 1.889645479205682 × 10^297 | 3888 | 78 | ½^160.00000000000068 |
| iv_505 | 2.9956789597361063 × 10^297 | 3881 | 79 | ½^160.00000000000054 |
| iv_506 | 4.5936968121379385 × 10^297 | 3929 | 82 | ½^160.00000000000068 |
| iv_507 | 1.070575551524353 × 10^298 | 4256 | 70 | ½^160.00000000000068 |

### Input Bits Sorted by Complexity

| Input Bit | Complexity | Occurrences | Output Occurrences | Collision Probability |
|:---------:|:----------:|:-----------:|:------------------:|:---------------------:|
| iv_503 | 1.1399052651079889 × 10^297 | 4125 | 78 | ½^160.00000000000054 |
| iv_504 | 1.889645479205682 × 10^297 | 3888 | 78 | ½^160.00000000000068 |
| iv_505 | 2.9956789597361063 × 10^297 | 3881 | 79 | ½^160.00000000000054 |
| iv_506 | 4.5936968121379385 × 10^297 | 3929 | 82 | ½^160.00000000000068 |
| iv_502 | 1.0088896865338393 × 10^298 | 4386 | 76 | ½^160.00000000000074 |
| iv_507 | 1.070575551524353 × 10^298 | 4256 | 70 | ½^160.00000000000068 |

### Input Bits Sorted by Occurrences

| Input Bit | Complexity | Occurrences | Output Occurrences | Collision Probability |
|:---------:|:----------:|:-----------:|:------------------:|:---------------------:|
| iv_505 | 2.9956789597361063 × 10^297 | 3881 | 79 | ½^160.00000000000054 |
| iv_504 | 1.889645479205682 × 10^297 | 3888 | 78 | ½^160.00000000000068 |
| iv_506 | 4.5936968121379385 × 10^297 | 3929 | 82 | ½^160.00000000000068 |
| iv_503 | 1.1399052651079889 × 10^297 | 4125 | 78 | ½^160.00000000000054 |
| iv_507 | 1.070575551524353 × 10^298 | 4256 | 70 | ½^160.00000000000068 |
| iv_502 | 1.0088896865338393 × 10^298 | 4386 | 76 | ½^160.00000000000074 |

### Input Bits Sorted by Output Occurrences

| Input Bit | Complexity | Occurrences | Output Occurrences | Collision Probability |
|:---------:|:----------:|:-----------:|:------------------:|:---------------------:|
| iv_507 | 1.070575551524353 × 10^298 | 4256 | 70 | ½^160.00000000000068 |
| iv_502 | 1.0088896865338393 × 10^298 | 4386 | 76 | ½^160.00000000000074 |
| iv_503 | 1.1399052651079889 × 10^297 | 4125 | 78 | ½^160.00000000000054 |
| iv_504 | 1.889645479205682 × 10^297 | 3888 | 78 | ½^160.00000000000068 |
| iv_505 | 2.9956789597361063 × 10^297 | 3881 | 79 | ½^160.00000000000054 |
| iv_506 | 4.5936968121379385 × 10^297 | 3929 | 82 | ½^160.00000000000068 |

### Input Bits Sorted by Collision Probability

| Input Bit | Complexity | Occurrences | Output Occurrences | Collision Probability |
|:---------:|:----------:|:-----------:|:------------------:|:---------------------:|
| iv_505 | 2.9956789597361063 × 10^297 | 3881 | 79 | ½^160.00000000000054 |
| iv_503 | 1.1399052651079889 × 10^297 | 4125 | 78 | ½^160.00000000000054 |
| iv_507 | 1.070575551524353 × 10^298 | 4256 | 70 | ½^160.00000000000068 |
| iv_506 | 4.5936968121379385 × 10^297 | 3929 | 82 | ½^160.00000000000068 |
| iv_504 | 1.889645479205682 × 10^297 | 3888 | 78 | ½^160.00000000000068 |
| iv_502 | 1.0088896865338393 × 10^298 | 4386 | 76 | ½^160.00000000000074 |

## Input Bit/Output Bit Collision Probabilities

| Input Bit | Output Bit | Collision Probability |
|:---------:|:----------:|:---------------------:|
| iv_505 | ov_135 | 0.500000000000004 |
| iv_503 | ov_020 | 0.5000000000000022 |
| iv_503 | ov_125 | 0.500000000000002 |
| iv_505 | ov_025 | 0.500000000000002 |
| iv_503 | ov_052 | 0.5000000000000018 |
| iv_503 | ov_059 | 0.5000000000000018 |

## Input Bit Co-occurrences

### Input Bit Co-occurrences Sorted by Co-occurrences

| Input Bits | Co-occurrences | Potential Occurrences | Output Co-occurrences | Potential Output Occurrences |
|:----------:|:--------------:|:---------------------:|:---------------------:|:----------------------------:|
| iv_502-iv_503 | 2032 | 4447 | 38 | 78 |
| iv_502-iv_507 | 1988 | 4666 | 37 | 72 |
| iv_503-iv_507 | 1984 | 4413 | 36 | 76 |
| iv_502-iv_504 | 1929 | 4416 | 38 | 78 |
| iv_504-iv_507 | 1917 | 4310 | 34 | 80 |
| iv_503-iv_505 | 1901 | 4204 | 42 | 73 |

### Input Bit Co-occurrences Sorted by Potential Occurrences

| Input Bits | Co-occurrences | Potential Occurrences | Output Co-occurrences | Potential Output Occurrences |
|:----------:|:--------------:|:---------------------:|:---------------------:|:----------------------------:|
| iv_504-iv_506 | 1848 | 4121 | 42 | 76 |
| iv_504-iv_505 | 1819 | 4131 | 41 | 75 |
| iv_503-iv_505 | 1901 | 4204 | 42 | 73 |
| iv_505-iv_506 | 1774 | 4262 | 39 | 83 |
| iv_503-iv_504 | 1862 | 4289 | 33 | 90 |
| iv_503-iv_506 | 1878 | 4298 | 38 | 84 |

### Input Bit Output Co-occurrences Sorted by Output Co-occurrences

| Input Bits | Co-occurrences | Potential Occurrences | Output Co-occurrences | Potential Output Occurrences |
|:----------:|:--------------:|:---------------------:|:---------------------:|:----------------------------:|
| iv_503-iv_505 | 1901 | 4204 | 42 | 73 |
| iv_504-iv_506 | 1848 | 4121 | 42 | 76 |
| iv_504-iv_505 | 1819 | 4131 | 41 | 75 |
| iv_502-iv_506 | 1854 | 4607 | 41 | 76 |
| iv_505-iv_506 | 1774 | 4262 | 39 | 83 |
| iv_502-iv_503 | 2032 | 4447 | 38 | 78 |

### Input Bit Output Co-occurrences Sorted by Potential Output Occurrences

| Input Bits | Co-occurrences | Potential Occurrences | Output Co-occurrences | Potential Output Occurrences |
|:----------:|:--------------:|:---------------------:|:---------------------:|:----------------------------:|
| iv_502-iv_507 | 1988 | 4666 | 37 | 72 |
| iv_503-iv_505 | 1901 | 4204 | 42 | 73 |
| iv_504-iv_505 | 1819 | 4131 | 41 | 75 |
| iv_503-iv_507 | 1984 | 4413 | 36 | 76 |
| iv_502-iv_506 | 1854 | 4607 | 41 | 76 |
| iv_504-iv_506 | 1848 | 4121 | 42 | 76 |

## Output Bits

### Output Bits in Regular Order

| Rank | Output Bit | Complexity |
|:----:|:----------:|:----------:|
| 1 | ov_001 | 5.035228722763107 × 10^297 |
| 2 | ov_002 | 4.371667506400116 × 10^297 |
| 3 | ov_003 | 3.7729904881631865 × 10^297 |
| 4 | ov_004 | 3.236485689312755 × 10^297 |
| 5 | ov_005 | 2.7595889724857176 × 10^297 |
| 6 | ov_006 | 2.3375741173375947 × 10^297 |
| 7 | ov_007 | 1.9659624603915676 × 10^297 |
| 8 | ov_008 | 1.6405078767831993 × 10^297 |
| 9 | ov_009 | 1.3571838500458893 × 10^297 |
| 10 | ov_010 | 1.1121724232736311 × 10^297 |
| 11 | ov_011 | 9.01854883901357 × 10^296 |
| 12 | ov_012 | 7.228040584632627 × 10^296 |
| 13 | ov_013 | 5.7177808845983 × 10^296 |
| 14 | ov_014 | 4.457155292216568 × 10^296 |
| 15 | ov_015 | 3.4173158690195632 × 10^296 |
| 16 | ov_016 | 2.571153092308952 × 10^296 |
| 17 | ov_017 | 1.8932755934146856 × 10^296 |
| 18 | ov_018 | 1.3599961560929965 × 10^296 |
| 19 | ov_019 | 9.493225405404178 × 10^295 |
| 20 | ov_020 | 6.409518343938237 × 10^295 |
| 21 | ov_021 | 4.16267167890473 × 10^295 |
| 22 | ov_022 | 2.583358133404368 × 10^295 |
| 23 | ov_023 | 1.5190799673136832 × 10^295 |
| 24 | ov_024 | 8.341610050781961 × 10^294 |
| 25 | ov_025 | 4.0974142443926206 × 10^294 |
| 26 | ov_026 | 1.905949025370059 × 10^294 |
| 27 | ov_027 | 9.14864038301766 × 10^293 |
| 28 | ov_028 | 4.399167398322758 × 10^293 |
| 29 | ov_029 | 1.8101225012074746 × 10^293 |
| 30 | ov_030 | 5.9808243373178 × 10^292 |
| 31 | ov_031 | 1.446070591037369 × 10^292 |
| 32 | lv_80_k31 | 3.495313471223448 × 10^291 |
| 33 | ov_033 | 4.1670768440372263 × 10^292 |
| 34 | ov_034 | 3.5961203934143374 × 10^292 |
| 35 | ov_035 | 3.0882056077047595 × 10^292 |
| 36 | ov_036 | 2.6380226928165037 × 10^292 |
| 37 | ov_037 | 2.2405461432501666 × 10^292 |
| 38 | ov_038 | 1.89101479609225 × 10^292 |
| 39 | ov_039 | 1.5849146403752843 × 10^292 |
| 40 | ov_040 | 1.317964088328409 × 10^292 |
| 41 | ov_041 | 1.0861014329636413 × 10^292 |
| 42 | ov_042 | 8.854742334307679 × 10^291 |
| 43 | ov_043 | 7.124303989805637 × 10^291 |
| 44 | ov_044 | 5.635107966566571 × 10^291 |
| 45 | ov_045 | 4.370332661945044 × 10^291 |
| 46 | ov_046 | 3.314077887628974 × 10^291 |
| 47 | ov_047 | 2.4513439485966546 × 10^291 |
| 48 | ov_048 | 1.768015625115356 × 10^291 |
| 49 | ov_049 | 1.2384714958608815 × 10^291 |
| 50 | ov_050 | 8.388120464047348 × 10^290 |
| 51 | ov_051 | 5.46849750774419 × 10^290 |
| 52 | ov_052 | 3.421026136741386 × 10^290 |
| 53 | ov_053 | 2.0579015818733414 × 10^290 |
| 54 | ov_054 | 1.2083107020446739 × 10^290 |
| 55 | ov_055 | 7.18418702247919 × 10^289 |
| 56 | ov_056 | 4.513613184356771 × 10^289 |
| 57 | ov_057 | 2.8723991203356 × 10^289 |
| 58 | ov_058 | 1.7034609720149166 × 10^289 |
| 59 | ov_059 | 9.219961221938243 × 10^288 |
| 60 | ov_060 | 4.432041524048107 × 10^288 |
| 61 | ov_061 | 1.8228535278456128 × 10^288 |
| 62 | ov_062 | 6.0196851613032514 × 10^287 |
| 63 | ov_063 | 1.4545685149204588 × 10^287 |
| 64 | lv_79_k31 | 3.5135737895820173 × 10^286 |
| 65 | ov_065 | 4.159646906333166 × 10^287 |
| 66 | ov_066 | 4.159635915127801 × 10^287 |
| 67 | ov_067 | 4.159632352655076 × 10^287 |
| 68 | ov_068 | 3.583966919417999 × 10^287 |
| 69 | ov_069 | 3.0703107016703814 × 10^287 |
| 70 | ov_070 | 2.615820223426618 × 10^287 |
| 71 | ov_071 | 2.215323846714263 × 10^287 |
| 72 | ov_072 | 1.8639664672906166 × 10^287 |
| 73 | ov_073 | 1.5571885361858656 × 10^287 |
| 74 | ov_074 | 1.2907069999641772 × 10^287 |
| 75 | ov_075 | 1.0604980585442836 × 10^287 |
| 76 | ov_076 | 8.627816424974344 × 10^286 |
| 77 | ov_077 | 6.940075141816061 × 10^286 |
| 78 | ov_078 | 5.508428989687563 × 10^286 |
| 79 | ov_079 | 4.301615542625508 × 10^286 |
| 80 | ov_080 | 3.290341850668128 × 10^286 |
| 81 | ov_081 | 2.4604426405168067 × 10^286 |
| 82 | ov_082 | 1.79867642788546 × 10^286 |
| 83 | ov_083 | 1.2812047371859514 × 10^286 |
| 84 | ov_084 | 8.858918181776501 × 10^285 |
| 85 | ov_085 | 5.922626372382042 × 10^285 |
| 86 | ov_086 | 3.8146895471974224 × 10^285 |
| 87 | ov_087 | 2.3626259682778967 × 10^285 |
| 88 | ov_088 | 1.4097503073462025 × 10^285 |
| 89 | ov_089 | 8.15023518101821 × 10^284 |
| 90 | ov_090 | 4.529479195576053 × 10^284 |
| 91 | ov_091 | 2.6464944522407935 × 10^284 |
| 92 | ov_092 | 1.555347667040644 × 10^284 |
| 93 | ov_093 | 8.216141999040824 × 10^283 |
| 94 | ov_094 | 3.6831237814429686 × 10^283 |
| 95 | aaa_78_28 | 1.18469951002534 × 10^283 |
| 96 | aaa_78_29 | 4.489288273266907 × 10^282 |
| 97 | ov_097 | 4.8920977921229007 × 10^282 |
| 98 | ov_098 | 4.89195183115255 × 10^282 |
| 99 | ov_099 | 4.8919052817736935 × 10^282 |
| 100 | ov_100 | 4.403611351557885 × 10^282 |
| 101 | ov_101 | 3.9510948368888716 × 10^282 |
| 102 | ov_102 | 3.5324201603061663 × 10^282 |
| 103 | ov_103 | 3.145794169948894 × 10^282 |
| 104 | ov_104 | 2.7895468970345535 × 10^282 |
| 105 | ov_105 | 2.4621141173202705 × 10^282 |
| 106 | ov_106 | 2.1620216205674754 × 10^282 |
| 107 | ov_107 | 1.887871095925831 × 10^282 |
| 108 | ov_108 | 1.6383275443629303 × 10^282 |
| 109 | ov_109 | 1.412108131877947 × 10^282 |
| 110 | ov_110 | 1.2079723993248243 × 10^282 |
| 111 | ov_111 | 1.0247137462988094 × 10^282 |
| 112 | ov_112 | 8.611521077727271 × 10^281 |
| 113 | ov_113 | 7.161277430768157 × 10^281 |
| 114 | ov_114 | 5.884960574620075 × 10^281 |
| 115 | ov_115 | 4.771233769252316 × 10^281 |
| 116 | ov_116 | 3.8088359725681344 × 10^281 |
| 117 | ov_117 | 2.9865562843744017 × 10^281 |
| 118 | ov_118 | 2.2932155560612303 × 10^281 |
| 119 | ov_119 | 1.7176537289934586 × 10^281 |
| 120 | ov_120 | 1.2487214648814683 × 10^281 |
| 121 | ov_121 | 8.752754779600668 × 10^280 |
| 122 | ov_122 | 5.861762694764784 × 10^280 |
| 123 | ov_123 | 3.7028670865141126 × 10^280 |
| 124 | ov_124 | 2.164710006103928 × 10^280 |
| 125 | ov_125 | 1.135940096181884 × 10^280 |
| 126 | ov_126 | 5.0520870129194723 × 10^279 |
| 127 | aaa_77_28 | 1.6116802867064537 × 10^279 |
| 128 | aaa_77_29 | 6.033428354236905 × 10^278 |
| 129 | ov_129 | 5.465035380117351 × 10^278 |
| 130 | ov_130 | 5.465021977426454 × 10^278 |
| 131 | ov_131 | 5.465017675001359 × 10^278 |
| 132 | ov_132 | 4.7120682599304856 × 10^278 |
| 133 | ov_133 | 4.0400534554916444 × 10^278 |
| 134 | ov_134 | 3.4426984648605255 × 10^278 |
| 135 | ov_135 | 2.914076338606325 × 10^278 |
| 136 | ov_136 | 2.448582549996367 × 10^278 |
| 137 | ov_137 | 2.040912865405815 × 10^278 |
| 138 | ov_138 | 1.6860442688659083 × 10^278 |
| 139 | ov_139 | 1.3792186550712739 × 10^278 |
| 140 | ov_140 | 1.1159290012629947 × 10^278 |
| 141 | ov_141 | 8.91907744193568 × 10^277 |
| 142 | ov_142 | 7.031171038199793 × 10^277 |
| 143 | ov_143 | 5.457411105462741 × 10^277 |
| 144 | ov_144 | 4.161791202279673 × 10^277 |
| 145 | ov_145 | 3.110406408137977 × 10^277 |
| 146 | ov_146 | 2.271413092461031 × 10^277 |
| 147 | ov_147 | 1.6149984710307678 × 10^277 |
| 148 | ov_148 | 1.1133582570210515 × 10^277 |
| 149 | ov_149 | 7.406808600870047 × 10^276 |
| 150 | ov_150 | 4.731367330784805 × 10^276 |
| 151 | ov_151 | 2.888716119880915 × 10^276 |
| 152 | ov_152 | 1.6800254073434577 × 10^276 |
| 153 | ov_153 | 9.261571833793039 × 10^275 |
| 154 | ov_154 | 4.676538477764388 × 10^275 |
| 155 | ov_155 | 2.2970572298700687 × 10^275 |
| 156 | aaa_76_25 | 9.220068404141951 × 10^274 |
| 157 | aaa_76_26 | 5.6730335274845475 × 10^274 |
| 158 | aaa_76_27 | 3.109393825378641 × 10^274 |
| 159 | aaa_76_28 | 1.4646727081808242 × 10^274 |
| 160 | aaa_76_29 | 5.512323724353395 × 10^273 |

### Output Bits Sorted by Complexity

| Rank | Output Bit | Complexity |
|:----:|:----------:|:----------:|
| 160 | aaa_76_29 | 5.512323724353395 × 10^273 |
| 159 | aaa_76_28 | 1.4646727081808242 × 10^274 |
| 158 | aaa_76_27 | 3.109393825378641 × 10^274 |
| 157 | aaa_76_26 | 5.6730335274845475 × 10^274 |
| 156 | aaa_76_25 | 9.220068404141951 × 10^274 |
| 155 | ov_155 | 2.2970572298700687 × 10^275 |
| 154 | ov_154 | 4.676538477764388 × 10^275 |
| 153 | ov_153 | 9.261571833793039 × 10^275 |
| 152 | ov_152 | 1.6800254073434577 × 10^276 |
| 151 | ov_151 | 2.888716119880915 × 10^276 |
| 150 | ov_150 | 4.731367330784805 × 10^276 |
| 149 | ov_149 | 7.406808600870047 × 10^276 |
| 148 | ov_148 | 1.1133582570210515 × 10^277 |
| 147 | ov_147 | 1.6149984710307678 × 10^277 |
| 146 | ov_146 | 2.271413092461031 × 10^277 |
| 145 | ov_145 | 3.110406408137977 × 10^277 |
| 144 | ov_144 | 4.161791202279673 × 10^277 |
| 143 | ov_143 | 5.457411105462741 × 10^277 |
| 142 | ov_142 | 7.031171038199793 × 10^277 |
| 141 | ov_141 | 8.91907744193568 × 10^277 |
| 140 | ov_140 | 1.1159290012629947 × 10^278 |
| 139 | ov_139 | 1.3792186550712739 × 10^278 |
| 138 | ov_138 | 1.6860442688659083 × 10^278 |
| 137 | ov_137 | 2.040912865405815 × 10^278 |
| 136 | ov_136 | 2.448582549996367 × 10^278 |
| 135 | ov_135 | 2.914076338606325 × 10^278 |
| 134 | ov_134 | 3.4426984648605255 × 10^278 |
| 133 | ov_133 | 4.0400534554916444 × 10^278 |
| 132 | ov_132 | 4.7120682599304856 × 10^278 |
| 131 | ov_131 | 5.465017675001359 × 10^278 |
| 130 | ov_130 | 5.465021977426454 × 10^278 |
| 129 | ov_129 | 5.465035380117351 × 10^278 |
| 128 | aaa_77_29 | 6.033428354236905 × 10^278 |
| 127 | aaa_77_28 | 1.6116802867064537 × 10^279 |
| 126 | ov_126 | 5.0520870129194723 × 10^279 |
| 125 | ov_125 | 1.135940096181884 × 10^280 |
| 124 | ov_124 | 2.164710006103928 × 10^280 |
| 123 | ov_123 | 3.7028670865141126 × 10^280 |
| 122 | ov_122 | 5.861762694764784 × 10^280 |
| 121 | ov_121 | 8.752754779600668 × 10^280 |
| 120 | ov_120 | 1.2487214648814683 × 10^281 |
| 119 | ov_119 | 1.7176537289934586 × 10^281 |
| 118 | ov_118 | 2.2932155560612303 × 10^281 |
| 117 | ov_117 | 2.9865562843744017 × 10^281 |
| 116 | ov_116 | 3.8088359725681344 × 10^281 |
| 115 | ov_115 | 4.771233769252316 × 10^281 |
| 114 | ov_114 | 5.884960574620075 × 10^281 |
| 113 | ov_113 | 7.161277430768157 × 10^281 |
| 112 | ov_112 | 8.611521077727271 × 10^281 |
| 111 | ov_111 | 1.0247137462988094 × 10^282 |
| 110 | ov_110 | 1.2079723993248243 × 10^282 |
| 109 | ov_109 | 1.412108131877947 × 10^282 |
| 108 | ov_108 | 1.6383275443629303 × 10^282 |
| 107 | ov_107 | 1.887871095925831 × 10^282 |
| 106 | ov_106 | 2.1620216205674754 × 10^282 |
| 105 | ov_105 | 2.4621141173202705 × 10^282 |
| 104 | ov_104 | 2.7895468970345535 × 10^282 |
| 103 | ov_103 | 3.145794169948894 × 10^282 |
| 102 | ov_102 | 3.5324201603061663 × 10^282 |
| 101 | ov_101 | 3.9510948368888716 × 10^282 |
| 100 | ov_100 | 4.403611351557885 × 10^282 |
| 96 | aaa_78_29 | 4.489288273266907 × 10^282 |
| 99 | ov_099 | 4.8919052817736935 × 10^282 |
| 98 | ov_098 | 4.89195183115255 × 10^282 |
| 97 | ov_097 | 4.8920977921229007 × 10^282 |
| 95 | aaa_78_28 | 1.18469951002534 × 10^283 |
| 94 | ov_094 | 3.6831237814429686 × 10^283 |
| 93 | ov_093 | 8.216141999040824 × 10^283 |
| 92 | ov_092 | 1.555347667040644 × 10^284 |
| 91 | ov_091 | 2.6464944522407935 × 10^284 |
| 90 | ov_090 | 4.529479195576053 × 10^284 |
| 89 | ov_089 | 8.15023518101821 × 10^284 |
| 88 | ov_088 | 1.4097503073462025 × 10^285 |
| 87 | ov_087 | 2.3626259682778967 × 10^285 |
| 86 | ov_086 | 3.8146895471974224 × 10^285 |
| 85 | ov_085 | 5.922626372382042 × 10^285 |
| 84 | ov_084 | 8.858918181776501 × 10^285 |
| 83 | ov_083 | 1.2812047371859514 × 10^286 |
| 82 | ov_082 | 1.79867642788546 × 10^286 |
| 81 | ov_081 | 2.4604426405168067 × 10^286 |
| 80 | ov_080 | 3.290341850668128 × 10^286 |
| 64 | lv_79_k31 | 3.5135737895820173 × 10^286 |
| 79 | ov_079 | 4.301615542625508 × 10^286 |
| 78 | ov_078 | 5.508428989687563 × 10^286 |
| 77 | ov_077 | 6.940075141816061 × 10^286 |
| 76 | ov_076 | 8.627816424974344 × 10^286 |
| 75 | ov_075 | 1.0604980585442836 × 10^287 |
| 74 | ov_074 | 1.2907069999641772 × 10^287 |
| 63 | ov_063 | 1.4545685149204588 × 10^287 |
| 73 | ov_073 | 1.5571885361858656 × 10^287 |
| 72 | ov_072 | 1.8639664672906166 × 10^287 |
| 71 | ov_071 | 2.215323846714263 × 10^287 |
| 70 | ov_070 | 2.615820223426618 × 10^287 |
| 69 | ov_069 | 3.0703107016703814 × 10^287 |
| 68 | ov_068 | 3.583966919417999 × 10^287 |
| 67 | ov_067 | 4.159632352655076 × 10^287 |
| 66 | ov_066 | 4.159635915127801 × 10^287 |
| 65 | ov_065 | 4.159646906333166 × 10^287 |
| 62 | ov_062 | 6.0196851613032514 × 10^287 |
| 61 | ov_061 | 1.8228535278456128 × 10^288 |
| 60 | ov_060 | 4.432041524048107 × 10^288 |
| 59 | ov_059 | 9.219961221938243 × 10^288 |
| 58 | ov_058 | 1.7034609720149166 × 10^289 |
| 57 | ov_057 | 2.8723991203356 × 10^289 |
| 56 | ov_056 | 4.513613184356771 × 10^289 |
| 55 | ov_055 | 7.18418702247919 × 10^289 |
| 54 | ov_054 | 1.2083107020446739 × 10^290 |
| 53 | ov_053 | 2.0579015818733414 × 10^290 |
| 52 | ov_052 | 3.421026136741386 × 10^290 |
| 51 | ov_051 | 5.46849750774419 × 10^290 |
| 50 | ov_050 | 8.388120464047348 × 10^290 |
| 49 | ov_049 | 1.2384714958608815 × 10^291 |
| 48 | ov_048 | 1.768015625115356 × 10^291 |
| 47 | ov_047 | 2.4513439485966546 × 10^291 |
| 46 | ov_046 | 3.314077887628974 × 10^291 |
| 32 | lv_80_k31 | 3.495313471223448 × 10^291 |
| 45 | ov_045 | 4.370332661945044 × 10^291 |
| 44 | ov_044 | 5.635107966566571 × 10^291 |
| 43 | ov_043 | 7.124303989805637 × 10^291 |
| 42 | ov_042 | 8.854742334307679 × 10^291 |
| 41 | ov_041 | 1.0861014329636413 × 10^292 |
| 40 | ov_040 | 1.317964088328409 × 10^292 |
| 31 | ov_031 | 1.446070591037369 × 10^292 |
| 39 | ov_039 | 1.5849146403752843 × 10^292 |
| 38 | ov_038 | 1.89101479609225 × 10^292 |
| 37 | ov_037 | 2.2405461432501666 × 10^292 |
| 36 | ov_036 | 2.6380226928165037 × 10^292 |
| 35 | ov_035 | 3.0882056077047595 × 10^292 |
| 34 | ov_034 | 3.5961203934143374 × 10^292 |
| 33 | ov_033 | 4.1670768440372263 × 10^292 |
| 30 | ov_030 | 5.9808243373178 × 10^292 |
| 29 | ov_029 | 1.8101225012074746 × 10^293 |
| 28 | ov_028 | 4.399167398322758 × 10^293 |
| 27 | ov_027 | 9.14864038301766 × 10^293 |
| 26 | ov_026 | 1.905949025370059 × 10^294 |
| 25 | ov_025 | 4.0974142443926206 × 10^294 |
| 24 | ov_024 | 8.341610050781961 × 10^294 |
| 23 | ov_023 | 1.5190799673136832 × 10^295 |
| 22 | ov_022 | 2.583358133404368 × 10^295 |
| 21 | ov_021 | 4.16267167890473 × 10^295 |
| 20 | ov_020 | 6.409518343938237 × 10^295 |
| 19 | ov_019 | 9.493225405404178 × 10^295 |
| 18 | ov_018 | 1.3599961560929965 × 10^296 |
| 17 | ov_017 | 1.8932755934146856 × 10^296 |
| 16 | ov_016 | 2.571153092308952 × 10^296 |
| 15 | ov_015 | 3.4173158690195632 × 10^296 |
| 14 | ov_014 | 4.457155292216568 × 10^296 |
| 13 | ov_013 | 5.7177808845983 × 10^296 |
| 12 | ov_012 | 7.228040584632627 × 10^296 |
| 11 | ov_011 | 9.01854883901357 × 10^296 |
| 10 | ov_010 | 1.1121724232736311 × 10^297 |
| 9 | ov_009 | 1.3571838500458893 × 10^297 |
| 8 | ov_008 | 1.6405078767831993 × 10^297 |
| 7 | ov_007 | 1.9659624603915676 × 10^297 |
| 6 | ov_006 | 2.3375741173375947 × 10^297 |
| 5 | ov_005 | 2.7595889724857176 × 10^297 |
| 4 | ov_004 | 3.236485689312755 × 10^297 |
| 3 | ov_003 | 3.7729904881631865 × 10^297 |
| 2 | ov_002 | 4.371667506400116 × 10^297 |
| 1 | ov_001 | 5.035228722763107 × 10^297 |

