# Results for F001-F002-F003-F004-F005-F006-F007-F008-F009-F010-F011-F012-F013-F014-F015-F016-F017-F018-F019-F020-F021-F022-F023-F024-F025-F026-F027-F028-F029-F030-F031-F032-F033-F034-F035-F036-F037-F038-F039-F040-F041-F042-F043-F044-F045-F046-F047-F048-F049-F050-F051-F052-F053-F054-F055-F056-F057-F058-F059-F060-F061-F062-F063-F064-F065-F066-F067-F068-F069-F070-F071-F072-F073-F074-F075-F076-F077-F078-F079-F080-F081-F082-F083-F084-F085-F086-F087-F088-F089-F090-F091-F092-F093-F094-F095-F096-F097-F098-F099-F100-F101-F102-F103-F104-F105-F106-F107-F108-F109-F110-F111-F112-F113-F114-F115-F116-F117-F118-F119-F120-F121-F122-F123-F124-F125-F126-F127-F128-F129-F130-F131-F132-F133-F134-F135-F136-F137-F138-F139-F140-F141-F142-F143-F144-F145-F146-F147-F148-F149-F150-F151-F152-F153-F154-F155-F156-F157-F158-F159-F160-F161-F162-F163-F164-F165-F166-F167-F168-F169-F170-F171-F172-F173-F174-F175-F176-F177-F178-F179-F180-F181-F182-F183-F184-F185-F186-F187-F188-F189-F190-F191-F192-F193-F194-F195-F196-F197-F198-F199-F200-F201-F202-F203-F204-F205-F206-F207-F208-F209-F210-F211-F212-F213-F214-F215-F216-F217-F218-F219-F220-F221-F222-F223-F224-F225-F226-F227-F228-F229-F230-F231-F232-F233-F234-F235-F236-F237-F238-F239-F240-F241-F242-F243-F244-F245-F246-F247-F248-F249-F250-F251-F252-F253-F254-F255-F256-F257-F258-F259-F260-F261-F262-F263-F264-F265-F266-F267-F268-F269-F270-F271-F272-F273-F274-F275-F276-F277-F278-F279-F280-F281-F282-F283-F284-F285-F286-F287-F288-F289-F290-F291-F292-F293-F294-F295-F296-F297-F298-F299-F300-F301-F302-F303-F304-F305-F306-F307-F308-F309-F310-F311-F312-F313-F314-F315-F316-F317-F318-F319-F320-F321-F322-F323-F324-F325-F326-F327-F328-F329-F330-F331-F332-F333-F334-F335-F336-F337-F338-F339-F340-F341-F342-F343-F344-F345-F346-F347-F348-F349-F350-F351-F352-F353-F354-F355-F356-F357-F358-F359-F360-F361-F362-F363-F364-F365-F366-F367-F368-F369-F370-F371-F372-F373-F374-F375-F376-F377-F378-F379-F380-F381-F382-F383-F384-F385-F386-F387-F388-F389-F390-F391-F392-F393-F394-F395-F396-F397-F398-F399-F400-F401-F402-F403-F404-F405-F406-F407-F408-F409-F410-F411-F412-F413-F414-F415-F416-F417-F418-F419-F420-F421-F422-F423-F424-F425-F426-F427-F428-F429-F430-F431-F432-F433-F434-F435-F436-F437-F438-F439-F440-F441-F442-F443-F444-F445-F446-F447-F448-F449-F450-F451-F452-F453-F454-F455-F456-F457-F458-F459-F460-F461-F462-F463-F464-F465-F466-F467-F468-F469-F470-F471-F472-F473-F474-F475-F476-F477-F478-F479-F480-F481-F482-F483-F484-F485-F486-F487-F488-F489-F490-F491-F492-F493-F494-F495-F496-F497-F498-F499-F500-F501-F502-F503-F504-F505-T510

## Summary

Number of input bits: 512  
Number of free input bits: 6  
Number of output bits: 160

Number of direct occurrences: 25207  
Number of assignments: 30617  
Number of operations: 11698790
(xor: 11666659,
and: 19316,
or: 12815)

Total complexity: 6.0374036225398004 × 10^303

Least occurring input variable: iv_508 (4117)  
Most occurring input variable: iv_512 (4360)

Most co-occurring input variables: iv_511-iv_512 (2038)  
Least co-occurring input variables: iv_509-iv_511 (1915)

Potentially most occurring input variable: iv_507/iv_512 (4597)  
Potentially least occurring input variable: iv_506/iv_509 (4260)

Least output occurring input variable: iv_507 (64)  
Most output occurring input variable: iv_506 (93)

Most output co-occurring input variables: iv_506-iv_508 (53)  
Least output co-occurring input variables: iv_507-iv_512 (26)

Potentially most output occurring input variable: iv_507/iv_512 (91)  
Potentially least output occurring input variable: iv_506/iv_509 (67)

Least complex input bit: iv_511 (4.6197020879645706 × 10^302)  
Most complex input bit: iv_509 (1.968364142451161 × 10^303)

Least complex output bit: aaa_76_29 (1.7400479378944812 × 10^278)  
Most complex output bit: ov_001 (9.359704465081036 × 10^302)

Least complex input/output complexity: iv_511/aaa_76_29 (1.3314503376648414 × 10^277)  
Most complex input/output complexity: iv_509/ov_001 (3.051528074787761 × 10^302)

Input variable with highest collision probability: iv_512 (½^160.0000000000007)

## Input Bits

### Input Bits in Regular Order

| Input Bit | Complexity | Occurrences | Output Occurrences | Collision Probability |
|:---------:|:----------:|:-----------:|:------------------:|:---------------------:|
| iv_506 | 4.842382484640388 × 10^302 | 4165 | 93 | ½^160.000000000001 |
| iv_507 | 9.111382618063538 × 10^302 | 4189 | 64 | ½^160.00000000000105 |
| iv_508 | 1.5205899644986967 × 10^303 | 4117 | 82 | ½^160.0000000000008 |
| iv_509 | 1.968364142451161 × 10^303 | 4139 | 80 | ½^160.0000000000009 |
| iv_511 | 4.6197020879645706 × 10^302 | 4237 | 88 | ½^160.00000000000074 |
| iv_512 | 6.9110279652310094 × 10^302 | 4360 | 79 | ½^160.0000000000007 |

### Input Bits Sorted by Complexity

| Input Bit | Complexity | Occurrences | Output Occurrences | Collision Probability |
|:---------:|:----------:|:-----------:|:------------------:|:---------------------:|
| iv_511 | 4.6197020879645706 × 10^302 | 4237 | 88 | ½^160.00000000000074 |
| iv_506 | 4.842382484640388 × 10^302 | 4165 | 93 | ½^160.000000000001 |
| iv_512 | 6.9110279652310094 × 10^302 | 4360 | 79 | ½^160.0000000000007 |
| iv_507 | 9.111382618063538 × 10^302 | 4189 | 64 | ½^160.00000000000105 |
| iv_508 | 1.5205899644986967 × 10^303 | 4117 | 82 | ½^160.0000000000008 |
| iv_509 | 1.968364142451161 × 10^303 | 4139 | 80 | ½^160.0000000000009 |

### Input Bits Sorted by Occurrences

| Input Bit | Complexity | Occurrences | Output Occurrences | Collision Probability |
|:---------:|:----------:|:-----------:|:------------------:|:---------------------:|
| iv_508 | 1.5205899644986967 × 10^303 | 4117 | 82 | ½^160.0000000000008 |
| iv_509 | 1.968364142451161 × 10^303 | 4139 | 80 | ½^160.0000000000009 |
| iv_506 | 4.842382484640388 × 10^302 | 4165 | 93 | ½^160.000000000001 |
| iv_507 | 9.111382618063538 × 10^302 | 4189 | 64 | ½^160.00000000000105 |
| iv_511 | 4.6197020879645706 × 10^302 | 4237 | 88 | ½^160.00000000000074 |
| iv_512 | 6.9110279652310094 × 10^302 | 4360 | 79 | ½^160.0000000000007 |

### Input Bits Sorted by Output Occurrences

| Input Bit | Complexity | Occurrences | Output Occurrences | Collision Probability |
|:---------:|:----------:|:-----------:|:------------------:|:---------------------:|
| iv_507 | 9.111382618063538 × 10^302 | 4189 | 64 | ½^160.00000000000105 |
| iv_512 | 6.9110279652310094 × 10^302 | 4360 | 79 | ½^160.0000000000007 |
| iv_509 | 1.968364142451161 × 10^303 | 4139 | 80 | ½^160.0000000000009 |
| iv_508 | 1.5205899644986967 × 10^303 | 4117 | 82 | ½^160.0000000000008 |
| iv_511 | 4.6197020879645706 × 10^302 | 4237 | 88 | ½^160.00000000000074 |
| iv_506 | 4.842382484640388 × 10^302 | 4165 | 93 | ½^160.000000000001 |

### Input Bits Sorted by Collision Probability

| Input Bit | Complexity | Occurrences | Output Occurrences | Collision Probability |
|:---------:|:----------:|:-----------:|:------------------:|:---------------------:|
| iv_512 | 6.9110279652310094 × 10^302 | 4360 | 79 | ½^160.0000000000007 |
| iv_511 | 4.6197020879645706 × 10^302 | 4237 | 88 | ½^160.00000000000074 |
| iv_508 | 1.5205899644986967 × 10^303 | 4117 | 82 | ½^160.0000000000008 |
| iv_509 | 1.968364142451161 × 10^303 | 4139 | 80 | ½^160.0000000000009 |
| iv_506 | 4.842382484640388 × 10^302 | 4165 | 93 | ½^160.000000000001 |
| iv_507 | 9.111382618063538 × 10^302 | 4189 | 64 | ½^160.00000000000105 |

## Input Bit/Output Bit Collision Probabilities

| Input Bit | Output Bit | Collision Probability |
|:---------:|:----------:|:---------------------:|
| iv_506 | ov_034 | 0.5000000000000049 |
| iv_506 | ov_090 | 0.500000000000002 |
| iv_512 | aaa_76_29 | 0.5000000000000017 |
| iv_506 | ov_051 | 0.5000000000000016 |
| iv_506 | aaa_76_25 | 0.5000000000000016 |
| iv_509 | ov_073 | 0.5000000000000016 |

## Input Bit Co-occurrences

### Input Bit Co-occurrences Sorted by Co-occurrences

| Input Bits | Co-occurrences | Potential Occurrences | Output Co-occurrences | Potential Output Occurrences |
|:----------:|:--------------:|:---------------------:|:---------------------:|:----------------------------:|
| iv_511-iv_512 | 2038 | 4521 | 41 | 85 |
| iv_507-iv_511 | 2031 | 4364 | 37 | 78 |
| iv_506-iv_509 | 2022 | 4260 | 53 | 67 |
| iv_509-iv_512 | 2014 | 4471 | 37 | 85 |
| iv_506-iv_512 | 2009 | 4507 | 45 | 82 |
| iv_508-iv_512 | 2000 | 4477 | 45 | 71 |

### Input Bit Co-occurrences Sorted by Potential Occurrences

| Input Bits | Co-occurrences | Potential Occurrences | Output Co-occurrences | Potential Output Occurrences |
|:----------:|:--------------:|:---------------------:|:---------------------:|:----------------------------:|
| iv_506-iv_509 | 2022 | 4260 | 53 | 67 |
| iv_508-iv_509 | 1965 | 4326 | 43 | 76 |
| iv_506-iv_508 | 1970 | 4342 | 53 | 69 |
| iv_506-iv_507 | 1995 | 4364 | 34 | 89 |
| iv_507-iv_511 | 2031 | 4364 | 37 | 78 |
| iv_507-iv_508 | 1944 | 4418 | 32 | 82 |

### Input Bit Output Co-occurrences Sorted by Output Co-occurrences

| Input Bits | Co-occurrences | Potential Occurrences | Output Co-occurrences | Potential Output Occurrences |
|:----------:|:--------------:|:---------------------:|:---------------------:|:----------------------------:|
| iv_506-iv_509 | 2022 | 4260 | 53 | 67 |
| iv_506-iv_508 | 1970 | 4342 | 53 | 69 |
| iv_506-iv_511 | 1982 | 4438 | 52 | 77 |
| iv_508-iv_512 | 2000 | 4477 | 45 | 71 |
| iv_506-iv_512 | 2009 | 4507 | 45 | 82 |
| iv_508-iv_511 | 1927 | 4500 | 43 | 84 |

### Input Bit Output Co-occurrences Sorted by Potential Output Occurrences

| Input Bits | Co-occurrences | Potential Occurrences | Output Co-occurrences | Potential Output Occurrences |
|:----------:|:--------------:|:---------------------:|:---------------------:|:----------------------------:|
| iv_506-iv_509 | 2022 | 4260 | 53 | 67 |
| iv_506-iv_508 | 1970 | 4342 | 53 | 69 |
| iv_508-iv_512 | 2000 | 4477 | 45 | 71 |
| iv_508-iv_509 | 1965 | 4326 | 43 | 76 |
| iv_506-iv_511 | 1982 | 4438 | 52 | 77 |
| iv_507-iv_511 | 2031 | 4364 | 37 | 78 |

## Output Bits

### Output Bits in Regular Order

| Rank | Output Bit | Complexity |
|:----:|:----------:|:----------:|
| 1 | ov_001 | 9.359704465081036 × 10^302 |
| 2 | ov_002 | 8.192785939049839 × 10^302 |
| 3 | ov_003 | 7.129364667344627 × 10^302 |
| 4 | ov_004 | 6.164507857220564 × 10^302 |
| 5 | ov_005 | 5.293552756760777 × 10^302 |
| 6 | ov_006 | 4.512087392318038 × 10^302 |
| 7 | ov_007 | 3.8159338321816474 × 10^302 |
| 8 | ov_008 | 3.201133696108799 × 10^302 |
| 9 | ov_009 | 2.6639356835939606 × 10^302 |
| 10 | ov_010 | 2.1974171645625206 × 10^302 |
| 11 | ov_011 | 1.7950221375428653 × 10^302 |
| 12 | ov_012 | 1.4505468850435564 × 10^302 |
| 13 | ov_013 | 1.1581280088917845 × 10^302 |
| 14 | ov_014 | 9.122326215466881 × 10^301 |
| 15 | ov_015 | 7.076504836871144 × 10^301 |
| 16 | ov_016 | 5.394878925054705 × 10^301 |
| 17 | ov_017 | 4.0316312081897445 × 10^301 |
| 18 | ov_018 | 2.944031677612112 × 10^301 |
| 19 | ov_019 | 2.0924154761744544 × 10^301 |
| 20 | ov_020 | 1.440168510189662 × 10^301 |
| 21 | ov_021 | 9.537185183564719 × 10^300 |
| 22 | ov_022 | 6.025298363518215 × 10^300 |
| 23 | ov_023 | 3.591004522150037 × 10^300 |
| 24 | ov_024 | 1.9896027984110248 × 10^300 |
| 25 | ov_025 | 1.0067007963671396 × 10^300 |
| 26 | ov_026 | 4.582080947812055 × 10^299 |
| 27 | ov_027 | 1.9033275437502088 × 10^299 |
| 28 | ov_028 | 7.957969259276007 × 10^298 |
| 29 | ov_029 | 3.27500609389956 × 10^298 |
| 30 | ov_030 | 1.0818456044793734 × 10^298 |
| 31 | ov_031 | 2.613832730198583 × 10^297 |
| 32 | lv_80_k31 | 6.310783720502734 × 10^296 |
| 33 | ov_033 | 7.599496908225751 × 10^297 |
| 34 | ov_034 | 6.578870138619231 × 10^297 |
| 35 | ov_035 | 5.663799755313888 × 10^297 |
| 36 | ov_036 | 4.848634743823097 × 10^297 |
| 37 | ov_037 | 4.128037129950599 × 10^297 |
| 38 | ov_038 | 3.4969587578385744 × 10^297 |
| 39 | ov_039 | 2.9460947443463644 × 10^297 |
| 40 | ov_040 | 2.4666296004561167 × 10^297 |
| 41 | ov_041 | 2.050209531596992 × 10^297 |
| 42 | ov_042 | 1.6889189553351036 × 10^297 |
| 43 | ov_043 | 1.3789069468023542 × 10^297 |
| 44 | ov_044 | 1.1130784645702708 × 10^297 |
| 45 | ov_045 | 8.84727002736589 × 10^296 |
| 46 | ov_046 | 6.905949200959781 × 10^296 |
| 47 | ov_047 | 5.276108909340772 × 10^296 |
| 48 | ov_048 | 3.928860443708226 × 10^296 |
| 49 | ov_049 | 2.8371100932676998 × 10^296 |
| 50 | ov_050 | 1.9755371482546095 × 10^296 |
| 51 | ov_051 | 1.320578078881258 × 10^296 |
| 52 | ov_052 | 8.50415637939523 × 10^295 |
| 53 | ov_053 | 5.266285685243822 × 10^295 |
| 54 | ov_054 | 3.142629716529674 × 10^295 |
| 55 | ov_055 | 1.8182868763098266 × 10^295 |
| 56 | ov_056 | 1.0129743065890868 × 10^295 |
| 57 | ov_057 | 5.952036689099003 × 10^294 |
| 58 | ov_058 | 3.539039518463501 × 10^294 |
| 59 | ov_059 | 1.9218991944580165 × 10^294 |
| 60 | ov_060 | 9.276242130509493 × 10^293 |
| 61 | ov_061 | 3.8322433706510356 × 10^293 |
| 62 | ov_062 | 1.2711178157991904 × 10^293 |
| 63 | ov_063 | 3.0855959597739515 × 10^292 |
| 64 | lv_79_k31 | 7.486227218307015 × 10^291 |
| 65 | ov_065 | 8.841112767849826 × 10^292 |
| 66 | ov_066 | 8.841093227494124 × 10^292 |
| 67 | ov_067 | 8.841087050554587 × 10^292 |
| 68 | ov_068 | 7.700873803940332 × 10^292 |
| 69 | ov_069 | 6.665586730370473 × 10^292 |
| 70 | ov_070 | 5.730379835890519 × 10^292 |
| 71 | ov_071 | 4.890652042044904 × 10^292 |
| 72 | ov_072 | 4.1420293200625395 × 10^292 |
| 73 | ov_073 | 3.48034976146011 × 10^292 |
| 74 | ov_074 | 2.90165125403673 × 10^292 |
| 75 | ov_075 | 2.398570828212335 × 10^292 |
| 76 | ov_076 | 1.9641026444338445 × 10^292 |
| 77 | ov_077 | 1.5915867951426818 × 10^292 |
| 78 | ov_078 | 1.274700754037896 × 10^292 |
| 79 | ov_079 | 1.0074529872695242 × 10^292 |
| 80 | ov_080 | 7.841782706859107 × 10^291 |
| 81 | ov_081 | 5.995342863286482 × 10^291 |
| 82 | ov_082 | 4.4849910012958846 × 10^291 |
| 83 | ov_083 | 3.263691886395728 × 10^291 |
| 84 | ov_084 | 2.3087217167524965 × 10^291 |
| 85 | ov_085 | 1.579367730046097 × 10^291 |
| 86 | ov_086 | 1.0380609400283807 × 10^291 |
| 87 | ov_087 | 6.503676331331758 × 10^290 |
| 88 | ov_088 | 3.849828651524983 × 10^290 |
| 89 | ov_089 | 2.137256761344167 × 10^290 |
| 90 | ov_090 | 1.115357416901074 × 10^290 |
| 91 | ov_091 | 5.647117891583791 × 10^289 |
| 92 | ov_092 | 2.9707227473709537 × 10^289 |
| 93 | ov_093 | 1.5535540130149427 × 10^289 |
| 94 | ov_094 | 6.880988006704254 × 10^288 |
| 95 | aaa_78_28 | 2.1856079825202527 × 10^288 |
| 96 | aaa_78_29 | 8.129275958039664 × 10^287 |
| 97 | ov_097 | 6.937340207087777 × 10^287 |
| 98 | ov_098 | 6.937292818580192 × 10^287 |
| 99 | ov_099 | 6.937277650725186 × 10^287 |
| 100 | ov_100 | 5.851724817180211 × 10^287 |
| 101 | ov_101 | 4.899761668553648 × 10^287 |
| 102 | ov_102 | 4.069887748288983 × 10^287 |
| 103 | ov_103 | 3.35124008574638 × 10^287 |
| 104 | ov_104 | 2.733546131960613 × 10^287 |
| 105 | ov_105 | 2.2070826665133972 × 10^287 |
| 106 | ov_106 | 1.7626401081378794 × 10^287 |
| 107 | ov_107 | 1.3914917539420447 × 10^287 |
| 108 | ov_108 | 1.0853675630510205 × 10^287 |
| 109 | ov_109 | 8.3643206706773 × 10^286 |
| 110 | ov_110 | 6.372659554483864 × 10^286 |
| 111 | ov_111 | 4.80850910466918 × 10^286 |
| 112 | ov_112 | 3.6055729245778663 × 10^286 |
| 113 | ov_113 | 2.701343016121317 × 10^286 |
| 114 | ov_114 | 2.0370226786762597 × 10^286 |
| 115 | ov_115 | 1.5574674546659794 × 10^286 |
| 116 | ov_116 | 1.2111411363052074 × 10^286 |
| 117 | ov_117 | 9.500840956682396 × 10^285 |
| 118 | ov_118 | 7.298914472542641 × 10^285 |
| 119 | ov_119 | 5.470313564584014 × 10^285 |
| 120 | ov_120 | 3.979768084050646 × 10^285 |
| 121 | ov_121 | 2.792032743074546 × 10^285 |
| 122 | ov_122 | 1.871875257048081 × 10^285 |
| 123 | ov_123 | 1.184070782585279 × 10^285 |
| 124 | ov_124 | 6.933986787742451 × 10^284 |
| 125 | ov_125 | 3.6464038094194725 × 10^284 |
| 126 | ov_126 | 1.625781767341544 × 10^284 |
| 127 | aaa_77_28 | 5.199462637140736 × 10^283 |
| 128 | aaa_77_29 | 1.9529996070838825 × 10^283 |
| 129 | ov_129 | 1.798788154325294 × 10^283 |
| 130 | ov_130 | 1.7987839162650898 × 10^283 |
| 131 | ov_131 | 1.7987825524008412 × 10^283 |
| 132 | ov_132 | 1.566018533737822 × 10^283 |
| 133 | ov_133 | 1.3550043228377019 × 10^283 |
| 134 | ov_134 | 1.1647158949112858 × 10^283 |
| 135 | ov_135 | 9.941879192056858 × 10^282 |
| 136 | ov_136 | 8.42509369138792 × 10^282 |
| 137 | ov_137 | 7.088196235620317 × 10^282 |
| 138 | ov_138 | 5.915353478626492 × 10^282 |
| 139 | ov_139 | 4.89158555126397 × 10^282 |
| 140 | ov_140 | 4.002718116380928 × 10^282 |
| 141 | ov_141 | 3.2353418645592604 × 10^282 |
| 142 | ov_142 | 2.5829387826053623 × 10^282 |
| 143 | ov_143 | 2.0335345385657753 × 10^282 |
| 144 | ov_144 | 1.5758360727612646 × 10^282 |
| 145 | ov_145 | 1.1992137847229387 × 10^282 |
| 146 | ov_146 | 8.93687629790587 × 10^281 |
| 147 | ov_147 | 6.499165131697482 × 10^281 |
| 148 | ov_148 | 4.591904180276826 × 10^281 |
| 149 | ov_149 | 3.1342475288163792 × 10^281 |
| 150 | ov_150 | 2.051564521399418 × 10^281 |
| 151 | ov_151 | 1.275414122255502 × 10^281 |
| 152 | ov_152 | 7.435289425955638 × 10^280 |
| 153 | ov_153 | 3.9980586781149947 × 10^280 |
| 154 | ov_154 | 1.943009843570032 × 10^280 |
| 155 | ov_155 | 8.322706159512086 × 10^279 |
| 156 | aaa_76_25 | 2.895237314933659 × 10^279 |
| 157 | aaa_76_26 | 1.7829833261525658 × 10^279 |
| 158 | aaa_76_27 | 9.784510589480786 × 10^278 |
| 159 | aaa_76_28 | 4.6159146207214436 × 10^278 |
| 160 | aaa_76_29 | 1.7400479378944812 × 10^278 |

### Output Bits Sorted by Complexity

| Rank | Output Bit | Complexity |
|:----:|:----------:|:----------:|
| 160 | aaa_76_29 | 1.7400479378944812 × 10^278 |
| 159 | aaa_76_28 | 4.6159146207214436 × 10^278 |
| 158 | aaa_76_27 | 9.784510589480786 × 10^278 |
| 157 | aaa_76_26 | 1.7829833261525658 × 10^279 |
| 156 | aaa_76_25 | 2.895237314933659 × 10^279 |
| 155 | ov_155 | 8.322706159512086 × 10^279 |
| 154 | ov_154 | 1.943009843570032 × 10^280 |
| 153 | ov_153 | 3.9980586781149947 × 10^280 |
| 152 | ov_152 | 7.435289425955638 × 10^280 |
| 151 | ov_151 | 1.275414122255502 × 10^281 |
| 150 | ov_150 | 2.051564521399418 × 10^281 |
| 149 | ov_149 | 3.1342475288163792 × 10^281 |
| 148 | ov_148 | 4.591904180276826 × 10^281 |
| 147 | ov_147 | 6.499165131697482 × 10^281 |
| 146 | ov_146 | 8.93687629790587 × 10^281 |
| 145 | ov_145 | 1.1992137847229387 × 10^282 |
| 144 | ov_144 | 1.5758360727612646 × 10^282 |
| 143 | ov_143 | 2.0335345385657753 × 10^282 |
| 142 | ov_142 | 2.5829387826053623 × 10^282 |
| 141 | ov_141 | 3.2353418645592604 × 10^282 |
| 140 | ov_140 | 4.002718116380928 × 10^282 |
| 139 | ov_139 | 4.89158555126397 × 10^282 |
| 138 | ov_138 | 5.915353478626492 × 10^282 |
| 137 | ov_137 | 7.088196235620317 × 10^282 |
| 136 | ov_136 | 8.42509369138792 × 10^282 |
| 135 | ov_135 | 9.941879192056858 × 10^282 |
| 134 | ov_134 | 1.1647158949112858 × 10^283 |
| 133 | ov_133 | 1.3550043228377019 × 10^283 |
| 132 | ov_132 | 1.566018533737822 × 10^283 |
| 131 | ov_131 | 1.7987825524008412 × 10^283 |
| 130 | ov_130 | 1.7987839162650898 × 10^283 |
| 129 | ov_129 | 1.798788154325294 × 10^283 |
| 128 | aaa_77_29 | 1.9529996070838825 × 10^283 |
| 127 | aaa_77_28 | 5.199462637140736 × 10^283 |
| 126 | ov_126 | 1.625781767341544 × 10^284 |
| 125 | ov_125 | 3.6464038094194725 × 10^284 |
| 124 | ov_124 | 6.933986787742451 × 10^284 |
| 123 | ov_123 | 1.184070782585279 × 10^285 |
| 122 | ov_122 | 1.871875257048081 × 10^285 |
| 121 | ov_121 | 2.792032743074546 × 10^285 |
| 120 | ov_120 | 3.979768084050646 × 10^285 |
| 119 | ov_119 | 5.470313564584014 × 10^285 |
| 118 | ov_118 | 7.298914472542641 × 10^285 |
| 117 | ov_117 | 9.500840956682396 × 10^285 |
| 116 | ov_116 | 1.2111411363052074 × 10^286 |
| 115 | ov_115 | 1.5574674546659794 × 10^286 |
| 114 | ov_114 | 2.0370226786762597 × 10^286 |
| 113 | ov_113 | 2.701343016121317 × 10^286 |
| 112 | ov_112 | 3.6055729245778663 × 10^286 |
| 111 | ov_111 | 4.80850910466918 × 10^286 |
| 110 | ov_110 | 6.372659554483864 × 10^286 |
| 109 | ov_109 | 8.3643206706773 × 10^286 |
| 108 | ov_108 | 1.0853675630510205 × 10^287 |
| 107 | ov_107 | 1.3914917539420447 × 10^287 |
| 106 | ov_106 | 1.7626401081378794 × 10^287 |
| 105 | ov_105 | 2.2070826665133972 × 10^287 |
| 104 | ov_104 | 2.733546131960613 × 10^287 |
| 103 | ov_103 | 3.35124008574638 × 10^287 |
| 102 | ov_102 | 4.069887748288983 × 10^287 |
| 101 | ov_101 | 4.899761668553648 × 10^287 |
| 100 | ov_100 | 5.851724817180211 × 10^287 |
| 99 | ov_099 | 6.937277650725186 × 10^287 |
| 98 | ov_098 | 6.937292818580192 × 10^287 |
| 97 | ov_097 | 6.937340207087777 × 10^287 |
| 96 | aaa_78_29 | 8.129275958039664 × 10^287 |
| 95 | aaa_78_28 | 2.1856079825202527 × 10^288 |
| 94 | ov_094 | 6.880988006704254 × 10^288 |
| 93 | ov_093 | 1.5535540130149427 × 10^289 |
| 92 | ov_092 | 2.9707227473709537 × 10^289 |
| 91 | ov_091 | 5.647117891583791 × 10^289 |
| 90 | ov_090 | 1.115357416901074 × 10^290 |
| 89 | ov_089 | 2.137256761344167 × 10^290 |
| 88 | ov_088 | 3.849828651524983 × 10^290 |
| 87 | ov_087 | 6.503676331331758 × 10^290 |
| 86 | ov_086 | 1.0380609400283807 × 10^291 |
| 85 | ov_085 | 1.579367730046097 × 10^291 |
| 84 | ov_084 | 2.3087217167524965 × 10^291 |
| 83 | ov_083 | 3.263691886395728 × 10^291 |
| 82 | ov_082 | 4.4849910012958846 × 10^291 |
| 81 | ov_081 | 5.995342863286482 × 10^291 |
| 64 | lv_79_k31 | 7.486227218307015 × 10^291 |
| 80 | ov_080 | 7.841782706859107 × 10^291 |
| 79 | ov_079 | 1.0074529872695242 × 10^292 |
| 78 | ov_078 | 1.274700754037896 × 10^292 |
| 77 | ov_077 | 1.5915867951426818 × 10^292 |
| 76 | ov_076 | 1.9641026444338445 × 10^292 |
| 75 | ov_075 | 2.398570828212335 × 10^292 |
| 74 | ov_074 | 2.90165125403673 × 10^292 |
| 63 | ov_063 | 3.0855959597739515 × 10^292 |
| 73 | ov_073 | 3.48034976146011 × 10^292 |
| 72 | ov_072 | 4.1420293200625395 × 10^292 |
| 71 | ov_071 | 4.890652042044904 × 10^292 |
| 70 | ov_070 | 5.730379835890519 × 10^292 |
| 69 | ov_069 | 6.665586730370473 × 10^292 |
| 68 | ov_068 | 7.700873803940332 × 10^292 |
| 67 | ov_067 | 8.841087050554587 × 10^292 |
| 66 | ov_066 | 8.841093227494124 × 10^292 |
| 65 | ov_065 | 8.841112767849826 × 10^292 |
| 62 | ov_062 | 1.2711178157991904 × 10^293 |
| 61 | ov_061 | 3.8322433706510356 × 10^293 |
| 60 | ov_060 | 9.276242130509493 × 10^293 |
| 59 | ov_059 | 1.9218991944580165 × 10^294 |
| 58 | ov_058 | 3.539039518463501 × 10^294 |
| 57 | ov_057 | 5.952036689099003 × 10^294 |
| 56 | ov_056 | 1.0129743065890868 × 10^295 |
| 55 | ov_055 | 1.8182868763098266 × 10^295 |
| 54 | ov_054 | 3.142629716529674 × 10^295 |
| 53 | ov_053 | 5.266285685243822 × 10^295 |
| 52 | ov_052 | 8.50415637939523 × 10^295 |
| 51 | ov_051 | 1.320578078881258 × 10^296 |
| 50 | ov_050 | 1.9755371482546095 × 10^296 |
| 49 | ov_049 | 2.8371100932676998 × 10^296 |
| 48 | ov_048 | 3.928860443708226 × 10^296 |
| 47 | ov_047 | 5.276108909340772 × 10^296 |
| 32 | lv_80_k31 | 6.310783720502734 × 10^296 |
| 46 | ov_046 | 6.905949200959781 × 10^296 |
| 45 | ov_045 | 8.84727002736589 × 10^296 |
| 44 | ov_044 | 1.1130784645702708 × 10^297 |
| 43 | ov_043 | 1.3789069468023542 × 10^297 |
| 42 | ov_042 | 1.6889189553351036 × 10^297 |
| 41 | ov_041 | 2.050209531596992 × 10^297 |
| 40 | ov_040 | 2.4666296004561167 × 10^297 |
| 31 | ov_031 | 2.613832730198583 × 10^297 |
| 39 | ov_039 | 2.9460947443463644 × 10^297 |
| 38 | ov_038 | 3.4969587578385744 × 10^297 |
| 37 | ov_037 | 4.128037129950599 × 10^297 |
| 36 | ov_036 | 4.848634743823097 × 10^297 |
| 35 | ov_035 | 5.663799755313888 × 10^297 |
| 34 | ov_034 | 6.578870138619231 × 10^297 |
| 33 | ov_033 | 7.599496908225751 × 10^297 |
| 30 | ov_030 | 1.0818456044793734 × 10^298 |
| 29 | ov_029 | 3.27500609389956 × 10^298 |
| 28 | ov_028 | 7.957969259276007 × 10^298 |
| 27 | ov_027 | 1.9033275437502088 × 10^299 |
| 26 | ov_026 | 4.582080947812055 × 10^299 |
| 25 | ov_025 | 1.0067007963671396 × 10^300 |
| 24 | ov_024 | 1.9896027984110248 × 10^300 |
| 23 | ov_023 | 3.591004522150037 × 10^300 |
| 22 | ov_022 | 6.025298363518215 × 10^300 |
| 21 | ov_021 | 9.537185183564719 × 10^300 |
| 20 | ov_020 | 1.440168510189662 × 10^301 |
| 19 | ov_019 | 2.0924154761744544 × 10^301 |
| 18 | ov_018 | 2.944031677612112 × 10^301 |
| 17 | ov_017 | 4.0316312081897445 × 10^301 |
| 16 | ov_016 | 5.394878925054705 × 10^301 |
| 15 | ov_015 | 7.076504836871144 × 10^301 |
| 14 | ov_014 | 9.122326215466881 × 10^301 |
| 13 | ov_013 | 1.1581280088917845 × 10^302 |
| 12 | ov_012 | 1.4505468850435564 × 10^302 |
| 11 | ov_011 | 1.7950221375428653 × 10^302 |
| 10 | ov_010 | 2.1974171645625206 × 10^302 |
| 9 | ov_009 | 2.6639356835939606 × 10^302 |
| 8 | ov_008 | 3.201133696108799 × 10^302 |
| 7 | ov_007 | 3.8159338321816474 × 10^302 |
| 6 | ov_006 | 4.512087392318038 × 10^302 |
| 5 | ov_005 | 5.293552756760777 × 10^302 |
| 4 | ov_004 | 6.164507857220564 × 10^302 |
| 3 | ov_003 | 7.129364667344627 × 10^302 |
| 2 | ov_002 | 8.192785939049839 × 10^302 |
| 1 | ov_001 | 9.359704465081036 × 10^302 |

