# Results for F001-F002-F003-F004-F005-F006-F007-F008-F009-F010-F011-F012-F013-F014-F015-F016-F017-F018-F019-F020-F021-F022-F023-F024-F025-F026-F027-F028-F029-F030-F031-F032-F033-F034-F035-F036-F037-F038-F039-F040-F041-F042-F043-F044-F045-F046-F047-F048-F049-F050-F051-F052-F053-F054-F055-F056-F057-F058-F059-F060-F061-F062-F063-F064-F065-F066-F067-F068-F069-F070-F071-F072-F073-F074-F075-F076-F077-F078-F079-F080-F081-F082-F083-F084-F085-F086-F087-F088-F089-F090-F091-F092-F093-F094-F095-F096-F097-F098-F099-F100-F101-F102-F103-F104-F105-F106-F107-F108-F109-F110-F111-F112-F113-F114-F115-F116-F117-F118-F119-F120-F121-F122-F123-F124-F125-F126-F127-F128-F129-F130-F131-F132-F133-F134-F135-F136-F137-F138-F139-F140-F141-F142-F143-F144-F145-F146-F147-F148-F149-F150-F151-F152-F153-F154-F155-F156-F157-F158-F159-F160-F161-F162-F163-F164-F165-F166-F167-F168-F169-F170-F171-F172-F173-F174-F175-F176-F177-F178-F179-F180-F181-F182-F183-F184-F185-F186-F187-F188-F189-F190-F191-F192-F193-F194-F195-F196-F197-F198-F199-F200-F201-F202-F203-F204-F205-F206-F207-F208-F209-F210-F211-F212-F213-F214-F215-F216-F217-F218-F219-F220-F221-F222-F223-F224-F225-F226-F227-F228-F229-F230-F231-F232-F233-F234-F235-F236-F237-F238-F239-F240-F241-F242-F243-F244-F245-F246-F247-F248-F249-F250-F251-F252-F253-F254-F255-F256-F257-F258-F259-F260-F261-F262-F263-F264-F265-F266-F267-F268-F269-F270-F271-F272-F273-F274-F275-F276-F277-F278-F279-F280-F281-F282-F283-F284-F285-F286-F287-F288-F289-F290-F291-F292-F293-F294-F295-F296-F297-F298-F299-F300-F301-F302-F303-F304-F305-F306-F307-F308-F309-F310-F311-F312-F313-F314-F315-F316-F317-F318-F319-F320-F321-F322-F323-F324-F325-F326-F327-F328-F329-F330-F331-F332-F333-F334-F335-F336-F337-F338-F339-F340-F341-F342-F343-F344-F345-F346-F347-F348-F349-F350-F351-F352-F353-F354-F355-F356-F357-F358-F359-F360-F361-F362-F363-F364-F365-F366-F367-F368-F369-F370-F371-F372-F373-F374-F375-F376-F377-F378-F379-F380-F381-F382-F383-F384-F385-F386-F387-F388-F389-F390-F391-F392-F393-F394-F395-F396-F397-F398-F399-F400-F401-F402-F403-F404-F405-F406-F407-F408-F409-F410-F411-F412-F413-F414-F415-F416-F417-F418-F419-F420-F421-F422-F423-F424-F425-F426-F427-F428-F429-F430-F431-F432-F433-F434-F435-F436-F437-F438-F439-F440-F441-F442-F443-F444-F445-F446-F447-F448-F449-F450-F451-F452-F453-F454-F455-F456-F457-F458-F459-F460-F461-F462-F463-F464-F465-F466-F467-F468-F469-F470-F471-F472-F473-F474-F475-F476-F477-F478-F479-F480-F481-F482-F483-F484-F485-F486-F487-F488-F489-F490-F491-F492-F493-F494-F495-F496-F497-F498-F499-F500-F501-F502-F503-F504-E505507-E507509

## Summary

Number of input bits: 512  
Number of free input bits: 6  
Number of output bits: 160

Number of direct occurrences: 25049  
Number of assignments: 30535  
Number of operations: 10909244
(xor: 10879064,
and: 17371,
or: 12809)

Total complexity: 8.94042247942344 × 10^296

Least occurring input variable: iv_506 (4009)  
Most occurring input variable: iv_505 (4442)

Most co-occurring input variables: iv_511-iv_512 (2032)  
Least co-occurring input variables: iv_506-iv_511 (1871)

Potentially most occurring input variable: iv_505/iv_512 (4721)  
Potentially least occurring input variable: iv_506/iv_508 (4253)

Least output occurring input variable: iv_508 (70)  
Most output occurring input variable: iv_506 (82)

Most output co-occurring input variables: iv_506-iv_512 (45)  
Least output co-occurring input variables: iv_508-iv_512 (29)

Potentially most output occurring input variable: iv_505/iv_512 (91)  
Potentially least output occurring input variable: iv_506/iv_512 (70)

Least complex input bit: iv_506 (3.8884527547530434 × 10^295)  
Most complex input bit: iv_510 (2.703923165066534 × 10^296)

Least complex output bit: aaa_76_29 (1.4689143161575581 × 10^272)  
Most complex output bit: ov_001 (1.3925360585023323 × 10^296)

Least complex input/output complexity: iv_506/aaa_76_29 (6.388740501139476 × 10^270)  
Most complex input/output complexity: iv_510/ov_001 (4.211557692537276 × 10^295)

Input variable with highest collision probability: iv_510 (½^160.00000000000074)

## Input Bits

### Input Bits in Regular Order

| Input Bit | Complexity | Occurrences | Output Occurrences | Collision Probability |
|:---------:|:----------:|:-----------:|:------------------:|:---------------------:|
| iv_505 | 2.395448896871674 × 10^296 | 4442 | 77 | ½^160.00000000000088 |
| iv_506 | 3.8884527547530434 × 10^295 | 4009 | 82 | ½^160.00000000000077 |
| iv_508 | 1.2210237017919882 × 10^296 | 4048 | 70 | ½^160.00000000000097 |
| iv_510 | 2.703923165066534 × 10^296 | 4163 | 79 | ½^160.00000000000074 |
| iv_511 | 1.0236101435653524 × 10^296 | 4114 | 74 | ½^160.00000000000085 |
| iv_512 | 1.2075712966526001 × 10^296 | 4273 | 78 | ½^160.00000000000082 |

### Input Bits Sorted by Complexity

| Input Bit | Complexity | Occurrences | Output Occurrences | Collision Probability |
|:---------:|:----------:|:-----------:|:------------------:|:---------------------:|
| iv_506 | 3.8884527547530434 × 10^295 | 4009 | 82 | ½^160.00000000000077 |
| iv_511 | 1.0236101435653524 × 10^296 | 4114 | 74 | ½^160.00000000000085 |
| iv_512 | 1.2075712966526001 × 10^296 | 4273 | 78 | ½^160.00000000000082 |
| iv_508 | 1.2210237017919882 × 10^296 | 4048 | 70 | ½^160.00000000000097 |
| iv_505 | 2.395448896871674 × 10^296 | 4442 | 77 | ½^160.00000000000088 |
| iv_510 | 2.703923165066534 × 10^296 | 4163 | 79 | ½^160.00000000000074 |

### Input Bits Sorted by Occurrences

| Input Bit | Complexity | Occurrences | Output Occurrences | Collision Probability |
|:---------:|:----------:|:-----------:|:------------------:|:---------------------:|
| iv_506 | 3.8884527547530434 × 10^295 | 4009 | 82 | ½^160.00000000000077 |
| iv_508 | 1.2210237017919882 × 10^296 | 4048 | 70 | ½^160.00000000000097 |
| iv_511 | 1.0236101435653524 × 10^296 | 4114 | 74 | ½^160.00000000000085 |
| iv_510 | 2.703923165066534 × 10^296 | 4163 | 79 | ½^160.00000000000074 |
| iv_512 | 1.2075712966526001 × 10^296 | 4273 | 78 | ½^160.00000000000082 |
| iv_505 | 2.395448896871674 × 10^296 | 4442 | 77 | ½^160.00000000000088 |

### Input Bits Sorted by Output Occurrences

| Input Bit | Complexity | Occurrences | Output Occurrences | Collision Probability |
|:---------:|:----------:|:-----------:|:------------------:|:---------------------:|
| iv_508 | 1.2210237017919882 × 10^296 | 4048 | 70 | ½^160.00000000000097 |
| iv_511 | 1.0236101435653524 × 10^296 | 4114 | 74 | ½^160.00000000000085 |
| iv_505 | 2.395448896871674 × 10^296 | 4442 | 77 | ½^160.00000000000088 |
| iv_512 | 1.2075712966526001 × 10^296 | 4273 | 78 | ½^160.00000000000082 |
| iv_510 | 2.703923165066534 × 10^296 | 4163 | 79 | ½^160.00000000000074 |
| iv_506 | 3.8884527547530434 × 10^295 | 4009 | 82 | ½^160.00000000000077 |

### Input Bits Sorted by Collision Probability

| Input Bit | Complexity | Occurrences | Output Occurrences | Collision Probability |
|:---------:|:----------:|:-----------:|:------------------:|:---------------------:|
| iv_510 | 2.703923165066534 × 10^296 | 4163 | 79 | ½^160.00000000000074 |
| iv_506 | 3.8884527547530434 × 10^295 | 4009 | 82 | ½^160.00000000000077 |
| iv_512 | 1.2075712966526001 × 10^296 | 4273 | 78 | ½^160.00000000000082 |
| iv_511 | 1.0236101435653524 × 10^296 | 4114 | 74 | ½^160.00000000000085 |
| iv_505 | 2.395448896871674 × 10^296 | 4442 | 77 | ½^160.00000000000088 |
| iv_508 | 1.2210237017919882 × 10^296 | 4048 | 70 | ½^160.00000000000097 |

## Input Bit/Output Bit Collision Probabilities

| Input Bit | Output Bit | Collision Probability |
|:---------:|:----------:|:---------------------:|
| iv_510 | ov_126 | 0.5000000000000016 |
| iv_512 | ov_132 | 0.5000000000000016 |
| iv_510 | ov_113 | 0.5000000000000014 |
| iv_510 | ov_019 | 0.5000000000000013 |
| iv_511 | aaa_76_25 | 0.5000000000000013 |
| iv_510 | ov_078 | 0.5000000000000011 |

## Input Bit Co-occurrences

### Input Bit Co-occurrences Sorted by Co-occurrences

| Input Bits | Co-occurrences | Potential Occurrences | Output Co-occurrences | Potential Output Occurrences |
|:----------:|:--------------:|:---------------------:|:---------------------:|:----------------------------:|
| iv_511-iv_512 | 2032 | 4323 | 39 | 74 |
| iv_505-iv_512 | 1997 | 4721 | 32 | 91 |
| iv_510-iv_512 | 1995 | 4446 | 42 | 73 |
| iv_505-iv_510 | 1984 | 4637 | 33 | 90 |
| iv_505-iv_508 | 1969 | 4552 | 35 | 77 |
| iv_510-iv_511 | 1952 | 4373 | 38 | 77 |

### Input Bit Co-occurrences Sorted by Potential Occurrences

| Input Bits | Co-occurrences | Potential Occurrences | Output Co-occurrences | Potential Output Occurrences |
|:----------:|:--------------:|:---------------------:|:---------------------:|:----------------------------:|
| iv_506-iv_508 | 1902 | 4253 | 37 | 78 |
| iv_506-iv_510 | 1946 | 4280 | 44 | 73 |
| iv_511-iv_512 | 2032 | 4323 | 39 | 74 |
| iv_508-iv_510 | 1933 | 4345 | 31 | 87 |
| iv_508-iv_511 | 1906 | 4350 | 35 | 74 |
| iv_510-iv_511 | 1952 | 4373 | 38 | 77 |

### Input Bit Output Co-occurrences Sorted by Output Co-occurrences

| Input Bits | Co-occurrences | Potential Occurrences | Output Co-occurrences | Potential Output Occurrences |
|:----------:|:--------------:|:---------------------:|:---------------------:|:----------------------------:|
| iv_506-iv_512 | 1951 | 4380 | 45 | 70 |
| iv_506-iv_510 | 1946 | 4280 | 44 | 73 |
| iv_510-iv_512 | 1995 | 4446 | 42 | 73 |
| iv_511-iv_512 | 2032 | 4323 | 39 | 74 |
| iv_505-iv_506 | 1944 | 4563 | 39 | 81 |
| iv_510-iv_511 | 1952 | 4373 | 38 | 77 |

### Input Bit Output Co-occurrences Sorted by Potential Output Occurrences

| Input Bits | Co-occurrences | Potential Occurrences | Output Co-occurrences | Potential Output Occurrences |
|:----------:|:--------------:|:---------------------:|:---------------------:|:----------------------------:|
| iv_506-iv_512 | 1951 | 4380 | 45 | 70 |
| iv_506-iv_510 | 1946 | 4280 | 44 | 73 |
| iv_510-iv_512 | 1995 | 4446 | 42 | 73 |
| iv_508-iv_511 | 1906 | 4350 | 35 | 74 |
| iv_511-iv_512 | 2032 | 4323 | 39 | 74 |
| iv_505-iv_508 | 1969 | 4552 | 35 | 77 |

## Output Bits

### Output Bits in Regular Order

| Rank | Output Bit | Complexity |
|:----:|:----------:|:----------:|
| 1 | ov_001 | 1.3925360585023323 × 10^296 |
| 2 | ov_002 | 1.2171390388055854 × 10^296 |
| 3 | ov_003 | 1.0575455848183443 × 10^296 |
| 4 | ov_004 | 9.130271454126949 × 10^295 |
| 5 | ov_005 | 7.828950905410294 × 10^295 |
| 6 | ov_006 | 6.66497865321188 × 10^295 |
| 7 | ov_007 | 5.632185202902083 × 10^295 |
| 8 | ov_008 | 4.724725752396341 × 10^295 |
| 9 | ov_009 | 3.931813609243221 × 10^295 |
| 10 | ov_010 | 3.243229203792886 × 10^295 |
| 11 | ov_011 | 2.6492948071198333 × 10^295 |
| 12 | ov_012 | 2.1408531081203167 × 10^295 |
| 13 | ov_013 | 1.7092493291366912 × 10^295 |
| 14 | ov_014 | 1.3463165789420525 × 10^295 |
| 15 | ov_015 | 1.0443641611232339 × 10^295 |
| 16 | ov_016 | 7.961685479052445 × 10^294 |
| 17 | ov_017 | 5.949666696625148 × 10^294 |
| 18 | ov_018 | 4.344511174636344 × 10^294 |
| 19 | ov_019 | 3.0876686401526376 × 10^294 |
| 20 | ov_020 | 2.1250914566603274 × 10^294 |
| 21 | ov_021 | 1.4072218539399852 × 10^294 |
| 22 | ov_022 | 8.88984739467776 × 10^293 |
| 23 | ov_023 | 5.297837423536604 × 10^293 |
| 24 | ov_024 | 2.9349889443325133 × 10^293 |
| 25 | ov_025 | 1.484851810257514 × 10^293 |
| 26 | ov_026 | 6.757166977987316 × 10^292 |
| 27 | ov_027 | 2.806104208003147 × 10^292 |
| 28 | ov_028 | 1.1729375104124696 × 10^292 |
| 29 | ov_029 | 4.8260583635856784 × 10^291 |
| 30 | ov_030 | 1.5941096546162163 × 10^291 |
| 31 | ov_031 | 3.85249023507402 × 10^290 |
| 32 | lv_80_m31 | 9.30752310832872 × 10^289 |
| 33 | ov_033 | 1.1233041559712856 × 10^291 |
| 34 | ov_034 | 9.722773869970137 × 10^290 |
| 35 | ov_035 | 8.369977114780779 × 10^290 |
| 36 | ov_036 | 7.16705118237079 × 10^290 |
| 37 | ov_037 | 6.1068178800680406 × 10^290 |
| 38 | ov_038 | 5.176065569141892 × 10^290 |
| 39 | ov_039 | 4.362285585168654 × 10^290 |
| 40 | ov_040 | 3.6536280567091324 × 10^290 |
| 41 | ov_041 | 3.0388640731296585 × 10^290 |
| 42 | ov_042 | 2.507353649878605 × 10^290 |
| 43 | ov_043 | 2.0490188972332 × 10^290 |
| 44 | ov_044 | 1.6543217967100649 × 10^290 |
| 45 | ov_045 | 1.3142460282406856 × 10^290 |
| 46 | ov_046 | 1.0244118211573656 × 10^290 |
| 47 | ov_047 | 7.806896830324387 × 10^289 |
| 48 | ov_048 | 5.791953070716017 × 10^289 |
| 49 | ov_049 | 4.1628567228495275 × 10^289 |
| 50 | ov_050 | 2.885561384298139 × 10^289 |
| 51 | ov_051 | 1.9283835453981337 × 10^289 |
| 52 | ov_052 | 1.2349921751373388 × 10^289 |
| 53 | ov_053 | 7.537286213591387 × 10^288 |
| 54 | ov_054 | 4.375976951567054 × 10^288 |
| 55 | ov_055 | 2.4426283217325398 × 10^288 |
| 56 | ov_056 | 1.3604357955746352 × 10^288 |
| 57 | ov_057 | 7.991423495679308 × 10^287 |
| 58 | ov_058 | 4.750306863929958 × 10^287 |
| 59 | ov_059 | 2.5787638531239786 × 10^287 |
| 60 | ov_060 | 1.2441296446778177 × 10^287 |
| 61 | ov_061 | 5.137412786255597 × 10^286 |
| 62 | ov_062 | 1.7032526777436096 × 10^286 |
| 63 | ov_063 | 4.132601652216046 × 10^285 |
| 64 | lv_79_m31 | 1.0021785523069023 × 10^285 |
| 65 | ov_065 | 1.1906675242358403 × 10^286 |
| 66 | ov_066 | 1.190664641567994 × 10^286 |
| 67 | ov_067 | 1.1906637074064627 × 10^286 |
| 68 | ov_068 | 1.0367738002982683 × 10^286 |
| 69 | ov_069 | 8.97375672571183 × 10^285 |
| 70 | ov_070 | 7.717232901808692 × 10^285 |
| 71 | ov_071 | 6.591166910044737 × 10^285 |
| 72 | ov_072 | 5.588988356506149 × 10^285 |
| 73 | ov_073 | 4.7045273150848445 × 10^285 |
| 74 | ov_074 | 3.926543105187455 × 10^285 |
| 75 | ov_075 | 3.2444747999104826 × 10^285 |
| 76 | ov_076 | 2.6532065239144234 × 10^285 |
| 77 | ov_077 | 2.1434192731345233 × 10^285 |
| 78 | ov_078 | 1.7105999541922957 × 10^285 |
| 79 | ov_079 | 1.3465418288420609 × 10^285 |
| 80 | ov_080 | 1.0435549262412007 × 10^285 |
| 81 | ov_081 | 7.944442572385354 × 10^284 |
| 82 | ov_082 | 5.924910769823372 × 10^284 |
| 83 | ov_083 | 4.314369613619415 × 10^284 |
| 84 | ov_084 | 3.0547046361501943 × 10^284 |
| 85 | ov_085 | 2.092161179197197 × 10^284 |
| 86 | ov_086 | 1.3772555705622629 × 10^284 |
| 87 | ov_087 | 8.647051136837296 × 10^283 |
| 88 | ov_088 | 5.133745634255314 × 10^283 |
| 89 | ov_089 | 2.8623676167584688 × 10^283 |
| 90 | ov_090 | 1.5034510660235162 × 10^283 |
| 91 | ov_091 | 7.681552953457131 × 10^282 |
| 92 | ov_092 | 4.081567291114704 × 10^282 |
| 93 | ov_093 | 2.1559077171077625 × 10^282 |
| 94 | ov_094 | 9.663507920233037 × 10^281 |
| 95 | aaa_78_28 | 3.108006286906748 × 10^281 |
| 96 | aaa_78_29 | 1.1775716311417628 × 10^281 |
| 97 | ov_097 | 1.2822376251202994 × 10^281 |
| 98 | ov_098 | 1.2821990260733183 × 10^281 |
| 99 | ov_099 | 1.2821867079097815 × 10^281 |
| 100 | ov_100 | 1.153863405834481 × 10^281 |
| 101 | ov_101 | 1.0350107839488176 × 10^281 |
| 102 | ov_102 | 9.251084644841487 × 10^280 |
| 103 | ov_103 | 8.23673986434011 × 10^280 |
| 104 | ov_104 | 7.302578331931805 × 10^280 |
| 105 | ov_105 | 6.444389408462927 × 10^280 |
| 106 | ov_106 | 5.658206609102405 × 10^280 |
| 107 | ov_107 | 4.940271525053971 × 10^280 |
| 108 | ov_108 | 4.287001799073524 × 10^280 |
| 109 | ov_109 | 3.694962922335581 × 10^280 |
| 110 | ov_110 | 3.160843218628044 × 10^280 |
| 111 | ov_111 | 2.6814313869664413 × 10^280 |
| 112 | ov_112 | 2.2535967937403086 × 10^280 |
| 113 | ov_113 | 1.8742727084680515 × 10^280 |
| 114 | ov_114 | 1.5404419693010745 × 10^280 |
| 115 | ov_115 | 1.2491245659184275 × 10^280 |
| 116 | ov_116 | 9.973672325643458 × 10^279 |
| 117 | ov_117 | 7.822351446195731 × 10^279 |
| 118 | ov_118 | 6.008055104129704 × 10^279 |
| 119 | ov_119 | 4.501628501805869 × 10^279 |
| 120 | ov_120 | 3.2739575417780245 × 10^279 |
| 121 | ov_121 | 2.2959491199442635 × 10^279 |
| 122 | ov_122 | 1.5385211122285092 × 10^279 |
| 123 | ov_123 | 9.725976777065482 × 10^278 |
| 124 | ov_124 | 5.6910652373233664 × 10^278 |
| 125 | ov_125 | 2.9897711059077477 × 10^278 |
| 126 | ov_126 | 1.3313961811652666 × 10^278 |
| 127 | aaa_77_28 | 4.252445624379848 × 10^277 |
| 128 | aaa_77_29 | 1.5940715725443836 × 10^277 |
| 129 | ov_129 | 1.4669713197710004 × 10^277 |
| 130 | ov_130 | 1.4669677422791147 × 10^277 |
| 131 | ov_131 | 1.4669665910707935 × 10^277 |
| 132 | ov_132 | 1.2731759686416855 × 10^277 |
| 133 | ov_133 | 1.098292382121145 × 10^277 |
| 134 | ov_134 | 9.414466172362544 × 10^276 |
| 135 | ov_135 | 8.01819418202037 × 10^276 |
| 136 | ov_136 | 6.786377828200534 × 10^276 |
| 137 | ov_137 | 5.704816946350545 × 10^276 |
| 138 | ov_138 | 4.760087272409278 × 10^276 |
| 139 | ov_139 | 3.9394932080152215 × 10^276 |
| 140 | ov_140 | 3.2310272280891926 × 10^276 |
| 141 | ov_141 | 2.623335345741711 × 10^276 |
| 142 | ov_142 | 2.1056879851572927 × 10^276 |
| 143 | ov_143 | 1.6679556894043463 × 10^276 |
| 144 | ov_144 | 1.3005891686427773 × 10^276 |
| 145 | ov_145 | 9.946032261898039 × 10^275 |
| 146 | ov_146 | 7.456445061599723 × 10^275 |
| 147 | ov_147 | 5.458209535743951 × 10^275 |
| 148 | ov_148 | 3.8777493201533714 × 10^275 |
| 149 | ov_149 | 2.6467793786022217 × 10^275 |
| 150 | ov_150 | 1.7324745370489647 × 10^275 |
| 151 | ov_151 | 1.0770343060770952 × 10^275 |
| 152 | ov_152 | 6.278731019125611 × 10^274 |
| 153 | ov_153 | 3.3761159540059772 × 10^274 |
| 154 | ov_154 | 1.6407223348716503 × 10^274 |
| 155 | ov_155 | 7.02770751713342 × 10^273 |
| 156 | aaa_76_25 | 2.4446778281645006 × 10^273 |
| 157 | aaa_76_26 | 1.505444647494448 × 10^273 |
| 158 | aaa_76_27 | 8.260953904947966 × 10^272 |
| 159 | aaa_76_28 | 3.8969034630900075 × 10^272 |
| 160 | aaa_76_29 | 1.4689143161575581 × 10^272 |

### Output Bits Sorted by Complexity

| Rank | Output Bit | Complexity |
|:----:|:----------:|:----------:|
| 160 | aaa_76_29 | 1.4689143161575581 × 10^272 |
| 159 | aaa_76_28 | 3.8969034630900075 × 10^272 |
| 158 | aaa_76_27 | 8.260953904947966 × 10^272 |
| 157 | aaa_76_26 | 1.505444647494448 × 10^273 |
| 156 | aaa_76_25 | 2.4446778281645006 × 10^273 |
| 155 | ov_155 | 7.02770751713342 × 10^273 |
| 154 | ov_154 | 1.6407223348716503 × 10^274 |
| 153 | ov_153 | 3.3761159540059772 × 10^274 |
| 152 | ov_152 | 6.278731019125611 × 10^274 |
| 151 | ov_151 | 1.0770343060770952 × 10^275 |
| 150 | ov_150 | 1.7324745370489647 × 10^275 |
| 149 | ov_149 | 2.6467793786022217 × 10^275 |
| 148 | ov_148 | 3.8777493201533714 × 10^275 |
| 147 | ov_147 | 5.458209535743951 × 10^275 |
| 146 | ov_146 | 7.456445061599723 × 10^275 |
| 145 | ov_145 | 9.946032261898039 × 10^275 |
| 144 | ov_144 | 1.3005891686427773 × 10^276 |
| 143 | ov_143 | 1.6679556894043463 × 10^276 |
| 142 | ov_142 | 2.1056879851572927 × 10^276 |
| 141 | ov_141 | 2.623335345741711 × 10^276 |
| 140 | ov_140 | 3.2310272280891926 × 10^276 |
| 139 | ov_139 | 3.9394932080152215 × 10^276 |
| 138 | ov_138 | 4.760087272409278 × 10^276 |
| 137 | ov_137 | 5.704816946350545 × 10^276 |
| 136 | ov_136 | 6.786377828200534 × 10^276 |
| 135 | ov_135 | 8.01819418202037 × 10^276 |
| 134 | ov_134 | 9.414466172362544 × 10^276 |
| 133 | ov_133 | 1.098292382121145 × 10^277 |
| 132 | ov_132 | 1.2731759686416855 × 10^277 |
| 131 | ov_131 | 1.4669665910707935 × 10^277 |
| 130 | ov_130 | 1.4669677422791147 × 10^277 |
| 129 | ov_129 | 1.4669713197710004 × 10^277 |
| 128 | aaa_77_29 | 1.5940715725443836 × 10^277 |
| 127 | aaa_77_28 | 4.252445624379848 × 10^277 |
| 126 | ov_126 | 1.3313961811652666 × 10^278 |
| 125 | ov_125 | 2.9897711059077477 × 10^278 |
| 124 | ov_124 | 5.6910652373233664 × 10^278 |
| 123 | ov_123 | 9.725976777065482 × 10^278 |
| 122 | ov_122 | 1.5385211122285092 × 10^279 |
| 121 | ov_121 | 2.2959491199442635 × 10^279 |
| 120 | ov_120 | 3.2739575417780245 × 10^279 |
| 119 | ov_119 | 4.501628501805869 × 10^279 |
| 118 | ov_118 | 6.008055104129704 × 10^279 |
| 117 | ov_117 | 7.822351446195731 × 10^279 |
| 116 | ov_116 | 9.973672325643458 × 10^279 |
| 115 | ov_115 | 1.2491245659184275 × 10^280 |
| 114 | ov_114 | 1.5404419693010745 × 10^280 |
| 113 | ov_113 | 1.8742727084680515 × 10^280 |
| 112 | ov_112 | 2.2535967937403086 × 10^280 |
| 111 | ov_111 | 2.6814313869664413 × 10^280 |
| 110 | ov_110 | 3.160843218628044 × 10^280 |
| 109 | ov_109 | 3.694962922335581 × 10^280 |
| 108 | ov_108 | 4.287001799073524 × 10^280 |
| 107 | ov_107 | 4.940271525053971 × 10^280 |
| 106 | ov_106 | 5.658206609102405 × 10^280 |
| 105 | ov_105 | 6.444389408462927 × 10^280 |
| 104 | ov_104 | 7.302578331931805 × 10^280 |
| 103 | ov_103 | 8.23673986434011 × 10^280 |
| 102 | ov_102 | 9.251084644841487 × 10^280 |
| 101 | ov_101 | 1.0350107839488176 × 10^281 |
| 100 | ov_100 | 1.153863405834481 × 10^281 |
| 96 | aaa_78_29 | 1.1775716311417628 × 10^281 |
| 99 | ov_099 | 1.2821867079097815 × 10^281 |
| 98 | ov_098 | 1.2821990260733183 × 10^281 |
| 97 | ov_097 | 1.2822376251202994 × 10^281 |
| 95 | aaa_78_28 | 3.108006286906748 × 10^281 |
| 94 | ov_094 | 9.663507920233037 × 10^281 |
| 93 | ov_093 | 2.1559077171077625 × 10^282 |
| 92 | ov_092 | 4.081567291114704 × 10^282 |
| 91 | ov_091 | 7.681552953457131 × 10^282 |
| 90 | ov_090 | 1.5034510660235162 × 10^283 |
| 89 | ov_089 | 2.8623676167584688 × 10^283 |
| 88 | ov_088 | 5.133745634255314 × 10^283 |
| 87 | ov_087 | 8.647051136837296 × 10^283 |
| 86 | ov_086 | 1.3772555705622629 × 10^284 |
| 85 | ov_085 | 2.092161179197197 × 10^284 |
| 84 | ov_084 | 3.0547046361501943 × 10^284 |
| 83 | ov_083 | 4.314369613619415 × 10^284 |
| 82 | ov_082 | 5.924910769823372 × 10^284 |
| 81 | ov_081 | 7.944442572385354 × 10^284 |
| 64 | lv_79_m31 | 1.0021785523069023 × 10^285 |
| 80 | ov_080 | 1.0435549262412007 × 10^285 |
| 79 | ov_079 | 1.3465418288420609 × 10^285 |
| 78 | ov_078 | 1.7105999541922957 × 10^285 |
| 77 | ov_077 | 2.1434192731345233 × 10^285 |
| 76 | ov_076 | 2.6532065239144234 × 10^285 |
| 75 | ov_075 | 3.2444747999104826 × 10^285 |
| 74 | ov_074 | 3.926543105187455 × 10^285 |
| 63 | ov_063 | 4.132601652216046 × 10^285 |
| 73 | ov_073 | 4.7045273150848445 × 10^285 |
| 72 | ov_072 | 5.588988356506149 × 10^285 |
| 71 | ov_071 | 6.591166910044737 × 10^285 |
| 70 | ov_070 | 7.717232901808692 × 10^285 |
| 69 | ov_069 | 8.97375672571183 × 10^285 |
| 68 | ov_068 | 1.0367738002982683 × 10^286 |
| 67 | ov_067 | 1.1906637074064627 × 10^286 |
| 66 | ov_066 | 1.190664641567994 × 10^286 |
| 65 | ov_065 | 1.1906675242358403 × 10^286 |
| 62 | ov_062 | 1.7032526777436096 × 10^286 |
| 61 | ov_061 | 5.137412786255597 × 10^286 |
| 60 | ov_060 | 1.2441296446778177 × 10^287 |
| 59 | ov_059 | 2.5787638531239786 × 10^287 |
| 58 | ov_058 | 4.750306863929958 × 10^287 |
| 57 | ov_057 | 7.991423495679308 × 10^287 |
| 56 | ov_056 | 1.3604357955746352 × 10^288 |
| 55 | ov_055 | 2.4426283217325398 × 10^288 |
| 54 | ov_054 | 4.375976951567054 × 10^288 |
| 53 | ov_053 | 7.537286213591387 × 10^288 |
| 52 | ov_052 | 1.2349921751373388 × 10^289 |
| 51 | ov_051 | 1.9283835453981337 × 10^289 |
| 50 | ov_050 | 2.885561384298139 × 10^289 |
| 49 | ov_049 | 4.1628567228495275 × 10^289 |
| 48 | ov_048 | 5.791953070716017 × 10^289 |
| 47 | ov_047 | 7.806896830324387 × 10^289 |
| 32 | lv_80_m31 | 9.30752310832872 × 10^289 |
| 46 | ov_046 | 1.0244118211573656 × 10^290 |
| 45 | ov_045 | 1.3142460282406856 × 10^290 |
| 44 | ov_044 | 1.6543217967100649 × 10^290 |
| 43 | ov_043 | 2.0490188972332 × 10^290 |
| 42 | ov_042 | 2.507353649878605 × 10^290 |
| 41 | ov_041 | 3.0388640731296585 × 10^290 |
| 40 | ov_040 | 3.6536280567091324 × 10^290 |
| 31 | ov_031 | 3.85249023507402 × 10^290 |
| 39 | ov_039 | 4.362285585168654 × 10^290 |
| 38 | ov_038 | 5.176065569141892 × 10^290 |
| 37 | ov_037 | 6.1068178800680406 × 10^290 |
| 36 | ov_036 | 7.16705118237079 × 10^290 |
| 35 | ov_035 | 8.369977114780779 × 10^290 |
| 34 | ov_034 | 9.722773869970137 × 10^290 |
| 33 | ov_033 | 1.1233041559712856 × 10^291 |
| 30 | ov_030 | 1.5941096546162163 × 10^291 |
| 29 | ov_029 | 4.8260583635856784 × 10^291 |
| 28 | ov_028 | 1.1729375104124696 × 10^292 |
| 27 | ov_027 | 2.806104208003147 × 10^292 |
| 26 | ov_026 | 6.757166977987316 × 10^292 |
| 25 | ov_025 | 1.484851810257514 × 10^293 |
| 24 | ov_024 | 2.9349889443325133 × 10^293 |
| 23 | ov_023 | 5.297837423536604 × 10^293 |
| 22 | ov_022 | 8.88984739467776 × 10^293 |
| 21 | ov_021 | 1.4072218539399852 × 10^294 |
| 20 | ov_020 | 2.1250914566603274 × 10^294 |
| 19 | ov_019 | 3.0876686401526376 × 10^294 |
| 18 | ov_018 | 4.344511174636344 × 10^294 |
| 17 | ov_017 | 5.949666696625148 × 10^294 |
| 16 | ov_016 | 7.961685479052445 × 10^294 |
| 15 | ov_015 | 1.0443641611232339 × 10^295 |
| 14 | ov_014 | 1.3463165789420525 × 10^295 |
| 13 | ov_013 | 1.7092493291366912 × 10^295 |
| 12 | ov_012 | 2.1408531081203167 × 10^295 |
| 11 | ov_011 | 2.6492948071198333 × 10^295 |
| 10 | ov_010 | 3.243229203792886 × 10^295 |
| 9 | ov_009 | 3.931813609243221 × 10^295 |
| 8 | ov_008 | 4.724725752396341 × 10^295 |
| 7 | ov_007 | 5.632185202902083 × 10^295 |
| 6 | ov_006 | 6.66497865321188 × 10^295 |
| 5 | ov_005 | 7.828950905410294 × 10^295 |
| 4 | ov_004 | 9.130271454126949 × 10^295 |
| 3 | ov_003 | 1.0575455848183443 × 10^296 |
| 2 | ov_002 | 1.2171390388055854 × 10^296 |
| 1 | ov_001 | 1.3925360585023323 × 10^296 |

