# Results for F001-F002-F003-F004-F005-F006-F007-F008-F009-F010-F011-F012-F013-F014-F015-F016-F017-F018-F019-F020-F021-F022-F023-F024-F025-F026-F027-F028-F029-F030-F031-F032-F033-F034-F035-F036-F037-F038-F039-F040-F041-F042-F043-F044-F045-F046-F047-F048-F049-F050-F051-F052-F053-F054-F055-F056-F057-F058-F059-F060-F061-F062-F063-F064-F065-F066-F067-F068-F069-F070-F071-F072-F073-F074-F075-F076-F077-F078-F079-F080-F081-F082-F083-F084-F085-F086-F087-F088-F089-F090-F091-F092-F093-F094-F095-F096-F097-F098-F099-F100-F101-F102-F103-F104-F105-F106-F107-F108-F109-F110-F111-F112-F113-F114-F115-F116-F117-F118-F119-F120-F121-F122-F123-F124-F125-F126-F127-F128-F129-F130-F131-F132-F133-F134-F135-F136-F137-F138-F139-F140-F141-F142-F143-F144-F145-F146-F147-F148-F149-F150-F151-F152-F153-F154-F155-F156-F157-F158-F159-F160-F161-F162-F163-F164-F165-F166-F167-F168-F169-F170-F171-F172-F173-F174-F175-F176-F177-F178-F179-F180-F181-F182-F183-F184-F185-F186-F187-F188-F189-F190-F191-F192-F193-F194-F195-F196-F197-F198-F199-F200-F201-F202-F203-F204-F205-F206-F207-F208-F209-F210-F211-F212-F213-F214-F215-F216-F217-F218-F219-F220-F221-F222-F223-F224-F225-F226-F227-F228-F229-F230-F231-F232-F233-F234-F235-F236-F237-F238-F239-F240-F241-F242-F243-F244-F245-F246-F247-F248-F249-F250-F251-F252-F253-F254-F255-F256-F257-F258-F259-F260-F261-F262-F263-F264-F265-F266-F267-F268-F269-F270-F271-F272-F273-F274-F275-F276-F277-F278-F279-F280-F281-F282-F283-F284-F285-F286-F287-F288-F289-F290-F291-F292-F293-F294-F295-F296-F297-F298-F299-F300-F301-F302-F303-F304-F305-F306-F307-F308-F309-F310-F311-F312-F313-F314-F315-F316-F317-F318-F319-F320-F321-F322-F323-F324-F325-F326-F327-F328-F329-F330-F331-F332-F333-F334-F335-F336-F337-F338-F339-F340-F341-F342-F343-F344-F345-F346-F347-F348-F349-F350-F351-F352-F353-F354-F355-F356-F357-F358-F359-F360-F361-F362-F363-F364-F365-F366-F367-F368-F369-F370-F371-F372-F373-F374-F375-F376-F377-F378-F379-F380-F381-F382-F383-F384-F385-F386-F387-F388-F389-F390-F391-F392-F393-F394-F395-F396-F397-F398-F399-F400-F401-F402-F403-F404-F405-F406-F407-F408-F409-F410-F411-F412-F413-F414-F415-F416-F417-F418-F419-F420-F421-F422-F423-F424-F425-F426-F427-F428-F429-F430-F431-F432-F433-F434-F435-F436-F437-F438-F439-F440-F441-F442-F443-F444-F445-F446-F447-F448-F449-F450-F451-F452-F453-F454-F455-F456-F457-F458-F459-F460-F461-F462-F463-F464-F465-F466-F467-F468-F469-F470-F471-F472-F473-F474-F475-F476-F477-F478-F479-F480-F481-F482-F483-F484-F485-F486-F487-F488-F489-F490-F491-F492-F493-F494-F495-F496-F497-F498-F499-F500-F501-F502-F503-F504-F505-E506507

## Summary

Number of input bits: 512  
Number of free input bits: 6  
Number of output bits: 160

Number of direct occurrences: 24509  
Number of assignments: 30299  
Number of operations: 10898979
(xor: 10868267,
and: 17946,
or: 12766)

Total complexity: 3.8253188021916785 × 10^296

Least occurring input variable: iv_508 (3994)  
Most occurring input variable: iv_512 (4227)

Most co-occurring input variables: iv_511-iv_512 (2019)  
Least co-occurring input variables: iv_506-iv_508 (1787)

Potentially most occurring input variable: iv_506/iv_510 (4574)  
Potentially least occurring input variable: iv_508/iv_509 (4167)

Least output occurring input variable: iv_508 (70)  
Most output occurring input variable: iv_510 (79)

Most output co-occurring input variables: iv_510-iv_512 (42)  
Least output co-occurring input variables: iv_508-iv_512 (29)

Potentially most output occurring input variable: iv_506/iv_510 (97)  
Potentially least output occurring input variable: iv_510/iv_512 (73)

Least complex input bit: iv_506 (3.9472697265024634 × 10^295)  
Most complex input bit: iv_510 (1.1551854180497856 × 10^296)

Least complex output bit: aaa_76_29 (6.302617330263722 × 10^271)  
Most complex output bit: ov_001 (5.895072314312211 × 10^295)

Least complex input/output complexity: iv_506/aaa_76_29 (6.503544376804896 × 10^270)  
Most complex input/output complexity: iv_510/ov_001 (1.780218049261881 × 10^295)

Input variable with highest collision probability: iv_510 (½^160.00000000000077)

## Input Bits

### Input Bits in Regular Order

| Input Bit | Complexity | Occurrences | Output Occurrences | Collision Probability |
|:---------:|:----------:|:-----------:|:------------------:|:---------------------:|
| iv_506 | 3.9472697265024634 × 10^295 | 4094 | 76 | ½^160.00000000000077 |
| iv_508 | 5.216447683606614 × 10^295 | 3994 | 70 | ½^160.00000000000102 |
| iv_509 | 8.00502915159948 × 10^295 | 4011 | 78 | ½^160.00000000000088 |
| iv_510 | 1.1551854180497856 × 10^296 | 4114 | 79 | ½^160.00000000000077 |
| iv_511 | 4.3732931164171164 × 10^295 | 4069 | 74 | ½^160.00000000000077 |
| iv_512 | 5.159294163293264 × 10^295 | 4227 | 78 | ½^160.0000000000009 |

### Input Bits Sorted by Complexity

| Input Bit | Complexity | Occurrences | Output Occurrences | Collision Probability |
|:---------:|:----------:|:-----------:|:------------------:|:---------------------:|
| iv_506 | 3.9472697265024634 × 10^295 | 4094 | 76 | ½^160.00000000000077 |
| iv_511 | 4.3732931164171164 × 10^295 | 4069 | 74 | ½^160.00000000000077 |
| iv_512 | 5.159294163293264 × 10^295 | 4227 | 78 | ½^160.0000000000009 |
| iv_508 | 5.216447683606614 × 10^295 | 3994 | 70 | ½^160.00000000000102 |
| iv_509 | 8.00502915159948 × 10^295 | 4011 | 78 | ½^160.00000000000088 |
| iv_510 | 1.1551854180497856 × 10^296 | 4114 | 79 | ½^160.00000000000077 |

### Input Bits Sorted by Occurrences

| Input Bit | Complexity | Occurrences | Output Occurrences | Collision Probability |
|:---------:|:----------:|:-----------:|:------------------:|:---------------------:|
| iv_508 | 5.216447683606614 × 10^295 | 3994 | 70 | ½^160.00000000000102 |
| iv_509 | 8.00502915159948 × 10^295 | 4011 | 78 | ½^160.00000000000088 |
| iv_511 | 4.3732931164171164 × 10^295 | 4069 | 74 | ½^160.00000000000077 |
| iv_506 | 3.9472697265024634 × 10^295 | 4094 | 76 | ½^160.00000000000077 |
| iv_510 | 1.1551854180497856 × 10^296 | 4114 | 79 | ½^160.00000000000077 |
| iv_512 | 5.159294163293264 × 10^295 | 4227 | 78 | ½^160.0000000000009 |

### Input Bits Sorted by Output Occurrences

| Input Bit | Complexity | Occurrences | Output Occurrences | Collision Probability |
|:---------:|:----------:|:-----------:|:------------------:|:---------------------:|
| iv_508 | 5.216447683606614 × 10^295 | 3994 | 70 | ½^160.00000000000102 |
| iv_511 | 4.3732931164171164 × 10^295 | 4069 | 74 | ½^160.00000000000077 |
| iv_506 | 3.9472697265024634 × 10^295 | 4094 | 76 | ½^160.00000000000077 |
| iv_509 | 8.00502915159948 × 10^295 | 4011 | 78 | ½^160.00000000000088 |
| iv_512 | 5.159294163293264 × 10^295 | 4227 | 78 | ½^160.0000000000009 |
| iv_510 | 1.1551854180497856 × 10^296 | 4114 | 79 | ½^160.00000000000077 |

### Input Bits Sorted by Collision Probability

| Input Bit | Complexity | Occurrences | Output Occurrences | Collision Probability |
|:---------:|:----------:|:-----------:|:------------------:|:---------------------:|
| iv_510 | 1.1551854180497856 × 10^296 | 4114 | 79 | ½^160.00000000000077 |
| iv_511 | 4.3732931164171164 × 10^295 | 4069 | 74 | ½^160.00000000000077 |
| iv_506 | 3.9472697265024634 × 10^295 | 4094 | 76 | ½^160.00000000000077 |
| iv_509 | 8.00502915159948 × 10^295 | 4011 | 78 | ½^160.00000000000088 |
| iv_512 | 5.159294163293264 × 10^295 | 4227 | 78 | ½^160.0000000000009 |
| iv_508 | 5.216447683606614 × 10^295 | 3994 | 70 | ½^160.00000000000102 |

## Input Bit/Output Bit Collision Probabilities

| Input Bit | Output Bit | Collision Probability |
|:---------:|:----------:|:---------------------:|
| iv_506 | ov_057 | 0.5000000000000016 |
| iv_508 | ov_003 | 0.5000000000000011 |
| iv_506 | ov_011 | 0.5000000000000008 |
| iv_510 | ov_085 | 0.4999999999999998 |
| iv_510 | ov_052 | 0.49999999999999967 |
| iv_509 | ov_103 | 0.49999999999999956 |

## Input Bit Co-occurrences

### Input Bit Co-occurrences Sorted by Co-occurrences

| Input Bits | Co-occurrences | Potential Occurrences | Output Co-occurrences | Potential Output Occurrences |
|:----------:|:--------------:|:---------------------:|:---------------------:|:----------------------------:|
| iv_511-iv_512 | 2019 | 4258 | 39 | 74 |
| iv_510-iv_512 | 1980 | 4381 | 42 | 73 |
| iv_509-iv_512 | 1973 | 4292 | 37 | 82 |
| iv_510-iv_511 | 1942 | 4299 | 38 | 77 |
| iv_508-iv_512 | 1931 | 4359 | 29 | 90 |
| iv_509-iv_510 | 1925 | 4275 | 37 | 83 |

### Input Bit Co-occurrences Sorted by Potential Occurrences

| Input Bits | Co-occurrences | Potential Occurrences | Output Co-occurrences | Potential Output Occurrences |
|:----------:|:--------------:|:---------------------:|:---------------------:|:----------------------------:|
| iv_508-iv_509 | 1919 | 4167 | 35 | 78 |
| iv_509-iv_511 | 1921 | 4238 | 39 | 74 |
| iv_508-iv_510 | 1925 | 4258 | 31 | 87 |
| iv_511-iv_512 | 2019 | 4258 | 39 | 74 |
| iv_508-iv_511 | 1898 | 4267 | 35 | 74 |
| iv_509-iv_510 | 1925 | 4275 | 37 | 83 |

### Input Bit Output Co-occurrences Sorted by Output Co-occurrences

| Input Bits | Co-occurrences | Potential Occurrences | Output Co-occurrences | Potential Output Occurrences |
|:----------:|:--------------:|:---------------------:|:---------------------:|:----------------------------:|
| iv_510-iv_512 | 1980 | 4381 | 42 | 73 |
| iv_509-iv_511 | 1921 | 4238 | 39 | 74 |
| iv_511-iv_512 | 2019 | 4258 | 39 | 74 |
| iv_510-iv_511 | 1942 | 4299 | 38 | 77 |
| iv_506-iv_512 | 1920 | 4481 | 38 | 78 |
| iv_509-iv_512 | 1973 | 4292 | 37 | 82 |

### Input Bit Output Co-occurrences Sorted by Potential Output Occurrences

| Input Bits | Co-occurrences | Potential Occurrences | Output Co-occurrences | Potential Output Occurrences |
|:----------:|:--------------:|:---------------------:|:---------------------:|:----------------------------:|
| iv_510-iv_512 | 1980 | 4381 | 42 | 73 |
| iv_508-iv_511 | 1898 | 4267 | 35 | 74 |
| iv_509-iv_511 | 1921 | 4238 | 39 | 74 |
| iv_511-iv_512 | 2019 | 4258 | 39 | 74 |
| iv_510-iv_511 | 1942 | 4299 | 38 | 77 |
| iv_508-iv_509 | 1919 | 4167 | 35 | 78 |

## Output Bits

### Output Bits in Regular Order

| Rank | Output Bit | Complexity |
|:----:|:----------:|:----------:|
| 1 | ov_001 | 5.895072314312211 × 10^295 |
| 2 | ov_002 | 5.167198206275941 × 10^295 |
| 3 | ov_003 | 4.503302937396 × 10^295 |
| 4 | ov_004 | 3.9002383507995565 × 10^295 |
| 5 | ov_005 | 3.355028618086856 × 10^295 |
| 6 | ov_006 | 2.8648579708426717 × 10^295 |
| 7 | ov_007 | 2.4270600754923874 × 10^295 |
| 8 | ov_008 | 2.0391088601101994 × 10^295 |
| 9 | ov_009 | 1.6986106118488905 × 10^295 |
| 10 | ov_010 | 1.4011487231114346 × 10^295 |
| 11 | ov_011 | 1.1445747436696702 × 10^295 |
| 12 | ov_012 | 9.249317104184756 × 10^294 |
| 13 | ov_013 | 7.384801760853551 × 10^294 |
| 14 | ov_014 | 5.8169186258573414 × 10^294 |
| 15 | ov_015 | 4.5124454686197446 × 10^294 |
| 16 | ov_016 | 3.440180608914932 × 10^294 |
| 17 | ov_017 | 2.5709128493824324 × 10^294 |
| 18 | ov_018 | 1.8773998932291 × 10^294 |
| 19 | ov_019 | 1.3343535930483186 × 10^294 |
| 20 | ov_020 | 9.184304230466414 × 10^293 |
| 21 | ov_021 | 6.082257346445586 × 10^293 |
| 22 | ov_022 | 3.842705230172289 × 10^293 |
| 23 | ov_023 | 2.290296478118518 × 10^293 |
| 24 | ov_024 | 1.2690079032621007 × 10^293 |
| 25 | ov_025 | 6.421380187512298 × 10^292 |
| 26 | ov_026 | 2.9230312157226527 × 10^292 |
| 27 | ov_027 | 1.2143518643214546 × 10^292 |
| 28 | ov_028 | 5.0780886461740665 × 10^291 |
| 29 | ov_029 | 2.0901218303160802 × 10^291 |
| 30 | ov_030 | 6.9052385072659 × 10^290 |
| 31 | ov_031 | 1.6685528382614804 × 10^290 |
| 32 | lv_80_k31 | 4.0288920921657057 × 10^289 |
| 33 | ov_033 | 4.849601552283101 × 10^290 |
| 34 | ov_034 | 4.199763253219354 × 10^290 |
| 35 | ov_035 | 3.616583511331771 × 10^290 |
| 36 | ov_036 | 3.096659151046105 × 10^290 |
| 37 | ov_037 | 2.636773940556613 × 10^290 |
| 38 | ov_038 | 2.233884731298214 × 10^290 |
| 39 | ov_039 | 1.8823781080300678 × 10^290 |
| 40 | ov_040 | 1.5769332938093173 × 10^290 |
| 41 | ov_041 | 1.3125058325750375 × 10^290 |
| 42 | ov_042 | 1.084313820320385 × 10^290 |
| 43 | ov_043 | 8.878263994892565 × 10^289 |
| 44 | ov_044 | 7.1875424941516 × 10^289 |
| 45 | ov_045 | 5.730418230715532 × 10^289 |
| 46 | ov_046 | 4.487189215567311 × 10^289 |
| 47 | ov_047 | 3.4392772054380403 × 10^289 |
| 48 | ov_048 | 2.5692059189001974 × 10^289 |
| 49 | ov_049 | 1.8605842504658739 × 10^289 |
| 50 | ov_050 | 1.2980935948179874 × 10^289 |
| 51 | ov_051 | 8.674785563342175 × 10^288 |
| 52 | ov_052 | 5.555404811224312 × 10^288 |
| 53 | ov_053 | 3.3903705305978564 × 10^288 |
| 54 | ov_054 | 1.9682443031521108 × 10^288 |
| 55 | ov_055 | 1.0985507568110348 × 10^288 |
| 56 | ov_056 | 6.1176629720061086 × 10^287 |
| 57 | ov_057 | 3.5931300482075 × 10^287 |
| 58 | ov_058 | 2.1355514696129394 × 10^287 |
| 59 | ov_059 | 1.1591008844790657 × 10^287 |
| 60 | ov_060 | 5.590825209912339 × 10^286 |
| 61 | ov_061 | 2.308014408167667 × 10^286 |
| 62 | ov_062 | 7.649705544069459 × 10^285 |
| 63 | ov_063 | 1.855396711835529 × 10^285 |
| 64 | lv_79_k31 | 4.497759391859008 × 10^284 |
| 65 | ov_065 | 5.281896085078179 × 10^285 |
| 66 | ov_066 | 5.281883158140326 × 10^285 |
| 67 | ov_067 | 5.28187896890986 × 10^285 |
| 68 | ov_068 | 4.5884656061904054 × 10^285 |
| 69 | ov_069 | 3.9607776233413965 × 10^285 |
| 70 | ov_070 | 3.395468902581876 × 10^285 |
| 71 | ov_071 | 2.8894000099135776 × 10^285 |
| 72 | ov_072 | 2.4396240701677895 × 10^285 |
| 73 | ov_073 | 2.0433738663394057 × 10^285 |
| 74 | ov_074 | 1.6980500990036063 × 10^285 |
| 75 | ov_075 | 1.3989163931933826 × 10^285 |
| 76 | ov_076 | 1.1415230984148684 × 10^285 |
| 77 | ov_077 | 9.216909721280528 × 10^284 |
| 78 | ov_078 | 7.354966595049066 × 10^284 |
| 79 | ov_079 | 5.792598604023801 × 10^284 |
| 80 | ov_080 | 4.495320760015333 × 10^284 |
| 81 | ov_081 | 3.430868286798374 × 10^284 |
| 82 | ov_082 | 2.5691124947701076 × 10^284 |
| 83 | ov_083 | 1.8819892805420817 × 10^284 |
| 84 | ov_084 | 1.3434392039332363 × 10^284 |
| 85 | ov_085 | 9.293580969185613 × 10^283 |
| 86 | ov_086 | 6.17557160259528 × 10^283 |
| 87 | ov_087 | 3.877315041729756 × 10^283 |
| 88 | ov_088 | 2.301962238602031 × 10^283 |
| 89 | ov_089 | 1.2834843031749896 × 10^283 |
| 90 | ov_090 | 6.74149981644223 × 10^282 |
| 91 | ov_091 | 3.444445109303492 × 10^282 |
| 92 | ov_092 | 1.830208480316479 × 10^282 |
| 93 | ov_093 | 9.667344131021556 × 10^281 |
| 94 | ov_094 | 4.333272401675283 × 10^281 |
| 95 | aaa_78_28 | 1.3936946945214133 × 10^281 |
| 96 | aaa_78_29 | 5.280566735022912 × 10^280 |
| 97 | ov_097 | 5.752078608084862 × 10^280 |
| 98 | ov_098 | 5.7519035782009555 × 10^280 |
| 99 | ov_099 | 5.751847583870428 × 10^280 |
| 100 | ov_100 | 5.176495762684656 × 10^280 |
| 101 | ov_101 | 4.643595375315939 × 10^280 |
| 102 | ov_102 | 4.15080538455465 × 10^280 |
| 103 | ov_103 | 3.695957693962772 × 10^280 |
| 104 | ov_104 | 3.277034646830199 × 10^280 |
| 105 | ov_105 | 2.89214858084386 × 10^280 |
| 106 | ov_106 | 2.5395233267987895 × 10^280 |
| 107 | ov_107 | 2.217477544678602 × 10^280 |
| 108 | ov_108 | 1.9244097945572615 × 10^280 |
| 109 | ov_109 | 1.6587852431304606 × 10^280 |
| 110 | ov_110 | 1.4191239093744733 × 10^280 |
| 111 | ov_111 | 1.2039903549466997 × 10^280 |
| 112 | ov_112 | 1.0119847265724827 × 10^280 |
| 113 | ov_113 | 8.417350588870042 × 10^279 |
| 114 | ov_114 | 6.918907470941973 × 10^279 |
| 115 | ov_115 | 5.611170994308914 × 10^279 |
| 116 | ov_116 | 4.4809087983961013 × 10^279 |
| 117 | ov_117 | 3.5149675151378424 × 10^279 |
| 118 | ov_118 | 2.70024532131988 × 10^279 |
| 119 | ov_119 | 2.023671716795799 × 10^279 |
| 120 | ov_120 | 1.4721936379685536 × 10^279 |
| 121 | ov_121 | 1.0327670161260687 × 10^279 |
| 122 | ov_122 | 6.92352487933436 × 10^278 |
| 123 | ov_123 | 4.3791338322121 × 10^278 |
| 124 | ov_124 | 2.564145531047438 × 10^278 |
| 125 | ov_125 | 1.348216004663372 × 10^278 |
| 126 | ov_126 | 6.010043686759316 × 10^277 |
| 127 | aaa_77_28 | 1.9217072609561739 × 10^277 |
| 128 | aaa_77_29 | 7.21590715555445 × 10^276 |
| 129 | ov_129 | 6.608475575993139 × 10^276 |
| 130 | ov_130 | 6.608460221198188 × 10^276 |
| 131 | ov_131 | 6.608455277997997 × 10^276 |
| 132 | ov_132 | 5.745998541376551 × 10^276 |
| 133 | ov_133 | 4.964535474993885 × 10^276 |
| 134 | ov_134 | 4.2603492940717317 × 10^276 |
| 135 | ov_135 | 3.6299370657014785 × 10^276 |
| 136 | ov_136 | 3.069993760373533 × 10^276 |
| 137 | ov_137 | 2.5773980676268653 × 10^276 |
| 138 | ov_138 | 2.1464100054317618 × 10^276 |
| 139 | ov_139 | 1.77160060106954 × 10^276 |
| 140 | ov_140 | 1.4478343263412772 × 10^276 |
| 141 | ov_141 | 1.170254215003088 × 10^276 |
| 142 | ov_142 | 9.342694341119845 × 10^275 |
| 143 | ov_143 | 7.355450406353175 × 10^275 |
| 144 | ov_144 | 5.699936534216772 × 10^275 |
| 145 | ov_145 | 4.3376878826690634 × 10^275 |
| 146 | ov_146 | 3.2325962129238394 × 10^275 |
| 147 | ov_147 | 2.3508696323414253 × 10^275 |
| 148 | ov_148 | 1.6610024455780718 × 10^275 |
| 149 | ov_149 | 1.133753285918141 × 10^275 |
| 150 | ov_150 | 7.421298712669543 × 10^274 |
| 151 | ov_151 | 4.613789017121829 × 10^274 |
| 152 | ov_152 | 2.689797879205444 × 10^274 |
| 153 | ov_153 | 1.44641071949529 × 10^274 |
| 154 | ov_154 | 7.029857433940033 × 10^273 |
| 155 | ov_155 | 3.0114498765794655 × 10^273 |
| 156 | aaa_76_25 | 1.0477012827329356 × 10^273 |
| 157 | aaa_76_26 | 6.453175308207434 × 10^272 |
| 158 | aaa_76_27 | 3.542129340780408 × 10^272 |
| 159 | aaa_76_28 | 1.6714736634734013 × 10^272 |
| 160 | aaa_76_29 | 6.302617330263722 × 10^271 |

### Output Bits Sorted by Complexity

| Rank | Output Bit | Complexity |
|:----:|:----------:|:----------:|
| 160 | aaa_76_29 | 6.302617330263722 × 10^271 |
| 159 | aaa_76_28 | 1.6714736634734013 × 10^272 |
| 158 | aaa_76_27 | 3.542129340780408 × 10^272 |
| 157 | aaa_76_26 | 6.453175308207434 × 10^272 |
| 156 | aaa_76_25 | 1.0477012827329356 × 10^273 |
| 155 | ov_155 | 3.0114498765794655 × 10^273 |
| 154 | ov_154 | 7.029857433940033 × 10^273 |
| 153 | ov_153 | 1.44641071949529 × 10^274 |
| 152 | ov_152 | 2.689797879205444 × 10^274 |
| 151 | ov_151 | 4.613789017121829 × 10^274 |
| 150 | ov_150 | 7.421298712669543 × 10^274 |
| 149 | ov_149 | 1.133753285918141 × 10^275 |
| 148 | ov_148 | 1.6610024455780718 × 10^275 |
| 147 | ov_147 | 2.3508696323414253 × 10^275 |
| 146 | ov_146 | 3.2325962129238394 × 10^275 |
| 145 | ov_145 | 4.3376878826690634 × 10^275 |
| 144 | ov_144 | 5.699936534216772 × 10^275 |
| 143 | ov_143 | 7.355450406353175 × 10^275 |
| 142 | ov_142 | 9.342694341119845 × 10^275 |
| 141 | ov_141 | 1.170254215003088 × 10^276 |
| 140 | ov_140 | 1.4478343263412772 × 10^276 |
| 139 | ov_139 | 1.77160060106954 × 10^276 |
| 138 | ov_138 | 2.1464100054317618 × 10^276 |
| 137 | ov_137 | 2.5773980676268653 × 10^276 |
| 136 | ov_136 | 3.069993760373533 × 10^276 |
| 135 | ov_135 | 3.6299370657014785 × 10^276 |
| 134 | ov_134 | 4.2603492940717317 × 10^276 |
| 133 | ov_133 | 4.964535474993885 × 10^276 |
| 132 | ov_132 | 5.745998541376551 × 10^276 |
| 131 | ov_131 | 6.608455277997997 × 10^276 |
| 130 | ov_130 | 6.608460221198188 × 10^276 |
| 129 | ov_129 | 6.608475575993139 × 10^276 |
| 128 | aaa_77_29 | 7.21590715555445 × 10^276 |
| 127 | aaa_77_28 | 1.9217072609561739 × 10^277 |
| 126 | ov_126 | 6.010043686759316 × 10^277 |
| 125 | ov_125 | 1.348216004663372 × 10^278 |
| 124 | ov_124 | 2.564145531047438 × 10^278 |
| 123 | ov_123 | 4.3791338322121 × 10^278 |
| 122 | ov_122 | 6.92352487933436 × 10^278 |
| 121 | ov_121 | 1.0327670161260687 × 10^279 |
| 120 | ov_120 | 1.4721936379685536 × 10^279 |
| 119 | ov_119 | 2.023671716795799 × 10^279 |
| 118 | ov_118 | 2.70024532131988 × 10^279 |
| 117 | ov_117 | 3.5149675151378424 × 10^279 |
| 116 | ov_116 | 4.4809087983961013 × 10^279 |
| 115 | ov_115 | 5.611170994308914 × 10^279 |
| 114 | ov_114 | 6.918907470941973 × 10^279 |
| 113 | ov_113 | 8.417350588870042 × 10^279 |
| 112 | ov_112 | 1.0119847265724827 × 10^280 |
| 111 | ov_111 | 1.2039903549466997 × 10^280 |
| 110 | ov_110 | 1.4191239093744733 × 10^280 |
| 109 | ov_109 | 1.6587852431304606 × 10^280 |
| 108 | ov_108 | 1.9244097945572615 × 10^280 |
| 107 | ov_107 | 2.217477544678602 × 10^280 |
| 106 | ov_106 | 2.5395233267987895 × 10^280 |
| 105 | ov_105 | 2.89214858084386 × 10^280 |
| 104 | ov_104 | 3.277034646830199 × 10^280 |
| 103 | ov_103 | 3.695957693962772 × 10^280 |
| 102 | ov_102 | 4.15080538455465 × 10^280 |
| 101 | ov_101 | 4.643595375315939 × 10^280 |
| 100 | ov_100 | 5.176495762684656 × 10^280 |
| 96 | aaa_78_29 | 5.280566735022912 × 10^280 |
| 99 | ov_099 | 5.751847583870428 × 10^280 |
| 98 | ov_098 | 5.7519035782009555 × 10^280 |
| 97 | ov_097 | 5.752078608084862 × 10^280 |
| 95 | aaa_78_28 | 1.3936946945214133 × 10^281 |
| 94 | ov_094 | 4.333272401675283 × 10^281 |
| 93 | ov_093 | 9.667344131021556 × 10^281 |
| 92 | ov_092 | 1.830208480316479 × 10^282 |
| 91 | ov_091 | 3.444445109303492 × 10^282 |
| 90 | ov_090 | 6.74149981644223 × 10^282 |
| 89 | ov_089 | 1.2834843031749896 × 10^283 |
| 88 | ov_088 | 2.301962238602031 × 10^283 |
| 87 | ov_087 | 3.877315041729756 × 10^283 |
| 86 | ov_086 | 6.17557160259528 × 10^283 |
| 85 | ov_085 | 9.293580969185613 × 10^283 |
| 84 | ov_084 | 1.3434392039332363 × 10^284 |
| 83 | ov_083 | 1.8819892805420817 × 10^284 |
| 82 | ov_082 | 2.5691124947701076 × 10^284 |
| 81 | ov_081 | 3.430868286798374 × 10^284 |
| 80 | ov_080 | 4.495320760015333 × 10^284 |
| 64 | lv_79_k31 | 4.497759391859008 × 10^284 |
| 79 | ov_079 | 5.792598604023801 × 10^284 |
| 78 | ov_078 | 7.354966595049066 × 10^284 |
| 77 | ov_077 | 9.216909721280528 × 10^284 |
| 76 | ov_076 | 1.1415230984148684 × 10^285 |
| 75 | ov_075 | 1.3989163931933826 × 10^285 |
| 74 | ov_074 | 1.6980500990036063 × 10^285 |
| 63 | ov_063 | 1.855396711835529 × 10^285 |
| 73 | ov_073 | 2.0433738663394057 × 10^285 |
| 72 | ov_072 | 2.4396240701677895 × 10^285 |
| 71 | ov_071 | 2.8894000099135776 × 10^285 |
| 70 | ov_070 | 3.395468902581876 × 10^285 |
| 69 | ov_069 | 3.9607776233413965 × 10^285 |
| 68 | ov_068 | 4.5884656061904054 × 10^285 |
| 67 | ov_067 | 5.28187896890986 × 10^285 |
| 66 | ov_066 | 5.281883158140326 × 10^285 |
| 65 | ov_065 | 5.281896085078179 × 10^285 |
| 62 | ov_062 | 7.649705544069459 × 10^285 |
| 61 | ov_061 | 2.308014408167667 × 10^286 |
| 60 | ov_060 | 5.590825209912339 × 10^286 |
| 59 | ov_059 | 1.1591008844790657 × 10^287 |
| 58 | ov_058 | 2.1355514696129394 × 10^287 |
| 57 | ov_057 | 3.5931300482075 × 10^287 |
| 56 | ov_056 | 6.1176629720061086 × 10^287 |
| 55 | ov_055 | 1.0985507568110348 × 10^288 |
| 54 | ov_054 | 1.9682443031521108 × 10^288 |
| 53 | ov_053 | 3.3903705305978564 × 10^288 |
| 52 | ov_052 | 5.555404811224312 × 10^288 |
| 51 | ov_051 | 8.674785563342175 × 10^288 |
| 50 | ov_050 | 1.2980935948179874 × 10^289 |
| 49 | ov_049 | 1.8605842504658739 × 10^289 |
| 48 | ov_048 | 2.5692059189001974 × 10^289 |
| 47 | ov_047 | 3.4392772054380403 × 10^289 |
| 32 | lv_80_k31 | 4.0288920921657057 × 10^289 |
| 46 | ov_046 | 4.487189215567311 × 10^289 |
| 45 | ov_045 | 5.730418230715532 × 10^289 |
| 44 | ov_044 | 7.1875424941516 × 10^289 |
| 43 | ov_043 | 8.878263994892565 × 10^289 |
| 42 | ov_042 | 1.084313820320385 × 10^290 |
| 41 | ov_041 | 1.3125058325750375 × 10^290 |
| 40 | ov_040 | 1.5769332938093173 × 10^290 |
| 31 | ov_031 | 1.6685528382614804 × 10^290 |
| 39 | ov_039 | 1.8823781080300678 × 10^290 |
| 38 | ov_038 | 2.233884731298214 × 10^290 |
| 37 | ov_037 | 2.636773940556613 × 10^290 |
| 36 | ov_036 | 3.096659151046105 × 10^290 |
| 35 | ov_035 | 3.616583511331771 × 10^290 |
| 34 | ov_034 | 4.199763253219354 × 10^290 |
| 33 | ov_033 | 4.849601552283101 × 10^290 |
| 30 | ov_030 | 6.9052385072659 × 10^290 |
| 29 | ov_029 | 2.0901218303160802 × 10^291 |
| 28 | ov_028 | 5.0780886461740665 × 10^291 |
| 27 | ov_027 | 1.2143518643214546 × 10^292 |
| 26 | ov_026 | 2.9230312157226527 × 10^292 |
| 25 | ov_025 | 6.421380187512298 × 10^292 |
| 24 | ov_024 | 1.2690079032621007 × 10^293 |
| 23 | ov_023 | 2.290296478118518 × 10^293 |
| 22 | ov_022 | 3.842705230172289 × 10^293 |
| 21 | ov_021 | 6.082257346445586 × 10^293 |
| 20 | ov_020 | 9.184304230466414 × 10^293 |
| 19 | ov_019 | 1.3343535930483186 × 10^294 |
| 18 | ov_018 | 1.8773998932291 × 10^294 |
| 17 | ov_017 | 2.5709128493824324 × 10^294 |
| 16 | ov_016 | 3.440180608914932 × 10^294 |
| 15 | ov_015 | 4.5124454686197446 × 10^294 |
| 14 | ov_014 | 5.8169186258573414 × 10^294 |
| 13 | ov_013 | 7.384801760853551 × 10^294 |
| 12 | ov_012 | 9.249317104184756 × 10^294 |
| 11 | ov_011 | 1.1445747436696702 × 10^295 |
| 10 | ov_010 | 1.4011487231114346 × 10^295 |
| 9 | ov_009 | 1.6986106118488905 × 10^295 |
| 8 | ov_008 | 2.0391088601101994 × 10^295 |
| 7 | ov_007 | 2.4270600754923874 × 10^295 |
| 6 | ov_006 | 2.8648579708426717 × 10^295 |
| 5 | ov_005 | 3.355028618086856 × 10^295 |
| 4 | ov_004 | 3.9002383507995565 × 10^295 |
| 3 | ov_003 | 4.503302937396 × 10^295 |
| 2 | ov_002 | 5.167198206275941 × 10^295 |
| 1 | ov_001 | 5.895072314312211 × 10^295 |

