# Results for T001-T002-T003-T004-T005-T006-T007-T008-T009-T010-T011-T012-T013-T014-T015-T016-T017-T018-T019-T020-T021-T022-T023-T024-T025-T026-T027-T028-T029-T030-T031-T032-T033-T034-T035-T036-T037-T038-T039-T040-T041-T042-T043-T044-T045-T046-T047-T048-T049-T050-T051-T052-T053-T054-T055-T056-T057-T058-T059-T060-T061-T062-T063-T064-T065-T066-T067-T068-T069-T070-T071-T072-T073-T074-T075-T076-T077-T078-T079-T080-T081-T082-T083-T084-T085-T086-T087-T088-T089-T090-T091-T092-T093-T094-T095-T096-T097-T098-T099-T100-T101-T102-T103-T104-T105-T106-T107-T108-T109-T110-T111-T112-T113-T114-T115-T116-T117-T118-T119-T120-T121-T122-T123-T124-T125-T126-T127-T128-T129-T130-T131-T132-T133-T134-T135-T136-T137-T138-T139-T140-T141-T142-T143-T144-T145-T146-T147-T148-T149-T150-T151-T152-T153-T154-T155-T156-T157-T158-T159-T160-T161-T162-T163-T164-T165-T166-T167-T168-T169-T170-T171-T172-T173-T174-T175-T176-T177-T178-T179-T180-T181-T182-T183-T184-T185-T186-T187-T188-T189-T190-T191-T192-T193-T194-T195-T196-T197-T198-T199-T200-T201-T202-T203-T204-T205-T206-T207-T208-T209-T210-T211-T212-T213-T214-T215-T216-T217-T218-T219-T220-T221-T222-T223-T224-T225-T226-T227-T228-T229-T230-T231-T232-T233-T234-T235-T236-T237-T238-T239-T240-T241-T242-T243-T244-T245-T246-T247-T248-T249-T250-T251-T252-T253-T254-T255-T256-T257-T258-T259-T260-T261-T262-T263-T264-T265-T266-T267-T268-T269-T270-T271-T272-T273-T274-T275-T276-T277-T278-T279-T280-T281-T282-T283-T284-T285-T286-T287-T288-T289-T290-T291-T292-T293-T294-T295-T296-T297-T298-T299-T300-T301-T302-T303-T304-T305-T306-T307-T308-T309-T310-T311-T312-T313-T314-T315-T316-T317-T318-T319-T320-T321-T322-T323-T324-T325-T326-T327-T328-T329-T330-T331-T332-T333-T334-T335-T336-T337-T338-T339-T340-T341-T342-T343-T344-T345-T346-T347-T348-T349-T350-T351-T352-T353-T354-T355-T356-T357-T358-T359-T360-T361-T362-T363-T364-T365-T366-T367-T368-T369-T370-T371-T372-T373-T374-T375-T376-T377-T378-T379-T380-T381-T382-T383-T384-T385-T386-T387-T388-T389-T390-T391-T392-T393-T394-T395-T396-T397-T398-T399-T400-T401-T402-T403-T404-T405-T406-T407-T408-T409-T410-T411-T412-T413-T414-T415-T416-T417-T418-T419-T420-T421-T422-T423-T424-T425-T426-T427-T428-T429-T430-T431-T432-T433-T434-T435-T436-T437-T438-T439-T440-T441-T442-T443-T444-T445-T446-T447-T448-T449-T450-T451-T452-T453-T454-T455-T456-T457-T458-T459-T460-T461-T462-T463-T464-T465-T466-T467-T468-T469-T470-T471-T472-T473-T474-T475-T476-T477-T478-T479-T480-T481-T482-T483-T484-T485-T486-T487-T488-T489-T490-T491-T492-T493-T494-T495-T496-T497-T498-T499-T500-T501-T502-T503-T504-T505-T506

## Summary

Number of input bits: 512  
Number of free input bits: 6  
Number of output bits: 160

Number of direct occurrences: 25497  
Number of assignments: 31104  
Number of operations: 12406646
(xor: 12372048,
and: 17008,
or: 17590)

Total complexity: 9.892514333970065 × 10^304

Least occurring input variable: iv_508 (4188)  
Most occurring input variable: iv_510 (4287)

Most co-occurring input variables: iv_507-iv_512 (2098)  
Least co-occurring input variables: iv_507-iv_508 (1891)

Potentially most occurring input variable: iv_509/iv_510 (4669)  
Potentially least occurring input variable: iv_507/iv_512 (4302)

Least output occurring input variable: iv_510 (73)  
Most output occurring input variable: iv_512 (89)

Most output co-occurring input variables: iv_509-iv_512 (53)  
Least output co-occurring input variables: iv_510-iv_512 (36)

Potentially most output occurring input variable: iv_510/iv_512 (90)  
Potentially least output occurring input variable: iv_509/iv_512 (72)

Least complex input bit: iv_507 (2.263609941978284 × 10^303)  
Most complex input bit: iv_512 (3.4911182765063864 × 10^304)

Least complex output bit: aaa_76_29 (2.3599521138880394 × 10^279)  
Most complex output bit: ov_001 (1.5100455134643915 × 10^304)

Least complex input/output complexity: iv_507/aaa_76_29 (5.400053906665179 × 10^277)  
Most complex input/output complexity: iv_512/ov_001 (5.3290268908777475 × 10^303)

Input variable with highest collision probability: iv_507 (½^159.99999999999966)

## Input Bits

### Input Bits in Regular Order

| Input Bit | Complexity | Occurrences | Output Occurrences | Collision Probability |
|:---------:|:----------:|:-----------:|:------------------:|:---------------------:|
| iv_507 | 2.263609941978284 × 10^303 | 4225 | 81 | ½^159.99999999999966 |
| iv_508 | 5.076315930568364 × 10^303 | 4188 | 88 | ½^160.00000000000068 |
| iv_509 | 9.734285451699911 × 10^303 | 4274 | 89 | ½^160.0000000000007 |
| iv_510 | 1.75062711726359 × 10^304 | 4287 | 73 | ½^160.00000000000065 |
| iv_511 | 2.9433478077754387 × 10^304 | 4250 | 76 | ½^160.00000000000082 |
| iv_512 | 3.4911182765063864 × 10^304 | 4273 | 89 | ½^160.00000000000074 |

### Input Bits Sorted by Complexity

| Input Bit | Complexity | Occurrences | Output Occurrences | Collision Probability |
|:---------:|:----------:|:-----------:|:------------------:|:---------------------:|
| iv_507 | 2.263609941978284 × 10^303 | 4225 | 81 | ½^159.99999999999966 |
| iv_508 | 5.076315930568364 × 10^303 | 4188 | 88 | ½^160.00000000000068 |
| iv_509 | 9.734285451699911 × 10^303 | 4274 | 89 | ½^160.0000000000007 |
| iv_510 | 1.75062711726359 × 10^304 | 4287 | 73 | ½^160.00000000000065 |
| iv_511 | 2.9433478077754387 × 10^304 | 4250 | 76 | ½^160.00000000000082 |
| iv_512 | 3.4911182765063864 × 10^304 | 4273 | 89 | ½^160.00000000000074 |

### Input Bits Sorted by Occurrences

| Input Bit | Complexity | Occurrences | Output Occurrences | Collision Probability |
|:---------:|:----------:|:-----------:|:------------------:|:---------------------:|
| iv_508 | 5.076315930568364 × 10^303 | 4188 | 88 | ½^160.00000000000068 |
| iv_507 | 2.263609941978284 × 10^303 | 4225 | 81 | ½^159.99999999999966 |
| iv_511 | 2.9433478077754387 × 10^304 | 4250 | 76 | ½^160.00000000000082 |
| iv_512 | 3.4911182765063864 × 10^304 | 4273 | 89 | ½^160.00000000000074 |
| iv_509 | 9.734285451699911 × 10^303 | 4274 | 89 | ½^160.0000000000007 |
| iv_510 | 1.75062711726359 × 10^304 | 4287 | 73 | ½^160.00000000000065 |

### Input Bits Sorted by Output Occurrences

| Input Bit | Complexity | Occurrences | Output Occurrences | Collision Probability |
|:---------:|:----------:|:-----------:|:------------------:|:---------------------:|
| iv_510 | 1.75062711726359 × 10^304 | 4287 | 73 | ½^160.00000000000065 |
| iv_511 | 2.9433478077754387 × 10^304 | 4250 | 76 | ½^160.00000000000082 |
| iv_507 | 2.263609941978284 × 10^303 | 4225 | 81 | ½^159.99999999999966 |
| iv_508 | 5.076315930568364 × 10^303 | 4188 | 88 | ½^160.00000000000068 |
| iv_509 | 9.734285451699911 × 10^303 | 4274 | 89 | ½^160.0000000000007 |
| iv_512 | 3.4911182765063864 × 10^304 | 4273 | 89 | ½^160.00000000000074 |

### Input Bits Sorted by Collision Probability

| Input Bit | Complexity | Occurrences | Output Occurrences | Collision Probability |
|:---------:|:----------:|:-----------:|:------------------:|:---------------------:|
| iv_507 | 2.263609941978284 × 10^303 | 4225 | 81 | ½^159.99999999999966 |
| iv_510 | 1.75062711726359 × 10^304 | 4287 | 73 | ½^160.00000000000065 |
| iv_508 | 5.076315930568364 × 10^303 | 4188 | 88 | ½^160.00000000000068 |
| iv_509 | 9.734285451699911 × 10^303 | 4274 | 89 | ½^160.0000000000007 |
| iv_512 | 3.4911182765063864 × 10^304 | 4273 | 89 | ½^160.00000000000074 |
| iv_511 | 2.9433478077754387 × 10^304 | 4250 | 76 | ½^160.00000000000082 |

## Input Bit/Output Bit Collision Probabilities

| Input Bit | Output Bit | Collision Probability |
|:---------:|:----------:|:---------------------:|
| iv_507 | ov_067 | 0.500000000000004 |
| iv_507 | ov_104 | 0.5000000000000033 |
| iv_507 | ov_045 | 0.5000000000000023 |
| iv_507 | ov_005 | 0.5000000000000022 |
| iv_507 | ov_053 | 0.5000000000000022 |
| iv_507 | ov_078 | 0.5000000000000022 |

## Input Bit Co-occurrences

### Input Bit Co-occurrences Sorted by Co-occurrences

| Input Bits | Co-occurrences | Potential Occurrences | Output Co-occurrences | Potential Output Occurrences |
|:----------:|:--------------:|:---------------------:|:---------------------:|:----------------------------:|
| iv_507-iv_512 | 2098 | 4302 | 49 | 72 |
| iv_510-iv_511 | 2062 | 4413 | 37 | 75 |
| iv_509-iv_511 | 2049 | 4426 | 40 | 85 |
| iv_507-iv_509 | 2028 | 4443 | 44 | 82 |
| iv_511-iv_512 | 2006 | 4511 | 44 | 77 |
| iv_508-iv_509 | 1972 | 4518 | 50 | 77 |

### Input Bit Co-occurrences Sorted by Potential Occurrences

| Input Bits | Co-occurrences | Potential Occurrences | Output Co-occurrences | Potential Output Occurrences |
|:----------:|:--------------:|:---------------------:|:---------------------:|:----------------------------:|
| iv_507-iv_512 | 2098 | 4302 | 49 | 72 |
| iv_510-iv_511 | 2062 | 4413 | 37 | 75 |
| iv_509-iv_511 | 2049 | 4426 | 40 | 85 |
| iv_507-iv_509 | 2028 | 4443 | 44 | 82 |
| iv_511-iv_512 | 2006 | 4511 | 44 | 77 |
| iv_508-iv_509 | 1972 | 4518 | 50 | 77 |

### Input Bit Output Co-occurrences Sorted by Output Co-occurrences

| Input Bits | Co-occurrences | Potential Occurrences | Output Co-occurrences | Potential Output Occurrences |
|:----------:|:--------------:|:---------------------:|:---------------------:|:----------------------------:|
| iv_509-iv_512 | 1971 | 4605 | 53 | 72 |
| iv_508-iv_509 | 1972 | 4518 | 50 | 77 |
| iv_507-iv_512 | 2098 | 4302 | 49 | 72 |
| iv_508-iv_512 | 1951 | 4559 | 48 | 81 |
| iv_508-iv_511 | 1913 | 4612 | 44 | 76 |
| iv_507-iv_509 | 2028 | 4443 | 44 | 82 |

### Input Bit Output Co-occurrences Sorted by Potential Output Occurrences

| Input Bits | Co-occurrences | Potential Occurrences | Output Co-occurrences | Potential Output Occurrences |
|:----------:|:--------------:|:---------------------:|:---------------------:|:----------------------------:|
| iv_509-iv_512 | 1971 | 4605 | 53 | 72 |
| iv_507-iv_512 | 2098 | 4302 | 49 | 72 |
| iv_510-iv_511 | 2062 | 4413 | 37 | 75 |
| iv_508-iv_511 | 1913 | 4612 | 44 | 76 |
| iv_508-iv_509 | 1972 | 4518 | 50 | 77 |
| iv_511-iv_512 | 2006 | 4511 | 44 | 77 |

## Output Bits

### Output Bits in Regular Order

| Rank | Output Bit | Complexity |
|:----:|:----------:|:----------:|
| 1 | ov_001 | 1.5100455134643915 × 10^304 |
| 2 | ov_002 | 1.3251035090770763 × 10^304 |
| 3 | ov_003 | 1.1563020355722948 × 10^304 |
| 4 | ov_004 | 1.002840167829287 × 10^304 |
| 5 | ov_005 | 8.639616452518705 × 10^303 |
| 6 | ov_006 | 7.389517212724263 × 10^303 |
| 7 | ov_007 | 6.271344184427687 × 10^303 |
| 8 | ov_008 | 5.278701422464119 × 10^303 |
| 9 | ov_009 | 4.405536092437644 × 10^303 |
| 10 | ov_010 | 3.6461204754170703 × 10^303 |
| 11 | ov_011 | 2.989914115679555 × 10^303 |
| 12 | ov_012 | 2.426957010219493 × 10^303 |
| 13 | ov_013 | 1.9478482974319943 × 10^303 |
| 14 | ov_014 | 1.5437283407075332 × 10^303 |
| 15 | ov_015 | 1.2062638966545906 × 10^303 |
| 16 | ov_016 | 9.276360785802918 × 10^302 |
| 17 | ov_017 | 7.005308466085951 × 10^302 |
| 18 | ov_018 | 5.181317518754544 × 10^302 |
| 19 | ov_019 | 3.7411461163319373 × 10^302 |
| 20 | ov_020 | 2.626437491291653 × 10^302 |
| 21 | ov_021 | 1.7836944596998356 × 10^302 |
| 22 | ov_022 | 1.1642629565131114 × 10^302 |
| 23 | ov_023 | 7.243218789166702 × 10^301 |
| 24 | ov_024 | 4.248770358035415 × 10^301 |
| 25 | ov_025 | 2.317576619724735 × 10^301 |
| 26 | ov_026 | 1.1561453931156629 × 10^301 |
| 27 | ov_027 | 5.191908807518577 × 10^300 |
| 28 | ov_028 | 2.0962984463029918 × 10^300 |
| 29 | ov_029 | 7.858026821964288 × 10^299 |
| 30 | ov_030 | 2.375492801994785 × 10^299 |
| 31 | ov_031 | 3.2079052245438845 × 10^298 |
| 32 | lv_80_k31 | 1.024736904211439 × 10^298 |
| 33 | ov_033 | 1.254809693267839 × 10^299 |
| 34 | ov_034 | 1.0942038977959927 × 10^299 |
| 35 | ov_035 | 9.493393176005612 × 10^298 |
| 36 | ov_036 | 8.193801728740671 × 10^298 |
| 37 | ov_037 | 7.035370312903548 × 10^298 |
| 38 | ov_038 | 6.010633408593385 × 10^298 |
| 39 | ov_039 | 5.112524148953661 × 10^298 |
| 40 | ov_040 | 4.3280044996853386 × 10^298 |
| 41 | ov_041 | 3.6447183252602124 × 10^298 |
| 42 | ov_042 | 3.0509566059156936 × 10^298 |
| 43 | ov_043 | 2.5356283196414957 × 10^298 |
| 44 | ov_044 | 2.088236328980286 × 10^298 |
| 45 | ov_045 | 1.698857652188582 × 10^298 |
| 46 | ov_046 | 1.362672126465826 × 10^298 |
| 47 | ov_047 | 1.0751351626422389 × 10^298 |
| 48 | ov_048 | 8.31972161609774 × 10^297 |
| 49 | ov_049 | 6.291741866247374 × 10^297 |
| 50 | ov_050 | 4.62994691717865 × 10^297 |
| 51 | ov_051 | 3.299471496612462 × 10^297 |
| 52 | ov_052 | 2.2680341702091383 × 10^297 |
| 53 | ov_053 | 1.5059266786449997 × 10^297 |
| 54 | ov_054 | 9.614290021983597 × 10^296 |
| 55 | ov_055 | 5.87945465220771 × 10^296 |
| 56 | ov_056 | 3.4400191444086846 × 10^296 |
| 57 | ov_057 | 1.9324419961413777 × 10^296 |
| 58 | ov_058 | 1.0443731097554852 × 10^296 |
| 59 | ov_059 | 5.146491577078592 × 10^295 |
| 60 | ov_060 | 2.254847866393131 × 10^295 |
| 61 | ov_061 | 8.468663911966714 × 10^294 |
| 62 | ov_062 | 2.5653154597521338 × 10^294 |
| 63 | ov_063 | 3.4670917462773018 × 10^293 |
| 64 | lv_79_m31 | 1.111498773328644 × 10^293 |
| 65 | ov_065 | 1.309773738468028 × 10^294 |
| 66 | ov_066 | 1.3097706523516908 × 10^294 |
| 67 | ov_067 | 1.3097696649477678 × 10^294 |
| 68 | ov_068 | 1.1413267246242535 × 10^294 |
| 69 | ov_069 | 9.883118553899968 × 10^293 |
| 70 | ov_070 | 8.499606181689301 × 10^293 |
| 71 | ov_071 | 7.255511982516575 × 10^293 |
| 72 | ov_072 | 6.144013209032752 × 10^293 |
| 73 | ov_073 | 5.158655501581328 × 10^293 |
| 74 | ov_074 | 4.2933293706457764 × 10^293 |
| 75 | ov_075 | 3.5422498544036476 × 10^293 |
| 76 | ov_076 | 2.894753321405929 × 10^293 |
| 77 | ov_077 | 2.340747927303679 × 10^293 |
| 78 | ov_078 | 1.870690549080792 × 10^293 |
| 79 | ov_079 | 1.4755676075590919 × 10^293 |
| 80 | ov_080 | 1.146879315465019 × 10^293 |
| 81 | ov_081 | 8.766269180522988 × 10^292 |
| 82 | ov_082 | 6.57302522613005 × 10^292 |
| 83 | ov_083 | 4.818811422755016 × 10^292 |
| 84 | ov_084 | 3.438146083587256 × 10^292 |
| 85 | ov_085 | 2.370270342885899 × 10^292 |
| 86 | ov_086 | 1.5591154272991165 × 10^292 |
| 87 | ov_087 | 9.778160860353543 × 10^291 |
| 88 | ov_088 | 5.796233709804506 × 10^291 |
| 89 | ov_089 | 3.2243148566787737 × 10^291 |
| 90 | ov_090 | 1.6877246492828167 × 10^291 |
| 91 | ov_091 | 8.581335351364588 × 10^290 |
| 92 | ov_092 | 4.535477253891417 × 10^290 |
| 93 | ov_093 | 2.3830197602693045 × 10^290 |
| 94 | ov_094 | 1.0614520517738998 × 10^290 |
| 95 | aaa_78_28 | 3.39156212668006 × 10^289 |
| 96 | aaa_78_29 | 1.272667545704652 × 10^289 |
| 97 | ov_097 | 1.1996715987785378 × 10^289 |
| 98 | ov_098 | 1.1996667589454626 × 10^289 |
| 99 | ov_099 | 1.1996652069415354 × 10^289 |
| 100 | ov_100 | 1.0448164376185131 × 10^289 |
| 101 | ov_101 | 9.056947896731695 × 10^288 |
| 102 | ov_102 | 7.8112384352314 × 10^288 |
| 103 | ov_103 | 6.699929944692535 × 10^288 |
| 104 | ov_104 | 5.712526021441597 × 10^288 |
| 105 | ov_105 | 4.8390975285693606 × 10^288 |
| 106 | ov_106 | 4.0702457981950715 × 10^288 |
| 107 | ov_107 | 3.3970708924329076 × 10^288 |
| 108 | ov_108 | 2.8111444315977497 × 10^288 |
| 109 | ov_109 | 2.3044865257049916 × 10^288 |
| 110 | ov_110 | 1.8695463719125777 × 10^288 |
| 111 | ov_111 | 1.4991861064063516 × 10^288 |
| 112 | ov_112 | 1.1866675244999705 × 10^288 |
| 113 | ov_113 | 9.256413075419123 × 10^287 |
| 114 | ov_114 | 7.101384197063051 × 10^287 |
| 115 | ov_115 | 5.345633619831147 × 10^287 |
| 116 | ov_116 | 3.936889947496155 × 10^287 |
| 117 | ov_117 | 2.8265266425614752 × 10^287 |
| 118 | ov_118 | 1.9695339223859567 × 10^287 |
| 119 | ov_119 | 1.3244991170785974 × 10^287 |
| 120 | ov_120 | 8.5359355781926205 × 10^286 |
| 121 | ov_121 | 5.225643023027854 × 10^286 |
| 122 | ov_122 | 3.0072924199066666 × 10^286 |
| 123 | ov_123 | 1.609743738146287 × 10^286 |
| 124 | ov_124 | 7.97523347334051 × 10^285 |
| 125 | ov_125 | 3.708166136347005 × 10^285 |
| 126 | ov_126 | 1.6546458849021234 × 10^285 |
| 127 | aaa_77_28 | 5.2962865278250674 × 10^284 |
| 128 | aaa_77_29 | 1.9919653300680818 × 10^284 |
| 129 | ov_129 | 1.8558252474996657 × 10^284 |
| 130 | ov_130 | 1.855819820031067 × 10^284 |
| 131 | ov_131 | 1.8558184981047147 × 10^284 |
| 132 | ov_132 | 1.6215578644228273 × 10^284 |
| 133 | ov_133 | 1.4085006535589719 × 10^284 |
| 134 | ov_134 | 1.2156502903978124 × 10^284 |
| 135 | ov_135 | 1.0420677683347758 × 10^284 |
| 136 | ov_136 | 8.86867375606735 × 10^283 |
| 137 | ov_137 | 7.49212887807678 × 10^283 |
| 138 | ov_138 | 6.283141987020191 × 10^283 |
| 139 | ov_139 | 5.22718007980693 × 10^283 |
| 140 | ov_140 | 4.310499889812816 × 10^283 |
| 141 | ov_141 | 3.520107151267385 × 10^283 |
| 142 | ov_142 | 2.843722423980338 × 10^283 |
| 143 | ov_143 | 2.2697528868264616 × 10^283 |
| 144 | ov_144 | 1.787269405985745 × 10^283 |
| 145 | ov_145 | 1.385988183063498 × 10^283 |
| 146 | ov_146 | 1.0562563364223435 × 10^283 |
| 147 | ov_147 | 7.890408169642425 × 10^282 |
| 148 | ov_148 | 5.759201073165327 × 10^282 |
| 149 | ov_149 | 4.0907820097741555 × 10^282 |
| 150 | ov_150 | 2.8130040551227934 × 10^282 |
| 151 | ov_151 | 1.8597056139147857 × 10^282 |
| 152 | ov_152 | 1.1706931553838846 × 10^282 |
| 153 | ov_153 | 6.917313612123 × 10^281 |
| 154 | ov_154 | 3.745380257779165 × 10^281 |
| 155 | ov_155 | 1.7678159233810492 × 10^281 |
| 156 | aaa_76_25 | 6.207999968584635 × 10^280 |
| 157 | aaa_76_26 | 3.3943040448989763 × 10^280 |
| 158 | aaa_76_27 | 1.6561277036121672 × 10^280 |
| 159 | aaa_76_28 | 6.960485291430022 × 10^279 |
| 160 | aaa_76_29 | 2.3599521138880394 × 10^279 |

### Output Bits Sorted by Complexity

| Rank | Output Bit | Complexity |
|:----:|:----------:|:----------:|
| 160 | aaa_76_29 | 2.3599521138880394 × 10^279 |
| 159 | aaa_76_28 | 6.960485291430022 × 10^279 |
| 158 | aaa_76_27 | 1.6561277036121672 × 10^280 |
| 157 | aaa_76_26 | 3.3943040448989763 × 10^280 |
| 156 | aaa_76_25 | 6.207999968584635 × 10^280 |
| 155 | ov_155 | 1.7678159233810492 × 10^281 |
| 154 | ov_154 | 3.745380257779165 × 10^281 |
| 153 | ov_153 | 6.917313612123 × 10^281 |
| 152 | ov_152 | 1.1706931553838846 × 10^282 |
| 151 | ov_151 | 1.8597056139147857 × 10^282 |
| 150 | ov_150 | 2.8130040551227934 × 10^282 |
| 149 | ov_149 | 4.0907820097741555 × 10^282 |
| 148 | ov_148 | 5.759201073165327 × 10^282 |
| 147 | ov_147 | 7.890408169642425 × 10^282 |
| 146 | ov_146 | 1.0562563364223435 × 10^283 |
| 145 | ov_145 | 1.385988183063498 × 10^283 |
| 144 | ov_144 | 1.787269405985745 × 10^283 |
| 143 | ov_143 | 2.2697528868264616 × 10^283 |
| 142 | ov_142 | 2.843722423980338 × 10^283 |
| 141 | ov_141 | 3.520107151267385 × 10^283 |
| 140 | ov_140 | 4.310499889812816 × 10^283 |
| 139 | ov_139 | 5.22718007980693 × 10^283 |
| 138 | ov_138 | 6.283141987020191 × 10^283 |
| 137 | ov_137 | 7.49212887807678 × 10^283 |
| 136 | ov_136 | 8.86867375606735 × 10^283 |
| 135 | ov_135 | 1.0420677683347758 × 10^284 |
| 134 | ov_134 | 1.2156502903978124 × 10^284 |
| 133 | ov_133 | 1.4085006535589719 × 10^284 |
| 132 | ov_132 | 1.6215578644228273 × 10^284 |
| 131 | ov_131 | 1.8558184981047147 × 10^284 |
| 130 | ov_130 | 1.855819820031067 × 10^284 |
| 129 | ov_129 | 1.8558252474996657 × 10^284 |
| 128 | aaa_77_29 | 1.9919653300680818 × 10^284 |
| 127 | aaa_77_28 | 5.2962865278250674 × 10^284 |
| 126 | ov_126 | 1.6546458849021234 × 10^285 |
| 125 | ov_125 | 3.708166136347005 × 10^285 |
| 124 | ov_124 | 7.97523347334051 × 10^285 |
| 123 | ov_123 | 1.609743738146287 × 10^286 |
| 122 | ov_122 | 3.0072924199066666 × 10^286 |
| 121 | ov_121 | 5.225643023027854 × 10^286 |
| 120 | ov_120 | 8.5359355781926205 × 10^286 |
| 119 | ov_119 | 1.3244991170785974 × 10^287 |
| 118 | ov_118 | 1.9695339223859567 × 10^287 |
| 117 | ov_117 | 2.8265266425614752 × 10^287 |
| 116 | ov_116 | 3.936889947496155 × 10^287 |
| 115 | ov_115 | 5.345633619831147 × 10^287 |
| 114 | ov_114 | 7.101384197063051 × 10^287 |
| 113 | ov_113 | 9.256413075419123 × 10^287 |
| 112 | ov_112 | 1.1866675244999705 × 10^288 |
| 111 | ov_111 | 1.4991861064063516 × 10^288 |
| 110 | ov_110 | 1.8695463719125777 × 10^288 |
| 109 | ov_109 | 2.3044865257049916 × 10^288 |
| 108 | ov_108 | 2.8111444315977497 × 10^288 |
| 107 | ov_107 | 3.3970708924329076 × 10^288 |
| 106 | ov_106 | 4.0702457981950715 × 10^288 |
| 105 | ov_105 | 4.8390975285693606 × 10^288 |
| 104 | ov_104 | 5.712526021441597 × 10^288 |
| 103 | ov_103 | 6.699929944692535 × 10^288 |
| 102 | ov_102 | 7.8112384352314 × 10^288 |
| 101 | ov_101 | 9.056947896731695 × 10^288 |
| 100 | ov_100 | 1.0448164376185131 × 10^289 |
| 99 | ov_099 | 1.1996652069415354 × 10^289 |
| 98 | ov_098 | 1.1996667589454626 × 10^289 |
| 97 | ov_097 | 1.1996715987785378 × 10^289 |
| 96 | aaa_78_29 | 1.272667545704652 × 10^289 |
| 95 | aaa_78_28 | 3.39156212668006 × 10^289 |
| 94 | ov_094 | 1.0614520517738998 × 10^290 |
| 93 | ov_093 | 2.3830197602693045 × 10^290 |
| 92 | ov_092 | 4.535477253891417 × 10^290 |
| 91 | ov_091 | 8.581335351364588 × 10^290 |
| 90 | ov_090 | 1.6877246492828167 × 10^291 |
| 89 | ov_089 | 3.2243148566787737 × 10^291 |
| 88 | ov_088 | 5.796233709804506 × 10^291 |
| 87 | ov_087 | 9.778160860353543 × 10^291 |
| 86 | ov_086 | 1.5591154272991165 × 10^292 |
| 85 | ov_085 | 2.370270342885899 × 10^292 |
| 84 | ov_084 | 3.438146083587256 × 10^292 |
| 83 | ov_083 | 4.818811422755016 × 10^292 |
| 82 | ov_082 | 6.57302522613005 × 10^292 |
| 81 | ov_081 | 8.766269180522988 × 10^292 |
| 64 | lv_79_m31 | 1.111498773328644 × 10^293 |
| 80 | ov_080 | 1.146879315465019 × 10^293 |
| 79 | ov_079 | 1.4755676075590919 × 10^293 |
| 78 | ov_078 | 1.870690549080792 × 10^293 |
| 77 | ov_077 | 2.340747927303679 × 10^293 |
| 76 | ov_076 | 2.894753321405929 × 10^293 |
| 63 | ov_063 | 3.4670917462773018 × 10^293 |
| 75 | ov_075 | 3.5422498544036476 × 10^293 |
| 74 | ov_074 | 4.2933293706457764 × 10^293 |
| 73 | ov_073 | 5.158655501581328 × 10^293 |
| 72 | ov_072 | 6.144013209032752 × 10^293 |
| 71 | ov_071 | 7.255511982516575 × 10^293 |
| 70 | ov_070 | 8.499606181689301 × 10^293 |
| 69 | ov_069 | 9.883118553899968 × 10^293 |
| 68 | ov_068 | 1.1413267246242535 × 10^294 |
| 67 | ov_067 | 1.3097696649477678 × 10^294 |
| 66 | ov_066 | 1.3097706523516908 × 10^294 |
| 65 | ov_065 | 1.309773738468028 × 10^294 |
| 62 | ov_062 | 2.5653154597521338 × 10^294 |
| 61 | ov_061 | 8.468663911966714 × 10^294 |
| 60 | ov_060 | 2.254847866393131 × 10^295 |
| 59 | ov_059 | 5.146491577078592 × 10^295 |
| 58 | ov_058 | 1.0443731097554852 × 10^296 |
| 57 | ov_057 | 1.9324419961413777 × 10^296 |
| 56 | ov_056 | 3.4400191444086846 × 10^296 |
| 55 | ov_055 | 5.87945465220771 × 10^296 |
| 54 | ov_054 | 9.614290021983597 × 10^296 |
| 53 | ov_053 | 1.5059266786449997 × 10^297 |
| 52 | ov_052 | 2.2680341702091383 × 10^297 |
| 51 | ov_051 | 3.299471496612462 × 10^297 |
| 50 | ov_050 | 4.62994691717865 × 10^297 |
| 49 | ov_049 | 6.291741866247374 × 10^297 |
| 48 | ov_048 | 8.31972161609774 × 10^297 |
| 32 | lv_80_k31 | 1.024736904211439 × 10^298 |
| 47 | ov_047 | 1.0751351626422389 × 10^298 |
| 46 | ov_046 | 1.362672126465826 × 10^298 |
| 45 | ov_045 | 1.698857652188582 × 10^298 |
| 44 | ov_044 | 2.088236328980286 × 10^298 |
| 43 | ov_043 | 2.5356283196414957 × 10^298 |
| 42 | ov_042 | 3.0509566059156936 × 10^298 |
| 31 | ov_031 | 3.2079052245438845 × 10^298 |
| 41 | ov_041 | 3.6447183252602124 × 10^298 |
| 40 | ov_040 | 4.3280044996853386 × 10^298 |
| 39 | ov_039 | 5.112524148953661 × 10^298 |
| 38 | ov_038 | 6.010633408593385 × 10^298 |
| 37 | ov_037 | 7.035370312903548 × 10^298 |
| 36 | ov_036 | 8.193801728740671 × 10^298 |
| 35 | ov_035 | 9.493393176005612 × 10^298 |
| 34 | ov_034 | 1.0942038977959927 × 10^299 |
| 33 | ov_033 | 1.254809693267839 × 10^299 |
| 30 | ov_030 | 2.375492801994785 × 10^299 |
| 29 | ov_029 | 7.858026821964288 × 10^299 |
| 28 | ov_028 | 2.0962984463029918 × 10^300 |
| 27 | ov_027 | 5.191908807518577 × 10^300 |
| 26 | ov_026 | 1.1561453931156629 × 10^301 |
| 25 | ov_025 | 2.317576619724735 × 10^301 |
| 24 | ov_024 | 4.248770358035415 × 10^301 |
| 23 | ov_023 | 7.243218789166702 × 10^301 |
| 22 | ov_022 | 1.1642629565131114 × 10^302 |
| 21 | ov_021 | 1.7836944596998356 × 10^302 |
| 20 | ov_020 | 2.626437491291653 × 10^302 |
| 19 | ov_019 | 3.7411461163319373 × 10^302 |
| 18 | ov_018 | 5.181317518754544 × 10^302 |
| 17 | ov_017 | 7.005308466085951 × 10^302 |
| 16 | ov_016 | 9.276360785802918 × 10^302 |
| 15 | ov_015 | 1.2062638966545906 × 10^303 |
| 14 | ov_014 | 1.5437283407075332 × 10^303 |
| 13 | ov_013 | 1.9478482974319943 × 10^303 |
| 12 | ov_012 | 2.426957010219493 × 10^303 |
| 11 | ov_011 | 2.989914115679555 × 10^303 |
| 10 | ov_010 | 3.6461204754170703 × 10^303 |
| 9 | ov_009 | 4.405536092437644 × 10^303 |
| 8 | ov_008 | 5.278701422464119 × 10^303 |
| 7 | ov_007 | 6.271344184427687 × 10^303 |
| 6 | ov_006 | 7.389517212724263 × 10^303 |
| 5 | ov_005 | 8.639616452518705 × 10^303 |
| 4 | ov_004 | 1.002840167829287 × 10^304 |
| 3 | ov_003 | 1.1563020355722948 × 10^304 |
| 2 | ov_002 | 1.3251035090770763 × 10^304 |
| 1 | ov_001 | 1.5100455134643915 × 10^304 |

