# Results for F001-F002-F003-F004-F005-F006-F007-F008-F009-F010-F011-F012-F013-F014-F015-F016-F017-F018-F019-F020-F021-F022-F023-F024-F025-F026-F027-F028-F029-F030-F031-F032-F033-F034-F035-F036-F037-F038-F039-F040-F041-F042-F043-F044-F045-F046-F047-F048-F049-F050-F051-F052-F053-F054-F055-F056-F057-F058-F059-F060-F061-F062-F063-F064-F065-F066-F067-F068-F069-F070-F071-F072-F073-F074-F075-F076-F077-F078-F079-F080-F081-F082-F083-F084-F085-F086-F087-F088-F089-F090-F091-F092-F093-F094-F095-F096-F097-F098-F099-F100-F101-F102-F103-F104-F105-F106-F107-F108-F109-F110-F111-F112-F113-F114-F115-F116-F117-F118-F119-F120-F121-F122-F123-F124-F125-F126-F127-F128-F129-F130-F131-F132-F133-F134-F135-F136-F137-F138-F139-F140-F141-F142-F143-F144-F145-F146-F147-F148-F149-F150-F151-F152-F153-F154-F155-F156-F157-F158-F159-F160-F161-F162-F163-F164-F165-F166-F167-F168-F169-F170-F171-F172-F173-F174-F175-F176-F177-F178-F179-F180-F181-F182-F183-F184-F185-F186-F187-F188-F189-F190-F191-F192-F193-F194-F195-F196-F197-F198-F199-F200-F201-F202-F203-F204-F205-F206-F207-F208-F209-F210-F211-F212-F213-F214-F215-F216-F217-F218-F219-F220-F221-F222-F223-F224-F225-F226-F227-F228-F229-F230-F231-F232-F233-F234-F235-F236-F237-F238-F239-F240-F241-F242-F243-F244-F245-F246-F247-F248-F249-F250-F251-F252-F253-F254-F255-F256-F257-F258-F259-F260-F261-F262-F263-F264-F265-F266-F267-F268-F269-F270-F271-F272-F273-F274-F275-F276-F277-F278-F279-F280-F281-F282-F283-F284-F285-F286-F287-F288-F289-F290-F291-F292-F293-F294-F295-F296-F297-F298-F299-F300-F301-F302-F303-F304-F305-F306-F307-F308-F309-F310-F311-F312-F313-F314-F315-F316-F317-F318-F319-F320-F321-F322-F323-F324-F325-F326-F327-F328-F329-F330-F331-F332-F333-F334-F335-F336-F337-F338-F339-F340-F341-F342-F343-F344-F345-F346-F347-F348-F349-F350-F351-F352-F353-F354-F355-F356-F357-F358-F359-F360-F361-F362-F363-F364-F365-F366-F367-F368-F369-F370-F371-F372-F373-F374-F375-F376-F377-F378-F379-F380-F381-F382-F383-F384-F385-F386-F387-F388-F389-F390-F391-F392-F393-F394-F395-F396-F397-F398-F399-F400-F401-F402-F403-F404-F405-F406-F407-F408-F409-F410-F411-F412-F413-F414-F415-F416-F417-F418-F419-F420-F421-F422-F423-F424-F425-F426-F427-F428-F429-F430-F431-F432-F433-F434-F435-F436-F437-F438-F439-F440-F441-F442-F443-F444-F445-F446-F447-F448-F449-F450-F451-F452-F453-F454-F455-F456-F457-F458-F459-F460-F461-F462-F463-F464-F465-F466-F467-F468-F469-F470-F471-F472-F473-F474-F475-F476-F477-F478-F479-F480-F481-F482-F483-F484-F485-F486-F487-F488-F489-F490-F491-F492-F493-F494-F495-F496-F497-F498-F499-F500-F501-F502-F503-F504-E505507-E506508

## Summary

Number of input bits: 512  
Number of free input bits: 6  
Number of output bits: 160

Number of direct occurrences: 25170  
Number of assignments: 30577  
Number of operations: 10909391
(xor: 10879181,
and: 17383,
or: 12827)

Total complexity: 1.1805119665767448 × 10^297

Least occurring input variable: iv_509 (4049)  
Most occurring input variable: iv_505 (4323)

Most co-occurring input variables: iv_511-iv_512 (2032)  
Least co-occurring input variables: iv_505-iv_511 (1927)

Potentially most occurring input variable: iv_505/iv_512 (4649)  
Potentially least occurring input variable: iv_509/iv_511 (4294)

Least output occurring input variable: iv_511 (74)  
Most output occurring input variable: iv_505 (85)

Most output co-occurring input variables: iv_505-iv_506 (46)  
Least output co-occurring input variables: iv_506-iv_511 (32)

Potentially most output occurring input variable: iv_505/iv_512 (89)  
Potentially least output occurring input variable: iv_505/iv_506 (71)

Least complex input bit: iv_505 (1.1747320675977557 × 10^296)  
Most complex input bit: iv_510 (3.488403722921325 × 10^296)

Least complex output bit: aaa_76_29 (1.8333289924165963 × 10^272)  
Most complex output bit: ov_001 (1.838733556642025 × 10^296)

Least complex input/output complexity: iv_505/aaa_76_29 (1.8243528391276525 × 10^271)  
Most complex input/output complexity: iv_510/ov_001 (5.433443426287715 × 10^295)

Input variable with highest collision probability: iv_512 (½^160.00000000000063)

## Input Bits

### Input Bits in Regular Order

| Input Bit | Complexity | Occurrences | Output Occurrences | Collision Probability |
|:---------:|:----------:|:-----------:|:------------------:|:---------------------:|
| iv_505 | 1.1747320675977557 × 10^296 | 4323 | 85 | ½^160.00000000000082 |
| iv_506 | 1.846116649769828 × 10^296 | 4249 | 78 | ½^160.00000000000074 |
| iv_509 | 2.417360268207937 × 10^296 | 4049 | 78 | ½^160.00000000000068 |
| iv_510 | 3.488403722921325 × 10^296 | 4162 | 79 | ½^160.00000000000085 |
| iv_511 | 1.3205868723512772 × 10^296 | 4113 | 74 | ½^160.00000000000063 |
| iv_512 | 1.5579200849193447 × 10^296 | 4274 | 78 | ½^160.00000000000063 |

### Input Bits Sorted by Complexity

| Input Bit | Complexity | Occurrences | Output Occurrences | Collision Probability |
|:---------:|:----------:|:-----------:|:------------------:|:---------------------:|
| iv_505 | 1.1747320675977557 × 10^296 | 4323 | 85 | ½^160.00000000000082 |
| iv_511 | 1.3205868723512772 × 10^296 | 4113 | 74 | ½^160.00000000000063 |
| iv_512 | 1.5579200849193447 × 10^296 | 4274 | 78 | ½^160.00000000000063 |
| iv_506 | 1.846116649769828 × 10^296 | 4249 | 78 | ½^160.00000000000074 |
| iv_509 | 2.417360268207937 × 10^296 | 4049 | 78 | ½^160.00000000000068 |
| iv_510 | 3.488403722921325 × 10^296 | 4162 | 79 | ½^160.00000000000085 |

### Input Bits Sorted by Occurrences

| Input Bit | Complexity | Occurrences | Output Occurrences | Collision Probability |
|:---------:|:----------:|:-----------:|:------------------:|:---------------------:|
| iv_509 | 2.417360268207937 × 10^296 | 4049 | 78 | ½^160.00000000000068 |
| iv_511 | 1.3205868723512772 × 10^296 | 4113 | 74 | ½^160.00000000000063 |
| iv_510 | 3.488403722921325 × 10^296 | 4162 | 79 | ½^160.00000000000085 |
| iv_506 | 1.846116649769828 × 10^296 | 4249 | 78 | ½^160.00000000000074 |
| iv_512 | 1.5579200849193447 × 10^296 | 4274 | 78 | ½^160.00000000000063 |
| iv_505 | 1.1747320675977557 × 10^296 | 4323 | 85 | ½^160.00000000000082 |

### Input Bits Sorted by Output Occurrences

| Input Bit | Complexity | Occurrences | Output Occurrences | Collision Probability |
|:---------:|:----------:|:-----------:|:------------------:|:---------------------:|
| iv_511 | 1.3205868723512772 × 10^296 | 4113 | 74 | ½^160.00000000000063 |
| iv_506 | 1.846116649769828 × 10^296 | 4249 | 78 | ½^160.00000000000074 |
| iv_509 | 2.417360268207937 × 10^296 | 4049 | 78 | ½^160.00000000000068 |
| iv_512 | 1.5579200849193447 × 10^296 | 4274 | 78 | ½^160.00000000000063 |
| iv_510 | 3.488403722921325 × 10^296 | 4162 | 79 | ½^160.00000000000085 |
| iv_505 | 1.1747320675977557 × 10^296 | 4323 | 85 | ½^160.00000000000082 |

### Input Bits Sorted by Collision Probability

| Input Bit | Complexity | Occurrences | Output Occurrences | Collision Probability |
|:---------:|:----------:|:-----------:|:------------------:|:---------------------:|
| iv_512 | 1.5579200849193447 × 10^296 | 4274 | 78 | ½^160.00000000000063 |
| iv_511 | 1.3205868723512772 × 10^296 | 4113 | 74 | ½^160.00000000000063 |
| iv_509 | 2.417360268207937 × 10^296 | 4049 | 78 | ½^160.00000000000068 |
| iv_506 | 1.846116649769828 × 10^296 | 4249 | 78 | ½^160.00000000000074 |
| iv_505 | 1.1747320675977557 × 10^296 | 4323 | 85 | ½^160.00000000000082 |
| iv_510 | 3.488403722921325 × 10^296 | 4162 | 79 | ½^160.00000000000085 |

## Input Bit/Output Bit Collision Probabilities

| Input Bit | Output Bit | Collision Probability |
|:---------:|:----------:|:---------------------:|
| iv_511 | ov_137 | 0.5000000000000041 |
| iv_509 | ov_102 | 0.5000000000000018 |
| iv_506 | ov_110 | 0.5000000000000017 |
| iv_509 | ov_025 | 0.5000000000000017 |
| iv_506 | ov_057 | 0.5000000000000016 |
| iv_510 | ov_022 | 0.5000000000000016 |

## Input Bit Co-occurrences

### Input Bit Co-occurrences Sorted by Co-occurrences

| Input Bits | Co-occurrences | Potential Occurrences | Output Co-occurrences | Potential Output Occurrences |
|:----------:|:--------------:|:---------------------:|:---------------------:|:----------------------------:|
| iv_511-iv_512 | 2032 | 4323 | 39 | 74 |
| iv_506-iv_510 | 2020 | 4371 | 35 | 87 |
| iv_505-iv_506 | 1995 | 4582 | 46 | 71 |
| iv_510-iv_512 | 1995 | 4446 | 42 | 73 |
| iv_509-iv_512 | 1981 | 4361 | 37 | 82 |
| iv_505-iv_512 | 1974 | 4649 | 37 | 89 |

### Input Bit Co-occurrences Sorted by Potential Occurrences

| Input Bits | Co-occurrences | Potential Occurrences | Output Co-occurrences | Potential Output Occurrences |
|:----------:|:--------------:|:---------------------:|:---------------------:|:----------------------------:|
| iv_509-iv_511 | 1934 | 4294 | 39 | 74 |
| iv_511-iv_512 | 2032 | 4323 | 39 | 74 |
| iv_509-iv_510 | 1934 | 4343 | 37 | 83 |
| iv_509-iv_512 | 1981 | 4361 | 37 | 82 |
| iv_506-iv_510 | 2020 | 4371 | 35 | 87 |
| iv_510-iv_511 | 1952 | 4371 | 38 | 77 |

### Input Bit Output Co-occurrences Sorted by Output Co-occurrences

| Input Bits | Co-occurrences | Potential Occurrences | Output Co-occurrences | Potential Output Occurrences |
|:----------:|:--------------:|:---------------------:|:---------------------:|:----------------------------:|
| iv_505-iv_506 | 1995 | 4582 | 46 | 71 |
| iv_505-iv_509 | 1966 | 4440 | 43 | 77 |
| iv_510-iv_512 | 1995 | 4446 | 42 | 73 |
| iv_509-iv_511 | 1934 | 4294 | 39 | 74 |
| iv_511-iv_512 | 2032 | 4323 | 39 | 74 |
| iv_505-iv_511 | 1927 | 4582 | 38 | 83 |

### Input Bit Output Co-occurrences Sorted by Potential Output Occurrences

| Input Bits | Co-occurrences | Potential Occurrences | Output Co-occurrences | Potential Output Occurrences |
|:----------:|:--------------:|:---------------------:|:---------------------:|:----------------------------:|
| iv_505-iv_506 | 1995 | 4582 | 46 | 71 |
| iv_510-iv_512 | 1995 | 4446 | 42 | 73 |
| iv_509-iv_511 | 1934 | 4294 | 39 | 74 |
| iv_511-iv_512 | 2032 | 4323 | 39 | 74 |
| iv_505-iv_509 | 1966 | 4440 | 43 | 77 |
| iv_510-iv_511 | 1952 | 4371 | 38 | 77 |

## Output Bits

### Output Bits in Regular Order

| Rank | Output Bit | Complexity |
|:----:|:----------:|:----------:|
| 1 | ov_001 | 1.838733556642025 × 10^296 |
| 2 | ov_002 | 1.6071356395063023 × 10^296 |
| 3 | ov_003 | 1.3964051000956 × 10^296 |
| 4 | ov_004 | 1.205579939153869 × 10^296 |
| 5 | ov_005 | 1.033750870959715 × 10^296 |
| 6 | ov_006 | 8.800575654312272 × 10^295 |
| 7 | ov_007 | 7.436853869273715 × 10^295 |
| 8 | ov_008 | 6.23862573517307 × 10^295 |
| 9 | ov_009 | 5.191648252134976 × 10^295 |
| 10 | ov_010 | 4.282427269297047 × 10^295 |
| 11 | ov_011 | 3.498184100304273 × 10^295 |
| 12 | ov_012 | 2.8268272346859164 × 10^295 |
| 13 | ov_013 | 2.2569287217311963 × 10^295 |
| 14 | ov_014 | 1.7777048291988264 × 10^295 |
| 15 | ov_015 | 1.3790006045501702 × 10^295 |
| 16 | ov_016 | 1.0512779558367195 × 10^295 |
| 17 | ov_017 | 7.856067904109647 × 10^294 |
| 18 | ov_018 | 5.736586797769453 × 10^294 |
| 19 | ov_019 | 4.077025294823761 × 10^294 |
| 20 | ov_020 | 2.8060178219743347 × 10^294 |
| 21 | ov_021 | 1.858127313258457 × 10^294 |
| 22 | ov_022 | 1.1738357167177374 × 10^294 |
| 23 | ov_023 | 6.995387697599733 × 10^293 |
| 24 | ov_024 | 3.875429364765171 × 10^293 |
| 25 | ov_025 | 1.960634934378725 × 10^293 |
| 26 | ov_026 | 8.922337895337034 × 10^292 |
| 27 | ov_027 | 3.705257402528238 × 10^292 |
| 28 | ov_028 | 1.5487814398384209 × 10^292 |
| 29 | ov_029 | 6.372480277267834 × 10^291 |
| 30 | ov_030 | 2.1049162148971526 × 10^291 |
| 31 | ov_031 | 5.0869670477706964 × 10^290 |
| 32 | lv_80_m31 | 1.2290010302626502 × 10^290 |
| 33 | ov_033 | 1.4832598358781536 × 10^291 |
| 34 | ov_034 | 1.2838431162531703 × 10^291 |
| 35 | ov_035 | 1.1052180022846835 × 10^291 |
| 36 | ov_036 | 9.463810889195098 × 10^290 |
| 37 | ov_037 | 8.063846932571726 × 10^290 |
| 38 | ov_038 | 6.834845902186138 × 10^290 |
| 39 | ov_039 | 5.760293392412033 × 10^290 |
| 40 | ov_040 | 4.8245444018071446 × 10^290 |
| 41 | ov_041 | 4.012773422833442 × 10^290 |
| 42 | ov_042 | 3.3109322272514205 × 10^290 |
| 43 | ov_043 | 2.705714508589745 × 10^290 |
| 44 | ov_044 | 2.184526596517577 × 10^290 |
| 45 | ov_045 | 1.7354635092287302 × 10^290 |
| 46 | ov_046 | 1.3527422459767173 × 10^290 |
| 47 | ov_047 | 1.0309102201780465 × 10^290 |
| 48 | ov_048 | 7.648385485329231 × 10^289 |
| 49 | ov_049 | 5.497169119506953 × 10^289 |
| 50 | ov_050 | 3.8104972735290764 × 10^289 |
| 51 | ov_051 | 2.546533915932342 × 10^289 |
| 52 | ov_052 | 1.6308969482989643 × 10^289 |
| 53 | ov_053 | 9.953734928893407 × 10^288 |
| 54 | ov_054 | 5.779081438145489 × 10^288 |
| 55 | ov_055 | 3.2259659064526416 × 10^288 |
| 56 | ov_056 | 1.7968230671348473 × 10^288 |
| 57 | ov_057 | 1.0555475554808072 × 10^288 |
| 58 | ov_058 | 6.274836575291191 × 10^287 |
| 59 | ov_059 | 3.4066500170250803 × 10^287 |
| 60 | ov_060 | 1.6437121870460653 × 10^287 |
| 61 | ov_061 | 6.788218419699078 × 10^286 |
| 62 | ov_062 | 2.2508486670455396 × 10^286 |
| 63 | ov_063 | 5.462057812918526 × 10^285 |
| 64 | lv_79_m31 | 1.3247897295315606 × 10^285 |
| 65 | ov_065 | 1.5727660016060104 × 10^286 |
| 66 | ov_066 | 1.5727622023597452 × 10^286 |
| 67 | ov_067 | 1.5727609711291628 × 10^286 |
| 68 | ov_068 | 1.3696960418782788 × 10^286 |
| 69 | ov_069 | 1.1856928644889847 × 10^286 |
| 70 | ov_070 | 1.0197681300704734 × 10^286 |
| 71 | ov_071 | 8.709992681062368 × 10^285 |
| 72 | ov_072 | 7.385202949899291 × 10^285 |
| 73 | ov_073 | 6.215180223885373 × 10^285 |
| 74 | ov_074 | 5.185109797392674 × 10^285 |
| 75 | ov_075 | 4.281073079622356 × 10^285 |
| 76 | ov_076 | 3.4963277482348495 × 10^285 |
| 77 | ov_077 | 2.82454009024982 × 10^285 |
| 78 | ov_078 | 2.2541806040979266 × 10^285 |
| 79 | ov_079 | 1.7744340066996632 × 10^285 |
| 80 | ov_080 | 1.375166164771887 × 10^285 |
| 81 | ov_081 | 1.046895356825413 × 10^285 |
| 82 | ov_082 | 7.807675552293116 × 10^284 |
| 83 | ov_083 | 5.6853541928884194 × 10^284 |
| 84 | ov_084 | 4.025406912945065 × 10^284 |
| 85 | ov_085 | 2.756996881075166 × 10^284 |
| 86 | ov_086 | 1.814915811882156 × 10^284 |
| 87 | ov_087 | 1.1394915815761636 × 10^284 |
| 88 | ov_088 | 6.7651759082720885 × 10^283 |
| 89 | ov_089 | 3.7720080734222535 × 10^283 |
| 90 | ov_090 | 1.9812542098986157 × 10^283 |
| 91 | ov_091 | 1.0122904448877516 × 10^283 |
| 92 | ov_092 | 5.37884182665991 × 10^282 |
| 93 | ov_093 | 2.8411728608984417 × 10^282 |
| 94 | ov_094 | 1.2735296788422994 × 10^282 |
| 95 | aaa_78_28 | 4.096031432026545 × 10^281 |
| 96 | aaa_78_29 | 1.5519562417778168 × 10^281 |
| 97 | ov_097 | 1.690392294252596 × 10^281 |
| 98 | ov_098 | 1.690341203297522 × 10^281 |
| 99 | ov_099 | 1.6903248864854907 × 10^281 |
| 100 | ov_100 | 1.5212498567825052 × 10^281 |
| 101 | ov_101 | 1.3646424725558265 × 10^281 |
| 102 | ov_102 | 1.2198171316594534 × 10^281 |
| 103 | ov_103 | 1.0861386220484811 × 10^281 |
| 104 | ov_104 | 9.630155636562705 × 10^280 |
| 105 | ov_105 | 8.498944499971883 × 10^280 |
| 106 | ov_106 | 7.462542567819785 × 10^280 |
| 107 | ov_107 | 6.516015863053226 × 10^280 |
| 108 | ov_108 | 5.654663175940661 × 10^280 |
| 109 | ov_109 | 4.873977333126597 × 10^280 |
| 110 | ov_110 | 4.169610952327176 × 10^280 |
| 111 | ov_111 | 3.5373464071165375 × 10^280 |
| 112 | ov_112 | 2.9730697311686413 × 10^280 |
| 113 | ov_113 | 2.472748195015924 × 10^280 |
| 114 | ov_114 | 2.0324112910787198 × 10^280 |
| 115 | ov_115 | 1.64813486459094 × 10^280 |
| 116 | ov_116 | 1.3160281292944622 × 10^280 |
| 117 | ov_117 | 1.0322233075755553 × 10^280 |
| 118 | ov_118 | 7.928676351869056 × 10^279 |
| 119 | ov_119 | 5.941174709402934 × 10^279 |
| 120 | ov_120 | 4.3213425187297954 × 10^279 |
| 121 | ov_121 | 3.030820344505184 × 10^279 |
| 122 | ov_122 | 2.0312624520848025 × 10^279 |
| 123 | ov_123 | 1.2843309471623012 × 10^279 |
| 124 | ov_124 | 7.516923633073779 × 10^278 |
| 125 | ov_125 | 3.950154216869162 × 10^278 |
| 126 | ov_126 | 1.7596974149567077 × 10^278 |
| 127 | aaa_77_28 | 5.6225229120796 × 10^277 |
| 128 | aaa_77_29 | 2.1088185777122763 × 10^277 |
| 129 | ov_129 | 1.9342616359467072 × 10^277 |
| 130 | ov_130 | 1.9342571706153986 × 10^277 |
| 131 | ov_131 | 1.9342557335623485 × 10^277 |
| 132 | ov_132 | 1.679442176654051 × 10^277 |
| 133 | ov_133 | 1.4491062668433992 × 10^277 |
| 134 | ov_134 | 1.242162961730585 × 10^277 |
| 135 | ov_135 | 1.057589651649867 × 10^277 |
| 136 | ov_136 | 8.944215313247389 × 10^276 |
| 137 | ov_137 | 7.508864364018801 × 10^276 |
| 138 | ov_138 | 6.253091572857229 × 10^276 |
| 139 | ov_139 | 5.161055239321489 × 10^276 |
| 140 | ov_140 | 4.2177731652469297 × 10^276 |
| 141 | ov_141 | 3.409079290591952 × 10^276 |
| 142 | ov_142 | 2.7215870484287584 × 10^276 |
| 143 | ov_143 | 2.142658771817336 × 10^276 |
| 144 | ov_144 | 1.6603806340460216 × 10^276 |
| 145 | ov_145 | 1.263542555168899 × 10^276 |
| 146 | ov_146 | 9.416224145838546 × 10^275 |
| 147 | ov_147 | 6.847739142579151 × 10^275 |
| 148 | ov_148 | 4.8381748939737285 × 10^275 |
| 149 | ov_149 | 3.302337154401533 × 10^275 |
| 150 | ov_150 | 2.1615871226482993 × 10^275 |
| 151 | ov_151 | 1.3438109849223287 × 10^275 |
| 152 | ov_152 | 7.834010071655716 × 10^274 |
| 153 | ov_153 | 4.212447445151659 × 10^274 |
| 154 | ov_154 | 2.047194551865594 × 10^274 |
| 155 | ov_155 | 8.768940122762616 × 10^273 |
| 156 | aaa_76_25 | 3.050458471111279 × 10^273 |
| 157 | aaa_76_26 | 1.8785626649042007 × 10^273 |
| 158 | aaa_76_27 | 1.0308964613140605 × 10^273 |
| 159 | aaa_76_28 | 4.86332525639459 × 10^272 |
| 160 | aaa_76_29 | 1.8333289924165963 × 10^272 |

### Output Bits Sorted by Complexity

| Rank | Output Bit | Complexity |
|:----:|:----------:|:----------:|
| 160 | aaa_76_29 | 1.8333289924165963 × 10^272 |
| 159 | aaa_76_28 | 4.86332525639459 × 10^272 |
| 158 | aaa_76_27 | 1.0308964613140605 × 10^273 |
| 157 | aaa_76_26 | 1.8785626649042007 × 10^273 |
| 156 | aaa_76_25 | 3.050458471111279 × 10^273 |
| 155 | ov_155 | 8.768940122762616 × 10^273 |
| 154 | ov_154 | 2.047194551865594 × 10^274 |
| 153 | ov_153 | 4.212447445151659 × 10^274 |
| 152 | ov_152 | 7.834010071655716 × 10^274 |
| 151 | ov_151 | 1.3438109849223287 × 10^275 |
| 150 | ov_150 | 2.1615871226482993 × 10^275 |
| 149 | ov_149 | 3.302337154401533 × 10^275 |
| 148 | ov_148 | 4.8381748939737285 × 10^275 |
| 147 | ov_147 | 6.847739142579151 × 10^275 |
| 146 | ov_146 | 9.416224145838546 × 10^275 |
| 145 | ov_145 | 1.263542555168899 × 10^276 |
| 144 | ov_144 | 1.6603806340460216 × 10^276 |
| 143 | ov_143 | 2.142658771817336 × 10^276 |
| 142 | ov_142 | 2.7215870484287584 × 10^276 |
| 141 | ov_141 | 3.409079290591952 × 10^276 |
| 140 | ov_140 | 4.2177731652469297 × 10^276 |
| 139 | ov_139 | 5.161055239321489 × 10^276 |
| 138 | ov_138 | 6.253091572857229 × 10^276 |
| 137 | ov_137 | 7.508864364018801 × 10^276 |
| 136 | ov_136 | 8.944215313247389 × 10^276 |
| 135 | ov_135 | 1.057589651649867 × 10^277 |
| 134 | ov_134 | 1.242162961730585 × 10^277 |
| 133 | ov_133 | 1.4491062668433992 × 10^277 |
| 132 | ov_132 | 1.679442176654051 × 10^277 |
| 131 | ov_131 | 1.9342557335623485 × 10^277 |
| 130 | ov_130 | 1.9342571706153986 × 10^277 |
| 129 | ov_129 | 1.9342616359467072 × 10^277 |
| 128 | aaa_77_29 | 2.1088185777122763 × 10^277 |
| 127 | aaa_77_28 | 5.6225229120796 × 10^277 |
| 126 | ov_126 | 1.7596974149567077 × 10^278 |
| 125 | ov_125 | 3.950154216869162 × 10^278 |
| 124 | ov_124 | 7.516923633073779 × 10^278 |
| 123 | ov_123 | 1.2843309471623012 × 10^279 |
| 122 | ov_122 | 2.0312624520848025 × 10^279 |
| 121 | ov_121 | 3.030820344505184 × 10^279 |
| 120 | ov_120 | 4.3213425187297954 × 10^279 |
| 119 | ov_119 | 5.941174709402934 × 10^279 |
| 118 | ov_118 | 7.928676351869056 × 10^279 |
| 117 | ov_117 | 1.0322233075755553 × 10^280 |
| 116 | ov_116 | 1.3160281292944622 × 10^280 |
| 115 | ov_115 | 1.64813486459094 × 10^280 |
| 114 | ov_114 | 2.0324112910787198 × 10^280 |
| 113 | ov_113 | 2.472748195015924 × 10^280 |
| 112 | ov_112 | 2.9730697311686413 × 10^280 |
| 111 | ov_111 | 3.5373464071165375 × 10^280 |
| 110 | ov_110 | 4.169610952327176 × 10^280 |
| 109 | ov_109 | 4.873977333126597 × 10^280 |
| 108 | ov_108 | 5.654663175940661 × 10^280 |
| 107 | ov_107 | 6.516015863053226 × 10^280 |
| 106 | ov_106 | 7.462542567819785 × 10^280 |
| 105 | ov_105 | 8.498944499971883 × 10^280 |
| 104 | ov_104 | 9.630155636562705 × 10^280 |
| 103 | ov_103 | 1.0861386220484811 × 10^281 |
| 102 | ov_102 | 1.2198171316594534 × 10^281 |
| 101 | ov_101 | 1.3646424725558265 × 10^281 |
| 100 | ov_100 | 1.5212498567825052 × 10^281 |
| 96 | aaa_78_29 | 1.5519562417778168 × 10^281 |
| 99 | ov_099 | 1.6903248864854907 × 10^281 |
| 98 | ov_098 | 1.690341203297522 × 10^281 |
| 97 | ov_097 | 1.690392294252596 × 10^281 |
| 95 | aaa_78_28 | 4.096031432026545 × 10^281 |
| 94 | ov_094 | 1.2735296788422994 × 10^282 |
| 93 | ov_093 | 2.8411728608984417 × 10^282 |
| 92 | ov_092 | 5.37884182665991 × 10^282 |
| 91 | ov_091 | 1.0122904448877516 × 10^283 |
| 90 | ov_090 | 1.9812542098986157 × 10^283 |
| 89 | ov_089 | 3.7720080734222535 × 10^283 |
| 88 | ov_088 | 6.7651759082720885 × 10^283 |
| 87 | ov_087 | 1.1394915815761636 × 10^284 |
| 86 | ov_086 | 1.814915811882156 × 10^284 |
| 85 | ov_085 | 2.756996881075166 × 10^284 |
| 84 | ov_084 | 4.025406912945065 × 10^284 |
| 83 | ov_083 | 5.6853541928884194 × 10^284 |
| 82 | ov_082 | 7.807675552293116 × 10^284 |
| 81 | ov_081 | 1.046895356825413 × 10^285 |
| 64 | lv_79_m31 | 1.3247897295315606 × 10^285 |
| 80 | ov_080 | 1.375166164771887 × 10^285 |
| 79 | ov_079 | 1.7744340066996632 × 10^285 |
| 78 | ov_078 | 2.2541806040979266 × 10^285 |
| 77 | ov_077 | 2.82454009024982 × 10^285 |
| 76 | ov_076 | 3.4963277482348495 × 10^285 |
| 75 | ov_075 | 4.281073079622356 × 10^285 |
| 74 | ov_074 | 5.185109797392674 × 10^285 |
| 63 | ov_063 | 5.462057812918526 × 10^285 |
| 73 | ov_073 | 6.215180223885373 × 10^285 |
| 72 | ov_072 | 7.385202949899291 × 10^285 |
| 71 | ov_071 | 8.709992681062368 × 10^285 |
| 70 | ov_070 | 1.0197681300704734 × 10^286 |
| 69 | ov_069 | 1.1856928644889847 × 10^286 |
| 68 | ov_068 | 1.3696960418782788 × 10^286 |
| 67 | ov_067 | 1.5727609711291628 × 10^286 |
| 66 | ov_066 | 1.5727622023597452 × 10^286 |
| 65 | ov_065 | 1.5727660016060104 × 10^286 |
| 62 | ov_062 | 2.2508486670455396 × 10^286 |
| 61 | ov_061 | 6.788218419699078 × 10^286 |
| 60 | ov_060 | 1.6437121870460653 × 10^287 |
| 59 | ov_059 | 3.4066500170250803 × 10^287 |
| 58 | ov_058 | 6.274836575291191 × 10^287 |
| 57 | ov_057 | 1.0555475554808072 × 10^288 |
| 56 | ov_056 | 1.7968230671348473 × 10^288 |
| 55 | ov_055 | 3.2259659064526416 × 10^288 |
| 54 | ov_054 | 5.779081438145489 × 10^288 |
| 53 | ov_053 | 9.953734928893407 × 10^288 |
| 52 | ov_052 | 1.6308969482989643 × 10^289 |
| 51 | ov_051 | 2.546533915932342 × 10^289 |
| 50 | ov_050 | 3.8104972735290764 × 10^289 |
| 49 | ov_049 | 5.497169119506953 × 10^289 |
| 48 | ov_048 | 7.648385485329231 × 10^289 |
| 47 | ov_047 | 1.0309102201780465 × 10^290 |
| 32 | lv_80_m31 | 1.2290010302626502 × 10^290 |
| 46 | ov_046 | 1.3527422459767173 × 10^290 |
| 45 | ov_045 | 1.7354635092287302 × 10^290 |
| 44 | ov_044 | 2.184526596517577 × 10^290 |
| 43 | ov_043 | 2.705714508589745 × 10^290 |
| 42 | ov_042 | 3.3109322272514205 × 10^290 |
| 41 | ov_041 | 4.012773422833442 × 10^290 |
| 40 | ov_040 | 4.8245444018071446 × 10^290 |
| 31 | ov_031 | 5.0869670477706964 × 10^290 |
| 39 | ov_039 | 5.760293392412033 × 10^290 |
| 38 | ov_038 | 6.834845902186138 × 10^290 |
| 37 | ov_037 | 8.063846932571726 × 10^290 |
| 36 | ov_036 | 9.463810889195098 × 10^290 |
| 35 | ov_035 | 1.1052180022846835 × 10^291 |
| 34 | ov_034 | 1.2838431162531703 × 10^291 |
| 33 | ov_033 | 1.4832598358781536 × 10^291 |
| 30 | ov_030 | 2.1049162148971526 × 10^291 |
| 29 | ov_029 | 6.372480277267834 × 10^291 |
| 28 | ov_028 | 1.5487814398384209 × 10^292 |
| 27 | ov_027 | 3.705257402528238 × 10^292 |
| 26 | ov_026 | 8.922337895337034 × 10^292 |
| 25 | ov_025 | 1.960634934378725 × 10^293 |
| 24 | ov_024 | 3.875429364765171 × 10^293 |
| 23 | ov_023 | 6.995387697599733 × 10^293 |
| 22 | ov_022 | 1.1738357167177374 × 10^294 |
| 21 | ov_021 | 1.858127313258457 × 10^294 |
| 20 | ov_020 | 2.8060178219743347 × 10^294 |
| 19 | ov_019 | 4.077025294823761 × 10^294 |
| 18 | ov_018 | 5.736586797769453 × 10^294 |
| 17 | ov_017 | 7.856067904109647 × 10^294 |
| 16 | ov_016 | 1.0512779558367195 × 10^295 |
| 15 | ov_015 | 1.3790006045501702 × 10^295 |
| 14 | ov_014 | 1.7777048291988264 × 10^295 |
| 13 | ov_013 | 2.2569287217311963 × 10^295 |
| 12 | ov_012 | 2.8268272346859164 × 10^295 |
| 11 | ov_011 | 3.498184100304273 × 10^295 |
| 10 | ov_010 | 4.282427269297047 × 10^295 |
| 9 | ov_009 | 5.191648252134976 × 10^295 |
| 8 | ov_008 | 6.23862573517307 × 10^295 |
| 7 | ov_007 | 7.436853869273715 × 10^295 |
| 6 | ov_006 | 8.800575654312272 × 10^295 |
| 5 | ov_005 | 1.033750870959715 × 10^296 |
| 4 | ov_004 | 1.205579939153869 × 10^296 |
| 3 | ov_003 | 1.3964051000956 × 10^296 |
| 2 | ov_002 | 1.6071356395063023 × 10^296 |
| 1 | ov_001 | 1.838733556642025 × 10^296 |

