# Results for F001-F002-F003-F004-F005-F006-F007-F008-F009-F010-F011-F012-F013-F014-F015-F016-F017-F018-F019-F020-F021-F022-F023-F024-F025-F026-F027-F028-F029-F030-F031-F032-F033-F034-F035-F036-F037-F038-F039-F040-F041-F042-F043-F044-F045-F046-F047-F048-F049-F050-F051-F052-F053-F054-F055-F056-F057-F058-F059-F060-F061-F062-F063-F064-F065-F066-F067-F068-F069-F070-F071-F072-F073-F074-F075-F076-F077-F078-F079-F080-F081-F082-F083-F084-F085-F086-F087-F088-F089-F090-F091-F092-F093-F094-F095-F096-F097-F098-F099-F100-F101-F102-F103-F104-F105-F106-F107-F108-F109-F110-F111-F112-F113-F114-F115-F116-F117-F118-F119-F120-F121-F122-F123-F124-F125-F126-F127-F128-F129-F130-F131-F132-F133-F134-F135-F136-F137-F138-F139-F140-F141-F142-F143-F144-F145-F146-F147-F148-F149-F150-F151-F152-F153-F154-F155-F156-F157-F158-F159-F160-F161-F162-F163-F164-F165-F166-F167-F168-F169-F170-F171-F172-F173-F174-F175-F176-F177-F178-F179-F180-F181-F182-F183-F184-F185-F186-F187-F188-F189-F190-F191-F192-F193-F194-F195-F196-F197-F198-F199-F200-F201-F202-F203-F204-F205-F206-F207-F208-F209-F210-F211-F212-F213-F214-F215-F216-F217-F218-F219-F220-F221-F222-F223-F224-F225-F226-F227-F228-F229-F230-F231-F232-F233-F234-F235-F236-F237-F238-F239-F240-F241-F242-F243-F244-F245-F246-F247-F248-F249-F250-F251-F252-F253-F254-F255-F256-F257-F258-F259-F260-F261-F262-F263-F264-F265-F266-F267-F268-F269-F270-F271-F272-F273-F274-F275-F276-F277-F278-F279-F280-F281-F282-F283-F284-F285-F286-F287-F288-F289-F290-F291-F292-F293-F294-F295-F296-F297-F298-F299-F300-F301-F302-F303-F304-F305-F306-F307-F308-F309-F310-F311-F312-F313-F314-F315-F316-F317-F318-F319-F320-F321-F322-F323-F324-F325-F326-F327-F328-F329-F330-F331-F332-F333-F334-F335-F336-F337-F338-F339-F340-F341-F342-F343-F344-F345-F346-F347-F348-F349-F350-F351-F352-F353-F354-F355-F356-F357-F358-F359-F360-F361-F362-F363-F364-F365-F366-F367-F368-F369-F370-F371-F372-F373-F374-F375-F376-F377-F378-F379-F380-F381-F382-F383-F384-F385-F386-F387-F388-F389-F390-F391-F392-F393-F394-F395-F396-F397-F398-F399-F400-F401-F402-F403-F404-F405-F406-F407-F408-F409-F410-F411-F412-F413-F414-F415-F416-F417-F418-F419-F420-F421-F422-F423-F424-F425-F426-F427-F428-F429-F430-F431-F432-F433-F434-F435-F436-F437-F438-F439-F440-F441-F442-F443-F444-F445-F446-F447-F448-F449-F450-F451-F452-F453-F454-F455-F456-F457-F458-F459-F460-F461-F462-F463-F464-F465-F466-F467-F468-F469-F470-F471-F472-F473-F474-F475-F476-F477-F478-F479-F480-F481-F482-F483-F484-F485-F486-F487-F488-F489-F490-F491-F492-F493-F494-F495-F496-F497-F498-F499-F500-F501-F502-F503-F504-E505506-E506507

## Summary

Number of input bits: 512  
Number of free input bits: 6  
Number of output bits: 160

Number of direct occurrences: 25081  
Number of assignments: 30572  
Number of operations: 10909295
(xor: 10879092,
and: 17378,
or: 12825)

Total complexity: 1.1917214499688762 × 10^297

Least occurring input variable: iv_508 (4043)  
Most occurring input variable: iv_505 (4439)

Most co-occurring input variables: iv_505-iv_512 (2057)  
Least co-occurring input variables: iv_508-iv_511 (1906)

Potentially most occurring input variable: iv_505/iv_511 (4689)  
Potentially least occurring input variable: iv_508/iv_509 (4240)

Least output occurring input variable: iv_508 (70)  
Most output occurring input variable: iv_510 (79)

Most output co-occurring input variables: iv_510-iv_512 (42)  
Least output co-occurring input variables: iv_508-iv_512 (29)

Potentially most output occurring input variable: iv_508/iv_512 (90)  
Potentially least output occurring input variable: iv_505/iv_508 (71)

Least complex input bit: iv_511 (1.3356992637368005 × 10^296)  
Most complex input bit: iv_510 (3.5283239458731365 × 10^296)

Least complex output bit: aaa_76_29 (1.9352268267958727 × 10^272)  
Most complex output bit: ov_001 (1.8352142387011255 × 10^296)

Least complex input/output complexity: iv_511/aaa_76_29 (2.169031234423496 × 10^271)  
Most complex input/output complexity: iv_510/ov_001 (5.433509940083416 × 10^295)

Input variable with highest collision probability: iv_505 (½^160.00000000000048)

## Input Bits

### Input Bits in Regular Order

| Input Bit | Complexity | Occurrences | Output Occurrences | Collision Probability |
|:---------:|:----------:|:-----------:|:------------------:|:---------------------:|
| iv_505 | 1.4391166850999794 × 10^296 | 4439 | 75 | ½^160.00000000000048 |
| iv_508 | 1.5933023619794026 × 10^296 | 4043 | 70 | ½^160.00000000000068 |
| iv_509 | 2.4450237981565084 × 10^296 | 4049 | 78 | ½^160.00000000000068 |
| iv_510 | 3.5283239458731365 × 10^296 | 4163 | 79 | ½^160.0000000000007 |
| iv_511 | 1.3356992637368005 × 10^296 | 4114 | 74 | ½^160.00000000000077 |
| iv_512 | 1.575748444842961 × 10^296 | 4273 | 78 | ½^160.00000000000085 |

### Input Bits Sorted by Complexity

| Input Bit | Complexity | Occurrences | Output Occurrences | Collision Probability |
|:---------:|:----------:|:-----------:|:------------------:|:---------------------:|
| iv_511 | 1.3356992637368005 × 10^296 | 4114 | 74 | ½^160.00000000000077 |
| iv_505 | 1.4391166850999794 × 10^296 | 4439 | 75 | ½^160.00000000000048 |
| iv_512 | 1.575748444842961 × 10^296 | 4273 | 78 | ½^160.00000000000085 |
| iv_508 | 1.5933023619794026 × 10^296 | 4043 | 70 | ½^160.00000000000068 |
| iv_509 | 2.4450237981565084 × 10^296 | 4049 | 78 | ½^160.00000000000068 |
| iv_510 | 3.5283239458731365 × 10^296 | 4163 | 79 | ½^160.0000000000007 |

### Input Bits Sorted by Occurrences

| Input Bit | Complexity | Occurrences | Output Occurrences | Collision Probability |
|:---------:|:----------:|:-----------:|:------------------:|:---------------------:|
| iv_508 | 1.5933023619794026 × 10^296 | 4043 | 70 | ½^160.00000000000068 |
| iv_509 | 2.4450237981565084 × 10^296 | 4049 | 78 | ½^160.00000000000068 |
| iv_511 | 1.3356992637368005 × 10^296 | 4114 | 74 | ½^160.00000000000077 |
| iv_510 | 3.5283239458731365 × 10^296 | 4163 | 79 | ½^160.0000000000007 |
| iv_512 | 1.575748444842961 × 10^296 | 4273 | 78 | ½^160.00000000000085 |
| iv_505 | 1.4391166850999794 × 10^296 | 4439 | 75 | ½^160.00000000000048 |

### Input Bits Sorted by Output Occurrences

| Input Bit | Complexity | Occurrences | Output Occurrences | Collision Probability |
|:---------:|:----------:|:-----------:|:------------------:|:---------------------:|
| iv_508 | 1.5933023619794026 × 10^296 | 4043 | 70 | ½^160.00000000000068 |
| iv_511 | 1.3356992637368005 × 10^296 | 4114 | 74 | ½^160.00000000000077 |
| iv_505 | 1.4391166850999794 × 10^296 | 4439 | 75 | ½^160.00000000000048 |
| iv_509 | 2.4450237981565084 × 10^296 | 4049 | 78 | ½^160.00000000000068 |
| iv_512 | 1.575748444842961 × 10^296 | 4273 | 78 | ½^160.00000000000085 |
| iv_510 | 3.5283239458731365 × 10^296 | 4163 | 79 | ½^160.0000000000007 |

### Input Bits Sorted by Collision Probability

| Input Bit | Complexity | Occurrences | Output Occurrences | Collision Probability |
|:---------:|:----------:|:-----------:|:------------------:|:---------------------:|
| iv_505 | 1.4391166850999794 × 10^296 | 4439 | 75 | ½^160.00000000000048 |
| iv_509 | 2.4450237981565084 × 10^296 | 4049 | 78 | ½^160.00000000000068 |
| iv_508 | 1.5933023619794026 × 10^296 | 4043 | 70 | ½^160.00000000000068 |
| iv_510 | 3.5283239458731365 × 10^296 | 4163 | 79 | ½^160.0000000000007 |
| iv_511 | 1.3356992637368005 × 10^296 | 4114 | 74 | ½^160.00000000000077 |
| iv_512 | 1.575748444842961 × 10^296 | 4273 | 78 | ½^160.00000000000085 |

## Input Bit/Output Bit Collision Probabilities

| Input Bit | Output Bit | Collision Probability |
|:---------:|:----------:|:---------------------:|
| iv_505 | ov_034 | 0.5000000000000026 |
| iv_510 | aaa_76_27 | 0.5000000000000022 |
| iv_505 | ov_062 | 0.500000000000002 |
| iv_509 | aaa_76_25 | 0.5000000000000019 |
| iv_505 | ov_114 | 0.5000000000000018 |
| iv_505 | ov_136 | 0.5000000000000018 |

## Input Bit Co-occurrences

### Input Bit Co-occurrences Sorted by Co-occurrences

| Input Bits | Co-occurrences | Potential Occurrences | Output Co-occurrences | Potential Output Occurrences |
|:----------:|:--------------:|:---------------------:|:---------------------:|:----------------------------:|
| iv_505-iv_512 | 2057 | 4598 | 38 | 77 |
| iv_511-iv_512 | 2032 | 4323 | 39 | 74 |
| iv_510-iv_512 | 1995 | 4446 | 42 | 73 |
| iv_505-iv_510 | 1991 | 4620 | 34 | 86 |
| iv_509-iv_512 | 1981 | 4360 | 37 | 82 |
| iv_505-iv_509 | 1963 | 4562 | 36 | 81 |

### Input Bit Co-occurrences Sorted by Potential Occurrences

| Input Bits | Co-occurrences | Potential Occurrences | Output Co-occurrences | Potential Output Occurrences |
|:----------:|:--------------:|:---------------------:|:---------------------:|:----------------------------:|
| iv_508-iv_509 | 1926 | 4240 | 35 | 78 |
| iv_509-iv_511 | 1934 | 4295 | 39 | 74 |
| iv_511-iv_512 | 2032 | 4323 | 39 | 74 |
| iv_508-iv_510 | 1933 | 4340 | 31 | 87 |
| iv_509-iv_510 | 1934 | 4344 | 37 | 83 |
| iv_508-iv_511 | 1906 | 4345 | 35 | 74 |

### Input Bit Output Co-occurrences Sorted by Output Co-occurrences

| Input Bits | Co-occurrences | Potential Occurrences | Output Co-occurrences | Potential Output Occurrences |
|:----------:|:--------------:|:---------------------:|:---------------------:|:----------------------------:|
| iv_510-iv_512 | 1995 | 4446 | 42 | 73 |
| iv_505-iv_511 | 1932 | 4689 | 39 | 71 |
| iv_509-iv_511 | 1934 | 4295 | 39 | 74 |
| iv_511-iv_512 | 2032 | 4323 | 39 | 74 |
| iv_505-iv_512 | 2057 | 4598 | 38 | 77 |
| iv_510-iv_511 | 1952 | 4373 | 38 | 77 |

### Input Bit Output Co-occurrences Sorted by Potential Output Occurrences

| Input Bits | Co-occurrences | Potential Occurrences | Output Co-occurrences | Potential Output Occurrences |
|:----------:|:--------------:|:---------------------:|:---------------------:|:----------------------------:|
| iv_505-iv_508 | 1950 | 4582 | 37 | 71 |
| iv_505-iv_511 | 1932 | 4689 | 39 | 71 |
| iv_510-iv_512 | 1995 | 4446 | 42 | 73 |
| iv_508-iv_511 | 1906 | 4345 | 35 | 74 |
| iv_509-iv_511 | 1934 | 4295 | 39 | 74 |
| iv_511-iv_512 | 2032 | 4323 | 39 | 74 |

## Output Bits

### Output Bits in Regular Order

| Rank | Output Bit | Complexity |
|:----:|:----------:|:----------:|
| 1 | ov_001 | 1.8352142387011255 × 10^296 |
| 2 | ov_002 | 1.6085857860433953 × 10^296 |
| 3 | ov_003 | 1.4019523522025021 × 10^296 |
| 4 | ov_004 | 1.2143320271197702 × 10^296 |
| 5 | ov_005 | 1.0447967069739736 × 10^296 |
| 6 | ov_006 | 8.924682578710433 × 10^295 |
| 7 | ov_007 | 7.565151866094787 × 10^295 |
| 8 | ov_008 | 6.36149761146359 × 10^295 |
| 9 | ov_009 | 5.299182079819789 × 10^295 |
| 10 | ov_010 | 4.37113208694117 × 10^295 |
| 11 | ov_011 | 3.570647420086611 × 10^295 |
| 12 | ov_012 | 2.885386328331706 × 10^295 |
| 13 | ov_013 | 2.303684341298375 × 10^295 |
| 14 | ov_014 | 1.8145345281521472 × 10^295 |
| 15 | ov_015 | 1.4075717403538 × 10^295 |
| 16 | ov_016 | 1.0730604472127644 × 10^295 |
| 17 | ov_017 | 8.018856926979015 × 10^294 |
| 18 | ov_018 | 5.855466306710737 × 10^294 |
| 19 | ov_019 | 4.161521065467596 × 10^294 |
| 20 | ov_020 | 2.8641780368670395 × 10^294 |
| 21 | ov_021 | 1.8966452309939848 × 10^294 |
| 22 | ov_022 | 1.198172152513368 × 10^294 |
| 23 | ov_023 | 7.140444743011676 × 10^293 |
| 24 | ov_024 | 3.955809167413014 × 10^293 |
| 25 | ov_025 | 2.001312984140936 × 10^293 |
| 26 | ov_026 | 9.107536509107534 × 10^292 |
| 27 | ov_027 | 3.7822160353471376 × 10^292 |
| 28 | ov_028 | 1.5809733132738595 × 10^292 |
| 29 | ov_029 | 6.50502582084036 × 10^291 |
| 30 | ov_030 | 2.1487262235059135 × 10^291 |
| 31 | ov_031 | 5.1929104744507005 × 10^290 |
| 32 | lv_80_m31 | 1.2546112052033552 × 10^290 |
| 33 | ov_033 | 1.5140274793313332 × 10^291 |
| 34 | ov_034 | 1.3105056159951239 × 10^291 |
| 35 | ov_035 | 1.1281894996796215 × 10^291 |
| 36 | ov_036 | 9.660594762728364 × 10^290 |
| 37 | ov_037 | 8.231517904266713 × 10^290 |
| 38 | ov_038 | 6.976906698933712 × 10^290 |
| 39 | ov_039 | 5.879936397714228 × 10^290 |
| 40 | ov_040 | 4.924658093606436 × 10^290 |
| 41 | ov_041 | 4.09595019185012 × 10^290 |
| 42 | ov_042 | 3.379477538510085 × 10^290 |
| 43 | ov_043 | 2.761657323048139 × 10^290 |
| 44 | ov_044 | 2.2296309268590967 × 10^290 |
| 45 | ov_045 | 1.7712409438267553 × 10^290 |
| 46 | ov_046 | 1.3805814014789194 × 10^290 |
| 47 | ov_047 | 1.0520835494376098 × 10^290 |
| 48 | ov_048 | 7.805093482057792 × 10^289 |
| 49 | ov_049 | 5.609463868816184 × 10^289 |
| 50 | ov_050 | 3.8880398464837205 × 10^289 |
| 51 | ov_051 | 2.59810311428745 × 10^289 |
| 52 | ov_052 | 1.663709370033981 × 10^289 |
| 53 | ov_053 | 1.0152171074332112 × 10^289 |
| 54 | ov_054 | 5.892752260729385 × 10^288 |
| 55 | ov_055 | 3.288163070340583 × 10^288 |
| 56 | ov_056 | 1.830531204559537 × 10^288 |
| 57 | ov_057 | 1.0747673408859792 × 10^288 |
| 58 | ov_058 | 6.385543222519386 × 10^287 |
| 59 | ov_059 | 3.4642563359164264 × 10^287 |
| 60 | ov_060 | 1.669998914532038 × 10^287 |
| 61 | ov_061 | 6.889597071080101 × 10^286 |
| 62 | ov_062 | 2.2818854297148947 × 10^286 |
| 63 | ov_063 | 5.530085329054208 × 10^285 |
| 64 | lv_79_m31 | 1.3394350495671553 × 10^285 |
| 65 | ov_065 | 1.5782713096652344 × 10^286 |
| 66 | ov_066 | 1.5782673030836557 × 10^286 |
| 67 | ov_067 | 1.578266004662059 × 10^286 |
| 68 | ov_068 | 1.3696618992186002 × 10^286 |
| 69 | ov_069 | 1.1812154455811038 × 10^286 |
| 70 | ov_070 | 1.0118896702220789 × 10^286 |
| 71 | ov_071 | 8.607116526805676 × 10^285 |
| 72 | ov_072 | 7.26768147551777 × 10^285 |
| 73 | ov_073 | 6.092015859425465 × 10^285 |
| 74 | ov_074 | 5.064496443108091 × 10^285 |
| 75 | ov_075 | 4.170445011151965 × 10^285 |
| 76 | ov_076 | 3.4027512701875446 × 10^285 |
| 77 | ov_077 | 2.748463511537812 × 10^285 |
| 78 | ov_078 | 2.1954229945546267 × 10^285 |
| 79 | ov_079 | 1.7322241763514718 × 10^285 |
| 80 | ov_080 | 1.3481798385424519 × 10^285 |
| 81 | ov_081 | 1.033290780976413 × 10^285 |
| 82 | ov_082 | 7.782197548930419 × 10^284 |
| 83 | ov_083 | 5.742693095855653 × 10^284 |
| 84 | ov_084 | 4.133632277208109 × 10^284 |
| 85 | ov_085 | 2.8803122510868888 × 10^284 |
| 86 | ov_086 | 1.9139659107317313 × 10^284 |
| 87 | ov_087 | 1.2016799237242763 × 10^284 |
| 88 | ov_088 | 7.134388240463155 × 10^283 |
| 89 | ov_089 | 3.977866505557946 × 10^283 |
| 90 | ov_090 | 2.0893813481221046 × 10^283 |
| 91 | ov_091 | 1.0675360228011266 × 10^283 |
| 92 | ov_092 | 5.672389650491125 × 10^282 |
| 93 | ov_093 | 2.996227764760485 × 10^282 |
| 94 | ov_094 | 1.3430312006413442 × 10^282 |
| 95 | aaa_78_28 | 4.319566625598356 × 10^281 |
| 96 | aaa_78_29 | 1.6366513913899209 × 10^281 |
| 97 | ov_097 | 1.7826421640359405 × 10^281 |
| 98 | ov_098 | 1.782588279856368 × 10^281 |
| 99 | ov_099 | 1.7825710706323164 × 10^281 |
| 100 | ov_100 | 1.6042680058474015 × 10^281 |
| 101 | ov_101 | 1.4391134082227983 × 10^281 |
| 102 | ov_102 | 1.286384169165143 × 10^281 |
| 103 | ov_103 | 1.1454103309680425 × 10^281 |
| 104 | ov_104 | 1.0155681711787674 × 10^281 |
| 105 | ov_105 | 8.962739188269441 × 10^280 |
| 106 | ov_106 | 7.869780681910124 × 10^280 |
| 107 | ov_107 | 6.871602573068029 × 10^280 |
| 108 | ov_108 | 5.963246796896574 × 10^280 |
| 109 | ov_109 | 5.139959987750946 × 10^280 |
| 110 | ov_110 | 4.3971573541165795 × 10^280 |
| 111 | ov_111 | 3.730390993916286 × 10^280 |
| 112 | ov_112 | 3.1353223650759457 × 10^280 |
| 113 | ov_113 | 2.607698630006362 × 10^280 |
| 114 | ov_114 | 2.1433325954105934 × 10^280 |
| 115 | ov_115 | 1.7380859707386804 × 10^280 |
| 116 | ov_116 | 1.38785566989089 × 10^280 |
| 117 | ov_117 | 1.0885628815890057 × 10^280 |
| 118 | ov_118 | 8.361446343060823 × 10^279 |
| 119 | ov_119 | 6.265475818918431 × 10^279 |
| 120 | ov_120 | 4.557237361563576 × 10^279 |
| 121 | ov_121 | 3.196278727356089 × 10^279 |
| 122 | ov_122 | 2.1421621294679914 × 10^279 |
| 123 | ov_123 | 1.354458054693824 × 10^279 |
| 124 | ov_124 | 7.927416627738333 × 10^278 |
| 125 | ov_125 | 4.165904223224553 × 10^278 |
| 126 | ov_126 | 1.8558274984215694 × 10^278 |
| 127 | aaa_77_28 | 5.92973649927777 × 10^277 |
| 128 | aaa_77_29 | 2.2240779584790886 × 10^277 |
| 129 | ov_129 | 2.0400828632160043 × 10^277 |
| 130 | ov_130 | 2.0400781493710863 × 10^277 |
| 131 | ov_131 | 2.0400766322264526 × 10^277 |
| 132 | ov_132 | 1.771383132677137 × 10^277 |
| 133 | ov_133 | 1.5284883209573893 × 10^277 |
| 134 | ov_134 | 1.3102503791738898 × 10^277 |
| 135 | ov_135 | 1.1155930645212846 × 10^277 |
| 136 | ov_136 | 9.435008239909376 × 10^276 |
| 137 | ov_137 | 7.921077791942313 × 10^276 |
| 138 | ov_138 | 6.596497658660121 × 10^276 |
| 139 | ov_139 | 5.444581140500674 × 10^276 |
| 140 | ov_140 | 4.449543111356624 × 10^276 |
| 141 | ov_141 | 3.5964547316970676 × 10^276 |
| 142 | ov_142 | 2.8712054167315423 × 10^276 |
| 143 | ov_143 | 2.2604713291563336 × 10^276 |
| 144 | ov_144 | 1.751689720918909 × 10^276 |
| 145 | ov_145 | 1.3330383988176788 × 10^276 |
| 146 | ov_146 | 9.934195906356672 × 10^275 |
| 147 | ov_147 | 7.224475420325182 × 10^275 |
| 148 | ov_148 | 5.104392277554429 × 10^275 |
| 149 | ov_149 | 3.484076139525333 × 10^275 |
| 150 | ov_150 | 2.280569615303013 × 10^275 |
| 151 | ov_151 | 1.417797136195443 × 10^275 |
| 152 | ov_152 | 8.265456331484977 × 10^274 |
| 153 | ov_153 | 4.444535094167431 × 10^274 |
| 154 | ov_154 | 2.1600493186323434 × 10^274 |
| 155 | ov_155 | 9.252707248066719 × 10^273 |
| 156 | aaa_76_25 | 3.218881685052518 × 10^273 |
| 157 | aaa_76_26 | 1.9824242610148258 × 10^273 |
| 158 | aaa_76_27 | 1.0879938582229911 × 10^273 |
| 159 | aaa_76_28 | 5.1331972632300765 × 10^272 |
| 160 | aaa_76_29 | 1.9352268267958727 × 10^272 |

### Output Bits Sorted by Complexity

| Rank | Output Bit | Complexity |
|:----:|:----------:|:----------:|
| 160 | aaa_76_29 | 1.9352268267958727 × 10^272 |
| 159 | aaa_76_28 | 5.1331972632300765 × 10^272 |
| 158 | aaa_76_27 | 1.0879938582229911 × 10^273 |
| 157 | aaa_76_26 | 1.9824242610148258 × 10^273 |
| 156 | aaa_76_25 | 3.218881685052518 × 10^273 |
| 155 | ov_155 | 9.252707248066719 × 10^273 |
| 154 | ov_154 | 2.1600493186323434 × 10^274 |
| 153 | ov_153 | 4.444535094167431 × 10^274 |
| 152 | ov_152 | 8.265456331484977 × 10^274 |
| 151 | ov_151 | 1.417797136195443 × 10^275 |
| 150 | ov_150 | 2.280569615303013 × 10^275 |
| 149 | ov_149 | 3.484076139525333 × 10^275 |
| 148 | ov_148 | 5.104392277554429 × 10^275 |
| 147 | ov_147 | 7.224475420325182 × 10^275 |
| 146 | ov_146 | 9.934195906356672 × 10^275 |
| 145 | ov_145 | 1.3330383988176788 × 10^276 |
| 144 | ov_144 | 1.751689720918909 × 10^276 |
| 143 | ov_143 | 2.2604713291563336 × 10^276 |
| 142 | ov_142 | 2.8712054167315423 × 10^276 |
| 141 | ov_141 | 3.5964547316970676 × 10^276 |
| 140 | ov_140 | 4.449543111356624 × 10^276 |
| 139 | ov_139 | 5.444581140500674 × 10^276 |
| 138 | ov_138 | 6.596497658660121 × 10^276 |
| 137 | ov_137 | 7.921077791942313 × 10^276 |
| 136 | ov_136 | 9.435008239909376 × 10^276 |
| 135 | ov_135 | 1.1155930645212846 × 10^277 |
| 134 | ov_134 | 1.3102503791738898 × 10^277 |
| 133 | ov_133 | 1.5284883209573893 × 10^277 |
| 132 | ov_132 | 1.771383132677137 × 10^277 |
| 131 | ov_131 | 2.0400766322264526 × 10^277 |
| 130 | ov_130 | 2.0400781493710863 × 10^277 |
| 129 | ov_129 | 2.0400828632160043 × 10^277 |
| 128 | aaa_77_29 | 2.2240779584790886 × 10^277 |
| 127 | aaa_77_28 | 5.92973649927777 × 10^277 |
| 126 | ov_126 | 1.8558274984215694 × 10^278 |
| 125 | ov_125 | 4.165904223224553 × 10^278 |
| 124 | ov_124 | 7.927416627738333 × 10^278 |
| 123 | ov_123 | 1.354458054693824 × 10^279 |
| 122 | ov_122 | 2.1421621294679914 × 10^279 |
| 121 | ov_121 | 3.196278727356089 × 10^279 |
| 120 | ov_120 | 4.557237361563576 × 10^279 |
| 119 | ov_119 | 6.265475818918431 × 10^279 |
| 118 | ov_118 | 8.361446343060823 × 10^279 |
| 117 | ov_117 | 1.0885628815890057 × 10^280 |
| 116 | ov_116 | 1.38785566989089 × 10^280 |
| 115 | ov_115 | 1.7380859707386804 × 10^280 |
| 114 | ov_114 | 2.1433325954105934 × 10^280 |
| 113 | ov_113 | 2.607698630006362 × 10^280 |
| 112 | ov_112 | 3.1353223650759457 × 10^280 |
| 111 | ov_111 | 3.730390993916286 × 10^280 |
| 110 | ov_110 | 4.3971573541165795 × 10^280 |
| 109 | ov_109 | 5.139959987750946 × 10^280 |
| 108 | ov_108 | 5.963246796896574 × 10^280 |
| 107 | ov_107 | 6.871602573068029 × 10^280 |
| 106 | ov_106 | 7.869780681910124 × 10^280 |
| 105 | ov_105 | 8.962739188269441 × 10^280 |
| 104 | ov_104 | 1.0155681711787674 × 10^281 |
| 103 | ov_103 | 1.1454103309680425 × 10^281 |
| 102 | ov_102 | 1.286384169165143 × 10^281 |
| 101 | ov_101 | 1.4391134082227983 × 10^281 |
| 100 | ov_100 | 1.6042680058474015 × 10^281 |
| 96 | aaa_78_29 | 1.6366513913899209 × 10^281 |
| 99 | ov_099 | 1.7825710706323164 × 10^281 |
| 98 | ov_098 | 1.782588279856368 × 10^281 |
| 97 | ov_097 | 1.7826421640359405 × 10^281 |
| 95 | aaa_78_28 | 4.319566625598356 × 10^281 |
| 94 | ov_094 | 1.3430312006413442 × 10^282 |
| 93 | ov_093 | 2.996227764760485 × 10^282 |
| 92 | ov_092 | 5.672389650491125 × 10^282 |
| 91 | ov_091 | 1.0675360228011266 × 10^283 |
| 90 | ov_090 | 2.0893813481221046 × 10^283 |
| 89 | ov_089 | 3.977866505557946 × 10^283 |
| 88 | ov_088 | 7.134388240463155 × 10^283 |
| 87 | ov_087 | 1.2016799237242763 × 10^284 |
| 86 | ov_086 | 1.9139659107317313 × 10^284 |
| 85 | ov_085 | 2.8803122510868888 × 10^284 |
| 84 | ov_084 | 4.133632277208109 × 10^284 |
| 83 | ov_083 | 5.742693095855653 × 10^284 |
| 82 | ov_082 | 7.782197548930419 × 10^284 |
| 81 | ov_081 | 1.033290780976413 × 10^285 |
| 64 | lv_79_m31 | 1.3394350495671553 × 10^285 |
| 80 | ov_080 | 1.3481798385424519 × 10^285 |
| 79 | ov_079 | 1.7322241763514718 × 10^285 |
| 78 | ov_078 | 2.1954229945546267 × 10^285 |
| 77 | ov_077 | 2.748463511537812 × 10^285 |
| 76 | ov_076 | 3.4027512701875446 × 10^285 |
| 75 | ov_075 | 4.170445011151965 × 10^285 |
| 74 | ov_074 | 5.064496443108091 × 10^285 |
| 63 | ov_063 | 5.530085329054208 × 10^285 |
| 73 | ov_073 | 6.092015859425465 × 10^285 |
| 72 | ov_072 | 7.26768147551777 × 10^285 |
| 71 | ov_071 | 8.607116526805676 × 10^285 |
| 70 | ov_070 | 1.0118896702220789 × 10^286 |
| 69 | ov_069 | 1.1812154455811038 × 10^286 |
| 68 | ov_068 | 1.3696618992186002 × 10^286 |
| 67 | ov_067 | 1.578266004662059 × 10^286 |
| 66 | ov_066 | 1.5782673030836557 × 10^286 |
| 65 | ov_065 | 1.5782713096652344 × 10^286 |
| 62 | ov_062 | 2.2818854297148947 × 10^286 |
| 61 | ov_061 | 6.889597071080101 × 10^286 |
| 60 | ov_060 | 1.669998914532038 × 10^287 |
| 59 | ov_059 | 3.4642563359164264 × 10^287 |
| 58 | ov_058 | 6.385543222519386 × 10^287 |
| 57 | ov_057 | 1.0747673408859792 × 10^288 |
| 56 | ov_056 | 1.830531204559537 × 10^288 |
| 55 | ov_055 | 3.288163070340583 × 10^288 |
| 54 | ov_054 | 5.892752260729385 × 10^288 |
| 53 | ov_053 | 1.0152171074332112 × 10^289 |
| 52 | ov_052 | 1.663709370033981 × 10^289 |
| 51 | ov_051 | 2.59810311428745 × 10^289 |
| 50 | ov_050 | 3.8880398464837205 × 10^289 |
| 49 | ov_049 | 5.609463868816184 × 10^289 |
| 48 | ov_048 | 7.805093482057792 × 10^289 |
| 47 | ov_047 | 1.0520835494376098 × 10^290 |
| 32 | lv_80_m31 | 1.2546112052033552 × 10^290 |
| 46 | ov_046 | 1.3805814014789194 × 10^290 |
| 45 | ov_045 | 1.7712409438267553 × 10^290 |
| 44 | ov_044 | 2.2296309268590967 × 10^290 |
| 43 | ov_043 | 2.761657323048139 × 10^290 |
| 42 | ov_042 | 3.379477538510085 × 10^290 |
| 41 | ov_041 | 4.09595019185012 × 10^290 |
| 40 | ov_040 | 4.924658093606436 × 10^290 |
| 31 | ov_031 | 5.1929104744507005 × 10^290 |
| 39 | ov_039 | 5.879936397714228 × 10^290 |
| 38 | ov_038 | 6.976906698933712 × 10^290 |
| 37 | ov_037 | 8.231517904266713 × 10^290 |
| 36 | ov_036 | 9.660594762728364 × 10^290 |
| 35 | ov_035 | 1.1281894996796215 × 10^291 |
| 34 | ov_034 | 1.3105056159951239 × 10^291 |
| 33 | ov_033 | 1.5140274793313332 × 10^291 |
| 30 | ov_030 | 2.1487262235059135 × 10^291 |
| 29 | ov_029 | 6.50502582084036 × 10^291 |
| 28 | ov_028 | 1.5809733132738595 × 10^292 |
| 27 | ov_027 | 3.7822160353471376 × 10^292 |
| 26 | ov_026 | 9.107536509107534 × 10^292 |
| 25 | ov_025 | 2.001312984140936 × 10^293 |
| 24 | ov_024 | 3.955809167413014 × 10^293 |
| 23 | ov_023 | 7.140444743011676 × 10^293 |
| 22 | ov_022 | 1.198172152513368 × 10^294 |
| 21 | ov_021 | 1.8966452309939848 × 10^294 |
| 20 | ov_020 | 2.8641780368670395 × 10^294 |
| 19 | ov_019 | 4.161521065467596 × 10^294 |
| 18 | ov_018 | 5.855466306710737 × 10^294 |
| 17 | ov_017 | 8.018856926979015 × 10^294 |
| 16 | ov_016 | 1.0730604472127644 × 10^295 |
| 15 | ov_015 | 1.4075717403538 × 10^295 |
| 14 | ov_014 | 1.8145345281521472 × 10^295 |
| 13 | ov_013 | 2.303684341298375 × 10^295 |
| 12 | ov_012 | 2.885386328331706 × 10^295 |
| 11 | ov_011 | 3.570647420086611 × 10^295 |
| 10 | ov_010 | 4.37113208694117 × 10^295 |
| 9 | ov_009 | 5.299182079819789 × 10^295 |
| 8 | ov_008 | 6.36149761146359 × 10^295 |
| 7 | ov_007 | 7.565151866094787 × 10^295 |
| 6 | ov_006 | 8.924682578710433 × 10^295 |
| 5 | ov_005 | 1.0447967069739736 × 10^296 |
| 4 | ov_004 | 1.2143320271197702 × 10^296 |
| 3 | ov_003 | 1.4019523522025021 × 10^296 |
| 2 | ov_002 | 1.6085857860433953 × 10^296 |
| 1 | ov_001 | 1.8352142387011255 × 10^296 |

