# Results for F001-F002-F003-F004-F005-F006-F007-F008-F009-F010-F011-F012-F013-F014-F015-F016-F017-F018-F019-F020-F021-F022-F023-F024-F025-F026-F027-F028-F029-F030-F031-F032-F033-F034-F035-F036-F037-F038-F039-F040-F041-F042-F043-F044-F045-F046-F047-F048-F049-F050-F051-F052-F053-F054-F055-F056-F057-F058-F059-F060-F061-F062-F063-F064-F065-F066-F067-F068-F069-F070-F071-F072-F073-F074-F075-F076-F077-F078-F079-F080-F081-F082-F083-F084-F085-F086-F087-F088-F089-F090-F091-F092-F093-F094-F095-F096-F097-F098-F099-F100-F101-F102-F103-F104-F105-F106-F107-F108-F109-F110-F111-F112-F113-F114-F115-F116-F117-F118-F119-F120-F121-F122-F123-F124-F125-F126-F127-F128-F129-F130-F131-F132-F133-F134-F135-F136-F137-F138-F139-F140-F141-F142-F143-F144-F145-F146-F147-F148-F149-F150-F151-F152-F153-F154-F155-F156-F157-F158-F159-F160-F161-F162-F163-F164-F165-F166-F167-F168-F169-F170-F171-F172-F173-F174-F175-F176-F177-F178-F179-F180-F181-F182-F183-F184-F185-F186-F187-F188-F189-F190-F191-F192-F193-F194-F195-F196-F197-F198-F199-F200-F201-F202-F203-F204-F205-F206-F207-F208-F209-F210-F211-F212-F213-F214-F215-F216-F217-F218-F219-F220-F221-F222-F223-F224-F225-F226-F227-F228-F229-F230-F231-F232-F233-F234-F235-F236-F237-F238-F239-F240-F241-F242-F243-F244-F245-F246-F247-F248-F249-F250-F251-F252-F253-F254-F255-F256-F257-F258-F259-F260-F261-F262-F263-F264-F265-F266-F267-F268-F269-F270-F271-F272-F273-F274-F275-F276-F277-F278-F279-F280-F281-F282-F283-F284-F285-F286-F287-F288-F289-F290-F291-F292-F293-F294-F295-F296-F297-F298-F299-F300-F301-F302-F303-F304-F305-F306-F307-F308-F309-F310-F311-F312-F313-F314-F315-F316-F317-F318-F319-F320-F321-F322-F323-F324-F325-F326-F327-F328-F329-F330-F331-F332-F333-F334-F335-F336-F337-F338-F339-F340-F341-F342-F343-F344-F345-F346-F347-F348-F349-F350-F351-F352-F353-F354-F355-F356-F357-F358-F359-F360-F361-F362-F363-F364-F365-F366-F367-F368-F369-F370-F371-F372-F373-F374-F375-F376-F377-F378-F379-F380-F381-F382-F383-F384-F385-F386-F387-F388-F389-F390-F391-F392-F393-F394-F395-F396-F397-F398-F399-F400-F401-F402-F403-F404-F405-F406-F407-F408-F409-F410-F411-F412-F413-F414-F415-F416-F417-F418-F419-F420-F421-F422-F423-F424-F425-F426-F427-F428-F429-F430-F431-F432-F433-F434-F435-F436-F437-F438-F439-F440-F441-F442-F443-F444-F445-F446-F447-F448-F449-F450-F451-F452-F453-F454-F455-F456-F457-F458-F459-F460-F461-F462-F463-F464-F465-F466-F467-F468-F469-F470-F471-F472-F473-F474-F475-F476-F477-F478-F479-F480-F481-F482-F483-F484-F485-F486-F487-F488-F489-F490-F491-F492-F493-F494-F495-F496-F497-F498-F499-F500-F501-F502-F503-F504-F505-O506507

## Summary

Number of input bits: 512  
Number of free input bits: 6  
Number of output bits: 160

Number of direct occurrences: 24707  
Number of assignments: 30343  
Number of operations: 10929809
(xor: 10899058,
and: 18000,
or: 12751)

Total complexity: 2.247731955762789 × 10^297

Least occurring input variable: iv_508 (4010)  
Most occurring input variable: iv_512 (4320)

Most co-occurring input variables: iv_511-iv_512 (2093)  
Least co-occurring input variables: iv_506-iv_508 (1791)

Potentially most occurring input variable: iv_506/iv_510 (4571)  
Potentially least occurring input variable: iv_508/iv_509 (4193)

Least output occurring input variable: iv_511 (65)  
Most output occurring input variable: iv_512 (84)

Most output co-occurring input variables: iv_506-iv_512 (44)  
Least output co-occurring input variables: iv_508-iv_511 (25)

Potentially most output occurring input variable: iv_506/iv_509 (92)  
Potentially least output occurring input variable: iv_506/iv_512 (72)

Least complex input bit: iv_506 (1.7214801963814191 × 10^296)  
Most complex input bit: iv_510 (6.9295792198927014 × 10^296)

Least complex output bit: aaa_76_29 (7.073661433705681 × 10^271)  
Most complex output bit: ov_001 (3.463909624804589 × 10^296)

Least complex input/output complexity: iv_506/aaa_76_29 (5.417535682051058 × 10^270)  
Most complex input/output complexity: iv_510/ov_001 (1.0678958447021057 × 10^296)

Input variable with highest collision probability: iv_508 (½^160.00000000000045)

## Input Bits

### Input Bits in Regular Order

| Input Bit | Complexity | Occurrences | Output Occurrences | Collision Probability |
|:---------:|:----------:|:-----------:|:------------------:|:---------------------:|
| iv_506 | 1.7214801963814191 × 10^296 | 4115 | 76 | ½^160.00000000000063 |
| iv_508 | 2.659952851712457 × 10^296 | 4010 | 70 | ½^160.00000000000045 |
| iv_509 | 4.5123932465990235 × 10^296 | 4025 | 78 | ½^160.00000000000074 |
| iv_510 | 6.9295792198927014 × 10^296 | 4086 | 80 | ½^160.00000000000085 |
| iv_511 | 3.0346050285883773 × 10^296 | 4151 | 65 | ½^160.0000000000009 |
| iv_512 | 3.619309014453913 × 10^296 | 4320 | 84 | ½^160.00000000000074 |

### Input Bits Sorted by Complexity

| Input Bit | Complexity | Occurrences | Output Occurrences | Collision Probability |
|:---------:|:----------:|:-----------:|:------------------:|:---------------------:|
| iv_506 | 1.7214801963814191 × 10^296 | 4115 | 76 | ½^160.00000000000063 |
| iv_508 | 2.659952851712457 × 10^296 | 4010 | 70 | ½^160.00000000000045 |
| iv_511 | 3.0346050285883773 × 10^296 | 4151 | 65 | ½^160.0000000000009 |
| iv_512 | 3.619309014453913 × 10^296 | 4320 | 84 | ½^160.00000000000074 |
| iv_509 | 4.5123932465990235 × 10^296 | 4025 | 78 | ½^160.00000000000074 |
| iv_510 | 6.9295792198927014 × 10^296 | 4086 | 80 | ½^160.00000000000085 |

### Input Bits Sorted by Occurrences

| Input Bit | Complexity | Occurrences | Output Occurrences | Collision Probability |
|:---------:|:----------:|:-----------:|:------------------:|:---------------------:|
| iv_508 | 2.659952851712457 × 10^296 | 4010 | 70 | ½^160.00000000000045 |
| iv_509 | 4.5123932465990235 × 10^296 | 4025 | 78 | ½^160.00000000000074 |
| iv_510 | 6.9295792198927014 × 10^296 | 4086 | 80 | ½^160.00000000000085 |
| iv_506 | 1.7214801963814191 × 10^296 | 4115 | 76 | ½^160.00000000000063 |
| iv_511 | 3.0346050285883773 × 10^296 | 4151 | 65 | ½^160.0000000000009 |
| iv_512 | 3.619309014453913 × 10^296 | 4320 | 84 | ½^160.00000000000074 |

### Input Bits Sorted by Output Occurrences

| Input Bit | Complexity | Occurrences | Output Occurrences | Collision Probability |
|:---------:|:----------:|:-----------:|:------------------:|:---------------------:|
| iv_511 | 3.0346050285883773 × 10^296 | 4151 | 65 | ½^160.0000000000009 |
| iv_508 | 2.659952851712457 × 10^296 | 4010 | 70 | ½^160.00000000000045 |
| iv_506 | 1.7214801963814191 × 10^296 | 4115 | 76 | ½^160.00000000000063 |
| iv_509 | 4.5123932465990235 × 10^296 | 4025 | 78 | ½^160.00000000000074 |
| iv_510 | 6.9295792198927014 × 10^296 | 4086 | 80 | ½^160.00000000000085 |
| iv_512 | 3.619309014453913 × 10^296 | 4320 | 84 | ½^160.00000000000074 |

### Input Bits Sorted by Collision Probability

| Input Bit | Complexity | Occurrences | Output Occurrences | Collision Probability |
|:---------:|:----------:|:-----------:|:------------------:|:---------------------:|
| iv_508 | 2.659952851712457 × 10^296 | 4010 | 70 | ½^160.00000000000045 |
| iv_506 | 1.7214801963814191 × 10^296 | 4115 | 76 | ½^160.00000000000063 |
| iv_509 | 4.5123932465990235 × 10^296 | 4025 | 78 | ½^160.00000000000074 |
| iv_512 | 3.619309014453913 × 10^296 | 4320 | 84 | ½^160.00000000000074 |
| iv_510 | 6.9295792198927014 × 10^296 | 4086 | 80 | ½^160.00000000000085 |
| iv_511 | 3.0346050285883773 × 10^296 | 4151 | 65 | ½^160.0000000000009 |

## Input Bit/Output Bit Collision Probabilities

| Input Bit | Output Bit | Collision Probability |
|:---------:|:----------:|:---------------------:|
| iv_508 | ov_017 | 0.500000000000002 |
| iv_506 | ov_039 | 0.5000000000000018 |
| iv_506 | ov_091 | 0.5000000000000018 |
| iv_506 | ov_121 | 0.5000000000000018 |
| iv_508 | ov_005 | 0.5000000000000018 |
| iv_508 | ov_025 | 0.5000000000000018 |

## Input Bit Co-occurrences

### Input Bit Co-occurrences Sorted by Co-occurrences

| Input Bits | Co-occurrences | Potential Occurrences | Output Co-occurrences | Potential Output Occurrences |
|:----------:|:--------------:|:---------------------:|:---------------------:|:----------------------------:|
| iv_511-iv_512 | 2093 | 4285 | 34 | 81 |
| iv_510-iv_512 | 2067 | 4272 | 43 | 78 |
| iv_508-iv_512 | 1998 | 4334 | 32 | 90 |
| iv_509-iv_512 | 1981 | 4383 | 37 | 88 |
| iv_506-iv_512 | 1975 | 4485 | 44 | 72 |
| iv_509-iv_511 | 1942 | 4292 | 32 | 79 |

### Input Bit Co-occurrences Sorted by Potential Occurrences

| Input Bits | Co-occurrences | Potential Occurrences | Output Co-occurrences | Potential Output Occurrences |
|:----------:|:--------------:|:---------------------:|:---------------------:|:----------------------------:|
| iv_508-iv_509 | 1921 | 4193 | 35 | 78 |
| iv_510-iv_512 | 2067 | 4272 | 43 | 78 |
| iv_511-iv_512 | 2093 | 4285 | 34 | 81 |
| iv_509-iv_511 | 1942 | 4292 | 32 | 79 |
| iv_508-iv_511 | 1922 | 4317 | 25 | 85 |
| iv_508-iv_512 | 1998 | 4334 | 32 | 90 |

### Input Bit Output Co-occurrences Sorted by Output Co-occurrences

| Input Bits | Co-occurrences | Potential Occurrences | Output Co-occurrences | Potential Output Occurrences |
|:----------:|:--------------:|:---------------------:|:---------------------:|:----------------------------:|
| iv_506-iv_512 | 1975 | 4485 | 44 | 72 |
| iv_510-iv_512 | 2067 | 4272 | 43 | 78 |
| iv_509-iv_510 | 1888 | 4335 | 41 | 76 |
| iv_508-iv_510 | 1879 | 4338 | 38 | 74 |
| iv_506-iv_510 | 1815 | 4571 | 38 | 80 |
| iv_509-iv_512 | 1981 | 4383 | 37 | 88 |

### Input Bit Output Co-occurrences Sorted by Potential Output Occurrences

| Input Bits | Co-occurrences | Potential Occurrences | Output Co-occurrences | Potential Output Occurrences |
|:----------:|:--------------:|:---------------------:|:---------------------:|:----------------------------:|
| iv_506-iv_512 | 1975 | 4485 | 44 | 72 |
| iv_508-iv_510 | 1879 | 4338 | 38 | 74 |
| iv_506-iv_511 | 1860 | 4546 | 33 | 75 |
| iv_509-iv_510 | 1888 | 4335 | 41 | 76 |
| iv_508-iv_509 | 1921 | 4193 | 35 | 78 |
| iv_510-iv_512 | 2067 | 4272 | 43 | 78 |

## Output Bits

### Output Bits in Regular Order

| Rank | Output Bit | Complexity |
|:----:|:----------:|:----------:|
| 1 | ov_001 | 3.463909624804589 × 10^296 |
| 2 | ov_002 | 3.0362144533669993 × 10^296 |
| 3 | ov_003 | 2.64611300210042 × 10^296 |
| 4 | ov_004 | 2.2917554220921038 × 10^296 |
| 5 | ov_005 | 1.971393122904567 × 10^296 |
| 6 | ov_006 | 1.6833715641450525 × 10^296 |
| 7 | ov_007 | 1.4261240125980396 × 10^296 |
| 8 | ov_008 | 1.1981661524400986 × 10^296 |
| 9 | ov_009 | 9.980914419832285 × 10^295 |
| 10 | ov_010 | 8.233046911615035 × 10^295 |
| 11 | ov_011 | 6.725434750458222 × 10^295 |
| 12 | ov_012 | 5.434826921026593 × 10^295 |
| 13 | ov_013 | 4.339250538797207 × 10^295 |
| 14 | ov_014 | 3.417973556546999 × 10^295 |
| 15 | ov_015 | 2.651474712365695 × 10^295 |
| 16 | ov_016 | 2.021420024150362 × 10^295 |
| 17 | ov_017 | 1.5106451201824528 × 10^295 |
| 18 | ov_018 | 1.1031425555470532 × 10^295 |
| 19 | ov_019 | 7.840531426130632 × 10^294 |
| 20 | ov_020 | 5.396603509907311 × 10^294 |
| 21 | ov_021 | 3.573869308522557 × 10^294 |
| 22 | ov_022 | 2.2579301192546213 × 10^294 |
| 23 | ov_023 | 1.3457505715331111 × 10^294 |
| 24 | ov_024 | 7.456524923139508 × 10^293 |
| 25 | ov_025 | 3.773110712050601 × 10^293 |
| 26 | ov_026 | 1.7175255462999805 × 10^293 |
| 27 | ov_027 | 7.135300509928083 × 10^292 |
| 28 | ov_028 | 2.983772394546136 × 10^292 |
| 29 | ov_029 | 1.2281030189813966 × 10^292 |
| 30 | ov_030 | 4.0573244004270185 × 10^291 |
| 31 | ov_031 | 9.803897475159512 × 10^290 |
| 32 | lv_80_k31 | 2.367239761017239 × 10^290 |
| 33 | ov_033 | 2.8495612157485304 × 10^291 |
| 34 | ov_034 | 2.4677041921950722 × 10^291 |
| 35 | ov_035 | 2.1250262681804865 × 10^291 |
| 36 | ov_036 | 1.8195245681299733 × 10^291 |
| 37 | ov_037 | 1.5493067489790684 × 10^291 |
| 38 | ov_038 | 1.3125827728561217 × 10^291 |
| 39 | ov_039 | 1.1060518867812587 × 10^291 |
| 40 | ov_040 | 9.265860676218301 × 10^290 |
| 41 | ov_041 | 7.712202784920483 × 10^290 |
| 42 | ov_042 | 6.3714423842143786 × 10^290 |
| 43 | ov_043 | 5.216955396829263 × 10^290 |
| 44 | ov_044 | 4.223539564368627 × 10^290 |
| 45 | ov_045 | 3.3673679752899204 × 10^290 |
| 46 | ov_046 | 2.6368658095696158 × 10^290 |
| 47 | ov_047 | 2.021118911556468 × 10^290 |
| 48 | ov_048 | 1.5098607571591148 × 10^290 |
| 49 | ov_049 | 1.093462417818574 × 10^290 |
| 50 | ov_050 | 7.629249884622503 × 10^289 |
| 51 | ov_051 | 5.098740439055815 × 10^289 |
| 52 | ov_052 | 3.2655578532776754 × 10^289 |
| 53 | ov_053 | 1.9931544207519818 × 10^289 |
| 54 | ov_054 | 1.1573058841306845 × 10^289 |
| 55 | ov_055 | 6.460986655526779 × 10^288 |
| 56 | ov_056 | 3.5992329380306626 × 10^288 |
| 57 | ov_057 | 2.114708902045188 × 10^288 |
| 58 | ov_058 | 1.2573119018101115 × 10^288 |
| 59 | ov_059 | 6.827353788855477 × 10^287 |
| 60 | ov_060 | 3.2949464587425984 × 10^287 |
| 61 | ov_061 | 1.3610545425878598 × 10^287 |
| 62 | ov_062 | 4.513857790234182 × 10^286 |
| 63 | ov_063 | 1.0955409615269506 × 10^286 |
| 64 | lv_79_k31 | 2.6575098245127905 × 10^285 |
| 65 | ov_065 | 3.123411859231396 × 10^286 |
| 66 | ov_066 | 3.123405106658536 × 10^286 |
| 67 | ov_067 | 3.1234029836816234 × 10^286 |
| 68 | ov_068 | 2.7179117793432314 × 10^286 |
| 69 | ov_069 | 2.3498344364317873 × 10^286 |
| 70 | ov_070 | 2.0174635738555884 × 10^286 |
| 71 | ov_071 | 1.71917555986312 × 10^286 |
| 72 | ov_072 | 1.4534245773490022 × 10^286 |
| 73 | ov_073 | 1.2187377667342182 × 10^286 |
| 74 | ov_074 | 1.0137113090463273 × 10^286 |
| 75 | ov_075 | 8.357329473655239 × 10^285 |
| 76 | ov_076 | 6.823156019811151 × 10^285 |
| 77 | ov_077 | 5.510941304407722 × 10^285 |
| 78 | ov_078 | 4.398229037271946 × 10^285 |
| 79 | ov_079 | 3.463739970013351 × 10^285 |
| 80 | ov_080 | 2.687358055876903 × 10^285 |
| 81 | ov_081 | 2.050119273863424 × 10^285 |
| 82 | ov_082 | 1.534202186951417 × 10^285 |
| 83 | ov_083 | 1.1229199172738661 × 10^285 |
| 84 | ov_084 | 8.00713420680571 × 10^284 |
| 85 | ov_085 | 5.531459433508117 × 10^284 |
| 86 | ov_086 | 3.668985432526435 × 10^284 |
| 87 | ov_087 | 2.2976655931587434 × 10^284 |
| 88 | ov_088 | 1.3592584546494185 × 10^284 |
| 89 | ov_089 | 7.539291547817922 × 10^283 |
| 90 | ov_090 | 3.929248705709557 × 10^283 |
| 91 | ov_091 | 1.985657109258481 × 10^283 |
| 92 | ov_092 | 1.0423924289249728 × 10^283 |
| 93 | ov_093 | 5.439754788333502 × 10^282 |
| 94 | ov_094 | 2.4032552346047062 × 10^282 |
| 95 | aaa_78_28 | 7.613008813830354 × 10^281 |
| 96 | aaa_78_29 | 2.8203802221647382 × 10^281 |
| 97 | ov_097 | 2.370074076317044 × 10^281 |
| 98 | ov_098 | 2.3700544318970855 × 10^281 |
| 99 | ov_099 | 2.3700481473921523 × 10^281 |
| 100 | ov_100 | 1.9777502110873433 × 10^281 |
| 101 | ov_101 | 1.6373412256783878 × 10^281 |
| 102 | ov_102 | 1.3440566693879885 × 10^281 |
| 103 | ov_103 | 1.0933947659507835 × 10^281 |
| 104 | ov_104 | 8.810970746618554 × 10^280 |
| 105 | ov_105 | 7.031316058220437 × 10^280 |
| 106 | ov_106 | 5.55678230858139 × 10^280 |
| 107 | ov_107 | 4.351161689292664 × 10^280 |
| 108 | ov_108 | 3.380133438030364 × 10^280 |
| 109 | ov_109 | 2.611174162944322 × 10^280 |
| 110 | ov_110 | 2.013483086930925 × 10^280 |
| 111 | ov_111 | 1.5579204843550824 × 10^280 |
| 112 | ov_112 | 1.2169576887197764 × 10^280 |
| 113 | ov_113 | 9.646371538853289 × 10^279 |
| 114 | ov_114 | 7.765411541701515 × 10^279 |
| 115 | ov_115 | 6.297678103921139 × 10^279 |
| 116 | ov_116 | 5.0291322993414225 × 10^279 |
| 117 | ov_117 | 3.945011491924659 × 10^279 |
| 118 | ov_118 | 3.0306108967847344 × 10^279 |
| 119 | ov_119 | 2.2712608843433802 × 10^279 |
| 120 | ov_120 | 1.6523113948501576 × 10^279 |
| 121 | ov_121 | 1.1591224639149415 × 10^279 |
| 122 | ov_122 | 7.77059408197451 × 10^278 |
| 123 | ov_123 | 4.91490567011124 × 10^278 |
| 124 | ov_124 | 2.8778598706973224 × 10^278 |
| 125 | ov_125 | 1.5131655882476526 × 10^278 |
| 126 | ov_126 | 6.745351917020122 × 10^277 |
| 127 | aaa_77_28 | 2.1568215818894457 × 10^277 |
| 128 | aaa_77_29 | 8.098748905774084 × 10^276 |
| 129 | ov_129 | 7.417000094266922 × 10^276 |
| 130 | ov_130 | 7.416982861034395 × 10^276 |
| 131 | ov_131 | 7.416977313114892 × 10^276 |
| 132 | ov_132 | 6.449002158307337 × 10^276 |
| 133 | ov_133 | 5.571929881071379 × 10^276 |
| 134 | ov_134 | 4.781588981670419 × 10^276 |
| 135 | ov_135 | 4.0740479726030233 × 10^276 |
| 136 | ov_136 | 3.445597479249125 × 10^276 |
| 137 | ov_137 | 2.8927343204911893 × 10^276 |
| 138 | ov_138 | 2.4090162618284712 × 10^276 |
| 139 | ov_139 | 1.9883501249806142 × 10^276 |
| 140 | ov_140 | 1.6249720747923607 × 10^276 |
| 141 | ov_141 | 1.3134309164718256 × 10^276 |
| 142 | ov_142 | 1.0485741469043541 × 10^276 |
| 143 | ov_143 | 8.255364585217807 × 10^275 |
| 144 | ov_144 | 6.397303928017943 × 10^275 |
| 145 | ov_145 | 4.8683886026871994 × 10^275 |
| 146 | ov_146 | 3.62809263491757 × 10^275 |
| 147 | ov_147 | 2.6384897908614544 × 10^275 |
| 148 | ov_148 | 1.864219741586869 × 10^275 |
| 149 | ov_149 | 1.2724635203087206 × 10^275 |
| 150 | ov_150 | 8.329264143954353 × 10^274 |
| 151 | ov_151 | 5.178266276765236 × 10^274 |
| 152 | ov_152 | 3.018882420212305 × 10^274 |
| 153 | ov_153 | 1.6233720055019816 × 10^274 |
| 154 | ov_154 | 7.88992282019809 × 10^273 |
| 155 | ov_155 | 3.3798826937301984 × 10^273 |
| 156 | aaa_76_25 | 1.1758805288187085 × 10^273 |
| 157 | aaa_76_26 | 7.242670570504429 × 10^272 |
| 158 | aaa_76_27 | 3.9754754602929684 × 10^272 |
| 159 | aaa_76_28 | 1.8759597476981343 × 10^272 |
| 160 | aaa_76_29 | 7.073661433705681 × 10^271 |

### Output Bits Sorted by Complexity

| Rank | Output Bit | Complexity |
|:----:|:----------:|:----------:|
| 160 | aaa_76_29 | 7.073661433705681 × 10^271 |
| 159 | aaa_76_28 | 1.8759597476981343 × 10^272 |
| 158 | aaa_76_27 | 3.9754754602929684 × 10^272 |
| 157 | aaa_76_26 | 7.242670570504429 × 10^272 |
| 156 | aaa_76_25 | 1.1758805288187085 × 10^273 |
| 155 | ov_155 | 3.3798826937301984 × 10^273 |
| 154 | ov_154 | 7.88992282019809 × 10^273 |
| 153 | ov_153 | 1.6233720055019816 × 10^274 |
| 152 | ov_152 | 3.018882420212305 × 10^274 |
| 151 | ov_151 | 5.178266276765236 × 10^274 |
| 150 | ov_150 | 8.329264143954353 × 10^274 |
| 149 | ov_149 | 1.2724635203087206 × 10^275 |
| 148 | ov_148 | 1.864219741586869 × 10^275 |
| 147 | ov_147 | 2.6384897908614544 × 10^275 |
| 146 | ov_146 | 3.62809263491757 × 10^275 |
| 145 | ov_145 | 4.8683886026871994 × 10^275 |
| 144 | ov_144 | 6.397303928017943 × 10^275 |
| 143 | ov_143 | 8.255364585217807 × 10^275 |
| 142 | ov_142 | 1.0485741469043541 × 10^276 |
| 141 | ov_141 | 1.3134309164718256 × 10^276 |
| 140 | ov_140 | 1.6249720747923607 × 10^276 |
| 139 | ov_139 | 1.9883501249806142 × 10^276 |
| 138 | ov_138 | 2.4090162618284712 × 10^276 |
| 137 | ov_137 | 2.8927343204911893 × 10^276 |
| 136 | ov_136 | 3.445597479249125 × 10^276 |
| 135 | ov_135 | 4.0740479726030233 × 10^276 |
| 134 | ov_134 | 4.781588981670419 × 10^276 |
| 133 | ov_133 | 5.571929881071379 × 10^276 |
| 132 | ov_132 | 6.449002158307337 × 10^276 |
| 131 | ov_131 | 7.416977313114892 × 10^276 |
| 130 | ov_130 | 7.416982861034395 × 10^276 |
| 129 | ov_129 | 7.417000094266922 × 10^276 |
| 128 | aaa_77_29 | 8.098748905774084 × 10^276 |
| 127 | aaa_77_28 | 2.1568215818894457 × 10^277 |
| 126 | ov_126 | 6.745351917020122 × 10^277 |
| 125 | ov_125 | 1.5131655882476526 × 10^278 |
| 124 | ov_124 | 2.8778598706973224 × 10^278 |
| 123 | ov_123 | 4.91490567011124 × 10^278 |
| 122 | ov_122 | 7.77059408197451 × 10^278 |
| 121 | ov_121 | 1.1591224639149415 × 10^279 |
| 120 | ov_120 | 1.6523113948501576 × 10^279 |
| 119 | ov_119 | 2.2712608843433802 × 10^279 |
| 118 | ov_118 | 3.0306108967847344 × 10^279 |
| 117 | ov_117 | 3.945011491924659 × 10^279 |
| 116 | ov_116 | 5.0291322993414225 × 10^279 |
| 115 | ov_115 | 6.297678103921139 × 10^279 |
| 114 | ov_114 | 7.765411541701515 × 10^279 |
| 113 | ov_113 | 9.646371538853289 × 10^279 |
| 112 | ov_112 | 1.2169576887197764 × 10^280 |
| 111 | ov_111 | 1.5579204843550824 × 10^280 |
| 110 | ov_110 | 2.013483086930925 × 10^280 |
| 109 | ov_109 | 2.611174162944322 × 10^280 |
| 108 | ov_108 | 3.380133438030364 × 10^280 |
| 107 | ov_107 | 4.351161689292664 × 10^280 |
| 106 | ov_106 | 5.55678230858139 × 10^280 |
| 105 | ov_105 | 7.031316058220437 × 10^280 |
| 104 | ov_104 | 8.810970746618554 × 10^280 |
| 103 | ov_103 | 1.0933947659507835 × 10^281 |
| 102 | ov_102 | 1.3440566693879885 × 10^281 |
| 101 | ov_101 | 1.6373412256783878 × 10^281 |
| 100 | ov_100 | 1.9777502110873433 × 10^281 |
| 99 | ov_099 | 2.3700481473921523 × 10^281 |
| 98 | ov_098 | 2.3700544318970855 × 10^281 |
| 97 | ov_097 | 2.370074076317044 × 10^281 |
| 96 | aaa_78_29 | 2.8203802221647382 × 10^281 |
| 95 | aaa_78_28 | 7.613008813830354 × 10^281 |
| 94 | ov_094 | 2.4032552346047062 × 10^282 |
| 93 | ov_093 | 5.439754788333502 × 10^282 |
| 92 | ov_092 | 1.0423924289249728 × 10^283 |
| 91 | ov_091 | 1.985657109258481 × 10^283 |
| 90 | ov_090 | 3.929248705709557 × 10^283 |
| 89 | ov_089 | 7.539291547817922 × 10^283 |
| 88 | ov_088 | 1.3592584546494185 × 10^284 |
| 87 | ov_087 | 2.2976655931587434 × 10^284 |
| 86 | ov_086 | 3.668985432526435 × 10^284 |
| 85 | ov_085 | 5.531459433508117 × 10^284 |
| 84 | ov_084 | 8.00713420680571 × 10^284 |
| 83 | ov_083 | 1.1229199172738661 × 10^285 |
| 82 | ov_082 | 1.534202186951417 × 10^285 |
| 81 | ov_081 | 2.050119273863424 × 10^285 |
| 64 | lv_79_k31 | 2.6575098245127905 × 10^285 |
| 80 | ov_080 | 2.687358055876903 × 10^285 |
| 79 | ov_079 | 3.463739970013351 × 10^285 |
| 78 | ov_078 | 4.398229037271946 × 10^285 |
| 77 | ov_077 | 5.510941304407722 × 10^285 |
| 76 | ov_076 | 6.823156019811151 × 10^285 |
| 75 | ov_075 | 8.357329473655239 × 10^285 |
| 74 | ov_074 | 1.0137113090463273 × 10^286 |
| 63 | ov_063 | 1.0955409615269506 × 10^286 |
| 73 | ov_073 | 1.2187377667342182 × 10^286 |
| 72 | ov_072 | 1.4534245773490022 × 10^286 |
| 71 | ov_071 | 1.71917555986312 × 10^286 |
| 70 | ov_070 | 2.0174635738555884 × 10^286 |
| 69 | ov_069 | 2.3498344364317873 × 10^286 |
| 68 | ov_068 | 2.7179117793432314 × 10^286 |
| 67 | ov_067 | 3.1234029836816234 × 10^286 |
| 66 | ov_066 | 3.123405106658536 × 10^286 |
| 65 | ov_065 | 3.123411859231396 × 10^286 |
| 62 | ov_062 | 4.513857790234182 × 10^286 |
| 61 | ov_061 | 1.3610545425878598 × 10^287 |
| 60 | ov_060 | 3.2949464587425984 × 10^287 |
| 59 | ov_059 | 6.827353788855477 × 10^287 |
| 58 | ov_058 | 1.2573119018101115 × 10^288 |
| 57 | ov_057 | 2.114708902045188 × 10^288 |
| 56 | ov_056 | 3.5992329380306626 × 10^288 |
| 55 | ov_055 | 6.460986655526779 × 10^288 |
| 54 | ov_054 | 1.1573058841306845 × 10^289 |
| 53 | ov_053 | 1.9931544207519818 × 10^289 |
| 52 | ov_052 | 3.2655578532776754 × 10^289 |
| 51 | ov_051 | 5.098740439055815 × 10^289 |
| 50 | ov_050 | 7.629249884622503 × 10^289 |
| 49 | ov_049 | 1.093462417818574 × 10^290 |
| 48 | ov_048 | 1.5098607571591148 × 10^290 |
| 47 | ov_047 | 2.021118911556468 × 10^290 |
| 32 | lv_80_k31 | 2.367239761017239 × 10^290 |
| 46 | ov_046 | 2.6368658095696158 × 10^290 |
| 45 | ov_045 | 3.3673679752899204 × 10^290 |
| 44 | ov_044 | 4.223539564368627 × 10^290 |
| 43 | ov_043 | 5.216955396829263 × 10^290 |
| 42 | ov_042 | 6.3714423842143786 × 10^290 |
| 41 | ov_041 | 7.712202784920483 × 10^290 |
| 40 | ov_040 | 9.265860676218301 × 10^290 |
| 31 | ov_031 | 9.803897475159512 × 10^290 |
| 39 | ov_039 | 1.1060518867812587 × 10^291 |
| 38 | ov_038 | 1.3125827728561217 × 10^291 |
| 37 | ov_037 | 1.5493067489790684 × 10^291 |
| 36 | ov_036 | 1.8195245681299733 × 10^291 |
| 35 | ov_035 | 2.1250262681804865 × 10^291 |
| 34 | ov_034 | 2.4677041921950722 × 10^291 |
| 33 | ov_033 | 2.8495612157485304 × 10^291 |
| 30 | ov_030 | 4.0573244004270185 × 10^291 |
| 29 | ov_029 | 1.2281030189813966 × 10^292 |
| 28 | ov_028 | 2.983772394546136 × 10^292 |
| 27 | ov_027 | 7.135300509928083 × 10^292 |
| 26 | ov_026 | 1.7175255462999805 × 10^293 |
| 25 | ov_025 | 3.773110712050601 × 10^293 |
| 24 | ov_024 | 7.456524923139508 × 10^293 |
| 23 | ov_023 | 1.3457505715331111 × 10^294 |
| 22 | ov_022 | 2.2579301192546213 × 10^294 |
| 21 | ov_021 | 3.573869308522557 × 10^294 |
| 20 | ov_020 | 5.396603509907311 × 10^294 |
| 19 | ov_019 | 7.840531426130632 × 10^294 |
| 18 | ov_018 | 1.1031425555470532 × 10^295 |
| 17 | ov_017 | 1.5106451201824528 × 10^295 |
| 16 | ov_016 | 2.021420024150362 × 10^295 |
| 15 | ov_015 | 2.651474712365695 × 10^295 |
| 14 | ov_014 | 3.417973556546999 × 10^295 |
| 13 | ov_013 | 4.339250538797207 × 10^295 |
| 12 | ov_012 | 5.434826921026593 × 10^295 |
| 11 | ov_011 | 6.725434750458222 × 10^295 |
| 10 | ov_010 | 8.233046911615035 × 10^295 |
| 9 | ov_009 | 9.980914419832285 × 10^295 |
| 8 | ov_008 | 1.1981661524400986 × 10^296 |
| 7 | ov_007 | 1.4261240125980396 × 10^296 |
| 6 | ov_006 | 1.6833715641450525 × 10^296 |
| 5 | ov_005 | 1.971393122904567 × 10^296 |
| 4 | ov_004 | 2.2917554220921038 × 10^296 |
| 3 | ov_003 | 2.64611300210042 × 10^296 |
| 2 | ov_002 | 3.0362144533669993 × 10^296 |
| 1 | ov_001 | 3.463909624804589 × 10^296 |

