# Results for F001-F002-F003-F004-F005-F006-F007-F008-F009-F010-F011-F012-F013-F014-F015-F016-F017-F018-F019-F020-F021-F022-F023-F024-F025-F026-F027-F028-F029-F030-F031-F032-F033-F034-F035-F036-F037-F038-F039-F040-F041-F042-F043-F044-F045-F046-F047-F048-F049-F050-F051-F052-F053-F054-F055-F056-F057-F058-F059-F060-F061-F062-F063-F064-F065-F066-F067-F068-F069-F070-F071-F072-F073-F074-F075-F076-F077-F078-F079-F080-F081-F082-F083-F084-F085-F086-F087-F088-F089-F090-F091-F092-F093-F094-F095-F096-F097-F098-F099-F100-F101-F102-F103-F104-F105-F106-F107-F108-F109-F110-F111-F112-F113-F114-F115-F116-F117-F118-F119-F120-F121-F122-F123-F124-F125-F126-F127-F128-F129-F130-F131-F132-F133-F134-F135-F136-F137-F138-F139-F140-F141-F142-F143-F144-F145-F146-F147-F148-F149-F150-F151-F152-F153-F154-F155-F156-F157-F158-F159-F160-F161-F162-F163-F164-F165-F166-F167-F168-F169-F170-F171-F172-F173-F174-F175-F176-F177-F178-F179-F180-F181-F182-F183-F184-F185-F186-F187-F188-F189-F190-F191-F192-F193-F194-F195-F196-F197-F198-F199-F200-F201-F202-F203-F204-F205-F206-F207-F208-F209-F210-F211-F212-F213-F214-F215-F216-F217-F218-F219-F220-F221-F222-F223-F224-F225-F226-F227-F228-F229-F230-F231-F232-F233-F234-F235-F236-F237-F238-F239-F240-F241-F242-F243-F244-F245-F246-F247-F248-F249-F250-F251-F252-F253-F254-F255-F256-F257-F258-F259-F260-F261-F262-F263-F264-F265-F266-F267-F268-F269-F270-F271-F272-F273-F274-F275-F276-F277-F278-F279-F280-F281-F282-F283-F284-F285-F286-F287-F288-F289-F290-F291-F292-F293-F294-F295-F296-F297-F298-F299-F300-F301-F302-F303-F304-F305-F306-F307-F308-F309-F310-F311-F312-F313-F314-F315-F316-F317-F318-F319-F320-F321-F322-F323-F324-F325-F326-F327-F328-F329-F330-F331-F332-F333-F334-F335-F336-F337-F338-F339-F340-F341-F342-F343-F344-F345-F346-F347-F348-F349-F350-F351-F352-F353-F354-F355-F356-F357-F358-F359-F360-F361-F362-F363-F364-F365-F366-F367-F368-F369-F370-F371-F372-F373-F374-F375-F376-F377-F378-F379-F380-F381-F382-F383-F384-F385-F386-F387-F388-F389-F390-F391-F392-F393-F394-F395-F396-F397-F398-F399-F400-F401-F402-F403-F404-F405-F406-F407-F408-F409-F410-F411-F412-F413-F414-F415-F416-F417-F418-F419-F420-F421-F422-F423-F424-F425-F426-F427-F428-F429-F430-F431-F432-F433-F434-F435-F436-F437-F438-F439-F440-F441-F442-F443-F444-F445-F446-F447-F448-F449-F450-F451-F452-F453-F454-F455-F456-F457-F458-F459-F460-F461-F462-F463-F464-F465-F466-F467-F468-F469-F470-F471-F472-F473-F474-F475-F476-F477-F478-F479-F480-F481-F482-F483-F484-F485-F486-F487-F488-F489-F490-F491-F492-F493-F494-F495-F496-F497-F498-F499-F500-F501-F502-F503-F504-E505507-E506512

## Summary

Number of input bits: 512  
Number of free input bits: 6  
Number of output bits: 160

Number of direct occurrences: 25072  
Number of assignments: 30612  
Number of operations: 10909290
(xor: 10879072,
and: 17373,
or: 12845)

Total complexity: 1.5984139945996117 × 10^297

Least occurring input variable: iv_508 (4044)  
Most occurring input variable: iv_506 (4380)

Most co-occurring input variables: iv_505-iv_506 (2053)  
Least co-occurring input variables: iv_506-iv_508 (1892)

Potentially most occurring input variable: iv_506/iv_508 (4640)  
Potentially least occurring input variable: iv_508/iv_509 (4241)

Least output occurring input variable: iv_506 (70)  
Most output occurring input variable: iv_505 (85)

Most output co-occurring input variables: iv_505-iv_509 (43)  
Least output co-occurring input variables: iv_506-iv_508 (30)

Potentially most output occurring input variable: iv_505/iv_510 (88)  
Potentially least output occurring input variable: iv_505/iv_508 (71)

Least complex input bit: iv_505 (1.5600846066998278 × 10^296)  
Most complex input bit: iv_510 (4.632720175259047 × 10^296)

Least complex output bit: aaa_76_29 (2.428604647312784 × 10^272)  
Most complex output bit: ov_001 (2.489643305844565 × 10^296)

Least complex input/output complexity: iv_505/aaa_76_29 (2.370367588643015 × 10^271)  
Most complex input/output complexity: iv_510/ov_001 (7.215790659461694 × 10^295)

Input variable with highest collision probability: iv_508 (½^160.00000000000043)

## Input Bits

### Input Bits in Regular Order

| Input Bit | Complexity | Occurrences | Output Occurrences | Collision Probability |
|:---------:|:----------:|:-----------:|:------------------:|:---------------------:|
| iv_505 | 1.5600846066998278 × 10^296 | 4323 | 85 | ½^160.00000000000074 |
| iv_506 | 2.7351928184201723 × 10^296 | 4380 | 70 | ½^160.00000000000074 |
| iv_508 | 2.092019925285879 × 10^296 | 4044 | 70 | ½^160.00000000000043 |
| iv_509 | 3.210337614253581 × 10^296 | 4049 | 78 | ½^160.0000000000009 |
| iv_510 | 4.632720175259047 × 10^296 | 4164 | 79 | ½^160.0000000000008 |
| iv_511 | 1.7537848060776226 × 10^296 | 4112 | 74 | ½^160.00000000000077 |

### Input Bits Sorted by Complexity

| Input Bit | Complexity | Occurrences | Output Occurrences | Collision Probability |
|:---------:|:----------:|:-----------:|:------------------:|:---------------------:|
| iv_505 | 1.5600846066998278 × 10^296 | 4323 | 85 | ½^160.00000000000074 |
| iv_511 | 1.7537848060776226 × 10^296 | 4112 | 74 | ½^160.00000000000077 |
| iv_508 | 2.092019925285879 × 10^296 | 4044 | 70 | ½^160.00000000000043 |
| iv_506 | 2.7351928184201723 × 10^296 | 4380 | 70 | ½^160.00000000000074 |
| iv_509 | 3.210337614253581 × 10^296 | 4049 | 78 | ½^160.0000000000009 |
| iv_510 | 4.632720175259047 × 10^296 | 4164 | 79 | ½^160.0000000000008 |

### Input Bits Sorted by Occurrences

| Input Bit | Complexity | Occurrences | Output Occurrences | Collision Probability |
|:---------:|:----------:|:-----------:|:------------------:|:---------------------:|
| iv_508 | 2.092019925285879 × 10^296 | 4044 | 70 | ½^160.00000000000043 |
| iv_509 | 3.210337614253581 × 10^296 | 4049 | 78 | ½^160.0000000000009 |
| iv_511 | 1.7537848060776226 × 10^296 | 4112 | 74 | ½^160.00000000000077 |
| iv_510 | 4.632720175259047 × 10^296 | 4164 | 79 | ½^160.0000000000008 |
| iv_505 | 1.5600846066998278 × 10^296 | 4323 | 85 | ½^160.00000000000074 |
| iv_506 | 2.7351928184201723 × 10^296 | 4380 | 70 | ½^160.00000000000074 |

### Input Bits Sorted by Output Occurrences

| Input Bit | Complexity | Occurrences | Output Occurrences | Collision Probability |
|:---------:|:----------:|:-----------:|:------------------:|:---------------------:|
| iv_506 | 2.7351928184201723 × 10^296 | 4380 | 70 | ½^160.00000000000074 |
| iv_508 | 2.092019925285879 × 10^296 | 4044 | 70 | ½^160.00000000000043 |
| iv_511 | 1.7537848060776226 × 10^296 | 4112 | 74 | ½^160.00000000000077 |
| iv_509 | 3.210337614253581 × 10^296 | 4049 | 78 | ½^160.0000000000009 |
| iv_510 | 4.632720175259047 × 10^296 | 4164 | 79 | ½^160.0000000000008 |
| iv_505 | 1.5600846066998278 × 10^296 | 4323 | 85 | ½^160.00000000000074 |

### Input Bits Sorted by Collision Probability

| Input Bit | Complexity | Occurrences | Output Occurrences | Collision Probability |
|:---------:|:----------:|:-----------:|:------------------:|:---------------------:|
| iv_508 | 2.092019925285879 × 10^296 | 4044 | 70 | ½^160.00000000000043 |
| iv_505 | 1.5600846066998278 × 10^296 | 4323 | 85 | ½^160.00000000000074 |
| iv_506 | 2.7351928184201723 × 10^296 | 4380 | 70 | ½^160.00000000000074 |
| iv_511 | 1.7537848060776226 × 10^296 | 4112 | 74 | ½^160.00000000000077 |
| iv_510 | 4.632720175259047 × 10^296 | 4164 | 79 | ½^160.0000000000008 |
| iv_509 | 3.210337614253581 × 10^296 | 4049 | 78 | ½^160.0000000000009 |

## Input Bit/Output Bit Collision Probabilities

| Input Bit | Output Bit | Collision Probability |
|:---------:|:----------:|:---------------------:|
| iv_508 | aaa_77_28 | 0.5000000000000044 |
| iv_508 | ov_146 | 0.5000000000000034 |
| iv_508 | ov_028 | 0.500000000000002 |
| iv_511 | ov_141 | 0.5000000000000019 |
| iv_508 | ov_015 | 0.5000000000000018 |
| iv_508 | ov_060 | 0.5000000000000018 |

## Input Bit Co-occurrences

### Input Bit Co-occurrences Sorted by Co-occurrences

| Input Bits | Co-occurrences | Potential Occurrences | Output Co-occurrences | Potential Output Occurrences |
|:----------:|:--------------:|:---------------------:|:---------------------:|:----------------------------:|
| iv_505-iv_506 | 2053 | 4597 | 39 | 77 |
| iv_506-iv_510 | 2013 | 4518 | 34 | 81 |
| iv_506-iv_511 | 1997 | 4498 | 36 | 72 |
| iv_505-iv_509 | 1966 | 4440 | 43 | 77 |
| iv_505-iv_510 | 1964 | 4559 | 38 | 88 |
| iv_510-iv_511 | 1952 | 4372 | 38 | 77 |

### Input Bit Co-occurrences Sorted by Potential Occurrences

| Input Bits | Co-occurrences | Potential Occurrences | Output Co-occurrences | Potential Output Occurrences |
|:----------:|:--------------:|:---------------------:|:---------------------:|:----------------------------:|
| iv_508-iv_509 | 1926 | 4241 | 35 | 78 |
| iv_509-iv_511 | 1934 | 4293 | 39 | 74 |
| iv_508-iv_510 | 1933 | 4342 | 31 | 87 |
| iv_508-iv_511 | 1906 | 4344 | 35 | 74 |
| iv_509-iv_510 | 1934 | 4345 | 37 | 83 |
| iv_510-iv_511 | 1952 | 4372 | 38 | 77 |

### Input Bit Output Co-occurrences Sorted by Output Co-occurrences

| Input Bits | Co-occurrences | Potential Occurrences | Output Co-occurrences | Potential Output Occurrences |
|:----------:|:--------------:|:---------------------:|:---------------------:|:----------------------------:|
| iv_505-iv_509 | 1966 | 4440 | 43 | 77 |
| iv_505-iv_508 | 1911 | 4545 | 42 | 71 |
| iv_505-iv_506 | 2053 | 4597 | 39 | 77 |
| iv_509-iv_511 | 1934 | 4293 | 39 | 74 |
| iv_505-iv_511 | 1927 | 4581 | 38 | 83 |
| iv_505-iv_510 | 1964 | 4559 | 38 | 88 |

### Input Bit Output Co-occurrences Sorted by Potential Output Occurrences

| Input Bits | Co-occurrences | Potential Occurrences | Output Co-occurrences | Potential Output Occurrences |
|:----------:|:--------------:|:---------------------:|:---------------------:|:----------------------------:|
| iv_505-iv_508 | 1911 | 4545 | 42 | 71 |
| iv_506-iv_511 | 1997 | 4498 | 36 | 72 |
| iv_508-iv_511 | 1906 | 4344 | 35 | 74 |
| iv_509-iv_511 | 1934 | 4293 | 39 | 74 |
| iv_505-iv_506 | 2053 | 4597 | 39 | 77 |
| iv_505-iv_509 | 1966 | 4440 | 43 | 77 |

## Output Bits

### Output Bits in Regular Order

| Rank | Output Bit | Complexity |
|:----:|:----------:|:----------:|
| 1 | ov_001 | 2.489643305844565 × 10^296 |
| 2 | ov_002 | 2.1760602604457335 × 10^296 |
| 3 | ov_003 | 1.8907316138563005 × 10^296 |
| 4 | ov_004 | 1.6323548046952607 × 10^296 |
| 5 | ov_005 | 1.3996986500634175 × 10^296 |
| 6 | ov_006 | 1.1915982566662105 × 10^296 |
| 7 | ov_007 | 1.0069506044817778 × 10^296 |
| 8 | ov_008 | 8.447107268699537 × 10^295 |
| 9 | ov_009 | 7.02950124647854 × 10^295 |
| 10 | ov_010 | 5.798416950348048 × 10^295 |
| 11 | ov_011 | 4.736552106225465 × 10^295 |
| 12 | ov_012 | 3.827534884600859 × 10^295 |
| 13 | ov_013 | 3.05589191918132 × 10^295 |
| 14 | ov_014 | 2.407022114786092 × 10^295 |
| 15 | ov_015 | 1.8671757402714933 × 10^295 |
| 16 | ov_016 | 1.4234382879569144 × 10^295 |
| 17 | ov_017 | 1.0637184740808448 × 10^295 |
| 18 | ov_018 | 7.76739660215538 × 10^294 |
| 19 | ov_019 | 5.5203398991277705 × 10^294 |
| 20 | ov_020 | 3.799386015546308 × 10^294 |
| 21 | ov_021 | 2.5159334502802345 × 10^294 |
| 22 | ov_022 | 1.5893949645671377 × 10^294 |
| 23 | ov_023 | 9.471905094694786 × 10^293 |
| 24 | ov_024 | 5.2474308066680654 × 10^293 |
| 25 | ov_025 | 2.654761281766733 × 10^293 |
| 26 | ov_026 | 1.2081199956233563 × 10^293 |
| 27 | ov_027 | 5.017110270720645 × 10^292 |
| 28 | ov_028 | 2.0971516517309392 × 10^292 |
| 29 | ov_029 | 8.628841881620906 × 10^291 |
| 30 | ov_030 | 2.8502507370566285 × 10^291 |
| 31 | ov_031 | 6.888292822566254 × 10^290 |
| 32 | lv_80_m31 | 1.664213755490095 × 10^290 |
| 33 | ov_033 | 2.0084672234317215 × 10^291 |
| 34 | ov_034 | 1.738477983086787 × 10^291 |
| 35 | ov_035 | 1.49662748619208 × 10^291 |
| 36 | ov_036 | 1.2815600628745852 × 10^291 |
| 37 | ov_037 | 1.091994907312635 × 10^291 |
| 38 | ov_038 | 9.255735317473261 × 10^290 |
| 39 | ov_039 | 7.800622395929581 × 10^290 |
| 40 | ov_040 | 6.533443692465926 × 10^290 |
| 41 | ov_041 | 5.434136768129838 × 10^290 |
| 42 | ov_042 | 4.483687391484663 × 10^290 |
| 43 | ov_043 | 3.664082660394365 × 10^290 |
| 44 | ov_044 | 2.958272174144998 × 10^290 |
| 45 | ov_045 | 2.3501362828846963 × 10^290 |
| 46 | ov_046 | 1.831844293550451 × 10^290 |
| 47 | ov_047 | 1.3960124195138581 × 10^290 |
| 48 | ov_048 | 1.035694883071102 × 10^290 |
| 49 | ov_049 | 7.443771018849632 × 10^289 |
| 50 | ov_050 | 5.159706134327004 × 10^289 |
| 51 | ov_051 | 3.44809420902677 × 10^289 |
| 52 | ov_052 | 2.2081972208518738 × 10^289 |
| 53 | ov_053 | 1.347633152470099 × 10^289 |
| 54 | ov_054 | 7.823604143279827 × 10^288 |
| 55 | ov_055 | 4.3666939062053475 × 10^288 |
| 56 | ov_056 | 2.4317804853292128 × 10^288 |
| 57 | ov_057 | 1.4282956027444452 × 10^288 |
| 58 | ov_058 | 8.489094393904681 × 10^287 |
| 59 | ov_059 | 4.607654710258865 × 10^287 |
| 60 | ov_060 | 2.222503762368504 × 10^287 |
| 61 | ov_061 | 9.17511583822861 × 10^286 |
| 62 | ov_062 | 3.041029547676901 × 10^286 |
| 63 | ov_063 | 7.375840786041091 × 10^285 |
| 64 | lv_79_m31 | 1.7879945205959516 × 10^285 |
| 65 | ov_065 | 2.1136155708332242 × 10^286 |
| 66 | ov_066 | 2.1136105336777867 × 10^286 |
| 67 | ov_067 | 2.1136089012757431 × 10^286 |
| 68 | ov_068 | 1.838069859604405 × 10^286 |
| 69 | ov_069 | 1.5885921199634487 × 10^286 |
| 70 | ov_070 | 1.3638719773032115 × 10^286 |
| 71 | ov_071 | 1.162686255498689 × 10^286 |
| 72 | ov_072 | 9.838868032227477 × 10^285 |
| 73 | ov_073 | 8.263954668901726 × 10^285 |
| 74 | ov_074 | 6.882480607807199 × 10^285 |
| 75 | ov_075 | 5.675992091787068 × 10^285 |
| 76 | ov_076 | 4.6355499127020026 × 10^285 |
| 77 | ov_077 | 3.744870915681434 × 10^285 |
| 78 | ov_078 | 2.9886688826086025 × 10^285 |
| 79 | ov_079 | 2.3526045319765592 × 10^285 |
| 80 | ov_080 | 1.8232416753624365 × 10^285 |
| 81 | ov_081 | 1.388009115625335 × 10^285 |
| 82 | ov_082 | 1.0351678749978232 × 10^285 |
| 83 | ov_083 | 7.537833433249153 × 10^284 |
| 84 | ov_084 | 5.337019380444954 × 10^284 |
| 85 | ov_085 | 3.655318683092181 × 10^284 |
| 86 | ov_086 | 2.406275961024046 × 10^284 |
| 87 | ov_087 | 1.5107758744392803 × 10^284 |
| 88 | ov_088 | 8.969494691534382 × 10^283 |
| 89 | ov_089 | 5.001052881031374 × 10^283 |
| 90 | ov_090 | 2.6268118261176393 × 10^283 |
| 91 | ov_091 | 1.3421275717931539 × 10^283 |
| 92 | ov_092 | 7.131441548452142 × 10^282 |
| 93 | ov_093 | 3.766917481690737 × 10^282 |
| 94 | ov_094 | 1.6884857458339495 × 10^282 |
| 95 | aaa_78_28 | 5.430645937282706 × 10^281 |
| 96 | aaa_78_29 | 2.0576311252066985 × 10^281 |
| 97 | ov_097 | 2.241176688504754 × 10^281 |
| 98 | ov_098 | 2.2411089415528446 × 10^281 |
| 99 | ov_099 | 2.241087304782401 × 10^281 |
| 100 | ov_100 | 2.016921211952881 × 10^281 |
| 101 | ov_101 | 1.80928561229072 × 10^281 |
| 102 | ov_102 | 1.617271389953847 × 10^281 |
| 103 | ov_103 | 1.4400362555055438 × 10^281 |
| 104 | ov_104 | 1.276796050946621 × 10^281 |
| 105 | ov_105 | 1.1268168489431428 × 10^281 |
| 106 | ov_106 | 9.89407803224275 × 10^280 |
| 107 | ov_107 | 8.639147090125637 × 10^280 |
| 108 | ov_108 | 7.497142339103527 × 10^280 |
| 109 | ov_109 | 6.462087809373984 × 10^280 |
| 110 | ov_110 | 5.528219464329239 × 10^280 |
| 111 | ov_111 | 4.689945363370395 × 10^280 |
| 112 | ov_112 | 3.9418110498635803 × 10^280 |
| 113 | ov_113 | 3.2784698102896834 × 10^280 |
| 114 | ov_114 | 2.694657454112063 × 10^280 |
| 115 | ov_115 | 2.1851712663336313 × 10^280 |
| 116 | ov_116 | 1.744852786364916 × 10^280 |
| 117 | ov_117 | 1.3685740678828332 × 10^280 |
| 118 | ov_118 | 1.051227074968722 × 10^280 |
| 119 | ov_119 | 7.87715870133231 × 10^279 |
| 120 | ov_120 | 5.729512499978509 × 10^279 |
| 121 | ov_121 | 4.018474844817316 × 10^279 |
| 122 | ov_122 | 2.6932065997449346 × 10^279 |
| 123 | ov_123 | 1.702879022083189 × 10^279 |
| 124 | ov_124 | 9.966692379223705 × 10^278 |
| 125 | ov_125 | 5.237572722389425 × 10^278 |
| 126 | ov_126 | 2.3332433976846675 × 10^278 |
| 127 | aaa_77_28 | 7.455203564595017 × 10^277 |
| 128 | aaa_77_29 | 2.7962525772318424 × 10^277 |
| 129 | ov_129 | 2.5648723784751712 × 10^277 |
| 130 | ov_130 | 2.5648664648028296 × 10^277 |
| 131 | ov_131 | 2.564864562342417 × 10^277 |
| 132 | ov_132 | 2.2270697930834344 × 10^277 |
| 133 | ov_133 | 1.9217011131728221 × 10^277 |
| 134 | ov_134 | 1.6473253138238268 × 10^277 |
| 135 | ov_135 | 1.4025912036558616 × 10^277 |
| 136 | ov_136 | 1.1862234992026664 × 10^277 |
| 137 | ov_137 | 9.958783355568033 × 10^276 |
| 138 | ov_138 | 8.293391388013902 × 10^276 |
| 139 | ov_139 | 6.845088944782915 × 10^276 |
| 140 | ov_140 | 5.59403527968122 × 10^276 |
| 141 | ov_141 | 4.5214630036251294 × 10^276 |
| 142 | ov_142 | 3.6096311281240487 × 10^276 |
| 143 | ov_143 | 2.841786249102455 × 10^276 |
| 144 | ov_144 | 2.202130997615051 × 10^276 |
| 145 | ov_145 | 1.6757988198568453 × 10^276 |
| 146 | ov_146 | 1.2488341513022705 × 10^276 |
| 147 | ov_147 | 9.081771190117856 × 10^275 |
| 148 | ov_148 | 6.416519751034194 × 10^275 |
| 149 | ov_149 | 4.3795857012153944 × 10^275 |
| 150 | ov_150 | 2.8666631760898436 × 10^275 |
| 151 | ov_151 | 1.7821016987115584 × 10^275 |
| 152 | ov_152 | 1.0388811973126352 × 10^275 |
| 153 | ov_153 | 5.585977479257054 × 10^274 |
| 154 | ov_154 | 2.714561935310823 × 10^274 |
| 155 | ov_155 | 1.1626657758350692 × 10^274 |
| 156 | aaa_76_25 | 4.044247416214121 × 10^273 |
| 157 | aaa_76_26 | 2.490217597389814 × 10^273 |
| 158 | aaa_76_27 | 1.3662884698417727 × 10^273 |
| 159 | aaa_76_28 | 6.444043350343252 × 10^272 |
| 160 | aaa_76_29 | 2.428604647312784 × 10^272 |

### Output Bits Sorted by Complexity

| Rank | Output Bit | Complexity |
|:----:|:----------:|:----------:|
| 160 | aaa_76_29 | 2.428604647312784 × 10^272 |
| 159 | aaa_76_28 | 6.444043350343252 × 10^272 |
| 158 | aaa_76_27 | 1.3662884698417727 × 10^273 |
| 157 | aaa_76_26 | 2.490217597389814 × 10^273 |
| 156 | aaa_76_25 | 4.044247416214121 × 10^273 |
| 155 | ov_155 | 1.1626657758350692 × 10^274 |
| 154 | ov_154 | 2.714561935310823 × 10^274 |
| 153 | ov_153 | 5.585977479257054 × 10^274 |
| 152 | ov_152 | 1.0388811973126352 × 10^275 |
| 151 | ov_151 | 1.7821016987115584 × 10^275 |
| 150 | ov_150 | 2.8666631760898436 × 10^275 |
| 149 | ov_149 | 4.3795857012153944 × 10^275 |
| 148 | ov_148 | 6.416519751034194 × 10^275 |
| 147 | ov_147 | 9.081771190117856 × 10^275 |
| 146 | ov_146 | 1.2488341513022705 × 10^276 |
| 145 | ov_145 | 1.6757988198568453 × 10^276 |
| 144 | ov_144 | 2.202130997615051 × 10^276 |
| 143 | ov_143 | 2.841786249102455 × 10^276 |
| 142 | ov_142 | 3.6096311281240487 × 10^276 |
| 141 | ov_141 | 4.5214630036251294 × 10^276 |
| 140 | ov_140 | 5.59403527968122 × 10^276 |
| 139 | ov_139 | 6.845088944782915 × 10^276 |
| 138 | ov_138 | 8.293391388013902 × 10^276 |
| 137 | ov_137 | 9.958783355568033 × 10^276 |
| 136 | ov_136 | 1.1862234992026664 × 10^277 |
| 135 | ov_135 | 1.4025912036558616 × 10^277 |
| 134 | ov_134 | 1.6473253138238268 × 10^277 |
| 133 | ov_133 | 1.9217011131728221 × 10^277 |
| 132 | ov_132 | 2.2270697930834344 × 10^277 |
| 131 | ov_131 | 2.564864562342417 × 10^277 |
| 130 | ov_130 | 2.5648664648028296 × 10^277 |
| 129 | ov_129 | 2.5648723784751712 × 10^277 |
| 128 | aaa_77_29 | 2.7962525772318424 × 10^277 |
| 127 | aaa_77_28 | 7.455203564595017 × 10^277 |
| 126 | ov_126 | 2.3332433976846675 × 10^278 |
| 125 | ov_125 | 5.237572722389425 × 10^278 |
| 124 | ov_124 | 9.966692379223705 × 10^278 |
| 123 | ov_123 | 1.702879022083189 × 10^279 |
| 122 | ov_122 | 2.6932065997449346 × 10^279 |
| 121 | ov_121 | 4.018474844817316 × 10^279 |
| 120 | ov_120 | 5.729512499978509 × 10^279 |
| 119 | ov_119 | 7.87715870133231 × 10^279 |
| 118 | ov_118 | 1.051227074968722 × 10^280 |
| 117 | ov_117 | 1.3685740678828332 × 10^280 |
| 116 | ov_116 | 1.744852786364916 × 10^280 |
| 115 | ov_115 | 2.1851712663336313 × 10^280 |
| 114 | ov_114 | 2.694657454112063 × 10^280 |
| 113 | ov_113 | 3.2784698102896834 × 10^280 |
| 112 | ov_112 | 3.9418110498635803 × 10^280 |
| 111 | ov_111 | 4.689945363370395 × 10^280 |
| 110 | ov_110 | 5.528219464329239 × 10^280 |
| 109 | ov_109 | 6.462087809373984 × 10^280 |
| 108 | ov_108 | 7.497142339103527 × 10^280 |
| 107 | ov_107 | 8.639147090125637 × 10^280 |
| 106 | ov_106 | 9.89407803224275 × 10^280 |
| 105 | ov_105 | 1.1268168489431428 × 10^281 |
| 104 | ov_104 | 1.276796050946621 × 10^281 |
| 103 | ov_103 | 1.4400362555055438 × 10^281 |
| 102 | ov_102 | 1.617271389953847 × 10^281 |
| 101 | ov_101 | 1.80928561229072 × 10^281 |
| 100 | ov_100 | 2.016921211952881 × 10^281 |
| 96 | aaa_78_29 | 2.0576311252066985 × 10^281 |
| 99 | ov_099 | 2.241087304782401 × 10^281 |
| 98 | ov_098 | 2.2411089415528446 × 10^281 |
| 97 | ov_097 | 2.241176688504754 × 10^281 |
| 95 | aaa_78_28 | 5.430645937282706 × 10^281 |
| 94 | ov_094 | 1.6884857458339495 × 10^282 |
| 93 | ov_093 | 3.766917481690737 × 10^282 |
| 92 | ov_092 | 7.131441548452142 × 10^282 |
| 91 | ov_091 | 1.3421275717931539 × 10^283 |
| 90 | ov_090 | 2.6268118261176393 × 10^283 |
| 89 | ov_089 | 5.001052881031374 × 10^283 |
| 88 | ov_088 | 8.969494691534382 × 10^283 |
| 87 | ov_087 | 1.5107758744392803 × 10^284 |
| 86 | ov_086 | 2.406275961024046 × 10^284 |
| 85 | ov_085 | 3.655318683092181 × 10^284 |
| 84 | ov_084 | 5.337019380444954 × 10^284 |
| 83 | ov_083 | 7.537833433249153 × 10^284 |
| 82 | ov_082 | 1.0351678749978232 × 10^285 |
| 81 | ov_081 | 1.388009115625335 × 10^285 |
| 64 | lv_79_m31 | 1.7879945205959516 × 10^285 |
| 80 | ov_080 | 1.8232416753624365 × 10^285 |
| 79 | ov_079 | 2.3526045319765592 × 10^285 |
| 78 | ov_078 | 2.9886688826086025 × 10^285 |
| 77 | ov_077 | 3.744870915681434 × 10^285 |
| 76 | ov_076 | 4.6355499127020026 × 10^285 |
| 75 | ov_075 | 5.675992091787068 × 10^285 |
| 74 | ov_074 | 6.882480607807199 × 10^285 |
| 63 | ov_063 | 7.375840786041091 × 10^285 |
| 73 | ov_073 | 8.263954668901726 × 10^285 |
| 72 | ov_072 | 9.838868032227477 × 10^285 |
| 71 | ov_071 | 1.162686255498689 × 10^286 |
| 70 | ov_070 | 1.3638719773032115 × 10^286 |
| 69 | ov_069 | 1.5885921199634487 × 10^286 |
| 68 | ov_068 | 1.838069859604405 × 10^286 |
| 67 | ov_067 | 2.1136089012757431 × 10^286 |
| 66 | ov_066 | 2.1136105336777867 × 10^286 |
| 65 | ov_065 | 2.1136155708332242 × 10^286 |
| 62 | ov_062 | 3.041029547676901 × 10^286 |
| 61 | ov_061 | 9.17511583822861 × 10^286 |
| 60 | ov_060 | 2.222503762368504 × 10^287 |
| 59 | ov_059 | 4.607654710258865 × 10^287 |
| 58 | ov_058 | 8.489094393904681 × 10^287 |
| 57 | ov_057 | 1.4282956027444452 × 10^288 |
| 56 | ov_056 | 2.4317804853292128 × 10^288 |
| 55 | ov_055 | 4.3666939062053475 × 10^288 |
| 54 | ov_054 | 7.823604143279827 × 10^288 |
| 53 | ov_053 | 1.347633152470099 × 10^289 |
| 52 | ov_052 | 2.2081972208518738 × 10^289 |
| 51 | ov_051 | 3.44809420902677 × 10^289 |
| 50 | ov_050 | 5.159706134327004 × 10^289 |
| 49 | ov_049 | 7.443771018849632 × 10^289 |
| 48 | ov_048 | 1.035694883071102 × 10^290 |
| 47 | ov_047 | 1.3960124195138581 × 10^290 |
| 32 | lv_80_m31 | 1.664213755490095 × 10^290 |
| 46 | ov_046 | 1.831844293550451 × 10^290 |
| 45 | ov_045 | 2.3501362828846963 × 10^290 |
| 44 | ov_044 | 2.958272174144998 × 10^290 |
| 43 | ov_043 | 3.664082660394365 × 10^290 |
| 42 | ov_042 | 4.483687391484663 × 10^290 |
| 41 | ov_041 | 5.434136768129838 × 10^290 |
| 40 | ov_040 | 6.533443692465926 × 10^290 |
| 31 | ov_031 | 6.888292822566254 × 10^290 |
| 39 | ov_039 | 7.800622395929581 × 10^290 |
| 38 | ov_038 | 9.255735317473261 × 10^290 |
| 37 | ov_037 | 1.091994907312635 × 10^291 |
| 36 | ov_036 | 1.2815600628745852 × 10^291 |
| 35 | ov_035 | 1.49662748619208 × 10^291 |
| 34 | ov_034 | 1.738477983086787 × 10^291 |
| 33 | ov_033 | 2.0084672234317215 × 10^291 |
| 30 | ov_030 | 2.8502507370566285 × 10^291 |
| 29 | ov_029 | 8.628841881620906 × 10^291 |
| 28 | ov_028 | 2.0971516517309392 × 10^292 |
| 27 | ov_027 | 5.017110270720645 × 10^292 |
| 26 | ov_026 | 1.2081199956233563 × 10^293 |
| 25 | ov_025 | 2.654761281766733 × 10^293 |
| 24 | ov_024 | 5.2474308066680654 × 10^293 |
| 23 | ov_023 | 9.471905094694786 × 10^293 |
| 22 | ov_022 | 1.5893949645671377 × 10^294 |
| 21 | ov_021 | 2.5159334502802345 × 10^294 |
| 20 | ov_020 | 3.799386015546308 × 10^294 |
| 19 | ov_019 | 5.5203398991277705 × 10^294 |
| 18 | ov_018 | 7.76739660215538 × 10^294 |
| 17 | ov_017 | 1.0637184740808448 × 10^295 |
| 16 | ov_016 | 1.4234382879569144 × 10^295 |
| 15 | ov_015 | 1.8671757402714933 × 10^295 |
| 14 | ov_014 | 2.407022114786092 × 10^295 |
| 13 | ov_013 | 3.05589191918132 × 10^295 |
| 12 | ov_012 | 3.827534884600859 × 10^295 |
| 11 | ov_011 | 4.736552106225465 × 10^295 |
| 10 | ov_010 | 5.798416950348048 × 10^295 |
| 9 | ov_009 | 7.02950124647854 × 10^295 |
| 8 | ov_008 | 8.447107268699537 × 10^295 |
| 7 | ov_007 | 1.0069506044817778 × 10^296 |
| 6 | ov_006 | 1.1915982566662105 × 10^296 |
| 5 | ov_005 | 1.3996986500634175 × 10^296 |
| 4 | ov_004 | 1.6323548046952607 × 10^296 |
| 3 | ov_003 | 1.8907316138563005 × 10^296 |
| 2 | ov_002 | 2.1760602604457335 × 10^296 |
| 1 | ov_001 | 2.489643305844565 × 10^296 |

