# Results for F001-F002-F003-F004-F005-F006-F007-F008-F009-F010-F011-F012-F013-F014-F015-F016-F017-F018-F019-F020-F021-F022-F023-F024-F025-F026-F027-F028-F029-F030-F031-F032-F033-F034-F035-F036-F037-F038-F039-F040-F041-F042-F043-F044-F045-F046-F047-F048-F049-F050-F051-F052-F053-F054-F055-F056-F057-F058-F059-F060-F061-F062-F063-F064-F065-F066-F067-F068-F069-F070-F071-F072-F073-F074-F075-F076-F077-F078-F079-F080-F081-F082-F083-F084-F085-F086-F087-F088-F089-F090-F091-F092-F093-F094-F095-F096-F097-F098-F099-F100-F101-F102-F103-F104-F105-F106-F107-F108-F109-F110-F111-F112-F113-F114-F115-F116-F117-F118-F119-F120-F121-F122-F123-F124-F125-F126-F127-F128-F129-F130-F131-F132-F133-F134-F135-F136-F137-F138-F139-F140-F141-F142-F143-F144-F145-F146-F147-F148-F149-F150-F151-F152-F153-F154-F155-F156-F157-F158-F159-F160-F161-F162-F163-F164-F165-F166-F167-F168-F169-F170-F171-F172-F173-F174-F175-F176-F177-F178-F179-F180-F181-F182-F183-F184-F185-F186-F187-F188-F189-F190-F191-F192-F193-F194-F195-F196-F197-F198-F199-F200-F201-F202-F203-F204-F205-F206-F207-F208-F209-F210-F211-F212-F213-F214-F215-F216-F217-F218-F219-F220-F221-F222-F223-F224-F225-F226-F227-F228-F229-F230-F231-F232-F233-F234-F235-F236-F237-F238-F239-F240-F241-F242-F243-F244-F245-F246-F247-F248-F249-F250-F251-F252-F253-F254-F255-F256-F257-F258-F259-F260-F261-F262-F263-F264-F265-F266-F267-F268-F269-F270-F271-F272-F273-F274-F275-F276-F277-F278-F279-F280-F281-F282-F283-F284-F285-F286-F287-F288-F289-F290-F291-F292-F293-F294-F295-F296-F297-F298-F299-F300-F301-F302-F303-F304-F305-F306-F307-F308-F309-F310-F311-F312-F313-F314-F315-F316-F317-F318-F319-F320-F321-F322-F323-F324-F325-F326-F327-F328-F329-F330-F331-F332-F333-F334-F335-F336-F337-F338-F339-F340-F341-F342-F343-F344-F345-F346-F347-F348-F349-F350-F351-F352-F353-F354-F355-F356-F357-F358-F359-F360-F361-F362-F363-F364-F365-F366-F367-F368-F369-F370-F371-F372-F373-F374-F375-F376-F377-F378-F379-F380-F381-F382-F383-F384-F385-F386-F387-F388-F389-F390-F391-F392-F393-F394-F395-F396-F397-F398-F399-F400-F401-F402-F403-F404-F405-F406-F407-F408-F409-F410-F411-F412-F413-F414-F415-F416-F417-F418-F419-F420-F421-F422-F423-F424-F425-F426-F427-F428-F429-F430-F431-F432-F433-F434-F435-F436-F437-F438-F439-F440-F441-F442-F443-F444-F445-F446-F447-F448-F449-F450-F451-F452-F453-F454-F455-F456-F457-F458-F459-F460-F461-F462-F463-F464-F465-F466-F467-F468-F469-F470-F471-F472-F473-F474-F475-F476-F477-F478-F479-F480-F481-F482-F483-F484-F485-F486-F487-F488-F489-F490-F491-F492-F493-F494-F495-F496-F497-F498-F499-F500-F501-F502-F503-F504-E505509-E506507

## Summary

Number of input bits: 512  
Number of free input bits: 6  
Number of output bits: 160

Number of direct occurrences: 25072  
Number of assignments: 30601  
Number of operations: 10909285
(xor: 10879072,
and: 17372,
or: 12841)

Total complexity: 1.503259621715456 × 10^297

Least occurring input variable: iv_508 (4048)  
Most occurring input variable: iv_505 (4332)

Most co-occurring input variables: iv_511-iv_512 (2032)  
Least co-occurring input variables: iv_506-iv_508 (1804)

Potentially most occurring input variable: iv_506/iv_510 (4643)  
Potentially least occurring input variable: iv_511/iv_512 (4323)

Least output occurring input variable: iv_508 (70)  
Most output occurring input variable: iv_505 (83)

Most output co-occurring input variables: iv_510-iv_512 (42)  
Least output co-occurring input variables: iv_508-iv_512 (29)

Potentially most output occurring input variable: iv_506/iv_510 (97)  
Potentially least output occurring input variable: iv_510/iv_512 (73)

Least complex input bit: iv_506 (1.520837741504438 × 10^296)  
Most complex input bit: iv_510 (4.450693507531713 × 10^296)

Least complex output bit: aaa_76_29 (2.451007398508081 × 10^272)  
Most complex output bit: ov_001 (2.3276443005353173 × 10^296)

Least complex input/output complexity: iv_506/aaa_76_29 (2.4796678514546483 × 10^271)  
Most complex input/output complexity: iv_510/ov_001 (6.89144524777014 × 10^295)

Input variable with highest collision probability: iv_512 (½^160.00000000000063)

## Input Bits

### Input Bits in Regular Order

| Input Bit | Complexity | Occurrences | Output Occurrences | Collision Probability |
|:---------:|:----------:|:-----------:|:------------------:|:---------------------:|
| iv_505 | 3.3786893700554767 × 10^296 | 4332 | 83 | ½^160.00000000000068 |
| iv_506 | 1.520837741504438 × 10^296 | 4144 | 76 | ½^160.00000000000077 |
| iv_508 | 2.00982125983385 × 10^296 | 4048 | 70 | ½^160.00000000000082 |
| iv_510 | 4.450693507531713 × 10^296 | 4161 | 79 | ½^160.0000000000008 |
| iv_511 | 1.6848759162495625 × 10^296 | 4114 | 74 | ½^160.00000000000085 |
| iv_512 | 1.9876784219795422 × 10^296 | 4273 | 78 | ½^160.00000000000063 |

### Input Bits Sorted by Complexity

| Input Bit | Complexity | Occurrences | Output Occurrences | Collision Probability |
|:---------:|:----------:|:-----------:|:------------------:|:---------------------:|
| iv_506 | 1.520837741504438 × 10^296 | 4144 | 76 | ½^160.00000000000077 |
| iv_511 | 1.6848759162495625 × 10^296 | 4114 | 74 | ½^160.00000000000085 |
| iv_512 | 1.9876784219795422 × 10^296 | 4273 | 78 | ½^160.00000000000063 |
| iv_508 | 2.00982125983385 × 10^296 | 4048 | 70 | ½^160.00000000000082 |
| iv_505 | 3.3786893700554767 × 10^296 | 4332 | 83 | ½^160.00000000000068 |
| iv_510 | 4.450693507531713 × 10^296 | 4161 | 79 | ½^160.0000000000008 |

### Input Bits Sorted by Occurrences

| Input Bit | Complexity | Occurrences | Output Occurrences | Collision Probability |
|:---------:|:----------:|:-----------:|:------------------:|:---------------------:|
| iv_508 | 2.00982125983385 × 10^296 | 4048 | 70 | ½^160.00000000000082 |
| iv_511 | 1.6848759162495625 × 10^296 | 4114 | 74 | ½^160.00000000000085 |
| iv_506 | 1.520837741504438 × 10^296 | 4144 | 76 | ½^160.00000000000077 |
| iv_510 | 4.450693507531713 × 10^296 | 4161 | 79 | ½^160.0000000000008 |
| iv_512 | 1.9876784219795422 × 10^296 | 4273 | 78 | ½^160.00000000000063 |
| iv_505 | 3.3786893700554767 × 10^296 | 4332 | 83 | ½^160.00000000000068 |

### Input Bits Sorted by Output Occurrences

| Input Bit | Complexity | Occurrences | Output Occurrences | Collision Probability |
|:---------:|:----------:|:-----------:|:------------------:|:---------------------:|
| iv_508 | 2.00982125983385 × 10^296 | 4048 | 70 | ½^160.00000000000082 |
| iv_511 | 1.6848759162495625 × 10^296 | 4114 | 74 | ½^160.00000000000085 |
| iv_506 | 1.520837741504438 × 10^296 | 4144 | 76 | ½^160.00000000000077 |
| iv_512 | 1.9876784219795422 × 10^296 | 4273 | 78 | ½^160.00000000000063 |
| iv_510 | 4.450693507531713 × 10^296 | 4161 | 79 | ½^160.0000000000008 |
| iv_505 | 3.3786893700554767 × 10^296 | 4332 | 83 | ½^160.00000000000068 |

### Input Bits Sorted by Collision Probability

| Input Bit | Complexity | Occurrences | Output Occurrences | Collision Probability |
|:---------:|:----------:|:-----------:|:------------------:|:---------------------:|
| iv_512 | 1.9876784219795422 × 10^296 | 4273 | 78 | ½^160.00000000000063 |
| iv_505 | 3.3786893700554767 × 10^296 | 4332 | 83 | ½^160.00000000000068 |
| iv_506 | 1.520837741504438 × 10^296 | 4144 | 76 | ½^160.00000000000077 |
| iv_510 | 4.450693507531713 × 10^296 | 4161 | 79 | ½^160.0000000000008 |
| iv_508 | 2.00982125983385 × 10^296 | 4048 | 70 | ½^160.00000000000082 |
| iv_511 | 1.6848759162495625 × 10^296 | 4114 | 74 | ½^160.00000000000085 |

## Input Bit/Output Bit Collision Probabilities

| Input Bit | Output Bit | Collision Probability |
|:---------:|:----------:|:---------------------:|
| iv_512 | aaa_76_25 | 0.5000000000000024 |
| iv_512 | ov_012 | 0.5000000000000021 |
| iv_512 | ov_098 | 0.5000000000000018 |
| iv_510 | aaa_76_26 | 0.5000000000000017 |
| iv_506 | ov_016 | 0.5000000000000016 |
| iv_506 | ov_147 | 0.5000000000000016 |

## Input Bit Co-occurrences

### Input Bit Co-occurrences Sorted by Co-occurrences

| Input Bits | Co-occurrences | Potential Occurrences | Output Co-occurrences | Potential Output Occurrences |
|:----------:|:--------------:|:---------------------:|:---------------------:|:----------------------------:|
| iv_511-iv_512 | 2032 | 4323 | 39 | 74 |
| iv_505-iv_512 | 2014 | 4577 | 35 | 91 |
| iv_510-iv_512 | 1995 | 4444 | 42 | 73 |
| iv_505-iv_510 | 1986 | 4521 | 42 | 78 |
| iv_505-iv_508 | 1976 | 4428 | 38 | 77 |
| iv_505-iv_511 | 1964 | 4518 | 41 | 75 |

### Input Bit Co-occurrences Sorted by Potential Occurrences

| Input Bits | Co-occurrences | Potential Occurrences | Output Co-occurrences | Potential Output Occurrences |
|:----------:|:--------------:|:---------------------:|:---------------------:|:----------------------------:|
| iv_511-iv_512 | 2032 | 4323 | 39 | 74 |
| iv_508-iv_510 | 1933 | 4343 | 31 | 87 |
| iv_508-iv_511 | 1906 | 4350 | 35 | 74 |
| iv_510-iv_511 | 1952 | 4371 | 38 | 77 |
| iv_505-iv_508 | 1976 | 4428 | 38 | 77 |
| iv_508-iv_512 | 1944 | 4433 | 29 | 90 |

### Input Bit Output Co-occurrences Sorted by Output Co-occurrences

| Input Bits | Co-occurrences | Potential Occurrences | Output Co-occurrences | Potential Output Occurrences |
|:----------:|:--------------:|:---------------------:|:---------------------:|:----------------------------:|
| iv_505-iv_510 | 1986 | 4521 | 42 | 78 |
| iv_510-iv_512 | 1995 | 4444 | 42 | 73 |
| iv_505-iv_511 | 1964 | 4518 | 41 | 75 |
| iv_511-iv_512 | 2032 | 4323 | 39 | 74 |
| iv_505-iv_506 | 1957 | 4562 | 39 | 81 |
| iv_505-iv_508 | 1976 | 4428 | 38 | 77 |

### Input Bit Output Co-occurrences Sorted by Potential Output Occurrences

| Input Bits | Co-occurrences | Potential Occurrences | Output Co-occurrences | Potential Output Occurrences |
|:----------:|:--------------:|:---------------------:|:---------------------:|:----------------------------:|
| iv_510-iv_512 | 1995 | 4444 | 42 | 73 |
| iv_508-iv_511 | 1906 | 4350 | 35 | 74 |
| iv_511-iv_512 | 2032 | 4323 | 39 | 74 |
| iv_505-iv_511 | 1964 | 4518 | 41 | 75 |
| iv_505-iv_508 | 1976 | 4428 | 38 | 77 |
| iv_510-iv_511 | 1952 | 4371 | 38 | 77 |

## Output Bits

### Output Bits in Regular Order

| Rank | Output Bit | Complexity |
|:----:|:----------:|:----------:|
| 1 | ov_001 | 2.3276443005353173 × 10^296 |
| 2 | ov_002 | 2.0372263788900573 × 10^296 |
| 3 | ov_003 | 1.7727532543701738 × 10^296 |
| 4 | ov_004 | 1.5329921236619127 × 10^296 |
| 5 | ov_005 | 1.3167777419952132 × 10^296 |
| 6 | ov_006 | 1.1230076060857486 × 10^296 |
| 7 | ov_007 | 9.506377736729242 × 10^295 |
| 8 | ov_008 | 7.986792476518748 × 10^295 |
| 9 | ov_009 | 6.653068230790726 × 10^295 |
| 10 | ov_010 | 5.487912609078716 × 10^295 |
| 11 | ov_011 | 4.482913555893518 × 10^295 |
| 12 | ov_012 | 3.6225761506418625 × 10^295 |
| 13 | ov_013 | 2.892255806618493 × 10^295 |
| 14 | ov_014 | 2.278133480486125 × 10^295 |
| 15 | ov_015 | 1.7671958845123518 × 10^295 |
| 16 | ov_016 | 1.3472202106326855 × 10^295 |
| 17 | ov_017 | 1.0067627741838816 × 10^295 |
| 18 | ov_018 | 7.35150895615123 × 10^294 |
| 19 | ov_019 | 5.22477352090266 × 10^294 |
| 20 | ov_020 | 3.595967940681471 × 10^294 |
| 21 | ov_021 | 2.3812358506787833 × 10^294 |
| 22 | ov_022 | 1.5043058591726333 × 10^294 |
| 23 | ov_023 | 8.964848595157618 × 10^293 |
| 24 | ov_024 | 4.966541118787815 × 10^293 |
| 25 | ov_025 | 2.5126679591966335 × 10^293 |
| 26 | ov_026 | 1.1434654072917644 × 10^293 |
| 27 | ov_027 | 4.74866348095081 × 10^292 |
| 28 | ov_028 | 1.9849659022261898 × 10^292 |
| 29 | ov_029 | 8.167346185526529 × 10^291 |
| 30 | ov_030 | 2.697842221987692 × 10^291 |
| 31 | ov_031 | 6.5200385031827274 × 10^290 |
| 32 | lv_80_m31 | 1.5752602593279038 × 10^290 |
| 33 | ov_033 | 1.9009997674194045 × 10^291 |
| 34 | ov_034 | 1.645494568937619 × 10^291 |
| 35 | ov_035 | 1.4166047275431205 × 10^291 |
| 36 | ov_036 | 1.2130513742038433 × 10^291 |
| 37 | ov_037 | 1.033625601729353 × 10^291 |
| 38 | ov_038 | 8.760995757810272 × 10^290 |
| 39 | ov_039 | 7.38362327757598 × 10^290 |
| 40 | ov_040 | 6.184126342704746 × 10^290 |
| 41 | ov_041 | 5.14352956281453 × 10^290 |
| 42 | ov_042 | 4.243843248537599 × 10^290 |
| 43 | ov_043 | 3.4680206753134973 × 10^290 |
| 44 | ov_044 | 2.799922761123788 × 10^290 |
| 45 | ov_045 | 2.22428923063044 × 10^290 |
| 46 | ov_046 | 1.733706420759472 × 10^290 |
| 47 | ov_047 | 1.3211833114167192 × 10^290 |
| 48 | ov_048 | 9.801434340140853 × 10^289 |
| 49 | ov_049 | 7.044186364598753 × 10^289 |
| 50 | ov_050 | 4.882443748262075 × 10^289 |
| 51 | ov_051 | 3.2625626246044095 × 10^289 |
| 52 | ov_052 | 2.08917222160876 × 10^289 |
| 53 | ov_053 | 1.2748159618596093 × 10^289 |
| 54 | ov_054 | 7.399366132562108 × 10^288 |
| 55 | ov_055 | 4.1286822997289214 × 10^288 |
| 56 | ov_056 | 2.298319668888456 × 10^288 |
| 57 | ov_057 | 1.3493381278167205 × 10^288 |
| 58 | ov_058 | 8.016329474365791 × 10^287 |
| 59 | ov_059 | 4.348594370772824 × 10^287 |
| 60 | ov_060 | 2.096055367424698 × 10^287 |
| 61 | ov_061 | 8.645949599435028 × 10^286 |
| 62 | ov_062 | 2.863044073551872 × 10^286 |
| 63 | ov_063 | 6.936729810474186 × 10^285 |
| 64 | lv_79_m31 | 1.6796463128143396 × 10^285 |
| 65 | ov_065 | 1.9754386210240815 × 10^286 |
| 66 | ov_066 | 1.9754338198542787 × 10^286 |
| 67 | ov_067 | 1.9754322639817352 × 10^286 |
| 68 | ov_068 | 1.7133526588389033 × 10^286 |
| 69 | ov_069 | 1.4765901971052467 × 10^286 |
| 70 | ov_070 | 1.2639023301371016 × 10^286 |
| 71 | ov_071 | 1.0741232435223055 × 10^286 |
| 72 | ov_072 | 9.061586120356846 × 10^285 |
| 73 | ov_073 | 7.589808096869094 × 10^285 |
| 74 | ov_074 | 6.307176553146641 × 10^285 |
| 75 | ov_075 | 5.1961018316989095 × 10^285 |
| 76 | ov_076 | 4.2400587878469336 × 10^285 |
| 77 | ov_077 | 3.4235262333296155 × 10^285 |
| 78 | ov_078 | 2.731933051258852 × 10^285 |
| 79 | ov_079 | 2.1516105765020572 × 10^285 |
| 80 | ov_080 | 1.669750841426651 × 10^285 |
| 81 | ov_081 | 1.27437029127805 × 10^285 |
| 82 | ov_082 | 9.542785765500751 × 10^284 |
| 83 | ov_083 | 6.990520318127198 × 10^284 |
| 84 | ov_084 | 4.9901145182597074 × 10^284 |
| 85 | ov_085 | 3.452037765804316 × 10^284 |
| 86 | ov_086 | 2.2938729734785422 × 10^284 |
| 87 | ov_087 | 1.4401999606824435 × 10^284 |
| 88 | ov_088 | 8.550451252363389 × 10^283 |
| 89 | ov_089 | 4.767382393080022 × 10^283 |
| 90 | ov_090 | 2.5040541410754404 × 10^283 |
| 91 | ov_091 | 1.2793908022968893 × 10^283 |
| 92 | ov_092 | 6.797996189276392 × 10^282 |
| 93 | ov_093 | 3.5907394105347934 × 10^282 |
| 94 | ov_094 | 1.609489900052213 × 10^282 |
| 95 | aaa_78_28 | 5.176486236075356 × 10^281 |
| 96 | aaa_78_29 | 1.9612824229292292 × 10^281 |
| 97 | ov_097 | 2.135606131850634 × 10^281 |
| 98 | ov_098 | 2.135541832090984 × 10^281 |
| 99 | ov_099 | 2.135521311206913 × 10^281 |
| 100 | ov_100 | 1.9217922278568844 × 10^281 |
| 101 | ov_101 | 1.7238378791111154 × 10^281 |
| 102 | ov_102 | 1.5407913420684233 × 10^281 |
| 103 | ov_103 | 1.3718488709570418 × 10^281 |
| 104 | ov_104 | 1.216261616453258 × 10^281 |
| 105 | ov_105 | 1.0733281441465027 × 10^281 |
| 106 | ov_106 | 9.423877089291078 × 10^280 |
| 107 | ov_107 | 8.228142439816352 × 10^280 |
| 108 | ov_108 | 7.1401102458587735 × 10^280 |
| 109 | ov_109 | 6.154059682681223 × 10^280 |
| 110 | ov_110 | 5.264474658090909 × 10^280 |
| 111 | ov_111 | 4.46600638458072 × 10^280 |
| 112 | ov_112 | 3.753440532743736 × 10^280 |
| 113 | ov_113 | 3.1216692898334697 × 10^280 |
| 114 | ov_114 | 2.565667467464424 × 10^280 |
| 115 | ov_115 | 2.0804718048037833 × 10^280 |
| 116 | ov_116 | 1.661163622009289 × 10^280 |
| 117 | ov_117 | 1.3028549796610971 × 10^280 |
| 118 | ov_118 | 1.0006779970976173 × 10^280 |
| 119 | ov_119 | 7.497769828749122 × 10^279 |
| 120 | ov_120 | 5.453030307233516 × 10^279 |
| 121 | ov_121 | 3.824107344501384 × 10^279 |
| 122 | ov_122 | 2.5625651869070875 × 10^279 |
| 123 | ov_123 | 1.61997855885605 × 10^279 |
| 124 | ov_124 | 9.479281028949341 × 10^278 |
| 125 | ov_125 | 4.97997385744161 × 10^278 |
| 126 | ov_126 | 2.2177117462746152 × 10^278 |
| 127 | aaa_77_28 | 7.0834620714487985 × 10^277 |
| 128 | aaa_77_29 | 2.655386569102033 × 10^277 |
| 129 | ov_129 | 2.4439127920344476 × 10^277 |
| 130 | ov_130 | 2.44390682192145 × 10^277 |
| 131 | ov_131 | 2.443904900523693 × 10^277 |
| 132 | ov_132 | 2.1212022418569945 × 10^277 |
| 133 | ov_133 | 1.8299549032263672 × 10^277 |
| 134 | ov_134 | 1.5687209539016449 × 10^277 |
| 135 | ov_135 | 1.3361410388839232 × 10^277 |
| 136 | ov_136 | 1.1309321981537627 × 10^277 |
| 137 | ov_137 | 9.507364177218311 × 10^276 |
| 138 | ov_138 | 7.933236488826907 × 10^276 |
| 139 | ov_139 | 6.565839878685238 × 10^276 |
| 140 | ov_140 | 5.385209912262303 × 10^276 |
| 141 | ov_141 | 4.372460352945582 × 10^276 |
| 142 | ov_142 | 3.509736117067355 × 10^276 |
| 143 | ov_143 | 2.7801745002944233 × 10^276 |
| 144 | ov_144 | 2.167873653934527 × 10^276 |
| 145 | ov_145 | 1.6578673563839885 × 10^276 |
| 146 | ov_146 | 1.2429036146903746 × 10^276 |
| 147 | ov_147 | 9.098325788581705 × 10^275 |
| 148 | ov_148 | 6.463935532694816 × 10^275 |
| 149 | ov_149 | 4.412067187661157 × 10^275 |
| 150 | ov_150 | 2.888015254337755 × 10^275 |
| 151 | ov_151 | 1.7954454239175215 × 10^275 |
| 152 | ov_152 | 1.0467124689518731 × 10^275 |
| 153 | ov_153 | 5.628466951806886 × 10^274 |
| 154 | ov_154 | 2.7354692782670594 × 10^274 |
| 155 | ov_155 | 1.171771225301121 × 10^274 |
| 156 | aaa_76_25 | 4.076477856226474 × 10^273 |
| 157 | aaa_76_26 | 2.5106533769245675 × 10^273 |
| 158 | aaa_76_27 | 1.3779340117627604 × 10^273 |
| 159 | aaa_76_28 | 6.501283161786614 × 10^272 |
| 160 | aaa_76_29 | 2.451007398508081 × 10^272 |

### Output Bits Sorted by Complexity

| Rank | Output Bit | Complexity |
|:----:|:----------:|:----------:|
| 160 | aaa_76_29 | 2.451007398508081 × 10^272 |
| 159 | aaa_76_28 | 6.501283161786614 × 10^272 |
| 158 | aaa_76_27 | 1.3779340117627604 × 10^273 |
| 157 | aaa_76_26 | 2.5106533769245675 × 10^273 |
| 156 | aaa_76_25 | 4.076477856226474 × 10^273 |
| 155 | ov_155 | 1.171771225301121 × 10^274 |
| 154 | ov_154 | 2.7354692782670594 × 10^274 |
| 153 | ov_153 | 5.628466951806886 × 10^274 |
| 152 | ov_152 | 1.0467124689518731 × 10^275 |
| 151 | ov_151 | 1.7954454239175215 × 10^275 |
| 150 | ov_150 | 2.888015254337755 × 10^275 |
| 149 | ov_149 | 4.412067187661157 × 10^275 |
| 148 | ov_148 | 6.463935532694816 × 10^275 |
| 147 | ov_147 | 9.098325788581705 × 10^275 |
| 146 | ov_146 | 1.2429036146903746 × 10^276 |
| 145 | ov_145 | 1.6578673563839885 × 10^276 |
| 144 | ov_144 | 2.167873653934527 × 10^276 |
| 143 | ov_143 | 2.7801745002944233 × 10^276 |
| 142 | ov_142 | 3.509736117067355 × 10^276 |
| 141 | ov_141 | 4.372460352945582 × 10^276 |
| 140 | ov_140 | 5.385209912262303 × 10^276 |
| 139 | ov_139 | 6.565839878685238 × 10^276 |
| 138 | ov_138 | 7.933236488826907 × 10^276 |
| 137 | ov_137 | 9.507364177218311 × 10^276 |
| 136 | ov_136 | 1.1309321981537627 × 10^277 |
| 135 | ov_135 | 1.3361410388839232 × 10^277 |
| 134 | ov_134 | 1.5687209539016449 × 10^277 |
| 133 | ov_133 | 1.8299549032263672 × 10^277 |
| 132 | ov_132 | 2.1212022418569945 × 10^277 |
| 131 | ov_131 | 2.443904900523693 × 10^277 |
| 130 | ov_130 | 2.44390682192145 × 10^277 |
| 129 | ov_129 | 2.4439127920344476 × 10^277 |
| 128 | aaa_77_29 | 2.655386569102033 × 10^277 |
| 127 | aaa_77_28 | 7.0834620714487985 × 10^277 |
| 126 | ov_126 | 2.2177117462746152 × 10^278 |
| 125 | ov_125 | 4.97997385744161 × 10^278 |
| 124 | ov_124 | 9.479281028949341 × 10^278 |
| 123 | ov_123 | 1.61997855885605 × 10^279 |
| 122 | ov_122 | 2.5625651869070875 × 10^279 |
| 121 | ov_121 | 3.824107344501384 × 10^279 |
| 120 | ov_120 | 5.453030307233516 × 10^279 |
| 119 | ov_119 | 7.497769828749122 × 10^279 |
| 118 | ov_118 | 1.0006779970976173 × 10^280 |
| 117 | ov_117 | 1.3028549796610971 × 10^280 |
| 116 | ov_116 | 1.661163622009289 × 10^280 |
| 115 | ov_115 | 2.0804718048037833 × 10^280 |
| 114 | ov_114 | 2.565667467464424 × 10^280 |
| 113 | ov_113 | 3.1216692898334697 × 10^280 |
| 112 | ov_112 | 3.753440532743736 × 10^280 |
| 111 | ov_111 | 4.46600638458072 × 10^280 |
| 110 | ov_110 | 5.264474658090909 × 10^280 |
| 109 | ov_109 | 6.154059682681223 × 10^280 |
| 108 | ov_108 | 7.1401102458587735 × 10^280 |
| 107 | ov_107 | 8.228142439816352 × 10^280 |
| 106 | ov_106 | 9.423877089291078 × 10^280 |
| 105 | ov_105 | 1.0733281441465027 × 10^281 |
| 104 | ov_104 | 1.216261616453258 × 10^281 |
| 103 | ov_103 | 1.3718488709570418 × 10^281 |
| 102 | ov_102 | 1.5407913420684233 × 10^281 |
| 101 | ov_101 | 1.7238378791111154 × 10^281 |
| 100 | ov_100 | 1.9217922278568844 × 10^281 |
| 96 | aaa_78_29 | 1.9612824229292292 × 10^281 |
| 99 | ov_099 | 2.135521311206913 × 10^281 |
| 98 | ov_098 | 2.135541832090984 × 10^281 |
| 97 | ov_097 | 2.135606131850634 × 10^281 |
| 95 | aaa_78_28 | 5.176486236075356 × 10^281 |
| 94 | ov_094 | 1.609489900052213 × 10^282 |
| 93 | ov_093 | 3.5907394105347934 × 10^282 |
| 92 | ov_092 | 6.797996189276392 × 10^282 |
| 91 | ov_091 | 1.2793908022968893 × 10^283 |
| 90 | ov_090 | 2.5040541410754404 × 10^283 |
| 89 | ov_089 | 4.767382393080022 × 10^283 |
| 88 | ov_088 | 8.550451252363389 × 10^283 |
| 87 | ov_087 | 1.4401999606824435 × 10^284 |
| 86 | ov_086 | 2.2938729734785422 × 10^284 |
| 85 | ov_085 | 3.452037765804316 × 10^284 |
| 84 | ov_084 | 4.9901145182597074 × 10^284 |
| 83 | ov_083 | 6.990520318127198 × 10^284 |
| 82 | ov_082 | 9.542785765500751 × 10^284 |
| 81 | ov_081 | 1.27437029127805 × 10^285 |
| 80 | ov_080 | 1.669750841426651 × 10^285 |
| 64 | lv_79_m31 | 1.6796463128143396 × 10^285 |
| 79 | ov_079 | 2.1516105765020572 × 10^285 |
| 78 | ov_078 | 2.731933051258852 × 10^285 |
| 77 | ov_077 | 3.4235262333296155 × 10^285 |
| 76 | ov_076 | 4.2400587878469336 × 10^285 |
| 75 | ov_075 | 5.1961018316989095 × 10^285 |
| 74 | ov_074 | 6.307176553146641 × 10^285 |
| 63 | ov_063 | 6.936729810474186 × 10^285 |
| 73 | ov_073 | 7.589808096869094 × 10^285 |
| 72 | ov_072 | 9.061586120356846 × 10^285 |
| 71 | ov_071 | 1.0741232435223055 × 10^286 |
| 70 | ov_070 | 1.2639023301371016 × 10^286 |
| 69 | ov_069 | 1.4765901971052467 × 10^286 |
| 68 | ov_068 | 1.7133526588389033 × 10^286 |
| 67 | ov_067 | 1.9754322639817352 × 10^286 |
| 66 | ov_066 | 1.9754338198542787 × 10^286 |
| 65 | ov_065 | 1.9754386210240815 × 10^286 |
| 62 | ov_062 | 2.863044073551872 × 10^286 |
| 61 | ov_061 | 8.645949599435028 × 10^286 |
| 60 | ov_060 | 2.096055367424698 × 10^287 |
| 59 | ov_059 | 4.348594370772824 × 10^287 |
| 58 | ov_058 | 8.016329474365791 × 10^287 |
| 57 | ov_057 | 1.3493381278167205 × 10^288 |
| 56 | ov_056 | 2.298319668888456 × 10^288 |
| 55 | ov_055 | 4.1286822997289214 × 10^288 |
| 54 | ov_054 | 7.399366132562108 × 10^288 |
| 53 | ov_053 | 1.2748159618596093 × 10^289 |
| 52 | ov_052 | 2.08917222160876 × 10^289 |
| 51 | ov_051 | 3.2625626246044095 × 10^289 |
| 50 | ov_050 | 4.882443748262075 × 10^289 |
| 49 | ov_049 | 7.044186364598753 × 10^289 |
| 48 | ov_048 | 9.801434340140853 × 10^289 |
| 47 | ov_047 | 1.3211833114167192 × 10^290 |
| 32 | lv_80_m31 | 1.5752602593279038 × 10^290 |
| 46 | ov_046 | 1.733706420759472 × 10^290 |
| 45 | ov_045 | 2.22428923063044 × 10^290 |
| 44 | ov_044 | 2.799922761123788 × 10^290 |
| 43 | ov_043 | 3.4680206753134973 × 10^290 |
| 42 | ov_042 | 4.243843248537599 × 10^290 |
| 41 | ov_041 | 5.14352956281453 × 10^290 |
| 40 | ov_040 | 6.184126342704746 × 10^290 |
| 31 | ov_031 | 6.5200385031827274 × 10^290 |
| 39 | ov_039 | 7.38362327757598 × 10^290 |
| 38 | ov_038 | 8.760995757810272 × 10^290 |
| 37 | ov_037 | 1.033625601729353 × 10^291 |
| 36 | ov_036 | 1.2130513742038433 × 10^291 |
| 35 | ov_035 | 1.4166047275431205 × 10^291 |
| 34 | ov_034 | 1.645494568937619 × 10^291 |
| 33 | ov_033 | 1.9009997674194045 × 10^291 |
| 30 | ov_030 | 2.697842221987692 × 10^291 |
| 29 | ov_029 | 8.167346185526529 × 10^291 |
| 28 | ov_028 | 1.9849659022261898 × 10^292 |
| 27 | ov_027 | 4.74866348095081 × 10^292 |
| 26 | ov_026 | 1.1434654072917644 × 10^293 |
| 25 | ov_025 | 2.5126679591966335 × 10^293 |
| 24 | ov_024 | 4.966541118787815 × 10^293 |
| 23 | ov_023 | 8.964848595157618 × 10^293 |
| 22 | ov_022 | 1.5043058591726333 × 10^294 |
| 21 | ov_021 | 2.3812358506787833 × 10^294 |
| 20 | ov_020 | 3.595967940681471 × 10^294 |
| 19 | ov_019 | 5.22477352090266 × 10^294 |
| 18 | ov_018 | 7.35150895615123 × 10^294 |
| 17 | ov_017 | 1.0067627741838816 × 10^295 |
| 16 | ov_016 | 1.3472202106326855 × 10^295 |
| 15 | ov_015 | 1.7671958845123518 × 10^295 |
| 14 | ov_014 | 2.278133480486125 × 10^295 |
| 13 | ov_013 | 2.892255806618493 × 10^295 |
| 12 | ov_012 | 3.6225761506418625 × 10^295 |
| 11 | ov_011 | 4.482913555893518 × 10^295 |
| 10 | ov_010 | 5.487912609078716 × 10^295 |
| 9 | ov_009 | 6.653068230790726 × 10^295 |
| 8 | ov_008 | 7.986792476518748 × 10^295 |
| 7 | ov_007 | 9.506377736729242 × 10^295 |
| 6 | ov_006 | 1.1230076060857486 × 10^296 |
| 5 | ov_005 | 1.3167777419952132 × 10^296 |
| 4 | ov_004 | 1.5329921236619127 × 10^296 |
| 3 | ov_003 | 1.7727532543701738 × 10^296 |
| 2 | ov_002 | 2.0372263788900573 × 10^296 |
| 1 | ov_001 | 2.3276443005353173 × 10^296 |

