# Results for F001-F002-F003-F004-F005-F006-F007-F008-F009-F010-F011-F012-F013-F014-F015-F016-F017-F018-F019-F020-F021-F022-F023-F024-F025-F026-F027-F028-F029-F030-F031-F032-F033-F034-F035-F036-F037-F038-F039-F040-F041-F042-F043-F044-F045-F046-F047-F048-F049-F050-F051-F052-F053-F054-F055-F056-F057-F058-F059-F060-F061-F062-F063-F064-F065-F066-F067-F068-F069-F070-F071-F072-F073-F074-F075-F076-F077-F078-F079-F080-F081-F082-F083-F084-F085-F086-F087-F088-F089-F090-F091-F092-F093-F094-F095-F096-F097-F098-F099-F100-F101-F102-F103-F104-F105-F106-F107-F108-F109-F110-F111-F112-F113-F114-F115-F116-F117-F118-F119-F120-F121-F122-F123-F124-F125-F126-F127-F128-F129-F130-F131-F132-F133-F134-F135-F136-F137-F138-F139-F140-F141-F142-F143-F144-F145-F146-F147-F148-F149-F150-F151-F152-F153-F154-F155-F156-F157-F158-F159-F160-F161-F162-F163-F164-F165-F166-F167-F168-F169-F170-F171-F172-F173-F174-F175-F176-F177-F178-F179-F180-F181-F182-F183-F184-F185-F186-F187-F188-F189-F190-F191-F192-F193-F194-F195-F196-F197-F198-F199-F200-F201-F202-F203-F204-F205-F206-F207-F208-F209-F210-F211-F212-F213-F214-F215-F216-F217-F218-F219-F220-F221-F222-F223-F224-F225-F226-F227-F228-F229-F230-F231-F232-F233-F234-F235-F236-F237-F238-F239-F240-F241-F242-F243-F244-F245-F246-F247-F248-F249-F250-F251-F252-F253-F254-F255-F256-F257-F258-F259-F260-F261-F262-F263-F264-F265-F266-F267-F268-F269-F270-F271-F272-F273-F274-F275-F276-F277-F278-F279-F280-F281-F282-F283-F284-F285-F286-F287-F288-F289-F290-F291-F292-F293-F294-F295-F296-F297-F298-F299-F300-F301-F302-F303-F304-F305-F306-F307-F308-F309-F310-F311-F312-F313-F314-F315-F316-F317-F318-F319-F320-F321-F322-F323-F324-F325-F326-F327-F328-F329-F330-F331-F332-F333-F334-F335-F336-F337-F338-F339-F340-F341-F342-F343-F344-F345-F346-F347-F348-F349-F350-F351-F352-F353-F354-F355-F356-F357-F358-F359-F360-F361-F362-F363-F364-F365-F366-F367-F368-F369-F370-F371-F372-F373-F374-F375-F376-F377-F378-F379-F380-F381-F382-F383-F384-F385-F386-F387-F388-F389-F390-F391-F392-F393-F394-F395-F396-F397-F398-F399-F400-F401-F402-F403-F404-F405-F406-F407-F408-F409-F410-F411-F412-F413-F414-F415-F416-F417-F418-F419-F420-F421-F422-F423-F424-F425-F426-F427-F428-F429-F430-F431-F432-F433-F434-F435-F436-F437-F438-F439-F440-F441-F442-F443-F444-F445-F446-F447-F448-F449-F450-F451-F452-F453-F454-F455-F456-F457-F458-F459-F460-F461-F462-F463-F464-F465-F466-F467-F468-F469-F470-F471-F472-F473-F474-F475-F476-F477-F478-F479-F480-F481-F482-F483-F484-F485-F486-F487-F488-F489-F490-F491-F492-F493-F494-F495-F496-F497-F498-F499-F500-F501-F502-F503-F504-E505508-E507509

## Summary

Number of input bits: 512  
Number of free input bits: 6  
Number of output bits: 160

Number of direct occurrences: 25247  
Number of assignments: 30609  
Number of operations: 10909459
(xor: 10879241,
and: 17371,
or: 12847)

Total complexity: 1.597875017311643 × 10^297

Least occurring input variable: iv_506 (4009)  
Most occurring input variable: iv_505 (4362)

Most co-occurring input variables: iv_505-iv_507 (2067)  
Least co-occurring input variables: iv_506-iv_511 (1871)

Potentially most occurring input variable: iv_507/iv_512 (4625)  
Potentially least occurring input variable: iv_506/iv_510 (4284)

Least output occurring input variable: iv_511 (74)  
Most output occurring input variable: iv_505 (87)

Most output co-occurring input variables: iv_505-iv_506 (52)  
Least output co-occurring input variables: iv_507-iv_511 (33)

Potentially most output occurring input variable: iv_506/iv_507 (92)  
Potentially least output occurring input variable: iv_505/iv_506 (65)

Least complex input bit: iv_506 (6.949628529430644 × 10^295)  
Most complex input bit: iv_510 (4.832580657271811 × 10^296)

Least complex output bit: aaa_76_29 (2.4407542316326444 × 10^272)  
Most complex output bit: ov_001 (2.488803828512157 × 10^296)

Least complex input/output complexity: iv_506/aaa_76_29 (1.0615558199302213 × 10^271)  
Most complex input/output complexity: iv_510/ov_001 (7.527087607669951 × 10^295)

Input variable with highest collision probability: iv_506 (½^160.0000000000007)

## Input Bits

### Input Bits in Regular Order

| Input Bit | Complexity | Occurrences | Output Occurrences | Collision Probability |
|:---------:|:----------:|:-----------:|:------------------:|:---------------------:|
| iv_505 | 2.502031209322238 × 10^296 | 4362 | 87 | ½^160.0000000000009 |
| iv_506 | 6.949628529430644 × 10^295 | 4009 | 82 | ½^160.0000000000007 |
| iv_507 | 3.961501391622093 × 10^296 | 4324 | 78 | ½^160.000000000001 |
| iv_510 | 4.832580657271811 × 10^296 | 4167 | 79 | ½^160.0000000000007 |
| iv_511 | 1.8294449503188475 × 10^296 | 4112 | 74 | ½^160.0000000000008 |
| iv_512 | 2.1582291116383845 × 10^296 | 4273 | 78 | ½^160.0000000000009 |

### Input Bits Sorted by Complexity

| Input Bit | Complexity | Occurrences | Output Occurrences | Collision Probability |
|:---------:|:----------:|:-----------:|:------------------:|:---------------------:|
| iv_506 | 6.949628529430644 × 10^295 | 4009 | 82 | ½^160.0000000000007 |
| iv_511 | 1.8294449503188475 × 10^296 | 4112 | 74 | ½^160.0000000000008 |
| iv_512 | 2.1582291116383845 × 10^296 | 4273 | 78 | ½^160.0000000000009 |
| iv_505 | 2.502031209322238 × 10^296 | 4362 | 87 | ½^160.0000000000009 |
| iv_507 | 3.961501391622093 × 10^296 | 4324 | 78 | ½^160.000000000001 |
| iv_510 | 4.832580657271811 × 10^296 | 4167 | 79 | ½^160.0000000000007 |

### Input Bits Sorted by Occurrences

| Input Bit | Complexity | Occurrences | Output Occurrences | Collision Probability |
|:---------:|:----------:|:-----------:|:------------------:|:---------------------:|
| iv_506 | 6.949628529430644 × 10^295 | 4009 | 82 | ½^160.0000000000007 |
| iv_511 | 1.8294449503188475 × 10^296 | 4112 | 74 | ½^160.0000000000008 |
| iv_510 | 4.832580657271811 × 10^296 | 4167 | 79 | ½^160.0000000000007 |
| iv_512 | 2.1582291116383845 × 10^296 | 4273 | 78 | ½^160.0000000000009 |
| iv_507 | 3.961501391622093 × 10^296 | 4324 | 78 | ½^160.000000000001 |
| iv_505 | 2.502031209322238 × 10^296 | 4362 | 87 | ½^160.0000000000009 |

### Input Bits Sorted by Output Occurrences

| Input Bit | Complexity | Occurrences | Output Occurrences | Collision Probability |
|:---------:|:----------:|:-----------:|:------------------:|:---------------------:|
| iv_511 | 1.8294449503188475 × 10^296 | 4112 | 74 | ½^160.0000000000008 |
| iv_507 | 3.961501391622093 × 10^296 | 4324 | 78 | ½^160.000000000001 |
| iv_512 | 2.1582291116383845 × 10^296 | 4273 | 78 | ½^160.0000000000009 |
| iv_510 | 4.832580657271811 × 10^296 | 4167 | 79 | ½^160.0000000000007 |
| iv_506 | 6.949628529430644 × 10^295 | 4009 | 82 | ½^160.0000000000007 |
| iv_505 | 2.502031209322238 × 10^296 | 4362 | 87 | ½^160.0000000000009 |

### Input Bits Sorted by Collision Probability

| Input Bit | Complexity | Occurrences | Output Occurrences | Collision Probability |
|:---------:|:----------:|:-----------:|:------------------:|:---------------------:|
| iv_506 | 6.949628529430644 × 10^295 | 4009 | 82 | ½^160.0000000000007 |
| iv_510 | 4.832580657271811 × 10^296 | 4167 | 79 | ½^160.0000000000007 |
| iv_511 | 1.8294449503188475 × 10^296 | 4112 | 74 | ½^160.0000000000008 |
| iv_505 | 2.502031209322238 × 10^296 | 4362 | 87 | ½^160.0000000000009 |
| iv_512 | 2.1582291116383845 × 10^296 | 4273 | 78 | ½^160.0000000000009 |
| iv_507 | 3.961501391622093 × 10^296 | 4324 | 78 | ½^160.000000000001 |

## Input Bit/Output Bit Collision Probabilities

| Input Bit | Output Bit | Collision Probability |
|:---------:|:----------:|:---------------------:|
| iv_506 | ov_021 | 0.500000000000004 |
| iv_505 | ov_093 | 0.5000000000000018 |
| iv_505 | ov_141 | 0.5000000000000016 |
| iv_510 | ov_144 | 0.5000000000000016 |
| iv_512 | ov_152 | 0.5000000000000016 |
| iv_506 | ov_019 | 0.5000000000000013 |

## Input Bit Co-occurrences

### Input Bit Co-occurrences Sorted by Co-occurrences

| Input Bits | Co-occurrences | Potential Occurrences | Output Co-occurrences | Potential Output Occurrences |
|:----------:|:--------------:|:---------------------:|:---------------------:|:----------------------------:|
| iv_505-iv_507 | 2067 | 4552 | 44 | 77 |
| iv_505-iv_510 | 2057 | 4415 | 42 | 82 |
| iv_505-iv_512 | 2049 | 4537 | 41 | 83 |
| iv_511-iv_512 | 2032 | 4321 | 39 | 74 |
| iv_505-iv_511 | 2004 | 4466 | 41 | 79 |
| iv_507-iv_511 | 1999 | 4438 | 33 | 86 |

### Input Bit Co-occurrences Sorted by Potential Occurrences

| Input Bits | Co-occurrences | Potential Occurrences | Output Co-occurrences | Potential Output Occurrences |
|:----------:|:--------------:|:---------------------:|:---------------------:|:----------------------------:|
| iv_506-iv_510 | 1946 | 4284 | 44 | 73 |
| iv_511-iv_512 | 2032 | 4321 | 39 | 74 |
| iv_510-iv_511 | 1952 | 4375 | 38 | 77 |
| iv_506-iv_511 | 1871 | 4379 | 35 | 86 |
| iv_506-iv_512 | 1951 | 4380 | 45 | 70 |
| iv_506-iv_507 | 1964 | 4405 | 34 | 92 |

### Input Bit Output Co-occurrences Sorted by Output Co-occurrences

| Input Bits | Co-occurrences | Potential Occurrences | Output Co-occurrences | Potential Output Occurrences |
|:----------:|:--------------:|:---------------------:|:---------------------:|:----------------------------:|
| iv_505-iv_506 | 1980 | 4411 | 52 | 65 |
| iv_506-iv_512 | 1951 | 4380 | 45 | 70 |
| iv_505-iv_507 | 2067 | 4552 | 44 | 77 |
| iv_506-iv_510 | 1946 | 4284 | 44 | 73 |
| iv_505-iv_510 | 2057 | 4415 | 42 | 82 |
| iv_510-iv_512 | 1995 | 4450 | 42 | 73 |

### Input Bit Output Co-occurrences Sorted by Potential Output Occurrences

| Input Bits | Co-occurrences | Potential Occurrences | Output Co-occurrences | Potential Output Occurrences |
|:----------:|:--------------:|:---------------------:|:---------------------:|:----------------------------:|
| iv_505-iv_506 | 1980 | 4411 | 52 | 65 |
| iv_506-iv_512 | 1951 | 4380 | 45 | 70 |
| iv_506-iv_510 | 1946 | 4284 | 44 | 73 |
| iv_510-iv_512 | 1995 | 4450 | 42 | 73 |
| iv_511-iv_512 | 2032 | 4321 | 39 | 74 |
| iv_505-iv_507 | 2067 | 4552 | 44 | 77 |

## Output Bits

### Output Bits in Regular Order

| Rank | Output Bit | Complexity |
|:----:|:----------:|:----------:|
| 1 | ov_001 | 2.488803828512157 × 10^296 |
| 2 | ov_002 | 2.175326649191613 × 10^296 |
| 3 | ov_003 | 1.890094282142235 × 10^296 |
| 4 | ov_004 | 1.6318046199760185 × 10^296 |
| 5 | ov_005 | 1.3992269071264823 × 10^296 |
| 6 | ov_006 | 1.191196652944436 × 10^296 |
| 7 | ov_007 | 1.0066112171240877 × 10^296 |
| 8 | ov_008 | 8.44425991369092 × 10^295 |
| 9 | ov_009 | 7.027131343860371 × 10^295 |
| 10 | ov_010 | 5.796461647397735 × 10^295 |
| 11 | ov_011 | 4.734954417824003 × 10^295 |
| 12 | ov_012 | 3.82624336421905 × 10^295 |
| 13 | ov_013 | 3.0548603441313995 × 10^295 |
| 14 | ov_014 | 2.406209183344364 × 10^295 |
| 15 | ov_015 | 1.8665447784520266 × 10^295 |
| 16 | ov_016 | 1.422956963901933 × 10^295 |
| 17 | ov_017 | 1.0633585182660539 × 10^295 |
| 18 | ov_018 | 7.76476589945119 × 10^294 |
| 19 | ov_019 | 5.5184683685866374 × 10^294 |
| 20 | ov_020 | 3.798096413579744 × 10^294 |
| 21 | ov_021 | 2.5150782822725713 × 10^294 |
| 22 | ov_022 | 1.58885380236232 × 10^294 |
| 23 | ov_023 | 9.468673140188261 × 10^293 |
| 24 | ov_024 | 5.245635282118991 × 10^293 |
| 25 | ov_025 | 2.6538493900597285 × 10^293 |
| 26 | ov_026 | 1.2077026857970982 × 10^293 |
| 27 | ov_027 | 5.015363115398501 × 10^292 |
| 28 | ov_028 | 2.0964144325654287 × 10^292 |
| 29 | ov_029 | 8.625780307958075 × 10^291 |
| 30 | ov_030 | 2.8492298771593463 × 10^291 |
| 31 | ov_031 | 6.885800499873527 × 10^290 |
| 32 | lv_80_m31 | 1.6636056295181305 × 10^290 |
| 33 | ov_033 | 2.007716816950312 × 10^291 |
| 34 | ov_034 | 1.73781226464349 × 10^291 |
| 35 | ov_035 | 1.496040503859409 × 10^291 |
| 36 | ov_036 | 1.2810458601988773 × 10^291 |
| 37 | ov_037 | 1.091547499114797 × 10^291 |
| 38 | ov_038 | 9.251869361466207 × 10^290 |
| 39 | ov_039 | 7.797305746814192 × 10^290 |
| 40 | ov_040 | 6.5306195657859625 × 10^290 |
| 41 | ov_041 | 5.4317512644602136 × 10^290 |
| 42 | ov_042 | 4.481690127957795 × 10^290 |
| 43 | ov_043 | 3.662427218898514 × 10^290 |
| 44 | ov_044 | 2.956916397676986 × 10^290 |
| 45 | ov_045 | 2.3490424477343607 × 10^290 |
| 46 | ov_046 | 1.8309769217942132 × 10^290 |
| 47 | ov_047 | 1.3953382928793466 × 10^290 |
| 48 | ov_048 | 1.0351830220058055 × 10^290 |
| 49 | ov_049 | 7.43998717978714 × 10^289 |
| 50 | ov_050 | 5.156990419909034 × 10^289 |
| 51 | ov_051 | 3.446200392292236 × 10^289 |
| 52 | ov_052 | 2.2069171032834389 × 10^289 |
| 53 | ov_053 | 1.3467945647418921 × 10^289 |
| 54 | ov_054 | 7.8182515613563 × 10^288 |
| 55 | ov_055 | 4.363311374496775 × 10^288 |
| 56 | ov_056 | 2.429602412566862 × 10^288 |
| 57 | ov_057 | 1.4268328545139806 × 10^288 |
| 58 | ov_058 | 8.479280879599632 × 10^287 |
| 59 | ov_059 | 4.601538746537711 × 10^287 |
| 60 | ov_060 | 2.2190754137156663 × 10^287 |
| 61 | ov_061 | 9.15867409323131 × 10^286 |
| 62 | ov_062 | 3.0347523297358333 × 10^286 |
| 63 | ov_063 | 7.358260258684515 × 10^285 |
| 64 | lv_79_m31 | 1.7831303240803057 × 10^285 |
| 65 | ov_065 | 2.1120534581061395 × 10^286 |
| 66 | ov_066 | 2.1120484012527685 × 10^286 |
| 67 | ov_067 | 2.1120467624672705 × 10^286 |
| 68 | ov_068 | 1.8362155050629376 × 10^286 |
| 69 | ov_069 | 1.5866475455965084 × 10^286 |
| 70 | ov_070 | 1.3620340813349833 × 10^286 |
| 71 | ov_071 | 1.161147153313835 × 10^286 |
| 72 | ov_072 | 9.828341206886176 × 10^285 |
| 73 | ov_073 | 8.260126140238421 × 10^285 |
| 74 | ov_074 | 6.887107670279884 × 10^285 |
| 75 | ov_075 | 5.690759879232608 × 10^285 |
| 76 | ov_076 | 4.6536783063841276 × 10^285 |
| 77 | ov_077 | 3.759516122724228 × 10^285 |
| 78 | ov_078 | 3.0003567962087705 × 10^285 |
| 79 | ov_079 | 2.3618049714413776 × 10^285 |
| 80 | ov_080 | 1.830371917164822 × 10^285 |
| 81 | ov_081 | 1.3934372755520704 × 10^285 |
| 82 | ov_082 | 1.0392161622286031 × 10^285 |
| 83 | ov_083 | 7.567312056769376 × 10^284 |
| 84 | ov_084 | 5.3578911601978715 × 10^284 |
| 85 | ov_085 | 3.669613739876492 × 10^284 |
| 86 | ov_086 | 2.4156863133095398 × 10^284 |
| 87 | ov_087 | 1.516684141813975 × 10^284 |
| 88 | ov_088 | 9.004572100091333 × 10^283 |
| 89 | ov_089 | 5.020610683386035 × 10^283 |
| 90 | ov_090 | 2.6370845623010177 × 10^283 |
| 91 | ov_091 | 1.3473762375442333 × 10^283 |
| 92 | ov_092 | 7.159330370335691 × 10^282 |
| 93 | ov_093 | 3.78164863194231 × 10^282 |
| 94 | ov_094 | 1.6950888049100725 × 10^282 |
| 95 | aaa_78_28 | 5.451883090240726 × 10^281 |
| 96 | aaa_78_29 | 2.0656776369300468 × 10^281 |
| 97 | ov_097 | 2.2499391614532418 × 10^281 |
| 98 | ov_098 | 2.2498711509986575 × 10^281 |
| 99 | ov_099 | 2.2498494301455194 × 10^281 |
| 100 | ov_100 | 2.0248066279364326 × 10^281 |
| 101 | ov_101 | 1.816358985894106 × 10^281 |
| 102 | ov_102 | 1.6235938371013175 × 10^281 |
| 103 | ov_103 | 1.4456656000936558 × 10^281 |
| 104 | ov_104 | 1.2817870501258737 × 10^281 |
| 105 | ov_105 | 1.131221387881818 × 10^281 |
| 106 | ov_106 | 9.932750623658982 × 10^280 |
| 107 | ov_107 | 8.672913066144552 × 10^280 |
| 108 | ov_108 | 7.526443464426079 × 10^280 |
| 109 | ov_109 | 6.487342437353602 × 10^280 |
| 110 | ov_110 | 5.549823368344969 × 10^280 |
| 111 | ov_111 | 4.708272413959362 × 10^280 |
| 112 | ov_112 | 3.9572137572673057 × 10^280 |
| 113 | ov_113 | 3.2912797508812497 × 10^280 |
| 114 | ov_114 | 2.705185597986917 × 10^280 |
| 115 | ov_115 | 2.193708222138195 × 10^280 |
| 116 | ov_116 | 1.7516689781943467 × 10^280 |
| 117 | ov_117 | 1.3739198577932872 × 10^280 |
| 118 | ov_118 | 1.0553328433495483 × 10^280 |
| 119 | ov_119 | 7.907920648952294 × 10^279 |
| 120 | ov_120 | 5.751884142407362 × 10^279 |
| 121 | ov_121 | 4.03416271003404 × 10^279 |
| 122 | ov_122 | 2.7037183904838126 × 10^279 |
| 123 | ov_123 | 1.709523661665311 × 10^279 |
| 124 | ov_124 | 1.0005568969986496 × 10^279 |
| 125 | ov_125 | 5.257993824925597 × 10^278 |
| 126 | ov_126 | 2.3423359974110363 × 10^278 |
| 127 | aaa_77_28 | 7.484241266333829 × 10^277 |
| 128 | aaa_77_29 | 2.8071359992669414 × 10^277 |
| 129 | ov_129 | 2.5748833525493054 × 10^277 |
| 130 | ov_130 | 2.5748774082253076 × 10^277 |
| 131 | ov_131 | 2.57487549545609 × 10^277 |
| 132 | ov_132 | 2.2357537943943966 × 10^277 |
| 133 | ov_133 | 1.9291891635565497 × 10^277 |
| 134 | ov_134 | 1.6537417681417283 × 10^277 |
| 135 | ov_135 | 1.408054285113022 × 10^277 |
| 136 | ov_136 | 1.190845753714327 × 10^277 |
| 137 | ov_137 | 9.997621683824811 × 10^276 |
| 138 | ov_138 | 8.325775456488635 × 10^276 |
| 139 | ov_139 | 6.871861345075364 × 10^276 |
| 140 | ov_140 | 5.615957488538214 × 10^276 |
| 141 | ov_141 | 4.539221277865838 × 10^276 |
| 142 | ov_142 | 3.623842126524426 × 10^276 |
| 143 | ov_143 | 2.853002288725344 × 10^276 |
| 144 | ov_144 | 2.21084473236556 × 10^276 |
| 145 | ov_145 | 1.6824472562282757 × 10^276 |
| 146 | ov_146 | 1.2538021090233349 × 10^276 |
| 147 | ov_147 | 9.118003212740666 × 10^275 |
| 148 | ov_148 | 6.442199713391249 × 10^275 |
| 149 | ov_149 | 4.397176740911299 × 10^275 |
| 150 | ov_150 | 2.87822647925822 × 10^275 |
| 151 | ov_151 | 1.789327828816281 × 10^275 |
| 152 | ov_152 | 1.043121997291528 × 10^275 |
| 153 | ov_153 | 5.608985695382948 × 10^274 |
| 154 | ov_154 | 2.7258829609543408 × 10^274 |
| 155 | ov_155 | 1.1675960856286108 × 10^274 |
| 156 | aaa_76_25 | 4.0616988074222026 × 10^273 |
| 157 | aaa_76_26 | 2.5012826440244436 × 10^273 |
| 158 | aaa_76_27 | 1.372594857875707 × 10^273 |
| 159 | aaa_76_28 | 6.475055412490855 × 10^272 |
| 160 | aaa_76_29 | 2.4407542316326444 × 10^272 |

### Output Bits Sorted by Complexity

| Rank | Output Bit | Complexity |
|:----:|:----------:|:----------:|
| 160 | aaa_76_29 | 2.4407542316326444 × 10^272 |
| 159 | aaa_76_28 | 6.475055412490855 × 10^272 |
| 158 | aaa_76_27 | 1.372594857875707 × 10^273 |
| 157 | aaa_76_26 | 2.5012826440244436 × 10^273 |
| 156 | aaa_76_25 | 4.0616988074222026 × 10^273 |
| 155 | ov_155 | 1.1675960856286108 × 10^274 |
| 154 | ov_154 | 2.7258829609543408 × 10^274 |
| 153 | ov_153 | 5.608985695382948 × 10^274 |
| 152 | ov_152 | 1.043121997291528 × 10^275 |
| 151 | ov_151 | 1.789327828816281 × 10^275 |
| 150 | ov_150 | 2.87822647925822 × 10^275 |
| 149 | ov_149 | 4.397176740911299 × 10^275 |
| 148 | ov_148 | 6.442199713391249 × 10^275 |
| 147 | ov_147 | 9.118003212740666 × 10^275 |
| 146 | ov_146 | 1.2538021090233349 × 10^276 |
| 145 | ov_145 | 1.6824472562282757 × 10^276 |
| 144 | ov_144 | 2.21084473236556 × 10^276 |
| 143 | ov_143 | 2.853002288725344 × 10^276 |
| 142 | ov_142 | 3.623842126524426 × 10^276 |
| 141 | ov_141 | 4.539221277865838 × 10^276 |
| 140 | ov_140 | 5.615957488538214 × 10^276 |
| 139 | ov_139 | 6.871861345075364 × 10^276 |
| 138 | ov_138 | 8.325775456488635 × 10^276 |
| 137 | ov_137 | 9.997621683824811 × 10^276 |
| 136 | ov_136 | 1.190845753714327 × 10^277 |
| 135 | ov_135 | 1.408054285113022 × 10^277 |
| 134 | ov_134 | 1.6537417681417283 × 10^277 |
| 133 | ov_133 | 1.9291891635565497 × 10^277 |
| 132 | ov_132 | 2.2357537943943966 × 10^277 |
| 131 | ov_131 | 2.57487549545609 × 10^277 |
| 130 | ov_130 | 2.5748774082253076 × 10^277 |
| 129 | ov_129 | 2.5748833525493054 × 10^277 |
| 128 | aaa_77_29 | 2.8071359992669414 × 10^277 |
| 127 | aaa_77_28 | 7.484241266333829 × 10^277 |
| 126 | ov_126 | 2.3423359974110363 × 10^278 |
| 125 | ov_125 | 5.257993824925597 × 10^278 |
| 124 | ov_124 | 1.0005568969986496 × 10^279 |
| 123 | ov_123 | 1.709523661665311 × 10^279 |
| 122 | ov_122 | 2.7037183904838126 × 10^279 |
| 121 | ov_121 | 4.03416271003404 × 10^279 |
| 120 | ov_120 | 5.751884142407362 × 10^279 |
| 119 | ov_119 | 7.907920648952294 × 10^279 |
| 118 | ov_118 | 1.0553328433495483 × 10^280 |
| 117 | ov_117 | 1.3739198577932872 × 10^280 |
| 116 | ov_116 | 1.7516689781943467 × 10^280 |
| 115 | ov_115 | 2.193708222138195 × 10^280 |
| 114 | ov_114 | 2.705185597986917 × 10^280 |
| 113 | ov_113 | 3.2912797508812497 × 10^280 |
| 112 | ov_112 | 3.9572137572673057 × 10^280 |
| 111 | ov_111 | 4.708272413959362 × 10^280 |
| 110 | ov_110 | 5.549823368344969 × 10^280 |
| 109 | ov_109 | 6.487342437353602 × 10^280 |
| 108 | ov_108 | 7.526443464426079 × 10^280 |
| 107 | ov_107 | 8.672913066144552 × 10^280 |
| 106 | ov_106 | 9.932750623658982 × 10^280 |
| 105 | ov_105 | 1.131221387881818 × 10^281 |
| 104 | ov_104 | 1.2817870501258737 × 10^281 |
| 103 | ov_103 | 1.4456656000936558 × 10^281 |
| 102 | ov_102 | 1.6235938371013175 × 10^281 |
| 101 | ov_101 | 1.816358985894106 × 10^281 |
| 100 | ov_100 | 2.0248066279364326 × 10^281 |
| 96 | aaa_78_29 | 2.0656776369300468 × 10^281 |
| 99 | ov_099 | 2.2498494301455194 × 10^281 |
| 98 | ov_098 | 2.2498711509986575 × 10^281 |
| 97 | ov_097 | 2.2499391614532418 × 10^281 |
| 95 | aaa_78_28 | 5.451883090240726 × 10^281 |
| 94 | ov_094 | 1.6950888049100725 × 10^282 |
| 93 | ov_093 | 3.78164863194231 × 10^282 |
| 92 | ov_092 | 7.159330370335691 × 10^282 |
| 91 | ov_091 | 1.3473762375442333 × 10^283 |
| 90 | ov_090 | 2.6370845623010177 × 10^283 |
| 89 | ov_089 | 5.020610683386035 × 10^283 |
| 88 | ov_088 | 9.004572100091333 × 10^283 |
| 87 | ov_087 | 1.516684141813975 × 10^284 |
| 86 | ov_086 | 2.4156863133095398 × 10^284 |
| 85 | ov_085 | 3.669613739876492 × 10^284 |
| 84 | ov_084 | 5.3578911601978715 × 10^284 |
| 83 | ov_083 | 7.567312056769376 × 10^284 |
| 82 | ov_082 | 1.0392161622286031 × 10^285 |
| 81 | ov_081 | 1.3934372755520704 × 10^285 |
| 64 | lv_79_m31 | 1.7831303240803057 × 10^285 |
| 80 | ov_080 | 1.830371917164822 × 10^285 |
| 79 | ov_079 | 2.3618049714413776 × 10^285 |
| 78 | ov_078 | 3.0003567962087705 × 10^285 |
| 77 | ov_077 | 3.759516122724228 × 10^285 |
| 76 | ov_076 | 4.6536783063841276 × 10^285 |
| 75 | ov_075 | 5.690759879232608 × 10^285 |
| 74 | ov_074 | 6.887107670279884 × 10^285 |
| 63 | ov_063 | 7.358260258684515 × 10^285 |
| 73 | ov_073 | 8.260126140238421 × 10^285 |
| 72 | ov_072 | 9.828341206886176 × 10^285 |
| 71 | ov_071 | 1.161147153313835 × 10^286 |
| 70 | ov_070 | 1.3620340813349833 × 10^286 |
| 69 | ov_069 | 1.5866475455965084 × 10^286 |
| 68 | ov_068 | 1.8362155050629376 × 10^286 |
| 67 | ov_067 | 2.1120467624672705 × 10^286 |
| 66 | ov_066 | 2.1120484012527685 × 10^286 |
| 65 | ov_065 | 2.1120534581061395 × 10^286 |
| 62 | ov_062 | 3.0347523297358333 × 10^286 |
| 61 | ov_061 | 9.15867409323131 × 10^286 |
| 60 | ov_060 | 2.2190754137156663 × 10^287 |
| 59 | ov_059 | 4.601538746537711 × 10^287 |
| 58 | ov_058 | 8.479280879599632 × 10^287 |
| 57 | ov_057 | 1.4268328545139806 × 10^288 |
| 56 | ov_056 | 2.429602412566862 × 10^288 |
| 55 | ov_055 | 4.363311374496775 × 10^288 |
| 54 | ov_054 | 7.8182515613563 × 10^288 |
| 53 | ov_053 | 1.3467945647418921 × 10^289 |
| 52 | ov_052 | 2.2069171032834389 × 10^289 |
| 51 | ov_051 | 3.446200392292236 × 10^289 |
| 50 | ov_050 | 5.156990419909034 × 10^289 |
| 49 | ov_049 | 7.43998717978714 × 10^289 |
| 48 | ov_048 | 1.0351830220058055 × 10^290 |
| 47 | ov_047 | 1.3953382928793466 × 10^290 |
| 32 | lv_80_m31 | 1.6636056295181305 × 10^290 |
| 46 | ov_046 | 1.8309769217942132 × 10^290 |
| 45 | ov_045 | 2.3490424477343607 × 10^290 |
| 44 | ov_044 | 2.956916397676986 × 10^290 |
| 43 | ov_043 | 3.662427218898514 × 10^290 |
| 42 | ov_042 | 4.481690127957795 × 10^290 |
| 41 | ov_041 | 5.4317512644602136 × 10^290 |
| 40 | ov_040 | 6.5306195657859625 × 10^290 |
| 31 | ov_031 | 6.885800499873527 × 10^290 |
| 39 | ov_039 | 7.797305746814192 × 10^290 |
| 38 | ov_038 | 9.251869361466207 × 10^290 |
| 37 | ov_037 | 1.091547499114797 × 10^291 |
| 36 | ov_036 | 1.2810458601988773 × 10^291 |
| 35 | ov_035 | 1.496040503859409 × 10^291 |
| 34 | ov_034 | 1.73781226464349 × 10^291 |
| 33 | ov_033 | 2.007716816950312 × 10^291 |
| 30 | ov_030 | 2.8492298771593463 × 10^291 |
| 29 | ov_029 | 8.625780307958075 × 10^291 |
| 28 | ov_028 | 2.0964144325654287 × 10^292 |
| 27 | ov_027 | 5.015363115398501 × 10^292 |
| 26 | ov_026 | 1.2077026857970982 × 10^293 |
| 25 | ov_025 | 2.6538493900597285 × 10^293 |
| 24 | ov_024 | 5.245635282118991 × 10^293 |
| 23 | ov_023 | 9.468673140188261 × 10^293 |
| 22 | ov_022 | 1.58885380236232 × 10^294 |
| 21 | ov_021 | 2.5150782822725713 × 10^294 |
| 20 | ov_020 | 3.798096413579744 × 10^294 |
| 19 | ov_019 | 5.5184683685866374 × 10^294 |
| 18 | ov_018 | 7.76476589945119 × 10^294 |
| 17 | ov_017 | 1.0633585182660539 × 10^295 |
| 16 | ov_016 | 1.422956963901933 × 10^295 |
| 15 | ov_015 | 1.8665447784520266 × 10^295 |
| 14 | ov_014 | 2.406209183344364 × 10^295 |
| 13 | ov_013 | 3.0548603441313995 × 10^295 |
| 12 | ov_012 | 3.82624336421905 × 10^295 |
| 11 | ov_011 | 4.734954417824003 × 10^295 |
| 10 | ov_010 | 5.796461647397735 × 10^295 |
| 9 | ov_009 | 7.027131343860371 × 10^295 |
| 8 | ov_008 | 8.44425991369092 × 10^295 |
| 7 | ov_007 | 1.0066112171240877 × 10^296 |
| 6 | ov_006 | 1.191196652944436 × 10^296 |
| 5 | ov_005 | 1.3992269071264823 × 10^296 |
| 4 | ov_004 | 1.6318046199760185 × 10^296 |
| 3 | ov_003 | 1.890094282142235 × 10^296 |
| 2 | ov_002 | 2.175326649191613 × 10^296 |
| 1 | ov_001 | 2.488803828512157 × 10^296 |

