# Results for F001-F002-F003-F004-F005-F006-F007-F008-F009-F010-F011-F012-F013-F014-F015-F016-F017-F018-F019-F020-F021-F022-F023-F024-F025-F026-F027-F028-F029-F030-F031-F032-F033-F034-F035-F036-F037-F038-F039-F040-F041-F042-F043-F044-F045-F046-F047-F048-F049-F050-F051-F052-F053-F054-F055-F056-F057-F058-F059-F060-F061-F062-F063-F064-F065-F066-F067-F068-F069-F070-F071-F072-F073-F074-F075-F076-F077-F078-F079-F080-F081-F082-F083-F084-F085-F086-F087-F088-F089-F090-F091-F092-F093-F094-F095-F096-F097-F098-F099-F100-F101-F102-F103-F104-F105-F106-F107-F108-F109-F110-F111-F112-F113-F114-F115-F116-F117-F118-F119-F120-F121-F122-F123-F124-F125-F126-F127-F128-F129-F130-F131-F132-F133-F134-F135-F136-F137-F138-F139-F140-F141-F142-F143-F144-F145-F146-F147-F148-F149-F150-F151-F152-F153-F154-F155-F156-F157-F158-F159-F160-F161-F162-F163-F164-F165-F166-F167-F168-F169-F170-F171-F172-F173-F174-F175-F176-F177-F178-F179-F180-F181-F182-F183-F184-F185-F186-F187-F188-F189-F190-F191-F192-F193-F194-F195-F196-F197-F198-F199-F200-F201-F202-F203-F204-F205-F206-F207-F208-F209-F210-F211-F212-F213-F214-F215-F216-F217-F218-F219-F220-F221-F222-F223-F224-F225-F226-F227-F228-F229-F230-F231-F232-F233-F234-F235-F236-F237-F238-F239-F240-F241-F242-F243-F244-F245-F246-F247-F248-F249-F250-F251-F252-F253-F254-F255-F256-F257-F258-F259-F260-F261-F262-F263-F264-F265-F266-F267-F268-F269-F270-F271-F272-F273-F274-F275-F276-F277-F278-F279-F280-F281-F282-F283-F284-F285-F286-F287-F288-F289-F290-F291-F292-F293-F294-F295-F296-F297-F298-F299-F300-F301-F302-F303-F304-F305-F306-F307-F308-F309-F310-F311-F312-F313-F314-F315-F316-F317-F318-F319-F320-F321-F322-F323-F324-F325-F326-F327-F328-F329-F330-F331-F332-F333-F334-F335-F336-F337-F338-F339-F340-F341-F342-F343-F344-F345-F346-F347-F348-F349-F350-F351-F352-F353-F354-F355-F356-F357-F358-F359-F360-F361-F362-F363-F364-F365-F366-F367-F368-F369-F370-F371-F372-F373-F374-F375-F376-F377-F378-F379-F380-F381-F382-F383-F384-F385-F386-F387-F388-F389-F390-F391-F392-F393-F394-F395-F396-F397-F398-F399-F400-F401-F402-F403-F404-F405-F406-F407-F408-F409-F410-F411-F412-F413-F414-F415-F416-F417-F418-F419-F420-F421-F422-F423-F424-F425-F426-F427-F428-F429-F430-F431-F432-F433-F434-F435-F436-F437-F438-F439-F440-F441-F442-F443-F444-F445-F446-F447-F448-F449-F450-F451-F452-F453-F454-F455-F456-F457-F458-F459-F460-F461-F462-F463-F464-F465-F466-F467-F468-F469-F470-F471-F472-F473-F474-F475-F476-F477-F478-F479-F480-F481-F482-F483-F484-F485-F486-F487-F488-F489-F490-F491-F492-F493-F494-F495-F496-F497-F498-F499-F500-F501-F502-F503-F504-F505-T512

## Summary

Number of input bits: 512  
Number of free input bits: 6  
Number of output bits: 160

Number of direct occurrences: 25483  
Number of assignments: 30681  
Number of operations: 12133625
(xor: 12101002,
and: 19833,
or: 12790)

Total complexity: 4.231482502392281 × 10^304

Least occurring input variable: iv_511 (4144)  
Most occurring input variable: iv_509 (4301)

Most co-occurring input variables: iv_507-iv_508 (2128)  
Least co-occurring input variables: iv_508-iv_511 (1958)

Potentially most occurring input variable: iv_508/iv_510 (4553)  
Potentially least occurring input variable: iv_507/iv_508 (4310)

Least output occurring input variable: iv_506 (77)  
Most output occurring input variable: iv_508 (90)

Most output co-occurring input variables: iv_507-iv_511 (52)  
Least output co-occurring input variables: iv_509-iv_510 (33)

Potentially most output occurring input variable: iv_509/iv_510 (102)  
Potentially least output occurring input variable: iv_507/iv_511 (62)

Least complex input bit: iv_506 (2.0778653111182043 × 10^303)  
Most complex input bit: iv_510 (1.4483444963161 × 10^304)

Least complex output bit: aaa_76_29 (8.913138360542718 × 10^278)  
Most complex output bit: ov_001 (6.559280538989564 × 10^303)

Least complex input/output complexity: iv_506/aaa_76_29 (4.376787804770121 × 10^277)  
Most complex input/output complexity: iv_510/ov_001 (2.2450991734145 × 10^303)

Input variable with highest collision probability: iv_508 (½^160.00000000000054)

## Input Bits

### Input Bits in Regular Order

| Input Bit | Complexity | Occurrences | Output Occurrences | Collision Probability |
|:---------:|:----------:|:-----------:|:------------------:|:---------------------:|
| iv_506 | 2.0778653111182043 × 10^303 | 4237 | 77 | ½^160.00000000000074 |
| iv_507 | 3.913739726798964 × 10^303 | 4282 | 81 | ½^160.00000000000074 |
| iv_508 | 6.535721384428213 × 10^303 | 4284 | 90 | ½^160.00000000000054 |
| iv_509 | 1.0033687425218339 × 10^304 | 4301 | 81 | ½^160.00000000000082 |
| iv_510 | 1.4483444963161 × 10^304 | 4235 | 87 | ½^160.00000000000088 |
| iv_511 | 5.270366213198103 × 10^303 | 4144 | 85 | ½^160.00000000000065 |

### Input Bits Sorted by Complexity

| Input Bit | Complexity | Occurrences | Output Occurrences | Collision Probability |
|:---------:|:----------:|:-----------:|:------------------:|:---------------------:|
| iv_506 | 2.0778653111182043 × 10^303 | 4237 | 77 | ½^160.00000000000074 |
| iv_507 | 3.913739726798964 × 10^303 | 4282 | 81 | ½^160.00000000000074 |
| iv_511 | 5.270366213198103 × 10^303 | 4144 | 85 | ½^160.00000000000065 |
| iv_508 | 6.535721384428213 × 10^303 | 4284 | 90 | ½^160.00000000000054 |
| iv_509 | 1.0033687425218339 × 10^304 | 4301 | 81 | ½^160.00000000000082 |
| iv_510 | 1.4483444963161 × 10^304 | 4235 | 87 | ½^160.00000000000088 |

### Input Bits Sorted by Occurrences

| Input Bit | Complexity | Occurrences | Output Occurrences | Collision Probability |
|:---------:|:----------:|:-----------:|:------------------:|:---------------------:|
| iv_511 | 5.270366213198103 × 10^303 | 4144 | 85 | ½^160.00000000000065 |
| iv_510 | 1.4483444963161 × 10^304 | 4235 | 87 | ½^160.00000000000088 |
| iv_506 | 2.0778653111182043 × 10^303 | 4237 | 77 | ½^160.00000000000074 |
| iv_507 | 3.913739726798964 × 10^303 | 4282 | 81 | ½^160.00000000000074 |
| iv_508 | 6.535721384428213 × 10^303 | 4284 | 90 | ½^160.00000000000054 |
| iv_509 | 1.0033687425218339 × 10^304 | 4301 | 81 | ½^160.00000000000082 |

### Input Bits Sorted by Output Occurrences

| Input Bit | Complexity | Occurrences | Output Occurrences | Collision Probability |
|:---------:|:----------:|:-----------:|:------------------:|:---------------------:|
| iv_506 | 2.0778653111182043 × 10^303 | 4237 | 77 | ½^160.00000000000074 |
| iv_507 | 3.913739726798964 × 10^303 | 4282 | 81 | ½^160.00000000000074 |
| iv_509 | 1.0033687425218339 × 10^304 | 4301 | 81 | ½^160.00000000000082 |
| iv_511 | 5.270366213198103 × 10^303 | 4144 | 85 | ½^160.00000000000065 |
| iv_510 | 1.4483444963161 × 10^304 | 4235 | 87 | ½^160.00000000000088 |
| iv_508 | 6.535721384428213 × 10^303 | 4284 | 90 | ½^160.00000000000054 |

### Input Bits Sorted by Collision Probability

| Input Bit | Complexity | Occurrences | Output Occurrences | Collision Probability |
|:---------:|:----------:|:-----------:|:------------------:|:---------------------:|
| iv_508 | 6.535721384428213 × 10^303 | 4284 | 90 | ½^160.00000000000054 |
| iv_511 | 5.270366213198103 × 10^303 | 4144 | 85 | ½^160.00000000000065 |
| iv_507 | 3.913739726798964 × 10^303 | 4282 | 81 | ½^160.00000000000074 |
| iv_506 | 2.0778653111182043 × 10^303 | 4237 | 77 | ½^160.00000000000074 |
| iv_509 | 1.0033687425218339 × 10^304 | 4301 | 81 | ½^160.00000000000082 |
| iv_510 | 1.4483444963161 × 10^304 | 4235 | 87 | ½^160.00000000000088 |

## Input Bit/Output Bit Collision Probabilities

| Input Bit | Output Bit | Collision Probability |
|:---------:|:----------:|:---------------------:|
| iv_507 | ov_060 | 0.500000000000002 |
| iv_508 | ov_054 | 0.500000000000002 |
| iv_508 | ov_057 | 0.5000000000000019 |
| iv_507 | ov_003 | 0.5000000000000018 |
| iv_507 | ov_081 | 0.5000000000000018 |
| iv_507 | ov_155 | 0.5000000000000018 |

## Input Bit Co-occurrences

### Input Bit Co-occurrences Sorted by Co-occurrences

| Input Bits | Co-occurrences | Potential Occurrences | Output Co-occurrences | Potential Output Occurrences |
|:----------:|:--------------:|:---------------------:|:---------------------:|:----------------------------:|
| iv_507-iv_508 | 2128 | 4310 | 48 | 75 |
| iv_506-iv_508 | 2087 | 4347 | 42 | 83 |
| iv_506-iv_509 | 2079 | 4380 | 41 | 76 |
| iv_507-iv_509 | 2054 | 4475 | 38 | 86 |
| iv_506-iv_507 | 2038 | 4443 | 40 | 78 |
| iv_506-iv_511 | 2035 | 4311 | 41 | 80 |

### Input Bit Co-occurrences Sorted by Potential Occurrences

| Input Bits | Co-occurrences | Potential Occurrences | Output Co-occurrences | Potential Output Occurrences |
|:----------:|:--------------:|:---------------------:|:---------------------:|:----------------------------:|
| iv_507-iv_508 | 2128 | 4310 | 48 | 75 |
| iv_506-iv_511 | 2035 | 4311 | 41 | 80 |
| iv_506-iv_508 | 2087 | 4347 | 42 | 83 |
| iv_506-iv_509 | 2079 | 4380 | 41 | 76 |
| iv_506-iv_510 | 2028 | 4416 | 39 | 86 |
| iv_509-iv_511 | 2013 | 4419 | 44 | 78 |

### Input Bit Output Co-occurrences Sorted by Output Co-occurrences

| Input Bits | Co-occurrences | Potential Occurrences | Output Co-occurrences | Potential Output Occurrences |
|:----------:|:--------------:|:---------------------:|:---------------------:|:----------------------------:|
| iv_507-iv_511 | 1986 | 4454 | 52 | 62 |
| iv_507-iv_508 | 2128 | 4310 | 48 | 75 |
| iv_508-iv_510 | 1983 | 4553 | 47 | 83 |
| iv_508-iv_511 | 1958 | 4512 | 47 | 81 |
| iv_507-iv_510 | 2008 | 4501 | 46 | 76 |
| iv_508-iv_509 | 2024 | 4537 | 44 | 83 |

### Input Bit Output Co-occurrences Sorted by Potential Output Occurrences

| Input Bits | Co-occurrences | Potential Occurrences | Output Co-occurrences | Potential Output Occurrences |
|:----------:|:--------------:|:---------------------:|:---------------------:|:----------------------------:|
| iv_507-iv_511 | 1986 | 4454 | 52 | 62 |
| iv_507-iv_508 | 2128 | 4310 | 48 | 75 |
| iv_507-iv_510 | 2008 | 4501 | 46 | 76 |
| iv_506-iv_509 | 2079 | 4380 | 41 | 76 |
| iv_506-iv_507 | 2038 | 4443 | 40 | 78 |
| iv_509-iv_511 | 2013 | 4419 | 44 | 78 |

## Output Bits

### Output Bits in Regular Order

| Rank | Output Bit | Complexity |
|:----:|:----------:|:----------:|
| 1 | ov_001 | 6.559280538989564 × 10^303 |
| 2 | ov_002 | 5.741740713561783 × 10^303 |
| 3 | ov_003 | 4.996654158517369 × 10^303 |
| 4 | ov_004 | 4.320578948435003 × 10^303 |
| 5 | ov_005 | 3.710260211983795 × 10^303 |
| 6 | ov_006 | 3.1626168265935 × 10^303 |
| 7 | ov_007 | 2.6747299200543614 × 10^303 |
| 8 | ov_008 | 2.2438329516442996 × 10^303 |
| 9 | ov_009 | 1.8673031573931786 × 10^303 |
| 10 | ov_010 | 1.5402979152295576 × 10^303 |
| 11 | ov_011 | 1.2582294470380009 × 10^303 |
| 12 | ov_012 | 1.016755006671175 × 10^303 |
| 13 | ov_013 | 8.117687409550316 × 10^302 |
| 14 | ov_014 | 6.393950628606476 × 10^302 |
| 15 | ov_015 | 4.959833862747772 × 10^302 |
| 16 | ov_016 | 3.781040819493065 × 10^302 |
| 17 | ov_017 | 2.825455111093236 × 10^302 |
| 18 | ov_018 | 2.063119649495917 × 10^302 |
| 19 | ov_019 | 1.4662231369638355 × 10^302 |
| 20 | ov_020 | 1.0090917440760296 × 10^302 |
| 21 | ov_021 | 6.681842657867299 × 10^301 |
| 22 | ov_022 | 4.220893146256205 × 10^301 |
| 23 | ov_023 | 2.515235622990241 × 10^301 |
| 24 | ov_024 | 1.3933055767410936 × 10^301 |
| 25 | ov_025 | 7.047995219751699 × 10^300 |
| 26 | ov_026 | 3.2067034177785236 × 10^300 |
| 27 | ov_027 | 1.3312478205646076 × 10^300 |
| 28 | ov_028 | 5.562228575240018 × 10^299 |
| 29 | ov_029 | 2.287454628283236 × 10^299 |
| 30 | ov_030 | 7.550445987213479 × 10^298 |
| 31 | ov_031 | 1.8226155956922544 × 10^298 |
| 32 | lv_80_k31 | 4.396312316411432 × 10^297 |
| 33 | ov_033 | 5.265556611343766 × 10^298 |
| 34 | ov_034 | 4.546991350705956 × 10^298 |
| 35 | ov_035 | 3.904018036463949 × 10^298 |
| 36 | ov_036 | 3.332584539050691 × 10^298 |
| 37 | ov_037 | 2.828862638416052 × 10^298 |
| 38 | ov_038 | 2.3892314067281393 × 10^298 |
| 39 | ov_039 | 2.0070151010607094 × 10^298 |
| 40 | ov_040 | 1.6758881077144687 × 10^298 |
| 41 | ov_041 | 1.3898552067382726 × 10^298 |
| 42 | ov_042 | 1.1432348740296707 × 10^298 |
| 43 | ov_043 | 9.306452866258653 × 10^297 |
| 44 | ov_044 | 7.469927158638257 × 10^297 |
| 45 | ov_045 | 5.8980100981473276 × 10^297 |
| 46 | ov_046 | 4.567311704544348 × 10^297 |
| 47 | ov_047 | 3.455779220293888 × 10^297 |
| 48 | ov_048 | 2.542669932326369 × 10^297 |
| 49 | ov_049 | 1.808530096132736 × 10^297 |
| 50 | ov_050 | 1.2351791448151432 × 10^297 |
| 51 | ov_051 | 8.056983263025253 × 10^296 |
| 52 | ov_052 | 5.044228723564902 × 10^296 |
| 53 | ov_053 | 3.03766778151459 × 10^296 |
| 54 | ov_054 | 1.7863386936561445 × 10^296 |
| 55 | ov_055 | 1.0641519158412017 × 10^296 |
| 56 | ov_056 | 6.698766074215426 × 10^295 |
| 57 | ov_057 | 4.2713337089628523 × 10^295 |
| 58 | ov_058 | 2.5394470935611774 × 10^295 |
| 59 | ov_059 | 1.378884290213812 × 10^295 |
| 60 | ov_060 | 6.654263339440564 × 10^294 |
| 61 | ov_061 | 2.748552053938809 × 10^294 |
| 62 | ov_062 | 9.115017858675964 × 10^293 |
| 63 | ov_063 | 2.21219243762368 × 10^293 |
| 64 | lv_79_k31 | 5.366089120494013 × 10^292 |
| 65 | ov_065 | 6.3248836407850055 × 10^293 |
| 66 | ov_066 | 6.3248689896575896 × 10^293 |
| 67 | ov_067 | 6.324864311834762 × 10^293 |
| 68 | ov_068 | 5.505159024819932 × 10^293 |
| 69 | ov_069 | 4.761434619055456 × 10^293 |
| 70 | ov_070 | 4.090091178379892 × 10^293 |
| 71 | ov_071 | 3.4877254771320665 × 10^293 |
| 72 | ov_072 | 2.951116565003475 × 10^293 |
| 73 | ov_073 | 2.477213246620626 × 10^293 |
| 74 | ov_074 | 2.063123282737717 × 10^293 |
| 75 | ov_075 | 1.7035035005255641 × 10^293 |
| 76 | ov_076 | 1.3932878951858434 × 10^293 |
| 77 | ov_077 | 1.1276755789401203 × 10^293 |
| 78 | ov_078 | 9.021208320393789 × 10^292 |
| 79 | ov_079 | 7.123250017863145 × 10^292 |
| 80 | ov_080 | 5.542300109829439 × 10^292 |
| 81 | ov_081 | 4.2401325242257577 × 10^292 |
| 82 | ov_082 | 3.1808366109412065 × 10^292 |
| 83 | ov_083 | 2.3307877070375164 × 10^292 |
| 84 | ov_084 | 1.658625759799101 × 10^292 |
| 85 | ov_085 | 1.1352403703984205 × 10^292 |
| 86 | ov_086 | 7.466372357887688 × 10^291 |
| 87 | ov_087 | 4.6817877909780536 × 10^291 |
| 88 | ov_088 | 2.7745657638464605 × 10^291 |
| 89 | ov_089 | 1.5428874987664632 × 10^291 |
| 90 | ov_090 | 8.0718216069472 × 10^290 |
| 91 | ov_091 | 4.101153801611932 × 10^290 |
| 92 | ov_092 | 2.1658235521413496 × 10^290 |
| 93 | ov_093 | 1.1370409214171814 × 10^290 |
| 94 | ov_094 | 5.05973267729574 × 10^289 |
| 95 | aaa_78_28 | 1.615040267635665 × 10^289 |
| 96 | aaa_78_29 | 6.051115150317447 × 10^288 |
| 97 | ov_097 | 5.549099873677342 × 10^288 |
| 98 | ov_098 | 5.5490751176602496 × 10^288 |
| 99 | ov_099 | 5.549067197886763 × 10^288 |
| 100 | ov_100 | 4.800771252157423 × 10^288 |
| 101 | ov_101 | 4.1312851276561164 × 10^288 |
| 102 | ov_102 | 3.53460455531247 × 10^288 |
| 103 | ov_103 | 3.0050563793111854 × 10^288 |
| 104 | ov_104 | 2.537274096517119 × 10^288 |
| 105 | ov_105 | 2.1261765784179598 × 10^288 |
| 106 | ov_106 | 1.766949684832287 × 10^288 |
| 107 | ov_107 | 1.4550304944234116 × 10^288 |
| 108 | ov_108 | 1.1860938921454261 × 10^288 |
| 109 | ov_109 | 9.560412682510077 × 10^287 |
| 110 | ov_110 | 7.609910975192228 × 10^287 |
| 111 | ov_111 | 5.972711810101715 × 10^287 |
| 112 | ov_112 | 4.614123460027755 × 10^287 |
| 113 | ov_113 | 3.501434128910693 × 10^287 |
| 114 | ov_114 | 2.6038725076038904 × 10^287 |
| 115 | ov_115 | 1.892577561846654 × 10^287 |
| 116 | ov_116 | 1.3405760251732645 × 10^287 |
| 117 | ov_117 | 9.22766196209474 × 10^286 |
| 118 | ov_118 | 6.15906766166144 × 10^286 |
| 119 | ov_119 | 3.98609528482083 × 10^286 |
| 120 | ov_120 | 2.5133494859492133 × 10^286 |
| 121 | ov_121 | 1.563896977881321 × 10^286 |
| 122 | ov_122 | 9.792538100354834 × 10^285 |
| 123 | ov_123 | 6.193787134774968 × 10^285 |
| 124 | ov_124 | 3.626692919716534 × 10^285 |
| 125 | ov_125 | 1.9068988751616664 × 10^285 |
| 126 | ov_126 | 8.50052786474373 × 10^284 |
| 127 | aaa_77_28 | 2.7180383537416407 × 10^284 |
| 128 | aaa_77_29 | 1.0206090156945111 × 10^284 |
| 129 | ov_129 | 9.34694372739133 × 10^283 |
| 130 | ov_130 | 9.346922013186568 × 10^283 |
| 131 | ov_131 | 9.346915022892845 × 10^283 |
| 132 | ov_132 | 8.127071116558169 × 10^283 |
| 133 | ov_133 | 7.021781946676946 × 10^283 |
| 134 | ov_134 | 6.025790942860537 × 10^283 |
| 135 | ov_135 | 5.134143930769134 × 10^283 |
| 136 | ov_136 | 4.342166582181947 × 10^283 |
| 137 | ov_137 | 3.6454443606800366 × 10^283 |
| 138 | ov_138 | 3.035858976849774 × 10^283 |
| 139 | ov_139 | 2.505731951516913 × 10^283 |
| 140 | ov_140 | 2.04779978648008 × 10^283 |
| 141 | ov_141 | 1.6551929277037485 × 10^283 |
| 142 | ov_142 | 1.3214181978569949 × 10^283 |
| 143 | ov_143 | 1.0403443181273372 × 10^283 |
| 144 | ov_144 | 8.061901375564523 × 10^282 |
| 145 | ov_145 | 6.135152131651797 × 10^282 |
| 146 | ov_146 | 4.5721240891452585 × 10^282 |
| 147 | ov_147 | 3.325022061632994 × 10^282 |
| 148 | ov_148 | 2.3492844278861724 × 10^282 |
| 149 | ov_149 | 1.6035522257393206 × 10^282 |
| 150 | ov_150 | 1.0496476086843594 × 10^282 |
| 151 | ov_151 | 6.525595689906665 × 10^281 |
| 152 | ov_152 | 3.804350748116076 × 10^281 |
| 153 | ov_153 | 2.0457401230989508 × 10^281 |
| 154 | ov_154 | 9.942656736642017 × 10^280 |
| 155 | ov_155 | 3.120967453121559 × 10^280 |
| 156 | aaa_76_25 | 1.481785448674901 × 10^280 |
| 157 | aaa_76_26 | 9.12670735852605 × 10^279 |
| 158 | aaa_76_27 | 5.009512424744488 × 10^279 |
| 159 | aaa_76_28 | 2.363848682822555 × 10^279 |
| 160 | aaa_76_29 | 8.913138360542718 × 10^278 |

### Output Bits Sorted by Complexity

| Rank | Output Bit | Complexity |
|:----:|:----------:|:----------:|
| 160 | aaa_76_29 | 8.913138360542718 × 10^278 |
| 159 | aaa_76_28 | 2.363848682822555 × 10^279 |
| 158 | aaa_76_27 | 5.009512424744488 × 10^279 |
| 157 | aaa_76_26 | 9.12670735852605 × 10^279 |
| 156 | aaa_76_25 | 1.481785448674901 × 10^280 |
| 155 | ov_155 | 3.120967453121559 × 10^280 |
| 154 | ov_154 | 9.942656736642017 × 10^280 |
| 153 | ov_153 | 2.0457401230989508 × 10^281 |
| 152 | ov_152 | 3.804350748116076 × 10^281 |
| 151 | ov_151 | 6.525595689906665 × 10^281 |
| 150 | ov_150 | 1.0496476086843594 × 10^282 |
| 149 | ov_149 | 1.6035522257393206 × 10^282 |
| 148 | ov_148 | 2.3492844278861724 × 10^282 |
| 147 | ov_147 | 3.325022061632994 × 10^282 |
| 146 | ov_146 | 4.5721240891452585 × 10^282 |
| 145 | ov_145 | 6.135152131651797 × 10^282 |
| 144 | ov_144 | 8.061901375564523 × 10^282 |
| 143 | ov_143 | 1.0403443181273372 × 10^283 |
| 142 | ov_142 | 1.3214181978569949 × 10^283 |
| 141 | ov_141 | 1.6551929277037485 × 10^283 |
| 140 | ov_140 | 2.04779978648008 × 10^283 |
| 139 | ov_139 | 2.505731951516913 × 10^283 |
| 138 | ov_138 | 3.035858976849774 × 10^283 |
| 137 | ov_137 | 3.6454443606800366 × 10^283 |
| 136 | ov_136 | 4.342166582181947 × 10^283 |
| 135 | ov_135 | 5.134143930769134 × 10^283 |
| 134 | ov_134 | 6.025790942860537 × 10^283 |
| 133 | ov_133 | 7.021781946676946 × 10^283 |
| 132 | ov_132 | 8.127071116558169 × 10^283 |
| 131 | ov_131 | 9.346915022892845 × 10^283 |
| 130 | ov_130 | 9.346922013186568 × 10^283 |
| 129 | ov_129 | 9.34694372739133 × 10^283 |
| 128 | aaa_77_29 | 1.0206090156945111 × 10^284 |
| 127 | aaa_77_28 | 2.7180383537416407 × 10^284 |
| 126 | ov_126 | 8.50052786474373 × 10^284 |
| 125 | ov_125 | 1.9068988751616664 × 10^285 |
| 124 | ov_124 | 3.626692919716534 × 10^285 |
| 123 | ov_123 | 6.193787134774968 × 10^285 |
| 122 | ov_122 | 9.792538100354834 × 10^285 |
| 121 | ov_121 | 1.563896977881321 × 10^286 |
| 120 | ov_120 | 2.5133494859492133 × 10^286 |
| 119 | ov_119 | 3.98609528482083 × 10^286 |
| 118 | ov_118 | 6.15906766166144 × 10^286 |
| 117 | ov_117 | 9.22766196209474 × 10^286 |
| 116 | ov_116 | 1.3405760251732645 × 10^287 |
| 115 | ov_115 | 1.892577561846654 × 10^287 |
| 114 | ov_114 | 2.6038725076038904 × 10^287 |
| 113 | ov_113 | 3.501434128910693 × 10^287 |
| 112 | ov_112 | 4.614123460027755 × 10^287 |
| 111 | ov_111 | 5.972711810101715 × 10^287 |
| 110 | ov_110 | 7.609910975192228 × 10^287 |
| 109 | ov_109 | 9.560412682510077 × 10^287 |
| 108 | ov_108 | 1.1860938921454261 × 10^288 |
| 107 | ov_107 | 1.4550304944234116 × 10^288 |
| 106 | ov_106 | 1.766949684832287 × 10^288 |
| 105 | ov_105 | 2.1261765784179598 × 10^288 |
| 104 | ov_104 | 2.537274096517119 × 10^288 |
| 103 | ov_103 | 3.0050563793111854 × 10^288 |
| 102 | ov_102 | 3.53460455531247 × 10^288 |
| 101 | ov_101 | 4.1312851276561164 × 10^288 |
| 100 | ov_100 | 4.800771252157423 × 10^288 |
| 99 | ov_099 | 5.549067197886763 × 10^288 |
| 98 | ov_098 | 5.5490751176602496 × 10^288 |
| 97 | ov_097 | 5.549099873677342 × 10^288 |
| 96 | aaa_78_29 | 6.051115150317447 × 10^288 |
| 95 | aaa_78_28 | 1.615040267635665 × 10^289 |
| 94 | ov_094 | 5.05973267729574 × 10^289 |
| 93 | ov_093 | 1.1370409214171814 × 10^290 |
| 92 | ov_092 | 2.1658235521413496 × 10^290 |
| 91 | ov_091 | 4.101153801611932 × 10^290 |
| 90 | ov_090 | 8.0718216069472 × 10^290 |
| 89 | ov_089 | 1.5428874987664632 × 10^291 |
| 88 | ov_088 | 2.7745657638464605 × 10^291 |
| 87 | ov_087 | 4.6817877909780536 × 10^291 |
| 86 | ov_086 | 7.466372357887688 × 10^291 |
| 85 | ov_085 | 1.1352403703984205 × 10^292 |
| 84 | ov_084 | 1.658625759799101 × 10^292 |
| 83 | ov_083 | 2.3307877070375164 × 10^292 |
| 82 | ov_082 | 3.1808366109412065 × 10^292 |
| 81 | ov_081 | 4.2401325242257577 × 10^292 |
| 64 | lv_79_k31 | 5.366089120494013 × 10^292 |
| 80 | ov_080 | 5.542300109829439 × 10^292 |
| 79 | ov_079 | 7.123250017863145 × 10^292 |
| 78 | ov_078 | 9.021208320393789 × 10^292 |
| 77 | ov_077 | 1.1276755789401203 × 10^293 |
| 76 | ov_076 | 1.3932878951858434 × 10^293 |
| 75 | ov_075 | 1.7035035005255641 × 10^293 |
| 74 | ov_074 | 2.063123282737717 × 10^293 |
| 63 | ov_063 | 2.21219243762368 × 10^293 |
| 73 | ov_073 | 2.477213246620626 × 10^293 |
| 72 | ov_072 | 2.951116565003475 × 10^293 |
| 71 | ov_071 | 3.4877254771320665 × 10^293 |
| 70 | ov_070 | 4.090091178379892 × 10^293 |
| 69 | ov_069 | 4.761434619055456 × 10^293 |
| 68 | ov_068 | 5.505159024819932 × 10^293 |
| 67 | ov_067 | 6.324864311834762 × 10^293 |
| 66 | ov_066 | 6.3248689896575896 × 10^293 |
| 65 | ov_065 | 6.3248836407850055 × 10^293 |
| 62 | ov_062 | 9.115017858675964 × 10^293 |
| 61 | ov_061 | 2.748552053938809 × 10^294 |
| 60 | ov_060 | 6.654263339440564 × 10^294 |
| 59 | ov_059 | 1.378884290213812 × 10^295 |
| 58 | ov_058 | 2.5394470935611774 × 10^295 |
| 57 | ov_057 | 4.2713337089628523 × 10^295 |
| 56 | ov_056 | 6.698766074215426 × 10^295 |
| 55 | ov_055 | 1.0641519158412017 × 10^296 |
| 54 | ov_054 | 1.7863386936561445 × 10^296 |
| 53 | ov_053 | 3.03766778151459 × 10^296 |
| 52 | ov_052 | 5.044228723564902 × 10^296 |
| 51 | ov_051 | 8.056983263025253 × 10^296 |
| 50 | ov_050 | 1.2351791448151432 × 10^297 |
| 49 | ov_049 | 1.808530096132736 × 10^297 |
| 48 | ov_048 | 2.542669932326369 × 10^297 |
| 47 | ov_047 | 3.455779220293888 × 10^297 |
| 32 | lv_80_k31 | 4.396312316411432 × 10^297 |
| 46 | ov_046 | 4.567311704544348 × 10^297 |
| 45 | ov_045 | 5.8980100981473276 × 10^297 |
| 44 | ov_044 | 7.469927158638257 × 10^297 |
| 43 | ov_043 | 9.306452866258653 × 10^297 |
| 42 | ov_042 | 1.1432348740296707 × 10^298 |
| 41 | ov_041 | 1.3898552067382726 × 10^298 |
| 40 | ov_040 | 1.6758881077144687 × 10^298 |
| 31 | ov_031 | 1.8226155956922544 × 10^298 |
| 39 | ov_039 | 2.0070151010607094 × 10^298 |
| 38 | ov_038 | 2.3892314067281393 × 10^298 |
| 37 | ov_037 | 2.828862638416052 × 10^298 |
| 36 | ov_036 | 3.332584539050691 × 10^298 |
| 35 | ov_035 | 3.904018036463949 × 10^298 |
| 34 | ov_034 | 4.546991350705956 × 10^298 |
| 33 | ov_033 | 5.265556611343766 × 10^298 |
| 30 | ov_030 | 7.550445987213479 × 10^298 |
| 29 | ov_029 | 2.287454628283236 × 10^299 |
| 28 | ov_028 | 5.562228575240018 × 10^299 |
| 27 | ov_027 | 1.3312478205646076 × 10^300 |
| 26 | ov_026 | 3.2067034177785236 × 10^300 |
| 25 | ov_025 | 7.047995219751699 × 10^300 |
| 24 | ov_024 | 1.3933055767410936 × 10^301 |
| 23 | ov_023 | 2.515235622990241 × 10^301 |
| 22 | ov_022 | 4.220893146256205 × 10^301 |
| 21 | ov_021 | 6.681842657867299 × 10^301 |
| 20 | ov_020 | 1.0090917440760296 × 10^302 |
| 19 | ov_019 | 1.4662231369638355 × 10^302 |
| 18 | ov_018 | 2.063119649495917 × 10^302 |
| 17 | ov_017 | 2.825455111093236 × 10^302 |
| 16 | ov_016 | 3.781040819493065 × 10^302 |
| 15 | ov_015 | 4.959833862747772 × 10^302 |
| 14 | ov_014 | 6.393950628606476 × 10^302 |
| 13 | ov_013 | 8.117687409550316 × 10^302 |
| 12 | ov_012 | 1.016755006671175 × 10^303 |
| 11 | ov_011 | 1.2582294470380009 × 10^303 |
| 10 | ov_010 | 1.5402979152295576 × 10^303 |
| 9 | ov_009 | 1.8673031573931786 × 10^303 |
| 8 | ov_008 | 2.2438329516442996 × 10^303 |
| 7 | ov_007 | 2.6747299200543614 × 10^303 |
| 6 | ov_006 | 3.1626168265935 × 10^303 |
| 5 | ov_005 | 3.710260211983795 × 10^303 |
| 4 | ov_004 | 4.320578948435003 × 10^303 |
| 3 | ov_003 | 4.996654158517369 × 10^303 |
| 2 | ov_002 | 5.741740713561783 × 10^303 |
| 1 | ov_001 | 6.559280538989564 × 10^303 |

