# Results for F001-F002-F003-F004-F005-F006-F007-F008-F009-F010-F011-F012-F013-F014-F015-F016-F017-F018-F019-F020-F021-F022-F023-F024-F025-F026-F027-F028-F029-F030-F031-F032-F033-F034-F035-F036-F037-F038-F039-F040-F041-F042-F043-F044-F045-F046-F047-F048-F049-F050-F051-F052-F053-F054-F055-F056-F057-F058-F059-F060-F061-F062-F063-F064-F065-F066-F067-F068-F069-F070-F071-F072-F073-F074-F075-F076-F077-F078-F079-F080-F081-F082-F083-F084-F085-F086-F087-F088-F089-F090-F091-F092-F093-F094-F095-F096-F097-F098-F099-F100-F101-F102-F103-F104-F105-F106-F107-F108-F109-F110-F111-F112-F113-F114-F115-F116-F117-F118-F119-F120-F121-F122-F123-F124-F125-F126-F127-F128-F129-F130-F131-F132-F133-F134-F135-F136-F137-F138-F139-F140-F141-F142-F143-F144-F145-F146-F147-F148-F149-F150-F151-F152-F153-F154-F155-F156-F157-F158-F159-F160-F161-F162-F163-F164-F165-F166-F167-F168-F169-F170-F171-F172-F173-F174-F175-F176-F177-F178-F179-F180-F181-F182-F183-F184-F185-F186-F187-F188-F189-F190-F191-F192-F193-F194-F195-F196-F197-F198-F199-F200-F201-F202-F203-F204-F205-F206-F207-F208-F209-F210-F211-F212-F213-F214-F215-F216-F217-F218-F219-F220-F221-F222-F223-F224-F225-F226-F227-F228-F229-F230-F231-F232-F233-F234-F235-F236-F237-F238-F239-F240-F241-F242-F243-F244-F245-F246-F247-F248-F249-F250-F251-F252-F253-F254-F255-F256-F257-F258-F259-F260-F261-F262-F263-F264-F265-F266-F267-F268-F269-F270-F271-F272-F273-F274-F275-F276-F277-F278-F279-F280-F281-F282-F283-F284-F285-F286-F287-F288-F289-F290-F291-F292-F293-F294-F295-F296-F297-F298-F299-F300-F301-F302-F303-F304-F305-F306-F307-F308-F309-F310-F311-F312-F313-F314-F315-F316-F317-F318-F319-F320-F321-F322-F323-F324-F325-F326-F327-F328-F329-F330-F331-F332-F333-F334-F335-F336-F337-F338-F339-F340-F341-F342-F343-F344-F345-F346-F347-F348-F349-F350-F351-F352-F353-F354-F355-F356-F357-F358-F359-F360-F361-F362-F363-F364-F365-F366-F367-F368-F369-F370-F371-F372-F373-F374-F375-F376-F377-F378-F379-F380-F381-F382-F383-F384-F385-F386-F387-F388-F389-F390-F391-F392-F393-F394-F395-F396-F397-F398-F399-F400-F401-F402-F403-F404-F405-F406-F407-F408-F409-F410-F411-F412-F413-F414-F415-F416-F417-F418-F419-F420-F421-F422-F423-F424-F425-F426-F427-F428-F429-F430-F431-F432-F433-F434-F435-F436-F437-F438-F439-F440-F441-F442-F443-F444-F445-F446-F447-F448-F449-F450-F451-F452-F453-F454-F455-F456-F457-F458-F459-F460-F461-F462-F463-F464-F465-F466-F467-F468-F469-F470-F471-F472-F473-F474-F475-F476-F477-F478-F479-F480-F481-F482-F483-F484-F485-F486-F487-F488-F489-F490-F491-F492-F493-F494-F495-F496-F497-F498-F499-F500-F501-F502-F503-F504-E505507-E506509

## Summary

Number of input bits: 512  
Number of free input bits: 6  
Number of output bits: 160

Number of direct occurrences: 25156  
Number of assignments: 30619  
Number of operations: 10909375
(xor: 10879154,
and: 17372,
or: 12849)

Total complexity: 1.6509301430191517 × 10^297

Least occurring input variable: iv_508 (4043)  
Most occurring input variable: iv_505 (4323)

Most co-occurring input variables: iv_511-iv_512 (2032)  
Least co-occurring input variables: iv_506-iv_510 (1899)

Potentially most occurring input variable: iv_505/iv_512 (4648)  
Potentially least occurring input variable: iv_511/iv_512 (4323)

Least output occurring input variable: iv_508 (70)  
Most output occurring input variable: iv_505 (85)

Most output co-occurring input variables: iv_510-iv_512 (42)  
Least output co-occurring input variables: iv_508-iv_512 (29)

Potentially most output occurring input variable: iv_508/iv_512 (90)  
Potentially least output occurring input variable: iv_505/iv_508 (71)

Least complex input bit: iv_505 (1.642847033707472 × 10^296)  
Most complex input bit: iv_510 (4.8784857982932845 × 10^296)

Least complex output bit: aaa_76_29 (2.5129429958881143 × 10^272)  
Most complex output bit: ov_001 (2.5714409364082156 × 10^296)

Least complex input/output complexity: iv_505/aaa_76_29 (2.5006393905443803 × 10^271)  
Most complex input/output complexity: iv_510/ov_001 (7.598588070162789 × 10^295)

Input variable with highest collision probability: iv_512 (½^160.00000000000063)

## Input Bits

### Input Bits in Regular Order

| Input Bit | Complexity | Occurrences | Output Occurrences | Collision Probability |
|:---------:|:----------:|:-----------:|:------------------:|:---------------------:|
| iv_505 | 1.642847033707472 × 10^296 | 4323 | 85 | ½^160.00000000000068 |
| iv_506 | 3.759413742906547 × 10^296 | 4239 | 74 | ½^160.00000000000097 |
| iv_508 | 2.2030015000167975 × 10^296 | 4043 | 70 | ½^160.00000000000065 |
| iv_510 | 4.8784857982932845 × 10^296 | 4164 | 79 | ½^160.00000000000077 |
| iv_511 | 1.8468230210415983 × 10^296 | 4114 | 74 | ½^160.00000000000105 |
| iv_512 | 2.178730334225817 × 10^296 | 4273 | 78 | ½^160.00000000000063 |

### Input Bits Sorted by Complexity

| Input Bit | Complexity | Occurrences | Output Occurrences | Collision Probability |
|:---------:|:----------:|:-----------:|:------------------:|:---------------------:|
| iv_505 | 1.642847033707472 × 10^296 | 4323 | 85 | ½^160.00000000000068 |
| iv_511 | 1.8468230210415983 × 10^296 | 4114 | 74 | ½^160.00000000000105 |
| iv_512 | 2.178730334225817 × 10^296 | 4273 | 78 | ½^160.00000000000063 |
| iv_508 | 2.2030015000167975 × 10^296 | 4043 | 70 | ½^160.00000000000065 |
| iv_506 | 3.759413742906547 × 10^296 | 4239 | 74 | ½^160.00000000000097 |
| iv_510 | 4.8784857982932845 × 10^296 | 4164 | 79 | ½^160.00000000000077 |

### Input Bits Sorted by Occurrences

| Input Bit | Complexity | Occurrences | Output Occurrences | Collision Probability |
|:---------:|:----------:|:-----------:|:------------------:|:---------------------:|
| iv_508 | 2.2030015000167975 × 10^296 | 4043 | 70 | ½^160.00000000000065 |
| iv_511 | 1.8468230210415983 × 10^296 | 4114 | 74 | ½^160.00000000000105 |
| iv_510 | 4.8784857982932845 × 10^296 | 4164 | 79 | ½^160.00000000000077 |
| iv_506 | 3.759413742906547 × 10^296 | 4239 | 74 | ½^160.00000000000097 |
| iv_512 | 2.178730334225817 × 10^296 | 4273 | 78 | ½^160.00000000000063 |
| iv_505 | 1.642847033707472 × 10^296 | 4323 | 85 | ½^160.00000000000068 |

### Input Bits Sorted by Output Occurrences

| Input Bit | Complexity | Occurrences | Output Occurrences | Collision Probability |
|:---------:|:----------:|:-----------:|:------------------:|:---------------------:|
| iv_508 | 2.2030015000167975 × 10^296 | 4043 | 70 | ½^160.00000000000065 |
| iv_506 | 3.759413742906547 × 10^296 | 4239 | 74 | ½^160.00000000000097 |
| iv_511 | 1.8468230210415983 × 10^296 | 4114 | 74 | ½^160.00000000000105 |
| iv_512 | 2.178730334225817 × 10^296 | 4273 | 78 | ½^160.00000000000063 |
| iv_510 | 4.8784857982932845 × 10^296 | 4164 | 79 | ½^160.00000000000077 |
| iv_505 | 1.642847033707472 × 10^296 | 4323 | 85 | ½^160.00000000000068 |

### Input Bits Sorted by Collision Probability

| Input Bit | Complexity | Occurrences | Output Occurrences | Collision Probability |
|:---------:|:----------:|:-----------:|:------------------:|:---------------------:|
| iv_512 | 2.178730334225817 × 10^296 | 4273 | 78 | ½^160.00000000000063 |
| iv_508 | 2.2030015000167975 × 10^296 | 4043 | 70 | ½^160.00000000000065 |
| iv_505 | 1.642847033707472 × 10^296 | 4323 | 85 | ½^160.00000000000068 |
| iv_510 | 4.8784857982932845 × 10^296 | 4164 | 79 | ½^160.00000000000077 |
| iv_506 | 3.759413742906547 × 10^296 | 4239 | 74 | ½^160.00000000000097 |
| iv_511 | 1.8468230210415983 × 10^296 | 4114 | 74 | ½^160.00000000000105 |

## Input Bit/Output Bit Collision Probabilities

| Input Bit | Output Bit | Collision Probability |
|:---------:|:----------:|:---------------------:|
| iv_510 | ov_069 | 0.5000000000000022 |
| iv_511 | ov_037 | 0.500000000000002 |
| iv_506 | ov_007 | 0.5000000000000019 |
| iv_505 | ov_142 | 0.5000000000000018 |
| iv_508 | aaa_77_29 | 0.5000000000000018 |
| iv_512 | ov_003 | 0.5000000000000018 |

## Input Bit Co-occurrences

### Input Bit Co-occurrences Sorted by Co-occurrences

| Input Bits | Co-occurrences | Potential Occurrences | Output Co-occurrences | Potential Output Occurrences |
|:----------:|:--------------:|:---------------------:|:---------------------:|:----------------------------:|
| iv_511-iv_512 | 2032 | 4323 | 39 | 74 |
| iv_505-iv_506 | 2000 | 4562 | 39 | 81 |
| iv_510-iv_512 | 1995 | 4447 | 42 | 73 |
| iv_505-iv_512 | 1974 | 4648 | 37 | 89 |
| iv_505-iv_510 | 1964 | 4559 | 38 | 88 |
| iv_506-iv_512 | 1954 | 4604 | 36 | 80 |

### Input Bit Co-occurrences Sorted by Potential Occurrences

| Input Bits | Co-occurrences | Potential Occurrences | Output Co-occurrences | Potential Output Occurrences |
|:----------:|:--------------:|:---------------------:|:---------------------:|:----------------------------:|
| iv_511-iv_512 | 2032 | 4323 | 39 | 74 |
| iv_508-iv_510 | 1933 | 4341 | 31 | 87 |
| iv_508-iv_511 | 1906 | 4345 | 35 | 74 |
| iv_510-iv_511 | 1952 | 4374 | 38 | 77 |
| iv_506-iv_508 | 1947 | 4388 | 32 | 80 |
| iv_508-iv_512 | 1944 | 4428 | 29 | 90 |

### Input Bit Output Co-occurrences Sorted by Output Co-occurrences

| Input Bits | Co-occurrences | Potential Occurrences | Output Co-occurrences | Potential Output Occurrences |
|:----------:|:--------------:|:---------------------:|:---------------------:|:----------------------------:|
| iv_505-iv_508 | 1911 | 4544 | 42 | 71 |
| iv_510-iv_512 | 1995 | 4447 | 42 | 73 |
| iv_505-iv_506 | 2000 | 4562 | 39 | 81 |
| iv_511-iv_512 | 2032 | 4323 | 39 | 74 |
| iv_505-iv_511 | 1927 | 4583 | 38 | 83 |
| iv_505-iv_510 | 1964 | 4559 | 38 | 88 |

### Input Bit Output Co-occurrences Sorted by Potential Output Occurrences

| Input Bits | Co-occurrences | Potential Occurrences | Output Co-occurrences | Potential Output Occurrences |
|:----------:|:--------------:|:---------------------:|:---------------------:|:----------------------------:|
| iv_505-iv_508 | 1911 | 4544 | 42 | 71 |
| iv_510-iv_512 | 1995 | 4447 | 42 | 73 |
| iv_508-iv_511 | 1906 | 4345 | 35 | 74 |
| iv_511-iv_512 | 2032 | 4323 | 39 | 74 |
| iv_510-iv_511 | 1952 | 4374 | 38 | 77 |
| iv_506-iv_508 | 1947 | 4388 | 32 | 80 |

## Output Bits

### Output Bits in Regular Order

| Rank | Output Bit | Complexity |
|:----:|:----------:|:----------:|
| 1 | ov_001 | 2.5714409364082156 × 10^296 |
| 2 | ov_002 | 2.247555069698242 × 10^296 |
| 3 | ov_003 | 1.9528519046076644 × 10^296 |
| 4 | ov_004 | 1.6859860838922477 × 10^296 |
| 5 | ov_005 | 1.4456859739410125 × 10^296 |
| 6 | ov_006 | 1.230748408703191 × 10^296 |
| 7 | ov_007 | 1.040034128256998 × 10^296 |
| 8 | ov_008 | 8.72463833415506 × 10^295 |
| 9 | ov_009 | 7.26045663845465 × 10^295 |
| 10 | ov_010 | 5.988924870108978 × 10^295 |
| 11 | ov_011 | 4.892172286041504 × 10^295 |
| 12 | ov_012 | 3.9532891576541765 × 10^295 |
| 13 | ov_013 | 3.156293738719249 × 10^295 |
| 14 | ov_014 | 2.486105212728625 × 10^295 |
| 15 | ov_015 | 1.9285220989134973 × 10^295 |
| 16 | ov_016 | 1.4702055813692006 × 10^295 |
| 17 | ov_017 | 1.0986671152642986 × 10^295 |
| 18 | ov_018 | 8.022595664044542 × 10^294 |
| 19 | ov_019 | 5.701711552367447 × 10^294 |
| 20 | ov_020 | 3.924215452730193 × 10^294 |
| 21 | ov_021 | 2.598594847454397 × 10^294 |
| 22 | ov_022 | 1.6416147911076875 × 10^294 |
| 23 | ov_023 | 9.783106055906403 × 10^293 |
| 24 | ov_024 | 5.4198359873749055 × 10^293 |
| 25 | ov_025 | 2.74198388932985 × 10^293 |
| 26 | ov_026 | 1.2478129717139801 × 10^293 |
| 27 | ov_027 | 5.181948232378703 × 10^292 |
| 28 | ov_028 | 2.1660539050003433 × 10^292 |
| 29 | ov_029 | 8.912343862308426 × 10^291 |
| 30 | ov_030 | 2.943896180818759 × 10^291 |
| 31 | ov_031 | 7.114608784129734 × 10^290 |
| 32 | lv_80_m31 | 1.7188917642485167 × 10^290 |
| 33 | ov_033 | 2.07445573542234 × 10^291 |
| 34 | ov_034 | 1.7955959550437367 × 10^291 |
| 35 | ov_035 | 1.5457994211700104 × 10^291 |
| 36 | ov_036 | 1.3236659231505093 × 10^291 |
| 37 | ov_037 | 1.1278725740613032 × 10^291 |
| 38 | ov_038 | 9.55983397619617 × 10^290 |
| 39 | ov_039 | 8.056913087572082 × 10^290 |
| 40 | ov_040 | 6.748101025979722 × 10^290 |
| 41 | ov_041 | 5.612676197701969 × 10^290 |
| 42 | ov_042 | 4.63099965560586 × 10^290 |
| 43 | ov_043 | 3.7844666807272534 × 10^290 |
| 44 | ov_044 | 3.0554666786882227 × 10^290 |
| 45 | ov_045 | 2.427350385960483 × 10^290 |
| 46 | ov_046 | 1.8920298308108108 × 10^290 |
| 47 | ov_047 | 1.441878631128334 × 10^290 |
| 48 | ov_048 | 1.0697228045832733 × 10^290 |
| 49 | ov_049 | 7.688337312067459 × 10^289 |
| 50 | ov_050 | 5.329229110793042 × 10^289 |
| 51 | ov_051 | 3.5613819017049814 × 10^289 |
| 52 | ov_052 | 2.2807478990895146 × 10^289 |
| 53 | ov_053 | 1.3919098598350113 × 10^289 |
| 54 | ov_054 | 8.080649946577327 × 10^288 |
| 55 | ov_055 | 4.510162363110836 × 10^288 |
| 56 | ov_056 | 2.5116770456730774 × 10^288 |
| 57 | ov_057 | 1.4752225012258346 × 10^288 |
| 58 | ov_058 | 8.768005080258723 × 10^287 |
| 59 | ov_059 | 4.759040032095831 × 10^287 |
| 60 | ov_060 | 2.2955245324786546 × 10^287 |
| 61 | ov_061 | 9.476566005481785 × 10^286 |
| 62 | ov_062 | 3.1409431653595603 × 10^286 |
| 63 | ov_063 | 7.618175514821214 × 10^285 |
| 64 | lv_79_m31 | 1.846739450118981 × 10^285 |
| 65 | ov_065 | 2.183058888956951 × 10^286 |
| 66 | ov_066 | 2.1830536863052634 × 10^286 |
| 67 | ov_067 | 2.183052000270628 × 10^286 |
| 68 | ov_068 | 1.8984600900238948 × 10^286 |
| 69 | ov_069 | 1.6407857238256952 × 10^286 |
| 70 | ov_070 | 1.4086823642434407 × 10^286 |
| 71 | ov_071 | 1.2008866484381778 × 10^286 |
| 72 | ov_072 | 1.0162127032028358 × 10^286 |
| 73 | ov_073 | 8.535469527468558 × 10^285 |
| 74 | ov_074 | 7.10860678809419 × 10^285 |
| 75 | ov_075 | 5.862478764661814 × 10^285 |
| 76 | ov_076 | 4.787852553992171 × 10^285 |
| 77 | ov_077 | 3.8679100213043516 × 10^285 |
| 78 | ov_078 | 3.0868627216845595 × 10^285 |
| 79 | ov_079 | 2.429900257346801 × 10^285 |
| 80 | ov_080 | 1.8831449937851358 × 10^285 |
| 81 | ov_081 | 1.4336127062893634 × 10^285 |
| 82 | ov_082 | 1.069178731461787 × 10^285 |
| 83 | ov_083 | 7.785492005253518 × 10^284 |
| 84 | ov_084 | 5.512369325978727 × 10^284 |
| 85 | ov_085 | 3.775415669397968 × 10^284 |
| 86 | ov_086 | 2.4853351365045096 × 10^284 |
| 87 | ov_087 | 1.5604130253930172 × 10^284 |
| 88 | ov_088 | 9.264191003646853 × 10^283 |
| 89 | ov_089 | 5.165364408610555 × 10^283 |
| 90 | ov_090 | 2.71311670125815 × 10^283 |
| 91 | ov_091 | 1.3862236375660294 × 10^283 |
| 92 | ov_092 | 7.365747335029797 × 10^282 |
| 93 | ov_093 | 3.890680653702275 × 10^282 |
| 94 | ov_094 | 1.743961380743536 × 10^282 |
| 95 | aaa_78_28 | 5.6090710126427905 × 10^281 |
| 96 | aaa_78_29 | 2.125234930477556 × 10^281 |
| 97 | ov_097 | 2.314807793206275 × 10^281 |
| 98 | ov_098 | 2.314737823180141 × 10^281 |
| 99 | ov_099 | 2.3147154765495314 × 10^281 |
| 100 | ov_100 | 2.0831842515827447 × 10^281 |
| 101 | ov_101 | 1.8687266574687697 × 10^281 |
| 102 | ov_102 | 1.6704037186571435 × 10^281 |
| 103 | ov_103 | 1.4873454774237842 × 10^281 |
| 104 | ov_104 | 1.3187420137390281 × 10^281 |
| 105 | ov_105 | 1.1638352856251133 × 10^281 |
| 106 | ov_106 | 1.0219117454321846 × 10^281 |
| 107 | ov_107 | 8.922956894468178 × 10^280 |
| 108 | ov_108 | 7.743432998923637 × 10^280 |
| 109 | ov_109 | 6.674373397225693 × 10^280 |
| 110 | ov_110 | 5.709824616859073 × 10^280 |
| 111 | ov_111 | 4.844010939847725 × 10^280 |
| 112 | ov_112 | 4.071298655059415 × 10^280 |
| 113 | ov_113 | 3.3861653408924714 × 10^280 |
| 114 | ov_114 | 2.7831738165873677 × 10^280 |
| 115 | ov_115 | 2.256950402889312 × 10^280 |
| 116 | ov_116 | 1.8021671344491865 × 10^280 |
| 117 | ov_117 | 1.4135275674128547 × 10^280 |
| 118 | ov_118 | 1.0857558262603216 × 10^280 |
| 119 | ov_119 | 8.135885342766663 × 10^279 |
| 120 | ov_120 | 5.917692721995711 × 10^279 |
| 121 | ov_121 | 4.1504520966744853 × 10^279 |
| 122 | ov_122 | 2.781653935738436 × 10^279 |
| 123 | ov_123 | 1.7587994516397303 × 10^279 |
| 124 | ov_124 | 1.0293959247735896 × 10^279 |
| 125 | ov_125 | 5.409536336691691 × 10^278 |
| 126 | ov_126 | 2.4098408771319427 × 10^278 |
| 127 | aaa_77_28 | 7.699918995022232 × 10^277 |
| 128 | aaa_77_29 | 2.8880237968397445 × 10^277 |
| 129 | ov_129 | 2.6491013204059765 × 10^277 |
| 130 | ov_130 | 2.649095199354219 × 10^277 |
| 131 | ov_131 | 2.6490932293019594 × 10^277 |
| 132 | ov_132 | 2.3001876444971783 × 10^277 |
| 133 | ov_133 | 1.984782335208809 × 10^277 |
| 134 | ov_134 | 1.701394620834318 × 10^277 |
| 135 | ov_135 | 1.4486269717497136 × 10^277 |
| 136 | ov_136 | 1.2251606656302175 × 10^277 |
| 137 | ov_137 | 1.0285728102531039 × 10^277 |
| 138 | ov_138 | 8.565725918634525 × 10^276 |
| 139 | ov_139 | 7.06993198581203 × 10^276 |
| 140 | ov_140 | 5.777848902135555 × 10^276 |
| 141 | ov_141 | 4.6700911763456477 × 10^276 |
| 142 | ov_142 | 3.728335842510817 × 10^276 |
| 143 | ov_143 | 2.9352815470289376 × 10^276 |
| 144 | ov_144 | 2.274615230732681 × 10^276 |
| 145 | ov_145 | 1.7309854644300704 × 10^276 |
| 146 | ov_146 | 1.2899814986541895 × 10^276 |
| 147 | ov_147 | 9.381171579008356 × 10^275 |
| 148 | ov_148 | 6.628187788913256 × 10^275 |
| 149 | ov_149 | 4.524164615089109 × 10^275 |
| 150 | ov_150 | 2.961379700848599 × 10^275 |
| 151 | ov_151 | 1.841046916909222 × 10^275 |
| 152 | ov_152 | 1.0732912704819114 × 10^275 |
| 153 | ov_153 | 5.771345859936776 × 10^274 |
| 154 | ov_154 | 2.804880921900626 × 10^274 |
| 155 | ov_155 | 1.2014884017771512 × 10^274 |
| 156 | aaa_76_25 | 4.179802632458266 × 10^273 |
| 157 | aaa_76_26 | 2.5742301070950076 × 10^273 |
| 158 | aaa_76_27 | 1.4127886755877107 × 10^273 |
| 159 | aaa_76_28 | 6.665591821349157 × 10^272 |
| 160 | aaa_76_29 | 2.5129429958881143 × 10^272 |

### Output Bits Sorted by Complexity

| Rank | Output Bit | Complexity |
|:----:|:----------:|:----------:|
| 160 | aaa_76_29 | 2.5129429958881143 × 10^272 |
| 159 | aaa_76_28 | 6.665591821349157 × 10^272 |
| 158 | aaa_76_27 | 1.4127886755877107 × 10^273 |
| 157 | aaa_76_26 | 2.5742301070950076 × 10^273 |
| 156 | aaa_76_25 | 4.179802632458266 × 10^273 |
| 155 | ov_155 | 1.2014884017771512 × 10^274 |
| 154 | ov_154 | 2.804880921900626 × 10^274 |
| 153 | ov_153 | 5.771345859936776 × 10^274 |
| 152 | ov_152 | 1.0732912704819114 × 10^275 |
| 151 | ov_151 | 1.841046916909222 × 10^275 |
| 150 | ov_150 | 2.961379700848599 × 10^275 |
| 149 | ov_149 | 4.524164615089109 × 10^275 |
| 148 | ov_148 | 6.628187788913256 × 10^275 |
| 147 | ov_147 | 9.381171579008356 × 10^275 |
| 146 | ov_146 | 1.2899814986541895 × 10^276 |
| 145 | ov_145 | 1.7309854644300704 × 10^276 |
| 144 | ov_144 | 2.274615230732681 × 10^276 |
| 143 | ov_143 | 2.9352815470289376 × 10^276 |
| 142 | ov_142 | 3.728335842510817 × 10^276 |
| 141 | ov_141 | 4.6700911763456477 × 10^276 |
| 140 | ov_140 | 5.777848902135555 × 10^276 |
| 139 | ov_139 | 7.06993198581203 × 10^276 |
| 138 | ov_138 | 8.565725918634525 × 10^276 |
| 137 | ov_137 | 1.0285728102531039 × 10^277 |
| 136 | ov_136 | 1.2251606656302175 × 10^277 |
| 135 | ov_135 | 1.4486269717497136 × 10^277 |
| 134 | ov_134 | 1.701394620834318 × 10^277 |
| 133 | ov_133 | 1.984782335208809 × 10^277 |
| 132 | ov_132 | 2.3001876444971783 × 10^277 |
| 131 | ov_131 | 2.6490932293019594 × 10^277 |
| 130 | ov_130 | 2.649095199354219 × 10^277 |
| 129 | ov_129 | 2.6491013204059765 × 10^277 |
| 128 | aaa_77_29 | 2.8880237968397445 × 10^277 |
| 127 | aaa_77_28 | 7.699918995022232 × 10^277 |
| 126 | ov_126 | 2.4098408771319427 × 10^278 |
| 125 | ov_125 | 5.409536336691691 × 10^278 |
| 124 | ov_124 | 1.0293959247735896 × 10^279 |
| 123 | ov_123 | 1.7587994516397303 × 10^279 |
| 122 | ov_122 | 2.781653935738436 × 10^279 |
| 121 | ov_121 | 4.1504520966744853 × 10^279 |
| 120 | ov_120 | 5.917692721995711 × 10^279 |
| 119 | ov_119 | 8.135885342766663 × 10^279 |
| 118 | ov_118 | 1.0857558262603216 × 10^280 |
| 117 | ov_117 | 1.4135275674128547 × 10^280 |
| 116 | ov_116 | 1.8021671344491865 × 10^280 |
| 115 | ov_115 | 2.256950402889312 × 10^280 |
| 114 | ov_114 | 2.7831738165873677 × 10^280 |
| 113 | ov_113 | 3.3861653408924714 × 10^280 |
| 112 | ov_112 | 4.071298655059415 × 10^280 |
| 111 | ov_111 | 4.844010939847725 × 10^280 |
| 110 | ov_110 | 5.709824616859073 × 10^280 |
| 109 | ov_109 | 6.674373397225693 × 10^280 |
| 108 | ov_108 | 7.743432998923637 × 10^280 |
| 107 | ov_107 | 8.922956894468178 × 10^280 |
| 106 | ov_106 | 1.0219117454321846 × 10^281 |
| 105 | ov_105 | 1.1638352856251133 × 10^281 |
| 104 | ov_104 | 1.3187420137390281 × 10^281 |
| 103 | ov_103 | 1.4873454774237842 × 10^281 |
| 102 | ov_102 | 1.6704037186571435 × 10^281 |
| 101 | ov_101 | 1.8687266574687697 × 10^281 |
| 100 | ov_100 | 2.0831842515827447 × 10^281 |
| 96 | aaa_78_29 | 2.125234930477556 × 10^281 |
| 99 | ov_099 | 2.3147154765495314 × 10^281 |
| 98 | ov_098 | 2.314737823180141 × 10^281 |
| 97 | ov_097 | 2.314807793206275 × 10^281 |
| 95 | aaa_78_28 | 5.6090710126427905 × 10^281 |
| 94 | ov_094 | 1.743961380743536 × 10^282 |
| 93 | ov_093 | 3.890680653702275 × 10^282 |
| 92 | ov_092 | 7.365747335029797 × 10^282 |
| 91 | ov_091 | 1.3862236375660294 × 10^283 |
| 90 | ov_090 | 2.71311670125815 × 10^283 |
| 89 | ov_089 | 5.165364408610555 × 10^283 |
| 88 | ov_088 | 9.264191003646853 × 10^283 |
| 87 | ov_087 | 1.5604130253930172 × 10^284 |
| 86 | ov_086 | 2.4853351365045096 × 10^284 |
| 85 | ov_085 | 3.775415669397968 × 10^284 |
| 84 | ov_084 | 5.512369325978727 × 10^284 |
| 83 | ov_083 | 7.785492005253518 × 10^284 |
| 82 | ov_082 | 1.069178731461787 × 10^285 |
| 81 | ov_081 | 1.4336127062893634 × 10^285 |
| 64 | lv_79_m31 | 1.846739450118981 × 10^285 |
| 80 | ov_080 | 1.8831449937851358 × 10^285 |
| 79 | ov_079 | 2.429900257346801 × 10^285 |
| 78 | ov_078 | 3.0868627216845595 × 10^285 |
| 77 | ov_077 | 3.8679100213043516 × 10^285 |
| 76 | ov_076 | 4.787852553992171 × 10^285 |
| 75 | ov_075 | 5.862478764661814 × 10^285 |
| 74 | ov_074 | 7.10860678809419 × 10^285 |
| 63 | ov_063 | 7.618175514821214 × 10^285 |
| 73 | ov_073 | 8.535469527468558 × 10^285 |
| 72 | ov_072 | 1.0162127032028358 × 10^286 |
| 71 | ov_071 | 1.2008866484381778 × 10^286 |
| 70 | ov_070 | 1.4086823642434407 × 10^286 |
| 69 | ov_069 | 1.6407857238256952 × 10^286 |
| 68 | ov_068 | 1.8984600900238948 × 10^286 |
| 67 | ov_067 | 2.183052000270628 × 10^286 |
| 66 | ov_066 | 2.1830536863052634 × 10^286 |
| 65 | ov_065 | 2.183058888956951 × 10^286 |
| 62 | ov_062 | 3.1409431653595603 × 10^286 |
| 61 | ov_061 | 9.476566005481785 × 10^286 |
| 60 | ov_060 | 2.2955245324786546 × 10^287 |
| 59 | ov_059 | 4.759040032095831 × 10^287 |
| 58 | ov_058 | 8.768005080258723 × 10^287 |
| 57 | ov_057 | 1.4752225012258346 × 10^288 |
| 56 | ov_056 | 2.5116770456730774 × 10^288 |
| 55 | ov_055 | 4.510162363110836 × 10^288 |
| 54 | ov_054 | 8.080649946577327 × 10^288 |
| 53 | ov_053 | 1.3919098598350113 × 10^289 |
| 52 | ov_052 | 2.2807478990895146 × 10^289 |
| 51 | ov_051 | 3.5613819017049814 × 10^289 |
| 50 | ov_050 | 5.329229110793042 × 10^289 |
| 49 | ov_049 | 7.688337312067459 × 10^289 |
| 48 | ov_048 | 1.0697228045832733 × 10^290 |
| 47 | ov_047 | 1.441878631128334 × 10^290 |
| 32 | lv_80_m31 | 1.7188917642485167 × 10^290 |
| 46 | ov_046 | 1.8920298308108108 × 10^290 |
| 45 | ov_045 | 2.427350385960483 × 10^290 |
| 44 | ov_044 | 3.0554666786882227 × 10^290 |
| 43 | ov_043 | 3.7844666807272534 × 10^290 |
| 42 | ov_042 | 4.63099965560586 × 10^290 |
| 41 | ov_041 | 5.612676197701969 × 10^290 |
| 40 | ov_040 | 6.748101025979722 × 10^290 |
| 31 | ov_031 | 7.114608784129734 × 10^290 |
| 39 | ov_039 | 8.056913087572082 × 10^290 |
| 38 | ov_038 | 9.55983397619617 × 10^290 |
| 37 | ov_037 | 1.1278725740613032 × 10^291 |
| 36 | ov_036 | 1.3236659231505093 × 10^291 |
| 35 | ov_035 | 1.5457994211700104 × 10^291 |
| 34 | ov_034 | 1.7955959550437367 × 10^291 |
| 33 | ov_033 | 2.07445573542234 × 10^291 |
| 30 | ov_030 | 2.943896180818759 × 10^291 |
| 29 | ov_029 | 8.912343862308426 × 10^291 |
| 28 | ov_028 | 2.1660539050003433 × 10^292 |
| 27 | ov_027 | 5.181948232378703 × 10^292 |
| 26 | ov_026 | 1.2478129717139801 × 10^293 |
| 25 | ov_025 | 2.74198388932985 × 10^293 |
| 24 | ov_024 | 5.4198359873749055 × 10^293 |
| 23 | ov_023 | 9.783106055906403 × 10^293 |
| 22 | ov_022 | 1.6416147911076875 × 10^294 |
| 21 | ov_021 | 2.598594847454397 × 10^294 |
| 20 | ov_020 | 3.924215452730193 × 10^294 |
| 19 | ov_019 | 5.701711552367447 × 10^294 |
| 18 | ov_018 | 8.022595664044542 × 10^294 |
| 17 | ov_017 | 1.0986671152642986 × 10^295 |
| 16 | ov_016 | 1.4702055813692006 × 10^295 |
| 15 | ov_015 | 1.9285220989134973 × 10^295 |
| 14 | ov_014 | 2.486105212728625 × 10^295 |
| 13 | ov_013 | 3.156293738719249 × 10^295 |
| 12 | ov_012 | 3.9532891576541765 × 10^295 |
| 11 | ov_011 | 4.892172286041504 × 10^295 |
| 10 | ov_010 | 5.988924870108978 × 10^295 |
| 9 | ov_009 | 7.26045663845465 × 10^295 |
| 8 | ov_008 | 8.72463833415506 × 10^295 |
| 7 | ov_007 | 1.040034128256998 × 10^296 |
| 6 | ov_006 | 1.230748408703191 × 10^296 |
| 5 | ov_005 | 1.4456859739410125 × 10^296 |
| 4 | ov_004 | 1.6859860838922477 × 10^296 |
| 3 | ov_003 | 1.9528519046076644 × 10^296 |
| 2 | ov_002 | 2.247555069698242 × 10^296 |
| 1 | ov_001 | 2.5714409364082156 × 10^296 |

