# Results for F001-F002-F003-F004-F005-F006-F007-F008-F009-F010-F011-F012-F013-F014-F015-F016-F017-F018-F019-F020-F021-F022-F023-F024-F025-F026-F027-F028-F029-F030-F031-F032-F033-F034-F035-F036-F037-F038-F039-F040-F041-F042-F043-F044-F045-F046-F047-F048-F049-F050-F051-F052-F053-F054-F055-F056-F057-F058-F059-F060-F061-F062-F063-F064-F065-F066-F067-F068-F069-F070-F071-F072-F073-F074-F075-F076-F077-F078-F079-F080-F081-F082-F083-F084-F085-F086-F087-F088-F089-F090-F091-F092-F093-F094-F095-F096-F097-F098-F099-F100-F101-F102-F103-F104-F105-F106-F107-F108-F109-F110-F111-F112-F113-F114-F115-F116-F117-F118-F119-F120-F121-F122-F123-F124-F125-F126-F127-F128-F129-F130-F131-F132-F133-F134-F135-F136-F137-F138-F139-F140-F141-F142-F143-F144-F145-F146-F147-F148-F149-F150-F151-F152-F153-F154-F155-F156-F157-F158-F159-F160-F161-F162-F163-F164-F165-F166-F167-F168-F169-F170-F171-F172-F173-F174-F175-F176-F177-F178-F179-F180-F181-F182-F183-F184-F185-F186-F187-F188-F189-F190-F191-F192-F193-F194-F195-F196-F197-F198-F199-F200-F201-F202-F203-F204-F205-F206-F207-F208-F209-F210-F211-F212-F213-F214-F215-F216-F217-F218-F219-F220-F221-F222-F223-F224-F225-F226-F227-F228-F229-F230-F231-F232-F233-F234-F235-F236-F237-F238-F239-F240-F241-F242-F243-F244-F245-F246-F247-F248-F249-F250-F251-F252-F253-F254-F255-F256-F257-F258-F259-F260-F261-F262-F263-F264-F265-F266-F267-F268-F269-F270-F271-F272-F273-F274-F275-F276-F277-F278-F279-F280-F281-F282-F283-F284-F285-F286-F287-F288-F289-F290-F291-F292-F293-F294-F295-F296-F297-F298-F299-F300-F301-F302-F303-F304-F305-F306-F307-F308-F309-F310-F311-F312-F313-F314-F315-F316-F317-F318-F319-F320-F321-F322-F323-F324-F325-F326-F327-F328-F329-F330-F331-F332-F333-F334-F335-F336-F337-F338-F339-F340-F341-F342-F343-F344-F345-F346-F347-F348-F349-F350-F351-F352-F353-F354-F355-F356-F357-F358-F359-F360-F361-F362-F363-F364-F365-F366-F367-F368-F369-F370-F371-F372-F373-F374-F375-F376-F377-F378-F379-F380-F381-F382-F383-F384-F385-F386-F387-F388-F389-F390-F391-F392-F393-F394-F395-F396-F397-F398-F399-F400-F401-F402-F403-F404-F405-F406-F407-F408-F409-F410-F411-F412-F413-F414-F415-F416-F417-F418-F419-F420-F421-F422-F423-F424-F425-F426-F427-F428-F429-F430-F431-F432-F433-F434-F435-F436-F437-F438-F439-F440-F441-F442-F443-F444-F445-F446-F447-F448-F449-F450-F451-F452-F453-F454-F455-F456-F457-F458-F459-F460-F461-F462-F463-F464-F465-F466-F467-F468-F469-F470-F471-F472-F473-F474-F475-F476-F477-F478-F479-F480-F481-F482-F483-F484-F485-F486-F487-F488-F489-F490-F491-F492-F493-F494-F495-F496-F497-F498-F499-F500-F501-F502-F503-F504-F505-F506

## Summary

Number of input bits: 512  
Number of free input bits: 6  
Number of output bits: 160

Number of direct occurrences: 24558  
Number of assignments: 30114  
Number of operations: 10853365
(xor: 10822176,
and: 18554,
or: 12635)

Total complexity: 4.951426777665306 × 10^295

Least occurring input variable: iv_507 (4001)  
Most occurring input variable: iv_512 (4303)

Most co-occurring input variables: iv_511-iv_512 (2106)  
Least co-occurring input variables: iv_507-iv_510 (1837)

Potentially most occurring input variable: iv_507/iv_510 (4410)  
Potentially least occurring input variable: iv_508/iv_509 (4188)

Least output occurring input variable: iv_508 (70)  
Most output occurring input variable: iv_512 (83)

Most output co-occurring input variables: iv_507-iv_509 (41)  
Least output co-occurring input variables: iv_508-iv_511 (23)

Potentially most output occurring input variable: iv_508/iv_511 (94)  
Potentially least output occurring input variable: iv_508/iv_510 (74)

Least complex input bit: iv_507 (2.9723606693395866 × 10^294)  
Most complex input bit: iv_510 (1.5538405040292178 × 10^295)

Least complex output bit: aaa_76_29 (8.772733646734292 × 10^270)  
Most complex output bit: ov_001 (7.634502641761312 × 10^294)

Least complex input/output complexity: iv_507/aaa_76_29 (5.266305981089405 × 10^269)  
Most complex input/output complexity: iv_510/ov_001 (2.3958345676032253 × 10^294)

Input variable with highest collision probability: iv_507 (½^160.00000000000063)

## Input Bits

### Input Bits in Regular Order

| Input Bit | Complexity | Occurrences | Output Occurrences | Collision Probability |
|:---------:|:----------:|:-----------:|:------------------:|:---------------------:|
| iv_507 | 2.9723606693395866 × 10^294 | 4001 | 79 | ½^160.00000000000063 |
| iv_508 | 5.964382309482213 × 10^294 | 4014 | 70 | ½^160.00000000000077 |
| iv_509 | 1.011818157040353 × 10^295 | 4008 | 78 | ½^160.00000000000088 |
| iv_510 | 1.5538405040292178 × 10^295 | 4083 | 80 | ½^160.00000000000077 |
| iv_511 | 6.804863588260665 × 10^294 | 4149 | 70 | ½^160.00000000000077 |
| iv_512 | 8.116074598874896 × 10^294 | 4303 | 83 | ½^160.00000000000065 |

### Input Bits Sorted by Complexity

| Input Bit | Complexity | Occurrences | Output Occurrences | Collision Probability |
|:---------:|:----------:|:-----------:|:------------------:|:---------------------:|
| iv_507 | 2.9723606693395866 × 10^294 | 4001 | 79 | ½^160.00000000000063 |
| iv_508 | 5.964382309482213 × 10^294 | 4014 | 70 | ½^160.00000000000077 |
| iv_511 | 6.804863588260665 × 10^294 | 4149 | 70 | ½^160.00000000000077 |
| iv_512 | 8.116074598874896 × 10^294 | 4303 | 83 | ½^160.00000000000065 |
| iv_509 | 1.011818157040353 × 10^295 | 4008 | 78 | ½^160.00000000000088 |
| iv_510 | 1.5538405040292178 × 10^295 | 4083 | 80 | ½^160.00000000000077 |

### Input Bits Sorted by Occurrences

| Input Bit | Complexity | Occurrences | Output Occurrences | Collision Probability |
|:---------:|:----------:|:-----------:|:------------------:|:---------------------:|
| iv_507 | 2.9723606693395866 × 10^294 | 4001 | 79 | ½^160.00000000000063 |
| iv_509 | 1.011818157040353 × 10^295 | 4008 | 78 | ½^160.00000000000088 |
| iv_508 | 5.964382309482213 × 10^294 | 4014 | 70 | ½^160.00000000000077 |
| iv_510 | 1.5538405040292178 × 10^295 | 4083 | 80 | ½^160.00000000000077 |
| iv_511 | 6.804863588260665 × 10^294 | 4149 | 70 | ½^160.00000000000077 |
| iv_512 | 8.116074598874896 × 10^294 | 4303 | 83 | ½^160.00000000000065 |

### Input Bits Sorted by Output Occurrences

| Input Bit | Complexity | Occurrences | Output Occurrences | Collision Probability |
|:---------:|:----------:|:-----------:|:------------------:|:---------------------:|
| iv_508 | 5.964382309482213 × 10^294 | 4014 | 70 | ½^160.00000000000077 |
| iv_511 | 6.804863588260665 × 10^294 | 4149 | 70 | ½^160.00000000000077 |
| iv_509 | 1.011818157040353 × 10^295 | 4008 | 78 | ½^160.00000000000088 |
| iv_507 | 2.9723606693395866 × 10^294 | 4001 | 79 | ½^160.00000000000063 |
| iv_510 | 1.5538405040292178 × 10^295 | 4083 | 80 | ½^160.00000000000077 |
| iv_512 | 8.116074598874896 × 10^294 | 4303 | 83 | ½^160.00000000000065 |

### Input Bits Sorted by Collision Probability

| Input Bit | Complexity | Occurrences | Output Occurrences | Collision Probability |
|:---------:|:----------:|:-----------:|:------------------:|:---------------------:|
| iv_507 | 2.9723606693395866 × 10^294 | 4001 | 79 | ½^160.00000000000063 |
| iv_512 | 8.116074598874896 × 10^294 | 4303 | 83 | ½^160.00000000000065 |
| iv_511 | 6.804863588260665 × 10^294 | 4149 | 70 | ½^160.00000000000077 |
| iv_508 | 5.964382309482213 × 10^294 | 4014 | 70 | ½^160.00000000000077 |
| iv_510 | 1.5538405040292178 × 10^295 | 4083 | 80 | ½^160.00000000000077 |
| iv_509 | 1.011818157040353 × 10^295 | 4008 | 78 | ½^160.00000000000088 |

## Input Bit/Output Bit Collision Probabilities

| Input Bit | Output Bit | Collision Probability |
|:---------:|:----------:|:---------------------:|
| iv_511 | ov_002 | 0.5000000000000018 |
| iv_511 | ov_140 | 0.5000000000000018 |
| iv_511 | ov_152 | 0.5000000000000018 |
| iv_507 | ov_009 | 0.5000000000000016 |
| iv_507 | ov_037 | 0.5000000000000016 |
| iv_507 | ov_084 | 0.5000000000000016 |

## Input Bit Co-occurrences

### Input Bit Co-occurrences Sorted by Co-occurrences

| Input Bits | Co-occurrences | Potential Occurrences | Output Co-occurrences | Potential Output Occurrences |
|:----------:|:--------------:|:---------------------:|:---------------------:|:----------------------------:|
| iv_511-iv_512 | 2106 | 4240 | 37 | 79 |
| iv_510-iv_512 | 2057 | 4272 | 41 | 81 |
| iv_507-iv_512 | 1987 | 4330 | 41 | 80 |
| iv_508-iv_512 | 1987 | 4343 | 31 | 91 |
| iv_509-iv_512 | 1972 | 4367 | 35 | 91 |
| iv_509-iv_511 | 1943 | 4271 | 35 | 78 |

### Input Bit Co-occurrences Sorted by Potential Occurrences

| Input Bits | Co-occurrences | Potential Occurrences | Output Co-occurrences | Potential Output Occurrences |
|:----------:|:--------------:|:---------------------:|:---------------------:|:----------------------------:|
| iv_508-iv_509 | 1917 | 4188 | 35 | 78 |
| iv_507-iv_508 | 1912 | 4191 | 33 | 83 |
| iv_507-iv_509 | 1902 | 4205 | 41 | 75 |
| iv_511-iv_512 | 2106 | 4240 | 37 | 79 |
| iv_509-iv_511 | 1943 | 4271 | 35 | 78 |
| iv_510-iv_512 | 2057 | 4272 | 41 | 81 |

### Input Bit Output Co-occurrences Sorted by Output Co-occurrences

| Input Bits | Co-occurrences | Potential Occurrences | Output Co-occurrences | Potential Output Occurrences |
|:----------:|:--------------:|:---------------------:|:---------------------:|:----------------------------:|
| iv_509-iv_510 | 1882 | 4327 | 41 | 76 |
| iv_507-iv_512 | 1987 | 4330 | 41 | 80 |
| iv_510-iv_512 | 2057 | 4272 | 41 | 81 |
| iv_507-iv_509 | 1902 | 4205 | 41 | 75 |
| iv_507-iv_510 | 1837 | 4410 | 39 | 81 |
| iv_508-iv_510 | 1871 | 4355 | 38 | 74 |

### Input Bit Output Co-occurrences Sorted by Potential Output Occurrences

| Input Bits | Co-occurrences | Potential Occurrences | Output Co-occurrences | Potential Output Occurrences |
|:----------:|:--------------:|:---------------------:|:---------------------:|:----------------------------:|
| iv_508-iv_510 | 1871 | 4355 | 38 | 74 |
| iv_507-iv_509 | 1902 | 4205 | 41 | 75 |
| iv_509-iv_510 | 1882 | 4327 | 41 | 76 |
| iv_508-iv_509 | 1917 | 4188 | 35 | 78 |
| iv_509-iv_511 | 1943 | 4271 | 35 | 78 |
| iv_507-iv_511 | 1898 | 4354 | 35 | 79 |

## Output Bits

### Output Bits in Regular Order

| Rank | Output Bit | Complexity |
|:----:|:----------:|:----------:|
| 1 | ov_001 | 7.634502641761312 × 10^294 |
| 2 | ov_002 | 6.692353380557143 × 10^294 |
| 3 | ov_003 | 5.832731150203763 × 10^294 |
| 4 | ov_004 | 5.051568204731657 × 10^294 |
| 5 | ov_005 | 4.345019246841719 × 10^294 |
| 6 | ov_006 | 3.709445561257794 × 10^294 |
| 7 | ov_007 | 3.1414013100620015 × 10^294 |
| 8 | ov_008 | 2.637621731111018 × 10^294 |
| 9 | ov_009 | 2.195012994286653 × 10^294 |
| 10 | ov_010 | 1.810643483460835 × 10^294 |
| 11 | ov_011 | 1.4791077600041076 × 10^294 |
| 12 | ov_012 | 1.1952916723349362 × 10^294 |
| 13 | ov_013 | 9.543624775470398 × 10^293 |
| 14 | ov_014 | 7.517606807155797 × 10^293 |
| 15 | ov_015 | 5.831934203965325 × 10^293 |
| 16 | ov_016 | 4.446292403911284 × 10^293 |
| 17 | ov_017 | 3.322940993157821 × 10^293 |
| 18 | ov_018 | 2.426684673430473 × 10^293 |
| 19 | ov_019 | 1.724853315154073 × 10^293 |
| 20 | ov_020 | 1.1872890729377926 × 10^293 |
| 21 | ov_021 | 7.863386166115999 × 10^292 |
| 22 | ov_022 | 4.968487574968201 × 10^292 |
| 23 | ov_023 | 2.961640410854025 × 10^292 |
| 24 | ov_024 | 1.6412533567480509 × 10^292 |
| 25 | ov_025 | 8.306895011377852 × 10^291 |
| 26 | ov_026 | 3.782610332645104 × 10^291 |
| 27 | ov_027 | 1.572263887104681 × 10^291 |
| 28 | ov_028 | 6.578892128732813 × 10^290 |
| 29 | ov_029 | 2.7096394223784004 × 10^290 |
| 30 | ov_030 | 8.95876073321581 × 10^289 |
| 31 | ov_031 | 2.1667728011463104 × 10^289 |
| 32 | lv_80_k31 | 5.237214231391978 × 10^288 |
| 33 | ov_033 | 6.263554537233307 × 10^289 |
| 34 | ov_034 | 5.426595918002894 × 10^289 |
| 35 | ov_035 | 4.674614093592213 × 10^289 |
| 36 | ov_036 | 4.002997359497355 × 10^289 |
| 37 | ov_037 | 3.407388827936829 × 10^289 |
| 38 | ov_038 | 2.8836674047400954 × 10^289 |
| 39 | ov_039 | 2.427931275269208 × 10^289 |
| 40 | ov_040 | 2.0329798399293124 × 10^289 |
| 41 | ov_041 | 1.6919880106514343 × 10^289 |
| 42 | ov_042 | 1.3984872495617275 × 10^289 |
| 43 | ov_043 | 1.1463497109316392 × 10^289 |
| 44 | ov_044 | 9.297751188474322 × 10^288 |
| 45 | ov_045 | 7.432800370464805 × 10^288 |
| 46 | ov_046 | 5.842007551820747 × 10^288 |
| 47 | ov_047 | 4.500257285895589 × 10^288 |
| 48 | ov_048 | 3.383925435580884 × 10^288 |
| 49 | ov_049 | 2.4708556506752718 × 10^288 |
| 50 | ov_050 | 1.7403415817164706 × 10^288 |
| 51 | ov_051 | 1.1731139790910425 × 10^288 |
| 52 | ov_052 | 7.513317954372463 × 10^287 |
| 53 | ov_053 | 4.585763775676499 × 10^287 |
| 54 | ov_054 | 2.662650390431722 × 10^287 |
| 55 | ov_055 | 1.4864786611519499 × 10^287 |
| 56 | ov_056 | 8.280616760503006 × 10^286 |
| 57 | ov_057 | 4.86516353948477 × 10^286 |
| 58 | ov_058 | 2.8925864609303166 × 10^286 |
| 59 | ov_059 | 1.5707085219376838 × 10^286 |
| 60 | ov_060 | 7.580554169942118 × 10^285 |
| 61 | ov_061 | 3.131539870809289 × 10^285 |
| 62 | ov_062 | 1.0387028950937593 × 10^285 |
| 63 | ov_063 | 2.5215857530466873 × 10^284 |
| 64 | lv_79_k31 | 6.1185694266651945 × 10^283 |
| 65 | ov_065 | 7.201014533492985 × 10^284 |
| 66 | ov_066 | 7.200996752142162 × 10^284 |
| 67 | ov_067 | 7.200990989819052 × 10^284 |
| 68 | ov_068 | 6.2670990949930245 × 10^284 |
| 69 | ov_069 | 5.420341300569153 × 10^284 |
| 70 | ov_070 | 4.656114390772426 × 10^284 |
| 71 | ov_071 | 3.970099467957744 × 10^284 |
| 72 | ov_072 | 3.358242524515819 × 10^284 |
| 73 | ov_073 | 2.8167366989358166 × 10^284 |
| 74 | ov_074 | 2.342006127556832 × 10^284 |
| 75 | ov_075 | 1.9306913072703534 × 10^284 |
| 76 | ov_076 | 1.5766708315960561 × 10^284 |
| 77 | ov_077 | 1.2741952984105352 × 10^284 |
| 78 | ov_078 | 1.0178673373874223 × 10^284 |
| 79 | ov_079 | 8.026239577013485 × 10^283 |
| 80 | ov_080 | 6.237210680886835 × 10^283 |
| 81 | ov_081 | 4.7672002291063265 × 10^283 |
| 82 | ov_082 | 3.574760489682736 × 10^283 |
| 83 | ov_083 | 2.6212840856979484 × 10^283 |
| 84 | ov_084 | 1.8709215483300146 × 10^283 |
| 85 | ov_085 | 1.2905133549656446 × 10^283 |
| 86 | ov_086 | 8.495350167653843 × 10^282 |
| 87 | ov_087 | 5.333769544436697 × 10^282 |
| 88 | ov_088 | 3.166650339089145 × 10^282 |
| 89 | ov_089 | 1.7655936888051772 × 10^282 |
| 90 | ov_090 | 9.273726256643182 × 10^281 |
| 91 | ov_091 | 4.738202817401469 × 10^281 |
| 92 | ov_092 | 2.5176266372425613 × 10^281 |
| 93 | ov_093 | 1.329824764417202 × 10^281 |
| 94 | ov_094 | 5.96072609350935 × 10^280 |
| 95 | aaa_78_28 | 1.917108937392303 × 10^280 |
| 96 | aaa_78_29 | 7.263640584359877 × 10^279 |
| 97 | ov_097 | 7.912576821031685 × 10^279 |
| 98 | ov_098 | 7.912334751819697 × 10^279 |
| 99 | ov_099 | 7.912257203360083 × 10^279 |
| 100 | ov_100 | 7.120688673991284 × 10^279 |
| 101 | ov_101 | 6.387575136929821 × 10^279 |
| 102 | ov_102 | 5.709680726238664 × 10^279 |
| 103 | ov_103 | 5.084010267844072 × 10^279 |
| 104 | ov_104 | 4.5077779562019767 × 10^279 |
| 105 | ov_105 | 3.978378895184777 × 10^279 |
| 106 | ov_106 | 3.493363346861731 × 10^279 |
| 107 | ov_107 | 3.050413538994588 × 10^279 |
| 108 | ov_108 | 2.647322887980758 × 10^279 |
| 109 | ov_109 | 2.2819774987885138 × 10^279 |
| 110 | ov_110 | 1.9523398072846524 × 10^279 |
| 111 | ov_111 | 1.6564342333892677 × 10^279 |
| 112 | ov_112 | 1.392334715829632 × 10^279 |
| 113 | ov_113 | 1.1581540010203008 × 10^279 |
| 114 | ov_114 | 9.5203455987439 × 10^278 |
| 115 | ov_115 | 7.721410072488143 × 10^278 |
| 116 | ov_116 | 6.1665389932664706 × 10^278 |
| 117 | ov_117 | 4.837647846129878 × 10^278 |
| 118 | ov_118 | 3.7167238443723586 × 10^278 |
| 119 | ov_119 | 2.7857977897190275 × 10^278 |
| 120 | ov_120 | 2.0269247483645946 × 10^278 |
| 121 | ov_121 | 1.422172303830816 × 10^278 |
| 122 | ov_122 | 9.536145878023464 × 10^277 |
| 123 | ov_123 | 6.033294799633035 × 10^277 |
| 124 | ov_124 | 3.533969771975774 × 10^277 |
| 125 | ov_125 | 1.8589812268892966 × 10^277 |
| 126 | ov_126 | 8.291438926588533 × 10^276 |
| 127 | aaa_77_28 | 2.652738720307414 × 10^276 |
| 128 | aaa_77_29 | 9.970094802214907 × 10^275 |
| 129 | ov_129 | 9.139778359422916 × 10^275 |
| 130 | ov_130 | 9.139756984588258 × 10^275 |
| 131 | ov_131 | 9.139750102184802 × 10^275 |
| 132 | ov_132 | 7.958512058359047 × 10^275 |
| 133 | ov_133 | 6.88620100822724 × 10^275 |
| 134 | ov_134 | 5.917628421470307 × 10^275 |
| 135 | ov_135 | 5.047905494058841 × 10^275 |
| 136 | ov_136 | 4.2724208978529426 × 10^275 |
| 137 | ov_137 | 3.58682095723847 × 10^275 |
| 138 | ov_138 | 2.9869921076247173 × 10^275 |
| 139 | ov_139 | 2.465367978424249 × 10^275 |
| 140 | ov_140 | 2.0147933687740158 × 10^275 |
| 141 | ov_141 | 1.6285030382282893 × 10^275 |
| 142 | ov_142 | 1.3001039129802867 × 10^275 |
| 143 | ov_143 | 1.023560399640556 × 10^275 |
| 144 | ov_144 | 7.931824452758018 × 10^274 |
| 145 | ov_145 | 6.036159819538918 × 10^274 |
| 146 | ov_146 | 4.498354191333127 × 10^274 |
| 147 | ov_147 | 3.271378721718063 × 10^274 |
| 148 | ov_148 | 2.311388400666353 × 10^274 |
| 149 | ov_149 | 1.577690703175461 × 10^274 |
| 150 | ov_150 | 1.0327237354835147 × 10^274 |
| 151 | ov_151 | 6.420417524910827 × 10^273 |
| 152 | ov_152 | 3.7430616716224047 × 10^273 |
| 153 | ov_153 | 2.0128041976358497 × 10^273 |
| 154 | ov_154 | 9.782732183966615 × 10^272 |
| 155 | ov_155 | 4.19077728810434 × 10^272 |
| 156 | aaa_76_25 | 1.4580159503747566 × 10^272 |
| 157 | aaa_76_26 | 8.980672594789646 × 10^271 |
| 158 | aaa_76_27 | 4.9296563979038615 × 10^271 |
| 159 | aaa_76_28 | 2.3263636673370367 × 10^271 |
| 160 | aaa_76_29 | 8.772733646734292 × 10^270 |

### Output Bits Sorted by Complexity

| Rank | Output Bit | Complexity |
|:----:|:----------:|:----------:|
| 160 | aaa_76_29 | 8.772733646734292 × 10^270 |
| 159 | aaa_76_28 | 2.3263636673370367 × 10^271 |
| 158 | aaa_76_27 | 4.9296563979038615 × 10^271 |
| 157 | aaa_76_26 | 8.980672594789646 × 10^271 |
| 156 | aaa_76_25 | 1.4580159503747566 × 10^272 |
| 155 | ov_155 | 4.19077728810434 × 10^272 |
| 154 | ov_154 | 9.782732183966615 × 10^272 |
| 153 | ov_153 | 2.0128041976358497 × 10^273 |
| 152 | ov_152 | 3.7430616716224047 × 10^273 |
| 151 | ov_151 | 6.420417524910827 × 10^273 |
| 150 | ov_150 | 1.0327237354835147 × 10^274 |
| 149 | ov_149 | 1.577690703175461 × 10^274 |
| 148 | ov_148 | 2.311388400666353 × 10^274 |
| 147 | ov_147 | 3.271378721718063 × 10^274 |
| 146 | ov_146 | 4.498354191333127 × 10^274 |
| 145 | ov_145 | 6.036159819538918 × 10^274 |
| 144 | ov_144 | 7.931824452758018 × 10^274 |
| 143 | ov_143 | 1.023560399640556 × 10^275 |
| 142 | ov_142 | 1.3001039129802867 × 10^275 |
| 141 | ov_141 | 1.6285030382282893 × 10^275 |
| 140 | ov_140 | 2.0147933687740158 × 10^275 |
| 139 | ov_139 | 2.465367978424249 × 10^275 |
| 138 | ov_138 | 2.9869921076247173 × 10^275 |
| 137 | ov_137 | 3.58682095723847 × 10^275 |
| 136 | ov_136 | 4.2724208978529426 × 10^275 |
| 135 | ov_135 | 5.047905494058841 × 10^275 |
| 134 | ov_134 | 5.917628421470307 × 10^275 |
| 133 | ov_133 | 6.88620100822724 × 10^275 |
| 132 | ov_132 | 7.958512058359047 × 10^275 |
| 131 | ov_131 | 9.139750102184802 × 10^275 |
| 130 | ov_130 | 9.139756984588258 × 10^275 |
| 129 | ov_129 | 9.139778359422916 × 10^275 |
| 128 | aaa_77_29 | 9.970094802214907 × 10^275 |
| 127 | aaa_77_28 | 2.652738720307414 × 10^276 |
| 126 | ov_126 | 8.291438926588533 × 10^276 |
| 125 | ov_125 | 1.8589812268892966 × 10^277 |
| 124 | ov_124 | 3.533969771975774 × 10^277 |
| 123 | ov_123 | 6.033294799633035 × 10^277 |
| 122 | ov_122 | 9.536145878023464 × 10^277 |
| 121 | ov_121 | 1.422172303830816 × 10^278 |
| 120 | ov_120 | 2.0269247483645946 × 10^278 |
| 119 | ov_119 | 2.7857977897190275 × 10^278 |
| 118 | ov_118 | 3.7167238443723586 × 10^278 |
| 117 | ov_117 | 4.837647846129878 × 10^278 |
| 116 | ov_116 | 6.1665389932664706 × 10^278 |
| 115 | ov_115 | 7.721410072488143 × 10^278 |
| 114 | ov_114 | 9.5203455987439 × 10^278 |
| 113 | ov_113 | 1.1581540010203008 × 10^279 |
| 112 | ov_112 | 1.392334715829632 × 10^279 |
| 111 | ov_111 | 1.6564342333892677 × 10^279 |
| 110 | ov_110 | 1.9523398072846524 × 10^279 |
| 109 | ov_109 | 2.2819774987885138 × 10^279 |
| 108 | ov_108 | 2.647322887980758 × 10^279 |
| 107 | ov_107 | 3.050413538994588 × 10^279 |
| 106 | ov_106 | 3.493363346861731 × 10^279 |
| 105 | ov_105 | 3.978378895184777 × 10^279 |
| 104 | ov_104 | 4.5077779562019767 × 10^279 |
| 103 | ov_103 | 5.084010267844072 × 10^279 |
| 102 | ov_102 | 5.709680726238664 × 10^279 |
| 101 | ov_101 | 6.387575136929821 × 10^279 |
| 100 | ov_100 | 7.120688673991284 × 10^279 |
| 96 | aaa_78_29 | 7.263640584359877 × 10^279 |
| 99 | ov_099 | 7.912257203360083 × 10^279 |
| 98 | ov_098 | 7.912334751819697 × 10^279 |
| 97 | ov_097 | 7.912576821031685 × 10^279 |
| 95 | aaa_78_28 | 1.917108937392303 × 10^280 |
| 94 | ov_094 | 5.96072609350935 × 10^280 |
| 93 | ov_093 | 1.329824764417202 × 10^281 |
| 92 | ov_092 | 2.5176266372425613 × 10^281 |
| 91 | ov_091 | 4.738202817401469 × 10^281 |
| 90 | ov_090 | 9.273726256643182 × 10^281 |
| 89 | ov_089 | 1.7655936888051772 × 10^282 |
| 88 | ov_088 | 3.166650339089145 × 10^282 |
| 87 | ov_087 | 5.333769544436697 × 10^282 |
| 86 | ov_086 | 8.495350167653843 × 10^282 |
| 85 | ov_085 | 1.2905133549656446 × 10^283 |
| 84 | ov_084 | 1.8709215483300146 × 10^283 |
| 83 | ov_083 | 2.6212840856979484 × 10^283 |
| 82 | ov_082 | 3.574760489682736 × 10^283 |
| 81 | ov_081 | 4.7672002291063265 × 10^283 |
| 64 | lv_79_k31 | 6.1185694266651945 × 10^283 |
| 80 | ov_080 | 6.237210680886835 × 10^283 |
| 79 | ov_079 | 8.026239577013485 × 10^283 |
| 78 | ov_078 | 1.0178673373874223 × 10^284 |
| 77 | ov_077 | 1.2741952984105352 × 10^284 |
| 76 | ov_076 | 1.5766708315960561 × 10^284 |
| 75 | ov_075 | 1.9306913072703534 × 10^284 |
| 74 | ov_074 | 2.342006127556832 × 10^284 |
| 63 | ov_063 | 2.5215857530466873 × 10^284 |
| 73 | ov_073 | 2.8167366989358166 × 10^284 |
| 72 | ov_072 | 3.358242524515819 × 10^284 |
| 71 | ov_071 | 3.970099467957744 × 10^284 |
| 70 | ov_070 | 4.656114390772426 × 10^284 |
| 69 | ov_069 | 5.420341300569153 × 10^284 |
| 68 | ov_068 | 6.2670990949930245 × 10^284 |
| 67 | ov_067 | 7.200990989819052 × 10^284 |
| 66 | ov_066 | 7.200996752142162 × 10^284 |
| 65 | ov_065 | 7.201014533492985 × 10^284 |
| 62 | ov_062 | 1.0387028950937593 × 10^285 |
| 61 | ov_061 | 3.131539870809289 × 10^285 |
| 60 | ov_060 | 7.580554169942118 × 10^285 |
| 59 | ov_059 | 1.5707085219376838 × 10^286 |
| 58 | ov_058 | 2.8925864609303166 × 10^286 |
| 57 | ov_057 | 4.86516353948477 × 10^286 |
| 56 | ov_056 | 8.280616760503006 × 10^286 |
| 55 | ov_055 | 1.4864786611519499 × 10^287 |
| 54 | ov_054 | 2.662650390431722 × 10^287 |
| 53 | ov_053 | 4.585763775676499 × 10^287 |
| 52 | ov_052 | 7.513317954372463 × 10^287 |
| 51 | ov_051 | 1.1731139790910425 × 10^288 |
| 50 | ov_050 | 1.7403415817164706 × 10^288 |
| 49 | ov_049 | 2.4708556506752718 × 10^288 |
| 48 | ov_048 | 3.383925435580884 × 10^288 |
| 47 | ov_047 | 4.500257285895589 × 10^288 |
| 32 | lv_80_k31 | 5.237214231391978 × 10^288 |
| 46 | ov_046 | 5.842007551820747 × 10^288 |
| 45 | ov_045 | 7.432800370464805 × 10^288 |
| 44 | ov_044 | 9.297751188474322 × 10^288 |
| 43 | ov_043 | 1.1463497109316392 × 10^289 |
| 42 | ov_042 | 1.3984872495617275 × 10^289 |
| 41 | ov_041 | 1.6919880106514343 × 10^289 |
| 40 | ov_040 | 2.0329798399293124 × 10^289 |
| 31 | ov_031 | 2.1667728011463104 × 10^289 |
| 39 | ov_039 | 2.427931275269208 × 10^289 |
| 38 | ov_038 | 2.8836674047400954 × 10^289 |
| 37 | ov_037 | 3.407388827936829 × 10^289 |
| 36 | ov_036 | 4.002997359497355 × 10^289 |
| 35 | ov_035 | 4.674614093592213 × 10^289 |
| 34 | ov_034 | 5.426595918002894 × 10^289 |
| 33 | ov_033 | 6.263554537233307 × 10^289 |
| 30 | ov_030 | 8.95876073321581 × 10^289 |
| 29 | ov_029 | 2.7096394223784004 × 10^290 |
| 28 | ov_028 | 6.578892128732813 × 10^290 |
| 27 | ov_027 | 1.572263887104681 × 10^291 |
| 26 | ov_026 | 3.782610332645104 × 10^291 |
| 25 | ov_025 | 8.306895011377852 × 10^291 |
| 24 | ov_024 | 1.6412533567480509 × 10^292 |
| 23 | ov_023 | 2.961640410854025 × 10^292 |
| 22 | ov_022 | 4.968487574968201 × 10^292 |
| 21 | ov_021 | 7.863386166115999 × 10^292 |
| 20 | ov_020 | 1.1872890729377926 × 10^293 |
| 19 | ov_019 | 1.724853315154073 × 10^293 |
| 18 | ov_018 | 2.426684673430473 × 10^293 |
| 17 | ov_017 | 3.322940993157821 × 10^293 |
| 16 | ov_016 | 4.446292403911284 × 10^293 |
| 15 | ov_015 | 5.831934203965325 × 10^293 |
| 14 | ov_014 | 7.517606807155797 × 10^293 |
| 13 | ov_013 | 9.543624775470398 × 10^293 |
| 12 | ov_012 | 1.1952916723349362 × 10^294 |
| 11 | ov_011 | 1.4791077600041076 × 10^294 |
| 10 | ov_010 | 1.810643483460835 × 10^294 |
| 9 | ov_009 | 2.195012994286653 × 10^294 |
| 8 | ov_008 | 2.637621731111018 × 10^294 |
| 7 | ov_007 | 3.1414013100620015 × 10^294 |
| 6 | ov_006 | 3.709445561257794 × 10^294 |
| 5 | ov_005 | 4.345019246841719 × 10^294 |
| 4 | ov_004 | 5.051568204731657 × 10^294 |
| 3 | ov_003 | 5.832731150203763 × 10^294 |
| 2 | ov_002 | 6.692353380557143 × 10^294 |
| 1 | ov_001 | 7.634502641761312 × 10^294 |

