# Results for F001-F002-F003-F004-F005-F006-F007-F008-F009-F010-F011-F012-F013-F014-F015-F016-F017-F018-F019-F020-F021-F022-F023-F024-F025-F026-F027-F028-F029-F030-F031-F032-F033-F034-F035-F036-F037-F038-F039-F040-F041-F042-F043-F044-F045-F046-F047-F048-F049-F050-F051-F052-F053-F054-F055-F056-F057-F058-F059-F060-F061-F062-F063-F064-F065-F066-F067-F068-F069-F070-F071-F072-F073-F074-F075-F076-F077-F078-F079-F080-F081-F082-F083-F084-F085-F086-F087-F088-F089-F090-F091-F092-F093-F094-F095-F096-F097-F098-F099-F100-F101-F102-F103-F104-F105-F106-F107-F108-F109-F110-F111-F112-F113-F114-F115-F116-F117-F118-F119-F120-F121-F122-F123-F124-F125-F126-F127-F128-F129-F130-F131-F132-F133-F134-F135-F136-F137-F138-F139-F140-F141-F142-F143-F144-F145-F146-F147-F148-F149-F150-F151-F152-F153-F154-F155-F156-F157-F158-F159-F160-F161-F162-F163-F164-F165-F166-F167-F168-F169-F170-F171-F172-F173-F174-F175-F176-F177-F178-F179-F180-F181-F182-F183-F184-F185-F186-F187-F188-F189-F190-F191-F192-F193-F194-F195-F196-F197-F198-F199-F200-F201-F202-F203-F204-F205-F206-F207-F208-F209-F210-F211-F212-F213-F214-F215-F216-F217-F218-F219-F220-F221-F222-F223-F224-F225-F226-F227-F228-F229-F230-F231-F232-F233-F234-F235-F236-F237-F238-F239-F240-F241-F242-F243-F244-F245-F246-F247-F248-F249-F250-F251-F252-F253-F254-F255-F256-F257-F258-F259-F260-F261-F262-F263-F264-F265-F266-F267-F268-F269-F270-F271-F272-F273-F274-F275-F276-F277-F278-F279-F280-F281-F282-F283-F284-F285-F286-F287-F288-F289-F290-F291-F292-F293-F294-F295-F296-F297-F298-F299-F300-F301-F302-F303-F304-F305-F306-F307-F308-F309-F310-F311-F312-F313-F314-F315-F316-F317-F318-F319-F320-F321-F322-F323-F324-F325-F326-F327-F328-F329-F330-F331-F332-F333-F334-F335-F336-F337-F338-F339-F340-F341-F342-F343-F344-F345-F346-F347-F348-F349-F350-F351-F352-F353-F354-F355-F356-F357-F358-F359-F360-F361-F362-F363-F364-F365-F366-F367-F368-F369-F370-F371-F372-F373-F374-F375-F376-F377-F378-F379-F380-F381-F382-F383-F384-F385-F386-F387-F388-F389-F390-F391-F392-F393-F394-F395-F396-F397-F398-F399-F400-F401-F402-F403-F404-F405-F406-F407-F408-F409-F410-F411-F412-F413-F414-F415-F416-F417-F418-F419-F420-F421-F422-F423-F424-F425-F426-F427-F428-F429-F430-F431-F432-F433-F434-F435-F436-F437-F438-F439-F440-F441-F442-F443-F444-F445-F446-F447-F448-F449-F450-F451-F452-F453-F454-F455-F456-F457-F458-F459-F460-F461-F462-F463-F464-F465-F466-F467-F468-F469-F470-F471-F472-F473-F474-F475-F476-F477-F478-F479-F480-F481-F482-F483-F484-F485-F486-F487-F488-F489-F490-F491-F492-F493-F494-F495-F496-F497-F498-F499-F500-F501-F502-F503-F504-F505-O506512

## Summary

Number of input bits: 512  
Number of free input bits: 6  
Number of output bits: 160

Number of direct occurrences: 24610  
Number of assignments: 30350  
Number of operations: 10947785
(xor: 10917056,
and: 17940,
or: 12789)

Total complexity: 6.955624616840133 × 10^296

Least occurring input variable: iv_508 (4010)  
Most occurring input variable: iv_506 (4353)

Most co-occurring input variables: iv_506-iv_510 (2011)  
Least co-occurring input variables: iv_507-iv_511 (1887)

Potentially most occurring input variable: iv_506/iv_508 (4555)  
Potentially least occurring input variable: iv_508/iv_509 (4185)

Least output occurring input variable: iv_508 (70)  
Most output occurring input variable: iv_509 (78)

Most output co-occurring input variables: iv_509-iv_511 (40)  
Least output co-occurring input variables: iv_508-iv_510 (27)

Potentially most output occurring input variable: iv_508/iv_510 (92)  
Potentially least output occurring input variable: iv_508/iv_511 (71)

Least complex input bit: iv_507 (5.562727213009407 × 10^295)  
Most complex input bit: iv_510 (2.0558496919562824 × 10^296)

Least complex output bit: aaa_76_29 (1.1077225096969955 × 10^272)  
Most complex output bit: ov_001 (1.078342361486564 × 10^296)

Least complex input/output complexity: iv_507/aaa_76_29 (8.858957302318961 × 10^270)  
Most complex input/output complexity: iv_510/ov_001 (3.187218882281594 × 10^295)

Input variable with highest collision probability: iv_508 (½^160.00000000000057)

## Input Bits

### Input Bits in Regular Order

| Input Bit | Complexity | Occurrences | Output Occurrences | Collision Probability |
|:---------:|:----------:|:-----------:|:------------------:|:---------------------:|
| iv_506 | 1.2128469492482244 × 10^296 | 4353 | 75 | ½^160.00000000000068 |
| iv_507 | 5.562727213009407 × 10^295 | 4037 | 72 | ½^160.00000000000077 |
| iv_508 | 9.28355932812379 × 10^295 | 4010 | 70 | ½^160.00000000000057 |
| iv_509 | 1.4246316182903549 × 10^296 | 4021 | 78 | ½^160.0000000000008 |
| iv_510 | 2.0558496919562824 × 10^296 | 4131 | 76 | ½^160.00000000000074 |
| iv_511 | 7.776677032319702 × 10^295 | 4058 | 75 | ½^160.00000000000074 |

### Input Bits Sorted by Complexity

| Input Bit | Complexity | Occurrences | Output Occurrences | Collision Probability |
|:---------:|:----------:|:-----------:|:------------------:|:---------------------:|
| iv_507 | 5.562727213009407 × 10^295 | 4037 | 72 | ½^160.00000000000077 |
| iv_511 | 7.776677032319702 × 10^295 | 4058 | 75 | ½^160.00000000000074 |
| iv_508 | 9.28355932812379 × 10^295 | 4010 | 70 | ½^160.00000000000057 |
| iv_506 | 1.2128469492482244 × 10^296 | 4353 | 75 | ½^160.00000000000068 |
| iv_509 | 1.4246316182903549 × 10^296 | 4021 | 78 | ½^160.0000000000008 |
| iv_510 | 2.0558496919562824 × 10^296 | 4131 | 76 | ½^160.00000000000074 |

### Input Bits Sorted by Occurrences

| Input Bit | Complexity | Occurrences | Output Occurrences | Collision Probability |
|:---------:|:----------:|:-----------:|:------------------:|:---------------------:|
| iv_508 | 9.28355932812379 × 10^295 | 4010 | 70 | ½^160.00000000000057 |
| iv_509 | 1.4246316182903549 × 10^296 | 4021 | 78 | ½^160.0000000000008 |
| iv_507 | 5.562727213009407 × 10^295 | 4037 | 72 | ½^160.00000000000077 |
| iv_511 | 7.776677032319702 × 10^295 | 4058 | 75 | ½^160.00000000000074 |
| iv_510 | 2.0558496919562824 × 10^296 | 4131 | 76 | ½^160.00000000000074 |
| iv_506 | 1.2128469492482244 × 10^296 | 4353 | 75 | ½^160.00000000000068 |

### Input Bits Sorted by Output Occurrences

| Input Bit | Complexity | Occurrences | Output Occurrences | Collision Probability |
|:---------:|:----------:|:-----------:|:------------------:|:---------------------:|
| iv_508 | 9.28355932812379 × 10^295 | 4010 | 70 | ½^160.00000000000057 |
| iv_507 | 5.562727213009407 × 10^295 | 4037 | 72 | ½^160.00000000000077 |
| iv_506 | 1.2128469492482244 × 10^296 | 4353 | 75 | ½^160.00000000000068 |
| iv_511 | 7.776677032319702 × 10^295 | 4058 | 75 | ½^160.00000000000074 |
| iv_510 | 2.0558496919562824 × 10^296 | 4131 | 76 | ½^160.00000000000074 |
| iv_509 | 1.4246316182903549 × 10^296 | 4021 | 78 | ½^160.0000000000008 |

### Input Bits Sorted by Collision Probability

| Input Bit | Complexity | Occurrences | Output Occurrences | Collision Probability |
|:---------:|:----------:|:-----------:|:------------------:|:---------------------:|
| iv_508 | 9.28355932812379 × 10^295 | 4010 | 70 | ½^160.00000000000057 |
| iv_506 | 1.2128469492482244 × 10^296 | 4353 | 75 | ½^160.00000000000068 |
| iv_511 | 7.776677032319702 × 10^295 | 4058 | 75 | ½^160.00000000000074 |
| iv_510 | 2.0558496919562824 × 10^296 | 4131 | 76 | ½^160.00000000000074 |
| iv_507 | 5.562727213009407 × 10^295 | 4037 | 72 | ½^160.00000000000077 |
| iv_509 | 1.4246316182903549 × 10^296 | 4021 | 78 | ½^160.0000000000008 |

## Input Bit/Output Bit Collision Probabilities

| Input Bit | Output Bit | Collision Probability |
|:---------:|:----------:|:---------------------:|
| iv_508 | ov_045 | 0.5000000000000042 |
| iv_510 | ov_053 | 0.5000000000000024 |
| iv_507 | ov_091 | 0.5000000000000018 |
| iv_507 | ov_105 | 0.5000000000000018 |
| iv_508 | ov_024 | 0.5000000000000018 |
| iv_508 | ov_047 | 0.5000000000000018 |

## Input Bit Co-occurrences

### Input Bit Co-occurrences Sorted by Co-occurrences

| Input Bits | Co-occurrences | Potential Occurrences | Output Co-occurrences | Potential Output Occurrences |
|:----------:|:--------------:|:---------------------:|:---------------------:|:----------------------------:|
| iv_506-iv_510 | 2011 | 4462 | 35 | 81 |
| iv_506-iv_511 | 1983 | 4445 | 39 | 72 |
| iv_509-iv_510 | 1945 | 4262 | 38 | 78 |
| iv_510-iv_511 | 1938 | 4313 | 37 | 77 |
| iv_508-iv_510 | 1934 | 4273 | 27 | 92 |
| iv_507-iv_510 | 1931 | 4306 | 38 | 72 |

### Input Bit Co-occurrences Sorted by Potential Occurrences

| Input Bits | Co-occurrences | Potential Occurrences | Output Co-occurrences | Potential Output Occurrences |
|:----------:|:--------------:|:---------------------:|:---------------------:|:----------------------------:|
| iv_508-iv_509 | 1923 | 4185 | 35 | 78 |
| iv_507-iv_508 | 1897 | 4253 | 35 | 72 |
| iv_509-iv_511 | 1910 | 4259 | 40 | 73 |
| iv_509-iv_510 | 1945 | 4262 | 38 | 78 |
| iv_508-iv_510 | 1934 | 4273 | 27 | 92 |
| iv_507-iv_509 | 1888 | 4282 | 36 | 78 |

### Input Bit Output Co-occurrences Sorted by Output Co-occurrences

| Input Bits | Co-occurrences | Potential Occurrences | Output Co-occurrences | Potential Output Occurrences |
|:----------:|:--------------:|:---------------------:|:---------------------:|:----------------------------:|
| iv_509-iv_511 | 1910 | 4259 | 40 | 73 |
| iv_506-iv_511 | 1983 | 4445 | 39 | 72 |
| iv_507-iv_510 | 1931 | 4306 | 38 | 72 |
| iv_509-iv_510 | 1945 | 4262 | 38 | 78 |
| iv_506-iv_509 | 1926 | 4522 | 37 | 79 |
| iv_508-iv_511 | 1892 | 4284 | 37 | 71 |

### Input Bit Output Co-occurrences Sorted by Potential Output Occurrences

| Input Bits | Co-occurrences | Potential Occurrences | Output Co-occurrences | Potential Output Occurrences |
|:----------:|:--------------:|:---------------------:|:---------------------:|:----------------------------:|
| iv_508-iv_511 | 1892 | 4284 | 37 | 71 |
| iv_506-iv_511 | 1983 | 4445 | 39 | 72 |
| iv_507-iv_508 | 1897 | 4253 | 35 | 72 |
| iv_507-iv_510 | 1931 | 4306 | 38 | 72 |
| iv_506-iv_508 | 1904 | 4555 | 36 | 73 |
| iv_509-iv_511 | 1910 | 4259 | 40 | 73 |

## Output Bits

### Output Bits in Regular Order

| Rank | Output Bit | Complexity |
|:----:|:----------:|:----------:|
| 1 | ov_001 | 1.078342361486564 × 10^296 |
| 2 | ov_002 | 9.438912268094736 × 10^295 |
| 3 | ov_003 | 8.213671933597925 × 10^295 |
| 4 | ov_004 | 7.102014526588214 × 10^295 |
| 5 | ov_005 | 6.098563323922796 × 10^295 |
| 6 | ov_006 | 5.19823079845178 × 10^295 |
| 7 | ov_007 | 4.396199422335515 × 10^295 |
| 8 | ov_008 | 3.6879050934961527 × 10^295 |
| 9 | ov_009 | 3.0690228575912114 × 10^295 |
| 10 | ov_010 | 2.5315728045632033 × 10^295 |
| 11 | ov_011 | 2.0679985821208463 × 10^295 |
| 12 | ov_012 | 1.6711507713809646 × 10^295 |
| 13 | ov_013 | 1.3342729632894856 × 10^295 |
| 14 | ov_014 | 1.0509902910467404 × 10^295 |
| 15 | ov_015 | 8.153001893593224 × 10^294 |
| 16 | ov_016 | 6.215651667772588 × 10^294 |
| 17 | ov_017 | 4.645073726499329 × 10^294 |
| 18 | ov_018 | 3.3920469722990534 × 10^294 |
| 19 | ov_019 | 2.4108810608027783 × 10^294 |
| 20 | ov_020 | 1.6593991831061615 × 10^294 |
| 21 | ov_021 | 1.098927684544849 × 10^294 |
| 22 | ov_022 | 6.942902207606614 × 10^293 |
| 23 | ov_023 | 4.138045415529556 × 10^293 |
| 24 | ov_024 | 2.2928060561208218 × 10^293 |
| 25 | ov_025 | 1.1601940223955196 × 10^293 |
| 26 | ov_026 | 5.281224303743192 × 10^292 |
| 27 | ov_027 | 2.194038088634009 × 10^292 |
| 28 | ov_028 | 9.174832722604738 × 10^291 |
| 29 | ov_029 | 3.776311668329135 × 10^291 |
| 30 | ov_030 | 1.2475942299799709 × 10^291 |
| 31 | ov_031 | 3.0146233323279126 × 10^290 |
| 32 | lv_80_k31 | 7.279092409429885 × 10^289 |
| 33 | ov_033 | 8.762178213045199 × 10^290 |
| 34 | ov_034 | 7.588019879876124 × 10^290 |
| 35 | ov_035 | 6.5343266866993926 × 10^290 |
| 36 | ov_036 | 5.594941213014975 × 10^290 |
| 37 | ov_037 | 4.764045603731321 × 10^290 |
| 38 | ov_038 | 4.0361363627146845 × 10^290 |
| 39 | ov_039 | 3.4010650344439484 × 10^290 |
| 40 | ov_040 | 2.849214178605155 × 10^290 |
| 41 | ov_041 | 2.3714674675921967 × 10^290 |
| 42 | ov_042 | 1.9591843947302154 × 10^290 |
| 43 | ov_043 | 1.6041790907783 × 10^290 |
| 44 | ov_044 | 1.2987027782802923 × 10^290 |
| 45 | ov_045 | 1.0354294240596977 × 10^290 |
| 46 | ov_046 | 8.108000907741309 × 10^289 |
| 47 | ov_047 | 6.214588674315877 × 10^289 |
| 48 | ov_048 | 4.642488487833103 × 10^289 |
| 49 | ov_049 | 3.3620905641762155 × 10^289 |
| 50 | ov_050 | 2.3457214522602887 × 10^289 |
| 51 | ov_051 | 1.5676275219404256 × 10^289 |
| 52 | ov_052 | 1.0039635757900224 × 10^289 |
| 53 | ov_053 | 6.127376952556885 × 10^288 |
| 54 | ov_054 | 3.557484003997523 × 10^288 |
| 55 | ov_055 | 1.985808297395159 × 10^288 |
| 56 | ov_056 | 1.1060475618329339 × 10^288 |
| 57 | ov_057 | 6.497351249816635 × 10^287 |
| 58 | ov_058 | 3.862337715883697 × 10^287 |
| 59 | ov_059 | 2.0968170276148096 × 10^287 |
| 60 | ov_060 | 1.011668595784364 × 10^287 |
| 61 | ov_061 | 4.177732986888555 × 10^286 |
| 62 | ov_062 | 1.385144669590984 × 10^286 |
| 63 | ov_063 | 3.360906407929341 × 10^285 |
| 64 | lv_79_k31 | 8.15062073259857 × 10^284 |
| 65 | ov_065 | 9.592955851595033 × 10^285 |
| 66 | ov_066 | 9.592933090975224 × 10^285 |
| 67 | ov_067 | 9.592925714944536 × 10^285 |
| 68 | ov_068 | 8.342718546454408 × 10^285 |
| 69 | ov_069 | 7.209777290202682 × 10^285 |
| 70 | ov_070 | 6.188210391280939 × 10^285 |
| 71 | ov_071 | 5.272490205965211 × 10^285 |
| 72 | ov_072 | 4.457428131719515 × 10^285 |
| 73 | ov_073 | 3.738151892811246 × 10^285 |
| 74 | ov_074 | 3.1100848684937855 × 10^285 |
| 75 | ov_075 | 2.5648876617322766 × 10^285 |
| 76 | ov_076 | 2.0947257155065834 × 10^285 |
| 77 | ov_077 | 1.6922405840438122 × 10^285 |
| 78 | ov_078 | 1.3505243667780298 × 10^285 |
| 79 | ov_079 | 1.0630971130106849 × 10^285 |
| 80 | ov_080 | 8.238870079104405 × 10^284 |
| 81 | ov_081 | 6.2721315245540946 × 10^284 |
| 82 | ov_082 | 4.677707513174495 × 10^284 |
| 83 | ov_083 | 3.406185236378342 × 10^284 |
| 84 | ov_084 | 2.4116815225436192 × 10^284 |
| 85 | ov_085 | 1.651755873073166 × 10^284 |
| 86 | ov_086 | 1.0873402035792957 × 10^284 |
| 87 | ov_087 | 6.8268345263960075 × 10^283 |
| 88 | ov_088 | 4.053092211775672 × 10^283 |
| 89 | ov_089 | 2.2598460587170136 × 10^283 |
| 90 | ov_090 | 1.1869839020111377 × 10^283 |
| 91 | ov_091 | 6.064675685138165 × 10^282 |
| 92 | ov_092 | 3.222470045594261 × 10^282 |
| 93 | ov_093 | 1.702140937531098 × 10^282 |
| 94 | ov_094 | 7.62964523438559 × 10^281 |
| 95 | aaa_78_28 | 2.453895232802405 × 10^281 |
| 96 | aaa_78_29 | 9.297558763178884 × 10^280 |
| 97 | ov_097 | 1.0127768532947899 × 10^281 |
| 98 | ov_098 | 1.012746034498477 × 10^281 |
| 99 | ov_099 | 1.0127361751175296 × 10^281 |
| 100 | ov_100 | 9.114333305007912 × 10^280 |
| 101 | ov_101 | 8.176049481820237 × 10^280 |
| 102 | ov_102 | 7.3083883552698245 × 10^280 |
| 103 | ov_103 | 6.507532514616528 × 10^280 |
| 104 | ov_104 | 5.769929444879879 × 10^280 |
| 105 | ov_105 | 5.092255525597868 × 10^280 |
| 106 | ov_106 | 4.4713834521503625 × 10^280 |
| 107 | ov_107 | 3.9043528922572146 × 10^280 |
| 108 | ov_108 | 3.3883441973792455 × 10^280 |
| 109 | ov_109 | 2.9206549945317566 × 10^280 |
| 110 | ov_110 | 2.4986794886478894 × 10^280 |
| 111 | ov_111 | 2.1198903092729055 × 10^280 |
| 112 | ov_112 | 1.781822738187894 × 10^280 |
| 113 | ov_113 | 1.482061156695635 × 10^280 |
| 114 | ov_114 | 1.2182275528797575 × 10^280 |
| 115 | ov_115 | 9.879719302704251 × 10^279 |
| 116 | ov_116 | 7.889644600998299 × 10^279 |
| 117 | ov_117 | 6.188892198021216 × 10^279 |
| 118 | ov_118 | 4.754393606891095 × 10^279 |
| 119 | ov_119 | 3.563135478811328 × 10^279 |
| 120 | ov_120 | 2.592135156462248 × 10^279 |
| 121 | ov_121 | 1.8184258133651655 × 10^279 |
| 122 | ov_122 | 1.219048903000643 × 10^279 |
| 123 | ov_123 | 7.710506169591937 × 10^278 |
| 124 | ov_124 | 4.5147982259160575 × 10^278 |
| 125 | ov_125 | 2.37386709141454 × 10^278 |
| 126 | ov_126 | 1.0582200846941813 × 10^278 |
| 127 | aaa_77_28 | 3.3836625955748608 × 10^277 |
| 128 | aaa_77_29 | 1.2705526980055205 × 10^277 |
| 129 | ov_129 | 1.1635773575132565 × 10^277 |
| 130 | ov_130 | 1.163574659690394 × 10^277 |
| 131 | ov_131 | 1.1635737915544608 × 10^277 |
| 132 | ov_132 | 1.0117249289492505 × 10^277 |
| 133 | ov_133 | 8.741331231813168 × 10^276 |
| 134 | ov_134 | 7.501450029909817 × 10^276 |
| 135 | ov_135 | 6.391446588357314 × 10^276 |
| 136 | ov_136 | 5.405508493537863 × 10^276 |
| 137 | ov_137 | 4.538145205223229 × 10^276 |
| 138 | ov_138 | 3.7792565750765813 × 10^276 |
| 139 | ov_139 | 3.119287795629155 × 10^276 |
| 140 | ov_140 | 2.549198874555547 × 10^276 |
| 141 | ov_141 | 2.0604388309406588 × 10^276 |
| 142 | ov_142 | 1.6449242001477993 × 10^276 |
| 143 | ov_143 | 1.295021360880996 × 10^276 |
| 144 | ov_144 | 1.003532195767496 × 10^276 |
| 145 | ov_145 | 7.636826287215945 × 10^275 |
| 146 | ov_146 | 5.6911361400884966 × 10^275 |
| 147 | ov_147 | 4.138741834017065 × 10^275 |
| 148 | ov_148 | 2.9241618917100784 × 10^275 |
| 149 | ov_149 | 1.9959042872156406 × 10^275 |
| 150 | ov_150 | 1.3064390148449602 × 10^275 |
| 151 | ov_151 | 8.121797989817968 × 10^274 |
| 152 | ov_152 | 4.734727395280749 × 10^274 |
| 153 | ov_153 | 2.5458983189648534 × 10^274 |
| 154 | ov_154 | 1.237256123841786 × 10^274 |
| 155 | ov_155 | 5.299553717993243 × 10^273 |
| 156 | aaa_76_25 | 1.843522339795743 × 10^273 |
| 157 | aaa_76_26 | 1.1352551975382069 × 10^273 |
| 158 | aaa_76_27 | 6.229616284984354 × 10^272 |
| 159 | aaa_76_28 | 2.9386843682484312 × 10^272 |
| 160 | aaa_76_29 | 1.1077225096969955 × 10^272 |

### Output Bits Sorted by Complexity

| Rank | Output Bit | Complexity |
|:----:|:----------:|:----------:|
| 160 | aaa_76_29 | 1.1077225096969955 × 10^272 |
| 159 | aaa_76_28 | 2.9386843682484312 × 10^272 |
| 158 | aaa_76_27 | 6.229616284984354 × 10^272 |
| 157 | aaa_76_26 | 1.1352551975382069 × 10^273 |
| 156 | aaa_76_25 | 1.843522339795743 × 10^273 |
| 155 | ov_155 | 5.299553717993243 × 10^273 |
| 154 | ov_154 | 1.237256123841786 × 10^274 |
| 153 | ov_153 | 2.5458983189648534 × 10^274 |
| 152 | ov_152 | 4.734727395280749 × 10^274 |
| 151 | ov_151 | 8.121797989817968 × 10^274 |
| 150 | ov_150 | 1.3064390148449602 × 10^275 |
| 149 | ov_149 | 1.9959042872156406 × 10^275 |
| 148 | ov_148 | 2.9241618917100784 × 10^275 |
| 147 | ov_147 | 4.138741834017065 × 10^275 |
| 146 | ov_146 | 5.6911361400884966 × 10^275 |
| 145 | ov_145 | 7.636826287215945 × 10^275 |
| 144 | ov_144 | 1.003532195767496 × 10^276 |
| 143 | ov_143 | 1.295021360880996 × 10^276 |
| 142 | ov_142 | 1.6449242001477993 × 10^276 |
| 141 | ov_141 | 2.0604388309406588 × 10^276 |
| 140 | ov_140 | 2.549198874555547 × 10^276 |
| 139 | ov_139 | 3.119287795629155 × 10^276 |
| 138 | ov_138 | 3.7792565750765813 × 10^276 |
| 137 | ov_137 | 4.538145205223229 × 10^276 |
| 136 | ov_136 | 5.405508493537863 × 10^276 |
| 135 | ov_135 | 6.391446588357314 × 10^276 |
| 134 | ov_134 | 7.501450029909817 × 10^276 |
| 133 | ov_133 | 8.741331231813168 × 10^276 |
| 132 | ov_132 | 1.0117249289492505 × 10^277 |
| 131 | ov_131 | 1.1635737915544608 × 10^277 |
| 130 | ov_130 | 1.163574659690394 × 10^277 |
| 129 | ov_129 | 1.1635773575132565 × 10^277 |
| 128 | aaa_77_29 | 1.2705526980055205 × 10^277 |
| 127 | aaa_77_28 | 3.3836625955748608 × 10^277 |
| 126 | ov_126 | 1.0582200846941813 × 10^278 |
| 125 | ov_125 | 2.37386709141454 × 10^278 |
| 124 | ov_124 | 4.5147982259160575 × 10^278 |
| 123 | ov_123 | 7.710506169591937 × 10^278 |
| 122 | ov_122 | 1.219048903000643 × 10^279 |
| 121 | ov_121 | 1.8184258133651655 × 10^279 |
| 120 | ov_120 | 2.592135156462248 × 10^279 |
| 119 | ov_119 | 3.563135478811328 × 10^279 |
| 118 | ov_118 | 4.754393606891095 × 10^279 |
| 117 | ov_117 | 6.188892198021216 × 10^279 |
| 116 | ov_116 | 7.889644600998299 × 10^279 |
| 115 | ov_115 | 9.879719302704251 × 10^279 |
| 114 | ov_114 | 1.2182275528797575 × 10^280 |
| 113 | ov_113 | 1.482061156695635 × 10^280 |
| 112 | ov_112 | 1.781822738187894 × 10^280 |
| 111 | ov_111 | 2.1198903092729055 × 10^280 |
| 110 | ov_110 | 2.4986794886478894 × 10^280 |
| 109 | ov_109 | 2.9206549945317566 × 10^280 |
| 108 | ov_108 | 3.3883441973792455 × 10^280 |
| 107 | ov_107 | 3.9043528922572146 × 10^280 |
| 106 | ov_106 | 4.4713834521503625 × 10^280 |
| 105 | ov_105 | 5.092255525597868 × 10^280 |
| 104 | ov_104 | 5.769929444879879 × 10^280 |
| 103 | ov_103 | 6.507532514616528 × 10^280 |
| 102 | ov_102 | 7.3083883552698245 × 10^280 |
| 101 | ov_101 | 8.176049481820237 × 10^280 |
| 100 | ov_100 | 9.114333305007912 × 10^280 |
| 96 | aaa_78_29 | 9.297558763178884 × 10^280 |
| 99 | ov_099 | 1.0127361751175296 × 10^281 |
| 98 | ov_098 | 1.012746034498477 × 10^281 |
| 97 | ov_097 | 1.0127768532947899 × 10^281 |
| 95 | aaa_78_28 | 2.453895232802405 × 10^281 |
| 94 | ov_094 | 7.62964523438559 × 10^281 |
| 93 | ov_093 | 1.702140937531098 × 10^282 |
| 92 | ov_092 | 3.222470045594261 × 10^282 |
| 91 | ov_091 | 6.064675685138165 × 10^282 |
| 90 | ov_090 | 1.1869839020111377 × 10^283 |
| 89 | ov_089 | 2.2598460587170136 × 10^283 |
| 88 | ov_088 | 4.053092211775672 × 10^283 |
| 87 | ov_087 | 6.8268345263960075 × 10^283 |
| 86 | ov_086 | 1.0873402035792957 × 10^284 |
| 85 | ov_085 | 1.651755873073166 × 10^284 |
| 84 | ov_084 | 2.4116815225436192 × 10^284 |
| 83 | ov_083 | 3.406185236378342 × 10^284 |
| 82 | ov_082 | 4.677707513174495 × 10^284 |
| 81 | ov_081 | 6.2721315245540946 × 10^284 |
| 64 | lv_79_k31 | 8.15062073259857 × 10^284 |
| 80 | ov_080 | 8.238870079104405 × 10^284 |
| 79 | ov_079 | 1.0630971130106849 × 10^285 |
| 78 | ov_078 | 1.3505243667780298 × 10^285 |
| 77 | ov_077 | 1.6922405840438122 × 10^285 |
| 76 | ov_076 | 2.0947257155065834 × 10^285 |
| 75 | ov_075 | 2.5648876617322766 × 10^285 |
| 74 | ov_074 | 3.1100848684937855 × 10^285 |
| 63 | ov_063 | 3.360906407929341 × 10^285 |
| 73 | ov_073 | 3.738151892811246 × 10^285 |
| 72 | ov_072 | 4.457428131719515 × 10^285 |
| 71 | ov_071 | 5.272490205965211 × 10^285 |
| 70 | ov_070 | 6.188210391280939 × 10^285 |
| 69 | ov_069 | 7.209777290202682 × 10^285 |
| 68 | ov_068 | 8.342718546454408 × 10^285 |
| 67 | ov_067 | 9.592925714944536 × 10^285 |
| 66 | ov_066 | 9.592933090975224 × 10^285 |
| 65 | ov_065 | 9.592955851595033 × 10^285 |
| 62 | ov_062 | 1.385144669590984 × 10^286 |
| 61 | ov_061 | 4.177732986888555 × 10^286 |
| 60 | ov_060 | 1.011668595784364 × 10^287 |
| 59 | ov_059 | 2.0968170276148096 × 10^287 |
| 58 | ov_058 | 3.862337715883697 × 10^287 |
| 57 | ov_057 | 6.497351249816635 × 10^287 |
| 56 | ov_056 | 1.1060475618329339 × 10^288 |
| 55 | ov_055 | 1.985808297395159 × 10^288 |
| 54 | ov_054 | 3.557484003997523 × 10^288 |
| 53 | ov_053 | 6.127376952556885 × 10^288 |
| 52 | ov_052 | 1.0039635757900224 × 10^289 |
| 51 | ov_051 | 1.5676275219404256 × 10^289 |
| 50 | ov_050 | 2.3457214522602887 × 10^289 |
| 49 | ov_049 | 3.3620905641762155 × 10^289 |
| 48 | ov_048 | 4.642488487833103 × 10^289 |
| 47 | ov_047 | 6.214588674315877 × 10^289 |
| 32 | lv_80_k31 | 7.279092409429885 × 10^289 |
| 46 | ov_046 | 8.108000907741309 × 10^289 |
| 45 | ov_045 | 1.0354294240596977 × 10^290 |
| 44 | ov_044 | 1.2987027782802923 × 10^290 |
| 43 | ov_043 | 1.6041790907783 × 10^290 |
| 42 | ov_042 | 1.9591843947302154 × 10^290 |
| 41 | ov_041 | 2.3714674675921967 × 10^290 |
| 40 | ov_040 | 2.849214178605155 × 10^290 |
| 31 | ov_031 | 3.0146233323279126 × 10^290 |
| 39 | ov_039 | 3.4010650344439484 × 10^290 |
| 38 | ov_038 | 4.0361363627146845 × 10^290 |
| 37 | ov_037 | 4.764045603731321 × 10^290 |
| 36 | ov_036 | 5.594941213014975 × 10^290 |
| 35 | ov_035 | 6.5343266866993926 × 10^290 |
| 34 | ov_034 | 7.588019879876124 × 10^290 |
| 33 | ov_033 | 8.762178213045199 × 10^290 |
| 30 | ov_030 | 1.2475942299799709 × 10^291 |
| 29 | ov_029 | 3.776311668329135 × 10^291 |
| 28 | ov_028 | 9.174832722604738 × 10^291 |
| 27 | ov_027 | 2.194038088634009 × 10^292 |
| 26 | ov_026 | 5.281224303743192 × 10^292 |
| 25 | ov_025 | 1.1601940223955196 × 10^293 |
| 24 | ov_024 | 2.2928060561208218 × 10^293 |
| 23 | ov_023 | 4.138045415529556 × 10^293 |
| 22 | ov_022 | 6.942902207606614 × 10^293 |
| 21 | ov_021 | 1.098927684544849 × 10^294 |
| 20 | ov_020 | 1.6593991831061615 × 10^294 |
| 19 | ov_019 | 2.4108810608027783 × 10^294 |
| 18 | ov_018 | 3.3920469722990534 × 10^294 |
| 17 | ov_017 | 4.645073726499329 × 10^294 |
| 16 | ov_016 | 6.215651667772588 × 10^294 |
| 15 | ov_015 | 8.153001893593224 × 10^294 |
| 14 | ov_014 | 1.0509902910467404 × 10^295 |
| 13 | ov_013 | 1.3342729632894856 × 10^295 |
| 12 | ov_012 | 1.6711507713809646 × 10^295 |
| 11 | ov_011 | 2.0679985821208463 × 10^295 |
| 10 | ov_010 | 2.5315728045632033 × 10^295 |
| 9 | ov_009 | 3.0690228575912114 × 10^295 |
| 8 | ov_008 | 3.6879050934961527 × 10^295 |
| 7 | ov_007 | 4.396199422335515 × 10^295 |
| 6 | ov_006 | 5.19823079845178 × 10^295 |
| 5 | ov_005 | 6.098563323922796 × 10^295 |
| 4 | ov_004 | 7.102014526588214 × 10^295 |
| 3 | ov_003 | 8.213671933597925 × 10^295 |
| 2 | ov_002 | 9.438912268094736 × 10^295 |
| 1 | ov_001 | 1.078342361486564 × 10^296 |

