# Results for F007-F008-F009-F010-F011-F012-F013-F014-F015-F016-F017-F018-F019-F020-F021-F022-F023-F024-F025-F026-F027-F028-F029-F030-F031-F032-F033-F034-F035-F036-F037-F038-F039-F040-F041-F042-F043-F044-F045-F046-F047-F048-F049-F050-F051-F052-F053-F054-F055-F056-F057-F058-F059-F060-F061-F062-F063-F064-F065-F066-F067-F068-F069-F070-F071-F072-F073-F074-F075-F076-F077-F078-F079-F080-F081-F082-F083-F084-F085-F086-F087-F088-F089-F090-F091-F092-F093-F094-F095-F096-F097-F098-F099-F100-F101-F102-F103-F104-F105-F106-F107-F108-F109-F110-F111-F112-F113-F114-F115-F116-F117-F118-F119-F120-F121-F122-F123-F124-F125-F126-F127-F128-F129-F130-F131-F132-F133-F134-F135-F136-F137-F138-F139-F140-F141-F142-F143-F144-F145-F146-F147-F148-F149-F150-F151-F152-F153-F154-F155-F156-F157-F158-F159-F160-F161-F162-F163-F164-F165-F166-F167-F168-F169-F170-F171-F172-F173-F174-F175-F176-F177-F178-F179-F180-F181-F182-F183-F184-F185-F186-F187-F188-F189-F190-F191-F192-F193-F194-F195-F196-F197-F198-F199-F200-F201-F202-F203-F204-F205-F206-F207-F208-F209-F210-F211-F212-F213-F214-F215-F216-F217-F218-F219-F220-F221-F222-F223-F224-F225-F226-F227-F228-F229-F230-F231-F232-F233-F234-F235-F236-F237-F238-F239-F240-F241-F242-F243-F244-F245-F246-F247-F248-F249-F250-F251-F252-F253-F254-F255-F256-F257-F258-F259-F260-F261-F262-F263-F264-F265-F266-F267-F268-F269-F270-F271-F272-F273-F274-F275-F276-F277-F278-F279-F280-F281-F282-F283-F284-F285-F286-F287-F288-F289-F290-F291-F292-F293-F294-F295-F296-F297-F298-F299-F300-F301-F302-F303-F304-F305-F306-F307-F308-F309-F310-F311-F312-F313-F314-F315-F316-F317-F318-F319-F320-F321-F322-F323-F324-F325-F326-F327-F328-F329-F330-F331-F332-F333-F334-F335-F336-F337-F338-F339-F340-F341-F342-F343-F344-F345-F346-F347-F348-F349-F350-F351-F352-F353-F354-F355-F356-F357-F358-F359-F360-F361-F362-F363-F364-F365-F366-F367-F368-F369-F370-F371-F372-F373-F374-F375-F376-F377-F378-F379-F380-F381-F382-F383-F384-F385-F386-F387-F388-F389-F390-F391-F392-F393-F394-F395-F396-F397-F398-F399-F400-F401-F402-F403-F404-F405-F406-F407-F408-F409-F410-F411-F412-F413-F414-F415-F416-F417-F418-F419-F420-F421-F422-F423-F424-F425-F426-F427-F428-F429-F430-F431-F432-F433-F434-F435-F436-F437-F438-F439-F440-F441-F442-F443-F444-F445-F446-F447-F448-F449-F450-F451-F452-F453-F454-F455-F456-F457-F458-F459-F460-F461-F462-F463-F464-F465-F466-F467-F468-F469-F470-F471-F472-F473-F474-F475-F476-F477-F478-F479-F480-F481-F482-F483-F484-F485-F486-F487-F488-F489-F490-F491-F492-F493-F494-F495-F496-F497-F498-F499-F500-F501-F502-F503-F504-F505-F506-F507-F508-F509-F510-F511-F512

## Summary

Number of input bits: 512  
Number of free input bits: 6  
Number of output bits: 160

Number of direct occurrences: 28660  
Number of assignments: 36943  
Number of operations: 18273276
(xor: 18231888,
and: 25911,
or: 15477)

Total complexity: 4.5725849285488625 × 10^349

Least occurring input variable: iv_001 (4541)  
Most occurring input variable: iv_006 (5060)

Most co-occurring input variables: iv_005-iv_006 (2558)  
Least co-occurring input variables: iv_001-iv_003 (2119)

Potentially most occurring input variable: iv_002/iv_006 (5258)  
Potentially least occurring input variable: iv_003/iv_004 (4719)

Least output occurring input variable: iv_002 (73)  
Most output occurring input variable: iv_004 (86)

Most output co-occurring input variables: iv_004-iv_005 (47)  
Least output co-occurring input variables: iv_001-iv_002 (30)

Potentially most output occurring input variable: iv_001/iv_002 (88)  
Potentially least output occurring input variable: iv_002/iv_003 (72)

Least complex input bit: iv_001 (3.5060986021888444 × 10^347)  
Most complex input bit: iv_006 (1.4945714105218238 × 10^349)

Least complex output bit: aaa_76_29 (1.8314800706580646 × 10^325)  
Most complex output bit: ov_001 (7.025723951072316 × 10^348)

Least complex input/output complexity: iv_001/aaa_76_29 (1.4043150244360388 × 10^323)  
Most complex input/output complexity: iv_006/ov_001 (2.296391717063961 × 10^348)

Input variable with highest collision probability: iv_002 (½^160.00000000000063)

## Input Bits

### Input Bits in Regular Order

| Input Bit | Complexity | Occurrences | Output Occurrences | Collision Probability |
|:---------:|:----------:|:-----------:|:------------------:|:---------------------:|
| iv_001 | 3.5060986021888444 × 10^347 | 4541 | 75 | ½^160.00000000000085 |
| iv_002 | 1.5349543979014086 × 10^348 | 4710 | 73 | ½^160.00000000000063 |
| iv_003 | 4.4029765846962763 × 10^348 | 4685 | 83 | ½^160.00000000000088 |
| iv_004 | 9.548903443500097 × 10^348 | 4808 | 86 | ½^160.00000000000082 |
| iv_005 | 1.4942690893953706 × 10^349 | 4856 | 85 | ½^160.0000000000009 |
| iv_006 | 1.4945714105218238 × 10^349 | 5060 | 84 | ½^160.0000000000007 |

### Input Bits Sorted by Complexity

| Input Bit | Complexity | Occurrences | Output Occurrences | Collision Probability |
|:---------:|:----------:|:-----------:|:------------------:|:---------------------:|
| iv_001 | 3.5060986021888444 × 10^347 | 4541 | 75 | ½^160.00000000000085 |
| iv_002 | 1.5349543979014086 × 10^348 | 4710 | 73 | ½^160.00000000000063 |
| iv_003 | 4.4029765846962763 × 10^348 | 4685 | 83 | ½^160.00000000000088 |
| iv_004 | 9.548903443500097 × 10^348 | 4808 | 86 | ½^160.00000000000082 |
| iv_005 | 1.4942690893953706 × 10^349 | 4856 | 85 | ½^160.0000000000009 |
| iv_006 | 1.4945714105218238 × 10^349 | 5060 | 84 | ½^160.0000000000007 |

### Input Bits Sorted by Occurrences

| Input Bit | Complexity | Occurrences | Output Occurrences | Collision Probability |
|:---------:|:----------:|:-----------:|:------------------:|:---------------------:|
| iv_001 | 3.5060986021888444 × 10^347 | 4541 | 75 | ½^160.00000000000085 |
| iv_003 | 4.4029765846962763 × 10^348 | 4685 | 83 | ½^160.00000000000088 |
| iv_002 | 1.5349543979014086 × 10^348 | 4710 | 73 | ½^160.00000000000063 |
| iv_004 | 9.548903443500097 × 10^348 | 4808 | 86 | ½^160.00000000000082 |
| iv_005 | 1.4942690893953706 × 10^349 | 4856 | 85 | ½^160.0000000000009 |
| iv_006 | 1.4945714105218238 × 10^349 | 5060 | 84 | ½^160.0000000000007 |

### Input Bits Sorted by Output Occurrences

| Input Bit | Complexity | Occurrences | Output Occurrences | Collision Probability |
|:---------:|:----------:|:-----------:|:------------------:|:---------------------:|
| iv_002 | 1.5349543979014086 × 10^348 | 4710 | 73 | ½^160.00000000000063 |
| iv_001 | 3.5060986021888444 × 10^347 | 4541 | 75 | ½^160.00000000000085 |
| iv_003 | 4.4029765846962763 × 10^348 | 4685 | 83 | ½^160.00000000000088 |
| iv_006 | 1.4945714105218238 × 10^349 | 5060 | 84 | ½^160.0000000000007 |
| iv_005 | 1.4942690893953706 × 10^349 | 4856 | 85 | ½^160.0000000000009 |
| iv_004 | 9.548903443500097 × 10^348 | 4808 | 86 | ½^160.00000000000082 |

### Input Bits Sorted by Collision Probability

| Input Bit | Complexity | Occurrences | Output Occurrences | Collision Probability |
|:---------:|:----------:|:-----------:|:------------------:|:---------------------:|
| iv_002 | 1.5349543979014086 × 10^348 | 4710 | 73 | ½^160.00000000000063 |
| iv_006 | 1.4945714105218238 × 10^349 | 5060 | 84 | ½^160.0000000000007 |
| iv_004 | 9.548903443500097 × 10^348 | 4808 | 86 | ½^160.00000000000082 |
| iv_001 | 3.5060986021888444 × 10^347 | 4541 | 75 | ½^160.00000000000085 |
| iv_003 | 4.4029765846962763 × 10^348 | 4685 | 83 | ½^160.00000000000088 |
| iv_005 | 1.4942690893953706 × 10^349 | 4856 | 85 | ½^160.0000000000009 |

## Input Bit/Output Bit Collision Probabilities

| Input Bit | Output Bit | Collision Probability |
|:---------:|:----------:|:---------------------:|
| iv_002 | ov_090 | 0.5000000000000022 |
| iv_001 | ov_054 | 0.5000000000000018 |
| iv_002 | ov_017 | 0.5000000000000017 |
| iv_002 | ov_142 | 0.5000000000000017 |
| iv_003 | ov_120 | 0.5000000000000016 |
| iv_005 | ov_066 | 0.5000000000000016 |

## Input Bit Co-occurrences

### Input Bit Co-occurrences Sorted by Co-occurrences

| Input Bits | Co-occurrences | Potential Occurrences | Output Co-occurrences | Potential Output Occurrences |
|:----------:|:--------------:|:---------------------:|:---------------------:|:----------------------------:|
| iv_005-iv_006 | 2558 | 4800 | 45 | 79 |
| iv_004-iv_005 | 2471 | 4722 | 47 | 77 |
| iv_003-iv_004 | 2387 | 4719 | 42 | 85 |
| iv_004-iv_006 | 2359 | 5150 | 46 | 78 |
| iv_003-iv_006 | 2346 | 5053 | 46 | 75 |
| iv_002-iv_006 | 2256 | 5258 | 37 | 83 |

### Input Bit Co-occurrences Sorted by Potential Occurrences

| Input Bits | Co-occurrences | Potential Occurrences | Output Co-occurrences | Potential Output Occurrences |
|:----------:|:--------------:|:---------------------:|:---------------------:|:----------------------------:|
| iv_003-iv_004 | 2387 | 4719 | 42 | 85 |
| iv_004-iv_005 | 2471 | 4722 | 47 | 77 |
| iv_005-iv_006 | 2558 | 4800 | 45 | 79 |
| iv_002-iv_003 | 2247 | 4901 | 42 | 72 |
| iv_001-iv_004 | 2214 | 4921 | 42 | 77 |
| iv_001-iv_002 | 2142 | 4967 | 30 | 88 |

### Input Bit Output Co-occurrences Sorted by Output Co-occurrences

| Input Bits | Co-occurrences | Potential Occurrences | Output Co-occurrences | Potential Output Occurrences |
|:----------:|:--------------:|:---------------------:|:---------------------:|:----------------------------:|
| iv_004-iv_005 | 2471 | 4722 | 47 | 77 |
| iv_004-iv_006 | 2359 | 5150 | 46 | 78 |
| iv_003-iv_006 | 2346 | 5053 | 46 | 75 |
| iv_005-iv_006 | 2558 | 4800 | 45 | 79 |
| iv_003-iv_005 | 2193 | 5155 | 44 | 80 |
| iv_002-iv_003 | 2247 | 4901 | 42 | 72 |

### Input Bit Output Co-occurrences Sorted by Potential Output Occurrences

| Input Bits | Co-occurrences | Potential Occurrences | Output Co-occurrences | Potential Output Occurrences |
|:----------:|:--------------:|:---------------------:|:---------------------:|:----------------------------:|
| iv_002-iv_003 | 2247 | 4901 | 42 | 72 |
| iv_001-iv_006 | 2214 | 5173 | 42 | 75 |
| iv_003-iv_006 | 2346 | 5053 | 46 | 75 |
| iv_001-iv_004 | 2214 | 4921 | 42 | 77 |
| iv_004-iv_005 | 2471 | 4722 | 47 | 77 |
| iv_004-iv_006 | 2359 | 5150 | 46 | 78 |

## Output Bits

### Output Bits in Regular Order

| Rank | Output Bit | Complexity |
|:----:|:----------:|:----------:|
| 1 | ov_001 | 7.025723951072316 × 10^348 |
| 2 | ov_002 | 6.141339880563921 × 10^348 |
| 3 | ov_003 | 5.339491466020124 × 10^348 |
| 4 | ov_004 | 4.61521106254811 × 10^348 |
| 5 | ov_005 | 3.9638174876707206 × 10^348 |
| 6 | ov_006 | 3.380894891602669 × 10^348 |
| 7 | ov_007 | 2.8622739514932003 × 10^348 |
| 8 | ov_008 | 2.4040152508969145 × 10^348 |
| 9 | ov_009 | 2.0023947141314874 × 10^348 |
| 10 | ov_010 | 1.6538909731159293 × 10^348 |
| 11 | ov_011 | 1.3551745518081298 × 10^348 |
| 12 | ov_012 | 1.1030987369669022 × 10^348 |
| 13 | ov_013 | 8.918892731582459 × 10^347 |
| 14 | ov_014 | 7.16104532968585 × 10^347 |
| 15 | ov_015 | 5.706262950581268 × 10^347 |
| 16 | ov_016 | 4.506523899653029 × 10^347 |
| 17 | ov_017 | 3.516909336853505 × 10^347 |
| 18 | ov_018 | 2.695558920383061 × 10^347 |
| 19 | ov_019 | 2.022302314362313 × 10^347 |
| 20 | ov_020 | 1.4784746194037285 × 10^347 |
| 21 | ov_021 | 1.0469060597783339 × 10^347 |
| 22 | ov_022 | 7.11914698104239 × 10^346 |
| 23 | ov_023 | 4.593014718375072 × 10^346 |
| 24 | ov_024 | 2.7634703301081105 × 10^346 |
| 25 | ov_025 | 1.5180990511482863 × 10^346 |
| 26 | ov_026 | 7.592550338282815 × 10^345 |
| 27 | ov_027 | 3.359376516255675 × 10^345 |
| 28 | ov_028 | 1.2667061035753193 × 10^345 |
| 29 | ov_029 | 3.950121456922385 × 10^344 |
| 30 | ov_030 | 1.1038291721910909 × 10^344 |
| 31 | ov_031 | 2.6886282826199414 × 10^343 |
| 32 | lv_80_k31 | 6.546989059878404 × 10^342 |
| 33 | ov_033 | 8.062442844696404 × 10^343 |
| 34 | ov_034 | 7.100544805111284 × 10^343 |
| 35 | ov_035 | 6.222714183084318 × 10^343 |
| 36 | ov_036 | 5.423902010561338 × 10^343 |
| 37 | ov_037 | 4.699370448411017 × 10^343 |
| 38 | ov_038 | 4.044671541557689 × 10^343 |
| 39 | ov_039 | 3.455627832643581 × 10^343 |
| 40 | ov_040 | 2.9283147326986937 × 10^343 |
| 41 | ov_041 | 2.459044552123208 × 10^343 |
| 42 | ov_042 | 2.044352099329451 × 10^343 |
| 43 | ov_043 | 1.6809817577397065 × 10^343 |
| 44 | ov_044 | 1.3658759545777853 × 10^343 |
| 45 | ov_045 | 1.0961649371058452 × 10^343 |
| 46 | ov_046 | 8.691577737172125 × 10^342 |
| 47 | ov_047 | 6.799787069915888 × 10^342 |
| 48 | ov_048 | 5.240745199163338 × 10^342 |
| 49 | ov_049 | 3.9720382568222 × 10^342 |
| 50 | ov_050 | 2.9542808952867834 × 10^342 |
| 51 | ov_051 | 2.151042260308294 × 10^342 |
| 52 | ov_052 | 1.5287861565322746 × 10^342 |
| 53 | ov_053 | 1.056823846631839 × 10^342 |
| 54 | ov_054 | 7.072779265146457 × 10^341 |
| 55 | ov_055 | 4.55055719906938 × 10^341 |
| 56 | ov_056 | 2.778306360186735 × 10^341 |
| 57 | ov_057 | 1.560299341723706 × 10^341 |
| 58 | ov_058 | 8.055452894426974 × 10^340 |
| 59 | ov_059 | 3.732065938478187 × 10^340 |
| 60 | ov_060 | 1.4985210091281618 × 10^340 |
| 61 | ov_061 | 4.944997895038661 × 10^339 |
| 62 | ov_062 | 1.2493786971899862 × 10^339 |
| 63 | ov_063 | 2.580407566459242 × 10^338 |
| 64 | lv_79_k31 | 6.31360794505156 × 10^337 |
| 65 | ov_065 | 8.659015742734162 × 10^338 |
| 66 | ov_066 | 8.658746946508963 × 10^338 |
| 67 | ov_067 | 8.658660386476821 × 10^338 |
| 68 | ov_068 | 7.786901431816827 × 10^338 |
| 69 | ov_069 | 6.980641458916887 × 10^338 |
| 70 | ov_070 | 6.236099516370945 × 10^338 |
| 71 | ov_071 | 5.549774335674701 × 10^338 |
| 72 | ov_072 | 4.9184135403934125 × 10^338 |
| 73 | ov_073 | 4.338984546693516 × 10^338 |
| 74 | ov_074 | 3.8086470600048966 × 10^338 |
| 75 | ov_075 | 3.324727077377418 × 10^338 |
| 76 | ov_076 | 2.8846926232643574 × 10^338 |
| 77 | ov_077 | 2.4861317447048654 × 10^338 |
| 78 | ov_078 | 2.126732942651876 × 10^338 |
| 79 | ov_079 | 1.804267886639635 × 10^338 |
| 80 | ov_080 | 1.5165762635024996 × 10^338 |
| 81 | ov_081 | 1.2615526135904874 × 10^338 |
| 82 | ov_082 | 1.037135009997067 × 10^338 |
| 83 | ov_083 | 8.412954378398139 × 10^337 |
| 84 | ov_084 | 6.720317317233139 × 10^337 |
| 85 | ov_085 | 5.273609302620305 × 10^337 |
| 86 | ov_086 | 4.0531390703206025 × 10^337 |
| 87 | ov_087 | 3.0393113762552326 × 10^337 |
| 88 | ov_088 | 2.2125946265999154 × 10^337 |
| 89 | ov_089 | 1.5534970669123245 × 10^337 |
| 90 | ov_090 | 1.042550130201265 × 10^337 |
| 91 | ov_091 | 6.6029754401296025 × 10^336 |
| 92 | ov_092 | 3.8728880809089797 × 10^336 |
| 93 | ov_093 | 2.040757216569757 × 10^336 |
| 94 | ov_094 | 9.12108149845644 × 10^335 |
| 95 | aaa_78_28 | 2.924679766011078 × 10^335 |
| 96 | aaa_78_29 | 1.1030666200300637 × 10^335 |
| 97 | ov_097 | 1.0644087823794766 × 10^335 |
| 98 | ov_098 | 1.0644063714832228 × 10^335 |
| 99 | ov_099 | 1.0644055951783539 × 10^335 |
| 100 | ov_100 | 9.380475001601841 × 10^334 |
| 101 | ov_101 | 8.225063256301644 × 10^334 |
| 102 | ov_102 | 7.17180703152861 × 10^334 |
| 103 | ov_103 | 6.215045422741282 × 10^334 |
| 104 | ov_104 | 5.349445101223378 × 10^334 |
| 105 | ov_105 | 4.5699777565883225 × 10^334 |
| 106 | ov_106 | 3.871899996852257 × 10^334 |
| 107 | ov_107 | 3.250735527633054 × 10^334 |
| 108 | ov_108 | 2.702259441992211 × 10^334 |
| 109 | ov_109 | 2.22248446195141 × 10^334 |
| 110 | ov_110 | 1.8076489818585515 × 10^334 |
| 111 | ov_111 | 1.4542067726153758 × 10^334 |
| 112 | ov_112 | 1.155677840925131 × 10^334 |
| 113 | ov_113 | 9.05974612179735 × 10^333 |
| 114 | ov_114 | 6.993909633119986 × 10^333 |
| 115 | ov_115 | 5.30593497374926 × 10^333 |
| 116 | ov_116 | 3.946147870521896 × 10^333 |
| 117 | ov_117 | 2.868482754183849 × 10^333 |
| 118 | ov_118 | 2.030445310362284 × 10^333 |
| 119 | ov_119 | 1.3930858605704504 × 10^333 |
| 120 | ov_120 | 9.209811752221529 × 10^332 |
| 121 | ov_121 | 5.822226356929566 × 10^332 |
| 122 | ov_122 | 3.4840897740325864 × 10^332 |
| 123 | ov_123 | 1.9464216078314542 × 10^332 |
| 124 | ov_124 | 9.952523056389139 × 10^331 |
| 125 | ov_125 | 4.516132856189058 × 10^331 |
| 126 | ov_126 | 1.7153302527804336 × 10^331 |
| 127 | aaa_77_28 | 4.603579622782525 × 10^330 |
| 128 | aaa_77_29 | 1.230636630416982 × 10^330 |
| 129 | ov_129 | 9.884090629143032 × 10^329 |
| 130 | ov_130 | 9.884054750870072 × 10^329 |
| 131 | ov_131 | 9.884046012226966 × 10^329 |
| 132 | ov_132 | 8.742699225663046 × 10^329 |
| 133 | ov_133 | 7.702267523170526 × 10^329 |
| 134 | ov_134 | 6.756059267824074 × 10^329 |
| 135 | ov_135 | 5.897772751765665 × 10^329 |
| 136 | ov_136 | 5.121467882912367 × 10^329 |
| 137 | ov_137 | 4.4215408966339977 × 10^329 |
| 138 | ov_138 | 3.792701889267966 × 10^329 |
| 139 | ov_139 | 3.229954980183924 × 10^329 |
| 140 | ov_140 | 2.7285809186675023 × 10^329 |
| 141 | ov_141 | 2.2841219612429341 × 10^329 |
| 142 | ov_142 | 1.8923688542632087 × 10^329 |
| 143 | ov_143 | 1.5493497657099993 × 10^329 |
| 144 | ov_144 | 1.2513210191945656 × 10^329 |
| 145 | ov_145 | 9.947594921526595 × 10^328 |
| 146 | ov_146 | 7.76356521393067 × 10^328 |
| 147 | ov_147 | 5.930131147186241 × 10^328 |
| 148 | ov_148 | 4.418362551100644 × 10^328 |
| 149 | ov_149 | 3.201361017245128 × 10^328 |
| 150 | ov_150 | 2.254239096951872 × 10^328 |
| 151 | ov_151 | 1.533198208365821 × 10^328 |
| 152 | ov_152 | 9.9840198478155 × 10^327 |
| 153 | ov_153 | 6.1396417226572774 × 10^327 |
| 154 | ov_154 | 3.479413288618831 × 10^327 |
| 155 | ov_155 | 1.7232882867680989 × 10^327 |
| 156 | aaa_76_25 | 6.30589489516761 × 10^326 |
| 157 | aaa_76_26 | 3.3043903433250983 × 10^326 |
| 158 | aaa_76_27 | 1.5289052950824732 × 10^326 |
| 159 | aaa_76_28 | 5.986902341583389 × 10^325 |
| 160 | aaa_76_29 | 1.8314800706580646 × 10^325 |

### Output Bits Sorted by Complexity

| Rank | Output Bit | Complexity |
|:----:|:----------:|:----------:|
| 160 | aaa_76_29 | 1.8314800706580646 × 10^325 |
| 159 | aaa_76_28 | 5.986902341583389 × 10^325 |
| 158 | aaa_76_27 | 1.5289052950824732 × 10^326 |
| 157 | aaa_76_26 | 3.3043903433250983 × 10^326 |
| 156 | aaa_76_25 | 6.30589489516761 × 10^326 |
| 155 | ov_155 | 1.7232882867680989 × 10^327 |
| 154 | ov_154 | 3.479413288618831 × 10^327 |
| 153 | ov_153 | 6.1396417226572774 × 10^327 |
| 152 | ov_152 | 9.9840198478155 × 10^327 |
| 151 | ov_151 | 1.533198208365821 × 10^328 |
| 150 | ov_150 | 2.254239096951872 × 10^328 |
| 149 | ov_149 | 3.201361017245128 × 10^328 |
| 148 | ov_148 | 4.418362551100644 × 10^328 |
| 147 | ov_147 | 5.930131147186241 × 10^328 |
| 146 | ov_146 | 7.76356521393067 × 10^328 |
| 145 | ov_145 | 9.947594921526595 × 10^328 |
| 144 | ov_144 | 1.2513210191945656 × 10^329 |
| 143 | ov_143 | 1.5493497657099993 × 10^329 |
| 142 | ov_142 | 1.8923688542632087 × 10^329 |
| 141 | ov_141 | 2.2841219612429341 × 10^329 |
| 140 | ov_140 | 2.7285809186675023 × 10^329 |
| 139 | ov_139 | 3.229954980183924 × 10^329 |
| 138 | ov_138 | 3.792701889267966 × 10^329 |
| 137 | ov_137 | 4.4215408966339977 × 10^329 |
| 136 | ov_136 | 5.121467882912367 × 10^329 |
| 135 | ov_135 | 5.897772751765665 × 10^329 |
| 134 | ov_134 | 6.756059267824074 × 10^329 |
| 133 | ov_133 | 7.702267523170526 × 10^329 |
| 132 | ov_132 | 8.742699225663046 × 10^329 |
| 131 | ov_131 | 9.884046012226966 × 10^329 |
| 130 | ov_130 | 9.884054750870072 × 10^329 |
| 129 | ov_129 | 9.884090629143032 × 10^329 |
| 128 | aaa_77_29 | 1.230636630416982 × 10^330 |
| 127 | aaa_77_28 | 4.603579622782525 × 10^330 |
| 126 | ov_126 | 1.7153302527804336 × 10^331 |
| 125 | ov_125 | 4.516132856189058 × 10^331 |
| 124 | ov_124 | 9.952523056389139 × 10^331 |
| 123 | ov_123 | 1.9464216078314542 × 10^332 |
| 122 | ov_122 | 3.4840897740325864 × 10^332 |
| 121 | ov_121 | 5.822226356929566 × 10^332 |
| 120 | ov_120 | 9.209811752221529 × 10^332 |
| 119 | ov_119 | 1.3930858605704504 × 10^333 |
| 118 | ov_118 | 2.030445310362284 × 10^333 |
| 117 | ov_117 | 2.868482754183849 × 10^333 |
| 116 | ov_116 | 3.946147870521896 × 10^333 |
| 115 | ov_115 | 5.30593497374926 × 10^333 |
| 114 | ov_114 | 6.993909633119986 × 10^333 |
| 113 | ov_113 | 9.05974612179735 × 10^333 |
| 112 | ov_112 | 1.155677840925131 × 10^334 |
| 111 | ov_111 | 1.4542067726153758 × 10^334 |
| 110 | ov_110 | 1.8076489818585515 × 10^334 |
| 109 | ov_109 | 2.22248446195141 × 10^334 |
| 108 | ov_108 | 2.702259441992211 × 10^334 |
| 107 | ov_107 | 3.250735527633054 × 10^334 |
| 106 | ov_106 | 3.871899996852257 × 10^334 |
| 105 | ov_105 | 4.5699777565883225 × 10^334 |
| 104 | ov_104 | 5.349445101223378 × 10^334 |
| 103 | ov_103 | 6.215045422741282 × 10^334 |
| 102 | ov_102 | 7.17180703152861 × 10^334 |
| 101 | ov_101 | 8.225063256301644 × 10^334 |
| 100 | ov_100 | 9.380475001601841 × 10^334 |
| 99 | ov_099 | 1.0644055951783539 × 10^335 |
| 98 | ov_098 | 1.0644063714832228 × 10^335 |
| 97 | ov_097 | 1.0644087823794766 × 10^335 |
| 96 | aaa_78_29 | 1.1030666200300637 × 10^335 |
| 95 | aaa_78_28 | 2.924679766011078 × 10^335 |
| 94 | ov_094 | 9.12108149845644 × 10^335 |
| 93 | ov_093 | 2.040757216569757 × 10^336 |
| 92 | ov_092 | 3.8728880809089797 × 10^336 |
| 91 | ov_091 | 6.6029754401296025 × 10^336 |
| 90 | ov_090 | 1.042550130201265 × 10^337 |
| 89 | ov_089 | 1.5534970669123245 × 10^337 |
| 88 | ov_088 | 2.2125946265999154 × 10^337 |
| 87 | ov_087 | 3.0393113762552326 × 10^337 |
| 86 | ov_086 | 4.0531390703206025 × 10^337 |
| 85 | ov_085 | 5.273609302620305 × 10^337 |
| 64 | lv_79_k31 | 6.31360794505156 × 10^337 |
| 84 | ov_084 | 6.720317317233139 × 10^337 |
| 83 | ov_083 | 8.412954378398139 × 10^337 |
| 82 | ov_082 | 1.037135009997067 × 10^338 |
| 81 | ov_081 | 1.2615526135904874 × 10^338 |
| 80 | ov_080 | 1.5165762635024996 × 10^338 |
| 79 | ov_079 | 1.804267886639635 × 10^338 |
| 78 | ov_078 | 2.126732942651876 × 10^338 |
| 77 | ov_077 | 2.4861317447048654 × 10^338 |
| 63 | ov_063 | 2.580407566459242 × 10^338 |
| 76 | ov_076 | 2.8846926232643574 × 10^338 |
| 75 | ov_075 | 3.324727077377418 × 10^338 |
| 74 | ov_074 | 3.8086470600048966 × 10^338 |
| 73 | ov_073 | 4.338984546693516 × 10^338 |
| 72 | ov_072 | 4.9184135403934125 × 10^338 |
| 71 | ov_071 | 5.549774335674701 × 10^338 |
| 70 | ov_070 | 6.236099516370945 × 10^338 |
| 69 | ov_069 | 6.980641458916887 × 10^338 |
| 68 | ov_068 | 7.786901431816827 × 10^338 |
| 67 | ov_067 | 8.658660386476821 × 10^338 |
| 66 | ov_066 | 8.658746946508963 × 10^338 |
| 65 | ov_065 | 8.659015742734162 × 10^338 |
| 62 | ov_062 | 1.2493786971899862 × 10^339 |
| 61 | ov_061 | 4.944997895038661 × 10^339 |
| 60 | ov_060 | 1.4985210091281618 × 10^340 |
| 59 | ov_059 | 3.732065938478187 × 10^340 |
| 58 | ov_058 | 8.055452894426974 × 10^340 |
| 57 | ov_057 | 1.560299341723706 × 10^341 |
| 56 | ov_056 | 2.778306360186735 × 10^341 |
| 55 | ov_055 | 4.55055719906938 × 10^341 |
| 54 | ov_054 | 7.072779265146457 × 10^341 |
| 53 | ov_053 | 1.056823846631839 × 10^342 |
| 52 | ov_052 | 1.5287861565322746 × 10^342 |
| 51 | ov_051 | 2.151042260308294 × 10^342 |
| 50 | ov_050 | 2.9542808952867834 × 10^342 |
| 49 | ov_049 | 3.9720382568222 × 10^342 |
| 48 | ov_048 | 5.240745199163338 × 10^342 |
| 32 | lv_80_k31 | 6.546989059878404 × 10^342 |
| 47 | ov_047 | 6.799787069915888 × 10^342 |
| 46 | ov_046 | 8.691577737172125 × 10^342 |
| 45 | ov_045 | 1.0961649371058452 × 10^343 |
| 44 | ov_044 | 1.3658759545777853 × 10^343 |
| 43 | ov_043 | 1.6809817577397065 × 10^343 |
| 42 | ov_042 | 2.044352099329451 × 10^343 |
| 41 | ov_041 | 2.459044552123208 × 10^343 |
| 31 | ov_031 | 2.6886282826199414 × 10^343 |
| 40 | ov_040 | 2.9283147326986937 × 10^343 |
| 39 | ov_039 | 3.455627832643581 × 10^343 |
| 38 | ov_038 | 4.044671541557689 × 10^343 |
| 37 | ov_037 | 4.699370448411017 × 10^343 |
| 36 | ov_036 | 5.423902010561338 × 10^343 |
| 35 | ov_035 | 6.222714183084318 × 10^343 |
| 34 | ov_034 | 7.100544805111284 × 10^343 |
| 33 | ov_033 | 8.062442844696404 × 10^343 |
| 30 | ov_030 | 1.1038291721910909 × 10^344 |
| 29 | ov_029 | 3.950121456922385 × 10^344 |
| 28 | ov_028 | 1.2667061035753193 × 10^345 |
| 27 | ov_027 | 3.359376516255675 × 10^345 |
| 26 | ov_026 | 7.592550338282815 × 10^345 |
| 25 | ov_025 | 1.5180990511482863 × 10^346 |
| 24 | ov_024 | 2.7634703301081105 × 10^346 |
| 23 | ov_023 | 4.593014718375072 × 10^346 |
| 22 | ov_022 | 7.11914698104239 × 10^346 |
| 21 | ov_021 | 1.0469060597783339 × 10^347 |
| 20 | ov_020 | 1.4784746194037285 × 10^347 |
| 19 | ov_019 | 2.022302314362313 × 10^347 |
| 18 | ov_018 | 2.695558920383061 × 10^347 |
| 17 | ov_017 | 3.516909336853505 × 10^347 |
| 16 | ov_016 | 4.506523899653029 × 10^347 |
| 15 | ov_015 | 5.706262950581268 × 10^347 |
| 14 | ov_014 | 7.16104532968585 × 10^347 |
| 13 | ov_013 | 8.918892731582459 × 10^347 |
| 12 | ov_012 | 1.1030987369669022 × 10^348 |
| 11 | ov_011 | 1.3551745518081298 × 10^348 |
| 10 | ov_010 | 1.6538909731159293 × 10^348 |
| 9 | ov_009 | 2.0023947141314874 × 10^348 |
| 8 | ov_008 | 2.4040152508969145 × 10^348 |
| 7 | ov_007 | 2.8622739514932003 × 10^348 |
| 6 | ov_006 | 3.380894891602669 × 10^348 |
| 5 | ov_005 | 3.9638174876707206 × 10^348 |
| 4 | ov_004 | 4.61521106254811 × 10^348 |
| 3 | ov_003 | 5.339491466020124 × 10^348 |
| 2 | ov_002 | 6.141339880563921 × 10^348 |
| 1 | ov_001 | 7.025723951072316 × 10^348 |

