# Results for F001-F002-F003-F004-F005-F006-F007-F008-F009-F010-F011-F012-F013-F014-F015-F016-F017-F018-F019-F020-F021-F022-F023-F024-F025-F026-F027-F028-F029-F030-F031-F032-F033-F034-F035-F036-F037-F038-F039-F040-F041-F042-F043-F044-F045-F046-F047-F048-F049-F050-F051-F052-F053-F054-F055-F056-F057-F058-F059-F060-F061-F062-F063-F064-F065-F066-F067-F068-F069-F070-F071-F072-F073-F074-F075-F076-F077-F078-F079-F080-F081-F082-F083-F084-F085-F086-F087-F088-F089-F090-F091-F092-F093-F094-F095-F096-F097-F098-F099-F100-F101-F102-F103-F104-F105-F106-F107-F108-F109-F110-F111-F112-F113-F114-F115-F116-F117-F118-F119-F120-F121-F122-F123-F124-F125-F126-F127-F128-F129-F130-F131-F132-F133-F134-F135-F136-F137-F138-F139-F140-F141-F142-F143-F144-F145-F146-F147-F148-F149-F150-F151-F152-F153-F154-F155-F156-F157-F158-F159-F160-F161-F162-F163-F164-F165-F166-F167-F168-F169-F170-F171-F172-F173-F174-F175-F176-F177-F178-F179-F180-F181-F182-F183-F184-F185-F186-F187-F188-F189-F190-F191-F192-F193-F194-F195-F196-F197-F198-F199-F200-F201-F202-F203-F204-F205-F206-F207-F208-F209-F210-F211-F212-F213-F214-F215-F216-F217-F218-F219-F220-F221-F222-F223-F224-F225-F226-F227-F228-F229-F230-F231-F232-F233-F234-F235-F236-F237-F238-F239-F240-F241-F242-F243-F244-F245-F246-F247-F248-F249-F250-F251-F252-F253-F254-F255-F256-F257-F258-F259-F260-F261-F262-F263-F264-F265-F266-F267-F268-F269-F270-F271-F272-F273-F274-F275-F276-F277-F278-F279-F280-F281-F282-F283-F284-F285-F286-F287-F288-F289-F290-F291-F292-F293-F294-F295-F296-F297-F298-F299-F300-F301-F302-F303-F304-F305-F306-F307-F308-F309-F310-F311-F312-F313-F314-F315-F316-F317-F318-F319-F320-F321-F322-F323-F324-F325-F326-F327-F328-F329-F330-F331-F332-F333-F334-F335-F336-F337-F338-F339-F340-F341-F342-F343-F344-F345-F346-F347-F348-F349-F350-F351-F352-F353-F354-F355-F356-F357-F358-F359-F360-F361-F362-F363-F364-F365-F366-F367-F368-F369-F370-F371-F372-F373-F374-F375-F376-F377-F378-F379-F380-F381-F382-F383-F384-F385-F386-F387-F388-F389-F390-F391-F392-F393-F394-F395-F396-F397-F398-F399-F400-F401-F402-F403-F404-F405-F406-F407-F408-F409-F410-F411-F412-F413-F414-F415-F416-F417-F418-F419-F420-F421-F422-F423-F424-F425-F426-F427-F428-F429-F430-F431-F432-F433-F434-F435-F436-F437-F438-F439-F440-F441-F442-F443-F444-F445-F446-F447-F448-F449-F450-F451-F452-F453-F454-F455-F456-F457-F458-F459-F460-F461-F462-F463-F464-F465-F466-F467-F468-F469-F470-F471-F472-F473-F474-F475-F476-F477-F478-F479-F480-F481-F482-F483-F484-F485-F486-F487-F488-F489-F490-F491-F492-F493-F494-F495-F496-F497-F498-F499-F500-F501-F502-F503-F504-F505-F512

## Summary

Number of input bits: 512  
Number of free input bits: 6  
Number of output bits: 160

Number of direct occurrences: 24506  
Number of assignments: 29988  
Number of operations: 10695662
(xor: 10665207,
and: 17804,
or: 12651)

Total complexity: 2.1531401168665186 × 10^295

Least occurring input variable: iv_506 (3960)  
Most occurring input variable: iv_509 (4219)

Most co-occurring input variables: iv_508-iv_510 (2044)  
Least co-occurring input variables: iv_506-iv_511 (1853)

Potentially most occurring input variable: iv_507/iv_510 (4442)  
Potentially least occurring input variable: iv_506/iv_507 (4082)

Least output occurring input variable: iv_507 (72)  
Most output occurring input variable: iv_508 (86)

Most output co-occurring input variables: iv_506-iv_508 (48)  
Least output co-occurring input variables: iv_507-iv_510 (28)

Potentially most output occurring input variable: iv_507/iv_510 (89)  
Potentially least output occurring input variable: iv_510/iv_511 (71)

Least complex input bit: iv_511 (1.6209581970867693 × 10^291)  
Most complex input bit: iv_510 (6.979862366731306 × 10^294)

Least complex output bit: aaa_76_29 (4.2120539825473343 × 10^270)  
Most complex output bit: ov_001 (3.377560489004384 × 10^294)

Least complex input/output complexity: iv_511/aaa_76_29 (3.170979619997175 × 10^266)  
Most complex input/output complexity: iv_510/ov_001 (1.094908183814298 × 10^294)

Input variable with highest collision probability: iv_511 (½^160.00000000000068)

## Input Bits

### Input Bits in Regular Order

| Input Bit | Complexity | Occurrences | Output Occurrences | Collision Probability |
|:---------:|:----------:|:-----------:|:------------------:|:---------------------:|
| iv_506 | 1.3421824553410722 × 10^294 | 3960 | 82 | ½^160.0000000000008 |
| iv_507 | 2.525615759370979 × 10^294 | 4010 | 72 | ½^160.00000000000077 |
| iv_508 | 4.215311227030673 × 10^294 | 4121 | 86 | ½^160.00000000000077 |
| iv_509 | 6.466808401994087 × 10^294 | 4219 | 80 | ½^160.0000000000009 |
| iv_510 | 6.979862366731306 × 10^294 | 4144 | 73 | ½^160.0000000000007 |
| iv_511 | 1.6209581970867693 × 10^291 | 4052 | 74 | ½^160.00000000000068 |

### Input Bits Sorted by Complexity

| Input Bit | Complexity | Occurrences | Output Occurrences | Collision Probability |
|:---------:|:----------:|:-----------:|:------------------:|:---------------------:|
| iv_511 | 1.6209581970867693 × 10^291 | 4052 | 74 | ½^160.00000000000068 |
| iv_506 | 1.3421824553410722 × 10^294 | 3960 | 82 | ½^160.0000000000008 |
| iv_507 | 2.525615759370979 × 10^294 | 4010 | 72 | ½^160.00000000000077 |
| iv_508 | 4.215311227030673 × 10^294 | 4121 | 86 | ½^160.00000000000077 |
| iv_509 | 6.466808401994087 × 10^294 | 4219 | 80 | ½^160.0000000000009 |
| iv_510 | 6.979862366731306 × 10^294 | 4144 | 73 | ½^160.0000000000007 |

### Input Bits Sorted by Occurrences

| Input Bit | Complexity | Occurrences | Output Occurrences | Collision Probability |
|:---------:|:----------:|:-----------:|:------------------:|:---------------------:|
| iv_506 | 1.3421824553410722 × 10^294 | 3960 | 82 | ½^160.0000000000008 |
| iv_507 | 2.525615759370979 × 10^294 | 4010 | 72 | ½^160.00000000000077 |
| iv_511 | 1.6209581970867693 × 10^291 | 4052 | 74 | ½^160.00000000000068 |
| iv_508 | 4.215311227030673 × 10^294 | 4121 | 86 | ½^160.00000000000077 |
| iv_510 | 6.979862366731306 × 10^294 | 4144 | 73 | ½^160.0000000000007 |
| iv_509 | 6.466808401994087 × 10^294 | 4219 | 80 | ½^160.0000000000009 |

### Input Bits Sorted by Output Occurrences

| Input Bit | Complexity | Occurrences | Output Occurrences | Collision Probability |
|:---------:|:----------:|:-----------:|:------------------:|:---------------------:|
| iv_507 | 2.525615759370979 × 10^294 | 4010 | 72 | ½^160.00000000000077 |
| iv_510 | 6.979862366731306 × 10^294 | 4144 | 73 | ½^160.0000000000007 |
| iv_511 | 1.6209581970867693 × 10^291 | 4052 | 74 | ½^160.00000000000068 |
| iv_509 | 6.466808401994087 × 10^294 | 4219 | 80 | ½^160.0000000000009 |
| iv_506 | 1.3421824553410722 × 10^294 | 3960 | 82 | ½^160.0000000000008 |
| iv_508 | 4.215311227030673 × 10^294 | 4121 | 86 | ½^160.00000000000077 |

### Input Bits Sorted by Collision Probability

| Input Bit | Complexity | Occurrences | Output Occurrences | Collision Probability |
|:---------:|:----------:|:-----------:|:------------------:|:---------------------:|
| iv_511 | 1.6209581970867693 × 10^291 | 4052 | 74 | ½^160.00000000000068 |
| iv_510 | 6.979862366731306 × 10^294 | 4144 | 73 | ½^160.0000000000007 |
| iv_507 | 2.525615759370979 × 10^294 | 4010 | 72 | ½^160.00000000000077 |
| iv_508 | 4.215311227030673 × 10^294 | 4121 | 86 | ½^160.00000000000077 |
| iv_506 | 1.3421824553410722 × 10^294 | 3960 | 82 | ½^160.0000000000008 |
| iv_509 | 6.466808401994087 × 10^294 | 4219 | 80 | ½^160.0000000000009 |

## Input Bit/Output Bit Collision Probabilities

| Input Bit | Output Bit | Collision Probability |
|:---------:|:----------:|:---------------------:|
| iv_510 | ov_062 | 0.5000000000000018 |
| iv_511 | ov_044 | 0.5000000000000018 |
| iv_511 | ov_130 | 0.5000000000000018 |
| iv_506 | ov_091 | 0.5000000000000016 |
| iv_507 | ov_039 | 0.5000000000000016 |
| iv_510 | ov_065 | 0.5000000000000016 |

## Input Bit Co-occurrences

### Input Bit Co-occurrences Sorted by Co-occurrences

| Input Bits | Co-occurrences | Potential Occurrences | Output Co-occurrences | Potential Output Occurrences |
|:----------:|:--------------:|:---------------------:|:---------------------:|:----------------------------:|
| iv_508-iv_510 | 2044 | 4177 | 39 | 81 |
| iv_509-iv_510 | 2033 | 4297 | 34 | 85 |
| iv_508-iv_509 | 2029 | 4282 | 41 | 84 |
| iv_507-iv_509 | 1976 | 4277 | 34 | 84 |
| iv_506-iv_509 | 1959 | 4261 | 39 | 84 |
| iv_506-iv_507 | 1944 | 4082 | 39 | 76 |

### Input Bit Co-occurrences Sorted by Potential Occurrences

| Input Bits | Co-occurrences | Potential Occurrences | Output Co-occurrences | Potential Output Occurrences |
|:----------:|:--------------:|:---------------------:|:---------------------:|:----------------------------:|
| iv_506-iv_507 | 1944 | 4082 | 39 | 76 |
| iv_508-iv_510 | 2044 | 4177 | 39 | 81 |
| iv_506-iv_508 | 1939 | 4203 | 48 | 72 |
| iv_506-iv_509 | 1959 | 4261 | 39 | 84 |
| iv_507-iv_511 | 1896 | 4270 | 32 | 82 |
| iv_507-iv_508 | 1929 | 4273 | 38 | 82 |

### Input Bit Output Co-occurrences Sorted by Output Co-occurrences

| Input Bits | Co-occurrences | Potential Occurrences | Output Co-occurrences | Potential Output Occurrences |
|:----------:|:--------------:|:---------------------:|:---------------------:|:----------------------------:|
| iv_506-iv_508 | 1939 | 4203 | 48 | 72 |
| iv_508-iv_511 | 1920 | 4333 | 42 | 76 |
| iv_508-iv_509 | 2029 | 4282 | 41 | 84 |
| iv_506-iv_507 | 1944 | 4082 | 39 | 76 |
| iv_506-iv_510 | 1914 | 4276 | 39 | 77 |
| iv_508-iv_510 | 2044 | 4177 | 39 | 81 |

### Input Bit Output Co-occurrences Sorted by Potential Output Occurrences

| Input Bits | Co-occurrences | Potential Occurrences | Output Co-occurrences | Potential Output Occurrences |
|:----------:|:--------------:|:---------------------:|:---------------------:|:----------------------------:|
| iv_510-iv_511 | 1900 | 4396 | 38 | 71 |
| iv_506-iv_508 | 1939 | 4203 | 48 | 72 |
| iv_508-iv_511 | 1920 | 4333 | 42 | 76 |
| iv_506-iv_507 | 1944 | 4082 | 39 | 76 |
| iv_506-iv_510 | 1914 | 4276 | 39 | 77 |
| iv_509-iv_511 | 1917 | 4437 | 37 | 80 |

## Output Bits

### Output Bits in Regular Order

| Rank | Output Bit | Complexity |
|:----:|:----------:|:----------:|
| 1 | ov_001 | 3.377560489004384 × 10^294 |
| 2 | ov_002 | 2.952174909511915 × 10^294 |
| 3 | ov_003 | 2.5648052952268584 × 10^294 |
| 4 | ov_004 | 2.213634275570054 × 10^294 |
| 5 | ov_005 | 1.8969432804893275 × 10^294 |
| 6 | ov_006 | 1.613105510068406 × 10^294 |
| 7 | ov_007 | 1.3605798579959382 × 10^294 |
| 8 | ov_008 | 1.1379056691388786 × 10^294 |
| 9 | ov_009 | 9.436982177103624 × 10^293 |
| 10 | ov_010 | 7.754008147369812 × 10^293 |
| 11 | ov_011 | 6.3059133904794696 × 10^293 |
| 12 | ov_012 | 5.069770502657684 × 10^293 |
| 13 | ov_013 | 4.023902861893672 × 10^293 |
| 14 | ov_014 | 3.1478495959792836 × 10^293 |
| 15 | ov_015 | 2.422337749004556 × 10^293 |
| 16 | ov_016 | 1.8292609040290593 × 10^293 |
| 17 | ov_017 | 1.3516635031360132 × 10^293 |
| 18 | ov_018 | 9.73729956645874 × 10^292 |
| 19 | ov_019 | 6.80777503438542 × 10^292 |
| 20 | ov_020 | 4.592518134328433 × 10^292 |
| 21 | ov_021 | 2.9672442852742304 × 10^292 |
| 22 | ov_022 | 1.8189128027862464 × 10^292 |
| 23 | ov_023 | 1.0457176166079432 × 10^292 |
| 24 | ov_024 | 5.570810338613116 × 10^291 |
| 25 | ov_025 | 2.736496543728968 × 10^291 |
| 26 | ov_026 | 1.2729191661244707 × 10^291 |
| 27 | ov_027 | 6.109677851162651 × 10^290 |
| 28 | ov_028 | 2.9373104363666207 × 10^290 |
| 29 | ov_029 | 1.2080258420726637 × 10^290 |
| 30 | ov_030 | 3.987675078524304 × 10^289 |
| 31 | ov_031 | 9.626498017146236 × 10^288 |
| 32 | lv_80_k31 | 2.3221396408883475 × 10^288 |
| 33 | ov_033 | 2.78127903098019 × 10^289 |
| 34 | ov_034 | 2.4020515177428623 × 10^289 |
| 35 | ov_035 | 2.0626482940545582 × 10^289 |
| 36 | ov_036 | 1.7609463492521315 × 10^289 |
| 37 | ov_037 | 1.4949384398832923 × 10^289 |
| 38 | ov_038 | 1.2627244757673398 × 10^289 |
| 39 | ov_039 | 1.0607970386766816 × 10^289 |
| 40 | ov_040 | 8.858299493784959 × 10^288 |
| 41 | ov_041 | 7.346682584494847 × 10^288 |
| 42 | ov_042 | 6.043198397789069 × 10^288 |
| 43 | ov_043 | 4.9194840186202114 × 10^288 |
| 44 | ov_044 | 3.9486774377013567 × 10^288 |
| 45 | ov_045 | 3.1177164224179994 × 10^288 |
| 46 | ov_046 | 2.4142554902879207 × 10^288 |
| 47 | ov_047 | 1.8266494110541074 × 10^288 |
| 48 | ov_048 | 1.3439403291230646 × 10^288 |
| 49 | ov_049 | 9.558479502185506 × 10^287 |
| 50 | ov_050 | 6.5276235462078755 × 10^287 |
| 51 | ov_051 | 4.25738979426792 × 10^287 |
| 52 | ov_052 | 2.6649529170156407 × 10^287 |
| 53 | ov_053 | 1.60444927840193 × 10^287 |
| 54 | ov_054 | 9.431842739941291 × 10^286 |
| 55 | ov_055 | 5.616222018825841 × 10^286 |
| 56 | ov_056 | 3.5338030287334586 × 10^286 |
| 57 | ov_057 | 2.2522501967937117 × 10^286 |
| 58 | ov_058 | 1.3382651350240666 × 10^286 |
| 59 | ov_059 | 7.261212862927228 × 10^285 |
| 60 | ov_060 | 3.500937699321071 × 10^285 |
| 61 | ov_061 | 1.4445824555103887 × 10^285 |
| 62 | ov_062 | 4.785534085676908 × 10^284 |
| 63 | ov_063 | 1.1600380003572515 × 10^284 |
| 64 | lv_79_k31 | 2.8104248915238103 × 10^283 |
| 65 | ov_065 | 3.2735039422103463 × 10^284 |
| 66 | ov_066 | 3.273495562442534 × 10^284 |
| 67 | ov_067 | 3.2734928465404096 × 10^284 |
| 68 | ov_068 | 2.837010051725991 × 10^284 |
| 69 | ov_069 | 2.4425088289502353 × 10^284 |
| 70 | ov_070 | 2.0878203462657605 × 10^284 |
| 71 | ov_071 | 1.7709098144056303 × 10^284 |
| 72 | ov_072 | 1.48986732489117 × 10^284 |
| 73 | ov_073 | 1.2428994803439768 × 10^284 |
| 74 | ov_074 | 1.0283217758749145 × 10^284 |
| 75 | ov_075 | 8.430649247522713 × 10^283 |
| 76 | ov_076 | 6.842455474193697 × 10^283 |
| 77 | ov_077 | 5.491555780790291 × 10^283 |
| 78 | ov_078 | 4.35252836655953 × 10^283 |
| 79 | ov_079 | 3.4015269573953124 × 10^283 |
| 80 | ov_080 | 2.6162077298702655 × 10^283 |
| 81 | ov_081 | 1.9756658009763874 × 10^283 |
| 82 | ov_082 | 1.4603805990220522 × 10^283 |
| 83 | ov_083 | 1.0521694339716729 × 10^283 |
| 84 | ov_084 | 7.3414858726031 × 10^282 |
| 85 | ov_085 | 4.9070124212856223 × 10^282 |
| 86 | ov_086 | 3.143321132665632 × 10^282 |
| 87 | ov_087 | 1.9188594904049894 × 10^282 |
| 88 | ov_088 | 1.1141245148647391 × 10^282 |
| 89 | ov_089 | 6.215478768423434 × 10^281 |
| 90 | ov_090 | 3.454155205228078 × 10^281 |
| 91 | ov_091 | 2.01815019796853 × 10^281 |
| 92 | ov_092 | 1.1860394853118234 × 10^281 |
| 93 | ov_093 | 6.265074508578095 × 10^280 |
| 94 | ov_094 | 2.8084009175101856 × 10^280 |
| 95 | aaa_78_28 | 9.033070878871763 × 10^279 |
| 96 | aaa_78_29 | 3.422815322159106 × 10^279 |
| 97 | ov_097 | 3.7304014403793105 × 10^279 |
| 98 | ov_098 | 3.7302881569574124 × 10^279 |
| 99 | ov_099 | 3.7302519452700244 × 10^279 |
| 100 | ov_100 | 3.3576981100130286 × 10^279 |
| 101 | ov_101 | 3.01252375970991 × 10^279 |
| 102 | ov_102 | 2.6932314968047586 × 10^279 |
| 103 | ov_103 | 2.3984351413690344 × 10^279 |
| 104 | ov_104 | 2.1268449286366284 × 10^279 |
| 105 | ov_105 | 1.8772540782425813 × 10^279 |
| 106 | ov_106 | 1.648526661292439 × 10^279 |
| 107 | ov_107 | 1.4395866946369376 × 10^279 |
| 108 | ov_108 | 1.249408394387978 × 10^279 |
| 109 | ov_109 | 1.0770075228595743 × 10^279 |
| 110 | ov_110 | 9.214337648211593 × 10^278 |
| 111 | ov_111 | 7.817640702748048 × 10^278 |
| 112 | ov_112 | 6.570969019724647 × 10^278 |
| 113 | ov_113 | 5.465473266293512 × 10^278 |
| 114 | ov_114 | 4.492428893164825 × 10^278 |
| 115 | ov_115 | 3.643202108736325 × 10^278 |
| 116 | ov_116 | 2.909222484116327 × 10^278 |
| 117 | ov_117 | 2.2819615910896326 × 10^278 |
| 118 | ov_118 | 1.7529170758407812 × 10^278 |
| 119 | ov_119 | 1.3136015716550197 × 10^278 |
| 120 | ov_120 | 9.55535854033918 × 10^277 |
| 121 | ov_121 | 6.702452978630478 × 10^277 |
| 122 | ov_122 | 4.492581575777816 × 10^277 |
| 123 | ov_123 | 2.841044894679406 × 10^277 |
| 124 | ov_124 | 1.6631536733359872 × 10^277 |
| 125 | ov_125 | 8.74223676139687 × 10^276 |
| 126 | ov_126 | 3.895727305540215 × 10^276 |
| 127 | aaa_77_28 | 1.2451932371657873 × 10^276 |
| 128 | aaa_77_29 | 4.6729882842662575 × 10^275 |
| 129 | ov_129 | 4.231262643371585 × 10^275 |
| 130 | ov_130 | 4.23125238575117 × 10^275 |
| 131 | ov_131 | 4.231249085276205 × 10^275 |
| 132 | ov_132 | 3.669460238240335 × 10^275 |
| 133 | ov_133 | 3.161159905000701 × 10^275 |
| 134 | ov_134 | 2.7038752204813575 × 10^275 |
| 135 | ov_135 | 2.2952747493279974 × 10^275 |
| 136 | ov_136 | 1.9331578754238774 × 10^275 |
| 137 | ov_137 | 1.6154453857013646 × 10^275 |
| 138 | ov_138 | 1.3383109575063852 × 10^275 |
| 139 | ov_139 | 1.0981337928242827 × 10^275 |
| 140 | ov_140 | 8.91487086245403 × 10^274 |
| 141 | ov_141 | 7.151283009089689 × 10^274 |
| 142 | ov_142 | 5.659910954973362 × 10^274 |
| 143 | ov_143 | 4.411787175726596 × 10^274 |
| 144 | ov_144 | 3.379586776401725 × 10^274 |
| 145 | ov_145 | 2.537585304159566 × 10^274 |
| 146 | ov_146 | 1.861626017810172 × 10^274 |
| 147 | ov_147 | 1.3290951184969067 × 10^274 |
| 148 | ov_148 | 9.189035649124848 × 10^273 |
| 149 | ov_149 | 6.114742153347833 × 10^273 |
| 150 | ov_150 | 3.887331575462059 × 10^273 |
| 151 | ov_151 | 2.3410420640092016 × 10^273 |
| 152 | ov_152 | 1.3250566745368272 × 10^273 |
| 153 | ov_153 | 7.034858367796391 × 10^272 |
| 154 | ov_154 | 3.553582759558408 × 10^272 |
| 155 | ov_155 | 1.7461609693689495 × 10^272 |
| 156 | aaa_76_25 | 7.0112100627482245 × 10^271 |
| 157 | aaa_76_26 | 4.317429303365896 × 10^271 |
| 158 | aaa_76_27 | 2.369052891916033 × 10^271 |
| 159 | aaa_76_28 | 1.1174881020901097 × 10^271 |
| 160 | aaa_76_29 | 4.2120539825473343 × 10^270 |

### Output Bits Sorted by Complexity

| Rank | Output Bit | Complexity |
|:----:|:----------:|:----------:|
| 160 | aaa_76_29 | 4.2120539825473343 × 10^270 |
| 159 | aaa_76_28 | 1.1174881020901097 × 10^271 |
| 158 | aaa_76_27 | 2.369052891916033 × 10^271 |
| 157 | aaa_76_26 | 4.317429303365896 × 10^271 |
| 156 | aaa_76_25 | 7.0112100627482245 × 10^271 |
| 155 | ov_155 | 1.7461609693689495 × 10^272 |
| 154 | ov_154 | 3.553582759558408 × 10^272 |
| 153 | ov_153 | 7.034858367796391 × 10^272 |
| 152 | ov_152 | 1.3250566745368272 × 10^273 |
| 151 | ov_151 | 2.3410420640092016 × 10^273 |
| 150 | ov_150 | 3.887331575462059 × 10^273 |
| 149 | ov_149 | 6.114742153347833 × 10^273 |
| 148 | ov_148 | 9.189035649124848 × 10^273 |
| 147 | ov_147 | 1.3290951184969067 × 10^274 |
| 146 | ov_146 | 1.861626017810172 × 10^274 |
| 145 | ov_145 | 2.537585304159566 × 10^274 |
| 144 | ov_144 | 3.379586776401725 × 10^274 |
| 143 | ov_143 | 4.411787175726596 × 10^274 |
| 142 | ov_142 | 5.659910954973362 × 10^274 |
| 141 | ov_141 | 7.151283009089689 × 10^274 |
| 140 | ov_140 | 8.91487086245403 × 10^274 |
| 139 | ov_139 | 1.0981337928242827 × 10^275 |
| 138 | ov_138 | 1.3383109575063852 × 10^275 |
| 137 | ov_137 | 1.6154453857013646 × 10^275 |
| 136 | ov_136 | 1.9331578754238774 × 10^275 |
| 135 | ov_135 | 2.2952747493279974 × 10^275 |
| 134 | ov_134 | 2.7038752204813575 × 10^275 |
| 133 | ov_133 | 3.161159905000701 × 10^275 |
| 132 | ov_132 | 3.669460238240335 × 10^275 |
| 131 | ov_131 | 4.231249085276205 × 10^275 |
| 130 | ov_130 | 4.23125238575117 × 10^275 |
| 129 | ov_129 | 4.231262643371585 × 10^275 |
| 128 | aaa_77_29 | 4.6729882842662575 × 10^275 |
| 127 | aaa_77_28 | 1.2451932371657873 × 10^276 |
| 126 | ov_126 | 3.895727305540215 × 10^276 |
| 125 | ov_125 | 8.74223676139687 × 10^276 |
| 124 | ov_124 | 1.6631536733359872 × 10^277 |
| 123 | ov_123 | 2.841044894679406 × 10^277 |
| 122 | ov_122 | 4.492581575777816 × 10^277 |
| 121 | ov_121 | 6.702452978630478 × 10^277 |
| 120 | ov_120 | 9.55535854033918 × 10^277 |
| 119 | ov_119 | 1.3136015716550197 × 10^278 |
| 118 | ov_118 | 1.7529170758407812 × 10^278 |
| 117 | ov_117 | 2.2819615910896326 × 10^278 |
| 116 | ov_116 | 2.909222484116327 × 10^278 |
| 115 | ov_115 | 3.643202108736325 × 10^278 |
| 114 | ov_114 | 4.492428893164825 × 10^278 |
| 113 | ov_113 | 5.465473266293512 × 10^278 |
| 112 | ov_112 | 6.570969019724647 × 10^278 |
| 111 | ov_111 | 7.817640702748048 × 10^278 |
| 110 | ov_110 | 9.214337648211593 × 10^278 |
| 109 | ov_109 | 1.0770075228595743 × 10^279 |
| 108 | ov_108 | 1.249408394387978 × 10^279 |
| 107 | ov_107 | 1.4395866946369376 × 10^279 |
| 106 | ov_106 | 1.648526661292439 × 10^279 |
| 105 | ov_105 | 1.8772540782425813 × 10^279 |
| 104 | ov_104 | 2.1268449286366284 × 10^279 |
| 103 | ov_103 | 2.3984351413690344 × 10^279 |
| 102 | ov_102 | 2.6932314968047586 × 10^279 |
| 101 | ov_101 | 3.01252375970991 × 10^279 |
| 100 | ov_100 | 3.3576981100130286 × 10^279 |
| 96 | aaa_78_29 | 3.422815322159106 × 10^279 |
| 99 | ov_099 | 3.7302519452700244 × 10^279 |
| 98 | ov_098 | 3.7302881569574124 × 10^279 |
| 97 | ov_097 | 3.7304014403793105 × 10^279 |
| 95 | aaa_78_28 | 9.033070878871763 × 10^279 |
| 94 | ov_094 | 2.8084009175101856 × 10^280 |
| 93 | ov_093 | 6.265074508578095 × 10^280 |
| 92 | ov_092 | 1.1860394853118234 × 10^281 |
| 91 | ov_091 | 2.01815019796853 × 10^281 |
| 90 | ov_090 | 3.454155205228078 × 10^281 |
| 89 | ov_089 | 6.215478768423434 × 10^281 |
| 88 | ov_088 | 1.1141245148647391 × 10^282 |
| 87 | ov_087 | 1.9188594904049894 × 10^282 |
| 86 | ov_086 | 3.143321132665632 × 10^282 |
| 85 | ov_085 | 4.9070124212856223 × 10^282 |
| 84 | ov_084 | 7.3414858726031 × 10^282 |
| 83 | ov_083 | 1.0521694339716729 × 10^283 |
| 82 | ov_082 | 1.4603805990220522 × 10^283 |
| 81 | ov_081 | 1.9756658009763874 × 10^283 |
| 80 | ov_080 | 2.6162077298702655 × 10^283 |
| 64 | lv_79_k31 | 2.8104248915238103 × 10^283 |
| 79 | ov_079 | 3.4015269573953124 × 10^283 |
| 78 | ov_078 | 4.35252836655953 × 10^283 |
| 77 | ov_077 | 5.491555780790291 × 10^283 |
| 76 | ov_076 | 6.842455474193697 × 10^283 |
| 75 | ov_075 | 8.430649247522713 × 10^283 |
| 74 | ov_074 | 1.0283217758749145 × 10^284 |
| 63 | ov_063 | 1.1600380003572515 × 10^284 |
| 73 | ov_073 | 1.2428994803439768 × 10^284 |
| 72 | ov_072 | 1.48986732489117 × 10^284 |
| 71 | ov_071 | 1.7709098144056303 × 10^284 |
| 70 | ov_070 | 2.0878203462657605 × 10^284 |
| 69 | ov_069 | 2.4425088289502353 × 10^284 |
| 68 | ov_068 | 2.837010051725991 × 10^284 |
| 67 | ov_067 | 3.2734928465404096 × 10^284 |
| 66 | ov_066 | 3.273495562442534 × 10^284 |
| 65 | ov_065 | 3.2735039422103463 × 10^284 |
| 62 | ov_062 | 4.785534085676908 × 10^284 |
| 61 | ov_061 | 1.4445824555103887 × 10^285 |
| 60 | ov_060 | 3.500937699321071 × 10^285 |
| 59 | ov_059 | 7.261212862927228 × 10^285 |
| 58 | ov_058 | 1.3382651350240666 × 10^286 |
| 57 | ov_057 | 2.2522501967937117 × 10^286 |
| 56 | ov_056 | 3.5338030287334586 × 10^286 |
| 55 | ov_055 | 5.616222018825841 × 10^286 |
| 54 | ov_054 | 9.431842739941291 × 10^286 |
| 53 | ov_053 | 1.60444927840193 × 10^287 |
| 52 | ov_052 | 2.6649529170156407 × 10^287 |
| 51 | ov_051 | 4.25738979426792 × 10^287 |
| 50 | ov_050 | 6.5276235462078755 × 10^287 |
| 49 | ov_049 | 9.558479502185506 × 10^287 |
| 48 | ov_048 | 1.3439403291230646 × 10^288 |
| 47 | ov_047 | 1.8266494110541074 × 10^288 |
| 32 | lv_80_k31 | 2.3221396408883475 × 10^288 |
| 46 | ov_046 | 2.4142554902879207 × 10^288 |
| 45 | ov_045 | 3.1177164224179994 × 10^288 |
| 44 | ov_044 | 3.9486774377013567 × 10^288 |
| 43 | ov_043 | 4.9194840186202114 × 10^288 |
| 42 | ov_042 | 6.043198397789069 × 10^288 |
| 41 | ov_041 | 7.346682584494847 × 10^288 |
| 40 | ov_040 | 8.858299493784959 × 10^288 |
| 31 | ov_031 | 9.626498017146236 × 10^288 |
| 39 | ov_039 | 1.0607970386766816 × 10^289 |
| 38 | ov_038 | 1.2627244757673398 × 10^289 |
| 37 | ov_037 | 1.4949384398832923 × 10^289 |
| 36 | ov_036 | 1.7609463492521315 × 10^289 |
| 35 | ov_035 | 2.0626482940545582 × 10^289 |
| 34 | ov_034 | 2.4020515177428623 × 10^289 |
| 33 | ov_033 | 2.78127903098019 × 10^289 |
| 30 | ov_030 | 3.987675078524304 × 10^289 |
| 29 | ov_029 | 1.2080258420726637 × 10^290 |
| 28 | ov_028 | 2.9373104363666207 × 10^290 |
| 27 | ov_027 | 6.109677851162651 × 10^290 |
| 26 | ov_026 | 1.2729191661244707 × 10^291 |
| 25 | ov_025 | 2.736496543728968 × 10^291 |
| 24 | ov_024 | 5.570810338613116 × 10^291 |
| 23 | ov_023 | 1.0457176166079432 × 10^292 |
| 22 | ov_022 | 1.8189128027862464 × 10^292 |
| 21 | ov_021 | 2.9672442852742304 × 10^292 |
| 20 | ov_020 | 4.592518134328433 × 10^292 |
| 19 | ov_019 | 6.80777503438542 × 10^292 |
| 18 | ov_018 | 9.73729956645874 × 10^292 |
| 17 | ov_017 | 1.3516635031360132 × 10^293 |
| 16 | ov_016 | 1.8292609040290593 × 10^293 |
| 15 | ov_015 | 2.422337749004556 × 10^293 |
| 14 | ov_014 | 3.1478495959792836 × 10^293 |
| 13 | ov_013 | 4.023902861893672 × 10^293 |
| 12 | ov_012 | 5.069770502657684 × 10^293 |
| 11 | ov_011 | 6.3059133904794696 × 10^293 |
| 10 | ov_010 | 7.754008147369812 × 10^293 |
| 9 | ov_009 | 9.436982177103624 × 10^293 |
| 8 | ov_008 | 1.1379056691388786 × 10^294 |
| 7 | ov_007 | 1.3605798579959382 × 10^294 |
| 6 | ov_006 | 1.613105510068406 × 10^294 |
| 5 | ov_005 | 1.8969432804893275 × 10^294 |
| 4 | ov_004 | 2.213634275570054 × 10^294 |
| 3 | ov_003 | 2.5648052952268584 × 10^294 |
| 2 | ov_002 | 2.952174909511915 × 10^294 |
| 1 | ov_001 | 3.377560489004384 × 10^294 |

