# Results for F001-F002-F003-F004-F005-F006-F007-F008-F009-F010-F011-F012-F013-F014-F015-F016-F017-F018-F019-F020-F021-F022-F023-F024-F025-F026-F027-F028-F029-F030-F031-F032-F033-F034-F035-F036-F037-F038-F039-F040-F041-F042-F043-F044-F045-F046-F047-F048-F049-F050-F051-F052-F053-F054-F055-F056-F057-F058-F059-F060-F061-F062-F063-F064-F065-F066-F067-F068-F069-F070-F071-F072-F073-F074-F075-F076-F077-F078-F079-F080-F081-F082-F083-F084-F085-F086-F087-F088-F089-F090-F091-F092-F093-F094-F095-F096-F097-F098-F099-F100-F101-F102-F103-F104-F105-F106-F107-F108-F109-F110-F111-F112-F113-F114-F115-F116-F117-F118-F119-F120-F121-F122-F123-F124-F125-F126-F127-F128-F129-F130-F131-F132-F133-F134-F135-F136-F137-F138-F139-F140-F141-F142-F143-F144-F145-F146-F147-F148-F149-F150-F151-F152-F153-F154-F155-F156-F157-F158-F159-F160-F161-F162-F163-F164-F165-F166-F167-F168-F169-F170-F171-F172-F173-F174-F175-F176-F177-F178-F179-F180-F181-F182-F183-F184-F185-F186-F187-F188-F189-F190-F191-F192-F193-F194-F195-F196-F197-F198-F199-F200-F201-F202-F203-F204-F205-F206-F207-F208-F209-F210-F211-F212-F213-F214-F215-F216-F217-F218-F219-F220-F221-F222-F223-F224-F225-F226-F227-F228-F229-F230-F231-F232-F233-F234-F235-F236-F237-F238-F239-F240-F241-F242-F243-F244-F245-F246-F247-F248-F249-F250-F251-F252-F253-F254-F255-F256-F257-F258-F259-F260-F261-F262-F263-F264-F265-F266-F267-F268-F269-F270-F271-F272-F273-F274-F275-F276-F277-F278-F279-F280-F281-F282-F283-F284-F285-F286-F287-F288-F289-F290-F291-F292-F293-F294-F295-F296-F297-F298-F299-F300-F301-F302-F303-F304-F305-F306-F307-F308-F309-F310-F311-F312-F313-F314-F315-F316-F317-F318-F319-F320-F321-F322-F323-F324-F325-F326-F327-F328-F329-F330-F331-F332-F333-F334-F335-F336-F337-F338-F339-F340-F341-F342-F343-F344-F345-F346-F347-F348-F349-F350-F351-F352-F353-F354-F355-F356-F357-F358-F359-F360-F361-F362-F363-F364-F365-F366-F367-F368-F369-F370-F371-F372-F373-F374-F375-F376-F377-F378-F379-F380-F381-F382-F383-F384-F385-F386-F387-F388-F389-F390-F391-F392-F393-F394-F395-F396-F397-F398-F399-F400-F401-F402-F403-F404-F405-F406-F407-F408-F409-F410-F411-F412-F413-F414-F415-F416-F417-F418-F419-F420-F421-F422-F423-F424-F425-F426-F427-F428-F429-F430-F431-F432-F433-F434-F435-F436-F437-F438-F439-F440-F441-F442-F443-F444-F445-F446-F447-F448-F449-F450-F451-F452-F453-F454-F455-F456-F457-F458-F459-F460-F461-F462-F463-F464-F465-F466-F467-F468-F469-F470-F471-F472-F473-F474-F475-F476-F477-F478-F479-F480-F481-F482-F483-F484-F485-F486-F487-F488-F489-F490-F491-F492-F493-F494-F495-F496-F497-F498-F499-F500-F501-F502-F503-F504-E505506-E506510

## Summary

Number of input bits: 512  
Number of free input bits: 6  
Number of output bits: 160

Number of direct occurrences: 25069  
Number of assignments: 30592  
Number of operations: 10909279
(xor: 10879070,
and: 17372,
or: 12837)

Total complexity: 1.4341768095141107 × 10^297

Least occurring input variable: iv_508 (4048)  
Most occurring input variable: iv_505 (4531)

Most co-occurring input variables: iv_505-iv_508 (2040)  
Least co-occurring input variables: iv_507-iv_509 (1893)

Potentially most occurring input variable: iv_505/iv_512 (4774)  
Potentially least occurring input variable: iv_508/iv_509 (4247)

Least output occurring input variable: iv_508 (70)  
Most output occurring input variable: iv_512 (78)

Most output co-occurring input variables: iv_505-iv_509 (41)  
Least output co-occurring input variables: iv_508-iv_512 (29)

Potentially most output occurring input variable: iv_508/iv_512 (90)  
Potentially least output occurring input variable: iv_505/iv_509 (72)

Least complex input bit: iv_507 (1.1467387179939474 × 10^296)  
Most complex input bit: iv_505 (4.847436402560505 × 10^296)

Least complex output bit: aaa_76_29 (2.3243760204118615 × 10^272)  
Most complex output bit: ov_001 (2.2218766831617773 × 10^296)

Least complex input/output complexity: iv_507/aaa_76_29 (1.85852397005778 × 10^271)  
Most complex input/output complexity:  (7.509817370152373 × 10^295)

Input variable with highest collision probability: iv_512 (½^160.00000000000065)

## Input Bits

### Input Bits in Regular Order

| Input Bit | Complexity | Occurrences | Output Occurrences | Collision Probability |
|:---------:|:----------:|:-----------:|:------------------:|:---------------------:|
| iv_505 | 4.847436402560505 × 10^296 | 4531 | 76 | ½^160.0000000000007 |
| iv_507 | 1.1467387179939474 × 10^296 | 4055 | 72 | ½^160.0000000000007 |
| iv_508 | 1.9137658079959256 × 10^296 | 4048 | 70 | ½^160.0000000000009 |
| iv_509 | 2.9367953354661124 × 10^296 | 4051 | 78 | ½^160.00000000000074 |
| iv_511 | 1.6043505876242963 × 10^296 | 4111 | 74 | ½^160.00000000000065 |
| iv_512 | 1.8926812435003423 × 10^296 | 4273 | 78 | ½^160.00000000000065 |

### Input Bits Sorted by Complexity

| Input Bit | Complexity | Occurrences | Output Occurrences | Collision Probability |
|:---------:|:----------:|:-----------:|:------------------:|:---------------------:|
| iv_507 | 1.1467387179939474 × 10^296 | 4055 | 72 | ½^160.0000000000007 |
| iv_511 | 1.6043505876242963 × 10^296 | 4111 | 74 | ½^160.00000000000065 |
| iv_512 | 1.8926812435003423 × 10^296 | 4273 | 78 | ½^160.00000000000065 |
| iv_508 | 1.9137658079959256 × 10^296 | 4048 | 70 | ½^160.0000000000009 |
| iv_509 | 2.9367953354661124 × 10^296 | 4051 | 78 | ½^160.00000000000074 |
| iv_505 | 4.847436402560505 × 10^296 | 4531 | 76 | ½^160.0000000000007 |

### Input Bits Sorted by Occurrences

| Input Bit | Complexity | Occurrences | Output Occurrences | Collision Probability |
|:---------:|:----------:|:-----------:|:------------------:|:---------------------:|
| iv_508 | 1.9137658079959256 × 10^296 | 4048 | 70 | ½^160.0000000000009 |
| iv_509 | 2.9367953354661124 × 10^296 | 4051 | 78 | ½^160.00000000000074 |
| iv_507 | 1.1467387179939474 × 10^296 | 4055 | 72 | ½^160.0000000000007 |
| iv_511 | 1.6043505876242963 × 10^296 | 4111 | 74 | ½^160.00000000000065 |
| iv_512 | 1.8926812435003423 × 10^296 | 4273 | 78 | ½^160.00000000000065 |
| iv_505 | 4.847436402560505 × 10^296 | 4531 | 76 | ½^160.0000000000007 |

### Input Bits Sorted by Output Occurrences

| Input Bit | Complexity | Occurrences | Output Occurrences | Collision Probability |
|:---------:|:----------:|:-----------:|:------------------:|:---------------------:|
| iv_508 | 1.9137658079959256 × 10^296 | 4048 | 70 | ½^160.0000000000009 |
| iv_507 | 1.1467387179939474 × 10^296 | 4055 | 72 | ½^160.0000000000007 |
| iv_511 | 1.6043505876242963 × 10^296 | 4111 | 74 | ½^160.00000000000065 |
| iv_505 | 4.847436402560505 × 10^296 | 4531 | 76 | ½^160.0000000000007 |
| iv_509 | 2.9367953354661124 × 10^296 | 4051 | 78 | ½^160.00000000000074 |
| iv_512 | 1.8926812435003423 × 10^296 | 4273 | 78 | ½^160.00000000000065 |

### Input Bits Sorted by Collision Probability

| Input Bit | Complexity | Occurrences | Output Occurrences | Collision Probability |
|:---------:|:----------:|:-----------:|:------------------:|:---------------------:|
| iv_512 | 1.8926812435003423 × 10^296 | 4273 | 78 | ½^160.00000000000065 |
| iv_511 | 1.6043505876242963 × 10^296 | 4111 | 74 | ½^160.00000000000065 |
| iv_507 | 1.1467387179939474 × 10^296 | 4055 | 72 | ½^160.0000000000007 |
| iv_505 | 4.847436402560505 × 10^296 | 4531 | 76 | ½^160.0000000000007 |
| iv_509 | 2.9367953354661124 × 10^296 | 4051 | 78 | ½^160.00000000000074 |
| iv_508 | 1.9137658079959256 × 10^296 | 4048 | 70 | ½^160.0000000000009 |

## Input Bit/Output Bit Collision Probabilities

| Input Bit | Output Bit | Collision Probability |
|:---------:|:----------:|:---------------------:|
| iv_508 | ov_063 | 0.5000000000000018 |
| iv_511 | ov_081 | 0.5000000000000018 |
| iv_511 | aaa_76_25 | 0.5000000000000018 |
| iv_511 | ov_013 | 0.5000000000000017 |
| iv_511 | ov_030 | 0.5000000000000017 |
| iv_511 | ov_140 | 0.5000000000000017 |

## Input Bit Co-occurrences

### Input Bit Co-occurrences Sorted by Co-occurrences

| Input Bits | Co-occurrences | Potential Occurrences | Output Co-occurrences | Potential Output Occurrences |
|:----------:|:--------------:|:---------------------:|:---------------------:|:----------------------------:|
| iv_505-iv_508 | 2040 | 4499 | 35 | 76 |
| iv_511-iv_512 | 2032 | 4320 | 39 | 74 |
| iv_505-iv_512 | 2015 | 4774 | 37 | 80 |
| iv_505-iv_509 | 1990 | 4602 | 41 | 72 |
| iv_505-iv_507 | 1983 | 4620 | 31 | 86 |
| iv_509-iv_512 | 1981 | 4362 | 37 | 82 |

### Input Bit Co-occurrences Sorted by Potential Occurrences

| Input Bits | Co-occurrences | Potential Occurrences | Output Co-occurrences | Potential Output Occurrences |
|:----------:|:--------------:|:---------------------:|:---------------------:|:----------------------------:|
| iv_508-iv_509 | 1926 | 4247 | 35 | 78 |
| iv_509-iv_511 | 1934 | 4294 | 39 | 74 |
| iv_507-iv_508 | 1897 | 4309 | 35 | 72 |
| iv_507-iv_509 | 1893 | 4320 | 36 | 78 |
| iv_511-iv_512 | 2032 | 4320 | 39 | 74 |
| iv_507-iv_511 | 1919 | 4328 | 32 | 82 |

### Input Bit Output Co-occurrences Sorted by Output Co-occurrences

| Input Bits | Co-occurrences | Potential Occurrences | Output Co-occurrences | Potential Output Occurrences |
|:----------:|:--------------:|:---------------------:|:---------------------:|:----------------------------:|
| iv_505-iv_509 | 1990 | 4602 | 41 | 72 |
| iv_509-iv_511 | 1934 | 4294 | 39 | 74 |
| iv_511-iv_512 | 2032 | 4320 | 39 | 74 |
| iv_505-iv_512 | 2015 | 4774 | 37 | 80 |
| iv_509-iv_512 | 1981 | 4362 | 37 | 82 |
| iv_507-iv_509 | 1893 | 4320 | 36 | 78 |

### Input Bit Output Co-occurrences Sorted by Potential Output Occurrences

| Input Bits | Co-occurrences | Potential Occurrences | Output Co-occurrences | Potential Output Occurrences |
|:----------:|:--------------:|:---------------------:|:---------------------:|:----------------------------:|
| iv_505-iv_509 | 1990 | 4602 | 41 | 72 |
| iv_507-iv_508 | 1897 | 4309 | 35 | 72 |
| iv_508-iv_511 | 1906 | 4347 | 35 | 74 |
| iv_509-iv_511 | 1934 | 4294 | 39 | 74 |
| iv_511-iv_512 | 2032 | 4320 | 39 | 74 |
| iv_505-iv_508 | 2040 | 4499 | 35 | 76 |

## Output Bits

### Output Bits in Regular Order

| Rank | Output Bit | Complexity |
|:----:|:----------:|:----------:|
| 1 | ov_001 | 2.2218766831617773 × 10^296 |
| 2 | ov_002 | 1.944803685597777 × 10^296 |
| 3 | ov_003 | 1.6923995090066829 × 10^296 |
| 4 | ov_004 | 1.4634899588638102 × 10^296 |
| 5 | ov_005 | 1.256965185677144 × 10^296 |
| 6 | ov_006 | 1.0717750971874137 × 10^296 |
| 7 | ov_007 | 9.06925376910044 × 10^295 |
| 8 | ov_008 | 7.614740404245269 × 10^295 |
| 9 | ov_009 | 6.336826425048241 × 10^295 |
| 10 | ov_010 | 5.227053612345656 × 10^295 |
| 11 | ov_011 | 4.2698248142040624 × 10^295 |
| 12 | ov_012 | 3.450381617208792 × 10^295 |
| 13 | ov_013 | 2.754775517432095 × 10^295 |
| 14 | ov_014 | 2.169844310561785 × 10^295 |
| 15 | ov_015 | 1.6831932465242067 × 10^295 |
| 16 | ov_016 | 1.28318048105218 × 10^295 |
| 17 | ov_017 | 9.589062602451977 × 10^294 |
| 18 | ov_018 | 7.002051888969722 × 10^294 |
| 19 | ov_019 | 4.976409463228593 × 10^294 |
| 20 | ov_020 | 3.4250287358433987 × 10^294 |
| 21 | ov_021 | 2.268039161210389 × 10^294 |
| 22 | ov_022 | 1.4327946588704076 × 10^294 |
| 23 | ov_023 | 8.538672439157642 × 10^293 |
| 24 | ov_024 | 4.73043295264334 × 10^293 |
| 25 | ov_025 | 2.3932122482117616 × 10^293 |
| 26 | ov_026 | 1.089100773860266 × 10^293 |
| 27 | ov_027 | 4.522877822188328 × 10^292 |
| 28 | ov_028 | 1.8905783463155153 × 10^292 |
| 29 | ov_029 | 7.778946389597834 × 10^291 |
| 30 | ov_030 | 2.5695348548977583 × 10^291 |
| 31 | ov_031 | 6.209921725658859 × 10^290 |
| 32 | lv_80_m31 | 1.5003283817701196 × 10^290 |
| 33 | ov_033 | 1.8105736077875596 × 10^291 |
| 34 | ov_034 | 1.567206002438585 × 10^291 |
| 35 | ov_035 | 1.3491928965810798 × 10^291 |
| 36 | ov_036 | 1.1553155336131598 × 10^291 |
| 37 | ov_037 | 9.844218756215934 × 10^290 |
| 38 | ov_038 | 8.343890374297736 × 10^290 |
| 39 | ov_039 | 7.032055997402245 × 10^290 |
| 40 | ov_040 | 5.889648207059825 × 10^290 |
| 41 | ov_041 | 4.898588551402967 × 10^290 |
| 42 | ov_042 | 4.041738735853606 × 10^290 |
| 43 | ov_043 | 3.3028598019543166 × 10^290 |
| 44 | ov_044 | 2.66657834826036 × 10^290 |
| 45 | ov_045 | 2.1183589089920986 × 10^290 |
| 46 | ov_046 | 1.6511401406798725 × 10^290 |
| 47 | ov_047 | 1.258263568364912 × 10^290 |
| 48 | ov_048 | 9.334657736295654 × 10^289 |
| 49 | ov_049 | 6.708723394178842 × 10^289 |
| 50 | ov_050 | 4.649932715316834 × 10^289 |
| 51 | ov_051 | 3.107196776931564 × 10^289 |
| 52 | ov_052 | 1.989687127719258 × 10^289 |
| 53 | ov_053 | 1.2141125535505385 × 10^289 |
| 54 | ov_054 | 7.047049210378495 × 10^288 |
| 55 | ov_055 | 3.9321149458337 × 10^288 |
| 56 | ov_056 | 2.188909461848476 × 10^288 |
| 57 | ov_057 | 1.2851119447814303 × 10^288 |
| 58 | ov_058 | 7.634816967560872 × 10^287 |
| 59 | ov_059 | 4.141672806168395 × 10^287 |
| 60 | ov_060 | 1.9963400681763532 × 10^287 |
| 61 | ov_061 | 8.2347480887581695 × 10^286 |
| 62 | ov_062 | 2.7269194488446356 × 10^286 |
| 63 | ov_063 | 6.607043632362695 × 10^285 |
| 64 | lv_79_m31 | 1.5998492175238714 × 10^285 |
| 65 | ov_065 | 1.8836225550136617 × 10^286 |
| 66 | ov_066 | 1.8836179785589083 × 10^286 |
| 67 | ov_067 | 1.883616495546464 × 10^286 |
| 68 | ov_068 | 1.634035535443585 × 10^286 |
| 69 | ov_069 | 1.408558566923213 × 10^286 |
| 70 | ov_070 | 1.2060010034750303 × 10^286 |
| 71 | ov_071 | 1.025251406059766 × 10^286 |
| 72 | ov_072 | 8.652664841109209 × 10^285 |
| 73 | ov_073 | 7.250665303771355 × 10^285 |
| 74 | ov_074 | 6.028666526107349 × 10^285 |
| 75 | ov_075 | 4.9698988941148263 × 10^285 |
| 76 | ov_076 | 4.0586076343415235 × 10^285 |
| 77 | ov_077 | 3.2799950973126047 × 10^285 |
| 78 | ov_078 | 2.6201693982337444 × 10^285 |
| 79 | ov_079 | 2.0660990282640307 × 10^285 |
| 80 | ov_080 | 1.6055730552560307 × 10^285 |
| 81 | ov_081 | 1.2271665369781284 × 10^285 |
| 82 | ov_082 | 9.202107727455695 × 10^284 |
| 83 | ov_083 | 6.7476802136925826 × 10^284 |
| 84 | ov_084 | 4.816103146177299 × 10^284 |
| 85 | ov_085 | 3.322019961699075 × 10^284 |
| 86 | ov_086 | 2.1868561646861053 × 10^284 |
| 87 | ov_087 | 1.37300437481566 × 10^284 |
| 88 | ov_088 | 8.1514684617259 × 10^283 |
| 89 | ov_089 | 4.544891687787178 × 10^283 |
| 90 | ov_090 | 2.3871652612897006 × 10^283 |
| 91 | ov_091 | 1.2196505142059634 × 10^283 |
| 92 | ov_092 | 6.480462220893294 × 10^282 |
| 93 | ov_093 | 3.422961437589755 × 10^282 |
| 94 | ov_094 | 1.534257812586925 × 10^282 |
| 95 | aaa_78_28 | 4.9344319397878856 × 10^281 |
| 96 | aaa_78_29 | 1.8695264887808135 × 10^281 |
| 97 | ov_097 | 2.0357523647630266 × 10^281 |
| 98 | ov_098 | 2.0356908557306736 × 10^281 |
| 99 | ov_099 | 2.035671207855086 × 10^281 |
| 100 | ov_100 | 1.831866411115965 × 10^281 |
| 101 | ov_101 | 1.6431286874319042 × 10^281 |
| 102 | ov_102 | 1.4686245992672012 × 10^281 |
| 103 | ov_103 | 1.3075816132945523 × 10^281 |
| 104 | ov_104 | 1.1592803686917538 × 10^281 |
| 105 | ov_105 | 1.0230477032969336 × 10^281 |
| 106 | ov_106 | 8.982503143647164 × 10^280 |
| 107 | ov_107 | 7.842889324606423 × 10^280 |
| 108 | ov_108 | 6.805930530494038 × 10^280 |
| 109 | ov_109 | 5.866162715373257 × 10^280 |
| 110 | ov_110 | 5.018321862260995 × 10^280 |
| 111 | ov_111 | 4.257307741617218 × 10^280 |
| 112 | ov_112 | 3.578151454478199 × 10^280 |
| 113 | ov_113 | 2.975987024983022 × 10^280 |
| 114 | ov_114 | 2.4460273102487106 × 10^280 |
| 115 | ov_115 | 1.9835438954559173 × 10^280 |
| 116 | ov_116 | 1.5838506434975054 × 10^280 |
| 117 | ov_117 | 1.2422905694838119 × 10^280 |
| 118 | ov_118 | 9.542257109470228 × 10^279 |
| 119 | ov_119 | 7.150296648806445 × 10^279 |
| 120 | ov_120 | 5.200824628962354 × 10^279 |
| 121 | ov_121 | 3.647674558506024 × 10^279 |
| 122 | ov_122 | 2.4446973083898472 × 10^279 |
| 123 | ov_123 | 1.5457536862684213 × 10^279 |
| 124 | ov_124 | 9.047101121766213 × 10^278 |
| 125 | ov_125 | 4.754357792455476 × 10^278 |
| 126 | ov_126 | 2.1180101908556753 × 10^278 |
| 127 | aaa_77_28 | 6.767652741639075 × 10^277 |
| 128 | aaa_77_29 | 2.5385401377782994 × 10^277 |
| 129 | ov_129 | 2.349095212780842 × 10^277 |
| 130 | ov_130 | 2.3490895511139286 × 10^277 |
| 131 | ov_131 | 2.3490877289852505 × 10^277 |
| 132 | ov_132 | 2.0423970410527225 × 10^277 |
| 133 | ov_133 | 1.765233642030617 × 10^277 |
| 134 | ov_134 | 1.5162300985875264 × 10^277 |
| 135 | ov_135 | 1.2940972868454252 × 10^277 |
| 136 | ov_136 | 1.0976185309566148 × 10^277 |
| 137 | ov_137 | 9.245576438023343 × 10^276 |
| 138 | ov_138 | 7.727997922171002 × 10^276 |
| 139 | ov_139 | 6.403440806808803 × 10^276 |
| 140 | ov_140 | 5.252972120574552 × 10^276 |
| 141 | ov_141 | 4.2586813848934847 × 10^276 |
| 142 | ov_142 | 3.411862885360691 × 10^276 |
| 143 | ov_143 | 2.696525129818724 × 10^276 |
| 144 | ov_144 | 2.09758783911267 × 10^276 |
| 145 | ov_145 | 1.6008580219717942 × 10^276 |
| 146 | ov_146 | 1.1930111770580025 × 10^276 |
| 147 | ov_147 | 8.676001215304846 × 10^275 |
| 148 | ov_148 | 6.1299760901494906 × 10^275 |
| 149 | ov_149 | 4.1841175908545136 × 10^275 |
| 150 | ov_150 | 2.738805850945659 × 10^275 |
| 151 | ov_151 | 1.702683676858546 × 10^275 |
| 152 | ov_152 | 9.92634034712235 × 10^274 |
| 153 | ov_153 | 5.33767202105842 × 10^274 |
| 154 | ov_154 | 2.594141167762685 × 10^274 |
| 155 | ov_155 | 1.1112316262896956 × 10^274 |
| 156 | aaa_76_25 | 3.865866493304355 × 10^273 |
| 157 | aaa_76_26 | 2.380940387382209 × 10^273 |
| 158 | aaa_76_27 | 1.3067430055893818 × 10^273 |
| 159 | aaa_76_28 | 6.165394152770378 × 10^272 |
| 160 | aaa_76_29 | 2.3243760204118615 × 10^272 |

### Output Bits Sorted by Complexity

| Rank | Output Bit | Complexity |
|:----:|:----------:|:----------:|
| 160 | aaa_76_29 | 2.3243760204118615 × 10^272 |
| 159 | aaa_76_28 | 6.165394152770378 × 10^272 |
| 158 | aaa_76_27 | 1.3067430055893818 × 10^273 |
| 157 | aaa_76_26 | 2.380940387382209 × 10^273 |
| 156 | aaa_76_25 | 3.865866493304355 × 10^273 |
| 155 | ov_155 | 1.1112316262896956 × 10^274 |
| 154 | ov_154 | 2.594141167762685 × 10^274 |
| 153 | ov_153 | 5.33767202105842 × 10^274 |
| 152 | ov_152 | 9.92634034712235 × 10^274 |
| 151 | ov_151 | 1.702683676858546 × 10^275 |
| 150 | ov_150 | 2.738805850945659 × 10^275 |
| 149 | ov_149 | 4.1841175908545136 × 10^275 |
| 148 | ov_148 | 6.1299760901494906 × 10^275 |
| 147 | ov_147 | 8.676001215304846 × 10^275 |
| 146 | ov_146 | 1.1930111770580025 × 10^276 |
| 145 | ov_145 | 1.6008580219717942 × 10^276 |
| 144 | ov_144 | 2.09758783911267 × 10^276 |
| 143 | ov_143 | 2.696525129818724 × 10^276 |
| 142 | ov_142 | 3.411862885360691 × 10^276 |
| 141 | ov_141 | 4.2586813848934847 × 10^276 |
| 140 | ov_140 | 5.252972120574552 × 10^276 |
| 139 | ov_139 | 6.403440806808803 × 10^276 |
| 138 | ov_138 | 7.727997922171002 × 10^276 |
| 137 | ov_137 | 9.245576438023343 × 10^276 |
| 136 | ov_136 | 1.0976185309566148 × 10^277 |
| 135 | ov_135 | 1.2940972868454252 × 10^277 |
| 134 | ov_134 | 1.5162300985875264 × 10^277 |
| 133 | ov_133 | 1.765233642030617 × 10^277 |
| 132 | ov_132 | 2.0423970410527225 × 10^277 |
| 131 | ov_131 | 2.3490877289852505 × 10^277 |
| 130 | ov_130 | 2.3490895511139286 × 10^277 |
| 129 | ov_129 | 2.349095212780842 × 10^277 |
| 128 | aaa_77_29 | 2.5385401377782994 × 10^277 |
| 127 | aaa_77_28 | 6.767652741639075 × 10^277 |
| 126 | ov_126 | 2.1180101908556753 × 10^278 |
| 125 | ov_125 | 4.754357792455476 × 10^278 |
| 124 | ov_124 | 9.047101121766213 × 10^278 |
| 123 | ov_123 | 1.5457536862684213 × 10^279 |
| 122 | ov_122 | 2.4446973083898472 × 10^279 |
| 121 | ov_121 | 3.647674558506024 × 10^279 |
| 120 | ov_120 | 5.200824628962354 × 10^279 |
| 119 | ov_119 | 7.150296648806445 × 10^279 |
| 118 | ov_118 | 9.542257109470228 × 10^279 |
| 117 | ov_117 | 1.2422905694838119 × 10^280 |
| 116 | ov_116 | 1.5838506434975054 × 10^280 |
| 115 | ov_115 | 1.9835438954559173 × 10^280 |
| 114 | ov_114 | 2.4460273102487106 × 10^280 |
| 113 | ov_113 | 2.975987024983022 × 10^280 |
| 112 | ov_112 | 3.578151454478199 × 10^280 |
| 111 | ov_111 | 4.257307741617218 × 10^280 |
| 110 | ov_110 | 5.018321862260995 × 10^280 |
| 109 | ov_109 | 5.866162715373257 × 10^280 |
| 108 | ov_108 | 6.805930530494038 × 10^280 |
| 107 | ov_107 | 7.842889324606423 × 10^280 |
| 106 | ov_106 | 8.982503143647164 × 10^280 |
| 105 | ov_105 | 1.0230477032969336 × 10^281 |
| 104 | ov_104 | 1.1592803686917538 × 10^281 |
| 103 | ov_103 | 1.3075816132945523 × 10^281 |
| 102 | ov_102 | 1.4686245992672012 × 10^281 |
| 101 | ov_101 | 1.6431286874319042 × 10^281 |
| 100 | ov_100 | 1.831866411115965 × 10^281 |
| 96 | aaa_78_29 | 1.8695264887808135 × 10^281 |
| 99 | ov_099 | 2.035671207855086 × 10^281 |
| 98 | ov_098 | 2.0356908557306736 × 10^281 |
| 97 | ov_097 | 2.0357523647630266 × 10^281 |
| 95 | aaa_78_28 | 4.9344319397878856 × 10^281 |
| 94 | ov_094 | 1.534257812586925 × 10^282 |
| 93 | ov_093 | 3.422961437589755 × 10^282 |
| 92 | ov_092 | 6.480462220893294 × 10^282 |
| 91 | ov_091 | 1.2196505142059634 × 10^283 |
| 90 | ov_090 | 2.3871652612897006 × 10^283 |
| 89 | ov_089 | 4.544891687787178 × 10^283 |
| 88 | ov_088 | 8.1514684617259 × 10^283 |
| 87 | ov_087 | 1.37300437481566 × 10^284 |
| 86 | ov_086 | 2.1868561646861053 × 10^284 |
| 85 | ov_085 | 3.322019961699075 × 10^284 |
| 84 | ov_084 | 4.816103146177299 × 10^284 |
| 83 | ov_083 | 6.7476802136925826 × 10^284 |
| 82 | ov_082 | 9.202107727455695 × 10^284 |
| 81 | ov_081 | 1.2271665369781284 × 10^285 |
| 64 | lv_79_m31 | 1.5998492175238714 × 10^285 |
| 80 | ov_080 | 1.6055730552560307 × 10^285 |
| 79 | ov_079 | 2.0660990282640307 × 10^285 |
| 78 | ov_078 | 2.6201693982337444 × 10^285 |
| 77 | ov_077 | 3.2799950973126047 × 10^285 |
| 76 | ov_076 | 4.0586076343415235 × 10^285 |
| 75 | ov_075 | 4.9698988941148263 × 10^285 |
| 74 | ov_074 | 6.028666526107349 × 10^285 |
| 63 | ov_063 | 6.607043632362695 × 10^285 |
| 73 | ov_073 | 7.250665303771355 × 10^285 |
| 72 | ov_072 | 8.652664841109209 × 10^285 |
| 71 | ov_071 | 1.025251406059766 × 10^286 |
| 70 | ov_070 | 1.2060010034750303 × 10^286 |
| 69 | ov_069 | 1.408558566923213 × 10^286 |
| 68 | ov_068 | 1.634035535443585 × 10^286 |
| 67 | ov_067 | 1.883616495546464 × 10^286 |
| 66 | ov_066 | 1.8836179785589083 × 10^286 |
| 65 | ov_065 | 1.8836225550136617 × 10^286 |
| 62 | ov_062 | 2.7269194488446356 × 10^286 |
| 61 | ov_061 | 8.2347480887581695 × 10^286 |
| 60 | ov_060 | 1.9963400681763532 × 10^287 |
| 59 | ov_059 | 4.141672806168395 × 10^287 |
| 58 | ov_058 | 7.634816967560872 × 10^287 |
| 57 | ov_057 | 1.2851119447814303 × 10^288 |
| 56 | ov_056 | 2.188909461848476 × 10^288 |
| 55 | ov_055 | 3.9321149458337 × 10^288 |
| 54 | ov_054 | 7.047049210378495 × 10^288 |
| 53 | ov_053 | 1.2141125535505385 × 10^289 |
| 52 | ov_052 | 1.989687127719258 × 10^289 |
| 51 | ov_051 | 3.107196776931564 × 10^289 |
| 50 | ov_050 | 4.649932715316834 × 10^289 |
| 49 | ov_049 | 6.708723394178842 × 10^289 |
| 48 | ov_048 | 9.334657736295654 × 10^289 |
| 47 | ov_047 | 1.258263568364912 × 10^290 |
| 32 | lv_80_m31 | 1.5003283817701196 × 10^290 |
| 46 | ov_046 | 1.6511401406798725 × 10^290 |
| 45 | ov_045 | 2.1183589089920986 × 10^290 |
| 44 | ov_044 | 2.66657834826036 × 10^290 |
| 43 | ov_043 | 3.3028598019543166 × 10^290 |
| 42 | ov_042 | 4.041738735853606 × 10^290 |
| 41 | ov_041 | 4.898588551402967 × 10^290 |
| 40 | ov_040 | 5.889648207059825 × 10^290 |
| 31 | ov_031 | 6.209921725658859 × 10^290 |
| 39 | ov_039 | 7.032055997402245 × 10^290 |
| 38 | ov_038 | 8.343890374297736 × 10^290 |
| 37 | ov_037 | 9.844218756215934 × 10^290 |
| 36 | ov_036 | 1.1553155336131598 × 10^291 |
| 35 | ov_035 | 1.3491928965810798 × 10^291 |
| 34 | ov_034 | 1.567206002438585 × 10^291 |
| 33 | ov_033 | 1.8105736077875596 × 10^291 |
| 30 | ov_030 | 2.5695348548977583 × 10^291 |
| 29 | ov_029 | 7.778946389597834 × 10^291 |
| 28 | ov_028 | 1.8905783463155153 × 10^292 |
| 27 | ov_027 | 4.522877822188328 × 10^292 |
| 26 | ov_026 | 1.089100773860266 × 10^293 |
| 25 | ov_025 | 2.3932122482117616 × 10^293 |
| 24 | ov_024 | 4.73043295264334 × 10^293 |
| 23 | ov_023 | 8.538672439157642 × 10^293 |
| 22 | ov_022 | 1.4327946588704076 × 10^294 |
| 21 | ov_021 | 2.268039161210389 × 10^294 |
| 20 | ov_020 | 3.4250287358433987 × 10^294 |
| 19 | ov_019 | 4.976409463228593 × 10^294 |
| 18 | ov_018 | 7.002051888969722 × 10^294 |
| 17 | ov_017 | 9.589062602451977 × 10^294 |
| 16 | ov_016 | 1.28318048105218 × 10^295 |
| 15 | ov_015 | 1.6831932465242067 × 10^295 |
| 14 | ov_014 | 2.169844310561785 × 10^295 |
| 13 | ov_013 | 2.754775517432095 × 10^295 |
| 12 | ov_012 | 3.450381617208792 × 10^295 |
| 11 | ov_011 | 4.2698248142040624 × 10^295 |
| 10 | ov_010 | 5.227053612345656 × 10^295 |
| 9 | ov_009 | 6.336826425048241 × 10^295 |
| 8 | ov_008 | 7.614740404245269 × 10^295 |
| 7 | ov_007 | 9.06925376910044 × 10^295 |
| 6 | ov_006 | 1.0717750971874137 × 10^296 |
| 5 | ov_005 | 1.256965185677144 × 10^296 |
| 4 | ov_004 | 1.4634899588638102 × 10^296 |
| 3 | ov_003 | 1.6923995090066829 × 10^296 |
| 2 | ov_002 | 1.944803685597777 × 10^296 |
| 1 | ov_001 | 2.2218766831617773 × 10^296 |

