# Results for F001-F002-F003-F004-F005-F006-F007-F008-F009-F010-F011-F012-F013-F014-F015-F016-F017-F018-F019-F020-F021-F022-F023-F024-F025-F026-F027-F028-F029-F030-F031-F032-F033-F034-F035-F036-F037-F038-F039-F040-F041-F042-F043-F044-F045-F046-F047-F048-F049-F050-F051-F052-F053-F054-F055-F056-F057-F058-F059-F060-F061-F062-F063-F064-F065-F066-F067-F068-F069-F070-F071-F072-F073-F074-F075-F076-F077-F078-F079-F080-F081-F082-F083-F084-F085-F086-F087-F088-F089-F090-F091-F092-F093-F094-F095-F096-F097-F098-F099-F100-F101-F102-F103-F104-F105-F106-F107-F108-F109-F110-F111-F112-F113-F114-F115-F116-F117-F118-F119-F120-F121-F122-F123-F124-F125-F126-F127-F128-F129-F130-F131-F132-F133-F134-F135-F136-F137-F138-F139-F140-F141-F142-F143-F144-F145-F146-F147-F148-F149-F150-F151-F152-F153-F154-F155-F156-F157-F158-F159-F160-F161-F162-F163-F164-F165-F166-F167-F168-F169-F170-F171-F172-F173-F174-F175-F176-F177-F178-F179-F180-F181-F182-F183-F184-F185-F186-F187-F188-F189-F190-F191-F192-F193-F194-F195-F196-F197-F198-F199-F200-F201-F202-F203-F204-F205-F206-F207-F208-F209-F210-F211-F212-F213-F214-F215-F216-F217-F218-F219-F220-F221-F222-F223-F224-F225-F226-F227-F228-F229-F230-F231-F232-F233-F234-F235-F236-F237-F238-F239-F240-F241-F242-F243-F244-F245-F246-F247-F248-F249-F250-F251-F252-F253-F254-F255-F256-F257-F258-F259-F260-F261-F262-F263-F264-F265-F266-F267-F268-F269-F270-F271-F272-F273-F274-F275-F276-F277-F278-F279-F280-F281-F282-F283-F284-F285-F286-F287-F288-F289-F290-F291-F292-F293-F294-F295-F296-F297-F298-F299-F300-F301-F302-F303-F304-F305-F306-F307-F308-F309-F310-F311-F312-F313-F314-F315-F316-F317-F318-F319-F320-F321-F322-F323-F324-F325-F326-F327-F328-F329-F330-F331-F332-F333-F334-F335-F336-F337-F338-F339-F340-F341-F342-F343-F344-F345-F346-F347-F348-F349-F350-F351-F352-F353-F354-F355-F356-F357-F358-F359-F360-F361-F362-F363-F364-F365-F366-F367-F368-F369-F370-F371-F372-F373-F374-F375-F376-F377-F378-F379-F380-F381-F382-F383-F384-F385-F386-F387-F388-F389-F390-F391-F392-F393-F394-F395-F396-F397-F398-F399-F400-F401-F402-F403-F404-F405-F406-F407-F408-F409-F410-F411-F412-F413-F414-F415-F416-F417-F418-F419-F420-F421-F422-F423-F424-F425-F426-F427-F428-F429-F430-F431-F432-F433-F434-F435-F436-F437-F438-F439-F440-F441-F442-F443-F444-F445-F446-F447-F448-F449-F450-F451-F452-F453-F454-F455-F456-F457-F458-F459-F460-F461-F462-F463-F464-F465-F466-F467-F468-F469-F470-F471-F472-F473-F474-F475-F476-F477-F478-F479-F480-F481-F482-F483-F484-F485-F486-F487-F488-F489-F490-F491-F492-F493-F494-F495-F496-F497-F498-F499-F500-F501-E502508-E502511-O504506-E507509-F512

## Summary

Number of input bits: 512  
Number of free input bits: 6  
Number of output bits: 160

Number of direct occurrences: 25653  
Number of assignments: 31120  
Number of operations: 11546367
(xor: 11516351,
and: 16872,
or: 13144)

Total complexity: 2.706733139880097 × 10^305

Least occurring input variable: iv_505 (3909)  
Most occurring input variable: iv_502 (4402)

Most co-occurring input variables: iv_504-iv_510 (2188)  
Least co-occurring input variables: iv_504-iv_505 (1910)

Potentially most occurring input variable: iv_502/iv_507 (4735)  
Potentially least occurring input variable: iv_503/iv_505 (4307)

Least output occurring input variable: iv_502 (70)  
Most output occurring input variable: iv_504 (82)

Most output co-occurring input variables: iv_503-iv_510 (43)  
Least output co-occurring input variables: iv_502-iv_507 (28)

Potentially most output occurring input variable: iv_502/iv_503 (93)  
Potentially least output occurring input variable: iv_503/iv_510 (71)

Least complex input bit: iv_503 (5.949762502668658 × 10^303)  
Most complex input bit: iv_507 (8.393638547985176 × 10^304)

Least complex output bit: aaa_76_29 (1.418972706508674 × 10^280)  
Most complex output bit: ov_001 (4.3024468050133346 × 10^304)

Least complex input/output complexity: iv_503/aaa_76_29 (3.1190923394352668 × 10^278)  
Most complex input/output complexity: iv_507/ov_001 (1.3341981454003007 × 10^304)

Input variable with highest collision probability: iv_503 (½^160.00000000000043)

## Input Bits

### Input Bits in Regular Order

| Input Bit | Complexity | Occurrences | Output Occurrences | Collision Probability |
|:---------:|:----------:|:-----------:|:------------------:|:---------------------:|
| iv_502 | 5.518217171505588 × 10^304 | 4402 | 70 | ½^160.0000000000007 |
| iv_503 | 5.949762502668658 × 10^303 | 4228 | 81 | ½^160.00000000000043 |
| iv_504 | 3.4058102074647403 × 10^304 | 4334 | 82 | ½^160.00000000000085 |
| iv_505 | 1.5719713292262408 × 10^304 | 3909 | 77 | ½^160.00000000000065 |
| iv_507 | 8.393638547985176 × 10^304 | 4399 | 72 | ½^160.00000000000085 |
| iv_510 | 7.582717892352362 × 10^304 | 4381 | 76 | ½^160.0000000000007 |

### Input Bits Sorted by Complexity

| Input Bit | Complexity | Occurrences | Output Occurrences | Collision Probability |
|:---------:|:----------:|:-----------:|:------------------:|:---------------------:|
| iv_503 | 5.949762502668658 × 10^303 | 4228 | 81 | ½^160.00000000000043 |
| iv_505 | 1.5719713292262408 × 10^304 | 3909 | 77 | ½^160.00000000000065 |
| iv_504 | 3.4058102074647403 × 10^304 | 4334 | 82 | ½^160.00000000000085 |
| iv_502 | 5.518217171505588 × 10^304 | 4402 | 70 | ½^160.0000000000007 |
| iv_510 | 7.582717892352362 × 10^304 | 4381 | 76 | ½^160.0000000000007 |
| iv_507 | 8.393638547985176 × 10^304 | 4399 | 72 | ½^160.00000000000085 |

### Input Bits Sorted by Occurrences

| Input Bit | Complexity | Occurrences | Output Occurrences | Collision Probability |
|:---------:|:----------:|:-----------:|:------------------:|:---------------------:|
| iv_505 | 1.5719713292262408 × 10^304 | 3909 | 77 | ½^160.00000000000065 |
| iv_503 | 5.949762502668658 × 10^303 | 4228 | 81 | ½^160.00000000000043 |
| iv_504 | 3.4058102074647403 × 10^304 | 4334 | 82 | ½^160.00000000000085 |
| iv_510 | 7.582717892352362 × 10^304 | 4381 | 76 | ½^160.0000000000007 |
| iv_507 | 8.393638547985176 × 10^304 | 4399 | 72 | ½^160.00000000000085 |
| iv_502 | 5.518217171505588 × 10^304 | 4402 | 70 | ½^160.0000000000007 |

### Input Bits Sorted by Output Occurrences

| Input Bit | Complexity | Occurrences | Output Occurrences | Collision Probability |
|:---------:|:----------:|:-----------:|:------------------:|:---------------------:|
| iv_502 | 5.518217171505588 × 10^304 | 4402 | 70 | ½^160.0000000000007 |
| iv_507 | 8.393638547985176 × 10^304 | 4399 | 72 | ½^160.00000000000085 |
| iv_510 | 7.582717892352362 × 10^304 | 4381 | 76 | ½^160.0000000000007 |
| iv_505 | 1.5719713292262408 × 10^304 | 3909 | 77 | ½^160.00000000000065 |
| iv_503 | 5.949762502668658 × 10^303 | 4228 | 81 | ½^160.00000000000043 |
| iv_504 | 3.4058102074647403 × 10^304 | 4334 | 82 | ½^160.00000000000085 |

### Input Bits Sorted by Collision Probability

| Input Bit | Complexity | Occurrences | Output Occurrences | Collision Probability |
|:---------:|:----------:|:-----------:|:------------------:|:---------------------:|
| iv_503 | 5.949762502668658 × 10^303 | 4228 | 81 | ½^160.00000000000043 |
| iv_505 | 1.5719713292262408 × 10^304 | 3909 | 77 | ½^160.00000000000065 |
| iv_502 | 5.518217171505588 × 10^304 | 4402 | 70 | ½^160.0000000000007 |
| iv_510 | 7.582717892352362 × 10^304 | 4381 | 76 | ½^160.0000000000007 |
| iv_504 | 3.4058102074647403 × 10^304 | 4334 | 82 | ½^160.00000000000085 |
| iv_507 | 8.393638547985176 × 10^304 | 4399 | 72 | ½^160.00000000000085 |

## Input Bit/Output Bit Collision Probabilities

| Input Bit | Output Bit | Collision Probability |
|:---------:|:----------:|:---------------------:|
| iv_510 | ov_009 | 0.5000000000000042 |
| iv_503 | ov_092 | 0.5000000000000041 |
| iv_503 | lv_80_k31 | 0.5000000000000018 |
| iv_503 | ov_070 | 0.5000000000000018 |
| iv_503 | ov_082 | 0.5000000000000018 |
| iv_503 | ov_094 | 0.5000000000000018 |

## Input Bit Co-occurrences

### Input Bit Co-occurrences Sorted by Co-occurrences

| Input Bits | Co-occurrences | Potential Occurrences | Output Co-occurrences | Potential Output Occurrences |
|:----------:|:--------------:|:---------------------:|:---------------------:|:----------------------------:|
| iv_504-iv_510 | 2188 | 4339 | 40 | 78 |
| iv_507-iv_510 | 2124 | 4532 | 36 | 76 |
| iv_503-iv_510 | 2121 | 4367 | 43 | 71 |
| iv_502-iv_510 | 2114 | 4555 | 35 | 76 |
| iv_504-iv_507 | 2102 | 4529 | 36 | 82 |
| iv_503-iv_504 | 2082 | 4398 | 41 | 81 |

### Input Bit Co-occurrences Sorted by Potential Occurrences

| Input Bits | Co-occurrences | Potential Occurrences | Output Co-occurrences | Potential Output Occurrences |
|:----------:|:--------------:|:---------------------:|:---------------------:|:----------------------------:|
| iv_503-iv_505 | 1915 | 4307 | 41 | 76 |
| iv_504-iv_510 | 2188 | 4339 | 40 | 78 |
| iv_503-iv_510 | 2121 | 4367 | 43 | 71 |
| iv_503-iv_504 | 2082 | 4398 | 41 | 81 |
| iv_504-iv_505 | 1910 | 4423 | 38 | 83 |
| iv_505-iv_510 | 1916 | 4458 | 33 | 87 |

### Input Bit Output Co-occurrences Sorted by Output Co-occurrences

| Input Bits | Co-occurrences | Potential Occurrences | Output Co-occurrences | Potential Output Occurrences |
|:----------:|:--------------:|:---------------------:|:---------------------:|:----------------------------:|
| iv_503-iv_510 | 2121 | 4367 | 43 | 71 |
| iv_503-iv_504 | 2082 | 4398 | 41 | 81 |
| iv_503-iv_505 | 1915 | 4307 | 41 | 76 |
| iv_504-iv_510 | 2188 | 4339 | 40 | 78 |
| iv_504-iv_505 | 1910 | 4423 | 38 | 83 |
| iv_504-iv_507 | 2102 | 4529 | 36 | 82 |

### Input Bit Output Co-occurrences Sorted by Potential Output Occurrences

| Input Bits | Co-occurrences | Potential Occurrences | Output Co-occurrences | Potential Output Occurrences |
|:----------:|:--------------:|:---------------------:|:---------------------:|:----------------------------:|
| iv_503-iv_510 | 2121 | 4367 | 43 | 71 |
| iv_503-iv_505 | 1915 | 4307 | 41 | 76 |
| iv_502-iv_510 | 2114 | 4555 | 35 | 76 |
| iv_507-iv_510 | 2124 | 4532 | 36 | 76 |
| iv_505-iv_507 | 1924 | 4460 | 36 | 77 |
| iv_504-iv_510 | 2188 | 4339 | 40 | 78 |

## Output Bits

### Output Bits in Regular Order

| Rank | Output Bit | Complexity |
|:----:|:----------:|:----------:|
| 1 | ov_001 | 4.3024468050133346 × 10^304 |
| 2 | ov_002 | 3.740667945604934 × 10^304 |
| 3 | ov_003 | 3.2333339117313915 × 10^304 |
| 4 | ov_004 | 2.778185363527256 × 10^304 |
| 5 | ov_005 | 2.373086121678197 × 10^304 |
| 6 | ov_006 | 2.014098767754196 × 10^304 |
| 7 | ov_007 | 1.697492118963625 × 10^304 |
| 8 | ov_008 | 1.4197287189623948 × 10^304 |
| 9 | ov_009 | 1.1774540676918486 × 10^304 |
| 10 | ov_010 | 9.674874180842762 × 10^303 |
| 11 | ov_011 | 7.868140165660547 × 10^303 |
| 12 | ov_012 | 6.325786843954908 × 10^303 |
| 13 | ov_013 | 5.020806325303689 × 10^303 |
| 14 | ov_014 | 3.927693783796856 × 10^303 |
| 15 | ov_015 | 3.0224161051802026 × 10^303 |
| 16 | ov_016 | 2.2823884785374805 × 10^303 |
| 17 | ov_017 | 1.686457511206357 × 10^303 |
| 18 | ov_018 | 1.2148895590253061 × 10^303 |
| 19 | ov_019 | 8.493630771798005 × 10^302 |
| 20 | ov_020 | 5.729639099558523 × 10^302 |
| 21 | ov_021 | 3.7018255067695318 × 10^302 |
| 22 | ov_022 | 2.269125554019712 × 10^302 |
| 23 | ov_023 | 1.3044955025217887 × 10^302 |
| 24 | ov_024 | 6.949056493249667 × 10^301 |
| 25 | ov_025 | 3.413359662434849 × 10^301 |
| 26 | ov_026 | 1.5877348277807325 × 10^301 |
| 27 | ov_027 | 7.621088125668079 × 10^300 |
| 28 | ov_028 | 3.66458448595198 × 10^300 |
| 29 | ov_029 | 1.5078418132485764 × 10^300 |
| 30 | ov_030 | 4.981990899443199 × 10^299 |
| 31 | ov_031 | 1.204551876535933 × 10^299 |
| 32 | lv_80_k31 | 2.911499647619962 × 10^298 |
| 33 | ov_033 | 3.4713695596411323 × 10^299 |
| 34 | ov_034 | 2.995649241069322 × 10^299 |
| 35 | ov_035 | 2.572493971106899 × 10^299 |
| 36 | ov_036 | 2.1974646482345916 × 10^299 |
| 37 | ov_037 | 1.866362666045528 × 10^299 |
| 38 | ov_038 | 1.5752127012614806 × 10^299 |
| 39 | ov_039 | 1.3202478275281456 × 10^299 |
| 40 | ov_040 | 1.0978967411610546 × 10^299 |
| 41 | ov_041 | 9.04772881777791 × 10^298 |
| 42 | ov_042 | 7.376652423210987 × 10^298 |
| 43 | ov_043 | 5.935306743300494 × 10^298 |
| 44 | ov_044 | 4.694875155459643 × 10^298 |
| 45 | ov_045 | 3.6413458757080754 × 10^298 |
| 46 | ov_046 | 2.7614770090556647 × 10^298 |
| 47 | ov_047 | 2.0427782930559467 × 10^298 |
| 48 | ov_048 | 1.4734970253900185 × 10^298 |
| 49 | ov_049 | 1.0323011320172437 × 10^298 |
| 50 | ov_050 | 6.99291858769527 × 10^297 |
| 51 | ov_051 | 4.559948956065772 × 10^297 |
| 52 | ov_052 | 2.853546581866656 × 10^297 |
| 53 | ov_053 | 1.717308525137331 × 10^297 |
| 54 | ov_054 | 1.0089655207007394 × 10^297 |
| 55 | ov_055 | 6.003714913302666 × 10^296 |
| 56 | ov_056 | 3.774974755076898 × 10^296 |
| 57 | ov_057 | 2.4042788539671 × 10^296 |
| 58 | ov_058 | 1.4273291425215994 × 10^296 |
| 59 | ov_059 | 7.735775248519214 × 10^295 |
| 60 | ov_060 | 3.724774146064266 × 10^295 |
| 61 | ov_061 | 1.5348269483534847 × 10^295 |
| 62 | ov_062 | 5.078378778690473 × 10^294 |
| 63 | ov_063 | 1.2297785345238522 × 10^294 |
| 64 | lv_79_k31 | 2.977139854509709 × 10^293 |
| 65 | ov_065 | 3.5242863422136565 × 10^294 |
| 66 | ov_066 | 3.524279187055409 × 10^294 |
| 67 | ov_067 | 3.524276980552703 × 10^294 |
| 68 | ov_068 | 3.0506346986768054 × 10^294 |
| 69 | ov_069 | 2.625254545165519 × 10^294 |
| 70 | ov_070 | 2.2461211056559053 × 10^294 |
| 71 | ov_071 | 1.909484527837149 × 10^294 |
| 72 | ov_072 | 1.6117705422633333 × 10^294 |
| 73 | ov_073 | 1.3495727749966318 × 10^294 |
| 74 | ov_074 | 1.1196467221302743 × 10^294 |
| 75 | ov_075 | 9.204099336937949 × 10^293 |
| 76 | ov_076 | 7.489277702777328 × 10^293 |
| 77 | ov_077 | 6.0241479948163366 × 10^293 |
| 78 | ov_078 | 4.782315423442849 × 10^293 |
| 79 | ov_079 | 3.738815979779035 × 10^293 |
| 80 | ov_080 | 2.8700912237996616 × 10^293 |
| 81 | ov_081 | 2.153966376102515 × 10^293 |
| 82 | ov_082 | 1.5796974226780004 × 10^293 |
| 83 | ov_083 | 1.1278232129956511 × 10^293 |
| 84 | ov_084 | 7.802179923014302 × 10^292 |
| 85 | ov_085 | 5.200803493790486 × 10^292 |
| 86 | ov_086 | 3.3192429121482683 × 10^292 |
| 87 | ov_087 | 2.0157221012101383 × 10^292 |
| 88 | ov_088 | 1.161495089431198 × 10^292 |
| 89 | ov_089 | 6.408065002094661 × 10^291 |
| 90 | ov_090 | 3.5086393599259645 × 10^291 |
| 91 | ov_091 | 2.0181991398941725 × 10^291 |
| 92 | ov_092 | 1.1676103043838193 × 10^291 |
| 93 | ov_093 | 6.0463128557687185 × 10^290 |
| 94 | ov_094 | 2.6463814771097456 × 10^290 |
| 95 | aaa_78_28 | 8.300943958310698 × 10^289 |
| 96 | aaa_78_29 | 3.0312107649997317 × 10^289 |
| 97 | ov_097 | 2.663432005572188 × 10^289 |
| 98 | ov_098 | 2.663393505571927 × 10^289 |
| 99 | ov_099 | 2.663381219808967 × 10^289 |
| 100 | ov_100 | 2.1758153516360893 × 10^289 |
| 101 | ov_101 | 1.7686369507096665 × 10^289 |
| 102 | ov_102 | 1.432404228193418 × 10^289 |
| 103 | ov_103 | 1.158188944861863 × 10^289 |
| 104 | ov_104 | 9.375386742089325 × 10^288 |
| 105 | ov_105 | 7.62444087272204 × 10^288 |
| 106 | ov_106 | 6.253107943256454 × 10^288 |
| 107 | ov_107 | 5.189353034267603 × 10^288 |
| 108 | ov_108 | 4.3648467960794966 × 10^288 |
| 109 | ov_109 | 3.714795114556312 × 10^288 |
| 110 | ov_110 | 3.17779814082468 × 10^288 |
| 111 | ov_111 | 2.69573519206856 × 10^288 |
| 112 | ov_112 | 2.2654925982513465 × 10^288 |
| 113 | ov_113 | 1.8840130201982244 × 10^288 |
| 114 | ov_114 | 1.548281450727667 × 10^288 |
| 115 | ov_115 | 1.255313669621679 × 10^288 |
| 116 | ov_116 | 1.002146948953737 × 10^288 |
| 117 | ov_117 | 7.858328057368749 × 10^287 |
| 118 | ov_118 | 6.03431599099266 × 10^287 |
| 119 | ov_119 | 4.5200876933321814 × 10^287 |
| 120 | ov_120 | 3.2863251623386375 × 10^287 |
| 121 | ov_121 | 2.3037259756257514 × 10^287 |
| 122 | ov_122 | 1.5429974588525093 × 10^287 |
| 123 | ov_123 | 9.748530330091937 × 10^286 |
| 124 | ov_124 | 5.700095578086279 × 10^286 |
| 125 | ov_125 | 2.9918558965697553 × 10^286 |
| 126 | ov_126 | 1.3310038047274486 × 10^286 |
| 127 | aaa_77_28 | 4.24734042550645 × 10^285 |
| 128 | aaa_77_29 | 1.5907270291431428 × 10^285 |
| 129 | ov_129 | 1.4493706142345323 × 10^285 |
| 130 | ov_130 | 1.4493671639675348 × 10^285 |
| 131 | ov_131 | 1.4493660562905816 × 10^285 |
| 132 | ov_132 | 1.2517852280301381 × 10^285 |
| 133 | ov_133 | 1.0752256950591542 × 10^285 |
| 134 | ov_134 | 9.180681606678736 × 10^284 |
| 135 | ov_135 | 7.787834172848917 × 10^284 |
| 136 | ov_136 | 6.5592578767521564 × 10^284 |
| 137 | ov_137 | 5.4812740695207115 × 10^284 |
| 138 | ov_138 | 4.540932815534056 × 10^284 |
| 139 | ov_139 | 3.725970494887322 × 10^284 |
| 140 | ov_140 | 3.0247736512946847 × 10^284 |
| 141 | ov_141 | 2.426348400261735 × 10^284 |
| 142 | ov_142 | 1.9202948337847006 × 10^284 |
| 143 | ov_143 | 1.4967858980500244 × 10^284 |
| 144 | ov_144 | 1.1465502126820504 × 10^284 |
| 145 | ov_145 | 8.608583649223004 × 10^283 |
| 146 | ov_146 | 6.315122511944783 × 10^283 |
| 147 | ov_147 | 4.5083701165312045 × 10^283 |
| 148 | ov_148 | 3.116751092392216 × 10^283 |
| 149 | ov_149 | 2.0738214351424597 × 10^283 |
| 150 | ov_150 | 1.3182402825692808 × 10^283 |
| 151 | ov_151 | 7.937520049832877 × 10^282 |
| 152 | ov_152 | 4.491756734744863 × 10^282 |
| 153 | ov_153 | 2.383993562755983 × 10^282 |
| 154 | ov_154 | 1.2037716693243887 × 10^282 |
| 155 | ov_155 | 5.912766726199792 × 10^281 |
| 156 | aaa_76_25 | 2.3732996086358026 × 10^281 |
| 157 | aaa_76_26 | 1.4602701294860214 × 10^281 |
| 158 | aaa_76_27 | 8.003772387571124 × 10^280 |
| 159 | aaa_76_28 | 3.770212097818542 × 10^280 |
| 160 | aaa_76_29 | 1.418972706508674 × 10^280 |

### Output Bits Sorted by Complexity

| Rank | Output Bit | Complexity |
|:----:|:----------:|:----------:|
| 160 | aaa_76_29 | 1.418972706508674 × 10^280 |
| 159 | aaa_76_28 | 3.770212097818542 × 10^280 |
| 158 | aaa_76_27 | 8.003772387571124 × 10^280 |
| 157 | aaa_76_26 | 1.4602701294860214 × 10^281 |
| 156 | aaa_76_25 | 2.3732996086358026 × 10^281 |
| 155 | ov_155 | 5.912766726199792 × 10^281 |
| 154 | ov_154 | 1.2037716693243887 × 10^282 |
| 153 | ov_153 | 2.383993562755983 × 10^282 |
| 152 | ov_152 | 4.491756734744863 × 10^282 |
| 151 | ov_151 | 7.937520049832877 × 10^282 |
| 150 | ov_150 | 1.3182402825692808 × 10^283 |
| 149 | ov_149 | 2.0738214351424597 × 10^283 |
| 148 | ov_148 | 3.116751092392216 × 10^283 |
| 147 | ov_147 | 4.5083701165312045 × 10^283 |
| 146 | ov_146 | 6.315122511944783 × 10^283 |
| 145 | ov_145 | 8.608583649223004 × 10^283 |
| 144 | ov_144 | 1.1465502126820504 × 10^284 |
| 143 | ov_143 | 1.4967858980500244 × 10^284 |
| 142 | ov_142 | 1.9202948337847006 × 10^284 |
| 141 | ov_141 | 2.426348400261735 × 10^284 |
| 140 | ov_140 | 3.0247736512946847 × 10^284 |
| 139 | ov_139 | 3.725970494887322 × 10^284 |
| 138 | ov_138 | 4.540932815534056 × 10^284 |
| 137 | ov_137 | 5.4812740695207115 × 10^284 |
| 136 | ov_136 | 6.5592578767521564 × 10^284 |
| 135 | ov_135 | 7.787834172848917 × 10^284 |
| 134 | ov_134 | 9.180681606678736 × 10^284 |
| 133 | ov_133 | 1.0752256950591542 × 10^285 |
| 132 | ov_132 | 1.2517852280301381 × 10^285 |
| 131 | ov_131 | 1.4493660562905816 × 10^285 |
| 130 | ov_130 | 1.4493671639675348 × 10^285 |
| 129 | ov_129 | 1.4493706142345323 × 10^285 |
| 128 | aaa_77_29 | 1.5907270291431428 × 10^285 |
| 127 | aaa_77_28 | 4.24734042550645 × 10^285 |
| 126 | ov_126 | 1.3310038047274486 × 10^286 |
| 125 | ov_125 | 2.9918558965697553 × 10^286 |
| 124 | ov_124 | 5.700095578086279 × 10^286 |
| 123 | ov_123 | 9.748530330091937 × 10^286 |
| 122 | ov_122 | 1.5429974588525093 × 10^287 |
| 121 | ov_121 | 2.3037259756257514 × 10^287 |
| 120 | ov_120 | 3.2863251623386375 × 10^287 |
| 119 | ov_119 | 4.5200876933321814 × 10^287 |
| 118 | ov_118 | 6.03431599099266 × 10^287 |
| 117 | ov_117 | 7.858328057368749 × 10^287 |
| 116 | ov_116 | 1.002146948953737 × 10^288 |
| 115 | ov_115 | 1.255313669621679 × 10^288 |
| 114 | ov_114 | 1.548281450727667 × 10^288 |
| 113 | ov_113 | 1.8840130201982244 × 10^288 |
| 112 | ov_112 | 2.2654925982513465 × 10^288 |
| 111 | ov_111 | 2.69573519206856 × 10^288 |
| 110 | ov_110 | 3.17779814082468 × 10^288 |
| 109 | ov_109 | 3.714795114556312 × 10^288 |
| 108 | ov_108 | 4.3648467960794966 × 10^288 |
| 107 | ov_107 | 5.189353034267603 × 10^288 |
| 106 | ov_106 | 6.253107943256454 × 10^288 |
| 105 | ov_105 | 7.62444087272204 × 10^288 |
| 104 | ov_104 | 9.375386742089325 × 10^288 |
| 103 | ov_103 | 1.158188944861863 × 10^289 |
| 102 | ov_102 | 1.432404228193418 × 10^289 |
| 101 | ov_101 | 1.7686369507096665 × 10^289 |
| 100 | ov_100 | 2.1758153516360893 × 10^289 |
| 99 | ov_099 | 2.663381219808967 × 10^289 |
| 98 | ov_098 | 2.663393505571927 × 10^289 |
| 97 | ov_097 | 2.663432005572188 × 10^289 |
| 96 | aaa_78_29 | 3.0312107649997317 × 10^289 |
| 95 | aaa_78_28 | 8.300943958310698 × 10^289 |
| 94 | ov_094 | 2.6463814771097456 × 10^290 |
| 93 | ov_093 | 6.0463128557687185 × 10^290 |
| 92 | ov_092 | 1.1676103043838193 × 10^291 |
| 91 | ov_091 | 2.0181991398941725 × 10^291 |
| 90 | ov_090 | 3.5086393599259645 × 10^291 |
| 89 | ov_089 | 6.408065002094661 × 10^291 |
| 88 | ov_088 | 1.161495089431198 × 10^292 |
| 87 | ov_087 | 2.0157221012101383 × 10^292 |
| 86 | ov_086 | 3.3192429121482683 × 10^292 |
| 85 | ov_085 | 5.200803493790486 × 10^292 |
| 84 | ov_084 | 7.802179923014302 × 10^292 |
| 83 | ov_083 | 1.1278232129956511 × 10^293 |
| 82 | ov_082 | 1.5796974226780004 × 10^293 |
| 81 | ov_081 | 2.153966376102515 × 10^293 |
| 80 | ov_080 | 2.8700912237996616 × 10^293 |
| 64 | lv_79_k31 | 2.977139854509709 × 10^293 |
| 79 | ov_079 | 3.738815979779035 × 10^293 |
| 78 | ov_078 | 4.782315423442849 × 10^293 |
| 77 | ov_077 | 6.0241479948163366 × 10^293 |
| 76 | ov_076 | 7.489277702777328 × 10^293 |
| 75 | ov_075 | 9.204099336937949 × 10^293 |
| 74 | ov_074 | 1.1196467221302743 × 10^294 |
| 63 | ov_063 | 1.2297785345238522 × 10^294 |
| 73 | ov_073 | 1.3495727749966318 × 10^294 |
| 72 | ov_072 | 1.6117705422633333 × 10^294 |
| 71 | ov_071 | 1.909484527837149 × 10^294 |
| 70 | ov_070 | 2.2461211056559053 × 10^294 |
| 69 | ov_069 | 2.625254545165519 × 10^294 |
| 68 | ov_068 | 3.0506346986768054 × 10^294 |
| 67 | ov_067 | 3.524276980552703 × 10^294 |
| 66 | ov_066 | 3.524279187055409 × 10^294 |
| 65 | ov_065 | 3.5242863422136565 × 10^294 |
| 62 | ov_062 | 5.078378778690473 × 10^294 |
| 61 | ov_061 | 1.5348269483534847 × 10^295 |
| 60 | ov_060 | 3.724774146064266 × 10^295 |
| 59 | ov_059 | 7.735775248519214 × 10^295 |
| 58 | ov_058 | 1.4273291425215994 × 10^296 |
| 57 | ov_057 | 2.4042788539671 × 10^296 |
| 56 | ov_056 | 3.774974755076898 × 10^296 |
| 55 | ov_055 | 6.003714913302666 × 10^296 |
| 54 | ov_054 | 1.0089655207007394 × 10^297 |
| 53 | ov_053 | 1.717308525137331 × 10^297 |
| 52 | ov_052 | 2.853546581866656 × 10^297 |
| 51 | ov_051 | 4.559948956065772 × 10^297 |
| 50 | ov_050 | 6.99291858769527 × 10^297 |
| 49 | ov_049 | 1.0323011320172437 × 10^298 |
| 48 | ov_048 | 1.4734970253900185 × 10^298 |
| 47 | ov_047 | 2.0427782930559467 × 10^298 |
| 46 | ov_046 | 2.7614770090556647 × 10^298 |
| 32 | lv_80_k31 | 2.911499647619962 × 10^298 |
| 45 | ov_045 | 3.6413458757080754 × 10^298 |
| 44 | ov_044 | 4.694875155459643 × 10^298 |
| 43 | ov_043 | 5.935306743300494 × 10^298 |
| 42 | ov_042 | 7.376652423210987 × 10^298 |
| 41 | ov_041 | 9.04772881777791 × 10^298 |
| 40 | ov_040 | 1.0978967411610546 × 10^299 |
| 31 | ov_031 | 1.204551876535933 × 10^299 |
| 39 | ov_039 | 1.3202478275281456 × 10^299 |
| 38 | ov_038 | 1.5752127012614806 × 10^299 |
| 37 | ov_037 | 1.866362666045528 × 10^299 |
| 36 | ov_036 | 2.1974646482345916 × 10^299 |
| 35 | ov_035 | 2.572493971106899 × 10^299 |
| 34 | ov_034 | 2.995649241069322 × 10^299 |
| 33 | ov_033 | 3.4713695596411323 × 10^299 |
| 30 | ov_030 | 4.981990899443199 × 10^299 |
| 29 | ov_029 | 1.5078418132485764 × 10^300 |
| 28 | ov_028 | 3.66458448595198 × 10^300 |
| 27 | ov_027 | 7.621088125668079 × 10^300 |
| 26 | ov_026 | 1.5877348277807325 × 10^301 |
| 25 | ov_025 | 3.413359662434849 × 10^301 |
| 24 | ov_024 | 6.949056493249667 × 10^301 |
| 23 | ov_023 | 1.3044955025217887 × 10^302 |
| 22 | ov_022 | 2.269125554019712 × 10^302 |
| 21 | ov_021 | 3.7018255067695318 × 10^302 |
| 20 | ov_020 | 5.729639099558523 × 10^302 |
| 19 | ov_019 | 8.493630771798005 × 10^302 |
| 18 | ov_018 | 1.2148895590253061 × 10^303 |
| 17 | ov_017 | 1.686457511206357 × 10^303 |
| 16 | ov_016 | 2.2823884785374805 × 10^303 |
| 15 | ov_015 | 3.0224161051802026 × 10^303 |
| 14 | ov_014 | 3.927693783796856 × 10^303 |
| 13 | ov_013 | 5.020806325303689 × 10^303 |
| 12 | ov_012 | 6.325786843954908 × 10^303 |
| 11 | ov_011 | 7.868140165660547 × 10^303 |
| 10 | ov_010 | 9.674874180842762 × 10^303 |
| 9 | ov_009 | 1.1774540676918486 × 10^304 |
| 8 | ov_008 | 1.4197287189623948 × 10^304 |
| 7 | ov_007 | 1.697492118963625 × 10^304 |
| 6 | ov_006 | 2.014098767754196 × 10^304 |
| 5 | ov_005 | 2.373086121678197 × 10^304 |
| 4 | ov_004 | 2.778185363527256 × 10^304 |
| 3 | ov_003 | 3.2333339117313915 × 10^304 |
| 2 | ov_002 | 3.740667945604934 × 10^304 |
| 1 | ov_001 | 4.3024468050133346 × 10^304 |

