# Results for F001-F002-F003-F004-F005-F006-F007-F008-F009-F010-F011-F012-F013-F014-F015-F016-F017-F018-F019-F020-F021-F022-F023-F024-F025-F026-F027-F028-F029-F030-F031-F032-F033-F034-F035-F036-F037-F038-F039-F040-F041-F042-F043-F044-F045-F046-F047-F048-F049-F050-F051-F052-F053-F054-F055-F056-F057-F058-F059-F060-F061-F062-F063-F064-F065-F066-F067-F068-F069-F070-F071-F072-F073-F074-F075-F076-F077-F078-F079-F080-F081-F082-F083-F084-F085-F086-F087-F088-F089-F090-F091-F092-F093-F094-F095-F096-F097-F098-F099-F100-F101-F102-F103-F104-F105-F106-F107-F108-F109-F110-F111-F112-F113-F114-F115-F116-F117-F118-F119-F120-F121-F122-F123-F124-F125-F126-F127-F128-F129-F130-F131-F132-F133-F134-F135-F136-F137-F138-F139-F140-F141-F142-F143-F144-F145-F146-F147-F148-F149-F150-F151-F152-F153-F154-F155-F156-F157-F158-F159-F160-F161-F162-F163-F164-F165-F166-F167-F168-F169-F170-F171-F172-F173-F174-F175-F176-F177-F178-F179-F180-F181-F182-F183-F184-F185-F186-F187-F188-F189-F190-F191-F192-F193-F194-F195-F196-F197-F198-F199-F200-F201-F202-F203-F204-F205-F206-F207-F208-F209-F210-F211-F212-F213-F214-F215-F216-F217-F218-F219-F220-F221-F222-F223-F224-F225-F226-F227-F228-F229-F230-F231-F232-F233-F234-F235-F236-F237-F238-F239-F240-F241-F242-F243-F244-F245-F246-F247-F248-F249-F250-F251-F252-F253-F254-F255-F256-F257-F258-F259-F260-F261-F262-F263-F264-F265-F266-F267-F268-F269-F270-F271-F272-F273-F274-F275-F276-F277-F278-F279-F280-F281-F282-F283-F284-F285-F286-F287-F288-F289-F290-F291-F292-F293-F294-F295-F296-F297-F298-F299-F300-F301-F302-F303-F304-F305-F306-F307-F308-F309-F310-F311-F312-F313-F314-F315-F316-F317-F318-F319-F320-F321-F322-F323-F324-F325-F326-F327-F328-F329-F330-F331-F332-F333-F334-F335-F336-F337-F338-F339-F340-F341-F342-F343-F344-F345-F346-F347-F348-F349-F350-F351-F352-F353-F354-F355-F356-F357-F358-F359-F360-F361-F362-F363-F364-F365-F366-F367-F368-F369-F370-F371-F372-F373-F374-F375-F376-F377-F378-F379-F380-F381-F382-F383-F384-F385-F386-F387-F388-F389-F390-F391-F392-F393-F394-F395-F396-F397-F398-F399-F400-F401-F402-F403-F404-F405-F406-F407-F408-F409-F410-F411-F412-F413-F414-F415-F416-F417-F418-F419-F420-F421-F422-F423-F424-F425-F426-F427-F428-F429-F430-F431-F432-F433-F434-F435-F436-F437-F438-F439-F440-F441-F442-F443-F444-F445-F446-F447-F448-F449-F450-F451-F452-F453-F454-F455-F456-F457-F458-F459-F460-F461-F462-F463-F464-F465-F466-F467-F468-F469-F470-F471-F472-F473-F474-F475-F476-F477-F478-F479-F480-F481-F482-F483-F484-F485-F486-F487-F488-F489-F490-F491-F492-F493-F494-F495-F496-F497-F498-F499-F500-F501-F502-F503-F504-F505-F510

## Summary

Number of input bits: 512  
Number of free input bits: 6  
Number of output bits: 160

Number of direct occurrences: 24595  
Number of assignments: 30132  
Number of operations: 10837675
(xor: 10807118,
and: 17905,
or: 12652)

Total complexity: 4.380666736882395 × 10^295

Least occurring input variable: iv_507 (3989)  
Most occurring input variable: iv_512 (4316)

Most co-occurring input variables: iv_511-iv_512 (2103)  
Least co-occurring input variables: iv_506-iv_508 (1891)

Potentially most occurring input variable: iv_506/iv_512 (4494)  
Potentially least occurring input variable: iv_506/iv_507 (4105)

Least output occurring input variable: iv_508 (70)  
Most output occurring input variable: iv_512 (83)

Most output co-occurring input variables: iv_507-iv_509 (41)  
Least output co-occurring input variables: iv_508-iv_511 (23)

Potentially most output occurring input variable: iv_508/iv_511 (94)  
Potentially least output occurring input variable: iv_506/iv_509 (75)

Least complex input bit: iv_506 (1.7875906216254996 × 10^294)  
Most complex input bit: iv_512 (1.4171523832431382 × 10^295)

Least complex output bit: aaa_76_29 (7.739553001175034 × 10^270)  
Most complex output bit: ov_001 (6.791278328379625 × 10^294)

Least complex input/output complexity: iv_506/aaa_76_29 (3.1582298292611226 × 10^269)  
Most complex input/output complexity: iv_512/ov_001 (2.196988916618662 × 10^294)

Input variable with highest collision probability: iv_509 (½^160.0000000000002)

## Input Bits

### Input Bits in Regular Order

| Input Bit | Complexity | Occurrences | Output Occurrences | Collision Probability |
|:---------:|:----------:|:-----------:|:------------------:|:---------------------:|
| iv_506 | 1.7875906216254996 × 10^294 | 4132 | 77 | ½^160.00000000000065 |
| iv_507 | 3.431407991371996 × 10^294 | 3989 | 79 | ½^160.0000000000007 |
| iv_508 | 5.253476840935259 × 10^294 | 4008 | 70 | ½^160.0000000000008 |
| iv_509 | 7.293307289326169 × 10^294 | 4008 | 78 | ½^160.0000000000002 |
| iv_511 | 1.186936079313365 × 10^295 | 4142 | 70 | ½^160.0000000000008 |
| iv_512 | 1.4171523832431382 × 10^295 | 4316 | 83 | ½^160.00000000000077 |

### Input Bits Sorted by Complexity

| Input Bit | Complexity | Occurrences | Output Occurrences | Collision Probability |
|:---------:|:----------:|:-----------:|:------------------:|:---------------------:|
| iv_506 | 1.7875906216254996 × 10^294 | 4132 | 77 | ½^160.00000000000065 |
| iv_507 | 3.431407991371996 × 10^294 | 3989 | 79 | ½^160.0000000000007 |
| iv_508 | 5.253476840935259 × 10^294 | 4008 | 70 | ½^160.0000000000008 |
| iv_509 | 7.293307289326169 × 10^294 | 4008 | 78 | ½^160.0000000000002 |
| iv_511 | 1.186936079313365 × 10^295 | 4142 | 70 | ½^160.0000000000008 |
| iv_512 | 1.4171523832431382 × 10^295 | 4316 | 83 | ½^160.00000000000077 |

### Input Bits Sorted by Occurrences

| Input Bit | Complexity | Occurrences | Output Occurrences | Collision Probability |
|:---------:|:----------:|:-----------:|:------------------:|:---------------------:|
| iv_507 | 3.431407991371996 × 10^294 | 3989 | 79 | ½^160.0000000000007 |
| iv_509 | 7.293307289326169 × 10^294 | 4008 | 78 | ½^160.0000000000002 |
| iv_508 | 5.253476840935259 × 10^294 | 4008 | 70 | ½^160.0000000000008 |
| iv_506 | 1.7875906216254996 × 10^294 | 4132 | 77 | ½^160.00000000000065 |
| iv_511 | 1.186936079313365 × 10^295 | 4142 | 70 | ½^160.0000000000008 |
| iv_512 | 1.4171523832431382 × 10^295 | 4316 | 83 | ½^160.00000000000077 |

### Input Bits Sorted by Output Occurrences

| Input Bit | Complexity | Occurrences | Output Occurrences | Collision Probability |
|:---------:|:----------:|:-----------:|:------------------:|:---------------------:|
| iv_508 | 5.253476840935259 × 10^294 | 4008 | 70 | ½^160.0000000000008 |
| iv_511 | 1.186936079313365 × 10^295 | 4142 | 70 | ½^160.0000000000008 |
| iv_506 | 1.7875906216254996 × 10^294 | 4132 | 77 | ½^160.00000000000065 |
| iv_509 | 7.293307289326169 × 10^294 | 4008 | 78 | ½^160.0000000000002 |
| iv_507 | 3.431407991371996 × 10^294 | 3989 | 79 | ½^160.0000000000007 |
| iv_512 | 1.4171523832431382 × 10^295 | 4316 | 83 | ½^160.00000000000077 |

### Input Bits Sorted by Collision Probability

| Input Bit | Complexity | Occurrences | Output Occurrences | Collision Probability |
|:---------:|:----------:|:-----------:|:------------------:|:---------------------:|
| iv_509 | 7.293307289326169 × 10^294 | 4008 | 78 | ½^160.0000000000002 |
| iv_506 | 1.7875906216254996 × 10^294 | 4132 | 77 | ½^160.00000000000065 |
| iv_507 | 3.431407991371996 × 10^294 | 3989 | 79 | ½^160.0000000000007 |
| iv_512 | 1.4171523832431382 × 10^295 | 4316 | 83 | ½^160.00000000000077 |
| iv_511 | 1.186936079313365 × 10^295 | 4142 | 70 | ½^160.0000000000008 |
| iv_508 | 5.253476840935259 × 10^294 | 4008 | 70 | ½^160.0000000000008 |

## Input Bit/Output Bit Collision Probabilities

| Input Bit | Output Bit | Collision Probability |
|:---------:|:----------:|:---------------------:|
| iv_509 | ov_101 | 0.5000000000000047 |
| iv_509 | ov_133 | 0.500000000000004 |
| iv_509 | ov_149 | 0.5000000000000022 |
| iv_509 | ov_015 | 0.5000000000000019 |
| iv_509 | ov_041 | 0.5000000000000019 |
| iv_507 | ov_114 | 0.5000000000000018 |

## Input Bit Co-occurrences

### Input Bit Co-occurrences Sorted by Co-occurrences

| Input Bits | Co-occurrences | Potential Occurrences | Output Co-occurrences | Potential Output Occurrences |
|:----------:|:--------------:|:---------------------:|:---------------------:|:----------------------------:|
| iv_511-iv_512 | 2103 | 4252 | 37 | 79 |
| iv_506-iv_507 | 2008 | 4105 | 40 | 76 |
| iv_507-iv_512 | 1989 | 4327 | 41 | 80 |
| iv_508-iv_512 | 1987 | 4350 | 31 | 91 |
| iv_506-iv_512 | 1977 | 4494 | 38 | 84 |
| iv_509-iv_512 | 1972 | 4380 | 35 | 91 |

### Input Bit Co-occurrences Sorted by Potential Occurrences

| Input Bits | Co-occurrences | Potential Occurrences | Output Co-occurrences | Potential Output Occurrences |
|:----------:|:--------------:|:---------------------:|:---------------------:|:----------------------------:|
| iv_506-iv_507 | 2008 | 4105 | 40 | 76 |
| iv_507-iv_508 | 1909 | 4179 | 33 | 83 |
| iv_508-iv_509 | 1913 | 4190 | 35 | 78 |
| iv_507-iv_509 | 1896 | 4205 | 41 | 75 |
| iv_506-iv_509 | 1958 | 4224 | 40 | 75 |
| iv_511-iv_512 | 2103 | 4252 | 37 | 79 |

### Input Bit Output Co-occurrences Sorted by Output Co-occurrences

| Input Bits | Co-occurrences | Potential Occurrences | Output Co-occurrences | Potential Output Occurrences |
|:----------:|:--------------:|:---------------------:|:---------------------:|:----------------------------:|
| iv_507-iv_512 | 1989 | 4327 | 41 | 80 |
| iv_507-iv_509 | 1896 | 4205 | 41 | 75 |
| iv_506-iv_509 | 1958 | 4224 | 40 | 75 |
| iv_506-iv_507 | 2008 | 4105 | 40 | 76 |
| iv_506-iv_512 | 1977 | 4494 | 38 | 84 |
| iv_511-iv_512 | 2103 | 4252 | 37 | 79 |

### Input Bit Output Co-occurrences Sorted by Potential Output Occurrences

| Input Bits | Co-occurrences | Potential Occurrences | Output Co-occurrences | Potential Output Occurrences |
|:----------:|:--------------:|:---------------------:|:---------------------:|:----------------------------:|
| iv_506-iv_509 | 1958 | 4224 | 40 | 75 |
| iv_507-iv_509 | 1896 | 4205 | 41 | 75 |
| iv_506-iv_507 | 2008 | 4105 | 40 | 76 |
| iv_506-iv_511 | 1922 | 4430 | 35 | 77 |
| iv_508-iv_509 | 1913 | 4190 | 35 | 78 |
| iv_509-iv_511 | 1942 | 4266 | 35 | 78 |

## Output Bits

### Output Bits in Regular Order

| Rank | Output Bit | Complexity |
|:----:|:----------:|:----------:|
| 1 | ov_001 | 6.791278328379625 × 10^294 |
| 2 | ov_002 | 5.944578980345639 × 10^294 |
| 3 | ov_003 | 5.172975626395174 × 10^294 |
| 4 | ov_004 | 4.472889107481475 × 10^294 |
| 5 | ov_005 | 3.8409362063462665 × 10^294 |
| 6 | ov_006 | 3.273915669651006 × 10^294 |
| 7 | ov_007 | 2.7687960632134525 × 10^294 |
| 8 | ov_008 | 2.3227052569769742 × 10^294 |
| 9 | ov_009 | 1.9329213749314127 × 10^294 |
| 10 | ov_010 | 1.59442148131933 × 10^294 |
| 11 | ov_011 | 1.3024486584197454 × 10^294 |
| 12 | ov_012 | 1.0525015978377686 × 10^294 |
| 13 | ov_013 | 8.403259188848222 × 10^293 |
| 14 | ov_014 | 6.619070514869304 × 10^293 |
| 15 | ov_015 | 5.134645314252971 × 10^293 |
| 16 | ov_016 | 3.914475659705132 × 10^293 |
| 17 | ov_017 | 2.9253172483900588 × 10^293 |
| 18 | ov_018 | 2.1361658284867773 × 10^293 |
| 19 | ov_019 | 1.5182411583774504 × 10^293 |
| 20 | ov_020 | 1.044976569717291 × 10^293 |
| 21 | ov_021 | 6.920124896270204 × 10^292 |
| 22 | ov_022 | 4.371926439892505 × 10^292 |
| 23 | ov_023 | 2.6056192255648216 × 10^292 |
| 24 | ov_024 | 1.4436512764413685 × 10^292 |
| 25 | ov_025 | 7.304619217146189 × 10^291 |
| 26 | ov_026 | 3.324770966680533 × 10^291 |
| 27 | ov_027 | 1.3810681490549213 × 10^291 |
| 28 | ov_028 | 5.774399286562736 × 10^290 |
| 29 | ov_029 | 2.376399974736699 × 10^290 |
| 30 | ov_030 | 7.85010614903948 × 10^289 |
| 31 | ov_031 | 1.8966667246955908 × 10^289 |
| 32 | lv_80_k31 | 4.579303816046336 × 10^288 |
| 33 | ov_033 | 5.514233742912447 × 10^289 |
| 34 | ov_034 | 4.773719334262482 × 10^289 |
| 35 | ov_035 | 4.109769032865897 × 10^289 |
| 36 | ov_036 | 3.518289797991749 × 10^289 |
| 37 | ov_037 | 2.99541421825708 × 10^289 |
| 38 | ov_038 | 2.5374838366021513 × 10^289 |
| 39 | ov_039 | 2.1377527244709978 × 10^289 |
| 40 | ov_040 | 1.7898282950943487 × 10^289 |
| 41 | ov_041 | 1.4876515413254948 × 10^289 |
| 42 | ov_042 | 1.2254803023195416 × 10^289 |
| 43 | ov_043 | 1.0005207957930256 × 10^289 |
| 44 | ov_044 | 8.076247747685504 × 10^288 |
| 45 | ov_045 | 6.419254880918018 × 10^288 |
| 46 | ov_046 | 5.0105885164637435 × 10^288 |
| 47 | ov_047 | 3.827958737125608 × 10^288 |
| 48 | ov_048 | 2.8503990862359307 × 10^288 |
| 49 | ov_049 | 2.0582455367022656 × 10^288 |
| 50 | ov_050 | 1.4331208246934227 × 10^288 |
| 51 | ov_051 | 9.579231708434574 × 10^287 |
| 52 | ov_052 | 6.1681850140281075 × 10^287 |
| 53 | ov_053 | 3.819234648414972 × 10^287 |
| 54 | ov_054 | 2.278720698491099 × 10^287 |
| 55 | ov_055 | 1.3181307598324288 × 10^287 |
| 56 | ov_056 | 7.340863847804422 × 10^286 |
| 57 | ov_057 | 4.3118067311512604 × 10^286 |
| 58 | ov_058 | 2.5628421735054417 × 10^286 |
| 59 | ov_059 | 1.3911253999674338 × 10^286 |
| 60 | ov_060 | 6.710625299766016 × 10^285 |
| 61 | ov_061 | 2.7706068521069366 × 10^285 |
| 62 | ov_062 | 9.184083773357392 × 10^284 |
| 63 | ov_063 | 2.2278867913989384 × 10^284 |
| 64 | lv_79_k31 | 5.40159655935569 × 10^283 |
| 65 | ov_065 | 6.3717284867242944 × 10^284 |
| 66 | ov_066 | 6.371712942690869 × 10^284 |
| 67 | ov_067 | 6.3717079055046915 × 10^284 |
| 68 | ov_068 | 5.540348862542147 × 10^284 |
| 69 | ov_069 | 4.787581371119359 × 10^284 |
| 70 | ov_070 | 4.109381448715882 × 10^284 |
| 71 | ov_071 | 3.501973627063948 × 10^284 |
| 72 | ov_072 | 2.9618139704538046 × 10^284 |
| 73 | ov_073 | 2.4855745667486515 × 10^284 |
| 74 | ov_074 | 2.0701294136119354 × 10^284 |
| 75 | ov_075 | 1.7097823142484232 × 10^284 |
| 76 | ov_076 | 1.3991818564628078 × 10^284 |
| 77 | ov_077 | 1.1333017993725423 × 10^284 |
| 78 | ov_078 | 9.074236194156507 × 10^283 |
| 79 | ov_079 | 7.171210844520007 × 10^283 |
| 80 | ov_080 | 5.582467266235018 × 10^283 |
| 81 | ov_081 | 4.269200860106605 × 10^283 |
| 82 | ov_082 | 3.1951759809294654 × 10^283 |
| 83 | ov_083 | 2.326639986809809 × 10^283 |
| 84 | ov_084 | 1.6473274728173644 × 10^283 |
| 85 | ov_085 | 1.1282483578151534 × 10^283 |
| 86 | ov_086 | 7.427161814152815 × 10^282 |
| 87 | ov_087 | 4.6631028212390524 × 10^282 |
| 88 | ov_088 | 2.768468714929056 × 10^282 |
| 89 | ov_089 | 1.543577506742919 × 10^282 |
| 90 | ov_090 | 8.107541591603881 × 10^281 |
| 91 | ov_091 | 4.142329961899371 × 10^281 |
| 92 | ov_092 | 2.2009903973988562 × 10^281 |
| 93 | ov_093 | 1.1625645379279558 × 10^281 |
| 94 | ov_094 | 5.2109502183832 × 10^280 |
| 95 | aaa_78_28 | 1.675944134955313 × 10^280 |
| 96 | aaa_78_29 | 6.34979917249225 × 10^279 |
| 97 | ov_097 | 6.916199783961476 × 10^279 |
| 98 | ov_098 | 6.915989006717247 × 10^279 |
| 99 | ov_099 | 6.915921542287849 × 10^279 |
| 100 | ov_100 | 6.223795307612946 × 10^279 |
| 101 | ov_101 | 5.582821450036966 × 10^279 |
| 102 | ov_102 | 4.9901645240148546 × 10^279 |
| 103 | ov_103 | 4.4431984189419535 × 10^279 |
| 104 | ov_104 | 3.939479800497843 × 10^279 |
| 105 | ov_105 | 3.476724075627245 × 10^279 |
| 106 | ov_106 | 3.0527834707574947 × 10^279 |
| 107 | ov_107 | 2.665626818882973 × 10^279 |
| 108 | ov_108 | 2.3133212040765818 × 10^279 |
| 109 | ov_109 | 1.9940156160026518 × 10^279 |
| 110 | ov_110 | 1.70592649621755 × 10^279 |
| 111 | ov_111 | 1.4473250605453046 × 10^279 |
| 112 | ov_112 | 1.2165262837276531 × 10^279 |
| 113 | ov_113 | 1.0118794339714516 × 10^279 |
| 114 | ov_114 | 8.317600460451102 × 10^278 |
| 115 | ov_115 | 6.74563222290222 × 10^278 |
| 116 | ov_116 | 5.3869815138463154 × 10^278 |
| 117 | ov_117 | 4.225837349886384 × 10^278 |
| 118 | ov_118 | 3.246452125830421 × 10^278 |
| 119 | ov_119 | 2.43311674905731 × 10^278 |
| 120 | ov_120 | 1.7701435644383973 × 10^278 |
| 121 | ov_121 | 1.241855974632551 × 10^278 |
| 122 | ov_122 | 8.325831659788777 × 10^277 |
| 123 | ov_123 | 5.266576345783923 × 10^277 |
| 124 | ov_124 | 3.0841374574217665 × 10^277 |
| 125 | ov_125 | 1.621867882688108 × 10^277 |
| 126 | ov_126 | 7.231243005916078 × 10^276 |
| 127 | aaa_77_28 | 2.3126460252606037 × 10^276 |
| 128 | aaa_77_29 | 8.686660578688945 × 10^275 |
| 129 | ov_129 | 8.000750536599436 × 10^275 |
| 130 | ov_130 | 8.0007316861192 × 10^275 |
| 131 | ov_131 | 8.000725619772217 × 10^275 |
| 132 | ov_132 | 6.965424627607014 × 10^275 |
| 133 | ov_133 | 6.026863727865038 × 10^275 |
| 134 | ov_134 | 5.180488185297998 × 10^275 |
| 135 | ov_135 | 4.422004331114431 × 10^275 |
| 136 | ov_136 | 3.747360037082843 × 10^275 |
| 137 | ov_137 | 3.1527273740841358 × 10^275 |
| 138 | ov_138 | 2.6310638847215834 × 10^275 |
| 139 | ov_139 | 2.1757067298177385 × 10^275 |
| 140 | ov_140 | 1.7803513624318784 × 10^275 |
| 141 | ov_141 | 1.4390335114796032 × 10^275 |
| 142 | ov_142 | 1.1488540574321921 × 10^275 |
| 143 | ov_143 | 9.044869898921971 × 10^274 |
| 144 | ov_144 | 7.009093195576211 × 10^274 |
| 145 | ov_145 | 5.333931548711504 × 10^274 |
| 146 | ov_146 | 3.974995177008674 × 10^274 |
| 147 | ov_147 | 2.8907362574559792 × 10^274 |
| 148 | ov_148 | 2.0424139105556676 × 10^274 |
| 149 | ov_149 | 1.394069057079078 × 10^274 |
| 150 | ov_150 | 9.125070729642737 × 10^273 |
| 151 | ov_151 | 5.672863849820549 × 10^273 |
| 152 | ov_152 | 3.307113657358704 × 10^273 |
| 153 | ov_153 | 1.778281645580872 × 10^273 |
| 154 | ov_154 | 8.642245094155333 × 10^272 |
| 155 | ov_155 | 3.7018294443463214 × 10^272 |
| 156 | aaa_76_25 | 1.287764041187174 × 10^272 |
| 157 | aaa_76_26 | 7.930487654758031 × 10^271 |
| 158 | aaa_76_27 | 4.352034861253233 × 10^271 |
| 159 | aaa_76_28 | 2.0531077897268226 × 10^271 |
| 160 | aaa_76_29 | 7.739553001175034 × 10^270 |

### Output Bits Sorted by Complexity

| Rank | Output Bit | Complexity |
|:----:|:----------:|:----------:|
| 160 | aaa_76_29 | 7.739553001175034 × 10^270 |
| 159 | aaa_76_28 | 2.0531077897268226 × 10^271 |
| 158 | aaa_76_27 | 4.352034861253233 × 10^271 |
| 157 | aaa_76_26 | 7.930487654758031 × 10^271 |
| 156 | aaa_76_25 | 1.287764041187174 × 10^272 |
| 155 | ov_155 | 3.7018294443463214 × 10^272 |
| 154 | ov_154 | 8.642245094155333 × 10^272 |
| 153 | ov_153 | 1.778281645580872 × 10^273 |
| 152 | ov_152 | 3.307113657358704 × 10^273 |
| 151 | ov_151 | 5.672863849820549 × 10^273 |
| 150 | ov_150 | 9.125070729642737 × 10^273 |
| 149 | ov_149 | 1.394069057079078 × 10^274 |
| 148 | ov_148 | 2.0424139105556676 × 10^274 |
| 147 | ov_147 | 2.8907362574559792 × 10^274 |
| 146 | ov_146 | 3.974995177008674 × 10^274 |
| 145 | ov_145 | 5.333931548711504 × 10^274 |
| 144 | ov_144 | 7.009093195576211 × 10^274 |
| 143 | ov_143 | 9.044869898921971 × 10^274 |
| 142 | ov_142 | 1.1488540574321921 × 10^275 |
| 141 | ov_141 | 1.4390335114796032 × 10^275 |
| 140 | ov_140 | 1.7803513624318784 × 10^275 |
| 139 | ov_139 | 2.1757067298177385 × 10^275 |
| 138 | ov_138 | 2.6310638847215834 × 10^275 |
| 137 | ov_137 | 3.1527273740841358 × 10^275 |
| 136 | ov_136 | 3.747360037082843 × 10^275 |
| 135 | ov_135 | 4.422004331114431 × 10^275 |
| 134 | ov_134 | 5.180488185297998 × 10^275 |
| 133 | ov_133 | 6.026863727865038 × 10^275 |
| 132 | ov_132 | 6.965424627607014 × 10^275 |
| 131 | ov_131 | 8.000725619772217 × 10^275 |
| 130 | ov_130 | 8.0007316861192 × 10^275 |
| 129 | ov_129 | 8.000750536599436 × 10^275 |
| 128 | aaa_77_29 | 8.686660578688945 × 10^275 |
| 127 | aaa_77_28 | 2.3126460252606037 × 10^276 |
| 126 | ov_126 | 7.231243005916078 × 10^276 |
| 125 | ov_125 | 1.621867882688108 × 10^277 |
| 124 | ov_124 | 3.0841374574217665 × 10^277 |
| 123 | ov_123 | 5.266576345783923 × 10^277 |
| 122 | ov_122 | 8.325831659788777 × 10^277 |
| 121 | ov_121 | 1.241855974632551 × 10^278 |
| 120 | ov_120 | 1.7701435644383973 × 10^278 |
| 119 | ov_119 | 2.43311674905731 × 10^278 |
| 118 | ov_118 | 3.246452125830421 × 10^278 |
| 117 | ov_117 | 4.225837349886384 × 10^278 |
| 116 | ov_116 | 5.3869815138463154 × 10^278 |
| 115 | ov_115 | 6.74563222290222 × 10^278 |
| 114 | ov_114 | 8.317600460451102 × 10^278 |
| 113 | ov_113 | 1.0118794339714516 × 10^279 |
| 112 | ov_112 | 1.2165262837276531 × 10^279 |
| 111 | ov_111 | 1.4473250605453046 × 10^279 |
| 110 | ov_110 | 1.70592649621755 × 10^279 |
| 109 | ov_109 | 1.9940156160026518 × 10^279 |
| 108 | ov_108 | 2.3133212040765818 × 10^279 |
| 107 | ov_107 | 2.665626818882973 × 10^279 |
| 106 | ov_106 | 3.0527834707574947 × 10^279 |
| 105 | ov_105 | 3.476724075627245 × 10^279 |
| 104 | ov_104 | 3.939479800497843 × 10^279 |
| 103 | ov_103 | 4.4431984189419535 × 10^279 |
| 102 | ov_102 | 4.9901645240148546 × 10^279 |
| 101 | ov_101 | 5.582821450036966 × 10^279 |
| 100 | ov_100 | 6.223795307612946 × 10^279 |
| 96 | aaa_78_29 | 6.34979917249225 × 10^279 |
| 99 | ov_099 | 6.915921542287849 × 10^279 |
| 98 | ov_098 | 6.915989006717247 × 10^279 |
| 97 | ov_097 | 6.916199783961476 × 10^279 |
| 95 | aaa_78_28 | 1.675944134955313 × 10^280 |
| 94 | ov_094 | 5.2109502183832 × 10^280 |
| 93 | ov_093 | 1.1625645379279558 × 10^281 |
| 92 | ov_092 | 2.2009903973988562 × 10^281 |
| 91 | ov_091 | 4.142329961899371 × 10^281 |
| 90 | ov_090 | 8.107541591603881 × 10^281 |
| 89 | ov_089 | 1.543577506742919 × 10^282 |
| 88 | ov_088 | 2.768468714929056 × 10^282 |
| 87 | ov_087 | 4.6631028212390524 × 10^282 |
| 86 | ov_086 | 7.427161814152815 × 10^282 |
| 85 | ov_085 | 1.1282483578151534 × 10^283 |
| 84 | ov_084 | 1.6473274728173644 × 10^283 |
| 83 | ov_083 | 2.326639986809809 × 10^283 |
| 82 | ov_082 | 3.1951759809294654 × 10^283 |
| 81 | ov_081 | 4.269200860106605 × 10^283 |
| 64 | lv_79_k31 | 5.40159655935569 × 10^283 |
| 80 | ov_080 | 5.582467266235018 × 10^283 |
| 79 | ov_079 | 7.171210844520007 × 10^283 |
| 78 | ov_078 | 9.074236194156507 × 10^283 |
| 77 | ov_077 | 1.1333017993725423 × 10^284 |
| 76 | ov_076 | 1.3991818564628078 × 10^284 |
| 75 | ov_075 | 1.7097823142484232 × 10^284 |
| 74 | ov_074 | 2.0701294136119354 × 10^284 |
| 63 | ov_063 | 2.2278867913989384 × 10^284 |
| 73 | ov_073 | 2.4855745667486515 × 10^284 |
| 72 | ov_072 | 2.9618139704538046 × 10^284 |
| 71 | ov_071 | 3.501973627063948 × 10^284 |
| 70 | ov_070 | 4.109381448715882 × 10^284 |
| 69 | ov_069 | 4.787581371119359 × 10^284 |
| 68 | ov_068 | 5.540348862542147 × 10^284 |
| 67 | ov_067 | 6.3717079055046915 × 10^284 |
| 66 | ov_066 | 6.371712942690869 × 10^284 |
| 65 | ov_065 | 6.3717284867242944 × 10^284 |
| 62 | ov_062 | 9.184083773357392 × 10^284 |
| 61 | ov_061 | 2.7706068521069366 × 10^285 |
| 60 | ov_060 | 6.710625299766016 × 10^285 |
| 59 | ov_059 | 1.3911253999674338 × 10^286 |
| 58 | ov_058 | 2.5628421735054417 × 10^286 |
| 57 | ov_057 | 4.3118067311512604 × 10^286 |
| 56 | ov_056 | 7.340863847804422 × 10^286 |
| 55 | ov_055 | 1.3181307598324288 × 10^287 |
| 54 | ov_054 | 2.278720698491099 × 10^287 |
| 53 | ov_053 | 3.819234648414972 × 10^287 |
| 52 | ov_052 | 6.1681850140281075 × 10^287 |
| 51 | ov_051 | 9.579231708434574 × 10^287 |
| 50 | ov_050 | 1.4331208246934227 × 10^288 |
| 49 | ov_049 | 2.0582455367022656 × 10^288 |
| 48 | ov_048 | 2.8503990862359307 × 10^288 |
| 47 | ov_047 | 3.827958737125608 × 10^288 |
| 32 | lv_80_k31 | 4.579303816046336 × 10^288 |
| 46 | ov_046 | 5.0105885164637435 × 10^288 |
| 45 | ov_045 | 6.419254880918018 × 10^288 |
| 44 | ov_044 | 8.076247747685504 × 10^288 |
| 43 | ov_043 | 1.0005207957930256 × 10^289 |
| 42 | ov_042 | 1.2254803023195416 × 10^289 |
| 41 | ov_041 | 1.4876515413254948 × 10^289 |
| 40 | ov_040 | 1.7898282950943487 × 10^289 |
| 31 | ov_031 | 1.8966667246955908 × 10^289 |
| 39 | ov_039 | 2.1377527244709978 × 10^289 |
| 38 | ov_038 | 2.5374838366021513 × 10^289 |
| 37 | ov_037 | 2.99541421825708 × 10^289 |
| 36 | ov_036 | 3.518289797991749 × 10^289 |
| 35 | ov_035 | 4.109769032865897 × 10^289 |
| 34 | ov_034 | 4.773719334262482 × 10^289 |
| 33 | ov_033 | 5.514233742912447 × 10^289 |
| 30 | ov_030 | 7.85010614903948 × 10^289 |
| 29 | ov_029 | 2.376399974736699 × 10^290 |
| 28 | ov_028 | 5.774399286562736 × 10^290 |
| 27 | ov_027 | 1.3810681490549213 × 10^291 |
| 26 | ov_026 | 3.324770966680533 × 10^291 |
| 25 | ov_025 | 7.304619217146189 × 10^291 |
| 24 | ov_024 | 1.4436512764413685 × 10^292 |
| 23 | ov_023 | 2.6056192255648216 × 10^292 |
| 22 | ov_022 | 4.371926439892505 × 10^292 |
| 21 | ov_021 | 6.920124896270204 × 10^292 |
| 20 | ov_020 | 1.044976569717291 × 10^293 |
| 19 | ov_019 | 1.5182411583774504 × 10^293 |
| 18 | ov_018 | 2.1361658284867773 × 10^293 |
| 17 | ov_017 | 2.9253172483900588 × 10^293 |
| 16 | ov_016 | 3.914475659705132 × 10^293 |
| 15 | ov_015 | 5.134645314252971 × 10^293 |
| 14 | ov_014 | 6.619070514869304 × 10^293 |
| 13 | ov_013 | 8.403259188848222 × 10^293 |
| 12 | ov_012 | 1.0525015978377686 × 10^294 |
| 11 | ov_011 | 1.3024486584197454 × 10^294 |
| 10 | ov_010 | 1.59442148131933 × 10^294 |
| 9 | ov_009 | 1.9329213749314127 × 10^294 |
| 8 | ov_008 | 2.3227052569769742 × 10^294 |
| 7 | ov_007 | 2.7687960632134525 × 10^294 |
| 6 | ov_006 | 3.273915669651006 × 10^294 |
| 5 | ov_005 | 3.8409362063462665 × 10^294 |
| 4 | ov_004 | 4.472889107481475 × 10^294 |
| 3 | ov_003 | 5.172975626395174 × 10^294 |
| 2 | ov_002 | 5.944578980345639 × 10^294 |
| 1 | ov_001 | 6.791278328379625 × 10^294 |

