# Results for F001-F002-F003-F004-F005-F006-F007-F008-F009-F010-F011-F012-F013-F014-F015-F016-F017-F018-F019-F020-F021-F022-F023-F024-F025-F026-F027-F028-F029-F030-F031-F032-F033-F034-F035-F036-F037-F038-F039-F040-F041-F042-F043-F044-F045-F046-F047-F048-F049-F050-F051-F052-F053-F054-F055-F056-F057-F058-F059-F060-F061-F062-F063-F064-F065-F066-F067-F068-F069-F070-F071-F072-F073-F074-F075-F076-F077-F078-F079-F080-F081-F082-F083-F084-F085-F086-F087-F088-F089-F090-F091-F092-F093-F094-F095-F096-F097-F098-F099-F100-F101-F102-F103-F104-F105-F106-F107-F108-F109-F110-F111-F112-F113-F114-F115-F116-F117-F118-F119-F120-F121-F122-F123-F124-F125-F126-F127-F128-F129-F130-F131-F132-F133-F134-F135-F136-F137-F138-F139-F140-F141-F142-F143-F144-F145-F146-F147-F148-F149-F150-F151-F152-F153-F154-F155-F156-F157-F158-F159-F160-F161-F162-F163-F164-F165-F166-F167-F168-F169-F170-F171-F172-F173-F174-F175-F176-F177-F178-F179-F180-F181-F182-F183-F184-F185-F186-F187-F188-F189-F190-F191-F192-F193-F194-F195-F196-F197-F198-F199-F200-F201-F202-F203-F204-F205-F206-F207-F208-F209-F210-F211-F212-F213-F214-F215-F216-F217-F218-F219-F220-F221-F222-F223-F224-F225-F226-F227-F228-F229-F230-F231-F232-F233-F234-F235-F236-F237-F238-F239-F240-F241-F242-F243-F244-F245-F246-F247-F248-F249-F250-F251-F252-F253-F254-F255-F256-F257-F258-F259-F260-F261-F262-F263-F264-F265-F266-F267-F268-F269-F270-F271-F272-F273-F274-F275-F276-F277-F278-F279-F280-F281-F282-F283-F284-F285-F286-F287-F288-F289-F290-F291-F292-F293-F294-F295-F296-F297-F298-F299-F300-F301-F302-F303-F304-F305-F306-F307-F308-F309-F310-F311-F312-F313-F314-F315-F316-F317-F318-F319-F320-F321-F322-F323-F324-F325-F326-F327-F328-F329-F330-F331-F332-F333-F334-F335-F336-F337-F338-F339-F340-F341-F342-F343-F344-F345-F346-F347-F348-F349-F350-F351-F352-F353-F354-F355-F356-F357-F358-F359-F360-F361-F362-F363-F364-F365-F366-F367-F368-F369-F370-F371-F372-F373-F374-F375-F376-F377-F378-F379-F380-F381-F382-F383-F384-F385-F386-F387-F388-F389-F390-F391-F392-F393-F394-F395-F396-F397-F398-F399-F400-F401-F402-F403-F404-F405-F406-F407-F408-F409-F410-F411-F412-F413-F414-F415-F416-F417-F418-F419-F420-F421-F422-F423-F424-F425-F426-F427-F428-F429-F430-F431-F432-F433-F434-F435-F436-F437-F438-F439-F440-F441-F442-F443-F444-F445-F446-F447-F448-F449-F450-F451-F452-F453-F454-F455-F456-F457-F458-F459-F460-F461-F462-F463-F464-F465-F466-F467-F468-F469-F470-F471-F472-F473-F474-F475-F476-F477-F478-F479-F480-F481-F482-F483-F484-F485-F486-F487-F488-F489-F490-F491-F492-F493-F494-F495-F496-F497-F498-F499-F500-F501-T502-E507509-T508-T511-F512

## Summary

Number of input bits: 512  
Number of free input bits: 6  
Number of output bits: 160

Number of direct occurrences: 25349  
Number of assignments: 30951  
Number of operations: 12102975
(xor: 12072885,
and: 16834,
or: 13256)

Total complexity: 6.814787563645959 × 10^305

Least occurring input variable: iv_505 (4052)  
Most occurring input variable: iv_510 (4366)

Most co-occurring input variables: iv_507-iv_510 (2070)  
Least co-occurring input variables: iv_504-iv_505 (1907)

Potentially most occurring input variable: iv_504/iv_507 (4698)  
Potentially least occurring input variable: iv_504/iv_506 (4338)

Least output occurring input variable: iv_507 (61)  
Most output occurring input variable: iv_506 (92)

Most output co-occurring input variables: iv_505-iv_506 (52)  
Least output co-occurring input variables: iv_503-iv_507 (25)

Potentially most output occurring input variable: iv_504/iv_505 (93)  
Potentially least output occurring input variable: iv_503/iv_510 (70)

Least complex input bit: iv_503 (1.343549239339788 × 10^304)  
Most complex input bit: iv_507 (2.7477284474235095 × 10^305)

Least complex output bit: aaa_76_29 (1.574738105141839 × 10^280)  
Most complex output bit: ov_001 (1.0810228774903532 × 10^305)

Least complex input/output complexity: iv_503/aaa_76_29 (3.1046282273115485 × 10^278)  
Most complex input/output complexity: iv_507/ov_001 (4.3586939212037533 × 10^304)

Input variable with highest collision probability: iv_504 (½^160.0000000000005)

## Input Bits

### Input Bits in Regular Order

| Input Bit | Complexity | Occurrences | Output Occurrences | Collision Probability |
|:---------:|:----------:|:-----------:|:------------------:|:---------------------:|
| iv_503 | 1.343549239339788 × 10^304 | 4189 | 67 | ½^160.00000000000065 |
| iv_504 | 2.6269522318282825 × 10^304 | 4184 | 75 | ½^160.0000000000005 |
| iv_505 | 4.553514484045247 × 10^304 | 4052 | 88 | ½^160.00000000000057 |
| iv_506 | 7.370917795359251 × 10^304 | 4226 | 92 | ½^160.00000000000074 |
| iv_507 | 2.7477284474235095 × 10^305 | 4332 | 61 | ½^160.0000000000006 |
| iv_510 | 2.4775657411652026 × 10^305 | 4366 | 79 | ½^160.0000000000006 |

### Input Bits Sorted by Complexity

| Input Bit | Complexity | Occurrences | Output Occurrences | Collision Probability |
|:---------:|:----------:|:-----------:|:------------------:|:---------------------:|
| iv_503 | 1.343549239339788 × 10^304 | 4189 | 67 | ½^160.00000000000065 |
| iv_504 | 2.6269522318282825 × 10^304 | 4184 | 75 | ½^160.0000000000005 |
| iv_505 | 4.553514484045247 × 10^304 | 4052 | 88 | ½^160.00000000000057 |
| iv_506 | 7.370917795359251 × 10^304 | 4226 | 92 | ½^160.00000000000074 |
| iv_510 | 2.4775657411652026 × 10^305 | 4366 | 79 | ½^160.0000000000006 |
| iv_507 | 2.7477284474235095 × 10^305 | 4332 | 61 | ½^160.0000000000006 |

### Input Bits Sorted by Occurrences

| Input Bit | Complexity | Occurrences | Output Occurrences | Collision Probability |
|:---------:|:----------:|:-----------:|:------------------:|:---------------------:|
| iv_505 | 4.553514484045247 × 10^304 | 4052 | 88 | ½^160.00000000000057 |
| iv_504 | 2.6269522318282825 × 10^304 | 4184 | 75 | ½^160.0000000000005 |
| iv_503 | 1.343549239339788 × 10^304 | 4189 | 67 | ½^160.00000000000065 |
| iv_506 | 7.370917795359251 × 10^304 | 4226 | 92 | ½^160.00000000000074 |
| iv_507 | 2.7477284474235095 × 10^305 | 4332 | 61 | ½^160.0000000000006 |
| iv_510 | 2.4775657411652026 × 10^305 | 4366 | 79 | ½^160.0000000000006 |

### Input Bits Sorted by Output Occurrences

| Input Bit | Complexity | Occurrences | Output Occurrences | Collision Probability |
|:---------:|:----------:|:-----------:|:------------------:|:---------------------:|
| iv_507 | 2.7477284474235095 × 10^305 | 4332 | 61 | ½^160.0000000000006 |
| iv_503 | 1.343549239339788 × 10^304 | 4189 | 67 | ½^160.00000000000065 |
| iv_504 | 2.6269522318282825 × 10^304 | 4184 | 75 | ½^160.0000000000005 |
| iv_510 | 2.4775657411652026 × 10^305 | 4366 | 79 | ½^160.0000000000006 |
| iv_505 | 4.553514484045247 × 10^304 | 4052 | 88 | ½^160.00000000000057 |
| iv_506 | 7.370917795359251 × 10^304 | 4226 | 92 | ½^160.00000000000074 |

### Input Bits Sorted by Collision Probability

| Input Bit | Complexity | Occurrences | Output Occurrences | Collision Probability |
|:---------:|:----------:|:-----------:|:------------------:|:---------------------:|
| iv_504 | 2.6269522318282825 × 10^304 | 4184 | 75 | ½^160.0000000000005 |
| iv_505 | 4.553514484045247 × 10^304 | 4052 | 88 | ½^160.00000000000057 |
| iv_510 | 2.4775657411652026 × 10^305 | 4366 | 79 | ½^160.0000000000006 |
| iv_507 | 2.7477284474235095 × 10^305 | 4332 | 61 | ½^160.0000000000006 |
| iv_503 | 1.343549239339788 × 10^304 | 4189 | 67 | ½^160.00000000000065 |
| iv_506 | 7.370917795359251 × 10^304 | 4226 | 92 | ½^160.00000000000074 |

## Input Bit/Output Bit Collision Probabilities

| Input Bit | Output Bit | Collision Probability |
|:---------:|:----------:|:---------------------:|
| iv_505 | ov_087 | 0.5000000000000042 |
| iv_510 | ov_018 | 0.500000000000004 |
| iv_510 | ov_030 | 0.5000000000000038 |
| iv_505 | ov_131 | 0.5000000000000031 |
| iv_510 | aaa_76_26 | 0.5000000000000024 |
| iv_507 | ov_153 | 0.5000000000000023 |

## Input Bit Co-occurrences

### Input Bit Co-occurrences Sorted by Co-occurrences

| Input Bits | Co-occurrences | Potential Occurrences | Output Co-occurrences | Potential Output Occurrences |
|:----------:|:--------------:|:---------------------:|:---------------------:|:----------------------------:|
| iv_507-iv_510 | 2070 | 4558 | 34 | 72 |
| iv_503-iv_510 | 2043 | 4469 | 38 | 70 |
| iv_504-iv_506 | 2036 | 4338 | 47 | 73 |
| iv_506-iv_507 | 2027 | 4504 | 36 | 81 |
| iv_503-iv_504 | 2011 | 4351 | 34 | 74 |
| iv_506-iv_510 | 2010 | 4572 | 49 | 73 |

### Input Bit Co-occurrences Sorted by Potential Occurrences

| Input Bits | Co-occurrences | Potential Occurrences | Output Co-occurrences | Potential Output Occurrences |
|:----------:|:--------------:|:---------------------:|:---------------------:|:----------------------------:|
| iv_504-iv_506 | 2036 | 4338 | 47 | 73 |
| iv_503-iv_505 | 1948 | 4345 | 39 | 77 |
| iv_503-iv_504 | 2011 | 4351 | 34 | 74 |
| iv_503-iv_506 | 2010 | 4395 | 42 | 75 |
| iv_505-iv_506 | 1941 | 4396 | 52 | 76 |
| iv_504-iv_505 | 1907 | 4422 | 35 | 93 |

### Input Bit Output Co-occurrences Sorted by Output Co-occurrences

| Input Bits | Co-occurrences | Potential Occurrences | Output Co-occurrences | Potential Output Occurrences |
|:----------:|:--------------:|:---------------------:|:---------------------:|:----------------------------:|
| iv_505-iv_506 | 1941 | 4396 | 52 | 76 |
| iv_506-iv_510 | 2010 | 4572 | 49 | 73 |
| iv_505-iv_510 | 1972 | 4474 | 48 | 71 |
| iv_504-iv_506 | 2036 | 4338 | 47 | 73 |
| iv_503-iv_506 | 2010 | 4395 | 42 | 75 |
| iv_503-iv_505 | 1948 | 4345 | 39 | 77 |

### Input Bit Output Co-occurrences Sorted by Potential Output Occurrences

| Input Bits | Co-occurrences | Potential Occurrences | Output Co-occurrences | Potential Output Occurrences |
|:----------:|:--------------:|:---------------------:|:---------------------:|:----------------------------:|
| iv_503-iv_510 | 2043 | 4469 | 38 | 70 |
| iv_505-iv_510 | 1972 | 4474 | 48 | 71 |
| iv_507-iv_510 | 2070 | 4558 | 34 | 72 |
| iv_504-iv_506 | 2036 | 4338 | 47 | 73 |
| iv_506-iv_510 | 2010 | 4572 | 49 | 73 |
| iv_505-iv_507 | 1970 | 4444 | 38 | 73 |

## Output Bits

### Output Bits in Regular Order

| Rank | Output Bit | Complexity |
|:----:|:----------:|:----------:|
| 1 | ov_001 | 1.0810228774903532 × 10^305 |
| 2 | ov_002 | 9.409831994175694 × 10^304 |
| 3 | ov_003 | 8.14162065807602 × 10^304 |
| 4 | ov_004 | 6.999929285580052 × 10^304 |
| 5 | ov_005 | 5.979399114843502 × 10^304 |
| 6 | ov_006 | 5.074955793694045 × 10^304 |
| 7 | ov_007 | 4.277229098035228 × 10^304 |
| 8 | ov_008 | 3.5773311069081923 × 10^304 |
| 9 | ov_009 | 2.966829496315014 × 10^304 |
| 10 | ov_010 | 2.4377248537504946 × 10^304 |
| 11 | ov_011 | 1.9824316898802283 × 10^304 |
| 12 | ov_012 | 1.5937628417426258 × 10^304 |
| 13 | ov_013 | 1.2649169794418797 × 10^304 |
| 14 | ov_014 | 9.894689171171281 × 10^303 |
| 15 | ov_015 | 7.613623626938164 × 10^303 |
| 16 | ov_016 | 5.7490468083534255 × 10^303 |
| 17 | ov_017 | 4.247632466661074 × 10^303 |
| 18 | ov_018 | 3.059630015293148 × 10^303 |
| 19 | ov_019 | 2.1388487367590095 × 10^303 |
| 20 | ov_020 | 1.4426479637563745 × 10^303 |
| 21 | ov_021 | 9.319310332770424 × 10^302 |
| 22 | ov_022 | 5.711412983043073 × 10^302 |
| 23 | ov_023 | 3.2825929744580844 × 10^302 |
| 24 | ov_024 | 1.7480077668945502 × 10^302 |
| 25 | ov_025 | 8.58153954475308 × 10^301 |
| 26 | ov_026 | 3.9885950471874396 × 10^301 |
| 27 | ov_027 | 1.9127959552004394 × 10^301 |
| 28 | ov_028 | 9.189468493588698 × 10^300 |
| 29 | ov_029 | 3.777618223569339 × 10^300 |
| 30 | ov_030 | 1.2470824570633177 × 10^300 |
| 31 | ov_031 | 3.0127406862484304 × 10^299 |
| 32 | lv_80_k31 | 7.276774159494557 × 10^298 |
| 33 | ov_033 | 8.648422555463118 × 10^299 |
| 34 | ov_034 | 7.439547648436576 × 10^299 |
| 35 | ov_035 | 6.369914661859658 × 10^299 |
| 36 | ov_036 | 5.426437465903353 × 10^299 |
| 37 | ov_037 | 4.596729027738692 × 10^299 |
| 38 | ov_038 | 3.869051611707192 × 10^299 |
| 39 | ov_039 | 3.2322739263729042 × 10^299 |
| 40 | ov_040 | 2.6758345259788458 × 10^299 |
| 41 | ov_041 | 2.194590944090997 × 10^299 |
| 42 | ov_042 | 1.779033404027018 × 10^299 |
| 43 | ov_043 | 1.420143321875262 × 10^299 |
| 44 | ov_044 | 1.1135317567113023 × 10^299 |
| 45 | ov_045 | 8.550424966958352 × 10^298 |
| 46 | ov_046 | 6.407457107817416 × 10^298 |
| 47 | ov_047 | 4.6693301969337404 × 10^298 |
| 48 | ov_048 | 3.3011376618295595 × 10^298 |
| 49 | ov_049 | 2.2701228035676819 × 10^298 |
| 50 | ov_050 | 1.5171510585814388 × 10^298 |
| 51 | ov_051 | 9.873149838490935 × 10^297 |
| 52 | ov_052 | 6.299212513781695 × 10^297 |
| 53 | ov_053 | 3.98483083069035 × 10^297 |
| 54 | ov_054 | 2.5071587142387513 × 10^297 |
| 55 | ov_055 | 1.6652744486572594 × 10^297 |
| 56 | ov_056 | 1.1203021719253376 × 10^297 |
| 57 | ov_057 | 7.132960769906337 × 10^296 |
| 58 | ov_058 | 4.232791374150513 × 10^296 |
| 59 | ov_059 | 2.2927560388804566 × 10^296 |
| 60 | ov_060 | 1.1031024853748182 × 10^296 |
| 61 | ov_061 | 4.5408009360763947 × 10^295 |
| 62 | ov_062 | 1.500515369521438 × 10^295 |
| 63 | ov_063 | 3.6277081703135176 × 10^294 |
| 64 | lv_79_k31 | 8.767194075957084 × 10^293 |
| 65 | ov_065 | 1.025212993015329 × 10^295 |
| 66 | ov_066 | 1.025210423012604 × 10^295 |
| 67 | ov_067 | 1.0252096024176795 × 10^295 |
| 68 | ov_068 | 8.840808873489731 × 10^294 |
| 69 | ov_069 | 7.573632132797916 × 10^294 |
| 70 | ov_070 | 6.44425279231879 × 10^294 |
| 71 | ov_071 | 5.4467028451828504 × 10^294 |
| 72 | ov_072 | 4.569983437450952 × 10^294 |
| 73 | ov_073 | 3.803672244220309 × 10^294 |
| 74 | ov_074 | 3.1378883012618225 × 10^294 |
| 75 | ov_075 | 2.5632620297701767 × 10^294 |
| 76 | ov_076 | 2.0709099245746544 × 10^294 |
| 77 | ov_077 | 1.6524134048469027 × 10^294 |
| 78 | ov_078 | 1.2998013542895101 × 10^294 |
| 79 | ov_079 | 1.0055359051570331 × 10^294 |
| 80 | ov_080 | 7.625010473855466 × 10^293 |
| 81 | ov_081 | 5.6399367070163945 × 10^293 |
| 82 | ov_082 | 4.0676446540041255 × 10^293 |
| 83 | ov_083 | 2.8491717637490952 × 10^293 |
| 84 | ov_084 | 1.929526456732388 × 10^293 |
| 85 | ov_085 | 1.2576619027862527 × 10^293 |
| 86 | ov_086 | 7.864584509622048 × 10^292 |
| 87 | ov_087 | 4.727123563511568 × 10^292 |
| 88 | ov_088 | 2.771287082692223 × 10^292 |
| 89 | ov_089 | 1.643168721285687 × 10^292 |
| 90 | ov_090 | 1.0278742965380847 × 10^292 |
| 91 | ov_091 | 6.495017715927637 × 10^291 |
| 92 | ov_092 | 3.798462425656425 × 10^291 |
| 93 | ov_093 | 1.994219243676594 × 10^291 |
| 94 | ov_094 | 8.874389829610808 × 10^290 |
| 95 | aaa_78_28 | 2.8327521084486016 × 10^290 |
| 96 | aaa_78_29 | 1.061402532169558 × 10^290 |
| 97 | ov_097 | 9.733566691115759 × 10^289 |
| 98 | ov_098 | 9.733524009835744 × 10^289 |
| 99 | ov_099 | 9.73351038942386 × 10^289 |
| 100 | ov_100 | 8.421729845791741 × 10^289 |
| 101 | ov_101 | 7.247872223990304 × 10^289 |
| 102 | ov_102 | 6.201480830187559 × 10^289 |
| 103 | ov_103 | 5.272667954533267 × 10^289 |
| 104 | ov_104 | 4.4520730299494144 × 10^289 |
| 105 | ov_105 | 3.730826357062614 × 10^289 |
| 106 | ov_106 | 3.1005178806191714 × 10^289 |
| 107 | ov_107 | 2.553170530058965 × 10^289 |
| 108 | ov_108 | 2.0812176631508189 × 10^289 |
| 109 | ov_109 | 1.6774841769082335 × 10^289 |
| 110 | ov_110 | 1.3351708745835422 × 10^289 |
| 111 | ov_111 | 1.0478417015320907 × 10^289 |
| 112 | ov_112 | 8.094134862768496 × 10^288 |
| 113 | ov_113 | 6.141478462992602 × 10^288 |
| 114 | ov_114 | 4.566449410265576 × 10^288 |
| 115 | ov_115 | 3.3183877725227634 × 10^288 |
| 116 | ov_116 | 2.3499379487087232 × 10^288 |
| 117 | ov_117 | 1.617024833717119 × 10^288 |
| 118 | ov_118 | 1.0788380205325642 × 10^288 |
| 119 | ov_119 | 6.97821994059872 × 10^287 |
| 120 | ov_120 | 4.396704958471754 × 10^287 |
| 121 | ov_121 | 2.7332346355117798 × 10^287 |
| 122 | ov_122 | 1.7096530292761094 × 10^287 |
| 123 | ov_123 | 1.080238065672726 × 10^287 |
| 124 | ov_124 | 6.316947774431613 × 10^286 |
| 125 | ov_125 | 3.316017552637474 × 10^286 |
| 126 | ov_126 | 1.475383616169427 × 10^286 |
| 127 | aaa_77_28 | 4.708420546363715 × 10^285 |
| 128 | aaa_77_29 | 1.7634511913464698 × 10^285 |
| 129 | ov_129 | 1.6059438566626714 × 10^285 |
| 130 | ov_130 | 1.605940027017171 × 10^285 |
| 131 | ov_131 | 1.605938797247498 × 10^285 |
| 132 | ov_132 | 1.3878346694472246 × 10^285 |
| 133 | ov_133 | 1.1921411921261899 × 10^285 |
| 134 | ov_134 | 1.0179375260668595 × 10^285 |
| 135 | ov_135 | 8.63532963689738 × 10^284 |
| 136 | ov_136 | 7.273288448229376 × 10^284 |
| 137 | ov_137 | 6.078121832266653 × 10^284 |
| 138 | ov_138 | 5.035501679925213 × 10^284 |
| 139 | ov_139 | 4.131854717182864 × 10^284 |
| 140 | ov_140 | 3.3543228476286268 × 10^284 |
| 141 | ov_141 | 2.690729938629834 × 10^284 |
| 142 | ov_142 | 2.1295542797048376 × 10^284 |
| 143 | ov_143 | 1.6599059867688895 × 10^284 |
| 144 | ov_144 | 1.271508707595022 × 10^284 |
| 145 | ov_145 | 9.546851022530457 × 10^283 |
| 146 | ov_146 | 7.003456163088658 × 10^283 |
| 147 | ov_147 | 4.999800342643506 × 10^283 |
| 148 | ov_148 | 3.456513074114104 × 10^283 |
| 149 | ov_149 | 2.299911939962807 × 10^283 |
| 150 | ov_150 | 1.4619729327425414 × 10^283 |
| 151 | ov_151 | 8.803111666101719 × 10^282 |
| 152 | ov_152 | 4.981691876235714 × 10^282 |
| 153 | ov_153 | 2.644105469244218 × 10^282 |
| 154 | ov_154 | 1.335164756673029 × 10^282 |
| 155 | ov_155 | 6.558408684703165 × 10^281 |
| 156 | aaa_76_25 | 2.6325394689968225 × 10^281 |
| 157 | aaa_76_26 | 1.6199088845263116 × 10^281 |
| 158 | aaa_76_27 | 8.879758432651917 × 10^280 |
| 159 | aaa_76_28 | 4.183435738217981 × 10^280 |
| 160 | aaa_76_29 | 1.574738105141839 × 10^280 |

### Output Bits Sorted by Complexity

| Rank | Output Bit | Complexity |
|:----:|:----------:|:----------:|
| 160 | aaa_76_29 | 1.574738105141839 × 10^280 |
| 159 | aaa_76_28 | 4.183435738217981 × 10^280 |
| 158 | aaa_76_27 | 8.879758432651917 × 10^280 |
| 157 | aaa_76_26 | 1.6199088845263116 × 10^281 |
| 156 | aaa_76_25 | 2.6325394689968225 × 10^281 |
| 155 | ov_155 | 6.558408684703165 × 10^281 |
| 154 | ov_154 | 1.335164756673029 × 10^282 |
| 153 | ov_153 | 2.644105469244218 × 10^282 |
| 152 | ov_152 | 4.981691876235714 × 10^282 |
| 151 | ov_151 | 8.803111666101719 × 10^282 |
| 150 | ov_150 | 1.4619729327425414 × 10^283 |
| 149 | ov_149 | 2.299911939962807 × 10^283 |
| 148 | ov_148 | 3.456513074114104 × 10^283 |
| 147 | ov_147 | 4.999800342643506 × 10^283 |
| 146 | ov_146 | 7.003456163088658 × 10^283 |
| 145 | ov_145 | 9.546851022530457 × 10^283 |
| 144 | ov_144 | 1.271508707595022 × 10^284 |
| 143 | ov_143 | 1.6599059867688895 × 10^284 |
| 142 | ov_142 | 2.1295542797048376 × 10^284 |
| 141 | ov_141 | 2.690729938629834 × 10^284 |
| 140 | ov_140 | 3.3543228476286268 × 10^284 |
| 139 | ov_139 | 4.131854717182864 × 10^284 |
| 138 | ov_138 | 5.035501679925213 × 10^284 |
| 137 | ov_137 | 6.078121832266653 × 10^284 |
| 136 | ov_136 | 7.273288448229376 × 10^284 |
| 135 | ov_135 | 8.63532963689738 × 10^284 |
| 134 | ov_134 | 1.0179375260668595 × 10^285 |
| 133 | ov_133 | 1.1921411921261899 × 10^285 |
| 132 | ov_132 | 1.3878346694472246 × 10^285 |
| 131 | ov_131 | 1.605938797247498 × 10^285 |
| 130 | ov_130 | 1.605940027017171 × 10^285 |
| 129 | ov_129 | 1.6059438566626714 × 10^285 |
| 128 | aaa_77_29 | 1.7634511913464698 × 10^285 |
| 127 | aaa_77_28 | 4.708420546363715 × 10^285 |
| 126 | ov_126 | 1.475383616169427 × 10^286 |
| 125 | ov_125 | 3.316017552637474 × 10^286 |
| 124 | ov_124 | 6.316947774431613 × 10^286 |
| 123 | ov_123 | 1.080238065672726 × 10^287 |
| 122 | ov_122 | 1.7096530292761094 × 10^287 |
| 121 | ov_121 | 2.7332346355117798 × 10^287 |
| 120 | ov_120 | 4.396704958471754 × 10^287 |
| 119 | ov_119 | 6.97821994059872 × 10^287 |
| 118 | ov_118 | 1.0788380205325642 × 10^288 |
| 117 | ov_117 | 1.617024833717119 × 10^288 |
| 116 | ov_116 | 2.3499379487087232 × 10^288 |
| 115 | ov_115 | 3.3183877725227634 × 10^288 |
| 114 | ov_114 | 4.566449410265576 × 10^288 |
| 113 | ov_113 | 6.141478462992602 × 10^288 |
| 112 | ov_112 | 8.094134862768496 × 10^288 |
| 111 | ov_111 | 1.0478417015320907 × 10^289 |
| 110 | ov_110 | 1.3351708745835422 × 10^289 |
| 109 | ov_109 | 1.6774841769082335 × 10^289 |
| 108 | ov_108 | 2.0812176631508189 × 10^289 |
| 107 | ov_107 | 2.553170530058965 × 10^289 |
| 106 | ov_106 | 3.1005178806191714 × 10^289 |
| 105 | ov_105 | 3.730826357062614 × 10^289 |
| 104 | ov_104 | 4.4520730299494144 × 10^289 |
| 103 | ov_103 | 5.272667954533267 × 10^289 |
| 102 | ov_102 | 6.201480830187559 × 10^289 |
| 101 | ov_101 | 7.247872223990304 × 10^289 |
| 100 | ov_100 | 8.421729845791741 × 10^289 |
| 99 | ov_099 | 9.73351038942386 × 10^289 |
| 98 | ov_098 | 9.733524009835744 × 10^289 |
| 97 | ov_097 | 9.733566691115759 × 10^289 |
| 96 | aaa_78_29 | 1.061402532169558 × 10^290 |
| 95 | aaa_78_28 | 2.8327521084486016 × 10^290 |
| 94 | ov_094 | 8.874389829610808 × 10^290 |
| 93 | ov_093 | 1.994219243676594 × 10^291 |
| 92 | ov_092 | 3.798462425656425 × 10^291 |
| 91 | ov_091 | 6.495017715927637 × 10^291 |
| 90 | ov_090 | 1.0278742965380847 × 10^292 |
| 89 | ov_089 | 1.643168721285687 × 10^292 |
| 88 | ov_088 | 2.771287082692223 × 10^292 |
| 87 | ov_087 | 4.727123563511568 × 10^292 |
| 86 | ov_086 | 7.864584509622048 × 10^292 |
| 85 | ov_085 | 1.2576619027862527 × 10^293 |
| 84 | ov_084 | 1.929526456732388 × 10^293 |
| 83 | ov_083 | 2.8491717637490952 × 10^293 |
| 82 | ov_082 | 4.0676446540041255 × 10^293 |
| 81 | ov_081 | 5.6399367070163945 × 10^293 |
| 80 | ov_080 | 7.625010473855466 × 10^293 |
| 64 | lv_79_k31 | 8.767194075957084 × 10^293 |
| 79 | ov_079 | 1.0055359051570331 × 10^294 |
| 78 | ov_078 | 1.2998013542895101 × 10^294 |
| 77 | ov_077 | 1.6524134048469027 × 10^294 |
| 76 | ov_076 | 2.0709099245746544 × 10^294 |
| 75 | ov_075 | 2.5632620297701767 × 10^294 |
| 74 | ov_074 | 3.1378883012618225 × 10^294 |
| 63 | ov_063 | 3.6277081703135176 × 10^294 |
| 73 | ov_073 | 3.803672244220309 × 10^294 |
| 72 | ov_072 | 4.569983437450952 × 10^294 |
| 71 | ov_071 | 5.4467028451828504 × 10^294 |
| 70 | ov_070 | 6.44425279231879 × 10^294 |
| 69 | ov_069 | 7.573632132797916 × 10^294 |
| 68 | ov_068 | 8.840808873489731 × 10^294 |
| 67 | ov_067 | 1.0252096024176795 × 10^295 |
| 66 | ov_066 | 1.025210423012604 × 10^295 |
| 65 | ov_065 | 1.025212993015329 × 10^295 |
| 62 | ov_062 | 1.500515369521438 × 10^295 |
| 61 | ov_061 | 4.5408009360763947 × 10^295 |
| 60 | ov_060 | 1.1031024853748182 × 10^296 |
| 59 | ov_059 | 2.2927560388804566 × 10^296 |
| 58 | ov_058 | 4.232791374150513 × 10^296 |
| 57 | ov_057 | 7.132960769906337 × 10^296 |
| 56 | ov_056 | 1.1203021719253376 × 10^297 |
| 55 | ov_055 | 1.6652744486572594 × 10^297 |
| 54 | ov_054 | 2.5071587142387513 × 10^297 |
| 53 | ov_053 | 3.98483083069035 × 10^297 |
| 52 | ov_052 | 6.299212513781695 × 10^297 |
| 51 | ov_051 | 9.873149838490935 × 10^297 |
| 50 | ov_050 | 1.5171510585814388 × 10^298 |
| 49 | ov_049 | 2.2701228035676819 × 10^298 |
| 48 | ov_048 | 3.3011376618295595 × 10^298 |
| 47 | ov_047 | 4.6693301969337404 × 10^298 |
| 46 | ov_046 | 6.407457107817416 × 10^298 |
| 32 | lv_80_k31 | 7.276774159494557 × 10^298 |
| 45 | ov_045 | 8.550424966958352 × 10^298 |
| 44 | ov_044 | 1.1135317567113023 × 10^299 |
| 43 | ov_043 | 1.420143321875262 × 10^299 |
| 42 | ov_042 | 1.779033404027018 × 10^299 |
| 41 | ov_041 | 2.194590944090997 × 10^299 |
| 40 | ov_040 | 2.6758345259788458 × 10^299 |
| 31 | ov_031 | 3.0127406862484304 × 10^299 |
| 39 | ov_039 | 3.2322739263729042 × 10^299 |
| 38 | ov_038 | 3.869051611707192 × 10^299 |
| 37 | ov_037 | 4.596729027738692 × 10^299 |
| 36 | ov_036 | 5.426437465903353 × 10^299 |
| 35 | ov_035 | 6.369914661859658 × 10^299 |
| 34 | ov_034 | 7.439547648436576 × 10^299 |
| 33 | ov_033 | 8.648422555463118 × 10^299 |
| 30 | ov_030 | 1.2470824570633177 × 10^300 |
| 29 | ov_029 | 3.777618223569339 × 10^300 |
| 28 | ov_028 | 9.189468493588698 × 10^300 |
| 27 | ov_027 | 1.9127959552004394 × 10^301 |
| 26 | ov_026 | 3.9885950471874396 × 10^301 |
| 25 | ov_025 | 8.58153954475308 × 10^301 |
| 24 | ov_024 | 1.7480077668945502 × 10^302 |
| 23 | ov_023 | 3.2825929744580844 × 10^302 |
| 22 | ov_022 | 5.711412983043073 × 10^302 |
| 21 | ov_021 | 9.319310332770424 × 10^302 |
| 20 | ov_020 | 1.4426479637563745 × 10^303 |
| 19 | ov_019 | 2.1388487367590095 × 10^303 |
| 18 | ov_018 | 3.059630015293148 × 10^303 |
| 17 | ov_017 | 4.247632466661074 × 10^303 |
| 16 | ov_016 | 5.7490468083534255 × 10^303 |
| 15 | ov_015 | 7.613623626938164 × 10^303 |
| 14 | ov_014 | 9.894689171171281 × 10^303 |
| 13 | ov_013 | 1.2649169794418797 × 10^304 |
| 12 | ov_012 | 1.5937628417426258 × 10^304 |
| 11 | ov_011 | 1.9824316898802283 × 10^304 |
| 10 | ov_010 | 2.4377248537504946 × 10^304 |
| 9 | ov_009 | 2.966829496315014 × 10^304 |
| 8 | ov_008 | 3.5773311069081923 × 10^304 |
| 7 | ov_007 | 4.277229098035228 × 10^304 |
| 6 | ov_006 | 5.074955793694045 × 10^304 |
| 5 | ov_005 | 5.979399114843502 × 10^304 |
| 4 | ov_004 | 6.999929285580052 × 10^304 |
| 3 | ov_003 | 8.14162065807602 × 10^304 |
| 2 | ov_002 | 9.409831994175694 × 10^304 |
| 1 | ov_001 | 1.0810228774903532 × 10^305 |

