# Results for F001-F002-F003-F004-F005-F006-F007-F008-F009-F010-F011-F012-F013-F014-F015-F016-F017-F018-F019-F020-F021-F022-F023-F024-F025-F026-F027-F028-F029-F030-F031-F032-F033-F034-F035-F036-F037-F038-F039-F040-F041-F042-F043-F044-F045-F046-F047-F048-F049-F050-F051-F052-F053-F054-F055-F056-F057-F058-F059-F060-F061-F062-F063-F064-F065-F066-F067-F068-F069-F070-F071-F072-F073-F074-F075-F076-F077-F078-F079-F080-F081-F082-F083-F084-F085-F086-F087-F088-F089-F090-F091-F092-F093-F094-F095-F096-F097-F098-F099-F100-F101-F102-F103-F104-F105-F106-F107-F108-F109-F110-F111-F112-F113-F114-F115-F116-F117-F118-F119-F120-F121-F122-F123-F124-F125-F126-F127-F128-F129-F130-F131-F132-F133-F134-F135-F136-F137-F138-F139-F140-F141-F142-F143-F144-F145-F146-F147-F148-F149-F150-F151-F152-F153-F154-F155-F156-F157-F158-F159-F160-F161-F162-F163-F164-F165-F166-F167-F168-F169-F170-F171-F172-F173-F174-F175-F176-F177-F178-F179-F180-F181-F182-F183-F184-F185-F186-F187-F188-F189-F190-F191-F192-F193-F194-F195-F196-F197-F198-F199-F200-F201-F202-F203-F204-F205-F206-F207-F208-F209-F210-F211-F212-F213-F214-F215-F216-F217-F218-F219-F220-F221-F222-F223-F224-F225-F226-F227-F228-F229-F230-F231-F232-F233-F234-F235-F236-F237-F238-F239-F240-F241-F242-F243-F244-F245-F246-F247-F248-F249-F250-F251-F252-F253-F254-F255-F256-F257-F258-F259-F260-F261-F262-F263-F264-F265-F266-F267-F268-F269-F270-F271-F272-F273-F274-F275-F276-F277-F278-F279-F280-F281-F282-F283-F284-F285-F286-F287-F288-F289-F290-F291-F292-F293-F294-F295-F296-F297-F298-F299-F300-F301-F302-F303-F304-F305-F306-F307-F308-F309-F310-F311-F312-F313-F314-F315-F316-F317-F318-F319-F320-F321-F322-F323-F324-F325-F326-F327-F328-F329-F330-F331-F332-F333-F334-F335-F336-F337-F338-F339-F340-F341-F342-F343-F344-F345-F346-F347-F348-F349-F350-F351-F352-F353-F354-F355-F356-F357-F358-F359-F360-F361-F362-F363-F364-F365-F366-F367-F368-F369-F370-F371-F372-F373-F374-F375-F376-F377-F378-F379-F380-F381-F382-F383-F384-F385-F386-F387-F388-F389-F390-F391-F392-F393-F394-F395-F396-F397-F398-F399-F400-F401-F402-F403-F404-F405-F406-F407-F408-F409-F410-F411-F412-F413-F414-F415-F416-F417-F418-F419-F420-F421-F422-F423-F424-F425-F426-F427-F428-F429-F430-F431-F432-F433-F434-F435-F436-F437-F438-F439-F440-F441-F442-F443-F444-F445-F446-F447-F448-F449-F450-F451-F452-F453-F454-F455-F456-F457-F458-F459-F460-F461-F462-F463-F464-F465-F466-F467-F468-F469-F470-F471-F472-F473-F474-F475-F476-F477-F478-F479-F480-F481-F482-F483-F484-F485-F486-F487-F488-F489-F490-F491-F492-F493-F494-F495-F496-F497-F498-F499-F500-F501-F502-F503-F504-F505-E506512

## Summary

Number of input bits: 512  
Number of free input bits: 6  
Number of output bits: 160

Number of direct occurrences: 24658  
Number of assignments: 30311  
Number of operations: 10892356
(xor: 10861638,
and: 17944,
or: 12774)

Total complexity: 4.360394069399716 × 10^296

Least occurring input variable: iv_508 (3995)  
Most occurring input variable: iv_506 (4401)

Most co-occurring input variables: iv_506-iv_510 (2040)  
Least co-occurring input variables: iv_507-iv_511 (1873)

Potentially most occurring input variable: iv_506/iv_508 (4524)  
Potentially least occurring input variable: iv_508/iv_509 (4169)

Least output occurring input variable: iv_508 (70)  
Most output occurring input variable: iv_506 (83)

Most output co-occurring input variables: iv_506-iv_511 (46)  
Least output co-occurring input variables: iv_508-iv_510 (31)

Potentially most output occurring input variable: iv_510/iv_511 (90)  
Potentially least output occurring input variable: iv_506/iv_510 (72)

Least complex input bit: iv_507 (3.482606570045972 × 10^295)  
Most complex input bit: iv_510 (1.2887628992518472 × 10^296)

Least complex output bit: aaa_76_29 (6.944231253477947 × 10^271)  
Most complex output bit: ov_001 (6.759993382082087 × 10^295)

Least complex input/output complexity: iv_507/aaa_76_29 (5.546293523559947 × 10^270)  
Most complex input/output complexity: iv_510/ov_001 (1.9979911290941555 × 10^295)

Input variable with highest collision probability: iv_508 (½^160.0000000000006)

## Input Bits

### Input Bits in Regular Order

| Input Bit | Complexity | Occurrences | Output Occurrences | Collision Probability |
|:---------:|:----------:|:-----------:|:------------------:|:---------------------:|
| iv_506 | 7.607294631265047 × 10^295 | 4401 | 83 | ½^160.0000000000007 |
| iv_507 | 3.482606570045972 × 10^295 | 4022 | 72 | ½^160.00000000000068 |
| iv_508 | 5.815681673062516 × 10^295 | 3995 | 70 | ½^160.0000000000006 |
| iv_509 | 8.928200001809659 × 10^295 | 4012 | 78 | ½^160.00000000000063 |
| iv_510 | 1.2887628992518472 × 10^296 | 4119 | 79 | ½^160.00000000000074 |
| iv_511 | 4.882528825295553 × 10^295 | 4109 | 81 | ½^160.00000000000068 |

### Input Bits Sorted by Complexity

| Input Bit | Complexity | Occurrences | Output Occurrences | Collision Probability |
|:---------:|:----------:|:-----------:|:------------------:|:---------------------:|
| iv_507 | 3.482606570045972 × 10^295 | 4022 | 72 | ½^160.00000000000068 |
| iv_511 | 4.882528825295553 × 10^295 | 4109 | 81 | ½^160.00000000000068 |
| iv_508 | 5.815681673062516 × 10^295 | 3995 | 70 | ½^160.0000000000006 |
| iv_506 | 7.607294631265047 × 10^295 | 4401 | 83 | ½^160.0000000000007 |
| iv_509 | 8.928200001809659 × 10^295 | 4012 | 78 | ½^160.00000000000063 |
| iv_510 | 1.2887628992518472 × 10^296 | 4119 | 79 | ½^160.00000000000074 |

### Input Bits Sorted by Occurrences

| Input Bit | Complexity | Occurrences | Output Occurrences | Collision Probability |
|:---------:|:----------:|:-----------:|:------------------:|:---------------------:|
| iv_508 | 5.815681673062516 × 10^295 | 3995 | 70 | ½^160.0000000000006 |
| iv_509 | 8.928200001809659 × 10^295 | 4012 | 78 | ½^160.00000000000063 |
| iv_507 | 3.482606570045972 × 10^295 | 4022 | 72 | ½^160.00000000000068 |
| iv_511 | 4.882528825295553 × 10^295 | 4109 | 81 | ½^160.00000000000068 |
| iv_510 | 1.2887628992518472 × 10^296 | 4119 | 79 | ½^160.00000000000074 |
| iv_506 | 7.607294631265047 × 10^295 | 4401 | 83 | ½^160.0000000000007 |

### Input Bits Sorted by Output Occurrences

| Input Bit | Complexity | Occurrences | Output Occurrences | Collision Probability |
|:---------:|:----------:|:-----------:|:------------------:|:---------------------:|
| iv_508 | 5.815681673062516 × 10^295 | 3995 | 70 | ½^160.0000000000006 |
| iv_507 | 3.482606570045972 × 10^295 | 4022 | 72 | ½^160.00000000000068 |
| iv_509 | 8.928200001809659 × 10^295 | 4012 | 78 | ½^160.00000000000063 |
| iv_510 | 1.2887628992518472 × 10^296 | 4119 | 79 | ½^160.00000000000074 |
| iv_511 | 4.882528825295553 × 10^295 | 4109 | 81 | ½^160.00000000000068 |
| iv_506 | 7.607294631265047 × 10^295 | 4401 | 83 | ½^160.0000000000007 |

### Input Bits Sorted by Collision Probability

| Input Bit | Complexity | Occurrences | Output Occurrences | Collision Probability |
|:---------:|:----------:|:-----------:|:------------------:|:---------------------:|
| iv_508 | 5.815681673062516 × 10^295 | 3995 | 70 | ½^160.0000000000006 |
| iv_509 | 8.928200001809659 × 10^295 | 4012 | 78 | ½^160.00000000000063 |
| iv_511 | 4.882528825295553 × 10^295 | 4109 | 81 | ½^160.00000000000068 |
| iv_507 | 3.482606570045972 × 10^295 | 4022 | 72 | ½^160.00000000000068 |
| iv_506 | 7.607294631265047 × 10^295 | 4401 | 83 | ½^160.0000000000007 |
| iv_510 | 1.2887628992518472 × 10^296 | 4119 | 79 | ½^160.00000000000074 |

## Input Bit/Output Bit Collision Probabilities

| Input Bit | Output Bit | Collision Probability |
|:---------:|:----------:|:---------------------:|
| iv_508 | ov_050 | 0.5000000000000022 |
| iv_508 | ov_081 | 0.500000000000002 |
| iv_508 | ov_059 | 0.5000000000000018 |
| iv_509 | ov_027 | 0.5000000000000018 |
| iv_509 | ov_033 | 0.5000000000000018 |
| iv_509 | ov_104 | 0.5000000000000018 |

## Input Bit Co-occurrences

### Input Bit Co-occurrences Sorted by Co-occurrences

| Input Bits | Co-occurrences | Potential Occurrences | Output Co-occurrences | Potential Output Occurrences |
|:----------:|:--------------:|:---------------------:|:---------------------:|:----------------------------:|
| iv_506-iv_510 | 2040 | 4440 | 45 | 72 |
| iv_506-iv_511 | 2038 | 4434 | 46 | 72 |
| iv_506-iv_509 | 1996 | 4421 | 44 | 73 |
| iv_506-iv_507 | 1991 | 4441 | 41 | 73 |
| iv_510-iv_511 | 1937 | 4354 | 35 | 90 |
| iv_506-iv_508 | 1936 | 4524 | 36 | 81 |

### Input Bit Co-occurrences Sorted by Potential Occurrences

| Input Bits | Co-occurrences | Potential Occurrences | Output Co-occurrences | Potential Output Occurrences |
|:----------:|:--------------:|:---------------------:|:---------------------:|:----------------------------:|
| iv_508-iv_509 | 1919 | 4169 | 35 | 78 |
| iv_507-iv_508 | 1889 | 4239 | 35 | 72 |
| iv_508-iv_511 | 1932 | 4240 | 33 | 85 |
| iv_508-iv_510 | 1925 | 4264 | 31 | 87 |
| iv_507-iv_509 | 1883 | 4268 | 36 | 78 |
| iv_509-iv_510 | 1928 | 4275 | 37 | 83 |

### Input Bit Output Co-occurrences Sorted by Output Co-occurrences

| Input Bits | Co-occurrences | Potential Occurrences | Output Co-occurrences | Potential Output Occurrences |
|:----------:|:--------------:|:---------------------:|:---------------------:|:----------------------------:|
| iv_506-iv_511 | 2038 | 4434 | 46 | 72 |
| iv_506-iv_510 | 2040 | 4440 | 45 | 72 |
| iv_506-iv_509 | 1996 | 4421 | 44 | 73 |
| iv_506-iv_507 | 1991 | 4441 | 41 | 73 |
| iv_509-iv_511 | 1900 | 4321 | 39 | 81 |
| iv_507-iv_510 | 1921 | 4299 | 37 | 77 |

### Input Bit Output Co-occurrences Sorted by Potential Output Occurrences

| Input Bits | Co-occurrences | Potential Occurrences | Output Co-occurrences | Potential Output Occurrences |
|:----------:|:--------------:|:---------------------:|:---------------------:|:----------------------------:|
| iv_506-iv_510 | 2040 | 4440 | 45 | 72 |
| iv_507-iv_508 | 1889 | 4239 | 35 | 72 |
| iv_506-iv_511 | 2038 | 4434 | 46 | 72 |
| iv_506-iv_507 | 1991 | 4441 | 41 | 73 |
| iv_506-iv_509 | 1996 | 4421 | 44 | 73 |
| iv_507-iv_510 | 1921 | 4299 | 37 | 77 |

## Output Bits

### Output Bits in Regular Order

| Rank | Output Bit | Complexity |
|:----:|:----------:|:----------:|
| 1 | ov_001 | 6.759993382082087 × 10^295 |
| 2 | ov_002 | 5.91713603631518 × 10^295 |
| 3 | ov_003 | 5.14904819626774 × 10^295 |
| 4 | ov_004 | 4.4521640727349524 × 10^295 |
| 5 | ov_005 | 3.823113065232152 × 10^295 |
| 6 | ov_006 | 3.2587058666252855 × 10^295 |
| 7 | ov_007 | 2.7559224289706576 × 10^295 |
| 8 | ov_008 | 2.3119015737647308 × 10^295 |
| 9 | ov_009 | 1.9239320412279419 × 10^295 |
| 10 | ov_010 | 1.5870113255601976 × 10^295 |
| 11 | ov_011 | 1.2964024440270588 × 10^295 |
| 12 | ov_012 | 1.0476235153575922 × 10^295 |
| 13 | ov_013 | 8.364390312268529 × 10^294 |
| 14 | ov_014 | 6.588526673767435 × 10^294 |
| 15 | ov_015 | 5.1110149070659204 × 10^294 |
| 16 | ov_016 | 3.8965142834172905 × 10^294 |
| 17 | ov_017 | 2.9119386172611413 × 10^294 |
| 18 | ov_018 | 2.1264318182620192 × 10^294 |
| 19 | ov_019 | 1.5113511810426065 × 10^294 |
| 20 | ov_020 | 1.0402565916600865 × 10^294 |
| 21 | ov_021 | 6.889040197462577 × 10^293 |
| 22 | ov_022 | 4.352418550185264 × 10^293 |
| 23 | ov_023 | 2.5940889111655135 × 10^293 |
| 24 | ov_024 | 1.4373314375223114 × 10^293 |
| 25 | ov_025 | 7.273111206081433 × 10^292 |
| 26 | ov_026 | 3.310733456984135 × 10^292 |
| 27 | ov_027 | 1.3754150341215608 × 10^292 |
| 28 | ov_028 | 5.751587872421329 × 10^291 |
| 29 | ov_029 | 2.3673225497100306 × 10^291 |
| 30 | ov_030 | 7.821012175157041 × 10^290 |
| 31 | ov_031 | 1.8898296592812273 × 10^290 |
| 32 | lv_80_k31 | 4.563171982538553 × 10^289 |
| 33 | ov_033 | 5.492899921974123 × 10^290 |
| 34 | ov_034 | 4.756834749609738 × 10^290 |
| 35 | ov_035 | 4.096287666695774 × 10^290 |
| 36 | ov_036 | 3.5073986633392945 × 10^290 |
| 37 | ov_037 | 2.9865205989545974 × 10^290 |
| 38 | ov_038 | 2.530203400654573 × 10^290 |
| 39 | ov_039 | 2.1320851286125727 × 10^290 |
| 40 | ov_040 | 1.7861367297932772 × 10^290 |
| 41 | ov_041 | 1.4866432924499005 × 10^290 |
| 42 | ov_042 | 1.2281881910257891 × 10^290 |
| 43 | ov_043 | 1.0056398064849252 × 10^290 |
| 44 | ov_044 | 8.141405271639055 × 10^289 |
| 45 | ov_045 | 6.490977545004604 × 10^289 |
| 46 | ov_046 | 5.082804351908361 × 10^289 |
| 47 | ov_047 | 3.8958479061082706 × 10^289 |
| 48 | ov_048 | 2.9103179634745223 × 10^289 |
| 49 | ov_049 | 2.1076525207118954 × 10^289 |
| 50 | ov_050 | 1.4705034374826443 × 10^289 |
| 51 | ov_051 | 9.82726085182664 × 10^288 |
| 52 | ov_052 | 6.293722078077284 × 10^288 |
| 53 | ov_053 | 3.8411759686356245 × 10^288 |
| 54 | ov_054 | 2.2301422241218702 × 10^288 |
| 55 | ov_055 | 1.2448783826092978 × 10^288 |
| 56 | ov_056 | 6.93367381775435 × 10^287 |
| 57 | ov_057 | 4.073108227938216 × 10^287 |
| 58 | ov_058 | 2.4212512029728572 × 10^287 |
| 59 | ov_059 | 1.3144683670966389 × 10^287 |
| 60 | ov_060 | 6.342023884990404 × 10^286 |
| 61 | ov_061 | 2.6189685534079147 × 10^286 |
| 62 | ov_062 | 8.683298676607457 × 10^285 |
| 63 | ov_063 | 2.1069101881766857 × 10^285 |
| 64 | lv_79_k31 | 5.1095221875901025 × 10^284 |
| 65 | ov_065 | 6.013704033036705 × 10^285 |
| 66 | ov_066 | 6.013689764688832 × 10^285 |
| 67 | ov_067 | 6.013685140747453 × 10^285 |
| 68 | ov_068 | 5.22994590483804 × 10^285 |
| 69 | ov_069 | 4.519719202472849 × 10^285 |
| 70 | ov_070 | 3.879311691580156 × 10^285 |
| 71 | ov_071 | 3.3052581614571265 × 10^285 |
| 72 | ov_072 | 2.794305942080106 × 10^285 |
| 73 | ov_073 | 2.343400664741054 × 10^285 |
| 74 | ov_074 | 1.949673303143812 × 10^285 |
| 75 | ov_075 | 1.6078959936052902 × 10^285 |
| 76 | ov_076 | 1.3131573503317526 × 10^285 |
| 77 | ov_077 | 1.0608444557139335 × 10^285 |
| 78 | ov_078 | 8.466268332962722 × 10^284 |
| 79 | ov_079 | 6.664422830412689 × 10^284 |
| 80 | ov_080 | 5.1648446018072644 × 10^284 |
| 81 | ov_081 | 3.931920801770381 × 10^284 |
| 82 | ov_082 | 2.9323963319323033 × 10^284 |
| 83 | ov_083 | 2.1352949206580063 × 10^284 |
| 84 | ov_084 | 1.5118529815725933 × 10^284 |
| 85 | ov_085 | 1.035465096955715 × 10^284 |
| 86 | ov_086 | 6.816399733698404 × 10^283 |
| 87 | ov_087 | 4.279657175828567 × 10^283 |
| 88 | ov_088 | 2.540832812262926 × 10^283 |
| 89 | ov_089 | 1.416669228499065 × 10^283 |
| 90 | ov_090 | 7.441053616143348 × 10^282 |
| 91 | ov_091 | 3.801869331291478 × 10^282 |
| 92 | ov_092 | 2.02012616559731 × 10^282 |
| 93 | ov_093 | 1.0670508637156507 × 10^282 |
| 94 | ov_094 | 4.7829291674233084 × 10^281 |
| 95 | aaa_78_28 | 1.5383162286191383 × 10^281 |
| 96 | aaa_78_29 | 5.828523296435699 × 10^280 |
| 97 | ov_097 | 6.348971393927728 × 10^280 |
| 98 | ov_098 | 6.348778194769461 × 10^280 |
| 99 | ov_099 | 6.34871638755129 × 10^280 |
| 100 | ov_100 | 5.713661525615049 × 10^280 |
| 101 | ov_101 | 5.125463132701911 × 10^280 |
| 102 | ov_102 | 4.581537224903349 × 10^280 |
| 103 | ov_103 | 4.0794907152955235 × 10^280 |
| 104 | ov_104 | 3.617096576757041 × 10^280 |
| 105 | ov_105 | 3.19227127324477 × 10^280 |
| 106 | ov_106 | 2.8030543366338237 × 10^280 |
| 107 | ov_107 | 2.447589971648632 × 10^280 |
| 108 | ov_108 | 2.124110575874432 × 10^280 |
| 109 | ov_109 | 1.830922065463008 × 10^280 |
| 110 | ov_110 | 1.5663909000476466 × 10^280 |
| 111 | ov_111 | 1.3289327026666072 × 10^280 |
| 112 | ov_112 | 1.1170023722606807 × 10^280 |
| 113 | ov_113 | 9.290855876484202 × 10^279 |
| 114 | ov_114 | 7.636916028721234 × 10^279 |
| 115 | ov_115 | 6.193472345111357 × 10^279 |
| 116 | ov_116 | 4.9459194202924297 × 10^279 |
| 117 | ov_117 | 3.879739025184324 × 10^279 |
| 118 | ov_118 | 2.9804698137476337 × 10^279 |
| 119 | ov_119 | 2.233685005349211 × 10^279 |
| 120 | ov_120 | 1.624977059482396 × 10^279 |
| 121 | ov_121 | 1.1399483598144565 × 10^279 |
| 122 | ov_122 | 7.642064806293219 × 10^278 |
| 123 | ov_123 | 4.833619664837894 × 10^278 |
| 124 | ov_124 | 2.8302703934349318 × 10^278 |
| 125 | ov_125 | 1.4881474985728307 × 10^278 |
| 126 | ov_126 | 6.633848883645919 × 10^277 |
| 127 | aaa_77_28 | 2.121175587053433 × 10^277 |
| 128 | aaa_77_29 | 7.964935184073818 × 10^276 |
| 129 | ov_129 | 7.294320378006617 × 10^276 |
| 130 | ov_130 | 7.294303465530078 × 10^276 |
| 131 | ov_131 | 7.294298023232903 × 10^276 |
| 132 | ov_132 | 6.342376402116078 × 10^276 |
| 133 | ov_133 | 5.479830553042413 × 10^276 |
| 134 | ov_134 | 4.702564555960108 × 10^276 |
| 135 | ov_135 | 4.0067173368577636 × 10^276 |
| 136 | ov_136 | 3.3886451550983287 × 10^276 |
| 137 | ov_137 | 2.844906050980586 × 10^276 |
| 138 | ov_138 | 2.3691683566336267 × 10^276 |
| 139 | ov_139 | 1.9554422749166916 × 10^276 |
| 140 | ov_140 | 1.5980607426086156 × 10^276 |
| 141 | ov_141 | 1.2916632538107915 × 10^276 |
| 142 | ov_142 | 1.0311823844207481 × 10^276 |
| 143 | ov_143 | 8.118327127569761 × 10^275 |
| 144 | ov_144 | 6.291018299910292 × 10^275 |
| 145 | ov_145 | 4.787431540598924 × 10^275 |
| 146 | ov_146 | 3.5677028057570125 × 10^275 |
| 147 | ov_147 | 2.5945262397811902 × 10^275 |
| 148 | ov_148 | 1.8331212182915145 × 10^275 |
| 149 | ov_149 | 1.2512080528089315 × 10^275 |
| 150 | ov_150 | 8.18990793727502 × 10^274 |
| 151 | ov_151 | 5.091457638581677 × 10^274 |
| 152 | ov_152 | 2.9681444004202034 × 10^274 |
| 153 | ov_153 | 1.595993907048489 × 10^274 |
| 154 | ov_154 | 7.756217277199296 × 10^273 |
| 155 | ov_155 | 3.322231543233405 × 10^273 |
| 156 | aaa_76_25 | 1.1556844324405841 × 10^273 |
| 157 | aaa_76_26 | 7.116800686559815 × 10^272 |
| 158 | aaa_76_27 | 3.905289154863091 × 10^272 |
| 159 | aaa_76_28 | 1.8422370348648336 × 10^272 |
| 160 | aaa_76_29 | 6.944231253477947 × 10^271 |

### Output Bits Sorted by Complexity

| Rank | Output Bit | Complexity |
|:----:|:----------:|:----------:|
| 160 | aaa_76_29 | 6.944231253477947 × 10^271 |
| 159 | aaa_76_28 | 1.8422370348648336 × 10^272 |
| 158 | aaa_76_27 | 3.905289154863091 × 10^272 |
| 157 | aaa_76_26 | 7.116800686559815 × 10^272 |
| 156 | aaa_76_25 | 1.1556844324405841 × 10^273 |
| 155 | ov_155 | 3.322231543233405 × 10^273 |
| 154 | ov_154 | 7.756217277199296 × 10^273 |
| 153 | ov_153 | 1.595993907048489 × 10^274 |
| 152 | ov_152 | 2.9681444004202034 × 10^274 |
| 151 | ov_151 | 5.091457638581677 × 10^274 |
| 150 | ov_150 | 8.18990793727502 × 10^274 |
| 149 | ov_149 | 1.2512080528089315 × 10^275 |
| 148 | ov_148 | 1.8331212182915145 × 10^275 |
| 147 | ov_147 | 2.5945262397811902 × 10^275 |
| 146 | ov_146 | 3.5677028057570125 × 10^275 |
| 145 | ov_145 | 4.787431540598924 × 10^275 |
| 144 | ov_144 | 6.291018299910292 × 10^275 |
| 143 | ov_143 | 8.118327127569761 × 10^275 |
| 142 | ov_142 | 1.0311823844207481 × 10^276 |
| 141 | ov_141 | 1.2916632538107915 × 10^276 |
| 140 | ov_140 | 1.5980607426086156 × 10^276 |
| 139 | ov_139 | 1.9554422749166916 × 10^276 |
| 138 | ov_138 | 2.3691683566336267 × 10^276 |
| 137 | ov_137 | 2.844906050980586 × 10^276 |
| 136 | ov_136 | 3.3886451550983287 × 10^276 |
| 135 | ov_135 | 4.0067173368577636 × 10^276 |
| 134 | ov_134 | 4.702564555960108 × 10^276 |
| 133 | ov_133 | 5.479830553042413 × 10^276 |
| 132 | ov_132 | 6.342376402116078 × 10^276 |
| 131 | ov_131 | 7.294298023232903 × 10^276 |
| 130 | ov_130 | 7.294303465530078 × 10^276 |
| 129 | ov_129 | 7.294320378006617 × 10^276 |
| 128 | aaa_77_29 | 7.964935184073818 × 10^276 |
| 127 | aaa_77_28 | 2.121175587053433 × 10^277 |
| 126 | ov_126 | 6.633848883645919 × 10^277 |
| 125 | ov_125 | 1.4881474985728307 × 10^278 |
| 124 | ov_124 | 2.8302703934349318 × 10^278 |
| 123 | ov_123 | 4.833619664837894 × 10^278 |
| 122 | ov_122 | 7.642064806293219 × 10^278 |
| 121 | ov_121 | 1.1399483598144565 × 10^279 |
| 120 | ov_120 | 1.624977059482396 × 10^279 |
| 119 | ov_119 | 2.233685005349211 × 10^279 |
| 118 | ov_118 | 2.9804698137476337 × 10^279 |
| 117 | ov_117 | 3.879739025184324 × 10^279 |
| 116 | ov_116 | 4.9459194202924297 × 10^279 |
| 115 | ov_115 | 6.193472345111357 × 10^279 |
| 114 | ov_114 | 7.636916028721234 × 10^279 |
| 113 | ov_113 | 9.290855876484202 × 10^279 |
| 112 | ov_112 | 1.1170023722606807 × 10^280 |
| 111 | ov_111 | 1.3289327026666072 × 10^280 |
| 110 | ov_110 | 1.5663909000476466 × 10^280 |
| 109 | ov_109 | 1.830922065463008 × 10^280 |
| 108 | ov_108 | 2.124110575874432 × 10^280 |
| 107 | ov_107 | 2.447589971648632 × 10^280 |
| 106 | ov_106 | 2.8030543366338237 × 10^280 |
| 105 | ov_105 | 3.19227127324477 × 10^280 |
| 104 | ov_104 | 3.617096576757041 × 10^280 |
| 103 | ov_103 | 4.0794907152955235 × 10^280 |
| 102 | ov_102 | 4.581537224903349 × 10^280 |
| 101 | ov_101 | 5.125463132701911 × 10^280 |
| 100 | ov_100 | 5.713661525615049 × 10^280 |
| 96 | aaa_78_29 | 5.828523296435699 × 10^280 |
| 99 | ov_099 | 6.34871638755129 × 10^280 |
| 98 | ov_098 | 6.348778194769461 × 10^280 |
| 97 | ov_097 | 6.348971393927728 × 10^280 |
| 95 | aaa_78_28 | 1.5383162286191383 × 10^281 |
| 94 | ov_094 | 4.7829291674233084 × 10^281 |
| 93 | ov_093 | 1.0670508637156507 × 10^282 |
| 92 | ov_092 | 2.02012616559731 × 10^282 |
| 91 | ov_091 | 3.801869331291478 × 10^282 |
| 90 | ov_090 | 7.441053616143348 × 10^282 |
| 89 | ov_089 | 1.416669228499065 × 10^283 |
| 88 | ov_088 | 2.540832812262926 × 10^283 |
| 87 | ov_087 | 4.279657175828567 × 10^283 |
| 86 | ov_086 | 6.816399733698404 × 10^283 |
| 85 | ov_085 | 1.035465096955715 × 10^284 |
| 84 | ov_084 | 1.5118529815725933 × 10^284 |
| 83 | ov_083 | 2.1352949206580063 × 10^284 |
| 82 | ov_082 | 2.9323963319323033 × 10^284 |
| 81 | ov_081 | 3.931920801770381 × 10^284 |
| 64 | lv_79_k31 | 5.1095221875901025 × 10^284 |
| 80 | ov_080 | 5.1648446018072644 × 10^284 |
| 79 | ov_079 | 6.664422830412689 × 10^284 |
| 78 | ov_078 | 8.466268332962722 × 10^284 |
| 77 | ov_077 | 1.0608444557139335 × 10^285 |
| 76 | ov_076 | 1.3131573503317526 × 10^285 |
| 75 | ov_075 | 1.6078959936052902 × 10^285 |
| 74 | ov_074 | 1.949673303143812 × 10^285 |
| 63 | ov_063 | 2.1069101881766857 × 10^285 |
| 73 | ov_073 | 2.343400664741054 × 10^285 |
| 72 | ov_072 | 2.794305942080106 × 10^285 |
| 71 | ov_071 | 3.3052581614571265 × 10^285 |
| 70 | ov_070 | 3.879311691580156 × 10^285 |
| 69 | ov_069 | 4.519719202472849 × 10^285 |
| 68 | ov_068 | 5.22994590483804 × 10^285 |
| 67 | ov_067 | 6.013685140747453 × 10^285 |
| 66 | ov_066 | 6.013689764688832 × 10^285 |
| 65 | ov_065 | 6.013704033036705 × 10^285 |
| 62 | ov_062 | 8.683298676607457 × 10^285 |
| 61 | ov_061 | 2.6189685534079147 × 10^286 |
| 60 | ov_060 | 6.342023884990404 × 10^286 |
| 59 | ov_059 | 1.3144683670966389 × 10^287 |
| 58 | ov_058 | 2.4212512029728572 × 10^287 |
| 57 | ov_057 | 4.073108227938216 × 10^287 |
| 56 | ov_056 | 6.93367381775435 × 10^287 |
| 55 | ov_055 | 1.2448783826092978 × 10^288 |
| 54 | ov_054 | 2.2301422241218702 × 10^288 |
| 53 | ov_053 | 3.8411759686356245 × 10^288 |
| 52 | ov_052 | 6.293722078077284 × 10^288 |
| 51 | ov_051 | 9.82726085182664 × 10^288 |
| 50 | ov_050 | 1.4705034374826443 × 10^289 |
| 49 | ov_049 | 2.1076525207118954 × 10^289 |
| 48 | ov_048 | 2.9103179634745223 × 10^289 |
| 47 | ov_047 | 3.8958479061082706 × 10^289 |
| 32 | lv_80_k31 | 4.563171982538553 × 10^289 |
| 46 | ov_046 | 5.082804351908361 × 10^289 |
| 45 | ov_045 | 6.490977545004604 × 10^289 |
| 44 | ov_044 | 8.141405271639055 × 10^289 |
| 43 | ov_043 | 1.0056398064849252 × 10^290 |
| 42 | ov_042 | 1.2281881910257891 × 10^290 |
| 41 | ov_041 | 1.4866432924499005 × 10^290 |
| 40 | ov_040 | 1.7861367297932772 × 10^290 |
| 31 | ov_031 | 1.8898296592812273 × 10^290 |
| 39 | ov_039 | 2.1320851286125727 × 10^290 |
| 38 | ov_038 | 2.530203400654573 × 10^290 |
| 37 | ov_037 | 2.9865205989545974 × 10^290 |
| 36 | ov_036 | 3.5073986633392945 × 10^290 |
| 35 | ov_035 | 4.096287666695774 × 10^290 |
| 34 | ov_034 | 4.756834749609738 × 10^290 |
| 33 | ov_033 | 5.492899921974123 × 10^290 |
| 30 | ov_030 | 7.821012175157041 × 10^290 |
| 29 | ov_029 | 2.3673225497100306 × 10^291 |
| 28 | ov_028 | 5.751587872421329 × 10^291 |
| 27 | ov_027 | 1.3754150341215608 × 10^292 |
| 26 | ov_026 | 3.310733456984135 × 10^292 |
| 25 | ov_025 | 7.273111206081433 × 10^292 |
| 24 | ov_024 | 1.4373314375223114 × 10^293 |
| 23 | ov_023 | 2.5940889111655135 × 10^293 |
| 22 | ov_022 | 4.352418550185264 × 10^293 |
| 21 | ov_021 | 6.889040197462577 × 10^293 |
| 20 | ov_020 | 1.0402565916600865 × 10^294 |
| 19 | ov_019 | 1.5113511810426065 × 10^294 |
| 18 | ov_018 | 2.1264318182620192 × 10^294 |
| 17 | ov_017 | 2.9119386172611413 × 10^294 |
| 16 | ov_016 | 3.8965142834172905 × 10^294 |
| 15 | ov_015 | 5.1110149070659204 × 10^294 |
| 14 | ov_014 | 6.588526673767435 × 10^294 |
| 13 | ov_013 | 8.364390312268529 × 10^294 |
| 12 | ov_012 | 1.0476235153575922 × 10^295 |
| 11 | ov_011 | 1.2964024440270588 × 10^295 |
| 10 | ov_010 | 1.5870113255601976 × 10^295 |
| 9 | ov_009 | 1.9239320412279419 × 10^295 |
| 8 | ov_008 | 2.3119015737647308 × 10^295 |
| 7 | ov_007 | 2.7559224289706576 × 10^295 |
| 6 | ov_006 | 3.2587058666252855 × 10^295 |
| 5 | ov_005 | 3.823113065232152 × 10^295 |
| 4 | ov_004 | 4.4521640727349524 × 10^295 |
| 3 | ov_003 | 5.14904819626774 × 10^295 |
| 2 | ov_002 | 5.91713603631518 × 10^295 |
| 1 | ov_001 | 6.759993382082087 × 10^295 |

