# Results for F001-F002-F003-F004-F005-F006-F007-F008-F009-F010-F011-F012-F013-F014-F015-F016-F017-F018-F019-F020-F021-F022-F023-F024-F025-F026-F027-F028-F029-F030-F031-F032-F033-F034-F035-F036-F037-F038-F039-F040-F041-F042-F043-F044-F045-F046-F047-F048-F049-F050-F051-F052-F053-F054-F055-F056-F057-F058-F059-F060-F061-F062-F063-F064-F065-F066-F067-F068-F069-F070-F071-F072-F073-F074-F075-F076-F077-F078-F079-F080-F081-F082-F083-F084-F085-F086-F087-F088-F089-F090-F091-F092-F093-F094-F095-F096-F097-F098-F099-F100-F101-F102-F103-F104-F105-F106-F107-F108-F109-F110-F111-F112-F113-F114-F115-F116-F117-F118-F119-F120-F121-F122-F123-F124-F125-F126-F127-F128-F129-F130-F131-F132-F133-F134-F135-F136-F137-F138-F139-F140-F141-F142-F143-F144-F145-F146-F147-F148-F149-F150-F151-F152-F153-F154-F155-F156-F157-F158-F159-F160-F161-F162-F163-F164-F165-F166-F167-F168-F169-F170-F171-F172-F173-F174-F175-F176-F177-F178-F179-F180-F181-F182-F183-F184-F185-F186-F187-F188-F189-F190-F191-F192-F193-F194-F195-F196-F197-F198-F199-F200-F201-F202-F203-F204-F205-F206-F207-F208-F209-F210-F211-F212-F213-F214-F215-F216-F217-F218-F219-F220-F221-F222-F223-F224-F225-F226-F227-F228-F229-F230-F231-F232-F233-F234-F235-F236-F237-F238-F239-F240-F241-F242-F243-F244-F245-F246-F247-F248-F249-F250-F251-F252-F253-F254-F255-F256-F257-F258-F259-F260-F261-F262-F263-F264-F265-F266-F267-F268-F269-F270-F271-F272-F273-F274-F275-F276-F277-F278-F279-F280-F281-F282-F283-F284-F285-F286-F287-F288-F289-F290-F291-F292-F293-F294-F295-F296-F297-F298-F299-F300-F301-F302-F303-F304-F305-F306-F307-F308-F309-F310-F311-F312-F313-F314-F315-F316-F317-F318-F319-F320-F321-F322-F323-F324-F325-F326-F327-F328-F329-F330-F331-F332-F333-F334-F335-F336-F337-F338-F339-F340-F341-F342-F343-F344-F345-F346-F347-F348-F349-F350-F351-F352-F353-F354-F355-F356-F357-F358-F359-F360-F361-F362-F363-F364-F365-F366-F367-F368-F369-F370-F371-F372-F373-F374-F375-F376-F377-F378-F379-F380-F381-F382-F383-F384-F385-F386-F387-F388-F389-F390-F391-F392-F393-F394-F395-F396-F397-F398-F399-F400-F401-F402-F403-F404-F405-F406-F407-F408-F409-F410-F411-F412-F413-F414-F415-F416-F417-F418-F419-F420-F421-F422-F423-F424-F425-F426-F427-F428-F429-F430-F431-F432-F433-F434-F435-F436-F437-F438-F439-F440-F441-F442-F443-F444-F445-F446-F447-F448-F449-F450-F451-F452-F453-F454-F455-F456-F457-F458-F459-F460-F461-F462-F463-F464-F465-F466-F467-F468-F469-F470-F471-F472-F473-F474-F475-F476-F477-F478-F479-F480-F481-F482-F483-F484-F485-F486-F487-F488-F489-F490-F491-F492-F493-F494-F495-F496-F497-F498-F499-F500-F501-F502-F503-F504-E505506-E506509

## Summary

Number of input bits: 512  
Number of free input bits: 6  
Number of output bits: 160

Number of direct occurrences: 25051  
Number of assignments: 30596  
Number of operations: 10909259
(xor: 10879046,
and: 17372,
or: 12841)

Total complexity: 1.50155507194969 × 10^297

Least occurring input variable: iv_508 (4048)  
Most occurring input variable: iv_505 (4394)

Most co-occurring input variables: iv_505-iv_512 (2035)  
Least co-occurring input variables: iv_505-iv_508 (1837)

Potentially most occurring input variable: iv_505/iv_508 (4768)  
Potentially least occurring input variable: iv_507/iv_508 (4310)

Least output occurring input variable: iv_508 (70)  
Most output occurring input variable: iv_510 (79)

Most output co-occurring input variables: iv_510-iv_512 (42)  
Least output co-occurring input variables: iv_505-iv_508 (27)

Potentially most output occurring input variable: iv_505/iv_508 (93)  
Potentially least output occurring input variable: iv_505/iv_510 (72)

Least complex input bit: iv_507 (1.2006130127863424 × 10^296)  
Most complex input bit: iv_510 (4.43708361909577 × 10^296)

Least complex output bit: aaa_76_29 (2.4465089093203782 × 10^272)  
Most complex output bit: ov_001 (2.3262614363681747 × 10^296)

Least complex input/output complexity: iv_507/aaa_76_29 (1.956178955603557 × 10^271)  
Most complex input/output complexity: iv_510/ov_001 (6.874084544658811 × 10^295)

Input variable with highest collision probability: iv_507 (½^160.00000000000063)

## Input Bits

### Input Bits in Regular Order

| Input Bit | Complexity | Occurrences | Output Occurrences | Collision Probability |
|:---------:|:----------:|:-----------:|:------------------:|:---------------------:|
| iv_505 | 3.7128547698573323 × 10^296 | 4394 | 77 | ½^160.00000000000082 |
| iv_507 | 1.2006130127863424 × 10^296 | 4056 | 72 | ½^160.00000000000063 |
| iv_508 | 2.0036753764841623 × 10^296 | 4048 | 70 | ½^160.0000000000007 |
| iv_510 | 4.43708361909577 × 10^296 | 4166 | 79 | ½^160.0000000000007 |
| iv_511 | 1.6797236914985883 × 10^296 | 4114 | 74 | ½^160.00000000000068 |
| iv_512 | 1.981600249774724 × 10^296 | 4273 | 78 | ½^160.00000000000074 |

### Input Bits Sorted by Complexity

| Input Bit | Complexity | Occurrences | Output Occurrences | Collision Probability |
|:---------:|:----------:|:-----------:|:------------------:|:---------------------:|
| iv_507 | 1.2006130127863424 × 10^296 | 4056 | 72 | ½^160.00000000000063 |
| iv_511 | 1.6797236914985883 × 10^296 | 4114 | 74 | ½^160.00000000000068 |
| iv_512 | 1.981600249774724 × 10^296 | 4273 | 78 | ½^160.00000000000074 |
| iv_508 | 2.0036753764841623 × 10^296 | 4048 | 70 | ½^160.0000000000007 |
| iv_505 | 3.7128547698573323 × 10^296 | 4394 | 77 | ½^160.00000000000082 |
| iv_510 | 4.43708361909577 × 10^296 | 4166 | 79 | ½^160.0000000000007 |

### Input Bits Sorted by Occurrences

| Input Bit | Complexity | Occurrences | Output Occurrences | Collision Probability |
|:---------:|:----------:|:-----------:|:------------------:|:---------------------:|
| iv_508 | 2.0036753764841623 × 10^296 | 4048 | 70 | ½^160.0000000000007 |
| iv_507 | 1.2006130127863424 × 10^296 | 4056 | 72 | ½^160.00000000000063 |
| iv_511 | 1.6797236914985883 × 10^296 | 4114 | 74 | ½^160.00000000000068 |
| iv_510 | 4.43708361909577 × 10^296 | 4166 | 79 | ½^160.0000000000007 |
| iv_512 | 1.981600249774724 × 10^296 | 4273 | 78 | ½^160.00000000000074 |
| iv_505 | 3.7128547698573323 × 10^296 | 4394 | 77 | ½^160.00000000000082 |

### Input Bits Sorted by Output Occurrences

| Input Bit | Complexity | Occurrences | Output Occurrences | Collision Probability |
|:---------:|:----------:|:-----------:|:------------------:|:---------------------:|
| iv_508 | 2.0036753764841623 × 10^296 | 4048 | 70 | ½^160.0000000000007 |
| iv_507 | 1.2006130127863424 × 10^296 | 4056 | 72 | ½^160.00000000000063 |
| iv_511 | 1.6797236914985883 × 10^296 | 4114 | 74 | ½^160.00000000000068 |
| iv_505 | 3.7128547698573323 × 10^296 | 4394 | 77 | ½^160.00000000000082 |
| iv_512 | 1.981600249774724 × 10^296 | 4273 | 78 | ½^160.00000000000074 |
| iv_510 | 4.43708361909577 × 10^296 | 4166 | 79 | ½^160.0000000000007 |

### Input Bits Sorted by Collision Probability

| Input Bit | Complexity | Occurrences | Output Occurrences | Collision Probability |
|:---------:|:----------:|:-----------:|:------------------:|:---------------------:|
| iv_507 | 1.2006130127863424 × 10^296 | 4056 | 72 | ½^160.00000000000063 |
| iv_511 | 1.6797236914985883 × 10^296 | 4114 | 74 | ½^160.00000000000068 |
| iv_508 | 2.0036753764841623 × 10^296 | 4048 | 70 | ½^160.0000000000007 |
| iv_510 | 4.43708361909577 × 10^296 | 4166 | 79 | ½^160.0000000000007 |
| iv_512 | 1.981600249774724 × 10^296 | 4273 | 78 | ½^160.00000000000074 |
| iv_505 | 3.7128547698573323 × 10^296 | 4394 | 77 | ½^160.00000000000082 |

## Input Bit/Output Bit Collision Probabilities

| Input Bit | Output Bit | Collision Probability |
|:---------:|:----------:|:---------------------:|
| iv_508 | ov_069 | 0.500000000000004 |
| iv_508 | ov_034 | 0.5000000000000018 |
| iv_508 | ov_036 | 0.5000000000000018 |
| iv_508 | ov_105 | 0.5000000000000018 |
| iv_508 | ov_108 | 0.5000000000000018 |
| iv_508 | ov_136 | 0.5000000000000018 |

## Input Bit Co-occurrences

### Input Bit Co-occurrences Sorted by Co-occurrences

| Input Bits | Co-occurrences | Potential Occurrences | Output Co-occurrences | Potential Output Occurrences |
|:----------:|:--------------:|:---------------------:|:---------------------:|:----------------------------:|
| iv_505-iv_512 | 2035 | 4597 | 36 | 83 |
| iv_511-iv_512 | 2032 | 4323 | 39 | 74 |
| iv_510-iv_512 | 1995 | 4449 | 42 | 73 |
| iv_505-iv_511 | 1995 | 4518 | 34 | 83 |
| iv_505-iv_510 | 1979 | 4602 | 42 | 72 |
| iv_510-iv_511 | 1952 | 4376 | 38 | 77 |

### Input Bit Co-occurrences Sorted by Potential Occurrences

| Input Bits | Co-occurrences | Potential Occurrences | Output Co-occurrences | Potential Output Occurrences |
|:----------:|:--------------:|:---------------------:|:---------------------:|:----------------------------:|
| iv_507-iv_508 | 1897 | 4310 | 35 | 72 |
| iv_511-iv_512 | 2032 | 4323 | 39 | 74 |
| iv_507-iv_511 | 1919 | 4332 | 32 | 82 |
| iv_508-iv_510 | 1933 | 4348 | 31 | 87 |
| iv_508-iv_511 | 1906 | 4350 | 35 | 74 |
| iv_507-iv_510 | 1924 | 4374 | 37 | 77 |

### Input Bit Output Co-occurrences Sorted by Output Co-occurrences

| Input Bits | Co-occurrences | Potential Occurrences | Output Co-occurrences | Potential Output Occurrences |
|:----------:|:--------------:|:---------------------:|:---------------------:|:----------------------------:|
| iv_505-iv_510 | 1979 | 4602 | 42 | 72 |
| iv_510-iv_512 | 1995 | 4449 | 42 | 73 |
| iv_511-iv_512 | 2032 | 4323 | 39 | 74 |
| iv_510-iv_511 | 1952 | 4376 | 38 | 77 |
| iv_507-iv_510 | 1924 | 4374 | 37 | 77 |
| iv_505-iv_512 | 2035 | 4597 | 36 | 83 |

### Input Bit Output Co-occurrences Sorted by Potential Output Occurrences

| Input Bits | Co-occurrences | Potential Occurrences | Output Co-occurrences | Potential Output Occurrences |
|:----------:|:--------------:|:---------------------:|:---------------------:|:----------------------------:|
| iv_505-iv_510 | 1979 | 4602 | 42 | 72 |
| iv_507-iv_508 | 1897 | 4310 | 35 | 72 |
| iv_510-iv_512 | 1995 | 4449 | 42 | 73 |
| iv_508-iv_511 | 1906 | 4350 | 35 | 74 |
| iv_511-iv_512 | 2032 | 4323 | 39 | 74 |
| iv_507-iv_510 | 1924 | 4374 | 37 | 77 |

## Output Bits

### Output Bits in Regular Order

| Rank | Output Bit | Complexity |
|:----:|:----------:|:----------:|
| 1 | ov_001 | 2.3262614363681747 × 10^296 |
| 2 | ov_002 | 2.0361714263436134 × 10^296 |
| 3 | ov_003 | 1.7719091893972073 × 10^296 |
| 4 | ov_004 | 1.5322453668471702 × 10^296 |
| 5 | ov_005 | 1.3160179679977119 × 10^296 |
| 6 | ov_006 | 1.122127566802827 × 10^296 |
| 7 | ov_007 | 9.49533133358182 × 10^295 |
| 8 | ov_008 | 7.972484284040255 × 10^295 |
| 9 | ov_009 | 6.634533337927832 × 10^295 |
| 10 | ov_010 | 5.472622905214235 × 10^295 |
| 11 | ov_011 | 4.4704230728502255 × 10^295 |
| 12 | ov_012 | 3.6124820705933734 × 10^295 |
| 13 | ov_013 | 2.8841960875817393 × 10^295 |
| 14 | ov_014 | 2.2717845532654955 × 10^295 |
| 15 | ov_015 | 1.7622704066698833 × 10^295 |
| 16 | ov_016 | 1.3434648644745966 × 10^295 |
| 17 | ov_017 | 1.0039560974622142 × 10^295 |
| 18 | ov_018 | 7.331011356100438 × 10^294 |
| 19 | ov_019 | 5.210203356659208 × 10^294 |
| 20 | ov_020 | 3.5859380803970354 × 10^294 |
| 21 | ov_021 | 2.374592627796537 × 10^294 |
| 22 | ov_022 | 1.500107973120201 × 10^294 |
| 23 | ov_023 | 8.939822955720227 × 10^293 |
| 24 | ov_024 | 4.952670722539674 × 10^293 |
| 25 | ov_025 | 2.5056463782400458 × 10^293 |
| 26 | ov_026 | 1.1402671862670712 × 10^293 |
| 27 | ov_027 | 4.735364491227025 × 10^292 |
| 28 | ov_028 | 1.9793984820651894 × 10^292 |
| 29 | ov_029 | 8.144404372975053 × 10^291 |
| 30 | ov_030 | 2.69025259831146 × 10^291 |
| 31 | ov_031 | 6.501666197489123 × 10^290 |
| 32 | lv_80_m31 | 1.570814363059814 × 10^290 |
| 33 | ov_033 | 1.8956350181104915 × 10^291 |
| 34 | ov_034 | 1.6408338797562863 × 10^291 |
| 35 | ov_035 | 1.412578415250921 × 10^291 |
| 36 | ov_036 | 1.2095926088127482 × 10^291 |
| 37 | ov_037 | 1.030670298027108 × 10^291 |
| 38 | ov_038 | 8.7358886170562 × 10^290 |
| 39 | ov_039 | 7.36242381607393 × 10^290 |
| 40 | ov_040 | 6.166345350562564 × 10^290 |
| 41 | ov_041 | 5.128725425327247 × 10^290 |
| 42 | ov_042 | 4.2316205739913925 × 10^290 |
| 43 | ov_043 | 3.4580289196741862 × 10^290 |
| 44 | ov_044 | 2.7918548085747767 × 10^290 |
| 45 | ov_045 | 2.2178798906273727 × 10^290 |
| 46 | ov_046 | 1.7287110768154452 × 10^290 |
| 47 | ov_047 | 1.3173770740859313 × 10^290 |
| 48 | ov_048 | 9.773202062377082 × 10^289 |
| 49 | ov_049 | 7.023900741529531 × 10^289 |
| 50 | ov_050 | 4.868387620972361 × 10^289 |
| 51 | ov_051 | 3.253173606854823 × 10^289 |
| 52 | ov_052 | 2.0831631058010697 × 10^289 |
| 53 | ov_053 | 1.2711518637762594 × 10^289 |
| 54 | ov_054 | 7.378121440536792 × 10^288 |
| 55 | ov_055 | 4.116846829663158 × 10^288 |
| 56 | ov_056 | 2.2917451201868902 × 10^288 |
| 57 | ov_057 | 1.3454869524080877 × 10^288 |
| 58 | ov_058 | 7.993503598231868 × 10^287 |
| 59 | ov_059 | 4.336250377114922 × 10^287 |
| 60 | ov_060 | 2.090129107159113 × 10^287 |
| 61 | ov_061 | 8.62162124697685 × 10^286 |
| 62 | ov_062 | 2.855031933530893 × 10^286 |
| 63 | ov_063 | 6.917447703998785 × 10^285 |
| 64 | lv_79_m31 | 1.6750115917864665 × 10^285 |
| 65 | ov_065 | 1.972121304283076 × 10^286 |
| 66 | ov_066 | 1.9721165119251642 × 10^286 |
| 67 | ov_067 | 1.9721149589082125 × 10^286 |
| 68 | ov_068 | 1.7108087001759535 × 10^286 |
| 69 | ov_069 | 1.4747388339121837 × 10^286 |
| 70 | ov_070 | 1.2626650920015 × 10^286 |
| 71 | ov_071 | 1.073423799724802 × 10^286 |
| 72 | ov_072 | 9.05922640341345 × 10^285 |
| 73 | ov_073 | 7.591358739278954 × 10^285 |
| 74 | ov_074 | 6.311947554558538 × 10^285 |
| 75 | ov_075 | 5.2034354751746 × 10^285 |
| 76 | ov_076 | 4.2493276860933245 × 10^285 |
| 77 | ov_077 | 3.4341314860739364 × 10^285 |
| 78 | ov_078 | 2.743302501522464 × 10^285 |
| 79 | ov_079 | 2.1631971542735595 × 10^285 |
| 80 | ov_080 | 1.681030983969222 × 10^285 |
| 81 | ov_081 | 1.2848424300322526 × 10^285 |
| 82 | ov_082 | 9.63461681314002 × 10^284 |
| 83 | ov_083 | 7.06484203598129 × 10^284 |
| 84 | ov_084 | 5.042485565033238 × 10^284 |
| 85 | ov_085 | 3.478181121385404 × 10^284 |
| 86 | ov_086 | 2.2896628830579922 × 10^284 |
| 87 | ov_087 | 1.4375566704356645 × 10^284 |
| 88 | ov_088 | 8.534758067376615 × 10^283 |
| 89 | ov_089 | 4.758632514086604 × 10^283 |
| 90 | ov_090 | 2.499458291839772 × 10^283 |
| 91 | ov_091 | 1.2770426552882423 × 10^283 |
| 92 | ov_092 | 6.78551939611203 × 10^282 |
| 93 | ov_093 | 3.58414909896577 × 10^282 |
| 94 | ov_094 | 1.6065359012525726 × 10^282 |
| 95 | aaa_78_28 | 5.166985502875835 × 10^281 |
| 96 | aaa_78_29 | 1.9576827570208565 × 10^281 |
| 97 | ov_097 | 2.131686518593175 × 10^281 |
| 98 | ov_098 | 2.1316223368469487 × 10^281 |
| 99 | ov_099 | 2.131601853626156 × 10^281 |
| 100 | ov_100 | 1.9182650408058427 × 10^281 |
| 101 | ov_101 | 1.7206740102197958 × 10^281 |
| 102 | ov_102 | 1.5379634300853667 × 10^281 |
| 103 | ov_103 | 1.3693310297963342 × 10^281 |
| 104 | ov_104 | 1.2140293344395994 × 10^281 |
| 105 | ov_105 | 1.0713581969916146 × 10^281 |
| 106 | ov_106 | 9.406580850520756 × 10^280 |
| 107 | ov_107 | 8.213040808616494 × 10^280 |
| 108 | ov_108 | 7.127005549088151 × 10^280 |
| 109 | ov_109 | 6.142764746990749 × 10^280 |
| 110 | ov_110 | 5.254812434165033 × 10^280 |
| 111 | ov_111 | 4.457809640072531 × 10^280 |
| 112 | ov_112 | 3.746551605495491 × 10^280 |
| 113 | ov_113 | 3.1159398923798154 × 10^280 |
| 114 | ov_114 | 2.560958535386677 × 10^280 |
| 115 | ov_115 | 2.0766533830703653 × 10^280 |
| 116 | ov_116 | 1.6581147831534116 × 10^280 |
| 117 | ov_117 | 1.3004637673609148 × 10^280 |
| 118 | ov_118 | 9.988413893611185 × 10^279 |
| 119 | ov_119 | 7.484008696682754 × 10^279 |
| 120 | ov_120 | 5.443022015176856 × 10^279 |
| 121 | ov_121 | 3.8170887179756845 × 10^279 |
| 122 | ov_122 | 2.5578619486414253 × 10^279 |
| 123 | ov_123 | 1.6170053095562888 × 10^279 |
| 124 | ov_124 | 9.461883103817871 × 10^278 |
| 125 | ov_125 | 4.970833795862695 × 10^278 |
| 126 | ov_126 | 2.213641439380343 × 10^278 |
| 127 | aaa_77_28 | 7.0704613446622085 × 10^277 |
| 128 | aaa_77_29 | 2.650512969871958 × 10^277 |
| 129 | ov_129 | 2.439427324027559 × 10^277 |
| 130 | ov_130 | 2.4394213648718877 × 10^277 |
| 131 | ov_131 | 2.439419447000594 × 10^277 |
| 132 | ov_132 | 2.1173090649715504 × 10^277 |
| 133 | ov_133 | 1.826596271036534 × 10^277 |
| 134 | ov_134 | 1.565841780932218 × 10^277 |
| 135 | ov_135 | 1.333688734570063 × 10^277 |
| 136 | ov_136 | 1.1288565266284477 × 10^277 |
| 137 | ov_137 | 9.48991470930532 × 10^276 |
| 138 | ov_138 | 7.918676117205753 × 10^276 |
| 139 | ov_139 | 6.553789176708398 × 10^276 |
| 140 | ov_140 | 5.375326095274005 × 10^276 |
| 141 | ov_141 | 4.3644352993968423 × 10^276 |
| 142 | ov_142 | 3.5032944759756435 × 10^276 |
| 143 | ov_143 | 2.775071869866986 × 10^276 |
| 144 | ov_144 | 2.1638948180491408 × 10^276 |
| 145 | ov_145 | 1.6548245673732834 × 10^276 |
| 146 | ov_146 | 1.2406224349291693 × 10^276 |
| 147 | ov_147 | 9.081627054742287 × 10^275 |
| 148 | ov_148 | 6.452071862221386 × 10^275 |
| 149 | ov_149 | 4.403969441178958 × 10^275 |
| 150 | ov_150 | 2.8827146969410425 × 10^275 |
| 151 | ov_151 | 1.7921501291617735 × 10^275 |
| 152 | ov_152 | 1.0447913712321844 × 10^275 |
| 153 | ov_153 | 5.618136669759814 × 10^274 |
| 154 | ov_154 | 2.7304486981663758 × 10^274 |
| 155 | ov_155 | 1.1696205993214983 × 10^274 |
| 156 | aaa_76_25 | 4.068996038109031 × 10^273 |
| 157 | aaa_76_26 | 2.506045415693182 × 10^273 |
| 158 | aaa_76_27 | 1.3754050021575444 × 10^273 |
| 159 | aaa_76_28 | 6.489350944842964 × 10^272 |
| 160 | aaa_76_29 | 2.4465089093203782 × 10^272 |

### Output Bits Sorted by Complexity

| Rank | Output Bit | Complexity |
|:----:|:----------:|:----------:|
| 160 | aaa_76_29 | 2.4465089093203782 × 10^272 |
| 159 | aaa_76_28 | 6.489350944842964 × 10^272 |
| 158 | aaa_76_27 | 1.3754050021575444 × 10^273 |
| 157 | aaa_76_26 | 2.506045415693182 × 10^273 |
| 156 | aaa_76_25 | 4.068996038109031 × 10^273 |
| 155 | ov_155 | 1.1696205993214983 × 10^274 |
| 154 | ov_154 | 2.7304486981663758 × 10^274 |
| 153 | ov_153 | 5.618136669759814 × 10^274 |
| 152 | ov_152 | 1.0447913712321844 × 10^275 |
| 151 | ov_151 | 1.7921501291617735 × 10^275 |
| 150 | ov_150 | 2.8827146969410425 × 10^275 |
| 149 | ov_149 | 4.403969441178958 × 10^275 |
| 148 | ov_148 | 6.452071862221386 × 10^275 |
| 147 | ov_147 | 9.081627054742287 × 10^275 |
| 146 | ov_146 | 1.2406224349291693 × 10^276 |
| 145 | ov_145 | 1.6548245673732834 × 10^276 |
| 144 | ov_144 | 2.1638948180491408 × 10^276 |
| 143 | ov_143 | 2.775071869866986 × 10^276 |
| 142 | ov_142 | 3.5032944759756435 × 10^276 |
| 141 | ov_141 | 4.3644352993968423 × 10^276 |
| 140 | ov_140 | 5.375326095274005 × 10^276 |
| 139 | ov_139 | 6.553789176708398 × 10^276 |
| 138 | ov_138 | 7.918676117205753 × 10^276 |
| 137 | ov_137 | 9.48991470930532 × 10^276 |
| 136 | ov_136 | 1.1288565266284477 × 10^277 |
| 135 | ov_135 | 1.333688734570063 × 10^277 |
| 134 | ov_134 | 1.565841780932218 × 10^277 |
| 133 | ov_133 | 1.826596271036534 × 10^277 |
| 132 | ov_132 | 2.1173090649715504 × 10^277 |
| 131 | ov_131 | 2.439419447000594 × 10^277 |
| 130 | ov_130 | 2.4394213648718877 × 10^277 |
| 129 | ov_129 | 2.439427324027559 × 10^277 |
| 128 | aaa_77_29 | 2.650512969871958 × 10^277 |
| 127 | aaa_77_28 | 7.0704613446622085 × 10^277 |
| 126 | ov_126 | 2.213641439380343 × 10^278 |
| 125 | ov_125 | 4.970833795862695 × 10^278 |
| 124 | ov_124 | 9.461883103817871 × 10^278 |
| 123 | ov_123 | 1.6170053095562888 × 10^279 |
| 122 | ov_122 | 2.5578619486414253 × 10^279 |
| 121 | ov_121 | 3.8170887179756845 × 10^279 |
| 120 | ov_120 | 5.443022015176856 × 10^279 |
| 119 | ov_119 | 7.484008696682754 × 10^279 |
| 118 | ov_118 | 9.988413893611185 × 10^279 |
| 117 | ov_117 | 1.3004637673609148 × 10^280 |
| 116 | ov_116 | 1.6581147831534116 × 10^280 |
| 115 | ov_115 | 2.0766533830703653 × 10^280 |
| 114 | ov_114 | 2.560958535386677 × 10^280 |
| 113 | ov_113 | 3.1159398923798154 × 10^280 |
| 112 | ov_112 | 3.746551605495491 × 10^280 |
| 111 | ov_111 | 4.457809640072531 × 10^280 |
| 110 | ov_110 | 5.254812434165033 × 10^280 |
| 109 | ov_109 | 6.142764746990749 × 10^280 |
| 108 | ov_108 | 7.127005549088151 × 10^280 |
| 107 | ov_107 | 8.213040808616494 × 10^280 |
| 106 | ov_106 | 9.406580850520756 × 10^280 |
| 105 | ov_105 | 1.0713581969916146 × 10^281 |
| 104 | ov_104 | 1.2140293344395994 × 10^281 |
| 103 | ov_103 | 1.3693310297963342 × 10^281 |
| 102 | ov_102 | 1.5379634300853667 × 10^281 |
| 101 | ov_101 | 1.7206740102197958 × 10^281 |
| 100 | ov_100 | 1.9182650408058427 × 10^281 |
| 96 | aaa_78_29 | 1.9576827570208565 × 10^281 |
| 99 | ov_099 | 2.131601853626156 × 10^281 |
| 98 | ov_098 | 2.1316223368469487 × 10^281 |
| 97 | ov_097 | 2.131686518593175 × 10^281 |
| 95 | aaa_78_28 | 5.166985502875835 × 10^281 |
| 94 | ov_094 | 1.6065359012525726 × 10^282 |
| 93 | ov_093 | 3.58414909896577 × 10^282 |
| 92 | ov_092 | 6.78551939611203 × 10^282 |
| 91 | ov_091 | 1.2770426552882423 × 10^283 |
| 90 | ov_090 | 2.499458291839772 × 10^283 |
| 89 | ov_089 | 4.758632514086604 × 10^283 |
| 88 | ov_088 | 8.534758067376615 × 10^283 |
| 87 | ov_087 | 1.4375566704356645 × 10^284 |
| 86 | ov_086 | 2.2896628830579922 × 10^284 |
| 85 | ov_085 | 3.478181121385404 × 10^284 |
| 84 | ov_084 | 5.042485565033238 × 10^284 |
| 83 | ov_083 | 7.06484203598129 × 10^284 |
| 82 | ov_082 | 9.63461681314002 × 10^284 |
| 81 | ov_081 | 1.2848424300322526 × 10^285 |
| 64 | lv_79_m31 | 1.6750115917864665 × 10^285 |
| 80 | ov_080 | 1.681030983969222 × 10^285 |
| 79 | ov_079 | 2.1631971542735595 × 10^285 |
| 78 | ov_078 | 2.743302501522464 × 10^285 |
| 77 | ov_077 | 3.4341314860739364 × 10^285 |
| 76 | ov_076 | 4.2493276860933245 × 10^285 |
| 75 | ov_075 | 5.2034354751746 × 10^285 |
| 74 | ov_074 | 6.311947554558538 × 10^285 |
| 63 | ov_063 | 6.917447703998785 × 10^285 |
| 73 | ov_073 | 7.591358739278954 × 10^285 |
| 72 | ov_072 | 9.05922640341345 × 10^285 |
| 71 | ov_071 | 1.073423799724802 × 10^286 |
| 70 | ov_070 | 1.2626650920015 × 10^286 |
| 69 | ov_069 | 1.4747388339121837 × 10^286 |
| 68 | ov_068 | 1.7108087001759535 × 10^286 |
| 67 | ov_067 | 1.9721149589082125 × 10^286 |
| 66 | ov_066 | 1.9721165119251642 × 10^286 |
| 65 | ov_065 | 1.972121304283076 × 10^286 |
| 62 | ov_062 | 2.855031933530893 × 10^286 |
| 61 | ov_061 | 8.62162124697685 × 10^286 |
| 60 | ov_060 | 2.090129107159113 × 10^287 |
| 59 | ov_059 | 4.336250377114922 × 10^287 |
| 58 | ov_058 | 7.993503598231868 × 10^287 |
| 57 | ov_057 | 1.3454869524080877 × 10^288 |
| 56 | ov_056 | 2.2917451201868902 × 10^288 |
| 55 | ov_055 | 4.116846829663158 × 10^288 |
| 54 | ov_054 | 7.378121440536792 × 10^288 |
| 53 | ov_053 | 1.2711518637762594 × 10^289 |
| 52 | ov_052 | 2.0831631058010697 × 10^289 |
| 51 | ov_051 | 3.253173606854823 × 10^289 |
| 50 | ov_050 | 4.868387620972361 × 10^289 |
| 49 | ov_049 | 7.023900741529531 × 10^289 |
| 48 | ov_048 | 9.773202062377082 × 10^289 |
| 47 | ov_047 | 1.3173770740859313 × 10^290 |
| 32 | lv_80_m31 | 1.570814363059814 × 10^290 |
| 46 | ov_046 | 1.7287110768154452 × 10^290 |
| 45 | ov_045 | 2.2178798906273727 × 10^290 |
| 44 | ov_044 | 2.7918548085747767 × 10^290 |
| 43 | ov_043 | 3.4580289196741862 × 10^290 |
| 42 | ov_042 | 4.2316205739913925 × 10^290 |
| 41 | ov_041 | 5.128725425327247 × 10^290 |
| 40 | ov_040 | 6.166345350562564 × 10^290 |
| 31 | ov_031 | 6.501666197489123 × 10^290 |
| 39 | ov_039 | 7.36242381607393 × 10^290 |
| 38 | ov_038 | 8.7358886170562 × 10^290 |
| 37 | ov_037 | 1.030670298027108 × 10^291 |
| 36 | ov_036 | 1.2095926088127482 × 10^291 |
| 35 | ov_035 | 1.412578415250921 × 10^291 |
| 34 | ov_034 | 1.6408338797562863 × 10^291 |
| 33 | ov_033 | 1.8956350181104915 × 10^291 |
| 30 | ov_030 | 2.69025259831146 × 10^291 |
| 29 | ov_029 | 8.144404372975053 × 10^291 |
| 28 | ov_028 | 1.9793984820651894 × 10^292 |
| 27 | ov_027 | 4.735364491227025 × 10^292 |
| 26 | ov_026 | 1.1402671862670712 × 10^293 |
| 25 | ov_025 | 2.5056463782400458 × 10^293 |
| 24 | ov_024 | 4.952670722539674 × 10^293 |
| 23 | ov_023 | 8.939822955720227 × 10^293 |
| 22 | ov_022 | 1.500107973120201 × 10^294 |
| 21 | ov_021 | 2.374592627796537 × 10^294 |
| 20 | ov_020 | 3.5859380803970354 × 10^294 |
| 19 | ov_019 | 5.210203356659208 × 10^294 |
| 18 | ov_018 | 7.331011356100438 × 10^294 |
| 17 | ov_017 | 1.0039560974622142 × 10^295 |
| 16 | ov_016 | 1.3434648644745966 × 10^295 |
| 15 | ov_015 | 1.7622704066698833 × 10^295 |
| 14 | ov_014 | 2.2717845532654955 × 10^295 |
| 13 | ov_013 | 2.8841960875817393 × 10^295 |
| 12 | ov_012 | 3.6124820705933734 × 10^295 |
| 11 | ov_011 | 4.4704230728502255 × 10^295 |
| 10 | ov_010 | 5.472622905214235 × 10^295 |
| 9 | ov_009 | 6.634533337927832 × 10^295 |
| 8 | ov_008 | 7.972484284040255 × 10^295 |
| 7 | ov_007 | 9.49533133358182 × 10^295 |
| 6 | ov_006 | 1.122127566802827 × 10^296 |
| 5 | ov_005 | 1.3160179679977119 × 10^296 |
| 4 | ov_004 | 1.5322453668471702 × 10^296 |
| 3 | ov_003 | 1.7719091893972073 × 10^296 |
| 2 | ov_002 | 2.0361714263436134 × 10^296 |
| 1 | ov_001 | 2.3262614363681747 × 10^296 |

