# Results for T007-T008-T009-T010-T011-T012-T013-T014-T015-T016-T017-T018-T019-T020-T021-T022-T023-T024-T025-T026-T027-T028-T029-T030-T031-T032-T033-T034-T035-T036-T037-T038-T039-T040-T041-T042-T043-T044-T045-T046-T047-T048-T049-T050-T051-T052-T053-T054-T055-T056-T057-T058-T059-T060-T061-T062-T063-T064-T065-T066-T067-T068-T069-T070-T071-T072-T073-T074-T075-T076-T077-T078-T079-T080-T081-T082-T083-T084-T085-T086-T087-T088-T089-T090-T091-T092-T093-T094-T095-T096-T097-T098-T099-T100-T101-T102-T103-T104-T105-T106-T107-T108-T109-T110-T111-T112-T113-T114-T115-T116-T117-T118-T119-T120-T121-T122-T123-T124-T125-T126-T127-T128-T129-T130-T131-T132-T133-T134-T135-T136-T137-T138-T139-T140-T141-T142-T143-T144-T145-T146-T147-T148-T149-T150-T151-T152-T153-T154-T155-T156-T157-T158-T159-T160-T161-T162-T163-T164-T165-T166-T167-T168-T169-T170-T171-T172-T173-T174-T175-T176-T177-T178-T179-T180-T181-T182-T183-T184-T185-T186-T187-T188-T189-T190-T191-T192-T193-T194-T195-T196-T197-T198-T199-T200-T201-T202-T203-T204-T205-T206-T207-T208-T209-T210-T211-T212-T213-T214-T215-T216-T217-T218-T219-T220-T221-T222-T223-T224-T225-T226-T227-T228-T229-T230-T231-T232-T233-T234-T235-T236-T237-T238-T239-T240-T241-T242-T243-T244-T245-T246-T247-T248-T249-T250-T251-T252-T253-T254-T255-T256-T257-T258-T259-T260-T261-T262-T263-T264-T265-T266-T267-T268-T269-T270-T271-T272-T273-T274-T275-T276-T277-T278-T279-T280-T281-T282-T283-T284-T285-T286-T287-T288-T289-T290-T291-T292-T293-T294-T295-T296-T297-T298-T299-T300-T301-T302-T303-T304-T305-T306-T307-T308-T309-T310-T311-T312-T313-T314-T315-T316-T317-T318-T319-T320-T321-T322-T323-T324-T325-T326-T327-T328-T329-T330-T331-T332-T333-T334-T335-T336-T337-T338-T339-T340-T341-T342-T343-T344-T345-T346-T347-T348-T349-T350-T351-T352-T353-T354-T355-T356-T357-T358-T359-T360-T361-T362-T363-T364-T365-T366-T367-T368-T369-T370-T371-T372-T373-T374-T375-T376-T377-T378-T379-T380-T381-T382-T383-T384-T385-T386-T387-T388-T389-T390-T391-T392-T393-T394-T395-T396-T397-T398-T399-T400-T401-T402-T403-T404-T405-T406-T407-T408-T409-T410-T411-T412-T413-T414-T415-T416-T417-T418-T419-T420-T421-T422-T423-T424-T425-T426-T427-T428-T429-T430-T431-T432-T433-T434-T435-T436-T437-T438-T439-T440-T441-T442-T443-T444-T445-T446-T447-T448-T449-T450-T451-T452-T453-T454-T455-T456-T457-T458-T459-T460-T461-T462-T463-T464-T465-T466-T467-T468-T469-T470-T471-T472-T473-T474-T475-T476-T477-T478-T479-T480-T481-T482-T483-T484-T485-T486-T487-T488-T489-T490-T491-T492-T493-T494-T495-T496-T497-T498-T499-T500-T501-T502-T503-T504-T505-T506-T507-T508-T509-T510-T511-T512

## Summary

Number of input bits: 512  
Number of free input bits: 6  
Number of output bits: 160

Number of direct occurrences: 29071  
Number of assignments: 38362  
Number of operations: 21153849
(xor: 21103534,
and: 21933,
or: 28382)

Total complexity: 3.8574375980232674 × 10^369

Least occurring input variable: iv_005 (4614)  
Most occurring input variable: iv_003 (4993)

Most co-occurring input variables: iv_003-iv_004 (2406)  
Least co-occurring input variables: iv_001-iv_005 (2112)

Potentially most occurring input variable: iv_002/iv_004 (5522)  
Potentially least occurring input variable: iv_001/iv_002 (4945)

Least output occurring input variable: iv_005 (67)  
Most output occurring input variable: iv_002 (88)

Most output co-occurring input variables: iv_002-iv_003 (47)  
Least output co-occurring input variables: iv_003-iv_005 (32)

Potentially most output occurring input variable: iv_002/iv_006 (87)  
Potentially least output occurring input variable: iv_001/iv_005 (69)

Least complex input bit: iv_006 (2.9930289915119307 × 10^365)  
Most complex input bit: iv_005 (1.5675064260611106 × 10^369)

Least complex output bit: aaa_76_29 (1.6495092560256644 × 10^344)  
Most complex output bit: ov_001 (5.908168407999776 × 10^368)

Least complex input/output complexity: iv_006/aaa_76_29 (1.279872687397989 × 10^340)  
Most complex input/output complexity: iv_005/ov_001 (2.4008403792550573 × 10^368)

Input variable with highest collision probability: iv_006 (½^160.0000000000005)

## Input Bits

### Input Bits in Regular Order

| Input Bit | Complexity | Occurrences | Output Occurrences | Collision Probability |
|:---------:|:----------:|:-----------:|:------------------:|:---------------------:|
| iv_001 | 4.998728912339519 × 10^367 | 4629 | 78 | ½^160.00000000000082 |
| iv_002 | 2.178150820128033 × 10^368 | 4976 | 88 | ½^160.0000000000006 |
| iv_003 | 6.316910133147365 × 10^368 | 4993 | 82 | ½^160.00000000000077 |
| iv_004 | 1.3901384846120692 × 10^369 | 4950 | 83 | ½^160.0000000000011 |
| iv_005 | 1.5675064260611106 × 10^369 | 4614 | 67 | ½^160.00000000000088 |
| iv_006 | 2.9930289915119307 × 10^365 | 4909 | 85 | ½^160.0000000000005 |

### Input Bits Sorted by Complexity

| Input Bit | Complexity | Occurrences | Output Occurrences | Collision Probability |
|:---------:|:----------:|:-----------:|:------------------:|:---------------------:|
| iv_006 | 2.9930289915119307 × 10^365 | 4909 | 85 | ½^160.0000000000005 |
| iv_001 | 4.998728912339519 × 10^367 | 4629 | 78 | ½^160.00000000000082 |
| iv_002 | 2.178150820128033 × 10^368 | 4976 | 88 | ½^160.0000000000006 |
| iv_003 | 6.316910133147365 × 10^368 | 4993 | 82 | ½^160.00000000000077 |
| iv_004 | 1.3901384846120692 × 10^369 | 4950 | 83 | ½^160.0000000000011 |
| iv_005 | 1.5675064260611106 × 10^369 | 4614 | 67 | ½^160.00000000000088 |

### Input Bits Sorted by Occurrences

| Input Bit | Complexity | Occurrences | Output Occurrences | Collision Probability |
|:---------:|:----------:|:-----------:|:------------------:|:---------------------:|
| iv_005 | 1.5675064260611106 × 10^369 | 4614 | 67 | ½^160.00000000000088 |
| iv_001 | 4.998728912339519 × 10^367 | 4629 | 78 | ½^160.00000000000082 |
| iv_006 | 2.9930289915119307 × 10^365 | 4909 | 85 | ½^160.0000000000005 |
| iv_004 | 1.3901384846120692 × 10^369 | 4950 | 83 | ½^160.0000000000011 |
| iv_002 | 2.178150820128033 × 10^368 | 4976 | 88 | ½^160.0000000000006 |
| iv_003 | 6.316910133147365 × 10^368 | 4993 | 82 | ½^160.00000000000077 |

### Input Bits Sorted by Output Occurrences

| Input Bit | Complexity | Occurrences | Output Occurrences | Collision Probability |
|:---------:|:----------:|:-----------:|:------------------:|:---------------------:|
| iv_005 | 1.5675064260611106 × 10^369 | 4614 | 67 | ½^160.00000000000088 |
| iv_001 | 4.998728912339519 × 10^367 | 4629 | 78 | ½^160.00000000000082 |
| iv_003 | 6.316910133147365 × 10^368 | 4993 | 82 | ½^160.00000000000077 |
| iv_004 | 1.3901384846120692 × 10^369 | 4950 | 83 | ½^160.0000000000011 |
| iv_006 | 2.9930289915119307 × 10^365 | 4909 | 85 | ½^160.0000000000005 |
| iv_002 | 2.178150820128033 × 10^368 | 4976 | 88 | ½^160.0000000000006 |

### Input Bits Sorted by Collision Probability

| Input Bit | Complexity | Occurrences | Output Occurrences | Collision Probability |
|:---------:|:----------:|:-----------:|:------------------:|:---------------------:|
| iv_006 | 2.9930289915119307 × 10^365 | 4909 | 85 | ½^160.0000000000005 |
| iv_002 | 2.178150820128033 × 10^368 | 4976 | 88 | ½^160.0000000000006 |
| iv_003 | 6.316910133147365 × 10^368 | 4993 | 82 | ½^160.00000000000077 |
| iv_001 | 4.998728912339519 × 10^367 | 4629 | 78 | ½^160.00000000000082 |
| iv_005 | 1.5675064260611106 × 10^369 | 4614 | 67 | ½^160.00000000000088 |
| iv_004 | 1.3901384846120692 × 10^369 | 4950 | 83 | ½^160.0000000000011 |

## Input Bit/Output Bit Collision Probabilities

| Input Bit | Output Bit | Collision Probability |
|:---------:|:----------:|:---------------------:|
| iv_006 | ov_007 | 0.5000000000000042 |
| iv_006 | ov_106 | 0.500000000000004 |
| iv_006 | ov_059 | 0.5000000000000022 |
| iv_006 | ov_085 | 0.5000000000000022 |
| iv_006 | ov_103 | 0.5000000000000022 |
| iv_006 | ov_012 | 0.5000000000000021 |

## Input Bit Co-occurrences

### Input Bit Co-occurrences Sorted by Co-occurrences

| Input Bits | Co-occurrences | Potential Occurrences | Output Co-occurrences | Potential Output Occurrences |
|:----------:|:--------------:|:---------------------:|:---------------------:|:----------------------------:|
| iv_003-iv_004 | 2406 | 5131 | 39 | 87 |
| iv_002-iv_003 | 2388 | 5193 | 47 | 76 |
| iv_001-iv_002 | 2330 | 4945 | 46 | 74 |
| iv_003-iv_006 | 2301 | 5300 | 41 | 85 |
| iv_001-iv_003 | 2264 | 5094 | 39 | 82 |
| iv_004-iv_005 | 2250 | 5064 | 35 | 80 |

### Input Bit Co-occurrences Sorted by Potential Occurrences

| Input Bits | Co-occurrences | Potential Occurrences | Output Co-occurrences | Potential Output Occurrences |
|:----------:|:--------------:|:---------------------:|:---------------------:|:----------------------------:|
| iv_001-iv_002 | 2330 | 4945 | 46 | 74 |
| iv_001-iv_005 | 2112 | 5019 | 38 | 69 |
| iv_001-iv_006 | 2241 | 5056 | 40 | 83 |
| iv_004-iv_005 | 2250 | 5064 | 35 | 80 |
| iv_001-iv_003 | 2264 | 5094 | 39 | 82 |
| iv_005-iv_006 | 2204 | 5115 | 38 | 76 |

### Input Bit Output Co-occurrences Sorted by Output Co-occurrences

| Input Bits | Co-occurrences | Potential Occurrences | Output Co-occurrences | Potential Output Occurrences |
|:----------:|:--------------:|:---------------------:|:---------------------:|:----------------------------:|
| iv_002-iv_003 | 2388 | 5193 | 47 | 76 |
| iv_002-iv_004 | 2202 | 5522 | 46 | 79 |
| iv_001-iv_002 | 2330 | 4945 | 46 | 74 |
| iv_002-iv_006 | 2246 | 5393 | 43 | 87 |
| iv_004-iv_006 | 2218 | 5423 | 42 | 84 |
| iv_003-iv_006 | 2301 | 5300 | 41 | 85 |

### Input Bit Output Co-occurrences Sorted by Potential Output Occurrences

| Input Bits | Co-occurrences | Potential Occurrences | Output Co-occurrences | Potential Output Occurrences |
|:----------:|:--------------:|:---------------------:|:---------------------:|:----------------------------:|
| iv_001-iv_005 | 2112 | 5019 | 38 | 69 |
| iv_001-iv_002 | 2330 | 4945 | 46 | 74 |
| iv_002-iv_003 | 2388 | 5193 | 47 | 76 |
| iv_005-iv_006 | 2204 | 5115 | 38 | 76 |
| iv_002-iv_005 | 2181 | 5228 | 39 | 77 |
| iv_002-iv_004 | 2202 | 5522 | 46 | 79 |

## Output Bits

### Output Bits in Regular Order

| Rank | Output Bit | Complexity |
|:----:|:----------:|:----------:|
| 1 | ov_001 | 5.908168407999776 × 10^368 |
| 2 | ov_002 | 5.166296906350183 × 10^368 |
| 3 | ov_003 | 4.493553393609357 × 10^368 |
| 4 | ov_004 | 3.88577729478211 × 10^368 |
| 5 | ov_005 | 3.3390486245177106 × 10^368 |
| 6 | ov_006 | 2.849670213444041 × 10^368 |
| 7 | ov_007 | 2.4141518728323473 × 10^368 |
| 8 | ov_008 | 2.0291963862620458 × 10^368 |
| 9 | ov_009 | 1.691687222953898 × 10^368 |
| 10 | ov_010 | 1.3986778731762943 × 10^368 |
| 11 | ov_011 | 1.1473827116448086 × 10^368 |
| 12 | ov_012 | 9.351692805452786 × 10^367 |
| 13 | ov_013 | 7.572075388361926 × 10^367 |
| 14 | ov_014 | 6.089459509202056 × 10^367 |
| 15 | ov_015 | 4.861036821872787 × 10^367 |
| 16 | ov_016 | 3.8466437487402903 × 10^367 |
| 17 | ov_017 | 3.0087126790834453 × 10^367 |
| 18 | ov_018 | 2.312234433897962 × 10^367 |
| 19 | ov_019 | 1.7403399788941228 × 10^367 |
| 20 | ov_020 | 1.2774193475991387 × 10^367 |
| 21 | ov_021 | 9.091129157762228 × 10^366 |
| 22 | ov_022 | 6.223052354432883 × 10^366 |
| 23 | ov_023 | 4.05120830175763 × 10^366 |
| 24 | ov_024 | 2.4692151243718285 × 10^366 |
| 25 | ov_025 | 1.3830481190600086 × 10^366 |
| 26 | ov_026 | 7.110313198105879 × 10^365 |
| 27 | ov_027 | 3.268451585818021 × 10^365 |
| 28 | ov_028 | 1.288554793513544 × 10^365 |
| 29 | ov_029 | 4.011280686051923 × 10^364 |
| 30 | ov_030 | 7.550119834725139 × 10^363 |
| 31 | ov_031 | 2.255418499258087 × 10^363 |
| 32 | lv_80_k31 | 5.4941868980743645 × 10^362 |
| 33 | ov_033 | 6.771514271539802 × 10^363 |
| 34 | ov_034 | 5.969470354957853 × 10^363 |
| 35 | ov_035 | 5.23620577208757 × 10^363 |
| 36 | ov_036 | 4.567828916188169 × 10^363 |
| 37 | ov_037 | 3.9606664865786133 × 10^363 |
| 38 | ov_038 | 3.411247796693058 × 10^363 |
| 39 | ov_039 | 2.9162909984671806 × 10^363 |
| 40 | ov_040 | 2.4726910553053034 × 10^363 |
| 41 | ov_041 | 2.077509305045202 × 10^363 |
| 42 | ov_042 | 1.7279644630684972 × 10^363 |
| 43 | ov_043 | 1.4214249240702877 × 10^363 |
| 44 | ov_044 | 1.1554022290648151 × 10^363 |
| 45 | ov_045 | 9.275455720192152 × 10^362 |
| 46 | ov_046 | 7.356372281225028 × 10^362 |
| 47 | ov_047 | 5.756266567801355 × 10^362 |
| 48 | ov_048 | 4.437134122788948 × 10^362 |
| 49 | ov_049 | 3.363427852720618 × 10^362 |
| 50 | ov_050 | 2.5020240881288693 × 10^362 |
| 51 | ov_051 | 1.8221967263540642 × 10^362 |
| 52 | ov_052 | 1.2955980351455618 × 10^362 |
| 53 | ov_053 | 8.962448363106315 × 10^361 |
| 54 | ov_054 | 6.005089293569311 × 10^361 |
| 55 | ov_055 | 3.871107556237973 × 10^361 |
| 56 | ov_056 | 2.3711544387175655 × 10^361 |
| 57 | ov_057 | 1.33930518737704 × 10^361 |
| 58 | ov_058 | 6.984513873333531 × 10^360 |
| 59 | ov_059 | 3.2948645505003165 × 10^360 |
| 60 | ov_060 | 1.36707870773367 × 10^360 |
| 61 | ov_061 | 4.781645937999882 × 10^359 |
| 62 | ov_062 | 1.3135221086009496 × 10^359 |
| 63 | ov_063 | 1.5632098126642027 × 10^358 |
| 64 | lv_79_m31 | 5.004266368174734 × 10^357 |
| 65 | ov_065 | 6.1380696866047746 × 10^358 |
| 66 | ov_066 | 6.138045424512999 × 10^358 |
| 67 | ov_067 | 6.138037611265062 × 10^358 |
| 68 | ov_068 | 5.357064440937862 × 10^358 |
| 69 | ov_069 | 4.654763464613471 × 10^358 |
| 70 | ov_070 | 4.025220880963797 × 10^358 |
| 71 | ov_071 | 3.4628643422072177 × 10^358 |
| 72 | ov_072 | 2.962437705319756 × 10^358 |
| 73 | ov_073 | 2.5189785610102405 × 10^358 |
| 74 | ov_074 | 2.1277983879392613 × 10^358 |
| 75 | ov_075 | 1.7844651882491868 × 10^358 |
| 76 | ov_076 | 1.484788468627551 × 10^358 |
| 77 | ov_077 | 1.2248064105897308 × 10^358 |
| 78 | ov_078 | 1.0007750262363171 × 10^358 |
| 79 | ov_079 | 8.091590798019636 × 10^357 |
| 80 | ov_080 | 6.466245690917755 × 10^357 |
| 81 | ov_081 | 5.100325743634577 × 10^357 |
| 82 | ov_082 | 3.9643429542909925 × 10^357 |
| 83 | ov_083 | 3.030671107795081 × 10^357 |
| 84 | ov_084 | 2.2735150542556886 × 10^357 |
| 85 | ov_085 | 1.6688872694447995 × 10^357 |
| 86 | ov_086 | 1.1945904194467792 × 10^357 |
| 87 | ov_087 | 8.30204778449143 × 10^356 |
| 88 | ov_088 | 5.5707947517145126 × 10^356 |
| 89 | ov_089 | 3.583266698098182 × 10^356 |
| 90 | ov_090 | 2.1881788966904528 × 10^356 |
| 91 | ov_091 | 1.2518187791052656 × 10^356 |
| 92 | ov_092 | 6.580343608520576 × 10^355 |
| 93 | ov_093 | 3.082286632665912 × 10^355 |
| 94 | ov_094 | 1.2135738198982826 × 10^355 |
| 95 | aaa_78_28 | 3.39280847655358 × 10^354 |
| 96 | aaa_78_29 | 9.956350448708565 × 10^353 |
| 97 | ov_097 | 9.612043750824778 × 10^353 |
| 98 | ov_098 | 9.612015009811541 × 10^353 |
| 99 | ov_099 | 9.612008009388468 × 10^353 |
| 100 | ov_100 | 8.471683670428013 × 10^353 |
| 101 | ov_101 | 7.428931057936801 × 10^353 |
| 102 | ov_102 | 6.478327323856167 × 10^353 |
| 103 | ov_103 | 5.61476773395601 × 10^353 |
| 104 | ov_104 | 4.833442940140871 × 10^353 |
| 105 | ov_105 | 4.129818639394816 × 10^353 |
| 106 | ov_106 | 3.499617448980708 × 10^353 |
| 107 | ov_107 | 2.938802836959458 × 10^353 |
| 108 | ov_108 | 2.4435649560752044 × 10^353 |
| 109 | ov_109 | 2.0103082376331543 × 10^353 |
| 110 | ov_110 | 1.635640610242947 × 10^353 |
| 111 | ov_111 | 1.3163642162713788 × 10^353 |
| 112 | ov_112 | 1.0466356272174674 × 10^353 |
| 113 | ov_113 | 8.20965277367464 × 10^352 |
| 114 | ov_114 | 6.3420757543613606 × 10^352 |
| 115 | ov_115 | 4.81553037613828 × 10^352 |
| 116 | ov_116 | 3.5852219600513036 × 10^352 |
| 117 | ov_117 | 2.6096100138158142 × 10^352 |
| 118 | ov_118 | 1.850374470828064 × 10^352 |
| 119 | ov_119 | 1.2723916938315958 × 10^352 |
| 120 | ov_120 | 8.43718080800583 × 10^351 |
| 121 | ov_121 | 5.355793947623598 × 10^351 |
| 122 | ov_122 | 3.223642233297892 × 10^351 |
| 123 | ov_123 | 1.8162025771358004 × 10^351 |
| 124 | ov_124 | 9.405236380984161 × 10^350 |
| 125 | ov_125 | 4.352169277875146 × 10^350 |
| 126 | ov_126 | 1.7045328690118924 × 10^350 |
| 127 | aaa_77_28 | 4.796174563505944 × 10^349 |
| 128 | aaa_77_29 | 1.4671591416640064 × 10^349 |
| 129 | ov_129 | 8.912856947384646 × 10^348 |
| 130 | ov_130 | 8.912824638290378 × 10^348 |
| 131 | ov_131 | 8.91281677024471 × 10^348 |
| 132 | ov_132 | 7.883578934506827 × 10^348 |
| 133 | ov_133 | 6.94534529397699 × 10^348 |
| 134 | ov_134 | 6.09208237787498 × 10^348 |
| 135 | ov_135 | 5.318107976297097 × 10^348 |
| 136 | ov_136 | 4.618065668960722 × 10^348 |
| 137 | ov_137 | 3.986902081887237 × 10^348 |
| 138 | ov_138 | 3.4198466858608483 × 10^348 |
| 139 | ov_139 | 2.912393960300841 × 10^348 |
| 140 | ov_140 | 2.460287755566651 × 10^348 |
| 141 | ov_141 | 2.0595076957585986 × 10^348 |
| 142 | ov_142 | 1.7062574728499212 × 10^348 |
| 143 | ov_143 | 1.396954891544591 × 10^348 |
| 144 | ov_144 | 1.1282235326466098 × 10^348 |
| 145 | ov_145 | 8.968859109868412 × 10^347 |
| 146 | ov_146 | 6.999579871917296 × 10^347 |
| 147 | ov_147 | 5.346448528113428 × 10^347 |
| 148 | ov_148 | 3.983373973982232 × 10^347 |
| 149 | ov_149 | 2.886097820538744 × 10^347 |
| 150 | ov_150 | 2.0321755983400728 × 10^347 |
| 151 | ov_151 | 1.3821089486262553 × 10^347 |
| 152 | ov_152 | 8.999733029700836 × 10^346 |
| 153 | ov_153 | 5.5340689875357175 × 10^346 |
| 154 | ov_154 | 3.13604138437508 × 10^346 |
| 155 | ov_155 | 1.5531194477623205 × 10^346 |
| 156 | aaa_76_25 | 5.682801087972425 × 10^345 |
| 157 | aaa_76_26 | 2.9774664728446574 × 10^345 |
| 158 | aaa_76_27 | 1.377424173692884 × 10^345 |
| 159 | aaa_76_28 | 5.3928663283962556 × 10^344 |
| 160 | aaa_76_29 | 1.6495092560256644 × 10^344 |

### Output Bits Sorted by Complexity

| Rank | Output Bit | Complexity |
|:----:|:----------:|:----------:|
| 160 | aaa_76_29 | 1.6495092560256644 × 10^344 |
| 159 | aaa_76_28 | 5.3928663283962556 × 10^344 |
| 158 | aaa_76_27 | 1.377424173692884 × 10^345 |
| 157 | aaa_76_26 | 2.9774664728446574 × 10^345 |
| 156 | aaa_76_25 | 5.682801087972425 × 10^345 |
| 155 | ov_155 | 1.5531194477623205 × 10^346 |
| 154 | ov_154 | 3.13604138437508 × 10^346 |
| 153 | ov_153 | 5.5340689875357175 × 10^346 |
| 152 | ov_152 | 8.999733029700836 × 10^346 |
| 151 | ov_151 | 1.3821089486262553 × 10^347 |
| 150 | ov_150 | 2.0321755983400728 × 10^347 |
| 149 | ov_149 | 2.886097820538744 × 10^347 |
| 148 | ov_148 | 3.983373973982232 × 10^347 |
| 147 | ov_147 | 5.346448528113428 × 10^347 |
| 146 | ov_146 | 6.999579871917296 × 10^347 |
| 145 | ov_145 | 8.968859109868412 × 10^347 |
| 144 | ov_144 | 1.1282235326466098 × 10^348 |
| 143 | ov_143 | 1.396954891544591 × 10^348 |
| 142 | ov_142 | 1.7062574728499212 × 10^348 |
| 141 | ov_141 | 2.0595076957585986 × 10^348 |
| 140 | ov_140 | 2.460287755566651 × 10^348 |
| 139 | ov_139 | 2.912393960300841 × 10^348 |
| 138 | ov_138 | 3.4198466858608483 × 10^348 |
| 137 | ov_137 | 3.986902081887237 × 10^348 |
| 136 | ov_136 | 4.618065668960722 × 10^348 |
| 135 | ov_135 | 5.318107976297097 × 10^348 |
| 134 | ov_134 | 6.09208237787498 × 10^348 |
| 133 | ov_133 | 6.94534529397699 × 10^348 |
| 132 | ov_132 | 7.883578934506827 × 10^348 |
| 131 | ov_131 | 8.91281677024471 × 10^348 |
| 130 | ov_130 | 8.912824638290378 × 10^348 |
| 129 | ov_129 | 8.912856947384646 × 10^348 |
| 128 | aaa_77_29 | 1.4671591416640064 × 10^349 |
| 127 | aaa_77_28 | 4.796174563505944 × 10^349 |
| 126 | ov_126 | 1.7045328690118924 × 10^350 |
| 125 | ov_125 | 4.352169277875146 × 10^350 |
| 124 | ov_124 | 9.405236380984161 × 10^350 |
| 123 | ov_123 | 1.8162025771358004 × 10^351 |
| 122 | ov_122 | 3.223642233297892 × 10^351 |
| 121 | ov_121 | 5.355793947623598 × 10^351 |
| 120 | ov_120 | 8.43718080800583 × 10^351 |
| 119 | ov_119 | 1.2723916938315958 × 10^352 |
| 118 | ov_118 | 1.850374470828064 × 10^352 |
| 117 | ov_117 | 2.6096100138158142 × 10^352 |
| 116 | ov_116 | 3.5852219600513036 × 10^352 |
| 115 | ov_115 | 4.81553037613828 × 10^352 |
| 114 | ov_114 | 6.3420757543613606 × 10^352 |
| 113 | ov_113 | 8.20965277367464 × 10^352 |
| 112 | ov_112 | 1.0466356272174674 × 10^353 |
| 111 | ov_111 | 1.3163642162713788 × 10^353 |
| 110 | ov_110 | 1.635640610242947 × 10^353 |
| 109 | ov_109 | 2.0103082376331543 × 10^353 |
| 108 | ov_108 | 2.4435649560752044 × 10^353 |
| 107 | ov_107 | 2.938802836959458 × 10^353 |
| 106 | ov_106 | 3.499617448980708 × 10^353 |
| 105 | ov_105 | 4.129818639394816 × 10^353 |
| 104 | ov_104 | 4.833442940140871 × 10^353 |
| 103 | ov_103 | 5.61476773395601 × 10^353 |
| 102 | ov_102 | 6.478327323856167 × 10^353 |
| 101 | ov_101 | 7.428931057936801 × 10^353 |
| 100 | ov_100 | 8.471683670428013 × 10^353 |
| 99 | ov_099 | 9.612008009388468 × 10^353 |
| 98 | ov_098 | 9.612015009811541 × 10^353 |
| 97 | ov_097 | 9.612043750824778 × 10^353 |
| 96 | aaa_78_29 | 9.956350448708565 × 10^353 |
| 95 | aaa_78_28 | 3.39280847655358 × 10^354 |
| 94 | ov_094 | 1.2135738198982826 × 10^355 |
| 93 | ov_093 | 3.082286632665912 × 10^355 |
| 92 | ov_092 | 6.580343608520576 × 10^355 |
| 91 | ov_091 | 1.2518187791052656 × 10^356 |
| 90 | ov_090 | 2.1881788966904528 × 10^356 |
| 89 | ov_089 | 3.583266698098182 × 10^356 |
| 88 | ov_088 | 5.5707947517145126 × 10^356 |
| 87 | ov_087 | 8.30204778449143 × 10^356 |
| 86 | ov_086 | 1.1945904194467792 × 10^357 |
| 85 | ov_085 | 1.6688872694447995 × 10^357 |
| 84 | ov_084 | 2.2735150542556886 × 10^357 |
| 83 | ov_083 | 3.030671107795081 × 10^357 |
| 82 | ov_082 | 3.9643429542909925 × 10^357 |
| 64 | lv_79_m31 | 5.004266368174734 × 10^357 |
| 81 | ov_081 | 5.100325743634577 × 10^357 |
| 80 | ov_080 | 6.466245690917755 × 10^357 |
| 79 | ov_079 | 8.091590798019636 × 10^357 |
| 78 | ov_078 | 1.0007750262363171 × 10^358 |
| 77 | ov_077 | 1.2248064105897308 × 10^358 |
| 76 | ov_076 | 1.484788468627551 × 10^358 |
| 63 | ov_063 | 1.5632098126642027 × 10^358 |
| 75 | ov_075 | 1.7844651882491868 × 10^358 |
| 74 | ov_074 | 2.1277983879392613 × 10^358 |
| 73 | ov_073 | 2.5189785610102405 × 10^358 |
| 72 | ov_072 | 2.962437705319756 × 10^358 |
| 71 | ov_071 | 3.4628643422072177 × 10^358 |
| 70 | ov_070 | 4.025220880963797 × 10^358 |
| 69 | ov_069 | 4.654763464613471 × 10^358 |
| 68 | ov_068 | 5.357064440937862 × 10^358 |
| 67 | ov_067 | 6.138037611265062 × 10^358 |
| 66 | ov_066 | 6.138045424512999 × 10^358 |
| 65 | ov_065 | 6.1380696866047746 × 10^358 |
| 62 | ov_062 | 1.3135221086009496 × 10^359 |
| 61 | ov_061 | 4.781645937999882 × 10^359 |
| 60 | ov_060 | 1.36707870773367 × 10^360 |
| 59 | ov_059 | 3.2948645505003165 × 10^360 |
| 58 | ov_058 | 6.984513873333531 × 10^360 |
| 57 | ov_057 | 1.33930518737704 × 10^361 |
| 56 | ov_056 | 2.3711544387175655 × 10^361 |
| 55 | ov_055 | 3.871107556237973 × 10^361 |
| 54 | ov_054 | 6.005089293569311 × 10^361 |
| 53 | ov_053 | 8.962448363106315 × 10^361 |
| 52 | ov_052 | 1.2955980351455618 × 10^362 |
| 51 | ov_051 | 1.8221967263540642 × 10^362 |
| 50 | ov_050 | 2.5020240881288693 × 10^362 |
| 49 | ov_049 | 3.363427852720618 × 10^362 |
| 48 | ov_048 | 4.437134122788948 × 10^362 |
| 32 | lv_80_k31 | 5.4941868980743645 × 10^362 |
| 47 | ov_047 | 5.756266567801355 × 10^362 |
| 46 | ov_046 | 7.356372281225028 × 10^362 |
| 45 | ov_045 | 9.275455720192152 × 10^362 |
| 44 | ov_044 | 1.1554022290648151 × 10^363 |
| 43 | ov_043 | 1.4214249240702877 × 10^363 |
| 42 | ov_042 | 1.7279644630684972 × 10^363 |
| 41 | ov_041 | 2.077509305045202 × 10^363 |
| 31 | ov_031 | 2.255418499258087 × 10^363 |
| 40 | ov_040 | 2.4726910553053034 × 10^363 |
| 39 | ov_039 | 2.9162909984671806 × 10^363 |
| 38 | ov_038 | 3.411247796693058 × 10^363 |
| 37 | ov_037 | 3.9606664865786133 × 10^363 |
| 36 | ov_036 | 4.567828916188169 × 10^363 |
| 35 | ov_035 | 5.23620577208757 × 10^363 |
| 34 | ov_034 | 5.969470354957853 × 10^363 |
| 33 | ov_033 | 6.771514271539802 × 10^363 |
| 30 | ov_030 | 7.550119834725139 × 10^363 |
| 29 | ov_029 | 4.011280686051923 × 10^364 |
| 28 | ov_028 | 1.288554793513544 × 10^365 |
| 27 | ov_027 | 3.268451585818021 × 10^365 |
| 26 | ov_026 | 7.110313198105879 × 10^365 |
| 25 | ov_025 | 1.3830481190600086 × 10^366 |
| 24 | ov_024 | 2.4692151243718285 × 10^366 |
| 23 | ov_023 | 4.05120830175763 × 10^366 |
| 22 | ov_022 | 6.223052354432883 × 10^366 |
| 21 | ov_021 | 9.091129157762228 × 10^366 |
| 20 | ov_020 | 1.2774193475991387 × 10^367 |
| 19 | ov_019 | 1.7403399788941228 × 10^367 |
| 18 | ov_018 | 2.312234433897962 × 10^367 |
| 17 | ov_017 | 3.0087126790834453 × 10^367 |
| 16 | ov_016 | 3.8466437487402903 × 10^367 |
| 15 | ov_015 | 4.861036821872787 × 10^367 |
| 14 | ov_014 | 6.089459509202056 × 10^367 |
| 13 | ov_013 | 7.572075388361926 × 10^367 |
| 12 | ov_012 | 9.351692805452786 × 10^367 |
| 11 | ov_011 | 1.1473827116448086 × 10^368 |
| 10 | ov_010 | 1.3986778731762943 × 10^368 |
| 9 | ov_009 | 1.691687222953898 × 10^368 |
| 8 | ov_008 | 2.0291963862620458 × 10^368 |
| 7 | ov_007 | 2.4141518728323473 × 10^368 |
| 6 | ov_006 | 2.849670213444041 × 10^368 |
| 5 | ov_005 | 3.3390486245177106 × 10^368 |
| 4 | ov_004 | 3.88577729478211 × 10^368 |
| 3 | ov_003 | 4.493553393609357 × 10^368 |
| 2 | ov_002 | 5.166296906350183 × 10^368 |
| 1 | ov_001 | 5.908168407999776 × 10^368 |

