# Results for F001-F002-F003-F004-F005-F006-F007-F008-F009-F010-F011-F012-F013-F014-F015-F016-F017-F018-F019-F020-F021-F022-F023-F024-F025-F026-F027-F028-F029-F030-F031-F032-F033-F034-F035-F036-F037-F038-F039-F040-F041-F042-F043-F044-F045-F046-F047-F048-F049-F050-F051-F052-F053-F054-F055-F056-F057-F058-F059-F060-F061-F062-F063-F064-F065-F066-F067-F068-F069-F070-F071-F072-F073-F074-F075-F076-F077-F078-F079-F080-F081-F082-F083-F084-F085-F086-F087-F088-F089-F090-F091-F092-F093-F094-F095-F096-F097-F098-F099-F100-F101-F102-F103-F104-F105-F106-F107-F108-F109-F110-F111-F112-F113-F114-F115-F116-F117-F118-F119-F120-F121-F122-F123-F124-F125-F126-F127-F128-F129-F130-F131-F132-F133-F134-F135-F136-F137-F138-F139-F140-F141-F142-F143-F144-F145-F146-F147-F148-F149-F150-F151-F152-F153-F154-F155-F156-F157-F158-F159-F160-F161-F162-F163-F164-F165-F166-F167-F168-F169-F170-F171-F172-F173-F174-F175-F176-F177-F178-F179-F180-F181-F182-F183-F184-F185-F186-F187-F188-F189-F190-F191-F192-F193-F194-F195-F196-F197-F198-F199-F200-F201-F202-F203-F204-F205-F206-F207-F208-F209-F210-F211-F212-F213-F214-F215-F216-F217-F218-F219-F220-F221-F222-F223-F224-F225-F226-F227-F228-F229-F230-F231-F232-F233-F234-F235-F236-F237-F238-F239-F240-F241-F242-F243-F244-F245-F246-F247-F248-F249-F250-F251-F252-F253-F254-F255-F256-F257-F258-F259-F260-F261-F262-F263-F264-F265-F266-F267-F268-F269-F270-F271-F272-F273-F274-F275-F276-F277-F278-F279-F280-F281-F282-F283-F284-F285-F286-F287-F288-F289-F290-F291-F292-F293-F294-F295-F296-F297-F298-F299-F300-F301-F302-F303-F304-F305-F306-F307-F308-F309-F310-F311-F312-F313-F314-F315-F316-F317-F318-F319-F320-F321-F322-F323-F324-F325-F326-F327-F328-F329-F330-F331-F332-F333-F334-F335-F336-F337-F338-F339-F340-F341-F342-F343-F344-F345-F346-F347-F348-F349-F350-F351-F352-F353-F354-F355-F356-F357-F358-F359-F360-F361-F362-F363-F364-F365-F366-F367-F368-F369-F370-F371-F372-F373-F374-F375-F376-F377-F378-F379-F380-F381-F382-F383-F384-F385-F386-F387-F388-F389-F390-F391-F392-F393-F394-F395-F396-F397-F398-F399-F400-F401-F402-F403-F404-F405-F406-F407-F408-F409-F410-F411-F412-F413-F414-F415-F416-F417-F418-F419-F420-F421-F422-F423-F424-F425-F426-F427-F428-F429-F430-F431-F432-F433-F434-F435-F436-F437-F438-F439-F440-F441-F442-F443-F444-F445-F446-F447-F448-F449-F450-F451-F452-F453-F454-F455-F456-F457-F458-F459-F460-F461-F462-F463-F464-F465-F466-F467-F468-F469-F470-F471-F472-F473-F474-F475-F476-F477-F478-F479-F480-F481-F482-F483-F484-F485-F486-F487-F488-F489-F490-F491-F492-F493-F494-F495-F496-F497-F498-F499-F500-F501-F502-F503-F504-E505506-E507509

## Summary

Number of input bits: 512  
Number of free input bits: 6  
Number of output bits: 160

Number of direct occurrences: 25324  
Number of assignments: 30596  
Number of operations: 10909538
(xor: 10879330,
and: 17371,
or: 12837)

Total complexity: 1.3921545890767797 × 10^297

Least occurring input variable: iv_508 (4043)  
Most occurring input variable: iv_505 (4412)

Most co-occurring input variables: iv_505-iv_507 (2084)  
Least co-occurring input variables: iv_508-iv_511 (1906)

Potentially most occurring input variable: iv_507/iv_512 (4620)  
Potentially least occurring input variable: iv_511/iv_512 (4321)

Least output occurring input variable: iv_508 (70)  
Most output occurring input variable: iv_505 (83)

Most output co-occurring input variables: iv_505-iv_508 (44)  
Least output co-occurring input variables: iv_508-iv_512 (29)

Potentially most output occurring input variable: iv_508/iv_512 (90)  
Potentially least output occurring input variable: iv_505/iv_508 (65)

Least complex input bit: iv_505 (8.840804878903147 × 10^295)  
Most complex input bit: iv_510 (4.210403984176226 × 10^296)

Least complex output bit: aaa_76_29 (2.1951256502213903 × 10^272)  
Most complex output bit: ov_001 (2.1567770495452316 × 10^296)

Least complex input/output complexity: iv_505/aaa_76_29 (1.3940030590390408 × 10^271)  
Most complex input/output complexity: iv_510/ov_001 (6.522912579993839 × 10^295)

Input variable with highest collision probability: iv_511 (½^160.0000000000007)

## Input Bits

### Input Bits in Regular Order

| Input Bit | Complexity | Occurrences | Output Occurrences | Collision Probability |
|:---------:|:----------:|:-----------:|:------------------:|:---------------------:|
| iv_505 | 8.840804878903147 × 10^295 | 4412 | 83 | ½^160.00000000000082 |
| iv_507 | 3.4514729138575316 × 10^296 | 4319 | 78 | ½^160.000000000001 |
| iv_508 | 1.9013125540022926 × 10^296 | 4043 | 70 | ½^160.00000000000077 |
| iv_510 | 4.210403984176226 × 10^296 | 4165 | 79 | ½^160.00000000000088 |
| iv_511 | 1.5939107598882948 × 10^296 | 4112 | 74 | ½^160.0000000000007 |
| iv_512 | 1.88036519095315 × 10^296 | 4273 | 78 | ½^160.00000000000074 |

### Input Bits Sorted by Complexity

| Input Bit | Complexity | Occurrences | Output Occurrences | Collision Probability |
|:---------:|:----------:|:-----------:|:------------------:|:---------------------:|
| iv_505 | 8.840804878903147 × 10^295 | 4412 | 83 | ½^160.00000000000082 |
| iv_511 | 1.5939107598882948 × 10^296 | 4112 | 74 | ½^160.0000000000007 |
| iv_512 | 1.88036519095315 × 10^296 | 4273 | 78 | ½^160.00000000000074 |
| iv_508 | 1.9013125540022926 × 10^296 | 4043 | 70 | ½^160.00000000000077 |
| iv_507 | 3.4514729138575316 × 10^296 | 4319 | 78 | ½^160.000000000001 |
| iv_510 | 4.210403984176226 × 10^296 | 4165 | 79 | ½^160.00000000000088 |

### Input Bits Sorted by Occurrences

| Input Bit | Complexity | Occurrences | Output Occurrences | Collision Probability |
|:---------:|:----------:|:-----------:|:------------------:|:---------------------:|
| iv_508 | 1.9013125540022926 × 10^296 | 4043 | 70 | ½^160.00000000000077 |
| iv_511 | 1.5939107598882948 × 10^296 | 4112 | 74 | ½^160.0000000000007 |
| iv_510 | 4.210403984176226 × 10^296 | 4165 | 79 | ½^160.00000000000088 |
| iv_512 | 1.88036519095315 × 10^296 | 4273 | 78 | ½^160.00000000000074 |
| iv_507 | 3.4514729138575316 × 10^296 | 4319 | 78 | ½^160.000000000001 |
| iv_505 | 8.840804878903147 × 10^295 | 4412 | 83 | ½^160.00000000000082 |

### Input Bits Sorted by Output Occurrences

| Input Bit | Complexity | Occurrences | Output Occurrences | Collision Probability |
|:---------:|:----------:|:-----------:|:------------------:|:---------------------:|
| iv_508 | 1.9013125540022926 × 10^296 | 4043 | 70 | ½^160.00000000000077 |
| iv_511 | 1.5939107598882948 × 10^296 | 4112 | 74 | ½^160.0000000000007 |
| iv_507 | 3.4514729138575316 × 10^296 | 4319 | 78 | ½^160.000000000001 |
| iv_512 | 1.88036519095315 × 10^296 | 4273 | 78 | ½^160.00000000000074 |
| iv_510 | 4.210403984176226 × 10^296 | 4165 | 79 | ½^160.00000000000088 |
| iv_505 | 8.840804878903147 × 10^295 | 4412 | 83 | ½^160.00000000000082 |

### Input Bits Sorted by Collision Probability

| Input Bit | Complexity | Occurrences | Output Occurrences | Collision Probability |
|:---------:|:----------:|:-----------:|:------------------:|:---------------------:|
| iv_511 | 1.5939107598882948 × 10^296 | 4112 | 74 | ½^160.0000000000007 |
| iv_512 | 1.88036519095315 × 10^296 | 4273 | 78 | ½^160.00000000000074 |
| iv_508 | 1.9013125540022926 × 10^296 | 4043 | 70 | ½^160.00000000000077 |
| iv_505 | 8.840804878903147 × 10^295 | 4412 | 83 | ½^160.00000000000082 |
| iv_510 | 4.210403984176226 × 10^296 | 4165 | 79 | ½^160.00000000000088 |
| iv_507 | 3.4514729138575316 × 10^296 | 4319 | 78 | ½^160.000000000001 |

## Input Bit/Output Bit Collision Probabilities

| Input Bit | Output Bit | Collision Probability |
|:---------:|:----------:|:---------------------:|
| iv_511 | ov_020 | 0.500000000000004 |
| iv_507 | ov_018 | 0.5000000000000018 |
| iv_510 | ov_078 | 0.5000000000000018 |
| iv_510 | ov_144 | 0.5000000000000018 |
| iv_512 | ov_116 | 0.5000000000000018 |
| iv_507 | ov_134 | 0.5000000000000016 |

## Input Bit Co-occurrences

### Input Bit Co-occurrences Sorted by Co-occurrences

| Input Bits | Co-occurrences | Potential Occurrences | Output Co-occurrences | Potential Output Occurrences |
|:----------:|:--------------:|:---------------------:|:---------------------:|:----------------------------:|
| iv_505-iv_507 | 2084 | 4563 | 40 | 81 |
| iv_505-iv_512 | 2058 | 4569 | 41 | 79 |
| iv_511-iv_512 | 2032 | 4321 | 39 | 74 |
| iv_505-iv_508 | 2022 | 4411 | 44 | 65 |
| iv_505-iv_510 | 2022 | 4533 | 43 | 76 |
| iv_507-iv_511 | 1999 | 4433 | 33 | 86 |

### Input Bit Co-occurrences Sorted by Potential Occurrences

| Input Bits | Co-occurrences | Potential Occurrences | Output Co-occurrences | Potential Output Occurrences |
|:----------:|:--------------:|:---------------------:|:---------------------:|:----------------------------:|
| iv_511-iv_512 | 2032 | 4321 | 39 | 74 |
| iv_508-iv_510 | 1933 | 4342 | 31 | 87 |
| iv_508-iv_511 | 1906 | 4343 | 35 | 74 |
| iv_510-iv_511 | 1952 | 4373 | 38 | 77 |
| iv_505-iv_508 | 2022 | 4411 | 44 | 65 |
| iv_508-iv_512 | 1944 | 4428 | 29 | 90 |

### Input Bit Output Co-occurrences Sorted by Output Co-occurrences

| Input Bits | Co-occurrences | Potential Occurrences | Output Co-occurrences | Potential Output Occurrences |
|:----------:|:--------------:|:---------------------:|:---------------------:|:----------------------------:|
| iv_505-iv_508 | 2022 | 4411 | 44 | 65 |
| iv_505-iv_510 | 2022 | 4533 | 43 | 76 |
| iv_510-iv_512 | 1995 | 4448 | 42 | 73 |
| iv_505-iv_511 | 1955 | 4614 | 41 | 75 |
| iv_505-iv_512 | 2058 | 4569 | 41 | 79 |
| iv_505-iv_507 | 2084 | 4563 | 40 | 81 |

### Input Bit Output Co-occurrences Sorted by Potential Output Occurrences

| Input Bits | Co-occurrences | Potential Occurrences | Output Co-occurrences | Potential Output Occurrences |
|:----------:|:--------------:|:---------------------:|:---------------------:|:----------------------------:|
| iv_505-iv_508 | 2022 | 4411 | 44 | 65 |
| iv_510-iv_512 | 1995 | 4448 | 42 | 73 |
| iv_508-iv_511 | 1906 | 4343 | 35 | 74 |
| iv_511-iv_512 | 2032 | 4321 | 39 | 74 |
| iv_505-iv_511 | 1955 | 4614 | 41 | 75 |
| iv_505-iv_510 | 2022 | 4533 | 43 | 76 |

## Output Bits

### Output Bits in Regular Order

| Rank | Output Bit | Complexity |
|:----:|:----------:|:----------:|
| 1 | ov_001 | 2.1567770495452316 × 10^296 |
| 2 | ov_002 | 1.887821940544078 × 10^296 |
| 3 | ov_003 | 1.6428128495402706 × 10^296 |
| 4 | ov_004 | 1.420610005250655 × 10^296 |
| 5 | ov_005 | 1.2201360911826665 × 10^296 |
| 6 | ov_006 | 1.0403717929617543 × 10^296 |
| 7 | ov_007 | 8.80351934225643 × 10^295 |
| 8 | ov_008 | 7.39162134470248 × 10^295 |
| 9 | ov_009 | 6.151148861572685 × 10^295 |
| 10 | ov_010 | 5.073891497005328 × 10^295 |
| 11 | ov_011 | 4.1447090560399133 × 10^295 |
| 12 | ov_012 | 3.3492754927530506 × 10^295 |
| 13 | ov_013 | 2.6740509319229823 × 10^295 |
| 14 | ov_014 | 2.1062587557629258 × 10^295 |
| 15 | ov_015 | 1.6338673144772758 × 10^295 |
| 16 | ov_016 | 1.245575806901744 × 10^295 |
| 17 | ov_017 | 9.308037839387936 × 10^294 |
| 18 | ov_018 | 6.796836447487013 × 10^294 |
| 19 | ov_019 | 4.830555082287602 × 10^294 |
| 20 | ov_020 | 3.3246390069527454 × 10^294 |
| 21 | ov_021 | 2.2015575901411697 × 10^294 |
| 22 | ov_022 | 1.3907930672986549 × 10^294 |
| 23 | ov_023 | 8.288343575822724 × 10^293 |
| 24 | ov_024 | 4.591734410267979 × 10^293 |
| 25 | ov_025 | 2.323030954466083 × 10^293 |
| 26 | ov_026 | 1.0571553683163756 × 10^293 |
| 27 | ov_027 | 4.3901688535295915 × 10^292 |
| 28 | ov_028 | 1.835084165051928 × 10^292 |
| 29 | ov_029 | 7.550525064020581 × 10^291 |
| 30 | ov_030 | 2.4940548215488327 × 10^291 |
| 31 | ov_031 | 6.027434020387395 × 10^290 |
| 32 | lv_80_m31 | 1.4562225857157521 × 10^290 |
| 33 | ov_033 | 1.7573757523522086 × 10^291 |
| 34 | ov_034 | 1.5211181451886196 × 10^291 |
| 35 | ov_035 | 1.309484830873516 × 10^291 |
| 36 | ov_036 | 1.1212900945397676 × 10^291 |
| 37 | ov_037 | 9.55413468258773 × 10^290 |
| 38 | ov_038 | 8.097912096724814 × 10^290 |
| 39 | ov_039 | 6.824685365988546 × 10^290 |
| 40 | ov_040 | 5.715929164661078 × 10^290 |
| 41 | ov_041 | 4.754083300676384 × 10^290 |
| 42 | ov_042 | 3.922504226046112 × 10^290 |
| 43 | ov_043 | 3.2054244831177207 × 10^290 |
| 44 | ov_044 | 2.587919146757811 × 10^290 |
| 45 | ov_045 | 2.0558783839412956 × 10^290 |
| 46 | ov_046 | 1.6024479769561306 × 10^290 |
| 47 | ov_047 | 1.2211652602643571 × 10^290 |
| 48 | ov_048 | 9.059513596799206 × 10^289 |
| 49 | ov_049 | 6.511051768222404 × 10^289 |
| 50 | ov_050 | 4.51298840568548 × 10^289 |
| 51 | ov_051 | 3.01574407833927 × 10^289 |
| 52 | ov_052 | 1.9311746489403122 × 10^289 |
| 53 | ov_053 | 1.1784502936802312 × 10^289 |
| 54 | ov_054 | 6.84041438023415 × 10^288 |
| 55 | ov_055 | 3.817111237251106 × 10^288 |
| 56 | ov_056 | 2.1251104449995288 × 10^288 |
| 57 | ov_057 | 1.2477939900210309 × 10^288 |
| 58 | ov_058 | 7.413966368432623 × 10^287 |
| 59 | ov_059 | 4.02247852204452 × 10^287 |
| 60 | ov_060 | 1.9392658133938586 × 10^287 |
| 61 | ov_061 | 8.00120627138951 × 10^286 |
| 62 | ov_062 | 2.650300886597632 × 10^286 |
| 63 | ov_063 | 6.423546303503027 × 10^285 |
| 64 | lv_79_m31 | 1.555982999946215 × 10^285 |
| 65 | ov_065 | 1.8412424563441343 × 10^286 |
| 66 | ov_066 | 1.8412379083939964 × 10^286 |
| 67 | ov_067 | 1.841236434529879 × 10^286 |
| 68 | ov_068 | 1.5992966330826191 × 10^286 |
| 69 | ov_069 | 1.3806363758115637 × 10^286 |
| 70 | ov_070 | 1.1840785731052089 × 10^286 |
| 71 | ov_071 | 1.0085188432992644 × 10^286 |
| 72 | ov_072 | 8.52920543109313 × 10^285 |
| 73 | ov_073 | 7.163102288022388 × 10^285 |
| 74 | ov_074 | 5.969144755000994 × 10^285 |
| 75 | ov_075 | 4.9306712948773366 × 10^285 |
| 76 | ov_076 | 4.032028968226765 × 10^285 |
| 77 | ov_077 | 3.2585160311395295 × 10^285 |
| 78 | ov_078 | 2.603012642410126 × 10^285 |
| 79 | ov_079 | 2.0525721425735797 × 10^285 |
| 80 | ov_080 | 1.5950632569657156 × 10^285 |
| 81 | ov_081 | 1.2191356944256897 × 10^285 |
| 82 | ov_082 | 9.141905582517659 × 10^284 |
| 83 | ov_083 | 6.703551994579301 × 10^284 |
| 84 | ov_084 | 4.784621435890396 × 10^284 |
| 85 | ov_085 | 3.3003172308010284 × 10^284 |
| 86 | ov_086 | 2.1725804755391 × 10^284 |
| 87 | ov_087 | 1.3640505954394547 × 10^284 |
| 88 | ov_088 | 8.098384888574635 × 10^283 |
| 89 | ov_089 | 4.515354781748867 × 10^283 |
| 90 | ov_090 | 2.3716980142804785 × 10^283 |
| 91 | ov_091 | 1.2117812195919994 × 10^283 |
| 92 | ov_092 | 6.438841539494356 × 10^282 |
| 93 | ov_093 | 3.4010773409776916 × 10^282 |
| 94 | ov_094 | 1.5245012655666924 × 10^282 |
| 95 | aaa_78_28 | 4.903225510497411 × 10^281 |
| 96 | aaa_78_29 | 1.857795392566313 × 10^281 |
| 97 | ov_097 | 2.023513511001861 × 10^281 |
| 98 | ov_098 | 2.0234523448707503 × 10^281 |
| 99 | ov_099 | 2.0234328099248513 × 10^281 |
| 100 | ov_100 | 1.8210374924756112 × 10^281 |
| 101 | ov_101 | 1.6335672589530795 × 10^281 |
| 102 | ov_102 | 1.460201289901477 × 10^281 |
| 103 | ov_103 | 1.3001791000831562 × 10^281 |
| 104 | ov_104 | 1.1527926881727947 × 10^281 |
| 105 | ov_105 | 1.0173794036433578 × 10^281 |
| 106 | ov_106 | 8.933154919355276 × 10^280 |
| 107 | ov_107 | 7.800102807114414 × 10^280 |
| 108 | ov_108 | 6.769009714120812 × 10^280 |
| 109 | ov_109 | 5.834480015007096 × 10^280 |
| 110 | ov_110 | 4.991309437125547 × 10^280 |
| 111 | ov_111 | 4.234449093712578 × 10^280 |
| 112 | ov_112 | 3.5589742340325256 × 10^280 |
| 113 | ov_113 | 2.9600573911044654 × 10^280 |
| 114 | ov_114 | 2.4329456107419895 × 10^280 |
| 115 | ov_115 | 1.9729414478146822 × 10^280 |
| 116 | ov_116 | 1.575387417093388 × 10^280 |
| 117 | ov_117 | 1.235653586954222 × 10^280 |
| 118 | ov_118 | 9.491280047512526 × 10^279 |
| 119 | ov_119 | 7.112096429643005 × 10^279 |
| 120 | ov_120 | 5.1730355537084745 × 10^279 |
| 121 | ov_121 | 3.628179325551694 × 10^279 |
| 122 | ov_122 | 2.431626057637248 × 10^279 |
| 123 | ov_123 | 1.5374834511182056 × 10^279 |
| 124 | ov_124 | 8.998645093563972 × 10^278 |
| 125 | ov_125 | 4.728848551900017 × 10^278 |
| 126 | ov_126 | 2.1066118672319286 × 10^278 |
| 127 | aaa_77_28 | 6.731054590934955 × 10^277 |
| 128 | aaa_77_29 | 2.5246360964122517 × 10^277 |
| 129 | ov_129 | 2.315756506843472 × 10^277 |
| 130 | ov_130 | 2.315751160734506 × 10^277 |
| 131 | ov_131 | 2.3157494404593884 × 10^277 |
| 132 | ov_132 | 2.0107557074159402 × 10^277 |
| 133 | ov_133 | 1.735042620091835 × 10^277 |
| 134 | ov_134 | 1.4873152433959442 × 10^277 |
| 135 | ov_135 | 1.2663528503188284 × 10^277 |
| 136 | ov_136 | 1.071003391311127 × 10^277 |
| 137 | ov_137 | 8.991497593222862 × 10^276 |
| 138 | ov_138 | 7.487899857208013 × 10^276 |
| 139 | ov_139 | 6.180302345824297 × 10^276 |
| 140 | ov_140 | 5.0507880612776845 × 10^276 |
| 141 | ov_141 | 4.082410645830942 × 10^276 |
| 142 | ov_142 | 3.2591519052557664 × 10^276 |
| 143 | ov_143 | 2.5658865702066864 × 10^276 |
| 144 | ov_144 | 1.9883534023113082 × 10^276 |
| 145 | ov_145 | 1.5131319161212252 × 10^276 |
| 146 | ov_146 | 1.1276240492176847 × 10^276 |
| 147 | ov_147 | 8.200400708800477 × 10^275 |
| 148 | ov_148 | 5.793880289722856 × 10^275 |
| 149 | ov_149 | 3.954660951698829 × 10^275 |
| 150 | ov_150 | 2.5885722904349575 × 10^275 |
| 151 | ov_151 | 1.6092564186858863 × 10^275 |
| 152 | ov_152 | 9.381460135923408 × 10^274 |
| 153 | ov_153 | 5.044517883893652 × 10^274 |
| 154 | ov_154 | 2.4515600667789425 × 10^274 |
| 155 | ov_155 | 1.050093484810647 × 10^274 |
| 156 | aaa_76_25 | 3.652944290782672 × 10^273 |
| 157 | aaa_76_26 | 2.249562704508312 × 10^273 |
| 158 | aaa_76_27 | 1.2344619301835693 × 10^273 |
| 159 | aaa_76_28 | 5.823429511399816 × 10^272 |
| 160 | aaa_76_29 | 2.1951256502213903 × 10^272 |

### Output Bits Sorted by Complexity

| Rank | Output Bit | Complexity |
|:----:|:----------:|:----------:|
| 160 | aaa_76_29 | 2.1951256502213903 × 10^272 |
| 159 | aaa_76_28 | 5.823429511399816 × 10^272 |
| 158 | aaa_76_27 | 1.2344619301835693 × 10^273 |
| 157 | aaa_76_26 | 2.249562704508312 × 10^273 |
| 156 | aaa_76_25 | 3.652944290782672 × 10^273 |
| 155 | ov_155 | 1.050093484810647 × 10^274 |
| 154 | ov_154 | 2.4515600667789425 × 10^274 |
| 153 | ov_153 | 5.044517883893652 × 10^274 |
| 152 | ov_152 | 9.381460135923408 × 10^274 |
| 151 | ov_151 | 1.6092564186858863 × 10^275 |
| 150 | ov_150 | 2.5885722904349575 × 10^275 |
| 149 | ov_149 | 3.954660951698829 × 10^275 |
| 148 | ov_148 | 5.793880289722856 × 10^275 |
| 147 | ov_147 | 8.200400708800477 × 10^275 |
| 146 | ov_146 | 1.1276240492176847 × 10^276 |
| 145 | ov_145 | 1.5131319161212252 × 10^276 |
| 144 | ov_144 | 1.9883534023113082 × 10^276 |
| 143 | ov_143 | 2.5658865702066864 × 10^276 |
| 142 | ov_142 | 3.2591519052557664 × 10^276 |
| 141 | ov_141 | 4.082410645830942 × 10^276 |
| 140 | ov_140 | 5.0507880612776845 × 10^276 |
| 139 | ov_139 | 6.180302345824297 × 10^276 |
| 138 | ov_138 | 7.487899857208013 × 10^276 |
| 137 | ov_137 | 8.991497593222862 × 10^276 |
| 136 | ov_136 | 1.071003391311127 × 10^277 |
| 135 | ov_135 | 1.2663528503188284 × 10^277 |
| 134 | ov_134 | 1.4873152433959442 × 10^277 |
| 133 | ov_133 | 1.735042620091835 × 10^277 |
| 132 | ov_132 | 2.0107557074159402 × 10^277 |
| 131 | ov_131 | 2.3157494404593884 × 10^277 |
| 130 | ov_130 | 2.315751160734506 × 10^277 |
| 129 | ov_129 | 2.315756506843472 × 10^277 |
| 128 | aaa_77_29 | 2.5246360964122517 × 10^277 |
| 127 | aaa_77_28 | 6.731054590934955 × 10^277 |
| 126 | ov_126 | 2.1066118672319286 × 10^278 |
| 125 | ov_125 | 4.728848551900017 × 10^278 |
| 124 | ov_124 | 8.998645093563972 × 10^278 |
| 123 | ov_123 | 1.5374834511182056 × 10^279 |
| 122 | ov_122 | 2.431626057637248 × 10^279 |
| 121 | ov_121 | 3.628179325551694 × 10^279 |
| 120 | ov_120 | 5.1730355537084745 × 10^279 |
| 119 | ov_119 | 7.112096429643005 × 10^279 |
| 118 | ov_118 | 9.491280047512526 × 10^279 |
| 117 | ov_117 | 1.235653586954222 × 10^280 |
| 116 | ov_116 | 1.575387417093388 × 10^280 |
| 115 | ov_115 | 1.9729414478146822 × 10^280 |
| 114 | ov_114 | 2.4329456107419895 × 10^280 |
| 113 | ov_113 | 2.9600573911044654 × 10^280 |
| 112 | ov_112 | 3.5589742340325256 × 10^280 |
| 111 | ov_111 | 4.234449093712578 × 10^280 |
| 110 | ov_110 | 4.991309437125547 × 10^280 |
| 109 | ov_109 | 5.834480015007096 × 10^280 |
| 108 | ov_108 | 6.769009714120812 × 10^280 |
| 107 | ov_107 | 7.800102807114414 × 10^280 |
| 106 | ov_106 | 8.933154919355276 × 10^280 |
| 105 | ov_105 | 1.0173794036433578 × 10^281 |
| 104 | ov_104 | 1.1527926881727947 × 10^281 |
| 103 | ov_103 | 1.3001791000831562 × 10^281 |
| 102 | ov_102 | 1.460201289901477 × 10^281 |
| 101 | ov_101 | 1.6335672589530795 × 10^281 |
| 100 | ov_100 | 1.8210374924756112 × 10^281 |
| 96 | aaa_78_29 | 1.857795392566313 × 10^281 |
| 99 | ov_099 | 2.0234328099248513 × 10^281 |
| 98 | ov_098 | 2.0234523448707503 × 10^281 |
| 97 | ov_097 | 2.023513511001861 × 10^281 |
| 95 | aaa_78_28 | 4.903225510497411 × 10^281 |
| 94 | ov_094 | 1.5245012655666924 × 10^282 |
| 93 | ov_093 | 3.4010773409776916 × 10^282 |
| 92 | ov_092 | 6.438841539494356 × 10^282 |
| 91 | ov_091 | 1.2117812195919994 × 10^283 |
| 90 | ov_090 | 2.3716980142804785 × 10^283 |
| 89 | ov_089 | 4.515354781748867 × 10^283 |
| 88 | ov_088 | 8.098384888574635 × 10^283 |
| 87 | ov_087 | 1.3640505954394547 × 10^284 |
| 86 | ov_086 | 2.1725804755391 × 10^284 |
| 85 | ov_085 | 3.3003172308010284 × 10^284 |
| 84 | ov_084 | 4.784621435890396 × 10^284 |
| 83 | ov_083 | 6.703551994579301 × 10^284 |
| 82 | ov_082 | 9.141905582517659 × 10^284 |
| 81 | ov_081 | 1.2191356944256897 × 10^285 |
| 64 | lv_79_m31 | 1.555982999946215 × 10^285 |
| 80 | ov_080 | 1.5950632569657156 × 10^285 |
| 79 | ov_079 | 2.0525721425735797 × 10^285 |
| 78 | ov_078 | 2.603012642410126 × 10^285 |
| 77 | ov_077 | 3.2585160311395295 × 10^285 |
| 76 | ov_076 | 4.032028968226765 × 10^285 |
| 75 | ov_075 | 4.9306712948773366 × 10^285 |
| 74 | ov_074 | 5.969144755000994 × 10^285 |
| 63 | ov_063 | 6.423546303503027 × 10^285 |
| 73 | ov_073 | 7.163102288022388 × 10^285 |
| 72 | ov_072 | 8.52920543109313 × 10^285 |
| 71 | ov_071 | 1.0085188432992644 × 10^286 |
| 70 | ov_070 | 1.1840785731052089 × 10^286 |
| 69 | ov_069 | 1.3806363758115637 × 10^286 |
| 68 | ov_068 | 1.5992966330826191 × 10^286 |
| 67 | ov_067 | 1.841236434529879 × 10^286 |
| 66 | ov_066 | 1.8412379083939964 × 10^286 |
| 65 | ov_065 | 1.8412424563441343 × 10^286 |
| 62 | ov_062 | 2.650300886597632 × 10^286 |
| 61 | ov_061 | 8.00120627138951 × 10^286 |
| 60 | ov_060 | 1.9392658133938586 × 10^287 |
| 59 | ov_059 | 4.02247852204452 × 10^287 |
| 58 | ov_058 | 7.413966368432623 × 10^287 |
| 57 | ov_057 | 1.2477939900210309 × 10^288 |
| 56 | ov_056 | 2.1251104449995288 × 10^288 |
| 55 | ov_055 | 3.817111237251106 × 10^288 |
| 54 | ov_054 | 6.84041438023415 × 10^288 |
| 53 | ov_053 | 1.1784502936802312 × 10^289 |
| 52 | ov_052 | 1.9311746489403122 × 10^289 |
| 51 | ov_051 | 3.01574407833927 × 10^289 |
| 50 | ov_050 | 4.51298840568548 × 10^289 |
| 49 | ov_049 | 6.511051768222404 × 10^289 |
| 48 | ov_048 | 9.059513596799206 × 10^289 |
| 47 | ov_047 | 1.2211652602643571 × 10^290 |
| 32 | lv_80_m31 | 1.4562225857157521 × 10^290 |
| 46 | ov_046 | 1.6024479769561306 × 10^290 |
| 45 | ov_045 | 2.0558783839412956 × 10^290 |
| 44 | ov_044 | 2.587919146757811 × 10^290 |
| 43 | ov_043 | 3.2054244831177207 × 10^290 |
| 42 | ov_042 | 3.922504226046112 × 10^290 |
| 41 | ov_041 | 4.754083300676384 × 10^290 |
| 40 | ov_040 | 5.715929164661078 × 10^290 |
| 31 | ov_031 | 6.027434020387395 × 10^290 |
| 39 | ov_039 | 6.824685365988546 × 10^290 |
| 38 | ov_038 | 8.097912096724814 × 10^290 |
| 37 | ov_037 | 9.55413468258773 × 10^290 |
| 36 | ov_036 | 1.1212900945397676 × 10^291 |
| 35 | ov_035 | 1.309484830873516 × 10^291 |
| 34 | ov_034 | 1.5211181451886196 × 10^291 |
| 33 | ov_033 | 1.7573757523522086 × 10^291 |
| 30 | ov_030 | 2.4940548215488327 × 10^291 |
| 29 | ov_029 | 7.550525064020581 × 10^291 |
| 28 | ov_028 | 1.835084165051928 × 10^292 |
| 27 | ov_027 | 4.3901688535295915 × 10^292 |
| 26 | ov_026 | 1.0571553683163756 × 10^293 |
| 25 | ov_025 | 2.323030954466083 × 10^293 |
| 24 | ov_024 | 4.591734410267979 × 10^293 |
| 23 | ov_023 | 8.288343575822724 × 10^293 |
| 22 | ov_022 | 1.3907930672986549 × 10^294 |
| 21 | ov_021 | 2.2015575901411697 × 10^294 |
| 20 | ov_020 | 3.3246390069527454 × 10^294 |
| 19 | ov_019 | 4.830555082287602 × 10^294 |
| 18 | ov_018 | 6.796836447487013 × 10^294 |
| 17 | ov_017 | 9.308037839387936 × 10^294 |
| 16 | ov_016 | 1.245575806901744 × 10^295 |
| 15 | ov_015 | 1.6338673144772758 × 10^295 |
| 14 | ov_014 | 2.1062587557629258 × 10^295 |
| 13 | ov_013 | 2.6740509319229823 × 10^295 |
| 12 | ov_012 | 3.3492754927530506 × 10^295 |
| 11 | ov_011 | 4.1447090560399133 × 10^295 |
| 10 | ov_010 | 5.073891497005328 × 10^295 |
| 9 | ov_009 | 6.151148861572685 × 10^295 |
| 8 | ov_008 | 7.39162134470248 × 10^295 |
| 7 | ov_007 | 8.80351934225643 × 10^295 |
| 6 | ov_006 | 1.0403717929617543 × 10^296 |
| 5 | ov_005 | 1.2201360911826665 × 10^296 |
| 4 | ov_004 | 1.420610005250655 × 10^296 |
| 3 | ov_003 | 1.6428128495402706 × 10^296 |
| 2 | ov_002 | 1.887821940544078 × 10^296 |
| 1 | ov_001 | 2.1567770495452316 × 10^296 |

