# Results for F001-F002-F003-F004-F005-F006-F007-F008-F009-F010-F011-F012-F013-F014-F015-F016-F017-F018-F019-F020-F021-F022-F023-F024-F025-F026-F027-F028-F029-F030-F031-F032-F033-F034-F035-F036-F037-F038-F039-F040-F041-F042-F043-F044-F045-F046-F047-F048-F049-F050-F051-F052-F053-F054-F055-F056-F057-F058-F059-F060-F061-F062-F063-F064-F065-F066-F067-F068-F069-F070-F071-F072-F073-F074-F075-F076-F077-F078-F079-F080-F081-F082-F083-F084-F085-F086-F087-F088-F089-F090-F091-F092-F093-F094-F095-F096-F097-F098-F099-F100-F101-F102-F103-F104-F105-F106-F107-F108-F109-F110-F111-F112-F113-F114-F115-F116-F117-F118-F119-F120-F121-F122-F123-F124-F125-F126-F127-F128-F129-F130-F131-F132-F133-F134-F135-F136-F137-F138-F139-F140-F141-F142-F143-F144-F145-F146-F147-F148-F149-F150-F151-F152-F153-F154-F155-F156-F157-F158-F159-F160-F161-F162-F163-F164-F165-F166-F167-F168-F169-F170-F171-F172-F173-F174-F175-F176-F177-F178-F179-F180-F181-F182-F183-F184-F185-F186-F187-F188-F189-F190-F191-F192-F193-F194-F195-F196-F197-F198-F199-F200-F201-F202-F203-F204-F205-F206-F207-F208-F209-F210-F211-F212-F213-F214-F215-F216-F217-F218-F219-F220-F221-F222-F223-F224-F225-F226-F227-F228-F229-F230-F231-F232-F233-F234-F235-F236-F237-F238-F239-F240-F241-F242-F243-F244-F245-F246-F247-F248-F249-F250-F251-F252-F253-F254-F255-F256-F257-F258-F259-F260-F261-F262-F263-F264-F265-F266-F267-F268-F269-F270-F271-F272-F273-F274-F275-F276-F277-F278-F279-F280-F281-F282-F283-F284-F285-F286-F287-F288-F289-F290-F291-F292-F293-F294-F295-F296-F297-F298-F299-F300-F301-F302-F303-F304-F305-F306-F307-F308-F309-F310-F311-F312-F313-F314-F315-F316-F317-F318-F319-F320-F321-F322-F323-F324-F325-F326-F327-F328-F329-F330-F331-F332-F333-F334-F335-F336-F337-F338-F339-F340-F341-F342-F343-F344-F345-F346-F347-F348-F349-F350-F351-F352-F353-F354-F355-F356-F357-F358-F359-F360-F361-F362-F363-F364-F365-F366-F367-F368-F369-F370-F371-F372-F373-F374-F375-F376-F377-F378-F379-F380-F381-F382-F383-F384-F385-F386-F387-F388-F389-F390-F391-F392-F393-F394-F395-F396-F397-F398-F399-F400-F401-F402-F403-F404-F405-F406-F407-F408-F409-F410-F411-F412-F413-F414-F415-F416-F417-F418-F419-F420-F421-F422-F423-F424-F425-F426-F427-F428-F429-F430-F431-F432-F433-F434-F435-F436-F437-F438-F439-F440-F441-F442-F443-F444-F445-F446-F447-F448-F449-F450-F451-F452-F453-F454-F455-F456-F457-F458-F459-F460-F461-F462-F463-F464-F465-F466-F467-F468-F469-F470-F471-F472-F473-F474-F475-F476-F477-F478-F479-F480-F481-F482-F483-F484-F485-F486-F487-F488-F489-F490-F491-F492-F493-F494-F495-F496-F497-F498-F499-F500-F501-E502508-E502511-T507-T509-F512

## Summary

Number of input bits: 512  
Number of free input bits: 6  
Number of output bits: 160

Number of direct occurrences: 25160  
Number of assignments: 30955  
Number of operations: 11678505
(xor: 11648457,
and: 16910,
or: 13138)

Total complexity: 1.3272294543412598 × 10^305

Least occurring input variable: iv_504 (3982)  
Most occurring input variable: iv_502 (4546)

Most co-occurring input variables: iv_502-iv_503 (2106)  
Least co-occurring input variables: iv_504-iv_510 (1840)

Potentially most occurring input variable: iv_502/iv_510 (4776)  
Potentially least occurring input variable: iv_506/iv_510 (4228)

Least output occurring input variable: iv_503 (71)  
Most output occurring input variable: iv_506 (83)

Most output co-occurring input variables: iv_505-iv_506 (48)  
Least output co-occurring input variables: iv_503-iv_506 (29)

Potentially most output occurring input variable: iv_503/iv_506 (96)  
Potentially least output occurring input variable: iv_502/iv_503 (63)

Least complex input bit: iv_503 (4.571093638938633 × 10^303)  
Most complex input bit: iv_510 (4.675137397926801 × 10^304)

Least complex output bit: aaa_76_29 (3.5060514784771346 × 10^279)  
Most complex output bit: ov_001 (2.1095424579740161 × 10^304)

Least complex input/output complexity: iv_503/aaa_76_29 (1.2075146131391874 × 10^278)  
Most complex input/output complexity: iv_510/ov_001 (7.430818239852673 × 10^303)

Input variable with highest collision probability: iv_505 (½^160.00000000000063)

## Input Bits

### Input Bits in Regular Order

| Input Bit | Complexity | Occurrences | Output Occurrences | Collision Probability |
|:---------:|:----------:|:-----------:|:------------------:|:---------------------:|
| iv_502 | 4.2828426731275406 × 10^304 | 4546 | 78 | ½^160.00000000000077 |
| iv_503 | 4.571093638938633 × 10^303 | 4221 | 71 | ½^160.0000000000009 |
| iv_504 | 7.629967695880914 × 10^303 | 3982 | 77 | ½^160.00000000000082 |
| iv_505 | 1.2172512543300674 × 10^304 | 4105 | 83 | ½^160.00000000000063 |
| iv_506 | 1.876957084546245 × 10^304 | 4080 | 83 | ½^160.000000000001 |
| iv_510 | 4.675137397926801 × 10^304 | 4226 | 71 | ½^160.00000000000082 |

### Input Bits Sorted by Complexity

| Input Bit | Complexity | Occurrences | Output Occurrences | Collision Probability |
|:---------:|:----------:|:-----------:|:------------------:|:---------------------:|
| iv_503 | 4.571093638938633 × 10^303 | 4221 | 71 | ½^160.0000000000009 |
| iv_504 | 7.629967695880914 × 10^303 | 3982 | 77 | ½^160.00000000000082 |
| iv_505 | 1.2172512543300674 × 10^304 | 4105 | 83 | ½^160.00000000000063 |
| iv_506 | 1.876957084546245 × 10^304 | 4080 | 83 | ½^160.000000000001 |
| iv_502 | 4.2828426731275406 × 10^304 | 4546 | 78 | ½^160.00000000000077 |
| iv_510 | 4.675137397926801 × 10^304 | 4226 | 71 | ½^160.00000000000082 |

### Input Bits Sorted by Occurrences

| Input Bit | Complexity | Occurrences | Output Occurrences | Collision Probability |
|:---------:|:----------:|:-----------:|:------------------:|:---------------------:|
| iv_504 | 7.629967695880914 × 10^303 | 3982 | 77 | ½^160.00000000000082 |
| iv_506 | 1.876957084546245 × 10^304 | 4080 | 83 | ½^160.000000000001 |
| iv_505 | 1.2172512543300674 × 10^304 | 4105 | 83 | ½^160.00000000000063 |
| iv_503 | 4.571093638938633 × 10^303 | 4221 | 71 | ½^160.0000000000009 |
| iv_510 | 4.675137397926801 × 10^304 | 4226 | 71 | ½^160.00000000000082 |
| iv_502 | 4.2828426731275406 × 10^304 | 4546 | 78 | ½^160.00000000000077 |

### Input Bits Sorted by Output Occurrences

| Input Bit | Complexity | Occurrences | Output Occurrences | Collision Probability |
|:---------:|:----------:|:-----------:|:------------------:|:---------------------:|
| iv_503 | 4.571093638938633 × 10^303 | 4221 | 71 | ½^160.0000000000009 |
| iv_510 | 4.675137397926801 × 10^304 | 4226 | 71 | ½^160.00000000000082 |
| iv_504 | 7.629967695880914 × 10^303 | 3982 | 77 | ½^160.00000000000082 |
| iv_502 | 4.2828426731275406 × 10^304 | 4546 | 78 | ½^160.00000000000077 |
| iv_505 | 1.2172512543300674 × 10^304 | 4105 | 83 | ½^160.00000000000063 |
| iv_506 | 1.876957084546245 × 10^304 | 4080 | 83 | ½^160.000000000001 |

### Input Bits Sorted by Collision Probability

| Input Bit | Complexity | Occurrences | Output Occurrences | Collision Probability |
|:---------:|:----------:|:-----------:|:------------------:|:---------------------:|
| iv_505 | 1.2172512543300674 × 10^304 | 4105 | 83 | ½^160.00000000000063 |
| iv_502 | 4.2828426731275406 × 10^304 | 4546 | 78 | ½^160.00000000000077 |
| iv_510 | 4.675137397926801 × 10^304 | 4226 | 71 | ½^160.00000000000082 |
| iv_504 | 7.629967695880914 × 10^303 | 3982 | 77 | ½^160.00000000000082 |
| iv_503 | 4.571093638938633 × 10^303 | 4221 | 71 | ½^160.0000000000009 |
| iv_506 | 1.876957084546245 × 10^304 | 4080 | 83 | ½^160.000000000001 |

## Input Bit/Output Bit Collision Probabilities

| Input Bit | Output Bit | Collision Probability |
|:---------:|:----------:|:---------------------:|
| iv_505 | ov_086 | 0.5000000000000018 |
| iv_505 | ov_118 | 0.5000000000000018 |
| iv_502 | ov_023 | 0.5000000000000016 |
| iv_505 | ov_046 | 0.5000000000000016 |
| iv_505 | ov_090 | 0.5000000000000016 |
| iv_505 | aaa_78_28 | 0.5000000000000016 |

## Input Bit Co-occurrences

### Input Bit Co-occurrences Sorted by Co-occurrences

| Input Bits | Co-occurrences | Potential Occurrences | Output Co-occurrences | Potential Output Occurrences |
|:----------:|:--------------:|:---------------------:|:---------------------:|:----------------------------:|
| iv_502-iv_503 | 2106 | 4555 | 43 | 63 |
| iv_506-iv_510 | 2039 | 4228 | 41 | 72 |
| iv_503-iv_510 | 2037 | 4373 | 35 | 72 |
| iv_505-iv_510 | 2002 | 4327 | 39 | 76 |
| iv_502-iv_510 | 1998 | 4776 | 33 | 83 |
| iv_502-iv_506 | 1987 | 4652 | 43 | 75 |

### Input Bit Co-occurrences Sorted by Potential Occurrences

| Input Bits | Co-occurrences | Potential Occurrences | Output Co-occurrences | Potential Output Occurrences |
|:----------:|:--------------:|:---------------------:|:---------------------:|:----------------------------:|
| iv_506-iv_510 | 2039 | 4228 | 41 | 72 |
| iv_504-iv_506 | 1914 | 4234 | 41 | 78 |
| iv_504-iv_505 | 1909 | 4269 | 42 | 76 |
| iv_503-iv_504 | 1954 | 4295 | 30 | 88 |
| iv_505-iv_510 | 2002 | 4327 | 39 | 76 |
| iv_505-iv_506 | 1927 | 4331 | 48 | 70 |

### Input Bit Output Co-occurrences Sorted by Output Co-occurrences

| Input Bits | Co-occurrences | Potential Occurrences | Output Co-occurrences | Potential Output Occurrences |
|:----------:|:--------------:|:---------------------:|:---------------------:|:----------------------------:|
| iv_505-iv_506 | 1927 | 4331 | 48 | 70 |
| iv_502-iv_503 | 2106 | 4555 | 43 | 63 |
| iv_502-iv_506 | 1987 | 4652 | 43 | 75 |
| iv_504-iv_505 | 1909 | 4269 | 42 | 76 |
| iv_504-iv_506 | 1914 | 4234 | 41 | 78 |
| iv_506-iv_510 | 2039 | 4228 | 41 | 72 |

### Input Bit Output Co-occurrences Sorted by Potential Output Occurrences

| Input Bits | Co-occurrences | Potential Occurrences | Output Co-occurrences | Potential Output Occurrences |
|:----------:|:--------------:|:---------------------:|:---------------------:|:----------------------------:|
| iv_502-iv_503 | 2106 | 4555 | 43 | 63 |
| iv_505-iv_506 | 1927 | 4331 | 48 | 70 |
| iv_503-iv_510 | 2037 | 4373 | 35 | 72 |
| iv_506-iv_510 | 2039 | 4228 | 41 | 72 |
| iv_502-iv_506 | 1987 | 4652 | 43 | 75 |
| iv_504-iv_505 | 1909 | 4269 | 42 | 76 |

## Output Bits

### Output Bits in Regular Order

| Rank | Output Bit | Complexity |
|:----:|:----------:|:----------:|
| 1 | ov_001 | 2.1095424579740161 × 10^304 |
| 2 | ov_002 | 1.8341358953498697 × 10^304 |
| 3 | ov_003 | 1.5854107639776094 × 10^304 |
| 4 | ov_004 | 1.3622611739793607 × 10^304 |
| 5 | ov_005 | 1.1636414852677349 × 10^304 |
| 6 | ov_006 | 9.876240572639081 × 10^303 |
| 7 | ov_007 | 8.323819058672663 × 10^303 |
| 8 | ov_008 | 6.96182546400935 × 10^303 |
| 9 | ov_009 | 5.77382723007935 × 10^303 |
| 10 | ov_010 | 4.744239315603536 × 10^303 |
| 11 | ov_011 | 3.858286696436601 × 10^303 |
| 12 | ov_012 | 3.1019735803237154 × 10^303 |
| 13 | ov_013 | 2.4620587572947678 × 10^303 |
| 14 | ov_014 | 1.926036375027395 × 10^303 |
| 15 | ov_015 | 1.4821213082649994 × 10^303 |
| 16 | ov_016 | 1.1192382936151982 × 10^303 |
| 17 | ov_017 | 8.27014062490005 × 10^302 |
| 18 | ov_018 | 5.9577180266910044 × 10^302 |
| 19 | ov_019 | 4.165274130532179 × 10^302 |
| 20 | ov_020 | 2.809871060762648 × 10^302 |
| 21 | ov_021 | 1.8154595799466242 × 10^302 |
| 22 | ov_022 | 1.1128705300282925 × 10^302 |
| 23 | ov_023 | 6.398094772446244 × 10^301 |
| 24 | ov_024 | 3.4085311735395905 × 10^301 |
| 25 | ov_025 | 1.674469239185801 × 10^301 |
| 26 | ov_026 | 7.790373744735939 × 10^300 |
| 27 | ov_027 | 3.740300832221953 × 10^300 |
| 28 | ov_028 | 1.7990445604169003 × 10^300 |
| 29 | ov_029 | 7.40544304660329 × 10^299 |
| 30 | ov_030 | 2.448154016701331 × 10^299 |
| 31 | ov_031 | 5.923721547016826 × 10^298 |
| 32 | lv_80_k31 | 1.4331052045926175 × 10^298 |
| 33 | ov_033 | 1.7000699604682926 × 10^299 |
| 34 | ov_034 | 1.4668787299677521 × 10^299 |
| 35 | ov_035 | 1.2596225226651693 × 10^299 |
| 36 | ov_036 | 1.0759067501655033 × 10^299 |
| 37 | ov_037 | 9.134661568807523 × 10^298 |
| 38 | ov_038 | 7.701556364077331 × 10^298 |
| 39 | ov_039 | 6.439422896069338 × 10^298 |
| 40 | ov_040 | 5.33836799738387 × 10^298 |
| 41 | ov_041 | 4.380112282708229 × 10^298 |
| 42 | ov_042 | 3.555758322321382 × 10^298 |
| 43 | ov_043 | 2.8488787540536233 × 10^298 |
| 44 | ov_044 | 2.2439175205576016 × 10^298 |
| 45 | ov_045 | 1.7333105691226412 × 10^298 |
| 46 | ov_046 | 1.309909381787914 × 10^298 |
| 47 | ov_047 | 9.669711819686462 × 10^297 |
| 48 | ov_048 | 6.981513792884436 × 10^297 |
| 49 | ov_049 | 4.91934202187496 × 10^297 |
| 50 | ov_050 | 3.375777745145197 × 10^297 |
| 51 | ov_051 | 2.2510933233297308 × 10^297 |
| 52 | ov_052 | 1.4532213686958721 × 10^297 |
| 53 | ov_053 | 8.977361536261454 × 10^296 |
| 54 | ov_054 | 5.443335350797699 × 10^296 |
| 55 | ov_055 | 3.2384447912918185 × 10^296 |
| 56 | ov_056 | 2.0359032313049006 × 10^296 |
| 57 | ov_057 | 1.2964421530203286 × 10^296 |
| 58 | ov_058 | 7.694754245671626 × 10^295 |
| 59 | ov_059 | 4.1691345120106814 × 10^295 |
| 60 | ov_060 | 2.006675268333512 × 10^295 |
| 61 | ov_061 | 8.264922663615232 × 10^294 |
| 62 | ov_062 | 2.733242822630201 × 10^294 |
| 63 | ov_063 | 6.61457721231444 × 10^293 |
| 64 | lv_79_k31 | 1.6001876878321125 × 10^293 |
| 65 | ov_065 | 1.894061287809532 × 10^294 |
| 66 | ov_066 | 1.894056944894537 × 10^294 |
| 67 | ov_067 | 1.8940555688107538 × 10^294 |
| 68 | ov_068 | 1.637832436712715 × 10^294 |
| 69 | ov_069 | 1.4079232876949576 × 10^294 |
| 70 | ov_070 | 1.2032578736762993 × 10^294 |
| 71 | ov_071 | 1.0218564588818 × 10^294 |
| 72 | ov_072 | 8.618376900681357 × 10^293 |
| 73 | ov_073 | 7.214123511116937 × 10^293 |
| 74 | ov_074 | 5.988781848449835 × 10^293 |
| 75 | ov_075 | 4.926156569938734 × 10^293 |
| 76 | ov_076 | 4.010845436954262 × 10^293 |
| 77 | ov_077 | 3.228212304958212 × 10^293 |
| 78 | ov_078 | 2.564366169818861 × 10^293 |
| 79 | ov_079 | 2.0061452732413874 × 10^293 |
| 80 | ov_080 | 1.5411053303445193 × 10^293 |
| 81 | ov_081 | 1.1575110019296994 × 10^293 |
| 82 | ov_082 | 8.49670965149891 × 10^292 |
| 83 | ov_083 | 6.072511340316089 × 10^292 |
| 84 | ov_084 | 4.2061243093638676 × 10^292 |
| 85 | ov_085 | 2.8080804776971304 × 10^292 |
| 86 | ov_086 | 1.795812342289002 × 10^292 |
| 87 | ov_087 | 1.0936355499737895 × 10^292 |
| 88 | ov_088 | 6.327355781040964 × 10^291 |
| 89 | ov_089 | 3.511579432813073 × 10^291 |
| 90 | ov_090 | 1.9380135758365438 × 10^291 |
| 91 | ov_091 | 1.1241325175295727 × 10^291 |
| 92 | ov_092 | 6.5587089716532465 × 10^290 |
| 93 | ov_093 | 3.4330870173057877 × 10^290 |
| 94 | ov_094 | 1.5222728029825182 × 10^290 |
| 95 | aaa_78_28 | 4.840859780540733 × 10^289 |
| 96 | aaa_78_29 | 1.803659670749541 × 10^289 |
| 97 | ov_097 | 1.555789553765219 × 10^289 |
| 98 | ov_098 | 1.55578001025784 × 10^289 |
| 99 | ov_099 | 1.5557769646445873 × 10^289 |
| 100 | ov_100 | 1.3192545334632543 × 10^289 |
| 101 | ov_101 | 1.1108453838807963 × 10^289 |
| 102 | ov_102 | 9.28209697680346 × 10^288 |
| 103 | ov_103 | 7.691349548714087 × 10^288 |
| 104 | ov_104 | 6.315265765324699 × 10^288 |
| 105 | ov_105 | 5.1339981205032325 × 10^288 |
| 106 | ov_106 | 4.1287275585453726 × 10^288 |
| 107 | ov_107 | 3.2816038479966475 × 10^288 |
| 108 | ov_108 | 2.575695131658176 × 10^288 |
| 109 | ov_109 | 1.9949456787320758 × 10^288 |
| 110 | ov_110 | 1.5241409197566414 × 10^288 |
| 111 | ov_111 | 1.1488788984443278 × 10^288 |
| 112 | ov_112 | 8.55547327048405 × 10^287 |
| 113 | ov_113 | 6.313054836855212 × 10^287 |
| 114 | ov_114 | 4.6407024132280536 × 10^287 |
| 115 | ov_115 | 3.425055690489135 × 10^287 |
| 116 | ov_116 | 2.5601489690416274 × 10^287 |
| 117 | ov_117 | 1.9473578603260455 × 10^287 |
| 118 | ov_118 | 1.4953639630315425 × 10^287 |
| 119 | ov_119 | 1.1201329387082545 × 10^287 |
| 120 | ov_120 | 8.144001619336197 × 10^286 |
| 121 | ov_121 | 5.709048679231104 × 10^286 |
| 122 | ov_122 | 3.8238870664848785 × 10^286 |
| 123 | ov_123 | 2.415948374073892 × 10^286 |
| 124 | ov_124 | 1.412672705550668 × 10^286 |
| 125 | ov_125 | 7.415043610635629 × 10^285 |
| 126 | ov_126 | 3.298893599098899 × 10^285 |
| 127 | aaa_77_28 | 1.0527426993359612 × 10^285 |
| 128 | aaa_77_29 | 3.942964185922833 × 10^284 |
| 129 | ov_129 | 3.592762489501088 × 10^284 |
| 130 | ov_130 | 3.5927539710617614 × 10^284 |
| 131 | ov_131 | 3.592751239274987 × 10^284 |
| 132 | ov_132 | 3.10333113377153 × 10^284 |
| 133 | ov_133 | 2.665884168290352 × 10^284 |
| 134 | ov_134 | 2.276428371025571 × 10^284 |
| 135 | ov_135 | 1.931200283720082 × 10^284 |
| 136 | ov_136 | 1.6266389584395942 × 10^284 |
| 137 | ov_137 | 1.35937209240558 × 10^284 |
| 138 | ov_138 | 1.1262041398103038 × 10^284 |
| 139 | ov_139 | 9.241062096381058 × 10^283 |
| 140 | ov_140 | 7.502075559001521 × 10^283 |
| 141 | ov_141 | 6.017884772410009 × 10^283 |
| 142 | ov_142 | 4.762744531974256 × 10^283 |
| 143 | ov_143 | 3.7123135453931496 × 10^283 |
| 144 | ov_144 | 2.843615834400424 × 10^283 |
| 145 | ov_145 | 2.1350102574545207 × 10^283 |
| 146 | ov_146 | 1.5661670747784227 × 10^283 |
| 147 | ov_147 | 1.1180504094504807 × 10^283 |
| 148 | ov_148 | 7.729054732699406 × 10^282 |
| 149 | ov_149 | 5.142495239345592 × 10^282 |
| 150 | ov_150 | 3.268656640601376 × 10^282 |
| 151 | ov_151 | 1.96798782781628 × 10^282 |
| 152 | ov_152 | 1.1135307237041637 × 10^282 |
| 153 | ov_153 | 5.9090625496938815 × 10^281 |
| 154 | ov_154 | 2.9830691949775615 × 10^281 |
| 155 | ov_155 | 1.464927675196708 × 10^281 |
| 156 | aaa_76_25 | 5.878921035301816 × 10^280 |
| 157 | aaa_76_26 | 3.6156518953042636 × 10^280 |
| 158 | aaa_76_27 | 1.980544683073076 × 10^280 |
| 159 | aaa_76_28 | 9.322658669241459 × 10^279 |
| 160 | aaa_76_29 | 3.5060514784771346 × 10^279 |

### Output Bits Sorted by Complexity

| Rank | Output Bit | Complexity |
|:----:|:----------:|:----------:|
| 160 | aaa_76_29 | 3.5060514784771346 × 10^279 |
| 159 | aaa_76_28 | 9.322658669241459 × 10^279 |
| 158 | aaa_76_27 | 1.980544683073076 × 10^280 |
| 157 | aaa_76_26 | 3.6156518953042636 × 10^280 |
| 156 | aaa_76_25 | 5.878921035301816 × 10^280 |
| 155 | ov_155 | 1.464927675196708 × 10^281 |
| 154 | ov_154 | 2.9830691949775615 × 10^281 |
| 153 | ov_153 | 5.9090625496938815 × 10^281 |
| 152 | ov_152 | 1.1135307237041637 × 10^282 |
| 151 | ov_151 | 1.96798782781628 × 10^282 |
| 150 | ov_150 | 3.268656640601376 × 10^282 |
| 149 | ov_149 | 5.142495239345592 × 10^282 |
| 148 | ov_148 | 7.729054732699406 × 10^282 |
| 147 | ov_147 | 1.1180504094504807 × 10^283 |
| 146 | ov_146 | 1.5661670747784227 × 10^283 |
| 145 | ov_145 | 2.1350102574545207 × 10^283 |
| 144 | ov_144 | 2.843615834400424 × 10^283 |
| 143 | ov_143 | 3.7123135453931496 × 10^283 |
| 142 | ov_142 | 4.762744531974256 × 10^283 |
| 141 | ov_141 | 6.017884772410009 × 10^283 |
| 140 | ov_140 | 7.502075559001521 × 10^283 |
| 139 | ov_139 | 9.241062096381058 × 10^283 |
| 138 | ov_138 | 1.1262041398103038 × 10^284 |
| 137 | ov_137 | 1.35937209240558 × 10^284 |
| 136 | ov_136 | 1.6266389584395942 × 10^284 |
| 135 | ov_135 | 1.931200283720082 × 10^284 |
| 134 | ov_134 | 2.276428371025571 × 10^284 |
| 133 | ov_133 | 2.665884168290352 × 10^284 |
| 132 | ov_132 | 3.10333113377153 × 10^284 |
| 131 | ov_131 | 3.592751239274987 × 10^284 |
| 130 | ov_130 | 3.5927539710617614 × 10^284 |
| 129 | ov_129 | 3.592762489501088 × 10^284 |
| 128 | aaa_77_29 | 3.942964185922833 × 10^284 |
| 127 | aaa_77_28 | 1.0527426993359612 × 10^285 |
| 126 | ov_126 | 3.298893599098899 × 10^285 |
| 125 | ov_125 | 7.415043610635629 × 10^285 |
| 124 | ov_124 | 1.412672705550668 × 10^286 |
| 123 | ov_123 | 2.415948374073892 × 10^286 |
| 122 | ov_122 | 3.8238870664848785 × 10^286 |
| 121 | ov_121 | 5.709048679231104 × 10^286 |
| 120 | ov_120 | 8.144001619336197 × 10^286 |
| 119 | ov_119 | 1.1201329387082545 × 10^287 |
| 118 | ov_118 | 1.4953639630315425 × 10^287 |
| 117 | ov_117 | 1.9473578603260455 × 10^287 |
| 116 | ov_116 | 2.5601489690416274 × 10^287 |
| 115 | ov_115 | 3.425055690489135 × 10^287 |
| 114 | ov_114 | 4.6407024132280536 × 10^287 |
| 113 | ov_113 | 6.313054836855212 × 10^287 |
| 112 | ov_112 | 8.55547327048405 × 10^287 |
| 111 | ov_111 | 1.1488788984443278 × 10^288 |
| 110 | ov_110 | 1.5241409197566414 × 10^288 |
| 109 | ov_109 | 1.9949456787320758 × 10^288 |
| 108 | ov_108 | 2.575695131658176 × 10^288 |
| 107 | ov_107 | 3.2816038479966475 × 10^288 |
| 106 | ov_106 | 4.1287275585453726 × 10^288 |
| 105 | ov_105 | 5.1339981205032325 × 10^288 |
| 104 | ov_104 | 6.315265765324699 × 10^288 |
| 103 | ov_103 | 7.691349548714087 × 10^288 |
| 102 | ov_102 | 9.28209697680346 × 10^288 |
| 101 | ov_101 | 1.1108453838807963 × 10^289 |
| 100 | ov_100 | 1.3192545334632543 × 10^289 |
| 99 | ov_099 | 1.5557769646445873 × 10^289 |
| 98 | ov_098 | 1.55578001025784 × 10^289 |
| 97 | ov_097 | 1.555789553765219 × 10^289 |
| 96 | aaa_78_29 | 1.803659670749541 × 10^289 |
| 95 | aaa_78_28 | 4.840859780540733 × 10^289 |
| 94 | ov_094 | 1.5222728029825182 × 10^290 |
| 93 | ov_093 | 3.4330870173057877 × 10^290 |
| 92 | ov_092 | 6.5587089716532465 × 10^290 |
| 91 | ov_091 | 1.1241325175295727 × 10^291 |
| 90 | ov_090 | 1.9380135758365438 × 10^291 |
| 89 | ov_089 | 3.511579432813073 × 10^291 |
| 88 | ov_088 | 6.327355781040964 × 10^291 |
| 87 | ov_087 | 1.0936355499737895 × 10^292 |
| 86 | ov_086 | 1.795812342289002 × 10^292 |
| 85 | ov_085 | 2.8080804776971304 × 10^292 |
| 84 | ov_084 | 4.2061243093638676 × 10^292 |
| 83 | ov_083 | 6.072511340316089 × 10^292 |
| 82 | ov_082 | 8.49670965149891 × 10^292 |
| 81 | ov_081 | 1.1575110019296994 × 10^293 |
| 80 | ov_080 | 1.5411053303445193 × 10^293 |
| 64 | lv_79_k31 | 1.6001876878321125 × 10^293 |
| 79 | ov_079 | 2.0061452732413874 × 10^293 |
| 78 | ov_078 | 2.564366169818861 × 10^293 |
| 77 | ov_077 | 3.228212304958212 × 10^293 |
| 76 | ov_076 | 4.010845436954262 × 10^293 |
| 75 | ov_075 | 4.926156569938734 × 10^293 |
| 74 | ov_074 | 5.988781848449835 × 10^293 |
| 63 | ov_063 | 6.61457721231444 × 10^293 |
| 73 | ov_073 | 7.214123511116937 × 10^293 |
| 72 | ov_072 | 8.618376900681357 × 10^293 |
| 71 | ov_071 | 1.0218564588818 × 10^294 |
| 70 | ov_070 | 1.2032578736762993 × 10^294 |
| 69 | ov_069 | 1.4079232876949576 × 10^294 |
| 68 | ov_068 | 1.637832436712715 × 10^294 |
| 67 | ov_067 | 1.8940555688107538 × 10^294 |
| 66 | ov_066 | 1.894056944894537 × 10^294 |
| 65 | ov_065 | 1.894061287809532 × 10^294 |
| 62 | ov_062 | 2.733242822630201 × 10^294 |
| 61 | ov_061 | 8.264922663615232 × 10^294 |
| 60 | ov_060 | 2.006675268333512 × 10^295 |
| 59 | ov_059 | 4.1691345120106814 × 10^295 |
| 58 | ov_058 | 7.694754245671626 × 10^295 |
| 57 | ov_057 | 1.2964421530203286 × 10^296 |
| 56 | ov_056 | 2.0359032313049006 × 10^296 |
| 55 | ov_055 | 3.2384447912918185 × 10^296 |
| 54 | ov_054 | 5.443335350797699 × 10^296 |
| 53 | ov_053 | 8.977361536261454 × 10^296 |
| 52 | ov_052 | 1.4532213686958721 × 10^297 |
| 51 | ov_051 | 2.2510933233297308 × 10^297 |
| 50 | ov_050 | 3.375777745145197 × 10^297 |
| 49 | ov_049 | 4.91934202187496 × 10^297 |
| 48 | ov_048 | 6.981513792884436 × 10^297 |
| 47 | ov_047 | 9.669711819686462 × 10^297 |
| 46 | ov_046 | 1.309909381787914 × 10^298 |
| 32 | lv_80_k31 | 1.4331052045926175 × 10^298 |
| 45 | ov_045 | 1.7333105691226412 × 10^298 |
| 44 | ov_044 | 2.2439175205576016 × 10^298 |
| 43 | ov_043 | 2.8488787540536233 × 10^298 |
| 42 | ov_042 | 3.555758322321382 × 10^298 |
| 41 | ov_041 | 4.380112282708229 × 10^298 |
| 40 | ov_040 | 5.33836799738387 × 10^298 |
| 31 | ov_031 | 5.923721547016826 × 10^298 |
| 39 | ov_039 | 6.439422896069338 × 10^298 |
| 38 | ov_038 | 7.701556364077331 × 10^298 |
| 37 | ov_037 | 9.134661568807523 × 10^298 |
| 36 | ov_036 | 1.0759067501655033 × 10^299 |
| 35 | ov_035 | 1.2596225226651693 × 10^299 |
| 34 | ov_034 | 1.4668787299677521 × 10^299 |
| 33 | ov_033 | 1.7000699604682926 × 10^299 |
| 30 | ov_030 | 2.448154016701331 × 10^299 |
| 29 | ov_029 | 7.40544304660329 × 10^299 |
| 28 | ov_028 | 1.7990445604169003 × 10^300 |
| 27 | ov_027 | 3.740300832221953 × 10^300 |
| 26 | ov_026 | 7.790373744735939 × 10^300 |
| 25 | ov_025 | 1.674469239185801 × 10^301 |
| 24 | ov_024 | 3.4085311735395905 × 10^301 |
| 23 | ov_023 | 6.398094772446244 × 10^301 |
| 22 | ov_022 | 1.1128705300282925 × 10^302 |
| 21 | ov_021 | 1.8154595799466242 × 10^302 |
| 20 | ov_020 | 2.809871060762648 × 10^302 |
| 19 | ov_019 | 4.165274130532179 × 10^302 |
| 18 | ov_018 | 5.9577180266910044 × 10^302 |
| 17 | ov_017 | 8.27014062490005 × 10^302 |
| 16 | ov_016 | 1.1192382936151982 × 10^303 |
| 15 | ov_015 | 1.4821213082649994 × 10^303 |
| 14 | ov_014 | 1.926036375027395 × 10^303 |
| 13 | ov_013 | 2.4620587572947678 × 10^303 |
| 12 | ov_012 | 3.1019735803237154 × 10^303 |
| 11 | ov_011 | 3.858286696436601 × 10^303 |
| 10 | ov_010 | 4.744239315603536 × 10^303 |
| 9 | ov_009 | 5.77382723007935 × 10^303 |
| 8 | ov_008 | 6.96182546400935 × 10^303 |
| 7 | ov_007 | 8.323819058672663 × 10^303 |
| 6 | ov_006 | 9.876240572639081 × 10^303 |
| 5 | ov_005 | 1.1636414852677349 × 10^304 |
| 4 | ov_004 | 1.3622611739793607 × 10^304 |
| 3 | ov_003 | 1.5854107639776094 × 10^304 |
| 2 | ov_002 | 1.8341358953498697 × 10^304 |
| 1 | ov_001 | 2.1095424579740161 × 10^304 |

