# Results for F001-F002-F003-F004-F005-F006-F007-F008-F009-F010-F011-F012-F013-F014-F015-F016-F017-F018-F019-F020-F021-F022-F023-F024-F025-F026-F027-F028-F029-F030-F031-F032-F033-F034-F035-F036-F037-F038-F039-F040-F041-F042-F043-F044-F045-F046-F047-F048-F049-F050-F051-F052-F053-F054-F055-F056-F057-F058-F059-F060-F061-F062-F063-F064-F065-F066-F067-F068-F069-F070-F071-F072-F073-F074-F075-F076-F077-F078-F079-F080-F081-F082-F083-F084-F085-F086-F087-F088-F089-F090-F091-F092-F093-F094-F095-F096-F097-F098-F099-F100-F101-F102-F103-F104-F105-F106-F107-F108-F109-F110-F111-F112-F113-F114-F115-F116-F117-F118-F119-F120-F121-F122-F123-F124-F125-F126-F127-F128-F129-F130-F131-F132-F133-F134-F135-F136-F137-F138-F139-F140-F141-F142-F143-F144-F145-F146-F147-F148-F149-F150-F151-F152-F153-F154-F155-F156-F157-F158-F159-F160-F161-F162-F163-F164-F165-F166-F167-F168-F169-F170-F171-F172-F173-F174-F175-F176-F177-F178-F179-F180-F181-F182-F183-F184-F185-F186-F187-F188-F189-F190-F191-F192-F193-F194-F195-F196-F197-F198-F199-F200-F201-F202-F203-F204-F205-F206-F207-F208-F209-F210-F211-F212-F213-F214-F215-F216-F217-F218-F219-F220-F221-F222-F223-F224-F225-F226-F227-F228-F229-F230-F231-F232-F233-F234-F235-F236-F237-F238-F239-F240-F241-F242-F243-F244-F245-F246-F247-F248-F249-F250-F251-F252-F253-F254-F255-F256-F257-F258-F259-F260-F261-F262-F263-F264-F265-F266-F267-F268-F269-F270-F271-F272-F273-F274-F275-F276-F277-F278-F279-F280-F281-F282-F283-F284-F285-F286-F287-F288-F289-F290-F291-F292-F293-F294-F295-F296-F297-F298-F299-F300-F301-F302-F303-F304-F305-F306-F307-F308-F309-F310-F311-F312-F313-F314-F315-F316-F317-F318-F319-F320-F321-F322-F323-F324-F325-F326-F327-F328-F329-F330-F331-F332-F333-F334-F335-F336-F337-F338-F339-F340-F341-F342-F343-F344-F345-F346-F347-F348-F349-F350-F351-F352-F353-F354-F355-F356-F357-F358-F359-F360-F361-F362-F363-F364-F365-F366-F367-F368-F369-F370-F371-F372-F373-F374-F375-F376-F377-F378-F379-F380-F381-F382-F383-F384-F385-F386-F387-F388-F389-F390-F391-F392-F393-F394-F395-F396-F397-F398-F399-F400-F401-F402-F403-F404-F405-F406-F407-F408-F409-F410-F411-F412-F413-F414-F415-F416-F417-F418-F419-F420-F421-F422-F423-F424-F425-F426-F427-F428-F429-F430-F431-F432-F433-F434-F435-F436-F437-F438-F439-F440-F441-F442-F443-F444-F445-F446-F447-F448-F449-F450-F451-F452-F453-F454-F455-F456-F457-F458-F459-F460-F461-F462-F463-F464-F465-F466-F467-F468-F469-F470-F471-F472-F473-F474-F475-F476-F477-F478-F479-F480-F481-F482-F483-F484-F485-F486-F487-F488-F489-F490-F491-F492-F493-F494-F495-F496-F497-F498-F499-F500-F501-F502-F503-F504-E505508-E506509

## Summary

Number of input bits: 512  
Number of free input bits: 6  
Number of output bits: 160

Number of direct occurrences: 25213  
Number of assignments: 30656  
Number of operations: 10909436
(xor: 10879193,
and: 17372,
or: 12871)

Total complexity: 2.296025178571355 × 10^297

Least occurring input variable: iv_507 (4055)  
Most occurring input variable: iv_505 (4361)

Most co-occurring input variables: iv_505-iv_510 (2057)  
Least co-occurring input variables: iv_506-iv_510 (1899)

Potentially most occurring input variable: iv_505/iv_506 (4768)  
Potentially least occurring input variable: iv_511/iv_512 (4322)

Least output occurring input variable: iv_507 (72)  
Most output occurring input variable: iv_505 (87)

Most output co-occurring input variables: iv_505-iv_507 (44)  
Least output co-occurring input variables: iv_506-iv_507 (27)

Potentially most output occurring input variable: iv_505/iv_506 (93)  
Potentially least output occurring input variable: iv_505/iv_507 (71)

Least complex input bit: iv_507 (1.8358552134211804 × 10^296)  
Most complex input bit: iv_510 (6.784736636826959 × 10^296)

Least complex output bit: aaa_76_29 (3.43311700088185 × 10^272)  
Most complex output bit: ov_001 (3.5762179411700886 × 10^296)

Least complex input/output complexity: iv_507/aaa_76_29 (2.7450507961221607 × 10^271)  
Most complex input/output complexity: iv_510/ov_001 (1.056769634461589 × 10^296)

Input variable with highest collision probability: iv_506 (½^160.00000000000065)

## Input Bits

### Input Bits in Regular Order

| Input Bit | Complexity | Occurrences | Output Occurrences | Collision Probability |
|:---------:|:----------:|:-----------:|:------------------:|:---------------------:|
| iv_505 | 3.512744849240978 × 10^296 | 4361 | 87 | ½^160.0000000000007 |
| iv_506 | 5.228391187161448 × 10^296 | 4243 | 74 | ½^160.00000000000065 |
| iv_507 | 1.8358552134211804 × 10^296 | 4055 | 72 | ½^160.00000000000068 |
| iv_510 | 6.784736636826959 × 10^296 | 4168 | 79 | ½^160.00000000000085 |
| iv_511 | 2.568462496494298 × 10^296 | 4113 | 74 | ½^160.00000000000082 |
| iv_512 | 3.0300614025687206 × 10^296 | 4273 | 78 | ½^160.00000000000074 |

### Input Bits Sorted by Complexity

| Input Bit | Complexity | Occurrences | Output Occurrences | Collision Probability |
|:---------:|:----------:|:-----------:|:------------------:|:---------------------:|
| iv_507 | 1.8358552134211804 × 10^296 | 4055 | 72 | ½^160.00000000000068 |
| iv_511 | 2.568462496494298 × 10^296 | 4113 | 74 | ½^160.00000000000082 |
| iv_512 | 3.0300614025687206 × 10^296 | 4273 | 78 | ½^160.00000000000074 |
| iv_505 | 3.512744849240978 × 10^296 | 4361 | 87 | ½^160.0000000000007 |
| iv_506 | 5.228391187161448 × 10^296 | 4243 | 74 | ½^160.00000000000065 |
| iv_510 | 6.784736636826959 × 10^296 | 4168 | 79 | ½^160.00000000000085 |

### Input Bits Sorted by Occurrences

| Input Bit | Complexity | Occurrences | Output Occurrences | Collision Probability |
|:---------:|:----------:|:-----------:|:------------------:|:---------------------:|
| iv_507 | 1.8358552134211804 × 10^296 | 4055 | 72 | ½^160.00000000000068 |
| iv_511 | 2.568462496494298 × 10^296 | 4113 | 74 | ½^160.00000000000082 |
| iv_510 | 6.784736636826959 × 10^296 | 4168 | 79 | ½^160.00000000000085 |
| iv_506 | 5.228391187161448 × 10^296 | 4243 | 74 | ½^160.00000000000065 |
| iv_512 | 3.0300614025687206 × 10^296 | 4273 | 78 | ½^160.00000000000074 |
| iv_505 | 3.512744849240978 × 10^296 | 4361 | 87 | ½^160.0000000000007 |

### Input Bits Sorted by Output Occurrences

| Input Bit | Complexity | Occurrences | Output Occurrences | Collision Probability |
|:---------:|:----------:|:-----------:|:------------------:|:---------------------:|
| iv_507 | 1.8358552134211804 × 10^296 | 4055 | 72 | ½^160.00000000000068 |
| iv_506 | 5.228391187161448 × 10^296 | 4243 | 74 | ½^160.00000000000065 |
| iv_511 | 2.568462496494298 × 10^296 | 4113 | 74 | ½^160.00000000000082 |
| iv_512 | 3.0300614025687206 × 10^296 | 4273 | 78 | ½^160.00000000000074 |
| iv_510 | 6.784736636826959 × 10^296 | 4168 | 79 | ½^160.00000000000085 |
| iv_505 | 3.512744849240978 × 10^296 | 4361 | 87 | ½^160.0000000000007 |

### Input Bits Sorted by Collision Probability

| Input Bit | Complexity | Occurrences | Output Occurrences | Collision Probability |
|:---------:|:----------:|:-----------:|:------------------:|:---------------------:|
| iv_506 | 5.228391187161448 × 10^296 | 4243 | 74 | ½^160.00000000000065 |
| iv_507 | 1.8358552134211804 × 10^296 | 4055 | 72 | ½^160.00000000000068 |
| iv_505 | 3.512744849240978 × 10^296 | 4361 | 87 | ½^160.0000000000007 |
| iv_512 | 3.0300614025687206 × 10^296 | 4273 | 78 | ½^160.00000000000074 |
| iv_511 | 2.568462496494298 × 10^296 | 4113 | 74 | ½^160.00000000000082 |
| iv_510 | 6.784736636826959 × 10^296 | 4168 | 79 | ½^160.00000000000085 |

## Input Bit/Output Bit Collision Probabilities

| Input Bit | Output Bit | Collision Probability |
|:---------:|:----------:|:---------------------:|
| iv_505 | ov_114 | 0.5000000000000018 |
| iv_507 | ov_065 | 0.5000000000000018 |
| iv_507 | ov_026 | 0.5000000000000017 |
| iv_505 | ov_010 | 0.5000000000000016 |
| iv_505 | ov_110 | 0.5000000000000016 |
| iv_507 | ov_036 | 0.5000000000000016 |

## Input Bit Co-occurrences

### Input Bit Co-occurrences Sorted by Co-occurrences

| Input Bits | Co-occurrences | Potential Occurrences | Output Co-occurrences | Potential Output Occurrences |
|:----------:|:--------------:|:---------------------:|:---------------------:|:----------------------------:|
| iv_505-iv_510 | 2057 | 4415 | 42 | 82 |
| iv_505-iv_512 | 2049 | 4536 | 41 | 83 |
| iv_511-iv_512 | 2032 | 4322 | 39 | 74 |
| iv_505-iv_511 | 2004 | 4466 | 41 | 79 |
| iv_510-iv_512 | 1995 | 4451 | 42 | 73 |
| iv_506-iv_512 | 1954 | 4608 | 36 | 80 |

### Input Bit Co-occurrences Sorted by Potential Occurrences

| Input Bits | Co-occurrences | Potential Occurrences | Output Co-occurrences | Potential Output Occurrences |
|:----------:|:--------------:|:---------------------:|:---------------------:|:----------------------------:|
| iv_511-iv_512 | 2032 | 4322 | 39 | 74 |
| iv_507-iv_511 | 1919 | 4330 | 32 | 82 |
| iv_507-iv_510 | 1924 | 4375 | 37 | 77 |
| iv_510-iv_511 | 1952 | 4377 | 38 | 77 |
| iv_506-iv_507 | 1947 | 4404 | 27 | 92 |
| iv_505-iv_510 | 2057 | 4415 | 42 | 82 |

### Input Bit Output Co-occurrences Sorted by Output Co-occurrences

| Input Bits | Co-occurrences | Potential Occurrences | Output Co-occurrences | Potential Output Occurrences |
|:----------:|:--------------:|:---------------------:|:---------------------:|:----------------------------:|
| iv_505-iv_507 | 1936 | 4544 | 44 | 71 |
| iv_505-iv_510 | 2057 | 4415 | 42 | 82 |
| iv_510-iv_512 | 1995 | 4451 | 42 | 73 |
| iv_505-iv_512 | 2049 | 4536 | 41 | 83 |
| iv_505-iv_511 | 2004 | 4466 | 41 | 79 |
| iv_511-iv_512 | 2032 | 4322 | 39 | 74 |

### Input Bit Output Co-occurrences Sorted by Potential Output Occurrences

| Input Bits | Co-occurrences | Potential Occurrences | Output Co-occurrences | Potential Output Occurrences |
|:----------:|:--------------:|:---------------------:|:---------------------:|:----------------------------:|
| iv_505-iv_507 | 1936 | 4544 | 44 | 71 |
| iv_510-iv_512 | 1995 | 4451 | 42 | 73 |
| iv_511-iv_512 | 2032 | 4322 | 39 | 74 |
| iv_507-iv_510 | 1924 | 4375 | 37 | 77 |
| iv_510-iv_511 | 1952 | 4377 | 38 | 77 |
| iv_505-iv_511 | 2004 | 4466 | 41 | 79 |

## Output Bits

### Output Bits in Regular Order

| Rank | Output Bit | Complexity |
|:----:|:----------:|:----------:|
| 1 | ov_001 | 3.5762179411700886 × 10^296 |
| 2 | ov_002 | 3.1257758734039703 × 10^296 |
| 3 | ov_003 | 2.7159194381267898 × 10^296 |
| 4 | ov_004 | 2.344777576672575 × 10^296 |
| 5 | ov_005 | 2.0105817652630363 × 10^296 |
| 6 | ov_006 | 1.7116587043933119 × 10^296 |
| 7 | ov_007 | 1.4464239743214266 × 10^296 |
| 8 | ov_008 | 1.2133765473738774 × 10^296 |
| 9 | ov_009 | 1.0097462620111952 × 10^296 |
| 10 | ov_010 | 8.329086077680796 × 10^295 |
| 11 | ov_011 | 6.803782303382982 × 10^295 |
| 12 | ov_012 | 5.498034281172679 × 10^295 |
| 13 | ov_013 | 4.389615578306966 × 10^295 |
| 14 | ov_014 | 3.4575527187571096 × 10^295 |
| 15 | ov_015 | 2.682095149309614 × 10^295 |
| 16 | ov_016 | 2.0446920533592963 × 10^295 |
| 17 | ov_017 | 1.5279751137505487 × 10^295 |
| 18 | ov_018 | 1.115746190117113 × 10^295 |
| 19 | ov_019 | 7.929688967959766 × 10^294 |
| 20 | ov_020 | 5.4576316324398254 × 10^294 |
| 21 | ov_021 | 3.614019546590052 × 10^294 |
| 22 | ov_022 | 2.283094262383193 × 10^294 |
| 23 | ov_023 | 1.360599076812092 × 10^294 |
| 24 | ov_024 | 7.537730814427534 × 10^293 |
| 25 | ov_025 | 3.813474450478858 × 10^293 |
| 26 | ov_026 | 1.7354318013647617 × 10^293 |
| 27 | ov_027 | 7.206994230753781 × 10^292 |
| 28 | ov_028 | 3.0125472230747376 × 10^292 |
| 29 | ov_029 | 1.2395382121793374 × 10^292 |
| 30 | ov_030 | 4.094433081873624 × 10^291 |
| 31 | ov_031 | 9.89522613425746 × 10^290 |
| 32 | lv_80_m31 | 2.3907074176151124 × 10^290 |
| 33 | ov_033 | 2.885169385252856 × 10^291 |
| 34 | ov_034 | 2.497370354226178 × 10^291 |
| 35 | ov_035 | 2.14997564836667 × 10^291 |
| 36 | ov_036 | 1.841041571392026 × 10^291 |
| 37 | ov_037 | 1.568731183318012 × 10^291 |
| 38 | ov_038 | 1.3296604415335132 × 10^291 |
| 39 | ov_039 | 1.1206235280243826 × 10^291 |
| 40 | ov_040 | 9.385819105025208 × 10^290 |
| 41 | ov_041 | 7.806550097937214 × 10^290 |
| 42 | ov_042 | 6.44112306222936 × 10^290 |
| 43 | ov_043 | 5.263667281891155 × 10^290 |
| 44 | ov_044 | 4.24969176111839 × 10^290 |
| 45 | ov_045 | 3.3760404452100445 × 10^290 |
| 46 | ov_046 | 2.631464027128277 × 10^290 |
| 47 | ov_047 | 2.0053546228125017 × 10^290 |
| 48 | ov_048 | 1.4877332226608135 × 10^290 |
| 49 | ov_049 | 1.069240082093618 × 10^290 |
| 50 | ov_050 | 7.411275632974703 × 10^289 |
| 51 | ov_051 | 4.952549816957048 × 10^289 |
| 52 | ov_052 | 3.171488446481724 × 10^289 |
| 53 | ov_053 | 1.9353640618020996 × 10^289 |
| 54 | ov_054 | 1.1234347009793533 × 10^289 |
| 55 | ov_055 | 6.269319768267157 × 10^288 |
| 56 | ov_056 | 3.490548844493547 × 10^288 |
| 57 | ov_057 | 2.0496644750582916 × 10^288 |
| 58 | ov_058 | 1.2179180136111016 × 10^288 |
| 59 | ov_059 | 6.608386823408764 × 10^287 |
| 60 | ov_060 | 3.1862425500513176 × 10^287 |
| 61 | ov_061 | 1.3147296340035713 × 10^287 |
| 62 | ov_062 | 4.355210004510967 × 10^286 |
| 63 | ov_063 | 1.0556410875714038 × 10^286 |
| 64 | lv_79_m31 | 2.557211237400165 × 10^285 |
| 65 | ov_065 | 3.0140791129006774 × 10^286 |
| 66 | ov_066 | 3.014072008817468 × 10^286 |
| 67 | ov_067 | 3.0140697065827804 × 10^286 |
| 68 | ov_068 | 2.617175514899343 × 10^286 |
| 69 | ov_069 | 2.258220957070601 × 10^286 |
| 70 | ov_070 | 1.9353673670476528 × 10^286 |
| 71 | ov_071 | 1.6468896515719098 × 10^286 |
| 72 | ov_072 | 1.3911685275267518 × 10^286 |
| 73 | ov_073 | 1.1666834321238798 × 10^286 |
| 74 | ov_074 | 9.706641956703436 × 10^285 |
| 75 | ov_075 | 8.005082106198553 × 10^285 |
| 76 | ov_076 | 6.537704167601894 × 10^285 |
| 77 | ov_077 | 5.281543347889541 × 10^285 |
| 78 | ov_078 | 4.215040872430077 × 10^285 |
| 79 | ov_079 | 3.3179734683412225 × 10^285 |
| 80 | ov_080 | 2.5713915306867377 × 10^285 |
| 81 | ov_081 | 1.957565386373317 × 10^285 |
| 82 | ov_082 | 1.4599390749315992 × 10^285 |
| 83 | ov_083 | 1.0630910683058574 × 10^285 |
| 84 | ov_084 | 7.52701353668043 × 10^284 |
| 85 | ov_085 | 5.155243044093434 × 10^284 |
| 86 | ov_086 | 3.3936676510102712 × 10^284 |
| 87 | ov_087 | 2.1307077656000443 × 10^284 |
| 88 | ov_088 | 1.2650036734264867 × 10^284 |
| 89 | ov_089 | 7.053183809885436 × 10^283 |
| 90 | ov_090 | 3.7046965281575195 × 10^283 |
| 91 | ov_091 | 1.892855074297649 × 10^283 |
| 92 | ov_092 | 1.0057748532696334 × 10^283 |
| 93 | ov_093 | 5.312628352488268 × 10^282 |
| 94 | ov_094 | 2.3813355272855098 × 10^282 |
| 95 | aaa_78_28 | 7.659043630048302 × 10^281 |
| 96 | aaa_78_29 | 2.901953066105107 × 10^281 |
| 97 | ov_097 | 3.1608104175210935 × 10^281 |
| 98 | ov_098 | 3.1607148662445456 × 10^281 |
| 99 | ov_099 | 3.1606843490173198 × 10^281 |
| 100 | ov_100 | 2.844532737907666 × 10^281 |
| 101 | ov_101 | 2.551695414382693 × 10^281 |
| 102 | ov_102 | 2.2808900800925083 × 10^281 |
| 103 | ov_103 | 2.030928697553093 × 10^281 |
| 104 | ov_104 | 1.800705228472118 × 10^281 |
| 105 | ov_105 | 1.5891844914362464 × 10^281 |
| 106 | ov_106 | 1.3953920784193078 × 10^281 |
| 107 | ov_107 | 1.2184052722218651 × 10^281 |
| 108 | ov_108 | 1.057344909139393 × 10^281 |
| 109 | ov_109 | 9.11368132935912 × 10^280 |
| 110 | ov_110 | 7.7966198762587175 × 10^280 |
| 111 | ov_111 | 6.614377976892172 × 10^280 |
| 112 | ov_112 | 5.559262852089595 × 10^280 |
| 113 | ov_113 | 4.623733740706964 × 10^280 |
| 114 | ov_114 | 3.8003663183705546 × 10^280 |
| 115 | ov_115 | 3.0818230024007065 × 10^280 |
| 116 | ov_116 | 2.460828654546396 × 10^280 |
| 117 | ov_117 | 1.930151194552609 × 10^280 |
| 118 | ov_118 | 1.482586638392853 × 10^280 |
| 119 | ov_119 | 1.110948075432733 × 10^280 |
| 120 | ov_120 | 8.080580990064168 × 10^279 |
| 121 | ov_121 | 5.667442049927511 × 10^279 |
| 122 | ov_122 | 3.798364537049201 × 10^279 |
| 123 | ov_123 | 2.4016637311284576 × 10^279 |
| 124 | ov_124 | 1.4056632013830507 × 10^279 |
| 125 | ov_125 | 7.386906129101238 × 10^278 |
| 126 | ov_126 | 3.290753123473668 × 10^278 |
| 127 | aaa_77_28 | 1.0514718412410301 × 10^278 |
| 128 | aaa_77_29 | 3.9438359453792545 × 10^277 |
| 129 | ov_129 | 3.617720009769148 × 10^277 |
| 130 | ov_130 | 3.6177116474539453 × 10^277 |
| 131 | ov_131 | 3.6177089561592115 × 10^277 |
| 132 | ov_132 | 3.1413339833467274 × 10^277 |
| 133 | ov_133 | 2.710675747046844 × 10^277 |
| 134 | ov_134 | 2.3237145402172395 × 10^277 |
| 135 | ov_135 | 1.9785463193370707 × 10^277 |
| 136 | ov_136 | 1.6733740470507782 × 10^277 |
| 137 | ov_137 | 1.4048948618821622 × 10^277 |
| 138 | ov_138 | 1.16998514285505 × 10^277 |
| 139 | ov_139 | 9.656895555631794 × 10^276 |
| 140 | ov_140 | 7.892116890436117 × 10^276 |
| 141 | ov_141 | 6.379061551172016 × 10^276 |
| 142 | ov_142 | 5.092719988165238 × 10^276 |
| 143 | ov_143 | 4.0094726738061526 × 10^276 |
| 144 | ov_144 | 3.1070459474286803 × 10^276 |
| 145 | ov_145 | 2.3644766777702817 × 10^276 |
| 146 | ov_146 | 1.7620844982873825 × 10^276 |
| 147 | ov_147 | 1.2814504627129849 × 10^276 |
| 148 | ov_148 | 9.054010600291671 × 10^275 |
| 149 | ov_149 | 6.179966196180635 × 10^275 |
| 150 | ov_150 | 4.045232288349572 × 10^275 |
| 151 | ov_151 | 2.5148737666494678 × 10^275 |
| 152 | ov_152 | 1.4661262850620676 × 10^275 |
| 153 | ov_153 | 7.883772848281907 × 10^274 |
| 154 | ov_154 | 3.831561703762165 × 10^274 |
| 155 | ov_155 | 1.6412956227069363 × 10^274 |
| 156 | aaa_76_25 | 5.709907460666683 × 10^273 |
| 157 | aaa_76_26 | 3.516662902107012 × 10^273 |
| 158 | aaa_76_27 | 1.9300670755055696 × 10^273 |
| 159 | aaa_76_28 | 9.106323287076039 × 10^272 |
| 160 | aaa_76_29 | 3.43311700088185 × 10^272 |

### Output Bits Sorted by Complexity

| Rank | Output Bit | Complexity |
|:----:|:----------:|:----------:|
| 160 | aaa_76_29 | 3.43311700088185 × 10^272 |
| 159 | aaa_76_28 | 9.106323287076039 × 10^272 |
| 158 | aaa_76_27 | 1.9300670755055696 × 10^273 |
| 157 | aaa_76_26 | 3.516662902107012 × 10^273 |
| 156 | aaa_76_25 | 5.709907460666683 × 10^273 |
| 155 | ov_155 | 1.6412956227069363 × 10^274 |
| 154 | ov_154 | 3.831561703762165 × 10^274 |
| 153 | ov_153 | 7.883772848281907 × 10^274 |
| 152 | ov_152 | 1.4661262850620676 × 10^275 |
| 151 | ov_151 | 2.5148737666494678 × 10^275 |
| 150 | ov_150 | 4.045232288349572 × 10^275 |
| 149 | ov_149 | 6.179966196180635 × 10^275 |
| 148 | ov_148 | 9.054010600291671 × 10^275 |
| 147 | ov_147 | 1.2814504627129849 × 10^276 |
| 146 | ov_146 | 1.7620844982873825 × 10^276 |
| 145 | ov_145 | 2.3644766777702817 × 10^276 |
| 144 | ov_144 | 3.1070459474286803 × 10^276 |
| 143 | ov_143 | 4.0094726738061526 × 10^276 |
| 142 | ov_142 | 5.092719988165238 × 10^276 |
| 141 | ov_141 | 6.379061551172016 × 10^276 |
| 140 | ov_140 | 7.892116890436117 × 10^276 |
| 139 | ov_139 | 9.656895555631794 × 10^276 |
| 138 | ov_138 | 1.16998514285505 × 10^277 |
| 137 | ov_137 | 1.4048948618821622 × 10^277 |
| 136 | ov_136 | 1.6733740470507782 × 10^277 |
| 135 | ov_135 | 1.9785463193370707 × 10^277 |
| 134 | ov_134 | 2.3237145402172395 × 10^277 |
| 133 | ov_133 | 2.710675747046844 × 10^277 |
| 132 | ov_132 | 3.1413339833467274 × 10^277 |
| 131 | ov_131 | 3.6177089561592115 × 10^277 |
| 130 | ov_130 | 3.6177116474539453 × 10^277 |
| 129 | ov_129 | 3.617720009769148 × 10^277 |
| 128 | aaa_77_29 | 3.9438359453792545 × 10^277 |
| 127 | aaa_77_28 | 1.0514718412410301 × 10^278 |
| 126 | ov_126 | 3.290753123473668 × 10^278 |
| 125 | ov_125 | 7.386906129101238 × 10^278 |
| 124 | ov_124 | 1.4056632013830507 × 10^279 |
| 123 | ov_123 | 2.4016637311284576 × 10^279 |
| 122 | ov_122 | 3.798364537049201 × 10^279 |
| 121 | ov_121 | 5.667442049927511 × 10^279 |
| 120 | ov_120 | 8.080580990064168 × 10^279 |
| 119 | ov_119 | 1.110948075432733 × 10^280 |
| 118 | ov_118 | 1.482586638392853 × 10^280 |
| 117 | ov_117 | 1.930151194552609 × 10^280 |
| 116 | ov_116 | 2.460828654546396 × 10^280 |
| 115 | ov_115 | 3.0818230024007065 × 10^280 |
| 114 | ov_114 | 3.8003663183705546 × 10^280 |
| 113 | ov_113 | 4.623733740706964 × 10^280 |
| 112 | ov_112 | 5.559262852089595 × 10^280 |
| 111 | ov_111 | 6.614377976892172 × 10^280 |
| 110 | ov_110 | 7.7966198762587175 × 10^280 |
| 109 | ov_109 | 9.11368132935912 × 10^280 |
| 108 | ov_108 | 1.057344909139393 × 10^281 |
| 107 | ov_107 | 1.2184052722218651 × 10^281 |
| 106 | ov_106 | 1.3953920784193078 × 10^281 |
| 105 | ov_105 | 1.5891844914362464 × 10^281 |
| 104 | ov_104 | 1.800705228472118 × 10^281 |
| 103 | ov_103 | 2.030928697553093 × 10^281 |
| 102 | ov_102 | 2.2808900800925083 × 10^281 |
| 101 | ov_101 | 2.551695414382693 × 10^281 |
| 100 | ov_100 | 2.844532737907666 × 10^281 |
| 96 | aaa_78_29 | 2.901953066105107 × 10^281 |
| 99 | ov_099 | 3.1606843490173198 × 10^281 |
| 98 | ov_098 | 3.1607148662445456 × 10^281 |
| 97 | ov_097 | 3.1608104175210935 × 10^281 |
| 95 | aaa_78_28 | 7.659043630048302 × 10^281 |
| 94 | ov_094 | 2.3813355272855098 × 10^282 |
| 93 | ov_093 | 5.312628352488268 × 10^282 |
| 92 | ov_092 | 1.0057748532696334 × 10^283 |
| 91 | ov_091 | 1.892855074297649 × 10^283 |
| 90 | ov_090 | 3.7046965281575195 × 10^283 |
| 89 | ov_089 | 7.053183809885436 × 10^283 |
| 88 | ov_088 | 1.2650036734264867 × 10^284 |
| 87 | ov_087 | 2.1307077656000443 × 10^284 |
| 86 | ov_086 | 3.3936676510102712 × 10^284 |
| 85 | ov_085 | 5.155243044093434 × 10^284 |
| 84 | ov_084 | 7.52701353668043 × 10^284 |
| 83 | ov_083 | 1.0630910683058574 × 10^285 |
| 82 | ov_082 | 1.4599390749315992 × 10^285 |
| 81 | ov_081 | 1.957565386373317 × 10^285 |
| 64 | lv_79_m31 | 2.557211237400165 × 10^285 |
| 80 | ov_080 | 2.5713915306867377 × 10^285 |
| 79 | ov_079 | 3.3179734683412225 × 10^285 |
| 78 | ov_078 | 4.215040872430077 × 10^285 |
| 77 | ov_077 | 5.281543347889541 × 10^285 |
| 76 | ov_076 | 6.537704167601894 × 10^285 |
| 75 | ov_075 | 8.005082106198553 × 10^285 |
| 74 | ov_074 | 9.706641956703436 × 10^285 |
| 63 | ov_063 | 1.0556410875714038 × 10^286 |
| 73 | ov_073 | 1.1666834321238798 × 10^286 |
| 72 | ov_072 | 1.3911685275267518 × 10^286 |
| 71 | ov_071 | 1.6468896515719098 × 10^286 |
| 70 | ov_070 | 1.9353673670476528 × 10^286 |
| 69 | ov_069 | 2.258220957070601 × 10^286 |
| 68 | ov_068 | 2.617175514899343 × 10^286 |
| 67 | ov_067 | 3.0140697065827804 × 10^286 |
| 66 | ov_066 | 3.014072008817468 × 10^286 |
| 65 | ov_065 | 3.0140791129006774 × 10^286 |
| 62 | ov_062 | 4.355210004510967 × 10^286 |
| 61 | ov_061 | 1.3147296340035713 × 10^287 |
| 60 | ov_060 | 3.1862425500513176 × 10^287 |
| 59 | ov_059 | 6.608386823408764 × 10^287 |
| 58 | ov_058 | 1.2179180136111016 × 10^288 |
| 57 | ov_057 | 2.0496644750582916 × 10^288 |
| 56 | ov_056 | 3.490548844493547 × 10^288 |
| 55 | ov_055 | 6.269319768267157 × 10^288 |
| 54 | ov_054 | 1.1234347009793533 × 10^289 |
| 53 | ov_053 | 1.9353640618020996 × 10^289 |
| 52 | ov_052 | 3.171488446481724 × 10^289 |
| 51 | ov_051 | 4.952549816957048 × 10^289 |
| 50 | ov_050 | 7.411275632974703 × 10^289 |
| 49 | ov_049 | 1.069240082093618 × 10^290 |
| 48 | ov_048 | 1.4877332226608135 × 10^290 |
| 47 | ov_047 | 2.0053546228125017 × 10^290 |
| 32 | lv_80_m31 | 2.3907074176151124 × 10^290 |
| 46 | ov_046 | 2.631464027128277 × 10^290 |
| 45 | ov_045 | 3.3760404452100445 × 10^290 |
| 44 | ov_044 | 4.24969176111839 × 10^290 |
| 43 | ov_043 | 5.263667281891155 × 10^290 |
| 42 | ov_042 | 6.44112306222936 × 10^290 |
| 41 | ov_041 | 7.806550097937214 × 10^290 |
| 40 | ov_040 | 9.385819105025208 × 10^290 |
| 31 | ov_031 | 9.89522613425746 × 10^290 |
| 39 | ov_039 | 1.1206235280243826 × 10^291 |
| 38 | ov_038 | 1.3296604415335132 × 10^291 |
| 37 | ov_037 | 1.568731183318012 × 10^291 |
| 36 | ov_036 | 1.841041571392026 × 10^291 |
| 35 | ov_035 | 2.14997564836667 × 10^291 |
| 34 | ov_034 | 2.497370354226178 × 10^291 |
| 33 | ov_033 | 2.885169385252856 × 10^291 |
| 30 | ov_030 | 4.094433081873624 × 10^291 |
| 29 | ov_029 | 1.2395382121793374 × 10^292 |
| 28 | ov_028 | 3.0125472230747376 × 10^292 |
| 27 | ov_027 | 7.206994230753781 × 10^292 |
| 26 | ov_026 | 1.7354318013647617 × 10^293 |
| 25 | ov_025 | 3.813474450478858 × 10^293 |
| 24 | ov_024 | 7.537730814427534 × 10^293 |
| 23 | ov_023 | 1.360599076812092 × 10^294 |
| 22 | ov_022 | 2.283094262383193 × 10^294 |
| 21 | ov_021 | 3.614019546590052 × 10^294 |
| 20 | ov_020 | 5.4576316324398254 × 10^294 |
| 19 | ov_019 | 7.929688967959766 × 10^294 |
| 18 | ov_018 | 1.115746190117113 × 10^295 |
| 17 | ov_017 | 1.5279751137505487 × 10^295 |
| 16 | ov_016 | 2.0446920533592963 × 10^295 |
| 15 | ov_015 | 2.682095149309614 × 10^295 |
| 14 | ov_014 | 3.4575527187571096 × 10^295 |
| 13 | ov_013 | 4.389615578306966 × 10^295 |
| 12 | ov_012 | 5.498034281172679 × 10^295 |
| 11 | ov_011 | 6.803782303382982 × 10^295 |
| 10 | ov_010 | 8.329086077680796 × 10^295 |
| 9 | ov_009 | 1.0097462620111952 × 10^296 |
| 8 | ov_008 | 1.2133765473738774 × 10^296 |
| 7 | ov_007 | 1.4464239743214266 × 10^296 |
| 6 | ov_006 | 1.7116587043933119 × 10^296 |
| 5 | ov_005 | 2.0105817652630363 × 10^296 |
| 4 | ov_004 | 2.344777576672575 × 10^296 |
| 3 | ov_003 | 2.7159194381267898 × 10^296 |
| 2 | ov_002 | 3.1257758734039703 × 10^296 |
| 1 | ov_001 | 3.5762179411700886 × 10^296 |

