# Results for F001-F002-F003-F004-F005-F006-F007-F008-F009-F010-F011-F012-F013-F014-F015-F016-F017-F018-F019-F020-F021-F022-F023-F024-F025-F026-F027-F028-F029-F030-F031-F032-F033-F034-F035-F036-F037-F038-F039-F040-F041-F042-F043-F044-F045-F046-F047-F048-F049-F050-F051-F052-F053-F054-F055-F056-F057-F058-F059-F060-F061-F062-F063-F064-F065-F066-F067-F068-F069-F070-F071-F072-F073-F074-F075-F076-F077-F078-F079-F080-F081-F082-F083-F084-F085-F086-F087-F088-F089-F090-F091-F092-F093-F094-F095-F096-F097-F098-F099-F100-F101-F102-F103-F104-F105-F106-F107-F108-F109-F110-F111-F112-F113-F114-F115-F116-F117-F118-F119-F120-F121-F122-F123-F124-F125-F126-F127-F128-F129-F130-F131-F132-F133-F134-F135-F136-F137-F138-F139-F140-F141-F142-F143-F144-F145-F146-F147-F148-F149-F150-F151-F152-F153-F154-F155-F156-F157-F158-F159-F160-F161-F162-F163-F164-F165-F166-F167-F168-F169-F170-F171-F172-F173-F174-F175-F176-F177-F178-F179-F180-F181-F182-F183-F184-F185-F186-F187-F188-F189-F190-F191-F192-F193-F194-F195-F196-F197-F198-F199-F200-F201-F202-F203-F204-F205-F206-F207-F208-F209-F210-F211-F212-F213-F214-F215-F216-F217-F218-F219-F220-F221-F222-F223-F224-F225-F226-F227-F228-F229-F230-F231-F232-F233-F234-F235-F236-F237-F238-F239-F240-F241-F242-F243-F244-F245-F246-F247-F248-F249-F250-F251-F252-F253-F254-F255-F256-F257-F258-F259-F260-F261-F262-F263-F264-F265-F266-F267-F268-F269-F270-F271-F272-F273-F274-F275-F276-F277-F278-F279-F280-F281-F282-F283-F284-F285-F286-F287-F288-F289-F290-F291-F292-F293-F294-F295-F296-F297-F298-F299-F300-F301-F302-F303-F304-F305-F306-F307-F308-F309-F310-F311-F312-F313-F314-F315-F316-F317-F318-F319-F320-F321-F322-F323-F324-F325-F326-F327-F328-F329-F330-F331-F332-F333-F334-F335-F336-F337-F338-F339-F340-F341-F342-F343-F344-F345-F346-F347-F348-F349-F350-F351-F352-F353-F354-F355-F356-F357-F358-F359-F360-F361-F362-F363-F364-F365-F366-F367-F368-F369-F370-F371-F372-F373-F374-F375-F376-F377-F378-F379-F380-F381-F382-F383-F384-F385-F386-F387-F388-F389-F390-F391-F392-F393-F394-F395-F396-F397-F398-F399-F400-F401-F402-F403-F404-F405-F406-F407-F408-F409-F410-F411-F412-F413-F414-F415-F416-F417-F418-F419-F420-F421-F422-F423-F424-F425-F426-F427-F428-F429-F430-F431-F432-F433-F434-F435-F436-F437-F438-F439-F440-F441-F442-F443-F444-F445-F446-F447-F448-F449-F450-F451-F452-F453-F454-F455-F456-F457-F458-F459-F460-F461-F462-F463-F464-F465-F466-F467-F468-F469-F470-F471-F472-F473-F474-F475-F476-F477-F478-F479-F480-F481-F482-F483-F484-F485-F486-F487-F488-F489-F490-F491-F492-F493-F494-F495-F496-F497-F498-F499-F500-F501-F512-E502508-E502510-E502511-E507509

## Summary

Number of input bits: 512  
Number of free input bits: 6  
Number of output bits: 160

Number of direct occurrences: 24669  
Number of assignments: 30771  
Number of operations: 10926828
(xor: 10897764,
and: 15981,
or: 13083)

Total complexity: 4.594782505445723 × 10^298

Least occurring input variable: iv_505 (3884)  
Most occurring input variable: iv_502 (4534)

Most co-occurring input variables: iv_502-iv_507 (2022)  
Least co-occurring input variables: iv_505-iv_506 (1773)

Potentially most occurring input variable: iv_502/iv_507 (4794)  
Potentially least occurring input variable: iv_504/iv_506 (4121)

Least output occurring input variable: iv_502 (66)  
Most output occurring input variable: iv_506 (82)

Most output co-occurring input variables: iv_506-iv_507 (42)  
Least output co-occurring input variables: iv_502-iv_503 (29)

Potentially most output occurring input variable: iv_503/iv_507 (92)  
Potentially least output occurring input variable: iv_503/iv_505 (73)

Least complex input bit: iv_503 (1.203987052188331 × 10^297)  
Most complex input bit: iv_502 (1.7685587115615382 × 10^298)

Least complex output bit: aaa_76_29 (7.755208467685054 × 10^273)  
Most complex output bit: ov_001 (7.36457554904692 × 10^297)

Least complex input/output complexity: iv_503/aaa_76_29 (2.0321246046026565 × 10^272)  
Most complex input/output complexity:  (2.834668284904278 × 10^297)

Input variable with highest collision probability: iv_506 (½^160.00000000000063)

## Input Bits

### Input Bits in Regular Order

| Input Bit | Complexity | Occurrences | Output Occurrences | Collision Probability |
|:---------:|:----------:|:-----------:|:------------------:|:---------------------:|
| iv_502 | 1.7685587115615382 × 10^298 | 4534 | 66 | ½^160.00000000000074 |
| iv_503 | 1.203987052188331 × 10^297 | 4126 | 78 | ½^160.0000000000007 |
| iv_504 | 2.0011865271060137 × 10^297 | 3892 | 78 | ½^160.00000000000074 |
| iv_505 | 3.181022983607773 × 10^297 | 3884 | 79 | ½^160.00000000000065 |
| iv_506 | 4.8907715807333156 × 10^297 | 3929 | 82 | ½^160.00000000000063 |
| iv_507 | 1.698526979520647 × 10^298 | 4304 | 80 | ½^160.00000000000082 |

### Input Bits Sorted by Complexity

| Input Bit | Complexity | Occurrences | Output Occurrences | Collision Probability |
|:---------:|:----------:|:-----------:|:------------------:|:---------------------:|
| iv_503 | 1.203987052188331 × 10^297 | 4126 | 78 | ½^160.0000000000007 |
| iv_504 | 2.0011865271060137 × 10^297 | 3892 | 78 | ½^160.00000000000074 |
| iv_505 | 3.181022983607773 × 10^297 | 3884 | 79 | ½^160.00000000000065 |
| iv_506 | 4.8907715807333156 × 10^297 | 3929 | 82 | ½^160.00000000000063 |
| iv_507 | 1.698526979520647 × 10^298 | 4304 | 80 | ½^160.00000000000082 |
| iv_502 | 1.7685587115615382 × 10^298 | 4534 | 66 | ½^160.00000000000074 |

### Input Bits Sorted by Occurrences

| Input Bit | Complexity | Occurrences | Output Occurrences | Collision Probability |
|:---------:|:----------:|:-----------:|:------------------:|:---------------------:|
| iv_505 | 3.181022983607773 × 10^297 | 3884 | 79 | ½^160.00000000000065 |
| iv_504 | 2.0011865271060137 × 10^297 | 3892 | 78 | ½^160.00000000000074 |
| iv_506 | 4.8907715807333156 × 10^297 | 3929 | 82 | ½^160.00000000000063 |
| iv_503 | 1.203987052188331 × 10^297 | 4126 | 78 | ½^160.0000000000007 |
| iv_507 | 1.698526979520647 × 10^298 | 4304 | 80 | ½^160.00000000000082 |
| iv_502 | 1.7685587115615382 × 10^298 | 4534 | 66 | ½^160.00000000000074 |

### Input Bits Sorted by Output Occurrences

| Input Bit | Complexity | Occurrences | Output Occurrences | Collision Probability |
|:---------:|:----------:|:-----------:|:------------------:|:---------------------:|
| iv_502 | 1.7685587115615382 × 10^298 | 4534 | 66 | ½^160.00000000000074 |
| iv_503 | 1.203987052188331 × 10^297 | 4126 | 78 | ½^160.0000000000007 |
| iv_504 | 2.0011865271060137 × 10^297 | 3892 | 78 | ½^160.00000000000074 |
| iv_505 | 3.181022983607773 × 10^297 | 3884 | 79 | ½^160.00000000000065 |
| iv_507 | 1.698526979520647 × 10^298 | 4304 | 80 | ½^160.00000000000082 |
| iv_506 | 4.8907715807333156 × 10^297 | 3929 | 82 | ½^160.00000000000063 |

### Input Bits Sorted by Collision Probability

| Input Bit | Complexity | Occurrences | Output Occurrences | Collision Probability |
|:---------:|:----------:|:-----------:|:------------------:|:---------------------:|
| iv_506 | 4.8907715807333156 × 10^297 | 3929 | 82 | ½^160.00000000000063 |
| iv_505 | 3.181022983607773 × 10^297 | 3884 | 79 | ½^160.00000000000065 |
| iv_503 | 1.203987052188331 × 10^297 | 4126 | 78 | ½^160.0000000000007 |
| iv_502 | 1.7685587115615382 × 10^298 | 4534 | 66 | ½^160.00000000000074 |
| iv_504 | 2.0011865271060137 × 10^297 | 3892 | 78 | ½^160.00000000000074 |
| iv_507 | 1.698526979520647 × 10^298 | 4304 | 80 | ½^160.00000000000082 |

## Input Bit/Output Bit Collision Probabilities

| Input Bit | Output Bit | Collision Probability |
|:---------:|:----------:|:---------------------:|
| iv_503 | ov_098 | 0.500000000000002 |
| iv_506 | ov_025 | 0.500000000000002 |
| iv_506 | ov_089 | 0.5000000000000019 |
| iv_503 | ov_022 | 0.5000000000000018 |
| iv_506 | ov_093 | 0.5000000000000018 |
| iv_506 | aaa_77_28 | 0.5000000000000018 |

## Input Bit Co-occurrences

### Input Bit Co-occurrences Sorted by Co-occurrences

| Input Bits | Co-occurrences | Potential Occurrences | Output Co-occurrences | Potential Output Occurrences |
|:----------:|:--------------:|:---------------------:|:---------------------:|:----------------------------:|
| iv_502-iv_507 | 2022 | 4794 | 32 | 82 |
| iv_502-iv_503 | 2016 | 4628 | 29 | 86 |
| iv_503-iv_507 | 2011 | 4408 | 33 | 92 |
| iv_506-iv_507 | 1962 | 4309 | 42 | 78 |
| iv_502-iv_505 | 1952 | 4514 | 34 | 77 |
| iv_502-iv_504 | 1939 | 4548 | 31 | 82 |

### Input Bit Co-occurrences Sorted by Potential Occurrences

| Input Bits | Co-occurrences | Potential Occurrences | Output Co-occurrences | Potential Output Occurrences |
|:----------:|:--------------:|:---------------------:|:---------------------:|:----------------------------:|
| iv_504-iv_506 | 1850 | 4121 | 42 | 76 |
| iv_504-iv_505 | 1820 | 4136 | 41 | 75 |
| iv_503-iv_505 | 1900 | 4210 | 42 | 73 |
| iv_505-iv_506 | 1773 | 4267 | 39 | 83 |
| iv_503-iv_504 | 1862 | 4294 | 33 | 90 |
| iv_503-iv_506 | 1877 | 4301 | 38 | 84 |

### Input Bit Output Co-occurrences Sorted by Output Co-occurrences

| Input Bits | Co-occurrences | Potential Occurrences | Output Co-occurrences | Potential Output Occurrences |
|:----------:|:--------------:|:---------------------:|:---------------------:|:----------------------------:|
| iv_503-iv_505 | 1900 | 4210 | 42 | 73 |
| iv_504-iv_506 | 1850 | 4121 | 42 | 76 |
| iv_506-iv_507 | 1962 | 4309 | 42 | 78 |
| iv_504-iv_505 | 1820 | 4136 | 41 | 75 |
| iv_505-iv_506 | 1773 | 4267 | 39 | 83 |
| iv_504-iv_507 | 1919 | 4358 | 38 | 82 |

### Input Bit Output Co-occurrences Sorted by Potential Output Occurrences

| Input Bits | Co-occurrences | Potential Occurrences | Output Co-occurrences | Potential Output Occurrences |
|:----------:|:--------------:|:---------------------:|:---------------------:|:----------------------------:|
| iv_503-iv_505 | 1900 | 4210 | 42 | 73 |
| iv_504-iv_505 | 1820 | 4136 | 41 | 75 |
| iv_504-iv_506 | 1850 | 4121 | 42 | 76 |
| iv_502-iv_505 | 1952 | 4514 | 34 | 77 |
| iv_506-iv_507 | 1962 | 4309 | 42 | 78 |
| iv_502-iv_506 | 1846 | 4771 | 35 | 78 |

## Output Bits

### Output Bits in Regular Order

| Rank | Output Bit | Complexity |
|:----:|:----------:|:----------:|
| 1 | ov_001 | 7.36457554904692 × 10^297 |
| 2 | ov_002 | 6.395366857309521 × 10^297 |
| 3 | ov_003 | 5.520709681843132 × 10^297 |
| 4 | ov_004 | 4.736662129923316 × 10^297 |
| 5 | ov_005 | 4.03949721959832 × 10^297 |
| 6 | ov_006 | 3.422345429996406 × 10^297 |
| 7 | ov_007 | 2.8786970944244733 × 10^297 |
| 8 | ov_008 | 2.4023805649812056 × 10^297 |
| 9 | ov_009 | 1.9875434125955247 × 10^297 |
| 10 | ov_010 | 1.6286363622219065 × 10^297 |
| 11 | ov_011 | 1.3203997484794964 × 10^297 |
| 12 | ov_012 | 1.0578523120469756 × 10^297 |
| 13 | ov_013 | 8.36282149500376 × 10^296 |
| 14 | ov_014 | 6.512395867506057 × 10^296 |
| 15 | ov_015 | 4.985317073231056 × 10^296 |
| 16 | ov_016 | 3.742182674360039 × 10^296 |
| 17 | ov_017 | 2.7460874970493375 × 10^296 |
| 18 | ov_018 | 1.962603271157806 × 10^296 |
| 19 | ov_019 | 1.3597652868368579 × 10^296 |
| 20 | ov_020 | 9.080641797226502 × 10^295 |
| 21 | ov_021 | 5.80441153902851 × 10^295 |
| 22 | ov_022 | 3.522852178668085 × 10^295 |
| 23 | ov_023 | 2.0143145601369543 × 10^295 |
| 24 | ov_024 | 1.0815986901404222 × 10^295 |
| 25 | ov_025 | 5.519461569820146 × 10^294 |
| 26 | ov_026 | 2.7703558662913385 × 10^294 |
| 27 | ov_027 | 1.3298020715937462 × 10^294 |
| 28 | ov_028 | 6.394508272225465 × 10^293 |
| 29 | ov_029 | 2.631185093820642 × 10^293 |
| 30 | ov_030 | 8.693830659563991 × 10^292 |
| 31 | ov_031 | 2.1020679293260467 × 10^292 |
| 32 | lv_80_k31 | 5.081013460411836 × 10^291 |
| 33 | ov_033 | 6.057534264514754 × 10^292 |
| 34 | ov_034 | 5.227772009303082 × 10^292 |
| 35 | ov_035 | 4.4895744613460274 × 10^292 |
| 36 | ov_036 | 3.8352392637997307 × 10^292 |
| 37 | ov_037 | 3.257475372743871 × 10^292 |
| 38 | ov_038 | 2.7493740266525314 × 10^292 |
| 39 | ov_039 | 2.3043837589212194 × 10^292 |
| 40 | ov_040 | 1.916289039651148 × 10^292 |
| 41 | ov_041 | 1.5791921581621309 × 10^292 |
| 42 | ov_042 | 1.287497981658842 × 10^292 |
| 43 | ov_043 | 1.0359012482687437 × 10^292 |
| 44 | ov_044 | 8.193760918647094 × 10^291 |
| 45 | ov_045 | 6.354782498302094 × 10^291 |
| 46 | ov_046 | 4.818970241528796 × 10^291 |
| 47 | ov_047 | 3.5645232569729184 × 10^291 |
| 48 | ov_048 | 2.5709241413754785 × 10^291 |
| 49 | ov_049 | 1.8009260931461582 × 10^291 |
| 50 | ov_050 | 1.2197832689766752 × 10^291 |
| 51 | ov_051 | 7.952370718219254 × 10^290 |
| 52 | ov_052 | 4.975074052422875 × 10^290 |
| 53 | ov_053 | 2.9928739061942454 × 10^290 |
| 54 | ov_054 | 1.757402800155582 × 10^290 |
| 55 | ov_055 | 1.0449764470683937 × 10^290 |
| 56 | ov_056 | 6.565827327261874 × 10^289 |
| 57 | ov_057 | 4.1787479934686307 × 10^289 |
| 58 | ov_058 | 2.478448653384127 × 10^289 |
| 59 | ov_059 | 1.3416389936567947 × 10^289 |
| 60 | ov_060 | 6.45031801119725 × 10^288 |
| 61 | ov_061 | 2.6534086173216587 × 10^288 |
| 62 | ov_062 | 8.763880390428147 × 10^287 |
| 63 | ov_063 | 2.1179978182397868 × 10^287 |
| 64 | lv_79_k31 | 5.116842435159979 × 10^286 |
| 65 | ov_065 | 6.024024537792779 × 10^287 |
| 66 | ov_066 | 6.024009040276802 × 10^287 |
| 67 | ov_067 | 6.024004017195199 × 10^287 |
| 68 | ov_068 | 5.188145689442047 × 10^287 |
| 69 | ov_069 | 4.44169536767705 × 10^287 |
| 70 | ov_070 | 3.780643700911971 × 10^287 |
| 71 | ov_071 | 3.197698615101338 × 10^287 |
| 72 | ov_072 | 2.6860143709287723 × 10^287 |
| 73 | ov_073 | 2.239161982666532 × 10^287 |
| 74 | ov_074 | 1.851102342114811 × 10^287 |
| 75 | ov_075 | 1.5161619050601326 × 10^287 |
| 76 | ov_076 | 1.2290108020332013 × 10^287 |
| 77 | ov_077 | 9.84643238589312 × 10^286 |
| 78 | ov_078 | 7.783600530086227 × 10^286 |
| 79 | ov_079 | 6.057533013399986 × 10^286 |
| 80 | ov_080 | 4.626927412025691 × 10^286 |
| 81 | ov_081 | 3.4531408681645575 × 10^286 |
| 82 | ov_082 | 2.5175032305088526 × 10^286 |
| 83 | ov_083 | 1.7864029374909827 × 10^286 |
| 84 | ov_084 | 1.2286292586095829 × 10^286 |
| 85 | ov_085 | 8.153130509812196 × 10^285 |
| 86 | ov_086 | 5.198789192033045 × 10^285 |
| 87 | ov_087 | 3.1800752124212275 × 10^285 |
| 88 | ov_088 | 1.8760676344600173 × 10^285 |
| 89 | ov_089 | 1.0879062802480966 × 10^285 |
| 90 | ov_090 | 6.386437648050956 × 10^284 |
| 91 | ov_091 | 3.73148725549127 × 10^284 |
| 92 | ov_092 | 2.1930019754534165 × 10^284 |
| 93 | ov_093 | 1.1584577248608615 × 10^284 |
| 94 | ov_094 | 5.193132700193225 × 10^283 |
| 95 | aaa_78_28 | 1.6704066714647677 × 10^283 |
| 96 | aaa_78_29 | 6.329842098118533 × 10^282 |
| 97 | ov_097 | 6.898161844709832 × 10^282 |
| 98 | ov_098 | 6.897955958123304 × 10^282 |
| 99 | ov_099 | 6.897890294457567 × 10^282 |
| 100 | ov_100 | 6.209425089295018 × 10^282 |
| 101 | ov_101 | 5.571398687152784 × 10^282 |
| 102 | ov_102 | 4.981081941728388 × 10^282 |
| 103 | ov_103 | 4.43594666632533 × 10^282 |
| 104 | ov_104 | 3.9336385054500926 × 10^282 |
| 105 | ov_105 | 3.471952344489346 × 10^282 |
| 106 | ov_106 | 3.048810122435644 × 10^282 |
| 107 | ov_107 | 2.662240918108755 × 10^282 |
| 108 | ov_108 | 2.3103631848360016 × 10^282 |
| 109 | ov_109 | 1.9913690122286345 × 10^282 |
| 110 | ov_110 | 1.7035102966274153 × 10^282 |
| 111 | ov_111 | 1.445086704080856 × 10^282 |
| 112 | ov_112 | 1.2144353114532638 × 10^282 |
| 113 | ov_113 | 1.0099218125361074 × 10^282 |
| 114 | ov_114 | 8.299331769449284 × 10^281 |
| 115 | ov_115 | 6.728716502010408 × 10^281 |
| 116 | ov_116 | 5.37149983793186 × 10^281 |
| 117 | ov_117 | 4.2118778424974525 × 10^281 |
| 118 | ov_118 | 3.2340887038424568 × 10^281 |
| 119 | ov_119 | 2.422395279504491 × 10^281 |
| 120 | ov_120 | 1.7610747340402044 × 10^281 |
| 121 | ov_121 | 1.2344127474632587 × 10^281 |
| 122 | ov_122 | 8.267003278163446 × 10^280 |
| 123 | ov_123 | 5.222318146808768 × 10^280 |
| 124 | ov_124 | 3.053034271333596 × 10^280 |
| 125 | ov_125 | 1.6021231159270076 × 10^280 |
| 126 | ov_126 | 7.125599460494758 × 10^279 |
| 127 | aaa_77_28 | 2.2732124086746052 × 10^279 |
| 128 | aaa_77_29 | 8.51021625135524 × 10^278 |
| 129 | ov_129 | 7.706138759587868 × 10^278 |
| 130 | ov_130 | 7.706119903659696 × 10^278 |
| 131 | ov_131 | 7.70611385073162 × 10^278 |
| 132 | ov_132 | 6.644492798100232 × 10^278 |
| 133 | ov_133 | 5.696879531906494 × 10^278 |
| 134 | ov_134 | 4.854445977991466 × 10^278 |
| 135 | ov_135 | 4.108853427596321 × 10^278 |
| 136 | ov_136 | 3.452216770176912 × 10^278 |
| 137 | ov_137 | 2.8770733623953514 × 10^278 |
| 138 | ov_138 | 2.3763561940812134 × 10^278 |
| 139 | ov_139 | 1.9433709490703424 × 10^278 |
| 140 | ov_140 | 1.5717765533850473 × 10^278 |
| 141 | ov_141 | 1.2555688254835562 × 10^278 |
| 142 | ov_142 | 9.890668650655972 × 10^277 |
| 143 | ov_143 | 7.66901838295758 × 10^277 |
| 144 | ov_144 | 5.840078558575302 × 10^277 |
| 145 | ov_145 | 4.356146960603891 × 10^277 |
| 146 | ov_146 | 3.1724214597429574 × 10^277 |
| 147 | ov_147 | 2.2469571930938424 × 10^277 |
| 148 | ov_148 | 1.540635129079494 × 10^277 |
| 149 | ov_149 | 1.017139842935341 × 10^277 |
| 150 | ov_150 | 6.429445328037516 × 10^276 |
| 151 | ov_151 | 3.873015119283701 × 10^276 |
| 152 | ov_152 | 2.2223661783462292 × 10^276 |
| 153 | ov_153 | 1.2254618472711299 × 10^276 |
| 154 | ov_154 | 6.579547676635932 × 10^275 |
| 155 | ov_155 | 3.2317840550338415 × 10^275 |
| 156 | aaa_76_25 | 1.2971906191248054 × 10^275 |
| 157 | aaa_76_26 | 7.98147157485848 × 10^274 |
| 158 | aaa_76_27 | 4.374622868142344 × 10^274 |
| 159 | aaa_76_28 | 2.060641097626758 × 10^274 |
| 160 | aaa_76_29 | 7.755208467685054 × 10^273 |

### Output Bits Sorted by Complexity

| Rank | Output Bit | Complexity |
|:----:|:----------:|:----------:|
| 160 | aaa_76_29 | 7.755208467685054 × 10^273 |
| 159 | aaa_76_28 | 2.060641097626758 × 10^274 |
| 158 | aaa_76_27 | 4.374622868142344 × 10^274 |
| 157 | aaa_76_26 | 7.98147157485848 × 10^274 |
| 156 | aaa_76_25 | 1.2971906191248054 × 10^275 |
| 155 | ov_155 | 3.2317840550338415 × 10^275 |
| 154 | ov_154 | 6.579547676635932 × 10^275 |
| 153 | ov_153 | 1.2254618472711299 × 10^276 |
| 152 | ov_152 | 2.2223661783462292 × 10^276 |
| 151 | ov_151 | 3.873015119283701 × 10^276 |
| 150 | ov_150 | 6.429445328037516 × 10^276 |
| 149 | ov_149 | 1.017139842935341 × 10^277 |
| 148 | ov_148 | 1.540635129079494 × 10^277 |
| 147 | ov_147 | 2.2469571930938424 × 10^277 |
| 146 | ov_146 | 3.1724214597429574 × 10^277 |
| 145 | ov_145 | 4.356146960603891 × 10^277 |
| 144 | ov_144 | 5.840078558575302 × 10^277 |
| 143 | ov_143 | 7.66901838295758 × 10^277 |
| 142 | ov_142 | 9.890668650655972 × 10^277 |
| 141 | ov_141 | 1.2555688254835562 × 10^278 |
| 140 | ov_140 | 1.5717765533850473 × 10^278 |
| 139 | ov_139 | 1.9433709490703424 × 10^278 |
| 138 | ov_138 | 2.3763561940812134 × 10^278 |
| 137 | ov_137 | 2.8770733623953514 × 10^278 |
| 136 | ov_136 | 3.452216770176912 × 10^278 |
| 135 | ov_135 | 4.108853427596321 × 10^278 |
| 134 | ov_134 | 4.854445977991466 × 10^278 |
| 133 | ov_133 | 5.696879531906494 × 10^278 |
| 132 | ov_132 | 6.644492798100232 × 10^278 |
| 131 | ov_131 | 7.70611385073162 × 10^278 |
| 130 | ov_130 | 7.706119903659696 × 10^278 |
| 129 | ov_129 | 7.706138759587868 × 10^278 |
| 128 | aaa_77_29 | 8.51021625135524 × 10^278 |
| 127 | aaa_77_28 | 2.2732124086746052 × 10^279 |
| 126 | ov_126 | 7.125599460494758 × 10^279 |
| 125 | ov_125 | 1.6021231159270076 × 10^280 |
| 124 | ov_124 | 3.053034271333596 × 10^280 |
| 123 | ov_123 | 5.222318146808768 × 10^280 |
| 122 | ov_122 | 8.267003278163446 × 10^280 |
| 121 | ov_121 | 1.2344127474632587 × 10^281 |
| 120 | ov_120 | 1.7610747340402044 × 10^281 |
| 119 | ov_119 | 2.422395279504491 × 10^281 |
| 118 | ov_118 | 3.2340887038424568 × 10^281 |
| 117 | ov_117 | 4.2118778424974525 × 10^281 |
| 116 | ov_116 | 5.37149983793186 × 10^281 |
| 115 | ov_115 | 6.728716502010408 × 10^281 |
| 114 | ov_114 | 8.299331769449284 × 10^281 |
| 113 | ov_113 | 1.0099218125361074 × 10^282 |
| 112 | ov_112 | 1.2144353114532638 × 10^282 |
| 111 | ov_111 | 1.445086704080856 × 10^282 |
| 110 | ov_110 | 1.7035102966274153 × 10^282 |
| 109 | ov_109 | 1.9913690122286345 × 10^282 |
| 108 | ov_108 | 2.3103631848360016 × 10^282 |
| 107 | ov_107 | 2.662240918108755 × 10^282 |
| 106 | ov_106 | 3.048810122435644 × 10^282 |
| 105 | ov_105 | 3.471952344489346 × 10^282 |
| 104 | ov_104 | 3.9336385054500926 × 10^282 |
| 103 | ov_103 | 4.43594666632533 × 10^282 |
| 102 | ov_102 | 4.981081941728388 × 10^282 |
| 101 | ov_101 | 5.571398687152784 × 10^282 |
| 100 | ov_100 | 6.209425089295018 × 10^282 |
| 96 | aaa_78_29 | 6.329842098118533 × 10^282 |
| 99 | ov_099 | 6.897890294457567 × 10^282 |
| 98 | ov_098 | 6.897955958123304 × 10^282 |
| 97 | ov_097 | 6.898161844709832 × 10^282 |
| 95 | aaa_78_28 | 1.6704066714647677 × 10^283 |
| 94 | ov_094 | 5.193132700193225 × 10^283 |
| 93 | ov_093 | 1.1584577248608615 × 10^284 |
| 92 | ov_092 | 2.1930019754534165 × 10^284 |
| 91 | ov_091 | 3.73148725549127 × 10^284 |
| 90 | ov_090 | 6.386437648050956 × 10^284 |
| 89 | ov_089 | 1.0879062802480966 × 10^285 |
| 88 | ov_088 | 1.8760676344600173 × 10^285 |
| 87 | ov_087 | 3.1800752124212275 × 10^285 |
| 86 | ov_086 | 5.198789192033045 × 10^285 |
| 85 | ov_085 | 8.153130509812196 × 10^285 |
| 84 | ov_084 | 1.2286292586095829 × 10^286 |
| 83 | ov_083 | 1.7864029374909827 × 10^286 |
| 82 | ov_082 | 2.5175032305088526 × 10^286 |
| 81 | ov_081 | 3.4531408681645575 × 10^286 |
| 80 | ov_080 | 4.626927412025691 × 10^286 |
| 64 | lv_79_k31 | 5.116842435159979 × 10^286 |
| 79 | ov_079 | 6.057533013399986 × 10^286 |
| 78 | ov_078 | 7.783600530086227 × 10^286 |
| 77 | ov_077 | 9.84643238589312 × 10^286 |
| 76 | ov_076 | 1.2290108020332013 × 10^287 |
| 75 | ov_075 | 1.5161619050601326 × 10^287 |
| 74 | ov_074 | 1.851102342114811 × 10^287 |
| 63 | ov_063 | 2.1179978182397868 × 10^287 |
| 73 | ov_073 | 2.239161982666532 × 10^287 |
| 72 | ov_072 | 2.6860143709287723 × 10^287 |
| 71 | ov_071 | 3.197698615101338 × 10^287 |
| 70 | ov_070 | 3.780643700911971 × 10^287 |
| 69 | ov_069 | 4.44169536767705 × 10^287 |
| 68 | ov_068 | 5.188145689442047 × 10^287 |
| 67 | ov_067 | 6.024004017195199 × 10^287 |
| 66 | ov_066 | 6.024009040276802 × 10^287 |
| 65 | ov_065 | 6.024024537792779 × 10^287 |
| 62 | ov_062 | 8.763880390428147 × 10^287 |
| 61 | ov_061 | 2.6534086173216587 × 10^288 |
| 60 | ov_060 | 6.45031801119725 × 10^288 |
| 59 | ov_059 | 1.3416389936567947 × 10^289 |
| 58 | ov_058 | 2.478448653384127 × 10^289 |
| 57 | ov_057 | 4.1787479934686307 × 10^289 |
| 56 | ov_056 | 6.565827327261874 × 10^289 |
| 55 | ov_055 | 1.0449764470683937 × 10^290 |
| 54 | ov_054 | 1.757402800155582 × 10^290 |
| 53 | ov_053 | 2.9928739061942454 × 10^290 |
| 52 | ov_052 | 4.975074052422875 × 10^290 |
| 51 | ov_051 | 7.952370718219254 × 10^290 |
| 50 | ov_050 | 1.2197832689766752 × 10^291 |
| 49 | ov_049 | 1.8009260931461582 × 10^291 |
| 48 | ov_048 | 2.5709241413754785 × 10^291 |
| 47 | ov_047 | 3.5645232569729184 × 10^291 |
| 46 | ov_046 | 4.818970241528796 × 10^291 |
| 32 | lv_80_k31 | 5.081013460411836 × 10^291 |
| 45 | ov_045 | 6.354782498302094 × 10^291 |
| 44 | ov_044 | 8.193760918647094 × 10^291 |
| 43 | ov_043 | 1.0359012482687437 × 10^292 |
| 42 | ov_042 | 1.287497981658842 × 10^292 |
| 41 | ov_041 | 1.5791921581621309 × 10^292 |
| 40 | ov_040 | 1.916289039651148 × 10^292 |
| 31 | ov_031 | 2.1020679293260467 × 10^292 |
| 39 | ov_039 | 2.3043837589212194 × 10^292 |
| 38 | ov_038 | 2.7493740266525314 × 10^292 |
| 37 | ov_037 | 3.257475372743871 × 10^292 |
| 36 | ov_036 | 3.8352392637997307 × 10^292 |
| 35 | ov_035 | 4.4895744613460274 × 10^292 |
| 34 | ov_034 | 5.227772009303082 × 10^292 |
| 33 | ov_033 | 6.057534264514754 × 10^292 |
| 30 | ov_030 | 8.693830659563991 × 10^292 |
| 29 | ov_029 | 2.631185093820642 × 10^293 |
| 28 | ov_028 | 6.394508272225465 × 10^293 |
| 27 | ov_027 | 1.3298020715937462 × 10^294 |
| 26 | ov_026 | 2.7703558662913385 × 10^294 |
| 25 | ov_025 | 5.519461569820146 × 10^294 |
| 24 | ov_024 | 1.0815986901404222 × 10^295 |
| 23 | ov_023 | 2.0143145601369543 × 10^295 |
| 22 | ov_022 | 3.522852178668085 × 10^295 |
| 21 | ov_021 | 5.80441153902851 × 10^295 |
| 20 | ov_020 | 9.080641797226502 × 10^295 |
| 19 | ov_019 | 1.3597652868368579 × 10^296 |
| 18 | ov_018 | 1.962603271157806 × 10^296 |
| 17 | ov_017 | 2.7460874970493375 × 10^296 |
| 16 | ov_016 | 3.742182674360039 × 10^296 |
| 15 | ov_015 | 4.985317073231056 × 10^296 |
| 14 | ov_014 | 6.512395867506057 × 10^296 |
| 13 | ov_013 | 8.36282149500376 × 10^296 |
| 12 | ov_012 | 1.0578523120469756 × 10^297 |
| 11 | ov_011 | 1.3203997484794964 × 10^297 |
| 10 | ov_010 | 1.6286363622219065 × 10^297 |
| 9 | ov_009 | 1.9875434125955247 × 10^297 |
| 8 | ov_008 | 2.4023805649812056 × 10^297 |
| 7 | ov_007 | 2.8786970944244733 × 10^297 |
| 6 | ov_006 | 3.422345429996406 × 10^297 |
| 5 | ov_005 | 4.03949721959832 × 10^297 |
| 4 | ov_004 | 4.736662129923316 × 10^297 |
| 3 | ov_003 | 5.520709681843132 × 10^297 |
| 2 | ov_002 | 6.395366857309521 × 10^297 |
| 1 | ov_001 | 7.36457554904692 × 10^297 |

