# Results for F001-F002-F003-F004-F005-F006-F007-F008-F009-F010-F011-F012-F013-F014-F015-F016-F017-F018-F019-F020-F021-F022-F023-F024-F025-F026-F027-F028-F029-F030-F031-F032-F033-F034-F035-F036-F037-F038-F039-F040-F041-F042-F043-F044-F045-F046-F047-F048-F049-F050-F051-F052-F053-F054-F055-F056-F057-F058-F059-F060-F061-F062-F063-F064-F065-F066-F067-F068-F069-F070-F071-F072-F073-F074-F075-F076-F077-F078-F079-F080-F081-F082-F083-F084-F085-F086-F087-F088-F089-F090-F091-F092-F093-F094-F095-F096-F097-F098-F099-F100-F101-F102-F103-F104-F105-F106-F107-F108-F109-F110-F111-F112-F113-F114-F115-F116-F117-F118-F119-F120-F121-F122-F123-F124-F125-F126-F127-F128-F129-F130-F131-F132-F133-F134-F135-F136-F137-F138-F139-F140-F141-F142-F143-F144-F145-F146-F147-F148-F149-F150-F151-F152-F153-F154-F155-F156-F157-F158-F159-F160-F161-F162-F163-F164-F165-F166-F167-F168-F169-F170-F171-F172-F173-F174-F175-F176-F177-F178-F179-F180-F181-F182-F183-F184-F185-F186-F187-F188-F189-F190-F191-F192-F193-F194-F195-F196-F197-F198-F199-F200-F201-F202-F203-F204-F205-F206-F207-F208-F209-F210-F211-F212-F213-F214-F215-F216-F217-F218-F219-F220-F221-F222-F223-F224-F225-F226-F227-F228-F229-F230-F231-F232-F233-F234-F235-F236-F237-F238-F239-F240-F241-F242-F243-F244-F245-F246-F247-F248-F249-F250-F251-F252-F253-F254-F255-F256-F257-F258-F259-F260-F261-F262-F263-F264-F265-F266-F267-F268-F269-F270-F271-F272-F273-F274-F275-F276-F277-F278-F279-F280-F281-F282-F283-F284-F285-F286-F287-F288-F289-F290-F291-F292-F293-F294-F295-F296-F297-F298-F299-F300-F301-F302-F303-F304-F305-F306-F307-F308-F309-F310-F311-F312-F313-F314-F315-F316-F317-F318-F319-F320-F321-F322-F323-F324-F325-F326-F327-F328-F329-F330-F331-F332-F333-F334-F335-F336-F337-F338-F339-F340-F341-F342-F343-F344-F345-F346-F347-F348-F349-F350-F351-F352-F353-F354-F355-F356-F357-F358-F359-F360-F361-F362-F363-F364-F365-F366-F367-F368-F369-F370-F371-F372-F373-F374-F375-F376-F377-F378-F379-F380-F381-F382-F383-F384-F385-F386-F387-F388-F389-F390-F391-F392-F393-F394-F395-F396-F397-F398-F399-F400-F401-F402-F403-F404-F405-F406-F407-F408-F409-F410-F411-F412-F413-F414-F415-F416-F417-F418-F419-F420-F421-F422-F423-F424-F425-F426-F427-F428-F429-F430-F431-F432-F433-F434-F435-F436-F437-F438-F439-F440-F441-F442-F443-F444-F445-F446-F447-F448-F449-F450-F451-F452-F453-F454-F455-F456-F457-F458-F459-F460-F461-F462-F463-F464-F465-F466-F467-F468-F469-F470-F471-F472-F473-F474-F475-F476-F477-F478-F479-F480-F481-F482-F483-F484-F485-F486-F487-F488-F489-F490-F491-F492-F493-F494-F495-F496-F497-F498-F499-F500-F501-E502508-E502511-E507509-O507510-F512

## Summary

Number of input bits: 512  
Number of free input bits: 6  
Number of output bits: 160

Number of direct occurrences: 25432  
Number of assignments: 31067  
Number of operations: 11526953
(xor: 11497020,
and: 16811,
or: 13122)

Total complexity: 1.5762635701947342 × 10^303

Least occurring input variable: iv_504 (3949)  
Most occurring input variable: iv_507 (4573)

Most co-occurring input variables: iv_503-iv_507 (2164)  
Least co-occurring input variables: iv_504-iv_505 (1863)

Potentially most occurring input variable: iv_502/iv_507 (4787)  
Potentially least occurring input variable: iv_504/iv_506 (4224)

Least output occurring input variable: iv_502 (60)  
Most output occurring input variable: iv_503 (85)

Most output co-occurring input variables: iv_503-iv_504 (46)  
Least output co-occurring input variables: iv_502-iv_507 (23)

Potentially most output occurring input variable: iv_503/iv_505 (89)  
Potentially least output occurring input variable: iv_503/iv_504 (69)

Least complex input bit: iv_502 (1.3131735559092234 × 10^302)  
Most complex input bit: iv_505 (4.496573301312134 × 10^302)

Least complex output bit: aaa_76_29 (4.518660018943008 × 10^277)  
Most complex output bit: ov_001 (2.5265701673218763 × 10^302)

Least complex input/output complexity: iv_502/aaa_76_29 (3.7644623381654066 × 10^276)  
Most complex input/output complexity: iv_505/ov_001 (7.207492562216432 × 10^301)

Input variable with highest collision probability: iv_502 (½^160.0000000000007)

## Input Bits

### Input Bits in Regular Order

| Input Bit | Complexity | Occurrences | Output Occurrences | Collision Probability |
|:---------:|:----------:|:-----------:|:------------------:|:---------------------:|
| iv_502 | 1.3131735559092234 × 10^302 | 4490 | 60 | ½^160.0000000000007 |
| iv_503 | 1.6979383269211976 × 10^302 | 4267 | 85 | ½^160.00000000000077 |
| iv_504 | 2.8263113695532373 × 10^302 | 3949 | 76 | ½^160.00000000000088 |
| iv_505 | 4.496573301312134 × 10^302 | 4042 | 76 | ½^160.00000000000074 |
| iv_506 | 2.4185246722943546 × 10^302 | 4111 | 74 | ½^160.00000000000088 |
| iv_507 | 3.010114475957206 × 10^302 | 4573 | 70 | ½^160.0000000000008 |

### Input Bits Sorted by Complexity

| Input Bit | Complexity | Occurrences | Output Occurrences | Collision Probability |
|:---------:|:----------:|:-----------:|:------------------:|:---------------------:|
| iv_502 | 1.3131735559092234 × 10^302 | 4490 | 60 | ½^160.0000000000007 |
| iv_503 | 1.6979383269211976 × 10^302 | 4267 | 85 | ½^160.00000000000077 |
| iv_506 | 2.4185246722943546 × 10^302 | 4111 | 74 | ½^160.00000000000088 |
| iv_504 | 2.8263113695532373 × 10^302 | 3949 | 76 | ½^160.00000000000088 |
| iv_507 | 3.010114475957206 × 10^302 | 4573 | 70 | ½^160.0000000000008 |
| iv_505 | 4.496573301312134 × 10^302 | 4042 | 76 | ½^160.00000000000074 |

### Input Bits Sorted by Occurrences

| Input Bit | Complexity | Occurrences | Output Occurrences | Collision Probability |
|:---------:|:----------:|:-----------:|:------------------:|:---------------------:|
| iv_504 | 2.8263113695532373 × 10^302 | 3949 | 76 | ½^160.00000000000088 |
| iv_505 | 4.496573301312134 × 10^302 | 4042 | 76 | ½^160.00000000000074 |
| iv_506 | 2.4185246722943546 × 10^302 | 4111 | 74 | ½^160.00000000000088 |
| iv_503 | 1.6979383269211976 × 10^302 | 4267 | 85 | ½^160.00000000000077 |
| iv_502 | 1.3131735559092234 × 10^302 | 4490 | 60 | ½^160.0000000000007 |
| iv_507 | 3.010114475957206 × 10^302 | 4573 | 70 | ½^160.0000000000008 |

### Input Bits Sorted by Output Occurrences

| Input Bit | Complexity | Occurrences | Output Occurrences | Collision Probability |
|:---------:|:----------:|:-----------:|:------------------:|:---------------------:|
| iv_502 | 1.3131735559092234 × 10^302 | 4490 | 60 | ½^160.0000000000007 |
| iv_507 | 3.010114475957206 × 10^302 | 4573 | 70 | ½^160.0000000000008 |
| iv_506 | 2.4185246722943546 × 10^302 | 4111 | 74 | ½^160.00000000000088 |
| iv_505 | 4.496573301312134 × 10^302 | 4042 | 76 | ½^160.00000000000074 |
| iv_504 | 2.8263113695532373 × 10^302 | 3949 | 76 | ½^160.00000000000088 |
| iv_503 | 1.6979383269211976 × 10^302 | 4267 | 85 | ½^160.00000000000077 |

### Input Bits Sorted by Collision Probability

| Input Bit | Complexity | Occurrences | Output Occurrences | Collision Probability |
|:---------:|:----------:|:-----------:|:------------------:|:---------------------:|
| iv_502 | 1.3131735559092234 × 10^302 | 4490 | 60 | ½^160.0000000000007 |
| iv_505 | 4.496573301312134 × 10^302 | 4042 | 76 | ½^160.00000000000074 |
| iv_503 | 1.6979383269211976 × 10^302 | 4267 | 85 | ½^160.00000000000077 |
| iv_507 | 3.010114475957206 × 10^302 | 4573 | 70 | ½^160.0000000000008 |
| iv_506 | 2.4185246722943546 × 10^302 | 4111 | 74 | ½^160.00000000000088 |
| iv_504 | 2.8263113695532373 × 10^302 | 3949 | 76 | ½^160.00000000000088 |

## Input Bit/Output Bit Collision Probabilities

| Input Bit | Output Bit | Collision Probability |
|:---------:|:----------:|:---------------------:|
| iv_505 | ov_009 | 0.500000000000002 |
| iv_502 | ov_142 | 0.5000000000000018 |
| iv_507 | ov_093 | 0.5000000000000018 |
| iv_502 | aaa_78_28 | 0.5000000000000016 |
| iv_507 | ov_123 | 0.5000000000000016 |
| iv_504 | ov_076 | 0.5000000000000013 |

## Input Bit Co-occurrences

### Input Bit Co-occurrences Sorted by Co-occurrences

| Input Bits | Co-occurrences | Potential Occurrences | Output Co-occurrences | Potential Output Occurrences |
|:----------:|:--------------:|:---------------------:|:---------------------:|:----------------------------:|
| iv_503-iv_507 | 2164 | 4512 | 37 | 81 |
| iv_502-iv_507 | 2138 | 4787 | 23 | 84 |
| iv_506-iv_507 | 2118 | 4448 | 34 | 76 |
| iv_502-iv_503 | 2090 | 4577 | 32 | 81 |
| iv_505-iv_507 | 2019 | 4577 | 35 | 76 |
| iv_502-iv_505 | 1974 | 4584 | 29 | 78 |

### Input Bit Co-occurrences Sorted by Potential Occurrences

| Input Bits | Co-occurrences | Potential Occurrences | Output Co-occurrences | Potential Output Occurrences |
|:----------:|:--------------:|:---------------------:|:---------------------:|:----------------------------:|
| iv_504-iv_506 | 1918 | 4224 | 35 | 80 |
| iv_504-iv_505 | 1863 | 4265 | 36 | 80 |
| iv_503-iv_504 | 1944 | 4328 | 46 | 69 |
| iv_503-iv_505 | 1972 | 4365 | 36 | 89 |
| iv_505-iv_506 | 1880 | 4393 | 31 | 88 |
| iv_506-iv_507 | 2118 | 4448 | 34 | 76 |

### Input Bit Output Co-occurrences Sorted by Output Co-occurrences

| Input Bits | Co-occurrences | Potential Occurrences | Output Co-occurrences | Potential Output Occurrences |
|:----------:|:--------------:|:---------------------:|:---------------------:|:----------------------------:|
| iv_503-iv_504 | 1944 | 4328 | 46 | 69 |
| iv_503-iv_506 | 1965 | 4448 | 43 | 73 |
| iv_503-iv_507 | 2164 | 4512 | 37 | 81 |
| iv_503-iv_505 | 1972 | 4365 | 36 | 89 |
| iv_504-iv_505 | 1863 | 4265 | 36 | 80 |
| iv_505-iv_507 | 2019 | 4577 | 35 | 76 |

### Input Bit Output Co-occurrences Sorted by Potential Output Occurrences

| Input Bits | Co-occurrences | Potential Occurrences | Output Co-occurrences | Potential Output Occurrences |
|:----------:|:--------------:|:---------------------:|:---------------------:|:----------------------------:|
| iv_503-iv_504 | 1944 | 4328 | 46 | 69 |
| iv_503-iv_506 | 1965 | 4448 | 43 | 73 |
| iv_505-iv_507 | 2019 | 4577 | 35 | 76 |
| iv_506-iv_507 | 2118 | 4448 | 34 | 76 |
| iv_502-iv_504 | 1928 | 4583 | 29 | 78 |
| iv_502-iv_505 | 1974 | 4584 | 29 | 78 |

## Output Bits

### Output Bits in Regular Order

| Rank | Output Bit | Complexity |
|:----:|:----------:|:----------:|
| 1 | ov_001 | 2.5265701673218763 × 10^302 |
| 2 | ov_002 | 2.1936086125345427 × 10^302 |
| 3 | ov_003 | 1.8932047182161556 × 10^302 |
| 4 | ov_004 | 1.6239976626771674 × 10^302 |
| 5 | ov_005 | 1.3847008069666432 × 10^302 |
| 6 | ov_006 | 1.172942614584822 × 10^302 |
| 7 | ov_007 | 9.864757680741699 × 10^301 |
| 8 | ov_008 | 8.231696337878862 × 10^301 |
| 9 | ov_009 | 6.810037742447637 × 10^301 |
| 10 | ov_010 | 5.580624043793427 × 10^301 |
| 11 | ov_011 | 4.5252971755618597 × 10^301 |
| 12 | ov_012 | 3.626860193222585 × 10^301 |
| 13 | ov_013 | 2.869046042504769 × 10^301 |
| 14 | ov_014 | 2.2364929655924055 × 10^301 |
| 15 | ov_015 | 1.7147256177037456 × 10^301 |
| 16 | ov_016 | 1.2901409691778192 × 10^301 |
| 17 | ov_017 | 9.499981367740056 × 10^300 |
| 18 | ov_018 | 6.824113562493833 × 10^300 |
| 19 | ov_019 | 4.763453764976534 × 10^300 |
| 20 | ov_020 | 3.2161262367135486 × 10^300 |
| 21 | ov_021 | 2.0887155180200947 × 10^300 |
| 22 | ov_022 | 1.296256882066088 × 10^300 |
| 23 | ov_023 | 7.62230363445313 × 10^299 |
| 24 | ov_024 | 4.185567505776463 × 10^299 |
| 25 | ov_025 | 2.055949646423744 × 10^299 |
| 26 | ov_026 | 9.563374781201038 × 10^298 |
| 27 | ov_027 | 4.590429992712656 × 10^298 |
| 28 | ov_028 | 2.2073147700256368 × 10^298 |
| 29 | ov_029 | 9.082357891752646 × 10^297 |
| 30 | ov_030 | 3.00088141898354 × 10^297 |
| 31 | ov_031 | 7.255619479232846 × 10^296 |
| 32 | lv_80_k31 | 1.7537537360590507 × 10^296 |
| 33 | ov_033 | 2.090908883201271 × 10^297 |
| 34 | ov_034 | 1.804396283765666 × 10^297 |
| 35 | ov_035 | 1.5495305170022358 × 10^297 |
| 36 | ov_036 | 1.3236424232508338 × 10^297 |
| 37 | ov_037 | 1.1242065961905284 × 10^297 |
| 38 | ov_038 | 9.48831222568677 × 10^296 |
| 39 | ov_039 | 7.95249305254496 × 10^296 |
| 40 | ov_040 | 6.613111285285511 × 10^296 |
| 41 | ov_041 | 5.449778315846015 × 10^296 |
| 42 | ov_042 | 4.4431596312830665 × 10^296 |
| 43 | ov_043 | 3.5749290343310476 × 10^296 |
| 44 | ov_044 | 2.8277306656070667 × 10^296 |
| 45 | ov_045 | 2.1931248980811087 × 10^296 |
| 46 | ov_046 | 1.6631349800850676 × 10^296 |
| 47 | ov_047 | 1.2302362798810232 × 10^296 |
| 48 | ov_048 | 8.873480519859705 × 10^295 |
| 49 | ov_049 | 6.216176494611745 × 10^295 |
| 50 | ov_050 | 4.210560369589082 × 10^295 |
| 51 | ov_051 | 2.7453270606829076 × 10^295 |
| 52 | ov_052 | 1.717723703470295 × 10^295 |
| 53 | ov_053 | 1.0335291681627425 × 10^295 |
| 54 | ov_054 | 6.070420768404643 × 10^294 |
| 55 | ov_055 | 3.610740867798957 × 10^294 |
| 56 | ov_056 | 2.269459709753837 × 10^294 |
| 57 | ov_057 | 1.4448518103316166 × 10^294 |
| 58 | ov_058 | 8.573187895947472 × 10^293 |
| 59 | ov_059 | 4.64339697275963 × 10^293 |
| 60 | ov_060 | 2.2339461803709083 × 10^293 |
| 61 | ov_061 | 9.196396361891998 × 10^292 |
| 62 | ov_062 | 3.0397312107535503 × 10^292 |
| 63 | ov_063 | 7.35218361903924 × 10^291 |
| 64 | lv_79_k31 | 1.7776363372038314 × 10^291 |
| 65 | ov_065 | 2.104490914923538 × 10^292 |
| 66 | ov_066 | 2.1044858696528144 × 10^292 |
| 67 | ov_067 | 2.104484274595457 × 10^292 |
| 68 | ov_068 | 1.8175758971696139 × 10^292 |
| 69 | ov_069 | 1.5606000564721752 × 10^292 |
| 70 | ov_070 | 1.3323063139997798 × 10^292 |
| 71 | ov_071 | 1.1303788533663185 × 10^292 |
| 72 | ov_072 | 9.526152196077808 × 10^291 |
| 73 | ov_073 | 7.969192759799518 × 10^291 |
| 74 | ov_074 | 6.612954254385834 × 10^291 |
| 75 | ov_075 | 5.4384393955569297 × 10^291 |
| 76 | ov_076 | 4.4275724591467163 × 10^291 |
| 77 | ov_077 | 3.563170330639122 × 10^291 |
| 78 | ov_078 | 2.8289203994576598 × 10^291 |
| 79 | ov_079 | 2.2093640439931532 × 10^291 |
| 80 | ov_080 | 1.6898845289918994 × 10^291 |
| 81 | ov_081 | 1.2633826857116046 × 10^291 |
| 82 | ov_082 | 9.23174040134779 × 10^290 |
| 83 | ov_083 | 6.571230108645767 × 10^290 |
| 84 | ov_084 | 4.539113203247989 × 10^290 |
| 85 | ov_085 | 3.030345511127284 × 10^290 |
| 86 | ov_086 | 1.9479936520525835 × 10^290 |
| 87 | ov_087 | 1.2032131293285585 × 10^290 |
| 88 | ov_088 | 7.152315865839824 × 10^289 |
| 89 | ov_089 | 4.113365011197116 × 10^289 |
| 90 | ov_090 | 2.268665834108141 × 10^289 |
| 91 | ov_091 | 1.3150313073655648 × 10^289 |
| 92 | ov_092 | 7.667269745805547 × 10^288 |
| 93 | ov_093 | 4.009881626818157 × 10^288 |
| 94 | ov_094 | 1.7761814997483503 × 10^288 |
| 95 | aaa_78_28 | 5.642098712367452 × 10^287 |
| 96 | aaa_78_29 | 2.0987650619217843 × 10^287 |
| 97 | ov_097 | 1.7909980323710978 × 10^287 |
| 98 | ov_098 | 1.790986067281956 × 10^287 |
| 99 | ov_099 | 1.7909822514160647 × 10^287 |
| 100 | ov_100 | 1.5110743469907193 × 10^287 |
| 101 | ov_101 | 1.2655104923632938 × 10^287 |
| 102 | ov_102 | 1.0513578495677603 × 10^287 |
| 103 | ov_103 | 8.658422487757778 × 10^286 |
| 104 | ov_104 | 7.063365130159833 × 10^286 |
| 105 | ov_105 | 5.703503602906385 × 10^286 |
| 106 | ov_106 | 4.555217352091838 × 10^286 |
| 107 | ov_107 | 3.5960943012600557 × 10^286 |
| 108 | ov_108 | 2.8048686331821197 × 10^286 |
| 109 | ov_109 | 2.1613688902452838 × 10^286 |
| 110 | ov_110 | 1.6464752123765876 × 10^286 |
| 111 | ov_111 | 1.2420846004259468 × 10^286 |
| 112 | ov_112 | 9.310831606002635 × 10^285 |
| 113 | ov_113 | 6.973243521964835 × 10^285 |
| 114 | ov_114 | 5.2561232679413656 × 10^285 |
| 115 | ov_115 | 4.016895124509064 × 10^285 |
| 116 | ov_116 | 3.122276614682469 × 10^285 |
| 117 | ov_117 | 2.4482164508675912 × 10^285 |
| 118 | ov_118 | 1.8798534312656048 × 10^285 |
| 119 | ov_119 | 1.4080391472014306 × 10^285 |
| 120 | ov_120 | 1.023633977944806 × 10^285 |
| 121 | ov_121 | 7.175032642853883 × 10^284 |
| 122 | ov_122 | 4.805154513902692 × 10^284 |
| 123 | ov_123 | 3.035409255544607 × 10^284 |
| 124 | ov_124 | 1.7745116816908263 × 10^284 |
| 125 | ov_125 | 9.311820094792139 × 10^283 |
| 126 | ov_126 | 4.141426708959903 × 10^283 |
| 127 | aaa_77_28 | 1.321168051085121 × 10^283 |
| 128 | aaa_77_29 | 4.945877363318302 × 10^282 |
| 129 | ov_129 | 4.479939560302828 × 10^282 |
| 130 | ov_130 | 4.4799285736291076 × 10^282 |
| 131 | ov_131 | 4.479925046782315 × 10^282 |
| 132 | ov_132 | 3.862698233543179 × 10^282 |
| 133 | ov_133 | 3.31181710584307 × 10^282 |
| 134 | ov_134 | 2.822137957065207 × 10^282 |
| 135 | ov_135 | 2.3888022212932296 × 10^282 |
| 136 | ov_136 | 2.0072156321053384 × 10^282 |
| 137 | ov_137 | 1.6730300825509738 × 10^282 |
| 138 | ov_138 | 1.382127988753031 × 10^282 |
| 139 | ov_139 | 1.1306089229271084 × 10^282 |
| 140 | ov_140 | 9.14778278414455 × 10^281 |
| 141 | ov_141 | 7.311377422747898 × 10^281 |
| 142 | ov_142 | 5.763773636471343 × 10^281 |
| 143 | ov_143 | 4.4736901853052476 × 10^281 |
| 144 | ov_144 | 3.4116109409291366 × 10^281 |
| 145 | ov_145 | 2.5497424813208495 × 10^281 |
| 146 | ov_146 | 1.8619811140185923 × 10^281 |
| 147 | ov_147 | 1.3238879220789936 × 10^281 |
| 148 | ov_148 | 9.126704451136462 × 10^280 |
| 149 | ov_149 | 6.071697276820064 × 10^280 |
| 150 | ov_150 | 3.878515871050107 × 10^280 |
| 151 | ov_151 | 2.3680107248198833 × 10^280 |
| 152 | ov_152 | 1.3771920636738825 × 10^280 |
| 153 | ov_153 | 7.592122020970921 × 10^279 |
| 154 | ov_154 | 3.8335641160736207 × 10^279 |
| 155 | ov_155 | 1.882997641288773 × 10^279 |
| 156 | aaa_76_25 | 7.558086923834259 × 10^278 |
| 157 | aaa_76_26 | 4.650424172859535 × 10^278 |
| 158 | aaa_76_27 | 2.5488967784902114 × 10^278 |
| 159 | aaa_76_28 | 1.2006496763591707 × 10^278 |
| 160 | aaa_76_29 | 4.518660018943008 × 10^277 |

### Output Bits Sorted by Complexity

| Rank | Output Bit | Complexity |
|:----:|:----------:|:----------:|
| 160 | aaa_76_29 | 4.518660018943008 × 10^277 |
| 159 | aaa_76_28 | 1.2006496763591707 × 10^278 |
| 158 | aaa_76_27 | 2.5488967784902114 × 10^278 |
| 157 | aaa_76_26 | 4.650424172859535 × 10^278 |
| 156 | aaa_76_25 | 7.558086923834259 × 10^278 |
| 155 | ov_155 | 1.882997641288773 × 10^279 |
| 154 | ov_154 | 3.8335641160736207 × 10^279 |
| 153 | ov_153 | 7.592122020970921 × 10^279 |
| 152 | ov_152 | 1.3771920636738825 × 10^280 |
| 151 | ov_151 | 2.3680107248198833 × 10^280 |
| 150 | ov_150 | 3.878515871050107 × 10^280 |
| 149 | ov_149 | 6.071697276820064 × 10^280 |
| 148 | ov_148 | 9.126704451136462 × 10^280 |
| 147 | ov_147 | 1.3238879220789936 × 10^281 |
| 146 | ov_146 | 1.8619811140185923 × 10^281 |
| 145 | ov_145 | 2.5497424813208495 × 10^281 |
| 144 | ov_144 | 3.4116109409291366 × 10^281 |
| 143 | ov_143 | 4.4736901853052476 × 10^281 |
| 142 | ov_142 | 5.763773636471343 × 10^281 |
| 141 | ov_141 | 7.311377422747898 × 10^281 |
| 140 | ov_140 | 9.14778278414455 × 10^281 |
| 139 | ov_139 | 1.1306089229271084 × 10^282 |
| 138 | ov_138 | 1.382127988753031 × 10^282 |
| 137 | ov_137 | 1.6730300825509738 × 10^282 |
| 136 | ov_136 | 2.0072156321053384 × 10^282 |
| 135 | ov_135 | 2.3888022212932296 × 10^282 |
| 134 | ov_134 | 2.822137957065207 × 10^282 |
| 133 | ov_133 | 3.31181710584307 × 10^282 |
| 132 | ov_132 | 3.862698233543179 × 10^282 |
| 131 | ov_131 | 4.479925046782315 × 10^282 |
| 130 | ov_130 | 4.4799285736291076 × 10^282 |
| 129 | ov_129 | 4.479939560302828 × 10^282 |
| 128 | aaa_77_29 | 4.945877363318302 × 10^282 |
| 127 | aaa_77_28 | 1.321168051085121 × 10^283 |
| 126 | ov_126 | 4.141426708959903 × 10^283 |
| 125 | ov_125 | 9.311820094792139 × 10^283 |
| 124 | ov_124 | 1.7745116816908263 × 10^284 |
| 123 | ov_123 | 3.035409255544607 × 10^284 |
| 122 | ov_122 | 4.805154513902692 × 10^284 |
| 121 | ov_121 | 7.175032642853883 × 10^284 |
| 120 | ov_120 | 1.023633977944806 × 10^285 |
| 119 | ov_119 | 1.4080391472014306 × 10^285 |
| 118 | ov_118 | 1.8798534312656048 × 10^285 |
| 117 | ov_117 | 2.4482164508675912 × 10^285 |
| 116 | ov_116 | 3.122276614682469 × 10^285 |
| 115 | ov_115 | 4.016895124509064 × 10^285 |
| 114 | ov_114 | 5.2561232679413656 × 10^285 |
| 113 | ov_113 | 6.973243521964835 × 10^285 |
| 112 | ov_112 | 9.310831606002635 × 10^285 |
| 111 | ov_111 | 1.2420846004259468 × 10^286 |
| 110 | ov_110 | 1.6464752123765876 × 10^286 |
| 109 | ov_109 | 2.1613688902452838 × 10^286 |
| 108 | ov_108 | 2.8048686331821197 × 10^286 |
| 107 | ov_107 | 3.5960943012600557 × 10^286 |
| 106 | ov_106 | 4.555217352091838 × 10^286 |
| 105 | ov_105 | 5.703503602906385 × 10^286 |
| 104 | ov_104 | 7.063365130159833 × 10^286 |
| 103 | ov_103 | 8.658422487757778 × 10^286 |
| 102 | ov_102 | 1.0513578495677603 × 10^287 |
| 101 | ov_101 | 1.2655104923632938 × 10^287 |
| 100 | ov_100 | 1.5110743469907193 × 10^287 |
| 99 | ov_099 | 1.7909822514160647 × 10^287 |
| 98 | ov_098 | 1.790986067281956 × 10^287 |
| 97 | ov_097 | 1.7909980323710978 × 10^287 |
| 96 | aaa_78_29 | 2.0987650619217843 × 10^287 |
| 95 | aaa_78_28 | 5.642098712367452 × 10^287 |
| 94 | ov_094 | 1.7761814997483503 × 10^288 |
| 93 | ov_093 | 4.009881626818157 × 10^288 |
| 92 | ov_092 | 7.667269745805547 × 10^288 |
| 91 | ov_091 | 1.3150313073655648 × 10^289 |
| 90 | ov_090 | 2.268665834108141 × 10^289 |
| 89 | ov_089 | 4.113365011197116 × 10^289 |
| 88 | ov_088 | 7.152315865839824 × 10^289 |
| 87 | ov_087 | 1.2032131293285585 × 10^290 |
| 86 | ov_086 | 1.9479936520525835 × 10^290 |
| 85 | ov_085 | 3.030345511127284 × 10^290 |
| 84 | ov_084 | 4.539113203247989 × 10^290 |
| 83 | ov_083 | 6.571230108645767 × 10^290 |
| 82 | ov_082 | 9.23174040134779 × 10^290 |
| 81 | ov_081 | 1.2633826857116046 × 10^291 |
| 80 | ov_080 | 1.6898845289918994 × 10^291 |
| 64 | lv_79_k31 | 1.7776363372038314 × 10^291 |
| 79 | ov_079 | 2.2093640439931532 × 10^291 |
| 78 | ov_078 | 2.8289203994576598 × 10^291 |
| 77 | ov_077 | 3.563170330639122 × 10^291 |
| 76 | ov_076 | 4.4275724591467163 × 10^291 |
| 75 | ov_075 | 5.4384393955569297 × 10^291 |
| 74 | ov_074 | 6.612954254385834 × 10^291 |
| 63 | ov_063 | 7.35218361903924 × 10^291 |
| 73 | ov_073 | 7.969192759799518 × 10^291 |
| 72 | ov_072 | 9.526152196077808 × 10^291 |
| 71 | ov_071 | 1.1303788533663185 × 10^292 |
| 70 | ov_070 | 1.3323063139997798 × 10^292 |
| 69 | ov_069 | 1.5606000564721752 × 10^292 |
| 68 | ov_068 | 1.8175758971696139 × 10^292 |
| 67 | ov_067 | 2.104484274595457 × 10^292 |
| 66 | ov_066 | 2.1044858696528144 × 10^292 |
| 65 | ov_065 | 2.104490914923538 × 10^292 |
| 62 | ov_062 | 3.0397312107535503 × 10^292 |
| 61 | ov_061 | 9.196396361891998 × 10^292 |
| 60 | ov_060 | 2.2339461803709083 × 10^293 |
| 59 | ov_059 | 4.64339697275963 × 10^293 |
| 58 | ov_058 | 8.573187895947472 × 10^293 |
| 57 | ov_057 | 1.4448518103316166 × 10^294 |
| 56 | ov_056 | 2.269459709753837 × 10^294 |
| 55 | ov_055 | 3.610740867798957 × 10^294 |
| 54 | ov_054 | 6.070420768404643 × 10^294 |
| 53 | ov_053 | 1.0335291681627425 × 10^295 |
| 52 | ov_052 | 1.717723703470295 × 10^295 |
| 51 | ov_051 | 2.7453270606829076 × 10^295 |
| 50 | ov_050 | 4.210560369589082 × 10^295 |
| 49 | ov_049 | 6.216176494611745 × 10^295 |
| 48 | ov_048 | 8.873480519859705 × 10^295 |
| 47 | ov_047 | 1.2302362798810232 × 10^296 |
| 46 | ov_046 | 1.6631349800850676 × 10^296 |
| 32 | lv_80_k31 | 1.7537537360590507 × 10^296 |
| 45 | ov_045 | 2.1931248980811087 × 10^296 |
| 44 | ov_044 | 2.8277306656070667 × 10^296 |
| 43 | ov_043 | 3.5749290343310476 × 10^296 |
| 42 | ov_042 | 4.4431596312830665 × 10^296 |
| 41 | ov_041 | 5.449778315846015 × 10^296 |
| 40 | ov_040 | 6.613111285285511 × 10^296 |
| 31 | ov_031 | 7.255619479232846 × 10^296 |
| 39 | ov_039 | 7.95249305254496 × 10^296 |
| 38 | ov_038 | 9.48831222568677 × 10^296 |
| 37 | ov_037 | 1.1242065961905284 × 10^297 |
| 36 | ov_036 | 1.3236424232508338 × 10^297 |
| 35 | ov_035 | 1.5495305170022358 × 10^297 |
| 34 | ov_034 | 1.804396283765666 × 10^297 |
| 33 | ov_033 | 2.090908883201271 × 10^297 |
| 30 | ov_030 | 3.00088141898354 × 10^297 |
| 29 | ov_029 | 9.082357891752646 × 10^297 |
| 28 | ov_028 | 2.2073147700256368 × 10^298 |
| 27 | ov_027 | 4.590429992712656 × 10^298 |
| 26 | ov_026 | 9.563374781201038 × 10^298 |
| 25 | ov_025 | 2.055949646423744 × 10^299 |
| 24 | ov_024 | 4.185567505776463 × 10^299 |
| 23 | ov_023 | 7.62230363445313 × 10^299 |
| 22 | ov_022 | 1.296256882066088 × 10^300 |
| 21 | ov_021 | 2.0887155180200947 × 10^300 |
| 20 | ov_020 | 3.2161262367135486 × 10^300 |
| 19 | ov_019 | 4.763453764976534 × 10^300 |
| 18 | ov_018 | 6.824113562493833 × 10^300 |
| 17 | ov_017 | 9.499981367740056 × 10^300 |
| 16 | ov_016 | 1.2901409691778192 × 10^301 |
| 15 | ov_015 | 1.7147256177037456 × 10^301 |
| 14 | ov_014 | 2.2364929655924055 × 10^301 |
| 13 | ov_013 | 2.869046042504769 × 10^301 |
| 12 | ov_012 | 3.626860193222585 × 10^301 |
| 11 | ov_011 | 4.5252971755618597 × 10^301 |
| 10 | ov_010 | 5.580624043793427 × 10^301 |
| 9 | ov_009 | 6.810037742447637 × 10^301 |
| 8 | ov_008 | 8.231696337878862 × 10^301 |
| 7 | ov_007 | 9.864757680741699 × 10^301 |
| 6 | ov_006 | 1.172942614584822 × 10^302 |
| 5 | ov_005 | 1.3847008069666432 × 10^302 |
| 4 | ov_004 | 1.6239976626771674 × 10^302 |
| 3 | ov_003 | 1.8932047182161556 × 10^302 |
| 2 | ov_002 | 2.1936086125345427 × 10^302 |
| 1 | ov_001 | 2.5265701673218763 × 10^302 |

