# Results for F001-F002-F003-F004-F005-F006-F007-F008-F009-F010-F011-F012-F013-F014-F015-F016-F017-F018-F019-F020-F021-F022-F023-F024-F025-F026-F027-F028-F029-F030-F031-F032-F033-F034-F035-F036-F037-F038-F039-F040-F041-F042-F043-F044-F045-F046-F047-F048-F049-F050-F051-F052-F053-F054-F055-F056-F057-F058-F059-F060-F061-F062-F063-F064-F065-F066-F067-F068-F069-F070-F071-F072-F073-F074-F075-F076-F077-F078-F079-F080-F081-F082-F083-F084-F085-F086-F087-F088-F089-F090-F091-F092-F093-F094-F095-F096-F097-F098-F099-F100-F101-F102-F103-F104-F105-F106-F107-F108-F109-F110-F111-F112-F113-F114-F115-F116-F117-F118-F119-F120-F121-F122-F123-F124-F125-F126-F127-F128-F129-F130-F131-F132-F133-F134-F135-F136-F137-F138-F139-F140-F141-F142-F143-F144-F145-F146-F147-F148-F149-F150-F151-F152-F153-F154-F155-F156-F157-F158-F159-F160-F161-F162-F163-F164-F165-F166-F167-F168-F169-F170-F171-F172-F173-F174-F175-F176-F177-F178-F179-F180-F181-F182-F183-F184-F185-F186-F187-F188-F189-F190-F191-F192-F193-F194-F195-F196-F197-F198-F199-F200-F201-F202-F203-F204-F205-F206-F207-F208-F209-F210-F211-F212-F213-F214-F215-F216-F217-F218-F219-F220-F221-F222-F223-F224-F225-F226-F227-F228-F229-F230-F231-F232-F233-F234-F235-F236-F237-F238-F239-F240-F241-F242-F243-F244-F245-F246-F247-F248-F249-F250-F251-F252-F253-F254-F255-F256-F257-F258-F259-F260-F261-F262-F263-F264-F265-F266-F267-F268-F269-F270-F271-F272-F273-F274-F275-F276-F277-F278-F279-F280-F281-F282-F283-F284-F285-F286-F287-F288-F289-F290-F291-F292-F293-F294-F295-F296-F297-F298-F299-F300-F301-F302-F303-F304-F305-F306-F307-F308-F309-F310-F311-F312-F313-F314-F315-F316-F317-F318-F319-F320-F321-F322-F323-F324-F325-F326-F327-F328-F329-F330-F331-F332-F333-F334-F335-F336-F337-F338-F339-F340-F341-F342-F343-F344-F345-F346-F347-F348-F349-F350-F351-F352-F353-F354-F355-F356-F357-F358-F359-F360-F361-F362-F363-F364-F365-F366-F367-F368-F369-F370-F371-F372-F373-F374-F375-F376-F377-F378-F379-F380-F381-F382-F383-F384-F385-F386-F387-F388-F389-F390-F391-F392-F393-F394-F395-F396-F397-F398-F399-F400-F401-F402-F403-F404-F405-F406-F407-F408-F409-F410-F411-F412-F413-F414-F415-F416-F417-F418-F419-F420-F421-F422-F423-F424-F425-F426-F427-F428-F429-F430-F431-F432-F433-F434-F435-F436-F437-F438-F439-F440-F441-F442-F443-F444-F445-F446-F447-F448-F449-F450-F451-F452-F453-F454-F455-F456-F457-F458-F459-F460-F461-F462-F463-F464-F465-F466-F467-F468-F469-F470-F471-F472-F473-F474-F475-F476-F477-F478-F479-F480-F481-F482-F483-F484-F485-F486-F487-F488-F489-F490-F491-F492-F493-F494-F495-F496-F497-F498-F499-F500-F501-F502-F503-F504-E505507-E506510

## Summary

Number of input bits: 512  
Number of free input bits: 6  
Number of output bits: 160

Number of direct occurrences: 25088  
Number of assignments: 30587  
Number of operations: 10909296
(xor: 10879089,
and: 17372,
or: 12835)

Total complexity: 1.3486854403494146 × 10^297

Least occurring input variable: iv_508 (4044)  
Most occurring input variable: iv_505 (4325)

Most co-occurring input variables: iv_511-iv_512 (2032)  
Least co-occurring input variables: iv_506-iv_509 (1863)

Potentially most occurring input variable: iv_505/iv_512 (4653)  
Potentially least occurring input variable: iv_508/iv_509 (4244)

Least output occurring input variable: iv_508 (70)  
Most output occurring input variable: iv_505 (85)

Most output co-occurring input variables: iv_505-iv_509 (43)  
Least output co-occurring input variables: iv_506-iv_508 (28)

Potentially most output occurring input variable: iv_508/iv_512 (90)  
Potentially least output occurring input variable: iv_505/iv_508 (71)

Least complex input bit: iv_505 (1.3420821480318343 × 10^296)  
Most complex input bit: iv_506 (4.294779819311891 × 10^296)

Least complex output bit: aaa_76_29 (2.10954987273747 × 10^272)  
Most complex output bit: ov_001 (2.1006733510999736 × 10^296)

Least complex input/output complexity: iv_505/aaa_76_29 (2.0992213157208025 × 10^271)  
Most complex input/output complexity: iv_506/ov_001 (6.689424565103238 × 10^295)

Input variable with highest collision probability: iv_508 (½^160.0000000000007)

## Input Bits

### Input Bits in Regular Order

| Input Bit | Complexity | Occurrences | Output Occurrences | Collision Probability |
|:---------:|:----------:|:-----------:|:------------------:|:---------------------:|
| iv_505 | 1.3420821480318343 × 10^296 | 4325 | 85 | ½^160.0000000000009 |
| iv_506 | 4.294779819311891 × 10^296 | 4279 | 73 | ½^160.00000000000085 |
| iv_508 | 1.7996861086863406 × 10^296 | 4044 | 70 | ½^160.0000000000007 |
| iv_509 | 2.7617327821463746 × 10^296 | 4052 | 78 | ½^160.00000000000077 |
| iv_511 | 1.5087151489208527 × 10^296 | 4112 | 74 | ½^160.00000000000077 |
| iv_512 | 1.7798583963968513 × 10^296 | 4276 | 78 | ½^160.00000000000074 |

### Input Bits Sorted by Complexity

| Input Bit | Complexity | Occurrences | Output Occurrences | Collision Probability |
|:---------:|:----------:|:-----------:|:------------------:|:---------------------:|
| iv_505 | 1.3420821480318343 × 10^296 | 4325 | 85 | ½^160.0000000000009 |
| iv_511 | 1.5087151489208527 × 10^296 | 4112 | 74 | ½^160.00000000000077 |
| iv_512 | 1.7798583963968513 × 10^296 | 4276 | 78 | ½^160.00000000000074 |
| iv_508 | 1.7996861086863406 × 10^296 | 4044 | 70 | ½^160.0000000000007 |
| iv_509 | 2.7617327821463746 × 10^296 | 4052 | 78 | ½^160.00000000000077 |
| iv_506 | 4.294779819311891 × 10^296 | 4279 | 73 | ½^160.00000000000085 |

### Input Bits Sorted by Occurrences

| Input Bit | Complexity | Occurrences | Output Occurrences | Collision Probability |
|:---------:|:----------:|:-----------:|:------------------:|:---------------------:|
| iv_508 | 1.7996861086863406 × 10^296 | 4044 | 70 | ½^160.0000000000007 |
| iv_509 | 2.7617327821463746 × 10^296 | 4052 | 78 | ½^160.00000000000077 |
| iv_511 | 1.5087151489208527 × 10^296 | 4112 | 74 | ½^160.00000000000077 |
| iv_512 | 1.7798583963968513 × 10^296 | 4276 | 78 | ½^160.00000000000074 |
| iv_506 | 4.294779819311891 × 10^296 | 4279 | 73 | ½^160.00000000000085 |
| iv_505 | 1.3420821480318343 × 10^296 | 4325 | 85 | ½^160.0000000000009 |

### Input Bits Sorted by Output Occurrences

| Input Bit | Complexity | Occurrences | Output Occurrences | Collision Probability |
|:---------:|:----------:|:-----------:|:------------------:|:---------------------:|
| iv_508 | 1.7996861086863406 × 10^296 | 4044 | 70 | ½^160.0000000000007 |
| iv_506 | 4.294779819311891 × 10^296 | 4279 | 73 | ½^160.00000000000085 |
| iv_511 | 1.5087151489208527 × 10^296 | 4112 | 74 | ½^160.00000000000077 |
| iv_509 | 2.7617327821463746 × 10^296 | 4052 | 78 | ½^160.00000000000077 |
| iv_512 | 1.7798583963968513 × 10^296 | 4276 | 78 | ½^160.00000000000074 |
| iv_505 | 1.3420821480318343 × 10^296 | 4325 | 85 | ½^160.0000000000009 |

### Input Bits Sorted by Collision Probability

| Input Bit | Complexity | Occurrences | Output Occurrences | Collision Probability |
|:---------:|:----------:|:-----------:|:------------------:|:---------------------:|
| iv_508 | 1.7996861086863406 × 10^296 | 4044 | 70 | ½^160.0000000000007 |
| iv_512 | 1.7798583963968513 × 10^296 | 4276 | 78 | ½^160.00000000000074 |
| iv_509 | 2.7617327821463746 × 10^296 | 4052 | 78 | ½^160.00000000000077 |
| iv_511 | 1.5087151489208527 × 10^296 | 4112 | 74 | ½^160.00000000000077 |
| iv_506 | 4.294779819311891 × 10^296 | 4279 | 73 | ½^160.00000000000085 |
| iv_505 | 1.3420821480318343 × 10^296 | 4325 | 85 | ½^160.0000000000009 |

## Input Bit/Output Bit Collision Probabilities

| Input Bit | Output Bit | Collision Probability |
|:---------:|:----------:|:---------------------:|
| iv_508 | ov_132 | 0.5000000000000018 |
| iv_511 | aaa_76_25 | 0.5000000000000018 |
| iv_506 | ov_152 | 0.5000000000000016 |
| iv_508 | ov_043 | 0.5000000000000016 |
| iv_508 | ov_068 | 0.5000000000000016 |
| iv_508 | ov_091 | 0.5000000000000016 |

## Input Bit Co-occurrences

### Input Bit Co-occurrences Sorted by Co-occurrences

| Input Bits | Co-occurrences | Potential Occurrences | Output Co-occurrences | Potential Output Occurrences |
|:----------:|:--------------:|:---------------------:|:---------------------:|:----------------------------:|
| iv_511-iv_512 | 2032 | 4324 | 39 | 74 |
| iv_506-iv_512 | 2018 | 4519 | 35 | 81 |
| iv_505-iv_506 | 1992 | 4620 | 36 | 86 |
| iv_509-iv_512 | 1981 | 4366 | 37 | 82 |
| iv_506-iv_508 | 1976 | 4371 | 28 | 87 |
| iv_505-iv_512 | 1974 | 4653 | 37 | 89 |

### Input Bit Co-occurrences Sorted by Potential Occurrences

| Input Bits | Co-occurrences | Potential Occurrences | Output Co-occurrences | Potential Output Occurrences |
|:----------:|:--------------:|:---------------------:|:---------------------:|:----------------------------:|
| iv_508-iv_509 | 1926 | 4244 | 35 | 78 |
| iv_509-iv_511 | 1934 | 4296 | 39 | 74 |
| iv_511-iv_512 | 2032 | 4324 | 39 | 74 |
| iv_508-iv_511 | 1906 | 4344 | 35 | 74 |
| iv_509-iv_512 | 1981 | 4366 | 37 | 82 |
| iv_506-iv_508 | 1976 | 4371 | 28 | 87 |

### Input Bit Output Co-occurrences Sorted by Output Co-occurrences

| Input Bits | Co-occurrences | Potential Occurrences | Output Co-occurrences | Potential Output Occurrences |
|:----------:|:--------------:|:---------------------:|:---------------------:|:----------------------------:|
| iv_505-iv_509 | 1966 | 4445 | 43 | 77 |
| iv_505-iv_508 | 1911 | 4547 | 42 | 71 |
| iv_509-iv_511 | 1934 | 4296 | 39 | 74 |
| iv_511-iv_512 | 2032 | 4324 | 39 | 74 |
| iv_505-iv_511 | 1927 | 4583 | 38 | 83 |
| iv_505-iv_512 | 1974 | 4653 | 37 | 89 |

### Input Bit Output Co-occurrences Sorted by Potential Output Occurrences

| Input Bits | Co-occurrences | Potential Occurrences | Output Co-occurrences | Potential Output Occurrences |
|:----------:|:--------------:|:---------------------:|:---------------------:|:----------------------------:|
| iv_505-iv_508 | 1911 | 4547 | 42 | 71 |
| iv_508-iv_511 | 1906 | 4344 | 35 | 74 |
| iv_509-iv_511 | 1934 | 4296 | 39 | 74 |
| iv_511-iv_512 | 2032 | 4324 | 39 | 74 |
| iv_505-iv_509 | 1966 | 4445 | 43 | 77 |
| iv_508-iv_509 | 1926 | 4244 | 35 | 78 |

## Output Bits

### Output Bits in Regular Order

| Rank | Output Bit | Complexity |
|:----:|:----------:|:----------:|
| 1 | ov_001 | 2.1006733510999736 × 10^296 |
| 2 | ov_002 | 1.8360830195202944 × 10^296 |
| 3 | ov_003 | 1.5953327547807228 × 10^296 |
| 4 | ov_004 | 1.377323501452312 × 10^296 |
| 5 | ov_005 | 1.181016430754805 × 10^296 |
| 6 | ov_006 | 1.0054286467415635 × 10^296 |
| 7 | ov_007 | 8.496294599544621 × 10^295 |
| 8 | ov_008 | 7.127371643345971 × 10^295 |
| 9 | ov_009 | 5.931245601716071 × 10^295 |
| 10 | ov_010 | 4.892500024695134 × 10^295 |
| 11 | ov_011 | 3.996535862611292 × 10^295 |
| 12 | ov_012 | 3.2295391421684043 × 10^295 |
| 13 | ov_013 | 2.5784539817046377 × 10^295 |
| 14 | ov_014 | 2.03096049121653 × 10^295 |
| 15 | ov_015 | 1.5754571317047511 × 10^295 |
| 16 | ov_016 | 1.201047096325367 × 10^295 |
| 17 | ov_017 | 8.97528185596284 × 10^294 |
| 18 | ov_018 | 6.553855690880855 × 10^294 |
| 19 | ov_019 | 4.657868381313065 × 10^294 |
| 20 | ov_020 | 3.2057881035247425 × 10^294 |
| 21 | ov_021 | 2.1228560308385404 × 10^294 |
| 22 | ov_022 | 1.3410754889902085 × 10^294 |
| 23 | ov_023 | 7.992059885611256 × 10^293 |
| 24 | ov_024 | 4.427597273942978 × 10^293 |
| 25 | ov_025 | 2.2399940500502305 × 10^293 |
| 26 | ov_026 | 1.0193690901197651 × 10^293 |
| 27 | ov_027 | 4.2332608714120514 × 10^292 |
| 28 | ov_028 | 1.7695026614189003 × 10^292 |
| 29 | ov_029 | 7.280712663835882 × 10^291 |
| 30 | ov_030 | 2.404941104411783 × 10^291 |
| 31 | ov_031 | 5.812098648974548 × 10^290 |
| 32 | lv_80_m31 | 1.404204890952514 × 10^290 |
| 33 | ov_033 | 1.6946738869116353 × 10^291 |
| 34 | ov_034 | 1.4668664630945795 × 10^291 |
| 35 | ov_035 | 1.26280152691857 × 10^291 |
| 36 | ov_036 | 1.0813352101527653 × 10^291 |
| 37 | ov_037 | 9.213868125812608 × 10^290 |
| 38 | ov_038 | 7.809663234722582 × 10^290 |
| 39 | ov_039 | 6.581890269998402 × 10^290 |
| 40 | ov_040 | 5.512689577566012 × 10^290 |
| 41 | ov_041 | 4.585133172483336 × 10^290 |
| 42 | ov_042 | 3.7831775130540494 × 10^290 |
| 43 | ov_043 | 3.0916239459862636 × 10^290 |
| 44 | ov_044 | 2.496085944234456 × 10^290 |
| 45 | ov_045 | 1.9829623165261305 × 10^290 |
| 46 | ov_046 | 1.5456458008121858 × 10^290 |
| 47 | ov_047 | 1.1779062191664101 × 10^290 |
| 48 | ov_048 | 8.738829702492286 × 10^289 |
| 49 | ov_049 | 6.280792801701715 × 10^289 |
| 50 | ov_050 | 4.3535791984652963 × 10^289 |
| 51 | ov_051 | 2.9093812175307153 × 10^289 |
| 52 | ov_052 | 1.863199679463375 × 10^289 |
| 53 | ov_053 | 1.137085903764677 × 10^289 |
| 54 | ov_054 | 6.601285654635814 × 10^288 |
| 55 | ov_055 | 3.684465618887466 × 10^288 |
| 56 | ov_056 | 2.051853079253137 × 10^288 |
| 57 | ov_057 | 1.2051472960843203 × 10^288 |
| 58 | ov_058 | 7.162811736686548 × 10^287 |
| 59 | ov_059 | 3.887785378346317 × 10^287 |
| 60 | ov_060 | 1.875275513026116 × 10^287 |
| 61 | ov_061 | 7.74166507969142 × 10^286 |
| 62 | ov_062 | 2.5659235421641825 × 10^286 |
| 63 | ov_063 | 6.223502625327832 × 10^285 |
| 64 | lv_79_m31 | 1.5086545242548774 × 10^285 |
| 65 | ov_065 | 1.7834049179686123 × 10^286 |
| 66 | ov_066 | 1.783400668250412 × 10^286 |
| 67 | ov_067 | 1.7833992910710982 × 10^286 |
| 68 | ov_068 | 1.5509101599341935 × 10^286 |
| 69 | ov_069 | 1.3404100237017942 × 10^286 |
| 70 | ov_070 | 1.1507989865292948 × 10^286 |
| 71 | ov_071 | 9.810450817953582 × 10^285 |
| 72 | ov_072 | 8.301796291877631 × 10^285 |
| 73 | ov_073 | 6.972929944942492 × 10^285 |
| 74 | ov_074 | 5.807279742211374 × 10^285 |
| 75 | ov_075 | 4.789275893141409 × 10^285 |
| 76 | ov_076 | 3.911376174400434 × 10^285 |
| 77 | ov_077 | 3.1598418984298473 × 10^285 |
| 78 | ov_078 | 2.5217754122381117 × 10^285 |
| 79 | ov_079 | 1.9850779341080302 × 10^285 |
| 80 | ov_080 | 1.5384125827140806 × 10^285 |
| 81 | ov_081 | 1.1711722485354446 × 10^285 |
| 82 | ov_082 | 8.73451960107955 × 10^284 |
| 83 | ov_083 | 6.360253994652992 × 10^284 |
| 84 | ov_084 | 4.5032522228744065 × 10^284 |
| 85 | ov_085 | 3.0842683898423357 × 10^284 |
| 86 | ov_086 | 2.0303531333465274 × 10^284 |
| 87 | ov_087 | 1.2747503550232022 × 10^284 |
| 88 | ov_088 | 7.568182635814992 × 10^283 |
| 89 | ov_089 | 4.219713010756184 × 10^283 |
| 90 | ov_090 | 2.216395225859903 × 10^283 |
| 91 | ov_091 | 1.1324199989335524 × 10^283 |
| 92 | ov_092 | 6.017084838047931 × 10^282 |
| 93 | ov_093 | 3.1782644866382756 × 10^282 |
| 94 | ov_094 | 1.4246085644800242 × 10^282 |
| 95 | aaa_78_28 | 4.581879255561532 × 10^281 |
| 96 | aaa_78_29 | 1.7360045870490878 × 10^281 |
| 97 | ov_097 | 1.8905330202665657 × 10^281 |
| 98 | ov_098 | 1.8904759773609825 × 10^281 |
| 99 | ov_099 | 1.8904577647559257 × 10^281 |
| 100 | ov_100 | 1.7012855620260377 × 10^281 |
| 101 | ov_101 | 1.5260749986215081 × 10^281 |
| 102 | ov_102 | 1.3640577875794198 × 10^281 |
| 103 | ov_103 | 1.214521830815023 × 10^281 |
| 104 | ov_104 | 1.0768038992585734 × 10^281 |
| 105 | ov_105 | 9.502830017715869 × 10^280 |
| 106 | ov_106 | 8.343744054263847 × 10^280 |
| 107 | ov_107 | 7.285242713990921 × 10^280 |
| 108 | ov_108 | 6.322048721074517 × 10^280 |
| 109 | ov_109 | 5.449103563515035 × 10^280 |
| 110 | ov_110 | 4.6615303011845 × 10^280 |
| 111 | ov_111 | 3.9546006674317296 × 10^280 |
| 112 | ov_112 | 3.3237056066341313 × 10^280 |
| 113 | ov_113 | 2.7643294878172087 × 10^280 |
| 114 | ov_114 | 2.272028237462406 × 10^280 |
| 115 | ov_115 | 1.8424110899023486 × 10^280 |
| 116 | ov_116 | 1.4711256550969894 × 10^280 |
| 117 | ov_117 | 1.1538460044762956 × 10^280 |
| 118 | ov_118 | 8.862634760484043 × 10^279 |
| 119 | ov_119 | 6.640799002411772 × 10^279 |
| 120 | ov_120 | 4.830029480818371 × 10^279 |
| 121 | ov_121 | 3.3874330338583516 × 10^279 |
| 122 | ov_122 | 2.2701322587517305 × 10^279 |
| 123 | ov_123 | 1.4352587716196116 × 10^279 |
| 124 | ov_124 | 8.399492824624736 × 10^278 |
| 125 | ov_125 | 4.4134301813576255 × 10^278 |
| 126 | ov_126 | 1.9658023876763874 × 10^278 |
| 127 | aaa_77_28 | 6.2801534951708675 × 10^277 |
| 128 | aaa_77_29 | 2.3549759685573584 × 10^277 |
| 129 | ov_129 | 2.166436544982851 × 10^277 |
| 130 | ov_130 | 2.1664314065201094 × 10^277 |
| 131 | ov_131 | 2.1664297527128014 × 10^277 |
| 132 | ov_132 | 1.881187936650582 × 10^277 |
| 133 | ov_133 | 1.6235219186160275 × 10^277 |
| 134 | ov_134 | 1.3921870270500755 × 10^277 |
| 135 | ov_135 | 1.1860100724114526 × 10^277 |
| 136 | ov_136 | 1.0038840218239113 × 10^277 |
| 137 | ov_137 | 8.437749206816958 × 10^276 |
| 138 | ov_138 | 7.03759690795822 × 10^276 |
| 139 | ov_139 | 5.820193503056912 × 10^276 |
| 140 | ov_140 | 4.7683319596799277 × 10^276 |
| 141 | ov_141 | 3.8657386652978785 × 10^276 |
| 142 | ov_142 | 3.097031969584305 × 10^276 |
| 143 | ov_143 | 2.4476878390241865 × 10^276 |
| 144 | ov_144 | 1.9040118874135218 × 10^276 |
| 145 | ov_145 | 1.453116991743527 × 10^276 |
| 146 | ov_146 | 1.0829057050138741 × 10^276 |
| 147 | ov_147 | 7.875248004106749 × 10^275 |
| 148 | ov_148 | 5.564190167059574 × 10^275 |
| 149 | ov_149 | 3.7979177819171055 × 10^275 |
| 150 | ov_150 | 2.4860007496917837 × 10^275 |
| 151 | ov_151 | 1.5455107004117161 × 10^275 |
| 152 | ov_152 | 9.009999299573098 × 10^274 |
| 153 | ov_153 | 4.8448937940272195 × 10^274 |
| 154 | ov_154 | 2.3546241208239614 × 10^274 |
| 155 | ov_155 | 1.008618066315598 × 10^274 |
| 156 | aaa_76_25 | 3.508834910483206 × 10^273 |
| 157 | aaa_76_26 | 2.1609987986328414 × 10^273 |
| 158 | aaa_76_27 | 1.1859991156948214 × 10^273 |
| 159 | aaa_76_28 | 5.5955898728066164 × 10^272 |
| 160 | aaa_76_29 | 2.10954987273747 × 10^272 |

### Output Bits Sorted by Complexity

| Rank | Output Bit | Complexity |
|:----:|:----------:|:----------:|
| 160 | aaa_76_29 | 2.10954987273747 × 10^272 |
| 159 | aaa_76_28 | 5.5955898728066164 × 10^272 |
| 158 | aaa_76_27 | 1.1859991156948214 × 10^273 |
| 157 | aaa_76_26 | 2.1609987986328414 × 10^273 |
| 156 | aaa_76_25 | 3.508834910483206 × 10^273 |
| 155 | ov_155 | 1.008618066315598 × 10^274 |
| 154 | ov_154 | 2.3546241208239614 × 10^274 |
| 153 | ov_153 | 4.8448937940272195 × 10^274 |
| 152 | ov_152 | 9.009999299573098 × 10^274 |
| 151 | ov_151 | 1.5455107004117161 × 10^275 |
| 150 | ov_150 | 2.4860007496917837 × 10^275 |
| 149 | ov_149 | 3.7979177819171055 × 10^275 |
| 148 | ov_148 | 5.564190167059574 × 10^275 |
| 147 | ov_147 | 7.875248004106749 × 10^275 |
| 146 | ov_146 | 1.0829057050138741 × 10^276 |
| 145 | ov_145 | 1.453116991743527 × 10^276 |
| 144 | ov_144 | 1.9040118874135218 × 10^276 |
| 143 | ov_143 | 2.4476878390241865 × 10^276 |
| 142 | ov_142 | 3.097031969584305 × 10^276 |
| 141 | ov_141 | 3.8657386652978785 × 10^276 |
| 140 | ov_140 | 4.7683319596799277 × 10^276 |
| 139 | ov_139 | 5.820193503056912 × 10^276 |
| 138 | ov_138 | 7.03759690795822 × 10^276 |
| 137 | ov_137 | 8.437749206816958 × 10^276 |
| 136 | ov_136 | 1.0038840218239113 × 10^277 |
| 135 | ov_135 | 1.1860100724114526 × 10^277 |
| 134 | ov_134 | 1.3921870270500755 × 10^277 |
| 133 | ov_133 | 1.6235219186160275 × 10^277 |
| 132 | ov_132 | 1.881187936650582 × 10^277 |
| 131 | ov_131 | 2.1664297527128014 × 10^277 |
| 130 | ov_130 | 2.1664314065201094 × 10^277 |
| 129 | ov_129 | 2.166436544982851 × 10^277 |
| 128 | aaa_77_29 | 2.3549759685573584 × 10^277 |
| 127 | aaa_77_28 | 6.2801534951708675 × 10^277 |
| 126 | ov_126 | 1.9658023876763874 × 10^278 |
| 125 | ov_125 | 4.4134301813576255 × 10^278 |
| 124 | ov_124 | 8.399492824624736 × 10^278 |
| 123 | ov_123 | 1.4352587716196116 × 10^279 |
| 122 | ov_122 | 2.2701322587517305 × 10^279 |
| 121 | ov_121 | 3.3874330338583516 × 10^279 |
| 120 | ov_120 | 4.830029480818371 × 10^279 |
| 119 | ov_119 | 6.640799002411772 × 10^279 |
| 118 | ov_118 | 8.862634760484043 × 10^279 |
| 117 | ov_117 | 1.1538460044762956 × 10^280 |
| 116 | ov_116 | 1.4711256550969894 × 10^280 |
| 115 | ov_115 | 1.8424110899023486 × 10^280 |
| 114 | ov_114 | 2.272028237462406 × 10^280 |
| 113 | ov_113 | 2.7643294878172087 × 10^280 |
| 112 | ov_112 | 3.3237056066341313 × 10^280 |
| 111 | ov_111 | 3.9546006674317296 × 10^280 |
| 110 | ov_110 | 4.6615303011845 × 10^280 |
| 109 | ov_109 | 5.449103563515035 × 10^280 |
| 108 | ov_108 | 6.322048721074517 × 10^280 |
| 107 | ov_107 | 7.285242713990921 × 10^280 |
| 106 | ov_106 | 8.343744054263847 × 10^280 |
| 105 | ov_105 | 9.502830017715869 × 10^280 |
| 104 | ov_104 | 1.0768038992585734 × 10^281 |
| 103 | ov_103 | 1.214521830815023 × 10^281 |
| 102 | ov_102 | 1.3640577875794198 × 10^281 |
| 101 | ov_101 | 1.5260749986215081 × 10^281 |
| 100 | ov_100 | 1.7012855620260377 × 10^281 |
| 96 | aaa_78_29 | 1.7360045870490878 × 10^281 |
| 99 | ov_099 | 1.8904577647559257 × 10^281 |
| 98 | ov_098 | 1.8904759773609825 × 10^281 |
| 97 | ov_097 | 1.8905330202665657 × 10^281 |
| 95 | aaa_78_28 | 4.581879255561532 × 10^281 |
| 94 | ov_094 | 1.4246085644800242 × 10^282 |
| 93 | ov_093 | 3.1782644866382756 × 10^282 |
| 92 | ov_092 | 6.017084838047931 × 10^282 |
| 91 | ov_091 | 1.1324199989335524 × 10^283 |
| 90 | ov_090 | 2.216395225859903 × 10^283 |
| 89 | ov_089 | 4.219713010756184 × 10^283 |
| 88 | ov_088 | 7.568182635814992 × 10^283 |
| 87 | ov_087 | 1.2747503550232022 × 10^284 |
| 86 | ov_086 | 2.0303531333465274 × 10^284 |
| 85 | ov_085 | 3.0842683898423357 × 10^284 |
| 84 | ov_084 | 4.5032522228744065 × 10^284 |
| 83 | ov_083 | 6.360253994652992 × 10^284 |
| 82 | ov_082 | 8.73451960107955 × 10^284 |
| 81 | ov_081 | 1.1711722485354446 × 10^285 |
| 64 | lv_79_m31 | 1.5086545242548774 × 10^285 |
| 80 | ov_080 | 1.5384125827140806 × 10^285 |
| 79 | ov_079 | 1.9850779341080302 × 10^285 |
| 78 | ov_078 | 2.5217754122381117 × 10^285 |
| 77 | ov_077 | 3.1598418984298473 × 10^285 |
| 76 | ov_076 | 3.911376174400434 × 10^285 |
| 75 | ov_075 | 4.789275893141409 × 10^285 |
| 74 | ov_074 | 5.807279742211374 × 10^285 |
| 63 | ov_063 | 6.223502625327832 × 10^285 |
| 73 | ov_073 | 6.972929944942492 × 10^285 |
| 72 | ov_072 | 8.301796291877631 × 10^285 |
| 71 | ov_071 | 9.810450817953582 × 10^285 |
| 70 | ov_070 | 1.1507989865292948 × 10^286 |
| 69 | ov_069 | 1.3404100237017942 × 10^286 |
| 68 | ov_068 | 1.5509101599341935 × 10^286 |
| 67 | ov_067 | 1.7833992910710982 × 10^286 |
| 66 | ov_066 | 1.783400668250412 × 10^286 |
| 65 | ov_065 | 1.7834049179686123 × 10^286 |
| 62 | ov_062 | 2.5659235421641825 × 10^286 |
| 61 | ov_061 | 7.74166507969142 × 10^286 |
| 60 | ov_060 | 1.875275513026116 × 10^287 |
| 59 | ov_059 | 3.887785378346317 × 10^287 |
| 58 | ov_058 | 7.162811736686548 × 10^287 |
| 57 | ov_057 | 1.2051472960843203 × 10^288 |
| 56 | ov_056 | 2.051853079253137 × 10^288 |
| 55 | ov_055 | 3.684465618887466 × 10^288 |
| 54 | ov_054 | 6.601285654635814 × 10^288 |
| 53 | ov_053 | 1.137085903764677 × 10^289 |
| 52 | ov_052 | 1.863199679463375 × 10^289 |
| 51 | ov_051 | 2.9093812175307153 × 10^289 |
| 50 | ov_050 | 4.3535791984652963 × 10^289 |
| 49 | ov_049 | 6.280792801701715 × 10^289 |
| 48 | ov_048 | 8.738829702492286 × 10^289 |
| 47 | ov_047 | 1.1779062191664101 × 10^290 |
| 32 | lv_80_m31 | 1.404204890952514 × 10^290 |
| 46 | ov_046 | 1.5456458008121858 × 10^290 |
| 45 | ov_045 | 1.9829623165261305 × 10^290 |
| 44 | ov_044 | 2.496085944234456 × 10^290 |
| 43 | ov_043 | 3.0916239459862636 × 10^290 |
| 42 | ov_042 | 3.7831775130540494 × 10^290 |
| 41 | ov_041 | 4.585133172483336 × 10^290 |
| 40 | ov_040 | 5.512689577566012 × 10^290 |
| 31 | ov_031 | 5.812098648974548 × 10^290 |
| 39 | ov_039 | 6.581890269998402 × 10^290 |
| 38 | ov_038 | 7.809663234722582 × 10^290 |
| 37 | ov_037 | 9.213868125812608 × 10^290 |
| 36 | ov_036 | 1.0813352101527653 × 10^291 |
| 35 | ov_035 | 1.26280152691857 × 10^291 |
| 34 | ov_034 | 1.4668664630945795 × 10^291 |
| 33 | ov_033 | 1.6946738869116353 × 10^291 |
| 30 | ov_030 | 2.404941104411783 × 10^291 |
| 29 | ov_029 | 7.280712663835882 × 10^291 |
| 28 | ov_028 | 1.7695026614189003 × 10^292 |
| 27 | ov_027 | 4.2332608714120514 × 10^292 |
| 26 | ov_026 | 1.0193690901197651 × 10^293 |
| 25 | ov_025 | 2.2399940500502305 × 10^293 |
| 24 | ov_024 | 4.427597273942978 × 10^293 |
| 23 | ov_023 | 7.992059885611256 × 10^293 |
| 22 | ov_022 | 1.3410754889902085 × 10^294 |
| 21 | ov_021 | 2.1228560308385404 × 10^294 |
| 20 | ov_020 | 3.2057881035247425 × 10^294 |
| 19 | ov_019 | 4.657868381313065 × 10^294 |
| 18 | ov_018 | 6.553855690880855 × 10^294 |
| 17 | ov_017 | 8.97528185596284 × 10^294 |
| 16 | ov_016 | 1.201047096325367 × 10^295 |
| 15 | ov_015 | 1.5754571317047511 × 10^295 |
| 14 | ov_014 | 2.03096049121653 × 10^295 |
| 13 | ov_013 | 2.5784539817046377 × 10^295 |
| 12 | ov_012 | 3.2295391421684043 × 10^295 |
| 11 | ov_011 | 3.996535862611292 × 10^295 |
| 10 | ov_010 | 4.892500024695134 × 10^295 |
| 9 | ov_009 | 5.931245601716071 × 10^295 |
| 8 | ov_008 | 7.127371643345971 × 10^295 |
| 7 | ov_007 | 8.496294599544621 × 10^295 |
| 6 | ov_006 | 1.0054286467415635 × 10^296 |
| 5 | ov_005 | 1.181016430754805 × 10^296 |
| 4 | ov_004 | 1.377323501452312 × 10^296 |
| 3 | ov_003 | 1.5953327547807228 × 10^296 |
| 2 | ov_002 | 1.8360830195202944 × 10^296 |
| 1 | ov_001 | 2.1006733510999736 × 10^296 |

