# Results for F001-F002-F003-F004-F005-F006-F007-F008-F009-F010-F011-F012-F013-F014-F015-F016-F017-F018-F019-F020-F021-F022-F023-F024-F025-F026-F027-F028-F029-F030-F031-F032-F033-F034-F035-F036-F037-F038-F039-F040-F041-F042-F043-F044-F045-F046-F047-F048-F049-F050-F051-F052-F053-F054-F055-F056-F057-F058-F059-F060-F061-F062-F063-F064-F065-F066-F067-F068-F069-F070-F071-F072-F073-F074-F075-F076-F077-F078-F079-F080-F081-F082-F083-F084-F085-F086-F087-F088-F089-F090-F091-F092-F093-F094-F095-F096-F097-F098-F099-F100-F101-F102-F103-F104-F105-F106-F107-F108-F109-F110-F111-F112-F113-F114-F115-F116-F117-F118-F119-F120-F121-F122-F123-F124-F125-F126-F127-F128-F129-F130-F131-F132-F133-F134-F135-F136-F137-F138-F139-F140-F141-F142-F143-F144-F145-F146-F147-F148-F149-F150-F151-F152-F153-F154-F155-F156-F157-F158-F159-F160-F161-F162-F163-F164-F165-F166-F167-F168-F169-F170-F171-F172-F173-F174-F175-F176-F177-F178-F179-F180-F181-F182-F183-F184-F185-F186-F187-F188-F189-F190-F191-F192-F193-F194-F195-F196-F197-F198-F199-F200-F201-F202-F203-F204-F205-F206-F207-F208-F209-F210-F211-F212-F213-F214-F215-F216-F217-F218-F219-F220-F221-F222-F223-F224-F225-F226-F227-F228-F229-F230-F231-F232-F233-F234-F235-F236-F237-F238-F239-F240-F241-F242-F243-F244-F245-F246-F247-F248-F249-F250-F251-F252-F253-F254-F255-F256-F257-F258-F259-F260-F261-F262-F263-F264-F265-F266-F267-F268-F269-F270-F271-F272-F273-F274-F275-F276-F277-F278-F279-F280-F281-F282-F283-F284-F285-F286-F287-F288-F289-F290-F291-F292-F293-F294-F295-F296-F297-F298-F299-F300-F301-F302-F303-F304-F305-F306-F307-F308-F309-F310-F311-F312-F313-F314-F315-F316-F317-F318-F319-F320-F321-F322-F323-F324-F325-F326-F327-F328-F329-F330-F331-F332-F333-F334-F335-F336-F337-F338-F339-F340-F341-F342-F343-F344-F345-F346-F347-F348-F349-F350-F351-F352-F353-F354-F355-F356-F357-F358-F359-F360-F361-F362-F363-F364-F365-F366-F367-F368-F369-F370-F371-F372-F373-F374-F375-F376-F377-F378-F379-F380-F381-F382-F383-F384-F385-F386-F387-F388-F389-F390-F391-F392-F393-F394-F395-F396-F397-F398-F399-F400-F401-F402-F403-F404-F405-F406-F407-F408-F409-F410-F411-F412-F413-F414-F415-F416-F417-F418-F419-F420-F421-F422-F423-F424-F425-F426-F427-F428-F429-F430-F431-F432-F433-F434-F435-F436-F437-F438-F439-F440-F441-F442-F443-F444-F445-F446-F447-F448-F449-F450-F451-F452-F453-F454-F455-F456-F457-F458-F459-F460-F461-F462-F463-F464-F465-F466-F467-F468-F469-F470-F471-F472-F473-F474-F475-F476-F477-F478-F479-F480-F481-F482-F483-F484-F485-F486-F487-F488-F489-F490-F491-F492-F493-F494-F495-F496-F497-F498-F499-F500-F501-F502-F503-F504-E505506-E506508

## Summary

Number of input bits: 512  
Number of free input bits: 6  
Number of output bits: 160

Number of direct occurrences: 25072  
Number of assignments: 30589  
Number of operations: 10909279
(xor: 10879070,
and: 17372,
or: 12837)

Total complexity: 1.4120875439623033 × 10^297

Least occurring input variable: iv_509 (4053)  
Most occurring input variable: iv_505 (4411)

Most co-occurring input variables: iv_505-iv_510 (2040)  
Least co-occurring input variables: iv_505-iv_509 (1848)

Potentially most occurring input variable: iv_505/iv_509 (4768)  
Potentially least occurring input variable: iv_509/iv_511 (4296)

Least output occurring input variable: iv_505 (65)  
Most output occurring input variable: iv_510 (79)

Most output co-occurring input variables: iv_510-iv_512 (42)  
Least output co-occurring input variables: iv_505-iv_509 (25)

Potentially most output occurring input variable: iv_505/iv_509 (93)  
Potentially least output occurring input variable: iv_505/iv_507 (71)

Least complex input bit: iv_507 (1.1290765888253297 × 10^296)  
Most complex input bit: iv_510 (4.172707761474958 × 10^296)

Least complex output bit: aaa_76_29 (2.222845362245515 × 10^272)  
Most complex output bit: ov_001 (2.1876579171682203 × 10^296)

Least complex input/output complexity: iv_507/aaa_76_29 (1.7773421129741007 × 10^271)  
Most complex input/output complexity: iv_510/ov_001 (6.464512210627966 × 10^295)

Input variable with highest collision probability: iv_509 (½^160.00000000000065)

## Input Bits

### Input Bits in Regular Order

| Input Bit | Complexity | Occurrences | Output Occurrences | Collision Probability |
|:---------:|:----------:|:-----------:|:------------------:|:---------------------:|
| iv_505 | 2.4843580622093125 × 10^296 | 4411 | 65 | ½^160.00000000000074 |
| iv_507 | 1.1290765888253297 × 10^296 | 4055 | 72 | ½^160.0000000000007 |
| iv_509 | 2.891562661498714 × 10^296 | 4053 | 78 | ½^160.00000000000065 |
| iv_510 | 4.172707761474958 × 10^296 | 4168 | 79 | ½^160.0000000000008 |
| iv_511 | 1.579640296722159 × 10^296 | 4111 | 74 | ½^160.0000000000008 |
| iv_512 | 1.8635300688925755 × 10^296 | 4274 | 78 | ½^160.00000000000068 |

### Input Bits Sorted by Complexity

| Input Bit | Complexity | Occurrences | Output Occurrences | Collision Probability |
|:---------:|:----------:|:-----------:|:------------------:|:---------------------:|
| iv_507 | 1.1290765888253297 × 10^296 | 4055 | 72 | ½^160.0000000000007 |
| iv_511 | 1.579640296722159 × 10^296 | 4111 | 74 | ½^160.0000000000008 |
| iv_512 | 1.8635300688925755 × 10^296 | 4274 | 78 | ½^160.00000000000068 |
| iv_505 | 2.4843580622093125 × 10^296 | 4411 | 65 | ½^160.00000000000074 |
| iv_509 | 2.891562661498714 × 10^296 | 4053 | 78 | ½^160.00000000000065 |
| iv_510 | 4.172707761474958 × 10^296 | 4168 | 79 | ½^160.0000000000008 |

### Input Bits Sorted by Occurrences

| Input Bit | Complexity | Occurrences | Output Occurrences | Collision Probability |
|:---------:|:----------:|:-----------:|:------------------:|:---------------------:|
| iv_509 | 2.891562661498714 × 10^296 | 4053 | 78 | ½^160.00000000000065 |
| iv_507 | 1.1290765888253297 × 10^296 | 4055 | 72 | ½^160.0000000000007 |
| iv_511 | 1.579640296722159 × 10^296 | 4111 | 74 | ½^160.0000000000008 |
| iv_510 | 4.172707761474958 × 10^296 | 4168 | 79 | ½^160.0000000000008 |
| iv_512 | 1.8635300688925755 × 10^296 | 4274 | 78 | ½^160.00000000000068 |
| iv_505 | 2.4843580622093125 × 10^296 | 4411 | 65 | ½^160.00000000000074 |

### Input Bits Sorted by Output Occurrences

| Input Bit | Complexity | Occurrences | Output Occurrences | Collision Probability |
|:---------:|:----------:|:-----------:|:------------------:|:---------------------:|
| iv_505 | 2.4843580622093125 × 10^296 | 4411 | 65 | ½^160.00000000000074 |
| iv_507 | 1.1290765888253297 × 10^296 | 4055 | 72 | ½^160.0000000000007 |
| iv_511 | 1.579640296722159 × 10^296 | 4111 | 74 | ½^160.0000000000008 |
| iv_509 | 2.891562661498714 × 10^296 | 4053 | 78 | ½^160.00000000000065 |
| iv_512 | 1.8635300688925755 × 10^296 | 4274 | 78 | ½^160.00000000000068 |
| iv_510 | 4.172707761474958 × 10^296 | 4168 | 79 | ½^160.0000000000008 |

### Input Bits Sorted by Collision Probability

| Input Bit | Complexity | Occurrences | Output Occurrences | Collision Probability |
|:---------:|:----------:|:-----------:|:------------------:|:---------------------:|
| iv_509 | 2.891562661498714 × 10^296 | 4053 | 78 | ½^160.00000000000065 |
| iv_512 | 1.8635300688925755 × 10^296 | 4274 | 78 | ½^160.00000000000068 |
| iv_507 | 1.1290765888253297 × 10^296 | 4055 | 72 | ½^160.0000000000007 |
| iv_505 | 2.4843580622093125 × 10^296 | 4411 | 65 | ½^160.00000000000074 |
| iv_510 | 4.172707761474958 × 10^296 | 4168 | 79 | ½^160.0000000000008 |
| iv_511 | 1.579640296722159 × 10^296 | 4111 | 74 | ½^160.0000000000008 |

## Input Bit/Output Bit Collision Probabilities

| Input Bit | Output Bit | Collision Probability |
|:---------:|:----------:|:---------------------:|
| iv_509 | ov_009 | 0.5000000000000016 |
| iv_509 | ov_124 | 0.5000000000000016 |
| iv_510 | ov_063 | 0.5000000000000016 |
| iv_512 | ov_038 | 0.5000000000000016 |
| iv_509 | ov_043 | 0.5000000000000014 |
| iv_507 | ov_057 | 0.5000000000000013 |

## Input Bit Co-occurrences

### Input Bit Co-occurrences Sorted by Co-occurrences

| Input Bits | Co-occurrences | Potential Occurrences | Output Co-occurrences | Potential Output Occurrences |
|:----------:|:--------------:|:---------------------:|:---------------------:|:----------------------------:|
| iv_505-iv_510 | 2040 | 4499 | 34 | 76 |
| iv_511-iv_512 | 2032 | 4321 | 39 | 74 |
| iv_505-iv_512 | 2022 | 4641 | 36 | 71 |
| iv_510-iv_512 | 1995 | 4452 | 42 | 73 |
| iv_509-iv_512 | 1981 | 4365 | 37 | 82 |
| iv_510-iv_511 | 1952 | 4375 | 38 | 77 |

### Input Bit Co-occurrences Sorted by Potential Occurrences

| Input Bits | Co-occurrences | Potential Occurrences | Output Co-occurrences | Potential Output Occurrences |
|:----------:|:--------------:|:---------------------:|:---------------------:|:----------------------------:|
| iv_509-iv_511 | 1934 | 4296 | 39 | 74 |
| iv_511-iv_512 | 2032 | 4321 | 39 | 74 |
| iv_507-iv_509 | 1893 | 4322 | 36 | 78 |
| iv_507-iv_511 | 1919 | 4328 | 32 | 82 |
| iv_509-iv_510 | 1934 | 4353 | 37 | 83 |
| iv_509-iv_512 | 1981 | 4365 | 37 | 82 |

### Input Bit Output Co-occurrences Sorted by Output Co-occurrences

| Input Bits | Co-occurrences | Potential Occurrences | Output Co-occurrences | Potential Output Occurrences |
|:----------:|:--------------:|:---------------------:|:---------------------:|:----------------------------:|
| iv_510-iv_512 | 1995 | 4452 | 42 | 73 |
| iv_509-iv_511 | 1934 | 4296 | 39 | 74 |
| iv_511-iv_512 | 2032 | 4321 | 39 | 74 |
| iv_510-iv_511 | 1952 | 4375 | 38 | 77 |
| iv_509-iv_512 | 1981 | 4365 | 37 | 82 |
| iv_507-iv_510 | 1924 | 4375 | 37 | 77 |

### Input Bit Output Co-occurrences Sorted by Potential Output Occurrences

| Input Bits | Co-occurrences | Potential Occurrences | Output Co-occurrences | Potential Output Occurrences |
|:----------:|:--------------:|:---------------------:|:---------------------:|:----------------------------:|
| iv_505-iv_507 | 1942 | 4582 | 33 | 71 |
| iv_505-iv_512 | 2022 | 4641 | 36 | 71 |
| iv_510-iv_512 | 1995 | 4452 | 42 | 73 |
| iv_509-iv_511 | 1934 | 4296 | 39 | 74 |
| iv_511-iv_512 | 2032 | 4321 | 39 | 74 |
| iv_505-iv_510 | 2040 | 4499 | 34 | 76 |

## Output Bits

### Output Bits in Regular Order

| Rank | Output Bit | Complexity |
|:----:|:----------:|:----------:|
| 1 | ov_001 | 2.1876579171682203 × 10^296 |
| 2 | ov_002 | 1.9148518370553144 × 10^296 |
| 3 | ov_003 | 1.6663346607967967 × 10^296 |
| 4 | ov_004 | 1.4409502914515428 × 10^296 |
| 5 | ov_005 | 1.237605982201463 × 10^296 |
| 6 | ov_006 | 1.0552678198175734 × 10^296 |
| 7 | ov_007 | 8.92956805114663 × 10^295 |
| 8 | ov_008 | 7.49745462830597 × 10^295 |
| 9 | ov_009 | 6.239221202523791 × 10^295 |
| 10 | ov_010 | 5.146539807057708 × 10^295 |
| 11 | ov_011 | 4.2040534536496853 × 10^295 |
| 12 | ov_012 | 3.3972309666890283 × 10^295 |
| 13 | ov_013 | 2.7123386027994596 × 10^295 |
| 14 | ov_014 | 2.136416808204316 × 10^295 |
| 15 | ov_015 | 1.6572616663042662 × 10^295 |
| 16 | ov_016 | 1.2634105752274052 × 10^295 |
| 17 | ov_017 | 9.441316002181277 × 10^294 |
| 18 | ov_018 | 6.894158617901838 × 10^294 |
| 19 | ov_019 | 4.899723333179636 × 10^294 |
| 20 | ov_020 | 3.372244809554842 × 10^294 |
| 21 | ov_021 | 2.233082379363349 × 10^294 |
| 22 | ov_022 | 1.4107086444442266 × 10^294 |
| 23 | ov_023 | 8.407032033369888 × 10^293 |
| 24 | ov_024 | 4.657489756530472 × 10^293 |
| 25 | ov_025 | 2.3562990583953918 × 10^293 |
| 26 | ov_026 | 1.0722958355177977 × 10^293 |
| 27 | ov_027 | 4.453050200036692 × 10^292 |
| 28 | ov_028 | 1.861371324800439 × 10^292 |
| 29 | ov_029 | 7.658696303669466 × 10^291 |
| 30 | ov_030 | 2.529789443174801 × 10^291 |
| 31 | ov_031 | 6.1138051958877084 × 10^290 |
| 32 | lv_80_m31 | 1.4770923069224881 × 10^290 |
| 33 | ov_033 | 1.7825689707176796 × 10^291 |
| 34 | ov_034 | 1.5429311785469972 × 10^291 |
| 35 | ov_035 | 1.3282688541700347 × 10^291 |
| 36 | ov_036 | 1.1373794524260028 × 10^291 |
| 37 | ov_037 | 9.69126624957527 × 10^290 |
| 38 | ov_038 | 8.214173942503809 × 10^290 |
| 39 | ov_039 | 6.922692604554271 × 10^290 |
| 40 | ov_040 | 5.7980338168697776 × 10^290 |
| 41 | ov_041 | 4.822387604720051 × 10^290 |
| 42 | ov_042 | 3.978873351624046 × 10^290 |
| 43 | ov_043 | 3.2514987468960753 × 10^290 |
| 44 | ov_044 | 2.625125815149738 × 10^290 |
| 45 | ov_045 | 2.085443138436809 × 10^290 |
| 46 | ov_046 | 1.625498535110627 × 10^290 |
| 47 | ov_047 | 1.2387369116776687 × 10^290 |
| 48 | ov_048 | 9.189924065360708 × 10^289 |
| 49 | ov_049 | 6.604823004525541 × 10^289 |
| 50 | ov_050 | 4.578024120786308 × 10^289 |
| 51 | ov_051 | 3.059237581582215 × 10^289 |
| 52 | ov_052 | 1.9590555257488698 × 10^289 |
| 53 | ov_053 | 1.1954887706095498 × 10^289 |
| 54 | ov_054 | 6.939525748576241 × 10^288 |
| 55 | ov_055 | 3.872589117073778 × 10^288 |
| 56 | ov_056 | 2.1561245581081532 × 10^288 |
| 57 | ov_057 | 1.2660840983462005 × 10^288 |
| 58 | ov_058 | 7.523126222834854 × 10^287 |
| 59 | ov_059 | 4.082046629522605 × 10^287 |
| 60 | ov_060 | 1.9681919126415886 × 10^287 |
| 61 | ov_061 | 8.121547496789255 × 10^286 |
| 62 | ov_062 | 2.6905225816423987 × 10^286 |
| 63 | ov_063 | 6.522057358375636 × 10^285 |
| 64 | lv_79_m31 | 1.5801079354782723 × 10^285 |
| 65 | ov_065 | 1.8683763674067356 × 10^286 |
| 66 | ov_066 | 1.8683717635276945 × 10^286 |
| 67 | ov_067 | 1.8683702715385791 × 10^286 |
| 68 | ov_068 | 1.6231335704149956 × 10^286 |
| 69 | ov_069 | 1.4014183488171113 × 10^286 |
| 70 | ov_070 | 1.2020330420320988 × 10^286 |
| 71 | ov_071 | 1.0238596874053943 × 10^286 |
| 72 | ov_072 | 8.65848893659838 × 10^285 |
| 73 | ov_073 | 7.270152462508109 × 10^285 |
| 74 | ov_074 | 6.055635117887182 × 10^285 |
| 75 | ov_075 | 4.998070471850633 × 10^285 |
| 76 | ov_076 | 4.0816130941960084 × 10^285 |
| 77 | ov_077 | 3.298587844326041 × 10^285 |
| 78 | ov_078 | 2.6350233677953313 × 10^285 |
| 79 | ov_079 | 2.0778137941205978 × 10^285 |
| 80 | ov_080 | 1.6146786646169046 × 10^285 |
| 81 | ov_081 | 1.2341281080735946 × 10^285 |
| 82 | ov_082 | 9.254328878627682 × 10^284 |
| 83 | ov_083 | 6.785989459779488 × 10^284 |
| 84 | ov_084 | 4.843460707256468 × 10^284 |
| 85 | ov_085 | 3.340903155293577 × 10^284 |
| 86 | ov_086 | 2.199297967192261 × 10^284 |
| 87 | ov_087 | 1.3808251247286563 × 10^284 |
| 88 | ov_088 | 8.197975484633585 × 10^283 |
| 89 | ov_089 | 4.570882760119019 × 10^283 |
| 90 | ov_090 | 2.4008641877799556 × 10^283 |
| 91 | ov_091 | 1.2266832136744912 × 10^283 |
| 92 | ov_092 | 6.518023821231712 × 10^282 |
| 93 | ov_093 | 3.442902430638889 × 10^282 |
| 94 | ov_094 | 1.543248977175347 × 10^282 |
| 95 | aaa_78_28 | 4.963523443703711 × 10^281 |
| 96 | aaa_78_29 | 1.880641830265464 × 10^281 |
| 97 | ov_097 | 2.048397317527138 × 10^281 |
| 98 | ov_098 | 2.0483353999200372 × 10^281 |
| 99 | ov_099 | 2.0483156250085242 × 10^281 |
| 100 | ov_100 | 1.8434313455197947 × 10^281 |
| 101 | ov_101 | 1.6536556829132821 × 10^281 |
| 102 | ov_102 | 1.4781577283021937 × 10^281 |
| 103 | ov_103 | 1.3161676478662543 × 10^281 |
| 104 | ov_104 | 1.1669687361202618 × 10^281 |
| 105 | ov_105 | 1.0298901952370363 × 10^281 |
| 106 | ov_106 | 9.043006010033798 × 10^280 |
| 107 | ov_107 | 7.89602017731581 × 10^280 |
| 108 | ov_108 | 6.852247258971586 × 10^280 |
| 109 | ov_109 | 5.906225274586316 × 10^280 |
| 110 | ov_110 | 5.052685947672586 × 10^280 |
| 111 | ov_111 | 4.286518297244163 × 10^280 |
| 112 | ov_112 | 3.602737004218099 × 10^280 |
| 113 | ov_113 | 2.9964552293406507 × 10^280 |
| 114 | ov_114 | 2.4628615624963117 × 10^280 |
| 115 | ov_115 | 1.9972007854643067 × 10^280 |
| 116 | ov_116 | 1.5947581316520676 × 10^280 |
| 117 | ov_117 | 1.2508467272643102 × 10^280 |
| 118 | ov_118 | 9.607978989188414 × 10^279 |
| 119 | ov_119 | 7.199540330099713 × 10^279 |
| 120 | ov_120 | 5.236636722590382 × 10^279 |
| 121 | ov_121 | 3.672785349616705 × 10^279 |
| 122 | ov_122 | 2.4615200040625524 × 10^279 |
| 123 | ov_123 | 1.556383984220019 × 10^279 |
| 124 | ov_124 | 9.109259567531263 × 10^278 |
| 125 | ov_125 | 4.786972406356297 × 10^278 |
| 126 | ov_126 | 2.1325024364923313 × 10^278 |
| 127 | aaa_77_28 | 6.813772177721741 × 10^277 |
| 128 | aaa_77_29 | 2.555657099304181 × 10^277 |
| 129 | ov_129 | 2.3442186895414777 × 10^277 |
| 130 | ov_130 | 2.344213275547083 × 10^277 |
| 131 | ov_131 | 2.344211533257215 × 10^277 |
| 132 | ov_132 | 2.035463542351561 × 10^277 |
| 133 | ov_133 | 1.756358700854056 × 10^277 |
| 134 | ov_134 | 1.5055854961566276 × 10^277 |
| 135 | ov_135 | 1.281907655477087 × 10^277 |
| 136 | ov_136 | 1.084158540323578 × 10^277 |
| 137 | ov_137 | 9.101944659232813 × 10^276 |
| 138 | ov_138 | 7.579884764654769 × 10^276 |
| 139 | ov_139 | 6.256232275012313 × 10^276 |
| 140 | ov_140 | 5.112848865341266 × 10^276 |
| 141 | ov_141 | 4.1325796605736203 × 10^276 |
| 142 | ov_142 | 3.29920987896894 × 10^276 |
| 143 | ov_143 | 2.5974288254078786 × 10^276 |
| 144 | ov_144 | 2.0128004461244034 × 10^276 |
| 145 | ov_145 | 1.5317397188468588 × 10^276 |
| 146 | ov_146 | 1.1414941025455058 × 10^276 |
| 147 | ov_147 | 8.301292766979775 × 10^275 |
| 148 | ov_148 | 5.865184613084936 × 10^275 |
| 149 | ov_149 | 4.003346701107215 × 10^275 |
| 150 | ov_150 | 2.620453105042011 × 10^275 |
| 151 | ov_151 | 1.6290860485267168 × 10^275 |
| 152 | ov_152 | 9.497136882686554 × 10^274 |
| 153 | ov_153 | 5.106774351409966 × 10^274 |
| 154 | ov_154 | 2.481853904843921 × 10^274 |
| 155 | ov_155 | 1.0630917448775557 × 10^274 |
| 156 | aaa_76_25 | 3.6982441211921885 × 10^273 |
| 157 | aaa_76_26 | 2.2775477977844196 × 10^273 |
| 158 | aaa_76_27 | 1.249885724475459 × 10^273 |
| 159 | aaa_76_28 | 5.896568560789611 × 10^272 |
| 160 | aaa_76_29 | 2.222845362245515 × 10^272 |

### Output Bits Sorted by Complexity

| Rank | Output Bit | Complexity |
|:----:|:----------:|:----------:|
| 160 | aaa_76_29 | 2.222845362245515 × 10^272 |
| 159 | aaa_76_28 | 5.896568560789611 × 10^272 |
| 158 | aaa_76_27 | 1.249885724475459 × 10^273 |
| 157 | aaa_76_26 | 2.2775477977844196 × 10^273 |
| 156 | aaa_76_25 | 3.6982441211921885 × 10^273 |
| 155 | ov_155 | 1.0630917448775557 × 10^274 |
| 154 | ov_154 | 2.481853904843921 × 10^274 |
| 153 | ov_153 | 5.106774351409966 × 10^274 |
| 152 | ov_152 | 9.497136882686554 × 10^274 |
| 151 | ov_151 | 1.6290860485267168 × 10^275 |
| 150 | ov_150 | 2.620453105042011 × 10^275 |
| 149 | ov_149 | 4.003346701107215 × 10^275 |
| 148 | ov_148 | 5.865184613084936 × 10^275 |
| 147 | ov_147 | 8.301292766979775 × 10^275 |
| 146 | ov_146 | 1.1414941025455058 × 10^276 |
| 145 | ov_145 | 1.5317397188468588 × 10^276 |
| 144 | ov_144 | 2.0128004461244034 × 10^276 |
| 143 | ov_143 | 2.5974288254078786 × 10^276 |
| 142 | ov_142 | 3.29920987896894 × 10^276 |
| 141 | ov_141 | 4.1325796605736203 × 10^276 |
| 140 | ov_140 | 5.112848865341266 × 10^276 |
| 139 | ov_139 | 6.256232275012313 × 10^276 |
| 138 | ov_138 | 7.579884764654769 × 10^276 |
| 137 | ov_137 | 9.101944659232813 × 10^276 |
| 136 | ov_136 | 1.084158540323578 × 10^277 |
| 135 | ov_135 | 1.281907655477087 × 10^277 |
| 134 | ov_134 | 1.5055854961566276 × 10^277 |
| 133 | ov_133 | 1.756358700854056 × 10^277 |
| 132 | ov_132 | 2.035463542351561 × 10^277 |
| 131 | ov_131 | 2.344211533257215 × 10^277 |
| 130 | ov_130 | 2.344213275547083 × 10^277 |
| 129 | ov_129 | 2.3442186895414777 × 10^277 |
| 128 | aaa_77_29 | 2.555657099304181 × 10^277 |
| 127 | aaa_77_28 | 6.813772177721741 × 10^277 |
| 126 | ov_126 | 2.1325024364923313 × 10^278 |
| 125 | ov_125 | 4.786972406356297 × 10^278 |
| 124 | ov_124 | 9.109259567531263 × 10^278 |
| 123 | ov_123 | 1.556383984220019 × 10^279 |
| 122 | ov_122 | 2.4615200040625524 × 10^279 |
| 121 | ov_121 | 3.672785349616705 × 10^279 |
| 120 | ov_120 | 5.236636722590382 × 10^279 |
| 119 | ov_119 | 7.199540330099713 × 10^279 |
| 118 | ov_118 | 9.607978989188414 × 10^279 |
| 117 | ov_117 | 1.2508467272643102 × 10^280 |
| 116 | ov_116 | 1.5947581316520676 × 10^280 |
| 115 | ov_115 | 1.9972007854643067 × 10^280 |
| 114 | ov_114 | 2.4628615624963117 × 10^280 |
| 113 | ov_113 | 2.9964552293406507 × 10^280 |
| 112 | ov_112 | 3.602737004218099 × 10^280 |
| 111 | ov_111 | 4.286518297244163 × 10^280 |
| 110 | ov_110 | 5.052685947672586 × 10^280 |
| 109 | ov_109 | 5.906225274586316 × 10^280 |
| 108 | ov_108 | 6.852247258971586 × 10^280 |
| 107 | ov_107 | 7.89602017731581 × 10^280 |
| 106 | ov_106 | 9.043006010033798 × 10^280 |
| 105 | ov_105 | 1.0298901952370363 × 10^281 |
| 104 | ov_104 | 1.1669687361202618 × 10^281 |
| 103 | ov_103 | 1.3161676478662543 × 10^281 |
| 102 | ov_102 | 1.4781577283021937 × 10^281 |
| 101 | ov_101 | 1.6536556829132821 × 10^281 |
| 100 | ov_100 | 1.8434313455197947 × 10^281 |
| 96 | aaa_78_29 | 1.880641830265464 × 10^281 |
| 99 | ov_099 | 2.0483156250085242 × 10^281 |
| 98 | ov_098 | 2.0483353999200372 × 10^281 |
| 97 | ov_097 | 2.048397317527138 × 10^281 |
| 95 | aaa_78_28 | 4.963523443703711 × 10^281 |
| 94 | ov_094 | 1.543248977175347 × 10^282 |
| 93 | ov_093 | 3.442902430638889 × 10^282 |
| 92 | ov_092 | 6.518023821231712 × 10^282 |
| 91 | ov_091 | 1.2266832136744912 × 10^283 |
| 90 | ov_090 | 2.4008641877799556 × 10^283 |
| 89 | ov_089 | 4.570882760119019 × 10^283 |
| 88 | ov_088 | 8.197975484633585 × 10^283 |
| 87 | ov_087 | 1.3808251247286563 × 10^284 |
| 86 | ov_086 | 2.199297967192261 × 10^284 |
| 85 | ov_085 | 3.340903155293577 × 10^284 |
| 84 | ov_084 | 4.843460707256468 × 10^284 |
| 83 | ov_083 | 6.785989459779488 × 10^284 |
| 82 | ov_082 | 9.254328878627682 × 10^284 |
| 81 | ov_081 | 1.2341281080735946 × 10^285 |
| 64 | lv_79_m31 | 1.5801079354782723 × 10^285 |
| 80 | ov_080 | 1.6146786646169046 × 10^285 |
| 79 | ov_079 | 2.0778137941205978 × 10^285 |
| 78 | ov_078 | 2.6350233677953313 × 10^285 |
| 77 | ov_077 | 3.298587844326041 × 10^285 |
| 76 | ov_076 | 4.0816130941960084 × 10^285 |
| 75 | ov_075 | 4.998070471850633 × 10^285 |
| 74 | ov_074 | 6.055635117887182 × 10^285 |
| 63 | ov_063 | 6.522057358375636 × 10^285 |
| 73 | ov_073 | 7.270152462508109 × 10^285 |
| 72 | ov_072 | 8.65848893659838 × 10^285 |
| 71 | ov_071 | 1.0238596874053943 × 10^286 |
| 70 | ov_070 | 1.2020330420320988 × 10^286 |
| 69 | ov_069 | 1.4014183488171113 × 10^286 |
| 68 | ov_068 | 1.6231335704149956 × 10^286 |
| 67 | ov_067 | 1.8683702715385791 × 10^286 |
| 66 | ov_066 | 1.8683717635276945 × 10^286 |
| 65 | ov_065 | 1.8683763674067356 × 10^286 |
| 62 | ov_062 | 2.6905225816423987 × 10^286 |
| 61 | ov_061 | 8.121547496789255 × 10^286 |
| 60 | ov_060 | 1.9681919126415886 × 10^287 |
| 59 | ov_059 | 4.082046629522605 × 10^287 |
| 58 | ov_058 | 7.523126222834854 × 10^287 |
| 57 | ov_057 | 1.2660840983462005 × 10^288 |
| 56 | ov_056 | 2.1561245581081532 × 10^288 |
| 55 | ov_055 | 3.872589117073778 × 10^288 |
| 54 | ov_054 | 6.939525748576241 × 10^288 |
| 53 | ov_053 | 1.1954887706095498 × 10^289 |
| 52 | ov_052 | 1.9590555257488698 × 10^289 |
| 51 | ov_051 | 3.059237581582215 × 10^289 |
| 50 | ov_050 | 4.578024120786308 × 10^289 |
| 49 | ov_049 | 6.604823004525541 × 10^289 |
| 48 | ov_048 | 9.189924065360708 × 10^289 |
| 47 | ov_047 | 1.2387369116776687 × 10^290 |
| 32 | lv_80_m31 | 1.4770923069224881 × 10^290 |
| 46 | ov_046 | 1.625498535110627 × 10^290 |
| 45 | ov_045 | 2.085443138436809 × 10^290 |
| 44 | ov_044 | 2.625125815149738 × 10^290 |
| 43 | ov_043 | 3.2514987468960753 × 10^290 |
| 42 | ov_042 | 3.978873351624046 × 10^290 |
| 41 | ov_041 | 4.822387604720051 × 10^290 |
| 40 | ov_040 | 5.7980338168697776 × 10^290 |
| 31 | ov_031 | 6.1138051958877084 × 10^290 |
| 39 | ov_039 | 6.922692604554271 × 10^290 |
| 38 | ov_038 | 8.214173942503809 × 10^290 |
| 37 | ov_037 | 9.69126624957527 × 10^290 |
| 36 | ov_036 | 1.1373794524260028 × 10^291 |
| 35 | ov_035 | 1.3282688541700347 × 10^291 |
| 34 | ov_034 | 1.5429311785469972 × 10^291 |
| 33 | ov_033 | 1.7825689707176796 × 10^291 |
| 30 | ov_030 | 2.529789443174801 × 10^291 |
| 29 | ov_029 | 7.658696303669466 × 10^291 |
| 28 | ov_028 | 1.861371324800439 × 10^292 |
| 27 | ov_027 | 4.453050200036692 × 10^292 |
| 26 | ov_026 | 1.0722958355177977 × 10^293 |
| 25 | ov_025 | 2.3562990583953918 × 10^293 |
| 24 | ov_024 | 4.657489756530472 × 10^293 |
| 23 | ov_023 | 8.407032033369888 × 10^293 |
| 22 | ov_022 | 1.4107086444442266 × 10^294 |
| 21 | ov_021 | 2.233082379363349 × 10^294 |
| 20 | ov_020 | 3.372244809554842 × 10^294 |
| 19 | ov_019 | 4.899723333179636 × 10^294 |
| 18 | ov_018 | 6.894158617901838 × 10^294 |
| 17 | ov_017 | 9.441316002181277 × 10^294 |
| 16 | ov_016 | 1.2634105752274052 × 10^295 |
| 15 | ov_015 | 1.6572616663042662 × 10^295 |
| 14 | ov_014 | 2.136416808204316 × 10^295 |
| 13 | ov_013 | 2.7123386027994596 × 10^295 |
| 12 | ov_012 | 3.3972309666890283 × 10^295 |
| 11 | ov_011 | 4.2040534536496853 × 10^295 |
| 10 | ov_010 | 5.146539807057708 × 10^295 |
| 9 | ov_009 | 6.239221202523791 × 10^295 |
| 8 | ov_008 | 7.49745462830597 × 10^295 |
| 7 | ov_007 | 8.92956805114663 × 10^295 |
| 6 | ov_006 | 1.0552678198175734 × 10^296 |
| 5 | ov_005 | 1.237605982201463 × 10^296 |
| 4 | ov_004 | 1.4409502914515428 × 10^296 |
| 3 | ov_003 | 1.6663346607967967 × 10^296 |
| 2 | ov_002 | 1.9148518370553144 × 10^296 |
| 1 | ov_001 | 2.1876579171682203 × 10^296 |

