# Results for F001-F002-F003-F004-F005-F006-F007-F008-F009-F010-F011-F012-F013-F014-F015-F016-F017-F018-F019-F020-F021-F022-F023-F024-F025-F026-F027-F028-F029-F030-F031-F032-F033-F034-F035-F036-F037-F038-F039-F040-F041-F042-F043-F044-F045-F046-F047-F048-F049-F050-F051-F052-F053-F054-F055-F056-F057-F058-F059-F060-F061-F062-F063-F064-F065-F066-F067-F068-F069-F070-F071-F072-F073-F074-F075-F076-F077-F078-F079-F080-F081-F082-F083-F084-F085-F086-F087-F088-F089-F090-F091-F092-F093-F094-F095-F096-F097-F098-F099-F100-F101-F102-F103-F104-F105-F106-F107-F108-F109-F110-F111-F112-F113-F114-F115-F116-F117-F118-F119-F120-F121-F122-F123-F124-F125-F126-F127-F128-F129-F130-F131-F132-F133-F134-F135-F136-F137-F138-F139-F140-F141-F142-F143-F144-F145-F146-F147-F148-F149-F150-F151-F152-F153-F154-F155-F156-F157-F158-F159-F160-F161-F162-F163-F164-F165-F166-F167-F168-F169-F170-F171-F172-F173-F174-F175-F176-F177-F178-F179-F180-F181-F182-F183-F184-F185-F186-F187-F188-F189-F190-F191-F192-F193-F194-F195-F196-F197-F198-F199-F200-F201-F202-F203-F204-F205-F206-F207-F208-F209-F210-F211-F212-F213-F214-F215-F216-F217-F218-F219-F220-F221-F222-F223-F224-F225-F226-F227-F228-F229-F230-F231-F232-F233-F234-F235-F236-F237-F238-F239-F240-F241-F242-F243-F244-F245-F246-F247-F248-F249-F250-F251-F252-F253-F254-F255-F256-F257-F258-F259-F260-F261-F262-F263-F264-F265-F266-F267-F268-F269-F270-F271-F272-F273-F274-F275-F276-F277-F278-F279-F280-F281-F282-F283-F284-F285-F286-F287-F288-F289-F290-F291-F292-F293-F294-F295-F296-F297-F298-F299-F300-F301-F302-F303-F304-F305-F306-F307-F308-F309-F310-F311-F312-F313-F314-F315-F316-F317-F318-F319-F320-F321-F322-F323-F324-F325-F326-F327-F328-F329-F330-F331-F332-F333-F334-F335-F336-F337-F338-F339-F340-F341-F342-F343-F344-F345-F346-F347-F348-F349-F350-F351-F352-F353-F354-F355-F356-F357-F358-F359-F360-F361-F362-F363-F364-F365-F366-F367-F368-F369-F370-F371-F372-F373-F374-F375-F376-F377-F378-F379-F380-F381-F382-F383-F384-F385-F386-F387-F388-F389-F390-F391-F392-F393-F394-F395-F396-F397-F398-F399-F400-F401-F402-F403-F404-F405-F406-F407-F408-F409-F410-F411-F412-F413-F414-F415-F416-F417-F418-F419-F420-F421-F422-F423-F424-F425-F426-F427-F428-F429-F430-F431-F432-F433-F434-F435-F436-F437-F438-F439-F440-F441-F442-F443-F444-F445-F446-F447-F448-F449-F450-F451-F452-F453-F454-F455-F456-F457-F458-F459-F460-F461-F462-F463-F464-F465-F466-F467-F468-F469-F470-F471-F472-F473-F474-F475-F476-F477-F478-F479-F480-F481-F482-F483-F484-F485-F486-F487-F488-F489-F490-F491-F492-F493-F494-F495-F496-F497-F498-F499-F500-F501-F502-F503-F504-F505-O511512

## Summary

Number of input bits: 512  
Number of free input bits: 6  
Number of output bits: 160

Number of direct occurrences: 25024  
Number of assignments: 30627  
Number of operations: 11547922
(xor: 11515961,
and: 19153,
or: 12808)

Total complexity: 7.991040869632592 × 10^301

Least occurring input variable: iv_506 (3994)  
Most occurring input variable: iv_511 (4366)

Most co-occurring input variables: iv_509-iv_510 (2089)  
Least co-occurring input variables: iv_506-iv_508 (1873)

Potentially most occurring input variable: iv_509/iv_511 (4603)  
Potentially least occurring input variable: iv_508/iv_510 (4241)

Least output occurring input variable: iv_509 (65)  
Most output occurring input variable: iv_508 (82)

Most output co-occurring input variables: iv_506-iv_508 (45)  
Least output co-occurring input variables: iv_507-iv_511 (25)

Potentially most output occurring input variable: iv_507/iv_511 (94)  
Potentially least output occurring input variable: iv_506/iv_511 (68)

Least complex input bit: iv_511 (7.704756951099839 × 10^296)  
Most complex input bit: iv_510 (2.5912253826078527 × 10^301)

Least complex output bit: aaa_76_29 (1.6008690085570675 × 10^276)  
Most complex output bit: ov_001 (1.2471454770800682 × 10^301)

Least complex input/output complexity: iv_511/aaa_76_29 (1.543516898825154 × 10^271)  
Most complex input/output complexity: iv_510/ov_001 (4.044072691825727 × 10^300)

Input variable with highest collision probability: iv_511 (½^160.0000000000005)

## Input Bits

### Input Bits in Regular Order

| Input Bit | Complexity | Occurrences | Output Occurrences | Collision Probability |
|:---------:|:----------:|:-----------:|:------------------:|:---------------------:|
| iv_506 | 4.9751219024330423 × 10^300 | 3994 | 81 | ½^160.00000000000085 |
| iv_507 | 9.369975791745007 × 10^300 | 4080 | 71 | ½^160.00000000000074 |
| iv_508 | 1.564643439519469 × 10^301 | 4127 | 82 | ½^160.0000000000007 |
| iv_509 | 2.4005852305179668 × 10^301 | 4187 | 65 | ½^160.0000000000007 |
| iv_510 | 2.5912253826078527 × 10^301 | 4270 | 70 | ½^160.00000000000074 |
| iv_511 | 7.704756951099839 × 10^296 | 4366 | 73 | ½^160.0000000000005 |

### Input Bits Sorted by Complexity

| Input Bit | Complexity | Occurrences | Output Occurrences | Collision Probability |
|:---------:|:----------:|:-----------:|:------------------:|:---------------------:|
| iv_511 | 7.704756951099839 × 10^296 | 4366 | 73 | ½^160.0000000000005 |
| iv_506 | 4.9751219024330423 × 10^300 | 3994 | 81 | ½^160.00000000000085 |
| iv_507 | 9.369975791745007 × 10^300 | 4080 | 71 | ½^160.00000000000074 |
| iv_508 | 1.564643439519469 × 10^301 | 4127 | 82 | ½^160.0000000000007 |
| iv_509 | 2.4005852305179668 × 10^301 | 4187 | 65 | ½^160.0000000000007 |
| iv_510 | 2.5912253826078527 × 10^301 | 4270 | 70 | ½^160.00000000000074 |

### Input Bits Sorted by Occurrences

| Input Bit | Complexity | Occurrences | Output Occurrences | Collision Probability |
|:---------:|:----------:|:-----------:|:------------------:|:---------------------:|
| iv_506 | 4.9751219024330423 × 10^300 | 3994 | 81 | ½^160.00000000000085 |
| iv_507 | 9.369975791745007 × 10^300 | 4080 | 71 | ½^160.00000000000074 |
| iv_508 | 1.564643439519469 × 10^301 | 4127 | 82 | ½^160.0000000000007 |
| iv_509 | 2.4005852305179668 × 10^301 | 4187 | 65 | ½^160.0000000000007 |
| iv_510 | 2.5912253826078527 × 10^301 | 4270 | 70 | ½^160.00000000000074 |
| iv_511 | 7.704756951099839 × 10^296 | 4366 | 73 | ½^160.0000000000005 |

### Input Bits Sorted by Output Occurrences

| Input Bit | Complexity | Occurrences | Output Occurrences | Collision Probability |
|:---------:|:----------:|:-----------:|:------------------:|:---------------------:|
| iv_509 | 2.4005852305179668 × 10^301 | 4187 | 65 | ½^160.0000000000007 |
| iv_510 | 2.5912253826078527 × 10^301 | 4270 | 70 | ½^160.00000000000074 |
| iv_507 | 9.369975791745007 × 10^300 | 4080 | 71 | ½^160.00000000000074 |
| iv_511 | 7.704756951099839 × 10^296 | 4366 | 73 | ½^160.0000000000005 |
| iv_506 | 4.9751219024330423 × 10^300 | 3994 | 81 | ½^160.00000000000085 |
| iv_508 | 1.564643439519469 × 10^301 | 4127 | 82 | ½^160.0000000000007 |

### Input Bits Sorted by Collision Probability

| Input Bit | Complexity | Occurrences | Output Occurrences | Collision Probability |
|:---------:|:----------:|:-----------:|:------------------:|:---------------------:|
| iv_511 | 7.704756951099839 × 10^296 | 4366 | 73 | ½^160.0000000000005 |
| iv_508 | 1.564643439519469 × 10^301 | 4127 | 82 | ½^160.0000000000007 |
| iv_509 | 2.4005852305179668 × 10^301 | 4187 | 65 | ½^160.0000000000007 |
| iv_510 | 2.5912253826078527 × 10^301 | 4270 | 70 | ½^160.00000000000074 |
| iv_507 | 9.369975791745007 × 10^300 | 4080 | 71 | ½^160.00000000000074 |
| iv_506 | 4.9751219024330423 × 10^300 | 3994 | 81 | ½^160.00000000000085 |

## Input Bit/Output Bit Collision Probabilities

| Input Bit | Output Bit | Collision Probability |
|:---------:|:----------:|:---------------------:|
| iv_511 | ov_057 | 0.5000000000000044 |
| iv_506 | ov_068 | 0.5000000000000018 |
| iv_509 | ov_078 | 0.5000000000000018 |
| iv_511 | ov_006 | 0.5000000000000018 |
| iv_511 | ov_037 | 0.5000000000000018 |
| iv_511 | ov_038 | 0.5000000000000018 |

## Input Bit Co-occurrences

### Input Bit Co-occurrences Sorted by Co-occurrences

| Input Bits | Co-occurrences | Potential Occurrences | Output Co-occurrences | Potential Output Occurrences |
|:----------:|:--------------:|:---------------------:|:---------------------:|:----------------------------:|
| iv_509-iv_510 | 2089 | 4279 | 26 | 83 |
| iv_508-iv_510 | 2078 | 4241 | 37 | 78 |
| iv_510-iv_511 | 2029 | 4578 | 29 | 85 |
| iv_507-iv_509 | 2006 | 4255 | 31 | 74 |
| iv_507-iv_510 | 1985 | 4380 | 30 | 81 |
| iv_508-iv_509 | 1981 | 4352 | 32 | 83 |

### Input Bit Co-occurrences Sorted by Potential Occurrences

| Input Bits | Co-occurrences | Potential Occurrences | Output Co-occurrences | Potential Output Occurrences |
|:----------:|:--------------:|:---------------------:|:---------------------:|:----------------------------:|
| iv_508-iv_510 | 2078 | 4241 | 37 | 78 |
| iv_507-iv_509 | 2006 | 4255 | 31 | 74 |
| iv_506-iv_507 | 1902 | 4270 | 35 | 82 |
| iv_509-iv_510 | 2089 | 4279 | 26 | 83 |
| iv_507-iv_508 | 1961 | 4285 | 38 | 77 |
| iv_506-iv_509 | 1916 | 4349 | 37 | 72 |

### Input Bit Output Co-occurrences Sorted by Output Co-occurrences

| Input Bits | Co-occurrences | Potential Occurrences | Output Co-occurrences | Potential Output Occurrences |
|:----------:|:--------------:|:---------------------:|:---------------------:|:----------------------------:|
| iv_506-iv_508 | 1873 | 4375 | 45 | 73 |
| iv_506-iv_511 | 1958 | 4444 | 43 | 68 |
| iv_508-iv_511 | 1972 | 4549 | 38 | 79 |
| iv_507-iv_508 | 1961 | 4285 | 38 | 77 |
| iv_506-iv_509 | 1916 | 4349 | 37 | 72 |
| iv_506-iv_510 | 1919 | 4426 | 37 | 77 |

### Input Bit Output Co-occurrences Sorted by Potential Output Occurrences

| Input Bits | Co-occurrences | Potential Occurrences | Output Co-occurrences | Potential Output Occurrences |
|:----------:|:--------------:|:---------------------:|:---------------------:|:----------------------------:|
| iv_506-iv_511 | 1958 | 4444 | 43 | 68 |
| iv_506-iv_509 | 1916 | 4349 | 37 | 72 |
| iv_506-iv_508 | 1873 | 4375 | 45 | 73 |
| iv_507-iv_509 | 2006 | 4255 | 31 | 74 |
| iv_509-iv_511 | 1975 | 4603 | 32 | 74 |
| iv_506-iv_510 | 1919 | 4426 | 37 | 77 |

## Output Bits

### Output Bits in Regular Order

| Rank | Output Bit | Complexity |
|:----:|:----------:|:----------:|
| 1 | ov_001 | 1.2471454770800682 × 10^301 |
| 2 | ov_002 | 1.09070956292637 × 10^301 |
| 3 | ov_003 | 9.482200677441635 × 10^300 |
| 4 | ov_004 | 8.190093364420515 × 10^300 |
| 5 | ov_005 | 7.024462651699789 × 10^300 |
| 6 | ov_006 | 5.979336990622502 × 10^300 |
| 7 | ov_007 | 5.049061784145489 × 10^300 |
| 8 | ov_008 | 4.228279927379503 × 10^300 |
| 9 | ov_009 | 3.511915042641872 × 10^300 |
| 10 | ov_010 | 2.8906008455399726 × 10^300 |
| 11 | ov_011 | 2.355468230895855 × 10^300 |
| 12 | ov_012 | 1.8981257510287288 × 10^300 |
| 13 | ov_013 | 1.510643265242359 × 10^300 |
| 14 | ov_014 | 1.1855384732066292 × 10^300 |
| 15 | ov_015 | 9.157660631990313 × 10^299 |
| 16 | ov_016 | 6.9470922426900145 × 10^299 |
| 17 | ov_017 | 5.161732658186612 × 10^299 |
| 18 | ov_018 | 3.7438103758196586 × 10^299 |
| 19 | ov_019 | 2.6396979908862753 × 10^299 |
| 20 | ov_020 | 1.7998919751878949 × 10^299 |
| 21 | ov_021 | 1.1790004841299477 × 10^299 |
| 22 | ov_022 | 7.35736492449396 × 10^298 |
| 23 | ov_023 | 4.3291401611138355 × 10^298 |
| 24 | ov_024 | 2.374458973002489 × 10^298 |
| 25 | ov_025 | 1.2034241981824195 × 10^298 |
| 26 | ov_026 | 5.671047658036966 × 10^297 |
| 27 | ov_027 | 2.5753121675726032 × 10^297 |
| 28 | ov_028 | 1.0769361965076692 × 10^297 |
| 29 | ov_029 | 4.432673938643768 × 10^296 |
| 30 | ov_030 | 1.4644609072143255 × 10^296 |
| 31 | ov_031 | 3.5387088454499977 × 10^295 |
| 32 | lv_80_k31 | 8.54469556146584 × 10^294 |
| 33 | ov_033 | 1.028606868533928 × 10^296 |
| 34 | ov_034 | 8.908066611173072 × 10^295 |
| 35 | ov_035 | 7.671383300065356 × 10^295 |
| 36 | ov_036 | 6.568801296039392 × 10^295 |
| 37 | ov_037 | 5.593501119266196 × 10^295 |
| 38 | ov_038 | 4.739031563036993 × 10^295 |
| 39 | ov_039 | 3.99349540391188 × 10^295 |
| 40 | ov_040 | 3.345616851241763 × 10^295 |
| 41 | ov_041 | 2.7847063683418086 × 10^295 |
| 42 | ov_042 | 2.300630968662367 × 10^295 |
| 43 | ov_043 | 1.8837893963621828 × 10^295 |
| 44 | ov_044 | 1.525091634366593 × 10^295 |
| 45 | ov_045 | 1.2159422160255464 × 10^295 |
| 46 | ov_046 | 9.521651814427378 × 10^294 |
| 47 | ov_047 | 7.298221982016454 × 10^294 |
| 48 | ov_048 | 5.4520795773985306 × 10^294 |
| 49 | ov_049 | 3.94846681797248 × 10^294 |
| 50 | ov_050 | 2.754895490887791 × 10^294 |
| 51 | ov_051 | 1.841128681336152 × 10^294 |
| 52 | ov_052 | 1.1791683792347701 × 10^294 |
| 53 | ov_053 | 7.19706699327831 × 10^293 |
| 54 | ov_054 | 4.178854857827439 × 10^293 |
| 55 | ov_055 | 2.332921505917627 × 10^293 |
| 56 | ov_056 | 1.2995737976955003 × 10^293 |
| 57 | ov_057 | 7.635385096445507 × 10^292 |
| 58 | ov_058 | 4.539550616914593 × 10^292 |
| 59 | ov_059 | 2.4649567033804766 × 10^292 |
| 60 | ov_060 | 1.18957133809199 × 10^292 |
| 61 | ov_061 | 4.9136417368689545 × 10^291 |
| 62 | ov_062 | 1.629538570626358 × 10^291 |
| 63 | ov_063 | 3.9549089135480575 × 10^290 |
| 64 | lv_79_k31 | 9.593484133344387 × 10^289 |
| 65 | ov_065 | 1.124935370671944 × 10^291 |
| 66 | ov_066 | 1.1249327825902387 × 10^291 |
| 67 | ov_067 | 1.1249319562430557 × 10^291 |
| 68 | ov_068 | 9.784462622564938 × 10^290 |
| 69 | ov_069 | 8.455179408711885 × 10^290 |
| 70 | ov_070 | 7.255111464967273 × 10^290 |
| 71 | ov_071 | 6.178247791823659 × 10^290 |
| 72 | ov_072 | 5.218899378349617 × 10^290 |
| 73 | ov_073 | 4.371677080665029 × 10^290 |
| 74 | ov_074 | 3.631472541327612 × 10^290 |
| 75 | ov_075 | 2.988848565428923 × 10^290 |
| 76 | ov_076 | 2.434857534850044 × 10^290 |
| 77 | ov_077 | 1.961020112905579 × 10^290 |
| 78 | ov_078 | 1.5593076632190581 × 10^290 |
| 79 | ov_079 | 1.2221279341589732 × 10^290 |
| 80 | ov_080 | 9.423135873353536 × 10^289 |
| 81 | ov_081 | 7.1311317547059 × 10^289 |
| 82 | ov_082 | 5.281842015121017 × 10^289 |
| 83 | ov_083 | 3.815879172260992 × 10^289 |
| 84 | ov_084 | 2.677855457614243 × 10^289 |
| 85 | ov_085 | 1.8163563884497425 × 10^289 |
| 86 | ov_086 | 1.183923053965927 × 10^289 |
| 87 | ov_087 | 7.370407445138504 × 10^288 |
| 88 | ov_088 | 4.361318136285629 × 10^288 |
| 89 | ov_089 | 2.455510730847015 × 10^288 |
| 90 | ov_090 | 1.3358269846233466 × 10^288 |
| 91 | ov_091 | 7.243820219940497 × 10^287 |
| 92 | ov_092 | 3.825521557135606 × 10^287 |
| 93 | ov_093 | 2.0083974218298472 × 10^287 |
| 94 | ov_094 | 8.937337718395816 × 10^286 |
| 95 | aaa_78_28 | 2.852798649836356 × 10^286 |
| 96 | aaa_78_29 | 1.0688902574109971 × 10^286 |
| 97 | ov_097 | 9.802623232566591 × 10^285 |
| 98 | ov_098 | 9.802579570423568 × 10^285 |
| 99 | ov_099 | 9.80256560866883 × 10^285 |
| 100 | ov_100 | 8.481133171167143 × 10^285 |
| 101 | ov_101 | 7.29876218417248 × 10^285 |
| 102 | ov_102 | 6.244879405704742 × 10^285 |
| 103 | ov_103 | 5.309492066826167 × 10^285 |
| 104 | ov_104 | 4.483144883644728 × 10^285 |
| 105 | ov_105 | 3.756882732447266 × 10^285 |
| 106 | ov_106 | 3.1222184658076654 × 10^285 |
| 107 | ov_107 | 2.5711053758797072 × 10^285 |
| 108 | ov_108 | 2.0959138381789047 × 10^285 |
| 109 | ov_109 | 1.689411695204883 × 10^285 |
| 110 | ov_110 | 1.344747964450544 × 10^285 |
| 111 | ov_111 | 1.0554394798558953 × 10^285 |
| 112 | ov_112 | 8.153600997385025 × 10^284 |
| 113 | ov_113 | 6.187321377925712 × 10^284 |
| 114 | ov_114 | 4.60119696997745 × 10^284 |
| 115 | ov_115 | 3.3442360930098913 × 10^284 |
| 116 | ov_116 | 2.3687770679813454 × 10^284 |
| 117 | ov_117 | 1.6304617289942209 × 10^284 |
| 118 | ov_118 | 1.0882174465503554 × 10^284 |
| 119 | ov_119 | 7.042456006944304 × 10^283 |
| 120 | ov_120 | 4.440146686543113 × 10^283 |
| 121 | ov_121 | 2.7625631780439306 × 10^283 |
| 122 | ov_122 | 1.72963251416906 × 10^283 |
| 123 | ov_123 | 1.0938801348670447 × 10^283 |
| 124 | ov_124 | 6.404230466250816 × 10^282 |
| 125 | ov_125 | 3.36675456487167 × 10^282 |
| 126 | ov_126 | 1.5005235554527194 × 10^282 |
| 127 | aaa_77_28 | 4.796898569003629 × 10^281 |
| 128 | aaa_77_29 | 1.8006315654274965 × 10^281 |
| 129 | ov_129 | 1.6394275984022977 × 10^281 |
| 130 | ov_130 | 1.6394236982794594 × 10^281 |
| 131 | ov_131 | 1.6394224427072983 × 10^281 |
| 132 | ov_132 | 1.4234877425201766 × 10^281 |
| 133 | ov_133 | 1.2279951230612829 × 10^281 |
| 134 | ov_134 | 1.0520005192654292 × 10^281 |
| 135 | ov_135 | 8.94614183852796 × 10^280 |
| 136 | ov_136 | 7.549966364591218 × 10^280 |
| 137 | ov_137 | 6.32355060865758 × 10^280 |
| 138 | ov_138 | 5.252314937002945 × 10^280 |
| 139 | ov_139 | 4.322469673146108 × 10^280 |
| 140 | ov_140 | 3.520970484773836 × 10^280 |
| 141 | ov_141 | 2.835480583524447 × 10^280 |
| 142 | ov_142 | 2.254339157666132 × 10^280 |
| 143 | ov_143 | 1.766535355268218 × 10^280 |
| 144 | ov_144 | 1.3616871322839423 × 10^280 |
| 145 | ov_145 | 1.0300243247681958 × 10^280 |
| 146 | ov_146 | 7.623753488699806 × 10^279 |
| 147 | ov_147 | 5.501569763948882 × 10^279 |
| 148 | ov_148 | 3.85366677722264 × 10^279 |
| 149 | ov_149 | 2.6057706775120287 × 10^279 |
| 150 | ov_150 | 1.6893203438207176 × 10^279 |
| 151 | ov_151 | 1.0414417284093361 × 10^279 |
| 152 | ov_152 | 6.049319293639327 × 10^278 |
| 153 | ov_153 | 3.282501010852517 × 10^278 |
| 154 | ov_154 | 1.6551274892432003 × 10^278 |
| 155 | ov_155 | 7.649145563464312 × 10^277 |
| 156 | aaa_76_25 | 2.6611816946584182 × 10^277 |
| 157 | aaa_76_26 | 1.6391175900277039 × 10^277 |
| 158 | aaa_76_27 | 8.997057949790321 × 10^276 |
| 159 | aaa_76_28 | 4.2455602862572134 × 10^276 |
| 160 | aaa_76_29 | 1.6008690085570675 × 10^276 |

### Output Bits Sorted by Complexity

| Rank | Output Bit | Complexity |
|:----:|:----------:|:----------:|
| 160 | aaa_76_29 | 1.6008690085570675 × 10^276 |
| 159 | aaa_76_28 | 4.2455602862572134 × 10^276 |
| 158 | aaa_76_27 | 8.997057949790321 × 10^276 |
| 157 | aaa_76_26 | 1.6391175900277039 × 10^277 |
| 156 | aaa_76_25 | 2.6611816946584182 × 10^277 |
| 155 | ov_155 | 7.649145563464312 × 10^277 |
| 154 | ov_154 | 1.6551274892432003 × 10^278 |
| 153 | ov_153 | 3.282501010852517 × 10^278 |
| 152 | ov_152 | 6.049319293639327 × 10^278 |
| 151 | ov_151 | 1.0414417284093361 × 10^279 |
| 150 | ov_150 | 1.6893203438207176 × 10^279 |
| 149 | ov_149 | 2.6057706775120287 × 10^279 |
| 148 | ov_148 | 3.85366677722264 × 10^279 |
| 147 | ov_147 | 5.501569763948882 × 10^279 |
| 146 | ov_146 | 7.623753488699806 × 10^279 |
| 145 | ov_145 | 1.0300243247681958 × 10^280 |
| 144 | ov_144 | 1.3616871322839423 × 10^280 |
| 143 | ov_143 | 1.766535355268218 × 10^280 |
| 142 | ov_142 | 2.254339157666132 × 10^280 |
| 141 | ov_141 | 2.835480583524447 × 10^280 |
| 140 | ov_140 | 3.520970484773836 × 10^280 |
| 139 | ov_139 | 4.322469673146108 × 10^280 |
| 138 | ov_138 | 5.252314937002945 × 10^280 |
| 137 | ov_137 | 6.32355060865758 × 10^280 |
| 136 | ov_136 | 7.549966364591218 × 10^280 |
| 135 | ov_135 | 8.94614183852796 × 10^280 |
| 134 | ov_134 | 1.0520005192654292 × 10^281 |
| 133 | ov_133 | 1.2279951230612829 × 10^281 |
| 132 | ov_132 | 1.4234877425201766 × 10^281 |
| 131 | ov_131 | 1.6394224427072983 × 10^281 |
| 130 | ov_130 | 1.6394236982794594 × 10^281 |
| 129 | ov_129 | 1.6394275984022977 × 10^281 |
| 128 | aaa_77_29 | 1.8006315654274965 × 10^281 |
| 127 | aaa_77_28 | 4.796898569003629 × 10^281 |
| 126 | ov_126 | 1.5005235554527194 × 10^282 |
| 125 | ov_125 | 3.36675456487167 × 10^282 |
| 124 | ov_124 | 6.404230466250816 × 10^282 |
| 123 | ov_123 | 1.0938801348670447 × 10^283 |
| 122 | ov_122 | 1.72963251416906 × 10^283 |
| 121 | ov_121 | 2.7625631780439306 × 10^283 |
| 120 | ov_120 | 4.440146686543113 × 10^283 |
| 119 | ov_119 | 7.042456006944304 × 10^283 |
| 118 | ov_118 | 1.0882174465503554 × 10^284 |
| 117 | ov_117 | 1.6304617289942209 × 10^284 |
| 116 | ov_116 | 2.3687770679813454 × 10^284 |
| 115 | ov_115 | 3.3442360930098913 × 10^284 |
| 114 | ov_114 | 4.60119696997745 × 10^284 |
| 113 | ov_113 | 6.187321377925712 × 10^284 |
| 112 | ov_112 | 8.153600997385025 × 10^284 |
| 111 | ov_111 | 1.0554394798558953 × 10^285 |
| 110 | ov_110 | 1.344747964450544 × 10^285 |
| 109 | ov_109 | 1.689411695204883 × 10^285 |
| 108 | ov_108 | 2.0959138381789047 × 10^285 |
| 107 | ov_107 | 2.5711053758797072 × 10^285 |
| 106 | ov_106 | 3.1222184658076654 × 10^285 |
| 105 | ov_105 | 3.756882732447266 × 10^285 |
| 104 | ov_104 | 4.483144883644728 × 10^285 |
| 103 | ov_103 | 5.309492066826167 × 10^285 |
| 102 | ov_102 | 6.244879405704742 × 10^285 |
| 101 | ov_101 | 7.29876218417248 × 10^285 |
| 100 | ov_100 | 8.481133171167143 × 10^285 |
| 99 | ov_099 | 9.80256560866883 × 10^285 |
| 98 | ov_098 | 9.802579570423568 × 10^285 |
| 97 | ov_097 | 9.802623232566591 × 10^285 |
| 96 | aaa_78_29 | 1.0688902574109971 × 10^286 |
| 95 | aaa_78_28 | 2.852798649836356 × 10^286 |
| 94 | ov_094 | 8.937337718395816 × 10^286 |
| 93 | ov_093 | 2.0083974218298472 × 10^287 |
| 92 | ov_092 | 3.825521557135606 × 10^287 |
| 91 | ov_091 | 7.243820219940497 × 10^287 |
| 90 | ov_090 | 1.3358269846233466 × 10^288 |
| 89 | ov_089 | 2.455510730847015 × 10^288 |
| 88 | ov_088 | 4.361318136285629 × 10^288 |
| 87 | ov_087 | 7.370407445138504 × 10^288 |
| 86 | ov_086 | 1.183923053965927 × 10^289 |
| 85 | ov_085 | 1.8163563884497425 × 10^289 |
| 84 | ov_084 | 2.677855457614243 × 10^289 |
| 83 | ov_083 | 3.815879172260992 × 10^289 |
| 82 | ov_082 | 5.281842015121017 × 10^289 |
| 81 | ov_081 | 7.1311317547059 × 10^289 |
| 80 | ov_080 | 9.423135873353536 × 10^289 |
| 64 | lv_79_k31 | 9.593484133344387 × 10^289 |
| 79 | ov_079 | 1.2221279341589732 × 10^290 |
| 78 | ov_078 | 1.5593076632190581 × 10^290 |
| 77 | ov_077 | 1.961020112905579 × 10^290 |
| 76 | ov_076 | 2.434857534850044 × 10^290 |
| 75 | ov_075 | 2.988848565428923 × 10^290 |
| 74 | ov_074 | 3.631472541327612 × 10^290 |
| 63 | ov_063 | 3.9549089135480575 × 10^290 |
| 73 | ov_073 | 4.371677080665029 × 10^290 |
| 72 | ov_072 | 5.218899378349617 × 10^290 |
| 71 | ov_071 | 6.178247791823659 × 10^290 |
| 70 | ov_070 | 7.255111464967273 × 10^290 |
| 69 | ov_069 | 8.455179408711885 × 10^290 |
| 68 | ov_068 | 9.784462622564938 × 10^290 |
| 67 | ov_067 | 1.1249319562430557 × 10^291 |
| 66 | ov_066 | 1.1249327825902387 × 10^291 |
| 65 | ov_065 | 1.124935370671944 × 10^291 |
| 62 | ov_062 | 1.629538570626358 × 10^291 |
| 61 | ov_061 | 4.9136417368689545 × 10^291 |
| 60 | ov_060 | 1.18957133809199 × 10^292 |
| 59 | ov_059 | 2.4649567033804766 × 10^292 |
| 58 | ov_058 | 4.539550616914593 × 10^292 |
| 57 | ov_057 | 7.635385096445507 × 10^292 |
| 56 | ov_056 | 1.2995737976955003 × 10^293 |
| 55 | ov_055 | 2.332921505917627 × 10^293 |
| 54 | ov_054 | 4.178854857827439 × 10^293 |
| 53 | ov_053 | 7.19706699327831 × 10^293 |
| 52 | ov_052 | 1.1791683792347701 × 10^294 |
| 51 | ov_051 | 1.841128681336152 × 10^294 |
| 50 | ov_050 | 2.754895490887791 × 10^294 |
| 49 | ov_049 | 3.94846681797248 × 10^294 |
| 48 | ov_048 | 5.4520795773985306 × 10^294 |
| 47 | ov_047 | 7.298221982016454 × 10^294 |
| 32 | lv_80_k31 | 8.54469556146584 × 10^294 |
| 46 | ov_046 | 9.521651814427378 × 10^294 |
| 45 | ov_045 | 1.2159422160255464 × 10^295 |
| 44 | ov_044 | 1.525091634366593 × 10^295 |
| 43 | ov_043 | 1.8837893963621828 × 10^295 |
| 42 | ov_042 | 2.300630968662367 × 10^295 |
| 41 | ov_041 | 2.7847063683418086 × 10^295 |
| 40 | ov_040 | 3.345616851241763 × 10^295 |
| 31 | ov_031 | 3.5387088454499977 × 10^295 |
| 39 | ov_039 | 3.99349540391188 × 10^295 |
| 38 | ov_038 | 4.739031563036993 × 10^295 |
| 37 | ov_037 | 5.593501119266196 × 10^295 |
| 36 | ov_036 | 6.568801296039392 × 10^295 |
| 35 | ov_035 | 7.671383300065356 × 10^295 |
| 34 | ov_034 | 8.908066611173072 × 10^295 |
| 33 | ov_033 | 1.028606868533928 × 10^296 |
| 30 | ov_030 | 1.4644609072143255 × 10^296 |
| 29 | ov_029 | 4.432673938643768 × 10^296 |
| 28 | ov_028 | 1.0769361965076692 × 10^297 |
| 27 | ov_027 | 2.5753121675726032 × 10^297 |
| 26 | ov_026 | 5.671047658036966 × 10^297 |
| 25 | ov_025 | 1.2034241981824195 × 10^298 |
| 24 | ov_024 | 2.374458973002489 × 10^298 |
| 23 | ov_023 | 4.3291401611138355 × 10^298 |
| 22 | ov_022 | 7.35736492449396 × 10^298 |
| 21 | ov_021 | 1.1790004841299477 × 10^299 |
| 20 | ov_020 | 1.7998919751878949 × 10^299 |
| 19 | ov_019 | 2.6396979908862753 × 10^299 |
| 18 | ov_018 | 3.7438103758196586 × 10^299 |
| 17 | ov_017 | 5.161732658186612 × 10^299 |
| 16 | ov_016 | 6.9470922426900145 × 10^299 |
| 15 | ov_015 | 9.157660631990313 × 10^299 |
| 14 | ov_014 | 1.1855384732066292 × 10^300 |
| 13 | ov_013 | 1.510643265242359 × 10^300 |
| 12 | ov_012 | 1.8981257510287288 × 10^300 |
| 11 | ov_011 | 2.355468230895855 × 10^300 |
| 10 | ov_010 | 2.8906008455399726 × 10^300 |
| 9 | ov_009 | 3.511915042641872 × 10^300 |
| 8 | ov_008 | 4.228279927379503 × 10^300 |
| 7 | ov_007 | 5.049061784145489 × 10^300 |
| 6 | ov_006 | 5.979336990622502 × 10^300 |
| 5 | ov_005 | 7.024462651699789 × 10^300 |
| 4 | ov_004 | 8.190093364420515 × 10^300 |
| 3 | ov_003 | 9.482200677441635 × 10^300 |
| 2 | ov_002 | 1.09070956292637 × 10^301 |
| 1 | ov_001 | 1.2471454770800682 × 10^301 |

