# Results for F001-F002-F003-F004-F005-F006-F007-F008-F009-F010-F011-F012-F013-F014-F015-F016-F017-F018-F019-F020-F021-F022-F023-F024-F025-F026-F027-F028-F029-F030-F031-F032-F033-F034-F035-F036-F037-F038-F039-F040-F041-F042-F043-F044-F045-F046-F047-F048-F049-F050-F051-F052-F053-F054-F055-F056-F057-F058-F059-F060-F061-F062-F063-F064-F065-F066-F067-F068-F069-F070-F071-F072-F073-F074-F075-F076-F077-F078-F079-F080-F081-F082-F083-F084-F085-F086-F087-F088-F089-F090-F091-F092-F093-F094-F095-F096-F097-F098-F099-F100-F101-F102-F103-F104-F105-F106-F107-F108-F109-F110-F111-F112-F113-F114-F115-F116-F117-F118-F119-F120-F121-F122-F123-F124-F125-F126-F127-F128-F129-F130-F131-F132-F133-F134-F135-F136-F137-F138-F139-F140-F141-F142-F143-F144-F145-F146-F147-F148-F149-F150-F151-F152-F153-F154-F155-F156-F157-F158-F159-F160-F161-F162-F163-F164-F165-F166-F167-F168-F169-F170-F171-F172-F173-F174-F175-F176-F177-F178-F179-F180-F181-F182-F183-F184-F185-F186-F187-F188-F189-F190-F191-F192-F193-F194-F195-F196-F197-F198-F199-F200-F201-F202-F203-F204-F205-F206-F207-F208-F209-F210-F211-F212-F213-F214-F215-F216-F217-F218-F219-F220-F221-F222-F223-F224-F225-F226-F227-F228-F229-F230-F231-F232-F233-F234-F235-F236-F237-F238-F239-F240-F241-F242-F243-F244-F245-F246-F247-F248-F249-F250-F251-F252-F253-F254-F255-F256-F257-F258-F259-F260-F261-F262-F263-F264-F265-F266-F267-F268-F269-F270-F271-F272-F273-F274-F275-F276-F277-F278-F279-F280-F281-F282-F283-F284-F285-F286-F287-F288-F289-F290-F291-F292-F293-F294-F295-F296-F297-F298-F299-F300-F301-F302-F303-F304-F305-F306-F307-F308-F309-F310-F311-F312-F313-F314-F315-F316-F317-F318-F319-F320-F321-F322-F323-F324-F325-F326-F327-F328-F329-F330-F331-F332-F333-F334-F335-F336-F337-F338-F339-F340-F341-F342-F343-F344-F345-F346-F347-F348-F349-F350-F351-F352-F353-F354-F355-F356-F357-F358-F359-F360-F361-F362-F363-F364-F365-F366-F367-F368-F369-F370-F371-F372-F373-F374-F375-F376-F377-F378-F379-F380-F381-F382-F383-F384-F385-F386-F387-F388-F389-F390-F391-F392-F393-F394-F395-F396-F397-F398-F399-F400-F401-F402-F403-F404-F405-F406-F407-F408-F409-F410-F411-F412-F413-F414-F415-F416-F417-F418-F419-F420-F421-F422-F423-F424-F425-F426-F427-F428-F429-F430-F431-F432-F433-F434-F435-F436-F437-F438-F439-F440-F441-F442-F443-F444-F445-F446-F447-F448-F449-F450-F451-F452-F453-F454-F455-F456-F457-F458-F459-F460-F461-F462-F463-F464-F465-F466-F467-F468-F469-F470-F471-F472-F473-F474-F475-F476-F477-F478-F479-F480-F481-F482-F483-F484-F485-F486-F487-F488-F489-F490-F491-F492-F493-F494-F495-F496-F497-F498-F499-F500-F501-F502-F508-F511-F512-E507509

## Summary

Number of input bits: 512  
Number of free input bits: 6  
Number of output bits: 160

Number of direct occurrences: 24454  
Number of assignments: 30262  
Number of operations: 10765325
(xor: 10736181,
and: 16321,
or: 12823)

Total complexity: 7.875555098935138 × 10^295

Least occurring input variable: iv_504 (3908)  
Most occurring input variable: iv_507 (4309)

Most co-occurring input variables: iv_505-iv_507 (2019)  
Least co-occurring input variables: iv_505-iv_506 (1801)

Potentially most occurring input variable: iv_507/iv_510 (4538)  
Potentially least occurring input variable: iv_504/iv_506 (4152)

Least output occurring input variable: iv_510 (73)  
Most output occurring input variable: iv_506 (82)

Most output co-occurring input variables: iv_505-iv_507 (45)  
Least output co-occurring input variables: iv_503-iv_510 (31)

Potentially most output occurring input variable: iv_503/iv_507 (92)  
Potentially least output occurring input variable: iv_505/iv_507 (69)

Least complex input bit: iv_503 (3.5503850362712365 × 10^294)  
Most complex input bit: iv_507 (2.9774056106382545 × 10^295)

Least complex output bit: aaa_76_29 (1.665976536465619 × 10^271)  
Most complex output bit: ov_001 (1.2691916153570937 × 10^295)

Least complex input/output complexity: iv_503/aaa_76_29 (7.510401605400807 × 10^269)  
Most complex input/output complexity: iv_507/ov_001 (4.7982627117295904 × 10^294)

Input variable with highest collision probability: iv_504 (½^160.00000000000065)

## Input Bits

### Input Bits in Regular Order

| Input Bit | Complexity | Occurrences | Output Occurrences | Collision Probability |
|:---------:|:----------:|:-----------:|:------------------:|:---------------------:|
| iv_503 | 3.5503850362712365 × 10^294 | 4123 | 78 | ½^160.00000000000082 |
| iv_504 | 5.943911673373951 × 10^294 | 3908 | 78 | ½^160.00000000000065 |
| iv_505 | 9.510287828150657 × 10^294 | 4067 | 79 | ½^160.0000000000009 |
| iv_506 | 5.1951991432585345 × 10^294 | 3918 | 82 | ½^160.00000000000068 |
| iv_507 | 2.9774056106382545 × 10^295 | 4309 | 80 | ½^160.00000000000088 |
| iv_510 | 2.4781711201914646 × 10^295 | 4129 | 73 | ½^160.0000000000007 |

### Input Bits Sorted by Complexity

| Input Bit | Complexity | Occurrences | Output Occurrences | Collision Probability |
|:---------:|:----------:|:-----------:|:------------------:|:---------------------:|
| iv_503 | 3.5503850362712365 × 10^294 | 4123 | 78 | ½^160.00000000000082 |
| iv_506 | 5.1951991432585345 × 10^294 | 3918 | 82 | ½^160.00000000000068 |
| iv_504 | 5.943911673373951 × 10^294 | 3908 | 78 | ½^160.00000000000065 |
| iv_505 | 9.510287828150657 × 10^294 | 4067 | 79 | ½^160.0000000000009 |
| iv_510 | 2.4781711201914646 × 10^295 | 4129 | 73 | ½^160.0000000000007 |
| iv_507 | 2.9774056106382545 × 10^295 | 4309 | 80 | ½^160.00000000000088 |

### Input Bits Sorted by Occurrences

| Input Bit | Complexity | Occurrences | Output Occurrences | Collision Probability |
|:---------:|:----------:|:-----------:|:------------------:|:---------------------:|
| iv_504 | 5.943911673373951 × 10^294 | 3908 | 78 | ½^160.00000000000065 |
| iv_506 | 5.1951991432585345 × 10^294 | 3918 | 82 | ½^160.00000000000068 |
| iv_505 | 9.510287828150657 × 10^294 | 4067 | 79 | ½^160.0000000000009 |
| iv_503 | 3.5503850362712365 × 10^294 | 4123 | 78 | ½^160.00000000000082 |
| iv_510 | 2.4781711201914646 × 10^295 | 4129 | 73 | ½^160.0000000000007 |
| iv_507 | 2.9774056106382545 × 10^295 | 4309 | 80 | ½^160.00000000000088 |

### Input Bits Sorted by Output Occurrences

| Input Bit | Complexity | Occurrences | Output Occurrences | Collision Probability |
|:---------:|:----------:|:-----------:|:------------------:|:---------------------:|
| iv_510 | 2.4781711201914646 × 10^295 | 4129 | 73 | ½^160.0000000000007 |
| iv_503 | 3.5503850362712365 × 10^294 | 4123 | 78 | ½^160.00000000000082 |
| iv_504 | 5.943911673373951 × 10^294 | 3908 | 78 | ½^160.00000000000065 |
| iv_505 | 9.510287828150657 × 10^294 | 4067 | 79 | ½^160.0000000000009 |
| iv_507 | 2.9774056106382545 × 10^295 | 4309 | 80 | ½^160.00000000000088 |
| iv_506 | 5.1951991432585345 × 10^294 | 3918 | 82 | ½^160.00000000000068 |

### Input Bits Sorted by Collision Probability

| Input Bit | Complexity | Occurrences | Output Occurrences | Collision Probability |
|:---------:|:----------:|:-----------:|:------------------:|:---------------------:|
| iv_504 | 5.943911673373951 × 10^294 | 3908 | 78 | ½^160.00000000000065 |
| iv_506 | 5.1951991432585345 × 10^294 | 3918 | 82 | ½^160.00000000000068 |
| iv_510 | 2.4781711201914646 × 10^295 | 4129 | 73 | ½^160.0000000000007 |
| iv_503 | 3.5503850362712365 × 10^294 | 4123 | 78 | ½^160.00000000000082 |
| iv_507 | 2.9774056106382545 × 10^295 | 4309 | 80 | ½^160.00000000000088 |
| iv_505 | 9.510287828150657 × 10^294 | 4067 | 79 | ½^160.0000000000009 |

## Input Bit/Output Bit Collision Probabilities

| Input Bit | Output Bit | Collision Probability |
|:---------:|:----------:|:---------------------:|
| iv_504 | aaa_77_28 | 0.5000000000000044 |
| iv_503 | aaa_77_29 | 0.500000000000002 |
| iv_504 | ov_022 | 0.5000000000000018 |
| iv_504 | ov_118 | 0.5000000000000018 |
| iv_504 | ov_094 | 0.5000000000000016 |
| iv_506 | ov_018 | 0.5000000000000016 |

## Input Bit Co-occurrences

### Input Bit Co-occurrences Sorted by Co-occurrences

| Input Bits | Co-occurrences | Potential Occurrences | Output Co-occurrences | Potential Output Occurrences |
|:----------:|:--------------:|:---------------------:|:---------------------:|:----------------------------:|
| iv_505-iv_507 | 2019 | 4338 | 45 | 69 |
| iv_503-iv_507 | 1991 | 4450 | 33 | 92 |
| iv_503-iv_505 | 1971 | 4248 | 40 | 77 |
| iv_507-iv_510 | 1950 | 4538 | 36 | 81 |
| iv_506-iv_507 | 1946 | 4335 | 42 | 78 |
| iv_505-iv_510 | 1928 | 4340 | 34 | 84 |

### Input Bit Co-occurrences Sorted by Potential Occurrences

| Input Bits | Co-occurrences | Potential Occurrences | Output Co-occurrences | Potential Output Occurrences |
|:----------:|:--------------:|:---------------------:|:---------------------:|:----------------------------:|
| iv_504-iv_506 | 1837 | 4152 | 42 | 76 |
| iv_504-iv_505 | 1879 | 4217 | 34 | 89 |
| iv_503-iv_505 | 1971 | 4248 | 40 | 77 |
| iv_506-iv_510 | 1899 | 4249 | 39 | 77 |
| iv_504-iv_510 | 1887 | 4263 | 35 | 81 |
| iv_503-iv_506 | 1861 | 4319 | 38 | 84 |

### Input Bit Output Co-occurrences Sorted by Output Co-occurrences

| Input Bits | Co-occurrences | Potential Occurrences | Output Co-occurrences | Potential Output Occurrences |
|:----------:|:--------------:|:---------------------:|:---------------------:|:----------------------------:|
| iv_505-iv_507 | 2019 | 4338 | 45 | 69 |
| iv_504-iv_506 | 1837 | 4152 | 42 | 76 |
| iv_506-iv_507 | 1946 | 4335 | 42 | 78 |
| iv_503-iv_505 | 1971 | 4248 | 40 | 77 |
| iv_506-iv_510 | 1899 | 4249 | 39 | 77 |
| iv_504-iv_507 | 1903 | 4411 | 38 | 82 |

### Input Bit Output Co-occurrences Sorted by Potential Output Occurrences

| Input Bits | Co-occurrences | Potential Occurrences | Output Co-occurrences | Potential Output Occurrences |
|:----------:|:--------------:|:---------------------:|:---------------------:|:----------------------------:|
| iv_505-iv_507 | 2019 | 4338 | 45 | 69 |
| iv_504-iv_506 | 1837 | 4152 | 42 | 76 |
| iv_503-iv_505 | 1971 | 4248 | 40 | 77 |
| iv_506-iv_510 | 1899 | 4249 | 39 | 77 |
| iv_506-iv_507 | 1946 | 4335 | 42 | 78 |
| iv_504-iv_510 | 1887 | 4263 | 35 | 81 |

## Output Bits

### Output Bits in Regular Order

| Rank | Output Bit | Complexity |
|:----:|:----------:|:----------:|
| 1 | ov_001 | 1.2691916153570937 × 10^295 |
| 2 | ov_002 | 1.1023979277367484 × 10^295 |
| 3 | ov_003 | 9.515320402087291 × 10^294 |
| 4 | ov_004 | 8.159056503371778 × 10^294 |
| 5 | ov_005 | 6.948677201908363 × 10^294 |
| 6 | ov_006 | 5.878017656789439 × 10^294 |
| 7 | ov_007 | 4.9356939791718455 × 10^294 |
| 8 | ov_008 | 4.110908236966787 × 10^294 |
| 9 | ov_009 | 3.393416006115396 × 10^294 |
| 10 | ov_010 | 2.7734988073441825 × 10^294 |
| 11 | ov_011 | 2.2419410352601837 × 10^294 |
| 12 | ov_012 | 1.790011008421938 × 10^294 |
| 13 | ov_013 | 1.4094457903824439 × 10^294 |
| 14 | ov_014 | 1.0924394181060251 × 10^294 |
| 15 | ov_015 | 8.316340936201124 × 10^293 |
| 16 | ov_016 | 6.201138217514181 × 10^293 |
| 17 | ov_017 | 4.513999806375468 × 10^293 |
| 18 | ov_018 | 3.194483526594767 × 10^293 |
| 19 | ov_019 | 2.1864720619269465 × 10^293 |
| 20 | ov_020 | 1.4381610314978693 × 10^293 |
| 21 | ov_021 | 9.020516487804719 × 10^292 |
| 22 | ov_022 | 5.349458800838482 × 10^292 |
| 23 | ov_023 | 2.9794300953695093 × 10^292 |
| 24 | ov_024 | 1.5643723894244107 × 10^292 |
| 25 | ov_025 | 8.011611848095814 × 10^291 |
| 26 | ov_026 | 4.2959605977213185 × 10^291 |
| 27 | ov_027 | 2.3239562604601976 × 10^291 |
| 28 | ov_028 | 1.1164853287348433 × 10^291 |
| 29 | ov_029 | 4.589698480122938 × 10^290 |
| 30 | ov_030 | 1.5151807688656782 × 10^290 |
| 31 | ov_031 | 3.6604474450291913 × 10^289 |
| 32 | lv_80_k31 | 8.841260827619477 × 10^288 |
| 33 | ov_033 | 1.0507376465553108 × 10^290 |
| 34 | ov_034 | 9.03880961822481 × 10^289 |
| 35 | ov_035 | 7.739333878783097 × 10^289 |
| 36 | ov_036 | 6.59307611635571 × 10^289 |
| 37 | ov_037 | 5.585006919921863 × 10^289 |
| 38 | ov_038 | 4.700880837054057 × 10^289 |
| 39 | ov_039 | 3.9271850579707304 × 10^289 |
| 40 | ov_040 | 3.251095671777348 × 10^289 |
| 41 | ov_041 | 2.666367926611679 × 10^289 |
| 42 | ov_042 | 2.161450718449592 × 10^289 |
| 43 | ov_043 | 1.7253880964574699 × 10^289 |
| 44 | ov_044 | 1.352847962323215 × 10^289 |
| 45 | ov_045 | 1.0387804941795635 × 10^289 |
| 46 | ov_046 | 7.784106046159417 × 10^288 |
| 47 | ov_047 | 5.672320873951381 × 10^288 |
| 48 | ov_048 | 4.010031893519053 × 10^288 |
| 49 | ov_049 | 2.757433637371344 × 10^288 |
| 50 | ov_050 | 1.8426672982352688 × 10^288 |
| 51 | ov_051 | 1.1990119255712996 × 10^288 |
| 52 | ov_052 | 7.648689506283805 × 10^287 |
| 53 | ov_053 | 4.837531669662106 × 10^287 |
| 54 | ov_054 | 3.0428749282379615 × 10^287 |
| 55 | ov_055 | 2.020599263956489 × 10^287 |
| 56 | ov_056 | 1.359008357449428 × 10^287 |
| 57 | ov_057 | 8.650083464301703 × 10^286 |
| 58 | ov_058 | 5.130994554086546 × 10^286 |
| 59 | ov_059 | 2.777834934244116 × 10^286 |
| 60 | ov_060 | 1.3356292374917357 × 10^286 |
| 61 | ov_061 | 5.49404205093575 × 10^285 |
| 62 | ov_062 | 1.814187872183699 × 10^285 |
| 63 | ov_063 | 4.38256474715648 × 10^284 |
| 64 | lv_79_k31 | 1.058317827591971 × 10^284 |
| 65 | ov_065 | 1.2368543267371368 × 10^285 |
| 66 | ov_066 | 1.2368510560955598 × 10^285 |
| 67 | ov_067 | 1.2368499959512615 × 10^285 |
| 68 | ov_068 | 1.0645333767645174 × 10^285 |
| 69 | ov_069 | 9.1023058595913 × 10^284 |
| 70 | ov_070 | 7.730955184756759 × 10^284 |
| 71 | ov_071 | 6.5233439243418175 × 10^284 |
| 72 | ov_072 | 5.465026095365044 × 10^284 |
| 73 | ov_073 | 4.542435458730954 × 10^284 |
| 74 | ov_074 | 3.7428287640472814 × 10^284 |
| 75 | ov_075 | 3.0542344009776414 × 10^284 |
| 76 | ov_076 | 2.465406166836915 × 10^284 |
| 77 | ov_077 | 1.9657818671314684 × 10^284 |
| 78 | ov_078 | 1.5454464711303772 × 10^284 |
| 79 | ov_079 | 1.1950995485871348 × 10^284 |
| 80 | ov_080 | 9.060267166545823 × 10^283 |
| 81 | ov_081 | 6.7007482807042945 × 10^283 |
| 82 | ov_082 | 4.833047420741958 × 10^283 |
| 83 | ov_083 | 3.3862497518668333 × 10^283 |
| 84 | ov_084 | 2.294506198382781 × 10^283 |
| 85 | ov_085 | 1.4969082878045802 × 10^283 |
| 86 | ov_086 | 9.373870857523867 × 10^282 |
| 87 | ov_087 | 5.646335654480181 × 10^282 |
| 88 | ov_088 | 3.320377564523263 × 10^282 |
| 89 | ov_089 | 1.9764401780158992 × 10^282 |
| 90 | ov_090 | 1.2411978100951151 × 10^282 |
| 91 | ov_091 | 7.873510857648086 × 10^281 |
| 92 | ov_092 | 4.627372733548917 × 10^281 |
| 93 | ov_093 | 2.4444820072648955 × 10^281 |
| 94 | ov_094 | 1.0958452471585085 × 10^281 |
| 95 | aaa_78_28 | 3.5249707092000663 × 10^280 |
| 96 | aaa_78_29 | 1.3358122769759298 × 10^280 |
| 97 | ov_097 | 1.4561917039416542 × 10^280 |
| 98 | ov_098 | 1.456148258826062 × 10^280 |
| 99 | ov_099 | 1.4561344093339639 × 10^280 |
| 100 | ov_100 | 1.3109265878661769 × 10^280 |
| 101 | ov_101 | 1.176333957041781 × 10^280 |
| 102 | ov_102 | 1.0517847504450555 × 10^280 |
| 103 | ov_103 | 9.367494527514782 × 10^279 |
| 104 | ov_104 | 8.307350228060119 × 10^279 |
| 105 | ov_105 | 7.332796607345821 × 10^279 |
| 106 | ov_106 | 6.439480905071457 × 10^279 |
| 107 | ov_107 | 5.623273304939933 × 10^279 |
| 108 | ov_108 | 4.880229254700318 × 10^279 |
| 109 | ov_109 | 4.2065561425266593 × 10^279 |
| 110 | ov_110 | 3.598584077314353 × 10^279 |
| 111 | ov_111 | 3.0527405248434775 × 10^279 |
| 112 | ov_112 | 2.5655285549833414 × 10^279 |
| 113 | ov_113 | 2.1335084574005012 × 10^279 |
| 114 | ov_114 | 1.7532824847989656 × 10^279 |
| 115 | ov_115 | 1.4214824837537425 × 10^279 |
| 116 | ov_116 | 1.1347601738457616 × 10^279 |
| 117 | ov_117 | 8.897798361876255 × 10^278 |
| 118 | ov_118 | 6.832131726512391 × 10^278 |
| 119 | ov_119 | 5.1173609724533596 × 10^278 |
| 120 | ov_120 | 3.720270541679053 × 10^278 |
| 121 | ov_121 | 2.6076618269710984 × 10^278 |
| 122 | ov_122 | 1.7463476830440853 × 10^278 |
| 123 | ov_123 | 1.103148129825594 × 10^278 |
| 124 | ov_124 | 6.448872282428308 × 10^277 |
| 125 | ov_125 | 3.383910323311094 × 10^277 |
| 126 | ov_126 | 1.5048641283528399 × 10^277 |
| 127 | aaa_77_28 | 4.800050118785774 × 10^276 |
| 128 | aaa_77_29 | 1.7963894702699878 × 10^276 |
| 129 | ov_129 | 1.6154840230734236 × 10^276 |
| 130 | ov_130 | 1.615479973901997 × 10^276 |
| 131 | ov_131 | 1.615478674682213 × 10^276 |
| 132 | ov_132 | 1.3915282116064462 × 10^276 |
| 133 | ov_133 | 1.1909810996424739 × 10^276 |
| 134 | ov_134 | 1.0128677251928351 × 10^276 |
| 135 | ov_135 | 8.554064112624653 × 10^275 |
| 136 | ov_136 | 7.169114902710976 × 10^275 |
| 137 | ov_137 | 5.957866428857083 × 10^275 |
| 138 | ov_138 | 4.905191771238945 × 10^275 |
| 139 | ov_139 | 3.996751730233608 × 10^275 |
| 140 | ov_140 | 3.2189540435226844 × 10^275 |
| 141 | ov_141 | 2.5589194771067246 × 10^275 |
| 142 | ov_142 | 2.0044539439269118 × 10^275 |
| 143 | ov_143 | 1.5440258532301849 × 10^275 |
| 144 | ov_144 | 1.166747983407699 × 10^275 |
| 145 | ov_145 | 8.623633009511649 × 10^274 |
| 146 | ov_146 | 6.2123419645781185 × 10^274 |
| 147 | ov_147 | 4.343345753610806 × 10^274 |
| 148 | ov_148 | 2.932442484021834 × 10^274 |
| 149 | ov_149 | 1.9014511482388865 × 10^274 |
| 150 | ov_150 | 1.1781867919362414 × 10^274 |
| 151 | ov_151 | 6.964451037613635 × 10^273 |
| 152 | ov_152 | 3.959933848512211 × 10^273 |
| 153 | ov_153 | 2.2256547243434238 × 10^273 |
| 154 | ov_154 | 1.2785876561827503 × 10^273 |
| 155 | ov_155 | 6.953235959610119 × 10^272 |
| 156 | aaa_76_25 | 2.7906077434428653 × 10^272 |
| 157 | aaa_76_26 | 1.7165678991465386 × 10^272 |
| 158 | aaa_76_27 | 9.405069064888877 × 10^271 |
| 159 | aaa_76_28 | 4.428394844344145 × 10^271 |
| 160 | aaa_76_29 | 1.665976536465619 × 10^271 |

### Output Bits Sorted by Complexity

| Rank | Output Bit | Complexity |
|:----:|:----------:|:----------:|
| 160 | aaa_76_29 | 1.665976536465619 × 10^271 |
| 159 | aaa_76_28 | 4.428394844344145 × 10^271 |
| 158 | aaa_76_27 | 9.405069064888877 × 10^271 |
| 157 | aaa_76_26 | 1.7165678991465386 × 10^272 |
| 156 | aaa_76_25 | 2.7906077434428653 × 10^272 |
| 155 | ov_155 | 6.953235959610119 × 10^272 |
| 154 | ov_154 | 1.2785876561827503 × 10^273 |
| 153 | ov_153 | 2.2256547243434238 × 10^273 |
| 152 | ov_152 | 3.959933848512211 × 10^273 |
| 151 | ov_151 | 6.964451037613635 × 10^273 |
| 150 | ov_150 | 1.1781867919362414 × 10^274 |
| 149 | ov_149 | 1.9014511482388865 × 10^274 |
| 148 | ov_148 | 2.932442484021834 × 10^274 |
| 147 | ov_147 | 4.343345753610806 × 10^274 |
| 146 | ov_146 | 6.2123419645781185 × 10^274 |
| 145 | ov_145 | 8.623633009511649 × 10^274 |
| 144 | ov_144 | 1.166747983407699 × 10^275 |
| 143 | ov_143 | 1.5440258532301849 × 10^275 |
| 142 | ov_142 | 2.0044539439269118 × 10^275 |
| 141 | ov_141 | 2.5589194771067246 × 10^275 |
| 140 | ov_140 | 3.2189540435226844 × 10^275 |
| 139 | ov_139 | 3.996751730233608 × 10^275 |
| 138 | ov_138 | 4.905191771238945 × 10^275 |
| 137 | ov_137 | 5.957866428857083 × 10^275 |
| 136 | ov_136 | 7.169114902710976 × 10^275 |
| 135 | ov_135 | 8.554064112624653 × 10^275 |
| 134 | ov_134 | 1.0128677251928351 × 10^276 |
| 133 | ov_133 | 1.1909810996424739 × 10^276 |
| 132 | ov_132 | 1.3915282116064462 × 10^276 |
| 131 | ov_131 | 1.615478674682213 × 10^276 |
| 130 | ov_130 | 1.615479973901997 × 10^276 |
| 129 | ov_129 | 1.6154840230734236 × 10^276 |
| 128 | aaa_77_29 | 1.7963894702699878 × 10^276 |
| 127 | aaa_77_28 | 4.800050118785774 × 10^276 |
| 126 | ov_126 | 1.5048641283528399 × 10^277 |
| 125 | ov_125 | 3.383910323311094 × 10^277 |
| 124 | ov_124 | 6.448872282428308 × 10^277 |
| 123 | ov_123 | 1.103148129825594 × 10^278 |
| 122 | ov_122 | 1.7463476830440853 × 10^278 |
| 121 | ov_121 | 2.6076618269710984 × 10^278 |
| 120 | ov_120 | 3.720270541679053 × 10^278 |
| 119 | ov_119 | 5.1173609724533596 × 10^278 |
| 118 | ov_118 | 6.832131726512391 × 10^278 |
| 117 | ov_117 | 8.897798361876255 × 10^278 |
| 116 | ov_116 | 1.1347601738457616 × 10^279 |
| 115 | ov_115 | 1.4214824837537425 × 10^279 |
| 114 | ov_114 | 1.7532824847989656 × 10^279 |
| 113 | ov_113 | 2.1335084574005012 × 10^279 |
| 112 | ov_112 | 2.5655285549833414 × 10^279 |
| 111 | ov_111 | 3.0527405248434775 × 10^279 |
| 110 | ov_110 | 3.598584077314353 × 10^279 |
| 109 | ov_109 | 4.2065561425266593 × 10^279 |
| 108 | ov_108 | 4.880229254700318 × 10^279 |
| 107 | ov_107 | 5.623273304939933 × 10^279 |
| 106 | ov_106 | 6.439480905071457 × 10^279 |
| 105 | ov_105 | 7.332796607345821 × 10^279 |
| 104 | ov_104 | 8.307350228060119 × 10^279 |
| 103 | ov_103 | 9.367494527514782 × 10^279 |
| 102 | ov_102 | 1.0517847504450555 × 10^280 |
| 101 | ov_101 | 1.176333957041781 × 10^280 |
| 100 | ov_100 | 1.3109265878661769 × 10^280 |
| 96 | aaa_78_29 | 1.3358122769759298 × 10^280 |
| 99 | ov_099 | 1.4561344093339639 × 10^280 |
| 98 | ov_098 | 1.456148258826062 × 10^280 |
| 97 | ov_097 | 1.4561917039416542 × 10^280 |
| 95 | aaa_78_28 | 3.5249707092000663 × 10^280 |
| 94 | ov_094 | 1.0958452471585085 × 10^281 |
| 93 | ov_093 | 2.4444820072648955 × 10^281 |
| 92 | ov_092 | 4.627372733548917 × 10^281 |
| 91 | ov_091 | 7.873510857648086 × 10^281 |
| 90 | ov_090 | 1.2411978100951151 × 10^282 |
| 89 | ov_089 | 1.9764401780158992 × 10^282 |
| 88 | ov_088 | 3.320377564523263 × 10^282 |
| 87 | ov_087 | 5.646335654480181 × 10^282 |
| 86 | ov_086 | 9.373870857523867 × 10^282 |
| 85 | ov_085 | 1.4969082878045802 × 10^283 |
| 84 | ov_084 | 2.294506198382781 × 10^283 |
| 83 | ov_083 | 3.3862497518668333 × 10^283 |
| 82 | ov_082 | 4.833047420741958 × 10^283 |
| 81 | ov_081 | 6.7007482807042945 × 10^283 |
| 80 | ov_080 | 9.060267166545823 × 10^283 |
| 64 | lv_79_k31 | 1.058317827591971 × 10^284 |
| 79 | ov_079 | 1.1950995485871348 × 10^284 |
| 78 | ov_078 | 1.5454464711303772 × 10^284 |
| 77 | ov_077 | 1.9657818671314684 × 10^284 |
| 76 | ov_076 | 2.465406166836915 × 10^284 |
| 75 | ov_075 | 3.0542344009776414 × 10^284 |
| 74 | ov_074 | 3.7428287640472814 × 10^284 |
| 63 | ov_063 | 4.38256474715648 × 10^284 |
| 73 | ov_073 | 4.542435458730954 × 10^284 |
| 72 | ov_072 | 5.465026095365044 × 10^284 |
| 71 | ov_071 | 6.5233439243418175 × 10^284 |
| 70 | ov_070 | 7.730955184756759 × 10^284 |
| 69 | ov_069 | 9.1023058595913 × 10^284 |
| 68 | ov_068 | 1.0645333767645174 × 10^285 |
| 67 | ov_067 | 1.2368499959512615 × 10^285 |
| 66 | ov_066 | 1.2368510560955598 × 10^285 |
| 65 | ov_065 | 1.2368543267371368 × 10^285 |
| 62 | ov_062 | 1.814187872183699 × 10^285 |
| 61 | ov_061 | 5.49404205093575 × 10^285 |
| 60 | ov_060 | 1.3356292374917357 × 10^286 |
| 59 | ov_059 | 2.777834934244116 × 10^286 |
| 58 | ov_058 | 5.130994554086546 × 10^286 |
| 57 | ov_057 | 8.650083464301703 × 10^286 |
| 56 | ov_056 | 1.359008357449428 × 10^287 |
| 55 | ov_055 | 2.020599263956489 × 10^287 |
| 54 | ov_054 | 3.0428749282379615 × 10^287 |
| 53 | ov_053 | 4.837531669662106 × 10^287 |
| 52 | ov_052 | 7.648689506283805 × 10^287 |
| 51 | ov_051 | 1.1990119255712996 × 10^288 |
| 50 | ov_050 | 1.8426672982352688 × 10^288 |
| 49 | ov_049 | 2.757433637371344 × 10^288 |
| 48 | ov_048 | 4.010031893519053 × 10^288 |
| 47 | ov_047 | 5.672320873951381 × 10^288 |
| 46 | ov_046 | 7.784106046159417 × 10^288 |
| 32 | lv_80_k31 | 8.841260827619477 × 10^288 |
| 45 | ov_045 | 1.0387804941795635 × 10^289 |
| 44 | ov_044 | 1.352847962323215 × 10^289 |
| 43 | ov_043 | 1.7253880964574699 × 10^289 |
| 42 | ov_042 | 2.161450718449592 × 10^289 |
| 41 | ov_041 | 2.666367926611679 × 10^289 |
| 40 | ov_040 | 3.251095671777348 × 10^289 |
| 31 | ov_031 | 3.6604474450291913 × 10^289 |
| 39 | ov_039 | 3.9271850579707304 × 10^289 |
| 38 | ov_038 | 4.700880837054057 × 10^289 |
| 37 | ov_037 | 5.585006919921863 × 10^289 |
| 36 | ov_036 | 6.59307611635571 × 10^289 |
| 35 | ov_035 | 7.739333878783097 × 10^289 |
| 34 | ov_034 | 9.03880961822481 × 10^289 |
| 33 | ov_033 | 1.0507376465553108 × 10^290 |
| 30 | ov_030 | 1.5151807688656782 × 10^290 |
| 29 | ov_029 | 4.589698480122938 × 10^290 |
| 28 | ov_028 | 1.1164853287348433 × 10^291 |
| 27 | ov_027 | 2.3239562604601976 × 10^291 |
| 26 | ov_026 | 4.2959605977213185 × 10^291 |
| 25 | ov_025 | 8.011611848095814 × 10^291 |
| 24 | ov_024 | 1.5643723894244107 × 10^292 |
| 23 | ov_023 | 2.9794300953695093 × 10^292 |
| 22 | ov_022 | 5.349458800838482 × 10^292 |
| 21 | ov_021 | 9.020516487804719 × 10^292 |
| 20 | ov_020 | 1.4381610314978693 × 10^293 |
| 19 | ov_019 | 2.1864720619269465 × 10^293 |
| 18 | ov_018 | 3.194483526594767 × 10^293 |
| 17 | ov_017 | 4.513999806375468 × 10^293 |
| 16 | ov_016 | 6.201138217514181 × 10^293 |
| 15 | ov_015 | 8.316340936201124 × 10^293 |
| 14 | ov_014 | 1.0924394181060251 × 10^294 |
| 13 | ov_013 | 1.4094457903824439 × 10^294 |
| 12 | ov_012 | 1.790011008421938 × 10^294 |
| 11 | ov_011 | 2.2419410352601837 × 10^294 |
| 10 | ov_010 | 2.7734988073441825 × 10^294 |
| 9 | ov_009 | 3.393416006115396 × 10^294 |
| 8 | ov_008 | 4.110908236966787 × 10^294 |
| 7 | ov_007 | 4.9356939791718455 × 10^294 |
| 6 | ov_006 | 5.878017656789439 × 10^294 |
| 5 | ov_005 | 6.948677201908363 × 10^294 |
| 4 | ov_004 | 8.159056503371778 × 10^294 |
| 3 | ov_003 | 9.515320402087291 × 10^294 |
| 2 | ov_002 | 1.1023979277367484 × 10^295 |
| 1 | ov_001 | 1.2691916153570937 × 10^295 |

