# Results for F001-F002-F003-F004-F005-F006-F007-F008-F009-F010-F011-F012-F013-F014-F015-F016-F017-F018-F019-F020-F021-F022-F023-F024-F025-F026-F027-F028-F029-F030-F031-F032-F033-F034-F035-F036-F037-F038-F039-F040-F041-F042-F043-F044-F045-F046-F047-F048-F049-F050-F051-F052-F053-F054-F055-F056-F057-F058-F059-F060-F061-F062-F063-F064-F065-F066-F067-F068-F069-F070-F071-F072-F073-F074-F075-F076-F077-F078-F079-F080-F081-F082-F083-F084-F085-F086-F087-F088-F089-F090-F091-F092-F093-F094-F095-F096-F097-F098-F099-F100-F101-F102-F103-F104-F105-F106-F107-F108-F109-F110-F111-F112-F113-F114-F115-F116-F117-F118-F119-F120-F121-F122-F123-F124-F125-F126-F127-F128-F129-F130-F131-F132-F133-F134-F135-F136-F137-F138-F139-F140-F141-F142-F143-F144-F145-F146-F147-F148-F149-F150-F151-F152-F153-F154-F155-F156-F157-F158-F159-F160-F161-F162-F163-F164-F165-F166-F167-F168-F169-F170-F171-F172-F173-F174-F175-F176-F177-F178-F179-F180-F181-F182-F183-F184-F185-F186-F187-F188-F189-F190-F191-F192-F193-F194-F195-F196-F197-F198-F199-F200-F201-F202-F203-F204-F205-F206-F207-F208-F209-F210-F211-F212-F213-F214-F215-F216-F217-F218-F219-F220-F221-F222-F223-F224-F225-F226-F227-F228-F229-F230-F231-F232-F233-F234-F235-F236-F237-F238-F239-F240-F241-F242-F243-F244-F245-F246-F247-F248-F249-F250-F251-F252-F253-F254-F255-F256-F257-F258-F259-F260-F261-F262-F263-F264-F265-F266-F267-F268-F269-F270-F271-F272-F273-F274-F275-F276-F277-F278-F279-F280-F281-F282-F283-F284-F285-F286-F287-F288-F289-F290-F291-F292-F293-F294-F295-F296-F297-F298-F299-F300-F301-F302-F303-F304-F305-F306-F307-F308-F309-F310-F311-F312-F313-F314-F315-F316-F317-F318-F319-F320-F321-F322-F323-F324-F325-F326-F327-F328-F329-F330-F331-F332-F333-F334-F335-F336-F337-F338-F339-F340-F341-F342-F343-F344-F345-F346-F347-F348-F349-F350-F351-F352-F353-F354-F355-F356-F357-F358-F359-F360-F361-F362-F363-F364-F365-F366-F367-F368-F369-F370-F371-F372-F373-F374-F375-F376-F377-F378-F379-F380-F381-F382-F383-F384-F385-F386-F387-F388-F389-F390-F391-F392-F393-F394-F395-F396-F397-F398-F399-F400-F401-F402-F403-F404-F405-F406-F407-F408-F409-F410-F411-F412-F413-F414-F415-F416-F417-F418-F419-F420-F421-F422-F423-F424-F425-F426-F427-F428-F429-F430-F431-F432-F433-F434-F435-F436-F437-F438-F439-F440-F441-F442-F443-F444-F445-F446-F447-F448-F449-F450-F451-F452-F453-F454-F455-F456-F457-F458-F459-F460-F461-F462-F463-F464-F465-F466-F467-F468-F469-F470-F471-F472-F473-F474-F475-F476-F477-F478-F479-F480-F481-F482-F483-F484-F485-F486-F487-F488-F489-F490-F491-F492-F493-F494-F495-F496-F497-F498-F499-F500-F501-F507-F509-F512-E502508-E502511

## Summary

Number of input bits: 512  
Number of free input bits: 6  
Number of output bits: 160

Number of direct occurrences: 24640  
Number of assignments: 30574  
Number of operations: 10893495
(xor: 10864556,
and: 15972,
or: 12967)

Total complexity: 1.85607523465833 × 10^297

Least occurring input variable: iv_504 (3899)  
Most occurring input variable: iv_502 (4516)

Most co-occurring input variables: iv_502-iv_510 (2080)  
Least co-occurring input variables: iv_505-iv_506 (1777)

Potentially most occurring input variable: iv_502/iv_506 (4641)  
Potentially least occurring input variable: iv_504/iv_506 (4134)

Least output occurring input variable: iv_502 (70)  
Most output occurring input variable: iv_506 (82)

Most output co-occurring input variables: iv_504-iv_506 (42)  
Least output co-occurring input variables: iv_503-iv_504 (33)

Potentially most output occurring input variable: iv_506/iv_510 (90)  
Potentially least output occurring input variable: iv_502/iv_510 (66)

Least complex input bit: iv_506 (9.082745608099715 × 10^295)  
Most complex input bit: iv_505 (4.528967899906365 × 10^296)

Least complex output bit: aaa_76_29 (3.2150925697018445 × 10^272)  
Most complex output bit: ov_001 (2.9501021983113365 × 10^296)

Least complex input/output complexity: iv_506/aaa_76_29 (1.5733127284826328 × 10^271)  
Most complex input/output complexity: iv_505/ov_001 (7.198478762125573 × 10^295)

Input variable with highest collision probability: iv_510 (½^160.00000000000048)

## Input Bits

### Input Bits in Regular Order

| Input Bit | Complexity | Occurrences | Output Occurrences | Collision Probability |
|:---------:|:----------:|:-----------:|:------------------:|:---------------------:|
| iv_502 | 3.771263935032347 × 10^296 | 4516 | 70 | ½^160.00000000000054 |
| iv_503 | 2.065403020081754 × 10^296 | 4138 | 78 | ½^160.00000000000082 |
| iv_504 | 3.4325488404519775 × 10^296 | 3899 | 78 | ½^160.00000000000077 |
| iv_505 | 4.528967899906365 × 10^296 | 3913 | 79 | ½^160.00000000000074 |
| iv_506 | 9.082745608099715 × 10^295 | 3935 | 82 | ½^160.00000000000057 |
| iv_510 | 3.854294090300916 × 10^296 | 4239 | 74 | ½^160.00000000000048 |

### Input Bits Sorted by Complexity

| Input Bit | Complexity | Occurrences | Output Occurrences | Collision Probability |
|:---------:|:----------:|:-----------:|:------------------:|:---------------------:|
| iv_506 | 9.082745608099715 × 10^295 | 3935 | 82 | ½^160.00000000000057 |
| iv_503 | 2.065403020081754 × 10^296 | 4138 | 78 | ½^160.00000000000082 |
| iv_504 | 3.4325488404519775 × 10^296 | 3899 | 78 | ½^160.00000000000077 |
| iv_502 | 3.771263935032347 × 10^296 | 4516 | 70 | ½^160.00000000000054 |
| iv_510 | 3.854294090300916 × 10^296 | 4239 | 74 | ½^160.00000000000048 |
| iv_505 | 4.528967899906365 × 10^296 | 3913 | 79 | ½^160.00000000000074 |

### Input Bits Sorted by Occurrences

| Input Bit | Complexity | Occurrences | Output Occurrences | Collision Probability |
|:---------:|:----------:|:-----------:|:------------------:|:---------------------:|
| iv_504 | 3.4325488404519775 × 10^296 | 3899 | 78 | ½^160.00000000000077 |
| iv_505 | 4.528967899906365 × 10^296 | 3913 | 79 | ½^160.00000000000074 |
| iv_506 | 9.082745608099715 × 10^295 | 3935 | 82 | ½^160.00000000000057 |
| iv_503 | 2.065403020081754 × 10^296 | 4138 | 78 | ½^160.00000000000082 |
| iv_510 | 3.854294090300916 × 10^296 | 4239 | 74 | ½^160.00000000000048 |
| iv_502 | 3.771263935032347 × 10^296 | 4516 | 70 | ½^160.00000000000054 |

### Input Bits Sorted by Output Occurrences

| Input Bit | Complexity | Occurrences | Output Occurrences | Collision Probability |
|:---------:|:----------:|:-----------:|:------------------:|:---------------------:|
| iv_502 | 3.771263935032347 × 10^296 | 4516 | 70 | ½^160.00000000000054 |
| iv_510 | 3.854294090300916 × 10^296 | 4239 | 74 | ½^160.00000000000048 |
| iv_503 | 2.065403020081754 × 10^296 | 4138 | 78 | ½^160.00000000000082 |
| iv_504 | 3.4325488404519775 × 10^296 | 3899 | 78 | ½^160.00000000000077 |
| iv_505 | 4.528967899906365 × 10^296 | 3913 | 79 | ½^160.00000000000074 |
| iv_506 | 9.082745608099715 × 10^295 | 3935 | 82 | ½^160.00000000000057 |

### Input Bits Sorted by Collision Probability

| Input Bit | Complexity | Occurrences | Output Occurrences | Collision Probability |
|:---------:|:----------:|:-----------:|:------------------:|:---------------------:|
| iv_510 | 3.854294090300916 × 10^296 | 4239 | 74 | ½^160.00000000000048 |
| iv_502 | 3.771263935032347 × 10^296 | 4516 | 70 | ½^160.00000000000054 |
| iv_506 | 9.082745608099715 × 10^295 | 3935 | 82 | ½^160.00000000000057 |
| iv_505 | 4.528967899906365 × 10^296 | 3913 | 79 | ½^160.00000000000074 |
| iv_504 | 3.4325488404519775 × 10^296 | 3899 | 78 | ½^160.00000000000077 |
| iv_503 | 2.065403020081754 × 10^296 | 4138 | 78 | ½^160.00000000000082 |

## Input Bit/Output Bit Collision Probabilities

| Input Bit | Output Bit | Collision Probability |
|:---------:|:----------:|:---------------------:|
| iv_506 | ov_068 | 0.5000000000000022 |
| iv_510 | aaa_76_26 | 0.5000000000000022 |
| iv_502 | ov_061 | 0.5000000000000018 |
| iv_502 | ov_063 | 0.5000000000000018 |
| iv_502 | ov_085 | 0.5000000000000018 |
| iv_502 | ov_142 | 0.5000000000000018 |

## Input Bit Co-occurrences

### Input Bit Co-occurrences Sorted by Co-occurrences

| Input Bits | Co-occurrences | Potential Occurrences | Output Co-occurrences | Potential Output Occurrences |
|:----------:|:--------------:|:---------------------:|:---------------------:|:----------------------------:|
| iv_502-iv_510 | 2080 | 4595 | 39 | 66 |
| iv_502-iv_503 | 2035 | 4584 | 33 | 82 |
| iv_503-iv_510 | 2000 | 4377 | 38 | 76 |
| iv_502-iv_504 | 1984 | 4447 | 39 | 70 |
| iv_505-iv_510 | 1966 | 4220 | 40 | 73 |
| iv_504-iv_510 | 1928 | 4282 | 34 | 84 |

### Input Bit Co-occurrences Sorted by Potential Occurrences

| Input Bits | Co-occurrences | Potential Occurrences | Output Co-occurrences | Potential Output Occurrences |
|:----------:|:--------------:|:---------------------:|:---------------------:|:----------------------------:|
| iv_504-iv_506 | 1850 | 4134 | 42 | 76 |
| iv_504-iv_505 | 1822 | 4168 | 41 | 75 |
| iv_505-iv_510 | 1966 | 4220 | 40 | 73 |
| iv_503-iv_505 | 1901 | 4249 | 42 | 73 |
| iv_504-iv_510 | 1928 | 4282 | 34 | 84 |
| iv_505-iv_506 | 1777 | 4294 | 39 | 83 |

### Input Bit Output Co-occurrences Sorted by Output Co-occurrences

| Input Bits | Co-occurrences | Potential Occurrences | Output Co-occurrences | Potential Output Occurrences |
|:----------:|:--------------:|:---------------------:|:---------------------:|:----------------------------:|
| iv_503-iv_505 | 1901 | 4249 | 42 | 73 |
| iv_504-iv_506 | 1850 | 4134 | 42 | 76 |
| iv_504-iv_505 | 1822 | 4168 | 41 | 75 |
| iv_502-iv_505 | 1915 | 4599 | 40 | 69 |
| iv_505-iv_510 | 1966 | 4220 | 40 | 73 |
| iv_502-iv_504 | 1984 | 4447 | 39 | 70 |

### Input Bit Output Co-occurrences Sorted by Potential Output Occurrences

| Input Bits | Co-occurrences | Potential Occurrences | Output Co-occurrences | Potential Output Occurrences |
|:----------:|:--------------:|:---------------------:|:---------------------:|:----------------------------:|
| iv_502-iv_510 | 2080 | 4595 | 39 | 66 |
| iv_502-iv_505 | 1915 | 4599 | 40 | 69 |
| iv_502-iv_504 | 1984 | 4447 | 39 | 70 |
| iv_503-iv_505 | 1901 | 4249 | 42 | 73 |
| iv_505-iv_510 | 1966 | 4220 | 40 | 73 |
| iv_504-iv_505 | 1822 | 4168 | 41 | 75 |

## Output Bits

### Output Bits in Regular Order

| Rank | Output Bit | Complexity |
|:----:|:----------:|:----------:|
| 1 | ov_001 | 2.9501021983113365 × 10^296 |
| 2 | ov_002 | 2.564959121406142 × 10^296 |
| 3 | ov_003 | 2.2171286643857358 × 10^296 |
| 4 | ov_004 | 1.905064298691571 × 10^296 |
| 5 | ov_005 | 1.6273037536496849 × 10^296 |
| 6 | ov_006 | 1.3811513321205994 × 10^296 |
| 7 | ov_007 | 1.1640521004933575 × 10^296 |
| 8 | ov_008 | 9.735832775661747 × 10^295 |
| 9 | ov_009 | 8.074468632611884 × 10^295 |
| 10 | ov_010 | 6.634633771976369 × 10^295 |
| 11 | ov_011 | 5.395666142011705 × 10^295 |
| 12 | ov_012 | 4.337993390025406 × 10^295 |
| 13 | ov_013 | 3.443098390969588 × 10^295 |
| 14 | ov_014 | 2.6934923635433055 × 10^295 |
| 15 | ov_015 | 2.0726944115061291 × 10^295 |
| 16 | ov_016 | 1.5652163310549163 × 10^295 |
| 17 | ov_017 | 1.1565516110810475 × 10^295 |
| 18 | ov_018 | 8.331676898419208 × 10^294 |
| 19 | ov_019 | 5.825007191593639 × 10^294 |
| 20 | ov_020 | 3.9295221303710084 × 10^294 |
| 21 | ov_021 | 2.5388702161375067 × 10^294 |
| 22 | ov_022 | 1.556321353650583 × 10^294 |
| 23 | ov_023 | 8.947593720059954 × 10^293 |
| 24 | ov_024 | 4.766770061538918 × 10^293 |
| 25 | ov_025 | 2.341726154133663 × 10^293 |
| 26 | ov_026 | 1.0894821610797882 × 10^293 |
| 27 | ov_027 | 5.230842671053574 × 10^292 |
| 28 | ov_028 | 2.515997893896193 × 10^292 |
| 29 | ov_029 | 1.0356731561232191 × 10^292 |
| 30 | ov_030 | 3.423839506439476 × 10^291 |
| 31 | ov_031 | 8.284611809659013 × 10^290 |
| 32 | lv_80_k31 | 2.0042789139740296 × 10^290 |
| 33 | ov_033 | 2.377525276666232 × 10^291 |
| 34 | ov_034 | 2.0514409278798286 × 10^291 |
| 35 | ov_035 | 1.7616083751486873 × 10^291 |
| 36 | ov_036 | 1.5046849321112797 × 10^291 |
| 37 | ov_037 | 1.2775074253997799 × 10^291 |
| 38 | ov_038 | 1.077079533981103 × 10^291 |
| 39 | ov_039 | 9.00560864733653 × 10^290 |
| 40 | ov_040 | 7.46568940377805 × 10^290 |
| 41 | ov_041 | 6.125485281823398 × 10^290 |
| 42 | ov_042 | 4.972557470990556 × 10^290 |
| 43 | ov_043 | 3.98393472623488 × 10^290 |
| 44 | ov_044 | 3.137861561109937 × 10^290 |
| 45 | ov_045 | 2.4237589118266723 × 10^290 |
| 46 | ov_046 | 1.8316281150936225 × 10^290 |
| 47 | ov_047 | 1.3520375353600252 × 10^290 |
| 48 | ov_048 | 9.76112247706666 × 10^289 |
| 49 | ov_049 | 6.877436419038823 × 10^289 |
| 50 | ov_050 | 4.719058149857659 × 10^289 |
| 51 | ov_051 | 3.146490256386416 × 10^289 |
| 52 | ov_052 | 2.0309546371596565 × 10^289 |
| 53 | ov_053 | 1.2543669694904006 × 10^289 |
| 54 | ov_054 | 7.603562056414274 × 10^288 |
| 55 | ov_055 | 4.521888396297721 × 10^288 |
| 56 | ov_056 | 2.841652593116257 × 10^288 |
| 57 | ov_057 | 1.8088254536747784 × 10^288 |
| 58 | ov_058 | 1.0730491177492765 × 10^288 |
| 59 | ov_059 | 5.810197140291475 × 10^287 |
| 60 | ov_060 | 2.794346863071505 × 10^287 |
| 61 | ov_061 | 1.149919021906398 × 10^287 |
| 62 | ov_062 | 3.7995570873952003 × 10^286 |
| 63 | ov_063 | 9.186684543237193 × 10^285 |
| 64 | lv_79_k31 | 2.220434253171077 × 10^285 |
| 65 | ov_065 | 2.627693575067907 × 10^286 |
| 66 | ov_066 | 2.6276870014038867 × 10^286 |
| 67 | ov_067 | 2.627684870849852 × 10^286 |
| 68 | ov_068 | 2.2670617054585835 × 10^286 |
| 69 | ov_069 | 1.9446319581287121 × 10^286 |
| 70 | ov_070 | 1.658694771314076 × 10^286 |
| 71 | ov_071 | 1.4061565937423234 × 10^286 |
| 72 | ov_072 | 1.1841131681459608 × 10^286 |
| 73 | ov_073 | 9.898369894919339 × 10^285 |
| 74 | ov_074 | 8.207659111017124 × 10^285 |
| 75 | ov_075 | 6.744928378656744 × 10^285 |
| 76 | ov_076 | 5.487564476600985 × 10^285 |
| 77 | ov_077 | 4.4143288359546907 × 10^285 |
| 78 | ov_078 | 3.5052836091500654 × 10^285 |
| 79 | ov_079 | 2.7417263327265676 × 10^285 |
| 80 | ov_080 | 2.1061326379671642 × 10^285 |
| 81 | ov_081 | 1.5821064683165047 × 10^285 |
| 82 | ov_082 | 1.1617261030426131 × 10^285 |
| 83 | ov_083 | 8.307301028596547 × 10^284 |
| 84 | ov_084 | 5.758756664415893 × 10^284 |
| 85 | ov_085 | 3.849135156710809 × 10^284 |
| 86 | ov_086 | 2.46567613842614 × 10^284 |
| 87 | ov_087 | 1.5051918411072146 × 10^284 |
| 88 | ov_088 | 8.739449563470268 × 10^283 |
| 89 | ov_089 | 4.875588497141018 × 10^283 |
| 90 | ov_090 | 2.7095480327308707 × 10^283 |
| 91 | ov_091 | 1.583109631482638 × 10^283 |
| 92 | ov_092 | 9.303771365449344 × 10^282 |
| 93 | ov_093 | 4.914609137611095 × 10^282 |
| 94 | ov_094 | 2.2030536487907412 × 10^282 |
| 95 | aaa_78_28 | 7.086053912860277 × 10^281 |
| 96 | aaa_78_29 | 2.685073310296363 × 10^281 |
| 97 | ov_097 | 2.9255117155267813 × 10^281 |
| 98 | ov_098 | 2.925424201446705 × 10^281 |
| 99 | ov_099 | 2.9253962731362797 × 10^281 |
| 100 | ov_100 | 2.6331883569300694 × 10^281 |
| 101 | ov_101 | 2.3624366060275254 × 10^281 |
| 102 | ov_102 | 2.1119736940024134 × 10^281 |
| 103 | ov_103 | 1.8807180996701425 × 10^281 |
| 104 | ov_104 | 1.6676626959546675 × 10^281 |
| 105 | ov_105 | 1.4718643924053234 × 10^281 |
| 106 | ov_106 | 1.2924347758461213 × 10^281 |
| 107 | ov_107 | 1.1285316958059037 × 10^281 |
| 108 | ov_108 | 9.793517431479776 × 10^280 |
| 109 | ov_109 | 8.441235717445068 × 10^280 |
| 110 | ov_110 | 7.221020141700079 × 10^280 |
| 111 | ov_111 | 6.125629432595746 × 10^280 |
| 112 | ov_112 | 5.147988320299063 × 10^280 |
| 113 | ov_113 | 4.281149649380675 × 10^280 |
| 114 | ov_114 | 3.518262537927755 × 10^280 |
| 115 | ov_115 | 2.852546118669018 × 10^280 |
| 116 | ov_116 | 2.277268399139578 × 10^280 |
| 117 | ov_117 | 1.7857297788620117 × 10^280 |
| 118 | ov_118 | 1.3712507620732682 × 10^280 |
| 119 | ov_119 | 1.0271634048438996 × 10^280 |
| 120 | ov_120 | 7.468060355985493 × 10^279 |
| 121 | ov_121 | 5.235205229831683 × 10^279 |
| 122 | ov_122 | 3.506509499878404 × 10^279 |
| 123 | ov_123 | 2.2154278366416183 × 10^279 |
| 124 | ov_124 | 1.2954227149032448 × 10^279 |
| 125 | ov_125 | 6.799604577642769 × 10^278 |
| 126 | ov_126 | 3.0250896480496128 × 10^278 |
| 127 | aaa_77_28 | 9.653663862999988 × 10^277 |
| 128 | aaa_77_29 | 3.6157030716523226 × 10^277 |
| 129 | ov_129 | 3.2945679100572724 × 10^277 |
| 130 | ov_130 | 3.294560098528094 × 10^277 |
| 131 | ov_131 | 3.2945575934348795 × 10^277 |
| 132 | ov_132 | 2.845758612967121 × 10^277 |
| 133 | ov_133 | 2.444619125871066 × 10^277 |
| 134 | ov_134 | 2.087487641234455 × 10^277 |
| 135 | ov_135 | 1.7709130490475874 × 10^277 |
| 136 | ov_136 | 1.4916299447690917 × 10^277 |
| 137 | ov_137 | 1.246545914482859 × 10^277 |
| 138 | ov_138 | 1.0327306329587252 × 10^277 |
| 139 | ov_139 | 8.474065995092851 × 10^276 |
| 140 | ov_140 | 6.87941334130331 × 10^276 |
| 141 | ov_141 | 5.518408660824013 × 10^276 |
| 142 | ov_142 | 4.367443565321022 × 10^276 |
| 143 | ov_143 | 3.4041970617573984 × 10^276 |
| 144 | ov_144 | 2.607600155631207 × 10^276 |
| 145 | ov_145 | 1.9578079015900278 × 10^276 |
| 146 | ov_146 | 1.436177912269934 × 10^276 |
| 147 | ov_147 | 1.0252542741482081 × 10^276 |
| 148 | ov_148 | 7.087558329698102 × 10^275 |
| 149 | ov_149 | 4.715679010036557 × 10^275 |
| 150 | ov_150 | 2.997365704316393 × 10^275 |
| 151 | ov_151 | 1.8046499160603034 × 10^275 |
| 152 | ov_152 | 1.021110956829839 × 10^275 |
| 153 | ov_153 | 5.418630826438162 × 10^274 |
| 154 | ov_154 | 2.7354867793832958 × 10^274 |
| 155 | ov_155 | 1.3433457029608275 × 10^274 |
| 156 | aaa_76_25 | 5.391002110374021 × 10^273 |
| 157 | aaa_76_26 | 3.3155769953517036 × 10^273 |
| 158 | aaa_76_27 | 1.8161762611426225 × 10^273 |
| 159 | aaa_76_28 | 8.548975699511533 × 10^272 |
| 160 | aaa_76_29 | 3.2150925697018445 × 10^272 |

### Output Bits Sorted by Complexity

| Rank | Output Bit | Complexity |
|:----:|:----------:|:----------:|
| 160 | aaa_76_29 | 3.2150925697018445 × 10^272 |
| 159 | aaa_76_28 | 8.548975699511533 × 10^272 |
| 158 | aaa_76_27 | 1.8161762611426225 × 10^273 |
| 157 | aaa_76_26 | 3.3155769953517036 × 10^273 |
| 156 | aaa_76_25 | 5.391002110374021 × 10^273 |
| 155 | ov_155 | 1.3433457029608275 × 10^274 |
| 154 | ov_154 | 2.7354867793832958 × 10^274 |
| 153 | ov_153 | 5.418630826438162 × 10^274 |
| 152 | ov_152 | 1.021110956829839 × 10^275 |
| 151 | ov_151 | 1.8046499160603034 × 10^275 |
| 150 | ov_150 | 2.997365704316393 × 10^275 |
| 149 | ov_149 | 4.715679010036557 × 10^275 |
| 148 | ov_148 | 7.087558329698102 × 10^275 |
| 147 | ov_147 | 1.0252542741482081 × 10^276 |
| 146 | ov_146 | 1.436177912269934 × 10^276 |
| 145 | ov_145 | 1.9578079015900278 × 10^276 |
| 144 | ov_144 | 2.607600155631207 × 10^276 |
| 143 | ov_143 | 3.4041970617573984 × 10^276 |
| 142 | ov_142 | 4.367443565321022 × 10^276 |
| 141 | ov_141 | 5.518408660824013 × 10^276 |
| 140 | ov_140 | 6.87941334130331 × 10^276 |
| 139 | ov_139 | 8.474065995092851 × 10^276 |
| 138 | ov_138 | 1.0327306329587252 × 10^277 |
| 137 | ov_137 | 1.246545914482859 × 10^277 |
| 136 | ov_136 | 1.4916299447690917 × 10^277 |
| 135 | ov_135 | 1.7709130490475874 × 10^277 |
| 134 | ov_134 | 2.087487641234455 × 10^277 |
| 133 | ov_133 | 2.444619125871066 × 10^277 |
| 132 | ov_132 | 2.845758612967121 × 10^277 |
| 131 | ov_131 | 3.2945575934348795 × 10^277 |
| 130 | ov_130 | 3.294560098528094 × 10^277 |
| 129 | ov_129 | 3.2945679100572724 × 10^277 |
| 128 | aaa_77_29 | 3.6157030716523226 × 10^277 |
| 127 | aaa_77_28 | 9.653663862999988 × 10^277 |
| 126 | ov_126 | 3.0250896480496128 × 10^278 |
| 125 | ov_125 | 6.799604577642769 × 10^278 |
| 124 | ov_124 | 1.2954227149032448 × 10^279 |
| 123 | ov_123 | 2.2154278366416183 × 10^279 |
| 122 | ov_122 | 3.506509499878404 × 10^279 |
| 121 | ov_121 | 5.235205229831683 × 10^279 |
| 120 | ov_120 | 7.468060355985493 × 10^279 |
| 119 | ov_119 | 1.0271634048438996 × 10^280 |
| 118 | ov_118 | 1.3712507620732682 × 10^280 |
| 117 | ov_117 | 1.7857297788620117 × 10^280 |
| 116 | ov_116 | 2.277268399139578 × 10^280 |
| 115 | ov_115 | 2.852546118669018 × 10^280 |
| 114 | ov_114 | 3.518262537927755 × 10^280 |
| 113 | ov_113 | 4.281149649380675 × 10^280 |
| 112 | ov_112 | 5.147988320299063 × 10^280 |
| 111 | ov_111 | 6.125629432595746 × 10^280 |
| 110 | ov_110 | 7.221020141700079 × 10^280 |
| 109 | ov_109 | 8.441235717445068 × 10^280 |
| 108 | ov_108 | 9.793517431479776 × 10^280 |
| 107 | ov_107 | 1.1285316958059037 × 10^281 |
| 106 | ov_106 | 1.2924347758461213 × 10^281 |
| 105 | ov_105 | 1.4718643924053234 × 10^281 |
| 104 | ov_104 | 1.6676626959546675 × 10^281 |
| 103 | ov_103 | 1.8807180996701425 × 10^281 |
| 102 | ov_102 | 2.1119736940024134 × 10^281 |
| 101 | ov_101 | 2.3624366060275254 × 10^281 |
| 100 | ov_100 | 2.6331883569300694 × 10^281 |
| 96 | aaa_78_29 | 2.685073310296363 × 10^281 |
| 99 | ov_099 | 2.9253962731362797 × 10^281 |
| 98 | ov_098 | 2.925424201446705 × 10^281 |
| 97 | ov_097 | 2.9255117155267813 × 10^281 |
| 95 | aaa_78_28 | 7.086053912860277 × 10^281 |
| 94 | ov_094 | 2.2030536487907412 × 10^282 |
| 93 | ov_093 | 4.914609137611095 × 10^282 |
| 92 | ov_092 | 9.303771365449344 × 10^282 |
| 91 | ov_091 | 1.583109631482638 × 10^283 |
| 90 | ov_090 | 2.7095480327308707 × 10^283 |
| 89 | ov_089 | 4.875588497141018 × 10^283 |
| 88 | ov_088 | 8.739449563470268 × 10^283 |
| 87 | ov_087 | 1.5051918411072146 × 10^284 |
| 86 | ov_086 | 2.46567613842614 × 10^284 |
| 85 | ov_085 | 3.849135156710809 × 10^284 |
| 84 | ov_084 | 5.758756664415893 × 10^284 |
| 83 | ov_083 | 8.307301028596547 × 10^284 |
| 82 | ov_082 | 1.1617261030426131 × 10^285 |
| 81 | ov_081 | 1.5821064683165047 × 10^285 |
| 80 | ov_080 | 2.1061326379671642 × 10^285 |
| 64 | lv_79_k31 | 2.220434253171077 × 10^285 |
| 79 | ov_079 | 2.7417263327265676 × 10^285 |
| 78 | ov_078 | 3.5052836091500654 × 10^285 |
| 77 | ov_077 | 4.4143288359546907 × 10^285 |
| 76 | ov_076 | 5.487564476600985 × 10^285 |
| 75 | ov_075 | 6.744928378656744 × 10^285 |
| 74 | ov_074 | 8.207659111017124 × 10^285 |
| 63 | ov_063 | 9.186684543237193 × 10^285 |
| 73 | ov_073 | 9.898369894919339 × 10^285 |
| 72 | ov_072 | 1.1841131681459608 × 10^286 |
| 71 | ov_071 | 1.4061565937423234 × 10^286 |
| 70 | ov_070 | 1.658694771314076 × 10^286 |
| 69 | ov_069 | 1.9446319581287121 × 10^286 |
| 68 | ov_068 | 2.2670617054585835 × 10^286 |
| 67 | ov_067 | 2.627684870849852 × 10^286 |
| 66 | ov_066 | 2.6276870014038867 × 10^286 |
| 65 | ov_065 | 2.627693575067907 × 10^286 |
| 62 | ov_062 | 3.7995570873952003 × 10^286 |
| 61 | ov_061 | 1.149919021906398 × 10^287 |
| 60 | ov_060 | 2.794346863071505 × 10^287 |
| 59 | ov_059 | 5.810197140291475 × 10^287 |
| 58 | ov_058 | 1.0730491177492765 × 10^288 |
| 57 | ov_057 | 1.8088254536747784 × 10^288 |
| 56 | ov_056 | 2.841652593116257 × 10^288 |
| 55 | ov_055 | 4.521888396297721 × 10^288 |
| 54 | ov_054 | 7.603562056414274 × 10^288 |
| 53 | ov_053 | 1.2543669694904006 × 10^289 |
| 52 | ov_052 | 2.0309546371596565 × 10^289 |
| 51 | ov_051 | 3.146490256386416 × 10^289 |
| 50 | ov_050 | 4.719058149857659 × 10^289 |
| 49 | ov_049 | 6.877436419038823 × 10^289 |
| 48 | ov_048 | 9.76112247706666 × 10^289 |
| 47 | ov_047 | 1.3520375353600252 × 10^290 |
| 46 | ov_046 | 1.8316281150936225 × 10^290 |
| 32 | lv_80_k31 | 2.0042789139740296 × 10^290 |
| 45 | ov_045 | 2.4237589118266723 × 10^290 |
| 44 | ov_044 | 3.137861561109937 × 10^290 |
| 43 | ov_043 | 3.98393472623488 × 10^290 |
| 42 | ov_042 | 4.972557470990556 × 10^290 |
| 41 | ov_041 | 6.125485281823398 × 10^290 |
| 40 | ov_040 | 7.46568940377805 × 10^290 |
| 31 | ov_031 | 8.284611809659013 × 10^290 |
| 39 | ov_039 | 9.00560864733653 × 10^290 |
| 38 | ov_038 | 1.077079533981103 × 10^291 |
| 37 | ov_037 | 1.2775074253997799 × 10^291 |
| 36 | ov_036 | 1.5046849321112797 × 10^291 |
| 35 | ov_035 | 1.7616083751486873 × 10^291 |
| 34 | ov_034 | 2.0514409278798286 × 10^291 |
| 33 | ov_033 | 2.377525276666232 × 10^291 |
| 30 | ov_030 | 3.423839506439476 × 10^291 |
| 29 | ov_029 | 1.0356731561232191 × 10^292 |
| 28 | ov_028 | 2.515997893896193 × 10^292 |
| 27 | ov_027 | 5.230842671053574 × 10^292 |
| 26 | ov_026 | 1.0894821610797882 × 10^293 |
| 25 | ov_025 | 2.341726154133663 × 10^293 |
| 24 | ov_024 | 4.766770061538918 × 10^293 |
| 23 | ov_023 | 8.947593720059954 × 10^293 |
| 22 | ov_022 | 1.556321353650583 × 10^294 |
| 21 | ov_021 | 2.5388702161375067 × 10^294 |
| 20 | ov_020 | 3.9295221303710084 × 10^294 |
| 19 | ov_019 | 5.825007191593639 × 10^294 |
| 18 | ov_018 | 8.331676898419208 × 10^294 |
| 17 | ov_017 | 1.1565516110810475 × 10^295 |
| 16 | ov_016 | 1.5652163310549163 × 10^295 |
| 15 | ov_015 | 2.0726944115061291 × 10^295 |
| 14 | ov_014 | 2.6934923635433055 × 10^295 |
| 13 | ov_013 | 3.443098390969588 × 10^295 |
| 12 | ov_012 | 4.337993390025406 × 10^295 |
| 11 | ov_011 | 5.395666142011705 × 10^295 |
| 10 | ov_010 | 6.634633771976369 × 10^295 |
| 9 | ov_009 | 8.074468632611884 × 10^295 |
| 8 | ov_008 | 9.735832775661747 × 10^295 |
| 7 | ov_007 | 1.1640521004933575 × 10^296 |
| 6 | ov_006 | 1.3811513321205994 × 10^296 |
| 5 | ov_005 | 1.6273037536496849 × 10^296 |
| 4 | ov_004 | 1.905064298691571 × 10^296 |
| 3 | ov_003 | 2.2171286643857358 × 10^296 |
| 2 | ov_002 | 2.564959121406142 × 10^296 |
| 1 | ov_001 | 2.9501021983113365 × 10^296 |

