# Results for F001-F002-F003-F004-F005-F006-F007-F008-F009-F010-F011-F012-F013-F014-F015-F016-F017-F018-F019-F020-F021-F022-F023-F024-F025-F026-F027-F028-F029-F030-F031-F032-F033-F034-F035-F036-F037-F038-F039-F040-F041-F042-F043-F044-F045-F046-F047-F048-F049-F050-F051-F052-F053-F054-F055-F056-F057-F058-F059-F060-F061-F062-F063-F064-F065-F066-F067-F068-F069-F070-F071-F072-F073-F074-F075-F076-F077-F078-F079-F080-F081-F082-F083-F084-F085-F086-F087-F088-F089-F090-F091-F092-F093-F094-F095-F096-F097-F098-F099-F100-F101-F102-F103-F104-F105-F106-F107-F108-F109-F110-F111-F112-F113-F114-F115-F116-F117-F118-F119-F120-F121-F122-F123-F124-F125-F126-F127-F128-F129-F130-F131-F132-F133-F134-F135-F136-F137-F138-F139-F140-F141-F142-F143-F144-F145-F146-F147-F148-F149-F150-F151-F152-F153-F154-F155-F156-F157-F158-F159-F160-F161-F162-F163-F164-F165-F166-F167-F168-F169-F170-F171-F172-F173-F174-F175-F176-F177-F178-F179-F180-F181-F182-F183-F184-F185-F186-F187-F188-F189-F190-F191-F192-F193-F194-F195-F196-F197-F198-F199-F200-F201-F202-F203-F204-F205-F206-F207-F208-F209-F210-F211-F212-F213-F214-F215-F216-F217-F218-F219-F220-F221-F222-F223-F224-F225-F226-F227-F228-F229-F230-F231-F232-F233-F234-F235-F236-F237-F238-F239-F240-F241-F242-F243-F244-F245-F246-F247-F248-F249-F250-F251-F252-F253-F254-F255-F256-F257-F258-F259-F260-F261-F262-F263-F264-F265-F266-F267-F268-F269-F270-F271-F272-F273-F274-F275-F276-F277-F278-F279-F280-F281-F282-F283-F284-F285-F286-F287-F288-F289-F290-F291-F292-F293-F294-F295-F296-F297-F298-F299-F300-F301-F302-F303-F304-F305-F306-F307-F308-F309-F310-F311-F312-F313-F314-F315-F316-F317-F318-F319-F320-F321-F322-F323-F324-F325-F326-F327-F328-F329-F330-F331-F332-F333-F334-F335-F336-F337-F338-F339-F340-F341-F342-F343-F344-F345-F346-F347-F348-F349-F350-F351-F352-F353-F354-F355-F356-F357-F358-F359-F360-F361-F362-F363-F364-F365-F366-F367-F368-F369-F370-F371-F372-F373-F374-F375-F376-F377-F378-F379-F380-F381-F382-F383-F384-F385-F386-F387-F388-F389-F390-F391-F392-F393-F394-F395-F396-F397-F398-F399-F400-F401-F402-F403-F404-F405-F406-F407-F408-F409-F410-F411-F412-F413-F414-F415-F416-F417-F418-F419-F420-F421-F422-F423-F424-F425-F426-F427-F428-F429-F430-F431-F432-F433-F434-F435-F436-F437-F438-F439-F440-F441-F442-F443-F444-F445-F446-F447-F448-F449-F450-F451-F452-F453-F454-F455-F456-F457-F458-F459-F460-F461-F462-F463-F464-F465-F466-F467-F468-F469-F470-F471-F472-F473-F474-F475-F476-F477-F478-F479-F480-F481-F482-F483-F484-F485-F486-F487-F488-F489-F490-F491-F492-F493-F494-F495-F496-F497-F498-F499-F500-F501-E502508-E502511-E504506-E507509-F512

## Summary

Number of input bits: 512  
Number of free input bits: 6  
Number of output bits: 160

Number of direct occurrences: 25082  
Number of assignments: 30778  
Number of operations: 10931043
(xor: 10901982,
and: 15974,
or: 13087)

Total complexity: 5.246331800106603 × 10^298

Least occurring input variable: iv_505 (3880)  
Most occurring input variable: iv_502 (4458)

Most co-occurring input variables: iv_507-iv_510 (2077)  
Least co-occurring input variables: iv_504-iv_505 (1805)

Potentially most occurring input variable: iv_502/iv_507 (4616)  
Potentially least occurring input variable: iv_505/iv_510 (4163)

Least output occurring input variable: iv_502 (70)  
Most output occurring input variable: iv_507 (80)

Most output co-occurring input variables: iv_504-iv_507 (42)  
Least output co-occurring input variables: iv_502-iv_507 (30)

Potentially most output occurring input variable: iv_503/iv_507 (92)  
Potentially least output occurring input variable: iv_502/iv_510 (66)

Least complex input bit: iv_503 (1.1532141000872791 × 10^297)  
Most complex input bit: iv_507 (1.626898942643681 × 10^298)

Least complex output bit: aaa_76_29 (8.415446293491795 × 10^273)  
Most complex output bit: ov_001 (8.339217776635426 × 10^297)

Least complex input/output complexity: iv_503/aaa_76_29 (1.849827973896879 × 10^272)  
Most complex input/output complexity: iv_507/ov_001 (2.5860096349620647 × 10^297)

Input variable with highest collision probability: iv_503 (½^160.00000000000034)

## Input Bits

### Input Bits in Regular Order

| Input Bit | Complexity | Occurrences | Output Occurrences | Collision Probability |
|:---------:|:----------:|:-----------:|:------------------:|:---------------------:|
| iv_502 | 1.0695697259629543 × 10^298 | 4458 | 70 | ½^160.0000000000006 |
| iv_503 | 1.1532141000872791 × 10^297 | 4125 | 78 | ½^160.00000000000034 |
| iv_504 | 6.601319551339839 × 10^297 | 4114 | 76 | ½^160.00000000000068 |
| iv_505 | 3.046877082881103 × 10^297 | 3880 | 79 | ½^160.0000000000007 |
| iv_507 | 1.626898942643681 × 10^298 | 4290 | 80 | ½^160.0000000000008 |
| iv_510 | 1.4697220580691487 × 10^298 | 4215 | 74 | ½^160.00000000000065 |

### Input Bits Sorted by Complexity

| Input Bit | Complexity | Occurrences | Output Occurrences | Collision Probability |
|:---------:|:----------:|:-----------:|:------------------:|:---------------------:|
| iv_503 | 1.1532141000872791 × 10^297 | 4125 | 78 | ½^160.00000000000034 |
| iv_505 | 3.046877082881103 × 10^297 | 3880 | 79 | ½^160.0000000000007 |
| iv_504 | 6.601319551339839 × 10^297 | 4114 | 76 | ½^160.00000000000068 |
| iv_502 | 1.0695697259629543 × 10^298 | 4458 | 70 | ½^160.0000000000006 |
| iv_510 | 1.4697220580691487 × 10^298 | 4215 | 74 | ½^160.00000000000065 |
| iv_507 | 1.626898942643681 × 10^298 | 4290 | 80 | ½^160.0000000000008 |

### Input Bits Sorted by Occurrences

| Input Bit | Complexity | Occurrences | Output Occurrences | Collision Probability |
|:---------:|:----------:|:-----------:|:------------------:|:---------------------:|
| iv_505 | 3.046877082881103 × 10^297 | 3880 | 79 | ½^160.0000000000007 |
| iv_504 | 6.601319551339839 × 10^297 | 4114 | 76 | ½^160.00000000000068 |
| iv_503 | 1.1532141000872791 × 10^297 | 4125 | 78 | ½^160.00000000000034 |
| iv_510 | 1.4697220580691487 × 10^298 | 4215 | 74 | ½^160.00000000000065 |
| iv_507 | 1.626898942643681 × 10^298 | 4290 | 80 | ½^160.0000000000008 |
| iv_502 | 1.0695697259629543 × 10^298 | 4458 | 70 | ½^160.0000000000006 |

### Input Bits Sorted by Output Occurrences

| Input Bit | Complexity | Occurrences | Output Occurrences | Collision Probability |
|:---------:|:----------:|:-----------:|:------------------:|:---------------------:|
| iv_502 | 1.0695697259629543 × 10^298 | 4458 | 70 | ½^160.0000000000006 |
| iv_510 | 1.4697220580691487 × 10^298 | 4215 | 74 | ½^160.00000000000065 |
| iv_504 | 6.601319551339839 × 10^297 | 4114 | 76 | ½^160.00000000000068 |
| iv_503 | 1.1532141000872791 × 10^297 | 4125 | 78 | ½^160.00000000000034 |
| iv_505 | 3.046877082881103 × 10^297 | 3880 | 79 | ½^160.0000000000007 |
| iv_507 | 1.626898942643681 × 10^298 | 4290 | 80 | ½^160.0000000000008 |

### Input Bits Sorted by Collision Probability

| Input Bit | Complexity | Occurrences | Output Occurrences | Collision Probability |
|:---------:|:----------:|:-----------:|:------------------:|:---------------------:|
| iv_503 | 1.1532141000872791 × 10^297 | 4125 | 78 | ½^160.00000000000034 |
| iv_502 | 1.0695697259629543 × 10^298 | 4458 | 70 | ½^160.0000000000006 |
| iv_510 | 1.4697220580691487 × 10^298 | 4215 | 74 | ½^160.00000000000065 |
| iv_504 | 6.601319551339839 × 10^297 | 4114 | 76 | ½^160.00000000000068 |
| iv_505 | 3.046877082881103 × 10^297 | 3880 | 79 | ½^160.0000000000007 |
| iv_507 | 1.626898942643681 × 10^298 | 4290 | 80 | ½^160.0000000000008 |

## Input Bit/Output Bit Collision Probabilities

| Input Bit | Output Bit | Collision Probability |
|:---------:|:----------:|:---------------------:|
| iv_503 | ov_005 | 0.500000000000002 |
| iv_502 | ov_055 | 0.5000000000000018 |
| iv_503 | ov_001 | 0.5000000000000018 |
| iv_503 | ov_031 | 0.5000000000000018 |
| iv_503 | ov_101 | 0.5000000000000018 |
| iv_503 | ov_113 | 0.5000000000000018 |

## Input Bit Co-occurrences

### Input Bit Co-occurrences Sorted by Co-occurrences

| Input Bits | Co-occurrences | Potential Occurrences | Output Co-occurrences | Potential Output Occurrences |
|:----------:|:--------------:|:---------------------:|:---------------------:|:----------------------------:|
| iv_507-iv_510 | 2077 | 4351 | 36 | 82 |
| iv_502-iv_510 | 2072 | 4529 | 39 | 66 |
| iv_502-iv_507 | 2066 | 4616 | 30 | 90 |
| iv_502-iv_503 | 2037 | 4509 | 33 | 82 |
| iv_502-iv_504 | 2036 | 4500 | 33 | 80 |
| iv_504-iv_510 | 2016 | 4297 | 31 | 88 |

### Input Bit Co-occurrences Sorted by Potential Occurrences

| Input Bits | Co-occurrences | Potential Occurrences | Output Co-occurrences | Potential Output Occurrences |
|:----------:|:--------------:|:---------------------:|:---------------------:|:----------------------------:|
| iv_505-iv_510 | 1966 | 4163 | 40 | 73 |
| iv_503-iv_505 | 1900 | 4205 | 42 | 73 |
| iv_504-iv_510 | 2016 | 4297 | 31 | 88 |
| iv_503-iv_510 | 2001 | 4338 | 38 | 76 |
| iv_507-iv_510 | 2077 | 4351 | 36 | 82 |
| iv_503-iv_504 | 1942 | 4355 | 39 | 76 |

### Input Bit Output Co-occurrences Sorted by Output Co-occurrences

| Input Bits | Co-occurrences | Potential Occurrences | Output Co-occurrences | Potential Output Occurrences |
|:----------:|:--------------:|:---------------------:|:---------------------:|:----------------------------:|
| iv_503-iv_505 | 1900 | 4205 | 42 | 73 |
| iv_504-iv_507 | 1991 | 4422 | 42 | 72 |
| iv_502-iv_505 | 1914 | 4510 | 40 | 69 |
| iv_505-iv_510 | 1966 | 4163 | 40 | 73 |
| iv_503-iv_504 | 1942 | 4355 | 39 | 76 |
| iv_502-iv_510 | 2072 | 4529 | 39 | 66 |

### Input Bit Output Co-occurrences Sorted by Potential Output Occurrences

| Input Bits | Co-occurrences | Potential Occurrences | Output Co-occurrences | Potential Output Occurrences |
|:----------:|:--------------:|:---------------------:|:---------------------:|:----------------------------:|
| iv_502-iv_510 | 2072 | 4529 | 39 | 66 |
| iv_502-iv_505 | 1914 | 4510 | 40 | 69 |
| iv_504-iv_507 | 1991 | 4422 | 42 | 72 |
| iv_503-iv_505 | 1900 | 4205 | 42 | 73 |
| iv_505-iv_510 | 1966 | 4163 | 40 | 73 |
| iv_503-iv_504 | 1942 | 4355 | 39 | 76 |

## Output Bits

### Output Bits in Regular Order

| Rank | Output Bit | Complexity |
|:----:|:----------:|:----------:|
| 1 | ov_001 | 8.339217776635426 × 10^297 |
| 2 | ov_002 | 7.250351807080083 × 10^297 |
| 3 | ov_003 | 6.267013026084036 × 10^297 |
| 4 | ov_004 | 5.384822318272598 × 10^297 |
| 5 | ov_005 | 4.599639280454484 × 10^297 |
| 6 | ov_006 | 3.903832291265193 × 10^297 |
| 7 | ov_007 | 3.29016945653918 × 10^297 |
| 8 | ov_008 | 2.7517943632854893 × 10^297 |
| 9 | ov_009 | 2.2822052045991585 × 10^297 |
| 10 | ov_010 | 1.875236941771955 × 10^297 |
| 11 | ov_011 | 1.5250462650214867 × 10^297 |
| 12 | ov_012 | 1.2260991532318859 × 10^297 |
| 13 | ov_013 | 9.731608246802377 × 10^296 |
| 14 | ov_014 | 7.612878235380586 × 10^296 |
| 15 | ov_015 | 5.858219437575283 × 10^296 |
| 16 | ov_016 | 4.423856927595993 × 10^296 |
| 17 | ov_017 | 3.268790194073998 × 10^296 |
| 18 | ov_018 | 2.354770527409118 × 10^296 |
| 19 | ov_019 | 1.6462861989665915 × 10^296 |
| 20 | ov_020 | 1.1105533355814687 × 10^296 |
| 21 | ov_021 | 7.175106119057224 × 10^295 |
| 22 | ov_022 | 4.398161784146462 × 10^295 |
| 23 | ov_023 | 2.528457396175583 × 10^295 |
| 24 | ov_024 | 1.3469126420591584 × 10^295 |
| 25 | ov_025 | 6.616014138886669 × 10^294 |
| 26 | ov_026 | 3.077467488002879 × 10^294 |
| 27 | ov_027 | 1.4771811443013744 × 10^294 |
| 28 | ov_028 | 7.103015000970184 × 10^293 |
| 29 | ov_029 | 2.9226376850451422 × 10^293 |
| 30 | ov_030 | 9.656575223812026 × 10^292 |
| 31 | ov_031 | 2.3347832657055226 × 10^292 |
| 32 | lv_80_k31 | 5.64336965144113 × 10^291 |
| 33 | ov_033 | 6.728309653311848 × 10^292 |
| 34 | ov_034 | 5.806271421287292 × 10^292 |
| 35 | ov_035 | 4.986095772260728 × 10^292 |
| 36 | ov_036 | 4.2591874568631863 × 10^292 |
| 37 | ov_037 | 3.6174150867523235 × 10^292 |
| 38 | ov_038 | 3.053078121552687 × 10^292 |
| 39 | ov_039 | 2.55887835682232 × 10^292 |
| 40 | ov_040 | 2.127895485265419 × 10^292 |
| 41 | ov_041 | 1.7535663009553332 × 10^292 |
| 42 | ov_042 | 1.429667142851931 × 10^292 |
| 43 | ov_043 | 1.1502991991340087 × 10^292 |
| 44 | ov_044 | 9.098763372678381 × 10^291 |
| 45 | ov_045 | 7.05682287925593 × 10^291 |
| 46 | ov_046 | 5.351499496299107 × 10^291 |
| 47 | ov_047 | 3.958578985484455 × 10^291 |
| 48 | ov_048 | 2.85527695792966 × 10^291 |
| 49 | ov_049 | 2.000238777126154 × 10^291 |
| 50 | ov_050 | 1.3548893438177054 × 10^291 |
| 51 | ov_051 | 8.834160123574938 × 10^290 |
| 52 | ov_052 | 5.5275754940104935 × 10^290 |
| 53 | ov_053 | 3.325974699764148 × 10^290 |
| 54 | ov_054 | 1.9536027977941144 × 10^290 |
| 55 | ov_055 | 1.1620940144065488 × 10^290 |
| 56 | ov_056 | 7.304595436421229 × 10^289 |
| 57 | ov_057 | 4.650798886039355 × 10^289 |
| 58 | ov_058 | 2.7598688977413667 × 10^289 |
| 59 | ov_059 | 1.4949987521554101 × 10^289 |
| 60 | ov_060 | 7.193851622637423 × 10^288 |
| 61 | ov_061 | 2.9622594718391873 × 10^288 |
| 62 | ov_062 | 9.794864401297265 × 10^287 |
| 63 | ov_063 | 2.3702750972708876 × 10^287 |
| 64 | lv_79_k31 | 5.734322678322363 × 10^286 |
| 65 | ov_065 | 6.7942003903181794 × 10^287 |
| 66 | ov_066 | 6.79418323335943 × 10^287 |
| 67 | ov_067 | 6.7941776727070725 × 10^287 |
| 68 | ov_068 | 5.87123456673486 × 10^287 |
| 69 | ov_069 | 5.044930463051362 × 10^287 |
| 70 | ov_070 | 4.310826241392111 × 10^287 |
| 71 | ov_071 | 3.660847949706592 × 10^287 |
| 72 | ov_072 | 3.0874156811458102 × 10^287 |
| 73 | ov_073 | 2.5834108404763757 × 10^287 |
| 74 | ov_074 | 2.1421464064539514 × 10^287 |
| 75 | ov_075 | 1.7603832269535287 × 10^287 |
| 76 | ov_076 | 1.4322194113121709 × 10^287 |
| 77 | ov_077 | 1.1521118429203793 × 10^287 |
| 78 | ov_078 | 9.148568835859356 × 10^286 |
| 79 | ov_079 | 7.155733208759056 × 10^286 |
| 80 | ov_080 | 5.496874159462532 × 10^286 |
| 81 | ov_081 | 4.129199106369498 × 10^286 |
| 82 | ov_082 | 3.0320328998312933 × 10^286 |
| 83 | ov_083 | 2.168154143682008 × 10^286 |
| 84 | ov_084 | 1.5030000088714815 × 10^286 |
| 85 | ov_085 | 1.0046006870073136 × 10^286 |
| 86 | ov_086 | 6.43526457721029 × 10^285 |
| 87 | ov_087 | 3.928459794572463 × 10^285 |
| 88 | ov_088 | 2.2809441370366872 × 10^285 |
| 89 | ov_089 | 1.2724999294139074 × 10^285 |
| 90 | ov_090 | 7.071764275077356 × 10^284 |
| 91 | ov_091 | 4.131826859647823 × 10^284 |
| 92 | ov_092 | 2.4282329583757644 × 10^284 |
| 93 | ov_093 | 1.2826865644031202 × 10^284 |
| 94 | ov_094 | 5.749855279319632 × 10^283 |
| 95 | aaa_78_28 | 1.849424341021207 × 10^283 |
| 96 | aaa_78_29 | 7.007911839490188 × 10^282 |
| 97 | ov_097 | 7.63541291370673 × 10^282 |
| 98 | ov_098 | 7.635184585449724 × 10^282 |
| 99 | ov_099 | 7.635111723455424 × 10^282 |
| 100 | ov_100 | 6.872472944448997 × 10^282 |
| 101 | ov_101 | 6.16582968347069 × 10^282 |
| 102 | ov_102 | 5.512136280861061 × 10^282 |
| 103 | ov_103 | 4.908570879508245 × 10^282 |
| 104 | ov_104 | 4.3525056430415777 × 10^282 |
| 105 | ov_105 | 3.841479730851286 × 10^282 |
| 106 | ov_106 | 3.373174882658668 × 10^282 |
| 107 | ov_107 | 2.945393471464355 × 10^282 |
| 108 | ov_108 | 2.5560388887447636 × 10^282 |
| 109 | ov_109 | 2.203098129870393 × 10^282 |
| 110 | ov_110 | 1.8846264509995463 × 10^282 |
| 111 | ov_111 | 1.598733971259387 × 10^282 |
| 112 | ov_112 | 1.3435740959629783 × 10^282 |
| 113 | ov_113 | 1.1173336380367511 × 10^282 |
| 114 | ov_114 | 9.182245158456104 × 10^281 |
| 115 | ov_115 | 7.4447690629218 × 10^281 |
| 116 | ov_116 | 5.9433373251376344 × 10^281 |
| 117 | ov_117 | 4.660463657636409 × 10^281 |
| 118 | ov_118 | 3.578714212085514 × 10^281 |
| 119 | ov_119 | 2.680685274563952 × 10^281 |
| 120 | ov_120 | 1.9489894966992458 × 10^281 |
| 121 | ov_121 | 1.366248769823806 × 10^281 |
| 122 | ov_122 | 9.15090766469832 × 10^280 |
| 123 | ov_123 | 5.781467740854689 × 10^280 |
| 124 | ov_124 | 3.3805011950092777 × 10^280 |
| 125 | ov_125 | 1.7743513579543904 × 10^280 |
| 126 | ov_126 | 7.893656853270572 × 10^279 |
| 127 | aaa_77_28 | 2.5189294985003923 × 10^279 |
| 128 | aaa_77_29 | 9.433972264666186 × 10^278 |
| 129 | ov_129 | 8.595643830784112 × 10^278 |
| 130 | ov_130 | 8.595623368389035 × 10^278 |
| 131 | ov_131 | 8.59561679910994 × 10^278 |
| 132 | ov_132 | 7.42384285914252 × 10^278 |
| 133 | ov_133 | 6.376738018108808 × 10^278 |
| 134 | ov_134 | 5.444698832254072 × 10^278 |
| 135 | ov_135 | 4.618656148393871 × 10^278 |
| 136 | ov_136 | 3.890036205318907 × 10^278 |
| 137 | ov_137 | 3.250726721712019 × 10^278 |
| 138 | ov_138 | 2.693047591954961 × 10^278 |
| 139 | ov_139 | 2.209725740946861 × 10^278 |
| 140 | ov_140 | 1.7938736829222142 × 10^278 |
| 141 | ov_141 | 1.4389713779371007 × 10^278 |
| 142 | ov_142 | 1.1388510516957845 × 10^278 |
| 143 | ov_143 | 8.876846682339762 × 10^277 |
| 144 | ov_144 | 6.799737402706023 × 10^277 |
| 145 | ov_145 | 5.105412004897705 × 10^277 |
| 146 | ov_146 | 3.7452508018416034 × 10^277 |
| 147 | ov_147 | 2.673737257615303 × 10^277 |
| 148 | ov_148 | 1.848422871293037 × 10^277 |
| 149 | ov_149 | 1.2299023495243456 × 10^277 |
| 150 | ov_150 | 7.817968673956549 × 10^276 |
| 151 | ov_151 | 4.707434465959687 × 10^276 |
| 152 | ov_152 | 2.6638870929712257 × 10^276 |
| 153 | ov_153 | 1.413854954969808 × 10^276 |
| 154 | ov_154 | 7.139111240381222 × 10^275 |
| 155 | ov_155 | 3.506638731435773 × 10^275 |
| 156 | aaa_76_25 | 1.4075150921404332 × 10^275 |
| 157 | aaa_76_26 | 8.660325082518134 × 10^274 |
| 158 | aaa_76_27 | 4.746750329861801 × 10^274 |
| 159 | aaa_76_28 | 2.2359814214803626 × 10^274 |
| 160 | aaa_76_29 | 8.415446293491795 × 10^273 |

### Output Bits Sorted by Complexity

| Rank | Output Bit | Complexity |
|:----:|:----------:|:----------:|
| 160 | aaa_76_29 | 8.415446293491795 × 10^273 |
| 159 | aaa_76_28 | 2.2359814214803626 × 10^274 |
| 158 | aaa_76_27 | 4.746750329861801 × 10^274 |
| 157 | aaa_76_26 | 8.660325082518134 × 10^274 |
| 156 | aaa_76_25 | 1.4075150921404332 × 10^275 |
| 155 | ov_155 | 3.506638731435773 × 10^275 |
| 154 | ov_154 | 7.139111240381222 × 10^275 |
| 153 | ov_153 | 1.413854954969808 × 10^276 |
| 152 | ov_152 | 2.6638870929712257 × 10^276 |
| 151 | ov_151 | 4.707434465959687 × 10^276 |
| 150 | ov_150 | 7.817968673956549 × 10^276 |
| 149 | ov_149 | 1.2299023495243456 × 10^277 |
| 148 | ov_148 | 1.848422871293037 × 10^277 |
| 147 | ov_147 | 2.673737257615303 × 10^277 |
| 146 | ov_146 | 3.7452508018416034 × 10^277 |
| 145 | ov_145 | 5.105412004897705 × 10^277 |
| 144 | ov_144 | 6.799737402706023 × 10^277 |
| 143 | ov_143 | 8.876846682339762 × 10^277 |
| 142 | ov_142 | 1.1388510516957845 × 10^278 |
| 141 | ov_141 | 1.4389713779371007 × 10^278 |
| 140 | ov_140 | 1.7938736829222142 × 10^278 |
| 139 | ov_139 | 2.209725740946861 × 10^278 |
| 138 | ov_138 | 2.693047591954961 × 10^278 |
| 137 | ov_137 | 3.250726721712019 × 10^278 |
| 136 | ov_136 | 3.890036205318907 × 10^278 |
| 135 | ov_135 | 4.618656148393871 × 10^278 |
| 134 | ov_134 | 5.444698832254072 × 10^278 |
| 133 | ov_133 | 6.376738018108808 × 10^278 |
| 132 | ov_132 | 7.42384285914252 × 10^278 |
| 131 | ov_131 | 8.59561679910994 × 10^278 |
| 130 | ov_130 | 8.595623368389035 × 10^278 |
| 129 | ov_129 | 8.595643830784112 × 10^278 |
| 128 | aaa_77_29 | 9.433972264666186 × 10^278 |
| 127 | aaa_77_28 | 2.5189294985003923 × 10^279 |
| 126 | ov_126 | 7.893656853270572 × 10^279 |
| 125 | ov_125 | 1.7743513579543904 × 10^280 |
| 124 | ov_124 | 3.3805011950092777 × 10^280 |
| 123 | ov_123 | 5.781467740854689 × 10^280 |
| 122 | ov_122 | 9.15090766469832 × 10^280 |
| 121 | ov_121 | 1.366248769823806 × 10^281 |
| 120 | ov_120 | 1.9489894966992458 × 10^281 |
| 119 | ov_119 | 2.680685274563952 × 10^281 |
| 118 | ov_118 | 3.578714212085514 × 10^281 |
| 117 | ov_117 | 4.660463657636409 × 10^281 |
| 116 | ov_116 | 5.9433373251376344 × 10^281 |
| 115 | ov_115 | 7.4447690629218 × 10^281 |
| 114 | ov_114 | 9.182245158456104 × 10^281 |
| 113 | ov_113 | 1.1173336380367511 × 10^282 |
| 112 | ov_112 | 1.3435740959629783 × 10^282 |
| 111 | ov_111 | 1.598733971259387 × 10^282 |
| 110 | ov_110 | 1.8846264509995463 × 10^282 |
| 109 | ov_109 | 2.203098129870393 × 10^282 |
| 108 | ov_108 | 2.5560388887447636 × 10^282 |
| 107 | ov_107 | 2.945393471464355 × 10^282 |
| 106 | ov_106 | 3.373174882658668 × 10^282 |
| 105 | ov_105 | 3.841479730851286 × 10^282 |
| 104 | ov_104 | 4.3525056430415777 × 10^282 |
| 103 | ov_103 | 4.908570879508245 × 10^282 |
| 102 | ov_102 | 5.512136280861061 × 10^282 |
| 101 | ov_101 | 6.16582968347069 × 10^282 |
| 100 | ov_100 | 6.872472944448997 × 10^282 |
| 96 | aaa_78_29 | 7.007911839490188 × 10^282 |
| 99 | ov_099 | 7.635111723455424 × 10^282 |
| 98 | ov_098 | 7.635184585449724 × 10^282 |
| 97 | ov_097 | 7.63541291370673 × 10^282 |
| 95 | aaa_78_28 | 1.849424341021207 × 10^283 |
| 94 | ov_094 | 5.749855279319632 × 10^283 |
| 93 | ov_093 | 1.2826865644031202 × 10^284 |
| 92 | ov_092 | 2.4282329583757644 × 10^284 |
| 91 | ov_091 | 4.131826859647823 × 10^284 |
| 90 | ov_090 | 7.071764275077356 × 10^284 |
| 89 | ov_089 | 1.2724999294139074 × 10^285 |
| 88 | ov_088 | 2.2809441370366872 × 10^285 |
| 87 | ov_087 | 3.928459794572463 × 10^285 |
| 86 | ov_086 | 6.43526457721029 × 10^285 |
| 85 | ov_085 | 1.0046006870073136 × 10^286 |
| 84 | ov_084 | 1.5030000088714815 × 10^286 |
| 83 | ov_083 | 2.168154143682008 × 10^286 |
| 82 | ov_082 | 3.0320328998312933 × 10^286 |
| 81 | ov_081 | 4.129199106369498 × 10^286 |
| 80 | ov_080 | 5.496874159462532 × 10^286 |
| 64 | lv_79_k31 | 5.734322678322363 × 10^286 |
| 79 | ov_079 | 7.155733208759056 × 10^286 |
| 78 | ov_078 | 9.148568835859356 × 10^286 |
| 77 | ov_077 | 1.1521118429203793 × 10^287 |
| 76 | ov_076 | 1.4322194113121709 × 10^287 |
| 75 | ov_075 | 1.7603832269535287 × 10^287 |
| 74 | ov_074 | 2.1421464064539514 × 10^287 |
| 63 | ov_063 | 2.3702750972708876 × 10^287 |
| 73 | ov_073 | 2.5834108404763757 × 10^287 |
| 72 | ov_072 | 3.0874156811458102 × 10^287 |
| 71 | ov_071 | 3.660847949706592 × 10^287 |
| 70 | ov_070 | 4.310826241392111 × 10^287 |
| 69 | ov_069 | 5.044930463051362 × 10^287 |
| 68 | ov_068 | 5.87123456673486 × 10^287 |
| 67 | ov_067 | 6.7941776727070725 × 10^287 |
| 66 | ov_066 | 6.79418323335943 × 10^287 |
| 65 | ov_065 | 6.7942003903181794 × 10^287 |
| 62 | ov_062 | 9.794864401297265 × 10^287 |
| 61 | ov_061 | 2.9622594718391873 × 10^288 |
| 60 | ov_060 | 7.193851622637423 × 10^288 |
| 59 | ov_059 | 1.4949987521554101 × 10^289 |
| 58 | ov_058 | 2.7598688977413667 × 10^289 |
| 57 | ov_057 | 4.650798886039355 × 10^289 |
| 56 | ov_056 | 7.304595436421229 × 10^289 |
| 55 | ov_055 | 1.1620940144065488 × 10^290 |
| 54 | ov_054 | 1.9536027977941144 × 10^290 |
| 53 | ov_053 | 3.325974699764148 × 10^290 |
| 52 | ov_052 | 5.5275754940104935 × 10^290 |
| 51 | ov_051 | 8.834160123574938 × 10^290 |
| 50 | ov_050 | 1.3548893438177054 × 10^291 |
| 49 | ov_049 | 2.000238777126154 × 10^291 |
| 48 | ov_048 | 2.85527695792966 × 10^291 |
| 47 | ov_047 | 3.958578985484455 × 10^291 |
| 46 | ov_046 | 5.351499496299107 × 10^291 |
| 32 | lv_80_k31 | 5.64336965144113 × 10^291 |
| 45 | ov_045 | 7.05682287925593 × 10^291 |
| 44 | ov_044 | 9.098763372678381 × 10^291 |
| 43 | ov_043 | 1.1502991991340087 × 10^292 |
| 42 | ov_042 | 1.429667142851931 × 10^292 |
| 41 | ov_041 | 1.7535663009553332 × 10^292 |
| 40 | ov_040 | 2.127895485265419 × 10^292 |
| 31 | ov_031 | 2.3347832657055226 × 10^292 |
| 39 | ov_039 | 2.55887835682232 × 10^292 |
| 38 | ov_038 | 3.053078121552687 × 10^292 |
| 37 | ov_037 | 3.6174150867523235 × 10^292 |
| 36 | ov_036 | 4.2591874568631863 × 10^292 |
| 35 | ov_035 | 4.986095772260728 × 10^292 |
| 34 | ov_034 | 5.806271421287292 × 10^292 |
| 33 | ov_033 | 6.728309653311848 × 10^292 |
| 30 | ov_030 | 9.656575223812026 × 10^292 |
| 29 | ov_029 | 2.9226376850451422 × 10^293 |
| 28 | ov_028 | 7.103015000970184 × 10^293 |
| 27 | ov_027 | 1.4771811443013744 × 10^294 |
| 26 | ov_026 | 3.077467488002879 × 10^294 |
| 25 | ov_025 | 6.616014138886669 × 10^294 |
| 24 | ov_024 | 1.3469126420591584 × 10^295 |
| 23 | ov_023 | 2.528457396175583 × 10^295 |
| 22 | ov_022 | 4.398161784146462 × 10^295 |
| 21 | ov_021 | 7.175106119057224 × 10^295 |
| 20 | ov_020 | 1.1105533355814687 × 10^296 |
| 19 | ov_019 | 1.6462861989665915 × 10^296 |
| 18 | ov_018 | 2.354770527409118 × 10^296 |
| 17 | ov_017 | 3.268790194073998 × 10^296 |
| 16 | ov_016 | 4.423856927595993 × 10^296 |
| 15 | ov_015 | 5.858219437575283 × 10^296 |
| 14 | ov_014 | 7.612878235380586 × 10^296 |
| 13 | ov_013 | 9.731608246802377 × 10^296 |
| 12 | ov_012 | 1.2260991532318859 × 10^297 |
| 11 | ov_011 | 1.5250462650214867 × 10^297 |
| 10 | ov_010 | 1.875236941771955 × 10^297 |
| 9 | ov_009 | 2.2822052045991585 × 10^297 |
| 8 | ov_008 | 2.7517943632854893 × 10^297 |
| 7 | ov_007 | 3.29016945653918 × 10^297 |
| 6 | ov_006 | 3.903832291265193 × 10^297 |
| 5 | ov_005 | 4.599639280454484 × 10^297 |
| 4 | ov_004 | 5.384822318272598 × 10^297 |
| 3 | ov_003 | 6.267013026084036 × 10^297 |
| 2 | ov_002 | 7.250351807080083 × 10^297 |
| 1 | ov_001 | 8.339217776635426 × 10^297 |

