# Results for E002003-T005-T006-T007-T008-T009-T010-T011-T012-T013-T014-T015-T016-T017-T018-T019-T020-T021-T022-T023-T024-T025-T026-T027-T028-T029-T030-T031-T032-T033-T034-T035-T036-T037-T038-T039-T040-T041-T042-T043-T044-T045-T046-T047-T048-T049-T050-T051-T052-T053-T054-T055-T056-T057-T058-T059-T060-T061-T062-T063-T064-T065-T066-T067-T068-T069-T070-T071-T072-T073-T074-T075-T076-T077-T078-T079-T080-T081-T082-T083-T084-T085-T086-T087-T088-T089-T090-T091-T092-T093-T094-T095-T096-T097-T098-T099-T100-T101-T102-T103-T104-T105-T106-T107-T108-T109-T110-T111-T112-T113-T114-T115-T116-T117-T118-T119-T120-T121-T122-T123-T124-T125-T126-T127-T128-T129-T130-T131-T132-T133-T134-T135-T136-T137-T138-T139-T140-T141-T142-T143-T144-T145-T146-T147-T148-T149-T150-T151-T152-T153-T154-T155-T156-T157-T158-T159-T160-T161-T162-T163-T164-T165-T166-T167-T168-T169-T170-T171-T172-T173-T174-T175-T176-T177-T178-T179-T180-T181-T182-T183-T184-T185-T186-T187-T188-T189-T190-T191-T192-T193-T194-T195-T196-T197-T198-T199-T200-T201-T202-T203-T204-T205-T206-T207-T208-T209-T210-T211-T212-T213-T214-T215-T216-T217-T218-T219-T220-T221-T222-T223-T224-T225-T226-T227-T228-T229-T230-T231-T232-T233-T234-T235-T236-T237-T238-T239-T240-T241-T242-T243-T244-T245-T246-T247-T248-T249-T250-T251-T252-T253-T254-T255-T256-T257-T258-T259-T260-T261-T262-T263-T264-T265-T266-T267-T268-T269-T270-T271-T272-T273-T274-T275-T276-T277-T278-T279-T280-T281-T282-T283-T284-T285-T286-T287-T288-T289-T290-T291-T292-T293-T294-T295-T296-T297-T298-T299-T300-T301-T302-T303-T304-T305-T306-T307-T308-T309-T310-T311-T312-T313-T314-T315-T316-T317-T318-T319-T320-T321-T322-T323-T324-T325-T326-T327-T328-T329-T330-T331-T332-T333-T334-T335-T336-T337-T338-T339-T340-T341-T342-T343-T344-T345-T346-T347-T348-T349-T350-T351-T352-T353-T354-T355-T356-T357-T358-T359-T360-T361-T362-T363-T364-T365-T366-T367-T368-T369-T370-T371-T372-T373-T374-T375-T376-T377-T378-T379-T380-T381-T382-T383-T384-T385-T386-T387-T388-T389-T390-T391-T392-T393-T394-T395-T396-T397-T398-T399-T400-T401-T402-T403-T404-T405-T406-T407-T408-T409-T410-T411-T412-T413-T414-T415-T416-T417-T418-T419-T420-T421-T422-T423-T424-T425-T426-T427-T428-T429-T430-T431-T432-T433-T434-T435-T436-T437-T438-T439-T440-T441-T442-T443-T444-T445-T446-T447-T448-T449-T450-T451-T452-T453-T454-T455-T456-T457-T458-T459-T460-T461-T462-T463-T464-T465-T466-T467-T468-T469-T470-T471-T472-T473-T474-T475-T476-T477-T478-T479-T480-T481-T482-T483-T484-T485-T486-T487-T488-T489-T490-T491-T492-T493-T494-T495-T496-T497-T498-T499-T500-T501-T502-T503-T504-T505-T506-T507-T508-T509-T510-T511-T512

## Summary

Number of input bits: 512  
Number of free input bits: 3  
Number of output bits: 160

Number of direct occurrences: 14780  
Number of assignments: 37835  
Number of operations: 20645090
(xor: 20613485,
and: 15382,
or: 16223)

Total complexity: 2.3390684952290508 × 10^365

Least occurring input variable: iv_004 (4634)  
Most occurring input variable: iv_002 (5466)

Most co-occurring input variables: iv_001-iv_002 (2340)  
Least co-occurring input variables: iv_001-iv_004 (2109)

Potentially most occurring input variable: iv_002/iv_004 (5782)  
Potentially least occurring input variable: iv_001/iv_004 (5096)

Least output occurring input variable: iv_004 (79)  
Most output occurring input variable: iv_001 (82)

Most output co-occurring input variables: iv_001-iv_002 (44)  
Least output co-occurring input variables: iv_001-iv_004 (40)

Potentially most output occurring input variable: iv_001/iv_004 (81)  
Potentially least output occurring input variable: iv_001/iv_002 (75)

Least complex input bit: iv_001 (7.760564622826602 × 10^363)  
Most complex input bit: iv_002 (1.1377487601447043 × 10^365)

Least complex output bit: aaa_76_29 (1.0728415230723356 × 10^340)  
Most complex output bit: ov_001 (3.5653747527512443 × 10^364)

Least complex input/output complexity: iv_001/aaa_76_29 (3.559475058911978 × 10^338)  
Most complex input/output complexity: iv_002/ov_001 (1.734237673102742 × 10^364)

Input variable with highest collision probability: iv_001 (2^-160.0000000000008)

## Input Bits

### Input Bits in Regular Order

| Input Bit | Complexity | Occurrences | Output Occurrences | Collision Probability |
|:---------:|:----------:|:-----------:|:------------------:|:---------------------:|
| iv_001 | 7.760564622826602 × 10^363 | 4680 | 82 | 2^-160.0000000000008 |
| iv_002 | 1.1377487601447043 × 10^365 | 5466 | 81 | 2^-160.00000000000088 |
| iv_004 | 1.1237140888560797 × 10^365 | 4634 | 79 | 2^-160.00000000000102 |

### Input Bits Sorted by Complexity

| Input Bit | Complexity | Occurrences | Output Occurrences | Collision Probability |
|:---------:|:----------:|:-----------:|:------------------:|:---------------------:|
| iv_001 | 7.760564622826602 × 10^363 | 4680 | 82 | 2^-160.0000000000008 |
| iv_004 | 1.1237140888560797 × 10^365 | 4634 | 79 | 2^-160.00000000000102 |
| iv_002 | 1.1377487601447043 × 10^365 | 5466 | 81 | 2^-160.00000000000088 |

### Input Bits Sorted by Occurrences

| Input Bit | Complexity | Occurrences | Output Occurrences | Collision Probability |
|:---------:|:----------:|:-----------:|:------------------:|:---------------------:|
| iv_004 | 1.1237140888560797 × 10^365 | 4634 | 79 | 2^-160.00000000000102 |
| iv_001 | 7.760564622826602 × 10^363 | 4680 | 82 | 2^-160.0000000000008 |
| iv_002 | 1.1377487601447043 × 10^365 | 5466 | 81 | 2^-160.00000000000088 |

### Input Bits Sorted by Output Occurrences

| Input Bit | Complexity | Occurrences | Output Occurrences | Collision Probability |
|:---------:|:----------:|:-----------:|:------------------:|:---------------------:|
| iv_004 | 1.1237140888560797 × 10^365 | 4634 | 79 | 2^-160.00000000000102 |
| iv_002 | 1.1377487601447043 × 10^365 | 5466 | 81 | 2^-160.00000000000088 |
| iv_001 | 7.760564622826602 × 10^363 | 4680 | 82 | 2^-160.0000000000008 |

### Input Bits Sorted by Collision Probability

| Input Bit | Complexity | Occurrences | Output Occurrences | Collision Probability |
|:---------:|:----------:|:-----------:|:------------------:|:---------------------:|
| iv_001 | 7.760564622826602 × 10^363 | 4680 | 82 | 2^-160.0000000000008 |
| iv_002 | 1.1377487601447043 × 10^365 | 5466 | 81 | 2^-160.00000000000088 |
| iv_004 | 1.1237140888560797 × 10^365 | 4634 | 79 | 2^-160.00000000000102 |

## Input Bit Co-occurrences

### Input Bit Co-occurrences Sorted by Co-occurrences

| Input Bits | Co-occurrences | Potential Occurrences | Output Co-occurrences | Potential Output Occurrences |
|:----------:|:--------------:|:---------------------:|:---------------------:|:----------------------------:|
| iv_001-iv_002 | 2340 | 5466 | 44 | 75 |
| iv_002-iv_004 | 2159 | 5782 | 41 | 78 |
| iv_001-iv_004 | 2109 | 5096 | 40 | 81 |

### Input Bit Co-occurrences Sorted by Potential Occurrences

| Input Bits | Co-occurrences | Potential Occurrences | Output Co-occurrences | Potential Output Occurrences |
|:----------:|:--------------:|:---------------------:|:---------------------:|:----------------------------:|
| iv_001-iv_004 | 2109 | 5096 | 40 | 81 |
| iv_001-iv_002 | 2340 | 5466 | 44 | 75 |
| iv_002-iv_004 | 2159 | 5782 | 41 | 78 |

### Input Bit Output Co-occurrences Sorted by Output Co-occurrences

| Input Bits | Co-occurrences | Potential Occurrences | Output Co-occurrences | Potential Output Occurrences |
|:----------:|:--------------:|:---------------------:|:---------------------:|:----------------------------:|
| iv_001-iv_002 | 2340 | 5466 | 44 | 75 |
| iv_002-iv_004 | 2159 | 5782 | 41 | 78 |
| iv_001-iv_004 | 2109 | 5096 | 40 | 81 |

### Input Bit Output Co-occurrences Sorted by Potential Output Occurrences

| Input Bits | Co-occurrences | Potential Occurrences | Output Co-occurrences | Potential Output Occurrences |
|:----------:|:--------------:|:---------------------:|:---------------------:|:----------------------------:|
| iv_001-iv_002 | 2340 | 5466 | 44 | 75 |
| iv_002-iv_004 | 2159 | 5782 | 41 | 78 |
| iv_001-iv_004 | 2109 | 5096 | 40 | 81 |

## Output Bits

### Output Bits in Regular Order

| Rank | Output Bit | Complexity |
|:----:|:----------:|:----------:|
| 1 | ov_001 | 3.5653747527512443 × 10^364 |
| 2 | ov_002 | 3.1163231329335345 × 10^364 |
| 3 | ov_003 | 2.7100169372841235 × 10^364 |
| 4 | ov_004 | 2.3437546383657986 × 10^364 |
| 5 | ov_005 | 2.0149892106659852 × 10^364 |
| 6 | ov_006 | 1.7213166497991054 × 10^364 |
| 7 | ov_007 | 1.4604657878360422 × 10^364 |
| 8 | ov_008 | 1.2302893271861026 × 10^364 |
| 9 | ov_009 | 1.0287560196186981 × 10^364 |
| 10 | ov_010 | 8.539439209928554 × 10^363 |
| 11 | ov_011 | 7.04034656091832 × 10^363 |
| 12 | ov_012 | 5.773086179718716 × 10^363 |
| 13 | ov_013 | 4.7060776885284685 × 10^363 |
| 14 | ov_014 | 3.8095460453057444 × 10^363 |
| 15 | ov_015 | 3.0554748419449134 × 10^363 |
| 16 | ov_016 | 2.4175695063502174 × 10^363 |
| 17 | ov_017 | 1.883109177088737 × 10^363 |
| 18 | ov_018 | 1.4402134353510866 × 10^363 |
| 19 | ov_019 | 1.0778329034065996 × 10^363 |
| 20 | ov_020 | 7.857421879927204 × 10^362 |
| 21 | ov_021 | 5.545346361426701 × 10^362 |
| 22 | ov_022 | 3.756185523485505 × 10^362 |
| 23 | ov_023 | 2.4121462890725906 × 10^362 |
| 24 | ov_024 | 1.4435433650420692 × 10^362 |
| 25 | ov_025 | 7.887898795683996 × 10^361 |
| 26 | ov_026 | 3.943922891624233 × 10^361 |
| 27 | ov_027 | 1.7763526102715588 × 10^361 |
| 28 | ov_028 | 7.198303232942856 × 10^360 |
| 29 | ov_029 | 2.7078988647795776 × 10^360 |
| 30 | ov_030 | 8.217485998989636 × 10^359 |
| 31 | ov_031 | 1.111402666286535 × 10^359 |
| 32 | lv_80_m31 | 3.57510821025214 × 10^358 |
| 33 | ov_033 | 4.35358637231823 × 10^359 |
| 34 | ov_034 | 3.82552501609975 × 10^359 |
| 35 | ov_035 | 3.3440147244313644 × 10^359 |
| 36 | ov_036 | 2.9063473899282997 × 10^359 |
| 37 | ov_037 | 2.5099663658513865 × 10^359 |
| 38 | ov_038 | 2.1524555447711672 × 10^359 |
| 39 | ov_039 | 1.8315297823597774 × 10^359 |
| 40 | ov_040 | 1.545026548032344 × 10^359 |
| 41 | ov_041 | 1.2908986906131428 × 10^359 |
| 42 | ov_042 | 1.0672082133501422 × 10^359 |
| 43 | ov_043 | 8.721209584937853 × 10^358 |
| 44 | ov_044 | 7.039021073351597 × 10^358 |
| 45 | ov_045 | 5.609124071030741 × 10^358 |
| 46 | ov_046 | 4.416050414828647 × 10^358 |
| 47 | ov_047 | 3.4315392465051497 × 10^358 |
| 48 | ov_048 | 2.6290692801151445 × 10^358 |
| 49 | ov_049 | 1.9838295075529463 × 10^358 |
| 50 | ov_050 | 1.4726965760516182 × 10^358 |
| 51 | ov_051 | 1.0742177345087946 × 10^358 |
| 52 | ov_052 | 7.685983452231022 × 10^357 |
| 53 | ov_053 | 5.376930570821207 × 10^357 |
| 54 | ov_054 | 3.6499983554240075 × 10^357 |
| 55 | ov_055 | 2.356561439547428 × 10^357 |
| 56 | ov_056 | 1.4264022509736872 × 10^357 |
| 57 | ov_057 | 7.974852382832417 × 10^356 |
| 58 | ov_058 | 4.1595271534770346 × 10^356 |
| 59 | ov_059 | 1.9861636314508034 × 10^356 |
| 60 | ov_060 | 7.86377718930151 × 10^355 |
| 61 | ov_061 | 2.6685128092546245 × 10^355 |
| 62 | ov_062 | 8.072642747787648 × 10^354 |
| 63 | ov_063 | 1.7883592582112518 × 10^354 |
| 64 | lv_79_m31 | 3.489693422551493 × 10^353 |
| 65 | ov_065 | 4.2606480948161714 × 10^354 |
| 66 | ov_066 | 4.2606310058137445 × 10^354 |
| 67 | ov_067 | 4.2606255048350576 × 10^354 |
| 68 | ov_068 | 3.7144732045097484 × 10^354 |
| 69 | ov_069 | 3.2236310200742554 × 10^354 |
| 70 | ov_070 | 2.783932288689129 × 10^354 |
| 71 | ov_071 | 2.391450399647232 × 10^354 |
| 72 | ov_072 | 2.0424810573406675 × 10^354 |
| 73 | ov_073 | 1.7335265129180762 × 10^354 |
| 74 | ov_074 | 1.4612816525465467 × 10^354 |
| 75 | ov_075 | 1.222621836443335 × 10^354 |
| 76 | ov_076 | 1.0145923887840246 × 10^354 |
| 77 | ov_077 | 8.34399623404515 × 10^353 |
| 78 | ov_078 | 6.79403255210576 × 10^353 |
| 79 | ov_079 | 5.471100354040805 × 10^353 |
| 80 | ov_080 | 4.35168458733598 × 10^353 |
| 81 | ov_081 | 3.41364416776492 × 10^353 |
| 82 | ov_082 | 2.6361769689179628 × 10^353 |
| 83 | ov_083 | 1.9997922015265794 × 10^353 |
| 84 | ov_084 | 1.4862890514577512 × 10^353 |
| 85 | ov_085 | 1.0787405395845884 × 10^353 |
| 86 | ov_086 | 7.614816606285565 × 10^352 |
| 87 | ov_087 | 5.201009516605737 × 10^352 |
| 88 | ov_088 | 3.414347343485574 × 10^352 |
| 89 | ov_089 | 2.135633683226428 × 10^352 |
| 90 | ov_090 | 1.2580894624938331 × 10^352 |
| 91 | ov_091 | 6.873395439846023 × 10^351 |
| 92 | ov_092 | 3.414054607468175 × 10^351 |
| 93 | ov_093 | 1.5070198111134362 × 10^351 |
| 94 | ov_094 | 5.803581319497326 × 10^350 |
| 95 | aaa_78_28 | 1.860523350554566 × 10^350 |
| 96 | aaa_78_29 | 7.014947414362603 × 10^349 |
| 97 | ov_097 | 6.7580279246701355 × 10^349 |
| 98 | ov_098 | 6.758011941610817 × 10^349 |
| 99 | ov_099 | 6.7580067990993175 × 10^349 |
| 100 | ov_100 | 5.9514475741364435 × 10^349 |
| 101 | ov_101 | 5.214735446372229 × 10^349 |
| 102 | ov_102 | 4.54389777109089 × 10^349 |
| 103 | ov_103 | 3.9351932661429526 × 10^349 |
| 104 | ov_104 | 3.3850953973390607 × 10^349 |
| 105 | ov_105 | 2.890277550299997 × 10^349 |
| 106 | ov_106 | 2.4475998584540176 × 10^349 |
| 107 | ov_107 | 2.0540975639924938 × 10^349 |
| 108 | ov_108 | 1.7069707953742114 × 10^349 |
| 109 | ov_109 | 1.4035756514606726 × 10^349 |
| 110 | ov_110 | 1.1414164886186049 × 10^349 |
| 111 | ov_111 | 9.181393131859285 × 10^348 |
| 112 | ov_112 | 7.294396400337087 × 10^348 |
| 113 | ov_113 | 5.712719454337538 × 10^348 |
| 114 | ov_114 | 4.398428028449608 × 10^348 |
| 115 | ov_115 | 3.3160548106149533 × 10^348 |
| 116 | ov_116 | 2.448476992603236 × 10^348 |
| 117 | ov_117 | 1.7650478815658603 × 10^348 |
| 118 | ov_118 | 1.2374934925931912 × 10^348 |
| 119 | ov_119 | 8.398968941158511 × 10^347 |
| 120 | ov_120 | 5.486874802868714 × 10^347 |
| 121 | ov_121 | 3.4263378932792756 × 10^347 |
| 122 | ov_122 | 2.028388805143424 × 10^347 |
| 123 | ov_123 | 1.127375995607648 × 10^347 |
| 124 | ov_124 | 5.809515397109478 × 10^346 |
| 125 | ov_125 | 2.700646991002067 × 10^346 |
| 126 | ov_126 | 9.895945259814215 × 10^345 |
| 127 | aaa_77_28 | 2.558131533467908 × 10^345 |
| 128 | aaa_77_29 | 4.965656754247798 × 10^344 |
| 129 | ov_129 | 6.487978019829648 × 10^344 |
| 130 | ov_130 | 6.48795337693906 × 10^344 |
| 131 | ov_131 | 6.487947383116686 × 10^344 |
| 132 | ov_132 | 5.726000277993411 × 10^344 |
| 133 | ov_133 | 5.032602711506313 × 10^344 |
| 134 | ov_134 | 4.4031650858976535 × 10^344 |
| 135 | ov_135 | 3.833361454112651 × 10^344 |
| 136 | ov_136 | 3.319110304100363 × 10^344 |
| 137 | ov_137 | 2.856557494705608 × 10^344 |
| 138 | ov_138 | 2.4420611872242634 × 10^344 |
| 139 | ov_139 | 2.0721786248820512 × 10^344 |
| 140 | ov_140 | 1.7436546203466613 × 10^344 |
| 141 | ov_141 | 1.4534116189587548 × 10^344 |
| 142 | ov_142 | 1.1985412127224835 × 10^344 |
| 143 | ov_143 | 9.76296987274123 × 10^343 |
| 144 | ov_144 | 7.840885910835029 × 10^343 |
| 145 | ov_145 | 6.194769230663225 × 10^343 |
| 146 | ov_146 | 4.8017032074832566 × 10^343 |
| 147 | ov_147 | 3.640215978148425 × 10^343 |
| 148 | ov_148 | 2.6902577072723617 × 10^343 |
| 149 | ov_149 | 1.9331832742612937 × 10^343 |
| 150 | ov_150 | 1.3517391866055963 × 10^343 |
| 151 | ov_151 | 9.15557588994149 × 10^342 |
| 152 | ov_152 | 5.970165605657276 × 10^342 |
| 153 | ov_153 | 3.7123310207303897 × 10^342 |
| 154 | ov_154 | 2.160592375737202 × 10^342 |
| 155 | ov_155 | 1.1208010242572645 × 10^342 |
| 156 | aaa_76_25 | 4.261312348824235 × 10^341 |
| 157 | aaa_76_26 | 2.205164920390764 × 10^341 |
| 158 | aaa_76_27 | 9.977389884652761 × 10^340 |
| 159 | aaa_76_28 | 3.748321510418221 × 10^340 |
| 160 | aaa_76_29 | 1.0728415230723356 × 10^340 |

### Output Bits Sorted by Complexity

| Rank | Output Bit | Complexity |
|:----:|:----------:|:----------:|
| 160 | aaa_76_29 | 1.0728415230723356 × 10^340 |
| 159 | aaa_76_28 | 3.748321510418221 × 10^340 |
| 158 | aaa_76_27 | 9.977389884652761 × 10^340 |
| 157 | aaa_76_26 | 2.205164920390764 × 10^341 |
| 156 | aaa_76_25 | 4.261312348824235 × 10^341 |
| 155 | ov_155 | 1.1208010242572645 × 10^342 |
| 154 | ov_154 | 2.160592375737202 × 10^342 |
| 153 | ov_153 | 3.7123310207303897 × 10^342 |
| 152 | ov_152 | 5.970165605657276 × 10^342 |
| 151 | ov_151 | 9.15557588994149 × 10^342 |
| 150 | ov_150 | 1.3517391866055963 × 10^343 |
| 149 | ov_149 | 1.9331832742612937 × 10^343 |
| 148 | ov_148 | 2.6902577072723617 × 10^343 |
| 147 | ov_147 | 3.640215978148425 × 10^343 |
| 146 | ov_146 | 4.8017032074832566 × 10^343 |
| 145 | ov_145 | 6.194769230663225 × 10^343 |
| 144 | ov_144 | 7.840885910835029 × 10^343 |
| 143 | ov_143 | 9.76296987274123 × 10^343 |
| 142 | ov_142 | 1.1985412127224835 × 10^344 |
| 141 | ov_141 | 1.4534116189587548 × 10^344 |
| 140 | ov_140 | 1.7436546203466613 × 10^344 |
| 139 | ov_139 | 2.0721786248820512 × 10^344 |
| 138 | ov_138 | 2.4420611872242634 × 10^344 |
| 137 | ov_137 | 2.856557494705608 × 10^344 |
| 136 | ov_136 | 3.319110304100363 × 10^344 |
| 135 | ov_135 | 3.833361454112651 × 10^344 |
| 134 | ov_134 | 4.4031650858976535 × 10^344 |
| 128 | aaa_77_29 | 4.965656754247798 × 10^344 |
| 133 | ov_133 | 5.032602711506313 × 10^344 |
| 132 | ov_132 | 5.726000277993411 × 10^344 |
| 131 | ov_131 | 6.487947383116686 × 10^344 |
| 130 | ov_130 | 6.48795337693906 × 10^344 |
| 129 | ov_129 | 6.487978019829648 × 10^344 |
| 127 | aaa_77_28 | 2.558131533467908 × 10^345 |
| 126 | ov_126 | 9.895945259814215 × 10^345 |
| 125 | ov_125 | 2.700646991002067 × 10^346 |
| 124 | ov_124 | 5.809515397109478 × 10^346 |
| 123 | ov_123 | 1.127375995607648 × 10^347 |
| 122 | ov_122 | 2.028388805143424 × 10^347 |
| 121 | ov_121 | 3.4263378932792756 × 10^347 |
| 120 | ov_120 | 5.486874802868714 × 10^347 |
| 119 | ov_119 | 8.398968941158511 × 10^347 |
| 118 | ov_118 | 1.2374934925931912 × 10^348 |
| 117 | ov_117 | 1.7650478815658603 × 10^348 |
| 116 | ov_116 | 2.448476992603236 × 10^348 |
| 115 | ov_115 | 3.3160548106149533 × 10^348 |
| 114 | ov_114 | 4.398428028449608 × 10^348 |
| 113 | ov_113 | 5.712719454337538 × 10^348 |
| 112 | ov_112 | 7.294396400337087 × 10^348 |
| 111 | ov_111 | 9.181393131859285 × 10^348 |
| 110 | ov_110 | 1.1414164886186049 × 10^349 |
| 109 | ov_109 | 1.4035756514606726 × 10^349 |
| 108 | ov_108 | 1.7069707953742114 × 10^349 |
| 107 | ov_107 | 2.0540975639924938 × 10^349 |
| 106 | ov_106 | 2.4475998584540176 × 10^349 |
| 105 | ov_105 | 2.890277550299997 × 10^349 |
| 104 | ov_104 | 3.3850953973390607 × 10^349 |
| 103 | ov_103 | 3.9351932661429526 × 10^349 |
| 102 | ov_102 | 4.54389777109089 × 10^349 |
| 101 | ov_101 | 5.214735446372229 × 10^349 |
| 100 | ov_100 | 5.9514475741364435 × 10^349 |
| 99 | ov_099 | 6.7580067990993175 × 10^349 |
| 98 | ov_098 | 6.758011941610817 × 10^349 |
| 97 | ov_097 | 6.7580279246701355 × 10^349 |
| 96 | aaa_78_29 | 7.014947414362603 × 10^349 |
| 95 | aaa_78_28 | 1.860523350554566 × 10^350 |
| 94 | ov_094 | 5.803581319497326 × 10^350 |
| 93 | ov_093 | 1.5070198111134362 × 10^351 |
| 92 | ov_092 | 3.414054607468175 × 10^351 |
| 91 | ov_091 | 6.873395439846023 × 10^351 |
| 90 | ov_090 | 1.2580894624938331 × 10^352 |
| 89 | ov_089 | 2.135633683226428 × 10^352 |
| 88 | ov_088 | 3.414347343485574 × 10^352 |
| 87 | ov_087 | 5.201009516605737 × 10^352 |
| 86 | ov_086 | 7.614816606285565 × 10^352 |
| 85 | ov_085 | 1.0787405395845884 × 10^353 |
| 84 | ov_084 | 1.4862890514577512 × 10^353 |
| 83 | ov_083 | 1.9997922015265794 × 10^353 |
| 82 | ov_082 | 2.6361769689179628 × 10^353 |
| 81 | ov_081 | 3.41364416776492 × 10^353 |
| 64 | lv_79_m31 | 3.489693422551493 × 10^353 |
| 80 | ov_080 | 4.35168458733598 × 10^353 |
| 79 | ov_079 | 5.471100354040805 × 10^353 |
| 78 | ov_078 | 6.79403255210576 × 10^353 |
| 77 | ov_077 | 8.34399623404515 × 10^353 |
| 76 | ov_076 | 1.0145923887840246 × 10^354 |
| 75 | ov_075 | 1.222621836443335 × 10^354 |
| 74 | ov_074 | 1.4612816525465467 × 10^354 |
| 73 | ov_073 | 1.7335265129180762 × 10^354 |
| 63 | ov_063 | 1.7883592582112518 × 10^354 |
| 72 | ov_072 | 2.0424810573406675 × 10^354 |
| 71 | ov_071 | 2.391450399647232 × 10^354 |
| 70 | ov_070 | 2.783932288689129 × 10^354 |
| 69 | ov_069 | 3.2236310200742554 × 10^354 |
| 68 | ov_068 | 3.7144732045097484 × 10^354 |
| 67 | ov_067 | 4.2606255048350576 × 10^354 |
| 66 | ov_066 | 4.2606310058137445 × 10^354 |
| 65 | ov_065 | 4.2606480948161714 × 10^354 |
| 62 | ov_062 | 8.072642747787648 × 10^354 |
| 61 | ov_061 | 2.6685128092546245 × 10^355 |
| 60 | ov_060 | 7.86377718930151 × 10^355 |
| 59 | ov_059 | 1.9861636314508034 × 10^356 |
| 58 | ov_058 | 4.1595271534770346 × 10^356 |
| 57 | ov_057 | 7.974852382832417 × 10^356 |
| 56 | ov_056 | 1.4264022509736872 × 10^357 |
| 55 | ov_055 | 2.356561439547428 × 10^357 |
| 54 | ov_054 | 3.6499983554240075 × 10^357 |
| 53 | ov_053 | 5.376930570821207 × 10^357 |
| 52 | ov_052 | 7.685983452231022 × 10^357 |
| 51 | ov_051 | 1.0742177345087946 × 10^358 |
| 50 | ov_050 | 1.4726965760516182 × 10^358 |
| 49 | ov_049 | 1.9838295075529463 × 10^358 |
| 48 | ov_048 | 2.6290692801151445 × 10^358 |
| 47 | ov_047 | 3.4315392465051497 × 10^358 |
| 32 | lv_80_m31 | 3.57510821025214 × 10^358 |
| 46 | ov_046 | 4.416050414828647 × 10^358 |
| 45 | ov_045 | 5.609124071030741 × 10^358 |
| 44 | ov_044 | 7.039021073351597 × 10^358 |
| 43 | ov_043 | 8.721209584937853 × 10^358 |
| 42 | ov_042 | 1.0672082133501422 × 10^359 |
| 31 | ov_031 | 1.111402666286535 × 10^359 |
| 41 | ov_041 | 1.2908986906131428 × 10^359 |
| 40 | ov_040 | 1.545026548032344 × 10^359 |
| 39 | ov_039 | 1.8315297823597774 × 10^359 |
| 38 | ov_038 | 2.1524555447711672 × 10^359 |
| 37 | ov_037 | 2.5099663658513865 × 10^359 |
| 36 | ov_036 | 2.9063473899282997 × 10^359 |
| 35 | ov_035 | 3.3440147244313644 × 10^359 |
| 34 | ov_034 | 3.82552501609975 × 10^359 |
| 33 | ov_033 | 4.35358637231823 × 10^359 |
| 30 | ov_030 | 8.217485998989636 × 10^359 |
| 29 | ov_029 | 2.7078988647795776 × 10^360 |
| 28 | ov_028 | 7.198303232942856 × 10^360 |
| 27 | ov_027 | 1.7763526102715588 × 10^361 |
| 26 | ov_026 | 3.943922891624233 × 10^361 |
| 25 | ov_025 | 7.887898795683996 × 10^361 |
| 24 | ov_024 | 1.4435433650420692 × 10^362 |
| 23 | ov_023 | 2.4121462890725906 × 10^362 |
| 22 | ov_022 | 3.756185523485505 × 10^362 |
| 21 | ov_021 | 5.545346361426701 × 10^362 |
| 20 | ov_020 | 7.857421879927204 × 10^362 |
| 19 | ov_019 | 1.0778329034065996 × 10^363 |
| 18 | ov_018 | 1.4402134353510866 × 10^363 |
| 17 | ov_017 | 1.883109177088737 × 10^363 |
| 16 | ov_016 | 2.4175695063502174 × 10^363 |
| 15 | ov_015 | 3.0554748419449134 × 10^363 |
| 14 | ov_014 | 3.8095460453057444 × 10^363 |
| 13 | ov_013 | 4.7060776885284685 × 10^363 |
| 12 | ov_012 | 5.773086179718716 × 10^363 |
| 11 | ov_011 | 7.04034656091832 × 10^363 |
| 10 | ov_010 | 8.539439209928554 × 10^363 |
| 9 | ov_009 | 1.0287560196186981 × 10^364 |
| 8 | ov_008 | 1.2302893271861026 × 10^364 |
| 7 | ov_007 | 1.4604657878360422 × 10^364 |
| 6 | ov_006 | 1.7213166497991054 × 10^364 |
| 5 | ov_005 | 2.0149892106659852 × 10^364 |
| 4 | ov_004 | 2.3437546383657986 × 10^364 |
| 3 | ov_003 | 2.7100169372841235 × 10^364 |
| 2 | ov_002 | 3.1163231329335345 × 10^364 |
| 1 | ov_001 | 3.5653747527512443 × 10^364 |

