# Results for F001-F002-F003-F004-F005-F006-F007-F008-F009-F010-F011-F012-F013-F014-F015-F016-F017-F018-F019-F020-F021-F022-F023-F024-F025-F026-F027-F028-F029-F030-F031-F032-F033-F034-F035-F036-F037-F038-F039-F040-F041-F042-F043-F044-F045-F046-F047-F048-F049-F050-F051-F052-F053-F054-F055-F056-F057-F058-F059-F060-F061-F062-F063-F064-F065-F066-F067-F068-F069-F070-F071-F072-F073-F074-F075-F076-F077-F078-F079-F080-F081-F082-F083-F084-F085-F086-F087-F088-F089-F090-F091-F092-F093-F094-F095-F096-F097-F098-F099-F100-F101-F102-F103-F104-F105-F106-F107-F108-F109-F110-F111-F112-F113-F114-F115-F116-F117-F118-F119-F120-F121-F122-F123-F124-F125-F126-F127-F128-F129-F130-F131-F132-F133-F134-F135-F136-F137-F138-F139-F140-F141-F142-F143-F144-F145-F146-F147-F148-F149-F150-F151-F152-F153-F154-F155-F156-F157-F158-F159-F160-F161-F162-F163-F164-F165-F166-F167-F168-F169-F170-F171-F172-F173-F174-F175-F176-F177-F178-F179-F180-F181-F182-F183-F184-F185-F186-F187-F188-F189-F190-F191-F192-F193-F194-F195-F196-F197-F198-F199-F200-F201-F202-F203-F204-F205-F206-F207-F208-F209-F210-F211-F212-F213-F214-F215-F216-F217-F218-F219-F220-F221-F222-F223-F224-F225-F226-F227-F228-F229-F230-F231-F232-F233-F234-F235-F236-F237-F238-F239-F240-F241-F242-F243-F244-F245-F246-F247-F248-F249-F250-F251-F252-F253-F254-F255-F256-F257-F258-F259-F260-F261-F262-F263-F264-F265-F266-F267-F268-F269-F270-F271-F272-F273-F274-F275-F276-F277-F278-F279-F280-F281-F282-F283-F284-F285-F286-F287-F288-F289-F290-F291-F292-F293-F294-F295-F296-F297-F298-F299-F300-F301-F302-F303-F304-F305-F306-F307-F308-F309-F310-F311-F312-F313-F314-F315-F316-F317-F318-F319-F320-F321-F322-F323-F324-F325-F326-F327-F328-F329-F330-F331-F332-F333-F334-F335-F336-F337-F338-F339-F340-F341-F342-F343-F344-F345-F346-F347-F348-F349-F350-F351-F352-F353-F354-F355-F356-F357-F358-F359-F360-F361-F362-F363-F364-F365-F366-F367-F368-F369-F370-F371-F372-F373-F374-F375-F376-F377-F378-F379-F380-F381-F382-F383-F384-F385-F386-F387-F388-F389-F390-F391-F392-F393-F394-F395-F396-F397-F398-F399-F400-F401-F402-F403-F404-F405-F406-F407-F408-F409-F410-F411-F412-F413-F414-F415-F416-F417-F418-F419-F420-F421-F422-F423-F424-F425-F426-F427-F428-F429-F430-F431-F432-F433-F434-F435-F436-F437-F438-F439-F440-F441-F442-F443-F444-F445-F446-F447-F448-F449-F450-F451-F452-F453-F454-F455-F456-F457-F458-F459-F460-F461-F462-F463-F464-F465-F466-F467-F468-F469-F470-F471-F472-F473-F474-F475-F476-F477-F478-F479-F480-F481-F482-F483-F484-F485-F486-F487-F488-F489-F490-F491-F492-F493-F494-F495-F496-F497-F498-F499-F500-F501-F502-F503-F504-F505-F506-F507-F508-E510511

## Summary

Number of input bits: 512  
Number of free input bits: 3  
Number of output bits: 160

Number of direct occurrences: 12737  
Number of assignments: 29778  
Number of operations: 10830521
(xor: 10805672,
and: 12547,
or: 12302)

Total complexity: 6.493058222021497 × 10^293

Least occurring input variable: iv_509 (4063)  
Most occurring input variable: iv_510 (4423)

Most co-occurring input variables: iv_510-iv_512 (2083)  
Least co-occurring input variables: iv_509-iv_512 (1919)

Potentially most occurring input variable: iv_510/iv_512 (4508)  
Potentially least occurring input variable: iv_509/iv_510 (4432)

Least output occurring input variable: iv_510 (70)  
Most output occurring input variable: iv_509 (74)

Most output co-occurring input variables: iv_509-iv_510 (38)  
Least output co-occurring input variables: iv_509-iv_512 (30)

Potentially most output occurring input variable: iv_509/iv_512 (86)  
Potentially least output occurring input variable: iv_509/iv_510 (68)

Least complex input bit: iv_512 (1.393946984432364 × 10^293)  
Most complex input bit: iv_510 (3.245700269372231 × 10^293)

Least complex output bit: aaa_76_29 (1.6491630161095618 × 10^269)  
Most complex output bit: ov_001 (9.794405344772204 × 10^292)

Least complex input/output complexity: iv_512/aaa_76_29 (3.5404669641597626 × 10^268)  
Most complex input/output complexity: iv_510/ov_001 (4.895952412385851 × 10^292)

Input variable with highest collision probability: iv_509 (2^-160.00000000000068)

## Input Bits

### Input Bits in Regular Order

| Input Bit | Complexity | Occurrences | Output Occurrences | Collision Probability |
|:---------:|:----------:|:-----------:|:------------------:|:---------------------:|
| iv_509 | 1.8534109682169097 × 10^293 | 4063 | 74 | 2^-160.00000000000068 |
| iv_510 | 3.245700269372231 × 10^293 | 4423 | 70 | 2^-160.00000000000077 |
| iv_512 | 1.393946984432364 × 10^293 | 4251 | 72 | 2^-160.00000000000097 |

### Input Bits Sorted by Complexity

| Input Bit | Complexity | Occurrences | Output Occurrences | Collision Probability |
|:---------:|:----------:|:-----------:|:------------------:|:---------------------:|
| iv_512 | 1.393946984432364 × 10^293 | 4251 | 72 | 2^-160.00000000000097 |
| iv_509 | 1.8534109682169097 × 10^293 | 4063 | 74 | 2^-160.00000000000068 |
| iv_510 | 3.245700269372231 × 10^293 | 4423 | 70 | 2^-160.00000000000077 |

### Input Bits Sorted by Occurrences

| Input Bit | Complexity | Occurrences | Output Occurrences | Collision Probability |
|:---------:|:----------:|:-----------:|:------------------:|:---------------------:|
| iv_509 | 1.8534109682169097 × 10^293 | 4063 | 74 | 2^-160.00000000000068 |
| iv_512 | 1.393946984432364 × 10^293 | 4251 | 72 | 2^-160.00000000000097 |
| iv_510 | 3.245700269372231 × 10^293 | 4423 | 70 | 2^-160.00000000000077 |

### Input Bits Sorted by Output Occurrences

| Input Bit | Complexity | Occurrences | Output Occurrences | Collision Probability |
|:---------:|:----------:|:-----------:|:------------------:|:---------------------:|
| iv_510 | 3.245700269372231 × 10^293 | 4423 | 70 | 2^-160.00000000000077 |
| iv_512 | 1.393946984432364 × 10^293 | 4251 | 72 | 2^-160.00000000000097 |
| iv_509 | 1.8534109682169097 × 10^293 | 4063 | 74 | 2^-160.00000000000068 |

### Input Bits Sorted by Collision Probability

| Input Bit | Complexity | Occurrences | Output Occurrences | Collision Probability |
|:---------:|:----------:|:-----------:|:------------------:|:---------------------:|
| iv_509 | 1.8534109682169097 × 10^293 | 4063 | 74 | 2^-160.00000000000068 |
| iv_510 | 3.245700269372231 × 10^293 | 4423 | 70 | 2^-160.00000000000077 |
| iv_512 | 1.393946984432364 × 10^293 | 4251 | 72 | 2^-160.00000000000097 |

## Input Bit Co-occurrences

### Input Bit Co-occurrences Sorted by Co-occurrences

| Input Bits | Co-occurrences | Potential Occurrences | Output Co-occurrences | Potential Output Occurrences |
|:----------:|:--------------:|:---------------------:|:---------------------:|:----------------------------:|
| iv_510-iv_512 | 2083 | 4508 | 32 | 78 |
| iv_509-iv_510 | 2027 | 4432 | 38 | 68 |
| iv_509-iv_512 | 1919 | 4476 | 30 | 86 |

### Input Bit Co-occurrences Sorted by Potential Occurrences

| Input Bits | Co-occurrences | Potential Occurrences | Output Co-occurrences | Potential Output Occurrences |
|:----------:|:--------------:|:---------------------:|:---------------------:|:----------------------------:|
| iv_509-iv_510 | 2027 | 4432 | 38 | 68 |
| iv_509-iv_512 | 1919 | 4476 | 30 | 86 |
| iv_510-iv_512 | 2083 | 4508 | 32 | 78 |

### Input Bit Output Co-occurrences Sorted by Output Co-occurrences

| Input Bits | Co-occurrences | Potential Occurrences | Output Co-occurrences | Potential Output Occurrences |
|:----------:|:--------------:|:---------------------:|:---------------------:|:----------------------------:|
| iv_509-iv_510 | 2027 | 4432 | 38 | 68 |
| iv_510-iv_512 | 2083 | 4508 | 32 | 78 |
| iv_509-iv_512 | 1919 | 4476 | 30 | 86 |

### Input Bit Output Co-occurrences Sorted by Potential Output Occurrences

| Input Bits | Co-occurrences | Potential Occurrences | Output Co-occurrences | Potential Output Occurrences |
|:----------:|:--------------:|:---------------------:|:---------------------:|:----------------------------:|
| iv_509-iv_510 | 2027 | 4432 | 38 | 68 |
| iv_510-iv_512 | 2083 | 4508 | 32 | 78 |
| iv_509-iv_512 | 1919 | 4476 | 30 | 86 |

## Output Bits

### Output Bits in Regular Order

| Rank | Output Bit | Complexity |
|:----:|:----------:|:----------:|
| 1 | ov_001 | 9.794405344772204 × 10^292 |
| 2 | ov_002 | 8.615784392541536 × 10^292 |
| 3 | ov_003 | 7.53959318885353 × 10^292 |
| 4 | ov_004 | 6.560186432487333 × 10^292 |
| 5 | ov_005 | 5.67222742616752 × 10^292 |
| 6 | ov_006 | 4.870665737070318 × 10^292 |
| 7 | ov_007 | 4.1507179894401847 × 10^292 |
| 8 | ov_008 | 3.5078514406393715 × 10^292 |
| 9 | ov_009 | 2.937769961624357 × 10^292 |
| 10 | ov_010 | 2.4364020630262497 × 10^292 |
| 11 | ov_011 | 1.9998906663999723 × 10^292 |
| 12 | ov_012 | 1.6245844146237 × 10^292 |
| 13 | ov_013 | 1.3037697714522623 × 10^292 |
| 14 | ov_014 | 1.0311129269051753 × 10^292 |
| 15 | ov_015 | 8.03540665574187 × 10^291 |
| 16 | ov_016 | 6.154535645366031 × 10^291 |
| 17 | ov_017 | 4.616102826783604 × 10^291 |
| 18 | ov_018 | 3.371234018377374 × 10^291 |
| 19 | ov_019 | 2.3963725394885888 × 10^291 |
| 20 | ov_020 | 1.6496435410614487 × 10^291 |
| 21 | ov_021 | 1.0926499586592283 × 10^291 |
| 22 | ov_022 | 6.904657493550782 × 10^290 |
| 23 | ov_023 | 4.116321694538063 × 10^290 |
| 24 | ov_024 | 2.2815559231598744 × 10^290 |
| 25 | ov_025 | 1.1550614434719448 × 10^290 |
| 26 | ov_026 | 5.261688490765863 × 10^289 |
| 27 | ov_027 | 2.1883365059293033 × 10^289 |
| 28 | ov_028 | 9.163422263379648 × 10^288 |
| 29 | ov_029 | 3.777101725317061 × 10^288 |
| 30 | ov_030 | 1.2499732292176844 × 10^288 |
| 31 | ov_031 | 3.0267583295865814 × 10^287 |
| 32 | lv_80_m31 | 7.325432805934279 × 10^286 |
| 33 | ov_033 | 8.702038313351977 × 10^287 |
| 34 | ov_034 | 7.543524923954071 × 10^287 |
| 35 | ov_035 | 6.501788876884108 × 10^287 |
| 36 | ov_036 | 5.5697170377495524 × 10^287 |
| 37 | ov_037 | 4.740588550236161 × 10^287 |
| 38 | ov_038 | 4.008045269542534 × 10^287 |
| 39 | ov_039 | 3.3660660094947795 × 10^287 |
| 40 | ov_040 | 2.8089443831918772 × 10^287 |
| 41 | ov_041 | 2.3312699848636554 × 10^287 |
| 42 | ov_042 | 1.923049387259309 × 10^287 |
| 43 | ov_043 | 1.5748124113443286 × 10^287 |
| 44 | ov_044 | 1.2775925158686211 × 10^287 |
| 45 | ov_045 | 1.0229109377943577 × 10^287 |
| 46 | ov_046 | 8.066484740761253 × 10^286 |
| 47 | ov_047 | 6.2492067606517 × 10^286 |
| 48 | ov_048 | 4.740734588028807 × 10^286 |
| 49 | ov_049 | 3.506796910015795 × 10^286 |
| 50 | ov_050 | 2.515365761475454 × 10^286 |
| 51 | ov_051 | 1.7366369744116523 × 10^286 |
| 52 | ov_052 | 1.143016337117035 × 10^286 |
| 53 | ov_053 | 7.091104570869829 × 10^285 |
| 54 | ov_054 | 4.11721099356209 × 10^285 |
| 55 | ov_055 | 2.2984188121222368 × 10^285 |
| 56 | ov_056 | 1.280293514271032 × 10^285 |
| 57 | ov_057 | 7.521782962063496 × 10^284 |
| 58 | ov_058 | 4.471857050567918 × 10^284 |
| 59 | ov_059 | 2.428135961499095 × 10^284 |
| 60 | ov_060 | 1.1718092671975569 × 10^284 |
| 61 | ov_061 | 4.84068536802882 × 10^283 |
| 62 | ov_062 | 1.6056829186866026 × 10^283 |
| 63 | ov_063 | 3.898475834746295 × 10^282 |
| 64 | lv_79_m31 | 9.461274777936538 × 10^281 |
| 65 | ov_065 | 1.109328185434591 × 10^283 |
| 66 | ov_066 | 1.109325088606425 × 10^283 |
| 67 | ov_067 | 1.1093240850624029 × 10^283 |
| 68 | ov_068 | 9.646997402646385 × 10^282 |
| 69 | ov_069 | 8.337324326428695 × 10^282 |
| 70 | ov_070 | 7.156202859886908 × 10^282 |
| 71 | ov_071 | 6.096109462447996 × 10^282 |
| 72 | ov_072 | 5.149981983293143 × 10^282 |
| 73 | ov_073 | 4.311188763104344 × 10^282 |
| 74 | ov_074 | 3.5735005146317726 × 10^282 |
| 75 | ov_075 | 2.9310648341271595 × 10^282 |
| 76 | ov_076 | 2.3783832012280864 × 10^282 |
| 77 | ov_077 | 1.9102903293621712 × 10^282 |
| 78 | ov_078 | 1.5173836975537153 × 10^282 |
| 79 | ov_079 | 1.1908432939698085 × 10^282 |
| 80 | ov_080 | 9.224046554768421 × 10^281 |
| 81 | ov_081 | 7.043354347124108 × 10^281 |
| 82 | ov_082 | 5.294152418597452 × 10^281 |
| 83 | ov_083 | 3.909185096076669 × 10^281 |
| 84 | ov_084 | 2.826001306100967 × 10^281 |
| 85 | ov_085 | 1.9868361725978774 × 10^281 |
| 86 | ov_086 | 1.338515338822907 × 10^281 |
| 87 | ov_087 | 8.555886386822049 × 10^280 |
| 88 | ov_088 | 5.148469496943559 × 10^280 |
| 89 | ov_089 | 2.9529745328290376 × 10^280 |
| 90 | ov_090 | 1.6153818443830137 × 10^280 |
| 91 | ov_091 | 8.253278941896538 × 10^279 |
| 92 | ov_092 | 4.38526185112885 × 10^279 |
| 93 | ov_093 | 2.31627523760298 × 10^279 |
| 94 | ov_094 | 1.038209885953472 × 10^279 |
| 95 | aaa_78_28 | 3.339051518407918 × 10^278 |
| 96 | aaa_78_29 | 1.2650798116081336 × 10^278 |
| 97 | ov_097 | 1.3781743034687133 × 10^278 |
| 98 | ov_098 | 1.3781318825189612 × 10^278 |
| 99 | ov_099 | 1.3781182690542677 × 10^278 |
| 100 | ov_100 | 1.2401918971989105 × 10^278 |
| 101 | ov_101 | 1.1124720583784865 × 10^278 |
| 102 | ov_102 | 9.943887217859917 × 10^277 |
| 103 | ov_103 | 8.854147100688963 × 10^277 |
| 104 | ov_104 | 7.850603077010548 × 10^277 |
| 105 | ov_105 | 6.928682099112409 × 10^277 |
| 106 | ov_106 | 6.084089178761021 × 10^277 |
| 107 | ov_107 | 5.312766176954331 × 10^277 |
| 108 | ov_108 | 4.610855160332632 × 10^277 |
| 109 | ov_109 | 3.974665571881511 × 10^277 |
| 110 | ov_110 | 3.400644470882195 × 10^277 |
| 111 | ov_111 | 2.8853500835440575 × 10^277 |
| 112 | ov_112 | 2.4254289101421645 × 10^277 |
| 113 | ov_113 | 2.0175961474019066 × 10^277 |
| 114 | ov_114 | 1.6586191872992662 × 10^277 |
| 115 | ov_115 | 1.3453039551892232 × 10^277 |
| 116 | ov_116 | 1.0744838513816861 × 10^277 |
| 117 | ov_117 | 8.430110610720421 × 10^276 |
| 118 | ov_118 | 6.477499980021123 × 10^276 |
| 119 | ov_119 | 4.855726474717929 × 10^276 |
| 120 | ov_120 | 3.5335541022009 × 10^276 |
| 121 | ov_121 | 2.4797704875461418 × 10^276 |
| 122 | ov_122 | 1.6631756049719489 × 10^276 |
| 123 | ov_123 | 1.0525764929504526 × 10^276 |
| 124 | ov_124 | 6.167841778821237 × 10^275 |
| 125 | ov_125 | 3.246116554836579 × 10^275 |
| 126 | ov_126 | 1.4487272952905405 × 10^275 |
| 127 | aaa_77_28 | 4.63814621087668 × 10^274 |
| 128 | aaa_77_29 | 1.7451265791231638 × 10^274 |
| 129 | ov_129 | 1.610409270563037 × 10^274 |
| 130 | ov_130 | 1.610405255522889 × 10^274 |
| 131 | ov_131 | 1.610403964045632 × 10^274 |
| 132 | ov_132 | 1.405602102176729 × 10^274 |
| 133 | ov_133 | 1.2193826990681646 × 10^274 |
| 134 | ov_134 | 1.0507650199254996 × 10^274 |
| 135 | ov_135 | 8.988248163192509 × 10^273 |
| 136 | ov_136 | 7.626901693688895 × 10^273 |
| 137 | ov_137 | 6.415377920590966 × 10^273 |
| 138 | ov_138 | 5.345897596790711 × 10^273 |
| 139 | ov_139 | 4.41110639016688 × 10^273 |
| 140 | ov_140 | 3.604049885075328 × 10^273 |
| 141 | ov_141 | 2.91193599051286 × 10^273 |
| 142 | ov_142 | 2.3226772483699265 × 10^273 |
| 143 | ov_143 | 1.82486279907228 × 10^273 |
| 144 | ov_144 | 1.4077355842350364 × 10^273 |
| 145 | ov_145 | 1.0660779869025723 × 10^273 |
| 146 | ov_146 | 7.903901353897298 × 10^272 |
| 147 | ov_147 | 5.717828621234109 × 10^272 |
| 148 | ov_148 | 4.019696015723435 × 10^272 |
| 149 | ov_149 | 2.7326044439863326 × 10^272 |
| 150 | ov_150 | 1.785578667669852 × 10^272 |
| 151 | ov_151 | 1.1135377832012956 × 10^272 |
| 152 | ov_152 | 6.572762854337032 × 10^271 |
| 153 | ov_153 | 3.6345313874914253 × 10^271 |
| 154 | ov_154 | 1.8458612091977856 × 10^271 |
| 155 | ov_155 | 7.904909129551302 × 10^270 |
| 156 | aaa_76_25 | 2.7492814236157953 × 10^270 |
| 157 | aaa_76_26 | 1.6924503610845274 × 10^270 |
| 158 | aaa_76_27 | 9.283014722237725 × 10^269 |
| 159 | aaa_76_28 | 4.376933050183062 × 10^269 |
| 160 | aaa_76_29 | 1.6491630161095618 × 10^269 |

### Output Bits Sorted by Complexity

| Rank | Output Bit | Complexity |
|:----:|:----------:|:----------:|
| 160 | aaa_76_29 | 1.6491630161095618 × 10^269 |
| 159 | aaa_76_28 | 4.376933050183062 × 10^269 |
| 158 | aaa_76_27 | 9.283014722237725 × 10^269 |
| 157 | aaa_76_26 | 1.6924503610845274 × 10^270 |
| 156 | aaa_76_25 | 2.7492814236157953 × 10^270 |
| 155 | ov_155 | 7.904909129551302 × 10^270 |
| 154 | ov_154 | 1.8458612091977856 × 10^271 |
| 153 | ov_153 | 3.6345313874914253 × 10^271 |
| 152 | ov_152 | 6.572762854337032 × 10^271 |
| 151 | ov_151 | 1.1135377832012956 × 10^272 |
| 150 | ov_150 | 1.785578667669852 × 10^272 |
| 149 | ov_149 | 2.7326044439863326 × 10^272 |
| 148 | ov_148 | 4.019696015723435 × 10^272 |
| 147 | ov_147 | 5.717828621234109 × 10^272 |
| 146 | ov_146 | 7.903901353897298 × 10^272 |
| 145 | ov_145 | 1.0660779869025723 × 10^273 |
| 144 | ov_144 | 1.4077355842350364 × 10^273 |
| 143 | ov_143 | 1.82486279907228 × 10^273 |
| 142 | ov_142 | 2.3226772483699265 × 10^273 |
| 141 | ov_141 | 2.91193599051286 × 10^273 |
| 140 | ov_140 | 3.604049885075328 × 10^273 |
| 139 | ov_139 | 4.41110639016688 × 10^273 |
| 138 | ov_138 | 5.345897596790711 × 10^273 |
| 137 | ov_137 | 6.415377920590966 × 10^273 |
| 136 | ov_136 | 7.626901693688895 × 10^273 |
| 135 | ov_135 | 8.988248163192509 × 10^273 |
| 134 | ov_134 | 1.0507650199254996 × 10^274 |
| 133 | ov_133 | 1.2193826990681646 × 10^274 |
| 132 | ov_132 | 1.405602102176729 × 10^274 |
| 131 | ov_131 | 1.610403964045632 × 10^274 |
| 130 | ov_130 | 1.610405255522889 × 10^274 |
| 129 | ov_129 | 1.610409270563037 × 10^274 |
| 128 | aaa_77_29 | 1.7451265791231638 × 10^274 |
| 127 | aaa_77_28 | 4.63814621087668 × 10^274 |
| 126 | ov_126 | 1.4487272952905405 × 10^275 |
| 125 | ov_125 | 3.246116554836579 × 10^275 |
| 124 | ov_124 | 6.167841778821237 × 10^275 |
| 123 | ov_123 | 1.0525764929504526 × 10^276 |
| 122 | ov_122 | 1.6631756049719489 × 10^276 |
| 121 | ov_121 | 2.4797704875461418 × 10^276 |
| 120 | ov_120 | 3.5335541022009 × 10^276 |
| 119 | ov_119 | 4.855726474717929 × 10^276 |
| 118 | ov_118 | 6.477499980021123 × 10^276 |
| 117 | ov_117 | 8.430110610720421 × 10^276 |
| 116 | ov_116 | 1.0744838513816861 × 10^277 |
| 115 | ov_115 | 1.3453039551892232 × 10^277 |
| 114 | ov_114 | 1.6586191872992662 × 10^277 |
| 113 | ov_113 | 2.0175961474019066 × 10^277 |
| 112 | ov_112 | 2.4254289101421645 × 10^277 |
| 111 | ov_111 | 2.8853500835440575 × 10^277 |
| 110 | ov_110 | 3.400644470882195 × 10^277 |
| 109 | ov_109 | 3.974665571881511 × 10^277 |
| 108 | ov_108 | 4.610855160332632 × 10^277 |
| 107 | ov_107 | 5.312766176954331 × 10^277 |
| 106 | ov_106 | 6.084089178761021 × 10^277 |
| 105 | ov_105 | 6.928682099112409 × 10^277 |
| 104 | ov_104 | 7.850603077010548 × 10^277 |
| 103 | ov_103 | 8.854147100688963 × 10^277 |
| 102 | ov_102 | 9.943887217859917 × 10^277 |
| 101 | ov_101 | 1.1124720583784865 × 10^278 |
| 100 | ov_100 | 1.2401918971989105 × 10^278 |
| 96 | aaa_78_29 | 1.2650798116081336 × 10^278 |
| 99 | ov_099 | 1.3781182690542677 × 10^278 |
| 98 | ov_098 | 1.3781318825189612 × 10^278 |
| 97 | ov_097 | 1.3781743034687133 × 10^278 |
| 95 | aaa_78_28 | 3.339051518407918 × 10^278 |
| 94 | ov_094 | 1.038209885953472 × 10^279 |
| 93 | ov_093 | 2.31627523760298 × 10^279 |
| 92 | ov_092 | 4.38526185112885 × 10^279 |
| 91 | ov_091 | 8.253278941896538 × 10^279 |
| 90 | ov_090 | 1.6153818443830137 × 10^280 |
| 89 | ov_089 | 2.9529745328290376 × 10^280 |
| 88 | ov_088 | 5.148469496943559 × 10^280 |
| 87 | ov_087 | 8.555886386822049 × 10^280 |
| 86 | ov_086 | 1.338515338822907 × 10^281 |
| 85 | ov_085 | 1.9868361725978774 × 10^281 |
| 84 | ov_084 | 2.826001306100967 × 10^281 |
| 83 | ov_083 | 3.909185096076669 × 10^281 |
| 82 | ov_082 | 5.294152418597452 × 10^281 |
| 81 | ov_081 | 7.043354347124108 × 10^281 |
| 80 | ov_080 | 9.224046554768421 × 10^281 |
| 64 | lv_79_m31 | 9.461274777936538 × 10^281 |
| 79 | ov_079 | 1.1908432939698085 × 10^282 |
| 78 | ov_078 | 1.5173836975537153 × 10^282 |
| 77 | ov_077 | 1.9102903293621712 × 10^282 |
| 76 | ov_076 | 2.3783832012280864 × 10^282 |
| 75 | ov_075 | 2.9310648341271595 × 10^282 |
| 74 | ov_074 | 3.5735005146317726 × 10^282 |
| 63 | ov_063 | 3.898475834746295 × 10^282 |
| 73 | ov_073 | 4.311188763104344 × 10^282 |
| 72 | ov_072 | 5.149981983293143 × 10^282 |
| 71 | ov_071 | 6.096109462447996 × 10^282 |
| 70 | ov_070 | 7.156202859886908 × 10^282 |
| 69 | ov_069 | 8.337324326428695 × 10^282 |
| 68 | ov_068 | 9.646997402646385 × 10^282 |
| 67 | ov_067 | 1.1093240850624029 × 10^283 |
| 66 | ov_066 | 1.109325088606425 × 10^283 |
| 65 | ov_065 | 1.109328185434591 × 10^283 |
| 62 | ov_062 | 1.6056829186866026 × 10^283 |
| 61 | ov_061 | 4.84068536802882 × 10^283 |
| 60 | ov_060 | 1.1718092671975569 × 10^284 |
| 59 | ov_059 | 2.428135961499095 × 10^284 |
| 58 | ov_058 | 4.471857050567918 × 10^284 |
| 57 | ov_057 | 7.521782962063496 × 10^284 |
| 56 | ov_056 | 1.280293514271032 × 10^285 |
| 55 | ov_055 | 2.2984188121222368 × 10^285 |
| 54 | ov_054 | 4.11721099356209 × 10^285 |
| 53 | ov_053 | 7.091104570869829 × 10^285 |
| 52 | ov_052 | 1.143016337117035 × 10^286 |
| 51 | ov_051 | 1.7366369744116523 × 10^286 |
| 50 | ov_050 | 2.515365761475454 × 10^286 |
| 49 | ov_049 | 3.506796910015795 × 10^286 |
| 48 | ov_048 | 4.740734588028807 × 10^286 |
| 47 | ov_047 | 6.2492067606517 × 10^286 |
| 32 | lv_80_m31 | 7.325432805934279 × 10^286 |
| 46 | ov_046 | 8.066484740761253 × 10^286 |
| 45 | ov_045 | 1.0229109377943577 × 10^287 |
| 44 | ov_044 | 1.2775925158686211 × 10^287 |
| 43 | ov_043 | 1.5748124113443286 × 10^287 |
| 42 | ov_042 | 1.923049387259309 × 10^287 |
| 41 | ov_041 | 2.3312699848636554 × 10^287 |
| 40 | ov_040 | 2.8089443831918772 × 10^287 |
| 31 | ov_031 | 3.0267583295865814 × 10^287 |
| 39 | ov_039 | 3.3660660094947795 × 10^287 |
| 38 | ov_038 | 4.008045269542534 × 10^287 |
| 37 | ov_037 | 4.740588550236161 × 10^287 |
| 36 | ov_036 | 5.5697170377495524 × 10^287 |
| 35 | ov_035 | 6.501788876884108 × 10^287 |
| 34 | ov_034 | 7.543524923954071 × 10^287 |
| 33 | ov_033 | 8.702038313351977 × 10^287 |
| 30 | ov_030 | 1.2499732292176844 × 10^288 |
| 29 | ov_029 | 3.777101725317061 × 10^288 |
| 28 | ov_028 | 9.163422263379648 × 10^288 |
| 27 | ov_027 | 2.1883365059293033 × 10^289 |
| 26 | ov_026 | 5.261688490765863 × 10^289 |
| 25 | ov_025 | 1.1550614434719448 × 10^290 |
| 24 | ov_024 | 2.2815559231598744 × 10^290 |
| 23 | ov_023 | 4.116321694538063 × 10^290 |
| 22 | ov_022 | 6.904657493550782 × 10^290 |
| 21 | ov_021 | 1.0926499586592283 × 10^291 |
| 20 | ov_020 | 1.6496435410614487 × 10^291 |
| 19 | ov_019 | 2.3963725394885888 × 10^291 |
| 18 | ov_018 | 3.371234018377374 × 10^291 |
| 17 | ov_017 | 4.616102826783604 × 10^291 |
| 16 | ov_016 | 6.154535645366031 × 10^291 |
| 15 | ov_015 | 8.03540665574187 × 10^291 |
| 14 | ov_014 | 1.0311129269051753 × 10^292 |
| 13 | ov_013 | 1.3037697714522623 × 10^292 |
| 12 | ov_012 | 1.6245844146237 × 10^292 |
| 11 | ov_011 | 1.9998906663999723 × 10^292 |
| 10 | ov_010 | 2.4364020630262497 × 10^292 |
| 9 | ov_009 | 2.937769961624357 × 10^292 |
| 8 | ov_008 | 3.5078514406393715 × 10^292 |
| 7 | ov_007 | 4.1507179894401847 × 10^292 |
| 6 | ov_006 | 4.870665737070318 × 10^292 |
| 5 | ov_005 | 5.67222742616752 × 10^292 |
| 4 | ov_004 | 6.560186432487333 × 10^292 |
| 3 | ov_003 | 7.53959318885353 × 10^292 |
| 2 | ov_002 | 8.615784392541536 × 10^292 |
| 1 | ov_001 | 9.794405344772204 × 10^292 |

