# Results for F001-F002-F003-F004-F005-F006-F007-F008-F009-F010-F011-F012-F013-F014-F015-F016-F017-F018-F019-F020-F021-F022-F023-F024-F025-F026-F027-F028-F029-F030-F031-F032-F033-F034-F035-F036-F037-F038-F039-F040-F041-F042-F043-F044-F045-F046-F047-F048-F049-F050-F051-F052-F053-F054-F055-F056-F057-F058-F059-F060-F061-F062-F063-F064-F065-F066-F067-F068-F069-F070-F071-F072-F073-F074-F075-F076-F077-F078-F079-F080-F081-F082-F083-F084-F085-F086-F087-F088-F089-F090-F091-F092-F093-F094-F095-F096-F097-F098-F099-F100-F101-F102-F103-F104-F105-F106-F107-F108-F109-F110-F111-F112-F113-F114-F115-F116-F117-F118-F119-F120-F121-F122-F123-F124-F125-F126-F127-F128-F129-F130-F131-F132-F133-F134-F135-F136-F137-F138-F139-F140-F141-F142-F143-F144-F145-F146-F147-F148-F149-F150-F151-F152-F153-F154-F155-F156-F157-F158-F159-F160-F161-F162-F163-F164-F165-F166-F167-F168-F169-F170-F171-F172-F173-F174-F175-F176-F177-F178-F179-F180-F181-F182-F183-F184-F185-F186-F187-F188-F189-F190-F191-F192-F193-F194-F195-F196-F197-F198-F199-F200-F201-F202-F203-F204-F205-F206-F207-F208-F209-F210-F211-F212-F213-F214-F215-F216-F217-F218-F219-F220-F221-F222-F223-F224-F225-F226-F227-F228-F229-F230-F231-F232-F233-F234-F235-F236-F237-F238-F239-F240-F241-F242-F243-F244-F245-F246-F247-F248-F249-F250-F251-F252-F253-F254-F255-F256-F257-F258-F259-F260-F261-F262-F263-F264-F265-F266-F267-F268-F269-F270-F271-F272-F273-F274-F275-F276-F277-F278-F279-F280-F281-F282-F283-F284-F285-F286-F287-F288-F289-F290-F291-F292-F293-F294-F295-F296-F297-F298-F299-F300-F301-F302-F303-F304-F305-F306-F307-F308-F309-F310-F311-F312-F313-F314-F315-F316-F317-F318-F319-F320-F321-F322-F323-F324-F325-F326-F327-F328-F329-F330-F331-F332-F333-F334-F335-F336-F337-F338-F339-F340-F341-F342-F343-F344-F345-F346-F347-F348-F349-F350-F351-F352-F353-F354-F355-F356-F357-F358-F359-F360-F361-F362-F363-F364-F365-F366-F367-F368-F369-F370-F371-F372-F373-F374-F375-F376-F377-F378-F379-F380-F381-F382-F383-F384-F385-F386-F387-F388-F389-F390-F391-F392-F393-F394-F395-F396-F397-F398-F399-F400-F401-F402-F403-F404-F405-F406-F407-F408-F409-F410-F411-F412-F413-F414-F415-F416-F417-F418-F419-F420-F421-F422-F423-F424-F425-F426-F427-F428-F429-F430-F431-F432-F433-F434-F435-F436-F437-F438-F439-F440-F441-F442-F443-F444-F445-F446-F447-F448-F449-F450-F451-F452-F453-F454-F455-F456-F457-F458-F459-F460-F461-F462-F463-F464-F465-F466-F467-F468-F469-F470-F471-F472-F473-F474-F475-F476-F477-F478-F479-F480-F481-F482-F483-F484-F485-F486-F487-F488-F489-F490-F491-F492-F493-F494-F495-F496-F497-F498-F499-F500-F501-F502-F503-F504-F505-F506-F507-F508-E511512

## Summary

Number of input bits: 512  
Number of free input bits: 3  
Number of output bits: 160

Number of direct occurrences: 12517  
Number of assignments: 29742  
Number of operations: 10798476
(xor: 10773655,
and: 12536,
or: 12285)

Total complexity: 7.116127280703294 × 10^293

Least occurring input variable: iv_509 (4077)  
Most occurring input variable: iv_511 (4234)

Most co-occurring input variables: iv_510-iv_511 (1983)  
Least co-occurring input variables: iv_509-iv_511 (1876)

Potentially most occurring input variable: iv_509/iv_511 (4559)  
Potentially least occurring input variable: iv_509/iv_510 (4323)

Least output occurring input variable: iv_511 (72)  
Most output occurring input variable: iv_510 (79)

Most output co-occurring input variables: iv_509-iv_510 (42)  
Least output co-occurring input variables: iv_510-iv_511 (37)

Potentially most output occurring input variable: iv_510/iv_511 (77)  
Potentially least output occurring input variable: iv_509/iv_511 (72)

Least complex input bit: iv_509 (1.8165525594247826 × 10^293)  
Most complex input bit: iv_510 (3.3674763149326874 × 10^293)

Least complex output bit: aaa_76_29 (1.7937530780180732 × 10^269)  
Most complex output bit: ov_001 (1.0841834432577912 × 10^293)

Least complex input/output complexity: iv_509/aaa_76_29 (4.5789607413089654 × 10^268)  
Most complex input/output complexity: iv_510/ov_001 (5.130546324140443 × 10^292)

Input variable with highest collision probability: iv_510 (2^-160.00000000000063)

## Input Bits

### Input Bits in Regular Order

| Input Bit | Complexity | Occurrences | Output Occurrences | Collision Probability |
|:---------:|:----------:|:-----------:|:------------------:|:---------------------:|
| iv_509 | 1.8165525594247826 × 10^293 | 4077 | 78 | 2^-160.00000000000077 |
| iv_510 | 3.3674763149326874 × 10^293 | 4206 | 79 | 2^-160.00000000000063 |
| iv_511 | 1.9320984063458245 × 10^293 | 4234 | 72 | 2^-160.0000000000007 |

### Input Bits Sorted by Complexity

| Input Bit | Complexity | Occurrences | Output Occurrences | Collision Probability |
|:---------:|:----------:|:-----------:|:------------------:|:---------------------:|
| iv_509 | 1.8165525594247826 × 10^293 | 4077 | 78 | 2^-160.00000000000077 |
| iv_511 | 1.9320984063458245 × 10^293 | 4234 | 72 | 2^-160.0000000000007 |
| iv_510 | 3.3674763149326874 × 10^293 | 4206 | 79 | 2^-160.00000000000063 |

### Input Bits Sorted by Occurrences

| Input Bit | Complexity | Occurrences | Output Occurrences | Collision Probability |
|:---------:|:----------:|:-----------:|:------------------:|:---------------------:|
| iv_509 | 1.8165525594247826 × 10^293 | 4077 | 78 | 2^-160.00000000000077 |
| iv_510 | 3.3674763149326874 × 10^293 | 4206 | 79 | 2^-160.00000000000063 |
| iv_511 | 1.9320984063458245 × 10^293 | 4234 | 72 | 2^-160.0000000000007 |

### Input Bits Sorted by Output Occurrences

| Input Bit | Complexity | Occurrences | Output Occurrences | Collision Probability |
|:---------:|:----------:|:-----------:|:------------------:|:---------------------:|
| iv_511 | 1.9320984063458245 × 10^293 | 4234 | 72 | 2^-160.0000000000007 |
| iv_509 | 1.8165525594247826 × 10^293 | 4077 | 78 | 2^-160.00000000000077 |
| iv_510 | 3.3674763149326874 × 10^293 | 4206 | 79 | 2^-160.00000000000063 |

### Input Bits Sorted by Collision Probability

| Input Bit | Complexity | Occurrences | Output Occurrences | Collision Probability |
|:---------:|:----------:|:-----------:|:------------------:|:---------------------:|
| iv_510 | 3.3674763149326874 × 10^293 | 4206 | 79 | 2^-160.00000000000063 |
| iv_511 | 1.9320984063458245 × 10^293 | 4234 | 72 | 2^-160.0000000000007 |
| iv_509 | 1.8165525594247826 × 10^293 | 4077 | 78 | 2^-160.00000000000077 |

## Input Bit Co-occurrences

### Input Bit Co-occurrences Sorted by Co-occurrences

| Input Bits | Co-occurrences | Potential Occurrences | Output Co-occurrences | Potential Output Occurrences |
|:----------:|:--------------:|:---------------------:|:---------------------:|:----------------------------:|
| iv_510-iv_511 | 1983 | 4474 | 37 | 77 |
| iv_509-iv_510 | 1980 | 4323 | 42 | 73 |
| iv_509-iv_511 | 1876 | 4559 | 39 | 72 |

### Input Bit Co-occurrences Sorted by Potential Occurrences

| Input Bits | Co-occurrences | Potential Occurrences | Output Co-occurrences | Potential Output Occurrences |
|:----------:|:--------------:|:---------------------:|:---------------------:|:----------------------------:|
| iv_509-iv_510 | 1980 | 4323 | 42 | 73 |
| iv_510-iv_511 | 1983 | 4474 | 37 | 77 |
| iv_509-iv_511 | 1876 | 4559 | 39 | 72 |

### Input Bit Output Co-occurrences Sorted by Output Co-occurrences

| Input Bits | Co-occurrences | Potential Occurrences | Output Co-occurrences | Potential Output Occurrences |
|:----------:|:--------------:|:---------------------:|:---------------------:|:----------------------------:|
| iv_509-iv_510 | 1980 | 4323 | 42 | 73 |
| iv_509-iv_511 | 1876 | 4559 | 39 | 72 |
| iv_510-iv_511 | 1983 | 4474 | 37 | 77 |

### Input Bit Output Co-occurrences Sorted by Potential Output Occurrences

| Input Bits | Co-occurrences | Potential Occurrences | Output Co-occurrences | Potential Output Occurrences |
|:----------:|:--------------:|:---------------------:|:---------------------:|:----------------------------:|
| iv_509-iv_511 | 1876 | 4559 | 39 | 72 |
| iv_509-iv_510 | 1980 | 4323 | 42 | 73 |
| iv_510-iv_511 | 1983 | 4474 | 37 | 77 |

## Output Bits

### Output Bits in Regular Order

| Rank | Output Bit | Complexity |
|:----:|:----------:|:----------:|
| 1 | ov_001 | 1.0841834432577912 × 10^293 |
| 2 | ov_002 | 9.527907227876396 × 10^292 |
| 3 | ov_003 | 8.328103048764109 × 10^292 |
| 4 | ov_004 | 7.236247430792085 × 10^292 |
| 5 | ov_005 | 6.246503447696126 × 10^292 |
| 6 | ov_006 | 5.353347277339627 × 10^292 |
| 7 | ov_007 | 4.551547193183544 × 10^292 |
| 8 | ov_008 | 3.8361455999764083 × 10^292 |
| 9 | ov_009 | 3.2024436991901553 × 10^292 |
| 10 | ov_010 | 2.645988391797034 × 10^292 |
| 11 | ov_011 | 2.1625610898323204 × 10^292 |
| 12 | ov_012 | 1.7481682114389965 × 10^292 |
| 13 | ov_013 | 1.3954669990388689 × 10^292 |
| 14 | ov_014 | 1.0975300145086176 × 10^292 |
| 15 | ov_015 | 8.478353343157831 × 10^291 |
| 16 | ov_016 | 6.432222826722908 × 10^291 |
| 17 | ov_017 | 4.779582858885082 × 10^291 |
| 18 | ov_018 | 3.466978645651229 × 10^291 |
| 19 | ov_019 | 2.444793853419109 × 10^291 |
| 20 | ov_020 | 1.6672290200832296 × 10^291 |
| 21 | ov_021 | 1.0922884137073396 × 10^291 |
| 22 | ov_022 | 6.81772634459069 × 10^290 |
| 23 | ov_023 | 4.012745428125777 × 10^290 |
| 24 | ov_024 | 2.201768724278842 × 10^290 |
| 25 | ov_025 | 1.1165073800813865 × 10^290 |
| 26 | ov_026 | 5.265473815381666 × 10^289 |
| 27 | ov_027 | 2.3934472638659517 × 10^289 |
| 28 | ov_028 | 1.0022317805752869 × 10^289 |
| 29 | ov_029 | 4.1311396576467285 × 10^288 |
| 30 | ov_030 | 1.3671390507587743 × 10^288 |
| 31 | ov_031 | 3.3104773891023295 × 10^287 |
| 32 | lv_80_m31 | 8.012113812600662 × 10^286 |
| 33 | ov_033 | 9.517917140434969 × 10^287 |
| 34 | ov_034 | 8.250837691139332 × 10^287 |
| 35 | ov_035 | 7.111473413952695 × 10^287 |
| 36 | ov_036 | 6.092044810580222 × 10^287 |
| 37 | ov_037 | 5.185201565577535 × 10^287 |
| 38 | ov_038 | 4.383990184208191 × 10^287 |
| 39 | ov_039 | 3.6818257989511734 × 10^287 |
| 40 | ov_040 | 3.072467904562509 × 10^287 |
| 41 | ov_041 | 2.5499997465126216 × 10^287 |
| 42 | ov_042 | 2.103492715389698 × 10^287 |
| 43 | ov_043 | 1.722590406241687 × 10^287 |
| 44 | ov_044 | 1.3974871206062842 × 10^287 |
| 45 | ov_045 | 1.1189104781402731 × 10^287 |
| 46 | ov_046 | 8.823556818074242 × 10^286 |
| 47 | ov_047 | 6.835745789284411 × 10^286 |
| 48 | ov_048 | 5.185708503663954 × 10^286 |
| 49 | ov_049 | 3.835962787148056 × 10^286 |
| 50 | ov_050 | 2.751478887510327 × 10^286 |
| 51 | ov_051 | 1.8996582133948123 × 10^286 |
| 52 | ov_052 | 1.2503183950998839 × 10^286 |
| 53 | ov_053 | 7.756835700060833 × 10^285 |
| 54 | ov_054 | 4.503785530334916 × 10^285 |
| 55 | ov_055 | 2.5142553807448712 × 10^285 |
| 56 | ov_056 | 1.4005457160478938 × 10^285 |
| 57 | ov_057 | 8.228420676080885 × 10^284 |
| 58 | ov_058 | 4.892059187565564 × 10^284 |
| 59 | ov_059 | 2.6563617469905357 × 10^284 |
| 60 | ov_060 | 1.2819882123494358 × 10^284 |
| 61 | ov_061 | 5.296006193300321 × 10^283 |
| 62 | ov_062 | 1.7567770029585352 × 10^283 |
| 63 | ov_063 | 4.2654893332462715 × 10^282 |
| 64 | lv_79_m31 | 1.0352404193564138 × 10^282 |
| 65 | ov_065 | 1.2137237908595428 × 10^283 |
| 66 | ov_066 | 1.2137204134838004 × 10^283 |
| 67 | ov_067 | 1.2137193190248543 × 10^283 |
| 68 | ov_068 | 1.0555580008385135 × 10^283 |
| 69 | ov_069 | 9.123147216064169 × 10^282 |
| 70 | ov_070 | 7.831149424828116 × 10^282 |
| 71 | ov_071 | 6.67138135393518 × 10^282 |
| 72 | ov_072 | 5.636140933093644 × 10^282 |
| 73 | ov_073 | 4.7181956041724005 × 10^282 |
| 74 | ov_074 | 3.910751653205595 × 10^282 |
| 75 | ov_075 | 3.2074264113595826 × 10^282 |
| 76 | ov_076 | 2.6022231695832125 × 10^282 |
| 77 | ov_077 | 2.0895086565620265 × 10^282 |
| 78 | ov_078 | 1.6590284953406697 × 10^282 |
| 79 | ov_079 | 1.3011636106157278 × 10^282 |
| 80 | ov_080 | 1.0069008221886771 × 10^282 |
| 81 | ov_081 | 7.6780728569466 × 10^281 |
| 82 | ov_082 | 5.760085049808403 × 10^281 |
| 83 | ov_083 | 4.241696418960458 × 10^281 |
| 84 | ov_084 | 3.054798501274087 × 10^281 |
| 85 | ov_085 | 2.1363936023340304 × 10^281 |
| 86 | ov_086 | 1.428490433183033 × 10^281 |
| 87 | ov_087 | 9.033333693113848 × 10^280 |
| 88 | ov_088 | 5.3561085103658545 × 10^280 |
| 89 | ov_089 | 3.0242839760253684 × 10^280 |
| 90 | ov_090 | 1.6517712053527642 × 10^280 |
| 91 | ov_091 | 9.000920855091761 × 10^279 |
| 92 | ov_092 | 4.782512713249778 × 10^279 |
| 93 | ov_093 | 2.5261024144901002 × 10^279 |
| 94 | ov_094 | 1.1322600491276166 × 10^279 |
| 95 | aaa_78_28 | 3.641534342519002 × 10^278 |
| 96 | aaa_78_29 | 1.3796841634917483 × 10^278 |
| 97 | ov_097 | 1.5030846139352344 × 10^278 |
| 98 | ov_098 | 1.5030383331244512 × 10^278 |
| 99 | ov_099 | 1.503023480292251 × 10^278 |
| 100 | ov_100 | 1.3526034135300551 × 10^278 |
| 101 | ov_101 | 1.2133143727738873 × 10^278 |
| 102 | ov_102 | 1.0845345032713707 × 10^278 |
| 103 | ov_103 | 9.656887186626652 × 10^277 |
| 104 | ov_104 | 8.562428239080517 × 10^277 |
| 105 | ov_105 | 7.556980086303917 × 10^277 |
| 106 | ov_106 | 6.635858258481599 × 10^277 |
| 107 | ov_107 | 5.794636969063311 × 10^277 |
| 108 | ov_108 | 5.029109131111789 × 10^277 |
| 109 | ov_109 | 4.335250522360223 × 10^277 |
| 110 | ov_110 | 3.7091872886128826 × 10^277 |
| 111 | ov_111 | 3.1471670480914068 × 10^277 |
| 112 | ov_112 | 2.6455338641020997 × 10^277 |
| 113 | ov_113 | 2.2007068236140605 × 10^277 |
| 114 | ov_114 | 1.8091619619771587 × 10^277 |
| 115 | ov_115 | 1.4674172759057775 × 10^277 |
| 116 | ov_116 | 1.1720205681668936 × 10^277 |
| 117 | ov_117 | 9.19539868267875 × 10^276 |
| 118 | ov_118 | 7.065561739491365 × 10^276 |
| 119 | ov_119 | 5.296582585527296 × 10^276 |
| 120 | ov_120 | 3.854392894678648 × 10^276 |
| 121 | ov_121 | 2.704948561365413 × 10^276 |
| 122 | ov_122 | 1.8142189118586507 × 10^276 |
| 123 | ov_123 | 1.1481809560404671 × 10^276 |
| 124 | ov_124 | 6.728160413622112 × 10^275 |
| 125 | ov_125 | 3.54107657250901 × 10^275 |
| 126 | ov_126 | 1.5804017203713242 × 10^275 |
| 127 | aaa_77_28 | 5.0598235015804575 × 10^274 |
| 128 | aaa_77_29 | 1.903850221044487 × 10^274 |
| 129 | ov_129 | 1.7568654528191565 × 10^274 |
| 130 | ov_130 | 1.7568610857611175 × 10^274 |
| 131 | ov_131 | 1.756859681053839 × 10^274 |
| 132 | ov_132 | 1.5335164152919633 × 10^274 |
| 133 | ov_133 | 1.3304166578046431 × 10^274 |
| 134 | ov_134 | 1.1464936880457868 × 10^274 |
| 135 | ov_135 | 9.807422242655345 × 10^273 |
| 136 | ov_136 | 8.322139022462645 × 10^273 |
| 137 | ov_137 | 7.000132534252043 × 10^273 |
| 138 | ov_138 | 5.832941486757099 × 10^273 |
| 139 | ov_139 | 4.8125667580414974 × 10^273 |
| 140 | ov_140 | 3.931444205250607 × 10^273 |
| 141 | ov_141 | 3.175660192965706 × 10^273 |
| 142 | ov_142 | 2.53206749722695 × 10^273 |
| 143 | ov_143 | 1.9882548132689804 × 10^273 |
| 144 | ov_144 | 1.53252195942281 × 10^273 |
| 145 | ov_145 | 1.1591938650436282 × 10^273 |
| 146 | ov_146 | 8.579377587927765 × 10^272 |
| 147 | ov_147 | 6.190851168239591 × 10^272 |
| 148 | ov_148 | 4.336228503657356 × 10^272 |
| 149 | ov_149 | 2.9318683857205346 × 10^272 |
| 150 | ov_150 | 1.90057283399525 × 10^272 |
| 151 | ov_151 | 1.1715549876467915 × 10^272 |
| 152 | ov_152 | 6.804185088437776 × 10^271 |
| 153 | ov_153 | 3.6914569567233017 × 10^271 |
| 154 | ov_154 | 1.8609133009602669 × 10^271 |
| 155 | ov_155 | 8.597970663220712 × 10^270 |
| 156 | aaa_76_25 | 2.9903241913136 × 10^270 |
| 157 | aaa_76_26 | 1.8408356469831317 × 10^270 |
| 158 | aaa_76_27 | 1.009690137087264 × 10^270 |
| 159 | aaa_76_28 | 4.760679856463519 × 10^269 |
| 160 | aaa_76_29 | 1.7937530780180732 × 10^269 |

### Output Bits Sorted by Complexity

| Rank | Output Bit | Complexity |
|:----:|:----------:|:----------:|
| 160 | aaa_76_29 | 1.7937530780180732 × 10^269 |
| 159 | aaa_76_28 | 4.760679856463519 × 10^269 |
| 158 | aaa_76_27 | 1.009690137087264 × 10^270 |
| 157 | aaa_76_26 | 1.8408356469831317 × 10^270 |
| 156 | aaa_76_25 | 2.9903241913136 × 10^270 |
| 155 | ov_155 | 8.597970663220712 × 10^270 |
| 154 | ov_154 | 1.8609133009602669 × 10^271 |
| 153 | ov_153 | 3.6914569567233017 × 10^271 |
| 152 | ov_152 | 6.804185088437776 × 10^271 |
| 151 | ov_151 | 1.1715549876467915 × 10^272 |
| 150 | ov_150 | 1.90057283399525 × 10^272 |
| 149 | ov_149 | 2.9318683857205346 × 10^272 |
| 148 | ov_148 | 4.336228503657356 × 10^272 |
| 147 | ov_147 | 6.190851168239591 × 10^272 |
| 146 | ov_146 | 8.579377587927765 × 10^272 |
| 145 | ov_145 | 1.1591938650436282 × 10^273 |
| 144 | ov_144 | 1.53252195942281 × 10^273 |
| 143 | ov_143 | 1.9882548132689804 × 10^273 |
| 142 | ov_142 | 2.53206749722695 × 10^273 |
| 141 | ov_141 | 3.175660192965706 × 10^273 |
| 140 | ov_140 | 3.931444205250607 × 10^273 |
| 139 | ov_139 | 4.8125667580414974 × 10^273 |
| 138 | ov_138 | 5.832941486757099 × 10^273 |
| 137 | ov_137 | 7.000132534252043 × 10^273 |
| 136 | ov_136 | 8.322139022462645 × 10^273 |
| 135 | ov_135 | 9.807422242655345 × 10^273 |
| 134 | ov_134 | 1.1464936880457868 × 10^274 |
| 133 | ov_133 | 1.3304166578046431 × 10^274 |
| 132 | ov_132 | 1.5335164152919633 × 10^274 |
| 131 | ov_131 | 1.756859681053839 × 10^274 |
| 130 | ov_130 | 1.7568610857611175 × 10^274 |
| 129 | ov_129 | 1.7568654528191565 × 10^274 |
| 128 | aaa_77_29 | 1.903850221044487 × 10^274 |
| 127 | aaa_77_28 | 5.0598235015804575 × 10^274 |
| 126 | ov_126 | 1.5804017203713242 × 10^275 |
| 125 | ov_125 | 3.54107657250901 × 10^275 |
| 124 | ov_124 | 6.728160413622112 × 10^275 |
| 123 | ov_123 | 1.1481809560404671 × 10^276 |
| 122 | ov_122 | 1.8142189118586507 × 10^276 |
| 121 | ov_121 | 2.704948561365413 × 10^276 |
| 120 | ov_120 | 3.854392894678648 × 10^276 |
| 119 | ov_119 | 5.296582585527296 × 10^276 |
| 118 | ov_118 | 7.065561739491365 × 10^276 |
| 117 | ov_117 | 9.19539868267875 × 10^276 |
| 116 | ov_116 | 1.1720205681668936 × 10^277 |
| 115 | ov_115 | 1.4674172759057775 × 10^277 |
| 114 | ov_114 | 1.8091619619771587 × 10^277 |
| 113 | ov_113 | 2.2007068236140605 × 10^277 |
| 112 | ov_112 | 2.6455338641020997 × 10^277 |
| 111 | ov_111 | 3.1471670480914068 × 10^277 |
| 110 | ov_110 | 3.7091872886128826 × 10^277 |
| 109 | ov_109 | 4.335250522360223 × 10^277 |
| 108 | ov_108 | 5.029109131111789 × 10^277 |
| 107 | ov_107 | 5.794636969063311 × 10^277 |
| 106 | ov_106 | 6.635858258481599 × 10^277 |
| 105 | ov_105 | 7.556980086303917 × 10^277 |
| 104 | ov_104 | 8.562428239080517 × 10^277 |
| 103 | ov_103 | 9.656887186626652 × 10^277 |
| 102 | ov_102 | 1.0845345032713707 × 10^278 |
| 101 | ov_101 | 1.2133143727738873 × 10^278 |
| 100 | ov_100 | 1.3526034135300551 × 10^278 |
| 96 | aaa_78_29 | 1.3796841634917483 × 10^278 |
| 99 | ov_099 | 1.503023480292251 × 10^278 |
| 98 | ov_098 | 1.5030383331244512 × 10^278 |
| 97 | ov_097 | 1.5030846139352344 × 10^278 |
| 95 | aaa_78_28 | 3.641534342519002 × 10^278 |
| 94 | ov_094 | 1.1322600491276166 × 10^279 |
| 93 | ov_093 | 2.5261024144901002 × 10^279 |
| 92 | ov_092 | 4.782512713249778 × 10^279 |
| 91 | ov_091 | 9.000920855091761 × 10^279 |
| 90 | ov_090 | 1.6517712053527642 × 10^280 |
| 89 | ov_089 | 3.0242839760253684 × 10^280 |
| 88 | ov_088 | 5.3561085103658545 × 10^280 |
| 87 | ov_087 | 9.033333693113848 × 10^280 |
| 86 | ov_086 | 1.428490433183033 × 10^281 |
| 85 | ov_085 | 2.1363936023340304 × 10^281 |
| 84 | ov_084 | 3.054798501274087 × 10^281 |
| 83 | ov_083 | 4.241696418960458 × 10^281 |
| 82 | ov_082 | 5.760085049808403 × 10^281 |
| 81 | ov_081 | 7.6780728569466 × 10^281 |
| 80 | ov_080 | 1.0069008221886771 × 10^282 |
| 64 | lv_79_m31 | 1.0352404193564138 × 10^282 |
| 79 | ov_079 | 1.3011636106157278 × 10^282 |
| 78 | ov_078 | 1.6590284953406697 × 10^282 |
| 77 | ov_077 | 2.0895086565620265 × 10^282 |
| 76 | ov_076 | 2.6022231695832125 × 10^282 |
| 75 | ov_075 | 3.2074264113595826 × 10^282 |
| 74 | ov_074 | 3.910751653205595 × 10^282 |
| 63 | ov_063 | 4.2654893332462715 × 10^282 |
| 73 | ov_073 | 4.7181956041724005 × 10^282 |
| 72 | ov_072 | 5.636140933093644 × 10^282 |
| 71 | ov_071 | 6.67138135393518 × 10^282 |
| 70 | ov_070 | 7.831149424828116 × 10^282 |
| 69 | ov_069 | 9.123147216064169 × 10^282 |
| 68 | ov_068 | 1.0555580008385135 × 10^283 |
| 67 | ov_067 | 1.2137193190248543 × 10^283 |
| 66 | ov_066 | 1.2137204134838004 × 10^283 |
| 65 | ov_065 | 1.2137237908595428 × 10^283 |
| 62 | ov_062 | 1.7567770029585352 × 10^283 |
| 61 | ov_061 | 5.296006193300321 × 10^283 |
| 60 | ov_060 | 1.2819882123494358 × 10^284 |
| 59 | ov_059 | 2.6563617469905357 × 10^284 |
| 58 | ov_058 | 4.892059187565564 × 10^284 |
| 57 | ov_057 | 8.228420676080885 × 10^284 |
| 56 | ov_056 | 1.4005457160478938 × 10^285 |
| 55 | ov_055 | 2.5142553807448712 × 10^285 |
| 54 | ov_054 | 4.503785530334916 × 10^285 |
| 53 | ov_053 | 7.756835700060833 × 10^285 |
| 52 | ov_052 | 1.2503183950998839 × 10^286 |
| 51 | ov_051 | 1.8996582133948123 × 10^286 |
| 50 | ov_050 | 2.751478887510327 × 10^286 |
| 49 | ov_049 | 3.835962787148056 × 10^286 |
| 48 | ov_048 | 5.185708503663954 × 10^286 |
| 47 | ov_047 | 6.835745789284411 × 10^286 |
| 32 | lv_80_m31 | 8.012113812600662 × 10^286 |
| 46 | ov_046 | 8.823556818074242 × 10^286 |
| 45 | ov_045 | 1.1189104781402731 × 10^287 |
| 44 | ov_044 | 1.3974871206062842 × 10^287 |
| 43 | ov_043 | 1.722590406241687 × 10^287 |
| 42 | ov_042 | 2.103492715389698 × 10^287 |
| 41 | ov_041 | 2.5499997465126216 × 10^287 |
| 40 | ov_040 | 3.072467904562509 × 10^287 |
| 31 | ov_031 | 3.3104773891023295 × 10^287 |
| 39 | ov_039 | 3.6818257989511734 × 10^287 |
| 38 | ov_038 | 4.383990184208191 × 10^287 |
| 37 | ov_037 | 5.185201565577535 × 10^287 |
| 36 | ov_036 | 6.092044810580222 × 10^287 |
| 35 | ov_035 | 7.111473413952695 × 10^287 |
| 34 | ov_034 | 8.250837691139332 × 10^287 |
| 33 | ov_033 | 9.517917140434969 × 10^287 |
| 30 | ov_030 | 1.3671390507587743 × 10^288 |
| 29 | ov_029 | 4.1311396576467285 × 10^288 |
| 28 | ov_028 | 1.0022317805752869 × 10^289 |
| 27 | ov_027 | 2.3934472638659517 × 10^289 |
| 26 | ov_026 | 5.265473815381666 × 10^289 |
| 25 | ov_025 | 1.1165073800813865 × 10^290 |
| 24 | ov_024 | 2.201768724278842 × 10^290 |
| 23 | ov_023 | 4.012745428125777 × 10^290 |
| 22 | ov_022 | 6.81772634459069 × 10^290 |
| 21 | ov_021 | 1.0922884137073396 × 10^291 |
| 20 | ov_020 | 1.6672290200832296 × 10^291 |
| 19 | ov_019 | 2.444793853419109 × 10^291 |
| 18 | ov_018 | 3.466978645651229 × 10^291 |
| 17 | ov_017 | 4.779582858885082 × 10^291 |
| 16 | ov_016 | 6.432222826722908 × 10^291 |
| 15 | ov_015 | 8.478353343157831 × 10^291 |
| 14 | ov_014 | 1.0975300145086176 × 10^292 |
| 13 | ov_013 | 1.3954669990388689 × 10^292 |
| 12 | ov_012 | 1.7481682114389965 × 10^292 |
| 11 | ov_011 | 2.1625610898323204 × 10^292 |
| 10 | ov_010 | 2.645988391797034 × 10^292 |
| 9 | ov_009 | 3.2024436991901553 × 10^292 |
| 8 | ov_008 | 3.8361455999764083 × 10^292 |
| 7 | ov_007 | 4.551547193183544 × 10^292 |
| 6 | ov_006 | 5.353347277339627 × 10^292 |
| 5 | ov_005 | 6.246503447696126 × 10^292 |
| 4 | ov_004 | 7.236247430792085 × 10^292 |
| 3 | ov_003 | 8.328103048764109 × 10^292 |
| 2 | ov_002 | 9.527907227876396 × 10^292 |
| 1 | ov_001 | 1.0841834432577912 × 10^293 |

