# Results for F001-F002-F003-F004-F005-F006-F007-F008-F009-F010-F011-F012-F013-F014-F015-F016-F017-F018-F019-F020-F021-F022-F023-F024-F025-F026-F027-F028-F029-F030-F031-F032-F033-F034-F035-F036-F037-F038-F039-F040-F041-F042-F043-F044-F045-F046-F047-F048-F049-F050-F051-F052-F053-F054-F055-F056-F057-F058-F059-F060-F061-F062-F063-F064-F065-F066-F067-F068-F069-F070-F071-F072-F073-F074-F075-F076-F077-F078-F079-F080-F081-F082-F083-F084-F085-F086-F087-F088-F089-F090-F091-F092-F093-F094-F095-F096-F097-F098-F099-F100-F101-F102-F103-F104-F105-F106-F107-F108-F109-F110-F111-F112-F113-F114-F115-F116-F117-F118-F119-F120-F121-F122-F123-F124-F125-F126-F127-F128-F129-F130-F131-F132-F133-F134-F135-F136-F137-F138-F139-F140-F141-F142-F143-F144-F145-F146-F147-F148-F149-F150-F151-F152-F153-F154-F155-F156-F157-F158-F159-F160-F161-F162-F163-F164-F165-F166-F167-F168-F169-F170-F171-F172-F173-F174-F175-F176-F177-F178-F179-F180-F181-F182-F183-F184-F185-F186-F187-F188-F189-F190-F191-F192-F193-F194-F195-F196-F197-F198-F199-F200-F201-F202-F203-F204-F205-F206-F207-F208-F209-F210-F211-F212-F213-F214-F215-F216-F217-F218-F219-F220-F221-F222-F223-F224-F225-F226-F227-F228-F229-F230-F231-F232-F233-F234-F235-F236-F237-F238-F239-F240-F241-F242-F243-F244-F245-F246-F247-F248-F249-F250-F251-F252-F253-F254-F255-F256-F257-F258-F259-F260-F261-F262-F263-F264-F265-F266-F267-F268-F269-F270-F271-F272-F273-F274-F275-F276-F277-F278-F279-F280-F281-F282-F283-F284-F285-F286-F287-F288-F289-F290-F291-F292-F293-F294-F295-F296-F297-F298-F299-F300-F301-F302-F303-F304-F305-F306-F307-F308-F309-F310-F311-F312-F313-F314-F315-F316-F317-F318-F319-F320-F321-F322-F323-F324-F325-F326-F327-F328-F329-F330-F331-F332-F333-F334-F335-F336-F337-F338-F339-F340-F341-F342-F343-F344-F345-F346-F347-F348-F349-F350-F351-F352-F353-F354-F355-F356-F357-F358-F359-F360-F361-F362-F363-F364-F365-F366-F367-F368-F369-F370-F371-F372-F373-F374-F375-F376-F377-F378-F379-F380-F381-F382-F383-F384-F385-F386-F387-F388-F389-F390-F391-F392-F393-F394-F395-F396-F397-F398-F399-F400-F401-F402-F403-F404-F405-F406-F407-F408-F409-F410-F411-F412-F413-F414-F415-F416-F417-F418-F419-F420-F421-F422-F423-F424-F425-F426-F427-F428-F429-F430-F431-F432-F433-F434-F435-F436-F437-F438-F439-F440-F441-F442-F443-F444-F445-F446-F447-F448-F449-F450-F451-F452-F453-F454-F455-F456-F457-F458-F459-F460-F461-F462-F463-F464-F465-F466-F467-F468-F469-F470-F471-F472-F473-F474-F475-F476-F477-F478-F479-F480-F481-F482-F483-F484-F485-F486-F487-F488-F489-F490-F491-F492-F493-F494-F495-F496-F497-F498-F499-F500-F501-F502-F503-F504-F505-F506-F507-F508-O510511

## Summary

Number of input bits: 512  
Number of free input bits: 3  
Number of output bits: 160

Number of direct occurrences: 12989  
Number of assignments: 30087  
Number of operations: 11432039
(xor: 11407029,
and: 12661,
or: 12349)

Total complexity: 2.1607922494811135 × 10^299

Least occurring input variable: iv_509 (4188)  
Most occurring input variable: iv_510 (4500)

Most co-occurring input variables: iv_510-iv_512 (2107)  
Least co-occurring input variables: iv_509-iv_512 (2033)

Potentially most occurring input variable: iv_510/iv_512 (4587)  
Potentially least occurring input variable: iv_509/iv_512 (4423)

Least output occurring input variable: iv_510 (77)  
Most output occurring input variable: iv_512 (81)

Most output co-occurring input variables: iv_509-iv_510 (40)  
Least output co-occurring input variables: iv_510-iv_512 (38)

Potentially most output occurring input variable: iv_509/iv_512 (83)  
Potentially least output occurring input variable: iv_509/iv_510 (77)

Least complex input bit: iv_509 (4.5708960683676225 × 10^298)  
Most complex input bit: iv_510 (1.0801917151927443 × 10^299)

Least complex output bit: aaa_76_29 (6.773962666577965 × 10^273)  
Most complex output bit: ov_001 (3.259434682329866 × 10^298)

Least complex input/output complexity: iv_509/aaa_76_29 (1.432950313819649 × 10^273)  
Most complex input/output complexity: iv_510/ov_001 (1.6294090007542807 × 10^298)

Input variable with highest collision probability: iv_509 (2^-160.00000000000063)

## Input Bits

### Input Bits in Regular Order

| Input Bit | Complexity | Occurrences | Output Occurrences | Collision Probability |
|:---------:|:----------:|:-----------:|:------------------:|:---------------------:|
| iv_509 | 4.5708960683676225 × 10^298 | 4188 | 80 | 2^-160.00000000000063 |
| iv_510 | 1.0801917151927443 × 10^299 | 4500 | 77 | 2^-160.00000000000082 |
| iv_512 | 6.235109274516072 × 10^298 | 4301 | 81 | 2^-160.00000000000085 |

### Input Bits Sorted by Complexity

| Input Bit | Complexity | Occurrences | Output Occurrences | Collision Probability |
|:---------:|:----------:|:-----------:|:------------------:|:---------------------:|
| iv_509 | 4.5708960683676225 × 10^298 | 4188 | 80 | 2^-160.00000000000063 |
| iv_512 | 6.235109274516072 × 10^298 | 4301 | 81 | 2^-160.00000000000085 |
| iv_510 | 1.0801917151927443 × 10^299 | 4500 | 77 | 2^-160.00000000000082 |

### Input Bits Sorted by Occurrences

| Input Bit | Complexity | Occurrences | Output Occurrences | Collision Probability |
|:---------:|:----------:|:-----------:|:------------------:|:---------------------:|
| iv_509 | 4.5708960683676225 × 10^298 | 4188 | 80 | 2^-160.00000000000063 |
| iv_512 | 6.235109274516072 × 10^298 | 4301 | 81 | 2^-160.00000000000085 |
| iv_510 | 1.0801917151927443 × 10^299 | 4500 | 77 | 2^-160.00000000000082 |

### Input Bits Sorted by Output Occurrences

| Input Bit | Complexity | Occurrences | Output Occurrences | Collision Probability |
|:---------:|:----------:|:-----------:|:------------------:|:---------------------:|
| iv_510 | 1.0801917151927443 × 10^299 | 4500 | 77 | 2^-160.00000000000082 |
| iv_509 | 4.5708960683676225 × 10^298 | 4188 | 80 | 2^-160.00000000000063 |
| iv_512 | 6.235109274516072 × 10^298 | 4301 | 81 | 2^-160.00000000000085 |

### Input Bits Sorted by Collision Probability

| Input Bit | Complexity | Occurrences | Output Occurrences | Collision Probability |
|:---------:|:----------:|:-----------:|:------------------:|:---------------------:|
| iv_509 | 4.5708960683676225 × 10^298 | 4188 | 80 | 2^-160.00000000000063 |
| iv_510 | 1.0801917151927443 × 10^299 | 4500 | 77 | 2^-160.00000000000082 |
| iv_512 | 6.235109274516072 × 10^298 | 4301 | 81 | 2^-160.00000000000085 |

## Input Bit Co-occurrences

### Input Bit Co-occurrences Sorted by Co-occurrences

| Input Bits | Co-occurrences | Potential Occurrences | Output Co-occurrences | Potential Output Occurrences |
|:----------:|:--------------:|:---------------------:|:---------------------:|:----------------------------:|
| iv_510-iv_512 | 2107 | 4587 | 38 | 82 |
| iv_509-iv_510 | 2089 | 4510 | 40 | 77 |
| iv_509-iv_512 | 2033 | 4423 | 39 | 83 |

### Input Bit Co-occurrences Sorted by Potential Occurrences

| Input Bits | Co-occurrences | Potential Occurrences | Output Co-occurrences | Potential Output Occurrences |
|:----------:|:--------------:|:---------------------:|:---------------------:|:----------------------------:|
| iv_509-iv_512 | 2033 | 4423 | 39 | 83 |
| iv_509-iv_510 | 2089 | 4510 | 40 | 77 |
| iv_510-iv_512 | 2107 | 4587 | 38 | 82 |

### Input Bit Output Co-occurrences Sorted by Output Co-occurrences

| Input Bits | Co-occurrences | Potential Occurrences | Output Co-occurrences | Potential Output Occurrences |
|:----------:|:--------------:|:---------------------:|:---------------------:|:----------------------------:|
| iv_509-iv_510 | 2089 | 4510 | 40 | 77 |
| iv_509-iv_512 | 2033 | 4423 | 39 | 83 |
| iv_510-iv_512 | 2107 | 4587 | 38 | 82 |

### Input Bit Output Co-occurrences Sorted by Potential Output Occurrences

| Input Bits | Co-occurrences | Potential Occurrences | Output Co-occurrences | Potential Output Occurrences |
|:----------:|:--------------:|:---------------------:|:---------------------:|:----------------------------:|
| iv_509-iv_510 | 2089 | 4510 | 40 | 77 |
| iv_510-iv_512 | 2107 | 4587 | 38 | 82 |
| iv_509-iv_512 | 2033 | 4423 | 39 | 83 |

## Output Bits

### Output Bits in Regular Order

| Rank | Output Bit | Complexity |
|:----:|:----------:|:----------:|
| 1 | ov_001 | 3.259434682329866 × 10^298 |
| 2 | ov_002 | 2.8672063450641335 × 10^298 |
| 3 | ov_003 | 2.509065232962678 × 10^298 |
| 4 | ov_004 | 2.1831326657984409 × 10^298 |
| 5 | ov_005 | 1.887632660849072 × 10^298 |
| 6 | ov_006 | 1.6208844991305044 × 10^298 |
| 7 | ov_007 | 1.3812963339164483 × 10^298 |
| 8 | ov_008 | 1.1673597254819708 × 10^298 |
| 9 | ov_009 | 9.77644975929223 × 10^297 |
| 10 | ov_010 | 8.107971446833678 × 10^297 |
| 11 | ov_011 | 6.655326446845427 × 10^297 |
| 12 | ov_012 | 5.4063635072368735 × 10^297 |
| 13 | ov_013 | 4.338740847826288 × 10^297 |
| 14 | ov_014 | 3.431380378962695 × 10^297 |
| 15 | ov_015 | 2.6740548452479415 × 10^297 |
| 16 | ov_016 | 2.0481301212009454 × 10^297 |
| 17 | ov_017 | 1.5361637389836172 × 10^297 |
| 18 | ov_018 | 1.1218910468556213 × 10^297 |
| 19 | ov_019 | 7.97472709450632 × 10^296 |
| 20 | ov_020 | 5.48973370846047 × 10^296 |
| 21 | ov_021 | 3.636150393008491 × 10^296 |
| 22 | ov_022 | 2.2977483562022533 × 10^296 |
| 23 | ov_023 | 1.3698375362553632 × 10^296 |
| 24 | ov_024 | 7.592593326667517 × 10^295 |
| 25 | ov_025 | 3.843820611416112 × 10^295 |
| 26 | ov_026 | 1.7509821984378996 × 10^295 |
| 27 | ov_027 | 7.282301777873999 × 10^294 |
| 28 | ov_028 | 3.049368973274191 × 10^294 |
| 29 | ov_029 | 1.2569233677514336 × 10^294 |
| 30 | ov_030 | 4.1595735153023865 × 10^293 |
| 31 | ov_031 | 1.0072187344581615 × 10^293 |
| 32 | lv_80_m31 | 2.43768410558575 × 10^292 |
| 33 | ov_033 | 2.895858354054204 × 10^293 |
| 34 | ov_034 | 2.5103049340847694 × 10^293 |
| 35 | ov_035 | 2.1636252543437986 × 10^293 |
| 36 | ov_036 | 1.85344845104182 × 10^293 |
| 37 | ov_037 | 1.5775349483486911 × 10^293 |
| 38 | ov_038 | 1.3337665377589512 × 10^293 |
| 39 | ov_039 | 1.1201377220135837 × 10^293 |
| 40 | ov_040 | 9.347482539942209 × 10^292 |
| 41 | ov_041 | 7.757967897931271 × 10^292 |
| 42 | ov_042 | 6.399568884880013 × 10^292 |
| 43 | ov_043 | 5.240766836700701 × 10^292 |
| 44 | ov_044 | 4.2517224097493413 × 10^292 |
| 45 | ov_045 | 3.4042218238515843 × 10^292 |
| 46 | ov_046 | 2.684558591699942 × 10^292 |
| 47 | ov_047 | 2.0798080294661487 × 10^292 |
| 48 | ov_048 | 1.5778123636585574 × 10^292 |
| 49 | ov_049 | 1.167169165905785 × 10^292 |
| 50 | ov_050 | 8.37222473623061 × 10^291 |
| 51 | ov_051 | 5.780561647363524 × 10^291 |
| 52 | ov_052 | 3.8048927093890744 × 10^291 |
| 53 | ov_053 | 2.3607288737595464 × 10^291 |
| 54 | ov_054 | 1.3708826102688318 × 10^291 |
| 55 | ov_055 | 7.654567735957296 × 10^290 |
| 56 | ov_056 | 4.265073027419837 × 10^290 |
| 57 | ov_057 | 2.506510634614254 × 10^290 |
| 58 | ov_058 | 1.4906309308735552 × 10^290 |
| 59 | ov_059 | 8.097020540252345 × 10^289 |
| 60 | ov_060 | 3.9094495445323175 × 10^289 |
| 61 | ov_061 | 1.615812136903685 × 10^289 |
| 62 | ov_062 | 5.3625180539226556 × 10^288 |
| 63 | ov_063 | 1.3027036280204273 × 10^288 |
| 64 | lv_79_m31 | 3.1632866564516017 × 10^287 |
| 65 | ov_065 | 3.712911148251868 × 10^288 |
| 66 | ov_066 | 3.712901374343477 × 10^288 |
| 67 | ov_067 | 3.712898257219489 × 10^288 |
| 68 | ov_068 | 3.2336375693815606 × 10^288 |
| 69 | ov_069 | 2.798578832156102 × 10^288 |
| 70 | ov_070 | 2.4053245560420383 × 10^288 |
| 71 | ov_071 | 2.0516069251183718 × 10^288 |
| 72 | ov_072 | 1.7352782594172995 × 10^288 |
| 73 | ov_073 | 1.454302766356264 × 10^288 |
| 74 | ov_074 | 1.206749460760995 × 10^288 |
| 75 | ov_075 | 9.907861393638392 × 10^287 |
| 76 | ov_076 | 8.046743017376518 × 10^287 |
| 77 | ov_077 | 6.467649154740236 × 10^287 |
| 78 | ov_078 | 5.140150281036731 × 10^287 |
| 79 | ov_079 | 4.035457289012994 × 10^287 |
| 80 | ov_080 | 3.1263812111274786 × 10^287 |
| 81 | ov_081 | 2.3873020077293857 × 10^287 |
| 82 | ov_082 | 1.7941449724833044 × 10^287 |
| 83 | ov_083 | 1.324363410193083 × 10^287 |
| 84 | ov_084 | 9.56926345464626 × 10^286 |
| 85 | ov_085 | 6.723101235898757 × 10^286 |
| 86 | ov_086 | 4.524928677710665 × 10^286 |
| 87 | ov_087 | 2.8883853899400083 × 10^286 |
| 88 | ov_088 | 1.7345945768820374 × 10^286 |
| 89 | ov_089 | 9.92152875288868 × 10^285 |
| 90 | ov_090 | 5.406470584971217 × 10^285 |
| 91 | ov_091 | 2.74583245532783 × 10^285 |
| 92 | ov_092 | 1.4494356189284418 × 10^285 |
| 93 | ov_093 | 7.606058233003767 × 10^284 |
| 94 | ov_094 | 3.382836236338757 × 10^284 |
| 95 | aaa_78_28 | 1.0791829282033456 × 10^284 |
| 96 | aaa_78_29 | 4.040065992257348 × 10^283 |
| 97 | ov_097 | 3.6617252971849037 × 10^283 |
| 98 | ov_098 | 3.6617078725266454 × 10^283 |
| 99 | ov_099 | 3.6617022807145415 × 10^283 |
| 100 | ov_100 | 3.1576412932801847 × 10^283 |
| 101 | ov_101 | 2.7077263002620406 × 10^283 |
| 102 | ov_102 | 2.3077649081507506 × 10^283 |
| 103 | ov_103 | 1.95379886699517 × 10^283 |
| 104 | ov_104 | 1.6420864680860016 × 10^283 |
| 105 | ov_105 | 1.369087156282011 × 10^283 |
| 106 | ov_106 | 1.1314482170936293 × 10^283 |
| 107 | ov_107 | 9.259933552185995 × 10^282 |
| 108 | ov_108 | 7.497129658135438 × 10^282 |
| 109 | ov_109 | 5.997559109234376 × 10^282 |
| 110 | ov_110 | 4.7342264439477915 × 10^282 |
| 111 | ov_111 | 3.681595592013027 × 10^282 |
| 112 | ov_112 | 2.815544211939602 × 10^282 |
| 113 | ov_113 | 2.1133274318952464 × 10^282 |
| 114 | ov_114 | 1.5535496322196747 × 10^282 |
| 115 | ov_115 | 1.1161430059089102 × 10^282 |
| 116 | ov_116 | 7.823517307981214 × 10^281 |
| 117 | ov_117 | 5.347206840603444 × 10^281 |
| 118 | ov_118 | 3.5708772620442564 × 10^281 |
| 119 | ov_119 | 2.345786781289721 × 10^281 |
| 120 | ov_120 | 1.5360421106215326 × 10^281 |
| 121 | ov_121 | 1.018580328959673 × 10^281 |
| 122 | ov_122 | 6.831591807757111 × 10^280 |
| 123 | ov_123 | 4.323520036246548 × 10^280 |
| 124 | ov_124 | 2.5334774414979514 × 10^280 |
| 125 | ov_125 | 1.3333615789638646 × 10^280 |
| 126 | ov_126 | 5.950733232077738 × 10^279 |
| 127 | aaa_77_28 | 1.9051460983094508 × 10^279 |
| 128 | aaa_77_29 | 7.16821131931205 × 10^278 |
| 129 | ov_129 | 6.614852350089247 × 10^278 |
| 130 | ov_130 | 6.614835858281684 × 10^278 |
| 131 | ov_131 | 6.614830553542698 × 10^278 |
| 132 | ov_132 | 5.773595134473999 × 10^278 |
| 133 | ov_133 | 5.0086881035306806 × 10^278 |
| 134 | ov_134 | 4.316081072279461 × 10^278 |
| 135 | ov_135 | 3.6919776674329674 × 10^278 |
| 136 | ov_136 | 3.132796456963938 × 10^278 |
| 137 | ov_137 | 2.6351557621756248 × 10^278 |
| 138 | ov_138 | 2.1958602283338398 × 10^278 |
| 139 | ov_139 | 1.811889033210506 × 10^278 |
| 140 | ov_140 | 1.4803856193338192 × 10^278 |
| 141 | ov_141 | 1.1960955715456284 × 10^278 |
| 142 | ov_142 | 9.540539026341398 × 10^277 |
| 143 | ov_143 | 7.495735388924695 × 10^277 |
| 144 | ov_144 | 5.782359567223309 × 10^277 |
| 145 | ov_145 | 4.37897989416206 × 10^277 |
| 146 | ov_146 | 3.246575069311557 × 10^277 |
| 147 | ov_147 | 2.3486322864811126 × 10^277 |
| 148 | ov_148 | 1.6511139578901479 × 10^277 |
| 149 | ov_149 | 1.122433294382242 × 10^277 |
| 150 | ov_150 | 7.33436765765821 × 10^276 |
| 151 | ov_151 | 4.5739197704568784 × 10^276 |
| 152 | ov_152 | 2.699798915103686 × 10^276 |
| 153 | ov_153 | 1.4929034248008582 × 10^276 |
| 154 | ov_154 | 7.581971053919867 × 10^275 |
| 155 | ov_155 | 3.246980174531822 × 10^275 |
| 156 | aaa_76_25 | 1.1292799234607713 × 10^275 |
| 157 | aaa_76_26 | 6.951807774486263 × 10^274 |
| 158 | aaa_76_27 | 3.813028527506131 × 10^274 |
| 159 | aaa_76_28 | 1.7978357139863855 × 10^274 |
| 160 | aaa_76_29 | 6.773962666577965 × 10^273 |

### Output Bits Sorted by Complexity

| Rank | Output Bit | Complexity |
|:----:|:----------:|:----------:|
| 160 | aaa_76_29 | 6.773962666577965 × 10^273 |
| 159 | aaa_76_28 | 1.7978357139863855 × 10^274 |
| 158 | aaa_76_27 | 3.813028527506131 × 10^274 |
| 157 | aaa_76_26 | 6.951807774486263 × 10^274 |
| 156 | aaa_76_25 | 1.1292799234607713 × 10^275 |
| 155 | ov_155 | 3.246980174531822 × 10^275 |
| 154 | ov_154 | 7.581971053919867 × 10^275 |
| 153 | ov_153 | 1.4929034248008582 × 10^276 |
| 152 | ov_152 | 2.699798915103686 × 10^276 |
| 151 | ov_151 | 4.5739197704568784 × 10^276 |
| 150 | ov_150 | 7.33436765765821 × 10^276 |
| 149 | ov_149 | 1.122433294382242 × 10^277 |
| 148 | ov_148 | 1.6511139578901479 × 10^277 |
| 147 | ov_147 | 2.3486322864811126 × 10^277 |
| 146 | ov_146 | 3.246575069311557 × 10^277 |
| 145 | ov_145 | 4.37897989416206 × 10^277 |
| 144 | ov_144 | 5.782359567223309 × 10^277 |
| 143 | ov_143 | 7.495735388924695 × 10^277 |
| 142 | ov_142 | 9.540539026341398 × 10^277 |
| 141 | ov_141 | 1.1960955715456284 × 10^278 |
| 140 | ov_140 | 1.4803856193338192 × 10^278 |
| 139 | ov_139 | 1.811889033210506 × 10^278 |
| 138 | ov_138 | 2.1958602283338398 × 10^278 |
| 137 | ov_137 | 2.6351557621756248 × 10^278 |
| 136 | ov_136 | 3.132796456963938 × 10^278 |
| 135 | ov_135 | 3.6919776674329674 × 10^278 |
| 134 | ov_134 | 4.316081072279461 × 10^278 |
| 133 | ov_133 | 5.0086881035306806 × 10^278 |
| 132 | ov_132 | 5.773595134473999 × 10^278 |
| 131 | ov_131 | 6.614830553542698 × 10^278 |
| 130 | ov_130 | 6.614835858281684 × 10^278 |
| 129 | ov_129 | 6.614852350089247 × 10^278 |
| 128 | aaa_77_29 | 7.16821131931205 × 10^278 |
| 127 | aaa_77_28 | 1.9051460983094508 × 10^279 |
| 126 | ov_126 | 5.950733232077738 × 10^279 |
| 125 | ov_125 | 1.3333615789638646 × 10^280 |
| 124 | ov_124 | 2.5334774414979514 × 10^280 |
| 123 | ov_123 | 4.323520036246548 × 10^280 |
| 122 | ov_122 | 6.831591807757111 × 10^280 |
| 121 | ov_121 | 1.018580328959673 × 10^281 |
| 120 | ov_120 | 1.5360421106215326 × 10^281 |
| 119 | ov_119 | 2.345786781289721 × 10^281 |
| 118 | ov_118 | 3.5708772620442564 × 10^281 |
| 117 | ov_117 | 5.347206840603444 × 10^281 |
| 116 | ov_116 | 7.823517307981214 × 10^281 |
| 115 | ov_115 | 1.1161430059089102 × 10^282 |
| 114 | ov_114 | 1.5535496322196747 × 10^282 |
| 113 | ov_113 | 2.1133274318952464 × 10^282 |
| 112 | ov_112 | 2.815544211939602 × 10^282 |
| 111 | ov_111 | 3.681595592013027 × 10^282 |
| 110 | ov_110 | 4.7342264439477915 × 10^282 |
| 109 | ov_109 | 5.997559109234376 × 10^282 |
| 108 | ov_108 | 7.497129658135438 × 10^282 |
| 107 | ov_107 | 9.259933552185995 × 10^282 |
| 106 | ov_106 | 1.1314482170936293 × 10^283 |
| 105 | ov_105 | 1.369087156282011 × 10^283 |
| 104 | ov_104 | 1.6420864680860016 × 10^283 |
| 103 | ov_103 | 1.95379886699517 × 10^283 |
| 102 | ov_102 | 2.3077649081507506 × 10^283 |
| 101 | ov_101 | 2.7077263002620406 × 10^283 |
| 100 | ov_100 | 3.1576412932801847 × 10^283 |
| 99 | ov_099 | 3.6617022807145415 × 10^283 |
| 98 | ov_098 | 3.6617078725266454 × 10^283 |
| 97 | ov_097 | 3.6617252971849037 × 10^283 |
| 96 | aaa_78_29 | 4.040065992257348 × 10^283 |
| 95 | aaa_78_28 | 1.0791829282033456 × 10^284 |
| 94 | ov_094 | 3.382836236338757 × 10^284 |
| 93 | ov_093 | 7.606058233003767 × 10^284 |
| 92 | ov_092 | 1.4494356189284418 × 10^285 |
| 91 | ov_091 | 2.74583245532783 × 10^285 |
| 90 | ov_090 | 5.406470584971217 × 10^285 |
| 89 | ov_089 | 9.92152875288868 × 10^285 |
| 88 | ov_088 | 1.7345945768820374 × 10^286 |
| 87 | ov_087 | 2.8883853899400083 × 10^286 |
| 86 | ov_086 | 4.524928677710665 × 10^286 |
| 85 | ov_085 | 6.723101235898757 × 10^286 |
| 84 | ov_084 | 9.56926345464626 × 10^286 |
| 83 | ov_083 | 1.324363410193083 × 10^287 |
| 82 | ov_082 | 1.7941449724833044 × 10^287 |
| 81 | ov_081 | 2.3873020077293857 × 10^287 |
| 80 | ov_080 | 3.1263812111274786 × 10^287 |
| 64 | lv_79_m31 | 3.1632866564516017 × 10^287 |
| 79 | ov_079 | 4.035457289012994 × 10^287 |
| 78 | ov_078 | 5.140150281036731 × 10^287 |
| 77 | ov_077 | 6.467649154740236 × 10^287 |
| 76 | ov_076 | 8.046743017376518 × 10^287 |
| 75 | ov_075 | 9.907861393638392 × 10^287 |
| 74 | ov_074 | 1.206749460760995 × 10^288 |
| 63 | ov_063 | 1.3027036280204273 × 10^288 |
| 73 | ov_073 | 1.454302766356264 × 10^288 |
| 72 | ov_072 | 1.7352782594172995 × 10^288 |
| 71 | ov_071 | 2.0516069251183718 × 10^288 |
| 70 | ov_070 | 2.4053245560420383 × 10^288 |
| 69 | ov_069 | 2.798578832156102 × 10^288 |
| 68 | ov_068 | 3.2336375693815606 × 10^288 |
| 67 | ov_067 | 3.712898257219489 × 10^288 |
| 66 | ov_066 | 3.712901374343477 × 10^288 |
| 65 | ov_065 | 3.712911148251868 × 10^288 |
| 62 | ov_062 | 5.3625180539226556 × 10^288 |
| 61 | ov_061 | 1.615812136903685 × 10^289 |
| 60 | ov_060 | 3.9094495445323175 × 10^289 |
| 59 | ov_059 | 8.097020540252345 × 10^289 |
| 58 | ov_058 | 1.4906309308735552 × 10^290 |
| 57 | ov_057 | 2.506510634614254 × 10^290 |
| 56 | ov_056 | 4.265073027419837 × 10^290 |
| 55 | ov_055 | 7.654567735957296 × 10^290 |
| 54 | ov_054 | 1.3708826102688318 × 10^291 |
| 53 | ov_053 | 2.3607288737595464 × 10^291 |
| 52 | ov_052 | 3.8048927093890744 × 10^291 |
| 51 | ov_051 | 5.780561647363524 × 10^291 |
| 50 | ov_050 | 8.37222473623061 × 10^291 |
| 49 | ov_049 | 1.167169165905785 × 10^292 |
| 48 | ov_048 | 1.5778123636585574 × 10^292 |
| 47 | ov_047 | 2.0798080294661487 × 10^292 |
| 32 | lv_80_m31 | 2.43768410558575 × 10^292 |
| 46 | ov_046 | 2.684558591699942 × 10^292 |
| 45 | ov_045 | 3.4042218238515843 × 10^292 |
| 44 | ov_044 | 4.2517224097493413 × 10^292 |
| 43 | ov_043 | 5.240766836700701 × 10^292 |
| 42 | ov_042 | 6.399568884880013 × 10^292 |
| 41 | ov_041 | 7.757967897931271 × 10^292 |
| 40 | ov_040 | 9.347482539942209 × 10^292 |
| 31 | ov_031 | 1.0072187344581615 × 10^293 |
| 39 | ov_039 | 1.1201377220135837 × 10^293 |
| 38 | ov_038 | 1.3337665377589512 × 10^293 |
| 37 | ov_037 | 1.5775349483486911 × 10^293 |
| 36 | ov_036 | 1.85344845104182 × 10^293 |
| 35 | ov_035 | 2.1636252543437986 × 10^293 |
| 34 | ov_034 | 2.5103049340847694 × 10^293 |
| 33 | ov_033 | 2.895858354054204 × 10^293 |
| 30 | ov_030 | 4.1595735153023865 × 10^293 |
| 29 | ov_029 | 1.2569233677514336 × 10^294 |
| 28 | ov_028 | 3.049368973274191 × 10^294 |
| 27 | ov_027 | 7.282301777873999 × 10^294 |
| 26 | ov_026 | 1.7509821984378996 × 10^295 |
| 25 | ov_025 | 3.843820611416112 × 10^295 |
| 24 | ov_024 | 7.592593326667517 × 10^295 |
| 23 | ov_023 | 1.3698375362553632 × 10^296 |
| 22 | ov_022 | 2.2977483562022533 × 10^296 |
| 21 | ov_021 | 3.636150393008491 × 10^296 |
| 20 | ov_020 | 5.48973370846047 × 10^296 |
| 19 | ov_019 | 7.97472709450632 × 10^296 |
| 18 | ov_018 | 1.1218910468556213 × 10^297 |
| 17 | ov_017 | 1.5361637389836172 × 10^297 |
| 16 | ov_016 | 2.0481301212009454 × 10^297 |
| 15 | ov_015 | 2.6740548452479415 × 10^297 |
| 14 | ov_014 | 3.431380378962695 × 10^297 |
| 13 | ov_013 | 4.338740847826288 × 10^297 |
| 12 | ov_012 | 5.4063635072368735 × 10^297 |
| 11 | ov_011 | 6.655326446845427 × 10^297 |
| 10 | ov_010 | 8.107971446833678 × 10^297 |
| 9 | ov_009 | 9.77644975929223 × 10^297 |
| 8 | ov_008 | 1.1673597254819708 × 10^298 |
| 7 | ov_007 | 1.3812963339164483 × 10^298 |
| 6 | ov_006 | 1.6208844991305044 × 10^298 |
| 5 | ov_005 | 1.887632660849072 × 10^298 |
| 4 | ov_004 | 2.1831326657984409 × 10^298 |
| 3 | ov_003 | 2.509065232962678 × 10^298 |
| 2 | ov_002 | 2.8672063450641335 × 10^298 |
| 1 | ov_001 | 3.259434682329866 × 10^298 |

