# Results for F001-F002-F003-F004-F005-F006-F007-F008-F009-F010-F011-F012-F013-F014-F015-F016-F017-F018-F019-F020-F021-F022-F023-F024-F025-F026-F027-F028-F029-F030-F031-F032-F033-F034-F035-F036-F037-F038-F039-F040-F041-F042-F043-F044-F045-F046-F047-F048-F049-F050-F051-F052-F053-F054-F055-F056-F057-F058-F059-F060-F061-F062-F063-F064-F065-F066-F067-F068-F069-F070-F071-F072-F073-F074-F075-F076-F077-F078-F079-F080-F081-F082-F083-F084-F085-F086-F087-F088-F089-F090-F091-F092-F093-F094-F095-F096-F097-F098-F099-F100-F101-F102-F103-F104-F105-F106-F107-F108-F109-F110-F111-F112-F113-F114-F115-F116-F117-F118-F119-F120-F121-F122-F123-F124-F125-F126-F127-F128-F129-F130-F131-F132-F133-F134-F135-F136-F137-F138-F139-F140-F141-F142-F143-F144-F145-F146-F147-F148-F149-F150-F151-F152-F153-F154-F155-F156-F157-F158-F159-F160-F161-F162-F163-F164-F165-F166-F167-F168-F169-F170-F171-F172-F173-F174-F175-F176-F177-F178-F179-F180-F181-F182-F183-F184-F185-F186-F187-F188-F189-F190-F191-F192-F193-F194-F195-F196-F197-F198-F199-F200-F201-F202-F203-F204-F205-F206-F207-F208-F209-F210-F211-F212-F213-F214-F215-F216-F217-F218-F219-F220-F221-F222-F223-F224-F225-F226-F227-F228-F229-F230-F231-F232-F233-F234-F235-F236-F237-F238-F239-F240-F241-F242-F243-F244-F245-F246-F247-F248-F249-F250-F251-F252-F253-F254-F255-F256-F257-F258-F259-F260-F261-F262-F263-F264-F265-F266-F267-F268-F269-F270-F271-F272-F273-F274-F275-F276-F277-F278-F279-F280-F281-F282-F283-F284-F285-F286-F287-F288-F289-F290-F291-F292-F293-F294-F295-F296-F297-F298-F299-F300-F301-F302-F303-F304-F305-F306-F307-F308-F309-F310-F311-F312-F313-F314-F315-F316-F317-F318-F319-F320-F321-F322-F323-F324-F325-F326-F327-F328-F329-F330-F331-F332-F333-F334-F335-F336-F337-F338-F339-F340-F341-F342-F343-F344-F345-F346-F347-F348-F349-F350-F351-F352-F353-F354-F355-F356-F357-F358-F359-F360-F361-F362-F363-F364-F365-F366-F367-F368-F369-F370-F371-F372-F373-F374-F375-F376-F377-F378-F379-F380-F381-F382-F383-F384-F385-F386-F387-F388-F389-F390-F391-F392-F393-F394-F395-F396-F397-F398-F399-F400-F401-F402-F403-F404-F405-F406-F407-F408-F409-F410-F411-F412-F413-F414-F415-F416-F417-F418-F419-F420-F421-F422-F423-F424-F425-F426-F427-F428-F429-F430-F431-F432-F433-F434-F435-F436-F437-F438-F439-F440-F441-F442-F443-F444-F445-F446-F447-F448-F449-F450-F451-F452-F453-F454-F455-F456-F457-F458-F459-F460-F461-F462-F463-F464-F465-F466-F467-F468-F469-F470-F471-F472-F473-F474-F475-F476-F477-F478-F479-F480-F481-F482-F483-F484-F485-F486-F487-F488-F489-F490-F491-F492-F493-F494-F495-F496-F497-F498-F499-F500-F501-F502-F503-F504-F505-F506-F507-F508-E509510

## Summary

Number of input bits: 512  
Number of free input bits: 3  
Number of output bits: 160

Number of direct occurrences: 12984  
Number of assignments: 29764  
Number of operations: 10830918
(xor: 10806080,
and: 12544,
or: 12294)

Total complexity: 6.089756102730032 × 10^293

Least occurring input variable: iv_511 (4169)  
Most occurring input variable: iv_509 (4567)

Most co-occurring input variables: iv_509-iv_512 (2182)  
Least co-occurring input variables: iv_511-iv_512 (2029)

Potentially most occurring input variable: iv_509/iv_511 (4532)  
Potentially least occurring input variable: iv_511/iv_512 (4359)

Least output occurring input variable: iv_512 (72)  
Most output occurring input variable: iv_509 (88)

Most output co-occurring input variables: iv_509-iv_511 (44)  
Least output co-occurring input variables: iv_511-iv_512 (38)

Potentially most output occurring input variable: iv_509/iv_511 (86)  
Potentially least output occurring input variable: iv_509/iv_512 (78)

Least complex input bit: iv_511 (1.8211125527716062 × 10^293)  
Most complex input bit: iv_512 (2.2281573814891546 × 10^293)

Least complex output bit: aaa_76_29 (1.602867022872085 × 10^269)  
Most complex output bit: ov_001 (9.216085027949465 × 10^292)

Least complex input/output complexity: iv_511/aaa_76_29 (4.793297476178761 × 10^268)  
Most complex input/output complexity: iv_512/ov_001 (3.3720378184360337 × 10^292)

Input variable with highest collision probability: iv_512 (2^-160.00000000000077)

## Input Bits

### Input Bits in Regular Order

| Input Bit | Complexity | Occurrences | Output Occurrences | Collision Probability |
|:---------:|:----------:|:-----------:|:------------------:|:---------------------:|
| iv_509 | 2.0404861684692715 × 10^293 | 4567 | 88 | 2^-160.0000000000008 |
| iv_511 | 1.8211125527716062 × 10^293 | 4169 | 86 | 2^-160.0000000000008 |
| iv_512 | 2.2281573814891546 × 10^293 | 4248 | 72 | 2^-160.00000000000077 |

### Input Bits Sorted by Complexity

| Input Bit | Complexity | Occurrences | Output Occurrences | Collision Probability |
|:---------:|:----------:|:-----------:|:------------------:|:---------------------:|
| iv_511 | 1.8211125527716062 × 10^293 | 4169 | 86 | 2^-160.0000000000008 |
| iv_509 | 2.0404861684692715 × 10^293 | 4567 | 88 | 2^-160.0000000000008 |
| iv_512 | 2.2281573814891546 × 10^293 | 4248 | 72 | 2^-160.00000000000077 |

### Input Bits Sorted by Occurrences

| Input Bit | Complexity | Occurrences | Output Occurrences | Collision Probability |
|:---------:|:----------:|:-----------:|:------------------:|:---------------------:|
| iv_511 | 1.8211125527716062 × 10^293 | 4169 | 86 | 2^-160.0000000000008 |
| iv_512 | 2.2281573814891546 × 10^293 | 4248 | 72 | 2^-160.00000000000077 |
| iv_509 | 2.0404861684692715 × 10^293 | 4567 | 88 | 2^-160.0000000000008 |

### Input Bits Sorted by Output Occurrences

| Input Bit | Complexity | Occurrences | Output Occurrences | Collision Probability |
|:---------:|:----------:|:-----------:|:------------------:|:---------------------:|
| iv_512 | 2.2281573814891546 × 10^293 | 4248 | 72 | 2^-160.00000000000077 |
| iv_511 | 1.8211125527716062 × 10^293 | 4169 | 86 | 2^-160.0000000000008 |
| iv_509 | 2.0404861684692715 × 10^293 | 4567 | 88 | 2^-160.0000000000008 |

### Input Bits Sorted by Collision Probability

| Input Bit | Complexity | Occurrences | Output Occurrences | Collision Probability |
|:---------:|:----------:|:-----------:|:------------------:|:---------------------:|
| iv_512 | 2.2281573814891546 × 10^293 | 4248 | 72 | 2^-160.00000000000077 |
| iv_509 | 2.0404861684692715 × 10^293 | 4567 | 88 | 2^-160.0000000000008 |
| iv_511 | 1.8211125527716062 × 10^293 | 4169 | 86 | 2^-160.0000000000008 |

## Input Bit Co-occurrences

### Input Bit Co-occurrences Sorted by Co-occurrences

| Input Bits | Co-occurrences | Potential Occurrences | Output Co-occurrences | Potential Output Occurrences |
|:----------:|:--------------:|:---------------------:|:---------------------:|:----------------------------:|
| iv_509-iv_512 | 2182 | 4451 | 41 | 78 |
| iv_509-iv_511 | 2102 | 4532 | 44 | 86 |
| iv_511-iv_512 | 2029 | 4359 | 38 | 82 |

### Input Bit Co-occurrences Sorted by Potential Occurrences

| Input Bits | Co-occurrences | Potential Occurrences | Output Co-occurrences | Potential Output Occurrences |
|:----------:|:--------------:|:---------------------:|:---------------------:|:----------------------------:|
| iv_511-iv_512 | 2029 | 4359 | 38 | 82 |
| iv_509-iv_512 | 2182 | 4451 | 41 | 78 |
| iv_509-iv_511 | 2102 | 4532 | 44 | 86 |

### Input Bit Output Co-occurrences Sorted by Output Co-occurrences

| Input Bits | Co-occurrences | Potential Occurrences | Output Co-occurrences | Potential Output Occurrences |
|:----------:|:--------------:|:---------------------:|:---------------------:|:----------------------------:|
| iv_509-iv_511 | 2102 | 4532 | 44 | 86 |
| iv_509-iv_512 | 2182 | 4451 | 41 | 78 |
| iv_511-iv_512 | 2029 | 4359 | 38 | 82 |

### Input Bit Output Co-occurrences Sorted by Potential Output Occurrences

| Input Bits | Co-occurrences | Potential Occurrences | Output Co-occurrences | Potential Output Occurrences |
|:----------:|:--------------:|:---------------------:|:---------------------:|:----------------------------:|
| iv_509-iv_512 | 2182 | 4451 | 41 | 78 |
| iv_511-iv_512 | 2029 | 4359 | 38 | 82 |
| iv_509-iv_511 | 2102 | 4532 | 44 | 86 |

## Output Bits

### Output Bits in Regular Order

| Rank | Output Bit | Complexity |
|:----:|:----------:|:----------:|
| 1 | ov_001 | 9.216085027949465 × 10^292 |
| 2 | ov_002 | 8.102253842819841 × 10^292 |
| 3 | ov_003 | 7.085886736263271 × 10^292 |
| 4 | ov_004 | 6.161523040416276 × 10^292 |
| 5 | ov_005 | 5.324000589455094 × 10^292 |
| 6 | ov_006 | 4.568434111580005 × 10^292 |
| 7 | ov_007 | 3.8901966508521683 × 10^292 |
| 8 | ov_008 | 3.284903681535288 × 10^292 |
| 9 | ov_009 | 2.748399548258575 × 10^292 |
| 10 | ov_010 | 2.2767458848535546 × 10^292 |
| 11 | ov_011 | 1.866211721212134 × 10^292 |
| 12 | ov_012 | 1.513265078860441 × 10^292 |
| 13 | ov_013 | 1.211411908431929 × 10^292 |
| 14 | ov_014 | 9.574982134641551 × 10^291 |
| 15 | ov_015 | 7.457558914293624 × 10^291 |
| 16 | ov_016 | 5.707685746998236 × 10^291 |
| 17 | ov_017 | 4.274662699776105 × 10^291 |
| 18 | ov_018 | 3.1339999390868114 × 10^291 |
| 19 | ov_019 | 2.2418158530970438 × 10^291 |
| 20 | ov_020 | 1.5576045425863757 × 10^291 |
| 21 | ov_021 | 1.0442242020216869 × 10^291 |
| 22 | ov_022 | 6.678905786363844 × 10^290 |
| 23 | ov_023 | 3.9817337247112955 × 10^290 |
| 24 | ov_024 | 2.206955971136899 × 10^290 |
| 25 | ov_025 | 1.1172931817445592 × 10^290 |
| 26 | ov_026 | 5.089633135699561 × 10^289 |
| 27 | ov_027 | 2.1167735728810098 × 10^289 |
| 28 | ov_028 | 8.863735182024066 × 10^288 |
| 29 | ov_029 | 3.653562371398917 × 10^288 |
| 30 | ov_030 | 1.2090862172037666 × 10^288 |
| 31 | ov_031 | 2.9277423650292646 × 10^287 |
| 32 | lv_80_m31 | 7.085767838745996 × 10^286 |
| 33 | ov_033 | 8.417190975514341 × 10^287 |
| 34 | ov_034 | 7.296530249175249 × 10^287 |
| 35 | ov_035 | 6.288841476825666 × 10^287 |
| 36 | ov_036 | 5.3872424409296805 × 10^287 |
| 37 | ov_037 | 4.585230427808243 × 10^287 |
| 38 | ov_038 | 3.87665364383648 × 10^287 |
| 39 | ov_039 | 3.2556863213884126 × 10^287 |
| 40 | ov_040 | 2.716807301049965 × 10^287 |
| 41 | ov_041 | 2.254781845426137 × 10^287 |
| 42 | ov_042 | 1.8599412267438337 × 10^287 |
| 43 | ov_043 | 1.5231231625940841 × 10^287 |
| 44 | ov_044 | 1.2356528645013968 × 10^287 |
| 45 | ov_045 | 9.893277069064281 × 10^286 |
| 46 | ov_046 | 7.801627101423995 × 10^286 |
| 47 | ov_047 | 6.044001393750434 × 10^286 |
| 48 | ov_048 | 4.585052499243578 × 10^286 |
| 49 | ov_049 | 3.39162975144166 × 10^286 |
| 50 | ov_050 | 2.4327537303422104 × 10^286 |
| 51 | ov_051 | 1.6795970815373107 × 10^286 |
| 52 | ov_052 | 1.1054707878548976 × 10^286 |
| 53 | ov_053 | 6.858149179849809 × 10^285 |
| 54 | ov_054 | 3.9819280085640205 × 10^285 |
| 55 | ov_055 | 2.2228770160823802 × 10^285 |
| 56 | ov_056 | 1.23819905625283 × 10^285 |
| 57 | ov_057 | 7.274381674208173 × 10^284 |
| 58 | ov_058 | 4.324714680071421 × 10^284 |
| 59 | ov_059 | 2.3482005416886856 × 10^284 |
| 60 | ov_060 | 1.1332090852938506 × 10^284 |
| 61 | ov_061 | 4.681120734180062 × 10^283 |
| 62 | ov_062 | 1.5527169243969004 × 10^283 |
| 63 | ov_063 | 3.7697770787314674 × 10^282 |
| 64 | lv_79_m31 | 9.148684673717233 × 10^281 |
| 65 | ov_065 | 1.073132536672689 × 10^283 |
| 66 | ov_066 | 1.0731295336787328 × 10^283 |
| 67 | ov_067 | 1.073128560547208 × 10^283 |
| 68 | ov_068 | 9.332293444522578 × 10^282 |
| 69 | ov_069 | 8.065523711824063 × 10^282 |
| 70 | ov_070 | 6.923200745520943 × 10^282 |
| 71 | ov_071 | 5.898029072710552 × 10^282 |
| 72 | ov_072 | 4.9831606040193674 × 10^282 |
| 73 | ov_073 | 4.1721646732205265 × 10^282 |
| 74 | ov_074 | 3.459000771823388 × 10^282 |
| 75 | ov_075 | 2.8379938350848394 × 10^282 |
| 76 | ov_076 | 2.3038119412608307 × 10^282 |
| 77 | ov_077 | 1.851446290263899 × 10^282 |
| 78 | ov_078 | 1.4717791789942685 × 10^282 |
| 79 | ov_079 | 1.1562577458802585 × 10^282 |
| 80 | ov_080 | 8.968678320113716 × 10^281 |
| 81 | ov_081 | 6.861112625036949 × 10^281 |
| 82 | ov_082 | 5.169863028755218 × 10^281 |
| 83 | ov_083 | 3.829710465061002 × 10^281 |
| 84 | ov_084 | 2.7800949009308926 × 10^281 |
| 85 | ov_085 | 1.9650005453443 × 10^281 |
| 86 | ov_086 | 1.3328630895279353 × 10^281 |
| 87 | ov_087 | 8.590029559713118 × 10^280 |
| 88 | ov_088 | 5.20913746119893 × 10^280 |
| 89 | ov_089 | 2.982382555202713 × 10^280 |
| 90 | ov_090 | 1.5664640906615956 × 10^280 |
| 91 | ov_091 | 8.003334673333349 × 10^279 |
| 92 | ov_092 | 4.2524490496336746 × 10^279 |
| 93 | ov_093 | 2.24611966480012 × 10^279 |
| 94 | ov_094 | 1.0067620994396016 × 10^279 |
| 95 | aaa_78_28 | 3.2379022661490856 × 10^278 |
| 96 | aaa_78_29 | 1.2267523767673788 × 10^278 |
| 97 | ov_097 | 1.3363448521391053 × 10^278 |
| 98 | ov_098 | 1.3363037306388352 × 10^278 |
| 99 | ov_099 | 1.336290534585636 × 10^278 |
| 100 | ov_100 | 1.2025373110985897 × 10^278 |
| 101 | ov_101 | 1.0786831031725584 × 10^278 |
| 102 | ov_102 | 9.641750955809416 × 10^277 |
| 103 | ov_103 | 8.585020053168727 × 10^277 |
| 104 | ov_104 | 7.611888527010873 × 10^277 |
| 105 | ov_105 | 6.7179206348617395 × 10^277 |
| 106 | ov_106 | 5.898950046975242 × 10^277 |
| 107 | ov_107 | 5.151039906756661 × 10^277 |
| 108 | ov_108 | 4.470447329647016 × 10^277 |
| 109 | ov_109 | 3.8535916092231175 × 10^277 |
| 110 | ov_110 | 3.2970254063838564 × 10^277 |
| 111 | ov_111 | 2.7974091562798135 × 10^277 |
| 112 | ov_112 | 2.35148893190823 × 10^277 |
| 113 | ov_113 | 1.9560775298880789 × 10^277 |
| 114 | ov_114 | 1.6080385462883634 × 10^277 |
| 115 | ov_115 | 1.304273212077761 × 10^277 |
| 116 | ov_116 | 1.0417097589367365 × 10^277 |
| 117 | ov_117 | 8.172950869388443 × 10^276 |
| 118 | ov_118 | 6.279885060634769 × 10^276 |
| 119 | ov_119 | 4.7075713567911686 × 10^276 |
| 120 | ov_120 | 3.425725462522574 × 10^276 |
| 121 | ov_121 | 2.4040860371744912 × 10^276 |
| 122 | ov_122 | 1.612403742564367 × 10^276 |
| 123 | ov_123 | 1.020436106452814 × 10^276 |
| 124 | ov_124 | 5.979445325780003 × 10^275 |
| 125 | ov_125 | 3.146923387108531 × 10^275 |
| 126 | ov_126 | 1.4044362799548104 × 10^275 |
| 127 | aaa_77_28 | 4.4962754640880634 × 10^274 |
| 128 | aaa_77_29 | 1.6917076730410639 × 10^274 |
| 129 | ov_129 | 1.5616744279728817 × 10^274 |
| 130 | ov_130 | 1.56167052564462 × 10^274 |
| 131 | ov_131 | 1.5616692704222537 × 10^274 |
| 132 | ov_132 | 1.3630829773641152 × 10^274 |
| 133 | ov_133 | 1.1825290387520605 × 10^274 |
| 134 | ov_134 | 1.019054251380513 × 10^274 |
| 135 | ov_135 | 8.717603127005179 × 10^273 |
| 136 | ov_136 | 7.397997806956196 × 10^273 |
| 137 | ov_137 | 6.223724800010433 × 10^273 |
| 138 | ov_138 | 5.187223241274725 × 10^273 |
| 139 | ov_139 | 4.2813452524565933 × 10^273 |
| 140 | ov_140 | 3.4993316451230504 × 10^273 |
| 141 | ov_141 | 2.8287494331069446 × 10^273 |
| 142 | ov_142 | 2.2578504823942344 × 10^273 |
| 143 | ov_143 | 1.7755442637572668 × 10^273 |
| 144 | ov_144 | 1.3713756953848225 × 10^273 |
| 145 | ov_145 | 1.0402736314142909 × 10^273 |
| 146 | ov_146 | 7.730048844763708 × 10^272 |
| 147 | ov_147 | 5.609298273781439 × 10^272 |
| 148 | ov_148 | 3.9599451847698716 × 10^272 |
| 149 | ov_149 | 2.7072492274598276 × 10^272 |
| 150 | ov_150 | 1.782227609713487 × 10^272 |
| 151 | ov_151 | 1.1216264059800481 × 10^272 |
| 152 | ov_152 | 6.67902152528004 × 10^271 |
| 153 | ov_153 | 3.6921122534724403 × 10^271 |
| 154 | ov_154 | 1.7940434279045917 × 10^271 |
| 155 | ov_155 | 7.682999240175624 × 10^270 |
| 156 | aaa_76_25 | 2.672102453766849 × 10^270 |
| 157 | aaa_76_26 | 1.644939190804865 × 10^270 |
| 158 | aaa_76_27 | 9.022418066566904 × 10^269 |
| 159 | aaa_76_28 | 4.254061959444528 × 10^269 |
| 160 | aaa_76_29 | 1.602867022872085 × 10^269 |

### Output Bits Sorted by Complexity

| Rank | Output Bit | Complexity |
|:----:|:----------:|:----------:|
| 160 | aaa_76_29 | 1.602867022872085 × 10^269 |
| 159 | aaa_76_28 | 4.254061959444528 × 10^269 |
| 158 | aaa_76_27 | 9.022418066566904 × 10^269 |
| 157 | aaa_76_26 | 1.644939190804865 × 10^270 |
| 156 | aaa_76_25 | 2.672102453766849 × 10^270 |
| 155 | ov_155 | 7.682999240175624 × 10^270 |
| 154 | ov_154 | 1.7940434279045917 × 10^271 |
| 153 | ov_153 | 3.6921122534724403 × 10^271 |
| 152 | ov_152 | 6.67902152528004 × 10^271 |
| 151 | ov_151 | 1.1216264059800481 × 10^272 |
| 150 | ov_150 | 1.782227609713487 × 10^272 |
| 149 | ov_149 | 2.7072492274598276 × 10^272 |
| 148 | ov_148 | 3.9599451847698716 × 10^272 |
| 147 | ov_147 | 5.609298273781439 × 10^272 |
| 146 | ov_146 | 7.730048844763708 × 10^272 |
| 145 | ov_145 | 1.0402736314142909 × 10^273 |
| 144 | ov_144 | 1.3713756953848225 × 10^273 |
| 143 | ov_143 | 1.7755442637572668 × 10^273 |
| 142 | ov_142 | 2.2578504823942344 × 10^273 |
| 141 | ov_141 | 2.8287494331069446 × 10^273 |
| 140 | ov_140 | 3.4993316451230504 × 10^273 |
| 139 | ov_139 | 4.2813452524565933 × 10^273 |
| 138 | ov_138 | 5.187223241274725 × 10^273 |
| 137 | ov_137 | 6.223724800010433 × 10^273 |
| 136 | ov_136 | 7.397997806956196 × 10^273 |
| 135 | ov_135 | 8.717603127005179 × 10^273 |
| 134 | ov_134 | 1.019054251380513 × 10^274 |
| 133 | ov_133 | 1.1825290387520605 × 10^274 |
| 132 | ov_132 | 1.3630829773641152 × 10^274 |
| 131 | ov_131 | 1.5616692704222537 × 10^274 |
| 130 | ov_130 | 1.56167052564462 × 10^274 |
| 129 | ov_129 | 1.5616744279728817 × 10^274 |
| 128 | aaa_77_29 | 1.6917076730410639 × 10^274 |
| 127 | aaa_77_28 | 4.4962754640880634 × 10^274 |
| 126 | ov_126 | 1.4044362799548104 × 10^275 |
| 125 | ov_125 | 3.146923387108531 × 10^275 |
| 124 | ov_124 | 5.979445325780003 × 10^275 |
| 123 | ov_123 | 1.020436106452814 × 10^276 |
| 122 | ov_122 | 1.612403742564367 × 10^276 |
| 121 | ov_121 | 2.4040860371744912 × 10^276 |
| 120 | ov_120 | 3.425725462522574 × 10^276 |
| 119 | ov_119 | 4.7075713567911686 × 10^276 |
| 118 | ov_118 | 6.279885060634769 × 10^276 |
| 117 | ov_117 | 8.172950869388443 × 10^276 |
| 116 | ov_116 | 1.0417097589367365 × 10^277 |
| 115 | ov_115 | 1.304273212077761 × 10^277 |
| 114 | ov_114 | 1.6080385462883634 × 10^277 |
| 113 | ov_113 | 1.9560775298880789 × 10^277 |
| 112 | ov_112 | 2.35148893190823 × 10^277 |
| 111 | ov_111 | 2.7974091562798135 × 10^277 |
| 110 | ov_110 | 3.2970254063838564 × 10^277 |
| 109 | ov_109 | 3.8535916092231175 × 10^277 |
| 108 | ov_108 | 4.470447329647016 × 10^277 |
| 107 | ov_107 | 5.151039906756661 × 10^277 |
| 106 | ov_106 | 5.898950046975242 × 10^277 |
| 105 | ov_105 | 6.7179206348617395 × 10^277 |
| 104 | ov_104 | 7.611888527010873 × 10^277 |
| 103 | ov_103 | 8.585020053168727 × 10^277 |
| 102 | ov_102 | 9.641750955809416 × 10^277 |
| 101 | ov_101 | 1.0786831031725584 × 10^278 |
| 100 | ov_100 | 1.2025373110985897 × 10^278 |
| 96 | aaa_78_29 | 1.2267523767673788 × 10^278 |
| 99 | ov_099 | 1.336290534585636 × 10^278 |
| 98 | ov_098 | 1.3363037306388352 × 10^278 |
| 97 | ov_097 | 1.3363448521391053 × 10^278 |
| 95 | aaa_78_28 | 3.2379022661490856 × 10^278 |
| 94 | ov_094 | 1.0067620994396016 × 10^279 |
| 93 | ov_093 | 2.24611966480012 × 10^279 |
| 92 | ov_092 | 4.2524490496336746 × 10^279 |
| 91 | ov_091 | 8.003334673333349 × 10^279 |
| 90 | ov_090 | 1.5664640906615956 × 10^280 |
| 89 | ov_089 | 2.982382555202713 × 10^280 |
| 88 | ov_088 | 5.20913746119893 × 10^280 |
| 87 | ov_087 | 8.590029559713118 × 10^280 |
| 86 | ov_086 | 1.3328630895279353 × 10^281 |
| 85 | ov_085 | 1.9650005453443 × 10^281 |
| 84 | ov_084 | 2.7800949009308926 × 10^281 |
| 83 | ov_083 | 3.829710465061002 × 10^281 |
| 82 | ov_082 | 5.169863028755218 × 10^281 |
| 81 | ov_081 | 6.861112625036949 × 10^281 |
| 80 | ov_080 | 8.968678320113716 × 10^281 |
| 64 | lv_79_m31 | 9.148684673717233 × 10^281 |
| 79 | ov_079 | 1.1562577458802585 × 10^282 |
| 78 | ov_078 | 1.4717791789942685 × 10^282 |
| 77 | ov_077 | 1.851446290263899 × 10^282 |
| 76 | ov_076 | 2.3038119412608307 × 10^282 |
| 75 | ov_075 | 2.8379938350848394 × 10^282 |
| 74 | ov_074 | 3.459000771823388 × 10^282 |
| 63 | ov_063 | 3.7697770787314674 × 10^282 |
| 73 | ov_073 | 4.1721646732205265 × 10^282 |
| 72 | ov_072 | 4.9831606040193674 × 10^282 |
| 71 | ov_071 | 5.898029072710552 × 10^282 |
| 70 | ov_070 | 6.923200745520943 × 10^282 |
| 69 | ov_069 | 8.065523711824063 × 10^282 |
| 68 | ov_068 | 9.332293444522578 × 10^282 |
| 67 | ov_067 | 1.073128560547208 × 10^283 |
| 66 | ov_066 | 1.0731295336787328 × 10^283 |
| 65 | ov_065 | 1.073132536672689 × 10^283 |
| 62 | ov_062 | 1.5527169243969004 × 10^283 |
| 61 | ov_061 | 4.681120734180062 × 10^283 |
| 60 | ov_060 | 1.1332090852938506 × 10^284 |
| 59 | ov_059 | 2.3482005416886856 × 10^284 |
| 58 | ov_058 | 4.324714680071421 × 10^284 |
| 57 | ov_057 | 7.274381674208173 × 10^284 |
| 56 | ov_056 | 1.23819905625283 × 10^285 |
| 55 | ov_055 | 2.2228770160823802 × 10^285 |
| 54 | ov_054 | 3.9819280085640205 × 10^285 |
| 53 | ov_053 | 6.858149179849809 × 10^285 |
| 52 | ov_052 | 1.1054707878548976 × 10^286 |
| 51 | ov_051 | 1.6795970815373107 × 10^286 |
| 50 | ov_050 | 2.4327537303422104 × 10^286 |
| 49 | ov_049 | 3.39162975144166 × 10^286 |
| 48 | ov_048 | 4.585052499243578 × 10^286 |
| 47 | ov_047 | 6.044001393750434 × 10^286 |
| 32 | lv_80_m31 | 7.085767838745996 × 10^286 |
| 46 | ov_046 | 7.801627101423995 × 10^286 |
| 45 | ov_045 | 9.893277069064281 × 10^286 |
| 44 | ov_044 | 1.2356528645013968 × 10^287 |
| 43 | ov_043 | 1.5231231625940841 × 10^287 |
| 42 | ov_042 | 1.8599412267438337 × 10^287 |
| 41 | ov_041 | 2.254781845426137 × 10^287 |
| 40 | ov_040 | 2.716807301049965 × 10^287 |
| 31 | ov_031 | 2.9277423650292646 × 10^287 |
| 39 | ov_039 | 3.2556863213884126 × 10^287 |
| 38 | ov_038 | 3.87665364383648 × 10^287 |
| 37 | ov_037 | 4.585230427808243 × 10^287 |
| 36 | ov_036 | 5.3872424409296805 × 10^287 |
| 35 | ov_035 | 6.288841476825666 × 10^287 |
| 34 | ov_034 | 7.296530249175249 × 10^287 |
| 33 | ov_033 | 8.417190975514341 × 10^287 |
| 30 | ov_030 | 1.2090862172037666 × 10^288 |
| 29 | ov_029 | 3.653562371398917 × 10^288 |
| 28 | ov_028 | 8.863735182024066 × 10^288 |
| 27 | ov_027 | 2.1167735728810098 × 10^289 |
| 26 | ov_026 | 5.089633135699561 × 10^289 |
| 25 | ov_025 | 1.1172931817445592 × 10^290 |
| 24 | ov_024 | 2.206955971136899 × 10^290 |
| 23 | ov_023 | 3.9817337247112955 × 10^290 |
| 22 | ov_022 | 6.678905786363844 × 10^290 |
| 21 | ov_021 | 1.0442242020216869 × 10^291 |
| 20 | ov_020 | 1.5576045425863757 × 10^291 |
| 19 | ov_019 | 2.2418158530970438 × 10^291 |
| 18 | ov_018 | 3.1339999390868114 × 10^291 |
| 17 | ov_017 | 4.274662699776105 × 10^291 |
| 16 | ov_016 | 5.707685746998236 × 10^291 |
| 15 | ov_015 | 7.457558914293624 × 10^291 |
| 14 | ov_014 | 9.574982134641551 × 10^291 |
| 13 | ov_013 | 1.211411908431929 × 10^292 |
| 12 | ov_012 | 1.513265078860441 × 10^292 |
| 11 | ov_011 | 1.866211721212134 × 10^292 |
| 10 | ov_010 | 2.2767458848535546 × 10^292 |
| 9 | ov_009 | 2.748399548258575 × 10^292 |
| 8 | ov_008 | 3.284903681535288 × 10^292 |
| 7 | ov_007 | 3.8901966508521683 × 10^292 |
| 6 | ov_006 | 4.568434111580005 × 10^292 |
| 5 | ov_005 | 5.324000589455094 × 10^292 |
| 4 | ov_004 | 6.161523040416276 × 10^292 |
| 3 | ov_003 | 7.085886736263271 × 10^292 |
| 2 | ov_002 | 8.102253842819841 × 10^292 |
| 1 | ov_001 | 9.216085027949465 × 10^292 |

