# Results for F001-F002-F003-F004-F005-F006-F007-F008-F009-F010-F011-F012-F013-F014-F015-F016-F017-F018-F019-F020-F021-F022-F023-F024-F025-F026-F027-F028-F029-F030-F031-F032-F033-F034-F035-F036-F037-F038-F039-F040-F041-F042-F043-F044-F045-F046-F047-F048-F049-F050-F051-F052-F053-F054-F055-F056-F057-F058-F059-F060-F061-F062-F063-F064-F065-F066-F067-F068-F069-F070-F071-F072-F073-F074-F075-F076-F077-F078-F079-F080-F081-F082-F083-F084-F085-F086-F087-F088-F089-F090-F091-F092-F093-F094-F095-F096-F097-F098-F099-F100-F101-F102-F103-F104-F105-F106-F107-F108-F109-F110-F111-F112-F113-F114-F115-F116-F117-F118-F119-F120-F121-F122-F123-F124-F125-F126-F127-F128-F129-F130-F131-F132-F133-F134-F135-F136-F137-F138-F139-F140-F141-F142-F143-F144-F145-F146-F147-F148-F149-F150-F151-F152-F153-F154-F155-F156-F157-F158-F159-F160-F161-F162-F163-F164-F165-F166-F167-F168-F169-F170-F171-F172-F173-F174-F175-F176-F177-F178-F179-F180-F181-F182-F183-F184-F185-F186-F187-F188-F189-F190-F191-F192-F193-F194-F195-F196-F197-F198-F199-F200-F201-F202-F203-F204-F205-F206-F207-F208-F209-F210-F211-F212-F213-F214-F215-F216-F217-F218-F219-F220-F221-F222-F223-F224-F225-F226-F227-F228-F229-F230-F231-F232-F233-F234-F235-F236-F237-F238-F239-F240-F241-F242-F243-F244-F245-F246-F247-F248-F249-F250-F251-F252-F253-F254-F255-F256-F257-F258-F259-F260-F261-F262-F263-F264-F265-F266-F267-F268-F269-F270-F271-F272-F273-F274-F275-F276-F277-F278-F279-F280-F281-F282-F283-F284-F285-F286-F287-F288-F289-F290-F291-F292-F293-F294-F295-F296-F297-F298-F299-F300-F301-F302-F303-F304-F305-F306-F307-F308-F309-F310-F311-F312-F313-F314-F315-F316-F317-F318-F319-F320-F321-F322-F323-F324-F325-F326-F327-F328-F329-F330-F331-F332-F333-F334-F335-F336-F337-F338-F339-F340-F341-F342-F343-F344-F345-F346-F347-F348-F349-F350-F351-F352-F353-F354-F355-F356-F357-F358-F359-F360-F361-F362-F363-F364-F365-F366-F367-F368-F369-F370-F371-F372-F373-F374-F375-F376-F377-F378-F379-F380-F381-F382-F383-F384-F385-F386-F387-F388-F389-F390-F391-F392-F393-F394-F395-F396-F397-F398-F399-F400-F401-F402-F403-F404-F405-F406-F407-F408-F409-F410-F411-F412-F413-F414-F415-F416-F417-F418-F419-F420-F421-F422-F423-F424-F425-F426-F427-F428-F429-F430-F431-F432-F433-F434-F435-F436-F437-F438-F439-F440-F441-F442-F443-F444-F445-F446-F447-F448-F449-F450-F451-F452-F453-F454-F455-F456-F457-F458-F459-F460-F461-F462-F463-F464-F465-F466-F467-F468-F469-F470-F471-F472-F473-F474-F475-F476-F477-F478-F479-F480-F481-F482-F483-F484-F485-F486-F487-F488-F489-F490-F491-F492-F493-F494-F495-F496-F497-F498-F499-F500-F501-F502-F503-F504-F505-E506507-E508510-F512

## Summary

Number of input bits: 512  
Number of free input bits: 4  
Number of output bits: 160

Number of direct occurrences: 16523  
Number of assignments: 29908  
Number of operations: 10683878
(xor: 10653475,
and: 17797,
or: 12606)

Total complexity: 1.0397110800931042 × 10^295

Least occurring input variable: iv_511 (4054)  
Most occurring input variable: iv_509 (4213)

Most co-occurring input variables: iv_508-iv_509 (1976)  
Least co-occurring input variables: iv_506-iv_511 (1835)

Potentially most occurring input variable: iv_506/iv_509 (4470)  
Potentially least occurring input variable: iv_508/iv_511 (4325)

Least output occurring input variable: iv_511 (74)  
Most output occurring input variable: iv_508 (81)

Most output co-occurring input variables: iv_506-iv_508 (43)  
Least output co-occurring input variables: iv_506-iv_511 (29)

Potentially most output occurring input variable: iv_506/iv_511 (92)  
Potentially least output occurring input variable: iv_506/iv_508 (71)

Least complex input bit: iv_511 (9.729213991839468 × 10^290)  
Most complex input bit: iv_508 (4.598869117752721 × 10^294)

Least complex output bit: aaa_76_29 (2.1577933366846585 × 10^270)  
Most complex output bit: ov_001 (1.6211248002667396 × 10^294)

Least complex input/output complexity: iv_511/aaa_76_29 (2.0191795129172223 × 10^266)  
Most complex input/output complexity: iv_508/ov_001 (7.1705889479432565 × 10^293)

Input variable with highest collision probability: iv_511 (½^160.00000000000045)

## Input Bits

### Input Bits in Regular Order

| Input Bit | Complexity | Occurrences | Output Occurrences | Collision Probability |
|:---------:|:----------:|:-----------:|:------------------:|:---------------------:|
| iv_506 | 1.9142955152785856 × 10^294 | 4077 | 76 | ½^160.00000000000105 |
| iv_508 | 4.598869117752721 × 10^294 | 4179 | 81 | ½^160.00000000000088 |
| iv_509 | 3.882973246500548 × 10^294 | 4213 | 80 | ½^160.00000000000077 |
| iv_511 | 9.729213991839468 × 10^290 | 4054 | 74 | ½^160.00000000000045 |

### Input Bits Sorted by Complexity

| Input Bit | Complexity | Occurrences | Output Occurrences | Collision Probability |
|:---------:|:----------:|:-----------:|:------------------:|:---------------------:|
| iv_511 | 9.729213991839468 × 10^290 | 4054 | 74 | ½^160.00000000000045 |
| iv_506 | 1.9142955152785856 × 10^294 | 4077 | 76 | ½^160.00000000000105 |
| iv_509 | 3.882973246500548 × 10^294 | 4213 | 80 | ½^160.00000000000077 |
| iv_508 | 4.598869117752721 × 10^294 | 4179 | 81 | ½^160.00000000000088 |

### Input Bits Sorted by Occurrences

| Input Bit | Complexity | Occurrences | Output Occurrences | Collision Probability |
|:---------:|:----------:|:-----------:|:------------------:|:---------------------:|
| iv_511 | 9.729213991839468 × 10^290 | 4054 | 74 | ½^160.00000000000045 |
| iv_506 | 1.9142955152785856 × 10^294 | 4077 | 76 | ½^160.00000000000105 |
| iv_508 | 4.598869117752721 × 10^294 | 4179 | 81 | ½^160.00000000000088 |
| iv_509 | 3.882973246500548 × 10^294 | 4213 | 80 | ½^160.00000000000077 |

### Input Bits Sorted by Output Occurrences

| Input Bit | Complexity | Occurrences | Output Occurrences | Collision Probability |
|:---------:|:----------:|:-----------:|:------------------:|:---------------------:|
| iv_511 | 9.729213991839468 × 10^290 | 4054 | 74 | ½^160.00000000000045 |
| iv_506 | 1.9142955152785856 × 10^294 | 4077 | 76 | ½^160.00000000000105 |
| iv_509 | 3.882973246500548 × 10^294 | 4213 | 80 | ½^160.00000000000077 |
| iv_508 | 4.598869117752721 × 10^294 | 4179 | 81 | ½^160.00000000000088 |

### Input Bits Sorted by Collision Probability

| Input Bit | Complexity | Occurrences | Output Occurrences | Collision Probability |
|:---------:|:----------:|:-----------:|:------------------:|:---------------------:|
| iv_511 | 9.729213991839468 × 10^290 | 4054 | 74 | ½^160.00000000000045 |
| iv_509 | 3.882973246500548 × 10^294 | 4213 | 80 | ½^160.00000000000077 |
| iv_508 | 4.598869117752721 × 10^294 | 4179 | 81 | ½^160.00000000000088 |
| iv_506 | 1.9142955152785856 × 10^294 | 4077 | 76 | ½^160.00000000000105 |

## Input Bit/Output Bit Collision Probabilities

| Input Bit | Output Bit | Collision Probability |
|:---------:|:----------:|:---------------------:|
| iv_511 | ov_028 | 0.500000000000002 |
| iv_511 | ov_088 | 0.5000000000000019 |
| iv_511 | ov_140 | 0.5000000000000019 |
| iv_511 | ov_006 | 0.5000000000000018 |

## Input Bit Co-occurrences

### Input Bit Co-occurrences Sorted by Co-occurrences

| Input Bits | Co-occurrences | Potential Occurrences | Output Co-occurrences | Potential Output Occurrences |
|:----------:|:--------------:|:---------------------:|:---------------------:|:----------------------------:|
| iv_508-iv_509 | 1976 | 4440 | 39 | 83 |
| iv_508-iv_511 | 1954 | 4325 | 38 | 79 |
| iv_506-iv_508 | 1925 | 4406 | 43 | 71 |
| iv_509-iv_511 | 1914 | 4439 | 37 | 80 |

### Input Bit Co-occurrences Sorted by Potential Occurrences

| Input Bits | Co-occurrences | Potential Occurrences | Output Co-occurrences | Potential Output Occurrences |
|:----------:|:--------------:|:---------------------:|:---------------------:|:----------------------------:|
| iv_508-iv_511 | 1954 | 4325 | 38 | 79 |
| iv_506-iv_508 | 1925 | 4406 | 43 | 71 |
| iv_509-iv_511 | 1914 | 4439 | 37 | 80 |
| iv_508-iv_509 | 1976 | 4440 | 39 | 83 |

### Input Bit Output Co-occurrences Sorted by Output Co-occurrences

| Input Bits | Co-occurrences | Potential Occurrences | Output Co-occurrences | Potential Output Occurrences |
|:----------:|:--------------:|:---------------------:|:---------------------:|:----------------------------:|
| iv_506-iv_508 | 1925 | 4406 | 43 | 71 |
| iv_508-iv_509 | 1976 | 4440 | 39 | 83 |
| iv_508-iv_511 | 1954 | 4325 | 38 | 79 |
| iv_509-iv_511 | 1914 | 4439 | 37 | 80 |

### Input Bit Output Co-occurrences Sorted by Potential Output Occurrences

| Input Bits | Co-occurrences | Potential Occurrences | Output Co-occurrences | Potential Output Occurrences |
|:----------:|:--------------:|:---------------------:|:---------------------:|:----------------------------:|
| iv_506-iv_508 | 1925 | 4406 | 43 | 71 |
| iv_508-iv_511 | 1954 | 4325 | 38 | 79 |
| iv_509-iv_511 | 1914 | 4439 | 37 | 80 |
| iv_506-iv_509 | 1910 | 4470 | 37 | 82 |

## Output Bits

### Output Bits in Regular Order

| Rank | Output Bit | Complexity |
|:----:|:----------:|:----------:|
| 1 | ov_001 | 1.6211248002667396 × 10^294 |
| 2 | ov_002 | 1.4189378394519566 × 10^294 |
| 3 | ov_003 | 1.234656670248244 × 10^294 |
| 4 | ov_004 | 1.067397939923928 × 10^294 |
| 5 | ov_005 | 9.163263160903788 × 10^293 |
| 6 | ov_006 | 7.806510698065005 × 10^293 |
| 7 | ov_007 | 6.596231223566175 × 10^293 |
| 8 | ov_008 | 5.525324974713666 × 10^293 |
| 9 | ov_009 | 4.587061238004146 × 10^293 |
| 10 | ov_010 | 3.769012714724334 × 10^293 |
| 11 | ov_011 | 3.0651327058553326 × 10^293 |
| 12 | ov_012 | 2.464276846751204 × 10^293 |
| 13 | ov_013 | 1.9559087280120907 × 10^293 |
| 14 | ov_014 | 1.5300828719387487 × 10^293 |
| 15 | ov_015 | 1.1774312071838102 × 10^293 |
| 16 | ov_016 | 8.891526808312589 × 10^292 |
| 17 | ov_017 | 6.57005639128508 × 10^292 |
| 18 | ov_018 | 4.733025354894436 × 10^292 |
| 19 | ov_019 | 3.309064613060587 × 10^292 |
| 20 | ov_020 | 2.232290092588823 × 10^292 |
| 21 | ov_021 | 1.442290299775044 × 10^292 |
| 22 | ov_022 | 8.841191190246853 × 10^291 |
| 23 | ov_023 | 5.082913037674954 × 10^291 |
| 24 | ov_024 | 2.7077944716293873 × 10^291 |
| 25 | ov_025 | 1.3301199839479707 × 10^291 |
| 26 | ov_026 | 6.187207108156618 × 10^290 |
| 27 | ov_027 | 2.9696802877104614 × 10^290 |
| 28 | ov_028 | 1.4277057909364131 × 10^290 |
| 29 | ov_029 | 5.871678274298031 × 10^289 |
| 30 | ov_030 | 1.9382187581218151 × 10^289 |
| 31 | ov_031 | 4.6789450877415655 × 10^288 |
| 32 | lv_80_k31 | 1.1286633893347993 × 10^288 |
| 33 | ov_033 | 1.3517943065968494 × 10^289 |
| 34 | ov_034 | 1.1674539458943235 × 10^289 |
| 35 | ov_035 | 1.0024756727091103 × 10^289 |
| 36 | ov_036 | 8.558269169508023 × 10^288 |
| 37 | ov_037 | 7.265314250177654 × 10^288 |
| 38 | ov_038 | 6.13665086070371 × 10^288 |
| 39 | ov_039 | 5.1552218967188445 × 10^288 |
| 40 | ov_040 | 4.304852564849201 × 10^288 |
| 41 | ov_041 | 3.5702015339486694 × 10^288 |
| 42 | ov_042 | 2.936719840070601 × 10^288 |
| 43 | ov_043 | 2.390616774071939 × 10^288 |
| 44 | ov_044 | 1.9188319227943654 × 10^288 |
| 45 | ov_045 | 1.5150145165672356 × 10^288 |
| 46 | ov_046 | 1.1731625724159667 × 10^288 |
| 47 | ov_047 | 8.876148947808506 × 10^287 |
| 48 | ov_048 | 6.530448173814399 × 10^287 |
| 49 | ov_049 | 4.64455400871002 × 10^287 |
| 50 | ov_050 | 3.1717586172901617 × 10^287 |
| 51 | ov_051 | 2.068590267330938 × 10^287 |
| 52 | ov_052 | 1.2947962592108888 × 10^287 |
| 53 | ov_053 | 7.79490384811611 × 10^286 |
| 54 | ov_054 | 4.581877791237568 × 10^286 |
| 55 | ov_055 | 2.727997229108882 × 10^286 |
| 56 | ov_056 | 1.7163058467395972 × 10^286 |
| 57 | ov_057 | 1.0937590120528261 × 10^286 |
| 58 | ov_058 | 6.498104793025475 × 10^285 |
| 59 | ov_059 | 3.5251438825619097 × 10^285 |
| 60 | ov_060 | 1.6992573889246476 × 10^285 |
| 61 | ov_061 | 7.009980841159808 × 10^284 |
| 62 | ov_062 | 2.32170408190165 × 10^284 |
| 63 | ov_063 | 5.626600880506985 × 10^283 |
| 64 | lv_79_k31 | 1.3628478846225877 × 10^283 |
| 65 | ov_065 | 1.5917697493518712 × 10^284 |
| 66 | ov_066 | 1.5917654496034654 × 10^284 |
| 67 | ov_067 | 1.5917640560445245 × 10^284 |
| 68 | ov_068 | 1.3792545667851938 × 10^284 |
| 69 | ov_069 | 1.1874029225490674 × 10^284 |
| 70 | ov_070 | 1.0150962744436161 × 10^284 |
| 71 | ov_071 | 8.612905523132757 × 10^283 |
| 72 | ov_072 | 7.250057636652424 × 10^283 |
| 73 | ov_073 | 6.053216990819789 × 10^283 |
| 74 | ov_074 | 5.013740230186308 × 10^283 |
| 75 | ov_075 | 4.115878553553669 × 10^283 |
| 76 | ov_076 | 3.3448370681996135 × 10^283 |
| 77 | ov_077 | 2.686720433740042 × 10^283 |
| 78 | ov_078 | 2.128484485696292 × 10^283 |
| 79 | ov_079 | 1.6638142511136041 × 10^283 |
| 80 | ov_080 | 1.2812449052703867 × 10^283 |
| 81 | ov_081 | 9.700499573666022 × 10^282 |
| 82 | ov_082 | 7.202132196924175 × 10^282 |
| 83 | ov_083 | 5.2240498404156554 × 10^282 |
| 84 | ov_084 | 3.6796205646790346 × 10^282 |
| 85 | ov_085 | 2.48871302003231 × 10^282 |
| 86 | ov_086 | 1.612868194891516 × 10^282 |
| 87 | ov_087 | 9.845852564422512 × 10^281 |
| 88 | ov_088 | 5.7166805427775325 × 10^281 |
| 89 | ov_089 | 3.1892226293528006 × 10^281 |
| 90 | ov_090 | 1.772360942470872 × 10^281 |
| 91 | ov_091 | 1.0355328569225037 × 10^281 |
| 92 | ov_092 | 6.085687116705543 × 10^280 |
| 93 | ov_093 | 3.2146730128886155 × 10^280 |
| 94 | ov_094 | 1.4410192311742502 × 10^280 |
| 95 | aaa_78_28 | 4.634962189596 × 10^279 |
| 96 | aaa_78_29 | 1.7562825730501252 × 10^279 |
| 97 | ov_097 | 1.9141092196440642 × 10^279 |
| 98 | ov_098 | 1.9140510958238773 × 10^279 |
| 99 | ov_099 | 1.914032516442623 × 10^279 |
| 100 | ov_100 | 1.722872128300147 × 10^279 |
| 101 | ov_101 | 1.5457600907998586 × 10^279 |
| 102 | ov_102 | 1.3819281456494876 × 10^279 |
| 103 | ov_103 | 1.2306650937920464 × 10^279 |
| 104 | ov_104 | 1.0913091995081393 × 10^279 |
| 105 | ov_105 | 9.632412988370511 × 10^278 |
| 106 | ov_106 | 8.458785743095375 × 10^278 |
| 107 | ov_107 | 7.386689596512172 × 10^278 |
| 108 | ov_108 | 6.410861394864228 × 10^278 |
| 109 | ov_109 | 5.526251101865119 × 10^278 |
| 110 | ov_110 | 4.727982688982797 × 10^278 |
| 111 | ov_111 | 4.011319984865333 × 10^278 |
| 112 | ov_112 | 3.371637166568581 × 10^278 |
| 113 | ov_113 | 2.804393579168358 × 10^278 |
| 114 | ov_114 | 2.305112573132872 × 10^278 |
| 115 | ov_115 | 1.8693640507295868 × 10^278 |
| 116 | ov_116 | 1.4927504139478628 × 10^278 |
| 117 | ov_117 | 1.1708956071394214 × 10^278 |
| 118 | ov_118 | 8.994369479793303 × 10^277 |
| 119 | ov_119 | 6.740194405653146 × 10^277 |
| 120 | ov_120 | 4.902922645979297 × 10^277 |
| 121 | ov_121 | 3.4390695825836116 × 10^277 |
| 122 | ov_122 | 2.3051653613625764 × 10^277 |
| 123 | ov_123 | 1.457749365451568 × 10^277 |
| 124 | ov_124 | 8.533661933504601 × 10^276 |
| 125 | ov_125 | 4.4856301936848205 × 10^276 |
| 126 | ov_126 | 1.9988807483465072 × 10^276 |
| 127 | aaa_77_28 | 6.388992899716784 × 10^275 |
| 128 | aaa_77_29 | 2.397653308228476 × 10^275 |
| 129 | ov_129 | 2.1709019369396593 × 10^275 |
| 130 | ov_130 | 2.1708966831872143 × 10^275 |
| 131 | ov_131 | 2.170894993218902 × 10^275 |
| 132 | ov_132 | 1.8826187468189525 × 10^275 |
| 133 | ov_133 | 1.621796841962554 × 10^275 |
| 134 | ov_134 | 1.3871592930722899 × 10^275 |
| 135 | ov_135 | 1.1775087163347377 × 10^275 |
| 136 | ov_136 | 9.917149037753934 × 10^274 |
| 137 | ov_137 | 8.28710010553958 × 10^274 |
| 138 | ov_138 | 6.865290330873094 × 10^274 |
| 139 | ov_139 | 5.633126464078179 × 10^274 |
| 140 | ov_140 | 4.573013095867874 × 10^274 |
| 141 | ov_141 | 3.668302898439192 × 10^274 |
| 142 | ov_142 | 2.9032552216293546 × 10^274 |
| 143 | ov_143 | 2.2630020650863874 × 10^274 |
| 144 | ov_144 | 1.7335204425948451 × 10^274 |
| 145 | ov_145 | 1.3016102683445527 × 10^274 |
| 146 | ov_146 | 9.548770576460524 × 10^273 |
| 147 | ov_147 | 6.817187979174967 × 10^273 |
| 148 | ov_148 | 4.713163098125276 × 10^273 |
| 149 | ov_149 | 3.1362643183693225 × 10^273 |
| 150 | ov_150 | 1.9937742475925503 × 10^273 |
| 151 | ov_151 | 1.2006605503792972 × 10^273 |
| 152 | ov_152 | 6.795587937777695 × 10^272 |
| 153 | ov_153 | 3.607631540023267 × 10^272 |
| 154 | ov_154 | 1.8222160425235627 × 10^272 |
| 155 | ov_155 | 8.953330906856439 × 10^271 |
| 156 | aaa_76_25 | 3.5947201875784657 × 10^271 |
| 157 | aaa_76_26 | 2.2132513173600255 × 10^271 |
| 158 | aaa_76_27 | 1.2142017441262226 × 10^271 |
| 159 | aaa_76_28 | 5.726075328712568 × 10^270 |
| 160 | aaa_76_29 | 2.1577933366846585 × 10^270 |

### Output Bits Sorted by Complexity

| Rank | Output Bit | Complexity |
|:----:|:----------:|:----------:|
| 160 | aaa_76_29 | 2.1577933366846585 × 10^270 |
| 159 | aaa_76_28 | 5.726075328712568 × 10^270 |
| 158 | aaa_76_27 | 1.2142017441262226 × 10^271 |
| 157 | aaa_76_26 | 2.2132513173600255 × 10^271 |
| 156 | aaa_76_25 | 3.5947201875784657 × 10^271 |
| 155 | ov_155 | 8.953330906856439 × 10^271 |
| 154 | ov_154 | 1.8222160425235627 × 10^272 |
| 153 | ov_153 | 3.607631540023267 × 10^272 |
| 152 | ov_152 | 6.795587937777695 × 10^272 |
| 151 | ov_151 | 1.2006605503792972 × 10^273 |
| 150 | ov_150 | 1.9937742475925503 × 10^273 |
| 149 | ov_149 | 3.1362643183693225 × 10^273 |
| 148 | ov_148 | 4.713163098125276 × 10^273 |
| 147 | ov_147 | 6.817187979174967 × 10^273 |
| 146 | ov_146 | 9.548770576460524 × 10^273 |
| 145 | ov_145 | 1.3016102683445527 × 10^274 |
| 144 | ov_144 | 1.7335204425948451 × 10^274 |
| 143 | ov_143 | 2.2630020650863874 × 10^274 |
| 142 | ov_142 | 2.9032552216293546 × 10^274 |
| 141 | ov_141 | 3.668302898439192 × 10^274 |
| 140 | ov_140 | 4.573013095867874 × 10^274 |
| 139 | ov_139 | 5.633126464078179 × 10^274 |
| 138 | ov_138 | 6.865290330873094 × 10^274 |
| 137 | ov_137 | 8.28710010553958 × 10^274 |
| 136 | ov_136 | 9.917149037753934 × 10^274 |
| 135 | ov_135 | 1.1775087163347377 × 10^275 |
| 134 | ov_134 | 1.3871592930722899 × 10^275 |
| 133 | ov_133 | 1.621796841962554 × 10^275 |
| 132 | ov_132 | 1.8826187468189525 × 10^275 |
| 131 | ov_131 | 2.170894993218902 × 10^275 |
| 130 | ov_130 | 2.1708966831872143 × 10^275 |
| 129 | ov_129 | 2.1709019369396593 × 10^275 |
| 128 | aaa_77_29 | 2.397653308228476 × 10^275 |
| 127 | aaa_77_28 | 6.388992899716784 × 10^275 |
| 126 | ov_126 | 1.9988807483465072 × 10^276 |
| 125 | ov_125 | 4.4856301936848205 × 10^276 |
| 124 | ov_124 | 8.533661933504601 × 10^276 |
| 123 | ov_123 | 1.457749365451568 × 10^277 |
| 122 | ov_122 | 2.3051653613625764 × 10^277 |
| 121 | ov_121 | 3.4390695825836116 × 10^277 |
| 120 | ov_120 | 4.902922645979297 × 10^277 |
| 119 | ov_119 | 6.740194405653146 × 10^277 |
| 118 | ov_118 | 8.994369479793303 × 10^277 |
| 117 | ov_117 | 1.1708956071394214 × 10^278 |
| 116 | ov_116 | 1.4927504139478628 × 10^278 |
| 115 | ov_115 | 1.8693640507295868 × 10^278 |
| 114 | ov_114 | 2.305112573132872 × 10^278 |
| 113 | ov_113 | 2.804393579168358 × 10^278 |
| 112 | ov_112 | 3.371637166568581 × 10^278 |
| 111 | ov_111 | 4.011319984865333 × 10^278 |
| 110 | ov_110 | 4.727982688982797 × 10^278 |
| 109 | ov_109 | 5.526251101865119 × 10^278 |
| 108 | ov_108 | 6.410861394864228 × 10^278 |
| 107 | ov_107 | 7.386689596512172 × 10^278 |
| 106 | ov_106 | 8.458785743095375 × 10^278 |
| 105 | ov_105 | 9.632412988370511 × 10^278 |
| 104 | ov_104 | 1.0913091995081393 × 10^279 |
| 103 | ov_103 | 1.2306650937920464 × 10^279 |
| 102 | ov_102 | 1.3819281456494876 × 10^279 |
| 101 | ov_101 | 1.5457600907998586 × 10^279 |
| 100 | ov_100 | 1.722872128300147 × 10^279 |
| 96 | aaa_78_29 | 1.7562825730501252 × 10^279 |
| 99 | ov_099 | 1.914032516442623 × 10^279 |
| 98 | ov_098 | 1.9140510958238773 × 10^279 |
| 97 | ov_097 | 1.9141092196440642 × 10^279 |
| 95 | aaa_78_28 | 4.634962189596 × 10^279 |
| 94 | ov_094 | 1.4410192311742502 × 10^280 |
| 93 | ov_093 | 3.2146730128886155 × 10^280 |
| 92 | ov_092 | 6.085687116705543 × 10^280 |
| 91 | ov_091 | 1.0355328569225037 × 10^281 |
| 90 | ov_090 | 1.772360942470872 × 10^281 |
| 89 | ov_089 | 3.1892226293528006 × 10^281 |
| 88 | ov_088 | 5.7166805427775325 × 10^281 |
| 87 | ov_087 | 9.845852564422512 × 10^281 |
| 86 | ov_086 | 1.612868194891516 × 10^282 |
| 85 | ov_085 | 2.48871302003231 × 10^282 |
| 84 | ov_084 | 3.6796205646790346 × 10^282 |
| 83 | ov_083 | 5.2240498404156554 × 10^282 |
| 82 | ov_082 | 7.202132196924175 × 10^282 |
| 81 | ov_081 | 9.700499573666022 × 10^282 |
| 80 | ov_080 | 1.2812449052703867 × 10^283 |
| 64 | lv_79_k31 | 1.3628478846225877 × 10^283 |
| 79 | ov_079 | 1.6638142511136041 × 10^283 |
| 78 | ov_078 | 2.128484485696292 × 10^283 |
| 77 | ov_077 | 2.686720433740042 × 10^283 |
| 76 | ov_076 | 3.3448370681996135 × 10^283 |
| 75 | ov_075 | 4.115878553553669 × 10^283 |
| 74 | ov_074 | 5.013740230186308 × 10^283 |
| 63 | ov_063 | 5.626600880506985 × 10^283 |
| 73 | ov_073 | 6.053216990819789 × 10^283 |
| 72 | ov_072 | 7.250057636652424 × 10^283 |
| 71 | ov_071 | 8.612905523132757 × 10^283 |
| 70 | ov_070 | 1.0150962744436161 × 10^284 |
| 69 | ov_069 | 1.1874029225490674 × 10^284 |
| 68 | ov_068 | 1.3792545667851938 × 10^284 |
| 67 | ov_067 | 1.5917640560445245 × 10^284 |
| 66 | ov_066 | 1.5917654496034654 × 10^284 |
| 65 | ov_065 | 1.5917697493518712 × 10^284 |
| 62 | ov_062 | 2.32170408190165 × 10^284 |
| 61 | ov_061 | 7.009980841159808 × 10^284 |
| 60 | ov_060 | 1.6992573889246476 × 10^285 |
| 59 | ov_059 | 3.5251438825619097 × 10^285 |
| 58 | ov_058 | 6.498104793025475 × 10^285 |
| 57 | ov_057 | 1.0937590120528261 × 10^286 |
| 56 | ov_056 | 1.7163058467395972 × 10^286 |
| 55 | ov_055 | 2.727997229108882 × 10^286 |
| 54 | ov_054 | 4.581877791237568 × 10^286 |
| 53 | ov_053 | 7.79490384811611 × 10^286 |
| 52 | ov_052 | 1.2947962592108888 × 10^287 |
| 51 | ov_051 | 2.068590267330938 × 10^287 |
| 50 | ov_050 | 3.1717586172901617 × 10^287 |
| 49 | ov_049 | 4.64455400871002 × 10^287 |
| 48 | ov_048 | 6.530448173814399 × 10^287 |
| 47 | ov_047 | 8.876148947808506 × 10^287 |
| 32 | lv_80_k31 | 1.1286633893347993 × 10^288 |
| 46 | ov_046 | 1.1731625724159667 × 10^288 |
| 45 | ov_045 | 1.5150145165672356 × 10^288 |
| 44 | ov_044 | 1.9188319227943654 × 10^288 |
| 43 | ov_043 | 2.390616774071939 × 10^288 |
| 42 | ov_042 | 2.936719840070601 × 10^288 |
| 41 | ov_041 | 3.5702015339486694 × 10^288 |
| 40 | ov_040 | 4.304852564849201 × 10^288 |
| 31 | ov_031 | 4.6789450877415655 × 10^288 |
| 39 | ov_039 | 5.1552218967188445 × 10^288 |
| 38 | ov_038 | 6.13665086070371 × 10^288 |
| 37 | ov_037 | 7.265314250177654 × 10^288 |
| 36 | ov_036 | 8.558269169508023 × 10^288 |
| 35 | ov_035 | 1.0024756727091103 × 10^289 |
| 34 | ov_034 | 1.1674539458943235 × 10^289 |
| 33 | ov_033 | 1.3517943065968494 × 10^289 |
| 30 | ov_030 | 1.9382187581218151 × 10^289 |
| 29 | ov_029 | 5.871678274298031 × 10^289 |
| 28 | ov_028 | 1.4277057909364131 × 10^290 |
| 27 | ov_027 | 2.9696802877104614 × 10^290 |
| 26 | ov_026 | 6.187207108156618 × 10^290 |
| 25 | ov_025 | 1.3301199839479707 × 10^291 |
| 24 | ov_024 | 2.7077944716293873 × 10^291 |
| 23 | ov_023 | 5.082913037674954 × 10^291 |
| 22 | ov_022 | 8.841191190246853 × 10^291 |
| 21 | ov_021 | 1.442290299775044 × 10^292 |
| 20 | ov_020 | 2.232290092588823 × 10^292 |
| 19 | ov_019 | 3.309064613060587 × 10^292 |
| 18 | ov_018 | 4.733025354894436 × 10^292 |
| 17 | ov_017 | 6.57005639128508 × 10^292 |
| 16 | ov_016 | 8.891526808312589 × 10^292 |
| 15 | ov_015 | 1.1774312071838102 × 10^293 |
| 14 | ov_014 | 1.5300828719387487 × 10^293 |
| 13 | ov_013 | 1.9559087280120907 × 10^293 |
| 12 | ov_012 | 2.464276846751204 × 10^293 |
| 11 | ov_011 | 3.0651327058553326 × 10^293 |
| 10 | ov_010 | 3.769012714724334 × 10^293 |
| 9 | ov_009 | 4.587061238004146 × 10^293 |
| 8 | ov_008 | 5.525324974713666 × 10^293 |
| 7 | ov_007 | 6.596231223566175 × 10^293 |
| 6 | ov_006 | 7.806510698065005 × 10^293 |
| 5 | ov_005 | 9.163263160903788 × 10^293 |
| 4 | ov_004 | 1.067397939923928 × 10^294 |
| 3 | ov_003 | 1.234656670248244 × 10^294 |
| 2 | ov_002 | 1.4189378394519566 × 10^294 |
| 1 | ov_001 | 1.6211248002667396 × 10^294 |

