# Results for F001-F002-F003-F004-F005-F006-F007-F008-F009-F010-F011-F012-F013-F014-F015-F016-F017-F018-F019-F020-F021-F022-F023-F024-F025-F026-F027-F028-F029-F030-F031-F032-F033-F034-F035-F036-F037-F038-F039-F040-F041-F042-F043-F044-F045-F046-F047-F048-F049-F050-F051-F052-F053-F054-F055-F056-F057-F058-F059-F060-F061-F062-F063-F064-F065-F066-F067-F068-F069-F070-F071-F072-F073-F074-F075-F076-F077-F078-F079-F080-F081-F082-F083-F084-F085-F086-F087-F088-F089-F090-F091-F092-F093-F094-F095-F096-F097-F098-F099-F100-F101-F102-F103-F104-F105-F106-F107-F108-F109-F110-F111-F112-F113-F114-F115-F116-F117-F118-F119-F120-F121-F122-F123-F124-F125-F126-F127-F128-F129-F130-F131-F132-F133-F134-F135-F136-F137-F138-F139-F140-F141-F142-F143-F144-F145-F146-F147-F148-F149-F150-F151-F152-F153-F154-F155-F156-F157-F158-F159-F160-F161-F162-F163-F164-F165-F166-F167-F168-F169-F170-F171-F172-F173-F174-F175-F176-F177-F178-F179-F180-F181-F182-F183-F184-F185-F186-F187-F188-F189-F190-F191-F192-F193-F194-F195-F196-F197-F198-F199-F200-F201-F202-F203-F204-F205-F206-F207-F208-F209-F210-F211-F212-F213-F214-F215-F216-F217-F218-F219-F220-F221-F222-F223-F224-F225-F226-F227-F228-F229-F230-F231-F232-F233-F234-F235-F236-F237-F238-F239-F240-F241-F242-F243-F244-F245-F246-F247-F248-F249-F250-F251-F252-F253-F254-F255-F256-F257-F258-F259-F260-F261-F262-F263-F264-F265-F266-F267-F268-F269-F270-F271-F272-F273-F274-F275-F276-F277-F278-F279-F280-F281-F282-F283-F284-F285-F286-F287-F288-F289-F290-F291-F292-F293-F294-F295-F296-F297-F298-F299-F300-F301-F302-F303-F304-F305-F306-F307-F308-F309-F310-F311-F312-F313-F314-F315-F316-F317-F318-F319-F320-F321-F322-F323-F324-F325-F326-F327-F328-F329-F330-F331-F332-F333-F334-F335-F336-F337-F338-F339-F340-F341-F342-F343-F344-F345-F346-F347-F348-F349-F350-F351-F352-F353-F354-F355-F356-F357-F358-F359-F360-F361-F362-F363-F364-F365-F366-F367-F368-F369-F370-F371-F372-F373-F374-F375-F376-F377-F378-F379-F380-F381-F382-F383-F384-F385-F386-F387-F388-F389-F390-F391-F392-F393-F394-F395-F396-F397-F398-F399-F400-F401-F402-F403-F404-F405-F406-F407-F408-F409-F410-F411-F412-F413-F414-F415-F416-F417-F418-F419-F420-F421-F422-F423-F424-F425-F426-F427-F428-F429-F430-F431-F432-F433-F434-F435-F436-F437-F438-F439-F440-F441-F442-F443-F444-F445-F446-F447-F448-F449-F450-F451-F452-F453-F454-F455-F456-F457-F458-F459-F460-F461-F462-F463-F464-F465-F466-F467-F468-F469-F470-F471-F472-F473-F474-F475-F476-F477-F478-F479-F480-F481-F482-F483-F484-F485-F486-F487-F488-F489-F490-F491-F492-F493-F494-F495-F496-F497-F498-F499-F500-F501-F502-F503-F504-E505506-E505507-E506510-E509511

## Summary

Number of input bits: 512  
Number of free input bits: 4  
Number of output bits: 160

Number of direct occurrences: 17261  
Number of assignments: 30460  
Number of operations: 10901426
(xor: 10871267,
and: 17376,
or: 12783)

Total complexity: 6.564281648270878 × 10^296

Least occurring input variable: iv_508 (4049)  
Most occurring input variable: iv_505 (4628)

Most co-occurring input variables: iv_505-iv_509 (2045)  
Least co-occurring input variables: iv_508-iv_509 (1924)

Potentially most occurring input variable: iv_505/iv_512 (4865)  
Potentially least occurring input variable: iv_508/iv_512 (4442)

Least output occurring input variable: iv_508 (70)  
Most output occurring input variable: iv_505 (86)

Most output co-occurring input variables: iv_505-iv_512 (44)  
Least output co-occurring input variables: iv_508-iv_512 (29)

Potentially most output occurring input variable: iv_508/iv_512 (90)  
Potentially least output occurring input variable: iv_508/iv_509 (68)

Least complex input bit: iv_512 (9.065578539291271 × 10^295)  
Most complex input bit: iv_505 (2.5659454263092424 × 10^296)

Least complex output bit: aaa_76_29 (1.1180500154091707 × 10^272)  
Most complex output bit: ov_001 (1.0108791083256584 × 10^296)

Least complex input/output complexity: iv_512/aaa_76_29 (1.5440791191855005 × 10^271)  
Most complex input/output complexity:  (3.9514767396414863 × 10^295)

Input variable with highest collision probability: iv_505 (½^160.00000000000074)

## Input Bits

### Input Bits in Regular Order

| Input Bit | Complexity | Occurrences | Output Occurrences | Collision Probability |
|:---------:|:----------:|:-----------:|:------------------:|:---------------------:|
| iv_505 | 2.5659454263092424 × 10^296 | 4628 | 86 | ½^160.00000000000074 |
| iv_508 | 9.166569541372561 × 10^295 | 4049 | 70 | ½^160.00000000000082 |
| iv_509 | 2.17512141389526 × 10^296 | 4303 | 74 | ½^160.0000000000008 |
| iv_512 | 9.065578539291271 × 10^295 | 4281 | 78 | ½^160.00000000000082 |

### Input Bits Sorted by Complexity

| Input Bit | Complexity | Occurrences | Output Occurrences | Collision Probability |
|:---------:|:----------:|:-----------:|:------------------:|:---------------------:|
| iv_512 | 9.065578539291271 × 10^295 | 4281 | 78 | ½^160.00000000000082 |
| iv_508 | 9.166569541372561 × 10^295 | 4049 | 70 | ½^160.00000000000082 |
| iv_509 | 2.17512141389526 × 10^296 | 4303 | 74 | ½^160.0000000000008 |
| iv_505 | 2.5659454263092424 × 10^296 | 4628 | 86 | ½^160.00000000000074 |

### Input Bits Sorted by Occurrences

| Input Bit | Complexity | Occurrences | Output Occurrences | Collision Probability |
|:---------:|:----------:|:-----------:|:------------------:|:---------------------:|
| iv_508 | 9.166569541372561 × 10^295 | 4049 | 70 | ½^160.00000000000082 |
| iv_512 | 9.065578539291271 × 10^295 | 4281 | 78 | ½^160.00000000000082 |
| iv_509 | 2.17512141389526 × 10^296 | 4303 | 74 | ½^160.0000000000008 |
| iv_505 | 2.5659454263092424 × 10^296 | 4628 | 86 | ½^160.00000000000074 |

### Input Bits Sorted by Output Occurrences

| Input Bit | Complexity | Occurrences | Output Occurrences | Collision Probability |
|:---------:|:----------:|:-----------:|:------------------:|:---------------------:|
| iv_508 | 9.166569541372561 × 10^295 | 4049 | 70 | ½^160.00000000000082 |
| iv_509 | 2.17512141389526 × 10^296 | 4303 | 74 | ½^160.0000000000008 |
| iv_512 | 9.065578539291271 × 10^295 | 4281 | 78 | ½^160.00000000000082 |
| iv_505 | 2.5659454263092424 × 10^296 | 4628 | 86 | ½^160.00000000000074 |

### Input Bits Sorted by Collision Probability

| Input Bit | Complexity | Occurrences | Output Occurrences | Collision Probability |
|:---------:|:----------:|:-----------:|:------------------:|:---------------------:|
| iv_505 | 2.5659454263092424 × 10^296 | 4628 | 86 | ½^160.00000000000074 |
| iv_509 | 2.17512141389526 × 10^296 | 4303 | 74 | ½^160.0000000000008 |
| iv_512 | 9.065578539291271 × 10^295 | 4281 | 78 | ½^160.00000000000082 |
| iv_508 | 9.166569541372561 × 10^295 | 4049 | 70 | ½^160.00000000000082 |

## Input Bit/Output Bit Collision Probabilities

| Input Bit | Output Bit | Collision Probability |
|:---------:|:----------:|:---------------------:|
| iv_508 | ov_125 | 0.5000000000000022 |
| iv_512 | ov_126 | 0.5000000000000017 |
| iv_505 | ov_046 | 0.5000000000000016 |
| iv_505 | ov_115 | 0.5000000000000016 |

## Input Bit Co-occurrences

### Input Bit Co-occurrences Sorted by Co-occurrences

| Input Bits | Co-occurrences | Potential Occurrences | Output Co-occurrences | Potential Output Occurrences |
|:----------:|:--------------:|:---------------------:|:---------------------:|:----------------------------:|
| iv_505-iv_509 | 2045 | 4841 | 38 | 84 |
| iv_505-iv_512 | 2022 | 4865 | 44 | 76 |
| iv_509-iv_512 | 1989 | 4606 | 36 | 80 |
| iv_505-iv_508 | 1955 | 4767 | 38 | 80 |

### Input Bit Co-occurrences Sorted by Potential Occurrences

| Input Bits | Co-occurrences | Potential Occurrences | Output Co-occurrences | Potential Output Occurrences |
|:----------:|:--------------:|:---------------------:|:---------------------:|:----------------------------:|
| iv_508-iv_512 | 1944 | 4442 | 29 | 90 |
| iv_508-iv_509 | 1924 | 4504 | 38 | 68 |
| iv_509-iv_512 | 1989 | 4606 | 36 | 80 |
| iv_505-iv_508 | 1955 | 4767 | 38 | 80 |

### Input Bit Output Co-occurrences Sorted by Output Co-occurrences

| Input Bits | Co-occurrences | Potential Occurrences | Output Co-occurrences | Potential Output Occurrences |
|:----------:|:--------------:|:---------------------:|:---------------------:|:----------------------------:|
| iv_505-iv_512 | 2022 | 4865 | 44 | 76 |
| iv_505-iv_508 | 1955 | 4767 | 38 | 80 |
| iv_508-iv_509 | 1924 | 4504 | 38 | 68 |
| iv_505-iv_509 | 2045 | 4841 | 38 | 84 |

### Input Bit Output Co-occurrences Sorted by Potential Output Occurrences

| Input Bits | Co-occurrences | Potential Occurrences | Output Co-occurrences | Potential Output Occurrences |
|:----------:|:--------------:|:---------------------:|:---------------------:|:----------------------------:|
| iv_508-iv_509 | 1924 | 4504 | 38 | 68 |
| iv_505-iv_512 | 2022 | 4865 | 44 | 76 |
| iv_505-iv_508 | 1955 | 4767 | 38 | 80 |
| iv_509-iv_512 | 1989 | 4606 | 36 | 80 |

## Output Bits

### Output Bits in Regular Order

| Rank | Output Bit | Complexity |
|:----:|:----------:|:----------:|
| 1 | ov_001 | 1.0108791083256584 × 10^296 |
| 2 | ov_002 | 8.860468332342823 × 10^295 |
| 3 | ov_003 | 7.722282842269059 × 10^295 |
| 4 | ov_004 | 6.68882602169842 × 10^295 |
| 5 | ov_005 | 5.75498565669606 × 10^295 |
| 6 | ov_006 | 4.915924779431711 × 10^295 |
| 7 | ov_007 | 4.167063329973995 × 10^295 |
| 8 | ov_008 | 3.50406229514099 × 10^295 |
| 9 | ov_009 | 2.9189139489271436 × 10^295 |
| 10 | ov_010 | 2.4077222152788745 × 10^295 |
| 11 | ov_011 | 1.966796459602951 × 10^295 |
| 12 | ov_012 | 1.589338555547292 × 10^295 |
| 13 | ov_013 | 1.2689234388053513 × 10^295 |
| 14 | ov_014 | 9.99488233306495 × 10^294 |
| 15 | ov_015 | 7.75323571751853 × 10^294 |
| 16 | ov_016 | 5.910668951498405 × 10^294 |
| 17 | ov_017 | 4.4169747161367274 × 10^294 |
| 18 | ov_018 | 3.225328354148908 × 10^294 |
| 19 | ov_019 | 2.2922635325661972 × 10^294 |
| 20 | ov_020 | 1.5776565243984523 × 10^294 |
| 21 | ov_021 | 1.044716732808097 × 10^294 |
| 22 | ov_022 | 6.599813580940132 × 10^293 |
| 23 | ov_023 | 3.933124637984741 × 10^293 |
| 24 | ov_024 | 2.1789525774738553 × 10^293 |
| 25 | ov_025 | 1.1023701832108955 × 10^293 |
| 26 | ov_026 | 5.016644943517407 × 10^292 |
| 27 | ov_027 | 2.0833333860973871 × 10^292 |
| 28 | ov_028 | 8.708372131240773 × 10^291 |
| 29 | ov_029 | 3.583120908297343 × 10^291 |
| 30 | ov_030 | 1.1835688346519053 × 10^291 |
| 31 | ov_031 | 2.8603769580450382 × 10^290 |
| 32 | lv_80_m31 | 6.910692936158377 × 10^289 |
| 33 | ov_033 | 8.339619137962563 × 10^290 |
| 34 | ov_034 | 7.218572870355623 × 10^290 |
| 35 | ov_035 | 6.214332868612995 × 10^290 |
| 36 | ov_036 | 5.3212826284369256 × 10^290 |
| 37 | ov_037 | 4.534113551448067 × 10^290 |
| 38 | ov_038 | 3.843044257760842 × 10^290 |
| 39 | ov_039 | 3.238807274318725 × 10^290 |
| 40 | ov_040 | 2.7126175649237782 × 10^290 |
| 41 | ov_041 | 2.256145798327653 × 10^290 |
| 42 | ov_042 | 1.861495834793264 × 10^290 |
| 43 | ov_043 | 1.5211859440032492 × 10^290 |
| 44 | ov_044 | 1.2281332982201947 × 10^290 |
| 45 | ov_045 | 9.756413143881494 × 10^289 |
| 46 | ov_046 | 7.60456845105218 × 10^289 |
| 47 | ov_047 | 5.795124928509927 × 10^289 |
| 48 | ov_048 | 4.299230233895627 × 10^289 |
| 49 | ov_049 | 3.0898256627979206 × 10^289 |
| 50 | ov_050 | 2.1416246745288082 × 10^289 |
| 51 | ov_051 | 1.431097031825411 × 10^289 |
| 52 | ov_052 | 9.164108373100462 × 10^288 |
| 53 | ov_053 | 5.592059187703697 × 10^288 |
| 54 | ov_054 | 3.245870045067617 × 10^288 |
| 55 | ov_055 | 1.81120019469019 × 10^288 |
| 56 | ov_056 | 1.0083016162868746 × 10^288 |
| 57 | ov_057 | 5.920086020527082 × 10^287 |
| 58 | ov_058 | 3.51731802562758 × 10^287 |
| 59 | ov_059 | 1.908200941291765 × 10^287 |
| 60 | ov_060 | 9.198788558171778 × 10^286 |
| 61 | ov_061 | 3.7949728003030943 × 10^286 |
| 62 | ov_062 | 1.2569241709253015 × 10^286 |
| 63 | ov_063 | 3.04612350222189 × 10^285 |
| 64 | lv_79_m31 | 7.377984933063308 × 10^284 |
| 65 | ov_065 | 8.69356015130281 × 10^285 |
| 66 | ov_066 | 8.693538088641456 × 10^285 |
| 67 | ov_067 | 8.693530939170616 × 10^285 |
| 68 | ov_068 | 7.544498600855328 × 10^285 |
| 69 | ov_069 | 6.506494246389443 × 10^285 |
| 70 | ov_070 | 5.573807119148082 × 10^285 |
| 71 | ov_071 | 4.7410790995628506 × 10^285 |
| 72 | ov_072 | 4.00328060530958 × 10^285 |
| 73 | ov_073 | 3.3556885829819373 × 10^285 |
| 74 | ov_074 | 2.789698279800972 × 10^285 |
| 75 | ov_075 | 2.297225266246362 × 10^285 |
| 76 | ov_076 | 1.8743533139957632 × 10^285 |
| 77 | ov_077 | 1.5139486559676158 × 10^285 |
| 78 | ov_078 | 1.2093141838677885 × 10^285 |
| 79 | ov_079 | 9.541675665638242 × 10^284 |
| 80 | ov_080 | 7.426220631235517 × 10^284 |
| 81 | ov_081 | 5.6916984877579594 × 10^284 |
| 82 | ov_082 | 4.286676734534148 × 10^284 |
| 83 | ov_083 | 3.163246735339461 × 10^284 |
| 84 | ov_084 | 2.27692158012805 × 10^284 |
| 85 | ov_085 | 1.5865519072074875 × 10^284 |
| 86 | ov_086 | 1.0542579040557924 × 10^284 |
| 87 | ov_087 | 6.619095073124947 × 10^283 |
| 88 | ov_088 | 3.9297291570815514 × 10^283 |
| 89 | ov_089 | 2.19104047766399 × 10^283 |
| 90 | ov_090 | 1.150825535807696 × 10^283 |
| 91 | ov_091 | 5.879800647646974 × 10^282 |
| 92 | ov_092 | 3.124160893050537 × 10^282 |
| 93 | ov_093 | 1.650173547217746 × 10^282 |
| 94 | ov_094 | 7.39649890470778 × 10^281 |
| 95 | aaa_78_28 | 2.3788401394498907 × 10^281 |
| 96 | aaa_78_29 | 9.012806510189367 × 10^280 |
| 97 | ov_097 | 9.814173159462921 × 10^280 |
| 98 | ov_098 | 9.813876672753599 × 10^280 |
| 99 | ov_099 | 9.813781968802086 × 10^280 |
| 100 | ov_100 | 8.831269221859196 × 10^280 |
| 101 | ov_101 | 7.921389305362948 × 10^280 |
| 102 | ov_102 | 7.080125143440406 × 10^280 |
| 103 | ov_103 | 6.30375317868208 × 10^280 |
| 104 | ov_104 | 5.588806093782593 × 10^280 |
| 105 | ov_105 | 4.932039192113307 × 10^280 |
| 106 | ov_106 | 4.33039984138735 × 10^280 |
| 107 | ov_107 | 3.7809993933736376 × 10^280 |
| 108 | ov_108 | 3.281087793694634 × 10^280 |
| 109 | ov_109 | 2.8280311017302463 × 10^280 |
| 110 | ov_110 | 2.4192917486003053 × 10^280 |
| 111 | ov_111 | 2.0524110747579806 × 10^280 |
| 112 | ov_112 | 1.7249936917096438 × 10^280 |
| 113 | ov_113 | 1.434693795191578 × 10^280 |
| 114 | ov_114 | 1.1792035587770077 × 10^280 |
| 115 | ov_115 | 9.562434477482196 × 10^279 |
| 116 | ov_116 | 7.635542938323833 × 10^279 |
| 117 | ov_117 | 5.988909718883606 × 10^279 |
| 118 | ov_118 | 4.6001751991295516 × 10^279 |
| 119 | ov_119 | 3.4470354388011055 × 10^279 |
| 120 | ov_120 | 2.50721749001466 × 10^279 |
| 121 | ov_121 | 1.7584643903769414 × 10^279 |
| 122 | ov_122 | 1.1785275378723398 × 10^279 |
| 123 | ov_123 | 7.451631142884582 × 10^278 |
| 124 | ov_124 | 4.361300027728012 × 10^278 |
| 125 | ov_125 | 2.2918842089189505 × 10^278 |
| 126 | ov_126 | 1.0209913391909296 × 10^278 |
| 127 | aaa_77_28 | 3.262308225753264 × 10^277 |
| 128 | aaa_77_29 | 1.2236594521800264 × 10^277 |
| 129 | ov_129 | 1.1322345814203409 × 10^277 |
| 130 | ov_130 | 1.1322318587444635 × 10^277 |
| 131 | ov_131 | 1.1322309827448612 × 10^277 |
| 132 | ov_132 | 9.84356093769866 × 10^276 |
| 133 | ov_133 | 8.507283265786267 × 10^276 |
| 134 | ov_134 | 7.306866150428456 × 10^276 |
| 135 | ov_135 | 6.236078087683653 × 10^276 |
| 136 | ov_136 | 5.289038572479855 × 10^276 |
| 137 | ov_137 | 4.45494261576452 × 10^276 |
| 138 | ov_138 | 3.7235740341209436 × 10^276 |
| 139 | ov_139 | 3.0852696907603574 × 10^276 |
| 140 | ov_140 | 2.5308888240893615 × 10^276 |
| 141 | ov_141 | 2.0517870185548322 × 10^276 |
| 142 | ov_142 | 1.6437631736134202 × 10^276 |
| 143 | ov_143 | 1.2991036343239317 × 10^276 |
| 144 | ov_144 | 1.0105361806802529 × 10^276 |
| 145 | ov_145 | 7.712180423341613 × 10^275 |
| 146 | ov_146 | 5.7472637990393534 × 10^275 |
| 147 | ov_147 | 4.179537092071022 × 10^275 |
| 148 | ov_148 | 2.952967403044643 × 10^275 |
| 149 | ov_149 | 2.015551616142024 × 10^275 |
| 150 | ov_150 | 1.3192883549579475 × 10^275 |
| 151 | ov_151 | 8.201593972215678 × 10^274 |
| 152 | ov_152 | 4.781181370594483 × 10^274 |
| 153 | ov_153 | 2.5708300045759643 × 10^274 |
| 154 | ov_154 | 1.2493403653452122 × 10^274 |
| 155 | ov_155 | 5.351127042346031 × 10^273 |
| 156 | aaa_76_25 | 1.8613932079229643 × 10^273 |
| 157 | aaa_76_26 | 1.1461861021770899 × 10^273 |
| 158 | aaa_76_27 | 6.28904212058181 × 10^272 |
| 159 | aaa_76_28 | 2.966404825401571 × 10^272 |
| 160 | aaa_76_29 | 1.1180500154091707 × 10^272 |

### Output Bits Sorted by Complexity

| Rank | Output Bit | Complexity |
|:----:|:----------:|:----------:|
| 160 | aaa_76_29 | 1.1180500154091707 × 10^272 |
| 159 | aaa_76_28 | 2.966404825401571 × 10^272 |
| 158 | aaa_76_27 | 6.28904212058181 × 10^272 |
| 157 | aaa_76_26 | 1.1461861021770899 × 10^273 |
| 156 | aaa_76_25 | 1.8613932079229643 × 10^273 |
| 155 | ov_155 | 5.351127042346031 × 10^273 |
| 154 | ov_154 | 1.2493403653452122 × 10^274 |
| 153 | ov_153 | 2.5708300045759643 × 10^274 |
| 152 | ov_152 | 4.781181370594483 × 10^274 |
| 151 | ov_151 | 8.201593972215678 × 10^274 |
| 150 | ov_150 | 1.3192883549579475 × 10^275 |
| 149 | ov_149 | 2.015551616142024 × 10^275 |
| 148 | ov_148 | 2.952967403044643 × 10^275 |
| 147 | ov_147 | 4.179537092071022 × 10^275 |
| 146 | ov_146 | 5.7472637990393534 × 10^275 |
| 145 | ov_145 | 7.712180423341613 × 10^275 |
| 144 | ov_144 | 1.0105361806802529 × 10^276 |
| 143 | ov_143 | 1.2991036343239317 × 10^276 |
| 142 | ov_142 | 1.6437631736134202 × 10^276 |
| 141 | ov_141 | 2.0517870185548322 × 10^276 |
| 140 | ov_140 | 2.5308888240893615 × 10^276 |
| 139 | ov_139 | 3.0852696907603574 × 10^276 |
| 138 | ov_138 | 3.7235740341209436 × 10^276 |
| 137 | ov_137 | 4.45494261576452 × 10^276 |
| 136 | ov_136 | 5.289038572479855 × 10^276 |
| 135 | ov_135 | 6.236078087683653 × 10^276 |
| 134 | ov_134 | 7.306866150428456 × 10^276 |
| 133 | ov_133 | 8.507283265786267 × 10^276 |
| 132 | ov_132 | 9.84356093769866 × 10^276 |
| 131 | ov_131 | 1.1322309827448612 × 10^277 |
| 130 | ov_130 | 1.1322318587444635 × 10^277 |
| 129 | ov_129 | 1.1322345814203409 × 10^277 |
| 128 | aaa_77_29 | 1.2236594521800264 × 10^277 |
| 127 | aaa_77_28 | 3.262308225753264 × 10^277 |
| 126 | ov_126 | 1.0209913391909296 × 10^278 |
| 125 | ov_125 | 2.2918842089189505 × 10^278 |
| 124 | ov_124 | 4.361300027728012 × 10^278 |
| 123 | ov_123 | 7.451631142884582 × 10^278 |
| 122 | ov_122 | 1.1785275378723398 × 10^279 |
| 121 | ov_121 | 1.7584643903769414 × 10^279 |
| 120 | ov_120 | 2.50721749001466 × 10^279 |
| 119 | ov_119 | 3.4470354388011055 × 10^279 |
| 118 | ov_118 | 4.6001751991295516 × 10^279 |
| 117 | ov_117 | 5.988909718883606 × 10^279 |
| 116 | ov_116 | 7.635542938323833 × 10^279 |
| 115 | ov_115 | 9.562434477482196 × 10^279 |
| 114 | ov_114 | 1.1792035587770077 × 10^280 |
| 113 | ov_113 | 1.434693795191578 × 10^280 |
| 112 | ov_112 | 1.7249936917096438 × 10^280 |
| 111 | ov_111 | 2.0524110747579806 × 10^280 |
| 110 | ov_110 | 2.4192917486003053 × 10^280 |
| 109 | ov_109 | 2.8280311017302463 × 10^280 |
| 108 | ov_108 | 3.281087793694634 × 10^280 |
| 107 | ov_107 | 3.7809993933736376 × 10^280 |
| 106 | ov_106 | 4.33039984138735 × 10^280 |
| 105 | ov_105 | 4.932039192113307 × 10^280 |
| 104 | ov_104 | 5.588806093782593 × 10^280 |
| 103 | ov_103 | 6.30375317868208 × 10^280 |
| 102 | ov_102 | 7.080125143440406 × 10^280 |
| 101 | ov_101 | 7.921389305362948 × 10^280 |
| 100 | ov_100 | 8.831269221859196 × 10^280 |
| 96 | aaa_78_29 | 9.012806510189367 × 10^280 |
| 99 | ov_099 | 9.813781968802086 × 10^280 |
| 98 | ov_098 | 9.813876672753599 × 10^280 |
| 97 | ov_097 | 9.814173159462921 × 10^280 |
| 95 | aaa_78_28 | 2.3788401394498907 × 10^281 |
| 94 | ov_094 | 7.39649890470778 × 10^281 |
| 93 | ov_093 | 1.650173547217746 × 10^282 |
| 92 | ov_092 | 3.124160893050537 × 10^282 |
| 91 | ov_091 | 5.879800647646974 × 10^282 |
| 90 | ov_090 | 1.150825535807696 × 10^283 |
| 89 | ov_089 | 2.19104047766399 × 10^283 |
| 88 | ov_088 | 3.9297291570815514 × 10^283 |
| 87 | ov_087 | 6.619095073124947 × 10^283 |
| 86 | ov_086 | 1.0542579040557924 × 10^284 |
| 85 | ov_085 | 1.5865519072074875 × 10^284 |
| 84 | ov_084 | 2.27692158012805 × 10^284 |
| 83 | ov_083 | 3.163246735339461 × 10^284 |
| 82 | ov_082 | 4.286676734534148 × 10^284 |
| 81 | ov_081 | 5.6916984877579594 × 10^284 |
| 64 | lv_79_m31 | 7.377984933063308 × 10^284 |
| 80 | ov_080 | 7.426220631235517 × 10^284 |
| 79 | ov_079 | 9.541675665638242 × 10^284 |
| 78 | ov_078 | 1.2093141838677885 × 10^285 |
| 77 | ov_077 | 1.5139486559676158 × 10^285 |
| 76 | ov_076 | 1.8743533139957632 × 10^285 |
| 75 | ov_075 | 2.297225266246362 × 10^285 |
| 74 | ov_074 | 2.789698279800972 × 10^285 |
| 63 | ov_063 | 3.04612350222189 × 10^285 |
| 73 | ov_073 | 3.3556885829819373 × 10^285 |
| 72 | ov_072 | 4.00328060530958 × 10^285 |
| 71 | ov_071 | 4.7410790995628506 × 10^285 |
| 70 | ov_070 | 5.573807119148082 × 10^285 |
| 69 | ov_069 | 6.506494246389443 × 10^285 |
| 68 | ov_068 | 7.544498600855328 × 10^285 |
| 67 | ov_067 | 8.693530939170616 × 10^285 |
| 66 | ov_066 | 8.693538088641456 × 10^285 |
| 65 | ov_065 | 8.69356015130281 × 10^285 |
| 62 | ov_062 | 1.2569241709253015 × 10^286 |
| 61 | ov_061 | 3.7949728003030943 × 10^286 |
| 60 | ov_060 | 9.198788558171778 × 10^286 |
| 59 | ov_059 | 1.908200941291765 × 10^287 |
| 58 | ov_058 | 3.51731802562758 × 10^287 |
| 57 | ov_057 | 5.920086020527082 × 10^287 |
| 56 | ov_056 | 1.0083016162868746 × 10^288 |
| 55 | ov_055 | 1.81120019469019 × 10^288 |
| 54 | ov_054 | 3.245870045067617 × 10^288 |
| 53 | ov_053 | 5.592059187703697 × 10^288 |
| 52 | ov_052 | 9.164108373100462 × 10^288 |
| 51 | ov_051 | 1.431097031825411 × 10^289 |
| 50 | ov_050 | 2.1416246745288082 × 10^289 |
| 49 | ov_049 | 3.0898256627979206 × 10^289 |
| 48 | ov_048 | 4.299230233895627 × 10^289 |
| 47 | ov_047 | 5.795124928509927 × 10^289 |
| 32 | lv_80_m31 | 6.910692936158377 × 10^289 |
| 46 | ov_046 | 7.60456845105218 × 10^289 |
| 45 | ov_045 | 9.756413143881494 × 10^289 |
| 44 | ov_044 | 1.2281332982201947 × 10^290 |
| 43 | ov_043 | 1.5211859440032492 × 10^290 |
| 42 | ov_042 | 1.861495834793264 × 10^290 |
| 41 | ov_041 | 2.256145798327653 × 10^290 |
| 40 | ov_040 | 2.7126175649237782 × 10^290 |
| 31 | ov_031 | 2.8603769580450382 × 10^290 |
| 39 | ov_039 | 3.238807274318725 × 10^290 |
| 38 | ov_038 | 3.843044257760842 × 10^290 |
| 37 | ov_037 | 4.534113551448067 × 10^290 |
| 36 | ov_036 | 5.3212826284369256 × 10^290 |
| 35 | ov_035 | 6.214332868612995 × 10^290 |
| 34 | ov_034 | 7.218572870355623 × 10^290 |
| 33 | ov_033 | 8.339619137962563 × 10^290 |
| 30 | ov_030 | 1.1835688346519053 × 10^291 |
| 29 | ov_029 | 3.583120908297343 × 10^291 |
| 28 | ov_028 | 8.708372131240773 × 10^291 |
| 27 | ov_027 | 2.0833333860973871 × 10^292 |
| 26 | ov_026 | 5.016644943517407 × 10^292 |
| 25 | ov_025 | 1.1023701832108955 × 10^293 |
| 24 | ov_024 | 2.1789525774738553 × 10^293 |
| 23 | ov_023 | 3.933124637984741 × 10^293 |
| 22 | ov_022 | 6.599813580940132 × 10^293 |
| 21 | ov_021 | 1.044716732808097 × 10^294 |
| 20 | ov_020 | 1.5776565243984523 × 10^294 |
| 19 | ov_019 | 2.2922635325661972 × 10^294 |
| 18 | ov_018 | 3.225328354148908 × 10^294 |
| 17 | ov_017 | 4.4169747161367274 × 10^294 |
| 16 | ov_016 | 5.910668951498405 × 10^294 |
| 15 | ov_015 | 7.75323571751853 × 10^294 |
| 14 | ov_014 | 9.99488233306495 × 10^294 |
| 13 | ov_013 | 1.2689234388053513 × 10^295 |
| 12 | ov_012 | 1.589338555547292 × 10^295 |
| 11 | ov_011 | 1.966796459602951 × 10^295 |
| 10 | ov_010 | 2.4077222152788745 × 10^295 |
| 9 | ov_009 | 2.9189139489271436 × 10^295 |
| 8 | ov_008 | 3.50406229514099 × 10^295 |
| 7 | ov_007 | 4.167063329973995 × 10^295 |
| 6 | ov_006 | 4.915924779431711 × 10^295 |
| 5 | ov_005 | 5.75498565669606 × 10^295 |
| 4 | ov_004 | 6.68882602169842 × 10^295 |
| 3 | ov_003 | 7.722282842269059 × 10^295 |
| 2 | ov_002 | 8.860468332342823 × 10^295 |
| 1 | ov_001 | 1.0108791083256584 × 10^296 |

