# Results for F001-F002-F003-F004-F005-F006-F007-F008-F009-F010-F011-F012-F013-F014-F015-F016-F017-F018-F019-F020-F021-F022-F023-F024-F025-F026-F027-F028-F029-F030-F031-F032-F033-F034-F035-F036-F037-F038-F039-F040-F041-F042-F043-F044-F045-F046-F047-F048-F049-F050-F051-F052-F053-F054-F055-F056-F057-F058-F059-F060-F061-F062-F063-F064-F065-F066-F067-F068-F069-F070-F071-F072-F073-F074-F075-F076-F077-F078-F079-F080-F081-F082-F083-F084-F085-F086-F087-F088-F089-F090-F091-F092-F093-F094-F095-F096-F097-F098-F099-F100-F101-F102-F103-F104-F105-F106-F107-F108-F109-F110-F111-F112-F113-F114-F115-F116-F117-F118-F119-F120-F121-F122-F123-F124-F125-F126-F127-F128-F129-F130-F131-F132-F133-F134-F135-F136-F137-F138-F139-F140-F141-F142-F143-F144-F145-F146-F147-F148-F149-F150-F151-F152-F153-F154-F155-F156-F157-F158-F159-F160-F161-F162-F163-F164-F165-F166-F167-F168-F169-F170-F171-F172-F173-F174-F175-F176-F177-F178-F179-F180-F181-F182-F183-F184-F185-F186-F187-F188-F189-F190-F191-F192-F193-F194-F195-F196-F197-F198-F199-F200-F201-F202-F203-F204-F205-F206-F207-F208-F209-F210-F211-F212-F213-F214-F215-F216-F217-F218-F219-F220-F221-F222-F223-F224-F225-F226-F227-F228-F229-F230-F231-F232-F233-F234-F235-F236-F237-F238-F239-F240-F241-F242-F243-F244-F245-F246-F247-F248-F249-F250-F251-F252-F253-F254-F255-F256-F257-F258-F259-F260-F261-F262-F263-F264-F265-F266-F267-F268-F269-F270-F271-F272-F273-F274-F275-F276-F277-F278-F279-F280-F281-F282-F283-F284-F285-F286-F287-F288-F289-F290-F291-F292-F293-F294-F295-F296-F297-F298-F299-F300-F301-F302-F303-F304-F305-F306-F307-F308-F309-F310-F311-F312-F313-F314-F315-F316-F317-F318-F319-F320-F321-F322-F323-F324-F325-F326-F327-F328-F329-F330-F331-F332-F333-F334-F335-F336-F337-F338-F339-F340-F341-F342-F343-F344-F345-F346-F347-F348-F349-F350-F351-F352-F353-F354-F355-F356-F357-F358-F359-F360-F361-F362-F363-F364-F365-F366-F367-F368-F369-F370-F371-F372-F373-F374-F375-F376-F377-F378-F379-F380-F381-F382-F383-F384-F385-F386-F387-F388-F389-F390-F391-F392-F393-F394-F395-F396-F397-F398-F399-F400-F401-F402-F403-F404-F405-F406-F407-F408-F409-F410-F411-F412-F413-F414-F415-F416-F417-F418-F419-F420-F421-F422-F423-F424-F425-F426-F427-F428-F429-F430-F431-F432-F433-F434-F435-F436-F437-F438-F439-F440-F441-F442-F443-F444-F445-F446-F447-F448-F449-F450-F451-F452-F453-F454-F455-F456-F457-F458-F459-F460-F461-F462-F463-F464-F465-F466-F467-F468-F469-F470-F471-F472-F473-F474-F475-F476-F477-F478-F479-F480-F481-F482-F483-F484-F485-F486-F487-F488-F489-F490-F491-F492-F493-F494-F495-F496-F497-F498-F499-F500-F501-F502-F503-F504-F505-F506-F507-F508

## Summary

Number of input bits: 512  
Number of free input bits: 4  
Number of output bits: 160

Number of direct occurrences: 16624  
Number of assignments: 29828  
Number of operations: 10841896
(xor: 10817013,
and: 12559,
or: 12324)

Total complexity: 1.258585352144343 × 10^294

Least occurring input variable: iv_509 (4075)  
Most occurring input variable: iv_512 (4248)

Most co-occurring input variables: iv_511-iv_512 (2029)  
Least co-occurring input variables: iv_509-iv_510 (1891)

Potentially most occurring input variable: iv_510/iv_511 (4503)  
Potentially least occurring input variable: iv_509/iv_511 (4312)

Least output occurring input variable: iv_512 (72)  
Most output occurring input variable: iv_511 (86)

Most output co-occurring input variables: iv_509-iv_511 (43)  
Least output co-occurring input variables: iv_510-iv_512 (33)

Potentially most output occurring input variable: iv_510/iv_512 (86)  
Potentially least output occurring input variable: iv_509/iv_510 (76)

Least complex input bit: iv_509 (2.357196707991015 × 10^293)  
Most complex input bit: iv_510 (4.38520571046369 × 10^293)

Least complex output bit: aaa_76_29 (2.9337638477669918 × 10^269)  
Most complex output bit: ov_001 (1.916131348624354 × 10^293)

Least complex input/output complexity: iv_509/aaa_76_29 (5.494628133242646 × 10^268)  
Most complex input/output complexity: iv_510/ov_001 (6.676249741560903 × 10^292)

Input variable with highest collision probability: iv_511 (2^-160.00000000000068)

## Input Bits

### Input Bits in Regular Order

| Input Bit | Complexity | Occurrences | Output Occurrences | Collision Probability |
|:---------:|:----------:|:-----------:|:------------------:|:---------------------:|
| iv_509 | 2.357196707991015 × 10^293 | 4075 | 78 | 2^-160.00000000000068 |
| iv_510 | 4.38520571046369 × 10^293 | 4136 | 80 | 2^-160.00000000000085 |
| iv_511 | 2.628024885454466 × 10^293 | 4165 | 86 | 2^-160.00000000000068 |
| iv_512 | 3.2154262175342607 × 10^293 | 4248 | 72 | 2^-160.0000000000007 |

### Input Bits Sorted by Complexity

| Input Bit | Complexity | Occurrences | Output Occurrences | Collision Probability |
|:---------:|:----------:|:-----------:|:------------------:|:---------------------:|
| iv_509 | 2.357196707991015 × 10^293 | 4075 | 78 | 2^-160.00000000000068 |
| iv_511 | 2.628024885454466 × 10^293 | 4165 | 86 | 2^-160.00000000000068 |
| iv_512 | 3.2154262175342607 × 10^293 | 4248 | 72 | 2^-160.0000000000007 |
| iv_510 | 4.38520571046369 × 10^293 | 4136 | 80 | 2^-160.00000000000085 |

### Input Bits Sorted by Occurrences

| Input Bit | Complexity | Occurrences | Output Occurrences | Collision Probability |
|:---------:|:----------:|:-----------:|:------------------:|:---------------------:|
| iv_509 | 2.357196707991015 × 10^293 | 4075 | 78 | 2^-160.00000000000068 |
| iv_510 | 4.38520571046369 × 10^293 | 4136 | 80 | 2^-160.00000000000085 |
| iv_511 | 2.628024885454466 × 10^293 | 4165 | 86 | 2^-160.00000000000068 |
| iv_512 | 3.2154262175342607 × 10^293 | 4248 | 72 | 2^-160.0000000000007 |

### Input Bits Sorted by Output Occurrences

| Input Bit | Complexity | Occurrences | Output Occurrences | Collision Probability |
|:---------:|:----------:|:-----------:|:------------------:|:---------------------:|
| iv_512 | 3.2154262175342607 × 10^293 | 4248 | 72 | 2^-160.0000000000007 |
| iv_509 | 2.357196707991015 × 10^293 | 4075 | 78 | 2^-160.00000000000068 |
| iv_510 | 4.38520571046369 × 10^293 | 4136 | 80 | 2^-160.00000000000085 |
| iv_511 | 2.628024885454466 × 10^293 | 4165 | 86 | 2^-160.00000000000068 |

### Input Bits Sorted by Collision Probability

| Input Bit | Complexity | Occurrences | Output Occurrences | Collision Probability |
|:---------:|:----------:|:-----------:|:------------------:|:---------------------:|
| iv_511 | 2.628024885454466 × 10^293 | 4165 | 86 | 2^-160.00000000000068 |
| iv_509 | 2.357196707991015 × 10^293 | 4075 | 78 | 2^-160.00000000000068 |
| iv_512 | 3.2154262175342607 × 10^293 | 4248 | 72 | 2^-160.0000000000007 |
| iv_510 | 4.38520571046369 × 10^293 | 4136 | 80 | 2^-160.00000000000085 |

## Input Bit Co-occurrences

### Input Bit Co-occurrences Sorted by Co-occurrences

| Input Bits | Co-occurrences | Potential Occurrences | Output Co-occurrences | Potential Output Occurrences |
|:----------:|:--------------:|:---------------------:|:---------------------:|:----------------------------:|
| iv_511-iv_512 | 2029 | 4355 | 38 | 82 |
| iv_510-iv_512 | 1997 | 4390 | 33 | 86 |
| iv_509-iv_512 | 1986 | 4351 | 37 | 76 |
| iv_509-iv_511 | 1964 | 4312 | 43 | 78 |

### Input Bit Co-occurrences Sorted by Potential Occurrences

| Input Bits | Co-occurrences | Potential Occurrences | Output Co-occurrences | Potential Output Occurrences |
|:----------:|:--------------:|:---------------------:|:---------------------:|:----------------------------:|
| iv_509-iv_511 | 1964 | 4312 | 43 | 78 |
| iv_509-iv_512 | 1986 | 4351 | 37 | 76 |
| iv_511-iv_512 | 2029 | 4355 | 38 | 82 |
| iv_510-iv_512 | 1997 | 4390 | 33 | 86 |

### Input Bit Output Co-occurrences Sorted by Output Co-occurrences

| Input Bits | Co-occurrences | Potential Occurrences | Output Co-occurrences | Potential Output Occurrences |
|:----------:|:--------------:|:---------------------:|:---------------------:|:----------------------------:|
| iv_509-iv_511 | 1964 | 4312 | 43 | 78 |
| iv_510-iv_511 | 1899 | 4503 | 42 | 82 |
| iv_509-iv_510 | 1891 | 4429 | 41 | 76 |
| iv_511-iv_512 | 2029 | 4355 | 38 | 82 |

### Input Bit Output Co-occurrences Sorted by Potential Output Occurrences

| Input Bits | Co-occurrences | Potential Occurrences | Output Co-occurrences | Potential Output Occurrences |
|:----------:|:--------------:|:---------------------:|:---------------------:|:----------------------------:|
| iv_509-iv_510 | 1891 | 4429 | 41 | 76 |
| iv_509-iv_512 | 1986 | 4351 | 37 | 76 |
| iv_509-iv_511 | 1964 | 4312 | 43 | 78 |
| iv_510-iv_511 | 1899 | 4503 | 42 | 82 |

## Output Bits

### Output Bits in Regular Order

| Rank | Output Bit | Complexity |
|:----:|:----------:|:----------:|
| 1 | ov_001 | 1.916131348624354 × 10^293 |
| 2 | ov_002 | 1.6842966357181662 × 10^293 |
| 3 | ov_003 | 1.4724285562428485 × 10^293 |
| 4 | ov_004 | 1.2794786166656882 × 10^293 |
| 5 | ov_005 | 1.104455632747108 × 10^293 |
| 6 | ov_006 | 9.464215814683692 × 10^292 |
| 7 | ov_007 | 8.044880347584739 × 10^292 |
| 8 | ov_008 | 6.778131101873192 × 10^292 |
| 9 | ov_009 | 5.65598868173935 × 10^292 |
| 10 | ov_010 | 4.670890890301069 × 10^292 |
| 11 | ov_011 | 3.815673740220269 × 10^292 |
| 12 | ov_012 | 3.083555321808999 × 10^292 |
| 13 | ov_013 | 2.462066093799215 × 10^292 |
| 14 | ov_014 | 1.9394417898696768 × 10^292 |
| 15 | ov_015 | 1.504606777814588 × 10^292 |
| 16 | ov_016 | 1.1471608072369786 × 10^292 |
| 17 | ov_017 | 8.573687195203676 × 10^291 |
| 18 | ov_018 | 6.261527266048427 × 10^291 |
| 19 | ov_019 | 4.450868977435027 × 10^291 |
| 20 | ov_020 | 3.0639349512388025 × 10^291 |
| 21 | ov_021 | 2.029407432337913 × 10^291 |
| 22 | ov_022 | 1.2824157300957637 × 10^291 |
| 23 | ov_023 | 7.645293055357369 × 10^290 |
| 24 | ov_024 | 4.237537180319996 × 10^290 |
| 25 | ov_025 | 2.145280912290385 × 10^290 |
| 26 | ov_026 | 9.772358912097649 × 10^289 |
| 27 | ov_027 | 4.0642595873158456 × 10^289 |
| 28 | ov_028 | 1.7018334099985935 × 10^289 |
| 29 | ov_029 | 7.01471857354408 × 10^288 |
| 30 | ov_030 | 2.3213708738358378 × 10^288 |
| 31 | ov_031 | 5.620995511904296 × 10^287 |
| 32 | lv_80_m31 | 1.3603810331124197 × 10^287 |
| 33 | ov_033 | 1.6160041096732247 × 10^288 |
| 34 | ov_034 | 1.4007953415261722 × 10^288 |
| 35 | ov_035 | 1.207295501330397 × 10^288 |
| 36 | ov_036 | 1.0341790049928606 × 10^288 |
| 37 | ov_037 | 8.801937637893603 × 10^287 |
| 38 | ov_038 | 7.441556604599172 × 10^287 |
| 39 | ov_039 | 6.249437271819782 × 10^287 |
| 40 | ov_040 | 5.214959854211848 × 10^287 |
| 41 | ov_041 | 4.328059018135986 × 10^287 |
| 42 | ov_042 | 3.570152867679752 × 10^287 |
| 43 | ov_043 | 2.923638117671822 × 10^287 |
| 44 | ov_044 | 2.3718525893939762 × 10^287 |
| 45 | ov_045 | 1.89904470010324 × 10^287 |
| 46 | ov_046 | 1.4975628979054661 × 10^287 |
| 47 | ov_047 | 1.1601932170370076 × 10^287 |
| 48 | ov_048 | 8.801506761438208 × 10^286 |
| 49 | ov_049 | 6.510725476271608 × 10^286 |
| 50 | ov_050 | 4.670131535950283 × 10^286 |
| 51 | ov_051 | 3.2243995712812396 × 10^286 |
| 52 | ov_052 | 2.1223078011889785 × 10^286 |
| 53 | ov_053 | 1.3167196488658472 × 10^286 |
| 54 | ov_054 | 7.64572563661631 × 10^285 |
| 55 | ov_055 | 4.268717926422444 × 10^285 |
| 56 | ov_056 | 2.3781988042488006 × 10^285 |
| 57 | ov_057 | 1.3974418576592783 × 10^285 |
| 58 | ov_058 | 8.309536309919947 × 10^284 |
| 59 | ov_059 | 4.5129426213665924 × 10^284 |
| 60 | ov_060 | 2.178538725363201 × 10^284 |
| 61 | ov_061 | 9.0022946378122 × 10^283 |
| 62 | ov_062 | 2.9871181769977117 × 10^283 |
| 63 | ov_063 | 7.255280562192612 × 10^282 |
| 64 | lv_79_m31 | 1.761493340296423 × 10^282 |
| 65 | ov_065 | 2.0771883160507878 × 10^283 |
| 66 | ov_066 | 2.0771826903853824 × 10^283 |
| 67 | ov_067 | 2.0771808674516462 × 10^283 |
| 68 | ov_068 | 1.8092688839178079 × 10^283 |
| 69 | ov_069 | 1.566394378223396 × 10^283 |
| 70 | ov_070 | 1.3471005344537556 × 10^283 |
| 71 | ov_071 | 1.1500204810382684 × 10^283 |
| 72 | ov_072 | 9.738711467609261 × 10^282 |
| 73 | ov_073 | 8.174476501213229 × 10^282 |
| 74 | ov_074 | 6.796181937717071 × 10^282 |
| 75 | ov_075 | 5.593194370040055 × 10^282 |
| 76 | ov_076 | 4.5555232029294647 × 10^282 |
| 77 | ov_077 | 3.67378316741167 × 10^282 |
| 78 | ov_078 | 2.930889643599086 × 10^282 |
| 79 | ov_079 | 2.3108162603986693 × 10^282 |
| 80 | ov_080 | 1.798545956849774 × 10^282 |
| 81 | ov_081 | 1.3800284462872272 × 10^282 |
| 82 | ov_082 | 1.0421436241952473 × 10^282 |
| 83 | ov_083 | 7.726704631567705 × 10^281 |
| 84 | ov_084 | 5.602609399242621 × 10^281 |
| 85 | ov_085 | 3.9441854059590434 × 10^281 |
| 86 | ov_086 | 2.6548089041975823 × 10^281 |
| 87 | ov_087 | 1.688234091569178 × 10^281 |
| 88 | ov_088 | 1.0022874269350237 × 10^281 |
| 89 | ov_089 | 5.588227086244672 × 10^280 |
| 90 | ov_090 | 2.9351107648293597 × 10^280 |
| 91 | ov_091 | 1.4995667625221574 × 10^280 |
| 92 | ov_092 | 7.967534180594937 × 10^279 |
| 93 | ov_093 | 4.208311224044578 × 10^279 |
| 94 | ov_094 | 1.8862109927187026 × 10^279 |
| 95 | aaa_78_28 | 6.0661811127440066 × 10^278 |
| 96 | aaa_78_29 | 2.2982218085906144 × 10^278 |
| 97 | ov_097 | 2.50310768139401 × 10^278 |
| 98 | ov_098 | 2.5030305226143724 × 10^278 |
| 99 | ov_099 | 2.5030057499976184 × 10^278 |
| 100 | ov_100 | 2.2523046240235635 × 10^278 |
| 101 | ov_101 | 2.0201943214815465 × 10^278 |
| 102 | ov_102 | 1.8056317232665443 × 10^278 |
| 103 | ov_103 | 1.6076519305931117 × 10^278 |
| 104 | ov_104 | 1.4253585567508346 × 10^278 |
| 105 | ov_105 | 1.257914624689969 × 10^278 |
| 106 | ov_106 | 1.1045342584851823 × 10^278 |
| 107 | ov_107 | 9.64475235419544 × 10^277 |
| 108 | ov_108 | 8.370323504500938 × 10^277 |
| 109 | ov_109 | 7.215314592134971 × 10^277 |
| 110 | ov_110 | 6.173240670327329 × 10^277 |
| 111 | ov_111 | 5.237825068746326 × 10^277 |
| 112 | ov_112 | 4.402957499887123 × 10^277 |
| 113 | ov_113 | 3.662658063089314 × 10^277 |
| 114 | ov_114 | 3.0110467213166763 × 10^277 |
| 115 | ov_115 | 2.442317828934413 × 10^277 |
| 116 | ov_116 | 1.9507192908661533 × 10^277 |
| 117 | ov_117 | 1.5305359349143057 × 10^277 |
| 118 | ov_118 | 1.1760766798610863 × 10^277 |
| 119 | ov_119 | 8.81665082402524 × 10^276 |
| 120 | ov_120 | 6.416328461802114 × 10^276 |
| 121 | ov_121 | 4.5031587628294874 × 10^276 |
| 122 | ov_122 | 3.020522746391786 × 10^276 |
| 123 | ov_123 | 1.9118139986648303 × 10^276 |
| 124 | ov_124 | 1.1204332001140146 × 10^276 |
| 125 | ov_125 | 5.8978453450227795 × 10^275 |
| 126 | ov_126 | 2.6327362307889673 × 10^275 |
| 127 | aaa_77_28 | 8.430654662290369 × 10^274 |
| 128 | aaa_77_29 | 3.173130159091129 × 10^274 |
| 129 | ov_129 | 2.945453723982228 × 10^274 |
| 130 | ov_130 | 2.945446581462344 × 10^274 |
| 131 | ov_131 | 2.9454442840003898 × 10^274 |
| 132 | ov_132 | 2.5743946284521947 × 10^274 |
| 133 | ov_133 | 2.2366942117978195 × 10^274 |
| 134 | ov_134 | 1.930598364616433 × 10^274 |
| 135 | ov_135 | 1.654462903402652 × 10^274 |
| 136 | ov_136 | 1.406736735835771 × 10^274 |
| 137 | ov_137 | 1.1859552828182198 × 10^274 |
| 138 | ov_138 | 9.907346621197167 × 10^273 |
| 139 | ov_139 | 8.197665813828028 × 10^273 |
| 140 | ov_140 | 6.718138910352504 × 10^273 |
| 141 | ov_141 | 5.446009534502194 × 10^273 |
| 142 | ov_142 | 4.359774810414136 × 10^273 |
| 143 | ov_143 | 3.4391354911589104 × 10^273 |
| 144 | ov_144 | 2.6649554036052887 × 10^273 |
| 145 | ov_145 | 2.0279527145770612 × 10^273 |
| 146 | ov_146 | 1.5112277120165995 × 10^273 |
| 147 | ov_147 | 1.098967090502941 × 10^273 |
| 148 | ov_148 | 7.76429538146161 × 10^272 |
| 149 | ov_149 | 5.299351592732776 × 10^272 |
| 150 | ov_150 | 3.468578771209554 × 10^272 |
| 151 | ov_151 | 2.156201823577028 × 10^272 |
| 152 | ov_152 | 1.2568976441796477 × 10^272 |
| 153 | ov_153 | 6.7577567315783955 × 10^271 |
| 154 | ov_154 | 3.2836783451006966 × 10^271 |
| 155 | ov_155 | 1.4062367635959717 × 10^271 |
| 156 | aaa_76_25 | 4.890809682943758 × 10^270 |
| 157 | aaa_76_26 | 3.010769484270381 × 10^270 |
| 158 | aaa_76_27 | 1.6513936296386398 × 10^270 |
| 159 | aaa_76_28 | 7.7863060360253 × 10^269 |
| 160 | aaa_76_29 | 2.9337638477669918 × 10^269 |

### Output Bits Sorted by Complexity

| Rank | Output Bit | Complexity |
|:----:|:----------:|:----------:|
| 160 | aaa_76_29 | 2.9337638477669918 × 10^269 |
| 159 | aaa_76_28 | 7.7863060360253 × 10^269 |
| 158 | aaa_76_27 | 1.6513936296386398 × 10^270 |
| 157 | aaa_76_26 | 3.010769484270381 × 10^270 |
| 156 | aaa_76_25 | 4.890809682943758 × 10^270 |
| 155 | ov_155 | 1.4062367635959717 × 10^271 |
| 154 | ov_154 | 3.2836783451006966 × 10^271 |
| 153 | ov_153 | 6.7577567315783955 × 10^271 |
| 152 | ov_152 | 1.2568976441796477 × 10^272 |
| 151 | ov_151 | 2.156201823577028 × 10^272 |
| 150 | ov_150 | 3.468578771209554 × 10^272 |
| 149 | ov_149 | 5.299351592732776 × 10^272 |
| 148 | ov_148 | 7.76429538146161 × 10^272 |
| 147 | ov_147 | 1.098967090502941 × 10^273 |
| 146 | ov_146 | 1.5112277120165995 × 10^273 |
| 145 | ov_145 | 2.0279527145770612 × 10^273 |
| 144 | ov_144 | 2.6649554036052887 × 10^273 |
| 143 | ov_143 | 3.4391354911589104 × 10^273 |
| 142 | ov_142 | 4.359774810414136 × 10^273 |
| 141 | ov_141 | 5.446009534502194 × 10^273 |
| 140 | ov_140 | 6.718138910352504 × 10^273 |
| 139 | ov_139 | 8.197665813828028 × 10^273 |
| 138 | ov_138 | 9.907346621197167 × 10^273 |
| 137 | ov_137 | 1.1859552828182198 × 10^274 |
| 136 | ov_136 | 1.406736735835771 × 10^274 |
| 135 | ov_135 | 1.654462903402652 × 10^274 |
| 134 | ov_134 | 1.930598364616433 × 10^274 |
| 133 | ov_133 | 2.2366942117978195 × 10^274 |
| 132 | ov_132 | 2.5743946284521947 × 10^274 |
| 131 | ov_131 | 2.9454442840003898 × 10^274 |
| 130 | ov_130 | 2.945446581462344 × 10^274 |
| 129 | ov_129 | 2.945453723982228 × 10^274 |
| 128 | aaa_77_29 | 3.173130159091129 × 10^274 |
| 127 | aaa_77_28 | 8.430654662290369 × 10^274 |
| 126 | ov_126 | 2.6327362307889673 × 10^275 |
| 125 | ov_125 | 5.8978453450227795 × 10^275 |
| 124 | ov_124 | 1.1204332001140146 × 10^276 |
| 123 | ov_123 | 1.9118139986648303 × 10^276 |
| 122 | ov_122 | 3.020522746391786 × 10^276 |
| 121 | ov_121 | 4.5031587628294874 × 10^276 |
| 120 | ov_120 | 6.416328461802114 × 10^276 |
| 119 | ov_119 | 8.81665082402524 × 10^276 |
| 118 | ov_118 | 1.1760766798610863 × 10^277 |
| 117 | ov_117 | 1.5305359349143057 × 10^277 |
| 116 | ov_116 | 1.9507192908661533 × 10^277 |
| 115 | ov_115 | 2.442317828934413 × 10^277 |
| 114 | ov_114 | 3.0110467213166763 × 10^277 |
| 113 | ov_113 | 3.662658063089314 × 10^277 |
| 112 | ov_112 | 4.402957499887123 × 10^277 |
| 111 | ov_111 | 5.237825068746326 × 10^277 |
| 110 | ov_110 | 6.173240670327329 × 10^277 |
| 109 | ov_109 | 7.215314592134971 × 10^277 |
| 108 | ov_108 | 8.370323504500938 × 10^277 |
| 107 | ov_107 | 9.64475235419544 × 10^277 |
| 106 | ov_106 | 1.1045342584851823 × 10^278 |
| 105 | ov_105 | 1.257914624689969 × 10^278 |
| 104 | ov_104 | 1.4253585567508346 × 10^278 |
| 103 | ov_103 | 1.6076519305931117 × 10^278 |
| 102 | ov_102 | 1.8056317232665443 × 10^278 |
| 101 | ov_101 | 2.0201943214815465 × 10^278 |
| 100 | ov_100 | 2.2523046240235635 × 10^278 |
| 96 | aaa_78_29 | 2.2982218085906144 × 10^278 |
| 99 | ov_099 | 2.5030057499976184 × 10^278 |
| 98 | ov_098 | 2.5030305226143724 × 10^278 |
| 97 | ov_097 | 2.50310768139401 × 10^278 |
| 95 | aaa_78_28 | 6.0661811127440066 × 10^278 |
| 94 | ov_094 | 1.8862109927187026 × 10^279 |
| 93 | ov_093 | 4.208311224044578 × 10^279 |
| 92 | ov_092 | 7.967534180594937 × 10^279 |
| 91 | ov_091 | 1.4995667625221574 × 10^280 |
| 90 | ov_090 | 2.9351107648293597 × 10^280 |
| 89 | ov_089 | 5.588227086244672 × 10^280 |
| 88 | ov_088 | 1.0022874269350237 × 10^281 |
| 87 | ov_087 | 1.688234091569178 × 10^281 |
| 86 | ov_086 | 2.6548089041975823 × 10^281 |
| 85 | ov_085 | 3.9441854059590434 × 10^281 |
| 84 | ov_084 | 5.602609399242621 × 10^281 |
| 83 | ov_083 | 7.726704631567705 × 10^281 |
| 82 | ov_082 | 1.0421436241952473 × 10^282 |
| 81 | ov_081 | 1.3800284462872272 × 10^282 |
| 64 | lv_79_m31 | 1.761493340296423 × 10^282 |
| 80 | ov_080 | 1.798545956849774 × 10^282 |
| 79 | ov_079 | 2.3108162603986693 × 10^282 |
| 78 | ov_078 | 2.930889643599086 × 10^282 |
| 77 | ov_077 | 3.67378316741167 × 10^282 |
| 76 | ov_076 | 4.5555232029294647 × 10^282 |
| 75 | ov_075 | 5.593194370040055 × 10^282 |
| 74 | ov_074 | 6.796181937717071 × 10^282 |
| 63 | ov_063 | 7.255280562192612 × 10^282 |
| 73 | ov_073 | 8.174476501213229 × 10^282 |
| 72 | ov_072 | 9.738711467609261 × 10^282 |
| 71 | ov_071 | 1.1500204810382684 × 10^283 |
| 70 | ov_070 | 1.3471005344537556 × 10^283 |
| 69 | ov_069 | 1.566394378223396 × 10^283 |
| 68 | ov_068 | 1.8092688839178079 × 10^283 |
| 67 | ov_067 | 2.0771808674516462 × 10^283 |
| 66 | ov_066 | 2.0771826903853824 × 10^283 |
| 65 | ov_065 | 2.0771883160507878 × 10^283 |
| 62 | ov_062 | 2.9871181769977117 × 10^283 |
| 61 | ov_061 | 9.0022946378122 × 10^283 |
| 60 | ov_060 | 2.178538725363201 × 10^284 |
| 59 | ov_059 | 4.5129426213665924 × 10^284 |
| 58 | ov_058 | 8.309536309919947 × 10^284 |
| 57 | ov_057 | 1.3974418576592783 × 10^285 |
| 56 | ov_056 | 2.3781988042488006 × 10^285 |
| 55 | ov_055 | 4.268717926422444 × 10^285 |
| 54 | ov_054 | 7.64572563661631 × 10^285 |
| 53 | ov_053 | 1.3167196488658472 × 10^286 |
| 52 | ov_052 | 2.1223078011889785 × 10^286 |
| 51 | ov_051 | 3.2243995712812396 × 10^286 |
| 50 | ov_050 | 4.670131535950283 × 10^286 |
| 49 | ov_049 | 6.510725476271608 × 10^286 |
| 48 | ov_048 | 8.801506761438208 × 10^286 |
| 47 | ov_047 | 1.1601932170370076 × 10^287 |
| 32 | lv_80_m31 | 1.3603810331124197 × 10^287 |
| 46 | ov_046 | 1.4975628979054661 × 10^287 |
| 45 | ov_045 | 1.89904470010324 × 10^287 |
| 44 | ov_044 | 2.3718525893939762 × 10^287 |
| 43 | ov_043 | 2.923638117671822 × 10^287 |
| 42 | ov_042 | 3.570152867679752 × 10^287 |
| 41 | ov_041 | 4.328059018135986 × 10^287 |
| 40 | ov_040 | 5.214959854211848 × 10^287 |
| 31 | ov_031 | 5.620995511904296 × 10^287 |
| 39 | ov_039 | 6.249437271819782 × 10^287 |
| 38 | ov_038 | 7.441556604599172 × 10^287 |
| 37 | ov_037 | 8.801937637893603 × 10^287 |
| 36 | ov_036 | 1.0341790049928606 × 10^288 |
| 35 | ov_035 | 1.207295501330397 × 10^288 |
| 34 | ov_034 | 1.4007953415261722 × 10^288 |
| 33 | ov_033 | 1.6160041096732247 × 10^288 |
| 30 | ov_030 | 2.3213708738358378 × 10^288 |
| 29 | ov_029 | 7.01471857354408 × 10^288 |
| 28 | ov_028 | 1.7018334099985935 × 10^289 |
| 27 | ov_027 | 4.0642595873158456 × 10^289 |
| 26 | ov_026 | 9.772358912097649 × 10^289 |
| 25 | ov_025 | 2.145280912290385 × 10^290 |
| 24 | ov_024 | 4.237537180319996 × 10^290 |
| 23 | ov_023 | 7.645293055357369 × 10^290 |
| 22 | ov_022 | 1.2824157300957637 × 10^291 |
| 21 | ov_021 | 2.029407432337913 × 10^291 |
| 20 | ov_020 | 3.0639349512388025 × 10^291 |
| 19 | ov_019 | 4.450868977435027 × 10^291 |
| 18 | ov_018 | 6.261527266048427 × 10^291 |
| 17 | ov_017 | 8.573687195203676 × 10^291 |
| 16 | ov_016 | 1.1471608072369786 × 10^292 |
| 15 | ov_015 | 1.504606777814588 × 10^292 |
| 14 | ov_014 | 1.9394417898696768 × 10^292 |
| 13 | ov_013 | 2.462066093799215 × 10^292 |
| 12 | ov_012 | 3.083555321808999 × 10^292 |
| 11 | ov_011 | 3.815673740220269 × 10^292 |
| 10 | ov_010 | 4.670890890301069 × 10^292 |
| 9 | ov_009 | 5.65598868173935 × 10^292 |
| 8 | ov_008 | 6.778131101873192 × 10^292 |
| 7 | ov_007 | 8.044880347584739 × 10^292 |
| 6 | ov_006 | 9.464215814683692 × 10^292 |
| 5 | ov_005 | 1.104455632747108 × 10^293 |
| 4 | ov_004 | 1.2794786166656882 × 10^293 |
| 3 | ov_003 | 1.4724285562428485 × 10^293 |
| 2 | ov_002 | 1.6842966357181662 × 10^293 |
| 1 | ov_001 | 1.916131348624354 × 10^293 |

