# Results for F001-F002-F003-F004-F005-F006-F007-F008-F009-F010-F011-F012-F013-F014-F015-F016-F017-F018-F019-F020-F021-F022-F023-F024-F025-F026-F027-F028-F029-F030-F031-F032-F033-F034-F035-F036-F037-F038-F039-F040-F041-F042-F043-F044-F045-F046-F047-F048-F049-F050-F051-F052-F053-F054-F055-F056-F057-F058-F059-F060-F061-F062-F063-F064-F065-F066-F067-F068-F069-F070-F071-F072-F073-F074-F075-F076-F077-F078-F079-F080-F081-F082-F083-F084-F085-F086-F087-F088-F089-F090-F091-F092-F093-F094-F095-F096-F097-F098-F099-F100-F101-F102-F103-F104-F105-F106-F107-F108-F109-F110-F111-F112-F113-F114-F115-F116-F117-F118-F119-F120-F121-F122-F123-F124-F125-F126-F127-F128-F129-F130-F131-F132-F133-F134-F135-F136-F137-F138-F139-F140-F141-F142-F143-F144-F145-F146-F147-F148-F149-F150-F151-F152-F153-F154-F155-F156-F157-F158-F159-F160-F161-F162-F163-F164-F165-F166-F167-F168-F169-F170-F171-F172-F173-F174-F175-F176-F177-F178-F179-F180-F181-F182-F183-F184-F185-F186-F187-F188-F189-F190-F191-F192-F193-F194-F195-F196-F197-F198-F199-F200-F201-F202-F203-F204-F205-F206-F207-F208-F209-F210-F211-F212-F213-F214-F215-F216-F217-F218-F219-F220-F221-F222-F223-F224-F225-F226-F227-F228-F229-F230-F231-F232-F233-F234-F235-F236-F237-F238-F239-F240-F241-F242-F243-F244-F245-F246-F247-F248-F249-F250-F251-F252-F253-F254-F255-F256-F257-F258-F259-F260-F261-F262-F263-F264-F265-F266-F267-F268-F269-F270-F271-F272-F273-F274-F275-F276-F277-F278-F279-F280-F281-F282-F283-F284-F285-F286-F287-F288-F289-F290-F291-F292-F293-F294-F295-F296-F297-F298-F299-F300-F301-F302-F303-F304-F305-F306-F307-F308-F309-F310-F311-F312-F313-F314-F315-F316-F317-F318-F319-F320-F321-F322-F323-F324-F325-F326-F327-F328-F329-F330-F331-F332-F333-F334-F335-F336-F337-F338-F339-F340-F341-F342-F343-F344-F345-F346-F347-F348-F349-F350-F351-F352-F353-F354-F355-F356-F357-F358-F359-F360-F361-F362-F363-F364-F365-F366-F367-F368-F369-F370-F371-F372-F373-F374-F375-F376-F377-F378-F379-F380-F381-F382-F383-F384-F385-F386-F387-F388-F389-F390-F391-F392-F393-F394-F395-F396-F397-F398-F399-F400-F401-F402-F403-F404-F405-F406-F407-F408-F409-F410-F411-F412-F413-F414-F415-F416-F417-F418-F419-F420-F421-F422-F423-F424-F425-F426-F427-F428-F429-F430-F431-F432-F433-F434-F435-F436-F437-F438-F439-F440-F441-F442-F443-F444-F445-F446-F447-F448-F449-F450-F451-F452-F453-F454-F455-F456-F457-F458-F459-F460-F461-F462-F463-F464-F465-F466-F467-F468-F469-F470-F471-F472-F473-F474-F475-F476-F477-F478-F479-F480-F481-F482-F483-F484-F485-F486-F487-F488-F489-F490-F491-F492-F493-F494-F495-F496-F497-F498-F499-F500-F501-F502-F503-F504-F505-F506-F507-F508

## Summary

Number of input bits: 512  
Number of free input bits: 4  
Number of output bits: 160

Number of direct occurrences: 16634  
Number of assignments: 29698  
Number of operations: 10807632
(xor: 10775269,
and: 19954,
or: 12409)

Total complexity: 1.4563356451508287 × 10^293

Least occurring input variable: iv_509 (4032)  
Most occurring input variable: iv_512 (4303)

Most co-occurring input variables: iv_511-iv_512 (2054)  
Least co-occurring input variables: iv_509-iv_511 (1856)

Potentially most occurring input variable: iv_509/iv_511 (4530)  
Potentially least occurring input variable: iv_510/iv_512 (4322)

Least output occurring input variable: iv_509 (78)  
Most output occurring input variable: iv_511 (95)

Most output co-occurring input variables: iv_511-iv_512 (47)  
Least output co-occurring input variables: iv_509-iv_512 (39)

Potentially most output occurring input variable: iv_510/iv_511 (93)  
Potentially least output occurring input variable: iv_509/iv_510 (76)

Least complex input bit: iv_509 (2.70234464635055 × 10^292)  
Most complex input bit: iv_510 (5.032456029630399 × 10^292)

Least complex output bit: aaa_76_29 (3.394719999464856 × 10^268)  
Most complex output bit: ov_001 (2.2171959804221037 × 10^292)

Least complex input/output complexity: iv_509/aaa_76_29 (6.299168359271253 × 10^267)  
Most complex input/output complexity: iv_510/ov_001 (7.661655002196897 × 10^291)

Input variable with highest collision probability: iv_510 (½^160.00000000000074)

## Input Bits

### Input Bits in Regular Order

| Input Bit | Complexity | Occurrences | Output Occurrences | Collision Probability |
|:---------:|:----------:|:-----------:|:------------------:|:---------------------:|
| iv_509 | 2.70234464635055 × 10^292 | 4032 | 78 | ½^160.00000000000085 |
| iv_510 | 5.032456029630399 × 10^292 | 4089 | 80 | ½^160.00000000000074 |
| iv_511 | 3.066400974734306 × 10^292 | 4210 | 95 | ½^160.000000000001 |
| iv_512 | 3.762154800793037 × 10^292 | 4303 | 81 | ½^160.00000000000074 |

### Input Bits Sorted by Complexity

| Input Bit | Complexity | Occurrences | Output Occurrences | Collision Probability |
|:---------:|:----------:|:-----------:|:------------------:|:---------------------:|
| iv_509 | 2.70234464635055 × 10^292 | 4032 | 78 | ½^160.00000000000085 |
| iv_511 | 3.066400974734306 × 10^292 | 4210 | 95 | ½^160.000000000001 |
| iv_512 | 3.762154800793037 × 10^292 | 4303 | 81 | ½^160.00000000000074 |
| iv_510 | 5.032456029630399 × 10^292 | 4089 | 80 | ½^160.00000000000074 |

### Input Bits Sorted by Occurrences

| Input Bit | Complexity | Occurrences | Output Occurrences | Collision Probability |
|:---------:|:----------:|:-----------:|:------------------:|:---------------------:|
| iv_509 | 2.70234464635055 × 10^292 | 4032 | 78 | ½^160.00000000000085 |
| iv_510 | 5.032456029630399 × 10^292 | 4089 | 80 | ½^160.00000000000074 |
| iv_511 | 3.066400974734306 × 10^292 | 4210 | 95 | ½^160.000000000001 |
| iv_512 | 3.762154800793037 × 10^292 | 4303 | 81 | ½^160.00000000000074 |

### Input Bits Sorted by Output Occurrences

| Input Bit | Complexity | Occurrences | Output Occurrences | Collision Probability |
|:---------:|:----------:|:-----------:|:------------------:|:---------------------:|
| iv_509 | 2.70234464635055 × 10^292 | 4032 | 78 | ½^160.00000000000085 |
| iv_510 | 5.032456029630399 × 10^292 | 4089 | 80 | ½^160.00000000000074 |
| iv_512 | 3.762154800793037 × 10^292 | 4303 | 81 | ½^160.00000000000074 |
| iv_511 | 3.066400974734306 × 10^292 | 4210 | 95 | ½^160.000000000001 |

### Input Bits Sorted by Collision Probability

| Input Bit | Complexity | Occurrences | Output Occurrences | Collision Probability |
|:---------:|:----------:|:-----------:|:------------------:|:---------------------:|
| iv_510 | 5.032456029630399 × 10^292 | 4089 | 80 | ½^160.00000000000074 |
| iv_512 | 3.762154800793037 × 10^292 | 4303 | 81 | ½^160.00000000000074 |
| iv_509 | 2.70234464635055 × 10^292 | 4032 | 78 | ½^160.00000000000085 |
| iv_511 | 3.066400974734306 × 10^292 | 4210 | 95 | ½^160.000000000001 |

## Input Bit/Output Bit Collision Probabilities

| Input Bit | Output Bit | Collision Probability |
|:---------:|:----------:|:---------------------:|
| iv_511 | ov_054 | 0.5000000000000018 |
| iv_510 | ov_108 | 0.5000000000000016 |
| iv_510 | aaa_76_26 | 0.5000000000000016 |
| iv_510 | ov_090 | 0.5000000000000014 |

## Input Bit Co-occurrences

### Input Bit Co-occurrences Sorted by Co-occurrences

| Input Bits | Co-occurrences | Potential Occurrences | Output Co-occurrences | Potential Output Occurrences |
|:----------:|:--------------:|:---------------------:|:---------------------:|:----------------------------:|
| iv_511-iv_512 | 2054 | 4405 | 47 | 82 |
| iv_510-iv_512 | 2035 | 4322 | 42 | 77 |
| iv_509-iv_512 | 1945 | 4445 | 39 | 81 |
| iv_510-iv_511 | 1940 | 4419 | 41 | 93 |

### Input Bit Co-occurrences Sorted by Potential Occurrences

| Input Bits | Co-occurrences | Potential Occurrences | Output Co-occurrences | Potential Output Occurrences |
|:----------:|:--------------:|:---------------------:|:---------------------:|:----------------------------:|
| iv_510-iv_512 | 2035 | 4322 | 42 | 77 |
| iv_509-iv_510 | 1870 | 4381 | 41 | 76 |
| iv_511-iv_512 | 2054 | 4405 | 47 | 82 |
| iv_510-iv_511 | 1940 | 4419 | 41 | 93 |

### Input Bit Output Co-occurrences Sorted by Output Co-occurrences

| Input Bits | Co-occurrences | Potential Occurrences | Output Co-occurrences | Potential Output Occurrences |
|:----------:|:--------------:|:---------------------:|:---------------------:|:----------------------------:|
| iv_509-iv_511 | 1856 | 4530 | 47 | 79 |
| iv_511-iv_512 | 2054 | 4405 | 47 | 82 |
| iv_510-iv_512 | 2035 | 4322 | 42 | 77 |
| iv_509-iv_510 | 1870 | 4381 | 41 | 76 |

### Input Bit Output Co-occurrences Sorted by Potential Output Occurrences

| Input Bits | Co-occurrences | Potential Occurrences | Output Co-occurrences | Potential Output Occurrences |
|:----------:|:--------------:|:---------------------:|:---------------------:|:----------------------------:|
| iv_509-iv_510 | 1870 | 4381 | 41 | 76 |
| iv_510-iv_512 | 2035 | 4322 | 42 | 77 |
| iv_509-iv_511 | 1856 | 4530 | 47 | 79 |
| iv_509-iv_512 | 1945 | 4445 | 39 | 81 |

## Output Bits

### Output Bits in Regular Order

| Rank | Output Bit | Complexity |
|:----:|:----------:|:----------:|
| 1 | ov_001 | 2.2171959804221037 × 10^292 |
| 2 | ov_002 | 1.9489351464521655 × 10^292 |
| 3 | ov_003 | 1.7037781249725712 × 10^292 |
| 4 | ov_004 | 1.4805116820117042 × 10^292 |
| 5 | ov_005 | 1.2779888973892628 × 10^292 |
| 6 | ov_006 | 1.0951243648943493 × 10^292 |
| 7 | ov_007 | 9.308900656756865 × 10^291 |
| 8 | ov_008 | 7.843118398243754 × 10^291 |
| 9 | ov_009 | 6.54466374628678 × 10^291 |
| 10 | ov_010 | 5.404786323443236 × 10^291 |
| 11 | ov_011 | 4.415196528929138 × 10^291 |
| 12 | ov_012 | 3.568046872064626 × 10^291 |
| 13 | ov_013 | 2.84890858375876 × 10^291 |
| 14 | ov_014 | 2.244168983430536 × 10^291 |
| 15 | ov_015 | 1.7410122235520935 × 10^291 |
| 16 | ov_016 | 1.3274039551253328 × 10^291 |
| 17 | ov_017 | 9.920794208731855 × 10^290 |
| 18 | ov_018 | 7.245345208486365 × 10^290 |
| 19 | ov_019 | 5.150194329443662 × 10^290 |
| 20 | ov_020 | 3.5453437276304708 × 10^290 |
| 21 | ov_021 | 2.3482701250354013 × 10^290 |
| 22 | ov_022 | 1.4839102778834764 × 10^290 |
| 23 | ov_023 | 8.846529776602778 × 10^289 |
| 24 | ov_024 | 4.903343609424258 × 10^289 |
| 25 | ov_025 | 2.4823497715964727 × 10^289 |
| 26 | ov_026 | 1.1307802523402462 × 10^289 |
| 27 | ov_027 | 4.70284045342619 × 10^288 |
| 28 | ov_028 | 1.9692273176919134 × 10^288 |
| 29 | ov_029 | 8.116878749580587 × 10^287 |
| 30 | ov_030 | 2.686107178525575 × 10^287 |
| 31 | ov_031 | 6.504172411725497 × 10^286 |
| 32 | lv_80_k31 | 1.5741255737111999 × 10^286 |
| 33 | ov_033 | 1.8699124247851865 × 10^287 |
| 34 | ov_034 | 1.6208898220133026 × 10^287 |
| 35 | ov_035 | 1.3969870774533308 × 10^287 |
| 36 | ov_036 | 1.1966703298045285 × 10^287 |
| 37 | ov_037 | 1.0184907608069017 × 10^287 |
| 38 | ov_038 | 8.610782034147208 × 10^286 |
| 39 | ov_039 | 7.23135562127653 × 10^286 |
| 40 | ov_040 | 6.034339991943802 × 10^286 |
| 41 | ov_041 | 5.008088336392024 × 10^286 |
| 42 | ov_042 | 4.1310991511072163 × 10^286 |
| 43 | ov_043 | 3.383003303695556 × 10^286 |
| 44 | ov_044 | 2.744520635881028 × 10^286 |
| 45 | ov_045 | 2.197424659188256 × 10^286 |
| 46 | ov_046 | 1.7328616016063206 × 10^286 |
| 47 | ov_047 | 1.342484031261336 × 10^286 |
| 48 | ov_048 | 1.0184409031838507 × 10^286 |
| 49 | ov_049 | 7.533697711268542 × 10^285 |
| 50 | ov_050 | 5.4039076585148184 × 10^285 |
| 51 | ov_051 | 3.731020722484439 × 10^285 |
| 52 | ov_052 | 2.4557671004093445 × 10^285 |
| 53 | ov_053 | 1.523604065506313 × 10^285 |
| 54 | ov_054 | 8.847030325497413 × 10^284 |
| 55 | ov_055 | 4.93942350810894 × 10^284 |
| 56 | ov_056 | 2.751863974883917 × 10^284 |
| 57 | ov_057 | 1.6170094351309383 × 10^284 |
| 58 | ov_058 | 9.615139650396647 × 10^283 |
| 59 | ov_059 | 5.22202105150738 × 10^283 |
| 60 | ov_060 | 2.520833088262429 × 10^283 |
| 61 | ov_061 | 1.0416744916710653 × 10^283 |
| 62 | ov_062 | 3.4564574186628655 × 10^282 |
| 63 | ov_063 | 8.39523809830519 × 10^281 |
| 64 | lv_79_k31 | 2.038261080822805 × 10^281 |
| 65 | ov_065 | 2.403558392922287 × 10^282 |
| 66 | ov_066 | 2.4035518833462425 × 10^282 |
| 67 | ov_067 | 2.4035497739911844 × 10^282 |
| 68 | ov_068 | 2.0935431695772444 × 10^282 |
| 69 | ov_069 | 1.8125079586251035 × 10^282 |
| 70 | ov_070 | 1.5587584287265246 × 10^282 |
| 71 | ov_071 | 1.3307129439700118 × 10^282 |
| 72 | ov_072 | 1.1268868356011124 × 10^282 |
| 73 | ov_073 | 9.458859098337364 × 10^281 |
| 74 | ov_074 | 7.864005400956297 × 10^281 |
| 75 | ov_075 | 6.472003124355507 × 10^281 |
| 76 | ov_076 | 5.271291940140883 × 10^281 |
| 77 | ov_077 | 4.2510119557176644 × 10^281 |
| 78 | ov_078 | 3.3913941972266274 × 10^281 |
| 79 | ov_079 | 2.673894212799294 × 10^281 |
| 80 | ov_080 | 2.0811354446002103 × 10^281 |
| 81 | ov_081 | 1.5968600097132775 × 10^281 |
| 82 | ov_082 | 1.2058863585980672 × 10^281 |
| 83 | ov_083 | 8.940732827799122 × 10^280 |
| 84 | ov_084 | 6.482897453138592 × 10^280 |
| 85 | ov_085 | 4.563900086708684 × 10^280 |
| 86 | ov_086 | 3.071935353180035 × 10^280 |
| 87 | ov_087 | 1.9534912596289686 × 10^280 |
| 88 | ov_088 | 1.159767912478118 × 10^280 |
| 89 | ov_089 | 6.466255375552877 × 10^279 |
| 90 | ov_090 | 3.3962785455941637 × 10^279 |
| 91 | ov_091 | 1.735180315600864 × 10^279 |
| 92 | ov_092 | 9.219401776278776 × 10^278 |
| 93 | ov_093 | 4.869525639260381 × 10^278 |
| 94 | ov_094 | 2.1825745058063713 × 10^278 |
| 95 | aaa_78_28 | 7.019306056103397 × 10^277 |
| 96 | aaa_78_29 | 2.659320907089074 × 10^277 |
| 97 | ov_097 | 2.8963986700258887 × 10^277 |
| 98 | ov_098 | 2.896309387975267 × 10^277 |
| 99 | ov_099 | 2.8962807230581507 × 10^277 |
| 100 | ov_100 | 2.6061891647753475 × 10^277 |
| 101 | ov_101 | 2.337609440227659 × 10^277 |
| 102 | ov_102 | 2.089334534307058 × 10^277 |
| 103 | ov_103 | 1.860247942286381 × 10^277 |
| 104 | ov_104 | 1.649312436204894 × 10^277 |
| 105 | ov_105 | 1.4555595322727295 × 10^277 |
| 106 | ov_106 | 1.2780798768884195 × 10^277 |
| 107 | ov_107 | 1.1160146284982588 × 10^277 |
| 108 | ov_108 | 9.68547779479519 × 10^276 |
| 109 | ov_109 | 8.34899263176706 × 10^276 |
| 110 | ov_110 | 7.143186927271195 × 10^276 |
| 111 | ov_111 | 6.060797813738604 × 10^276 |
| 112 | ov_112 | 5.094754948677013 × 10^276 |
| 113 | ov_113 | 4.2381388629607343 × 10^276 |
| 114 | ov_114 | 3.4841456417689965 × 10^276 |
| 115 | ov_115 | 2.826057450139979 × 10^276 |
| 116 | ov_116 | 2.257218417592002 × 10^276 |
| 117 | ov_117 | 1.7710153978848458 × 10^276 |
| 118 | ov_118 | 1.3608631209589262 × 10^276 |
| 119 | ov_119 | 1.0201932545933372 × 10^276 |
| 120 | ov_120 | 7.424468935696414 × 10^275 |
| 121 | ov_121 | 5.2106999425254416 × 10^275 |
| 122 | ov_122 | 3.495110550162147 × 10^275 |
| 123 | ov_123 | 2.2122002837632068 × 10^275 |
| 124 | ov_124 | 1.2964768774373227 × 10^275 |
| 125 | ov_125 | 6.824521190326462 × 10^274 |
| 126 | ov_126 | 3.046394597430756 × 10^274 |
| 127 | aaa_77_28 | 9.7552882494078 × 10^273 |
| 128 | aaa_77_29 | 3.6716958047494805 × 10^273 |
| 129 | ov_129 | 3.4082466016858676 × 10^273 |
| 130 | ov_130 | 3.408238336925528 × 10^273 |
| 131 | ov_131 | 3.408235678483864 × 10^273 |
| 132 | ov_132 | 2.978886299377313 × 10^273 |
| 133 | ov_133 | 2.588126027681692 × 10^273 |
| 134 | ov_134 | 2.2339360696280805 × 10^273 |
| 135 | ov_135 | 1.914413905818826 × 10^273 |
| 136 | ov_136 | 1.6277647346286623 × 10^273 |
| 137 | ov_137 | 1.3722938607067346 × 10^273 |
| 138 | ov_138 | 1.1463999647486213 × 10^273 |
| 139 | ov_139 | 9.485691940853718 × 10^272 |
| 140 | ov_140 | 7.77370016864698 × 10^272 |
| 141 | ov_141 | 6.301692448123465 × 10^272 |
| 142 | ov_142 | 5.044787348286747 × 10^272 |
| 143 | ov_143 | 3.979496182554976 × 10^272 |
| 144 | ov_144 | 3.08367608155874 × 10^272 |
| 145 | ov_145 | 2.3465868404451646 × 10^272 |
| 146 | ov_146 | 1.7486734461033967 × 10^272 |
| 147 | ov_147 | 1.2716379894460888 × 10^272 |
| 148 | ov_148 | 8.984229877010109 × 10^271 |
| 149 | ov_149 | 6.131991451779147 × 10^271 |
| 150 | ov_150 | 4.013565622640906 × 10^271 |
| 151 | ov_151 | 2.4949865882868706 × 10^271 |
| 152 | ov_152 | 1.4543827626836976 × 10^271 |
| 153 | ov_153 | 7.81954278483203 × 10^270 |
| 154 | ov_154 | 3.799613441418458 × 10^270 |
| 155 | ov_155 | 1.627186206209303 × 10^270 |
| 156 | aaa_76_25 | 5.659258994858335 × 10^269 |
| 157 | aaa_76_26 | 3.4838248449378646 × 10^269 |
| 158 | aaa_76_27 | 1.9108623844383796 × 10^269 |
| 159 | aaa_76_28 | 9.009698869446408 × 10^268 |
| 160 | aaa_76_29 | 3.394719999464856 × 10^268 |

### Output Bits Sorted by Complexity

| Rank | Output Bit | Complexity |
|:----:|:----------:|:----------:|
| 160 | aaa_76_29 | 3.394719999464856 × 10^268 |
| 159 | aaa_76_28 | 9.009698869446408 × 10^268 |
| 158 | aaa_76_27 | 1.9108623844383796 × 10^269 |
| 157 | aaa_76_26 | 3.4838248449378646 × 10^269 |
| 156 | aaa_76_25 | 5.659258994858335 × 10^269 |
| 155 | ov_155 | 1.627186206209303 × 10^270 |
| 154 | ov_154 | 3.799613441418458 × 10^270 |
| 153 | ov_153 | 7.81954278483203 × 10^270 |
| 152 | ov_152 | 1.4543827626836976 × 10^271 |
| 151 | ov_151 | 2.4949865882868706 × 10^271 |
| 150 | ov_150 | 4.013565622640906 × 10^271 |
| 149 | ov_149 | 6.131991451779147 × 10^271 |
| 148 | ov_148 | 8.984229877010109 × 10^271 |
| 147 | ov_147 | 1.2716379894460888 × 10^272 |
| 146 | ov_146 | 1.7486734461033967 × 10^272 |
| 145 | ov_145 | 2.3465868404451646 × 10^272 |
| 144 | ov_144 | 3.08367608155874 × 10^272 |
| 143 | ov_143 | 3.979496182554976 × 10^272 |
| 142 | ov_142 | 5.044787348286747 × 10^272 |
| 141 | ov_141 | 6.301692448123465 × 10^272 |
| 140 | ov_140 | 7.77370016864698 × 10^272 |
| 139 | ov_139 | 9.485691940853718 × 10^272 |
| 138 | ov_138 | 1.1463999647486213 × 10^273 |
| 137 | ov_137 | 1.3722938607067346 × 10^273 |
| 136 | ov_136 | 1.6277647346286623 × 10^273 |
| 135 | ov_135 | 1.914413905818826 × 10^273 |
| 134 | ov_134 | 2.2339360696280805 × 10^273 |
| 133 | ov_133 | 2.588126027681692 × 10^273 |
| 132 | ov_132 | 2.978886299377313 × 10^273 |
| 131 | ov_131 | 3.408235678483864 × 10^273 |
| 130 | ov_130 | 3.408238336925528 × 10^273 |
| 129 | ov_129 | 3.4082466016858676 × 10^273 |
| 128 | aaa_77_29 | 3.6716958047494805 × 10^273 |
| 127 | aaa_77_28 | 9.7552882494078 × 10^273 |
| 126 | ov_126 | 3.046394597430756 × 10^274 |
| 125 | ov_125 | 6.824521190326462 × 10^274 |
| 124 | ov_124 | 1.2964768774373227 × 10^275 |
| 123 | ov_123 | 2.2122002837632068 × 10^275 |
| 122 | ov_122 | 3.495110550162147 × 10^275 |
| 121 | ov_121 | 5.2106999425254416 × 10^275 |
| 120 | ov_120 | 7.424468935696414 × 10^275 |
| 119 | ov_119 | 1.0201932545933372 × 10^276 |
| 118 | ov_118 | 1.3608631209589262 × 10^276 |
| 117 | ov_117 | 1.7710153978848458 × 10^276 |
| 116 | ov_116 | 2.257218417592002 × 10^276 |
| 115 | ov_115 | 2.826057450139979 × 10^276 |
| 114 | ov_114 | 3.4841456417689965 × 10^276 |
| 113 | ov_113 | 4.2381388629607343 × 10^276 |
| 112 | ov_112 | 5.094754948677013 × 10^276 |
| 111 | ov_111 | 6.060797813738604 × 10^276 |
| 110 | ov_110 | 7.143186927271195 × 10^276 |
| 109 | ov_109 | 8.34899263176706 × 10^276 |
| 108 | ov_108 | 9.68547779479519 × 10^276 |
| 107 | ov_107 | 1.1160146284982588 × 10^277 |
| 106 | ov_106 | 1.2780798768884195 × 10^277 |
| 105 | ov_105 | 1.4555595322727295 × 10^277 |
| 104 | ov_104 | 1.649312436204894 × 10^277 |
| 103 | ov_103 | 1.860247942286381 × 10^277 |
| 102 | ov_102 | 2.089334534307058 × 10^277 |
| 101 | ov_101 | 2.337609440227659 × 10^277 |
| 100 | ov_100 | 2.6061891647753475 × 10^277 |
| 96 | aaa_78_29 | 2.659320907089074 × 10^277 |
| 99 | ov_099 | 2.8962807230581507 × 10^277 |
| 98 | ov_098 | 2.896309387975267 × 10^277 |
| 97 | ov_097 | 2.8963986700258887 × 10^277 |
| 95 | aaa_78_28 | 7.019306056103397 × 10^277 |
| 94 | ov_094 | 2.1825745058063713 × 10^278 |
| 93 | ov_093 | 4.869525639260381 × 10^278 |
| 92 | ov_092 | 9.219401776278776 × 10^278 |
| 91 | ov_091 | 1.735180315600864 × 10^279 |
| 90 | ov_090 | 3.3962785455941637 × 10^279 |
| 89 | ov_089 | 6.466255375552877 × 10^279 |
| 88 | ov_088 | 1.159767912478118 × 10^280 |
| 87 | ov_087 | 1.9534912596289686 × 10^280 |
| 86 | ov_086 | 3.071935353180035 × 10^280 |
| 85 | ov_085 | 4.563900086708684 × 10^280 |
| 84 | ov_084 | 6.482897453138592 × 10^280 |
| 83 | ov_083 | 8.940732827799122 × 10^280 |
| 82 | ov_082 | 1.2058863585980672 × 10^281 |
| 81 | ov_081 | 1.5968600097132775 × 10^281 |
| 64 | lv_79_k31 | 2.038261080822805 × 10^281 |
| 80 | ov_080 | 2.0811354446002103 × 10^281 |
| 79 | ov_079 | 2.673894212799294 × 10^281 |
| 78 | ov_078 | 3.3913941972266274 × 10^281 |
| 77 | ov_077 | 4.2510119557176644 × 10^281 |
| 76 | ov_076 | 5.271291940140883 × 10^281 |
| 75 | ov_075 | 6.472003124355507 × 10^281 |
| 74 | ov_074 | 7.864005400956297 × 10^281 |
| 63 | ov_063 | 8.39523809830519 × 10^281 |
| 73 | ov_073 | 9.458859098337364 × 10^281 |
| 72 | ov_072 | 1.1268868356011124 × 10^282 |
| 71 | ov_071 | 1.3307129439700118 × 10^282 |
| 70 | ov_070 | 1.5587584287265246 × 10^282 |
| 69 | ov_069 | 1.8125079586251035 × 10^282 |
| 68 | ov_068 | 2.0935431695772444 × 10^282 |
| 67 | ov_067 | 2.4035497739911844 × 10^282 |
| 66 | ov_066 | 2.4035518833462425 × 10^282 |
| 65 | ov_065 | 2.403558392922287 × 10^282 |
| 62 | ov_062 | 3.4564574186628655 × 10^282 |
| 61 | ov_061 | 1.0416744916710653 × 10^283 |
| 60 | ov_060 | 2.520833088262429 × 10^283 |
| 59 | ov_059 | 5.22202105150738 × 10^283 |
| 58 | ov_058 | 9.615139650396647 × 10^283 |
| 57 | ov_057 | 1.6170094351309383 × 10^284 |
| 56 | ov_056 | 2.751863974883917 × 10^284 |
| 55 | ov_055 | 4.93942350810894 × 10^284 |
| 54 | ov_054 | 8.847030325497413 × 10^284 |
| 53 | ov_053 | 1.523604065506313 × 10^285 |
| 52 | ov_052 | 2.4557671004093445 × 10^285 |
| 51 | ov_051 | 3.731020722484439 × 10^285 |
| 50 | ov_050 | 5.4039076585148184 × 10^285 |
| 49 | ov_049 | 7.533697711268542 × 10^285 |
| 48 | ov_048 | 1.0184409031838507 × 10^286 |
| 47 | ov_047 | 1.342484031261336 × 10^286 |
| 32 | lv_80_k31 | 1.5741255737111999 × 10^286 |
| 46 | ov_046 | 1.7328616016063206 × 10^286 |
| 45 | ov_045 | 2.197424659188256 × 10^286 |
| 44 | ov_044 | 2.744520635881028 × 10^286 |
| 43 | ov_043 | 3.383003303695556 × 10^286 |
| 42 | ov_042 | 4.1310991511072163 × 10^286 |
| 41 | ov_041 | 5.008088336392024 × 10^286 |
| 40 | ov_040 | 6.034339991943802 × 10^286 |
| 31 | ov_031 | 6.504172411725497 × 10^286 |
| 39 | ov_039 | 7.23135562127653 × 10^286 |
| 38 | ov_038 | 8.610782034147208 × 10^286 |
| 37 | ov_037 | 1.0184907608069017 × 10^287 |
| 36 | ov_036 | 1.1966703298045285 × 10^287 |
| 35 | ov_035 | 1.3969870774533308 × 10^287 |
| 34 | ov_034 | 1.6208898220133026 × 10^287 |
| 33 | ov_033 | 1.8699124247851865 × 10^287 |
| 30 | ov_030 | 2.686107178525575 × 10^287 |
| 29 | ov_029 | 8.116878749580587 × 10^287 |
| 28 | ov_028 | 1.9692273176919134 × 10^288 |
| 27 | ov_027 | 4.70284045342619 × 10^288 |
| 26 | ov_026 | 1.1307802523402462 × 10^289 |
| 25 | ov_025 | 2.4823497715964727 × 10^289 |
| 24 | ov_024 | 4.903343609424258 × 10^289 |
| 23 | ov_023 | 8.846529776602778 × 10^289 |
| 22 | ov_022 | 1.4839102778834764 × 10^290 |
| 21 | ov_021 | 2.3482701250354013 × 10^290 |
| 20 | ov_020 | 3.5453437276304708 × 10^290 |
| 19 | ov_019 | 5.150194329443662 × 10^290 |
| 18 | ov_018 | 7.245345208486365 × 10^290 |
| 17 | ov_017 | 9.920794208731855 × 10^290 |
| 16 | ov_016 | 1.3274039551253328 × 10^291 |
| 15 | ov_015 | 1.7410122235520935 × 10^291 |
| 14 | ov_014 | 2.244168983430536 × 10^291 |
| 13 | ov_013 | 2.84890858375876 × 10^291 |
| 12 | ov_012 | 3.568046872064626 × 10^291 |
| 11 | ov_011 | 4.415196528929138 × 10^291 |
| 10 | ov_010 | 5.404786323443236 × 10^291 |
| 9 | ov_009 | 6.54466374628678 × 10^291 |
| 8 | ov_008 | 7.843118398243754 × 10^291 |
| 7 | ov_007 | 9.308900656756865 × 10^291 |
| 6 | ov_006 | 1.0951243648943493 × 10^292 |
| 5 | ov_005 | 1.2779888973892628 × 10^292 |
| 4 | ov_004 | 1.4805116820117042 × 10^292 |
| 3 | ov_003 | 1.7037781249725712 × 10^292 |
| 2 | ov_002 | 1.9489351464521655 × 10^292 |
| 1 | ov_001 | 2.2171959804221037 × 10^292 |

