# Results for F001-F002-F003-F004-F005-F006-F007-F008-F009-F010-F011-F012-F013-F014-F015-F016-F017-F018-F019-F020-F021-F022-F023-F024-F025-F026-F027-F028-F029-F030-F031-F032-F033-F034-F035-F036-F037-F038-F039-F040-F041-F042-F043-F044-F045-F046-F047-F048-F049-F050-F051-F052-F053-F054-F055-F056-F057-F058-F059-F060-F061-F062-F063-F064-F065-F066-F067-F068-F069-F070-F071-F072-F073-F074-F075-F076-F077-F078-F079-F080-F081-F082-F083-F084-F085-F086-F087-F088-F089-F090-F091-F092-F093-F094-F095-F096-F097-F098-F099-F100-F101-F102-F103-F104-F105-F106-F107-F108-F109-F110-F111-F112-F113-F114-F115-F116-F117-F118-F119-F120-F121-F122-F123-F124-F125-F126-F127-F128-F129-F130-F131-F132-F133-F134-F135-F136-F137-F138-F139-F140-F141-F142-F143-F144-F145-F146-F147-F148-F149-F150-F151-F152-F153-F154-F155-F156-F157-F158-F159-F160-F161-F162-F163-F164-F165-F166-F167-F168-F169-F170-F171-F172-F173-F174-F175-F176-F177-F178-F179-F180-F181-F182-F183-F184-F185-F186-F187-F188-F189-F190-F191-F192-F193-F194-F195-F196-F197-F198-F199-F200-F201-F202-F203-F204-F205-F206-F207-F208-F209-F210-F211-F212-F213-F214-F215-F216-F217-F218-F219-F220-F221-F222-F223-F224-F225-F226-F227-F228-F229-F230-F231-F232-F233-F234-F235-F236-F237-F238-F239-F240-F241-F242-F243-F244-F245-F246-F247-F248-F249-F250-F251-F252-F253-F254-F255-F256-F257-F258-F259-F260-F261-F262-F263-F264-F265-F266-F267-F268-F269-F270-F271-F272-F273-F274-F275-F276-F277-F278-F279-F280-F281-F282-F283-F284-F285-F286-F287-F288-F289-F290-F291-F292-F293-F294-F295-F296-F297-F298-F299-F300-F301-F302-F303-F304-F305-F306-F307-F308-F309-F310-F311-F312-F313-F314-F315-F316-F317-F318-F319-F320-F321-F322-F323-F324-F325-F326-F327-F328-F329-F330-F331-F332-F333-F334-F335-F336-F337-F338-F339-F340-F341-F342-F343-F344-F345-F346-F347-F348-F349-F350-F351-F352-F353-F354-F355-F356-F357-F358-F359-F360-F361-F362-F363-F364-F365-F366-F367-F368-F369-F370-F371-F372-F373-F374-F375-F376-F377-F378-F379-F380-F381-F382-F383-F384-F385-F386-F387-F388-F389-F390-F391-F392-F393-F394-F395-F396-F397-F398-F399-F400-F401-F402-F403-F404-F405-F406-F407-F408-F409-F410-F411-F412-F413-F414-F415-F416-F417-F418-F419-F420-F421-F422-F423-F424-F425-F426-F427-F428-F429-F430-F431-F432-F433-F434-F435-F436-F437-F438-F439-F440-F441-F442-F443-F444-F445-F446-F447-F448-F449-F450-F451-F452-F453-F454-F455-F456-F457-F458-F459-F460-F461-F462-F463-F464-F465-F466-F467-F468-F469-F470-F471-F472-F473-F474-F475-F476-F477-F478-F479-F480-F481-F482-F483-F484-F485-F486-F487-F488-F489-F490-F491-F492-F493-F494-F495-F496-F497-F498-F499-F500-F501-F502-F503-F504-E505506-E505507-E506510-E511512

## Summary

Number of input bits: 512  
Number of free input bits: 4  
Number of output bits: 160

Number of direct occurrences: 17298  
Number of assignments: 30468  
Number of operations: 10885860
(xor: 10855662,
and: 17390,
or: 12808)

Total complexity: 6.71832345825167 × 10^296

Least occurring input variable: iv_508 (4053)  
Most occurring input variable: iv_505 (4640)

Most co-occurring input variables: iv_505-iv_511 (2188)  
Least co-occurring input variables: iv_508-iv_509 (1926)

Potentially most occurring input variable: iv_505/iv_511 (4812)  
Potentially least occurring input variable: iv_508/iv_509 (4258)

Least output occurring input variable: iv_508 (70)  
Most output occurring input variable: iv_505 (86)

Most output co-occurring input variables: iv_509-iv_511 (42)  
Least output co-occurring input variables: iv_508-iv_509 (35)

Potentially most output occurring input variable: iv_505/iv_509 (86)  
Potentially least output occurring input variable: iv_508/iv_511 (71)

Least complex input bit: iv_511 (8.812722668301398 × 10^295)  
Most complex input bit: iv_505 (3.063352758484344 × 10^296)

Least complex output bit: aaa_76_29 (1.2136314723207394 × 10^272)  
Most complex output bit: ov_001 (1.0414599310516017 × 10^296)

Least complex input/output complexity: iv_511/aaa_76_29 (1.5919741961736787 × 10^271)  
Most complex input/output complexity:  (4.748743004803271 × 10^295)

Input variable with highest collision probability: iv_508 (½^160.00000000000054)

## Input Bits

### Input Bits in Regular Order

| Input Bit | Complexity | Occurrences | Output Occurrences | Collision Probability |
|:---------:|:----------:|:-----------:|:------------------:|:---------------------:|
| iv_505 | 3.063352758484344 × 10^296 | 4640 | 86 | ½^160.00000000000068 |
| iv_508 | 1.0943479563415993 × 10^296 | 4053 | 70 | ½^160.00000000000054 |
| iv_509 | 1.6793504765955946 × 10^296 | 4057 | 78 | ½^160.00000000000068 |
| iv_511 | 8.812722668301398 × 10^295 | 4548 | 81 | ½^160.00000000000074 |

### Input Bits Sorted by Complexity

| Input Bit | Complexity | Occurrences | Output Occurrences | Collision Probability |
|:---------:|:----------:|:-----------:|:------------------:|:---------------------:|
| iv_511 | 8.812722668301398 × 10^295 | 4548 | 81 | ½^160.00000000000074 |
| iv_508 | 1.0943479563415993 × 10^296 | 4053 | 70 | ½^160.00000000000054 |
| iv_509 | 1.6793504765955946 × 10^296 | 4057 | 78 | ½^160.00000000000068 |
| iv_505 | 3.063352758484344 × 10^296 | 4640 | 86 | ½^160.00000000000068 |

### Input Bits Sorted by Occurrences

| Input Bit | Complexity | Occurrences | Output Occurrences | Collision Probability |
|:---------:|:----------:|:-----------:|:------------------:|:---------------------:|
| iv_508 | 1.0943479563415993 × 10^296 | 4053 | 70 | ½^160.00000000000054 |
| iv_509 | 1.6793504765955946 × 10^296 | 4057 | 78 | ½^160.00000000000068 |
| iv_511 | 8.812722668301398 × 10^295 | 4548 | 81 | ½^160.00000000000074 |
| iv_505 | 3.063352758484344 × 10^296 | 4640 | 86 | ½^160.00000000000068 |

### Input Bits Sorted by Output Occurrences

| Input Bit | Complexity | Occurrences | Output Occurrences | Collision Probability |
|:---------:|:----------:|:-----------:|:------------------:|:---------------------:|
| iv_508 | 1.0943479563415993 × 10^296 | 4053 | 70 | ½^160.00000000000054 |
| iv_509 | 1.6793504765955946 × 10^296 | 4057 | 78 | ½^160.00000000000068 |
| iv_511 | 8.812722668301398 × 10^295 | 4548 | 81 | ½^160.00000000000074 |
| iv_505 | 3.063352758484344 × 10^296 | 4640 | 86 | ½^160.00000000000068 |

### Input Bits Sorted by Collision Probability

| Input Bit | Complexity | Occurrences | Output Occurrences | Collision Probability |
|:---------:|:----------:|:-----------:|:------------------:|:---------------------:|
| iv_508 | 1.0943479563415993 × 10^296 | 4053 | 70 | ½^160.00000000000054 |
| iv_505 | 3.063352758484344 × 10^296 | 4640 | 86 | ½^160.00000000000068 |
| iv_509 | 1.6793504765955946 × 10^296 | 4057 | 78 | ½^160.00000000000068 |
| iv_511 | 8.812722668301398 × 10^295 | 4548 | 81 | ½^160.00000000000074 |

## Input Bit/Output Bit Collision Probabilities

| Input Bit | Output Bit | Collision Probability |
|:---------:|:----------:|:---------------------:|
| iv_508 | ov_097 | 0.500000000000002 |
| iv_508 | lv_80_m31 | 0.5000000000000018 |
| iv_508 | aaa_77_29 | 0.5000000000000018 |
| iv_509 | ov_066 | 0.5000000000000018 |

## Input Bit Co-occurrences

### Input Bit Co-occurrences Sorted by Co-occurrences

| Input Bits | Co-occurrences | Potential Occurrences | Output Co-occurrences | Potential Output Occurrences |
|:----------:|:--------------:|:---------------------:|:---------------------:|:----------------------------:|
| iv_505-iv_511 | 2188 | 4812 | 41 | 85 |
| iv_509-iv_511 | 2014 | 4577 | 42 | 75 |
| iv_505-iv_509 | 2003 | 4691 | 39 | 86 |
| iv_508-iv_511 | 2002 | 4597 | 40 | 71 |

### Input Bit Co-occurrences Sorted by Potential Occurrences

| Input Bits | Co-occurrences | Potential Occurrences | Output Co-occurrences | Potential Output Occurrences |
|:----------:|:--------------:|:---------------------:|:---------------------:|:----------------------------:|
| iv_508-iv_509 | 1926 | 4258 | 35 | 78 |
| iv_509-iv_511 | 2014 | 4577 | 42 | 75 |
| iv_508-iv_511 | 2002 | 4597 | 40 | 71 |
| iv_505-iv_509 | 2003 | 4691 | 39 | 86 |

### Input Bit Output Co-occurrences Sorted by Output Co-occurrences

| Input Bits | Co-occurrences | Potential Occurrences | Output Co-occurrences | Potential Output Occurrences |
|:----------:|:--------------:|:---------------------:|:---------------------:|:----------------------------:|
| iv_509-iv_511 | 2014 | 4577 | 42 | 75 |
| iv_505-iv_511 | 2188 | 4812 | 41 | 85 |
| iv_508-iv_511 | 2002 | 4597 | 40 | 71 |
| iv_505-iv_509 | 2003 | 4691 | 39 | 86 |

### Input Bit Output Co-occurrences Sorted by Potential Output Occurrences

| Input Bits | Co-occurrences | Potential Occurrences | Output Co-occurrences | Potential Output Occurrences |
|:----------:|:--------------:|:---------------------:|:---------------------:|:----------------------------:|
| iv_508-iv_511 | 2002 | 4597 | 40 | 71 |
| iv_509-iv_511 | 2014 | 4577 | 42 | 75 |
| iv_508-iv_509 | 1926 | 4258 | 35 | 78 |
| iv_505-iv_508 | 1955 | 4783 | 38 | 80 |

## Output Bits

### Output Bits in Regular Order

| Rank | Output Bit | Complexity |
|:----:|:----------:|:----------:|
| 1 | ov_001 | 1.0414599310516017 × 10^296 |
| 2 | ov_002 | 9.120760373921502 × 10^295 |
| 3 | ov_003 | 7.941653547287518 × 10^295 |
| 4 | ov_004 | 6.871622397185708 × 10^295 |
| 5 | ov_005 | 5.905320494881234 × 10^295 |
| 6 | ov_006 | 5.037689310134252 × 10^295 |
| 7 | ov_007 | 4.2639390257615727 × 10^295 |
| 8 | ov_008 | 3.579531942838904 × 10^295 |
| 9 | ov_009 | 2.976093731739152 × 10^295 |
| 10 | ov_010 | 2.449549960522056 × 10^295 |
| 11 | ov_011 | 1.9960410609675764 × 10^295 |
| 12 | ov_012 | 1.60845776805379 × 10^295 |
| 13 | ov_013 | 1.2800809699912143 × 10^295 |
| 14 | ov_014 | 1.004570330299795 × 10^295 |
| 15 | ov_015 | 7.759552060113496 × 10^294 |
| 16 | ov_016 | 5.886276366762721 × 10^294 |
| 17 | ov_017 | 4.3733713238478904 × 10^294 |
| 18 | ov_018 | 3.1718694791358204 × 10^294 |
| 19 | ov_019 | 2.2363153635430853 × 10^294 |
| 20 | ov_020 | 1.524749045799687 × 10^294 |
| 21 | ov_021 | 9.986962188044587 × 10^293 |
| 22 | ov_022 | 6.231626206065236 × 10^293 |
| 23 | ov_023 | 3.666309655281113 × 10^293 |
| 24 | ov_024 | 2.0105914639416768 × 10^293 |
| 25 | ov_025 | 1.018791117708457 × 10^293 |
| 26 | ov_026 | 4.799619163239737 × 10^292 |
| 27 | ov_027 | 2.1788735020263367 × 10^292 |
| 28 | ov_028 | 9.107941719515334 × 10^291 |
| 29 | ov_029 | 3.747612099843315 × 10^291 |
| 30 | ov_030 | 1.2379319412838111 × 10^291 |
| 31 | ov_031 | 2.991833480576637 × 10^290 |
| 32 | lv_80_m31 | 7.228470404021233 × 10^289 |
| 33 | ov_033 | 8.723134482676427 × 10^290 |
| 34 | ov_034 | 7.55096750875498 × 10^290 |
| 35 | ov_035 | 6.500840548828077 × 10^290 |
| 36 | ov_036 | 5.566898656485662 × 10^290 |
| 37 | ov_037 | 4.743606297337562 × 10^290 |
| 38 | ov_038 | 4.020759256859437 × 10^290 |
| 39 | ov_039 | 3.3886863169400913 × 10^290 |
| 40 | ov_040 | 2.8382167104398443 × 10^290 |
| 41 | ov_041 | 2.3606525573124536 × 10^290 |
| 42 | ov_042 | 1.947745729273687 × 10^290 |
| 43 | ov_043 | 1.5916786245614031 × 10^290 |
| 44 | ov_044 | 1.2850483673614937 × 10^290 |
| 45 | ov_045 | 1.0208539781778514 × 10^290 |
| 46 | ov_046 | 7.956940096291516 × 10^289 |
| 47 | ov_047 | 6.063605440800154 × 10^289 |
| 48 | ov_048 | 4.498356210395178 × 10^289 |
| 49 | ov_049 | 3.2328847169430605 × 10^289 |
| 50 | ov_050 | 2.240734168559522 × 10^289 |
| 51 | ov_051 | 1.4972833181934295 × 10^289 |
| 52 | ov_052 | 9.587579656276772 × 10^288 |
| 53 | ov_053 | 5.850163815245219 × 10^288 |
| 54 | ov_054 | 3.39542961043006 × 10^288 |
| 55 | ov_055 | 1.8944466387401702 × 10^288 |
| 56 | ov_056 | 1.0544904325367892 × 10^288 |
| 57 | ov_057 | 6.190313711554171 × 10^287 |
| 58 | ov_058 | 3.677283432597022 × 10^287 |
| 59 | ov_059 | 1.994573472377609 × 10^287 |
| 60 | ov_060 | 9.612688329661538 × 10^286 |
| 61 | ov_061 | 3.9645603080435853 × 10^286 |
| 62 | ov_062 | 1.3126787441999283 × 10^286 |
| 63 | ov_063 | 3.1800862501035856 × 10^285 |
| 64 | lv_79_m31 | 7.699535225221033 × 10^284 |
| 65 | ov_065 | 9.023274381487308 × 10^285 |
| 66 | ov_066 | 9.02325089391133 × 10^285 |
| 67 | ov_067 | 9.023243282297198 × 10^285 |
| 68 | ov_068 | 7.818653352618879 × 10^285 |
| 69 | ov_069 | 6.731472132379345 × 10^285 |
| 70 | ov_070 | 5.755620497280359 × 10^285 |
| 71 | ov_071 | 4.885394817629782 × 10^285 |
| 72 | ov_072 | 4.1154412941013027 × 10^285 |
| 73 | ov_073 | 3.44073251804319 × 10^285 |
| 74 | ov_074 | 2.852109513129099 × 10^285 |
| 75 | ov_075 | 2.3409673021426876 × 10^285 |
| 76 | ov_076 | 1.9031375344251812 × 10^285 |
| 77 | ov_077 | 1.5310273646385595 × 10^285 |
| 78 | ov_078 | 1.217508810344859 × 10^285 |
| 79 | ov_079 | 9.558954375688815 × 10^284 |
| 80 | ov_080 | 7.399219172039849 × 10^284 |
| 81 | ov_081 | 5.637262589022618 × 10^284 |
| 82 | ov_082 | 4.2183453046823686 × 10^284 |
| 83 | ov_083 | 3.0914787169963853 × 10^284 |
| 84 | ov_084 | 2.209316122113793 × 10^284 |
| 85 | ov_085 | 1.5280630313882667 × 10^284 |
| 86 | ov_086 | 1.0074047281946523 × 10^284 |
| 87 | ov_087 | 6.280457599920831 × 10^283 |
| 88 | ov_088 | 3.723895333917316 × 10^283 |
| 89 | ov_089 | 2.1026992117928578 × 10^283 |
| 90 | ov_090 | 1.1484524273694274 × 10^283 |
| 91 | ov_091 | 6.258356022144076 × 10^282 |
| 92 | ov_092 | 3.3253848403915353 × 10^282 |
| 93 | ov_093 | 1.7565027879343365 × 10^282 |
| 94 | ov_094 | 7.873321457254093 × 10^281 |
| 95 | aaa_78_28 | 2.5322694129539697 × 10^281 |
| 96 | aaa_78_29 | 9.594514465897715 × 10^280 |
| 97 | ov_097 | 1.0450263494995696 × 10^281 |
| 98 | ov_098 | 1.0449948241981586 × 10^281 |
| 99 | ov_099 | 1.044984759353699 × 10^281 |
| 100 | ov_100 | 9.404484882493371 × 10^280 |
| 101 | ov_101 | 8.436240437759802 × 10^280 |
| 102 | ov_102 | 7.540868316957329 × 10^280 |
| 103 | ov_103 | 6.714433548163179 × 10^280 |
| 104 | ov_104 | 5.953272134038259 × 10^280 |
| 105 | ov_105 | 5.253955018526888 × 10^280 |
| 106 | ov_106 | 4.613255370974031 × 10^280 |
| 107 | ov_107 | 4.0281185520915455 × 10^280 |
| 108 | ov_108 | 3.4956349939478712 × 10^280 |
| 109 | ov_109 | 3.0130162326375186 × 10^280 |
| 110 | ov_110 | 2.577573907584776 × 10^280 |
| 111 | ov_111 | 2.1867012309456026 × 10^280 |
| 112 | ov_112 | 1.8378564337217208 × 10^280 |
| 113 | ov_113 | 1.5285483267294143 × 10^280 |
| 114 | ov_114 | 1.2563241162911739 × 10^280 |
| 115 | ov_115 | 1.0187593011381201 × 10^280 |
| 116 | ov_116 | 8.134494778133441 × 10^279 |
| 117 | ov_117 | 6.380038823795616 × 10^279 |
| 118 | ov_118 | 4.900404965297657 × 10^279 |
| 119 | ov_119 | 3.671825463543344 × 10^279 |
| 120 | ov_120 | 2.6705622209671 × 10^279 |
| 121 | ov_121 | 1.8728934827693477 × 10^279 |
| 122 | ov_122 | 1.2551065603964013 × 10^279 |
| 123 | ov_123 | 7.934939539001392 × 10^278 |
| 124 | ov_124 | 4.643510938591855 × 10^278 |
| 125 | ov_125 | 2.4397485880769338 × 10^278 |
| 126 | ov_126 | 1.0866272172524704 × 10^278 |
| 127 | aaa_77_28 | 3.471234570936628 × 10^277 |
| 128 | aaa_77_29 | 1.3015719773660181 × 10^277 |
| 129 | ov_129 | 1.197315821346672 × 10^277 |
| 130 | ov_130 | 1.1973128651709574 × 10^277 |
| 131 | ov_131 | 1.1973119137297878 × 10^277 |
| 132 | ov_132 | 1.0394561641268448 × 10^277 |
| 133 | ov_133 | 8.969359787389644 × 10^276 |
| 134 | ov_134 | 7.690352936340727 × 10^276 |
| 135 | ov_135 | 6.550791687367115 × 10^276 |
| 136 | ov_136 | 5.544307241338386 × 10^276 |
| 137 | ov_137 | 4.659198185764995 × 10^276 |
| 138 | ov_138 | 3.8844009840885164 × 10^276 |
| 139 | ov_139 | 3.2094509695943514 × 10^276 |
| 140 | ov_140 | 2.62444887591485 × 10^276 |
| 141 | ov_141 | 2.1200324364407923 × 10^276 |
| 142 | ov_142 | 1.6916515179726087 × 10^276 |
| 143 | ov_143 | 1.3309503928706422 × 10^276 |
| 144 | ov_144 | 1.030050632515555 × 10^276 |
| 145 | ov_145 | 7.815382296476705 × 10^275 |
| 146 | ov_146 | 5.7845348039647576 × 10^275 |
| 147 | ov_147 | 4.17429002758933 × 10^275 |
| 148 | ov_148 | 2.923923177714564 × 10^275 |
| 149 | ov_149 | 1.9770742092243575 × 10^275 |
| 150 | ov_150 | 1.2817183676463416 × 10^275 |
| 151 | ov_151 | 7.901466696344416 × 10^274 |
| 152 | ov_152 | 4.589537852567985 × 10^274 |
| 153 | ov_153 | 2.4903112246856467 × 10^274 |
| 154 | ov_154 | 1.2556324703636423 × 10^274 |
| 155 | ov_155 | 5.802615262389838 × 10^273 |
| 156 | aaa_76_25 | 2.018645083282231 × 10^273 |
| 157 | aaa_76_26 | 1.243230220608543 × 10^273 |
| 158 | aaa_76_27 | 6.823094687417847 × 10^272 |
| 159 | aaa_76_28 | 3.2191625633505196 × 10^272 |
| 160 | aaa_76_29 | 1.2136314723207394 × 10^272 |

### Output Bits Sorted by Complexity

| Rank | Output Bit | Complexity |
|:----:|:----------:|:----------:|
| 160 | aaa_76_29 | 1.2136314723207394 × 10^272 |
| 159 | aaa_76_28 | 3.2191625633505196 × 10^272 |
| 158 | aaa_76_27 | 6.823094687417847 × 10^272 |
| 157 | aaa_76_26 | 1.243230220608543 × 10^273 |
| 156 | aaa_76_25 | 2.018645083282231 × 10^273 |
| 155 | ov_155 | 5.802615262389838 × 10^273 |
| 154 | ov_154 | 1.2556324703636423 × 10^274 |
| 153 | ov_153 | 2.4903112246856467 × 10^274 |
| 152 | ov_152 | 4.589537852567985 × 10^274 |
| 151 | ov_151 | 7.901466696344416 × 10^274 |
| 150 | ov_150 | 1.2817183676463416 × 10^275 |
| 149 | ov_149 | 1.9770742092243575 × 10^275 |
| 148 | ov_148 | 2.923923177714564 × 10^275 |
| 147 | ov_147 | 4.17429002758933 × 10^275 |
| 146 | ov_146 | 5.7845348039647576 × 10^275 |
| 145 | ov_145 | 7.815382296476705 × 10^275 |
| 144 | ov_144 | 1.030050632515555 × 10^276 |
| 143 | ov_143 | 1.3309503928706422 × 10^276 |
| 142 | ov_142 | 1.6916515179726087 × 10^276 |
| 141 | ov_141 | 2.1200324364407923 × 10^276 |
| 140 | ov_140 | 2.62444887591485 × 10^276 |
| 139 | ov_139 | 3.2094509695943514 × 10^276 |
| 138 | ov_138 | 3.8844009840885164 × 10^276 |
| 137 | ov_137 | 4.659198185764995 × 10^276 |
| 136 | ov_136 | 5.544307241338386 × 10^276 |
| 135 | ov_135 | 6.550791687367115 × 10^276 |
| 134 | ov_134 | 7.690352936340727 × 10^276 |
| 133 | ov_133 | 8.969359787389644 × 10^276 |
| 132 | ov_132 | 1.0394561641268448 × 10^277 |
| 131 | ov_131 | 1.1973119137297878 × 10^277 |
| 130 | ov_130 | 1.1973128651709574 × 10^277 |
| 129 | ov_129 | 1.197315821346672 × 10^277 |
| 128 | aaa_77_29 | 1.3015719773660181 × 10^277 |
| 127 | aaa_77_28 | 3.471234570936628 × 10^277 |
| 126 | ov_126 | 1.0866272172524704 × 10^278 |
| 125 | ov_125 | 2.4397485880769338 × 10^278 |
| 124 | ov_124 | 4.643510938591855 × 10^278 |
| 123 | ov_123 | 7.934939539001392 × 10^278 |
| 122 | ov_122 | 1.2551065603964013 × 10^279 |
| 121 | ov_121 | 1.8728934827693477 × 10^279 |
| 120 | ov_120 | 2.6705622209671 × 10^279 |
| 119 | ov_119 | 3.671825463543344 × 10^279 |
| 118 | ov_118 | 4.900404965297657 × 10^279 |
| 117 | ov_117 | 6.380038823795616 × 10^279 |
| 116 | ov_116 | 8.134494778133441 × 10^279 |
| 115 | ov_115 | 1.0187593011381201 × 10^280 |
| 114 | ov_114 | 1.2563241162911739 × 10^280 |
| 113 | ov_113 | 1.5285483267294143 × 10^280 |
| 112 | ov_112 | 1.8378564337217208 × 10^280 |
| 111 | ov_111 | 2.1867012309456026 × 10^280 |
| 110 | ov_110 | 2.577573907584776 × 10^280 |
| 109 | ov_109 | 3.0130162326375186 × 10^280 |
| 108 | ov_108 | 3.4956349939478712 × 10^280 |
| 107 | ov_107 | 4.0281185520915455 × 10^280 |
| 106 | ov_106 | 4.613255370974031 × 10^280 |
| 105 | ov_105 | 5.253955018526888 × 10^280 |
| 104 | ov_104 | 5.953272134038259 × 10^280 |
| 103 | ov_103 | 6.714433548163179 × 10^280 |
| 102 | ov_102 | 7.540868316957329 × 10^280 |
| 101 | ov_101 | 8.436240437759802 × 10^280 |
| 100 | ov_100 | 9.404484882493371 × 10^280 |
| 96 | aaa_78_29 | 9.594514465897715 × 10^280 |
| 99 | ov_099 | 1.044984759353699 × 10^281 |
| 98 | ov_098 | 1.0449948241981586 × 10^281 |
| 97 | ov_097 | 1.0450263494995696 × 10^281 |
| 95 | aaa_78_28 | 2.5322694129539697 × 10^281 |
| 94 | ov_094 | 7.873321457254093 × 10^281 |
| 93 | ov_093 | 1.7565027879343365 × 10^282 |
| 92 | ov_092 | 3.3253848403915353 × 10^282 |
| 91 | ov_091 | 6.258356022144076 × 10^282 |
| 90 | ov_090 | 1.1484524273694274 × 10^283 |
| 89 | ov_089 | 2.1026992117928578 × 10^283 |
| 88 | ov_088 | 3.723895333917316 × 10^283 |
| 87 | ov_087 | 6.280457599920831 × 10^283 |
| 86 | ov_086 | 1.0074047281946523 × 10^284 |
| 85 | ov_085 | 1.5280630313882667 × 10^284 |
| 84 | ov_084 | 2.209316122113793 × 10^284 |
| 83 | ov_083 | 3.0914787169963853 × 10^284 |
| 82 | ov_082 | 4.2183453046823686 × 10^284 |
| 81 | ov_081 | 5.637262589022618 × 10^284 |
| 80 | ov_080 | 7.399219172039849 × 10^284 |
| 64 | lv_79_m31 | 7.699535225221033 × 10^284 |
| 79 | ov_079 | 9.558954375688815 × 10^284 |
| 78 | ov_078 | 1.217508810344859 × 10^285 |
| 77 | ov_077 | 1.5310273646385595 × 10^285 |
| 76 | ov_076 | 1.9031375344251812 × 10^285 |
| 75 | ov_075 | 2.3409673021426876 × 10^285 |
| 74 | ov_074 | 2.852109513129099 × 10^285 |
| 63 | ov_063 | 3.1800862501035856 × 10^285 |
| 73 | ov_073 | 3.44073251804319 × 10^285 |
| 72 | ov_072 | 4.1154412941013027 × 10^285 |
| 71 | ov_071 | 4.885394817629782 × 10^285 |
| 70 | ov_070 | 5.755620497280359 × 10^285 |
| 69 | ov_069 | 6.731472132379345 × 10^285 |
| 68 | ov_068 | 7.818653352618879 × 10^285 |
| 67 | ov_067 | 9.023243282297198 × 10^285 |
| 66 | ov_066 | 9.02325089391133 × 10^285 |
| 65 | ov_065 | 9.023274381487308 × 10^285 |
| 62 | ov_062 | 1.3126787441999283 × 10^286 |
| 61 | ov_061 | 3.9645603080435853 × 10^286 |
| 60 | ov_060 | 9.612688329661538 × 10^286 |
| 59 | ov_059 | 1.994573472377609 × 10^287 |
| 58 | ov_058 | 3.677283432597022 × 10^287 |
| 57 | ov_057 | 6.190313711554171 × 10^287 |
| 56 | ov_056 | 1.0544904325367892 × 10^288 |
| 55 | ov_055 | 1.8944466387401702 × 10^288 |
| 54 | ov_054 | 3.39542961043006 × 10^288 |
| 53 | ov_053 | 5.850163815245219 × 10^288 |
| 52 | ov_052 | 9.587579656276772 × 10^288 |
| 51 | ov_051 | 1.4972833181934295 × 10^289 |
| 50 | ov_050 | 2.240734168559522 × 10^289 |
| 49 | ov_049 | 3.2328847169430605 × 10^289 |
| 48 | ov_048 | 4.498356210395178 × 10^289 |
| 47 | ov_047 | 6.063605440800154 × 10^289 |
| 32 | lv_80_m31 | 7.228470404021233 × 10^289 |
| 46 | ov_046 | 7.956940096291516 × 10^289 |
| 45 | ov_045 | 1.0208539781778514 × 10^290 |
| 44 | ov_044 | 1.2850483673614937 × 10^290 |
| 43 | ov_043 | 1.5916786245614031 × 10^290 |
| 42 | ov_042 | 1.947745729273687 × 10^290 |
| 41 | ov_041 | 2.3606525573124536 × 10^290 |
| 40 | ov_040 | 2.8382167104398443 × 10^290 |
| 31 | ov_031 | 2.991833480576637 × 10^290 |
| 39 | ov_039 | 3.3886863169400913 × 10^290 |
| 38 | ov_038 | 4.020759256859437 × 10^290 |
| 37 | ov_037 | 4.743606297337562 × 10^290 |
| 36 | ov_036 | 5.566898656485662 × 10^290 |
| 35 | ov_035 | 6.500840548828077 × 10^290 |
| 34 | ov_034 | 7.55096750875498 × 10^290 |
| 33 | ov_033 | 8.723134482676427 × 10^290 |
| 30 | ov_030 | 1.2379319412838111 × 10^291 |
| 29 | ov_029 | 3.747612099843315 × 10^291 |
| 28 | ov_028 | 9.107941719515334 × 10^291 |
| 27 | ov_027 | 2.1788735020263367 × 10^292 |
| 26 | ov_026 | 4.799619163239737 × 10^292 |
| 25 | ov_025 | 1.018791117708457 × 10^293 |
| 24 | ov_024 | 2.0105914639416768 × 10^293 |
| 23 | ov_023 | 3.666309655281113 × 10^293 |
| 22 | ov_022 | 6.231626206065236 × 10^293 |
| 21 | ov_021 | 9.986962188044587 × 10^293 |
| 20 | ov_020 | 1.524749045799687 × 10^294 |
| 19 | ov_019 | 2.2363153635430853 × 10^294 |
| 18 | ov_018 | 3.1718694791358204 × 10^294 |
| 17 | ov_017 | 4.3733713238478904 × 10^294 |
| 16 | ov_016 | 5.886276366762721 × 10^294 |
| 15 | ov_015 | 7.759552060113496 × 10^294 |
| 14 | ov_014 | 1.004570330299795 × 10^295 |
| 13 | ov_013 | 1.2800809699912143 × 10^295 |
| 12 | ov_012 | 1.60845776805379 × 10^295 |
| 11 | ov_011 | 1.9960410609675764 × 10^295 |
| 10 | ov_010 | 2.449549960522056 × 10^295 |
| 9 | ov_009 | 2.976093731739152 × 10^295 |
| 8 | ov_008 | 3.579531942838904 × 10^295 |
| 7 | ov_007 | 4.2639390257615727 × 10^295 |
| 6 | ov_006 | 5.037689310134252 × 10^295 |
| 5 | ov_005 | 5.905320494881234 × 10^295 |
| 4 | ov_004 | 6.871622397185708 × 10^295 |
| 3 | ov_003 | 7.941653547287518 × 10^295 |
| 2 | ov_002 | 9.120760373921502 × 10^295 |
| 1 | ov_001 | 1.0414599310516017 × 10^296 |

