# Results for F001-F002-F003-F004-F005-F006-F007-F008-F009-F010-F011-F012-F013-F014-F015-F016-F017-F018-F019-F020-F021-F022-F023-F024-F025-F026-F027-F028-F029-F030-F031-F032-F033-F034-F035-F036-F037-F038-F039-F040-F041-F042-F043-F044-F045-F046-F047-F048-F049-F050-F051-F052-F053-F054-F055-F056-F057-F058-F059-F060-F061-F062-F063-F064-F065-F066-F067-F068-F069-F070-F071-F072-F073-F074-F075-F076-F077-F078-F079-F080-F081-F082-F083-F084-F085-F086-F087-F088-F089-F090-F091-F092-F093-F094-F095-F096-F097-F098-F099-F100-F101-F102-F103-F104-F105-F106-F107-F108-F109-F110-F111-F112-F113-F114-F115-F116-F117-F118-F119-F120-F121-F122-F123-F124-F125-F126-F127-F128-F129-F130-F131-F132-F133-F134-F135-F136-F137-F138-F139-F140-F141-F142-F143-F144-F145-F146-F147-F148-F149-F150-F151-F152-F153-F154-F155-F156-F157-F158-F159-F160-F161-F162-F163-F164-F165-F166-F167-F168-F169-F170-F171-F172-F173-F174-F175-F176-F177-F178-F179-F180-F181-F182-F183-F184-F185-F186-F187-F188-F189-F190-F191-F192-F193-F194-F195-F196-F197-F198-F199-F200-F201-F202-F203-F204-F205-F206-F207-F208-F209-F210-F211-F212-F213-F214-F215-F216-F217-F218-F219-F220-F221-F222-F223-F224-F225-F226-F227-F228-F229-F230-F231-F232-F233-F234-F235-F236-F237-F238-F239-F240-F241-F242-F243-F244-F245-F246-F247-F248-F249-F250-F251-F252-F253-F254-F255-F256-F257-F258-F259-F260-F261-F262-F263-F264-F265-F266-F267-F268-F269-F270-F271-F272-F273-F274-F275-F276-F277-F278-F279-F280-F281-F282-F283-F284-F285-F286-F287-F288-F289-F290-F291-F292-F293-F294-F295-F296-F297-F298-F299-F300-F301-F302-F303-F304-F305-F306-F307-F308-F309-F310-F311-F312-F313-F314-F315-F316-F317-F318-F319-F320-F321-F322-F323-F324-F325-F326-F327-F328-F329-F330-F331-F332-F333-F334-F335-F336-F337-F338-F339-F340-F341-F342-F343-F344-F345-F346-F347-F348-F349-F350-F351-F352-F353-F354-F355-F356-F357-F358-F359-F360-F361-F362-F363-F364-F365-F366-F367-F368-F369-F370-F371-F372-F373-F374-F375-F376-F377-F378-F379-F380-F381-F382-F383-F384-F385-F386-F387-F388-F389-F390-F391-F392-F393-F394-F395-F396-F397-F398-F399-F400-F401-F402-F403-F404-F405-F406-F407-F408-F409-F410-F411-F412-F413-F414-F415-F416-F417-F418-F419-F420-F421-F422-F423-F424-F425-F426-F427-F428-F429-F430-F431-F432-F433-F434-F435-F436-F437-F438-F439-F440-F441-F442-F443-F444-F445-F446-F447-F448-F449-F450-F451-F452-F453-F454-F455-F456-F457-F458-F459-F460-F461-F462-F463-F464-F465-F466-F467-F468-F469-F470-F471-F472-F473-F474-F475-F476-F477-F478-F479-F480-F481-F482-F483-F484-F485-F486-F487-F488-F489-F490-F491-F492-F493-F494-F495-F496-F497-F498-F499-F500-F501-F502-F503-F504-E505506-E505507-E505511-E507509

## Summary

Number of input bits: 512  
Number of free input bits: 4  
Number of output bits: 160

Number of direct occurrences: 17193  
Number of assignments: 30384  
Number of operations: 10901342
(xor: 10871223,
and: 17376,
or: 12743)

Total complexity: 3.5772638536732587 × 10^296

Least occurring input variable: iv_508 (4049)  
Most occurring input variable: iv_505 (4694)

Most co-occurring input variables: iv_505-iv_512 (2122)  
Least co-occurring input variables: iv_505-iv_508 (1898)

Potentially most occurring input variable: iv_505/iv_508 (4947)  
Potentially least occurring input variable: iv_508/iv_510 (4356)

Least output occurring input variable: iv_508 (70)  
Most output occurring input variable: iv_510 (79)

Most output co-occurring input variables: iv_510-iv_512 (42)  
Least output co-occurring input variables: iv_505-iv_508 (27)

Potentially most output occurring input variable: iv_508/iv_512 (90)  
Potentially least output occurring input variable: iv_505/iv_512 (73)

Least complex input bit: iv_512 (4.940367911722979 × 10^295)  
Most complex input bit: iv_505 (1.4774683292488074 × 10^296)

Least complex output bit: aaa_76_29 (6.603778517022006 × 10^271)  
Most complex output bit: ov_001 (5.50888300342014 × 10^295)

Least complex input/output complexity: iv_512/aaa_76_29 (9.120125552975479 × 10^270)  
Most complex input/output complexity:  (2.2752585495567176 × 10^295)

Input variable with highest collision probability: iv_508 (½^160.00000000000057)

## Input Bits

### Input Bits in Regular Order

| Input Bit | Complexity | Occurrences | Output Occurrences | Collision Probability |
|:---------:|:----------:|:-----------:|:------------------:|:---------------------:|
| iv_505 | 1.4774683292488074 × 10^296 | 4694 | 71 | ½^160.00000000000085 |
| iv_508 | 4.995403859389479 × 10^295 | 4049 | 70 | ½^160.00000000000057 |
| iv_510 | 1.1062183473132106 × 10^296 | 4173 | 79 | ½^160.00000000000082 |
| iv_512 | 4.940367911722979 × 10^295 | 4277 | 78 | ½^160.00000000000074 |

### Input Bits Sorted by Complexity

| Input Bit | Complexity | Occurrences | Output Occurrences | Collision Probability |
|:---------:|:----------:|:-----------:|:------------------:|:---------------------:|
| iv_512 | 4.940367911722979 × 10^295 | 4277 | 78 | ½^160.00000000000074 |
| iv_508 | 4.995403859389479 × 10^295 | 4049 | 70 | ½^160.00000000000057 |
| iv_510 | 1.1062183473132106 × 10^296 | 4173 | 79 | ½^160.00000000000082 |
| iv_505 | 1.4774683292488074 × 10^296 | 4694 | 71 | ½^160.00000000000085 |

### Input Bits Sorted by Occurrences

| Input Bit | Complexity | Occurrences | Output Occurrences | Collision Probability |
|:---------:|:----------:|:-----------:|:------------------:|:---------------------:|
| iv_508 | 4.995403859389479 × 10^295 | 4049 | 70 | ½^160.00000000000057 |
| iv_510 | 1.1062183473132106 × 10^296 | 4173 | 79 | ½^160.00000000000082 |
| iv_512 | 4.940367911722979 × 10^295 | 4277 | 78 | ½^160.00000000000074 |
| iv_505 | 1.4774683292488074 × 10^296 | 4694 | 71 | ½^160.00000000000085 |

### Input Bits Sorted by Output Occurrences

| Input Bit | Complexity | Occurrences | Output Occurrences | Collision Probability |
|:---------:|:----------:|:-----------:|:------------------:|:---------------------:|
| iv_508 | 4.995403859389479 × 10^295 | 4049 | 70 | ½^160.00000000000057 |
| iv_505 | 1.4774683292488074 × 10^296 | 4694 | 71 | ½^160.00000000000085 |
| iv_512 | 4.940367911722979 × 10^295 | 4277 | 78 | ½^160.00000000000074 |
| iv_510 | 1.1062183473132106 × 10^296 | 4173 | 79 | ½^160.00000000000082 |

### Input Bits Sorted by Collision Probability

| Input Bit | Complexity | Occurrences | Output Occurrences | Collision Probability |
|:---------:|:----------:|:-----------:|:------------------:|:---------------------:|
| iv_508 | 4.995403859389479 × 10^295 | 4049 | 70 | ½^160.00000000000057 |
| iv_512 | 4.940367911722979 × 10^295 | 4277 | 78 | ½^160.00000000000074 |
| iv_510 | 1.1062183473132106 × 10^296 | 4173 | 79 | ½^160.00000000000082 |
| iv_505 | 1.4774683292488074 × 10^296 | 4694 | 71 | ½^160.00000000000085 |

## Input Bit/Output Bit Collision Probabilities

| Input Bit | Output Bit | Collision Probability |
|:---------:|:----------:|:---------------------:|
| iv_508 | ov_086 | 0.5000000000000022 |
| iv_508 | aaa_76_29 | 0.5000000000000022 |
| iv_508 | aaa_77_28 | 0.500000000000002 |
| iv_508 | ov_125 | 0.5000000000000018 |

## Input Bit Co-occurrences

### Input Bit Co-occurrences Sorted by Co-occurrences

| Input Bits | Co-occurrences | Potential Occurrences | Output Co-occurrences | Potential Output Occurrences |
|:----------:|:--------------:|:---------------------:|:---------------------:|:----------------------------:|
| iv_505-iv_512 | 2122 | 4727 | 38 | 73 |
| iv_505-iv_510 | 2013 | 4841 | 33 | 84 |
| iv_510-iv_512 | 1995 | 4460 | 42 | 73 |
| iv_508-iv_512 | 1944 | 4438 | 29 | 90 |

### Input Bit Co-occurrences Sorted by Potential Occurrences

| Input Bits | Co-occurrences | Potential Occurrences | Output Co-occurrences | Potential Output Occurrences |
|:----------:|:--------------:|:---------------------:|:---------------------:|:----------------------------:|
| iv_508-iv_510 | 1933 | 4356 | 31 | 87 |
| iv_508-iv_512 | 1944 | 4438 | 29 | 90 |
| iv_510-iv_512 | 1995 | 4460 | 42 | 73 |
| iv_505-iv_512 | 2122 | 4727 | 38 | 73 |

### Input Bit Output Co-occurrences Sorted by Output Co-occurrences

| Input Bits | Co-occurrences | Potential Occurrences | Output Co-occurrences | Potential Output Occurrences |
|:----------:|:--------------:|:---------------------:|:---------------------:|:----------------------------:|
| iv_510-iv_512 | 1995 | 4460 | 42 | 73 |
| iv_505-iv_512 | 2122 | 4727 | 38 | 73 |
| iv_505-iv_510 | 2013 | 4841 | 33 | 84 |
| iv_508-iv_510 | 1933 | 4356 | 31 | 87 |

### Input Bit Output Co-occurrences Sorted by Potential Output Occurrences

| Input Bits | Co-occurrences | Potential Occurrences | Output Co-occurrences | Potential Output Occurrences |
|:----------:|:--------------:|:---------------------:|:---------------------:|:----------------------------:|
| iv_505-iv_512 | 2122 | 4727 | 38 | 73 |
| iv_510-iv_512 | 1995 | 4460 | 42 | 73 |
| iv_505-iv_510 | 2013 | 4841 | 33 | 84 |
| iv_505-iv_508 | 1898 | 4947 | 27 | 87 |

## Output Bits

### Output Bits in Regular Order

| Rank | Output Bit | Complexity |
|:----:|:----------:|:----------:|
| 1 | ov_001 | 5.50888300342014 × 10^295 |
| 2 | ov_002 | 4.828597031466171 × 10^295 |
| 3 | ov_003 | 4.2083313561960807 × 10^295 |
| 4 | ov_004 | 3.645138568810942 × 10^295 |
| 5 | ov_005 | 3.13623276057939 × 10^295 |
| 6 | ov_006 | 2.678978009071527 × 10^295 |
| 7 | ov_007 | 2.270878386490409 × 10^295 |
| 8 | ov_008 | 1.9095693177907526 × 10^295 |
| 9 | ov_009 | 1.590686921935956 × 10^295 |
| 10 | ov_010 | 1.3121079955018839 × 10^295 |
| 11 | ov_011 | 1.0718212887601581 × 10^295 |
| 12 | ov_012 | 8.661220849237156 × 10^294 |
| 13 | ov_013 | 6.915089684983961 × 10^294 |
| 14 | ov_014 | 5.44677900829918 × 10^294 |
| 15 | ov_015 | 4.225174911849144 × 10^294 |
| 16 | ov_016 | 3.22105346041838 × 10^294 |
| 17 | ov_017 | 2.4070535508384438 × 10^294 |
| 18 | ov_018 | 1.7576575099241993 × 10^294 |
| 19 | ov_019 | 1.2491778339224528 × 10^294 |
| 20 | ov_020 | 8.597486239295242 × 10^293 |
| 21 | ov_021 | 5.693204225477797 × 10^293 |
| 22 | ov_022 | 3.596573077917874 × 10^293 |
| 23 | ov_023 | 2.143352942028763 × 10^293 |
| 24 | ov_024 | 1.1874139596080785 × 10^293 |
| 25 | ov_025 | 6.007304159095442 × 10^292 |
| 26 | ov_026 | 2.7337722306587757 × 10^292 |
| 27 | ov_027 | 1.1352802964117413 × 10^292 |
| 28 | ov_028 | 4.745434196876878 × 10^291 |
| 29 | ov_029 | 1.9525187900246933 × 10^291 |
| 30 | ov_030 | 6.449441434899811 × 10^290 |
| 31 | ov_031 | 1.558642125927942 × 10^290 |
| 32 | lv_80_m31 | 3.76564647891921 × 10^289 |
| 33 | ov_033 | 4.54434645211282 × 10^290 |
| 34 | ov_034 | 3.933365381135127 × 10^290 |
| 35 | ov_035 | 3.386073613686563 × 10^290 |
| 36 | ov_036 | 2.8994031036706503 × 10^290 |
| 37 | ov_037 | 2.4704549215349625 × 10^290 |
| 38 | ov_038 | 2.0938902736031864 × 10^290 |
| 39 | ov_039 | 1.7646524955653965 × 10^290 |
| 40 | ov_040 | 1.4779495711274093 × 10^290 |
| 41 | ov_041 | 1.2292392237855298 × 10^290 |
| 42 | ov_042 | 1.0142163459327638 × 10^290 |
| 43 | ov_043 | 8.288025114202991 × 10^289 |
| 44 | ov_044 | 6.691373169163732 × 10^289 |
| 45 | ov_045 | 5.315713140316926 × 10^289 |
| 46 | ov_046 | 4.143317260621349 × 10^289 |
| 47 | ov_047 | 3.1574713715937904 × 10^289 |
| 48 | ov_048 | 2.3424548965343343 × 10^289 |
| 49 | ov_049 | 1.6835252087820592 × 10^289 |
| 50 | ov_050 | 1.1669056409746036 × 10^289 |
| 51 | ov_051 | 7.797766290068863 × 10^288 |
| 52 | ov_052 | 4.993478333407315 × 10^288 |
| 53 | ov_053 | 3.0472029356804753 × 10^288 |
| 54 | ov_054 | 1.7688261770156623 × 10^288 |
| 55 | ov_055 | 9.870891404441873 × 10^287 |
| 56 | ov_056 | 5.495771710140764 × 10^287 |
| 57 | ov_057 | 3.2271405895108344 × 10^287 |
| 58 | ov_058 | 1.917587151826935 × 10^287 |
| 59 | ov_059 | 1.040490746400655 × 10^287 |
| 60 | ov_060 | 5.016902195694961 × 10^286 |
| 61 | ov_061 | 2.0702521187400545 × 10^286 |
| 62 | ov_062 | 6.858824553147877 × 10^285 |
| 63 | ov_063 | 1.662811964294956 × 10^285 |
| 64 | lv_79_m31 | 4.029049358877469 × 10^284 |
| 65 | ov_065 | 4.772677904995142 × 10^285 |
| 66 | ov_066 | 4.7726655873270326 × 10^285 |
| 67 | ov_067 | 4.7726615958838 × 10^285 |
| 68 | ov_068 | 4.1473940258419064 × 10^285 |
| 69 | ov_069 | 3.5823056387811727 × 10^285 |
| 70 | ov_070 | 3.074208453103273 × 10^285 |
| 71 | ov_071 | 2.62011129797635 × 10^285 |
| 72 | ov_072 | 2.217206361563648 × 10^285 |
| 73 | ov_073 | 1.8628569079935125 × 10^285 |
| 74 | ov_074 | 1.5522590367677138 × 10^285 |
| 75 | ov_075 | 1.2808992527346315 × 10^285 |
| 76 | ov_076 | 1.0465911252389513 × 10^285 |
| 77 | ov_077 | 8.453517673691564 × 10^284 |
| 78 | ov_078 | 6.752522912304201 × 10^284 |
| 79 | ov_079 | 5.327850659857355 × 10^284 |
| 80 | ov_080 | 4.146632842498937 × 10^284 |
| 81 | ov_081 | 3.1781166241083774 × 10^284 |
| 82 | ov_082 | 2.393584423740064 × 10^284 |
| 83 | ov_083 | 1.7662859457352147 × 10^284 |
| 84 | ov_084 | 1.2713812246079863 × 10^284 |
| 85 | ov_085 | 8.858936890244027 × 10^283 |
| 86 | ov_086 | 5.886722504209756 × 10^283 |
| 87 | ov_087 | 3.6959352926265377 × 10^283 |
| 88 | ov_088 | 2.194254187552804 × 10^283 |
| 89 | ov_089 | 1.2234115182216036 × 10^283 |
| 90 | ov_090 | 6.425817358810284 × 10^282 |
| 91 | ov_091 | 3.283045136006622 × 10^282 |
| 92 | ov_092 | 1.7443857764375767 × 10^282 |
| 93 | ov_093 | 9.213691192732643 × 10^281 |
| 94 | ov_094 | 4.129752944026476 × 10^281 |
| 95 | aaa_78_28 | 1.328178815345727 × 10^281 |
| 96 | aaa_78_29 | 5.032005437776556 × 10^280 |
| 97 | ov_097 | 5.477534209033295 × 10^280 |
| 98 | ov_098 | 5.477369662336196 × 10^280 |
| 99 | ov_099 | 5.477317160929093 × 10^280 |
| 100 | ov_100 | 4.928633032723741 × 10^280 |
| 101 | ov_101 | 4.420536304485351 × 10^280 |
| 102 | ov_102 | 3.950787632719279 × 10^280 |
| 103 | ov_103 | 3.517309469868658 × 10^280 |
| 104 | ov_104 | 3.118165146058693 × 10^280 |
| 105 | ov_105 | 2.7515401217975387 × 10^280 |
| 106 | ov_106 | 2.4157252933653403 × 10^280 |
| 107 | ov_107 | 2.109102015720036 × 10^280 |
| 108 | ov_108 | 1.8301285120718344 × 10^280 |
| 109 | ov_109 | 1.5773277870002843 × 10^280 |
| 110 | ov_110 | 1.349276978710491 × 10^280 |
| 111 | ov_111 | 1.1445978662790477 × 10^280 |
| 112 | ov_112 | 9.619484579155652 × 10^279 |
| 113 | ov_113 | 8.000155876621379 × 10^279 |
| 114 | ov_114 | 6.575084485527455 × 10^279 |
| 115 | ov_115 | 5.331529909751335 × 10^279 |
| 116 | ov_116 | 4.256872280194882 × 10^279 |
| 117 | ov_117 | 3.338574899053492 × 10^279 |
| 118 | ov_118 | 2.5641553346450288 × 10^279 |
| 119 | ov_119 | 1.9211641275267833 × 10^279 |
| 120 | ov_120 | 1.3971701691020835 × 10^279 |
| 121 | ov_121 | 9.79751814148256 × 10^278 |
| 122 | ov_122 | 6.56492365335288 × 10^278 |
| 123 | ov_123 | 4.149779555077199 × 10^278 |
| 124 | ov_124 | 2.4279631503385713 × 10^278 |
| 125 | ov_125 | 1.2753596305877288 × 10^278 |
| 126 | ov_126 | 5.678574232524774 × 10^277 |
| 127 | aaa_77_28 | 1.8134598999015133 × 10^277 |
| 128 | aaa_77_29 | 6.796631069421813 × 10^276 |
| 129 | ov_129 | 6.306031689405315 × 10^276 |
| 130 | ov_130 | 6.306015616005982 × 10^276 |
| 131 | ov_131 | 6.306010447956402 × 10^276 |
| 132 | ov_132 | 5.47751613685121 × 10^276 |
| 133 | ov_133 | 4.730553262046228 × 10^276 |
| 134 | ov_134 | 4.061200764016433 × 10^276 |
| 135 | ov_135 | 3.4657619352152916 × 10^276 |
| 136 | ov_136 | 2.940747864141775 × 10^276 |
| 137 | ov_137 | 2.4797472062014704 × 10^276 |
| 138 | ov_138 | 2.0766978248462875 × 10^276 |
| 139 | ov_139 | 1.7258658574368554 × 10^276 |
| 140 | ov_140 | 1.4218277636475747 × 10^276 |
| 141 | ov_141 | 1.1594550749973076 × 10^276 |
| 142 | ov_142 | 9.339015331604657 × 10^275 |
| 143 | ov_143 | 7.428130935485077 × 10^275 |
| 144 | ov_144 | 5.8187754774472586 × 10^275 |
| 145 | ov_145 | 4.470380551179837 × 10^275 |
| 146 | ov_146 | 3.363292313182615 × 10^275 |
| 147 | ov_147 | 2.4618889976740352 × 10^275 |
| 148 | ov_148 | 1.7489674737316493 × 10^275 |
| 149 | ov_149 | 1.1937131945038288 × 10^275 |
| 150 | ov_150 | 7.813139860449649 × 10^274 |
| 151 | ov_151 | 4.856900236213891 × 10^274 |
| 152 | ov_152 | 2.8311567928479723 × 10^274 |
| 153 | ov_153 | 1.5221536060988482 × 10^274 |
| 154 | ov_154 | 7.396135646462555 × 10^273 |
| 155 | ov_155 | 3.1672796073223004 × 10^273 |
| 156 | aaa_76_25 | 1.1015161641400503 × 10^273 |
| 157 | aaa_76_26 | 6.780406605424815 × 10^272 |
| 158 | aaa_76_27 | 3.718606708129565 × 10^272 |
| 159 | aaa_76_28 | 1.753036472008692 × 10^272 |
| 160 | aaa_76_29 | 6.603778517022006 × 10^271 |

### Output Bits Sorted by Complexity

| Rank | Output Bit | Complexity |
|:----:|:----------:|:----------:|
| 160 | aaa_76_29 | 6.603778517022006 × 10^271 |
| 159 | aaa_76_28 | 1.753036472008692 × 10^272 |
| 158 | aaa_76_27 | 3.718606708129565 × 10^272 |
| 157 | aaa_76_26 | 6.780406605424815 × 10^272 |
| 156 | aaa_76_25 | 1.1015161641400503 × 10^273 |
| 155 | ov_155 | 3.1672796073223004 × 10^273 |
| 154 | ov_154 | 7.396135646462555 × 10^273 |
| 153 | ov_153 | 1.5221536060988482 × 10^274 |
| 152 | ov_152 | 2.8311567928479723 × 10^274 |
| 151 | ov_151 | 4.856900236213891 × 10^274 |
| 150 | ov_150 | 7.813139860449649 × 10^274 |
| 149 | ov_149 | 1.1937131945038288 × 10^275 |
| 148 | ov_148 | 1.7489674737316493 × 10^275 |
| 147 | ov_147 | 2.4618889976740352 × 10^275 |
| 146 | ov_146 | 3.363292313182615 × 10^275 |
| 145 | ov_145 | 4.470380551179837 × 10^275 |
| 144 | ov_144 | 5.8187754774472586 × 10^275 |
| 143 | ov_143 | 7.428130935485077 × 10^275 |
| 142 | ov_142 | 9.339015331604657 × 10^275 |
| 141 | ov_141 | 1.1594550749973076 × 10^276 |
| 140 | ov_140 | 1.4218277636475747 × 10^276 |
| 139 | ov_139 | 1.7258658574368554 × 10^276 |
| 138 | ov_138 | 2.0766978248462875 × 10^276 |
| 137 | ov_137 | 2.4797472062014704 × 10^276 |
| 136 | ov_136 | 2.940747864141775 × 10^276 |
| 135 | ov_135 | 3.4657619352152916 × 10^276 |
| 134 | ov_134 | 4.061200764016433 × 10^276 |
| 133 | ov_133 | 4.730553262046228 × 10^276 |
| 132 | ov_132 | 5.47751613685121 × 10^276 |
| 131 | ov_131 | 6.306010447956402 × 10^276 |
| 130 | ov_130 | 6.306015616005982 × 10^276 |
| 129 | ov_129 | 6.306031689405315 × 10^276 |
| 128 | aaa_77_29 | 6.796631069421813 × 10^276 |
| 127 | aaa_77_28 | 1.8134598999015133 × 10^277 |
| 126 | ov_126 | 5.678574232524774 × 10^277 |
| 125 | ov_125 | 1.2753596305877288 × 10^278 |
| 124 | ov_124 | 2.4279631503385713 × 10^278 |
| 123 | ov_123 | 4.149779555077199 × 10^278 |
| 122 | ov_122 | 6.56492365335288 × 10^278 |
| 121 | ov_121 | 9.79751814148256 × 10^278 |
| 120 | ov_120 | 1.3971701691020835 × 10^279 |
| 119 | ov_119 | 1.9211641275267833 × 10^279 |
| 118 | ov_118 | 2.5641553346450288 × 10^279 |
| 117 | ov_117 | 3.338574899053492 × 10^279 |
| 116 | ov_116 | 4.256872280194882 × 10^279 |
| 115 | ov_115 | 5.331529909751335 × 10^279 |
| 114 | ov_114 | 6.575084485527455 × 10^279 |
| 113 | ov_113 | 8.000155876621379 × 10^279 |
| 112 | ov_112 | 9.619484579155652 × 10^279 |
| 111 | ov_111 | 1.1445978662790477 × 10^280 |
| 110 | ov_110 | 1.349276978710491 × 10^280 |
| 109 | ov_109 | 1.5773277870002843 × 10^280 |
| 108 | ov_108 | 1.8301285120718344 × 10^280 |
| 107 | ov_107 | 2.109102015720036 × 10^280 |
| 106 | ov_106 | 2.4157252933653403 × 10^280 |
| 105 | ov_105 | 2.7515401217975387 × 10^280 |
| 104 | ov_104 | 3.118165146058693 × 10^280 |
| 103 | ov_103 | 3.517309469868658 × 10^280 |
| 102 | ov_102 | 3.950787632719279 × 10^280 |
| 101 | ov_101 | 4.420536304485351 × 10^280 |
| 100 | ov_100 | 4.928633032723741 × 10^280 |
| 96 | aaa_78_29 | 5.032005437776556 × 10^280 |
| 99 | ov_099 | 5.477317160929093 × 10^280 |
| 98 | ov_098 | 5.477369662336196 × 10^280 |
| 97 | ov_097 | 5.477534209033295 × 10^280 |
| 95 | aaa_78_28 | 1.328178815345727 × 10^281 |
| 94 | ov_094 | 4.129752944026476 × 10^281 |
| 93 | ov_093 | 9.213691192732643 × 10^281 |
| 92 | ov_092 | 1.7443857764375767 × 10^282 |
| 91 | ov_091 | 3.283045136006622 × 10^282 |
| 90 | ov_090 | 6.425817358810284 × 10^282 |
| 89 | ov_089 | 1.2234115182216036 × 10^283 |
| 88 | ov_088 | 2.194254187552804 × 10^283 |
| 87 | ov_087 | 3.6959352926265377 × 10^283 |
| 86 | ov_086 | 5.886722504209756 × 10^283 |
| 85 | ov_085 | 8.858936890244027 × 10^283 |
| 84 | ov_084 | 1.2713812246079863 × 10^284 |
| 83 | ov_083 | 1.7662859457352147 × 10^284 |
| 82 | ov_082 | 2.393584423740064 × 10^284 |
| 81 | ov_081 | 3.1781166241083774 × 10^284 |
| 64 | lv_79_m31 | 4.029049358877469 × 10^284 |
| 80 | ov_080 | 4.146632842498937 × 10^284 |
| 79 | ov_079 | 5.327850659857355 × 10^284 |
| 78 | ov_078 | 6.752522912304201 × 10^284 |
| 77 | ov_077 | 8.453517673691564 × 10^284 |
| 76 | ov_076 | 1.0465911252389513 × 10^285 |
| 75 | ov_075 | 1.2808992527346315 × 10^285 |
| 74 | ov_074 | 1.5522590367677138 × 10^285 |
| 63 | ov_063 | 1.662811964294956 × 10^285 |
| 73 | ov_073 | 1.8628569079935125 × 10^285 |
| 72 | ov_072 | 2.217206361563648 × 10^285 |
| 71 | ov_071 | 2.62011129797635 × 10^285 |
| 70 | ov_070 | 3.074208453103273 × 10^285 |
| 69 | ov_069 | 3.5823056387811727 × 10^285 |
| 68 | ov_068 | 4.1473940258419064 × 10^285 |
| 67 | ov_067 | 4.7726615958838 × 10^285 |
| 66 | ov_066 | 4.7726655873270326 × 10^285 |
| 65 | ov_065 | 4.772677904995142 × 10^285 |
| 62 | ov_062 | 6.858824553147877 × 10^285 |
| 61 | ov_061 | 2.0702521187400545 × 10^286 |
| 60 | ov_060 | 5.016902195694961 × 10^286 |
| 59 | ov_059 | 1.040490746400655 × 10^287 |
| 58 | ov_058 | 1.917587151826935 × 10^287 |
| 57 | ov_057 | 3.2271405895108344 × 10^287 |
| 56 | ov_056 | 5.495771710140764 × 10^287 |
| 55 | ov_055 | 9.870891404441873 × 10^287 |
| 54 | ov_054 | 1.7688261770156623 × 10^288 |
| 53 | ov_053 | 3.0472029356804753 × 10^288 |
| 52 | ov_052 | 4.993478333407315 × 10^288 |
| 51 | ov_051 | 7.797766290068863 × 10^288 |
| 50 | ov_050 | 1.1669056409746036 × 10^289 |
| 49 | ov_049 | 1.6835252087820592 × 10^289 |
| 48 | ov_048 | 2.3424548965343343 × 10^289 |
| 47 | ov_047 | 3.1574713715937904 × 10^289 |
| 32 | lv_80_m31 | 3.76564647891921 × 10^289 |
| 46 | ov_046 | 4.143317260621349 × 10^289 |
| 45 | ov_045 | 5.315713140316926 × 10^289 |
| 44 | ov_044 | 6.691373169163732 × 10^289 |
| 43 | ov_043 | 8.288025114202991 × 10^289 |
| 42 | ov_042 | 1.0142163459327638 × 10^290 |
| 41 | ov_041 | 1.2292392237855298 × 10^290 |
| 40 | ov_040 | 1.4779495711274093 × 10^290 |
| 31 | ov_031 | 1.558642125927942 × 10^290 |
| 39 | ov_039 | 1.7646524955653965 × 10^290 |
| 38 | ov_038 | 2.0938902736031864 × 10^290 |
| 37 | ov_037 | 2.4704549215349625 × 10^290 |
| 36 | ov_036 | 2.8994031036706503 × 10^290 |
| 35 | ov_035 | 3.386073613686563 × 10^290 |
| 34 | ov_034 | 3.933365381135127 × 10^290 |
| 33 | ov_033 | 4.54434645211282 × 10^290 |
| 30 | ov_030 | 6.449441434899811 × 10^290 |
| 29 | ov_029 | 1.9525187900246933 × 10^291 |
| 28 | ov_028 | 4.745434196876878 × 10^291 |
| 27 | ov_027 | 1.1352802964117413 × 10^292 |
| 26 | ov_026 | 2.7337722306587757 × 10^292 |
| 25 | ov_025 | 6.007304159095442 × 10^292 |
| 24 | ov_024 | 1.1874139596080785 × 10^293 |
| 23 | ov_023 | 2.143352942028763 × 10^293 |
| 22 | ov_022 | 3.596573077917874 × 10^293 |
| 21 | ov_021 | 5.693204225477797 × 10^293 |
| 20 | ov_020 | 8.597486239295242 × 10^293 |
| 19 | ov_019 | 1.2491778339224528 × 10^294 |
| 18 | ov_018 | 1.7576575099241993 × 10^294 |
| 17 | ov_017 | 2.4070535508384438 × 10^294 |
| 16 | ov_016 | 3.22105346041838 × 10^294 |
| 15 | ov_015 | 4.225174911849144 × 10^294 |
| 14 | ov_014 | 5.44677900829918 × 10^294 |
| 13 | ov_013 | 6.915089684983961 × 10^294 |
| 12 | ov_012 | 8.661220849237156 × 10^294 |
| 11 | ov_011 | 1.0718212887601581 × 10^295 |
| 10 | ov_010 | 1.3121079955018839 × 10^295 |
| 9 | ov_009 | 1.590686921935956 × 10^295 |
| 8 | ov_008 | 1.9095693177907526 × 10^295 |
| 7 | ov_007 | 2.270878386490409 × 10^295 |
| 6 | ov_006 | 2.678978009071527 × 10^295 |
| 5 | ov_005 | 3.13623276057939 × 10^295 |
| 4 | ov_004 | 3.645138568810942 × 10^295 |
| 3 | ov_003 | 4.2083313561960807 × 10^295 |
| 2 | ov_002 | 4.828597031466171 × 10^295 |
| 1 | ov_001 | 5.50888300342014 × 10^295 |

