# Results for F001-F002-F003-F004-F005-F006-F007-F008-F009-F010-F011-F012-F013-F014-F015-F016-F017-F018-F019-F020-F021-F022-F023-F024-F025-F026-F027-F028-F029-F030-F031-F032-F033-F034-F035-F036-F037-F038-F039-F040-F041-F042-F043-F044-F045-F046-F047-F048-F049-F050-F051-F052-F053-F054-F055-F056-F057-F058-F059-F060-F061-F062-F063-F064-F065-F066-F067-F068-F069-F070-F071-F072-F073-F074-F075-F076-F077-F078-F079-F080-F081-F082-F083-F084-F085-F086-F087-F088-F089-F090-F091-F092-F093-F094-F095-F096-F097-F098-F099-F100-F101-F102-F103-F104-F105-F106-F107-F108-F109-F110-F111-F112-F113-F114-F115-F116-F117-F118-F119-F120-F121-F122-F123-F124-F125-F126-F127-F128-F129-F130-F131-F132-F133-F134-F135-F136-F137-F138-F139-F140-F141-F142-F143-F144-F145-F146-F147-F148-F149-F150-F151-F152-F153-F154-F155-F156-F157-F158-F159-F160-F161-F162-F163-F164-F165-F166-F167-F168-F169-F170-F171-F172-F173-F174-F175-F176-F177-F178-F179-F180-F181-F182-F183-F184-F185-F186-F187-F188-F189-F190-F191-F192-F193-F194-F195-F196-F197-F198-F199-F200-F201-F202-F203-F204-F205-F206-F207-F208-F209-F210-F211-F212-F213-F214-F215-F216-F217-F218-F219-F220-F221-F222-F223-F224-F225-F226-F227-F228-F229-F230-F231-F232-F233-F234-F235-F236-F237-F238-F239-F240-F241-F242-F243-F244-F245-F246-F247-F248-F249-F250-F251-F252-F253-F254-F255-F256-F257-F258-F259-F260-F261-F262-F263-F264-F265-F266-F267-F268-F269-F270-F271-F272-F273-F274-F275-F276-F277-F278-F279-F280-F281-F282-F283-F284-F285-F286-F287-F288-F289-F290-F291-F292-F293-F294-F295-F296-F297-F298-F299-F300-F301-F302-F303-F304-F305-F306-F307-F308-F309-F310-F311-F312-F313-F314-F315-F316-F317-F318-F319-F320-F321-F322-F323-F324-F325-F326-F327-F328-F329-F330-F331-F332-F333-F334-F335-F336-F337-F338-F339-F340-F341-F342-F343-F344-F345-F346-F347-F348-F349-F350-F351-F352-F353-F354-F355-F356-F357-F358-F359-F360-F361-F362-F363-F364-F365-F366-F367-F368-F369-F370-F371-F372-F373-F374-F375-F376-F377-F378-F379-F380-F381-F382-F383-F384-F385-F386-F387-F388-F389-F390-F391-F392-F393-F394-F395-F396-F397-F398-F399-F400-F401-F402-F403-F404-F405-F406-F407-F408-F409-F410-F411-F412-F413-F414-F415-F416-F417-F418-F419-F420-F421-F422-F423-F424-F425-F426-F427-F428-F429-F430-F431-F432-F433-F434-F435-F436-F437-F438-F439-F440-F441-F442-F443-F444-F445-F446-F447-F448-F449-F450-F451-F452-F453-F454-F455-F456-F457-F458-F459-F460-F461-F462-F463-F464-F465-F466-F467-F468-F469-F470-F471-F472-F473-F474-F475-F476-F477-F478-F479-F480-F481-F482-F483-F484-F485-F486-F487-F488-F489-F490-F491-F492-F493-F494-F495-F496-F497-F498-F499-F500-F501-F502-F503-F504-E505506-E505507-E506510-E508511

## Summary

Number of input bits: 512  
Number of free input bits: 4  
Number of output bits: 160

Number of direct occurrences: 17315  
Number of assignments: 30482  
Number of operations: 10901487
(xor: 10871318,
and: 17376,
or: 12793)

Total complexity: 7.311749404516959 × 10^296

Least occurring input variable: iv_509 (4055)  
Most occurring input variable: iv_505 (4624)

Most co-occurring input variables: iv_508-iv_512 (2068)  
Least co-occurring input variables: iv_508-iv_509 (1952)

Potentially most occurring input variable: iv_505/iv_508 (4867)  
Potentially least occurring input variable: iv_509/iv_512 (4376)

Least output occurring input variable: iv_508 (74)  
Most output occurring input variable: iv_505 (86)

Most output co-occurring input variables: iv_505-iv_512 (44)  
Least output co-occurring input variables: iv_508-iv_512 (34)

Potentially most output occurring input variable: iv_505/iv_509 (86)  
Potentially least output occurring input variable: iv_508/iv_509 (68)

Least complex input bit: iv_512 (1.009786630712456 × 10^296)  
Most complex input bit: iv_505 (2.8581268976876665 × 10^296)

Least complex output bit: aaa_76_29 (1.3187307157139966 × 10^272)  
Most complex output bit: ov_001 (1.1235173657005055 × 10^296)

Least complex input/output complexity: iv_512/aaa_76_29 (1.8212285084814584 × 10^271)  
Most complex input/output complexity:  (4.3917741504434697 × 10^295)

Input variable with highest collision probability: iv_508 (½^160.00000000000065)

## Input Bits

### Input Bits in Regular Order

| Input Bit | Complexity | Occurrences | Output Occurrences | Collision Probability |
|:---------:|:----------:|:-----------:|:------------------:|:---------------------:|
| iv_505 | 2.8581268976876665 × 10^296 | 4624 | 86 | ½^160.00000000000068 |
| iv_508 | 1.8769916560051246 × 10^296 | 4353 | 74 | ½^160.00000000000065 |
| iv_509 | 1.5668442201117198 × 10^296 | 4055 | 78 | ½^160.00000000000102 |
| iv_512 | 1.009786630712456 × 10^296 | 4283 | 78 | ½^160.0000000000007 |

### Input Bits Sorted by Complexity

| Input Bit | Complexity | Occurrences | Output Occurrences | Collision Probability |
|:---------:|:----------:|:-----------:|:------------------:|:---------------------:|
| iv_512 | 1.009786630712456 × 10^296 | 4283 | 78 | ½^160.0000000000007 |
| iv_509 | 1.5668442201117198 × 10^296 | 4055 | 78 | ½^160.00000000000102 |
| iv_508 | 1.8769916560051246 × 10^296 | 4353 | 74 | ½^160.00000000000065 |
| iv_505 | 2.8581268976876665 × 10^296 | 4624 | 86 | ½^160.00000000000068 |

### Input Bits Sorted by Occurrences

| Input Bit | Complexity | Occurrences | Output Occurrences | Collision Probability |
|:---------:|:----------:|:-----------:|:------------------:|:---------------------:|
| iv_509 | 1.5668442201117198 × 10^296 | 4055 | 78 | ½^160.00000000000102 |
| iv_512 | 1.009786630712456 × 10^296 | 4283 | 78 | ½^160.0000000000007 |
| iv_508 | 1.8769916560051246 × 10^296 | 4353 | 74 | ½^160.00000000000065 |
| iv_505 | 2.8581268976876665 × 10^296 | 4624 | 86 | ½^160.00000000000068 |

### Input Bits Sorted by Output Occurrences

| Input Bit | Complexity | Occurrences | Output Occurrences | Collision Probability |
|:---------:|:----------:|:-----------:|:------------------:|:---------------------:|
| iv_508 | 1.8769916560051246 × 10^296 | 4353 | 74 | ½^160.00000000000065 |
| iv_509 | 1.5668442201117198 × 10^296 | 4055 | 78 | ½^160.00000000000102 |
| iv_512 | 1.009786630712456 × 10^296 | 4283 | 78 | ½^160.0000000000007 |
| iv_505 | 2.8581268976876665 × 10^296 | 4624 | 86 | ½^160.00000000000068 |

### Input Bits Sorted by Collision Probability

| Input Bit | Complexity | Occurrences | Output Occurrences | Collision Probability |
|:---------:|:----------:|:-----------:|:------------------:|:---------------------:|
| iv_508 | 1.8769916560051246 × 10^296 | 4353 | 74 | ½^160.00000000000065 |
| iv_505 | 2.8581268976876665 × 10^296 | 4624 | 86 | ½^160.00000000000068 |
| iv_512 | 1.009786630712456 × 10^296 | 4283 | 78 | ½^160.0000000000007 |
| iv_509 | 1.5668442201117198 × 10^296 | 4055 | 78 | ½^160.00000000000102 |

## Input Bit/Output Bit Collision Probabilities

| Input Bit | Output Bit | Collision Probability |
|:---------:|:----------:|:---------------------:|
| iv_505 | ov_034 | 0.5000000000000024 |
| iv_505 | lv_79_m31 | 0.5000000000000018 |
| iv_508 | aaa_77_28 | 0.5000000000000018 |
| iv_512 | ov_034 | 0.5000000000000018 |

## Input Bit Co-occurrences

### Input Bit Co-occurrences Sorted by Co-occurrences

| Input Bits | Co-occurrences | Potential Occurrences | Output Co-occurrences | Potential Output Occurrences |
|:----------:|:--------------:|:---------------------:|:---------------------:|:----------------------------:|
| iv_508-iv_512 | 2068 | 4500 | 34 | 84 |
| iv_505-iv_508 | 2055 | 4867 | 41 | 78 |
| iv_505-iv_512 | 2022 | 4863 | 44 | 76 |
| iv_505-iv_509 | 2003 | 4673 | 39 | 86 |

### Input Bit Co-occurrences Sorted by Potential Occurrences

| Input Bits | Co-occurrences | Potential Occurrences | Output Co-occurrences | Potential Output Occurrences |
|:----------:|:--------------:|:---------------------:|:---------------------:|:----------------------------:|
| iv_509-iv_512 | 1981 | 4376 | 37 | 82 |
| iv_508-iv_512 | 2068 | 4500 | 34 | 84 |
| iv_508-iv_509 | 1952 | 4504 | 42 | 68 |
| iv_505-iv_509 | 2003 | 4673 | 39 | 86 |

### Input Bit Output Co-occurrences Sorted by Output Co-occurrences

| Input Bits | Co-occurrences | Potential Occurrences | Output Co-occurrences | Potential Output Occurrences |
|:----------:|:--------------:|:---------------------:|:---------------------:|:----------------------------:|
| iv_505-iv_512 | 2022 | 4863 | 44 | 76 |
| iv_508-iv_509 | 1952 | 4504 | 42 | 68 |
| iv_505-iv_508 | 2055 | 4867 | 41 | 78 |
| iv_505-iv_509 | 2003 | 4673 | 39 | 86 |

### Input Bit Output Co-occurrences Sorted by Potential Output Occurrences

| Input Bits | Co-occurrences | Potential Occurrences | Output Co-occurrences | Potential Output Occurrences |
|:----------:|:--------------:|:---------------------:|:---------------------:|:----------------------------:|
| iv_508-iv_509 | 1952 | 4504 | 42 | 68 |
| iv_505-iv_512 | 2022 | 4863 | 44 | 76 |
| iv_505-iv_508 | 2055 | 4867 | 41 | 78 |
| iv_509-iv_512 | 1981 | 4376 | 37 | 82 |

## Output Bits

### Output Bits in Regular Order

| Rank | Output Bit | Complexity |
|:----:|:----------:|:----------:|
| 1 | ov_001 | 1.1235173657005055 × 10^296 |
| 2 | ov_002 | 9.845857030656718 × 10^295 |
| 3 | ov_003 | 8.580100454825462 × 10^295 |
| 4 | ov_004 | 7.431719001723316 × 10^295 |
| 5 | ov_005 | 6.394866631638707 × 10^295 |
| 6 | ov_006 | 5.464012032712875 × 10^295 |
| 7 | ov_007 | 4.633917654935834 × 10^295 |
| 8 | ov_008 | 3.8996215767043066 × 10^295 |
| 9 | ov_009 | 3.251966431926571 × 10^295 |
| 10 | ov_010 | 2.686496791169732 × 10^295 |
| 11 | ov_011 | 2.1989921488397898 × 10^295 |
| 12 | ov_012 | 1.7816783326154674 × 10^295 |
| 13 | ov_013 | 1.427207781760135 × 10^295 |
| 14 | ov_014 | 1.1286471165570995 × 10^295 |
| 15 | ov_015 | 8.794672163160812 × 10^294 |
| 16 | ov_016 | 6.735355597473239 × 10^294 |
| 17 | ov_017 | 5.051105307579475 × 10^294 |
| 18 | ov_018 | 3.688373478392457 × 10^294 |
| 19 | ov_019 | 2.6213491056663333 × 10^294 |
| 20 | ov_020 | 1.8041474579931723 × 10^294 |
| 21 | ov_021 | 1.194695530520908 × 10^294 |
| 22 | ov_022 | 7.547259491683687 × 10^293 |
| 23 | ov_023 | 4.497736172918056 × 10^293 |
| 24 | ov_024 | 2.4917375112441426 × 10^293 |
| 25 | ov_025 | 1.2606065274084836 × 10^293 |
| 26 | ov_026 | 5.736697301783259 × 10^292 |
| 27 | ov_027 | 2.382331554538957 × 10^292 |
| 28 | ov_028 | 9.958052597583143 × 10^291 |
| 29 | ov_029 | 4.097254735192212 × 10^291 |
| 30 | ov_030 | 1.3533775604325987 × 10^291 |
| 31 | ov_031 | 3.270710953052079 × 10^290 |
| 32 | lv_80_m31 | 7.901946229321895 × 10^289 |
| 33 | ov_033 | 9.535770262858663 × 10^290 |
| 34 | ov_034 | 8.253644182451215 × 10^290 |
| 35 | ov_035 | 7.105167471849954 × 10^290 |
| 36 | ov_036 | 6.0839059801712135 × 10^290 |
| 37 | ov_037 | 5.183778896161397 × 10^290 |
| 38 | ov_038 | 4.393584273145153 × 10^290 |
| 39 | ov_039 | 3.702710479015897 × 10^290 |
| 40 | ov_040 | 3.101100193850159 × 10^290 |
| 41 | ov_041 | 2.5792197525753563 × 10^290 |
| 42 | ov_042 | 2.128033220895413 × 10^290 |
| 43 | ov_043 | 1.738980630906991 × 10^290 |
| 44 | ov_044 | 1.4039598686002322 × 10^290 |
| 45 | ov_045 | 1.1153117989600582 × 10^290 |
| 46 | ov_046 | 8.693159307196474 × 10^289 |
| 47 | ov_047 | 6.624645813597816 × 10^289 |
| 48 | ov_048 | 4.914586540471692 × 10^289 |
| 49 | ov_049 | 3.5320434135736297 × 10^289 |
| 50 | ov_050 | 2.4481059677853 × 10^289 |
| 51 | ov_051 | 1.6358726723058482 × 10^289 |
| 52 | ov_052 | 1.0475197779917171 × 10^289 |
| 53 | ov_053 | 6.391932679383659 × 10^288 |
| 54 | ov_054 | 3.7100082175120384 × 10^288 |
| 55 | ov_055 | 2.0700745440949676 × 10^288 |
| 56 | ov_056 | 1.1523325127980541 × 10^288 |
| 57 | ov_057 | 6.765214147368632 × 10^287 |
| 58 | ov_058 | 4.019119677914655 × 10^287 |
| 59 | ov_059 | 2.180217534506405 × 10^287 |
| 60 | ov_060 | 1.050881056081237 × 10^287 |
| 61 | ov_061 | 4.334852565387215 × 10^286 |
| 62 | ov_062 | 1.4355500164678804 × 10^286 |
| 63 | ov_063 | 3.4785417289570836 × 10^285 |
| 64 | lv_79_m31 | 8.424222362474814 × 10^284 |
| 65 | ov_065 | 9.970332196538797 × 10^285 |
| 66 | ov_066 | 9.970306218779106 × 10^285 |
| 67 | ov_067 | 9.970297800612583 × 10^285 |
| 68 | ov_068 | 8.655356056130864 × 10^285 |
| 69 | ov_069 | 7.468222310927626 × 10^285 |
| 70 | ov_070 | 6.402172403698799 × 10^285 |
| 71 | ov_071 | 5.450897386684304 × 10^285 |
| 72 | ov_072 | 4.608475149321783 × 10^285 |
| 73 | ov_073 | 3.869344504540792 × 10^285 |
| 74 | ov_074 | 3.2233737336143545 × 10^285 |
| 75 | ov_075 | 2.6610437745565667 × 10^285 |
| 76 | ov_076 | 2.177743439641491 × 10^285 |
| 77 | ov_077 | 1.7650730287502576 × 10^285 |
| 78 | ov_078 | 1.415146987905131 × 10^285 |
| 79 | ov_079 | 1.1205681447819121 × 10^285 |
| 80 | ov_080 | 8.7440511704624 × 10^284 |
| 81 | ov_081 | 6.701726795209519 × 10^284 |
| 82 | ov_082 | 5.047374830728483 × 10^284 |
| 83 | ov_083 | 3.724584930862574 × 10^284 |
| 84 | ov_084 | 2.680975684125788 × 10^284 |
| 85 | ov_085 | 1.8680954983696643 × 10^284 |
| 86 | ov_086 | 1.2413425349456741 × 10^284 |
| 87 | ov_087 | 7.793694297326128 × 10^283 |
| 88 | ov_088 | 4.627083486452678 × 10^283 |
| 89 | ov_089 | 2.579853665871319 × 10^283 |
| 90 | ov_090 | 1.3550461804522323 × 10^283 |
| 91 | ov_091 | 6.923203824463748 × 10^282 |
| 92 | ov_092 | 3.67855971073521 × 10^282 |
| 93 | ov_093 | 1.9430051114365407 × 10^282 |
| 94 | ov_094 | 8.709042450706102 × 10^281 |
| 95 | aaa_78_28 | 2.80097578930175 × 10^281 |
| 96 | aaa_78_29 | 1.0612164857674707 × 10^281 |
| 97 | ov_097 | 1.1555726199904895 × 10^281 |
| 98 | ov_098 | 1.155537708492302 × 10^281 |
| 99 | ov_099 | 1.1555265569154202 × 10^281 |
| 100 | ov_100 | 1.0398396313198072 × 10^281 |
| 101 | ov_101 | 9.327051050306928 × 10^280 |
| 102 | ov_102 | 8.336499437332773 × 10^280 |
| 103 | ov_103 | 7.422356775886033 × 10^280 |
| 104 | ov_104 | 6.580540122607062 × 10^280 |
| 105 | ov_105 | 5.807228705164566 × 10^280 |
| 106 | ov_106 | 5.098827942956538 × 10^280 |
| 107 | ov_107 | 4.4519363819055395 × 10^280 |
| 108 | ov_108 | 3.863315795628894 × 10^280 |
| 109 | ov_109 | 3.3298647123075084 × 10^280 |
| 110 | ov_110 | 2.848595165096398 × 10^280 |
| 111 | ov_111 | 2.416612126541373 × 10^280 |
| 112 | ov_112 | 2.0310950908891665 × 10^280 |
| 113 | ov_113 | 1.6892819543965168 × 10^280 |
| 114 | ov_114 | 1.3884553456187893 × 10^280 |
| 115 | ov_115 | 1.125931217140089 × 10^280 |
| 116 | ov_116 | 8.990495110785134 × 10^279 |
| 117 | ov_117 | 7.05166711257888 × 10^279 |
| 118 | ov_118 | 5.416500952582017 × 10^279 |
| 119 | ov_119 | 4.058734997251111 × 10^279 |
| 120 | ov_120 | 2.952144124043763 × 10^279 |
| 121 | ov_121 | 2.0705220440864165 × 10^279 |
| 122 | ov_122 | 1.3876723198790054 × 10^279 |
| 123 | ov_123 | 8.7740415185495 × 10^278 |
| 124 | ov_124 | 5.135299247550321 × 10^278 |
| 125 | ov_125 | 2.6986359666702685 × 10^278 |
| 126 | ov_126 | 1.2021977160250689 × 10^278 |
| 127 | aaa_77_28 | 3.841326015499923 × 10^277 |
| 128 | aaa_77_29 | 1.4408549868546817 × 10^277 |
| 129 | ov_129 | 1.3332712256202543 × 10^277 |
| 130 | ov_130 | 1.3332680134427466 × 10^277 |
| 131 | ov_131 | 1.333266979607744 × 10^277 |
| 132 | ov_132 | 1.1591595573236238 × 10^277 |
| 133 | ov_133 | 1.0018233070216464 × 10^277 |
| 134 | ov_134 | 8.604801543635818 × 10^276 |
| 135 | ov_135 | 7.343967101521506 × 10^276 |
| 136 | ov_136 | 6.228809413240215 × 10^276 |
| 137 | ov_137 | 5.246613735935402 × 10^276 |
| 138 | ov_138 | 4.3853584420913206 × 10^276 |
| 139 | ov_139 | 3.633672635557737 × 10^276 |
| 140 | ov_140 | 2.9807997836280977 × 10^276 |
| 141 | ov_141 | 2.416566856988296 × 10^276 |
| 142 | ov_142 | 1.936029685562377 × 10^276 |
| 143 | ov_143 | 1.530108944257118 × 10^276 |
| 144 | ov_144 | 1.1902439406085277 × 10^276 |
| 145 | ov_145 | 9.083786219282901 × 10^275 |
| 146 | ov_146 | 6.769505811267879 × 10^275 |
| 147 | ov_147 | 4.9230082437263254 × 10^275 |
| 148 | ov_148 | 3.478310022525595 × 10^275 |
| 149 | ov_149 | 2.3741703804579563 × 10^275 |
| 150 | ov_150 | 1.5540592726862356 × 10^275 |
| 151 | ov_151 | 9.661361668540144 × 10^274 |
| 152 | ov_152 | 5.632368759905609 × 10^274 |
| 153 | ov_153 | 3.0286604410502155 × 10^274 |
| 154 | ov_154 | 1.4719325607934825 × 10^274 |
| 155 | ov_155 | 6.305115794467763 × 10^273 |
| 156 | aaa_76_25 | 2.1934576780331987 × 10^273 |
| 157 | aaa_76_26 | 1.350892683543538 × 10^273 |
| 158 | aaa_76_27 | 7.413967697178767 × 10^272 |
| 159 | aaa_76_28 | 3.497938744929818 × 10^272 |
| 160 | aaa_76_29 | 1.3187307157139966 × 10^272 |

### Output Bits Sorted by Complexity

| Rank | Output Bit | Complexity |
|:----:|:----------:|:----------:|
| 160 | aaa_76_29 | 1.3187307157139966 × 10^272 |
| 159 | aaa_76_28 | 3.497938744929818 × 10^272 |
| 158 | aaa_76_27 | 7.413967697178767 × 10^272 |
| 157 | aaa_76_26 | 1.350892683543538 × 10^273 |
| 156 | aaa_76_25 | 2.1934576780331987 × 10^273 |
| 155 | ov_155 | 6.305115794467763 × 10^273 |
| 154 | ov_154 | 1.4719325607934825 × 10^274 |
| 153 | ov_153 | 3.0286604410502155 × 10^274 |
| 152 | ov_152 | 5.632368759905609 × 10^274 |
| 151 | ov_151 | 9.661361668540144 × 10^274 |
| 150 | ov_150 | 1.5540592726862356 × 10^275 |
| 149 | ov_149 | 2.3741703804579563 × 10^275 |
| 148 | ov_148 | 3.478310022525595 × 10^275 |
| 147 | ov_147 | 4.9230082437263254 × 10^275 |
| 146 | ov_146 | 6.769505811267879 × 10^275 |
| 145 | ov_145 | 9.083786219282901 × 10^275 |
| 144 | ov_144 | 1.1902439406085277 × 10^276 |
| 143 | ov_143 | 1.530108944257118 × 10^276 |
| 142 | ov_142 | 1.936029685562377 × 10^276 |
| 141 | ov_141 | 2.416566856988296 × 10^276 |
| 140 | ov_140 | 2.9807997836280977 × 10^276 |
| 139 | ov_139 | 3.633672635557737 × 10^276 |
| 138 | ov_138 | 4.3853584420913206 × 10^276 |
| 137 | ov_137 | 5.246613735935402 × 10^276 |
| 136 | ov_136 | 6.228809413240215 × 10^276 |
| 135 | ov_135 | 7.343967101521506 × 10^276 |
| 134 | ov_134 | 8.604801543635818 × 10^276 |
| 133 | ov_133 | 1.0018233070216464 × 10^277 |
| 132 | ov_132 | 1.1591595573236238 × 10^277 |
| 131 | ov_131 | 1.333266979607744 × 10^277 |
| 130 | ov_130 | 1.3332680134427466 × 10^277 |
| 129 | ov_129 | 1.3332712256202543 × 10^277 |
| 128 | aaa_77_29 | 1.4408549868546817 × 10^277 |
| 127 | aaa_77_28 | 3.841326015499923 × 10^277 |
| 126 | ov_126 | 1.2021977160250689 × 10^278 |
| 125 | ov_125 | 2.6986359666702685 × 10^278 |
| 124 | ov_124 | 5.135299247550321 × 10^278 |
| 123 | ov_123 | 8.7740415185495 × 10^278 |
| 122 | ov_122 | 1.3876723198790054 × 10^279 |
| 121 | ov_121 | 2.0705220440864165 × 10^279 |
| 120 | ov_120 | 2.952144124043763 × 10^279 |
| 119 | ov_119 | 4.058734997251111 × 10^279 |
| 118 | ov_118 | 5.416500952582017 × 10^279 |
| 117 | ov_117 | 7.05166711257888 × 10^279 |
| 116 | ov_116 | 8.990495110785134 × 10^279 |
| 115 | ov_115 | 1.125931217140089 × 10^280 |
| 114 | ov_114 | 1.3884553456187893 × 10^280 |
| 113 | ov_113 | 1.6892819543965168 × 10^280 |
| 112 | ov_112 | 2.0310950908891665 × 10^280 |
| 111 | ov_111 | 2.416612126541373 × 10^280 |
| 110 | ov_110 | 2.848595165096398 × 10^280 |
| 109 | ov_109 | 3.3298647123075084 × 10^280 |
| 108 | ov_108 | 3.863315795628894 × 10^280 |
| 107 | ov_107 | 4.4519363819055395 × 10^280 |
| 106 | ov_106 | 5.098827942956538 × 10^280 |
| 105 | ov_105 | 5.807228705164566 × 10^280 |
| 104 | ov_104 | 6.580540122607062 × 10^280 |
| 103 | ov_103 | 7.422356775886033 × 10^280 |
| 102 | ov_102 | 8.336499437332773 × 10^280 |
| 101 | ov_101 | 9.327051050306928 × 10^280 |
| 100 | ov_100 | 1.0398396313198072 × 10^281 |
| 96 | aaa_78_29 | 1.0612164857674707 × 10^281 |
| 99 | ov_099 | 1.1555265569154202 × 10^281 |
| 98 | ov_098 | 1.155537708492302 × 10^281 |
| 97 | ov_097 | 1.1555726199904895 × 10^281 |
| 95 | aaa_78_28 | 2.80097578930175 × 10^281 |
| 94 | ov_094 | 8.709042450706102 × 10^281 |
| 93 | ov_093 | 1.9430051114365407 × 10^282 |
| 92 | ov_092 | 3.67855971073521 × 10^282 |
| 91 | ov_091 | 6.923203824463748 × 10^282 |
| 90 | ov_090 | 1.3550461804522323 × 10^283 |
| 89 | ov_089 | 2.579853665871319 × 10^283 |
| 88 | ov_088 | 4.627083486452678 × 10^283 |
| 87 | ov_087 | 7.793694297326128 × 10^283 |
| 86 | ov_086 | 1.2413425349456741 × 10^284 |
| 85 | ov_085 | 1.8680954983696643 × 10^284 |
| 84 | ov_084 | 2.680975684125788 × 10^284 |
| 83 | ov_083 | 3.724584930862574 × 10^284 |
| 82 | ov_082 | 5.047374830728483 × 10^284 |
| 81 | ov_081 | 6.701726795209519 × 10^284 |
| 64 | lv_79_m31 | 8.424222362474814 × 10^284 |
| 80 | ov_080 | 8.7440511704624 × 10^284 |
| 79 | ov_079 | 1.1205681447819121 × 10^285 |
| 78 | ov_078 | 1.415146987905131 × 10^285 |
| 77 | ov_077 | 1.7650730287502576 × 10^285 |
| 76 | ov_076 | 2.177743439641491 × 10^285 |
| 75 | ov_075 | 2.6610437745565667 × 10^285 |
| 74 | ov_074 | 3.2233737336143545 × 10^285 |
| 63 | ov_063 | 3.4785417289570836 × 10^285 |
| 73 | ov_073 | 3.869344504540792 × 10^285 |
| 72 | ov_072 | 4.608475149321783 × 10^285 |
| 71 | ov_071 | 5.450897386684304 × 10^285 |
| 70 | ov_070 | 6.402172403698799 × 10^285 |
| 69 | ov_069 | 7.468222310927626 × 10^285 |
| 68 | ov_068 | 8.655356056130864 × 10^285 |
| 67 | ov_067 | 9.970297800612583 × 10^285 |
| 66 | ov_066 | 9.970306218779106 × 10^285 |
| 65 | ov_065 | 9.970332196538797 × 10^285 |
| 62 | ov_062 | 1.4355500164678804 × 10^286 |
| 61 | ov_061 | 4.334852565387215 × 10^286 |
| 60 | ov_060 | 1.050881056081237 × 10^287 |
| 59 | ov_059 | 2.180217534506405 × 10^287 |
| 58 | ov_058 | 4.019119677914655 × 10^287 |
| 57 | ov_057 | 6.765214147368632 × 10^287 |
| 56 | ov_056 | 1.1523325127980541 × 10^288 |
| 55 | ov_055 | 2.0700745440949676 × 10^288 |
| 54 | ov_054 | 3.7100082175120384 × 10^288 |
| 53 | ov_053 | 6.391932679383659 × 10^288 |
| 52 | ov_052 | 1.0475197779917171 × 10^289 |
| 51 | ov_051 | 1.6358726723058482 × 10^289 |
| 50 | ov_050 | 2.4481059677853 × 10^289 |
| 49 | ov_049 | 3.5320434135736297 × 10^289 |
| 48 | ov_048 | 4.914586540471692 × 10^289 |
| 47 | ov_047 | 6.624645813597816 × 10^289 |
| 32 | lv_80_m31 | 7.901946229321895 × 10^289 |
| 46 | ov_046 | 8.693159307196474 × 10^289 |
| 45 | ov_045 | 1.1153117989600582 × 10^290 |
| 44 | ov_044 | 1.4039598686002322 × 10^290 |
| 43 | ov_043 | 1.738980630906991 × 10^290 |
| 42 | ov_042 | 2.128033220895413 × 10^290 |
| 41 | ov_041 | 2.5792197525753563 × 10^290 |
| 40 | ov_040 | 3.101100193850159 × 10^290 |
| 31 | ov_031 | 3.270710953052079 × 10^290 |
| 39 | ov_039 | 3.702710479015897 × 10^290 |
| 38 | ov_038 | 4.393584273145153 × 10^290 |
| 37 | ov_037 | 5.183778896161397 × 10^290 |
| 36 | ov_036 | 6.0839059801712135 × 10^290 |
| 35 | ov_035 | 7.105167471849954 × 10^290 |
| 34 | ov_034 | 8.253644182451215 × 10^290 |
| 33 | ov_033 | 9.535770262858663 × 10^290 |
| 30 | ov_030 | 1.3533775604325987 × 10^291 |
| 29 | ov_029 | 4.097254735192212 × 10^291 |
| 28 | ov_028 | 9.958052597583143 × 10^291 |
| 27 | ov_027 | 2.382331554538957 × 10^292 |
| 26 | ov_026 | 5.736697301783259 × 10^292 |
| 25 | ov_025 | 1.2606065274084836 × 10^293 |
| 24 | ov_024 | 2.4917375112441426 × 10^293 |
| 23 | ov_023 | 4.497736172918056 × 10^293 |
| 22 | ov_022 | 7.547259491683687 × 10^293 |
| 21 | ov_021 | 1.194695530520908 × 10^294 |
| 20 | ov_020 | 1.8041474579931723 × 10^294 |
| 19 | ov_019 | 2.6213491056663333 × 10^294 |
| 18 | ov_018 | 3.688373478392457 × 10^294 |
| 17 | ov_017 | 5.051105307579475 × 10^294 |
| 16 | ov_016 | 6.735355597473239 × 10^294 |
| 15 | ov_015 | 8.794672163160812 × 10^294 |
| 14 | ov_014 | 1.1286471165570995 × 10^295 |
| 13 | ov_013 | 1.427207781760135 × 10^295 |
| 12 | ov_012 | 1.7816783326154674 × 10^295 |
| 11 | ov_011 | 2.1989921488397898 × 10^295 |
| 10 | ov_010 | 2.686496791169732 × 10^295 |
| 9 | ov_009 | 3.251966431926571 × 10^295 |
| 8 | ov_008 | 3.8996215767043066 × 10^295 |
| 7 | ov_007 | 4.633917654935834 × 10^295 |
| 6 | ov_006 | 5.464012032712875 × 10^295 |
| 5 | ov_005 | 6.394866631638707 × 10^295 |
| 4 | ov_004 | 7.431719001723316 × 10^295 |
| 3 | ov_003 | 8.580100454825462 × 10^295 |
| 2 | ov_002 | 9.845857030656718 × 10^295 |
| 1 | ov_001 | 1.1235173657005055 × 10^296 |

