# Results for F001-F002-F003-F004-F005-F006-F007-F008-F009-F010-F011-F012-F013-F014-F015-F016-F017-F018-F019-F020-F021-F022-F023-F024-F025-F026-F027-F028-F029-F030-F031-F032-F033-F034-F035-F036-F037-F038-F039-F040-F041-F042-F043-F044-F045-F046-F047-F048-F049-F050-F051-F052-F053-F054-F055-F056-F057-F058-F059-F060-F061-F062-F063-F064-F065-F066-F067-F068-F069-F070-F071-F072-F073-F074-F075-F076-F077-F078-F079-F080-F081-F082-F083-F084-F085-F086-F087-F088-F089-F090-F091-F092-F093-F094-F095-F096-F097-F098-F099-F100-F101-F102-F103-F104-F105-F106-F107-F108-F109-F110-F111-F112-F113-F114-F115-F116-F117-F118-F119-F120-F121-F122-F123-F124-F125-F126-F127-F128-F129-F130-F131-F132-F133-F134-F135-F136-F137-F138-F139-F140-F141-F142-F143-F144-F145-F146-F147-F148-F149-F150-F151-F152-F153-F154-F155-F156-F157-F158-F159-F160-F161-F162-F163-F164-F165-F166-F167-F168-F169-F170-F171-F172-F173-F174-F175-F176-F177-F178-F179-F180-F181-F182-F183-F184-F185-F186-F187-F188-F189-F190-F191-F192-F193-F194-F195-F196-F197-F198-F199-F200-F201-F202-F203-F204-F205-F206-F207-F208-F209-F210-F211-F212-F213-F214-F215-F216-F217-F218-F219-F220-F221-F222-F223-F224-F225-F226-F227-F228-F229-F230-F231-F232-F233-F234-F235-F236-F237-F238-F239-F240-F241-F242-F243-F244-F245-F246-F247-F248-F249-F250-F251-F252-F253-F254-F255-F256-F257-F258-F259-F260-F261-F262-F263-F264-F265-F266-F267-F268-F269-F270-F271-F272-F273-F274-F275-F276-F277-F278-F279-F280-F281-F282-F283-F284-F285-F286-F287-F288-F289-F290-F291-F292-F293-F294-F295-F296-F297-F298-F299-F300-F301-F302-F303-F304-F305-F306-F307-F308-F309-F310-F311-F312-F313-F314-F315-F316-F317-F318-F319-F320-F321-F322-F323-F324-F325-F326-F327-F328-F329-F330-F331-F332-F333-F334-F335-F336-F337-F338-F339-F340-F341-F342-F343-F344-F345-F346-F347-F348-F349-F350-F351-F352-F353-F354-F355-F356-F357-F358-F359-F360-F361-F362-F363-F364-F365-F366-F367-F368-F369-F370-F371-F372-F373-F374-F375-F376-F377-F378-F379-F380-F381-F382-F383-F384-F385-F386-F387-F388-F389-F390-F391-F392-F393-F394-F395-F396-F397-F398-F399-F400-F401-F402-F403-F404-F405-F406-F407-F408-F409-F410-F411-F412-F413-F414-F415-F416-F417-F418-F419-F420-F421-F422-F423-F424-F425-F426-F427-F428-F429-F430-F431-F432-F433-F434-F435-F436-F437-F438-F439-F440-F441-F442-F443-F444-F445-F446-F447-F448-F449-F450-F451-F452-F453-F454-F455-F456-F457-F458-F459-F460-F461-F462-F463-F464-F465-F466-F467-F468-F469-F470-F471-F472-F473-F474-F475-F476-F477-F478-F479-F480-F481-F482-F483-F484-F485-F486-F487-F488-F489-F490-F491-F492-F493-F494-F495-F496-F497-F498-F499-F500-F501-F502-F503-F504-E505506-E505507-E505512-E507509

## Summary

Number of input bits: 512  
Number of free input bits: 4  
Number of output bits: 160

Number of direct occurrences: 17109  
Number of assignments: 30406  
Number of operations: 10901264
(xor: 10871133,
and: 17376,
or: 12755)

Total complexity: 4.1995636128830124 × 10^296

Least occurring input variable: iv_508 (4051)  
Most occurring input variable: iv_505 (4763)

Most co-occurring input variables: iv_505-iv_511 (2078)  
Least co-occurring input variables: iv_508-iv_511 (1906)

Potentially most occurring input variable: iv_505/iv_510 (4936)  
Potentially least occurring input variable: iv_508/iv_510 (4358)

Least output occurring input variable: iv_508 (70)  
Most output occurring input variable: iv_510 (79)

Most output co-occurring input variables: iv_510-iv_511 (38)  
Least output co-occurring input variables: iv_508-iv_510 (31)

Potentially most output occurring input variable: iv_505/iv_510 (90)  
Potentially least output occurring input variable: iv_505/iv_511 (73)

Least complex input bit: iv_511 (4.916506424420874 × 10^295)  
Most complex input bit: iv_505 (1.822719998514447 × 10^296)

Least complex output bit: aaa_76_29 (8.028069407633166 × 10^271)  
Most complex output bit: ov_001 (6.46720972448905 × 10^295)

Least complex input/output complexity: iv_511/aaa_76_29 (9.39860863096411 × 10^270)  
Most complex input/output complexity:  (2.8069374787541 × 10^295)

Input variable with highest collision probability: iv_508 (½^160.00000000000054)

## Input Bits

### Input Bits in Regular Order

| Input Bit | Complexity | Occurrences | Output Occurrences | Collision Probability |
|:---------:|:----------:|:-----------:|:------------------:|:---------------------:|
| iv_505 | 1.822719998514447 × 10^296 | 4763 | 73 | ½^160.00000000000074 |
| iv_508 | 5.864704362268979 × 10^295 | 4051 | 70 | ½^160.00000000000054 |
| iv_510 | 1.2987225356995804 × 10^296 | 4173 | 79 | ½^160.00000000000102 |
| iv_511 | 4.916506424420874 × 10^295 | 4122 | 74 | ½^160.00000000000085 |

### Input Bits Sorted by Complexity

| Input Bit | Complexity | Occurrences | Output Occurrences | Collision Probability |
|:---------:|:----------:|:-----------:|:------------------:|:---------------------:|
| iv_511 | 4.916506424420874 × 10^295 | 4122 | 74 | ½^160.00000000000085 |
| iv_508 | 5.864704362268979 × 10^295 | 4051 | 70 | ½^160.00000000000054 |
| iv_510 | 1.2987225356995804 × 10^296 | 4173 | 79 | ½^160.00000000000102 |
| iv_505 | 1.822719998514447 × 10^296 | 4763 | 73 | ½^160.00000000000074 |

### Input Bits Sorted by Occurrences

| Input Bit | Complexity | Occurrences | Output Occurrences | Collision Probability |
|:---------:|:----------:|:-----------:|:------------------:|:---------------------:|
| iv_508 | 5.864704362268979 × 10^295 | 4051 | 70 | ½^160.00000000000054 |
| iv_511 | 4.916506424420874 × 10^295 | 4122 | 74 | ½^160.00000000000085 |
| iv_510 | 1.2987225356995804 × 10^296 | 4173 | 79 | ½^160.00000000000102 |
| iv_505 | 1.822719998514447 × 10^296 | 4763 | 73 | ½^160.00000000000074 |

### Input Bits Sorted by Output Occurrences

| Input Bit | Complexity | Occurrences | Output Occurrences | Collision Probability |
|:---------:|:----------:|:-----------:|:------------------:|:---------------------:|
| iv_508 | 5.864704362268979 × 10^295 | 4051 | 70 | ½^160.00000000000054 |
| iv_505 | 1.822719998514447 × 10^296 | 4763 | 73 | ½^160.00000000000074 |
| iv_511 | 4.916506424420874 × 10^295 | 4122 | 74 | ½^160.00000000000085 |
| iv_510 | 1.2987225356995804 × 10^296 | 4173 | 79 | ½^160.00000000000102 |

### Input Bits Sorted by Collision Probability

| Input Bit | Complexity | Occurrences | Output Occurrences | Collision Probability |
|:---------:|:----------:|:-----------:|:------------------:|:---------------------:|
| iv_508 | 5.864704362268979 × 10^295 | 4051 | 70 | ½^160.00000000000054 |
| iv_505 | 1.822719998514447 × 10^296 | 4763 | 73 | ½^160.00000000000074 |
| iv_511 | 4.916506424420874 × 10^295 | 4122 | 74 | ½^160.00000000000085 |
| iv_510 | 1.2987225356995804 × 10^296 | 4173 | 79 | ½^160.00000000000102 |

## Input Bit/Output Bit Collision Probabilities

| Input Bit | Output Bit | Collision Probability |
|:---------:|:----------:|:---------------------:|
| iv_508 | ov_084 | 0.5000000000000022 |
| iv_508 | ov_066 | 0.500000000000002 |
| iv_508 | ov_102 | 0.500000000000002 |
| iv_508 | ov_012 | 0.5000000000000018 |

## Input Bit Co-occurrences

### Input Bit Co-occurrences Sorted by Co-occurrences

| Input Bits | Co-occurrences | Potential Occurrences | Output Co-occurrences | Potential Output Occurrences |
|:----------:|:--------------:|:---------------------:|:---------------------:|:----------------------------:|
| iv_505-iv_511 | 2078 | 4729 | 37 | 73 |
| iv_505-iv_510 | 2000 | 4936 | 31 | 90 |
| iv_505-iv_508 | 1980 | 4854 | 33 | 77 |
| iv_510-iv_511 | 1952 | 4391 | 38 | 77 |

### Input Bit Co-occurrences Sorted by Potential Occurrences

| Input Bits | Co-occurrences | Potential Occurrences | Output Co-occurrences | Potential Output Occurrences |
|:----------:|:--------------:|:---------------------:|:---------------------:|:----------------------------:|
| iv_508-iv_510 | 1933 | 4358 | 31 | 87 |
| iv_508-iv_511 | 1906 | 4361 | 35 | 74 |
| iv_510-iv_511 | 1952 | 4391 | 38 | 77 |
| iv_505-iv_511 | 2078 | 4729 | 37 | 73 |

### Input Bit Output Co-occurrences Sorted by Output Co-occurrences

| Input Bits | Co-occurrences | Potential Occurrences | Output Co-occurrences | Potential Output Occurrences |
|:----------:|:--------------:|:---------------------:|:---------------------:|:----------------------------:|
| iv_510-iv_511 | 1952 | 4391 | 38 | 77 |
| iv_505-iv_511 | 2078 | 4729 | 37 | 73 |
| iv_508-iv_511 | 1906 | 4361 | 35 | 74 |
| iv_505-iv_508 | 1980 | 4854 | 33 | 77 |

### Input Bit Output Co-occurrences Sorted by Potential Output Occurrences

| Input Bits | Co-occurrences | Potential Occurrences | Output Co-occurrences | Potential Output Occurrences |
|:----------:|:--------------:|:---------------------:|:---------------------:|:----------------------------:|
| iv_505-iv_511 | 2078 | 4729 | 37 | 73 |
| iv_508-iv_511 | 1906 | 4361 | 35 | 74 |
| iv_505-iv_508 | 1980 | 4854 | 33 | 77 |
| iv_510-iv_511 | 1952 | 4391 | 38 | 77 |

## Output Bits

### Output Bits in Regular Order

| Rank | Output Bit | Complexity |
|:----:|:----------:|:----------:|
| 1 | ov_001 | 6.46720972448905 × 10^295 |
| 2 | ov_002 | 5.668582370998465 × 10^295 |
| 3 | ov_003 | 4.94041570025206 × 10^295 |
| 4 | ov_004 | 4.279249786423817 × 10^295 |
| 5 | ov_005 | 3.6818142584656844 × 10^295 |
| 6 | ov_006 | 3.1450147875175594 × 10^295 |
| 7 | ov_007 | 2.6659213614651344 × 10^295 |
| 8 | ov_008 | 2.2417581441334194 × 10^295 |
| 9 | ov_009 | 1.8674022104596537 × 10^295 |
| 10 | ov_010 | 1.540361043585534 × 10^295 |
| 11 | ov_011 | 1.258273540817396 × 10^295 |
| 12 | ov_012 | 1.0167905285737101 × 10^295 |
| 13 | ov_013 | 8.118014855638784 × 10^294 |
| 14 | ov_014 | 6.394275922254338 × 10^294 |
| 15 | ov_015 | 4.9601618289451355 × 10^294 |
| 16 | ov_016 | 3.781364630187187 × 10^294 |
| 17 | ov_017 | 2.825763253547157 × 10^294 |
| 18 | ov_018 | 2.063400739989378 × 10^294 |
| 19 | ov_019 | 1.4664686892401024 × 10^294 |
| 20 | ov_020 | 1.009297214135717 × 10^294 |
| 21 | ov_021 | 6.683488849076196 × 10^293 |
| 22 | ov_022 | 4.222153212944887 × 10^293 |
| 23 | ov_023 | 2.5161531798117085 × 10^293 |
| 24 | ov_024 | 1.3939374649384075 × 10^293 |
| 25 | ov_025 | 7.05208694197249 × 10^292 |
| 26 | ov_026 | 3.2091928537988794 × 10^292 |
| 27 | ov_027 | 1.332692351505369 × 10^292 |
| 28 | ov_028 | 5.570509100174804 × 10^291 |
| 29 | ov_029 | 2.29195580531078 × 10^291 |
| 30 | ov_030 | 7.570504536320058 × 10^290 |
| 31 | ov_031 | 1.8295314333161275 × 10^290 |
| 32 | lv_80_m31 | 4.4200146142106274 × 10^289 |
| 33 | ov_033 | 5.333755242857081 × 10^290 |
| 34 | ov_034 | 4.6164003897467455 × 10^290 |
| 35 | ov_035 | 3.973861496410352 × 10^290 |
| 36 | ov_036 | 3.4025324076262827 × 10^290 |
| 37 | ov_037 | 2.8990053587187544 × 10^290 |
| 38 | ov_038 | 2.4570038972479436 × 10^290 |
| 39 | ov_039 | 2.070583223841036 × 10^290 |
| 40 | ov_040 | 1.73410994108018 × 10^290 |
| 41 | ov_041 | 1.442244784099798 × 10^290 |
| 42 | ov_042 | 1.1899280385928545 × 10^290 |
| 43 | ov_043 | 9.72367329359289 × 10^289 |
| 44 | ov_044 | 7.850274615561666 × 10^289 |
| 45 | ov_045 | 6.236220336524275 × 10^289 |
| 46 | ov_046 | 4.860690976010396 × 10^289 |
| 47 | ov_047 | 3.704061490830462 × 10^289 |
| 48 | ov_048 | 2.747876785479257 × 10^289 |
| 49 | ov_049 | 1.9748323288344827 × 10^289 |
| 50 | ov_050 | 1.3687591887607096 × 10^289 |
| 51 | ov_051 | 9.146129790589429 × 10^288 |
| 52 | ov_052 | 5.856504569620453 × 10^288 |
| 53 | ov_053 | 3.5734898110971786 × 10^288 |
| 54 | ov_054 | 2.0740175544842243 × 10^288 |
| 55 | ov_055 | 1.1571524801202582 × 10^288 |
| 56 | ov_056 | 6.440785034983361 × 10^287 |
| 57 | ov_057 | 3.780915151880476 × 10^287 |
| 58 | ov_058 | 2.2459523146347047 × 10^287 |
| 59 | ov_059 | 1.2181809156266395 × 10^287 |
| 60 | ov_060 | 5.870798619393278 × 10^286 |
| 61 | ov_061 | 2.421290519789385 × 10^286 |
| 62 | ov_062 | 8.017260247334313 × 10^285 |
| 63 | ov_063 | 1.9424172732496207 × 10^285 |
| 64 | lv_79_m31 | 4.703489168229657 × 10^284 |
| 65 | ov_065 | 5.594498508624456 × 10^285 |
| 66 | ov_066 | 5.594483133671391 × 10^285 |
| 67 | ov_067 | 5.594478151431849 × 10^285 |
| 68 | ov_068 | 4.858082029886845 × 10^285 |
| 69 | ov_069 | 4.193925209190659 × 10^285 |
| 70 | ov_070 | 3.5980283558103816 × 10^285 |
| 71 | ov_071 | 3.066657834912707 × 10^285 |
| 72 | ov_072 | 2.5963089174330326 × 10^285 |
| 73 | ov_073 | 2.183690445254383 × 10^285 |
| 74 | ov_074 | 1.822806307810479 × 10^285 |
| 75 | ov_075 | 1.5080229269857067 × 10^285 |
| 76 | ov_076 | 1.236611294401724 × 10^285 |
| 77 | ov_077 | 1.0036002098159729 × 10^285 |
| 78 | ov_078 | 8.065821620635337 × 10^284 |
| 79 | ov_079 | 6.4117920790964694 × 10^284 |
| 80 | ov_080 | 5.032890470912454 × 10^284 |
| 81 | ov_081 | 3.890734085760208 × 10^284 |
| 82 | ov_082 | 2.9494806188630002 × 10^284 |
| 83 | ov_083 | 2.1918325098848325 × 10^284 |
| 84 | ov_084 | 1.5867873608314062 × 10^284 |
| 85 | ov_085 | 1.1056685411192383 × 10^284 |
| 86 | ov_086 | 7.347125929422316 × 10^283 |
| 87 | ov_087 | 4.612847606159029 × 10^283 |
| 88 | ov_088 | 2.7386268205114905 × 10^283 |
| 89 | ov_089 | 1.5269338073287165 × 10^283 |
| 90 | ov_090 | 8.020078237878599 × 10^282 |
| 91 | ov_091 | 4.097610712877615 × 10^282 |
| 92 | ov_092 | 2.1772100483082242 × 10^282 |
| 93 | ov_093 | 1.1499934406038745 × 10^282 |
| 94 | ov_094 | 5.154546084161626 × 10^281 |
| 95 | aaa_78_28 | 1.6577832253504262 × 10^281 |
| 96 | aaa_78_29 | 6.280864527160287 × 10^280 |
| 97 | ov_097 | 6.838095794624581 × 10^280 |
| 98 | ov_098 | 6.837890009817906 × 10^280 |
| 99 | ov_099 | 6.83782433173705 × 10^280 |
| 100 | ov_100 | 6.1530971933016245 × 10^280 |
| 101 | ov_101 | 5.518987658709253 × 10^280 |
| 102 | ov_102 | 4.93270385160778 × 10^280 |
| 103 | ov_103 | 4.39165645574622 × 10^280 |
| 104 | ov_104 | 3.89343250075806 × 10^280 |
| 105 | ov_105 | 3.435771779271774 × 10^280 |
| 106 | ov_106 | 3.0165457523259644 × 10^280 |
| 107 | ov_107 | 2.6337388063626504 × 10^280 |
| 108 | ov_108 | 2.285431476625803 × 10^280 |
| 109 | ov_109 | 1.9697852560942823 × 10^280 |
| 110 | ov_110 | 1.6850288964397503 × 10^280 |
| 111 | ov_111 | 1.4294461102399522 × 10^280 |
| 112 | ov_112 | 1.2013647790770075 × 10^280 |
| 113 | ov_113 | 9.991477737589233 × 10^279 |
| 114 | ov_114 | 8.211851051962509 × 10^279 |
| 115 | ov_115 | 6.658871253026873 × 10^279 |
| 116 | ov_116 | 5.316788286729735 × 10^279 |
| 117 | ov_117 | 4.1699530615132286 × 10^279 |
| 118 | ov_118 | 3.202782362017379 × 10^279 |
| 119 | ov_119 | 2.3997330010469277 × 10^279 |
| 120 | ov_120 | 1.7452840706012147 × 10^279 |
| 121 | ov_121 | 1.2239261530162401 × 10^279 |
| 122 | ov_122 | 8.201558392545934 × 10^278 |
| 123 | ov_123 | 5.184731578523503 × 10^278 |
| 124 | ov_124 | 3.0338007814216266 × 10^278 |
| 125 | ov_125 | 1.5937952796439633 × 10^278 |
| 126 | ov_126 | 7.097482848883119 × 10^277 |
| 127 | aaa_77_28 | 2.2669426625644393 × 10^277 |
| 128 | aaa_77_29 | 8.498137057530779 × 10^276 |
| 129 | ov_129 | 7.865391946855176 × 10^276 |
| 130 | ov_130 | 7.865372401505357 × 10^276 |
| 131 | ov_131 | 7.865366114899869 × 10^276 |
| 132 | ov_132 | 6.832167557831042 × 10^276 |
| 133 | ov_133 | 5.899934273539369 × 10^276 |
| 134 | ov_134 | 5.0639143161390726 × 10^276 |
| 135 | ov_135 | 4.3196278666792724 × 10^276 |
| 136 | ov_136 | 3.662847058058621 × 10^276 |
| 137 | ov_137 | 3.085802595200855 × 10^276 |
| 138 | ov_138 | 2.581148089287459 × 10^276 |
| 139 | ov_139 | 2.141934495152966 × 10^276 |
| 140 | ov_140 | 1.7615881915536766 × 10^276 |
| 141 | ov_141 | 1.4338923745536272 × 10^276 |
| 142 | ov_142 | 1.1529713980308173 × 10^276 |
| 143 | ov_143 | 9.132777383103295 × 10^275 |
| 144 | ov_144 | 7.12118189759561 × 10^275 |
| 145 | ov_145 | 5.445714883614381 × 10^275 |
| 146 | ov_146 | 4.0825325566873136 × 10^275 |
| 147 | ov_147 | 2.9884108925745646 × 10^275 |
| 148 | ov_148 | 2.123054458146655 × 10^275 |
| 149 | ov_149 | 1.4490672501847152 × 10^275 |
| 150 | ov_150 | 9.484730629285828 × 10^274 |
| 151 | ov_151 | 5.896197075385196 × 10^274 |
| 152 | ov_152 | 3.4371147685964764 × 10^274 |
| 153 | ov_153 | 1.8480426937844882 × 10^274 |
| 154 | ov_154 | 8.980306496049375 × 10^273 |
| 155 | ov_155 | 3.846070511143722 × 10^273 |
| 156 | aaa_76_25 | 1.3377321885884836 × 10^273 |
| 157 | aaa_76_26 | 8.235988607307423 × 10^272 |
| 158 | aaa_76_27 | 4.518041229472198 × 10^272 |
| 159 | aaa_76_28 | 2.1305266332620128 × 10^272 |
| 160 | aaa_76_29 | 8.028069407633166 × 10^271 |

### Output Bits Sorted by Complexity

| Rank | Output Bit | Complexity |
|:----:|:----------:|:----------:|
| 160 | aaa_76_29 | 8.028069407633166 × 10^271 |
| 159 | aaa_76_28 | 2.1305266332620128 × 10^272 |
| 158 | aaa_76_27 | 4.518041229472198 × 10^272 |
| 157 | aaa_76_26 | 8.235988607307423 × 10^272 |
| 156 | aaa_76_25 | 1.3377321885884836 × 10^273 |
| 155 | ov_155 | 3.846070511143722 × 10^273 |
| 154 | ov_154 | 8.980306496049375 × 10^273 |
| 153 | ov_153 | 1.8480426937844882 × 10^274 |
| 152 | ov_152 | 3.4371147685964764 × 10^274 |
| 151 | ov_151 | 5.896197075385196 × 10^274 |
| 150 | ov_150 | 9.484730629285828 × 10^274 |
| 149 | ov_149 | 1.4490672501847152 × 10^275 |
| 148 | ov_148 | 2.123054458146655 × 10^275 |
| 147 | ov_147 | 2.9884108925745646 × 10^275 |
| 146 | ov_146 | 4.0825325566873136 × 10^275 |
| 145 | ov_145 | 5.445714883614381 × 10^275 |
| 144 | ov_144 | 7.12118189759561 × 10^275 |
| 143 | ov_143 | 9.132777383103295 × 10^275 |
| 142 | ov_142 | 1.1529713980308173 × 10^276 |
| 141 | ov_141 | 1.4338923745536272 × 10^276 |
| 140 | ov_140 | 1.7615881915536766 × 10^276 |
| 139 | ov_139 | 2.141934495152966 × 10^276 |
| 138 | ov_138 | 2.581148089287459 × 10^276 |
| 137 | ov_137 | 3.085802595200855 × 10^276 |
| 136 | ov_136 | 3.662847058058621 × 10^276 |
| 135 | ov_135 | 4.3196278666792724 × 10^276 |
| 134 | ov_134 | 5.0639143161390726 × 10^276 |
| 133 | ov_133 | 5.899934273539369 × 10^276 |
| 132 | ov_132 | 6.832167557831042 × 10^276 |
| 131 | ov_131 | 7.865366114899869 × 10^276 |
| 130 | ov_130 | 7.865372401505357 × 10^276 |
| 129 | ov_129 | 7.865391946855176 × 10^276 |
| 128 | aaa_77_29 | 8.498137057530779 × 10^276 |
| 127 | aaa_77_28 | 2.2669426625644393 × 10^277 |
| 126 | ov_126 | 7.097482848883119 × 10^277 |
| 125 | ov_125 | 1.5937952796439633 × 10^278 |
| 124 | ov_124 | 3.0338007814216266 × 10^278 |
| 123 | ov_123 | 5.184731578523503 × 10^278 |
| 122 | ov_122 | 8.201558392545934 × 10^278 |
| 121 | ov_121 | 1.2239261530162401 × 10^279 |
| 120 | ov_120 | 1.7452840706012147 × 10^279 |
| 119 | ov_119 | 2.3997330010469277 × 10^279 |
| 118 | ov_118 | 3.202782362017379 × 10^279 |
| 117 | ov_117 | 4.1699530615132286 × 10^279 |
| 116 | ov_116 | 5.316788286729735 × 10^279 |
| 115 | ov_115 | 6.658871253026873 × 10^279 |
| 114 | ov_114 | 8.211851051962509 × 10^279 |
| 113 | ov_113 | 9.991477737589233 × 10^279 |
| 112 | ov_112 | 1.2013647790770075 × 10^280 |
| 111 | ov_111 | 1.4294461102399522 × 10^280 |
| 110 | ov_110 | 1.6850288964397503 × 10^280 |
| 109 | ov_109 | 1.9697852560942823 × 10^280 |
| 108 | ov_108 | 2.285431476625803 × 10^280 |
| 107 | ov_107 | 2.6337388063626504 × 10^280 |
| 106 | ov_106 | 3.0165457523259644 × 10^280 |
| 105 | ov_105 | 3.435771779271774 × 10^280 |
| 104 | ov_104 | 3.89343250075806 × 10^280 |
| 103 | ov_103 | 4.39165645574622 × 10^280 |
| 102 | ov_102 | 4.93270385160778 × 10^280 |
| 101 | ov_101 | 5.518987658709253 × 10^280 |
| 100 | ov_100 | 6.1530971933016245 × 10^280 |
| 96 | aaa_78_29 | 6.280864527160287 × 10^280 |
| 99 | ov_099 | 6.83782433173705 × 10^280 |
| 98 | ov_098 | 6.837890009817906 × 10^280 |
| 97 | ov_097 | 6.838095794624581 × 10^280 |
| 95 | aaa_78_28 | 1.6577832253504262 × 10^281 |
| 94 | ov_094 | 5.154546084161626 × 10^281 |
| 93 | ov_093 | 1.1499934406038745 × 10^282 |
| 92 | ov_092 | 2.1772100483082242 × 10^282 |
| 91 | ov_091 | 4.097610712877615 × 10^282 |
| 90 | ov_090 | 8.020078237878599 × 10^282 |
| 89 | ov_089 | 1.5269338073287165 × 10^283 |
| 88 | ov_088 | 2.7386268205114905 × 10^283 |
| 87 | ov_087 | 4.612847606159029 × 10^283 |
| 86 | ov_086 | 7.347125929422316 × 10^283 |
| 85 | ov_085 | 1.1056685411192383 × 10^284 |
| 84 | ov_084 | 1.5867873608314062 × 10^284 |
| 83 | ov_083 | 2.1918325098848325 × 10^284 |
| 82 | ov_082 | 2.9494806188630002 × 10^284 |
| 81 | ov_081 | 3.890734085760208 × 10^284 |
| 64 | lv_79_m31 | 4.703489168229657 × 10^284 |
| 80 | ov_080 | 5.032890470912454 × 10^284 |
| 79 | ov_079 | 6.4117920790964694 × 10^284 |
| 78 | ov_078 | 8.065821620635337 × 10^284 |
| 77 | ov_077 | 1.0036002098159729 × 10^285 |
| 76 | ov_076 | 1.236611294401724 × 10^285 |
| 75 | ov_075 | 1.5080229269857067 × 10^285 |
| 74 | ov_074 | 1.822806307810479 × 10^285 |
| 63 | ov_063 | 1.9424172732496207 × 10^285 |
| 73 | ov_073 | 2.183690445254383 × 10^285 |
| 72 | ov_072 | 2.5963089174330326 × 10^285 |
| 71 | ov_071 | 3.066657834912707 × 10^285 |
| 70 | ov_070 | 3.5980283558103816 × 10^285 |
| 69 | ov_069 | 4.193925209190659 × 10^285 |
| 68 | ov_068 | 4.858082029886845 × 10^285 |
| 67 | ov_067 | 5.594478151431849 × 10^285 |
| 66 | ov_066 | 5.594483133671391 × 10^285 |
| 65 | ov_065 | 5.594498508624456 × 10^285 |
| 62 | ov_062 | 8.017260247334313 × 10^285 |
| 61 | ov_061 | 2.421290519789385 × 10^286 |
| 60 | ov_060 | 5.870798619393278 × 10^286 |
| 59 | ov_059 | 1.2181809156266395 × 10^287 |
| 58 | ov_058 | 2.2459523146347047 × 10^287 |
| 57 | ov_057 | 3.780915151880476 × 10^287 |
| 56 | ov_056 | 6.440785034983361 × 10^287 |
| 55 | ov_055 | 1.1571524801202582 × 10^288 |
| 54 | ov_054 | 2.0740175544842243 × 10^288 |
| 53 | ov_053 | 3.5734898110971786 × 10^288 |
| 52 | ov_052 | 5.856504569620453 × 10^288 |
| 51 | ov_051 | 9.146129790589429 × 10^288 |
| 50 | ov_050 | 1.3687591887607096 × 10^289 |
| 49 | ov_049 | 1.9748323288344827 × 10^289 |
| 48 | ov_048 | 2.747876785479257 × 10^289 |
| 47 | ov_047 | 3.704061490830462 × 10^289 |
| 32 | lv_80_m31 | 4.4200146142106274 × 10^289 |
| 46 | ov_046 | 4.860690976010396 × 10^289 |
| 45 | ov_045 | 6.236220336524275 × 10^289 |
| 44 | ov_044 | 7.850274615561666 × 10^289 |
| 43 | ov_043 | 9.72367329359289 × 10^289 |
| 42 | ov_042 | 1.1899280385928545 × 10^290 |
| 41 | ov_041 | 1.442244784099798 × 10^290 |
| 40 | ov_040 | 1.73410994108018 × 10^290 |
| 31 | ov_031 | 1.8295314333161275 × 10^290 |
| 39 | ov_039 | 2.070583223841036 × 10^290 |
| 38 | ov_038 | 2.4570038972479436 × 10^290 |
| 37 | ov_037 | 2.8990053587187544 × 10^290 |
| 36 | ov_036 | 3.4025324076262827 × 10^290 |
| 35 | ov_035 | 3.973861496410352 × 10^290 |
| 34 | ov_034 | 4.6164003897467455 × 10^290 |
| 33 | ov_033 | 5.333755242857081 × 10^290 |
| 30 | ov_030 | 7.570504536320058 × 10^290 |
| 29 | ov_029 | 2.29195580531078 × 10^291 |
| 28 | ov_028 | 5.570509100174804 × 10^291 |
| 27 | ov_027 | 1.332692351505369 × 10^292 |
| 26 | ov_026 | 3.2091928537988794 × 10^292 |
| 25 | ov_025 | 7.05208694197249 × 10^292 |
| 24 | ov_024 | 1.3939374649384075 × 10^293 |
| 23 | ov_023 | 2.5161531798117085 × 10^293 |
| 22 | ov_022 | 4.222153212944887 × 10^293 |
| 21 | ov_021 | 6.683488849076196 × 10^293 |
| 20 | ov_020 | 1.009297214135717 × 10^294 |
| 19 | ov_019 | 1.4664686892401024 × 10^294 |
| 18 | ov_018 | 2.063400739989378 × 10^294 |
| 17 | ov_017 | 2.825763253547157 × 10^294 |
| 16 | ov_016 | 3.781364630187187 × 10^294 |
| 15 | ov_015 | 4.9601618289451355 × 10^294 |
| 14 | ov_014 | 6.394275922254338 × 10^294 |
| 13 | ov_013 | 8.118014855638784 × 10^294 |
| 12 | ov_012 | 1.0167905285737101 × 10^295 |
| 11 | ov_011 | 1.258273540817396 × 10^295 |
| 10 | ov_010 | 1.540361043585534 × 10^295 |
| 9 | ov_009 | 1.8674022104596537 × 10^295 |
| 8 | ov_008 | 2.2417581441334194 × 10^295 |
| 7 | ov_007 | 2.6659213614651344 × 10^295 |
| 6 | ov_006 | 3.1450147875175594 × 10^295 |
| 5 | ov_005 | 3.6818142584656844 × 10^295 |
| 4 | ov_004 | 4.279249786423817 × 10^295 |
| 3 | ov_003 | 4.94041570025206 × 10^295 |
| 2 | ov_002 | 5.668582370998465 × 10^295 |
| 1 | ov_001 | 6.46720972448905 × 10^295 |

