# Results for F001-F002-F003-F004-F005-F006-F007-F008-F009-F010-F011-F012-F013-F014-F015-F016-F017-F018-F019-F020-F021-F022-F023-F024-F025-F026-F027-F028-F029-F030-F031-F032-F033-F034-F035-F036-F037-F038-F039-F040-F041-F042-F043-F044-F045-F046-F047-F048-F049-F050-F051-F052-F053-F054-F055-F056-F057-F058-F059-F060-F061-F062-F063-F064-F065-F066-F067-F068-F069-F070-F071-F072-F073-F074-F075-F076-F077-F078-F079-F080-F081-F082-F083-F084-F085-F086-F087-F088-F089-F090-F091-F092-F093-F094-F095-F096-F097-F098-F099-F100-F101-F102-F103-F104-F105-F106-F107-F108-F109-F110-F111-F112-F113-F114-F115-F116-F117-F118-F119-F120-F121-F122-F123-F124-F125-F126-F127-F128-F129-F130-F131-F132-F133-F134-F135-F136-F137-F138-F139-F140-F141-F142-F143-F144-F145-F146-F147-F148-F149-F150-F151-F152-F153-F154-F155-F156-F157-F158-F159-F160-F161-F162-F163-F164-F165-F166-F167-F168-F169-F170-F171-F172-F173-F174-F175-F176-F177-F178-F179-F180-F181-F182-F183-F184-F185-F186-F187-F188-F189-F190-F191-F192-F193-F194-F195-F196-F197-F198-F199-F200-F201-F202-F203-F204-F205-F206-F207-F208-F209-F210-F211-F212-F213-F214-F215-F216-F217-F218-F219-F220-F221-F222-F223-F224-F225-F226-F227-F228-F229-F230-F231-F232-F233-F234-F235-F236-F237-F238-F239-F240-F241-F242-F243-F244-F245-F246-F247-F248-F249-F250-F251-F252-F253-F254-F255-F256-F257-F258-F259-F260-F261-F262-F263-F264-F265-F266-F267-F268-F269-F270-F271-F272-F273-F274-F275-F276-F277-F278-F279-F280-F281-F282-F283-F284-F285-F286-F287-F288-F289-F290-F291-F292-F293-F294-F295-F296-F297-F298-F299-F300-F301-F302-F303-F304-F305-F306-F307-F308-F309-F310-F311-F312-F313-F314-F315-F316-F317-F318-F319-F320-F321-F322-F323-F324-F325-F326-F327-F328-F329-F330-F331-F332-F333-F334-F335-F336-F337-F338-F339-F340-F341-F342-F343-F344-F345-F346-F347-F348-F349-F350-F351-F352-F353-F354-F355-F356-F357-F358-F359-F360-F361-F362-F363-F364-F365-F366-F367-F368-F369-F370-F371-F372-F373-F374-F375-F376-F377-F378-F379-F380-F381-F382-F383-F384-F385-F386-F387-F388-F389-F390-F391-F392-F393-F394-F395-F396-F397-F398-F399-F400-F401-F402-F403-F404-F405-F406-F407-F408-F409-F410-F411-F412-F413-F414-F415-F416-F417-F418-F419-F420-F421-F422-F423-F424-F425-F426-F427-F428-F429-F430-F431-F432-F433-F434-F435-F436-F437-F438-F439-F440-F441-F442-F443-F444-F445-F446-F447-F448-F449-F450-F451-F452-F453-F454-F455-F456-F457-F458-F459-F460-F461-F462-F463-F464-F465-F466-F467-F468-F469-F470-F471-F472-F473-F474-F475-F476-F477-F478-F479-F480-F481-F482-F483-F484-F485-F486-F487-F488-F489-F490-F491-F492-F493-F494-F495-F496-F497-F498-F499-F500-F501-F502-F503-F504-E505506-E505507-E505508-E506510

## Summary

Number of input bits: 512  
Number of free input bits: 4  
Number of output bits: 160

Number of direct occurrences: 17226  
Number of assignments: 30400  
Number of operations: 10901396
(xor: 10871245,
and: 17396,
or: 12755)

Total complexity: 3.787299908744806 × 10^296

Least occurring input variable: iv_509 (4062)  
Most occurring input variable: iv_505 (4763)

Most co-occurring input variables: iv_505-iv_512 (2050)  
Least co-occurring input variables: iv_509-iv_511 (1934)

Potentially most occurring input variable: iv_505/iv_512 (4945)  
Potentially least occurring input variable: iv_509/iv_511 (4313)

Least output occurring input variable: iv_511 (74)  
Most output occurring input variable: iv_505 (80)

Most output co-occurring input variables: iv_505-iv_509 (40)  
Least output co-occurring input variables: iv_509-iv_512 (37)

Potentially most output occurring input variable: iv_509/iv_512 (82)  
Potentially least output occurring input variable: iv_509/iv_511 (74)

Least complex input bit: iv_511 (4.838494307093016 × 10^295)  
Most complex input bit: iv_505 (1.8469486938356848 × 10^296)

Least complex output bit: aaa_76_29 (6.824824207505675 × 10^271)  
Most complex output bit: ov_001 (5.794663586231042 × 10^295)

Least complex input/output complexity: iv_511/aaa_76_29 (8.71910698138267 × 10^270)  
Most complex input/output complexity:  (2.82587769642823 × 10^295)

Input variable with highest collision probability: iv_512 (½^160.00000000000068)

## Input Bits

### Input Bits in Regular Order

| Input Bit | Complexity | Occurrences | Output Occurrences | Collision Probability |
|:---------:|:----------:|:-----------:|:------------------:|:---------------------:|
| iv_505 | 1.8469486938356848 × 10^296 | 4763 | 80 | ½^160.00000000000085 |
| iv_509 | 8.856959084480153 × 10^295 | 4062 | 78 | ½^160.00000000000082 |
| iv_511 | 4.838494307093016 × 10^295 | 4119 | 74 | ½^160.0000000000007 |
| iv_512 | 5.708058757518075 × 10^295 | 4282 | 78 | ½^160.00000000000068 |

### Input Bits Sorted by Complexity

| Input Bit | Complexity | Occurrences | Output Occurrences | Collision Probability |
|:---------:|:----------:|:-----------:|:------------------:|:---------------------:|
| iv_511 | 4.838494307093016 × 10^295 | 4119 | 74 | ½^160.0000000000007 |
| iv_512 | 5.708058757518075 × 10^295 | 4282 | 78 | ½^160.00000000000068 |
| iv_509 | 8.856959084480153 × 10^295 | 4062 | 78 | ½^160.00000000000082 |
| iv_505 | 1.8469486938356848 × 10^296 | 4763 | 80 | ½^160.00000000000085 |

### Input Bits Sorted by Occurrences

| Input Bit | Complexity | Occurrences | Output Occurrences | Collision Probability |
|:---------:|:----------:|:-----------:|:------------------:|:---------------------:|
| iv_509 | 8.856959084480153 × 10^295 | 4062 | 78 | ½^160.00000000000082 |
| iv_511 | 4.838494307093016 × 10^295 | 4119 | 74 | ½^160.0000000000007 |
| iv_512 | 5.708058757518075 × 10^295 | 4282 | 78 | ½^160.00000000000068 |
| iv_505 | 1.8469486938356848 × 10^296 | 4763 | 80 | ½^160.00000000000085 |

### Input Bits Sorted by Output Occurrences

| Input Bit | Complexity | Occurrences | Output Occurrences | Collision Probability |
|:---------:|:----------:|:-----------:|:------------------:|:---------------------:|
| iv_511 | 4.838494307093016 × 10^295 | 4119 | 74 | ½^160.0000000000007 |
| iv_509 | 8.856959084480153 × 10^295 | 4062 | 78 | ½^160.00000000000082 |
| iv_512 | 5.708058757518075 × 10^295 | 4282 | 78 | ½^160.00000000000068 |
| iv_505 | 1.8469486938356848 × 10^296 | 4763 | 80 | ½^160.00000000000085 |

### Input Bits Sorted by Collision Probability

| Input Bit | Complexity | Occurrences | Output Occurrences | Collision Probability |
|:---------:|:----------:|:-----------:|:------------------:|:---------------------:|
| iv_512 | 5.708058757518075 × 10^295 | 4282 | 78 | ½^160.00000000000068 |
| iv_511 | 4.838494307093016 × 10^295 | 4119 | 74 | ½^160.0000000000007 |
| iv_509 | 8.856959084480153 × 10^295 | 4062 | 78 | ½^160.00000000000082 |
| iv_505 | 1.8469486938356848 × 10^296 | 4763 | 80 | ½^160.00000000000085 |

## Input Bit/Output Bit Collision Probabilities

| Input Bit | Output Bit | Collision Probability |
|:---------:|:----------:|:---------------------:|
| iv_511 | ov_037 | 0.5000000000000022 |
| iv_512 | ov_066 | 0.5000000000000018 |
| iv_512 | ov_098 | 0.5000000000000018 |
| iv_512 | aaa_77_28 | 0.5000000000000018 |

## Input Bit Co-occurrences

### Input Bit Co-occurrences Sorted by Co-occurrences

| Input Bits | Co-occurrences | Potential Occurrences | Output Co-occurrences | Potential Output Occurrences |
|:----------:|:--------------:|:---------------------:|:---------------------:|:----------------------------:|
| iv_505-iv_512 | 2050 | 4945 | 39 | 80 |
| iv_511-iv_512 | 2032 | 4337 | 39 | 74 |
| iv_505-iv_511 | 2006 | 4870 | 38 | 78 |
| iv_505-iv_509 | 2004 | 4817 | 40 | 78 |

### Input Bit Co-occurrences Sorted by Potential Occurrences

| Input Bits | Co-occurrences | Potential Occurrences | Output Co-occurrences | Potential Output Occurrences |
|:----------:|:--------------:|:---------------------:|:---------------------:|:----------------------------:|
| iv_509-iv_511 | 1934 | 4313 | 39 | 74 |
| iv_511-iv_512 | 2032 | 4337 | 39 | 74 |
| iv_509-iv_512 | 1981 | 4382 | 37 | 82 |
| iv_505-iv_509 | 2004 | 4817 | 40 | 78 |

### Input Bit Output Co-occurrences Sorted by Output Co-occurrences

| Input Bits | Co-occurrences | Potential Occurrences | Output Co-occurrences | Potential Output Occurrences |
|:----------:|:--------------:|:---------------------:|:---------------------:|:----------------------------:|
| iv_505-iv_509 | 2004 | 4817 | 40 | 78 |
| iv_509-iv_511 | 1934 | 4313 | 39 | 74 |
| iv_511-iv_512 | 2032 | 4337 | 39 | 74 |
| iv_505-iv_512 | 2050 | 4945 | 39 | 80 |

### Input Bit Output Co-occurrences Sorted by Potential Output Occurrences

| Input Bits | Co-occurrences | Potential Occurrences | Output Co-occurrences | Potential Output Occurrences |
|:----------:|:--------------:|:---------------------:|:---------------------:|:----------------------------:|
| iv_509-iv_511 | 1934 | 4313 | 39 | 74 |
| iv_511-iv_512 | 2032 | 4337 | 39 | 74 |
| iv_505-iv_511 | 2006 | 4870 | 38 | 78 |
| iv_505-iv_509 | 2004 | 4817 | 40 | 78 |

## Output Bits

### Output Bits in Regular Order

| Rank | Output Bit | Complexity |
|:----:|:----------:|:----------:|
| 1 | ov_001 | 5.794663586231042 × 10^295 |
| 2 | ov_002 | 5.085706507298092 × 10^295 |
| 3 | ov_003 | 4.4389034240161347 × 10^295 |
| 4 | ov_004 | 3.8511077127670383 × 10^295 |
| 5 | ov_005 | 3.3193451740497555 × 10^295 |
| 6 | ov_006 | 2.840801738869513 × 10^295 |
| 7 | ov_007 | 2.41281280017491 × 10^295 |
| 8 | ov_008 | 2.0328539854632396 × 10^295 |
| 9 | ov_009 | 1.6962665136066977 × 10^295 |
| 10 | ov_010 | 1.4007837018791457 × 10^295 |
| 11 | ov_011 | 1.1442583887513435 × 10^295 |
| 12 | ov_012 | 9.246579086847149 × 10^294 |
| 13 | ov_013 | 7.382442398667605 × 10^294 |
| 14 | ov_014 | 5.814900754866928 × 10^294 |
| 15 | ov_015 | 4.510737746557823 × 10^294 |
| 16 | ov_016 | 3.4387546458315095 × 10^294 |
| 17 | ov_017 | 2.569741429010498 × 10^294 |
| 18 | ov_018 | 1.876456061931741 × 10^294 |
| 19 | ov_019 | 1.3336103425497948 × 10^294 |
| 20 | ov_020 | 9.178607573641331 × 10^293 |
| 21 | ov_021 | 6.078029692380546 × 10^293 |
| 22 | ov_022 | 3.839687151602389 × 10^293 |
| 23 | ov_023 | 2.2882409960914214 × 10^293 |
| 24 | ov_024 | 1.2676859465549831 × 10^293 |
| 25 | ov_025 | 6.413441539751191 × 10^292 |
| 26 | ov_026 | 2.918614477401569 × 10^292 |
| 27 | ov_027 | 1.2120531915364094 × 10^292 |
| 28 | ov_028 | 5.066398441838225 × 10^291 |
| 29 | ov_029 | 2.0846026143850247 × 10^291 |
| 30 | ov_030 | 6.885805591571399 × 10^290 |
| 31 | ov_031 | 1.6641169513303041 × 10^290 |
| 32 | lv_80_m31 | 4.0205131049250294 × 10^289 |
| 33 | ov_033 | 4.8517637132493715 × 10^290 |
| 34 | ov_034 | 4.199546851003619 × 10^290 |
| 35 | ov_035 | 3.615289675151443 × 10^290 |
| 36 | ov_036 | 3.0957239975052533 × 10^290 |
| 37 | ov_037 | 2.637760977779942 × 10^290 |
| 38 | ov_038 | 2.235709667243826 × 10^290 |
| 39 | ov_039 | 1.8841782419708846 × 10^290 |
| 40 | ov_040 | 1.5780555501348412 × 10^290 |
| 41 | ov_041 | 1.3124954674428677 × 10^290 |
| 42 | ov_042 | 1.0829037643755297 × 10^290 |
| 43 | ov_043 | 8.849271876280955 × 10^289 |
| 44 | ov_044 | 7.144444771051669 × 10^289 |
| 45 | ov_045 | 5.675590580172822 × 10^289 |
| 46 | ov_046 | 4.4237799764186764 × 10^289 |
| 47 | ov_047 | 3.3711646351133654 × 10^289 |
| 48 | ov_048 | 2.5009566308384533 × 10^289 |
| 49 | ov_049 | 1.7974123157233066 × 10^289 |
| 50 | ov_050 | 1.2458198543007983 × 10^289 |
| 51 | ov_051 | 8.324898609576779 × 10^288 |
| 52 | ov_052 | 5.330865181629091 × 10^288 |
| 53 | ov_053 | 3.252940952894541 × 10^288 |
| 54 | ov_054 | 1.8881277913601724 × 10^288 |
| 55 | ov_055 | 1.0535641107486915 × 10^288 |
| 56 | ov_056 | 5.865131182322528 × 10^287 |
| 57 | ov_057 | 3.4435644977657533 × 10^287 |
| 58 | ov_058 | 2.0459053251726116 × 10^287 |
| 59 | ov_059 | 1.1099194877793728 × 10^287 |
| 60 | ov_060 | 5.350488411080579 × 10^286 |
| 61 | ov_061 | 2.207361097680911 × 10^286 |
| 62 | ov_062 | 7.311172417996285 × 10^285 |
| 63 | ov_063 | 1.7719570529671357 × 10^285 |
| 64 | lv_79_m31 | 4.2922229978191525 × 10^284 |
| 65 | ov_065 | 5.063508203677232 × 10^285 |
| 66 | ov_066 | 5.06349472459126 × 10^285 |
| 67 | ov_067 | 5.063490356650919 × 10^285 |
| 68 | ov_068 | 4.3947423164786636 × 10^285 |
| 69 | ov_069 | 3.7908973746215094 × 10^285 |
| 70 | ov_070 | 3.2484665815450706 × 10^285 |
| 71 | ov_071 | 2.764176429583726 × 10^285 |
| 72 | ov_072 | 2.3349541292233698 × 10^285 |
| 73 | ov_073 | 1.957914163161403 × 10^285 |
| 74 | ov_074 | 1.6277995172859944 × 10^285 |
| 75 | ov_075 | 1.339671065877445 × 10^285 |
| 76 | ov_076 | 1.091136216721022 × 10^285 |
| 77 | ov_077 | 8.799473366596447 × 10^284 |
| 78 | ov_078 | 7.020128748764926 × 10^284 |
| 79 | ov_079 | 5.5349468576735 × 10^284 |
| 80 | ov_080 | 4.3079630672396045 × 10^284 |
| 81 | ov_081 | 3.3055277119012618 × 10^284 |
| 82 | ov_082 | 2.4962184681147538 × 10^284 |
| 83 | ov_083 | 1.8507658908302496 × 10^284 |
| 84 | ov_084 | 1.3419910127705877 × 10^284 |
| 85 | ov_085 | 9.447539166391027 × 10^283 |
| 86 | ov_086 | 6.359121916540992 × 10^283 |
| 87 | ov_087 | 4.0438939988523587 × 10^283 |
| 88 | ov_088 | 2.4008432790358907 × 10^283 |
| 89 | ov_089 | 1.3386025888483163 × 10^283 |
| 90 | ov_090 | 7.030898816358657 × 10^282 |
| 91 | ov_091 | 3.592229665243406 × 10^282 |
| 92 | ov_092 | 1.908688386565238 × 10^282 |
| 93 | ov_093 | 1.0081645053547162 × 10^282 |
| 94 | ov_094 | 4.518852285837582 × 10^281 |
| 95 | aaa_78_28 | 1.4533404866007834 × 10^281 |
| 96 | aaa_78_29 | 5.506331926207067 × 10^280 |
| 97 | ov_097 | 5.995922373375819 × 10^280 |
| 98 | ov_098 | 5.995741258887504 × 10^280 |
| 99 | ov_099 | 5.995683408722619 × 10^280 |
| 100 | ov_100 | 5.395426316272068 × 10^280 |
| 101 | ov_101 | 4.8395421479890635 × 10^280 |
| 102 | ov_102 | 4.325577076041941 × 10^280 |
| 103 | ov_103 | 3.851256548671088 × 10^280 |
| 104 | ov_104 | 3.414462513970753 × 10^280 |
| 105 | ov_105 | 3.0132128817049687 × 10^280 |
| 106 | ov_106 | 2.6456428582187083 × 10^280 |
| 107 | ov_107 | 2.3099877950016375 × 10^280 |
| 108 | ov_108 | 2.0045676812094482 × 10^280 |
| 109 | ov_109 | 1.7277734142541533 × 10^280 |
| 110 | ov_110 | 1.4780547430907156 × 10^280 |
| 111 | ov_111 | 1.2539096039842508 × 10^280 |
| 112 | ov_112 | 1.0538745704340487 × 10^280 |
| 113 | ov_113 | 8.765164949354093 × 10^279 |
| 114 | ov_114 | 7.204254212976145 × 10^279 |
| 115 | ov_115 | 5.842086696671274 × 10^279 |
| 116 | ov_116 | 4.664859968855117 × 10^279 |
| 117 | ov_117 | 3.658857351200896 × 10^279 |
| 118 | ov_118 | 2.81041811884972 × 10^279 |
| 119 | ov_119 | 2.1059155466310632 × 10^279 |
| 120 | ov_120 | 1.5317418338861694 × 10^279 |
| 121 | ov_121 | 1.0742989407169835 × 10^279 |
| 122 | ov_122 | 7.199939318647538 × 10^278 |
| 123 | ov_123 | 4.552367927914211 × 10^278 |
| 124 | ov_124 | 2.6643915816519644 × 10^278 |
| 125 | ov_125 | 1.4001347728292029 × 10^278 |
| 126 | ov_126 | 6.237253378671479 × 10^277 |
| 127 | aaa_77_28 | 1.992921822288329 × 10^277 |
| 128 | aaa_77_29 | 7.475100961665959 × 10^276 |
| 129 | ov_129 | 6.916213314219263 × 10^276 |
| 130 | ov_130 | 6.916196694897478 × 10^276 |
| 131 | ov_131 | 6.916191347851854 × 10^276 |
| 132 | ov_132 | 6.012639832548766 × 10^276 |
| 133 | ov_133 | 5.196197715874508 × 10^276 |
| 134 | ov_134 | 4.4628145752215417 × 10^276 |
| 135 | ov_135 | 3.8086729898717726 × 10^276 |
| 136 | ov_136 | 3.2301713409851285 × 10^276 |
| 137 | ov_137 | 2.7206944911990564 × 10^276 |
| 138 | ov_138 | 2.273989628141273 × 10^276 |
| 139 | ov_139 | 1.884144296000791 × 10^276 |
| 140 | ov_140 | 1.5455674826639084 × 10^276 |
| 141 | ov_141 | 1.2529734812753186 × 10^276 |
| 142 | ov_142 | 1.0037939108592134 × 10^276 |
| 143 | ov_143 | 7.933148522415069 × 10^275 |
| 144 | ov_144 | 6.170930795443118 × 10^275 |
| 145 | ov_145 | 4.709483978722157 × 10^275 |
| 146 | ov_146 | 3.5095757682879666 × 10^275 |
| 147 | ov_147 | 2.552225775367651 × 10^275 |
| 148 | ov_148 | 1.8032124521471434 × 10^275 |
| 149 | ov_149 | 1.230776719889701 × 10^275 |
| 150 | ov_150 | 8.056042631913823 × 10^274 |
| 151 | ov_151 | 5.008137961233182 × 10^274 |
| 152 | ov_152 | 2.9194977785540596 × 10^274 |
| 153 | ov_153 | 1.5697825549342503 × 10^274 |
| 154 | ov_154 | 7.628471197162731 × 10^273 |
| 155 | ov_155 | 3.2673026141258685 × 10^273 |
| 156 | aaa_76_25 | 1.1364985876056501 × 10^273 |
| 157 | aaa_76_26 | 6.997829156290863 × 10^272 |
| 158 | aaa_76_27 | 3.839405813819743 × 10^272 |
| 159 | aaa_76_28 | 1.810845278286248 × 10^272 |
| 160 | aaa_76_29 | 6.824824207505675 × 10^271 |

### Output Bits Sorted by Complexity

| Rank | Output Bit | Complexity |
|:----:|:----------:|:----------:|
| 160 | aaa_76_29 | 6.824824207505675 × 10^271 |
| 159 | aaa_76_28 | 1.810845278286248 × 10^272 |
| 158 | aaa_76_27 | 3.839405813819743 × 10^272 |
| 157 | aaa_76_26 | 6.997829156290863 × 10^272 |
| 156 | aaa_76_25 | 1.1364985876056501 × 10^273 |
| 155 | ov_155 | 3.2673026141258685 × 10^273 |
| 154 | ov_154 | 7.628471197162731 × 10^273 |
| 153 | ov_153 | 1.5697825549342503 × 10^274 |
| 152 | ov_152 | 2.9194977785540596 × 10^274 |
| 151 | ov_151 | 5.008137961233182 × 10^274 |
| 150 | ov_150 | 8.056042631913823 × 10^274 |
| 149 | ov_149 | 1.230776719889701 × 10^275 |
| 148 | ov_148 | 1.8032124521471434 × 10^275 |
| 147 | ov_147 | 2.552225775367651 × 10^275 |
| 146 | ov_146 | 3.5095757682879666 × 10^275 |
| 145 | ov_145 | 4.709483978722157 × 10^275 |
| 144 | ov_144 | 6.170930795443118 × 10^275 |
| 143 | ov_143 | 7.933148522415069 × 10^275 |
| 142 | ov_142 | 1.0037939108592134 × 10^276 |
| 141 | ov_141 | 1.2529734812753186 × 10^276 |
| 140 | ov_140 | 1.5455674826639084 × 10^276 |
| 139 | ov_139 | 1.884144296000791 × 10^276 |
| 138 | ov_138 | 2.273989628141273 × 10^276 |
| 137 | ov_137 | 2.7206944911990564 × 10^276 |
| 136 | ov_136 | 3.2301713409851285 × 10^276 |
| 135 | ov_135 | 3.8086729898717726 × 10^276 |
| 134 | ov_134 | 4.4628145752215417 × 10^276 |
| 133 | ov_133 | 5.196197715874508 × 10^276 |
| 132 | ov_132 | 6.012639832548766 × 10^276 |
| 131 | ov_131 | 6.916191347851854 × 10^276 |
| 130 | ov_130 | 6.916196694897478 × 10^276 |
| 129 | ov_129 | 6.916213314219263 × 10^276 |
| 128 | aaa_77_29 | 7.475100961665959 × 10^276 |
| 127 | aaa_77_28 | 1.992921822288329 × 10^277 |
| 126 | ov_126 | 6.237253378671479 × 10^277 |
| 125 | ov_125 | 1.4001347728292029 × 10^278 |
| 124 | ov_124 | 2.6643915816519644 × 10^278 |
| 123 | ov_123 | 4.552367927914211 × 10^278 |
| 122 | ov_122 | 7.199939318647538 × 10^278 |
| 121 | ov_121 | 1.0742989407169835 × 10^279 |
| 120 | ov_120 | 1.5317418338861694 × 10^279 |
| 119 | ov_119 | 2.1059155466310632 × 10^279 |
| 118 | ov_118 | 2.81041811884972 × 10^279 |
| 117 | ov_117 | 3.658857351200896 × 10^279 |
| 116 | ov_116 | 4.664859968855117 × 10^279 |
| 115 | ov_115 | 5.842086696671274 × 10^279 |
| 114 | ov_114 | 7.204254212976145 × 10^279 |
| 113 | ov_113 | 8.765164949354093 × 10^279 |
| 112 | ov_112 | 1.0538745704340487 × 10^280 |
| 111 | ov_111 | 1.2539096039842508 × 10^280 |
| 110 | ov_110 | 1.4780547430907156 × 10^280 |
| 109 | ov_109 | 1.7277734142541533 × 10^280 |
| 108 | ov_108 | 2.0045676812094482 × 10^280 |
| 107 | ov_107 | 2.3099877950016375 × 10^280 |
| 106 | ov_106 | 2.6456428582187083 × 10^280 |
| 105 | ov_105 | 3.0132128817049687 × 10^280 |
| 104 | ov_104 | 3.414462513970753 × 10^280 |
| 103 | ov_103 | 3.851256548671088 × 10^280 |
| 102 | ov_102 | 4.325577076041941 × 10^280 |
| 101 | ov_101 | 4.8395421479890635 × 10^280 |
| 100 | ov_100 | 5.395426316272068 × 10^280 |
| 96 | aaa_78_29 | 5.506331926207067 × 10^280 |
| 99 | ov_099 | 5.995683408722619 × 10^280 |
| 98 | ov_098 | 5.995741258887504 × 10^280 |
| 97 | ov_097 | 5.995922373375819 × 10^280 |
| 95 | aaa_78_28 | 1.4533404866007834 × 10^281 |
| 94 | ov_094 | 4.518852285837582 × 10^281 |
| 93 | ov_093 | 1.0081645053547162 × 10^282 |
| 92 | ov_092 | 1.908688386565238 × 10^282 |
| 91 | ov_091 | 3.592229665243406 × 10^282 |
| 90 | ov_090 | 7.030898816358657 × 10^282 |
| 89 | ov_089 | 1.3386025888483163 × 10^283 |
| 88 | ov_088 | 2.4008432790358907 × 10^283 |
| 87 | ov_087 | 4.0438939988523587 × 10^283 |
| 86 | ov_086 | 6.359121916540992 × 10^283 |
| 85 | ov_085 | 9.447539166391027 × 10^283 |
| 84 | ov_084 | 1.3419910127705877 × 10^284 |
| 83 | ov_083 | 1.8507658908302496 × 10^284 |
| 82 | ov_082 | 2.4962184681147538 × 10^284 |
| 81 | ov_081 | 3.3055277119012618 × 10^284 |
| 64 | lv_79_m31 | 4.2922229978191525 × 10^284 |
| 80 | ov_080 | 4.3079630672396045 × 10^284 |
| 79 | ov_079 | 5.5349468576735 × 10^284 |
| 78 | ov_078 | 7.020128748764926 × 10^284 |
| 77 | ov_077 | 8.799473366596447 × 10^284 |
| 76 | ov_076 | 1.091136216721022 × 10^285 |
| 75 | ov_075 | 1.339671065877445 × 10^285 |
| 74 | ov_074 | 1.6277995172859944 × 10^285 |
| 63 | ov_063 | 1.7719570529671357 × 10^285 |
| 73 | ov_073 | 1.957914163161403 × 10^285 |
| 72 | ov_072 | 2.3349541292233698 × 10^285 |
| 71 | ov_071 | 2.764176429583726 × 10^285 |
| 70 | ov_070 | 3.2484665815450706 × 10^285 |
| 69 | ov_069 | 3.7908973746215094 × 10^285 |
| 68 | ov_068 | 4.3947423164786636 × 10^285 |
| 67 | ov_067 | 5.063490356650919 × 10^285 |
| 66 | ov_066 | 5.06349472459126 × 10^285 |
| 65 | ov_065 | 5.063508203677232 × 10^285 |
| 62 | ov_062 | 7.311172417996285 × 10^285 |
| 61 | ov_061 | 2.207361097680911 × 10^286 |
| 60 | ov_060 | 5.350488411080579 × 10^286 |
| 59 | ov_059 | 1.1099194877793728 × 10^287 |
| 58 | ov_058 | 2.0459053251726116 × 10^287 |
| 57 | ov_057 | 3.4435644977657533 × 10^287 |
| 56 | ov_056 | 5.865131182322528 × 10^287 |
| 55 | ov_055 | 1.0535641107486915 × 10^288 |
| 54 | ov_054 | 1.8881277913601724 × 10^288 |
| 53 | ov_053 | 3.252940952894541 × 10^288 |
| 52 | ov_052 | 5.330865181629091 × 10^288 |
| 51 | ov_051 | 8.324898609576779 × 10^288 |
| 50 | ov_050 | 1.2458198543007983 × 10^289 |
| 49 | ov_049 | 1.7974123157233066 × 10^289 |
| 48 | ov_048 | 2.5009566308384533 × 10^289 |
| 47 | ov_047 | 3.3711646351133654 × 10^289 |
| 32 | lv_80_m31 | 4.0205131049250294 × 10^289 |
| 46 | ov_046 | 4.4237799764186764 × 10^289 |
| 45 | ov_045 | 5.675590580172822 × 10^289 |
| 44 | ov_044 | 7.144444771051669 × 10^289 |
| 43 | ov_043 | 8.849271876280955 × 10^289 |
| 42 | ov_042 | 1.0829037643755297 × 10^290 |
| 41 | ov_041 | 1.3124954674428677 × 10^290 |
| 40 | ov_040 | 1.5780555501348412 × 10^290 |
| 31 | ov_031 | 1.6641169513303041 × 10^290 |
| 39 | ov_039 | 1.8841782419708846 × 10^290 |
| 38 | ov_038 | 2.235709667243826 × 10^290 |
| 37 | ov_037 | 2.637760977779942 × 10^290 |
| 36 | ov_036 | 3.0957239975052533 × 10^290 |
| 35 | ov_035 | 3.615289675151443 × 10^290 |
| 34 | ov_034 | 4.199546851003619 × 10^290 |
| 33 | ov_033 | 4.8517637132493715 × 10^290 |
| 30 | ov_030 | 6.885805591571399 × 10^290 |
| 29 | ov_029 | 2.0846026143850247 × 10^291 |
| 28 | ov_028 | 5.066398441838225 × 10^291 |
| 27 | ov_027 | 1.2120531915364094 × 10^292 |
| 26 | ov_026 | 2.918614477401569 × 10^292 |
| 25 | ov_025 | 6.413441539751191 × 10^292 |
| 24 | ov_024 | 1.2676859465549831 × 10^293 |
| 23 | ov_023 | 2.2882409960914214 × 10^293 |
| 22 | ov_022 | 3.839687151602389 × 10^293 |
| 21 | ov_021 | 6.078029692380546 × 10^293 |
| 20 | ov_020 | 9.178607573641331 × 10^293 |
| 19 | ov_019 | 1.3336103425497948 × 10^294 |
| 18 | ov_018 | 1.876456061931741 × 10^294 |
| 17 | ov_017 | 2.569741429010498 × 10^294 |
| 16 | ov_016 | 3.4387546458315095 × 10^294 |
| 15 | ov_015 | 4.510737746557823 × 10^294 |
| 14 | ov_014 | 5.814900754866928 × 10^294 |
| 13 | ov_013 | 7.382442398667605 × 10^294 |
| 12 | ov_012 | 9.246579086847149 × 10^294 |
| 11 | ov_011 | 1.1442583887513435 × 10^295 |
| 10 | ov_010 | 1.4007837018791457 × 10^295 |
| 9 | ov_009 | 1.6962665136066977 × 10^295 |
| 8 | ov_008 | 2.0328539854632396 × 10^295 |
| 7 | ov_007 | 2.41281280017491 × 10^295 |
| 6 | ov_006 | 2.840801738869513 × 10^295 |
| 5 | ov_005 | 3.3193451740497555 × 10^295 |
| 4 | ov_004 | 3.8511077127670383 × 10^295 |
| 3 | ov_003 | 4.4389034240161347 × 10^295 |
| 2 | ov_002 | 5.085706507298092 × 10^295 |
| 1 | ov_001 | 5.794663586231042 × 10^295 |

