# Results for F001-F002-F003-F004-F005-F006-F007-F008-F009-F010-F011-F012-F013-F014-F015-F016-F017-F018-F019-F020-F021-F022-F023-F024-F025-F026-F027-F028-F029-F030-F031-F032-F033-F034-F035-F036-F037-F038-F039-F040-F041-F042-F043-F044-F045-F046-F047-F048-F049-F050-F051-F052-F053-F054-F055-F056-F057-F058-F059-F060-F061-F062-F063-F064-F065-F066-F067-F068-F069-F070-F071-F072-F073-F074-F075-F076-F077-F078-F079-F080-F081-F082-F083-F084-F085-F086-F087-F088-F089-F090-F091-F092-F093-F094-F095-F096-F097-F098-F099-F100-F101-F102-F103-F104-F105-F106-F107-F108-F109-F110-F111-F112-F113-F114-F115-F116-F117-F118-F119-F120-F121-F122-F123-F124-F125-F126-F127-F128-F129-F130-F131-F132-F133-F134-F135-F136-F137-F138-F139-F140-F141-F142-F143-F144-F145-F146-F147-F148-F149-F150-F151-F152-F153-F154-F155-F156-F157-F158-F159-F160-F161-F162-F163-F164-F165-F166-F167-F168-F169-F170-F171-F172-F173-F174-F175-F176-F177-F178-F179-F180-F181-F182-F183-F184-F185-F186-F187-F188-F189-F190-F191-F192-F193-F194-F195-F196-F197-F198-F199-F200-F201-F202-F203-F204-F205-F206-F207-F208-F209-F210-F211-F212-F213-F214-F215-F216-F217-F218-F219-F220-F221-F222-F223-F224-F225-F226-F227-F228-F229-F230-F231-F232-F233-F234-F235-F236-F237-F238-F239-F240-F241-F242-F243-F244-F245-F246-F247-F248-F249-F250-F251-F252-F253-F254-F255-F256-F257-F258-F259-F260-F261-F262-F263-F264-F265-F266-F267-F268-F269-F270-F271-F272-F273-F274-F275-F276-F277-F278-F279-F280-F281-F282-F283-F284-F285-F286-F287-F288-F289-F290-F291-F292-F293-F294-F295-F296-F297-F298-F299-F300-F301-F302-F303-F304-F305-F306-F307-F308-F309-F310-F311-F312-F313-F314-F315-F316-F317-F318-F319-F320-F321-F322-F323-F324-F325-F326-F327-F328-F329-F330-F331-F332-F333-F334-F335-F336-F337-F338-F339-F340-F341-F342-F343-F344-F345-F346-F347-F348-F349-F350-F351-F352-F353-F354-F355-F356-F357-F358-F359-F360-F361-F362-F363-F364-F365-F366-F367-F368-F369-F370-F371-F372-F373-F374-F375-F376-F377-F378-F379-F380-F381-F382-F383-F384-F385-F386-F387-F388-F389-F390-F391-F392-F393-F394-F395-F396-F397-F398-F399-F400-F401-F402-F403-F404-F405-F406-F407-F408-F409-F410-F411-F412-F413-F414-F415-F416-F417-F418-F419-F420-F421-F422-F423-F424-F425-F426-F427-F428-F429-F430-F431-F432-F433-F434-F435-F436-F437-F438-F439-F440-F441-F442-F443-F444-F445-F446-F447-F448-F449-F450-F451-F452-F453-F454-F455-F456-F457-F458-F459-F460-F461-F462-F463-F464-F465-F466-F467-F468-F469-F470-F471-F472-F473-F474-F475-F476-F477-F478-F479-F480-F481-F482-F483-F484-F485-F486-F487-F488-F489-F490-F491-F492-F493-F494-F495-F496-F497-F498-F499-F500-F501-F502-F503-F504-E505506-E505507-E506510-F509

## Summary

Number of input bits: 512  
Number of free input bits: 4  
Number of output bits: 160

Number of direct occurrences: 17154  
Number of assignments: 30292  
Number of operations: 10847354
(xor: 10817320,
and: 17335,
or: 12699)

Total complexity: 1.074768807966594 × 10^296

Least occurring input variable: iv_508 (4050)  
Most occurring input variable: iv_505 (4577)

Most co-occurring input variables: iv_511-iv_512 (2082)  
Least co-occurring input variables: iv_505-iv_508 (1916)

Potentially most occurring input variable: iv_505/iv_511 (4849)  
Potentially least occurring input variable: iv_508/iv_511 (4342)

Least output occurring input variable: iv_508 (70)  
Most output occurring input variable: iv_512 (83)

Most output co-occurring input variables: iv_511-iv_512 (45)  
Least output co-occurring input variables: iv_508-iv_512 (31)

Potentially most output occurring input variable: iv_508/iv_512 (91)  
Potentially least output occurring input variable: iv_505/iv_508 (73)

Least complex input bit: iv_508 (1.0866930527827096 × 10^295)  
Most complex input bit: iv_505 (4.574357701274076 × 10^295)

Least complex output bit: aaa_76_29 (2.0132761534751065 × 10^271)  
Most complex output bit: ov_001 (1.6493117118933266 × 10^295)

Least complex input/output complexity: iv_508/aaa_76_29 (2.0356128621314604 × 10^270)  
Most complex input/output complexity:  (7.019688025162035 × 10^294)

Input variable with highest collision probability: iv_508 (½^160.00000000000065)

## Input Bits

### Input Bits in Regular Order

| Input Bit | Complexity | Occurrences | Output Occurrences | Collision Probability |
|:---------:|:----------:|:-----------:|:------------------:|:---------------------:|
| iv_505 | 4.574357701274076 × 10^295 | 4577 | 75 | ½^160.00000000000077 |
| iv_508 | 1.0866930527827096 × 10^295 | 4050 | 70 | ½^160.00000000000065 |
| iv_511 | 2.3298091592802484 × 10^295 | 4172 | 81 | ½^160.00000000000065 |
| iv_512 | 2.756828166328898 × 10^295 | 4355 | 83 | ½^160.00000000000077 |

### Input Bits Sorted by Complexity

| Input Bit | Complexity | Occurrences | Output Occurrences | Collision Probability |
|:---------:|:----------:|:-----------:|:------------------:|:---------------------:|
| iv_508 | 1.0866930527827096 × 10^295 | 4050 | 70 | ½^160.00000000000065 |
| iv_511 | 2.3298091592802484 × 10^295 | 4172 | 81 | ½^160.00000000000065 |
| iv_512 | 2.756828166328898 × 10^295 | 4355 | 83 | ½^160.00000000000077 |
| iv_505 | 4.574357701274076 × 10^295 | 4577 | 75 | ½^160.00000000000077 |

### Input Bits Sorted by Occurrences

| Input Bit | Complexity | Occurrences | Output Occurrences | Collision Probability |
|:---------:|:----------:|:-----------:|:------------------:|:---------------------:|
| iv_508 | 1.0866930527827096 × 10^295 | 4050 | 70 | ½^160.00000000000065 |
| iv_511 | 2.3298091592802484 × 10^295 | 4172 | 81 | ½^160.00000000000065 |
| iv_512 | 2.756828166328898 × 10^295 | 4355 | 83 | ½^160.00000000000077 |
| iv_505 | 4.574357701274076 × 10^295 | 4577 | 75 | ½^160.00000000000077 |

### Input Bits Sorted by Output Occurrences

| Input Bit | Complexity | Occurrences | Output Occurrences | Collision Probability |
|:---------:|:----------:|:-----------:|:------------------:|:---------------------:|
| iv_508 | 1.0866930527827096 × 10^295 | 4050 | 70 | ½^160.00000000000065 |
| iv_505 | 4.574357701274076 × 10^295 | 4577 | 75 | ½^160.00000000000077 |
| iv_511 | 2.3298091592802484 × 10^295 | 4172 | 81 | ½^160.00000000000065 |
| iv_512 | 2.756828166328898 × 10^295 | 4355 | 83 | ½^160.00000000000077 |

### Input Bits Sorted by Collision Probability

| Input Bit | Complexity | Occurrences | Output Occurrences | Collision Probability |
|:---------:|:----------:|:-----------:|:------------------:|:---------------------:|
| iv_508 | 1.0866930527827096 × 10^295 | 4050 | 70 | ½^160.00000000000065 |
| iv_511 | 2.3298091592802484 × 10^295 | 4172 | 81 | ½^160.00000000000065 |
| iv_512 | 2.756828166328898 × 10^295 | 4355 | 83 | ½^160.00000000000077 |
| iv_505 | 4.574357701274076 × 10^295 | 4577 | 75 | ½^160.00000000000077 |

## Input Bit/Output Bit Collision Probabilities

| Input Bit | Output Bit | Collision Probability |
|:---------:|:----------:|:---------------------:|
| iv_508 | ov_080 | 0.5000000000000031 |
| iv_508 | ov_002 | 0.5000000000000021 |
| iv_508 | ov_044 | 0.500000000000002 |
| iv_508 | ov_078 | 0.500000000000002 |

## Input Bit Co-occurrences

### Input Bit Co-occurrences Sorted by Co-occurrences

| Input Bits | Co-occurrences | Potential Occurrences | Output Co-occurrences | Potential Output Occurrences |
|:----------:|:--------------:|:---------------------:|:---------------------:|:----------------------------:|
| iv_511-iv_512 | 2082 | 4363 | 45 | 74 |
| iv_505-iv_512 | 2081 | 4770 | 41 | 76 |
| iv_508-iv_512 | 2000 | 4405 | 31 | 91 |
| iv_505-iv_511 | 1950 | 4849 | 33 | 90 |

### Input Bit Co-occurrences Sorted by Potential Occurrences

| Input Bits | Co-occurrences | Potential Occurrences | Output Co-occurrences | Potential Output Occurrences |
|:----------:|:--------------:|:---------------------:|:---------------------:|:----------------------------:|
| iv_508-iv_511 | 1940 | 4342 | 33 | 85 |
| iv_511-iv_512 | 2082 | 4363 | 45 | 74 |
| iv_508-iv_512 | 2000 | 4405 | 31 | 91 |
| iv_505-iv_512 | 2081 | 4770 | 41 | 76 |

### Input Bit Output Co-occurrences Sorted by Output Co-occurrences

| Input Bits | Co-occurrences | Potential Occurrences | Output Co-occurrences | Potential Output Occurrences |
|:----------:|:--------------:|:---------------------:|:---------------------:|:----------------------------:|
| iv_511-iv_512 | 2082 | 4363 | 45 | 74 |
| iv_505-iv_512 | 2081 | 4770 | 41 | 76 |
| iv_505-iv_508 | 1916 | 4795 | 36 | 73 |
| iv_505-iv_511 | 1950 | 4849 | 33 | 90 |

### Input Bit Output Co-occurrences Sorted by Potential Output Occurrences

| Input Bits | Co-occurrences | Potential Occurrences | Output Co-occurrences | Potential Output Occurrences |
|:----------:|:--------------:|:---------------------:|:---------------------:|:----------------------------:|
| iv_505-iv_508 | 1916 | 4795 | 36 | 73 |
| iv_511-iv_512 | 2082 | 4363 | 45 | 74 |
| iv_505-iv_512 | 2081 | 4770 | 41 | 76 |
| iv_508-iv_511 | 1940 | 4342 | 33 | 85 |

## Output Bits

### Output Bits in Regular Order

| Rank | Output Bit | Complexity |
|:----:|:----------:|:----------:|
| 1 | ov_001 | 1.6493117118933266 × 10^295 |
| 2 | ov_002 | 1.445717296038063 × 10^295 |
| 3 | ov_003 | 1.2602055567827744 × 10^295 |
| 4 | ov_004 | 1.0918703348456221 × 10^295 |
| 5 | ov_005 | 9.398551423620397 × 10^294 |
| 6 | ov_006 | 8.033496030581952 × 10^294 |
| 7 | ov_007 | 6.815863553075646 × 10^294 |
| 8 | ov_008 | 5.738383758982417 × 10^294 |
| 9 | ov_009 | 4.787637522057742 × 10^294 |
| 10 | ov_010 | 3.957095579434654 × 10^294 |
| 11 | ov_011 | 3.2405723293158766 × 10^294 |
| 12 | ov_012 | 2.6266722867392643 × 10^294 |
| 13 | ov_013 | 2.104624399802437 × 10^294 |
| 14 | ov_014 | 1.6642640807247412 × 10^294 |
| 15 | ov_015 | 1.2960189207546925 × 10^294 |
| 16 | ov_016 | 9.908977092376041 × 10^293 |
| 17 | ov_017 | 7.404822988889055 × 10^293 |
| 18 | ov_018 | 5.407060269160692 × 10^293 |
| 19 | ov_019 | 3.842812279923267 × 10^293 |
| 20 | ov_020 | 2.6448081540884712 × 10^293 |
| 21 | ov_021 | 1.7513663348854428 × 10^293 |
| 22 | ov_022 | 1.1063851729910697 × 10^293 |
| 23 | ov_023 | 6.59337753656617 × 10^292 |
| 24 | ov_024 | 3.6526886593524075 × 10^292 |
| 25 | ov_025 | 1.8479310954319075 × 10^292 |
| 26 | ov_026 | 8.409375759812717 × 10^291 |
| 27 | ov_027 | 3.492214537312377 × 10^291 |
| 28 | ov_028 | 1.459738626404717 × 10^291 |
| 29 | ov_029 | 6.006263123667284 × 10^290 |
| 30 | ov_030 | 1.984078181850332 × 10^290 |
| 31 | ov_031 | 4.795534711570539 × 10^289 |
| 32 | lv_80_m31 | 1.158796364593165 × 10^289 |
| 33 | ov_033 | 1.3979775937740262 × 10^290 |
| 34 | ov_034 | 1.2099222367195073 × 10^290 |
| 35 | ov_035 | 1.0415526514213536 × 10^290 |
| 36 | ov_036 | 8.918785684879647 × 10^289 |
| 37 | ov_037 | 7.599640067456417 × 10^289 |
| 38 | ov_038 | 6.440843702737415 × 10^289 |
| 39 | ov_039 | 5.426056722249932 × 10^289 |
| 40 | ov_040 | 4.539789862040758 × 10^289 |
| 41 | ov_041 | 3.767357330383195 × 10^289 |
| 42 | ov_042 | 3.101611700509913 × 10^289 |
| 43 | ov_043 | 2.5293616206334876 × 10^289 |
| 44 | ov_044 | 2.0381190603881274 × 10^289 |
| 45 | ov_045 | 1.616076993173211 × 10^289 |
| 46 | ov_046 | 1.2574996581830765 × 10^289 |
| 47 | ov_047 | 9.569787978333508 × 10^288 |
| 48 | ov_048 | 7.09427334110595 × 10^288 |
| 49 | ov_049 | 5.1007443270591615 × 10^288 |
| 50 | ov_050 | 3.544617168351853 × 10^288 |
| 51 | ov_051 | 2.3844047087190058 × 10^288 |
| 52 | ov_052 | 1.5463513582993002 × 10^288 |
| 53 | ov_053 | 9.628226712628166 × 10^287 |
| 54 | ov_054 | 5.722933132683781 × 10^287 |
| 55 | ov_055 | 3.193405312392181 × 10^287 |
| 56 | ov_056 | 1.7777803777654574 × 10^287 |
| 57 | ov_057 | 1.0437962271416727 × 10^287 |
| 58 | ov_058 | 6.201537930347123 × 10^286 |
| 59 | ov_059 | 3.3644335076681105 × 10^286 |
| 60 | ov_060 | 1.6218794573761435 × 10^286 |
| 61 | ov_061 | 6.691087411418569 × 10^285 |
| 62 | ov_062 | 2.216140086763656 × 10^285 |
| 63 | ov_063 | 5.3707599121392555 × 10^284 |
| 64 | lv_79_m31 | 1.3008466140663506 × 10^284 |
| 65 | ov_065 | 1.5327994222086818 × 10^285 |
| 66 | ov_066 | 1.532795533005636 × 10^285 |
| 67 | ov_067 | 1.532794272738061 × 10^285 |
| 68 | ov_068 | 1.3302038961826164 × 10^285 |
| 69 | ov_069 | 1.147189069091871 × 10^285 |
| 70 | ov_070 | 9.827429784413358 × 10^284 |
| 71 | ov_071 | 8.359209719282558 × 10^284 |
| 72 | ov_072 | 7.058363103541755 × 10^284 |
| 73 | ov_073 | 5.916562888253551 × 10^284 |
| 74 | ov_074 | 4.918638131571359 × 10^284 |
| 75 | ov_075 | 4.050335149370978 × 10^284 |
| 76 | ov_076 | 3.304749198595645 × 10^284 |
| 77 | ov_077 | 2.669302534773743 × 10^284 |
| 78 | ov_078 | 2.1321872324746582 × 10^284 |
| 79 | ov_079 | 1.6823266240106185 × 10^284 |
| 80 | ov_080 | 1.309341486487641 × 10^284 |
| 81 | ov_081 | 1.0035206568795657 × 10^284 |
| 82 | ov_082 | 7.557957573174427 × 10^283 |
| 83 | ov_083 | 5.577197145066289 × 10^283 |
| 84 | ov_084 | 4.014487582999105 × 10^283 |
| 85 | ov_085 | 2.7972758513352614 × 10^283 |
| 86 | ov_086 | 1.85877372408007 × 10^283 |
| 87 | ov_087 | 1.1670149924035022 × 10^283 |
| 88 | ov_088 | 6.92847964773049 × 10^282 |
| 89 | ov_089 | 3.8629774834243686 × 10^282 |
| 90 | ov_090 | 2.0289719771655046 × 10^282 |
| 91 | ov_091 | 1.036625626567816 × 10^282 |
| 92 | ov_092 | 5.507885710046863 × 10^281 |
| 93 | ov_093 | 2.9091994255611108 × 10^281 |
| 94 | ov_094 | 1.3039506946038026 × 10^281 |
| 95 | aaa_78_28 | 4.19364131991842 × 10^280 |
| 96 | aaa_78_29 | 1.5888169595090302 × 10^280 |
| 97 | ov_097 | 1.7299710635564988 × 10^280 |
| 98 | ov_098 | 1.7299186742601684 × 10^280 |
| 99 | ov_099 | 1.7299019279245194 × 10^280 |
| 100 | ov_100 | 1.5566314219145405 × 10^280 |
| 101 | ov_101 | 1.3961917985018228 × 10^280 |
| 102 | ov_102 | 1.247869333049857 × 10^280 |
| 103 | ov_103 | 1.1110025439958915 × 10^280 |
| 104 | ov_104 | 9.849757863171605 × 10^279 |
| 105 | ov_105 | 8.69213426927863 × 10^279 |
| 106 | ov_106 | 7.631744195629716 × 10^279 |
| 107 | ov_107 | 6.663472493192444 × 10^279 |
| 108 | ov_108 | 5.78245361064195 × 10^279 |
| 109 | ov_109 | 4.984031114429154 × 10^279 |
| 110 | ov_110 | 4.263722136709171 × 10^279 |
| 111 | ov_111 | 3.617185926832704 × 10^279 |
| 112 | ov_112 | 3.040195687100007 × 10^279 |
| 113 | ov_113 | 2.5286139226239817 × 10^279 |
| 114 | ov_114 | 2.078371537855216 × 10^279 |
| 115 | ov_115 | 1.6854503914923983 × 10^279 |
| 116 | ov_116 | 1.3458690227655532 × 10^279 |
| 117 | ov_117 | 1.0556712629047198 × 10^279 |
| 118 | ov_118 | 8.109174460937656 × 10^278 |
| 119 | ov_119 | 6.076779344695176 × 10^278 |
| 120 | ov_120 | 4.420286718598088 × 10^278 |
| 121 | ov_121 | 3.1004848101886364 × 10^278 |
| 122 | ov_122 | 2.0781769034117442 × 10^278 |
| 123 | ov_123 | 1.3141748972769608 × 10^278 |
| 124 | ov_124 | 7.692955555120726 × 10^277 |
| 125 | ov_125 | 4.0435804485997757 × 10^277 |
| 126 | ov_126 | 1.801825183395739 × 10^277 |
| 127 | aaa_77_28 | 5.758944431659818 × 10^276 |
| 128 | aaa_77_29 | 2.161135832373883 × 10^276 |
| 129 | ov_129 | 2.0111012546499156 × 10^276 |
| 130 | ov_130 | 2.011096352192679 × 10^276 |
| 131 | ov_131 | 2.0110947750025041 × 10^276 |
| 132 | ov_132 | 1.7510319569819473 × 10^276 |
| 133 | ov_133 | 1.5158312673564054 × 10^276 |
| 134 | ov_134 | 1.304306825659838 × 10^276 |
| 135 | ov_135 | 1.1153405753845613 × 10^276 |
| 136 | ov_136 | 9.478772188786915 × 10^275 |
| 137 | ov_137 | 7.999770106988584 × 10^275 |
| 138 | ov_138 | 6.698053940241166 × 10^275 |
| 139 | ov_139 | 5.556265945376988 × 10^275 |
| 140 | ov_140 | 4.5579813819813165 × 10^275 |
| 141 | ov_141 | 3.695214833686541 × 10^275 |
| 142 | ov_142 | 2.9604136019363828 × 10^275 |
| 143 | ov_143 | 2.339703168940324 × 10^275 |
| 144 | ov_144 | 1.8199988419165642 × 10^275 |
| 145 | ov_145 | 1.388985088193352 × 10^275 |
| 146 | ov_146 | 1.0350993954557816 × 10^275 |
| 147 | ov_147 | 7.5274700481936015 × 10^274 |
| 148 | ov_148 | 5.318376180087889 × 10^274 |
| 149 | ov_149 | 3.630058429964619 × 10^274 |
| 150 | ov_150 | 2.3760659265058425 × 10^274 |
| 151 | ov_151 | 1.4771201070356386 × 10^274 |
| 152 | ov_152 | 8.610951504368965 × 10^273 |
| 153 | ov_153 | 4.63006444486272 × 10^273 |
| 154 | ov_154 | 2.250045139277207 × 10^273 |
| 155 | ov_155 | 9.637208716980379 × 10^272 |
| 156 | aaa_76_25 | 3.3522723256840586 × 10^272 |
| 157 | aaa_76_26 | 2.064180966901197 × 10^272 |
| 158 | aaa_76_27 | 1.1325688237377622 × 10^272 |
| 159 | aaa_76_28 | 5.341872170389689 × 10^271 |
| 160 | aaa_76_29 | 2.0132761534751065 × 10^271 |

### Output Bits Sorted by Complexity

| Rank | Output Bit | Complexity |
|:----:|:----------:|:----------:|
| 160 | aaa_76_29 | 2.0132761534751065 × 10^271 |
| 159 | aaa_76_28 | 5.341872170389689 × 10^271 |
| 158 | aaa_76_27 | 1.1325688237377622 × 10^272 |
| 157 | aaa_76_26 | 2.064180966901197 × 10^272 |
| 156 | aaa_76_25 | 3.3522723256840586 × 10^272 |
| 155 | ov_155 | 9.637208716980379 × 10^272 |
| 154 | ov_154 | 2.250045139277207 × 10^273 |
| 153 | ov_153 | 4.63006444486272 × 10^273 |
| 152 | ov_152 | 8.610951504368965 × 10^273 |
| 151 | ov_151 | 1.4771201070356386 × 10^274 |
| 150 | ov_150 | 2.3760659265058425 × 10^274 |
| 149 | ov_149 | 3.630058429964619 × 10^274 |
| 148 | ov_148 | 5.318376180087889 × 10^274 |
| 147 | ov_147 | 7.5274700481936015 × 10^274 |
| 146 | ov_146 | 1.0350993954557816 × 10^275 |
| 145 | ov_145 | 1.388985088193352 × 10^275 |
| 144 | ov_144 | 1.8199988419165642 × 10^275 |
| 143 | ov_143 | 2.339703168940324 × 10^275 |
| 142 | ov_142 | 2.9604136019363828 × 10^275 |
| 141 | ov_141 | 3.695214833686541 × 10^275 |
| 140 | ov_140 | 4.5579813819813165 × 10^275 |
| 139 | ov_139 | 5.556265945376988 × 10^275 |
| 138 | ov_138 | 6.698053940241166 × 10^275 |
| 137 | ov_137 | 7.999770106988584 × 10^275 |
| 136 | ov_136 | 9.478772188786915 × 10^275 |
| 135 | ov_135 | 1.1153405753845613 × 10^276 |
| 134 | ov_134 | 1.304306825659838 × 10^276 |
| 133 | ov_133 | 1.5158312673564054 × 10^276 |
| 132 | ov_132 | 1.7510319569819473 × 10^276 |
| 131 | ov_131 | 2.0110947750025041 × 10^276 |
| 130 | ov_130 | 2.011096352192679 × 10^276 |
| 129 | ov_129 | 2.0111012546499156 × 10^276 |
| 128 | aaa_77_29 | 2.161135832373883 × 10^276 |
| 127 | aaa_77_28 | 5.758944431659818 × 10^276 |
| 126 | ov_126 | 1.801825183395739 × 10^277 |
| 125 | ov_125 | 4.0435804485997757 × 10^277 |
| 124 | ov_124 | 7.692955555120726 × 10^277 |
| 123 | ov_123 | 1.3141748972769608 × 10^278 |
| 122 | ov_122 | 2.0781769034117442 × 10^278 |
| 121 | ov_121 | 3.1004848101886364 × 10^278 |
| 120 | ov_120 | 4.420286718598088 × 10^278 |
| 119 | ov_119 | 6.076779344695176 × 10^278 |
| 118 | ov_118 | 8.109174460937656 × 10^278 |
| 117 | ov_117 | 1.0556712629047198 × 10^279 |
| 116 | ov_116 | 1.3458690227655532 × 10^279 |
| 115 | ov_115 | 1.6854503914923983 × 10^279 |
| 114 | ov_114 | 2.078371537855216 × 10^279 |
| 113 | ov_113 | 2.5286139226239817 × 10^279 |
| 112 | ov_112 | 3.040195687100007 × 10^279 |
| 111 | ov_111 | 3.617185926832704 × 10^279 |
| 110 | ov_110 | 4.263722136709171 × 10^279 |
| 109 | ov_109 | 4.984031114429154 × 10^279 |
| 108 | ov_108 | 5.78245361064195 × 10^279 |
| 107 | ov_107 | 6.663472493192444 × 10^279 |
| 106 | ov_106 | 7.631744195629716 × 10^279 |
| 105 | ov_105 | 8.69213426927863 × 10^279 |
| 104 | ov_104 | 9.849757863171605 × 10^279 |
| 103 | ov_103 | 1.1110025439958915 × 10^280 |
| 102 | ov_102 | 1.247869333049857 × 10^280 |
| 101 | ov_101 | 1.3961917985018228 × 10^280 |
| 100 | ov_100 | 1.5566314219145405 × 10^280 |
| 96 | aaa_78_29 | 1.5888169595090302 × 10^280 |
| 99 | ov_099 | 1.7299019279245194 × 10^280 |
| 98 | ov_098 | 1.7299186742601684 × 10^280 |
| 97 | ov_097 | 1.7299710635564988 × 10^280 |
| 95 | aaa_78_28 | 4.19364131991842 × 10^280 |
| 94 | ov_094 | 1.3039506946038026 × 10^281 |
| 93 | ov_093 | 2.9091994255611108 × 10^281 |
| 92 | ov_092 | 5.507885710046863 × 10^281 |
| 91 | ov_091 | 1.036625626567816 × 10^282 |
| 90 | ov_090 | 2.0289719771655046 × 10^282 |
| 89 | ov_089 | 3.8629774834243686 × 10^282 |
| 88 | ov_088 | 6.92847964773049 × 10^282 |
| 87 | ov_087 | 1.1670149924035022 × 10^283 |
| 86 | ov_086 | 1.85877372408007 × 10^283 |
| 85 | ov_085 | 2.7972758513352614 × 10^283 |
| 84 | ov_084 | 4.014487582999105 × 10^283 |
| 83 | ov_083 | 5.577197145066289 × 10^283 |
| 82 | ov_082 | 7.557957573174427 × 10^283 |
| 81 | ov_081 | 1.0035206568795657 × 10^284 |
| 64 | lv_79_m31 | 1.3008466140663506 × 10^284 |
| 80 | ov_080 | 1.309341486487641 × 10^284 |
| 79 | ov_079 | 1.6823266240106185 × 10^284 |
| 78 | ov_078 | 2.1321872324746582 × 10^284 |
| 77 | ov_077 | 2.669302534773743 × 10^284 |
| 76 | ov_076 | 3.304749198595645 × 10^284 |
| 75 | ov_075 | 4.050335149370978 × 10^284 |
| 74 | ov_074 | 4.918638131571359 × 10^284 |
| 63 | ov_063 | 5.3707599121392555 × 10^284 |
| 73 | ov_073 | 5.916562888253551 × 10^284 |
| 72 | ov_072 | 7.058363103541755 × 10^284 |
| 71 | ov_071 | 8.359209719282558 × 10^284 |
| 70 | ov_070 | 9.827429784413358 × 10^284 |
| 69 | ov_069 | 1.147189069091871 × 10^285 |
| 68 | ov_068 | 1.3302038961826164 × 10^285 |
| 67 | ov_067 | 1.532794272738061 × 10^285 |
| 66 | ov_066 | 1.532795533005636 × 10^285 |
| 65 | ov_065 | 1.5327994222086818 × 10^285 |
| 62 | ov_062 | 2.216140086763656 × 10^285 |
| 61 | ov_061 | 6.691087411418569 × 10^285 |
| 60 | ov_060 | 1.6218794573761435 × 10^286 |
| 59 | ov_059 | 3.3644335076681105 × 10^286 |
| 58 | ov_058 | 6.201537930347123 × 10^286 |
| 57 | ov_057 | 1.0437962271416727 × 10^287 |
| 56 | ov_056 | 1.7777803777654574 × 10^287 |
| 55 | ov_055 | 3.193405312392181 × 10^287 |
| 54 | ov_054 | 5.722933132683781 × 10^287 |
| 53 | ov_053 | 9.628226712628166 × 10^287 |
| 52 | ov_052 | 1.5463513582993002 × 10^288 |
| 51 | ov_051 | 2.3844047087190058 × 10^288 |
| 50 | ov_050 | 3.544617168351853 × 10^288 |
| 49 | ov_049 | 5.1007443270591615 × 10^288 |
| 48 | ov_048 | 7.09427334110595 × 10^288 |
| 47 | ov_047 | 9.569787978333508 × 10^288 |
| 32 | lv_80_m31 | 1.158796364593165 × 10^289 |
| 46 | ov_046 | 1.2574996581830765 × 10^289 |
| 45 | ov_045 | 1.616076993173211 × 10^289 |
| 44 | ov_044 | 2.0381190603881274 × 10^289 |
| 43 | ov_043 | 2.5293616206334876 × 10^289 |
| 42 | ov_042 | 3.101611700509913 × 10^289 |
| 41 | ov_041 | 3.767357330383195 × 10^289 |
| 40 | ov_040 | 4.539789862040758 × 10^289 |
| 31 | ov_031 | 4.795534711570539 × 10^289 |
| 39 | ov_039 | 5.426056722249932 × 10^289 |
| 38 | ov_038 | 6.440843702737415 × 10^289 |
| 37 | ov_037 | 7.599640067456417 × 10^289 |
| 36 | ov_036 | 8.918785684879647 × 10^289 |
| 35 | ov_035 | 1.0415526514213536 × 10^290 |
| 34 | ov_034 | 1.2099222367195073 × 10^290 |
| 33 | ov_033 | 1.3979775937740262 × 10^290 |
| 30 | ov_030 | 1.984078181850332 × 10^290 |
| 29 | ov_029 | 6.006263123667284 × 10^290 |
| 28 | ov_028 | 1.459738626404717 × 10^291 |
| 27 | ov_027 | 3.492214537312377 × 10^291 |
| 26 | ov_026 | 8.409375759812717 × 10^291 |
| 25 | ov_025 | 1.8479310954319075 × 10^292 |
| 24 | ov_024 | 3.6526886593524075 × 10^292 |
| 23 | ov_023 | 6.59337753656617 × 10^292 |
| 22 | ov_022 | 1.1063851729910697 × 10^293 |
| 21 | ov_021 | 1.7513663348854428 × 10^293 |
| 20 | ov_020 | 2.6448081540884712 × 10^293 |
| 19 | ov_019 | 3.842812279923267 × 10^293 |
| 18 | ov_018 | 5.407060269160692 × 10^293 |
| 17 | ov_017 | 7.404822988889055 × 10^293 |
| 16 | ov_016 | 9.908977092376041 × 10^293 |
| 15 | ov_015 | 1.2960189207546925 × 10^294 |
| 14 | ov_014 | 1.6642640807247412 × 10^294 |
| 13 | ov_013 | 2.104624399802437 × 10^294 |
| 12 | ov_012 | 2.6266722867392643 × 10^294 |
| 11 | ov_011 | 3.2405723293158766 × 10^294 |
| 10 | ov_010 | 3.957095579434654 × 10^294 |
| 9 | ov_009 | 4.787637522057742 × 10^294 |
| 8 | ov_008 | 5.738383758982417 × 10^294 |
| 7 | ov_007 | 6.815863553075646 × 10^294 |
| 6 | ov_006 | 8.033496030581952 × 10^294 |
| 5 | ov_005 | 9.398551423620397 × 10^294 |
| 4 | ov_004 | 1.0918703348456221 × 10^295 |
| 3 | ov_003 | 1.2602055567827744 × 10^295 |
| 2 | ov_002 | 1.445717296038063 × 10^295 |
| 1 | ov_001 | 1.6493117118933266 × 10^295 |

