# Results for F001-F002-F003-F004-F005-F006-F007-F008-F009-F010-F011-F012-F013-F014-F015-F016-F017-F018-F019-F020-F021-F022-F023-F024-F025-F026-F027-F028-F029-F030-F031-F032-F033-F034-F035-F036-F037-F038-F039-F040-F041-F042-F043-F044-F045-F046-F047-F048-F049-F050-F051-F052-F053-F054-F055-F056-F057-F058-F059-F060-F061-F062-F063-F064-F065-F066-F067-F068-F069-F070-F071-F072-F073-F074-F075-F076-F077-F078-F079-F080-F081-F082-F083-F084-F085-F086-F087-F088-F089-F090-F091-F092-F093-F094-F095-F096-F097-F098-F099-F100-F101-F102-F103-F104-F105-F106-F107-F108-F109-F110-F111-F112-F113-F114-F115-F116-F117-F118-F119-F120-F121-F122-F123-F124-F125-F126-F127-F128-F129-F130-F131-F132-F133-F134-F135-F136-F137-F138-F139-F140-F141-F142-F143-F144-F145-F146-F147-F148-F149-F150-F151-F152-F153-F154-F155-F156-F157-F158-F159-F160-F161-F162-F163-F164-F165-F166-F167-F168-F169-F170-F171-F172-F173-F174-F175-F176-F177-F178-F179-F180-F181-F182-F183-F184-F185-F186-F187-F188-F189-F190-F191-F192-F193-F194-F195-F196-F197-F198-F199-F200-F201-F202-F203-F204-F205-F206-F207-F208-F209-F210-F211-F212-F213-F214-F215-F216-F217-F218-F219-F220-F221-F222-F223-F224-F225-F226-F227-F228-F229-F230-F231-F232-F233-F234-F235-F236-F237-F238-F239-F240-F241-F242-F243-F244-F245-F246-F247-F248-F249-F250-F251-F252-F253-F254-F255-F256-F257-F258-F259-F260-F261-F262-F263-F264-F265-F266-F267-F268-F269-F270-F271-F272-F273-F274-F275-F276-F277-F278-F279-F280-F281-F282-F283-F284-F285-F286-F287-F288-F289-F290-F291-F292-F293-F294-F295-F296-F297-F298-F299-F300-F301-F302-F303-F304-F305-F306-F307-F308-F309-F310-F311-F312-F313-F314-F315-F316-F317-F318-F319-F320-F321-F322-F323-F324-F325-F326-F327-F328-F329-F330-F331-F332-F333-F334-F335-F336-F337-F338-F339-F340-F341-F342-F343-F344-F345-F346-F347-F348-F349-F350-F351-F352-F353-F354-F355-F356-F357-F358-F359-F360-F361-F362-F363-F364-F365-F366-F367-F368-F369-F370-F371-F372-F373-F374-F375-F376-F377-F378-F379-F380-F381-F382-F383-F384-F385-F386-F387-F388-F389-F390-F391-F392-F393-F394-F395-F396-F397-F398-F399-F400-F401-F402-F403-F404-F405-F406-F407-F408-F409-F410-F411-F412-F413-F414-F415-F416-F417-F418-F419-F420-F421-F422-F423-F424-F425-F426-F427-F428-F429-F430-F431-F432-F433-F434-F435-F436-F437-F438-F439-F440-F441-F442-F443-F444-F445-F446-F447-F448-F449-F450-F451-F452-F453-F454-F455-F456-F457-F458-F459-F460-F461-F462-F463-F464-F465-F466-F467-F468-F469-F470-F471-F472-F473-F474-F475-F476-F477-F478-F479-F480-F481-F482-F483-F484-F485-F486-F487-F488-F489-F490-F491-F492-F493-F494-F495-F496-F497-F498-F499-F500-F501-F502-F503-F504-E505506-E505507-E505510-E507509

## Summary

Number of input bits: 512  
Number of free input bits: 4  
Number of output bits: 160

Number of direct occurrences: 17253  
Number of assignments: 30392  
Number of operations: 10894093
(xor: 10863957,
and: 17379,
or: 12757)

Total complexity: 2.940123560438303 × 10^296

Least occurring input variable: iv_508 (4056)  
Most occurring input variable: iv_505 (4790)

Most co-occurring input variables: iv_505-iv_512 (2075)  
Least co-occurring input variables: iv_508-iv_511 (1906)

Potentially most occurring input variable: iv_505/iv_511 (4926)  
Potentially least occurring input variable: iv_511/iv_512 (4337)

Least output occurring input variable: iv_508 (70)  
Most output occurring input variable: iv_505 (80)

Most output co-occurring input variables: iv_505-iv_512 (40)  
Least output co-occurring input variables: iv_508-iv_512 (29)

Potentially most output occurring input variable: iv_505/iv_511 (92)  
Potentially least output occurring input variable: iv_508/iv_511 (74)

Least complex input bit: iv_511 (4.835792139446223 × 10^295)  
Most complex input bit: iv_505 (1.3092148991251346 × 10^296)

Least complex output bit: aaa_76_29 (5.77401951571382 × 10^271)  
Most complex output bit: ov_001 (4.498387253002846 × 10^295)

Least complex input/output complexity: iv_511/aaa_76_29 (9.496865561301592 × 10^270)  
Most complex input/output complexity:  (2.0030979965984634 × 10^295)

Input variable with highest collision probability: iv_512 (½^160.00000000000065)

## Input Bits

### Input Bits in Regular Order

| Input Bit | Complexity | Occurrences | Output Occurrences | Collision Probability |
|:---------:|:----------:|:-----------:|:------------------:|:---------------------:|
| iv_505 | 1.3092148991251346 × 10^296 | 4790 | 80 | ½^160.0000000000007 |
| iv_508 | 5.768423511940565 × 10^295 | 4056 | 70 | ½^160.0000000000007 |
| iv_511 | 4.835792139446223 × 10^295 | 4126 | 74 | ½^160.00000000000085 |
| iv_512 | 5.704870961744933 × 10^295 | 4281 | 78 | ½^160.00000000000065 |

### Input Bits Sorted by Complexity

| Input Bit | Complexity | Occurrences | Output Occurrences | Collision Probability |
|:---------:|:----------:|:-----------:|:------------------:|:---------------------:|
| iv_511 | 4.835792139446223 × 10^295 | 4126 | 74 | ½^160.00000000000085 |
| iv_512 | 5.704870961744933 × 10^295 | 4281 | 78 | ½^160.00000000000065 |
| iv_508 | 5.768423511940565 × 10^295 | 4056 | 70 | ½^160.0000000000007 |
| iv_505 | 1.3092148991251346 × 10^296 | 4790 | 80 | ½^160.0000000000007 |

### Input Bits Sorted by Occurrences

| Input Bit | Complexity | Occurrences | Output Occurrences | Collision Probability |
|:---------:|:----------:|:-----------:|:------------------:|:---------------------:|
| iv_508 | 5.768423511940565 × 10^295 | 4056 | 70 | ½^160.0000000000007 |
| iv_511 | 4.835792139446223 × 10^295 | 4126 | 74 | ½^160.00000000000085 |
| iv_512 | 5.704870961744933 × 10^295 | 4281 | 78 | ½^160.00000000000065 |
| iv_505 | 1.3092148991251346 × 10^296 | 4790 | 80 | ½^160.0000000000007 |

### Input Bits Sorted by Output Occurrences

| Input Bit | Complexity | Occurrences | Output Occurrences | Collision Probability |
|:---------:|:----------:|:-----------:|:------------------:|:---------------------:|
| iv_508 | 5.768423511940565 × 10^295 | 4056 | 70 | ½^160.0000000000007 |
| iv_511 | 4.835792139446223 × 10^295 | 4126 | 74 | ½^160.00000000000085 |
| iv_512 | 5.704870961744933 × 10^295 | 4281 | 78 | ½^160.00000000000065 |
| iv_505 | 1.3092148991251346 × 10^296 | 4790 | 80 | ½^160.0000000000007 |

### Input Bits Sorted by Collision Probability

| Input Bit | Complexity | Occurrences | Output Occurrences | Collision Probability |
|:---------:|:----------:|:-----------:|:------------------:|:---------------------:|
| iv_512 | 5.704870961744933 × 10^295 | 4281 | 78 | ½^160.00000000000065 |
| iv_505 | 1.3092148991251346 × 10^296 | 4790 | 80 | ½^160.0000000000007 |
| iv_508 | 5.768423511940565 × 10^295 | 4056 | 70 | ½^160.0000000000007 |
| iv_511 | 4.835792139446223 × 10^295 | 4126 | 74 | ½^160.00000000000085 |

## Input Bit/Output Bit Collision Probabilities

| Input Bit | Output Bit | Collision Probability |
|:---------:|:----------:|:---------------------:|
| iv_508 | ov_138 | 0.500000000000002 |
| iv_512 | ov_091 | 0.5000000000000018 |
| iv_505 | ov_026 | 0.5000000000000016 |
| iv_505 | ov_058 | 0.5000000000000016 |

## Input Bit Co-occurrences

### Input Bit Co-occurrences Sorted by Co-occurrences

| Input Bits | Co-occurrences | Potential Occurrences | Output Co-occurrences | Potential Output Occurrences |
|:----------:|:--------------:|:---------------------:|:---------------------:|:----------------------------:|
| iv_505-iv_512 | 2075 | 4921 | 40 | 78 |
| iv_505-iv_508 | 2041 | 4764 | 38 | 74 |
| iv_511-iv_512 | 2035 | 4337 | 39 | 74 |
| iv_505-iv_511 | 1995 | 4926 | 31 | 92 |

### Input Bit Co-occurrences Sorted by Potential Occurrences

| Input Bits | Co-occurrences | Potential Occurrences | Output Co-occurrences | Potential Output Occurrences |
|:----------:|:--------------:|:---------------------:|:---------------------:|:----------------------------:|
| iv_511-iv_512 | 2035 | 4337 | 39 | 74 |
| iv_508-iv_511 | 1906 | 4370 | 35 | 74 |
| iv_508-iv_512 | 1944 | 4449 | 29 | 90 |
| iv_505-iv_508 | 2041 | 4764 | 38 | 74 |

### Input Bit Output Co-occurrences Sorted by Output Co-occurrences

| Input Bits | Co-occurrences | Potential Occurrences | Output Co-occurrences | Potential Output Occurrences |
|:----------:|:--------------:|:---------------------:|:---------------------:|:----------------------------:|
| iv_505-iv_512 | 2075 | 4921 | 40 | 78 |
| iv_511-iv_512 | 2035 | 4337 | 39 | 74 |
| iv_505-iv_508 | 2041 | 4764 | 38 | 74 |
| iv_508-iv_511 | 1906 | 4370 | 35 | 74 |

### Input Bit Output Co-occurrences Sorted by Potential Output Occurrences

| Input Bits | Co-occurrences | Potential Occurrences | Output Co-occurrences | Potential Output Occurrences |
|:----------:|:--------------:|:---------------------:|:---------------------:|:----------------------------:|
| iv_508-iv_511 | 1906 | 4370 | 35 | 74 |
| iv_511-iv_512 | 2035 | 4337 | 39 | 74 |
| iv_505-iv_508 | 2041 | 4764 | 38 | 74 |
| iv_505-iv_512 | 2075 | 4921 | 40 | 78 |

## Output Bits

### Output Bits in Regular Order

| Rank | Output Bit | Complexity |
|:----:|:----------:|:----------:|
| 1 | ov_001 | 4.498387253002846 × 10^295 |
| 2 | ov_002 | 3.9466908723628454 × 10^295 |
| 3 | ov_003 | 3.4436303531147923 × 10^295 |
| 4 | ov_004 | 2.9867517219847513 × 10^295 |
| 5 | ov_005 | 2.5737354823079163 × 10^295 |
| 6 | ov_006 | 2.2023870255987767 × 10^295 |
| 7 | ov_007 | 1.8706283103683458 × 10^295 |
| 8 | ov_008 | 1.576490664849979 × 10^295 |
| 9 | ov_009 | 1.3163408774469128 × 10^295 |
| 10 | ov_010 | 1.088411247791236 × 10^295 |
| 11 | ov_011 | 8.910272885506934 × 10^294 |
| 12 | ov_012 | 7.211046073258637 × 10^294 |
| 13 | ov_013 | 5.757280757860211 × 10^294 |
| 14 | ov_014 | 4.534817639079205 × 10^294 |
| 15 | ov_015 | 3.517752647297556 × 10^294 |
| 16 | ov_016 | 2.6817552236046988 × 10^294 |
| 17 | ov_017 | 2.004045717317549 × 10^294 |
| 18 | ov_018 | 1.4633792281656052 × 10^294 |
| 19 | ov_019 | 1.0400345633828376 × 10^294 |
| 20 | ov_020 | 7.158071057100636 × 10^293 |
| 21 | ov_021 | 4.7400451395633305 × 10^293 |
| 22 | ov_022 | 2.994443033506149 × 10^293 |
| 23 | ov_023 | 1.7845251447526227 × 10^293 |
| 24 | ov_024 | 9.886293345426365 × 10^292 |
| 25 | ov_025 | 5.001660489096854 × 10^292 |
| 26 | ov_026 | 2.276153930223048 × 10^292 |
| 27 | ov_027 | 9.452555888873832 × 10^291 |
| 28 | ov_028 | 3.951209482457397 × 10^291 |
| 29 | ov_029 | 1.625762599084727 × 10^291 |
| 30 | ov_030 | 5.370217307891323 × 10^290 |
| 31 | ov_031 | 1.297850121959173 × 10^290 |
| 32 | lv_80_m31 | 3.1356369169986214 × 10^289 |
| 33 | ov_033 | 3.7839812324391675 × 10^290 |
| 34 | ov_034 | 3.275368654648376 × 10^290 |
| 35 | ov_035 | 2.8197408902471522 × 10^290 |
| 36 | ov_036 | 2.4145510891048448 × 10^290 |
| 37 | ov_037 | 2.0573920423445374 × 10^290 |
| 38 | ov_038 | 1.7438283506107106 × 10^290 |
| 39 | ov_039 | 1.4696575838507447 × 10^290 |
| 40 | ov_040 | 1.2308959155372306 × 10^290 |
| 41 | ov_041 | 1.0237659100482845 × 10^290 |
| 42 | ov_042 | 8.446862623073471 × 10^289 |
| 43 | ov_043 | 6.902632733796743 × 10^289 |
| 44 | ov_044 | 5.572838450581585 × 10^289 |
| 45 | ov_045 | 4.427097906384573 × 10^289 |
| 46 | ov_046 | 3.45065109632402 × 10^289 |
| 47 | ov_047 | 2.6295796515202043 × 10^289 |
| 48 | ov_048 | 1.950790950073363 × 10^289 |
| 49 | ov_049 | 1.4020057769458778 × 10^289 |
| 50 | ov_050 | 9.71748890332679 × 10^288 |
| 51 | ov_051 | 6.493420631581382 × 10^288 |
| 52 | ov_052 | 4.158020667225162 × 10^288 |
| 53 | ov_053 | 2.53721475358277 × 10^288 |
| 54 | ov_054 | 1.4726546857186455 × 10^288 |
| 55 | ov_055 | 8.217006896085019 × 10^287 |
| 56 | ov_056 | 4.5741227057732934 × 10^287 |
| 57 | ov_057 | 2.6854325706833694 × 10^287 |
| 58 | ov_058 | 1.5953896795633512 × 10^287 |
| 59 | ov_059 | 8.654467905792134 × 10^286 |
| 60 | ov_060 | 4.1715876435534175 × 10^286 |
| 61 | ov_061 | 1.7208113830766076 × 10^286 |
| 62 | ov_062 | 5.698933338165785 × 10^285 |
| 63 | ov_063 | 1.381007939919859 × 10^285 |
| 64 | lv_79_m31 | 3.344701674618921 × 10^284 |
| 65 | ov_065 | 3.9425741798558473 × 10^285 |
| 66 | ov_066 | 3.9425636829949044 × 10^285 |
| 67 | ov_067 | 3.942560281425882 × 10^285 |
| 68 | ov_068 | 3.420589481643795 × 10^285 |
| 69 | ov_069 | 2.9494037398052324 × 10^285 |
| 70 | ov_070 | 2.526286537996322 × 10^285 |
| 71 | ov_071 | 2.1486891017423143 × 10^285 |
| 72 | ov_072 | 1.814218933833659 × 10^285 |
| 73 | ov_073 | 1.520629343434441 × 10^285 |
| 74 | ov_074 | 1.2638271486277201 × 10^285 |
| 75 | ov_075 | 1.0399666624586722 × 10^285 |
| 76 | ov_076 | 8.47184967419479 × 10^284 |
| 77 | ov_077 | 6.820885609971573 × 10^284 |
| 78 | ov_078 | 5.43033999985187 × 10^284 |
| 79 | ov_079 | 4.2703276822898204 × 10^284 |
| 80 | ov_080 | 3.3128451360063765 × 10^284 |
| 81 | ov_081 | 2.5316911833370476 × 10^284 |
| 82 | ov_082 | 1.9023987917127812 × 10^284 |
| 83 | ov_083 | 1.4021771191164059 × 10^284 |
| 84 | ov_084 | 1.0098629524323577 × 10^284 |
| 85 | ov_085 | 7.058806895050138 × 10^283 |
| 86 | ov_086 | 4.722100167571481 × 10^283 |
| 87 | ov_087 | 3.0022601372572062 × 10^283 |
| 88 | ov_088 | 1.820631014493722 × 10^283 |
| 89 | ov_089 | 1.0423714114526209 × 10^283 |
| 90 | ov_090 | 5.475000066763446 × 10^282 |
| 91 | ov_091 | 2.797310659501273 × 10^282 |
| 92 | ov_092 | 1.4863297816508864 × 10^282 |
| 93 | ov_093 | 7.850819060892722 × 10^281 |
| 94 | ov_094 | 3.5189700830127924 × 10^281 |
| 95 | aaa_78_28 | 1.1317708217106279 × 10^281 |
| 96 | aaa_78_29 | 4.288031107894253 × 10^280 |
| 97 | ov_097 | 4.668540680107728 × 10^280 |
| 98 | ov_098 | 4.668400593570096 × 10^280 |
| 99 | ov_099 | 4.668355912112357 × 10^280 |
| 100 | ov_100 | 4.200997768106896 × 10^280 |
| 101 | ov_101 | 3.7681533968863416 × 10^280 |
| 102 | ov_102 | 3.3679251554281623 × 10^280 |
| 103 | ov_103 | 2.998552866876359 × 10^280 |
| 104 | ov_104 | 2.658395964228281 × 10^280 |
| 105 | ov_105 | 2.345917523362387 × 10^280 |
| 106 | ov_106 | 2.0596698775623403 × 10^280 |
| 107 | ov_107 | 1.7982815102951947 × 10^280 |
| 108 | ov_108 | 1.5604453365883589 × 10^280 |
| 109 | ov_109 | 1.344908486505361 × 10^280 |
| 110 | ov_110 | 1.1504633414990376 × 10^280 |
| 111 | ov_111 | 9.759394266015556 × 10^279 |
| 112 | ov_112 | 8.201960837453356 × 10^279 |
| 113 | ov_113 | 6.82116152331195 × 10^279 |
| 114 | ov_114 | 5.606006048841718 × 10^279 |
| 115 | ov_115 | 4.545639363986641 × 10^279 |
| 116 | ov_116 | 3.629303438320602 × 10^279 |
| 117 | ov_117 | 2.8463073245702214 × 10^279 |
| 118 | ov_118 | 2.1860046719625448 × 10^279 |
| 119 | ov_119 | 1.6377771957489743 × 10^279 |
| 120 | ov_120 | 1.1910226096437115 × 10^279 |
| 121 | ov_121 | 8.351468794406314 × 10^278 |
| 122 | ov_122 | 5.595602869704753 × 10^278 |
| 123 | ov_123 | 3.536755838500766 × 10^278 |
| 124 | ov_124 | 2.06906916456138 × 10^278 |
| 125 | ov_125 | 1.0866912020878508 × 10^278 |
| 126 | ov_126 | 4.837731336930934 × 10^277 |
| 127 | aaa_77_28 | 1.5446704646704556 × 10^277 |
| 128 | aaa_77_29 | 5.787764960763411 × 10^276 |
| 129 | ov_129 | 5.345922630974472 × 10^276 |
| 130 | ov_130 | 5.345908568542282 × 10^276 |
| 131 | ov_131 | 5.345904043363897 × 10^276 |
| 132 | ov_132 | 4.638429933565092 × 10^276 |
| 133 | ov_133 | 4.0010530415370887 × 10^276 |
| 134 | ov_134 | 3.430356653234548 × 10^276 |
| 135 | ov_135 | 2.9231204318147636 × 10^276 |
| 136 | ov_136 | 2.476305854383175 × 10^276 |
| 137 | ov_137 | 2.0843311095054835 × 10^276 |
| 138 | ov_138 | 1.7419193772999787 × 10^276 |
| 139 | ov_139 | 1.444080262349845 × 10^276 |
| 140 | ov_140 | 1.1860938376050432 × 10^276 |
| 141 | ov_141 | 9.634970693019643 × 10^275 |
| 142 | ov_142 | 7.74121107662158 × 10^275 |
| 143 | ov_143 | 6.139842580850185 × 10^275 |
| 144 | ov_144 | 4.793328784895484 × 10^275 |
| 145 | ov_145 | 3.666350609601438 × 10^275 |
| 146 | ov_146 | 2.741795850690134 × 10^275 |
| 147 | ov_147 | 2.003625222157399 × 10^275 |
| 148 | ov_148 | 1.4229172710606929 × 10^275 |
| 149 | ov_149 | 9.72830463655253 × 10^274 |
| 150 | ov_150 | 6.404618556737478 × 10^274 |
| 151 | ov_151 | 4.030911869700687 × 10^274 |
| 152 | ov_152 | 2.400480764567669 × 10^274 |
| 153 | ov_153 | 1.327086215543197 × 10^274 |
| 154 | ov_154 | 6.449363777166507 × 10^273 |
| 155 | ov_155 | 2.762456592063796 × 10^273 |
| 156 | aaa_76_25 | 9.609558117434375 × 10^272 |
| 157 | aaa_76_26 | 5.917613219124663 × 10^272 |
| 158 | aaa_76_27 | 3.247222015822105 × 10^272 |
| 159 | aaa_76_28 | 1.5317977638144478 × 10^272 |
| 160 | aaa_76_29 | 5.77401951571382 × 10^271 |

### Output Bits Sorted by Complexity

| Rank | Output Bit | Complexity |
|:----:|:----------:|:----------:|
| 160 | aaa_76_29 | 5.77401951571382 × 10^271 |
| 159 | aaa_76_28 | 1.5317977638144478 × 10^272 |
| 158 | aaa_76_27 | 3.247222015822105 × 10^272 |
| 157 | aaa_76_26 | 5.917613219124663 × 10^272 |
| 156 | aaa_76_25 | 9.609558117434375 × 10^272 |
| 155 | ov_155 | 2.762456592063796 × 10^273 |
| 154 | ov_154 | 6.449363777166507 × 10^273 |
| 153 | ov_153 | 1.327086215543197 × 10^274 |
| 152 | ov_152 | 2.400480764567669 × 10^274 |
| 151 | ov_151 | 4.030911869700687 × 10^274 |
| 150 | ov_150 | 6.404618556737478 × 10^274 |
| 149 | ov_149 | 9.72830463655253 × 10^274 |
| 148 | ov_148 | 1.4229172710606929 × 10^275 |
| 147 | ov_147 | 2.003625222157399 × 10^275 |
| 146 | ov_146 | 2.741795850690134 × 10^275 |
| 145 | ov_145 | 3.666350609601438 × 10^275 |
| 144 | ov_144 | 4.793328784895484 × 10^275 |
| 143 | ov_143 | 6.139842580850185 × 10^275 |
| 142 | ov_142 | 7.74121107662158 × 10^275 |
| 141 | ov_141 | 9.634970693019643 × 10^275 |
| 140 | ov_140 | 1.1860938376050432 × 10^276 |
| 139 | ov_139 | 1.444080262349845 × 10^276 |
| 138 | ov_138 | 1.7419193772999787 × 10^276 |
| 137 | ov_137 | 2.0843311095054835 × 10^276 |
| 136 | ov_136 | 2.476305854383175 × 10^276 |
| 135 | ov_135 | 2.9231204318147636 × 10^276 |
| 134 | ov_134 | 3.430356653234548 × 10^276 |
| 133 | ov_133 | 4.0010530415370887 × 10^276 |
| 132 | ov_132 | 4.638429933565092 × 10^276 |
| 131 | ov_131 | 5.345904043363897 × 10^276 |
| 130 | ov_130 | 5.345908568542282 × 10^276 |
| 129 | ov_129 | 5.345922630974472 × 10^276 |
| 128 | aaa_77_29 | 5.787764960763411 × 10^276 |
| 127 | aaa_77_28 | 1.5446704646704556 × 10^277 |
| 126 | ov_126 | 4.837731336930934 × 10^277 |
| 125 | ov_125 | 1.0866912020878508 × 10^278 |
| 124 | ov_124 | 2.06906916456138 × 10^278 |
| 123 | ov_123 | 3.536755838500766 × 10^278 |
| 122 | ov_122 | 5.595602869704753 × 10^278 |
| 121 | ov_121 | 8.351468794406314 × 10^278 |
| 120 | ov_120 | 1.1910226096437115 × 10^279 |
| 119 | ov_119 | 1.6377771957489743 × 10^279 |
| 118 | ov_118 | 2.1860046719625448 × 10^279 |
| 117 | ov_117 | 2.8463073245702214 × 10^279 |
| 116 | ov_116 | 3.629303438320602 × 10^279 |
| 115 | ov_115 | 4.545639363986641 × 10^279 |
| 114 | ov_114 | 5.606006048841718 × 10^279 |
| 113 | ov_113 | 6.82116152331195 × 10^279 |
| 112 | ov_112 | 8.201960837453356 × 10^279 |
| 111 | ov_111 | 9.759394266015556 × 10^279 |
| 110 | ov_110 | 1.1504633414990376 × 10^280 |
| 109 | ov_109 | 1.344908486505361 × 10^280 |
| 108 | ov_108 | 1.5604453365883589 × 10^280 |
| 107 | ov_107 | 1.7982815102951947 × 10^280 |
| 106 | ov_106 | 2.0596698775623403 × 10^280 |
| 105 | ov_105 | 2.345917523362387 × 10^280 |
| 104 | ov_104 | 2.658395964228281 × 10^280 |
| 103 | ov_103 | 2.998552866876359 × 10^280 |
| 102 | ov_102 | 3.3679251554281623 × 10^280 |
| 101 | ov_101 | 3.7681533968863416 × 10^280 |
| 100 | ov_100 | 4.200997768106896 × 10^280 |
| 96 | aaa_78_29 | 4.288031107894253 × 10^280 |
| 99 | ov_099 | 4.668355912112357 × 10^280 |
| 98 | ov_098 | 4.668400593570096 × 10^280 |
| 97 | ov_097 | 4.668540680107728 × 10^280 |
| 95 | aaa_78_28 | 1.1317708217106279 × 10^281 |
| 94 | ov_094 | 3.5189700830127924 × 10^281 |
| 93 | ov_093 | 7.850819060892722 × 10^281 |
| 92 | ov_092 | 1.4863297816508864 × 10^282 |
| 91 | ov_091 | 2.797310659501273 × 10^282 |
| 90 | ov_090 | 5.475000066763446 × 10^282 |
| 89 | ov_089 | 1.0423714114526209 × 10^283 |
| 88 | ov_088 | 1.820631014493722 × 10^283 |
| 87 | ov_087 | 3.0022601372572062 × 10^283 |
| 86 | ov_086 | 4.722100167571481 × 10^283 |
| 85 | ov_085 | 7.058806895050138 × 10^283 |
| 84 | ov_084 | 1.0098629524323577 × 10^284 |
| 83 | ov_083 | 1.4021771191164059 × 10^284 |
| 82 | ov_082 | 1.9023987917127812 × 10^284 |
| 81 | ov_081 | 2.5316911833370476 × 10^284 |
| 80 | ov_080 | 3.3128451360063765 × 10^284 |
| 64 | lv_79_m31 | 3.344701674618921 × 10^284 |
| 79 | ov_079 | 4.2703276822898204 × 10^284 |
| 78 | ov_078 | 5.43033999985187 × 10^284 |
| 77 | ov_077 | 6.820885609971573 × 10^284 |
| 76 | ov_076 | 8.47184967419479 × 10^284 |
| 75 | ov_075 | 1.0399666624586722 × 10^285 |
| 74 | ov_074 | 1.2638271486277201 × 10^285 |
| 63 | ov_063 | 1.381007939919859 × 10^285 |
| 73 | ov_073 | 1.520629343434441 × 10^285 |
| 72 | ov_072 | 1.814218933833659 × 10^285 |
| 71 | ov_071 | 2.1486891017423143 × 10^285 |
| 70 | ov_070 | 2.526286537996322 × 10^285 |
| 69 | ov_069 | 2.9494037398052324 × 10^285 |
| 68 | ov_068 | 3.420589481643795 × 10^285 |
| 67 | ov_067 | 3.942560281425882 × 10^285 |
| 66 | ov_066 | 3.9425636829949044 × 10^285 |
| 65 | ov_065 | 3.9425741798558473 × 10^285 |
| 62 | ov_062 | 5.698933338165785 × 10^285 |
| 61 | ov_061 | 1.7208113830766076 × 10^286 |
| 60 | ov_060 | 4.1715876435534175 × 10^286 |
| 59 | ov_059 | 8.654467905792134 × 10^286 |
| 58 | ov_058 | 1.5953896795633512 × 10^287 |
| 57 | ov_057 | 2.6854325706833694 × 10^287 |
| 56 | ov_056 | 4.5741227057732934 × 10^287 |
| 55 | ov_055 | 8.217006896085019 × 10^287 |
| 54 | ov_054 | 1.4726546857186455 × 10^288 |
| 53 | ov_053 | 2.53721475358277 × 10^288 |
| 52 | ov_052 | 4.158020667225162 × 10^288 |
| 51 | ov_051 | 6.493420631581382 × 10^288 |
| 50 | ov_050 | 9.71748890332679 × 10^288 |
| 49 | ov_049 | 1.4020057769458778 × 10^289 |
| 48 | ov_048 | 1.950790950073363 × 10^289 |
| 47 | ov_047 | 2.6295796515202043 × 10^289 |
| 32 | lv_80_m31 | 3.1356369169986214 × 10^289 |
| 46 | ov_046 | 3.45065109632402 × 10^289 |
| 45 | ov_045 | 4.427097906384573 × 10^289 |
| 44 | ov_044 | 5.572838450581585 × 10^289 |
| 43 | ov_043 | 6.902632733796743 × 10^289 |
| 42 | ov_042 | 8.446862623073471 × 10^289 |
| 41 | ov_041 | 1.0237659100482845 × 10^290 |
| 40 | ov_040 | 1.2308959155372306 × 10^290 |
| 31 | ov_031 | 1.297850121959173 × 10^290 |
| 39 | ov_039 | 1.4696575838507447 × 10^290 |
| 38 | ov_038 | 1.7438283506107106 × 10^290 |
| 37 | ov_037 | 2.0573920423445374 × 10^290 |
| 36 | ov_036 | 2.4145510891048448 × 10^290 |
| 35 | ov_035 | 2.8197408902471522 × 10^290 |
| 34 | ov_034 | 3.275368654648376 × 10^290 |
| 33 | ov_033 | 3.7839812324391675 × 10^290 |
| 30 | ov_030 | 5.370217307891323 × 10^290 |
| 29 | ov_029 | 1.625762599084727 × 10^291 |
| 28 | ov_028 | 3.951209482457397 × 10^291 |
| 27 | ov_027 | 9.452555888873832 × 10^291 |
| 26 | ov_026 | 2.276153930223048 × 10^292 |
| 25 | ov_025 | 5.001660489096854 × 10^292 |
| 24 | ov_024 | 9.886293345426365 × 10^292 |
| 23 | ov_023 | 1.7845251447526227 × 10^293 |
| 22 | ov_022 | 2.994443033506149 × 10^293 |
| 21 | ov_021 | 4.7400451395633305 × 10^293 |
| 20 | ov_020 | 7.158071057100636 × 10^293 |
| 19 | ov_019 | 1.0400345633828376 × 10^294 |
| 18 | ov_018 | 1.4633792281656052 × 10^294 |
| 17 | ov_017 | 2.004045717317549 × 10^294 |
| 16 | ov_016 | 2.6817552236046988 × 10^294 |
| 15 | ov_015 | 3.517752647297556 × 10^294 |
| 14 | ov_014 | 4.534817639079205 × 10^294 |
| 13 | ov_013 | 5.757280757860211 × 10^294 |
| 12 | ov_012 | 7.211046073258637 × 10^294 |
| 11 | ov_011 | 8.910272885506934 × 10^294 |
| 10 | ov_010 | 1.088411247791236 × 10^295 |
| 9 | ov_009 | 1.3163408774469128 × 10^295 |
| 8 | ov_008 | 1.576490664849979 × 10^295 |
| 7 | ov_007 | 1.8706283103683458 × 10^295 |
| 6 | ov_006 | 2.2023870255987767 × 10^295 |
| 5 | ov_005 | 2.5737354823079163 × 10^295 |
| 4 | ov_004 | 2.9867517219847513 × 10^295 |
| 3 | ov_003 | 3.4436303531147923 × 10^295 |
| 2 | ov_002 | 3.9466908723628454 × 10^295 |
| 1 | ov_001 | 4.498387253002846 × 10^295 |

