# Results for F001-F002-F003-F004-F005-F006-F007-F008-F009-F010-F011-F012-F013-F014-F015-F016-F017-F018-F019-F020-F021-F022-F023-F024-F025-F026-F027-F028-F029-F030-F031-F032-F033-F034-F035-F036-F037-F038-F039-F040-F041-F042-F043-F044-F045-F046-F047-F048-F049-F050-F051-F052-F053-F054-F055-F056-F057-F058-F059-F060-F061-F062-F063-F064-F065-F066-F067-F068-F069-F070-F071-F072-F073-F074-F075-F076-F077-F078-F079-F080-F081-F082-F083-F084-F085-F086-F087-F088-F089-F090-F091-F092-F093-F094-F095-F096-F097-F098-F099-F100-F101-F102-F103-F104-F105-F106-F107-F108-F109-F110-F111-F112-F113-F114-F115-F116-F117-F118-F119-F120-F121-F122-F123-F124-F125-F126-F127-F128-F129-F130-F131-F132-F133-F134-F135-F136-F137-F138-F139-F140-F141-F142-F143-F144-F145-F146-F147-F148-F149-F150-F151-F152-F153-F154-F155-F156-F157-F158-F159-F160-F161-F162-F163-F164-F165-F166-F167-F168-F169-F170-F171-F172-F173-F174-F175-F176-F177-F178-F179-F180-F181-F182-F183-F184-F185-F186-F187-F188-F189-F190-F191-F192-F193-F194-F195-F196-F197-F198-F199-F200-F201-F202-F203-F204-F205-F206-F207-F208-F209-F210-F211-F212-F213-F214-F215-F216-F217-F218-F219-F220-F221-F222-F223-F224-F225-F226-F227-F228-F229-F230-F231-F232-F233-F234-F235-F236-F237-F238-F239-F240-F241-F242-F243-F244-F245-F246-F247-F248-F249-F250-F251-F252-F253-F254-F255-F256-F257-F258-F259-F260-F261-F262-F263-F264-F265-F266-F267-F268-F269-F270-F271-F272-F273-F274-F275-F276-F277-F278-F279-F280-F281-F282-F283-F284-F285-F286-F287-F288-F289-F290-F291-F292-F293-F294-F295-F296-F297-F298-F299-F300-F301-F302-F303-F304-F305-F306-F307-F308-F309-F310-F311-F312-F313-F314-F315-F316-F317-F318-F319-F320-F321-F322-F323-F324-F325-F326-F327-F328-F329-F330-F331-F332-F333-F334-F335-F336-F337-F338-F339-F340-F341-F342-F343-F344-F345-F346-F347-F348-F349-F350-F351-F352-F353-F354-F355-F356-F357-F358-F359-F360-F361-F362-F363-F364-F365-F366-F367-F368-F369-F370-F371-F372-F373-F374-F375-F376-F377-F378-F379-F380-F381-F382-F383-F384-F385-F386-F387-F388-F389-F390-F391-F392-F393-F394-F395-F396-F397-F398-F399-F400-F401-F402-F403-F404-F405-F406-F407-F408-F409-F410-F411-F412-F413-F414-F415-F416-F417-F418-F419-F420-F421-F422-F423-F424-F425-F426-F427-F428-F429-F430-F431-F432-F433-F434-F435-F436-F437-F438-F439-F440-F441-F442-F443-F444-F445-F446-F447-F448-F449-F450-F451-F452-F453-F454-F455-F456-F457-F458-F459-F460-F461-F462-F463-F464-F465-F466-F467-F468-F469-F470-F471-F472-F473-F474-F475-F476-F477-F478-F479-F480-F481-F482-F483-F484-F485-F486-F487-F488-F489-F490-F491-F492-F493-F494-F495-F496-F497-F498-F499-F500-F501-F502-F503-F504-E505506-E505507-E506510-E508509

## Summary

Number of input bits: 512  
Number of free input bits: 4  
Number of output bits: 160

Number of direct occurrences: 17279  
Number of assignments: 30481  
Number of operations: 10901451
(xor: 10871284,
and: 17374,
or: 12793)

Total complexity: 6.847182348917221 × 10^296

Least occurring input variable: iv_511 (4118)  
Most occurring input variable: iv_505 (4630)

Most co-occurring input variables: iv_505-iv_508 (2033)  
Least co-occurring input variables: iv_508-iv_511 (1932)

Potentially most occurring input variable: iv_505/iv_512 (4864)  
Potentially least occurring input variable: iv_511/iv_512 (4332)

Least output occurring input variable: iv_511 (74)  
Most output occurring input variable: iv_505 (86)

Most output co-occurring input variables: iv_505-iv_512 (44)  
Least output co-occurring input variables: iv_505-iv_511 (35)

Potentially most output occurring input variable: iv_505/iv_511 (90)  
Potentially least output occurring input variable: iv_508/iv_511 (68)

Least complex input bit: iv_511 (8.747670797964873 × 10^295)  
Most complex input bit: iv_505 (2.920939232996427 × 10^296)

Least complex output bit: aaa_76_29 (1.2270378406039666 × 10^272)  
Most complex output bit: ov_001 (1.0544431837114146 × 10^296)

Least complex input/output complexity: iv_511/aaa_76_29 (1.5676116889082964 × 10^271)  
Most complex input/output complexity:  (4.498148738152674 × 10^295)

Input variable with highest collision probability: iv_512 (½^160.00000000000068)

## Input Bits

### Input Bits in Regular Order

| Input Bit | Complexity | Occurrences | Output Occurrences | Collision Probability |
|:---------:|:----------:|:-----------:|:------------------:|:---------------------:|
| iv_505 | 2.920939232996427 × 10^296 | 4630 | 86 | ½^160.00000000000068 |
| iv_508 | 2.019497578838334 × 10^296 | 4253 | 78 | ½^160.0000000000007 |
| iv_511 | 8.747670797964873 × 10^295 | 4118 | 74 | ½^160.00000000000068 |
| iv_512 | 1.0319784572859786 × 10^296 | 4278 | 78 | ½^160.00000000000068 |

### Input Bits Sorted by Complexity

| Input Bit | Complexity | Occurrences | Output Occurrences | Collision Probability |
|:---------:|:----------:|:-----------:|:------------------:|:---------------------:|
| iv_511 | 8.747670797964873 × 10^295 | 4118 | 74 | ½^160.00000000000068 |
| iv_512 | 1.0319784572859786 × 10^296 | 4278 | 78 | ½^160.00000000000068 |
| iv_508 | 2.019497578838334 × 10^296 | 4253 | 78 | ½^160.0000000000007 |
| iv_505 | 2.920939232996427 × 10^296 | 4630 | 86 | ½^160.00000000000068 |

### Input Bits Sorted by Occurrences

| Input Bit | Complexity | Occurrences | Output Occurrences | Collision Probability |
|:---------:|:----------:|:-----------:|:------------------:|:---------------------:|
| iv_511 | 8.747670797964873 × 10^295 | 4118 | 74 | ½^160.00000000000068 |
| iv_508 | 2.019497578838334 × 10^296 | 4253 | 78 | ½^160.0000000000007 |
| iv_512 | 1.0319784572859786 × 10^296 | 4278 | 78 | ½^160.00000000000068 |
| iv_505 | 2.920939232996427 × 10^296 | 4630 | 86 | ½^160.00000000000068 |

### Input Bits Sorted by Output Occurrences

| Input Bit | Complexity | Occurrences | Output Occurrences | Collision Probability |
|:---------:|:----------:|:-----------:|:------------------:|:---------------------:|
| iv_511 | 8.747670797964873 × 10^295 | 4118 | 74 | ½^160.00000000000068 |
| iv_512 | 1.0319784572859786 × 10^296 | 4278 | 78 | ½^160.00000000000068 |
| iv_508 | 2.019497578838334 × 10^296 | 4253 | 78 | ½^160.0000000000007 |
| iv_505 | 2.920939232996427 × 10^296 | 4630 | 86 | ½^160.00000000000068 |

### Input Bits Sorted by Collision Probability

| Input Bit | Complexity | Occurrences | Output Occurrences | Collision Probability |
|:---------:|:----------:|:-----------:|:------------------:|:---------------------:|
| iv_512 | 1.0319784572859786 × 10^296 | 4278 | 78 | ½^160.00000000000068 |
| iv_505 | 2.920939232996427 × 10^296 | 4630 | 86 | ½^160.00000000000068 |
| iv_511 | 8.747670797964873 × 10^295 | 4118 | 74 | ½^160.00000000000068 |
| iv_508 | 2.019497578838334 × 10^296 | 4253 | 78 | ½^160.0000000000007 |

## Input Bit/Output Bit Collision Probabilities

| Input Bit | Output Bit | Collision Probability |
|:---------:|:----------:|:---------------------:|
| iv_505 | ov_103 | 0.5000000000000018 |
| iv_505 | ov_130 | 0.5000000000000018 |
| iv_511 | ov_057 | 0.5000000000000018 |
| iv_511 | ov_058 | 0.5000000000000018 |

## Input Bit Co-occurrences

### Input Bit Co-occurrences Sorted by Co-occurrences

| Input Bits | Co-occurrences | Potential Occurrences | Output Co-occurrences | Potential Output Occurrences |
|:----------:|:--------------:|:---------------------:|:---------------------:|:----------------------------:|
| iv_505-iv_508 | 2033 | 4817 | 43 | 78 |
| iv_511-iv_512 | 2032 | 4332 | 39 | 74 |
| iv_505-iv_512 | 2022 | 4864 | 44 | 76 |
| iv_505-iv_511 | 1974 | 4800 | 35 | 90 |

### Input Bit Co-occurrences Sorted by Potential Occurrences

| Input Bits | Co-occurrences | Potential Occurrences | Output Co-occurrences | Potential Output Occurrences |
|:----------:|:--------------:|:---------------------:|:---------------------:|:----------------------------:|
| iv_511-iv_512 | 2032 | 4332 | 39 | 74 |
| iv_508-iv_511 | 1932 | 4507 | 42 | 68 |
| iv_508-iv_512 | 1963 | 4605 | 40 | 76 |
| iv_505-iv_511 | 1974 | 4800 | 35 | 90 |

### Input Bit Output Co-occurrences Sorted by Output Co-occurrences

| Input Bits | Co-occurrences | Potential Occurrences | Output Co-occurrences | Potential Output Occurrences |
|:----------:|:--------------:|:---------------------:|:---------------------:|:----------------------------:|
| iv_505-iv_512 | 2022 | 4864 | 44 | 76 |
| iv_505-iv_508 | 2033 | 4817 | 43 | 78 |
| iv_508-iv_511 | 1932 | 4507 | 42 | 68 |
| iv_508-iv_512 | 1963 | 4605 | 40 | 76 |

### Input Bit Output Co-occurrences Sorted by Potential Output Occurrences

| Input Bits | Co-occurrences | Potential Occurrences | Output Co-occurrences | Potential Output Occurrences |
|:----------:|:--------------:|:---------------------:|:---------------------:|:----------------------------:|
| iv_508-iv_511 | 1932 | 4507 | 42 | 68 |
| iv_511-iv_512 | 2032 | 4332 | 39 | 74 |
| iv_505-iv_512 | 2022 | 4864 | 44 | 76 |
| iv_508-iv_512 | 1963 | 4605 | 40 | 76 |

## Output Bits

### Output Bits in Regular Order

| Rank | Output Bit | Complexity |
|:----:|:----------:|:----------:|
| 1 | ov_001 | 1.0544431837114146 × 10^296 |
| 2 | ov_002 | 9.242313873592335 × 10^295 |
| 3 | ov_003 | 8.055079542923325 × 10^295 |
| 4 | ov_004 | 6.977087077121233 × 10^295 |
| 5 | ov_005 | 6.00300388457004 × 10^295 |
| 6 | ov_006 | 5.127784503857863 × 10^295 |
| 7 | ov_007 | 4.346651471178477 × 10^295 |
| 8 | ov_008 | 3.655078771840173 × 10^295 |
| 9 | ov_009 | 3.0447135936500745 × 10^295 |
| 10 | ov_010 | 2.511491966597936 × 10^295 |
| 11 | ov_011 | 2.051564221254051 × 10^295 |
| 12 | ov_012 | 1.6578393011112346 × 10^295 |
| 13 | ov_013 | 1.323615291253018 × 10^295 |
| 14 | ov_014 | 1.0425680736207965 × 10^295 |
| 15 | ov_015 | 8.08742271785381 × 10^294 |
| 16 | ov_016 | 6.165442605144202 × 10^294 |
| 17 | ov_017 | 4.6073696911152855 × 10^294 |
| 18 | ov_018 | 3.364361665357109 × 10^294 |
| 19 | ov_019 | 2.391079225458784 × 10^294 |
| 20 | ov_020 | 1.6456696803498498 × 10^294 |
| 21 | ov_021 | 1.0897570661158148 × 10^294 |
| 22 | ov_022 | 6.8843658365921064 × 10^293 |
| 23 | ov_023 | 4.1027153908277544 × 10^293 |
| 24 | ov_024 | 2.2729155140859648 × 10^293 |
| 25 | ov_025 | 1.1499143328913797 × 10^293 |
| 26 | ov_026 | 5.233051879195074 × 10^292 |
| 27 | ov_027 | 2.1732302219857262 × 10^292 |
| 28 | ov_028 | 9.084270340048825 × 10^291 |
| 29 | ov_029 | 3.7378382221957705 × 10^291 |
| 30 | ov_030 | 1.2346916041571958 × 10^291 |
| 31 | ov_031 | 2.983970332008214 × 10^290 |
| 32 | lv_80_m31 | 7.209394602422052 × 10^289 |
| 33 | ov_033 | 8.699828739380592 × 10^290 |
| 34 | ov_034 | 7.530591703091823 × 10^290 |
| 35 | ov_035 | 6.483120374845541 × 10^290 |
| 36 | ov_036 | 5.551571183800838 × 10^290 |
| 37 | ov_037 | 4.730419232742358 × 10^290 |
| 38 | ov_038 | 4.009479772423825 × 10^290 |
| 39 | ov_039 | 3.3791000627147493 × 10^290 |
| 40 | ov_040 | 2.8301269979318934 × 10^290 |
| 41 | ov_041 | 2.35387969566698 × 10^290 |
| 42 | ov_042 | 1.9421264936985097 × 10^290 |
| 43 | ov_043 | 1.5870658342833693 × 10^290 |
| 44 | ov_044 | 1.2813105482936236 × 10^290 |
| 45 | ov_045 | 1.0178750835028934 × 10^290 |
| 46 | ov_046 | 7.93365641815906 × 10^289 |
| 47 | ov_047 | 6.045818334437172 × 10^289 |
| 48 | ov_048 | 4.485130959707757 × 10^289 |
| 49 | ov_049 | 3.2233590420239266 × 10^289 |
| 50 | ov_050 | 2.2341162644480565 × 10^289 |
| 51 | ov_051 | 1.492849302932107 × 10^289 |
| 52 | ov_052 | 9.559090178679904 × 10^288 |
| 53 | ov_053 | 5.83269819379796 × 10^288 |
| 54 | ov_054 | 3.3852237199633374 × 10^288 |
| 55 | ov_055 | 1.8886963530725313 × 10^288 |
| 56 | ov_056 | 1.05124807619024 × 10^288 |
| 57 | ov_057 | 6.1710212282851794 × 10^287 |
| 58 | ov_058 | 3.665666117702752 × 10^287 |
| 59 | ov_059 | 1.9881624796136187 × 10^287 |
| 60 | ov_060 | 9.581135557246223 × 10^286 |
| 61 | ov_061 | 3.951241086390945 × 10^286 |
| 62 | ov_062 | 1.3081620291383502 × 10^286 |
| 63 | ov_063 | 3.168851013191632 × 10^285 |
| 64 | lv_79_m31 | 7.671602804717843 × 10^284 |
| 65 | ov_065 | 9.000738424548321 × 10^285 |
| 66 | ov_066 | 9.000714835807964 × 10^285 |
| 67 | ov_067 | 9.000707191516598 × 10^285 |
| 68 | ov_068 | 7.799016443636149 × 10^285 |
| 69 | ov_069 | 6.714745207001917 × 10^285 |
| 70 | ov_070 | 5.741788479530011 × 10^285 |
| 71 | ov_071 | 4.874418310648791 × 10^285 |
| 72 | ov_072 | 4.107258029167573 × 10^285 |
| 73 | ov_073 | 3.4352587061992294 × 10^285 |
| 74 | ov_074 | 2.849222038867511 × 10^285 |
| 75 | ov_075 | 2.3405060251012375 × 10^285 |
| 76 | ov_076 | 1.904924359790009 × 10^285 |
| 77 | ov_077 | 1.5348513963792765 × 10^285 |
| 78 | ov_078 | 1.223128302405642 × 10^285 |
| 79 | ov_079 | 9.630396554936052 × 10^284 |
| 80 | ov_080 | 7.482929219249594 × 10^284 |
| 81 | ov_081 | 5.73000623370683 × 10^284 |
| 82 | ov_082 | 4.31664998831387 × 10^284 |
| 83 | ov_083 | 3.1916496984114546 × 10^284 |
| 84 | ov_084 | 2.307452176571561 × 10^284 |
| 85 | ov_085 | 1.6200718156899658 × 10^284 |
| 86 | ov_086 | 1.0890178768952165 × 10^284 |
| 87 | ov_087 | 6.94910640799062 × 10^283 |
| 88 | ov_088 | 4.2007664366167945 × 10^283 |
| 89 | ov_089 | 2.342179522970785 × 10^283 |
| 90 | ov_090 | 1.230226146260204 × 10^283 |
| 91 | ov_091 | 6.285588462756492 × 10^282 |
| 92 | ov_092 | 3.33983700595905 × 10^282 |
| 93 | ov_093 | 1.764127197071147 × 10^282 |
| 94 | ov_094 | 7.907446817249161 × 10^281 |
| 95 | aaa_78_28 | 2.5432280109435085 × 10^281 |
| 96 | aaa_78_29 | 9.635937650263892 × 10^280 |
| 97 | ov_097 | 1.0493713195559636 × 10^281 |
| 98 | ov_098 | 1.0493396942830338 × 10^281 |
| 99 | ov_099 | 1.0493295988459394 × 10^281 |
| 100 | ov_100 | 9.443304312595276 × 10^280 |
| 101 | ov_101 | 8.470798897851274 × 10^280 |
| 102 | ov_102 | 7.571514887696203 × 10^280 |
| 103 | ov_103 | 6.741499128180562 × 10^280 |
| 104 | ov_104 | 5.977069990518102 × 10^280 |
| 105 | ov_105 | 5.274781200012166 × 10^280 |
| 106 | ov_106 | 4.631389019045361 × 10^280 |
| 107 | ov_107 | 4.0438221415432474 × 10^280 |
| 108 | ov_108 | 3.5091545336512065 × 10^280 |
| 109 | ov_109 | 3.0245814619171604 × 10^280 |
| 110 | ov_110 | 2.587398520879395 × 10^280 |
| 111 | ov_111 | 2.1949831580384956 × 10^280 |
| 112 | ov_112 | 1.8447781973772091 × 10^280 |
| 113 | ov_113 | 1.5342775010967317 × 10^280 |
| 114 | ov_114 | 1.2610139109826225 × 10^280 |
| 115 | ov_115 | 1.0225492939715671 × 10^280 |
| 116 | ov_116 | 8.16466517301296 × 10^279 |
| 117 | ov_117 | 6.403631791448835 × 10^279 |
| 118 | ov_118 | 4.918467557776005 × 10^279 |
| 119 | ov_119 | 3.685308264809599 × 10^279 |
| 120 | ov_120 | 2.680323677713634 × 10^279 |
| 121 | ov_121 | 1.8797010857941743 × 10^279 |
| 122 | ov_122 | 1.2596369447533752 × 10^279 |
| 123 | ov_123 | 7.963329562148354 × 10^278 |
| 124 | ov_124 | 4.6599378470093504 × 10^278 |
| 125 | ov_125 | 2.4482555868440958 × 10^278 |
| 126 | ov_126 | 1.0903500764996188 × 10^278 |
| 127 | aaa_77_28 | 3.4829053300365847 × 10^277 |
| 128 | aaa_77_29 | 1.3058236818021994 × 10^277 |
| 129 | ov_129 | 1.2024173118921247 × 10^277 |
| 130 | ov_130 | 1.2024143230610437 × 10^277 |
| 131 | ov_131 | 1.2024133611097883 × 10^277 |
| 132 | ov_132 | 1.0438800133265103 × 10^277 |
| 133 | ov_133 | 9.007865668920565 × 10^276 |
| 134 | ov_134 | 7.724090478810747 × 10^276 |
| 135 | ov_135 | 6.580650604991125 × 10^276 |
| 136 | ov_136 | 5.571106895453479 × 10^276 |
| 137 | ov_137 | 4.683628678168732 × 10^276 |
| 138 | ov_138 | 3.907030203329218 × 10^276 |
| 139 | ov_139 | 3.230731206381012 × 10^276 |
| 140 | ov_140 | 2.644723068806585 × 10^276 |
| 141 | ov_141 | 2.1395401038094597 × 10^276 |
| 142 | ov_142 | 1.7105819151878275 × 10^276 |
| 143 | ov_143 | 1.3494004738377345 × 10^276 |
| 144 | ov_144 | 1.048030322154544 × 10^276 |
| 145 | ov_145 | 7.989755541193218 × 10^275 |
| 146 | ov_146 | 5.9519958556027924 × 10^275 |
| 147 | ov_147 | 4.3329783672175524 × 10^275 |
| 148 | ov_148 | 3.0713074906021365 × 10^275 |
| 149 | ov_149 | 2.110000599948923 × 10^275 |
| 150 | ov_150 | 1.3964582498400569 × 10^275 |
| 151 | ov_151 | 8.824444401078465 × 10^274 |
| 152 | ov_152 | 5.240743642644992 × 10^274 |
| 153 | ov_153 | 2.818074175826114 × 10^274 |
| 154 | ov_154 | 1.3695873863843038 × 10^274 |
| 155 | ov_155 | 5.866713795583541 × 10^273 |
| 156 | aaa_76_25 | 2.0409440266079646 × 10^273 |
| 157 | aaa_76_26 | 1.256963551177537 × 10^273 |
| 158 | aaa_76_27 | 6.898465936678495 × 10^272 |
| 159 | aaa_76_28 | 3.2547230113713076 × 10^272 |
| 160 | aaa_76_29 | 1.2270378406039666 × 10^272 |

### Output Bits Sorted by Complexity

| Rank | Output Bit | Complexity |
|:----:|:----------:|:----------:|
| 160 | aaa_76_29 | 1.2270378406039666 × 10^272 |
| 159 | aaa_76_28 | 3.2547230113713076 × 10^272 |
| 158 | aaa_76_27 | 6.898465936678495 × 10^272 |
| 157 | aaa_76_26 | 1.256963551177537 × 10^273 |
| 156 | aaa_76_25 | 2.0409440266079646 × 10^273 |
| 155 | ov_155 | 5.866713795583541 × 10^273 |
| 154 | ov_154 | 1.3695873863843038 × 10^274 |
| 153 | ov_153 | 2.818074175826114 × 10^274 |
| 152 | ov_152 | 5.240743642644992 × 10^274 |
| 151 | ov_151 | 8.824444401078465 × 10^274 |
| 150 | ov_150 | 1.3964582498400569 × 10^275 |
| 149 | ov_149 | 2.110000599948923 × 10^275 |
| 148 | ov_148 | 3.0713074906021365 × 10^275 |
| 147 | ov_147 | 4.3329783672175524 × 10^275 |
| 146 | ov_146 | 5.9519958556027924 × 10^275 |
| 145 | ov_145 | 7.989755541193218 × 10^275 |
| 144 | ov_144 | 1.048030322154544 × 10^276 |
| 143 | ov_143 | 1.3494004738377345 × 10^276 |
| 142 | ov_142 | 1.7105819151878275 × 10^276 |
| 141 | ov_141 | 2.1395401038094597 × 10^276 |
| 140 | ov_140 | 2.644723068806585 × 10^276 |
| 139 | ov_139 | 3.230731206381012 × 10^276 |
| 138 | ov_138 | 3.907030203329218 × 10^276 |
| 137 | ov_137 | 4.683628678168732 × 10^276 |
| 136 | ov_136 | 5.571106895453479 × 10^276 |
| 135 | ov_135 | 6.580650604991125 × 10^276 |
| 134 | ov_134 | 7.724090478810747 × 10^276 |
| 133 | ov_133 | 9.007865668920565 × 10^276 |
| 132 | ov_132 | 1.0438800133265103 × 10^277 |
| 131 | ov_131 | 1.2024133611097883 × 10^277 |
| 130 | ov_130 | 1.2024143230610437 × 10^277 |
| 129 | ov_129 | 1.2024173118921247 × 10^277 |
| 128 | aaa_77_29 | 1.3058236818021994 × 10^277 |
| 127 | aaa_77_28 | 3.4829053300365847 × 10^277 |
| 126 | ov_126 | 1.0903500764996188 × 10^278 |
| 125 | ov_125 | 2.4482555868440958 × 10^278 |
| 124 | ov_124 | 4.6599378470093504 × 10^278 |
| 123 | ov_123 | 7.963329562148354 × 10^278 |
| 122 | ov_122 | 1.2596369447533752 × 10^279 |
| 121 | ov_121 | 1.8797010857941743 × 10^279 |
| 120 | ov_120 | 2.680323677713634 × 10^279 |
| 119 | ov_119 | 3.685308264809599 × 10^279 |
| 118 | ov_118 | 4.918467557776005 × 10^279 |
| 117 | ov_117 | 6.403631791448835 × 10^279 |
| 116 | ov_116 | 8.16466517301296 × 10^279 |
| 115 | ov_115 | 1.0225492939715671 × 10^280 |
| 114 | ov_114 | 1.2610139109826225 × 10^280 |
| 113 | ov_113 | 1.5342775010967317 × 10^280 |
| 112 | ov_112 | 1.8447781973772091 × 10^280 |
| 111 | ov_111 | 2.1949831580384956 × 10^280 |
| 110 | ov_110 | 2.587398520879395 × 10^280 |
| 109 | ov_109 | 3.0245814619171604 × 10^280 |
| 108 | ov_108 | 3.5091545336512065 × 10^280 |
| 107 | ov_107 | 4.0438221415432474 × 10^280 |
| 106 | ov_106 | 4.631389019045361 × 10^280 |
| 105 | ov_105 | 5.274781200012166 × 10^280 |
| 104 | ov_104 | 5.977069990518102 × 10^280 |
| 103 | ov_103 | 6.741499128180562 × 10^280 |
| 102 | ov_102 | 7.571514887696203 × 10^280 |
| 101 | ov_101 | 8.470798897851274 × 10^280 |
| 100 | ov_100 | 9.443304312595276 × 10^280 |
| 96 | aaa_78_29 | 9.635937650263892 × 10^280 |
| 99 | ov_099 | 1.0493295988459394 × 10^281 |
| 98 | ov_098 | 1.0493396942830338 × 10^281 |
| 97 | ov_097 | 1.0493713195559636 × 10^281 |
| 95 | aaa_78_28 | 2.5432280109435085 × 10^281 |
| 94 | ov_094 | 7.907446817249161 × 10^281 |
| 93 | ov_093 | 1.764127197071147 × 10^282 |
| 92 | ov_092 | 3.33983700595905 × 10^282 |
| 91 | ov_091 | 6.285588462756492 × 10^282 |
| 90 | ov_090 | 1.230226146260204 × 10^283 |
| 89 | ov_089 | 2.342179522970785 × 10^283 |
| 88 | ov_088 | 4.2007664366167945 × 10^283 |
| 87 | ov_087 | 6.94910640799062 × 10^283 |
| 86 | ov_086 | 1.0890178768952165 × 10^284 |
| 85 | ov_085 | 1.6200718156899658 × 10^284 |
| 84 | ov_084 | 2.307452176571561 × 10^284 |
| 83 | ov_083 | 3.1916496984114546 × 10^284 |
| 82 | ov_082 | 4.31664998831387 × 10^284 |
| 81 | ov_081 | 5.73000623370683 × 10^284 |
| 80 | ov_080 | 7.482929219249594 × 10^284 |
| 64 | lv_79_m31 | 7.671602804717843 × 10^284 |
| 79 | ov_079 | 9.630396554936052 × 10^284 |
| 78 | ov_078 | 1.223128302405642 × 10^285 |
| 77 | ov_077 | 1.5348513963792765 × 10^285 |
| 76 | ov_076 | 1.904924359790009 × 10^285 |
| 75 | ov_075 | 2.3405060251012375 × 10^285 |
| 74 | ov_074 | 2.849222038867511 × 10^285 |
| 63 | ov_063 | 3.168851013191632 × 10^285 |
| 73 | ov_073 | 3.4352587061992294 × 10^285 |
| 72 | ov_072 | 4.107258029167573 × 10^285 |
| 71 | ov_071 | 4.874418310648791 × 10^285 |
| 70 | ov_070 | 5.741788479530011 × 10^285 |
| 69 | ov_069 | 6.714745207001917 × 10^285 |
| 68 | ov_068 | 7.799016443636149 × 10^285 |
| 67 | ov_067 | 9.000707191516598 × 10^285 |
| 66 | ov_066 | 9.000714835807964 × 10^285 |
| 65 | ov_065 | 9.000738424548321 × 10^285 |
| 62 | ov_062 | 1.3081620291383502 × 10^286 |
| 61 | ov_061 | 3.951241086390945 × 10^286 |
| 60 | ov_060 | 9.581135557246223 × 10^286 |
| 59 | ov_059 | 1.9881624796136187 × 10^287 |
| 58 | ov_058 | 3.665666117702752 × 10^287 |
| 57 | ov_057 | 6.1710212282851794 × 10^287 |
| 56 | ov_056 | 1.05124807619024 × 10^288 |
| 55 | ov_055 | 1.8886963530725313 × 10^288 |
| 54 | ov_054 | 3.3852237199633374 × 10^288 |
| 53 | ov_053 | 5.83269819379796 × 10^288 |
| 52 | ov_052 | 9.559090178679904 × 10^288 |
| 51 | ov_051 | 1.492849302932107 × 10^289 |
| 50 | ov_050 | 2.2341162644480565 × 10^289 |
| 49 | ov_049 | 3.2233590420239266 × 10^289 |
| 48 | ov_048 | 4.485130959707757 × 10^289 |
| 47 | ov_047 | 6.045818334437172 × 10^289 |
| 32 | lv_80_m31 | 7.209394602422052 × 10^289 |
| 46 | ov_046 | 7.93365641815906 × 10^289 |
| 45 | ov_045 | 1.0178750835028934 × 10^290 |
| 44 | ov_044 | 1.2813105482936236 × 10^290 |
| 43 | ov_043 | 1.5870658342833693 × 10^290 |
| 42 | ov_042 | 1.9421264936985097 × 10^290 |
| 41 | ov_041 | 2.35387969566698 × 10^290 |
| 40 | ov_040 | 2.8301269979318934 × 10^290 |
| 31 | ov_031 | 2.983970332008214 × 10^290 |
| 39 | ov_039 | 3.3791000627147493 × 10^290 |
| 38 | ov_038 | 4.009479772423825 × 10^290 |
| 37 | ov_037 | 4.730419232742358 × 10^290 |
| 36 | ov_036 | 5.551571183800838 × 10^290 |
| 35 | ov_035 | 6.483120374845541 × 10^290 |
| 34 | ov_034 | 7.530591703091823 × 10^290 |
| 33 | ov_033 | 8.699828739380592 × 10^290 |
| 30 | ov_030 | 1.2346916041571958 × 10^291 |
| 29 | ov_029 | 3.7378382221957705 × 10^291 |
| 28 | ov_028 | 9.084270340048825 × 10^291 |
| 27 | ov_027 | 2.1732302219857262 × 10^292 |
| 26 | ov_026 | 5.233051879195074 × 10^292 |
| 25 | ov_025 | 1.1499143328913797 × 10^293 |
| 24 | ov_024 | 2.2729155140859648 × 10^293 |
| 23 | ov_023 | 4.1027153908277544 × 10^293 |
| 22 | ov_022 | 6.8843658365921064 × 10^293 |
| 21 | ov_021 | 1.0897570661158148 × 10^294 |
| 20 | ov_020 | 1.6456696803498498 × 10^294 |
| 19 | ov_019 | 2.391079225458784 × 10^294 |
| 18 | ov_018 | 3.364361665357109 × 10^294 |
| 17 | ov_017 | 4.6073696911152855 × 10^294 |
| 16 | ov_016 | 6.165442605144202 × 10^294 |
| 15 | ov_015 | 8.08742271785381 × 10^294 |
| 14 | ov_014 | 1.0425680736207965 × 10^295 |
| 13 | ov_013 | 1.323615291253018 × 10^295 |
| 12 | ov_012 | 1.6578393011112346 × 10^295 |
| 11 | ov_011 | 2.051564221254051 × 10^295 |
| 10 | ov_010 | 2.511491966597936 × 10^295 |
| 9 | ov_009 | 3.0447135936500745 × 10^295 |
| 8 | ov_008 | 3.655078771840173 × 10^295 |
| 7 | ov_007 | 4.346651471178477 × 10^295 |
| 6 | ov_006 | 5.127784503857863 × 10^295 |
| 5 | ov_005 | 6.00300388457004 × 10^295 |
| 4 | ov_004 | 6.977087077121233 × 10^295 |
| 3 | ov_003 | 8.055079542923325 × 10^295 |
| 2 | ov_002 | 9.242313873592335 × 10^295 |
| 1 | ov_001 | 1.0544431837114146 × 10^296 |

