# Results for F001-F002-F003-F004-F005-F006-F007-F008-F009-F010-F011-F012-F013-F014-F015-F016-F017-F018-F019-F020-F021-F022-F023-F024-F025-F026-F027-F028-F029-F030-F031-F032-F033-F034-F035-F036-F037-F038-F039-F040-F041-F042-F043-F044-F045-F046-F047-F048-F049-F050-F051-F052-F053-F054-F055-F056-F057-F058-F059-F060-F061-F062-F063-F064-F065-F066-F067-F068-F069-F070-F071-F072-F073-F074-F075-F076-F077-F078-F079-F080-F081-F082-F083-F084-F085-F086-F087-F088-F089-F090-F091-F092-F093-F094-F095-F096-F097-F098-F099-F100-F101-F102-F103-F104-F105-F106-F107-F108-F109-F110-F111-F112-F113-F114-F115-F116-F117-F118-F119-F120-F121-F122-F123-F124-F125-F126-F127-F128-F129-F130-F131-F132-F133-F134-F135-F136-F137-F138-F139-F140-F141-F142-F143-F144-F145-F146-F147-F148-F149-F150-F151-F152-F153-F154-F155-F156-F157-F158-F159-F160-F161-F162-F163-F164-F165-F166-F167-F168-F169-F170-F171-F172-F173-F174-F175-F176-F177-F178-F179-F180-F181-F182-F183-F184-F185-F186-F187-F188-F189-F190-F191-F192-F193-F194-F195-F196-F197-F198-F199-F200-F201-F202-F203-F204-F205-F206-F207-F208-F209-F210-F211-F212-F213-F214-F215-F216-F217-F218-F219-F220-F221-F222-F223-F224-F225-F226-F227-F228-F229-F230-F231-F232-F233-F234-F235-F236-F237-F238-F239-F240-F241-F242-F243-F244-F245-F246-F247-F248-F249-F250-F251-F252-F253-F254-F255-F256-F257-F258-F259-F260-F261-F262-F263-F264-F265-F266-F267-F268-F269-F270-F271-F272-F273-F274-F275-F276-F277-F278-F279-F280-F281-F282-F283-F284-F285-F286-F287-F288-F289-F290-F291-F292-F293-F294-F295-F296-F297-F298-F299-F300-F301-F302-F303-F304-F305-F306-F307-F308-F309-F310-F311-F312-F313-F314-F315-F316-F317-F318-F319-F320-F321-F322-F323-F324-F325-F326-F327-F328-F329-F330-F331-F332-F333-F334-F335-F336-F337-F338-F339-F340-F341-F342-F343-F344-F345-F346-F347-F348-F349-F350-F351-F352-F353-F354-F355-F356-F357-F358-F359-F360-F361-F362-F363-F364-F365-F366-F367-F368-F369-F370-F371-F372-F373-F374-F375-F376-F377-F378-F379-F380-F381-F382-F383-F384-F385-F386-F387-F388-F389-F390-F391-F392-F393-F394-F395-F396-F397-F398-F399-F400-F401-F402-F403-F404-F405-F406-F407-F408-F409-F410-F411-F412-F413-F414-F415-F416-F417-F418-F419-F420-F421-F422-F423-F424-F425-F426-F427-F428-F429-F430-F431-F432-F433-F434-F435-F436-F437-F438-F439-F440-F441-F442-F443-F444-F445-F446-F447-F448-F449-F450-F451-F452-F453-F454-F455-F456-F457-F458-F459-F460-F461-F462-F463-F464-F465-F466-F467-F468-F469-F470-F471-F472-F473-F474-F475-F476-F477-F478-F479-F480-F481-F482-F483-F484-F485-F486-F487-F488-F489-F490-F491-F492-F493-F494-F495-F496-F497-F498-F499-F500-F501-F502-F503-F504-E505506-E505507-E505508-E507509

## Summary

Number of input bits: 512  
Number of free input bits: 4  
Number of output bits: 160

Number of direct occurrences: 17266  
Number of assignments: 30382  
Number of operations: 10901464
(xor: 10871297,
and: 17424,
or: 12743)

Total complexity: 3.1622999902731345 × 10^296

Least occurring input variable: iv_511 (4119)  
Most occurring input variable: iv_505 (4695)

Most co-occurring input variables: iv_505-iv_512 (2058)  
Least co-occurring input variables: iv_505-iv_511 (1932)

Potentially most occurring input variable: iv_505/iv_511 (4950)  
Potentially least occurring input variable: iv_511/iv_512 (4331)

Least output occurring input variable: iv_505 (67)  
Most output occurring input variable: iv_510 (79)

Most output co-occurring input variables: iv_510-iv_512 (42)  
Least output co-occurring input variables: iv_505-iv_511 (27)

Potentially most output occurring input variable: iv_505/iv_511 (87)  
Potentially least output occurring input variable: iv_510/iv_512 (73)

Least complex input bit: iv_511 (4.0400208242239653 × 10^295)  
Most complex input bit: iv_505 (1.2144953988075903 × 10^296)

Least complex output bit: aaa_76_29 (6.186517596432761 × 10^271)  
Most complex output bit: ov_001 (4.838396110574421 × 10^295)

Least complex input/output complexity: iv_511/aaa_76_29 (7.903633430064798 × 10^270)  
Most complex input/output complexity:  (1.8582075805507717 × 10^295)

Input variable with highest collision probability: iv_512 (½^160.00000000000074)

## Input Bits

### Input Bits in Regular Order

| Input Bit | Complexity | Occurrences | Output Occurrences | Collision Probability |
|:---------:|:----------:|:-----------:|:------------------:|:---------------------:|
| iv_505 | 1.2144953988075903 × 10^296 | 4695 | 67 | ½^160.00000000000085 |
| iv_510 | 1.0671939861714556 × 10^296 | 4176 | 79 | ½^160.00000000000077 |
| iv_511 | 4.0400208242239653 × 10^295 | 4119 | 74 | ½^160.0000000000008 |
| iv_512 | 4.766085228716954 × 10^295 | 4276 | 78 | ½^160.00000000000074 |

### Input Bits Sorted by Complexity

| Input Bit | Complexity | Occurrences | Output Occurrences | Collision Probability |
|:---------:|:----------:|:-----------:|:------------------:|:---------------------:|
| iv_511 | 4.0400208242239653 × 10^295 | 4119 | 74 | ½^160.0000000000008 |
| iv_512 | 4.766085228716954 × 10^295 | 4276 | 78 | ½^160.00000000000074 |
| iv_510 | 1.0671939861714556 × 10^296 | 4176 | 79 | ½^160.00000000000077 |
| iv_505 | 1.2144953988075903 × 10^296 | 4695 | 67 | ½^160.00000000000085 |

### Input Bits Sorted by Occurrences

| Input Bit | Complexity | Occurrences | Output Occurrences | Collision Probability |
|:---------:|:----------:|:-----------:|:------------------:|:---------------------:|
| iv_511 | 4.0400208242239653 × 10^295 | 4119 | 74 | ½^160.0000000000008 |
| iv_510 | 1.0671939861714556 × 10^296 | 4176 | 79 | ½^160.00000000000077 |
| iv_512 | 4.766085228716954 × 10^295 | 4276 | 78 | ½^160.00000000000074 |
| iv_505 | 1.2144953988075903 × 10^296 | 4695 | 67 | ½^160.00000000000085 |

### Input Bits Sorted by Output Occurrences

| Input Bit | Complexity | Occurrences | Output Occurrences | Collision Probability |
|:---------:|:----------:|:-----------:|:------------------:|:---------------------:|
| iv_505 | 1.2144953988075903 × 10^296 | 4695 | 67 | ½^160.00000000000085 |
| iv_511 | 4.0400208242239653 × 10^295 | 4119 | 74 | ½^160.0000000000008 |
| iv_512 | 4.766085228716954 × 10^295 | 4276 | 78 | ½^160.00000000000074 |
| iv_510 | 1.0671939861714556 × 10^296 | 4176 | 79 | ½^160.00000000000077 |

### Input Bits Sorted by Collision Probability

| Input Bit | Complexity | Occurrences | Output Occurrences | Collision Probability |
|:---------:|:----------:|:-----------:|:------------------:|:---------------------:|
| iv_512 | 4.766085228716954 × 10^295 | 4276 | 78 | ½^160.00000000000074 |
| iv_510 | 1.0671939861714556 × 10^296 | 4176 | 79 | ½^160.00000000000077 |
| iv_511 | 4.0400208242239653 × 10^295 | 4119 | 74 | ½^160.0000000000008 |
| iv_505 | 1.2144953988075903 × 10^296 | 4695 | 67 | ½^160.00000000000085 |

## Input Bit/Output Bit Collision Probabilities

| Input Bit | Output Bit | Collision Probability |
|:---------:|:----------:|:---------------------:|
| iv_511 | ov_143 | 0.5000000000000018 |
| iv_510 | ov_014 | 0.5000000000000016 |
| iv_510 | ov_051 | 0.5000000000000016 |
| iv_511 | ov_004 | 0.5000000000000016 |

## Input Bit Co-occurrences

### Input Bit Co-occurrences Sorted by Co-occurrences

| Input Bits | Co-occurrences | Potential Occurrences | Output Co-occurrences | Potential Output Occurrences |
|:----------:|:--------------:|:---------------------:|:---------------------:|:----------------------------:|
| iv_505-iv_512 | 2058 | 4855 | 34 | 77 |
| iv_511-iv_512 | 2032 | 4331 | 39 | 74 |
| iv_505-iv_510 | 2027 | 4817 | 34 | 78 |
| iv_510-iv_512 | 1995 | 4462 | 42 | 73 |

### Input Bit Co-occurrences Sorted by Potential Occurrences

| Input Bits | Co-occurrences | Potential Occurrences | Output Co-occurrences | Potential Output Occurrences |
|:----------:|:--------------:|:---------------------:|:---------------------:|:----------------------------:|
| iv_511-iv_512 | 2032 | 4331 | 39 | 74 |
| iv_510-iv_511 | 1952 | 4391 | 38 | 77 |
| iv_510-iv_512 | 1995 | 4462 | 42 | 73 |
| iv_505-iv_510 | 2027 | 4817 | 34 | 78 |

### Input Bit Output Co-occurrences Sorted by Output Co-occurrences

| Input Bits | Co-occurrences | Potential Occurrences | Output Co-occurrences | Potential Output Occurrences |
|:----------:|:--------------:|:---------------------:|:---------------------:|:----------------------------:|
| iv_510-iv_512 | 1995 | 4462 | 42 | 73 |
| iv_511-iv_512 | 2032 | 4331 | 39 | 74 |
| iv_510-iv_511 | 1952 | 4391 | 38 | 77 |
| iv_505-iv_512 | 2058 | 4855 | 34 | 77 |

### Input Bit Output Co-occurrences Sorted by Potential Output Occurrences

| Input Bits | Co-occurrences | Potential Occurrences | Output Co-occurrences | Potential Output Occurrences |
|:----------:|:--------------:|:---------------------:|:---------------------:|:----------------------------:|
| iv_510-iv_512 | 1995 | 4462 | 42 | 73 |
| iv_511-iv_512 | 2032 | 4331 | 39 | 74 |
| iv_505-iv_512 | 2058 | 4855 | 34 | 77 |
| iv_510-iv_511 | 1952 | 4391 | 38 | 77 |

## Output Bits

### Output Bits in Regular Order

| Rank | Output Bit | Complexity |
|:----:|:----------:|:----------:|
| 1 | ov_001 | 4.838396110574421 × 10^295 |
| 2 | ov_002 | 4.246435385459753 × 10^295 |
| 3 | ov_003 | 3.7063715839861633 × 10^295 |
| 4 | ov_004 | 3.2155773639253175 × 10^295 |
| 5 | ov_005 | 2.771569352762534 × 10^295 |
| 6 | ov_006 | 2.37199788260799 × 10^295 |
| 7 | ov_007 | 2.0146380820140863 × 10^295 |
| 8 | ov_008 | 1.6973821711810893 × 10^295 |
| 9 | ov_009 | 1.4163401981844894 × 10^295 |
| 10 | ov_010 | 1.169619546121908 × 10^295 |
| 11 | ov_011 | 9.554273944670689 × 10^294 |
| 12 | ov_012 | 7.720665231805017 × 10^294 |
| 13 | ov_013 | 6.164157850713251 × 10^294 |
| 14 | ov_014 | 4.855299734409826 × 10^294 |
| 15 | ov_015 | 3.766356063894168 × 10^294 |
| 16 | ov_016 | 2.8712767238725335 × 10^294 |
| 17 | ov_017 | 2.145672109350536 × 10^294 |
| 18 | ov_018 | 1.5667958306242027 × 10^294 |
| 19 | ov_019 | 1.1135328932491201 × 10^294 |
| 20 | ov_020 | 7.663920642058132 × 10^293 |
| 21 | ov_021 | 5.075012699850451 × 10^293 |
| 22 | ov_022 | 3.2060500675222302 × 10^293 |
| 23 | ov_023 | 1.9106291569204184 × 10^293 |
| 24 | ov_024 | 1.0584894839025199 × 10^293 |
| 25 | ov_025 | 5.355084555521994 × 10^292 |
| 26 | ov_026 | 2.436982391068201 × 10^292 |
| 27 | ov_027 | 1.0120407933914454 × 10^292 |
| 28 | ov_028 | 4.230351678920054 × 10^291 |
| 29 | ov_029 | 1.7406088703093017 × 10^291 |
| 30 | ov_030 | 5.749544825259503 × 10^290 |
| 31 | ov_031 | 1.3895155030025242 × 10^290 |
| 32 | lv_80_m31 | 3.357081183248555 × 10^289 |
| 33 | ov_033 | 4.051107304833633 × 10^290 |
| 34 | ov_034 | 3.506529488616572 × 10^290 |
| 35 | ov_035 | 3.0186923179259928 × 10^290 |
| 36 | ov_036 | 2.5848674460886383 × 10^290 |
| 37 | ov_037 | 2.202476298172858 × 10^290 |
| 38 | ov_038 | 1.8667681798096275 × 10^290 |
| 39 | ov_039 | 1.5732421219629244 × 10^290 |
| 40 | ov_040 | 1.3176313753679332 × 10^290 |
| 41 | ov_041 | 1.0958902540459667 × 10^290 |
| 42 | ov_042 | 9.041831195480583 × 10^289 |
| 43 | ov_043 | 7.388752616210491 × 10^289 |
| 44 | ov_044 | 5.965254302417384 × 10^289 |
| 45 | ov_045 | 4.738797899680382 × 10^289 |
| 46 | ov_046 | 3.693576030002624 × 10^289 |
| 47 | ov_047 | 2.814683493251226 × 10^289 |
| 48 | ov_048 | 2.088100418439705 × 10^289 |
| 49 | ov_049 | 1.5006791021217278 × 10^289 |
| 50 | ov_050 | 1.0401338083394442 × 10^289 |
| 51 | ov_051 | 6.950330429387629 × 10^288 |
| 52 | ov_052 | 4.4505591343234286 × 10^288 |
| 53 | ov_053 | 2.7156882387726262 × 10^288 |
| 54 | ov_054 | 1.576218077686431 × 10^288 |
| 55 | ov_055 | 8.794653779907542 × 10^287 |
| 56 | ov_056 | 4.895529218382599 × 10^287 |
| 57 | ov_057 | 2.874039483410841 × 10^287 |
| 58 | ov_058 | 1.707389538214308 × 10^287 |
| 59 | ov_059 | 9.261721130476612 × 10^286 |
| 60 | ov_060 | 4.464148309473376 × 10^286 |
| 61 | ov_061 | 1.8414607956120687 × 10^286 |
| 62 | ov_062 | 6.098552737788638 × 10^285 |
| 63 | ov_063 | 1.4779103272032397 × 10^285 |
| 64 | lv_79_m31 | 3.5796452982858654 × 10^284 |
| 65 | ov_065 | 4.227907221168358 × 10^285 |
| 66 | ov_066 | 4.227895362001881 × 10^285 |
| 67 | ov_067 | 4.2278915187503504 × 10^285 |
| 68 | ov_068 | 3.6687832666155215 × 10^285 |
| 69 | ov_069 | 3.1643777391107903 × 10^285 |
| 70 | ov_070 | 2.711606200601852 × 10^285 |
| 71 | ov_071 | 2.307589464331293 × 10^285 |
| 72 | ov_072 | 1.949624933997666 × 10^285 |
| 73 | ov_073 | 1.6351747688568565 × 10^285 |
| 74 | ov_074 | 1.3596154818087241 × 10^285 |
| 75 | ov_075 | 1.1186032250325692 × 10^285 |
| 76 | ov_076 | 9.100337824639699 × 10^284 |
| 77 | ov_077 | 7.319304469325641 × 10^284 |
| 78 | ov_078 | 5.824369629365564 × 10^284 |
| 79 | ov_079 | 4.581778912064967 × 10^284 |
| 80 | ov_080 | 3.559903533335202 × 10^284 |
| 81 | ov_081 | 2.7291506620393688 × 10^284 |
| 82 | ov_082 | 2.0618863117074742 × 10^284 |
| 83 | ov_083 | 1.5323698141574228 × 10^284 |
| 84 | ov_084 | 1.1166989129474242 × 10^284 |
| 85 | ov_085 | 7.927645166299565 × 10^283 |
| 86 | ov_086 | 5.402141528954292 × 10^283 |
| 87 | ov_087 | 3.493066859931798 × 10^283 |
| 88 | ov_088 | 2.111585952393753 × 10^283 |
| 89 | ov_089 | 1.177345421577489 × 10^283 |
| 90 | ov_090 | 6.18406116645489 × 10^282 |
| 91 | ov_091 | 3.1596705907325234 × 10^282 |
| 92 | ov_092 | 1.678915098927872 × 10^282 |
| 93 | ov_093 | 8.86830825233325 × 10^281 |
| 94 | ov_094 | 3.975170353984298 × 10^281 |
| 95 | aaa_78_28 | 1.27853700496598 × 10^281 |
| 96 | aaa_78_29 | 4.844325805950632 × 10^280 |
| 97 | ov_097 | 5.275412865367683 × 10^280 |
| 98 | ov_098 | 5.275254483852615 × 10^280 |
| 99 | ov_099 | 5.2752039743137895 × 10^280 |
| 100 | ov_100 | 4.747542801117535 × 10^280 |
| 101 | ov_101 | 4.258752953763817 × 10^280 |
| 102 | ov_102 | 3.806709778029896 × 10^280 |
| 103 | ov_103 | 3.389443437938377 × 10^280 |
| 104 | ov_104 | 3.005118284369169 × 10^280 |
| 105 | ov_105 | 2.652014252095486 × 10^280 |
| 106 | ov_106 | 2.328510174212271 × 10^280 |
| 107 | ov_107 | 2.033068907943115 × 10^280 |
| 108 | ov_108 | 1.764224170026968 × 10^280 |
| 109 | ov_109 | 1.5205689833701287 × 10^280 |
| 110 | ov_110 | 1.3007454674704428 × 10^280 |
| 111 | ov_111 | 1.1034357073469374 × 10^280 |
| 112 | ov_112 | 9.273537814184693 × 10^279 |
| 113 | ov_113 | 7.712390300657075 × 10^279 |
| 114 | ov_114 | 6.33850348254529 × 10^279 |
| 115 | ov_115 | 5.139612862523907 × 10^279 |
| 116 | ov_116 | 4.1035599750303413 × 10^279 |
| 117 | ov_117 | 3.218260730029639 × 10^279 |
| 118 | ov_118 | 2.4716809099426782 × 10^279 |
| 119 | ov_119 | 1.851817108757474 × 10^279 |
| 120 | ov_120 | 1.3466830706323846 × 10^279 |
| 121 | ov_121 | 9.443013854928883 × 10^278 |
| 122 | ov_122 | 6.326992695177774 × 10^278 |
| 123 | ov_123 | 3.999065859822089 × 10^278 |
| 124 | ov_124 | 2.3395469292476624 × 10^278 |
| 125 | ov_125 | 1.2287568676173595 × 10^278 |
| 126 | ov_126 | 5.470196697528316 × 10^277 |
| 127 | aaa_77_28 | 1.7466029955904136 × 10^277 |
| 128 | aaa_77_29 | 6.544112981926251 × 10^276 |
| 129 | ov_129 | 5.991269807949924 × 10^276 |
| 130 | ov_130 | 5.991254742046562 × 10^276 |
| 131 | ov_131 | 5.991249894364733 × 10^276 |
| 132 | ov_132 | 5.191646780136979 × 10^276 |
| 133 | ov_133 | 4.4709722579135407 × 10^276 |
| 134 | ov_134 | 3.8255534768029014 × 10^276 |
| 135 | ov_135 | 3.251929102775014 × 10^276 |
| 136 | ov_136 | 2.7468337144716156 × 10^276 |
| 137 | ov_137 | 2.3042703725172112 × 10^276 |
| 138 | ov_138 | 1.9185710550641142 × 10^276 |
| 139 | ov_139 | 1.5843766839963452 × 10^276 |
| 140 | ov_140 | 1.2966199112085677 × 10^276 |
| 141 | ov_141 | 1.0505104101675394 × 10^276 |
| 142 | ov_142 | 8.415223899614369 × 10^275 |
| 143 | ov_143 | 6.653840988595699 × 10^275 |
| 144 | ov_144 | 5.1806915178167636 × 10^275 |
| 145 | ov_145 | 3.957895300071064 × 10^275 |
| 146 | ov_146 | 2.9671004020224896 × 10^275 |
| 147 | ov_147 | 2.1750413423601188 × 10^275 |
| 148 | ov_148 | 1.5507070687947191 × 10^275 |
| 149 | ov_149 | 1.0653179382433838 × 10^275 |
| 150 | ov_150 | 7.050395914469636 × 10^274 |
| 151 | ov_151 | 4.455124766594176 × 10^274 |
| 152 | ov_152 | 2.64575168984909 × 10^274 |
| 153 | ov_153 | 1.4226060280729183 × 10^274 |
| 154 | ov_154 | 6.913350671146225 × 10^273 |
| 155 | ov_155 | 2.96106903439989 × 10^273 |
| 156 | aaa_76_25 | 1.029998849044898 × 10^273 |
| 157 | aaa_76_26 | 6.342291319873882 × 10^272 |
| 158 | aaa_76_27 | 3.479906308575263 × 10^272 |
| 159 | aaa_76_28 | 1.6413825963047377 × 10^272 |
| 160 | aaa_76_29 | 6.186517596432761 × 10^271 |

### Output Bits Sorted by Complexity

| Rank | Output Bit | Complexity |
|:----:|:----------:|:----------:|
| 160 | aaa_76_29 | 6.186517596432761 × 10^271 |
| 159 | aaa_76_28 | 1.6413825963047377 × 10^272 |
| 158 | aaa_76_27 | 3.479906308575263 × 10^272 |
| 157 | aaa_76_26 | 6.342291319873882 × 10^272 |
| 156 | aaa_76_25 | 1.029998849044898 × 10^273 |
| 155 | ov_155 | 2.96106903439989 × 10^273 |
| 154 | ov_154 | 6.913350671146225 × 10^273 |
| 153 | ov_153 | 1.4226060280729183 × 10^274 |
| 152 | ov_152 | 2.64575168984909 × 10^274 |
| 151 | ov_151 | 4.455124766594176 × 10^274 |
| 150 | ov_150 | 7.050395914469636 × 10^274 |
| 149 | ov_149 | 1.0653179382433838 × 10^275 |
| 148 | ov_148 | 1.5507070687947191 × 10^275 |
| 147 | ov_147 | 2.1750413423601188 × 10^275 |
| 146 | ov_146 | 2.9671004020224896 × 10^275 |
| 145 | ov_145 | 3.957895300071064 × 10^275 |
| 144 | ov_144 | 5.1806915178167636 × 10^275 |
| 143 | ov_143 | 6.653840988595699 × 10^275 |
| 142 | ov_142 | 8.415223899614369 × 10^275 |
| 141 | ov_141 | 1.0505104101675394 × 10^276 |
| 140 | ov_140 | 1.2966199112085677 × 10^276 |
| 139 | ov_139 | 1.5843766839963452 × 10^276 |
| 138 | ov_138 | 1.9185710550641142 × 10^276 |
| 137 | ov_137 | 2.3042703725172112 × 10^276 |
| 136 | ov_136 | 2.7468337144716156 × 10^276 |
| 135 | ov_135 | 3.251929102775014 × 10^276 |
| 134 | ov_134 | 3.8255534768029014 × 10^276 |
| 133 | ov_133 | 4.4709722579135407 × 10^276 |
| 132 | ov_132 | 5.191646780136979 × 10^276 |
| 131 | ov_131 | 5.991249894364733 × 10^276 |
| 130 | ov_130 | 5.991254742046562 × 10^276 |
| 129 | ov_129 | 5.991269807949924 × 10^276 |
| 128 | aaa_77_29 | 6.544112981926251 × 10^276 |
| 127 | aaa_77_28 | 1.7466029955904136 × 10^277 |
| 126 | ov_126 | 5.470196697528316 × 10^277 |
| 125 | ov_125 | 1.2287568676173595 × 10^278 |
| 124 | ov_124 | 2.3395469292476624 × 10^278 |
| 123 | ov_123 | 3.999065859822089 × 10^278 |
| 122 | ov_122 | 6.326992695177774 × 10^278 |
| 121 | ov_121 | 9.443013854928883 × 10^278 |
| 120 | ov_120 | 1.3466830706323846 × 10^279 |
| 119 | ov_119 | 1.851817108757474 × 10^279 |
| 118 | ov_118 | 2.4716809099426782 × 10^279 |
| 117 | ov_117 | 3.218260730029639 × 10^279 |
| 116 | ov_116 | 4.1035599750303413 × 10^279 |
| 115 | ov_115 | 5.139612862523907 × 10^279 |
| 114 | ov_114 | 6.33850348254529 × 10^279 |
| 113 | ov_113 | 7.712390300657075 × 10^279 |
| 112 | ov_112 | 9.273537814184693 × 10^279 |
| 111 | ov_111 | 1.1034357073469374 × 10^280 |
| 110 | ov_110 | 1.3007454674704428 × 10^280 |
| 109 | ov_109 | 1.5205689833701287 × 10^280 |
| 108 | ov_108 | 1.764224170026968 × 10^280 |
| 107 | ov_107 | 2.033068907943115 × 10^280 |
| 106 | ov_106 | 2.328510174212271 × 10^280 |
| 105 | ov_105 | 2.652014252095486 × 10^280 |
| 104 | ov_104 | 3.005118284369169 × 10^280 |
| 103 | ov_103 | 3.389443437938377 × 10^280 |
| 102 | ov_102 | 3.806709778029896 × 10^280 |
| 101 | ov_101 | 4.258752953763817 × 10^280 |
| 100 | ov_100 | 4.747542801117535 × 10^280 |
| 96 | aaa_78_29 | 4.844325805950632 × 10^280 |
| 99 | ov_099 | 5.2752039743137895 × 10^280 |
| 98 | ov_098 | 5.275254483852615 × 10^280 |
| 97 | ov_097 | 5.275412865367683 × 10^280 |
| 95 | aaa_78_28 | 1.27853700496598 × 10^281 |
| 94 | ov_094 | 3.975170353984298 × 10^281 |
| 93 | ov_093 | 8.86830825233325 × 10^281 |
| 92 | ov_092 | 1.678915098927872 × 10^282 |
| 91 | ov_091 | 3.1596705907325234 × 10^282 |
| 90 | ov_090 | 6.18406116645489 × 10^282 |
| 89 | ov_089 | 1.177345421577489 × 10^283 |
| 88 | ov_088 | 2.111585952393753 × 10^283 |
| 87 | ov_087 | 3.493066859931798 × 10^283 |
| 86 | ov_086 | 5.402141528954292 × 10^283 |
| 85 | ov_085 | 7.927645166299565 × 10^283 |
| 84 | ov_084 | 1.1166989129474242 × 10^284 |
| 83 | ov_083 | 1.5323698141574228 × 10^284 |
| 82 | ov_082 | 2.0618863117074742 × 10^284 |
| 81 | ov_081 | 2.7291506620393688 × 10^284 |
| 80 | ov_080 | 3.559903533335202 × 10^284 |
| 64 | lv_79_m31 | 3.5796452982858654 × 10^284 |
| 79 | ov_079 | 4.581778912064967 × 10^284 |
| 78 | ov_078 | 5.824369629365564 × 10^284 |
| 77 | ov_077 | 7.319304469325641 × 10^284 |
| 76 | ov_076 | 9.100337824639699 × 10^284 |
| 75 | ov_075 | 1.1186032250325692 × 10^285 |
| 74 | ov_074 | 1.3596154818087241 × 10^285 |
| 63 | ov_063 | 1.4779103272032397 × 10^285 |
| 73 | ov_073 | 1.6351747688568565 × 10^285 |
| 72 | ov_072 | 1.949624933997666 × 10^285 |
| 71 | ov_071 | 2.307589464331293 × 10^285 |
| 70 | ov_070 | 2.711606200601852 × 10^285 |
| 69 | ov_069 | 3.1643777391107903 × 10^285 |
| 68 | ov_068 | 3.6687832666155215 × 10^285 |
| 67 | ov_067 | 4.2278915187503504 × 10^285 |
| 66 | ov_066 | 4.227895362001881 × 10^285 |
| 65 | ov_065 | 4.227907221168358 × 10^285 |
| 62 | ov_062 | 6.098552737788638 × 10^285 |
| 61 | ov_061 | 1.8414607956120687 × 10^286 |
| 60 | ov_060 | 4.464148309473376 × 10^286 |
| 59 | ov_059 | 9.261721130476612 × 10^286 |
| 58 | ov_058 | 1.707389538214308 × 10^287 |
| 57 | ov_057 | 2.874039483410841 × 10^287 |
| 56 | ov_056 | 4.895529218382599 × 10^287 |
| 55 | ov_055 | 8.794653779907542 × 10^287 |
| 54 | ov_054 | 1.576218077686431 × 10^288 |
| 53 | ov_053 | 2.7156882387726262 × 10^288 |
| 52 | ov_052 | 4.4505591343234286 × 10^288 |
| 51 | ov_051 | 6.950330429387629 × 10^288 |
| 50 | ov_050 | 1.0401338083394442 × 10^289 |
| 49 | ov_049 | 1.5006791021217278 × 10^289 |
| 48 | ov_048 | 2.088100418439705 × 10^289 |
| 47 | ov_047 | 2.814683493251226 × 10^289 |
| 32 | lv_80_m31 | 3.357081183248555 × 10^289 |
| 46 | ov_046 | 3.693576030002624 × 10^289 |
| 45 | ov_045 | 4.738797899680382 × 10^289 |
| 44 | ov_044 | 5.965254302417384 × 10^289 |
| 43 | ov_043 | 7.388752616210491 × 10^289 |
| 42 | ov_042 | 9.041831195480583 × 10^289 |
| 41 | ov_041 | 1.0958902540459667 × 10^290 |
| 40 | ov_040 | 1.3176313753679332 × 10^290 |
| 31 | ov_031 | 1.3895155030025242 × 10^290 |
| 39 | ov_039 | 1.5732421219629244 × 10^290 |
| 38 | ov_038 | 1.8667681798096275 × 10^290 |
| 37 | ov_037 | 2.202476298172858 × 10^290 |
| 36 | ov_036 | 2.5848674460886383 × 10^290 |
| 35 | ov_035 | 3.0186923179259928 × 10^290 |
| 34 | ov_034 | 3.506529488616572 × 10^290 |
| 33 | ov_033 | 4.051107304833633 × 10^290 |
| 30 | ov_030 | 5.749544825259503 × 10^290 |
| 29 | ov_029 | 1.7406088703093017 × 10^291 |
| 28 | ov_028 | 4.230351678920054 × 10^291 |
| 27 | ov_027 | 1.0120407933914454 × 10^292 |
| 26 | ov_026 | 2.436982391068201 × 10^292 |
| 25 | ov_025 | 5.355084555521994 × 10^292 |
| 24 | ov_024 | 1.0584894839025199 × 10^293 |
| 23 | ov_023 | 1.9106291569204184 × 10^293 |
| 22 | ov_022 | 3.2060500675222302 × 10^293 |
| 21 | ov_021 | 5.075012699850451 × 10^293 |
| 20 | ov_020 | 7.663920642058132 × 10^293 |
| 19 | ov_019 | 1.1135328932491201 × 10^294 |
| 18 | ov_018 | 1.5667958306242027 × 10^294 |
| 17 | ov_017 | 2.145672109350536 × 10^294 |
| 16 | ov_016 | 2.8712767238725335 × 10^294 |
| 15 | ov_015 | 3.766356063894168 × 10^294 |
| 14 | ov_014 | 4.855299734409826 × 10^294 |
| 13 | ov_013 | 6.164157850713251 × 10^294 |
| 12 | ov_012 | 7.720665231805017 × 10^294 |
| 11 | ov_011 | 9.554273944670689 × 10^294 |
| 10 | ov_010 | 1.169619546121908 × 10^295 |
| 9 | ov_009 | 1.4163401981844894 × 10^295 |
| 8 | ov_008 | 1.6973821711810893 × 10^295 |
| 7 | ov_007 | 2.0146380820140863 × 10^295 |
| 6 | ov_006 | 2.37199788260799 × 10^295 |
| 5 | ov_005 | 2.771569352762534 × 10^295 |
| 4 | ov_004 | 3.2155773639253175 × 10^295 |
| 3 | ov_003 | 3.7063715839861633 × 10^295 |
| 2 | ov_002 | 4.246435385459753 × 10^295 |
| 1 | ov_001 | 4.838396110574421 × 10^295 |

