# Results for F001-F002-F003-F004-F005-F006-F007-F008-F009-F010-F011-F012-F013-F014-F015-F016-F017-F018-F019-F020-F021-F022-F023-F024-F025-F026-F027-F028-F029-F030-F031-F032-F033-F034-F035-F036-F037-F038-F039-F040-F041-F042-F043-F044-F045-F046-F047-F048-F049-F050-F051-F052-F053-F054-F055-F056-F057-F058-F059-F060-F061-F062-F063-F064-F065-F066-F067-F068-F069-F070-F071-F072-F073-F074-F075-F076-F077-F078-F079-F080-F081-F082-F083-F084-F085-F086-F087-F088-F089-F090-F091-F092-F093-F094-F095-F096-F097-F098-F099-F100-F101-F102-F103-F104-F105-F106-F107-F108-F109-F110-F111-F112-F113-F114-F115-F116-F117-F118-F119-F120-F121-F122-F123-F124-F125-F126-F127-F128-F129-F130-F131-F132-F133-F134-F135-F136-F137-F138-F139-F140-F141-F142-F143-F144-F145-F146-F147-F148-F149-F150-F151-F152-F153-F154-F155-F156-F157-F158-F159-F160-F161-F162-F163-F164-F165-F166-F167-F168-F169-F170-F171-F172-F173-F174-F175-F176-F177-F178-F179-F180-F181-F182-F183-F184-F185-F186-F187-F188-F189-F190-F191-F192-F193-F194-F195-F196-F197-F198-F199-F200-F201-F202-F203-F204-F205-F206-F207-F208-F209-F210-F211-F212-F213-F214-F215-F216-F217-F218-F219-F220-F221-F222-F223-F224-F225-F226-F227-F228-F229-F230-F231-F232-F233-F234-F235-F236-F237-F238-F239-F240-F241-F242-F243-F244-F245-F246-F247-F248-F249-F250-F251-F252-F253-F254-F255-F256-F257-F258-F259-F260-F261-F262-F263-F264-F265-F266-F267-F268-F269-F270-F271-F272-F273-F274-F275-F276-F277-F278-F279-F280-F281-F282-F283-F284-F285-F286-F287-F288-F289-F290-F291-F292-F293-F294-F295-F296-F297-F298-F299-F300-F301-F302-F303-F304-F305-F306-F307-F308-F309-F310-F311-F312-F313-F314-F315-F316-F317-F318-F319-F320-F321-F322-F323-F324-F325-F326-F327-F328-F329-F330-F331-F332-F333-F334-F335-F336-F337-F338-F339-F340-F341-F342-F343-F344-F345-F346-F347-F348-F349-F350-F351-F352-F353-F354-F355-F356-F357-F358-F359-F360-F361-F362-F363-F364-F365-F366-F367-F368-F369-F370-F371-F372-F373-F374-F375-F376-F377-F378-F379-F380-F381-F382-F383-F384-F385-F386-F387-F388-F389-F390-F391-F392-F393-F394-F395-F396-F397-F398-F399-F400-F401-F402-F403-F404-F405-F406-F407-F408-F409-F410-F411-F412-F413-F414-F415-F416-F417-F418-F419-F420-F421-F422-F423-F424-F425-F426-F427-F428-F429-F430-F431-F432-F433-F434-F435-F436-F437-F438-F439-F440-F441-F442-F443-F444-F445-F446-F447-F448-F449-F450-F451-F452-F453-F454-F455-F456-F457-F458-F459-F460-F461-F462-F463-F464-F465-F466-F467-F468-F469-F470-F471-F472-F473-F474-F475-F476-F477-F478-F479-F480-F481-F482-F483-F484-F485-F486-F487-F488-F489-F490-F491-F492-F493-F494-F495-F496-F497-F498-F499-F500-F501-F502-F503-F504-E505506-E505507-E506510-F508

## Summary

Number of input bits: 512  
Number of free input bits: 4  
Number of output bits: 160

Number of direct occurrences: 17156  
Number of assignments: 30292  
Number of operations: 10851116
(xor: 10821089,
and: 17332,
or: 12695)

Total complexity: 1.131506330602414 × 10^296

Least occurring input variable: iv_509 (4056)  
Most occurring input variable: iv_505 (4576)

Most co-occurring input variables: iv_511-iv_512 (2082)  
Least co-occurring input variables: iv_509-iv_511 (1914)

Potentially most occurring input variable: iv_505/iv_511 (4843)  
Potentially least occurring input variable: iv_511/iv_512 (4360)

Least output occurring input variable: iv_505 (75)  
Most output occurring input variable: iv_512 (83)

Most output co-occurring input variables: iv_511-iv_512 (45)  
Least output co-occurring input variables: iv_505-iv_511 (33)

Potentially most output occurring input variable: iv_509/iv_512 (91)  
Potentially least output occurring input variable: iv_511/iv_512 (74)

Least complex input bit: iv_511 (1.981936785621155 × 10^295)  
Most complex input bit: iv_505 (4.815755870396155 × 10^295)

Least complex output bit: aaa_76_29 (2.175128659449814 × 10^271)  
Most complex output bit: ov_001 (1.7424763211097224 × 10^295)

Least complex input/output complexity: iv_511/aaa_76_29 (3.809936707404238 × 10^270)  
Most complex input/output complexity:  (7.416079208273525 × 10^294)

Input variable with highest collision probability: iv_505 (½^160.00000000000057)

## Input Bits

### Input Bits in Regular Order

| Input Bit | Complexity | Occurrences | Output Occurrences | Collision Probability |
|:---------:|:----------:|:-----------:|:------------------:|:---------------------:|
| iv_505 | 4.815755870396155 × 10^295 | 4576 | 75 | ½^160.00000000000057 |
| iv_509 | 2.1721730238098583 × 10^295 | 4056 | 78 | ½^160.00000000000088 |
| iv_511 | 1.981936785621155 × 10^295 | 4167 | 81 | ½^160.00000000000074 |
| iv_512 | 2.345197626196979 × 10^295 | 4357 | 83 | ½^160.0000000000007 |

### Input Bits Sorted by Complexity

| Input Bit | Complexity | Occurrences | Output Occurrences | Collision Probability |
|:---------:|:----------:|:-----------:|:------------------:|:---------------------:|
| iv_511 | 1.981936785621155 × 10^295 | 4167 | 81 | ½^160.00000000000074 |
| iv_509 | 2.1721730238098583 × 10^295 | 4056 | 78 | ½^160.00000000000088 |
| iv_512 | 2.345197626196979 × 10^295 | 4357 | 83 | ½^160.0000000000007 |
| iv_505 | 4.815755870396155 × 10^295 | 4576 | 75 | ½^160.00000000000057 |

### Input Bits Sorted by Occurrences

| Input Bit | Complexity | Occurrences | Output Occurrences | Collision Probability |
|:---------:|:----------:|:-----------:|:------------------:|:---------------------:|
| iv_509 | 2.1721730238098583 × 10^295 | 4056 | 78 | ½^160.00000000000088 |
| iv_511 | 1.981936785621155 × 10^295 | 4167 | 81 | ½^160.00000000000074 |
| iv_512 | 2.345197626196979 × 10^295 | 4357 | 83 | ½^160.0000000000007 |
| iv_505 | 4.815755870396155 × 10^295 | 4576 | 75 | ½^160.00000000000057 |

### Input Bits Sorted by Output Occurrences

| Input Bit | Complexity | Occurrences | Output Occurrences | Collision Probability |
|:---------:|:----------:|:-----------:|:------------------:|:---------------------:|
| iv_505 | 4.815755870396155 × 10^295 | 4576 | 75 | ½^160.00000000000057 |
| iv_509 | 2.1721730238098583 × 10^295 | 4056 | 78 | ½^160.00000000000088 |
| iv_511 | 1.981936785621155 × 10^295 | 4167 | 81 | ½^160.00000000000074 |
| iv_512 | 2.345197626196979 × 10^295 | 4357 | 83 | ½^160.0000000000007 |

### Input Bits Sorted by Collision Probability

| Input Bit | Complexity | Occurrences | Output Occurrences | Collision Probability |
|:---------:|:----------:|:-----------:|:------------------:|:---------------------:|
| iv_505 | 4.815755870396155 × 10^295 | 4576 | 75 | ½^160.00000000000057 |
| iv_512 | 2.345197626196979 × 10^295 | 4357 | 83 | ½^160.0000000000007 |
| iv_511 | 1.981936785621155 × 10^295 | 4167 | 81 | ½^160.00000000000074 |
| iv_509 | 2.1721730238098583 × 10^295 | 4056 | 78 | ½^160.00000000000088 |

## Input Bit/Output Bit Collision Probabilities

| Input Bit | Output Bit | Collision Probability |
|:---------:|:----------:|:---------------------:|
| iv_505 | ov_028 | 0.5000000000000022 |
| iv_505 | ov_062 | 0.500000000000002 |
| iv_505 | ov_018 | 0.5000000000000016 |
| iv_505 | aaa_78_28 | 0.5000000000000016 |

## Input Bit Co-occurrences

### Input Bit Co-occurrences Sorted by Co-occurrences

| Input Bits | Co-occurrences | Potential Occurrences | Output Co-occurrences | Potential Output Occurrences |
|:----------:|:--------------:|:---------------------:|:---------------------:|:----------------------------:|
| iv_511-iv_512 | 2082 | 4360 | 45 | 74 |
| iv_505-iv_512 | 2081 | 4771 | 41 | 76 |
| iv_505-iv_509 | 1983 | 4666 | 37 | 79 |
| iv_509-iv_512 | 1981 | 4451 | 35 | 91 |

### Input Bit Co-occurrences Sorted by Potential Occurrences

| Input Bits | Co-occurrences | Potential Occurrences | Output Co-occurrences | Potential Output Occurrences |
|:----------:|:--------------:|:---------------------:|:---------------------:|:----------------------------:|
| iv_511-iv_512 | 2082 | 4360 | 45 | 74 |
| iv_509-iv_511 | 1914 | 4395 | 39 | 81 |
| iv_509-iv_512 | 1981 | 4451 | 35 | 91 |
| iv_505-iv_509 | 1983 | 4666 | 37 | 79 |

### Input Bit Output Co-occurrences Sorted by Output Co-occurrences

| Input Bits | Co-occurrences | Potential Occurrences | Output Co-occurrences | Potential Output Occurrences |
|:----------:|:--------------:|:---------------------:|:---------------------:|:----------------------------:|
| iv_511-iv_512 | 2082 | 4360 | 45 | 74 |
| iv_505-iv_512 | 2081 | 4771 | 41 | 76 |
| iv_509-iv_511 | 1914 | 4395 | 39 | 81 |
| iv_505-iv_509 | 1983 | 4666 | 37 | 79 |

### Input Bit Output Co-occurrences Sorted by Potential Output Occurrences

| Input Bits | Co-occurrences | Potential Occurrences | Output Co-occurrences | Potential Output Occurrences |
|:----------:|:--------------:|:---------------------:|:---------------------:|:----------------------------:|
| iv_511-iv_512 | 2082 | 4360 | 45 | 74 |
| iv_505-iv_512 | 2081 | 4771 | 41 | 76 |
| iv_505-iv_509 | 1983 | 4666 | 37 | 79 |
| iv_509-iv_511 | 1914 | 4395 | 39 | 81 |

## Output Bits

### Output Bits in Regular Order

| Rank | Output Bit | Complexity |
|:----:|:----------:|:----------:|
| 1 | ov_001 | 1.7424763211097224 × 10^295 |
| 2 | ov_002 | 1.5273038805616075 × 10^295 |
| 3 | ov_003 | 1.33111424741401 × 10^295 |
| 4 | ov_004 | 1.1529755596388308 × 10^295 |
| 5 | ov_005 | 9.920070219989351 × 10^294 |
| 6 | ov_006 | 8.473752394064065 × 10^294 |
| 7 | ov_007 | 7.182910377931736 × 10^294 |
| 8 | ov_008 | 6.040067225960738 × 10^294 |
| 9 | ov_009 | 5.031422427872889 × 10^294 |
| 10 | ov_010 | 4.150261205196758 × 10^294 |
| 11 | ov_011 | 3.390222363451774 × 10^294 |
| 12 | ov_012 | 2.7395875491803143 × 10^294 |
| 13 | ov_013 | 2.1872810021412207 × 10^294 |
| 14 | ov_014 | 1.7228510593924134 × 10^294 |
| 15 | ov_015 | 1.3364554154713134 × 10^294 |
| 16 | ov_016 | 1.0188497489555017 × 10^294 |
| 17 | ov_017 | 7.613792453571674 × 10^293 |
| 18 | ov_018 | 5.559724752450061 × 10^293 |
| 19 | ov_019 | 3.951371241690944 × 10^293 |
| 20 | ov_020 | 2.719571748640399 × 10^293 |
| 21 | ov_021 | 1.8009119230417125 × 10^293 |
| 22 | ov_022 | 1.1377135850349614 × 10^293 |
| 23 | ov_023 | 6.780294150057678 × 10^292 |
| 24 | ov_024 | 3.7563984220666593 × 10^292 |
| 25 | ov_025 | 1.900511011423341 × 10^292 |
| 26 | ov_026 | 8.64940638913184 × 10^291 |
| 27 | ov_027 | 3.592361244520807 × 10^291 |
| 28 | ov_028 | 1.501834701054219 × 10^291 |
| 29 | ov_029 | 6.180474393495737 × 10^290 |
| 30 | ov_030 | 2.041992907329392 × 10^290 |
| 31 | ov_031 | 4.936568798610207 × 10^289 |
| 32 | lv_80_m31 | 1.1931473156878656 × 10^289 |
| 33 | ov_033 | 1.4376284353551542 × 10^290 |
| 34 | ov_034 | 1.2444560331091806 × 10^290 |
| 35 | ov_035 | 1.0714372948958252 × 10^290 |
| 36 | ov_036 | 9.175530827277636 × 10^289 |
| 37 | ov_037 | 7.818403976118516 × 10^289 |
| 38 | ov_038 | 6.625256660298078 × 10^289 |
| 39 | ov_039 | 5.579290206444713 × 10^289 |
| 40 | ov_040 | 4.664585211522179 × 10^289 |
| 41 | ov_041 | 3.8733951207408927 × 10^289 |
| 42 | ov_042 | 3.1914185319796626 × 10^289 |
| 43 | ov_043 | 2.605107261596229 × 10^289 |
| 44 | ov_044 | 2.1016375337381278 × 10^289 |
| 45 | ov_045 | 1.6688864628386095 × 10^289 |
| 46 | ov_046 | 1.3009651959177794 × 10^289 |
| 47 | ov_047 | 9.923216276511247 × 10^288 |
| 48 | ov_048 | 7.377337367598522 × 10^288 |
| 49 | ov_049 | 5.3230438479865456 × 10^288 |
| 50 | ov_050 | 3.7145732644114414 × 10^288 |
| 51 | ov_051 | 2.5093426279255592 × 10^288 |
| 52 | ov_052 | 1.631649419072901 × 10^288 |
| 53 | ov_053 | 1.0120740935799661 × 10^288 |
| 54 | ov_054 | 5.8746740315108156 × 10^287 |
| 55 | ov_055 | 3.2782116341041747 × 10^287 |
| 56 | ov_056 | 1.8250938210605395 × 10^287 |
| 57 | ov_057 | 1.0716397286640807 × 10^287 |
| 58 | ov_058 | 6.36736491510651 × 10^286 |
| 59 | ov_059 | 3.4546867604273983 × 10^286 |
| 60 | ov_060 | 1.6655709034943504 × 10^286 |
| 61 | ov_061 | 6.87228067244222 × 10^285 |
| 62 | ov_062 | 2.276527525869703 × 10^285 |
| 63 | ov_063 | 5.5182632804888786 × 10^284 |
| 64 | lv_79_m31 | 1.3368858891127416 × 10^284 |
| 65 | ov_065 | 1.5841309860614964 × 10^285 |
| 66 | ov_066 | 1.5841268885110433 × 10^285 |
| 67 | ov_067 | 1.584125560775537 × 10^285 |
| 68 | ov_068 | 1.376294633186134 × 10^285 |
| 69 | ov_069 | 1.188526149082861 × 10^285 |
| 70 | ov_070 | 1.0197592928737105 × 10^285 |
| 71 | ov_071 | 8.689987320656088 × 10^284 |
| 72 | ov_072 | 7.353101429778694 × 10^284 |
| 73 | ov_073 | 6.1781612522981826 × 10^284 |
| 74 | ov_074 | 5.149181268317372 × 10^284 |
| 75 | ov_075 | 4.251142300812188 × 10^284 |
| 76 | ov_076 | 3.476768748043215 × 10^284 |
| 77 | ov_077 | 2.8128071173270248 × 10^284 |
| 78 | ov_078 | 2.246814988127407 × 10^284 |
| 79 | ov_079 | 1.7727685190143998 × 10^284 |
| 80 | ov_080 | 1.3797306089106212 × 10^284 |
| 81 | ov_081 | 1.0574680678194023 × 10^284 |
| 82 | ov_082 | 7.964250004644907 × 10^283 |
| 83 | ov_083 | 5.877001853927866 × 10^283 |
| 84 | ov_084 | 4.230281178473821 × 10^283 |
| 85 | ov_085 | 2.9476338543846064 × 10^283 |
| 86 | ov_086 | 1.9586804603841143 × 10^283 |
| 87 | ov_087 | 1.2297359569871652 × 10^283 |
| 88 | ov_088 | 7.300811625492583 × 10^282 |
| 89 | ov_089 | 4.070541111276043 × 10^282 |
| 90 | ov_090 | 2.1379681877111887 × 10^282 |
| 91 | ov_091 | 1.0922963557616046 × 10^282 |
| 92 | ov_092 | 5.803583557634455 × 10^281 |
| 93 | ov_093 | 3.0653332507859673 × 10^281 |
| 94 | ov_094 | 1.3739059951034216 × 10^281 |
| 95 | aaa_78_28 | 4.418537888675494 × 10^280 |
| 96 | aaa_78_29 | 1.6739752493417112 × 10^280 |
| 97 | ov_097 | 1.822436244220713 × 10^280 |
| 98 | ov_098 | 1.8223810440168896 × 10^280 |
| 99 | ov_099 | 1.8223633955478146 × 10^280 |
| 100 | ov_100 | 1.6397402898506947 × 10^280 |
| 101 | ov_101 | 1.4706594169698998 × 10^280 |
| 102 | ov_102 | 1.3143651932115337 × 10^280 |
| 103 | ov_103 | 1.1701572496304097 × 10^280 |
| 104 | ov_104 | 1.0373836988396193 × 10^280 |
| 105 | ov_105 | 9.154349398541473 × 10^279 |
| 106 | ov_106 | 8.037379717036948 × 10^279 |
| 107 | ov_107 | 7.017511882354105 × 10^279 |
| 108 | ov_108 | 6.089596958978546 × 10^279 |
| 109 | ov_109 | 5.248711329330501 × 10^279 |
| 110 | ov_110 | 4.490118921589871 × 10^279 |
| 111 | ov_111 | 3.809237227371709 × 10^279 |
| 112 | ov_112 | 3.201606868624604 × 10^279 |
| 113 | ov_113 | 2.662864961959269 × 10^279 |
| 114 | ov_114 | 2.1887225315843905 × 10^279 |
| 115 | ov_115 | 1.774945659248964 × 10^279 |
| 116 | ov_116 | 1.4173400610066942 × 10^279 |
| 117 | ov_117 | 1.1117387815436009 × 10^279 |
| 118 | ov_118 | 8.539926973501634 × 10^278 |
| 119 | ov_119 | 6.399635203036812 × 10^278 |
| 120 | ov_120 | 4.6551899337108716 × 10^278 |
| 121 | ov_121 | 3.265299702126857 × 10^278 |
| 122 | ov_122 | 2.1886893132200334 × 10^278 |
| 123 | ov_123 | 1.384092880328144 × 10^278 |
| 124 | ov_124 | 8.102497729431559 × 10^277 |
| 125 | ov_125 | 4.2590195686596645 × 10^277 |
| 126 | ov_126 | 1.8979246347635062 × 10^277 |
| 127 | aaa_77_28 | 6.066466484984844 × 10^276 |
| 128 | aaa_77_29 | 2.2767928150558644 × 10^276 |
| 129 | ov_129 | 2.128175044961814 × 10^276 |
| 130 | ov_130 | 2.128169748501039 × 10^276 |
| 131 | ov_131 | 2.1281680446037392 × 10^276 |
| 132 | ov_132 | 1.8543700653123478 × 10^276 |
| 133 | ov_133 | 1.6067513421884347 × 10^276 |
| 134 | ov_134 | 1.3840299554522446 × 10^276 |
| 135 | ov_135 | 1.1849972987673396 × 10^276 |
| 136 | ov_136 | 1.0085126079994875 × 10^276 |
| 137 | ov_137 | 8.524790588585702 × 10^275 |
| 138 | ov_138 | 7.149135544897926 × 10^275 |
| 139 | ov_139 | 5.939398068197837 × 10^275 |
| 140 | ov_140 | 4.8864557386760635 × 10^275 |
| 141 | ov_141 | 3.973513343987379 × 10^275 |
| 142 | ov_142 | 3.1924072533070244 × 10^275 |
| 143 | ov_143 | 2.5281413719042665 × 10^275 |
| 144 | ov_144 | 1.9665737963343583 × 10^275 |
| 145 | ov_145 | 1.5008439982687728 × 10^275 |
| 146 | ov_146 | 1.1184562514408885 × 10^275 |
| 147 | ov_147 | 8.133643723485868 × 10^274 |
| 148 | ov_148 | 5.746645473564589 × 10^274 |
| 149 | ov_149 | 3.922366578126888 × 10^274 |
| 150 | ov_150 | 2.5673916957911748 × 10^274 |
| 151 | ov_151 | 1.5960567179241061 × 10^274 |
| 152 | ov_152 | 9.304267508289073 × 10^273 |
| 153 | ov_153 | 5.002834070290976 × 10^273 |
| 154 | ov_154 | 2.431182268930601 × 10^273 |
| 155 | ov_155 | 1.0412950052685153 × 10^273 |
| 156 | aaa_76_25 | 3.6220780085228254 × 10^272 |
| 157 | aaa_76_26 | 2.230279932837286 × 10^272 |
| 158 | aaa_76_27 | 1.2236774302497379 × 10^272 |
| 159 | aaa_76_28 | 5.7714545148443 × 10^271 |
| 160 | aaa_76_29 | 2.175128659449814 × 10^271 |

### Output Bits Sorted by Complexity

| Rank | Output Bit | Complexity |
|:----:|:----------:|:----------:|
| 160 | aaa_76_29 | 2.175128659449814 × 10^271 |
| 159 | aaa_76_28 | 5.7714545148443 × 10^271 |
| 158 | aaa_76_27 | 1.2236774302497379 × 10^272 |
| 157 | aaa_76_26 | 2.230279932837286 × 10^272 |
| 156 | aaa_76_25 | 3.6220780085228254 × 10^272 |
| 155 | ov_155 | 1.0412950052685153 × 10^273 |
| 154 | ov_154 | 2.431182268930601 × 10^273 |
| 153 | ov_153 | 5.002834070290976 × 10^273 |
| 152 | ov_152 | 9.304267508289073 × 10^273 |
| 151 | ov_151 | 1.5960567179241061 × 10^274 |
| 150 | ov_150 | 2.5673916957911748 × 10^274 |
| 149 | ov_149 | 3.922366578126888 × 10^274 |
| 148 | ov_148 | 5.746645473564589 × 10^274 |
| 147 | ov_147 | 8.133643723485868 × 10^274 |
| 146 | ov_146 | 1.1184562514408885 × 10^275 |
| 145 | ov_145 | 1.5008439982687728 × 10^275 |
| 144 | ov_144 | 1.9665737963343583 × 10^275 |
| 143 | ov_143 | 2.5281413719042665 × 10^275 |
| 142 | ov_142 | 3.1924072533070244 × 10^275 |
| 141 | ov_141 | 3.973513343987379 × 10^275 |
| 140 | ov_140 | 4.8864557386760635 × 10^275 |
| 139 | ov_139 | 5.939398068197837 × 10^275 |
| 138 | ov_138 | 7.149135544897926 × 10^275 |
| 137 | ov_137 | 8.524790588585702 × 10^275 |
| 136 | ov_136 | 1.0085126079994875 × 10^276 |
| 135 | ov_135 | 1.1849972987673396 × 10^276 |
| 134 | ov_134 | 1.3840299554522446 × 10^276 |
| 133 | ov_133 | 1.6067513421884347 × 10^276 |
| 132 | ov_132 | 1.8543700653123478 × 10^276 |
| 131 | ov_131 | 2.1281680446037392 × 10^276 |
| 130 | ov_130 | 2.128169748501039 × 10^276 |
| 129 | ov_129 | 2.128175044961814 × 10^276 |
| 128 | aaa_77_29 | 2.2767928150558644 × 10^276 |
| 127 | aaa_77_28 | 6.066466484984844 × 10^276 |
| 126 | ov_126 | 1.8979246347635062 × 10^277 |
| 125 | ov_125 | 4.2590195686596645 × 10^277 |
| 124 | ov_124 | 8.102497729431559 × 10^277 |
| 123 | ov_123 | 1.384092880328144 × 10^278 |
| 122 | ov_122 | 2.1886893132200334 × 10^278 |
| 121 | ov_121 | 3.265299702126857 × 10^278 |
| 120 | ov_120 | 4.6551899337108716 × 10^278 |
| 119 | ov_119 | 6.399635203036812 × 10^278 |
| 118 | ov_118 | 8.539926973501634 × 10^278 |
| 117 | ov_117 | 1.1117387815436009 × 10^279 |
| 116 | ov_116 | 1.4173400610066942 × 10^279 |
| 115 | ov_115 | 1.774945659248964 × 10^279 |
| 114 | ov_114 | 2.1887225315843905 × 10^279 |
| 113 | ov_113 | 2.662864961959269 × 10^279 |
| 112 | ov_112 | 3.201606868624604 × 10^279 |
| 111 | ov_111 | 3.809237227371709 × 10^279 |
| 110 | ov_110 | 4.490118921589871 × 10^279 |
| 109 | ov_109 | 5.248711329330501 × 10^279 |
| 108 | ov_108 | 6.089596958978546 × 10^279 |
| 107 | ov_107 | 7.017511882354105 × 10^279 |
| 106 | ov_106 | 8.037379717036948 × 10^279 |
| 105 | ov_105 | 9.154349398541473 × 10^279 |
| 104 | ov_104 | 1.0373836988396193 × 10^280 |
| 103 | ov_103 | 1.1701572496304097 × 10^280 |
| 102 | ov_102 | 1.3143651932115337 × 10^280 |
| 101 | ov_101 | 1.4706594169698998 × 10^280 |
| 100 | ov_100 | 1.6397402898506947 × 10^280 |
| 96 | aaa_78_29 | 1.6739752493417112 × 10^280 |
| 99 | ov_099 | 1.8223633955478146 × 10^280 |
| 98 | ov_098 | 1.8223810440168896 × 10^280 |
| 97 | ov_097 | 1.822436244220713 × 10^280 |
| 95 | aaa_78_28 | 4.418537888675494 × 10^280 |
| 94 | ov_094 | 1.3739059951034216 × 10^281 |
| 93 | ov_093 | 3.0653332507859673 × 10^281 |
| 92 | ov_092 | 5.803583557634455 × 10^281 |
| 91 | ov_091 | 1.0922963557616046 × 10^282 |
| 90 | ov_090 | 2.1379681877111887 × 10^282 |
| 89 | ov_089 | 4.070541111276043 × 10^282 |
| 88 | ov_088 | 7.300811625492583 × 10^282 |
| 87 | ov_087 | 1.2297359569871652 × 10^283 |
| 86 | ov_086 | 1.9586804603841143 × 10^283 |
| 85 | ov_085 | 2.9476338543846064 × 10^283 |
| 84 | ov_084 | 4.230281178473821 × 10^283 |
| 83 | ov_083 | 5.877001853927866 × 10^283 |
| 82 | ov_082 | 7.964250004644907 × 10^283 |
| 81 | ov_081 | 1.0574680678194023 × 10^284 |
| 64 | lv_79_m31 | 1.3368858891127416 × 10^284 |
| 80 | ov_080 | 1.3797306089106212 × 10^284 |
| 79 | ov_079 | 1.7727685190143998 × 10^284 |
| 78 | ov_078 | 2.246814988127407 × 10^284 |
| 77 | ov_077 | 2.8128071173270248 × 10^284 |
| 76 | ov_076 | 3.476768748043215 × 10^284 |
| 75 | ov_075 | 4.251142300812188 × 10^284 |
| 74 | ov_074 | 5.149181268317372 × 10^284 |
| 63 | ov_063 | 5.5182632804888786 × 10^284 |
| 73 | ov_073 | 6.1781612522981826 × 10^284 |
| 72 | ov_072 | 7.353101429778694 × 10^284 |
| 71 | ov_071 | 8.689987320656088 × 10^284 |
| 70 | ov_070 | 1.0197592928737105 × 10^285 |
| 69 | ov_069 | 1.188526149082861 × 10^285 |
| 68 | ov_068 | 1.376294633186134 × 10^285 |
| 67 | ov_067 | 1.584125560775537 × 10^285 |
| 66 | ov_066 | 1.5841268885110433 × 10^285 |
| 65 | ov_065 | 1.5841309860614964 × 10^285 |
| 62 | ov_062 | 2.276527525869703 × 10^285 |
| 61 | ov_061 | 6.87228067244222 × 10^285 |
| 60 | ov_060 | 1.6655709034943504 × 10^286 |
| 59 | ov_059 | 3.4546867604273983 × 10^286 |
| 58 | ov_058 | 6.36736491510651 × 10^286 |
| 57 | ov_057 | 1.0716397286640807 × 10^287 |
| 56 | ov_056 | 1.8250938210605395 × 10^287 |
| 55 | ov_055 | 3.2782116341041747 × 10^287 |
| 54 | ov_054 | 5.8746740315108156 × 10^287 |
| 53 | ov_053 | 1.0120740935799661 × 10^288 |
| 52 | ov_052 | 1.631649419072901 × 10^288 |
| 51 | ov_051 | 2.5093426279255592 × 10^288 |
| 50 | ov_050 | 3.7145732644114414 × 10^288 |
| 49 | ov_049 | 5.3230438479865456 × 10^288 |
| 48 | ov_048 | 7.377337367598522 × 10^288 |
| 47 | ov_047 | 9.923216276511247 × 10^288 |
| 32 | lv_80_m31 | 1.1931473156878656 × 10^289 |
| 46 | ov_046 | 1.3009651959177794 × 10^289 |
| 45 | ov_045 | 1.6688864628386095 × 10^289 |
| 44 | ov_044 | 2.1016375337381278 × 10^289 |
| 43 | ov_043 | 2.605107261596229 × 10^289 |
| 42 | ov_042 | 3.1914185319796626 × 10^289 |
| 41 | ov_041 | 3.8733951207408927 × 10^289 |
| 40 | ov_040 | 4.664585211522179 × 10^289 |
| 31 | ov_031 | 4.936568798610207 × 10^289 |
| 39 | ov_039 | 5.579290206444713 × 10^289 |
| 38 | ov_038 | 6.625256660298078 × 10^289 |
| 37 | ov_037 | 7.818403976118516 × 10^289 |
| 36 | ov_036 | 9.175530827277636 × 10^289 |
| 35 | ov_035 | 1.0714372948958252 × 10^290 |
| 34 | ov_034 | 1.2444560331091806 × 10^290 |
| 33 | ov_033 | 1.4376284353551542 × 10^290 |
| 30 | ov_030 | 2.041992907329392 × 10^290 |
| 29 | ov_029 | 6.180474393495737 × 10^290 |
| 28 | ov_028 | 1.501834701054219 × 10^291 |
| 27 | ov_027 | 3.592361244520807 × 10^291 |
| 26 | ov_026 | 8.64940638913184 × 10^291 |
| 25 | ov_025 | 1.900511011423341 × 10^292 |
| 24 | ov_024 | 3.7563984220666593 × 10^292 |
| 23 | ov_023 | 6.780294150057678 × 10^292 |
| 22 | ov_022 | 1.1377135850349614 × 10^293 |
| 21 | ov_021 | 1.8009119230417125 × 10^293 |
| 20 | ov_020 | 2.719571748640399 × 10^293 |
| 19 | ov_019 | 3.951371241690944 × 10^293 |
| 18 | ov_018 | 5.559724752450061 × 10^293 |
| 17 | ov_017 | 7.613792453571674 × 10^293 |
| 16 | ov_016 | 1.0188497489555017 × 10^294 |
| 15 | ov_015 | 1.3364554154713134 × 10^294 |
| 14 | ov_014 | 1.7228510593924134 × 10^294 |
| 13 | ov_013 | 2.1872810021412207 × 10^294 |
| 12 | ov_012 | 2.7395875491803143 × 10^294 |
| 11 | ov_011 | 3.390222363451774 × 10^294 |
| 10 | ov_010 | 4.150261205196758 × 10^294 |
| 9 | ov_009 | 5.031422427872889 × 10^294 |
| 8 | ov_008 | 6.040067225960738 × 10^294 |
| 7 | ov_007 | 7.182910377931736 × 10^294 |
| 6 | ov_006 | 8.473752394064065 × 10^294 |
| 5 | ov_005 | 9.920070219989351 × 10^294 |
| 4 | ov_004 | 1.1529755596388308 × 10^295 |
| 3 | ov_003 | 1.33111424741401 × 10^295 |
| 2 | ov_002 | 1.5273038805616075 × 10^295 |
| 1 | ov_001 | 1.7424763211097224 × 10^295 |

