# Results for F001-F002-F003-F004-F005-F006-F007-F008-F009-F010-F011-F012-F013-F014-F015-F016-F017-F018-F019-F020-F021-F022-F023-F024-F025-F026-F027-F028-F029-F030-F031-F032-F033-F034-F035-F036-F037-F038-F039-F040-F041-F042-F043-F044-F045-F046-F047-F048-F049-F050-F051-F052-F053-F054-F055-F056-F057-F058-F059-F060-F061-F062-F063-F064-F065-F066-F067-F068-F069-F070-F071-F072-F073-F074-F075-F076-F077-F078-F079-F080-F081-F082-F083-F084-F085-F086-F087-F088-F089-F090-F091-F092-F093-F094-F095-F096-F097-F098-F099-F100-F101-F102-F103-F104-F105-F106-F107-F108-F109-F110-F111-F112-F113-F114-F115-F116-F117-F118-F119-F120-F121-F122-F123-F124-F125-F126-F127-F128-F129-F130-F131-F132-F133-F134-F135-F136-F137-F138-F139-F140-F141-F142-F143-F144-F145-F146-F147-F148-F149-F150-F151-F152-F153-F154-F155-F156-F157-F158-F159-F160-F161-F162-F163-F164-F165-F166-F167-F168-F169-F170-F171-F172-F173-F174-F175-F176-F177-F178-F179-F180-F181-F182-F183-F184-F185-F186-F187-F188-F189-F190-F191-F192-F193-F194-F195-F196-F197-F198-F199-F200-F201-F202-F203-F204-F205-F206-F207-F208-F209-F210-F211-F212-F213-F214-F215-F216-F217-F218-F219-F220-F221-F222-F223-F224-F225-F226-F227-F228-F229-F230-F231-F232-F233-F234-F235-F236-F237-F238-F239-F240-F241-F242-F243-F244-F245-F246-F247-F248-F249-F250-F251-F252-F253-F254-F255-F256-F257-F258-F259-F260-F261-F262-F263-F264-F265-F266-F267-F268-F269-F270-F271-F272-F273-F274-F275-F276-F277-F278-F279-F280-F281-F282-F283-F284-F285-F286-F287-F288-F289-F290-F291-F292-F293-F294-F295-F296-F297-F298-F299-F300-F301-F302-F303-F304-F305-F306-F307-F308-F309-F310-F311-F312-F313-F314-F315-F316-F317-F318-F319-F320-F321-F322-F323-F324-F325-F326-F327-F328-F329-F330-F331-F332-F333-F334-F335-F336-F337-F338-F339-F340-F341-F342-F343-F344-F345-F346-F347-F348-F349-F350-F351-F352-F353-F354-F355-F356-F357-F358-F359-F360-F361-F362-F363-F364-F365-F366-F367-F368-F369-F370-F371-F372-F373-F374-F375-F376-F377-F378-F379-F380-F381-F382-F383-F384-F385-F386-F387-F388-F389-F390-F391-F392-F393-F394-F395-F396-F397-F398-F399-F400-F401-F402-F403-F404-F405-F406-F407-F408-F409-F410-F411-F412-F413-F414-F415-F416-F417-F418-F419-F420-F421-F422-F423-F424-F425-F426-F427-F428-F429-F430-F431-F432-F433-F434-F435-F436-F437-F438-F439-F440-F441-F442-F443-F444-F445-F446-F447-F448-F449-F450-F451-F452-F453-F454-F455-F456-F457-F458-F459-F460-F461-F462-F463-F464-F465-F466-F467-F468-F469-F470-F471-F472-F473-F474-F475-F476-F477-F478-F479-F480-F481-F482-F483-F484-F485-F486-F487-F488-F489-F490-F491-F492-F493-F494-F495-F496-F497-F498-F499-F500-F501-F502-F503-F504-E505506-E505507-E505512-E506510

## Summary

Number of input bits: 512  
Number of free input bits: 4  
Number of output bits: 160

Number of direct occurrences: 17134  
Number of assignments: 30420  
Number of operations: 10893822
(xor: 10863687,
and: 17374,
or: 12761)

Total complexity: 4.019572588694818 × 10^296

Least occurring input variable: iv_509 (4043)  
Most occurring input variable: iv_505 (4919)

Most co-occurring input variables: iv_505-iv_508 (2039)  
Least co-occurring input variables: iv_508-iv_509 (1862)

Potentially most occurring input variable: iv_505/iv_511 (4971)  
Potentially least occurring input variable: iv_508/iv_511 (4360)

Least output occurring input variable: iv_508 (70)  
Most output occurring input variable: iv_505 (82)

Most output co-occurring input variables: iv_509-iv_511 (42)  
Least output co-occurring input variables: iv_508-iv_509 (30)

Potentially most output occurring input variable: iv_505/iv_511 (94)  
Potentially least output occurring input variable: iv_509/iv_511 (64)

Least complex input bit: iv_511 (2.197166163980209 × 10^295)  
Most complex input bit: iv_505 (1.966533688701978 × 10^296)

Least complex output bit: aaa_76_29 (7.219953657474523 × 10^271)  
Most complex output bit: ov_001 (6.190015800728065 × 10^295)

Least complex input/output complexity: iv_511/aaa_76_29 (3.9465484281399965 × 10^270)  
Most complex input/output complexity:  (3.0284002433407695 × 10^295)

Input variable with highest collision probability: iv_511 (½^160.0000000000006)

## Input Bits

### Input Bits in Regular Order

| Input Bit | Complexity | Occurrences | Output Occurrences | Collision Probability |
|:---------:|:----------:|:-----------:|:------------------:|:---------------------:|
| iv_505 | 1.966533688701978 × 10^296 | 4919 | 82 | ½^160.00000000000074 |
| iv_508 | 7.233285794386663 × 10^295 | 4052 | 70 | ½^160.00000000000082 |
| iv_509 | 1.1099937041561589 × 10^296 | 4043 | 74 | ½^160.00000000000088 |
| iv_511 | 2.197166163980209 × 10^295 | 4120 | 74 | ½^160.0000000000006 |

### Input Bits Sorted by Complexity

| Input Bit | Complexity | Occurrences | Output Occurrences | Collision Probability |
|:---------:|:----------:|:-----------:|:------------------:|:---------------------:|
| iv_511 | 2.197166163980209 × 10^295 | 4120 | 74 | ½^160.0000000000006 |
| iv_508 | 7.233285794386663 × 10^295 | 4052 | 70 | ½^160.00000000000082 |
| iv_509 | 1.1099937041561589 × 10^296 | 4043 | 74 | ½^160.00000000000088 |
| iv_505 | 1.966533688701978 × 10^296 | 4919 | 82 | ½^160.00000000000074 |

### Input Bits Sorted by Occurrences

| Input Bit | Complexity | Occurrences | Output Occurrences | Collision Probability |
|:---------:|:----------:|:-----------:|:------------------:|:---------------------:|
| iv_509 | 1.1099937041561589 × 10^296 | 4043 | 74 | ½^160.00000000000088 |
| iv_508 | 7.233285794386663 × 10^295 | 4052 | 70 | ½^160.00000000000082 |
| iv_511 | 2.197166163980209 × 10^295 | 4120 | 74 | ½^160.0000000000006 |
| iv_505 | 1.966533688701978 × 10^296 | 4919 | 82 | ½^160.00000000000074 |

### Input Bits Sorted by Output Occurrences

| Input Bit | Complexity | Occurrences | Output Occurrences | Collision Probability |
|:---------:|:----------:|:-----------:|:------------------:|:---------------------:|
| iv_508 | 7.233285794386663 × 10^295 | 4052 | 70 | ½^160.00000000000082 |
| iv_509 | 1.1099937041561589 × 10^296 | 4043 | 74 | ½^160.00000000000088 |
| iv_511 | 2.197166163980209 × 10^295 | 4120 | 74 | ½^160.0000000000006 |
| iv_505 | 1.966533688701978 × 10^296 | 4919 | 82 | ½^160.00000000000074 |

### Input Bits Sorted by Collision Probability

| Input Bit | Complexity | Occurrences | Output Occurrences | Collision Probability |
|:---------:|:----------:|:-----------:|:------------------:|:---------------------:|
| iv_511 | 2.197166163980209 × 10^295 | 4120 | 74 | ½^160.0000000000006 |
| iv_505 | 1.966533688701978 × 10^296 | 4919 | 82 | ½^160.00000000000074 |
| iv_508 | 7.233285794386663 × 10^295 | 4052 | 70 | ½^160.00000000000082 |
| iv_509 | 1.1099937041561589 × 10^296 | 4043 | 74 | ½^160.00000000000088 |

## Input Bit/Output Bit Collision Probabilities

| Input Bit | Output Bit | Collision Probability |
|:---------:|:----------:|:---------------------:|
| iv_511 | ov_015 | 0.5000000000000022 |
| iv_505 | ov_133 | 0.5000000000000019 |
| iv_511 | ov_035 | 0.5000000000000018 |
| iv_511 | ov_063 | 0.5000000000000018 |

## Input Bit Co-occurrences

### Input Bit Co-occurrences Sorted by Co-occurrences

| Input Bits | Co-occurrences | Potential Occurrences | Output Co-occurrences | Potential Output Occurrences |
|:----------:|:--------------:|:---------------------:|:---------------------:|:----------------------------:|
| iv_505-iv_508 | 2039 | 4893 | 38 | 76 |
| iv_505-iv_511 | 2034 | 4971 | 31 | 94 |
| iv_505-iv_509 | 2013 | 4936 | 33 | 90 |
| iv_508-iv_511 | 1906 | 4360 | 35 | 74 |

### Input Bit Co-occurrences Sorted by Potential Occurrences

| Input Bits | Co-occurrences | Potential Occurrences | Output Co-occurrences | Potential Output Occurrences |
|:----------:|:--------------:|:---------------------:|:---------------------:|:----------------------------:|
| iv_508-iv_511 | 1906 | 4360 | 35 | 74 |
| iv_509-iv_511 | 1900 | 4363 | 42 | 64 |
| iv_508-iv_509 | 1862 | 4371 | 30 | 84 |
| iv_505-iv_508 | 2039 | 4893 | 38 | 76 |

### Input Bit Output Co-occurrences Sorted by Output Co-occurrences

| Input Bits | Co-occurrences | Potential Occurrences | Output Co-occurrences | Potential Output Occurrences |
|:----------:|:--------------:|:---------------------:|:---------------------:|:----------------------------:|
| iv_509-iv_511 | 1900 | 4363 | 42 | 64 |
| iv_505-iv_508 | 2039 | 4893 | 38 | 76 |
| iv_508-iv_511 | 1906 | 4360 | 35 | 74 |
| iv_505-iv_509 | 2013 | 4936 | 33 | 90 |

### Input Bit Output Co-occurrences Sorted by Potential Output Occurrences

| Input Bits | Co-occurrences | Potential Occurrences | Output Co-occurrences | Potential Output Occurrences |
|:----------:|:--------------:|:---------------------:|:---------------------:|:----------------------------:|
| iv_509-iv_511 | 1900 | 4363 | 42 | 64 |
| iv_508-iv_511 | 1906 | 4360 | 35 | 74 |
| iv_505-iv_508 | 2039 | 4893 | 38 | 76 |
| iv_508-iv_509 | 1862 | 4371 | 30 | 84 |

## Output Bits

### Output Bits in Regular Order

| Rank | Output Bit | Complexity |
|:----:|:----------:|:----------:|
| 1 | ov_001 | 6.190015800728065 × 10^295 |
| 2 | ov_002 | 5.425618898946316 × 10^295 |
| 3 | ov_003 | 4.728663088254194 × 10^295 |
| 4 | ov_004 | 4.095836552532996 × 10^295 |
| 5 | ov_005 | 3.5240089461694805 × 10^295 |
| 6 | ov_006 | 3.0102184555993696 × 10^295 |
| 7 | ov_007 | 2.5516605713259384 × 10^295 |
| 8 | ov_008 | 2.1456783768234152 × 10^295 |
| 9 | ov_009 | 1.7873684672876177 × 10^295 |
| 10 | ov_010 | 1.474345139097523 × 10^295 |
| 11 | ov_011 | 1.2043484829141924 × 10^295 |
| 12 | ov_012 | 9.732157488422653 × 10^294 |
| 13 | ov_013 | 7.77012621388435 × 10^294 |
| 14 | ov_014 | 6.120265625998717 × 10^294 |
| 15 | ov_015 | 4.747614986367267 × 10^294 |
| 16 | ov_016 | 3.619337179216223 × 10^294 |
| 17 | ov_017 | 2.7046882183489264 × 10^294 |
| 18 | ov_018 | 1.9749954488655495 × 10^294 |
| 19 | ov_019 | 1.4036426495528435 × 10^294 |
| 20 | ov_020 | 9.660604115389872 × 10^293 |
| 21 | ov_021 | 6.397203383458804 × 10^293 |
| 22 | ov_022 | 4.041317819275416 × 10^293 |
| 23 | ov_023 | 2.408400472714393 × 10^293 |
| 24 | ov_024 | 1.3342534066148341 × 10^293 |
| 25 | ov_025 | 6.750211285206901 × 10^292 |
| 26 | ov_026 | 3.071866458810082 × 10^292 |
| 27 | ov_027 | 1.2756934645729836 × 10^292 |
| 28 | ov_028 | 5.332401372010208 × 10^291 |
| 29 | ov_029 | 2.19404502842534 × 10^291 |
| 30 | ov_030 | 7.24728951423214 × 10^290 |
| 31 | ov_031 | 1.7514712389129548 × 10^290 |
| 32 | lv_80_m31 | 4.2315438955221233 × 10^289 |
| 33 | ov_033 | 5.106320920661158 × 10^290 |
| 34 | ov_034 | 4.419843902886006 × 10^290 |
| 35 | ov_035 | 3.804898656838592 × 10^290 |
| 36 | ov_036 | 3.258047070502141 × 10^290 |
| 37 | ov_037 | 2.7760390003773472 × 10^290 |
| 38 | ov_038 | 2.3528846107801375 × 10^290 |
| 39 | ov_039 | 1.9829080851541567 × 10^290 |
| 40 | ov_040 | 1.6607285619172862 × 10^290 |
| 41 | ov_041 | 1.3812439661418195 × 10^290 |
| 42 | ov_042 | 1.1396174094806407 × 10^290 |
| 43 | ov_043 | 9.312658512188143 × 10^289 |
| 44 | ov_044 | 7.518507328910139 × 10^289 |
| 45 | ov_045 | 5.972703176823023 × 10^289 |
| 46 | ov_046 | 4.65532083460139 × 10^289 |
| 47 | ov_047 | 3.547574307003939 × 10^289 |
| 48 | ov_048 | 2.6317946690692896 × 10^289 |
| 49 | ov_049 | 1.8914125300207836 × 10^289 |
| 50 | ov_050 | 1.310944494079453 × 10^289 |
| 51 | ov_051 | 8.75983160795646 × 10^288 |
| 52 | ov_052 | 5.60916285941787 × 10^288 |
| 53 | ov_053 | 3.422578408176062 × 10^288 |
| 54 | ov_054 | 1.9864370947508764 × 10^288 |
| 55 | ov_055 | 1.108293535454076 × 10^288 |
| 56 | ov_056 | 6.168859946820256 × 10^287 |
| 57 | ov_057 | 3.62129817083973 × 10^287 |
| 58 | ov_058 | 2.1511367390801674 × 10^287 |
| 59 | ov_059 | 1.1667489290159984 × 10^287 |
| 60 | ov_060 | 5.622844227165197 × 10^286 |
| 61 | ov_061 | 2.318937989628665 × 10^286 |
| 62 | ov_062 | 7.67779484735189 × 10^285 |
| 63 | ov_063 | 1.859948622109583 × 10^285 |
| 64 | lv_79_m31 | 4.503103057453077 × 10^284 |
| 65 | ov_065 | 5.3062596947519654 × 10^285 |
| 66 | ov_066 | 5.306245787430773 × 10^285 |
| 67 | ov_067 | 5.306241280896724 × 10^285 |
| 68 | ov_068 | 4.601233343730826 × 10^285 |
| 69 | ov_069 | 3.965081491438308 × 10^285 |
| 70 | ov_070 | 3.394185630352106 × 10^285 |
| 71 | ov_071 | 2.885167927191464 × 10^285 |
| 72 | ov_072 | 2.4348576208493532 × 10^285 |
| 73 | ov_073 | 2.0402771532535252 × 10^285 |
| 74 | ov_074 | 1.696001720260481 × 10^285 |
| 75 | ov_075 | 1.3969344898472122 × 10^285 |
| 76 | ov_076 | 1.140606459209047 × 10^285 |
| 77 | ov_077 | 9.225200437035967 × 10^284 |
| 78 | ov_078 | 7.38452916457318 × 10^284 |
| 79 | ov_079 | 5.844442218968895 × 10^284 |
| 80 | ov_080 | 4.567824871401511 × 10^284 |
| 81 | ov_081 | 3.5199511668197706 × 10^284 |
| 82 | ov_082 | 2.66839356722463 × 10^284 |
| 83 | ov_083 | 1.9829461610272288 × 10^284 |
| 84 | ov_084 | 1.4355603120993183 × 10^284 |
| 85 | ov_085 | 1.0002916245471907 × 10^284 |
| 86 | ov_086 | 6.646880032159946 × 10^283 |
| 87 | ov_087 | 4.1731854547705005 × 10^283 |
| 88 | ov_088 | 2.4775878332847505 × 10^283 |
| 89 | ov_089 | 1.3813796468767287 × 10^283 |
| 90 | ov_090 | 7.255486423679633 × 10^282 |
| 91 | ov_091 | 3.706908341398906 × 10^282 |
| 92 | ov_092 | 1.9695824613861495 × 10^282 |
| 93 | ov_093 | 1.0403082868473185 × 10^282 |
| 94 | ov_094 | 4.662822311134554 × 10^281 |
| 95 | aaa_78_28 | 1.4996087596892448 × 10^281 |
| 96 | aaa_78_29 | 5.681444232319682 × 10^280 |
| 97 | ov_097 | 6.185684451559814 × 10^280 |
| 98 | ov_098 | 6.185497614001139 × 10^280 |
| 99 | ov_099 | 6.185437927301068 × 10^280 |
| 100 | ov_100 | 5.5658247689654935 × 10^280 |
| 101 | ov_101 | 4.992093362296411 × 10^280 |
| 102 | ov_102 | 4.461696111620245 × 10^280 |
| 103 | ov_103 | 3.9722708037993046 × 10^280 |
| 104 | ov_104 | 3.5216173983311486 × 10^280 |
| 105 | ov_105 | 3.107677183918887 × 10^280 |
| 106 | ov_106 | 2.728513916531019 × 10^280 |
| 107 | ov_107 | 2.382296559525471 × 10^280 |
| 108 | ov_108 | 2.067283536356566 × 10^280 |
| 109 | ov_109 | 1.7818084101347326 × 10^280 |
| 110 | ov_110 | 1.524267107126566 × 10^280 |
| 111 | ov_111 | 1.2931066157936123 × 10^280 |
| 112 | ov_112 | 1.086814866525909 × 10^280 |
| 113 | ov_113 | 9.039118744318579 × 10^279 |
| 114 | ov_114 | 7.429422286120187 × 10^279 |
| 115 | ov_115 | 6.024688242117122 × 10^279 |
| 116 | ov_116 | 4.8106773405452894 × 10^279 |
| 117 | ov_117 | 3.7732411698408805 × 10^279 |
| 118 | ov_118 | 2.898290602285087 × 10^279 |
| 119 | ov_119 | 2.1717725320012942 × 10^279 |
| 120 | ov_120 | 1.579653901914624 × 10^279 |
| 121 | ov_121 | 1.1079119945260332 × 10^279 |
| 122 | ov_122 | 7.425294988256735 × 10^278 |
| 123 | ov_123 | 4.694921966292233 × 10^278 |
| 124 | ov_124 | 2.7478761573925635 × 10^278 |
| 125 | ov_125 | 1.4440414615274307 × 10^278 |
| 126 | ov_126 | 6.43305316282813 × 10^277 |
| 127 | aaa_77_28 | 2.0555629000230478 × 10^277 |
| 128 | aaa_77_29 | 7.710624507242417 × 10^276 |
| 129 | ov_129 | 7.175978749935143 × 10^276 |
| 130 | ov_130 | 7.175961174706778 × 10^276 |
| 131 | ov_131 | 7.175955522991986 × 10^276 |
| 132 | ov_132 | 6.244279539971678 × 10^276 |
| 133 | ov_133 | 5.402468042278028 × 10^276 |
| 134 | ov_134 | 4.6462534664726404 × 10^276 |
| 135 | ov_135 | 3.971611881304878 × 10^276 |
| 136 | ov_136 | 3.374744880537743 × 10^276 |
| 137 | ov_137 | 2.848670018725379 × 10^276 |
| 138 | ov_138 | 2.3867833725960278 × 10^276 |
| 139 | ov_139 | 1.9828367280125392 × 10^276 |
| 140 | ov_140 | 1.6309180726854526 × 10^276 |
| 141 | ov_141 | 1.3254350982762176 × 10^276 |
| 142 | ov_142 | 1.0636696919543443 × 10^276 |
| 143 | ov_143 | 8.406298911360322 × 10^275 |
| 144 | ov_144 | 6.538920422344744 × 10^275 |
| 145 | ov_145 | 4.9902701797788275 × 10^275 |
| 146 | ov_146 | 3.7187744675556014 × 10^275 |
| 147 | ov_147 | 2.7043192891143084 × 10^275 |
| 148 | ov_148 | 1.9106379881895907 × 10^275 |
| 149 | ov_149 | 1.304073524397642 × 10^275 |
| 150 | ov_150 | 8.535599222877244 × 10^274 |
| 151 | ov_151 | 5.306099021457092 × 10^274 |
| 152 | ov_152 | 3.0930720119966774 × 10^274 |
| 153 | ov_153 | 1.6630219136426335 × 10^274 |
| 154 | ov_154 | 8.080961060588236 × 10^273 |
| 155 | ov_155 | 3.4607466724387256 × 10^273 |
| 156 | aaa_76_25 | 1.2036524095363749 × 10^273 |
| 157 | aaa_76_26 | 7.409891409928161 × 10^272 |
| 158 | aaa_76_27 | 4.0644039049526076 × 10^272 |
| 159 | aaa_76_28 | 1.9163452954682854 × 10^272 |
| 160 | aaa_76_29 | 7.219953657474523 × 10^271 |

### Output Bits Sorted by Complexity

| Rank | Output Bit | Complexity |
|:----:|:----------:|:----------:|
| 160 | aaa_76_29 | 7.219953657474523 × 10^271 |
| 159 | aaa_76_28 | 1.9163452954682854 × 10^272 |
| 158 | aaa_76_27 | 4.0644039049526076 × 10^272 |
| 157 | aaa_76_26 | 7.409891409928161 × 10^272 |
| 156 | aaa_76_25 | 1.2036524095363749 × 10^273 |
| 155 | ov_155 | 3.4607466724387256 × 10^273 |
| 154 | ov_154 | 8.080961060588236 × 10^273 |
| 153 | ov_153 | 1.6630219136426335 × 10^274 |
| 152 | ov_152 | 3.0930720119966774 × 10^274 |
| 151 | ov_151 | 5.306099021457092 × 10^274 |
| 150 | ov_150 | 8.535599222877244 × 10^274 |
| 149 | ov_149 | 1.304073524397642 × 10^275 |
| 148 | ov_148 | 1.9106379881895907 × 10^275 |
| 147 | ov_147 | 2.7043192891143084 × 10^275 |
| 146 | ov_146 | 3.7187744675556014 × 10^275 |
| 145 | ov_145 | 4.9902701797788275 × 10^275 |
| 144 | ov_144 | 6.538920422344744 × 10^275 |
| 143 | ov_143 | 8.406298911360322 × 10^275 |
| 142 | ov_142 | 1.0636696919543443 × 10^276 |
| 141 | ov_141 | 1.3254350982762176 × 10^276 |
| 140 | ov_140 | 1.6309180726854526 × 10^276 |
| 139 | ov_139 | 1.9828367280125392 × 10^276 |
| 138 | ov_138 | 2.3867833725960278 × 10^276 |
| 137 | ov_137 | 2.848670018725379 × 10^276 |
| 136 | ov_136 | 3.374744880537743 × 10^276 |
| 135 | ov_135 | 3.971611881304878 × 10^276 |
| 134 | ov_134 | 4.6462534664726404 × 10^276 |
| 133 | ov_133 | 5.402468042278028 × 10^276 |
| 132 | ov_132 | 6.244279539971678 × 10^276 |
| 131 | ov_131 | 7.175955522991986 × 10^276 |
| 130 | ov_130 | 7.175961174706778 × 10^276 |
| 129 | ov_129 | 7.175978749935143 × 10^276 |
| 128 | aaa_77_29 | 7.710624507242417 × 10^276 |
| 127 | aaa_77_28 | 2.0555629000230478 × 10^277 |
| 126 | ov_126 | 6.43305316282813 × 10^277 |
| 125 | ov_125 | 1.4440414615274307 × 10^278 |
| 124 | ov_124 | 2.7478761573925635 × 10^278 |
| 123 | ov_123 | 4.694921966292233 × 10^278 |
| 122 | ov_122 | 7.425294988256735 × 10^278 |
| 121 | ov_121 | 1.1079119945260332 × 10^279 |
| 120 | ov_120 | 1.579653901914624 × 10^279 |
| 119 | ov_119 | 2.1717725320012942 × 10^279 |
| 118 | ov_118 | 2.898290602285087 × 10^279 |
| 117 | ov_117 | 3.7732411698408805 × 10^279 |
| 116 | ov_116 | 4.8106773405452894 × 10^279 |
| 115 | ov_115 | 6.024688242117122 × 10^279 |
| 114 | ov_114 | 7.429422286120187 × 10^279 |
| 113 | ov_113 | 9.039118744318579 × 10^279 |
| 112 | ov_112 | 1.086814866525909 × 10^280 |
| 111 | ov_111 | 1.2931066157936123 × 10^280 |
| 110 | ov_110 | 1.524267107126566 × 10^280 |
| 109 | ov_109 | 1.7818084101347326 × 10^280 |
| 108 | ov_108 | 2.067283536356566 × 10^280 |
| 107 | ov_107 | 2.382296559525471 × 10^280 |
| 106 | ov_106 | 2.728513916531019 × 10^280 |
| 105 | ov_105 | 3.107677183918887 × 10^280 |
| 104 | ov_104 | 3.5216173983311486 × 10^280 |
| 103 | ov_103 | 3.9722708037993046 × 10^280 |
| 102 | ov_102 | 4.461696111620245 × 10^280 |
| 101 | ov_101 | 4.992093362296411 × 10^280 |
| 100 | ov_100 | 5.5658247689654935 × 10^280 |
| 96 | aaa_78_29 | 5.681444232319682 × 10^280 |
| 99 | ov_099 | 6.185437927301068 × 10^280 |
| 98 | ov_098 | 6.185497614001139 × 10^280 |
| 97 | ov_097 | 6.185684451559814 × 10^280 |
| 95 | aaa_78_28 | 1.4996087596892448 × 10^281 |
| 94 | ov_094 | 4.662822311134554 × 10^281 |
| 93 | ov_093 | 1.0403082868473185 × 10^282 |
| 92 | ov_092 | 1.9695824613861495 × 10^282 |
| 91 | ov_091 | 3.706908341398906 × 10^282 |
| 90 | ov_090 | 7.255486423679633 × 10^282 |
| 89 | ov_089 | 1.3813796468767287 × 10^283 |
| 88 | ov_088 | 2.4775878332847505 × 10^283 |
| 87 | ov_087 | 4.1731854547705005 × 10^283 |
| 86 | ov_086 | 6.646880032159946 × 10^283 |
| 85 | ov_085 | 1.0002916245471907 × 10^284 |
| 84 | ov_084 | 1.4355603120993183 × 10^284 |
| 83 | ov_083 | 1.9829461610272288 × 10^284 |
| 82 | ov_082 | 2.66839356722463 × 10^284 |
| 81 | ov_081 | 3.5199511668197706 × 10^284 |
| 64 | lv_79_m31 | 4.503103057453077 × 10^284 |
| 80 | ov_080 | 4.567824871401511 × 10^284 |
| 79 | ov_079 | 5.844442218968895 × 10^284 |
| 78 | ov_078 | 7.38452916457318 × 10^284 |
| 77 | ov_077 | 9.225200437035967 × 10^284 |
| 76 | ov_076 | 1.140606459209047 × 10^285 |
| 75 | ov_075 | 1.3969344898472122 × 10^285 |
| 74 | ov_074 | 1.696001720260481 × 10^285 |
| 63 | ov_063 | 1.859948622109583 × 10^285 |
| 73 | ov_073 | 2.0402771532535252 × 10^285 |
| 72 | ov_072 | 2.4348576208493532 × 10^285 |
| 71 | ov_071 | 2.885167927191464 × 10^285 |
| 70 | ov_070 | 3.394185630352106 × 10^285 |
| 69 | ov_069 | 3.965081491438308 × 10^285 |
| 68 | ov_068 | 4.601233343730826 × 10^285 |
| 67 | ov_067 | 5.306241280896724 × 10^285 |
| 66 | ov_066 | 5.306245787430773 × 10^285 |
| 65 | ov_065 | 5.3062596947519654 × 10^285 |
| 62 | ov_062 | 7.67779484735189 × 10^285 |
| 61 | ov_061 | 2.318937989628665 × 10^286 |
| 60 | ov_060 | 5.622844227165197 × 10^286 |
| 59 | ov_059 | 1.1667489290159984 × 10^287 |
| 58 | ov_058 | 2.1511367390801674 × 10^287 |
| 57 | ov_057 | 3.62129817083973 × 10^287 |
| 56 | ov_056 | 6.168859946820256 × 10^287 |
| 55 | ov_055 | 1.108293535454076 × 10^288 |
| 54 | ov_054 | 1.9864370947508764 × 10^288 |
| 53 | ov_053 | 3.422578408176062 × 10^288 |
| 52 | ov_052 | 5.60916285941787 × 10^288 |
| 51 | ov_051 | 8.75983160795646 × 10^288 |
| 50 | ov_050 | 1.310944494079453 × 10^289 |
| 49 | ov_049 | 1.8914125300207836 × 10^289 |
| 48 | ov_048 | 2.6317946690692896 × 10^289 |
| 47 | ov_047 | 3.547574307003939 × 10^289 |
| 32 | lv_80_m31 | 4.2315438955221233 × 10^289 |
| 46 | ov_046 | 4.65532083460139 × 10^289 |
| 45 | ov_045 | 5.972703176823023 × 10^289 |
| 44 | ov_044 | 7.518507328910139 × 10^289 |
| 43 | ov_043 | 9.312658512188143 × 10^289 |
| 42 | ov_042 | 1.1396174094806407 × 10^290 |
| 41 | ov_041 | 1.3812439661418195 × 10^290 |
| 40 | ov_040 | 1.6607285619172862 × 10^290 |
| 31 | ov_031 | 1.7514712389129548 × 10^290 |
| 39 | ov_039 | 1.9829080851541567 × 10^290 |
| 38 | ov_038 | 2.3528846107801375 × 10^290 |
| 37 | ov_037 | 2.7760390003773472 × 10^290 |
| 36 | ov_036 | 3.258047070502141 × 10^290 |
| 35 | ov_035 | 3.804898656838592 × 10^290 |
| 34 | ov_034 | 4.419843902886006 × 10^290 |
| 33 | ov_033 | 5.106320920661158 × 10^290 |
| 30 | ov_030 | 7.24728951423214 × 10^290 |
| 29 | ov_029 | 2.19404502842534 × 10^291 |
| 28 | ov_028 | 5.332401372010208 × 10^291 |
| 27 | ov_027 | 1.2756934645729836 × 10^292 |
| 26 | ov_026 | 3.071866458810082 × 10^292 |
| 25 | ov_025 | 6.750211285206901 × 10^292 |
| 24 | ov_024 | 1.3342534066148341 × 10^293 |
| 23 | ov_023 | 2.408400472714393 × 10^293 |
| 22 | ov_022 | 4.041317819275416 × 10^293 |
| 21 | ov_021 | 6.397203383458804 × 10^293 |
| 20 | ov_020 | 9.660604115389872 × 10^293 |
| 19 | ov_019 | 1.4036426495528435 × 10^294 |
| 18 | ov_018 | 1.9749954488655495 × 10^294 |
| 17 | ov_017 | 2.7046882183489264 × 10^294 |
| 16 | ov_016 | 3.619337179216223 × 10^294 |
| 15 | ov_015 | 4.747614986367267 × 10^294 |
| 14 | ov_014 | 6.120265625998717 × 10^294 |
| 13 | ov_013 | 7.77012621388435 × 10^294 |
| 12 | ov_012 | 9.732157488422653 × 10^294 |
| 11 | ov_011 | 1.2043484829141924 × 10^295 |
| 10 | ov_010 | 1.474345139097523 × 10^295 |
| 9 | ov_009 | 1.7873684672876177 × 10^295 |
| 8 | ov_008 | 2.1456783768234152 × 10^295 |
| 7 | ov_007 | 2.5516605713259384 × 10^295 |
| 6 | ov_006 | 3.0102184555993696 × 10^295 |
| 5 | ov_005 | 3.5240089461694805 × 10^295 |
| 4 | ov_004 | 4.095836552532996 × 10^295 |
| 3 | ov_003 | 4.728663088254194 × 10^295 |
| 2 | ov_002 | 5.425618898946316 × 10^295 |
| 1 | ov_001 | 6.190015800728065 × 10^295 |

