# Results for T001-T002-F003-F004-F005-T006-T007-F008-T009-F010-F011-T012-F013-F014-F015-T016-F017-F018-F019-F020-T021-F022-F023-T024-F025-T026-F027-T028-T029-F030-F031-F032-F033-F034-T035-F036-T037-T038-F039-F040-T041-T042-T043-F044-F045-F046-F047-F048-F049-F050-F051-F052-F053-F054-F055-F056-T057-F058-T059-F060-F061-T062-T063-T064-F065-T066-T067-T068-T069-T070-F071-T072-T073-T074-T075-T076-T077-T078-F079-F080-F081-F082-F083-F084-F085-F086-F087-T088-T089-F090-T091-F092-F093-F094-F095-T096-T097-F098-T099-F100-T101-F102-F103-T104-T105-T106-T107-F108-T109-T110-T111-T112-T113-T114-T115-T116-F117-T118-F119-T120-T121-F122-F123-F124-F125-T126-F127-F128-F129-T130-F131-F132-T133-F134-T135-T136-F137-F138-T139-T140-F141-T142-F143-T144-T145-T146-F147-F148-T149-T150-T151-F152-T153-T154-F155-F156-F157-T158-F159-T160-F161-F162-F163-T164-F165-T166-T167-F168-T169-F170-T171-T172-F173-F174-T175-F176-T177-T178-T179-T180-T181-F182-T183-T184-T185-F186-T187-F188-F189-T190-F191-T192-T193-F194-F195-F196-T197-F198-F199-T200-F201-T202-F203-F204-F205-F206-T207-F208-F209-F210-F211-T212-F213-T214-T215-T216-F217-T218-T219-F220-F221-F222-F223-F224-T225-F226-T227-T228-T229-T230-F231-F232-F233-F234-F235-T236-T237-T238-T239-T240-F241-T242-F243-F244-T245-T246-T247-T248-F249-T250-F251-T252-F253-T254-F255-F256-T257-F258-F259-F260-T261-F262-F263-T264-F265-F266-F267-T268-T269-F270-T271-F272-T273-F274-F275-F276-T277-F278-F279-T280-F281-F282-F283-T284-F285-T286-T287-F288-T289-T290-T291-F292-F293-T294-T295-F296-T297-F298-T299-T300-T301-T302-T303-F304-F305-F306-F307-F308-T309-T310-F311-T312-F313-T314-T315-F316-T317-F318-T319-F320-F321-F322-T323-F324-F325-F326-F327-F328-F329-T330-F331-F332-T333-T334-T335-F336-F337-T338-F339-T340-F341-F342-T343-T344-F345-T346-F347-T348-F349-F350-T351-T352-F353-T354-F355-F356-T357-F358-F359-F360-F361-T362-T363-T364-T365-T366-T367-F368-F369-T370-F371-F372-T373-F374-T375-T376-F377-T378-F379-F380-T381-F382-F383-F384-T385-F386-T387-F388-T389-F390-F391-F392-F393-T394-F395-T396-T397-T398-T399-T400-T401-T402-T403-F404-T405-F406-F407-F408-F409-F410-F411-T412-T413-F414-T415-F416-T417-T418-T419-T420-F421-F422-T423-F424-F425-T426-F427-F428-T429-F430-F431-T432-F433-T434-T435-T436-F437-F438-F439-F440-F441-T442-T443-T444-F445-F446-F447-F448-F449-F450-T451-F452-T453-T454-F456-T457-T458-F459-F460-F461-T462-F463-F464-F465-T466-F467-T468-F469-F470-F471-F472-F473-T474-T475-T476-F477-F478-F479-F480-F489-T491-F494-F496-F500-T505-T507-T509

## Summary

Number of input bits: 512  
Number of free input bits: 25  
Number of output bits: 160

Number of assignments: 19535  
Number of operations: 46713
(xor: 19761,
and: 13825,
or: 13127)

Total complexity: 2.28015 × 10^324

Least complex input bit: iv_490 (1.53813 × 10^320)  
Most complex input bit: iv_488 (4.47133 × 10^323)

Least complex output bit: aaa_76_29 (1.94530 × 10^298)  
Most complex output bit: ov_001 (3.53121 × 10^323)

Least complex input/output complexity: iv_490/aaa_76_29 (1.31224 × 10^294)  
Most complex input/output complexity: iv_488/ov_001 (6.92462 × 10^322)

## Input Bits

| Input Bit | Complexity | Occurrences |
|:---------:|:----------:|:-----------:|
| iv_455 | 1.01878 × 10^323 | 47 |
| iv_481 | 2.44496 × 10^322 | 49 |
| iv_482 | 1.01878 × 10^323 | 60 |
| iv_483 | 1.34820 × 10^323 | 49 |
| iv_484 | 1.96973 × 10^323 | 49 |
| iv_485 | 2.59497 × 10^323 | 45 |
| iv_486 | 3.22023 × 10^323 | 49 |
| iv_487 | 3.84561 × 10^323 | 59 |
| iv_488 | 4.47133 × 10^323 | 68 |
| iv_490 | 1.53813 × 10^320 | 61 |
| iv_492 | 7.16295 × 10^320 | 74 |
| iv_493 | 1.39408 × 10^321 | 70 |
| iv_495 | 3.75440 × 10^321 | 72 |
| iv_497 | 8.06147 × 10^321 | 81 |
| iv_498 | 3.14974 × 10^321 | 78 |
| iv_499 | 3.97629 × 10^321 | 86 |
| iv_501 | 1.09816 × 10^322 | 76 |
| iv_502 | 1.82881 × 10^322 | 64 |
| iv_503 | 2.70243 × 10^322 | 62 |
| iv_504 | 3.73680 × 10^322 | 67 |
| iv_506 | 3.79272 × 10^321 | 75 |
| iv_508 | 1.44399 × 10^322 | 78 |
| iv_510 | 3.95744 × 10^322 | 76 |
| iv_511 | 5.67889 × 10^322 | 64 |
| iv_512 | 7.74741 × 10^322 | 73 |

## Input Bits Sorted by Complexity

| Input Bit | Complexity | Occurrences |
|:---------:|:----------:|:-----------:|
| iv_490 | 1.53813 × 10^320 | 61 |
| iv_492 | 7.16295 × 10^320 | 74 |
| iv_493 | 1.39408 × 10^321 | 70 |
| iv_498 | 3.14974 × 10^321 | 78 |
| iv_495 | 3.75440 × 10^321 | 72 |
| iv_506 | 3.79272 × 10^321 | 75 |
| iv_499 | 3.97629 × 10^321 | 86 |
| iv_497 | 8.06147 × 10^321 | 81 |
| iv_501 | 1.09816 × 10^322 | 76 |
| iv_508 | 1.44399 × 10^322 | 78 |
| iv_502 | 1.82881 × 10^322 | 64 |
| iv_481 | 2.44496 × 10^322 | 49 |
| iv_503 | 2.70243 × 10^322 | 62 |
| iv_504 | 3.73680 × 10^322 | 67 |
| iv_510 | 3.95744 × 10^322 | 76 |
| iv_511 | 5.67889 × 10^322 | 64 |
| iv_512 | 7.74741 × 10^322 | 73 |
| iv_482 | 1.01878 × 10^323 | 60 |
| iv_455 | 1.01878 × 10^323 | 47 |
| iv_483 | 1.34820 × 10^323 | 49 |
| iv_484 | 1.96973 × 10^323 | 49 |
| iv_485 | 2.59497 × 10^323 | 45 |
| iv_486 | 3.22023 × 10^323 | 49 |
| iv_487 | 3.84561 × 10^323 | 59 |
| iv_488 | 4.47133 × 10^323 | 68 |

## Input Bits Sorted by Occurrences

| Input Bit | Complexity | Occurrences |
|:---------:|:----------:|:-----------:|
| iv_485 | 2.59497 × 10^323 | 45 |
| iv_455 | 1.01878 × 10^323 | 47 |
| iv_486 | 3.22023 × 10^323 | 49 |
| iv_481 | 2.44496 × 10^322 | 49 |
| iv_483 | 1.34820 × 10^323 | 49 |
| iv_484 | 1.96973 × 10^323 | 49 |
| iv_487 | 3.84561 × 10^323 | 59 |
| iv_482 | 1.01878 × 10^323 | 60 |
| iv_490 | 1.53813 × 10^320 | 61 |
| iv_503 | 2.70243 × 10^322 | 62 |
| iv_502 | 1.82881 × 10^322 | 64 |
| iv_511 | 5.67889 × 10^322 | 64 |
| iv_504 | 3.73680 × 10^322 | 67 |
| iv_488 | 4.47133 × 10^323 | 68 |
| iv_493 | 1.39408 × 10^321 | 70 |
| iv_495 | 3.75440 × 10^321 | 72 |
| iv_512 | 7.74741 × 10^322 | 73 |
| iv_492 | 7.16295 × 10^320 | 74 |
| iv_506 | 3.79272 × 10^321 | 75 |
| iv_510 | 3.95744 × 10^322 | 76 |
| iv_501 | 1.09816 × 10^322 | 76 |
| iv_508 | 1.44399 × 10^322 | 78 |
| iv_498 | 3.14974 × 10^321 | 78 |
| iv_497 | 8.06147 × 10^321 | 81 |
| iv_499 | 3.97629 × 10^321 | 86 |

## Output Bits

| Rank | Output Bit | Complexity |
|:----:|:----------:|:----------:|
| 1 | ov_001 | 3.53121 × 10^323 |
| 2 | ov_002 | 3.07619 × 10^323 |
| 3 | ov_003 | 2.66748 × 10^323 |
| 4 | ov_004 | 2.30161 × 10^323 |
| 5 | ov_005 | 1.97528 × 10^323 |
| 6 | ov_006 | 1.68539 × 10^323 |
| 7 | ov_007 | 1.42901 × 10^323 |
| 8 | ov_008 | 1.20334 × 10^323 |
| 9 | ov_009 | 1.00576 × 10^323 |
| 10 | ov_010 | 8.33766 × 10^322 |
| 11 | ov_011 | 6.85003 × 10^322 |
| 12 | ov_012 | 5.57238 × 10^322 |
| 13 | ov_013 | 4.48365 × 10^322 |
| 14 | ov_014 | 3.56396 × 10^322 |
| 15 | ov_015 | 2.79463 × 10^322 |
| 16 | ov_016 | 2.15810 × 10^322 |
| 17 | ov_017 | 1.63797 × 10^322 |
| 18 | ov_018 | 1.21893 × 10^322 |
| 19 | ov_019 | 8.86798 × 10^321 |
| 20 | ov_020 | 6.28470 × 10^321 |
| 21 | ov_021 | 4.31944 × 10^321 |
| 22 | ov_022 | 2.86305 × 10^321 |
| 23 | ov_023 | 1.81721 × 10^321 |
| 24 | ov_024 | 1.09444 × 10^321 |
| 25 | ov_025 | 6.18065 × 10^320 |
| 26 | ov_026 | 3.22253 × 10^320 |
| 27 | ov_027 | 1.51980 × 10^320 |
| 28 | ov_028 | 6.30397 × 10^319 |
| 29 | ov_029 | 2.20424 × 10^319 |
| 30 | ov_030 | 6.05305 × 10^318 |
| 31 | ov_031 | 1.18115 × 10^318 |
| 32 | lv_80_m31 | 2.30436 × 10^317 |
| 33 | ov_033 | 2.80702 × 10^318 |
| 34 | ov_034 | 2.44532 × 10^318 |
| 35 | ov_035 | 2.12043 × 10^318 |
| 36 | ov_036 | 1.82959 × 10^318 |
| 37 | ov_037 | 1.57018 × 10^318 |
| 38 | ov_038 | 1.33975 × 10^318 |
| 39 | ov_039 | 1.13594 × 10^318 |
| 40 | ov_040 | 9.56559 × 10^317 |
| 41 | ov_041 | 7.99496 × 10^317 |
| 42 | ov_042 | 6.62775 × 10^317 |
| 43 | ov_043 | 5.44520 × 10^317 |
| 44 | ov_044 | 4.42958 × 10^317 |
| 45 | ov_045 | 3.56413 × 10^317 |
| 46 | ov_046 | 2.83305 × 10^317 |
| 47 | ov_047 | 2.22150 × 10^317 |
| 48 | ov_048 | 1.71551 × 10^317 |
| 49 | ov_049 | 1.30205 × 10^317 |
| 50 | ov_050 | 9.68951 × 10^316 |
| 51 | ov_051 | 7.04931 × 10^316 |
| 52 | ov_052 | 4.99581 × 10^316 |
| 53 | ov_053 | 3.43360 × 10^316 |
| 54 | ov_054 | 2.27589 × 10^316 |
| 55 | ov_055 | 1.44453 × 10^316 |
| 56 | ov_056 | 8.69989 × 10^315 |
| 57 | ov_057 | 4.91311 × 10^315 |
| 58 | ov_058 | 2.56164 × 10^315 |
| 59 | ov_059 | 1.20811 × 10^315 |
| 60 | ov_060 | 5.01113 × 10^314 |
| 61 | ov_061 | 1.75219 × 10^314 |
| 62 | ov_062 | 4.81168 × 10^313 |
| 63 | ov_063 | 9.38917 × 10^312 |
| 64 | lv_79_m31 | 1.83178 × 10^312 |
| 65 | ov_065 | 2.23131 × 10^313 |
| 66 | ov_066 | 2.23131 × 10^313 |
| 67 | ov_067 | 2.23131 × 10^313 |
| 68 | ov_068 | 1.94378 × 10^313 |
| 69 | ov_069 | 1.68553 × 10^313 |
| 70 | ov_070 | 1.45433 × 10^313 |
| 71 | ov_071 | 1.24813 × 10^313 |
| 72 | ov_072 | 1.06495 × 10^313 |
| 73 | ov_073 | 9.02945 × 10^312 |
| 74 | ov_074 | 7.60346 × 10^312 |
| 75 | ov_075 | 6.35494 × 10^312 |
| 76 | ov_076 | 5.26813 × 10^312 |
| 77 | ov_077 | 4.32810 × 10^312 |
| 78 | ov_078 | 3.52076 × 10^312 |
| 79 | ov_079 | 2.83280 × 10^312 |
| 80 | ov_080 | 2.25166 × 10^312 |
| 81 | ov_081 | 1.76552 × 10^312 |
| 82 | ov_082 | 1.36331 × 10^312 |
| 83 | ov_083 | 1.03464 × 10^312 |
| 84 | ov_084 | 7.69854 × 10^311 |
| 85 | ov_085 | 5.59979 × 10^311 |
| 86 | ov_086 | 3.96743 × 10^311 |
| 87 | ov_087 | 2.72560 × 10^311 |
| 88 | ov_088 | 1.80532 × 10^311 |
| 89 | ov_089 | 1.14446 × 10^311 |
| 90 | ov_090 | 6.87744 × 10^310 |
| 91 | ov_091 | 3.86726 × 10^310 |
| 92 | ov_092 | 1.99804 × 10^310 |
| 93 | ov_093 | 9.22103 × 10^309 |
| 94 | ov_094 | 3.60095 × 10^309 |
| 95 | aaa_78_28 | 1.01035 × 10^309 |
| 96 | aaa_78_29 | 3.07852 × 10^308 |
| 97 | ov_097 | 1.77371 × 10^308 |
| 98 | ov_098 | 1.77370 × 10^308 |
| 99 | ov_099 | 1.77370 × 10^308 |
| 100 | ov_100 | 1.54515 × 10^308 |
| 101 | ov_101 | 1.33985 × 10^308 |
| 102 | ov_102 | 1.15607 × 10^308 |
| 103 | ov_103 | 9.92161 × 10^307 |
| 104 | ov_104 | 8.46550 × 10^307 |
| 105 | ov_105 | 7.17766 × 10^307 |
| 106 | ov_106 | 6.04412 × 10^307 |
| 107 | ov_107 | 5.05165 × 10^307 |
| 108 | ov_108 | 4.18772 × 10^307 |
| 109 | ov_109 | 3.44048 × 10^307 |
| 110 | ov_110 | 2.79872 × 10^307 |
| 111 | ov_111 | 2.25184 × 10^307 |
| 112 | ov_112 | 1.78988 × 10^307 |
| 113 | ov_113 | 1.40344 × 10^307 |
| 114 | ov_114 | 1.08371 × 10^307 |
| 115 | ov_115 | 8.22454 × 10^306 |
| 116 | ov_116 | 6.11970 × 10^306 |
| 117 | ov_117 | 4.45137 × 10^306 |
| 118 | ov_118 | 3.15378 × 10^306 |
| 119 | ov_119 | 2.16662 × 10^306 |
| 120 | ov_120 | 1.43508 × 10^306 |
| 121 | ov_121 | 9.09753 × 10^305 |
| 122 | ov_122 | 5.46699 × 10^305 |
| 123 | ov_123 | 3.07415 × 10^305 |
| 124 | ov_124 | 1.58828 × 10^305 |
| 125 | ov_125 | 7.32995 × 10^304 |
| 126 | ov_126 | 2.86245 × 10^304 |
| 127 | aaa_77_28 | 8.03152 × 10^303 |
| 128 | aaa_77_29 | 2.44717 × 10^303 |
| 129 | ov_129 | 1.40937 × 10^303 |
| 130 | ov_130 | 1.40936 × 10^303 |
| 131 | ov_131 | 1.40936 × 10^303 |
| 132 | ov_132 | 1.22768 × 10^303 |
| 133 | ov_133 | 1.06449 × 10^303 |
| 134 | ov_134 | 9.18403 × 10^302 |
| 135 | ov_135 | 7.88103 × 10^302 |
| 136 | ov_136 | 6.72354 × 10^302 |
| 137 | ov_137 | 5.69982 × 10^302 |
| 138 | ov_138 | 4.79875 × 10^302 |
| 139 | ov_139 | 4.00982 × 10^302 |
| 140 | ov_140 | 3.32307 × 10^302 |
| 141 | ov_141 | 2.72907 × 10^302 |
| 142 | ov_142 | 2.21892 × 10^302 |
| 143 | ov_143 | 1.78420 × 10^302 |
| 144 | ov_144 | 1.41698 × 10^302 |
| 145 | ov_145 | 1.10979 × 10^302 |
| 146 | ov_146 | 8.55640 × 10^301 |
| 147 | ov_147 | 6.47956 × 10^301 |
| 148 | ov_148 | 4.80638 × 10^301 |
| 149 | ov_149 | 3.48020 × 10^301 |
| 150 | ov_150 | 2.44872 × 10^301 |
| 151 | ov_151 | 1.66402 × 10^301 |
| 152 | ov_152 | 1.08250 × 10^301 |
| 153 | ov_153 | 6.64911 × 10^300 |
| 154 | ov_154 | 3.76314 × 10^300 |
| 155 | ov_155 | 1.86102 × 10^300 |
| 156 | aaa_76_25 | 6.79882 × 10^299 |
| 157 | aaa_76_26 | 3.55129 × 10^299 |
| 158 | aaa_76_27 | 1.63697 × 10^299 |
| 159 | aaa_76_28 | 6.38439 × 10^298 |
| 160 | aaa_76_29 | 1.94530 × 10^298 |

## Output Bits Sorted by Complexity

| Rank | Output Bit | Complexity |
|:----:|:----------:|:----------:|
| 160 | aaa_76_29 | 1.94530 × 10^298 |
| 159 | aaa_76_28 | 6.38439 × 10^298 |
| 158 | aaa_76_27 | 1.63697 × 10^299 |
| 157 | aaa_76_26 | 3.55129 × 10^299 |
| 156 | aaa_76_25 | 6.79882 × 10^299 |
| 155 | ov_155 | 1.86102 × 10^300 |
| 154 | ov_154 | 3.76314 × 10^300 |
| 153 | ov_153 | 6.64911 × 10^300 |
| 152 | ov_152 | 1.08250 × 10^301 |
| 151 | ov_151 | 1.66402 × 10^301 |
| 150 | ov_150 | 2.44872 × 10^301 |
| 149 | ov_149 | 3.48020 × 10^301 |
| 148 | ov_148 | 4.80638 × 10^301 |
| 147 | ov_147 | 6.47956 × 10^301 |
| 146 | ov_146 | 8.55640 × 10^301 |
| 145 | ov_145 | 1.10979 × 10^302 |
| 144 | ov_144 | 1.41698 × 10^302 |
| 143 | ov_143 | 1.78420 × 10^302 |
| 142 | ov_142 | 2.21892 × 10^302 |
| 141 | ov_141 | 2.72907 × 10^302 |
| 140 | ov_140 | 3.32307 × 10^302 |
| 139 | ov_139 | 4.00982 × 10^302 |
| 138 | ov_138 | 4.79875 × 10^302 |
| 137 | ov_137 | 5.69982 × 10^302 |
| 136 | ov_136 | 6.72354 × 10^302 |
| 135 | ov_135 | 7.88103 × 10^302 |
| 134 | ov_134 | 9.18403 × 10^302 |
| 133 | ov_133 | 1.06449 × 10^303 |
| 132 | ov_132 | 1.22768 × 10^303 |
| 131 | ov_131 | 1.40936 × 10^303 |
| 130 | ov_130 | 1.40936 × 10^303 |
| 129 | ov_129 | 1.40937 × 10^303 |
| 128 | aaa_77_29 | 2.44717 × 10^303 |
| 127 | aaa_77_28 | 8.03152 × 10^303 |
| 126 | ov_126 | 2.86245 × 10^304 |
| 125 | ov_125 | 7.32995 × 10^304 |
| 124 | ov_124 | 1.58828 × 10^305 |
| 123 | ov_123 | 3.07415 × 10^305 |
| 122 | ov_122 | 5.46699 × 10^305 |
| 121 | ov_121 | 9.09753 × 10^305 |
| 120 | ov_120 | 1.43508 × 10^306 |
| 119 | ov_119 | 2.16662 × 10^306 |
| 118 | ov_118 | 3.15378 × 10^306 |
| 117 | ov_117 | 4.45137 × 10^306 |
| 116 | ov_116 | 6.11970 × 10^306 |
| 115 | ov_115 | 8.22454 × 10^306 |
| 114 | ov_114 | 1.08371 × 10^307 |
| 113 | ov_113 | 1.40344 × 10^307 |
| 112 | ov_112 | 1.78988 × 10^307 |
| 111 | ov_111 | 2.25184 × 10^307 |
| 110 | ov_110 | 2.79872 × 10^307 |
| 109 | ov_109 | 3.44048 × 10^307 |
| 108 | ov_108 | 4.18772 × 10^307 |
| 107 | ov_107 | 5.05165 × 10^307 |
| 106 | ov_106 | 6.04412 × 10^307 |
| 105 | ov_105 | 7.17766 × 10^307 |
| 104 | ov_104 | 8.46550 × 10^307 |
| 103 | ov_103 | 9.92161 × 10^307 |
| 102 | ov_102 | 1.15607 × 10^308 |
| 101 | ov_101 | 1.33985 × 10^308 |
| 100 | ov_100 | 1.54515 × 10^308 |
| 99 | ov_099 | 1.77370 × 10^308 |
| 98 | ov_098 | 1.77370 × 10^308 |
| 97 | ov_097 | 1.77371 × 10^308 |
| 96 | aaa_78_29 | 3.07852 × 10^308 |
| 95 | aaa_78_28 | 1.01035 × 10^309 |
| 94 | ov_094 | 3.60095 × 10^309 |
| 93 | ov_093 | 9.22103 × 10^309 |
| 92 | ov_092 | 1.99804 × 10^310 |
| 91 | ov_091 | 3.86726 × 10^310 |
| 90 | ov_090 | 6.87744 × 10^310 |
| 89 | ov_089 | 1.14446 × 10^311 |
| 88 | ov_088 | 1.80532 × 10^311 |
| 87 | ov_087 | 2.72560 × 10^311 |
| 86 | ov_086 | 3.96743 × 10^311 |
| 85 | ov_085 | 5.59979 × 10^311 |
| 84 | ov_084 | 7.69854 × 10^311 |
| 83 | ov_083 | 1.03464 × 10^312 |
| 82 | ov_082 | 1.36331 × 10^312 |
| 81 | ov_081 | 1.76552 × 10^312 |
| 64 | lv_79_m31 | 1.83178 × 10^312 |
| 80 | ov_080 | 2.25166 × 10^312 |
| 79 | ov_079 | 2.83280 × 10^312 |
| 78 | ov_078 | 3.52076 × 10^312 |
| 77 | ov_077 | 4.32810 × 10^312 |
| 76 | ov_076 | 5.26813 × 10^312 |
| 75 | ov_075 | 6.35494 × 10^312 |
| 74 | ov_074 | 7.60346 × 10^312 |
| 73 | ov_073 | 9.02945 × 10^312 |
| 63 | ov_063 | 9.38917 × 10^312 |
| 72 | ov_072 | 1.06495 × 10^313 |
| 71 | ov_071 | 1.24813 × 10^313 |
| 70 | ov_070 | 1.45433 × 10^313 |
| 69 | ov_069 | 1.68553 × 10^313 |
| 68 | ov_068 | 1.94378 × 10^313 |
| 67 | ov_067 | 2.23131 × 10^313 |
| 66 | ov_066 | 2.23131 × 10^313 |
| 65 | ov_065 | 2.23131 × 10^313 |
| 62 | ov_062 | 4.81168 × 10^313 |
| 61 | ov_061 | 1.75219 × 10^314 |
| 60 | ov_060 | 5.01113 × 10^314 |
| 59 | ov_059 | 1.20811 × 10^315 |
| 58 | ov_058 | 2.56164 × 10^315 |
| 57 | ov_057 | 4.91311 × 10^315 |
| 56 | ov_056 | 8.69989 × 10^315 |
| 55 | ov_055 | 1.44453 × 10^316 |
| 54 | ov_054 | 2.27589 × 10^316 |
| 53 | ov_053 | 3.43360 × 10^316 |
| 52 | ov_052 | 4.99581 × 10^316 |
| 51 | ov_051 | 7.04931 × 10^316 |
| 50 | ov_050 | 9.68951 × 10^316 |
| 49 | ov_049 | 1.30205 × 10^317 |
| 48 | ov_048 | 1.71551 × 10^317 |
| 47 | ov_047 | 2.22150 × 10^317 |
| 32 | lv_80_m31 | 2.30436 × 10^317 |
| 46 | ov_046 | 2.83305 × 10^317 |
| 45 | ov_045 | 3.56413 × 10^317 |
| 44 | ov_044 | 4.42958 × 10^317 |
| 43 | ov_043 | 5.44520 × 10^317 |
| 42 | ov_042 | 6.62775 × 10^317 |
| 41 | ov_041 | 7.99496 × 10^317 |
| 40 | ov_040 | 9.56559 × 10^317 |
| 39 | ov_039 | 1.13594 × 10^318 |
| 31 | ov_031 | 1.18115 × 10^318 |
| 38 | ov_038 | 1.33975 × 10^318 |
| 37 | ov_037 | 1.57018 × 10^318 |
| 36 | ov_036 | 1.82959 × 10^318 |
| 35 | ov_035 | 2.12043 × 10^318 |
| 34 | ov_034 | 2.44532 × 10^318 |
| 33 | ov_033 | 2.80702 × 10^318 |
| 30 | ov_030 | 6.05305 × 10^318 |
| 29 | ov_029 | 2.20424 × 10^319 |
| 28 | ov_028 | 6.30397 × 10^319 |
| 27 | ov_027 | 1.51980 × 10^320 |
| 26 | ov_026 | 3.22253 × 10^320 |
| 25 | ov_025 | 6.18065 × 10^320 |
| 24 | ov_024 | 1.09444 × 10^321 |
| 23 | ov_023 | 1.81721 × 10^321 |
| 22 | ov_022 | 2.86305 × 10^321 |
| 21 | ov_021 | 4.31944 × 10^321 |
| 20 | ov_020 | 6.28470 × 10^321 |
| 19 | ov_019 | 8.86798 × 10^321 |
| 18 | ov_018 | 1.21893 × 10^322 |
| 17 | ov_017 | 1.63797 × 10^322 |
| 16 | ov_016 | 2.15810 × 10^322 |
| 15 | ov_015 | 2.79463 × 10^322 |
| 14 | ov_014 | 3.56396 × 10^322 |
| 13 | ov_013 | 4.48365 × 10^322 |
| 12 | ov_012 | 5.57238 × 10^322 |
| 11 | ov_011 | 6.85003 × 10^322 |
| 10 | ov_010 | 8.33766 × 10^322 |
| 9 | ov_009 | 1.00576 × 10^323 |
| 8 | ov_008 | 1.20334 × 10^323 |
| 7 | ov_007 | 1.42901 × 10^323 |
| 6 | ov_006 | 1.68539 × 10^323 |
| 5 | ov_005 | 1.97528 × 10^323 |
| 4 | ov_004 | 2.30161 × 10^323 |
| 3 | ov_003 | 2.66748 × 10^323 |
| 2 | ov_002 | 3.07619 × 10^323 |
| 1 | ov_001 | 3.53121 × 10^323 |

