# Results for T001-T002-F003-F004-F005-T006-T007-F008-T009-F010-F011-T012-F013-F014-F015-T016-F017-F018-F019-F020-T021-F022-F023-T024-F025-T026-F027-T028-T029-F030-F031-F032-F033-F034-T035-F036-T037-T038-F039-F040-T041-T042-T043-F044-F045-F046-F047-F048-F049-F050-F051-F052-F053-F054-F055-F056-T057-F058-T059-F060-F061-T062-T063-T064-F065-T066-T067-T068-T069-T070-F071-T072-T073-T074-T075-T076-T077-T078-F079-F080-F081-F082-F083-F084-F085-F086-F087-T088-T089-F090-T091-F092-F093-F094-F095-T096-T097-F098-T099-F100-T101-F102-F103-T104-T105-T106-T107-F108-T109-T110-T111-T112-T113-T114-T115-T116-F117-T118-F119-T120-T121-F122-F123-F124-F125-T126-F127-F128-F129-T130-F131-F132-T133-F134-T135-T136-F137-F138-T139-T140-F141-T142-F143-T144-T145-T146-F147-F148-T149-T150-T151-F152-T153-T154-F155-F156-F157-T158-F159-T160-F161-F162-F163-T164-F165-T166-T167-F168-T169-F170-T171-T172-F173-F174-T175-F176-T177-T178-T179-T180-T181-F182-T183-T184-T185-F186-T187-F188-F189-T190-F191-T192-T193-F194-F195-F196-T197-F198-F199-T200-F201-T202-F203-F204-F205-F206-T207-F208-F209-F210-F211-T212-F213-T214-T215-T216-F217-T218-T219-F220-F221-F222-F223-F224-T225-F226-T227-T228-T229-T230-F231-F232-F233-F234-F235-T236-T237-T238-T239-T240-F241-T242-F243-F244-T245-T246-T247-T248-F249-T250-F251-T252-F253-T254-F255-F256-T257-F258-F259-F260-T261-F262-F263-T264-F265-F266-F267-T268-T269-F270-T271-F272-T273-F274-F275-F276-T277-F278-F279-T280-F281-F282-F283-T284-F285-T286-T287-F288-T289-T290-T291-F292-F293-T294-T295-F296-T297-F298-T299-T300-T301-T302-T303-F304-F305-F306-F307-F308-T309-T310-F311-T312-F313-T314-T315-F316-T317-F318-T319-F320-F321-F322-T323-F324-F325-F326-F327-F328-F329-T330-F331-F332-T333-T334-T335-F336-F337-T338-F339-T340-F341-F342-T343-T344-F345-T346-F347-T348-F349-F350-T351-T352-F353-T354-F355-F356-T357-F358-F359-F360-F361-T362-T363-T364-T365-T366-T367-F368-F369-T370-F371-F372-T373-F374-T375-T376-F377-T378-F379-F380-T381-F382-F383-F384-T385-F386-T387-F388-T389-F390-F391-F392-F393-T394-F395-T396-T397-T398-T399-T400-T401-T402-T403-F404-T405-F406-F407-F408-F409-F410-F411-T412-T413-F414-T415-F416-T417-T418-T419-T420-F421-F422-T423-F424-F425-T426-F427-F428-T429-F430-F431-T432-F433-T434-T435-T436-F437-F438-F439-F440-F441-T442-T443-T444-F445-F446-F447-F448-F449-F450-T451-F452-T453-T454-F456-T457-T458-F459-F460-F461-T462-F463-F464-F465-T466-F467-T468-F469-F470-F471-F472-F473-T474-T475-T476-F477-F478-F479-F480-T489-T491-F494-F496-F500-T505-T507-T509

## Summary

Number of input bits: 512  
Number of free input bits: 25  
Number of output bits: 160

Number of assignments: 19529  
Number of operations: 46716
(xor: 19760,
and: 13827,
or: 13129)

Total complexity: 1.83408 × 10^324

Least complex input bit: iv_488 (3.35116 × 10^319)  
Most complex input bit: iv_487 (3.85042 × 10^323)

Least complex output bit: aaa_76_29 (1.56473 × 10^298)  
Most complex output bit: ov_001 (2.84039 × 10^323)

Least complex input/output complexity: iv_488/aaa_76_29 (2.85902 × 10^293)  
Most complex input/output complexity: iv_487/ov_001 (5.96304 × 10^322)

## Input Bits

| Input Bit | Complexity | Occurrences |
|:---------:|:----------:|:-----------:|
| iv_455 | 1.02002 × 10^323 | 50 |
| iv_481 | 2.44792 × 10^322 | 49 |
| iv_482 | 1.02002 × 10^323 | 60 |
| iv_483 | 1.34985 × 10^323 | 49 |
| iv_484 | 1.97216 × 10^323 | 49 |
| iv_485 | 2.59820 × 10^323 | 45 |
| iv_486 | 3.22425 × 10^323 | 49 |
| iv_487 | 3.85042 × 10^323 | 68 |
| iv_488 | 3.35116 × 10^319 | 66 |
| iv_490 | 1.20421 × 10^320 | 61 |
| iv_492 | 6.49715 × 10^320 | 74 |
| iv_493 | 1.29438 × 10^321 | 70 |
| iv_495 | 3.58895 × 10^321 | 72 |
| iv_497 | 7.83127 × 10^321 | 81 |
| iv_498 | 3.11788 × 10^321 | 78 |
| iv_499 | 3.94488 × 10^321 | 86 |
| iv_501 | 1.09206 × 10^322 | 76 |
| iv_502 | 1.81980 × 10^322 | 64 |
| iv_503 | 2.69062 × 10^322 | 62 |
| iv_504 | 3.72232 × 10^322 | 67 |
| iv_506 | 3.79642 × 10^321 | 75 |
| iv_508 | 1.44548 × 10^322 | 78 |
| iv_510 | 3.96169 × 10^322 | 76 |
| iv_511 | 5.68512 × 10^322 | 64 |
| iv_512 | 7.75607 × 10^322 | 73 |

## Input Bits Sorted by Complexity

| Input Bit | Complexity | Occurrences |
|:---------:|:----------:|:-----------:|
| iv_488 | 3.35116 × 10^319 | 66 |
| iv_490 | 1.20421 × 10^320 | 61 |
| iv_492 | 6.49715 × 10^320 | 74 |
| iv_493 | 1.29438 × 10^321 | 70 |
| iv_498 | 3.11788 × 10^321 | 78 |
| iv_495 | 3.58895 × 10^321 | 72 |
| iv_506 | 3.79642 × 10^321 | 75 |
| iv_499 | 3.94488 × 10^321 | 86 |
| iv_497 | 7.83127 × 10^321 | 81 |
| iv_501 | 1.09206 × 10^322 | 76 |
| iv_508 | 1.44548 × 10^322 | 78 |
| iv_502 | 1.81980 × 10^322 | 64 |
| iv_481 | 2.44792 × 10^322 | 49 |
| iv_503 | 2.69062 × 10^322 | 62 |
| iv_504 | 3.72232 × 10^322 | 67 |
| iv_510 | 3.96169 × 10^322 | 76 |
| iv_511 | 5.68512 × 10^322 | 64 |
| iv_512 | 7.75607 × 10^322 | 73 |
| iv_482 | 1.02002 × 10^323 | 60 |
| iv_455 | 1.02002 × 10^323 | 50 |
| iv_483 | 1.34985 × 10^323 | 49 |
| iv_484 | 1.97216 × 10^323 | 49 |
| iv_485 | 2.59820 × 10^323 | 45 |
| iv_486 | 3.22425 × 10^323 | 49 |
| iv_487 | 3.85042 × 10^323 | 68 |

## Input Bits Sorted by Occurrences

| Input Bit | Complexity | Occurrences |
|:---------:|:----------:|:-----------:|
| iv_485 | 2.59820 × 10^323 | 45 |
| iv_481 | 2.44792 × 10^322 | 49 |
| iv_486 | 3.22425 × 10^323 | 49 |
| iv_484 | 1.97216 × 10^323 | 49 |
| iv_483 | 1.34985 × 10^323 | 49 |
| iv_455 | 1.02002 × 10^323 | 50 |
| iv_482 | 1.02002 × 10^323 | 60 |
| iv_490 | 1.20421 × 10^320 | 61 |
| iv_503 | 2.69062 × 10^322 | 62 |
| iv_511 | 5.68512 × 10^322 | 64 |
| iv_502 | 1.81980 × 10^322 | 64 |
| iv_488 | 3.35116 × 10^319 | 66 |
| iv_504 | 3.72232 × 10^322 | 67 |
| iv_487 | 3.85042 × 10^323 | 68 |
| iv_493 | 1.29438 × 10^321 | 70 |
| iv_495 | 3.58895 × 10^321 | 72 |
| iv_512 | 7.75607 × 10^322 | 73 |
| iv_492 | 6.49715 × 10^320 | 74 |
| iv_506 | 3.79642 × 10^321 | 75 |
| iv_501 | 1.09206 × 10^322 | 76 |
| iv_510 | 3.96169 × 10^322 | 76 |
| iv_508 | 1.44548 × 10^322 | 78 |
| iv_498 | 3.11788 × 10^321 | 78 |
| iv_497 | 7.83127 × 10^321 | 81 |
| iv_499 | 3.94488 × 10^321 | 86 |

## Output Bits

| Rank | Output Bit | Complexity |
|:----:|:----------:|:----------:|
| 1 | ov_001 | 2.84039 × 10^323 |
| 2 | ov_002 | 2.47439 × 10^323 |
| 3 | ov_003 | 2.14564 × 10^323 |
| 4 | ov_004 | 1.85134 × 10^323 |
| 5 | ov_005 | 1.58885 × 10^323 |
| 6 | ov_006 | 1.35568 × 10^323 |
| 7 | ov_007 | 1.14945 × 10^323 |
| 8 | ov_008 | 9.67932 × 10^322 |
| 9 | ov_009 | 8.09002 × 10^322 |
| 10 | ov_010 | 6.70655 × 10^322 |
| 11 | ov_011 | 5.50995 × 10^322 |
| 12 | ov_012 | 4.48225 × 10^322 |
| 13 | ov_013 | 3.60650 × 10^322 |
| 14 | ov_014 | 2.86674 × 10^322 |
| 15 | ov_015 | 2.24791 × 10^322 |
| 16 | ov_016 | 1.73591 × 10^322 |
| 17 | ov_017 | 1.31753 × 10^322 |
| 18 | ov_018 | 9.80472 × 10^321 |
| 19 | ov_019 | 7.13313 × 10^321 |
| 20 | ov_020 | 5.05521 × 10^321 |
| 21 | ov_021 | 3.47442 × 10^321 |
| 22 | ov_022 | 2.30295 × 10^321 |
| 23 | ov_023 | 1.46171 × 10^321 |
| 24 | ov_024 | 8.80333 × 10^320 |
| 25 | ov_025 | 4.97152 × 10^320 |
| 26 | ov_026 | 2.59210 × 10^320 |
| 27 | ov_027 | 1.22248 × 10^320 |
| 28 | ov_028 | 5.07072 × 10^319 |
| 29 | ov_029 | 1.77302 × 10^319 |
| 30 | ov_030 | 4.86889 × 10^318 |
| 31 | ov_031 | 9.50081 × 10^317 |
| 32 | lv_80_m31 | 1.85356 × 10^317 |
| 33 | ov_033 | 2.25787 × 10^318 |
| 34 | ov_034 | 1.96693 × 10^318 |
| 35 | ov_035 | 1.70561 × 10^318 |
| 36 | ov_036 | 1.47166 × 10^318 |
| 37 | ov_037 | 1.26301 × 10^318 |
| 38 | ov_038 | 1.07765 × 10^318 |
| 39 | ov_039 | 9.13719 × 10^317 |
| 40 | ov_040 | 7.69426 × 10^317 |
| 41 | ov_041 | 6.43089 × 10^317 |
| 42 | ov_042 | 5.33115 × 10^317 |
| 43 | ov_043 | 4.37995 × 10^317 |
| 44 | ov_044 | 3.56301 × 10^317 |
| 45 | ov_045 | 2.86687 × 10^317 |
| 46 | ov_046 | 2.27882 × 10^317 |
| 47 | ov_047 | 1.78690 × 10^317 |
| 48 | ov_048 | 1.37990 × 10^317 |
| 49 | ov_049 | 1.04733 × 10^317 |
| 50 | ov_050 | 7.79394 × 10^316 |
| 51 | ov_051 | 5.67024 × 10^316 |
| 52 | ov_052 | 4.01847 × 10^316 |
| 53 | ov_053 | 2.76188 × 10^316 |
| 54 | ov_054 | 1.83065 × 10^316 |
| 55 | ov_055 | 1.16194 × 10^316 |
| 56 | ov_056 | 6.99792 × 10^315 |
| 57 | ov_057 | 3.95195 × 10^315 |
| 58 | ov_058 | 2.06050 × 10^315 |
| 59 | ov_059 | 9.71770 × 10^314 |
| 60 | ov_060 | 4.03080 × 10^314 |
| 61 | ov_061 | 1.40940 × 10^314 |
| 62 | ov_062 | 3.87036 × 10^313 |
| 63 | ov_063 | 7.55235 × 10^312 |
| 64 | lv_79_m31 | 1.47342 × 10^312 |
| 65 | ov_065 | 1.79480 × 10^313 |
| 66 | ov_066 | 1.79479 × 10^313 |
| 67 | ov_067 | 1.79479 × 10^313 |
| 68 | ov_068 | 1.56352 × 10^313 |
| 69 | ov_069 | 1.35578 × 10^313 |
| 70 | ov_070 | 1.16982 × 10^313 |
| 71 | ov_071 | 1.00395 × 10^313 |
| 72 | ov_072 | 8.56615 × 10^312 |
| 73 | ov_073 | 7.26300 × 10^312 |
| 74 | ov_074 | 6.11599 × 10^312 |
| 75 | ov_075 | 5.11172 × 10^312 |
| 76 | ov_076 | 4.23752 × 10^312 |
| 77 | ov_077 | 3.48139 × 10^312 |
| 78 | ov_078 | 2.83199 × 10^312 |
| 79 | ov_079 | 2.27862 × 10^312 |
| 80 | ov_080 | 1.81116 × 10^312 |
| 81 | ov_081 | 1.42013 × 10^312 |
| 82 | ov_082 | 1.09660 × 10^312 |
| 83 | ov_083 | 8.32233 × 10^311 |
| 84 | ov_084 | 6.19246 × 10^311 |
| 85 | ov_085 | 4.50430 × 10^311 |
| 86 | ov_086 | 3.19128 × 10^311 |
| 87 | ov_087 | 2.19239 × 10^311 |
| 88 | ov_088 | 1.45214 × 10^311 |
| 89 | ov_089 | 9.20570 × 10^310 |
| 90 | ov_090 | 5.53200 × 10^310 |
| 91 | ov_091 | 3.11070 × 10^310 |
| 92 | ov_092 | 1.60716 × 10^310 |
| 93 | ov_093 | 7.41711 × 10^309 |
| 94 | ov_094 | 2.89649 × 10^309 |
| 95 | aaa_78_28 | 8.12701 × 10^308 |
| 96 | aaa_78_29 | 2.47627 × 10^308 |
| 97 | ov_097 | 1.42671 × 10^308 |
| 98 | ov_098 | 1.42671 × 10^308 |
| 99 | ov_099 | 1.42671 × 10^308 |
| 100 | ov_100 | 1.24287 × 10^308 |
| 101 | ov_101 | 1.07773 × 10^308 |
| 102 | ov_102 | 9.29912 × 10^307 |
| 103 | ov_103 | 7.98064 × 10^307 |
| 104 | ov_104 | 6.80938 × 10^307 |
| 105 | ov_105 | 5.77349 × 10^307 |
| 106 | ov_106 | 4.86170 × 10^307 |
| 107 | ov_107 | 4.06339 × 10^307 |
| 108 | ov_108 | 3.36847 × 10^307 |
| 109 | ov_109 | 2.76741 × 10^307 |
| 110 | ov_110 | 2.25120 × 10^307 |
| 111 | ov_111 | 1.81131 × 10^307 |
| 112 | ov_112 | 1.43972 × 10^307 |
| 113 | ov_113 | 1.12888 × 10^307 |
| 114 | ov_114 | 8.71709 × 10^306 |
| 115 | ov_115 | 6.61556 × 10^306 |
| 116 | ov_116 | 4.92249 × 10^306 |
| 117 | ov_117 | 3.58054 × 10^306 |
| 118 | ov_118 | 2.53680 × 10^306 |
| 119 | ov_119 | 1.74276 × 10^306 |
| 120 | ov_120 | 1.15433 × 10^306 |
| 121 | ov_121 | 7.31777 × 10^305 |
| 122 | ov_122 | 4.39748 × 10^305 |
| 123 | ov_123 | 2.47275 × 10^305 |
| 124 | ov_124 | 1.27756 × 10^305 |
| 125 | ov_125 | 5.89598 × 10^304 |
| 126 | ov_126 | 2.30247 × 10^304 |
| 127 | aaa_77_28 | 6.46030 × 10^303 |
| 128 | aaa_77_29 | 1.96843 × 10^303 |
| 129 | ov_129 | 1.13365 × 10^303 |
| 130 | ov_130 | 1.13365 × 10^303 |
| 131 | ov_131 | 1.13365 × 10^303 |
| 132 | ov_132 | 9.87511 × 10^302 |
| 133 | ov_133 | 8.56244 × 10^302 |
| 134 | ov_134 | 7.38734 × 10^302 |
| 135 | ov_135 | 6.33926 × 10^302 |
| 136 | ov_136 | 5.40821 × 10^302 |
| 137 | ov_137 | 4.58476 × 10^302 |
| 138 | ov_138 | 3.85996 × 10^302 |
| 139 | ov_139 | 3.22537 × 10^302 |
| 140 | ov_140 | 2.67297 × 10^302 |
| 141 | ov_141 | 2.19518 × 10^302 |
| 142 | ov_142 | 1.78483 × 10^302 |
| 143 | ov_143 | 1.43515 × 10^302 |
| 144 | ov_144 | 1.13977 × 10^302 |
| 145 | ov_145 | 8.92687 × 10^301 |
| 146 | ov_146 | 6.88250 × 10^301 |
| 147 | ov_147 | 5.21195 × 10^301 |
| 148 | ov_148 | 3.86610 × 10^301 |
| 149 | ov_149 | 2.79936 × 10^301 |
| 150 | ov_150 | 1.96968 × 10^301 |
| 151 | ov_151 | 1.33848 × 10^301 |
| 152 | ov_152 | 8.70732 × 10^300 |
| 153 | ov_153 | 5.34833 × 10^300 |
| 154 | ov_154 | 3.02695 × 10^300 |
| 155 | ov_155 | 1.49695 × 10^300 |
| 156 | aaa_76_25 | 5.46876 × 10^299 |
| 157 | aaa_76_26 | 2.85654 × 10^299 |
| 158 | aaa_76_27 | 1.31673 × 10^299 |
| 159 | aaa_76_28 | 5.13540 × 10^298 |
| 160 | aaa_76_29 | 1.56473 × 10^298 |

## Output Bits Sorted by Complexity

| Rank | Output Bit | Complexity |
|:----:|:----------:|:----------:|
| 160 | aaa_76_29 | 1.56473 × 10^298 |
| 159 | aaa_76_28 | 5.13540 × 10^298 |
| 158 | aaa_76_27 | 1.31673 × 10^299 |
| 157 | aaa_76_26 | 2.85654 × 10^299 |
| 156 | aaa_76_25 | 5.46876 × 10^299 |
| 155 | ov_155 | 1.49695 × 10^300 |
| 154 | ov_154 | 3.02695 × 10^300 |
| 153 | ov_153 | 5.34833 × 10^300 |
| 152 | ov_152 | 8.70732 × 10^300 |
| 151 | ov_151 | 1.33848 × 10^301 |
| 150 | ov_150 | 1.96968 × 10^301 |
| 149 | ov_149 | 2.79936 × 10^301 |
| 148 | ov_148 | 3.86610 × 10^301 |
| 147 | ov_147 | 5.21195 × 10^301 |
| 146 | ov_146 | 6.88250 × 10^301 |
| 145 | ov_145 | 8.92687 × 10^301 |
| 144 | ov_144 | 1.13977 × 10^302 |
| 143 | ov_143 | 1.43515 × 10^302 |
| 142 | ov_142 | 1.78483 × 10^302 |
| 141 | ov_141 | 2.19518 × 10^302 |
| 140 | ov_140 | 2.67297 × 10^302 |
| 139 | ov_139 | 3.22537 × 10^302 |
| 138 | ov_138 | 3.85996 × 10^302 |
| 137 | ov_137 | 4.58476 × 10^302 |
| 136 | ov_136 | 5.40821 × 10^302 |
| 135 | ov_135 | 6.33926 × 10^302 |
| 134 | ov_134 | 7.38734 × 10^302 |
| 133 | ov_133 | 8.56244 × 10^302 |
| 132 | ov_132 | 9.87511 × 10^302 |
| 131 | ov_131 | 1.13365 × 10^303 |
| 130 | ov_130 | 1.13365 × 10^303 |
| 129 | ov_129 | 1.13365 × 10^303 |
| 128 | aaa_77_29 | 1.96843 × 10^303 |
| 127 | aaa_77_28 | 6.46030 × 10^303 |
| 126 | ov_126 | 2.30247 × 10^304 |
| 125 | ov_125 | 5.89598 × 10^304 |
| 124 | ov_124 | 1.27756 × 10^305 |
| 123 | ov_123 | 2.47275 × 10^305 |
| 122 | ov_122 | 4.39748 × 10^305 |
| 121 | ov_121 | 7.31777 × 10^305 |
| 120 | ov_120 | 1.15433 × 10^306 |
| 119 | ov_119 | 1.74276 × 10^306 |
| 118 | ov_118 | 2.53680 × 10^306 |
| 117 | ov_117 | 3.58054 × 10^306 |
| 116 | ov_116 | 4.92249 × 10^306 |
| 115 | ov_115 | 6.61556 × 10^306 |
| 114 | ov_114 | 8.71709 × 10^306 |
| 113 | ov_113 | 1.12888 × 10^307 |
| 112 | ov_112 | 1.43972 × 10^307 |
| 111 | ov_111 | 1.81131 × 10^307 |
| 110 | ov_110 | 2.25120 × 10^307 |
| 109 | ov_109 | 2.76741 × 10^307 |
| 108 | ov_108 | 3.36847 × 10^307 |
| 107 | ov_107 | 4.06339 × 10^307 |
| 106 | ov_106 | 4.86170 × 10^307 |
| 105 | ov_105 | 5.77349 × 10^307 |
| 104 | ov_104 | 6.80938 × 10^307 |
| 103 | ov_103 | 7.98064 × 10^307 |
| 102 | ov_102 | 9.29912 × 10^307 |
| 101 | ov_101 | 1.07773 × 10^308 |
| 100 | ov_100 | 1.24287 × 10^308 |
| 99 | ov_099 | 1.42671 × 10^308 |
| 98 | ov_098 | 1.42671 × 10^308 |
| 97 | ov_097 | 1.42671 × 10^308 |
| 96 | aaa_78_29 | 2.47627 × 10^308 |
| 95 | aaa_78_28 | 8.12701 × 10^308 |
| 94 | ov_094 | 2.89649 × 10^309 |
| 93 | ov_093 | 7.41711 × 10^309 |
| 92 | ov_092 | 1.60716 × 10^310 |
| 91 | ov_091 | 3.11070 × 10^310 |
| 90 | ov_090 | 5.53200 × 10^310 |
| 89 | ov_089 | 9.20570 × 10^310 |
| 88 | ov_088 | 1.45214 × 10^311 |
| 87 | ov_087 | 2.19239 × 10^311 |
| 86 | ov_086 | 3.19128 × 10^311 |
| 85 | ov_085 | 4.50430 × 10^311 |
| 84 | ov_084 | 6.19246 × 10^311 |
| 83 | ov_083 | 8.32233 × 10^311 |
| 82 | ov_082 | 1.09660 × 10^312 |
| 81 | ov_081 | 1.42013 × 10^312 |
| 64 | lv_79_m31 | 1.47342 × 10^312 |
| 80 | ov_080 | 1.81116 × 10^312 |
| 79 | ov_079 | 2.27862 × 10^312 |
| 78 | ov_078 | 2.83199 × 10^312 |
| 77 | ov_077 | 3.48139 × 10^312 |
| 76 | ov_076 | 4.23752 × 10^312 |
| 75 | ov_075 | 5.11172 × 10^312 |
| 74 | ov_074 | 6.11599 × 10^312 |
| 73 | ov_073 | 7.26300 × 10^312 |
| 63 | ov_063 | 7.55235 × 10^312 |
| 72 | ov_072 | 8.56615 × 10^312 |
| 71 | ov_071 | 1.00395 × 10^313 |
| 70 | ov_070 | 1.16982 × 10^313 |
| 69 | ov_069 | 1.35578 × 10^313 |
| 68 | ov_068 | 1.56352 × 10^313 |
| 67 | ov_067 | 1.79479 × 10^313 |
| 66 | ov_066 | 1.79479 × 10^313 |
| 65 | ov_065 | 1.79480 × 10^313 |
| 62 | ov_062 | 3.87036 × 10^313 |
| 61 | ov_061 | 1.40940 × 10^314 |
| 60 | ov_060 | 4.03080 × 10^314 |
| 59 | ov_059 | 9.71770 × 10^314 |
| 58 | ov_058 | 2.06050 × 10^315 |
| 57 | ov_057 | 3.95195 × 10^315 |
| 56 | ov_056 | 6.99792 × 10^315 |
| 55 | ov_055 | 1.16194 × 10^316 |
| 54 | ov_054 | 1.83065 × 10^316 |
| 53 | ov_053 | 2.76188 × 10^316 |
| 52 | ov_052 | 4.01847 × 10^316 |
| 51 | ov_051 | 5.67024 × 10^316 |
| 50 | ov_050 | 7.79394 × 10^316 |
| 49 | ov_049 | 1.04733 × 10^317 |
| 48 | ov_048 | 1.37990 × 10^317 |
| 47 | ov_047 | 1.78690 × 10^317 |
| 32 | lv_80_m31 | 1.85356 × 10^317 |
| 46 | ov_046 | 2.27882 × 10^317 |
| 45 | ov_045 | 2.86687 × 10^317 |
| 44 | ov_044 | 3.56301 × 10^317 |
| 43 | ov_043 | 4.37995 × 10^317 |
| 42 | ov_042 | 5.33115 × 10^317 |
| 41 | ov_041 | 6.43089 × 10^317 |
| 40 | ov_040 | 7.69426 × 10^317 |
| 39 | ov_039 | 9.13719 × 10^317 |
| 31 | ov_031 | 9.50081 × 10^317 |
| 38 | ov_038 | 1.07765 × 10^318 |
| 37 | ov_037 | 1.26301 × 10^318 |
| 36 | ov_036 | 1.47166 × 10^318 |
| 35 | ov_035 | 1.70561 × 10^318 |
| 34 | ov_034 | 1.96693 × 10^318 |
| 33 | ov_033 | 2.25787 × 10^318 |
| 30 | ov_030 | 4.86889 × 10^318 |
| 29 | ov_029 | 1.77302 × 10^319 |
| 28 | ov_028 | 5.07072 × 10^319 |
| 27 | ov_027 | 1.22248 × 10^320 |
| 26 | ov_026 | 2.59210 × 10^320 |
| 25 | ov_025 | 4.97152 × 10^320 |
| 24 | ov_024 | 8.80333 × 10^320 |
| 23 | ov_023 | 1.46171 × 10^321 |
| 22 | ov_022 | 2.30295 × 10^321 |
| 21 | ov_021 | 3.47442 × 10^321 |
| 20 | ov_020 | 5.05521 × 10^321 |
| 19 | ov_019 | 7.13313 × 10^321 |
| 18 | ov_018 | 9.80472 × 10^321 |
| 17 | ov_017 | 1.31753 × 10^322 |
| 16 | ov_016 | 1.73591 × 10^322 |
| 15 | ov_015 | 2.24791 × 10^322 |
| 14 | ov_014 | 2.86674 × 10^322 |
| 13 | ov_013 | 3.60650 × 10^322 |
| 12 | ov_012 | 4.48225 × 10^322 |
| 11 | ov_011 | 5.50995 × 10^322 |
| 10 | ov_010 | 6.70655 × 10^322 |
| 9 | ov_009 | 8.09002 × 10^322 |
| 8 | ov_008 | 9.67932 × 10^322 |
| 7 | ov_007 | 1.14945 × 10^323 |
| 6 | ov_006 | 1.35568 × 10^323 |
| 5 | ov_005 | 1.58885 × 10^323 |
| 4 | ov_004 | 1.85134 × 10^323 |
| 3 | ov_003 | 2.14564 × 10^323 |
| 2 | ov_002 | 2.47439 × 10^323 |
| 1 | ov_001 | 2.84039 × 10^323 |

