# Results for T001-T002-F003-F004-F005-T006-T007-F008-T009-F010-F011-T012-F013-F014-F015-T016-F017-F018-F019-F020-T021-F022-F023-T024-F025-T026-F027-T028-T029-F030-F031-F032-F033-F034-T035-F036-T037-T038-F039-F040-T041-T042-T043-F044-F045-F046-F047-F048-F049-F050-F051-F052-F053-F054-F055-F056-T057-F058-T059-F060-F061-T062-T063-T064-F065-T066-T067-T068-T069-T070-F071-T072-T073-T074-T075-T076-T077-T078-F079-F080-F081-F082-F083-F084-F085-F086-F087-T088-T089-F090-T091-F092-F093-F094-F095-T096-T097-F098-T099-F100-T101-F102-F103-T104-T105-T106-T107-F108-T109-T110-T111-T112-T113-T114-T115-T116-F117-T118-F119-T120-T121-F122-F123-F124-F125-T126-F127-F128-F129-T130-F131-F132-T133-F134-T135-T136-F137-F138-T139-T140-F141-T142-F143-T144-T145-T146-F147-F148-T149-T150-T151-F152-T153-T154-F155-F156-F157-T158-F159-T160-F161-F162-F163-T164-F165-T166-T167-F168-T169-F170-T171-T172-F173-F174-T175-F176-T177-T178-T179-T180-T181-F182-T183-T184-T185-F186-T187-F188-F189-T190-F191-T192-T193-F194-F195-F196-T197-F198-F199-T200-F201-T202-F203-F204-F205-F206-T207-F208-F209-F210-F211-T212-F213-T214-T215-T216-F217-T218-T219-F220-F221-F222-F223-F224-T225-F226-T227-T228-T229-T230-F231-F232-F233-F234-F235-T236-T237-T238-T239-T240-F241-T242-F243-F244-T245-T246-T247-T248-F249-T250-F251-T252-F253-T254-F255-F256-T257-F258-F259-F260-T261-F262-F263-T264-F265-F266-F267-T268-T269-F270-T271-F272-T273-F274-F275-F276-T277-F278-F279-T280-F281-F282-F283-T284-F285-T286-T287-F288-T289-T290-T291-F292-F293-T294-T295-F296-T297-F298-T299-T300-T301-T302-T303-F304-F305-F306-F307-F308-T309-T310-F311-T312-F313-T314-T315-F316-T317-F318-T319-F320-F321-F322-T323-F324-F325-F326-F327-F328-F329-T330-F331-F332-T333-T334-T335-F336-F337-T338-F339-T340-F341-F342-T343-T344-F345-T346-F347-T348-F349-F350-T351-T352-F353-T354-F355-F356-T357-F358-F359-F360-F361-T362-T363-T364-T365-T366-T367-F368-F369-T370-F371-F372-T373-F374-T375-T376-F377-T378-F379-F380-T381-F382-F383-F384-T385-F386-T387-F388-T389-F390-F391-F392-F393-T394-F395-T396-T397-T398-T399-T400-T401-T402-T403-F404-T405-F406-F407-F408-F409-F410-F411-T412-T413-F414-T415-F416-T417-T418-T419-T420-F421-F422-T423-F424-F425-T426-F427-F428-T429-F430-F431-T432-F433-T434-T435-T436-F437-F438-F439-F440-F441-T442-T443-T444-F445-F446-F447-F448-F449-F450-T451-F452-T453-T454-F456-F457-T458-F459-F460-F461-T462-F463-F464-F465-T466-F467-T468-F469-F470-F471-F472-F473-T474-T475-T476-F477-F478-F479-F480-F494-F496-F500-T505-T507-T509

## Summary

Number of input bits: 512  
Number of free input bits: 27  
Number of output bits: 160

Number of assignments: 19593  
Number of operations: 47033
(xor: 19950,
and: 13884,
or: 13199)

Total complexity: 6.58463 × 10^324

Least complex input bit: iv_498 (4.87658 × 10^321)  
Most complex input bit: iv_491 (9.85001 × 10^323)

Least complex output bit: aaa_76_29 (5.61764 × 10^298)  
Most complex output bit: ov_001 (1.01974 × 10^324)

Least complex input/output complexity: iv_498/aaa_76_29 (4.16042 × 10^295)  
Most complex input/output complexity: iv_491/ov_001 (1.52544 × 10^323)

## Input Bits

| Input Bit | Complexity | Occurrences |
|:---------:|:----------:|:-----------:|
| iv_455 | 1.58488 × 10^323 | 46 |
| iv_481 | 3.78767 × 10^322 | 49 |
| iv_482 | 1.57828 × 10^323 | 60 |
| iv_483 | 2.08861 × 10^323 | 49 |
| iv_484 | 3.05148 × 10^323 | 49 |
| iv_485 | 4.02011 × 10^323 | 45 |
| iv_486 | 4.98877 × 10^323 | 49 |
| iv_487 | 5.95761 × 10^323 | 49 |
| iv_488 | 6.92696 × 10^323 | 50 |
| iv_489 | 7.89752 × 10^323 | 52 |
| iv_490 | 8.87047 × 10^323 | 34 |
| iv_491 | 9.85001 × 10^323 | 36 |
| iv_492 | 9.86410 × 10^322 | 62 |
| iv_493 | 9.96903 × 10^322 | 58 |
| iv_495 | 1.03344 × 10^323 | 72 |
| iv_497 | 1.10013 × 10^323 | 81 |
| iv_498 | 4.87658 × 10^321 | 78 |
| iv_499 | 6.15636 × 10^321 | 86 |
| iv_501 | 1.70032 × 10^322 | 76 |
| iv_502 | 2.83168 × 10^322 | 64 |
| iv_503 | 4.18447 × 10^322 | 62 |
| iv_504 | 5.78624 × 10^322 | 67 |
| iv_506 | 5.87491 × 10^321 | 75 |
| iv_508 | 2.23681 × 10^322 | 78 |
| iv_510 | 6.13039 × 10^322 | 76 |
| iv_511 | 8.79715 × 10^322 | 64 |
| iv_512 | 1.20016 × 10^323 | 73 |

## Input Bits Sorted by Complexity

| Input Bit | Complexity | Occurrences |
|:---------:|:----------:|:-----------:|
| iv_498 | 4.87658 × 10^321 | 78 |
| iv_506 | 5.87491 × 10^321 | 75 |
| iv_499 | 6.15636 × 10^321 | 86 |
| iv_501 | 1.70032 × 10^322 | 76 |
| iv_508 | 2.23681 × 10^322 | 78 |
| iv_502 | 2.83168 × 10^322 | 64 |
| iv_481 | 3.78767 × 10^322 | 49 |
| iv_503 | 4.18447 × 10^322 | 62 |
| iv_504 | 5.78624 × 10^322 | 67 |
| iv_510 | 6.13039 × 10^322 | 76 |
| iv_511 | 8.79715 × 10^322 | 64 |
| iv_492 | 9.86410 × 10^322 | 62 |
| iv_493 | 9.96903 × 10^322 | 58 |
| iv_495 | 1.03344 × 10^323 | 72 |
| iv_497 | 1.10013 × 10^323 | 81 |
| iv_512 | 1.20016 × 10^323 | 73 |
| iv_482 | 1.57828 × 10^323 | 60 |
| iv_455 | 1.58488 × 10^323 | 46 |
| iv_483 | 2.08861 × 10^323 | 49 |
| iv_484 | 3.05148 × 10^323 | 49 |
| iv_485 | 4.02011 × 10^323 | 45 |
| iv_486 | 4.98877 × 10^323 | 49 |
| iv_487 | 5.95761 × 10^323 | 49 |
| iv_488 | 6.92696 × 10^323 | 50 |
| iv_489 | 7.89752 × 10^323 | 52 |
| iv_490 | 8.87047 × 10^323 | 34 |
| iv_491 | 9.85001 × 10^323 | 36 |

## Input Bits Sorted by Occurrences

| Input Bit | Complexity | Occurrences |
|:---------:|:----------:|:-----------:|
| iv_490 | 8.87047 × 10^323 | 34 |
| iv_491 | 9.85001 × 10^323 | 36 |
| iv_485 | 4.02011 × 10^323 | 45 |
| iv_455 | 1.58488 × 10^323 | 46 |
| iv_487 | 5.95761 × 10^323 | 49 |
| iv_486 | 4.98877 × 10^323 | 49 |
| iv_481 | 3.78767 × 10^322 | 49 |
| iv_484 | 3.05148 × 10^323 | 49 |
| iv_483 | 2.08861 × 10^323 | 49 |
| iv_488 | 6.92696 × 10^323 | 50 |
| iv_489 | 7.89752 × 10^323 | 52 |
| iv_493 | 9.96903 × 10^322 | 58 |
| iv_482 | 1.57828 × 10^323 | 60 |
| iv_503 | 4.18447 × 10^322 | 62 |
| iv_492 | 9.86410 × 10^322 | 62 |
| iv_502 | 2.83168 × 10^322 | 64 |
| iv_511 | 8.79715 × 10^322 | 64 |
| iv_504 | 5.78624 × 10^322 | 67 |
| iv_495 | 1.03344 × 10^323 | 72 |
| iv_512 | 1.20016 × 10^323 | 73 |
| iv_506 | 5.87491 × 10^321 | 75 |
| iv_501 | 1.70032 × 10^322 | 76 |
| iv_510 | 6.13039 × 10^322 | 76 |
| iv_498 | 4.87658 × 10^321 | 78 |
| iv_508 | 2.23681 × 10^322 | 78 |
| iv_497 | 1.10013 × 10^323 | 81 |
| iv_499 | 6.15636 × 10^321 | 86 |

## Output Bits

| Rank | Output Bit | Complexity |
|:----:|:----------:|:----------:|
| 1 | ov_001 | 1.01974 × 10^324 |
| 2 | ov_002 | 8.88344 × 10^323 |
| 3 | ov_003 | 7.70318 × 10^323 |
| 4 | ov_004 | 6.64660 × 10^323 |
| 5 | ov_005 | 5.70423 × 10^323 |
| 6 | ov_006 | 4.86709 × 10^323 |
| 7 | ov_007 | 4.12670 × 10^323 |
| 8 | ov_008 | 3.47502 × 10^323 |
| 9 | ov_009 | 2.90443 × 10^323 |
| 10 | ov_010 | 2.40775 × 10^323 |
| 11 | ov_011 | 1.97815 × 10^323 |
| 12 | ov_012 | 1.60919 × 10^323 |
| 13 | ov_013 | 1.29478 × 10^323 |
| 14 | ov_014 | 1.02920 × 10^323 |
| 15 | ov_015 | 8.07034 × 10^322 |
| 16 | ov_016 | 6.23218 × 10^322 |
| 17 | ov_017 | 4.73014 × 10^322 |
| 18 | ov_018 | 3.52004 × 10^322 |
| 19 | ov_019 | 2.56089 × 10^322 |
| 20 | ov_020 | 1.81489 × 10^322 |
| 21 | ov_021 | 1.24737 × 10^322 |
| 22 | ov_022 | 8.26794 × 10^321 |
| 23 | ov_023 | 5.24776 × 10^321 |
| 24 | ov_024 | 3.16052 × 10^321 |
| 25 | ov_025 | 1.78485 × 10^321 |
| 26 | ov_026 | 9.30603 × 10^320 |
| 27 | ov_027 | 4.38888 × 10^320 |
| 28 | ov_028 | 1.82046 × 10^320 |
| 29 | ov_029 | 6.36542 × 10^319 |
| 30 | ov_030 | 1.74800 × 10^319 |
| 31 | ov_031 | 3.41093 × 10^318 |
| 32 | lv_80_m31 | 6.65455 × 10^317 |
| 33 | ov_033 | 8.10611 × 10^318 |
| 34 | ov_034 | 7.06160 × 10^318 |
| 35 | ov_035 | 6.12339 × 10^318 |
| 36 | ov_036 | 5.28350 × 10^318 |
| 37 | ov_037 | 4.53439 × 10^318 |
| 38 | ov_038 | 3.86894 × 10^318 |
| 39 | ov_039 | 3.28038 × 10^318 |
| 40 | ov_040 | 2.76235 × 10^318 |
| 41 | ov_041 | 2.30878 × 10^318 |
| 42 | ov_042 | 1.91396 × 10^318 |
| 43 | ov_043 | 1.57246 × 10^318 |
| 44 | ov_044 | 1.27917 × 10^318 |
| 45 | ov_045 | 1.02925 × 10^318 |
| 46 | ov_046 | 8.18131 × 10^317 |
| 47 | ov_047 | 6.41525 × 10^317 |
| 48 | ov_048 | 4.95407 × 10^317 |
| 49 | ov_049 | 3.76007 × 10^317 |
| 50 | ov_050 | 2.79814 × 10^317 |
| 51 | ov_051 | 2.03570 × 10^317 |
| 52 | ov_052 | 1.44269 × 10^317 |
| 53 | ov_053 | 9.91556 × 10^316 |
| 54 | ov_054 | 6.57233 × 10^316 |
| 55 | ov_055 | 4.17153 × 10^316 |
| 56 | ov_056 | 2.51235 × 10^316 |
| 57 | ov_057 | 1.41880 × 10^316 |
| 58 | ov_058 | 7.39752 × 10^315 |
| 59 | ov_059 | 3.48879 × 10^315 |
| 60 | ov_060 | 1.44711 × 10^315 |
| 61 | ov_061 | 5.05998 × 10^314 |
| 62 | ov_062 | 1.38951 × 10^314 |
| 63 | ov_063 | 2.71140 × 10^313 |
| 64 | lv_79_m31 | 5.28982 × 10^312 |
| 65 | ov_065 | 6.44360 × 10^313 |
| 66 | ov_066 | 6.44358 × 10^313 |
| 67 | ov_067 | 6.44358 × 10^313 |
| 68 | ov_068 | 5.61327 × 10^313 |
| 69 | ov_069 | 4.86747 × 10^313 |
| 70 | ov_070 | 4.19983 × 10^313 |
| 71 | ov_071 | 3.60435 × 10^313 |
| 72 | ov_072 | 3.07537 × 10^313 |
| 73 | ov_073 | 2.60752 × 10^313 |
| 74 | ov_074 | 2.19573 × 10^313 |
| 75 | ov_075 | 1.83518 × 10^313 |
| 76 | ov_076 | 1.52133 × 10^313 |
| 77 | ov_077 | 1.24987 × 10^313 |
| 78 | ov_078 | 1.01672 × 10^313 |
| 79 | ov_079 | 8.18058 × 10^312 |
| 80 | ov_080 | 6.50236 × 10^312 |
| 81 | ov_081 | 5.09849 × 10^312 |
| 82 | ov_082 | 3.93697 × 10^312 |
| 83 | ov_083 | 2.98784 × 10^312 |
| 84 | ov_084 | 2.22318 × 10^312 |
| 85 | ov_085 | 1.61711 × 10^312 |
| 86 | ov_086 | 1.14571 × 10^312 |
| 87 | ov_087 | 7.87100 × 10^311 |
| 88 | ov_088 | 5.21341 × 10^311 |
| 89 | ov_089 | 3.30498 × 10^311 |
| 90 | ov_090 | 1.98607 × 10^311 |
| 91 | ov_091 | 1.11679 × 10^311 |
| 92 | ov_092 | 5.76996 × 10^310 |
| 93 | ov_093 | 2.66285 × 10^310 |
| 94 | ov_094 | 1.03988 × 10^310 |
| 95 | aaa_78_28 | 2.91771 × 10^309 |
| 96 | aaa_78_29 | 8.89017 × 10^308 |
| 97 | ov_097 | 5.12213 × 10^308 |
| 98 | ov_098 | 5.12211 × 10^308 |
| 99 | ov_099 | 5.12211 × 10^308 |
| 100 | ov_100 | 4.46209 × 10^308 |
| 101 | ov_101 | 3.86924 × 10^308 |
| 102 | ov_102 | 3.33852 × 10^308 |
| 103 | ov_103 | 2.86516 × 10^308 |
| 104 | ov_104 | 2.44467 × 10^308 |
| 105 | ov_105 | 2.07276 × 10^308 |
| 106 | ov_106 | 1.74542 × 10^308 |
| 107 | ov_107 | 1.45881 × 10^308 |
| 108 | ov_108 | 1.20933 × 10^308 |
| 109 | ov_109 | 9.93544 × 10^307 |
| 110 | ov_110 | 8.08215 × 10^307 |
| 111 | ov_111 | 6.50288 × 10^307 |
| 112 | ov_112 | 5.16883 × 10^307 |
| 113 | ov_113 | 4.05288 × 10^307 |
| 114 | ov_114 | 3.12956 × 10^307 |
| 115 | ov_115 | 2.37508 × 10^307 |
| 116 | ov_116 | 1.76724 × 10^307 |
| 117 | ov_117 | 1.28546 × 10^307 |
| 118 | ov_118 | 9.10749 × 10^306 |
| 119 | ov_119 | 6.25679 × 10^306 |
| 120 | ov_120 | 4.14423 × 10^306 |
| 121 | ov_121 | 2.62718 × 10^306 |
| 122 | ov_122 | 1.57876 × 10^306 |
| 123 | ov_123 | 8.87755 × 10^305 |
| 124 | ov_124 | 4.58664 × 10^305 |
| 125 | ov_125 | 2.11674 × 10^305 |
| 126 | ov_126 | 8.26621 × 10^304 |
| 127 | aaa_77_28 | 2.31934 × 10^304 |
| 128 | aaa_77_29 | 7.06695 × 10^303 |
| 129 | ov_129 | 4.06998 × 10^303 |
| 130 | ov_130 | 4.06997 × 10^303 |
| 131 | ov_131 | 4.06997 × 10^303 |
| 132 | ov_132 | 3.54531 × 10^303 |
| 133 | ov_133 | 3.07404 × 10^303 |
| 134 | ov_134 | 2.65216 × 10^303 |
| 135 | ov_135 | 2.27588 × 10^303 |
| 136 | ov_136 | 1.94162 × 10^303 |
| 137 | ov_137 | 1.64599 × 10^303 |
| 138 | ov_138 | 1.38578 × 10^303 |
| 139 | ov_139 | 1.15795 × 10^303 |
| 140 | ov_140 | 9.59637 × 10^302 |
| 141 | ov_141 | 7.88102 × 10^302 |
| 142 | ov_142 | 6.40781 × 10^302 |
| 143 | ov_143 | 5.15243 × 10^302 |
| 144 | ov_144 | 4.09197 × 10^302 |
| 145 | ov_145 | 3.20487 × 10^302 |
| 146 | ov_146 | 2.47091 × 10^302 |
| 147 | ov_147 | 1.87116 × 10^302 |
| 148 | ov_148 | 1.38799 × 10^302 |
| 149 | ov_149 | 1.00501 × 10^302 |
| 150 | ov_150 | 7.07144 × 10^301 |
| 151 | ov_151 | 4.80537 × 10^301 |
| 152 | ov_152 | 3.12605 × 10^301 |
| 153 | ov_153 | 1.92013 × 10^301 |
| 154 | ov_154 | 1.08672 × 10^301 |
| 155 | ov_155 | 5.37428 × 10^300 |
| 156 | aaa_76_25 | 1.96336 × 10^300 |
| 157 | aaa_76_26 | 1.02554 × 10^300 |
| 158 | aaa_76_27 | 4.72726 × 10^299 |
| 159 | aaa_76_28 | 1.84368 × 10^299 |
| 160 | aaa_76_29 | 5.61764 × 10^298 |

## Output Bits Sorted by Complexity

| Rank | Output Bit | Complexity |
|:----:|:----------:|:----------:|
| 160 | aaa_76_29 | 5.61764 × 10^298 |
| 159 | aaa_76_28 | 1.84368 × 10^299 |
| 158 | aaa_76_27 | 4.72726 × 10^299 |
| 157 | aaa_76_26 | 1.02554 × 10^300 |
| 156 | aaa_76_25 | 1.96336 × 10^300 |
| 155 | ov_155 | 5.37428 × 10^300 |
| 154 | ov_154 | 1.08672 × 10^301 |
| 153 | ov_153 | 1.92013 × 10^301 |
| 152 | ov_152 | 3.12605 × 10^301 |
| 151 | ov_151 | 4.80537 × 10^301 |
| 150 | ov_150 | 7.07144 × 10^301 |
| 149 | ov_149 | 1.00501 × 10^302 |
| 148 | ov_148 | 1.38799 × 10^302 |
| 147 | ov_147 | 1.87116 × 10^302 |
| 146 | ov_146 | 2.47091 × 10^302 |
| 145 | ov_145 | 3.20487 × 10^302 |
| 144 | ov_144 | 4.09197 × 10^302 |
| 143 | ov_143 | 5.15243 × 10^302 |
| 142 | ov_142 | 6.40781 × 10^302 |
| 141 | ov_141 | 7.88102 × 10^302 |
| 140 | ov_140 | 9.59637 × 10^302 |
| 139 | ov_139 | 1.15795 × 10^303 |
| 138 | ov_138 | 1.38578 × 10^303 |
| 137 | ov_137 | 1.64599 × 10^303 |
| 136 | ov_136 | 1.94162 × 10^303 |
| 135 | ov_135 | 2.27588 × 10^303 |
| 134 | ov_134 | 2.65216 × 10^303 |
| 133 | ov_133 | 3.07404 × 10^303 |
| 132 | ov_132 | 3.54531 × 10^303 |
| 131 | ov_131 | 4.06997 × 10^303 |
| 130 | ov_130 | 4.06997 × 10^303 |
| 129 | ov_129 | 4.06998 × 10^303 |
| 128 | aaa_77_29 | 7.06695 × 10^303 |
| 127 | aaa_77_28 | 2.31934 × 10^304 |
| 126 | ov_126 | 8.26621 × 10^304 |
| 125 | ov_125 | 2.11674 × 10^305 |
| 124 | ov_124 | 4.58664 × 10^305 |
| 123 | ov_123 | 8.87755 × 10^305 |
| 122 | ov_122 | 1.57876 × 10^306 |
| 121 | ov_121 | 2.62718 × 10^306 |
| 120 | ov_120 | 4.14423 × 10^306 |
| 119 | ov_119 | 6.25679 × 10^306 |
| 118 | ov_118 | 9.10749 × 10^306 |
| 117 | ov_117 | 1.28546 × 10^307 |
| 116 | ov_116 | 1.76724 × 10^307 |
| 115 | ov_115 | 2.37508 × 10^307 |
| 114 | ov_114 | 3.12956 × 10^307 |
| 113 | ov_113 | 4.05288 × 10^307 |
| 112 | ov_112 | 5.16883 × 10^307 |
| 111 | ov_111 | 6.50288 × 10^307 |
| 110 | ov_110 | 8.08215 × 10^307 |
| 109 | ov_109 | 9.93544 × 10^307 |
| 108 | ov_108 | 1.20933 × 10^308 |
| 107 | ov_107 | 1.45881 × 10^308 |
| 106 | ov_106 | 1.74542 × 10^308 |
| 105 | ov_105 | 2.07276 × 10^308 |
| 104 | ov_104 | 2.44467 × 10^308 |
| 103 | ov_103 | 2.86516 × 10^308 |
| 102 | ov_102 | 3.33852 × 10^308 |
| 101 | ov_101 | 3.86924 × 10^308 |
| 100 | ov_100 | 4.46209 × 10^308 |
| 99 | ov_099 | 5.12211 × 10^308 |
| 98 | ov_098 | 5.12211 × 10^308 |
| 97 | ov_097 | 5.12213 × 10^308 |
| 96 | aaa_78_29 | 8.89017 × 10^308 |
| 95 | aaa_78_28 | 2.91771 × 10^309 |
| 94 | ov_094 | 1.03988 × 10^310 |
| 93 | ov_093 | 2.66285 × 10^310 |
| 92 | ov_092 | 5.76996 × 10^310 |
| 91 | ov_091 | 1.11679 × 10^311 |
| 90 | ov_090 | 1.98607 × 10^311 |
| 89 | ov_089 | 3.30498 × 10^311 |
| 88 | ov_088 | 5.21341 × 10^311 |
| 87 | ov_087 | 7.87100 × 10^311 |
| 86 | ov_086 | 1.14571 × 10^312 |
| 85 | ov_085 | 1.61711 × 10^312 |
| 84 | ov_084 | 2.22318 × 10^312 |
| 83 | ov_083 | 2.98784 × 10^312 |
| 82 | ov_082 | 3.93697 × 10^312 |
| 81 | ov_081 | 5.09849 × 10^312 |
| 64 | lv_79_m31 | 5.28982 × 10^312 |
| 80 | ov_080 | 6.50236 × 10^312 |
| 79 | ov_079 | 8.18058 × 10^312 |
| 78 | ov_078 | 1.01672 × 10^313 |
| 77 | ov_077 | 1.24987 × 10^313 |
| 76 | ov_076 | 1.52133 × 10^313 |
| 75 | ov_075 | 1.83518 × 10^313 |
| 74 | ov_074 | 2.19573 × 10^313 |
| 73 | ov_073 | 2.60752 × 10^313 |
| 63 | ov_063 | 2.71140 × 10^313 |
| 72 | ov_072 | 3.07537 × 10^313 |
| 71 | ov_071 | 3.60435 × 10^313 |
| 70 | ov_070 | 4.19983 × 10^313 |
| 69 | ov_069 | 4.86747 × 10^313 |
| 68 | ov_068 | 5.61327 × 10^313 |
| 67 | ov_067 | 6.44358 × 10^313 |
| 66 | ov_066 | 6.44358 × 10^313 |
| 65 | ov_065 | 6.44360 × 10^313 |
| 62 | ov_062 | 1.38951 × 10^314 |
| 61 | ov_061 | 5.05998 × 10^314 |
| 60 | ov_060 | 1.44711 × 10^315 |
| 59 | ov_059 | 3.48879 × 10^315 |
| 58 | ov_058 | 7.39752 × 10^315 |
| 57 | ov_057 | 1.41880 × 10^316 |
| 56 | ov_056 | 2.51235 × 10^316 |
| 55 | ov_055 | 4.17153 × 10^316 |
| 54 | ov_054 | 6.57233 × 10^316 |
| 53 | ov_053 | 9.91556 × 10^316 |
| 52 | ov_052 | 1.44269 × 10^317 |
| 51 | ov_051 | 2.03570 × 10^317 |
| 50 | ov_050 | 2.79814 × 10^317 |
| 49 | ov_049 | 3.76007 × 10^317 |
| 48 | ov_048 | 4.95407 × 10^317 |
| 47 | ov_047 | 6.41525 × 10^317 |
| 32 | lv_80_m31 | 6.65455 × 10^317 |
| 46 | ov_046 | 8.18131 × 10^317 |
| 45 | ov_045 | 1.02925 × 10^318 |
| 44 | ov_044 | 1.27917 × 10^318 |
| 43 | ov_043 | 1.57246 × 10^318 |
| 42 | ov_042 | 1.91396 × 10^318 |
| 41 | ov_041 | 2.30878 × 10^318 |
| 40 | ov_040 | 2.76235 × 10^318 |
| 39 | ov_039 | 3.28038 × 10^318 |
| 31 | ov_031 | 3.41093 × 10^318 |
| 38 | ov_038 | 3.86894 × 10^318 |
| 37 | ov_037 | 4.53439 × 10^318 |
| 36 | ov_036 | 5.28350 × 10^318 |
| 35 | ov_035 | 6.12339 × 10^318 |
| 34 | ov_034 | 7.06160 × 10^318 |
| 33 | ov_033 | 8.10611 × 10^318 |
| 30 | ov_030 | 1.74800 × 10^319 |
| 29 | ov_029 | 6.36542 × 10^319 |
| 28 | ov_028 | 1.82046 × 10^320 |
| 27 | ov_027 | 4.38888 × 10^320 |
| 26 | ov_026 | 9.30603 × 10^320 |
| 25 | ov_025 | 1.78485 × 10^321 |
| 24 | ov_024 | 3.16052 × 10^321 |
| 23 | ov_023 | 5.24776 × 10^321 |
| 22 | ov_022 | 8.26794 × 10^321 |
| 21 | ov_021 | 1.24737 × 10^322 |
| 20 | ov_020 | 1.81489 × 10^322 |
| 19 | ov_019 | 2.56089 × 10^322 |
| 18 | ov_018 | 3.52004 × 10^322 |
| 17 | ov_017 | 4.73014 × 10^322 |
| 16 | ov_016 | 6.23218 × 10^322 |
| 15 | ov_015 | 8.07034 × 10^322 |
| 14 | ov_014 | 1.02920 × 10^323 |
| 13 | ov_013 | 1.29478 × 10^323 |
| 12 | ov_012 | 1.60919 × 10^323 |
| 11 | ov_011 | 1.97815 × 10^323 |
| 10 | ov_010 | 2.40775 × 10^323 |
| 9 | ov_009 | 2.90443 × 10^323 |
| 8 | ov_008 | 3.47502 × 10^323 |
| 7 | ov_007 | 4.12670 × 10^323 |
| 6 | ov_006 | 4.86709 × 10^323 |
| 5 | ov_005 | 5.70423 × 10^323 |
| 4 | ov_004 | 6.64660 × 10^323 |
| 3 | ov_003 | 7.70318 × 10^323 |
| 2 | ov_002 | 8.88344 × 10^323 |
| 1 | ov_001 | 1.01974 × 10^324 |

