# Results for T001-T002-F003-F004-F005-T006-T007-F008-T009-F010-F011-T012-F013-F014-F015-T016-F017-F018-F019-F020-T021-F022-F023-T024-F025-T026-F027-T028-T029-F030-F031-F032-F033-F034-T035-F036-T037-T038-F039-F040-T041-T042-T043-F044-F045-F046-F047-F048-F049-F050-F051-F052-F053-F054-F055-F056-T057-F058-T059-F060-F061-T062-T063-T064-F065-T066-T067-T068-T069-T070-F071-T072-T073-T074-T075-T076-T077-T078-F079-F080-F081-F082-F083-F084-F085-F086-F087-T088-T089-F090-T091-F092-F093-F094-F095-T096-T097-F098-T099-F100-T101-F102-F103-T104-T105-T106-T107-F108-T109-T110-T111-T112-T113-T114-T115-T116-F117-T118-F119-T120-T121-F122-F123-F124-F125-T126-F127-F128-F129-T130-F131-F132-T133-F134-T135-T136-F137-F138-T139-T140-F141-T142-F143-T144-T145-T146-F147-F148-T149-T150-T151-F152-T153-T154-F155-F156-F157-T158-F159-T160-F161-F162-F163-T164-F165-T166-T167-F168-T169-F170-T171-T172-F173-F174-T175-F176-T177-T178-T179-T180-T181-F182-T183-T184-T185-F186-T187-F188-F189-T190-F191-T192-T193-F194-F195-F196-T197-F198-F199-T200-F201-T202-F203-F204-F205-F206-T207-F208-F209-F210-F211-T212-F213-T214-T215-T216-F217-T218-T219-F220-F221-F222-F223-F224-T225-F226-T227-T228-T229-T230-F231-F232-F233-F234-F235-T236-T237-T238-T239-T240-F241-T242-F243-F244-T245-T246-T247-T248-F249-T250-F251-T252-F253-T254-F255-F256-T257-F258-F259-F260-T261-F262-F263-T264-F265-F266-F267-T268-T269-F270-T271-F272-T273-F274-F275-F276-T277-F278-F279-T280-F281-F282-F283-T284-F285-T286-T287-F288-T289-T290-T291-F292-F293-T294-T295-F296-T297-F298-T299-T300-T301-T302-T303-F304-F305-F306-F307-F308-T309-T310-F311-T312-F313-T314-T315-F316-T317-F318-T319-F320-F321-F322-T323-F324-F325-F326-F327-F328-F329-T330-F331-F332-T333-T334-T335-F336-F337-T338-F339-T340-F341-F342-T343-T344-F345-T346-F347-T348-F349-F350-T351-T352-F353-T354-F355-F356-T357-F358-F359-F360-F361-T362-T363-T364-T365-T366-T367-F368-F369-T370-F371-F372-T373-F374-T375-T376-F377-T378-F379-F380-T381-F382-F383-F384-T385-F386-T387-F388-T389-F390-F391-F392-F393-T394-F395-T396-T397-T398-T399-T400-T401-T402-T403-F404-T405-F406-F407-F408-F409-F410-F411-T412-T413-F414-T415-F416-T417-T418-T419-T420-F421-F422-T423-F424-F425-T426-F427-F428-T429-F430-F431-T432-F433-T434-T435-T436-F437-F438-F439-F440-F441-T442-T443-T444-F445-F446-F447-F448-F449-F450-T451-F452-T453-T454-F456-T457-T458-F459-F460-F461-T462-F463-F464-F465-T466-F467-T468-F469-F470-F471-F472-F473-T474-T475-T476-F477-F478-F479-F480-F494-F496-F500-T505-T507-T509

## Summary

Number of input bits: 512  
Number of free input bits: 27  
Number of output bits: 160

Number of assignments: 19592  
Number of operations: 47021
(xor: 19948,
and: 13883,
or: 13190)

Total complexity: 6.55053 × 10^324

Least complex input bit: iv_498 (4.85200 × 10^321)  
Most complex input bit: iv_491 (9.79950 × 10^323)

Least complex output bit: aaa_76_29 (5.58855 × 10^298)  
Most complex output bit: ov_001 (1.01446 × 10^324)

Least complex input/output complexity: iv_498/aaa_76_29 (4.13945 × 10^295)  
Most complex input/output complexity: iv_491/ov_001 (1.51762 × 10^323)

## Input Bits

| Input Bit | Complexity | Occurrences |
|:---------:|:----------:|:-----------:|
| iv_455 | 1.57053 × 10^323 | 38 |
| iv_481 | 3.76906 × 10^322 | 49 |
| iv_482 | 1.57053 × 10^323 | 60 |
| iv_483 | 2.07837 × 10^323 | 49 |
| iv_484 | 3.03654 × 10^323 | 49 |
| iv_485 | 4.00044 × 10^323 | 45 |
| iv_486 | 4.96437 × 10^323 | 49 |
| iv_487 | 5.92848 × 10^323 | 49 |
| iv_488 | 6.89310 × 10^323 | 50 |
| iv_489 | 7.85892 × 10^323 | 52 |
| iv_490 | 8.82711 × 10^323 | 34 |
| iv_491 | 9.79950 × 10^323 | 36 |
| iv_492 | 9.79223 × 10^322 | 62 |
| iv_493 | 9.89664 × 10^322 | 58 |
| iv_495 | 1.02602 × 10^323 | 72 |
| iv_497 | 1.09237 × 10^323 | 81 |
| iv_498 | 4.85200 × 10^321 | 78 |
| iv_499 | 6.12533 × 10^321 | 86 |
| iv_501 | 1.69172 × 10^322 | 76 |
| iv_502 | 2.81736 × 10^322 | 64 |
| iv_503 | 4.16330 × 10^322 | 62 |
| iv_504 | 5.75695 × 10^322 | 67 |
| iv_506 | 5.84536 × 10^321 | 75 |
| iv_508 | 2.22562 × 10^322 | 78 |
| iv_510 | 6.09983 × 10^322 | 76 |
| iv_511 | 8.75338 × 10^322 | 64 |
| iv_512 | 1.19420 × 10^323 | 73 |

## Input Bits Sorted by Complexity

| Input Bit | Complexity | Occurrences |
|:---------:|:----------:|:-----------:|
| iv_498 | 4.85200 × 10^321 | 78 |
| iv_506 | 5.84536 × 10^321 | 75 |
| iv_499 | 6.12533 × 10^321 | 86 |
| iv_501 | 1.69172 × 10^322 | 76 |
| iv_508 | 2.22562 × 10^322 | 78 |
| iv_502 | 2.81736 × 10^322 | 64 |
| iv_481 | 3.76906 × 10^322 | 49 |
| iv_503 | 4.16330 × 10^322 | 62 |
| iv_504 | 5.75695 × 10^322 | 67 |
| iv_510 | 6.09983 × 10^322 | 76 |
| iv_511 | 8.75338 × 10^322 | 64 |
| iv_492 | 9.79223 × 10^322 | 62 |
| iv_493 | 9.89664 × 10^322 | 58 |
| iv_495 | 1.02602 × 10^323 | 72 |
| iv_497 | 1.09237 × 10^323 | 81 |
| iv_512 | 1.19420 × 10^323 | 73 |
| iv_482 | 1.57053 × 10^323 | 60 |
| iv_455 | 1.57053 × 10^323 | 38 |
| iv_483 | 2.07837 × 10^323 | 49 |
| iv_484 | 3.03654 × 10^323 | 49 |
| iv_485 | 4.00044 × 10^323 | 45 |
| iv_486 | 4.96437 × 10^323 | 49 |
| iv_487 | 5.92848 × 10^323 | 49 |
| iv_488 | 6.89310 × 10^323 | 50 |
| iv_489 | 7.85892 × 10^323 | 52 |
| iv_490 | 8.82711 × 10^323 | 34 |
| iv_491 | 9.79950 × 10^323 | 36 |

## Input Bits Sorted by Occurrences

| Input Bit | Complexity | Occurrences |
|:---------:|:----------:|:-----------:|
| iv_490 | 8.82711 × 10^323 | 34 |
| iv_491 | 9.79950 × 10^323 | 36 |
| iv_455 | 1.57053 × 10^323 | 38 |
| iv_485 | 4.00044 × 10^323 | 45 |
| iv_487 | 5.92848 × 10^323 | 49 |
| iv_486 | 4.96437 × 10^323 | 49 |
| iv_481 | 3.76906 × 10^322 | 49 |
| iv_484 | 3.03654 × 10^323 | 49 |
| iv_483 | 2.07837 × 10^323 | 49 |
| iv_488 | 6.89310 × 10^323 | 50 |
| iv_489 | 7.85892 × 10^323 | 52 |
| iv_493 | 9.89664 × 10^322 | 58 |
| iv_482 | 1.57053 × 10^323 | 60 |
| iv_503 | 4.16330 × 10^322 | 62 |
| iv_492 | 9.79223 × 10^322 | 62 |
| iv_502 | 2.81736 × 10^322 | 64 |
| iv_511 | 8.75338 × 10^322 | 64 |
| iv_504 | 5.75695 × 10^322 | 67 |
| iv_495 | 1.02602 × 10^323 | 72 |
| iv_512 | 1.19420 × 10^323 | 73 |
| iv_506 | 5.84536 × 10^321 | 75 |
| iv_501 | 1.69172 × 10^322 | 76 |
| iv_510 | 6.09983 × 10^322 | 76 |
| iv_498 | 4.85200 × 10^321 | 78 |
| iv_508 | 2.22562 × 10^322 | 78 |
| iv_497 | 1.09237 × 10^323 | 81 |
| iv_499 | 6.12533 × 10^321 | 86 |

## Output Bits

| Rank | Output Bit | Complexity |
|:----:|:----------:|:----------:|
| 1 | ov_001 | 1.01446 × 10^324 |
| 2 | ov_002 | 8.83744 × 10^323 |
| 3 | ov_003 | 7.66329 × 10^323 |
| 4 | ov_004 | 6.61219 × 10^323 |
| 5 | ov_005 | 5.67469 × 10^323 |
| 6 | ov_006 | 4.84189 × 10^323 |
| 7 | ov_007 | 4.10533 × 10^323 |
| 8 | ov_008 | 3.45702 × 10^323 |
| 9 | ov_009 | 2.88939 × 10^323 |
| 10 | ov_010 | 2.39528 × 10^323 |
| 11 | ov_011 | 1.96790 × 10^323 |
| 12 | ov_012 | 1.60086 × 10^323 |
| 13 | ov_013 | 1.28808 × 10^323 |
| 14 | ov_014 | 1.02387 × 10^323 |
| 15 | ov_015 | 8.02855 × 10^322 |
| 16 | ov_016 | 6.19991 × 10^322 |
| 17 | ov_017 | 4.70564 × 10^322 |
| 18 | ov_018 | 3.50181 × 10^322 |
| 19 | ov_019 | 2.54763 × 10^322 |
| 20 | ov_020 | 1.80549 × 10^322 |
| 21 | ov_021 | 1.24091 × 10^322 |
| 22 | ov_022 | 8.22513 × 10^321 |
| 23 | ov_023 | 5.22059 × 10^321 |
| 24 | ov_024 | 3.14416 × 10^321 |
| 25 | ov_025 | 1.77560 × 10^321 |
| 26 | ov_026 | 9.25784 × 10^320 |
| 27 | ov_027 | 4.36615 × 10^320 |
| 28 | ov_028 | 1.81103 × 10^320 |
| 29 | ov_029 | 6.33246 × 10^319 |
| 30 | ov_030 | 1.73895 × 10^319 |
| 31 | ov_031 | 3.39326 × 10^318 |
| 32 | lv_80_m31 | 6.62010 × 10^317 |
| 33 | ov_033 | 8.06414 × 10^318 |
| 34 | ov_034 | 7.02503 × 10^318 |
| 35 | ov_035 | 6.09168 × 10^318 |
| 36 | ov_036 | 5.25614 × 10^318 |
| 37 | ov_037 | 4.51091 × 10^318 |
| 38 | ov_038 | 3.84890 × 10^318 |
| 39 | ov_039 | 3.26340 × 10^318 |
| 40 | ov_040 | 2.74804 × 10^318 |
| 41 | ov_041 | 2.29683 × 10^318 |
| 42 | ov_042 | 1.90405 × 10^318 |
| 43 | ov_043 | 1.56432 × 10^318 |
| 44 | ov_044 | 1.27255 × 10^318 |
| 45 | ov_045 | 1.02392 × 10^318 |
| 46 | ov_046 | 8.13894 × 10^317 |
| 47 | ov_047 | 6.38203 × 10^317 |
| 48 | ov_048 | 4.92841 × 10^317 |
| 49 | ov_049 | 3.74060 × 10^317 |
| 50 | ov_050 | 2.78365 × 10^317 |
| 51 | ov_051 | 2.02516 × 10^317 |
| 52 | ov_052 | 1.43522 × 10^317 |
| 53 | ov_053 | 9.86421 × 10^316 |
| 54 | ov_054 | 6.53829 × 10^316 |
| 55 | ov_055 | 4.14993 × 10^316 |
| 56 | ov_056 | 2.49934 × 10^316 |
| 57 | ov_057 | 1.41146 × 10^316 |
| 58 | ov_058 | 7.35922 × 10^315 |
| 59 | ov_059 | 3.47073 × 10^315 |
| 60 | ov_060 | 1.43962 × 10^315 |
| 61 | ov_061 | 5.03378 × 10^314 |
| 62 | ov_062 | 1.38232 × 10^314 |
| 63 | ov_063 | 2.69736 × 10^313 |
| 64 | lv_79_m31 | 5.26243 × 10^312 |
| 65 | ov_065 | 6.41023 × 10^313 |
| 66 | ov_066 | 6.41022 × 10^313 |
| 67 | ov_067 | 6.41021 × 10^313 |
| 68 | ov_068 | 5.58421 × 10^313 |
| 69 | ov_069 | 4.84227 × 10^313 |
| 70 | ov_070 | 4.17808 × 10^313 |
| 71 | ov_071 | 3.58569 × 10^313 |
| 72 | ov_072 | 3.05945 × 10^313 |
| 73 | ov_073 | 2.59402 × 10^313 |
| 74 | ov_074 | 2.18436 × 10^313 |
| 75 | ov_075 | 1.82568 × 10^313 |
| 76 | ov_076 | 1.51345 × 10^313 |
| 77 | ov_077 | 1.24339 × 10^313 |
| 78 | ov_078 | 1.01146 × 10^313 |
| 79 | ov_079 | 8.13822 × 10^312 |
| 80 | ov_080 | 6.46868 × 10^312 |
| 81 | ov_081 | 5.07209 × 10^312 |
| 82 | ov_082 | 3.91658 × 10^312 |
| 83 | ov_083 | 2.97236 × 10^312 |
| 84 | ov_084 | 2.21167 × 10^312 |
| 85 | ov_085 | 1.60873 × 10^312 |
| 86 | ov_086 | 1.13978 × 10^312 |
| 87 | ov_087 | 7.83024 × 10^311 |
| 88 | ov_088 | 5.18641 × 10^311 |
| 89 | ov_089 | 3.28786 × 10^311 |
| 90 | ov_090 | 1.97578 × 10^311 |
| 91 | ov_091 | 1.11100 × 10^311 |
| 92 | ov_092 | 5.74008 × 10^310 |
| 93 | ov_093 | 2.64906 × 10^310 |
| 94 | ov_094 | 1.03449 × 10^310 |
| 95 | aaa_78_28 | 2.90261 × 10^309 |
| 96 | aaa_78_29 | 8.84413 × 10^308 |
| 97 | ov_097 | 5.09560 × 10^308 |
| 98 | ov_098 | 5.09559 × 10^308 |
| 99 | ov_099 | 5.09559 × 10^308 |
| 100 | ov_100 | 4.43898 × 10^308 |
| 101 | ov_101 | 3.84920 × 10^308 |
| 102 | ov_102 | 3.32123 × 10^308 |
| 103 | ov_103 | 2.85033 × 10^308 |
| 104 | ov_104 | 2.43201 × 10^308 |
| 105 | ov_105 | 2.06203 × 10^308 |
| 106 | ov_106 | 1.73638 × 10^308 |
| 107 | ov_107 | 1.45126 × 10^308 |
| 108 | ov_108 | 1.20307 × 10^308 |
| 109 | ov_109 | 9.88399 × 10^307 |
| 110 | ov_110 | 8.04029 × 10^307 |
| 111 | ov_111 | 6.46921 × 10^307 |
| 112 | ov_112 | 5.14207 × 10^307 |
| 113 | ov_113 | 4.03189 × 10^307 |
| 114 | ov_114 | 3.11336 × 10^307 |
| 115 | ov_115 | 2.36278 × 10^307 |
| 116 | ov_116 | 1.75809 × 10^307 |
| 117 | ov_117 | 1.27881 × 10^307 |
| 118 | ov_118 | 9.06033 × 10^306 |
| 119 | ov_119 | 6.22439 × 10^306 |
| 120 | ov_120 | 4.12277 × 10^306 |
| 121 | ov_121 | 2.61358 × 10^306 |
| 122 | ov_122 | 1.57058 × 10^306 |
| 123 | ov_123 | 8.83158 × 10^305 |
| 124 | ov_124 | 4.56289 × 10^305 |
| 125 | ov_125 | 2.10578 × 10^305 |
| 126 | ov_126 | 8.22341 × 10^304 |
| 127 | aaa_77_28 | 2.30733 × 10^304 |
| 128 | aaa_77_29 | 7.03035 × 10^303 |
| 129 | ov_129 | 4.04891 × 10^303 |
| 130 | ov_130 | 4.04890 × 10^303 |
| 131 | ov_131 | 4.04889 × 10^303 |
| 132 | ov_132 | 3.52695 × 10^303 |
| 133 | ov_133 | 3.05812 × 10^303 |
| 134 | ov_134 | 2.63843 × 10^303 |
| 135 | ov_135 | 2.26410 × 10^303 |
| 136 | ov_136 | 1.93157 × 10^303 |
| 137 | ov_137 | 1.63747 × 10^303 |
| 138 | ov_138 | 1.37860 × 10^303 |
| 139 | ov_139 | 1.15196 × 10^303 |
| 140 | ov_140 | 9.54668 × 10^302 |
| 141 | ov_141 | 7.84021 × 10^302 |
| 142 | ov_142 | 6.37463 × 10^302 |
| 143 | ov_143 | 5.12575 × 10^302 |
| 144 | ov_144 | 4.07078 × 10^302 |
| 145 | ov_145 | 3.18828 × 10^302 |
| 146 | ov_146 | 2.45812 × 10^302 |
| 147 | ov_147 | 1.86148 × 10^302 |
| 148 | ov_148 | 1.38080 × 10^302 |
| 149 | ov_149 | 9.99810 × 10^301 |
| 150 | ov_150 | 7.03482 × 10^301 |
| 151 | ov_151 | 4.78048 × 10^301 |
| 152 | ov_152 | 3.10987 × 10^301 |
| 153 | ov_153 | 1.91018 × 10^301 |
| 154 | ov_154 | 1.08109 × 10^301 |
| 155 | ov_155 | 5.34645 × 10^300 |
| 156 | aaa_76_25 | 1.95319 × 10^300 |
| 157 | aaa_76_26 | 1.02023 × 10^300 |
| 158 | aaa_76_27 | 4.70279 × 10^299 |
| 159 | aaa_76_28 | 1.83414 × 10^299 |
| 160 | aaa_76_29 | 5.58855 × 10^298 |

## Output Bits Sorted by Complexity

| Rank | Output Bit | Complexity |
|:----:|:----------:|:----------:|
| 160 | aaa_76_29 | 5.58855 × 10^298 |
| 159 | aaa_76_28 | 1.83414 × 10^299 |
| 158 | aaa_76_27 | 4.70279 × 10^299 |
| 157 | aaa_76_26 | 1.02023 × 10^300 |
| 156 | aaa_76_25 | 1.95319 × 10^300 |
| 155 | ov_155 | 5.34645 × 10^300 |
| 154 | ov_154 | 1.08109 × 10^301 |
| 153 | ov_153 | 1.91018 × 10^301 |
| 152 | ov_152 | 3.10987 × 10^301 |
| 151 | ov_151 | 4.78048 × 10^301 |
| 150 | ov_150 | 7.03482 × 10^301 |
| 149 | ov_149 | 9.99810 × 10^301 |
| 148 | ov_148 | 1.38080 × 10^302 |
| 147 | ov_147 | 1.86148 × 10^302 |
| 146 | ov_146 | 2.45812 × 10^302 |
| 145 | ov_145 | 3.18828 × 10^302 |
| 144 | ov_144 | 4.07078 × 10^302 |
| 143 | ov_143 | 5.12575 × 10^302 |
| 142 | ov_142 | 6.37463 × 10^302 |
| 141 | ov_141 | 7.84021 × 10^302 |
| 140 | ov_140 | 9.54668 × 10^302 |
| 139 | ov_139 | 1.15196 × 10^303 |
| 138 | ov_138 | 1.37860 × 10^303 |
| 137 | ov_137 | 1.63747 × 10^303 |
| 136 | ov_136 | 1.93157 × 10^303 |
| 135 | ov_135 | 2.26410 × 10^303 |
| 134 | ov_134 | 2.63843 × 10^303 |
| 133 | ov_133 | 3.05812 × 10^303 |
| 132 | ov_132 | 3.52695 × 10^303 |
| 131 | ov_131 | 4.04889 × 10^303 |
| 130 | ov_130 | 4.04890 × 10^303 |
| 129 | ov_129 | 4.04891 × 10^303 |
| 128 | aaa_77_29 | 7.03035 × 10^303 |
| 127 | aaa_77_28 | 2.30733 × 10^304 |
| 126 | ov_126 | 8.22341 × 10^304 |
| 125 | ov_125 | 2.10578 × 10^305 |
| 124 | ov_124 | 4.56289 × 10^305 |
| 123 | ov_123 | 8.83158 × 10^305 |
| 122 | ov_122 | 1.57058 × 10^306 |
| 121 | ov_121 | 2.61358 × 10^306 |
| 120 | ov_120 | 4.12277 × 10^306 |
| 119 | ov_119 | 6.22439 × 10^306 |
| 118 | ov_118 | 9.06033 × 10^306 |
| 117 | ov_117 | 1.27881 × 10^307 |
| 116 | ov_116 | 1.75809 × 10^307 |
| 115 | ov_115 | 2.36278 × 10^307 |
| 114 | ov_114 | 3.11336 × 10^307 |
| 113 | ov_113 | 4.03189 × 10^307 |
| 112 | ov_112 | 5.14207 × 10^307 |
| 111 | ov_111 | 6.46921 × 10^307 |
| 110 | ov_110 | 8.04029 × 10^307 |
| 109 | ov_109 | 9.88399 × 10^307 |
| 108 | ov_108 | 1.20307 × 10^308 |
| 107 | ov_107 | 1.45126 × 10^308 |
| 106 | ov_106 | 1.73638 × 10^308 |
| 105 | ov_105 | 2.06203 × 10^308 |
| 104 | ov_104 | 2.43201 × 10^308 |
| 103 | ov_103 | 2.85033 × 10^308 |
| 102 | ov_102 | 3.32123 × 10^308 |
| 101 | ov_101 | 3.84920 × 10^308 |
| 100 | ov_100 | 4.43898 × 10^308 |
| 99 | ov_099 | 5.09559 × 10^308 |
| 98 | ov_098 | 5.09559 × 10^308 |
| 97 | ov_097 | 5.09560 × 10^308 |
| 96 | aaa_78_29 | 8.84413 × 10^308 |
| 95 | aaa_78_28 | 2.90261 × 10^309 |
| 94 | ov_094 | 1.03449 × 10^310 |
| 93 | ov_093 | 2.64906 × 10^310 |
| 92 | ov_092 | 5.74008 × 10^310 |
| 91 | ov_091 | 1.11100 × 10^311 |
| 90 | ov_090 | 1.97578 × 10^311 |
| 89 | ov_089 | 3.28786 × 10^311 |
| 88 | ov_088 | 5.18641 × 10^311 |
| 87 | ov_087 | 7.83024 × 10^311 |
| 86 | ov_086 | 1.13978 × 10^312 |
| 85 | ov_085 | 1.60873 × 10^312 |
| 84 | ov_084 | 2.21167 × 10^312 |
| 83 | ov_083 | 2.97236 × 10^312 |
| 82 | ov_082 | 3.91658 × 10^312 |
| 81 | ov_081 | 5.07209 × 10^312 |
| 64 | lv_79_m31 | 5.26243 × 10^312 |
| 80 | ov_080 | 6.46868 × 10^312 |
| 79 | ov_079 | 8.13822 × 10^312 |
| 78 | ov_078 | 1.01146 × 10^313 |
| 77 | ov_077 | 1.24339 × 10^313 |
| 76 | ov_076 | 1.51345 × 10^313 |
| 75 | ov_075 | 1.82568 × 10^313 |
| 74 | ov_074 | 2.18436 × 10^313 |
| 73 | ov_073 | 2.59402 × 10^313 |
| 63 | ov_063 | 2.69736 × 10^313 |
| 72 | ov_072 | 3.05945 × 10^313 |
| 71 | ov_071 | 3.58569 × 10^313 |
| 70 | ov_070 | 4.17808 × 10^313 |
| 69 | ov_069 | 4.84227 × 10^313 |
| 68 | ov_068 | 5.58421 × 10^313 |
| 67 | ov_067 | 6.41021 × 10^313 |
| 66 | ov_066 | 6.41022 × 10^313 |
| 65 | ov_065 | 6.41023 × 10^313 |
| 62 | ov_062 | 1.38232 × 10^314 |
| 61 | ov_061 | 5.03378 × 10^314 |
| 60 | ov_060 | 1.43962 × 10^315 |
| 59 | ov_059 | 3.47073 × 10^315 |
| 58 | ov_058 | 7.35922 × 10^315 |
| 57 | ov_057 | 1.41146 × 10^316 |
| 56 | ov_056 | 2.49934 × 10^316 |
| 55 | ov_055 | 4.14993 × 10^316 |
| 54 | ov_054 | 6.53829 × 10^316 |
| 53 | ov_053 | 9.86421 × 10^316 |
| 52 | ov_052 | 1.43522 × 10^317 |
| 51 | ov_051 | 2.02516 × 10^317 |
| 50 | ov_050 | 2.78365 × 10^317 |
| 49 | ov_049 | 3.74060 × 10^317 |
| 48 | ov_048 | 4.92841 × 10^317 |
| 47 | ov_047 | 6.38203 × 10^317 |
| 32 | lv_80_m31 | 6.62010 × 10^317 |
| 46 | ov_046 | 8.13894 × 10^317 |
| 45 | ov_045 | 1.02392 × 10^318 |
| 44 | ov_044 | 1.27255 × 10^318 |
| 43 | ov_043 | 1.56432 × 10^318 |
| 42 | ov_042 | 1.90405 × 10^318 |
| 41 | ov_041 | 2.29683 × 10^318 |
| 40 | ov_040 | 2.74804 × 10^318 |
| 39 | ov_039 | 3.26340 × 10^318 |
| 31 | ov_031 | 3.39326 × 10^318 |
| 38 | ov_038 | 3.84890 × 10^318 |
| 37 | ov_037 | 4.51091 × 10^318 |
| 36 | ov_036 | 5.25614 × 10^318 |
| 35 | ov_035 | 6.09168 × 10^318 |
| 34 | ov_034 | 7.02503 × 10^318 |
| 33 | ov_033 | 8.06414 × 10^318 |
| 30 | ov_030 | 1.73895 × 10^319 |
| 29 | ov_029 | 6.33246 × 10^319 |
| 28 | ov_028 | 1.81103 × 10^320 |
| 27 | ov_027 | 4.36615 × 10^320 |
| 26 | ov_026 | 9.25784 × 10^320 |
| 25 | ov_025 | 1.77560 × 10^321 |
| 24 | ov_024 | 3.14416 × 10^321 |
| 23 | ov_023 | 5.22059 × 10^321 |
| 22 | ov_022 | 8.22513 × 10^321 |
| 21 | ov_021 | 1.24091 × 10^322 |
| 20 | ov_020 | 1.80549 × 10^322 |
| 19 | ov_019 | 2.54763 × 10^322 |
| 18 | ov_018 | 3.50181 × 10^322 |
| 17 | ov_017 | 4.70564 × 10^322 |
| 16 | ov_016 | 6.19991 × 10^322 |
| 15 | ov_015 | 8.02855 × 10^322 |
| 14 | ov_014 | 1.02387 × 10^323 |
| 13 | ov_013 | 1.28808 × 10^323 |
| 12 | ov_012 | 1.60086 × 10^323 |
| 11 | ov_011 | 1.96790 × 10^323 |
| 10 | ov_010 | 2.39528 × 10^323 |
| 9 | ov_009 | 2.88939 × 10^323 |
| 8 | ov_008 | 3.45702 × 10^323 |
| 7 | ov_007 | 4.10533 × 10^323 |
| 6 | ov_006 | 4.84189 × 10^323 |
| 5 | ov_005 | 5.67469 × 10^323 |
| 4 | ov_004 | 6.61219 × 10^323 |
| 3 | ov_003 | 7.66329 × 10^323 |
| 2 | ov_002 | 8.83744 × 10^323 |
| 1 | ov_001 | 1.01446 × 10^324 |

