# Results for T001-T002-F003-F004-F005-T006-T007-F008-T009-F010-F011-T012-F013-F014-F015-T016-F017-F018-F019-F020-T021-F022-F023-T024-F025-T026-F027-T028-T029-F030-F031-F032-F033-F034-T035-F036-T037-T038-F039-F040-T041-T042-T043-F044-F045-F046-F047-F048-F049-F050-F051-F052-F053-F054-F055-F056-T057-F058-T059-F060-F061-T062-T063-T064-F065-T066-T067-T068-T069-T070-F071-T072-T073-T074-T075-T076-T077-T078-F079-F080-F081-F082-F083-F084-F085-F086-F087-T088-T089-F090-T091-F092-F093-F094-F095-T096-T097-F098-T099-F100-T101-F102-F103-T104-T105-T106-T107-F108-T109-T110-T111-T112-T113-T114-T115-T116-F117-T118-F119-T120-T121-F122-F123-F124-F125-T126-F127-F128-F129-T130-F131-F132-T133-F134-T135-T136-F137-F138-T139-T140-F141-T142-F143-T144-T145-T146-F147-F148-T149-T150-T151-F152-T153-T154-F155-F156-F157-T158-F159-T160-F161-F162-F163-T164-F165-T166-T167-F168-T169-F170-T171-T172-F173-F174-T175-F176-T177-T178-T179-T180-T181-F182-T183-T184-T185-F186-T187-F188-F189-T190-F191-T192-T193-F194-F195-F196-T197-F198-F199-T200-F201-T202-F203-F204-F205-F206-T207-F208-F209-F210-F211-T212-F213-T214-T215-T216-F217-T218-T219-F220-F221-F222-F223-F224-T225-F226-T227-T228-T229-T230-F231-F232-F233-F234-F235-T236-T237-T238-T239-T240-F241-T242-F243-F244-T245-T246-T247-T248-F249-T250-F251-T252-F253-T254-F255-F256-T257-F258-F259-F260-T261-F262-F263-T264-F265-F266-F267-T268-T269-F270-T271-F272-T273-F274-F275-F276-T277-F278-F279-T280-F281-F282-F283-T284-F285-T286-T287-F288-T289-T290-T291-F292-F293-T294-T295-F296-T297-F298-T299-T300-T301-T302-T303-F304-F305-F306-F307-F308-T309-T310-F311-T312-F313-T314-T315-F316-T317-F318-T319-F320-F321-F322-T323-F324-F325-F326-F327-F328-F329-T330-F331-F332-T333-T334-T335-F336-F337-T338-F339-T340-F341-F342-T343-T344-F345-T346-F347-T348-F349-F350-T351-T352-F353-T354-F355-F356-T357-F358-F359-F360-F361-T362-T363-T364-T365-T366-T367-F368-F369-T370-F371-F372-T373-F374-T375-T376-F377-T378-F379-F380-T381-F382-F383-F384-T385-F386-T387-F388-T389-F390-F391-F392-F393-T394-F395-T396-T397-T398-T399-T400-T401-T402-T403-F404-T405-F406-F407-F408-F409-F410-F411-T412-T413-F414-T415-F416-T417-T418-T419-T420-F421-F422-T423-F424-F425-T426-F427-F428-T429-F430-F431-T432-F433-T434-T435-T436-F437-F438-F439-F440-F441-T442-T443-T444-F445-F446-F447-F448-F449-F450-T451-F452-T453-T454-F456-T458-F459-F460-F461-F463-F464-F465-T466-F467-T468-F469-F470-F471-F472-F473-T474-T475-T476-F477-F478-F479-F480-F509

## Summary

Number of input bits: 512  
Number of free input bits: 34  
Number of output bits: 160

Number of assignments: 19764  
Number of operations: 47921
(xor: 20474,
and: 14070,
or: 13377)

Total complexity: 7.48696 × 10^326

Least complex input bit: iv_481 (6.57749 × 10^323)  
Most complex input bit: iv_508 (5.05202 × 10^325)

Least complex output bit: aaa_76_29 (6.38745 × 10^300)  
Most complex output bit: ov_001 (1.15948 × 10^326)

Least complex input/output complexity: iv_481/aaa_76_29 (5.61154 × 10^297)  
Most complex input/output complexity: iv_508/ov_001 (7.82393 × 10^324)

## Input Bits

| Input Bit | Complexity | Occurrences |
|:---------:|:----------:|:-----------:|
| iv_455 | 4.68969 × 10^324 | 28 |
| iv_457 | 1.73352 × 10^325 | 41 |
| iv_462 | 4.55707 × 10^325 | 41 |
| iv_481 | 6.57749 × 10^323 | 49 |
| iv_482 | 2.70838 × 10^324 | 60 |
| iv_483 | 3.52727 × 10^324 | 49 |
| iv_484 | 8.62162 × 10^324 | 50 |
| iv_485 | 6.66854 × 10^324 | 45 |
| iv_486 | 8.24278 × 10^324 | 49 |
| iv_487 | 9.81723 × 10^324 | 45 |
| iv_488 | 2.12095 × 10^325 | 51 |
| iv_489 | 2.43611 × 10^325 | 53 |
| iv_490 | 1.45483 × 10^325 | 34 |
| iv_491 | 1.61358 × 10^325 | 34 |
| iv_492 | 1.77317 × 10^325 | 30 |
| iv_493 | 1.93405 × 10^325 | 34 |
| iv_494 | 2.09678 × 10^325 | 52 |
| iv_495 | 2.26211 × 10^325 | 52 |
| iv_496 | 2.43095 × 10^325 | 52 |
| iv_497 | 2.60441 × 10^325 | 34 |
| iv_498 | 2.78381 × 10^325 | 34 |
| iv_499 | 2.97072 × 10^325 | 52 |
| iv_500 | 3.16695 × 10^325 | 52 |
| iv_501 | 3.37458 × 10^325 | 52 |
| iv_502 | 3.59600 × 10^325 | 52 |
| iv_503 | 3.83391 × 10^325 | 52 |
| iv_504 | 4.09134 × 10^325 | 52 |
| iv_505 | 4.37168 × 10^325 | 52 |
| iv_506 | 4.67869 × 10^325 | 52 |
| iv_507 | 5.01657 × 10^325 | 62 |
| iv_508 | 5.05202 × 10^325 | 68 |
| iv_510 | 8.65357 × 10^323 | 64 |
| iv_511 | 1.38599 × 10^324 | 64 |
| iv_512 | 1.97238 × 10^324 | 61 |

## Input Bits Sorted by Complexity

| Input Bit | Complexity | Occurrences |
|:---------:|:----------:|:-----------:|
| iv_481 | 6.57749 × 10^323 | 49 |
| iv_510 | 8.65357 × 10^323 | 64 |
| iv_511 | 1.38599 × 10^324 | 64 |
| iv_512 | 1.97238 × 10^324 | 61 |
| iv_482 | 2.70838 × 10^324 | 60 |
| iv_483 | 3.52727 × 10^324 | 49 |
| iv_455 | 4.68969 × 10^324 | 28 |
| iv_485 | 6.66854 × 10^324 | 45 |
| iv_486 | 8.24278 × 10^324 | 49 |
| iv_484 | 8.62162 × 10^324 | 50 |
| iv_487 | 9.81723 × 10^324 | 45 |
| iv_490 | 1.45483 × 10^325 | 34 |
| iv_491 | 1.61358 × 10^325 | 34 |
| iv_457 | 1.73352 × 10^325 | 41 |
| iv_492 | 1.77317 × 10^325 | 30 |
| iv_493 | 1.93405 × 10^325 | 34 |
| iv_494 | 2.09678 × 10^325 | 52 |
| iv_488 | 2.12095 × 10^325 | 51 |
| iv_495 | 2.26211 × 10^325 | 52 |
| iv_496 | 2.43095 × 10^325 | 52 |
| iv_489 | 2.43611 × 10^325 | 53 |
| iv_497 | 2.60441 × 10^325 | 34 |
| iv_498 | 2.78381 × 10^325 | 34 |
| iv_499 | 2.97072 × 10^325 | 52 |
| iv_500 | 3.16695 × 10^325 | 52 |
| iv_501 | 3.37458 × 10^325 | 52 |
| iv_502 | 3.59600 × 10^325 | 52 |
| iv_503 | 3.83391 × 10^325 | 52 |
| iv_504 | 4.09134 × 10^325 | 52 |
| iv_505 | 4.37168 × 10^325 | 52 |
| iv_462 | 4.55707 × 10^325 | 41 |
| iv_506 | 4.67869 × 10^325 | 52 |
| iv_507 | 5.01657 × 10^325 | 62 |
| iv_508 | 5.05202 × 10^325 | 68 |

## Input Bits Sorted by Occurrences

| Input Bit | Complexity | Occurrences |
|:---------:|:----------:|:-----------:|
| iv_455 | 4.68969 × 10^324 | 28 |
| iv_492 | 1.77317 × 10^325 | 30 |
| iv_491 | 1.61358 × 10^325 | 34 |
| iv_490 | 1.45483 × 10^325 | 34 |
| iv_498 | 2.78381 × 10^325 | 34 |
| iv_497 | 2.60441 × 10^325 | 34 |
| iv_493 | 1.93405 × 10^325 | 34 |
| iv_457 | 1.73352 × 10^325 | 41 |
| iv_462 | 4.55707 × 10^325 | 41 |
| iv_485 | 6.66854 × 10^324 | 45 |
| iv_487 | 9.81723 × 10^324 | 45 |
| iv_486 | 8.24278 × 10^324 | 49 |
| iv_481 | 6.57749 × 10^323 | 49 |
| iv_483 | 3.52727 × 10^324 | 49 |
| iv_484 | 8.62162 × 10^324 | 50 |
| iv_488 | 2.12095 × 10^325 | 51 |
| iv_503 | 3.83391 × 10^325 | 52 |
| iv_506 | 4.67869 × 10^325 | 52 |
| iv_502 | 3.59600 × 10^325 | 52 |
| iv_501 | 3.37458 × 10^325 | 52 |
| iv_494 | 2.09678 × 10^325 | 52 |
| iv_495 | 2.26211 × 10^325 | 52 |
| iv_500 | 3.16695 × 10^325 | 52 |
| iv_496 | 2.43095 × 10^325 | 52 |
| iv_505 | 4.37168 × 10^325 | 52 |
| iv_499 | 2.97072 × 10^325 | 52 |
| iv_504 | 4.09134 × 10^325 | 52 |
| iv_489 | 2.43611 × 10^325 | 53 |
| iv_482 | 2.70838 × 10^324 | 60 |
| iv_512 | 1.97238 × 10^324 | 61 |
| iv_507 | 5.01657 × 10^325 | 62 |
| iv_510 | 8.65357 × 10^323 | 64 |
| iv_511 | 1.38599 × 10^324 | 64 |
| iv_508 | 5.05202 × 10^325 | 68 |

## Output Bits

| Rank | Output Bit | Complexity |
|:----:|:----------:|:----------:|
| 1 | ov_001 | 1.15948 × 10^326 |
| 2 | ov_002 | 1.01007 × 10^326 |
| 3 | ov_003 | 8.75878 × 10^325 |
| 4 | ov_004 | 7.55742 × 10^325 |
| 5 | ov_005 | 6.48591 × 10^325 |
| 6 | ov_006 | 5.53406 × 10^325 |
| 7 | ov_007 | 4.69220 × 10^325 |
| 8 | ov_008 | 3.95122 × 10^325 |
| 9 | ov_009 | 3.30244 × 10^325 |
| 10 | ov_010 | 2.73770 × 10^325 |
| 11 | ov_011 | 2.24923 × 10^325 |
| 12 | ov_012 | 1.82971 × 10^325 |
| 13 | ov_013 | 1.47222 × 10^325 |
| 14 | ov_014 | 1.17024 × 10^325 |
| 15 | ov_015 | 9.17626 × 10^324 |
| 16 | ov_016 | 7.08621 × 10^324 |
| 17 | ov_017 | 5.37833 × 10^324 |
| 18 | ov_018 | 4.00241 × 10^324 |
| 19 | ov_019 | 2.91183 × 10^324 |
| 20 | ov_020 | 2.06360 × 10^324 |
| 21 | ov_021 | 1.41830 × 10^324 |
| 22 | ov_022 | 9.40094 × 10^323 |
| 23 | ov_023 | 5.96689 × 10^323 |
| 24 | ov_024 | 3.59363 × 10^323 |
| 25 | ov_025 | 2.02943 × 10^323 |
| 26 | ov_026 | 1.05812 × 10^323 |
| 27 | ov_027 | 4.99031 × 10^322 |
| 28 | ov_028 | 2.06993 × 10^322 |
| 29 | ov_029 | 7.23771 × 10^321 |
| 30 | ov_030 | 1.98754 × 10^321 |
| 31 | ov_031 | 3.87834 × 10^320 |
| 32 | lv_80_m31 | 7.56646 × 10^319 |
| 33 | ov_033 | 9.21694 × 10^320 |
| 34 | ov_034 | 8.02929 × 10^320 |
| 35 | ov_035 | 6.96251 × 10^320 |
| 36 | ov_036 | 6.00752 × 10^320 |
| 37 | ov_037 | 5.15576 × 10^320 |
| 38 | ov_038 | 4.39912 × 10^320 |
| 39 | ov_039 | 3.72991 × 10^320 |
| 40 | ov_040 | 3.14089 × 10^320 |
| 41 | ov_041 | 2.62517 × 10^320 |
| 42 | ov_042 | 2.17624 × 10^320 |
| 43 | ov_043 | 1.78795 × 10^320 |
| 44 | ov_044 | 1.45446 × 10^320 |
| 45 | ov_045 | 1.17029 × 10^320 |
| 46 | ov_046 | 9.30243 × 10^319 |
| 47 | ov_047 | 7.29437 × 10^319 |
| 48 | ov_048 | 5.63295 × 10^319 |
| 49 | ov_049 | 4.27533 × 10^319 |
| 50 | ov_050 | 3.18158 × 10^319 |
| 51 | ov_051 | 2.31466 × 10^319 |
| 52 | ov_052 | 1.64039 × 10^319 |
| 53 | ov_053 | 1.12743 × 10^319 |
| 54 | ov_054 | 7.47297 × 10^318 |
| 55 | ov_055 | 4.74318 × 10^318 |
| 56 | ov_056 | 2.85663 × 10^318 |
| 57 | ov_057 | 1.61323 × 10^318 |
| 58 | ov_058 | 8.41125 × 10^317 |
| 59 | ov_059 | 3.96688 × 10^317 |
| 60 | ov_060 | 1.64542 × 10^317 |
| 61 | ov_061 | 5.75338 × 10^316 |
| 62 | ov_062 | 1.57993 × 10^316 |
| 63 | ov_063 | 3.08296 × 10^315 |
| 64 | lv_79_m31 | 6.01471 × 10^314 |
| 65 | ov_065 | 7.32660 × 10^315 |
| 66 | ov_066 | 7.32658 × 10^315 |
| 67 | ov_067 | 7.32658 × 10^315 |
| 68 | ov_068 | 6.38249 × 10^315 |
| 69 | ov_069 | 5.53449 × 10^315 |
| 70 | ov_070 | 4.77536 × 10^315 |
| 71 | ov_071 | 4.09828 × 10^315 |
| 72 | ov_072 | 3.49681 × 10^315 |
| 73 | ov_073 | 2.96485 × 10^315 |
| 74 | ov_074 | 2.49662 × 10^315 |
| 75 | ov_075 | 2.08666 × 10^315 |
| 76 | ov_076 | 1.72980 × 10^315 |
| 77 | ov_077 | 1.42114 × 10^315 |
| 78 | ov_078 | 1.15605 × 10^315 |
| 79 | ov_079 | 9.30161 × 10^314 |
| 80 | ov_080 | 7.39341 × 10^314 |
| 81 | ov_081 | 5.79716 × 10^314 |
| 82 | ov_082 | 4.47647 × 10^314 |
| 83 | ov_083 | 3.39727 × 10^314 |
| 84 | ov_084 | 2.52784 × 10^314 |
| 85 | ov_085 | 1.83871 × 10^314 |
| 86 | ov_086 | 1.30272 × 10^314 |
| 87 | ov_087 | 8.94961 × 10^313 |
| 88 | ov_088 | 5.92783 × 10^313 |
| 89 | ov_089 | 3.75788 × 10^313 |
| 90 | ov_090 | 2.25823 × 10^313 |
| 91 | ov_091 | 1.26982 × 10^313 |
| 92 | ov_092 | 6.56065 × 10^312 |
| 93 | ov_093 | 3.02775 × 10^312 |
| 94 | ov_094 | 1.18238 × 10^312 |
| 95 | aaa_78_28 | 3.31754 × 10^311 |
| 96 | aaa_78_29 | 1.01084 × 10^311 |
| 97 | ov_097 | 5.82404 × 10^310 |
| 98 | ov_098 | 5.82402 × 10^310 |
| 99 | ov_099 | 5.82402 × 10^310 |
| 100 | ov_100 | 5.07355 × 10^310 |
| 101 | ov_101 | 4.39946 × 10^310 |
| 102 | ov_102 | 3.79601 × 10^310 |
| 103 | ov_103 | 3.25779 × 10^310 |
| 104 | ov_104 | 2.77967 × 10^310 |
| 105 | ov_105 | 2.35681 × 10^310 |
| 106 | ov_106 | 1.98460 × 10^310 |
| 107 | ov_107 | 1.65872 × 10^310 |
| 108 | ov_108 | 1.37505 × 10^310 |
| 109 | ov_109 | 1.12969 × 10^310 |
| 110 | ov_110 | 9.18968 × 10^309 |
| 111 | ov_111 | 7.39401 × 10^309 |
| 112 | ov_112 | 5.87715 × 10^309 |
| 113 | ov_113 | 4.60826 × 10^309 |
| 114 | ov_114 | 3.55842 × 10^309 |
| 115 | ov_115 | 2.70055 × 10^309 |
| 116 | ov_116 | 2.00942 × 10^309 |
| 117 | ov_117 | 1.46162 × 10^309 |
| 118 | ov_118 | 1.03555 × 10^309 |
| 119 | ov_119 | 7.11420 × 10^308 |
| 120 | ov_120 | 4.71213 × 10^308 |
| 121 | ov_121 | 2.98720 × 10^308 |
| 122 | ov_122 | 1.79510 × 10^308 |
| 123 | ov_123 | 1.00940 × 10^308 |
| 124 | ov_124 | 5.21517 × 10^307 |
| 125 | ov_125 | 2.40681 × 10^307 |
| 126 | ov_126 | 9.39897 × 10^306 |
| 127 | aaa_77_28 | 2.63717 × 10^306 |
| 128 | aaa_77_29 | 8.03537 × 10^305 |
| 129 | ov_129 | 4.62772 × 10^305 |
| 130 | ov_130 | 4.62770 × 10^305 |
| 131 | ov_131 | 4.62770 × 10^305 |
| 132 | ov_132 | 4.03114 × 10^305 |
| 133 | ov_133 | 3.49529 × 10^305 |
| 134 | ov_134 | 3.01560 × 10^305 |
| 135 | ov_135 | 2.58776 × 10^305 |
| 136 | ov_136 | 2.20769 × 10^305 |
| 137 | ov_137 | 1.87155 × 10^305 |
| 138 | ov_138 | 1.57568 × 10^305 |
| 139 | ov_139 | 1.31663 × 10^305 |
| 140 | ov_140 | 1.09114 × 10^305 |
| 141 | ov_141 | 8.96100 × 10^304 |
| 142 | ov_142 | 7.28591 × 10^304 |
| 143 | ov_143 | 5.85849 × 10^304 |
| 144 | ov_144 | 4.65271 × 10^304 |
| 145 | ov_145 | 3.64405 × 10^304 |
| 146 | ov_146 | 2.80952 × 10^304 |
| 147 | ov_147 | 2.12758 × 10^304 |
| 148 | ov_148 | 1.57819 × 10^304 |
| 149 | ov_149 | 1.14273 × 10^304 |
| 150 | ov_150 | 8.04048 × 10^303 |
| 151 | ov_151 | 5.46387 × 10^303 |
| 152 | ov_152 | 3.55443 × 10^303 |
| 153 | ov_153 | 2.18325 × 10^303 |
| 154 | ov_154 | 1.23563 × 10^303 |
| 155 | ov_155 | 6.11075 × 10^302 |
| 156 | aaa_76_25 | 2.23241 × 10^302 |
| 157 | aaa_76_26 | 1.16607 × 10^302 |
| 158 | aaa_76_27 | 5.37507 × 10^301 |
| 159 | aaa_76_28 | 2.09633 × 10^301 |
| 160 | aaa_76_29 | 6.38745 × 10^300 |

## Output Bits Sorted by Complexity

| Rank | Output Bit | Complexity |
|:----:|:----------:|:----------:|
| 160 | aaa_76_29 | 6.38745 × 10^300 |
| 159 | aaa_76_28 | 2.09633 × 10^301 |
| 158 | aaa_76_27 | 5.37507 × 10^301 |
| 157 | aaa_76_26 | 1.16607 × 10^302 |
| 156 | aaa_76_25 | 2.23241 × 10^302 |
| 155 | ov_155 | 6.11075 × 10^302 |
| 154 | ov_154 | 1.23563 × 10^303 |
| 153 | ov_153 | 2.18325 × 10^303 |
| 152 | ov_152 | 3.55443 × 10^303 |
| 151 | ov_151 | 5.46387 × 10^303 |
| 150 | ov_150 | 8.04048 × 10^303 |
| 149 | ov_149 | 1.14273 × 10^304 |
| 148 | ov_148 | 1.57819 × 10^304 |
| 147 | ov_147 | 2.12758 × 10^304 |
| 146 | ov_146 | 2.80952 × 10^304 |
| 145 | ov_145 | 3.64405 × 10^304 |
| 144 | ov_144 | 4.65271 × 10^304 |
| 143 | ov_143 | 5.85849 × 10^304 |
| 142 | ov_142 | 7.28591 × 10^304 |
| 141 | ov_141 | 8.96100 × 10^304 |
| 140 | ov_140 | 1.09114 × 10^305 |
| 139 | ov_139 | 1.31663 × 10^305 |
| 138 | ov_138 | 1.57568 × 10^305 |
| 137 | ov_137 | 1.87155 × 10^305 |
| 136 | ov_136 | 2.20769 × 10^305 |
| 135 | ov_135 | 2.58776 × 10^305 |
| 134 | ov_134 | 3.01560 × 10^305 |
| 133 | ov_133 | 3.49529 × 10^305 |
| 132 | ov_132 | 4.03114 × 10^305 |
| 131 | ov_131 | 4.62770 × 10^305 |
| 130 | ov_130 | 4.62770 × 10^305 |
| 129 | ov_129 | 4.62772 × 10^305 |
| 128 | aaa_77_29 | 8.03537 × 10^305 |
| 127 | aaa_77_28 | 2.63717 × 10^306 |
| 126 | ov_126 | 9.39897 × 10^306 |
| 125 | ov_125 | 2.40681 × 10^307 |
| 124 | ov_124 | 5.21517 × 10^307 |
| 123 | ov_123 | 1.00940 × 10^308 |
| 122 | ov_122 | 1.79510 × 10^308 |
| 121 | ov_121 | 2.98720 × 10^308 |
| 120 | ov_120 | 4.71213 × 10^308 |
| 119 | ov_119 | 7.11420 × 10^308 |
| 118 | ov_118 | 1.03555 × 10^309 |
| 117 | ov_117 | 1.46162 × 10^309 |
| 116 | ov_116 | 2.00942 × 10^309 |
| 115 | ov_115 | 2.70055 × 10^309 |
| 114 | ov_114 | 3.55842 × 10^309 |
| 113 | ov_113 | 4.60826 × 10^309 |
| 112 | ov_112 | 5.87715 × 10^309 |
| 111 | ov_111 | 7.39401 × 10^309 |
| 110 | ov_110 | 9.18968 × 10^309 |
| 109 | ov_109 | 1.12969 × 10^310 |
| 108 | ov_108 | 1.37505 × 10^310 |
| 107 | ov_107 | 1.65872 × 10^310 |
| 106 | ov_106 | 1.98460 × 10^310 |
| 105 | ov_105 | 2.35681 × 10^310 |
| 104 | ov_104 | 2.77967 × 10^310 |
| 103 | ov_103 | 3.25779 × 10^310 |
| 102 | ov_102 | 3.79601 × 10^310 |
| 101 | ov_101 | 4.39946 × 10^310 |
| 100 | ov_100 | 5.07355 × 10^310 |
| 99 | ov_099 | 5.82402 × 10^310 |
| 98 | ov_098 | 5.82402 × 10^310 |
| 97 | ov_097 | 5.82404 × 10^310 |
| 96 | aaa_78_29 | 1.01084 × 10^311 |
| 95 | aaa_78_28 | 3.31754 × 10^311 |
| 94 | ov_094 | 1.18238 × 10^312 |
| 93 | ov_093 | 3.02775 × 10^312 |
| 92 | ov_092 | 6.56065 × 10^312 |
| 91 | ov_091 | 1.26982 × 10^313 |
| 90 | ov_090 | 2.25823 × 10^313 |
| 89 | ov_089 | 3.75788 × 10^313 |
| 88 | ov_088 | 5.92783 × 10^313 |
| 87 | ov_087 | 8.94961 × 10^313 |
| 86 | ov_086 | 1.30272 × 10^314 |
| 85 | ov_085 | 1.83871 × 10^314 |
| 84 | ov_084 | 2.52784 × 10^314 |
| 83 | ov_083 | 3.39727 × 10^314 |
| 82 | ov_082 | 4.47647 × 10^314 |
| 81 | ov_081 | 5.79716 × 10^314 |
| 64 | lv_79_m31 | 6.01471 × 10^314 |
| 80 | ov_080 | 7.39341 × 10^314 |
| 79 | ov_079 | 9.30161 × 10^314 |
| 78 | ov_078 | 1.15605 × 10^315 |
| 77 | ov_077 | 1.42114 × 10^315 |
| 76 | ov_076 | 1.72980 × 10^315 |
| 75 | ov_075 | 2.08666 × 10^315 |
| 74 | ov_074 | 2.49662 × 10^315 |
| 73 | ov_073 | 2.96485 × 10^315 |
| 63 | ov_063 | 3.08296 × 10^315 |
| 72 | ov_072 | 3.49681 × 10^315 |
| 71 | ov_071 | 4.09828 × 10^315 |
| 70 | ov_070 | 4.77536 × 10^315 |
| 69 | ov_069 | 5.53449 × 10^315 |
| 68 | ov_068 | 6.38249 × 10^315 |
| 67 | ov_067 | 7.32658 × 10^315 |
| 66 | ov_066 | 7.32658 × 10^315 |
| 65 | ov_065 | 7.32660 × 10^315 |
| 62 | ov_062 | 1.57993 × 10^316 |
| 61 | ov_061 | 5.75338 × 10^316 |
| 60 | ov_060 | 1.64542 × 10^317 |
| 59 | ov_059 | 3.96688 × 10^317 |
| 58 | ov_058 | 8.41125 × 10^317 |
| 57 | ov_057 | 1.61323 × 10^318 |
| 56 | ov_056 | 2.85663 × 10^318 |
| 55 | ov_055 | 4.74318 × 10^318 |
| 54 | ov_054 | 7.47297 × 10^318 |
| 53 | ov_053 | 1.12743 × 10^319 |
| 52 | ov_052 | 1.64039 × 10^319 |
| 51 | ov_051 | 2.31466 × 10^319 |
| 50 | ov_050 | 3.18158 × 10^319 |
| 49 | ov_049 | 4.27533 × 10^319 |
| 48 | ov_048 | 5.63295 × 10^319 |
| 47 | ov_047 | 7.29437 × 10^319 |
| 32 | lv_80_m31 | 7.56646 × 10^319 |
| 46 | ov_046 | 9.30243 × 10^319 |
| 45 | ov_045 | 1.17029 × 10^320 |
| 44 | ov_044 | 1.45446 × 10^320 |
| 43 | ov_043 | 1.78795 × 10^320 |
| 42 | ov_042 | 2.17624 × 10^320 |
| 41 | ov_041 | 2.62517 × 10^320 |
| 40 | ov_040 | 3.14089 × 10^320 |
| 39 | ov_039 | 3.72991 × 10^320 |
| 31 | ov_031 | 3.87834 × 10^320 |
| 38 | ov_038 | 4.39912 × 10^320 |
| 37 | ov_037 | 5.15576 × 10^320 |
| 36 | ov_036 | 6.00752 × 10^320 |
| 35 | ov_035 | 6.96251 × 10^320 |
| 34 | ov_034 | 8.02929 × 10^320 |
| 33 | ov_033 | 9.21694 × 10^320 |
| 30 | ov_030 | 1.98754 × 10^321 |
| 29 | ov_029 | 7.23771 × 10^321 |
| 28 | ov_028 | 2.06993 × 10^322 |
| 27 | ov_027 | 4.99031 × 10^322 |
| 26 | ov_026 | 1.05812 × 10^323 |
| 25 | ov_025 | 2.02943 × 10^323 |
| 24 | ov_024 | 3.59363 × 10^323 |
| 23 | ov_023 | 5.96689 × 10^323 |
| 22 | ov_022 | 9.40094 × 10^323 |
| 21 | ov_021 | 1.41830 × 10^324 |
| 20 | ov_020 | 2.06360 × 10^324 |
| 19 | ov_019 | 2.91183 × 10^324 |
| 18 | ov_018 | 4.00241 × 10^324 |
| 17 | ov_017 | 5.37833 × 10^324 |
| 16 | ov_016 | 7.08621 × 10^324 |
| 15 | ov_015 | 9.17626 × 10^324 |
| 14 | ov_014 | 1.17024 × 10^325 |
| 13 | ov_013 | 1.47222 × 10^325 |
| 12 | ov_012 | 1.82971 × 10^325 |
| 11 | ov_011 | 2.24923 × 10^325 |
| 10 | ov_010 | 2.73770 × 10^325 |
| 9 | ov_009 | 3.30244 × 10^325 |
| 8 | ov_008 | 3.95122 × 10^325 |
| 7 | ov_007 | 4.69220 × 10^325 |
| 6 | ov_006 | 5.53406 × 10^325 |
| 5 | ov_005 | 6.48591 × 10^325 |
| 4 | ov_004 | 7.55742 × 10^325 |
| 3 | ov_003 | 8.75878 × 10^325 |
| 2 | ov_002 | 1.01007 × 10^326 |
| 1 | ov_001 | 1.15948 × 10^326 |

