# Results for T001-T002-F003-F004-F005-T006-T007-F008-T009-F010-F011-T012-F013-F014-F015-T016-F017-F018-F019-F020-T021-F022-F023-T024-F025-T026-F027-T028-T029-F030-F031-F032-F033-F034-T035-F036-T037-T038-F039-F040-T041-T042-T043-F044-F045-F046-F047-F048-F049-F050-F051-F052-F053-F054-F055-F056-T057-F058-T059-F060-F061-T062-T063-T064-F065-T066-T067-T068-T069-T070-F071-T072-T073-T074-T075-T076-T077-T078-F079-F080-F081-F082-F083-F084-F085-F086-F087-T088-T089-F090-T091-F092-F093-F094-F095-T096-T097-F098-T099-F100-T101-F102-F103-T104-T105-T106-T107-F108-T109-T110-T111-T112-T113-T114-T115-T116-F117-T118-F119-T120-T121-F122-F123-F124-F125-T126-F127-F128-F129-T130-F131-F132-T133-F134-T135-T136-F137-F138-T139-T140-F141-T142-F143-T144-T145-T146-F147-F148-T149-T150-T151-F152-T153-T154-F155-F156-F157-T158-F159-T160-F161-F162-F163-T164-F165-T166-T167-F168-T169-F170-T171-T172-F173-F174-T175-F176-T177-T178-T179-T180-T181-F182-T183-T184-T185-F186-T187-F188-F189-T190-F191-T192-T193-F194-F195-F196-T197-F198-F199-T200-F201-T202-F203-F204-F205-F206-T207-F208-F209-F210-F211-T212-F213-T214-T215-T216-F217-T218-T219-F220-F221-F222-F223-F224-T225-F226-T227-T228-T229-T230-F231-F232-F233-F234-F235-T236-T237-T238-T239-T240-F241-T242-F243-F244-T245-T246-T247-T248-F249-T250-F251-T252-F253-T254-F255-F256-T257-F258-F259-F260-T261-F262-F263-T264-F265-F266-F267-T268-T269-F270-T271-F272-T273-F274-F275-F276-T277-F278-F279-T280-F281-F282-F283-T284-F285-T286-T287-F288-T289-T290-T291-F292-F293-T294-T295-F296-T297-F298-T299-T300-T301-T302-T303-F304-F305-F306-F307-F308-T309-T310-F311-T312-F313-T314-T315-F316-T317-F318-T319-F320-F321-F322-T323-F324-F325-F326-F327-F328-F329-T330-F331-F332-T333-T334-T335-F336-F337-T338-F339-T340-F341-F342-T343-T344-F345-T346-F347-T348-F349-F350-T351-T352-F353-T354-F355-F356-T357-F358-F359-F360-F361-T362-T363-T364-T365-T366-T367-F368-F369-T370-F371-F372-T373-F374-T375-T376-F377-T378-F379-F380-T381-F382-F383-F384-T385-F386-T387-F388-T389-F390-F391-F392-F393-T394-F395-T396-T397-T398-T399-T400-T401-T402-T403-F404-T405-F406-F407-F408-F409-F410-F411-T412-T413-F414-T415-F416-T417-T418-T419-T420-F421-F422-T423-F424-F425-T426-F427-F428-T429-F430-F431-T432-F433-T434-T435-T436-F437-F438-F439-F440-F441-T442-T443-T444-F445-F446-F447-F448-F449-F450-T451-F452-T453-T454-F456-T457-T458-F459-F460-F461-T462-F463-F464-F465-T466-F467-T468-F469-F470-F471-F472-F473-T474-T475-T476-F477-F478-F479-F480-F487-T489-T491-F494-F496-F500-T505-T507-T509

## Summary

Number of input bits: 512  
Number of free input bits: 24  
Number of output bits: 160

Number of assignments: 19506  
Number of operations: 46600
(xor: 19693,
and: 13802,
or: 13105)

Total complexity: 9.24303 × 10^323

Least complex input bit: iv_488 (3.12269 × 10^319)  
Most complex input bit: iv_484 (1.83757 × 10^323)

Least complex output bit: aaa_76_29 (7.88563 × 10^297)  
Most complex output bit: ov_001 (1.43144 × 10^323)

Least complex input/output complexity: iv_488/aaa_76_29 (2.66410 × 10^293)  
Most complex input/output complexity: iv_484/ov_001 (2.84579 × 10^322)

## Input Bits

| Input Bit | Complexity | Occurrences |
|:---------:|:----------:|:-----------:|
| iv_455 | 9.50412 × 10^322 | 48 |
| iv_481 | 2.28085 × 10^322 | 49 |
| iv_482 | 9.50412 × 10^322 | 60 |
| iv_483 | 1.25773 × 10^323 | 49 |
| iv_484 | 1.83757 × 10^323 | 51 |
| iv_485 | 5.83306 × 10^322 | 56 |
| iv_486 | 5.83329 × 10^322 | 61 |
| iv_488 | 3.12269 × 10^319 | 79 |
| iv_490 | 1.12207 × 10^320 | 67 |
| iv_492 | 6.05391 × 10^320 | 80 |
| iv_493 | 1.20607 × 10^321 | 70 |
| iv_495 | 3.34407 × 10^321 | 72 |
| iv_497 | 7.29690 × 10^321 | 81 |
| iv_498 | 2.90511 × 10^321 | 78 |
| iv_499 | 3.67567 × 10^321 | 86 |
| iv_501 | 1.01753 × 10^322 | 76 |
| iv_502 | 1.69561 × 10^322 | 64 |
| iv_503 | 2.50699 × 10^322 | 62 |
| iv_504 | 3.46829 × 10^322 | 67 |
| iv_506 | 3.53731 × 10^321 | 75 |
| iv_508 | 1.34683 × 10^322 | 78 |
| iv_510 | 3.69130 × 10^322 | 76 |
| iv_511 | 5.29710 × 10^322 | 64 |
| iv_512 | 7.22671 × 10^322 | 73 |

## Input Bits Sorted by Complexity

| Input Bit | Complexity | Occurrences |
|:---------:|:----------:|:-----------:|
| iv_488 | 3.12269 × 10^319 | 79 |
| iv_490 | 1.12207 × 10^320 | 67 |
| iv_492 | 6.05391 × 10^320 | 80 |
| iv_493 | 1.20607 × 10^321 | 70 |
| iv_498 | 2.90511 × 10^321 | 78 |
| iv_495 | 3.34407 × 10^321 | 72 |
| iv_506 | 3.53731 × 10^321 | 75 |
| iv_499 | 3.67567 × 10^321 | 86 |
| iv_497 | 7.29690 × 10^321 | 81 |
| iv_501 | 1.01753 × 10^322 | 76 |
| iv_508 | 1.34683 × 10^322 | 78 |
| iv_502 | 1.69561 × 10^322 | 64 |
| iv_481 | 2.28085 × 10^322 | 49 |
| iv_503 | 2.50699 × 10^322 | 62 |
| iv_504 | 3.46829 × 10^322 | 67 |
| iv_510 | 3.69130 × 10^322 | 76 |
| iv_511 | 5.29710 × 10^322 | 64 |
| iv_485 | 5.83306 × 10^322 | 56 |
| iv_486 | 5.83329 × 10^322 | 61 |
| iv_512 | 7.22671 × 10^322 | 73 |
| iv_482 | 9.50412 × 10^322 | 60 |
| iv_455 | 9.50412 × 10^322 | 48 |
| iv_483 | 1.25773 × 10^323 | 49 |
| iv_484 | 1.83757 × 10^323 | 51 |

## Input Bits Sorted by Occurrences

| Input Bit | Complexity | Occurrences |
|:---------:|:----------:|:-----------:|
| iv_455 | 9.50412 × 10^322 | 48 |
| iv_483 | 1.25773 × 10^323 | 49 |
| iv_481 | 2.28085 × 10^322 | 49 |
| iv_484 | 1.83757 × 10^323 | 51 |
| iv_485 | 5.83306 × 10^322 | 56 |
| iv_482 | 9.50412 × 10^322 | 60 |
| iv_486 | 5.83329 × 10^322 | 61 |
| iv_503 | 2.50699 × 10^322 | 62 |
| iv_511 | 5.29710 × 10^322 | 64 |
| iv_502 | 1.69561 × 10^322 | 64 |
| iv_490 | 1.12207 × 10^320 | 67 |
| iv_504 | 3.46829 × 10^322 | 67 |
| iv_493 | 1.20607 × 10^321 | 70 |
| iv_495 | 3.34407 × 10^321 | 72 |
| iv_512 | 7.22671 × 10^322 | 73 |
| iv_506 | 3.53731 × 10^321 | 75 |
| iv_510 | 3.69130 × 10^322 | 76 |
| iv_501 | 1.01753 × 10^322 | 76 |
| iv_498 | 2.90511 × 10^321 | 78 |
| iv_508 | 1.34683 × 10^322 | 78 |
| iv_488 | 3.12269 × 10^319 | 79 |
| iv_492 | 6.05391 × 10^320 | 80 |
| iv_497 | 7.29690 × 10^321 | 81 |
| iv_499 | 3.67567 × 10^321 | 86 |

## Output Bits

| Rank | Output Bit | Complexity |
|:----:|:----------:|:----------:|
| 1 | ov_001 | 1.43144 × 10^323 |
| 2 | ov_002 | 1.24699 × 10^323 |
| 3 | ov_003 | 1.08131 × 10^323 |
| 4 | ov_004 | 9.33002 × 10^322 |
| 5 | ov_005 | 8.00719 × 10^322 |
| 6 | ov_006 | 6.83208 × 10^322 |
| 7 | ov_007 | 5.79276 × 10^322 |
| 8 | ov_008 | 4.87798 × 10^322 |
| 9 | ov_009 | 4.07703 × 10^322 |
| 10 | ov_010 | 3.37982 × 10^322 |
| 11 | ov_011 | 2.77678 × 10^322 |
| 12 | ov_012 | 2.25887 × 10^322 |
| 13 | ov_013 | 1.81753 × 10^322 |
| 14 | ov_014 | 1.44472 × 10^322 |
| 15 | ov_015 | 1.13285 × 10^322 |
| 16 | ov_016 | 8.74828 × 10^321 |
| 17 | ov_017 | 6.63982 × 10^321 |
| 18 | ov_018 | 4.94117 × 10^321 |
| 19 | ov_019 | 3.59480 × 10^321 |
| 20 | ov_020 | 2.54762 × 10^321 |
| 21 | ov_021 | 1.75096 × 10^321 |
| 22 | ov_022 | 1.16059 × 10^321 |
| 23 | ov_023 | 7.36643 × 10^320 |
| 24 | ov_024 | 4.43651 × 10^320 |
| 25 | ov_025 | 2.50544 × 10^320 |
| 26 | ov_026 | 1.30631 × 10^320 |
| 27 | ov_027 | 6.16079 × 10^319 |
| 28 | ov_028 | 2.55543 × 10^319 |
| 29 | ov_029 | 8.93532 × 10^318 |
| 30 | ov_030 | 2.45372 × 10^318 |
| 31 | ov_031 | 4.78801 × 10^317 |
| 32 | lv_80_m31 | 9.34118 × 10^316 |
| 33 | ov_033 | 1.13787 × 10^318 |
| 34 | ov_034 | 9.91256 × 10^317 |
| 35 | ov_035 | 8.59557 × 10^317 |
| 36 | ov_036 | 7.41659 × 10^317 |
| 37 | ov_037 | 6.36505 × 10^317 |
| 38 | ov_038 | 5.43093 × 10^317 |
| 39 | ov_039 | 4.60477 × 10^317 |
| 40 | ov_040 | 3.87759 × 10^317 |
| 41 | ov_041 | 3.24090 × 10^317 |
| 42 | ov_042 | 2.68668 × 10^317 |
| 43 | ov_043 | 2.20731 × 10^317 |
| 44 | ov_044 | 1.79561 × 10^317 |
| 45 | ov_045 | 1.44478 × 10^317 |
| 46 | ov_046 | 1.14843 × 10^317 |
| 47 | ov_047 | 9.00527 × 10^316 |
| 48 | ov_048 | 6.95416 × 10^316 |
| 49 | ov_049 | 5.27811 × 10^316 |
| 50 | ov_050 | 3.92782 × 10^316 |
| 51 | ov_051 | 2.85757 × 10^316 |
| 52 | ov_052 | 2.02514 × 10^316 |
| 53 | ov_053 | 1.39187 × 10^316 |
| 54 | ov_054 | 9.22576 × 10^315 |
| 55 | ov_055 | 5.85570 × 10^315 |
| 56 | ov_056 | 3.52666 × 10^315 |
| 57 | ov_057 | 1.99162 × 10^315 |
| 58 | ov_058 | 1.03841 × 10^315 |
| 59 | ov_059 | 4.89732 × 10^314 |
| 60 | ov_060 | 2.03135 × 10^314 |
| 61 | ov_061 | 7.10284 × 10^313 |
| 62 | ov_062 | 1.95050 × 10^313 |
| 63 | ov_063 | 3.80607 × 10^312 |
| 64 | lv_79_m31 | 7.42547 × 10^311 |
| 65 | ov_065 | 9.04506 × 10^312 |
| 66 | ov_066 | 9.04504 × 10^312 |
| 67 | ov_067 | 9.04503 × 10^312 |
| 68 | ov_068 | 7.87951 × 10^312 |
| 69 | ov_069 | 6.83261 × 10^312 |
| 70 | ov_070 | 5.89542 × 10^312 |
| 71 | ov_071 | 5.05953 × 10^312 |
| 72 | ov_072 | 4.31699 × 10^312 |
| 73 | ov_073 | 3.66025 × 10^312 |
| 74 | ov_074 | 3.08220 × 10^312 |
| 75 | ov_075 | 2.57609 × 10^312 |
| 76 | ov_076 | 2.13553 × 10^312 |
| 77 | ov_077 | 1.75447 × 10^312 |
| 78 | ov_078 | 1.42720 × 10^312 |
| 79 | ov_079 | 1.14833 × 10^312 |
| 80 | ov_080 | 9.12754 × 10^311 |
| 81 | ov_081 | 7.15689 × 10^311 |
| 82 | ov_082 | 5.52643 × 10^311 |
| 83 | ov_083 | 4.19411 × 10^311 |
| 84 | ov_084 | 3.12074 × 10^311 |
| 85 | ov_085 | 2.26998 × 10^311 |
| 86 | ov_086 | 1.60827 × 10^311 |
| 87 | ov_087 | 1.10487 × 10^311 |
| 88 | ov_088 | 7.31821 × 10^310 |
| 89 | ov_089 | 4.63929 × 10^310 |
| 90 | ov_090 | 2.78790 × 10^310 |
| 91 | ov_091 | 1.56766 × 10^310 |
| 92 | ov_092 | 8.09946 × 10^309 |
| 93 | ov_093 | 3.73791 × 10^309 |
| 94 | ov_094 | 1.45971 × 10^309 |
| 95 | aaa_78_28 | 4.09568 × 10^308 |
| 96 | aaa_78_29 | 1.24793 × 10^308 |
| 97 | ov_097 | 7.19007 × 10^307 |
| 98 | ov_098 | 7.19005 × 10^307 |
| 99 | ov_099 | 7.19005 × 10^307 |
| 100 | ov_100 | 6.26356 × 10^307 |
| 101 | ov_101 | 5.43136 × 10^307 |
| 102 | ov_102 | 4.68637 × 10^307 |
| 103 | ov_103 | 4.02191 × 10^307 |
| 104 | ov_104 | 3.43165 × 10^307 |
| 105 | ov_105 | 2.90960 × 10^307 |
| 106 | ov_106 | 2.45010 × 10^307 |
| 107 | ov_107 | 2.04778 × 10^307 |
| 108 | ov_108 | 1.69757 × 10^307 |
| 109 | ov_109 | 1.39466 × 10^307 |
| 110 | ov_110 | 1.13451 × 10^307 |
| 111 | ov_111 | 9.12828 × 10^306 |
| 112 | ov_112 | 7.25564 × 10^306 |
| 113 | ov_113 | 5.68913 × 10^306 |
| 114 | ov_114 | 4.39305 × 10^306 |
| 115 | ov_115 | 3.33397 × 10^306 |
| 116 | ov_116 | 2.48073 × 10^306 |
| 117 | ov_117 | 1.80444 × 10^306 |
| 118 | ov_118 | 1.27844 × 10^306 |
| 119 | ov_119 | 8.78284 × 10^305 |
| 120 | ov_120 | 5.81737 × 10^305 |
| 121 | ov_121 | 3.68785 × 10^305 |
| 122 | ov_122 | 2.21615 × 10^305 |
| 123 | ov_123 | 1.24616 × 10^305 |
| 124 | ov_124 | 6.43840 × 10^304 |
| 125 | ov_125 | 2.97133 × 10^304 |
| 126 | ov_126 | 1.16035 × 10^304 |
| 127 | aaa_77_28 | 3.25572 × 10^303 |
| 128 | aaa_77_29 | 9.92007 × 10^302 |
| 129 | ov_129 | 5.71315 × 10^302 |
| 130 | ov_130 | 5.71313 × 10^302 |
| 131 | ov_131 | 5.71313 × 10^302 |
| 132 | ov_132 | 4.97665 × 10^302 |
| 133 | ov_133 | 4.31512 × 10^302 |
| 134 | ov_134 | 3.72291 × 10^302 |
| 135 | ov_135 | 3.19472 × 10^302 |
| 136 | ov_136 | 2.72551 × 10^302 |
| 137 | ov_137 | 2.31053 × 10^302 |
| 138 | ov_138 | 1.94526 × 10^302 |
| 139 | ov_139 | 1.62545 × 10^302 |
| 140 | ov_140 | 1.34706 × 10^302 |
| 141 | ov_141 | 1.10628 × 10^302 |
| 142 | ov_142 | 8.99482 × 10^301 |
| 143 | ov_143 | 7.23261 × 10^301 |
| 144 | ov_144 | 5.74401 × 10^301 |
| 145 | ov_145 | 4.49877 × 10^301 |
| 146 | ov_146 | 3.46849 × 10^301 |
| 147 | ov_147 | 2.62661 × 10^301 |
| 148 | ov_148 | 1.94835 × 10^301 |
| 149 | ov_149 | 1.41076 × 10^301 |
| 150 | ov_150 | 9.92638 × 10^300 |
| 151 | ov_151 | 6.74543 × 10^300 |
| 152 | ov_152 | 4.38813 × 10^300 |
| 153 | ov_153 | 2.69534 × 10^300 |
| 154 | ov_154 | 1.52545 × 10^300 |
| 155 | ov_155 | 7.54403 × 10^299 |
| 156 | aaa_76_25 | 2.75603 × 10^299 |
| 157 | aaa_76_26 | 1.43958 × 10^299 |
| 158 | aaa_76_27 | 6.63579 × 10^298 |
| 159 | aaa_76_28 | 2.58803 × 10^298 |
| 160 | aaa_76_29 | 7.88563 × 10^297 |

## Output Bits Sorted by Complexity

| Rank | Output Bit | Complexity |
|:----:|:----------:|:----------:|
| 160 | aaa_76_29 | 7.88563 × 10^297 |
| 159 | aaa_76_28 | 2.58803 × 10^298 |
| 158 | aaa_76_27 | 6.63579 × 10^298 |
| 157 | aaa_76_26 | 1.43958 × 10^299 |
| 156 | aaa_76_25 | 2.75603 × 10^299 |
| 155 | ov_155 | 7.54403 × 10^299 |
| 154 | ov_154 | 1.52545 × 10^300 |
| 153 | ov_153 | 2.69534 × 10^300 |
| 152 | ov_152 | 4.38813 × 10^300 |
| 151 | ov_151 | 6.74543 × 10^300 |
| 150 | ov_150 | 9.92638 × 10^300 |
| 149 | ov_149 | 1.41076 × 10^301 |
| 148 | ov_148 | 1.94835 × 10^301 |
| 147 | ov_147 | 2.62661 × 10^301 |
| 146 | ov_146 | 3.46849 × 10^301 |
| 145 | ov_145 | 4.49877 × 10^301 |
| 144 | ov_144 | 5.74401 × 10^301 |
| 143 | ov_143 | 7.23261 × 10^301 |
| 142 | ov_142 | 8.99482 × 10^301 |
| 141 | ov_141 | 1.10628 × 10^302 |
| 140 | ov_140 | 1.34706 × 10^302 |
| 139 | ov_139 | 1.62545 × 10^302 |
| 138 | ov_138 | 1.94526 × 10^302 |
| 137 | ov_137 | 2.31053 × 10^302 |
| 136 | ov_136 | 2.72551 × 10^302 |
| 135 | ov_135 | 3.19472 × 10^302 |
| 134 | ov_134 | 3.72291 × 10^302 |
| 133 | ov_133 | 4.31512 × 10^302 |
| 132 | ov_132 | 4.97665 × 10^302 |
| 131 | ov_131 | 5.71313 × 10^302 |
| 130 | ov_130 | 5.71313 × 10^302 |
| 129 | ov_129 | 5.71315 × 10^302 |
| 128 | aaa_77_29 | 9.92007 × 10^302 |
| 127 | aaa_77_28 | 3.25572 × 10^303 |
| 126 | ov_126 | 1.16035 × 10^304 |
| 125 | ov_125 | 2.97133 × 10^304 |
| 124 | ov_124 | 6.43840 × 10^304 |
| 123 | ov_123 | 1.24616 × 10^305 |
| 122 | ov_122 | 2.21615 × 10^305 |
| 121 | ov_121 | 3.68785 × 10^305 |
| 120 | ov_120 | 5.81737 × 10^305 |
| 119 | ov_119 | 8.78284 × 10^305 |
| 118 | ov_118 | 1.27844 × 10^306 |
| 117 | ov_117 | 1.80444 × 10^306 |
| 116 | ov_116 | 2.48073 × 10^306 |
| 115 | ov_115 | 3.33397 × 10^306 |
| 114 | ov_114 | 4.39305 × 10^306 |
| 113 | ov_113 | 5.68913 × 10^306 |
| 112 | ov_112 | 7.25564 × 10^306 |
| 111 | ov_111 | 9.12828 × 10^306 |
| 110 | ov_110 | 1.13451 × 10^307 |
| 109 | ov_109 | 1.39466 × 10^307 |
| 108 | ov_108 | 1.69757 × 10^307 |
| 107 | ov_107 | 2.04778 × 10^307 |
| 106 | ov_106 | 2.45010 × 10^307 |
| 105 | ov_105 | 2.90960 × 10^307 |
| 104 | ov_104 | 3.43165 × 10^307 |
| 103 | ov_103 | 4.02191 × 10^307 |
| 102 | ov_102 | 4.68637 × 10^307 |
| 101 | ov_101 | 5.43136 × 10^307 |
| 100 | ov_100 | 6.26356 × 10^307 |
| 99 | ov_099 | 7.19005 × 10^307 |
| 98 | ov_098 | 7.19005 × 10^307 |
| 97 | ov_097 | 7.19007 × 10^307 |
| 96 | aaa_78_29 | 1.24793 × 10^308 |
| 95 | aaa_78_28 | 4.09568 × 10^308 |
| 94 | ov_094 | 1.45971 × 10^309 |
| 93 | ov_093 | 3.73791 × 10^309 |
| 92 | ov_092 | 8.09946 × 10^309 |
| 91 | ov_091 | 1.56766 × 10^310 |
| 90 | ov_090 | 2.78790 × 10^310 |
| 89 | ov_089 | 4.63929 × 10^310 |
| 88 | ov_088 | 7.31821 × 10^310 |
| 87 | ov_087 | 1.10487 × 10^311 |
| 86 | ov_086 | 1.60827 × 10^311 |
| 85 | ov_085 | 2.26998 × 10^311 |
| 84 | ov_084 | 3.12074 × 10^311 |
| 83 | ov_083 | 4.19411 × 10^311 |
| 82 | ov_082 | 5.52643 × 10^311 |
| 81 | ov_081 | 7.15689 × 10^311 |
| 64 | lv_79_m31 | 7.42547 × 10^311 |
| 80 | ov_080 | 9.12754 × 10^311 |
| 79 | ov_079 | 1.14833 × 10^312 |
| 78 | ov_078 | 1.42720 × 10^312 |
| 77 | ov_077 | 1.75447 × 10^312 |
| 76 | ov_076 | 2.13553 × 10^312 |
| 75 | ov_075 | 2.57609 × 10^312 |
| 74 | ov_074 | 3.08220 × 10^312 |
| 73 | ov_073 | 3.66025 × 10^312 |
| 63 | ov_063 | 3.80607 × 10^312 |
| 72 | ov_072 | 4.31699 × 10^312 |
| 71 | ov_071 | 5.05953 × 10^312 |
| 70 | ov_070 | 5.89542 × 10^312 |
| 69 | ov_069 | 6.83261 × 10^312 |
| 68 | ov_068 | 7.87951 × 10^312 |
| 67 | ov_067 | 9.04503 × 10^312 |
| 66 | ov_066 | 9.04504 × 10^312 |
| 65 | ov_065 | 9.04506 × 10^312 |
| 62 | ov_062 | 1.95050 × 10^313 |
| 61 | ov_061 | 7.10284 × 10^313 |
| 60 | ov_060 | 2.03135 × 10^314 |
| 59 | ov_059 | 4.89732 × 10^314 |
| 58 | ov_058 | 1.03841 × 10^315 |
| 57 | ov_057 | 1.99162 × 10^315 |
| 56 | ov_056 | 3.52666 × 10^315 |
| 55 | ov_055 | 5.85570 × 10^315 |
| 54 | ov_054 | 9.22576 × 10^315 |
| 53 | ov_053 | 1.39187 × 10^316 |
| 52 | ov_052 | 2.02514 × 10^316 |
| 51 | ov_051 | 2.85757 × 10^316 |
| 50 | ov_050 | 3.92782 × 10^316 |
| 49 | ov_049 | 5.27811 × 10^316 |
| 48 | ov_048 | 6.95416 × 10^316 |
| 47 | ov_047 | 9.00527 × 10^316 |
| 32 | lv_80_m31 | 9.34118 × 10^316 |
| 46 | ov_046 | 1.14843 × 10^317 |
| 45 | ov_045 | 1.44478 × 10^317 |
| 44 | ov_044 | 1.79561 × 10^317 |
| 43 | ov_043 | 2.20731 × 10^317 |
| 42 | ov_042 | 2.68668 × 10^317 |
| 41 | ov_041 | 3.24090 × 10^317 |
| 40 | ov_040 | 3.87759 × 10^317 |
| 39 | ov_039 | 4.60477 × 10^317 |
| 31 | ov_031 | 4.78801 × 10^317 |
| 38 | ov_038 | 5.43093 × 10^317 |
| 37 | ov_037 | 6.36505 × 10^317 |
| 36 | ov_036 | 7.41659 × 10^317 |
| 35 | ov_035 | 8.59557 × 10^317 |
| 34 | ov_034 | 9.91256 × 10^317 |
| 33 | ov_033 | 1.13787 × 10^318 |
| 30 | ov_030 | 2.45372 × 10^318 |
| 29 | ov_029 | 8.93532 × 10^318 |
| 28 | ov_028 | 2.55543 × 10^319 |
| 27 | ov_027 | 6.16079 × 10^319 |
| 26 | ov_026 | 1.30631 × 10^320 |
| 25 | ov_025 | 2.50544 × 10^320 |
| 24 | ov_024 | 4.43651 × 10^320 |
| 23 | ov_023 | 7.36643 × 10^320 |
| 22 | ov_022 | 1.16059 × 10^321 |
| 21 | ov_021 | 1.75096 × 10^321 |
| 20 | ov_020 | 2.54762 × 10^321 |
| 19 | ov_019 | 3.59480 × 10^321 |
| 18 | ov_018 | 4.94117 × 10^321 |
| 17 | ov_017 | 6.63982 × 10^321 |
| 16 | ov_016 | 8.74828 × 10^321 |
| 15 | ov_015 | 1.13285 × 10^322 |
| 14 | ov_014 | 1.44472 × 10^322 |
| 13 | ov_013 | 1.81753 × 10^322 |
| 12 | ov_012 | 2.25887 × 10^322 |
| 11 | ov_011 | 2.77678 × 10^322 |
| 10 | ov_010 | 3.37982 × 10^322 |
| 9 | ov_009 | 4.07703 × 10^322 |
| 8 | ov_008 | 4.87798 × 10^322 |
| 7 | ov_007 | 5.79276 × 10^322 |
| 6 | ov_006 | 6.83208 × 10^322 |
| 5 | ov_005 | 8.00719 × 10^322 |
| 4 | ov_004 | 9.33002 × 10^322 |
| 3 | ov_003 | 1.08131 × 10^323 |
| 2 | ov_002 | 1.24699 × 10^323 |
| 1 | ov_001 | 1.43144 × 10^323 |

