# Results for T001-T002-F003-F004-F005-T006-T007-F008-T009-F010-F011-T012-F013-F014-F015-T016-F017-F018-F019-F020-T021-F022-F023-T024-F025-T026-F027-T028-T029-F030-F031-F032-F033-F034-T035-F036-T037-T038-F039-F040-T041-T042-T043-F044-F045-F046-F047-F048-F049-F050-F051-F052-F053-F054-F055-F056-T057-F058-T059-F060-F061-T062-T063-T064-F065-T066-T067-T068-T069-T070-F071-T072-T073-T074-T075-T076-T077-T078-F079-F080-F081-F082-F083-F084-F085-F086-F087-T088-T089-F090-T091-F092-F093-F094-F095-T096-T097-F098-T099-F100-T101-F102-F103-T104-T105-T106-T107-F108-T109-T110-T111-T112-T113-T114-T115-T116-F117-T118-F119-T120-T121-F122-F123-F124-F125-T126-F127-F128-F129-T130-F131-F132-T133-F134-T135-T136-F137-F138-T139-T140-F141-T142-F143-T144-T145-T146-F147-F148-T149-T150-T151-F152-T153-T154-F155-F156-F157-T158-F159-T160-F161-F162-F163-T164-F165-T166-T167-F168-T169-F170-T171-T172-F173-F174-T175-F176-T177-T178-T179-T180-T181-F182-T183-T184-T185-F186-T187-F188-F189-T190-F191-T192-T193-F194-F195-F196-T197-F198-F199-T200-F201-T202-F203-F204-F205-F206-T207-F208-F209-F210-F211-T212-F213-T214-T215-T216-F217-T218-T219-F220-F221-F222-F223-F224-T225-F226-T227-T228-T229-T230-F231-F232-F233-F234-F235-T236-T237-T238-T239-T240-F241-T242-F243-F244-T245-T246-T247-T248-F249-T250-F251-T252-F253-T254-F255-F256-T257-F258-F259-F260-T261-F262-F263-T264-F265-F266-F267-T268-T269-F270-T271-F272-T273-F274-F275-F276-T277-F278-F279-T280-F281-F282-F283-T284-F285-T286-T287-F288-T289-T290-T291-F292-F293-T294-T295-F296-T297-F298-T299-T300-T301-T302-T303-F304-F305-F306-F307-F308-T309-T310-F311-T312-F313-T314-T315-F316-T317-F318-T319-F320-F321-F322-T323-F324-F325-F326-F327-F328-F329-T330-F331-F332-T333-T334-T335-F336-F337-T338-F339-T340-F341-F342-T343-T344-F345-T346-F347-T348-F349-F350-T351-T352-F353-T354-F355-F356-T357-F358-F359-F360-F361-T362-T363-T364-T365-T366-T367-F368-F369-T370-F371-F372-T373-F374-T375-T376-F377-T378-F379-F380-T381-F382-F383-F384-T385-F386-T387-F388-T389-F390-F391-F392-F393-T394-F395-T396-T397-T398-T399-T400-T401-T402-T403-F404-T405-F406-F407-F408-F409-F410-F411-T412-T413-F414-T415-F416-T417-T418-T419-T420-F421-F422-T423-F424-F425-T426-F427-F428-T429-F430-F431-T432-F433-T434-T435-T436-F437-F438-F439-F440-F441-T442-T443-T444-F445-F446-F447-F448-F449-F450-T451-F452-T453-T454-F456-T457-T458-F459-F460-F461-T462-F463-F464-F465-T466-F467-T468-F469-F470-F471-F472-F473-T474-T475-T476-F477-F478-F479-F480-T487-T489-T491-F494-F496-F500-T505-T507-T509

## Summary

Number of input bits: 512  
Number of free input bits: 24  
Number of output bits: 160

Number of assignments: 19507  
Number of operations: 46607
(xor: 19694,
and: 13804,
or: 13109)

Total complexity: 1.29304 × 10^324

Least complex input bit: iv_488 (2.89621 × 10^319)  
Most complex input bit: iv_486 (2.42320 × 10^323)

Least complex output bit: aaa_76_29 (1.10315 × 10^298)  
Most complex output bit: ov_001 (2.00250 × 10^323)

Least complex input/output complexity: iv_488/aaa_76_29 (2.47088 × 10^293)  
Most complex input/output complexity: iv_486/ov_001 (3.75275 × 10^322)

## Input Bits

| Input Bit | Complexity | Occurrences |
|:---------:|:----------:|:-----------:|
| iv_455 | 9.51316 × 10^322 | 48 |
| iv_481 | 2.28302 × 10^322 | 49 |
| iv_482 | 9.51315 × 10^322 | 60 |
| iv_483 | 1.25892 × 10^323 | 49 |
| iv_484 | 1.83932 × 10^323 | 49 |
| iv_485 | 2.42318 × 10^323 | 56 |
| iv_486 | 2.42320 × 10^323 | 62 |
| iv_488 | 2.89621 × 10^319 | 78 |
| iv_490 | 1.12314 × 10^320 | 67 |
| iv_492 | 6.05967 × 10^320 | 80 |
| iv_493 | 1.20721 × 10^321 | 70 |
| iv_495 | 3.34725 × 10^321 | 72 |
| iv_497 | 7.30384 × 10^321 | 81 |
| iv_498 | 2.90787 × 10^321 | 78 |
| iv_499 | 3.67917 × 10^321 | 86 |
| iv_501 | 1.01850 × 10^322 | 76 |
| iv_502 | 1.69722 × 10^322 | 64 |
| iv_503 | 2.50938 × 10^322 | 62 |
| iv_504 | 3.47158 × 10^322 | 67 |
| iv_506 | 3.54067 × 10^321 | 75 |
| iv_508 | 1.34811 × 10^322 | 78 |
| iv_510 | 3.69481 × 10^322 | 76 |
| iv_511 | 5.30214 × 10^322 | 64 |
| iv_512 | 7.23358 × 10^322 | 73 |

## Input Bits Sorted by Complexity

| Input Bit | Complexity | Occurrences |
|:---------:|:----------:|:-----------:|
| iv_488 | 2.89621 × 10^319 | 78 |
| iv_490 | 1.12314 × 10^320 | 67 |
| iv_492 | 6.05967 × 10^320 | 80 |
| iv_493 | 1.20721 × 10^321 | 70 |
| iv_498 | 2.90787 × 10^321 | 78 |
| iv_495 | 3.34725 × 10^321 | 72 |
| iv_506 | 3.54067 × 10^321 | 75 |
| iv_499 | 3.67917 × 10^321 | 86 |
| iv_497 | 7.30384 × 10^321 | 81 |
| iv_501 | 1.01850 × 10^322 | 76 |
| iv_508 | 1.34811 × 10^322 | 78 |
| iv_502 | 1.69722 × 10^322 | 64 |
| iv_481 | 2.28302 × 10^322 | 49 |
| iv_503 | 2.50938 × 10^322 | 62 |
| iv_504 | 3.47158 × 10^322 | 67 |
| iv_510 | 3.69481 × 10^322 | 76 |
| iv_511 | 5.30214 × 10^322 | 64 |
| iv_512 | 7.23358 × 10^322 | 73 |
| iv_482 | 9.51315 × 10^322 | 60 |
| iv_455 | 9.51316 × 10^322 | 48 |
| iv_483 | 1.25892 × 10^323 | 49 |
| iv_484 | 1.83932 × 10^323 | 49 |
| iv_485 | 2.42318 × 10^323 | 56 |
| iv_486 | 2.42320 × 10^323 | 62 |

## Input Bits Sorted by Occurrences

| Input Bit | Complexity | Occurrences |
|:---------:|:----------:|:-----------:|
| iv_455 | 9.51316 × 10^322 | 48 |
| iv_481 | 2.28302 × 10^322 | 49 |
| iv_484 | 1.83932 × 10^323 | 49 |
| iv_483 | 1.25892 × 10^323 | 49 |
| iv_485 | 2.42318 × 10^323 | 56 |
| iv_482 | 9.51315 × 10^322 | 60 |
| iv_486 | 2.42320 × 10^323 | 62 |
| iv_503 | 2.50938 × 10^322 | 62 |
| iv_511 | 5.30214 × 10^322 | 64 |
| iv_502 | 1.69722 × 10^322 | 64 |
| iv_490 | 1.12314 × 10^320 | 67 |
| iv_504 | 3.47158 × 10^322 | 67 |
| iv_493 | 1.20721 × 10^321 | 70 |
| iv_495 | 3.34725 × 10^321 | 72 |
| iv_512 | 7.23358 × 10^322 | 73 |
| iv_506 | 3.54067 × 10^321 | 75 |
| iv_501 | 1.01850 × 10^322 | 76 |
| iv_510 | 3.69481 × 10^322 | 76 |
| iv_508 | 1.34811 × 10^322 | 78 |
| iv_498 | 2.90787 × 10^321 | 78 |
| iv_488 | 2.89621 × 10^319 | 78 |
| iv_492 | 6.05967 × 10^320 | 80 |
| iv_497 | 7.30384 × 10^321 | 81 |
| iv_499 | 3.67917 × 10^321 | 86 |

## Output Bits

| Rank | Output Bit | Complexity |
|:----:|:----------:|:----------:|
| 1 | ov_001 | 2.00250 × 10^323 |
| 2 | ov_002 | 1.74446 × 10^323 |
| 3 | ov_003 | 1.51269 × 10^323 |
| 4 | ov_004 | 1.30521 × 10^323 |
| 5 | ov_005 | 1.12015 × 10^323 |
| 6 | ov_006 | 9.55766 × 10^322 |
| 7 | ov_007 | 8.10373 × 10^322 |
| 8 | ov_008 | 6.82399 × 10^322 |
| 9 | ov_009 | 5.70352 × 10^322 |
| 10 | ov_010 | 4.72817 × 10^322 |
| 11 | ov_011 | 3.88455 × 10^322 |
| 12 | ov_012 | 3.16002 × 10^322 |
| 13 | ov_013 | 2.54261 × 10^322 |
| 14 | ov_014 | 2.02107 × 10^322 |
| 15 | ov_015 | 1.58479 × 10^322 |
| 16 | ov_016 | 1.22383 × 10^322 |
| 17 | ov_017 | 9.28871 × 10^321 |
| 18 | ov_018 | 6.91240 × 10^321 |
| 19 | ov_019 | 5.02891 × 10^321 |
| 20 | ov_020 | 3.56396 × 10^321 |
| 21 | ov_021 | 2.44949 × 10^321 |
| 22 | ov_022 | 1.62360 × 10^321 |
| 23 | ov_023 | 1.03051 × 10^321 |
| 24 | ov_024 | 6.20641 × 10^320 |
| 25 | ov_025 | 3.50496 × 10^320 |
| 26 | ov_026 | 1.82745 × 10^320 |
| 27 | ov_027 | 8.61858 × 10^319 |
| 28 | ov_028 | 3.57489 × 10^319 |
| 29 | ov_029 | 1.24999 × 10^319 |
| 30 | ov_030 | 3.43260 × 10^318 |
| 31 | ov_031 | 6.69814 × 10^317 |
| 32 | lv_80_m31 | 1.30677 × 10^317 |
| 33 | ov_033 | 1.59182 × 10^318 |
| 34 | ov_034 | 1.38670 × 10^318 |
| 35 | ov_035 | 1.20246 × 10^318 |
| 36 | ov_036 | 1.03753 × 10^318 |
| 37 | ov_037 | 8.90432 × 10^317 |
| 38 | ov_038 | 7.59755 × 10^317 |
| 39 | ov_039 | 6.44179 × 10^317 |
| 40 | ov_040 | 5.42451 × 10^317 |
| 41 | ov_041 | 4.53383 × 10^317 |
| 42 | ov_042 | 3.75850 × 10^317 |
| 43 | ov_043 | 3.08790 × 10^317 |
| 44 | ov_044 | 2.51195 × 10^317 |
| 45 | ov_045 | 2.02117 × 10^317 |
| 46 | ov_046 | 1.60658 × 10^317 |
| 47 | ov_047 | 1.25978 × 10^317 |
| 48 | ov_048 | 9.72845 × 10^316 |
| 49 | ov_049 | 7.38376 × 10^316 |
| 50 | ov_050 | 5.49479 × 10^316 |
| 51 | ov_051 | 3.99756 × 10^316 |
| 52 | ov_052 | 2.83305 × 10^316 |
| 53 | ov_053 | 1.94714 × 10^316 |
| 54 | ov_054 | 1.29062 × 10^316 |
| 55 | ov_055 | 8.19177 × 10^315 |
| 56 | ov_056 | 4.93358 × 10^315 |
| 57 | ov_057 | 2.78615 × 10^315 |
| 58 | ov_058 | 1.45267 × 10^315 |
| 59 | ov_059 | 6.85105 × 10^314 |
| 60 | ov_060 | 2.84174 × 10^314 |
| 61 | ov_061 | 9.93644 × 10^313 |
| 62 | ov_062 | 2.72863 × 10^313 |
| 63 | ov_063 | 5.32447 × 10^312 |
| 64 | lv_79_m31 | 1.03877 × 10^312 |
| 65 | ov_065 | 1.26534 × 10^313 |
| 66 | ov_066 | 1.26534 × 10^313 |
| 67 | ov_067 | 1.26534 × 10^313 |
| 68 | ov_068 | 1.10229 × 10^313 |
| 69 | ov_069 | 9.55841 × 10^312 |
| 70 | ov_070 | 8.24734 × 10^312 |
| 71 | ov_071 | 7.07798 × 10^312 |
| 72 | ov_072 | 6.03920 × 10^312 |
| 73 | ov_073 | 5.12047 × 10^312 |
| 74 | ov_074 | 4.31182 × 10^312 |
| 75 | ov_075 | 3.60380 × 10^312 |
| 76 | ov_076 | 2.98748 × 10^312 |
| 77 | ov_077 | 2.45440 × 10^312 |
| 78 | ov_078 | 1.99657 × 10^312 |
| 79 | ov_079 | 1.60644 × 10^312 |
| 80 | ov_080 | 1.27688 × 10^312 |
| 81 | ov_081 | 1.00120 × 10^312 |
| 82 | ov_082 | 7.73114 × 10^311 |
| 83 | ov_083 | 5.86730 × 10^311 |
| 84 | ov_084 | 4.36573 × 10^311 |
| 85 | ov_085 | 3.17556 × 10^311 |
| 86 | ov_086 | 2.24987 × 10^311 |
| 87 | ov_087 | 1.54565 × 10^311 |
| 88 | ov_088 | 1.02377 × 10^311 |
| 89 | ov_089 | 6.49009 × 10^310 |
| 90 | ov_090 | 3.90010 × 10^310 |
| 91 | ov_091 | 2.19307 × 10^310 |
| 92 | ov_092 | 1.13306 × 10^310 |
| 93 | ov_093 | 5.22912 × 10^309 |
| 94 | ov_094 | 2.04205 × 10^309 |
| 95 | aaa_78_28 | 5.72961 × 10^308 |
| 96 | aaa_78_29 | 1.74578 × 10^308 |
| 97 | ov_097 | 1.00584 × 10^308 |
| 98 | ov_098 | 1.00584 × 10^308 |
| 99 | ov_099 | 1.00584 × 10^308 |
| 100 | ov_100 | 8.76234 × 10^307 |
| 101 | ov_101 | 7.59814 × 10^307 |
| 102 | ov_102 | 6.55595 × 10^307 |
| 103 | ov_103 | 5.62641 × 10^307 |
| 104 | ov_104 | 4.80067 × 10^307 |
| 105 | ov_105 | 4.07035 × 10^307 |
| 106 | ov_106 | 3.42754 × 10^307 |
| 107 | ov_107 | 2.86472 × 10^307 |
| 108 | ov_108 | 2.37480 × 10^307 |
| 109 | ov_109 | 1.95105 × 10^307 |
| 110 | ov_110 | 1.58711 × 10^307 |
| 111 | ov_111 | 1.27699 × 10^307 |
| 112 | ov_112 | 1.01501 × 10^307 |
| 113 | ov_113 | 7.95876 × 10^306 |
| 114 | ov_114 | 6.14562 × 10^306 |
| 115 | ov_115 | 4.66402 × 10^306 |
| 116 | ov_116 | 3.47039 × 10^306 |
| 117 | ov_117 | 2.52431 × 10^306 |
| 118 | ov_118 | 1.78846 × 10^306 |
| 119 | ov_119 | 1.22866 × 10^306 |
| 120 | ov_120 | 8.13815 × 10^305 |
| 121 | ov_121 | 5.15908 × 10^305 |
| 122 | ov_122 | 3.10026 × 10^305 |
| 123 | ov_123 | 1.74331 × 10^305 |
| 124 | ov_124 | 9.00693 × 10^304 |
| 125 | ov_125 | 4.15671 × 10^304 |
| 126 | ov_126 | 1.62326 × 10^304 |
| 127 | aaa_77_28 | 4.55456 × 10^303 |
| 128 | aaa_77_29 | 1.38775 × 10^303 |
| 129 | ov_129 | 7.99235 × 10^302 |
| 130 | ov_130 | 7.99233 × 10^302 |
| 131 | ov_131 | 7.99232 × 10^302 |
| 132 | ov_132 | 6.96203 × 10^302 |
| 133 | ov_133 | 6.03659 × 10^302 |
| 134 | ov_134 | 5.20813 × 10^302 |
| 135 | ov_135 | 4.46922 × 10^302 |
| 136 | ov_136 | 3.81283 × 10^302 |
| 137 | ov_137 | 3.23229 × 10^302 |
| 138 | ov_138 | 2.72130 × 10^302 |
| 139 | ov_139 | 2.27391 × 10^302 |
| 140 | ov_140 | 1.88446 × 10^302 |
| 141 | ov_141 | 1.54762 × 10^302 |
| 142 | ov_142 | 1.25832 × 10^302 |
| 143 | ov_143 | 1.01179 × 10^302 |
| 144 | ov_144 | 8.03552 × 10^301 |
| 145 | ov_145 | 6.29351 × 10^301 |
| 146 | ov_146 | 4.85221 × 10^301 |
| 147 | ov_147 | 3.67447 × 10^301 |
| 148 | ov_148 | 2.72563 × 10^301 |
| 149 | ov_149 | 1.97357 × 10^301 |
| 150 | ov_150 | 1.38864 × 10^301 |
| 151 | ov_151 | 9.43645 × 10^300 |
| 152 | ov_152 | 6.13873 × 10^300 |
| 153 | ov_153 | 3.77062 × 10^300 |
| 154 | ov_154 | 2.13402 × 10^300 |
| 155 | ov_155 | 1.05536 × 10^300 |
| 156 | aaa_76_25 | 3.85551 × 10^299 |
| 157 | aaa_76_26 | 2.01388 × 10^299 |
| 158 | aaa_76_27 | 9.28307 × 10^298 |
| 159 | aaa_76_28 | 3.62050 × 10^298 |
| 160 | aaa_76_29 | 1.10315 × 10^298 |

## Output Bits Sorted by Complexity

| Rank | Output Bit | Complexity |
|:----:|:----------:|:----------:|
| 160 | aaa_76_29 | 1.10315 × 10^298 |
| 159 | aaa_76_28 | 3.62050 × 10^298 |
| 158 | aaa_76_27 | 9.28307 × 10^298 |
| 157 | aaa_76_26 | 2.01388 × 10^299 |
| 156 | aaa_76_25 | 3.85551 × 10^299 |
| 155 | ov_155 | 1.05536 × 10^300 |
| 154 | ov_154 | 2.13402 × 10^300 |
| 153 | ov_153 | 3.77062 × 10^300 |
| 152 | ov_152 | 6.13873 × 10^300 |
| 151 | ov_151 | 9.43645 × 10^300 |
| 150 | ov_150 | 1.38864 × 10^301 |
| 149 | ov_149 | 1.97357 × 10^301 |
| 148 | ov_148 | 2.72563 × 10^301 |
| 147 | ov_147 | 3.67447 × 10^301 |
| 146 | ov_146 | 4.85221 × 10^301 |
| 145 | ov_145 | 6.29351 × 10^301 |
| 144 | ov_144 | 8.03552 × 10^301 |
| 143 | ov_143 | 1.01179 × 10^302 |
| 142 | ov_142 | 1.25832 × 10^302 |
| 141 | ov_141 | 1.54762 × 10^302 |
| 140 | ov_140 | 1.88446 × 10^302 |
| 139 | ov_139 | 2.27391 × 10^302 |
| 138 | ov_138 | 2.72130 × 10^302 |
| 137 | ov_137 | 3.23229 × 10^302 |
| 136 | ov_136 | 3.81283 × 10^302 |
| 135 | ov_135 | 4.46922 × 10^302 |
| 134 | ov_134 | 5.20813 × 10^302 |
| 133 | ov_133 | 6.03659 × 10^302 |
| 132 | ov_132 | 6.96203 × 10^302 |
| 131 | ov_131 | 7.99232 × 10^302 |
| 130 | ov_130 | 7.99233 × 10^302 |
| 129 | ov_129 | 7.99235 × 10^302 |
| 128 | aaa_77_29 | 1.38775 × 10^303 |
| 127 | aaa_77_28 | 4.55456 × 10^303 |
| 126 | ov_126 | 1.62326 × 10^304 |
| 125 | ov_125 | 4.15671 × 10^304 |
| 124 | ov_124 | 9.00693 × 10^304 |
| 123 | ov_123 | 1.74331 × 10^305 |
| 122 | ov_122 | 3.10026 × 10^305 |
| 121 | ov_121 | 5.15908 × 10^305 |
| 120 | ov_120 | 8.13815 × 10^305 |
| 119 | ov_119 | 1.22866 × 10^306 |
| 118 | ov_118 | 1.78846 × 10^306 |
| 117 | ov_117 | 2.52431 × 10^306 |
| 116 | ov_116 | 3.47039 × 10^306 |
| 115 | ov_115 | 4.66402 × 10^306 |
| 114 | ov_114 | 6.14562 × 10^306 |
| 113 | ov_113 | 7.95876 × 10^306 |
| 112 | ov_112 | 1.01501 × 10^307 |
| 111 | ov_111 | 1.27699 × 10^307 |
| 110 | ov_110 | 1.58711 × 10^307 |
| 109 | ov_109 | 1.95105 × 10^307 |
| 108 | ov_108 | 2.37480 × 10^307 |
| 107 | ov_107 | 2.86472 × 10^307 |
| 106 | ov_106 | 3.42754 × 10^307 |
| 105 | ov_105 | 4.07035 × 10^307 |
| 104 | ov_104 | 4.80067 × 10^307 |
| 103 | ov_103 | 5.62641 × 10^307 |
| 102 | ov_102 | 6.55595 × 10^307 |
| 101 | ov_101 | 7.59814 × 10^307 |
| 100 | ov_100 | 8.76234 × 10^307 |
| 99 | ov_099 | 1.00584 × 10^308 |
| 98 | ov_098 | 1.00584 × 10^308 |
| 97 | ov_097 | 1.00584 × 10^308 |
| 96 | aaa_78_29 | 1.74578 × 10^308 |
| 95 | aaa_78_28 | 5.72961 × 10^308 |
| 94 | ov_094 | 2.04205 × 10^309 |
| 93 | ov_093 | 5.22912 × 10^309 |
| 92 | ov_092 | 1.13306 × 10^310 |
| 91 | ov_091 | 2.19307 × 10^310 |
| 90 | ov_090 | 3.90010 × 10^310 |
| 89 | ov_089 | 6.49009 × 10^310 |
| 88 | ov_088 | 1.02377 × 10^311 |
| 87 | ov_087 | 1.54565 × 10^311 |
| 86 | ov_086 | 2.24987 × 10^311 |
| 85 | ov_085 | 3.17556 × 10^311 |
| 84 | ov_084 | 4.36573 × 10^311 |
| 83 | ov_083 | 5.86730 × 10^311 |
| 82 | ov_082 | 7.73114 × 10^311 |
| 81 | ov_081 | 1.00120 × 10^312 |
| 64 | lv_79_m31 | 1.03877 × 10^312 |
| 80 | ov_080 | 1.27688 × 10^312 |
| 79 | ov_079 | 1.60644 × 10^312 |
| 78 | ov_078 | 1.99657 × 10^312 |
| 77 | ov_077 | 2.45440 × 10^312 |
| 76 | ov_076 | 2.98748 × 10^312 |
| 75 | ov_075 | 3.60380 × 10^312 |
| 74 | ov_074 | 4.31182 × 10^312 |
| 73 | ov_073 | 5.12047 × 10^312 |
| 63 | ov_063 | 5.32447 × 10^312 |
| 72 | ov_072 | 6.03920 × 10^312 |
| 71 | ov_071 | 7.07798 × 10^312 |
| 70 | ov_070 | 8.24734 × 10^312 |
| 69 | ov_069 | 9.55841 × 10^312 |
| 68 | ov_068 | 1.10229 × 10^313 |
| 67 | ov_067 | 1.26534 × 10^313 |
| 66 | ov_066 | 1.26534 × 10^313 |
| 65 | ov_065 | 1.26534 × 10^313 |
| 62 | ov_062 | 2.72863 × 10^313 |
| 61 | ov_061 | 9.93644 × 10^313 |
| 60 | ov_060 | 2.84174 × 10^314 |
| 59 | ov_059 | 6.85105 × 10^314 |
| 58 | ov_058 | 1.45267 × 10^315 |
| 57 | ov_057 | 2.78615 × 10^315 |
| 56 | ov_056 | 4.93358 × 10^315 |
| 55 | ov_055 | 8.19177 × 10^315 |
| 54 | ov_054 | 1.29062 × 10^316 |
| 53 | ov_053 | 1.94714 × 10^316 |
| 52 | ov_052 | 2.83305 × 10^316 |
| 51 | ov_051 | 3.99756 × 10^316 |
| 50 | ov_050 | 5.49479 × 10^316 |
| 49 | ov_049 | 7.38376 × 10^316 |
| 48 | ov_048 | 9.72845 × 10^316 |
| 47 | ov_047 | 1.25978 × 10^317 |
| 32 | lv_80_m31 | 1.30677 × 10^317 |
| 46 | ov_046 | 1.60658 × 10^317 |
| 45 | ov_045 | 2.02117 × 10^317 |
| 44 | ov_044 | 2.51195 × 10^317 |
| 43 | ov_043 | 3.08790 × 10^317 |
| 42 | ov_042 | 3.75850 × 10^317 |
| 41 | ov_041 | 4.53383 × 10^317 |
| 40 | ov_040 | 5.42451 × 10^317 |
| 39 | ov_039 | 6.44179 × 10^317 |
| 31 | ov_031 | 6.69814 × 10^317 |
| 38 | ov_038 | 7.59755 × 10^317 |
| 37 | ov_037 | 8.90432 × 10^317 |
| 36 | ov_036 | 1.03753 × 10^318 |
| 35 | ov_035 | 1.20246 × 10^318 |
| 34 | ov_034 | 1.38670 × 10^318 |
| 33 | ov_033 | 1.59182 × 10^318 |
| 30 | ov_030 | 3.43260 × 10^318 |
| 29 | ov_029 | 1.24999 × 10^319 |
| 28 | ov_028 | 3.57489 × 10^319 |
| 27 | ov_027 | 8.61858 × 10^319 |
| 26 | ov_026 | 1.82745 × 10^320 |
| 25 | ov_025 | 3.50496 × 10^320 |
| 24 | ov_024 | 6.20641 × 10^320 |
| 23 | ov_023 | 1.03051 × 10^321 |
| 22 | ov_022 | 1.62360 × 10^321 |
| 21 | ov_021 | 2.44949 × 10^321 |
| 20 | ov_020 | 3.56396 × 10^321 |
| 19 | ov_019 | 5.02891 × 10^321 |
| 18 | ov_018 | 6.91240 × 10^321 |
| 17 | ov_017 | 9.28871 × 10^321 |
| 16 | ov_016 | 1.22383 × 10^322 |
| 15 | ov_015 | 1.58479 × 10^322 |
| 14 | ov_014 | 2.02107 × 10^322 |
| 13 | ov_013 | 2.54261 × 10^322 |
| 12 | ov_012 | 3.16002 × 10^322 |
| 11 | ov_011 | 3.88455 × 10^322 |
| 10 | ov_010 | 4.72817 × 10^322 |
| 9 | ov_009 | 5.70352 × 10^322 |
| 8 | ov_008 | 6.82399 × 10^322 |
| 7 | ov_007 | 8.10373 × 10^322 |
| 6 | ov_006 | 9.55766 × 10^322 |
| 5 | ov_005 | 1.12015 × 10^323 |
| 4 | ov_004 | 1.30521 × 10^323 |
| 3 | ov_003 | 1.51269 × 10^323 |
| 2 | ov_002 | 1.74446 × 10^323 |
| 1 | ov_001 | 2.00250 × 10^323 |

