# Results for T001-T002-F003-F004-F005-T006-T007-F008-T009-F010-F011-T012-F013-F014-F015-T016-F017-F018-F019-F020-T021-F022-F023-T024-F025-T026-F027-T028-T029-F030-F031-F032-F033-F034-T035-F036-T037-T038-F039-F040-T041-T042-T043-F044-F045-F046-F047-F048-F049-F050-F051-F052-F053-F054-F055-F056-T057-F058-T059-F060-F061-T062-T063-T064-F065-T066-T067-T068-T069-T070-F071-T072-T073-T074-T075-T076-T077-T078-F079-F080-F081-F082-F083-F084-F085-F086-F087-T088-T089-F090-T091-F092-F093-F094-F095-T096-T097-F098-T099-F100-T101-F102-F103-T104-T105-T106-T107-F108-T109-T110-T111-T112-T113-T114-T115-T116-F117-T118-F119-T120-T121-F122-F123-F124-F125-T126-F127-F128-F129-T130-F131-F132-T133-F134-T135-T136-F137-F138-T139-T140-F141-T142-F143-T144-T145-T146-F147-F148-T149-T150-T151-F152-T153-T154-F155-F156-F157-T158-F159-T160-F161-F162-F163-T164-F165-T166-T167-F168-T169-F170-T171-T172-F173-F174-T175-F176-T177-T178-T179-T180-T181-F182-T183-T184-T185-F186-T187-F188-F189-T190-F191-T192-T193-F194-F195-F196-T197-F198-F199-T200-F201-T202-F203-F204-F205-F206-T207-F208-F209-F210-F211-T212-F213-T214-T215-T216-F217-T218-T219-F220-F221-F222-F223-F224-T225-F226-T227-T228-T229-T230-F231-F232-F233-F234-F235-T236-T237-T238-T239-T240-F241-T242-F243-F244-T245-T246-T247-T248-F249-T250-F251-T252-F253-T254-F255-F256-T257-F258-F259-F260-T261-F262-F263-T264-F265-F266-F267-T268-T269-F270-T271-F272-T273-F274-F275-F276-T277-F278-F279-T280-F281-F282-F283-T284-F285-T286-T287-F288-T289-T290-T291-F292-F293-T294-T295-F296-T297-F298-T299-T300-T301-T302-T303-F304-F305-F306-F307-F308-T309-T310-F311-T312-F313-T314-T315-F316-T317-F318-T319-F320-F321-F322-T323-F324-F325-F326-F327-F328-F329-T330-F331-F332-T333-T334-T335-F336-F337-T338-F339-T340-F341-F342-T343-T344-F345-T346-F347-T348-F349-F350-T351-T352-F353-T354-F355-F356-T357-F358-F359-F360-F361-T362-T363-T364-T365-T366-T367-F368-F369-T370-F371-F372-T373-F374-T375-T376-F377-T378-F379-F380-T381-F382-F383-F384-T385-F386-T387-F388-T389-F390-F391-F392-F393-T394-F395-T396-T397-T398-T399-T400-T401-T402-T403-F404-T405-F406-F407-F408-F409-F410-F411-T412-T413-F414-T415-F416-T417-T418-T419-T420-F421-F422-T423-F424-F425-T426-F427-F428-T429-F430-F431-T432-F433-T434-T435-T436-F437-F438-F439-F440-F441-T442-T443-T444-F445-F446-F447-F448-F449-F450-T451-F452-T453-T454-F456-T457-T458-F459-F460-F461-T462-F463-F464-F465-T466-F467-T468-F469-F470-F471-F472-F473-T474-T475-T476-F477-F478-F479-F480-F484-F487-T489-T491-F494-F496-F500-T505-T507-T509

## Summary

Number of input bits: 512  
Number of free input bits: 23  
Number of output bits: 160

Number of assignments: 19473  
Number of operations: 46447
(xor: 19592,
and: 13773,
or: 13082)

Total complexity: 4.99761 × 10^323

Least complex input bit: iv_488 (3.02675 × 10^319)  
Most complex input bit: iv_512 (7.00451 × 10^322)

Least complex output bit: aaa_76_29 (4.26368 × 10^297)  
Most complex output bit: ov_001 (7.73967 × 10^322)

Least complex input/output complexity: iv_488/aaa_76_29 (2.58226 × 10^293)  
Most complex input/output complexity: iv_512/ov_001 (1.08476 × 10^322)

## Input Bits

| Input Bit | Complexity | Occurrences |
|:---------:|:----------:|:-----------:|
| iv_455 | 7.00118 × 10^322 | 47 |
| iv_481 | 2.21072 × 10^322 | 49 |
| iv_482 | 7.00118 × 10^322 | 67 |
| iv_483 | 5.18945 × 10^322 | 61 |
| iv_485 | 4.64280 × 10^321 | 56 |
| iv_486 | 4.64503 × 10^321 | 71 |
| iv_488 | 3.02675 × 10^319 | 79 |
| iv_490 | 1.08758 × 10^320 | 67 |
| iv_492 | 5.86783 × 10^320 | 80 |
| iv_493 | 1.16899 × 10^321 | 70 |
| iv_495 | 3.24127 × 10^321 | 72 |
| iv_497 | 7.07258 × 10^321 | 81 |
| iv_498 | 2.81579 × 10^321 | 78 |
| iv_499 | 3.56266 × 10^321 | 86 |
| iv_501 | 9.86253 × 10^321 | 76 |
| iv_502 | 1.64347 × 10^322 | 64 |
| iv_503 | 2.42991 × 10^322 | 62 |
| iv_504 | 3.36165 × 10^322 | 67 |
| iv_506 | 3.42854 × 10^321 | 75 |
| iv_508 | 1.30541 × 10^322 | 78 |
| iv_510 | 3.57780 × 10^322 | 76 |
| iv_511 | 5.13423 × 10^322 | 64 |
| iv_512 | 7.00451 × 10^322 | 73 |

## Input Bits Sorted by Complexity

| Input Bit | Complexity | Occurrences |
|:---------:|:----------:|:-----------:|
| iv_488 | 3.02675 × 10^319 | 79 |
| iv_490 | 1.08758 × 10^320 | 67 |
| iv_492 | 5.86783 × 10^320 | 80 |
| iv_493 | 1.16899 × 10^321 | 70 |
| iv_498 | 2.81579 × 10^321 | 78 |
| iv_495 | 3.24127 × 10^321 | 72 |
| iv_506 | 3.42854 × 10^321 | 75 |
| iv_499 | 3.56266 × 10^321 | 86 |
| iv_485 | 4.64280 × 10^321 | 56 |
| iv_486 | 4.64503 × 10^321 | 71 |
| iv_497 | 7.07258 × 10^321 | 81 |
| iv_501 | 9.86253 × 10^321 | 76 |
| iv_508 | 1.30541 × 10^322 | 78 |
| iv_502 | 1.64347 × 10^322 | 64 |
| iv_481 | 2.21072 × 10^322 | 49 |
| iv_503 | 2.42991 × 10^322 | 62 |
| iv_504 | 3.36165 × 10^322 | 67 |
| iv_510 | 3.57780 × 10^322 | 76 |
| iv_511 | 5.13423 × 10^322 | 64 |
| iv_483 | 5.18945 × 10^322 | 61 |
| iv_482 | 7.00118 × 10^322 | 67 |
| iv_455 | 7.00118 × 10^322 | 47 |
| iv_512 | 7.00451 × 10^322 | 73 |

## Input Bits Sorted by Occurrences

| Input Bit | Complexity | Occurrences |
|:---------:|:----------:|:-----------:|
| iv_455 | 7.00118 × 10^322 | 47 |
| iv_481 | 2.21072 × 10^322 | 49 |
| iv_485 | 4.64280 × 10^321 | 56 |
| iv_483 | 5.18945 × 10^322 | 61 |
| iv_503 | 2.42991 × 10^322 | 62 |
| iv_511 | 5.13423 × 10^322 | 64 |
| iv_502 | 1.64347 × 10^322 | 64 |
| iv_482 | 7.00118 × 10^322 | 67 |
| iv_490 | 1.08758 × 10^320 | 67 |
| iv_504 | 3.36165 × 10^322 | 67 |
| iv_493 | 1.16899 × 10^321 | 70 |
| iv_486 | 4.64503 × 10^321 | 71 |
| iv_495 | 3.24127 × 10^321 | 72 |
| iv_512 | 7.00451 × 10^322 | 73 |
| iv_506 | 3.42854 × 10^321 | 75 |
| iv_501 | 9.86253 × 10^321 | 76 |
| iv_510 | 3.57780 × 10^322 | 76 |
| iv_508 | 1.30541 × 10^322 | 78 |
| iv_498 | 2.81579 × 10^321 | 78 |
| iv_488 | 3.02675 × 10^319 | 79 |
| iv_492 | 5.86783 × 10^320 | 80 |
| iv_497 | 7.07258 × 10^321 | 81 |
| iv_499 | 3.56266 × 10^321 | 86 |

## Output Bits

| Rank | Output Bit | Complexity |
|:----:|:----------:|:----------:|
| 1 | ov_001 | 7.73967 × 10^322 |
| 2 | ov_002 | 6.74237 × 10^322 |
| 3 | ov_003 | 5.84657 × 10^322 |
| 4 | ov_004 | 5.04465 × 10^322 |
| 5 | ov_005 | 4.32941 × 10^322 |
| 6 | ov_006 | 3.69404 × 10^322 |
| 7 | ov_007 | 3.13209 × 10^322 |
| 8 | ov_008 | 2.63747 × 10^322 |
| 9 | ov_009 | 2.20441 × 10^322 |
| 10 | ov_010 | 1.82744 × 10^322 |
| 11 | ov_011 | 1.50138 × 10^322 |
| 12 | ov_012 | 1.22134 × 10^322 |
| 13 | ov_013 | 9.82722 × 10^321 |
| 14 | ov_014 | 7.81146 × 10^321 |
| 15 | ov_015 | 6.12524 × 10^321 |
| 16 | ov_016 | 4.73011 × 10^321 |
| 17 | ov_017 | 3.59009 × 10^321 |
| 18 | ov_018 | 2.67164 × 10^321 |
| 19 | ov_019 | 1.94367 × 10^321 |
| 20 | ov_020 | 1.37747 × 10^321 |
| 21 | ov_021 | 9.46731 × 10^320 |
| 22 | ov_022 | 6.27522 × 10^320 |
| 23 | ov_023 | 3.98295 × 10^320 |
| 24 | ov_024 | 2.39878 × 10^320 |
| 25 | ov_025 | 1.35466 × 10^320 |
| 26 | ov_026 | 7.06311 × 10^319 |
| 27 | ov_027 | 3.33108 × 10^319 |
| 28 | ov_028 | 1.38169 × 10^319 |
| 29 | ov_029 | 4.83124 × 10^318 |
| 30 | ov_030 | 1.32670 × 10^318 |
| 31 | ov_031 | 2.58883 × 10^317 |
| 32 | lv_80_m31 | 5.05068 × 10^316 |
| 33 | ov_033 | 6.15239 × 10^317 |
| 34 | ov_034 | 5.35962 × 10^317 |
| 35 | ov_035 | 4.64754 × 10^317 |
| 36 | ov_036 | 4.01008 × 10^317 |
| 37 | ov_037 | 3.44152 × 10^317 |
| 38 | ov_038 | 2.93645 × 10^317 |
| 39 | ov_039 | 2.48975 × 10^317 |
| 40 | ov_040 | 2.09657 × 10^317 |
| 41 | ov_041 | 1.75232 × 10^317 |
| 42 | ov_042 | 1.45266 × 10^317 |
| 43 | ov_043 | 1.19347 × 10^317 |
| 44 | ov_044 | 9.70871 × 10^316 |
| 45 | ov_045 | 7.81182 × 10^316 |
| 46 | ov_046 | 6.20946 × 10^316 |
| 47 | ov_047 | 4.86906 × 10^316 |
| 48 | ov_048 | 3.76004 × 10^316 |
| 49 | ov_049 | 2.85382 × 10^316 |
| 50 | ov_050 | 2.12373 × 10^316 |
| 51 | ov_051 | 1.54506 × 10^316 |
| 52 | ov_052 | 1.09497 × 10^316 |
| 53 | ov_053 | 7.52573 × 10^315 |
| 54 | ov_054 | 4.98828 × 10^315 |
| 55 | ov_055 | 3.16612 × 10^315 |
| 56 | ov_056 | 1.90683 × 10^315 |
| 57 | ov_057 | 1.07685 × 10^315 |
| 58 | ov_058 | 5.61459 × 10^314 |
| 59 | ov_059 | 2.64793 × 10^314 |
| 60 | ov_060 | 1.09833 × 10^314 |
| 61 | ov_061 | 3.84043 × 10^313 |
| 62 | ov_062 | 1.05461 × 10^313 |
| 63 | ov_063 | 2.05790 × 10^312 |
| 64 | lv_79_m31 | 4.01488 × 10^311 |
| 65 | ov_065 | 4.89057 × 10^312 |
| 66 | ov_066 | 4.89056 × 10^312 |
| 67 | ov_067 | 4.89056 × 10^312 |
| 68 | ov_068 | 4.26037 × 10^312 |
| 69 | ov_069 | 3.69432 × 10^312 |
| 70 | ov_070 | 3.18760 × 10^312 |
| 71 | ov_071 | 2.73564 × 10^312 |
| 72 | ov_072 | 2.33415 × 10^312 |
| 73 | ov_073 | 1.97906 × 10^312 |
| 74 | ov_074 | 1.66652 × 10^312 |
| 75 | ov_075 | 1.39287 × 10^312 |
| 76 | ov_076 | 1.15466 × 10^312 |
| 77 | ov_077 | 9.48629 × 10^311 |
| 78 | ov_078 | 7.71678 × 10^311 |
| 79 | ov_079 | 6.20891 × 10^311 |
| 80 | ov_080 | 4.93517 × 10^311 |
| 81 | ov_081 | 3.86966 × 10^311 |
| 82 | ov_082 | 2.98808 × 10^311 |
| 83 | ov_083 | 2.26771 × 10^311 |
| 84 | ov_084 | 1.68735 × 10^311 |
| 85 | ov_085 | 1.22735 × 10^311 |
| 86 | ov_086 | 8.69578 × 10^310 |
| 87 | ov_087 | 5.97395 × 10^310 |
| 88 | ov_088 | 3.95688 × 10^310 |
| 89 | ov_089 | 2.50842 × 10^310 |
| 90 | ov_090 | 1.50739 × 10^310 |
| 91 | ov_091 | 8.47623 × 10^309 |
| 92 | ov_092 | 4.37930 × 10^309 |
| 93 | ov_093 | 2.02105 × 10^309 |
| 94 | ov_094 | 7.89252 × 10^308 |
| 95 | aaa_78_28 | 2.21449 × 10^308 |
| 96 | aaa_78_29 | 6.74748 × 10^307 |
| 97 | ov_097 | 3.88760 × 10^307 |
| 98 | ov_098 | 3.88759 × 10^307 |
| 99 | ov_099 | 3.88759 × 10^307 |
| 100 | ov_100 | 3.38664 × 10^307 |
| 101 | ov_101 | 2.93668 × 10^307 |
| 102 | ov_102 | 2.53387 × 10^307 |
| 103 | ov_103 | 2.17461 × 10^307 |
| 104 | ov_104 | 1.85546 × 10^307 |
| 105 | ov_105 | 1.57319 × 10^307 |
| 106 | ov_106 | 1.32474 × 10^307 |
| 107 | ov_107 | 1.10721 × 10^307 |
| 108 | ov_108 | 9.17862 × 10^306 |
| 109 | ov_109 | 7.54082 × 10^306 |
| 110 | ov_110 | 6.13420 × 10^306 |
| 111 | ov_111 | 4.93557 × 10^306 |
| 112 | ov_112 | 3.92305 × 10^306 |
| 113 | ov_113 | 3.07606 × 10^306 |
| 114 | ov_114 | 2.37528 × 10^306 |
| 115 | ov_115 | 1.80264 × 10^306 |
| 116 | ov_116 | 1.34130 × 10^306 |
| 117 | ov_117 | 9.75647 × 10^305 |
| 118 | ov_118 | 6.91242 × 10^305 |
| 119 | ov_119 | 4.74879 × 10^305 |
| 120 | ov_120 | 3.14539 × 10^305 |
| 121 | ov_121 | 1.99398 × 10^305 |
| 122 | ov_122 | 1.19825 × 10^305 |
| 123 | ov_123 | 6.73790 × 10^304 |
| 124 | ov_124 | 3.48118 × 10^304 |
| 125 | ov_125 | 1.60657 × 10^304 |
| 126 | ov_126 | 6.27390 × 10^303 |
| 127 | aaa_77_28 | 1.76034 × 10^303 |
| 128 | aaa_77_29 | 5.36368 × 10^302 |
| 129 | ov_129 | 3.08904 × 10^302 |
| 130 | ov_130 | 3.08903 × 10^302 |
| 131 | ov_131 | 3.08903 × 10^302 |
| 132 | ov_132 | 2.69082 × 10^302 |
| 133 | ov_133 | 2.33314 × 10^302 |
| 134 | ov_134 | 2.01294 × 10^302 |
| 135 | ov_135 | 1.72735 × 10^302 |
| 136 | ov_136 | 1.47366 × 10^302 |
| 137 | ov_137 | 1.24928 × 10^302 |
| 138 | ov_138 | 1.05178 × 10^302 |
| 139 | ov_139 | 8.78868 × 10^301 |
| 140 | ov_140 | 7.28347 × 10^301 |
| 141 | ov_141 | 5.98155 × 10^301 |
| 142 | ov_142 | 4.86341 × 10^301 |
| 143 | ov_143 | 3.91060 × 10^301 |
| 144 | ov_144 | 3.10573 × 10^301 |
| 145 | ov_145 | 2.43244 × 10^301 |
| 146 | ov_146 | 1.87538 × 10^301 |
| 147 | ov_147 | 1.42018 × 10^301 |
| 148 | ov_148 | 1.05345 × 10^301 |
| 149 | ov_149 | 7.62788 × 10^300 |
| 150 | ov_150 | 5.36709 × 10^300 |
| 151 | ov_151 | 3.64719 × 10^300 |
| 152 | ov_152 | 2.37262 × 10^300 |
| 153 | ov_153 | 1.45734 × 10^300 |
| 154 | ov_154 | 8.24801 × 10^299 |
| 155 | ov_155 | 4.07898 × 10^299 |
| 156 | aaa_76_25 | 1.49015 × 10^299 |
| 157 | aaa_76_26 | 7.78368 × 10^298 |
| 158 | aaa_76_27 | 3.58791 × 10^298 |
| 159 | aaa_76_28 | 1.39932 × 10^298 |
| 160 | aaa_76_29 | 4.26368 × 10^297 |

## Output Bits Sorted by Complexity

| Rank | Output Bit | Complexity |
|:----:|:----------:|:----------:|
| 160 | aaa_76_29 | 4.26368 × 10^297 |
| 159 | aaa_76_28 | 1.39932 × 10^298 |
| 158 | aaa_76_27 | 3.58791 × 10^298 |
| 157 | aaa_76_26 | 7.78368 × 10^298 |
| 156 | aaa_76_25 | 1.49015 × 10^299 |
| 155 | ov_155 | 4.07898 × 10^299 |
| 154 | ov_154 | 8.24801 × 10^299 |
| 153 | ov_153 | 1.45734 × 10^300 |
| 152 | ov_152 | 2.37262 × 10^300 |
| 151 | ov_151 | 3.64719 × 10^300 |
| 150 | ov_150 | 5.36709 × 10^300 |
| 149 | ov_149 | 7.62788 × 10^300 |
| 148 | ov_148 | 1.05345 × 10^301 |
| 147 | ov_147 | 1.42018 × 10^301 |
| 146 | ov_146 | 1.87538 × 10^301 |
| 145 | ov_145 | 2.43244 × 10^301 |
| 144 | ov_144 | 3.10573 × 10^301 |
| 143 | ov_143 | 3.91060 × 10^301 |
| 142 | ov_142 | 4.86341 × 10^301 |
| 141 | ov_141 | 5.98155 × 10^301 |
| 140 | ov_140 | 7.28347 × 10^301 |
| 139 | ov_139 | 8.78868 × 10^301 |
| 138 | ov_138 | 1.05178 × 10^302 |
| 137 | ov_137 | 1.24928 × 10^302 |
| 136 | ov_136 | 1.47366 × 10^302 |
| 135 | ov_135 | 1.72735 × 10^302 |
| 134 | ov_134 | 2.01294 × 10^302 |
| 133 | ov_133 | 2.33314 × 10^302 |
| 132 | ov_132 | 2.69082 × 10^302 |
| 131 | ov_131 | 3.08903 × 10^302 |
| 130 | ov_130 | 3.08903 × 10^302 |
| 129 | ov_129 | 3.08904 × 10^302 |
| 128 | aaa_77_29 | 5.36368 × 10^302 |
| 127 | aaa_77_28 | 1.76034 × 10^303 |
| 126 | ov_126 | 6.27390 × 10^303 |
| 125 | ov_125 | 1.60657 × 10^304 |
| 124 | ov_124 | 3.48118 × 10^304 |
| 123 | ov_123 | 6.73790 × 10^304 |
| 122 | ov_122 | 1.19825 × 10^305 |
| 121 | ov_121 | 1.99398 × 10^305 |
| 120 | ov_120 | 3.14539 × 10^305 |
| 119 | ov_119 | 4.74879 × 10^305 |
| 118 | ov_118 | 6.91242 × 10^305 |
| 117 | ov_117 | 9.75647 × 10^305 |
| 116 | ov_116 | 1.34130 × 10^306 |
| 115 | ov_115 | 1.80264 × 10^306 |
| 114 | ov_114 | 2.37528 × 10^306 |
| 113 | ov_113 | 3.07606 × 10^306 |
| 112 | ov_112 | 3.92305 × 10^306 |
| 111 | ov_111 | 4.93557 × 10^306 |
| 110 | ov_110 | 6.13420 × 10^306 |
| 109 | ov_109 | 7.54082 × 10^306 |
| 108 | ov_108 | 9.17862 × 10^306 |
| 107 | ov_107 | 1.10721 × 10^307 |
| 106 | ov_106 | 1.32474 × 10^307 |
| 105 | ov_105 | 1.57319 × 10^307 |
| 104 | ov_104 | 1.85546 × 10^307 |
| 103 | ov_103 | 2.17461 × 10^307 |
| 102 | ov_102 | 2.53387 × 10^307 |
| 101 | ov_101 | 2.93668 × 10^307 |
| 100 | ov_100 | 3.38664 × 10^307 |
| 99 | ov_099 | 3.88759 × 10^307 |
| 98 | ov_098 | 3.88759 × 10^307 |
| 97 | ov_097 | 3.88760 × 10^307 |
| 96 | aaa_78_29 | 6.74748 × 10^307 |
| 95 | aaa_78_28 | 2.21449 × 10^308 |
| 94 | ov_094 | 7.89252 × 10^308 |
| 93 | ov_093 | 2.02105 × 10^309 |
| 92 | ov_092 | 4.37930 × 10^309 |
| 91 | ov_091 | 8.47623 × 10^309 |
| 90 | ov_090 | 1.50739 × 10^310 |
| 89 | ov_089 | 2.50842 × 10^310 |
| 88 | ov_088 | 3.95688 × 10^310 |
| 87 | ov_087 | 5.97395 × 10^310 |
| 86 | ov_086 | 8.69578 × 10^310 |
| 85 | ov_085 | 1.22735 × 10^311 |
| 84 | ov_084 | 1.68735 × 10^311 |
| 83 | ov_083 | 2.26771 × 10^311 |
| 82 | ov_082 | 2.98808 × 10^311 |
| 81 | ov_081 | 3.86966 × 10^311 |
| 64 | lv_79_m31 | 4.01488 × 10^311 |
| 80 | ov_080 | 4.93517 × 10^311 |
| 79 | ov_079 | 6.20891 × 10^311 |
| 78 | ov_078 | 7.71678 × 10^311 |
| 77 | ov_077 | 9.48629 × 10^311 |
| 76 | ov_076 | 1.15466 × 10^312 |
| 75 | ov_075 | 1.39287 × 10^312 |
| 74 | ov_074 | 1.66652 × 10^312 |
| 73 | ov_073 | 1.97906 × 10^312 |
| 63 | ov_063 | 2.05790 × 10^312 |
| 72 | ov_072 | 2.33415 × 10^312 |
| 71 | ov_071 | 2.73564 × 10^312 |
| 70 | ov_070 | 3.18760 × 10^312 |
| 69 | ov_069 | 3.69432 × 10^312 |
| 68 | ov_068 | 4.26037 × 10^312 |
| 67 | ov_067 | 4.89056 × 10^312 |
| 66 | ov_066 | 4.89056 × 10^312 |
| 65 | ov_065 | 4.89057 × 10^312 |
| 62 | ov_062 | 1.05461 × 10^313 |
| 61 | ov_061 | 3.84043 × 10^313 |
| 60 | ov_060 | 1.09833 × 10^314 |
| 59 | ov_059 | 2.64793 × 10^314 |
| 58 | ov_058 | 5.61459 × 10^314 |
| 57 | ov_057 | 1.07685 × 10^315 |
| 56 | ov_056 | 1.90683 × 10^315 |
| 55 | ov_055 | 3.16612 × 10^315 |
| 54 | ov_054 | 4.98828 × 10^315 |
| 53 | ov_053 | 7.52573 × 10^315 |
| 52 | ov_052 | 1.09497 × 10^316 |
| 51 | ov_051 | 1.54506 × 10^316 |
| 50 | ov_050 | 2.12373 × 10^316 |
| 49 | ov_049 | 2.85382 × 10^316 |
| 48 | ov_048 | 3.76004 × 10^316 |
| 47 | ov_047 | 4.86906 × 10^316 |
| 32 | lv_80_m31 | 5.05068 × 10^316 |
| 46 | ov_046 | 6.20946 × 10^316 |
| 45 | ov_045 | 7.81182 × 10^316 |
| 44 | ov_044 | 9.70871 × 10^316 |
| 43 | ov_043 | 1.19347 × 10^317 |
| 42 | ov_042 | 1.45266 × 10^317 |
| 41 | ov_041 | 1.75232 × 10^317 |
| 40 | ov_040 | 2.09657 × 10^317 |
| 39 | ov_039 | 2.48975 × 10^317 |
| 31 | ov_031 | 2.58883 × 10^317 |
| 38 | ov_038 | 2.93645 × 10^317 |
| 37 | ov_037 | 3.44152 × 10^317 |
| 36 | ov_036 | 4.01008 × 10^317 |
| 35 | ov_035 | 4.64754 × 10^317 |
| 34 | ov_034 | 5.35962 × 10^317 |
| 33 | ov_033 | 6.15239 × 10^317 |
| 30 | ov_030 | 1.32670 × 10^318 |
| 29 | ov_029 | 4.83124 × 10^318 |
| 28 | ov_028 | 1.38169 × 10^319 |
| 27 | ov_027 | 3.33108 × 10^319 |
| 26 | ov_026 | 7.06311 × 10^319 |
| 25 | ov_025 | 1.35466 × 10^320 |
| 24 | ov_024 | 2.39878 × 10^320 |
| 23 | ov_023 | 3.98295 × 10^320 |
| 22 | ov_022 | 6.27522 × 10^320 |
| 21 | ov_021 | 9.46731 × 10^320 |
| 20 | ov_020 | 1.37747 × 10^321 |
| 19 | ov_019 | 1.94367 × 10^321 |
| 18 | ov_018 | 2.67164 × 10^321 |
| 17 | ov_017 | 3.59009 × 10^321 |
| 16 | ov_016 | 4.73011 × 10^321 |
| 15 | ov_015 | 6.12524 × 10^321 |
| 14 | ov_014 | 7.81146 × 10^321 |
| 13 | ov_013 | 9.82722 × 10^321 |
| 12 | ov_012 | 1.22134 × 10^322 |
| 11 | ov_011 | 1.50138 × 10^322 |
| 10 | ov_010 | 1.82744 × 10^322 |
| 9 | ov_009 | 2.20441 × 10^322 |
| 8 | ov_008 | 2.63747 × 10^322 |
| 7 | ov_007 | 3.13209 × 10^322 |
| 6 | ov_006 | 3.69404 × 10^322 |
| 5 | ov_005 | 4.32941 × 10^322 |
| 4 | ov_004 | 5.04465 × 10^322 |
| 3 | ov_003 | 5.84657 × 10^322 |
| 2 | ov_002 | 6.74237 × 10^322 |
| 1 | ov_001 | 7.73967 × 10^322 |

