# Results for T001-T002-F003-F004-F005-T006-T007-F008-T009-F010-F011-T012-F013-F014-F015-T016-F017-F018-F019-F020-T021-F022-F023-T024-F025-T026-F027-T028-T029-F030-F031-F032-F033-F034-T035-F036-T037-T038-F039-F040-T041-T042-T043-F044-F045-F046-F047-F048-F049-F050-F051-F052-F053-F054-F055-F056-T057-F058-T059-F060-F061-T062-T063-T064-F065-T066-T067-T068-T069-T070-F071-T072-T073-T074-T075-T076-T077-T078-F079-F080-F081-F082-F083-F084-F085-F086-F087-T088-T089-F090-T091-F092-F093-F094-F095-T096-T097-F098-T099-F100-T101-F102-F103-T104-T105-T106-T107-F108-T109-T110-T111-T112-T113-T114-T115-T116-F117-T118-F119-T120-T121-F122-F123-F124-F125-T126-F127-F128-F129-T130-F131-F132-T133-F134-T135-T136-F137-F138-T139-T140-F141-T142-F143-T144-T145-T146-F147-F148-T149-T150-T151-F152-T153-T154-F155-F156-F157-T158-F159-T160-F161-F162-F163-T164-F165-T166-T167-F168-T169-F170-T171-T172-F173-F174-T175-F176-T177-T178-T179-T180-T181-F182-T183-T184-T185-F186-T187-F188-F189-T190-F191-T192-T193-F194-F195-F196-T197-F198-F199-T200-F201-T202-F203-F204-F205-F206-T207-F208-F209-F210-F211-T212-F213-T214-T215-T216-F217-T218-T219-F220-F221-F222-F223-F224-T225-F226-T227-T228-T229-T230-F231-F232-F233-F234-F235-T236-T237-T238-T239-T240-F241-T242-F243-F244-T245-T246-T247-T248-F249-T250-F251-T252-F253-T254-F255-F256-T257-F258-F259-F260-T261-F262-F263-T264-F265-F266-F267-T268-T269-F270-T271-F272-T273-F274-F275-F276-T277-F278-F279-T280-F281-F282-F283-T284-F285-T286-T287-F288-T289-T290-T291-F292-F293-T294-T295-F296-T297-F298-T299-T300-T301-T302-T303-F304-F305-F306-F307-F308-T309-T310-F311-T312-F313-T314-T315-F316-T317-F318-T319-F320-F321-F322-T323-F324-F325-F326-F327-F328-F329-T330-F331-F332-T333-T334-T335-F336-F337-T338-F339-T340-F341-F342-T343-T344-F345-T346-F347-T348-F349-F350-T351-T352-F353-T354-F355-F356-T357-F358-F359-F360-F361-T362-T363-T364-T365-T366-T367-F368-F369-T370-F371-F372-T373-F374-T375-T376-F377-T378-F379-F380-T381-F382-F383-F384-T385-F386-T387-F388-T389-F390-F391-F392-F393-T394-F395-T396-T397-T398-T399-T400-T401-T402-T403-F404-T405-F406-F407-F408-F409-F410-F411-T412-T413-F414-T415-F416-T417-T418-T419-T420-F421-F422-T423-F424-F425-T426-F427-F428-T429-F430-F431-T432-F433-T434-T435-T436-F437-F438-F439-F440-F441-T442-T443-T444-F445-F446-F447-F448-F449-F450-T451-F452-T453-T454-F456-T457-T458-F459-F460-F461-T462-F463-F464-F465-T466-F467-T468-F469-F470-F471-F472-F473-T474-T475-T476-F477-F478-F479-F480-T484-F487-T489-T491-F494-F496-F500-T505-T507-T509

## Summary

Number of input bits: 512  
Number of free input bits: 23  
Number of output bits: 160

Number of assignments: 19475  
Number of operations: 46449
(xor: 19593,
and: 13780,
or: 13076)

Total complexity: 7.17076 × 10^323

Least complex input bit: iv_488 (3.02380 × 10^319)  
Most complex input bit: iv_483 (1.21787 × 10^323)

Least complex output bit: aaa_76_29 (6.11769 × 10^297)  
Most complex output bit: ov_001 (1.11051 × 10^323)

Least complex input/output complexity: iv_488/aaa_76_29 (2.57973 × 10^293)  
Most complex input/output complexity: iv_483/ov_001 (1.88608 × 10^322)

## Input Bits

| Input Bit | Complexity | Occurrences |
|:---------:|:----------:|:-----------:|
| iv_455 | 9.20291 × 10^322 | 48 |
| iv_481 | 2.20856 × 10^322 | 49 |
| iv_482 | 9.20291 × 10^322 | 68 |
| iv_483 | 1.21787 × 10^323 | 55 |
| iv_485 | 5.64820 × 10^322 | 56 |
| iv_486 | 5.64843 × 10^322 | 71 |
| iv_488 | 3.02380 × 10^319 | 79 |
| iv_490 | 1.08652 × 10^320 | 67 |
| iv_492 | 5.86209 × 10^320 | 80 |
| iv_493 | 1.16785 × 10^321 | 70 |
| iv_495 | 3.23811 × 10^321 | 72 |
| iv_497 | 7.06567 × 10^321 | 81 |
| iv_498 | 2.81304 × 10^321 | 78 |
| iv_499 | 3.55918 × 10^321 | 86 |
| iv_501 | 9.85290 × 10^321 | 76 |
| iv_502 | 1.64187 × 10^322 | 64 |
| iv_503 | 2.42754 × 10^322 | 62 |
| iv_504 | 3.35836 × 10^322 | 67 |
| iv_506 | 3.42519 × 10^321 | 75 |
| iv_508 | 1.30414 × 10^322 | 78 |
| iv_510 | 3.57431 × 10^322 | 76 |
| iv_511 | 5.12922 × 10^322 | 64 |
| iv_512 | 6.99767 × 10^322 | 73 |

## Input Bits Sorted by Complexity

| Input Bit | Complexity | Occurrences |
|:---------:|:----------:|:-----------:|
| iv_488 | 3.02380 × 10^319 | 79 |
| iv_490 | 1.08652 × 10^320 | 67 |
| iv_492 | 5.86209 × 10^320 | 80 |
| iv_493 | 1.16785 × 10^321 | 70 |
| iv_498 | 2.81304 × 10^321 | 78 |
| iv_495 | 3.23811 × 10^321 | 72 |
| iv_506 | 3.42519 × 10^321 | 75 |
| iv_499 | 3.55918 × 10^321 | 86 |
| iv_497 | 7.06567 × 10^321 | 81 |
| iv_501 | 9.85290 × 10^321 | 76 |
| iv_508 | 1.30414 × 10^322 | 78 |
| iv_502 | 1.64187 × 10^322 | 64 |
| iv_481 | 2.20856 × 10^322 | 49 |
| iv_503 | 2.42754 × 10^322 | 62 |
| iv_504 | 3.35836 × 10^322 | 67 |
| iv_510 | 3.57431 × 10^322 | 76 |
| iv_511 | 5.12922 × 10^322 | 64 |
| iv_485 | 5.64820 × 10^322 | 56 |
| iv_486 | 5.64843 × 10^322 | 71 |
| iv_512 | 6.99767 × 10^322 | 73 |
| iv_482 | 9.20291 × 10^322 | 68 |
| iv_455 | 9.20291 × 10^322 | 48 |
| iv_483 | 1.21787 × 10^323 | 55 |

## Input Bits Sorted by Occurrences

| Input Bit | Complexity | Occurrences |
|:---------:|:----------:|:-----------:|
| iv_455 | 9.20291 × 10^322 | 48 |
| iv_481 | 2.20856 × 10^322 | 49 |
| iv_483 | 1.21787 × 10^323 | 55 |
| iv_485 | 5.64820 × 10^322 | 56 |
| iv_503 | 2.42754 × 10^322 | 62 |
| iv_511 | 5.12922 × 10^322 | 64 |
| iv_502 | 1.64187 × 10^322 | 64 |
| iv_490 | 1.08652 × 10^320 | 67 |
| iv_504 | 3.35836 × 10^322 | 67 |
| iv_482 | 9.20291 × 10^322 | 68 |
| iv_493 | 1.16785 × 10^321 | 70 |
| iv_486 | 5.64843 × 10^322 | 71 |
| iv_495 | 3.23811 × 10^321 | 72 |
| iv_512 | 6.99767 × 10^322 | 73 |
| iv_506 | 3.42519 × 10^321 | 75 |
| iv_510 | 3.57431 × 10^322 | 76 |
| iv_501 | 9.85290 × 10^321 | 76 |
| iv_498 | 2.81304 × 10^321 | 78 |
| iv_508 | 1.30414 × 10^322 | 78 |
| iv_488 | 3.02380 × 10^319 | 79 |
| iv_492 | 5.86209 × 10^320 | 80 |
| iv_497 | 7.06567 × 10^321 | 81 |
| iv_499 | 3.55918 × 10^321 | 86 |

## Output Bits

| Rank | Output Bit | Complexity |
|:----:|:----------:|:----------:|
| 1 | ov_001 | 1.11051 × 10^323 |
| 2 | ov_002 | 9.67419 × 10^322 |
| 3 | ov_003 | 8.38887 × 10^322 |
| 4 | ov_004 | 7.23825 × 10^322 |
| 5 | ov_005 | 6.21199 × 10^322 |
| 6 | ov_006 | 5.30033 × 10^322 |
| 7 | ov_007 | 4.49403 × 10^322 |
| 8 | ov_008 | 3.78434 × 10^322 |
| 9 | ov_009 | 3.16297 × 10^322 |
| 10 | ov_010 | 2.62207 × 10^322 |
| 11 | ov_011 | 2.15423 × 10^322 |
| 12 | ov_012 | 1.75243 × 10^322 |
| 13 | ov_013 | 1.41004 × 10^322 |
| 14 | ov_014 | 1.12081 × 10^322 |
| 15 | ov_015 | 8.78872 × 10^321 |
| 16 | ov_016 | 6.78693 × 10^321 |
| 17 | ov_017 | 5.15119 × 10^321 |
| 18 | ov_018 | 3.83337 × 10^321 |
| 19 | ov_019 | 2.78885 × 10^321 |
| 20 | ov_020 | 1.97644 × 10^321 |
| 21 | ov_021 | 1.35840 × 10^321 |
| 22 | ov_022 | 9.00390 × 10^320 |
| 23 | ov_023 | 5.71488 × 10^320 |
| 24 | ov_024 | 3.44185 × 10^320 |
| 25 | ov_025 | 1.94372 × 10^320 |
| 26 | ov_026 | 1.01344 × 10^320 |
| 27 | ov_027 | 4.77955 × 10^319 |
| 28 | ov_028 | 1.98251 × 10^319 |
| 29 | ov_029 | 6.93203 × 10^318 |
| 30 | ov_030 | 1.90360 × 10^318 |
| 31 | ov_031 | 3.71455 × 10^317 |
| 32 | lv_80_m31 | 7.24690 × 10^316 |
| 33 | ov_033 | 8.82767 × 10^317 |
| 34 | ov_034 | 7.69018 × 10^317 |
| 35 | ov_035 | 6.66845 × 10^317 |
| 36 | ov_036 | 5.75380 × 10^317 |
| 37 | ov_037 | 4.93802 × 10^317 |
| 38 | ov_038 | 4.21333 × 10^317 |
| 39 | ov_039 | 3.57238 × 10^317 |
| 40 | ov_040 | 3.00824 × 10^317 |
| 41 | ov_041 | 2.51430 × 10^317 |
| 42 | ov_042 | 2.08433 × 10^317 |
| 43 | ov_043 | 1.71243 × 10^317 |
| 44 | ov_044 | 1.39304 × 10^317 |
| 45 | ov_045 | 1.12086 × 10^317 |
| 46 | ov_046 | 8.90956 × 10^316 |
| 47 | ov_047 | 6.98630 × 10^316 |
| 48 | ov_048 | 5.39505 × 10^316 |
| 49 | ov_049 | 4.09476 × 10^316 |
| 50 | ov_050 | 3.04721 × 10^316 |
| 51 | ov_051 | 2.21690 × 10^316 |
| 52 | ov_052 | 1.57111 × 10^316 |
| 53 | ov_053 | 1.07981 × 10^316 |
| 54 | ov_054 | 7.15736 × 10^315 |
| 55 | ov_055 | 4.54286 × 10^315 |
| 56 | ov_056 | 2.73599 × 10^315 |
| 57 | ov_057 | 1.54510 × 10^315 |
| 58 | ov_058 | 8.05601 × 10^314 |
| 59 | ov_059 | 3.79935 × 10^314 |
| 60 | ov_060 | 1.57593 × 10^314 |
| 61 | ov_061 | 5.51039 × 10^313 |
| 62 | ov_062 | 1.51320 × 10^313 |
| 63 | ov_063 | 2.95276 × 10^312 |
| 64 | lv_79_m31 | 5.76069 × 10^311 |
| 65 | ov_065 | 7.01717 × 10^312 |
| 66 | ov_066 | 7.01715 × 10^312 |
| 67 | ov_067 | 7.01715 × 10^312 |
| 68 | ov_068 | 6.11293 × 10^312 |
| 69 | ov_069 | 5.30075 × 10^312 |
| 70 | ov_070 | 4.57368 × 10^312 |
| 71 | ov_071 | 3.92519 × 10^312 |
| 72 | ov_072 | 3.34912 × 10^312 |
| 73 | ov_073 | 2.83963 × 10^312 |
| 74 | ov_074 | 2.39118 × 10^312 |
| 75 | ov_075 | 1.99854 × 10^312 |
| 76 | ov_076 | 1.65675 × 10^312 |
| 77 | ov_077 | 1.36112 × 10^312 |
| 78 | ov_078 | 1.10723 × 10^312 |
| 79 | ov_079 | 8.90877 × 10^311 |
| 80 | ov_080 | 7.08116 × 10^311 |
| 81 | ov_081 | 5.55233 × 10^311 |
| 82 | ov_082 | 4.28741 × 10^311 |
| 83 | ov_083 | 3.25380 × 10^311 |
| 84 | ov_084 | 2.42108 × 10^311 |
| 85 | ov_085 | 1.76105 × 10^311 |
| 86 | ov_086 | 1.24770 × 10^311 |
| 87 | ov_087 | 8.57163 × 10^310 |
| 88 | ov_088 | 5.67748 × 10^310 |
| 89 | ov_089 | 3.59917 × 10^310 |
| 90 | ov_090 | 2.16285 × 10^310 |
| 91 | ov_091 | 1.21620 × 10^310 |
| 92 | ov_092 | 6.28357 × 10^309 |
| 93 | ov_093 | 2.89988 × 10^309 |
| 94 | ov_094 | 1.13244 × 10^309 |
| 95 | aaa_78_28 | 3.17743 × 10^308 |
| 96 | aaa_78_29 | 9.68152 × 10^307 |
| 97 | ov_097 | 5.57807 × 10^307 |
| 98 | ov_098 | 5.57805 × 10^307 |
| 99 | ov_099 | 5.57805 × 10^307 |
| 100 | ov_100 | 4.85928 × 10^307 |
| 101 | ov_101 | 4.21365 × 10^307 |
| 102 | ov_102 | 3.63569 × 10^307 |
| 103 | ov_103 | 3.12020 × 10^307 |
| 104 | ov_104 | 2.66228 × 10^307 |
| 105 | ov_105 | 2.25727 × 10^307 |
| 106 | ov_106 | 1.90079 × 10^307 |
| 107 | ov_107 | 1.58867 × 10^307 |
| 108 | ov_108 | 1.31698 × 10^307 |
| 109 | ov_109 | 1.08198 × 10^307 |
| 110 | ov_110 | 8.80157 × 10^306 |
| 111 | ov_111 | 7.08173 × 10^306 |
| 112 | ov_112 | 5.62893 × 10^306 |
| 113 | ov_113 | 4.41364 × 10^306 |
| 114 | ov_114 | 3.40814 × 10^306 |
| 115 | ov_115 | 2.58650 × 10^306 |
| 116 | ov_116 | 1.92455 × 10^306 |
| 117 | ov_117 | 1.39989 × 10^306 |
| 118 | ov_118 | 9.91819 × 10^305 |
| 119 | ov_119 | 6.81374 × 10^305 |
| 120 | ov_120 | 4.51312 × 10^305 |
| 121 | ov_121 | 2.86104 × 10^305 |
| 122 | ov_122 | 1.71929 × 10^305 |
| 123 | ov_123 | 9.66778 × 10^304 |
| 124 | ov_124 | 4.99492 × 10^304 |
| 125 | ov_125 | 2.30516 × 10^304 |
| 126 | ov_126 | 9.00202 × 10^303 |
| 127 | aaa_77_28 | 2.52579 × 10^303 |
| 128 | aaa_77_29 | 7.69601 × 10^302 |
| 129 | ov_129 | 4.43227 × 10^302 |
| 130 | ov_130 | 4.43226 × 10^302 |
| 131 | ov_131 | 4.43225 × 10^302 |
| 132 | ov_132 | 3.86089 × 10^302 |
| 133 | ov_133 | 3.34767 × 10^302 |
| 134 | ov_134 | 2.88824 × 10^302 |
| 135 | ov_135 | 2.47847 × 10^302 |
| 136 | ov_136 | 2.11445 × 10^302 |
| 137 | ov_137 | 1.79251 × 10^302 |
| 138 | ov_138 | 1.50913 × 10^302 |
| 139 | ov_139 | 1.26103 × 10^302 |
| 140 | ov_140 | 1.04505 × 10^302 |
| 141 | ov_141 | 8.58255 × 10^301 |
| 142 | ov_142 | 6.97819 × 10^301 |
| 143 | ov_143 | 5.61107 × 10^301 |
| 144 | ov_144 | 4.45621 × 10^301 |
| 145 | ov_145 | 3.49015 × 10^301 |
| 146 | ov_146 | 2.69086 × 10^301 |
| 147 | ov_147 | 2.03773 × 10^301 |
| 148 | ov_148 | 1.51154 × 10^301 |
| 149 | ov_149 | 1.09447 × 10^301 |
| 150 | ov_150 | 7.70090 × 10^300 |
| 151 | ov_151 | 5.23311 × 10^300 |
| 152 | ov_152 | 3.40432 × 10^300 |
| 153 | ov_153 | 2.09105 × 10^300 |
| 154 | ov_154 | 1.18345 × 10^300 |
| 155 | ov_155 | 5.85267 × 10^299 |
| 156 | aaa_76_25 | 2.13813 × 10^299 |
| 157 | aaa_76_26 | 1.11683 × 10^299 |
| 158 | aaa_76_27 | 5.14806 × 10^298 |
| 159 | aaa_76_28 | 2.00780 × 10^298 |
| 160 | aaa_76_29 | 6.11769 × 10^297 |

## Output Bits Sorted by Complexity

| Rank | Output Bit | Complexity |
|:----:|:----------:|:----------:|
| 160 | aaa_76_29 | 6.11769 × 10^297 |
| 159 | aaa_76_28 | 2.00780 × 10^298 |
| 158 | aaa_76_27 | 5.14806 × 10^298 |
| 157 | aaa_76_26 | 1.11683 × 10^299 |
| 156 | aaa_76_25 | 2.13813 × 10^299 |
| 155 | ov_155 | 5.85267 × 10^299 |
| 154 | ov_154 | 1.18345 × 10^300 |
| 153 | ov_153 | 2.09105 × 10^300 |
| 152 | ov_152 | 3.40432 × 10^300 |
| 151 | ov_151 | 5.23311 × 10^300 |
| 150 | ov_150 | 7.70090 × 10^300 |
| 149 | ov_149 | 1.09447 × 10^301 |
| 148 | ov_148 | 1.51154 × 10^301 |
| 147 | ov_147 | 2.03773 × 10^301 |
| 146 | ov_146 | 2.69086 × 10^301 |
| 145 | ov_145 | 3.49015 × 10^301 |
| 144 | ov_144 | 4.45621 × 10^301 |
| 143 | ov_143 | 5.61107 × 10^301 |
| 142 | ov_142 | 6.97819 × 10^301 |
| 141 | ov_141 | 8.58255 × 10^301 |
| 140 | ov_140 | 1.04505 × 10^302 |
| 139 | ov_139 | 1.26103 × 10^302 |
| 138 | ov_138 | 1.50913 × 10^302 |
| 137 | ov_137 | 1.79251 × 10^302 |
| 136 | ov_136 | 2.11445 × 10^302 |
| 135 | ov_135 | 2.47847 × 10^302 |
| 134 | ov_134 | 2.88824 × 10^302 |
| 133 | ov_133 | 3.34767 × 10^302 |
| 132 | ov_132 | 3.86089 × 10^302 |
| 131 | ov_131 | 4.43225 × 10^302 |
| 130 | ov_130 | 4.43226 × 10^302 |
| 129 | ov_129 | 4.43227 × 10^302 |
| 128 | aaa_77_29 | 7.69601 × 10^302 |
| 127 | aaa_77_28 | 2.52579 × 10^303 |
| 126 | ov_126 | 9.00202 × 10^303 |
| 125 | ov_125 | 2.30516 × 10^304 |
| 124 | ov_124 | 4.99492 × 10^304 |
| 123 | ov_123 | 9.66778 × 10^304 |
| 122 | ov_122 | 1.71929 × 10^305 |
| 121 | ov_121 | 2.86104 × 10^305 |
| 120 | ov_120 | 4.51312 × 10^305 |
| 119 | ov_119 | 6.81374 × 10^305 |
| 118 | ov_118 | 9.91819 × 10^305 |
| 117 | ov_117 | 1.39989 × 10^306 |
| 116 | ov_116 | 1.92455 × 10^306 |
| 115 | ov_115 | 2.58650 × 10^306 |
| 114 | ov_114 | 3.40814 × 10^306 |
| 113 | ov_113 | 4.41364 × 10^306 |
| 112 | ov_112 | 5.62893 × 10^306 |
| 111 | ov_111 | 7.08173 × 10^306 |
| 110 | ov_110 | 8.80157 × 10^306 |
| 109 | ov_109 | 1.08198 × 10^307 |
| 108 | ov_108 | 1.31698 × 10^307 |
| 107 | ov_107 | 1.58867 × 10^307 |
| 106 | ov_106 | 1.90079 × 10^307 |
| 105 | ov_105 | 2.25727 × 10^307 |
| 104 | ov_104 | 2.66228 × 10^307 |
| 103 | ov_103 | 3.12020 × 10^307 |
| 102 | ov_102 | 3.63569 × 10^307 |
| 101 | ov_101 | 4.21365 × 10^307 |
| 100 | ov_100 | 4.85928 × 10^307 |
| 99 | ov_099 | 5.57805 × 10^307 |
| 98 | ov_098 | 5.57805 × 10^307 |
| 97 | ov_097 | 5.57807 × 10^307 |
| 96 | aaa_78_29 | 9.68152 × 10^307 |
| 95 | aaa_78_28 | 3.17743 × 10^308 |
| 94 | ov_094 | 1.13244 × 10^309 |
| 93 | ov_093 | 2.89988 × 10^309 |
| 92 | ov_092 | 6.28357 × 10^309 |
| 91 | ov_091 | 1.21620 × 10^310 |
| 90 | ov_090 | 2.16285 × 10^310 |
| 89 | ov_089 | 3.59917 × 10^310 |
| 88 | ov_088 | 5.67748 × 10^310 |
| 87 | ov_087 | 8.57163 × 10^310 |
| 86 | ov_086 | 1.24770 × 10^311 |
| 85 | ov_085 | 1.76105 × 10^311 |
| 84 | ov_084 | 2.42108 × 10^311 |
| 83 | ov_083 | 3.25380 × 10^311 |
| 82 | ov_082 | 4.28741 × 10^311 |
| 81 | ov_081 | 5.55233 × 10^311 |
| 64 | lv_79_m31 | 5.76069 × 10^311 |
| 80 | ov_080 | 7.08116 × 10^311 |
| 79 | ov_079 | 8.90877 × 10^311 |
| 78 | ov_078 | 1.10723 × 10^312 |
| 77 | ov_077 | 1.36112 × 10^312 |
| 76 | ov_076 | 1.65675 × 10^312 |
| 75 | ov_075 | 1.99854 × 10^312 |
| 74 | ov_074 | 2.39118 × 10^312 |
| 73 | ov_073 | 2.83963 × 10^312 |
| 63 | ov_063 | 2.95276 × 10^312 |
| 72 | ov_072 | 3.34912 × 10^312 |
| 71 | ov_071 | 3.92519 × 10^312 |
| 70 | ov_070 | 4.57368 × 10^312 |
| 69 | ov_069 | 5.30075 × 10^312 |
| 68 | ov_068 | 6.11293 × 10^312 |
| 67 | ov_067 | 7.01715 × 10^312 |
| 66 | ov_066 | 7.01715 × 10^312 |
| 65 | ov_065 | 7.01717 × 10^312 |
| 62 | ov_062 | 1.51320 × 10^313 |
| 61 | ov_061 | 5.51039 × 10^313 |
| 60 | ov_060 | 1.57593 × 10^314 |
| 59 | ov_059 | 3.79935 × 10^314 |
| 58 | ov_058 | 8.05601 × 10^314 |
| 57 | ov_057 | 1.54510 × 10^315 |
| 56 | ov_056 | 2.73599 × 10^315 |
| 55 | ov_055 | 4.54286 × 10^315 |
| 54 | ov_054 | 7.15736 × 10^315 |
| 53 | ov_053 | 1.07981 × 10^316 |
| 52 | ov_052 | 1.57111 × 10^316 |
| 51 | ov_051 | 2.21690 × 10^316 |
| 50 | ov_050 | 3.04721 × 10^316 |
| 49 | ov_049 | 4.09476 × 10^316 |
| 48 | ov_048 | 5.39505 × 10^316 |
| 47 | ov_047 | 6.98630 × 10^316 |
| 32 | lv_80_m31 | 7.24690 × 10^316 |
| 46 | ov_046 | 8.90956 × 10^316 |
| 45 | ov_045 | 1.12086 × 10^317 |
| 44 | ov_044 | 1.39304 × 10^317 |
| 43 | ov_043 | 1.71243 × 10^317 |
| 42 | ov_042 | 2.08433 × 10^317 |
| 41 | ov_041 | 2.51430 × 10^317 |
| 40 | ov_040 | 3.00824 × 10^317 |
| 39 | ov_039 | 3.57238 × 10^317 |
| 31 | ov_031 | 3.71455 × 10^317 |
| 38 | ov_038 | 4.21333 × 10^317 |
| 37 | ov_037 | 4.93802 × 10^317 |
| 36 | ov_036 | 5.75380 × 10^317 |
| 35 | ov_035 | 6.66845 × 10^317 |
| 34 | ov_034 | 7.69018 × 10^317 |
| 33 | ov_033 | 8.82767 × 10^317 |
| 30 | ov_030 | 1.90360 × 10^318 |
| 29 | ov_029 | 6.93203 × 10^318 |
| 28 | ov_028 | 1.98251 × 10^319 |
| 27 | ov_027 | 4.77955 × 10^319 |
| 26 | ov_026 | 1.01344 × 10^320 |
| 25 | ov_025 | 1.94372 × 10^320 |
| 24 | ov_024 | 3.44185 × 10^320 |
| 23 | ov_023 | 5.71488 × 10^320 |
| 22 | ov_022 | 9.00390 × 10^320 |
| 21 | ov_021 | 1.35840 × 10^321 |
| 20 | ov_020 | 1.97644 × 10^321 |
| 19 | ov_019 | 2.78885 × 10^321 |
| 18 | ov_018 | 3.83337 × 10^321 |
| 17 | ov_017 | 5.15119 × 10^321 |
| 16 | ov_016 | 6.78693 × 10^321 |
| 15 | ov_015 | 8.78872 × 10^321 |
| 14 | ov_014 | 1.12081 × 10^322 |
| 13 | ov_013 | 1.41004 × 10^322 |
| 12 | ov_012 | 1.75243 × 10^322 |
| 11 | ov_011 | 2.15423 × 10^322 |
| 10 | ov_010 | 2.62207 × 10^322 |
| 9 | ov_009 | 3.16297 × 10^322 |
| 8 | ov_008 | 3.78434 × 10^322 |
| 7 | ov_007 | 4.49403 × 10^322 |
| 6 | ov_006 | 5.30033 × 10^322 |
| 5 | ov_005 | 6.21199 × 10^322 |
| 4 | ov_004 | 7.23825 × 10^322 |
| 3 | ov_003 | 8.38887 × 10^322 |
| 2 | ov_002 | 9.67419 × 10^322 |
| 1 | ov_001 | 1.11051 × 10^323 |

