# Results for F001-F002-F003-F004-F005-F006-F007-F008-F009-F010-F011-F012-F013-F014-F015-F016-F017-F018-F019-F020-F021-F022-F023-F024-F025-F026-F027-F028-F029-F030-F031-F032-F033-F034-F035-F036-F037-F038-F039-F040-F041-F042-F043-F044-F045-F046-F047-F048-F049-F050-F051-F052-F053-F054-F055-F056-F057-F058-F059-F060-F061-F062-F063-F064-F065-F066-F067-F068-F069-F070-F071-F072-F073-F074-F075-F076-F077-F078-F079-F080-F081-F082-F083-F084-F085-F086-F087-F088-F089-F090-F091-F092-F093-F094-F095-F096-F097-F098-F099-F100-F101-F102-F103-F104-F105-F106-F107-F108-F109-F110-F111-F112-F113-F114-F115-F116-F117-F118-F119-F120-F121-F122-F123-F124-F125-F126-F127-F128-F129-F130-F131-F132-F133-F134-F135-F136-F137-F138-F139-F140-F141-F142-F143-F144-F145-F146-F147-F148-F149-F150-F151-F152-F153-F154-F155-F156-F157-F158-F159-F160-F161-F162-F163-F164-F165-F166-F167-F168-F169-F170-F171-F172-F173-F174-F175-F176-F177-F178-F179-F180-F181-F182-F183-F184-F185-F186-F187-F188-F189-F190-F191-F192-F193-F194-F195-F196-F197-F198-F199-F200-F201-F202-F203-F204-F205-F206-F207-F208-F209-F210-F211-F212-F213-F214-F215-F216-F217-F218-F219-F220-F221-F222-F223-F224-F225-F226-F227-F228-F229-F230-F231-F232-F233-F234-F235-F236-F237-F238-F239-F240-F241-F242-F243-F244-F245-F246-F247-F248-F249-F250-F251-F252-F253-F254-F255-F256-F257-F258-F259-F260-F261-F262-F263-F264-F265-F266-F267-F268-F269-F270-F271-F272-F273-F274-F275-F276-F277-F278-F279-F280-F281-F282-F283-F284-F285-F286-F287-F288-F289-F290-F291-F292-F293-F294-F295-F296-F297-F298-F299-F300-F301-F302-F303-F304-F305-F306-F307-F308-F309-F310-F311-F312-F313-F314-F315-F316-F317-F318-F319-F320-F321-F322-F323-F324-F325-F326-F327-F328-F329-F330-F331-F332-F333-F334-F335-F336-F337-F338-F339-F340-F341-F342-F343-F344-F345-F346-F347-F348-F349-F350-F351-F352-F353-F354-F355-F356-F357-F358-F359-F360-F361-F362-F363-F364-F365-F366-F367-F368-F369-F370-F371-F372-F373-F374-F375-F376-F377-F378-F379-F380-F381-F382-F383-F384-F385-F386-F387-F388-F389-F390-F391-F392-F393-F394-F395-F396-F397-F398-F399-F400-F401-F402-F403-F404-F405-F406-F407-F408-F409-F410-F411-F412-F413-F414-F415-F416-F417-F418-F419-F420-F421-F422-F423-F424-F425-F426-F427-F428-F429-F430-F431-F432-F433-F434-F435-F436-F437-F438-F439-F440-F441-F442-F443-F444-F445-F446-F447-F448-F449-F450-F451-F452-F453-F454-F455-F456-F457-F458-F459-F460-F461-F462-F463-F464-F465-F466-F467-F468-F469-F470-F471-F472-F473-F474-F475-F476-F477-F478-F479-F480-F481-F482-F483-F484-F485-F486-F487-F488-F489-F490-F491-F492-F493-F494-F495-F496-O507509

## Summary

Number of input bits: 512  
Number of free input bits: 15  
Number of output bits: 160

Number of direct occurrences: 62865  
Number of assignments: 32587  
Number of operations: 12112161
(xor: 12082253,
and: 16129,
or: 13779)

Total complexity: 1.3620003060176296 × 10^310

Least occurring input variable: iv_498 (3961)  
Most occurring input variable: iv_512 (4437)

Most co-occurring input variables: iv_499-iv_512 (2143)  
Least co-occurring input variables: iv_498-iv_504 (1779)

Potentially most occurring input variable: iv_507/iv_512 (4600)  
Potentially least occurring input variable: iv_498/iv_508 (4173)

Least output occurring input variable: iv_501 (69)  
Most output occurring input variable: iv_497 (87)

Most output co-occurring input variables: iv_497-iv_508 (47)  
Least output co-occurring input variables: iv_498-iv_500 (29)

Potentially most output occurring input variable: iv_499/iv_503 (95)  
Potentially least output occurring input variable: iv_502/iv_508 (64)

Least complex input bit: iv_497 (1.377833427081978 × 10^307)  
Most complex input bit: iv_510 (3.527940271506298 × 10^309)

Least complex output bit: aaa_76_29 (3.864378056094442 × 10^284)  
Most complex output bit: ov_001 (2.1190637574310275 × 10^309)

Least complex input/output complexity: iv_497/aaa_76_29 (3.909301075076322 × 10^281)  
Most complex input/output complexity: iv_510/ov_001 (5.488934425858799 × 10^308)

## Input Bits

### Input Bits in Regular Order

| Input Bit | Complexity | Occurrences | Output Occurrences |
|:---------:|:----------:|:-----------:|:------------------:|
| iv_497 | 1.377833427081978 × 10^307 | 4261 | 87 |
| iv_498 | 2.779385501145441 × 10^307 | 3961 | 77 |
| iv_499 | 4.9485290906966903 × 10^307 | 4241 | 81 |
| iv_500 | 8.381644304510802 × 10^307 | 4117 | 74 |
| iv_501 | 1.4292072794879881 × 10^308 | 4179 | 69 |
| iv_502 | 2.323015423585751 × 10^308 | 4127 | 77 |
| iv_503 | 3.6652634568600746 × 10^308 | 4209 | 78 |
| iv_504 | 5.646566185602578 × 10^308 | 3974 | 78 |
| iv_505 | 8.532951485599306 × 10^308 | 4321 | 72 |
| iv_506 | 4.1444634480491 × 10^308 | 4035 | 76 |
| iv_507 | 2.923825164285305 × 10^309 | 4433 | 79 |
| iv_508 | 1.3609238424332227 × 10^309 | 4072 | 77 |
| iv_510 | 3.527940271506298 × 10^309 | 4200 | 75 |
| iv_511 | 1.420226723105963 × 10^309 | 4298 | 77 |
| iv_512 | 1.6380664076926572 × 10^309 | 4437 | 79 |

### Input Bits Sorted by Complexity

| Input Bit | Complexity | Occurrences | Output Occurrences |
|:---------:|:----------:|:-----------:|:------------------:|
| iv_497 | 1.377833427081978 × 10^307 | 4261 | 87 |
| iv_498 | 2.779385501145441 × 10^307 | 3961 | 77 |
| iv_499 | 4.9485290906966903 × 10^307 | 4241 | 81 |
| iv_500 | 8.381644304510802 × 10^307 | 4117 | 74 |
| iv_501 | 1.4292072794879881 × 10^308 | 4179 | 69 |
| iv_502 | 2.323015423585751 × 10^308 | 4127 | 77 |
| iv_503 | 3.6652634568600746 × 10^308 | 4209 | 78 |
| iv_506 | 4.1444634480491 × 10^308 | 4035 | 76 |
| iv_504 | 5.646566185602578 × 10^308 | 3974 | 78 |
| iv_505 | 8.532951485599306 × 10^308 | 4321 | 72 |
| iv_508 | 1.3609238424332227 × 10^309 | 4072 | 77 |
| iv_511 | 1.420226723105963 × 10^309 | 4298 | 77 |
| iv_512 | 1.6380664076926572 × 10^309 | 4437 | 79 |
| iv_507 | 2.923825164285305 × 10^309 | 4433 | 79 |
| iv_510 | 3.527940271506298 × 10^309 | 4200 | 75 |

### Input Bits Sorted by Occurrences

| Input Bit | Complexity | Occurrences | Output Occurrences |
|:---------:|:----------:|:-----------:|:------------------:|
| iv_498 | 2.779385501145441 × 10^307 | 3961 | 77 |
| iv_504 | 5.646566185602578 × 10^308 | 3974 | 78 |
| iv_506 | 4.1444634480491 × 10^308 | 4035 | 76 |
| iv_508 | 1.3609238424332227 × 10^309 | 4072 | 77 |
| iv_500 | 8.381644304510802 × 10^307 | 4117 | 74 |
| iv_502 | 2.323015423585751 × 10^308 | 4127 | 77 |
| iv_501 | 1.4292072794879881 × 10^308 | 4179 | 69 |
| iv_510 | 3.527940271506298 × 10^309 | 4200 | 75 |
| iv_503 | 3.6652634568600746 × 10^308 | 4209 | 78 |
| iv_499 | 4.9485290906966903 × 10^307 | 4241 | 81 |
| iv_497 | 1.377833427081978 × 10^307 | 4261 | 87 |
| iv_511 | 1.420226723105963 × 10^309 | 4298 | 77 |
| iv_505 | 8.532951485599306 × 10^308 | 4321 | 72 |
| iv_507 | 2.923825164285305 × 10^309 | 4433 | 79 |
| iv_512 | 1.6380664076926572 × 10^309 | 4437 | 79 |

### Input Bits Sorted by Output Occurrences

| Input Bit | Complexity | Occurrences | Output Occurrences |
|:---------:|:----------:|:-----------:|:------------------:|
| iv_501 | 1.4292072794879881 × 10^308 | 4179 | 69 |
| iv_505 | 8.532951485599306 × 10^308 | 4321 | 72 |
| iv_500 | 8.381644304510802 × 10^307 | 4117 | 74 |
| iv_510 | 3.527940271506298 × 10^309 | 4200 | 75 |
| iv_506 | 4.1444634480491 × 10^308 | 4035 | 76 |
| iv_502 | 2.323015423585751 × 10^308 | 4127 | 77 |
| iv_508 | 1.3609238424332227 × 10^309 | 4072 | 77 |
| iv_511 | 1.420226723105963 × 10^309 | 4298 | 77 |
| iv_498 | 2.779385501145441 × 10^307 | 3961 | 77 |
| iv_503 | 3.6652634568600746 × 10^308 | 4209 | 78 |
| iv_504 | 5.646566185602578 × 10^308 | 3974 | 78 |
| iv_507 | 2.923825164285305 × 10^309 | 4433 | 79 |
| iv_512 | 1.6380664076926572 × 10^309 | 4437 | 79 |
| iv_499 | 4.9485290906966903 × 10^307 | 4241 | 81 |
| iv_497 | 1.377833427081978 × 10^307 | 4261 | 87 |

## Input Bit Co-occurrences

### Input Bit Co-occurrences Sorted by Co-occurrences

| Input Bits | Co-occurrences | Potential Occurrences | Output Co-occurrences | Potential Output Occurrences |
|:----------:|:--------------:|:---------------------:|:---------------------:|:----------------------------:|
| iv_499-iv_512 | 2143 | 4392 | 45 | 70 |
| iv_505-iv_512 | 2140 | 4478 | 39 | 73 |
| iv_507-iv_512 | 2135 | 4600 | 36 | 86 |
| iv_505-iv_507 | 2123 | 4508 | 36 | 79 |
| iv_511-iv_512 | 2118 | 4499 | 40 | 76 |
| iv_497-iv_507 | 2116 | 4462 | 45 | 76 |
| iv_497-iv_512 | 2110 | 4478 | 39 | 88 |
| iv_505-iv_511 | 2104 | 4411 | 35 | 79 |
| iv_499-iv_507 | 2103 | 4468 | 46 | 68 |
| iv_503-iv_512 | 2099 | 4448 | 35 | 87 |
| iv_503-iv_511 | 2098 | 4311 | 36 | 83 |
| iv_507-iv_511 | 2098 | 4535 | 38 | 80 |
| iv_499-iv_505 | 2091 | 4380 | 35 | 83 |
| iv_497-iv_503 | 2086 | 4298 | 45 | 75 |
| iv_501-iv_512 | 2078 | 4460 | 35 | 78 |

### Input Bit Co-occurrences Sorted by Potential Occurrences

| Input Bits | Co-occurrences | Potential Occurrences | Output Co-occurrences | Potential Output Occurrences |
|:----------:|:--------------:|:---------------------:|:---------------------:|:----------------------------:|
| iv_498-iv_508 | 1930 | 4173 | 44 | 66 |
| iv_504-iv_505 | 2035 | 4225 | 33 | 84 |
| iv_499-iv_506 | 2020 | 4236 | 37 | 83 |
| iv_498-iv_506 | 1876 | 4244 | 35 | 83 |
| iv_499-iv_508 | 2034 | 4245 | 38 | 82 |
| iv_498-iv_499 | 1961 | 4280 | 37 | 84 |
| iv_497-iv_501 | 2077 | 4286 | 37 | 82 |
| iv_501-iv_502 | 2007 | 4292 | 37 | 72 |
| iv_497-iv_504 | 1969 | 4297 | 45 | 75 |
| iv_497-iv_503 | 2086 | 4298 | 45 | 75 |
| iv_503-iv_511 | 2098 | 4311 | 36 | 83 |
| iv_499-iv_510 | 2064 | 4313 | 38 | 80 |
| iv_506-iv_508 | 1896 | 4315 | 38 | 77 |
| iv_500-iv_506 | 1918 | 4316 | 36 | 78 |
| iv_501-iv_504 | 1918 | 4317 | 34 | 79 |

### Input Bit Output Co-occurrences Sorted by Output Co-occurrences

| Input Bits | Co-occurrences | Potential Occurrences | Output Co-occurrences | Potential Output Occurrences |
|:----------:|:--------------:|:---------------------:|:---------------------:|:----------------------------:|
| iv_497-iv_508 | 1983 | 4367 | 47 | 70 |
| iv_499-iv_507 | 2103 | 4468 | 46 | 68 |
| iv_497-iv_503 | 2086 | 4298 | 45 | 75 |
| iv_497-iv_507 | 2116 | 4462 | 45 | 76 |
| iv_499-iv_500 | 2011 | 4336 | 45 | 65 |
| iv_499-iv_512 | 2143 | 4392 | 45 | 70 |
| iv_502-iv_508 | 1919 | 4361 | 45 | 64 |
| iv_497-iv_504 | 1969 | 4297 | 45 | 75 |
| iv_497-iv_498 | 1941 | 4340 | 45 | 74 |
| iv_508-iv_512 | 2063 | 4383 | 44 | 68 |
| iv_498-iv_508 | 1930 | 4173 | 44 | 66 |
| iv_497-iv_506 | 1940 | 4416 | 44 | 75 |
| iv_497-iv_499 | 2009 | 4484 | 43 | 82 |
| iv_497-iv_502 | 2004 | 4380 | 42 | 80 |
| iv_510-iv_511 | 2029 | 4440 | 41 | 70 |

### Input Bit Output Co-occurrences Sorted by Potential Output Occurrences

| Input Bits | Co-occurrences | Potential Occurrences | Output Co-occurrences | Potential Output Occurrences |
|:----------:|:--------------:|:---------------------:|:---------------------:|:----------------------------:|
| iv_502-iv_508 | 1919 | 4361 | 45 | 64 |
| iv_499-iv_500 | 2011 | 4336 | 45 | 65 |
| iv_498-iv_508 | 1930 | 4173 | 44 | 66 |
| iv_499-iv_507 | 2103 | 4468 | 46 | 68 |
| iv_508-iv_512 | 2063 | 4383 | 44 | 68 |
| iv_497-iv_508 | 1983 | 4367 | 47 | 70 |
| iv_499-iv_512 | 2143 | 4392 | 45 | 70 |
| iv_510-iv_511 | 2029 | 4440 | 41 | 70 |
| iv_501-iv_502 | 2007 | 4292 | 37 | 72 |
| iv_501-iv_508 | 1945 | 4361 | 37 | 72 |
| iv_502-iv_505 | 2028 | 4392 | 38 | 73 |
| iv_505-iv_512 | 2140 | 4478 | 39 | 73 |
| iv_505-iv_506 | 1931 | 4494 | 37 | 74 |
| iv_502-iv_510 | 1983 | 4361 | 39 | 74 |
| iv_497-iv_498 | 1941 | 4340 | 45 | 74 |

## Output Bits

### Output Bits in Regular Order

| Rank | Output Bit | Complexity |
|:----:|:----------:|:----------:|
| 1 | ov_001 | 2.1190637574310275 × 10^309 |
| 2 | ov_002 | 1.845050873054793 × 10^309 |
| 3 | ov_003 | 1.5989747372593817 × 10^309 |
| 4 | ov_004 | 1.3787403624104065 × 10^309 |
| 5 | ov_005 | 1.1823679245130973 × 10^309 |
| 6 | ov_006 | 1.0079846548235072 × 10^309 |
| 7 | ov_007 | 8.538177755339598 × 10^308 |
| 8 | ov_008 | 7.181883841759339 × 10^308 |
| 9 | ov_009 | 5.995061965120094 × 10^308 |
| 10 | ov_010 | 4.96265062626343 × 10^308 |
| 11 | ov_011 | 4.0703917570401244 × 10^308 |
| 12 | ov_012 | 3.3047989764278324 × 10^308 |
| 13 | ov_013 | 2.6531313019189356 × 10^308 |
| 14 | ov_014 | 2.1033716478304575 × 10^308 |
| 15 | ov_015 | 1.6442094862737814 × 10^308 |
| 16 | ov_016 | 1.265027090140714 × 10^308 |
| 17 | ov_017 | 9.558888207393353 × 10^307 |
| 18 | ov_018 | 7.075329657479776 × 10^307 |
| 19 | ov_019 | 5.113656760258905 × 10^307 |
| 20 | ov_020 | 3.5945659258249717 × 10^307 |
| 21 | ov_021 | 2.4453579770448312 × 10^307 |
| 22 | ov_022 | 1.599917668985527 × 10^307 |
| 23 | ov_023 | 9.987004094449839 × 10^306 |
| 24 | ov_024 | 5.8872389530956294 × 10^306 |
| 25 | ov_025 | 3.235630655980729 × 10^306 |
| 26 | ov_026 | 1.6334733422160192 × 10^306 |
| 27 | ov_027 | 7.475928652733273 × 10^305 |
| 28 | ov_028 | 3.1034164713198794 × 10^305 |
| 29 | ov_029 | 1.195970198502421 × 10^305 |
| 30 | ov_030 | 3.656519147164964 × 10^304 |
| 31 | ov_031 | 7.132562702501062 × 10^303 |
| 32 | lv_80_m31 | 1.3910262015393255 × 10^303 |
| 33 | ov_033 | 1.6822436059313743 × 10^304 |
| 34 | ov_034 | 1.4626816374097297 × 10^304 |
| 35 | ov_035 | 1.2656965727029023 × 10^304 |
| 36 | ov_036 | 1.0895856652082291 × 10^304 |
| 37 | ov_037 | 9.327398756064858 × 10^303 |
| 38 | ov_038 | 7.936372554440334 × 10^303 |
| 39 | ov_039 | 6.708371806228456 × 10^303 |
| 40 | ov_040 | 5.6297535815956606 × 10^303 |
| 41 | ov_041 | 4.687595333963508 × 10^303 |
| 42 | ov_042 | 3.869658285922278 × 10^303 |
| 43 | ov_043 | 3.164356475135043 × 10^303 |
| 44 | ov_044 | 2.5607308428955868 × 10^303 |
| 45 | ov_045 | 2.0484277841585543 × 10^303 |
| 46 | ov_046 | 1.6176816137551736 × 10^303 |
| 47 | ov_047 | 1.2593004391878905 × 10^303 |
| 48 | ov_048 | 9.646549658987346 × 10^302 |
| 49 | ov_049 | 7.256697962618585 × 10^302 |
| 50 | ov_050 | 5.348168187895804 × 10^302 |
| 51 | ov_051 | 3.8511031918917584 × 10^302 |
| 52 | ov_052 | 2.701034799869816 × 10^302 |
| 53 | ov_053 | 1.8388597046664423 × 10^302 |
| 54 | ov_054 | 1.2108236366574183 × 10^302 |
| 55 | ov_055 | 7.685115215036802 × 10^301 |
| 56 | ov_056 | 4.6884169248365605 × 10^301 |
| 57 | ov_057 | 2.7406262904603274 × 10^301 |
| 58 | ov_058 | 1.5175118675124863 × 10^301 |
| 59 | ov_059 | 7.481171022764162 × 10^300 |
| 60 | ov_060 | 3.102817444544628 × 10^300 |
| 61 | ov_061 | 1.0848058488371315 × 10^300 |
| 62 | ov_062 | 2.9785738705739086 × 10^299 |
| 63 | ov_063 | 5.811226994108326 × 10^298 |
| 64 | lv_79_m31 | 1.1335386582581068 × 10^298 |
| 65 | ov_065 | 1.369226689734952 × 10^299 |
| 66 | ov_066 | 1.3692231342022688 × 10^299 |
| 67 | ov_067 | 1.3692222819464089 × 10^299 |
| 68 | ov_068 | 1.1910476495351813 × 10^299 |
| 69 | ov_069 | 1.030992675929731 × 10^299 |
| 70 | ov_070 | 8.87738547629718 × 10^298 |
| 71 | ov_071 | 7.60031311586926 × 10^298 |
| 72 | ov_072 | 6.4667744573857 × 10^298 |
| 73 | ov_073 | 5.4654021727878 × 10^298 |
| 74 | ov_074 | 4.585367310290657 × 10^298 |
| 75 | ov_075 | 3.816355754927193 × 10^298 |
| 76 | ov_076 | 3.1485497919369035 × 10^298 |
| 77 | ov_077 | 2.572613947429902 × 10^298 |
| 78 | ov_078 | 2.0796843277628013 × 10^298 |
| 79 | ov_079 | 1.6613607249215495 × 10^298 |
| 80 | ov_080 | 1.3097008001515182 × 10^298 |
| 81 | ov_081 | 1.0172157023064928 × 10^298 |
| 82 | ov_082 | 7.768665825861036 × 10^297 |
| 83 | ov_083 | 5.82061689812261 × 10^297 |
| 84 | ov_084 | 4.2665393659024854 × 10^297 |
| 85 | ov_085 | 3.049388937071394 × 10^297 |
| 86 | ov_086 | 2.1165317020981317 × 10^297 |
| 87 | ov_087 | 1.4197313665992761 × 10^297 |
| 88 | ov_088 | 9.151394909571176 × 10^296 |
| 89 | ov_089 | 5.632883124882439 × 10^296 |
| 90 | ov_090 | 3.2908572574209446 × 10^296 |
| 91 | ov_091 | 1.8181199655523958 × 10^296 |
| 92 | ov_092 | 9.511778905970975 × 10^295 |
| 93 | ov_093 | 4.702310579931839 × 10^295 |
| 94 | ov_094 | 1.991679541980144 × 10^295 |
| 95 | aaa_78_28 | 6.085458059769543 × 10^294 |
| 96 | aaa_78_29 | 1.8379292138342673 × 10^294 |
| 97 | ov_097 | 9.52723392795697 × 10^293 |
| 98 | ov_098 | 9.527163420793958 × 10^293 |
| 99 | ov_099 | 9.52714087206014 × 10^293 |
| 100 | ov_100 | 7.991627972859498 × 10^293 |
| 101 | ov_101 | 6.652169305615899 × 10^293 |
| 102 | ov_102 | 5.4913032124627026 × 10^293 |
| 103 | ov_103 | 4.49253811016423 × 10^293 |
| 104 | ov_104 | 3.6402822498660997 × 10^293 |
| 105 | ov_105 | 2.9197823018499385 × 10^293 |
| 106 | ov_106 | 2.3170699787056448 × 10^293 |
| 107 | ov_107 | 1.818915952096838 × 10^293 |
| 108 | ov_108 | 1.4127903584134232 × 10^293 |
| 109 | ov_109 | 1.0868292273676007 × 10^293 |
| 110 | ov_110 | 8.298062052481549 × 10^292 |
| 111 | ov_111 | 6.311089813219233 × 10^292 |
| 112 | ov_112 | 4.807198619497088 × 10^292 |
| 113 | ov_113 | 3.691999725264804 × 10^292 |
| 114 | ov_114 | 2.876766024961098 × 10^292 |
| 115 | ov_115 | 2.2783324353862083 × 10^292 |
| 116 | ov_116 | 1.8190190567065293 × 10^292 |
| 117 | ov_117 | 1.426573305057222 × 10^292 |
| 118 | ov_118 | 1.0956401941111033 × 10^292 |
| 119 | ov_119 | 8.208850956258208 × 10^291 |
| 120 | ov_120 | 5.969865599272982 × 10^291 |
| 121 | ov_121 | 4.1863122606473086 × 10^291 |
| 122 | ov_122 | 2.8051047843428832 × 10^291 |
| 123 | ov_123 | 1.773183956226599 × 10^291 |
| 124 | ov_124 | 1.0375046906389011 × 10^291 |
| 125 | ov_125 | 5.450280809035542 × 10^290 |
| 126 | ov_126 | 2.427173378192844 × 10^290 |
| 127 | aaa_77_28 | 7.753622782035595 × 10^289 |
| 128 | aaa_77_29 | 2.908556156305169 × 10^289 |
| 129 | ov_129 | 2.7299466417205865 × 10^289 |
| 130 | ov_130 | 2.7299391045402154 × 10^289 |
| 131 | ov_131 | 2.7299372788625744 × 10^289 |
| 132 | ov_132 | 2.374800210896263 × 10^289 |
| 133 | ov_133 | 2.056022678796705 × 10^289 |
| 134 | ov_134 | 1.770875320522022 × 10^289 |
| 135 | ov_135 | 1.5167783668010425 × 10^289 |
| 136 | ov_136 | 1.2912910286063943 × 10^289 |
| 137 | ov_137 | 1.0921022655042422 × 10^289 |
| 138 | ov_138 | 9.170228087796356 × 10^288 |
| 139 | ov_139 | 7.639783198578849 × 10^288 |
| 140 | ov_140 | 6.310035709372777 × 10^288 |
| 141 | ov_141 | 5.162375409609797 × 10^288 |
| 142 | ov_142 | 4.1791932612419416 × 10^288 |
| 143 | ov_143 | 3.3438477006916064 × 10^288 |
| 144 | ov_144 | 2.6406372479270667 × 10^288 |
| 145 | ov_145 | 2.0547785910141883 × 10^288 |
| 146 | ov_146 | 1.5723893721629733 × 10^288 |
| 147 | ov_147 | 1.1804749586623198 × 10^288 |
| 148 | ov_148 | 8.669185392844966 × 10^287 |
| 149 | ov_149 | 6.2047394381726285 × 10^287 |
| 150 | ov_150 | 4.307606403943064 × 10^287 |
| 151 | ov_151 | 2.882604222715204 × 10^287 |
| 152 | ov_152 | 1.8431535265245168 × 10^287 |
| 153 | ov_153 | 1.1112659310941314 × 10^287 |
| 154 | ov_154 | 6.17537980825767 × 10^286 |
| 155 | ov_155 | 3.011482310560438 × 10^286 |
| 156 | aaa_76_25 | 1.0985588627833293 × 10^286 |
| 157 | aaa_76_26 | 6.350075940743732 × 10^285 |
| 158 | aaa_76_27 | 3.254143241872036 × 10^285 |
| 159 | aaa_76_28 | 1.2688194286202795 × 10^285 |
| 160 | aaa_76_29 | 3.864378056094442 × 10^284 |

### Output Bits Sorted by Complexity

| Rank | Output Bit | Complexity |
|:----:|:----------:|:----------:|
| 160 | aaa_76_29 | 3.864378056094442 × 10^284 |
| 159 | aaa_76_28 | 1.2688194286202795 × 10^285 |
| 158 | aaa_76_27 | 3.254143241872036 × 10^285 |
| 157 | aaa_76_26 | 6.350075940743732 × 10^285 |
| 156 | aaa_76_25 | 1.0985588627833293 × 10^286 |
| 155 | ov_155 | 3.011482310560438 × 10^286 |
| 154 | ov_154 | 6.17537980825767 × 10^286 |
| 153 | ov_153 | 1.1112659310941314 × 10^287 |
| 152 | ov_152 | 1.8431535265245168 × 10^287 |
| 151 | ov_151 | 2.882604222715204 × 10^287 |
| 150 | ov_150 | 4.307606403943064 × 10^287 |
| 149 | ov_149 | 6.2047394381726285 × 10^287 |
| 148 | ov_148 | 8.669185392844966 × 10^287 |
| 147 | ov_147 | 1.1804749586623198 × 10^288 |
| 146 | ov_146 | 1.5723893721629733 × 10^288 |
| 145 | ov_145 | 2.0547785910141883 × 10^288 |
| 144 | ov_144 | 2.6406372479270667 × 10^288 |
| 143 | ov_143 | 3.3438477006916064 × 10^288 |
| 142 | ov_142 | 4.1791932612419416 × 10^288 |
| 141 | ov_141 | 5.162375409609797 × 10^288 |
| 140 | ov_140 | 6.310035709372777 × 10^288 |
| 139 | ov_139 | 7.639783198578849 × 10^288 |
| 138 | ov_138 | 9.170228087796356 × 10^288 |
| 137 | ov_137 | 1.0921022655042422 × 10^289 |
| 136 | ov_136 | 1.2912910286063943 × 10^289 |
| 135 | ov_135 | 1.5167783668010425 × 10^289 |
| 134 | ov_134 | 1.770875320522022 × 10^289 |
| 133 | ov_133 | 2.056022678796705 × 10^289 |
| 132 | ov_132 | 2.374800210896263 × 10^289 |
| 131 | ov_131 | 2.7299372788625744 × 10^289 |
| 130 | ov_130 | 2.7299391045402154 × 10^289 |
| 129 | ov_129 | 2.7299466417205865 × 10^289 |
| 128 | aaa_77_29 | 2.908556156305169 × 10^289 |
| 127 | aaa_77_28 | 7.753622782035595 × 10^289 |
| 126 | ov_126 | 2.427173378192844 × 10^290 |
| 125 | ov_125 | 5.450280809035542 × 10^290 |
| 124 | ov_124 | 1.0375046906389011 × 10^291 |
| 123 | ov_123 | 1.773183956226599 × 10^291 |
| 122 | ov_122 | 2.8051047843428832 × 10^291 |
| 121 | ov_121 | 4.1863122606473086 × 10^291 |
| 120 | ov_120 | 5.969865599272982 × 10^291 |
| 119 | ov_119 | 8.208850956258208 × 10^291 |
| 118 | ov_118 | 1.0956401941111033 × 10^292 |
| 117 | ov_117 | 1.426573305057222 × 10^292 |
| 116 | ov_116 | 1.8190190567065293 × 10^292 |
| 115 | ov_115 | 2.2783324353862083 × 10^292 |
| 114 | ov_114 | 2.876766024961098 × 10^292 |
| 113 | ov_113 | 3.691999725264804 × 10^292 |
| 112 | ov_112 | 4.807198619497088 × 10^292 |
| 111 | ov_111 | 6.311089813219233 × 10^292 |
| 110 | ov_110 | 8.298062052481549 × 10^292 |
| 109 | ov_109 | 1.0868292273676007 × 10^293 |
| 108 | ov_108 | 1.4127903584134232 × 10^293 |
| 107 | ov_107 | 1.818915952096838 × 10^293 |
| 106 | ov_106 | 2.3170699787056448 × 10^293 |
| 105 | ov_105 | 2.9197823018499385 × 10^293 |
| 104 | ov_104 | 3.6402822498660997 × 10^293 |
| 103 | ov_103 | 4.49253811016423 × 10^293 |
| 102 | ov_102 | 5.4913032124627026 × 10^293 |
| 101 | ov_101 | 6.652169305615899 × 10^293 |
| 100 | ov_100 | 7.991627972859498 × 10^293 |
| 99 | ov_099 | 9.52714087206014 × 10^293 |
| 98 | ov_098 | 9.527163420793958 × 10^293 |
| 97 | ov_097 | 9.52723392795697 × 10^293 |
| 96 | aaa_78_29 | 1.8379292138342673 × 10^294 |
| 95 | aaa_78_28 | 6.085458059769543 × 10^294 |
| 94 | ov_094 | 1.991679541980144 × 10^295 |
| 93 | ov_093 | 4.702310579931839 × 10^295 |
| 92 | ov_092 | 9.511778905970975 × 10^295 |
| 91 | ov_091 | 1.8181199655523958 × 10^296 |
| 90 | ov_090 | 3.2908572574209446 × 10^296 |
| 89 | ov_089 | 5.632883124882439 × 10^296 |
| 88 | ov_088 | 9.151394909571176 × 10^296 |
| 87 | ov_087 | 1.4197313665992761 × 10^297 |
| 86 | ov_086 | 2.1165317020981317 × 10^297 |
| 85 | ov_085 | 3.049388937071394 × 10^297 |
| 84 | ov_084 | 4.2665393659024854 × 10^297 |
| 83 | ov_083 | 5.82061689812261 × 10^297 |
| 82 | ov_082 | 7.768665825861036 × 10^297 |
| 81 | ov_081 | 1.0172157023064928 × 10^298 |
| 64 | lv_79_m31 | 1.1335386582581068 × 10^298 |
| 80 | ov_080 | 1.3097008001515182 × 10^298 |
| 79 | ov_079 | 1.6613607249215495 × 10^298 |
| 78 | ov_078 | 2.0796843277628013 × 10^298 |
| 77 | ov_077 | 2.572613947429902 × 10^298 |
| 76 | ov_076 | 3.1485497919369035 × 10^298 |
| 75 | ov_075 | 3.816355754927193 × 10^298 |
| 74 | ov_074 | 4.585367310290657 × 10^298 |
| 73 | ov_073 | 5.4654021727878 × 10^298 |
| 63 | ov_063 | 5.811226994108326 × 10^298 |
| 72 | ov_072 | 6.4667744573857 × 10^298 |
| 71 | ov_071 | 7.60031311586926 × 10^298 |
| 70 | ov_070 | 8.87738547629718 × 10^298 |
| 69 | ov_069 | 1.030992675929731 × 10^299 |
| 68 | ov_068 | 1.1910476495351813 × 10^299 |
| 67 | ov_067 | 1.3692222819464089 × 10^299 |
| 66 | ov_066 | 1.3692231342022688 × 10^299 |
| 65 | ov_065 | 1.369226689734952 × 10^299 |
| 62 | ov_062 | 2.9785738705739086 × 10^299 |
| 61 | ov_061 | 1.0848058488371315 × 10^300 |
| 60 | ov_060 | 3.102817444544628 × 10^300 |
| 59 | ov_059 | 7.481171022764162 × 10^300 |
| 58 | ov_058 | 1.5175118675124863 × 10^301 |
| 57 | ov_057 | 2.7406262904603274 × 10^301 |
| 56 | ov_056 | 4.6884169248365605 × 10^301 |
| 55 | ov_055 | 7.685115215036802 × 10^301 |
| 54 | ov_054 | 1.2108236366574183 × 10^302 |
| 53 | ov_053 | 1.8388597046664423 × 10^302 |
| 52 | ov_052 | 2.701034799869816 × 10^302 |
| 51 | ov_051 | 3.8511031918917584 × 10^302 |
| 50 | ov_050 | 5.348168187895804 × 10^302 |
| 49 | ov_049 | 7.256697962618585 × 10^302 |
| 48 | ov_048 | 9.646549658987346 × 10^302 |
| 47 | ov_047 | 1.2593004391878905 × 10^303 |
| 32 | lv_80_m31 | 1.3910262015393255 × 10^303 |
| 46 | ov_046 | 1.6176816137551736 × 10^303 |
| 45 | ov_045 | 2.0484277841585543 × 10^303 |
| 44 | ov_044 | 2.5607308428955868 × 10^303 |
| 43 | ov_043 | 3.164356475135043 × 10^303 |
| 42 | ov_042 | 3.869658285922278 × 10^303 |
| 41 | ov_041 | 4.687595333963508 × 10^303 |
| 40 | ov_040 | 5.6297535815956606 × 10^303 |
| 39 | ov_039 | 6.708371806228456 × 10^303 |
| 31 | ov_031 | 7.132562702501062 × 10^303 |
| 38 | ov_038 | 7.936372554440334 × 10^303 |
| 37 | ov_037 | 9.327398756064858 × 10^303 |
| 36 | ov_036 | 1.0895856652082291 × 10^304 |
| 35 | ov_035 | 1.2656965727029023 × 10^304 |
| 34 | ov_034 | 1.4626816374097297 × 10^304 |
| 33 | ov_033 | 1.6822436059313743 × 10^304 |
| 30 | ov_030 | 3.656519147164964 × 10^304 |
| 29 | ov_029 | 1.195970198502421 × 10^305 |
| 28 | ov_028 | 3.1034164713198794 × 10^305 |
| 27 | ov_027 | 7.475928652733273 × 10^305 |
| 26 | ov_026 | 1.6334733422160192 × 10^306 |
| 25 | ov_025 | 3.235630655980729 × 10^306 |
| 24 | ov_024 | 5.8872389530956294 × 10^306 |
| 23 | ov_023 | 9.987004094449839 × 10^306 |
| 22 | ov_022 | 1.599917668985527 × 10^307 |
| 21 | ov_021 | 2.4453579770448312 × 10^307 |
| 20 | ov_020 | 3.5945659258249717 × 10^307 |
| 19 | ov_019 | 5.113656760258905 × 10^307 |
| 18 | ov_018 | 7.075329657479776 × 10^307 |
| 17 | ov_017 | 9.558888207393353 × 10^307 |
| 16 | ov_016 | 1.265027090140714 × 10^308 |
| 15 | ov_015 | 1.6442094862737814 × 10^308 |
| 14 | ov_014 | 2.1033716478304575 × 10^308 |
| 13 | ov_013 | 2.6531313019189356 × 10^308 |
| 12 | ov_012 | 3.3047989764278324 × 10^308 |
| 11 | ov_011 | 4.0703917570401244 × 10^308 |
| 10 | ov_010 | 4.96265062626343 × 10^308 |
| 9 | ov_009 | 5.995061965120094 × 10^308 |
| 8 | ov_008 | 7.181883841759339 × 10^308 |
| 7 | ov_007 | 8.538177755339598 × 10^308 |
| 6 | ov_006 | 1.0079846548235072 × 10^309 |
| 5 | ov_005 | 1.1823679245130973 × 10^309 |
| 4 | ov_004 | 1.3787403624104065 × 10^309 |
| 3 | ov_003 | 1.5989747372593817 × 10^309 |
| 2 | ov_002 | 1.845050873054793 × 10^309 |
| 1 | ov_001 | 2.1190637574310275 × 10^309 |

