# Results for F001-F002-F003-F004-F005-F006-F007-F008-F009-F010-F011-F012-F013-F014-F015-F016-F017-F018-F019-F020-F021-F022-F023-F024-F025-F026-F027-F028-F029-F030-F031-F032-F033-F034-F035-F036-F037-F038-F039-F040-F041-F042-F043-F044-F045-F046-F047-F048-F049-F050-F051-F052-F053-F054-F055-F056-F057-F058-F059-F060-F061-F062-F063-F064-F065-F066-F067-F068-F069-F070-F071-F072-F073-F074-F075-F076-F077-F078-F079-F080-F081-F082-F083-F084-F085-F086-F087-F088-F089-F090-F091-F092-F093-F094-F095-F096-F097-F098-F099-F100-F101-F102-F103-F104-F105-F106-F107-F108-F109-F110-F111-F112-F113-F114-F115-F116-F117-F118-F119-F120-F121-F122-F123-F124-F125-F126-F127-F128-F129-F130-F131-F132-F133-F134-F135-F136-F137-F138-F139-F140-F141-F142-F143-F144-F145-F146-F147-F148-F149-F150-F151-F152-F153-F154-F155-F156-F157-F158-F159-F160-F161-F162-F163-F164-F165-F166-F167-F168-F169-F170-F171-F172-F173-F174-F175-F176-F177-F178-F179-F180-F181-F182-F183-F184-F185-F186-F187-F188-F189-F190-F191-F192-F193-F194-F195-F196-F197-F198-F199-F200-F201-F202-F203-F204-F205-F206-F207-F208-F209-F210-F211-F212-F213-F214-F215-F216-F217-F218-F219-F220-F221-F222-F223-F224-F225-F226-F227-F228-F229-F230-F231-F232-F233-F234-F235-F236-F237-F238-F239-F240-F241-F242-F243-F244-F245-F246-F247-F248-F249-F250-F251-F252-F253-F254-F255-F256-F257-F258-F259-F260-F261-F262-F263-F264-F265-F266-F267-F268-F269-F270-F271-F272-F273-F274-F275-F276-F277-F278-F279-F280-F281-F282-F283-F284-F285-F286-F287-F288-F289-F290-F291-F292-F293-F294-F295-F296-F297-F298-F299-F300-F301-F302-F303-F304-F305-F306-F307-F308-F309-F310-F311-F312-F313-F314-F315-F316-F317-F318-F319-F320-F321-F322-F323-F324-F325-F326-F327-F328-F329-F330-F331-F332-F333-F334-F335-F336-F337-F338-F339-F340-F341-F342-F343-F344-F345-F346-F347-F348-F349-F350-F351-F352-F353-F354-F355-F356-F357-F358-F359-F360-F361-F362-F363-F364-F365-F366-F367-F368-F369-F370-F371-F372-F373-F374-F375-F376-F377-F378-F379-F380-F381-F382-F383-F384-F385-F386-F387-F388-F389-F390-F391-F392-F393-F394-F395-F396-F397-F398-F399-F400-F401-F402-F403-F404-F405-F406-F407-F408-F409-F410-F411-F412-F413-F414-F415-F416-F417-F418-F419-F420-F421-F422-F423-F424-F425-F426-F427-F428-F429-F430-F431-F432-F433-F434-F435-F436-F437-F438-F439-F440-F441-F442-F443-F444-F445-F446-F447-F448-F449-F450-F451-F452-F453-F454-F455-F456-F457-F458-F459-F460-F461-F462-F463-F464-F465-F466-F467-F468-F469-F470-F471-F472-F473-F474-F475-F476-F477-F478-F479-F480-F481-F482-F483-F484-F485-F486-F487-F488-F489-F490-F491-F492-F493-F494-F495-F496-T509

## Summary

Number of input bits: 512  
Number of free input bits: 15  
Number of output bits: 160

Number of direct occurrences: 62540  
Number of assignments: 32502  
Number of operations: 12098719
(xor: 12068872,
and: 16051,
or: 13796)

Total complexity: 9.627059268062574 × 10^309

Least occurring input variable: iv_505 (3966)  
Most occurring input variable: iv_512 (4328)

Most co-occurring input variables: iv_501-iv_511 (2083)  
Least co-occurring input variables: iv_498-iv_505 (1785)

Potentially most occurring input variable: iv_505/iv_511 (4589)  
Potentially least occurring input variable: iv_499/iv_506 (4220)

Least output occurring input variable: iv_498 (71)  
Most output occurring input variable: iv_504 (89)

Most output co-occurring input variables: iv_504-iv_507 (49)  
Least output co-occurring input variables: iv_498-iv_500 (30)

Potentially most output occurring input variable: iv_510/iv_512 (93)  
Potentially least output occurring input variable: iv_506/iv_511 (64)

Least complex input bit: iv_497 (8.324205597360034 × 10^306)  
Most complex input bit: iv_510 (2.896044560345153 × 10^309)

Least complex output bit: aaa_76_29 (2.8357540974599966 × 10^284)  
Most complex output bit: ov_001 (1.4978206829180708 × 10^309)

Least complex input/output complexity: iv_497/aaa_76_29 (2.451984502590862 × 10^281)  
Most complex input/output complexity: iv_510/ov_001 (4.50579488538903 × 10^308)

## Input Bits

### Input Bits in Regular Order

| Input Bit | Complexity | Occurrences | Output Occurrences |
|:---------:|:----------:|:-----------:|:------------------:|
| iv_497 | 8.324205597360034 × 10^306 | 4168 | 73 |
| iv_498 | 1.6794609864355793 × 10^307 | 4022 | 71 |
| iv_499 | 2.990660743354514 × 10^307 | 4257 | 77 |
| iv_500 | 5.0659416317930497 × 10^307 | 4156 | 75 |
| iv_501 | 8.63769550410421 × 10^307 | 4244 | 82 |
| iv_502 | 1.4038776241240374 × 10^308 | 4143 | 78 |
| iv_503 | 2.2148778849614134 × 10^308 | 4153 | 79 |
| iv_504 | 3.4118526640599734 × 10^308 | 4087 | 89 |
| iv_505 | 5.155383614254181 × 10^308 | 3966 | 73 |
| iv_506 | 7.658520522475383 × 10^308 | 4125 | 78 |
| iv_507 | 1.120502451710505 × 10^309 | 4250 | 88 |
| iv_508 | 1.5876589984994649 × 10^309 | 4099 | 80 |
| iv_510 | 2.896044560345153 × 10^309 | 4275 | 79 |
| iv_511 | 8.57426979594569 × 10^308 | 4267 | 80 |
| iv_512 | 9.889132526711498 × 10^308 | 4328 | 76 |

### Input Bits Sorted by Complexity

| Input Bit | Complexity | Occurrences | Output Occurrences |
|:---------:|:----------:|:-----------:|:------------------:|
| iv_497 | 8.324205597360034 × 10^306 | 4168 | 73 |
| iv_498 | 1.6794609864355793 × 10^307 | 4022 | 71 |
| iv_499 | 2.990660743354514 × 10^307 | 4257 | 77 |
| iv_500 | 5.0659416317930497 × 10^307 | 4156 | 75 |
| iv_501 | 8.63769550410421 × 10^307 | 4244 | 82 |
| iv_502 | 1.4038776241240374 × 10^308 | 4143 | 78 |
| iv_503 | 2.2148778849614134 × 10^308 | 4153 | 79 |
| iv_504 | 3.4118526640599734 × 10^308 | 4087 | 89 |
| iv_505 | 5.155383614254181 × 10^308 | 3966 | 73 |
| iv_506 | 7.658520522475383 × 10^308 | 4125 | 78 |
| iv_511 | 8.57426979594569 × 10^308 | 4267 | 80 |
| iv_512 | 9.889132526711498 × 10^308 | 4328 | 76 |
| iv_507 | 1.120502451710505 × 10^309 | 4250 | 88 |
| iv_508 | 1.5876589984994649 × 10^309 | 4099 | 80 |
| iv_510 | 2.896044560345153 × 10^309 | 4275 | 79 |

### Input Bits Sorted by Occurrences

| Input Bit | Complexity | Occurrences | Output Occurrences |
|:---------:|:----------:|:-----------:|:------------------:|
| iv_505 | 5.155383614254181 × 10^308 | 3966 | 73 |
| iv_498 | 1.6794609864355793 × 10^307 | 4022 | 71 |
| iv_504 | 3.4118526640599734 × 10^308 | 4087 | 89 |
| iv_508 | 1.5876589984994649 × 10^309 | 4099 | 80 |
| iv_506 | 7.658520522475383 × 10^308 | 4125 | 78 |
| iv_502 | 1.4038776241240374 × 10^308 | 4143 | 78 |
| iv_503 | 2.2148778849614134 × 10^308 | 4153 | 79 |
| iv_500 | 5.0659416317930497 × 10^307 | 4156 | 75 |
| iv_497 | 8.324205597360034 × 10^306 | 4168 | 73 |
| iv_501 | 8.63769550410421 × 10^307 | 4244 | 82 |
| iv_507 | 1.120502451710505 × 10^309 | 4250 | 88 |
| iv_499 | 2.990660743354514 × 10^307 | 4257 | 77 |
| iv_511 | 8.57426979594569 × 10^308 | 4267 | 80 |
| iv_510 | 2.896044560345153 × 10^309 | 4275 | 79 |
| iv_512 | 9.889132526711498 × 10^308 | 4328 | 76 |

### Input Bits Sorted by Output Occurrences

| Input Bit | Complexity | Occurrences | Output Occurrences |
|:---------:|:----------:|:-----------:|:------------------:|
| iv_498 | 1.6794609864355793 × 10^307 | 4022 | 71 |
| iv_497 | 8.324205597360034 × 10^306 | 4168 | 73 |
| iv_505 | 5.155383614254181 × 10^308 | 3966 | 73 |
| iv_500 | 5.0659416317930497 × 10^307 | 4156 | 75 |
| iv_512 | 9.889132526711498 × 10^308 | 4328 | 76 |
| iv_499 | 2.990660743354514 × 10^307 | 4257 | 77 |
| iv_502 | 1.4038776241240374 × 10^308 | 4143 | 78 |
| iv_506 | 7.658520522475383 × 10^308 | 4125 | 78 |
| iv_510 | 2.896044560345153 × 10^309 | 4275 | 79 |
| iv_503 | 2.2148778849614134 × 10^308 | 4153 | 79 |
| iv_508 | 1.5876589984994649 × 10^309 | 4099 | 80 |
| iv_511 | 8.57426979594569 × 10^308 | 4267 | 80 |
| iv_501 | 8.63769550410421 × 10^307 | 4244 | 82 |
| iv_507 | 1.120502451710505 × 10^309 | 4250 | 88 |
| iv_504 | 3.4118526640599734 × 10^308 | 4087 | 89 |

## Input Bit Co-occurrences

### Input Bit Co-occurrences Sorted by Co-occurrences

| Input Bits | Co-occurrences | Potential Occurrences | Output Co-occurrences | Potential Output Occurrences |
|:----------:|:--------------:|:---------------------:|:---------------------:|:----------------------------:|
| iv_501-iv_511 | 2083 | 4345 | 41 | 80 |
| iv_503-iv_507 | 2082 | 4239 | 47 | 73 |
| iv_499-iv_506 | 2081 | 4220 | 37 | 81 |
| iv_503-iv_511 | 2068 | 4284 | 42 | 75 |
| iv_499-iv_501 | 2064 | 4373 | 42 | 75 |
| iv_500-iv_512 | 2064 | 4356 | 39 | 73 |
| iv_499-iv_510 | 2063 | 4406 | 38 | 80 |
| iv_501-iv_512 | 2058 | 4456 | 44 | 70 |
| iv_499-iv_512 | 2057 | 4471 | 35 | 83 |
| iv_511-iv_512 | 2055 | 4485 | 45 | 66 |
| iv_499-iv_508 | 2049 | 4258 | 41 | 75 |
| iv_499-iv_502 | 2043 | 4314 | 40 | 75 |
| iv_506-iv_507 | 2037 | 4301 | 42 | 82 |
| iv_508-iv_510 | 2029 | 4316 | 36 | 87 |
| iv_497-iv_512 | 2027 | 4442 | 37 | 75 |

### Input Bit Co-occurrences Sorted by Potential Occurrences

| Input Bits | Co-occurrences | Potential Occurrences | Output Co-occurrences | Potential Output Occurrences |
|:----------:|:--------------:|:---------------------:|:---------------------:|:----------------------------:|
| iv_499-iv_506 | 2081 | 4220 | 37 | 81 |
| iv_503-iv_507 | 2082 | 4239 | 47 | 73 |
| iv_498-iv_506 | 1948 | 4251 | 33 | 83 |
| iv_503-iv_506 | 2013 | 4252 | 42 | 73 |
| iv_499-iv_508 | 2049 | 4258 | 41 | 75 |
| iv_504-iv_508 | 1960 | 4266 | 48 | 73 |
| iv_503-iv_511 | 2068 | 4284 | 42 | 75 |
| iv_498-iv_501 | 1986 | 4294 | 41 | 71 |
| iv_498-iv_508 | 1913 | 4295 | 32 | 87 |
| iv_501-iv_504 | 2017 | 4297 | 45 | 81 |
| iv_500-iv_506 | 1992 | 4297 | 38 | 77 |
| iv_502-iv_504 | 1966 | 4298 | 43 | 81 |
| iv_506-iv_507 | 2037 | 4301 | 42 | 82 |
| iv_498-iv_499 | 1989 | 4301 | 33 | 82 |
| iv_497-iv_504 | 1976 | 4303 | 41 | 80 |

### Input Bit Output Co-occurrences Sorted by Output Co-occurrences

| Input Bits | Co-occurrences | Potential Occurrences | Output Co-occurrences | Potential Output Occurrences |
|:----------:|:--------------:|:---------------------:|:---------------------:|:----------------------------:|
| iv_504-iv_507 | 2005 | 4327 | 49 | 79 |
| iv_500-iv_504 | 1963 | 4317 | 48 | 68 |
| iv_504-iv_508 | 1960 | 4266 | 48 | 73 |
| iv_503-iv_507 | 2082 | 4239 | 47 | 73 |
| iv_506-iv_511 | 1965 | 4462 | 47 | 64 |
| iv_501-iv_508 | 1994 | 4355 | 46 | 70 |
| iv_507-iv_511 | 2003 | 4511 | 46 | 76 |
| iv_501-iv_504 | 2017 | 4297 | 45 | 81 |
| iv_501-iv_507 | 2006 | 4482 | 45 | 80 |
| iv_511-iv_512 | 2055 | 4485 | 45 | 66 |
| iv_501-iv_512 | 2058 | 4456 | 44 | 70 |
| iv_504-iv_511 | 1974 | 4406 | 44 | 81 |
| iv_508-iv_511 | 2018 | 4330 | 44 | 72 |
| iv_497-iv_507 | 1977 | 4464 | 44 | 73 |
| iv_502-iv_504 | 1966 | 4298 | 43 | 81 |

### Input Bit Output Co-occurrences Sorted by Potential Output Occurrences

| Input Bits | Co-occurrences | Potential Occurrences | Output Co-occurrences | Potential Output Occurrences |
|:----------:|:--------------:|:---------------------:|:---------------------:|:----------------------------:|
| iv_506-iv_511 | 1965 | 4462 | 47 | 64 |
| iv_511-iv_512 | 2055 | 4485 | 45 | 66 |
| iv_500-iv_504 | 1963 | 4317 | 48 | 68 |
| iv_501-iv_508 | 1994 | 4355 | 46 | 70 |
| iv_501-iv_512 | 2058 | 4456 | 44 | 70 |
| iv_497-iv_502 | 1991 | 4329 | 40 | 71 |
| iv_498-iv_501 | 1986 | 4294 | 41 | 71 |
| iv_508-iv_511 | 2018 | 4330 | 44 | 72 |
| iv_503-iv_505 | 1867 | 4385 | 40 | 72 |
| iv_506-iv_512 | 1969 | 4515 | 41 | 72 |
| iv_500-iv_512 | 2064 | 4356 | 39 | 73 |
| iv_503-iv_507 | 2082 | 4239 | 47 | 73 |
| iv_504-iv_508 | 1960 | 4266 | 48 | 73 |
| iv_497-iv_507 | 1977 | 4464 | 44 | 73 |
| iv_505-iv_506 | 1871 | 4349 | 39 | 73 |

## Output Bits

### Output Bits in Regular Order

| Rank | Output Bit | Complexity |
|:----:|:----------:|:----------:|
| 1 | ov_001 | 1.4978206829180708 × 10^309 |
| 2 | ov_002 | 1.304143223791076 × 10^309 |
| 3 | ov_003 | 1.1302106408740099 × 10^309 |
| 4 | ov_004 | 9.745424751610703 × 10^308 |
| 5 | ov_005 | 8.357396991202669 × 10^308 |
| 6 | ov_006 | 7.12478951017488 × 10^308 |
| 7 | ov_007 | 6.035075072750257 × 10^308 |
| 8 | ov_008 | 5.076389359011311 × 10^308 |
| 9 | ov_009 | 4.237493690460095 × 10^308 |
| 10 | ov_010 | 3.5077433199376395 × 10^308 |
| 11 | ov_011 | 2.877060694138376 × 10^308 |
| 12 | ov_012 | 2.3359131311573752 × 10^308 |
| 13 | ov_013 | 1.8752943889592796 × 10^308 |
| 14 | ov_014 | 1.4867096335178131 × 10^308 |
| 15 | ov_015 | 1.1621633477787745 × 10^308 |
| 16 | ov_016 | 8.941497546602934 × 10^307 |
| 17 | ov_017 | 6.75645359113625 × 10^307 |
| 18 | ov_018 | 5.001032458993795 × 10^307 |
| 19 | ov_019 | 3.614488012447058 × 10^307 |
| 20 | ov_020 | 2.5407657283230342 × 10^307 |
| 21 | ov_021 | 1.728480436623746 × 10^307 |
| 22 | ov_022 | 1.1309012668366031 × 10^307 |
| 23 | ov_023 | 7.059418872204441 × 10^306 |
| 24 | ov_024 | 4.1615435733687275 × 10^306 |
| 25 | ov_025 | 2.287254184220758 × 10^306 |
| 26 | ov_026 | 1.1547445940195744 × 10^306 |
| 27 | ov_027 | 5.28525588220089 × 10^305 |
| 28 | ov_028 | 2.194210661530444 × 10^305 |
| 29 | ov_029 | 8.456682204203655 × 10^304 |
| 30 | ov_030 | 2.5858229027344646 × 10^304 |
| 31 | ov_031 | 5.044852781718752 × 10^303 |
| 32 | lv_80_m31 | 9.840594183906099 × 10^302 |
| 33 | ov_033 | 1.1899254034851124 × 10^304 |
| 34 | ov_034 | 1.0347242658315358 × 10^304 |
| 35 | ov_035 | 8.955316025223172 × 10^303 |
| 36 | ov_036 | 7.710958558351673 × 10^303 |
| 37 | ov_037 | 6.60234345043522 × 10^303 |
| 38 | ov_038 | 5.6182840319819845 × 10^303 |
| 39 | ov_039 | 4.748191386108306 × 10^303 |
| 40 | ov_040 | 3.9820376470775054 × 10^303 |
| 41 | ov_041 | 3.310324447319742 × 10^303 |
| 42 | ov_042 | 2.7284313389575343 × 10^303 |
| 43 | ov_043 | 2.2278423744105526 × 10^303 |
| 44 | ov_044 | 1.800502394609443 × 10^303 |
| 45 | ov_045 | 1.4388012627792607 × 10^303 |
| 46 | ov_046 | 1.1355609767087373 × 10^303 |
| 47 | ov_047 | 8.840252849327803 × 10^302 |
| 48 | ov_048 | 6.778514583500595 × 10^302 |
| 49 | ov_049 | 5.111038947847076 × 10^302 |
| 50 | ov_050 | 3.7824925990256803 × 10^302 |
| 51 | ov_051 | 2.7415289372695057 × 10^302 |
| 52 | ov_052 | 1.9407623778295705 × 10^302 |
| 53 | ov_053 | 1.3367506364749556 × 10^302 |
| 54 | ov_054 | 8.899830940598721 × 10^301 |
| 55 | ov_055 | 5.648735622446239 × 10^301 |
| 56 | ov_056 | 3.446093769291351 × 10^301 |
| 57 | ov_057 | 2.014423060167693 × 10^301 |
| 58 | ov_058 | 1.115405958813187 × 10^301 |
| 59 | ov_059 | 5.498831936997775 × 10^300 |
| 60 | ov_060 | 2.2806418359125734 × 10^300 |
| 61 | ov_061 | 7.973571247445413 × 10^299 |
| 62 | ov_062 | 2.1893199538593417 × 10^299 |
| 63 | ov_063 | 4.271384807218936 × 10^298 |
| 64 | lv_79_m31 | 8.331768478787224 × 10^297 |
| 65 | ov_065 | 1.006412922325681 × 10^299 |
| 66 | ov_066 | 1.0064103089305674 × 10^299 |
| 67 | ov_067 | 1.006409682503729 × 10^299 |
| 68 | ov_068 | 8.754472445547934 × 10^298 |
| 69 | ov_069 | 7.578031725134711 × 10^298 |
| 70 | ov_070 | 6.525081079704919 × 10^298 |
| 71 | ov_071 | 5.586403664477228 × 10^298 |
| 72 | ov_072 | 4.7532268164327696 × 10^298 |
| 73 | ov_073 | 4.0171952868116417 × 10^298 |
| 74 | ov_074 | 3.3703495459836415 × 10^298 |
| 75 | ov_075 | 2.805108481421933 × 10^298 |
| 76 | ov_076 | 2.31425584637484 × 10^298 |
| 77 | ov_077 | 1.8909298524249233 × 10^298 |
| 78 | ov_078 | 1.5286153336751887 × 10^298 |
| 79 | ov_079 | 1.221137944009276 × 10^298 |
| 80 | ov_080 | 9.626598819080258 × 10^297 |
| 81 | ov_081 | 7.476766698156024 × 10^297 |
| 82 | ov_082 | 5.710145923708578 × 10^297 |
| 83 | ov_083 | 4.278285613479664 × 10^297 |
| 84 | ov_084 | 3.1360032670827065 × 10^297 |
| 85 | ov_085 | 2.2413700241691863 × 10^297 |
| 86 | ov_086 | 1.5556987574371513 × 10^297 |
| 87 | ov_087 | 1.0435346880807607 × 10^297 |
| 88 | ov_088 | 6.726482115186077 × 10^296 |
| 89 | ov_089 | 4.1402962137353805 × 10^296 |
| 90 | ov_090 | 2.418854197478111 × 10^296 |
| 91 | ov_091 | 1.3363590187157696 × 10^296 |
| 92 | ov_092 | 6.991370582822234 × 10^295 |
| 93 | ov_093 | 3.4563033461366427 × 10^295 |
| 94 | ov_094 | 1.4639288485210332 × 10^295 |
| 95 | aaa_78_28 | 4.472946974516032 × 10^294 |
| 96 | aaa_78_29 | 1.3509187078057616 × 10^294 |
| 97 | ov_097 | 7.002735363876786 × 10^293 |
| 98 | ov_098 | 7.0026835333012114 × 10^293 |
| 99 | ov_099 | 7.002666957163115 × 10^293 |
| 100 | ov_100 | 5.8740287761073044 × 10^293 |
| 101 | ov_101 | 4.889495791376071 × 10^293 |
| 102 | ov_102 | 4.03623296617911 × 10^293 |
| 103 | ov_103 | 3.3021183681002503 × 10^293 |
| 104 | ov_104 | 2.6756915295787187 × 10^293 |
| 105 | ov_105 | 2.1461082949859477 × 10^293 |
| 106 | ov_106 | 1.70310157667972 × 10^293 |
| 107 | ov_107 | 1.3369474729417603 × 10^293 |
| 108 | ov_108 | 1.038436230047882 × 10^293 |
| 109 | ov_109 | 7.988475590927501 × 10^292 |
| 110 | ov_110 | 6.099298457779829 × 10^292 |
| 111 | ov_111 | 4.638828183324621 × 10^292 |
| 112 | ov_112 | 3.533432652038167 × 10^292 |
| 113 | ov_113 | 2.713734202551433 × 10^292 |
| 114 | ov_114 | 2.1145165901640317 × 10^292 |
| 115 | ov_115 | 1.6746517515282408 × 10^292 |
| 116 | ov_116 | 1.3370433178394656 × 10^292 |
| 117 | ov_117 | 1.048584076630901 × 10^292 |
| 118 | ov_118 | 8.053380363750732 × 10^291 |
| 119 | ov_119 | 6.033841674842281 × 10^291 |
| 120 | ov_120 | 4.388111246735802 × 10^291 |
| 121 | ov_121 | 3.077135057653174 × 10^291 |
| 122 | ov_122 | 2.0618939451501225 × 10^291 |
| 123 | ov_123 | 1.3033885342876224 × 10^291 |
| 124 | ov_124 | 7.626298246934953 × 10^290 |
| 125 | ov_125 | 4.006333522012427 × 10^290 |
| 126 | ov_126 | 1.784162067536449 × 10^290 |
| 127 | aaa_77_28 | 5.699588599080513 × 10^289 |
| 128 | aaa_77_29 | 2.1380781681215622 × 10^289 |
| 129 | ov_129 | 2.0068065137987443 × 10^289 |
| 130 | ov_130 | 2.0068009844966917 × 10^289 |
| 131 | ov_131 | 2.0067996456764767 × 10^289 |
| 132 | ov_132 | 1.745796614929319 × 10^289 |
| 133 | ov_133 | 1.511498073835204 × 10^289 |
| 134 | ov_134 | 1.3019031607123891 × 10^289 |
| 135 | ov_135 | 1.1151201669206834 × 10^289 |
| 136 | ov_136 | 9.493587859460296 × 10^288 |
| 137 | ov_137 | 8.02923384556251 × 10^288 |
| 138 | ov_138 | 6.742072016656469 × 10^288 |
| 139 | ov_139 | 5.616873854800986 × 10^288 |
| 140 | ov_140 | 4.6392078426395607 × 10^288 |
| 141 | ov_141 | 3.7954041070780984 × 10^288 |
| 142 | ov_142 | 3.072525044104037 × 10^288 |
| 143 | ov_143 | 2.458341214422114 × 10^288 |
| 144 | ov_144 | 1.941311843523818 × 10^288 |
| 145 | ov_145 | 1.510569303310484 × 10^288 |
| 146 | ov_146 | 1.1559069955821012 × 10^288 |
| 147 | ov_147 | 8.67770100684274 × 10^287 |
| 148 | ov_148 | 6.372486974484818 × 10^287 |
| 149 | ov_149 | 4.5607280331933435 × 10^287 |
| 150 | ov_150 | 3.1660892627246823 × 10^287 |
| 151 | ov_151 | 2.1185776280915065 × 10^287 |
| 152 | ov_152 | 1.3545273383838532 × 10^287 |
| 153 | ov_153 | 8.165912263077589 × 10^286 |
| 154 | ov_154 | 4.537362167938665 × 10^286 |
| 155 | ov_155 | 2.212411439782587 × 10^286 |
| 156 | aaa_76_25 | 8.069573262096373 × 10^285 |
| 157 | aaa_76_26 | 4.663591914690799 × 10^285 |
| 158 | aaa_76_27 | 2.3893537159074453 × 10^285 |
| 159 | aaa_76_28 | 9.313599930495715 × 10^284 |
| 160 | aaa_76_29 | 2.8357540974599966 × 10^284 |

### Output Bits Sorted by Complexity

| Rank | Output Bit | Complexity |
|:----:|:----------:|:----------:|
| 160 | aaa_76_29 | 2.8357540974599966 × 10^284 |
| 159 | aaa_76_28 | 9.313599930495715 × 10^284 |
| 158 | aaa_76_27 | 2.3893537159074453 × 10^285 |
| 157 | aaa_76_26 | 4.663591914690799 × 10^285 |
| 156 | aaa_76_25 | 8.069573262096373 × 10^285 |
| 155 | ov_155 | 2.212411439782587 × 10^286 |
| 154 | ov_154 | 4.537362167938665 × 10^286 |
| 153 | ov_153 | 8.165912263077589 × 10^286 |
| 152 | ov_152 | 1.3545273383838532 × 10^287 |
| 151 | ov_151 | 2.1185776280915065 × 10^287 |
| 150 | ov_150 | 3.1660892627246823 × 10^287 |
| 149 | ov_149 | 4.5607280331933435 × 10^287 |
| 148 | ov_148 | 6.372486974484818 × 10^287 |
| 147 | ov_147 | 8.67770100684274 × 10^287 |
| 146 | ov_146 | 1.1559069955821012 × 10^288 |
| 145 | ov_145 | 1.510569303310484 × 10^288 |
| 144 | ov_144 | 1.941311843523818 × 10^288 |
| 143 | ov_143 | 2.458341214422114 × 10^288 |
| 142 | ov_142 | 3.072525044104037 × 10^288 |
| 141 | ov_141 | 3.7954041070780984 × 10^288 |
| 140 | ov_140 | 4.6392078426395607 × 10^288 |
| 139 | ov_139 | 5.616873854800986 × 10^288 |
| 138 | ov_138 | 6.742072016656469 × 10^288 |
| 137 | ov_137 | 8.02923384556251 × 10^288 |
| 136 | ov_136 | 9.493587859460296 × 10^288 |
| 135 | ov_135 | 1.1151201669206834 × 10^289 |
| 134 | ov_134 | 1.3019031607123891 × 10^289 |
| 133 | ov_133 | 1.511498073835204 × 10^289 |
| 132 | ov_132 | 1.745796614929319 × 10^289 |
| 131 | ov_131 | 2.0067996456764767 × 10^289 |
| 130 | ov_130 | 2.0068009844966917 × 10^289 |
| 129 | ov_129 | 2.0068065137987443 × 10^289 |
| 128 | aaa_77_29 | 2.1380781681215622 × 10^289 |
| 127 | aaa_77_28 | 5.699588599080513 × 10^289 |
| 126 | ov_126 | 1.784162067536449 × 10^290 |
| 125 | ov_125 | 4.006333522012427 × 10^290 |
| 124 | ov_124 | 7.626298246934953 × 10^290 |
| 123 | ov_123 | 1.3033885342876224 × 10^291 |
| 122 | ov_122 | 2.0618939451501225 × 10^291 |
| 121 | ov_121 | 3.077135057653174 × 10^291 |
| 120 | ov_120 | 4.388111246735802 × 10^291 |
| 119 | ov_119 | 6.033841674842281 × 10^291 |
| 118 | ov_118 | 8.053380363750732 × 10^291 |
| 117 | ov_117 | 1.048584076630901 × 10^292 |
| 116 | ov_116 | 1.3370433178394656 × 10^292 |
| 115 | ov_115 | 1.6746517515282408 × 10^292 |
| 114 | ov_114 | 2.1145165901640317 × 10^292 |
| 113 | ov_113 | 2.713734202551433 × 10^292 |
| 112 | ov_112 | 3.533432652038167 × 10^292 |
| 111 | ov_111 | 4.638828183324621 × 10^292 |
| 110 | ov_110 | 6.099298457779829 × 10^292 |
| 109 | ov_109 | 7.988475590927501 × 10^292 |
| 108 | ov_108 | 1.038436230047882 × 10^293 |
| 107 | ov_107 | 1.3369474729417603 × 10^293 |
| 106 | ov_106 | 1.70310157667972 × 10^293 |
| 105 | ov_105 | 2.1461082949859477 × 10^293 |
| 104 | ov_104 | 2.6756915295787187 × 10^293 |
| 103 | ov_103 | 3.3021183681002503 × 10^293 |
| 102 | ov_102 | 4.03623296617911 × 10^293 |
| 101 | ov_101 | 4.889495791376071 × 10^293 |
| 100 | ov_100 | 5.8740287761073044 × 10^293 |
| 99 | ov_099 | 7.002666957163115 × 10^293 |
| 98 | ov_098 | 7.0026835333012114 × 10^293 |
| 97 | ov_097 | 7.002735363876786 × 10^293 |
| 96 | aaa_78_29 | 1.3509187078057616 × 10^294 |
| 95 | aaa_78_28 | 4.472946974516032 × 10^294 |
| 94 | ov_094 | 1.4639288485210332 × 10^295 |
| 93 | ov_093 | 3.4563033461366427 × 10^295 |
| 92 | ov_092 | 6.991370582822234 × 10^295 |
| 91 | ov_091 | 1.3363590187157696 × 10^296 |
| 90 | ov_090 | 2.418854197478111 × 10^296 |
| 89 | ov_089 | 4.1402962137353805 × 10^296 |
| 88 | ov_088 | 6.726482115186077 × 10^296 |
| 87 | ov_087 | 1.0435346880807607 × 10^297 |
| 86 | ov_086 | 1.5556987574371513 × 10^297 |
| 85 | ov_085 | 2.2413700241691863 × 10^297 |
| 84 | ov_084 | 3.1360032670827065 × 10^297 |
| 83 | ov_083 | 4.278285613479664 × 10^297 |
| 82 | ov_082 | 5.710145923708578 × 10^297 |
| 81 | ov_081 | 7.476766698156024 × 10^297 |
| 64 | lv_79_m31 | 8.331768478787224 × 10^297 |
| 80 | ov_080 | 9.626598819080258 × 10^297 |
| 79 | ov_079 | 1.221137944009276 × 10^298 |
| 78 | ov_078 | 1.5286153336751887 × 10^298 |
| 77 | ov_077 | 1.8909298524249233 × 10^298 |
| 76 | ov_076 | 2.31425584637484 × 10^298 |
| 75 | ov_075 | 2.805108481421933 × 10^298 |
| 74 | ov_074 | 3.3703495459836415 × 10^298 |
| 73 | ov_073 | 4.0171952868116417 × 10^298 |
| 63 | ov_063 | 4.271384807218936 × 10^298 |
| 72 | ov_072 | 4.7532268164327696 × 10^298 |
| 71 | ov_071 | 5.586403664477228 × 10^298 |
| 70 | ov_070 | 6.525081079704919 × 10^298 |
| 69 | ov_069 | 7.578031725134711 × 10^298 |
| 68 | ov_068 | 8.754472445547934 × 10^298 |
| 67 | ov_067 | 1.006409682503729 × 10^299 |
| 66 | ov_066 | 1.0064103089305674 × 10^299 |
| 65 | ov_065 | 1.006412922325681 × 10^299 |
| 62 | ov_062 | 2.1893199538593417 × 10^299 |
| 61 | ov_061 | 7.973571247445413 × 10^299 |
| 60 | ov_060 | 2.2806418359125734 × 10^300 |
| 59 | ov_059 | 5.498831936997775 × 10^300 |
| 58 | ov_058 | 1.115405958813187 × 10^301 |
| 57 | ov_057 | 2.014423060167693 × 10^301 |
| 56 | ov_056 | 3.446093769291351 × 10^301 |
| 55 | ov_055 | 5.648735622446239 × 10^301 |
| 54 | ov_054 | 8.899830940598721 × 10^301 |
| 53 | ov_053 | 1.3367506364749556 × 10^302 |
| 52 | ov_052 | 1.9407623778295705 × 10^302 |
| 51 | ov_051 | 2.7415289372695057 × 10^302 |
| 50 | ov_050 | 3.7824925990256803 × 10^302 |
| 49 | ov_049 | 5.111038947847076 × 10^302 |
| 48 | ov_048 | 6.778514583500595 × 10^302 |
| 47 | ov_047 | 8.840252849327803 × 10^302 |
| 32 | lv_80_m31 | 9.840594183906099 × 10^302 |
| 46 | ov_046 | 1.1355609767087373 × 10^303 |
| 45 | ov_045 | 1.4388012627792607 × 10^303 |
| 44 | ov_044 | 1.800502394609443 × 10^303 |
| 43 | ov_043 | 2.2278423744105526 × 10^303 |
| 42 | ov_042 | 2.7284313389575343 × 10^303 |
| 41 | ov_041 | 3.310324447319742 × 10^303 |
| 40 | ov_040 | 3.9820376470775054 × 10^303 |
| 39 | ov_039 | 4.748191386108306 × 10^303 |
| 31 | ov_031 | 5.044852781718752 × 10^303 |
| 38 | ov_038 | 5.6182840319819845 × 10^303 |
| 37 | ov_037 | 6.60234345043522 × 10^303 |
| 36 | ov_036 | 7.710958558351673 × 10^303 |
| 35 | ov_035 | 8.955316025223172 × 10^303 |
| 34 | ov_034 | 1.0347242658315358 × 10^304 |
| 33 | ov_033 | 1.1899254034851124 × 10^304 |
| 30 | ov_030 | 2.5858229027344646 × 10^304 |
| 29 | ov_029 | 8.456682204203655 × 10^304 |
| 28 | ov_028 | 2.194210661530444 × 10^305 |
| 27 | ov_027 | 5.28525588220089 × 10^305 |
| 26 | ov_026 | 1.1547445940195744 × 10^306 |
| 25 | ov_025 | 2.287254184220758 × 10^306 |
| 24 | ov_024 | 4.1615435733687275 × 10^306 |
| 23 | ov_023 | 7.059418872204441 × 10^306 |
| 22 | ov_022 | 1.1309012668366031 × 10^307 |
| 21 | ov_021 | 1.728480436623746 × 10^307 |
| 20 | ov_020 | 2.5407657283230342 × 10^307 |
| 19 | ov_019 | 3.614488012447058 × 10^307 |
| 18 | ov_018 | 5.001032458993795 × 10^307 |
| 17 | ov_017 | 6.75645359113625 × 10^307 |
| 16 | ov_016 | 8.941497546602934 × 10^307 |
| 15 | ov_015 | 1.1621633477787745 × 10^308 |
| 14 | ov_014 | 1.4867096335178131 × 10^308 |
| 13 | ov_013 | 1.8752943889592796 × 10^308 |
| 12 | ov_012 | 2.3359131311573752 × 10^308 |
| 11 | ov_011 | 2.877060694138376 × 10^308 |
| 10 | ov_010 | 3.5077433199376395 × 10^308 |
| 9 | ov_009 | 4.237493690460095 × 10^308 |
| 8 | ov_008 | 5.076389359011311 × 10^308 |
| 7 | ov_007 | 6.035075072750257 × 10^308 |
| 6 | ov_006 | 7.12478951017488 × 10^308 |
| 5 | ov_005 | 8.357396991202669 × 10^308 |
| 4 | ov_004 | 9.745424751610703 × 10^308 |
| 3 | ov_003 | 1.1302106408740099 × 10^309 |
| 2 | ov_002 | 1.304143223791076 × 10^309 |
| 1 | ov_001 | 1.4978206829180708 × 10^309 |

