# Results for F001-F002-F003-F004-F005-F006-F007-F008-F009-F010-F011-F012-F013-F014-F015-F016-F017-F018-F019-F020-F021-F022-F023-F024-F025-F026-F027-F028-F029-F030-F031-F032-F033-F034-F035-F036-F037-F038-F039-F040-F041-F042-F043-F044-F045-F046-F047-F048-F049-F050-F051-F052-F053-F054-F055-F056-F057-F058-F059-F060-F061-F062-F063-F064-F065-F066-F067-F068-F069-F070-F071-F072-F073-F074-F075-F076-F077-F078-F079-F080-F081-F082-F083-F084-F085-F086-F087-F088-F089-F090-F091-F092-F093-F094-F095-F096-F097-F098-F099-F100-F101-F102-F103-F104-F105-F106-F107-F108-F109-F110-F111-F112-F113-F114-F115-F116-F117-F118-F119-F120-F121-F122-F123-F124-F125-F126-F127-F128-F129-F130-F131-F132-F133-F134-F135-F136-F137-F138-F139-F140-F141-F142-F143-F144-F145-F146-F147-F148-F149-F150-F151-F152-F153-F154-F155-F156-F157-F158-F159-F160-F161-F162-F163-F164-F165-F166-F167-F168-F169-F170-F171-F172-F173-F174-F175-F176-F177-F178-F179-F180-F181-F182-F183-F184-F185-F186-F187-F188-F189-F190-F191-F192-F193-F194-F195-F196-F197-F198-F199-F200-F201-F202-F203-F204-F205-F206-F207-F208-F209-F210-F211-F212-F213-F214-F215-F216-F217-F218-F219-F220-F221-F222-F223-F224-F225-F226-F227-F228-F229-F230-F231-F232-F233-F234-F235-F236-F237-F238-F239-F240-F241-F242-F243-F244-F245-F246-F247-F248-F249-F250-F251-F252-F253-F254-F255-F256-F257-F258-F259-F260-F261-F262-F263-F264-F265-F266-F267-F268-F269-F270-F271-F272-F273-F274-F275-F276-F277-F278-F279-F280-F281-F282-F283-F284-F285-F286-F287-F288-F289-F290-F291-F292-F293-F294-F295-F296-F297-F298-F299-F300-F301-F302-F303-F304-F305-F306-F307-F308-F309-F310-F311-F312-F313-F314-F315-F316-F317-F318-F319-F320-F321-F322-F323-F324-F325-F326-F327-F328-F329-F330-F331-F332-F333-F334-F335-F336-F337-F338-F339-F340-F341-F342-F343-F344-F345-F346-F347-F348-F349-F350-F351-F352-F353-F354-F355-F356-F357-F358-F359-F360-F361-F362-F363-F364-F365-F366-F367-F368-F369-F370-F371-F372-F373-F374-F375-F376-F377-F378-F379-F380-F381-F382-F383-F384-F385-F386-F387-F388-F389-F390-F391-F392-F393-F394-F395-F396-F397-F398-F399-F400-F401-F402-F403-F404-F405-F406-F407-F408-F409-F410-F411-F412-F413-F414-F415-F416-F417-F418-F419-F420-F421-F422-F423-F424-F425-F426-F427-F428-F429-F430-F431-F432-F433-F434-F435-F436-F437-F438-F439-F440-F441-F442-F443-F444-F445-F446-F447-F448-F449-F450-F451-F452-F453-F454-F455-F456-F457-F458-F459-F460-F461-F462-F463-F464-F465-F466-F467-F468-F469-F470-F471-F472-F473-F474-F475-F476-F477-F478-F479-F480-F481-F482-F483-F484-F485-F486-F487-F488-F489-F490-F491-F492-F493-F494-F495-F496-T497

## Summary

Number of input bits: 512  
Number of free input bits: 15  
Number of output bits: 160

Number of direct occurrences: 61621  
Number of assignments: 32189  
Number of operations: 11571480
(xor: 11542840,
and: 14876,
or: 13764)

Total complexity: 1.5305516763795422 × 10^304

Least occurring input variable: iv_502 (3931)  
Most occurring input variable: iv_512 (4431)

Most co-occurring input variables: iv_511-iv_512 (2160)  
Least co-occurring input variables: iv_502-iv_508 (1776)

Potentially most occurring input variable: iv_499/iv_507 (4568)  
Potentially least occurring input variable: iv_503/iv_506 (4180)

Least output occurring input variable: iv_500 (63)  
Most output occurring input variable: iv_502 (90)

Most output co-occurring input variables: iv_498-iv_502 (54)  
Least output co-occurring input variables: iv_500-iv_508 (24)

Potentially most output occurring input variable: iv_504/iv_509 (94)  
Potentially least output occurring input variable: iv_500/iv_504 (69)

Least complex input bit: iv_498 (2.177631442053109 × 10^301)  
Most complex input bit: iv_510 (3.7584444025960226 × 10^303)

Least complex output bit: aaa_76_29 (1.0826823760801033 × 10^279)  
Most complex output bit: ov_001 (2.3825719988099505 × 10^303)

Least complex input/output complexity: iv_498/aaa_76_29 (1.5404139698737929 × 10^276)  
Most complex input/output complexity: iv_510/ov_001 (5.850677589593969 × 10^302)

## Input Bits

### Input Bits in Regular Order

| Input Bit | Complexity | Occurrences | Output Occurrences |
|:---------:|:----------:|:-----------:|:------------------:|
| iv_498 | 2.177631442053109 × 10^301 | 4016 | 88 |
| iv_499 | 3.8768158585102196 × 10^301 | 4210 | 81 |
| iv_500 | 6.566083791169025 × 10^301 | 4103 | 63 |
| iv_501 | 1.1196610132336848 × 10^302 | 4168 | 78 |
| iv_502 | 1.8199315172843907 × 10^302 | 3931 | 90 |
| iv_503 | 2.8715947673255696 × 10^302 | 4092 | 74 |
| iv_504 | 4.424054173611501 × 10^302 | 3981 | 68 |
| iv_505 | 6.685843259820492 × 10^302 | 4003 | 81 |
| iv_506 | 9.933685940491934 × 10^302 | 3972 | 73 |
| iv_507 | 1.4536222225600115 × 10^303 | 4230 | 76 |
| iv_508 | 2.059965466340093 × 10^303 | 3981 | 72 |
| iv_509 | 2.8246355719658504 × 10^303 | 4083 | 76 |
| iv_510 | 3.7584444025960226 × 10^303 | 4177 | 76 |
| iv_511 | 1.1132003538954583 × 10^303 | 4243 | 82 |
| iv_512 | 1.2839663683439262 × 10^303 | 4431 | 75 |

### Input Bits Sorted by Complexity

| Input Bit | Complexity | Occurrences | Output Occurrences |
|:---------:|:----------:|:-----------:|:------------------:|
| iv_498 | 2.177631442053109 × 10^301 | 4016 | 88 |
| iv_499 | 3.8768158585102196 × 10^301 | 4210 | 81 |
| iv_500 | 6.566083791169025 × 10^301 | 4103 | 63 |
| iv_501 | 1.1196610132336848 × 10^302 | 4168 | 78 |
| iv_502 | 1.8199315172843907 × 10^302 | 3931 | 90 |
| iv_503 | 2.8715947673255696 × 10^302 | 4092 | 74 |
| iv_504 | 4.424054173611501 × 10^302 | 3981 | 68 |
| iv_505 | 6.685843259820492 × 10^302 | 4003 | 81 |
| iv_506 | 9.933685940491934 × 10^302 | 3972 | 73 |
| iv_511 | 1.1132003538954583 × 10^303 | 4243 | 82 |
| iv_512 | 1.2839663683439262 × 10^303 | 4431 | 75 |
| iv_507 | 1.4536222225600115 × 10^303 | 4230 | 76 |
| iv_508 | 2.059965466340093 × 10^303 | 3981 | 72 |
| iv_509 | 2.8246355719658504 × 10^303 | 4083 | 76 |
| iv_510 | 3.7584444025960226 × 10^303 | 4177 | 76 |

### Input Bits Sorted by Occurrences

| Input Bit | Complexity | Occurrences | Output Occurrences |
|:---------:|:----------:|:-----------:|:------------------:|
| iv_502 | 1.8199315172843907 × 10^302 | 3931 | 90 |
| iv_506 | 9.933685940491934 × 10^302 | 3972 | 73 |
| iv_508 | 2.059965466340093 × 10^303 | 3981 | 72 |
| iv_504 | 4.424054173611501 × 10^302 | 3981 | 68 |
| iv_505 | 6.685843259820492 × 10^302 | 4003 | 81 |
| iv_498 | 2.177631442053109 × 10^301 | 4016 | 88 |
| iv_509 | 2.8246355719658504 × 10^303 | 4083 | 76 |
| iv_503 | 2.8715947673255696 × 10^302 | 4092 | 74 |
| iv_500 | 6.566083791169025 × 10^301 | 4103 | 63 |
| iv_501 | 1.1196610132336848 × 10^302 | 4168 | 78 |
| iv_510 | 3.7584444025960226 × 10^303 | 4177 | 76 |
| iv_499 | 3.8768158585102196 × 10^301 | 4210 | 81 |
| iv_507 | 1.4536222225600115 × 10^303 | 4230 | 76 |
| iv_511 | 1.1132003538954583 × 10^303 | 4243 | 82 |
| iv_512 | 1.2839663683439262 × 10^303 | 4431 | 75 |

### Input Bits Sorted by Output Occurrences

| Input Bit | Complexity | Occurrences | Output Occurrences |
|:---------:|:----------:|:-----------:|:------------------:|
| iv_500 | 6.566083791169025 × 10^301 | 4103 | 63 |
| iv_504 | 4.424054173611501 × 10^302 | 3981 | 68 |
| iv_508 | 2.059965466340093 × 10^303 | 3981 | 72 |
| iv_506 | 9.933685940491934 × 10^302 | 3972 | 73 |
| iv_503 | 2.8715947673255696 × 10^302 | 4092 | 74 |
| iv_512 | 1.2839663683439262 × 10^303 | 4431 | 75 |
| iv_509 | 2.8246355719658504 × 10^303 | 4083 | 76 |
| iv_507 | 1.4536222225600115 × 10^303 | 4230 | 76 |
| iv_510 | 3.7584444025960226 × 10^303 | 4177 | 76 |
| iv_501 | 1.1196610132336848 × 10^302 | 4168 | 78 |
| iv_499 | 3.8768158585102196 × 10^301 | 4210 | 81 |
| iv_505 | 6.685843259820492 × 10^302 | 4003 | 81 |
| iv_511 | 1.1132003538954583 × 10^303 | 4243 | 82 |
| iv_498 | 2.177631442053109 × 10^301 | 4016 | 88 |
| iv_502 | 1.8199315172843907 × 10^302 | 3931 | 90 |

## Input Bit Co-occurrences

### Input Bit Co-occurrences Sorted by Co-occurrences

| Input Bits | Co-occurrences | Potential Occurrences | Output Co-occurrences | Potential Output Occurrences |
|:----------:|:--------------:|:---------------------:|:---------------------:|:----------------------------:|
| iv_511-iv_512 | 2160 | 4354 | 36 | 85 |
| iv_507-iv_512 | 2139 | 4383 | 39 | 73 |
| iv_510-iv_512 | 2113 | 4382 | 36 | 79 |
| iv_501-iv_512 | 2105 | 4389 | 41 | 71 |
| iv_503-iv_512 | 2077 | 4369 | 33 | 83 |
| iv_509-iv_512 | 2063 | 4388 | 37 | 77 |
| iv_499-iv_512 | 2063 | 4515 | 38 | 80 |
| iv_500-iv_512 | 2061 | 4412 | 29 | 80 |
| iv_499-iv_510 | 2052 | 4283 | 38 | 81 |
| iv_507-iv_510 | 2047 | 4313 | 38 | 76 |
| iv_503-iv_507 | 2043 | 4236 | 31 | 88 |
| iv_501-iv_511 | 2040 | 4331 | 37 | 86 |
| iv_499-iv_511 | 2031 | 4391 | 39 | 85 |
| iv_510-iv_511 | 2027 | 4366 | 40 | 78 |
| iv_500-iv_511 | 2026 | 4294 | 32 | 81 |

### Input Bit Co-occurrences Sorted by Potential Occurrences

| Input Bits | Co-occurrences | Potential Occurrences | Output Co-occurrences | Potential Output Occurrences |
|:----------:|:--------------:|:---------------------:|:---------------------:|:----------------------------:|
| iv_503-iv_506 | 1942 | 4180 | 29 | 89 |
| iv_506-iv_507 | 2009 | 4184 | 36 | 77 |
| iv_502-iv_505 | 1875 | 4184 | 45 | 81 |
| iv_500-iv_503 | 2004 | 4187 | 32 | 73 |
| iv_507-iv_508 | 2011 | 4189 | 35 | 78 |
| iv_508-iv_509 | 1933 | 4198 | 37 | 74 |
| iv_499-iv_508 | 1996 | 4199 | 37 | 79 |
| iv_506-iv_509 | 1925 | 4205 | 34 | 81 |
| iv_498-iv_508 | 1896 | 4205 | 43 | 74 |
| iv_504-iv_505 | 1886 | 4212 | 38 | 73 |
| iv_499-iv_502 | 1964 | 4213 | 49 | 73 |
| iv_502-iv_506 | 1836 | 4231 | 37 | 89 |
| iv_503-iv_507 | 2043 | 4236 | 31 | 88 |
| iv_498-iv_501 | 1972 | 4240 | 46 | 74 |
| iv_504-iv_506 | 1855 | 4243 | 32 | 77 |

### Input Bit Output Co-occurrences Sorted by Output Co-occurrences

| Input Bits | Co-occurrences | Potential Occurrences | Output Co-occurrences | Potential Output Occurrences |
|:----------:|:--------------:|:---------------------:|:---------------------:|:----------------------------:|
| iv_498-iv_502 | 1782 | 4383 | 54 | 70 |
| iv_499-iv_502 | 1964 | 4213 | 49 | 73 |
| iv_498-iv_511 | 1926 | 4407 | 47 | 76 |
| iv_502-iv_511 | 1884 | 4406 | 46 | 80 |
| iv_502-iv_507 | 1926 | 4309 | 46 | 74 |
| iv_502-iv_510 | 1881 | 4346 | 46 | 74 |
| iv_498-iv_501 | 1972 | 4240 | 46 | 74 |
| iv_501-iv_502 | 1897 | 4305 | 45 | 78 |
| iv_502-iv_505 | 1875 | 4184 | 45 | 81 |
| iv_502-iv_509 | 1841 | 4332 | 44 | 78 |
| iv_502-iv_512 | 1950 | 4462 | 44 | 77 |
| iv_498-iv_499 | 1903 | 4420 | 44 | 81 |
| iv_498-iv_507 | 1923 | 4400 | 43 | 78 |
| iv_498-iv_508 | 1896 | 4205 | 43 | 74 |
| iv_505-iv_507 | 1931 | 4371 | 43 | 71 |

### Input Bit Output Co-occurrences Sorted by Potential Output Occurrences

| Input Bits | Co-occurrences | Potential Occurrences | Output Co-occurrences | Potential Output Occurrences |
|:----------:|:--------------:|:---------------------:|:---------------------:|:----------------------------:|
| iv_500-iv_504 | 1890 | 4304 | 31 | 69 |
| iv_498-iv_502 | 1782 | 4383 | 54 | 70 |
| iv_503-iv_508 | 1824 | 4425 | 38 | 70 |
| iv_503-iv_504 | 1875 | 4323 | 36 | 70 |
| iv_501-iv_512 | 2105 | 4389 | 41 | 71 |
| iv_505-iv_507 | 1931 | 4371 | 43 | 71 |
| iv_500-iv_501 | 1974 | 4323 | 35 | 71 |
| iv_500-iv_510 | 1964 | 4352 | 34 | 71 |
| iv_501-iv_510 | 2019 | 4307 | 41 | 72 |
| iv_507-iv_509 | 1995 | 4323 | 40 | 72 |
| iv_499-iv_502 | 1964 | 4213 | 49 | 73 |
| iv_504-iv_505 | 1886 | 4212 | 38 | 73 |
| iv_503-iv_505 | 1911 | 4273 | 41 | 73 |
| iv_500-iv_503 | 2004 | 4187 | 32 | 73 |
| iv_507-iv_512 | 2139 | 4383 | 39 | 73 |

## Output Bits

### Output Bits in Regular Order

| Rank | Output Bit | Complexity |
|:----:|:----------:|:----------:|
| 1 | ov_001 | 2.3825719988099505 × 10^303 |
| 2 | ov_002 | 2.0744005530723877 × 10^303 |
| 3 | ov_003 | 1.7976445628682034 × 10^303 |
| 4 | ov_004 | 1.5499502320694623 × 10^303 |
| 5 | ov_005 | 1.3290928970398888 × 10^303 |
| 6 | ov_006 | 1.1329679216667951 × 10^303 |
| 7 | ov_007 | 9.59582771134434 × 10^302 |
| 8 | ov_008 | 8.07050156491431 × 10^302 |
| 9 | ov_009 | 6.735821478521119 × 10^302 |
| 10 | ov_010 | 5.574851596464606 × 10^302 |
| 11 | ov_011 | 4.571557167339082 × 10^302 |
| 12 | ov_012 | 3.7107691545509785 × 10^302 |
| 13 | ov_013 | 2.978154988416823 × 10^302 |
| 14 | ov_014 | 2.360194702614726 × 10^302 |
| 15 | ov_015 | 1.844161747653758 × 10^302 |
| 16 | ov_016 | 1.4181078234062246 × 10^302 |
| 17 | ov_017 | 1.0708511217567083 × 10^302 |
| 18 | ov_018 | 7.919674191693963 × 10^301 |
| 19 | ov_019 | 5.717835075469035 × 10^301 |
| 20 | ov_020 | 4.0137250021279986 × 10^301 |
| 21 | ov_021 | 2.725505982407746 × 10^301 |
| 22 | ov_022 | 1.7787495070504393 × 10^301 |
| 23 | ov_023 | 1.1064229075703174 × 10^301 |
| 24 | ov_024 | 6.48880885744464 × 10^300 |
| 25 | ov_025 | 3.538603998852796 × 10^300 |
| 26 | ov_026 | 1.7647778294431115 × 10^300 |
| 27 | ov_027 | 7.922731789443604 × 10^299 |
| 28 | ov_028 | 3.198065581244177 × 10^299 |
| 29 | ov_029 | 1.1986628396244932 × 10^299 |
| 30 | ov_030 | 3.623855979891849 × 10^298 |
| 31 | ov_031 | 8.022576364844698 × 10^297 |
| 32 | lv_80_m31 | 1.5644278396732823 × 10^297 |
| 33 | ov_033 | 1.8869381274512502 × 10^298 |
| 34 | ov_034 | 1.6395929730660318 × 10^298 |
| 35 | ov_035 | 1.4177571007171177 × 10^298 |
| 36 | ov_036 | 1.2195056008056315 × 10^298 |
| 37 | ov_037 | 1.0430191002205351 × 10^298 |
| 38 | ov_038 | 8.865763162451658 × 10^297 |
| 39 | ov_039 | 7.485475768419447 × 10^297 |
| 40 | ov_040 | 6.273892184714217 × 10^297 |
| 41 | ov_041 | 5.216387773271595 × 10^297 |
| 42 | ov_042 | 4.2991089446938285 × 10^297 |
| 43 | ov_043 | 3.5089385983264676 × 10^297 |
| 44 | ov_044 | 2.8334672447981686 × 10^297 |
| 45 | ov_045 | 2.2609691478957175 × 10^297 |
| 46 | ov_046 | 1.7803828650959325 × 10^297 |
| 47 | ov_047 | 1.3812956079294867 × 10^297 |
| 48 | ov_048 | 1.0539308847027423 × 10^297 |
| 49 | ov_049 | 7.89138929046334 × 10^296 |
| 50 | ov_050 | 5.783894583775588 × 10^296 |
| 51 | ov_051 | 4.137663467291813 × 10^296 |
| 52 | ov_052 | 2.8796383657219843 × 10^296 |
| 53 | ov_053 | 1.942839542971227 × 10^296 |
| 54 | ov_054 | 1.2663483396068858 × 10^296 |
| 55 | ov_055 | 7.952969378651201 × 10^295 |
| 56 | ov_056 | 4.808624975407756 × 10^295 |
| 57 | ov_057 | 2.802639645011022 × 10^295 |
| 58 | ov_058 | 1.5676040724510192 × 10^295 |
| 59 | ov_059 | 7.965021399102803 × 10^294 |
| 60 | ov_060 | 3.509234704343077 × 10^294 |
| 61 | ov_061 | 1.2265213013763651 × 10^294 |
| 62 | ov_062 | 3.3666370121558387 × 10^293 |
| 63 | ov_063 | 6.566146484540698 × 10^292 |
| 64 | lv_79_m31 | 1.2803637778337218 × 10^292 |
| 65 | ov_065 | 1.5423740608749377 × 10^293 |
| 66 | ov_066 | 1.5423706262400543 × 10^293 |
| 67 | ov_067 | 1.542369821423835 × 10^293 |
| 68 | ov_068 | 1.3399122669930377 × 10^293 |
| 69 | ov_069 | 1.1583059334420065 × 10^293 |
| 70 | ov_070 | 9.960040025884705 × 10^292 |
| 71 | ov_071 | 8.515348654478207 × 10^292 |
| 72 | ov_072 | 7.234984876018378 × 10^292 |
| 73 | ov_073 | 6.105634305471913 × 10^292 |
| 74 | ov_074 | 5.114642873838324 × 10^292 |
| 75 | ov_075 | 4.249993924582353 × 10^292 |
| 76 | ov_076 | 3.500287603509498 × 10^292 |
| 77 | ov_077 | 2.854722411655267 × 10^292 |
| 78 | ov_078 | 2.303078793918844 × 10^292 |
| 79 | ov_079 | 1.8357046386821056 × 10^292 |
| 80 | ov_080 | 1.4435025656121223 × 10^292 |
| 81 | ov_081 | 1.1179188803380631 × 10^292 |
| 82 | ov_082 | 8.509340758030252 × 10^291 |
| 83 | ov_083 | 6.350547608911034 × 10^291 |
| 84 | ov_084 | 4.6330689748581745 × 10^291 |
| 85 | ov_085 | 3.292302274859406 × 10^291 |
| 86 | ov_086 | 2.2687377153927164 × 10^291 |
| 87 | ov_087 | 1.5079228139650646 × 10^291 |
| 88 | ov_088 | 9.604352786946759 × 10^290 |
| 89 | ov_089 | 5.8186306423958165 × 10^290 |
| 90 | ov_090 | 3.3279042462083935 × 10^290 |
| 91 | ov_091 | 1.787887836110983 × 10^290 |
| 92 | ov_092 | 9.041125329039531 × 10^289 |
| 93 | ov_093 | 4.3189689627368774 × 10^289 |
| 94 | ov_094 | 1.7633324921235087 × 10^289 |
| 95 | aaa_78_28 | 5.2410202147971905 × 10^288 |
| 96 | aaa_78_29 | 1.8077931718509012 × 10^288 |
| 97 | ov_097 | 1.0650594106150291 × 10^288 |
| 98 | ov_098 | 1.0650398276866392 × 10^288 |
| 99 | ov_099 | 1.0650335656050298 × 10^288 |
| 100 | ov_100 | 8.714203493295993 × 10^287 |
| 101 | ov_101 | 7.130951103577518 × 10^287 |
| 102 | ov_102 | 5.852117603805091 × 10^287 |
| 103 | ov_103 | 4.831931380152064 × 10^287 |
| 104 | ov_104 | 4.02711516034489 × 10^287 |
| 105 | ov_105 | 3.3967156504758747 × 10^287 |
| 106 | ov_106 | 2.90195554308934 × 10^287 |
| 107 | ov_107 | 2.506105819808026 × 10^287 |
| 108 | ov_108 | 2.174376383669244 × 10^287 |
| 109 | ov_109 | 1.8738231644431555 × 10^287 |
| 110 | ov_110 | 1.6027434101455155 × 10^287 |
| 111 | ov_111 | 1.3594879466424531 × 10^287 |
| 112 | ov_112 | 1.1424511036869548 × 10^287 |
| 113 | ov_113 | 9.50061992520303 × 10^286 |
| 114 | ov_114 | 7.80777037904789 × 10^286 |
| 115 | ov_115 | 6.330736680286064 × 10^286 |
| 116 | ov_116 | 5.054450661074353 × 10^286 |
| 117 | ov_117 | 3.9639588774816615 × 10^286 |
| 118 | ov_118 | 3.044388482804988 × 10^286 |
| 119 | ov_119 | 2.280920843371045 × 10^286 |
| 120 | ov_120 | 1.6587719400027612 × 10^286 |
| 121 | ov_121 | 1.1631785985103257 × 10^286 |
| 122 | ov_122 | 7.793895926547572 × 10^285 |
| 123 | ov_123 | 4.9266035292818584 × 10^285 |
| 124 | ov_124 | 2.8824982392649916 × 10^285 |
| 125 | ov_125 | 1.5141857028451642 × 10^285 |
| 126 | ov_126 | 6.742774973901777 × 10^284 |
| 127 | aaa_77_28 | 2.153867571114192 × 10^284 |
| 128 | aaa_77_29 | 8.078983584849428 × 10^283 |
| 129 | ov_129 | 7.569607716137522 × 10^283 |
| 130 | ov_130 | 7.569586593891523 × 10^283 |
| 131 | ov_131 | 7.569581477594442 × 10^283 |
| 132 | ov_132 | 6.582274480805933 × 10^283 |
| 133 | ov_133 | 5.696251593807419 × 10^283 |
| 134 | ov_134 | 4.903899560590272 × 10^283 |
| 135 | ov_135 | 4.198023043577604 × 10^283 |
| 136 | ov_136 | 3.571814882603258 × 10^283 |
| 137 | ov_137 | 3.0188302235597854 × 10^283 |
| 138 | ov_138 | 2.5329641633522504 × 10^283 |
| 139 | ov_139 | 2.1084325763504074 × 10^283 |
| 140 | ov_140 | 1.7397558054523787 × 10^283 |
| 141 | ov_141 | 1.4217449182817552 × 10^283 |
| 142 | ov_142 | 1.1494902460440973 × 10^283 |
| 143 | ov_143 | 9.183519392593807 × 10^282 |
| 144 | ov_144 | 7.239522910407943 × 10^282 |
| 145 | ov_145 | 5.62169594870843 × 10^282 |
| 146 | ov_146 | 4.291333199840421 × 10^282 |
| 147 | ov_147 | 3.2122040354156293 × 10^282 |
| 148 | ov_148 | 2.350524748069068 × 10^282 |
| 149 | ov_149 | 1.6749384252406225 × 10^282 |
| 150 | ov_150 | 1.156500926741156 × 10^282 |
| 151 | ov_151 | 7.686715975072654 × 10^281 |
| 152 | ov_152 | 4.8730750653422356 × 10^281 |
| 153 | ov_153 | 2.906601625265868 × 10^281 |
| 154 | ov_154 | 1.5937381633527712 × 10^281 |
| 155 | ov_155 | 7.648464285441791 × 10^280 |
| 156 | aaa_76_25 | 2.7420359141476126 × 10^280 |
| 157 | aaa_76_26 | 1.5566147696153822 × 10^280 |
| 158 | aaa_76_27 | 8.008990394779752 × 10^279 |
| 159 | aaa_76_28 | 3.5532882442386926 × 10^279 |
| 160 | aaa_76_29 | 1.0826823760801033 × 10^279 |

### Output Bits Sorted by Complexity

| Rank | Output Bit | Complexity |
|:----:|:----------:|:----------:|
| 160 | aaa_76_29 | 1.0826823760801033 × 10^279 |
| 159 | aaa_76_28 | 3.5532882442386926 × 10^279 |
| 158 | aaa_76_27 | 8.008990394779752 × 10^279 |
| 157 | aaa_76_26 | 1.5566147696153822 × 10^280 |
| 156 | aaa_76_25 | 2.7420359141476126 × 10^280 |
| 155 | ov_155 | 7.648464285441791 × 10^280 |
| 154 | ov_154 | 1.5937381633527712 × 10^281 |
| 153 | ov_153 | 2.906601625265868 × 10^281 |
| 152 | ov_152 | 4.8730750653422356 × 10^281 |
| 151 | ov_151 | 7.686715975072654 × 10^281 |
| 150 | ov_150 | 1.156500926741156 × 10^282 |
| 149 | ov_149 | 1.6749384252406225 × 10^282 |
| 148 | ov_148 | 2.350524748069068 × 10^282 |
| 147 | ov_147 | 3.2122040354156293 × 10^282 |
| 146 | ov_146 | 4.291333199840421 × 10^282 |
| 145 | ov_145 | 5.62169594870843 × 10^282 |
| 144 | ov_144 | 7.239522910407943 × 10^282 |
| 143 | ov_143 | 9.183519392593807 × 10^282 |
| 142 | ov_142 | 1.1494902460440973 × 10^283 |
| 141 | ov_141 | 1.4217449182817552 × 10^283 |
| 140 | ov_140 | 1.7397558054523787 × 10^283 |
| 139 | ov_139 | 2.1084325763504074 × 10^283 |
| 138 | ov_138 | 2.5329641633522504 × 10^283 |
| 137 | ov_137 | 3.0188302235597854 × 10^283 |
| 136 | ov_136 | 3.571814882603258 × 10^283 |
| 135 | ov_135 | 4.198023043577604 × 10^283 |
| 134 | ov_134 | 4.903899560590272 × 10^283 |
| 133 | ov_133 | 5.696251593807419 × 10^283 |
| 132 | ov_132 | 6.582274480805933 × 10^283 |
| 131 | ov_131 | 7.569581477594442 × 10^283 |
| 130 | ov_130 | 7.569586593891523 × 10^283 |
| 129 | ov_129 | 7.569607716137522 × 10^283 |
| 128 | aaa_77_29 | 8.078983584849428 × 10^283 |
| 127 | aaa_77_28 | 2.153867571114192 × 10^284 |
| 126 | ov_126 | 6.742774973901777 × 10^284 |
| 125 | ov_125 | 1.5141857028451642 × 10^285 |
| 124 | ov_124 | 2.8824982392649916 × 10^285 |
| 123 | ov_123 | 4.9266035292818584 × 10^285 |
| 122 | ov_122 | 7.793895926547572 × 10^285 |
| 121 | ov_121 | 1.1631785985103257 × 10^286 |
| 120 | ov_120 | 1.6587719400027612 × 10^286 |
| 119 | ov_119 | 2.280920843371045 × 10^286 |
| 118 | ov_118 | 3.044388482804988 × 10^286 |
| 117 | ov_117 | 3.9639588774816615 × 10^286 |
| 116 | ov_116 | 5.054450661074353 × 10^286 |
| 115 | ov_115 | 6.330736680286064 × 10^286 |
| 114 | ov_114 | 7.80777037904789 × 10^286 |
| 113 | ov_113 | 9.50061992520303 × 10^286 |
| 112 | ov_112 | 1.1424511036869548 × 10^287 |
| 111 | ov_111 | 1.3594879466424531 × 10^287 |
| 110 | ov_110 | 1.6027434101455155 × 10^287 |
| 109 | ov_109 | 1.8738231644431555 × 10^287 |
| 108 | ov_108 | 2.174376383669244 × 10^287 |
| 107 | ov_107 | 2.506105819808026 × 10^287 |
| 106 | ov_106 | 2.90195554308934 × 10^287 |
| 105 | ov_105 | 3.3967156504758747 × 10^287 |
| 104 | ov_104 | 4.02711516034489 × 10^287 |
| 103 | ov_103 | 4.831931380152064 × 10^287 |
| 102 | ov_102 | 5.852117603805091 × 10^287 |
| 101 | ov_101 | 7.130951103577518 × 10^287 |
| 100 | ov_100 | 8.714203493295993 × 10^287 |
| 99 | ov_099 | 1.0650335656050298 × 10^288 |
| 98 | ov_098 | 1.0650398276866392 × 10^288 |
| 97 | ov_097 | 1.0650594106150291 × 10^288 |
| 96 | aaa_78_29 | 1.8077931718509012 × 10^288 |
| 95 | aaa_78_28 | 5.2410202147971905 × 10^288 |
| 94 | ov_094 | 1.7633324921235087 × 10^289 |
| 93 | ov_093 | 4.3189689627368774 × 10^289 |
| 92 | ov_092 | 9.041125329039531 × 10^289 |
| 91 | ov_091 | 1.787887836110983 × 10^290 |
| 90 | ov_090 | 3.3279042462083935 × 10^290 |
| 89 | ov_089 | 5.8186306423958165 × 10^290 |
| 88 | ov_088 | 9.604352786946759 × 10^290 |
| 87 | ov_087 | 1.5079228139650646 × 10^291 |
| 86 | ov_086 | 2.2687377153927164 × 10^291 |
| 85 | ov_085 | 3.292302274859406 × 10^291 |
| 84 | ov_084 | 4.6330689748581745 × 10^291 |
| 83 | ov_083 | 6.350547608911034 × 10^291 |
| 82 | ov_082 | 8.509340758030252 × 10^291 |
| 81 | ov_081 | 1.1179188803380631 × 10^292 |
| 64 | lv_79_m31 | 1.2803637778337218 × 10^292 |
| 80 | ov_080 | 1.4435025656121223 × 10^292 |
| 79 | ov_079 | 1.8357046386821056 × 10^292 |
| 78 | ov_078 | 2.303078793918844 × 10^292 |
| 77 | ov_077 | 2.854722411655267 × 10^292 |
| 76 | ov_076 | 3.500287603509498 × 10^292 |
| 75 | ov_075 | 4.249993924582353 × 10^292 |
| 74 | ov_074 | 5.114642873838324 × 10^292 |
| 73 | ov_073 | 6.105634305471913 × 10^292 |
| 63 | ov_063 | 6.566146484540698 × 10^292 |
| 72 | ov_072 | 7.234984876018378 × 10^292 |
| 71 | ov_071 | 8.515348654478207 × 10^292 |
| 70 | ov_070 | 9.960040025884705 × 10^292 |
| 69 | ov_069 | 1.1583059334420065 × 10^293 |
| 68 | ov_068 | 1.3399122669930377 × 10^293 |
| 67 | ov_067 | 1.542369821423835 × 10^293 |
| 66 | ov_066 | 1.5423706262400543 × 10^293 |
| 65 | ov_065 | 1.5423740608749377 × 10^293 |
| 62 | ov_062 | 3.3666370121558387 × 10^293 |
| 61 | ov_061 | 1.2265213013763651 × 10^294 |
| 60 | ov_060 | 3.509234704343077 × 10^294 |
| 59 | ov_059 | 7.965021399102803 × 10^294 |
| 58 | ov_058 | 1.5676040724510192 × 10^295 |
| 57 | ov_057 | 2.802639645011022 × 10^295 |
| 56 | ov_056 | 4.808624975407756 × 10^295 |
| 55 | ov_055 | 7.952969378651201 × 10^295 |
| 54 | ov_054 | 1.2663483396068858 × 10^296 |
| 53 | ov_053 | 1.942839542971227 × 10^296 |
| 52 | ov_052 | 2.8796383657219843 × 10^296 |
| 51 | ov_051 | 4.137663467291813 × 10^296 |
| 50 | ov_050 | 5.783894583775588 × 10^296 |
| 49 | ov_049 | 7.89138929046334 × 10^296 |
| 48 | ov_048 | 1.0539308847027423 × 10^297 |
| 47 | ov_047 | 1.3812956079294867 × 10^297 |
| 32 | lv_80_m31 | 1.5644278396732823 × 10^297 |
| 46 | ov_046 | 1.7803828650959325 × 10^297 |
| 45 | ov_045 | 2.2609691478957175 × 10^297 |
| 44 | ov_044 | 2.8334672447981686 × 10^297 |
| 43 | ov_043 | 3.5089385983264676 × 10^297 |
| 42 | ov_042 | 4.2991089446938285 × 10^297 |
| 41 | ov_041 | 5.216387773271595 × 10^297 |
| 40 | ov_040 | 6.273892184714217 × 10^297 |
| 39 | ov_039 | 7.485475768419447 × 10^297 |
| 31 | ov_031 | 8.022576364844698 × 10^297 |
| 38 | ov_038 | 8.865763162451658 × 10^297 |
| 37 | ov_037 | 1.0430191002205351 × 10^298 |
| 36 | ov_036 | 1.2195056008056315 × 10^298 |
| 35 | ov_035 | 1.4177571007171177 × 10^298 |
| 34 | ov_034 | 1.6395929730660318 × 10^298 |
| 33 | ov_033 | 1.8869381274512502 × 10^298 |
| 30 | ov_030 | 3.623855979891849 × 10^298 |
| 29 | ov_029 | 1.1986628396244932 × 10^299 |
| 28 | ov_028 | 3.198065581244177 × 10^299 |
| 27 | ov_027 | 7.922731789443604 × 10^299 |
| 26 | ov_026 | 1.7647778294431115 × 10^300 |
| 25 | ov_025 | 3.538603998852796 × 10^300 |
| 24 | ov_024 | 6.48880885744464 × 10^300 |
| 23 | ov_023 | 1.1064229075703174 × 10^301 |
| 22 | ov_022 | 1.7787495070504393 × 10^301 |
| 21 | ov_021 | 2.725505982407746 × 10^301 |
| 20 | ov_020 | 4.0137250021279986 × 10^301 |
| 19 | ov_019 | 5.717835075469035 × 10^301 |
| 18 | ov_018 | 7.919674191693963 × 10^301 |
| 17 | ov_017 | 1.0708511217567083 × 10^302 |
| 16 | ov_016 | 1.4181078234062246 × 10^302 |
| 15 | ov_015 | 1.844161747653758 × 10^302 |
| 14 | ov_014 | 2.360194702614726 × 10^302 |
| 13 | ov_013 | 2.978154988416823 × 10^302 |
| 12 | ov_012 | 3.7107691545509785 × 10^302 |
| 11 | ov_011 | 4.571557167339082 × 10^302 |
| 10 | ov_010 | 5.574851596464606 × 10^302 |
| 9 | ov_009 | 6.735821478521119 × 10^302 |
| 8 | ov_008 | 8.07050156491431 × 10^302 |
| 7 | ov_007 | 9.59582771134434 × 10^302 |
| 6 | ov_006 | 1.1329679216667951 × 10^303 |
| 5 | ov_005 | 1.3290928970398888 × 10^303 |
| 4 | ov_004 | 1.5499502320694623 × 10^303 |
| 3 | ov_003 | 1.7976445628682034 × 10^303 |
| 2 | ov_002 | 2.0744005530723877 × 10^303 |
| 1 | ov_001 | 2.3825719988099505 × 10^303 |

