# Results for O002007-F017-F018-F019-F020-F021-F022-F023-F024-F025-F026-F027-F028-F029-F030-F031-F032-F033-F034-F035-F036-F037-F038-F039-F040-F041-F042-F043-F044-F045-F046-F047-F048-F049-F050-F051-F052-F053-F054-F055-F056-F057-F058-F059-F060-F061-F062-F063-F064-F065-F066-F067-F068-F069-F070-F071-F072-F073-F074-F075-F076-F077-F078-F079-F080-F081-F082-F083-F084-F085-F086-F087-F088-F089-F090-F091-F092-F093-F094-F095-F096-F097-F098-F099-F100-F101-F102-F103-F104-F105-F106-F107-F108-F109-F110-F111-F112-F113-F114-F115-F116-F117-F118-F119-F120-F121-F122-F123-F124-F125-F126-F127-F128-F129-F130-F131-F132-F133-F134-F135-F136-F137-F138-F139-F140-F141-F142-F143-F144-F145-F146-F147-F148-F149-F150-F151-F152-F153-F154-F155-F156-F157-F158-F159-F160-F161-F162-F163-F164-F165-F166-F167-F168-F169-F170-F171-F172-F173-F174-F175-F176-F177-F178-F179-F180-F181-F182-F183-F184-F185-F186-F187-F188-F189-F190-F191-F192-F193-F194-F195-F196-F197-F198-F199-F200-F201-F202-F203-F204-F205-F206-F207-F208-F209-F210-F211-F212-F213-F214-F215-F216-F217-F218-F219-F220-F221-F222-F223-F224-F225-F226-F227-F228-F229-F230-F231-F232-F233-F234-F235-F236-F237-F238-F239-F240-F241-F242-F243-F244-F245-F246-F247-F248-F249-F250-F251-F252-F253-F254-F255-F256-F257-F258-F259-F260-F261-F262-F263-F264-F265-F266-F267-F268-F269-F270-F271-F272-F273-F274-F275-F276-F277-F278-F279-F280-F281-F282-F283-F284-F285-F286-F287-F288-F289-F290-F291-F292-F293-F294-F295-F296-F297-F298-F299-F300-F301-F302-F303-F304-F305-F306-F307-F308-F309-F310-F311-F312-F313-F314-F315-F316-F317-F318-F319-F320-F321-F322-F323-F324-F325-F326-F327-F328-F329-F330-F331-F332-F333-F334-F335-F336-F337-F338-F339-F340-F341-F342-F343-F344-F345-F346-F347-F348-F349-F350-F351-F352-F353-F354-F355-F356-F357-F358-F359-F360-F361-F362-F363-F364-F365-F366-F367-F368-F369-F370-F371-F372-F373-F374-F375-F376-F377-F378-F379-F380-F381-F382-F383-F384-F385-F386-F387-F388-F389-F390-F391-F392-F393-F394-F395-F396-F397-F398-F399-F400-F401-F402-F403-F404-F405-F406-F407-F408-F409-F410-F411-F412-F413-F414-F415-F416-F417-F418-F419-F420-F421-F422-F423-F424-F425-F426-F427-F428-F429-F430-F431-F432-F433-F434-F435-F436-F437-F438-F439-F440-F441-F442-F443-F444-F445-F446-F447-F448-F449-F450-F451-F452-F453-F454-F455-F456-F457-F458-F459-F460-F461-F462-F463-F464-F465-F466-F467-F468-F469-F470-F471-F472-F473-F474-F475-F476-F477-F478-F479-F480-F481-F482-F483-F484-F485-F486-F487-F488-F489-F490-F491-F492-F493-F494-F495-F496-F497-F498-F499-F500-F501-F502-F503-F504-F505-F506-F507-F508-F509-F510-F511-F512

## Summary

Number of input bits: 512  
Number of free input bits: 15  
Number of output bits: 160

Number of direct occurrences: 68397  
Number of assignments: 39290  
Number of operations: 19352829
(xor: 19314747,
and: 21423,
or: 16659)

Total complexity: 7.436185879951338 × 10^357

Least occurring input variable: iv_012 (4201)  
Most occurring input variable: iv_015 (4886)

Most co-occurring input variables: iv_005-iv_015 (2361)  
Least co-occurring input variables: iv_006-iv_012 (1919)

Potentially most occurring input variable: iv_011/iv_015 (5243)  
Potentially least occurring input variable: iv_004/iv_005 (4504)

Least output occurring input variable: iv_005 (73)  
Most output occurring input variable: iv_014 (87)

Most output co-occurring input variables: iv_008-iv_014 (53)  
Least output co-occurring input variables: iv_002-iv_011 (29)

Potentially most output occurring input variable: iv_002/iv_014 (98)  
Potentially least output occurring input variable: iv_005/iv_015 (61)

Least complex input bit: iv_016 (1.0872590649355116 × 10^354)  
Most complex input bit: iv_015 (1.5124491860067917 × 10^357)

Least complex output bit: aaa_76_29 (1.8096200532172956 × 10^332)  
Most complex output bit: ov_001 (1.1382838438585317 × 10^357)

Least complex input/output complexity: iv_016/aaa_76_29 (2.6458803460712587 × 10^328)  
Most complex input/output complexity: iv_015/ov_001 (2.315160622504209 × 10^356)

## Input Bits

### Input Bits in Regular Order

| Input Bit | Complexity | Occurrences | Output Occurrences |
|:---------:|:----------:|:-----------:|:------------------:|
| iv_001 | 3.319932121035854 × 10^354 | 4613 | 77 |
| iv_002 | 2.7259122328305786 × 10^356 | 4416 | 77 |
| iv_003 | 4.1340637732981105 × 10^355 | 4403 | 77 |
| iv_004 | 8.992341173697604 × 10^355 | 4573 | 77 |
| iv_005 | 1.4415647245394161 × 10^356 | 4651 | 73 |
| iv_006 | 1.991052795184104 × 10^356 | 4406 | 74 |
| iv_008 | 3.252224861758547 × 10^356 | 4505 | 85 |
| iv_009 | 4.088324584267499 × 10^356 | 4654 | 84 |
| iv_010 | 5.218550572054373 × 10^356 | 4506 | 83 |
| iv_011 | 6.812117852412645 × 10^356 | 4717 | 75 |
| iv_012 | 8.617149169757716 × 10^356 | 4201 | 82 |
| iv_013 | 1.06801799285891 × 10^357 | 4572 | 78 |
| iv_014 | 1.3053577811492312 × 10^357 | 4755 | 87 |
| iv_015 | 1.5124491860067917 × 10^357 | 4886 | 86 |
| iv_016 | 1.0872590649355116 × 10^354 | 4539 | 79 |

### Input Bits Sorted by Complexity

| Input Bit | Complexity | Occurrences | Output Occurrences |
|:---------:|:----------:|:-----------:|:------------------:|
| iv_016 | 1.0872590649355116 × 10^354 | 4539 | 79 |
| iv_001 | 3.319932121035854 × 10^354 | 4613 | 77 |
| iv_003 | 4.1340637732981105 × 10^355 | 4403 | 77 |
| iv_004 | 8.992341173697604 × 10^355 | 4573 | 77 |
| iv_005 | 1.4415647245394161 × 10^356 | 4651 | 73 |
| iv_006 | 1.991052795184104 × 10^356 | 4406 | 74 |
| iv_002 | 2.7259122328305786 × 10^356 | 4416 | 77 |
| iv_008 | 3.252224861758547 × 10^356 | 4505 | 85 |
| iv_009 | 4.088324584267499 × 10^356 | 4654 | 84 |
| iv_010 | 5.218550572054373 × 10^356 | 4506 | 83 |
| iv_011 | 6.812117852412645 × 10^356 | 4717 | 75 |
| iv_012 | 8.617149169757716 × 10^356 | 4201 | 82 |
| iv_013 | 1.06801799285891 × 10^357 | 4572 | 78 |
| iv_014 | 1.3053577811492312 × 10^357 | 4755 | 87 |
| iv_015 | 1.5124491860067917 × 10^357 | 4886 | 86 |

### Input Bits Sorted by Occurrences

| Input Bit | Complexity | Occurrences | Output Occurrences |
|:---------:|:----------:|:-----------:|:------------------:|
| iv_012 | 8.617149169757716 × 10^356 | 4201 | 82 |
| iv_003 | 4.1340637732981105 × 10^355 | 4403 | 77 |
| iv_006 | 1.991052795184104 × 10^356 | 4406 | 74 |
| iv_002 | 2.7259122328305786 × 10^356 | 4416 | 77 |
| iv_008 | 3.252224861758547 × 10^356 | 4505 | 85 |
| iv_010 | 5.218550572054373 × 10^356 | 4506 | 83 |
| iv_016 | 1.0872590649355116 × 10^354 | 4539 | 79 |
| iv_013 | 1.06801799285891 × 10^357 | 4572 | 78 |
| iv_004 | 8.992341173697604 × 10^355 | 4573 | 77 |
| iv_001 | 3.319932121035854 × 10^354 | 4613 | 77 |
| iv_005 | 1.4415647245394161 × 10^356 | 4651 | 73 |
| iv_009 | 4.088324584267499 × 10^356 | 4654 | 84 |
| iv_011 | 6.812117852412645 × 10^356 | 4717 | 75 |
| iv_014 | 1.3053577811492312 × 10^357 | 4755 | 87 |
| iv_015 | 1.5124491860067917 × 10^357 | 4886 | 86 |

### Input Bits Sorted by Output Occurrences

| Input Bit | Complexity | Occurrences | Output Occurrences |
|:---------:|:----------:|:-----------:|:------------------:|
| iv_005 | 1.4415647245394161 × 10^356 | 4651 | 73 |
| iv_006 | 1.991052795184104 × 10^356 | 4406 | 74 |
| iv_011 | 6.812117852412645 × 10^356 | 4717 | 75 |
| iv_001 | 3.319932121035854 × 10^354 | 4613 | 77 |
| iv_003 | 4.1340637732981105 × 10^355 | 4403 | 77 |
| iv_004 | 8.992341173697604 × 10^355 | 4573 | 77 |
| iv_002 | 2.7259122328305786 × 10^356 | 4416 | 77 |
| iv_013 | 1.06801799285891 × 10^357 | 4572 | 78 |
| iv_016 | 1.0872590649355116 × 10^354 | 4539 | 79 |
| iv_012 | 8.617149169757716 × 10^356 | 4201 | 82 |
| iv_010 | 5.218550572054373 × 10^356 | 4506 | 83 |
| iv_009 | 4.088324584267499 × 10^356 | 4654 | 84 |
| iv_008 | 3.252224861758547 × 10^356 | 4505 | 85 |
| iv_015 | 1.5124491860067917 × 10^357 | 4886 | 86 |
| iv_014 | 1.3053577811492312 × 10^357 | 4755 | 87 |

## Input Bit Co-occurrences

### Input Bit Co-occurrences Sorted by Co-occurrences

| Input Bits | Co-occurrences | Potential Occurrences | Output Co-occurrences | Potential Output Occurrences |
|:----------:|:--------------:|:---------------------:|:---------------------:|:----------------------------:|
| iv_005-iv_015 | 2361 | 4815 | 49 | 61 |
| iv_004-iv_005 | 2360 | 4504 | 35 | 80 |
| iv_014-iv_015 | 2345 | 4951 | 43 | 87 |
| iv_009-iv_015 | 2325 | 4890 | 44 | 82 |
| iv_008-iv_009 | 2322 | 4515 | 41 | 87 |
| iv_009-iv_014 | 2302 | 4805 | 42 | 87 |
| iv_009-iv_011 | 2259 | 4853 | 37 | 85 |
| iv_010-iv_015 | 2255 | 4882 | 43 | 83 |
| iv_004-iv_009 | 2254 | 4719 | 44 | 73 |
| iv_001-iv_006 | 2250 | 4519 | 37 | 77 |
| iv_008-iv_014 | 2244 | 4772 | 53 | 66 |
| iv_009-iv_010 | 2242 | 4676 | 47 | 73 |
| iv_011-iv_016 | 2238 | 4780 | 35 | 84 |
| iv_004-iv_014 | 2232 | 4864 | 40 | 84 |
| iv_005-iv_009 | 2228 | 4849 | 34 | 89 |

### Input Bit Co-occurrences Sorted by Potential Occurrences

| Input Bits | Co-occurrences | Potential Occurrences | Output Co-occurrences | Potential Output Occurrences |
|:----------:|:--------------:|:---------------------:|:---------------------:|:----------------------------:|
| iv_004-iv_005 | 2360 | 4504 | 35 | 80 |
| iv_008-iv_009 | 2322 | 4515 | 41 | 87 |
| iv_001-iv_006 | 2250 | 4519 | 37 | 77 |
| iv_003-iv_012 | 2041 | 4522 | 37 | 85 |
| iv_003-iv_004 | 2205 | 4566 | 42 | 70 |
| iv_003-iv_013 | 2195 | 4585 | 37 | 81 |
| iv_003-iv_008 | 2161 | 4586 | 42 | 78 |
| iv_002-iv_012 | 2015 | 4587 | 43 | 73 |
| iv_008-iv_012 | 2057 | 4592 | 45 | 77 |
| iv_012-iv_013 | 2055 | 4663 | 40 | 80 |
| iv_009-iv_010 | 2242 | 4676 | 47 | 73 |
| iv_008-iv_013 | 2199 | 4679 | 42 | 79 |
| iv_006-iv_016 | 2121 | 4703 | 36 | 81 |
| iv_001-iv_016 | 2218 | 4716 | 42 | 72 |
| iv_004-iv_009 | 2254 | 4719 | 44 | 73 |

### Input Bit Output Co-occurrences Sorted by Output Co-occurrences

| Input Bits | Co-occurrences | Potential Occurrences | Output Co-occurrences | Potential Output Occurrences |
|:----------:|:--------------:|:---------------------:|:---------------------:|:----------------------------:|
| iv_008-iv_014 | 2244 | 4772 | 53 | 66 |
| iv_005-iv_015 | 2361 | 4815 | 49 | 61 |
| iv_009-iv_010 | 2242 | 4676 | 47 | 73 |
| iv_010-iv_014 | 2199 | 4863 | 47 | 76 |
| iv_001-iv_009 | 2181 | 4905 | 46 | 69 |
| iv_008-iv_010 | 2019 | 4973 | 46 | 76 |
| iv_013-iv_015 | 2217 | 5024 | 46 | 72 |
| iv_014-iv_016 | 2173 | 4948 | 46 | 74 |
| iv_003-iv_009 | 2141 | 4775 | 45 | 71 |
| iv_008-iv_012 | 2057 | 4592 | 45 | 77 |
| iv_009-iv_015 | 2325 | 4890 | 44 | 82 |
| iv_004-iv_010 | 2140 | 4799 | 44 | 72 |
| iv_012-iv_014 | 2058 | 4840 | 44 | 81 |
| iv_012-iv_015 | 2038 | 5011 | 44 | 80 |
| iv_004-iv_009 | 2254 | 4719 | 44 | 73 |

### Input Bit Output Co-occurrences Sorted by Potential Output Occurrences

| Input Bits | Co-occurrences | Potential Occurrences | Output Co-occurrences | Potential Output Occurrences |
|:----------:|:--------------:|:---------------------:|:---------------------:|:----------------------------:|
| iv_005-iv_015 | 2361 | 4815 | 49 | 61 |
| iv_008-iv_014 | 2244 | 4772 | 53 | 66 |
| iv_001-iv_009 | 2181 | 4905 | 46 | 69 |
| iv_004-iv_013 | 2161 | 4823 | 43 | 69 |
| iv_003-iv_004 | 2205 | 4566 | 42 | 70 |
| iv_001-iv_004 | 2082 | 5022 | 42 | 70 |
| iv_002-iv_004 | 2078 | 4833 | 42 | 70 |
| iv_003-iv_009 | 2141 | 4775 | 45 | 71 |
| iv_004-iv_006 | 2008 | 4963 | 40 | 71 |
| iv_001-iv_003 | 2035 | 4946 | 41 | 72 |
| iv_013-iv_015 | 2217 | 5024 | 46 | 72 |
| iv_004-iv_010 | 2140 | 4799 | 44 | 72 |
| iv_001-iv_016 | 2218 | 4716 | 42 | 72 |
| iv_005-iv_013 | 2097 | 5029 | 39 | 73 |
| iv_009-iv_010 | 2242 | 4676 | 47 | 73 |

## Output Bits

### Output Bits in Regular Order

| Rank | Output Bit | Complexity |
|:----:|:----------:|:----------:|
| 1 | ov_001 | 1.1382838438585317 × 10^357 |
| 2 | ov_002 | 9.93947065153482 × 10^356 |
| 3 | ov_003 | 8.642246562031397 × 10^356 |
| 4 | ov_004 | 7.479578741203509 × 10^356 |
| 5 | ov_005 | 6.440529747850597 × 10^356 |
| 6 | ov_006 | 5.514766692010021 × 10^356 |
| 7 | ov_007 | 4.692521157168193 × 10^356 |
| 8 | ov_008 | 3.9645539662516185 × 10^356 |
| 9 | ov_009 | 3.322124395498015 × 10^356 |
| 10 | ov_010 | 2.7569635531298836 × 10^356 |
| 11 | ov_011 | 2.2650518762695736 × 10^356 |
| 12 | ov_012 | 1.8425891489848396 × 10^356 |
| 13 | ov_013 | 1.4825995940766765 × 10^356 |
| 14 | ov_014 | 1.1785083355804392 × 10^356 |
| 15 | ov_015 | 9.241307285642344 × 10^355 |
| 16 | ov_016 | 7.13663814434305 × 10^355 |
| 17 | ov_017 | 5.416795941802957 × 10^355 |
| 18 | ov_018 | 4.031198366095333 × 10^355 |
| 19 | ov_019 | 2.9329216314816774 × 10^355 |
| 20 | ov_020 | 2.0786717526047065 × 10^355 |
| 21 | ov_021 | 1.4287641497799853 × 10^355 |
| 22 | ov_022 | 9.471097345182266 × 10^354 |
| 23 | ov_023 | 6.012058685187644 × 10^354 |
| 24 | ov_024 | 3.621308334243661 × 10^354 |
| 25 | ov_025 | 2.0454069264648388 × 10^354 |
| 26 | ov_026 | 1.066676695528133 × 10^354 |
| 27 | ov_027 | 5.0319402237818555 × 10^353 |
| 28 | ov_028 | 2.087864937412663 × 10^353 |
| 29 | ov_029 | 7.303195432014225 × 10^352 |
| 30 | ov_030 | 2.006410886570344 × 10^352 |
| 31 | ov_031 | 3.917270647276085 × 10^351 |
| 32 | lv_80_m31 | 7.646918978578676 × 10^350 |
| 33 | ov_033 | 9.468395245076973 × 10^351 |
| 34 | ov_034 | 8.274234098552861 × 10^351 |
| 35 | ov_035 | 7.201512252679612 × 10^351 |
| 36 | ov_036 | 6.240498200360467 × 10^351 |
| 37 | ov_037 | 5.381995144808201 × 10^351 |
| 38 | ov_038 | 4.617303246848677 × 10^351 |
| 39 | ov_039 | 3.938186733649811 × 10^351 |
| 40 | ov_040 | 3.336845426999931 × 10^351 |
| 41 | ov_041 | 2.805890273196401 × 10^351 |
| 42 | ov_042 | 2.338322479550666 × 10^351 |
| 43 | ov_043 | 1.9275158846326156 × 10^351 |
| 44 | ov_044 | 1.570248552618353 × 10^351 |
| 45 | ov_045 | 1.2634741416981533 × 10^351 |
| 46 | ov_046 | 1.0043164041011856 × 10^351 |
| 47 | ov_047 | 7.875162152655905 × 10^350 |
| 48 | ov_048 | 6.081358601899565 × 10^350 |
| 49 | ov_049 | 4.615541422187077 × 10^350 |
| 50 | ov_050 | 3.434626908476888 × 10^350 |
| 51 | ov_051 | 2.498632564952721 × 10^350 |
| 52 | ov_052 | 1.770657994063867 × 10^350 |
| 53 | ov_053 | 1.2168719902929948 × 10^350 |
| 54 | ov_054 | 8.06504293467746 × 10^349 |
| 55 | ov_055 | 5.118406476672955 × 10^349 |
| 56 | ov_056 | 3.0822000291068347 × 10^349 |
| 57 | ov_057 | 1.7403294965888506 × 10^349 |
| 58 | ov_058 | 9.07208302124904 × 10^348 |
| 59 | ov_059 | 4.277526131593276 × 10^348 |
| 60 | ov_060 | 1.7737912376470894 × 10^348 |
| 61 | ov_061 | 6.200420603338791 × 10^347 |
| 62 | ov_062 | 1.702173150205128 × 10^347 |
| 63 | ov_063 | 3.320384531906169 × 10^346 |
| 64 | lv_79_m31 | 6.475677728250085 × 10^345 |
| 65 | ov_065 | 7.813615131273741 × 10^346 |
| 66 | ov_066 | 7.813583355488298 × 10^346 |
| 67 | ov_067 | 7.813573188014882 × 10^346 |
| 68 | ov_068 | 6.791651900853766 × 10^346 |
| 69 | ov_069 | 5.8747916357812005 × 10^346 |
| 70 | ov_070 | 5.055052025075824 × 10^346 |
| 71 | ov_071 | 4.3249385848006525 × 10^346 |
| 72 | ov_072 | 3.677370811890144 × 10^346 |
| 73 | ov_073 | 3.1056541084610854 × 10^346 |
| 74 | ov_074 | 2.6034551546407537 × 10^346 |
| 75 | ov_075 | 2.164780413090593 × 10^346 |
| 76 | ov_076 | 1.783957548005814 × 10^346 |
| 77 | ov_077 | 1.4556195582397378 × 10^346 |
| 78 | ov_078 | 1.17469136316529 × 10^346 |
| 79 | ov_079 | 9.363785592805642 × 10^345 |
| 80 | ov_080 | 7.361580831366364 × 10^345 |
| 81 | ov_081 | 5.69770533380973 × 10^345 |
| 82 | ov_082 | 4.3321392164836765 × 10^345 |
| 83 | ov_083 | 3.2273866234593304 × 10^345 |
| 84 | ov_084 | 2.3484365153863905 × 10^345 |
| 85 | ov_085 | 1.6627327802006985 × 10^345 |
| 86 | ov_086 | 1.140152024557789 × 10^345 |
| 87 | ov_087 | 7.52987568257472 × 10^344 |
| 88 | ov_088 | 4.7593832700944184 × 10^344 |
| 89 | ov_089 | 2.861014317956116 × 10^344 |
| 90 | ov_090 | 1.629675958946483 × 10^344 |
| 91 | ov_091 | 8.841840340156914 × 10^343 |
| 92 | ov_092 | 4.672485582610164 × 10^343 |
| 93 | ov_093 | 2.454666765800515 × 10^343 |
| 94 | ov_094 | 1.0931997441250538 × 10^343 |
| 95 | aaa_78_28 | 3.492540673095781 × 10^342 |
| 96 | aaa_78_29 | 1.3104173088026429 × 10^342 |
| 97 | ov_097 | 1.2529414083417375 × 10^342 |
| 98 | ov_098 | 1.2529378760301837 × 10^342 |
| 99 | ov_099 | 1.2529370208612221 × 10^342 |
| 100 | ov_100 | 1.092935128784851 × 10^342 |
| 101 | ov_101 | 9.494351523472348 × 10^341 |
| 102 | ov_102 | 8.21108179184946 × 10^341 |
| 103 | ov_103 | 7.066997931083434 × 10^341 |
| 104 | ov_104 | 6.05025058939469 × 10^341 |
| 105 | ov_105 | 5.149641123237691 × 10^341 |
| 106 | ov_106 | 4.354582816986593 × 10^341 |
| 107 | ov_107 | 3.655066774798046 × 10^341 |
| 108 | ov_108 | 3.041631986372096 × 10^341 |
| 109 | ov_109 | 2.5053392112700942 × 10^341 |
| 110 | ov_110 | 2.0418462363902503 × 10^341 |
| 111 | ov_111 | 1.6470552106403758 × 10^341 |
| 112 | ov_112 | 1.3134693536218834 × 10^341 |
| 113 | ov_113 | 1.0340417122223057 × 10^341 |
| 114 | ov_114 | 8.021640402007382 × 10^340 |
| 115 | ov_115 | 6.116579554936459 × 10^340 |
| 116 | ov_116 | 4.5676809738925274 × 10^340 |
| 117 | ov_117 | 3.3215696618482146 × 10^340 |
| 118 | ov_118 | 2.3525972725255345 × 10^340 |
| 119 | ov_119 | 1.6156434219743834 × 10^340 |
| 120 | ov_120 | 1.0696832497704537 × 10^340 |
| 121 | ov_121 | 6.777755004436729 × 10^339 |
| 122 | ov_122 | 4.070552322927273 × 10^339 |
| 123 | ov_123 | 2.2872967931446146 × 10^339 |
| 124 | ov_124 | 1.1807611216114628 × 10^339 |
| 125 | ov_125 | 5.444085491952465 × 10^338 |
| 126 | ov_126 | 2.123889684517363 × 10^338 |
| 127 | aaa_77_28 | 5.953767173663158 × 10^337 |
| 128 | aaa_77_29 | 1.8119846452348928 × 10^337 |
| 129 | ov_129 | 1.0799543385909095 × 10^337 |
| 130 | ov_130 | 1.079950805660451 × 10^337 |
| 131 | ov_131 | 1.0799499486909338 × 10^337 |
| 132 | ov_132 | 9.424461351263749 × 10^336 |
| 133 | ov_133 | 8.19844777085784 × 10^336 |
| 134 | ov_134 | 7.108261542011747 × 10^336 |
| 135 | ov_135 | 6.1414568732051915 × 10^336 |
| 136 | ov_136 | 5.286287911602745 × 10^336 |
| 137 | ov_137 | 4.531662931461539 × 10^336 |
| 138 | ov_138 | 3.867103643685166 × 10^336 |
| 139 | ov_139 | 3.2827092400651805 × 10^336 |
| 140 | ov_140 | 2.769124848635723 × 10^336 |
| 141 | ov_141 | 2.3175140947249634 × 10^336 |
| 142 | ov_142 | 1.9195354798385614 × 10^336 |
| 143 | ov_143 | 1.571139251022871 × 10^336 |
| 144 | ov_144 | 1.2685084648276641 × 10^336 |
| 145 | ov_145 | 1.0080513892038344 × 10^336 |
| 146 | ov_146 | 7.863953508561131 × 10^335 |
| 147 | ov_147 | 6.003818491033803 × 10^335 |
| 148 | ov_148 | 4.470627464540222 × 10^335 |
| 149 | ov_149 | 3.236973618695334 × 10^335 |
| 150 | ov_150 | 2.277503084009526 × 10^335 |
| 151 | ov_151 | 1.5476092666343792 × 10^335 |
| 152 | ov_152 | 1.0067313001028532 × 10^335 |
| 153 | ov_153 | 6.183422739296591 × 10^334 |
| 154 | ov_154 | 3.499420167126708 × 10^334 |
| 155 | ov_155 | 1.7305298221645353 × 10^334 |
| 156 | aaa_76_25 | 6.321815563002579 × 10^333 |
| 157 | aaa_76_26 | 3.301986152584994 × 10^333 |
| 158 | aaa_76_27 | 1.5220945765784707 × 10^333 |
| 159 | aaa_76_28 | 5.937231268909088 × 10^332 |
| 160 | aaa_76_29 | 1.8096200532172956 × 10^332 |

### Output Bits Sorted by Complexity

| Rank | Output Bit | Complexity |
|:----:|:----------:|:----------:|
| 160 | aaa_76_29 | 1.8096200532172956 × 10^332 |
| 159 | aaa_76_28 | 5.937231268909088 × 10^332 |
| 158 | aaa_76_27 | 1.5220945765784707 × 10^333 |
| 157 | aaa_76_26 | 3.301986152584994 × 10^333 |
| 156 | aaa_76_25 | 6.321815563002579 × 10^333 |
| 155 | ov_155 | 1.7305298221645353 × 10^334 |
| 154 | ov_154 | 3.499420167126708 × 10^334 |
| 153 | ov_153 | 6.183422739296591 × 10^334 |
| 152 | ov_152 | 1.0067313001028532 × 10^335 |
| 151 | ov_151 | 1.5476092666343792 × 10^335 |
| 150 | ov_150 | 2.277503084009526 × 10^335 |
| 149 | ov_149 | 3.236973618695334 × 10^335 |
| 148 | ov_148 | 4.470627464540222 × 10^335 |
| 147 | ov_147 | 6.003818491033803 × 10^335 |
| 146 | ov_146 | 7.863953508561131 × 10^335 |
| 145 | ov_145 | 1.0080513892038344 × 10^336 |
| 144 | ov_144 | 1.2685084648276641 × 10^336 |
| 143 | ov_143 | 1.571139251022871 × 10^336 |
| 142 | ov_142 | 1.9195354798385614 × 10^336 |
| 141 | ov_141 | 2.3175140947249634 × 10^336 |
| 140 | ov_140 | 2.769124848635723 × 10^336 |
| 139 | ov_139 | 3.2827092400651805 × 10^336 |
| 138 | ov_138 | 3.867103643685166 × 10^336 |
| 137 | ov_137 | 4.531662931461539 × 10^336 |
| 136 | ov_136 | 5.286287911602745 × 10^336 |
| 135 | ov_135 | 6.1414568732051915 × 10^336 |
| 134 | ov_134 | 7.108261542011747 × 10^336 |
| 133 | ov_133 | 8.19844777085784 × 10^336 |
| 132 | ov_132 | 9.424461351263749 × 10^336 |
| 131 | ov_131 | 1.0799499486909338 × 10^337 |
| 130 | ov_130 | 1.079950805660451 × 10^337 |
| 129 | ov_129 | 1.0799543385909095 × 10^337 |
| 128 | aaa_77_29 | 1.8119846452348928 × 10^337 |
| 127 | aaa_77_28 | 5.953767173663158 × 10^337 |
| 126 | ov_126 | 2.123889684517363 × 10^338 |
| 125 | ov_125 | 5.444085491952465 × 10^338 |
| 124 | ov_124 | 1.1807611216114628 × 10^339 |
| 123 | ov_123 | 2.2872967931446146 × 10^339 |
| 122 | ov_122 | 4.070552322927273 × 10^339 |
| 121 | ov_121 | 6.777755004436729 × 10^339 |
| 120 | ov_120 | 1.0696832497704537 × 10^340 |
| 119 | ov_119 | 1.6156434219743834 × 10^340 |
| 118 | ov_118 | 2.3525972725255345 × 10^340 |
| 117 | ov_117 | 3.3215696618482146 × 10^340 |
| 116 | ov_116 | 4.5676809738925274 × 10^340 |
| 115 | ov_115 | 6.116579554936459 × 10^340 |
| 114 | ov_114 | 8.021640402007382 × 10^340 |
| 113 | ov_113 | 1.0340417122223057 × 10^341 |
| 112 | ov_112 | 1.3134693536218834 × 10^341 |
| 111 | ov_111 | 1.6470552106403758 × 10^341 |
| 110 | ov_110 | 2.0418462363902503 × 10^341 |
| 109 | ov_109 | 2.5053392112700942 × 10^341 |
| 108 | ov_108 | 3.041631986372096 × 10^341 |
| 107 | ov_107 | 3.655066774798046 × 10^341 |
| 106 | ov_106 | 4.354582816986593 × 10^341 |
| 105 | ov_105 | 5.149641123237691 × 10^341 |
| 104 | ov_104 | 6.05025058939469 × 10^341 |
| 103 | ov_103 | 7.066997931083434 × 10^341 |
| 102 | ov_102 | 8.21108179184946 × 10^341 |
| 101 | ov_101 | 9.494351523472348 × 10^341 |
| 100 | ov_100 | 1.092935128784851 × 10^342 |
| 99 | ov_099 | 1.2529370208612221 × 10^342 |
| 98 | ov_098 | 1.2529378760301837 × 10^342 |
| 97 | ov_097 | 1.2529414083417375 × 10^342 |
| 96 | aaa_78_29 | 1.3104173088026429 × 10^342 |
| 95 | aaa_78_28 | 3.492540673095781 × 10^342 |
| 94 | ov_094 | 1.0931997441250538 × 10^343 |
| 93 | ov_093 | 2.454666765800515 × 10^343 |
| 92 | ov_092 | 4.672485582610164 × 10^343 |
| 91 | ov_091 | 8.841840340156914 × 10^343 |
| 90 | ov_090 | 1.629675958946483 × 10^344 |
| 89 | ov_089 | 2.861014317956116 × 10^344 |
| 88 | ov_088 | 4.7593832700944184 × 10^344 |
| 87 | ov_087 | 7.52987568257472 × 10^344 |
| 86 | ov_086 | 1.140152024557789 × 10^345 |
| 85 | ov_085 | 1.6627327802006985 × 10^345 |
| 84 | ov_084 | 2.3484365153863905 × 10^345 |
| 83 | ov_083 | 3.2273866234593304 × 10^345 |
| 82 | ov_082 | 4.3321392164836765 × 10^345 |
| 81 | ov_081 | 5.69770533380973 × 10^345 |
| 64 | lv_79_m31 | 6.475677728250085 × 10^345 |
| 80 | ov_080 | 7.361580831366364 × 10^345 |
| 79 | ov_079 | 9.363785592805642 × 10^345 |
| 78 | ov_078 | 1.17469136316529 × 10^346 |
| 77 | ov_077 | 1.4556195582397378 × 10^346 |
| 76 | ov_076 | 1.783957548005814 × 10^346 |
| 75 | ov_075 | 2.164780413090593 × 10^346 |
| 74 | ov_074 | 2.6034551546407537 × 10^346 |
| 73 | ov_073 | 3.1056541084610854 × 10^346 |
| 63 | ov_063 | 3.320384531906169 × 10^346 |
| 72 | ov_072 | 3.677370811890144 × 10^346 |
| 71 | ov_071 | 4.3249385848006525 × 10^346 |
| 70 | ov_070 | 5.055052025075824 × 10^346 |
| 69 | ov_069 | 5.8747916357812005 × 10^346 |
| 68 | ov_068 | 6.791651900853766 × 10^346 |
| 67 | ov_067 | 7.813573188014882 × 10^346 |
| 66 | ov_066 | 7.813583355488298 × 10^346 |
| 65 | ov_065 | 7.813615131273741 × 10^346 |
| 62 | ov_062 | 1.702173150205128 × 10^347 |
| 61 | ov_061 | 6.200420603338791 × 10^347 |
| 60 | ov_060 | 1.7737912376470894 × 10^348 |
| 59 | ov_059 | 4.277526131593276 × 10^348 |
| 58 | ov_058 | 9.07208302124904 × 10^348 |
| 57 | ov_057 | 1.7403294965888506 × 10^349 |
| 56 | ov_056 | 3.0822000291068347 × 10^349 |
| 55 | ov_055 | 5.118406476672955 × 10^349 |
| 54 | ov_054 | 8.06504293467746 × 10^349 |
| 53 | ov_053 | 1.2168719902929948 × 10^350 |
| 52 | ov_052 | 1.770657994063867 × 10^350 |
| 51 | ov_051 | 2.498632564952721 × 10^350 |
| 50 | ov_050 | 3.434626908476888 × 10^350 |
| 49 | ov_049 | 4.615541422187077 × 10^350 |
| 48 | ov_048 | 6.081358601899565 × 10^350 |
| 32 | lv_80_m31 | 7.646918978578676 × 10^350 |
| 47 | ov_047 | 7.875162152655905 × 10^350 |
| 46 | ov_046 | 1.0043164041011856 × 10^351 |
| 45 | ov_045 | 1.2634741416981533 × 10^351 |
| 44 | ov_044 | 1.570248552618353 × 10^351 |
| 43 | ov_043 | 1.9275158846326156 × 10^351 |
| 42 | ov_042 | 2.338322479550666 × 10^351 |
| 41 | ov_041 | 2.805890273196401 × 10^351 |
| 40 | ov_040 | 3.336845426999931 × 10^351 |
| 31 | ov_031 | 3.917270647276085 × 10^351 |
| 39 | ov_039 | 3.938186733649811 × 10^351 |
| 38 | ov_038 | 4.617303246848677 × 10^351 |
| 37 | ov_037 | 5.381995144808201 × 10^351 |
| 36 | ov_036 | 6.240498200360467 × 10^351 |
| 35 | ov_035 | 7.201512252679612 × 10^351 |
| 34 | ov_034 | 8.274234098552861 × 10^351 |
| 33 | ov_033 | 9.468395245076973 × 10^351 |
| 30 | ov_030 | 2.006410886570344 × 10^352 |
| 29 | ov_029 | 7.303195432014225 × 10^352 |
| 28 | ov_028 | 2.087864937412663 × 10^353 |
| 27 | ov_027 | 5.0319402237818555 × 10^353 |
| 26 | ov_026 | 1.066676695528133 × 10^354 |
| 25 | ov_025 | 2.0454069264648388 × 10^354 |
| 24 | ov_024 | 3.621308334243661 × 10^354 |
| 23 | ov_023 | 6.012058685187644 × 10^354 |
| 22 | ov_022 | 9.471097345182266 × 10^354 |
| 21 | ov_021 | 1.4287641497799853 × 10^355 |
| 20 | ov_020 | 2.0786717526047065 × 10^355 |
| 19 | ov_019 | 2.9329216314816774 × 10^355 |
| 18 | ov_018 | 4.031198366095333 × 10^355 |
| 17 | ov_017 | 5.416795941802957 × 10^355 |
| 16 | ov_016 | 7.13663814434305 × 10^355 |
| 15 | ov_015 | 9.241307285642344 × 10^355 |
| 14 | ov_014 | 1.1785083355804392 × 10^356 |
| 13 | ov_013 | 1.4825995940766765 × 10^356 |
| 12 | ov_012 | 1.8425891489848396 × 10^356 |
| 11 | ov_011 | 2.2650518762695736 × 10^356 |
| 10 | ov_010 | 2.7569635531298836 × 10^356 |
| 9 | ov_009 | 3.322124395498015 × 10^356 |
| 8 | ov_008 | 3.9645539662516185 × 10^356 |
| 7 | ov_007 | 4.692521157168193 × 10^356 |
| 6 | ov_006 | 5.514766692010021 × 10^356 |
| 5 | ov_005 | 6.440529747850597 × 10^356 |
| 4 | ov_004 | 7.479578741203509 × 10^356 |
| 3 | ov_003 | 8.642246562031397 × 10^356 |
| 2 | ov_002 | 9.93947065153482 × 10^356 |
| 1 | ov_001 | 1.1382838438585317 × 10^357 |

