# Results for F001-F002-F003-F004-F005-F006-F007-F008-F009-F010-F011-F012-F013-F014-F015-F016-F017-F018-F019-F020-F021-F022-F023-F024-F025-F026-F027-F028-F029-F030-F031-F032-F033-F034-F035-F036-F037-F038-F039-F040-F041-F042-F043-F044-F045-F046-F047-F048-F049-F050-F051-F052-F053-F054-F055-F056-F057-F058-F059-F060-F061-F062-F063-F064-F065-F066-F067-F068-F069-F070-F071-F072-F073-F074-F075-F076-F077-F078-F079-F080-F081-F082-F083-F084-F085-F086-F087-F088-F089-F090-F091-F092-F093-F094-F095-F096-F097-F098-F099-F100-F101-F102-F103-F104-F105-F106-F107-F108-F109-F110-F111-F112-F113-F114-F115-F116-F117-F118-F119-F120-F121-F122-F123-F124-F125-F126-F127-F128-F129-F130-F131-F132-F133-F134-F135-F136-F137-F138-F139-F140-F141-F142-F143-F144-F145-F146-F147-F148-F149-F150-F151-F152-F153-F154-F155-F156-F157-F158-F159-F160-F161-F162-F163-F164-F165-F166-F167-F168-F169-F170-F171-F172-F173-F174-F175-F176-F177-F178-F179-F180-F181-F182-F183-F184-F185-F186-F187-F188-F189-F190-F191-F192-F193-F194-F195-F196-F197-F198-F199-F200-F201-F202-F203-F204-F205-F206-F207-F208-F209-F210-F211-F212-F213-F214-F215-F216-F217-F218-F219-F220-F221-F222-F223-F224-F225-F226-F227-F228-F229-F230-F231-F232-F233-F234-F235-F236-F237-F238-F239-F240-F241-F242-F243-F244-F245-F246-F247-F248-F249-F250-F251-F252-F253-F254-F255-F256-F257-F258-F259-F260-F261-F262-F263-F264-F265-F266-F267-F268-F269-F270-F271-F272-F273-F274-F275-F276-F277-F278-F279-F280-F281-F282-F283-F284-F285-F286-F287-F288-F289-F290-F291-F292-F293-F294-F295-F296-F297-F298-F299-F300-F301-F302-F303-F304-F305-F306-F307-F308-F309-F310-F311-F312-F313-F314-F315-F316-F317-F318-F319-F320-F321-F322-F323-F324-F325-F326-F327-F328-F329-F330-F331-F332-F333-F334-F335-F336-F337-F338-F339-F340-F341-F342-F343-F344-F345-F346-F347-F348-F349-F350-F351-F352-F353-F354-F355-F356-F357-F358-F359-F360-F361-F362-F363-F364-F365-F366-F367-F368-F369-F370-F371-F372-F373-F374-F375-F376-F377-F378-F379-F380-F381-F382-F383-F384-F385-F386-F387-F388-F389-F390-F391-F392-F393-F394-F395-F396-F397-F398-F399-F400-F401-F402-F403-F404-F405-F406-F407-F408-F409-F410-F411-F412-F413-F414-F415-F416-F417-F418-F419-F420-F421-F422-F423-F424-F425-F426-F427-F428-F429-F430-F431-F432-F433-F434-F435-F436-F437-F438-F439-F440-F441-F442-F443-F444-F445-F446-F447-F448-F449-F450-F451-F452-F453-F454-F455-F456-F457-F458-F459-F460-F461-F462-F463-F464-F465-F466-F467-F468-F469-F470-F471-F472-F473-F474-F475-F476-F477-F478-F479-F480-F481-F482-F483-F484-F485-F486-F487-F488-F489-F490-F491-F492-F493-F494-F495-F496-T512

## Summary

Number of input bits: 512  
Number of free input bits: 15  
Number of output bits: 160

Number of direct occurrences: 62713  
Number of assignments: 32543  
Number of operations: 12585442
(xor: 12555198,
and: 16491,
or: 13753)

Total complexity: 4.552206238116463 × 10^310

Least occurring input variable: iv_504 (4097)  
Most occurring input variable: iv_507 (4357)

Most co-occurring input variables: iv_507-iv_509 (2137)  
Least co-occurring input variables: iv_497-iv_500 (1840)

Potentially most occurring input variable: iv_505/iv_507 (4614)  
Potentially least occurring input variable: iv_497/iv_505 (4159)

Least output occurring input variable: iv_508 (72)  
Most output occurring input variable: iv_502 (86)

Most output co-occurring input variables: iv_502-iv_507 (51)  
Least output co-occurring input variables: iv_503-iv_509 (25)

Potentially most output occurring input variable: iv_503/iv_509 (98)  
Potentially least output occurring input variable: iv_503/iv_505 (64)

Least complex input bit: iv_497 (3.5115826951744656 × 10^307)  
Most complex input bit: iv_510 (1.2217809623860492 × 10^310)

Least complex output bit: aaa_76_29 (9.238633521806616 × 10^284)  
Most complex output bit: ov_001 (7.116809561477138 × 10^309)

Least complex input/output complexity: iv_497/aaa_76_29 (7.126703823431841 × 10^281)  
Most complex input/output complexity: iv_510/ov_001 (1.9101029215973126 × 10^309)

## Input Bits

### Input Bits in Regular Order

| Input Bit | Complexity | Occurrences | Output Occurrences |
|:---------:|:----------:|:-----------:|:------------------:|
| iv_497 | 3.5115826951744656 × 10^307 | 4114 | 82 |
| iv_498 | 7.083407557488508 × 10^307 | 4190 | 81 |
| iv_499 | 1.2611228493979011 × 10^308 | 4097 | 74 |
| iv_500 | 2.136008842445953 × 10^308 | 4142 | 76 |
| iv_501 | 3.642271240639283 × 10^308 | 4171 | 74 |
| iv_502 | 5.920145390963813 × 10^308 | 4161 | 86 |
| iv_503 | 9.3343752638729 × 10^308 | 4163 | 74 |
| iv_504 | 1.437734250049774 × 10^309 | 4097 | 75 |
| iv_505 | 2.1727133517613747 × 10^309 | 4141 | 78 |
| iv_506 | 3.2283560420764845 × 10^309 | 4200 | 75 |
| iv_507 | 4.724522740031126 × 10^309 | 4357 | 82 |
| iv_508 | 6.695738935513327 × 10^309 | 4183 | 72 |
| iv_509 | 9.181785851584843 × 10^309 | 4295 | 74 |
| iv_510 | 1.2217809623860492 × 10^310 | 4222 | 81 |
| iv_511 | 3.528059325028615 × 10^309 | 4180 | 85 |

### Input Bits Sorted by Complexity

| Input Bit | Complexity | Occurrences | Output Occurrences |
|:---------:|:----------:|:-----------:|:------------------:|
| iv_497 | 3.5115826951744656 × 10^307 | 4114 | 82 |
| iv_498 | 7.083407557488508 × 10^307 | 4190 | 81 |
| iv_499 | 1.2611228493979011 × 10^308 | 4097 | 74 |
| iv_500 | 2.136008842445953 × 10^308 | 4142 | 76 |
| iv_501 | 3.642271240639283 × 10^308 | 4171 | 74 |
| iv_502 | 5.920145390963813 × 10^308 | 4161 | 86 |
| iv_503 | 9.3343752638729 × 10^308 | 4163 | 74 |
| iv_504 | 1.437734250049774 × 10^309 | 4097 | 75 |
| iv_505 | 2.1727133517613747 × 10^309 | 4141 | 78 |
| iv_506 | 3.2283560420764845 × 10^309 | 4200 | 75 |
| iv_511 | 3.528059325028615 × 10^309 | 4180 | 85 |
| iv_507 | 4.724522740031126 × 10^309 | 4357 | 82 |
| iv_508 | 6.695738935513327 × 10^309 | 4183 | 72 |
| iv_509 | 9.181785851584843 × 10^309 | 4295 | 74 |
| iv_510 | 1.2217809623860492 × 10^310 | 4222 | 81 |

### Input Bits Sorted by Occurrences

| Input Bit | Complexity | Occurrences | Output Occurrences |
|:---------:|:----------:|:-----------:|:------------------:|
| iv_504 | 1.437734250049774 × 10^309 | 4097 | 75 |
| iv_499 | 1.2611228493979011 × 10^308 | 4097 | 74 |
| iv_497 | 3.5115826951744656 × 10^307 | 4114 | 82 |
| iv_505 | 2.1727133517613747 × 10^309 | 4141 | 78 |
| iv_500 | 2.136008842445953 × 10^308 | 4142 | 76 |
| iv_502 | 5.920145390963813 × 10^308 | 4161 | 86 |
| iv_503 | 9.3343752638729 × 10^308 | 4163 | 74 |
| iv_501 | 3.642271240639283 × 10^308 | 4171 | 74 |
| iv_511 | 3.528059325028615 × 10^309 | 4180 | 85 |
| iv_508 | 6.695738935513327 × 10^309 | 4183 | 72 |
| iv_498 | 7.083407557488508 × 10^307 | 4190 | 81 |
| iv_506 | 3.2283560420764845 × 10^309 | 4200 | 75 |
| iv_510 | 1.2217809623860492 × 10^310 | 4222 | 81 |
| iv_509 | 9.181785851584843 × 10^309 | 4295 | 74 |
| iv_507 | 4.724522740031126 × 10^309 | 4357 | 82 |

### Input Bits Sorted by Output Occurrences

| Input Bit | Complexity | Occurrences | Output Occurrences |
|:---------:|:----------:|:-----------:|:------------------:|
| iv_508 | 6.695738935513327 × 10^309 | 4183 | 72 |
| iv_501 | 3.642271240639283 × 10^308 | 4171 | 74 |
| iv_503 | 9.3343752638729 × 10^308 | 4163 | 74 |
| iv_499 | 1.2611228493979011 × 10^308 | 4097 | 74 |
| iv_509 | 9.181785851584843 × 10^309 | 4295 | 74 |
| iv_504 | 1.437734250049774 × 10^309 | 4097 | 75 |
| iv_506 | 3.2283560420764845 × 10^309 | 4200 | 75 |
| iv_500 | 2.136008842445953 × 10^308 | 4142 | 76 |
| iv_505 | 2.1727133517613747 × 10^309 | 4141 | 78 |
| iv_498 | 7.083407557488508 × 10^307 | 4190 | 81 |
| iv_510 | 1.2217809623860492 × 10^310 | 4222 | 81 |
| iv_507 | 4.724522740031126 × 10^309 | 4357 | 82 |
| iv_497 | 3.5115826951744656 × 10^307 | 4114 | 82 |
| iv_511 | 3.528059325028615 × 10^309 | 4180 | 85 |
| iv_502 | 5.920145390963813 × 10^308 | 4161 | 86 |

## Input Bit Co-occurrences

### Input Bit Co-occurrences Sorted by Co-occurrences

| Input Bits | Co-occurrences | Potential Occurrences | Output Co-occurrences | Potential Output Occurrences |
|:----------:|:--------------:|:---------------------:|:---------------------:|:----------------------------:|
| iv_507-iv_509 | 2137 | 4378 | 36 | 84 |
| iv_502-iv_507 | 2102 | 4314 | 51 | 66 |
| iv_503-iv_507 | 2096 | 4328 | 41 | 74 |
| iv_506-iv_507 | 2086 | 4385 | 33 | 91 |
| iv_498-iv_507 | 2081 | 4385 | 44 | 75 |
| iv_507-iv_508 | 2071 | 4398 | 40 | 74 |
| iv_507-iv_510 | 2065 | 4449 | 40 | 83 |
| iv_506-iv_509 | 2065 | 4365 | 36 | 77 |
| iv_498-iv_510 | 2059 | 4294 | 42 | 78 |
| iv_509-iv_511 | 2050 | 4375 | 46 | 67 |
| iv_503-iv_509 | 2048 | 4362 | 25 | 98 |
| iv_497-iv_505 | 2048 | 4159 | 42 | 76 |
| iv_506-iv_508 | 2043 | 4297 | 40 | 67 |
| iv_509-iv_510 | 2042 | 4433 | 41 | 73 |
| iv_500-iv_507 | 2036 | 4427 | 38 | 82 |

### Input Bit Co-occurrences Sorted by Potential Occurrences

| Input Bits | Co-occurrences | Potential Occurrences | Output Co-occurrences | Potential Output Occurrences |
|:----------:|:--------------:|:---------------------:|:---------------------:|:----------------------------:|
| iv_497-iv_505 | 2048 | 4159 | 42 | 76 |
| iv_505-iv_508 | 2033 | 4258 | 40 | 70 |
| iv_504-iv_510 | 2024 | 4271 | 38 | 80 |
| iv_501-iv_505 | 2017 | 4278 | 36 | 80 |
| iv_499-iv_506 | 2009 | 4279 | 38 | 73 |
| iv_500-iv_511 | 2015 | 4292 | 40 | 81 |
| iv_498-iv_510 | 2059 | 4294 | 42 | 78 |
| iv_506-iv_508 | 2043 | 4297 | 40 | 67 |
| iv_497-iv_503 | 1990 | 4297 | 41 | 74 |
| iv_503-iv_505 | 2003 | 4298 | 44 | 64 |
| iv_498-iv_501 | 2031 | 4299 | 36 | 83 |
| iv_498-iv_503 | 2024 | 4305 | 37 | 81 |
| iv_499-iv_502 | 1976 | 4306 | 38 | 84 |
| iv_500-iv_502 | 1998 | 4307 | 36 | 90 |
| iv_504-iv_506 | 1994 | 4309 | 32 | 86 |

### Input Bit Output Co-occurrences Sorted by Output Co-occurrences

| Input Bits | Co-occurrences | Potential Occurrences | Output Co-occurrences | Potential Output Occurrences |
|:----------:|:--------------:|:---------------------:|:---------------------:|:----------------------------:|
| iv_502-iv_507 | 2102 | 4314 | 51 | 66 |
| iv_498-iv_511 | 1950 | 4470 | 47 | 72 |
| iv_502-iv_511 | 1968 | 4405 | 47 | 77 |
| iv_498-iv_502 | 2007 | 4337 | 46 | 75 |
| iv_509-iv_511 | 2050 | 4375 | 46 | 67 |
| iv_502-iv_510 | 1990 | 4403 | 45 | 77 |
| iv_498-iv_507 | 2081 | 4385 | 44 | 75 |
| iv_500-iv_505 | 1969 | 4345 | 44 | 66 |
| iv_503-iv_505 | 2003 | 4298 | 44 | 64 |
| iv_507-iv_511 | 2007 | 4523 | 43 | 81 |
| iv_510-iv_511 | 1995 | 4412 | 43 | 80 |
| iv_502-iv_504 | 1966 | 4326 | 43 | 75 |
| iv_499-iv_510 | 1930 | 4459 | 43 | 69 |
| iv_497-iv_510 | 1976 | 4384 | 43 | 77 |
| iv_506-iv_511 | 1958 | 4464 | 43 | 74 |

### Input Bit Output Co-occurrences Sorted by Potential Output Occurrences

| Input Bits | Co-occurrences | Potential Occurrences | Output Co-occurrences | Potential Output Occurrences |
|:----------:|:--------------:|:---------------------:|:---------------------:|:----------------------------:|
| iv_503-iv_505 | 2003 | 4298 | 44 | 64 |
| iv_500-iv_505 | 1969 | 4345 | 44 | 66 |
| iv_502-iv_507 | 2102 | 4314 | 51 | 66 |
| iv_509-iv_511 | 2050 | 4375 | 46 | 67 |
| iv_506-iv_508 | 2043 | 4297 | 40 | 67 |
| iv_499-iv_510 | 1930 | 4459 | 43 | 69 |
| iv_505-iv_506 | 2013 | 4315 | 42 | 69 |
| iv_505-iv_508 | 2033 | 4258 | 40 | 70 |
| iv_508-iv_511 | 1950 | 4463 | 43 | 71 |
| iv_498-iv_511 | 1950 | 4470 | 47 | 72 |
| iv_500-iv_508 | 1934 | 4457 | 38 | 72 |
| iv_499-iv_506 | 2009 | 4279 | 38 | 73 |
| iv_509-iv_510 | 2042 | 4433 | 41 | 73 |
| iv_500-iv_503 | 1950 | 4405 | 38 | 74 |
| iv_503-iv_507 | 2096 | 4328 | 41 | 74 |

## Output Bits

### Output Bits in Regular Order

| Rank | Output Bit | Complexity |
|:----:|:----------:|:----------:|
| 1 | ov_001 | 7.116809561477138 × 10^309 |
| 2 | ov_002 | 6.1927678696407226 × 10^309 |
| 3 | ov_003 | 5.363195066345166 × 10^309 |
| 4 | ov_004 | 4.621005774431784 × 10^309 |
| 5 | ov_005 | 3.959502487031901 × 10^309 |
| 6 | ov_006 | 3.3723482226660485 × 10^309 |
| 7 | ov_007 | 2.8535427429455816 × 10^309 |
| 8 | ov_008 | 2.3974020046844657 × 10^309 |
| 9 | ov_009 | 1.9985405358130293 × 10^309 |
| 10 | ov_010 | 1.651856441425421 × 10^309 |
| 11 | ov_011 | 1.3525187627034484 × 10^309 |
| 12 | ov_012 | 1.0959569274419713 × 10^309 |
| 13 | ov_013 | 8.778520465418488 × 10^308 |
| 14 | ov_014 | 6.941298262098322 × 10^308 |
| 15 | ov_015 | 5.409548807731462 × 10^308 |
| 16 | ov_016 | 4.147262460315769 × 10^308 |
| 17 | ov_017 | 3.120739079736227 × 10^308 |
| 18 | ov_018 | 2.298561765088765 × 10^308 |
| 19 | ov_019 | 1.651577486416098 × 10^308 |
| 20 | ov_020 | 1.152883202490838 × 10^308 |
| 21 | ov_021 | 7.778162034523891 × 10^307 |
| 22 | ov_022 | 5.0394756414557583 × 10^307 |
| 23 | ov_023 | 3.110777830586884 × 10^307 |
| 24 | ov_024 | 1.812339457541049 × 10^307 |
| 25 | ov_025 | 9.866798811750009 × 10^306 |
| 26 | ov_026 | 4.985574430824612 × 10^306 |
| 27 | ov_027 | 2.3496498433366782 × 10^306 |
| 28 | ov_028 | 1.051280760765468 × 10^306 |
| 29 | ov_029 | 4.050444944973596 × 10^305 |
| 30 | ov_030 | 1.2380980391640935 × 10^305 |
| 31 | ov_031 | 2.4144758046807203 × 10^304 |
| 32 | lv_80_m31 | 4.707604089047221 × 10^303 |
| 33 | ov_033 | 5.668567669018972 × 10^304 |
| 34 | ov_034 | 4.9225017959191007 × 10^304 |
| 35 | ov_035 | 4.253724311926974 × 10^304 |
| 36 | ov_036 | 3.6563838157391665 × 10^304 |
| 37 | ov_037 | 3.1249496468003926 × 10^304 |
| 38 | ov_038 | 2.6541892378638644 × 10^304 |
| 39 | ov_039 | 2.2391484063594958 × 10^304 |
| 40 | ov_040 | 1.8751343158875452 × 10^304 |
| 41 | ov_041 | 1.557700853337744 × 10^304 |
| 42 | ov_042 | 1.282636180822883 × 10^304 |
| 43 | ov_043 | 1.045952234905403 × 10^304 |
| 44 | ov_044 | 8.438759585673834 × 10^303 |
| 45 | ov_045 | 6.728420640982223 × 10^303 |
| 46 | ov_046 | 5.2948713760921555 × 10^303 |
| 47 | ov_047 | 4.106449082789504 × 10^303 |
| 48 | ov_048 | 3.133425177274516 × 10^303 |
| 49 | ov_049 | 2.347976371413533 × 10^303 |
| 50 | ov_050 | 1.724162919503553 × 10^303 |
| 51 | ov_051 | 1.237912660033488 × 10^303 |
| 52 | ov_052 | 8.670096932167191 × 10^302 |
| 53 | ov_053 | 5.910866562366864 × 10^302 |
| 54 | ov_054 | 3.9161967923325943 × 10^302 |
| 55 | ov_055 | 2.519252260920519 × 10^302 |
| 56 | ov_056 | 1.5715817216257547 × 10^302 |
| 57 | ov_057 | 9.431066563718658 × 10^301 |
| 58 | ov_058 | 5.221149123845326 × 10^301 |
| 59 | ov_059 | 2.5734145550207573 × 10^301 |
| 60 | ov_060 | 1.0670232485884206 × 10^301 |
| 61 | ov_061 | 3.729426312626419 × 10^300 |
| 62 | ov_062 | 1.023694359974456 × 10^300 |
| 63 | ov_063 | 1.996611048292918 × 10^299 |
| 64 | lv_79_m31 | 3.893373554349147 × 10^298 |
| 65 | ov_065 | 4.687933961486525 × 10^299 |
| 66 | ov_066 | 4.687920815749317 × 10^299 |
| 67 | ov_067 | 4.6879176345392186 × 10^299 |
| 68 | ov_068 | 4.072305422248961 × 10^299 |
| 69 | ov_069 | 3.520154883864372 × 10^299 |
| 70 | ov_070 | 3.0267019839767682 × 10^299 |
| 71 | ov_071 | 2.5874403575761587 × 10^299 |
| 72 | ov_072 | 2.1981030020881113 × 10^299 |
| 73 | ov_073 | 1.854646430804554 × 10^299 |
| 74 | ov_074 | 1.553237057476679 × 10^299 |
| 75 | ov_075 | 1.290239594105829 × 10^299 |
| 76 | ov_076 | 1.0622072557519855 × 10^299 |
| 77 | ov_077 | 8.658735775629836 × 10^298 |
| 78 | ov_078 | 6.981456602841112 × 10^298 |
| 79 | ov_079 | 5.560986713011469 × 10^298 |
| 80 | ov_080 | 4.3697143885487774 × 10^298 |
| 81 | ov_081 | 3.381629874883236 × 10^298 |
| 82 | ov_082 | 2.5722987308813544 × 10^298 |
| 83 | ov_083 | 1.9188418609093398 × 10^298 |
| 84 | ov_084 | 1.3999210156936085 × 10^298 |
| 85 | ov_085 | 9.957286501136436 × 10^297 |
| 86 | ov_086 | 6.879811267477792 × 10^297 |
| 87 | ov_087 | 4.599143544833199 × 10^297 |
| 88 | ov_088 | 2.9628105187167685 × 10^297 |
| 89 | ov_089 | 1.833489826310522 × 10^297 |
| 90 | ov_090 | 1.088997707040824 × 10^297 |
| 91 | ov_091 | 6.222812467964972 × 10^296 |
| 92 | ov_092 | 3.414137218689249 × 10^296 |
| 93 | ov_093 | 1.6959209825083168 × 10^296 |
| 94 | ov_094 | 7.219557526048192 × 10^295 |
| 95 | aaa_78_28 | 2.2164447980831462 × 10^295 |
| 96 | aaa_78_29 | 6.744899893575178 × 10^294 |
| 97 | ov_097 | 3.7729788383800186 × 10^294 |
| 98 | ov_098 | 3.7729622156848915 × 10^294 |
| 99 | ov_099 | 3.7729569015779776 × 10^294 |
| 100 | ov_100 | 3.2635809119247855 × 10^294 |
| 101 | ov_101 | 2.8079620782397675 × 10^294 |
| 102 | ov_102 | 2.401989142503792 × 10^294 |
| 103 | ov_103 | 2.0417784513760815 × 10^294 |
| 104 | ov_104 | 1.723657441490667 × 10^294 |
| 105 | ov_105 | 1.4441502200932406 × 10^294 |
| 106 | ov_106 | 1.1999650529461908 × 10^294 |
| 107 | ov_107 | 9.879835814143794 × 10^293 |
| 108 | ov_108 | 8.052516002359953 × 10^293 |
| 109 | ov_109 | 6.489712367506167 × 10^293 |
| 110 | ov_110 | 5.16494381360533 × 10^293 |
| 111 | ov_111 | 4.053172277939826 × 10^293 |
| 112 | ov_112 | 3.130757903652525 × 10^293 |
| 113 | ov_113 | 2.375422739248636 × 10^293 |
| 114 | ov_114 | 1.7662218059520276 × 10^293 |
| 115 | ov_115 | 1.2835204571915876 × 10^293 |
| 116 | ov_116 | 9.089770373251593 × 10^292 |
| 117 | ov_117 | 6.255299292134931 × 10^292 |
| 118 | ov_118 | 4.1738816255606824 × 10^292 |
| 119 | ov_119 | 2.7002483708047304 × 10^292 |
| 120 | ov_120 | 1.7017269679293002 × 10^292 |
| 121 | ov_121 | 1.058212735817002 × 10^292 |
| 122 | ov_122 | 6.621510053387352 × 10^291 |
| 123 | ov_123 | 4.185261419806988 × 10^291 |
| 124 | ov_124 | 2.448551044795355 × 10^291 |
| 125 | ov_125 | 1.2861015468402642 × 10^291 |
| 126 | ov_126 | 5.7264060675882446 × 10^290 |
| 127 | aaa_77_28 | 1.8289723372835086 × 10^290 |
| 128 | aaa_77_29 | 6.859026151808264 × 10^289 |
| 129 | ov_129 | 6.407664248238352 × 10^289 |
| 130 | ov_130 | 6.407646229251249 × 10^289 |
| 131 | ov_131 | 6.407641864721528 × 10^289 |
| 132 | ov_132 | 5.567712327848426 × 10^289 |
| 133 | ov_133 | 4.814349712002007 × 10^289 |
| 134 | ov_134 | 4.141028358414029 × 10^289 |
| 135 | ov_135 | 3.541580228612687 × 10^289 |
| 136 | ov_136 | 3.0101695371799375 × 10^289 |
| 137 | ov_137 | 2.541270686250604 × 10^289 |
| 138 | ov_138 | 2.1296491999274092 × 10^289 |
| 139 | ov_139 | 1.7703453727075042 × 10^289 |
| 140 | ov_140 | 1.4586603613834998 × 10^289 |
| 141 | ov_141 | 1.1901444648012113 × 10^289 |
| 142 | ov_142 | 9.605873504188474 × 10^288 |
| 143 | ov_143 | 7.66010000896544 × 10^288 |
| 144 | ov_144 | 6.026581680171753 × 10^288 |
| 145 | ov_145 | 4.669971351541872 × 10^288 |
| 146 | ov_146 | 3.557076033043894 × 10^288 |
| 147 | ov_147 | 2.656825294284272 × 10^288 |
| 148 | ov_148 | 1.9402475951584555 × 10^288 |
| 149 | ov_149 | 1.380453124345423 × 10^288 |
| 150 | ov_150 | 9.526218424895454 × 10^287 |
| 151 | ov_151 | 6.3399556305542275 × 10^287 |
| 152 | ov_152 | 4.0387303992624866 × 10^287 |
| 153 | ov_153 | 2.4360716686929312 × 10^287 |
| 154 | ov_154 | 1.3660353002757144 × 10^287 |
| 155 | ov_155 | 6.831971030493681 × 10^286 |
| 156 | aaa_76_25 | 2.626495772211194 × 10^286 |
| 157 | aaa_76_26 | 1.5181934533101281 × 10^286 |
| 158 | aaa_76_27 | 7.779990255408864 × 10^285 |
| 159 | aaa_76_28 | 3.033437115682062 × 10^285 |
| 160 | aaa_76_29 | 9.238633521806616 × 10^284 |

### Output Bits Sorted by Complexity

| Rank | Output Bit | Complexity |
|:----:|:----------:|:----------:|
| 160 | aaa_76_29 | 9.238633521806616 × 10^284 |
| 159 | aaa_76_28 | 3.033437115682062 × 10^285 |
| 158 | aaa_76_27 | 7.779990255408864 × 10^285 |
| 157 | aaa_76_26 | 1.5181934533101281 × 10^286 |
| 156 | aaa_76_25 | 2.626495772211194 × 10^286 |
| 155 | ov_155 | 6.831971030493681 × 10^286 |
| 154 | ov_154 | 1.3660353002757144 × 10^287 |
| 153 | ov_153 | 2.4360716686929312 × 10^287 |
| 152 | ov_152 | 4.0387303992624866 × 10^287 |
| 151 | ov_151 | 6.3399556305542275 × 10^287 |
| 150 | ov_150 | 9.526218424895454 × 10^287 |
| 149 | ov_149 | 1.380453124345423 × 10^288 |
| 148 | ov_148 | 1.9402475951584555 × 10^288 |
| 147 | ov_147 | 2.656825294284272 × 10^288 |
| 146 | ov_146 | 3.557076033043894 × 10^288 |
| 145 | ov_145 | 4.669971351541872 × 10^288 |
| 144 | ov_144 | 6.026581680171753 × 10^288 |
| 143 | ov_143 | 7.66010000896544 × 10^288 |
| 142 | ov_142 | 9.605873504188474 × 10^288 |
| 141 | ov_141 | 1.1901444648012113 × 10^289 |
| 140 | ov_140 | 1.4586603613834998 × 10^289 |
| 139 | ov_139 | 1.7703453727075042 × 10^289 |
| 138 | ov_138 | 2.1296491999274092 × 10^289 |
| 137 | ov_137 | 2.541270686250604 × 10^289 |
| 136 | ov_136 | 3.0101695371799375 × 10^289 |
| 135 | ov_135 | 3.541580228612687 × 10^289 |
| 134 | ov_134 | 4.141028358414029 × 10^289 |
| 133 | ov_133 | 4.814349712002007 × 10^289 |
| 132 | ov_132 | 5.567712327848426 × 10^289 |
| 131 | ov_131 | 6.407641864721528 × 10^289 |
| 130 | ov_130 | 6.407646229251249 × 10^289 |
| 129 | ov_129 | 6.407664248238352 × 10^289 |
| 128 | aaa_77_29 | 6.859026151808264 × 10^289 |
| 127 | aaa_77_28 | 1.8289723372835086 × 10^290 |
| 126 | ov_126 | 5.7264060675882446 × 10^290 |
| 125 | ov_125 | 1.2861015468402642 × 10^291 |
| 124 | ov_124 | 2.448551044795355 × 10^291 |
| 123 | ov_123 | 4.185261419806988 × 10^291 |
| 122 | ov_122 | 6.621510053387352 × 10^291 |
| 121 | ov_121 | 1.058212735817002 × 10^292 |
| 120 | ov_120 | 1.7017269679293002 × 10^292 |
| 119 | ov_119 | 2.7002483708047304 × 10^292 |
| 118 | ov_118 | 4.1738816255606824 × 10^292 |
| 117 | ov_117 | 6.255299292134931 × 10^292 |
| 116 | ov_116 | 9.089770373251593 × 10^292 |
| 115 | ov_115 | 1.2835204571915876 × 10^293 |
| 114 | ov_114 | 1.7662218059520276 × 10^293 |
| 113 | ov_113 | 2.375422739248636 × 10^293 |
| 112 | ov_112 | 3.130757903652525 × 10^293 |
| 111 | ov_111 | 4.053172277939826 × 10^293 |
| 110 | ov_110 | 5.16494381360533 × 10^293 |
| 109 | ov_109 | 6.489712367506167 × 10^293 |
| 108 | ov_108 | 8.052516002359953 × 10^293 |
| 107 | ov_107 | 9.879835814143794 × 10^293 |
| 106 | ov_106 | 1.1999650529461908 × 10^294 |
| 105 | ov_105 | 1.4441502200932406 × 10^294 |
| 104 | ov_104 | 1.723657441490667 × 10^294 |
| 103 | ov_103 | 2.0417784513760815 × 10^294 |
| 102 | ov_102 | 2.401989142503792 × 10^294 |
| 101 | ov_101 | 2.8079620782397675 × 10^294 |
| 100 | ov_100 | 3.2635809119247855 × 10^294 |
| 99 | ov_099 | 3.7729569015779776 × 10^294 |
| 98 | ov_098 | 3.7729622156848915 × 10^294 |
| 97 | ov_097 | 3.7729788383800186 × 10^294 |
| 96 | aaa_78_29 | 6.744899893575178 × 10^294 |
| 95 | aaa_78_28 | 2.2164447980831462 × 10^295 |
| 94 | ov_094 | 7.219557526048192 × 10^295 |
| 93 | ov_093 | 1.6959209825083168 × 10^296 |
| 92 | ov_092 | 3.414137218689249 × 10^296 |
| 91 | ov_091 | 6.222812467964972 × 10^296 |
| 90 | ov_090 | 1.088997707040824 × 10^297 |
| 89 | ov_089 | 1.833489826310522 × 10^297 |
| 88 | ov_088 | 2.9628105187167685 × 10^297 |
| 87 | ov_087 | 4.599143544833199 × 10^297 |
| 86 | ov_086 | 6.879811267477792 × 10^297 |
| 85 | ov_085 | 9.957286501136436 × 10^297 |
| 84 | ov_084 | 1.3999210156936085 × 10^298 |
| 83 | ov_083 | 1.9188418609093398 × 10^298 |
| 82 | ov_082 | 2.5722987308813544 × 10^298 |
| 81 | ov_081 | 3.381629874883236 × 10^298 |
| 64 | lv_79_m31 | 3.893373554349147 × 10^298 |
| 80 | ov_080 | 4.3697143885487774 × 10^298 |
| 79 | ov_079 | 5.560986713011469 × 10^298 |
| 78 | ov_078 | 6.981456602841112 × 10^298 |
| 77 | ov_077 | 8.658735775629836 × 10^298 |
| 76 | ov_076 | 1.0622072557519855 × 10^299 |
| 75 | ov_075 | 1.290239594105829 × 10^299 |
| 74 | ov_074 | 1.553237057476679 × 10^299 |
| 73 | ov_073 | 1.854646430804554 × 10^299 |
| 63 | ov_063 | 1.996611048292918 × 10^299 |
| 72 | ov_072 | 2.1981030020881113 × 10^299 |
| 71 | ov_071 | 2.5874403575761587 × 10^299 |
| 70 | ov_070 | 3.0267019839767682 × 10^299 |
| 69 | ov_069 | 3.520154883864372 × 10^299 |
| 68 | ov_068 | 4.072305422248961 × 10^299 |
| 67 | ov_067 | 4.6879176345392186 × 10^299 |
| 66 | ov_066 | 4.687920815749317 × 10^299 |
| 65 | ov_065 | 4.687933961486525 × 10^299 |
| 62 | ov_062 | 1.023694359974456 × 10^300 |
| 61 | ov_061 | 3.729426312626419 × 10^300 |
| 60 | ov_060 | 1.0670232485884206 × 10^301 |
| 59 | ov_059 | 2.5734145550207573 × 10^301 |
| 58 | ov_058 | 5.221149123845326 × 10^301 |
| 57 | ov_057 | 9.431066563718658 × 10^301 |
| 56 | ov_056 | 1.5715817216257547 × 10^302 |
| 55 | ov_055 | 2.519252260920519 × 10^302 |
| 54 | ov_054 | 3.9161967923325943 × 10^302 |
| 53 | ov_053 | 5.910866562366864 × 10^302 |
| 52 | ov_052 | 8.670096932167191 × 10^302 |
| 51 | ov_051 | 1.237912660033488 × 10^303 |
| 50 | ov_050 | 1.724162919503553 × 10^303 |
| 49 | ov_049 | 2.347976371413533 × 10^303 |
| 48 | ov_048 | 3.133425177274516 × 10^303 |
| 47 | ov_047 | 4.106449082789504 × 10^303 |
| 32 | lv_80_m31 | 4.707604089047221 × 10^303 |
| 46 | ov_046 | 5.2948713760921555 × 10^303 |
| 45 | ov_045 | 6.728420640982223 × 10^303 |
| 44 | ov_044 | 8.438759585673834 × 10^303 |
| 43 | ov_043 | 1.045952234905403 × 10^304 |
| 42 | ov_042 | 1.282636180822883 × 10^304 |
| 41 | ov_041 | 1.557700853337744 × 10^304 |
| 40 | ov_040 | 1.8751343158875452 × 10^304 |
| 39 | ov_039 | 2.2391484063594958 × 10^304 |
| 31 | ov_031 | 2.4144758046807203 × 10^304 |
| 38 | ov_038 | 2.6541892378638644 × 10^304 |
| 37 | ov_037 | 3.1249496468003926 × 10^304 |
| 36 | ov_036 | 3.6563838157391665 × 10^304 |
| 35 | ov_035 | 4.253724311926974 × 10^304 |
| 34 | ov_034 | 4.9225017959191007 × 10^304 |
| 33 | ov_033 | 5.668567669018972 × 10^304 |
| 30 | ov_030 | 1.2380980391640935 × 10^305 |
| 29 | ov_029 | 4.050444944973596 × 10^305 |
| 28 | ov_028 | 1.051280760765468 × 10^306 |
| 27 | ov_027 | 2.3496498433366782 × 10^306 |
| 26 | ov_026 | 4.985574430824612 × 10^306 |
| 25 | ov_025 | 9.866798811750009 × 10^306 |
| 24 | ov_024 | 1.812339457541049 × 10^307 |
| 23 | ov_023 | 3.110777830586884 × 10^307 |
| 22 | ov_022 | 5.0394756414557583 × 10^307 |
| 21 | ov_021 | 7.778162034523891 × 10^307 |
| 20 | ov_020 | 1.152883202490838 × 10^308 |
| 19 | ov_019 | 1.651577486416098 × 10^308 |
| 18 | ov_018 | 2.298561765088765 × 10^308 |
| 17 | ov_017 | 3.120739079736227 × 10^308 |
| 16 | ov_016 | 4.147262460315769 × 10^308 |
| 15 | ov_015 | 5.409548807731462 × 10^308 |
| 14 | ov_014 | 6.941298262098322 × 10^308 |
| 13 | ov_013 | 8.778520465418488 × 10^308 |
| 12 | ov_012 | 1.0959569274419713 × 10^309 |
| 11 | ov_011 | 1.3525187627034484 × 10^309 |
| 10 | ov_010 | 1.651856441425421 × 10^309 |
| 9 | ov_009 | 1.9985405358130293 × 10^309 |
| 8 | ov_008 | 2.3974020046844657 × 10^309 |
| 7 | ov_007 | 2.8535427429455816 × 10^309 |
| 6 | ov_006 | 3.3723482226660485 × 10^309 |
| 5 | ov_005 | 3.959502487031901 × 10^309 |
| 4 | ov_004 | 4.621005774431784 × 10^309 |
| 3 | ov_003 | 5.363195066345166 × 10^309 |
| 2 | ov_002 | 6.1927678696407226 × 10^309 |
| 1 | ov_001 | 7.116809561477138 × 10^309 |

