# Results for F001-F002-F003-F004-F005-F006-F007-F008-F009-F010-F011-F012-F013-F014-F015-F016-F017-F018-F019-F020-F021-F022-F023-F024-F025-F026-F027-F028-F029-F030-F031-F032-F033-F034-F035-F036-F037-F038-F039-F040-F041-F042-F043-F044-F045-F046-F047-F048-F049-F050-F051-F052-F053-F054-F055-F056-F057-F058-F059-F060-F061-F062-F063-F064-F065-F066-F067-F068-F069-F070-F071-F072-F073-F074-F075-F076-F077-F078-F079-F080-F081-F082-F083-F084-F085-F086-F087-F088-F089-F090-F091-F092-F093-F094-F095-F096-F097-F098-F099-F100-F101-F102-F103-F104-F105-F106-F107-F108-F109-F110-F111-F112-F113-F114-F115-F116-F117-F118-F119-F120-F121-F122-F123-F124-F125-F126-F127-F128-F129-F130-F131-F132-F133-F134-F135-F136-F137-F138-F139-F140-F141-F142-F143-F144-F145-F146-F147-F148-F149-F150-F151-F152-F153-F154-F155-F156-F157-F158-F159-F160-F161-F162-F163-F164-F165-F166-F167-F168-F169-F170-F171-F172-F173-F174-F175-F176-F177-F178-F179-F180-F181-F182-F183-F184-F185-F186-F187-F188-F189-F190-F191-F192-F193-F194-F195-F196-F197-F198-F199-F200-F201-F202-F203-F204-F205-F206-F207-F208-F209-F210-F211-F212-F213-F214-F215-F216-F217-F218-F219-F220-F221-F222-F223-F224-F225-F226-F227-F228-F229-F230-F231-F232-F233-F234-F235-F236-F237-F238-F239-F240-F241-F242-F243-F244-F245-F246-F247-F248-F249-F250-F251-F252-F253-F254-F255-F256-F257-F258-F259-F260-F261-F262-F263-F264-F265-F266-F267-F268-F269-F270-F271-F272-F273-F274-F275-F276-F277-F278-F279-F280-F281-F282-F283-F284-F285-F286-F287-F288-F289-F290-F291-F292-F293-F294-F295-F296-F297-F298-F299-F300-F301-F302-F303-F304-F305-F306-F307-F308-F309-F310-F311-F312-F313-F314-F315-F316-F317-F318-F319-F320-F321-F322-F323-F324-F325-F326-F327-F328-F329-F330-F331-F332-F333-F334-F335-F336-F337-F338-F339-F340-F341-F342-F343-F344-F345-F346-F347-F348-F349-F350-F351-F352-F353-F354-F355-F356-F357-F358-F359-F360-F361-F362-F363-F364-F365-F366-F367-F368-F369-F370-F371-F372-F373-F374-F375-F376-F377-F378-F379-F380-F381-F382-F383-F384-F385-F386-F387-F388-F389-F390-F391-F392-F393-F394-F395-F396-F397-F398-F399-F400-F401-F402-F403-F404-F405-F406-F407-F408-F409-F410-F411-F412-F413-F414-F415-F416-F417-F418-F419-F420-F421-F422-F423-F424-F425-F426-F427-F428-F429-F430-F431-F432-F433-F434-F435-F436-F437-F438-F439-F440-F441-F442-F443-F444-F445-F446-F447-F448-F449-F450-F451-F452-F453-F454-F455-F456-F457-F458-F459-F460-F461-F462-F463-F464-F465-F466-F467-F468-F469-F470-F471-F472-F473-F474-F475-F476-F477-F478-F479-F480-F481-F482-F483-F484-F485-F486-F487-F488-F489-F490-F491-F492-F493-F494-F495-F496-T510

## Summary

Number of input bits: 512  
Number of free input bits: 15  
Number of output bits: 160

Number of direct occurrences: 62679  
Number of assignments: 32516  
Number of operations: 12175947
(xor: 12145912,
and: 16252,
or: 13783)

Total complexity: 1.4002698834700853 × 10^310

Least occurring input variable: iv_498 (3957)  
Most occurring input variable: iv_512 (4446)

Most co-occurring input variables: iv_507-iv_512 (2133)  
Least co-occurring input variables: iv_498-iv_511 (1780)

Potentially most occurring input variable: iv_499/iv_512 (4634)  
Potentially least occurring input variable: iv_506/iv_507 (4228)

Least output occurring input variable: iv_502 (68)  
Most output occurring input variable: iv_506 (94)

Most output co-occurring input variables: iv_506-iv_509 (56)  
Least output co-occurring input variables: iv_498-iv_502 (28)

Potentially most output occurring input variable: iv_498/iv_509 (96)  
Potentially least output occurring input variable: iv_502/iv_507 (68)

Least complex input bit: iv_497 (1.553155659127906 × 10^307)  
Most complex input bit: iv_509 (3.641690534439266 × 10^309)

Least complex output bit: aaa_76_29 (3.3614603638457014 × 10^284)  
Most complex output bit: ov_001 (2.178591746243287 × 10^309)

Least complex input/output complexity: iv_497/aaa_76_29 (3.728474952344876 × 10^281)  
Most complex input/output complexity: iv_509/ov_001 (5.665877010109363 × 10^308)

## Input Bits

### Input Bits in Regular Order

| Input Bit | Complexity | Occurrences | Output Occurrences |
|:---------:|:----------:|:-----------:|:------------------:|
| iv_497 | 1.553155659127906 × 10^307 | 4129 | 83 |
| iv_498 | 3.1336145275267464 × 10^307 | 3957 | 71 |
| iv_499 | 5.580158850543562 × 10^307 | 4166 | 84 |
| iv_500 | 9.452418707098425 × 10^307 | 4167 | 73 |
| iv_501 | 1.6116922491848546 × 10^308 | 4229 | 78 |
| iv_502 | 2.61947876001029 × 10^308 | 4196 | 68 |
| iv_503 | 4.132723545359414 × 10^308 | 4226 | 85 |
| iv_504 | 6.3661566201001805 × 10^308 | 4103 | 79 |
| iv_505 | 9.619401864965457 × 10^308 | 4082 | 79 |
| iv_506 | 1.4289979658510144 × 10^309 | 4142 | 94 |
| iv_507 | 2.0907344551879293 × 10^309 | 4320 | 82 |
| iv_508 | 2.9623922568362647 × 10^309 | 4155 | 87 |
| iv_509 | 3.641690534439266 × 10^309 | 4197 | 91 |
| iv_511 | 5.007052221387036 × 10^308 | 4164 | 73 |
| iv_512 | 7.460396188427154 × 10^308 | 4446 | 77 |

### Input Bits Sorted by Complexity

| Input Bit | Complexity | Occurrences | Output Occurrences |
|:---------:|:----------:|:-----------:|:------------------:|
| iv_497 | 1.553155659127906 × 10^307 | 4129 | 83 |
| iv_498 | 3.1336145275267464 × 10^307 | 3957 | 71 |
| iv_499 | 5.580158850543562 × 10^307 | 4166 | 84 |
| iv_500 | 9.452418707098425 × 10^307 | 4167 | 73 |
| iv_501 | 1.6116922491848546 × 10^308 | 4229 | 78 |
| iv_502 | 2.61947876001029 × 10^308 | 4196 | 68 |
| iv_503 | 4.132723545359414 × 10^308 | 4226 | 85 |
| iv_511 | 5.007052221387036 × 10^308 | 4164 | 73 |
| iv_504 | 6.3661566201001805 × 10^308 | 4103 | 79 |
| iv_512 | 7.460396188427154 × 10^308 | 4446 | 77 |
| iv_505 | 9.619401864965457 × 10^308 | 4082 | 79 |
| iv_506 | 1.4289979658510144 × 10^309 | 4142 | 94 |
| iv_507 | 2.0907344551879293 × 10^309 | 4320 | 82 |
| iv_508 | 2.9623922568362647 × 10^309 | 4155 | 87 |
| iv_509 | 3.641690534439266 × 10^309 | 4197 | 91 |

### Input Bits Sorted by Occurrences

| Input Bit | Complexity | Occurrences | Output Occurrences |
|:---------:|:----------:|:-----------:|:------------------:|
| iv_498 | 3.1336145275267464 × 10^307 | 3957 | 71 |
| iv_505 | 9.619401864965457 × 10^308 | 4082 | 79 |
| iv_504 | 6.3661566201001805 × 10^308 | 4103 | 79 |
| iv_497 | 1.553155659127906 × 10^307 | 4129 | 83 |
| iv_506 | 1.4289979658510144 × 10^309 | 4142 | 94 |
| iv_508 | 2.9623922568362647 × 10^309 | 4155 | 87 |
| iv_511 | 5.007052221387036 × 10^308 | 4164 | 73 |
| iv_499 | 5.580158850543562 × 10^307 | 4166 | 84 |
| iv_500 | 9.452418707098425 × 10^307 | 4167 | 73 |
| iv_502 | 2.61947876001029 × 10^308 | 4196 | 68 |
| iv_509 | 3.641690534439266 × 10^309 | 4197 | 91 |
| iv_503 | 4.132723545359414 × 10^308 | 4226 | 85 |
| iv_501 | 1.6116922491848546 × 10^308 | 4229 | 78 |
| iv_507 | 2.0907344551879293 × 10^309 | 4320 | 82 |
| iv_512 | 7.460396188427154 × 10^308 | 4446 | 77 |

### Input Bits Sorted by Output Occurrences

| Input Bit | Complexity | Occurrences | Output Occurrences |
|:---------:|:----------:|:-----------:|:------------------:|
| iv_502 | 2.61947876001029 × 10^308 | 4196 | 68 |
| iv_498 | 3.1336145275267464 × 10^307 | 3957 | 71 |
| iv_500 | 9.452418707098425 × 10^307 | 4167 | 73 |
| iv_511 | 5.007052221387036 × 10^308 | 4164 | 73 |
| iv_512 | 7.460396188427154 × 10^308 | 4446 | 77 |
| iv_501 | 1.6116922491848546 × 10^308 | 4229 | 78 |
| iv_504 | 6.3661566201001805 × 10^308 | 4103 | 79 |
| iv_505 | 9.619401864965457 × 10^308 | 4082 | 79 |
| iv_507 | 2.0907344551879293 × 10^309 | 4320 | 82 |
| iv_497 | 1.553155659127906 × 10^307 | 4129 | 83 |
| iv_499 | 5.580158850543562 × 10^307 | 4166 | 84 |
| iv_503 | 4.132723545359414 × 10^308 | 4226 | 85 |
| iv_508 | 2.9623922568362647 × 10^309 | 4155 | 87 |
| iv_509 | 3.641690534439266 × 10^309 | 4197 | 91 |
| iv_506 | 1.4289979658510144 × 10^309 | 4142 | 94 |

## Input Bit Co-occurrences

### Input Bit Co-occurrences Sorted by Co-occurrences

| Input Bits | Co-occurrences | Potential Occurrences | Output Co-occurrences | Potential Output Occurrences |
|:----------:|:--------------:|:---------------------:|:---------------------:|:----------------------------:|
| iv_507-iv_512 | 2133 | 4500 | 34 | 91 |
| iv_503-iv_507 | 2123 | 4300 | 44 | 79 |
| iv_506-iv_507 | 2117 | 4228 | 50 | 76 |
| iv_508-iv_512 | 2107 | 4387 | 45 | 74 |
| iv_503-iv_512 | 2105 | 4462 | 41 | 80 |
| iv_502-iv_507 | 2076 | 4364 | 41 | 68 |
| iv_501-iv_503 | 2075 | 4305 | 43 | 77 |
| iv_502-iv_512 | 2073 | 4496 | 33 | 79 |
| iv_501-iv_502 | 2068 | 4289 | 30 | 86 |
| iv_509-iv_512 | 2056 | 4531 | 47 | 74 |
| iv_507-iv_508 | 2051 | 4373 | 40 | 89 |
| iv_507-iv_509 | 2047 | 4423 | 50 | 73 |
| iv_502-iv_503 | 2047 | 4328 | 31 | 91 |
| iv_500-iv_503 | 2046 | 4301 | 41 | 76 |
| iv_501-iv_507 | 2042 | 4465 | 39 | 82 |

### Input Bit Co-occurrences Sorted by Potential Occurrences

| Input Bits | Co-occurrences | Potential Occurrences | Output Co-occurrences | Potential Output Occurrences |
|:----------:|:--------------:|:---------------------:|:---------------------:|:----------------------------:|
| iv_506-iv_507 | 2117 | 4228 | 50 | 76 |
| iv_504-iv_505 | 1961 | 4263 | 43 | 72 |
| iv_501-iv_504 | 2032 | 4268 | 36 | 85 |
| iv_502-iv_505 | 2005 | 4268 | 33 | 81 |
| iv_498-iv_506 | 1913 | 4273 | 41 | 83 |
| iv_506-iv_509 | 2030 | 4279 | 56 | 73 |
| iv_498-iv_504 | 1889 | 4282 | 35 | 80 |
| iv_504-iv_506 | 1980 | 4285 | 51 | 71 |
| iv_499-iv_504 | 1991 | 4287 | 43 | 77 |
| iv_501-iv_502 | 2068 | 4289 | 30 | 86 |
| iv_503-iv_505 | 2005 | 4298 | 47 | 70 |
| iv_499-iv_500 | 2017 | 4299 | 43 | 71 |
| iv_503-iv_507 | 2123 | 4300 | 44 | 79 |
| iv_500-iv_502 | 2031 | 4301 | 33 | 75 |
| iv_500-iv_503 | 2046 | 4301 | 41 | 76 |

### Input Bit Output Co-occurrences Sorted by Output Co-occurrences

| Input Bits | Co-occurrences | Potential Occurrences | Output Co-occurrences | Potential Output Occurrences |
|:----------:|:--------------:|:---------------------:|:---------------------:|:----------------------------:|
| iv_506-iv_508 | 1990 | 4317 | 56 | 69 |
| iv_506-iv_509 | 2030 | 4279 | 56 | 73 |
| iv_508-iv_509 | 2023 | 4306 | 53 | 72 |
| iv_497-iv_506 | 1956 | 4359 | 51 | 75 |
| iv_504-iv_506 | 1980 | 4285 | 51 | 71 |
| iv_506-iv_507 | 2117 | 4228 | 50 | 76 |
| iv_507-iv_509 | 2047 | 4423 | 50 | 73 |
| iv_503-iv_506 | 2011 | 4346 | 49 | 81 |
| iv_503-iv_509 | 1975 | 4473 | 49 | 78 |
| iv_499-iv_503 | 2008 | 4376 | 49 | 71 |
| iv_505-iv_506 | 1940 | 4344 | 48 | 77 |
| iv_505-iv_509 | 1963 | 4353 | 48 | 74 |
| iv_499-iv_506 | 1941 | 4426 | 47 | 84 |
| iv_499-iv_507 | 2039 | 4408 | 47 | 72 |
| iv_509-iv_512 | 2056 | 4531 | 47 | 74 |

### Input Bit Output Co-occurrences Sorted by Potential Output Occurrences

| Input Bits | Co-occurrences | Potential Occurrences | Output Co-occurrences | Potential Output Occurrences |
|:----------:|:--------------:|:---------------------:|:---------------------:|:----------------------------:|
| iv_502-iv_507 | 2076 | 4364 | 41 | 68 |
| iv_508-iv_511 | 2000 | 4319 | 46 | 68 |
| iv_506-iv_508 | 1990 | 4317 | 56 | 69 |
| iv_503-iv_505 | 2005 | 4298 | 47 | 70 |
| iv_498-iv_503 | 1927 | 4329 | 43 | 70 |
| iv_499-iv_500 | 2017 | 4299 | 43 | 71 |
| iv_504-iv_506 | 1980 | 4285 | 51 | 71 |
| iv_499-iv_503 | 2008 | 4376 | 49 | 71 |
| iv_501-iv_511 | 2012 | 4369 | 40 | 71 |
| iv_501-iv_505 | 1991 | 4329 | 43 | 71 |
| iv_499-iv_502 | 2017 | 4328 | 40 | 72 |
| iv_499-iv_507 | 2039 | 4408 | 47 | 72 |
| iv_498-iv_508 | 1882 | 4348 | 43 | 72 |
| iv_508-iv_509 | 2023 | 4306 | 53 | 72 |
| iv_504-iv_505 | 1961 | 4263 | 43 | 72 |

## Output Bits

### Output Bits in Regular Order

| Rank | Output Bit | Complexity |
|:----:|:----------:|:----------:|
| 1 | ov_001 | 2.178591746243287 × 10^309 |
| 2 | ov_002 | 1.896892539822349 × 10^309 |
| 3 | ov_003 | 1.6439104175156416 × 10^309 |
| 4 | ov_004 | 1.417492312402968 × 10^309 |
| 5 | ov_005 | 1.2156035863026412 × 10^309 |
| 6 | ov_006 | 1.0363196621511647 × 10^309 |
| 7 | ov_007 | 8.778187159556656 × 10^308 |
| 8 | ov_008 | 7.383753443921698 × 10^308 |
| 9 | ov_009 | 6.163551296104863 × 10^308 |
| 10 | ov_010 | 5.102100160381605 × 10^308 |
| 11 | ov_011 | 4.184744130654011 × 10^308 |
| 12 | ov_012 | 3.397619424714888 × 10^308 |
| 13 | ov_013 | 2.7276275432221248 × 10^308 |
| 14 | ov_014 | 2.1624133985065884 × 10^308 |
| 15 | ov_015 | 1.6903477454991353 × 10^308 |
| 16 | ov_016 | 1.300513293723268 × 10^308 |
| 17 | ov_017 | 9.826939255935383 × 10^307 |
| 18 | ov_018 | 7.273664922931678 × 10^307 |
| 19 | ov_019 | 5.256947043604593 × 10^307 |
| 20 | ov_020 | 3.6952467985445446 × 10^307 |
| 21 | ov_021 | 2.5138177740355575 × 10^307 |
| 22 | ov_022 | 1.6446842459580304 × 10^307 |
| 23 | ov_023 | 1.026626977735268 × 10^307 |
| 24 | ov_024 | 6.051742757581186 × 10^306 |
| 25 | ov_025 | 3.325965919473588 × 10^306 |
| 26 | ov_026 | 1.6790356438818747 × 10^306 |
| 27 | ov_027 | 7.684262339936004 × 10^305 |
| 28 | ov_028 | 3.189844123823145 × 10^305 |
| 29 | ov_029 | 1.2292754751146325 × 10^305 |
| 30 | ov_030 | 3.758420468027267 × 10^304 |
| 31 | ov_031 | 7.331695676622094 × 10^303 |
| 32 | lv_80_m31 | 1.429961353210937 × 10^303 |
| 33 | ov_033 | 1.7301495514926983 × 10^304 |
| 34 | ov_034 | 1.5042489621141942 × 10^304 |
| 35 | ov_035 | 1.3017084388066587 × 10^304 |
| 36 | ov_036 | 1.1207063470848177 × 10^304 |
| 37 | ov_037 | 9.595213207434428 × 10^303 |
| 38 | ov_038 | 8.165251854128824 × 10^303 |
| 39 | ov_039 | 6.901767902974633 × 10^303 |
| 40 | ov_040 | 5.790166661614511 × 10^303 |
| 41 | ov_041 | 4.816624317868529 × 10^303 |
| 42 | ov_042 | 3.968048751746865 × 10^303 |
| 43 | ov_043 | 3.238072327103017 × 10^303 |
| 44 | ov_044 | 2.614972284728002 × 10^303 |
| 45 | ov_045 | 2.087673695944802 × 10^303 |
| 46 | ov_046 | 1.645730675176323 × 10^303 |
| 47 | ov_047 | 1.2793112372684428 × 10^303 |
| 48 | ov_048 | 9.79185293231853 × 10^302 |
| 49 | ov_049 | 7.3671531569296445 × 10^302 |
| 50 | ov_050 | 5.438492428685478 × 10^302 |
| 51 | ov_051 | 3.9311522732400555 × 10^302 |
| 52 | ov_052 | 2.776178731605817 × 10^302 |
| 53 | ov_053 | 1.9103564261902839 × 10^302 |
| 54 | ov_054 | 1.2761915039975768 × 10^302 |
| 55 | ov_055 | 8.219010129298796 × 10^301 |
| 56 | ov_056 | 5.014066399504989 × 10^301 |
| 57 | ov_057 | 2.9309481929175536 × 10^301 |
| 58 | ov_058 | 1.622875116009748 × 10^301 |
| 59 | ov_059 | 8.000488240087043 × 10^300 |
| 60 | ov_060 | 3.318148948161263 × 10^300 |
| 61 | ov_061 | 1.1600729556840917 × 10^300 |
| 62 | ov_062 | 3.1852004382709403 × 10^299 |
| 63 | ov_063 | 6.214304426164521 × 10^298 |
| 64 | lv_79_m31 | 1.2121559750324462 × 10^298 |
| 65 | ov_065 | 1.46497210016583 × 10^299 |
| 66 | ov_066 | 1.4649681702945265 × 10^299 |
| 67 | ov_067 | 1.4649672233986753 × 10^299 |
| 68 | ov_068 | 1.2743478411939302 × 10^299 |
| 69 | ov_069 | 1.1031487632700516 × 10^299 |
| 70 | ov_070 | 9.499423060532071 × 10^298 |
| 71 | ov_071 | 8.133742535061812 × 10^298 |
| 72 | ov_072 | 6.921586559832972 × 10^298 |
| 73 | ov_073 | 5.850734326339804 × 10^298 |
| 74 | ov_074 | 4.909566923123841 × 10^298 |
| 75 | ov_075 | 4.087036925008672 × 10^298 |
| 76 | ov_076 | 3.3726436012377425 × 10^298 |
| 77 | ov_077 | 2.7564130234581657 × 10^298 |
| 78 | ov_078 | 2.2288823954356614 × 10^298 |
| 79 | ov_079 | 1.7810879663280368 × 10^298 |
| 80 | ov_080 | 1.404555928491153 × 10^298 |
| 81 | ov_081 | 1.0912957393159557 × 10^298 |
| 82 | ov_082 | 8.337953446439943 × 10^297 |
| 83 | ov_083 | 6.25017819002696 × 10^297 |
| 84 | ov_084 | 4.583989753383114 × 10^297 |
| 85 | ov_085 | 3.278455738487572 × 10^297 |
| 86 | ov_086 | 2.2773391103347213 × 10^297 |
| 87 | ov_087 | 1.5290870764623558 × 10^297 |
| 88 | ov_088 | 9.8682258560537 × 10^296 |
| 89 | ov_089 | 6.083380757308531 × 10^296 |
| 90 | ov_090 | 3.5609110179477112 × 10^296 |
| 91 | ov_091 | 1.972014736008708 × 10^296 |
| 92 | ov_092 | 1.0344953725366795 × 10^296 |
| 93 | ov_093 | 5.127525194728314 × 10^295 |
| 94 | ov_094 | 2.1777761132076277 × 10^295 |
| 95 | aaa_78_28 | 6.671401491445696 × 10^294 |
| 96 | aaa_78_29 | 2.023208859674812 × 10^294 |
| 97 | ov_097 | 1.079611669228314 × 10^294 |
| 98 | ov_098 | 1.0796055273659365 × 10^294 |
| 99 | ov_099 | 1.0796035631081387 × 10^294 |
| 100 | ov_100 | 9.195308736597725 × 10^293 |
| 101 | ov_101 | 7.780023903369131 × 10^293 |
| 102 | ov_102 | 6.5349717736291885 × 10^293 |
| 103 | ov_103 | 5.445788024124539 × 10^293 |
| 104 | ov_104 | 4.49889217281836 × 10^293 |
| 105 | ov_105 | 3.681434071824032 × 10^293 |
| 106 | ov_106 | 2.9812474021902988 × 10^293 |
| 107 | ov_107 | 2.3868095223252893 × 10^293 |
| 108 | ov_108 | 1.8872070566103688 × 10^293 |
| 109 | ov_109 | 1.4721066443664353 × 10^293 |
| 110 | ov_110 | 1.1317303020136418 × 10^293 |
| 111 | ov_111 | 8.56834883200123 × 10^292 |
| 112 | ov_112 | 6.386951530287065 × 10^292 |
| 113 | ov_113 | 4.69090023419697 × 10^292 |
| 114 | ov_114 | 3.4029152722632424 × 10^292 |
| 115 | ov_115 | 2.450561390596668 × 10^292 |
| 116 | ov_116 | 1.7661808095477298 × 10^292 |
| 117 | ov_117 | 1.286842810750481 × 10^292 |
| 118 | ov_118 | 9.543068364830536 × 10^291 |
| 119 | ov_119 | 7.149963828325286 × 10^291 |
| 120 | ov_120 | 5.199812674790997 × 10^291 |
| 121 | ov_121 | 3.646336901445835 × 10^291 |
| 122 | ov_122 | 2.4432998216254782 × 10^291 |
| 123 | ov_123 | 1.5444882018788582 × 10^291 |
| 124 | ov_124 | 9.037011055387154 × 10^290 |
| 125 | ov_125 | 4.747429727557389 × 10^290 |
| 126 | ov_126 | 2.1142008584457127 × 10^290 |
| 127 | aaa_77_28 | 6.753921040372887 × 10^289 |
| 128 | aaa_77_29 | 2.5335929362510037 × 10^289 |
| 129 | ov_129 | 2.378079639537691 × 10^289 |
| 130 | ov_130 | 2.378073084948611 × 10^289 |
| 131 | ov_131 | 2.3780714978011664 × 10^289 |
| 132 | ov_132 | 2.0687924381664417 × 10^289 |
| 133 | ov_133 | 1.7911559051304924 × 10^289 |
| 134 | ov_134 | 1.5427910387777084 × 10^289 |
| 135 | ov_135 | 1.3214563605795154 × 10^289 |
| 136 | ov_136 | 1.125030580799534 × 10^289 |
| 137 | ov_137 | 9.515046165416833 × 10^288 |
| 138 | ov_138 | 7.989747089247242 × 10^288 |
| 139 | ov_139 | 6.656365336939657 × 10^288 |
| 140 | ov_140 | 5.4978020521385537 × 10^288 |
| 141 | ov_141 | 4.4978607926265863 × 10^288 |
| 142 | ov_142 | 3.641212654057176 × 10^288 |
| 143 | ov_143 | 2.9133676498506803 × 10^288 |
| 144 | ov_144 | 2.3006515595408402 × 10^288 |
| 145 | ov_145 | 1.7901875092555964 × 10^288 |
| 146 | ov_146 | 1.3698815990550158 × 10^288 |
| 147 | ov_147 | 1.0284119426463906 × 10^288 |
| 148 | ov_148 | 7.552205356383572 × 10^287 |
| 149 | ov_149 | 5.405074190421654 × 10^287 |
| 150 | ov_150 | 3.752266552184638 × 10^287 |
| 151 | ov_151 | 2.510836839259019 × 10^287 |
| 152 | ov_152 | 1.605336765667887 × 10^287 |
| 153 | ov_153 | 9.67805715671873 × 10^286 |
| 154 | ov_154 | 5.377655307895306 × 10^286 |
| 155 | ov_155 | 2.62217928953507 × 10^286 |
| 156 | aaa_76_25 | 9.5643300292868 × 10^285 |
| 157 | aaa_76_26 | 5.527585863770046 × 10^285 |
| 158 | aaa_76_27 | 2.832095418053365 × 10^285 |
| 159 | aaa_76_28 | 1.103979300527816 × 10^285 |
| 160 | aaa_76_29 | 3.3614603638457014 × 10^284 |

### Output Bits Sorted by Complexity

| Rank | Output Bit | Complexity |
|:----:|:----------:|:----------:|
| 160 | aaa_76_29 | 3.3614603638457014 × 10^284 |
| 159 | aaa_76_28 | 1.103979300527816 × 10^285 |
| 158 | aaa_76_27 | 2.832095418053365 × 10^285 |
| 157 | aaa_76_26 | 5.527585863770046 × 10^285 |
| 156 | aaa_76_25 | 9.5643300292868 × 10^285 |
| 155 | ov_155 | 2.62217928953507 × 10^286 |
| 154 | ov_154 | 5.377655307895306 × 10^286 |
| 153 | ov_153 | 9.67805715671873 × 10^286 |
| 152 | ov_152 | 1.605336765667887 × 10^287 |
| 151 | ov_151 | 2.510836839259019 × 10^287 |
| 150 | ov_150 | 3.752266552184638 × 10^287 |
| 149 | ov_149 | 5.405074190421654 × 10^287 |
| 148 | ov_148 | 7.552205356383572 × 10^287 |
| 147 | ov_147 | 1.0284119426463906 × 10^288 |
| 146 | ov_146 | 1.3698815990550158 × 10^288 |
| 145 | ov_145 | 1.7901875092555964 × 10^288 |
| 144 | ov_144 | 2.3006515595408402 × 10^288 |
| 143 | ov_143 | 2.9133676498506803 × 10^288 |
| 142 | ov_142 | 3.641212654057176 × 10^288 |
| 141 | ov_141 | 4.4978607926265863 × 10^288 |
| 140 | ov_140 | 5.4978020521385537 × 10^288 |
| 139 | ov_139 | 6.656365336939657 × 10^288 |
| 138 | ov_138 | 7.989747089247242 × 10^288 |
| 137 | ov_137 | 9.515046165416833 × 10^288 |
| 136 | ov_136 | 1.125030580799534 × 10^289 |
| 135 | ov_135 | 1.3214563605795154 × 10^289 |
| 134 | ov_134 | 1.5427910387777084 × 10^289 |
| 133 | ov_133 | 1.7911559051304924 × 10^289 |
| 132 | ov_132 | 2.0687924381664417 × 10^289 |
| 131 | ov_131 | 2.3780714978011664 × 10^289 |
| 130 | ov_130 | 2.378073084948611 × 10^289 |
| 129 | ov_129 | 2.378079639537691 × 10^289 |
| 128 | aaa_77_29 | 2.5335929362510037 × 10^289 |
| 127 | aaa_77_28 | 6.753921040372887 × 10^289 |
| 126 | ov_126 | 2.1142008584457127 × 10^290 |
| 125 | ov_125 | 4.747429727557389 × 10^290 |
| 124 | ov_124 | 9.037011055387154 × 10^290 |
| 123 | ov_123 | 1.5444882018788582 × 10^291 |
| 122 | ov_122 | 2.4432998216254782 × 10^291 |
| 121 | ov_121 | 3.646336901445835 × 10^291 |
| 120 | ov_120 | 5.199812674790997 × 10^291 |
| 119 | ov_119 | 7.149963828325286 × 10^291 |
| 118 | ov_118 | 9.543068364830536 × 10^291 |
| 117 | ov_117 | 1.286842810750481 × 10^292 |
| 116 | ov_116 | 1.7661808095477298 × 10^292 |
| 115 | ov_115 | 2.450561390596668 × 10^292 |
| 114 | ov_114 | 3.4029152722632424 × 10^292 |
| 113 | ov_113 | 4.69090023419697 × 10^292 |
| 112 | ov_112 | 6.386951530287065 × 10^292 |
| 111 | ov_111 | 8.56834883200123 × 10^292 |
| 110 | ov_110 | 1.1317303020136418 × 10^293 |
| 109 | ov_109 | 1.4721066443664353 × 10^293 |
| 108 | ov_108 | 1.8872070566103688 × 10^293 |
| 107 | ov_107 | 2.3868095223252893 × 10^293 |
| 106 | ov_106 | 2.9812474021902988 × 10^293 |
| 105 | ov_105 | 3.681434071824032 × 10^293 |
| 104 | ov_104 | 4.49889217281836 × 10^293 |
| 103 | ov_103 | 5.445788024124539 × 10^293 |
| 102 | ov_102 | 6.5349717736291885 × 10^293 |
| 101 | ov_101 | 7.780023903369131 × 10^293 |
| 100 | ov_100 | 9.195308736597725 × 10^293 |
| 99 | ov_099 | 1.0796035631081387 × 10^294 |
| 98 | ov_098 | 1.0796055273659365 × 10^294 |
| 97 | ov_097 | 1.079611669228314 × 10^294 |
| 96 | aaa_78_29 | 2.023208859674812 × 10^294 |
| 95 | aaa_78_28 | 6.671401491445696 × 10^294 |
| 94 | ov_094 | 2.1777761132076277 × 10^295 |
| 93 | ov_093 | 5.127525194728314 × 10^295 |
| 92 | ov_092 | 1.0344953725366795 × 10^296 |
| 91 | ov_091 | 1.972014736008708 × 10^296 |
| 90 | ov_090 | 3.5609110179477112 × 10^296 |
| 89 | ov_089 | 6.083380757308531 × 10^296 |
| 88 | ov_088 | 9.8682258560537 × 10^296 |
| 87 | ov_087 | 1.5290870764623558 × 10^297 |
| 86 | ov_086 | 2.2773391103347213 × 10^297 |
| 85 | ov_085 | 3.278455738487572 × 10^297 |
| 84 | ov_084 | 4.583989753383114 × 10^297 |
| 83 | ov_083 | 6.25017819002696 × 10^297 |
| 82 | ov_082 | 8.337953446439943 × 10^297 |
| 81 | ov_081 | 1.0912957393159557 × 10^298 |
| 64 | lv_79_m31 | 1.2121559750324462 × 10^298 |
| 80 | ov_080 | 1.404555928491153 × 10^298 |
| 79 | ov_079 | 1.7810879663280368 × 10^298 |
| 78 | ov_078 | 2.2288823954356614 × 10^298 |
| 77 | ov_077 | 2.7564130234581657 × 10^298 |
| 76 | ov_076 | 3.3726436012377425 × 10^298 |
| 75 | ov_075 | 4.087036925008672 × 10^298 |
| 74 | ov_074 | 4.909566923123841 × 10^298 |
| 73 | ov_073 | 5.850734326339804 × 10^298 |
| 63 | ov_063 | 6.214304426164521 × 10^298 |
| 72 | ov_072 | 6.921586559832972 × 10^298 |
| 71 | ov_071 | 8.133742535061812 × 10^298 |
| 70 | ov_070 | 9.499423060532071 × 10^298 |
| 69 | ov_069 | 1.1031487632700516 × 10^299 |
| 68 | ov_068 | 1.2743478411939302 × 10^299 |
| 67 | ov_067 | 1.4649672233986753 × 10^299 |
| 66 | ov_066 | 1.4649681702945265 × 10^299 |
| 65 | ov_065 | 1.46497210016583 × 10^299 |
| 62 | ov_062 | 3.1852004382709403 × 10^299 |
| 61 | ov_061 | 1.1600729556840917 × 10^300 |
| 60 | ov_060 | 3.318148948161263 × 10^300 |
| 59 | ov_059 | 8.000488240087043 × 10^300 |
| 58 | ov_058 | 1.622875116009748 × 10^301 |
| 57 | ov_057 | 2.9309481929175536 × 10^301 |
| 56 | ov_056 | 5.014066399504989 × 10^301 |
| 55 | ov_055 | 8.219010129298796 × 10^301 |
| 54 | ov_054 | 1.2761915039975768 × 10^302 |
| 53 | ov_053 | 1.9103564261902839 × 10^302 |
| 52 | ov_052 | 2.776178731605817 × 10^302 |
| 51 | ov_051 | 3.9311522732400555 × 10^302 |
| 50 | ov_050 | 5.438492428685478 × 10^302 |
| 49 | ov_049 | 7.3671531569296445 × 10^302 |
| 48 | ov_048 | 9.79185293231853 × 10^302 |
| 47 | ov_047 | 1.2793112372684428 × 10^303 |
| 32 | lv_80_m31 | 1.429961353210937 × 10^303 |
| 46 | ov_046 | 1.645730675176323 × 10^303 |
| 45 | ov_045 | 2.087673695944802 × 10^303 |
| 44 | ov_044 | 2.614972284728002 × 10^303 |
| 43 | ov_043 | 3.238072327103017 × 10^303 |
| 42 | ov_042 | 3.968048751746865 × 10^303 |
| 41 | ov_041 | 4.816624317868529 × 10^303 |
| 40 | ov_040 | 5.790166661614511 × 10^303 |
| 39 | ov_039 | 6.901767902974633 × 10^303 |
| 31 | ov_031 | 7.331695676622094 × 10^303 |
| 38 | ov_038 | 8.165251854128824 × 10^303 |
| 37 | ov_037 | 9.595213207434428 × 10^303 |
| 36 | ov_036 | 1.1207063470848177 × 10^304 |
| 35 | ov_035 | 1.3017084388066587 × 10^304 |
| 34 | ov_034 | 1.5042489621141942 × 10^304 |
| 33 | ov_033 | 1.7301495514926983 × 10^304 |
| 30 | ov_030 | 3.758420468027267 × 10^304 |
| 29 | ov_029 | 1.2292754751146325 × 10^305 |
| 28 | ov_028 | 3.189844123823145 × 10^305 |
| 27 | ov_027 | 7.684262339936004 × 10^305 |
| 26 | ov_026 | 1.6790356438818747 × 10^306 |
| 25 | ov_025 | 3.325965919473588 × 10^306 |
| 24 | ov_024 | 6.051742757581186 × 10^306 |
| 23 | ov_023 | 1.026626977735268 × 10^307 |
| 22 | ov_022 | 1.6446842459580304 × 10^307 |
| 21 | ov_021 | 2.5138177740355575 × 10^307 |
| 20 | ov_020 | 3.6952467985445446 × 10^307 |
| 19 | ov_019 | 5.256947043604593 × 10^307 |
| 18 | ov_018 | 7.273664922931678 × 10^307 |
| 17 | ov_017 | 9.826939255935383 × 10^307 |
| 16 | ov_016 | 1.300513293723268 × 10^308 |
| 15 | ov_015 | 1.6903477454991353 × 10^308 |
| 14 | ov_014 | 2.1624133985065884 × 10^308 |
| 13 | ov_013 | 2.7276275432221248 × 10^308 |
| 12 | ov_012 | 3.397619424714888 × 10^308 |
| 11 | ov_011 | 4.184744130654011 × 10^308 |
| 10 | ov_010 | 5.102100160381605 × 10^308 |
| 9 | ov_009 | 6.163551296104863 × 10^308 |
| 8 | ov_008 | 7.383753443921698 × 10^308 |
| 7 | ov_007 | 8.778187159556656 × 10^308 |
| 6 | ov_006 | 1.0363196621511647 × 10^309 |
| 5 | ov_005 | 1.2156035863026412 × 10^309 |
| 4 | ov_004 | 1.417492312402968 × 10^309 |
| 3 | ov_003 | 1.6439104175156416 × 10^309 |
| 2 | ov_002 | 1.896892539822349 × 10^309 |
| 1 | ov_001 | 2.178591746243287 × 10^309 |

