# Results for F016-F017-F018-F019-F020-F021-F022-F023-F024-F025-F026-F027-F028-F029-F030-F031-F032-F033-F034-F035-F036-F037-F038-F039-F040-F041-F042-F043-F044-F045-F046-F047-F048-F049-F050-F051-F052-F053-F054-F055-F056-F057-F058-F059-F060-F061-F062-F063-F064-F065-F066-F067-F068-F069-F070-F071-F072-F073-F074-F075-F076-F077-F078-F079-F080-F081-F082-F083-F084-F085-F086-F087-F088-F089-F090-F091-F092-F093-F094-F095-F096-F097-F098-F099-F100-F101-F102-F103-F104-F105-F106-F107-F108-F109-F110-F111-F112-F113-F114-F115-F116-F117-F118-F119-F120-F121-F122-F123-F124-F125-F126-F127-F128-F129-F130-F131-F132-F133-F134-F135-F136-F137-F138-F139-F140-F141-F142-F143-F144-F145-F146-F147-F148-F149-F150-F151-F152-F153-F154-F155-F156-F157-F158-F159-F160-F161-F162-F163-F164-F165-F166-F167-F168-F169-F170-F171-F172-F173-F174-F175-F176-F177-F178-F179-F180-F181-F182-F183-F184-F185-F186-F187-F188-F189-F190-F191-F192-F193-F194-F195-F196-F197-F198-F199-F200-F201-F202-F203-F204-F205-F206-F207-F208-F209-F210-F211-F212-F213-F214-F215-F216-F217-F218-F219-F220-F221-F222-F223-F224-F225-F226-F227-F228-F229-F230-F231-F232-F233-F234-F235-F236-F237-F238-F239-F240-F241-F242-F243-F244-F245-F246-F247-F248-F249-F250-F251-F252-F253-F254-F255-F256-F257-F258-F259-F260-F261-F262-F263-F264-F265-F266-F267-F268-F269-F270-F271-F272-F273-F274-F275-F276-F277-F278-F279-F280-F281-F282-F283-F284-F285-F286-F287-F288-F289-F290-F291-F292-F293-F294-F295-F296-F297-F298-F299-F300-F301-F302-F303-F304-F305-F306-F307-F308-F309-F310-F311-F312-F313-F314-F315-F316-F317-F318-F319-F320-F321-F322-F323-F324-F325-F326-F327-F328-F329-F330-F331-F332-F333-F334-F335-F336-F337-F338-F339-F340-F341-F342-F343-F344-F345-F346-F347-F348-F349-F350-F351-F352-F353-F354-F355-F356-F357-F358-F359-F360-F361-F362-F363-F364-F365-F366-F367-F368-F369-F370-F371-F372-F373-F374-F375-F376-F377-F378-F379-F380-F381-F382-F383-F384-F385-F386-F387-F388-F389-F390-F391-F392-F393-F394-F395-F396-F397-F398-F399-F400-F401-F402-F403-F404-F405-F406-F407-F408-F409-F410-F411-F412-F413-F414-F415-F416-F417-F418-F419-F420-F421-F422-F423-F424-F425-F426-F427-F428-F429-F430-F431-F432-F433-F434-F435-F436-F437-F438-F439-F440-F441-F442-F443-F444-F445-F446-F447-F448-F449-F450-F451-F452-F453-F454-F455-F456-F457-F458-F459-F460-F461-F462-F463-F464-F465-F466-F467-F468-F469-F470-F471-F472-F473-F474-F475-F476-F477-F478-F479-F480-F481-F482-F483-F484-F485-F486-F487-F488-F489-F490-F491-F492-F493-F494-F495-F496-F497-F498-F499-F500-F501-F502-F503-F504-F505-F506-F507-F508-F509-F510-F511-F512

## Summary

Number of input bits: 512  
Number of free input bits: 15  
Number of output bits: 160

Number of direct occurrences: 67615  
Number of assignments: 38982  
Number of operations: 19094487
(xor: 19056565,
and: 21388,
or: 16534)

Total complexity: 2.588260590066362 × 10^355

Least occurring input variable: iv_012 (4191)  
Most occurring input variable: iv_015 (4728)

Most co-occurring input variables: iv_004-iv_005 (2371)  
Least co-occurring input variables: iv_006-iv_012 (1931)

Potentially most occurring input variable: iv_004/iv_011 (5139)  
Potentially least occurring input variable: iv_002/iv_007 (4381)

Least output occurring input variable: iv_011 (63)  
Most output occurring input variable: iv_012 (86)

Most output co-occurring input variables: iv_009-iv_010 (47)  
Least output co-occurring input variables: iv_005-iv_011 (20)

Potentially most output occurring input variable: iv_001/iv_004 (97)  
Potentially least output occurring input variable: iv_002/iv_006 (66)

Least complex input bit: iv_001 (1.1619467005643927 × 10^352)  
Most complex input bit: iv_015 (5.270020912379116 × 10^354)

Least complex output bit: aaa_76_29 (5.848635937600988 × 10^330)  
Most complex output bit: ov_001 (3.9411219349578407 × 10^354)

Least complex input/output complexity: iv_001/aaa_76_29 (2.625625586766572 × 10^327)  
Most complex input/output complexity: iv_015/ov_001 (8.02461510065001 × 10^353)

## Input Bits

### Input Bits in Regular Order

| Input Bit | Complexity | Occurrences | Output Occurrences |
|:---------:|:----------:|:-----------:|:------------------:|
| iv_001 | 1.1619467005643927 × 10^352 | 4569 | 75 |
| iv_002 | 5.028329271255026 × 10^352 | 4364 | 80 |
| iv_003 | 1.4473876883178471 × 10^353 | 4374 | 75 |
| iv_004 | 3.146984670631162 × 10^353 | 4567 | 78 |
| iv_005 | 5.0431273215655467 × 10^353 | 4618 | 73 |
| iv_006 | 6.964217053238369 × 10^353 | 4402 | 80 |
| iv_007 | 8.997593818728665 × 10^353 | 4355 | 81 |
| iv_008 | 1.1306651352369631 × 10^354 | 4445 | 69 |
| iv_009 | 1.4197238740468907 × 10^354 | 4631 | 84 |
| iv_010 | 1.811970638179504 × 10^354 | 4486 | 83 |
| iv_011 | 2.366969736388256 × 10^354 | 4644 | 63 |
| iv_012 | 2.996494240706164 × 10^354 | 4191 | 86 |
| iv_013 | 3.717149554853342 × 10^354 | 4545 | 78 |
| iv_014 | 4.547777993907069 × 10^354 | 4696 | 83 |
| iv_015 | 5.270020912379116 × 10^354 | 4728 | 75 |

### Input Bits Sorted by Complexity

| Input Bit | Complexity | Occurrences | Output Occurrences |
|:---------:|:----------:|:-----------:|:------------------:|
| iv_001 | 1.1619467005643927 × 10^352 | 4569 | 75 |
| iv_002 | 5.028329271255026 × 10^352 | 4364 | 80 |
| iv_003 | 1.4473876883178471 × 10^353 | 4374 | 75 |
| iv_004 | 3.146984670631162 × 10^353 | 4567 | 78 |
| iv_005 | 5.0431273215655467 × 10^353 | 4618 | 73 |
| iv_006 | 6.964217053238369 × 10^353 | 4402 | 80 |
| iv_007 | 8.997593818728665 × 10^353 | 4355 | 81 |
| iv_008 | 1.1306651352369631 × 10^354 | 4445 | 69 |
| iv_009 | 1.4197238740468907 × 10^354 | 4631 | 84 |
| iv_010 | 1.811970638179504 × 10^354 | 4486 | 83 |
| iv_011 | 2.366969736388256 × 10^354 | 4644 | 63 |
| iv_012 | 2.996494240706164 × 10^354 | 4191 | 86 |
| iv_013 | 3.717149554853342 × 10^354 | 4545 | 78 |
| iv_014 | 4.547777993907069 × 10^354 | 4696 | 83 |
| iv_015 | 5.270020912379116 × 10^354 | 4728 | 75 |

### Input Bits Sorted by Occurrences

| Input Bit | Complexity | Occurrences | Output Occurrences |
|:---------:|:----------:|:-----------:|:------------------:|
| iv_012 | 2.996494240706164 × 10^354 | 4191 | 86 |
| iv_007 | 8.997593818728665 × 10^353 | 4355 | 81 |
| iv_002 | 5.028329271255026 × 10^352 | 4364 | 80 |
| iv_003 | 1.4473876883178471 × 10^353 | 4374 | 75 |
| iv_006 | 6.964217053238369 × 10^353 | 4402 | 80 |
| iv_008 | 1.1306651352369631 × 10^354 | 4445 | 69 |
| iv_010 | 1.811970638179504 × 10^354 | 4486 | 83 |
| iv_013 | 3.717149554853342 × 10^354 | 4545 | 78 |
| iv_004 | 3.146984670631162 × 10^353 | 4567 | 78 |
| iv_001 | 1.1619467005643927 × 10^352 | 4569 | 75 |
| iv_005 | 5.0431273215655467 × 10^353 | 4618 | 73 |
| iv_009 | 1.4197238740468907 × 10^354 | 4631 | 84 |
| iv_011 | 2.366969736388256 × 10^354 | 4644 | 63 |
| iv_014 | 4.547777993907069 × 10^354 | 4696 | 83 |
| iv_015 | 5.270020912379116 × 10^354 | 4728 | 75 |

### Input Bits Sorted by Output Occurrences

| Input Bit | Complexity | Occurrences | Output Occurrences |
|:---------:|:----------:|:-----------:|:------------------:|
| iv_011 | 2.366969736388256 × 10^354 | 4644 | 63 |
| iv_008 | 1.1306651352369631 × 10^354 | 4445 | 69 |
| iv_005 | 5.0431273215655467 × 10^353 | 4618 | 73 |
| iv_015 | 5.270020912379116 × 10^354 | 4728 | 75 |
| iv_003 | 1.4473876883178471 × 10^353 | 4374 | 75 |
| iv_001 | 1.1619467005643927 × 10^352 | 4569 | 75 |
| iv_004 | 3.146984670631162 × 10^353 | 4567 | 78 |
| iv_013 | 3.717149554853342 × 10^354 | 4545 | 78 |
| iv_002 | 5.028329271255026 × 10^352 | 4364 | 80 |
| iv_006 | 6.964217053238369 × 10^353 | 4402 | 80 |
| iv_007 | 8.997593818728665 × 10^353 | 4355 | 81 |
| iv_010 | 1.811970638179504 × 10^354 | 4486 | 83 |
| iv_014 | 4.547777993907069 × 10^354 | 4696 | 83 |
| iv_009 | 1.4197238740468907 × 10^354 | 4631 | 84 |
| iv_012 | 2.996494240706164 × 10^354 | 4191 | 86 |

## Input Bit Co-occurrences

### Input Bit Co-occurrences Sorted by Co-occurrences

| Input Bits | Co-occurrences | Potential Occurrences | Output Co-occurrences | Potential Output Occurrences |
|:----------:|:--------------:|:---------------------:|:---------------------:|:----------------------------:|
| iv_004-iv_005 | 2371 | 4443 | 42 | 67 |
| iv_008-iv_009 | 2314 | 4448 | 38 | 77 |
| iv_005-iv_015 | 2275 | 4796 | 40 | 68 |
| iv_009-iv_014 | 2273 | 4781 | 45 | 77 |
| iv_009-iv_011 | 2246 | 4783 | 33 | 81 |
| iv_001-iv_006 | 2239 | 4493 | 39 | 77 |
| iv_009-iv_010 | 2234 | 4649 | 47 | 73 |
| iv_014-iv_015 | 2222 | 4980 | 34 | 90 |
| iv_009-iv_015 | 2217 | 4925 | 37 | 85 |
| iv_005-iv_009 | 2216 | 4817 | 34 | 89 |
| iv_013-iv_014 | 2203 | 4835 | 40 | 81 |
| iv_004-iv_014 | 2203 | 4857 | 38 | 85 |
| iv_005-iv_010 | 2201 | 4702 | 34 | 88 |
| iv_008-iv_014 | 2196 | 4749 | 43 | 66 |
| iv_011-iv_015 | 2195 | 4982 | 26 | 86 |

### Input Bit Co-occurrences Sorted by Potential Occurrences

| Input Bits | Co-occurrences | Potential Occurrences | Output Co-occurrences | Potential Output Occurrences |
|:----------:|:--------------:|:---------------------:|:---------------------:|:----------------------------:|
| iv_002-iv_007 | 2169 | 4381 | 42 | 77 |
| iv_004-iv_005 | 2371 | 4443 | 42 | 67 |
| iv_002-iv_012 | 2055 | 4445 | 42 | 82 |
| iv_008-iv_009 | 2314 | 4448 | 38 | 77 |
| iv_001-iv_006 | 2239 | 4493 | 39 | 77 |
| iv_003-iv_012 | 2036 | 4493 | 42 | 77 |
| iv_007-iv_012 | 2026 | 4494 | 45 | 77 |
| iv_003-iv_008 | 2139 | 4541 | 34 | 76 |
| iv_003-iv_013 | 2188 | 4543 | 36 | 81 |
| iv_008-iv_012 | 2029 | 4578 | 37 | 81 |
| iv_003-iv_007 | 2056 | 4617 | 42 | 72 |
| iv_008-iv_013 | 2180 | 4630 | 34 | 79 |
| iv_012-iv_013 | 2047 | 4642 | 42 | 80 |
| iv_009-iv_010 | 2234 | 4649 | 47 | 73 |
| iv_002-iv_008 | 2080 | 4649 | 33 | 83 |

### Input Bit Output Co-occurrences Sorted by Output Co-occurrences

| Input Bits | Co-occurrences | Potential Occurrences | Output Co-occurrences | Potential Output Occurrences |
|:----------:|:--------------:|:---------------------:|:---------------------:|:----------------------------:|
| iv_002-iv_006 | 2030 | 4706 | 47 | 66 |
| iv_009-iv_010 | 2234 | 4649 | 47 | 73 |
| iv_001-iv_009 | 2166 | 4868 | 46 | 67 |
| iv_004-iv_012 | 1946 | 4866 | 46 | 72 |
| iv_002-iv_010 | 2043 | 4764 | 45 | 73 |
| iv_006-iv_007 | 2041 | 4675 | 45 | 71 |
| iv_009-iv_014 | 2273 | 4781 | 45 | 77 |
| iv_007-iv_012 | 2026 | 4494 | 45 | 77 |
| iv_002-iv_014 | 2129 | 4802 | 44 | 75 |
| iv_010-iv_014 | 2177 | 4828 | 44 | 78 |
| iv_006-iv_012 | 1931 | 4731 | 44 | 78 |
| iv_001-iv_010 | 2110 | 4835 | 44 | 70 |
| iv_009-iv_012 | 2053 | 4716 | 44 | 82 |
| iv_004-iv_013 | 2087 | 4938 | 43 | 70 |
| iv_008-iv_014 | 2196 | 4749 | 43 | 66 |

### Input Bit Output Co-occurrences Sorted by Potential Output Occurrences

| Input Bits | Co-occurrences | Potential Occurrences | Output Co-occurrences | Potential Output Occurrences |
|:----------:|:--------------:|:---------------------:|:---------------------:|:----------------------------:|
| iv_002-iv_006 | 2030 | 4706 | 47 | 66 |
| iv_008-iv_014 | 2196 | 4749 | 43 | 66 |
| iv_004-iv_005 | 2371 | 4443 | 42 | 67 |
| iv_001-iv_009 | 2166 | 4868 | 46 | 67 |
| iv_005-iv_015 | 2275 | 4796 | 40 | 68 |
| iv_004-iv_013 | 2087 | 4938 | 43 | 70 |
| iv_001-iv_010 | 2110 | 4835 | 44 | 70 |
| iv_001-iv_015 | 2178 | 4941 | 40 | 70 |
| iv_005-iv_013 | 2089 | 4985 | 40 | 71 |
| iv_006-iv_007 | 2041 | 4675 | 45 | 71 |
| iv_006-iv_015 | 2093 | 4944 | 42 | 71 |
| iv_003-iv_007 | 2056 | 4617 | 42 | 72 |
| iv_001-iv_003 | 2010 | 4923 | 39 | 72 |
| iv_003-iv_005 | 2127 | 4738 | 38 | 72 |
| iv_004-iv_012 | 1946 | 4866 | 46 | 72 |

## Output Bits

### Output Bits in Regular Order

| Rank | Output Bit | Complexity |
|:----:|:----------:|:----------:|
| 1 | ov_001 | 3.9411219349578407 × 10^354 |
| 2 | ov_002 | 3.4461450221647146 × 10^354 |
| 3 | ov_003 | 3.0008914350511444 × 10^354 |
| 4 | ov_004 | 2.6013044790371 × 10^354 |
| 5 | ov_005 | 2.243555420577427 × 10^354 |
| 6 | ov_006 | 1.9240275679308063 × 10^354 |
| 7 | ov_007 | 1.6393021824237995 × 10^354 |
| 8 | ov_008 | 1.3861460651465683 × 10^354 |
| 9 | ov_009 | 1.1615007088656273 × 10^354 |
| 10 | ov_010 | 9.638792717430796 × 10^353 |
| 11 | ov_011 | 7.918754055234835 × 10^353 |
| 12 | ov_012 | 6.441595894310666 × 10^353 |
| 13 | ov_013 | 5.1829152061171814 × 10^353 |
| 14 | ov_014 | 4.119712573975435 × 10^353 |
| 15 | ov_015 | 3.230354649600962 × 10^353 |
| 16 | ov_016 | 2.4945440731988376 × 10^353 |
| 17 | ov_017 | 1.8932957754262175 × 10^353 |
| 18 | ov_018 | 1.4089186683375647 × 10^353 |
| 19 | ov_019 | 1.0250018199422303 × 10^353 |
| 20 | ov_020 | 7.264042935410355 × 10^352 |
| 21 | ov_021 | 4.992479188379881 × 10^352 |
| 22 | ov_022 | 3.3091234716707306 × 10^352 |
| 23 | ov_023 | 2.1003182820617447 × 10^352 |
| 24 | ov_024 | 1.2649323039855712 × 10^352 |
| 25 | ov_025 | 7.143491205338657 × 10^351 |
| 26 | ov_026 | 3.7246134466070474 × 10^351 |
| 27 | ov_027 | 1.7566790419663925 × 10^351 |
| 28 | ov_028 | 7.287296237761936 × 10^350 |
| 29 | ov_029 | 2.548556727392983 × 10^350 |
| 30 | ov_030 | 7.000627057684849 × 10^349 |
| 31 | ov_031 | 1.366634167480577 × 10^349 |
| 32 | lv_80_m31 | 2.667618728506825 × 10^348 |
| 33 | ov_033 | 3.31874561298453 × 10^349 |
| 34 | ov_034 | 2.899809345833307 × 10^349 |
| 35 | ov_035 | 2.5243598941074448 × 10^349 |
| 36 | ov_036 | 2.188616213515142 × 10^349 |
| 37 | ov_037 | 1.8890295383680646 × 10^349 |
| 38 | ov_038 | 1.6222676651941187 × 10^349 |
| 39 | ov_039 | 1.3852006336946954 × 10^349 |
| 40 | ov_040 | 1.1748877291647663 × 10^349 |
| 41 | ov_041 | 9.885657337150404 × 10^348 |
| 42 | ov_042 | 8.236383563195335 × 10^348 |
| 43 | ov_043 | 6.788479334648482 × 10^348 |
| 44 | ov_044 | 5.530133056097288 × 10^348 |
| 45 | ov_045 | 4.450258634162625 × 10^348 |
| 46 | ov_046 | 3.5384606830115484 × 10^348 |
| 47 | ov_047 | 2.775903209157688 × 10^348 |
| 48 | ov_048 | 2.144995970982699 × 10^348 |
| 49 | ov_049 | 1.6293531094758685 × 10^348 |
| 50 | ov_050 | 1.2137584841287924 × 10^348 |
| 51 | ov_051 | 8.84137106364611 × 10^347 |
| 52 | ov_052 | 6.275320644575339 × 10^347 |
| 53 | ov_053 | 4.320863348780276 × 10^347 |
| 54 | ov_054 | 2.870288755691474 × 10^347 |
| 55 | ov_055 | 1.8266439696674042 × 10^347 |
| 56 | ov_056 | 1.103662067283564 × 10^347 |
| 57 | ov_057 | 6.2571524205396716 × 10^346 |
| 58 | ov_058 | 3.2778665764901333 × 10^346 |
| 59 | ov_059 | 1.5545531814519656 × 10^346 |
| 60 | ov_060 | 6.488903499958805 × 10^345 |
| 61 | ov_061 | 2.284173424783347 × 10^345 |
| 62 | ov_062 | 6.316033657695014 × 10^344 |
| 63 | ov_063 | 1.2417769436071223 × 10^344 |
| 64 | lv_79_m31 | 2.4411861719816338 × 10^343 |
| 65 | ov_065 | 3.3468368551814167 × 10^344 |
| 66 | ov_066 | 3.346735923498978 × 10^344 |
| 67 | ov_067 | 3.346703591840695 × 10^344 |
| 68 | ov_068 | 3.0100977535795394 × 10^344 |
| 69 | ov_069 | 2.6986480849277197 × 10^344 |
| 70 | ov_070 | 2.4109321049923587 × 10^344 |
| 71 | ov_071 | 2.1456296312190263 × 10^344 |
| 72 | ov_072 | 1.901511013752016 × 10^344 |
| 73 | ov_073 | 1.6774264233684122 × 10^344 |
| 74 | ov_074 | 1.472295861933423 × 10^344 |
| 75 | ov_075 | 1.2850997187455691 × 10^344 |
| 76 | ov_076 | 1.1148699560078015 × 10^344 |
| 77 | ov_077 | 9.606821149285535 × 10^343 |
| 78 | ov_078 | 8.216482070371445 × 10^343 |
| 79 | ov_079 | 6.969104354689556 × 10^343 |
| 80 | ov_080 | 5.856356921229182 × 10^343 |
| 81 | ov_081 | 4.870107774873234 × 10^343 |
| 82 | ov_082 | 4.002382906062893 × 10^343 |
| 83 | ov_083 | 3.24533137156118 × 10^343 |
| 84 | ov_084 | 2.5911960395514212 × 10^343 |
| 85 | ov_085 | 2.032289484739589 × 10^343 |
| 86 | ov_086 | 1.5609745207241483 × 10^343 |
| 87 | ov_087 | 1.169648857885017 × 10^343 |
| 88 | ov_088 | 8.507333756211681 × 10^342 |
| 89 | ov_089 | 5.96663498075883 × 10^342 |
| 90 | ov_090 | 3.998831626255635 × 10^342 |
| 91 | ov_091 | 2.528408704613794 × 10^342 |
| 92 | ov_092 | 1.47987312926862 × 10^342 |
| 93 | ov_093 | 7.777409268657339 × 10^341 |
| 94 | ov_094 | 3.4653124568697854 × 10^341 |
| 95 | aaa_78_28 | 1.1076405320622821 × 10^341 |
| 96 | aaa_78_29 | 4.1590969138102275 × 10^340 |
| 97 | ov_097 | 3.9971162780601394 × 10^340 |
| 98 | ov_098 | 3.997105175356243 × 10^340 |
| 99 | ov_099 | 3.997102486337134 × 10^340 |
| 100 | ov_100 | 3.493050703514614 × 10^340 |
| 101 | ov_101 | 3.0402275591140606 × 10^340 |
| 102 | ov_102 | 2.6344484362978288 × 10^340 |
| 103 | ov_103 | 2.27176477768639 × 10^340 |
| 104 | ov_104 | 1.948448194828536 × 10^340 |
| 105 | ov_105 | 1.6609764217861041 × 10^340 |
| 106 | ov_106 | 1.4060208912383992 × 10^340 |
| 107 | ov_107 | 1.1804357630230348 × 10^340 |
| 108 | ov_108 | 9.812482837353012 × 10^339 |
| 109 | ov_109 | 8.070142232402503 × 10^339 |
| 110 | ov_110 | 6.563697342763509 × 10^339 |
| 111 | ov_111 | 5.2802798613422905 × 10^339 |
| 112 | ov_112 | 4.196353634905668 × 10^339 |
| 113 | ov_113 | 3.289797561218605 × 10^339 |
| 114 | ov_114 | 2.5398697694492814 × 10^339 |
| 115 | ov_115 | 1.9271791356460755 × 10^339 |
| 116 | ov_116 | 1.4336632387167777 × 10^339 |
| 117 | ov_117 | 1.0425717350470412 × 10^339 |
| 118 | ov_118 | 7.384541588934407 × 10^338 |
| 119 | ov_119 | 5.0715125949233285 × 10^338 |
| 120 | ov_120 | 3.357890894743858 × 10^338 |
| 121 | ov_121 | 2.127751627366816 × 10^338 |
| 122 | ov_122 | 1.2779610344177094 × 10^338 |
| 123 | ov_123 | 7.18163113096061 × 10^337 |
| 124 | ov_124 | 3.707727142366617 × 10^337 |
| 125 | ov_125 | 1.7097236840756998 × 10^337 |
| 126 | ov_126 | 6.671103195640773 × 10^336 |
| 127 | aaa_77_28 | 1.8703682490426679 × 10^336 |
| 128 | aaa_77_29 | 5.693792682667401 × 10^335 |
| 129 | ov_129 | 3.4197016375361115 × 10^335 |
| 130 | ov_130 | 3.419690212084219 × 10^335 |
| 131 | ov_131 | 3.419687438344214 × 10^335 |
| 132 | ov_132 | 2.9884697808187026 × 10^335 |
| 133 | ov_133 | 2.603983028733873 × 10^335 |
| 134 | ov_134 | 2.2619658755594454 × 10^335 |
| 135 | ov_135 | 1.9584012188181346 × 10^335 |
| 136 | ov_136 | 1.6894993078646827 × 10^335 |
| 137 | ov_137 | 1.4516826945331416 × 10^335 |
| 138 | ov_138 | 1.2415728525915563 × 10^335 |
| 139 | ov_139 | 1.0559783536444121 × 10^335 |
| 140 | ov_140 | 8.918844932845568 × 10^334 |
| 141 | ov_141 | 7.464442672202357 × 10^334 |
| 142 | ov_142 | 6.182750516810655 × 10^334 |
| 143 | ov_143 | 5.0607239781974 × 10^334 |
| 144 | ov_144 | 4.086070115629057 × 10^334 |
| 145 | ov_145 | 3.247222547347076 × 10^334 |
| 146 | ov_146 | 2.5333212158134952 × 10^334 |
| 147 | ov_147 | 1.9341963185208045 × 10^334 |
| 148 | ov_148 | 1.4403557801764232 × 10^334 |
| 149 | ov_149 | 1.0429756938651858 × 10^334 |
| 150 | ov_150 | 7.338932104369661 × 10^333 |
| 151 | ov_151 | 4.987468398914989 × 10^333 |
| 152 | ov_152 | 3.244774290006964 × 10^333 |
| 153 | ov_153 | 1.993242915140457 × 10^333 |
| 154 | ov_154 | 1.1282283593193887 × 10^333 |
| 155 | ov_155 | 5.580321345396031 × 10^332 |
| 156 | aaa_76_25 | 2.038962997859058 × 10^332 |
| 157 | aaa_76_26 | 1.0654157769638559 × 10^332 |
| 158 | aaa_76_27 | 4.91361568817914 × 10^331 |
| 159 | aaa_76_28 | 1.9177354591191116 × 10^331 |
| 160 | aaa_76_29 | 5.848635937600988 × 10^330 |

### Output Bits Sorted by Complexity

| Rank | Output Bit | Complexity |
|:----:|:----------:|:----------:|
| 160 | aaa_76_29 | 5.848635937600988 × 10^330 |
| 159 | aaa_76_28 | 1.9177354591191116 × 10^331 |
| 158 | aaa_76_27 | 4.91361568817914 × 10^331 |
| 157 | aaa_76_26 | 1.0654157769638559 × 10^332 |
| 156 | aaa_76_25 | 2.038962997859058 × 10^332 |
| 155 | ov_155 | 5.580321345396031 × 10^332 |
| 154 | ov_154 | 1.1282283593193887 × 10^333 |
| 153 | ov_153 | 1.993242915140457 × 10^333 |
| 152 | ov_152 | 3.244774290006964 × 10^333 |
| 151 | ov_151 | 4.987468398914989 × 10^333 |
| 150 | ov_150 | 7.338932104369661 × 10^333 |
| 149 | ov_149 | 1.0429756938651858 × 10^334 |
| 148 | ov_148 | 1.4403557801764232 × 10^334 |
| 147 | ov_147 | 1.9341963185208045 × 10^334 |
| 146 | ov_146 | 2.5333212158134952 × 10^334 |
| 145 | ov_145 | 3.247222547347076 × 10^334 |
| 144 | ov_144 | 4.086070115629057 × 10^334 |
| 143 | ov_143 | 5.0607239781974 × 10^334 |
| 142 | ov_142 | 6.182750516810655 × 10^334 |
| 141 | ov_141 | 7.464442672202357 × 10^334 |
| 140 | ov_140 | 8.918844932845568 × 10^334 |
| 139 | ov_139 | 1.0559783536444121 × 10^335 |
| 138 | ov_138 | 1.2415728525915563 × 10^335 |
| 137 | ov_137 | 1.4516826945331416 × 10^335 |
| 136 | ov_136 | 1.6894993078646827 × 10^335 |
| 135 | ov_135 | 1.9584012188181346 × 10^335 |
| 134 | ov_134 | 2.2619658755594454 × 10^335 |
| 133 | ov_133 | 2.603983028733873 × 10^335 |
| 132 | ov_132 | 2.9884697808187026 × 10^335 |
| 131 | ov_131 | 3.419687438344214 × 10^335 |
| 130 | ov_130 | 3.419690212084219 × 10^335 |
| 129 | ov_129 | 3.4197016375361115 × 10^335 |
| 128 | aaa_77_29 | 5.693792682667401 × 10^335 |
| 127 | aaa_77_28 | 1.8703682490426679 × 10^336 |
| 126 | ov_126 | 6.671103195640773 × 10^336 |
| 125 | ov_125 | 1.7097236840756998 × 10^337 |
| 124 | ov_124 | 3.707727142366617 × 10^337 |
| 123 | ov_123 | 7.18163113096061 × 10^337 |
| 122 | ov_122 | 1.2779610344177094 × 10^338 |
| 121 | ov_121 | 2.127751627366816 × 10^338 |
| 120 | ov_120 | 3.357890894743858 × 10^338 |
| 119 | ov_119 | 5.0715125949233285 × 10^338 |
| 118 | ov_118 | 7.384541588934407 × 10^338 |
| 117 | ov_117 | 1.0425717350470412 × 10^339 |
| 116 | ov_116 | 1.4336632387167777 × 10^339 |
| 115 | ov_115 | 1.9271791356460755 × 10^339 |
| 114 | ov_114 | 2.5398697694492814 × 10^339 |
| 113 | ov_113 | 3.289797561218605 × 10^339 |
| 112 | ov_112 | 4.196353634905668 × 10^339 |
| 111 | ov_111 | 5.2802798613422905 × 10^339 |
| 110 | ov_110 | 6.563697342763509 × 10^339 |
| 109 | ov_109 | 8.070142232402503 × 10^339 |
| 108 | ov_108 | 9.812482837353012 × 10^339 |
| 107 | ov_107 | 1.1804357630230348 × 10^340 |
| 106 | ov_106 | 1.4060208912383992 × 10^340 |
| 105 | ov_105 | 1.6609764217861041 × 10^340 |
| 104 | ov_104 | 1.948448194828536 × 10^340 |
| 103 | ov_103 | 2.27176477768639 × 10^340 |
| 102 | ov_102 | 2.6344484362978288 × 10^340 |
| 101 | ov_101 | 3.0402275591140606 × 10^340 |
| 100 | ov_100 | 3.493050703514614 × 10^340 |
| 99 | ov_099 | 3.997102486337134 × 10^340 |
| 98 | ov_098 | 3.997105175356243 × 10^340 |
| 97 | ov_097 | 3.9971162780601394 × 10^340 |
| 96 | aaa_78_29 | 4.1590969138102275 × 10^340 |
| 95 | aaa_78_28 | 1.1076405320622821 × 10^341 |
| 94 | ov_094 | 3.4653124568697854 × 10^341 |
| 93 | ov_093 | 7.777409268657339 × 10^341 |
| 92 | ov_092 | 1.47987312926862 × 10^342 |
| 91 | ov_091 | 2.528408704613794 × 10^342 |
| 90 | ov_090 | 3.998831626255635 × 10^342 |
| 89 | ov_089 | 5.96663498075883 × 10^342 |
| 88 | ov_088 | 8.507333756211681 × 10^342 |
| 87 | ov_087 | 1.169648857885017 × 10^343 |
| 86 | ov_086 | 1.5609745207241483 × 10^343 |
| 85 | ov_085 | 2.032289484739589 × 10^343 |
| 64 | lv_79_m31 | 2.4411861719816338 × 10^343 |
| 84 | ov_084 | 2.5911960395514212 × 10^343 |
| 83 | ov_083 | 3.24533137156118 × 10^343 |
| 82 | ov_082 | 4.002382906062893 × 10^343 |
| 81 | ov_081 | 4.870107774873234 × 10^343 |
| 80 | ov_080 | 5.856356921229182 × 10^343 |
| 79 | ov_079 | 6.969104354689556 × 10^343 |
| 78 | ov_078 | 8.216482070371445 × 10^343 |
| 77 | ov_077 | 9.606821149285535 × 10^343 |
| 76 | ov_076 | 1.1148699560078015 × 10^344 |
| 63 | ov_063 | 1.2417769436071223 × 10^344 |
| 75 | ov_075 | 1.2850997187455691 × 10^344 |
| 74 | ov_074 | 1.472295861933423 × 10^344 |
| 73 | ov_073 | 1.6774264233684122 × 10^344 |
| 72 | ov_072 | 1.901511013752016 × 10^344 |
| 71 | ov_071 | 2.1456296312190263 × 10^344 |
| 70 | ov_070 | 2.4109321049923587 × 10^344 |
| 69 | ov_069 | 2.6986480849277197 × 10^344 |
| 68 | ov_068 | 3.0100977535795394 × 10^344 |
| 67 | ov_067 | 3.346703591840695 × 10^344 |
| 66 | ov_066 | 3.346735923498978 × 10^344 |
| 65 | ov_065 | 3.3468368551814167 × 10^344 |
| 62 | ov_062 | 6.316033657695014 × 10^344 |
| 61 | ov_061 | 2.284173424783347 × 10^345 |
| 60 | ov_060 | 6.488903499958805 × 10^345 |
| 59 | ov_059 | 1.5545531814519656 × 10^346 |
| 58 | ov_058 | 3.2778665764901333 × 10^346 |
| 57 | ov_057 | 6.2571524205396716 × 10^346 |
| 56 | ov_056 | 1.103662067283564 × 10^347 |
| 55 | ov_055 | 1.8266439696674042 × 10^347 |
| 54 | ov_054 | 2.870288755691474 × 10^347 |
| 53 | ov_053 | 4.320863348780276 × 10^347 |
| 52 | ov_052 | 6.275320644575339 × 10^347 |
| 51 | ov_051 | 8.84137106364611 × 10^347 |
| 50 | ov_050 | 1.2137584841287924 × 10^348 |
| 49 | ov_049 | 1.6293531094758685 × 10^348 |
| 48 | ov_048 | 2.144995970982699 × 10^348 |
| 32 | lv_80_m31 | 2.667618728506825 × 10^348 |
| 47 | ov_047 | 2.775903209157688 × 10^348 |
| 46 | ov_046 | 3.5384606830115484 × 10^348 |
| 45 | ov_045 | 4.450258634162625 × 10^348 |
| 44 | ov_044 | 5.530133056097288 × 10^348 |
| 43 | ov_043 | 6.788479334648482 × 10^348 |
| 42 | ov_042 | 8.236383563195335 × 10^348 |
| 41 | ov_041 | 9.885657337150404 × 10^348 |
| 40 | ov_040 | 1.1748877291647663 × 10^349 |
| 31 | ov_031 | 1.366634167480577 × 10^349 |
| 39 | ov_039 | 1.3852006336946954 × 10^349 |
| 38 | ov_038 | 1.6222676651941187 × 10^349 |
| 37 | ov_037 | 1.8890295383680646 × 10^349 |
| 36 | ov_036 | 2.188616213515142 × 10^349 |
| 35 | ov_035 | 2.5243598941074448 × 10^349 |
| 34 | ov_034 | 2.899809345833307 × 10^349 |
| 33 | ov_033 | 3.31874561298453 × 10^349 |
| 30 | ov_030 | 7.000627057684849 × 10^349 |
| 29 | ov_029 | 2.548556727392983 × 10^350 |
| 28 | ov_028 | 7.287296237761936 × 10^350 |
| 27 | ov_027 | 1.7566790419663925 × 10^351 |
| 26 | ov_026 | 3.7246134466070474 × 10^351 |
| 25 | ov_025 | 7.143491205338657 × 10^351 |
| 24 | ov_024 | 1.2649323039855712 × 10^352 |
| 23 | ov_023 | 2.1003182820617447 × 10^352 |
| 22 | ov_022 | 3.3091234716707306 × 10^352 |
| 21 | ov_021 | 4.992479188379881 × 10^352 |
| 20 | ov_020 | 7.264042935410355 × 10^352 |
| 19 | ov_019 | 1.0250018199422303 × 10^353 |
| 18 | ov_018 | 1.4089186683375647 × 10^353 |
| 17 | ov_017 | 1.8932957754262175 × 10^353 |
| 16 | ov_016 | 2.4945440731988376 × 10^353 |
| 15 | ov_015 | 3.230354649600962 × 10^353 |
| 14 | ov_014 | 4.119712573975435 × 10^353 |
| 13 | ov_013 | 5.1829152061171814 × 10^353 |
| 12 | ov_012 | 6.441595894310666 × 10^353 |
| 11 | ov_011 | 7.918754055234835 × 10^353 |
| 10 | ov_010 | 9.638792717430796 × 10^353 |
| 9 | ov_009 | 1.1615007088656273 × 10^354 |
| 8 | ov_008 | 1.3861460651465683 × 10^354 |
| 7 | ov_007 | 1.6393021824237995 × 10^354 |
| 6 | ov_006 | 1.9240275679308063 × 10^354 |
| 5 | ov_005 | 2.243555420577427 × 10^354 |
| 4 | ov_004 | 2.6013044790371 × 10^354 |
| 3 | ov_003 | 3.0008914350511444 × 10^354 |
| 2 | ov_002 | 3.4461450221647146 × 10^354 |
| 1 | ov_001 | 3.9411219349578407 × 10^354 |

