# Results for F015-F017-F018-F019-F020-F021-F022-F023-F024-F025-F026-F027-F028-F029-F030-F031-F032-F033-F034-F035-F036-F037-F038-F039-F040-F041-F042-F043-F044-F045-F046-F047-F048-F049-F050-F051-F052-F053-F054-F055-F056-F057-F058-F059-F060-F061-F062-F063-F064-F065-F066-F067-F068-F069-F070-F071-F072-F073-F074-F075-F076-F077-F078-F079-F080-F081-F082-F083-F084-F085-F086-F087-F088-F089-F090-F091-F092-F093-F094-F095-F096-F097-F098-F099-F100-F101-F102-F103-F104-F105-F106-F107-F108-F109-F110-F111-F112-F113-F114-F115-F116-F117-F118-F119-F120-F121-F122-F123-F124-F125-F126-F127-F128-F129-F130-F131-F132-F133-F134-F135-F136-F137-F138-F139-F140-F141-F142-F143-F144-F145-F146-F147-F148-F149-F150-F151-F152-F153-F154-F155-F156-F157-F158-F159-F160-F161-F162-F163-F164-F165-F166-F167-F168-F169-F170-F171-F172-F173-F174-F175-F176-F177-F178-F179-F180-F181-F182-F183-F184-F185-F186-F187-F188-F189-F190-F191-F192-F193-F194-F195-F196-F197-F198-F199-F200-F201-F202-F203-F204-F205-F206-F207-F208-F209-F210-F211-F212-F213-F214-F215-F216-F217-F218-F219-F220-F221-F222-F223-F224-F225-F226-F227-F228-F229-F230-F231-F232-F233-F234-F235-F236-F237-F238-F239-F240-F241-F242-F243-F244-F245-F246-F247-F248-F249-F250-F251-F252-F253-F254-F255-F256-F257-F258-F259-F260-F261-F262-F263-F264-F265-F266-F267-F268-F269-F270-F271-F272-F273-F274-F275-F276-F277-F278-F279-F280-F281-F282-F283-F284-F285-F286-F287-F288-F289-F290-F291-F292-F293-F294-F295-F296-F297-F298-F299-F300-F301-F302-F303-F304-F305-F306-F307-F308-F309-F310-F311-F312-F313-F314-F315-F316-F317-F318-F319-F320-F321-F322-F323-F324-F325-F326-F327-F328-F329-F330-F331-F332-F333-F334-F335-F336-F337-F338-F339-F340-F341-F342-F343-F344-F345-F346-F347-F348-F349-F350-F351-F352-F353-F354-F355-F356-F357-F358-F359-F360-F361-F362-F363-F364-F365-F366-F367-F368-F369-F370-F371-F372-F373-F374-F375-F376-F377-F378-F379-F380-F381-F382-F383-F384-F385-F386-F387-F388-F389-F390-F391-F392-F393-F394-F395-F396-F397-F398-F399-F400-F401-F402-F403-F404-F405-F406-F407-F408-F409-F410-F411-F412-F413-F414-F415-F416-F417-F418-F419-F420-F421-F422-F423-F424-F425-F426-F427-F428-F429-F430-F431-F432-F433-F434-F435-F436-F437-F438-F439-F440-F441-F442-F443-F444-F445-F446-F447-F448-F449-F450-F451-F452-F453-F454-F455-F456-F457-F458-F459-F460-F461-F462-F463-F464-F465-F466-F467-F468-F469-F470-F471-F472-F473-F474-F475-F476-F477-F478-F479-F480-F481-F482-F483-F484-F485-F486-F487-F488-F489-F490-F491-F492-F493-F494-F495-F496-F497-F498-F499-F500-F501-F502-F503-F504-F505-F506-F507-F508-F509-F510-F511-F512

## Summary

Number of input bits: 512  
Number of free input bits: 15  
Number of output bits: 160

Number of direct occurrences: 68148  
Number of assignments: 38970  
Number of operations: 19041485
(xor: 19004079,
and: 20852,
or: 16554)

Total complexity: 1.6515054094998163 × 10^355

Least occurring input variable: iv_007 (4357)  
Most occurring input variable: iv_012 (5022)

Most co-occurring input variables: iv_011-iv_012 (2572)  
Least co-occurring input variables: iv_003-iv_011 (1963)

Potentially most occurring input variable: iv_003/iv_012 (5232)  
Potentially least occurring input variable: iv_003/iv_013 (4365)

Least output occurring input variable: iv_011 (63)  
Most output occurring input variable: iv_013 (85)

Most output co-occurring input variables: iv_012-iv_013 (50)  
Least output co-occurring input variables: iv_005-iv_011 (20)

Potentially most output occurring input variable: iv_005/iv_011 (96)  
Potentially least output occurring input variable: iv_002/iv_006 (66)

Least complex input bit: iv_016 (2.316333789134286 × 10^351)  
Most complex input bit: iv_012 (3.4404819338529695 × 10^354)

Least complex output bit: aaa_76_29 (3.576862178535994 × 10^330)  
Most complex output bit: ov_001 (2.5164854787141065 × 10^354)

Least complex input/output complexity: iv_016/aaa_76_29 (5.016760269485701 × 10^326)  
Most complex input/output complexity: iv_012/ov_001 (5.2424429108841984 × 10^353)

## Input Bits

### Input Bits in Regular Order

| Input Bit | Complexity | Occurrences | Output Occurrences |
|:---------:|:----------:|:-----------:|:------------------:|
| iv_001 | 1.520915576182346 × 10^352 | 4571 | 75 |
| iv_002 | 6.562990693340822 × 10^352 | 4364 | 80 |
| iv_003 | 1.8819091134635182 × 10^353 | 4376 | 75 |
| iv_004 | 4.084067295639653 × 10^353 | 4541 | 77 |
| iv_005 | 6.536178856578004 × 10^353 | 4620 | 73 |
| iv_006 | 9.019428192377316 × 10^353 | 4402 | 80 |
| iv_007 | 1.166005943911476 × 10^354 | 4357 | 81 |
| iv_008 | 1.464428292432528 × 10^354 | 4525 | 81 |
| iv_009 | 1.8337639369272166 × 10^354 | 4457 | 77 |
| iv_010 | 2.2919140501340632 × 10^354 | 4481 | 83 |
| iv_011 | 2.8569164406292334 × 10^354 | 4649 | 63 |
| iv_012 | 3.4404819338529695 × 10^354 | 5022 | 84 |
| iv_013 | 6.041040406340849 × 10^353 | 4561 | 85 |
| iv_014 | 6.221257141863912 × 10^353 | 4712 | 80 |
| iv_016 | 2.316333789134286 × 10^351 | 4510 | 79 |

### Input Bits Sorted by Complexity

| Input Bit | Complexity | Occurrences | Output Occurrences |
|:---------:|:----------:|:-----------:|:------------------:|
| iv_016 | 2.316333789134286 × 10^351 | 4510 | 79 |
| iv_001 | 1.520915576182346 × 10^352 | 4571 | 75 |
| iv_002 | 6.562990693340822 × 10^352 | 4364 | 80 |
| iv_003 | 1.8819091134635182 × 10^353 | 4376 | 75 |
| iv_004 | 4.084067295639653 × 10^353 | 4541 | 77 |
| iv_013 | 6.041040406340849 × 10^353 | 4561 | 85 |
| iv_014 | 6.221257141863912 × 10^353 | 4712 | 80 |
| iv_005 | 6.536178856578004 × 10^353 | 4620 | 73 |
| iv_006 | 9.019428192377316 × 10^353 | 4402 | 80 |
| iv_007 | 1.166005943911476 × 10^354 | 4357 | 81 |
| iv_008 | 1.464428292432528 × 10^354 | 4525 | 81 |
| iv_009 | 1.8337639369272166 × 10^354 | 4457 | 77 |
| iv_010 | 2.2919140501340632 × 10^354 | 4481 | 83 |
| iv_011 | 2.8569164406292334 × 10^354 | 4649 | 63 |
| iv_012 | 3.4404819338529695 × 10^354 | 5022 | 84 |

### Input Bits Sorted by Occurrences

| Input Bit | Complexity | Occurrences | Output Occurrences |
|:---------:|:----------:|:-----------:|:------------------:|
| iv_007 | 1.166005943911476 × 10^354 | 4357 | 81 |
| iv_002 | 6.562990693340822 × 10^352 | 4364 | 80 |
| iv_003 | 1.8819091134635182 × 10^353 | 4376 | 75 |
| iv_006 | 9.019428192377316 × 10^353 | 4402 | 80 |
| iv_009 | 1.8337639369272166 × 10^354 | 4457 | 77 |
| iv_010 | 2.2919140501340632 × 10^354 | 4481 | 83 |
| iv_016 | 2.316333789134286 × 10^351 | 4510 | 79 |
| iv_008 | 1.464428292432528 × 10^354 | 4525 | 81 |
| iv_004 | 4.084067295639653 × 10^353 | 4541 | 77 |
| iv_013 | 6.041040406340849 × 10^353 | 4561 | 85 |
| iv_001 | 1.520915576182346 × 10^352 | 4571 | 75 |
| iv_005 | 6.536178856578004 × 10^353 | 4620 | 73 |
| iv_011 | 2.8569164406292334 × 10^354 | 4649 | 63 |
| iv_014 | 6.221257141863912 × 10^353 | 4712 | 80 |
| iv_012 | 3.4404819338529695 × 10^354 | 5022 | 84 |

### Input Bits Sorted by Output Occurrences

| Input Bit | Complexity | Occurrences | Output Occurrences |
|:---------:|:----------:|:-----------:|:------------------:|
| iv_011 | 2.8569164406292334 × 10^354 | 4649 | 63 |
| iv_005 | 6.536178856578004 × 10^353 | 4620 | 73 |
| iv_003 | 1.8819091134635182 × 10^353 | 4376 | 75 |
| iv_001 | 1.520915576182346 × 10^352 | 4571 | 75 |
| iv_004 | 4.084067295639653 × 10^353 | 4541 | 77 |
| iv_009 | 1.8337639369272166 × 10^354 | 4457 | 77 |
| iv_016 | 2.316333789134286 × 10^351 | 4510 | 79 |
| iv_002 | 6.562990693340822 × 10^352 | 4364 | 80 |
| iv_006 | 9.019428192377316 × 10^353 | 4402 | 80 |
| iv_014 | 6.221257141863912 × 10^353 | 4712 | 80 |
| iv_007 | 1.166005943911476 × 10^354 | 4357 | 81 |
| iv_008 | 1.464428292432528 × 10^354 | 4525 | 81 |
| iv_010 | 2.2919140501340632 × 10^354 | 4481 | 83 |
| iv_012 | 3.4404819338529695 × 10^354 | 5022 | 84 |
| iv_013 | 6.041040406340849 × 10^353 | 4561 | 85 |

## Input Bit Co-occurrences

### Input Bit Co-occurrences Sorted by Co-occurrences

| Input Bits | Co-occurrences | Potential Occurrences | Output Co-occurrences | Potential Output Occurrences |
|:----------:|:--------------:|:---------------------:|:---------------------:|:----------------------------:|
| iv_011-iv_012 | 2572 | 4527 | 32 | 83 |
| iv_001-iv_012 | 2358 | 4877 | 41 | 77 |
| iv_004-iv_005 | 2346 | 4469 | 35 | 80 |
| iv_012-iv_016 | 2326 | 4880 | 39 | 85 |
| iv_012-iv_014 | 2298 | 5138 | 41 | 82 |
| iv_005-iv_012 | 2291 | 5060 | 40 | 77 |
| iv_012-iv_013 | 2287 | 5009 | 50 | 69 |
| iv_003-iv_013 | 2286 | 4365 | 41 | 78 |
| iv_004-iv_009 | 2267 | 4464 | 42 | 70 |
| iv_013-iv_014 | 2258 | 4757 | 42 | 81 |
| iv_004-iv_014 | 2253 | 4747 | 42 | 73 |
| iv_008-iv_012 | 2244 | 5059 | 43 | 79 |
| iv_004-iv_012 | 2242 | 5079 | 42 | 77 |
| iv_010-iv_012 | 2241 | 5021 | 41 | 85 |
| iv_001-iv_006 | 2241 | 4491 | 39 | 77 |

### Input Bit Co-occurrences Sorted by Potential Occurrences

| Input Bits | Co-occurrences | Potential Occurrences | Output Co-occurrences | Potential Output Occurrences |
|:----------:|:--------------:|:---------------------:|:---------------------:|:----------------------------:|
| iv_003-iv_013 | 2286 | 4365 | 41 | 78 |
| iv_002-iv_007 | 2170 | 4381 | 42 | 77 |
| iv_004-iv_009 | 2267 | 4464 | 42 | 70 |
| iv_004-iv_005 | 2346 | 4469 | 35 | 80 |
| iv_001-iv_006 | 2241 | 4491 | 39 | 77 |
| iv_011-iv_012 | 2572 | 4527 | 32 | 83 |
| iv_003-iv_004 | 2188 | 4541 | 38 | 76 |
| iv_009-iv_010 | 2193 | 4552 | 46 | 68 |
| iv_003-iv_007 | 2057 | 4619 | 42 | 72 |
| iv_002-iv_009 | 2085 | 4651 | 38 | 81 |
| iv_002-iv_003 | 2040 | 4660 | 39 | 77 |
| iv_007-iv_010 | 2085 | 4668 | 41 | 82 |
| iv_006-iv_007 | 2042 | 4675 | 45 | 71 |
| iv_007-iv_013 | 2119 | 4680 | 45 | 76 |
| iv_006-iv_016 | 2113 | 4686 | 37 | 85 |

### Input Bit Output Co-occurrences Sorted by Output Co-occurrences

| Input Bits | Co-occurrences | Potential Occurrences | Output Co-occurrences | Potential Output Occurrences |
|:----------:|:--------------:|:---------------------:|:---------------------:|:----------------------------:|
| iv_012-iv_013 | 2287 | 5009 | 50 | 69 |
| iv_002-iv_006 | 2031 | 4704 | 47 | 66 |
| iv_002-iv_013 | 2119 | 4687 | 47 | 71 |
| iv_007-iv_014 | 2124 | 4821 | 47 | 67 |
| iv_002-iv_012 | 2163 | 5060 | 46 | 72 |
| iv_008-iv_010 | 2069 | 4868 | 46 | 72 |
| iv_009-iv_010 | 2193 | 4552 | 46 | 68 |
| iv_002-iv_010 | 2043 | 4759 | 45 | 73 |
| iv_006-iv_007 | 2042 | 4675 | 45 | 71 |
| iv_007-iv_012 | 2206 | 4967 | 45 | 75 |
| iv_007-iv_013 | 2119 | 4680 | 45 | 76 |
| iv_008-iv_013 | 2163 | 4760 | 44 | 78 |
| iv_010-iv_014 | 2154 | 4885 | 44 | 75 |
| iv_004-iv_010 | 2129 | 4764 | 44 | 72 |
| iv_013-iv_016 | 2035 | 5001 | 44 | 76 |

### Input Bit Output Co-occurrences Sorted by Potential Output Occurrences

| Input Bits | Co-occurrences | Potential Occurrences | Output Co-occurrences | Potential Output Occurrences |
|:----------:|:--------------:|:---------------------:|:---------------------:|:----------------------------:|
| iv_002-iv_006 | 2031 | 4704 | 47 | 66 |
| iv_007-iv_014 | 2124 | 4821 | 47 | 67 |
| iv_009-iv_010 | 2193 | 4552 | 46 | 68 |
| iv_004-iv_011 | 2066 | 5058 | 36 | 68 |
| iv_012-iv_013 | 2287 | 5009 | 50 | 69 |
| iv_004-iv_009 | 2267 | 4464 | 42 | 70 |
| iv_001-iv_010 | 2111 | 4830 | 44 | 70 |
| iv_002-iv_013 | 2119 | 4687 | 47 | 71 |
| iv_006-iv_007 | 2042 | 4675 | 45 | 71 |
| iv_002-iv_012 | 2163 | 5060 | 46 | 72 |
| iv_008-iv_010 | 2069 | 4868 | 46 | 72 |
| iv_004-iv_010 | 2129 | 4764 | 44 | 72 |
| iv_008-iv_009 | 2144 | 4694 | 43 | 72 |
| iv_003-iv_007 | 2057 | 4619 | 42 | 72 |
| iv_001-iv_003 | 2012 | 4923 | 39 | 72 |

## Output Bits

### Output Bits in Regular Order

| Rank | Output Bit | Complexity |
|:----:|:----------:|:----------:|
| 1 | ov_001 | 2.5164854787141065 × 10^354 |
| 2 | ov_002 | 2.2005423777627615 × 10^354 |
| 3 | ov_003 | 1.9162106269524122 × 10^354 |
| 4 | ov_004 | 1.660911348522498 × 10^354 |
| 5 | ov_005 | 1.4322097568100807 × 10^354 |
| 6 | ov_006 | 1.2278051320254888 × 10^354 |
| 7 | ov_007 | 1.0455219883467945 × 10^354 |
| 8 | ov_008 | 8.833023174104863 × 10^353 |
| 9 | ov_009 | 7.401455786710448 × 10^353 |
| 10 | ov_010 | 6.14209322443974 × 10^353 |
| 11 | ov_011 | 5.045978614417959 × 10^353 |
| 12 | ov_012 | 4.104642948744367 × 10^353 |
| 13 | ov_013 | 3.302538494537998 × 10^353 |
| 14 | ov_014 | 2.6250102604743488 × 10^353 |
| 15 | ov_015 | 2.0582725595984923 × 10^353 |
| 16 | ov_016 | 1.5893902313401795 × 10^353 |
| 17 | ov_017 | 1.2062638474814109 × 10^353 |
| 18 | ov_018 | 8.976182822665912 × 10^352 |
| 19 | ov_019 | 6.529940814757382 × 10^352 |
| 20 | ov_020 | 4.627411193011251 × 10^352 |
| 21 | ov_021 | 3.1801408544594835 × 10^352 |
| 22 | ov_022 | 2.107693981386118 × 10^352 |
| 23 | ov_023 | 1.3376319183663979 × 10^352 |
| 24 | ov_024 | 8.055008136000243 × 10^351 |
| 25 | ov_025 | 4.5482457098675034 × 10^351 |
| 26 | ov_026 | 2.371011860605935 × 10^351 |
| 27 | ov_027 | 1.1180105090741712 × 10^351 |
| 28 | ov_028 | 4.6366280190557185 × 10^350 |
| 29 | ov_029 | 1.6210492265282108 × 10^350 |
| 30 | ov_030 | 4.45132795262785 × 10^349 |
| 31 | ov_031 | 8.686207416489599 × 10^348 |
| 32 | lv_80_m31 | 1.6947839008625852 × 10^348 |
| 33 | ov_033 | 2.098314378975586 × 10^349 |
| 34 | ov_034 | 1.8308883888249964 × 10^349 |
| 35 | ov_035 | 1.591347539649009 × 10^349 |
| 36 | ov_036 | 1.3773312806160327 × 10^349 |
| 37 | ov_037 | 1.1866240998913033 × 10^349 |
| 38 | ov_038 | 1.0171457096037357 × 10^349 |
| 39 | ov_039 | 8.669421030104701 × 10^348 |
| 40 | ov_040 | 7.341774366402943 × 10^348 |
| 41 | ov_041 | 6.171266921697329 × 10^348 |
| 42 | ov_042 | 5.141690744294751 × 10^348 |
| 43 | ov_043 | 4.2378210329341475 × 10^348 |
| 44 | ov_044 | 3.452284210119041 × 10^348 |
| 45 | ov_045 | 2.7781596487758146 × 10^348 |
| 46 | ov_046 | 2.2089579391119052 × 10^348 |
| 47 | ov_047 | 1.7329206189995158 × 10^348 |
| 48 | ov_048 | 1.339066924991151 × 10^348 |
| 49 | ov_049 | 1.0171679536587563 × 10^348 |
| 50 | ov_050 | 7.577250114287929 × 10^347 |
| 51 | ov_051 | 5.519517733281454 × 10^347 |
| 52 | ov_052 | 3.91759872021383 × 10^347 |
| 53 | ov_053 | 2.6974753912005505 × 10^347 |
| 54 | ov_054 | 1.7919092109400706 × 10^347 |
| 55 | ov_055 | 1.1403769230295316 × 10^347 |
| 56 | ov_056 | 6.890258775975197 × 10^346 |
| 57 | ov_057 | 3.9064478279543965 × 10^346 |
| 58 | ov_058 | 2.0464613841644374 × 10^346 |
| 59 | ov_059 | 9.705679600233057 × 10^345 |
| 60 | ov_060 | 4.0513572148324523 × 10^345 |
| 61 | ov_061 | 1.4261569529741251 × 10^345 |
| 62 | ov_062 | 3.943587743596744 × 10^344 |
| 63 | ov_063 | 7.753535606656242 × 10^343 |
| 64 | lv_79_m31 | 1.5242841420976308 × 10^343 |
| 65 | ov_065 | 2.089843978928065 × 10^344 |
| 66 | ov_066 | 2.089781082374333 × 10^344 |
| 67 | ov_067 | 2.089760948246081 × 10^344 |
| 68 | ov_068 | 1.8796809806006658 × 10^344 |
| 69 | ov_069 | 1.6852748483619222 × 10^344 |
| 70 | ov_070 | 1.505660965230632 × 10^344 |
| 71 | ov_071 | 1.3400210620426335 × 10^344 |
| 72 | ov_072 | 1.187592647668008 × 10^344 |
| 73 | ov_073 | 1.0476621985294306 × 10^344 |
| 74 | ov_074 | 9.195589575554543 × 10^343 |
| 75 | ov_075 | 8.026491509098586 × 10^343 |
| 76 | ov_076 | 6.963305899623852 × 10^343 |
| 77 | ov_077 | 6.00027775776778 × 10^343 |
| 78 | ov_078 | 5.1318754567082476 × 10^343 |
| 79 | ov_079 | 4.352752280245603 × 10^343 |
| 80 | ov_080 | 3.657712722154364 × 10^343 |
| 81 | ov_081 | 3.041683211036284 × 10^343 |
| 82 | ov_082 | 2.4996869390309494 × 10^343 |
| 83 | ov_083 | 2.026822475784561 × 10^343 |
| 84 | ov_084 | 1.6182458512430757 × 10^343 |
| 85 | ov_085 | 1.2691557923228466 × 10^343 |
| 86 | ov_086 | 9.747817994864493 × 10^342 |
| 87 | ov_087 | 7.303747498552607 × 10^342 |
| 88 | ov_088 | 5.311997138436012 × 10^342 |
| 89 | ov_089 | 3.7253067248844206 × 10^342 |
| 90 | ov_090 | 2.4964682273236857 × 10^342 |
| 91 | ov_091 | 1.5783015795013173 × 10^342 |
| 92 | ov_092 | 9.236401366092556 × 10^341 |
| 93 | ov_093 | 4.853228391876511 × 10^341 |
| 94 | ov_094 | 2.161905412246368 × 10^341 |
| 95 | aaa_78_28 | 6.908459890845093 × 10^340 |
| 96 | aaa_78_29 | 2.592969894529429 × 10^340 |
| 97 | ov_097 | 2.477952413156382 × 10^340 |
| 98 | ov_098 | 2.4779456060514532 × 10^340 |
| 99 | ov_099 | 2.477943957093182 × 10^340 |
| 100 | ov_100 | 2.1625909333952323 × 10^340 |
| 101 | ov_101 | 1.8794417641417295 × 10^340 |
| 102 | ov_102 | 1.6259344263891144 × 10^340 |
| 103 | ov_103 | 1.3996514541779162 × 10^340 |
| 104 | ov_104 | 1.198310171638288 × 10^340 |
| 105 | ov_105 | 1.0197540573572209 × 10^340 |
| 106 | ov_106 | 8.619451220180624 × 10^339 |
| 107 | ov_107 | 7.229571968480797 × 10^339 |
| 108 | ov_108 | 6.0097004326781375 × 10^339 |
| 109 | ov_109 | 4.942642138250697 × 10^339 |
| 110 | ov_110 | 4.0200458526918035 × 10^339 |
| 111 | ov_111 | 3.234031784126942 × 10^339 |
| 112 | ov_112 | 2.5701874360475653 × 10^339 |
| 113 | ov_113 | 2.0149666434075597 × 10^339 |
| 114 | ov_114 | 1.5556676853344507 × 10^339 |
| 115 | ov_115 | 1.18041587960248 × 10^339 |
| 116 | ov_116 | 8.781501123228838 × 10^338 |
| 117 | ov_117 | 6.386126785298544 × 10^338 |
| 118 | ov_118 | 4.523418270519334 × 10^338 |
| 119 | ov_119 | 3.1066646647459356 × 10^338 |
| 120 | ov_120 | 2.0570255232008726 × 10^338 |
| 121 | ov_121 | 1.303507388381996 × 10^338 |
| 122 | ov_122 | 7.829494204196243 × 10^337 |
| 123 | ov_123 | 4.400152385005461 × 10^337 |
| 124 | ov_124 | 2.271887015598687 × 10^337 |
| 125 | ov_125 | 1.0477196778876614 × 10^337 |
| 126 | ov_126 | 4.088472788808476 × 10^336 |
| 127 | aaa_77_28 | 1.1463957689264996 × 10^336 |
| 128 | aaa_77_29 | 3.490375632347796 × 10^335 |
| 129 | ov_129 | 2.0948024992104555 × 10^335 |
| 130 | ov_130 | 2.094795510705577 × 10^335 |
| 131 | ov_131 | 2.0947938137947992 × 10^335 |
| 132 | ov_132 | 1.8309375665657121 × 10^335 |
| 133 | ov_133 | 1.595578193512987 × 10^335 |
| 134 | ov_134 | 1.386113566952079 × 10^335 |
| 135 | ov_135 | 1.2000905556073771 × 10^335 |
| 136 | ov_136 | 1.0351947284533356 × 10^335 |
| 137 | ov_137 | 8.892411824799222 × 10^334 |
| 138 | ov_138 | 7.601663955703222 × 10^334 |
| 139 | ov_139 | 6.460210272111225 × 10^334 |
| 140 | ov_140 | 5.4496360231579165 × 10^334 |
| 141 | ov_141 | 4.56099613405411 × 10^334 |
| 142 | ov_142 | 3.777875981732902 × 10^334 |
| 143 | ov_143 | 3.092306906562834 × 10^334 |
| 144 | ov_144 | 2.4967791649827626 × 10^334 |
| 145 | ov_145 | 1.984226715495956 × 10^334 |
| 146 | ov_146 | 1.5480148990545661 × 10^334 |
| 147 | ov_147 | 1.1819306555338813 × 10^334 |
| 148 | ov_148 | 8.801748962556172 × 10^333 |
| 149 | ov_149 | 6.37356684071852 × 10^333 |
| 150 | ov_150 | 4.484889039743047 × 10^333 |
| 151 | ov_151 | 3.0479724493686327 × 10^333 |
| 152 | ov_152 | 1.9830299714118755 × 10^333 |
| 153 | ov_153 | 1.2182069554556451 × 10^333 |
| 154 | ov_154 | 6.895667529463291 × 10^332 |
| 155 | ov_155 | 3.410824832307459 × 10^332 |
| 156 | aaa_76_25 | 1.2463284337009586 × 10^332 |
| 157 | aaa_76_26 | 6.513104646117838 × 10^331 |
| 158 | aaa_76_27 | 3.004173859694555 × 10^331 |
| 159 | aaa_76_28 | 1.1726633403848302 × 10^331 |
| 160 | aaa_76_29 | 3.576862178535994 × 10^330 |

### Output Bits Sorted by Complexity

| Rank | Output Bit | Complexity |
|:----:|:----------:|:----------:|
| 160 | aaa_76_29 | 3.576862178535994 × 10^330 |
| 159 | aaa_76_28 | 1.1726633403848302 × 10^331 |
| 158 | aaa_76_27 | 3.004173859694555 × 10^331 |
| 157 | aaa_76_26 | 6.513104646117838 × 10^331 |
| 156 | aaa_76_25 | 1.2463284337009586 × 10^332 |
| 155 | ov_155 | 3.410824832307459 × 10^332 |
| 154 | ov_154 | 6.895667529463291 × 10^332 |
| 153 | ov_153 | 1.2182069554556451 × 10^333 |
| 152 | ov_152 | 1.9830299714118755 × 10^333 |
| 151 | ov_151 | 3.0479724493686327 × 10^333 |
| 150 | ov_150 | 4.484889039743047 × 10^333 |
| 149 | ov_149 | 6.37356684071852 × 10^333 |
| 148 | ov_148 | 8.801748962556172 × 10^333 |
| 147 | ov_147 | 1.1819306555338813 × 10^334 |
| 146 | ov_146 | 1.5480148990545661 × 10^334 |
| 145 | ov_145 | 1.984226715495956 × 10^334 |
| 144 | ov_144 | 2.4967791649827626 × 10^334 |
| 143 | ov_143 | 3.092306906562834 × 10^334 |
| 142 | ov_142 | 3.777875981732902 × 10^334 |
| 141 | ov_141 | 4.56099613405411 × 10^334 |
| 140 | ov_140 | 5.4496360231579165 × 10^334 |
| 139 | ov_139 | 6.460210272111225 × 10^334 |
| 138 | ov_138 | 7.601663955703222 × 10^334 |
| 137 | ov_137 | 8.892411824799222 × 10^334 |
| 136 | ov_136 | 1.0351947284533356 × 10^335 |
| 135 | ov_135 | 1.2000905556073771 × 10^335 |
| 134 | ov_134 | 1.386113566952079 × 10^335 |
| 133 | ov_133 | 1.595578193512987 × 10^335 |
| 132 | ov_132 | 1.8309375665657121 × 10^335 |
| 131 | ov_131 | 2.0947938137947992 × 10^335 |
| 130 | ov_130 | 2.094795510705577 × 10^335 |
| 129 | ov_129 | 2.0948024992104555 × 10^335 |
| 128 | aaa_77_29 | 3.490375632347796 × 10^335 |
| 127 | aaa_77_28 | 1.1463957689264996 × 10^336 |
| 126 | ov_126 | 4.088472788808476 × 10^336 |
| 125 | ov_125 | 1.0477196778876614 × 10^337 |
| 124 | ov_124 | 2.271887015598687 × 10^337 |
| 123 | ov_123 | 4.400152385005461 × 10^337 |
| 122 | ov_122 | 7.829494204196243 × 10^337 |
| 121 | ov_121 | 1.303507388381996 × 10^338 |
| 120 | ov_120 | 2.0570255232008726 × 10^338 |
| 119 | ov_119 | 3.1066646647459356 × 10^338 |
| 118 | ov_118 | 4.523418270519334 × 10^338 |
| 117 | ov_117 | 6.386126785298544 × 10^338 |
| 116 | ov_116 | 8.781501123228838 × 10^338 |
| 115 | ov_115 | 1.18041587960248 × 10^339 |
| 114 | ov_114 | 1.5556676853344507 × 10^339 |
| 113 | ov_113 | 2.0149666434075597 × 10^339 |
| 112 | ov_112 | 2.5701874360475653 × 10^339 |
| 111 | ov_111 | 3.234031784126942 × 10^339 |
| 110 | ov_110 | 4.0200458526918035 × 10^339 |
| 109 | ov_109 | 4.942642138250697 × 10^339 |
| 108 | ov_108 | 6.0097004326781375 × 10^339 |
| 107 | ov_107 | 7.229571968480797 × 10^339 |
| 106 | ov_106 | 8.619451220180624 × 10^339 |
| 105 | ov_105 | 1.0197540573572209 × 10^340 |
| 104 | ov_104 | 1.198310171638288 × 10^340 |
| 103 | ov_103 | 1.3996514541779162 × 10^340 |
| 102 | ov_102 | 1.6259344263891144 × 10^340 |
| 101 | ov_101 | 1.8794417641417295 × 10^340 |
| 100 | ov_100 | 2.1625909333952323 × 10^340 |
| 99 | ov_099 | 2.477943957093182 × 10^340 |
| 98 | ov_098 | 2.4779456060514532 × 10^340 |
| 97 | ov_097 | 2.477952413156382 × 10^340 |
| 96 | aaa_78_29 | 2.592969894529429 × 10^340 |
| 95 | aaa_78_28 | 6.908459890845093 × 10^340 |
| 94 | ov_094 | 2.161905412246368 × 10^341 |
| 93 | ov_093 | 4.853228391876511 × 10^341 |
| 92 | ov_092 | 9.236401366092556 × 10^341 |
| 91 | ov_091 | 1.5783015795013173 × 10^342 |
| 90 | ov_090 | 2.4964682273236857 × 10^342 |
| 89 | ov_089 | 3.7253067248844206 × 10^342 |
| 88 | ov_088 | 5.311997138436012 × 10^342 |
| 87 | ov_087 | 7.303747498552607 × 10^342 |
| 86 | ov_086 | 9.747817994864493 × 10^342 |
| 85 | ov_085 | 1.2691557923228466 × 10^343 |
| 64 | lv_79_m31 | 1.5242841420976308 × 10^343 |
| 84 | ov_084 | 1.6182458512430757 × 10^343 |
| 83 | ov_083 | 2.026822475784561 × 10^343 |
| 82 | ov_082 | 2.4996869390309494 × 10^343 |
| 81 | ov_081 | 3.041683211036284 × 10^343 |
| 80 | ov_080 | 3.657712722154364 × 10^343 |
| 79 | ov_079 | 4.352752280245603 × 10^343 |
| 78 | ov_078 | 5.1318754567082476 × 10^343 |
| 77 | ov_077 | 6.00027775776778 × 10^343 |
| 76 | ov_076 | 6.963305899623852 × 10^343 |
| 63 | ov_063 | 7.753535606656242 × 10^343 |
| 75 | ov_075 | 8.026491509098586 × 10^343 |
| 74 | ov_074 | 9.195589575554543 × 10^343 |
| 73 | ov_073 | 1.0476621985294306 × 10^344 |
| 72 | ov_072 | 1.187592647668008 × 10^344 |
| 71 | ov_071 | 1.3400210620426335 × 10^344 |
| 70 | ov_070 | 1.505660965230632 × 10^344 |
| 69 | ov_069 | 1.6852748483619222 × 10^344 |
| 68 | ov_068 | 1.8796809806006658 × 10^344 |
| 67 | ov_067 | 2.089760948246081 × 10^344 |
| 66 | ov_066 | 2.089781082374333 × 10^344 |
| 65 | ov_065 | 2.089843978928065 × 10^344 |
| 62 | ov_062 | 3.943587743596744 × 10^344 |
| 61 | ov_061 | 1.4261569529741251 × 10^345 |
| 60 | ov_060 | 4.0513572148324523 × 10^345 |
| 59 | ov_059 | 9.705679600233057 × 10^345 |
| 58 | ov_058 | 2.0464613841644374 × 10^346 |
| 57 | ov_057 | 3.9064478279543965 × 10^346 |
| 56 | ov_056 | 6.890258775975197 × 10^346 |
| 55 | ov_055 | 1.1403769230295316 × 10^347 |
| 54 | ov_054 | 1.7919092109400706 × 10^347 |
| 53 | ov_053 | 2.6974753912005505 × 10^347 |
| 52 | ov_052 | 3.91759872021383 × 10^347 |
| 51 | ov_051 | 5.519517733281454 × 10^347 |
| 50 | ov_050 | 7.577250114287929 × 10^347 |
| 49 | ov_049 | 1.0171679536587563 × 10^348 |
| 48 | ov_048 | 1.339066924991151 × 10^348 |
| 32 | lv_80_m31 | 1.6947839008625852 × 10^348 |
| 47 | ov_047 | 1.7329206189995158 × 10^348 |
| 46 | ov_046 | 2.2089579391119052 × 10^348 |
| 45 | ov_045 | 2.7781596487758146 × 10^348 |
| 44 | ov_044 | 3.452284210119041 × 10^348 |
| 43 | ov_043 | 4.2378210329341475 × 10^348 |
| 42 | ov_042 | 5.141690744294751 × 10^348 |
| 41 | ov_041 | 6.171266921697329 × 10^348 |
| 40 | ov_040 | 7.341774366402943 × 10^348 |
| 39 | ov_039 | 8.669421030104701 × 10^348 |
| 31 | ov_031 | 8.686207416489599 × 10^348 |
| 38 | ov_038 | 1.0171457096037357 × 10^349 |
| 37 | ov_037 | 1.1866240998913033 × 10^349 |
| 36 | ov_036 | 1.3773312806160327 × 10^349 |
| 35 | ov_035 | 1.591347539649009 × 10^349 |
| 34 | ov_034 | 1.8308883888249964 × 10^349 |
| 33 | ov_033 | 2.098314378975586 × 10^349 |
| 30 | ov_030 | 4.45132795262785 × 10^349 |
| 29 | ov_029 | 1.6210492265282108 × 10^350 |
| 28 | ov_028 | 4.6366280190557185 × 10^350 |
| 27 | ov_027 | 1.1180105090741712 × 10^351 |
| 26 | ov_026 | 2.371011860605935 × 10^351 |
| 25 | ov_025 | 4.5482457098675034 × 10^351 |
| 24 | ov_024 | 8.055008136000243 × 10^351 |
| 23 | ov_023 | 1.3376319183663979 × 10^352 |
| 22 | ov_022 | 2.107693981386118 × 10^352 |
| 21 | ov_021 | 3.1801408544594835 × 10^352 |
| 20 | ov_020 | 4.627411193011251 × 10^352 |
| 19 | ov_019 | 6.529940814757382 × 10^352 |
| 18 | ov_018 | 8.976182822665912 × 10^352 |
| 17 | ov_017 | 1.2062638474814109 × 10^353 |
| 16 | ov_016 | 1.5893902313401795 × 10^353 |
| 15 | ov_015 | 2.0582725595984923 × 10^353 |
| 14 | ov_014 | 2.6250102604743488 × 10^353 |
| 13 | ov_013 | 3.302538494537998 × 10^353 |
| 12 | ov_012 | 4.104642948744367 × 10^353 |
| 11 | ov_011 | 5.045978614417959 × 10^353 |
| 10 | ov_010 | 6.14209322443974 × 10^353 |
| 9 | ov_009 | 7.401455786710448 × 10^353 |
| 8 | ov_008 | 8.833023174104863 × 10^353 |
| 7 | ov_007 | 1.0455219883467945 × 10^354 |
| 6 | ov_006 | 1.2278051320254888 × 10^354 |
| 5 | ov_005 | 1.4322097568100807 × 10^354 |
| 4 | ov_004 | 1.660911348522498 × 10^354 |
| 3 | ov_003 | 1.9162106269524122 × 10^354 |
| 2 | ov_002 | 2.2005423777627615 × 10^354 |
| 1 | ov_001 | 2.5164854787141065 × 10^354 |

