# Results for F001-F002-F003-F004-F005-F006-F007-F008-F009-F010-F011-F012-F013-F014-F015-F016-F017-F018-F019-F020-F021-F022-F023-F024-F025-F026-F027-F028-F029-F030-F031-F032-F033-F034-F035-F036-F037-F038-F039-F040-F041-F042-F043-F044-F045-F046-F047-F048-F049-F050-F051-F052-F053-F054-F055-F056-F057-F058-F059-F060-F061-F062-F063-F064-F065-F066-F067-F068-F069-F070-F071-F072-F073-F074-F075-F076-F077-F078-F079-F080-F081-F082-F083-F084-F085-F086-F087-F088-F089-F090-F091-F092-F093-F094-F095-F096-F097-F098-F099-F100-F101-F102-F103-F104-F105-F106-F107-F108-F109-F110-F111-F112-F113-F114-F115-F116-F117-F118-F119-F120-F121-F122-F123-F124-F125-F126-F127-F128-F129-F130-F131-F132-F133-F134-F135-F136-F137-F138-F139-F140-F141-F142-F143-F144-F145-F146-F147-F148-F149-F150-F151-F152-F153-F154-F155-F156-F157-F158-F159-F160-F161-F162-F163-F164-F165-F166-F167-F168-F169-F170-F171-F172-F173-F174-F175-F176-F177-F178-F179-F180-F181-F182-F183-F184-F185-F186-F187-F188-F189-F190-F191-F192-F193-F194-F195-F196-F197-F198-F199-F200-F201-F202-F203-F204-F205-F206-F207-F208-F209-F210-F211-F212-F213-F214-F215-F216-F217-F218-F219-F220-F221-F222-F223-F224-F225-F226-F227-F228-F229-F230-F231-F232-F233-F234-F235-F236-F237-F238-F239-F240-F241-F242-F243-F244-F245-F246-F247-F248-F249-F250-F251-F252-F253-F254-F255-F256-F257-F258-F259-F260-F261-F262-F263-F264-F265-F266-F267-F268-F269-F270-F271-F272-F273-F274-F275-F276-F277-F278-F279-F280-F281-F282-F283-F284-F285-F286-F287-F288-F289-F290-F291-F292-F293-F294-F295-F296-F297-F298-F299-F300-F301-F302-F303-F304-F305-F306-F307-F308-F309-F310-F311-F312-F313-F314-F315-F316-F317-F318-F319-F320-F321-F322-F323-F324-F325-F326-F327-F328-F329-F330-F331-F332-F333-F334-F335-F336-F337-F338-F339-F340-F341-F342-F343-F344-F345-F346-F347-F348-F349-F350-F351-F352-F353-F354-F355-F356-F357-F358-F359-F360-F361-F362-F363-F364-F365-F366-F367-F368-F369-F370-F371-F372-F373-F374-F375-F376-F377-F378-F379-F380-F381-F382-F383-F384-F385-F386-F387-F388-F389-F390-F391-F392-F393-F394-F395-F396-F397-F398-F399-F400-F401-F402-F403-F404-F405-F406-F407-F408-F409-F410-F411-F412-F413-F414-F415-F416-F417-F418-F419-F420-F421-F422-F423-F424-F425-F426-F427-F428-F429-F430-F431-F432-F433-F434-F435-F436-F437-F438-F439-F440-F441-F442-F443-F444-F445-F446-F447-F448-F449-F450-F451-F452-F453-F454-F455-F456-F457-F458-F459-F460-F461-F462-F463-F464-F465-F466-F467-F468-F469-F470-F471-F472-F473-F474-F475-F476-F477-F478-F479-F480-F481-F482-F483-F484-F485-F486-F487-F488-F489-F490-F491-F492-F493-F494-F495-F496-O497502

## Summary

Number of input bits: 512  
Number of free input bits: 15  
Number of output bits: 160

Number of direct occurrences: 61908  
Number of assignments: 32282  
Number of operations: 11492273
(xor: 11463565,
and: 14966,
or: 13742)

Total complexity: 7.459926469134139 × 10^303

Least occurring input variable: iv_505 (3966)  
Most occurring input variable: iv_512 (4429)

Most co-occurring input variables: iv_511-iv_512 (2151)  
Least co-occurring input variables: iv_498-iv_505 (1807)

Potentially most occurring input variable: iv_506/iv_512 (4521)  
Potentially least occurring input variable: iv_499/iv_508 (4130)

Least output occurring input variable: iv_508 (70)  
Most output occurring input variable: iv_498 (86)

Most output co-occurring input variables: iv_498-iv_499 (48)  
Least output co-occurring input variables: iv_497-iv_508 (28)

Potentially most output occurring input variable: iv_498/iv_505 (93)  
Potentially least output occurring input variable: iv_507/iv_509 (58)

Least complex input bit: iv_498 (1.0608745052255602 × 10^301)  
Most complex input bit: iv_510 (1.830482489475328 × 10^303)

Least complex output bit: aaa_76_29 (4.494448927765835 × 10^278)  
Most complex output bit: ov_001 (1.160648354780005 × 10^303)

Least complex input/output complexity: iv_498/aaa_76_29 (6.39154595187121 × 10^275)  
Most complex input/output complexity: iv_510/ov_001 (2.8479456180346703 × 10^302)

## Input Bits

### Input Bits in Regular Order

| Input Bit | Complexity | Occurrences | Output Occurrences |
|:---------:|:----------:|:-----------:|:------------------:|
| iv_497 | 9.392718903425745 × 10^301 | 4271 | 71 |
| iv_498 | 1.0608745052255602 × 10^301 | 4027 | 86 |
| iv_499 | 1.8888233922655213 × 10^301 | 4153 | 81 |
| iv_500 | 3.1992225442854254 × 10^301 | 4174 | 76 |
| iv_501 | 5.455197074557393 × 10^301 | 4086 | 81 |
| iv_503 | 1.3990087214297193 × 10^302 | 4081 | 76 |
| iv_504 | 2.155259896803016 × 10^302 | 3973 | 78 |
| iv_505 | 3.2569755730783816 × 10^302 | 3966 | 79 |
| iv_506 | 4.838891961282606 × 10^302 | 4006 | 82 |
| iv_507 | 7.080487142189654 × 10^302 | 4220 | 76 |
| iv_508 | 1.003345526624678 × 10^303 | 4043 | 70 |
| iv_509 | 1.375735911856811 × 10^303 | 4054 | 72 |
| iv_510 | 1.830482489475328 × 10^303 | 4170 | 79 |
| iv_511 | 5.4209188382188355 × 10^302 | 4255 | 78 |
| iv_512 | 6.252399636795215 × 10^302 | 4429 | 80 |

### Input Bits Sorted by Complexity

| Input Bit | Complexity | Occurrences | Output Occurrences |
|:---------:|:----------:|:-----------:|:------------------:|
| iv_498 | 1.0608745052255602 × 10^301 | 4027 | 86 |
| iv_499 | 1.8888233922655213 × 10^301 | 4153 | 81 |
| iv_500 | 3.1992225442854254 × 10^301 | 4174 | 76 |
| iv_501 | 5.455197074557393 × 10^301 | 4086 | 81 |
| iv_497 | 9.392718903425745 × 10^301 | 4271 | 71 |
| iv_503 | 1.3990087214297193 × 10^302 | 4081 | 76 |
| iv_504 | 2.155259896803016 × 10^302 | 3973 | 78 |
| iv_505 | 3.2569755730783816 × 10^302 | 3966 | 79 |
| iv_506 | 4.838891961282606 × 10^302 | 4006 | 82 |
| iv_511 | 5.4209188382188355 × 10^302 | 4255 | 78 |
| iv_512 | 6.252399636795215 × 10^302 | 4429 | 80 |
| iv_507 | 7.080487142189654 × 10^302 | 4220 | 76 |
| iv_508 | 1.003345526624678 × 10^303 | 4043 | 70 |
| iv_509 | 1.375735911856811 × 10^303 | 4054 | 72 |
| iv_510 | 1.830482489475328 × 10^303 | 4170 | 79 |

### Input Bits Sorted by Occurrences

| Input Bit | Complexity | Occurrences | Output Occurrences |
|:---------:|:----------:|:-----------:|:------------------:|
| iv_505 | 3.2569755730783816 × 10^302 | 3966 | 79 |
| iv_504 | 2.155259896803016 × 10^302 | 3973 | 78 |
| iv_506 | 4.838891961282606 × 10^302 | 4006 | 82 |
| iv_498 | 1.0608745052255602 × 10^301 | 4027 | 86 |
| iv_508 | 1.003345526624678 × 10^303 | 4043 | 70 |
| iv_509 | 1.375735911856811 × 10^303 | 4054 | 72 |
| iv_503 | 1.3990087214297193 × 10^302 | 4081 | 76 |
| iv_501 | 5.455197074557393 × 10^301 | 4086 | 81 |
| iv_499 | 1.8888233922655213 × 10^301 | 4153 | 81 |
| iv_510 | 1.830482489475328 × 10^303 | 4170 | 79 |
| iv_500 | 3.1992225442854254 × 10^301 | 4174 | 76 |
| iv_507 | 7.080487142189654 × 10^302 | 4220 | 76 |
| iv_511 | 5.4209188382188355 × 10^302 | 4255 | 78 |
| iv_497 | 9.392718903425745 × 10^301 | 4271 | 71 |
| iv_512 | 6.252399636795215 × 10^302 | 4429 | 80 |

### Input Bits Sorted by Output Occurrences

| Input Bit | Complexity | Occurrences | Output Occurrences |
|:---------:|:----------:|:-----------:|:------------------:|
| iv_508 | 1.003345526624678 × 10^303 | 4043 | 70 |
| iv_497 | 9.392718903425745 × 10^301 | 4271 | 71 |
| iv_509 | 1.375735911856811 × 10^303 | 4054 | 72 |
| iv_503 | 1.3990087214297193 × 10^302 | 4081 | 76 |
| iv_500 | 3.1992225442854254 × 10^301 | 4174 | 76 |
| iv_507 | 7.080487142189654 × 10^302 | 4220 | 76 |
| iv_504 | 2.155259896803016 × 10^302 | 3973 | 78 |
| iv_511 | 5.4209188382188355 × 10^302 | 4255 | 78 |
| iv_505 | 3.2569755730783816 × 10^302 | 3966 | 79 |
| iv_510 | 1.830482489475328 × 10^303 | 4170 | 79 |
| iv_512 | 6.252399636795215 × 10^302 | 4429 | 80 |
| iv_501 | 5.455197074557393 × 10^301 | 4086 | 81 |
| iv_499 | 1.8888233922655213 × 10^301 | 4153 | 81 |
| iv_506 | 4.838891961282606 × 10^302 | 4006 | 82 |
| iv_498 | 1.0608745052255602 × 10^301 | 4027 | 86 |

## Input Bit Co-occurrences

### Input Bit Co-occurrences Sorted by Co-occurrences

| Input Bits | Co-occurrences | Potential Occurrences | Output Co-occurrences | Potential Output Occurrences |
|:----------:|:--------------:|:---------------------:|:---------------------:|:----------------------------:|
| iv_511-iv_512 | 2151 | 4382 | 35 | 88 |
| iv_507-iv_512 | 2112 | 4425 | 35 | 86 |
| iv_510-iv_512 | 2110 | 4379 | 42 | 75 |
| iv_500-iv_511 | 2098 | 4233 | 37 | 80 |
| iv_497-iv_512 | 2091 | 4518 | 33 | 85 |
| iv_503-iv_512 | 2090 | 4330 | 39 | 78 |
| iv_500-iv_512 | 2086 | 4431 | 39 | 78 |
| iv_508-iv_512 | 2082 | 4308 | 37 | 76 |
| iv_501-iv_512 | 2060 | 4395 | 42 | 77 |
| iv_499-iv_512 | 2054 | 4474 | 44 | 73 |
| iv_497-iv_507 | 2052 | 4387 | 34 | 79 |
| iv_499-iv_510 | 2050 | 4223 | 40 | 80 |
| iv_501-iv_511 | 2048 | 4245 | 46 | 67 |
| iv_498-iv_512 | 2046 | 4364 | 46 | 74 |
| iv_499-iv_511 | 2043 | 4322 | 38 | 83 |

### Input Bit Co-occurrences Sorted by Potential Occurrences

| Input Bits | Co-occurrences | Potential Occurrences | Output Co-occurrences | Potential Output Occurrences |
|:----------:|:--------------:|:---------------------:|:---------------------:|:----------------------------:|
| iv_499-iv_508 | 2033 | 4130 | 38 | 75 |
| iv_503-iv_506 | 1954 | 4179 | 40 | 78 |
| iv_498-iv_508 | 1944 | 4182 | 38 | 80 |
| iv_506-iv_509 | 1936 | 4188 | 40 | 74 |
| iv_501-iv_505 | 1929 | 4194 | 45 | 70 |
| iv_506-iv_507 | 2015 | 4196 | 38 | 82 |
| iv_499-iv_506 | 1981 | 4197 | 44 | 75 |
| iv_504-iv_506 | 1891 | 4197 | 39 | 82 |
| iv_499-iv_509 | 2000 | 4207 | 40 | 73 |
| iv_504-iv_505 | 1866 | 4207 | 41 | 75 |
| iv_500-iv_503 | 2021 | 4213 | 39 | 74 |
| iv_499-iv_510 | 2050 | 4223 | 40 | 80 |
| iv_508-iv_509 | 1936 | 4225 | 31 | 80 |
| iv_507-iv_508 | 2019 | 4225 | 31 | 84 |
| iv_498-iv_506 | 1903 | 4227 | 42 | 84 |

### Input Bit Output Co-occurrences Sorted by Output Co-occurrences

| Input Bits | Co-occurrences | Potential Occurrences | Output Co-occurrences | Potential Output Occurrences |
|:----------:|:--------------:|:---------------------:|:---------------------:|:----------------------------:|
| iv_498-iv_499 | 1907 | 4366 | 48 | 71 |
| iv_501-iv_511 | 2048 | 4245 | 46 | 67 |
| iv_498-iv_501 | 1895 | 4323 | 46 | 75 |
| iv_498-iv_512 | 2046 | 4364 | 46 | 74 |
| iv_498-iv_507 | 1940 | 4367 | 46 | 70 |
| iv_501-iv_505 | 1929 | 4194 | 45 | 70 |
| iv_499-iv_507 | 1944 | 4485 | 45 | 67 |
| iv_507-iv_509 | 1989 | 4296 | 45 | 58 |
| iv_498-iv_510 | 1979 | 4239 | 45 | 75 |
| iv_501-iv_503 | 1944 | 4279 | 44 | 69 |
| iv_501-iv_504 | 1862 | 4335 | 44 | 71 |
| iv_499-iv_512 | 2054 | 4474 | 44 | 73 |
| iv_499-iv_506 | 1981 | 4197 | 44 | 75 |
| iv_506-iv_510 | 1968 | 4240 | 44 | 73 |
| iv_501-iv_506 | 1861 | 4370 | 43 | 77 |

### Input Bit Output Co-occurrences Sorted by Potential Output Occurrences

| Input Bits | Co-occurrences | Potential Occurrences | Output Co-occurrences | Potential Output Occurrences |
|:----------:|:--------------:|:---------------------:|:---------------------:|:----------------------------:|
| iv_507-iv_509 | 1989 | 4296 | 45 | 58 |
| iv_499-iv_507 | 1944 | 4485 | 45 | 67 |
| iv_501-iv_511 | 2048 | 4245 | 46 | 67 |
| iv_501-iv_503 | 1944 | 4279 | 44 | 69 |
| iv_497-iv_501 | 2024 | 4309 | 41 | 70 |
| iv_501-iv_505 | 1929 | 4194 | 45 | 70 |
| iv_503-iv_504 | 1880 | 4294 | 42 | 70 |
| iv_498-iv_507 | 1940 | 4367 | 46 | 70 |
| iv_501-iv_504 | 1862 | 4335 | 44 | 71 |
| iv_500-iv_505 | 1945 | 4250 | 42 | 71 |
| iv_498-iv_499 | 1907 | 4366 | 48 | 71 |
| iv_497-iv_504 | 1934 | 4376 | 38 | 73 |
| iv_499-iv_509 | 2000 | 4207 | 40 | 73 |
| iv_499-iv_512 | 2054 | 4474 | 44 | 73 |
| iv_506-iv_510 | 1968 | 4240 | 44 | 73 |

## Output Bits

### Output Bits in Regular Order

| Rank | Output Bit | Complexity |
|:----:|:----------:|:----------:|
| 1 | ov_001 | 1.160648354780005 × 10^303 |
| 2 | ov_002 | 1.0105669134855343 × 10^303 |
| 3 | ov_003 | 8.757868931566292 × 10^302 |
| 4 | ov_004 | 7.551608272352626 × 10^302 |
| 5 | ov_005 | 6.476043289253175 × 10^302 |
| 6 | ov_006 | 5.520916496020532 × 10^302 |
| 7 | ov_007 | 4.676518090927434 × 10^302 |
| 8 | ov_008 | 3.933652456197782 × 10^302 |
| 9 | ov_009 | 3.283609359996452 × 10^302 |
| 10 | ov_010 | 2.718139393901679 × 10^302 |
| 11 | ov_011 | 2.2294332049244728 × 10^302 |
| 12 | ov_012 | 1.8101041065911797 × 10^302 |
| 13 | ov_013 | 1.4531736785058274 × 10^302 |
| 14 | ov_014 | 1.1520599882766278 × 10^302 |
| 15 | ov_015 | 9.005680938254723 × 10^301 |
| 16 | ov_016 | 6.928825079834712 × 10^301 |
| 17 | ov_017 | 5.235613309770323 × 10^301 |
| 18 | ov_018 | 3.875317799814639 × 10^301 |
| 19 | ov_019 | 2.8008686840426254 × 10^301 |
| 20 | ov_020 | 1.9688301098899982 × 10^301 |
| 21 | ov_021 | 1.339383542249258 × 10^301 |
| 22 | ov_022 | 8.763165492148747 × 10^300 |
| 23 | ov_023 | 5.470155316986695 × 10^300 |
| 24 | ov_024 | 3.224611450266131 × 10^300 |
| 25 | ov_025 | 1.7722553653474706 × 10^300 |
| 26 | ov_026 | 8.94708311832311 × 10^299 |
| 27 | ov_027 | 4.094841836967075 × 10^299 |
| 28 | ov_028 | 1.6998670434883883 × 10^299 |
| 29 | ov_029 | 6.550851961765461 × 10^298 |
| 30 | ov_030 | 2.0028462626716513 × 10^298 |
| 31 | ov_031 | 3.9068601208113674 × 10^297 |
| 32 | lv_80_m31 | 7.619386468745958 × 10^296 |
| 33 | ov_033 | 9.214384452727408 × 10^297 |
| 34 | ov_034 | 8.011875914615122 × 10^297 |
| 35 | ov_035 | 6.932978654587044 × 10^297 |
| 36 | ov_036 | 5.9683786450162993 × 10^297 |
| 37 | ov_037 | 5.109273111852518 × 10^297 |
| 38 | ov_038 | 4.347334464938112 × 10^297 |
| 39 | ov_039 | 3.67467889530788 × 10^297 |
| 40 | ov_040 | 3.0838392124494275 × 10^297 |
| 41 | ov_041 | 2.567741516839441 × 10^297 |
| 42 | ov_042 | 2.1196853248901674 × 10^297 |
| 43 | ov_043 | 1.733326784803432 × 10^297 |
| 44 | ov_044 | 1.4026646427940358 × 10^297 |
| 45 | ov_045 | 1.1220286397641076 × 10^297 |
| 46 | ov_046 | 8.860700388359558 × 10^296 |
| 47 | ov_047 | 6.897540042299755 × 10^296 |
| 48 | ov_048 | 5.283535718455825 × 10^296 |
| 49 | ov_049 | 3.974449716024961 × 10^296 |
| 50 | ov_050 | 2.92904081162128 × 10^296 |
| 51 | ov_051 | 2.1090381010555027 × 10^296 |
| 52 | ov_052 | 1.4791223302148473 × 10^296 |
| 53 | ov_053 | 1.0069130927701476 × 10^296 |
| 54 | ov_054 | 6.629604652337729 × 10^295 |
| 55 | ov_055 | 4.207398424343007 × 10^295 |
| 56 | ov_056 | 2.5664892886657313 × 10^295 |
| 57 | ov_057 | 1.5000606291931234 × 10^295 |
| 58 | ov_058 | 8.304931893361492 × 10^294 |
| 59 | ov_059 | 4.0936063013036724 × 10^294 |
| 60 | ov_060 | 1.697476662041854 × 10^294 |
| 61 | ov_061 | 5.933428509606846 × 10^293 |
| 62 | ov_062 | 1.6287948519437713 × 10^293 |
| 63 | ov_063 | 3.1770402676915107 × 10^292 |
| 64 | lv_79_m31 | 6.195660331142764 × 10^291 |
| 65 | ov_065 | 7.471064628689433 × 10^292 |
| 66 | ov_066 | 7.471047668015531 × 10^292 |
| 67 | ov_067 | 7.471043684023853 × 10^292 |
| 68 | ov_068 | 6.493118338395483 × 10^292 |
| 69 | ov_069 | 5.615504894063973 × 10^292 |
| 70 | ov_070 | 4.830823961698628 × 10^292 |
| 71 | ov_071 | 4.1320475805878235 × 10^292 |
| 72 | ov_072 | 3.5124815472113376 × 10^292 |
| 73 | ov_073 | 2.965751475377982 × 10^292 |
| 74 | ov_074 | 2.4857914533531075 × 10^292 |
| 75 | ov_075 | 2.0668343405142802 × 10^292 |
| 76 | ov_076 | 1.7034031468485542 × 10^292 |
| 77 | ov_077 | 1.390303317336643 × 10^292 |
| 78 | ov_078 | 1.1226158679199521 × 10^292 |
| 79 | ov_079 | 8.956913208096469 × 10^291 |
| 80 | ov_080 | 7.051443877280584 × 10^291 |
| 81 | ov_081 | 5.4684935030877965 × 10^291 |
| 82 | ov_082 | 4.169360873566229 × 10^291 |
| 83 | ov_083 | 3.117866990128245 × 10^291 |
| 84 | ov_084 | 2.2803267811192172 × 10^291 |
| 85 | ov_085 | 1.6255257917884458 × 10^291 |
| 86 | ov_086 | 1.1247013561898242 × 10^291 |
| 87 | ov_087 | 7.515277571804458 × 10^290 |
| 88 | ov_088 | 4.821048810634708 × 10^290 |
| 89 | ov_089 | 2.9494987363532235 × 10^290 |
| 90 | ov_090 | 1.7099130450993131 × 10^290 |
| 91 | ov_091 | 9.35653466467824 × 10^289 |
| 92 | ov_092 | 4.841348214913669 × 10^289 |
| 93 | ov_093 | 2.368126969406536 × 10^289 |
| 94 | ov_094 | 9.91777196892124 × 10^288 |
| 95 | aaa_78_28 | 2.998354787888067 × 10^288 |
| 96 | aaa_78_29 | 8.90833832571417 × 10^287 |
| 97 | ov_097 | 5.011169148460735 × 10^287 |
| 98 | ov_098 | 5.0110871453961805 × 10^287 |
| 99 | ov_099 | 5.0110609201845 × 10^287 |
| 100 | ov_100 | 4.089802469260453 × 10^287 |
| 101 | ov_101 | 3.3285897201741462 × 10^287 |
| 102 | ov_102 | 2.7071306179709114 × 10^287 |
| 103 | ov_103 | 2.206260732169429 × 10^287 |
| 104 | ov_104 | 1.8078615641296354 × 10^287 |
| 105 | ov_105 | 1.4947891183055026 × 10^287 |
| 106 | ov_106 | 1.2508118225461287 × 10^287 |
| 107 | ov_107 | 1.0605569311802463 × 10^287 |
| 108 | ov_108 | 9.09464591278652 × 10^286 |
| 109 | ov_109 | 7.837487975715416 × 10^286 |
| 110 | ov_110 | 6.703645052962693 × 10^286 |
| 111 | ov_111 | 5.686207643162314 × 10^286 |
| 112 | ov_112 | 4.778449983629864 × 10^286 |
| 113 | ov_113 | 3.9737934949640255 × 10^286 |
| 114 | ov_114 | 3.265775458214989 × 10^286 |
| 115 | ov_115 | 2.648022521708956 × 10^286 |
| 116 | ov_116 | 2.1142286362095007 × 10^286 |
| 117 | ov_117 | 1.658137018096294 × 10^286 |
| 118 | ov_118 | 1.2735257408236407 × 10^286 |
| 119 | ov_119 | 9.541965552322746 × 10^285 |
| 120 | ov_120 | 6.939665394422994 × 10^285 |
| 121 | ov_121 | 4.866621791299917 × 10^285 |
| 122 | ov_122 | 3.2611547902781514 × 10^285 |
| 123 | ov_123 | 2.0616157733538303 × 10^285 |
| 124 | ov_124 | 1.2063725545858617 × 10^285 |
| 125 | ov_125 | 6.338001344741685 × 10^284 |
| 126 | ov_126 | 2.822759762391762 × 10^284 |
| 127 | aaa_77_28 | 9.017818933092672 × 10^283 |
| 128 | aaa_77_29 | 3.3827842173417807 × 10^283 |
| 129 | ov_129 | 3.173511116678449 × 10^283 |
| 130 | ov_130 | 3.173502350591967 × 10^283 |
| 131 | ov_131 | 3.173500227245132 × 10^283 |
| 132 | ov_132 | 2.762001570897982 × 10^283 |
| 133 | ov_133 | 2.391248679607914 × 10^283 |
| 134 | ov_134 | 2.0596092230007888 × 10^283 |
| 135 | ov_135 | 1.7640828110872274 × 10^283 |
| 136 | ov_136 | 1.501830694276039 × 10^283 |
| 137 | ov_137 | 1.27016502654153 × 10^283 |
| 138 | ov_138 | 1.0665395879524088 × 10^283 |
| 139 | ov_139 | 8.885418276020422 × 10^282 |
| 140 | ov_140 | 7.338860954173833 × 10^282 |
| 141 | ov_141 | 6.004079385493594 × 10^282 |
| 142 | ov_142 | 4.8605934510512376 × 10^282 |
| 143 | ov_143 | 3.889048249102758 × 10^282 |
| 144 | ov_144 | 3.0711822381870795 × 10^282 |
| 145 | ov_145 | 2.3898017484545052 × 10^282 |
| 146 | ov_146 | 1.828760961049282 × 10^282 |
| 147 | ov_147 | 1.3729465220999486 × 10^282 |
| 148 | ov_148 | 1.0082660243834886 × 10^282 |
| 149 | ov_149 | 7.21639656111836 × 10^281 |
| 150 | ov_150 | 5.009943825977147 × 10^281 |
| 151 | ov_151 | 3.352600928234813 × 10^281 |
| 152 | ov_152 | 2.143672091788551 × 10^281 |
| 153 | ov_153 | 1.2924532486093496 × 10^281 |
| 154 | ov_154 | 7.1822499648871595 × 10^280 |
| 155 | ov_155 | 3.5024920556893625 × 10^280 |
| 156 | aaa_76_25 | 1.2776743453262507 × 10^280 |
| 157 | aaa_76_26 | 7.385429579812547 × 10^279 |
| 158 | aaa_76_27 | 3.7847178490066625 × 10^279 |
| 159 | aaa_76_28 | 1.4756951927862903 × 10^279 |
| 160 | aaa_76_29 | 4.494448927765835 × 10^278 |

### Output Bits Sorted by Complexity

| Rank | Output Bit | Complexity |
|:----:|:----------:|:----------:|
| 160 | aaa_76_29 | 4.494448927765835 × 10^278 |
| 159 | aaa_76_28 | 1.4756951927862903 × 10^279 |
| 158 | aaa_76_27 | 3.7847178490066625 × 10^279 |
| 157 | aaa_76_26 | 7.385429579812547 × 10^279 |
| 156 | aaa_76_25 | 1.2776743453262507 × 10^280 |
| 155 | ov_155 | 3.5024920556893625 × 10^280 |
| 154 | ov_154 | 7.1822499648871595 × 10^280 |
| 153 | ov_153 | 1.2924532486093496 × 10^281 |
| 152 | ov_152 | 2.143672091788551 × 10^281 |
| 151 | ov_151 | 3.352600928234813 × 10^281 |
| 150 | ov_150 | 5.009943825977147 × 10^281 |
| 149 | ov_149 | 7.21639656111836 × 10^281 |
| 148 | ov_148 | 1.0082660243834886 × 10^282 |
| 147 | ov_147 | 1.3729465220999486 × 10^282 |
| 146 | ov_146 | 1.828760961049282 × 10^282 |
| 145 | ov_145 | 2.3898017484545052 × 10^282 |
| 144 | ov_144 | 3.0711822381870795 × 10^282 |
| 143 | ov_143 | 3.889048249102758 × 10^282 |
| 142 | ov_142 | 4.8605934510512376 × 10^282 |
| 141 | ov_141 | 6.004079385493594 × 10^282 |
| 140 | ov_140 | 7.338860954173833 × 10^282 |
| 139 | ov_139 | 8.885418276020422 × 10^282 |
| 138 | ov_138 | 1.0665395879524088 × 10^283 |
| 137 | ov_137 | 1.27016502654153 × 10^283 |
| 136 | ov_136 | 1.501830694276039 × 10^283 |
| 135 | ov_135 | 1.7640828110872274 × 10^283 |
| 134 | ov_134 | 2.0596092230007888 × 10^283 |
| 133 | ov_133 | 2.391248679607914 × 10^283 |
| 132 | ov_132 | 2.762001570897982 × 10^283 |
| 131 | ov_131 | 3.173500227245132 × 10^283 |
| 130 | ov_130 | 3.173502350591967 × 10^283 |
| 129 | ov_129 | 3.173511116678449 × 10^283 |
| 128 | aaa_77_29 | 3.3827842173417807 × 10^283 |
| 127 | aaa_77_28 | 9.017818933092672 × 10^283 |
| 126 | ov_126 | 2.822759762391762 × 10^284 |
| 125 | ov_125 | 6.338001344741685 × 10^284 |
| 124 | ov_124 | 1.2063725545858617 × 10^285 |
| 123 | ov_123 | 2.0616157733538303 × 10^285 |
| 122 | ov_122 | 3.2611547902781514 × 10^285 |
| 121 | ov_121 | 4.866621791299917 × 10^285 |
| 120 | ov_120 | 6.939665394422994 × 10^285 |
| 119 | ov_119 | 9.541965552322746 × 10^285 |
| 118 | ov_118 | 1.2735257408236407 × 10^286 |
| 117 | ov_117 | 1.658137018096294 × 10^286 |
| 116 | ov_116 | 2.1142286362095007 × 10^286 |
| 115 | ov_115 | 2.648022521708956 × 10^286 |
| 114 | ov_114 | 3.265775458214989 × 10^286 |
| 113 | ov_113 | 3.9737934949640255 × 10^286 |
| 112 | ov_112 | 4.778449983629864 × 10^286 |
| 111 | ov_111 | 5.686207643162314 × 10^286 |
| 110 | ov_110 | 6.703645052962693 × 10^286 |
| 109 | ov_109 | 7.837487975715416 × 10^286 |
| 108 | ov_108 | 9.09464591278652 × 10^286 |
| 107 | ov_107 | 1.0605569311802463 × 10^287 |
| 106 | ov_106 | 1.2508118225461287 × 10^287 |
| 105 | ov_105 | 1.4947891183055026 × 10^287 |
| 104 | ov_104 | 1.8078615641296354 × 10^287 |
| 103 | ov_103 | 2.206260732169429 × 10^287 |
| 102 | ov_102 | 2.7071306179709114 × 10^287 |
| 101 | ov_101 | 3.3285897201741462 × 10^287 |
| 100 | ov_100 | 4.089802469260453 × 10^287 |
| 99 | ov_099 | 5.0110609201845 × 10^287 |
| 98 | ov_098 | 5.0110871453961805 × 10^287 |
| 97 | ov_097 | 5.011169148460735 × 10^287 |
| 96 | aaa_78_29 | 8.90833832571417 × 10^287 |
| 95 | aaa_78_28 | 2.998354787888067 × 10^288 |
| 94 | ov_094 | 9.91777196892124 × 10^288 |
| 93 | ov_093 | 2.368126969406536 × 10^289 |
| 92 | ov_092 | 4.841348214913669 × 10^289 |
| 91 | ov_091 | 9.35653466467824 × 10^289 |
| 90 | ov_090 | 1.7099130450993131 × 10^290 |
| 89 | ov_089 | 2.9494987363532235 × 10^290 |
| 88 | ov_088 | 4.821048810634708 × 10^290 |
| 87 | ov_087 | 7.515277571804458 × 10^290 |
| 86 | ov_086 | 1.1247013561898242 × 10^291 |
| 85 | ov_085 | 1.6255257917884458 × 10^291 |
| 84 | ov_084 | 2.2803267811192172 × 10^291 |
| 83 | ov_083 | 3.117866990128245 × 10^291 |
| 82 | ov_082 | 4.169360873566229 × 10^291 |
| 81 | ov_081 | 5.4684935030877965 × 10^291 |
| 64 | lv_79_m31 | 6.195660331142764 × 10^291 |
| 80 | ov_080 | 7.051443877280584 × 10^291 |
| 79 | ov_079 | 8.956913208096469 × 10^291 |
| 78 | ov_078 | 1.1226158679199521 × 10^292 |
| 77 | ov_077 | 1.390303317336643 × 10^292 |
| 76 | ov_076 | 1.7034031468485542 × 10^292 |
| 75 | ov_075 | 2.0668343405142802 × 10^292 |
| 74 | ov_074 | 2.4857914533531075 × 10^292 |
| 73 | ov_073 | 2.965751475377982 × 10^292 |
| 63 | ov_063 | 3.1770402676915107 × 10^292 |
| 72 | ov_072 | 3.5124815472113376 × 10^292 |
| 71 | ov_071 | 4.1320475805878235 × 10^292 |
| 70 | ov_070 | 4.830823961698628 × 10^292 |
| 69 | ov_069 | 5.615504894063973 × 10^292 |
| 68 | ov_068 | 6.493118338395483 × 10^292 |
| 67 | ov_067 | 7.471043684023853 × 10^292 |
| 66 | ov_066 | 7.471047668015531 × 10^292 |
| 65 | ov_065 | 7.471064628689433 × 10^292 |
| 62 | ov_062 | 1.6287948519437713 × 10^293 |
| 61 | ov_061 | 5.933428509606846 × 10^293 |
| 60 | ov_060 | 1.697476662041854 × 10^294 |
| 59 | ov_059 | 4.0936063013036724 × 10^294 |
| 58 | ov_058 | 8.304931893361492 × 10^294 |
| 57 | ov_057 | 1.5000606291931234 × 10^295 |
| 56 | ov_056 | 2.5664892886657313 × 10^295 |
| 55 | ov_055 | 4.207398424343007 × 10^295 |
| 54 | ov_054 | 6.629604652337729 × 10^295 |
| 53 | ov_053 | 1.0069130927701476 × 10^296 |
| 52 | ov_052 | 1.4791223302148473 × 10^296 |
| 51 | ov_051 | 2.1090381010555027 × 10^296 |
| 50 | ov_050 | 2.92904081162128 × 10^296 |
| 49 | ov_049 | 3.974449716024961 × 10^296 |
| 48 | ov_048 | 5.283535718455825 × 10^296 |
| 47 | ov_047 | 6.897540042299755 × 10^296 |
| 32 | lv_80_m31 | 7.619386468745958 × 10^296 |
| 46 | ov_046 | 8.860700388359558 × 10^296 |
| 45 | ov_045 | 1.1220286397641076 × 10^297 |
| 44 | ov_044 | 1.4026646427940358 × 10^297 |
| 43 | ov_043 | 1.733326784803432 × 10^297 |
| 42 | ov_042 | 2.1196853248901674 × 10^297 |
| 41 | ov_041 | 2.567741516839441 × 10^297 |
| 40 | ov_040 | 3.0838392124494275 × 10^297 |
| 39 | ov_039 | 3.67467889530788 × 10^297 |
| 31 | ov_031 | 3.9068601208113674 × 10^297 |
| 38 | ov_038 | 4.347334464938112 × 10^297 |
| 37 | ov_037 | 5.109273111852518 × 10^297 |
| 36 | ov_036 | 5.9683786450162993 × 10^297 |
| 35 | ov_035 | 6.932978654587044 × 10^297 |
| 34 | ov_034 | 8.011875914615122 × 10^297 |
| 33 | ov_033 | 9.214384452727408 × 10^297 |
| 30 | ov_030 | 2.0028462626716513 × 10^298 |
| 29 | ov_029 | 6.550851961765461 × 10^298 |
| 28 | ov_028 | 1.6998670434883883 × 10^299 |
| 27 | ov_027 | 4.094841836967075 × 10^299 |
| 26 | ov_026 | 8.94708311832311 × 10^299 |
| 25 | ov_025 | 1.7722553653474706 × 10^300 |
| 24 | ov_024 | 3.224611450266131 × 10^300 |
| 23 | ov_023 | 5.470155316986695 × 10^300 |
| 22 | ov_022 | 8.763165492148747 × 10^300 |
| 21 | ov_021 | 1.339383542249258 × 10^301 |
| 20 | ov_020 | 1.9688301098899982 × 10^301 |
| 19 | ov_019 | 2.8008686840426254 × 10^301 |
| 18 | ov_018 | 3.875317799814639 × 10^301 |
| 17 | ov_017 | 5.235613309770323 × 10^301 |
| 16 | ov_016 | 6.928825079834712 × 10^301 |
| 15 | ov_015 | 9.005680938254723 × 10^301 |
| 14 | ov_014 | 1.1520599882766278 × 10^302 |
| 13 | ov_013 | 1.4531736785058274 × 10^302 |
| 12 | ov_012 | 1.8101041065911797 × 10^302 |
| 11 | ov_011 | 2.2294332049244728 × 10^302 |
| 10 | ov_010 | 2.718139393901679 × 10^302 |
| 9 | ov_009 | 3.283609359996452 × 10^302 |
| 8 | ov_008 | 3.933652456197782 × 10^302 |
| 7 | ov_007 | 4.676518090927434 × 10^302 |
| 6 | ov_006 | 5.520916496020532 × 10^302 |
| 5 | ov_005 | 6.476043289253175 × 10^302 |
| 4 | ov_004 | 7.551608272352626 × 10^302 |
| 3 | ov_003 | 8.757868931566292 × 10^302 |
| 2 | ov_002 | 1.0105669134855343 × 10^303 |
| 1 | ov_001 | 1.160648354780005 × 10^303 |

