# Results for F001-F002-F003-F004-F005-F006-F007-F008-F009-F010-F011-F012-F013-F014-F015-F016-F017-F018-F019-F020-F021-F022-F023-F024-F025-F026-F027-F028-F029-F030-F031-F032-F033-F034-F035-F036-F037-F038-F039-F040-F041-F042-F043-F044-F045-F046-F047-F048-F049-F050-F051-F052-F053-F054-F055-F056-F057-F058-F059-F060-F061-F062-F063-F064-F065-F066-F067-F068-F069-F070-F071-F072-F073-F074-F075-F076-F077-F078-F079-F080-F081-F082-F083-F084-F085-F086-F087-F088-F089-F090-F091-F092-F093-F094-F095-F096-F097-F098-F099-F100-F101-F102-F103-F104-F105-F106-F107-F108-F109-F110-F111-F112-F113-F114-F115-F116-F117-F118-F119-F120-F121-F122-F123-F124-F125-F126-F127-F128-F129-F130-F131-F132-F133-F134-F135-F136-F137-F138-F139-F140-F141-F142-F143-F144-F145-F146-F147-F148-F149-F150-F151-F152-F153-F154-F155-F156-F157-F158-F159-F160-F161-F162-F163-F164-F165-F166-F167-F168-F169-F170-F171-F172-F173-F174-F175-F176-F177-F178-F179-F180-F181-F182-F183-F184-F185-F186-F187-F188-F189-F190-F191-F192-F193-F194-F195-F196-F197-F198-F199-F200-F201-F202-F203-F204-F205-F206-F207-F208-F209-F210-F211-F212-F213-F214-F215-F216-F217-F218-F219-F220-F221-F222-F223-F224-F225-F226-F227-F228-F229-F230-F231-F232-F233-F234-F235-F236-F237-F238-F239-F240-F241-F242-F243-F244-F245-F246-F247-F248-F249-F250-F251-F252-F253-F254-F255-F256-F257-F258-F259-F260-F261-F262-F263-F264-F265-F266-F267-F268-F269-F270-F271-F272-F273-F274-F275-F276-F277-F278-F279-F280-F281-F282-F283-F284-F285-F286-F287-F288-F289-F290-F291-F292-F293-F294-F295-F296-F297-F298-F299-F300-F301-F302-F303-F304-F305-F306-F307-F308-F309-F310-F311-F312-F313-F314-F315-F316-F317-F318-F319-F320-F321-F322-F323-F324-F325-F326-F327-F328-F329-F330-F331-F332-F333-F334-F335-F336-F337-F338-F339-F340-F341-F342-F343-F344-F345-F346-F347-F348-F349-F350-F351-F352-F353-F354-F355-F356-F357-F358-F359-F360-F361-F362-F363-F364-F365-F366-F367-F368-F369-F370-F371-F372-F373-F374-F375-F376-F377-F378-F379-F380-F381-F382-F383-F384-F385-F386-F387-F388-F389-F390-F391-F392-F393-F394-F395-F396-F397-F398-F399-F400-F401-F402-F403-F404-F405-F406-F407-F408-F409-F410-F411-F412-F413-F414-F415-F416-F417-F418-F419-F420-F421-F422-F423-F424-F425-F426-F427-F428-F429-F430-F431-F432-F433-F434-F435-F436-F437-F438-F439-F440-F441-F442-F443-F444-F445-F446-F447-F448-F449-F450-F451-F452-F453-F454-F455-F456-F457-F458-F459-F460-F461-F462-F463-F464-F465-F466-F467-F468-F469-F470-F471-F472-F473-F474-F475-F476-F477-F478-F479-F480-F481-F482-F483-F484-F485-F486-F487-F488-F489-F490-F491-F492-F493-F494-F495-F496-F497

## Summary

Number of input bits: 512  
Number of free input bits: 15  
Number of output bits: 160

Number of direct occurrences: 61220  
Number of assignments: 32015  
Number of operations: 11353208
(xor: 11324430,
and: 15126,
or: 13652)

Total complexity: 3.969810837635519 × 10^302

Least occurring input variable: iv_502 (3906)  
Most occurring input variable: iv_512 (4396)

Most co-occurring input variables: iv_511-iv_512 (2167)  
Least co-occurring input variables: iv_498-iv_502 (1771)

Potentially most occurring input variable: iv_506/iv_512 (4503)  
Potentially least occurring input variable: iv_499/iv_508 (4129)

Least output occurring input variable: iv_508 (70)  
Most output occurring input variable: iv_498 (88)

Most output co-occurring input variables: iv_498-iv_510 (48)  
Least output co-occurring input variables: iv_502-iv_508 (30)

Potentially most output occurring input variable: iv_504/iv_510 (93)  
Potentially least output occurring input variable: iv_507/iv_509 (66)

Least complex input bit: iv_498 (3.619172985066554 × 10^299)  
Most complex input bit: iv_510 (9.815843464996753 × 10^301)

Least complex output bit: aaa_76_29 (6.5054447600403265 × 10^277)  
Most complex output bit: ov_001 (6.179696841104183 × 10^301)

Least complex input/output complexity: iv_498/aaa_76_29 (5.9308442881384475 × 10^274)  
Most complex input/output complexity: iv_510/ov_001 (1.5280057245635157 × 10^301)

## Input Bits

### Input Bits in Regular Order

| Input Bit | Complexity | Occurrences | Output Occurrences |
|:---------:|:----------:|:-----------:|:------------------:|
| iv_498 | 3.619172985066554 × 10^299 | 3981 | 88 |
| iv_499 | 7.480501259131229 × 10^299 | 4150 | 81 |
| iv_500 | 1.398643356105452 × 10^300 | 4141 | 76 |
| iv_501 | 2.570432996718196 × 10^300 | 4077 | 79 |
| iv_502 | 4.37955384535446 × 10^300 | 3906 | 82 |
| iv_503 | 7.134192572185858 × 10^300 | 4048 | 74 |
| iv_504 | 1.123771467710402 × 10^301 | 3956 | 78 |
| iv_505 | 1.7230978319564443 × 10^301 | 3942 | 79 |
| iv_506 | 2.581682023641425 × 10^301 | 3977 | 82 |
| iv_507 | 3.7924166767145784 × 10^301 | 4203 | 76 |
| iv_508 | 5.38177120227829 × 10^301 | 4021 | 70 |
| iv_509 | 7.380584408034046 × 10^301 | 4026 | 78 |
| iv_510 | 9.815843464996753 × 10^301 | 4154 | 79 |
| iv_511 | 2.8994097767642144 × 10^301 | 4242 | 80 |
| iv_512 | 3.3402525047806606 × 10^301 | 4396 | 80 |

### Input Bits Sorted by Complexity

| Input Bit | Complexity | Occurrences | Output Occurrences |
|:---------:|:----------:|:-----------:|:------------------:|
| iv_498 | 3.619172985066554 × 10^299 | 3981 | 88 |
| iv_499 | 7.480501259131229 × 10^299 | 4150 | 81 |
| iv_500 | 1.398643356105452 × 10^300 | 4141 | 76 |
| iv_501 | 2.570432996718196 × 10^300 | 4077 | 79 |
| iv_502 | 4.37955384535446 × 10^300 | 3906 | 82 |
| iv_503 | 7.134192572185858 × 10^300 | 4048 | 74 |
| iv_504 | 1.123771467710402 × 10^301 | 3956 | 78 |
| iv_505 | 1.7230978319564443 × 10^301 | 3942 | 79 |
| iv_506 | 2.581682023641425 × 10^301 | 3977 | 82 |
| iv_511 | 2.8994097767642144 × 10^301 | 4242 | 80 |
| iv_512 | 3.3402525047806606 × 10^301 | 4396 | 80 |
| iv_507 | 3.7924166767145784 × 10^301 | 4203 | 76 |
| iv_508 | 5.38177120227829 × 10^301 | 4021 | 70 |
| iv_509 | 7.380584408034046 × 10^301 | 4026 | 78 |
| iv_510 | 9.815843464996753 × 10^301 | 4154 | 79 |

### Input Bits Sorted by Occurrences

| Input Bit | Complexity | Occurrences | Output Occurrences |
|:---------:|:----------:|:-----------:|:------------------:|
| iv_502 | 4.37955384535446 × 10^300 | 3906 | 82 |
| iv_505 | 1.7230978319564443 × 10^301 | 3942 | 79 |
| iv_504 | 1.123771467710402 × 10^301 | 3956 | 78 |
| iv_506 | 2.581682023641425 × 10^301 | 3977 | 82 |
| iv_498 | 3.619172985066554 × 10^299 | 3981 | 88 |
| iv_508 | 5.38177120227829 × 10^301 | 4021 | 70 |
| iv_509 | 7.380584408034046 × 10^301 | 4026 | 78 |
| iv_503 | 7.134192572185858 × 10^300 | 4048 | 74 |
| iv_501 | 2.570432996718196 × 10^300 | 4077 | 79 |
| iv_500 | 1.398643356105452 × 10^300 | 4141 | 76 |
| iv_499 | 7.480501259131229 × 10^299 | 4150 | 81 |
| iv_510 | 9.815843464996753 × 10^301 | 4154 | 79 |
| iv_507 | 3.7924166767145784 × 10^301 | 4203 | 76 |
| iv_511 | 2.8994097767642144 × 10^301 | 4242 | 80 |
| iv_512 | 3.3402525047806606 × 10^301 | 4396 | 80 |

### Input Bits Sorted by Output Occurrences

| Input Bit | Complexity | Occurrences | Output Occurrences |
|:---------:|:----------:|:-----------:|:------------------:|
| iv_508 | 5.38177120227829 × 10^301 | 4021 | 70 |
| iv_503 | 7.134192572185858 × 10^300 | 4048 | 74 |
| iv_500 | 1.398643356105452 × 10^300 | 4141 | 76 |
| iv_507 | 3.7924166767145784 × 10^301 | 4203 | 76 |
| iv_504 | 1.123771467710402 × 10^301 | 3956 | 78 |
| iv_509 | 7.380584408034046 × 10^301 | 4026 | 78 |
| iv_501 | 2.570432996718196 × 10^300 | 4077 | 79 |
| iv_505 | 1.7230978319564443 × 10^301 | 3942 | 79 |
| iv_510 | 9.815843464996753 × 10^301 | 4154 | 79 |
| iv_511 | 2.8994097767642144 × 10^301 | 4242 | 80 |
| iv_512 | 3.3402525047806606 × 10^301 | 4396 | 80 |
| iv_499 | 7.480501259131229 × 10^299 | 4150 | 81 |
| iv_502 | 4.37955384535446 × 10^300 | 3906 | 82 |
| iv_506 | 2.581682023641425 × 10^301 | 3977 | 82 |
| iv_498 | 3.619172985066554 × 10^299 | 3981 | 88 |

## Input Bit Co-occurrences

### Input Bit Co-occurrences Sorted by Co-occurrences

| Input Bits | Co-occurrences | Potential Occurrences | Output Co-occurrences | Potential Output Occurrences |
|:----------:|:--------------:|:---------------------:|:---------------------:|:----------------------------:|
| iv_511-iv_512 | 2167 | 4304 | 43 | 74 |
| iv_507-iv_512 | 2122 | 4355 | 42 | 72 |
| iv_510-iv_512 | 2098 | 4354 | 42 | 75 |
| iv_500-iv_511 | 2089 | 4205 | 38 | 80 |
| iv_501-iv_512 | 2081 | 4311 | 37 | 85 |
| iv_500-iv_512 | 2073 | 4391 | 39 | 78 |
| iv_501-iv_511 | 2062 | 4195 | 41 | 77 |
| iv_503-iv_512 | 2053 | 4338 | 34 | 86 |
| iv_507-iv_510 | 2050 | 4257 | 41 | 73 |
| iv_499-iv_512 | 2043 | 4460 | 44 | 73 |
| iv_499-iv_510 | 2041 | 4222 | 43 | 74 |
| iv_508-iv_512 | 2040 | 4337 | 32 | 86 |
| iv_499-iv_511 | 2033 | 4326 | 37 | 87 |
| iv_507-iv_511 | 2026 | 4393 | 39 | 78 |
| iv_501-iv_510 | 2025 | 4181 | 42 | 74 |

### Input Bit Co-occurrences Sorted by Potential Occurrences

| Input Bits | Co-occurrences | Potential Occurrences | Output Co-occurrences | Potential Output Occurrences |
|:----------:|:--------------:|:---------------------:|:---------------------:|:----------------------------:|
| iv_499-iv_508 | 2021 | 4129 | 38 | 75 |
| iv_506-iv_509 | 1919 | 4165 | 43 | 74 |
| iv_504-iv_506 | 1883 | 4167 | 42 | 76 |
| iv_500-iv_503 | 2009 | 4171 | 38 | 74 |
| iv_506-iv_507 | 2002 | 4176 | 39 | 80 |
| iv_502-iv_505 | 1835 | 4178 | 36 | 89 |
| iv_506-iv_508 | 1909 | 4180 | 37 | 78 |
| iv_501-iv_510 | 2025 | 4181 | 42 | 74 |
| iv_508-iv_509 | 1932 | 4183 | 35 | 78 |
| iv_501-iv_505 | 1918 | 4183 | 36 | 86 |
| iv_503-iv_506 | 1920 | 4185 | 38 | 80 |
| iv_501-iv_508 | 1956 | 4186 | 34 | 81 |
| iv_504-iv_505 | 1856 | 4186 | 41 | 75 |
| iv_501-iv_511 | 2062 | 4195 | 41 | 77 |
| iv_498-iv_501 | 1931 | 4196 | 40 | 87 |

### Input Bit Output Co-occurrences Sorted by Output Co-occurrences

| Input Bits | Co-occurrences | Potential Occurrences | Output Co-occurrences | Potential Output Occurrences |
|:----------:|:--------------:|:---------------------:|:---------------------:|:----------------------------:|
| iv_498-iv_510 | 1950 | 4235 | 48 | 71 |
| iv_498-iv_512 | 2003 | 4371 | 47 | 74 |
| iv_498-iv_502 | 1771 | 4345 | 46 | 78 |
| iv_498-iv_504 | 1853 | 4231 | 46 | 74 |
| iv_499-iv_507 | 1938 | 4477 | 45 | 67 |
| iv_502-iv_511 | 1928 | 4292 | 45 | 72 |
| iv_499-iv_512 | 2043 | 4460 | 44 | 73 |
| iv_502-iv_506 | 1822 | 4239 | 44 | 76 |
| iv_506-iv_510 | 1956 | 4219 | 44 | 73 |
| iv_507-iv_509 | 1978 | 4273 | 44 | 66 |
| iv_498-iv_503 | 1899 | 4231 | 43 | 76 |
| iv_498-iv_507 | 1910 | 4364 | 43 | 78 |
| iv_498-iv_511 | 1905 | 4413 | 43 | 82 |
| iv_499-iv_510 | 2041 | 4222 | 43 | 74 |
| iv_511-iv_512 | 2167 | 4304 | 43 | 74 |

### Input Bit Output Co-occurrences Sorted by Potential Output Occurrences

| Input Bits | Co-occurrences | Potential Occurrences | Output Co-occurrences | Potential Output Occurrences |
|:----------:|:--------------:|:---------------------:|:---------------------:|:----------------------------:|
| iv_507-iv_509 | 1978 | 4273 | 44 | 66 |
| iv_499-iv_507 | 1938 | 4477 | 45 | 67 |
| iv_503-iv_504 | 1867 | 4270 | 41 | 70 |
| iv_498-iv_510 | 1950 | 4235 | 48 | 71 |
| iv_500-iv_505 | 1935 | 4213 | 42 | 71 |
| iv_502-iv_511 | 1928 | 4292 | 45 | 72 |
| iv_507-iv_512 | 2122 | 4355 | 42 | 72 |
| iv_503-iv_505 | 1883 | 4224 | 40 | 73 |
| iv_499-iv_512 | 2043 | 4460 | 44 | 73 |
| iv_500-iv_501 | 1971 | 4276 | 41 | 73 |
| iv_506-iv_510 | 1956 | 4219 | 44 | 73 |
| iv_507-iv_510 | 2050 | 4257 | 41 | 73 |
| iv_504-iv_508 | 1876 | 4225 | 37 | 74 |
| iv_498-iv_504 | 1853 | 4231 | 46 | 74 |
| iv_498-iv_512 | 2003 | 4371 | 47 | 74 |

## Output Bits

### Output Bits in Regular Order

| Rank | Output Bit | Complexity |
|:----:|:----------:|:----------:|
| 1 | ov_001 | 6.179696841104183 × 10^301 |
| 2 | ov_002 | 5.380393432169157 × 10^301 |
| 3 | ov_003 | 4.6625712816086286 × 10^301 |
| 4 | ov_004 | 4.02012561534366 × 10^301 |
| 5 | ov_005 | 3.447286548649905 × 10^301 |
| 6 | ov_006 | 2.9385954736211563 × 10^301 |
| 7 | ov_007 | 2.488884504276986 × 10^301 |
| 8 | ov_008 | 2.0932586991962517 × 10^301 |
| 9 | ov_009 | 1.747080796582747 × 10^301 |
| 10 | ov_010 | 1.4459582111455172 × 10^301 |
| 11 | ov_011 | 1.1857320562010022 × 10^301 |
| 12 | ov_012 | 9.624679680618057 × 10^300 |
| 13 | ov_013 | 7.724485231406937 × 10^300 |
| 14 | ov_014 | 6.121670513309385 × 10^300 |
| 15 | ov_015 | 4.783226621783032 × 10^300 |
| 16 | ov_016 | 3.678163131798651 × 10^300 |
| 17 | ov_017 | 2.777477622664715 × 10^300 |
| 18 | ov_018 | 2.054132591776632 × 10^300 |
| 19 | ov_019 | 1.483038430426905 × 10^300 |
| 20 | ov_020 | 1.0410412605541697 × 10^300 |
| 21 | ov_021 | 7.069145568625001 × 10^299 |
| 22 | ov_022 | 4.61353604186055 × 10^299 |
| 23 | ov_023 | 2.8697196535662116 × 10^299 |
| 24 | ov_024 | 1.6829928822685168 × 10^299 |
| 25 | ov_025 | 9.17799821388367 × 10^298 |
| 26 | ov_026 | 4.577247225948183 × 10^298 |
| 27 | ov_027 | 2.0548831091378375 × 10^298 |
| 28 | ov_028 | 8.294628005157319 × 10^297 |
| 29 | ov_029 | 3.10888077774782 × 10^297 |
| 30 | ov_030 | 9.398862589344805 × 10^296 |
| 31 | ov_031 | 2.0807282635888294 × 10^296 |
| 32 | lv_80_m31 | 4.057460013609525 × 10^295 |
| 33 | ov_033 | 4.893573882279138 × 10^296 |
| 34 | ov_034 | 4.252001564074817 × 10^296 |
| 35 | ov_035 | 3.676607894338941 × 10^296 |
| 36 | ov_036 | 3.162399131484437 × 10^296 |
| 37 | ov_037 | 2.7046548734512423 × 10^296 |
| 38 | ov_038 | 2.298908872061793 × 10^296 |
| 39 | ov_039 | 1.940932344833537 × 10^296 |
| 40 | ov_040 | 1.6267195487975167 × 10^296 |
| 41 | ov_041 | 1.352475395228401 × 10^296 |
| 42 | ov_042 | 1.1146048978032356 × 10^296 |
| 43 | ov_043 | 9.097042596625544 × 10^295 |
| 44 | ov_044 | 7.345534172314172 × 10^295 |
| 45 | ov_045 | 5.86109870546647 × 10^295 |
| 46 | ov_046 | 4.61503641301509 × 10^295 |
| 47 | ov_047 | 3.580332109260963 × 10^295 |
| 48 | ov_048 | 2.731623018307762 × 10^295 |
| 49 | ov_049 | 2.0451737550559349 × 10^295 |
| 50 | ov_050 | 1.4988573153919555 × 10^295 |
| 51 | ov_051 | 1.0721410183963793 × 10^295 |
| 52 | ov_052 | 7.460764444368918 × 10^294 |
| 53 | ov_053 | 5.0329251322636976 × 10^294 |
| 54 | ov_054 | 3.2799094557102626 × 10^294 |
| 55 | ov_055 | 2.0594345181388838 × 10^294 |
| 56 | ov_056 | 1.2449008904405961 × 10^294 |
| 57 | ov_057 | 7.253834441813678 × 10^293 |
| 58 | ov_058 | 4.0562643633061084 × 10^293 |
| 59 | ov_059 | 2.060410633120256 × 10^293 |
| 60 | ov_060 | 9.074946573097611 × 10^292 |
| 61 | ov_061 | 3.170657225276166 × 10^292 |
| 62 | ov_062 | 8.700013780373009 × 10^291 |
| 63 | ov_063 | 1.696217728677696 × 10^291 |
| 64 | lv_79_m31 | 3.30642265517859 × 10^290 |
| 65 | ov_065 | 3.992378684789433 × 10^291 |
| 66 | ov_066 | 3.992367023029369 × 10^291 |
| 67 | ov_067 | 3.992364169107721 × 10^291 |
| 68 | ov_068 | 3.4653059232235936 × 10^291 |
| 69 | ov_069 | 2.99371176507921 × 10^291 |
| 70 | ov_070 | 2.5731635691836243 × 10^291 |
| 71 | ov_071 | 2.1995149036585055 × 10^291 |
| 72 | ov_072 | 1.868872637764441 × 10^291 |
| 73 | ov_073 | 1.5775801788485356 × 10^291 |
| 74 | ov_074 | 1.3222022516546491 × 10^291 |
| 75 | ov_075 | 1.0995111364021959 × 10^291 |
| 76 | ov_076 | 9.064742849115261 × 10^290 |
| 77 | ov_077 | 7.402432364056408 × 10^290 |
| 78 | ov_078 | 5.9814375651671855 × 10^290 |
| 79 | ov_079 | 4.7766712453427755 × 10^290 |
| 80 | ov_080 | 3.7646249510779095 × 10^290 |
| 81 | ov_081 | 2.9233026151353987 × 10^290 |
| 82 | ov_082 | 2.2321634826220663 × 10^290 |
| 83 | ov_083 | 1.6720736130427772 × 10^290 |
| 84 | ov_084 | 1.2252652442428877 × 10^290 |
| 85 | ov_085 | 8.753033063721401 × 10^289 |
| 86 | ov_086 | 6.070583754121321 × 10^289 |
| 87 | ov_087 | 4.066853566603107 × 10^289 |
| 88 | ov_088 | 2.616071890568018 × 10^289 |
| 89 | ov_089 | 1.6050286151684696 × 10^289 |
| 90 | ov_090 | 9.329903257925639 × 10^288 |
| 91 | ov_091 | 5.1164544754762084 × 10^288 |
| 92 | ov_092 | 2.6507130925446267 × 10^288 |
| 93 | ov_093 | 1.2971645150522993 × 10^288 |
| 94 | ov_094 | 5.4392409504323914 × 10^287 |
| 95 | aaa_78_28 | 1.6595103513662277 × 10^287 |
| 96 | aaa_78_29 | 5.93070581652331 × 10^286 |
| 97 | ov_097 | 3.9147424942359356 × 10^286 |
| 98 | ov_098 | 3.914624827537609 × 10^286 |
| 99 | ov_099 | 3.9145872009654716 × 10^286 |
| 100 | ov_100 | 3.521963068414699 × 10^286 |
| 101 | ov_101 | 3.1584573189481393 × 10^286 |
| 102 | ov_102 | 2.8224540684201576 × 10^286 |
| 103 | ov_103 | 2.512454557660563 × 10^286 |
| 104 | ov_104 | 2.2270623925457956 × 10^286 |
| 105 | ov_105 | 1.9649701019139365 × 10^286 |
| 106 | ov_106 | 1.7249469433131765 × 10^286 |
| 107 | ov_107 | 1.5058278893455013 × 10^286 |
| 108 | ov_108 | 1.3065037296505128 × 10^286 |
| 109 | ov_109 | 1.1259122254317865 × 10^286 |
| 110 | ov_110 | 9.630302549174659 × 10^285 |
| 111 | ov_111 | 8.168668893184824 × 10^285 |
| 112 | ov_112 | 6.864573397500512 × 10^285 |
| 113 | ov_113 | 5.708577162594269 × 10^285 |
| 114 | ov_114 | 4.69140540595809 × 10^285 |
| 115 | ov_115 | 3.8039095470356036 × 10^285 |
| 116 | ov_116 | 3.037035671503703 × 10^285 |
| 117 | ov_117 | 2.3817987984678696 × 10^285 |
| 118 | ov_118 | 1.8292623749782256 × 10^285 |
| 119 | ov_119 | 1.3705224227237765 × 10^285 |
| 120 | ov_120 | 9.966957619860334 × 10^284 |
| 121 | ov_121 | 6.989117380415998 × 10^284 |
| 122 | ov_122 | 4.683068752563945 × 10^284 |
| 123 | ov_123 | 2.9602169778406504 × 10^284 |
| 124 | ov_124 | 1.7319884127545247 × 10^284 |
| 125 | ov_125 | 9.098191480389443 × 10^283 |
| 126 | ov_126 | 4.051488381613347 × 10^283 |
| 127 | aaa_77_28 | 1.2941807303982654 × 10^283 |
| 128 | aaa_77_29 | 4.854367565647588 × 10^282 |
| 129 | ov_129 | 4.548302122601132 × 10^282 |
| 130 | ov_130 | 4.548289431011496 × 10^282 |
| 131 | ov_131 | 4.548286356814613 × 10^282 |
| 132 | ov_132 | 3.955049471882101 × 10^282 |
| 133 | ov_133 | 3.4226705264917406 × 10^282 |
| 134 | ov_134 | 2.9465749919333005 × 10^282 |
| 135 | ov_135 | 2.5224394514781355 × 10^282 |
| 136 | ov_136 | 2.1461737300816385 × 10^282 |
| 137 | ov_137 | 1.8139053492292612 × 10^282 |
| 138 | ov_138 | 1.5219660946029413 × 10^282 |
| 139 | ov_139 | 1.2668804953943032 × 10^282 |
| 140 | ov_140 | 1.0453560248587746 × 10^282 |
| 141 | ov_141 | 8.5427484216511 × 10^281 |
| 142 | ov_142 | 6.906869058119216 × 10^281 |
| 143 | ov_143 | 5.518042989115827 × 10^281 |
| 144 | ov_144 | 4.3499661652840094 × 10^281 |
| 145 | ov_145 | 3.377872750403506 × 10^281 |
| 146 | ov_146 | 2.5785061320261204 × 10^281 |
| 147 | ov_147 | 1.9300966425070027 × 10^281 |
| 148 | ov_148 | 1.4123448800903374 × 10^281 |
| 149 | ov_149 | 1.0064096158003822 × 10^281 |
| 150 | ov_150 | 6.948993678738727 × 10^280 |
| 151 | ov_151 | 4.618668213943612 × 10^280 |
| 152 | ov_152 | 2.928053666781611 × 10^280 |
| 153 | ov_153 | 1.746471258293369 × 10^280 |
| 154 | ov_154 | 9.576193273658371 × 10^279 |
| 155 | ov_155 | 4.5956841505231045 × 10^279 |
| 156 | aaa_76_25 | 1.647589699978866 × 10^279 |
| 157 | aaa_76_26 | 9.353132261279149 × 10^278 |
| 158 | aaa_76_27 | 4.8123111612743885 × 10^278 |
| 159 | aaa_76_28 | 2.135041721758589 × 10^278 |
| 160 | aaa_76_29 | 6.5054447600403265 × 10^277 |

### Output Bits Sorted by Complexity

| Rank | Output Bit | Complexity |
|:----:|:----------:|:----------:|
| 160 | aaa_76_29 | 6.5054447600403265 × 10^277 |
| 159 | aaa_76_28 | 2.135041721758589 × 10^278 |
| 158 | aaa_76_27 | 4.8123111612743885 × 10^278 |
| 157 | aaa_76_26 | 9.353132261279149 × 10^278 |
| 156 | aaa_76_25 | 1.647589699978866 × 10^279 |
| 155 | ov_155 | 4.5956841505231045 × 10^279 |
| 154 | ov_154 | 9.576193273658371 × 10^279 |
| 153 | ov_153 | 1.746471258293369 × 10^280 |
| 152 | ov_152 | 2.928053666781611 × 10^280 |
| 151 | ov_151 | 4.618668213943612 × 10^280 |
| 150 | ov_150 | 6.948993678738727 × 10^280 |
| 149 | ov_149 | 1.0064096158003822 × 10^281 |
| 148 | ov_148 | 1.4123448800903374 × 10^281 |
| 147 | ov_147 | 1.9300966425070027 × 10^281 |
| 146 | ov_146 | 2.5785061320261204 × 10^281 |
| 145 | ov_145 | 3.377872750403506 × 10^281 |
| 144 | ov_144 | 4.3499661652840094 × 10^281 |
| 143 | ov_143 | 5.518042989115827 × 10^281 |
| 142 | ov_142 | 6.906869058119216 × 10^281 |
| 141 | ov_141 | 8.5427484216511 × 10^281 |
| 140 | ov_140 | 1.0453560248587746 × 10^282 |
| 139 | ov_139 | 1.2668804953943032 × 10^282 |
| 138 | ov_138 | 1.5219660946029413 × 10^282 |
| 137 | ov_137 | 1.8139053492292612 × 10^282 |
| 136 | ov_136 | 2.1461737300816385 × 10^282 |
| 135 | ov_135 | 2.5224394514781355 × 10^282 |
| 134 | ov_134 | 2.9465749919333005 × 10^282 |
| 133 | ov_133 | 3.4226705264917406 × 10^282 |
| 132 | ov_132 | 3.955049471882101 × 10^282 |
| 131 | ov_131 | 4.548286356814613 × 10^282 |
| 130 | ov_130 | 4.548289431011496 × 10^282 |
| 129 | ov_129 | 4.548302122601132 × 10^282 |
| 128 | aaa_77_29 | 4.854367565647588 × 10^282 |
| 127 | aaa_77_28 | 1.2941807303982654 × 10^283 |
| 126 | ov_126 | 4.051488381613347 × 10^283 |
| 125 | ov_125 | 9.098191480389443 × 10^283 |
| 124 | ov_124 | 1.7319884127545247 × 10^284 |
| 123 | ov_123 | 2.9602169778406504 × 10^284 |
| 122 | ov_122 | 4.683068752563945 × 10^284 |
| 121 | ov_121 | 6.989117380415998 × 10^284 |
| 120 | ov_120 | 9.966957619860334 × 10^284 |
| 119 | ov_119 | 1.3705224227237765 × 10^285 |
| 118 | ov_118 | 1.8292623749782256 × 10^285 |
| 117 | ov_117 | 2.3817987984678696 × 10^285 |
| 116 | ov_116 | 3.037035671503703 × 10^285 |
| 115 | ov_115 | 3.8039095470356036 × 10^285 |
| 114 | ov_114 | 4.69140540595809 × 10^285 |
| 113 | ov_113 | 5.708577162594269 × 10^285 |
| 112 | ov_112 | 6.864573397500512 × 10^285 |
| 111 | ov_111 | 8.168668893184824 × 10^285 |
| 110 | ov_110 | 9.630302549174659 × 10^285 |
| 109 | ov_109 | 1.1259122254317865 × 10^286 |
| 108 | ov_108 | 1.3065037296505128 × 10^286 |
| 107 | ov_107 | 1.5058278893455013 × 10^286 |
| 106 | ov_106 | 1.7249469433131765 × 10^286 |
| 105 | ov_105 | 1.9649701019139365 × 10^286 |
| 104 | ov_104 | 2.2270623925457956 × 10^286 |
| 103 | ov_103 | 2.512454557660563 × 10^286 |
| 102 | ov_102 | 2.8224540684201576 × 10^286 |
| 101 | ov_101 | 3.1584573189481393 × 10^286 |
| 100 | ov_100 | 3.521963068414699 × 10^286 |
| 99 | ov_099 | 3.9145872009654716 × 10^286 |
| 98 | ov_098 | 3.914624827537609 × 10^286 |
| 97 | ov_097 | 3.9147424942359356 × 10^286 |
| 96 | aaa_78_29 | 5.93070581652331 × 10^286 |
| 95 | aaa_78_28 | 1.6595103513662277 × 10^287 |
| 94 | ov_094 | 5.4392409504323914 × 10^287 |
| 93 | ov_093 | 1.2971645150522993 × 10^288 |
| 92 | ov_092 | 2.6507130925446267 × 10^288 |
| 91 | ov_091 | 5.1164544754762084 × 10^288 |
| 90 | ov_090 | 9.329903257925639 × 10^288 |
| 89 | ov_089 | 1.6050286151684696 × 10^289 |
| 88 | ov_088 | 2.616071890568018 × 10^289 |
| 87 | ov_087 | 4.066853566603107 × 10^289 |
| 86 | ov_086 | 6.070583754121321 × 10^289 |
| 85 | ov_085 | 8.753033063721401 × 10^289 |
| 84 | ov_084 | 1.2252652442428877 × 10^290 |
| 83 | ov_083 | 1.6720736130427772 × 10^290 |
| 82 | ov_082 | 2.2321634826220663 × 10^290 |
| 81 | ov_081 | 2.9233026151353987 × 10^290 |
| 64 | lv_79_m31 | 3.30642265517859 × 10^290 |
| 80 | ov_080 | 3.7646249510779095 × 10^290 |
| 79 | ov_079 | 4.7766712453427755 × 10^290 |
| 78 | ov_078 | 5.9814375651671855 × 10^290 |
| 77 | ov_077 | 7.402432364056408 × 10^290 |
| 76 | ov_076 | 9.064742849115261 × 10^290 |
| 75 | ov_075 | 1.0995111364021959 × 10^291 |
| 74 | ov_074 | 1.3222022516546491 × 10^291 |
| 73 | ov_073 | 1.5775801788485356 × 10^291 |
| 63 | ov_063 | 1.696217728677696 × 10^291 |
| 72 | ov_072 | 1.868872637764441 × 10^291 |
| 71 | ov_071 | 2.1995149036585055 × 10^291 |
| 70 | ov_070 | 2.5731635691836243 × 10^291 |
| 69 | ov_069 | 2.99371176507921 × 10^291 |
| 68 | ov_068 | 3.4653059232235936 × 10^291 |
| 67 | ov_067 | 3.992364169107721 × 10^291 |
| 66 | ov_066 | 3.992367023029369 × 10^291 |
| 65 | ov_065 | 3.992378684789433 × 10^291 |
| 62 | ov_062 | 8.700013780373009 × 10^291 |
| 61 | ov_061 | 3.170657225276166 × 10^292 |
| 60 | ov_060 | 9.074946573097611 × 10^292 |
| 59 | ov_059 | 2.060410633120256 × 10^293 |
| 58 | ov_058 | 4.0562643633061084 × 10^293 |
| 57 | ov_057 | 7.253834441813678 × 10^293 |
| 56 | ov_056 | 1.2449008904405961 × 10^294 |
| 55 | ov_055 | 2.0594345181388838 × 10^294 |
| 54 | ov_054 | 3.2799094557102626 × 10^294 |
| 53 | ov_053 | 5.0329251322636976 × 10^294 |
| 52 | ov_052 | 7.460764444368918 × 10^294 |
| 51 | ov_051 | 1.0721410183963793 × 10^295 |
| 50 | ov_050 | 1.4988573153919555 × 10^295 |
| 49 | ov_049 | 2.0451737550559349 × 10^295 |
| 48 | ov_048 | 2.731623018307762 × 10^295 |
| 47 | ov_047 | 3.580332109260963 × 10^295 |
| 32 | lv_80_m31 | 4.057460013609525 × 10^295 |
| 46 | ov_046 | 4.61503641301509 × 10^295 |
| 45 | ov_045 | 5.86109870546647 × 10^295 |
| 44 | ov_044 | 7.345534172314172 × 10^295 |
| 43 | ov_043 | 9.097042596625544 × 10^295 |
| 42 | ov_042 | 1.1146048978032356 × 10^296 |
| 41 | ov_041 | 1.352475395228401 × 10^296 |
| 40 | ov_040 | 1.6267195487975167 × 10^296 |
| 39 | ov_039 | 1.940932344833537 × 10^296 |
| 31 | ov_031 | 2.0807282635888294 × 10^296 |
| 38 | ov_038 | 2.298908872061793 × 10^296 |
| 37 | ov_037 | 2.7046548734512423 × 10^296 |
| 36 | ov_036 | 3.162399131484437 × 10^296 |
| 35 | ov_035 | 3.676607894338941 × 10^296 |
| 34 | ov_034 | 4.252001564074817 × 10^296 |
| 33 | ov_033 | 4.893573882279138 × 10^296 |
| 30 | ov_030 | 9.398862589344805 × 10^296 |
| 29 | ov_029 | 3.10888077774782 × 10^297 |
| 28 | ov_028 | 8.294628005157319 × 10^297 |
| 27 | ov_027 | 2.0548831091378375 × 10^298 |
| 26 | ov_026 | 4.577247225948183 × 10^298 |
| 25 | ov_025 | 9.17799821388367 × 10^298 |
| 24 | ov_024 | 1.6829928822685168 × 10^299 |
| 23 | ov_023 | 2.8697196535662116 × 10^299 |
| 22 | ov_022 | 4.61353604186055 × 10^299 |
| 21 | ov_021 | 7.069145568625001 × 10^299 |
| 20 | ov_020 | 1.0410412605541697 × 10^300 |
| 19 | ov_019 | 1.483038430426905 × 10^300 |
| 18 | ov_018 | 2.054132591776632 × 10^300 |
| 17 | ov_017 | 2.777477622664715 × 10^300 |
| 16 | ov_016 | 3.678163131798651 × 10^300 |
| 15 | ov_015 | 4.783226621783032 × 10^300 |
| 14 | ov_014 | 6.121670513309385 × 10^300 |
| 13 | ov_013 | 7.724485231406937 × 10^300 |
| 12 | ov_012 | 9.624679680618057 × 10^300 |
| 11 | ov_011 | 1.1857320562010022 × 10^301 |
| 10 | ov_010 | 1.4459582111455172 × 10^301 |
| 9 | ov_009 | 1.747080796582747 × 10^301 |
| 8 | ov_008 | 2.0932586991962517 × 10^301 |
| 7 | ov_007 | 2.488884504276986 × 10^301 |
| 6 | ov_006 | 2.9385954736211563 × 10^301 |
| 5 | ov_005 | 3.447286548649905 × 10^301 |
| 4 | ov_004 | 4.02012561534366 × 10^301 |
| 3 | ov_003 | 4.6625712816086286 × 10^301 |
| 2 | ov_002 | 5.380393432169157 × 10^301 |
| 1 | ov_001 | 6.179696841104183 × 10^301 |

