# Results for F001-F002-F003-F004-F005-F006-F007-F008-F009-F010-F011-F012-F013-F014-F015-F016-F017-F018-F019-F020-F021-F022-F023-F024-F025-F026-F027-F028-F029-F030-F031-F032-F033-F034-F035-F036-F037-F038-F039-F040-F041-F042-F043-F044-F045-F046-F047-F048-F049-F050-F051-F052-F053-F054-F055-F056-F057-F058-F059-F060-F061-F062-F063-F064-F065-F066-F067-F068-F069-F070-F071-F072-F073-F074-F075-F076-F077-F078-F079-F080-F081-F082-F083-F084-F085-F086-F087-F088-F089-F090-F091-F092-F093-F094-F095-F096-F097-F098-F099-F100-F101-F102-F103-F104-F105-F106-F107-F108-F109-F110-F111-F112-F113-F114-F115-F116-F117-F118-F119-F120-F121-F122-F123-F124-F125-F126-F127-F128-F129-F130-F131-F132-F133-F134-F135-F136-F137-F138-F139-F140-F141-F142-F143-F144-F145-F146-F147-F148-F149-F150-F151-F152-F153-F154-F155-F156-F157-F158-F159-F160-F161-F162-F163-F164-F165-F166-F167-F168-F169-F170-F171-F172-F173-F174-F175-F176-F177-F178-F179-F180-F181-F182-F183-F184-F185-F186-F187-F188-F189-F190-F191-F192-F193-F194-F195-F196-F197-F198-F199-F200-F201-F202-F203-F204-F205-F206-F207-F208-F209-F210-F211-F212-F213-F214-F215-F216-F217-F218-F219-F220-F221-F222-F223-F224-F225-F226-F227-F228-F229-F230-F231-F232-F233-F234-F235-F236-F237-F238-F239-F240-F241-F242-F243-F244-F245-F246-F247-F248-F249-F250-F251-F252-F253-F254-F255-F256-F257-F258-F259-F260-F261-F262-F263-F264-F265-F266-F267-F268-F269-F270-F271-F272-F273-F274-F275-F276-F277-F278-F279-F280-F281-F282-F283-F284-F285-F286-F287-F288-F289-F290-F291-F292-F293-F294-F295-F296-F297-F298-F299-F300-F301-F302-F303-F304-F305-F306-F307-F308-F309-F310-F311-F312-F313-F314-F315-F316-F317-F318-F319-F320-F321-F322-F323-F324-F325-F326-F327-F328-F329-F330-F331-F332-F333-F334-F335-F336-F337-F338-F339-F340-F341-F342-F343-F344-F345-F346-F347-F348-F349-F350-F351-F352-F353-F354-F355-F356-F357-F358-F359-F360-F361-F362-F363-F364-F365-F366-F367-F368-F369-F370-F371-F372-F373-F374-F375-F376-F377-F378-F379-F380-F381-F382-F383-F384-F385-F386-F387-F388-F389-F390-F391-F392-F393-F394-F395-F396-F397-F398-F399-F400-F401-F402-F403-F404-F405-F406-F407-F408-F409-F410-F411-F412-F413-F414-F415-F416-F417-F418-F419-F420-F421-F422-F423-F424-F425-F426-F427-F428-F429-F430-F431-F432-F433-F434-F435-F436-F437-F438-F439-F440-F441-F442-F443-F444-F445-F446-F447-F448-F449-F450-F451-F452-F453-F454-F455-F456-F457-F458-F459-F460-F461-F462-F463-F464-F465-F466-F467-F468-F469-F470-F471-F472-F473-F474-F475-F476-F477-F478-F479-F480-F481-F482-F483-F484-F485-F486-F487-F488-F489-F490-F491-F492-F493-F494-F495-F496-O497506

## Summary

Number of input bits: 512  
Number of free input bits: 15  
Number of output bits: 160

Number of direct occurrences: 61623  
Number of assignments: 32256  
Number of operations: 11449706
(xor: 11421028,
and: 14937,
or: 13741)

Total complexity: 2.59669590112461 × 10^303

Least occurring input variable: iv_502 (3911)  
Most occurring input variable: iv_512 (4399)

Most co-occurring input variables: iv_511-iv_512 (2166)  
Least co-occurring input variables: iv_498-iv_502 (1768)

Potentially most occurring input variable: iv_497/iv_512 (4678)  
Potentially least occurring input variable: iv_499/iv_508 (4125)

Least output occurring input variable: iv_508 (70)  
Most output occurring input variable: iv_498 (84)

Most output co-occurring input variables: iv_498-iv_501 (46)  
Least output co-occurring input variables: iv_508-iv_512 (29)

Potentially most output occurring input variable: iv_509/iv_511 (96)  
Potentially least output occurring input variable: iv_507/iv_509 (66)

Least complex input bit: iv_498 (3.692755539514786 × 10^300)  
Most complex input bit: iv_510 (6.371653121739981 × 10^302)

Least complex output bit: aaa_76_29 (1.5630881933275753 × 10^278)  
Most complex output bit: ov_001 (4.040054334528727 × 10^302)

Least complex input/output complexity: iv_498/aaa_76_29 (2.222864287712977 × 10^275)  
Most complex input/output complexity: iv_510/ov_001 (9.91329974428293 × 10^301)

## Input Bits

### Input Bits in Regular Order

| Input Bit | Complexity | Occurrences | Output Occurrences |
|:---------:|:----------:|:-----------:|:------------------:|
| iv_497 | 1.702656717840752 × 10^302 | 4247 | 77 |
| iv_498 | 3.692755539514786 × 10^300 | 3957 | 84 |
| iv_499 | 6.574729631635933 × 10^300 | 4145 | 81 |
| iv_500 | 1.1136045511847523 × 10^301 | 4154 | 76 |
| iv_501 | 1.898877682231939 × 10^301 | 4132 | 83 |
| iv_502 | 3.0864117519103584 × 10^301 | 3911 | 82 |
| iv_503 | 4.869753378408 × 10^301 | 4065 | 76 |
| iv_504 | 7.502157780029985 × 10^301 | 3962 | 78 |
| iv_505 | 1.1337075714711697 × 10^302 | 3959 | 79 |
| iv_507 | 2.4646183868114373 × 10^302 | 4212 | 76 |
| iv_508 | 3.492505223982998 × 10^302 | 4036 | 70 |
| iv_509 | 4.788743988468758 × 10^302 | 4036 | 78 |
| iv_510 | 6.371653121739981 × 10^302 | 4162 | 79 |
| iv_511 | 1.8869459083510018 × 10^302 | 4246 | 78 |
| iv_512 | 2.176372726491967 × 10^302 | 4399 | 76 |

### Input Bits Sorted by Complexity

| Input Bit | Complexity | Occurrences | Output Occurrences |
|:---------:|:----------:|:-----------:|:------------------:|
| iv_498 | 3.692755539514786 × 10^300 | 3957 | 84 |
| iv_499 | 6.574729631635933 × 10^300 | 4145 | 81 |
| iv_500 | 1.1136045511847523 × 10^301 | 4154 | 76 |
| iv_501 | 1.898877682231939 × 10^301 | 4132 | 83 |
| iv_502 | 3.0864117519103584 × 10^301 | 3911 | 82 |
| iv_503 | 4.869753378408 × 10^301 | 4065 | 76 |
| iv_504 | 7.502157780029985 × 10^301 | 3962 | 78 |
| iv_505 | 1.1337075714711697 × 10^302 | 3959 | 79 |
| iv_497 | 1.702656717840752 × 10^302 | 4247 | 77 |
| iv_511 | 1.8869459083510018 × 10^302 | 4246 | 78 |
| iv_512 | 2.176372726491967 × 10^302 | 4399 | 76 |
| iv_507 | 2.4646183868114373 × 10^302 | 4212 | 76 |
| iv_508 | 3.492505223982998 × 10^302 | 4036 | 70 |
| iv_509 | 4.788743988468758 × 10^302 | 4036 | 78 |
| iv_510 | 6.371653121739981 × 10^302 | 4162 | 79 |

### Input Bits Sorted by Occurrences

| Input Bit | Complexity | Occurrences | Output Occurrences |
|:---------:|:----------:|:-----------:|:------------------:|
| iv_502 | 3.0864117519103584 × 10^301 | 3911 | 82 |
| iv_498 | 3.692755539514786 × 10^300 | 3957 | 84 |
| iv_505 | 1.1337075714711697 × 10^302 | 3959 | 79 |
| iv_504 | 7.502157780029985 × 10^301 | 3962 | 78 |
| iv_509 | 4.788743988468758 × 10^302 | 4036 | 78 |
| iv_508 | 3.492505223982998 × 10^302 | 4036 | 70 |
| iv_503 | 4.869753378408 × 10^301 | 4065 | 76 |
| iv_501 | 1.898877682231939 × 10^301 | 4132 | 83 |
| iv_499 | 6.574729631635933 × 10^300 | 4145 | 81 |
| iv_500 | 1.1136045511847523 × 10^301 | 4154 | 76 |
| iv_510 | 6.371653121739981 × 10^302 | 4162 | 79 |
| iv_507 | 2.4646183868114373 × 10^302 | 4212 | 76 |
| iv_511 | 1.8869459083510018 × 10^302 | 4246 | 78 |
| iv_497 | 1.702656717840752 × 10^302 | 4247 | 77 |
| iv_512 | 2.176372726491967 × 10^302 | 4399 | 76 |

### Input Bits Sorted by Output Occurrences

| Input Bit | Complexity | Occurrences | Output Occurrences |
|:---------:|:----------:|:-----------:|:------------------:|
| iv_508 | 3.492505223982998 × 10^302 | 4036 | 70 |
| iv_503 | 4.869753378408 × 10^301 | 4065 | 76 |
| iv_500 | 1.1136045511847523 × 10^301 | 4154 | 76 |
| iv_507 | 2.4646183868114373 × 10^302 | 4212 | 76 |
| iv_512 | 2.176372726491967 × 10^302 | 4399 | 76 |
| iv_497 | 1.702656717840752 × 10^302 | 4247 | 77 |
| iv_504 | 7.502157780029985 × 10^301 | 3962 | 78 |
| iv_509 | 4.788743988468758 × 10^302 | 4036 | 78 |
| iv_511 | 1.8869459083510018 × 10^302 | 4246 | 78 |
| iv_505 | 1.1337075714711697 × 10^302 | 3959 | 79 |
| iv_510 | 6.371653121739981 × 10^302 | 4162 | 79 |
| iv_499 | 6.574729631635933 × 10^300 | 4145 | 81 |
| iv_502 | 3.0864117519103584 × 10^301 | 3911 | 82 |
| iv_501 | 1.898877682231939 × 10^301 | 4132 | 83 |
| iv_498 | 3.692755539514786 × 10^300 | 3957 | 84 |

## Input Bit Co-occurrences

### Input Bit Co-occurrences Sorted by Co-occurrences

| Input Bits | Co-occurrences | Potential Occurrences | Output Co-occurrences | Potential Output Occurrences |
|:----------:|:--------------:|:---------------------:|:---------------------:|:----------------------------:|
| iv_511-iv_512 | 2166 | 4313 | 40 | 74 |
| iv_507-iv_512 | 2114 | 4383 | 38 | 76 |
| iv_510-iv_512 | 2095 | 4371 | 40 | 75 |
| iv_500-iv_511 | 2093 | 4214 | 37 | 80 |
| iv_500-iv_512 | 2075 | 4403 | 37 | 78 |
| iv_501-iv_512 | 2069 | 4393 | 41 | 77 |
| iv_503-iv_512 | 2053 | 4358 | 33 | 86 |
| iv_499-iv_512 | 2053 | 4438 | 45 | 67 |
| iv_507-iv_510 | 2051 | 4272 | 41 | 73 |
| iv_501-iv_511 | 2051 | 4276 | 39 | 83 |
| iv_499-iv_510 | 2047 | 4213 | 43 | 74 |
| iv_508-iv_512 | 2040 | 4355 | 29 | 88 |
| iv_499-iv_511 | 2039 | 4313 | 38 | 83 |
| iv_507-iv_511 | 2029 | 4400 | 39 | 76 |
| iv_499-iv_508 | 2028 | 4125 | 38 | 75 |

### Input Bit Co-occurrences Sorted by Potential Occurrences

| Input Bits | Co-occurrences | Potential Occurrences | Output Co-occurrences | Potential Output Occurrences |
|:----------:|:--------------:|:---------------------:|:---------------------:|:----------------------------:|
| iv_499-iv_508 | 2028 | 4125 | 38 | 75 |
| iv_502-iv_505 | 1842 | 4186 | 36 | 89 |
| iv_499-iv_502 | 1933 | 4190 | 42 | 79 |
| iv_501-iv_505 | 1950 | 4191 | 45 | 72 |
| iv_500-iv_503 | 2013 | 4193 | 39 | 74 |
| iv_504-iv_505 | 1862 | 4197 | 41 | 75 |
| iv_508-iv_509 | 1937 | 4198 | 35 | 78 |
| iv_499-iv_509 | 1990 | 4201 | 41 | 77 |
| iv_499-iv_510 | 2047 | 4213 | 43 | 74 |
| iv_507-iv_508 | 2017 | 4214 | 31 | 84 |
| iv_500-iv_511 | 2093 | 4214 | 37 | 80 |
| iv_498-iv_504 | 1852 | 4215 | 45 | 72 |
| iv_498-iv_510 | 1945 | 4229 | 44 | 75 |
| iv_498-iv_508 | 1882 | 4229 | 32 | 90 |
| iv_498-iv_503 | 1896 | 4230 | 42 | 76 |

### Input Bit Output Co-occurrences Sorted by Output Co-occurrences

| Input Bits | Co-occurrences | Potential Occurrences | Output Co-occurrences | Potential Output Occurrences |
|:----------:|:--------------:|:---------------------:|:---------------------:|:----------------------------:|
| iv_498-iv_501 | 1883 | 4323 | 46 | 75 |
| iv_501-iv_505 | 1950 | 4191 | 45 | 72 |
| iv_498-iv_504 | 1852 | 4215 | 45 | 72 |
| iv_499-iv_507 | 1941 | 4475 | 45 | 67 |
| iv_499-iv_512 | 2053 | 4438 | 45 | 67 |
| iv_501-iv_503 | 1968 | 4261 | 44 | 71 |
| iv_498-iv_502 | 1768 | 4332 | 44 | 78 |
| iv_498-iv_510 | 1945 | 4229 | 44 | 75 |
| iv_502-iv_510 | 1884 | 4305 | 44 | 73 |
| iv_502-iv_511 | 1928 | 4301 | 44 | 72 |
| iv_507-iv_509 | 1980 | 4288 | 44 | 66 |
| iv_501-iv_509 | 1927 | 4314 | 43 | 75 |
| iv_497-iv_500 | 1985 | 4431 | 43 | 67 |
| iv_497-iv_503 | 1929 | 4454 | 43 | 67 |
| iv_498-iv_512 | 1999 | 4358 | 43 | 74 |

### Input Bit Output Co-occurrences Sorted by Potential Output Occurrences

| Input Bits | Co-occurrences | Potential Occurrences | Output Co-occurrences | Potential Output Occurrences |
|:----------:|:--------------:|:---------------------:|:---------------------:|:----------------------------:|
| iv_507-iv_509 | 1980 | 4288 | 44 | 66 |
| iv_497-iv_500 | 1985 | 4431 | 43 | 67 |
| iv_497-iv_503 | 1929 | 4454 | 43 | 67 |
| iv_499-iv_507 | 1941 | 4475 | 45 | 67 |
| iv_499-iv_512 | 2053 | 4438 | 45 | 67 |
| iv_503-iv_504 | 1874 | 4279 | 42 | 70 |
| iv_501-iv_503 | 1968 | 4261 | 44 | 71 |
| iv_500-iv_505 | 1941 | 4231 | 42 | 71 |
| iv_501-iv_505 | 1950 | 4191 | 45 | 72 |
| iv_497-iv_510 | 2025 | 4359 | 42 | 72 |
| iv_498-iv_504 | 1852 | 4215 | 45 | 72 |
| iv_502-iv_511 | 1928 | 4301 | 44 | 72 |
| iv_502-iv_510 | 1884 | 4305 | 44 | 73 |
| iv_507-iv_510 | 2051 | 4272 | 41 | 73 |
| iv_504-iv_508 | 1882 | 4234 | 37 | 74 |

## Output Bits

### Output Bits in Regular Order

| Rank | Output Bit | Complexity |
|:----:|:----------:|:----------:|
| 1 | ov_001 | 4.040054334528727 × 10^302 |
| 2 | ov_002 | 3.5176418611441017 × 10^302 |
| 3 | ov_003 | 3.0484914907193765 × 10^302 |
| 4 | ov_004 | 2.628609052900201 × 10^302 |
| 5 | ov_005 | 2.2542199491469113 × 10^302 |
| 6 | ov_006 | 1.9217536921802798 × 10^302 |
| 7 | ov_007 | 1.6278304360306739 × 10^302 |
| 8 | ov_008 | 1.3692493149594235 × 10^302 |
| 9 | ov_009 | 1.142978419275004 × 10^302 |
| 10 | ov_010 | 9.461462454613212 × 10^301 |
| 11 | ov_011 | 7.760344671346437 × 10^301 |
| 12 | ov_012 | 6.300718822050427 × 10^301 |
| 13 | ov_013 | 5.058294002857598 × 10^301 |
| 14 | ov_014 | 4.010159429107815 × 10^301 |
| 15 | ov_015 | 3.1347513752177105 × 10^301 |
| 16 | ov_016 | 2.4118269449927608 × 10^301 |
| 17 | ov_017 | 1.8224436476326023 × 10^301 |
| 18 | ov_018 | 1.3489438367326842 × 10^301 |
| 19 | ov_019 | 9.749431513338951 × 10^300 |
| 20 | ov_020 | 6.853221796240567 × 10^300 |
| 21 | ov_021 | 4.662206473270696 × 10^300 |
| 22 | ov_022 | 3.050335141774218 × 10^300 |
| 23 | ov_023 | 1.9040844320075024 × 10^300 |
| 24 | ov_024 | 1.1224420703551292 × 10^300 |
| 25 | ov_025 | 6.168972637860166 × 10^299 |
| 26 | ov_026 | 3.1143542848660587 × 10^299 |
| 27 | ov_027 | 1.4253570735714554 × 10^299 |
| 28 | ov_028 | 5.91699901693215 × 10^298 |
| 29 | ov_029 | 2.280259784817014 × 10^298 |
| 30 | ov_030 | 6.971627219583007 × 10^297 |
| 31 | ov_031 | 1.3599232676882538 × 10^297 |
| 32 | lv_80_m31 | 2.6522016701490344 × 10^296 |
| 33 | ov_033 | 3.207398143418228 × 10^297 |
| 34 | ov_034 | 2.7888217630870996 × 10^297 |
| 35 | ov_035 | 2.41327273953099 × 10^297 |
| 36 | ov_036 | 2.0775089894412417 × 10^297 |
| 37 | ov_037 | 1.7784663898645374 × 10^297 |
| 38 | ov_038 | 1.5132462228357767 × 10^297 |
| 39 | ov_039 | 1.2791042445218053 × 10^297 |
| 40 | ov_040 | 1.0734412302360996 × 10^297 |
| 41 | ov_041 | 8.937948544597567 × 10^296 |
| 42 | ov_042 | 7.378327725990138 × 10^296 |
| 43 | ov_043 | 6.033467786455731 × 10^296 |
| 44 | ov_044 | 4.8824792020335 × 10^296 |
| 45 | ov_045 | 3.905624595226267 × 10^296 |
| 46 | ov_046 | 3.0842857625770083 × 10^296 |
| 47 | ov_047 | 2.4009371465328233 × 10^296 |
| 48 | ov_048 | 1.839124847818091 × 10^296 |
| 49 | ov_049 | 1.383450343108773 × 10^296 |
| 50 | ov_050 | 1.0195581408937279 × 10^296 |
| 51 | ov_051 | 7.341266761348222 × 10^295 |
| 52 | ov_052 | 5.148618117861031 × 10^295 |
| 53 | ov_053 | 3.5049238247993674 × 10^295 |
| 54 | ov_054 | 2.3076728279790095 × 10^295 |
| 55 | ov_055 | 1.464536695656589 × 10^295 |
| 56 | ov_056 | 8.933591458041119 × 10^294 |
| 57 | ov_057 | 5.221502129595877 × 10^294 |
| 58 | ov_058 | 2.890831226075053 × 10^294 |
| 59 | ov_059 | 1.424927450106387 × 10^294 |
| 60 | ov_060 | 5.908680630201011 × 10^293 |
| 61 | ov_061 | 2.0653442206491874 × 10^293 |
| 62 | ov_062 | 5.669609441253192 × 10^292 |
| 63 | ov_063 | 1.1058838127637466 × 10^292 |
| 64 | lv_79_m31 | 2.1566238744603815 × 10^291 |
| 65 | ov_065 | 2.600575111254788 × 10^292 |
| 66 | ov_066 | 2.600569207464446 × 10^292 |
| 67 | ov_067 | 2.6005678206893606 × 10^292 |
| 68 | ov_068 | 2.260165896145189 × 10^292 |
| 69 | ov_069 | 1.954681028475773 × 10^292 |
| 70 | ov_070 | 1.6815445778113258 × 10^292 |
| 71 | ov_071 | 1.4383102292431326 × 10^292 |
| 72 | ov_072 | 1.2226478417059025 × 10^292 |
| 73 | ov_073 | 1.0323385957943932 × 10^292 |
| 74 | ov_074 | 8.65271045577097 × 10^291 |
| 75 | ov_075 | 7.194377411209306 × 10^291 |
| 76 | ov_076 | 5.929322279476112 × 10^291 |
| 77 | ov_077 | 4.8394636147653 × 10^291 |
| 78 | ov_078 | 3.907679178987677 × 10^291 |
| 79 | ov_079 | 3.117784832966819 × 10^291 |
| 80 | ov_080 | 2.454516031125352 × 10^291 |
| 81 | ov_081 | 1.9035117429084934 × 10^291 |
| 82 | ov_082 | 1.4513006258429554 × 10^291 |
| 83 | ov_083 | 1.0852892763264829 × 10^291 |
| 84 | ov_084 | 7.937523850815785 × 10^290 |
| 85 | ov_085 | 5.658246247707661 × 10^290 |
| 86 | ov_086 | 3.9149409763321145 × 10^290 |
| 87 | ov_087 | 2.615971712252972 × 10^290 |
| 88 | ov_088 | 1.678145304792593 × 10^290 |
| 89 | ov_089 | 1.026682743683225 × 10^290 |
| 90 | ov_090 | 5.95198855059601 × 10^289 |
| 91 | ov_091 | 3.25689010256884 × 10^289 |
| 92 | ov_092 | 1.6852114532857105 × 10^289 |
| 93 | ov_093 | 8.243147396164564 × 10^288 |
| 94 | ov_094 | 3.452249615036775 × 10^288 |
| 95 | aaa_78_28 | 1.0436889027669582 × 10^288 |
| 96 | aaa_78_29 | 3.100877821562156 × 10^287 |
| 97 | ov_097 | 1.7442874159846988 × 10^287 |
| 98 | ov_098 | 1.7442588967993476 × 10^287 |
| 99 | ov_099 | 1.744249776144201 × 10^287 |
| 100 | ov_100 | 1.4235720765108704 × 10^287 |
| 101 | ov_101 | 1.1586036489973703 × 10^287 |
| 102 | ov_102 | 9.422814912651698 × 10^286 |
| 103 | ov_103 | 7.679349829270606 × 10^286 |
| 104 | ov_104 | 6.2925747432461255 × 10^286 |
| 105 | ov_105 | 5.202814448994804 × 10^286 |
| 106 | ov_106 | 4.353569129949219 × 10^286 |
| 107 | ov_107 | 3.6913279581624216 × 10^286 |
| 108 | ov_108 | 3.1654093450616283 × 10^286 |
| 109 | ov_109 | 2.7278251497000017 × 10^286 |
| 110 | ov_110 | 2.333166303178668 × 10^286 |
| 111 | ov_111 | 1.9790276604894697 × 10^286 |
| 112 | ov_112 | 1.6630679776204577 × 10^286 |
| 113 | ov_113 | 1.3829971982482657 × 10^286 |
| 114 | ov_114 | 1.136565560222794 × 10^286 |
| 115 | ov_115 | 9.215543817190806 × 10^285 |
| 116 | ov_116 | 7.357683874847914 × 10^285 |
| 117 | ov_117 | 5.770294359594172 × 10^285 |
| 118 | ov_118 | 4.431715082436902 × 10^285 |
| 119 | ov_119 | 3.320368200058656 × 10^285 |
| 120 | ov_120 | 2.414729174652414 × 10^285 |
| 121 | ov_121 | 1.693306186193067 × 10^285 |
| 122 | ov_122 | 1.1346266089365012 × 10^285 |
| 123 | ov_123 | 7.172287147716259 × 10^284 |
| 124 | ov_124 | 4.196564903621166 × 10^284 |
| 125 | ov_125 | 2.204564216860876 × 10^284 |
| 126 | ov_126 | 9.817585121138172 × 10^283 |
| 127 | aaa_77_28 | 3.136234615283501 × 10^283 |
| 128 | aaa_77_29 | 1.1764712772763068 × 10^283 |
| 129 | ov_129 | 1.1042261657967118 × 10^283 |
| 130 | ov_130 | 1.1042231171100983 × 10^283 |
| 131 | ov_131 | 1.1042223786484043 × 10^283 |
| 132 | ov_132 | 9.605742805868156 × 10^282 |
| 133 | ov_133 | 8.316331186487172 × 10^282 |
| 134 | ov_134 | 7.162949031309686 × 10^282 |
| 135 | ov_135 | 6.13516152564951 × 10^282 |
| 136 | ov_136 | 5.2230960109424536 × 10^282 |
| 137 | ov_137 | 4.417404643980664 × 10^282 |
| 138 | ov_138 | 3.709232131543146 × 10^282 |
| 139 | ov_139 | 3.090188057143764 × 10^282 |
| 140 | ov_140 | 2.552323342484653 × 10^282 |
| 141 | ov_141 | 2.0881104113317188 × 10^282 |
| 142 | ov_142 | 1.6904266480741205 × 10^282 |
| 143 | ov_143 | 1.352540767322858 × 10^282 |
| 144 | ov_144 | 1.068101734655576 × 10^282 |
| 145 | ov_145 | 8.311299021167684 × 10^281 |
| 146 | ov_146 | 6.360100454084978 × 10^281 |
| 147 | ov_147 | 4.774860129140168 × 10^281 |
| 148 | ov_148 | 3.506567198285173 × 10^281 |
| 149 | ov_149 | 2.5097324375784996 × 10^281 |
| 150 | ov_150 | 1.742368012069501 × 10^281 |
| 151 | ov_151 | 1.1659740742605087 × 10^281 |
| 152 | ov_152 | 7.455304512062056 × 10^280 |
| 153 | ov_153 | 4.494919056368904 × 10^280 |
| 154 | ov_154 | 2.497856867899294 × 10^280 |
| 155 | ov_155 | 1.2181035022224884 × 10^280 |
| 156 | aaa_76_25 | 4.4435206989653295 × 10^279 |
| 157 | aaa_76_26 | 2.5685190697217966 × 10^279 |
| 158 | aaa_76_27 | 1.31625653777296 × 10^279 |
| 159 | aaa_76_28 | 5.1322014553208615 × 10^278 |
| 160 | aaa_76_29 | 1.5630881933275753 × 10^278 |

### Output Bits Sorted by Complexity

| Rank | Output Bit | Complexity |
|:----:|:----------:|:----------:|
| 160 | aaa_76_29 | 1.5630881933275753 × 10^278 |
| 159 | aaa_76_28 | 5.1322014553208615 × 10^278 |
| 158 | aaa_76_27 | 1.31625653777296 × 10^279 |
| 157 | aaa_76_26 | 2.5685190697217966 × 10^279 |
| 156 | aaa_76_25 | 4.4435206989653295 × 10^279 |
| 155 | ov_155 | 1.2181035022224884 × 10^280 |
| 154 | ov_154 | 2.497856867899294 × 10^280 |
| 153 | ov_153 | 4.494919056368904 × 10^280 |
| 152 | ov_152 | 7.455304512062056 × 10^280 |
| 151 | ov_151 | 1.1659740742605087 × 10^281 |
| 150 | ov_150 | 1.742368012069501 × 10^281 |
| 149 | ov_149 | 2.5097324375784996 × 10^281 |
| 148 | ov_148 | 3.506567198285173 × 10^281 |
| 147 | ov_147 | 4.774860129140168 × 10^281 |
| 146 | ov_146 | 6.360100454084978 × 10^281 |
| 145 | ov_145 | 8.311299021167684 × 10^281 |
| 144 | ov_144 | 1.068101734655576 × 10^282 |
| 143 | ov_143 | 1.352540767322858 × 10^282 |
| 142 | ov_142 | 1.6904266480741205 × 10^282 |
| 141 | ov_141 | 2.0881104113317188 × 10^282 |
| 140 | ov_140 | 2.552323342484653 × 10^282 |
| 139 | ov_139 | 3.090188057143764 × 10^282 |
| 138 | ov_138 | 3.709232131543146 × 10^282 |
| 137 | ov_137 | 4.417404643980664 × 10^282 |
| 136 | ov_136 | 5.2230960109424536 × 10^282 |
| 135 | ov_135 | 6.13516152564951 × 10^282 |
| 134 | ov_134 | 7.162949031309686 × 10^282 |
| 133 | ov_133 | 8.316331186487172 × 10^282 |
| 132 | ov_132 | 9.605742805868156 × 10^282 |
| 131 | ov_131 | 1.1042223786484043 × 10^283 |
| 130 | ov_130 | 1.1042231171100983 × 10^283 |
| 129 | ov_129 | 1.1042261657967118 × 10^283 |
| 128 | aaa_77_29 | 1.1764712772763068 × 10^283 |
| 127 | aaa_77_28 | 3.136234615283501 × 10^283 |
| 126 | ov_126 | 9.817585121138172 × 10^283 |
| 125 | ov_125 | 2.204564216860876 × 10^284 |
| 124 | ov_124 | 4.196564903621166 × 10^284 |
| 123 | ov_123 | 7.172287147716259 × 10^284 |
| 122 | ov_122 | 1.1346266089365012 × 10^285 |
| 121 | ov_121 | 1.693306186193067 × 10^285 |
| 120 | ov_120 | 2.414729174652414 × 10^285 |
| 119 | ov_119 | 3.320368200058656 × 10^285 |
| 118 | ov_118 | 4.431715082436902 × 10^285 |
| 117 | ov_117 | 5.770294359594172 × 10^285 |
| 116 | ov_116 | 7.357683874847914 × 10^285 |
| 115 | ov_115 | 9.215543817190806 × 10^285 |
| 114 | ov_114 | 1.136565560222794 × 10^286 |
| 113 | ov_113 | 1.3829971982482657 × 10^286 |
| 112 | ov_112 | 1.6630679776204577 × 10^286 |
| 111 | ov_111 | 1.9790276604894697 × 10^286 |
| 110 | ov_110 | 2.333166303178668 × 10^286 |
| 109 | ov_109 | 2.7278251497000017 × 10^286 |
| 108 | ov_108 | 3.1654093450616283 × 10^286 |
| 107 | ov_107 | 3.6913279581624216 × 10^286 |
| 106 | ov_106 | 4.353569129949219 × 10^286 |
| 105 | ov_105 | 5.202814448994804 × 10^286 |
| 104 | ov_104 | 6.2925747432461255 × 10^286 |
| 103 | ov_103 | 7.679349829270606 × 10^286 |
| 102 | ov_102 | 9.422814912651698 × 10^286 |
| 101 | ov_101 | 1.1586036489973703 × 10^287 |
| 100 | ov_100 | 1.4235720765108704 × 10^287 |
| 99 | ov_099 | 1.744249776144201 × 10^287 |
| 98 | ov_098 | 1.7442588967993476 × 10^287 |
| 97 | ov_097 | 1.7442874159846988 × 10^287 |
| 96 | aaa_78_29 | 3.100877821562156 × 10^287 |
| 95 | aaa_78_28 | 1.0436889027669582 × 10^288 |
| 94 | ov_094 | 3.452249615036775 × 10^288 |
| 93 | ov_093 | 8.243147396164564 × 10^288 |
| 92 | ov_092 | 1.6852114532857105 × 10^289 |
| 91 | ov_091 | 3.25689010256884 × 10^289 |
| 90 | ov_090 | 5.95198855059601 × 10^289 |
| 89 | ov_089 | 1.026682743683225 × 10^290 |
| 88 | ov_088 | 1.678145304792593 × 10^290 |
| 87 | ov_087 | 2.615971712252972 × 10^290 |
| 86 | ov_086 | 3.9149409763321145 × 10^290 |
| 85 | ov_085 | 5.658246247707661 × 10^290 |
| 84 | ov_084 | 7.937523850815785 × 10^290 |
| 83 | ov_083 | 1.0852892763264829 × 10^291 |
| 82 | ov_082 | 1.4513006258429554 × 10^291 |
| 81 | ov_081 | 1.9035117429084934 × 10^291 |
| 64 | lv_79_m31 | 2.1566238744603815 × 10^291 |
| 80 | ov_080 | 2.454516031125352 × 10^291 |
| 79 | ov_079 | 3.117784832966819 × 10^291 |
| 78 | ov_078 | 3.907679178987677 × 10^291 |
| 77 | ov_077 | 4.8394636147653 × 10^291 |
| 76 | ov_076 | 5.929322279476112 × 10^291 |
| 75 | ov_075 | 7.194377411209306 × 10^291 |
| 74 | ov_074 | 8.65271045577097 × 10^291 |
| 73 | ov_073 | 1.0323385957943932 × 10^292 |
| 63 | ov_063 | 1.1058838127637466 × 10^292 |
| 72 | ov_072 | 1.2226478417059025 × 10^292 |
| 71 | ov_071 | 1.4383102292431326 × 10^292 |
| 70 | ov_070 | 1.6815445778113258 × 10^292 |
| 69 | ov_069 | 1.954681028475773 × 10^292 |
| 68 | ov_068 | 2.260165896145189 × 10^292 |
| 67 | ov_067 | 2.6005678206893606 × 10^292 |
| 66 | ov_066 | 2.600569207464446 × 10^292 |
| 65 | ov_065 | 2.600575111254788 × 10^292 |
| 62 | ov_062 | 5.669609441253192 × 10^292 |
| 61 | ov_061 | 2.0653442206491874 × 10^293 |
| 60 | ov_060 | 5.908680630201011 × 10^293 |
| 59 | ov_059 | 1.424927450106387 × 10^294 |
| 58 | ov_058 | 2.890831226075053 × 10^294 |
| 57 | ov_057 | 5.221502129595877 × 10^294 |
| 56 | ov_056 | 8.933591458041119 × 10^294 |
| 55 | ov_055 | 1.464536695656589 × 10^295 |
| 54 | ov_054 | 2.3076728279790095 × 10^295 |
| 53 | ov_053 | 3.5049238247993674 × 10^295 |
| 52 | ov_052 | 5.148618117861031 × 10^295 |
| 51 | ov_051 | 7.341266761348222 × 10^295 |
| 50 | ov_050 | 1.0195581408937279 × 10^296 |
| 49 | ov_049 | 1.383450343108773 × 10^296 |
| 48 | ov_048 | 1.839124847818091 × 10^296 |
| 47 | ov_047 | 2.4009371465328233 × 10^296 |
| 32 | lv_80_m31 | 2.6522016701490344 × 10^296 |
| 46 | ov_046 | 3.0842857625770083 × 10^296 |
| 45 | ov_045 | 3.905624595226267 × 10^296 |
| 44 | ov_044 | 4.8824792020335 × 10^296 |
| 43 | ov_043 | 6.033467786455731 × 10^296 |
| 42 | ov_042 | 7.378327725990138 × 10^296 |
| 41 | ov_041 | 8.937948544597567 × 10^296 |
| 40 | ov_040 | 1.0734412302360996 × 10^297 |
| 39 | ov_039 | 1.2791042445218053 × 10^297 |
| 31 | ov_031 | 1.3599232676882538 × 10^297 |
| 38 | ov_038 | 1.5132462228357767 × 10^297 |
| 37 | ov_037 | 1.7784663898645374 × 10^297 |
| 36 | ov_036 | 2.0775089894412417 × 10^297 |
| 35 | ov_035 | 2.41327273953099 × 10^297 |
| 34 | ov_034 | 2.7888217630870996 × 10^297 |
| 33 | ov_033 | 3.207398143418228 × 10^297 |
| 30 | ov_030 | 6.971627219583007 × 10^297 |
| 29 | ov_029 | 2.280259784817014 × 10^298 |
| 28 | ov_028 | 5.91699901693215 × 10^298 |
| 27 | ov_027 | 1.4253570735714554 × 10^299 |
| 26 | ov_026 | 3.1143542848660587 × 10^299 |
| 25 | ov_025 | 6.168972637860166 × 10^299 |
| 24 | ov_024 | 1.1224420703551292 × 10^300 |
| 23 | ov_023 | 1.9040844320075024 × 10^300 |
| 22 | ov_022 | 3.050335141774218 × 10^300 |
| 21 | ov_021 | 4.662206473270696 × 10^300 |
| 20 | ov_020 | 6.853221796240567 × 10^300 |
| 19 | ov_019 | 9.749431513338951 × 10^300 |
| 18 | ov_018 | 1.3489438367326842 × 10^301 |
| 17 | ov_017 | 1.8224436476326023 × 10^301 |
| 16 | ov_016 | 2.4118269449927608 × 10^301 |
| 15 | ov_015 | 3.1347513752177105 × 10^301 |
| 14 | ov_014 | 4.010159429107815 × 10^301 |
| 13 | ov_013 | 5.058294002857598 × 10^301 |
| 12 | ov_012 | 6.300718822050427 × 10^301 |
| 11 | ov_011 | 7.760344671346437 × 10^301 |
| 10 | ov_010 | 9.461462454613212 × 10^301 |
| 9 | ov_009 | 1.142978419275004 × 10^302 |
| 8 | ov_008 | 1.3692493149594235 × 10^302 |
| 7 | ov_007 | 1.6278304360306739 × 10^302 |
| 6 | ov_006 | 1.9217536921802798 × 10^302 |
| 5 | ov_005 | 2.2542199491469113 × 10^302 |
| 4 | ov_004 | 2.628609052900201 × 10^302 |
| 3 | ov_003 | 3.0484914907193765 × 10^302 |
| 2 | ov_002 | 3.5176418611441017 × 10^302 |
| 1 | ov_001 | 4.040054334528727 × 10^302 |

