# Results for O009010-F017-F018-F019-F020-F021-F022-F023-F024-F025-F026-F027-F028-F029-F030-F031-F032-F033-F034-F035-F036-F037-F038-F039-F040-F041-F042-F043-F044-F045-F046-F047-F048-F049-F050-F051-F052-F053-F054-F055-F056-F057-F058-F059-F060-F061-F062-F063-F064-F065-F066-F067-F068-F069-F070-F071-F072-F073-F074-F075-F076-F077-F078-F079-F080-F081-F082-F083-F084-F085-F086-F087-F088-F089-F090-F091-F092-F093-F094-F095-F096-F097-F098-F099-F100-F101-F102-F103-F104-F105-F106-F107-F108-F109-F110-F111-F112-F113-F114-F115-F116-F117-F118-F119-F120-F121-F122-F123-F124-F125-F126-F127-F128-F129-F130-F131-F132-F133-F134-F135-F136-F137-F138-F139-F140-F141-F142-F143-F144-F145-F146-F147-F148-F149-F150-F151-F152-F153-F154-F155-F156-F157-F158-F159-F160-F161-F162-F163-F164-F165-F166-F167-F168-F169-F170-F171-F172-F173-F174-F175-F176-F177-F178-F179-F180-F181-F182-F183-F184-F185-F186-F187-F188-F189-F190-F191-F192-F193-F194-F195-F196-F197-F198-F199-F200-F201-F202-F203-F204-F205-F206-F207-F208-F209-F210-F211-F212-F213-F214-F215-F216-F217-F218-F219-F220-F221-F222-F223-F224-F225-F226-F227-F228-F229-F230-F231-F232-F233-F234-F235-F236-F237-F238-F239-F240-F241-F242-F243-F244-F245-F246-F247-F248-F249-F250-F251-F252-F253-F254-F255-F256-F257-F258-F259-F260-F261-F262-F263-F264-F265-F266-F267-F268-F269-F270-F271-F272-F273-F274-F275-F276-F277-F278-F279-F280-F281-F282-F283-F284-F285-F286-F287-F288-F289-F290-F291-F292-F293-F294-F295-F296-F297-F298-F299-F300-F301-F302-F303-F304-F305-F306-F307-F308-F309-F310-F311-F312-F313-F314-F315-F316-F317-F318-F319-F320-F321-F322-F323-F324-F325-F326-F327-F328-F329-F330-F331-F332-F333-F334-F335-F336-F337-F338-F339-F340-F341-F342-F343-F344-F345-F346-F347-F348-F349-F350-F351-F352-F353-F354-F355-F356-F357-F358-F359-F360-F361-F362-F363-F364-F365-F366-F367-F368-F369-F370-F371-F372-F373-F374-F375-F376-F377-F378-F379-F380-F381-F382-F383-F384-F385-F386-F387-F388-F389-F390-F391-F392-F393-F394-F395-F396-F397-F398-F399-F400-F401-F402-F403-F404-F405-F406-F407-F408-F409-F410-F411-F412-F413-F414-F415-F416-F417-F418-F419-F420-F421-F422-F423-F424-F425-F426-F427-F428-F429-F430-F431-F432-F433-F434-F435-F436-F437-F438-F439-F440-F441-F442-F443-F444-F445-F446-F447-F448-F449-F450-F451-F452-F453-F454-F455-F456-F457-F458-F459-F460-F461-F462-F463-F464-F465-F466-F467-F468-F469-F470-F471-F472-F473-F474-F475-F476-F477-F478-F479-F480-F481-F482-F483-F484-F485-F486-F487-F488-F489-F490-F491-F492-F493-F494-F495-F496-F497-F498-F499-F500-F501-F502-F503-F504-F505-F506-F507-F508-F509-F510-F511-F512

## Summary

Number of input bits: 512  
Number of free input bits: 15  
Number of output bits: 160

Number of direct occurrences: 69173  
Number of assignments: 39439  
Number of operations: 19711588
(xor: 19672382,
and: 22543,
or: 16663)

Total complexity: 5.682022956834547 × 10^359

Least occurring input variable: iv_012 (4252)  
Most occurring input variable: iv_015 (4851)

Most co-occurring input variables: iv_004-iv_005 (2422)  
Least co-occurring input variables: iv_006-iv_012 (1958)

Potentially most occurring input variable: iv_011/iv_015 (5305)  
Potentially least occurring input variable: iv_002/iv_012 (4491)

Least output occurring input variable: iv_008 (72)  
Most output occurring input variable: iv_014 (87)

Most output co-occurring input variables: iv_002-iv_006 (51)  
Least output co-occurring input variables: iv_005-iv_011 (27)

Potentially most output occurring input variable: iv_003/iv_014 (97)  
Potentially least output occurring input variable: iv_006/iv_008 (66)

Least complex input bit: iv_016 (1.1973568992162724 × 10^356)  
Most complex input bit: iv_015 (1.3074474389971131 × 10^359)

Least complex output bit: aaa_76_29 (1.290710193042423 × 10^334)  
Most complex output bit: ov_001 (8.697391162324026 × 10^358)

Least complex input/output complexity: iv_016/aaa_76_29 (2.719877702481292 × 10^330)  
Most complex input/output complexity: iv_015/ov_001 (2.0012910696636206 × 10^358)

## Input Bits

### Input Bits in Regular Order

| Input Bit | Complexity | Occurrences | Output Occurrences |
|:---------:|:----------:|:-----------:|:------------------:|
| iv_001 | 3.65611449768669 × 10^356 | 4652 | 77 |
| iv_002 | 1.5825475686554486 × 10^357 | 4435 | 87 |
| iv_003 | 4.5526866046889413 × 10^357 | 4570 | 82 |
| iv_004 | 9.902922028129516 × 10^357 | 4595 | 82 |
| iv_005 | 1.5875401955802006 × 10^358 | 4747 | 78 |
| iv_006 | 2.192670429617367 × 10^358 | 4461 | 82 |
| iv_007 | 2.843688316224768 × 10^358 | 4482 | 73 |
| iv_008 | 3.581551077948697 × 10^358 | 4612 | 72 |
| iv_009 | 3.0854151183083972 × 10^358 | 4719 | 79 |
| iv_011 | 3.9203742422549 × 10^358 | 4750 | 72 |
| iv_012 | 5.908186320191206 × 10^358 | 4252 | 86 |
| iv_013 | 8.180123333223685 × 10^358 | 4674 | 85 |
| iv_014 | 1.0793855810908764 × 10^359 | 4769 | 87 |
| iv_015 | 1.3074474389971131 × 10^359 | 4851 | 74 |
| iv_016 | 1.1973568992162724 × 10^356 | 4604 | 84 |

### Input Bits Sorted by Complexity

| Input Bit | Complexity | Occurrences | Output Occurrences |
|:---------:|:----------:|:-----------:|:------------------:|
| iv_016 | 1.1973568992162724 × 10^356 | 4604 | 84 |
| iv_001 | 3.65611449768669 × 10^356 | 4652 | 77 |
| iv_002 | 1.5825475686554486 × 10^357 | 4435 | 87 |
| iv_003 | 4.5526866046889413 × 10^357 | 4570 | 82 |
| iv_004 | 9.902922028129516 × 10^357 | 4595 | 82 |
| iv_005 | 1.5875401955802006 × 10^358 | 4747 | 78 |
| iv_006 | 2.192670429617367 × 10^358 | 4461 | 82 |
| iv_007 | 2.843688316224768 × 10^358 | 4482 | 73 |
| iv_009 | 3.0854151183083972 × 10^358 | 4719 | 79 |
| iv_008 | 3.581551077948697 × 10^358 | 4612 | 72 |
| iv_011 | 3.9203742422549 × 10^358 | 4750 | 72 |
| iv_012 | 5.908186320191206 × 10^358 | 4252 | 86 |
| iv_013 | 8.180123333223685 × 10^358 | 4674 | 85 |
| iv_014 | 1.0793855810908764 × 10^359 | 4769 | 87 |
| iv_015 | 1.3074474389971131 × 10^359 | 4851 | 74 |

### Input Bits Sorted by Occurrences

| Input Bit | Complexity | Occurrences | Output Occurrences |
|:---------:|:----------:|:-----------:|:------------------:|
| iv_012 | 5.908186320191206 × 10^358 | 4252 | 86 |
| iv_002 | 1.5825475686554486 × 10^357 | 4435 | 87 |
| iv_006 | 2.192670429617367 × 10^358 | 4461 | 82 |
| iv_007 | 2.843688316224768 × 10^358 | 4482 | 73 |
| iv_003 | 4.5526866046889413 × 10^357 | 4570 | 82 |
| iv_004 | 9.902922028129516 × 10^357 | 4595 | 82 |
| iv_016 | 1.1973568992162724 × 10^356 | 4604 | 84 |
| iv_008 | 3.581551077948697 × 10^358 | 4612 | 72 |
| iv_001 | 3.65611449768669 × 10^356 | 4652 | 77 |
| iv_013 | 8.180123333223685 × 10^358 | 4674 | 85 |
| iv_009 | 3.0854151183083972 × 10^358 | 4719 | 79 |
| iv_005 | 1.5875401955802006 × 10^358 | 4747 | 78 |
| iv_011 | 3.9203742422549 × 10^358 | 4750 | 72 |
| iv_014 | 1.0793855810908764 × 10^359 | 4769 | 87 |
| iv_015 | 1.3074474389971131 × 10^359 | 4851 | 74 |

### Input Bits Sorted by Output Occurrences

| Input Bit | Complexity | Occurrences | Output Occurrences |
|:---------:|:----------:|:-----------:|:------------------:|
| iv_008 | 3.581551077948697 × 10^358 | 4612 | 72 |
| iv_011 | 3.9203742422549 × 10^358 | 4750 | 72 |
| iv_007 | 2.843688316224768 × 10^358 | 4482 | 73 |
| iv_015 | 1.3074474389971131 × 10^359 | 4851 | 74 |
| iv_001 | 3.65611449768669 × 10^356 | 4652 | 77 |
| iv_005 | 1.5875401955802006 × 10^358 | 4747 | 78 |
| iv_009 | 3.0854151183083972 × 10^358 | 4719 | 79 |
| iv_006 | 2.192670429617367 × 10^358 | 4461 | 82 |
| iv_003 | 4.5526866046889413 × 10^357 | 4570 | 82 |
| iv_004 | 9.902922028129516 × 10^357 | 4595 | 82 |
| iv_016 | 1.1973568992162724 × 10^356 | 4604 | 84 |
| iv_013 | 8.180123333223685 × 10^358 | 4674 | 85 |
| iv_012 | 5.908186320191206 × 10^358 | 4252 | 86 |
| iv_002 | 1.5825475686554486 × 10^357 | 4435 | 87 |
| iv_014 | 1.0793855810908764 × 10^359 | 4769 | 87 |

## Input Bit Co-occurrences

### Input Bit Co-occurrences Sorted by Co-occurrences

| Input Bits | Co-occurrences | Potential Occurrences | Output Co-occurrences | Potential Output Occurrences |
|:----------:|:--------------:|:---------------------:|:---------------------:|:----------------------------:|
| iv_004-iv_005 | 2422 | 4498 | 41 | 78 |
| iv_014-iv_015 | 2352 | 4916 | 44 | 73 |
| iv_008-iv_013 | 2326 | 4634 | 39 | 79 |
| iv_005-iv_015 | 2313 | 4972 | 39 | 74 |
| iv_005-iv_009 | 2296 | 4874 | 41 | 75 |
| iv_001-iv_006 | 2266 | 4581 | 37 | 85 |
| iv_013-iv_014 | 2265 | 4913 | 45 | 82 |
| iv_003-iv_004 | 2262 | 4641 | 40 | 84 |
| iv_011-iv_016 | 2261 | 4832 | 37 | 82 |
| iv_007-iv_008 | 2260 | 4574 | 35 | 75 |
| iv_004-iv_014 | 2259 | 4846 | 50 | 69 |
| iv_004-iv_009 | 2252 | 4810 | 43 | 75 |
| iv_001-iv_016 | 2247 | 4762 | 40 | 81 |
| iv_001-iv_011 | 2241 | 4920 | 34 | 81 |
| iv_008-iv_009 | 2240 | 4851 | 29 | 93 |

### Input Bit Co-occurrences Sorted by Potential Occurrences

| Input Bits | Co-occurrences | Potential Occurrences | Output Co-occurrences | Potential Output Occurrences |
|:----------:|:--------------:|:---------------------:|:---------------------:|:----------------------------:|
| iv_002-iv_012 | 2098 | 4491 | 45 | 83 |
| iv_004-iv_005 | 2422 | 4498 | 41 | 78 |
| iv_007-iv_012 | 2087 | 4560 | 40 | 79 |
| iv_002-iv_007 | 2175 | 4567 | 36 | 88 |
| iv_007-iv_008 | 2260 | 4574 | 35 | 75 |
| iv_001-iv_006 | 2266 | 4581 | 37 | 85 |
| iv_008-iv_013 | 2326 | 4634 | 39 | 79 |
| iv_003-iv_004 | 2262 | 4641 | 40 | 84 |
| iv_008-iv_012 | 2092 | 4680 | 42 | 74 |
| iv_001-iv_007 | 2225 | 4684 | 39 | 72 |
| iv_012-iv_013 | 2115 | 4696 | 43 | 85 |
| iv_003-iv_008 | 2239 | 4704 | 42 | 70 |
| iv_003-iv_007 | 2174 | 4704 | 33 | 89 |
| iv_003-iv_012 | 2052 | 4718 | 41 | 86 |
| iv_002-iv_003 | 2139 | 4727 | 45 | 79 |

### Input Bit Output Co-occurrences Sorted by Output Co-occurrences

| Input Bits | Co-occurrences | Potential Occurrences | Output Co-occurrences | Potential Output Occurrences |
|:----------:|:--------------:|:---------------------:|:---------------------:|:----------------------------:|
| iv_002-iv_006 | 2052 | 4792 | 51 | 67 |
| iv_012-iv_016 | 1985 | 4886 | 50 | 70 |
| iv_004-iv_014 | 2259 | 4846 | 50 | 69 |
| iv_002-iv_005 | 2152 | 4878 | 47 | 71 |
| iv_002-iv_014 | 2156 | 4892 | 47 | 80 |
| iv_003-iv_006 | 2115 | 4801 | 47 | 70 |
| iv_012-iv_014 | 2081 | 4859 | 47 | 79 |
| iv_007-iv_014 | 2196 | 4859 | 46 | 68 |
| iv_005-iv_012 | 2106 | 4787 | 46 | 72 |
| iv_013-iv_014 | 2265 | 4913 | 45 | 82 |
| iv_002-iv_003 | 2139 | 4727 | 45 | 79 |
| iv_002-iv_012 | 2098 | 4491 | 45 | 83 |
| iv_003-iv_016 | 2101 | 4972 | 45 | 76 |
| iv_006-iv_012 | 1958 | 4797 | 45 | 78 |
| iv_012-iv_015 | 2061 | 4981 | 45 | 70 |

### Input Bit Output Co-occurrences Sorted by Potential Output Occurrences

| Input Bits | Co-occurrences | Potential Occurrences | Output Co-occurrences | Potential Output Occurrences |
|:----------:|:--------------:|:---------------------:|:---------------------:|:----------------------------:|
| iv_006-iv_008 | 2081 | 4911 | 44 | 66 |
| iv_002-iv_006 | 2052 | 4792 | 51 | 67 |
| iv_007-iv_014 | 2196 | 4859 | 46 | 68 |
| iv_004-iv_014 | 2259 | 4846 | 50 | 69 |
| iv_003-iv_006 | 2115 | 4801 | 47 | 70 |
| iv_003-iv_008 | 2239 | 4704 | 42 | 70 |
| iv_012-iv_015 | 2061 | 4981 | 45 | 70 |
| iv_012-iv_016 | 1985 | 4886 | 50 | 70 |
| iv_011-iv_012 | 2046 | 4910 | 44 | 70 |
| iv_002-iv_005 | 2152 | 4878 | 47 | 71 |
| iv_008-iv_014 | 2161 | 5059 | 44 | 71 |
| iv_009-iv_011 | 2192 | 5085 | 40 | 71 |
| iv_005-iv_012 | 2106 | 4787 | 46 | 72 |
| iv_001-iv_007 | 2225 | 4684 | 39 | 72 |
| iv_014-iv_015 | 2352 | 4916 | 44 | 73 |

## Output Bits

### Output Bits in Regular Order

| Rank | Output Bit | Complexity |
|:----:|:----------:|:----------:|
| 1 | ov_001 | 8.697391162324026 × 10^358 |
| 2 | ov_002 | 7.594588853293198 × 10^358 |
| 3 | ov_003 | 6.603440679543932 × 10^358 |
| 4 | ov_004 | 5.71509473984805 × 10^358 |
| 5 | ov_005 | 4.921195565467551 × 10^358 |
| 6 | ov_006 | 4.213849415793048 × 10^358 |
| 7 | ov_007 | 3.585593672290007 × 10^358 |
| 8 | ov_008 | 3.0293699352171653 × 10^358 |
| 9 | ov_009 | 2.538500519176418 × 10^358 |
| 10 | ov_010 | 2.106668130334476 × 10^358 |
| 11 | ov_011 | 1.7308018723308096 × 10^358 |
| 12 | ov_012 | 1.4079983970014147 × 10^358 |
| 13 | ov_013 | 1.1329281705641823 × 10^358 |
| 14 | ov_014 | 9.005679106816335 × 10^357 |
| 15 | ov_015 | 7.061924426242348 × 10^357 |
| 16 | ov_016 | 5.453681774849402 × 10^357 |
| 17 | ov_017 | 4.1394797764666804 × 10^357 |
| 18 | ov_018 | 3.0806719356434605 × 10^357 |
| 19 | ov_019 | 2.2414067468746025 × 10^357 |
| 20 | ov_020 | 1.5886057604774964 × 10^357 |
| 21 | ov_021 | 1.091948006924477 × 10^357 |
| 22 | ov_022 | 7.23859367726672 × 10^356 |
| 23 | ov_023 | 4.5950566710420735 × 10^356 |
| 24 | ov_024 | 2.767884447359862 × 10^356 |
| 25 | ov_025 | 1.5634255590289463 × 10^356 |
| 26 | ov_026 | 8.153493056839022 × 10^355 |
| 27 | ov_027 | 3.846400281455416 × 10^355 |
| 28 | ov_028 | 1.5959485479539636 × 10^355 |
| 29 | ov_029 | 5.582297484732409 × 10^354 |
| 30 | ov_030 | 1.5335354927290061 × 10^354 |
| 31 | ov_031 | 2.9938509162127667 × 10^353 |
| 32 | lv_80_m31 | 5.843945643039078 × 10^352 |
| 33 | ov_033 | 7.231913484339631 × 10^353 |
| 34 | ov_034 | 6.32181180473321 × 10^353 |
| 35 | ov_035 | 5.5012642419412674 × 10^353 |
| 36 | ov_036 | 4.7664036162181 × 10^353 |
| 37 | ov_037 | 4.110130957435922 × 10^353 |
| 38 | ov_038 | 3.525736393057304 × 10^353 |
| 39 | ov_039 | 3.0068734941037657 × 10^353 |
| 40 | ov_040 | 2.5475369389588294 × 10^353 |
| 41 | ov_041 | 2.142043188947594 × 10^353 |
| 42 | ov_042 | 1.7850138864186108 × 10^353 |
| 43 | ov_043 | 1.4713617022278383 × 10^353 |
| 44 | ov_044 | 1.1986141046672516 × 10^353 |
| 45 | ov_045 | 9.644353642655767 × 10^352 |
| 46 | ov_046 | 7.66622006544676 × 10^352 |
| 47 | ov_047 | 6.0114958757188915 × 10^352 |
| 48 | ov_048 | 4.642421881791904 × 10^352 |
| 49 | ov_049 | 3.523680759862382 × 10^352 |
| 50 | ov_050 | 2.6223632609078 × 10^352 |
| 51 | ov_051 | 1.9079424502822504 × 10^352 |
| 52 | ov_052 | 1.3522545668411827 × 10^352 |
| 53 | ov_053 | 9.294852288958226 × 10^351 |
| 54 | ov_054 | 6.161598545410614 × 10^351 |
| 55 | ov_055 | 3.9113730401656264 × 10^351 |
| 56 | ov_056 | 2.356058918093025 × 10^351 |
| 57 | ov_057 | 1.3308105622202378 × 10^351 |
| 58 | ov_058 | 6.940411413484763 × 10^350 |
| 59 | ov_059 | 3.2741672183583053 × 10^350 |
| 60 | ov_060 | 1.3585397503821292 × 10^350 |
| 61 | ov_061 | 4.751950468068741 × 10^349 |
| 62 | ov_062 | 1.3054099668646947 × 10^349 |
| 63 | ov_063 | 2.5483178192102284 × 10^348 |
| 64 | lv_79_m31 | 4.97370559333436 × 10^347 |
| 65 | ov_065 | 6.101267011786476 × 10^348 |
| 66 | ov_066 | 6.101243669789476 × 10^348 |
| 67 | ov_067 | 6.101236197540008 × 10^348 |
| 68 | ov_068 | 5.325654635029693 × 10^348 |
| 69 | ov_069 | 4.628028966130852 × 10^348 |
| 70 | ov_070 | 4.002542902755818 × 10^348 |
| 71 | ov_071 | 3.443707321115445 × 10^348 |
| 72 | ov_072 | 2.946336761721012 × 10^348 |
| 73 | ov_073 | 2.505528727044135 × 10^348 |
| 74 | ov_074 | 2.116645506664518 × 10^348 |
| 75 | ov_075 | 1.7752983038841324 × 10^348 |
| 76 | ov_076 | 1.4773335088427825 × 10^348 |
| 77 | ov_077 | 1.218820975204014 × 10^348 |
| 78 | ov_078 | 9.960441139367094 × 10^347 |
| 79 | ov_079 | 8.054916030177118 × 10^347 |
| 80 | ov_080 | 6.438505244161709 × 10^347 |
| 81 | ov_081 | 5.080007520016209 × 10^347 |
| 82 | ov_082 | 3.9501042610184875 × 10^347 |
| 83 | ov_083 | 3.0213236237087414 × 10^347 |
| 84 | ov_084 | 2.2680125445135012 × 10^347 |
| 85 | ov_085 | 1.6663154166121083 × 10^347 |
| 86 | ov_086 | 1.1941582462607237 × 10^347 |
| 87 | ov_087 | 8.312372343527426 × 10^346 |
| 88 | ov_088 | 5.590108453397905 × 10^346 |
| 89 | ov_089 | 3.606945418549015 × 10^346 |
| 90 | ov_090 | 2.212574795285067 × 10^346 |
| 91 | ov_091 | 1.2742057260661917 × 10^346 |
| 92 | ov_092 | 6.765545708759094 × 10^345 |
| 93 | ov_093 | 3.2183993215058483 × 10^345 |
| 94 | ov_094 | 1.2978058505147385 × 10^345 |
| 95 | aaa_78_28 | 3.759476865649596 × 10^344 |
| 96 | aaa_78_29 | 7.28862703441347 × 10^343 |
| 97 | ov_097 | 9.19596656876178 × 10^343 |
| 98 | ov_098 | 9.195941369063987 × 10^343 |
| 99 | ov_099 | 9.195935268241863 × 10^343 |
| 100 | ov_100 | 8.025872265911322 × 10^343 |
| 101 | ov_101 | 6.975216999858383 × 10^343 |
| 102 | ov_102 | 6.03448898003268 × 10^343 |
| 103 | ov_103 | 5.194739173678829 × 10^343 |
| 104 | ov_104 | 4.4475142268839495 × 10^343 |
| 105 | ov_105 | 3.784825002055857 × 10^343 |
| 106 | ov_106 | 3.199118911856508 × 10^343 |
| 107 | ov_107 | 2.6832555863126653 × 10^343 |
| 108 | ov_108 | 2.230485517627961 × 10^343 |
| 109 | ov_109 | 1.8344314291923274 × 10^343 |
| 110 | ov_110 | 1.4919955750746206 × 10^343 |
| 111 | ov_111 | 1.2002545374678425 × 10^343 |
| 112 | ov_112 | 9.538600924028582 × 10^342 |
| 113 | ov_113 | 7.477849233133635 × 10^342 |
| 114 | ov_114 | 5.773146877971807 × 10^342 |
| 115 | ov_115 | 4.38041709315393 × 10^342 |
| 116 | ov_116 | 3.2586009560478183 × 10^342 |
| 117 | ov_117 | 2.369620573751361 × 10^342 |
| 118 | ov_118 | 1.6783520729343011 × 10^342 |
| 119 | ov_119 | 1.1526064226498886 × 10^342 |
| 120 | ov_120 | 7.6311634995762 × 10^341 |
| 121 | ov_121 | 4.835278377504999 × 10^341 |
| 122 | ov_122 | 2.903949236356485 × 10^341 |
| 123 | ov_123 | 1.631767481270575 × 10^341 |
| 124 | ov_124 | 8.423602883910716 × 10^340 |
| 125 | ov_125 | 3.883835916060971 × 10^340 |
| 126 | ov_126 | 1.5151931314468011 × 10^340 |
| 127 | aaa_77_28 | 4.247447065839045 × 10^339 |
| 128 | aaa_77_29 | 1.2926791694435493 × 10^339 |
| 129 | ov_129 | 7.704423244134109 × 10^338 |
| 130 | ov_130 | 7.704398046227756 × 10^338 |
| 131 | ov_131 | 7.704391934272565 × 10^338 |
| 132 | ov_132 | 6.723438006574627 × 10^338 |
| 133 | ov_133 | 5.848796557366066 × 10^338 |
| 134 | ov_134 | 5.071053403684889 × 10^338 |
| 135 | ov_135 | 4.381330262887293 × 10^338 |
| 136 | ov_136 | 3.771248050112693 × 10^338 |
| 137 | ov_137 | 3.2328942151891776 × 10^338 |
| 138 | ov_138 | 2.758793732478192 × 10^338 |
| 139 | ov_139 | 2.3418834675063652 × 10^338 |
| 140 | ov_140 | 1.9754896892454868 × 10^338 |
| 141 | ov_141 | 1.6533085099408544 × 10^338 |
| 142 | ov_142 | 1.3693890469836677 × 10^338 |
| 143 | ov_143 | 1.1208421694894866 × 10^338 |
| 144 | ov_144 | 9.049448215275787 × 10^337 |
| 145 | ov_145 | 7.191346061094257 × 10^337 |
| 146 | ov_146 | 5.610053995423197 × 10^337 |
| 147 | ov_147 | 4.283038685521744 × 10^337 |
| 148 | ov_148 | 3.1892675486651327 × 10^337 |
| 149 | ov_149 | 2.309188032041087 × 10^337 |
| 150 | ov_150 | 1.6247121982816863 × 10^337 |
| 151 | ov_151 | 1.1040169012234361 × 10^337 |
| 152 | ov_152 | 7.18165341063804 × 10^336 |
| 153 | ov_153 | 4.410986714089652 × 10^336 |
| 154 | ov_154 | 2.496308531726007 × 10^336 |
| 155 | ov_155 | 1.2344572074723295 × 10^336 |
| 156 | aaa_76_25 | 4.509548866683724 × 10^335 |
| 157 | aaa_76_26 | 2.3553500349794153 × 10^335 |
| 158 | aaa_76_27 | 1.0856980621311095 × 10^335 |
| 159 | aaa_76_28 | 4.2348504155850814 × 10^334 |
| 160 | aaa_76_29 | 1.290710193042423 × 10^334 |

### Output Bits Sorted by Complexity

| Rank | Output Bit | Complexity |
|:----:|:----------:|:----------:|
| 160 | aaa_76_29 | 1.290710193042423 × 10^334 |
| 159 | aaa_76_28 | 4.2348504155850814 × 10^334 |
| 158 | aaa_76_27 | 1.0856980621311095 × 10^335 |
| 157 | aaa_76_26 | 2.3553500349794153 × 10^335 |
| 156 | aaa_76_25 | 4.509548866683724 × 10^335 |
| 155 | ov_155 | 1.2344572074723295 × 10^336 |
| 154 | ov_154 | 2.496308531726007 × 10^336 |
| 153 | ov_153 | 4.410986714089652 × 10^336 |
| 152 | ov_152 | 7.18165341063804 × 10^336 |
| 151 | ov_151 | 1.1040169012234361 × 10^337 |
| 150 | ov_150 | 1.6247121982816863 × 10^337 |
| 149 | ov_149 | 2.309188032041087 × 10^337 |
| 148 | ov_148 | 3.1892675486651327 × 10^337 |
| 147 | ov_147 | 4.283038685521744 × 10^337 |
| 146 | ov_146 | 5.610053995423197 × 10^337 |
| 145 | ov_145 | 7.191346061094257 × 10^337 |
| 144 | ov_144 | 9.049448215275787 × 10^337 |
| 143 | ov_143 | 1.1208421694894866 × 10^338 |
| 142 | ov_142 | 1.3693890469836677 × 10^338 |
| 141 | ov_141 | 1.6533085099408544 × 10^338 |
| 140 | ov_140 | 1.9754896892454868 × 10^338 |
| 139 | ov_139 | 2.3418834675063652 × 10^338 |
| 138 | ov_138 | 2.758793732478192 × 10^338 |
| 137 | ov_137 | 3.2328942151891776 × 10^338 |
| 136 | ov_136 | 3.771248050112693 × 10^338 |
| 135 | ov_135 | 4.381330262887293 × 10^338 |
| 134 | ov_134 | 5.071053403684889 × 10^338 |
| 133 | ov_133 | 5.848796557366066 × 10^338 |
| 132 | ov_132 | 6.723438006574627 × 10^338 |
| 131 | ov_131 | 7.704391934272565 × 10^338 |
| 130 | ov_130 | 7.704398046227756 × 10^338 |
| 129 | ov_129 | 7.704423244134109 × 10^338 |
| 128 | aaa_77_29 | 1.2926791694435493 × 10^339 |
| 127 | aaa_77_28 | 4.247447065839045 × 10^339 |
| 126 | ov_126 | 1.5151931314468011 × 10^340 |
| 125 | ov_125 | 3.883835916060971 × 10^340 |
| 124 | ov_124 | 8.423602883910716 × 10^340 |
| 123 | ov_123 | 1.631767481270575 × 10^341 |
| 122 | ov_122 | 2.903949236356485 × 10^341 |
| 121 | ov_121 | 4.835278377504999 × 10^341 |
| 120 | ov_120 | 7.6311634995762 × 10^341 |
| 119 | ov_119 | 1.1526064226498886 × 10^342 |
| 118 | ov_118 | 1.6783520729343011 × 10^342 |
| 117 | ov_117 | 2.369620573751361 × 10^342 |
| 116 | ov_116 | 3.2586009560478183 × 10^342 |
| 115 | ov_115 | 4.38041709315393 × 10^342 |
| 114 | ov_114 | 5.773146877971807 × 10^342 |
| 113 | ov_113 | 7.477849233133635 × 10^342 |
| 112 | ov_112 | 9.538600924028582 × 10^342 |
| 111 | ov_111 | 1.2002545374678425 × 10^343 |
| 110 | ov_110 | 1.4919955750746206 × 10^343 |
| 109 | ov_109 | 1.8344314291923274 × 10^343 |
| 108 | ov_108 | 2.230485517627961 × 10^343 |
| 107 | ov_107 | 2.6832555863126653 × 10^343 |
| 106 | ov_106 | 3.199118911856508 × 10^343 |
| 105 | ov_105 | 3.784825002055857 × 10^343 |
| 104 | ov_104 | 4.4475142268839495 × 10^343 |
| 103 | ov_103 | 5.194739173678829 × 10^343 |
| 102 | ov_102 | 6.03448898003268 × 10^343 |
| 101 | ov_101 | 6.975216999858383 × 10^343 |
| 96 | aaa_78_29 | 7.28862703441347 × 10^343 |
| 100 | ov_100 | 8.025872265911322 × 10^343 |
| 99 | ov_099 | 9.195935268241863 × 10^343 |
| 98 | ov_098 | 9.195941369063987 × 10^343 |
| 97 | ov_097 | 9.19596656876178 × 10^343 |
| 95 | aaa_78_28 | 3.759476865649596 × 10^344 |
| 94 | ov_094 | 1.2978058505147385 × 10^345 |
| 93 | ov_093 | 3.2183993215058483 × 10^345 |
| 92 | ov_092 | 6.765545708759094 × 10^345 |
| 91 | ov_091 | 1.2742057260661917 × 10^346 |
| 90 | ov_090 | 2.212574795285067 × 10^346 |
| 89 | ov_089 | 3.606945418549015 × 10^346 |
| 88 | ov_088 | 5.590108453397905 × 10^346 |
| 87 | ov_087 | 8.312372343527426 × 10^346 |
| 86 | ov_086 | 1.1941582462607237 × 10^347 |
| 85 | ov_085 | 1.6663154166121083 × 10^347 |
| 84 | ov_084 | 2.2680125445135012 × 10^347 |
| 83 | ov_083 | 3.0213236237087414 × 10^347 |
| 82 | ov_082 | 3.9501042610184875 × 10^347 |
| 64 | lv_79_m31 | 4.97370559333436 × 10^347 |
| 81 | ov_081 | 5.080007520016209 × 10^347 |
| 80 | ov_080 | 6.438505244161709 × 10^347 |
| 79 | ov_079 | 8.054916030177118 × 10^347 |
| 78 | ov_078 | 9.960441139367094 × 10^347 |
| 77 | ov_077 | 1.218820975204014 × 10^348 |
| 76 | ov_076 | 1.4773335088427825 × 10^348 |
| 75 | ov_075 | 1.7752983038841324 × 10^348 |
| 74 | ov_074 | 2.116645506664518 × 10^348 |
| 73 | ov_073 | 2.505528727044135 × 10^348 |
| 63 | ov_063 | 2.5483178192102284 × 10^348 |
| 72 | ov_072 | 2.946336761721012 × 10^348 |
| 71 | ov_071 | 3.443707321115445 × 10^348 |
| 70 | ov_070 | 4.002542902755818 × 10^348 |
| 69 | ov_069 | 4.628028966130852 × 10^348 |
| 68 | ov_068 | 5.325654635029693 × 10^348 |
| 67 | ov_067 | 6.101236197540008 × 10^348 |
| 66 | ov_066 | 6.101243669789476 × 10^348 |
| 65 | ov_065 | 6.101267011786476 × 10^348 |
| 62 | ov_062 | 1.3054099668646947 × 10^349 |
| 61 | ov_061 | 4.751950468068741 × 10^349 |
| 60 | ov_060 | 1.3585397503821292 × 10^350 |
| 59 | ov_059 | 3.2741672183583053 × 10^350 |
| 58 | ov_058 | 6.940411413484763 × 10^350 |
| 57 | ov_057 | 1.3308105622202378 × 10^351 |
| 56 | ov_056 | 2.356058918093025 × 10^351 |
| 55 | ov_055 | 3.9113730401656264 × 10^351 |
| 54 | ov_054 | 6.161598545410614 × 10^351 |
| 53 | ov_053 | 9.294852288958226 × 10^351 |
| 52 | ov_052 | 1.3522545668411827 × 10^352 |
| 51 | ov_051 | 1.9079424502822504 × 10^352 |
| 50 | ov_050 | 2.6223632609078 × 10^352 |
| 49 | ov_049 | 3.523680759862382 × 10^352 |
| 48 | ov_048 | 4.642421881791904 × 10^352 |
| 32 | lv_80_m31 | 5.843945643039078 × 10^352 |
| 47 | ov_047 | 6.0114958757188915 × 10^352 |
| 46 | ov_046 | 7.66622006544676 × 10^352 |
| 45 | ov_045 | 9.644353642655767 × 10^352 |
| 44 | ov_044 | 1.1986141046672516 × 10^353 |
| 43 | ov_043 | 1.4713617022278383 × 10^353 |
| 42 | ov_042 | 1.7850138864186108 × 10^353 |
| 41 | ov_041 | 2.142043188947594 × 10^353 |
| 40 | ov_040 | 2.5475369389588294 × 10^353 |
| 31 | ov_031 | 2.9938509162127667 × 10^353 |
| 39 | ov_039 | 3.0068734941037657 × 10^353 |
| 38 | ov_038 | 3.525736393057304 × 10^353 |
| 37 | ov_037 | 4.110130957435922 × 10^353 |
| 36 | ov_036 | 4.7664036162181 × 10^353 |
| 35 | ov_035 | 5.5012642419412674 × 10^353 |
| 34 | ov_034 | 6.32181180473321 × 10^353 |
| 33 | ov_033 | 7.231913484339631 × 10^353 |
| 30 | ov_030 | 1.5335354927290061 × 10^354 |
| 29 | ov_029 | 5.582297484732409 × 10^354 |
| 28 | ov_028 | 1.5959485479539636 × 10^355 |
| 27 | ov_027 | 3.846400281455416 × 10^355 |
| 26 | ov_026 | 8.153493056839022 × 10^355 |
| 25 | ov_025 | 1.5634255590289463 × 10^356 |
| 24 | ov_024 | 2.767884447359862 × 10^356 |
| 23 | ov_023 | 4.5950566710420735 × 10^356 |
| 22 | ov_022 | 7.23859367726672 × 10^356 |
| 21 | ov_021 | 1.091948006924477 × 10^357 |
| 20 | ov_020 | 1.5886057604774964 × 10^357 |
| 19 | ov_019 | 2.2414067468746025 × 10^357 |
| 18 | ov_018 | 3.0806719356434605 × 10^357 |
| 17 | ov_017 | 4.1394797764666804 × 10^357 |
| 16 | ov_016 | 5.453681774849402 × 10^357 |
| 15 | ov_015 | 7.061924426242348 × 10^357 |
| 14 | ov_014 | 9.005679106816335 × 10^357 |
| 13 | ov_013 | 1.1329281705641823 × 10^358 |
| 12 | ov_012 | 1.4079983970014147 × 10^358 |
| 11 | ov_011 | 1.7308018723308096 × 10^358 |
| 10 | ov_010 | 2.106668130334476 × 10^358 |
| 9 | ov_009 | 2.538500519176418 × 10^358 |
| 8 | ov_008 | 3.0293699352171653 × 10^358 |
| 7 | ov_007 | 3.585593672290007 × 10^358 |
| 6 | ov_006 | 4.213849415793048 × 10^358 |
| 5 | ov_005 | 4.921195565467551 × 10^358 |
| 4 | ov_004 | 5.71509473984805 × 10^358 |
| 3 | ov_003 | 6.603440679543932 × 10^358 |
| 2 | ov_002 | 7.594588853293198 × 10^358 |
| 1 | ov_001 | 8.697391162324026 × 10^358 |

