# Results for E002012-F017-F018-F019-F020-F021-F022-F023-F024-F025-F026-F027-F028-F029-F030-F031-F032-F033-F034-F035-F036-F037-F038-F039-F040-F041-F042-F043-F044-F045-F046-F047-F048-F049-F050-F051-F052-F053-F054-F055-F056-F057-F058-F059-F060-F061-F062-F063-F064-F065-F066-F067-F068-F069-F070-F071-F072-F073-F074-F075-F076-F077-F078-F079-F080-F081-F082-F083-F084-F085-F086-F087-F088-F089-F090-F091-F092-F093-F094-F095-F096-F097-F098-F099-F100-F101-F102-F103-F104-F105-F106-F107-F108-F109-F110-F111-F112-F113-F114-F115-F116-F117-F118-F119-F120-F121-F122-F123-F124-F125-F126-F127-F128-F129-F130-F131-F132-F133-F134-F135-F136-F137-F138-F139-F140-F141-F142-F143-F144-F145-F146-F147-F148-F149-F150-F151-F152-F153-F154-F155-F156-F157-F158-F159-F160-F161-F162-F163-F164-F165-F166-F167-F168-F169-F170-F171-F172-F173-F174-F175-F176-F177-F178-F179-F180-F181-F182-F183-F184-F185-F186-F187-F188-F189-F190-F191-F192-F193-F194-F195-F196-F197-F198-F199-F200-F201-F202-F203-F204-F205-F206-F207-F208-F209-F210-F211-F212-F213-F214-F215-F216-F217-F218-F219-F220-F221-F222-F223-F224-F225-F226-F227-F228-F229-F230-F231-F232-F233-F234-F235-F236-F237-F238-F239-F240-F241-F242-F243-F244-F245-F246-F247-F248-F249-F250-F251-F252-F253-F254-F255-F256-F257-F258-F259-F260-F261-F262-F263-F264-F265-F266-F267-F268-F269-F270-F271-F272-F273-F274-F275-F276-F277-F278-F279-F280-F281-F282-F283-F284-F285-F286-F287-F288-F289-F290-F291-F292-F293-F294-F295-F296-F297-F298-F299-F300-F301-F302-F303-F304-F305-F306-F307-F308-F309-F310-F311-F312-F313-F314-F315-F316-F317-F318-F319-F320-F321-F322-F323-F324-F325-F326-F327-F328-F329-F330-F331-F332-F333-F334-F335-F336-F337-F338-F339-F340-F341-F342-F343-F344-F345-F346-F347-F348-F349-F350-F351-F352-F353-F354-F355-F356-F357-F358-F359-F360-F361-F362-F363-F364-F365-F366-F367-F368-F369-F370-F371-F372-F373-F374-F375-F376-F377-F378-F379-F380-F381-F382-F383-F384-F385-F386-F387-F388-F389-F390-F391-F392-F393-F394-F395-F396-F397-F398-F399-F400-F401-F402-F403-F404-F405-F406-F407-F408-F409-F410-F411-F412-F413-F414-F415-F416-F417-F418-F419-F420-F421-F422-F423-F424-F425-F426-F427-F428-F429-F430-F431-F432-F433-F434-F435-F436-F437-F438-F439-F440-F441-F442-F443-F444-F445-F446-F447-F448-F449-F450-F451-F452-F453-F454-F455-F456-F457-F458-F459-F460-F461-F462-F463-F464-F465-F466-F467-F468-F469-F470-F471-F472-F473-F474-F475-F476-F477-F478-F479-F480-F481-F482-F483-F484-F485-F486-F487-F488-F489-F490-F491-F492-F493-F494-F495-F496-F497-F498-F499-F500-F501-F502-F503-F504-F505-F506-F507-F508-F509-F510-F511-F512

## Summary

Number of input bits: 512  
Number of free input bits: 15  
Number of output bits: 160

Number of direct occurrences: 68088  
Number of assignments: 39175  
Number of operations: 19122389
(xor: 19084843,
and: 20890,
or: 16656)

Total complexity: 9.781780768213686 × 10^355

Least occurring input variable: iv_007 (4356)  
Most occurring input variable: iv_015 (4856)

Most co-occurring input variables: iv_005-iv_015 (2353)  
Least co-occurring input variables: iv_002-iv_011 (1948)

Potentially most occurring input variable: iv_011/iv_015 (5220)  
Potentially least occurring input variable: iv_008/iv_009 (4448)

Least output occurring input variable: iv_011 (63)  
Most output occurring input variable: iv_015 (86)

Most output co-occurring input variables: iv_005-iv_015 (50)  
Least output co-occurring input variables: iv_005-iv_011 (20)

Potentially most output occurring input variable: iv_005/iv_011 (96)  
Potentially least output occurring input variable: iv_005/iv_015 (59)

Least complex input bit: iv_016 (1.4302137839548675 × 10^352)  
Most complex input bit: iv_015 (1.989521856491972 × 10^355)

Least complex output bit: aaa_76_29 (2.0540195984499524 × 10^331)  
Most complex output bit: ov_001 (1.4974699250343623 × 10^355)

Least complex input/output complexity: iv_016/aaa_76_29 (3.003223249249971 × 10^327)  
Most complex input/output complexity: iv_015/ov_001 (3.045712448367738 × 10^354)

## Input Bits

### Input Bits in Regular Order

| Input Bit | Complexity | Occurrences | Output Occurrences |
|:---------:|:----------:|:-----------:|:------------------:|
| iv_001 | 4.367140118148027 × 10^352 | 4569 | 75 |
| iv_002 | 1.1524239956442887 × 10^355 | 4436 | 82 |
| iv_003 | 5.438073760893495 × 10^353 | 4375 | 75 |
| iv_004 | 1.1828800247722017 × 10^354 | 4541 | 77 |
| iv_005 | 1.8962782707373038 × 10^354 | 4619 | 73 |
| iv_006 | 2.619091662779623 × 10^354 | 4403 | 80 |
| iv_007 | 3.3967167431850774 × 10^354 | 4356 | 81 |
| iv_008 | 4.2780759212006693 × 10^354 | 4447 | 69 |
| iv_009 | 5.377907034555497 × 10^354 | 4629 | 84 |
| iv_010 | 6.864640821238316 × 10^354 | 4483 | 83 |
| iv_011 | 8.960867896763359 × 10^354 | 4646 | 63 |
| iv_013 | 1.4049034900336448 × 10^355 | 4539 | 78 |
| iv_014 | 1.7171074970095523 × 10^355 | 4685 | 83 |
| iv_015 | 1.989521856491972 × 10^355 | 4856 | 86 |
| iv_016 | 1.4302137839548675 × 10^352 | 4504 | 79 |

### Input Bits Sorted by Complexity

| Input Bit | Complexity | Occurrences | Output Occurrences |
|:---------:|:----------:|:-----------:|:------------------:|
| iv_016 | 1.4302137839548675 × 10^352 | 4504 | 79 |
| iv_001 | 4.367140118148027 × 10^352 | 4569 | 75 |
| iv_003 | 5.438073760893495 × 10^353 | 4375 | 75 |
| iv_004 | 1.1828800247722017 × 10^354 | 4541 | 77 |
| iv_005 | 1.8962782707373038 × 10^354 | 4619 | 73 |
| iv_006 | 2.619091662779623 × 10^354 | 4403 | 80 |
| iv_007 | 3.3967167431850774 × 10^354 | 4356 | 81 |
| iv_008 | 4.2780759212006693 × 10^354 | 4447 | 69 |
| iv_009 | 5.377907034555497 × 10^354 | 4629 | 84 |
| iv_010 | 6.864640821238316 × 10^354 | 4483 | 83 |
| iv_011 | 8.960867896763359 × 10^354 | 4646 | 63 |
| iv_002 | 1.1524239956442887 × 10^355 | 4436 | 82 |
| iv_013 | 1.4049034900336448 × 10^355 | 4539 | 78 |
| iv_014 | 1.7171074970095523 × 10^355 | 4685 | 83 |
| iv_015 | 1.989521856491972 × 10^355 | 4856 | 86 |

### Input Bits Sorted by Occurrences

| Input Bit | Complexity | Occurrences | Output Occurrences |
|:---------:|:----------:|:-----------:|:------------------:|
| iv_007 | 3.3967167431850774 × 10^354 | 4356 | 81 |
| iv_003 | 5.438073760893495 × 10^353 | 4375 | 75 |
| iv_006 | 2.619091662779623 × 10^354 | 4403 | 80 |
| iv_002 | 1.1524239956442887 × 10^355 | 4436 | 82 |
| iv_008 | 4.2780759212006693 × 10^354 | 4447 | 69 |
| iv_010 | 6.864640821238316 × 10^354 | 4483 | 83 |
| iv_016 | 1.4302137839548675 × 10^352 | 4504 | 79 |
| iv_013 | 1.4049034900336448 × 10^355 | 4539 | 78 |
| iv_004 | 1.1828800247722017 × 10^354 | 4541 | 77 |
| iv_001 | 4.367140118148027 × 10^352 | 4569 | 75 |
| iv_005 | 1.8962782707373038 × 10^354 | 4619 | 73 |
| iv_009 | 5.377907034555497 × 10^354 | 4629 | 84 |
| iv_011 | 8.960867896763359 × 10^354 | 4646 | 63 |
| iv_014 | 1.7171074970095523 × 10^355 | 4685 | 83 |
| iv_015 | 1.989521856491972 × 10^355 | 4856 | 86 |

### Input Bits Sorted by Output Occurrences

| Input Bit | Complexity | Occurrences | Output Occurrences |
|:---------:|:----------:|:-----------:|:------------------:|
| iv_011 | 8.960867896763359 × 10^354 | 4646 | 63 |
| iv_008 | 4.2780759212006693 × 10^354 | 4447 | 69 |
| iv_005 | 1.8962782707373038 × 10^354 | 4619 | 73 |
| iv_003 | 5.438073760893495 × 10^353 | 4375 | 75 |
| iv_001 | 4.367140118148027 × 10^352 | 4569 | 75 |
| iv_004 | 1.1828800247722017 × 10^354 | 4541 | 77 |
| iv_013 | 1.4049034900336448 × 10^355 | 4539 | 78 |
| iv_016 | 1.4302137839548675 × 10^352 | 4504 | 79 |
| iv_006 | 2.619091662779623 × 10^354 | 4403 | 80 |
| iv_007 | 3.3967167431850774 × 10^354 | 4356 | 81 |
| iv_002 | 1.1524239956442887 × 10^355 | 4436 | 82 |
| iv_010 | 6.864640821238316 × 10^354 | 4483 | 83 |
| iv_014 | 1.7171074970095523 × 10^355 | 4685 | 83 |
| iv_009 | 5.377907034555497 × 10^354 | 4629 | 84 |
| iv_015 | 1.989521856491972 × 10^355 | 4856 | 86 |

## Input Bit Co-occurrences

### Input Bit Co-occurrences Sorted by Co-occurrences

| Input Bits | Co-occurrences | Potential Occurrences | Output Co-occurrences | Potential Output Occurrences |
|:----------:|:--------------:|:---------------------:|:---------------------:|:----------------------------:|
| iv_005-iv_015 | 2353 | 4769 | 50 | 59 |
| iv_004-iv_005 | 2346 | 4468 | 35 | 80 |
| iv_014-iv_015 | 2314 | 4913 | 39 | 91 |
| iv_008-iv_009 | 2314 | 4448 | 38 | 77 |
| iv_009-iv_015 | 2314 | 4857 | 45 | 80 |
| iv_009-iv_014 | 2273 | 4768 | 45 | 77 |
| iv_010-iv_015 | 2248 | 4843 | 44 | 81 |
| iv_009-iv_011 | 2246 | 4783 | 33 | 81 |
| iv_001-iv_006 | 2241 | 4490 | 39 | 77 |
| iv_004-iv_009 | 2237 | 4696 | 44 | 73 |
| iv_009-iv_010 | 2234 | 4644 | 47 | 73 |
| iv_005-iv_009 | 2216 | 4816 | 34 | 89 |
| iv_013-iv_014 | 2203 | 4818 | 40 | 81 |
| iv_004-iv_014 | 2203 | 4820 | 41 | 78 |
| iv_005-iv_010 | 2202 | 4698 | 34 | 88 |

### Input Bit Co-occurrences Sorted by Potential Occurrences

| Input Bits | Co-occurrences | Potential Occurrences | Output Co-occurrences | Potential Output Occurrences |
|:----------:|:--------------:|:---------------------:|:---------------------:|:----------------------------:|
| iv_008-iv_009 | 2314 | 4448 | 38 | 77 |
| iv_004-iv_005 | 2346 | 4468 | 35 | 80 |
| iv_001-iv_006 | 2241 | 4490 | 39 | 77 |
| iv_003-iv_013 | 2188 | 4538 | 36 | 81 |
| iv_003-iv_004 | 2188 | 4540 | 38 | 76 |
| iv_003-iv_008 | 2141 | 4540 | 34 | 76 |
| iv_002-iv_007 | 2120 | 4552 | 45 | 73 |
| iv_003-iv_007 | 2056 | 4619 | 42 | 72 |
| iv_008-iv_013 | 2180 | 4626 | 34 | 79 |
| iv_009-iv_010 | 2234 | 4644 | 47 | 73 |
| iv_002-iv_008 | 2116 | 4651 | 36 | 79 |
| iv_007-iv_010 | 2086 | 4667 | 41 | 82 |
| iv_006-iv_007 | 2042 | 4675 | 45 | 71 |
| iv_006-iv_016 | 2113 | 4681 | 37 | 85 |
| iv_001-iv_007 | 2120 | 4685 | 40 | 76 |

### Input Bit Output Co-occurrences Sorted by Output Co-occurrences

| Input Bits | Co-occurrences | Potential Occurrences | Output Co-occurrences | Potential Output Occurrences |
|:----------:|:--------------:|:---------------------:|:---------------------:|:----------------------------:|
| iv_005-iv_015 | 2353 | 4769 | 50 | 59 |
| iv_002-iv_013 | 2091 | 4793 | 49 | 62 |
| iv_002-iv_009 | 2159 | 4747 | 47 | 72 |
| iv_006-iv_015 | 2054 | 5151 | 47 | 72 |
| iv_009-iv_010 | 2234 | 4644 | 47 | 73 |
| iv_013-iv_015 | 2197 | 5001 | 46 | 72 |
| iv_001-iv_009 | 2166 | 4866 | 46 | 67 |
| iv_002-iv_007 | 2120 | 4552 | 45 | 73 |
| iv_002-iv_010 | 2057 | 4805 | 45 | 75 |
| iv_002-iv_014 | 2109 | 4903 | 45 | 75 |
| iv_006-iv_007 | 2042 | 4675 | 45 | 71 |
| iv_009-iv_014 | 2273 | 4768 | 45 | 77 |
| iv_009-iv_015 | 2314 | 4857 | 45 | 80 |
| iv_007-iv_015 | 2105 | 5002 | 44 | 79 |
| iv_010-iv_014 | 2178 | 4812 | 44 | 78 |

### Input Bit Output Co-occurrences Sorted by Potential Output Occurrences

| Input Bits | Co-occurrences | Potential Occurrences | Output Co-occurrences | Potential Output Occurrences |
|:----------:|:--------------:|:---------------------:|:---------------------:|:----------------------------:|
| iv_005-iv_015 | 2353 | 4769 | 50 | 59 |
| iv_002-iv_013 | 2091 | 4793 | 49 | 62 |
| iv_008-iv_014 | 2197 | 4738 | 43 | 66 |
| iv_001-iv_009 | 2166 | 4866 | 46 | 67 |
| iv_004-iv_011 | 2066 | 5055 | 36 | 68 |
| iv_001-iv_010 | 2111 | 4830 | 44 | 70 |
| iv_005-iv_013 | 2089 | 4980 | 40 | 71 |
| iv_006-iv_007 | 2042 | 4675 | 45 | 71 |
| iv_004-iv_013 | 2141 | 4798 | 42 | 71 |
| iv_001-iv_002 | 2041 | 4923 | 43 | 71 |
| iv_002-iv_009 | 2159 | 4747 | 47 | 72 |
| iv_006-iv_015 | 2054 | 5151 | 47 | 72 |
| iv_013-iv_015 | 2197 | 5001 | 46 | 72 |
| iv_004-iv_010 | 2129 | 4766 | 44 | 72 |
| iv_003-iv_007 | 2056 | 4619 | 42 | 72 |

## Output Bits

### Output Bits in Regular Order

| Rank | Output Bit | Complexity |
|:----:|:----------:|:----------:|
| 1 | ov_001 | 1.4974699250343623 × 10^355 |
| 2 | ov_002 | 1.307583490482006 × 10^355 |
| 3 | ov_003 | 1.1369193467596343 × 10^355 |
| 4 | ov_004 | 9.83954925986049 × 10^354 |
| 5 | ov_005 | 8.47252732158613 × 10^354 |
| 6 | ov_006 | 7.25454421677342 × 10^354 |
| 7 | ov_007 | 6.172755889942363 × 10^354 |
| 8 | ov_008 | 5.215011871759277 × 10^354 |
| 9 | ov_009 | 4.369815296979505 × 10^354 |
| 10 | ov_010 | 3.626288353323524 × 10^354 |
| 11 | ov_011 | 2.9791429082127446 × 10^354 |
| 12 | ov_012 | 2.4233788642437996 × 10^354 |
| 13 | ov_013 | 1.9498168487927137 × 10^354 |
| 14 | ov_014 | 1.5498045633117228 × 10^354 |
| 15 | ov_015 | 1.2152029460355777 × 10^354 |
| 16 | ov_016 | 9.383750854769134 × 10^353 |
| 17 | ov_017 | 7.12177486043787 × 10^353 |
| 18 | ov_018 | 5.2995331984406155 × 10^353 |
| 19 | ov_019 | 3.855273309950324 × 10^353 |
| 20 | ov_020 | 2.732020906500667 × 10^353 |
| 21 | ov_021 | 1.8775533258655577 × 10^353 |
| 22 | ov_022 | 1.2443813065302396 × 10^353 |
| 23 | ov_023 | 7.897371071187913 × 10^352 |
| 24 | ov_024 | 4.755672098524781 × 10^352 |
| 25 | ov_025 | 2.685281594643193 × 10^352 |
| 26 | ov_026 | 1.399843999396793 × 10^352 |
| 27 | ov_027 | 6.600727374206723 × 10^351 |
| 28 | ov_028 | 2.7374623899695346 × 10^351 |
| 29 | ov_029 | 9.570664775800393 × 10^350 |
| 30 | ov_030 | 2.6280612900248503 × 10^350 |
| 31 | ov_031 | 5.128331470015852 × 10^349 |
| 32 | lv_80_m31 | 1.0005993528869254 × 10^349 |
| 33 | ov_033 | 1.2388434159166072 × 10^350 |
| 34 | ov_034 | 1.0809552485547664 × 10^350 |
| 35 | ov_035 | 9.395304606938158 × 10^349 |
| 36 | ov_036 | 8.13175383115536 × 10^349 |
| 37 | ov_037 | 7.005819776107276 × 10^349 |
| 38 | ov_038 | 6.0052204220316734 × 10^349 |
| 39 | ov_039 | 5.118419313165277 × 10^349 |
| 40 | ov_040 | 4.334577630057864 × 10^349 |
| 41 | ov_041 | 3.6435108653952435 × 10^349 |
| 42 | ov_042 | 3.0356498459026923 × 10^349 |
| 43 | ov_043 | 2.5020058508994242 × 10^349 |
| 44 | ov_044 | 2.0382255213713765 × 10^349 |
| 45 | ov_045 | 1.6402229205290522 × 10^349 |
| 46 | ov_046 | 1.3041667025471014 × 10^349 |
| 47 | ov_047 | 1.0231146755566422 × 10^349 |
| 48 | ov_048 | 7.905838013987178 × 10^348 |
| 49 | ov_049 | 6.005349403943253 × 10^348 |
| 50 | ov_050 | 4.4736006899400734 × 10^348 |
| 51 | ov_051 | 3.2587174620333045 × 10^348 |
| 52 | ov_052 | 2.312946052504923 × 10^348 |
| 53 | ov_053 | 1.592586473164863 × 10^348 |
| 54 | ov_054 | 1.0579411435435592 × 10^348 |
| 55 | ov_055 | 6.732771813512636 × 10^347 |
| 56 | ov_056 | 4.068000271298264 × 10^347 |
| 57 | ov_057 | 2.306361752744981 × 10^347 |
| 58 | ov_058 | 1.2082280233283135 × 10^347 |
| 59 | ov_059 | 5.7302193344280386 × 10^346 |
| 60 | ov_060 | 2.391915173763543 × 10^346 |
| 61 | ov_061 | 8.420007976434613 × 10^345 |
| 62 | ov_062 | 2.3282876515495434 × 10^345 |
| 63 | ov_063 | 4.577674000491516 × 10^344 |
| 64 | lv_79_m31 | 8.999346217596894 × 10^343 |
| 65 | ov_065 | 1.233843133870943 × 10^345 |
| 66 | ov_066 | 1.2338059957312458 × 10^345 |
| 67 | ov_067 | 1.2337941070552687 × 10^345 |
| 68 | ov_068 | 1.1097628564987005 × 10^345 |
| 69 | ov_069 | 9.949855753102712 × 10^344 |
| 70 | ov_070 | 8.889417308102467 × 10^344 |
| 71 | ov_071 | 7.911481798406329 × 10^344 |
| 72 | ov_072 | 7.011547175676166 × 10^344 |
| 73 | ov_073 | 6.185400561370447 × 10^344 |
| 74 | ov_074 | 5.4290816294023557 × 10^344 |
| 75 | ov_075 | 4.738848454361616 × 10^344 |
| 76 | ov_076 | 4.1111456338335494 × 10^344 |
| 77 | ov_077 | 3.542575377613176 × 10^344 |
| 78 | ov_078 | 3.029871797697857 × 10^344 |
| 79 | ov_079 | 2.5698781996148455 × 10^344 |
| 80 | ov_080 | 2.1595271796822828 × 10^344 |
| 81 | ov_081 | 1.795823335940956 × 10^344 |
| 82 | ov_082 | 1.4758284028769864 × 10^344 |
| 83 | ov_083 | 1.1966486218106239 × 10^344 |
| 84 | ov_084 | 9.554241600745452 × 10^343 |
| 85 | ov_085 | 7.493203929618902 × 10^343 |
| 86 | ov_086 | 5.755208629857787 × 10^343 |
| 87 | ov_087 | 4.312217313398533 × 10^343 |
| 88 | ov_088 | 3.1362753665278247 × 10^343 |
| 89 | ov_089 | 2.1994807623855054 × 10^343 |
| 90 | ov_090 | 1.4739622509249378 × 10^343 |
| 91 | ov_091 | 9.318650790179732 × 10^342 |
| 92 | ov_092 | 5.453424090751943 × 10^342 |
| 93 | ov_093 | 2.8655069652732348 × 10^342 |
| 94 | ov_094 | 1.2764752454713118 × 10^342 |
| 95 | aaa_78_28 | 4.079077217746401 × 10^341 |
| 96 | aaa_78_29 | 1.5310339084031324 × 10^341 |
| 97 | ov_097 | 1.463118427214414 × 10^341 |
| 98 | ov_098 | 1.463114417843968 × 10^341 |
| 99 | ov_099 | 1.463113447179544 × 10^341 |
| 100 | ov_100 | 1.2769512604259366 × 10^341 |
| 101 | ov_101 | 1.1097873806056671 × 10^341 |
| 102 | ov_102 | 9.601134181348278 × 10^340 |
| 103 | ov_103 | 8.26505540737934 × 10^340 |
| 104 | ov_104 | 7.076187809594735 × 10^340 |
| 105 | ov_105 | 6.021820303544618 × 10^340 |
| 106 | ov_106 | 5.089936377066647 × 10^340 |
| 107 | ov_107 | 4.269175375649653 × 10^340 |
| 108 | ov_108 | 3.548798525404227 × 10^340 |
| 109 | ov_109 | 2.9186592903082923 × 10^340 |
| 110 | ov_110 | 2.373829016528761 × 10^340 |
| 111 | ov_111 | 1.9096564147301068 × 10^340 |
| 112 | ov_112 | 1.5176322214143932 × 10^340 |
| 113 | ov_113 | 1.1897577521193048 × 10^340 |
| 114 | ov_114 | 9.185322791279548 × 10^339 |
| 115 | ov_115 | 6.969429945182319 × 10^339 |
| 116 | ov_116 | 5.184572431744296 × 10^339 |
| 117 | ov_117 | 3.770166655107045 × 10^339 |
| 118 | ov_118 | 2.6703289988614034 × 10^339 |
| 119 | ov_119 | 1.8338453129661359 × 10^339 |
| 120 | ov_120 | 1.2141500947979805 × 10^339 |
| 121 | ov_121 | 7.693129609087802 × 10^338 |
| 122 | ov_122 | 4.620303711236817 × 10^338 |
| 123 | ov_123 | 2.5962093160041542 × 10^338 |
| 124 | ov_124 | 1.3402296689659973 × 10^338 |
| 125 | ov_125 | 6.179340395917052 × 10^337 |
| 126 | ov_126 | 2.410733142124628 × 10^337 |
| 127 | aaa_77_28 | 6.757857505817232 × 10^336 |
| 128 | aaa_77_29 | 2.056703542152819 × 10^336 |
| 129 | ov_129 | 1.2258083529484307 × 10^336 |
| 130 | ov_130 | 1.2258043428754933 × 10^336 |
| 131 | ov_131 | 1.225803370167338 × 10^336 |
| 132 | ov_132 | 1.0697288796017252 × 10^336 |
| 133 | ov_133 | 9.305695064702043 × 10^335 |
| 134 | ov_134 | 8.068272946159022 × 10^335 |
| 135 | ov_135 | 6.970895773491778 × 10^335 |
| 136 | ov_136 | 6.00023134921411 × 10^335 |
| 137 | ov_137 | 5.143689946540012 × 10^335 |
| 138 | ov_138 | 4.3893781234599475 × 10^335 |
| 139 | ov_139 | 3.726057910951358 × 10^335 |
| 140 | ov_140 | 3.1431110080484157 × 10^335 |
| 141 | ov_141 | 2.630507637106408 × 10^335 |
| 142 | ov_142 | 2.178779732518215 × 10^335 |
| 143 | ov_143 | 1.783330599015747 × 10^335 |
| 144 | ov_144 | 1.4398277930902085 × 10^335 |
| 145 | ov_145 | 1.1441944987226097 × 10^335 |
| 146 | ov_146 | 8.926025437862458 × 10^334 |
| 147 | ov_147 | 6.814668540058823 × 10^334 |
| 148 | ov_148 | 5.074411290485109 × 10^334 |
| 149 | ov_149 | 3.674145432155651 × 10^334 |
| 150 | ov_150 | 2.5850929103977967 × 10^334 |
| 151 | ov_151 | 1.7566227555658213 × 10^334 |
| 152 | ov_152 | 1.1426961240332442 × 10^334 |
| 153 | ov_153 | 7.018529369983199 × 10^333 |
| 154 | ov_154 | 3.9720368890198673 × 10^333 |
| 155 | ov_155 | 1.964247779034316 × 10^333 |
| 156 | aaa_76_25 | 7.175612936597958 × 10^332 |
| 157 | aaa_76_26 | 3.7479382808350655 × 10^332 |
| 158 | aaa_76_27 | 1.7276621605889858 × 10^332 |
| 159 | aaa_76_28 | 6.739088332485864 × 10^331 |
| 160 | aaa_76_29 | 2.0540195984499524 × 10^331 |

### Output Bits Sorted by Complexity

| Rank | Output Bit | Complexity |
|:----:|:----------:|:----------:|
| 160 | aaa_76_29 | 2.0540195984499524 × 10^331 |
| 159 | aaa_76_28 | 6.739088332485864 × 10^331 |
| 158 | aaa_76_27 | 1.7276621605889858 × 10^332 |
| 157 | aaa_76_26 | 3.7479382808350655 × 10^332 |
| 156 | aaa_76_25 | 7.175612936597958 × 10^332 |
| 155 | ov_155 | 1.964247779034316 × 10^333 |
| 154 | ov_154 | 3.9720368890198673 × 10^333 |
| 153 | ov_153 | 7.018529369983199 × 10^333 |
| 152 | ov_152 | 1.1426961240332442 × 10^334 |
| 151 | ov_151 | 1.7566227555658213 × 10^334 |
| 150 | ov_150 | 2.5850929103977967 × 10^334 |
| 149 | ov_149 | 3.674145432155651 × 10^334 |
| 148 | ov_148 | 5.074411290485109 × 10^334 |
| 147 | ov_147 | 6.814668540058823 × 10^334 |
| 146 | ov_146 | 8.926025437862458 × 10^334 |
| 145 | ov_145 | 1.1441944987226097 × 10^335 |
| 144 | ov_144 | 1.4398277930902085 × 10^335 |
| 143 | ov_143 | 1.783330599015747 × 10^335 |
| 142 | ov_142 | 2.178779732518215 × 10^335 |
| 141 | ov_141 | 2.630507637106408 × 10^335 |
| 140 | ov_140 | 3.1431110080484157 × 10^335 |
| 139 | ov_139 | 3.726057910951358 × 10^335 |
| 138 | ov_138 | 4.3893781234599475 × 10^335 |
| 137 | ov_137 | 5.143689946540012 × 10^335 |
| 136 | ov_136 | 6.00023134921411 × 10^335 |
| 135 | ov_135 | 6.970895773491778 × 10^335 |
| 134 | ov_134 | 8.068272946159022 × 10^335 |
| 133 | ov_133 | 9.305695064702043 × 10^335 |
| 132 | ov_132 | 1.0697288796017252 × 10^336 |
| 131 | ov_131 | 1.225803370167338 × 10^336 |
| 130 | ov_130 | 1.2258043428754933 × 10^336 |
| 129 | ov_129 | 1.2258083529484307 × 10^336 |
| 128 | aaa_77_29 | 2.056703542152819 × 10^336 |
| 127 | aaa_77_28 | 6.757857505817232 × 10^336 |
| 126 | ov_126 | 2.410733142124628 × 10^337 |
| 125 | ov_125 | 6.179340395917052 × 10^337 |
| 124 | ov_124 | 1.3402296689659973 × 10^338 |
| 123 | ov_123 | 2.5962093160041542 × 10^338 |
| 122 | ov_122 | 4.620303711236817 × 10^338 |
| 121 | ov_121 | 7.693129609087802 × 10^338 |
| 120 | ov_120 | 1.2141500947979805 × 10^339 |
| 119 | ov_119 | 1.8338453129661359 × 10^339 |
| 118 | ov_118 | 2.6703289988614034 × 10^339 |
| 117 | ov_117 | 3.770166655107045 × 10^339 |
| 116 | ov_116 | 5.184572431744296 × 10^339 |
| 115 | ov_115 | 6.969429945182319 × 10^339 |
| 114 | ov_114 | 9.185322791279548 × 10^339 |
| 113 | ov_113 | 1.1897577521193048 × 10^340 |
| 112 | ov_112 | 1.5176322214143932 × 10^340 |
| 111 | ov_111 | 1.9096564147301068 × 10^340 |
| 110 | ov_110 | 2.373829016528761 × 10^340 |
| 109 | ov_109 | 2.9186592903082923 × 10^340 |
| 108 | ov_108 | 3.548798525404227 × 10^340 |
| 107 | ov_107 | 4.269175375649653 × 10^340 |
| 106 | ov_106 | 5.089936377066647 × 10^340 |
| 105 | ov_105 | 6.021820303544618 × 10^340 |
| 104 | ov_104 | 7.076187809594735 × 10^340 |
| 103 | ov_103 | 8.26505540737934 × 10^340 |
| 102 | ov_102 | 9.601134181348278 × 10^340 |
| 101 | ov_101 | 1.1097873806056671 × 10^341 |
| 100 | ov_100 | 1.2769512604259366 × 10^341 |
| 99 | ov_099 | 1.463113447179544 × 10^341 |
| 98 | ov_098 | 1.463114417843968 × 10^341 |
| 97 | ov_097 | 1.463118427214414 × 10^341 |
| 96 | aaa_78_29 | 1.5310339084031324 × 10^341 |
| 95 | aaa_78_28 | 4.079077217746401 × 10^341 |
| 94 | ov_094 | 1.2764752454713118 × 10^342 |
| 93 | ov_093 | 2.8655069652732348 × 10^342 |
| 92 | ov_092 | 5.453424090751943 × 10^342 |
| 91 | ov_091 | 9.318650790179732 × 10^342 |
| 90 | ov_090 | 1.4739622509249378 × 10^343 |
| 89 | ov_089 | 2.1994807623855054 × 10^343 |
| 88 | ov_088 | 3.1362753665278247 × 10^343 |
| 87 | ov_087 | 4.312217313398533 × 10^343 |
| 86 | ov_086 | 5.755208629857787 × 10^343 |
| 85 | ov_085 | 7.493203929618902 × 10^343 |
| 64 | lv_79_m31 | 8.999346217596894 × 10^343 |
| 84 | ov_084 | 9.554241600745452 × 10^343 |
| 83 | ov_083 | 1.1966486218106239 × 10^344 |
| 82 | ov_082 | 1.4758284028769864 × 10^344 |
| 81 | ov_081 | 1.795823335940956 × 10^344 |
| 80 | ov_080 | 2.1595271796822828 × 10^344 |
| 79 | ov_079 | 2.5698781996148455 × 10^344 |
| 78 | ov_078 | 3.029871797697857 × 10^344 |
| 77 | ov_077 | 3.542575377613176 × 10^344 |
| 76 | ov_076 | 4.1111456338335494 × 10^344 |
| 63 | ov_063 | 4.577674000491516 × 10^344 |
| 75 | ov_075 | 4.738848454361616 × 10^344 |
| 74 | ov_074 | 5.4290816294023557 × 10^344 |
| 73 | ov_073 | 6.185400561370447 × 10^344 |
| 72 | ov_072 | 7.011547175676166 × 10^344 |
| 71 | ov_071 | 7.911481798406329 × 10^344 |
| 70 | ov_070 | 8.889417308102467 × 10^344 |
| 69 | ov_069 | 9.949855753102712 × 10^344 |
| 68 | ov_068 | 1.1097628564987005 × 10^345 |
| 67 | ov_067 | 1.2337941070552687 × 10^345 |
| 66 | ov_066 | 1.2338059957312458 × 10^345 |
| 65 | ov_065 | 1.233843133870943 × 10^345 |
| 62 | ov_062 | 2.3282876515495434 × 10^345 |
| 61 | ov_061 | 8.420007976434613 × 10^345 |
| 60 | ov_060 | 2.391915173763543 × 10^346 |
| 59 | ov_059 | 5.7302193344280386 × 10^346 |
| 58 | ov_058 | 1.2082280233283135 × 10^347 |
| 57 | ov_057 | 2.306361752744981 × 10^347 |
| 56 | ov_056 | 4.068000271298264 × 10^347 |
| 55 | ov_055 | 6.732771813512636 × 10^347 |
| 54 | ov_054 | 1.0579411435435592 × 10^348 |
| 53 | ov_053 | 1.592586473164863 × 10^348 |
| 52 | ov_052 | 2.312946052504923 × 10^348 |
| 51 | ov_051 | 3.2587174620333045 × 10^348 |
| 50 | ov_050 | 4.4736006899400734 × 10^348 |
| 49 | ov_049 | 6.005349403943253 × 10^348 |
| 48 | ov_048 | 7.905838013987178 × 10^348 |
| 32 | lv_80_m31 | 1.0005993528869254 × 10^349 |
| 47 | ov_047 | 1.0231146755566422 × 10^349 |
| 46 | ov_046 | 1.3041667025471014 × 10^349 |
| 45 | ov_045 | 1.6402229205290522 × 10^349 |
| 44 | ov_044 | 2.0382255213713765 × 10^349 |
| 43 | ov_043 | 2.5020058508994242 × 10^349 |
| 42 | ov_042 | 3.0356498459026923 × 10^349 |
| 41 | ov_041 | 3.6435108653952435 × 10^349 |
| 40 | ov_040 | 4.334577630057864 × 10^349 |
| 39 | ov_039 | 5.118419313165277 × 10^349 |
| 31 | ov_031 | 5.128331470015852 × 10^349 |
| 38 | ov_038 | 6.0052204220316734 × 10^349 |
| 37 | ov_037 | 7.005819776107276 × 10^349 |
| 36 | ov_036 | 8.13175383115536 × 10^349 |
| 35 | ov_035 | 9.395304606938158 × 10^349 |
| 34 | ov_034 | 1.0809552485547664 × 10^350 |
| 33 | ov_033 | 1.2388434159166072 × 10^350 |
| 30 | ov_030 | 2.6280612900248503 × 10^350 |
| 29 | ov_029 | 9.570664775800393 × 10^350 |
| 28 | ov_028 | 2.7374623899695346 × 10^351 |
| 27 | ov_027 | 6.600727374206723 × 10^351 |
| 26 | ov_026 | 1.399843999396793 × 10^352 |
| 25 | ov_025 | 2.685281594643193 × 10^352 |
| 24 | ov_024 | 4.755672098524781 × 10^352 |
| 23 | ov_023 | 7.897371071187913 × 10^352 |
| 22 | ov_022 | 1.2443813065302396 × 10^353 |
| 21 | ov_021 | 1.8775533258655577 × 10^353 |
| 20 | ov_020 | 2.732020906500667 × 10^353 |
| 19 | ov_019 | 3.855273309950324 × 10^353 |
| 18 | ov_018 | 5.2995331984406155 × 10^353 |
| 17 | ov_017 | 7.12177486043787 × 10^353 |
| 16 | ov_016 | 9.383750854769134 × 10^353 |
| 15 | ov_015 | 1.2152029460355777 × 10^354 |
| 14 | ov_014 | 1.5498045633117228 × 10^354 |
| 13 | ov_013 | 1.9498168487927137 × 10^354 |
| 12 | ov_012 | 2.4233788642437996 × 10^354 |
| 11 | ov_011 | 2.9791429082127446 × 10^354 |
| 10 | ov_010 | 3.626288353323524 × 10^354 |
| 9 | ov_009 | 4.369815296979505 × 10^354 |
| 8 | ov_008 | 5.215011871759277 × 10^354 |
| 7 | ov_007 | 6.172755889942363 × 10^354 |
| 6 | ov_006 | 7.25454421677342 × 10^354 |
| 5 | ov_005 | 8.47252732158613 × 10^354 |
| 4 | ov_004 | 9.83954925986049 × 10^354 |
| 3 | ov_003 | 1.1369193467596343 × 10^355 |
| 2 | ov_002 | 1.307583490482006 × 10^355 |
| 1 | ov_001 | 1.4974699250343623 × 10^355 |

