# Results for T016-T017-T018-T019-T020-T021-T022-T023-T024-T025-T026-T027-T028-T029-T030-T031-T032-T033-T034-T035-T036-T037-T038-T039-T040-T041-T042-T043-T044-T045-T046-T047-T048-T049-T050-T051-T052-T053-T054-T055-T056-T057-T058-T059-T060-T061-T062-T063-T064-T065-T066-T067-T068-T069-T070-T071-T072-T073-T074-T075-T076-T077-T078-T079-T080-T081-T082-T083-T084-T085-T086-T087-T088-T089-T090-T091-T092-T093-T094-T095-T096-T097-T098-T099-T100-T101-T102-T103-T104-T105-T106-T107-T108-T109-T110-T111-T112-T113-T114-T115-T116-T117-T118-T119-T120-T121-T122-T123-T124-T125-T126-T127-T128-T129-T130-T131-T132-T133-T134-T135-T136-T137-T138-T139-T140-T141-T142-T143-T144-T145-T146-T147-T148-T149-T150-T151-T152-T153-T154-T155-T156-T157-T158-T159-T160-T161-T162-T163-T164-T165-T166-T167-T168-T169-T170-T171-T172-T173-T174-T175-T176-T177-T178-T179-T180-T181-T182-T183-T184-T185-T186-T187-T188-T189-T190-T191-T192-T193-T194-T195-T196-T197-T198-T199-T200-T201-T202-T203-T204-T205-T206-T207-T208-T209-T210-T211-T212-T213-T214-T215-T216-T217-T218-T219-T220-T221-T222-T223-T224-T225-T226-T227-T228-T229-T230-T231-T232-T233-T234-T235-T236-T237-T238-T239-T240-T241-T242-T243-T244-T245-T246-T247-T248-T249-T250-T251-T252-T253-T254-T255-T256-T257-T258-T259-T260-T261-T262-T263-T264-T265-T266-T267-T268-T269-T270-T271-T272-T273-T274-T275-T276-T277-T278-T279-T280-T281-T282-T283-T284-T285-T286-T287-T288-T289-T290-T291-T292-T293-T294-T295-T296-T297-T298-T299-T300-T301-T302-T303-T304-T305-T306-T307-T308-T309-T310-T311-T312-T313-T314-T315-T316-T317-T318-T319-T320-T321-T322-T323-T324-T325-T326-T327-T328-T329-T330-T331-T332-T333-T334-T335-T336-T337-T338-T339-T340-T341-T342-T343-T344-T345-T346-T347-T348-T349-T350-T351-T352-T353-T354-T355-T356-T357-T358-T359-T360-T361-T362-T363-T364-T365-T366-T367-T368-T369-T370-T371-T372-T373-T374-T375-T376-T377-T378-T379-T380-T381-T382-T383-T384-T385-T386-T387-T388-T389-T390-T391-T392-T393-T394-T395-T396-T397-T398-T399-T400-T401-T402-T403-T404-T405-T406-T407-T408-T409-T410-T411-T412-T413-T414-T415-T416-T417-T418-T419-T420-T421-T422-T423-T424-T425-T426-T427-T428-T429-T430-T431-T432-T433-T434-T435-T436-T437-T438-T439-T440-T441-T442-T443-T444-T445-T446-T447-T448-T449-T450-T451-T452-T453-T454-T455-T456-T457-T458-T459-T460-T461-T462-T463-T464-T465-T466-T467-T468-T469-T470-T471-T472-T473-T474-T475-T476-T477-T478-T479-T480-T481-T482-T483-T484-T485-T486-T487-T488-T489-T490-T491-T492-T493-T494-T495-T496-T497-T498-T499-T500-T501-T502-T503-T504-T505-T506-T507-T508-T509-T510-T511-T512

## Summary

Number of input bits: 512  
Number of free input bits: 15  
Number of output bits: 160

Number of direct occurrences: 67136  
Number of assignments: 40265  
Number of operations: 21475226
(xor: 21429522,
and: 19150,
or: 26554)

Total complexity: 1.738492652424789 × 10^374

Least occurring input variable: iv_007 (4148)  
Most occurring input variable: iv_015 (4856)

Most co-occurring input variables: iv_014-iv_015 (2363)  
Least co-occurring input variables: iv_007-iv_008 (1782)

Potentially most occurring input variable: iv_004/iv_015 (5335)  
Potentially least occurring input variable: iv_007/iv_012 (4515)

Least output occurring input variable: iv_011 (66)  
Most output occurring input variable: iv_009 (87)

Most output co-occurring input variables: iv_002-iv_009 (50)  
Least output co-occurring input variables: iv_006-iv_010 (23)

Potentially most output occurring input variable: iv_006/iv_010 (98)  
Potentially least output occurring input variable: iv_001/iv_010 (67)

Least complex input bit: iv_001 (1.0397609718787768 × 10^371)  
Most complex input bit: iv_014 (3.376194142032731 × 10^373)

Least complex output bit: aaa_76_29 (4.243509341621993 × 10^348)  
Most complex output bit: ov_001 (2.6469647576976193 × 10^373)

Least complex input/output complexity: iv_001/aaa_76_29 (2.5379660886501456 × 10^345)  
Most complex input/output complexity: iv_014/ov_001 (5.140468610345425 × 10^372)

## Input Bits

### Input Bits in Regular Order

| Input Bit | Complexity | Occurrences | Output Occurrences |
|:---------:|:----------:|:-----------:|:------------------:|
| iv_001 | 1.0397609718787768 × 10^371 | 4478 | 76 |
| iv_002 | 4.499720406696108 × 10^371 | 4488 | 85 |
| iv_003 | 1.2996020220859366 × 10^372 | 4394 | 85 |
| iv_004 | 2.8641955224665515 × 10^372 | 4717 | 86 |
| iv_005 | 4.6600869727548784 × 10^372 | 4236 | 78 |
| iv_006 | 6.469063599398909 × 10^372 | 4447 | 75 |
| iv_007 | 8.335219922940925 × 10^372 | 4148 | 75 |
| iv_008 | 1.0350822741938808 × 10^373 | 4251 | 73 |
| iv_009 | 1.2686572023324899 × 10^373 | 4600 | 87 |
| iv_010 | 1.5596570905192425 × 10^373 | 4320 | 69 |
| iv_011 | 1.9418462008876078 × 10^373 | 4768 | 66 |
| iv_012 | 2.366226282255355 × 10^373 | 4377 | 78 |
| iv_013 | 2.8414955076321355 × 10^373 | 4323 | 75 |
| iv_014 | 3.376194142032731 × 10^373 | 4733 | 72 |
| iv_015 | 5.775562066439904 × 10^372 | 4856 | 78 |

### Input Bits Sorted by Complexity

| Input Bit | Complexity | Occurrences | Output Occurrences |
|:---------:|:----------:|:-----------:|:------------------:|
| iv_001 | 1.0397609718787768 × 10^371 | 4478 | 76 |
| iv_002 | 4.499720406696108 × 10^371 | 4488 | 85 |
| iv_003 | 1.2996020220859366 × 10^372 | 4394 | 85 |
| iv_004 | 2.8641955224665515 × 10^372 | 4717 | 86 |
| iv_005 | 4.6600869727548784 × 10^372 | 4236 | 78 |
| iv_015 | 5.775562066439904 × 10^372 | 4856 | 78 |
| iv_006 | 6.469063599398909 × 10^372 | 4447 | 75 |
| iv_007 | 8.335219922940925 × 10^372 | 4148 | 75 |
| iv_008 | 1.0350822741938808 × 10^373 | 4251 | 73 |
| iv_009 | 1.2686572023324899 × 10^373 | 4600 | 87 |
| iv_010 | 1.5596570905192425 × 10^373 | 4320 | 69 |
| iv_011 | 1.9418462008876078 × 10^373 | 4768 | 66 |
| iv_012 | 2.366226282255355 × 10^373 | 4377 | 78 |
| iv_013 | 2.8414955076321355 × 10^373 | 4323 | 75 |
| iv_014 | 3.376194142032731 × 10^373 | 4733 | 72 |

### Input Bits Sorted by Occurrences

| Input Bit | Complexity | Occurrences | Output Occurrences |
|:---------:|:----------:|:-----------:|:------------------:|
| iv_007 | 8.335219922940925 × 10^372 | 4148 | 75 |
| iv_005 | 4.6600869727548784 × 10^372 | 4236 | 78 |
| iv_008 | 1.0350822741938808 × 10^373 | 4251 | 73 |
| iv_010 | 1.5596570905192425 × 10^373 | 4320 | 69 |
| iv_013 | 2.8414955076321355 × 10^373 | 4323 | 75 |
| iv_012 | 2.366226282255355 × 10^373 | 4377 | 78 |
| iv_003 | 1.2996020220859366 × 10^372 | 4394 | 85 |
| iv_006 | 6.469063599398909 × 10^372 | 4447 | 75 |
| iv_001 | 1.0397609718787768 × 10^371 | 4478 | 76 |
| iv_002 | 4.499720406696108 × 10^371 | 4488 | 85 |
| iv_009 | 1.2686572023324899 × 10^373 | 4600 | 87 |
| iv_004 | 2.8641955224665515 × 10^372 | 4717 | 86 |
| iv_014 | 3.376194142032731 × 10^373 | 4733 | 72 |
| iv_011 | 1.9418462008876078 × 10^373 | 4768 | 66 |
| iv_015 | 5.775562066439904 × 10^372 | 4856 | 78 |

### Input Bits Sorted by Output Occurrences

| Input Bit | Complexity | Occurrences | Output Occurrences |
|:---------:|:----------:|:-----------:|:------------------:|
| iv_011 | 1.9418462008876078 × 10^373 | 4768 | 66 |
| iv_010 | 1.5596570905192425 × 10^373 | 4320 | 69 |
| iv_014 | 3.376194142032731 × 10^373 | 4733 | 72 |
| iv_008 | 1.0350822741938808 × 10^373 | 4251 | 73 |
| iv_006 | 6.469063599398909 × 10^372 | 4447 | 75 |
| iv_007 | 8.335219922940925 × 10^372 | 4148 | 75 |
| iv_013 | 2.8414955076321355 × 10^373 | 4323 | 75 |
| iv_001 | 1.0397609718787768 × 10^371 | 4478 | 76 |
| iv_005 | 4.6600869727548784 × 10^372 | 4236 | 78 |
| iv_012 | 2.366226282255355 × 10^373 | 4377 | 78 |
| iv_015 | 5.775562066439904 × 10^372 | 4856 | 78 |
| iv_002 | 4.499720406696108 × 10^371 | 4488 | 85 |
| iv_003 | 1.2996020220859366 × 10^372 | 4394 | 85 |
| iv_004 | 2.8641955224665515 × 10^372 | 4717 | 86 |
| iv_009 | 1.2686572023324899 × 10^373 | 4600 | 87 |

## Input Bit Co-occurrences

### Input Bit Co-occurrences Sorted by Co-occurrences

| Input Bits | Co-occurrences | Potential Occurrences | Output Co-occurrences | Potential Output Occurrences |
|:----------:|:--------------:|:---------------------:|:---------------------:|:----------------------------:|
| iv_014-iv_015 | 2363 | 4863 | 36 | 78 |
| iv_004-iv_009 | 2259 | 4799 | 45 | 83 |
| iv_004-iv_014 | 2245 | 4960 | 37 | 84 |
| iv_011-iv_015 | 2221 | 5182 | 29 | 86 |
| iv_009-iv_014 | 2218 | 4897 | 42 | 75 |
| iv_006-iv_011 | 2202 | 4811 | 29 | 83 |
| iv_009-iv_015 | 2195 | 5066 | 37 | 91 |
| iv_001-iv_011 | 2178 | 4890 | 32 | 78 |
| iv_010-iv_011 | 2173 | 4742 | 29 | 77 |
| iv_003-iv_004 | 2172 | 4767 | 45 | 81 |
| iv_010-iv_015 | 2168 | 4840 | 34 | 79 |
| iv_008-iv_009 | 2145 | 4561 | 39 | 82 |
| iv_001-iv_006 | 2138 | 4649 | 35 | 81 |
| iv_004-iv_013 | 2135 | 4770 | 43 | 75 |
| iv_009-iv_011 | 2130 | 5108 | 35 | 83 |

### Input Bit Co-occurrences Sorted by Potential Occurrences

| Input Bits | Co-occurrences | Potential Occurrences | Output Co-occurrences | Potential Output Occurrences |
|:----------:|:--------------:|:---------------------:|:---------------------:|:----------------------------:|
| iv_007-iv_012 | 2005 | 4515 | 38 | 77 |
| iv_005-iv_010 | 2013 | 4530 | 30 | 87 |
| iv_008-iv_009 | 2145 | 4561 | 39 | 82 |
| iv_002-iv_007 | 2020 | 4596 | 40 | 80 |
| iv_005-iv_009 | 2114 | 4608 | 48 | 69 |
| iv_008-iv_013 | 1980 | 4614 | 31 | 86 |
| iv_003-iv_008 | 2004 | 4637 | 42 | 74 |
| iv_003-iv_010 | 2035 | 4644 | 34 | 86 |
| iv_002-iv_012 | 2110 | 4645 | 34 | 95 |
| iv_005-iv_008 | 1921 | 4645 | 33 | 85 |
| iv_001-iv_006 | 2138 | 4649 | 35 | 81 |
| iv_005-iv_007 | 1860 | 4664 | 42 | 69 |
| iv_003-iv_005 | 1972 | 4686 | 36 | 91 |
| iv_003-iv_013 | 2011 | 4695 | 35 | 90 |
| iv_010-iv_013 | 1973 | 4697 | 37 | 70 |

### Input Bit Output Co-occurrences Sorted by Output Co-occurrences

| Input Bits | Co-occurrences | Potential Occurrences | Output Co-occurrences | Potential Output Occurrences |
|:----------:|:--------------:|:---------------------:|:---------------------:|:----------------------------:|
| iv_002-iv_009 | 2120 | 4848 | 50 | 72 |
| iv_005-iv_009 | 2114 | 4608 | 48 | 69 |
| iv_003-iv_009 | 2111 | 4772 | 48 | 76 |
| iv_002-iv_004 | 2075 | 5055 | 47 | 77 |
| iv_002-iv_003 | 1978 | 4926 | 46 | 78 |
| iv_004-iv_009 | 2259 | 4799 | 45 | 83 |
| iv_007-iv_009 | 1943 | 4862 | 45 | 72 |
| iv_003-iv_004 | 2172 | 4767 | 45 | 81 |
| iv_004-iv_006 | 2064 | 5036 | 43 | 75 |
| iv_004-iv_013 | 2135 | 4770 | 43 | 75 |
| iv_001-iv_004 | 2018 | 5159 | 43 | 76 |
| iv_009-iv_012 | 1990 | 4997 | 43 | 79 |
| iv_003-iv_012 | 2008 | 4755 | 43 | 77 |
| iv_005-iv_007 | 1860 | 4664 | 42 | 69 |
| iv_001-iv_009 | 1992 | 5094 | 42 | 79 |

### Input Bit Output Co-occurrences Sorted by Potential Output Occurrences

| Input Bits | Co-occurrences | Potential Occurrences | Output Co-occurrences | Potential Output Occurrences |
|:----------:|:--------------:|:---------------------:|:---------------------:|:----------------------------:|
| iv_001-iv_010 | 1973 | 4852 | 39 | 67 |
| iv_005-iv_007 | 1860 | 4664 | 42 | 69 |
| iv_005-iv_009 | 2114 | 4608 | 48 | 69 |
| iv_013-iv_014 | 2114 | 4828 | 39 | 69 |
| iv_006-iv_012 | 2002 | 4820 | 42 | 69 |
| iv_007-iv_015 | 1959 | 5086 | 42 | 69 |
| iv_006-iv_014 | 2119 | 4942 | 39 | 69 |
| iv_006-iv_013 | 1955 | 4860 | 40 | 70 |
| iv_010-iv_013 | 1973 | 4697 | 37 | 70 |
| iv_012-iv_014 | 2052 | 5006 | 40 | 70 |
| iv_001-iv_005 | 1994 | 4726 | 42 | 70 |
| iv_002-iv_009 | 2120 | 4848 | 50 | 72 |
| iv_007-iv_009 | 1943 | 4862 | 45 | 72 |
| iv_001-iv_007 | 1891 | 4844 | 39 | 73 |
| iv_009-iv_010 | 2100 | 4720 | 41 | 74 |

## Output Bits

### Output Bits in Regular Order

| Rank | Output Bit | Complexity |
|:----:|:----------:|:----------:|
| 1 | ov_001 | 2.6469647576976193 × 10^373 |
| 2 | ov_002 | 2.314533335083072 × 10^373 |
| 3 | ov_003 | 2.0155024538006098 × 10^373 |
| 4 | ov_004 | 1.7471448431924753 × 10^373 |
| 5 | ov_005 | 1.5068869986161807 × 10^373 |
| 6 | ov_006 | 1.2922984003988926 × 10^373 |
| 7 | ov_007 | 1.1010819627265604 × 10^373 |
| 8 | ov_008 | 9.310656117654587 × 10^372 |
| 9 | ov_009 | 7.801949210168652 × 10^372 |
| 10 | ov_010 | 6.4747123262349 × 10^372 |
| 11 | ov_011 | 5.319500575659429 × 10^372 |
| 12 | ov_012 | 4.327385837974527 × 10^372 |
| 13 | ov_013 | 3.4819823395608254 × 10^372 |
| 14 | ov_014 | 2.767847467672631 × 10^372 |
| 15 | ov_015 | 2.1704562538593647 × 10^372 |
| 16 | ov_016 | 1.6761809397184837 × 10^372 |
| 17 | ov_017 | 1.272274889273887 × 10^372 |
| 18 | ov_018 | 9.468601713738376 × 10^371 |
| 19 | ov_019 | 6.889181943015619 × 10^371 |
| 20 | ov_020 | 4.882828333841428 × 10^371 |
| 21 | ov_021 | 3.3563555084212562 × 10^371 |
| 22 | ov_022 | 2.225020654949543 × 10^371 |
| 23 | ov_023 | 1.4125018826131661 × 10^371 |
| 24 | ov_024 | 8.508849769147796 × 10^370 |
| 25 | ov_025 | 4.80655880541996 × 10^370 |
| 26 | ov_026 | 2.506968053805764 × 10^370 |
| 27 | ov_027 | 1.1828444485604124 × 10^370 |
| 28 | ov_028 | 4.908926784152 × 10^369 |
| 29 | ov_029 | 1.7175290963310397 × 10^369 |
| 30 | ov_030 | 4.719903176984152 × 10^368 |
| 31 | ov_031 | 9.218119464520638 × 10^367 |
| 32 | lv_80_m31 | 1.8001275927538098 × 10^367 |
| 33 | ov_033 | 2.2392605283778915 × 10^368 |
| 34 | ov_034 | 1.9591420470924704 × 10^368 |
| 35 | ov_035 | 1.7074548107115436 × 10^368 |
| 36 | ov_036 | 1.4818430572185599 × 10^368 |
| 37 | ov_037 | 1.2800821479590423 × 10^368 |
| 38 | ov_038 | 1.1000693886601989 × 10^368 |
| 39 | ov_039 | 9.398159911202803 × 10^367 |
| 40 | ov_040 | 7.974400741714803 × 10^367 |
| 41 | ov_041 | 6.711606080255958 × 10^367 |
| 42 | ov_042 | 5.59292211383454 × 10^367 |
| 43 | ov_043 | 4.610155059030034 × 10^367 |
| 44 | ov_044 | 3.755557014474166 × 10^367 |
| 45 | ov_045 | 3.021808834228555 × 10^367 |
| 46 | ov_046 | 2.4020058712654614 × 10^367 |
| 47 | ov_047 | 1.8835376103369545 × 10^367 |
| 48 | ov_048 | 1.4545724002081143 × 10^367 |
| 49 | ov_049 | 1.1040438420054751 × 10^367 |
| 50 | ov_050 | 8.216401815669416 × 10^366 |
| 51 | ov_051 | 5.977962192141594 × 10^366 |
| 52 | ov_052 | 4.2368729445892834 × 10^366 |
| 53 | ov_053 | 2.912249471322275 × 10^366 |
| 54 | ov_054 | 1.9305390033106433 × 10^366 |
| 55 | ov_055 | 1.2255005444435533 × 10^366 |
| 56 | ov_056 | 7.381922536351736 × 10^365 |
| 57 | ov_057 | 4.169640381760109 × 10^365 |
| 58 | ov_058 | 2.174535660265062 × 10^365 |
| 59 | ov_059 | 1.025843393744247 × 10^365 |
| 60 | ov_060 | 4.256488481902557 × 10^364 |
| 61 | ov_061 | 1.4888470276106277 × 10^364 |
| 62 | ov_062 | 4.0900104212073036 × 10^363 |
| 63 | ov_063 | 7.984185525013669 × 10^362 |
| 64 | lv_79_m31 | 1.5583207564068682 × 10^362 |
| 65 | ov_065 | 1.912031265163123 × 10^363 |
| 66 | ov_066 | 1.9120215928209704 × 10^363 |
| 67 | ov_067 | 1.9120192461675883 × 10^363 |
| 68 | ov_068 | 1.669003047326938 × 10^363 |
| 69 | ov_069 | 1.4504202680579682 × 10^363 |
| 70 | ov_070 | 1.254445056906254 × 10^363 |
| 71 | ov_071 | 1.0793548070432013 × 10^363 |
| 72 | ov_072 | 9.235227313830013 × 10^362 |
| 73 | ov_073 | 7.854112916572358 × 10^362 |
| 74 | ov_074 | 6.635664049781835 × 10^362 |
| 75 | ov_075 | 5.566123754498401 × 10^362 |
| 76 | ov_076 | 4.632475112056694 × 10^362 |
| 77 | ov_077 | 3.822403812107505 × 10^362 |
| 78 | ov_078 | 3.124266522665201 × 10^362 |
| 79 | ov_079 | 2.5270644196870307 × 10^362 |
| 80 | ov_080 | 2.02042127378708 × 10^362 |
| 81 | ov_081 | 1.5945655309517645 × 10^362 |
| 82 | ov_082 | 1.2403158627394655 × 10^362 |
| 83 | ov_083 | 9.4906969957175 × 10^361 |
| 84 | ov_084 | 7.127942984878401 × 10^361 |
| 85 | ov_085 | 5.240199342410151 × 10^361 |
| 86 | ov_086 | 3.7583483994609647 × 10^361 |
| 87 | ov_087 | 2.6188156070188766 × 10^361 |
| 88 | ov_088 | 1.7635442075547318 × 10^361 |
| 89 | ov_089 | 1.139978418763746 × 10^361 |
| 90 | ov_090 | 7.010528768718883 × 10^360 |
| 91 | ov_091 | 4.051864576603795 × 10^360 |
| 92 | ov_092 | 2.1627896400982576 × 10^360 |
| 93 | ov_093 | 1.0370953626829283 × 10^360 |
| 94 | ov_094 | 4.2335990806217565 × 10^359 |
| 95 | aaa_78_28 | 1.2494593445145476 × 10^359 |
| 96 | aaa_78_29 | 4.220599732543211 × 10^358 |
| 97 | ov_097 | 2.9011340307780998 × 10^358 |
| 98 | ov_098 | 2.90112597232797 × 10^358 |
| 99 | ov_099 | 2.9011240206112406 × 10^358 |
| 100 | ov_100 | 2.535280004636745 × 10^358 |
| 101 | ov_101 | 2.206618031310508 × 10^358 |
| 102 | ov_102 | 1.9121008854187406 × 10^358 |
| 103 | ov_103 | 1.648862684739499 × 10^358 |
| 104 | ov_104 | 1.4141973465389542 × 10^358 |
| 105 | ov_105 | 1.205548392552622 × 10^358 |
| 106 | ov_106 | 1.0204999316176824 × 10^358 |
| 107 | ov_107 | 8.567686965086159 × 10^357 |
| 108 | ov_108 | 7.121970468783942 × 10^357 |
| 109 | ov_109 | 5.857367526539609 × 10^357 |
| 110 | ov_110 | 4.7639792588306943 × 10^357 |
| 111 | ov_111 | 3.832465774547293 × 10^357 |
| 112 | ov_112 | 3.045744393080563 × 10^357 |
| 113 | ov_113 | 2.3877594828232772 × 10^357 |
| 114 | ov_114 | 1.8434564636494745 × 10^357 |
| 115 | ov_115 | 1.3987611332540323 × 10^357 |
| 116 | ov_116 | 1.0405636680464174 × 10^357 |
| 117 | ov_117 | 7.567065569013328 × 10^356 |
| 118 | ov_118 | 5.35975747119143 × 10^356 |
| 119 | ov_119 | 3.6809435729677236 × 10^356 |
| 120 | ov_120 | 2.437183870435908 × 10^356 |
| 121 | ov_121 | 1.5443392864775388 × 10^356 |
| 122 | ov_122 | 9.275546093708085 × 10^355 |
| 123 | ov_123 | 5.21248807019708 × 10^355 |
| 124 | ov_124 | 2.691100185094447 × 10^355 |
| 125 | ov_125 | 1.2409325103481264 × 10^355 |
| 126 | ov_126 | 4.841947003470663 × 10^354 |
| 127 | aaa_77_28 | 1.3575305685368747 × 10^354 |
| 128 | aaa_77_29 | 4.132608768029533 × 10^353 |
| 129 | ov_129 | 2.4820374809554273 × 10^353 |
| 130 | ov_130 | 2.4820291915136337 × 10^353 |
| 131 | ov_131 | 2.4820271792027078 × 10^353 |
| 132 | ov_132 | 2.1690477171511715 × 10^353 |
| 133 | ov_133 | 1.889984883659941 × 10^353 |
| 134 | ov_134 | 1.64174615071683 × 10^353 |
| 135 | ov_135 | 1.4214161565357098 × 10^353 |
| 136 | ov_136 | 1.2262444836030717 × 10^353 |
| 137 | ov_137 | 1.0536347453029686 × 10^353 |
| 138 | ov_138 | 9.011348835074021 × 10^352 |
| 139 | ov_139 | 7.664285953673836 × 10^352 |
| 140 | ov_140 | 6.473278120651091 × 10^352 |
| 141 | ov_141 | 5.4176615663427435 × 10^352 |
| 142 | ov_142 | 4.487401047626491 × 10^352 |
| 143 | ov_143 | 3.67302863843219 × 10^352 |
| 144 | ov_144 | 2.9656218357023987 × 10^352 |
| 145 | ov_145 | 2.356785444421802 × 10^352 |
| 146 | ov_146 | 1.8386369089443816 × 10^352 |
| 147 | ov_147 | 1.403794663882929 × 10^352 |
| 148 | ov_148 | 1.0453690520024543 × 10^352 |
| 149 | ov_149 | 7.569553941845259 × 10^351 |
| 150 | ov_150 | 5.326288340136157 × 10^351 |
| 151 | ov_151 | 3.61965375236113 × 10^351 |
| 152 | ov_152 | 2.354863247874625 × 10^351 |
| 153 | ov_153 | 1.4465548606243526 × 10^351 |
| 154 | ov_154 | 8.187743807061379 × 10^350 |
| 155 | ov_155 | 4.049655443431111 × 10^350 |
| 156 | aaa_76_25 | 1.479650408687925 × 10^350 |
| 157 | aaa_76_26 | 7.731276602869217 × 10^349 |
| 158 | aaa_76_27 | 3.565438190855379 × 10^349 |
| 159 | aaa_76_28 | 1.3914875984311515 × 10^349 |
| 160 | aaa_76_29 | 4.243509341621993 × 10^348 |

### Output Bits Sorted by Complexity

| Rank | Output Bit | Complexity |
|:----:|:----------:|:----------:|
| 160 | aaa_76_29 | 4.243509341621993 × 10^348 |
| 159 | aaa_76_28 | 1.3914875984311515 × 10^349 |
| 158 | aaa_76_27 | 3.565438190855379 × 10^349 |
| 157 | aaa_76_26 | 7.731276602869217 × 10^349 |
| 156 | aaa_76_25 | 1.479650408687925 × 10^350 |
| 155 | ov_155 | 4.049655443431111 × 10^350 |
| 154 | ov_154 | 8.187743807061379 × 10^350 |
| 153 | ov_153 | 1.4465548606243526 × 10^351 |
| 152 | ov_152 | 2.354863247874625 × 10^351 |
| 151 | ov_151 | 3.61965375236113 × 10^351 |
| 150 | ov_150 | 5.326288340136157 × 10^351 |
| 149 | ov_149 | 7.569553941845259 × 10^351 |
| 148 | ov_148 | 1.0453690520024543 × 10^352 |
| 147 | ov_147 | 1.403794663882929 × 10^352 |
| 146 | ov_146 | 1.8386369089443816 × 10^352 |
| 145 | ov_145 | 2.356785444421802 × 10^352 |
| 144 | ov_144 | 2.9656218357023987 × 10^352 |
| 143 | ov_143 | 3.67302863843219 × 10^352 |
| 142 | ov_142 | 4.487401047626491 × 10^352 |
| 141 | ov_141 | 5.4176615663427435 × 10^352 |
| 140 | ov_140 | 6.473278120651091 × 10^352 |
| 139 | ov_139 | 7.664285953673836 × 10^352 |
| 138 | ov_138 | 9.011348835074021 × 10^352 |
| 137 | ov_137 | 1.0536347453029686 × 10^353 |
| 136 | ov_136 | 1.2262444836030717 × 10^353 |
| 135 | ov_135 | 1.4214161565357098 × 10^353 |
| 134 | ov_134 | 1.64174615071683 × 10^353 |
| 133 | ov_133 | 1.889984883659941 × 10^353 |
| 132 | ov_132 | 2.1690477171511715 × 10^353 |
| 131 | ov_131 | 2.4820271792027078 × 10^353 |
| 130 | ov_130 | 2.4820291915136337 × 10^353 |
| 129 | ov_129 | 2.4820374809554273 × 10^353 |
| 128 | aaa_77_29 | 4.132608768029533 × 10^353 |
| 127 | aaa_77_28 | 1.3575305685368747 × 10^354 |
| 126 | ov_126 | 4.841947003470663 × 10^354 |
| 125 | ov_125 | 1.2409325103481264 × 10^355 |
| 124 | ov_124 | 2.691100185094447 × 10^355 |
| 123 | ov_123 | 5.21248807019708 × 10^355 |
| 122 | ov_122 | 9.275546093708085 × 10^355 |
| 121 | ov_121 | 1.5443392864775388 × 10^356 |
| 120 | ov_120 | 2.437183870435908 × 10^356 |
| 119 | ov_119 | 3.6809435729677236 × 10^356 |
| 118 | ov_118 | 5.35975747119143 × 10^356 |
| 117 | ov_117 | 7.567065569013328 × 10^356 |
| 116 | ov_116 | 1.0405636680464174 × 10^357 |
| 115 | ov_115 | 1.3987611332540323 × 10^357 |
| 114 | ov_114 | 1.8434564636494745 × 10^357 |
| 113 | ov_113 | 2.3877594828232772 × 10^357 |
| 112 | ov_112 | 3.045744393080563 × 10^357 |
| 111 | ov_111 | 3.832465774547293 × 10^357 |
| 110 | ov_110 | 4.7639792588306943 × 10^357 |
| 109 | ov_109 | 5.857367526539609 × 10^357 |
| 108 | ov_108 | 7.121970468783942 × 10^357 |
| 107 | ov_107 | 8.567686965086159 × 10^357 |
| 106 | ov_106 | 1.0204999316176824 × 10^358 |
| 105 | ov_105 | 1.205548392552622 × 10^358 |
| 104 | ov_104 | 1.4141973465389542 × 10^358 |
| 103 | ov_103 | 1.648862684739499 × 10^358 |
| 102 | ov_102 | 1.9121008854187406 × 10^358 |
| 101 | ov_101 | 2.206618031310508 × 10^358 |
| 100 | ov_100 | 2.535280004636745 × 10^358 |
| 99 | ov_099 | 2.9011240206112406 × 10^358 |
| 98 | ov_098 | 2.90112597232797 × 10^358 |
| 97 | ov_097 | 2.9011340307780998 × 10^358 |
| 96 | aaa_78_29 | 4.220599732543211 × 10^358 |
| 95 | aaa_78_28 | 1.2494593445145476 × 10^359 |
| 94 | ov_094 | 4.2335990806217565 × 10^359 |
| 93 | ov_093 | 1.0370953626829283 × 10^360 |
| 92 | ov_092 | 2.1627896400982576 × 10^360 |
| 91 | ov_091 | 4.051864576603795 × 10^360 |
| 90 | ov_090 | 7.010528768718883 × 10^360 |
| 89 | ov_089 | 1.139978418763746 × 10^361 |
| 88 | ov_088 | 1.7635442075547318 × 10^361 |
| 87 | ov_087 | 2.6188156070188766 × 10^361 |
| 86 | ov_086 | 3.7583483994609647 × 10^361 |
| 85 | ov_085 | 5.240199342410151 × 10^361 |
| 84 | ov_084 | 7.127942984878401 × 10^361 |
| 83 | ov_083 | 9.4906969957175 × 10^361 |
| 82 | ov_082 | 1.2403158627394655 × 10^362 |
| 64 | lv_79_m31 | 1.5583207564068682 × 10^362 |
| 81 | ov_081 | 1.5945655309517645 × 10^362 |
| 80 | ov_080 | 2.02042127378708 × 10^362 |
| 79 | ov_079 | 2.5270644196870307 × 10^362 |
| 78 | ov_078 | 3.124266522665201 × 10^362 |
| 77 | ov_077 | 3.822403812107505 × 10^362 |
| 76 | ov_076 | 4.632475112056694 × 10^362 |
| 75 | ov_075 | 5.566123754498401 × 10^362 |
| 74 | ov_074 | 6.635664049781835 × 10^362 |
| 73 | ov_073 | 7.854112916572358 × 10^362 |
| 63 | ov_063 | 7.984185525013669 × 10^362 |
| 72 | ov_072 | 9.235227313830013 × 10^362 |
| 71 | ov_071 | 1.0793548070432013 × 10^363 |
| 70 | ov_070 | 1.254445056906254 × 10^363 |
| 69 | ov_069 | 1.4504202680579682 × 10^363 |
| 68 | ov_068 | 1.669003047326938 × 10^363 |
| 67 | ov_067 | 1.9120192461675883 × 10^363 |
| 66 | ov_066 | 1.9120215928209704 × 10^363 |
| 65 | ov_065 | 1.912031265163123 × 10^363 |
| 62 | ov_062 | 4.0900104212073036 × 10^363 |
| 61 | ov_061 | 1.4888470276106277 × 10^364 |
| 60 | ov_060 | 4.256488481902557 × 10^364 |
| 59 | ov_059 | 1.025843393744247 × 10^365 |
| 58 | ov_058 | 2.174535660265062 × 10^365 |
| 57 | ov_057 | 4.169640381760109 × 10^365 |
| 56 | ov_056 | 7.381922536351736 × 10^365 |
| 55 | ov_055 | 1.2255005444435533 × 10^366 |
| 54 | ov_054 | 1.9305390033106433 × 10^366 |
| 53 | ov_053 | 2.912249471322275 × 10^366 |
| 52 | ov_052 | 4.2368729445892834 × 10^366 |
| 51 | ov_051 | 5.977962192141594 × 10^366 |
| 50 | ov_050 | 8.216401815669416 × 10^366 |
| 49 | ov_049 | 1.1040438420054751 × 10^367 |
| 48 | ov_048 | 1.4545724002081143 × 10^367 |
| 32 | lv_80_m31 | 1.8001275927538098 × 10^367 |
| 47 | ov_047 | 1.8835376103369545 × 10^367 |
| 46 | ov_046 | 2.4020058712654614 × 10^367 |
| 45 | ov_045 | 3.021808834228555 × 10^367 |
| 44 | ov_044 | 3.755557014474166 × 10^367 |
| 43 | ov_043 | 4.610155059030034 × 10^367 |
| 42 | ov_042 | 5.59292211383454 × 10^367 |
| 41 | ov_041 | 6.711606080255958 × 10^367 |
| 40 | ov_040 | 7.974400741714803 × 10^367 |
| 31 | ov_031 | 9.218119464520638 × 10^367 |
| 39 | ov_039 | 9.398159911202803 × 10^367 |
| 38 | ov_038 | 1.1000693886601989 × 10^368 |
| 37 | ov_037 | 1.2800821479590423 × 10^368 |
| 36 | ov_036 | 1.4818430572185599 × 10^368 |
| 35 | ov_035 | 1.7074548107115436 × 10^368 |
| 34 | ov_034 | 1.9591420470924704 × 10^368 |
| 33 | ov_033 | 2.2392605283778915 × 10^368 |
| 30 | ov_030 | 4.719903176984152 × 10^368 |
| 29 | ov_029 | 1.7175290963310397 × 10^369 |
| 28 | ov_028 | 4.908926784152 × 10^369 |
| 27 | ov_027 | 1.1828444485604124 × 10^370 |
| 26 | ov_026 | 2.506968053805764 × 10^370 |
| 25 | ov_025 | 4.80655880541996 × 10^370 |
| 24 | ov_024 | 8.508849769147796 × 10^370 |
| 23 | ov_023 | 1.4125018826131661 × 10^371 |
| 22 | ov_022 | 2.225020654949543 × 10^371 |
| 21 | ov_021 | 3.3563555084212562 × 10^371 |
| 20 | ov_020 | 4.882828333841428 × 10^371 |
| 19 | ov_019 | 6.889181943015619 × 10^371 |
| 18 | ov_018 | 9.468601713738376 × 10^371 |
| 17 | ov_017 | 1.272274889273887 × 10^372 |
| 16 | ov_016 | 1.6761809397184837 × 10^372 |
| 15 | ov_015 | 2.1704562538593647 × 10^372 |
| 14 | ov_014 | 2.767847467672631 × 10^372 |
| 13 | ov_013 | 3.4819823395608254 × 10^372 |
| 12 | ov_012 | 4.327385837974527 × 10^372 |
| 11 | ov_011 | 5.319500575659429 × 10^372 |
| 10 | ov_010 | 6.4747123262349 × 10^372 |
| 9 | ov_009 | 7.801949210168652 × 10^372 |
| 8 | ov_008 | 9.310656117654587 × 10^372 |
| 7 | ov_007 | 1.1010819627265604 × 10^373 |
| 6 | ov_006 | 1.2922984003988926 × 10^373 |
| 5 | ov_005 | 1.5068869986161807 × 10^373 |
| 4 | ov_004 | 1.7471448431924753 × 10^373 |
| 3 | ov_003 | 2.0155024538006098 × 10^373 |
| 2 | ov_002 | 2.314533335083072 × 10^373 |
| 1 | ov_001 | 2.6469647576976193 × 10^373 |

