# Results for F001-F002-F003-F004-F005-F006-F007-F008-F009-F010-F011-F012-F013-F014-F015-F016-F017-F018-F019-F020-F021-F022-F023-F024-F025-F026-F027-F028-F029-F030-F031-F032-F033-F034-F035-F036-F037-F038-F039-F040-F041-F042-F043-F044-F045-F046-F047-F048-F049-F050-F051-F052-F053-F054-F055-F056-F057-F058-F059-F060-F061-F062-F063-F064-F065-F066-F067-F068-F069-F070-F071-F072-F073-F074-F075-F076-F077-F078-F079-F080-F081-F082-F083-F084-F085-F086-F087-F088-F089-F090-F091-F092-F093-F094-F095-F096-F097-F098-F099-F100-F101-F102-F103-F104-F105-F106-F107-F108-F109-F110-F111-F112-F113-F114-F115-F116-F117-F118-F119-F120-F121-F122-F123-F124-F125-F126-F127-F128-F129-F130-F131-F132-F133-F134-F135-F136-F137-F138-F139-F140-F141-F142-F143-F144-F145-F146-F147-F148-F149-F150-F151-F152-F153-F154-F155-F156-F157-F158-F159-F160-F161-F162-F163-F164-F165-F166-F167-F168-F169-F170-F171-F172-F173-F174-F175-F176-F177-F178-F179-F180-F181-F182-F183-F184-F185-F186-F187-F188-F189-F190-F191-F192-F193-F194-F195-F196-F197-F198-F199-F200-F201-F202-F203-F204-F205-F206-F207-F208-F209-F210-F211-F212-F213-F214-F215-F216-F217-F218-F219-F220-F221-F222-F223-F224-F225-F226-F227-F228-F229-F230-F231-F232-F233-F234-F235-F236-F237-F238-F239-F240-F241-F242-F243-F244-F245-F246-F247-F248-F249-F250-F251-F252-F253-F254-F255-F256-F257-F258-F259-F260-F261-F262-F263-F264-F265-F266-F267-F268-F269-F270-F271-F272-F273-F274-F275-F276-F277-F278-F279-F280-F281-F282-F283-F284-F285-F286-F287-F288-F289-F290-F291-F292-F293-F294-F295-F296-F297-F298-F299-F300-F301-F302-F303-F304-F305-F306-F307-F308-F309-F310-F311-F312-F313-F314-F315-F316-F317-F318-F319-F320-F321-F322-F323-F324-F325-F326-F327-F328-F329-F330-F331-F332-F333-F334-F335-F336-F337-F338-F339-F340-F341-F342-F343-F344-F345-F346-F347-F348-F349-F350-F351-F352-F353-F354-F355-F356-F357-F358-F359-F360-F361-F362-F363-F364-F365-F366-F367-F368-F369-F370-F371-F372-F373-F374-F375-F376-F377-F378-F379-F380-F381-F382-F383-F384-F385-F386-F387-F388-F389-F390-F391-F392-F393-F394-F395-F396-F397-F398-F399-F400-F401-F402-F403-F404-F405-F406-F407-F408-F409-F410-F411-F412-F413-F414-F415-F416-F417-F418-F419-F420-F421-F422-F423-F424-F425-F426-F427-F428-F429-F430-F431-F432-F433-F434-F435-F436-F437-F438-F439-F440-F441-F442-F443-F444-F445-F446-F447-F448-F449-F450-F451-F452-F453-F454-F455-F456-F457-F458-F459-F460-F461-F462-F463-F464-F465-F466-F467-F468-F469-F470-F471-F472-F473-F474-F475-F476-F477-F478-F479-F480-F481-F482-F483-F484-F485-F486-F487-F488-F489-F490-F491-F492-F493-F494-F495-F496-E497506

## Summary

Number of input bits: 512  
Number of free input bits: 15  
Number of output bits: 160

Number of direct occurrences: 61539  
Number of assignments: 32222  
Number of operations: 11414828
(xor: 11386186,
and: 14901,
or: 13741)

Total complexity: 9.717823919298627 × 10^302

Least occurring input variable: iv_502 (3909)  
Most occurring input variable: iv_512 (4403)

Most co-occurring input variables: iv_511-iv_512 (2170)  
Least co-occurring input variables: iv_498-iv_502 (1776)

Potentially most occurring input variable: iv_497/iv_512 (4656)  
Potentially least occurring input variable: iv_499/iv_508 (4115)

Least output occurring input variable: iv_508 (70)  
Most output occurring input variable: iv_498 (88)

Most output co-occurring input variables: iv_498-iv_510 (48)  
Least output co-occurring input variables: iv_502-iv_508 (30)

Potentially most output occurring input variable: iv_504/iv_510 (93)  
Potentially least output occurring input variable: iv_507/iv_509 (66)

Least complex input bit: iv_498 (1.3819696058547929 × 10^300)  
Most complex input bit: iv_510 (2.384514994039239 × 10^302)

Least complex output bit: aaa_76_29 (1.5630881933275753 × 10^278)  
Most complex output bit: ov_001 (1.5119388733715708 × 10^302)

Least complex input/output complexity: iv_498/aaa_76_29 (2.222864287712977 × 10^275)  
Most complex input/output complexity: iv_510/ov_001 (3.709926155860527 × 10^301)

## Input Bits

### Input Bits in Regular Order

| Input Bit | Complexity | Occurrences | Output Occurrences |
|:---------:|:----------:|:-----------:|:------------------:|
| iv_497 | 6.371989177408639 × 10^301 | 4213 | 73 |
| iv_498 | 1.3819696058547929 × 10^300 | 3966 | 88 |
| iv_499 | 2.4605139496527886 × 10^300 | 4136 | 81 |
| iv_500 | 4.167531877512557 × 10^300 | 4149 | 76 |
| iv_501 | 7.106322674219985 × 10^300 | 4122 | 83 |
| iv_502 | 1.155052693483632 × 10^301 | 3909 | 82 |
| iv_503 | 1.8224469735282894 × 10^301 | 4060 | 74 |
| iv_504 | 2.807592844797621 × 10^301 | 3957 | 78 |
| iv_505 | 4.242765027187455 × 10^301 | 3950 | 79 |
| iv_507 | 9.223539614679762 × 10^301 | 4207 | 76 |
| iv_508 | 1.307028319688821 × 10^302 | 4031 | 70 |
| iv_509 | 1.792130177984445 × 10^302 | 4032 | 78 |
| iv_510 | 2.384514994039239 × 10^302 | 4159 | 79 |
| iv_511 | 7.061669437169909 × 10^301 | 4245 | 80 |
| iv_512 | 8.144814696881959 × 10^301 | 4403 | 80 |

### Input Bits Sorted by Complexity

| Input Bit | Complexity | Occurrences | Output Occurrences |
|:---------:|:----------:|:-----------:|:------------------:|
| iv_498 | 1.3819696058547929 × 10^300 | 3966 | 88 |
| iv_499 | 2.4605139496527886 × 10^300 | 4136 | 81 |
| iv_500 | 4.167531877512557 × 10^300 | 4149 | 76 |
| iv_501 | 7.106322674219985 × 10^300 | 4122 | 83 |
| iv_502 | 1.155052693483632 × 10^301 | 3909 | 82 |
| iv_503 | 1.8224469735282894 × 10^301 | 4060 | 74 |
| iv_504 | 2.807592844797621 × 10^301 | 3957 | 78 |
| iv_505 | 4.242765027187455 × 10^301 | 3950 | 79 |
| iv_497 | 6.371989177408639 × 10^301 | 4213 | 73 |
| iv_511 | 7.061669437169909 × 10^301 | 4245 | 80 |
| iv_512 | 8.144814696881959 × 10^301 | 4403 | 80 |
| iv_507 | 9.223539614679762 × 10^301 | 4207 | 76 |
| iv_508 | 1.307028319688821 × 10^302 | 4031 | 70 |
| iv_509 | 1.792130177984445 × 10^302 | 4032 | 78 |
| iv_510 | 2.384514994039239 × 10^302 | 4159 | 79 |

### Input Bits Sorted by Occurrences

| Input Bit | Complexity | Occurrences | Output Occurrences |
|:---------:|:----------:|:-----------:|:------------------:|
| iv_502 | 1.155052693483632 × 10^301 | 3909 | 82 |
| iv_505 | 4.242765027187455 × 10^301 | 3950 | 79 |
| iv_504 | 2.807592844797621 × 10^301 | 3957 | 78 |
| iv_498 | 1.3819696058547929 × 10^300 | 3966 | 88 |
| iv_508 | 1.307028319688821 × 10^302 | 4031 | 70 |
| iv_509 | 1.792130177984445 × 10^302 | 4032 | 78 |
| iv_503 | 1.8224469735282894 × 10^301 | 4060 | 74 |
| iv_501 | 7.106322674219985 × 10^300 | 4122 | 83 |
| iv_499 | 2.4605139496527886 × 10^300 | 4136 | 81 |
| iv_500 | 4.167531877512557 × 10^300 | 4149 | 76 |
| iv_510 | 2.384514994039239 × 10^302 | 4159 | 79 |
| iv_507 | 9.223539614679762 × 10^301 | 4207 | 76 |
| iv_497 | 6.371989177408639 × 10^301 | 4213 | 73 |
| iv_511 | 7.061669437169909 × 10^301 | 4245 | 80 |
| iv_512 | 8.144814696881959 × 10^301 | 4403 | 80 |

### Input Bits Sorted by Output Occurrences

| Input Bit | Complexity | Occurrences | Output Occurrences |
|:---------:|:----------:|:-----------:|:------------------:|
| iv_508 | 1.307028319688821 × 10^302 | 4031 | 70 |
| iv_497 | 6.371989177408639 × 10^301 | 4213 | 73 |
| iv_503 | 1.8224469735282894 × 10^301 | 4060 | 74 |
| iv_500 | 4.167531877512557 × 10^300 | 4149 | 76 |
| iv_507 | 9.223539614679762 × 10^301 | 4207 | 76 |
| iv_504 | 2.807592844797621 × 10^301 | 3957 | 78 |
| iv_509 | 1.792130177984445 × 10^302 | 4032 | 78 |
| iv_505 | 4.242765027187455 × 10^301 | 3950 | 79 |
| iv_510 | 2.384514994039239 × 10^302 | 4159 | 79 |
| iv_511 | 7.061669437169909 × 10^301 | 4245 | 80 |
| iv_512 | 8.144814696881959 × 10^301 | 4403 | 80 |
| iv_499 | 2.4605139496527886 × 10^300 | 4136 | 81 |
| iv_502 | 1.155052693483632 × 10^301 | 3909 | 82 |
| iv_501 | 7.106322674219985 × 10^300 | 4122 | 83 |
| iv_498 | 1.3819696058547929 × 10^300 | 3966 | 88 |

## Input Bit Co-occurrences

### Input Bit Co-occurrences Sorted by Co-occurrences

| Input Bits | Co-occurrences | Potential Occurrences | Output Co-occurrences | Potential Output Occurrences |
|:----------:|:--------------:|:---------------------:|:---------------------:|:----------------------------:|
| iv_511-iv_512 | 2170 | 4308 | 43 | 74 |
| iv_507-iv_512 | 2124 | 4362 | 42 | 72 |
| iv_510-iv_512 | 2101 | 4360 | 42 | 75 |
| iv_500-iv_511 | 2091 | 4212 | 38 | 80 |
| iv_500-iv_512 | 2077 | 4398 | 39 | 78 |
| iv_501-iv_512 | 2075 | 4375 | 43 | 77 |
| iv_503-iv_512 | 2056 | 4351 | 34 | 86 |
| iv_507-iv_510 | 2050 | 4266 | 41 | 73 |
| iv_501-iv_511 | 2048 | 4271 | 39 | 85 |
| iv_508-iv_512 | 2046 | 4342 | 32 | 86 |
| iv_499-iv_512 | 2046 | 4447 | 44 | 73 |
| iv_499-iv_510 | 2044 | 4207 | 43 | 74 |
| iv_499-iv_511 | 2036 | 4309 | 37 | 87 |
| iv_507-iv_511 | 2027 | 4398 | 39 | 78 |
| iv_499-iv_508 | 2026 | 4115 | 38 | 75 |

### Input Bit Co-occurrences Sorted by Potential Occurrences

| Input Bits | Co-occurrences | Potential Occurrences | Output Co-occurrences | Potential Output Occurrences |
|:----------:|:--------------:|:---------------------:|:---------------------:|:----------------------------:|
| iv_499-iv_508 | 2026 | 4115 | 38 | 75 |
| iv_499-iv_502 | 1934 | 4177 | 41 | 81 |
| iv_502-iv_505 | 1839 | 4181 | 36 | 89 |
| iv_501-iv_505 | 1945 | 4182 | 45 | 72 |
| iv_500-iv_503 | 2013 | 4183 | 38 | 74 |
| iv_504-iv_505 | 1861 | 4185 | 41 | 75 |
| iv_508-iv_509 | 1936 | 4191 | 35 | 78 |
| iv_499-iv_509 | 1987 | 4194 | 41 | 77 |
| iv_498-iv_508 | 1897 | 4203 | 37 | 84 |
| iv_499-iv_510 | 2044 | 4207 | 43 | 74 |
| iv_507-iv_508 | 2015 | 4208 | 31 | 84 |
| iv_500-iv_511 | 2091 | 4212 | 38 | 80 |
| iv_498-iv_504 | 1855 | 4213 | 46 | 74 |
| iv_498-iv_510 | 1953 | 4219 | 48 | 71 |
| iv_500-iv_505 | 1940 | 4219 | 42 | 71 |

### Input Bit Output Co-occurrences Sorted by Output Co-occurrences

| Input Bits | Co-occurrences | Potential Occurrences | Output Co-occurrences | Potential Output Occurrences |
|:----------:|:--------------:|:---------------------:|:---------------------:|:----------------------------:|
| iv_498-iv_501 | 1887 | 4314 | 48 | 75 |
| iv_498-iv_510 | 1953 | 4219 | 48 | 71 |
| iv_498-iv_512 | 2007 | 4355 | 47 | 74 |
| iv_498-iv_502 | 1776 | 4323 | 46 | 78 |
| iv_498-iv_504 | 1855 | 4213 | 46 | 74 |
| iv_501-iv_505 | 1945 | 4182 | 45 | 72 |
| iv_499-iv_507 | 1939 | 4465 | 45 | 67 |
| iv_502-iv_511 | 1931 | 4292 | 45 | 72 |
| iv_499-iv_512 | 2046 | 4447 | 44 | 73 |
| iv_507-iv_509 | 1980 | 4279 | 44 | 66 |
| iv_501-iv_509 | 1925 | 4304 | 43 | 75 |
| iv_498-iv_503 | 1902 | 4222 | 43 | 76 |
| iv_498-iv_507 | 1912 | 4349 | 43 | 78 |
| iv_498-iv_511 | 1908 | 4395 | 43 | 82 |
| iv_499-iv_501 | 1991 | 4276 | 43 | 78 |

### Input Bit Output Co-occurrences Sorted by Potential Output Occurrences

| Input Bits | Co-occurrences | Potential Occurrences | Output Co-occurrences | Potential Output Occurrences |
|:----------:|:--------------:|:---------------------:|:---------------------:|:----------------------------:|
| iv_507-iv_509 | 1980 | 4279 | 44 | 66 |
| iv_497-iv_500 | 1975 | 4412 | 41 | 67 |
| iv_497-iv_503 | 1919 | 4435 | 40 | 67 |
| iv_499-iv_507 | 1939 | 4465 | 45 | 67 |
| iv_503-iv_504 | 1872 | 4273 | 41 | 70 |
| iv_498-iv_510 | 1953 | 4219 | 48 | 71 |
| iv_500-iv_505 | 1940 | 4219 | 42 | 71 |
| iv_501-iv_505 | 1945 | 4182 | 45 | 72 |
| iv_497-iv_510 | 2015 | 4342 | 40 | 72 |
| iv_502-iv_511 | 1931 | 4292 | 45 | 72 |
| iv_507-iv_512 | 2124 | 4362 | 42 | 72 |
| iv_501-iv_503 | 1963 | 4256 | 42 | 73 |
| iv_503-iv_505 | 1890 | 4230 | 40 | 73 |
| iv_499-iv_512 | 2046 | 4447 | 44 | 73 |
| iv_507-iv_510 | 2050 | 4266 | 41 | 73 |

## Output Bits

### Output Bits in Regular Order

| Rank | Output Bit | Complexity |
|:----:|:----------:|:----------:|
| 1 | ov_001 | 1.5119388733715708 × 10^302 |
| 2 | ov_002 | 1.3164336775504445 × 10^302 |
| 3 | ov_003 | 1.1408607825970156 × 10^302 |
| 4 | ov_004 | 9.837255000841675 × 10^301 |
| 5 | ov_005 | 8.436153022886327 × 10^301 |
| 6 | ov_006 | 7.191940370146711 × 10^301 |
| 7 | ov_007 | 6.091968874705861 × 10^301 |
| 8 | ov_008 | 5.124260091555013 × 10^301 |
| 9 | ov_009 | 4.277467793664215 × 10^301 |
| 10 | ov_010 | 3.540845984546314 × 10^301 |
| 11 | ov_011 | 2.904221853694163 × 10^301 |
| 12 | ov_012 | 2.3579731334649462 × 10^301 |
| 13 | ov_013 | 1.8930093484616265 × 10^301 |
| 14 | ov_014 | 1.5007564803721453 × 10^301 |
| 15 | ov_015 | 1.1731446027006795 × 10^301 |
| 16 | ov_016 | 9.025980709692592 × 10^300 |
| 17 | ov_017 | 6.820278848699609 × 10^300 |
| 18 | ov_018 | 5.048258695778838 × 10^300 |
| 19 | ov_019 | 3.648603540475967 × 10^300 |
| 20 | ov_020 | 2.5647305465147743 × 10^300 |
| 21 | ov_021 | 1.7447690300639325 × 10^300 |
| 22 | ov_022 | 1.1415458729487248 × 10^300 |
| 23 | ov_023 | 7.12576068305424 × 10^299 |
| 24 | ov_024 | 4.200567686215059 × 10^299 |
| 25 | ov_025 | 2.308636956818362 × 10^299 |
| 26 | ov_026 | 1.165491731065401 × 10^299 |
| 27 | ov_027 | 5.334120015435157 × 10^298 |
| 28 | ov_028 | 2.214308630851759 × 10^298 |
| 29 | ov_029 | 8.533333581364168 × 10^297 |
| 30 | ov_030 | 2.6089532134520864 × 10^297 |
| 31 | ov_031 | 5.08913422230798 × 10^296 |
| 32 | lv_80_m31 | 9.925064452200575 × 10^295 |
| 33 | ov_033 | 1.2001734157829745 × 10^297 |
| 34 | ov_034 | 1.0435195074180099 × 10^297 |
| 35 | ov_035 | 9.029711570610719 × 10^296 |
| 36 | ov_036 | 7.773150092055137 × 10^296 |
| 37 | ov_037 | 6.654041650898402 × 10^296 |
| 38 | ov_038 | 5.661535205609281 × 10^296 |
| 39 | ov_039 | 4.785357098025096 × 10^296 |
| 40 | ov_040 | 4.015775978612607 × 10^296 |
| 41 | ov_041 | 3.343572683821077 × 10^296 |
| 42 | ov_042 | 2.76001456263275 × 10^296 |
| 43 | ov_043 | 2.2568337808168852 × 10^296 |
| 44 | ov_044 | 1.826209161407589 × 10^296 |
| 45 | ov_045 | 1.460751148739979 × 10^296 |
| 46 | ov_046 | 1.1534895111670187 × 10^296 |
| 47 | ov_047 | 8.97863424499946 × 10^295 |
| 48 | ov_048 | 6.877136044140324 × 10^295 |
| 49 | ov_049 | 5.172761816702284 × 10^295 |
| 50 | ov_050 | 3.811780391399218 × 10^295 |
| 51 | ov_051 | 2.7443335438879123 × 10^295 |
| 52 | ov_052 | 1.9244111606700112 × 10^295 |
| 53 | ov_053 | 1.309834066434553 × 10^295 |
| 54 | ov_054 | 8.622426817449661 × 10^294 |
| 55 | ov_055 | 5.4708991861699116 × 10^294 |
| 56 | ov_056 | 3.336369616557055 × 10^294 |
| 57 | ov_057 | 1.9495086183313133 × 10^294 |
| 58 | ov_058 | 1.0790321343016102 × 10^294 |
| 59 | ov_059 | 5.316948217291919 × 10^293 |
| 60 | ov_060 | 2.2038315550579967 × 10^293 |
| 61 | ov_061 | 7.700111801474122 × 10^292 |
| 62 | ov_062 | 2.112913198477251 × 10^292 |
| 63 | ov_063 | 4.119634825445663 × 10^291 |
| 64 | lv_79_m31 | 8.030660786002263 × 10^290 |
| 65 | ov_065 | 9.705478509745871 × 10^291 |
| 66 | ov_066 | 9.705450246048279 × 10^291 |
| 67 | ov_067 | 9.705443329311902 × 10^291 |
| 68 | ov_068 | 8.426045432944665 × 10^291 |
| 69 | ov_069 | 7.281145144028242 × 10^291 |
| 70 | ov_070 | 6.260034513315423 × 10^291 |
| 71 | ov_071 | 5.352664004891652 × 10^291 |
| 72 | ov_072 | 4.549597925379506 × 10^291 |
| 73 | ov_073 | 3.841973803481657 × 10^291 |
| 74 | ov_074 | 3.221465508475866 × 10^291 |
| 75 | ov_075 | 2.6802499047153586 × 10^291 |
| 76 | ov_076 | 2.2109768461926042 × 10^291 |
| 77 | ov_077 | 1.8067423209680336 × 10^291 |
| 78 | ov_078 | 1.461064559910205 × 10^291 |
| 79 | ov_079 | 1.1678629278916703 × 10^291 |
| 80 | ov_080 | 9.214394184752647 × 10^290 |
| 81 | ov_081 | 7.164625753376402 × 10^290 |
| 82 | ov_082 | 5.4795366532817224 × 10^290 |
| 83 | ov_083 | 4.112749292584996 × 10^290 |
| 84 | ov_084 | 3.021197373562464 × 10^290 |
| 85 | ov_085 | 2.1650447688028594 × 10^290 |
| 86 | ov_086 | 1.507619997573629 × 10^290 |
| 87 | ov_087 | 1.0153645832266732 × 10^290 |
| 88 | ov_088 | 6.577935737847081 × 10^289 |
| 89 | ov_089 | 4.074665085926271 × 10^289 |
| 90 | ov_090 | 2.399671143100945 × 10^289 |
| 91 | ov_091 | 1.3389001370949124 × 10^289 |
| 92 | ov_092 | 7.083274519381772 × 10^288 |
| 93 | ov_093 | 3.539147571184741 × 10^288 |
| 94 | ov_094 | 1.515900943191653 × 10^288 |
| 95 | aaa_78_28 | 4.680763302066857 × 10^287 |
| 96 | aaa_78_29 | 1.4373940929479926 × 10^287 |
| 97 | ov_097 | 9.486908163130296 × 10^286 |
| 98 | ov_098 | 9.486622971276782 × 10^286 |
| 99 | ov_099 | 9.486531764725319 × 10^286 |
| 100 | ov_100 | 8.534780197005674 × 10^286 |
| 101 | ov_101 | 7.653658652671347 × 10^286 |
| 102 | ov_102 | 6.839243312209099 × 10^286 |
| 103 | ov_103 | 6.087894468331153 × 10^286 |
| 104 | ov_104 | 5.396220830036661 × 10^286 |
| 105 | ov_105 | 4.761047008309588 × 10^286 |
| 106 | ov_106 | 4.1793840145294676 × 10^286 |
| 107 | ov_107 | 3.648402609322128 × 10^286 |
| 108 | ov_108 | 3.1654093450616283 × 10^286 |
| 109 | ov_109 | 2.7278251497000017 × 10^286 |
| 110 | ov_110 | 2.333166303178668 × 10^286 |
| 111 | ov_111 | 1.9790276604894697 × 10^286 |
| 112 | ov_112 | 1.6630679776204577 × 10^286 |
| 113 | ov_113 | 1.3829971982482657 × 10^286 |
| 114 | ov_114 | 1.136565560222794 × 10^286 |
| 115 | ov_115 | 9.215543817190806 × 10^285 |
| 116 | ov_116 | 7.357683874847914 × 10^285 |
| 117 | ov_117 | 5.770294359594172 × 10^285 |
| 118 | ov_118 | 4.431715082436902 × 10^285 |
| 119 | ov_119 | 3.320368200058656 × 10^285 |
| 120 | ov_120 | 2.414729174652414 × 10^285 |
| 121 | ov_121 | 1.693306186193067 × 10^285 |
| 122 | ov_122 | 1.1346266089365012 × 10^285 |
| 123 | ov_123 | 7.172287147716259 × 10^284 |
| 124 | ov_124 | 4.196564903621166 × 10^284 |
| 125 | ov_125 | 2.204564216860876 × 10^284 |
| 126 | ov_126 | 9.817585121138172 × 10^283 |
| 127 | aaa_77_28 | 3.136234615283501 × 10^283 |
| 128 | aaa_77_29 | 1.1764712772763068 × 10^283 |
| 129 | ov_129 | 1.1042261657967118 × 10^283 |
| 130 | ov_130 | 1.1042231171100983 × 10^283 |
| 131 | ov_131 | 1.1042223786484043 × 10^283 |
| 132 | ov_132 | 9.605742805868156 × 10^282 |
| 133 | ov_133 | 8.316331186487172 × 10^282 |
| 134 | ov_134 | 7.162949031309686 × 10^282 |
| 135 | ov_135 | 6.13516152564951 × 10^282 |
| 136 | ov_136 | 5.2230960109424536 × 10^282 |
| 137 | ov_137 | 4.417404643980664 × 10^282 |
| 138 | ov_138 | 3.709232131543146 × 10^282 |
| 139 | ov_139 | 3.090188057143764 × 10^282 |
| 140 | ov_140 | 2.552323342484653 × 10^282 |
| 141 | ov_141 | 2.0881104113317188 × 10^282 |
| 142 | ov_142 | 1.6904266480741205 × 10^282 |
| 143 | ov_143 | 1.352540767322858 × 10^282 |
| 144 | ov_144 | 1.068101734655576 × 10^282 |
| 145 | ov_145 | 8.311299021167684 × 10^281 |
| 146 | ov_146 | 6.360100454084978 × 10^281 |
| 147 | ov_147 | 4.774860129140168 × 10^281 |
| 148 | ov_148 | 3.506567198285173 × 10^281 |
| 149 | ov_149 | 2.5097324375784996 × 10^281 |
| 150 | ov_150 | 1.742368012069501 × 10^281 |
| 151 | ov_151 | 1.1659740742605087 × 10^281 |
| 152 | ov_152 | 7.455304512062056 × 10^280 |
| 153 | ov_153 | 4.494919056368904 × 10^280 |
| 154 | ov_154 | 2.497856867899294 × 10^280 |
| 155 | ov_155 | 1.2181035022224884 × 10^280 |
| 156 | aaa_76_25 | 4.4435206989653295 × 10^279 |
| 157 | aaa_76_26 | 2.5685190697217966 × 10^279 |
| 158 | aaa_76_27 | 1.31625653777296 × 10^279 |
| 159 | aaa_76_28 | 5.1322014553208615 × 10^278 |
| 160 | aaa_76_29 | 1.5630881933275753 × 10^278 |

### Output Bits Sorted by Complexity

| Rank | Output Bit | Complexity |
|:----:|:----------:|:----------:|
| 160 | aaa_76_29 | 1.5630881933275753 × 10^278 |
| 159 | aaa_76_28 | 5.1322014553208615 × 10^278 |
| 158 | aaa_76_27 | 1.31625653777296 × 10^279 |
| 157 | aaa_76_26 | 2.5685190697217966 × 10^279 |
| 156 | aaa_76_25 | 4.4435206989653295 × 10^279 |
| 155 | ov_155 | 1.2181035022224884 × 10^280 |
| 154 | ov_154 | 2.497856867899294 × 10^280 |
| 153 | ov_153 | 4.494919056368904 × 10^280 |
| 152 | ov_152 | 7.455304512062056 × 10^280 |
| 151 | ov_151 | 1.1659740742605087 × 10^281 |
| 150 | ov_150 | 1.742368012069501 × 10^281 |
| 149 | ov_149 | 2.5097324375784996 × 10^281 |
| 148 | ov_148 | 3.506567198285173 × 10^281 |
| 147 | ov_147 | 4.774860129140168 × 10^281 |
| 146 | ov_146 | 6.360100454084978 × 10^281 |
| 145 | ov_145 | 8.311299021167684 × 10^281 |
| 144 | ov_144 | 1.068101734655576 × 10^282 |
| 143 | ov_143 | 1.352540767322858 × 10^282 |
| 142 | ov_142 | 1.6904266480741205 × 10^282 |
| 141 | ov_141 | 2.0881104113317188 × 10^282 |
| 140 | ov_140 | 2.552323342484653 × 10^282 |
| 139 | ov_139 | 3.090188057143764 × 10^282 |
| 138 | ov_138 | 3.709232131543146 × 10^282 |
| 137 | ov_137 | 4.417404643980664 × 10^282 |
| 136 | ov_136 | 5.2230960109424536 × 10^282 |
| 135 | ov_135 | 6.13516152564951 × 10^282 |
| 134 | ov_134 | 7.162949031309686 × 10^282 |
| 133 | ov_133 | 8.316331186487172 × 10^282 |
| 132 | ov_132 | 9.605742805868156 × 10^282 |
| 131 | ov_131 | 1.1042223786484043 × 10^283 |
| 130 | ov_130 | 1.1042231171100983 × 10^283 |
| 129 | ov_129 | 1.1042261657967118 × 10^283 |
| 128 | aaa_77_29 | 1.1764712772763068 × 10^283 |
| 127 | aaa_77_28 | 3.136234615283501 × 10^283 |
| 126 | ov_126 | 9.817585121138172 × 10^283 |
| 125 | ov_125 | 2.204564216860876 × 10^284 |
| 124 | ov_124 | 4.196564903621166 × 10^284 |
| 123 | ov_123 | 7.172287147716259 × 10^284 |
| 122 | ov_122 | 1.1346266089365012 × 10^285 |
| 121 | ov_121 | 1.693306186193067 × 10^285 |
| 120 | ov_120 | 2.414729174652414 × 10^285 |
| 119 | ov_119 | 3.320368200058656 × 10^285 |
| 118 | ov_118 | 4.431715082436902 × 10^285 |
| 117 | ov_117 | 5.770294359594172 × 10^285 |
| 116 | ov_116 | 7.357683874847914 × 10^285 |
| 115 | ov_115 | 9.215543817190806 × 10^285 |
| 114 | ov_114 | 1.136565560222794 × 10^286 |
| 113 | ov_113 | 1.3829971982482657 × 10^286 |
| 112 | ov_112 | 1.6630679776204577 × 10^286 |
| 111 | ov_111 | 1.9790276604894697 × 10^286 |
| 110 | ov_110 | 2.333166303178668 × 10^286 |
| 109 | ov_109 | 2.7278251497000017 × 10^286 |
| 108 | ov_108 | 3.1654093450616283 × 10^286 |
| 107 | ov_107 | 3.648402609322128 × 10^286 |
| 106 | ov_106 | 4.1793840145294676 × 10^286 |
| 105 | ov_105 | 4.761047008309588 × 10^286 |
| 104 | ov_104 | 5.396220830036661 × 10^286 |
| 103 | ov_103 | 6.087894468331153 × 10^286 |
| 102 | ov_102 | 6.839243312209099 × 10^286 |
| 101 | ov_101 | 7.653658652671347 × 10^286 |
| 100 | ov_100 | 8.534780197005674 × 10^286 |
| 99 | ov_099 | 9.486531764725319 × 10^286 |
| 98 | ov_098 | 9.486622971276782 × 10^286 |
| 97 | ov_097 | 9.486908163130296 × 10^286 |
| 96 | aaa_78_29 | 1.4373940929479926 × 10^287 |
| 95 | aaa_78_28 | 4.680763302066857 × 10^287 |
| 94 | ov_094 | 1.515900943191653 × 10^288 |
| 93 | ov_093 | 3.539147571184741 × 10^288 |
| 92 | ov_092 | 7.083274519381772 × 10^288 |
| 91 | ov_091 | 1.3389001370949124 × 10^289 |
| 90 | ov_090 | 2.399671143100945 × 10^289 |
| 89 | ov_089 | 4.074665085926271 × 10^289 |
| 88 | ov_088 | 6.577935737847081 × 10^289 |
| 87 | ov_087 | 1.0153645832266732 × 10^290 |
| 86 | ov_086 | 1.507619997573629 × 10^290 |
| 85 | ov_085 | 2.1650447688028594 × 10^290 |
| 84 | ov_084 | 3.021197373562464 × 10^290 |
| 83 | ov_083 | 4.112749292584996 × 10^290 |
| 82 | ov_082 | 5.4795366532817224 × 10^290 |
| 81 | ov_081 | 7.164625753376402 × 10^290 |
| 64 | lv_79_m31 | 8.030660786002263 × 10^290 |
| 80 | ov_080 | 9.214394184752647 × 10^290 |
| 79 | ov_079 | 1.1678629278916703 × 10^291 |
| 78 | ov_078 | 1.461064559910205 × 10^291 |
| 77 | ov_077 | 1.8067423209680336 × 10^291 |
| 76 | ov_076 | 2.2109768461926042 × 10^291 |
| 75 | ov_075 | 2.6802499047153586 × 10^291 |
| 74 | ov_074 | 3.221465508475866 × 10^291 |
| 73 | ov_073 | 3.841973803481657 × 10^291 |
| 63 | ov_063 | 4.119634825445663 × 10^291 |
| 72 | ov_072 | 4.549597925379506 × 10^291 |
| 71 | ov_071 | 5.352664004891652 × 10^291 |
| 70 | ov_070 | 6.260034513315423 × 10^291 |
| 69 | ov_069 | 7.281145144028242 × 10^291 |
| 68 | ov_068 | 8.426045432944665 × 10^291 |
| 67 | ov_067 | 9.705443329311902 × 10^291 |
| 66 | ov_066 | 9.705450246048279 × 10^291 |
| 65 | ov_065 | 9.705478509745871 × 10^291 |
| 62 | ov_062 | 2.112913198477251 × 10^292 |
| 61 | ov_061 | 7.700111801474122 × 10^292 |
| 60 | ov_060 | 2.2038315550579967 × 10^293 |
| 59 | ov_059 | 5.316948217291919 × 10^293 |
| 58 | ov_058 | 1.0790321343016102 × 10^294 |
| 57 | ov_057 | 1.9495086183313133 × 10^294 |
| 56 | ov_056 | 3.336369616557055 × 10^294 |
| 55 | ov_055 | 5.4708991861699116 × 10^294 |
| 54 | ov_054 | 8.622426817449661 × 10^294 |
| 53 | ov_053 | 1.309834066434553 × 10^295 |
| 52 | ov_052 | 1.9244111606700112 × 10^295 |
| 51 | ov_051 | 2.7443335438879123 × 10^295 |
| 50 | ov_050 | 3.811780391399218 × 10^295 |
| 49 | ov_049 | 5.172761816702284 × 10^295 |
| 48 | ov_048 | 6.877136044140324 × 10^295 |
| 47 | ov_047 | 8.97863424499946 × 10^295 |
| 32 | lv_80_m31 | 9.925064452200575 × 10^295 |
| 46 | ov_046 | 1.1534895111670187 × 10^296 |
| 45 | ov_045 | 1.460751148739979 × 10^296 |
| 44 | ov_044 | 1.826209161407589 × 10^296 |
| 43 | ov_043 | 2.2568337808168852 × 10^296 |
| 42 | ov_042 | 2.76001456263275 × 10^296 |
| 41 | ov_041 | 3.343572683821077 × 10^296 |
| 40 | ov_040 | 4.015775978612607 × 10^296 |
| 39 | ov_039 | 4.785357098025096 × 10^296 |
| 31 | ov_031 | 5.08913422230798 × 10^296 |
| 38 | ov_038 | 5.661535205609281 × 10^296 |
| 37 | ov_037 | 6.654041650898402 × 10^296 |
| 36 | ov_036 | 7.773150092055137 × 10^296 |
| 35 | ov_035 | 9.029711570610719 × 10^296 |
| 34 | ov_034 | 1.0435195074180099 × 10^297 |
| 33 | ov_033 | 1.2001734157829745 × 10^297 |
| 30 | ov_030 | 2.6089532134520864 × 10^297 |
| 29 | ov_029 | 8.533333581364168 × 10^297 |
| 28 | ov_028 | 2.214308630851759 × 10^298 |
| 27 | ov_027 | 5.334120015435157 × 10^298 |
| 26 | ov_026 | 1.165491731065401 × 10^299 |
| 25 | ov_025 | 2.308636956818362 × 10^299 |
| 24 | ov_024 | 4.200567686215059 × 10^299 |
| 23 | ov_023 | 7.12576068305424 × 10^299 |
| 22 | ov_022 | 1.1415458729487248 × 10^300 |
| 21 | ov_021 | 1.7447690300639325 × 10^300 |
| 20 | ov_020 | 2.5647305465147743 × 10^300 |
| 19 | ov_019 | 3.648603540475967 × 10^300 |
| 18 | ov_018 | 5.048258695778838 × 10^300 |
| 17 | ov_017 | 6.820278848699609 × 10^300 |
| 16 | ov_016 | 9.025980709692592 × 10^300 |
| 15 | ov_015 | 1.1731446027006795 × 10^301 |
| 14 | ov_014 | 1.5007564803721453 × 10^301 |
| 13 | ov_013 | 1.8930093484616265 × 10^301 |
| 12 | ov_012 | 2.3579731334649462 × 10^301 |
| 11 | ov_011 | 2.904221853694163 × 10^301 |
| 10 | ov_010 | 3.540845984546314 × 10^301 |
| 9 | ov_009 | 4.277467793664215 × 10^301 |
| 8 | ov_008 | 5.124260091555013 × 10^301 |
| 7 | ov_007 | 6.091968874705861 × 10^301 |
| 6 | ov_006 | 7.191940370146711 × 10^301 |
| 5 | ov_005 | 8.436153022886327 × 10^301 |
| 4 | ov_004 | 9.837255000841675 × 10^301 |
| 3 | ov_003 | 1.1408607825970156 × 10^302 |
| 2 | ov_002 | 1.3164336775504445 × 10^302 |
| 1 | ov_001 | 1.5119388733715708 × 10^302 |

