# Results for O002006-F017-F018-F019-F020-F021-F022-F023-F024-F025-F026-F027-F028-F029-F030-F031-F032-F033-F034-F035-F036-F037-F038-F039-F040-F041-F042-F043-F044-F045-F046-F047-F048-F049-F050-F051-F052-F053-F054-F055-F056-F057-F058-F059-F060-F061-F062-F063-F064-F065-F066-F067-F068-F069-F070-F071-F072-F073-F074-F075-F076-F077-F078-F079-F080-F081-F082-F083-F084-F085-F086-F087-F088-F089-F090-F091-F092-F093-F094-F095-F096-F097-F098-F099-F100-F101-F102-F103-F104-F105-F106-F107-F108-F109-F110-F111-F112-F113-F114-F115-F116-F117-F118-F119-F120-F121-F122-F123-F124-F125-F126-F127-F128-F129-F130-F131-F132-F133-F134-F135-F136-F137-F138-F139-F140-F141-F142-F143-F144-F145-F146-F147-F148-F149-F150-F151-F152-F153-F154-F155-F156-F157-F158-F159-F160-F161-F162-F163-F164-F165-F166-F167-F168-F169-F170-F171-F172-F173-F174-F175-F176-F177-F178-F179-F180-F181-F182-F183-F184-F185-F186-F187-F188-F189-F190-F191-F192-F193-F194-F195-F196-F197-F198-F199-F200-F201-F202-F203-F204-F205-F206-F207-F208-F209-F210-F211-F212-F213-F214-F215-F216-F217-F218-F219-F220-F221-F222-F223-F224-F225-F226-F227-F228-F229-F230-F231-F232-F233-F234-F235-F236-F237-F238-F239-F240-F241-F242-F243-F244-F245-F246-F247-F248-F249-F250-F251-F252-F253-F254-F255-F256-F257-F258-F259-F260-F261-F262-F263-F264-F265-F266-F267-F268-F269-F270-F271-F272-F273-F274-F275-F276-F277-F278-F279-F280-F281-F282-F283-F284-F285-F286-F287-F288-F289-F290-F291-F292-F293-F294-F295-F296-F297-F298-F299-F300-F301-F302-F303-F304-F305-F306-F307-F308-F309-F310-F311-F312-F313-F314-F315-F316-F317-F318-F319-F320-F321-F322-F323-F324-F325-F326-F327-F328-F329-F330-F331-F332-F333-F334-F335-F336-F337-F338-F339-F340-F341-F342-F343-F344-F345-F346-F347-F348-F349-F350-F351-F352-F353-F354-F355-F356-F357-F358-F359-F360-F361-F362-F363-F364-F365-F366-F367-F368-F369-F370-F371-F372-F373-F374-F375-F376-F377-F378-F379-F380-F381-F382-F383-F384-F385-F386-F387-F388-F389-F390-F391-F392-F393-F394-F395-F396-F397-F398-F399-F400-F401-F402-F403-F404-F405-F406-F407-F408-F409-F410-F411-F412-F413-F414-F415-F416-F417-F418-F419-F420-F421-F422-F423-F424-F425-F426-F427-F428-F429-F430-F431-F432-F433-F434-F435-F436-F437-F438-F439-F440-F441-F442-F443-F444-F445-F446-F447-F448-F449-F450-F451-F452-F453-F454-F455-F456-F457-F458-F459-F460-F461-F462-F463-F464-F465-F466-F467-F468-F469-F470-F471-F472-F473-F474-F475-F476-F477-F478-F479-F480-F481-F482-F483-F484-F485-F486-F487-F488-F489-F490-F491-F492-F493-F494-F495-F496-F497-F498-F499-F500-F501-F502-F503-F504-F505-F506-F507-F508-F509-F510-F511-F512

## Summary

Number of input bits: 512  
Number of free input bits: 15  
Number of output bits: 160

Number of direct occurrences: 68871  
Number of assignments: 39339  
Number of operations: 19437380
(xor: 19399064,
and: 21653,
or: 16663)

Total complexity: 6.609245934647973 × 10^358

Least occurring input variable: iv_012 (4244)  
Most occurring input variable: iv_015 (4850)

Most co-occurring input variables: iv_004-iv_005 (2365)  
Least co-occurring input variables: iv_012-iv_016 (1939)

Potentially most occurring input variable: iv_002/iv_015 (5365)  
Potentially least occurring input variable: iv_008/iv_009 (4496)

Least output occurring input variable: iv_011 (63)  
Most output occurring input variable: iv_012 (88)

Most output co-occurring input variables: iv_007-iv_012 (53)  
Least output co-occurring input variables: iv_005-iv_011 (20)

Potentially most output occurring input variable: iv_004/iv_015 (98)  
Potentially least output occurring input variable: iv_008/iv_013 (65)

Least complex input bit: iv_016 (9.663505822532275 × 10^354)  
Most complex input bit: iv_015 (1.3442574991202899 × 10^358)

Least complex output bit: aaa_76_29 (1.5371438863290074 × 10^333)  
Most complex output bit: ov_001 (1.0117054252943477 × 10^358)

Least complex input/output complexity: iv_016/aaa_76_29 (2.24748769261851 × 10^329)  
Most complex input/output complexity: iv_015/ov_001 (2.0577122084730616 × 10^357)

## Input Bits

### Input Bits in Regular Order

| Input Bit | Complexity | Occurrences | Output Occurrences |
|:---------:|:----------:|:-----------:|:------------------:|
| iv_001 | 2.9507395630630776 × 10^355 | 4658 | 81 |
| iv_002 | 1.8973606986175493 × 10^357 | 4745 | 66 |
| iv_003 | 3.67433582596576 × 10^356 | 4464 | 78 |
| iv_004 | 7.992349210293993 × 10^356 | 4590 | 79 |
| iv_005 | 1.281255733652587 × 10^357 | 4663 | 73 |
| iv_007 | 2.2950549346892353 × 10^357 | 4430 | 88 |
| iv_008 | 2.890561679488212 × 10^357 | 4537 | 76 |
| iv_009 | 3.633683056651646 × 10^357 | 4621 | 73 |
| iv_010 | 4.638222431488078 × 10^357 | 4548 | 87 |
| iv_011 | 6.054577299336651 × 10^357 | 4686 | 63 |
| iv_012 | 7.658880377375527 × 10^357 | 4244 | 88 |
| iv_013 | 9.492492107364867 × 10^357 | 4589 | 79 |
| iv_014 | 1.16019566315334 × 10^358 | 4729 | 83 |
| iv_015 | 1.3442574991202899 × 10^358 | 4850 | 73 |
| iv_016 | 9.663505822532275 × 10^354 | 4517 | 72 |

### Input Bits Sorted by Complexity

| Input Bit | Complexity | Occurrences | Output Occurrences |
|:---------:|:----------:|:-----------:|:------------------:|
| iv_016 | 9.663505822532275 × 10^354 | 4517 | 72 |
| iv_001 | 2.9507395630630776 × 10^355 | 4658 | 81 |
| iv_003 | 3.67433582596576 × 10^356 | 4464 | 78 |
| iv_004 | 7.992349210293993 × 10^356 | 4590 | 79 |
| iv_005 | 1.281255733652587 × 10^357 | 4663 | 73 |
| iv_002 | 1.8973606986175493 × 10^357 | 4745 | 66 |
| iv_007 | 2.2950549346892353 × 10^357 | 4430 | 88 |
| iv_008 | 2.890561679488212 × 10^357 | 4537 | 76 |
| iv_009 | 3.633683056651646 × 10^357 | 4621 | 73 |
| iv_010 | 4.638222431488078 × 10^357 | 4548 | 87 |
| iv_011 | 6.054577299336651 × 10^357 | 4686 | 63 |
| iv_012 | 7.658880377375527 × 10^357 | 4244 | 88 |
| iv_013 | 9.492492107364867 × 10^357 | 4589 | 79 |
| iv_014 | 1.16019566315334 × 10^358 | 4729 | 83 |
| iv_015 | 1.3442574991202899 × 10^358 | 4850 | 73 |

### Input Bits Sorted by Occurrences

| Input Bit | Complexity | Occurrences | Output Occurrences |
|:---------:|:----------:|:-----------:|:------------------:|
| iv_012 | 7.658880377375527 × 10^357 | 4244 | 88 |
| iv_007 | 2.2950549346892353 × 10^357 | 4430 | 88 |
| iv_003 | 3.67433582596576 × 10^356 | 4464 | 78 |
| iv_016 | 9.663505822532275 × 10^354 | 4517 | 72 |
| iv_008 | 2.890561679488212 × 10^357 | 4537 | 76 |
| iv_010 | 4.638222431488078 × 10^357 | 4548 | 87 |
| iv_013 | 9.492492107364867 × 10^357 | 4589 | 79 |
| iv_004 | 7.992349210293993 × 10^356 | 4590 | 79 |
| iv_009 | 3.633683056651646 × 10^357 | 4621 | 73 |
| iv_001 | 2.9507395630630776 × 10^355 | 4658 | 81 |
| iv_005 | 1.281255733652587 × 10^357 | 4663 | 73 |
| iv_011 | 6.054577299336651 × 10^357 | 4686 | 63 |
| iv_014 | 1.16019566315334 × 10^358 | 4729 | 83 |
| iv_002 | 1.8973606986175493 × 10^357 | 4745 | 66 |
| iv_015 | 1.3442574991202899 × 10^358 | 4850 | 73 |

### Input Bits Sorted by Output Occurrences

| Input Bit | Complexity | Occurrences | Output Occurrences |
|:---------:|:----------:|:-----------:|:------------------:|
| iv_011 | 6.054577299336651 × 10^357 | 4686 | 63 |
| iv_002 | 1.8973606986175493 × 10^357 | 4745 | 66 |
| iv_016 | 9.663505822532275 × 10^354 | 4517 | 72 |
| iv_005 | 1.281255733652587 × 10^357 | 4663 | 73 |
| iv_009 | 3.633683056651646 × 10^357 | 4621 | 73 |
| iv_015 | 1.3442574991202899 × 10^358 | 4850 | 73 |
| iv_008 | 2.890561679488212 × 10^357 | 4537 | 76 |
| iv_003 | 3.67433582596576 × 10^356 | 4464 | 78 |
| iv_013 | 9.492492107364867 × 10^357 | 4589 | 79 |
| iv_004 | 7.992349210293993 × 10^356 | 4590 | 79 |
| iv_001 | 2.9507395630630776 × 10^355 | 4658 | 81 |
| iv_014 | 1.16019566315334 × 10^358 | 4729 | 83 |
| iv_010 | 4.638222431488078 × 10^357 | 4548 | 87 |
| iv_007 | 2.2950549346892353 × 10^357 | 4430 | 88 |
| iv_012 | 7.658880377375527 × 10^357 | 4244 | 88 |

## Input Bit Co-occurrences

### Input Bit Co-occurrences Sorted by Co-occurrences

| Input Bits | Co-occurrences | Potential Occurrences | Output Co-occurrences | Potential Output Occurrences |
|:----------:|:--------------:|:---------------------:|:---------------------:|:----------------------------:|
| iv_004-iv_005 | 2365 | 4523 | 35 | 82 |
| iv_008-iv_009 | 2331 | 4496 | 36 | 77 |
| iv_005-iv_015 | 2325 | 4863 | 36 | 74 |
| iv_014-iv_015 | 2306 | 4967 | 32 | 92 |
| iv_009-iv_015 | 2290 | 4891 | 34 | 78 |
| iv_008-iv_013 | 2266 | 4594 | 45 | 65 |
| iv_009-iv_014 | 2253 | 4844 | 37 | 82 |
| iv_010-iv_015 | 2242 | 4914 | 35 | 90 |
| iv_009-iv_011 | 2237 | 4833 | 30 | 76 |
| iv_013-iv_014 | 2232 | 4854 | 47 | 68 |
| iv_009-iv_010 | 2232 | 4705 | 43 | 74 |
| iv_008-iv_014 | 2229 | 4808 | 44 | 71 |
| iv_001-iv_011 | 2224 | 4896 | 34 | 76 |
| iv_004-iv_009 | 2224 | 4763 | 36 | 80 |
| iv_004-iv_014 | 2218 | 4883 | 41 | 80 |

### Input Bit Co-occurrences Sorted by Potential Occurrences

| Input Bits | Co-occurrences | Potential Occurrences | Output Co-occurrences | Potential Output Occurrences |
|:----------:|:--------------:|:---------------------:|:---------------------:|:----------------------------:|
| iv_008-iv_009 | 2331 | 4496 | 36 | 77 |
| iv_007-iv_012 | 2084 | 4506 | 53 | 70 |
| iv_004-iv_005 | 2365 | 4523 | 35 | 82 |
| iv_003-iv_012 | 2092 | 4524 | 45 | 76 |
| iv_008-iv_013 | 2266 | 4594 | 45 | 65 |
| iv_003-iv_008 | 2203 | 4595 | 38 | 78 |
| iv_008-iv_012 | 2090 | 4601 | 43 | 78 |
| iv_003-iv_004 | 2210 | 4634 | 36 | 85 |
| iv_003-iv_013 | 2203 | 4647 | 33 | 91 |
| iv_012-iv_013 | 2074 | 4685 | 44 | 79 |
| iv_007-iv_010 | 2139 | 4700 | 48 | 79 |
| iv_004-iv_007 | 2158 | 4704 | 45 | 77 |
| iv_009-iv_010 | 2232 | 4705 | 43 | 74 |
| iv_003-iv_007 | 2092 | 4710 | 45 | 76 |
| iv_001-iv_007 | 2174 | 4740 | 46 | 77 |

### Input Bit Output Co-occurrences Sorted by Output Co-occurrences

| Input Bits | Co-occurrences | Potential Occurrences | Output Co-occurrences | Potential Output Occurrences |
|:----------:|:--------------:|:---------------------:|:---------------------:|:----------------------------:|
| iv_007-iv_012 | 2084 | 4506 | 53 | 70 |
| iv_001-iv_010 | 2169 | 4868 | 49 | 70 |
| iv_007-iv_010 | 2139 | 4700 | 48 | 79 |
| iv_013-iv_014 | 2232 | 4854 | 47 | 68 |
| iv_008-iv_010 | 2076 | 4933 | 47 | 69 |
| iv_001-iv_003 | 2088 | 4946 | 46 | 67 |
| iv_001-iv_007 | 2174 | 4740 | 46 | 77 |
| iv_001-iv_012 | 2037 | 4828 | 46 | 77 |
| iv_004-iv_010 | 2164 | 4810 | 46 | 74 |
| iv_010-iv_014 | 2208 | 4861 | 45 | 80 |
| iv_003-iv_007 | 2092 | 4710 | 45 | 76 |
| iv_004-iv_007 | 2158 | 4704 | 45 | 77 |
| iv_003-iv_012 | 2092 | 4524 | 45 | 76 |
| iv_004-iv_012 | 2006 | 4822 | 45 | 77 |
| iv_012-iv_014 | 2074 | 4825 | 45 | 81 |

### Input Bit Output Co-occurrences Sorted by Potential Output Occurrences

| Input Bits | Co-occurrences | Potential Occurrences | Output Co-occurrences | Potential Output Occurrences |
|:----------:|:--------------:|:---------------------:|:---------------------:|:----------------------------:|
| iv_008-iv_013 | 2266 | 4594 | 45 | 65 |
| iv_004-iv_011 | 2087 | 5102 | 38 | 66 |
| iv_001-iv_003 | 2088 | 4946 | 46 | 67 |
| iv_013-iv_014 | 2232 | 4854 | 47 | 68 |
| iv_008-iv_010 | 2076 | 4933 | 47 | 69 |
| iv_002-iv_005 | 2111 | 5186 | 35 | 69 |
| iv_007-iv_012 | 2084 | 4506 | 53 | 70 |
| iv_001-iv_010 | 2169 | 4868 | 49 | 70 |
| iv_008-iv_014 | 2229 | 4808 | 44 | 71 |
| iv_010-iv_011 | 2213 | 4808 | 39 | 72 |
| iv_002-iv_012 | 2079 | 4831 | 41 | 72 |
| iv_008-iv_015 | 2210 | 4967 | 38 | 73 |
| iv_010-iv_016 | 2109 | 4847 | 43 | 73 |
| iv_002-iv_011 | 2174 | 5083 | 28 | 73 |
| iv_005-iv_015 | 2325 | 4863 | 36 | 74 |

## Output Bits

### Output Bits in Regular Order

| Rank | Output Bit | Complexity |
|:----:|:----------:|:----------:|
| 1 | ov_001 | 1.0117054252943477 × 10^358 |
| 2 | ov_002 | 8.834189325485863 × 10^357 |
| 3 | ov_003 | 7.681215600173911 × 10^357 |
| 4 | ov_004 | 6.647834753284179 × 10^357 |
| 5 | ov_005 | 5.724326032278949 × 10^357 |
| 6 | ov_006 | 4.901505890159519 × 10^357 |
| 7 | ov_007 | 4.170692382632805 × 10^357 |
| 8 | ov_008 | 3.523673869692985 × 10^357 |
| 9 | ov_009 | 2.9526816692336934 × 10^357 |
| 10 | ov_010 | 2.450366410805229 × 10^357 |
| 11 | ov_011 | 2.0131555057971054 × 10^357 |
| 12 | ov_012 | 1.637671304461285 × 10^357 |
| 13 | ov_013 | 1.317713670198384 × 10^357 |
| 14 | ov_014 | 1.0474387765568317 × 10^357 |
| 15 | ov_015 | 8.21349629770462 × 10^356 |
| 16 | ov_016 | 6.342884790265393 × 10^356 |
| 17 | ov_017 | 4.814308412935848 × 10^356 |
| 18 | ov_018 | 3.582808894258694 × 10^356 |
| 19 | ov_019 | 2.6066797405873446 × 10^356 |
| 20 | ov_020 | 1.847440715476015 × 10^356 |
| 21 | ov_021 | 1.2698197190644286 × 10^356 |
| 22 | ov_022 | 8.417404238398691 × 10^355 |
| 23 | ov_023 | 5.3431423987526104 × 10^355 |
| 24 | ov_024 | 3.2183539930218236 × 10^355 |
| 25 | ov_025 | 1.8177816641055308 × 10^355 |
| 26 | ov_026 | 9.479539548166708 × 10^354 |
| 27 | ov_027 | 4.4717867925188915 × 10^354 |
| 28 | ov_028 | 1.8554030563279026 × 10^354 |
| 29 | ov_029 | 6.489911273938353 × 10^353 |
| 30 | ov_030 | 1.7829362651032228 × 10^353 |
| 31 | ov_031 | 3.4808810517290445 × 10^352 |
| 32 | lv_80_m31 | 6.794882548667436 × 10^351 |
| 33 | ov_033 | 8.413374990773797 × 10^352 |
| 34 | ov_034 | 7.351758544191213 × 10^352 |
| 35 | ov_035 | 6.398229374255024 × 10^352 |
| 36 | ov_036 | 5.5441030599752464 × 10^352 |
| 37 | ov_037 | 4.78117502796912 × 10^352 |
| 38 | ov_038 | 4.101686773013422 × 10^352 |
| 39 | ov_039 | 3.4982963623191537 × 10^352 |
| 40 | ov_040 | 2.9640528382587264 × 10^352 |
| 41 | ov_041 | 2.49237415513097 × 10^352 |
| 42 | ov_042 | 2.0770283055333407 × 10^352 |
| 43 | ov_043 | 1.7121173111684953 × 10^352 |
| 44 | ov_044 | 1.3947738581761508 × 10^352 |
| 45 | ov_045 | 1.1222878599522775 × 10^352 |
| 46 | ov_046 | 8.921013987789458 × 10^351 |
| 47 | ov_047 | 6.995394605703141 × 10^351 |
| 48 | ov_048 | 5.40213881384106 × 10^351 |
| 49 | ov_049 | 4.10018712124704 × 10^351 |
| 50 | ov_050 | 3.051266727045726 × 10^351 |
| 51 | ov_051 | 2.2198651063574326 × 10^351 |
| 52 | ov_052 | 1.5732109579004293 × 10^351 |
| 53 | ov_053 | 1.0812609979132096 × 10^351 |
| 54 | ov_054 | 7.166912520128892 × 10^350 |
| 55 | ov_055 | 4.54891663437988 × 10^350 |
| 56 | ov_056 | 2.7396300287566054 × 10^350 |
| 57 | ov_057 | 1.5471523178687807 × 10^350 |
| 58 | ov_058 | 8.066667231432134 × 10^349 |
| 59 | ov_059 | 3.804359017252089 × 10^349 |
| 60 | ov_060 | 1.578000081521591 × 10^349 |
| 61 | ov_061 | 5.517595246447181 × 10^348 |
| 62 | ov_062 | 1.5151709623627649 × 10^348 |
| 63 | ov_063 | 2.956572410118997 × 10^347 |
| 64 | lv_79_m31 | 5.768075463583491 × 10^346 |
| 65 | ov_065 | 7.006231475067844 × 10^347 |
| 66 | ov_066 | 7.006203682408947 × 10^347 |
| 67 | ov_067 | 7.006194785411983 × 10^347 |
| 68 | ov_068 | 6.10072920271663 × 10^347 |
| 69 | ov_069 | 5.2874335150735223 × 10^347 |
| 70 | ov_070 | 4.559382431765708 × 10^347 |
| 71 | ov_071 | 3.910040207361237 × 10^347 |
| 72 | ov_072 | 3.333232660930262 × 10^347 |
| 73 | ov_073 | 2.823122526355632 × 10^347 |
| 74 | ov_074 | 2.3741878120526182 × 10^347 |
| 75 | ov_075 | 1.981202900980152 × 10^347 |
| 76 | ov_076 | 1.639222206430923 × 10^347 |
| 77 | ov_077 | 1.3435662134162324 × 10^347 |
| 78 | ov_078 | 1.0898096836153562 × 10^347 |
| 79 | ov_079 | 8.73771784356299 × 10^346 |
| 80 | ov_080 | 6.9150791702035125 × 10^346 |
| 81 | ov_081 | 5.393030348859206 × 10^346 |
| 82 | ov_082 | 4.1366625481523754 × 10^346 |
| 83 | ov_083 | 3.1132658139738323 × 10^346 |
| 84 | ov_084 | 2.292295762395641 × 10^346 |
| 85 | ov_085 | 1.6453481908363752 × 10^346 |
| 86 | ov_086 | 1.1461402134585246 × 10^346 |
| 87 | ov_087 | 7.704966655669824 × 10^345 |
| 88 | ov_088 | 4.963406603066556 × 10^345 |
| 89 | ov_089 | 3.036873193340589 × 10^345 |
| 90 | ov_090 | 1.7463983743313971 × 10^345 |
| 91 | ov_091 | 9.338717930492125 × 10^344 |
| 92 | ov_092 | 4.620284500585737 × 10^344 |
| 93 | ov_093 | 2.1444277581414364 × 10^344 |
| 94 | ov_094 | 9.552616629964384 × 10^343 |
| 95 | aaa_78_28 | 3.0526139072010286 × 10^343 |
| 96 | aaa_78_29 | 1.1457629144327823 × 10^343 |
| 97 | ov_097 | 1.0949377568565321 × 10^343 |
| 98 | ov_098 | 1.0949347564083117 × 10^343 |
| 99 | ov_099 | 1.0949340300029114 × 10^343 |
| 100 | ov_100 | 9.556178930621978 × 10^342 |
| 101 | ov_101 | 8.305193089781617 × 10^342 |
| 102 | ov_102 | 7.1850946091951215 × 10^342 |
| 103 | ov_103 | 6.185228112726897 × 10^342 |
| 104 | ov_104 | 5.295528416172432 × 10^342 |
| 105 | ov_105 | 4.506483065835761 × 10^342 |
| 106 | ov_106 | 3.8090993974020196 × 10^342 |
| 107 | ov_107 | 3.1948755634932433 × 10^342 |
| 108 | ov_108 | 2.655775106654646 × 10^342 |
| 109 | ov_109 | 2.1842047759343642 × 10^342 |
| 110 | ov_110 | 1.7764761691694607 × 10^342 |
| 111 | ov_111 | 1.4291084523985455 × 10^342 |
| 112 | ov_112 | 1.135733642201398 × 10^342 |
| 113 | ov_113 | 8.903658515440517 × 10^341 |
| 114 | ov_114 | 6.873918437751074 × 10^341 |
| 115 | ov_115 | 5.215635213840038 × 10^341 |
| 116 | ov_116 | 3.879921135058545 × 10^341 |
| 117 | ov_117 | 2.8214379257620136 × 10^341 |
| 118 | ov_118 | 1.9983645819492603 × 10^341 |
| 119 | ov_119 | 1.3723745365254263 × 10^341 |
| 120 | ov_120 | 9.086200792547836 × 10^340 |
| 121 | ov_121 | 5.75722232779336 × 10^340 |
| 122 | ov_122 | 3.4576455927379434 × 10^340 |
| 123 | ov_123 | 1.9428964544804578 × 10^340 |
| 124 | ov_124 | 1.00297285582047 × 10^340 |
| 125 | ov_125 | 4.624364634935331 × 10^339 |
| 126 | ov_126 | 1.8040937012995698 × 10^339 |
| 127 | aaa_77_28 | 5.057303086439091 × 10^338 |
| 128 | aaa_77_29 | 1.5391524846911666 × 10^338 |
| 129 | ov_129 | 9.173446401916253 × 10^337 |
| 130 | ov_130 | 9.173416392177864 × 10^337 |
| 131 | ov_131 | 9.173409112829676 × 10^337 |
| 132 | ov_132 | 8.005411707693468 × 10^337 |
| 133 | ov_133 | 6.964000096346188 × 10^337 |
| 134 | ov_134 | 6.0379641899802514 × 10^337 |
| 135 | ov_135 | 5.2167321711284495 × 10^337 |
| 136 | ov_136 | 4.490326770599186 × 10^337 |
| 137 | ov_137 | 3.8493263537793306 × 10^337 |
| 138 | ov_138 | 3.284830356987485 × 10^337 |
| 139 | ov_139 | 2.7884287456083983 × 10^337 |
| 140 | ov_140 | 2.352175219154999 × 10^337 |
| 141 | ov_141 | 1.9685639038284846 × 10^337 |
| 142 | ov_142 | 1.6305092880557447 × 10^337 |
| 143 | ov_143 | 1.334571393822981 × 10^337 |
| 144 | ov_144 | 1.0775079982838327 × 10^337 |
| 145 | ov_145 | 8.562681797104657 × 10^336 |
| 146 | ov_146 | 6.6798709125608885 × 10^336 |
| 147 | ov_147 | 5.099818105257964 × 10^336 |
| 148 | ov_148 | 3.797481037404298 × 10^336 |
| 149 | ov_149 | 2.749579566700542 × 10^336 |
| 150 | ov_150 | 1.934577378593486 × 10^336 |
| 151 | ov_151 | 1.3145843342174028 × 10^336 |
| 152 | ov_152 | 8.551468532883262 × 10^335 |
| 153 | ov_153 | 5.252379151330037 × 10^335 |
| 154 | ov_154 | 2.9725092844385725 × 10^335 |
| 155 | ov_155 | 1.4699623679759472 × 10^335 |
| 156 | aaa_76_25 | 5.369934016897074 × 10^334 |
| 157 | aaa_76_26 | 2.8048030711740643 × 10^334 |
| 158 | aaa_76_27 | 1.2929113963301921 × 10^334 |
| 159 | aaa_76_28 | 5.043256877332668 × 10^333 |
| 160 | aaa_76_29 | 1.5371438863290074 × 10^333 |

### Output Bits Sorted by Complexity

| Rank | Output Bit | Complexity |
|:----:|:----------:|:----------:|
| 160 | aaa_76_29 | 1.5371438863290074 × 10^333 |
| 159 | aaa_76_28 | 5.043256877332668 × 10^333 |
| 158 | aaa_76_27 | 1.2929113963301921 × 10^334 |
| 157 | aaa_76_26 | 2.8048030711740643 × 10^334 |
| 156 | aaa_76_25 | 5.369934016897074 × 10^334 |
| 155 | ov_155 | 1.4699623679759472 × 10^335 |
| 154 | ov_154 | 2.9725092844385725 × 10^335 |
| 153 | ov_153 | 5.252379151330037 × 10^335 |
| 152 | ov_152 | 8.551468532883262 × 10^335 |
| 151 | ov_151 | 1.3145843342174028 × 10^336 |
| 150 | ov_150 | 1.934577378593486 × 10^336 |
| 149 | ov_149 | 2.749579566700542 × 10^336 |
| 148 | ov_148 | 3.797481037404298 × 10^336 |
| 147 | ov_147 | 5.099818105257964 × 10^336 |
| 146 | ov_146 | 6.6798709125608885 × 10^336 |
| 145 | ov_145 | 8.562681797104657 × 10^336 |
| 144 | ov_144 | 1.0775079982838327 × 10^337 |
| 143 | ov_143 | 1.334571393822981 × 10^337 |
| 142 | ov_142 | 1.6305092880557447 × 10^337 |
| 141 | ov_141 | 1.9685639038284846 × 10^337 |
| 140 | ov_140 | 2.352175219154999 × 10^337 |
| 139 | ov_139 | 2.7884287456083983 × 10^337 |
| 138 | ov_138 | 3.284830356987485 × 10^337 |
| 137 | ov_137 | 3.8493263537793306 × 10^337 |
| 136 | ov_136 | 4.490326770599186 × 10^337 |
| 135 | ov_135 | 5.2167321711284495 × 10^337 |
| 134 | ov_134 | 6.0379641899802514 × 10^337 |
| 133 | ov_133 | 6.964000096346188 × 10^337 |
| 132 | ov_132 | 8.005411707693468 × 10^337 |
| 131 | ov_131 | 9.173409112829676 × 10^337 |
| 130 | ov_130 | 9.173416392177864 × 10^337 |
| 129 | ov_129 | 9.173446401916253 × 10^337 |
| 128 | aaa_77_29 | 1.5391524846911666 × 10^338 |
| 127 | aaa_77_28 | 5.057303086439091 × 10^338 |
| 126 | ov_126 | 1.8040937012995698 × 10^339 |
| 125 | ov_125 | 4.624364634935331 × 10^339 |
| 124 | ov_124 | 1.00297285582047 × 10^340 |
| 123 | ov_123 | 1.9428964544804578 × 10^340 |
| 122 | ov_122 | 3.4576455927379434 × 10^340 |
| 121 | ov_121 | 5.75722232779336 × 10^340 |
| 120 | ov_120 | 9.086200792547836 × 10^340 |
| 119 | ov_119 | 1.3723745365254263 × 10^341 |
| 118 | ov_118 | 1.9983645819492603 × 10^341 |
| 117 | ov_117 | 2.8214379257620136 × 10^341 |
| 116 | ov_116 | 3.879921135058545 × 10^341 |
| 115 | ov_115 | 5.215635213840038 × 10^341 |
| 114 | ov_114 | 6.873918437751074 × 10^341 |
| 113 | ov_113 | 8.903658515440517 × 10^341 |
| 112 | ov_112 | 1.135733642201398 × 10^342 |
| 111 | ov_111 | 1.4291084523985455 × 10^342 |
| 110 | ov_110 | 1.7764761691694607 × 10^342 |
| 109 | ov_109 | 2.1842047759343642 × 10^342 |
| 108 | ov_108 | 2.655775106654646 × 10^342 |
| 107 | ov_107 | 3.1948755634932433 × 10^342 |
| 106 | ov_106 | 3.8090993974020196 × 10^342 |
| 105 | ov_105 | 4.506483065835761 × 10^342 |
| 104 | ov_104 | 5.295528416172432 × 10^342 |
| 103 | ov_103 | 6.185228112726897 × 10^342 |
| 102 | ov_102 | 7.1850946091951215 × 10^342 |
| 101 | ov_101 | 8.305193089781617 × 10^342 |
| 100 | ov_100 | 9.556178930621978 × 10^342 |
| 99 | ov_099 | 1.0949340300029114 × 10^343 |
| 98 | ov_098 | 1.0949347564083117 × 10^343 |
| 97 | ov_097 | 1.0949377568565321 × 10^343 |
| 96 | aaa_78_29 | 1.1457629144327823 × 10^343 |
| 95 | aaa_78_28 | 3.0526139072010286 × 10^343 |
| 94 | ov_094 | 9.552616629964384 × 10^343 |
| 93 | ov_093 | 2.1444277581414364 × 10^344 |
| 92 | ov_092 | 4.620284500585737 × 10^344 |
| 91 | ov_091 | 9.338717930492125 × 10^344 |
| 90 | ov_090 | 1.7463983743313971 × 10^345 |
| 89 | ov_089 | 3.036873193340589 × 10^345 |
| 88 | ov_088 | 4.963406603066556 × 10^345 |
| 87 | ov_087 | 7.704966655669824 × 10^345 |
| 86 | ov_086 | 1.1461402134585246 × 10^346 |
| 85 | ov_085 | 1.6453481908363752 × 10^346 |
| 84 | ov_084 | 2.292295762395641 × 10^346 |
| 83 | ov_083 | 3.1132658139738323 × 10^346 |
| 82 | ov_082 | 4.1366625481523754 × 10^346 |
| 81 | ov_081 | 5.393030348859206 × 10^346 |
| 64 | lv_79_m31 | 5.768075463583491 × 10^346 |
| 80 | ov_080 | 6.9150791702035125 × 10^346 |
| 79 | ov_079 | 8.73771784356299 × 10^346 |
| 78 | ov_078 | 1.0898096836153562 × 10^347 |
| 77 | ov_077 | 1.3435662134162324 × 10^347 |
| 76 | ov_076 | 1.639222206430923 × 10^347 |
| 75 | ov_075 | 1.981202900980152 × 10^347 |
| 74 | ov_074 | 2.3741878120526182 × 10^347 |
| 73 | ov_073 | 2.823122526355632 × 10^347 |
| 63 | ov_063 | 2.956572410118997 × 10^347 |
| 72 | ov_072 | 3.333232660930262 × 10^347 |
| 71 | ov_071 | 3.910040207361237 × 10^347 |
| 70 | ov_070 | 4.559382431765708 × 10^347 |
| 69 | ov_069 | 5.2874335150735223 × 10^347 |
| 68 | ov_068 | 6.10072920271663 × 10^347 |
| 67 | ov_067 | 7.006194785411983 × 10^347 |
| 66 | ov_066 | 7.006203682408947 × 10^347 |
| 65 | ov_065 | 7.006231475067844 × 10^347 |
| 62 | ov_062 | 1.5151709623627649 × 10^348 |
| 61 | ov_061 | 5.517595246447181 × 10^348 |
| 60 | ov_060 | 1.578000081521591 × 10^349 |
| 59 | ov_059 | 3.804359017252089 × 10^349 |
| 58 | ov_058 | 8.066667231432134 × 10^349 |
| 57 | ov_057 | 1.5471523178687807 × 10^350 |
| 56 | ov_056 | 2.7396300287566054 × 10^350 |
| 55 | ov_055 | 4.54891663437988 × 10^350 |
| 54 | ov_054 | 7.166912520128892 × 10^350 |
| 53 | ov_053 | 1.0812609979132096 × 10^351 |
| 52 | ov_052 | 1.5732109579004293 × 10^351 |
| 51 | ov_051 | 2.2198651063574326 × 10^351 |
| 50 | ov_050 | 3.051266727045726 × 10^351 |
| 49 | ov_049 | 4.10018712124704 × 10^351 |
| 48 | ov_048 | 5.40213881384106 × 10^351 |
| 32 | lv_80_m31 | 6.794882548667436 × 10^351 |
| 47 | ov_047 | 6.995394605703141 × 10^351 |
| 46 | ov_046 | 8.921013987789458 × 10^351 |
| 45 | ov_045 | 1.1222878599522775 × 10^352 |
| 44 | ov_044 | 1.3947738581761508 × 10^352 |
| 43 | ov_043 | 1.7121173111684953 × 10^352 |
| 42 | ov_042 | 2.0770283055333407 × 10^352 |
| 41 | ov_041 | 2.49237415513097 × 10^352 |
| 40 | ov_040 | 2.9640528382587264 × 10^352 |
| 31 | ov_031 | 3.4808810517290445 × 10^352 |
| 39 | ov_039 | 3.4982963623191537 × 10^352 |
| 38 | ov_038 | 4.101686773013422 × 10^352 |
| 37 | ov_037 | 4.78117502796912 × 10^352 |
| 36 | ov_036 | 5.5441030599752464 × 10^352 |
| 35 | ov_035 | 6.398229374255024 × 10^352 |
| 34 | ov_034 | 7.351758544191213 × 10^352 |
| 33 | ov_033 | 8.413374990773797 × 10^352 |
| 30 | ov_030 | 1.7829362651032228 × 10^353 |
| 29 | ov_029 | 6.489911273938353 × 10^353 |
| 28 | ov_028 | 1.8554030563279026 × 10^354 |
| 27 | ov_027 | 4.4717867925188915 × 10^354 |
| 26 | ov_026 | 9.479539548166708 × 10^354 |
| 25 | ov_025 | 1.8177816641055308 × 10^355 |
| 24 | ov_024 | 3.2183539930218236 × 10^355 |
| 23 | ov_023 | 5.3431423987526104 × 10^355 |
| 22 | ov_022 | 8.417404238398691 × 10^355 |
| 21 | ov_021 | 1.2698197190644286 × 10^356 |
| 20 | ov_020 | 1.847440715476015 × 10^356 |
| 19 | ov_019 | 2.6066797405873446 × 10^356 |
| 18 | ov_018 | 3.582808894258694 × 10^356 |
| 17 | ov_017 | 4.814308412935848 × 10^356 |
| 16 | ov_016 | 6.342884790265393 × 10^356 |
| 15 | ov_015 | 8.21349629770462 × 10^356 |
| 14 | ov_014 | 1.0474387765568317 × 10^357 |
| 13 | ov_013 | 1.317713670198384 × 10^357 |
| 12 | ov_012 | 1.637671304461285 × 10^357 |
| 11 | ov_011 | 2.0131555057971054 × 10^357 |
| 10 | ov_010 | 2.450366410805229 × 10^357 |
| 9 | ov_009 | 2.9526816692336934 × 10^357 |
| 8 | ov_008 | 3.523673869692985 × 10^357 |
| 7 | ov_007 | 4.170692382632805 × 10^357 |
| 6 | ov_006 | 4.901505890159519 × 10^357 |
| 5 | ov_005 | 5.724326032278949 × 10^357 |
| 4 | ov_004 | 6.647834753284179 × 10^357 |
| 3 | ov_003 | 7.681215600173911 × 10^357 |
| 2 | ov_002 | 8.834189325485863 × 10^357 |
| 1 | ov_001 | 1.0117054252943477 × 10^358 |

