# Results for F001-F002-F003-F004-F005-F006-F007-F008-F009-F010-F011-F012-F013-F014-F015-F016-F017-F018-F019-F020-F021-F022-F023-F024-F025-F026-F027-F028-F029-F030-F031-F032-F033-F034-F035-F036-F037-F038-F039-F040-F041-F042-F043-F044-F045-F046-F047-F048-F049-F050-F051-F052-F053-F054-F055-F056-F057-F058-F059-F060-F061-F062-F063-F064-F065-F066-F067-F068-F069-F070-F071-F072-F073-F074-F075-F076-F077-F078-F079-F080-F081-F082-F083-F084-F085-F086-F087-F088-F089-F090-F091-F092-F093-F094-F095-F096-F097-F098-F099-F100-F101-F102-F103-F104-F105-F106-F107-F108-F109-F110-F111-F112-F113-F114-F115-F116-F117-F118-F119-F120-F121-F122-F123-F124-F125-F126-F127-F128-F129-F130-F131-F132-F133-F134-F135-F136-F137-F138-F139-F140-F141-F142-F143-F144-F145-F146-F147-F148-F149-F150-F151-F152-F153-F154-F155-F156-F157-F158-F159-F160-F161-F162-F163-F164-F165-F166-F167-F168-F169-F170-F171-F172-F173-F174-F175-F176-F177-F178-F179-F180-F181-F182-F183-F184-F185-F186-F187-F188-F189-F190-F191-F192-F193-F194-F195-F196-F197-F198-F199-F200-F201-F202-F203-F204-F205-F206-F207-F208-F209-F210-F211-F212-F213-F214-F215-F216-F217-F218-F219-F220-F221-F222-F223-F224-F225-F226-F227-F228-F229-F230-F231-F232-F233-F234-F235-F236-F237-F238-F239-F240-F241-F242-F243-F244-F245-F246-F247-F248-F249-F250-F251-F252-F253-F254-F255-F256-F257-F258-F259-F260-F261-F262-F263-F264-F265-F266-F267-F268-F269-F270-F271-F272-F273-F274-F275-F276-F277-F278-F279-F280-F281-F282-F283-F284-F285-F286-F287-F288-F289-F290-F291-F292-F293-F294-F295-F296-F297-F298-F299-F300-F301-F302-F303-F304-F305-F306-F307-F308-F309-F310-F311-F312-F313-F314-F315-F316-F317-F318-F319-F320-F321-F322-F323-F324-F325-F326-F327-F328-F329-F330-F331-F332-F333-F334-F335-F336-F337-F338-F339-F340-F341-F342-F343-F344-F345-F346-F347-F348-F349-F350-F351-F352-F353-F354-F355-F356-F357-F358-F359-F360-F361-F362-F363-F364-F365-F366-F367-F368-F369-F370-F371-F372-F373-F374-F375-F376-F377-F378-F379-F380-F381-F382-F383-F384-F385-F386-F387-F388-F389-F390-F391-F392-F393-F394-F395-F396-F397-F398-F399-F400-F401-F402-F403-F404-F405-F406-F407-F408-F409-F410-F411-F412-F413-F414-F415-F416-F417-F418-F419-F420-F421-F422-F423-F424-F425-F426-F427-F428-F429-F430-F431-F432-F433-F434-F435-F436-F437-F438-F439-F440-F441-F442-F443-F444-F445-F446-F447-F448-F449-F450-F451-F452-F453-F454-F455-F456-F457-F458-F459-F460-F461-F462-F463-F464-F465-F466-F467-F468-F469-F470-F471-F472-F473-F474-F475-F476-F477-F478-F479-F480-F481-F482-F483-F484-F485-F486-F487-F488-F489-F490-F491-F492-F493-F494-F495-F496-O504506

## Summary

Number of input bits: 512  
Number of free input bits: 15  
Number of output bits: 160

Number of direct occurrences: 62706  
Number of assignments: 32531  
Number of operations: 12030633
(xor: 12001053,
and: 15817,
or: 13763)

Total complexity: 4.7151455774139965 × 10^309

Least occurring input variable: iv_502 (3937)  
Most occurring input variable: iv_504 (4371)

Most co-occurring input variables: iv_511-iv_512 (2127)  
Least co-occurring input variables: iv_498-iv_502 (1791)

Potentially most occurring input variable: iv_504/iv_512 (4702)  
Potentially least occurring input variable: iv_497/iv_499 (4184)

Least output occurring input variable: iv_507 (69)  
Most output occurring input variable: iv_501 (90)

Most output co-occurring input variables: iv_504-iv_505 (50)  
Least output co-occurring input variables: iv_500-iv_507 (26)

Potentially most output occurring input variable: iv_498/iv_501 (93)  
Potentially least output occurring input variable: iv_498/iv_509 (64)

Least complex input bit: iv_497 (3.324087910984467 × 10^306)  
Most complex input bit: iv_510 (1.156980762544314 × 10^309)

Least complex output bit: aaa_76_29 (1.3378194571718619 × 10^284)  
Most complex output bit: ov_001 (7.336043949449659 × 10^308)

Least complex input/output complexity: iv_497/aaa_76_29 (9.43137260908018 × 10^280)  
Most complex input/output complexity: iv_510/ov_001 (1.8000847658552855 × 10^308)

## Input Bits

### Input Bits in Regular Order

| Input Bit | Complexity | Occurrences | Output Occurrences |
|:---------:|:----------:|:-----------:|:------------------:|
| iv_497 | 3.324087910984467 × 10^306 | 4130 | 86 |
| iv_498 | 6.705398172759917 × 10^306 | 4028 | 75 |
| iv_499 | 1.19385590480097 × 10^307 | 4286 | 87 |
| iv_500 | 2.0221110882613598 × 10^307 | 4179 | 71 |
| iv_501 | 3.4480297448570553 × 10^307 | 4175 | 90 |
| iv_502 | 5.604383907948543 × 10^307 | 3937 | 79 |
| iv_503 | 8.842620383600881 × 10^307 | 4169 | 84 |
| iv_504 | 4.420746549964555 × 10^308 | 4371 | 85 |
| iv_505 | 2.0586146569522856 × 10^308 | 4016 | 85 |
| iv_507 | 4.475315912638899 × 10^308 | 4241 | 69 |
| iv_508 | 6.341778624838865 × 10^308 | 4154 | 77 |
| iv_509 | 8.69552150054127 × 10^308 | 4171 | 83 |
| iv_510 | 1.156980762544314 × 10^309 | 4212 | 80 |
| iv_511 | 3.426363730434248 × 10^308 | 4296 | 87 |
| iv_512 | 3.9519122095424103 × 10^308 | 4341 | 70 |

### Input Bits Sorted by Complexity

| Input Bit | Complexity | Occurrences | Output Occurrences |
|:---------:|:----------:|:-----------:|:------------------:|
| iv_497 | 3.324087910984467 × 10^306 | 4130 | 86 |
| iv_498 | 6.705398172759917 × 10^306 | 4028 | 75 |
| iv_499 | 1.19385590480097 × 10^307 | 4286 | 87 |
| iv_500 | 2.0221110882613598 × 10^307 | 4179 | 71 |
| iv_501 | 3.4480297448570553 × 10^307 | 4175 | 90 |
| iv_502 | 5.604383907948543 × 10^307 | 3937 | 79 |
| iv_503 | 8.842620383600881 × 10^307 | 4169 | 84 |
| iv_505 | 2.0586146569522856 × 10^308 | 4016 | 85 |
| iv_511 | 3.426363730434248 × 10^308 | 4296 | 87 |
| iv_512 | 3.9519122095424103 × 10^308 | 4341 | 70 |
| iv_504 | 4.420746549964555 × 10^308 | 4371 | 85 |
| iv_507 | 4.475315912638899 × 10^308 | 4241 | 69 |
| iv_508 | 6.341778624838865 × 10^308 | 4154 | 77 |
| iv_509 | 8.69552150054127 × 10^308 | 4171 | 83 |
| iv_510 | 1.156980762544314 × 10^309 | 4212 | 80 |

### Input Bits Sorted by Occurrences

| Input Bit | Complexity | Occurrences | Output Occurrences |
|:---------:|:----------:|:-----------:|:------------------:|
| iv_502 | 5.604383907948543 × 10^307 | 3937 | 79 |
| iv_505 | 2.0586146569522856 × 10^308 | 4016 | 85 |
| iv_498 | 6.705398172759917 × 10^306 | 4028 | 75 |
| iv_497 | 3.324087910984467 × 10^306 | 4130 | 86 |
| iv_508 | 6.341778624838865 × 10^308 | 4154 | 77 |
| iv_503 | 8.842620383600881 × 10^307 | 4169 | 84 |
| iv_509 | 8.69552150054127 × 10^308 | 4171 | 83 |
| iv_501 | 3.4480297448570553 × 10^307 | 4175 | 90 |
| iv_500 | 2.0221110882613598 × 10^307 | 4179 | 71 |
| iv_510 | 1.156980762544314 × 10^309 | 4212 | 80 |
| iv_507 | 4.475315912638899 × 10^308 | 4241 | 69 |
| iv_499 | 1.19385590480097 × 10^307 | 4286 | 87 |
| iv_511 | 3.426363730434248 × 10^308 | 4296 | 87 |
| iv_512 | 3.9519122095424103 × 10^308 | 4341 | 70 |
| iv_504 | 4.420746549964555 × 10^308 | 4371 | 85 |

### Input Bits Sorted by Output Occurrences

| Input Bit | Complexity | Occurrences | Output Occurrences |
|:---------:|:----------:|:-----------:|:------------------:|
| iv_507 | 4.475315912638899 × 10^308 | 4241 | 69 |
| iv_512 | 3.9519122095424103 × 10^308 | 4341 | 70 |
| iv_500 | 2.0221110882613598 × 10^307 | 4179 | 71 |
| iv_498 | 6.705398172759917 × 10^306 | 4028 | 75 |
| iv_508 | 6.341778624838865 × 10^308 | 4154 | 77 |
| iv_502 | 5.604383907948543 × 10^307 | 3937 | 79 |
| iv_510 | 1.156980762544314 × 10^309 | 4212 | 80 |
| iv_509 | 8.69552150054127 × 10^308 | 4171 | 83 |
| iv_503 | 8.842620383600881 × 10^307 | 4169 | 84 |
| iv_504 | 4.420746549964555 × 10^308 | 4371 | 85 |
| iv_505 | 2.0586146569522856 × 10^308 | 4016 | 85 |
| iv_497 | 3.324087910984467 × 10^306 | 4130 | 86 |
| iv_499 | 1.19385590480097 × 10^307 | 4286 | 87 |
| iv_511 | 3.426363730434248 × 10^308 | 4296 | 87 |
| iv_501 | 3.4480297448570553 × 10^307 | 4175 | 90 |

## Input Bit Co-occurrences

### Input Bit Co-occurrences Sorted by Co-occurrences

| Input Bits | Co-occurrences | Potential Occurrences | Output Co-occurrences | Potential Output Occurrences |
|:----------:|:--------------:|:---------------------:|:---------------------:|:----------------------------:|
| iv_511-iv_512 | 2127 | 4383 | 38 | 81 |
| iv_497-iv_499 | 2116 | 4184 | 49 | 75 |
| iv_499-iv_510 | 2109 | 4280 | 45 | 77 |
| iv_499-iv_509 | 2089 | 4279 | 44 | 82 |
| iv_499-iv_500 | 2086 | 4293 | 38 | 82 |
| iv_503-iv_507 | 2085 | 4240 | 41 | 71 |
| iv_499-iv_504 | 2082 | 4493 | 46 | 80 |
| iv_499-iv_508 | 2079 | 4282 | 43 | 78 |
| iv_500-iv_512 | 2078 | 4364 | 31 | 79 |
| iv_503-iv_512 | 2072 | 4366 | 38 | 78 |
| iv_504-iv_511 | 2066 | 4535 | 49 | 74 |
| iv_500-iv_511 | 2064 | 4347 | 40 | 78 |
| iv_499-iv_512 | 2063 | 4501 | 32 | 93 |
| iv_499-iv_511 | 2062 | 4458 | 46 | 82 |
| iv_500-iv_504 | 2061 | 4428 | 35 | 86 |

### Input Bit Co-occurrences Sorted by Potential Occurrences

| Input Bits | Co-occurrences | Potential Occurrences | Output Co-occurrences | Potential Output Occurrences |
|:----------:|:--------------:|:---------------------:|:---------------------:|:----------------------------:|
| iv_497-iv_499 | 2116 | 4184 | 49 | 75 |
| iv_502-iv_505 | 1874 | 4205 | 39 | 86 |
| iv_500-iv_509 | 2056 | 4238 | 35 | 84 |
| iv_503-iv_507 | 2085 | 4240 | 41 | 71 |
| iv_498-iv_510 | 1997 | 4246 | 37 | 81 |
| iv_501-iv_502 | 1929 | 4254 | 39 | 91 |
| iv_500-iv_503 | 2043 | 4262 | 35 | 85 |
| iv_499-iv_509 | 2089 | 4279 | 44 | 82 |
| iv_499-iv_510 | 2109 | 4280 | 45 | 77 |
| iv_498-iv_509 | 1959 | 4281 | 47 | 64 |
| iv_499-iv_508 | 2079 | 4282 | 43 | 78 |
| iv_498-iv_503 | 1957 | 4283 | 47 | 65 |
| iv_497-iv_500 | 2012 | 4285 | 39 | 79 |
| iv_499-iv_502 | 1968 | 4287 | 46 | 74 |
| iv_499-iv_500 | 2086 | 4293 | 38 | 82 |

### Input Bit Output Co-occurrences Sorted by Output Co-occurrences

| Input Bits | Co-occurrences | Potential Occurrences | Output Co-occurrences | Potential Output Occurrences |
|:----------:|:--------------:|:---------------------:|:---------------------:|:----------------------------:|
| iv_504-iv_505 | 1979 | 4429 | 50 | 70 |
| iv_497-iv_499 | 2116 | 4184 | 49 | 75 |
| iv_499-iv_501 | 2029 | 4403 | 49 | 79 |
| iv_504-iv_511 | 2066 | 4535 | 49 | 74 |
| iv_503-iv_511 | 2058 | 4349 | 49 | 73 |
| iv_497-iv_503 | 1995 | 4309 | 48 | 74 |
| iv_500-iv_501 | 1946 | 4462 | 48 | 65 |
| iv_497-iv_511 | 1972 | 4482 | 48 | 77 |
| iv_501-iv_511 | 2054 | 4363 | 48 | 81 |
| iv_497-iv_509 | 1992 | 4317 | 47 | 75 |
| iv_498-iv_509 | 1959 | 4281 | 47 | 64 |
| iv_501-iv_503 | 1970 | 4404 | 47 | 80 |
| iv_501-iv_510 | 2043 | 4301 | 47 | 76 |
| iv_502-iv_511 | 1929 | 4375 | 47 | 72 |
| iv_498-iv_503 | 1957 | 4283 | 47 | 65 |

### Input Bit Output Co-occurrences Sorted by Potential Output Occurrences

| Input Bits | Co-occurrences | Potential Occurrences | Output Co-occurrences | Potential Output Occurrences |
|:----------:|:--------------:|:---------------------:|:---------------------:|:----------------------------:|
| iv_498-iv_509 | 1959 | 4281 | 47 | 64 |
| iv_500-iv_501 | 1946 | 4462 | 48 | 65 |
| iv_498-iv_503 | 1957 | 4283 | 47 | 65 |
| iv_498-iv_502 | 1791 | 4383 | 44 | 66 |
| iv_498-iv_507 | 1961 | 4347 | 39 | 66 |
| iv_505-iv_508 | 1922 | 4326 | 47 | 68 |
| iv_498-iv_505 | 1863 | 4318 | 45 | 70 |
| iv_504-iv_505 | 1979 | 4429 | 50 | 70 |
| iv_503-iv_507 | 2085 | 4240 | 41 | 71 |
| iv_498-iv_504 | 2009 | 4381 | 44 | 72 |
| iv_502-iv_504 | 1973 | 4362 | 46 | 72 |
| iv_507-iv_508 | 2025 | 4345 | 37 | 72 |
| iv_502-iv_511 | 1929 | 4375 | 47 | 72 |
| iv_497-iv_502 | 1866 | 4335 | 46 | 73 |
| iv_502-iv_512 | 1879 | 4520 | 38 | 73 |

## Output Bits

### Output Bits in Regular Order

| Rank | Output Bit | Complexity |
|:----:|:----------:|:----------:|
| 1 | ov_001 | 7.336043949449659 × 10^308 |
| 2 | ov_002 | 6.387431357945342 × 10^308 |
| 3 | ov_003 | 5.5355337494966095 × 10^308 |
| 4 | ov_004 | 4.77309842993344 × 10^308 |
| 5 | ov_005 | 4.093271393194493 × 10^308 |
| 6 | ov_006 | 3.4895692506773375 × 10^308 |
| 7 | ov_007 | 2.9558547750974626 × 10^308 |
| 8 | ov_008 | 2.486315728737754 × 10^308 |
| 9 | ov_009 | 2.075446663724394 × 10^308 |
| 10 | ov_010 | 1.718033399059602 × 10^308 |
| 11 | ov_011 | 1.409139895692633 × 10^308 |
| 12 | ov_012 | 1.144097267019581 × 10^308 |
| 13 | ov_013 | 9.184946779578629 × 10^307 |
| 14 | ov_014 | 7.281719012181644 × 10^307 |
| 15 | ov_015 | 5.692133146588018 × 10^307 |
| 16 | ov_016 | 4.3794313870797976 × 10^307 |
| 17 | ov_017 | 3.3092172782156674 × 10^307 |
| 18 | ov_018 | 2.4494274484237962 × 10^307 |
| 19 | ov_019 | 1.7703106196832173 × 10^307 |
| 20 | ov_020 | 1.2444124684108046 × 10^307 |
| 21 | ov_021 | 8.465650704859497 × 10^306 |
| 22 | ov_022 | 5.538798110259738 × 10^306 |
| 23 | ov_023 | 3.45742787130851 × 10^306 |
| 24 | ov_024 | 2.038119124512811 × 10^306 |
| 25 | ov_025 | 1.1201516996939083 × 10^306 |
| 26 | ov_026 | 5.654965400039966 × 10^305 |
| 27 | ov_027 | 2.588111894560886 × 10^305 |
| 28 | ov_028 | 1.07438011467145 × 10^305 |
| 29 | ov_029 | 4.140361472220292 × 10^304 |
| 30 | ov_030 | 1.2658602211254825 × 10^304 |
| 31 | ov_031 | 2.4692411105736313 × 10^303 |
| 32 | lv_80_m31 | 4.815631107626386 × 10^302 |
| 33 | ov_033 | 5.823804490788151 × 10^303 |
| 34 | ov_034 | 5.063696992816897 × 10^303 |
| 35 | ov_035 | 4.381749086810343 × 10^303 |
| 36 | ov_036 | 3.772065988400578 × 10^303 |
| 37 | ov_037 | 3.2290773209904734 × 10^303 |
| 38 | ov_038 | 2.747514210198339 × 10^303 |
| 39 | ov_039 | 2.3223893206215976 × 10^303 |
| 40 | ov_040 | 1.9489795696013483 × 10^303 |
| 41 | ov_041 | 1.622811265899853 × 10^303 |
| 42 | ov_042 | 1.3396474341712604 × 10^303 |
| 43 | ov_043 | 1.0954770988796858 × 10^303 |
| 44 | ov_044 | 8.865063139472215 × 10^302 |
| 45 | ov_045 | 7.091507369310503 × 10^302 |
| 46 | ov_046 | 5.600295589553949 × 10^302 |
| 47 | ov_047 | 4.359606139762085 × 10^302 |
| 48 | ov_048 | 3.3395650324685032 × 10^302 |
| 49 | ov_049 | 2.512215830928555 × 10^302 |
| 50 | ov_050 | 1.851496763033529 × 10^302 |
| 51 | ov_051 | 1.3332237961463678 × 10^302 |
| 52 | ov_052 | 9.350785190559742 × 10^301 |
| 53 | ov_053 | 6.365997985194704 × 10^301 |
| 54 | ov_054 | 4.1917829902012305 × 10^301 |
| 55 | ov_055 | 2.660530754508423 × 10^301 |
| 56 | ov_056 | 1.6230956946591126 × 10^301 |
| 57 | ov_057 | 9.487848039177532 × 10^300 |
| 58 | ov_058 | 5.253515244571576 × 10^300 |
| 59 | ov_059 | 2.5899267647747255 × 10^300 |
| 60 | ov_060 | 1.0741727359772162 × 10^300 |
| 61 | ov_061 | 3.7555186132469487 × 10^299 |
| 62 | ov_062 | 1.0311605181574527 × 10^299 |
| 63 | ov_063 | 2.0118043395112196 × 10^298 |
| 64 | lv_79_m31 | 3.924228039963697 × 10^297 |
| 65 | ov_065 | 4.7401627900202626 × 10^298 |
| 66 | ov_066 | 4.740150481025813 × 10^298 |
| 67 | ov_067 | 4.7401475305782745 × 10^298 |
| 68 | ov_068 | 4.123319967244167 × 10^298 |
| 69 | ov_069 | 3.5692213392156014 × 10^298 |
| 70 | ov_070 | 3.07328601048201 × 10^298 |
| 71 | ov_071 | 2.6311728871805946 × 10^298 |
| 72 | ov_072 | 2.2387500831061753 × 10^298 |
| 73 | ov_073 | 1.8920823123130579 × 10^298 |
| 74 | ov_074 | 1.5874206707891806 × 10^298 |
| 75 | ov_075 | 1.3211944872683842 × 10^298 |
| 76 | ov_076 | 1.090004940610264 × 10^298 |
| 77 | ov_077 | 8.906201579414826 × 10^297 |
| 78 | ov_078 | 7.199715240255652 × 10^297 |
| 79 | ov_079 | 5.7515094820410216 × 10^297 |
| 80 | ov_080 | 4.534088508119675 × 10^297 |
| 81 | ov_081 | 3.5215264628174446 × 10^297 |
| 82 | ov_082 | 2.6894553657128065 × 10^297 |
| 83 | ov_083 | 2.0150550556960594 × 10^297 |
| 84 | ov_084 | 1.4770447651968047 × 10^297 |
| 85 | ov_085 | 1.0556761769377508 × 10^297 |
| 86 | ov_086 | 7.327278158831313 × 10^296 |
| 87 | ov_087 | 4.915006292406713 × 10^296 |
| 88 | ov_088 | 3.1681460748860527 × 10^296 |
| 89 | ov_089 | 1.950062994628698 × 10^296 |
| 90 | ov_090 | 1.139270745731264 × 10^296 |
| 91 | ov_091 | 6.294198523235515 × 10^295 |
| 92 | ov_092 | 3.292908382154824 × 10^295 |
| 93 | ov_093 | 1.6279055765722943 × 10^295 |
| 94 | ov_094 | 6.895049099843649 × 10^294 |
| 95 | aaa_78_28 | 2.106741131428892 × 10^294 |
| 96 | aaa_78_29 | 6.362776693897802 × 10^293 |
| 97 | ov_097 | 3.298258797881174 × 10^293 |
| 98 | ov_098 | 3.2982343888163316 × 10^293 |
| 99 | ov_099 | 3.2982265826093827 × 10^293 |
| 100 | ov_100 | 2.766643232463325 × 10^293 |
| 101 | ov_101 | 2.3029324254188542 × 10^293 |
| 102 | ov_102 | 1.9010490630644324 × 10^293 |
| 103 | ov_103 | 1.555283879740227 × 10^293 |
| 104 | ov_104 | 1.260239125876722 × 10^293 |
| 105 | ov_105 | 1.0108073064853797 × 10^293 |
| 106 | ov_106 | 8.021527024907492 × 10^292 |
| 107 | ov_107 | 6.296954170512635 × 10^292 |
| 108 | ov_108 | 4.890977029046261 × 10^292 |
| 109 | ov_109 | 3.762523401929614 × 10^292 |
| 110 | ov_110 | 2.872728472599839 × 10^292 |
| 111 | ov_111 | 2.1848531964337229 × 10^292 |
| 112 | ov_112 | 1.6642170497558627 × 10^292 |
| 113 | ov_113 | 1.2781433381095536 × 10^292 |
| 114 | ov_114 | 9.959153856221391 × 10^291 |
| 115 | ov_115 | 7.8874204793689 × 10^291 |
| 116 | ov_116 | 6.297311111140504 × 10^291 |
| 117 | ov_117 | 4.938692583605318 × 10^291 |
| 118 | ov_118 | 3.793026325232793 × 10^291 |
| 119 | ov_119 | 2.841844242695096 × 10^291 |
| 120 | ov_120 | 2.0667238659051835 × 10^291 |
| 121 | ov_121 | 1.449270727345171 × 10^291 |
| 122 | ov_122 | 9.711067875417927 × 10^290 |
| 123 | ov_123 | 6.1386333411257505 × 10^290 |
| 124 | ov_124 | 3.59176545849393 × 10^290 |
| 125 | ov_125 | 1.886847406630143 × 10^290 |
| 126 | ov_126 | 8.402696951857222 × 10^289 |
| 127 | aaa_77_28 | 2.684247573816489 × 10^289 |
| 128 | aaa_77_29 | 1.0069208968947891 × 10^289 |
| 129 | ov_129 | 9.450875875293819 × 10^288 |
| 130 | ov_130 | 9.450849782125898 × 10^288 |
| 131 | ov_131 | 9.450843461763255 × 10^288 |
| 132 | ov_132 | 8.221384872070783 × 10^288 |
| 133 | ov_133 | 7.117800339808032 × 10^288 |
| 134 | ov_134 | 6.130641012941661 × 10^288 |
| 135 | ov_135 | 5.250975918684088 × 10^288 |
| 136 | ov_136 | 4.470355223700503 × 10^288 |
| 137 | ov_137 | 3.7807782748099293 × 10^288 |
| 138 | ov_138 | 3.174665983627836 × 10^288 |
| 139 | ov_139 | 2.6448371415206453 × 10^288 |
| 140 | ov_140 | 2.184488273381255 × 10^288 |
| 141 | ov_141 | 1.787176660241955 × 10^288 |
| 142 | ov_142 | 1.4468061817489122 × 10^288 |
| 143 | ov_143 | 1.1576156501433947 × 10^288 |
| 144 | ov_144 | 9.141693277237769 × 10^287 |
| 145 | ov_145 | 7.113493398774186 × 10^287 |
| 146 | ov_146 | 5.443497157357092 × 10^287 |
| 147 | ov_147 | 4.086718083683098 × 10^287 |
| 148 | ov_148 | 3.001208662307183 × 10^287 |
| 149 | ov_149 | 2.148035473387366 × 10^287 |
| 150 | ov_150 | 1.4912618738080817 × 10^287 |
| 151 | ov_151 | 9.979365270416537 × 10^286 |
| 152 | ov_152 | 6.380862882841056 × 10^286 |
| 153 | ov_153 | 3.847121485346297 × 10^286 |
| 154 | ov_154 | 2.137871383956702 × 10^286 |
| 155 | ov_155 | 1.0425531797137087 × 10^286 |
| 156 | aaa_76_25 | 3.803130542992542 × 10^285 |
| 157 | aaa_76_26 | 2.1983499090232338 × 10^285 |
| 158 | aaa_76_27 | 1.1265606217112282 × 10^285 |
| 159 | aaa_76_28 | 4.392560185898273 × 10^284 |
| 160 | aaa_76_29 | 1.3378194571718619 × 10^284 |

### Output Bits Sorted by Complexity

| Rank | Output Bit | Complexity |
|:----:|:----------:|:----------:|
| 160 | aaa_76_29 | 1.3378194571718619 × 10^284 |
| 159 | aaa_76_28 | 4.392560185898273 × 10^284 |
| 158 | aaa_76_27 | 1.1265606217112282 × 10^285 |
| 157 | aaa_76_26 | 2.1983499090232338 × 10^285 |
| 156 | aaa_76_25 | 3.803130542992542 × 10^285 |
| 155 | ov_155 | 1.0425531797137087 × 10^286 |
| 154 | ov_154 | 2.137871383956702 × 10^286 |
| 153 | ov_153 | 3.847121485346297 × 10^286 |
| 152 | ov_152 | 6.380862882841056 × 10^286 |
| 151 | ov_151 | 9.979365270416537 × 10^286 |
| 150 | ov_150 | 1.4912618738080817 × 10^287 |
| 149 | ov_149 | 2.148035473387366 × 10^287 |
| 148 | ov_148 | 3.001208662307183 × 10^287 |
| 147 | ov_147 | 4.086718083683098 × 10^287 |
| 146 | ov_146 | 5.443497157357092 × 10^287 |
| 145 | ov_145 | 7.113493398774186 × 10^287 |
| 144 | ov_144 | 9.141693277237769 × 10^287 |
| 143 | ov_143 | 1.1576156501433947 × 10^288 |
| 142 | ov_142 | 1.4468061817489122 × 10^288 |
| 141 | ov_141 | 1.787176660241955 × 10^288 |
| 140 | ov_140 | 2.184488273381255 × 10^288 |
| 139 | ov_139 | 2.6448371415206453 × 10^288 |
| 138 | ov_138 | 3.174665983627836 × 10^288 |
| 137 | ov_137 | 3.7807782748099293 × 10^288 |
| 136 | ov_136 | 4.470355223700503 × 10^288 |
| 135 | ov_135 | 5.250975918684088 × 10^288 |
| 134 | ov_134 | 6.130641012941661 × 10^288 |
| 133 | ov_133 | 7.117800339808032 × 10^288 |
| 132 | ov_132 | 8.221384872070783 × 10^288 |
| 131 | ov_131 | 9.450843461763255 × 10^288 |
| 130 | ov_130 | 9.450849782125898 × 10^288 |
| 129 | ov_129 | 9.450875875293819 × 10^288 |
| 128 | aaa_77_29 | 1.0069208968947891 × 10^289 |
| 127 | aaa_77_28 | 2.684247573816489 × 10^289 |
| 126 | ov_126 | 8.402696951857222 × 10^289 |
| 125 | ov_125 | 1.886847406630143 × 10^290 |
| 124 | ov_124 | 3.59176545849393 × 10^290 |
| 123 | ov_123 | 6.1386333411257505 × 10^290 |
| 122 | ov_122 | 9.711067875417927 × 10^290 |
| 121 | ov_121 | 1.449270727345171 × 10^291 |
| 120 | ov_120 | 2.0667238659051835 × 10^291 |
| 119 | ov_119 | 2.841844242695096 × 10^291 |
| 118 | ov_118 | 3.793026325232793 × 10^291 |
| 117 | ov_117 | 4.938692583605318 × 10^291 |
| 116 | ov_116 | 6.297311111140504 × 10^291 |
| 115 | ov_115 | 7.8874204793689 × 10^291 |
| 114 | ov_114 | 9.959153856221391 × 10^291 |
| 113 | ov_113 | 1.2781433381095536 × 10^292 |
| 112 | ov_112 | 1.6642170497558627 × 10^292 |
| 111 | ov_111 | 2.1848531964337229 × 10^292 |
| 110 | ov_110 | 2.872728472599839 × 10^292 |
| 109 | ov_109 | 3.762523401929614 × 10^292 |
| 108 | ov_108 | 4.890977029046261 × 10^292 |
| 107 | ov_107 | 6.296954170512635 × 10^292 |
| 106 | ov_106 | 8.021527024907492 × 10^292 |
| 105 | ov_105 | 1.0108073064853797 × 10^293 |
| 104 | ov_104 | 1.260239125876722 × 10^293 |
| 103 | ov_103 | 1.555283879740227 × 10^293 |
| 102 | ov_102 | 1.9010490630644324 × 10^293 |
| 101 | ov_101 | 2.3029324254188542 × 10^293 |
| 100 | ov_100 | 2.766643232463325 × 10^293 |
| 99 | ov_099 | 3.2982265826093827 × 10^293 |
| 98 | ov_098 | 3.2982343888163316 × 10^293 |
| 97 | ov_097 | 3.298258797881174 × 10^293 |
| 96 | aaa_78_29 | 6.362776693897802 × 10^293 |
| 95 | aaa_78_28 | 2.106741131428892 × 10^294 |
| 94 | ov_094 | 6.895049099843649 × 10^294 |
| 93 | ov_093 | 1.6279055765722943 × 10^295 |
| 92 | ov_092 | 3.292908382154824 × 10^295 |
| 91 | ov_091 | 6.294198523235515 × 10^295 |
| 90 | ov_090 | 1.139270745731264 × 10^296 |
| 89 | ov_089 | 1.950062994628698 × 10^296 |
| 88 | ov_088 | 3.1681460748860527 × 10^296 |
| 87 | ov_087 | 4.915006292406713 × 10^296 |
| 86 | ov_086 | 7.327278158831313 × 10^296 |
| 85 | ov_085 | 1.0556761769377508 × 10^297 |
| 84 | ov_084 | 1.4770447651968047 × 10^297 |
| 83 | ov_083 | 2.0150550556960594 × 10^297 |
| 82 | ov_082 | 2.6894553657128065 × 10^297 |
| 81 | ov_081 | 3.5215264628174446 × 10^297 |
| 64 | lv_79_m31 | 3.924228039963697 × 10^297 |
| 80 | ov_080 | 4.534088508119675 × 10^297 |
| 79 | ov_079 | 5.7515094820410216 × 10^297 |
| 78 | ov_078 | 7.199715240255652 × 10^297 |
| 77 | ov_077 | 8.906201579414826 × 10^297 |
| 76 | ov_076 | 1.090004940610264 × 10^298 |
| 75 | ov_075 | 1.3211944872683842 × 10^298 |
| 74 | ov_074 | 1.5874206707891806 × 10^298 |
| 73 | ov_073 | 1.8920823123130579 × 10^298 |
| 63 | ov_063 | 2.0118043395112196 × 10^298 |
| 72 | ov_072 | 2.2387500831061753 × 10^298 |
| 71 | ov_071 | 2.6311728871805946 × 10^298 |
| 70 | ov_070 | 3.07328601048201 × 10^298 |
| 69 | ov_069 | 3.5692213392156014 × 10^298 |
| 68 | ov_068 | 4.123319967244167 × 10^298 |
| 67 | ov_067 | 4.7401475305782745 × 10^298 |
| 66 | ov_066 | 4.740150481025813 × 10^298 |
| 65 | ov_065 | 4.7401627900202626 × 10^298 |
| 62 | ov_062 | 1.0311605181574527 × 10^299 |
| 61 | ov_061 | 3.7555186132469487 × 10^299 |
| 60 | ov_060 | 1.0741727359772162 × 10^300 |
| 59 | ov_059 | 2.5899267647747255 × 10^300 |
| 58 | ov_058 | 5.253515244571576 × 10^300 |
| 57 | ov_057 | 9.487848039177532 × 10^300 |
| 56 | ov_056 | 1.6230956946591126 × 10^301 |
| 55 | ov_055 | 2.660530754508423 × 10^301 |
| 54 | ov_054 | 4.1917829902012305 × 10^301 |
| 53 | ov_053 | 6.365997985194704 × 10^301 |
| 52 | ov_052 | 9.350785190559742 × 10^301 |
| 51 | ov_051 | 1.3332237961463678 × 10^302 |
| 50 | ov_050 | 1.851496763033529 × 10^302 |
| 49 | ov_049 | 2.512215830928555 × 10^302 |
| 48 | ov_048 | 3.3395650324685032 × 10^302 |
| 47 | ov_047 | 4.359606139762085 × 10^302 |
| 32 | lv_80_m31 | 4.815631107626386 × 10^302 |
| 46 | ov_046 | 5.600295589553949 × 10^302 |
| 45 | ov_045 | 7.091507369310503 × 10^302 |
| 44 | ov_044 | 8.865063139472215 × 10^302 |
| 43 | ov_043 | 1.0954770988796858 × 10^303 |
| 42 | ov_042 | 1.3396474341712604 × 10^303 |
| 41 | ov_041 | 1.622811265899853 × 10^303 |
| 40 | ov_040 | 1.9489795696013483 × 10^303 |
| 39 | ov_039 | 2.3223893206215976 × 10^303 |
| 31 | ov_031 | 2.4692411105736313 × 10^303 |
| 38 | ov_038 | 2.747514210198339 × 10^303 |
| 37 | ov_037 | 3.2290773209904734 × 10^303 |
| 36 | ov_036 | 3.772065988400578 × 10^303 |
| 35 | ov_035 | 4.381749086810343 × 10^303 |
| 34 | ov_034 | 5.063696992816897 × 10^303 |
| 33 | ov_033 | 5.823804490788151 × 10^303 |
| 30 | ov_030 | 1.2658602211254825 × 10^304 |
| 29 | ov_029 | 4.140361472220292 × 10^304 |
| 28 | ov_028 | 1.07438011467145 × 10^305 |
| 27 | ov_027 | 2.588111894560886 × 10^305 |
| 26 | ov_026 | 5.654965400039966 × 10^305 |
| 25 | ov_025 | 1.1201516996939083 × 10^306 |
| 24 | ov_024 | 2.038119124512811 × 10^306 |
| 23 | ov_023 | 3.45742787130851 × 10^306 |
| 22 | ov_022 | 5.538798110259738 × 10^306 |
| 21 | ov_021 | 8.465650704859497 × 10^306 |
| 20 | ov_020 | 1.2444124684108046 × 10^307 |
| 19 | ov_019 | 1.7703106196832173 × 10^307 |
| 18 | ov_018 | 2.4494274484237962 × 10^307 |
| 17 | ov_017 | 3.3092172782156674 × 10^307 |
| 16 | ov_016 | 4.3794313870797976 × 10^307 |
| 15 | ov_015 | 5.692133146588018 × 10^307 |
| 14 | ov_014 | 7.281719012181644 × 10^307 |
| 13 | ov_013 | 9.184946779578629 × 10^307 |
| 12 | ov_012 | 1.144097267019581 × 10^308 |
| 11 | ov_011 | 1.409139895692633 × 10^308 |
| 10 | ov_010 | 1.718033399059602 × 10^308 |
| 9 | ov_009 | 2.075446663724394 × 10^308 |
| 8 | ov_008 | 2.486315728737754 × 10^308 |
| 7 | ov_007 | 2.9558547750974626 × 10^308 |
| 6 | ov_006 | 3.4895692506773375 × 10^308 |
| 5 | ov_005 | 4.093271393194493 × 10^308 |
| 4 | ov_004 | 4.77309842993344 × 10^308 |
| 3 | ov_003 | 5.5355337494966095 × 10^308 |
| 2 | ov_002 | 6.387431357945342 × 10^308 |
| 1 | ov_001 | 7.336043949449659 × 10^308 |

