# Results for F001-F002-F003-F004-F005-F006-F007-F008-F009-F010-F011-F012-F013-F014-F015-F016-F017-F018-F019-F020-F021-F022-F023-F024-F025-F026-F027-F028-F029-F030-F031-F032-F033-F034-F035-F036-F037-F038-F039-F040-F041-F042-F043-F044-F045-F046-F047-F048-F049-F050-F051-F052-F053-F054-F055-F056-F057-F058-F059-F060-F061-F062-F063-F064-F065-F066-F067-F068-F069-F070-F071-F072-F073-F074-F075-F076-F077-F078-F079-F080-F081-F082-F083-F084-F085-F086-F087-F088-F089-F090-F091-F092-F093-F094-F095-F096-F097-F098-F099-F100-F101-F102-F103-F104-F105-F106-F107-F108-F109-F110-F111-F112-F113-F114-F115-F116-F117-F118-F119-F120-F121-F122-F123-F124-F125-F126-F127-F128-F129-F130-F131-F132-F133-F134-F135-F136-F137-F138-F139-F140-F141-F142-F143-F144-F145-F146-F147-F148-F149-F150-F151-F152-F153-F154-F155-F156-F157-F158-F159-F160-F161-F162-F163-F164-F165-F166-F167-F168-F169-F170-F171-F172-F173-F174-F175-F176-F177-F178-F179-F180-F181-F182-F183-F184-F185-F186-F187-F188-F189-F190-F191-F192-F193-F194-F195-F196-F197-F198-F199-F200-F201-F202-F203-F204-F205-F206-F207-F208-F209-F210-F211-F212-F213-F214-F215-F216-F217-F218-F219-F220-F221-F222-F223-F224-F225-F226-F227-F228-F229-F230-F231-F232-F233-F234-F235-F236-F237-F238-F239-F240-F241-F242-F243-F244-F245-F246-F247-F248-F249-F250-F251-F252-F253-F254-F255-F256-F257-F258-F259-F260-F261-F262-F263-F264-F265-F266-F267-F268-F269-F270-F271-F272-F273-F274-F275-F276-F277-F278-F279-F280-F281-F282-F283-F284-F285-F286-F287-F288-F289-F290-F291-F292-F293-F294-F295-F296-F297-F298-F299-F300-F301-F302-F303-F304-F305-F306-F307-F308-F309-F310-F311-F312-F313-F314-F315-F316-F317-F318-F319-F320-F321-F322-F323-F324-F325-F326-F327-F328-F329-F330-F331-F332-F333-F334-F335-F336-F337-F338-F339-F340-F341-F342-F343-F344-F345-F346-F347-F348-F349-F350-F351-F352-F353-F354-F355-F356-F357-F358-F359-F360-F361-F362-F363-F364-F365-F366-F367-F368-F369-F370-F371-F372-F373-F374-F375-F376-F377-F378-F379-F380-F381-F382-F383-F384-F385-F386-F387-F388-F389-F390-F391-F392-F393-F394-F395-F396-F397-F398-F399-F400-F401-F402-F403-F404-F405-F406-F407-F408-F409-F410-F411-F412-F413-F414-F415-F416-F417-F418-F419-F420-F421-F422-F423-F424-F425-F426-F427-F428-F429-F430-F431-F432-F433-F434-F435-F436-F437-F438-F439-F440-F441-F442-F443-F444-F445-F446-F447-F448-F449-F450-F451-F452-F453-F454-F455-F456-F457-F458-F459-F460-F461-F462-F463-F464-F465-F466-F467-F468-F469-F470-F471-F472-F473-F474-F475-F476-F477-F478-F479-F480-F481-F482-F483-F484-F485-F486-F487-F488-F489-F490-F491-F492-F493-F494-F495-F496-E504506

## Summary

Number of input bits: 512  
Number of free input bits: 15  
Number of output bits: 160

Number of direct occurrences: 61680  
Number of assignments: 32202  
Number of operations: 11414964
(xor: 11386332,
and: 14901,
or: 13731)

Total complexity: 8.473705592282503 × 10^302

Least occurring input variable: iv_502 (3908)  
Most occurring input variable: iv_512 (4400)

Most co-occurring input variables: iv_511-iv_512 (2170)  
Least co-occurring input variables: iv_498-iv_502 (1776)

Potentially most occurring input variable: iv_504/iv_512 (4549)  
Potentially least occurring input variable: iv_499/iv_508 (4111)

Least output occurring input variable: iv_508 (70)  
Most output occurring input variable: iv_497 (93)

Most output co-occurring input variables: iv_497-iv_502 (52)  
Least output co-occurring input variables: iv_502-iv_508 (30)

Potentially most output occurring input variable: iv_509/iv_511 (92)  
Potentially least output occurring input variable: iv_507/iv_509 (66)

Least complex input bit: iv_497 (5.97380120254863 × 10^299)  
Most complex input bit: iv_510 (2.0792389538716887 × 10^302)

Least complex output bit: aaa_76_29 (1.3629748053704778 × 10^278)  
Most complex output bit: ov_001 (1.318373845098713 × 10^302)

Least complex input/output complexity: iv_497/aaa_76_29 (9.608713027251236 × 10^274)  
Most complex input/output complexity: iv_510/ov_001 (3.2349651809846124 × 10^301)

## Input Bits

### Input Bits in Regular Order

| Input Bit | Complexity | Occurrences | Output Occurrences |
|:---------:|:----------:|:-----------:|:------------------:|
| iv_497 | 5.97380120254863 × 10^299 | 4158 | 93 |
| iv_498 | 1.2050438117365432 × 10^300 | 3968 | 88 |
| iv_499 | 2.1455081907438702 × 10^300 | 4135 | 81 |
| iv_500 | 3.633986216437072 × 10^300 | 4148 | 76 |
| iv_501 | 6.196540160139853 × 10^300 | 4121 | 83 |
| iv_502 | 1.0071777950942301 × 10^301 | 3908 | 82 |
| iv_503 | 1.5891293400117014 × 10^301 | 4060 | 74 |
| iv_504 | 7.944633765272435 × 10^301 | 4165 | 76 |
| iv_505 | 3.6995876891967475 × 10^301 | 3950 | 79 |
| iv_507 | 8.042701726498448 × 10^301 | 4206 | 76 |
| iv_508 | 1.1396968368426787 × 10^302 | 4028 | 70 |
| iv_509 | 1.562693833248735 × 10^302 | 4032 | 78 |
| iv_510 | 2.0792389538716887 × 10^302 | 4157 | 79 |
| iv_511 | 6.157603625824479 × 10^301 | 4244 | 80 |
| iv_512 | 7.102079891364665 × 10^301 | 4400 | 80 |

### Input Bits Sorted by Complexity

| Input Bit | Complexity | Occurrences | Output Occurrences |
|:---------:|:----------:|:-----------:|:------------------:|
| iv_497 | 5.97380120254863 × 10^299 | 4158 | 93 |
| iv_498 | 1.2050438117365432 × 10^300 | 3968 | 88 |
| iv_499 | 2.1455081907438702 × 10^300 | 4135 | 81 |
| iv_500 | 3.633986216437072 × 10^300 | 4148 | 76 |
| iv_501 | 6.196540160139853 × 10^300 | 4121 | 83 |
| iv_502 | 1.0071777950942301 × 10^301 | 3908 | 82 |
| iv_503 | 1.5891293400117014 × 10^301 | 4060 | 74 |
| iv_505 | 3.6995876891967475 × 10^301 | 3950 | 79 |
| iv_511 | 6.157603625824479 × 10^301 | 4244 | 80 |
| iv_512 | 7.102079891364665 × 10^301 | 4400 | 80 |
| iv_504 | 7.944633765272435 × 10^301 | 4165 | 76 |
| iv_507 | 8.042701726498448 × 10^301 | 4206 | 76 |
| iv_508 | 1.1396968368426787 × 10^302 | 4028 | 70 |
| iv_509 | 1.562693833248735 × 10^302 | 4032 | 78 |
| iv_510 | 2.0792389538716887 × 10^302 | 4157 | 79 |

### Input Bits Sorted by Occurrences

| Input Bit | Complexity | Occurrences | Output Occurrences |
|:---------:|:----------:|:-----------:|:------------------:|
| iv_502 | 1.0071777950942301 × 10^301 | 3908 | 82 |
| iv_505 | 3.6995876891967475 × 10^301 | 3950 | 79 |
| iv_498 | 1.2050438117365432 × 10^300 | 3968 | 88 |
| iv_508 | 1.1396968368426787 × 10^302 | 4028 | 70 |
| iv_509 | 1.562693833248735 × 10^302 | 4032 | 78 |
| iv_503 | 1.5891293400117014 × 10^301 | 4060 | 74 |
| iv_501 | 6.196540160139853 × 10^300 | 4121 | 83 |
| iv_499 | 2.1455081907438702 × 10^300 | 4135 | 81 |
| iv_500 | 3.633986216437072 × 10^300 | 4148 | 76 |
| iv_510 | 2.0792389538716887 × 10^302 | 4157 | 79 |
| iv_497 | 5.97380120254863 × 10^299 | 4158 | 93 |
| iv_504 | 7.944633765272435 × 10^301 | 4165 | 76 |
| iv_507 | 8.042701726498448 × 10^301 | 4206 | 76 |
| iv_511 | 6.157603625824479 × 10^301 | 4244 | 80 |
| iv_512 | 7.102079891364665 × 10^301 | 4400 | 80 |

### Input Bits Sorted by Output Occurrences

| Input Bit | Complexity | Occurrences | Output Occurrences |
|:---------:|:----------:|:-----------:|:------------------:|
| iv_508 | 1.1396968368426787 × 10^302 | 4028 | 70 |
| iv_503 | 1.5891293400117014 × 10^301 | 4060 | 74 |
| iv_504 | 7.944633765272435 × 10^301 | 4165 | 76 |
| iv_500 | 3.633986216437072 × 10^300 | 4148 | 76 |
| iv_507 | 8.042701726498448 × 10^301 | 4206 | 76 |
| iv_509 | 1.562693833248735 × 10^302 | 4032 | 78 |
| iv_505 | 3.6995876891967475 × 10^301 | 3950 | 79 |
| iv_510 | 2.0792389538716887 × 10^302 | 4157 | 79 |
| iv_511 | 6.157603625824479 × 10^301 | 4244 | 80 |
| iv_512 | 7.102079891364665 × 10^301 | 4400 | 80 |
| iv_499 | 2.1455081907438702 × 10^300 | 4135 | 81 |
| iv_502 | 1.0071777950942301 × 10^301 | 3908 | 82 |
| iv_501 | 6.196540160139853 × 10^300 | 4121 | 83 |
| iv_498 | 1.2050438117365432 × 10^300 | 3968 | 88 |
| iv_497 | 5.97380120254863 × 10^299 | 4158 | 93 |

## Input Bit Co-occurrences

### Input Bit Co-occurrences Sorted by Co-occurrences

| Input Bits | Co-occurrences | Potential Occurrences | Output Co-occurrences | Potential Output Occurrences |
|:----------:|:--------------:|:---------------------:|:---------------------:|:----------------------------:|
| iv_511-iv_512 | 2170 | 4304 | 43 | 74 |
| iv_507-iv_512 | 2123 | 4360 | 42 | 72 |
| iv_510-iv_512 | 2101 | 4355 | 42 | 75 |
| iv_497-iv_512 | 2092 | 4374 | 44 | 85 |
| iv_500-iv_511 | 2091 | 4210 | 38 | 80 |
| iv_500-iv_512 | 2077 | 4394 | 39 | 78 |
| iv_501-iv_512 | 2075 | 4371 | 43 | 77 |
| iv_497-iv_507 | 2056 | 4252 | 44 | 81 |
| iv_503-iv_512 | 2056 | 4348 | 34 | 86 |
| iv_507-iv_510 | 2049 | 4265 | 41 | 73 |
| iv_501-iv_511 | 2048 | 4269 | 39 | 85 |
| iv_499-iv_512 | 2046 | 4443 | 44 | 73 |
| iv_508-iv_512 | 2044 | 4340 | 32 | 86 |
| iv_499-iv_510 | 2044 | 4204 | 43 | 74 |
| iv_499-iv_511 | 2036 | 4307 | 37 | 87 |

### Input Bit Co-occurrences Sorted by Potential Occurrences

| Input Bits | Co-occurrences | Potential Occurrences | Output Co-occurrences | Potential Output Occurrences |
|:----------:|:--------------:|:---------------------:|:---------------------:|:----------------------------:|
| iv_499-iv_508 | 2026 | 4111 | 38 | 75 |
| iv_499-iv_502 | 1934 | 4175 | 41 | 81 |
| iv_502-iv_505 | 1839 | 4180 | 36 | 89 |
| iv_501-iv_505 | 1945 | 4181 | 45 | 72 |
| iv_500-iv_503 | 2013 | 4182 | 38 | 74 |
| iv_508-iv_509 | 1936 | 4188 | 35 | 78 |
| iv_499-iv_509 | 1987 | 4193 | 41 | 77 |
| iv_498-iv_508 | 1897 | 4202 | 37 | 84 |
| iv_499-iv_510 | 2044 | 4204 | 43 | 74 |
| iv_507-iv_508 | 2014 | 4206 | 31 | 84 |
| iv_497-iv_503 | 2006 | 4206 | 38 | 91 |
| iv_500-iv_511 | 2091 | 4210 | 38 | 80 |
| iv_500-iv_505 | 1940 | 4218 | 42 | 71 |
| iv_498-iv_510 | 1953 | 4219 | 48 | 71 |
| iv_498-iv_503 | 1902 | 4224 | 43 | 76 |

### Input Bit Output Co-occurrences Sorted by Output Co-occurrences

| Input Bits | Co-occurrences | Potential Occurrences | Output Co-occurrences | Potential Output Occurrences |
|:----------:|:--------------:|:---------------------:|:---------------------:|:----------------------------:|
| iv_497-iv_502 | 1910 | 4246 | 52 | 71 |
| iv_497-iv_498 | 1903 | 4320 | 50 | 81 |
| iv_498-iv_501 | 1887 | 4315 | 48 | 75 |
| iv_498-iv_510 | 1953 | 4219 | 48 | 71 |
| iv_497-iv_501 | 2018 | 4243 | 48 | 80 |
| iv_497-iv_510 | 1949 | 4417 | 48 | 76 |
| iv_497-iv_509 | 1941 | 4308 | 48 | 75 |
| iv_498-iv_512 | 2007 | 4354 | 47 | 74 |
| iv_497-iv_505 | 1916 | 4276 | 47 | 78 |
| iv_497-iv_511 | 2018 | 4366 | 47 | 79 |
| iv_498-iv_502 | 1776 | 4324 | 46 | 78 |
| iv_501-iv_505 | 1945 | 4181 | 45 | 72 |
| iv_499-iv_507 | 1939 | 4463 | 45 | 67 |
| iv_502-iv_511 | 1931 | 4290 | 45 | 72 |
| iv_499-iv_512 | 2046 | 4443 | 44 | 73 |

### Input Bit Output Co-occurrences Sorted by Potential Output Occurrences

| Input Bits | Co-occurrences | Potential Occurrences | Output Co-occurrences | Potential Output Occurrences |
|:----------:|:--------------:|:---------------------:|:---------------------:|:----------------------------:|
| iv_507-iv_509 | 1980 | 4278 | 44 | 66 |
| iv_499-iv_507 | 1939 | 4463 | 45 | 67 |
| iv_498-iv_510 | 1953 | 4219 | 48 | 71 |
| iv_500-iv_505 | 1940 | 4218 | 42 | 71 |
| iv_497-iv_502 | 1910 | 4246 | 52 | 71 |
| iv_501-iv_505 | 1945 | 4181 | 45 | 72 |
| iv_502-iv_511 | 1931 | 4290 | 45 | 72 |
| iv_507-iv_512 | 2123 | 4360 | 42 | 72 |
| iv_501-iv_503 | 1963 | 4255 | 42 | 73 |
| iv_503-iv_505 | 1890 | 4230 | 40 | 73 |
| iv_499-iv_512 | 2046 | 4443 | 44 | 73 |
| iv_507-iv_510 | 2049 | 4265 | 41 | 73 |
| iv_498-iv_512 | 2007 | 4354 | 47 | 74 |
| iv_499-iv_510 | 2044 | 4204 | 43 | 74 |
| iv_500-iv_503 | 2013 | 4182 | 38 | 74 |

## Output Bits

### Output Bits in Regular Order

| Rank | Output Bit | Complexity |
|:----:|:----------:|:----------:|
| 1 | ov_001 | 1.318373845098713 × 10^302 |
| 2 | ov_002 | 1.1478980796488147 × 10^302 |
| 3 | ov_003 | 9.94802794719277 × 10^301 |
| 4 | ov_004 | 8.577846584336679 × 10^301 |
| 5 | ov_005 | 7.356119810467005 × 10^301 |
| 6 | ov_006 | 6.271196704114892 × 10^301 |
| 7 | ov_007 | 5.312048371147239 × 10^301 |
| 8 | ov_008 | 4.4682298994828466 × 10^301 |
| 9 | ov_009 | 3.729847655708165 × 10^301 |
| 10 | ov_010 | 3.0875313928127465 × 10^301 |
| 11 | ov_011 | 2.5324106679896936 × 10^301 |
| 12 | ov_012 | 2.0560950983906977 × 10^301 |
| 13 | ov_013 | 1.650658011043696 × 10^301 |
| 14 | ov_014 | 1.308623070966434 × 10^301 |
| 15 | ov_015 | 1.0229534989535232 × 10^301 |
| 16 | ov_016 | 7.870435176713526 × 10^300 |
| 17 | ov_017 | 5.947116916409719 × 10^300 |
| 18 | ov_018 | 4.401958534848332 × 10^300 |
| 19 | ov_019 | 3.181493355066298 × 10^300 |
| 20 | ov_020 | 2.236382522998885 × 10^300 |
| 21 | ov_021 | 1.521396066657803 × 10^300 |
| 22 | ov_022 | 9.954001768073559 × 10^299 |
| 23 | ov_023 | 6.2134896300550986 × 10^299 |
| 24 | ov_024 | 3.662792636400296 × 10^299 |
| 25 | ov_025 | 2.013075154890613 × 10^299 |
| 26 | ov_026 | 1.0162803814210993 × 10^299 |
| 27 | ov_027 | 4.6512226379134795 × 10^298 |
| 28 | ov_028 | 1.9308231538364984 × 10^298 |
| 29 | ov_029 | 7.44085888874969 × 10^297 |
| 30 | ov_030 | 2.274943610670804 × 10^297 |
| 31 | ov_031 | 4.4376009976685965 × 10^296 |
| 32 | lv_80_m31 | 8.65441428562601 × 10^295 |
| 33 | ov_033 | 1.0465219651523561 × 10^297 |
| 34 | ov_034 | 9.099235753905346 × 10^296 |
| 35 | ov_035 | 7.873688396496936 × 10^296 |
| 36 | ov_036 | 6.777997415027529 × 10^296 |
| 37 | ov_037 | 5.802162131845656 × 10^296 |
| 38 | ov_038 | 4.936720703222833 × 10^296 |
| 39 | ov_039 | 4.172714749654633 × 10^296 |
| 40 | ov_040 | 3.5016587715430952 × 10^296 |
| 41 | ov_041 | 2.9155138829828173 × 10^296 |
| 42 | ov_042 | 2.406665425138741 × 10^296 |
| 43 | ov_043 | 1.967904048084493 × 10^296 |
| 44 | ov_044 | 1.5924098761416834 × 10^296 |
| 45 | ov_045 | 1.2737393968859234 × 10^296 |
| 46 | ov_046 | 1.0058147382156538 × 10^296 |
| 47 | ov_047 | 7.829150213538977 × 10^295 |
| 48 | ov_048 | 5.996695004978571 × 10^295 |
| 49 | ov_049 | 4.510522221614718 × 10^295 |
| 50 | ov_050 | 3.323779591746658 × 10^295 |
| 51 | ov_051 | 2.392991959007405 × 10^295 |
| 52 | ov_052 | 1.6780396258916008 × 10^295 |
| 53 | ov_053 | 1.1421433796167876 × 10^295 |
| 54 | ov_054 | 7.518546019029232 × 10^294 |
| 55 | ov_055 | 4.770490740894965 × 10^294 |
| 56 | ov_056 | 2.9092329838984544 × 10^294 |
| 57 | ov_057 | 1.6999239972388022 × 10^294 |
| 58 | ov_058 | 9.408897204369168 × 10^293 |
| 59 | ov_059 | 4.63624924848347 × 10^293 |
| 60 | ov_060 | 1.921687399115932 × 10^293 |
| 61 | ov_061 | 6.714309805899521 × 10^292 |
| 62 | ov_062 | 1.8424088082506016 × 10^292 |
| 63 | ov_063 | 3.5922211544927963 × 10^291 |
| 64 | lv_79_m31 | 7.0025404635014736 × 10^290 |
| 65 | ov_065 | 8.462940696063449 × 10^291 |
| 66 | ov_066 | 8.462916050808056 × 10^291 |
| 67 | ov_067 | 8.462910019582529 × 10^291 |
| 68 | ov_068 | 7.347306238403503 × 10^291 |
| 69 | ov_069 | 6.348981092633919 × 10^291 |
| 70 | ov_070 | 5.45859751152919 × 10^291 |
| 71 | ov_071 | 4.667392544722419 × 10^291 |
| 72 | ov_072 | 3.967138497577099 × 10^291 |
| 73 | ov_073 | 3.35010751113867 × 10^291 |
| 74 | ov_074 | 2.80903940236111 × 10^291 |
| 75 | ov_075 | 2.33711258764404 × 10^291 |
| 76 | ov_076 | 1.9279179188237004 × 10^291 |
| 77 | ov_077 | 1.575435265769381 × 10^291 |
| 78 | ov_078 | 1.2740126837871772 × 10^291 |
| 79 | ov_079 | 1.018348007257297 × 10^291 |
| 80 | ov_080 | 8.03472713451564 × 10^290 |
| 81 | ov_081 | 6.24737902406638 × 10^290 |
| 82 | ov_082 | 4.778022401684082 × 10^290 |
| 83 | ov_083 | 3.586217137668474 × 10^290 |
| 84 | ov_084 | 2.6344104701161476 × 10^290 |
| 85 | ov_085 | 1.8878662669029767 × 10^290 |
| 86 | ov_086 | 1.3146078906725664 × 10^290 |
| 87 | ov_087 | 8.853731677528092 × 10^289 |
| 88 | ov_088 | 5.735799630694751 × 10^289 |
| 89 | ov_089 | 3.5530086377386903 × 10^289 |
| 90 | ov_090 | 2.0924547464326767 × 10^289 |
| 91 | ov_091 | 1.1674882847669258 × 10^289 |
| 92 | ov_092 | 6.176442730904042 × 10^288 |
| 93 | ov_093 | 3.086050417759125 × 10^288 |
| 94 | ov_094 | 1.3218286734090686 × 10^288 |
| 95 | aaa_78_28 | 4.0815115089816584 × 10^287 |
| 96 | aaa_78_29 | 1.2533726135476542 × 10^287 |
| 97 | ov_097 | 8.272352681318148 × 10^286 |
| 98 | ov_098 | 8.272104000973243 × 10^286 |
| 99 | ov_099 | 8.272024471083464 × 10^286 |
| 100 | ov_100 | 7.442120302328813 × 10^286 |
| 101 | ov_101 | 6.673803792407397 × 10^286 |
| 102 | ov_102 | 5.963653466344102 × 10^286 |
| 103 | ov_103 | 5.308495588099377 × 10^286 |
| 104 | ov_104 | 4.70537303458089 × 10^286 |
| 105 | ov_105 | 4.151516943964608 × 10^286 |
| 106 | ov_106 | 3.644320991028045 × 10^286 |
| 107 | ov_107 | 3.1813181479977116 × 10^286 |
| 108 | ov_108 | 2.760159794194737 × 10^286 |
| 109 | ov_109 | 2.3785970416564227 × 10^286 |
| 110 | ov_110 | 2.0344641470306725 × 10^286 |
| 111 | ov_111 | 1.7256638824941471 × 10^286 |
| 112 | ov_112 | 1.450154740334656 × 10^286 |
| 113 | ov_113 | 1.2059398472567886 × 10^286 |
| 114 | ov_114 | 9.910574655020788 × 10^285 |
| 115 | ov_115 | 8.035729585980207 × 10^285 |
| 116 | ov_116 | 6.415721000329189 × 10^285 |
| 117 | ov_117 | 5.0315560345672814 × 10^285 |
| 118 | ov_118 | 3.864347531845237 × 10^285 |
| 119 | ov_119 | 2.8952801387354903 × 10^285 |
| 120 | ov_120 | 2.105584982916284 × 10^285 |
| 121 | ov_121 | 1.4765217211742124 × 10^285 |
| 122 | ov_122 | 9.893667472410501 × 10^284 |
| 123 | ov_123 | 6.254059573189463 × 10^284 |
| 124 | ov_124 | 3.659302307543526 × 10^284 |
| 125 | ov_125 | 1.922326262349911 × 10^284 |
| 126 | ov_126 | 8.560694928675163 × 10^283 |
| 127 | aaa_77_28 | 2.7347201409423975 × 10^283 |
| 128 | aaa_77_29 | 1.0258542780980415 × 10^283 |
| 129 | ov_129 | 9.628583018132704 × 10^282 |
| 130 | ov_130 | 9.628556434328531 × 10^282 |
| 131 | ov_131 | 9.628549995122553 × 10^282 |
| 132 | ov_132 | 8.375973593272004 × 10^282 |
| 133 | ov_133 | 7.251638089702677 × 10^282 |
| 134 | ov_134 | 6.245916963293166 × 10^282 |
| 135 | ov_135 | 5.349711309978625 × 10^282 |
| 136 | ov_136 | 4.554412412130412 × 10^282 |
| 137 | ov_137 | 3.8518691783185985 × 10^282 |
| 138 | ov_138 | 3.2343600086962244 × 10^282 |
| 139 | ov_139 | 2.694568664598071 × 10^282 |
| 140 | ov_140 | 2.2255637435017766 × 10^282 |
| 141 | ov_141 | 1.8207813824107586 × 10^282 |
| 142 | ov_142 | 1.4740108341212732 × 10^282 |
| 143 | ov_143 | 1.1793825818446142 × 10^282 |
| 144 | ov_144 | 9.313586783666295 × 10^281 |
| 145 | ov_145 | 7.24725016419969 × 10^281 |
| 146 | ov_146 | 5.545852572841023 × 10^281 |
| 147 | ov_147 | 4.163561648643452 × 10^281 |
| 148 | ov_148 | 3.0576411267151246 × 10^281 |
| 149 | ov_149 | 2.188425512547939 × 10^281 |
| 150 | ov_150 | 1.5193024374898394 × 10^281 |
| 151 | ov_151 | 1.016700972930447 × 10^281 |
| 152 | ov_152 | 6.500843816543314 × 10^280 |
| 153 | ov_153 | 3.919459856560083 × 10^280 |
| 154 | ov_154 | 2.1780703052466026 × 10^280 |
| 155 | ov_155 | 1.0621565634939561 × 10^280 |
| 156 | aaa_76_25 | 3.874641741704157 × 10^279 |
| 157 | aaa_76_26 | 2.2396860228927342 × 10^279 |
| 158 | aaa_76_27 | 1.1477436180805104 × 10^279 |
| 159 | aaa_76_28 | 4.475154575121332 × 10^278 |
| 160 | aaa_76_29 | 1.3629748053704778 × 10^278 |

### Output Bits Sorted by Complexity

| Rank | Output Bit | Complexity |
|:----:|:----------:|:----------:|
| 160 | aaa_76_29 | 1.3629748053704778 × 10^278 |
| 159 | aaa_76_28 | 4.475154575121332 × 10^278 |
| 158 | aaa_76_27 | 1.1477436180805104 × 10^279 |
| 157 | aaa_76_26 | 2.2396860228927342 × 10^279 |
| 156 | aaa_76_25 | 3.874641741704157 × 10^279 |
| 155 | ov_155 | 1.0621565634939561 × 10^280 |
| 154 | ov_154 | 2.1780703052466026 × 10^280 |
| 153 | ov_153 | 3.919459856560083 × 10^280 |
| 152 | ov_152 | 6.500843816543314 × 10^280 |
| 151 | ov_151 | 1.016700972930447 × 10^281 |
| 150 | ov_150 | 1.5193024374898394 × 10^281 |
| 149 | ov_149 | 2.188425512547939 × 10^281 |
| 148 | ov_148 | 3.0576411267151246 × 10^281 |
| 147 | ov_147 | 4.163561648643452 × 10^281 |
| 146 | ov_146 | 5.545852572841023 × 10^281 |
| 145 | ov_145 | 7.24725016419969 × 10^281 |
| 144 | ov_144 | 9.313586783666295 × 10^281 |
| 143 | ov_143 | 1.1793825818446142 × 10^282 |
| 142 | ov_142 | 1.4740108341212732 × 10^282 |
| 141 | ov_141 | 1.8207813824107586 × 10^282 |
| 140 | ov_140 | 2.2255637435017766 × 10^282 |
| 139 | ov_139 | 2.694568664598071 × 10^282 |
| 138 | ov_138 | 3.2343600086962244 × 10^282 |
| 137 | ov_137 | 3.8518691783185985 × 10^282 |
| 136 | ov_136 | 4.554412412130412 × 10^282 |
| 135 | ov_135 | 5.349711309978625 × 10^282 |
| 134 | ov_134 | 6.245916963293166 × 10^282 |
| 133 | ov_133 | 7.251638089702677 × 10^282 |
| 132 | ov_132 | 8.375973593272004 × 10^282 |
| 131 | ov_131 | 9.628549995122553 × 10^282 |
| 130 | ov_130 | 9.628556434328531 × 10^282 |
| 129 | ov_129 | 9.628583018132704 × 10^282 |
| 128 | aaa_77_29 | 1.0258542780980415 × 10^283 |
| 127 | aaa_77_28 | 2.7347201409423975 × 10^283 |
| 126 | ov_126 | 8.560694928675163 × 10^283 |
| 125 | ov_125 | 1.922326262349911 × 10^284 |
| 124 | ov_124 | 3.659302307543526 × 10^284 |
| 123 | ov_123 | 6.254059573189463 × 10^284 |
| 122 | ov_122 | 9.893667472410501 × 10^284 |
| 121 | ov_121 | 1.4765217211742124 × 10^285 |
| 120 | ov_120 | 2.105584982916284 × 10^285 |
| 119 | ov_119 | 2.8952801387354903 × 10^285 |
| 118 | ov_118 | 3.864347531845237 × 10^285 |
| 117 | ov_117 | 5.0315560345672814 × 10^285 |
| 116 | ov_116 | 6.415721000329189 × 10^285 |
| 115 | ov_115 | 8.035729585980207 × 10^285 |
| 114 | ov_114 | 9.910574655020788 × 10^285 |
| 113 | ov_113 | 1.2059398472567886 × 10^286 |
| 112 | ov_112 | 1.450154740334656 × 10^286 |
| 111 | ov_111 | 1.7256638824941471 × 10^286 |
| 110 | ov_110 | 2.0344641470306725 × 10^286 |
| 109 | ov_109 | 2.3785970416564227 × 10^286 |
| 108 | ov_108 | 2.760159794194737 × 10^286 |
| 107 | ov_107 | 3.1813181479977116 × 10^286 |
| 106 | ov_106 | 3.644320991028045 × 10^286 |
| 105 | ov_105 | 4.151516943964608 × 10^286 |
| 104 | ov_104 | 4.70537303458089 × 10^286 |
| 103 | ov_103 | 5.308495588099377 × 10^286 |
| 102 | ov_102 | 5.963653466344102 × 10^286 |
| 101 | ov_101 | 6.673803792407397 × 10^286 |
| 100 | ov_100 | 7.442120302328813 × 10^286 |
| 99 | ov_099 | 8.272024471083464 × 10^286 |
| 98 | ov_098 | 8.272104000973243 × 10^286 |
| 97 | ov_097 | 8.272352681318148 × 10^286 |
| 96 | aaa_78_29 | 1.2533726135476542 × 10^287 |
| 95 | aaa_78_28 | 4.0815115089816584 × 10^287 |
| 94 | ov_094 | 1.3218286734090686 × 10^288 |
| 93 | ov_093 | 3.086050417759125 × 10^288 |
| 92 | ov_092 | 6.176442730904042 × 10^288 |
| 91 | ov_091 | 1.1674882847669258 × 10^289 |
| 90 | ov_090 | 2.0924547464326767 × 10^289 |
| 89 | ov_089 | 3.5530086377386903 × 10^289 |
| 88 | ov_088 | 5.735799630694751 × 10^289 |
| 87 | ov_087 | 8.853731677528092 × 10^289 |
| 86 | ov_086 | 1.3146078906725664 × 10^290 |
| 85 | ov_085 | 1.8878662669029767 × 10^290 |
| 84 | ov_084 | 2.6344104701161476 × 10^290 |
| 83 | ov_083 | 3.586217137668474 × 10^290 |
| 82 | ov_082 | 4.778022401684082 × 10^290 |
| 81 | ov_081 | 6.24737902406638 × 10^290 |
| 64 | lv_79_m31 | 7.0025404635014736 × 10^290 |
| 80 | ov_080 | 8.03472713451564 × 10^290 |
| 79 | ov_079 | 1.018348007257297 × 10^291 |
| 78 | ov_078 | 1.2740126837871772 × 10^291 |
| 77 | ov_077 | 1.575435265769381 × 10^291 |
| 76 | ov_076 | 1.9279179188237004 × 10^291 |
| 75 | ov_075 | 2.33711258764404 × 10^291 |
| 74 | ov_074 | 2.80903940236111 × 10^291 |
| 73 | ov_073 | 3.35010751113867 × 10^291 |
| 63 | ov_063 | 3.5922211544927963 × 10^291 |
| 72 | ov_072 | 3.967138497577099 × 10^291 |
| 71 | ov_071 | 4.667392544722419 × 10^291 |
| 70 | ov_070 | 5.45859751152919 × 10^291 |
| 69 | ov_069 | 6.348981092633919 × 10^291 |
| 68 | ov_068 | 7.347306238403503 × 10^291 |
| 67 | ov_067 | 8.462910019582529 × 10^291 |
| 66 | ov_066 | 8.462916050808056 × 10^291 |
| 65 | ov_065 | 8.462940696063449 × 10^291 |
| 62 | ov_062 | 1.8424088082506016 × 10^292 |
| 61 | ov_061 | 6.714309805899521 × 10^292 |
| 60 | ov_060 | 1.921687399115932 × 10^293 |
| 59 | ov_059 | 4.63624924848347 × 10^293 |
| 58 | ov_058 | 9.408897204369168 × 10^293 |
| 57 | ov_057 | 1.6999239972388022 × 10^294 |
| 56 | ov_056 | 2.9092329838984544 × 10^294 |
| 55 | ov_055 | 4.770490740894965 × 10^294 |
| 54 | ov_054 | 7.518546019029232 × 10^294 |
| 53 | ov_053 | 1.1421433796167876 × 10^295 |
| 52 | ov_052 | 1.6780396258916008 × 10^295 |
| 51 | ov_051 | 2.392991959007405 × 10^295 |
| 50 | ov_050 | 3.323779591746658 × 10^295 |
| 49 | ov_049 | 4.510522221614718 × 10^295 |
| 48 | ov_048 | 5.996695004978571 × 10^295 |
| 47 | ov_047 | 7.829150213538977 × 10^295 |
| 32 | lv_80_m31 | 8.65441428562601 × 10^295 |
| 46 | ov_046 | 1.0058147382156538 × 10^296 |
| 45 | ov_045 | 1.2737393968859234 × 10^296 |
| 44 | ov_044 | 1.5924098761416834 × 10^296 |
| 43 | ov_043 | 1.967904048084493 × 10^296 |
| 42 | ov_042 | 2.406665425138741 × 10^296 |
| 41 | ov_041 | 2.9155138829828173 × 10^296 |
| 40 | ov_040 | 3.5016587715430952 × 10^296 |
| 39 | ov_039 | 4.172714749654633 × 10^296 |
| 31 | ov_031 | 4.4376009976685965 × 10^296 |
| 38 | ov_038 | 4.936720703222833 × 10^296 |
| 37 | ov_037 | 5.802162131845656 × 10^296 |
| 36 | ov_036 | 6.777997415027529 × 10^296 |
| 35 | ov_035 | 7.873688396496936 × 10^296 |
| 34 | ov_034 | 9.099235753905346 × 10^296 |
| 33 | ov_033 | 1.0465219651523561 × 10^297 |
| 30 | ov_030 | 2.274943610670804 × 10^297 |
| 29 | ov_029 | 7.44085888874969 × 10^297 |
| 28 | ov_028 | 1.9308231538364984 × 10^298 |
| 27 | ov_027 | 4.6512226379134795 × 10^298 |
| 26 | ov_026 | 1.0162803814210993 × 10^299 |
| 25 | ov_025 | 2.013075154890613 × 10^299 |
| 24 | ov_024 | 3.662792636400296 × 10^299 |
| 23 | ov_023 | 6.2134896300550986 × 10^299 |
| 22 | ov_022 | 9.954001768073559 × 10^299 |
| 21 | ov_021 | 1.521396066657803 × 10^300 |
| 20 | ov_020 | 2.236382522998885 × 10^300 |
| 19 | ov_019 | 3.181493355066298 × 10^300 |
| 18 | ov_018 | 4.401958534848332 × 10^300 |
| 17 | ov_017 | 5.947116916409719 × 10^300 |
| 16 | ov_016 | 7.870435176713526 × 10^300 |
| 15 | ov_015 | 1.0229534989535232 × 10^301 |
| 14 | ov_014 | 1.308623070966434 × 10^301 |
| 13 | ov_013 | 1.650658011043696 × 10^301 |
| 12 | ov_012 | 2.0560950983906977 × 10^301 |
| 11 | ov_011 | 2.5324106679896936 × 10^301 |
| 10 | ov_010 | 3.0875313928127465 × 10^301 |
| 9 | ov_009 | 3.729847655708165 × 10^301 |
| 8 | ov_008 | 4.4682298994828466 × 10^301 |
| 7 | ov_007 | 5.312048371147239 × 10^301 |
| 6 | ov_006 | 6.271196704114892 × 10^301 |
| 5 | ov_005 | 7.356119810467005 × 10^301 |
| 4 | ov_004 | 8.577846584336679 × 10^301 |
| 3 | ov_003 | 9.94802794719277 × 10^301 |
| 2 | ov_002 | 1.1478980796488147 × 10^302 |
| 1 | ov_001 | 1.318373845098713 × 10^302 |

