# Results for O004005-F017-F018-F019-F020-F021-F022-F023-F024-F025-F026-F027-F028-F029-F030-F031-F032-F033-F034-F035-F036-F037-F038-F039-F040-F041-F042-F043-F044-F045-F046-F047-F048-F049-F050-F051-F052-F053-F054-F055-F056-F057-F058-F059-F060-F061-F062-F063-F064-F065-F066-F067-F068-F069-F070-F071-F072-F073-F074-F075-F076-F077-F078-F079-F080-F081-F082-F083-F084-F085-F086-F087-F088-F089-F090-F091-F092-F093-F094-F095-F096-F097-F098-F099-F100-F101-F102-F103-F104-F105-F106-F107-F108-F109-F110-F111-F112-F113-F114-F115-F116-F117-F118-F119-F120-F121-F122-F123-F124-F125-F126-F127-F128-F129-F130-F131-F132-F133-F134-F135-F136-F137-F138-F139-F140-F141-F142-F143-F144-F145-F146-F147-F148-F149-F150-F151-F152-F153-F154-F155-F156-F157-F158-F159-F160-F161-F162-F163-F164-F165-F166-F167-F168-F169-F170-F171-F172-F173-F174-F175-F176-F177-F178-F179-F180-F181-F182-F183-F184-F185-F186-F187-F188-F189-F190-F191-F192-F193-F194-F195-F196-F197-F198-F199-F200-F201-F202-F203-F204-F205-F206-F207-F208-F209-F210-F211-F212-F213-F214-F215-F216-F217-F218-F219-F220-F221-F222-F223-F224-F225-F226-F227-F228-F229-F230-F231-F232-F233-F234-F235-F236-F237-F238-F239-F240-F241-F242-F243-F244-F245-F246-F247-F248-F249-F250-F251-F252-F253-F254-F255-F256-F257-F258-F259-F260-F261-F262-F263-F264-F265-F266-F267-F268-F269-F270-F271-F272-F273-F274-F275-F276-F277-F278-F279-F280-F281-F282-F283-F284-F285-F286-F287-F288-F289-F290-F291-F292-F293-F294-F295-F296-F297-F298-F299-F300-F301-F302-F303-F304-F305-F306-F307-F308-F309-F310-F311-F312-F313-F314-F315-F316-F317-F318-F319-F320-F321-F322-F323-F324-F325-F326-F327-F328-F329-F330-F331-F332-F333-F334-F335-F336-F337-F338-F339-F340-F341-F342-F343-F344-F345-F346-F347-F348-F349-F350-F351-F352-F353-F354-F355-F356-F357-F358-F359-F360-F361-F362-F363-F364-F365-F366-F367-F368-F369-F370-F371-F372-F373-F374-F375-F376-F377-F378-F379-F380-F381-F382-F383-F384-F385-F386-F387-F388-F389-F390-F391-F392-F393-F394-F395-F396-F397-F398-F399-F400-F401-F402-F403-F404-F405-F406-F407-F408-F409-F410-F411-F412-F413-F414-F415-F416-F417-F418-F419-F420-F421-F422-F423-F424-F425-F426-F427-F428-F429-F430-F431-F432-F433-F434-F435-F436-F437-F438-F439-F440-F441-F442-F443-F444-F445-F446-F447-F448-F449-F450-F451-F452-F453-F454-F455-F456-F457-F458-F459-F460-F461-F462-F463-F464-F465-F466-F467-F468-F469-F470-F471-F472-F473-F474-F475-F476-F477-F478-F479-F480-F481-F482-F483-F484-F485-F486-F487-F488-F489-F490-F491-F492-F493-F494-F495-F496-F497-F498-F499-F500-F501-F502-F503-F504-F505-F506-F507-F508-F509-F510-F511-F512

## Summary

Number of input bits: 512  
Number of free input bits: 15  
Number of output bits: 160

Number of direct occurrences: 69438  
Number of assignments: 39467  
Number of operations: 19690240
(xor: 19651251,
and: 22319,
or: 16670)

Total complexity: 5.553571555572394 × 10^360

Least occurring input variable: iv_012 (4250)  
Most occurring input variable: iv_015 (4834)

Most co-occurring input variables: iv_008-iv_009 (2465)  
Least co-occurring input variables: iv_006-iv_012 (1944)

Potentially most occurring input variable: iv_006/iv_015 (5276)  
Potentially least occurring input variable: iv_008/iv_009 (4391)

Least output occurring input variable: iv_012 (69)  
Most output occurring input variable: iv_009 (93)

Most output co-occurring input variables: iv_004-iv_009 (54)  
Least output co-occurring input variables: iv_013-iv_015 (27)

Potentially most output occurring input variable: iv_013/iv_015 (92)  
Potentially least output occurring input variable: iv_006/iv_008 (67)

Least complex input bit: iv_016 (8.72272585910984 × 10^356)  
Most complex input bit: iv_015 (1.1802225421175569 × 10^360)

Least complex output bit: aaa_76_29 (1.2914093449295835 × 10^335)  
Most complex output bit: ov_001 (8.501088517634477 × 10^359)

Least complex input/output complexity: iv_016/aaa_76_29 (2.0283541096018765 × 10^331)  
Most complex input/output complexity: iv_015/ov_001 (1.8066169132153777 × 10^359)

## Input Bits

### Input Bits in Regular Order

| Input Bit | Complexity | Occurrences | Output Occurrences |
|:---------:|:----------:|:-----------:|:------------------:|
| iv_001 | 2.663473563622713 × 10^357 | 4724 | 80 |
| iv_002 | 1.152883372486325 × 10^358 | 4685 | 79 |
| iv_003 | 2.163741537023665 × 10^358 | 4564 | 86 |
| iv_004 | 1.187474803034974 × 10^359 | 4593 | 92 |
| iv_006 | 1.2656944098567552 × 10^359 | 4512 | 81 |
| iv_007 | 1.7399598989494703 × 10^359 | 4505 | 86 |
| iv_008 | 2.277491740656495 × 10^359 | 4588 | 82 |
| iv_009 | 2.9482673548157817 × 10^359 | 4733 | 93 |
| iv_010 | 3.855010905479208 × 10^359 | 4578 | 80 |
| iv_011 | 5.1334781055146364 × 10^359 | 4812 | 78 |
| iv_012 | 6.581596024792933 × 10^359 | 4250 | 69 |
| iv_013 | 8.23669850483202 × 10^359 | 4668 | 73 |
| iv_014 | 1.0140798434169845 × 10^360 | 4782 | 89 |
| iv_015 | 1.1802225421175569 × 10^360 | 4834 | 73 |
| iv_016 | 8.72272585910984 × 10^356 | 4610 | 83 |

### Input Bits Sorted by Complexity

| Input Bit | Complexity | Occurrences | Output Occurrences |
|:---------:|:----------:|:-----------:|:------------------:|
| iv_016 | 8.72272585910984 × 10^356 | 4610 | 83 |
| iv_001 | 2.663473563622713 × 10^357 | 4724 | 80 |
| iv_002 | 1.152883372486325 × 10^358 | 4685 | 79 |
| iv_003 | 2.163741537023665 × 10^358 | 4564 | 86 |
| iv_004 | 1.187474803034974 × 10^359 | 4593 | 92 |
| iv_006 | 1.2656944098567552 × 10^359 | 4512 | 81 |
| iv_007 | 1.7399598989494703 × 10^359 | 4505 | 86 |
| iv_008 | 2.277491740656495 × 10^359 | 4588 | 82 |
| iv_009 | 2.9482673548157817 × 10^359 | 4733 | 93 |
| iv_010 | 3.855010905479208 × 10^359 | 4578 | 80 |
| iv_011 | 5.1334781055146364 × 10^359 | 4812 | 78 |
| iv_012 | 6.581596024792933 × 10^359 | 4250 | 69 |
| iv_013 | 8.23669850483202 × 10^359 | 4668 | 73 |
| iv_014 | 1.0140798434169845 × 10^360 | 4782 | 89 |
| iv_015 | 1.1802225421175569 × 10^360 | 4834 | 73 |

### Input Bits Sorted by Occurrences

| Input Bit | Complexity | Occurrences | Output Occurrences |
|:---------:|:----------:|:-----------:|:------------------:|
| iv_012 | 6.581596024792933 × 10^359 | 4250 | 69 |
| iv_007 | 1.7399598989494703 × 10^359 | 4505 | 86 |
| iv_006 | 1.2656944098567552 × 10^359 | 4512 | 81 |
| iv_003 | 2.163741537023665 × 10^358 | 4564 | 86 |
| iv_010 | 3.855010905479208 × 10^359 | 4578 | 80 |
| iv_008 | 2.277491740656495 × 10^359 | 4588 | 82 |
| iv_004 | 1.187474803034974 × 10^359 | 4593 | 92 |
| iv_016 | 8.72272585910984 × 10^356 | 4610 | 83 |
| iv_013 | 8.23669850483202 × 10^359 | 4668 | 73 |
| iv_002 | 1.152883372486325 × 10^358 | 4685 | 79 |
| iv_001 | 2.663473563622713 × 10^357 | 4724 | 80 |
| iv_009 | 2.9482673548157817 × 10^359 | 4733 | 93 |
| iv_014 | 1.0140798434169845 × 10^360 | 4782 | 89 |
| iv_011 | 5.1334781055146364 × 10^359 | 4812 | 78 |
| iv_015 | 1.1802225421175569 × 10^360 | 4834 | 73 |

### Input Bits Sorted by Output Occurrences

| Input Bit | Complexity | Occurrences | Output Occurrences |
|:---------:|:----------:|:-----------:|:------------------:|
| iv_012 | 6.581596024792933 × 10^359 | 4250 | 69 |
| iv_015 | 1.1802225421175569 × 10^360 | 4834 | 73 |
| iv_013 | 8.23669850483202 × 10^359 | 4668 | 73 |
| iv_011 | 5.1334781055146364 × 10^359 | 4812 | 78 |
| iv_002 | 1.152883372486325 × 10^358 | 4685 | 79 |
| iv_010 | 3.855010905479208 × 10^359 | 4578 | 80 |
| iv_001 | 2.663473563622713 × 10^357 | 4724 | 80 |
| iv_006 | 1.2656944098567552 × 10^359 | 4512 | 81 |
| iv_008 | 2.277491740656495 × 10^359 | 4588 | 82 |
| iv_016 | 8.72272585910984 × 10^356 | 4610 | 83 |
| iv_003 | 2.163741537023665 × 10^358 | 4564 | 86 |
| iv_007 | 1.7399598989494703 × 10^359 | 4505 | 86 |
| iv_014 | 1.0140798434169845 × 10^360 | 4782 | 89 |
| iv_004 | 1.187474803034974 × 10^359 | 4593 | 92 |
| iv_009 | 2.9482673548157817 × 10^359 | 4733 | 93 |

## Input Bit Co-occurrences

### Input Bit Co-occurrences Sorted by Co-occurrences

| Input Bits | Co-occurrences | Potential Occurrences | Output Co-occurrences | Potential Output Occurrences |
|:----------:|:--------------:|:---------------------:|:---------------------:|:----------------------------:|
| iv_008-iv_009 | 2465 | 4391 | 47 | 81 |
| iv_014-iv_015 | 2349 | 4918 | 47 | 68 |
| iv_001-iv_006 | 2345 | 4546 | 46 | 69 |
| iv_001-iv_002 | 2329 | 4751 | 37 | 85 |
| iv_009-iv_015 | 2319 | 4929 | 44 | 78 |
| iv_003-iv_013 | 2315 | 4602 | 38 | 83 |
| iv_009-iv_011 | 2303 | 4939 | 45 | 81 |
| iv_001-iv_011 | 2295 | 4946 | 37 | 84 |
| iv_009-iv_014 | 2294 | 4927 | 53 | 76 |
| iv_008-iv_013 | 2288 | 4680 | 38 | 79 |
| iv_013-iv_014 | 2286 | 4878 | 37 | 88 |
| iv_009-iv_013 | 2280 | 4841 | 42 | 82 |
| iv_009-iv_010 | 2279 | 4753 | 50 | 73 |
| iv_001-iv_016 | 2275 | 4784 | 37 | 89 |
| iv_006-iv_011 | 2268 | 4788 | 39 | 81 |

### Input Bit Co-occurrences Sorted by Potential Occurrences

| Input Bits | Co-occurrences | Potential Occurrences | Output Co-occurrences | Potential Output Occurrences |
|:----------:|:--------------:|:---------------------:|:---------------------:|:----------------------------:|
| iv_008-iv_009 | 2465 | 4391 | 47 | 81 |
| iv_001-iv_006 | 2345 | 4546 | 46 | 69 |
| iv_003-iv_012 | 2130 | 4554 | 32 | 91 |
| iv_007-iv_012 | 2080 | 4595 | 35 | 85 |
| iv_003-iv_013 | 2315 | 4602 | 38 | 83 |
| iv_012-iv_013 | 2148 | 4622 | 31 | 80 |
| iv_007-iv_010 | 2215 | 4653 | 43 | 80 |
| iv_003-iv_008 | 2247 | 4658 | 47 | 74 |
| iv_008-iv_013 | 2288 | 4680 | 38 | 79 |
| iv_006-iv_016 | 2216 | 4690 | 42 | 80 |
| iv_001-iv_007 | 2261 | 4707 | 45 | 76 |
| iv_003-iv_007 | 2180 | 4709 | 45 | 82 |
| iv_008-iv_012 | 2061 | 4716 | 38 | 75 |
| iv_001-iv_002 | 2329 | 4751 | 37 | 85 |
| iv_009-iv_010 | 2279 | 4753 | 50 | 73 |

### Input Bit Output Co-occurrences Sorted by Output Co-occurrences

| Input Bits | Co-occurrences | Potential Occurrences | Output Co-occurrences | Potential Output Occurrences |
|:----------:|:--------------:|:---------------------:|:---------------------:|:----------------------------:|
| iv_004-iv_009 | 2247 | 4832 | 54 | 77 |
| iv_009-iv_014 | 2294 | 4927 | 53 | 76 |
| iv_007-iv_009 | 2207 | 4824 | 50 | 79 |
| iv_009-iv_010 | 2279 | 4753 | 50 | 73 |
| iv_003-iv_009 | 2229 | 4839 | 49 | 81 |
| iv_003-iv_014 | 2154 | 5038 | 49 | 77 |
| iv_004-iv_007 | 2079 | 4940 | 49 | 80 |
| iv_004-iv_014 | 2204 | 4967 | 48 | 85 |
| iv_004-iv_016 | 2116 | 4971 | 48 | 79 |
| iv_007-iv_014 | 2193 | 4901 | 48 | 79 |
| iv_009-iv_016 | 2172 | 4999 | 48 | 80 |
| iv_001-iv_009 | 2216 | 5025 | 48 | 77 |
| iv_008-iv_014 | 2251 | 4868 | 48 | 75 |
| iv_006-iv_008 | 2124 | 4852 | 48 | 67 |
| iv_003-iv_004 | 2086 | 4985 | 47 | 84 |

### Input Bit Output Co-occurrences Sorted by Potential Output Occurrences

| Input Bits | Co-occurrences | Potential Occurrences | Output Co-occurrences | Potential Output Occurrences |
|:----------:|:--------------:|:---------------------:|:---------------------:|:----------------------------:|
| iv_006-iv_008 | 2124 | 4852 | 48 | 67 |
| iv_014-iv_015 | 2349 | 4918 | 47 | 68 |
| iv_001-iv_006 | 2345 | 4546 | 46 | 69 |
| iv_002-iv_012 | 2071 | 4793 | 39 | 70 |
| iv_002-iv_010 | 2131 | 5001 | 44 | 71 |
| iv_001-iv_015 | 2253 | 5052 | 41 | 71 |
| iv_001-iv_010 | 2201 | 4900 | 44 | 72 |
| iv_002-iv_006 | 2124 | 4949 | 44 | 72 |
| iv_002-iv_007 | 2160 | 4870 | 46 | 73 |
| iv_009-iv_010 | 2279 | 4753 | 50 | 73 |
| iv_001-iv_012 | 2071 | 4832 | 38 | 73 |
| iv_003-iv_011 | 2120 | 5136 | 45 | 74 |
| iv_003-iv_008 | 2247 | 4658 | 47 | 74 |
| iv_003-iv_015 | 2120 | 5158 | 42 | 75 |
| iv_010-iv_016 | 2161 | 4866 | 44 | 75 |

## Output Bits

### Output Bits in Regular Order

| Rank | Output Bit | Complexity |
|:----:|:----------:|:----------:|
| 1 | ov_001 | 8.501088517634477 × 10^359 |
| 2 | ov_002 | 7.423131630995769 × 10^359 |
| 3 | ov_003 | 6.454318827158821 × 10^359 |
| 4 | ov_004 | 5.5859967017466594 × 10^359 |
| 5 | ov_005 | 4.80999716791172 × 10^359 |
| 6 | ov_006 | 4.118603538168835 × 10^359 |
| 7 | ov_007 | 3.504520608292128 × 10^359 |
| 8 | ov_008 | 2.9608483580960666 × 10^359 |
| 9 | ov_009 | 2.4810589730014698 × 10^359 |
| 10 | ov_010 | 2.058976974733823 × 10^359 |
| 11 | ov_011 | 1.6916004131942934 × 10^359 |
| 12 | ov_012 | 1.3760911401658685 × 10^359 |
| 13 | ov_013 | 1.1072393476614927 × 10^359 |
| 14 | ov_014 | 8.801346255257752 × 10^358 |
| 15 | ov_015 | 6.901579977782994 × 10^358 |
| 16 | ov_016 | 5.329755451660243 × 10^358 |
| 17 | ov_017 | 4.04533384386854 × 10^358 |
| 18 | ov_018 | 3.0105379283791594 × 10^358 |
| 19 | ov_019 | 2.1903228605776642 × 10^358 |
| 20 | ov_020 | 1.5523547329819933 × 10^358 |
| 21 | ov_021 | 1.0669953489769112 × 10^358 |
| 22 | ov_022 | 7.072918334774963 × 10^357 |
| 23 | ov_023 | 4.489698815348564 × 10^357 |
| 24 | ov_024 | 2.704296279510444 × 10^357 |
| 25 | ov_025 | 1.5274330300088204 × 10^357 |
| 26 | ov_026 | 7.965402061785613 × 10^356 |
| 27 | ov_027 | 3.757522140817021 × 10^356 |
| 28 | ov_028 | 1.5590452737936043 × 10^356 |
| 29 | ov_029 | 5.453297850545532 × 10^355 |
| 30 | ov_030 | 1.4981533786425278 × 10^355 |
| 31 | ov_031 | 2.9248907043766185 × 10^354 |
| 32 | lv_80_m31 | 5.709557008286127 × 10^353 |
| 33 | ov_033 | 7.069532666105861 × 10^354 |
| 34 | ov_034 | 6.177484925869061 × 10^354 |
| 35 | ov_035 | 5.376260016409379 × 10^354 |
| 36 | ov_036 | 4.658560652401376 × 10^354 |
| 37 | ov_037 | 4.017492751554271 × 10^354 |
| 38 | ov_038 | 3.446537050650912 × 10^354 |
| 39 | ov_039 | 2.9395243210834096 × 10^354 |
| 40 | ov_040 | 2.490613860153519 × 10^354 |
| 41 | ov_041 | 2.094274951929927 × 10^354 |
| 42 | ov_042 | 1.7452710082466437 × 10^354 |
| 43 | ov_043 | 1.438646116608524 × 10^354 |
| 44 | ov_044 | 1.1719909503155549 × 10^354 |
| 45 | ov_045 | 9.4302829650137 × 10^353 |
| 46 | ov_046 | 7.496088057209093 × 10^353 |
| 47 | ov_047 | 5.878041894054511 × 10^353 |
| 48 | ov_048 | 4.5392719144506166 × 10^353 |
| 49 | ov_049 | 3.445276932733165 × 10^353 |
| 50 | ov_050 | 2.563897343945407 × 10^353 |
| 51 | ov_051 | 1.8652929287929645 × 10^353 |
| 52 | ov_052 | 1.3219268444265694 × 10^353 |
| 53 | ov_053 | 9.085545277302028 × 10^352 |
| 54 | ov_054 | 6.02216378103944 × 10^352 |
| 55 | ov_055 | 3.822332269154011 × 10^352 |
| 56 | ov_056 | 2.302037409106368 × 10^352 |
| 57 | ov_057 | 1.3000304696032782 × 10^352 |
| 58 | ov_058 | 6.778203455567962 × 10^351 |
| 59 | ov_059 | 3.1967005322221044 × 10^351 |
| 60 | ov_060 | 1.3259510147442218 × 10^351 |
| 61 | ov_061 | 4.6362868418485086 × 10^350 |
| 62 | ov_062 | 1.2731573956968839 × 10^350 |
| 63 | ov_063 | 2.4843282524167564 × 10^349 |
| 64 | lv_79_m31 | 4.846758626369611 × 10^348 |
| 65 | ov_065 | 5.88714781352428 × 10^349 |
| 66 | ov_066 | 5.887124460099019 × 10^349 |
| 67 | ov_067 | 5.887116984191166 × 10^349 |
| 68 | ov_068 | 5.12627861238383 × 10^349 |
| 69 | ov_069 | 4.442888124914973 × 10^349 |
| 70 | ov_070 | 3.831126386014326 × 10^349 |
| 71 | ov_071 | 3.28550158438164 × 10^349 |
| 72 | ov_072 | 2.8008257216836533 × 10^349 |
| 73 | ov_073 | 2.3721939000789826 × 10^349 |
| 74 | ov_074 | 1.994966138468427 × 10^349 |
| 75 | ov_075 | 1.664751491338545 × 10^349 |
| 76 | ov_076 | 1.3773943151575672 × 10^349 |
| 77 | ov_077 | 1.1289625393225985 × 10^349 |
| 78 | ov_078 | 9.157377550921344 × 10^348 |
| 79 | ov_079 | 7.342069212306995 × 10^348 |
| 80 | ov_080 | 5.810554976339375 × 10^348 |
| 81 | ov_081 | 4.5316183048980875 × 10^348 |
| 82 | ov_082 | 3.4759262462150957 × 10^348 |
| 83 | ov_083 | 2.6159935059785617 × 10^348 |
| 84 | ov_084 | 1.926154460266418 × 10^348 |
| 85 | ov_085 | 1.3825418219775314 × 10^348 |
| 86 | ov_086 | 9.630707894023462 × 10^347 |
| 87 | ov_087 | 6.474276221958112 × 10^347 |
| 88 | ov_088 | 4.170617064176452 × 10^347 |
| 89 | ov_089 | 2.5518028657934234 × 10^347 |
| 90 | ov_090 | 1.4674515884320323 × 10^347 |
| 91 | ov_091 | 7.847073569430382 × 10^346 |
| 92 | ov_092 | 3.8823008570135975 × 10^346 |
| 93 | ov_093 | 1.8019050110268836 × 10^346 |
| 94 | ov_094 | 8.026807082358953 × 10^345 |
| 95 | aaa_78_28 | 2.565029466677174 × 10^345 |
| 96 | aaa_78_29 | 9.627538112167093 × 10^344 |
| 97 | ov_097 | 9.200468696259942 × 10^344 |
| 98 | ov_098 | 9.200443484246237 × 10^344 |
| 99 | ov_099 | 9.200437380442916 × 10^344 |
| 100 | ov_100 | 8.029801460596281 × 10^344 |
| 101 | ov_101 | 6.97863175736863 × 10^344 |
| 102 | ov_102 | 6.037443136373179 × 10^344 |
| 103 | ov_103 | 5.197282180810532 × 10^344 |
| 104 | ov_104 | 4.449691395541113 × 10^344 |
| 105 | ov_105 | 3.7866777291947394 × 10^344 |
| 106 | ov_106 | 3.2006848945862756 × 10^344 |
| 107 | ov_107 | 2.684569023932252 × 10^344 |
| 108 | ov_108 | 2.2315773032188475 × 10^344 |
| 109 | ov_109 | 1.8353293320936104 × 10^344 |
| 110 | ov_110 | 1.4927258473128448 × 10^344 |
| 111 | ov_111 | 1.200841999220614 × 10^344 |
| 112 | ov_112 | 9.543269445833929 × 10^343 |
| 113 | ov_113 | 7.481509048757251 × 10^343 |
| 114 | ov_114 | 5.775972291371817 × 10^343 |
| 115 | ov_115 | 4.3825608256071304 × 10^343 |
| 116 | ov_116 | 3.26019562491915 × 10^343 |
| 117 | ov_117 | 2.370780153011083 × 10^343 |
| 118 | ov_118 | 1.6791733402358358 × 10^343 |
| 119 | ov_119 | 1.15317039682505 × 10^343 |
| 120 | ov_120 | 7.634897219398297 × 10^342 |
| 121 | ov_121 | 4.837643972003714 × 10^342 |
| 122 | ov_122 | 2.9053698291703167 × 10^342 |
| 123 | ov_123 | 1.6325656476517962 × 10^342 |
| 124 | ov_124 | 8.427722718544582 × 10^341 |
| 125 | ov_125 | 3.8857351688727 × 10^341 |
| 126 | ov_126 | 1.5159339768318603 × 10^341 |
| 127 | aaa_77_28 | 4.249523559950111 × 10^340 |
| 128 | aaa_77_29 | 1.2933110329047042 × 10^340 |
| 129 | ov_129 | 7.708195155312139 × 10^339 |
| 130 | ov_130 | 7.7081699435854365 × 10^339 |
| 131 | ov_131 | 7.70816382822728 × 10^339 |
| 132 | ov_132 | 6.726728825790141 × 10^339 |
| 133 | ov_133 | 5.851658958834159 × 10^339 |
| 134 | ov_134 | 5.073535233498658 × 10^339 |
| 135 | ov_135 | 4.383474860054668 × 10^339 |
| 136 | ov_136 | 3.7730945277440826 × 10^339 |
| 137 | ov_137 | 3.2344777209456616 × 10^339 |
| 138 | ov_138 | 2.760145690160947 × 10^339 |
| 139 | ov_139 | 2.3430318016468745 × 10^339 |
| 140 | ov_140 | 1.9764590345208043 × 10^339 |
| 141 | ov_141 | 1.6541204071892574 × 10^339 |
| 142 | ov_142 | 1.3700621275355778 × 10^339 |
| 143 | ov_143 | 1.1213936546486591 × 10^339 |
| 144 | ov_144 | 9.053906074077769 × 10^338 |
| 145 | ov_145 | 7.194893446171586 × 10^338 |
| 146 | ov_146 | 5.612825762166115 × 10^338 |
| 147 | ov_147 | 4.285158778968781 × 10^338 |
| 148 | ov_148 | 3.1908497372519415 × 10^338 |
| 149 | ov_149 | 2.310336626445225 × 10^338 |
| 150 | ov_150 | 1.625522759244012 × 10^338 |
| 151 | ov_151 | 1.1045695840363171 × 10^338 |
| 152 | ov_152 | 7.185262811235416 × 10^337 |
| 153 | ov_153 | 4.4132136408102726 × 10^337 |
| 154 | ov_154 | 2.4975753026876295 × 10^337 |
| 155 | ov_155 | 1.2350872514272208 × 10^337 |
| 156 | aaa_76_25 | 4.511864801017998 × 10^336 |
| 157 | aaa_76_26 | 2.3565742761102587 × 10^336 |
| 158 | aaa_76_27 | 1.0862701768789194 × 10^336 |
| 159 | aaa_76_28 | 4.237113768749501 × 10^335 |
| 160 | aaa_76_29 | 1.2914093449295835 × 10^335 |

### Output Bits Sorted by Complexity

| Rank | Output Bit | Complexity |
|:----:|:----------:|:----------:|
| 160 | aaa_76_29 | 1.2914093449295835 × 10^335 |
| 159 | aaa_76_28 | 4.237113768749501 × 10^335 |
| 158 | aaa_76_27 | 1.0862701768789194 × 10^336 |
| 157 | aaa_76_26 | 2.3565742761102587 × 10^336 |
| 156 | aaa_76_25 | 4.511864801017998 × 10^336 |
| 155 | ov_155 | 1.2350872514272208 × 10^337 |
| 154 | ov_154 | 2.4975753026876295 × 10^337 |
| 153 | ov_153 | 4.4132136408102726 × 10^337 |
| 152 | ov_152 | 7.185262811235416 × 10^337 |
| 151 | ov_151 | 1.1045695840363171 × 10^338 |
| 150 | ov_150 | 1.625522759244012 × 10^338 |
| 149 | ov_149 | 2.310336626445225 × 10^338 |
| 148 | ov_148 | 3.1908497372519415 × 10^338 |
| 147 | ov_147 | 4.285158778968781 × 10^338 |
| 146 | ov_146 | 5.612825762166115 × 10^338 |
| 145 | ov_145 | 7.194893446171586 × 10^338 |
| 144 | ov_144 | 9.053906074077769 × 10^338 |
| 143 | ov_143 | 1.1213936546486591 × 10^339 |
| 142 | ov_142 | 1.3700621275355778 × 10^339 |
| 141 | ov_141 | 1.6541204071892574 × 10^339 |
| 140 | ov_140 | 1.9764590345208043 × 10^339 |
| 139 | ov_139 | 2.3430318016468745 × 10^339 |
| 138 | ov_138 | 2.760145690160947 × 10^339 |
| 137 | ov_137 | 3.2344777209456616 × 10^339 |
| 136 | ov_136 | 3.7730945277440826 × 10^339 |
| 135 | ov_135 | 4.383474860054668 × 10^339 |
| 134 | ov_134 | 5.073535233498658 × 10^339 |
| 133 | ov_133 | 5.851658958834159 × 10^339 |
| 132 | ov_132 | 6.726728825790141 × 10^339 |
| 131 | ov_131 | 7.70816382822728 × 10^339 |
| 130 | ov_130 | 7.7081699435854365 × 10^339 |
| 129 | ov_129 | 7.708195155312139 × 10^339 |
| 128 | aaa_77_29 | 1.2933110329047042 × 10^340 |
| 127 | aaa_77_28 | 4.249523559950111 × 10^340 |
| 126 | ov_126 | 1.5159339768318603 × 10^341 |
| 125 | ov_125 | 3.8857351688727 × 10^341 |
| 124 | ov_124 | 8.427722718544582 × 10^341 |
| 123 | ov_123 | 1.6325656476517962 × 10^342 |
| 122 | ov_122 | 2.9053698291703167 × 10^342 |
| 121 | ov_121 | 4.837643972003714 × 10^342 |
| 120 | ov_120 | 7.634897219398297 × 10^342 |
| 119 | ov_119 | 1.15317039682505 × 10^343 |
| 118 | ov_118 | 1.6791733402358358 × 10^343 |
| 117 | ov_117 | 2.370780153011083 × 10^343 |
| 116 | ov_116 | 3.26019562491915 × 10^343 |
| 115 | ov_115 | 4.3825608256071304 × 10^343 |
| 114 | ov_114 | 5.775972291371817 × 10^343 |
| 113 | ov_113 | 7.481509048757251 × 10^343 |
| 112 | ov_112 | 9.543269445833929 × 10^343 |
| 111 | ov_111 | 1.200841999220614 × 10^344 |
| 110 | ov_110 | 1.4927258473128448 × 10^344 |
| 109 | ov_109 | 1.8353293320936104 × 10^344 |
| 108 | ov_108 | 2.2315773032188475 × 10^344 |
| 107 | ov_107 | 2.684569023932252 × 10^344 |
| 106 | ov_106 | 3.2006848945862756 × 10^344 |
| 105 | ov_105 | 3.7866777291947394 × 10^344 |
| 104 | ov_104 | 4.449691395541113 × 10^344 |
| 103 | ov_103 | 5.197282180810532 × 10^344 |
| 102 | ov_102 | 6.037443136373179 × 10^344 |
| 101 | ov_101 | 6.97863175736863 × 10^344 |
| 100 | ov_100 | 8.029801460596281 × 10^344 |
| 99 | ov_099 | 9.200437380442916 × 10^344 |
| 98 | ov_098 | 9.200443484246237 × 10^344 |
| 97 | ov_097 | 9.200468696259942 × 10^344 |
| 96 | aaa_78_29 | 9.627538112167093 × 10^344 |
| 95 | aaa_78_28 | 2.565029466677174 × 10^345 |
| 94 | ov_094 | 8.026807082358953 × 10^345 |
| 93 | ov_093 | 1.8019050110268836 × 10^346 |
| 92 | ov_092 | 3.8823008570135975 × 10^346 |
| 91 | ov_091 | 7.847073569430382 × 10^346 |
| 90 | ov_090 | 1.4674515884320323 × 10^347 |
| 89 | ov_089 | 2.5518028657934234 × 10^347 |
| 88 | ov_088 | 4.170617064176452 × 10^347 |
| 87 | ov_087 | 6.474276221958112 × 10^347 |
| 86 | ov_086 | 9.630707894023462 × 10^347 |
| 85 | ov_085 | 1.3825418219775314 × 10^348 |
| 84 | ov_084 | 1.926154460266418 × 10^348 |
| 83 | ov_083 | 2.6159935059785617 × 10^348 |
| 82 | ov_082 | 3.4759262462150957 × 10^348 |
| 81 | ov_081 | 4.5316183048980875 × 10^348 |
| 64 | lv_79_m31 | 4.846758626369611 × 10^348 |
| 80 | ov_080 | 5.810554976339375 × 10^348 |
| 79 | ov_079 | 7.342069212306995 × 10^348 |
| 78 | ov_078 | 9.157377550921344 × 10^348 |
| 77 | ov_077 | 1.1289625393225985 × 10^349 |
| 76 | ov_076 | 1.3773943151575672 × 10^349 |
| 75 | ov_075 | 1.664751491338545 × 10^349 |
| 74 | ov_074 | 1.994966138468427 × 10^349 |
| 73 | ov_073 | 2.3721939000789826 × 10^349 |
| 63 | ov_063 | 2.4843282524167564 × 10^349 |
| 72 | ov_072 | 2.8008257216836533 × 10^349 |
| 71 | ov_071 | 3.28550158438164 × 10^349 |
| 70 | ov_070 | 3.831126386014326 × 10^349 |
| 69 | ov_069 | 4.442888124914973 × 10^349 |
| 68 | ov_068 | 5.12627861238383 × 10^349 |
| 67 | ov_067 | 5.887116984191166 × 10^349 |
| 66 | ov_066 | 5.887124460099019 × 10^349 |
| 65 | ov_065 | 5.88714781352428 × 10^349 |
| 62 | ov_062 | 1.2731573956968839 × 10^350 |
| 61 | ov_061 | 4.6362868418485086 × 10^350 |
| 60 | ov_060 | 1.3259510147442218 × 10^351 |
| 59 | ov_059 | 3.1967005322221044 × 10^351 |
| 58 | ov_058 | 6.778203455567962 × 10^351 |
| 57 | ov_057 | 1.3000304696032782 × 10^352 |
| 56 | ov_056 | 2.302037409106368 × 10^352 |
| 55 | ov_055 | 3.822332269154011 × 10^352 |
| 54 | ov_054 | 6.02216378103944 × 10^352 |
| 53 | ov_053 | 9.085545277302028 × 10^352 |
| 52 | ov_052 | 1.3219268444265694 × 10^353 |
| 51 | ov_051 | 1.8652929287929645 × 10^353 |
| 50 | ov_050 | 2.563897343945407 × 10^353 |
| 49 | ov_049 | 3.445276932733165 × 10^353 |
| 48 | ov_048 | 4.5392719144506166 × 10^353 |
| 32 | lv_80_m31 | 5.709557008286127 × 10^353 |
| 47 | ov_047 | 5.878041894054511 × 10^353 |
| 46 | ov_046 | 7.496088057209093 × 10^353 |
| 45 | ov_045 | 9.4302829650137 × 10^353 |
| 44 | ov_044 | 1.1719909503155549 × 10^354 |
| 43 | ov_043 | 1.438646116608524 × 10^354 |
| 42 | ov_042 | 1.7452710082466437 × 10^354 |
| 41 | ov_041 | 2.094274951929927 × 10^354 |
| 40 | ov_040 | 2.490613860153519 × 10^354 |
| 31 | ov_031 | 2.9248907043766185 × 10^354 |
| 39 | ov_039 | 2.9395243210834096 × 10^354 |
| 38 | ov_038 | 3.446537050650912 × 10^354 |
| 37 | ov_037 | 4.017492751554271 × 10^354 |
| 36 | ov_036 | 4.658560652401376 × 10^354 |
| 35 | ov_035 | 5.376260016409379 × 10^354 |
| 34 | ov_034 | 6.177484925869061 × 10^354 |
| 33 | ov_033 | 7.069532666105861 × 10^354 |
| 30 | ov_030 | 1.4981533786425278 × 10^355 |
| 29 | ov_029 | 5.453297850545532 × 10^355 |
| 28 | ov_028 | 1.5590452737936043 × 10^356 |
| 27 | ov_027 | 3.757522140817021 × 10^356 |
| 26 | ov_026 | 7.965402061785613 × 10^356 |
| 25 | ov_025 | 1.5274330300088204 × 10^357 |
| 24 | ov_024 | 2.704296279510444 × 10^357 |
| 23 | ov_023 | 4.489698815348564 × 10^357 |
| 22 | ov_022 | 7.072918334774963 × 10^357 |
| 21 | ov_021 | 1.0669953489769112 × 10^358 |
| 20 | ov_020 | 1.5523547329819933 × 10^358 |
| 19 | ov_019 | 2.1903228605776642 × 10^358 |
| 18 | ov_018 | 3.0105379283791594 × 10^358 |
| 17 | ov_017 | 4.04533384386854 × 10^358 |
| 16 | ov_016 | 5.329755451660243 × 10^358 |
| 15 | ov_015 | 6.901579977782994 × 10^358 |
| 14 | ov_014 | 8.801346255257752 × 10^358 |
| 13 | ov_013 | 1.1072393476614927 × 10^359 |
| 12 | ov_012 | 1.3760911401658685 × 10^359 |
| 11 | ov_011 | 1.6916004131942934 × 10^359 |
| 10 | ov_010 | 2.058976974733823 × 10^359 |
| 9 | ov_009 | 2.4810589730014698 × 10^359 |
| 8 | ov_008 | 2.9608483580960666 × 10^359 |
| 7 | ov_007 | 3.504520608292128 × 10^359 |
| 6 | ov_006 | 4.118603538168835 × 10^359 |
| 5 | ov_005 | 4.80999716791172 × 10^359 |
| 4 | ov_004 | 5.5859967017466594 × 10^359 |
| 3 | ov_003 | 6.454318827158821 × 10^359 |
| 2 | ov_002 | 7.423131630995769 × 10^359 |
| 1 | ov_001 | 8.501088517634477 × 10^359 |

