# Results for O005015-F017-F018-F019-F020-F021-F022-F023-F024-F025-F026-F027-F028-F029-F030-F031-F032-F033-F034-F035-F036-F037-F038-F039-F040-F041-F042-F043-F044-F045-F046-F047-F048-F049-F050-F051-F052-F053-F054-F055-F056-F057-F058-F059-F060-F061-F062-F063-F064-F065-F066-F067-F068-F069-F070-F071-F072-F073-F074-F075-F076-F077-F078-F079-F080-F081-F082-F083-F084-F085-F086-F087-F088-F089-F090-F091-F092-F093-F094-F095-F096-F097-F098-F099-F100-F101-F102-F103-F104-F105-F106-F107-F108-F109-F110-F111-F112-F113-F114-F115-F116-F117-F118-F119-F120-F121-F122-F123-F124-F125-F126-F127-F128-F129-F130-F131-F132-F133-F134-F135-F136-F137-F138-F139-F140-F141-F142-F143-F144-F145-F146-F147-F148-F149-F150-F151-F152-F153-F154-F155-F156-F157-F158-F159-F160-F161-F162-F163-F164-F165-F166-F167-F168-F169-F170-F171-F172-F173-F174-F175-F176-F177-F178-F179-F180-F181-F182-F183-F184-F185-F186-F187-F188-F189-F190-F191-F192-F193-F194-F195-F196-F197-F198-F199-F200-F201-F202-F203-F204-F205-F206-F207-F208-F209-F210-F211-F212-F213-F214-F215-F216-F217-F218-F219-F220-F221-F222-F223-F224-F225-F226-F227-F228-F229-F230-F231-F232-F233-F234-F235-F236-F237-F238-F239-F240-F241-F242-F243-F244-F245-F246-F247-F248-F249-F250-F251-F252-F253-F254-F255-F256-F257-F258-F259-F260-F261-F262-F263-F264-F265-F266-F267-F268-F269-F270-F271-F272-F273-F274-F275-F276-F277-F278-F279-F280-F281-F282-F283-F284-F285-F286-F287-F288-F289-F290-F291-F292-F293-F294-F295-F296-F297-F298-F299-F300-F301-F302-F303-F304-F305-F306-F307-F308-F309-F310-F311-F312-F313-F314-F315-F316-F317-F318-F319-F320-F321-F322-F323-F324-F325-F326-F327-F328-F329-F330-F331-F332-F333-F334-F335-F336-F337-F338-F339-F340-F341-F342-F343-F344-F345-F346-F347-F348-F349-F350-F351-F352-F353-F354-F355-F356-F357-F358-F359-F360-F361-F362-F363-F364-F365-F366-F367-F368-F369-F370-F371-F372-F373-F374-F375-F376-F377-F378-F379-F380-F381-F382-F383-F384-F385-F386-F387-F388-F389-F390-F391-F392-F393-F394-F395-F396-F397-F398-F399-F400-F401-F402-F403-F404-F405-F406-F407-F408-F409-F410-F411-F412-F413-F414-F415-F416-F417-F418-F419-F420-F421-F422-F423-F424-F425-F426-F427-F428-F429-F430-F431-F432-F433-F434-F435-F436-F437-F438-F439-F440-F441-F442-F443-F444-F445-F446-F447-F448-F449-F450-F451-F452-F453-F454-F455-F456-F457-F458-F459-F460-F461-F462-F463-F464-F465-F466-F467-F468-F469-F470-F471-F472-F473-F474-F475-F476-F477-F478-F479-F480-F481-F482-F483-F484-F485-F486-F487-F488-F489-F490-F491-F492-F493-F494-F495-F496-F497-F498-F499-F500-F501-F502-F503-F504-F505-F506-F507-F508-F509-F510-F511-F512

## Summary

Number of input bits: 512  
Number of free input bits: 15  
Number of output bits: 160

Number of direct occurrences: 67512  
Number of assignments: 39183  
Number of operations: 19121805
(xor: 19084259,
and: 20888,
or: 16658)

Total complexity: 9.881730376375482 × 10^355

Least occurring input variable: iv_012 (4188)  
Most occurring input variable: iv_005 (4772)

Most co-occurring input variables: iv_008-iv_009 (2314)  
Least co-occurring input variables: iv_005-iv_007 (1916)

Potentially most occurring input variable: iv_005/iv_016 (5361)  
Potentially least occurring input variable: iv_002/iv_007 (4382)

Least output occurring input variable: iv_005 (59)  
Most output occurring input variable: iv_012 (86)

Most output co-occurring input variables: iv_009-iv_010 (47)  
Least output co-occurring input variables: iv_005-iv_007 (24)

Potentially most output occurring input variable: iv_001/iv_008 (94)  
Potentially least output occurring input variable: iv_002/iv_006 (66)

Least complex input bit: iv_016 (1.4448268380193854 × 10^352)  
Most complex input bit: iv_005 (2.20141490621574 × 10^355)

Least complex output bit: aaa_76_29 (2.0750074388939693 × 10^331)  
Most complex output bit: ov_001 (1.5127709766309824 × 10^355)

Least complex input/output complexity: iv_016/aaa_76_29 (3.0339083567502857 × 10^327)  
Most complex input/output complexity: iv_005/ov_001 (3.3700945591550095 × 10^354)

## Input Bits

### Input Bits in Regular Order

| Input Bit | Complexity | Occurrences | Output Occurrences |
|:---------:|:----------:|:-----------:|:------------------:|
| iv_001 | 4.411760898180894 × 10^352 | 4570 | 75 |
| iv_002 | 1.9096287841430904 × 10^353 | 4364 | 80 |
| iv_003 | 5.4936366891537955 × 10^353 | 4376 | 75 |
| iv_004 | 1.194965973004385 × 10^354 | 4542 | 77 |
| iv_005 | 2.20141490621574 × 10^355 | 4772 | 59 |
| iv_006 | 2.645851947498941 × 10^354 | 4403 | 80 |
| iv_007 | 3.431422327739549 × 10^354 | 4358 | 81 |
| iv_008 | 4.321786697470596 × 10^354 | 4448 | 69 |
| iv_009 | 5.432855215821518 × 10^354 | 4629 | 84 |
| iv_010 | 6.934779543560549 × 10^354 | 4484 | 83 |
| iv_011 | 9.052424591650128 × 10^354 | 4648 | 63 |
| iv_012 | 1.1451078026579455 × 10^355 | 4188 | 86 |
| iv_013 | 1.4192579389178681 × 10^355 | 4539 | 78 |
| iv_014 | 1.7346518564402117 × 10^355 | 4686 | 83 |
| iv_016 | 1.4448268380193854 × 10^352 | 4505 | 79 |

### Input Bits Sorted by Complexity

| Input Bit | Complexity | Occurrences | Output Occurrences |
|:---------:|:----------:|:-----------:|:------------------:|
| iv_016 | 1.4448268380193854 × 10^352 | 4505 | 79 |
| iv_001 | 4.411760898180894 × 10^352 | 4570 | 75 |
| iv_002 | 1.9096287841430904 × 10^353 | 4364 | 80 |
| iv_003 | 5.4936366891537955 × 10^353 | 4376 | 75 |
| iv_004 | 1.194965973004385 × 10^354 | 4542 | 77 |
| iv_006 | 2.645851947498941 × 10^354 | 4403 | 80 |
| iv_007 | 3.431422327739549 × 10^354 | 4358 | 81 |
| iv_008 | 4.321786697470596 × 10^354 | 4448 | 69 |
| iv_009 | 5.432855215821518 × 10^354 | 4629 | 84 |
| iv_010 | 6.934779543560549 × 10^354 | 4484 | 83 |
| iv_011 | 9.052424591650128 × 10^354 | 4648 | 63 |
| iv_012 | 1.1451078026579455 × 10^355 | 4188 | 86 |
| iv_013 | 1.4192579389178681 × 10^355 | 4539 | 78 |
| iv_014 | 1.7346518564402117 × 10^355 | 4686 | 83 |
| iv_005 | 2.20141490621574 × 10^355 | 4772 | 59 |

### Input Bits Sorted by Occurrences

| Input Bit | Complexity | Occurrences | Output Occurrences |
|:---------:|:----------:|:-----------:|:------------------:|
| iv_012 | 1.1451078026579455 × 10^355 | 4188 | 86 |
| iv_007 | 3.431422327739549 × 10^354 | 4358 | 81 |
| iv_002 | 1.9096287841430904 × 10^353 | 4364 | 80 |
| iv_003 | 5.4936366891537955 × 10^353 | 4376 | 75 |
| iv_006 | 2.645851947498941 × 10^354 | 4403 | 80 |
| iv_008 | 4.321786697470596 × 10^354 | 4448 | 69 |
| iv_010 | 6.934779543560549 × 10^354 | 4484 | 83 |
| iv_016 | 1.4448268380193854 × 10^352 | 4505 | 79 |
| iv_013 | 1.4192579389178681 × 10^355 | 4539 | 78 |
| iv_004 | 1.194965973004385 × 10^354 | 4542 | 77 |
| iv_001 | 4.411760898180894 × 10^352 | 4570 | 75 |
| iv_009 | 5.432855215821518 × 10^354 | 4629 | 84 |
| iv_011 | 9.052424591650128 × 10^354 | 4648 | 63 |
| iv_014 | 1.7346518564402117 × 10^355 | 4686 | 83 |
| iv_005 | 2.20141490621574 × 10^355 | 4772 | 59 |

### Input Bits Sorted by Output Occurrences

| Input Bit | Complexity | Occurrences | Output Occurrences |
|:---------:|:----------:|:-----------:|:------------------:|
| iv_005 | 2.20141490621574 × 10^355 | 4772 | 59 |
| iv_011 | 9.052424591650128 × 10^354 | 4648 | 63 |
| iv_008 | 4.321786697470596 × 10^354 | 4448 | 69 |
| iv_003 | 5.4936366891537955 × 10^353 | 4376 | 75 |
| iv_001 | 4.411760898180894 × 10^352 | 4570 | 75 |
| iv_004 | 1.194965973004385 × 10^354 | 4542 | 77 |
| iv_013 | 1.4192579389178681 × 10^355 | 4539 | 78 |
| iv_016 | 1.4448268380193854 × 10^352 | 4505 | 79 |
| iv_002 | 1.9096287841430904 × 10^353 | 4364 | 80 |
| iv_006 | 2.645851947498941 × 10^354 | 4403 | 80 |
| iv_007 | 3.431422327739549 × 10^354 | 4358 | 81 |
| iv_010 | 6.934779543560549 × 10^354 | 4484 | 83 |
| iv_014 | 1.7346518564402117 × 10^355 | 4686 | 83 |
| iv_009 | 5.432855215821518 × 10^354 | 4629 | 84 |
| iv_012 | 1.1451078026579455 × 10^355 | 4188 | 86 |

## Input Bit Co-occurrences

### Input Bit Co-occurrences Sorted by Co-occurrences

| Input Bits | Co-occurrences | Potential Occurrences | Output Co-occurrences | Potential Output Occurrences |
|:----------:|:--------------:|:---------------------:|:---------------------:|:----------------------------:|
| iv_008-iv_009 | 2314 | 4449 | 38 | 77 |
| iv_009-iv_014 | 2273 | 4769 | 45 | 77 |
| iv_009-iv_011 | 2246 | 4785 | 33 | 81 |
| iv_001-iv_006 | 2241 | 4491 | 39 | 77 |
| iv_004-iv_009 | 2237 | 4697 | 44 | 73 |
| iv_009-iv_010 | 2234 | 4645 | 47 | 73 |
| iv_013-iv_014 | 2203 | 4819 | 40 | 81 |
| iv_004-iv_014 | 2203 | 4822 | 41 | 78 |
| iv_008-iv_014 | 2197 | 4740 | 43 | 66 |
| iv_003-iv_004 | 2188 | 4542 | 38 | 76 |
| iv_003-iv_013 | 2188 | 4539 | 36 | 81 |
| iv_005-iv_009 | 2186 | 5029 | 31 | 81 |
| iv_001-iv_016 | 2182 | 4711 | 37 | 80 |
| iv_008-iv_013 | 2180 | 4627 | 34 | 79 |
| iv_011-iv_016 | 2180 | 4793 | 26 | 90 |

### Input Bit Co-occurrences Sorted by Potential Occurrences

| Input Bits | Co-occurrences | Potential Occurrences | Output Co-occurrences | Potential Output Occurrences |
|:----------:|:--------------:|:---------------------:|:---------------------:|:----------------------------:|
| iv_002-iv_007 | 2170 | 4382 | 42 | 77 |
| iv_002-iv_012 | 2056 | 4440 | 42 | 82 |
| iv_008-iv_009 | 2314 | 4449 | 38 | 77 |
| iv_003-iv_012 | 2037 | 4490 | 42 | 77 |
| iv_001-iv_006 | 2241 | 4491 | 39 | 77 |
| iv_007-iv_012 | 2027 | 4492 | 45 | 77 |
| iv_003-iv_013 | 2188 | 4539 | 36 | 81 |
| iv_003-iv_004 | 2188 | 4542 | 38 | 76 |
| iv_003-iv_008 | 2141 | 4542 | 34 | 76 |
| iv_008-iv_012 | 2031 | 4574 | 37 | 81 |
| iv_003-iv_007 | 2057 | 4620 | 42 | 72 |
| iv_008-iv_013 | 2180 | 4627 | 34 | 79 |
| iv_012-iv_013 | 2047 | 4633 | 42 | 80 |
| iv_009-iv_010 | 2234 | 4645 | 47 | 73 |
| iv_002-iv_008 | 2081 | 4650 | 33 | 83 |

### Input Bit Output Co-occurrences Sorted by Output Co-occurrences

| Input Bits | Co-occurrences | Potential Occurrences | Output Co-occurrences | Potential Output Occurrences |
|:----------:|:--------------:|:---------------------:|:---------------------:|:----------------------------:|
| iv_002-iv_006 | 2031 | 4705 | 47 | 66 |
| iv_009-iv_010 | 2234 | 4645 | 47 | 73 |
| iv_001-iv_009 | 2166 | 4867 | 46 | 67 |
| iv_002-iv_010 | 2043 | 4762 | 45 | 73 |
| iv_006-iv_007 | 2042 | 4677 | 45 | 71 |
| iv_009-iv_014 | 2273 | 4769 | 45 | 77 |
| iv_007-iv_012 | 2027 | 4492 | 45 | 77 |
| iv_002-iv_014 | 2129 | 4792 | 44 | 75 |
| iv_010-iv_014 | 2178 | 4814 | 44 | 78 |
| iv_004-iv_010 | 2129 | 4768 | 44 | 72 |
| iv_006-iv_012 | 1932 | 4727 | 44 | 78 |
| iv_001-iv_010 | 2111 | 4832 | 44 | 70 |
| iv_004-iv_009 | 2237 | 4697 | 44 | 73 |
| iv_009-iv_012 | 2053 | 4711 | 44 | 82 |
| iv_004-iv_012 | 1969 | 4792 | 43 | 77 |

### Input Bit Output Co-occurrences Sorted by Potential Output Occurrences

| Input Bits | Co-occurrences | Potential Occurrences | Output Co-occurrences | Potential Output Occurrences |
|:----------:|:--------------:|:---------------------:|:---------------------:|:----------------------------:|
| iv_002-iv_006 | 2031 | 4705 | 47 | 66 |
| iv_008-iv_014 | 2197 | 4740 | 43 | 66 |
| iv_001-iv_009 | 2166 | 4867 | 46 | 67 |
| iv_004-iv_011 | 2066 | 5058 | 36 | 68 |
| iv_001-iv_010 | 2111 | 4832 | 44 | 70 |
| iv_005-iv_011 | 2060 | 5300 | 26 | 70 |
| iv_006-iv_007 | 2042 | 4677 | 45 | 71 |
| iv_004-iv_013 | 2141 | 4799 | 42 | 71 |
| iv_004-iv_010 | 2129 | 4768 | 44 | 72 |
| iv_003-iv_007 | 2057 | 4620 | 42 | 72 |
| iv_001-iv_003 | 2012 | 4922 | 39 | 72 |
| iv_002-iv_010 | 2043 | 4762 | 45 | 73 |
| iv_009-iv_010 | 2234 | 4645 | 47 | 73 |
| iv_006-iv_008 | 2015 | 4821 | 38 | 73 |
| iv_004-iv_009 | 2237 | 4697 | 44 | 73 |

## Output Bits

### Output Bits in Regular Order

| Rank | Output Bit | Complexity |
|:----:|:----------:|:----------:|
| 1 | ov_001 | 1.5127709766309824 × 10^355 |
| 2 | ov_002 | 1.3209442946759832 × 10^355 |
| 3 | ov_003 | 1.1485363156851143 × 10^355 |
| 4 | ov_004 | 9.94008914276275 × 10^354 |
| 5 | ov_005 | 8.559099062049222 × 10^354 |
| 6 | ov_006 | 7.328670684033366 × 10^354 |
| 7 | ov_007 | 6.235828713500526 × 10^354 |
| 8 | ov_008 | 5.268298528401107 × 10^354 |
| 9 | ov_009 | 4.4144657892591726 × 10^354 |
| 10 | ov_010 | 3.6633415350073914 × 10^354 |
| 11 | ov_011 | 3.00958359926784 × 10^354 |
| 12 | ov_012 | 2.4481407939627566 × 10^354 |
| 13 | ov_013 | 1.969739952227764 × 10^354 |
| 14 | ov_014 | 1.5656403668837817 × 10^354 |
| 15 | ov_015 | 1.2276198117547533 × 10^354 |
| 16 | ov_016 | 9.479633418818197 × 10^353 |
| 17 | ov_017 | 7.19454469893501 × 10^353 |
| 18 | ov_018 | 5.353683488574476 × 10^353 |
| 19 | ov_019 | 3.8946662452263156 × 10^353 |
| 20 | ov_020 | 2.759936520800869 × 10^353 |
| 21 | ov_021 | 1.896738045260717 × 10^353 |
| 22 | ov_022 | 1.2570963148644817 × 10^353 |
| 23 | ov_023 | 7.978065901994034 × 10^352 |
| 24 | ov_024 | 4.804265250840989 × 10^352 |
| 25 | ov_025 | 2.7127196296542456 × 10^352 |
| 26 | ov_026 | 1.4141475155502133 × 10^352 |
| 27 | ov_027 | 6.668173182926816 × 10^351 |
| 28 | ov_028 | 2.7654336049986246 × 10^351 |
| 29 | ov_029 | 9.668457214299696 × 10^350 |
| 30 | ov_030 | 2.65491465163532 × 10^350 |
| 31 | ov_031 | 5.180732431875225 × 10^349 |
| 32 | lv_80_m31 | 1.010823412863099 × 10^349 |
| 33 | ov_033 | 1.2515018384399431 × 10^350 |
| 34 | ov_034 | 1.0920003799161821 × 10^350 |
| 35 | ov_035 | 9.491305226485444 × 10^349 |
| 36 | ov_036 | 8.214843569961743 × 10^349 |
| 37 | ov_037 | 7.077404792993929 × 10^349 |
| 38 | ov_038 | 6.066581378930007 × 10^349 |
| 39 | ov_039 | 5.1707189932420456 × 10^349 |
| 40 | ov_040 | 4.378868066118241 × 10^349 |
| 41 | ov_041 | 3.680740025602238 × 10^349 |
| 42 | ov_042 | 3.0666679212208746 × 10^349 |
| 43 | ov_043 | 2.527571186122287 × 10^349 |
| 44 | ov_044 | 2.059051978949372 × 10^349 |
| 45 | ov_045 | 1.656982613072726 × 10^349 |
| 46 | ov_046 | 1.317492594221226 × 10^349 |
| 47 | ov_047 | 1.0335687956549759 × 10^349 |
| 48 | ov_048 | 7.9866193594714715 × 10^348 |
| 49 | ov_049 | 6.066711678770482 × 10^348 |
| 50 | ov_050 | 4.519311654704776 × 10^348 |
| 51 | ov_051 | 3.292014827938155 × 10^348 |
| 52 | ov_052 | 2.336579586840356 × 10^348 |
| 53 | ov_053 | 1.6088594195463514 × 10^348 |
| 54 | ov_054 | 1.0687511182568587 × 10^348 |
| 55 | ov_055 | 6.80156684383985 × 10^347 |
| 56 | ov_056 | 4.1095668370139477 × 10^347 |
| 57 | ov_057 | 2.3299280091280016 × 10^347 |
| 58 | ov_058 | 1.2205736197348692 × 10^347 |
| 59 | ov_059 | 5.7887703478609294 × 10^346 |
| 60 | ov_060 | 2.416355609512298 × 10^346 |
| 61 | ov_061 | 8.506043077599281 × 10^345 |
| 62 | ov_062 | 2.352077945359495 × 10^345 |
| 63 | ov_063 | 4.624448379664719 × 10^344 |
| 64 | lv_79_m31 | 9.091300959731794 × 10^343 |
| 65 | ov_065 | 1.24645046383322 × 10^345 |
| 66 | ov_066 | 1.246412946218395 × 10^345 |
| 67 | ov_067 | 1.2464009360646898 × 10^345 |
| 68 | ov_068 | 1.121102342149412 × 10^345 |
| 69 | ov_069 | 1.0051522740674207 × 10^345 |
| 70 | ov_070 | 8.980248803694639 × 10^344 |
| 71 | ov_071 | 7.992320811717638 × 10^344 |
| 72 | ov_072 | 7.083190714764068 × 10^344 |
| 73 | ov_073 | 6.248602587369816 × 10^344 |
| 74 | ov_074 | 5.484555637090251 × 10^344 |
| 75 | ov_075 | 4.787269703761392 × 10^344 |
| 76 | ov_076 | 4.153153056094844 × 10^344 |
| 77 | ov_077 | 3.578773185483363 × 10^344 |
| 78 | ov_078 | 3.060830833290279 × 10^344 |
| 79 | ov_079 | 2.5961370501412985 × 10^344 |
| 80 | ov_080 | 2.181593089820588 × 10^344 |
| 81 | ov_081 | 1.814172943543938 × 10^344 |
| 82 | ov_082 | 1.4909083227890078 × 10^344 |
| 83 | ov_083 | 1.2088759006355584 × 10^344 |
| 84 | ov_084 | 9.651866228295971 × 10^343 |
| 85 | ov_085 | 7.569769006509153 × 10^343 |
| 86 | ov_086 | 5.814014982307735 × 10^343 |
| 87 | ov_087 | 4.3562792731782174 × 10^343 |
| 88 | ov_088 | 3.1683216269582978 × 10^343 |
| 89 | ov_089 | 2.221954915667924 × 10^343 |
| 90 | ov_090 | 1.4890231026160697 × 10^343 |
| 91 | ov_091 | 9.413868165946497 × 10^342 |
| 92 | ov_092 | 5.509146828147776 × 10^342 |
| 93 | ov_093 | 2.894786531555752 × 10^342 |
| 94 | ov_094 | 1.2895181876140845 × 10^342 |
| 95 | aaa_78_28 | 4.1207569669900487 × 10^341 |
| 96 | aaa_78_29 | 1.5466779146279075 × 10^341 |
| 97 | ov_097 | 1.4780684774107544 × 10^341 |
| 98 | ov_098 | 1.4780644270728185 × 10^341 |
| 99 | ov_099 | 1.4780634464902078 × 10^341 |
| 100 | ov_100 | 1.2899990664589682 × 10^341 |
| 101 | ov_101 | 1.1211271168421299 × 10^341 |
| 102 | ov_102 | 9.699237954278151 × 10^340 |
| 103 | ov_103 | 8.349507213137199 × 10^340 |
| 104 | ov_104 | 7.148491842531824 × 10^340 |
| 105 | ov_105 | 6.0833508769669835 × 10^340 |
| 106 | ov_106 | 5.1419450203301996 × 10^340 |
| 107 | ov_107 | 4.3127975356715554 × 10^340 |
| 108 | ov_108 | 3.5850599209991825 × 10^340 |
| 109 | ov_109 | 2.948481963637065 × 10^340 |
| 110 | ov_110 | 2.3980846490835373 × 10^340 |
| 111 | ov_111 | 1.9291691614271273 × 10^340 |
| 112 | ov_112 | 1.5331392900615468 × 10^340 |
| 113 | ov_113 | 1.2019146204799423 × 10^340 |
| 114 | ov_114 | 9.27917783010963 × 10^339 |
| 115 | ov_115 | 7.040643133111832 × 10^339 |
| 116 | ov_116 | 5.237548060141451 × 10^339 |
| 117 | ov_117 | 3.8086899760454108 × 10^339 |
| 118 | ov_118 | 2.6976142492083124 × 10^339 |
| 119 | ov_119 | 1.85258342669037 × 10^339 |
| 120 | ov_120 | 1.2265562025507748 × 10^339 |
| 121 | ov_121 | 7.771737513741004 × 10^338 |
| 122 | ov_122 | 4.6675136780587336 × 10^338 |
| 123 | ov_123 | 2.622737216188121 × 10^338 |
| 124 | ov_124 | 1.353924049716715 × 10^338 |
| 125 | ov_125 | 6.242480499534715 × 10^337 |
| 126 | ov_126 | 2.435365858666487 × 10^337 |
| 127 | aaa_77_28 | 6.826908860138582 × 10^336 |
| 128 | aaa_77_29 | 2.0777188069613647 × 10^336 |
| 129 | ov_129 | 1.2383335840348582 × 10^336 |
| 130 | ov_130 | 1.238329532987253 × 10^336 |
| 131 | ov_131 | 1.2383285503400282 × 10^336 |
| 132 | ov_132 | 1.0806593006456095 × 10^336 |
| 133 | ov_133 | 9.400780059697277 × 10^335 |
| 134 | ov_134 | 8.150714041356275 × 10^335 |
| 135 | ov_135 | 7.042123939160881 × 10^335 |
| 136 | ov_136 | 6.061541328086551 × 10^335 |
| 137 | ov_137 | 5.196247840326901 × 10^335 |
| 138 | ov_138 | 4.434228507445178 × 10^335 |
| 139 | ov_139 | 3.764130531572532 × 10^335 |
| 140 | ov_140 | 3.1752271146252753 × 10^335 |
| 141 | ov_141 | 2.657385995334362 × 10^335 |
| 142 | ov_142 | 2.2010423640058962 × 10^335 |
| 143 | ov_143 | 1.8015525566345222 × 10^335 |
| 144 | ov_144 | 1.4545398610816984 × 10^335 |
| 145 | ov_145 | 1.1558858046839755 × 10^335 |
| 146 | ov_146 | 9.017230992975235 × 10^334 |
| 147 | ov_147 | 6.884300385882294 × 10^334 |
| 148 | ov_148 | 5.126261299410253 × 10^334 |
| 149 | ov_149 | 3.7116876143998756 × 10^334 |
| 150 | ov_150 | 2.6115072238626474 × 10^334 |
| 151 | ov_151 | 1.7745718141541503 × 10^334 |
| 152 | ov_152 | 1.1543721196981884 × 10^334 |
| 153 | ov_153 | 7.090244252684439 × 10^333 |
| 154 | ov_154 | 4.0126229070536905 × 10^333 |
| 155 | ov_155 | 1.9843183367884898 × 10^333 |
| 156 | aaa_76_25 | 7.248932889102314 × 10^332 |
| 157 | aaa_76_26 | 3.786234473671569 × 10^332 |
| 158 | aaa_76_27 | 1.7453153016763313 × 10^332 |
| 159 | aaa_76_28 | 6.807947904598559 × 10^331 |
| 160 | aaa_76_29 | 2.0750074388939693 × 10^331 |

### Output Bits Sorted by Complexity

| Rank | Output Bit | Complexity |
|:----:|:----------:|:----------:|
| 160 | aaa_76_29 | 2.0750074388939693 × 10^331 |
| 159 | aaa_76_28 | 6.807947904598559 × 10^331 |
| 158 | aaa_76_27 | 1.7453153016763313 × 10^332 |
| 157 | aaa_76_26 | 3.786234473671569 × 10^332 |
| 156 | aaa_76_25 | 7.248932889102314 × 10^332 |
| 155 | ov_155 | 1.9843183367884898 × 10^333 |
| 154 | ov_154 | 4.0126229070536905 × 10^333 |
| 153 | ov_153 | 7.090244252684439 × 10^333 |
| 152 | ov_152 | 1.1543721196981884 × 10^334 |
| 151 | ov_151 | 1.7745718141541503 × 10^334 |
| 150 | ov_150 | 2.6115072238626474 × 10^334 |
| 149 | ov_149 | 3.7116876143998756 × 10^334 |
| 148 | ov_148 | 5.126261299410253 × 10^334 |
| 147 | ov_147 | 6.884300385882294 × 10^334 |
| 146 | ov_146 | 9.017230992975235 × 10^334 |
| 145 | ov_145 | 1.1558858046839755 × 10^335 |
| 144 | ov_144 | 1.4545398610816984 × 10^335 |
| 143 | ov_143 | 1.8015525566345222 × 10^335 |
| 142 | ov_142 | 2.2010423640058962 × 10^335 |
| 141 | ov_141 | 2.657385995334362 × 10^335 |
| 140 | ov_140 | 3.1752271146252753 × 10^335 |
| 139 | ov_139 | 3.764130531572532 × 10^335 |
| 138 | ov_138 | 4.434228507445178 × 10^335 |
| 137 | ov_137 | 5.196247840326901 × 10^335 |
| 136 | ov_136 | 6.061541328086551 × 10^335 |
| 135 | ov_135 | 7.042123939160881 × 10^335 |
| 134 | ov_134 | 8.150714041356275 × 10^335 |
| 133 | ov_133 | 9.400780059697277 × 10^335 |
| 132 | ov_132 | 1.0806593006456095 × 10^336 |
| 131 | ov_131 | 1.2383285503400282 × 10^336 |
| 130 | ov_130 | 1.238329532987253 × 10^336 |
| 129 | ov_129 | 1.2383335840348582 × 10^336 |
| 128 | aaa_77_29 | 2.0777188069613647 × 10^336 |
| 127 | aaa_77_28 | 6.826908860138582 × 10^336 |
| 126 | ov_126 | 2.435365858666487 × 10^337 |
| 125 | ov_125 | 6.242480499534715 × 10^337 |
| 124 | ov_124 | 1.353924049716715 × 10^338 |
| 123 | ov_123 | 2.622737216188121 × 10^338 |
| 122 | ov_122 | 4.6675136780587336 × 10^338 |
| 121 | ov_121 | 7.771737513741004 × 10^338 |
| 120 | ov_120 | 1.2265562025507748 × 10^339 |
| 119 | ov_119 | 1.85258342669037 × 10^339 |
| 118 | ov_118 | 2.6976142492083124 × 10^339 |
| 117 | ov_117 | 3.8086899760454108 × 10^339 |
| 116 | ov_116 | 5.237548060141451 × 10^339 |
| 115 | ov_115 | 7.040643133111832 × 10^339 |
| 114 | ov_114 | 9.27917783010963 × 10^339 |
| 113 | ov_113 | 1.2019146204799423 × 10^340 |
| 112 | ov_112 | 1.5331392900615468 × 10^340 |
| 111 | ov_111 | 1.9291691614271273 × 10^340 |
| 110 | ov_110 | 2.3980846490835373 × 10^340 |
| 109 | ov_109 | 2.948481963637065 × 10^340 |
| 108 | ov_108 | 3.5850599209991825 × 10^340 |
| 107 | ov_107 | 4.3127975356715554 × 10^340 |
| 106 | ov_106 | 5.1419450203301996 × 10^340 |
| 105 | ov_105 | 6.0833508769669835 × 10^340 |
| 104 | ov_104 | 7.148491842531824 × 10^340 |
| 103 | ov_103 | 8.349507213137199 × 10^340 |
| 102 | ov_102 | 9.699237954278151 × 10^340 |
| 101 | ov_101 | 1.1211271168421299 × 10^341 |
| 100 | ov_100 | 1.2899990664589682 × 10^341 |
| 99 | ov_099 | 1.4780634464902078 × 10^341 |
| 98 | ov_098 | 1.4780644270728185 × 10^341 |
| 97 | ov_097 | 1.4780684774107544 × 10^341 |
| 96 | aaa_78_29 | 1.5466779146279075 × 10^341 |
| 95 | aaa_78_28 | 4.1207569669900487 × 10^341 |
| 94 | ov_094 | 1.2895181876140845 × 10^342 |
| 93 | ov_093 | 2.894786531555752 × 10^342 |
| 92 | ov_092 | 5.509146828147776 × 10^342 |
| 91 | ov_091 | 9.413868165946497 × 10^342 |
| 90 | ov_090 | 1.4890231026160697 × 10^343 |
| 89 | ov_089 | 2.221954915667924 × 10^343 |
| 88 | ov_088 | 3.1683216269582978 × 10^343 |
| 87 | ov_087 | 4.3562792731782174 × 10^343 |
| 86 | ov_086 | 5.814014982307735 × 10^343 |
| 85 | ov_085 | 7.569769006509153 × 10^343 |
| 64 | lv_79_m31 | 9.091300959731794 × 10^343 |
| 84 | ov_084 | 9.651866228295971 × 10^343 |
| 83 | ov_083 | 1.2088759006355584 × 10^344 |
| 82 | ov_082 | 1.4909083227890078 × 10^344 |
| 81 | ov_081 | 1.814172943543938 × 10^344 |
| 80 | ov_080 | 2.181593089820588 × 10^344 |
| 79 | ov_079 | 2.5961370501412985 × 10^344 |
| 78 | ov_078 | 3.060830833290279 × 10^344 |
| 77 | ov_077 | 3.578773185483363 × 10^344 |
| 76 | ov_076 | 4.153153056094844 × 10^344 |
| 63 | ov_063 | 4.624448379664719 × 10^344 |
| 75 | ov_075 | 4.787269703761392 × 10^344 |
| 74 | ov_074 | 5.484555637090251 × 10^344 |
| 73 | ov_073 | 6.248602587369816 × 10^344 |
| 72 | ov_072 | 7.083190714764068 × 10^344 |
| 71 | ov_071 | 7.992320811717638 × 10^344 |
| 70 | ov_070 | 8.980248803694639 × 10^344 |
| 69 | ov_069 | 1.0051522740674207 × 10^345 |
| 68 | ov_068 | 1.121102342149412 × 10^345 |
| 67 | ov_067 | 1.2464009360646898 × 10^345 |
| 66 | ov_066 | 1.246412946218395 × 10^345 |
| 65 | ov_065 | 1.24645046383322 × 10^345 |
| 62 | ov_062 | 2.352077945359495 × 10^345 |
| 61 | ov_061 | 8.506043077599281 × 10^345 |
| 60 | ov_060 | 2.416355609512298 × 10^346 |
| 59 | ov_059 | 5.7887703478609294 × 10^346 |
| 58 | ov_058 | 1.2205736197348692 × 10^347 |
| 57 | ov_057 | 2.3299280091280016 × 10^347 |
| 56 | ov_056 | 4.1095668370139477 × 10^347 |
| 55 | ov_055 | 6.80156684383985 × 10^347 |
| 54 | ov_054 | 1.0687511182568587 × 10^348 |
| 53 | ov_053 | 1.6088594195463514 × 10^348 |
| 52 | ov_052 | 2.336579586840356 × 10^348 |
| 51 | ov_051 | 3.292014827938155 × 10^348 |
| 50 | ov_050 | 4.519311654704776 × 10^348 |
| 49 | ov_049 | 6.066711678770482 × 10^348 |
| 48 | ov_048 | 7.9866193594714715 × 10^348 |
| 32 | lv_80_m31 | 1.010823412863099 × 10^349 |
| 47 | ov_047 | 1.0335687956549759 × 10^349 |
| 46 | ov_046 | 1.317492594221226 × 10^349 |
| 45 | ov_045 | 1.656982613072726 × 10^349 |
| 44 | ov_044 | 2.059051978949372 × 10^349 |
| 43 | ov_043 | 2.527571186122287 × 10^349 |
| 42 | ov_042 | 3.0666679212208746 × 10^349 |
| 41 | ov_041 | 3.680740025602238 × 10^349 |
| 40 | ov_040 | 4.378868066118241 × 10^349 |
| 39 | ov_039 | 5.1707189932420456 × 10^349 |
| 31 | ov_031 | 5.180732431875225 × 10^349 |
| 38 | ov_038 | 6.066581378930007 × 10^349 |
| 37 | ov_037 | 7.077404792993929 × 10^349 |
| 36 | ov_036 | 8.214843569961743 × 10^349 |
| 35 | ov_035 | 9.491305226485444 × 10^349 |
| 34 | ov_034 | 1.0920003799161821 × 10^350 |
| 33 | ov_033 | 1.2515018384399431 × 10^350 |
| 30 | ov_030 | 2.65491465163532 × 10^350 |
| 29 | ov_029 | 9.668457214299696 × 10^350 |
| 28 | ov_028 | 2.7654336049986246 × 10^351 |
| 27 | ov_027 | 6.668173182926816 × 10^351 |
| 26 | ov_026 | 1.4141475155502133 × 10^352 |
| 25 | ov_025 | 2.7127196296542456 × 10^352 |
| 24 | ov_024 | 4.804265250840989 × 10^352 |
| 23 | ov_023 | 7.978065901994034 × 10^352 |
| 22 | ov_022 | 1.2570963148644817 × 10^353 |
| 21 | ov_021 | 1.896738045260717 × 10^353 |
| 20 | ov_020 | 2.759936520800869 × 10^353 |
| 19 | ov_019 | 3.8946662452263156 × 10^353 |
| 18 | ov_018 | 5.353683488574476 × 10^353 |
| 17 | ov_017 | 7.19454469893501 × 10^353 |
| 16 | ov_016 | 9.479633418818197 × 10^353 |
| 15 | ov_015 | 1.2276198117547533 × 10^354 |
| 14 | ov_014 | 1.5656403668837817 × 10^354 |
| 13 | ov_013 | 1.969739952227764 × 10^354 |
| 12 | ov_012 | 2.4481407939627566 × 10^354 |
| 11 | ov_011 | 3.00958359926784 × 10^354 |
| 10 | ov_010 | 3.6633415350073914 × 10^354 |
| 9 | ov_009 | 4.4144657892591726 × 10^354 |
| 8 | ov_008 | 5.268298528401107 × 10^354 |
| 7 | ov_007 | 6.235828713500526 × 10^354 |
| 6 | ov_006 | 7.328670684033366 × 10^354 |
| 5 | ov_005 | 8.559099062049222 × 10^354 |
| 4 | ov_004 | 9.94008914276275 × 10^354 |
| 3 | ov_003 | 1.1485363156851143 × 10^355 |
| 2 | ov_002 | 1.3209442946759832 × 10^355 |
| 1 | ov_001 | 1.5127709766309824 × 10^355 |

