# Results for F001-F002-F003-F004-F005-F006-F007-F008-F009-F010-F011-F012-F013-F014-F015-F016-F017-F018-F019-F020-F021-F022-F023-F024-F025-F026-F027-F028-F029-F030-F031-F032-F033-F034-F035-F036-F037-F038-F039-F040-F041-F042-F043-F044-F045-F046-F047-F048-F049-F050-F051-F052-F053-F054-F055-F056-F057-F058-F059-F060-F061-F062-F063-F064-F065-F066-F067-F068-F069-F070-F071-F072-F073-F074-F075-F076-F077-F078-F079-F080-F081-F082-F083-F084-F085-F086-F087-F088-F089-F090-F091-F092-F093-F094-F095-F096-F097-F098-F099-F100-F101-F102-F103-F104-F105-F106-F107-F108-F109-F110-F111-F112-F113-F114-F115-F116-F117-F118-F119-F120-F121-F122-F123-F124-F125-F126-F127-F128-F129-F130-F131-F132-F133-F134-F135-F136-F137-F138-F139-F140-F141-F142-F143-F144-F145-F146-F147-F148-F149-F150-F151-F152-F153-F154-F155-F156-F157-F158-F159-F160-F161-F162-F163-F164-F165-F166-F167-F168-F169-F170-F171-F172-F173-F174-F175-F176-F177-F178-F179-F180-F181-F182-F183-F184-F185-F186-F187-F188-F189-F190-F191-F192-F193-F194-F195-F196-F197-F198-F199-F200-F201-F202-F203-F204-F205-F206-F207-F208-F209-F210-F211-F212-F213-F214-F215-F216-F217-F218-F219-F220-F221-F222-F223-F224-F225-F226-F227-F228-F229-F230-F231-F232-F233-F234-F235-F236-F237-F238-F239-F240-F241-F242-F243-F244-F245-F246-F247-F248-F249-F250-F251-F252-F253-F254-F255-F256-F257-F258-F259-F260-F261-F262-F263-F264-F265-F266-F267-F268-F269-F270-F271-F272-F273-F274-F275-F276-F277-F278-F279-F280-F281-F282-F283-F284-F285-F286-F287-F288-F289-F290-F291-F292-F293-F294-F295-F296-F297-F298-F299-F300-F301-F302-F303-F304-F305-F306-F307-F308-F309-F310-F311-F312-F313-F314-F315-F316-F317-F318-F319-F320-F321-F322-F323-F324-F325-F326-F327-F328-F329-F330-F331-F332-F333-F334-F335-F336-F337-F338-F339-F340-F341-F342-F343-F344-F345-F346-F347-F348-F349-F350-F351-F352-F353-F354-F355-F356-F357-F358-F359-F360-F361-F362-F363-F364-F365-F366-F367-F368-F369-F370-F371-F372-F373-F374-F375-F376-F377-F378-F379-F380-F381-F382-F383-F384-F385-F386-F387-F388-F389-F390-F391-F392-F393-F394-F395-F396-F397-F398-F399-F400-F401-F402-F403-F404-F405-F406-F407-F408-F409-F410-F411-F412-F413-F414-F415-F416-F417-F418-F419-F420-F421-F422-F423-F424-F425-F426-F427-F428-F429-F430-F431-F432-F433-F434-F435-F436-F437-F438-F439-F440-F441-F442-F443-F444-F445-F446-F447-F448-F449-F450-F451-F452-F453-F454-F455-F456-F457-F458-F459-F460-F461-F462-F463-F464-F465-F466-F467-F468-F469-F470-F471-F472-F473-F474-F475-F476-F477-F478-F479-F480-F481-F482-F483-F484-F485-F486-F487-F488-F489-F490-F491-F492-F493-F494-F495-F496-O499508

## Summary

Number of input bits: 512  
Number of free input bits: 15  
Number of output bits: 160

Number of direct occurrences: 61500  
Number of assignments: 32259  
Number of operations: 11460029
(xor: 11431332,
and: 14956,
or: 13741)

Total complexity: 3.364583444499284 × 10^303

Least occurring input variable: iv_502 (3916)  
Most occurring input variable: iv_512 (4410)

Most co-occurring input variables: iv_511-iv_512 (2175)  
Least co-occurring input variables: iv_499-iv_502 (1757)

Potentially most occurring input variable: iv_499/iv_510 (4583)  
Potentially least occurring input variable: iv_506/iv_509 (4181)

Least output occurring input variable: iv_499 (71)  
Most output occurring input variable: iv_497 (89)

Most output co-occurring input variables: iv_497-iv_506 (50)  
Least output co-occurring input variables: iv_499-iv_501 (31)

Potentially most output occurring input variable: iv_505/iv_512 (93)  
Potentially least output occurring input variable: iv_499/iv_509 (61)

Least complex input bit: iv_497 (2.3719673061488932 × 10^300)  
Most complex input bit: iv_510 (8.255860302399647 × 10^302)

Least complex output bit: aaa_76_29 (1.563088193327575 × 10^278)  
Most complex output bit: ov_001 (5.2347715578062745 × 10^302)

Least complex input/output complexity: iv_497/aaa_76_29 (1.1019474334220638 × 10^275)  
Most complex input/output complexity: iv_510/ov_001 (1.284484198686747 × 10^302)

## Input Bits

### Input Bits in Regular Order

| Input Bit | Complexity | Occurrences | Output Occurrences |
|:---------:|:----------:|:-----------:|:------------------:|
| iv_497 | 2.3719673061488932 × 10^300 | 4150 | 89 |
| iv_498 | 4.7847667289240416 × 10^300 | 3974 | 88 |
| iv_499 | 4.610488858538288 × 10^302 | 4122 | 71 |
| iv_500 | 1.4429165290446825 × 10^301 | 4155 | 76 |
| iv_501 | 2.4604084020773364 × 10^301 | 4124 | 81 |
| iv_502 | 3.9991166770387616 × 10^301 | 3916 | 82 |
| iv_503 | 6.309823028830567 × 10^301 | 4080 | 76 |
| iv_504 | 9.720674590266208 × 10^301 | 3967 | 80 |
| iv_505 | 1.4689643574449277 × 10^302 | 3958 | 79 |
| iv_506 | 2.1824418578407004 × 10^302 | 3991 | 82 |
| iv_507 | 3.19344834244276 × 10^302 | 4211 | 76 |
| iv_509 | 6.204857771974542 × 10^302 | 4038 | 78 |
| iv_510 | 8.255860302399647 × 10^302 | 4151 | 77 |
| iv_511 | 2.444948197882481 × 10^302 | 4253 | 80 |
| iv_512 | 2.819963493393004 × 10^302 | 4410 | 80 |

### Input Bits Sorted by Complexity

| Input Bit | Complexity | Occurrences | Output Occurrences |
|:---------:|:----------:|:-----------:|:------------------:|
| iv_497 | 2.3719673061488932 × 10^300 | 4150 | 89 |
| iv_498 | 4.7847667289240416 × 10^300 | 3974 | 88 |
| iv_500 | 1.4429165290446825 × 10^301 | 4155 | 76 |
| iv_501 | 2.4604084020773364 × 10^301 | 4124 | 81 |
| iv_502 | 3.9991166770387616 × 10^301 | 3916 | 82 |
| iv_503 | 6.309823028830567 × 10^301 | 4080 | 76 |
| iv_504 | 9.720674590266208 × 10^301 | 3967 | 80 |
| iv_505 | 1.4689643574449277 × 10^302 | 3958 | 79 |
| iv_506 | 2.1824418578407004 × 10^302 | 3991 | 82 |
| iv_511 | 2.444948197882481 × 10^302 | 4253 | 80 |
| iv_512 | 2.819963493393004 × 10^302 | 4410 | 80 |
| iv_507 | 3.19344834244276 × 10^302 | 4211 | 76 |
| iv_499 | 4.610488858538288 × 10^302 | 4122 | 71 |
| iv_509 | 6.204857771974542 × 10^302 | 4038 | 78 |
| iv_510 | 8.255860302399647 × 10^302 | 4151 | 77 |

### Input Bits Sorted by Occurrences

| Input Bit | Complexity | Occurrences | Output Occurrences |
|:---------:|:----------:|:-----------:|:------------------:|
| iv_502 | 3.9991166770387616 × 10^301 | 3916 | 82 |
| iv_505 | 1.4689643574449277 × 10^302 | 3958 | 79 |
| iv_504 | 9.720674590266208 × 10^301 | 3967 | 80 |
| iv_498 | 4.7847667289240416 × 10^300 | 3974 | 88 |
| iv_506 | 2.1824418578407004 × 10^302 | 3991 | 82 |
| iv_509 | 6.204857771974542 × 10^302 | 4038 | 78 |
| iv_503 | 6.309823028830567 × 10^301 | 4080 | 76 |
| iv_499 | 4.610488858538288 × 10^302 | 4122 | 71 |
| iv_501 | 2.4604084020773364 × 10^301 | 4124 | 81 |
| iv_497 | 2.3719673061488932 × 10^300 | 4150 | 89 |
| iv_510 | 8.255860302399647 × 10^302 | 4151 | 77 |
| iv_500 | 1.4429165290446825 × 10^301 | 4155 | 76 |
| iv_507 | 3.19344834244276 × 10^302 | 4211 | 76 |
| iv_511 | 2.444948197882481 × 10^302 | 4253 | 80 |
| iv_512 | 2.819963493393004 × 10^302 | 4410 | 80 |

### Input Bits Sorted by Output Occurrences

| Input Bit | Complexity | Occurrences | Output Occurrences |
|:---------:|:----------:|:-----------:|:------------------:|
| iv_499 | 4.610488858538288 × 10^302 | 4122 | 71 |
| iv_503 | 6.309823028830567 × 10^301 | 4080 | 76 |
| iv_500 | 1.4429165290446825 × 10^301 | 4155 | 76 |
| iv_507 | 3.19344834244276 × 10^302 | 4211 | 76 |
| iv_510 | 8.255860302399647 × 10^302 | 4151 | 77 |
| iv_509 | 6.204857771974542 × 10^302 | 4038 | 78 |
| iv_505 | 1.4689643574449277 × 10^302 | 3958 | 79 |
| iv_504 | 9.720674590266208 × 10^301 | 3967 | 80 |
| iv_511 | 2.444948197882481 × 10^302 | 4253 | 80 |
| iv_512 | 2.819963493393004 × 10^302 | 4410 | 80 |
| iv_501 | 2.4604084020773364 × 10^301 | 4124 | 81 |
| iv_502 | 3.9991166770387616 × 10^301 | 3916 | 82 |
| iv_506 | 2.1824418578407004 × 10^302 | 3991 | 82 |
| iv_498 | 4.7847667289240416 × 10^300 | 3974 | 88 |
| iv_497 | 2.3719673061488932 × 10^300 | 4150 | 89 |

## Input Bit Co-occurrences

### Input Bit Co-occurrences Sorted by Co-occurrences

| Input Bits | Co-occurrences | Potential Occurrences | Output Co-occurrences | Potential Output Occurrences |
|:----------:|:--------------:|:---------------------:|:---------------------:|:----------------------------:|
| iv_511-iv_512 | 2175 | 4313 | 43 | 74 |
| iv_507-iv_512 | 2126 | 4369 | 42 | 72 |
| iv_510-iv_512 | 2102 | 4357 | 43 | 71 |
| iv_500-iv_511 | 2097 | 4214 | 38 | 80 |
| iv_497-iv_512 | 2090 | 4380 | 41 | 87 |
| iv_500-iv_512 | 2081 | 4403 | 39 | 78 |
| iv_501-iv_512 | 2076 | 4382 | 42 | 77 |
| iv_503-iv_512 | 2064 | 4362 | 35 | 86 |
| iv_501-iv_511 | 2049 | 4279 | 37 | 87 |
| iv_497-iv_507 | 2046 | 4269 | 42 | 81 |
| iv_507-iv_510 | 2043 | 4276 | 39 | 75 |
| iv_503-iv_511 | 2031 | 4271 | 39 | 78 |
| iv_507-iv_511 | 2029 | 4406 | 39 | 78 |
| iv_503-iv_507 | 2023 | 4245 | 33 | 86 |
| iv_500-iv_503 | 2019 | 4197 | 39 | 74 |

### Input Bit Co-occurrences Sorted by Potential Occurrences

| Input Bits | Co-occurrences | Potential Occurrences | Output Co-occurrences | Potential Output Occurrences |
|:----------:|:--------------:|:---------------------:|:---------------------:|:----------------------------:|
| iv_506-iv_509 | 1924 | 4181 | 43 | 74 |
| iv_501-iv_505 | 1948 | 4186 | 44 | 72 |
| iv_502-iv_505 | 1842 | 4190 | 37 | 87 |
| iv_506-iv_507 | 2005 | 4192 | 39 | 80 |
| iv_504-iv_506 | 1883 | 4192 | 41 | 80 |
| iv_500-iv_503 | 2019 | 4197 | 39 | 74 |
| iv_504-iv_505 | 1864 | 4197 | 42 | 75 |
| iv_498-iv_504 | 1869 | 4203 | 50 | 68 |
| iv_503-iv_506 | 1931 | 4209 | 39 | 80 |
| iv_500-iv_511 | 2097 | 4214 | 38 | 80 |
| iv_497-iv_503 | 2007 | 4216 | 37 | 91 |
| iv_497-iv_506 | 1961 | 4219 | 50 | 71 |
| iv_500-iv_505 | 1944 | 4225 | 43 | 69 |
| iv_498-iv_503 | 1912 | 4230 | 45 | 74 |
| iv_498-iv_510 | 1946 | 4233 | 46 | 73 |

### Input Bit Output Co-occurrences Sorted by Output Co-occurrences

| Input Bits | Co-occurrences | Potential Occurrences | Output Co-occurrences | Potential Output Occurrences |
|:----------:|:--------------:|:---------------------:|:---------------------:|:----------------------------:|
| iv_498-iv_504 | 1869 | 4203 | 50 | 68 |
| iv_497-iv_506 | 1961 | 4219 | 50 | 71 |
| iv_497-iv_504 | 1934 | 4249 | 49 | 71 |
| iv_497-iv_502 | 1899 | 4268 | 49 | 73 |
| iv_498-iv_501 | 1892 | 4314 | 48 | 73 |
| iv_497-iv_509 | 1942 | 4304 | 48 | 71 |
| iv_498-iv_512 | 2013 | 4358 | 47 | 74 |
| iv_498-iv_502 | 1780 | 4330 | 46 | 78 |
| iv_498-iv_510 | 1946 | 4233 | 46 | 73 |
| iv_497-iv_498 | 1895 | 4334 | 46 | 85 |
| iv_498-iv_503 | 1912 | 4230 | 45 | 74 |
| iv_502-iv_511 | 1935 | 4299 | 45 | 72 |
| iv_497-iv_501 | 2013 | 4248 | 45 | 80 |
| iv_497-iv_505 | 1911 | 4286 | 45 | 78 |
| iv_497-iv_510 | 1938 | 4425 | 45 | 76 |

### Input Bit Output Co-occurrences Sorted by Potential Output Occurrences

| Input Bits | Co-occurrences | Potential Occurrences | Output Co-occurrences | Potential Output Occurrences |
|:----------:|:--------------:|:---------------------:|:---------------------:|:----------------------------:|
| iv_499-iv_509 | 1950 | 4260 | 44 | 61 |
| iv_507-iv_509 | 1980 | 4289 | 44 | 66 |
| iv_498-iv_504 | 1869 | 4203 | 50 | 68 |
| iv_500-iv_505 | 1944 | 4225 | 43 | 69 |
| iv_503-iv_504 | 1880 | 4287 | 43 | 70 |
| iv_510-iv_512 | 2102 | 4357 | 43 | 71 |
| iv_497-iv_504 | 1934 | 4249 | 49 | 71 |
| iv_497-iv_506 | 1961 | 4219 | 50 | 71 |
| iv_497-iv_509 | 1942 | 4304 | 48 | 71 |
| iv_501-iv_505 | 1948 | 4186 | 44 | 72 |
| iv_502-iv_511 | 1935 | 4299 | 45 | 72 |
| iv_507-iv_512 | 2126 | 4369 | 42 | 72 |
| iv_501-iv_503 | 1971 | 4262 | 42 | 73 |
| iv_501-iv_509 | 1927 | 4308 | 43 | 73 |
| iv_503-iv_505 | 1896 | 4246 | 41 | 73 |

## Output Bits

### Output Bits in Regular Order

| Rank | Output Bit | Complexity |
|:----:|:----------:|:----------:|
| 1 | ov_001 | 5.2347715578062745 × 10^302 |
| 2 | ov_002 | 4.5578717157863545 × 10^302 |
| 3 | ov_003 | 3.949984646007469 × 10^302 |
| 4 | ov_004 | 3.405935026716057 × 10^302 |
| 5 | ov_005 | 2.9208320363877627 × 10^302 |
| 6 | ov_006 | 2.4900493219538106 × 10^302 |
| 7 | ov_007 | 2.1092075462511242 × 10^302 |
| 8 | ov_008 | 1.7741592791931312 × 10^302 |
| 9 | ov_009 | 1.4809760098080098 × 10^302 |
| 10 | ov_010 | 1.2259370684733992 × 10^302 |
| 11 | ov_011 | 1.0055202604740796 × 10^302 |
| 12 | ov_012 | 8.16394023494014 × 10^301 |
| 13 | ov_013 | 6.554109328889566 × 10^301 |
| 14 | ov_014 | 5.196023896241009 × 10^301 |
| 15 | ov_015 | 4.0617433664811113 × 10^301 |
| 16 | ov_016 | 3.125038602479239 × 10^301 |
| 17 | ov_017 | 2.3613654361857905 × 10^301 |
| 18 | ov_018 | 1.747844505134452 × 10^301 |
| 19 | ov_019 | 1.2632462743146478 × 10^301 |
| 20 | ov_020 | 8.879802336350932 × 10^300 |
| 21 | ov_021 | 6.040873666956804 × 10^300 |
| 22 | ov_022 | 3.952350919886885 × 10^300 |
| 23 | ov_023 | 2.4671398300256074 × 10^300 |
| 24 | ov_024 | 1.4543570262491694 × 10^300 |
| 25 | ov_025 | 7.99317567672475 × 10^299 |
| 26 | ov_026 | 4.0352811033315716 × 10^299 |
| 27 | ov_027 | 1.8468368880383221 × 10^299 |
| 28 | ov_028 | 7.666644576451732 × 10^298 |
| 29 | ov_029 | 2.9545222611850535 × 10^298 |
| 30 | ov_030 | 9.033088772838597 × 10^297 |
| 31 | ov_031 | 1.7620395765030753 × 10^297 |
| 32 | lv_80_m31 | 3.436425736275016 × 10^296 |
| 33 | ov_033 | 4.155828904409569 × 10^297 |
| 34 | ov_034 | 3.613460502847715 × 10^297 |
| 35 | ov_035 | 3.126851108833326 × 10^297 |
| 36 | ov_036 | 2.691797770283527 × 10^297 |
| 37 | ov_037 | 2.3043284883620216 × 10^297 |
| 38 | ov_038 | 1.9606859147155593 × 10^297 |
| 39 | ov_039 | 1.657313152079859 × 10^297 |
| 40 | ov_040 | 1.3908414670268781 × 10^297 |
| 41 | ov_041 | 1.1580797333745039 × 10^297 |
| 42 | ov_042 | 9.560054343481811 × 10^296 |
| 43 | ov_043 | 7.817570609935817 × 10^296 |
| 44 | ov_044 | 6.32627753610318 × 10^296 |
| 45 | ov_045 | 5.060600421276223 × 10^296 |
| 46 | ov_046 | 3.996415503911613 × 10^296 |
| 47 | ov_047 | 3.111015382916858 × 10^296 |
| 48 | ov_048 | 2.3830816455591193 × 10^296 |
| 49 | ov_049 | 1.792663618514264 × 10^296 |
| 50 | ov_050 | 1.321162246415131 × 10^296 |
| 51 | ov_051 | 9.513181897232668 × 10^295 |
| 52 | ov_052 | 6.672033209323678 × 10^295 |
| 53 | ov_053 | 4.5421488509484433 × 10^295 |
| 54 | ov_054 | 2.9907167750829125 × 10^295 |
| 55 | ov_055 | 1.8981167815562807 × 10^295 |
| 56 | ov_056 | 1.1579066919754649 × 10^295 |
| 57 | ov_057 | 6.768146184932264 × 10^294 |
| 58 | ov_058 | 3.747348029082379 × 10^294 |
| 59 | ov_059 | 1.8472554918826376 × 10^294 |
| 60 | ov_060 | 7.660686362094962 × 10^293 |
| 61 | ov_061 | 2.6780228769013845 × 10^293 |
| 62 | ov_062 | 7.352239801925702 × 10^292 |
| 63 | ov_063 | 1.434245144423763 × 10^292 |
| 64 | lv_79_m31 | 2.797275424757571 × 10^291 |
| 65 | ov_065 | 3.3749340275298595 × 10^292 |
| 66 | ov_066 | 3.3749260035445866 × 10^292 |
| 67 | ov_067 | 3.37492410639556 × 10^292 |
| 68 | ov_068 | 2.934317049340385 × 10^292 |
| 69 | ov_069 | 2.5386915507181027 × 10^292 |
| 70 | ov_070 | 2.1847722253801936 × 10^292 |
| 71 | ov_071 | 1.8694372511215576 × 10^292 |
| 72 | ov_072 | 1.5897097085546082 × 10^292 |
| 73 | ov_073 | 1.3427508495109447 × 10^292 |
| 74 | ov_074 | 1.1258548990333953 × 10^292 |
| 75 | ov_075 | 9.364450171521684 × 10^291 |
| 76 | ov_076 | 7.720700669262292 × 10^291 |
| 77 | ov_077 | 6.304018907072102 × 10^291 |
| 78 | ov_078 | 5.092329210134294 × 10^291 |
| 79 | ov_079 | 4.0647406964947466 × 10^291 |
| 80 | ov_080 | 3.201528771748348 × 10^291 |
| 81 | ov_081 | 2.4841190504625158 × 10^291 |
| 82 | ov_082 | 1.8950735292361124 × 10^291 |
| 83 | ov_083 | 1.4180788374889783 × 10^291 |
| 84 | ov_084 | 1.0379363929156579 × 10^291 |
| 85 | ov_085 | 7.405542891006621 × 10^290 |
| 86 | ov_086 | 5.129407431550907 × 10^290 |
| 87 | ov_087 | 3.4319893145720655 × 10^290 |
| 88 | ov_088 | 2.2052304171107154 × 10^290 |
| 89 | ov_089 | 1.3519536961168273 × 10^290 |
| 90 | ov_090 | 7.858428844423177 × 10^289 |
| 91 | ov_091 | 4.3142919963899554 × 10^289 |
| 92 | ov_092 | 2.240833634764645 × 10^289 |
| 93 | ov_093 | 1.1001131485727593 × 10^289 |
| 94 | ov_094 | 4.6252218490719575 × 10^288 |
| 95 | aaa_78_28 | 1.4033818742107696 × 10^288 |
| 96 | aaa_78_29 | 4.192454952317484 × 10^287 |
| 97 | ov_097 | 2.2191296718746758 × 10^287 |
| 98 | ov_098 | 2.2191011526893245 × 10^287 |
| 99 | ov_099 | 2.2190920320341776 × 10^287 |
| 100 | ov_100 | 1.815897272766506 × 10^287 |
| 101 | ov_101 | 1.4762817019838974 × 10^287 |
| 102 | ov_102 | 1.1931823173478204 × 10^287 |
| 103 | ov_103 | 9.599284984710674 × 10^286 |
| 104 | ov_104 | 7.702135956952074 × 10^286 |
| 105 | ov_105 | 6.180700884618954 × 10^286 |
| 106 | ov_106 | 4.978479951143896 × 10^286 |
| 107 | ov_107 | 4.0419623285799455 × 10^286 |
| 108 | ov_108 | 3.320466428354322 × 10^286 |
| 109 | ov_109 | 2.7660041095201876 × 10^286 |
| 110 | ov_110 | 2.3331663031786674 × 10^286 |
| 111 | ov_111 | 1.9790276604894692 × 10^286 |
| 112 | ov_112 | 1.6630679776204575 × 10^286 |
| 113 | ov_113 | 1.3829971982482657 × 10^286 |
| 114 | ov_114 | 1.1365655602227938 × 10^286 |
| 115 | ov_115 | 9.215543817190804 × 10^285 |
| 116 | ov_116 | 7.357683874847914 × 10^285 |
| 117 | ov_117 | 5.770294359594172 × 10^285 |
| 118 | ov_118 | 4.431715082436901 × 10^285 |
| 119 | ov_119 | 3.3203682000586553 × 10^285 |
| 120 | ov_120 | 2.4147291746524138 × 10^285 |
| 121 | ov_121 | 1.6933061861930667 × 10^285 |
| 122 | ov_122 | 1.134626608936501 × 10^285 |
| 123 | ov_123 | 7.172287147716257 × 10^284 |
| 124 | ov_124 | 4.196564903621166 × 10^284 |
| 125 | ov_125 | 2.204564216860876 × 10^284 |
| 126 | ov_126 | 9.817585121138172 × 10^283 |
| 127 | aaa_77_28 | 3.1362346152835 × 10^283 |
| 128 | aaa_77_29 | 1.1764712772763066 × 10^283 |
| 129 | ov_129 | 1.1042261657967116 × 10^283 |
| 130 | ov_130 | 1.104223117110098 × 10^283 |
| 131 | ov_131 | 1.104222378648404 × 10^283 |
| 132 | ov_132 | 9.605742805868153 × 10^282 |
| 133 | ov_133 | 8.31633118648717 × 10^282 |
| 134 | ov_134 | 7.162949031309684 × 10^282 |
| 135 | ov_135 | 6.13516152564951 × 10^282 |
| 136 | ov_136 | 5.2230960109424524 × 10^282 |
| 137 | ov_137 | 4.4174046439806627 × 10^282 |
| 138 | ov_138 | 3.709232131543145 × 10^282 |
| 139 | ov_139 | 3.0901880571437637 × 10^282 |
| 140 | ov_140 | 2.552323342484653 × 10^282 |
| 141 | ov_141 | 2.0881104113317185 × 10^282 |
| 142 | ov_142 | 1.69042664807412 × 10^282 |
| 143 | ov_143 | 1.3525407673228578 × 10^282 |
| 144 | ov_144 | 1.0681017346555758 × 10^282 |
| 145 | ov_145 | 8.311299021167681 × 10^281 |
| 146 | ov_146 | 6.3601004540849764 × 10^281 |
| 147 | ov_147 | 4.774860129140167 × 10^281 |
| 148 | ov_148 | 3.5065671982851725 × 10^281 |
| 149 | ov_149 | 2.5097324375784996 × 10^281 |
| 150 | ov_150 | 1.7423680120695004 × 10^281 |
| 151 | ov_151 | 1.1659740742605083 × 10^281 |
| 152 | ov_152 | 7.4553045120620545 × 10^280 |
| 153 | ov_153 | 4.494919056368903 × 10^280 |
| 154 | ov_154 | 2.4978568678992938 × 10^280 |
| 155 | ov_155 | 1.2181035022224882 × 10^280 |
| 156 | aaa_76_25 | 4.4435206989653284 × 10^279 |
| 157 | aaa_76_26 | 2.568519069721796 × 10^279 |
| 158 | aaa_76_27 | 1.3162565377729598 × 10^279 |
| 159 | aaa_76_28 | 5.132201455320861 × 10^278 |
| 160 | aaa_76_29 | 1.563088193327575 × 10^278 |

### Output Bits Sorted by Complexity

| Rank | Output Bit | Complexity |
|:----:|:----------:|:----------:|
| 160 | aaa_76_29 | 1.563088193327575 × 10^278 |
| 159 | aaa_76_28 | 5.132201455320861 × 10^278 |
| 158 | aaa_76_27 | 1.3162565377729598 × 10^279 |
| 157 | aaa_76_26 | 2.568519069721796 × 10^279 |
| 156 | aaa_76_25 | 4.4435206989653284 × 10^279 |
| 155 | ov_155 | 1.2181035022224882 × 10^280 |
| 154 | ov_154 | 2.4978568678992938 × 10^280 |
| 153 | ov_153 | 4.494919056368903 × 10^280 |
| 152 | ov_152 | 7.4553045120620545 × 10^280 |
| 151 | ov_151 | 1.1659740742605083 × 10^281 |
| 150 | ov_150 | 1.7423680120695004 × 10^281 |
| 149 | ov_149 | 2.5097324375784996 × 10^281 |
| 148 | ov_148 | 3.5065671982851725 × 10^281 |
| 147 | ov_147 | 4.774860129140167 × 10^281 |
| 146 | ov_146 | 6.3601004540849764 × 10^281 |
| 145 | ov_145 | 8.311299021167681 × 10^281 |
| 144 | ov_144 | 1.0681017346555758 × 10^282 |
| 143 | ov_143 | 1.3525407673228578 × 10^282 |
| 142 | ov_142 | 1.69042664807412 × 10^282 |
| 141 | ov_141 | 2.0881104113317185 × 10^282 |
| 140 | ov_140 | 2.552323342484653 × 10^282 |
| 139 | ov_139 | 3.0901880571437637 × 10^282 |
| 138 | ov_138 | 3.709232131543145 × 10^282 |
| 137 | ov_137 | 4.4174046439806627 × 10^282 |
| 136 | ov_136 | 5.2230960109424524 × 10^282 |
| 135 | ov_135 | 6.13516152564951 × 10^282 |
| 134 | ov_134 | 7.162949031309684 × 10^282 |
| 133 | ov_133 | 8.31633118648717 × 10^282 |
| 132 | ov_132 | 9.605742805868153 × 10^282 |
| 131 | ov_131 | 1.104222378648404 × 10^283 |
| 130 | ov_130 | 1.104223117110098 × 10^283 |
| 129 | ov_129 | 1.1042261657967116 × 10^283 |
| 128 | aaa_77_29 | 1.1764712772763066 × 10^283 |
| 127 | aaa_77_28 | 3.1362346152835 × 10^283 |
| 126 | ov_126 | 9.817585121138172 × 10^283 |
| 125 | ov_125 | 2.204564216860876 × 10^284 |
| 124 | ov_124 | 4.196564903621166 × 10^284 |
| 123 | ov_123 | 7.172287147716257 × 10^284 |
| 122 | ov_122 | 1.134626608936501 × 10^285 |
| 121 | ov_121 | 1.6933061861930667 × 10^285 |
| 120 | ov_120 | 2.4147291746524138 × 10^285 |
| 119 | ov_119 | 3.3203682000586553 × 10^285 |
| 118 | ov_118 | 4.431715082436901 × 10^285 |
| 117 | ov_117 | 5.770294359594172 × 10^285 |
| 116 | ov_116 | 7.357683874847914 × 10^285 |
| 115 | ov_115 | 9.215543817190804 × 10^285 |
| 114 | ov_114 | 1.1365655602227938 × 10^286 |
| 113 | ov_113 | 1.3829971982482657 × 10^286 |
| 112 | ov_112 | 1.6630679776204575 × 10^286 |
| 111 | ov_111 | 1.9790276604894692 × 10^286 |
| 110 | ov_110 | 2.3331663031786674 × 10^286 |
| 109 | ov_109 | 2.7660041095201876 × 10^286 |
| 108 | ov_108 | 3.320466428354322 × 10^286 |
| 107 | ov_107 | 4.0419623285799455 × 10^286 |
| 106 | ov_106 | 4.978479951143896 × 10^286 |
| 105 | ov_105 | 6.180700884618954 × 10^286 |
| 104 | ov_104 | 7.702135956952074 × 10^286 |
| 103 | ov_103 | 9.599284984710674 × 10^286 |
| 102 | ov_102 | 1.1931823173478204 × 10^287 |
| 101 | ov_101 | 1.4762817019838974 × 10^287 |
| 100 | ov_100 | 1.815897272766506 × 10^287 |
| 99 | ov_099 | 2.2190920320341776 × 10^287 |
| 98 | ov_098 | 2.2191011526893245 × 10^287 |
| 97 | ov_097 | 2.2191296718746758 × 10^287 |
| 96 | aaa_78_29 | 4.192454952317484 × 10^287 |
| 95 | aaa_78_28 | 1.4033818742107696 × 10^288 |
| 94 | ov_094 | 4.6252218490719575 × 10^288 |
| 93 | ov_093 | 1.1001131485727593 × 10^289 |
| 92 | ov_092 | 2.240833634764645 × 10^289 |
| 91 | ov_091 | 4.3142919963899554 × 10^289 |
| 90 | ov_090 | 7.858428844423177 × 10^289 |
| 89 | ov_089 | 1.3519536961168273 × 10^290 |
| 88 | ov_088 | 2.2052304171107154 × 10^290 |
| 87 | ov_087 | 3.4319893145720655 × 10^290 |
| 86 | ov_086 | 5.129407431550907 × 10^290 |
| 85 | ov_085 | 7.405542891006621 × 10^290 |
| 84 | ov_084 | 1.0379363929156579 × 10^291 |
| 83 | ov_083 | 1.4180788374889783 × 10^291 |
| 82 | ov_082 | 1.8950735292361124 × 10^291 |
| 81 | ov_081 | 2.4841190504625158 × 10^291 |
| 64 | lv_79_m31 | 2.797275424757571 × 10^291 |
| 80 | ov_080 | 3.201528771748348 × 10^291 |
| 79 | ov_079 | 4.0647406964947466 × 10^291 |
| 78 | ov_078 | 5.092329210134294 × 10^291 |
| 77 | ov_077 | 6.304018907072102 × 10^291 |
| 76 | ov_076 | 7.720700669262292 × 10^291 |
| 75 | ov_075 | 9.364450171521684 × 10^291 |
| 74 | ov_074 | 1.1258548990333953 × 10^292 |
| 73 | ov_073 | 1.3427508495109447 × 10^292 |
| 63 | ov_063 | 1.434245144423763 × 10^292 |
| 72 | ov_072 | 1.5897097085546082 × 10^292 |
| 71 | ov_071 | 1.8694372511215576 × 10^292 |
| 70 | ov_070 | 2.1847722253801936 × 10^292 |
| 69 | ov_069 | 2.5386915507181027 × 10^292 |
| 68 | ov_068 | 2.934317049340385 × 10^292 |
| 67 | ov_067 | 3.37492410639556 × 10^292 |
| 66 | ov_066 | 3.3749260035445866 × 10^292 |
| 65 | ov_065 | 3.3749340275298595 × 10^292 |
| 62 | ov_062 | 7.352239801925702 × 10^292 |
| 61 | ov_061 | 2.6780228769013845 × 10^293 |
| 60 | ov_060 | 7.660686362094962 × 10^293 |
| 59 | ov_059 | 1.8472554918826376 × 10^294 |
| 58 | ov_058 | 3.747348029082379 × 10^294 |
| 57 | ov_057 | 6.768146184932264 × 10^294 |
| 56 | ov_056 | 1.1579066919754649 × 10^295 |
| 55 | ov_055 | 1.8981167815562807 × 10^295 |
| 54 | ov_054 | 2.9907167750829125 × 10^295 |
| 53 | ov_053 | 4.5421488509484433 × 10^295 |
| 52 | ov_052 | 6.672033209323678 × 10^295 |
| 51 | ov_051 | 9.513181897232668 × 10^295 |
| 50 | ov_050 | 1.321162246415131 × 10^296 |
| 49 | ov_049 | 1.792663618514264 × 10^296 |
| 48 | ov_048 | 2.3830816455591193 × 10^296 |
| 47 | ov_047 | 3.111015382916858 × 10^296 |
| 32 | lv_80_m31 | 3.436425736275016 × 10^296 |
| 46 | ov_046 | 3.996415503911613 × 10^296 |
| 45 | ov_045 | 5.060600421276223 × 10^296 |
| 44 | ov_044 | 6.32627753610318 × 10^296 |
| 43 | ov_043 | 7.817570609935817 × 10^296 |
| 42 | ov_042 | 9.560054343481811 × 10^296 |
| 41 | ov_041 | 1.1580797333745039 × 10^297 |
| 40 | ov_040 | 1.3908414670268781 × 10^297 |
| 39 | ov_039 | 1.657313152079859 × 10^297 |
| 31 | ov_031 | 1.7620395765030753 × 10^297 |
| 38 | ov_038 | 1.9606859147155593 × 10^297 |
| 37 | ov_037 | 2.3043284883620216 × 10^297 |
| 36 | ov_036 | 2.691797770283527 × 10^297 |
| 35 | ov_035 | 3.126851108833326 × 10^297 |
| 34 | ov_034 | 3.613460502847715 × 10^297 |
| 33 | ov_033 | 4.155828904409569 × 10^297 |
| 30 | ov_030 | 9.033088772838597 × 10^297 |
| 29 | ov_029 | 2.9545222611850535 × 10^298 |
| 28 | ov_028 | 7.666644576451732 × 10^298 |
| 27 | ov_027 | 1.8468368880383221 × 10^299 |
| 26 | ov_026 | 4.0352811033315716 × 10^299 |
| 25 | ov_025 | 7.99317567672475 × 10^299 |
| 24 | ov_024 | 1.4543570262491694 × 10^300 |
| 23 | ov_023 | 2.4671398300256074 × 10^300 |
| 22 | ov_022 | 3.952350919886885 × 10^300 |
| 21 | ov_021 | 6.040873666956804 × 10^300 |
| 20 | ov_020 | 8.879802336350932 × 10^300 |
| 19 | ov_019 | 1.2632462743146478 × 10^301 |
| 18 | ov_018 | 1.747844505134452 × 10^301 |
| 17 | ov_017 | 2.3613654361857905 × 10^301 |
| 16 | ov_016 | 3.125038602479239 × 10^301 |
| 15 | ov_015 | 4.0617433664811113 × 10^301 |
| 14 | ov_014 | 5.196023896241009 × 10^301 |
| 13 | ov_013 | 6.554109328889566 × 10^301 |
| 12 | ov_012 | 8.16394023494014 × 10^301 |
| 11 | ov_011 | 1.0055202604740796 × 10^302 |
| 10 | ov_010 | 1.2259370684733992 × 10^302 |
| 9 | ov_009 | 1.4809760098080098 × 10^302 |
| 8 | ov_008 | 1.7741592791931312 × 10^302 |
| 7 | ov_007 | 2.1092075462511242 × 10^302 |
| 6 | ov_006 | 2.4900493219538106 × 10^302 |
| 5 | ov_005 | 2.9208320363877627 × 10^302 |
| 4 | ov_004 | 3.405935026716057 × 10^302 |
| 3 | ov_003 | 3.949984646007469 × 10^302 |
| 2 | ov_002 | 4.5578717157863545 × 10^302 |
| 1 | ov_001 | 5.2347715578062745 × 10^302 |

