# Results for E002006-F017-F018-F019-F020-F021-F022-F023-F024-F025-F026-F027-F028-F029-F030-F031-F032-F033-F034-F035-F036-F037-F038-F039-F040-F041-F042-F043-F044-F045-F046-F047-F048-F049-F050-F051-F052-F053-F054-F055-F056-F057-F058-F059-F060-F061-F062-F063-F064-F065-F066-F067-F068-F069-F070-F071-F072-F073-F074-F075-F076-F077-F078-F079-F080-F081-F082-F083-F084-F085-F086-F087-F088-F089-F090-F091-F092-F093-F094-F095-F096-F097-F098-F099-F100-F101-F102-F103-F104-F105-F106-F107-F108-F109-F110-F111-F112-F113-F114-F115-F116-F117-F118-F119-F120-F121-F122-F123-F124-F125-F126-F127-F128-F129-F130-F131-F132-F133-F134-F135-F136-F137-F138-F139-F140-F141-F142-F143-F144-F145-F146-F147-F148-F149-F150-F151-F152-F153-F154-F155-F156-F157-F158-F159-F160-F161-F162-F163-F164-F165-F166-F167-F168-F169-F170-F171-F172-F173-F174-F175-F176-F177-F178-F179-F180-F181-F182-F183-F184-F185-F186-F187-F188-F189-F190-F191-F192-F193-F194-F195-F196-F197-F198-F199-F200-F201-F202-F203-F204-F205-F206-F207-F208-F209-F210-F211-F212-F213-F214-F215-F216-F217-F218-F219-F220-F221-F222-F223-F224-F225-F226-F227-F228-F229-F230-F231-F232-F233-F234-F235-F236-F237-F238-F239-F240-F241-F242-F243-F244-F245-F246-F247-F248-F249-F250-F251-F252-F253-F254-F255-F256-F257-F258-F259-F260-F261-F262-F263-F264-F265-F266-F267-F268-F269-F270-F271-F272-F273-F274-F275-F276-F277-F278-F279-F280-F281-F282-F283-F284-F285-F286-F287-F288-F289-F290-F291-F292-F293-F294-F295-F296-F297-F298-F299-F300-F301-F302-F303-F304-F305-F306-F307-F308-F309-F310-F311-F312-F313-F314-F315-F316-F317-F318-F319-F320-F321-F322-F323-F324-F325-F326-F327-F328-F329-F330-F331-F332-F333-F334-F335-F336-F337-F338-F339-F340-F341-F342-F343-F344-F345-F346-F347-F348-F349-F350-F351-F352-F353-F354-F355-F356-F357-F358-F359-F360-F361-F362-F363-F364-F365-F366-F367-F368-F369-F370-F371-F372-F373-F374-F375-F376-F377-F378-F379-F380-F381-F382-F383-F384-F385-F386-F387-F388-F389-F390-F391-F392-F393-F394-F395-F396-F397-F398-F399-F400-F401-F402-F403-F404-F405-F406-F407-F408-F409-F410-F411-F412-F413-F414-F415-F416-F417-F418-F419-F420-F421-F422-F423-F424-F425-F426-F427-F428-F429-F430-F431-F432-F433-F434-F435-F436-F437-F438-F439-F440-F441-F442-F443-F444-F445-F446-F447-F448-F449-F450-F451-F452-F453-F454-F455-F456-F457-F458-F459-F460-F461-F462-F463-F464-F465-F466-F467-F468-F469-F470-F471-F472-F473-F474-F475-F476-F477-F478-F479-F480-F481-F482-F483-F484-F485-F486-F487-F488-F489-F490-F491-F492-F493-F494-F495-F496-F497-F498-F499-F500-F501-F502-F503-F504-F505-F506-F507-F508-F509-F510-F511-F512

## Summary

Number of input bits: 512  
Number of free input bits: 15  
Number of output bits: 160

Number of direct occurrences: 68138  
Number of assignments: 39159  
Number of operations: 19122430
(xor: 19084890,
and: 20890,
or: 16650)

Total complexity: 9.307465033528931 × 10^355

Least occurring input variable: iv_012 (4188)  
Most occurring input variable: iv_015 (4856)

Most co-occurring input variables: iv_005-iv_015 (2353)  
Least co-occurring input variables: iv_012-iv_016 (1921)

Potentially most occurring input variable: iv_002/iv_015 (5328)  
Potentially least occurring input variable: iv_008/iv_009 (4447)

Least output occurring input variable: iv_011 (63)  
Most output occurring input variable: iv_012 (86)

Most output co-occurring input variables: iv_005-iv_015 (50)  
Least output co-occurring input variables: iv_005-iv_011 (20)

Potentially most output occurring input variable: iv_005/iv_011 (96)  
Potentially least output occurring input variable: iv_005/iv_015 (59)

Least complex input bit: iv_016 (1.360862395405976 × 10^352)  
Most complex input bit: iv_015 (1.893049493517986 × 10^355)

Least complex output bit: aaa_76_29 (1.9544207209278005 × 10^331)  
Most complex output bit: ov_001 (1.4248580392753733 × 10^355)

Least complex input/output complexity: iv_016/aaa_76_29 (2.85759619223028 × 10^327)  
Most complex input/output complexity: iv_015/ov_001 (2.898025165679918 × 10^354)

## Input Bits

### Input Bits in Regular Order

| Input Bit | Complexity | Occurrences | Output Occurrences |
|:---------:|:----------:|:-----------:|:------------------:|
| iv_001 | 4.155376510092423 × 10^352 | 4566 | 75 |
| iv_002 | 2.6719566094215035 × 10^354 | 4700 | 66 |
| iv_003 | 5.174380339266422 × 10^353 | 4375 | 75 |
| iv_004 | 1.1255219059196041 × 10^354 | 4541 | 77 |
| iv_005 | 1.804327310240287 × 10^354 | 4621 | 73 |
| iv_007 | 3.232009183175577 × 10^354 | 4356 | 81 |
| iv_008 | 4.070631056117325 × 10^354 | 4446 | 69 |
| iv_009 | 5.117131111041496 × 10^354 | 4629 | 84 |
| iv_010 | 6.53177284151165 × 10^354 | 4483 | 83 |
| iv_011 | 8.526353393955736 × 10^354 | 4648 | 63 |
| iv_012 | 1.0785611855462092 × 10^355 | 4188 | 86 |
| iv_013 | 1.336779403338298 × 10^355 | 4540 | 78 |
| iv_014 | 1.6338445676899691 × 10^355 | 4685 | 83 |
| iv_015 | 1.893049493517986 × 10^355 | 4856 | 86 |
| iv_016 | 1.360862395405976 × 10^352 | 4504 | 79 |

### Input Bits Sorted by Complexity

| Input Bit | Complexity | Occurrences | Output Occurrences |
|:---------:|:----------:|:-----------:|:------------------:|
| iv_016 | 1.360862395405976 × 10^352 | 4504 | 79 |
| iv_001 | 4.155376510092423 × 10^352 | 4566 | 75 |
| iv_003 | 5.174380339266422 × 10^353 | 4375 | 75 |
| iv_004 | 1.1255219059196041 × 10^354 | 4541 | 77 |
| iv_005 | 1.804327310240287 × 10^354 | 4621 | 73 |
| iv_002 | 2.6719566094215035 × 10^354 | 4700 | 66 |
| iv_007 | 3.232009183175577 × 10^354 | 4356 | 81 |
| iv_008 | 4.070631056117325 × 10^354 | 4446 | 69 |
| iv_009 | 5.117131111041496 × 10^354 | 4629 | 84 |
| iv_010 | 6.53177284151165 × 10^354 | 4483 | 83 |
| iv_011 | 8.526353393955736 × 10^354 | 4648 | 63 |
| iv_012 | 1.0785611855462092 × 10^355 | 4188 | 86 |
| iv_013 | 1.336779403338298 × 10^355 | 4540 | 78 |
| iv_014 | 1.6338445676899691 × 10^355 | 4685 | 83 |
| iv_015 | 1.893049493517986 × 10^355 | 4856 | 86 |

### Input Bits Sorted by Occurrences

| Input Bit | Complexity | Occurrences | Output Occurrences |
|:---------:|:----------:|:-----------:|:------------------:|
| iv_012 | 1.0785611855462092 × 10^355 | 4188 | 86 |
| iv_007 | 3.232009183175577 × 10^354 | 4356 | 81 |
| iv_003 | 5.174380339266422 × 10^353 | 4375 | 75 |
| iv_008 | 4.070631056117325 × 10^354 | 4446 | 69 |
| iv_010 | 6.53177284151165 × 10^354 | 4483 | 83 |
| iv_016 | 1.360862395405976 × 10^352 | 4504 | 79 |
| iv_013 | 1.336779403338298 × 10^355 | 4540 | 78 |
| iv_004 | 1.1255219059196041 × 10^354 | 4541 | 77 |
| iv_001 | 4.155376510092423 × 10^352 | 4566 | 75 |
| iv_005 | 1.804327310240287 × 10^354 | 4621 | 73 |
| iv_009 | 5.117131111041496 × 10^354 | 4629 | 84 |
| iv_011 | 8.526353393955736 × 10^354 | 4648 | 63 |
| iv_014 | 1.6338445676899691 × 10^355 | 4685 | 83 |
| iv_002 | 2.6719566094215035 × 10^354 | 4700 | 66 |
| iv_015 | 1.893049493517986 × 10^355 | 4856 | 86 |

### Input Bits Sorted by Output Occurrences

| Input Bit | Complexity | Occurrences | Output Occurrences |
|:---------:|:----------:|:-----------:|:------------------:|
| iv_011 | 8.526353393955736 × 10^354 | 4648 | 63 |
| iv_002 | 2.6719566094215035 × 10^354 | 4700 | 66 |
| iv_008 | 4.070631056117325 × 10^354 | 4446 | 69 |
| iv_005 | 1.804327310240287 × 10^354 | 4621 | 73 |
| iv_003 | 5.174380339266422 × 10^353 | 4375 | 75 |
| iv_001 | 4.155376510092423 × 10^352 | 4566 | 75 |
| iv_004 | 1.1255219059196041 × 10^354 | 4541 | 77 |
| iv_013 | 1.336779403338298 × 10^355 | 4540 | 78 |
| iv_016 | 1.360862395405976 × 10^352 | 4504 | 79 |
| iv_007 | 3.232009183175577 × 10^354 | 4356 | 81 |
| iv_010 | 6.53177284151165 × 10^354 | 4483 | 83 |
| iv_014 | 1.6338445676899691 × 10^355 | 4685 | 83 |
| iv_009 | 5.117131111041496 × 10^354 | 4629 | 84 |
| iv_015 | 1.893049493517986 × 10^355 | 4856 | 86 |
| iv_012 | 1.0785611855462092 × 10^355 | 4188 | 86 |

## Input Bit Co-occurrences

### Input Bit Co-occurrences Sorted by Co-occurrences

| Input Bits | Co-occurrences | Potential Occurrences | Output Co-occurrences | Potential Output Occurrences |
|:----------:|:--------------:|:---------------------:|:---------------------:|:----------------------------:|
| iv_005-iv_015 | 2353 | 4771 | 50 | 59 |
| iv_004-iv_005 | 2346 | 4470 | 35 | 80 |
| iv_014-iv_015 | 2314 | 4913 | 39 | 91 |
| iv_008-iv_009 | 2314 | 4447 | 38 | 77 |
| iv_009-iv_015 | 2314 | 4857 | 45 | 80 |
| iv_009-iv_014 | 2273 | 4768 | 45 | 77 |
| iv_010-iv_015 | 2248 | 4843 | 44 | 81 |
| iv_009-iv_011 | 2246 | 4785 | 33 | 81 |
| iv_004-iv_009 | 2237 | 4696 | 44 | 73 |
| iv_009-iv_010 | 2234 | 4644 | 47 | 73 |
| iv_005-iv_009 | 2216 | 4818 | 34 | 89 |
| iv_013-iv_014 | 2203 | 4819 | 40 | 81 |
| iv_004-iv_014 | 2203 | 4820 | 41 | 78 |
| iv_005-iv_010 | 2202 | 4700 | 34 | 88 |
| iv_013-iv_015 | 2197 | 5002 | 46 | 72 |

### Input Bit Co-occurrences Sorted by Potential Occurrences

| Input Bits | Co-occurrences | Potential Occurrences | Output Co-occurrences | Potential Output Occurrences |
|:----------:|:--------------:|:---------------------:|:---------------------:|:----------------------------:|
| iv_008-iv_009 | 2314 | 4447 | 38 | 77 |
| iv_004-iv_005 | 2346 | 4470 | 35 | 80 |
| iv_003-iv_012 | 2037 | 4489 | 42 | 77 |
| iv_007-iv_012 | 2027 | 4490 | 45 | 77 |
| iv_003-iv_013 | 2188 | 4539 | 36 | 81 |
| iv_003-iv_008 | 2141 | 4539 | 34 | 76 |
| iv_003-iv_004 | 2188 | 4540 | 38 | 76 |
| iv_008-iv_012 | 2031 | 4572 | 37 | 81 |
| iv_003-iv_007 | 2056 | 4619 | 42 | 72 |
| iv_008-iv_013 | 2180 | 4626 | 34 | 79 |
| iv_012-iv_013 | 2047 | 4634 | 42 | 80 |
| iv_009-iv_010 | 2234 | 4644 | 47 | 73 |
| iv_007-iv_010 | 2086 | 4667 | 41 | 82 |
| iv_001-iv_007 | 2121 | 4680 | 40 | 76 |
| iv_004-iv_007 | 2103 | 4691 | 35 | 88 |

### Input Bit Output Co-occurrences Sorted by Output Co-occurrences

| Input Bits | Co-occurrences | Potential Occurrences | Output Co-occurrences | Potential Output Occurrences |
|:----------:|:--------------:|:---------------------:|:---------------------:|:----------------------------:|
| iv_005-iv_015 | 2353 | 4771 | 50 | 59 |
| iv_009-iv_010 | 2234 | 4644 | 47 | 73 |
| iv_013-iv_015 | 2197 | 5002 | 46 | 72 |
| iv_012-iv_015 | 2033 | 4978 | 46 | 80 |
| iv_001-iv_009 | 2166 | 4863 | 46 | 67 |
| iv_009-iv_014 | 2273 | 4768 | 45 | 77 |
| iv_009-iv_015 | 2314 | 4857 | 45 | 80 |
| iv_007-iv_012 | 2027 | 4490 | 45 | 77 |
| iv_007-iv_015 | 2105 | 5002 | 44 | 79 |
| iv_010-iv_014 | 2178 | 4812 | 44 | 78 |
| iv_010-iv_015 | 2248 | 4843 | 44 | 81 |
| iv_004-iv_010 | 2129 | 4766 | 44 | 72 |
| iv_001-iv_010 | 2111 | 4827 | 44 | 70 |
| iv_004-iv_009 | 2237 | 4696 | 44 | 73 |
| iv_009-iv_012 | 2053 | 4711 | 44 | 82 |

### Input Bit Output Co-occurrences Sorted by Potential Output Occurrences

| Input Bits | Co-occurrences | Potential Occurrences | Output Co-occurrences | Potential Output Occurrences |
|:----------:|:--------------:|:---------------------:|:---------------------:|:----------------------------:|
| iv_005-iv_015 | 2353 | 4771 | 50 | 59 |
| iv_008-iv_014 | 2197 | 4737 | 43 | 66 |
| iv_001-iv_009 | 2166 | 4863 | 46 | 67 |
| iv_004-iv_011 | 2066 | 5057 | 36 | 68 |
| iv_002-iv_005 | 2090 | 5141 | 35 | 69 |
| iv_001-iv_010 | 2111 | 4827 | 44 | 70 |
| iv_002-iv_013 | 2129 | 4982 | 37 | 70 |
| iv_005-iv_013 | 2089 | 4983 | 40 | 71 |
| iv_004-iv_013 | 2141 | 4799 | 42 | 71 |
| iv_013-iv_015 | 2197 | 5002 | 46 | 72 |
| iv_004-iv_010 | 2129 | 4766 | 44 | 72 |
| iv_003-iv_007 | 2056 | 4619 | 42 | 72 |
| iv_001-iv_003 | 2012 | 4917 | 39 | 72 |
| iv_003-iv_005 | 2128 | 4740 | 38 | 72 |
| iv_009-iv_010 | 2234 | 4644 | 47 | 73 |

## Output Bits

### Output Bits in Regular Order

| Rank | Output Bit | Complexity |
|:----:|:----------:|:----------:|
| 1 | ov_001 | 1.4248580392753733 × 10^355 |
| 2 | ov_002 | 1.2441791432935037 × 10^355 |
| 3 | ov_003 | 1.0817904547906019 × 10^355 |
| 4 | ov_004 | 9.36243234763901 × 10^354 |
| 5 | ov_005 | 8.061696909782833 × 10^354 |
| 6 | ov_006 | 6.902773455240569 × 10^354 |
| 7 | ov_007 | 5.873440733086488 × 10^354 |
| 8 | ov_008 | 4.96213744674853 × 10^354 |
| 9 | ov_009 | 4.157924210669459 × 10^354 |
| 10 | ov_010 | 3.450450674557031 × 10^354 |
| 11 | ov_011 | 2.834685125859701 × 10^354 |
| 12 | ov_012 | 2.305869920458382 × 10^354 |
| 13 | ov_013 | 1.8552707908662172 × 10^354 |
| 14 | ov_014 | 1.4746549860022713 × 10^354 |
| 15 | ov_015 | 1.1562781048642298 × 10^354 |
| 16 | ov_016 | 8.92873547605182 × 10^353 |
| 17 | ov_017 | 6.776442046788557 × 10^353 |
| 18 | ov_018 | 5.042560358620608 × 10^353 |
| 19 | ov_019 | 3.6683322165287885 × 10^353 |
| 20 | ov_020 | 2.599545998899807 × 10^353 |
| 21 | ov_021 | 1.7865113053715367 × 10^353 |
| 22 | ov_022 | 1.1840416150547525 × 10^353 |
| 23 | ov_023 | 7.514429820461774 × 10^352 |
| 24 | ov_024 | 4.525070926940405 × 10^352 |
| 25 | ov_025 | 2.555073062824784 × 10^352 |
| 26 | ov_026 | 1.3319659666795253 × 10^352 |
| 27 | ov_027 | 6.280660003230213 × 10^351 |
| 28 | ov_028 | 2.604723626401083 × 10^351 |
| 29 | ov_029 | 9.106585994837842 × 10^350 |
| 30 | ov_030 | 2.5006273543118925 × 10^350 |
| 31 | ov_031 | 4.8796601527428195 × 10^349 |
| 32 | lv_80_m31 | 9.520805781938828 × 10^348 |
| 33 | ov_033 | 1.1787722551633905 × 10^350 |
| 34 | ov_034 | 1.0285400396036602 × 10^350 |
| 35 | ov_035 | 8.939728990102582 × 10^349 |
| 36 | ov_036 | 7.737447427843196 × 10^349 |
| 37 | ov_037 | 6.666109591130136 × 10^349 |
| 38 | ov_038 | 5.7140290118052164 × 10^349 |
| 39 | ov_039 | 4.870228633525435 × 10^349 |
| 40 | ov_040 | 4.124395208076778 × 10^349 |
| 41 | ov_041 | 3.4668380719740664 × 10^349 |
| 42 | ov_042 | 2.8884520584010785 × 10^349 |
| 43 | ov_043 | 2.3806843071562827 × 10^349 |
| 44 | ov_044 | 1.9393925523515033 × 10^349 |
| 45 | ov_045 | 1.5606889830964106 × 10^349 |
| 46 | ov_046 | 1.240928034422235 × 10^349 |
| 47 | ov_047 | 9.735041393461584 × 10^348 |
| 48 | ov_048 | 7.522486203640181 × 10^348 |
| 49 | ov_049 | 5.714151739420473 × 10^348 |
| 50 | ov_050 | 4.2566770797895926 × 10^348 |
| 51 | ov_051 | 3.1007031900142335 × 10^348 |
| 52 | ov_052 | 2.2007919639826146 × 10^348 |
| 53 | ov_053 | 1.5153624133570724 × 10^348 |
| 54 | ov_054 | 1.0066418819217944 × 10^348 |
| 55 | ov_055 | 6.40630164566913 × 10^347 |
| 56 | ov_056 | 3.870744108733303 × 10^347 |
| 57 | ov_057 | 2.194526935023046 × 10^347 |
| 58 | ov_058 | 1.149641394151533 × 10^347 |
| 59 | ov_059 | 5.452362647804173 × 10^346 |
| 60 | ov_060 | 2.2759318952745365 × 10^346 |
| 61 | ov_061 | 8.01172421256057 × 10^345 |
| 62 | ov_062 | 2.215389653303262 × 10^345 |
| 63 | ov_063 | 4.355703905457857 × 10^344 |
| 64 | lv_79_m31 | 8.562970509115128 × 10^343 |
| 65 | ov_065 | 1.1740144353546448 × 10^345 |
| 66 | ov_066 | 1.1739790980326542 × 10^345 |
| 67 | ov_067 | 1.173967785835154 × 10^345 |
| 68 | ov_068 | 1.0559507749272646 × 10^345 |
| 69 | ov_069 | 9.467390110757885 × 10^344 |
| 70 | ov_070 | 8.458372020808333 × 10^344 |
| 71 | ov_071 | 7.527856322570989 × 10^344 |
| 72 | ov_072 | 6.67155927073606 × 10^344 |
| 73 | ov_073 | 5.88547226803014 × 10^344 |
| 74 | ov_074 | 5.165827023438692 × 10^344 |
| 75 | ov_075 | 4.509063056437777 × 10^344 |
| 76 | ov_076 | 3.911797365052676 × 10^344 |
| 77 | ov_077 | 3.3707969169476885 × 10^344 |
| 78 | ov_078 | 2.882954186089623 × 10^344 |
| 79 | ov_079 | 2.445265545212349 × 10^344 |
| 80 | ov_080 | 2.054812328155869 × 10^344 |
| 81 | ov_081 | 1.7087443791400264 × 10^344 |
| 82 | ov_082 | 1.4042659083002084 × 10^344 |
| 83 | ov_083 | 1.1386234744823531 × 10^344 |
| 84 | ov_084 | 9.090959174822493 × 10^343 |
| 85 | ov_085 | 7.129860627293996 × 10^343 |
| 86 | ov_086 | 5.476140219500188 × 10^343 |
| 87 | ov_087 | 4.1031191367465744 × 10^343 |
| 88 | ov_088 | 2.9841982764947875 × 10^343 |
| 89 | ov_089 | 2.092828573138239 × 10^343 |
| 90 | ov_090 | 1.4024902455250315 × 10^343 |
| 91 | ov_091 | 8.866792094909239 × 10^342 |
| 92 | ov_092 | 5.188989125882108 × 10^342 |
| 93 | ov_093 | 2.7265593571172853 × 10^342 |
| 94 | ov_094 | 1.2145793281447346 × 10^342 |
| 95 | aaa_78_28 | 3.8812839372863107 × 10^341 |
| 96 | aaa_78_29 | 1.456794514771711 × 10^341 |
| 97 | ov_097 | 1.3921722357328706 × 10^341 |
| 98 | ov_098 | 1.3921684207756446 × 10^341 |
| 99 | ov_099 | 1.392167497178459 × 10^341 |
| 100 | ov_100 | 1.2150322612951128 × 10^341 |
| 101 | ov_101 | 1.0559741099064715 × 10^341 |
| 102 | ov_102 | 9.135577948060342 × 10^340 |
| 103 | ov_103 | 7.864285249360974 × 10^340 |
| 104 | ov_104 | 6.73306549926437 × 10^340 |
| 105 | ov_105 | 5.7298239701512545 × 10^340 |
| 106 | ov_106 | 4.843126827078935 × 10^340 |
| 107 | ov_107 | 4.062164290406575 × 10^340 |
| 108 | ov_108 | 3.376718306302229 × 10^340 |
| 109 | ov_109 | 2.777134341357101 × 10^340 |
| 110 | ov_110 | 2.2587227307447665 × 10^340 |
| 111 | ov_111 | 1.8170577248115218 × 10^340 |
| 112 | ov_112 | 1.44404267179821 × 10^340 |
| 113 | ov_113 | 1.1320667411505618 × 10^340 |
| 114 | ov_114 | 8.739929132802728 × 10^339 |
| 115 | ov_115 | 6.631484293032367 × 10^339 |
| 116 | ov_116 | 4.933174006702432 × 10^339 |
| 117 | ov_117 | 3.587352359081221 × 10^339 |
| 118 | ov_118 | 2.5408455142349123 × 10^339 |
| 119 | ov_119 | 1.7449226815169885 × 10^339 |
| 120 | ov_120 | 1.1552763061233564 × 10^339 |
| 121 | ov_121 | 7.320091968302233 × 10^338 |
| 122 | ov_122 | 4.396266513884961 × 10^338 |
| 123 | ov_123 | 2.4703198733643652 × 10^338 |
| 124 | ov_124 | 1.2752423179676479 × 10^338 |
| 125 | ov_125 | 5.879705958114469 × 10^337 |
| 126 | ov_126 | 2.2938373856627 × 10^337 |
| 127 | aaa_77_28 | 6.430170939552038 × 10^336 |
| 128 | aaa_77_29 | 1.9569745790332 × 10^336 |
| 129 | ov_129 | 1.166369257710834 × 10^336 |
| 130 | ov_130 | 1.1663654420853056 × 10^336 |
| 131 | ov_131 | 1.1663645165435229 × 10^336 |
| 132 | ov_132 | 1.0178580330821376 × 10^336 |
| 133 | ov_133 | 8.854464578858383 × 10^335 |
| 134 | ov_134 | 7.677044702645678 × 10^335 |
| 135 | ov_135 | 6.632879033319815 × 10^335 |
| 136 | ov_136 | 5.70928184781978 × 10^335 |
| 137 | ov_137 | 4.894273891582602 × 10^335 |
| 138 | ov_138 | 4.1765384321646923 × 10^335 |
| 139 | ov_139 | 3.545382426406886 × 10^335 |
| 140 | ov_140 | 2.9907024516772035 × 10^335 |
| 141 | ov_141 | 2.5029550713364302 × 10^335 |
| 142 | ov_142 | 2.0731313235275715 × 10^335 |
| 143 | ov_143 | 1.6968574054001196 × 10^335 |
| 144 | ov_144 | 1.370010952371816 × 10^335 |
| 145 | ov_145 | 1.0887128320478762 × 10^335 |
| 146 | ov_146 | 8.493204992563405 × 10^334 |
| 147 | ov_147 | 6.484227189332954 × 10^334 |
| 148 | ov_148 | 4.828354518787748 × 10^334 |
| 149 | ov_149 | 3.495987154314209 × 10^334 |
| 150 | ov_150 | 2.4597424807856686 × 10^334 |
| 151 | ov_151 | 1.671444609653394 × 10^334 |
| 152 | ov_152 | 1.087287107540299 × 10^334 |
| 153 | ov_153 | 6.6782028292492 × 10^333 |
| 154 | ov_154 | 3.7794339176517588 × 10^333 |
| 155 | ov_155 | 1.8690019439658714 × 10^333 |
| 156 | aaa_76_25 | 6.827669425385495 × 10^332 |
| 157 | aaa_76_26 | 3.5662017656217443 × 10^332 |
| 158 | aaa_76_27 | 1.643888282746496 × 10^332 |
| 159 | aaa_76_28 | 6.412311710249361 × 10^331 |
| 160 | aaa_76_29 | 1.9544207209278005 × 10^331 |

### Output Bits Sorted by Complexity

| Rank | Output Bit | Complexity |
|:----:|:----------:|:----------:|
| 160 | aaa_76_29 | 1.9544207209278005 × 10^331 |
| 159 | aaa_76_28 | 6.412311710249361 × 10^331 |
| 158 | aaa_76_27 | 1.643888282746496 × 10^332 |
| 157 | aaa_76_26 | 3.5662017656217443 × 10^332 |
| 156 | aaa_76_25 | 6.827669425385495 × 10^332 |
| 155 | ov_155 | 1.8690019439658714 × 10^333 |
| 154 | ov_154 | 3.7794339176517588 × 10^333 |
| 153 | ov_153 | 6.6782028292492 × 10^333 |
| 152 | ov_152 | 1.087287107540299 × 10^334 |
| 151 | ov_151 | 1.671444609653394 × 10^334 |
| 150 | ov_150 | 2.4597424807856686 × 10^334 |
| 149 | ov_149 | 3.495987154314209 × 10^334 |
| 148 | ov_148 | 4.828354518787748 × 10^334 |
| 147 | ov_147 | 6.484227189332954 × 10^334 |
| 146 | ov_146 | 8.493204992563405 × 10^334 |
| 145 | ov_145 | 1.0887128320478762 × 10^335 |
| 144 | ov_144 | 1.370010952371816 × 10^335 |
| 143 | ov_143 | 1.6968574054001196 × 10^335 |
| 142 | ov_142 | 2.0731313235275715 × 10^335 |
| 141 | ov_141 | 2.5029550713364302 × 10^335 |
| 140 | ov_140 | 2.9907024516772035 × 10^335 |
| 139 | ov_139 | 3.545382426406886 × 10^335 |
| 138 | ov_138 | 4.1765384321646923 × 10^335 |
| 137 | ov_137 | 4.894273891582602 × 10^335 |
| 136 | ov_136 | 5.70928184781978 × 10^335 |
| 135 | ov_135 | 6.632879033319815 × 10^335 |
| 134 | ov_134 | 7.677044702645678 × 10^335 |
| 133 | ov_133 | 8.854464578858383 × 10^335 |
| 132 | ov_132 | 1.0178580330821376 × 10^336 |
| 131 | ov_131 | 1.1663645165435229 × 10^336 |
| 130 | ov_130 | 1.1663654420853056 × 10^336 |
| 129 | ov_129 | 1.166369257710834 × 10^336 |
| 128 | aaa_77_29 | 1.9569745790332 × 10^336 |
| 127 | aaa_77_28 | 6.430170939552038 × 10^336 |
| 126 | ov_126 | 2.2938373856627 × 10^337 |
| 125 | ov_125 | 5.879705958114469 × 10^337 |
| 124 | ov_124 | 1.2752423179676479 × 10^338 |
| 123 | ov_123 | 2.4703198733643652 × 10^338 |
| 122 | ov_122 | 4.396266513884961 × 10^338 |
| 121 | ov_121 | 7.320091968302233 × 10^338 |
| 120 | ov_120 | 1.1552763061233564 × 10^339 |
| 119 | ov_119 | 1.7449226815169885 × 10^339 |
| 118 | ov_118 | 2.5408455142349123 × 10^339 |
| 117 | ov_117 | 3.587352359081221 × 10^339 |
| 116 | ov_116 | 4.933174006702432 × 10^339 |
| 115 | ov_115 | 6.631484293032367 × 10^339 |
| 114 | ov_114 | 8.739929132802728 × 10^339 |
| 113 | ov_113 | 1.1320667411505618 × 10^340 |
| 112 | ov_112 | 1.44404267179821 × 10^340 |
| 111 | ov_111 | 1.8170577248115218 × 10^340 |
| 110 | ov_110 | 2.2587227307447665 × 10^340 |
| 109 | ov_109 | 2.777134341357101 × 10^340 |
| 108 | ov_108 | 3.376718306302229 × 10^340 |
| 107 | ov_107 | 4.062164290406575 × 10^340 |
| 106 | ov_106 | 4.843126827078935 × 10^340 |
| 105 | ov_105 | 5.7298239701512545 × 10^340 |
| 104 | ov_104 | 6.73306549926437 × 10^340 |
| 103 | ov_103 | 7.864285249360974 × 10^340 |
| 102 | ov_102 | 9.135577948060342 × 10^340 |
| 101 | ov_101 | 1.0559741099064715 × 10^341 |
| 100 | ov_100 | 1.2150322612951128 × 10^341 |
| 99 | ov_099 | 1.392167497178459 × 10^341 |
| 98 | ov_098 | 1.3921684207756446 × 10^341 |
| 97 | ov_097 | 1.3921722357328706 × 10^341 |
| 96 | aaa_78_29 | 1.456794514771711 × 10^341 |
| 95 | aaa_78_28 | 3.8812839372863107 × 10^341 |
| 94 | ov_094 | 1.2145793281447346 × 10^342 |
| 93 | ov_093 | 2.7265593571172853 × 10^342 |
| 92 | ov_092 | 5.188989125882108 × 10^342 |
| 91 | ov_091 | 8.866792094909239 × 10^342 |
| 90 | ov_090 | 1.4024902455250315 × 10^343 |
| 89 | ov_089 | 2.092828573138239 × 10^343 |
| 88 | ov_088 | 2.9841982764947875 × 10^343 |
| 87 | ov_087 | 4.1031191367465744 × 10^343 |
| 86 | ov_086 | 5.476140219500188 × 10^343 |
| 85 | ov_085 | 7.129860627293996 × 10^343 |
| 64 | lv_79_m31 | 8.562970509115128 × 10^343 |
| 84 | ov_084 | 9.090959174822493 × 10^343 |
| 83 | ov_083 | 1.1386234744823531 × 10^344 |
| 82 | ov_082 | 1.4042659083002084 × 10^344 |
| 81 | ov_081 | 1.7087443791400264 × 10^344 |
| 80 | ov_080 | 2.054812328155869 × 10^344 |
| 79 | ov_079 | 2.445265545212349 × 10^344 |
| 78 | ov_078 | 2.882954186089623 × 10^344 |
| 77 | ov_077 | 3.3707969169476885 × 10^344 |
| 76 | ov_076 | 3.911797365052676 × 10^344 |
| 63 | ov_063 | 4.355703905457857 × 10^344 |
| 75 | ov_075 | 4.509063056437777 × 10^344 |
| 74 | ov_074 | 5.165827023438692 × 10^344 |
| 73 | ov_073 | 5.88547226803014 × 10^344 |
| 72 | ov_072 | 6.67155927073606 × 10^344 |
| 71 | ov_071 | 7.527856322570989 × 10^344 |
| 70 | ov_070 | 8.458372020808333 × 10^344 |
| 69 | ov_069 | 9.467390110757885 × 10^344 |
| 68 | ov_068 | 1.0559507749272646 × 10^345 |
| 67 | ov_067 | 1.173967785835154 × 10^345 |
| 66 | ov_066 | 1.1739790980326542 × 10^345 |
| 65 | ov_065 | 1.1740144353546448 × 10^345 |
| 62 | ov_062 | 2.215389653303262 × 10^345 |
| 61 | ov_061 | 8.01172421256057 × 10^345 |
| 60 | ov_060 | 2.2759318952745365 × 10^346 |
| 59 | ov_059 | 5.452362647804173 × 10^346 |
| 58 | ov_058 | 1.149641394151533 × 10^347 |
| 57 | ov_057 | 2.194526935023046 × 10^347 |
| 56 | ov_056 | 3.870744108733303 × 10^347 |
| 55 | ov_055 | 6.40630164566913 × 10^347 |
| 54 | ov_054 | 1.0066418819217944 × 10^348 |
| 53 | ov_053 | 1.5153624133570724 × 10^348 |
| 52 | ov_052 | 2.2007919639826146 × 10^348 |
| 51 | ov_051 | 3.1007031900142335 × 10^348 |
| 50 | ov_050 | 4.2566770797895926 × 10^348 |
| 49 | ov_049 | 5.714151739420473 × 10^348 |
| 48 | ov_048 | 7.522486203640181 × 10^348 |
| 32 | lv_80_m31 | 9.520805781938828 × 10^348 |
| 47 | ov_047 | 9.735041393461584 × 10^348 |
| 46 | ov_046 | 1.240928034422235 × 10^349 |
| 45 | ov_045 | 1.5606889830964106 × 10^349 |
| 44 | ov_044 | 1.9393925523515033 × 10^349 |
| 43 | ov_043 | 2.3806843071562827 × 10^349 |
| 42 | ov_042 | 2.8884520584010785 × 10^349 |
| 41 | ov_041 | 3.4668380719740664 × 10^349 |
| 40 | ov_040 | 4.124395208076778 × 10^349 |
| 39 | ov_039 | 4.870228633525435 × 10^349 |
| 31 | ov_031 | 4.8796601527428195 × 10^349 |
| 38 | ov_038 | 5.7140290118052164 × 10^349 |
| 37 | ov_037 | 6.666109591130136 × 10^349 |
| 36 | ov_036 | 7.737447427843196 × 10^349 |
| 35 | ov_035 | 8.939728990102582 × 10^349 |
| 34 | ov_034 | 1.0285400396036602 × 10^350 |
| 33 | ov_033 | 1.1787722551633905 × 10^350 |
| 30 | ov_030 | 2.5006273543118925 × 10^350 |
| 29 | ov_029 | 9.106585994837842 × 10^350 |
| 28 | ov_028 | 2.604723626401083 × 10^351 |
| 27 | ov_027 | 6.280660003230213 × 10^351 |
| 26 | ov_026 | 1.3319659666795253 × 10^352 |
| 25 | ov_025 | 2.555073062824784 × 10^352 |
| 24 | ov_024 | 4.525070926940405 × 10^352 |
| 23 | ov_023 | 7.514429820461774 × 10^352 |
| 22 | ov_022 | 1.1840416150547525 × 10^353 |
| 21 | ov_021 | 1.7865113053715367 × 10^353 |
| 20 | ov_020 | 2.599545998899807 × 10^353 |
| 19 | ov_019 | 3.6683322165287885 × 10^353 |
| 18 | ov_018 | 5.042560358620608 × 10^353 |
| 17 | ov_017 | 6.776442046788557 × 10^353 |
| 16 | ov_016 | 8.92873547605182 × 10^353 |
| 15 | ov_015 | 1.1562781048642298 × 10^354 |
| 14 | ov_014 | 1.4746549860022713 × 10^354 |
| 13 | ov_013 | 1.8552707908662172 × 10^354 |
| 12 | ov_012 | 2.305869920458382 × 10^354 |
| 11 | ov_011 | 2.834685125859701 × 10^354 |
| 10 | ov_010 | 3.450450674557031 × 10^354 |
| 9 | ov_009 | 4.157924210669459 × 10^354 |
| 8 | ov_008 | 4.96213744674853 × 10^354 |
| 7 | ov_007 | 5.873440733086488 × 10^354 |
| 6 | ov_006 | 6.902773455240569 × 10^354 |
| 5 | ov_005 | 8.061696909782833 × 10^354 |
| 4 | ov_004 | 9.36243234763901 × 10^354 |
| 3 | ov_003 | 1.0817904547906019 × 10^355 |
| 2 | ov_002 | 1.2441791432935037 × 10^355 |
| 1 | ov_001 | 1.4248580392753733 × 10^355 |

