# Results for F001-F002-F003-F004-F005-F006-F007-F008-F009-F010-F011-F012-F013-F014-F015-F016-F017-F018-F019-F020-F021-F022-F023-F024-F025-F026-F027-F028-F029-F030-F031-F032-F033-F034-F035-F036-F037-F038-F039-F040-F041-F042-F043-F044-F045-F046-F047-F048-F049-F050-F051-F052-F053-F054-F055-F056-F057-F058-F059-F060-F061-F062-F063-F064-F065-F066-F067-F068-F069-F070-F071-F072-F073-F074-F075-F076-F077-F078-F079-F080-F081-F082-F083-F084-F085-F086-F087-F088-F089-F090-F091-F092-F093-F094-F095-F096-F097-F098-F099-F100-F101-F102-F103-F104-F105-F106-F107-F108-F109-F110-F111-F112-F113-F114-F115-F116-F117-F118-F119-F120-F121-F122-F123-F124-F125-F126-F127-F128-F129-F130-F131-F132-F133-F134-F135-F136-F137-F138-F139-F140-F141-F142-F143-F144-F145-F146-F147-F148-F149-F150-F151-F152-F153-F154-F155-F156-F157-F158-F159-F160-F161-F162-F163-F164-F165-F166-F167-F168-F169-F170-F171-F172-F173-F174-F175-F176-F177-F178-F179-F180-F181-F182-F183-F184-F185-F186-F187-F188-F189-F190-F191-F192-F193-F194-F195-F196-F197-F198-F199-F200-F201-F202-F203-F204-F205-F206-F207-F208-F209-F210-F211-F212-F213-F214-F215-F216-F217-F218-F219-F220-F221-F222-F223-F224-F225-F226-F227-F228-F229-F230-F231-F232-F233-F234-F235-F236-F237-F238-F239-F240-F241-F242-F243-F244-F245-F246-F247-F248-F249-F250-F251-F252-F253-F254-F255-F256-F257-F258-F259-F260-F261-F262-F263-F264-F265-F266-F267-F268-F269-F270-F271-F272-F273-F274-F275-F276-F277-F278-F279-F280-F281-F282-F283-F284-F285-F286-F287-F288-F289-F290-F291-F292-F293-F294-F295-F296-F297-F298-F299-F300-F301-F302-F303-F304-F305-F306-F307-F308-F309-F310-F311-F312-F313-F314-F315-F316-F317-F318-F319-F320-F321-F322-F323-F324-F325-F326-F327-F328-F329-F330-F331-F332-F333-F334-F335-F336-F337-F338-F339-F340-F341-F342-F343-F344-F345-F346-F347-F348-F349-F350-F351-F352-F353-F354-F355-F356-F357-F358-F359-F360-F361-F362-F363-F364-F365-F366-F367-F368-F369-F370-F371-F372-F373-F374-F375-F376-F377-F378-F379-F380-F381-F382-F383-F384-F385-F386-F387-F388-F389-F390-F391-F392-F393-F394-F395-F396-F397-F398-F399-F400-F401-F402-F403-F404-F405-F406-F407-F408-F409-F410-F411-F412-F413-F414-F415-F416-F417-F418-F419-F420-F421-F422-F423-F424-F425-F426-F427-F428-F429-F430-F431-F432-F433-F434-F435-F436-F437-F438-F439-F440-F441-F442-F443-F444-F445-F446-F447-F448-F449-F450-F451-F452-F453-F454-F455-F456-F457-F458-F459-F460-F461-F462-F463-F464-F465-F466-F467-F468-F469-F470-F471-F472-F473-F474-F475-F476-F477-F478-F479-F480-F481-F482-F483-F484-F485-F486-F487-F488-F489-F490-F491-F492-F493-F494-F495-F496-E511512

## Summary

Number of input bits: 512  
Number of free input bits: 15  
Number of output bits: 160

Number of direct occurrences: 61350  
Number of assignments: 32192  
Number of operations: 11403158
(xor: 11374531,
and: 14900,
or: 13727)

Total complexity: 8.380121189400747 × 10^302

Least occurring input variable: iv_502 (3910)  
Most occurring input variable: iv_511 (4529)

Most co-occurring input variables: iv_510-iv_511 (2134)  
Least co-occurring input variables: iv_498-iv_502 (1776)

Potentially most occurring input variable: iv_502/iv_511 (4631)  
Potentially least occurring input variable: iv_499/iv_508 (4117)

Least output occurring input variable: iv_508 (70)  
Most output occurring input variable: iv_497 (93)

Most output co-occurring input variables: iv_497-iv_511 (53)  
Least output co-occurring input variables: iv_502-iv_508 (30)

Potentially most output occurring input variable: iv_504/iv_510 (93)  
Potentially least output occurring input variable: iv_507/iv_509 (66)

Least complex input bit: iv_497 (6.46036096653675 × 10^299)  
Most complex input bit: iv_510 (2.24859075933141 × 10^302)

Least complex output bit: aaa_76_29 (1.4200575004849664 × 10^278)  
Most complex output bit: ov_001 (1.3122505879404262 × 10^302)

Least complex input/output complexity: iv_497/aaa_76_29 (1.0947436008412726 × 10^275)  
Most complex input/output complexity: iv_510/ov_001 (3.5210881552669464 × 10^301)

## Input Bits

### Input Bits in Regular Order

| Input Bit | Complexity | Occurrences | Output Occurrences |
|:---------:|:----------:|:-----------:|:------------------:|
| iv_497 | 6.46036096653675 × 10^299 | 4158 | 93 |
| iv_498 | 1.3031933504124764 × 10^300 | 3967 | 88 |
| iv_499 | 2.3202575541711696 × 10^300 | 4137 | 81 |
| iv_500 | 3.9299705340923704 × 10^300 | 4149 | 76 |
| iv_501 | 6.701241775135019 × 10^300 | 4117 | 83 |
| iv_502 | 1.0892113568757021 × 10^301 | 3910 | 82 |
| iv_503 | 1.7185622371705843 × 10^301 | 4060 | 74 |
| iv_504 | 2.647551951165061 × 10^301 | 3957 | 78 |
| iv_505 | 4.000915178092313 × 10^301 | 3951 | 79 |
| iv_506 | 5.9441637984964 × 10^301 | 3982 | 82 |
| iv_507 | 8.697771242945204 × 10^301 | 4206 | 76 |
| iv_508 | 1.2325239342091908 × 10^302 | 4032 | 70 |
| iv_509 | 1.689973586948392 × 10^302 | 4032 | 78 |
| iv_510 | 2.24859075933141 × 10^302 | 4163 | 79 |
| iv_511 | 6.502083393325808 × 10^301 | 4529 | 86 |

### Input Bits Sorted by Complexity

| Input Bit | Complexity | Occurrences | Output Occurrences |
|:---------:|:----------:|:-----------:|:------------------:|
| iv_497 | 6.46036096653675 × 10^299 | 4158 | 93 |
| iv_498 | 1.3031933504124764 × 10^300 | 3967 | 88 |
| iv_499 | 2.3202575541711696 × 10^300 | 4137 | 81 |
| iv_500 | 3.9299705340923704 × 10^300 | 4149 | 76 |
| iv_501 | 6.701241775135019 × 10^300 | 4117 | 83 |
| iv_502 | 1.0892113568757021 × 10^301 | 3910 | 82 |
| iv_503 | 1.7185622371705843 × 10^301 | 4060 | 74 |
| iv_504 | 2.647551951165061 × 10^301 | 3957 | 78 |
| iv_505 | 4.000915178092313 × 10^301 | 3951 | 79 |
| iv_506 | 5.9441637984964 × 10^301 | 3982 | 82 |
| iv_511 | 6.502083393325808 × 10^301 | 4529 | 86 |
| iv_507 | 8.697771242945204 × 10^301 | 4206 | 76 |
| iv_508 | 1.2325239342091908 × 10^302 | 4032 | 70 |
| iv_509 | 1.689973586948392 × 10^302 | 4032 | 78 |
| iv_510 | 2.24859075933141 × 10^302 | 4163 | 79 |

### Input Bits Sorted by Occurrences

| Input Bit | Complexity | Occurrences | Output Occurrences |
|:---------:|:----------:|:-----------:|:------------------:|
| iv_502 | 1.0892113568757021 × 10^301 | 3910 | 82 |
| iv_505 | 4.000915178092313 × 10^301 | 3951 | 79 |
| iv_504 | 2.647551951165061 × 10^301 | 3957 | 78 |
| iv_498 | 1.3031933504124764 × 10^300 | 3967 | 88 |
| iv_506 | 5.9441637984964 × 10^301 | 3982 | 82 |
| iv_509 | 1.689973586948392 × 10^302 | 4032 | 78 |
| iv_508 | 1.2325239342091908 × 10^302 | 4032 | 70 |
| iv_503 | 1.7185622371705843 × 10^301 | 4060 | 74 |
| iv_501 | 6.701241775135019 × 10^300 | 4117 | 83 |
| iv_499 | 2.3202575541711696 × 10^300 | 4137 | 81 |
| iv_500 | 3.9299705340923704 × 10^300 | 4149 | 76 |
| iv_497 | 6.46036096653675 × 10^299 | 4158 | 93 |
| iv_510 | 2.24859075933141 × 10^302 | 4163 | 79 |
| iv_507 | 8.697771242945204 × 10^301 | 4206 | 76 |
| iv_511 | 6.502083393325808 × 10^301 | 4529 | 86 |

### Input Bits Sorted by Output Occurrences

| Input Bit | Complexity | Occurrences | Output Occurrences |
|:---------:|:----------:|:-----------:|:------------------:|
| iv_508 | 1.2325239342091908 × 10^302 | 4032 | 70 |
| iv_503 | 1.7185622371705843 × 10^301 | 4060 | 74 |
| iv_500 | 3.9299705340923704 × 10^300 | 4149 | 76 |
| iv_507 | 8.697771242945204 × 10^301 | 4206 | 76 |
| iv_504 | 2.647551951165061 × 10^301 | 3957 | 78 |
| iv_509 | 1.689973586948392 × 10^302 | 4032 | 78 |
| iv_505 | 4.000915178092313 × 10^301 | 3951 | 79 |
| iv_510 | 2.24859075933141 × 10^302 | 4163 | 79 |
| iv_499 | 2.3202575541711696 × 10^300 | 4137 | 81 |
| iv_502 | 1.0892113568757021 × 10^301 | 3910 | 82 |
| iv_506 | 5.9441637984964 × 10^301 | 3982 | 82 |
| iv_501 | 6.701241775135019 × 10^300 | 4117 | 83 |
| iv_511 | 6.502083393325808 × 10^301 | 4529 | 86 |
| iv_498 | 1.3031933504124764 × 10^300 | 3967 | 88 |
| iv_497 | 6.46036096653675 × 10^299 | 4158 | 93 |

## Input Bit Co-occurrences

### Input Bit Co-occurrences Sorted by Co-occurrences

| Input Bits | Co-occurrences | Potential Occurrences | Output Co-occurrences | Potential Output Occurrences |
|:----------:|:--------------:|:---------------------:|:---------------------:|:----------------------------:|
| iv_510-iv_511 | 2134 | 4424 | 47 | 71 |
| iv_499-iv_511 | 2112 | 4442 | 41 | 85 |
| iv_507-iv_511 | 2097 | 4541 | 43 | 76 |
| iv_500-iv_511 | 2081 | 4516 | 41 | 80 |
| iv_501-iv_511 | 2064 | 4518 | 51 | 67 |
| iv_497-iv_507 | 2056 | 4252 | 44 | 81 |
| iv_506-iv_511 | 2054 | 4403 | 42 | 84 |
| iv_509-iv_511 | 2052 | 4457 | 45 | 74 |
| iv_507-iv_510 | 2049 | 4271 | 41 | 73 |
| iv_497-iv_511 | 2044 | 4599 | 53 | 73 |
| iv_499-iv_510 | 2044 | 4212 | 43 | 74 |
| iv_498-iv_511 | 2041 | 4414 | 53 | 68 |
| iv_499-iv_508 | 2026 | 4117 | 38 | 75 |
| iv_500-iv_510 | 2022 | 4268 | 39 | 77 |
| iv_497-iv_501 | 2018 | 4239 | 48 | 80 |

### Input Bit Co-occurrences Sorted by Potential Occurrences

| Input Bits | Co-occurrences | Potential Occurrences | Output Co-occurrences | Potential Output Occurrences |
|:----------:|:--------------:|:---------------------:|:---------------------:|:----------------------------:|
| iv_499-iv_508 | 2026 | 4117 | 38 | 75 |
| iv_504-iv_506 | 1885 | 4169 | 42 | 76 |
| iv_506-iv_509 | 1920 | 4174 | 43 | 74 |
| iv_501-iv_505 | 1945 | 4178 | 45 | 72 |
| iv_499-iv_502 | 1934 | 4179 | 41 | 81 |
| iv_506-iv_507 | 2004 | 4180 | 39 | 80 |
| iv_500-iv_503 | 2013 | 4183 | 38 | 74 |
| iv_502-iv_505 | 1839 | 4183 | 36 | 89 |
| iv_504-iv_505 | 1861 | 4186 | 41 | 75 |
| iv_506-iv_508 | 1913 | 4188 | 37 | 78 |
| iv_508-iv_509 | 1935 | 4194 | 35 | 78 |
| iv_499-iv_509 | 1987 | 4195 | 41 | 77 |
| iv_503-iv_506 | 1923 | 4196 | 38 | 80 |
| iv_499-iv_506 | 1957 | 4205 | 39 | 85 |
| iv_498-iv_508 | 1897 | 4205 | 37 | 84 |

### Input Bit Output Co-occurrences Sorted by Output Co-occurrences

| Input Bits | Co-occurrences | Potential Occurrences | Output Co-occurrences | Potential Output Occurrences |
|:----------:|:--------------:|:---------------------:|:---------------------:|:----------------------------:|
| iv_498-iv_511 | 2041 | 4414 | 53 | 68 |
| iv_497-iv_511 | 2044 | 4599 | 53 | 73 |
| iv_497-iv_502 | 1910 | 4248 | 52 | 71 |
| iv_501-iv_511 | 2064 | 4518 | 51 | 67 |
| iv_497-iv_506 | 1960 | 4220 | 51 | 73 |
| iv_497-iv_504 | 1936 | 4243 | 50 | 71 |
| iv_497-iv_498 | 1903 | 4319 | 50 | 81 |
| iv_498-iv_501 | 1887 | 4310 | 48 | 75 |
| iv_498-iv_510 | 1953 | 4224 | 48 | 71 |
| iv_497-iv_501 | 2018 | 4239 | 48 | 80 |
| iv_497-iv_510 | 1949 | 4423 | 48 | 76 |
| iv_497-iv_509 | 1941 | 4308 | 48 | 75 |
| iv_510-iv_511 | 2134 | 4424 | 47 | 71 |
| iv_497-iv_505 | 1916 | 4277 | 47 | 78 |
| iv_498-iv_502 | 1776 | 4325 | 46 | 78 |

### Input Bit Output Co-occurrences Sorted by Potential Output Occurrences

| Input Bits | Co-occurrences | Potential Occurrences | Output Co-occurrences | Potential Output Occurrences |
|:----------:|:--------------:|:---------------------:|:---------------------:|:----------------------------:|
| iv_507-iv_509 | 1980 | 4278 | 44 | 66 |
| iv_499-iv_507 | 1939 | 4465 | 45 | 67 |
| iv_501-iv_511 | 2064 | 4518 | 51 | 67 |
| iv_498-iv_511 | 2041 | 4414 | 53 | 68 |
| iv_503-iv_504 | 1872 | 4273 | 41 | 70 |
| iv_498-iv_510 | 1953 | 4224 | 48 | 71 |
| iv_510-iv_511 | 2134 | 4424 | 47 | 71 |
| iv_500-iv_505 | 1940 | 4220 | 42 | 71 |
| iv_497-iv_504 | 1936 | 4243 | 50 | 71 |
| iv_497-iv_502 | 1910 | 4248 | 52 | 71 |
| iv_501-iv_505 | 1945 | 4178 | 45 | 72 |
| iv_503-iv_511 | 2013 | 4563 | 44 | 72 |
| iv_501-iv_503 | 1963 | 4251 | 42 | 73 |
| iv_503-iv_505 | 1890 | 4231 | 40 | 73 |
| iv_506-iv_510 | 1958 | 4229 | 44 | 73 |

## Output Bits

### Output Bits in Regular Order

| Rank | Output Bit | Complexity |
|:----:|:----------:|:----------:|
| 1 | ov_001 | 1.3122505879404262 × 10^302 |
| 2 | ov_002 | 1.141535733582796 × 10^302 |
| 3 | ov_003 | 9.88313579892944 × 10^301 |
| 4 | ov_004 | 8.512683656904372 × 10^301 |
| 5 | ov_005 | 7.291566616411728 × 10^301 |
| 6 | ov_006 | 6.20802276494381 × 10^301 |
| 7 | ov_007 | 5.250918191852724 × 10^301 |
| 8 | ov_008 | 4.409708569589159 × 10^301 |
| 9 | ov_009 | 3.6744061286976014 × 10^301 |
| 10 | ov_010 | 3.035551490949889 × 10^301 |
| 11 | ov_011 | 2.484189854892738 × 10^301 |
| 12 | ov_012 | 2.0118510572137414 × 10^301 |
| 13 | ov_013 | 1.6105330618495476 × 10^301 |
| 14 | ov_014 | 1.2726884568012684 × 10^301 |
| 15 | ov_015 | 9.912135662969016 × 10^300 |
| 16 | ov_016 | 7.594398133403864 × 10^300 |
| 17 | ov_017 | 5.711269948863047 × 10^300 |
| 18 | ov_018 | 4.204581589368398 × 10^300 |
| 19 | ov_019 | 3.0203579981818475 × 10^300 |
| 20 | ov_020 | 2.1087911479005417 × 10^300 |
| 21 | ov_021 | 1.4242209199760075 × 10^300 |
| 22 | ov_022 | 9.25122266058869 × 10^299 |
| 23 | ov_023 | 5.7409688773584465 × 10^299 |
| 24 | ov_024 | 3.378679992661461 × 10^299 |
| 25 | ov_025 | 1.872771690802256 × 10^299 |
| 26 | ov_026 | 9.728258911000555 × 10^298 |
| 27 | ov_027 | 4.6958260229953795 × 10^298 |
| 28 | ov_028 | 1.949367096190073 × 10^298 |
| 29 | ov_029 | 7.51241698787075 × 10^297 |
| 30 | ov_030 | 2.296848493187554 × 10^297 |
| 31 | ov_031 | 4.48038637903331 × 10^296 |
| 32 | lv_80_m31 | 8.737964479743909 × 10^295 |
| 33 | ov_033 | 1.0566085702546249 × 10^297 |
| 34 | ov_034 | 9.187276947054222 × 10^296 |
| 35 | ov_035 | 7.950130834978713 × 10^296 |
| 36 | ov_036 | 6.84399376869349 × 10^296 |
| 37 | ov_037 | 5.858793181800083 × 10^296 |
| 38 | ov_038 | 4.9849967337639374 × 10^296 |
| 39 | ov_039 | 4.213576870779119 × 10^296 |
| 40 | ov_040 | 3.535980242701743 × 10^296 |
| 41 | ov_041 | 2.9441014970016543 × 10^296 |
| 42 | ov_042 | 2.430261000177504 × 10^296 |
| 43 | ov_043 | 1.987186065154965 × 10^296 |
| 44 | ov_044 | 1.6079952900214982 × 10^296 |
| 45 | ov_045 | 1.2861856392112762 × 10^296 |
| 46 | ov_046 | 1.0156219230955473 × 10^296 |
| 47 | ov_047 | 7.905283559995277 × 10^295 |
| 48 | ov_048 | 6.054818960869303 × 10^295 |
| 49 | ov_049 | 4.5540709344538007 × 10^295 |
| 50 | ov_050 | 3.3557219517575726 × 10^295 |
| 51 | ov_051 | 2.4158627842913165 × 10^295 |
| 52 | ov_052 | 1.6939720422737232 × 10^295 |
| 53 | ov_053 | 1.1529020661633445 × 10^295 |
| 54 | ov_054 | 7.588695329010206 × 10^294 |
| 55 | ov_055 | 4.8144941550390285 × 10^294 |
| 56 | ov_056 | 2.935712735937516 × 10^294 |
| 57 | ov_057 | 1.715171022067407 × 10^294 |
| 58 | ov_058 | 9.49201489349371 × 10^293 |
| 59 | ov_059 | 4.6764313242716566 × 10^293 |
| 60 | ov_060 | 1.937916023427029 × 10^293 |
| 61 | ov_061 | 6.769415568698609 × 10^292 |
| 62 | ov_062 | 1.857075121478368 × 10^292 |
| 63 | ov_063 | 3.619842933463757 × 10^291 |
| 64 | lv_79_m31 | 7.054445527393801 × 10^290 |
| 65 | ov_065 | 8.489466754025306 × 10^291 |
| 66 | ov_066 | 8.489441482524197 × 10^291 |
| 67 | ov_067 | 8.489435297831545 × 10^291 |
| 68 | ov_068 | 7.360660257550592 × 10^291 |
| 69 | ov_069 | 6.351499169846576 × 10^291 |
| 70 | ov_070 | 5.452378586179063 × 10^291 |
| 71 | ov_071 | 4.6543138660112995 × 10^291 |
| 72 | ov_072 | 3.9488693124579123 × 10^291 |
| 73 | ov_073 | 3.328121837731086 × 10^291 |
| 74 | ov_074 | 2.784627970334833 × 10^291 |
| 75 | ov_075 | 2.3113940233583175 × 10^291 |
| 76 | ov_076 | 1.9018492493398096 × 10^291 |
| 77 | ov_077 | 1.5498218121709005 × 10^291 |
| 78 | ov_078 | 1.2495174105337751 × 10^291 |
| 79 | ov_079 | 9.955003905501086 × 10^290 |
| 80 | ov_080 | 7.826771877956742 × 10^290 |
| 81 | ov_081 | 6.06281940717086 × 10^290 |
| 82 | ov_082 | 4.618641188831725 × 10^290 |
| 83 | ov_083 | 3.452780105100073 × 10^290 |
| 84 | ov_084 | 2.5267391440236874 × 10^290 |
| 85 | ov_085 | 1.804908819311406 × 10^290 |
| 86 | ov_086 | 1.254508549788435 × 10^290 |
| 87 | ov_087 | 8.455404598279903 × 10^289 |
| 88 | ov_088 | 5.507540632419428 × 10^289 |
| 89 | ov_089 | 3.4562029378839877 × 10^289 |
| 90 | ov_090 | 2.0831334581012598 × 10^289 |
| 91 | ov_091 | 1.1969878868844683 × 10^289 |
| 92 | ov_092 | 6.332643175179239 × 10^288 |
| 93 | ov_093 | 3.1641597466291936 × 10^288 |
| 94 | ov_094 | 1.355313151681432 × 10^288 |
| 95 | aaa_78_28 | 4.1849848044016666 × 10^287 |
| 96 | aaa_78_29 | 1.2851855370176759 × 10^287 |
| 97 | ov_097 | 8.483978582704838 × 10^286 |
| 98 | ov_098 | 8.483723900079002 × 10^286 |
| 99 | ov_099 | 8.483642486184912 × 10^286 |
| 100 | ov_100 | 7.633090169888859 × 10^286 |
| 101 | ov_101 | 6.845543167629728 × 10^286 |
| 102 | ov_102 | 6.117515197799329 × 10^286 |
| 103 | ov_103 | 5.445772884847676 × 10^286 |
| 104 | ov_104 | 4.827303619065118 × 10^286 |
| 105 | ov_105 | 4.2592863068646294 × 10^286 |
| 106 | ov_106 | 3.739064858098077 × 10^286 |
| 107 | ov_107 | 3.264124262982401 × 10^286 |
| 108 | ov_108 | 2.832069116193904 × 10^286 |
| 109 | ov_109 | 2.440604449745664 × 10^286 |
| 110 | ov_110 | 2.0875187395129407 × 10^286 |
| 111 | ov_111 | 1.7706689528281104 × 10^286 |
| 112 | ov_112 | 1.4879675065354474 × 10^286 |
| 113 | ov_113 | 1.2373710063740078 × 10^286 |
| 114 | ov_114 | 1.0168706396323569 × 10^286 |
| 115 | ov_115 | 8.244840937722172 × 10^285 |
| 116 | ov_116 | 6.58248874220975 × 10^285 |
| 117 | ov_117 | 5.1621689484885656 × 10^285 |
| 118 | ov_118 | 3.964502148304699 × 10^285 |
| 119 | ov_119 | 2.970177956886533 × 10^285 |
| 120 | ov_120 | 2.159931523673795 × 10^285 |
| 121 | ov_121 | 1.514526998649088 × 10^285 |
| 122 | ov_122 | 1.0147459696995474 × 10^285 |
| 123 | ov_123 | 6.413799251552785 × 10^284 |
| 124 | ov_124 | 3.752255451895612 × 10^284 |
| 125 | ov_125 | 1.9708178058985504 × 10^284 |
| 126 | ov_126 | 8.774836026008667 × 10^283 |
| 127 | aaa_77_28 | 2.8025217285658395 × 10^283 |
| 128 | aaa_77_29 | 1.0509502599487179 × 10^283 |
| 129 | ov_129 | 9.814819742108381 × 10^282 |
| 130 | ov_130 | 9.814792044948933 × 10^282 |
| 131 | ov_131 | 9.814785336062821 × 10^282 |
| 132 | ov_132 | 8.527111237490112 × 10^282 |
| 133 | ov_133 | 7.37232549733669 × 10^282 |
| 134 | ov_134 | 6.340398426522343 × 10^282 |
| 135 | ov_135 | 5.421850050132957 × 10^282 |
| 136 | ov_136 | 4.607711109169804 × 10^282 |
| 137 | ov_137 | 3.8894891366579994 × 10^282 |
| 138 | ov_138 | 3.259139144726003 × 10^282 |
| 139 | ov_139 | 2.709038483599996 × 10^282 |
| 140 | ov_140 | 2.2319654569566263 × 10^282 |
| 141 | ov_141 | 1.8210813009069922 × 10^282 |
| 142 | ov_142 | 1.4699151561838932 × 10^282 |
| 143 | ov_143 | 1.1723516849929827 × 10^282 |
| 144 | ov_144 | 9.226210055669967 × 10^281 |
| 145 | ov_145 | 7.152906388137623 × 10^281 |
| 146 | ov_146 | 5.45259182640147 × 10^281 |
| 147 | ov_147 | 4.07751450617829 × 10^281 |
| 148 | ov_148 | 2.9831483267189962 × 10^281 |
| 149 | ov_149 | 2.128166564473949 × 10^281 |
| 150 | ov_150 | 1.474423489595454 × 10^281 |
| 151 | ov_151 | 9.869421907102638 × 10^280 |
| 152 | ov_152 | 6.339070226925515 × 10^280 |
| 153 | ov_153 | 3.8665930141902832 × 10^280 |
| 154 | ov_154 | 2.1969507871204473 × 10^280 |
| 155 | ov_155 | 1.1066407014537169 × 10^280 |
| 156 | aaa_76_25 | 4.036915462647554 × 10^279 |
| 157 | aaa_76_26 | 2.3334862266039223 × 10^279 |
| 158 | aaa_76_27 | 1.195812224163571 × 10^279 |
| 159 | aaa_76_28 | 4.6625783508179216 × 10^278 |
| 160 | aaa_76_29 | 1.4200575004849664 × 10^278 |

### Output Bits Sorted by Complexity

| Rank | Output Bit | Complexity |
|:----:|:----------:|:----------:|
| 160 | aaa_76_29 | 1.4200575004849664 × 10^278 |
| 159 | aaa_76_28 | 4.6625783508179216 × 10^278 |
| 158 | aaa_76_27 | 1.195812224163571 × 10^279 |
| 157 | aaa_76_26 | 2.3334862266039223 × 10^279 |
| 156 | aaa_76_25 | 4.036915462647554 × 10^279 |
| 155 | ov_155 | 1.1066407014537169 × 10^280 |
| 154 | ov_154 | 2.1969507871204473 × 10^280 |
| 153 | ov_153 | 3.8665930141902832 × 10^280 |
| 152 | ov_152 | 6.339070226925515 × 10^280 |
| 151 | ov_151 | 9.869421907102638 × 10^280 |
| 150 | ov_150 | 1.474423489595454 × 10^281 |
| 149 | ov_149 | 2.128166564473949 × 10^281 |
| 148 | ov_148 | 2.9831483267189962 × 10^281 |
| 147 | ov_147 | 4.07751450617829 × 10^281 |
| 146 | ov_146 | 5.45259182640147 × 10^281 |
| 145 | ov_145 | 7.152906388137623 × 10^281 |
| 144 | ov_144 | 9.226210055669967 × 10^281 |
| 143 | ov_143 | 1.1723516849929827 × 10^282 |
| 142 | ov_142 | 1.4699151561838932 × 10^282 |
| 141 | ov_141 | 1.8210813009069922 × 10^282 |
| 140 | ov_140 | 2.2319654569566263 × 10^282 |
| 139 | ov_139 | 2.709038483599996 × 10^282 |
| 138 | ov_138 | 3.259139144726003 × 10^282 |
| 137 | ov_137 | 3.8894891366579994 × 10^282 |
| 136 | ov_136 | 4.607711109169804 × 10^282 |
| 135 | ov_135 | 5.421850050132957 × 10^282 |
| 134 | ov_134 | 6.340398426522343 × 10^282 |
| 133 | ov_133 | 7.37232549733669 × 10^282 |
| 132 | ov_132 | 8.527111237490112 × 10^282 |
| 131 | ov_131 | 9.814785336062821 × 10^282 |
| 130 | ov_130 | 9.814792044948933 × 10^282 |
| 129 | ov_129 | 9.814819742108381 × 10^282 |
| 128 | aaa_77_29 | 1.0509502599487179 × 10^283 |
| 127 | aaa_77_28 | 2.8025217285658395 × 10^283 |
| 126 | ov_126 | 8.774836026008667 × 10^283 |
| 125 | ov_125 | 1.9708178058985504 × 10^284 |
| 124 | ov_124 | 3.752255451895612 × 10^284 |
| 123 | ov_123 | 6.413799251552785 × 10^284 |
| 122 | ov_122 | 1.0147459696995474 × 10^285 |
| 121 | ov_121 | 1.514526998649088 × 10^285 |
| 120 | ov_120 | 2.159931523673795 × 10^285 |
| 119 | ov_119 | 2.970177956886533 × 10^285 |
| 118 | ov_118 | 3.964502148304699 × 10^285 |
| 117 | ov_117 | 5.1621689484885656 × 10^285 |
| 116 | ov_116 | 6.58248874220975 × 10^285 |
| 115 | ov_115 | 8.244840937722172 × 10^285 |
| 114 | ov_114 | 1.0168706396323569 × 10^286 |
| 113 | ov_113 | 1.2373710063740078 × 10^286 |
| 112 | ov_112 | 1.4879675065354474 × 10^286 |
| 111 | ov_111 | 1.7706689528281104 × 10^286 |
| 110 | ov_110 | 2.0875187395129407 × 10^286 |
| 109 | ov_109 | 2.440604449745664 × 10^286 |
| 108 | ov_108 | 2.832069116193904 × 10^286 |
| 107 | ov_107 | 3.264124262982401 × 10^286 |
| 106 | ov_106 | 3.739064858098077 × 10^286 |
| 105 | ov_105 | 4.2592863068646294 × 10^286 |
| 104 | ov_104 | 4.827303619065118 × 10^286 |
| 103 | ov_103 | 5.445772884847676 × 10^286 |
| 102 | ov_102 | 6.117515197799329 × 10^286 |
| 101 | ov_101 | 6.845543167629728 × 10^286 |
| 100 | ov_100 | 7.633090169888859 × 10^286 |
| 99 | ov_099 | 8.483642486184912 × 10^286 |
| 98 | ov_098 | 8.483723900079002 × 10^286 |
| 97 | ov_097 | 8.483978582704838 × 10^286 |
| 96 | aaa_78_29 | 1.2851855370176759 × 10^287 |
| 95 | aaa_78_28 | 4.1849848044016666 × 10^287 |
| 94 | ov_094 | 1.355313151681432 × 10^288 |
| 93 | ov_093 | 3.1641597466291936 × 10^288 |
| 92 | ov_092 | 6.332643175179239 × 10^288 |
| 91 | ov_091 | 1.1969878868844683 × 10^289 |
| 90 | ov_090 | 2.0831334581012598 × 10^289 |
| 89 | ov_089 | 3.4562029378839877 × 10^289 |
| 88 | ov_088 | 5.507540632419428 × 10^289 |
| 87 | ov_087 | 8.455404598279903 × 10^289 |
| 86 | ov_086 | 1.254508549788435 × 10^290 |
| 85 | ov_085 | 1.804908819311406 × 10^290 |
| 84 | ov_084 | 2.5267391440236874 × 10^290 |
| 83 | ov_083 | 3.452780105100073 × 10^290 |
| 82 | ov_082 | 4.618641188831725 × 10^290 |
| 81 | ov_081 | 6.06281940717086 × 10^290 |
| 64 | lv_79_m31 | 7.054445527393801 × 10^290 |
| 80 | ov_080 | 7.826771877956742 × 10^290 |
| 79 | ov_079 | 9.955003905501086 × 10^290 |
| 78 | ov_078 | 1.2495174105337751 × 10^291 |
| 77 | ov_077 | 1.5498218121709005 × 10^291 |
| 76 | ov_076 | 1.9018492493398096 × 10^291 |
| 75 | ov_075 | 2.3113940233583175 × 10^291 |
| 74 | ov_074 | 2.784627970334833 × 10^291 |
| 73 | ov_073 | 3.328121837731086 × 10^291 |
| 63 | ov_063 | 3.619842933463757 × 10^291 |
| 72 | ov_072 | 3.9488693124579123 × 10^291 |
| 71 | ov_071 | 4.6543138660112995 × 10^291 |
| 70 | ov_070 | 5.452378586179063 × 10^291 |
| 69 | ov_069 | 6.351499169846576 × 10^291 |
| 68 | ov_068 | 7.360660257550592 × 10^291 |
| 67 | ov_067 | 8.489435297831545 × 10^291 |
| 66 | ov_066 | 8.489441482524197 × 10^291 |
| 65 | ov_065 | 8.489466754025306 × 10^291 |
| 62 | ov_062 | 1.857075121478368 × 10^292 |
| 61 | ov_061 | 6.769415568698609 × 10^292 |
| 60 | ov_060 | 1.937916023427029 × 10^293 |
| 59 | ov_059 | 4.6764313242716566 × 10^293 |
| 58 | ov_058 | 9.49201489349371 × 10^293 |
| 57 | ov_057 | 1.715171022067407 × 10^294 |
| 56 | ov_056 | 2.935712735937516 × 10^294 |
| 55 | ov_055 | 4.8144941550390285 × 10^294 |
| 54 | ov_054 | 7.588695329010206 × 10^294 |
| 53 | ov_053 | 1.1529020661633445 × 10^295 |
| 52 | ov_052 | 1.6939720422737232 × 10^295 |
| 51 | ov_051 | 2.4158627842913165 × 10^295 |
| 50 | ov_050 | 3.3557219517575726 × 10^295 |
| 49 | ov_049 | 4.5540709344538007 × 10^295 |
| 48 | ov_048 | 6.054818960869303 × 10^295 |
| 47 | ov_047 | 7.905283559995277 × 10^295 |
| 32 | lv_80_m31 | 8.737964479743909 × 10^295 |
| 46 | ov_046 | 1.0156219230955473 × 10^296 |
| 45 | ov_045 | 1.2861856392112762 × 10^296 |
| 44 | ov_044 | 1.6079952900214982 × 10^296 |
| 43 | ov_043 | 1.987186065154965 × 10^296 |
| 42 | ov_042 | 2.430261000177504 × 10^296 |
| 41 | ov_041 | 2.9441014970016543 × 10^296 |
| 40 | ov_040 | 3.535980242701743 × 10^296 |
| 39 | ov_039 | 4.213576870779119 × 10^296 |
| 31 | ov_031 | 4.48038637903331 × 10^296 |
| 38 | ov_038 | 4.9849967337639374 × 10^296 |
| 37 | ov_037 | 5.858793181800083 × 10^296 |
| 36 | ov_036 | 6.84399376869349 × 10^296 |
| 35 | ov_035 | 7.950130834978713 × 10^296 |
| 34 | ov_034 | 9.187276947054222 × 10^296 |
| 33 | ov_033 | 1.0566085702546249 × 10^297 |
| 30 | ov_030 | 2.296848493187554 × 10^297 |
| 29 | ov_029 | 7.51241698787075 × 10^297 |
| 28 | ov_028 | 1.949367096190073 × 10^298 |
| 27 | ov_027 | 4.6958260229953795 × 10^298 |
| 26 | ov_026 | 9.728258911000555 × 10^298 |
| 25 | ov_025 | 1.872771690802256 × 10^299 |
| 24 | ov_024 | 3.378679992661461 × 10^299 |
| 23 | ov_023 | 5.7409688773584465 × 10^299 |
| 22 | ov_022 | 9.25122266058869 × 10^299 |
| 21 | ov_021 | 1.4242209199760075 × 10^300 |
| 20 | ov_020 | 2.1087911479005417 × 10^300 |
| 19 | ov_019 | 3.0203579981818475 × 10^300 |
| 18 | ov_018 | 4.204581589368398 × 10^300 |
| 17 | ov_017 | 5.711269948863047 × 10^300 |
| 16 | ov_016 | 7.594398133403864 × 10^300 |
| 15 | ov_015 | 9.912135662969016 × 10^300 |
| 14 | ov_014 | 1.2726884568012684 × 10^301 |
| 13 | ov_013 | 1.6105330618495476 × 10^301 |
| 12 | ov_012 | 2.0118510572137414 × 10^301 |
| 11 | ov_011 | 2.484189854892738 × 10^301 |
| 10 | ov_010 | 3.035551490949889 × 10^301 |
| 9 | ov_009 | 3.6744061286976014 × 10^301 |
| 8 | ov_008 | 4.409708569589159 × 10^301 |
| 7 | ov_007 | 5.250918191852724 × 10^301 |
| 6 | ov_006 | 6.20802276494381 × 10^301 |
| 5 | ov_005 | 7.291566616411728 × 10^301 |
| 4 | ov_004 | 8.512683656904372 × 10^301 |
| 3 | ov_003 | 9.88313579892944 × 10^301 |
| 2 | ov_002 | 1.141535733582796 × 10^302 |
| 1 | ov_001 | 1.3122505879404262 × 10^302 |

