# Results for F001-F002-F003-F004-F005-F006-F007-F008-F009-F010-F011-F012-F013-F014-F015-F016-F017-F018-F019-F020-F021-F022-F023-F024-F025-F026-F027-F028-F029-F030-F031-F032-F033-F034-F035-F036-F037-F038-F039-F040-F041-F042-F043-F044-F045-F046-F047-F048-F049-F050-F051-F052-F053-F054-F055-F056-F057-F058-F059-F060-F061-F062-F063-F064-F065-F066-F067-F068-F069-F070-F071-F072-F073-F074-F075-F076-F077-F078-F079-F080-F081-F082-F083-F084-F085-F086-F087-F088-F089-F090-F091-F092-F093-F094-F095-F096-F097-F098-F099-F100-F101-F102-F103-F104-F105-F106-F107-F108-F109-F110-F111-F112-F113-F114-F115-F116-F117-F118-F119-F120-F121-F122-F123-F124-F125-F126-F127-F128-F129-F130-F131-F132-F133-F134-F135-F136-F137-F138-F139-F140-F141-F142-F143-F144-F145-F146-F147-F148-F149-F150-F151-F152-F153-F154-F155-F156-F157-F158-F159-F160-F161-F162-F163-F164-F165-F166-F167-F168-F169-F170-F171-F172-F173-F174-F175-F176-F177-F178-F179-F180-F181-F182-F183-F184-F185-F186-F187-F188-F189-F190-F191-F192-F193-F194-F195-F196-F197-F198-F199-F200-F201-F202-F203-F204-F205-F206-F207-F208-F209-F210-F211-F212-F213-F214-F215-F216-F217-F218-F219-F220-F221-F222-F223-F224-F225-F226-F227-F228-F229-F230-F231-F232-F233-F234-F235-F236-F237-F238-F239-F240-F241-F242-F243-F244-F245-F246-F247-F248-F249-F250-F251-F252-F253-F254-F255-F256-F257-F258-F259-F260-F261-F262-F263-F264-F265-F266-F267-F268-F269-F270-F271-F272-F273-F274-F275-F276-F277-F278-F279-F280-F281-F282-F283-F284-F285-F286-F287-F288-F289-F290-F291-F292-F293-F294-F295-F296-F297-F298-F299-F300-F301-F302-F303-F304-F305-F306-F307-F308-F309-F310-F311-F312-F313-F314-F315-F316-F317-F318-F319-F320-F321-F322-F323-F324-F325-F326-F327-F328-F329-F330-F331-F332-F333-F334-F335-F336-F337-F338-F339-F340-F341-F342-F343-F344-F345-F346-F347-F348-F349-F350-F351-F352-F353-F354-F355-F356-F357-F358-F359-F360-F361-F362-F363-F364-F365-F366-F367-F368-F369-F370-F371-F372-F373-F374-F375-F376-F377-F378-F379-F380-F381-F382-F383-F384-F385-F386-F387-F388-F389-F390-F391-F392-F393-F394-F395-F396-F397-F398-F399-F400-F401-F402-F403-F404-F405-F406-F407-F408-F409-F410-F411-F412-F413-F414-F415-F416-F417-F418-F419-F420-F421-F422-F423-F424-F425-F426-F427-F428-F429-F430-F431-F432-F433-F434-F435-F436-F437-F438-F439-F440-F441-F442-F443-F444-F445-F446-F447-F448-F449-F450-F451-F452-F453-F454-F455-F456-F457-F458-F459-F460-F461-F462-F463-F464-F465-F466-F467-F468-F469-F470-F471-F472-F473-F474-F475-F476-F477-F478-F479-F480-F481-F482-F483-F484-F485-F486-F487-F488-F489-F490-F491-F492-F493-F494-F495-F496-E507509

## Summary

Number of input bits: 512  
Number of free input bits: 15  
Number of output bits: 160

Number of direct occurrences: 61478  
Number of assignments: 32194  
Number of operations: 11411080
(xor: 11382452,
and: 14897,
or: 13731)

Total complexity: 8.062445802150437 × 10^302

Least occurring input variable: iv_502 (3907)  
Most occurring input variable: iv_512 (4401)

Most co-occurring input variables: iv_511-iv_512 (2170)  
Least co-occurring input variables: iv_498-iv_502 (1775)

Potentially most occurring input variable: iv_507/iv_512 (4559)  
Potentially least occurring input variable: iv_499/iv_508 (4109)

Least output occurring input variable: iv_507 (66)  
Most output occurring input variable: iv_497 (93)

Most output co-occurring input variables: iv_497-iv_502 (52)  
Least output co-occurring input variables: iv_502-iv_508 (30)

Potentially most output occurring input variable: iv_504/iv_510 (93)  
Potentially least output occurring input variable: iv_501/iv_507 (65)

Least complex input bit: iv_497 (6.095532656709298 × 10^299)  
Most complex input bit: iv_510 (2.1139138977024517 × 10^302)

Least complex output bit: aaa_76_29 (1.296824674674122 × 10^278)  
Most complex output bit: ov_001 (1.2543883614226357 × 10^302)

Least complex input/output complexity: iv_497/aaa_76_29 (9.80451509192669 × 10^274)  
Most complex input/output complexity: iv_510/ov_001 (3.288913879731447 × 10^301)

## Input Bits

### Input Bits in Regular Order

| Input Bit | Complexity | Occurrences | Output Occurrences |
|:---------:|:----------:|:-----------:|:------------------:|
| iv_497 | 6.095532656709298 × 10^299 | 4157 | 93 |
| iv_498 | 1.2295996565924733 × 10^300 | 3966 | 88 |
| iv_499 | 2.1892283988856194 × 10^300 | 4135 | 81 |
| iv_500 | 3.708037965319825 × 10^300 | 4149 | 76 |
| iv_501 | 6.322810489346109 × 10^300 | 4119 | 83 |
| iv_502 | 1.0277016145917432 × 10^301 | 3907 | 82 |
| iv_503 | 1.6215119083044656 × 10^301 | 4059 | 74 |
| iv_504 | 2.4980398868319097 × 10^301 | 3958 | 78 |
| iv_505 | 3.7749762356064434 × 10^301 | 3951 | 79 |
| iv_506 | 5.608486078771512 × 10^301 | 3981 | 82 |
| iv_507 | 1.8466534805796404 × 10^302 | 4272 | 66 |
| iv_508 | 1.1552262108305276 × 10^302 | 4026 | 70 |
| iv_510 | 2.1139138977024517 × 10^302 | 4155 | 79 |
| iv_511 | 6.283080523715966 × 10^301 | 4242 | 80 |
| iv_512 | 7.246802904974802 × 10^301 | 4401 | 80 |

### Input Bits Sorted by Complexity

| Input Bit | Complexity | Occurrences | Output Occurrences |
|:---------:|:----------:|:-----------:|:------------------:|
| iv_497 | 6.095532656709298 × 10^299 | 4157 | 93 |
| iv_498 | 1.2295996565924733 × 10^300 | 3966 | 88 |
| iv_499 | 2.1892283988856194 × 10^300 | 4135 | 81 |
| iv_500 | 3.708037965319825 × 10^300 | 4149 | 76 |
| iv_501 | 6.322810489346109 × 10^300 | 4119 | 83 |
| iv_502 | 1.0277016145917432 × 10^301 | 3907 | 82 |
| iv_503 | 1.6215119083044656 × 10^301 | 4059 | 74 |
| iv_504 | 2.4980398868319097 × 10^301 | 3958 | 78 |
| iv_505 | 3.7749762356064434 × 10^301 | 3951 | 79 |
| iv_506 | 5.608486078771512 × 10^301 | 3981 | 82 |
| iv_511 | 6.283080523715966 × 10^301 | 4242 | 80 |
| iv_512 | 7.246802904974802 × 10^301 | 4401 | 80 |
| iv_508 | 1.1552262108305276 × 10^302 | 4026 | 70 |
| iv_507 | 1.8466534805796404 × 10^302 | 4272 | 66 |
| iv_510 | 2.1139138977024517 × 10^302 | 4155 | 79 |

### Input Bits Sorted by Occurrences

| Input Bit | Complexity | Occurrences | Output Occurrences |
|:---------:|:----------:|:-----------:|:------------------:|
| iv_502 | 1.0277016145917432 × 10^301 | 3907 | 82 |
| iv_505 | 3.7749762356064434 × 10^301 | 3951 | 79 |
| iv_504 | 2.4980398868319097 × 10^301 | 3958 | 78 |
| iv_498 | 1.2295996565924733 × 10^300 | 3966 | 88 |
| iv_506 | 5.608486078771512 × 10^301 | 3981 | 82 |
| iv_508 | 1.1552262108305276 × 10^302 | 4026 | 70 |
| iv_503 | 1.6215119083044656 × 10^301 | 4059 | 74 |
| iv_501 | 6.322810489346109 × 10^300 | 4119 | 83 |
| iv_499 | 2.1892283988856194 × 10^300 | 4135 | 81 |
| iv_500 | 3.708037965319825 × 10^300 | 4149 | 76 |
| iv_510 | 2.1139138977024517 × 10^302 | 4155 | 79 |
| iv_497 | 6.095532656709298 × 10^299 | 4157 | 93 |
| iv_511 | 6.283080523715966 × 10^301 | 4242 | 80 |
| iv_507 | 1.8466534805796404 × 10^302 | 4272 | 66 |
| iv_512 | 7.246802904974802 × 10^301 | 4401 | 80 |

### Input Bits Sorted by Output Occurrences

| Input Bit | Complexity | Occurrences | Output Occurrences |
|:---------:|:----------:|:-----------:|:------------------:|
| iv_507 | 1.8466534805796404 × 10^302 | 4272 | 66 |
| iv_508 | 1.1552262108305276 × 10^302 | 4026 | 70 |
| iv_503 | 1.6215119083044656 × 10^301 | 4059 | 74 |
| iv_500 | 3.708037965319825 × 10^300 | 4149 | 76 |
| iv_504 | 2.4980398868319097 × 10^301 | 3958 | 78 |
| iv_505 | 3.7749762356064434 × 10^301 | 3951 | 79 |
| iv_510 | 2.1139138977024517 × 10^302 | 4155 | 79 |
| iv_511 | 6.283080523715966 × 10^301 | 4242 | 80 |
| iv_512 | 7.246802904974802 × 10^301 | 4401 | 80 |
| iv_499 | 2.1892283988856194 × 10^300 | 4135 | 81 |
| iv_502 | 1.0277016145917432 × 10^301 | 3907 | 82 |
| iv_506 | 5.608486078771512 × 10^301 | 3981 | 82 |
| iv_501 | 6.322810489346109 × 10^300 | 4119 | 83 |
| iv_498 | 1.2295996565924733 × 10^300 | 3966 | 88 |
| iv_497 | 6.095532656709298 × 10^299 | 4157 | 93 |

## Input Bit Co-occurrences

### Input Bit Co-occurrences Sorted by Co-occurrences

| Input Bits | Co-occurrences | Potential Occurrences | Output Co-occurrences | Potential Output Occurrences |
|:----------:|:--------------:|:---------------------:|:---------------------:|:----------------------------:|
| iv_511-iv_512 | 2170 | 4303 | 43 | 74 |
| iv_510-iv_512 | 2101 | 4354 | 42 | 75 |
| iv_497-iv_512 | 2092 | 4374 | 44 | 85 |
| iv_500-iv_511 | 2091 | 4209 | 38 | 80 |
| iv_500-iv_512 | 2077 | 4396 | 39 | 78 |
| iv_501-iv_512 | 2075 | 4370 | 43 | 77 |
| iv_507-iv_512 | 2057 | 4559 | 33 | 80 |
| iv_503-iv_512 | 2056 | 4348 | 34 | 86 |
| iv_501-iv_511 | 2048 | 4265 | 39 | 85 |
| iv_499-iv_512 | 2046 | 4444 | 44 | 73 |
| iv_508-iv_512 | 2045 | 4337 | 32 | 86 |
| iv_499-iv_510 | 2044 | 4202 | 43 | 74 |
| iv_499-iv_511 | 2036 | 4305 | 37 | 87 |
| iv_499-iv_508 | 2026 | 4109 | 38 | 75 |
| iv_497-iv_507 | 2023 | 4383 | 34 | 91 |

### Input Bit Co-occurrences Sorted by Potential Occurrences

| Input Bits | Co-occurrences | Potential Occurrences | Output Co-occurrences | Potential Output Occurrences |
|:----------:|:--------------:|:---------------------:|:---------------------:|:----------------------------:|
| iv_499-iv_508 | 2026 | 4109 | 38 | 75 |
| iv_504-iv_506 | 1885 | 4169 | 42 | 76 |
| iv_499-iv_502 | 1933 | 4176 | 41 | 81 |
| iv_501-iv_505 | 1945 | 4180 | 45 | 72 |
| iv_502-iv_505 | 1839 | 4180 | 36 | 89 |
| iv_500-iv_503 | 2013 | 4182 | 38 | 74 |
| iv_506-iv_508 | 1912 | 4183 | 37 | 78 |
| iv_504-iv_505 | 1861 | 4187 | 41 | 75 |
| iv_503-iv_506 | 1923 | 4194 | 38 | 80 |
| iv_498-iv_508 | 1897 | 4198 | 37 | 84 |
| iv_499-iv_506 | 1957 | 4202 | 39 | 85 |
| iv_499-iv_510 | 2044 | 4202 | 43 | 74 |
| iv_497-iv_503 | 2006 | 4204 | 38 | 91 |
| iv_500-iv_511 | 2091 | 4209 | 38 | 80 |
| iv_498-iv_504 | 1855 | 4214 | 46 | 74 |

### Input Bit Output Co-occurrences Sorted by Output Co-occurrences

| Input Bits | Co-occurrences | Potential Occurrences | Output Co-occurrences | Potential Output Occurrences |
|:----------:|:--------------:|:---------------------:|:---------------------:|:----------------------------:|
| iv_497-iv_502 | 1910 | 4244 | 52 | 71 |
| iv_497-iv_506 | 1960 | 4218 | 51 | 73 |
| iv_497-iv_504 | 1935 | 4245 | 50 | 71 |
| iv_497-iv_498 | 1903 | 4317 | 50 | 81 |
| iv_498-iv_501 | 1887 | 4311 | 48 | 75 |
| iv_498-iv_510 | 1953 | 4215 | 48 | 71 |
| iv_497-iv_501 | 2018 | 4240 | 48 | 80 |
| iv_497-iv_510 | 1949 | 4414 | 48 | 76 |
| iv_498-iv_512 | 2007 | 4353 | 47 | 74 |
| iv_497-iv_505 | 1916 | 4276 | 47 | 78 |
| iv_497-iv_511 | 2018 | 4363 | 47 | 79 |
| iv_498-iv_502 | 1775 | 4323 | 46 | 78 |
| iv_498-iv_504 | 1855 | 4214 | 46 | 74 |
| iv_501-iv_505 | 1945 | 4180 | 45 | 72 |
| iv_502-iv_511 | 1931 | 4287 | 45 | 72 |

### Input Bit Output Co-occurrences Sorted by Potential Output Occurrences

| Input Bits | Co-occurrences | Potential Occurrences | Output Co-occurrences | Potential Output Occurrences |
|:----------:|:--------------:|:---------------------:|:---------------------:|:----------------------------:|
| iv_501-iv_507 | 1996 | 4399 | 42 | 65 |
| iv_507-iv_508 | 1927 | 4444 | 34 | 68 |
| iv_503-iv_504 | 1872 | 4273 | 41 | 70 |
| iv_498-iv_510 | 1953 | 4215 | 48 | 71 |
| iv_500-iv_505 | 1940 | 4220 | 42 | 71 |
| iv_497-iv_504 | 1935 | 4245 | 50 | 71 |
| iv_497-iv_502 | 1910 | 4244 | 52 | 71 |
| iv_501-iv_505 | 1945 | 4180 | 45 | 72 |
| iv_498-iv_507 | 1927 | 4384 | 41 | 72 |
| iv_502-iv_511 | 1931 | 4287 | 45 | 72 |
| iv_501-iv_503 | 1963 | 4252 | 42 | 73 |
| iv_503-iv_505 | 1890 | 4230 | 40 | 73 |
| iv_499-iv_512 | 2046 | 4444 | 44 | 73 |
| iv_506-iv_510 | 1957 | 4222 | 44 | 73 |
| iv_497-iv_506 | 1960 | 4218 | 51 | 73 |

## Output Bits

### Output Bits in Regular Order

| Rank | Output Bit | Complexity |
|:----:|:----------:|:----------:|
| 1 | ov_001 | 1.2543883614226357 × 10^302 |
| 2 | ov_002 | 1.092186405672402 × 10^302 |
| 3 | ov_003 | 9.465213924303382 × 10^301 |
| 4 | ov_004 | 8.161532452621736 × 10^301 |
| 5 | ov_005 | 6.999100528112644 × 10^301 |
| 6 | ov_006 | 5.966832690953992 × 10^301 |
| 7 | ov_007 | 5.054235319407638 × 10^301 |
| 8 | ov_008 | 4.2513704310117385 × 10^301 |
| 9 | ov_009 | 3.548824566410835 × 10^301 |
| 10 | ov_010 | 2.93768225080447 × 10^301 |
| 11 | ov_011 | 2.409503556277655 × 10^301 |
| 12 | ov_012 | 1.9563053158160223 × 10^301 |
| 13 | ov_013 | 1.5705455667525142 × 10^301 |
| 14 | ov_014 | 1.2451108278672921 × 10^301 |
| 15 | ov_015 | 9.733058404748499 × 10^300 |
| 16 | ov_016 | 7.488454296710921 × 10^300 |
| 17 | ov_017 | 5.6584816755109876 × 10^300 |
| 18 | ov_018 | 4.1883154570358954 × 10^300 |
| 19 | ov_019 | 3.0270838968591687 × 10^300 |
| 20 | ov_020 | 2.1278427351755806 × 10^300 |
| 21 | ov_021 | 1.447557175246322 × 10^300 |
| 22 | ov_022 | 9.47089781390264 × 10^299 |
| 23 | ov_023 | 5.9119263513436696 × 10^299 |
| 24 | ov_024 | 3.4850239713766835 × 10^299 |
| 25 | ov_025 | 1.9153732868348762 × 10^299 |
| 26 | ov_026 | 9.669565936370147 × 10^298 |
| 27 | ov_027 | 4.4254818654623026 × 10^298 |
| 28 | ov_028 | 1.8371132749197598 × 10^298 |
| 29 | ov_029 | 7.07972691034152 × 10^297 |
| 30 | ov_030 | 2.164532312839215 × 10^297 |
| 31 | ov_031 | 4.222228061340353 × 10^296 |
| 32 | lv_80_m31 | 8.234384044539527 × 10^295 |
| 33 | ov_033 | 9.957304431824269 × 10^296 |
| 34 | ov_034 | 8.65761670710706 × 10^296 |
| 35 | ov_035 | 7.49154962589136 × 10^296 |
| 36 | ov_036 | 6.449036517807014 × 10^296 |
| 37 | ov_037 | 5.52056207450732 × 10^296 |
| 38 | ov_038 | 4.697123669996067 × 10^296 |
| 39 | ov_039 | 3.970197707548902 × 10^296 |
| 40 | ov_040 | 3.331710519764037 × 10^296 |
| 41 | ov_041 | 2.7740133771433653 × 10^296 |
| 42 | ov_042 | 2.289861187974537 × 10^296 |
| 43 | ov_043 | 1.8723944983365857 × 10^296 |
| 44 | ov_044 | 1.5151244259529637 × 10^296 |
| 45 | ov_045 | 1.2119201855218529 × 10^296 |
| 46 | ov_046 | 9.569988862078825 × 10^295 |
| 47 | ov_047 | 7.449173043142033 × 10^295 |
| 48 | ov_048 | 5.705653558898657 × 10^295 |
| 49 | ov_049 | 4.2916101527393677 × 10^295 |
| 50 | ov_050 | 3.162464464325681 × 10^295 |
| 51 | ov_051 | 2.2768513449476755 × 10^295 |
| 52 | ov_052 | 1.59659825211931 × 10^295 |
| 53 | ov_053 | 1.0867110021891717 × 10^295 |
| 54 | ov_054 | 7.153643601284132 × 10^294 |
| 55 | ov_055 | 4.5389614530808905 × 10^294 |
| 56 | ov_056 | 2.7680373129640086 × 10^294 |
| 57 | ov_057 | 1.6174204952311834 × 10^294 |
| 58 | ov_058 | 8.952249159720672 × 10^293 |
| 59 | ov_059 | 4.411235189148239 × 10^293 |
| 60 | ov_060 | 1.82842091164443 × 10^293 |
| 61 | ov_061 | 6.388439900273977 × 10^292 |
| 62 | ov_062 | 1.7529899994937026 × 10^292 |
| 63 | ov_063 | 3.4178775804783656 × 10^291 |
| 64 | lv_79_m31 | 6.662681674445405 × 10^290 |
| 65 | ov_065 | 8.052203365546228 × 10^291 |
| 66 | ov_066 | 8.052179916414826 × 10^291 |
| 67 | ov_067 | 8.052174177906634 × 10^291 |
| 68 | ov_068 | 6.990714710796777 × 10^291 |
| 69 | ov_069 | 6.040841919839552 × 10^291 |
| 70 | ov_070 | 5.193671896335366 × 10^291 |
| 71 | ov_071 | 4.440866987809677 × 10^291 |
| 72 | ov_072 | 3.774598819608557 × 10^291 |
| 73 | ov_073 | 3.187514593914182 × 10^291 |
| 74 | ov_074 | 2.6727064908023437 × 10^291 |
| 75 | ov_075 | 2.2236840029661828 × 10^291 |
| 76 | ov_076 | 1.834349041541799 × 10^291 |
| 77 | ov_077 | 1.4989736552365548 × 10^291 |
| 78 | ov_078 | 1.2121802088145904 × 10^291 |
| 79 | ov_079 | 9.689238700619419 × 10^290 |
| 80 | ov_080 | 7.644772567517394 × 10^290 |
| 81 | ov_081 | 5.944170969652397 × 10^290 |
| 82 | ov_082 | 4.546127574944709 × 10^290 |
| 83 | ov_083 | 3.4121649604546796 × 10^290 |
| 84 | ov_084 | 2.5065529365657294 × 10^290 |
| 85 | ov_085 | 1.796241242140375 × 10^290 |
| 86 | ov_086 | 1.2508051824788424 × 10^290 |
| 87 | ov_087 | 8.424027837580919 × 10^289 |
| 88 | ov_088 | 5.45742038720211 × 10^289 |
| 89 | ov_089 | 3.38056818995814 × 10^289 |
| 90 | ov_090 | 1.990900297731692 × 10^289 |
| 91 | ov_091 | 1.1108258267966892 × 10^289 |
| 92 | ov_092 | 5.87667747311793 × 10^288 |
| 93 | ov_093 | 2.936273152863301 × 10^288 |
| 94 | ov_094 | 1.2576755143340315 × 10^288 |
| 95 | aaa_78_28 | 3.88342089227035 × 10^287 |
| 96 | aaa_78_29 | 1.192541876346409 × 10^287 |
| 97 | ov_097 | 7.870865281199408 × 10^286 |
| 98 | ov_098 | 7.870628670217231 × 10^286 |
| 99 | ov_099 | 7.870553000202617 × 10^286 |
| 100 | ov_100 | 7.080927102926102 × 10^286 |
| 101 | ov_101 | 6.349899791122809 × 10^286 |
| 102 | ov_102 | 5.674215646457767 × 10^286 |
| 103 | ov_103 | 5.050854965858859 × 10^286 |
| 104 | ov_104 | 4.477004146186048 × 10^286 |
| 105 | ov_105 | 3.950028708562673 × 10^286 |
| 106 | ov_106 | 3.467448822220457 × 10^286 |
| 107 | ov_107 | 3.0269171932276534 × 10^286 |
| 108 | ov_108 | 2.626199188019645 × 10^286 |
| 109 | ov_109 | 2.2631550653560843 × 10^286 |
| 110 | ov_110 | 1.935724193296497 × 10^286 |
| 111 | ov_111 | 1.641911130121047 × 10^286 |
| 112 | ov_112 | 1.3797734499211459 × 10^286 |
| 113 | ov_113 | 1.1474111949341979 × 10^286 |
| 114 | ov_114 | 9.429578376789941 × 10^285 |
| 115 | ov_115 | 7.64572636636187 × 10^285 |
| 116 | ov_116 | 6.10434269677517 × 10^285 |
| 117 | ov_117 | 4.787356297359232 × 10^285 |
| 118 | ov_118 | 3.6767966737659357 × 10^285 |
| 119 | ov_119 | 2.754761650187306 × 10^285 |
| 120 | ov_120 | 2.003393276023847 × 10^285 |
| 121 | ov_121 | 1.4048607451628962 × 10^285 |
| 122 | ov_122 | 9.41349176132071 × 10^284 |
| 123 | ov_123 | 5.950527287398733 × 10^284 |
| 124 | ov_124 | 3.481703040889668 × 10^284 |
| 125 | ov_125 | 1.8290287685191872 × 10^284 |
| 126 | ov_126 | 8.14521322926872 × 10^283 |
| 127 | aaa_77_28 | 2.6019942137803587 × 10^283 |
| 128 | aaa_77_29 | 9.76065834244044 × 10^282 |
| 129 | ov_129 | 9.161272820937195 × 10^282 |
| 130 | ov_130 | 9.161247527341843 × 10^282 |
| 131 | ov_131 | 9.161241400653984 × 10^282 |
| 132 | ov_132 | 7.969457092951545 × 10^282 |
| 133 | ov_133 | 6.899689685736315 × 10^282 |
| 134 | ov_134 | 5.942779868012728 × 10^282 |
| 135 | ov_135 | 5.0900703386646555 × 10^282 |
| 136 | ov_136 | 4.3333701924793735 × 10^282 |
| 137 | ov_137 | 3.664923940176958 × 10^282 |
| 138 | ov_138 | 3.0773847392699 × 10^282 |
| 139 | ov_139 | 2.563791434798129 × 10^282 |
| 140 | ov_140 | 2.1175490304449968 × 10^282 |
| 141 | ov_141 | 1.7324122313880266 × 10^282 |
| 142 | ov_142 | 1.4024717206022504 × 10^282 |
| 143 | ov_143 | 1.1221428503230763 × 10^282 |
| 144 | ov_144 | 8.861564500815726 × 10^281 |
| 145 | ov_145 | 6.895514722237002 × 10^281 |
| 146 | ov_146 | 5.276692151774811 × 10^281 |
| 147 | ov_147 | 3.96148883986161 × 10^281 |
| 148 | ov_148 | 2.909242668168578 × 10^281 |
| 149 | ov_149 | 2.082213253081458 × 10^281 |
| 150 | ov_150 | 1.445565157526013 × 10^281 |
| 151 | ov_151 | 9.673567723087925 × 10^280 |
| 152 | ov_152 | 6.1853341927362555 × 10^280 |
| 153 | ov_153 | 3.729234196666029 × 10^280 |
| 154 | ov_154 | 2.0723606216998467 × 10^280 |
| 155 | ov_155 | 1.0106062375317536 × 10^280 |
| 156 | aaa_76_25 | 3.686591268133138 × 10^279 |
| 157 | aaa_76_26 | 2.1309859041895978 × 10^279 |
| 158 | aaa_76_27 | 1.0920394406864924 × 10^279 |
| 159 | aaa_76_28 | 4.257959026924676 × 10^278 |
| 160 | aaa_76_29 | 1.296824674674122 × 10^278 |

### Output Bits Sorted by Complexity

| Rank | Output Bit | Complexity |
|:----:|:----------:|:----------:|
| 160 | aaa_76_29 | 1.296824674674122 × 10^278 |
| 159 | aaa_76_28 | 4.257959026924676 × 10^278 |
| 158 | aaa_76_27 | 1.0920394406864924 × 10^279 |
| 157 | aaa_76_26 | 2.1309859041895978 × 10^279 |
| 156 | aaa_76_25 | 3.686591268133138 × 10^279 |
| 155 | ov_155 | 1.0106062375317536 × 10^280 |
| 154 | ov_154 | 2.0723606216998467 × 10^280 |
| 153 | ov_153 | 3.729234196666029 × 10^280 |
| 152 | ov_152 | 6.1853341927362555 × 10^280 |
| 151 | ov_151 | 9.673567723087925 × 10^280 |
| 150 | ov_150 | 1.445565157526013 × 10^281 |
| 149 | ov_149 | 2.082213253081458 × 10^281 |
| 148 | ov_148 | 2.909242668168578 × 10^281 |
| 147 | ov_147 | 3.96148883986161 × 10^281 |
| 146 | ov_146 | 5.276692151774811 × 10^281 |
| 145 | ov_145 | 6.895514722237002 × 10^281 |
| 144 | ov_144 | 8.861564500815726 × 10^281 |
| 143 | ov_143 | 1.1221428503230763 × 10^282 |
| 142 | ov_142 | 1.4024717206022504 × 10^282 |
| 141 | ov_141 | 1.7324122313880266 × 10^282 |
| 140 | ov_140 | 2.1175490304449968 × 10^282 |
| 139 | ov_139 | 2.563791434798129 × 10^282 |
| 138 | ov_138 | 3.0773847392699 × 10^282 |
| 137 | ov_137 | 3.664923940176958 × 10^282 |
| 136 | ov_136 | 4.3333701924793735 × 10^282 |
| 135 | ov_135 | 5.0900703386646555 × 10^282 |
| 134 | ov_134 | 5.942779868012728 × 10^282 |
| 133 | ov_133 | 6.899689685736315 × 10^282 |
| 132 | ov_132 | 7.969457092951545 × 10^282 |
| 131 | ov_131 | 9.161241400653984 × 10^282 |
| 130 | ov_130 | 9.161247527341843 × 10^282 |
| 129 | ov_129 | 9.161272820937195 × 10^282 |
| 128 | aaa_77_29 | 9.76065834244044 × 10^282 |
| 127 | aaa_77_28 | 2.6019942137803587 × 10^283 |
| 126 | ov_126 | 8.14521322926872 × 10^283 |
| 125 | ov_125 | 1.8290287685191872 × 10^284 |
| 124 | ov_124 | 3.481703040889668 × 10^284 |
| 123 | ov_123 | 5.950527287398733 × 10^284 |
| 122 | ov_122 | 9.41349176132071 × 10^284 |
| 121 | ov_121 | 1.4048607451628962 × 10^285 |
| 120 | ov_120 | 2.003393276023847 × 10^285 |
| 119 | ov_119 | 2.754761650187306 × 10^285 |
| 118 | ov_118 | 3.6767966737659357 × 10^285 |
| 117 | ov_117 | 4.787356297359232 × 10^285 |
| 116 | ov_116 | 6.10434269677517 × 10^285 |
| 115 | ov_115 | 7.64572636636187 × 10^285 |
| 114 | ov_114 | 9.429578376789941 × 10^285 |
| 113 | ov_113 | 1.1474111949341979 × 10^286 |
| 112 | ov_112 | 1.3797734499211459 × 10^286 |
| 111 | ov_111 | 1.641911130121047 × 10^286 |
| 110 | ov_110 | 1.935724193296497 × 10^286 |
| 109 | ov_109 | 2.2631550653560843 × 10^286 |
| 108 | ov_108 | 2.626199188019645 × 10^286 |
| 107 | ov_107 | 3.0269171932276534 × 10^286 |
| 106 | ov_106 | 3.467448822220457 × 10^286 |
| 105 | ov_105 | 3.950028708562673 × 10^286 |
| 104 | ov_104 | 4.477004146186048 × 10^286 |
| 103 | ov_103 | 5.050854965858859 × 10^286 |
| 102 | ov_102 | 5.674215646457767 × 10^286 |
| 101 | ov_101 | 6.349899791122809 × 10^286 |
| 100 | ov_100 | 7.080927102926102 × 10^286 |
| 99 | ov_099 | 7.870553000202617 × 10^286 |
| 98 | ov_098 | 7.870628670217231 × 10^286 |
| 97 | ov_097 | 7.870865281199408 × 10^286 |
| 96 | aaa_78_29 | 1.192541876346409 × 10^287 |
| 95 | aaa_78_28 | 3.88342089227035 × 10^287 |
| 94 | ov_094 | 1.2576755143340315 × 10^288 |
| 93 | ov_093 | 2.936273152863301 × 10^288 |
| 92 | ov_092 | 5.87667747311793 × 10^288 |
| 91 | ov_091 | 1.1108258267966892 × 10^289 |
| 90 | ov_090 | 1.990900297731692 × 10^289 |
| 89 | ov_089 | 3.38056818995814 × 10^289 |
| 88 | ov_088 | 5.45742038720211 × 10^289 |
| 87 | ov_087 | 8.424027837580919 × 10^289 |
| 86 | ov_086 | 1.2508051824788424 × 10^290 |
| 85 | ov_085 | 1.796241242140375 × 10^290 |
| 84 | ov_084 | 2.5065529365657294 × 10^290 |
| 83 | ov_083 | 3.4121649604546796 × 10^290 |
| 82 | ov_082 | 4.546127574944709 × 10^290 |
| 81 | ov_081 | 5.944170969652397 × 10^290 |
| 64 | lv_79_m31 | 6.662681674445405 × 10^290 |
| 80 | ov_080 | 7.644772567517394 × 10^290 |
| 79 | ov_079 | 9.689238700619419 × 10^290 |
| 78 | ov_078 | 1.2121802088145904 × 10^291 |
| 77 | ov_077 | 1.4989736552365548 × 10^291 |
| 76 | ov_076 | 1.834349041541799 × 10^291 |
| 75 | ov_075 | 2.2236840029661828 × 10^291 |
| 74 | ov_074 | 2.6727064908023437 × 10^291 |
| 73 | ov_073 | 3.187514593914182 × 10^291 |
| 63 | ov_063 | 3.4178775804783656 × 10^291 |
| 72 | ov_072 | 3.774598819608557 × 10^291 |
| 71 | ov_071 | 4.440866987809677 × 10^291 |
| 70 | ov_070 | 5.193671896335366 × 10^291 |
| 69 | ov_069 | 6.040841919839552 × 10^291 |
| 68 | ov_068 | 6.990714710796777 × 10^291 |
| 67 | ov_067 | 8.052174177906634 × 10^291 |
| 66 | ov_066 | 8.052179916414826 × 10^291 |
| 65 | ov_065 | 8.052203365546228 × 10^291 |
| 62 | ov_062 | 1.7529899994937026 × 10^292 |
| 61 | ov_061 | 6.388439900273977 × 10^292 |
| 60 | ov_060 | 1.82842091164443 × 10^293 |
| 59 | ov_059 | 4.411235189148239 × 10^293 |
| 58 | ov_058 | 8.952249159720672 × 10^293 |
| 57 | ov_057 | 1.6174204952311834 × 10^294 |
| 56 | ov_056 | 2.7680373129640086 × 10^294 |
| 55 | ov_055 | 4.5389614530808905 × 10^294 |
| 54 | ov_054 | 7.153643601284132 × 10^294 |
| 53 | ov_053 | 1.0867110021891717 × 10^295 |
| 52 | ov_052 | 1.59659825211931 × 10^295 |
| 51 | ov_051 | 2.2768513449476755 × 10^295 |
| 50 | ov_050 | 3.162464464325681 × 10^295 |
| 49 | ov_049 | 4.2916101527393677 × 10^295 |
| 48 | ov_048 | 5.705653558898657 × 10^295 |
| 47 | ov_047 | 7.449173043142033 × 10^295 |
| 32 | lv_80_m31 | 8.234384044539527 × 10^295 |
| 46 | ov_046 | 9.569988862078825 × 10^295 |
| 45 | ov_045 | 1.2119201855218529 × 10^296 |
| 44 | ov_044 | 1.5151244259529637 × 10^296 |
| 43 | ov_043 | 1.8723944983365857 × 10^296 |
| 42 | ov_042 | 2.289861187974537 × 10^296 |
| 41 | ov_041 | 2.7740133771433653 × 10^296 |
| 40 | ov_040 | 3.331710519764037 × 10^296 |
| 39 | ov_039 | 3.970197707548902 × 10^296 |
| 31 | ov_031 | 4.222228061340353 × 10^296 |
| 38 | ov_038 | 4.697123669996067 × 10^296 |
| 37 | ov_037 | 5.52056207450732 × 10^296 |
| 36 | ov_036 | 6.449036517807014 × 10^296 |
| 35 | ov_035 | 7.49154962589136 × 10^296 |
| 34 | ov_034 | 8.65761670710706 × 10^296 |
| 33 | ov_033 | 9.957304431824269 × 10^296 |
| 30 | ov_030 | 2.164532312839215 × 10^297 |
| 29 | ov_029 | 7.07972691034152 × 10^297 |
| 28 | ov_028 | 1.8371132749197598 × 10^298 |
| 27 | ov_027 | 4.4254818654623026 × 10^298 |
| 26 | ov_026 | 9.669565936370147 × 10^298 |
| 25 | ov_025 | 1.9153732868348762 × 10^299 |
| 24 | ov_024 | 3.4850239713766835 × 10^299 |
| 23 | ov_023 | 5.9119263513436696 × 10^299 |
| 22 | ov_022 | 9.47089781390264 × 10^299 |
| 21 | ov_021 | 1.447557175246322 × 10^300 |
| 20 | ov_020 | 2.1278427351755806 × 10^300 |
| 19 | ov_019 | 3.0270838968591687 × 10^300 |
| 18 | ov_018 | 4.1883154570358954 × 10^300 |
| 17 | ov_017 | 5.6584816755109876 × 10^300 |
| 16 | ov_016 | 7.488454296710921 × 10^300 |
| 15 | ov_015 | 9.733058404748499 × 10^300 |
| 14 | ov_014 | 1.2451108278672921 × 10^301 |
| 13 | ov_013 | 1.5705455667525142 × 10^301 |
| 12 | ov_012 | 1.9563053158160223 × 10^301 |
| 11 | ov_011 | 2.409503556277655 × 10^301 |
| 10 | ov_010 | 2.93768225080447 × 10^301 |
| 9 | ov_009 | 3.548824566410835 × 10^301 |
| 8 | ov_008 | 4.2513704310117385 × 10^301 |
| 7 | ov_007 | 5.054235319407638 × 10^301 |
| 6 | ov_006 | 5.966832690953992 × 10^301 |
| 5 | ov_005 | 6.999100528112644 × 10^301 |
| 4 | ov_004 | 8.161532452621736 × 10^301 |
| 3 | ov_003 | 9.465213924303382 × 10^301 |
| 2 | ov_002 | 1.092186405672402 × 10^302 |
| 1 | ov_001 | 1.2543883614226357 × 10^302 |

