# Results for T015-F017-F018-F019-F020-F021-F022-F023-F024-F025-F026-F027-F028-F029-F030-F031-F032-F033-F034-F035-F036-F037-F038-F039-F040-F041-F042-F043-F044-F045-F046-F047-F048-F049-F050-F051-F052-F053-F054-F055-F056-F057-F058-F059-F060-F061-F062-F063-F064-F065-F066-F067-F068-F069-F070-F071-F072-F073-F074-F075-F076-F077-F078-F079-F080-F081-F082-F083-F084-F085-F086-F087-F088-F089-F090-F091-F092-F093-F094-F095-F096-F097-F098-F099-F100-F101-F102-F103-F104-F105-F106-F107-F108-F109-F110-F111-F112-F113-F114-F115-F116-F117-F118-F119-F120-F121-F122-F123-F124-F125-F126-F127-F128-F129-F130-F131-F132-F133-F134-F135-F136-F137-F138-F139-F140-F141-F142-F143-F144-F145-F146-F147-F148-F149-F150-F151-F152-F153-F154-F155-F156-F157-F158-F159-F160-F161-F162-F163-F164-F165-F166-F167-F168-F169-F170-F171-F172-F173-F174-F175-F176-F177-F178-F179-F180-F181-F182-F183-F184-F185-F186-F187-F188-F189-F190-F191-F192-F193-F194-F195-F196-F197-F198-F199-F200-F201-F202-F203-F204-F205-F206-F207-F208-F209-F210-F211-F212-F213-F214-F215-F216-F217-F218-F219-F220-F221-F222-F223-F224-F225-F226-F227-F228-F229-F230-F231-F232-F233-F234-F235-F236-F237-F238-F239-F240-F241-F242-F243-F244-F245-F246-F247-F248-F249-F250-F251-F252-F253-F254-F255-F256-F257-F258-F259-F260-F261-F262-F263-F264-F265-F266-F267-F268-F269-F270-F271-F272-F273-F274-F275-F276-F277-F278-F279-F280-F281-F282-F283-F284-F285-F286-F287-F288-F289-F290-F291-F292-F293-F294-F295-F296-F297-F298-F299-F300-F301-F302-F303-F304-F305-F306-F307-F308-F309-F310-F311-F312-F313-F314-F315-F316-F317-F318-F319-F320-F321-F322-F323-F324-F325-F326-F327-F328-F329-F330-F331-F332-F333-F334-F335-F336-F337-F338-F339-F340-F341-F342-F343-F344-F345-F346-F347-F348-F349-F350-F351-F352-F353-F354-F355-F356-F357-F358-F359-F360-F361-F362-F363-F364-F365-F366-F367-F368-F369-F370-F371-F372-F373-F374-F375-F376-F377-F378-F379-F380-F381-F382-F383-F384-F385-F386-F387-F388-F389-F390-F391-F392-F393-F394-F395-F396-F397-F398-F399-F400-F401-F402-F403-F404-F405-F406-F407-F408-F409-F410-F411-F412-F413-F414-F415-F416-F417-F418-F419-F420-F421-F422-F423-F424-F425-F426-F427-F428-F429-F430-F431-F432-F433-F434-F435-F436-F437-F438-F439-F440-F441-F442-F443-F444-F445-F446-F447-F448-F449-F450-F451-F452-F453-F454-F455-F456-F457-F458-F459-F460-F461-F462-F463-F464-F465-F466-F467-F468-F469-F470-F471-F472-F473-F474-F475-F476-F477-F478-F479-F480-F481-F482-F483-F484-F485-F486-F487-F488-F489-F490-F491-F492-F493-F494-F495-F496-F497-F498-F499-F500-F501-F502-F503-F504-F505-F506-F507-F508-F509-F510-F511-F512

## Summary

Number of input bits: 512  
Number of free input bits: 15  
Number of output bits: 160

Number of direct occurrences: 68165  
Number of assignments: 39184  
Number of operations: 19568904
(xor: 19531281,
and: 20923,
or: 16700)

Total complexity: 5.61436569966678 × 10^358

Least occurring input variable: iv_002 (4323)  
Most occurring input variable: iv_011 (4842)

Most co-occurring input variables: iv_004-iv_005 (2343)  
Least co-occurring input variables: iv_003-iv_010 (1959)

Potentially most occurring input variable: iv_004/iv_011 (5245)  
Potentially least occurring input variable: iv_007/iv_012 (4427)

Least output occurring input variable: iv_016 (66)  
Most output occurring input variable: iv_007 (82)

Most output co-occurring input variables: iv_005-iv_013 (44)  
Least output co-occurring input variables: iv_003-iv_016 (27)

Potentially most output occurring input variable: iv_001/iv_005 (93)  
Potentially least output occurring input variable: iv_005/iv_013 (66)

Least complex input bit: iv_016 (1.935265963022708 × 10^355)  
Most complex input bit: iv_014 (7.959251443291456 × 10^357)

Least complex output bit: aaa_76_29 (1.3143721184268945 × 10^333)  
Most complex output bit: ov_001 (8.554196919454891 × 10^357)

Least complex input/output complexity: iv_016/aaa_76_29 (4.5306268946616587 × 10^329)  
Most complex input/output complexity: iv_014/ov_001 (1.2126927211280807 × 10^357)

## Input Bits

### Input Bits in Regular Order

| Input Bit | Complexity | Occurrences | Output Occurrences |
|:---------:|:----------:|:-----------:|:------------------:|
| iv_001 | 4.52654834437794 × 10^355 | 4598 | 72 |
| iv_002 | 1.9538587029222894 × 10^356 | 4323 | 79 |
| iv_003 | 5.6445123176923195 × 10^356 | 4418 | 73 |
| iv_004 | 1.2263529523020362 × 10^357 | 4631 | 70 |
| iv_005 | 1.9658083465715336 × 10^357 | 4605 | 77 |
| iv_006 | 2.716163294545599 × 10^357 | 4514 | 78 |
| iv_007 | 3.5336702283092317 × 10^357 | 4477 | 82 |
| iv_008 | 4.4728132396234243 × 10^357 | 4559 | 74 |
| iv_009 | 5.664091686134824 × 10^357 | 4466 | 74 |
| iv_010 | 6.125043465944231 × 10^357 | 4522 | 81 |
| iv_011 | 6.854912949581064 × 10^357 | 4842 | 81 |
| iv_012 | 7.192635490109228 × 10^357 | 4388 | 73 |
| iv_013 | 7.608458655119689 × 10^357 | 4634 | 77 |
| iv_014 | 7.959251443291456 × 10^357 | 4650 | 75 |
| iv_016 | 1.935265963022708 × 10^355 | 4538 | 66 |

### Input Bits Sorted by Complexity

| Input Bit | Complexity | Occurrences | Output Occurrences |
|:---------:|:----------:|:-----------:|:------------------:|
| iv_016 | 1.935265963022708 × 10^355 | 4538 | 66 |
| iv_001 | 4.52654834437794 × 10^355 | 4598 | 72 |
| iv_002 | 1.9538587029222894 × 10^356 | 4323 | 79 |
| iv_003 | 5.6445123176923195 × 10^356 | 4418 | 73 |
| iv_004 | 1.2263529523020362 × 10^357 | 4631 | 70 |
| iv_005 | 1.9658083465715336 × 10^357 | 4605 | 77 |
| iv_006 | 2.716163294545599 × 10^357 | 4514 | 78 |
| iv_007 | 3.5336702283092317 × 10^357 | 4477 | 82 |
| iv_008 | 4.4728132396234243 × 10^357 | 4559 | 74 |
| iv_009 | 5.664091686134824 × 10^357 | 4466 | 74 |
| iv_010 | 6.125043465944231 × 10^357 | 4522 | 81 |
| iv_011 | 6.854912949581064 × 10^357 | 4842 | 81 |
| iv_012 | 7.192635490109228 × 10^357 | 4388 | 73 |
| iv_013 | 7.608458655119689 × 10^357 | 4634 | 77 |
| iv_014 | 7.959251443291456 × 10^357 | 4650 | 75 |

### Input Bits Sorted by Occurrences

| Input Bit | Complexity | Occurrences | Output Occurrences |
|:---------:|:----------:|:-----------:|:------------------:|
| iv_002 | 1.9538587029222894 × 10^356 | 4323 | 79 |
| iv_012 | 7.192635490109228 × 10^357 | 4388 | 73 |
| iv_003 | 5.6445123176923195 × 10^356 | 4418 | 73 |
| iv_009 | 5.664091686134824 × 10^357 | 4466 | 74 |
| iv_007 | 3.5336702283092317 × 10^357 | 4477 | 82 |
| iv_006 | 2.716163294545599 × 10^357 | 4514 | 78 |
| iv_010 | 6.125043465944231 × 10^357 | 4522 | 81 |
| iv_016 | 1.935265963022708 × 10^355 | 4538 | 66 |
| iv_008 | 4.4728132396234243 × 10^357 | 4559 | 74 |
| iv_001 | 4.52654834437794 × 10^355 | 4598 | 72 |
| iv_005 | 1.9658083465715336 × 10^357 | 4605 | 77 |
| iv_004 | 1.2263529523020362 × 10^357 | 4631 | 70 |
| iv_013 | 7.608458655119689 × 10^357 | 4634 | 77 |
| iv_014 | 7.959251443291456 × 10^357 | 4650 | 75 |
| iv_011 | 6.854912949581064 × 10^357 | 4842 | 81 |

### Input Bits Sorted by Output Occurrences

| Input Bit | Complexity | Occurrences | Output Occurrences |
|:---------:|:----------:|:-----------:|:------------------:|
| iv_016 | 1.935265963022708 × 10^355 | 4538 | 66 |
| iv_004 | 1.2263529523020362 × 10^357 | 4631 | 70 |
| iv_001 | 4.52654834437794 × 10^355 | 4598 | 72 |
| iv_012 | 7.192635490109228 × 10^357 | 4388 | 73 |
| iv_003 | 5.6445123176923195 × 10^356 | 4418 | 73 |
| iv_008 | 4.4728132396234243 × 10^357 | 4559 | 74 |
| iv_009 | 5.664091686134824 × 10^357 | 4466 | 74 |
| iv_014 | 7.959251443291456 × 10^357 | 4650 | 75 |
| iv_005 | 1.9658083465715336 × 10^357 | 4605 | 77 |
| iv_013 | 7.608458655119689 × 10^357 | 4634 | 77 |
| iv_006 | 2.716163294545599 × 10^357 | 4514 | 78 |
| iv_002 | 1.9538587029222894 × 10^356 | 4323 | 79 |
| iv_010 | 6.125043465944231 × 10^357 | 4522 | 81 |
| iv_011 | 6.854912949581064 × 10^357 | 4842 | 81 |
| iv_007 | 3.5336702283092317 × 10^357 | 4477 | 82 |

## Input Bit Co-occurrences

### Input Bit Co-occurrences Sorted by Co-occurrences

| Input Bits | Co-occurrences | Potential Occurrences | Output Co-occurrences | Potential Output Occurrences |
|:----------:|:--------------:|:---------------------:|:---------------------:|:----------------------------:|
| iv_004-iv_005 | 2343 | 4550 | 37 | 73 |
| iv_010-iv_011 | 2300 | 4764 | 41 | 80 |
| iv_006-iv_011 | 2289 | 4778 | 36 | 87 |
| iv_001-iv_006 | 2276 | 4560 | 37 | 76 |
| iv_001-iv_011 | 2253 | 4934 | 37 | 79 |
| iv_008-iv_013 | 2252 | 4689 | 36 | 79 |
| iv_011-iv_016 | 2252 | 4876 | 28 | 91 |
| iv_007-iv_012 | 2219 | 4427 | 34 | 87 |
| iv_004-iv_014 | 2204 | 4873 | 31 | 83 |
| iv_004-iv_013 | 2204 | 4857 | 39 | 69 |
| iv_007-iv_011 | 2202 | 4915 | 41 | 81 |
| iv_013-iv_014 | 2198 | 4888 | 31 | 90 |
| iv_003-iv_013 | 2198 | 4656 | 37 | 76 |
| iv_009-iv_011 | 2196 | 4916 | 36 | 83 |
| iv_007-iv_013 | 2191 | 4729 | 43 | 73 |

### Input Bit Co-occurrences Sorted by Potential Occurrences

| Input Bits | Co-occurrences | Potential Occurrences | Output Co-occurrences | Potential Output Occurrences |
|:----------:|:--------------:|:---------------------:|:---------------------:|:----------------------------:|
| iv_007-iv_012 | 2219 | 4427 | 34 | 87 |
| iv_002-iv_007 | 2184 | 4432 | 42 | 77 |
| iv_004-iv_005 | 2343 | 4550 | 37 | 73 |
| iv_001-iv_006 | 2276 | 4560 | 37 | 76 |
| iv_002-iv_012 | 2056 | 4599 | 36 | 80 |
| iv_003-iv_012 | 2096 | 4614 | 39 | 68 |
| iv_009-iv_012 | 2109 | 4636 | 39 | 69 |
| iv_003-iv_008 | 2163 | 4651 | 36 | 75 |
| iv_003-iv_013 | 2198 | 4656 | 37 | 76 |
| iv_008-iv_009 | 2182 | 4661 | 37 | 74 |
| iv_010-iv_012 | 2118 | 4674 | 38 | 78 |
| iv_008-iv_013 | 2252 | 4689 | 36 | 79 |
| iv_012-iv_013 | 2164 | 4694 | 39 | 72 |
| iv_003-iv_004 | 2177 | 4695 | 36 | 71 |
| iv_003-iv_007 | 2098 | 4699 | 43 | 69 |

### Input Bit Output Co-occurrences Sorted by Output Co-occurrences

| Input Bits | Co-occurrences | Potential Occurrences | Output Co-occurrences | Potential Output Occurrences |
|:----------:|:--------------:|:---------------------:|:---------------------:|:----------------------------:|
| iv_005-iv_013 | 2118 | 5003 | 44 | 66 |
| iv_003-iv_007 | 2098 | 4699 | 43 | 69 |
| iv_007-iv_013 | 2191 | 4729 | 43 | 73 |
| iv_002-iv_007 | 2184 | 4432 | 42 | 77 |
| iv_002-iv_011 | 2023 | 5119 | 42 | 76 |
| iv_006-iv_010 | 2098 | 4840 | 42 | 75 |
| iv_005-iv_008 | 2132 | 4900 | 41 | 69 |
| iv_007-iv_008 | 2112 | 4812 | 41 | 74 |
| iv_007-iv_010 | 2128 | 4743 | 41 | 81 |
| iv_007-iv_011 | 2202 | 4915 | 41 | 81 |
| iv_007-iv_014 | 2110 | 4907 | 41 | 75 |
| iv_010-iv_011 | 2300 | 4764 | 41 | 80 |
| iv_002-iv_010 | 2035 | 4775 | 40 | 80 |
| iv_005-iv_010 | 2177 | 4773 | 40 | 78 |
| iv_005-iv_011 | 2174 | 5099 | 40 | 78 |

### Input Bit Output Co-occurrences Sorted by Potential Output Occurrences

| Input Bits | Co-occurrences | Potential Occurrences | Output Co-occurrences | Potential Output Occurrences |
|:----------:|:--------------:|:---------------------:|:---------------------:|:----------------------------:|
| iv_005-iv_013 | 2118 | 5003 | 44 | 66 |
| iv_001-iv_003 | 2021 | 4974 | 39 | 67 |
| iv_003-iv_012 | 2096 | 4614 | 39 | 68 |
| iv_005-iv_008 | 2132 | 4900 | 41 | 69 |
| iv_003-iv_007 | 2098 | 4699 | 43 | 69 |
| iv_004-iv_013 | 2204 | 4857 | 39 | 69 |
| iv_009-iv_012 | 2109 | 4636 | 39 | 69 |
| iv_002-iv_016 | 2009 | 4843 | 38 | 69 |
| iv_001-iv_009 | 2118 | 4828 | 38 | 70 |
| iv_003-iv_004 | 2177 | 4695 | 36 | 71 |
| iv_012-iv_013 | 2164 | 4694 | 39 | 72 |
| iv_004-iv_007 | 2167 | 4774 | 40 | 72 |
| iv_009-iv_016 | 2008 | 4988 | 34 | 72 |
| iv_007-iv_013 | 2191 | 4729 | 43 | 73 |
| iv_004-iv_005 | 2343 | 4550 | 37 | 73 |

## Output Bits

### Output Bits in Regular Order

| Rank | Output Bit | Complexity |
|:----:|:----------:|:----------:|
| 1 | ov_001 | 8.554196919454891 × 10^357 |
| 2 | ov_002 | 7.480247730830393 × 10^357 |
| 3 | ov_003 | 6.513771144519579 × 10^357 |
| 4 | ov_004 | 5.645991881225016 × 10^357 |
| 5 | ov_005 | 4.868626656435554 × 10^357 |
| 6 | ov_006 | 4.1738498065115617 × 10^357 |
| 7 | ov_007 | 3.554262974054228 × 10^357 |
| 8 | ov_008 | 3.002868460789784 × 10^357 |
| 9 | ov_009 | 2.516264469534 × 10^357 |
| 10 | ov_010 | 2.088187929697636 × 10^357 |
| 11 | ov_011 | 1.7155942933033173 × 10^357 |
| 12 | ov_012 | 1.3956051098176445 × 10^357 |
| 13 | ov_013 | 1.1229365310938636 × 10^357 |
| 14 | ov_014 | 8.926083335769401 × 10^356 |
| 15 | ov_015 | 6.99935852009741 × 10^356 |
| 16 | ov_016 | 5.405235197457985 × 10^356 |
| 17 | ov_017 | 4.102597831060429 × 10^356 |
| 18 | ov_018 | 3.053131758972492 × 10^356 |
| 19 | ov_019 | 2.2212935879555628 × 10^356 |
| 20 | ov_020 | 1.5742894681908623 × 10^356 |
| 21 | ov_021 | 1.0820596659181202 × 10^356 |
| 22 | ov_022 | 7.1726803552633545 × 10^355 |
| 23 | ov_023 | 4.55295177002861 × 10^355 |
| 24 | ov_024 | 2.7423424893372627 × 10^355 |
| 25 | ov_025 | 1.5488859149755809 × 10^355 |
| 26 | ov_026 | 8.077049736185261 × 10^354 |
| 27 | ov_027 | 3.810064655179027 × 10^354 |
| 28 | ov_028 | 1.5807883233535822 × 10^354 |
| 29 | ov_029 | 5.529143733376588 × 10^353 |
| 30 | ov_030 | 1.5189334203976377 × 10^353 |
| 31 | ov_031 | 2.9653439803143213 × 10^352 |
| 32 | lv_80_m31 | 5.788300630216525 × 10^351 |
| 33 | ov_033 | 7.166667992324996 × 10^352 |
| 34 | ov_034 | 6.2616168291718796 × 10^352 |
| 35 | ov_035 | 5.448882451107572 × 10^352 |
| 36 | ov_036 | 4.721019082019619 × 10^352 |
| 37 | ov_037 | 4.070995354004786 × 10^352 |
| 38 | ov_038 | 3.4921652909091437 × 10^352 |
| 39 | ov_039 | 2.9782428986140027 × 10^352 |
| 40 | ov_040 | 2.5232800415737943 × 10^352 |
| 41 | ov_041 | 2.1216473024604033 × 10^352 |
| 42 | ov_042 | 1.768017538392256 × 10^352 |
| 43 | ov_043 | 1.4573518632463941 × 10^352 |
| 44 | ov_044 | 1.1872012893630447 × 10^352 |
| 45 | ov_045 | 9.552523284533034 × 10^351 |
| 46 | ov_046 | 7.593224876894751 × 10^351 |
| 47 | ov_047 | 5.954256437621233 × 10^351 |
| 48 | ov_048 | 4.598218314373854 × 10^351 |
| 49 | ov_049 | 3.4901294694431003 × 10^351 |
| 50 | ov_050 | 2.5973940089567074 × 10^351 |
| 51 | ov_051 | 1.8897756682327269 × 10^351 |
| 52 | ov_052 | 1.3393788535680744 × 10^351 |
| 53 | ov_053 | 9.206349798809072 × 10^350 |
| 54 | ov_054 | 6.102929825348246 × 10^350 |
| 55 | ov_055 | 3.874130204563836 × 10^350 |
| 56 | ov_056 | 2.3336252637412685 × 10^350 |
| 57 | ov_057 | 1.31813898692034 × 10^350 |
| 58 | ov_058 | 6.874326818165242 × 10^349 |
| 59 | ov_059 | 3.242991480812163 × 10^349 |
| 60 | ov_060 | 1.345604067545617 × 10^349 |
| 61 | ov_061 | 4.70670341009396 × 10^348 |
| 62 | ov_062 | 1.2929800814657366 × 10^348 |
| 63 | ov_063 | 2.5240530601025548 × 10^347 |
| 64 | lv_79_m31 | 4.9263463337712965 × 10^346 |
| 65 | ov_065 | 6.043159454931106 × 10^347 |
| 66 | ov_066 | 6.043136337700827 × 10^347 |
| 67 | ov_067 | 6.043128937529255 × 10^347 |
| 68 | ov_068 | 5.274932175828907 × 10^347 |
| 69 | ov_069 | 4.5839489709274907 × 10^347 |
| 70 | ov_070 | 3.96441850397413 × 10^347 |
| 71 | ov_071 | 3.410903977614797 × 10^347 |
| 72 | ov_072 | 2.918269344177073 × 10^347 |
| 73 | ov_073 | 2.4816588048030003 × 10^347 |
| 74 | ov_074 | 2.096478811730958 × 10^347 |
| 75 | ov_075 | 1.758382349732825 × 10^347 |
| 76 | ov_076 | 1.4632553431556205 × 10^347 |
| 77 | ov_077 | 1.2072050469746934 × 10^347 |
| 78 | ov_078 | 9.865502371615137 × 10^346 |
| 79 | ov_079 | 7.978130011310255 × 10^346 |
| 80 | ov_080 | 6.377119414652247 × 10^346 |
| 81 | ov_081 | 5.0315661828309526 × 10^346 |
| 82 | ov_082 | 3.912430676004154 × 10^346 |
| 83 | ov_083 | 2.992502448447493 × 10^346 |
| 84 | ov_084 | 2.246372544008471 × 10^346 |
| 85 | ov_085 | 1.6504123769198404 × 10^346 |
| 86 | ov_086 | 1.1827580387844262 × 10^346 |
| 87 | ov_087 | 8.232989879419001 × 10^345 |
| 88 | ov_088 | 5.536701926045626 × 10^345 |
| 89 | ov_089 | 3.5724691419596644 × 10^345 |
| 90 | ov_090 | 2.191414323034082 × 10^345 |
| 91 | ov_091 | 1.2620112760178537 × 10^345 |
| 92 | ov_092 | 6.700745404077352 × 10^344 |
| 93 | ov_093 | 3.187544554710043 × 10^344 |
| 94 | ov_094 | 1.2853510738124402 × 10^344 |
| 95 | aaa_78_28 | 3.72336259408388 × 10^343 |
| 96 | aaa_78_29 | 7.2185735732149045 × 10^342 |
| 97 | ov_097 | 9.10755813334492 × 10^342 |
| 98 | ov_098 | 9.107533114187305 × 10^342 |
| 99 | ov_099 | 9.107527053526135 × 10^342 |
| 100 | ov_100 | 7.948467213431544 × 10^342 |
| 101 | ov_101 | 6.907770518925391 × 10^342 |
| 102 | ov_102 | 5.976020430233483 × 10^342 |
| 103 | ov_103 | 5.1443317168101085 × 10^342 |
| 104 | ov_104 | 4.404314559610659 × 10^342 |
| 105 | ov_105 | 3.7480428112732084 × 10^342 |
| 106 | ov_106 | 3.168025980549891 × 10^342 |
| 107 | ov_107 | 2.6571845643870517 × 10^342 |
| 108 | ov_108 | 2.208828398310091 × 10^342 |
| 109 | ov_109 | 1.8166377681342334 × 10^342 |
| 110 | ov_110 | 1.4775432339821505 × 10^342 |
| 111 | ov_111 | 1.1886486304748693 × 10^342 |
| 112 | ov_112 | 9.44656738834711 × 10^341 |
| 113 | ov_113 | 7.405887540998391 × 10^341 |
| 114 | ov_114 | 5.717762406927162 × 10^341 |
| 115 | ov_115 | 4.3385473523650816 × 10^341 |
| 116 | ov_116 | 3.2275879573616587 × 10^341 |
| 117 | ov_117 | 2.3471826765425867 × 10^341 |
| 118 | ov_118 | 1.6625554392185776 × 10^341 |
| 119 | ov_119 | 1.1418361923387024 × 10^341 |
| 120 | ov_120 | 7.560476225217277 × 10^340 |
| 121 | ov_121 | 4.790965259445755 × 10^340 |
| 122 | ov_122 | 2.8776852731290394 × 10^340 |
| 123 | ov_123 | 1.617250815378411 × 10^340 |
| 124 | ov_124 | 8.350192315188258 × 10^339 |
| 125 | ov_125 | 3.8508353201516924 × 10^339 |
| 126 | ov_126 | 1.5026957484568387 × 10^339 |
| 127 | aaa_77_28 | 4.213515646031865 × 10^338 |
| 128 | aaa_77_29 | 1.2828690079294204 × 10^338 |
| 129 | ov_129 | 7.699308129087585 × 10^337 |
| 130 | ov_130 | 7.699282449453856 × 10^337 |
| 131 | ov_131 | 7.699276214265558 × 10^337 |
| 132 | ov_132 | 6.72949191739514 × 10^337 |
| 133 | ov_133 | 5.86444397384488 × 10^337 |
| 134 | ov_134 | 5.0945691700991 × 10^337 |
| 135 | ov_135 | 4.410851760598351 × 10^337 |
| 136 | ov_136 | 3.804785643339164 × 10^337 |
| 137 | ov_137 | 3.2683406667104035 × 10^337 |
| 138 | ov_138 | 2.7939327036717913 × 10^337 |
| 139 | ov_139 | 2.3743972087524283 × 10^337 |
| 140 | ov_140 | 2.0029660196739697 × 10^337 |
| 141 | ov_141 | 1.6763514468568602 × 10^337 |
| 142 | ov_142 | 1.3885203667115327 × 10^337 |
| 143 | ov_143 | 1.1365439237085423 × 10^337 |
| 144 | ov_144 | 9.176619219375629 × 10^336 |
| 145 | ov_145 | 7.292772378211571 × 10^336 |
| 146 | ov_146 | 5.689512958120031 × 10^336 |
| 147 | ov_147 | 4.344004754470291 × 10^336 |
| 148 | ov_148 | 3.2349331016620138 × 10^336 |
| 149 | ov_149 | 2.3424834990951793 × 10^336 |
| 150 | ov_150 | 1.648325710685032 × 10^336 |
| 151 | ov_151 | 1.1202096454716337 × 10^336 |
| 152 | ov_152 | 7.288095076511002 × 10^335 |
| 153 | ov_153 | 4.477151403772201 × 10^335 |
| 154 | ov_154 | 2.5342671863835536 × 10^335 |
| 155 | ov_155 | 1.2535172390376375 × 10^335 |
| 156 | aaa_76_25 | 4.580340434849771 × 10^334 |
| 157 | aaa_76_26 | 2.39354909644915 × 10^334 |
| 158 | aaa_76_27 | 1.1039940113696604 × 10^334 |
| 159 | aaa_76_28 | 4.3092523358903405 × 10^333 |
| 160 | aaa_76_29 | 1.3143721184268945 × 10^333 |

### Output Bits Sorted by Complexity

| Rank | Output Bit | Complexity |
|:----:|:----------:|:----------:|
| 160 | aaa_76_29 | 1.3143721184268945 × 10^333 |
| 159 | aaa_76_28 | 4.3092523358903405 × 10^333 |
| 158 | aaa_76_27 | 1.1039940113696604 × 10^334 |
| 157 | aaa_76_26 | 2.39354909644915 × 10^334 |
| 156 | aaa_76_25 | 4.580340434849771 × 10^334 |
| 155 | ov_155 | 1.2535172390376375 × 10^335 |
| 154 | ov_154 | 2.5342671863835536 × 10^335 |
| 153 | ov_153 | 4.477151403772201 × 10^335 |
| 152 | ov_152 | 7.288095076511002 × 10^335 |
| 151 | ov_151 | 1.1202096454716337 × 10^336 |
| 150 | ov_150 | 1.648325710685032 × 10^336 |
| 149 | ov_149 | 2.3424834990951793 × 10^336 |
| 148 | ov_148 | 3.2349331016620138 × 10^336 |
| 147 | ov_147 | 4.344004754470291 × 10^336 |
| 146 | ov_146 | 5.689512958120031 × 10^336 |
| 145 | ov_145 | 7.292772378211571 × 10^336 |
| 144 | ov_144 | 9.176619219375629 × 10^336 |
| 143 | ov_143 | 1.1365439237085423 × 10^337 |
| 142 | ov_142 | 1.3885203667115327 × 10^337 |
| 141 | ov_141 | 1.6763514468568602 × 10^337 |
| 140 | ov_140 | 2.0029660196739697 × 10^337 |
| 139 | ov_139 | 2.3743972087524283 × 10^337 |
| 138 | ov_138 | 2.7939327036717913 × 10^337 |
| 137 | ov_137 | 3.2683406667104035 × 10^337 |
| 136 | ov_136 | 3.804785643339164 × 10^337 |
| 135 | ov_135 | 4.410851760598351 × 10^337 |
| 134 | ov_134 | 5.0945691700991 × 10^337 |
| 133 | ov_133 | 5.86444397384488 × 10^337 |
| 132 | ov_132 | 6.72949191739514 × 10^337 |
| 131 | ov_131 | 7.699276214265558 × 10^337 |
| 130 | ov_130 | 7.699282449453856 × 10^337 |
| 129 | ov_129 | 7.699308129087585 × 10^337 |
| 128 | aaa_77_29 | 1.2828690079294204 × 10^338 |
| 127 | aaa_77_28 | 4.213515646031865 × 10^338 |
| 126 | ov_126 | 1.5026957484568387 × 10^339 |
| 125 | ov_125 | 3.8508353201516924 × 10^339 |
| 124 | ov_124 | 8.350192315188258 × 10^339 |
| 123 | ov_123 | 1.617250815378411 × 10^340 |
| 122 | ov_122 | 2.8776852731290394 × 10^340 |
| 121 | ov_121 | 4.790965259445755 × 10^340 |
| 120 | ov_120 | 7.560476225217277 × 10^340 |
| 119 | ov_119 | 1.1418361923387024 × 10^341 |
| 118 | ov_118 | 1.6625554392185776 × 10^341 |
| 117 | ov_117 | 2.3471826765425867 × 10^341 |
| 116 | ov_116 | 3.2275879573616587 × 10^341 |
| 115 | ov_115 | 4.3385473523650816 × 10^341 |
| 114 | ov_114 | 5.717762406927162 × 10^341 |
| 113 | ov_113 | 7.405887540998391 × 10^341 |
| 112 | ov_112 | 9.44656738834711 × 10^341 |
| 111 | ov_111 | 1.1886486304748693 × 10^342 |
| 110 | ov_110 | 1.4775432339821505 × 10^342 |
| 109 | ov_109 | 1.8166377681342334 × 10^342 |
| 108 | ov_108 | 2.208828398310091 × 10^342 |
| 107 | ov_107 | 2.6571845643870517 × 10^342 |
| 106 | ov_106 | 3.168025980549891 × 10^342 |
| 105 | ov_105 | 3.7480428112732084 × 10^342 |
| 104 | ov_104 | 4.404314559610659 × 10^342 |
| 103 | ov_103 | 5.1443317168101085 × 10^342 |
| 102 | ov_102 | 5.976020430233483 × 10^342 |
| 101 | ov_101 | 6.907770518925391 × 10^342 |
| 96 | aaa_78_29 | 7.2185735732149045 × 10^342 |
| 100 | ov_100 | 7.948467213431544 × 10^342 |
| 99 | ov_099 | 9.107527053526135 × 10^342 |
| 98 | ov_098 | 9.107533114187305 × 10^342 |
| 97 | ov_097 | 9.10755813334492 × 10^342 |
| 95 | aaa_78_28 | 3.72336259408388 × 10^343 |
| 94 | ov_094 | 1.2853510738124402 × 10^344 |
| 93 | ov_093 | 3.187544554710043 × 10^344 |
| 92 | ov_092 | 6.700745404077352 × 10^344 |
| 91 | ov_091 | 1.2620112760178537 × 10^345 |
| 90 | ov_090 | 2.191414323034082 × 10^345 |
| 89 | ov_089 | 3.5724691419596644 × 10^345 |
| 88 | ov_088 | 5.536701926045626 × 10^345 |
| 87 | ov_087 | 8.232989879419001 × 10^345 |
| 86 | ov_086 | 1.1827580387844262 × 10^346 |
| 85 | ov_085 | 1.6504123769198404 × 10^346 |
| 84 | ov_084 | 2.246372544008471 × 10^346 |
| 83 | ov_083 | 2.992502448447493 × 10^346 |
| 82 | ov_082 | 3.912430676004154 × 10^346 |
| 64 | lv_79_m31 | 4.9263463337712965 × 10^346 |
| 81 | ov_081 | 5.0315661828309526 × 10^346 |
| 80 | ov_080 | 6.377119414652247 × 10^346 |
| 79 | ov_079 | 7.978130011310255 × 10^346 |
| 78 | ov_078 | 9.865502371615137 × 10^346 |
| 77 | ov_077 | 1.2072050469746934 × 10^347 |
| 76 | ov_076 | 1.4632553431556205 × 10^347 |
| 75 | ov_075 | 1.758382349732825 × 10^347 |
| 74 | ov_074 | 2.096478811730958 × 10^347 |
| 73 | ov_073 | 2.4816588048030003 × 10^347 |
| 63 | ov_063 | 2.5240530601025548 × 10^347 |
| 72 | ov_072 | 2.918269344177073 × 10^347 |
| 71 | ov_071 | 3.410903977614797 × 10^347 |
| 70 | ov_070 | 3.96441850397413 × 10^347 |
| 69 | ov_069 | 4.5839489709274907 × 10^347 |
| 68 | ov_068 | 5.274932175828907 × 10^347 |
| 67 | ov_067 | 6.043128937529255 × 10^347 |
| 66 | ov_066 | 6.043136337700827 × 10^347 |
| 65 | ov_065 | 6.043159454931106 × 10^347 |
| 62 | ov_062 | 1.2929800814657366 × 10^348 |
| 61 | ov_061 | 4.70670341009396 × 10^348 |
| 60 | ov_060 | 1.345604067545617 × 10^349 |
| 59 | ov_059 | 3.242991480812163 × 10^349 |
| 58 | ov_058 | 6.874326818165242 × 10^349 |
| 57 | ov_057 | 1.31813898692034 × 10^350 |
| 56 | ov_056 | 2.3336252637412685 × 10^350 |
| 55 | ov_055 | 3.874130204563836 × 10^350 |
| 54 | ov_054 | 6.102929825348246 × 10^350 |
| 53 | ov_053 | 9.206349798809072 × 10^350 |
| 52 | ov_052 | 1.3393788535680744 × 10^351 |
| 51 | ov_051 | 1.8897756682327269 × 10^351 |
| 50 | ov_050 | 2.5973940089567074 × 10^351 |
| 49 | ov_049 | 3.4901294694431003 × 10^351 |
| 48 | ov_048 | 4.598218314373854 × 10^351 |
| 32 | lv_80_m31 | 5.788300630216525 × 10^351 |
| 47 | ov_047 | 5.954256437621233 × 10^351 |
| 46 | ov_046 | 7.593224876894751 × 10^351 |
| 45 | ov_045 | 9.552523284533034 × 10^351 |
| 44 | ov_044 | 1.1872012893630447 × 10^352 |
| 43 | ov_043 | 1.4573518632463941 × 10^352 |
| 42 | ov_042 | 1.768017538392256 × 10^352 |
| 41 | ov_041 | 2.1216473024604033 × 10^352 |
| 40 | ov_040 | 2.5232800415737943 × 10^352 |
| 31 | ov_031 | 2.9653439803143213 × 10^352 |
| 39 | ov_039 | 2.9782428986140027 × 10^352 |
| 38 | ov_038 | 3.4921652909091437 × 10^352 |
| 37 | ov_037 | 4.070995354004786 × 10^352 |
| 36 | ov_036 | 4.721019082019619 × 10^352 |
| 35 | ov_035 | 5.448882451107572 × 10^352 |
| 34 | ov_034 | 6.2616168291718796 × 10^352 |
| 33 | ov_033 | 7.166667992324996 × 10^352 |
| 30 | ov_030 | 1.5189334203976377 × 10^353 |
| 29 | ov_029 | 5.529143733376588 × 10^353 |
| 28 | ov_028 | 1.5807883233535822 × 10^354 |
| 27 | ov_027 | 3.810064655179027 × 10^354 |
| 26 | ov_026 | 8.077049736185261 × 10^354 |
| 25 | ov_025 | 1.5488859149755809 × 10^355 |
| 24 | ov_024 | 2.7423424893372627 × 10^355 |
| 23 | ov_023 | 4.55295177002861 × 10^355 |
| 22 | ov_022 | 7.1726803552633545 × 10^355 |
| 21 | ov_021 | 1.0820596659181202 × 10^356 |
| 20 | ov_020 | 1.5742894681908623 × 10^356 |
| 19 | ov_019 | 2.2212935879555628 × 10^356 |
| 18 | ov_018 | 3.053131758972492 × 10^356 |
| 17 | ov_017 | 4.102597831060429 × 10^356 |
| 16 | ov_016 | 5.405235197457985 × 10^356 |
| 15 | ov_015 | 6.99935852009741 × 10^356 |
| 14 | ov_014 | 8.926083335769401 × 10^356 |
| 13 | ov_013 | 1.1229365310938636 × 10^357 |
| 12 | ov_012 | 1.3956051098176445 × 10^357 |
| 11 | ov_011 | 1.7155942933033173 × 10^357 |
| 10 | ov_010 | 2.088187929697636 × 10^357 |
| 9 | ov_009 | 2.516264469534 × 10^357 |
| 8 | ov_008 | 3.002868460789784 × 10^357 |
| 7 | ov_007 | 3.554262974054228 × 10^357 |
| 6 | ov_006 | 4.1738498065115617 × 10^357 |
| 5 | ov_005 | 4.868626656435554 × 10^357 |
| 4 | ov_004 | 5.645991881225016 × 10^357 |
| 3 | ov_003 | 6.513771144519579 × 10^357 |
| 2 | ov_002 | 7.480247730830393 × 10^357 |
| 1 | ov_001 | 8.554196919454891 × 10^357 |

