# Results for F001-F002-F003-F004-F005-F006-F007-F008-F009-F010-F011-F012-F013-F014-F015-F016-F017-F018-F019-F020-F021-F022-F023-F024-F025-F026-F027-F028-F029-F030-F031-F032-F033-F034-F035-F036-F037-F038-F039-F040-F041-F042-F043-F044-F045-F046-F047-F048-F049-F050-F051-F052-F053-F054-F055-F056-F057-F058-F059-F060-F061-F062-F063-F064-F065-F066-F067-F068-F069-F070-F071-F072-F073-F074-F075-F076-F077-F078-F079-F080-F081-F082-F083-F084-F085-F086-F087-F088-F089-F090-F091-F092-F093-F094-F095-F096-F097-F098-F099-F100-F101-F102-F103-F104-F105-F106-F107-F108-F109-F110-F111-F112-F113-F114-F115-F116-F117-F118-F119-F120-F121-F122-F123-F124-F125-F126-F127-F128-F129-F130-F131-F132-F133-F134-F135-F136-F137-F138-F139-F140-F141-F142-F143-F144-F145-F146-F147-F148-F149-F150-F151-F152-F153-F154-F155-F156-F157-F158-F159-F160-F161-F162-F163-F164-F165-F166-F167-F168-F169-F170-F171-F172-F173-F174-F175-F176-F177-F178-F179-F180-F181-F182-F183-F184-F185-F186-F187-F188-F189-F190-F191-F192-F193-F194-F195-F196-F197-F198-F199-F200-F201-F202-F203-F204-F205-F206-F207-F208-F209-F210-F211-F212-F213-F214-F215-F216-F217-F218-F219-F220-F221-F222-F223-F224-F225-F226-F227-F228-F229-F230-F231-F232-F233-F234-F235-F236-F237-F238-F239-F240-F241-F242-F243-F244-F245-F246-F247-F248-F249-F250-F251-F252-F253-F254-F255-F256-F257-F258-F259-F260-F261-F262-F263-F264-F265-F266-F267-F268-F269-F270-F271-F272-F273-F274-F275-F276-F277-F278-F279-F280-F281-F282-F283-F284-F285-F286-F287-F288-F289-F290-F291-F292-F293-F294-F295-F296-F297-F298-F299-F300-F301-F302-F303-F304-F305-F306-F307-F308-F309-F310-F311-F312-F313-F314-F315-F316-F317-F318-F319-F320-F321-F322-F323-F324-F325-F326-F327-F328-F329-F330-F331-F332-F333-F334-F335-F336-F337-F338-F339-F340-F341-F342-F343-F344-F345-F346-F347-F348-F349-F350-F351-F352-F353-F354-F355-F356-F357-F358-F359-F360-F361-F362-F363-F364-F365-F366-F367-F368-F369-F370-F371-F372-F373-F374-F375-F376-F377-F378-F379-F380-F381-F382-F383-F384-F385-F386-F387-F388-F389-F390-F391-F392-F393-F394-F395-F396-F397-F398-F399-F400-F401-F402-F403-F404-F405-F406-F407-F408-F409-F410-F411-F412-F413-F414-F415-F416-F417-F418-F419-F420-F421-F422-F423-F424-F425-F426-F427-F428-F429-F430-F431-F432-F433-F434-F435-F436-F437-F438-F439-F440-F441-F442-F443-F444-F445-F446-F447-F448-F449-F450-F451-F452-F453-F454-F455-F456-F457-F458-F459-F460-F461-F462-F463-F464-F465-F466-F467-F468-F469-F470-F471-F472-F473-F474-F475-F476-F477-F478-F479-F480-F481-F482-F483-F484-F485-F486-F487-F488-F489-F490-F491-F492-F493-F494-F495-F496-E497502

## Summary

Number of input bits: 512  
Number of free input bits: 15  
Number of output bits: 160

Number of direct occurrences: 61641  
Number of assignments: 32211  
Number of operations: 11414918
(xor: 11386285,
and: 14900,
or: 13733)

Total complexity: 9.16310167828576 × 10^302

Least occurring input variable: iv_505 (3950)  
Most occurring input variable: iv_512 (4403)

Most co-occurring input variables: iv_511-iv_512 (2170)  
Least co-occurring input variables: iv_505-iv_506 (1806)

Potentially most occurring input variable: iv_506/iv_512 (4510)  
Potentially least occurring input variable: iv_499/iv_508 (4115)

Least output occurring input variable: iv_508 (70)  
Most output occurring input variable: iv_498 (88)

Most output co-occurring input variables: iv_498-iv_510 (48)  
Least output co-occurring input variables: iv_497-iv_508 (28)

Potentially most output occurring input variable: iv_504/iv_510 (93)  
Potentially least output occurring input variable: iv_507/iv_509 (66)

Least complex input bit: iv_498 (1.3030826777587773 × 10^300)  
Most complex input bit: iv_510 (2.248399798682042 × 10^302)

Least complex output bit: aaa_76_29 (1.4751128665376593 × 10^278)  
Most complex output bit: ov_001 (1.4256329123139497 × 10^302)

Least complex input/output complexity: iv_498/aaa_76_29 (2.0977547686493912 × 10^275)  
Most complex input/output complexity: iv_510/ov_001 (3.498152553121993 × 10^301)

## Input Bits

### Input Bits in Regular Order

| Input Bit | Complexity | Occurrences | Output Occurrences |
|:---------:|:----------:|:-----------:|:------------------:|
| iv_497 | 1.1537169797014928 × 10^301 | 4242 | 71 |
| iv_498 | 1.3030826777587773 × 10^300 | 3966 | 88 |
| iv_499 | 2.3200605082723258 × 10^300 | 4136 | 81 |
| iv_500 | 3.929636784764966 × 10^300 | 4155 | 76 |
| iv_501 | 6.700672677683674 × 10^300 | 4116 | 83 |
| iv_503 | 1.7184162895317364 × 10^301 | 4059 | 74 |
| iv_504 | 2.647327109623634 × 10^301 | 3957 | 78 |
| iv_505 | 4.000575402893225 × 10^301 | 3950 | 79 |
| iv_506 | 5.943658993815583 × 10^301 | 3983 | 82 |
| iv_507 | 8.697032589278214 × 10^301 | 4206 | 76 |
| iv_508 | 1.2324192627038276 × 10^302 | 4031 | 70 |
| iv_509 | 1.689830066686474 × 10^302 | 4032 | 78 |
| iv_510 | 2.248399798682042 × 10^302 | 4159 | 79 |
| iv_511 | 6.658568379977506 × 10^301 | 4246 | 80 |
| iv_512 | 7.67988449246483 × 10^301 | 4403 | 80 |

### Input Bits Sorted by Complexity

| Input Bit | Complexity | Occurrences | Output Occurrences |
|:---------:|:----------:|:-----------:|:------------------:|
| iv_498 | 1.3030826777587773 × 10^300 | 3966 | 88 |
| iv_499 | 2.3200605082723258 × 10^300 | 4136 | 81 |
| iv_500 | 3.929636784764966 × 10^300 | 4155 | 76 |
| iv_501 | 6.700672677683674 × 10^300 | 4116 | 83 |
| iv_497 | 1.1537169797014928 × 10^301 | 4242 | 71 |
| iv_503 | 1.7184162895317364 × 10^301 | 4059 | 74 |
| iv_504 | 2.647327109623634 × 10^301 | 3957 | 78 |
| iv_505 | 4.000575402893225 × 10^301 | 3950 | 79 |
| iv_506 | 5.943658993815583 × 10^301 | 3983 | 82 |
| iv_511 | 6.658568379977506 × 10^301 | 4246 | 80 |
| iv_512 | 7.67988449246483 × 10^301 | 4403 | 80 |
| iv_507 | 8.697032589278214 × 10^301 | 4206 | 76 |
| iv_508 | 1.2324192627038276 × 10^302 | 4031 | 70 |
| iv_509 | 1.689830066686474 × 10^302 | 4032 | 78 |
| iv_510 | 2.248399798682042 × 10^302 | 4159 | 79 |

### Input Bits Sorted by Occurrences

| Input Bit | Complexity | Occurrences | Output Occurrences |
|:---------:|:----------:|:-----------:|:------------------:|
| iv_505 | 4.000575402893225 × 10^301 | 3950 | 79 |
| iv_504 | 2.647327109623634 × 10^301 | 3957 | 78 |
| iv_498 | 1.3030826777587773 × 10^300 | 3966 | 88 |
| iv_506 | 5.943658993815583 × 10^301 | 3983 | 82 |
| iv_508 | 1.2324192627038276 × 10^302 | 4031 | 70 |
| iv_509 | 1.689830066686474 × 10^302 | 4032 | 78 |
| iv_503 | 1.7184162895317364 × 10^301 | 4059 | 74 |
| iv_501 | 6.700672677683674 × 10^300 | 4116 | 83 |
| iv_499 | 2.3200605082723258 × 10^300 | 4136 | 81 |
| iv_500 | 3.929636784764966 × 10^300 | 4155 | 76 |
| iv_510 | 2.248399798682042 × 10^302 | 4159 | 79 |
| iv_507 | 8.697032589278214 × 10^301 | 4206 | 76 |
| iv_497 | 1.1537169797014928 × 10^301 | 4242 | 71 |
| iv_511 | 6.658568379977506 × 10^301 | 4246 | 80 |
| iv_512 | 7.67988449246483 × 10^301 | 4403 | 80 |

### Input Bits Sorted by Output Occurrences

| Input Bit | Complexity | Occurrences | Output Occurrences |
|:---------:|:----------:|:-----------:|:------------------:|
| iv_508 | 1.2324192627038276 × 10^302 | 4031 | 70 |
| iv_497 | 1.1537169797014928 × 10^301 | 4242 | 71 |
| iv_503 | 1.7184162895317364 × 10^301 | 4059 | 74 |
| iv_500 | 3.929636784764966 × 10^300 | 4155 | 76 |
| iv_507 | 8.697032589278214 × 10^301 | 4206 | 76 |
| iv_504 | 2.647327109623634 × 10^301 | 3957 | 78 |
| iv_509 | 1.689830066686474 × 10^302 | 4032 | 78 |
| iv_505 | 4.000575402893225 × 10^301 | 3950 | 79 |
| iv_510 | 2.248399798682042 × 10^302 | 4159 | 79 |
| iv_511 | 6.658568379977506 × 10^301 | 4246 | 80 |
| iv_512 | 7.67988449246483 × 10^301 | 4403 | 80 |
| iv_499 | 2.3200605082723258 × 10^300 | 4136 | 81 |
| iv_506 | 5.943658993815583 × 10^301 | 3983 | 82 |
| iv_501 | 6.700672677683674 × 10^300 | 4116 | 83 |
| iv_498 | 1.3030826777587773 × 10^300 | 3966 | 88 |

## Input Bit Co-occurrences

### Input Bit Co-occurrences Sorted by Co-occurrences

| Input Bits | Co-occurrences | Potential Occurrences | Output Co-occurrences | Potential Output Occurrences |
|:----------:|:--------------:|:---------------------:|:---------------------:|:----------------------------:|
| iv_511-iv_512 | 2170 | 4309 | 43 | 74 |
| iv_507-iv_512 | 2124 | 4361 | 42 | 72 |
| iv_510-iv_512 | 2101 | 4360 | 42 | 75 |
| iv_500-iv_511 | 2091 | 4219 | 38 | 80 |
| iv_500-iv_512 | 2077 | 4404 | 39 | 78 |
| iv_501-iv_512 | 2075 | 4369 | 43 | 77 |
| iv_497-iv_512 | 2071 | 4503 | 36 | 79 |
| iv_503-iv_512 | 2056 | 4350 | 34 | 86 |
| iv_507-iv_510 | 2050 | 4265 | 41 | 73 |
| iv_501-iv_511 | 2048 | 4266 | 39 | 85 |
| iv_508-iv_512 | 2046 | 4342 | 32 | 86 |
| iv_499-iv_512 | 2046 | 4447 | 44 | 73 |
| iv_497-iv_507 | 2044 | 4360 | 34 | 79 |
| iv_499-iv_510 | 2044 | 4207 | 43 | 74 |
| iv_499-iv_511 | 2036 | 4310 | 37 | 87 |

### Input Bit Co-occurrences Sorted by Potential Occurrences

| Input Bits | Co-occurrences | Potential Occurrences | Output Co-occurrences | Potential Output Occurrences |
|:----------:|:--------------:|:---------------------:|:---------------------:|:----------------------------:|
| iv_499-iv_508 | 2026 | 4115 | 38 | 75 |
| iv_504-iv_506 | 1885 | 4170 | 42 | 76 |
| iv_506-iv_509 | 1920 | 4175 | 43 | 74 |
| iv_501-iv_505 | 1944 | 4178 | 45 | 72 |
| iv_506-iv_507 | 2004 | 4181 | 39 | 80 |
| iv_504-iv_505 | 1861 | 4185 | 41 | 75 |
| iv_506-iv_508 | 1913 | 4188 | 37 | 78 |
| iv_500-iv_503 | 2013 | 4188 | 38 | 74 |
| iv_508-iv_509 | 1936 | 4191 | 35 | 78 |
| iv_499-iv_509 | 1987 | 4194 | 41 | 77 |
| iv_503-iv_506 | 1923 | 4196 | 38 | 80 |
| iv_498-iv_508 | 1897 | 4203 | 37 | 84 |
| iv_499-iv_506 | 1957 | 4205 | 39 | 85 |
| iv_507-iv_508 | 2015 | 4207 | 31 | 84 |
| iv_499-iv_510 | 2044 | 4207 | 43 | 74 |

### Input Bit Output Co-occurrences Sorted by Output Co-occurrences

| Input Bits | Co-occurrences | Potential Occurrences | Output Co-occurrences | Potential Output Occurrences |
|:----------:|:--------------:|:---------------------:|:---------------------:|:----------------------------:|
| iv_498-iv_501 | 1887 | 4308 | 48 | 75 |
| iv_498-iv_510 | 1953 | 4219 | 48 | 71 |
| iv_498-iv_512 | 2007 | 4355 | 47 | 74 |
| iv_498-iv_504 | 1855 | 4213 | 46 | 74 |
| iv_501-iv_505 | 1944 | 4178 | 45 | 72 |
| iv_499-iv_507 | 1939 | 4464 | 45 | 67 |
| iv_499-iv_512 | 2046 | 4447 | 44 | 73 |
| iv_501-iv_506 | 1874 | 4351 | 44 | 77 |
| iv_506-iv_510 | 1958 | 4226 | 44 | 73 |
| iv_507-iv_509 | 1980 | 4278 | 44 | 66 |
| iv_501-iv_509 | 1925 | 4298 | 43 | 75 |
| iv_498-iv_503 | 1902 | 4221 | 43 | 76 |
| iv_498-iv_507 | 1912 | 4348 | 43 | 78 |
| iv_498-iv_511 | 1908 | 4396 | 43 | 82 |
| iv_499-iv_501 | 1991 | 4270 | 43 | 78 |

### Input Bit Output Co-occurrences Sorted by Potential Output Occurrences

| Input Bits | Co-occurrences | Potential Occurrences | Output Co-occurrences | Potential Output Occurrences |
|:----------:|:--------------:|:---------------------:|:---------------------:|:----------------------------:|
| iv_507-iv_509 | 1980 | 4278 | 44 | 66 |
| iv_499-iv_507 | 1939 | 4464 | 45 | 67 |
| iv_503-iv_504 | 1872 | 4272 | 41 | 70 |
| iv_497-iv_500 | 2018 | 4361 | 38 | 71 |
| iv_498-iv_510 | 1953 | 4219 | 48 | 71 |
| iv_500-iv_505 | 1939 | 4227 | 42 | 71 |
| iv_501-iv_505 | 1944 | 4178 | 45 | 72 |
| iv_507-iv_512 | 2124 | 4361 | 42 | 72 |
| iv_497-iv_504 | 1928 | 4343 | 38 | 73 |
| iv_501-iv_503 | 1963 | 4249 | 42 | 73 |
| iv_503-iv_505 | 1890 | 4229 | 40 | 73 |
| iv_499-iv_512 | 2046 | 4447 | 44 | 73 |
| iv_506-iv_510 | 1958 | 4226 | 44 | 73 |
| iv_507-iv_510 | 2050 | 4265 | 41 | 73 |
| iv_504-iv_508 | 1881 | 4226 | 37 | 74 |

## Output Bits

### Output Bits in Regular Order

| Rank | Output Bit | Complexity |
|:----:|:----------:|:----------:|
| 1 | ov_001 | 1.4256329123139497 × 10^302 |
| 2 | ov_002 | 1.2412877338971339 × 10^302 |
| 3 | ov_003 | 1.0757370613699926 × 10^302 |
| 4 | ov_004 | 9.27571527564955 × 10^301 |
| 5 | ov_005 | 7.954592360415607 × 10^301 |
| 6 | ov_006 | 6.781403061450053 × 10^301 |
| 7 | ov_007 | 5.744221205877104 × 10^301 |
| 8 | ov_008 | 4.831752113954236 × 10^301 |
| 9 | ov_009 | 4.0332972350344433 × 10^301 |
| 10 | ov_010 | 3.33872398606727 × 10^301 |
| 11 | ov_011 | 2.7384402508194625 × 10^301 |
| 12 | ov_012 | 2.2233730292953174 × 10^301 |
| 13 | ov_013 | 1.7849507574590893 × 10^301 |
| 14 | ov_014 | 1.4150888474508525 × 10^301 |
| 15 | ov_015 | 1.106178028164321 × 10^301 |
| 16 | ov_016 | 8.51075095421284 × 10^300 |
| 17 | ov_017 | 6.430957101153002 × 10^300 |
| 18 | ov_018 | 4.7600891167310476 × 10^300 |
| 19 | ov_019 | 3.440330430472263 × 10^300 |
| 20 | ov_020 | 2.4183281224597782 × 10^300 |
| 21 | ov_021 | 1.645172441546727 × 10^300 |
| 22 | ov_022 | 1.0763830512288803 × 10^300 |
| 23 | ov_023 | 6.719001149842479 × 10^299 |
| 24 | ov_024 | 3.96078684071243 × 10^299 |
| 25 | ov_025 | 2.1768531240755915 × 10^299 |
| 26 | ov_026 | 1.0989620141776296 × 10^299 |
| 27 | ov_027 | 5.02963267073383 × 10^298 |
| 28 | ov_028 | 2.0879093507811536 × 10^298 |
| 29 | ov_029 | 8.046225699832932 × 10^297 |
| 30 | ov_030 | 2.4600264635875042 × 10^297 |
| 31 | ov_031 | 4.798631428885357 × 10^296 |
| 32 | lv_80_m31 | 9.358512512392568 × 10^295 |
| 33 | ov_033 | 1.1316639605619863 × 10^297 |
| 34 | ov_034 | 9.839523256107707 × 10^296 |
| 35 | ov_035 | 8.514268934080746 × 10^296 |
| 36 | ov_036 | 7.329435710424455 × 10^296 |
| 37 | ov_037 | 6.274209286751667 × 10^296 |
| 38 | ov_038 | 5.338358035447289 × 10^296 |
| 39 | ov_039 | 4.5121947525261106 × 10^296 |
| 40 | ov_040 | 3.786543585197621 × 10^296 |
| 41 | ov_041 | 3.1527116288394876 × 10^296 |
| 42 | ov_042 | 2.6024647191882294 × 10^296 |
| 43 | ov_043 | 2.128006975165027 × 10^296 |
| 44 | ov_044 | 1.7219636760561652 × 10^296 |
| 45 | ov_045 | 1.3773670839378366 × 10^296 |
| 46 | ov_046 | 1.0876448484372345 × 10^296 |
| 47 | ov_047 | 8.466106563062489 × 10^295 |
| 48 | ov_048 | 6.484568129878317 × 10^295 |
| 49 | ov_049 | 4.877484675023817 × 10^295 |
| 50 | ov_050 | 3.5941921568355177 × 10^295 |
| 51 | ov_051 | 2.58767840147894 × 10^295 |
| 52 | ov_052 | 1.814559684760548 × 10^295 |
| 53 | ov_053 | 1.2350645398712864 × 10^295 |
| 54 | ov_054 | 8.130230626167521 × 10^294 |
| 55 | ov_055 | 5.158602125939961 × 10^294 |
| 56 | ov_056 | 3.1459183518837594 × 10^294 |
| 57 | ov_057 | 1.83822392725524 × 10^294 |
| 58 | ov_058 | 1.0174371694851309 × 10^294 |
| 59 | ov_059 | 5.013437551188325 × 10^293 |
| 60 | ov_060 | 2.078028602484865 × 10^293 |
| 61 | ov_061 | 7.260559639274166 × 10^292 |
| 62 | ov_062 | 1.992299674300603 × 10^292 |
| 63 | ov_063 | 3.8844690598541655 × 10^291 |
| 64 | lv_79_m31 | 7.572236426409787 × 10^290 |
| 65 | ov_065 | 9.151442794376097 × 10^291 |
| 66 | ov_066 | 9.151416144300754 × 10^291 |
| 67 | ov_067 | 9.151409622451724 × 10^291 |
| 68 | ov_068 | 7.945042056390039 × 10^291 |
| 69 | ov_069 | 6.86549543924163 × 10^291 |
| 70 | ov_070 | 5.902672900455498 × 10^291 |
| 71 | ov_071 | 5.0470984136387184 × 10^291 |
| 72 | ov_072 | 4.289874770137145 × 10^291 |
| 73 | ov_073 | 3.622645277292501 × 10^291 |
| 74 | ov_074 | 3.037558982053824 × 10^291 |
| 75 | ov_075 | 2.5272392285810625 × 10^291 |
| 76 | ov_076 | 2.084755365088998 × 10^291 |
| 77 | ov_077 | 1.703597420599926 × 10^291 |
| 78 | ov_078 | 1.3776535766570703 × 10^291 |
| 79 | ov_079 | 1.1011902625403272 × 10^291 |
| 80 | ov_080 | 8.688347052537358 × 10^290 |
| 81 | ov_081 | 6.7555976764164 × 10^290 |
| 82 | ov_082 | 5.166709095488961 × 10^290 |
| 83 | ov_083 | 3.877951080702239 × 10^290 |
| 84 | ov_084 | 2.8487157372491077 × 10^290 |
| 85 | ov_085 | 2.0414409992514904 × 10^290 |
| 86 | ov_086 | 1.4215488344835182 × 10^290 |
| 87 | ov_087 | 9.573965383402655 × 10^289 |
| 88 | ov_088 | 6.202394974989965 × 10^289 |
| 89 | ov_089 | 3.84203804421325 × 10^289 |
| 90 | ov_090 | 2.262671042144634 × 10^289 |
| 91 | ov_091 | 1.2624605554706624 × 10^289 |
| 92 | ov_092 | 6.678880090172295 × 10^288 |
| 93 | ov_093 | 3.3370921185089 × 10^288 |
| 94 | ov_094 | 1.4293556530143344 × 10^288 |
| 95 | aaa_78_28 | 4.413530498516168 × 10^287 |
| 96 | aaa_78_29 | 1.3553307756121426 × 10^287 |
| 97 | ov_097 | 8.945544824121261 × 10^286 |
| 98 | ov_098 | 8.945275683727043 × 10^286 |
| 99 | ov_099 | 8.945189610555898 × 10^286 |
| 100 | ov_100 | 8.04777124203987 × 10^286 |
| 101 | ov_101 | 7.21695296584484 × 10^286 |
| 102 | ov_102 | 6.44903383131814 × 10^286 |
| 103 | ov_103 | 5.74058100933799 × 10^286 |
| 104 | ov_104 | 5.088396105450258 × 10^286 |
| 105 | ov_105 | 4.489484475569522 × 10^286 |
| 106 | ov_106 | 3.9410273848284023 × 10^286 |
| 107 | ov_107 | 3.440356856435517 × 10^286 |
| 108 | ov_108 | 2.9849330625777875 × 10^286 |
| 109 | ov_109 | 2.5723241136169724 × 10^286 |
| 110 | ov_110 | 2.2001881052061216 × 10^286 |
| 111 | ov_111 | 1.8662572856074343 × 10^286 |
| 112 | ov_112 | 1.5683242075381586 × 10^286 |
| 113 | ov_113 | 1.3042297304063374 × 10^286 |
| 114 | ov_114 | 1.0718527399154464 × 10^286 |
| 115 | ov_115 | 8.691014527994858 × 10^285 |
| 116 | ov_116 | 6.939061749724461 × 10^285 |
| 117 | ov_117 | 5.442133817041932 × 10^285 |
| 118 | ov_118 | 4.17980988625828 × 10^285 |
| 119 | ov_119 | 3.1317468246963134 × 10^285 |
| 120 | ov_120 | 2.2776518049940657 × 10^285 |
| 121 | ov_121 | 1.5972628761158507 × 10^285 |
| 122 | ov_122 | 1.0703362009948415 × 10^285 |
| 123 | ov_123 | 6.766382268455196 × 10^284 |
| 124 | ov_124 | 3.959407940123388 × 10^284 |
| 125 | ov_125 | 2.0801810148522284 × 10^284 |
| 126 | ov_126 | 9.264515653799451 × 10^283 |
| 127 | aaa_77_28 | 2.9597178542029626 × 10^283 |
| 128 | aaa_77_29 | 1.110255918783325 × 10^283 |
| 129 | ov_129 | 1.0415708700999116 × 10^283 |
| 130 | ov_130 | 1.0415679930025928 × 10^283 |
| 131 | ov_131 | 1.0415672961037545 × 10^283 |
| 132 | ov_132 | 9.065102574553301 × 10^282 |
| 133 | ov_133 | 7.848262937396988 × 10^282 |
| 134 | ov_134 | 6.759796615151092 × 10^282 |
| 135 | ov_135 | 5.789856096031425 × 10^282 |
| 136 | ov_136 | 4.9291243845305386 × 10^282 |
| 137 | ov_137 | 4.168779762303211 × 10^282 |
| 138 | ov_138 | 3.500465338789451 × 10^282 |
| 139 | ov_139 | 2.9162629354967447 × 10^282 |
| 140 | ov_140 | 2.408670872273997 × 10^282 |
| 141 | ov_141 | 1.9705852476240595 × 10^282 |
| 142 | ov_142 | 1.5952843282654666 × 10^282 |
| 143 | ov_143 | 1.2764156858912082 × 10^282 |
| 144 | ov_144 | 1.0079857414874874 × 10^282 |
| 145 | ov_145 | 7.84351399754765 × 10^281 |
| 146 | ov_146 | 6.00213478186423 × 10^281 |
| 147 | ov_147 | 4.506116572615068 × 10^281 |
| 148 | ov_148 | 3.309207000378997 × 10^281 |
| 149 | ov_149 | 2.3684771121952386 × 10^281 |
| 150 | ov_150 | 1.6443022753411152 × 10^281 |
| 151 | ov_151 | 1.1003495300732308 × 10^281 |
| 152 | ov_152 | 7.035697446020108 × 10^280 |
| 153 | ov_153 | 4.241931429332684 × 10^280 |
| 154 | ov_154 | 2.3572699354626397 × 10^280 |
| 155 | ov_155 | 1.1495449563071546 × 10^280 |
| 156 | aaa_76_25 | 4.193425926797023 × 10^279 |
| 157 | aaa_76_26 | 2.4239550550427157 × 10^279 |
| 158 | aaa_76_27 | 1.2421736424224276 × 10^279 |
| 159 | aaa_76_28 | 4.843345649160401 × 10^278 |
| 160 | aaa_76_29 | 1.4751128665376593 × 10^278 |

### Output Bits Sorted by Complexity

| Rank | Output Bit | Complexity |
|:----:|:----------:|:----------:|
| 160 | aaa_76_29 | 1.4751128665376593 × 10^278 |
| 159 | aaa_76_28 | 4.843345649160401 × 10^278 |
| 158 | aaa_76_27 | 1.2421736424224276 × 10^279 |
| 157 | aaa_76_26 | 2.4239550550427157 × 10^279 |
| 156 | aaa_76_25 | 4.193425926797023 × 10^279 |
| 155 | ov_155 | 1.1495449563071546 × 10^280 |
| 154 | ov_154 | 2.3572699354626397 × 10^280 |
| 153 | ov_153 | 4.241931429332684 × 10^280 |
| 152 | ov_152 | 7.035697446020108 × 10^280 |
| 151 | ov_151 | 1.1003495300732308 × 10^281 |
| 150 | ov_150 | 1.6443022753411152 × 10^281 |
| 149 | ov_149 | 2.3684771121952386 × 10^281 |
| 148 | ov_148 | 3.309207000378997 × 10^281 |
| 147 | ov_147 | 4.506116572615068 × 10^281 |
| 146 | ov_146 | 6.00213478186423 × 10^281 |
| 145 | ov_145 | 7.84351399754765 × 10^281 |
| 144 | ov_144 | 1.0079857414874874 × 10^282 |
| 143 | ov_143 | 1.2764156858912082 × 10^282 |
| 142 | ov_142 | 1.5952843282654666 × 10^282 |
| 141 | ov_141 | 1.9705852476240595 × 10^282 |
| 140 | ov_140 | 2.408670872273997 × 10^282 |
| 139 | ov_139 | 2.9162629354967447 × 10^282 |
| 138 | ov_138 | 3.500465338789451 × 10^282 |
| 137 | ov_137 | 4.168779762303211 × 10^282 |
| 136 | ov_136 | 4.9291243845305386 × 10^282 |
| 135 | ov_135 | 5.789856096031425 × 10^282 |
| 134 | ov_134 | 6.759796615151092 × 10^282 |
| 133 | ov_133 | 7.848262937396988 × 10^282 |
| 132 | ov_132 | 9.065102574553301 × 10^282 |
| 131 | ov_131 | 1.0415672961037545 × 10^283 |
| 130 | ov_130 | 1.0415679930025928 × 10^283 |
| 129 | ov_129 | 1.0415708700999116 × 10^283 |
| 128 | aaa_77_29 | 1.110255918783325 × 10^283 |
| 127 | aaa_77_28 | 2.9597178542029626 × 10^283 |
| 126 | ov_126 | 9.264515653799451 × 10^283 |
| 125 | ov_125 | 2.0801810148522284 × 10^284 |
| 124 | ov_124 | 3.959407940123388 × 10^284 |
| 123 | ov_123 | 6.766382268455196 × 10^284 |
| 122 | ov_122 | 1.0703362009948415 × 10^285 |
| 121 | ov_121 | 1.5972628761158507 × 10^285 |
| 120 | ov_120 | 2.2776518049940657 × 10^285 |
| 119 | ov_119 | 3.1317468246963134 × 10^285 |
| 118 | ov_118 | 4.17980988625828 × 10^285 |
| 117 | ov_117 | 5.442133817041932 × 10^285 |
| 116 | ov_116 | 6.939061749724461 × 10^285 |
| 115 | ov_115 | 8.691014527994858 × 10^285 |
| 114 | ov_114 | 1.0718527399154464 × 10^286 |
| 113 | ov_113 | 1.3042297304063374 × 10^286 |
| 112 | ov_112 | 1.5683242075381586 × 10^286 |
| 111 | ov_111 | 1.8662572856074343 × 10^286 |
| 110 | ov_110 | 2.2001881052061216 × 10^286 |
| 109 | ov_109 | 2.5723241136169724 × 10^286 |
| 108 | ov_108 | 2.9849330625777875 × 10^286 |
| 107 | ov_107 | 3.440356856435517 × 10^286 |
| 106 | ov_106 | 3.9410273848284023 × 10^286 |
| 105 | ov_105 | 4.489484475569522 × 10^286 |
| 104 | ov_104 | 5.088396105450258 × 10^286 |
| 103 | ov_103 | 5.74058100933799 × 10^286 |
| 102 | ov_102 | 6.44903383131814 × 10^286 |
| 101 | ov_101 | 7.21695296584484 × 10^286 |
| 100 | ov_100 | 8.04777124203987 × 10^286 |
| 99 | ov_099 | 8.945189610555898 × 10^286 |
| 98 | ov_098 | 8.945275683727043 × 10^286 |
| 97 | ov_097 | 8.945544824121261 × 10^286 |
| 96 | aaa_78_29 | 1.3553307756121426 × 10^287 |
| 95 | aaa_78_28 | 4.413530498516168 × 10^287 |
| 94 | ov_094 | 1.4293556530143344 × 10^288 |
| 93 | ov_093 | 3.3370921185089 × 10^288 |
| 92 | ov_092 | 6.678880090172295 × 10^288 |
| 91 | ov_091 | 1.2624605554706624 × 10^289 |
| 90 | ov_090 | 2.262671042144634 × 10^289 |
| 89 | ov_089 | 3.84203804421325 × 10^289 |
| 88 | ov_088 | 6.202394974989965 × 10^289 |
| 87 | ov_087 | 9.573965383402655 × 10^289 |
| 86 | ov_086 | 1.4215488344835182 × 10^290 |
| 85 | ov_085 | 2.0414409992514904 × 10^290 |
| 84 | ov_084 | 2.8487157372491077 × 10^290 |
| 83 | ov_083 | 3.877951080702239 × 10^290 |
| 82 | ov_082 | 5.166709095488961 × 10^290 |
| 81 | ov_081 | 6.7555976764164 × 10^290 |
| 64 | lv_79_m31 | 7.572236426409787 × 10^290 |
| 80 | ov_080 | 8.688347052537358 × 10^290 |
| 79 | ov_079 | 1.1011902625403272 × 10^291 |
| 78 | ov_078 | 1.3776535766570703 × 10^291 |
| 77 | ov_077 | 1.703597420599926 × 10^291 |
| 76 | ov_076 | 2.084755365088998 × 10^291 |
| 75 | ov_075 | 2.5272392285810625 × 10^291 |
| 74 | ov_074 | 3.037558982053824 × 10^291 |
| 73 | ov_073 | 3.622645277292501 × 10^291 |
| 63 | ov_063 | 3.8844690598541655 × 10^291 |
| 72 | ov_072 | 4.289874770137145 × 10^291 |
| 71 | ov_071 | 5.0470984136387184 × 10^291 |
| 70 | ov_070 | 5.902672900455498 × 10^291 |
| 69 | ov_069 | 6.86549543924163 × 10^291 |
| 68 | ov_068 | 7.945042056390039 × 10^291 |
| 67 | ov_067 | 9.151409622451724 × 10^291 |
| 66 | ov_066 | 9.151416144300754 × 10^291 |
| 65 | ov_065 | 9.151442794376097 × 10^291 |
| 62 | ov_062 | 1.992299674300603 × 10^292 |
| 61 | ov_061 | 7.260559639274166 × 10^292 |
| 60 | ov_060 | 2.078028602484865 × 10^293 |
| 59 | ov_059 | 5.013437551188325 × 10^293 |
| 58 | ov_058 | 1.0174371694851309 × 10^294 |
| 57 | ov_057 | 1.83822392725524 × 10^294 |
| 56 | ov_056 | 3.1459183518837594 × 10^294 |
| 55 | ov_055 | 5.158602125939961 × 10^294 |
| 54 | ov_054 | 8.130230626167521 × 10^294 |
| 53 | ov_053 | 1.2350645398712864 × 10^295 |
| 52 | ov_052 | 1.814559684760548 × 10^295 |
| 51 | ov_051 | 2.58767840147894 × 10^295 |
| 50 | ov_050 | 3.5941921568355177 × 10^295 |
| 49 | ov_049 | 4.877484675023817 × 10^295 |
| 48 | ov_048 | 6.484568129878317 × 10^295 |
| 47 | ov_047 | 8.466106563062489 × 10^295 |
| 32 | lv_80_m31 | 9.358512512392568 × 10^295 |
| 46 | ov_046 | 1.0876448484372345 × 10^296 |
| 45 | ov_045 | 1.3773670839378366 × 10^296 |
| 44 | ov_044 | 1.7219636760561652 × 10^296 |
| 43 | ov_043 | 2.128006975165027 × 10^296 |
| 42 | ov_042 | 2.6024647191882294 × 10^296 |
| 41 | ov_041 | 3.1527116288394876 × 10^296 |
| 40 | ov_040 | 3.786543585197621 × 10^296 |
| 39 | ov_039 | 4.5121947525261106 × 10^296 |
| 31 | ov_031 | 4.798631428885357 × 10^296 |
| 38 | ov_038 | 5.338358035447289 × 10^296 |
| 37 | ov_037 | 6.274209286751667 × 10^296 |
| 36 | ov_036 | 7.329435710424455 × 10^296 |
| 35 | ov_035 | 8.514268934080746 × 10^296 |
| 34 | ov_034 | 9.839523256107707 × 10^296 |
| 33 | ov_033 | 1.1316639605619863 × 10^297 |
| 30 | ov_030 | 2.4600264635875042 × 10^297 |
| 29 | ov_029 | 8.046225699832932 × 10^297 |
| 28 | ov_028 | 2.0879093507811536 × 10^298 |
| 27 | ov_027 | 5.02963267073383 × 10^298 |
| 26 | ov_026 | 1.0989620141776296 × 10^299 |
| 25 | ov_025 | 2.1768531240755915 × 10^299 |
| 24 | ov_024 | 3.96078684071243 × 10^299 |
| 23 | ov_023 | 6.719001149842479 × 10^299 |
| 22 | ov_022 | 1.0763830512288803 × 10^300 |
| 21 | ov_021 | 1.645172441546727 × 10^300 |
| 20 | ov_020 | 2.4183281224597782 × 10^300 |
| 19 | ov_019 | 3.440330430472263 × 10^300 |
| 18 | ov_018 | 4.7600891167310476 × 10^300 |
| 17 | ov_017 | 6.430957101153002 × 10^300 |
| 16 | ov_016 | 8.51075095421284 × 10^300 |
| 15 | ov_015 | 1.106178028164321 × 10^301 |
| 14 | ov_014 | 1.4150888474508525 × 10^301 |
| 13 | ov_013 | 1.7849507574590893 × 10^301 |
| 12 | ov_012 | 2.2233730292953174 × 10^301 |
| 11 | ov_011 | 2.7384402508194625 × 10^301 |
| 10 | ov_010 | 3.33872398606727 × 10^301 |
| 9 | ov_009 | 4.0332972350344433 × 10^301 |
| 8 | ov_008 | 4.831752113954236 × 10^301 |
| 7 | ov_007 | 5.744221205877104 × 10^301 |
| 6 | ov_006 | 6.781403061450053 × 10^301 |
| 5 | ov_005 | 7.954592360415607 × 10^301 |
| 4 | ov_004 | 9.27571527564955 × 10^301 |
| 3 | ov_003 | 1.0757370613699926 × 10^302 |
| 2 | ov_002 | 1.2412877338971339 × 10^302 |
| 1 | ov_001 | 1.4256329123139497 × 10^302 |

