# Results for F001-F002-F003-F004-F005-F006-F007-F008-F009-F010-F011-F012-F013-F014-F015-F016-F017-F018-F019-F020-F021-F022-F023-F024-F025-F026-F027-F028-F029-F030-F031-F032-F033-F034-F035-F036-F037-F038-F039-F040-F041-F042-F043-F044-F045-F046-F047-F048-F049-F050-F051-F052-F053-F054-F055-F056-F057-F058-F059-F060-F061-F062-F063-F064-F065-F066-F067-F068-F069-F070-F071-F072-F073-F074-F075-F076-F077-F078-F079-F080-F081-F082-F083-F084-F085-F086-F087-F088-F089-F090-F091-F092-F093-F094-F095-F096-F097-F098-F099-F100-F101-F102-F103-F104-F105-F106-F107-F108-F109-F110-F111-F112-F113-F114-F115-F116-F117-F118-F119-F120-F121-F122-F123-F124-F125-F126-F127-F128-F129-F130-F131-F132-F133-F134-F135-F136-F137-F138-F139-F140-F141-F142-F143-F144-F145-F146-F147-F148-F149-F150-F151-F152-F153-F154-F155-F156-F157-F158-F159-F160-F161-F162-F163-F164-F165-F166-F167-F168-F169-F170-F171-F172-F173-F174-F175-F176-F177-F178-F179-F180-F181-F182-F183-F184-F185-F186-F187-F188-F189-F190-F191-F192-F193-F194-F195-F196-F197-F198-F199-F200-F201-F202-F203-F204-F205-F206-F207-F208-F209-F210-F211-F212-F213-F214-F215-F216-F217-F218-F219-F220-F221-F222-F223-F224-F225-F226-F227-F228-F229-F230-F231-F232-F233-F234-F235-F236-F237-F238-F239-F240-F241-F242-F243-F244-F245-F246-F247-F248-F249-F250-F251-F252-F253-F254-F255-F256-F257-F258-F259-F260-F261-F262-F263-F264-F265-F266-F267-F268-F269-F270-F271-F272-F273-F274-F275-F276-F277-F278-F279-F280-F281-F282-F283-F284-F285-F286-F287-F288-F289-F290-F291-F292-F293-F294-F295-F296-F297-F298-F299-F300-F301-F302-F303-F304-F305-F306-F307-F308-F309-F310-F311-F312-F313-F314-F315-F316-F317-F318-F319-F320-F321-F322-F323-F324-F325-F326-F327-F328-F329-F330-F331-F332-F333-F334-F335-F336-F337-F338-F339-F340-F341-F342-F343-F344-F345-F346-F347-F348-F349-F350-F351-F352-F353-F354-F355-F356-F357-F358-F359-F360-F361-F362-F363-F364-F365-F366-F367-F368-F369-F370-F371-F372-F373-F374-F375-F376-F377-F378-F379-F380-F381-F382-F383-F384-F385-F386-F387-F388-F389-F390-F391-F392-F393-F394-F395-F396-F397-F398-F399-F400-F401-F402-F403-F404-F405-F406-F407-F408-F409-F410-F411-F412-F413-F414-F415-F416-F417-F418-F419-F420-F421-F422-F423-F424-F425-F426-F427-F428-F429-F430-F431-F432-F433-F434-F435-F436-F437-F438-F439-F440-F441-F442-F443-F444-F445-F446-F447-F448-F449-F450-F451-F452-F453-F454-F455-F456-F457-F458-F459-F460-F461-F462-F463-F464-F465-F466-F467-F468-F469-F470-F471-F472-F473-F474-F475-F476-F477-F478-F479-F480-F481-F482-F483-F484-F485-F486-F487-F488-F489-F490-F491-F492-F493-F494-F495-F496-T511

## Summary

Number of input bits: 512  
Number of free input bits: 15  
Number of output bits: 160

Number of direct occurrences: 62848  
Number of assignments: 32514  
Number of operations: 12240777
(xor: 12210681,
and: 16333,
or: 13763)

Total complexity: 3.080936507411768 × 10^310

Least occurring input variable: iv_504 (3999)  
Most occurring input variable: iv_512 (4362)

Most co-occurring input variables: iv_499-iv_512 (2116)  
Least co-occurring input variables: iv_498-iv_502 (1851)

Potentially most occurring input variable: iv_501/iv_506 (4607)  
Potentially least occurring input variable: iv_502/iv_505 (4197)

Least output occurring input variable: iv_512 (70)  
Most output occurring input variable: iv_505 (88)

Most output co-occurring input variables: iv_505-iv_509 (51)  
Least output co-occurring input variables: iv_504-iv_510 (26)

Potentially most output occurring input variable: iv_504/iv_510 (97)  
Potentially least output occurring input variable: iv_501/iv_504 (62)

Least complex input bit: iv_497 (2.3932653285935084 × 10^307)  
Most complex input bit: iv_510 (8.288032558811907 × 10^309)

Least complex output bit: aaa_76_29 (6.014731935742835 × 10^284)  
Most complex output bit: ov_001 (4.793162345820668 × 10^309)

Least complex input/output complexity: iv_497/aaa_76_29 (4.672231760689626 × 10^281)  
Most complex input/output complexity: iv_510/ov_001 (1.2894094210076993 × 10^309)

## Input Bits

### Input Bits in Regular Order

| Input Bit | Complexity | Occurrences | Output Occurrences |
|:---------:|:----------:|:-----------:|:------------------:|
| iv_497 | 2.3932653285935084 × 10^307 | 4207 | 78 |
| iv_498 | 4.828397425129636 × 10^307 | 4033 | 79 |
| iv_499 | 8.597801612291097 × 10^307 | 4203 | 75 |
| iv_500 | 1.4563830936556266 × 10^308 | 4205 | 81 |
| iv_501 | 2.443456342550904 × 10^308 | 4242 | 79 |
| iv_502 | 3.9565064697555126 × 10^308 | 4094 | 77 |
| iv_503 | 6.248480608870111 × 10^308 | 4245 | 73 |
| iv_504 | 9.65029921683778 × 10^308 | 3999 | 71 |
| iv_505 | 1.4623815976417053 × 10^309 | 4141 | 88 |
| iv_506 | 2.178176207024526 × 10^309 | 4183 | 78 |
| iv_507 | 3.1940255893309668 × 10^309 | 4281 | 85 |
| iv_508 | 4.53342774360381 × 10^309 | 4134 | 81 |
| iv_509 | 6.223456262996367 × 10^309 | 4219 | 87 |
| iv_510 | 8.288032558811907 × 10^309 | 4300 | 78 |
| iv_512 | 2.396157897881287 × 10^309 | 4362 | 70 |

### Input Bits Sorted by Complexity

| Input Bit | Complexity | Occurrences | Output Occurrences |
|:---------:|:----------:|:-----------:|:------------------:|
| iv_497 | 2.3932653285935084 × 10^307 | 4207 | 78 |
| iv_498 | 4.828397425129636 × 10^307 | 4033 | 79 |
| iv_499 | 8.597801612291097 × 10^307 | 4203 | 75 |
| iv_500 | 1.4563830936556266 × 10^308 | 4205 | 81 |
| iv_501 | 2.443456342550904 × 10^308 | 4242 | 79 |
| iv_502 | 3.9565064697555126 × 10^308 | 4094 | 77 |
| iv_503 | 6.248480608870111 × 10^308 | 4245 | 73 |
| iv_504 | 9.65029921683778 × 10^308 | 3999 | 71 |
| iv_505 | 1.4623815976417053 × 10^309 | 4141 | 88 |
| iv_506 | 2.178176207024526 × 10^309 | 4183 | 78 |
| iv_512 | 2.396157897881287 × 10^309 | 4362 | 70 |
| iv_507 | 3.1940255893309668 × 10^309 | 4281 | 85 |
| iv_508 | 4.53342774360381 × 10^309 | 4134 | 81 |
| iv_509 | 6.223456262996367 × 10^309 | 4219 | 87 |
| iv_510 | 8.288032558811907 × 10^309 | 4300 | 78 |

### Input Bits Sorted by Occurrences

| Input Bit | Complexity | Occurrences | Output Occurrences |
|:---------:|:----------:|:-----------:|:------------------:|
| iv_504 | 9.65029921683778 × 10^308 | 3999 | 71 |
| iv_498 | 4.828397425129636 × 10^307 | 4033 | 79 |
| iv_502 | 3.9565064697555126 × 10^308 | 4094 | 77 |
| iv_508 | 4.53342774360381 × 10^309 | 4134 | 81 |
| iv_505 | 1.4623815976417053 × 10^309 | 4141 | 88 |
| iv_506 | 2.178176207024526 × 10^309 | 4183 | 78 |
| iv_499 | 8.597801612291097 × 10^307 | 4203 | 75 |
| iv_500 | 1.4563830936556266 × 10^308 | 4205 | 81 |
| iv_497 | 2.3932653285935084 × 10^307 | 4207 | 78 |
| iv_509 | 6.223456262996367 × 10^309 | 4219 | 87 |
| iv_501 | 2.443456342550904 × 10^308 | 4242 | 79 |
| iv_503 | 6.248480608870111 × 10^308 | 4245 | 73 |
| iv_507 | 3.1940255893309668 × 10^309 | 4281 | 85 |
| iv_510 | 8.288032558811907 × 10^309 | 4300 | 78 |
| iv_512 | 2.396157897881287 × 10^309 | 4362 | 70 |

### Input Bits Sorted by Output Occurrences

| Input Bit | Complexity | Occurrences | Output Occurrences |
|:---------:|:----------:|:-----------:|:------------------:|
| iv_512 | 2.396157897881287 × 10^309 | 4362 | 70 |
| iv_504 | 9.65029921683778 × 10^308 | 3999 | 71 |
| iv_503 | 6.248480608870111 × 10^308 | 4245 | 73 |
| iv_499 | 8.597801612291097 × 10^307 | 4203 | 75 |
| iv_502 | 3.9565064697555126 × 10^308 | 4094 | 77 |
| iv_506 | 2.178176207024526 × 10^309 | 4183 | 78 |
| iv_497 | 2.3932653285935084 × 10^307 | 4207 | 78 |
| iv_510 | 8.288032558811907 × 10^309 | 4300 | 78 |
| iv_498 | 4.828397425129636 × 10^307 | 4033 | 79 |
| iv_501 | 2.443456342550904 × 10^308 | 4242 | 79 |
| iv_500 | 1.4563830936556266 × 10^308 | 4205 | 81 |
| iv_508 | 4.53342774360381 × 10^309 | 4134 | 81 |
| iv_507 | 3.1940255893309668 × 10^309 | 4281 | 85 |
| iv_509 | 6.223456262996367 × 10^309 | 4219 | 87 |
| iv_505 | 1.4623815976417053 × 10^309 | 4141 | 88 |

## Input Bit Co-occurrences

### Input Bit Co-occurrences Sorted by Co-occurrences

| Input Bits | Co-occurrences | Potential Occurrences | Output Co-occurrences | Potential Output Occurrences |
|:----------:|:--------------:|:---------------------:|:---------------------:|:----------------------------:|
| iv_499-iv_512 | 2116 | 4333 | 36 | 73 |
| iv_507-iv_512 | 2095 | 4453 | 37 | 81 |
| iv_507-iv_510 | 2094 | 4393 | 42 | 79 |
| iv_497-iv_503 | 2094 | 4264 | 39 | 73 |
| iv_510-iv_512 | 2090 | 4482 | 38 | 72 |
| iv_500-iv_509 | 2087 | 4250 | 43 | 82 |
| iv_506-iv_507 | 2085 | 4294 | 39 | 85 |
| iv_500-iv_503 | 2082 | 4286 | 36 | 82 |
| iv_507-iv_509 | 2068 | 4364 | 48 | 76 |
| iv_503-iv_507 | 2068 | 4390 | 37 | 84 |
| iv_500-iv_510 | 2067 | 4371 | 37 | 85 |
| iv_506-iv_509 | 2066 | 4270 | 42 | 81 |
| iv_499-iv_510 | 2066 | 4371 | 35 | 83 |
| iv_501-iv_510 | 2061 | 4420 | 37 | 83 |
| iv_497-iv_509 | 2055 | 4316 | 45 | 75 |

### Input Bit Co-occurrences Sorted by Potential Occurrences

| Input Bits | Co-occurrences | Potential Occurrences | Output Co-occurrences | Potential Output Occurrences |
|:----------:|:--------------:|:---------------------:|:---------------------:|:----------------------------:|
| iv_502-iv_505 | 2019 | 4197 | 40 | 85 |
| iv_501-iv_504 | 2001 | 4239 | 44 | 62 |
| iv_504-iv_507 | 2017 | 4246 | 43 | 70 |
| iv_500-iv_509 | 2087 | 4250 | 43 | 82 |
| iv_497-iv_503 | 2094 | 4264 | 39 | 73 |
| iv_506-iv_509 | 2066 | 4270 | 42 | 81 |
| iv_498-iv_504 | 1881 | 4270 | 33 | 84 |
| iv_498-iv_505 | 1949 | 4276 | 50 | 67 |
| iv_500-iv_503 | 2082 | 4286 | 36 | 82 |
| iv_506-iv_507 | 2085 | 4294 | 39 | 85 |
| iv_499-iv_506 | 2045 | 4296 | 30 | 93 |
| iv_498-iv_500 | 1970 | 4298 | 43 | 74 |
| iv_502-iv_504 | 1893 | 4307 | 37 | 74 |
| iv_499-iv_508 | 2015 | 4307 | 33 | 90 |
| iv_508-iv_509 | 2022 | 4309 | 43 | 82 |

### Input Bit Output Co-occurrences Sorted by Output Co-occurrences

| Input Bits | Co-occurrences | Potential Occurrences | Output Co-occurrences | Potential Output Occurrences |
|:----------:|:--------------:|:---------------------:|:---------------------:|:----------------------------:|
| iv_505-iv_509 | 2017 | 4326 | 51 | 73 |
| iv_498-iv_505 | 1949 | 4276 | 50 | 67 |
| iv_501-iv_505 | 2004 | 4375 | 49 | 69 |
| iv_507-iv_509 | 2068 | 4364 | 48 | 76 |
| iv_501-iv_507 | 2015 | 4493 | 47 | 70 |
| iv_505-iv_507 | 1976 | 4470 | 46 | 81 |
| iv_498-iv_509 | 1919 | 4414 | 45 | 76 |
| iv_497-iv_509 | 2055 | 4316 | 45 | 75 |
| iv_499-iv_505 | 2001 | 4342 | 45 | 73 |
| iv_500-iv_505 | 1947 | 4452 | 44 | 81 |
| iv_501-iv_504 | 2001 | 4239 | 44 | 62 |
| iv_505-iv_506 | 1941 | 4442 | 44 | 78 |
| iv_497-iv_507 | 2000 | 4488 | 44 | 75 |
| iv_500-iv_507 | 1977 | 4532 | 44 | 78 |
| iv_498-iv_500 | 1970 | 4298 | 43 | 74 |

### Input Bit Output Co-occurrences Sorted by Potential Output Occurrences

| Input Bits | Co-occurrences | Potential Occurrences | Output Co-occurrences | Potential Output Occurrences |
|:----------:|:--------------:|:---------------------:|:---------------------:|:----------------------------:|
| iv_501-iv_504 | 2001 | 4239 | 44 | 62 |
| iv_498-iv_505 | 1949 | 4276 | 50 | 67 |
| iv_501-iv_505 | 2004 | 4375 | 49 | 69 |
| iv_504-iv_507 | 2017 | 4246 | 43 | 70 |
| iv_501-iv_507 | 2015 | 4493 | 47 | 70 |
| iv_497-iv_502 | 1976 | 4349 | 42 | 71 |
| iv_506-iv_510 | 2047 | 4389 | 42 | 72 |
| iv_510-iv_512 | 2090 | 4482 | 38 | 72 |
| iv_505-iv_512 | 2024 | 4455 | 43 | 72 |
| iv_505-iv_509 | 2017 | 4326 | 51 | 73 |
| iv_497-iv_504 | 1893 | 4420 | 38 | 73 |
| iv_504-iv_512 | 1951 | 4459 | 34 | 73 |
| iv_497-iv_503 | 2094 | 4264 | 39 | 73 |
| iv_499-iv_505 | 2001 | 4342 | 45 | 73 |
| iv_499-iv_512 | 2116 | 4333 | 36 | 73 |

## Output Bits

### Output Bits in Regular Order

| Rank | Output Bit | Complexity |
|:----:|:----------:|:----------:|
| 1 | ov_001 | 4.793162345820668 × 10^309 |
| 2 | ov_002 | 4.1734983878196564 × 10^309 |
| 3 | ov_003 | 3.6169727302143114 × 10^309 |
| 4 | ov_004 | 3.1188591033754377 × 10^309 |
| 5 | ov_005 | 2.67468986211531 × 10^309 |
| 6 | ov_006 | 2.280237765252153 × 10^309 |
| 7 | ov_007 | 1.931500132331037 × 10^309 |
| 8 | ov_008 | 1.6246851578608251 × 10^309 |
| 9 | ov_009 | 1.356200175242445 × 10^309 |
| 10 | ov_010 | 1.1226416739405674 × 10^309 |
| 11 | ov_011 | 9.207868844658716 × 10^308 |
| 12 | ov_012 | 7.475867564559097 × 10^308 |
| 13 | ov_013 | 6.001601656276575 × 10^308 |
| 14 | ov_014 | 4.757891956742205 × 10^308 |
| 15 | ov_015 | 3.719153513342303 × 10^308 |
| 16 | ov_016 | 2.8613656891049463 × 10^308 |
| 17 | ov_017 | 2.162049004833031 × 10^308 |
| 18 | ov_018 | 1.600247579764791 × 10^308 |
| 19 | ov_019 | 1.1565161310868283 × 10^308 |
| 20 | ov_020 | 8.129105911197095 × 10^307 |
| 21 | ov_021 | 5.529814993369131 × 10^307 |
| 22 | ov_022 | 3.617694588904926 × 10^307 |
| 23 | ov_023 | 2.2580211404092848 × 10^307 |
| 24 | ov_024 | 1.3309222505344094 × 10^307 |
| 25 | ov_025 | 7.313650660224977 × 10^306 |
| 26 | ov_026 | 3.6914990921467724 × 10^306 |
| 27 | ov_027 | 1.6890727858193148 × 10^306 |
| 28 | ov_028 | 7.0096664700238485 × 10^305 |
| 29 | ov_029 | 2.700616869275146 × 10^305 |
| 30 | ov_030 | 8.254629374417572 × 10^304 |
| 31 | ov_031 | 1.609702195363766 × 10^304 |
| 32 | lv_80_m31 | 3.138359293135096 × 10^303 |
| 33 | ov_033 | 3.779471212194769 × 10^304 |
| 34 | ov_034 | 3.281693693187967 × 10^304 |
| 35 | ov_035 | 2.8355725919772514 × 10^304 |
| 36 | ov_036 | 2.4371859117723654 × 10^304 |
| 37 | ov_037 | 2.0828274337438465 × 10^304 |
| 38 | ov_038 | 1.7689915044093474 × 10^304 |
| 39 | ov_039 | 1.492359777051671 × 10^304 |
| 40 | ov_040 | 1.2497897298270442 × 10^304 |
| 41 | ov_041 | 1.0383047925826131 × 10^304 |
| 42 | ov_042 | 8.550859234370859 × 10^303 |
| 43 | ov_043 | 6.974644849498868 × 10^303 |
| 44 | ov_044 | 5.6291627826603266 × 10^303 |
| 45 | ov_045 | 4.4905660202221576 × 10^303 |
| 46 | ov_046 | 3.5363621107317345 × 10^303 |
| 47 | ov_047 | 2.7453805827851758 × 10^303 |
| 48 | ov_048 | 2.097747107048705 × 10^303 |
| 49 | ov_049 | 1.5748633966684777 × 10^303 |
| 50 | ov_050 | 1.1593919206854103 × 10^303 |
| 51 | ov_051 | 8.352445852556702 × 10^302 |
| 52 | ov_052 | 5.875746175358852 × 10^302 |
| 53 | ov_053 | 4.027709670689613 × 10^302 |
| 54 | ov_054 | 2.684546194296845 × 10^302 |
| 55 | ov_055 | 1.7347629677850234 × 10^302 |
| 56 | ov_056 | 1.0791509984104647 × 10^302 |
| 57 | ov_057 | 6.307773855906098 × 10^301 |
| 58 | ov_058 | 3.4924401457110995 × 10^301 |
| 59 | ov_059 | 1.7215965295845073 × 10^301 |
| 60 | ov_060 | 7.139596162945572 × 10^300 |
| 61 | ov_061 | 2.4958911579841185 × 10^300 |
| 62 | ov_062 | 6.852375371202134 × 10^299 |
| 63 | ov_063 | 1.3367810908051258 × 10^299 |
| 64 | lv_79_m31 | 2.607300749576672 × 10^298 |
| 65 | ov_065 | 3.1522784298119504 × 10^299 |
| 66 | ov_066 | 3.1522697542856027 × 10^299 |
| 67 | ov_067 | 3.1522676548855368 × 10^299 |
| 68 | ov_068 | 2.741472749270048 × 10^299 |
| 69 | ov_069 | 2.372743549448917 × 10^299 |
| 70 | ov_070 | 2.042935705677045 × 10^299 |
| 71 | ov_071 | 1.7490749148035543 × 10^299 |
| 72 | ov_072 | 1.4883448398107586 × 10^299 |
| 73 | ov_073 | 1.2580766539953664 × 10^299 |
| 74 | ov_074 | 1.0557400576787396 × 10^299 |
| 75 | ov_075 | 8.789356234722112 × 10^298 |
| 76 | ov_076 | 7.253883339376286 × 10^298 |
| 77 | ov_077 | 5.929421830276774 × 10^298 |
| 78 | ov_078 | 4.795557200137865 × 10^298 |
| 79 | ov_079 | 3.832984217537945 × 10^298 |
| 80 | ov_080 | 3.0234778615360536 × 10^298 |
| 81 | ov_081 | 2.3498704656785671 × 10^298 |
| 82 | ov_082 | 1.7960341369030611 × 10^298 |
| 83 | ov_083 | 1.346867582268292 × 10^298 |
| 84 | ov_084 | 9.882865434009075 × 10^297 |
| 85 | ov_085 | 7.072171051894857 × 10^297 |
| 86 | ov_086 | 4.9159121168030534 × 10^297 |
| 87 | ov_087 | 3.303437884145946 × 10^297 |
| 88 | ov_088 | 2.1341093664759906 × 10^297 |
| 89 | ov_089 | 1.3172876892995238 × 10^297 |
| 90 | ov_090 | 7.723262706009174 × 10^296 |
| 91 | ov_091 | 4.28565701432815 × 10^296 |
| 92 | ov_092 | 2.2533067201232413 × 10^296 |
| 93 | ov_093 | 1.119283204060306 × 10^296 |
| 94 | ov_094 | 4.764746549092162 × 10^295 |
| 95 | aaa_78_28 | 1.4627881270164796 × 10^295 |
| 96 | aaa_78_29 | 4.451362716943905 × 10^294 |
| 97 | ov_097 | 2.489910388670678 × 10^294 |
| 98 | ov_098 | 2.4898994029336045 × 10^294 |
| 99 | ov_099 | 2.489895889531578 × 10^294 |
| 100 | ov_100 | 2.153639037265613 × 10^294 |
| 101 | ov_101 | 1.8528936770613738 × 10^294 |
| 102 | ov_102 | 1.5849393456776378 × 10^294 |
| 103 | ov_103 | 1.3472067304841065 × 10^294 |
| 104 | ov_104 | 1.137266723955254 × 10^294 |
| 105 | ov_105 | 9.528208529409508 × 10^293 |
| 106 | ov_106 | 7.916929603047079 × 10^293 |
| 107 | ov_107 | 6.518220229913211 × 10^293 |
| 108 | ov_108 | 5.312559968050877 × 10^293 |
| 109 | ov_109 | 4.281465841923723 × 10^293 |
| 110 | ov_110 | 3.407448271673868 × 10^293 |
| 111 | ov_111 | 2.6739743323156566 × 10^293 |
| 112 | ov_112 | 2.0654374774404046 × 10^293 |
| 113 | ov_113 | 1.5671329172807775 × 10^293 |
| 114 | ov_114 | 1.165237895663638 × 10^293 |
| 115 | ov_115 | 8.467961646337755 × 10^292 |
| 116 | ov_116 | 5.99706009489719 × 10^292 |
| 117 | ov_117 | 4.127112307380798 × 10^292 |
| 118 | ov_118 | 2.7539454311852594 × 10^292 |
| 119 | ov_119 | 1.7817290542795478 × 10^292 |
| 120 | ov_120 | 1.1229434841135845 × 10^292 |
| 121 | ov_121 | 6.983592150622314 × 10^291 |
| 122 | ov_122 | 4.370243273671847 × 10^291 |
| 123 | ov_123 | 2.7625709558372856 × 10^291 |
| 124 | ov_124 | 1.616417926130639 × 10^291 |
| 125 | ov_125 | 8.491558218440302 × 10^290 |
| 126 | ov_126 | 3.78159576350856 × 10^290 |
| 127 | aaa_77_28 | 1.2080498776695996 × 10^290 |
| 128 | aaa_77_29 | 4.531748725706842 × 10^289 |
| 129 | ov_129 | 4.2536448607635103 × 10^289 |
| 130 | ov_130 | 4.253633131971495 × 10^289 |
| 131 | ov_131 | 4.253630291765057 × 10^289 |
| 132 | ov_132 | 3.7004331366108537 × 10^289 |
| 133 | ov_133 | 3.2038347162295823 × 10^289 |
| 134 | ov_134 | 2.7595937175041746 × 10^289 |
| 135 | ov_135 | 2.363700415298878 × 10^289 |
| 136 | ov_136 | 2.0123602127073336 × 10^289 |
| 137 | ov_137 | 1.7019793451114808 × 10^289 |
| 138 | ov_138 | 1.4291525491812686 × 10^289 |
| 139 | ov_139 | 1.1906525083332959 × 10^289 |
| 140 | ov_140 | 9.834208962079266 × 10^288 |
| 141 | ov_141 | 8.045608494883634 × 10^288 |
| 142 | ov_142 | 6.51330710931116 × 10^288 |
| 143 | ov_143 | 5.2113889285590576 × 10^288 |
| 144 | ov_144 | 4.115397205965224 × 10^288 |
| 145 | ov_145 | 3.20230124577084 × 10^288 |
| 146 | ov_146 | 2.450470587780902 × 10^288 |
| 147 | ov_147 | 1.8396553241472393 × 10^288 |
| 148 | ov_148 | 1.3509715068147221 × 10^288 |
| 149 | ov_149 | 9.668906943276646 × 10^287 |
| 150 | ov_150 | 6.712327767556396 × 10^287 |
| 151 | ov_151 | 4.4916130750457595 × 10^287 |
| 152 | ov_152 | 2.8718066075212254 × 10^287 |
| 153 | ov_153 | 1.7313442319905607 × 10^287 |
| 154 | ov_154 | 9.620453886281274 × 10^286 |
| 155 | ov_155 | 4.691086875954675 × 10^286 |
| 156 | aaa_76_25 | 1.711097607352853 × 10^286 |
| 157 | aaa_76_26 | 9.889381178910314 × 10^285 |
| 158 | aaa_76_27 | 5.0670683245159934 × 10^285 |
| 159 | aaa_76_28 | 1.9752831559201765 × 10^285 |
| 160 | aaa_76_29 | 6.014731935742835 × 10^284 |

### Output Bits Sorted by Complexity

| Rank | Output Bit | Complexity |
|:----:|:----------:|:----------:|
| 160 | aaa_76_29 | 6.014731935742835 × 10^284 |
| 159 | aaa_76_28 | 1.9752831559201765 × 10^285 |
| 158 | aaa_76_27 | 5.0670683245159934 × 10^285 |
| 157 | aaa_76_26 | 9.889381178910314 × 10^285 |
| 156 | aaa_76_25 | 1.711097607352853 × 10^286 |
| 155 | ov_155 | 4.691086875954675 × 10^286 |
| 154 | ov_154 | 9.620453886281274 × 10^286 |
| 153 | ov_153 | 1.7313442319905607 × 10^287 |
| 152 | ov_152 | 2.8718066075212254 × 10^287 |
| 151 | ov_151 | 4.4916130750457595 × 10^287 |
| 150 | ov_150 | 6.712327767556396 × 10^287 |
| 149 | ov_149 | 9.668906943276646 × 10^287 |
| 148 | ov_148 | 1.3509715068147221 × 10^288 |
| 147 | ov_147 | 1.8396553241472393 × 10^288 |
| 146 | ov_146 | 2.450470587780902 × 10^288 |
| 145 | ov_145 | 3.20230124577084 × 10^288 |
| 144 | ov_144 | 4.115397205965224 × 10^288 |
| 143 | ov_143 | 5.2113889285590576 × 10^288 |
| 142 | ov_142 | 6.51330710931116 × 10^288 |
| 141 | ov_141 | 8.045608494883634 × 10^288 |
| 140 | ov_140 | 9.834208962079266 × 10^288 |
| 139 | ov_139 | 1.1906525083332959 × 10^289 |
| 138 | ov_138 | 1.4291525491812686 × 10^289 |
| 137 | ov_137 | 1.7019793451114808 × 10^289 |
| 136 | ov_136 | 2.0123602127073336 × 10^289 |
| 135 | ov_135 | 2.363700415298878 × 10^289 |
| 134 | ov_134 | 2.7595937175041746 × 10^289 |
| 133 | ov_133 | 3.2038347162295823 × 10^289 |
| 132 | ov_132 | 3.7004331366108537 × 10^289 |
| 131 | ov_131 | 4.253630291765057 × 10^289 |
| 130 | ov_130 | 4.253633131971495 × 10^289 |
| 129 | ov_129 | 4.2536448607635103 × 10^289 |
| 128 | aaa_77_29 | 4.531748725706842 × 10^289 |
| 127 | aaa_77_28 | 1.2080498776695996 × 10^290 |
| 126 | ov_126 | 3.78159576350856 × 10^290 |
| 125 | ov_125 | 8.491558218440302 × 10^290 |
| 124 | ov_124 | 1.616417926130639 × 10^291 |
| 123 | ov_123 | 2.7625709558372856 × 10^291 |
| 122 | ov_122 | 4.370243273671847 × 10^291 |
| 121 | ov_121 | 6.983592150622314 × 10^291 |
| 120 | ov_120 | 1.1229434841135845 × 10^292 |
| 119 | ov_119 | 1.7817290542795478 × 10^292 |
| 118 | ov_118 | 2.7539454311852594 × 10^292 |
| 117 | ov_117 | 4.127112307380798 × 10^292 |
| 116 | ov_116 | 5.99706009489719 × 10^292 |
| 115 | ov_115 | 8.467961646337755 × 10^292 |
| 114 | ov_114 | 1.165237895663638 × 10^293 |
| 113 | ov_113 | 1.5671329172807775 × 10^293 |
| 112 | ov_112 | 2.0654374774404046 × 10^293 |
| 111 | ov_111 | 2.6739743323156566 × 10^293 |
| 110 | ov_110 | 3.407448271673868 × 10^293 |
| 109 | ov_109 | 4.281465841923723 × 10^293 |
| 108 | ov_108 | 5.312559968050877 × 10^293 |
| 107 | ov_107 | 6.518220229913211 × 10^293 |
| 106 | ov_106 | 7.916929603047079 × 10^293 |
| 105 | ov_105 | 9.528208529409508 × 10^293 |
| 104 | ov_104 | 1.137266723955254 × 10^294 |
| 103 | ov_103 | 1.3472067304841065 × 10^294 |
| 102 | ov_102 | 1.5849393456776378 × 10^294 |
| 101 | ov_101 | 1.8528936770613738 × 10^294 |
| 100 | ov_100 | 2.153639037265613 × 10^294 |
| 99 | ov_099 | 2.489895889531578 × 10^294 |
| 98 | ov_098 | 2.4898994029336045 × 10^294 |
| 97 | ov_097 | 2.489910388670678 × 10^294 |
| 96 | aaa_78_29 | 4.451362716943905 × 10^294 |
| 95 | aaa_78_28 | 1.4627881270164796 × 10^295 |
| 94 | ov_094 | 4.764746549092162 × 10^295 |
| 93 | ov_093 | 1.119283204060306 × 10^296 |
| 92 | ov_092 | 2.2533067201232413 × 10^296 |
| 91 | ov_091 | 4.28565701432815 × 10^296 |
| 90 | ov_090 | 7.723262706009174 × 10^296 |
| 89 | ov_089 | 1.3172876892995238 × 10^297 |
| 88 | ov_088 | 2.1341093664759906 × 10^297 |
| 87 | ov_087 | 3.303437884145946 × 10^297 |
| 86 | ov_086 | 4.9159121168030534 × 10^297 |
| 85 | ov_085 | 7.072171051894857 × 10^297 |
| 84 | ov_084 | 9.882865434009075 × 10^297 |
| 83 | ov_083 | 1.346867582268292 × 10^298 |
| 82 | ov_082 | 1.7960341369030611 × 10^298 |
| 81 | ov_081 | 2.3498704656785671 × 10^298 |
| 64 | lv_79_m31 | 2.607300749576672 × 10^298 |
| 80 | ov_080 | 3.0234778615360536 × 10^298 |
| 79 | ov_079 | 3.832984217537945 × 10^298 |
| 78 | ov_078 | 4.795557200137865 × 10^298 |
| 77 | ov_077 | 5.929421830276774 × 10^298 |
| 76 | ov_076 | 7.253883339376286 × 10^298 |
| 75 | ov_075 | 8.789356234722112 × 10^298 |
| 74 | ov_074 | 1.0557400576787396 × 10^299 |
| 73 | ov_073 | 1.2580766539953664 × 10^299 |
| 63 | ov_063 | 1.3367810908051258 × 10^299 |
| 72 | ov_072 | 1.4883448398107586 × 10^299 |
| 71 | ov_071 | 1.7490749148035543 × 10^299 |
| 70 | ov_070 | 2.042935705677045 × 10^299 |
| 69 | ov_069 | 2.372743549448917 × 10^299 |
| 68 | ov_068 | 2.741472749270048 × 10^299 |
| 67 | ov_067 | 3.1522676548855368 × 10^299 |
| 66 | ov_066 | 3.1522697542856027 × 10^299 |
| 65 | ov_065 | 3.1522784298119504 × 10^299 |
| 62 | ov_062 | 6.852375371202134 × 10^299 |
| 61 | ov_061 | 2.4958911579841185 × 10^300 |
| 60 | ov_060 | 7.139596162945572 × 10^300 |
| 59 | ov_059 | 1.7215965295845073 × 10^301 |
| 58 | ov_058 | 3.4924401457110995 × 10^301 |
| 57 | ov_057 | 6.307773855906098 × 10^301 |
| 56 | ov_056 | 1.0791509984104647 × 10^302 |
| 55 | ov_055 | 1.7347629677850234 × 10^302 |
| 54 | ov_054 | 2.684546194296845 × 10^302 |
| 53 | ov_053 | 4.027709670689613 × 10^302 |
| 52 | ov_052 | 5.875746175358852 × 10^302 |
| 51 | ov_051 | 8.352445852556702 × 10^302 |
| 50 | ov_050 | 1.1593919206854103 × 10^303 |
| 49 | ov_049 | 1.5748633966684777 × 10^303 |
| 48 | ov_048 | 2.097747107048705 × 10^303 |
| 47 | ov_047 | 2.7453805827851758 × 10^303 |
| 32 | lv_80_m31 | 3.138359293135096 × 10^303 |
| 46 | ov_046 | 3.5363621107317345 × 10^303 |
| 45 | ov_045 | 4.4905660202221576 × 10^303 |
| 44 | ov_044 | 5.6291627826603266 × 10^303 |
| 43 | ov_043 | 6.974644849498868 × 10^303 |
| 42 | ov_042 | 8.550859234370859 × 10^303 |
| 41 | ov_041 | 1.0383047925826131 × 10^304 |
| 40 | ov_040 | 1.2497897298270442 × 10^304 |
| 39 | ov_039 | 1.492359777051671 × 10^304 |
| 31 | ov_031 | 1.609702195363766 × 10^304 |
| 38 | ov_038 | 1.7689915044093474 × 10^304 |
| 37 | ov_037 | 2.0828274337438465 × 10^304 |
| 36 | ov_036 | 2.4371859117723654 × 10^304 |
| 35 | ov_035 | 2.8355725919772514 × 10^304 |
| 34 | ov_034 | 3.281693693187967 × 10^304 |
| 33 | ov_033 | 3.779471212194769 × 10^304 |
| 30 | ov_030 | 8.254629374417572 × 10^304 |
| 29 | ov_029 | 2.700616869275146 × 10^305 |
| 28 | ov_028 | 7.0096664700238485 × 10^305 |
| 27 | ov_027 | 1.6890727858193148 × 10^306 |
| 26 | ov_026 | 3.6914990921467724 × 10^306 |
| 25 | ov_025 | 7.313650660224977 × 10^306 |
| 24 | ov_024 | 1.3309222505344094 × 10^307 |
| 23 | ov_023 | 2.2580211404092848 × 10^307 |
| 22 | ov_022 | 3.617694588904926 × 10^307 |
| 21 | ov_021 | 5.529814993369131 × 10^307 |
| 20 | ov_020 | 8.129105911197095 × 10^307 |
| 19 | ov_019 | 1.1565161310868283 × 10^308 |
| 18 | ov_018 | 1.600247579764791 × 10^308 |
| 17 | ov_017 | 2.162049004833031 × 10^308 |
| 16 | ov_016 | 2.8613656891049463 × 10^308 |
| 15 | ov_015 | 3.719153513342303 × 10^308 |
| 14 | ov_014 | 4.757891956742205 × 10^308 |
| 13 | ov_013 | 6.001601656276575 × 10^308 |
| 12 | ov_012 | 7.475867564559097 × 10^308 |
| 11 | ov_011 | 9.207868844658716 × 10^308 |
| 10 | ov_010 | 1.1226416739405674 × 10^309 |
| 9 | ov_009 | 1.356200175242445 × 10^309 |
| 8 | ov_008 | 1.6246851578608251 × 10^309 |
| 7 | ov_007 | 1.931500132331037 × 10^309 |
| 6 | ov_006 | 2.280237765252153 × 10^309 |
| 5 | ov_005 | 2.67468986211531 × 10^309 |
| 4 | ov_004 | 3.1188591033754377 × 10^309 |
| 3 | ov_003 | 3.6169727302143114 × 10^309 |
| 2 | ov_002 | 4.1734983878196564 × 10^309 |
| 1 | ov_001 | 4.793162345820668 × 10^309 |

