# Results for F001-F002-F003-F004-F005-F006-F007-F008-F009-F010-F011-F012-F013-F014-F015-F016-F017-F018-F019-F020-F021-F022-F023-F024-F025-F026-F027-F028-F029-F030-F031-F032-F033-F034-F035-F036-F037-F038-F039-F040-F041-F042-F043-F044-F045-F046-F047-F048-F049-F050-F051-F052-F053-F054-F055-F056-F057-F058-F059-F060-F061-F062-F063-F064-F065-F066-F067-F068-F069-F070-F071-F072-F073-F074-F075-F076-F077-F078-F079-F080-F081-F082-F083-F084-F085-F086-F087-F088-F089-F090-F091-F092-F093-F094-F095-F096-F097-F098-F099-F100-F101-F102-F103-F104-F105-F106-F107-F108-F109-F110-F111-F112-F113-F114-F115-F116-F117-F118-F119-F120-F121-F122-F123-F124-F125-F126-F127-F128-F129-F130-F131-F132-F133-F134-F135-F136-F137-F138-F139-F140-F141-F142-F143-F144-F145-F146-F147-F148-F149-F150-F151-F152-F153-F154-F155-F156-F157-F158-F159-F160-F161-F162-F163-F164-F165-F166-F167-F168-F169-F170-F171-F172-F173-F174-F175-F176-F177-F178-F179-F180-F181-F182-F183-F184-F185-F186-F187-F188-F189-F190-F191-F192-F193-F194-F195-F196-F197-F198-F199-F200-F201-F202-F203-F204-F205-F206-F207-F208-F209-F210-F211-F212-F213-F214-F215-F216-F217-F218-F219-F220-F221-F222-F223-F224-F225-F226-F227-F228-F229-F230-F231-F232-F233-F234-F235-F236-F237-F238-F239-F240-F241-F242-F243-F244-F245-F246-F247-F248-F249-F250-F251-F252-F253-F254-F255-F256-F257-F258-F259-F260-F261-F262-F263-F264-F265-F266-F267-F268-F269-F270-F271-F272-F273-F274-F275-F276-F277-F278-F279-F280-F281-F282-F283-F284-F285-F286-F287-F288-F289-F290-F291-F292-F293-F294-F295-F296-F297-F298-F299-F300-F301-F302-F303-F304-F305-F306-F307-F308-F309-F310-F311-F312-F313-F314-F315-F316-F317-F318-F319-F320-F321-F322-F323-F324-F325-F326-F327-F328-F329-F330-F331-F332-F333-F334-F335-F336-F337-F338-F339-F340-F341-F342-F343-F344-F345-F346-F347-F348-F349-F350-F351-F352-F353-F354-F355-F356-F357-F358-F359-F360-F361-F362-F363-F364-F365-F366-F367-F368-F369-F370-F371-F372-F373-F374-F375-F376-F377-F378-F379-F380-F381-F382-F383-F384-F385-F386-F387-F388-F389-F390-F391-F392-F393-F394-F395-F396-F397-F398-F399-F400-F401-F402-F403-F404-F405-F406-F407-F408-F409-F410-F411-F412-F413-F414-F415-F416-F417-F418-F419-F420-F421-F422-F423-F424-F425-F426-F427-F428-F429-F430-F431-F432-F433-F434-F435-F436-F437-F438-F439-F440-F441-F442-F443-F444-F445-F446-F447-F448-F449-F450-F451-F452-F453-F454-F455-F456-F457-F458-F459-F460-F461-F462-F463-F464-F465-F466-F467-F468-F469-F470-F471-F472-F473-F474-F475-F476-F477-F478-F479-F480-F481-F482-F483-F484-F485-F486-F487-F488-F489-F490-F491-F492-F493-F494-F495-F496-F510

## Summary

Number of input bits: 512  
Number of free input bits: 15  
Number of output bits: 160

Number of direct occurrences: 61501  
Number of assignments: 32084  
Number of operations: 11392032
(xor: 11363475,
and: 14889,
or: 13668)

Total complexity: 2.0233904507759588 × 10^302

Least occurring input variable: iv_502 (3910)  
Most occurring input variable: iv_512 (4411)

Most co-occurring input variables: iv_511-iv_512 (2166)  
Least co-occurring input variables: iv_498-iv_502 (1776)

Potentially most occurring input variable: iv_506/iv_512 (4524)  
Potentially least occurring input variable: iv_499/iv_508 (4116)

Least output occurring input variable: iv_508 (70)  
Most output occurring input variable: iv_497 (93)

Most output co-occurring input variables: iv_497-iv_502 (52)  
Least output co-occurring input variables: iv_502-iv_508 (30)

Potentially most output occurring input variable: iv_509/iv_511 (92)  
Potentially least output occurring input variable: iv_505/iv_507 (61)

Least complex input bit: iv_497 (3.428019742692899 × 10^299)  
Most complex input bit: iv_512 (4.062350267954052 × 10^301)

Least complex output bit: aaa_76_29 (3.381594260193312 × 10^277)  
Most complex output bit: ov_001 (3.148053651815763 × 10^301)

Least complex input/output complexity: iv_497/aaa_76_29 (5.729083025608875 × 10^274)  
Most complex input/output complexity: iv_512/ov_001 (6.320330607018106 × 10^300)

## Input Bits

### Input Bits in Regular Order

| Input Bit | Complexity | Occurrences | Output Occurrences |
|:---------:|:----------:|:-----------:|:------------------:|
| iv_497 | 3.428019742692899 × 10^299 | 4158 | 93 |
| iv_498 | 6.916301275547978 × 10^299 | 3967 | 88 |
| iv_499 | 1.2316147833995356 × 10^300 | 4136 | 81 |
| iv_500 | 2.086273694056351 × 10^300 | 4150 | 76 |
| iv_501 | 3.5572177308055845 × 10^300 | 4117 | 83 |
| iv_502 | 5.781535708997807 × 10^300 | 3910 | 82 |
| iv_503 | 9.121466880234436 × 10^300 | 4060 | 74 |
| iv_504 | 1.405094875746858 × 10^301 | 3956 | 78 |
| iv_505 | 2.1231290831798608 × 10^301 | 4141 | 79 |
| iv_506 | 1.0308582588917252 × 10^301 | 3989 | 82 |
| iv_507 | 1.4605398948651888 × 10^301 | 4203 | 76 |
| iv_508 | 1.9238639681601126 × 10^301 | 4032 | 70 |
| iv_509 | 2.4259492282801545 × 10^301 | 4029 | 78 |
| iv_511 | 3.52086484074992 × 10^301 | 4242 | 80 |
| iv_512 | 4.062350267954052 × 10^301 | 4411 | 80 |

### Input Bits Sorted by Complexity

| Input Bit | Complexity | Occurrences | Output Occurrences |
|:---------:|:----------:|:-----------:|:------------------:|
| iv_497 | 3.428019742692899 × 10^299 | 4158 | 93 |
| iv_498 | 6.916301275547978 × 10^299 | 3967 | 88 |
| iv_499 | 1.2316147833995356 × 10^300 | 4136 | 81 |
| iv_500 | 2.086273694056351 × 10^300 | 4150 | 76 |
| iv_501 | 3.5572177308055845 × 10^300 | 4117 | 83 |
| iv_502 | 5.781535708997807 × 10^300 | 3910 | 82 |
| iv_503 | 9.121466880234436 × 10^300 | 4060 | 74 |
| iv_506 | 1.0308582588917252 × 10^301 | 3989 | 82 |
| iv_504 | 1.405094875746858 × 10^301 | 3956 | 78 |
| iv_507 | 1.4605398948651888 × 10^301 | 4203 | 76 |
| iv_508 | 1.9238639681601126 × 10^301 | 4032 | 70 |
| iv_505 | 2.1231290831798608 × 10^301 | 4141 | 79 |
| iv_509 | 2.4259492282801545 × 10^301 | 4029 | 78 |
| iv_511 | 3.52086484074992 × 10^301 | 4242 | 80 |
| iv_512 | 4.062350267954052 × 10^301 | 4411 | 80 |

### Input Bits Sorted by Occurrences

| Input Bit | Complexity | Occurrences | Output Occurrences |
|:---------:|:----------:|:-----------:|:------------------:|
| iv_502 | 5.781535708997807 × 10^300 | 3910 | 82 |
| iv_504 | 1.405094875746858 × 10^301 | 3956 | 78 |
| iv_498 | 6.916301275547978 × 10^299 | 3967 | 88 |
| iv_506 | 1.0308582588917252 × 10^301 | 3989 | 82 |
| iv_509 | 2.4259492282801545 × 10^301 | 4029 | 78 |
| iv_508 | 1.9238639681601126 × 10^301 | 4032 | 70 |
| iv_503 | 9.121466880234436 × 10^300 | 4060 | 74 |
| iv_501 | 3.5572177308055845 × 10^300 | 4117 | 83 |
| iv_499 | 1.2316147833995356 × 10^300 | 4136 | 81 |
| iv_505 | 2.1231290831798608 × 10^301 | 4141 | 79 |
| iv_500 | 2.086273694056351 × 10^300 | 4150 | 76 |
| iv_497 | 3.428019742692899 × 10^299 | 4158 | 93 |
| iv_507 | 1.4605398948651888 × 10^301 | 4203 | 76 |
| iv_511 | 3.52086484074992 × 10^301 | 4242 | 80 |
| iv_512 | 4.062350267954052 × 10^301 | 4411 | 80 |

### Input Bits Sorted by Output Occurrences

| Input Bit | Complexity | Occurrences | Output Occurrences |
|:---------:|:----------:|:-----------:|:------------------:|
| iv_508 | 1.9238639681601126 × 10^301 | 4032 | 70 |
| iv_503 | 9.121466880234436 × 10^300 | 4060 | 74 |
| iv_500 | 2.086273694056351 × 10^300 | 4150 | 76 |
| iv_507 | 1.4605398948651888 × 10^301 | 4203 | 76 |
| iv_504 | 1.405094875746858 × 10^301 | 3956 | 78 |
| iv_509 | 2.4259492282801545 × 10^301 | 4029 | 78 |
| iv_505 | 2.1231290831798608 × 10^301 | 4141 | 79 |
| iv_511 | 3.52086484074992 × 10^301 | 4242 | 80 |
| iv_512 | 4.062350267954052 × 10^301 | 4411 | 80 |
| iv_499 | 1.2316147833995356 × 10^300 | 4136 | 81 |
| iv_502 | 5.781535708997807 × 10^300 | 3910 | 82 |
| iv_506 | 1.0308582588917252 × 10^301 | 3989 | 82 |
| iv_501 | 3.5572177308055845 × 10^300 | 4117 | 83 |
| iv_498 | 6.916301275547978 × 10^299 | 3967 | 88 |
| iv_497 | 3.428019742692899 × 10^299 | 4158 | 93 |

## Input Bit Co-occurrences

### Input Bit Co-occurrences Sorted by Co-occurrences

| Input Bits | Co-occurrences | Potential Occurrences | Output Co-occurrences | Potential Output Occurrences |
|:----------:|:--------------:|:---------------------:|:---------------------:|:----------------------------:|
| iv_511-iv_512 | 2166 | 4321 | 43 | 74 |
| iv_507-iv_512 | 2123 | 4368 | 42 | 72 |
| iv_497-iv_512 | 2092 | 4385 | 44 | 85 |
| iv_500-iv_511 | 2091 | 4210 | 38 | 80 |
| iv_500-iv_512 | 2077 | 4407 | 39 | 78 |
| iv_505-iv_512 | 2076 | 4400 | 40 | 79 |
| iv_501-iv_512 | 2075 | 4378 | 43 | 77 |
| iv_497-iv_507 | 2056 | 4249 | 44 | 81 |
| iv_503-iv_512 | 2056 | 4359 | 34 | 86 |
| iv_501-iv_511 | 2048 | 4263 | 39 | 85 |
| iv_499-iv_512 | 2046 | 4455 | 44 | 73 |
| iv_508-iv_512 | 2044 | 4355 | 32 | 86 |
| iv_499-iv_511 | 2036 | 4306 | 37 | 87 |
| iv_501-iv_505 | 2036 | 4186 | 50 | 62 |
| iv_505-iv_511 | 2026 | 4331 | 40 | 79 |

### Input Bit Co-occurrences Sorted by Potential Occurrences

| Input Bits | Co-occurrences | Potential Occurrences | Output Co-occurrences | Potential Output Occurrences |
|:----------:|:--------------:|:---------------------:|:---------------------:|:----------------------------:|
| iv_499-iv_508 | 2026 | 4116 | 38 | 75 |
| iv_502-iv_505 | 1943 | 4165 | 43 | 75 |
| iv_504-iv_506 | 1885 | 4175 | 42 | 76 |
| iv_499-iv_502 | 1934 | 4178 | 41 | 81 |
| iv_506-iv_509 | 1919 | 4180 | 43 | 74 |
| iv_506-iv_507 | 2004 | 4184 | 39 | 80 |
| iv_500-iv_503 | 2013 | 4184 | 38 | 74 |
| iv_501-iv_505 | 2036 | 4186 | 50 | 62 |
| iv_499-iv_509 | 1987 | 4191 | 41 | 77 |
| iv_508-iv_509 | 1933 | 4195 | 35 | 78 |
| iv_506-iv_508 | 1911 | 4199 | 37 | 78 |
| iv_503-iv_506 | 1923 | 4203 | 38 | 80 |
| iv_498-iv_508 | 1897 | 4205 | 37 | 84 |
| iv_497-iv_503 | 2006 | 4206 | 38 | 91 |
| iv_507-iv_508 | 2013 | 4209 | 31 | 84 |

### Input Bit Output Co-occurrences Sorted by Output Co-occurrences

| Input Bits | Co-occurrences | Potential Occurrences | Output Co-occurrences | Potential Output Occurrences |
|:----------:|:--------------:|:---------------------:|:---------------------:|:----------------------------:|
| iv_497-iv_502 | 1910 | 4248 | 52 | 71 |
| iv_497-iv_506 | 1960 | 4227 | 51 | 73 |
| iv_501-iv_505 | 2036 | 4186 | 50 | 62 |
| iv_497-iv_504 | 1936 | 4242 | 50 | 71 |
| iv_497-iv_498 | 1903 | 4319 | 50 | 81 |
| iv_498-iv_501 | 1887 | 4310 | 48 | 75 |
| iv_497-iv_501 | 2018 | 4239 | 48 | 80 |
| iv_497-iv_509 | 1941 | 4305 | 48 | 75 |
| iv_498-iv_512 | 2007 | 4364 | 47 | 74 |
| iv_505-iv_507 | 1956 | 4432 | 47 | 61 |
| iv_497-iv_511 | 2018 | 4364 | 47 | 79 |
| iv_498-iv_502 | 1776 | 4325 | 46 | 78 |
| iv_498-iv_504 | 1855 | 4213 | 46 | 74 |
| iv_497-iv_505 | 1965 | 4369 | 46 | 80 |
| iv_499-iv_507 | 1939 | 4461 | 45 | 67 |

### Input Bit Output Co-occurrences Sorted by Potential Output Occurrences

| Input Bits | Co-occurrences | Potential Occurrences | Output Co-occurrences | Potential Output Occurrences |
|:----------:|:--------------:|:---------------------:|:---------------------:|:----------------------------:|
| iv_505-iv_507 | 1956 | 4432 | 47 | 61 |
| iv_501-iv_505 | 2036 | 4186 | 50 | 62 |
| iv_507-iv_509 | 1976 | 4280 | 44 | 66 |
| iv_499-iv_507 | 1939 | 4461 | 45 | 67 |
| iv_503-iv_504 | 1872 | 4272 | 41 | 70 |
| iv_497-iv_504 | 1936 | 4242 | 50 | 71 |
| iv_497-iv_502 | 1910 | 4248 | 52 | 71 |
| iv_502-iv_511 | 1931 | 4290 | 45 | 72 |
| iv_507-iv_512 | 2123 | 4368 | 42 | 72 |
| iv_501-iv_503 | 1963 | 4251 | 42 | 73 |
| iv_505-iv_509 | 1931 | 4308 | 42 | 73 |
| iv_499-iv_512 | 2046 | 4455 | 44 | 73 |
| iv_497-iv_506 | 1960 | 4227 | 51 | 73 |
| iv_504-iv_508 | 1881 | 4226 | 37 | 74 |
| iv_498-iv_504 | 1855 | 4213 | 46 | 74 |

## Output Bits

### Output Bits in Regular Order

| Rank | Output Bit | Complexity |
|:----:|:----------:|:----------:|
| 1 | ov_001 | 3.148053651815763 × 10^301 |
| 2 | ov_002 | 2.7410024390105803 × 10^301 |
| 3 | ov_003 | 2.37544647931619 × 10^301 |
| 4 | ov_004 | 2.0482747381591647 × 10^301 |
| 5 | ov_005 | 1.756547296603664 × 10^301 |
| 6 | ov_006 | 1.4974832600501415 × 10^301 |
| 7 | ov_007 | 1.2684501982351422 × 10^301 |
| 8 | ov_008 | 1.0669549952627468 × 10^301 |
| 9 | ov_009 | 8.90635996310532 × 10^300 |
| 10 | ov_010 | 7.372563278586633 × 10^300 |
| 11 | ov_011 | 6.046982669666336 × 10^300 |
| 12 | ov_012 | 4.9095854231270086 × 10^300 |
| 13 | ov_013 | 3.941444567461488 × 10^300 |
| 14 | ov_014 | 3.124707280150331 × 10^300 |
| 15 | ov_015 | 2.4425695114997782 × 10^300 |
| 16 | ov_016 | 1.8792559273106523 × 10^300 |
| 17 | ov_017 | 1.4200043395890889 × 10^300 |
| 18 | ov_018 | 1.0510538610779466 × 10^300 |
| 19 | ov_019 | 7.596360857011969 × 10^299 |
| 20 | ov_020 | 5.339686631608014 × 10^299 |
| 21 | ov_021 | 3.6325072908016007 × 10^299 |
| 22 | ov_022 | 2.3765977229223353 × 10^299 |
| 23 | ov_023 | 1.4834958681810189 × 10^299 |
| 24 | ov_024 | 8.744898254016066 × 10^298 |
| 25 | ov_025 | 4.806100751666158 × 10^298 |
| 26 | ov_026 | 2.4262521785681825 × 10^298 |
| 27 | ov_027 | 1.1103996730342996 × 10^298 |
| 28 | ov_028 | 4.609435921996652 × 10^297 |
| 29 | ov_029 | 1.776349624777649 × 10^297 |
| 30 | ov_030 | 5.4310683588294025 × 10^296 |
| 31 | ov_031 | 1.05946071960746 × 10^296 |
| 32 | lv_80_m31 | 2.066355765636731 × 10^295 |
| 33 | ov_033 | 2.4999011928003572 × 10^296 |
| 34 | ov_034 | 2.173485266230021 × 10^296 |
| 35 | ov_035 | 1.8808155883920775 × 10^296 |
| 36 | ov_036 | 1.619263761625052 × 10^296 |
| 37 | ov_037 | 1.3863453483309917 × 10^296 |
| 38 | ov_038 | 1.1797097717523583 × 10^296 |
| 39 | ov_039 | 9.971315291879552 × 10^295 |
| 40 | ov_040 | 8.365025940265979 × 10^295 |
| 41 | ov_041 | 6.958258905140882 × 10^295 |
| 42 | ov_042 | 5.732097323152487 × 10^295 |
| 43 | ov_043 | 4.67733985379166 × 10^295 |
| 44 | ov_044 | 3.777044088962762 × 10^295 |
| 45 | ov_045 | 3.0152026082023545 × 10^295 |
| 46 | ov_046 | 2.376716340045061 × 10^295 |
| 47 | ov_047 | 1.8473730805642876 × 10^295 |
| 48 | ov_048 | 1.4138304504256384 × 10^295 |
| 49 | ov_049 | 1.0636026272652473 × 10^295 |
| 50 | ov_050 | 7.850502446569692 × 10^294 |
| 51 | ov_051 | 5.673729025870391 × 10^294 |
| 52 | ov_052 | 4.006037874083523 × 10^294 |
| 53 | ov_053 | 2.756059518651192 × 10^294 |
| 54 | ov_054 | 1.8406985809870064 × 10^294 |
| 55 | ov_055 | 1.1851183867397733 × 10^294 |
| 56 | ov_056 | 7.227318268130467 × 10^293 |
| 57 | ov_057 | 4.223069028478539 × 10^293 |
| 58 | ov_058 | 2.337423454196004 × 10^293 |
| 59 | ov_059 | 1.1517691652119983 × 10^293 |
| 60 | ov_060 | 4.773988968451304 × 10^292 |
| 61 | ov_061 | 1.668015345758873 × 10^292 |
| 62 | ov_062 | 4.5770395339319895 × 10^291 |
| 63 | ov_063 | 8.924044452499422 × 10^290 |
| 64 | lv_79_m31 | 1.7396195603921497 × 10^290 |
| 65 | ov_065 | 2.102422122321461 × 10^291 |
| 66 | ov_066 | 2.1024159997962065 × 10^291 |
| 67 | ov_067 | 2.1024145014826834 × 10^291 |
| 68 | ov_068 | 1.8252684537893964 × 10^291 |
| 69 | ov_069 | 1.577257586867801 × 10^291 |
| 70 | ov_070 | 1.3560623200622842 × 10^291 |
| 71 | ov_071 | 1.1595056995370615 × 10^291 |
| 72 | ov_072 | 9.855437433002755 × 10^290 |
| 73 | ov_073 | 8.322566419568639 × 10^290 |
| 74 | ov_074 | 6.978407693972909 × 10^290 |
| 75 | ov_075 | 5.8060145945815856 × 10^290 |
| 76 | ov_076 | 4.789465061086067 × 10^290 |
| 77 | ov_077 | 3.913803459610207 × 10^290 |
| 78 | ov_078 | 3.164988829110933 × 10^290 |
| 79 | ov_079 | 2.5298491551354552 × 10^290 |
| 80 | ov_080 | 1.9960412832612205 × 10^290 |
| 81 | ov_081 | 1.5520160893377982 × 10^290 |
| 82 | ov_082 | 1.1869885272276826 × 10^290 |
| 83 | ov_083 | 8.909121773366119 × 10^289 |
| 84 | ov_084 | 6.544579210400764 × 10^289 |
| 85 | ov_085 | 4.689963673339956 × 10^289 |
| 86 | ov_086 | 3.265836588226434 × 10^289 |
| 87 | ov_087 | 2.199502846393511 × 10^289 |
| 88 | ov_088 | 1.42492528180314 × 10^289 |
| 89 | ov_089 | 8.826617769274438 × 10^288 |
| 90 | ov_090 | 5.198212784344826 × 10^288 |
| 91 | ov_091 | 2.9003500434572764 × 10^288 |
| 92 | ov_092 | 1.5343915563138683 × 10^288 |
| 93 | ov_093 | 7.666562880185264 × 10^287 |
| 94 | ov_094 | 3.283770188853624 × 10^287 |
| 95 | aaa_78_28 | 1.0139546365857605 × 10^287 |
| 96 | aaa_78_29 | 3.1137058018434366 × 10^286 |
| 97 | ov_097 | 2.055072140474005 × 10^286 |
| 98 | ov_098 | 2.0550103539755855 × 10^286 |
| 99 | ov_099 | 2.0549905937458948 × 10^286 |
| 100 | ov_100 | 1.8488194854181025 × 10^286 |
| 101 | ov_101 | 1.6579488332353718 × 10^286 |
| 102 | ov_102 | 1.4815285412431642 × 10^286 |
| 103 | ov_103 | 1.3187700733084613 × 10^286 |
| 104 | ov_104 | 1.1689387208519545 × 10^286 |
| 105 | ov_105 | 1.0313465590580714 × 10^286 |
| 106 | ov_106 | 9.053460551801664 × 10^285 |
| 107 | ov_107 | 7.903242939691229 × 10^285 |
| 108 | ov_108 | 6.856977864123037 × 10^285 |
| 109 | ov_109 | 5.909078289088268 × 10^285 |
| 110 | ov_110 | 5.054163807552498 × 10^285 |
| 111 | ov_111 | 4.287024284004891 × 10^285 |
| 112 | ov_112 | 3.602588053757218 × 10^285 |
| 113 | ov_113 | 2.9958943713761265 × 10^285 |
| 114 | ov_114 | 2.4620698030292577 × 10^285 |
| 115 | ov_115 | 1.9963082591886722 × 10^285 |
| 116 | ov_116 | 1.593854365237375 × 10^285 |
| 117 | ov_117 | 1.2499898682189325 × 10^285 |
| 118 | ov_118 | 9.600227783822504 × 10^284 |
| 119 | ov_119 | 7.192789444014342 × 10^284 |
| 120 | ov_120 | 5.230957612673601 × 10^284 |
| 121 | ov_121 | 3.6681770990483594 × 10^284 |
| 122 | ov_122 | 2.4579342759723636 × 10^284 |
| 123 | ov_123 | 1.5537391099686154 × 10^284 |
| 124 | ov_124 | 9.091139379970872 × 10^283 |
| 125 | ov_125 | 4.775865060408345 × 10^283 |
| 126 | ov_126 | 2.126864132807438 × 10^283 |
| 127 | aaa_77_28 | 6.794374507626545 × 10^282 |
| 128 | aaa_77_29 | 2.548768212707713 × 10^282 |
| 129 | ov_129 | 2.3923234494303418 × 10^282 |
| 130 | ov_130 | 2.3923168555817127 × 10^282 |
| 131 | ov_131 | 2.3923152589278458 × 10^282 |
| 132 | ov_132 | 2.0811837331274535 × 10^282 |
| 133 | ov_133 | 1.8018842608491128 × 10^282 |
| 134 | ov_134 | 1.5520317816118485 × 10^282 |
| 135 | ov_135 | 1.3293713912678807 × 10^282 |
| 136 | ov_136 | 1.131769094347567 × 10^282 |
| 137 | ov_137 | 9.572037742985809 × 10^281 |
| 138 | ov_138 | 8.03760269434897 × 10^281 |
| 139 | ov_139 | 6.696234482732594 × 10^281 |
| 140 | ov_140 | 5.530731836015523 × 10^281 |
| 141 | ov_141 | 4.524801301337923 × 10^281 |
| 142 | ov_142 | 3.663022159938109 × 10^281 |
| 143 | ov_143 | 2.9308176356250383 × 10^281 |
| 144 | ov_144 | 2.3144316044550986 × 10^281 |
| 145 | ov_145 | 1.8009100648869643 × 10^281 |
| 146 | ov_146 | 1.378086679032727 × 10^281 |
| 147 | ov_147 | 1.0345717467250706 × 10^281 |
| 148 | ov_148 | 7.597440250653416 × 10^280 |
| 149 | ov_149 | 5.437448569664387 × 10^280 |
| 150 | ov_150 | 3.7747412299707935 × 10^280 |
| 151 | ov_151 | 2.52587581594165 × 10^280 |
| 152 | ov_152 | 1.6149521345102135 × 10^280 |
| 153 | ov_153 | 9.736025111980481 × 10^279 |
| 154 | ov_154 | 5.409865459117831 × 10^279 |
| 155 | ov_155 | 2.637885166411079 × 10^279 |
| 156 | aaa_76_25 | 9.621616802835468 × 10^278 |
| 157 | aaa_76_26 | 5.5606940441291116 × 10^278 |
| 158 | aaa_76_27 | 2.8490586149141793 × 10^278 |
| 159 | aaa_76_28 | 1.110591725512264 × 10^278 |
| 160 | aaa_76_29 | 3.381594260193312 × 10^277 |

### Output Bits Sorted by Complexity

| Rank | Output Bit | Complexity |
|:----:|:----------:|:----------:|
| 160 | aaa_76_29 | 3.381594260193312 × 10^277 |
| 159 | aaa_76_28 | 1.110591725512264 × 10^278 |
| 158 | aaa_76_27 | 2.8490586149141793 × 10^278 |
| 157 | aaa_76_26 | 5.5606940441291116 × 10^278 |
| 156 | aaa_76_25 | 9.621616802835468 × 10^278 |
| 155 | ov_155 | 2.637885166411079 × 10^279 |
| 154 | ov_154 | 5.409865459117831 × 10^279 |
| 153 | ov_153 | 9.736025111980481 × 10^279 |
| 152 | ov_152 | 1.6149521345102135 × 10^280 |
| 151 | ov_151 | 2.52587581594165 × 10^280 |
| 150 | ov_150 | 3.7747412299707935 × 10^280 |
| 149 | ov_149 | 5.437448569664387 × 10^280 |
| 148 | ov_148 | 7.597440250653416 × 10^280 |
| 147 | ov_147 | 1.0345717467250706 × 10^281 |
| 146 | ov_146 | 1.378086679032727 × 10^281 |
| 145 | ov_145 | 1.8009100648869643 × 10^281 |
| 144 | ov_144 | 2.3144316044550986 × 10^281 |
| 143 | ov_143 | 2.9308176356250383 × 10^281 |
| 142 | ov_142 | 3.663022159938109 × 10^281 |
| 141 | ov_141 | 4.524801301337923 × 10^281 |
| 140 | ov_140 | 5.530731836015523 × 10^281 |
| 139 | ov_139 | 6.696234482732594 × 10^281 |
| 138 | ov_138 | 8.03760269434897 × 10^281 |
| 137 | ov_137 | 9.572037742985809 × 10^281 |
| 136 | ov_136 | 1.131769094347567 × 10^282 |
| 135 | ov_135 | 1.3293713912678807 × 10^282 |
| 134 | ov_134 | 1.5520317816118485 × 10^282 |
| 133 | ov_133 | 1.8018842608491128 × 10^282 |
| 132 | ov_132 | 2.0811837331274535 × 10^282 |
| 131 | ov_131 | 2.3923152589278458 × 10^282 |
| 130 | ov_130 | 2.3923168555817127 × 10^282 |
| 129 | ov_129 | 2.3923234494303418 × 10^282 |
| 128 | aaa_77_29 | 2.548768212707713 × 10^282 |
| 127 | aaa_77_28 | 6.794374507626545 × 10^282 |
| 126 | ov_126 | 2.126864132807438 × 10^283 |
| 125 | ov_125 | 4.775865060408345 × 10^283 |
| 124 | ov_124 | 9.091139379970872 × 10^283 |
| 123 | ov_123 | 1.5537391099686154 × 10^284 |
| 122 | ov_122 | 2.4579342759723636 × 10^284 |
| 121 | ov_121 | 3.6681770990483594 × 10^284 |
| 120 | ov_120 | 5.230957612673601 × 10^284 |
| 119 | ov_119 | 7.192789444014342 × 10^284 |
| 118 | ov_118 | 9.600227783822504 × 10^284 |
| 117 | ov_117 | 1.2499898682189325 × 10^285 |
| 116 | ov_116 | 1.593854365237375 × 10^285 |
| 115 | ov_115 | 1.9963082591886722 × 10^285 |
| 114 | ov_114 | 2.4620698030292577 × 10^285 |
| 113 | ov_113 | 2.9958943713761265 × 10^285 |
| 112 | ov_112 | 3.602588053757218 × 10^285 |
| 111 | ov_111 | 4.287024284004891 × 10^285 |
| 110 | ov_110 | 5.054163807552498 × 10^285 |
| 109 | ov_109 | 5.909078289088268 × 10^285 |
| 108 | ov_108 | 6.856977864123037 × 10^285 |
| 107 | ov_107 | 7.903242939691229 × 10^285 |
| 106 | ov_106 | 9.053460551801664 × 10^285 |
| 105 | ov_105 | 1.0313465590580714 × 10^286 |
| 104 | ov_104 | 1.1689387208519545 × 10^286 |
| 103 | ov_103 | 1.3187700733084613 × 10^286 |
| 102 | ov_102 | 1.4815285412431642 × 10^286 |
| 101 | ov_101 | 1.6579488332353718 × 10^286 |
| 100 | ov_100 | 1.8488194854181025 × 10^286 |
| 99 | ov_099 | 2.0549905937458948 × 10^286 |
| 98 | ov_098 | 2.0550103539755855 × 10^286 |
| 97 | ov_097 | 2.055072140474005 × 10^286 |
| 96 | aaa_78_29 | 3.1137058018434366 × 10^286 |
| 95 | aaa_78_28 | 1.0139546365857605 × 10^287 |
| 94 | ov_094 | 3.283770188853624 × 10^287 |
| 93 | ov_093 | 7.666562880185264 × 10^287 |
| 92 | ov_092 | 1.5343915563138683 × 10^288 |
| 91 | ov_091 | 2.9003500434572764 × 10^288 |
| 90 | ov_090 | 5.198212784344826 × 10^288 |
| 89 | ov_089 | 8.826617769274438 × 10^288 |
| 88 | ov_088 | 1.42492528180314 × 10^289 |
| 87 | ov_087 | 2.199502846393511 × 10^289 |
| 86 | ov_086 | 3.265836588226434 × 10^289 |
| 85 | ov_085 | 4.689963673339956 × 10^289 |
| 84 | ov_084 | 6.544579210400764 × 10^289 |
| 83 | ov_083 | 8.909121773366119 × 10^289 |
| 82 | ov_082 | 1.1869885272276826 × 10^290 |
| 81 | ov_081 | 1.5520160893377982 × 10^290 |
| 64 | lv_79_m31 | 1.7396195603921497 × 10^290 |
| 80 | ov_080 | 1.9960412832612205 × 10^290 |
| 79 | ov_079 | 2.5298491551354552 × 10^290 |
| 78 | ov_078 | 3.164988829110933 × 10^290 |
| 77 | ov_077 | 3.913803459610207 × 10^290 |
| 76 | ov_076 | 4.789465061086067 × 10^290 |
| 75 | ov_075 | 5.8060145945815856 × 10^290 |
| 74 | ov_074 | 6.978407693972909 × 10^290 |
| 73 | ov_073 | 8.322566419568639 × 10^290 |
| 63 | ov_063 | 8.924044452499422 × 10^290 |
| 72 | ov_072 | 9.855437433002755 × 10^290 |
| 71 | ov_071 | 1.1595056995370615 × 10^291 |
| 70 | ov_070 | 1.3560623200622842 × 10^291 |
| 69 | ov_069 | 1.577257586867801 × 10^291 |
| 68 | ov_068 | 1.8252684537893964 × 10^291 |
| 67 | ov_067 | 2.1024145014826834 × 10^291 |
| 66 | ov_066 | 2.1024159997962065 × 10^291 |
| 65 | ov_065 | 2.102422122321461 × 10^291 |
| 62 | ov_062 | 4.5770395339319895 × 10^291 |
| 61 | ov_061 | 1.668015345758873 × 10^292 |
| 60 | ov_060 | 4.773988968451304 × 10^292 |
| 59 | ov_059 | 1.1517691652119983 × 10^293 |
| 58 | ov_058 | 2.337423454196004 × 10^293 |
| 57 | ov_057 | 4.223069028478539 × 10^293 |
| 56 | ov_056 | 7.227318268130467 × 10^293 |
| 55 | ov_055 | 1.1851183867397733 × 10^294 |
| 54 | ov_054 | 1.8406985809870064 × 10^294 |
| 53 | ov_053 | 2.756059518651192 × 10^294 |
| 52 | ov_052 | 4.006037874083523 × 10^294 |
| 51 | ov_051 | 5.673729025870391 × 10^294 |
| 50 | ov_050 | 7.850502446569692 × 10^294 |
| 49 | ov_049 | 1.0636026272652473 × 10^295 |
| 48 | ov_048 | 1.4138304504256384 × 10^295 |
| 47 | ov_047 | 1.8473730805642876 × 10^295 |
| 32 | lv_80_m31 | 2.066355765636731 × 10^295 |
| 46 | ov_046 | 2.376716340045061 × 10^295 |
| 45 | ov_045 | 3.0152026082023545 × 10^295 |
| 44 | ov_044 | 3.777044088962762 × 10^295 |
| 43 | ov_043 | 4.67733985379166 × 10^295 |
| 42 | ov_042 | 5.732097323152487 × 10^295 |
| 41 | ov_041 | 6.958258905140882 × 10^295 |
| 40 | ov_040 | 8.365025940265979 × 10^295 |
| 39 | ov_039 | 9.971315291879552 × 10^295 |
| 31 | ov_031 | 1.05946071960746 × 10^296 |
| 38 | ov_038 | 1.1797097717523583 × 10^296 |
| 37 | ov_037 | 1.3863453483309917 × 10^296 |
| 36 | ov_036 | 1.619263761625052 × 10^296 |
| 35 | ov_035 | 1.8808155883920775 × 10^296 |
| 34 | ov_034 | 2.173485266230021 × 10^296 |
| 33 | ov_033 | 2.4999011928003572 × 10^296 |
| 30 | ov_030 | 5.4310683588294025 × 10^296 |
| 29 | ov_029 | 1.776349624777649 × 10^297 |
| 28 | ov_028 | 4.609435921996652 × 10^297 |
| 27 | ov_027 | 1.1103996730342996 × 10^298 |
| 26 | ov_026 | 2.4262521785681825 × 10^298 |
| 25 | ov_025 | 4.806100751666158 × 10^298 |
| 24 | ov_024 | 8.744898254016066 × 10^298 |
| 23 | ov_023 | 1.4834958681810189 × 10^299 |
| 22 | ov_022 | 2.3765977229223353 × 10^299 |
| 21 | ov_021 | 3.6325072908016007 × 10^299 |
| 20 | ov_020 | 5.339686631608014 × 10^299 |
| 19 | ov_019 | 7.596360857011969 × 10^299 |
| 18 | ov_018 | 1.0510538610779466 × 10^300 |
| 17 | ov_017 | 1.4200043395890889 × 10^300 |
| 16 | ov_016 | 1.8792559273106523 × 10^300 |
| 15 | ov_015 | 2.4425695114997782 × 10^300 |
| 14 | ov_014 | 3.124707280150331 × 10^300 |
| 13 | ov_013 | 3.941444567461488 × 10^300 |
| 12 | ov_012 | 4.9095854231270086 × 10^300 |
| 11 | ov_011 | 6.046982669666336 × 10^300 |
| 10 | ov_010 | 7.372563278586633 × 10^300 |
| 9 | ov_009 | 8.90635996310532 × 10^300 |
| 8 | ov_008 | 1.0669549952627468 × 10^301 |
| 7 | ov_007 | 1.2684501982351422 × 10^301 |
| 6 | ov_006 | 1.4974832600501415 × 10^301 |
| 5 | ov_005 | 1.756547296603664 × 10^301 |
| 4 | ov_004 | 2.0482747381591647 × 10^301 |
| 3 | ov_003 | 2.37544647931619 × 10^301 |
| 2 | ov_002 | 2.7410024390105803 × 10^301 |
| 1 | ov_001 | 3.148053651815763 × 10^301 |

