# Results for F001-F002-F003-F004-F005-F006-F007-F008-F009-F010-F011-F012-F013-F014-F015-F016-F017-F018-F019-F020-F021-F022-F023-F024-F025-F026-F027-F028-F029-F030-F031-F032-F033-F034-F035-F036-F037-F038-F039-F040-F041-F042-F043-F044-F045-F046-F047-F048-F049-F050-F051-F052-F053-F054-F055-F056-F057-F058-F059-F060-F061-F062-F063-F064-F065-F066-F067-F068-F069-F070-F071-F072-F073-F074-F075-F076-F077-F078-F079-F080-F081-F082-F083-F084-F085-F086-F087-F088-F089-F090-F091-F092-F093-F094-F095-F096-F097-F098-F099-F100-F101-F102-F103-F104-F105-F106-F107-F108-F109-F110-F111-F112-F113-F114-F115-F116-F117-F118-F119-F120-F121-F122-F123-F124-F125-F126-F127-F128-F129-F130-F131-F132-F133-F134-F135-F136-F137-F138-F139-F140-F141-F142-F143-F144-F145-F146-F147-F148-F149-F150-F151-F152-F153-F154-F155-F156-F157-F158-F159-F160-F161-F162-F163-F164-F165-F166-F167-F168-F169-F170-F171-F172-F173-F174-F175-F176-F177-F178-F179-F180-F181-F182-F183-F184-F185-F186-F187-F188-F189-F190-F191-F192-F193-F194-F195-F196-F197-F198-F199-F200-F201-F202-F203-F204-F205-F206-F207-F208-F209-F210-F211-F212-F213-F214-F215-F216-F217-F218-F219-F220-F221-F222-F223-F224-F225-F226-F227-F228-F229-F230-F231-F232-F233-F234-F235-F236-F237-F238-F239-F240-F241-F242-F243-F244-F245-F246-F247-F248-F249-F250-F251-F252-F253-F254-F255-F256-F257-F258-F259-F260-F261-F262-F263-F264-F265-F266-F267-F268-F269-F270-F271-F272-F273-F274-F275-F276-F277-F278-F279-F280-F281-F282-F283-F284-F285-F286-F287-F288-F289-F290-F291-F292-F293-F294-F295-F296-F297-F298-F299-F300-F301-F302-F303-F304-F305-F306-F307-F308-F309-F310-F311-F312-F313-F314-F315-F316-F317-F318-F319-F320-F321-F322-F323-F324-F325-F326-F327-F328-F329-F330-F331-F332-F333-F334-F335-F336-F337-F338-F339-F340-F341-F342-F343-F344-F345-F346-F347-F348-F349-F350-F351-F352-F353-F354-F355-F356-F357-F358-F359-F360-F361-F362-F363-F364-F365-F366-F367-F368-F369-F370-F371-F372-F373-F374-F375-F376-F377-F378-F379-F380-F381-F382-F383-F384-F385-F386-F387-F388-F389-F390-F391-F392-F393-F394-F395-F396-F397-F398-F399-F400-F401-F402-F403-F404-F405-F406-F407-F408-F409-F410-F411-F412-F413-F414-F415-F416-F417-F418-F419-F420-F421-F422-F423-F424-F425-F426-F427-F428-F429-F430-F431-F432-F433-F434-F435-F436-F437-F438-F439-F440-F441-F442-F443-F444-F445-F446-F447-F448-F449-F450-F451-F452-F453-F454-F455-F456-F457-F458-F459-F460-F461-F462-F463-F464-F465-F466-F467-F468-F469-F470-F471-F472-F473-F474-F475-F476-F477-F478-F479-F480-F481-F482-F483-F484-F485-F486-F487-F488-F489-F490-F491-F492-F493-F494-F495-F496-O499507

## Summary

Number of input bits: 512  
Number of free input bits: 15  
Number of output bits: 160

Number of direct occurrences: 61681  
Number of assignments: 32274  
Number of operations: 11497946
(xor: 11469223,
and: 14981,
or: 13742)

Total complexity: 9.989529366899228 × 10^303

Least occurring input variable: iv_502 (3924)  
Most occurring input variable: iv_499 (4466)

Most co-occurring input variables: iv_499-iv_512 (2220)  
Least co-occurring input variables: iv_498-iv_502 (1783)

Potentially most occurring input variable: iv_497/iv_499 (4645)  
Potentially least occurring input variable: iv_508/iv_509 (4167)

Least output occurring input variable: iv_503 (69)  
Most output occurring input variable: iv_497 (89)

Most output co-occurring input variables: iv_497-iv_502 (49)  
Least output co-occurring input variables: iv_499-iv_504 (28)

Potentially most output occurring input variable: iv_499/iv_504 (94)  
Potentially least output occurring input variable: iv_510/iv_512 (66)

Least complex input bit: iv_497 (7.042428120139979 × 10^300)  
Most complex input bit: iv_510 (2.4511848286798016 × 10^303)

Least complex output bit: aaa_76_29 (4.640531088156351 × 10^278)  
Most complex output bit: ov_001 (1.5542162965579355 × 10^303)

Least complex input/output complexity: iv_497/aaa_76_29 (3.271486115842935 × 10^275)  
Most complex input/output complexity: iv_510/ov_001 (3.8136645548420404 × 10^302)

## Input Bits

### Input Bits in Regular Order

| Input Bit | Complexity | Occurrences | Output Occurrences |
|:---------:|:----------:|:-----------:|:------------------:|
| iv_497 | 7.042428120139979 × 10^300 | 4151 | 89 |
| iv_498 | 1.4206087779006537 × 10^301 | 3980 | 83 |
| iv_499 | 9.734355990492251 × 10^302 | 4466 | 70 |
| iv_500 | 4.284053963482916 × 10^301 | 4163 | 76 |
| iv_501 | 7.305011866268293 × 10^301 | 4111 | 82 |
| iv_502 | 1.1873473832919117 × 10^302 | 3924 | 82 |
| iv_503 | 1.8734016702569938 × 10^302 | 4059 | 69 |
| iv_504 | 2.886091722417843 × 10^302 | 3972 | 80 |
| iv_505 | 4.361390594016943 × 10^302 | 3966 | 79 |
| iv_506 | 6.479722494650229 × 10^302 | 3970 | 77 |
| iv_508 | 1.3435721712318029 × 10^303 | 4020 | 75 |
| iv_509 | 1.842237232424972 × 10^303 | 4045 | 78 |
| iv_510 | 2.4511848286798016 × 10^303 | 4154 | 80 |
| iv_511 | 7.259110147267904 × 10^302 | 4284 | 83 |
| iv_512 | 8.372539601265687 × 10^302 | 4416 | 80 |

### Input Bits Sorted by Complexity

| Input Bit | Complexity | Occurrences | Output Occurrences |
|:---------:|:----------:|:-----------:|:------------------:|
| iv_497 | 7.042428120139979 × 10^300 | 4151 | 89 |
| iv_498 | 1.4206087779006537 × 10^301 | 3980 | 83 |
| iv_500 | 4.284053963482916 × 10^301 | 4163 | 76 |
| iv_501 | 7.305011866268293 × 10^301 | 4111 | 82 |
| iv_502 | 1.1873473832919117 × 10^302 | 3924 | 82 |
| iv_503 | 1.8734016702569938 × 10^302 | 4059 | 69 |
| iv_504 | 2.886091722417843 × 10^302 | 3972 | 80 |
| iv_505 | 4.361390594016943 × 10^302 | 3966 | 79 |
| iv_506 | 6.479722494650229 × 10^302 | 3970 | 77 |
| iv_511 | 7.259110147267904 × 10^302 | 4284 | 83 |
| iv_512 | 8.372539601265687 × 10^302 | 4416 | 80 |
| iv_499 | 9.734355990492251 × 10^302 | 4466 | 70 |
| iv_508 | 1.3435721712318029 × 10^303 | 4020 | 75 |
| iv_509 | 1.842237232424972 × 10^303 | 4045 | 78 |
| iv_510 | 2.4511848286798016 × 10^303 | 4154 | 80 |

### Input Bits Sorted by Occurrences

| Input Bit | Complexity | Occurrences | Output Occurrences |
|:---------:|:----------:|:-----------:|:------------------:|
| iv_502 | 1.1873473832919117 × 10^302 | 3924 | 82 |
| iv_505 | 4.361390594016943 × 10^302 | 3966 | 79 |
| iv_506 | 6.479722494650229 × 10^302 | 3970 | 77 |
| iv_504 | 2.886091722417843 × 10^302 | 3972 | 80 |
| iv_498 | 1.4206087779006537 × 10^301 | 3980 | 83 |
| iv_508 | 1.3435721712318029 × 10^303 | 4020 | 75 |
| iv_509 | 1.842237232424972 × 10^303 | 4045 | 78 |
| iv_503 | 1.8734016702569938 × 10^302 | 4059 | 69 |
| iv_501 | 7.305011866268293 × 10^301 | 4111 | 82 |
| iv_497 | 7.042428120139979 × 10^300 | 4151 | 89 |
| iv_510 | 2.4511848286798016 × 10^303 | 4154 | 80 |
| iv_500 | 4.284053963482916 × 10^301 | 4163 | 76 |
| iv_511 | 7.259110147267904 × 10^302 | 4284 | 83 |
| iv_512 | 8.372539601265687 × 10^302 | 4416 | 80 |
| iv_499 | 9.734355990492251 × 10^302 | 4466 | 70 |

### Input Bits Sorted by Output Occurrences

| Input Bit | Complexity | Occurrences | Output Occurrences |
|:---------:|:----------:|:-----------:|:------------------:|
| iv_503 | 1.8734016702569938 × 10^302 | 4059 | 69 |
| iv_499 | 9.734355990492251 × 10^302 | 4466 | 70 |
| iv_508 | 1.3435721712318029 × 10^303 | 4020 | 75 |
| iv_500 | 4.284053963482916 × 10^301 | 4163 | 76 |
| iv_506 | 6.479722494650229 × 10^302 | 3970 | 77 |
| iv_509 | 1.842237232424972 × 10^303 | 4045 | 78 |
| iv_505 | 4.361390594016943 × 10^302 | 3966 | 79 |
| iv_504 | 2.886091722417843 × 10^302 | 3972 | 80 |
| iv_510 | 2.4511848286798016 × 10^303 | 4154 | 80 |
| iv_512 | 8.372539601265687 × 10^302 | 4416 | 80 |
| iv_501 | 7.305011866268293 × 10^301 | 4111 | 82 |
| iv_502 | 1.1873473832919117 × 10^302 | 3924 | 82 |
| iv_498 | 1.4206087779006537 × 10^301 | 3980 | 83 |
| iv_511 | 7.259110147267904 × 10^302 | 4284 | 83 |
| iv_497 | 7.042428120139979 × 10^300 | 4151 | 89 |

## Input Bit Co-occurrences

### Input Bit Co-occurrences Sorted by Co-occurrences

| Input Bits | Co-occurrences | Potential Occurrences | Output Co-occurrences | Potential Output Occurrences |
|:----------:|:--------------:|:---------------------:|:---------------------:|:----------------------------:|
| iv_499-iv_512 | 2220 | 4442 | 39 | 72 |
| iv_511-iv_512 | 2188 | 4324 | 45 | 73 |
| iv_499-iv_511 | 2159 | 4432 | 36 | 81 |
| iv_510-iv_512 | 2117 | 4336 | 47 | 66 |
| iv_499-iv_503 | 2106 | 4313 | 32 | 75 |
| iv_500-iv_511 | 2097 | 4253 | 38 | 83 |
| iv_499-iv_510 | 2096 | 4428 | 38 | 74 |
| iv_497-iv_512 | 2091 | 4385 | 41 | 87 |
| iv_500-iv_512 | 2084 | 4411 | 39 | 78 |
| iv_503-iv_512 | 2079 | 4317 | 35 | 79 |
| iv_499-iv_501 | 2074 | 4429 | 35 | 82 |
| iv_499-iv_500 | 2064 | 4501 | 30 | 86 |
| iv_499-iv_509 | 2061 | 4389 | 33 | 82 |
| iv_501-iv_512 | 2058 | 4411 | 40 | 82 |
| iv_501-iv_511 | 2056 | 4283 | 39 | 87 |

### Input Bit Co-occurrences Sorted by Potential Occurrences

| Input Bits | Co-occurrences | Potential Occurrences | Output Co-occurrences | Potential Output Occurrences |
|:----------:|:--------------:|:---------------------:|:---------------------:|:----------------------------:|
| iv_508-iv_509 | 1949 | 4167 | 41 | 71 |
| iv_500-iv_503 | 2023 | 4176 | 39 | 67 |
| iv_501-iv_505 | 1946 | 4185 | 45 | 71 |
| iv_506-iv_508 | 1896 | 4198 | 37 | 78 |
| iv_502-iv_505 | 1845 | 4200 | 37 | 87 |
| iv_506-iv_509 | 1907 | 4201 | 39 | 77 |
| iv_504-iv_506 | 1870 | 4202 | 36 | 85 |
| iv_504-iv_505 | 1866 | 4206 | 42 | 75 |
| iv_503-iv_506 | 1910 | 4209 | 33 | 80 |
| iv_498-iv_508 | 1892 | 4216 | 37 | 84 |
| iv_497-iv_506 | 1952 | 4217 | 47 | 72 |
| iv_497-iv_503 | 1996 | 4218 | 34 | 90 |
| iv_498-iv_504 | 1863 | 4226 | 47 | 69 |
| iv_498-iv_503 | 1905 | 4229 | 39 | 74 |
| iv_500-iv_505 | 1947 | 4235 | 43 | 69 |

### Input Bit Output Co-occurrences Sorted by Output Co-occurrences

| Input Bits | Co-occurrences | Potential Occurrences | Output Co-occurrences | Potential Output Occurrences |
|:----------:|:--------------:|:---------------------:|:---------------------:|:----------------------------:|
| iv_497-iv_504 | 1934 | 4255 | 49 | 71 |
| iv_497-iv_502 | 1900 | 4275 | 49 | 73 |
| iv_497-iv_509 | 1943 | 4310 | 48 | 71 |
| iv_498-iv_504 | 1863 | 4226 | 47 | 69 |
| iv_502-iv_511 | 1951 | 4306 | 47 | 71 |
| iv_510-iv_512 | 2117 | 4336 | 47 | 66 |
| iv_497-iv_506 | 1952 | 4217 | 47 | 72 |
| iv_498-iv_501 | 1886 | 4319 | 46 | 73 |
| iv_498-iv_502 | 1783 | 4338 | 46 | 73 |
| iv_501-iv_505 | 1946 | 4185 | 45 | 71 |
| iv_498-iv_510 | 1948 | 4238 | 45 | 73 |
| iv_511-iv_512 | 2188 | 4324 | 45 | 73 |
| iv_497-iv_505 | 1911 | 4295 | 45 | 78 |
| iv_501-iv_504 | 1880 | 4323 | 44 | 74 |
| iv_497-iv_501 | 1996 | 4270 | 44 | 83 |

### Input Bit Output Co-occurrences Sorted by Potential Output Occurrences

| Input Bits | Co-occurrences | Potential Occurrences | Output Co-occurrences | Potential Output Occurrences |
|:----------:|:--------------:|:---------------------:|:---------------------:|:----------------------------:|
| iv_510-iv_512 | 2117 | 4336 | 47 | 66 |
| iv_500-iv_503 | 2023 | 4176 | 39 | 67 |
| iv_498-iv_504 | 1863 | 4226 | 47 | 69 |
| iv_500-iv_505 | 1947 | 4235 | 43 | 69 |
| iv_501-iv_505 | 1946 | 4185 | 45 | 71 |
| iv_508-iv_509 | 1949 | 4167 | 41 | 71 |
| iv_502-iv_511 | 1951 | 4306 | 47 | 71 |
| iv_499-iv_505 | 2049 | 4334 | 39 | 71 |
| iv_497-iv_504 | 1934 | 4255 | 49 | 71 |
| iv_497-iv_509 | 1943 | 4310 | 48 | 71 |
| iv_497-iv_506 | 1952 | 4217 | 47 | 72 |
| iv_499-iv_512 | 2220 | 4442 | 39 | 72 |
| iv_501-iv_503 | 1953 | 4264 | 39 | 73 |
| iv_504-iv_508 | 1870 | 4252 | 41 | 73 |
| iv_498-iv_501 | 1886 | 4319 | 46 | 73 |

## Output Bits

### Output Bits in Regular Order

| Rank | Output Bit | Complexity |
|:----:|:----------:|:----------:|
| 1 | ov_001 | 1.5542162965579355 × 10^303 |
| 2 | ov_002 | 1.3532431014554199 × 10^303 |
| 3 | ov_003 | 1.1727599648211577 × 10^303 |
| 4 | ov_004 | 1.0112303211488141 × 10^303 |
| 5 | ov_005 | 8.67202073736037 × 10^302 |
| 6 | ov_006 | 7.393016472025675 × 10^302 |
| 7 | ov_007 | 6.26228805786103 × 10^302 |
| 8 | ov_008 | 5.2675216749448305 × 10^302 |
| 9 | ov_009 | 4.3970534794853005 × 10^302 |
| 10 | ov_010 | 3.639836713668256 × 10^302 |
| 11 | ov_011 | 2.985413896464049 × 10^302 |
| 12 | ov_012 | 2.4238935390323464 × 10^302 |
| 13 | ov_013 | 1.9459308617199203 × 10^302 |
| 14 | ov_014 | 1.542712022419454 × 10^302 |
| 15 | ov_015 | 1.2059413983807597 × 10^302 |
| 16 | ov_016 | 9.278314955512495 × 10^301 |
| 17 | ov_017 | 7.010950912609545 × 10^301 |
| 18 | ov_018 | 5.189392476314325 × 10^301 |
| 19 | ov_019 | 3.7506086453358556 × 10^301 |
| 20 | ov_020 | 2.6364347228854605 × 10^301 |
| 21 | ov_021 | 1.7935499562789062 × 10^301 |
| 22 | ov_022 | 1.1734625172408397 × 10^301 |
| 23 | ov_023 | 7.324997638138224 × 10^300 |
| 24 | ov_024 | 4.3180210755107466 × 10^300 |
| 25 | ov_025 | 2.3731931299814413 × 10^300 |
| 26 | ov_026 | 1.1980846886491726 × 10^300 |
| 27 | ov_027 | 5.483303247853911 × 10^299 |
| 28 | ov_028 | 2.276245259040071 × 10^299 |
| 29 | ov_029 | 8.772047827029699 × 10^298 |
| 30 | ov_030 | 2.6819458354434406 × 10^298 |
| 31 | ov_031 | 5.231537985429158 × 10^297 |
| 32 | lv_80_m31 | 1.0202830863251926 × 10^297 |
| 33 | ov_033 | 1.2338756214121087 × 10^298 |
| 34 | ov_034 | 1.0728451353363391 × 10^298 |
| 35 | ov_035 | 9.283696330367514 × 10^297 |
| 36 | ov_036 | 7.992012479066532 × 10^297 |
| 37 | ov_037 | 6.841606839150618 × 10^297 |
| 38 | ov_038 | 5.821323752769128 × 10^297 |
| 39 | ov_039 | 4.9206027061872945 × 10^297 |
| 40 | ov_040 | 4.1294418486366547 × 10^297 |
| 41 | ov_041 | 3.438366649543961 × 10^297 |
| 42 | ov_042 | 2.838403183732151 × 10^297 |
| 43 | ov_043 | 2.3210555621243163 × 10^297 |
| 44 | ov_044 | 1.878287053007119 × 10^297 |
| 45 | ov_045 | 1.502504466079386 × 10^297 |
| 46 | ov_046 | 1.1865453983761095 × 10^297 |
| 47 | ov_047 | 9.236679677650375 × 10^296 |
| 48 | ov_048 | 7.075426861068129 × 10^296 |
| 49 | ov_049 | 5.3224615039020276 × 10^296 |
| 50 | ov_050 | 3.922562562342055 × 10^296 |
| 51 | ov_051 | 2.8244866411746945 × 10^296 |
| 52 | ov_052 | 1.9809427458058625 × 10^296 |
| 53 | ov_053 | 1.348574944723424 × 10^296 |
| 54 | ov_054 | 8.879510209561176 × 10^295 |
| 55 | ov_055 | 5.635554486692486 × 10^295 |
| 56 | ov_056 | 3.4378528846639723 × 10^295 |
| 57 | ov_057 | 2.0094789196800382 × 10^295 |
| 58 | ov_058 | 1.1125966643012776 × 10^295 |
| 59 | ov_059 | 5.4845460905582704 × 10^294 |
| 60 | ov_060 | 2.2744762497860816 × 10^294 |
| 61 | ov_061 | 7.951114484557208 × 10^293 |
| 62 | ov_062 | 2.1828977221904935 × 10^293 |
| 63 | ov_063 | 4.258308410747704 × 10^292 |
| 64 | lv_79_m31 | 8.305178172672374 × 10^291 |
| 65 | ov_065 | 1.0020260492750962 × 10^293 |
| 66 | ov_066 | 1.0020236669344447 × 10^293 |
| 67 | ov_067 | 1.0020231036663028 × 10^293 |
| 68 | ov_068 | 8.712058060440408 × 10^292 |
| 69 | ov_069 | 7.537436416239888 × 10^292 |
| 70 | ov_070 | 6.486641406445104 × 10^292 |
| 71 | ov_071 | 5.550404265544528 × 10^292 |
| 72 | ov_072 | 4.719886448006539 × 10^292 |
| 73 | ov_073 | 3.986659641999397 × 10^292 |
| 74 | ov_074 | 3.3426903363780835 × 10^292 |
| 75 | ov_075 | 2.780327831098255 × 10^292 |
| 76 | ov_076 | 2.292294641451232 × 10^292 |
| 77 | ov_077 | 1.871678411224047 × 10^292 |
| 78 | ov_078 | 1.5119248193250818 × 10^292 |
| 79 | ov_079 | 1.2068313125276066 × 10^292 |
| 80 | ov_080 | 9.505416111960446 × 10^291 |
| 81 | ov_081 | 7.375409355164987 × 10^291 |
| 82 | ov_082 | 5.6265190024340174 × 10^291 |
| 83 | ov_083 | 4.2103102632953814 × 10^291 |
| 84 | ov_084 | 3.081658180555976 × 10^291 |
| 85 | ov_085 | 2.1987235444280177 × 10^291 |
| 86 | ov_086 | 1.5229334383976204 × 10^291 |
| 87 | ov_087 | 1.018965906408661 × 10^291 |
| 88 | ov_088 | 6.547382313253807 × 10^290 |
| 89 | ov_089 | 4.013983148578402 × 10^290 |
| 90 | ov_090 | 2.333186492506808 × 10^290 |
| 91 | ov_091 | 1.2809237109143012 × 10^290 |
| 92 | ov_092 | 6.653089188496874 × 10^289 |
| 93 | ov_093 | 3.266262520701934 × 10^289 |
| 94 | ov_094 | 1.3732395474247912 × 10^289 |
| 95 | aaa_78_28 | 4.1666747203107223 × 10^288 |
| 96 | aaa_78_29 | 1.244750018881287 × 10^288 |
| 97 | ov_097 | 6.5886498439267464 × 10^287 |
| 98 | ov_098 | 6.588565169719048 × 10^287 |
| 99 | ov_099 | 6.5885380902541276 × 10^287 |
| 100 | ov_100 | 5.391443165031277 × 10^287 |
| 101 | ov_101 | 4.3831163621282824 × 10^287 |
| 102 | ov_102 | 3.542587462158776 × 10^287 |
| 103 | ov_103 | 2.8500512367153835 × 10^287 |
| 104 | ov_104 | 2.2867830947063898 × 10^287 |
| 105 | ov_105 | 1.8350653269194674 × 10^287 |
| 106 | ov_106 | 1.4781230041788334 × 10^287 |
| 107 | ov_107 | 1.2000686346143164 × 10^287 |
| 108 | ov_108 | 9.85854733738777 × 10^286 |
| 109 | ov_109 | 8.212335075803944 × 10^286 |
| 110 | ov_110 | 6.92722894340961 × 10^286 |
| 111 | ov_111 | 5.875782542140885 × 10^286 |
| 112 | ov_112 | 4.937690403246908 × 10^286 |
| 113 | ov_113 | 4.1061532971515393 × 10^286 |
| 114 | ov_114 | 3.3744916279737037 × 10^286 |
| 115 | ov_115 | 2.7361180774165635 × 10^286 |
| 116 | ov_116 | 2.184514821255737 × 10^286 |
| 117 | ov_117 | 1.713214905063549 × 10^286 |
| 118 | ov_118 | 1.3157873664070763 × 10^286 |
| 119 | ov_119 | 9.858256910787271 × 10^285 |
| 120 | ov_120 | 7.169391910775537 × 10^285 |
| 121 | ov_121 | 5.0274689213671766 × 10^285 |
| 122 | ov_122 | 3.368735186303476 × 10^285 |
| 123 | ov_123 | 2.129470303367363 × 10^285 |
| 124 | ov_124 | 1.2459708368494854 × 10^285 |
| 125 | ov_125 | 6.545407711604143 × 10^284 |
| 126 | ov_126 | 2.914866334894368 × 10^284 |
| 127 | aaa_77_28 | 9.311561825773567 × 10^283 |
| 128 | aaa_77_29 | 3.4929738763819185 × 10^283 |
| 129 | ov_129 | 3.2784732113606677 × 10^283 |
| 130 | ov_130 | 3.2784641604280877 × 10^283 |
| 131 | ov_131 | 3.278461968107041 × 10^283 |
| 132 | ov_132 | 2.851967403609608 × 10^283 |
| 133 | ov_133 | 2.469137932209877 × 10^283 |
| 134 | ov_134 | 2.126695844057213 × 10^283 |
| 135 | ov_135 | 1.821543065542221 × 10^283 |
| 136 | ov_136 | 1.550748416318067 × 10^283 |
| 137 | ov_137 | 1.3115365246253178 × 10^283 |
| 138 | ov_138 | 1.1012782494096374 × 10^283 |
| 139 | ov_139 | 9.174824657012392 × 10^282 |
| 140 | ov_140 | 7.577890774255646 × 10^282 |
| 141 | ov_141 | 6.199631292904378 × 10^282 |
| 142 | ov_142 | 5.018898966929516 × 10^282 |
| 143 | ov_143 | 4.0157083974965635 × 10^282 |
| 144 | ov_144 | 3.1712031460997956 × 10^282 |
| 145 | ov_145 | 2.4676294219309678 × 10^282 |
| 146 | ov_146 | 1.888315414151654 × 10^282 |
| 147 | ov_147 | 1.4176554086425423 × 10^282 |
| 148 | ov_148 | 1.0410978974759092 × 10^282 |
| 149 | ov_149 | 7.451369578934632 × 10^281 |
| 150 | ov_150 | 5.17306246029889 × 10^281 |
| 151 | ov_151 | 3.461750190363325 × 10^281 |
| 152 | ov_152 | 2.2134566764607496 × 10^281 |
| 153 | ov_153 | 1.3345230959704575 × 10^281 |
| 154 | ov_154 | 7.416006268918515 × 10^280 |
| 155 | ov_155 | 3.6164694498987137 × 10^280 |
| 156 | aaa_76_25 | 1.3192458898233505 × 10^280 |
| 157 | aaa_76_26 | 7.625675949364032 × 10^279 |
| 158 | aaa_76_27 | 3.9078038797499493 × 10^279 |
| 159 | aaa_76_28 | 1.5236731957712718 × 10^279 |
| 160 | aaa_76_29 | 4.640531088156351 × 10^278 |

### Output Bits Sorted by Complexity

| Rank | Output Bit | Complexity |
|:----:|:----------:|:----------:|
| 160 | aaa_76_29 | 4.640531088156351 × 10^278 |
| 159 | aaa_76_28 | 1.5236731957712718 × 10^279 |
| 158 | aaa_76_27 | 3.9078038797499493 × 10^279 |
| 157 | aaa_76_26 | 7.625675949364032 × 10^279 |
| 156 | aaa_76_25 | 1.3192458898233505 × 10^280 |
| 155 | ov_155 | 3.6164694498987137 × 10^280 |
| 154 | ov_154 | 7.416006268918515 × 10^280 |
| 153 | ov_153 | 1.3345230959704575 × 10^281 |
| 152 | ov_152 | 2.2134566764607496 × 10^281 |
| 151 | ov_151 | 3.461750190363325 × 10^281 |
| 150 | ov_150 | 5.17306246029889 × 10^281 |
| 149 | ov_149 | 7.451369578934632 × 10^281 |
| 148 | ov_148 | 1.0410978974759092 × 10^282 |
| 147 | ov_147 | 1.4176554086425423 × 10^282 |
| 146 | ov_146 | 1.888315414151654 × 10^282 |
| 145 | ov_145 | 2.4676294219309678 × 10^282 |
| 144 | ov_144 | 3.1712031460997956 × 10^282 |
| 143 | ov_143 | 4.0157083974965635 × 10^282 |
| 142 | ov_142 | 5.018898966929516 × 10^282 |
| 141 | ov_141 | 6.199631292904378 × 10^282 |
| 140 | ov_140 | 7.577890774255646 × 10^282 |
| 139 | ov_139 | 9.174824657012392 × 10^282 |
| 138 | ov_138 | 1.1012782494096374 × 10^283 |
| 137 | ov_137 | 1.3115365246253178 × 10^283 |
| 136 | ov_136 | 1.550748416318067 × 10^283 |
| 135 | ov_135 | 1.821543065542221 × 10^283 |
| 134 | ov_134 | 2.126695844057213 × 10^283 |
| 133 | ov_133 | 2.469137932209877 × 10^283 |
| 132 | ov_132 | 2.851967403609608 × 10^283 |
| 131 | ov_131 | 3.278461968107041 × 10^283 |
| 130 | ov_130 | 3.2784641604280877 × 10^283 |
| 129 | ov_129 | 3.2784732113606677 × 10^283 |
| 128 | aaa_77_29 | 3.4929738763819185 × 10^283 |
| 127 | aaa_77_28 | 9.311561825773567 × 10^283 |
| 126 | ov_126 | 2.914866334894368 × 10^284 |
| 125 | ov_125 | 6.545407711604143 × 10^284 |
| 124 | ov_124 | 1.2459708368494854 × 10^285 |
| 123 | ov_123 | 2.129470303367363 × 10^285 |
| 122 | ov_122 | 3.368735186303476 × 10^285 |
| 121 | ov_121 | 5.0274689213671766 × 10^285 |
| 120 | ov_120 | 7.169391910775537 × 10^285 |
| 119 | ov_119 | 9.858256910787271 × 10^285 |
| 118 | ov_118 | 1.3157873664070763 × 10^286 |
| 117 | ov_117 | 1.713214905063549 × 10^286 |
| 116 | ov_116 | 2.184514821255737 × 10^286 |
| 115 | ov_115 | 2.7361180774165635 × 10^286 |
| 114 | ov_114 | 3.3744916279737037 × 10^286 |
| 113 | ov_113 | 4.1061532971515393 × 10^286 |
| 112 | ov_112 | 4.937690403246908 × 10^286 |
| 111 | ov_111 | 5.875782542140885 × 10^286 |
| 110 | ov_110 | 6.92722894340961 × 10^286 |
| 109 | ov_109 | 8.212335075803944 × 10^286 |
| 108 | ov_108 | 9.85854733738777 × 10^286 |
| 107 | ov_107 | 1.2000686346143164 × 10^287 |
| 106 | ov_106 | 1.4781230041788334 × 10^287 |
| 105 | ov_105 | 1.8350653269194674 × 10^287 |
| 104 | ov_104 | 2.2867830947063898 × 10^287 |
| 103 | ov_103 | 2.8500512367153835 × 10^287 |
| 102 | ov_102 | 3.542587462158776 × 10^287 |
| 101 | ov_101 | 4.3831163621282824 × 10^287 |
| 100 | ov_100 | 5.391443165031277 × 10^287 |
| 99 | ov_099 | 6.5885380902541276 × 10^287 |
| 98 | ov_098 | 6.588565169719048 × 10^287 |
| 97 | ov_097 | 6.5886498439267464 × 10^287 |
| 96 | aaa_78_29 | 1.244750018881287 × 10^288 |
| 95 | aaa_78_28 | 4.1666747203107223 × 10^288 |
| 94 | ov_094 | 1.3732395474247912 × 10^289 |
| 93 | ov_093 | 3.266262520701934 × 10^289 |
| 92 | ov_092 | 6.653089188496874 × 10^289 |
| 91 | ov_091 | 1.2809237109143012 × 10^290 |
| 90 | ov_090 | 2.333186492506808 × 10^290 |
| 89 | ov_089 | 4.013983148578402 × 10^290 |
| 88 | ov_088 | 6.547382313253807 × 10^290 |
| 87 | ov_087 | 1.018965906408661 × 10^291 |
| 86 | ov_086 | 1.5229334383976204 × 10^291 |
| 85 | ov_085 | 2.1987235444280177 × 10^291 |
| 84 | ov_084 | 3.081658180555976 × 10^291 |
| 83 | ov_083 | 4.2103102632953814 × 10^291 |
| 82 | ov_082 | 5.6265190024340174 × 10^291 |
| 81 | ov_081 | 7.375409355164987 × 10^291 |
| 64 | lv_79_m31 | 8.305178172672374 × 10^291 |
| 80 | ov_080 | 9.505416111960446 × 10^291 |
| 79 | ov_079 | 1.2068313125276066 × 10^292 |
| 78 | ov_078 | 1.5119248193250818 × 10^292 |
| 77 | ov_077 | 1.871678411224047 × 10^292 |
| 76 | ov_076 | 2.292294641451232 × 10^292 |
| 75 | ov_075 | 2.780327831098255 × 10^292 |
| 74 | ov_074 | 3.3426903363780835 × 10^292 |
| 73 | ov_073 | 3.986659641999397 × 10^292 |
| 63 | ov_063 | 4.258308410747704 × 10^292 |
| 72 | ov_072 | 4.719886448006539 × 10^292 |
| 71 | ov_071 | 5.550404265544528 × 10^292 |
| 70 | ov_070 | 6.486641406445104 × 10^292 |
| 69 | ov_069 | 7.537436416239888 × 10^292 |
| 68 | ov_068 | 8.712058060440408 × 10^292 |
| 67 | ov_067 | 1.0020231036663028 × 10^293 |
| 66 | ov_066 | 1.0020236669344447 × 10^293 |
| 65 | ov_065 | 1.0020260492750962 × 10^293 |
| 62 | ov_062 | 2.1828977221904935 × 10^293 |
| 61 | ov_061 | 7.951114484557208 × 10^293 |
| 60 | ov_060 | 2.2744762497860816 × 10^294 |
| 59 | ov_059 | 5.4845460905582704 × 10^294 |
| 58 | ov_058 | 1.1125966643012776 × 10^295 |
| 57 | ov_057 | 2.0094789196800382 × 10^295 |
| 56 | ov_056 | 3.4378528846639723 × 10^295 |
| 55 | ov_055 | 5.635554486692486 × 10^295 |
| 54 | ov_054 | 8.879510209561176 × 10^295 |
| 53 | ov_053 | 1.348574944723424 × 10^296 |
| 52 | ov_052 | 1.9809427458058625 × 10^296 |
| 51 | ov_051 | 2.8244866411746945 × 10^296 |
| 50 | ov_050 | 3.922562562342055 × 10^296 |
| 49 | ov_049 | 5.3224615039020276 × 10^296 |
| 48 | ov_048 | 7.075426861068129 × 10^296 |
| 47 | ov_047 | 9.236679677650375 × 10^296 |
| 32 | lv_80_m31 | 1.0202830863251926 × 10^297 |
| 46 | ov_046 | 1.1865453983761095 × 10^297 |
| 45 | ov_045 | 1.502504466079386 × 10^297 |
| 44 | ov_044 | 1.878287053007119 × 10^297 |
| 43 | ov_043 | 2.3210555621243163 × 10^297 |
| 42 | ov_042 | 2.838403183732151 × 10^297 |
| 41 | ov_041 | 3.438366649543961 × 10^297 |
| 40 | ov_040 | 4.1294418486366547 × 10^297 |
| 39 | ov_039 | 4.9206027061872945 × 10^297 |
| 31 | ov_031 | 5.231537985429158 × 10^297 |
| 38 | ov_038 | 5.821323752769128 × 10^297 |
| 37 | ov_037 | 6.841606839150618 × 10^297 |
| 36 | ov_036 | 7.992012479066532 × 10^297 |
| 35 | ov_035 | 9.283696330367514 × 10^297 |
| 34 | ov_034 | 1.0728451353363391 × 10^298 |
| 33 | ov_033 | 1.2338756214121087 × 10^298 |
| 30 | ov_030 | 2.6819458354434406 × 10^298 |
| 29 | ov_029 | 8.772047827029699 × 10^298 |
| 28 | ov_028 | 2.276245259040071 × 10^299 |
| 27 | ov_027 | 5.483303247853911 × 10^299 |
| 26 | ov_026 | 1.1980846886491726 × 10^300 |
| 25 | ov_025 | 2.3731931299814413 × 10^300 |
| 24 | ov_024 | 4.3180210755107466 × 10^300 |
| 23 | ov_023 | 7.324997638138224 × 10^300 |
| 22 | ov_022 | 1.1734625172408397 × 10^301 |
| 21 | ov_021 | 1.7935499562789062 × 10^301 |
| 20 | ov_020 | 2.6364347228854605 × 10^301 |
| 19 | ov_019 | 3.7506086453358556 × 10^301 |
| 18 | ov_018 | 5.189392476314325 × 10^301 |
| 17 | ov_017 | 7.010950912609545 × 10^301 |
| 16 | ov_016 | 9.278314955512495 × 10^301 |
| 15 | ov_015 | 1.2059413983807597 × 10^302 |
| 14 | ov_014 | 1.542712022419454 × 10^302 |
| 13 | ov_013 | 1.9459308617199203 × 10^302 |
| 12 | ov_012 | 2.4238935390323464 × 10^302 |
| 11 | ov_011 | 2.985413896464049 × 10^302 |
| 10 | ov_010 | 3.639836713668256 × 10^302 |
| 9 | ov_009 | 4.3970534794853005 × 10^302 |
| 8 | ov_008 | 5.2675216749448305 × 10^302 |
| 7 | ov_007 | 6.26228805786103 × 10^302 |
| 6 | ov_006 | 7.393016472025675 × 10^302 |
| 5 | ov_005 | 8.67202073736037 × 10^302 |
| 4 | ov_004 | 1.0112303211488141 × 10^303 |
| 3 | ov_003 | 1.1727599648211577 × 10^303 |
| 2 | ov_002 | 1.3532431014554199 × 10^303 |
| 1 | ov_001 | 1.5542162965579355 × 10^303 |

