# Results for T001-T002-T003-T004-T005-T006-T007-T008-T009-T010-T011-T012-T013-T014-T015-T016-T017-T018-T019-T020-T021-T022-T023-T024-T025-T026-T027-T028-T029-T030-T031-T032-T033-T034-T035-T036-T037-T038-T039-T040-T041-T042-T043-T044-T045-T046-T047-T048-T049-T050-T051-T052-T053-T054-T055-T056-T057-T058-T059-T060-T061-T062-T063-T064-T065-T066-T067-T068-T069-T070-T071-T072-T073-T074-T075-T076-T077-T078-T079-T080-T081-T082-T083-T084-T085-T086-T087-T088-T089-T090-T091-T092-T093-T094-T095-T096-T097-T098-T099-T100-T101-T102-T103-T104-T105-T106-T107-T108-T109-T110-T111-T112-T113-T114-T115-T116-T117-T118-T119-T120-T121-T122-T123-T124-T125-T126-T127-T128-T129-T130-T131-T132-T133-T134-T135-T136-T137-T138-T139-T140-T141-T142-T143-T144-T145-T146-T147-T148-T149-T150-T151-T152-T153-T154-T155-T156-T157-T158-T159-T160-T161-T162-T163-T164-T165-T166-T167-T168-T169-T170-T171-T172-T173-T174-T175-T176-T177-T178-T179-T180-T181-T182-T183-T184-T185-T186-T187-T188-T189-T190-T191-T192-T193-T194-T195-T196-T197-T198-T199-T200-T201-T202-T203-T204-T205-T206-T207-T208-T209-T210-T211-T212-T213-T214-T215-T216-T217-T218-T219-T220-T221-T222-T223-T224-T225-T226-T227-T228-T229-T230-T231-T232-T233-T234-T235-T236-T237-T238-T239-T240-T241-T242-T243-T244-T245-T246-T247-T248-T249-T250-T251-T252-T253-T254-T255-T256-T257-T258-T259-T260-T261-T262-T263-T264-T265-T266-T267-T268-T269-T270-T271-T272-T273-T274-T275-T276-T277-T278-T279-T280-T281-T282-T283-T284-T285-T286-T287-T288-T289-T290-T291-T292-T293-T294-T295-T296-T297-T298-T299-T300-T301-T302-T303-T304-T305-T306-T307-T308-T309-T310-T311-T312-T313-T314-T315-T316-T317-T318-T319-T320-T321-T322-T323-T324-T325-T326-T327-T328-T329-T330-T331-T332-T333-T334-T335-T336-T337-T338-T339-T340-T341-T342-T343-T344-T345-T346-T347-T348-T349-T350-T351-T352-T353-T354-T355-T356-T357-T358-T359-T360-T361-T362-T363-T364-T365-T366-T367-T368-T369-T370-T371-T372-T373-T374-T375-T376-T377-T378-T379-T380-T381-T382-T383-T384-T385-T386-T387-T388-T389-T390-T391-T392-T393-T394-T395-T396-T397-T398-T399-T400-T401-T402-T403-T404-T405-T406-T407-T408-T409-T410-T411-T412-T413-T414-T415-T416-T417-T418-T419-T420-T421-T422-T423-T424-T425-T426-T427-T428-T429-T430-T431-T432-T433-T434-T435-T436-T437-T438-T439-T440-T441-T442-T443-T444-T445-T446-T447-T448-T449-T450-T451-T452-T453-T454-T455-T456-T457-T458-T459-T460-T461-T462-T463-T464-T465-T466-T467-T468-T469-T470-T471-T472-T473-T474-T475-T476-T477-T478-T479-T480-T481-T482-T483-T484-T485-T486-T487-T488-T489-T490-T491-T492-T493-T494-T495-T496-T497

## Summary

Number of input bits: 512  
Number of free input bits: 15  
Number of output bits: 160

Number of direct occurrences: 63794  
Number of assignments: 33033  
Number of operations: 12872370
(xor: 12840555,
and: 15470,
or: 16345)

Total complexity: 1.4232218121317574 × 10^313

Least occurring input variable: iv_498 (4142)  
Most occurring input variable: iv_511 (4457)

Most co-occurring input variables: iv_510-iv_511 (2190)  
Least co-occurring input variables: iv_498-iv_506 (1873)

Potentially most occurring input variable: iv_511/iv_512 (4707)  
Potentially least occurring input variable: iv_498/iv_510 (4330)

Least output occurring input variable: iv_502 (67)  
Most output occurring input variable: iv_511 (92)

Most output co-occurring input variables: iv_510-iv_511 (53)  
Least output co-occurring input variables: iv_502-iv_503 (27)

Potentially most output occurring input variable: iv_508/iv_510 (97)  
Potentially least output occurring input variable: iv_499/iv_503 (64)

Least complex input bit: iv_498 (1.5188774532340724 × 10^310)  
Most complex input bit: iv_512 (3.523475267408332 × 10^312)

Least complex output bit: aaa_76_29 (2.5808705130595437 × 10^287)  
Most complex output bit: ov_001 (2.215496734990242 × 10^312)

Least complex input/output complexity: iv_498/aaa_76_29 (2.754332457940079 × 10^284)  
Most complex input/output complexity: iv_512/ov_001 (5.484913092407939 × 10^311)

## Input Bits

### Input Bits in Regular Order

| Input Bit | Complexity | Occurrences | Output Occurrences |
|:---------:|:----------:|:-----------:|:------------------:|
| iv_498 | 1.5188774532340724 × 10^310 | 4142 | 80 |
| iv_499 | 2.652775325462724 × 10^310 | 4363 | 83 |
| iv_500 | 4.5785327559002075 × 10^310 | 4241 | 77 |
| iv_501 | 7.448313611737551 × 10^310 | 4153 | 71 |
| iv_502 | 1.1889119880625155 × 10^311 | 4144 | 67 |
| iv_503 | 1.8402165087642658 × 10^311 | 4283 | 77 |
| iv_504 | 2.765022020475346 × 10^311 | 4195 | 81 |
| iv_505 | 4.076932254227399 × 10^311 | 4289 | 76 |
| iv_506 | 5.898494240514291 × 10^311 | 4148 | 80 |
| iv_507 | 8.403994365367645 × 10^311 | 4254 | 72 |
| iv_508 | 1.1813818590357951 × 10^312 | 4196 | 87 |
| iv_509 | 1.6401878126996083 × 10^312 | 4269 | 83 |
| iv_510 | 2.2511978205435787 × 10^312 | 4350 | 88 |
| iv_511 | 3.056633232425774 × 10^312 | 4457 | 92 |
| iv_512 | 3.523475267408332 × 10^312 | 4310 | 79 |

### Input Bits Sorted by Complexity

| Input Bit | Complexity | Occurrences | Output Occurrences |
|:---------:|:----------:|:-----------:|:------------------:|
| iv_498 | 1.5188774532340724 × 10^310 | 4142 | 80 |
| iv_499 | 2.652775325462724 × 10^310 | 4363 | 83 |
| iv_500 | 4.5785327559002075 × 10^310 | 4241 | 77 |
| iv_501 | 7.448313611737551 × 10^310 | 4153 | 71 |
| iv_502 | 1.1889119880625155 × 10^311 | 4144 | 67 |
| iv_503 | 1.8402165087642658 × 10^311 | 4283 | 77 |
| iv_504 | 2.765022020475346 × 10^311 | 4195 | 81 |
| iv_505 | 4.076932254227399 × 10^311 | 4289 | 76 |
| iv_506 | 5.898494240514291 × 10^311 | 4148 | 80 |
| iv_507 | 8.403994365367645 × 10^311 | 4254 | 72 |
| iv_508 | 1.1813818590357951 × 10^312 | 4196 | 87 |
| iv_509 | 1.6401878126996083 × 10^312 | 4269 | 83 |
| iv_510 | 2.2511978205435787 × 10^312 | 4350 | 88 |
| iv_511 | 3.056633232425774 × 10^312 | 4457 | 92 |
| iv_512 | 3.523475267408332 × 10^312 | 4310 | 79 |

### Input Bits Sorted by Occurrences

| Input Bit | Complexity | Occurrences | Output Occurrences |
|:---------:|:----------:|:-----------:|:------------------:|
| iv_498 | 1.5188774532340724 × 10^310 | 4142 | 80 |
| iv_502 | 1.1889119880625155 × 10^311 | 4144 | 67 |
| iv_506 | 5.898494240514291 × 10^311 | 4148 | 80 |
| iv_501 | 7.448313611737551 × 10^310 | 4153 | 71 |
| iv_504 | 2.765022020475346 × 10^311 | 4195 | 81 |
| iv_508 | 1.1813818590357951 × 10^312 | 4196 | 87 |
| iv_500 | 4.5785327559002075 × 10^310 | 4241 | 77 |
| iv_507 | 8.403994365367645 × 10^311 | 4254 | 72 |
| iv_509 | 1.6401878126996083 × 10^312 | 4269 | 83 |
| iv_503 | 1.8402165087642658 × 10^311 | 4283 | 77 |
| iv_505 | 4.076932254227399 × 10^311 | 4289 | 76 |
| iv_512 | 3.523475267408332 × 10^312 | 4310 | 79 |
| iv_510 | 2.2511978205435787 × 10^312 | 4350 | 88 |
| iv_499 | 2.652775325462724 × 10^310 | 4363 | 83 |
| iv_511 | 3.056633232425774 × 10^312 | 4457 | 92 |

### Input Bits Sorted by Output Occurrences

| Input Bit | Complexity | Occurrences | Output Occurrences |
|:---------:|:----------:|:-----------:|:------------------:|
| iv_502 | 1.1889119880625155 × 10^311 | 4144 | 67 |
| iv_501 | 7.448313611737551 × 10^310 | 4153 | 71 |
| iv_507 | 8.403994365367645 × 10^311 | 4254 | 72 |
| iv_505 | 4.076932254227399 × 10^311 | 4289 | 76 |
| iv_500 | 4.5785327559002075 × 10^310 | 4241 | 77 |
| iv_503 | 1.8402165087642658 × 10^311 | 4283 | 77 |
| iv_512 | 3.523475267408332 × 10^312 | 4310 | 79 |
| iv_506 | 5.898494240514291 × 10^311 | 4148 | 80 |
| iv_498 | 1.5188774532340724 × 10^310 | 4142 | 80 |
| iv_504 | 2.765022020475346 × 10^311 | 4195 | 81 |
| iv_499 | 2.652775325462724 × 10^310 | 4363 | 83 |
| iv_509 | 1.6401878126996083 × 10^312 | 4269 | 83 |
| iv_508 | 1.1813818590357951 × 10^312 | 4196 | 87 |
| iv_510 | 2.2511978205435787 × 10^312 | 4350 | 88 |
| iv_511 | 3.056633232425774 × 10^312 | 4457 | 92 |

## Input Bit Co-occurrences

### Input Bit Co-occurrences Sorted by Co-occurrences

| Input Bits | Co-occurrences | Potential Occurrences | Output Co-occurrences | Potential Output Occurrences |
|:----------:|:--------------:|:---------------------:|:---------------------:|:----------------------------:|
| iv_510-iv_511 | 2190 | 4427 | 53 | 74 |
| iv_500-iv_511 | 2156 | 4386 | 46 | 77 |
| iv_509-iv_511 | 2141 | 4444 | 43 | 89 |
| iv_507-iv_511 | 2128 | 4455 | 41 | 82 |
| iv_505-iv_511 | 2127 | 4492 | 46 | 76 |
| iv_499-iv_510 | 2124 | 4465 | 46 | 79 |
| iv_506-iv_511 | 2108 | 4389 | 49 | 74 |
| iv_499-iv_511 | 2106 | 4608 | 47 | 81 |
| iv_505-iv_510 | 2090 | 4459 | 41 | 82 |
| iv_504-iv_511 | 2086 | 4480 | 47 | 79 |
| iv_508-iv_511 | 2085 | 4483 | 50 | 79 |
| iv_499-iv_506 | 2082 | 4347 | 43 | 77 |
| iv_498-iv_510 | 2081 | 4330 | 52 | 64 |
| iv_503-iv_505 | 2079 | 4414 | 41 | 71 |
| iv_499-iv_503 | 2078 | 4490 | 48 | 64 |

### Input Bit Co-occurrences Sorted by Potential Occurrences

| Input Bits | Co-occurrences | Potential Occurrences | Output Co-occurrences | Potential Output Occurrences |
|:----------:|:--------------:|:---------------------:|:---------------------:|:----------------------------:|
| iv_498-iv_510 | 2081 | 4330 | 52 | 64 |
| iv_498-iv_501 | 1979 | 4337 | 37 | 77 |
| iv_499-iv_506 | 2082 | 4347 | 43 | 77 |
| iv_498-iv_503 | 2031 | 4363 | 32 | 93 |
| iv_500-iv_511 | 2156 | 4386 | 46 | 77 |
| iv_506-iv_511 | 2108 | 4389 | 49 | 74 |
| iv_502-iv_504 | 1967 | 4405 | 35 | 78 |
| iv_504-iv_507 | 2022 | 4405 | 33 | 87 |
| iv_500-iv_503 | 2059 | 4406 | 39 | 76 |
| iv_506-iv_507 | 1997 | 4408 | 38 | 76 |
| iv_500-iv_504 | 2014 | 4408 | 38 | 82 |
| iv_502-iv_506 | 1941 | 4410 | 34 | 79 |
| iv_498-iv_504 | 1963 | 4411 | 39 | 83 |
| iv_503-iv_505 | 2079 | 4414 | 41 | 71 |
| iv_501-iv_507 | 1996 | 4415 | 30 | 83 |

### Input Bit Output Co-occurrences Sorted by Output Co-occurrences

| Input Bits | Co-occurrences | Potential Occurrences | Output Co-occurrences | Potential Output Occurrences |
|:----------:|:--------------:|:---------------------:|:---------------------:|:----------------------------:|
| iv_510-iv_511 | 2190 | 4427 | 53 | 74 |
| iv_498-iv_510 | 2081 | 4330 | 52 | 64 |
| iv_508-iv_511 | 2085 | 4483 | 50 | 79 |
| iv_509-iv_510 | 2059 | 4501 | 50 | 71 |
| iv_506-iv_511 | 2108 | 4389 | 49 | 74 |
| iv_499-iv_503 | 2078 | 4490 | 48 | 64 |
| iv_508-iv_509 | 1972 | 4521 | 48 | 74 |
| iv_500-iv_510 | 2076 | 4439 | 48 | 69 |
| iv_499-iv_511 | 2106 | 4608 | 47 | 81 |
| iv_504-iv_511 | 2086 | 4480 | 47 | 79 |
| iv_500-iv_511 | 2156 | 4386 | 46 | 77 |
| iv_505-iv_511 | 2127 | 4492 | 46 | 76 |
| iv_499-iv_510 | 2124 | 4465 | 46 | 79 |
| iv_498-iv_511 | 2059 | 4481 | 45 | 82 |
| iv_499-iv_500 | 2069 | 4466 | 44 | 72 |

### Input Bit Output Co-occurrences Sorted by Potential Output Occurrences

| Input Bits | Co-occurrences | Potential Occurrences | Output Co-occurrences | Potential Output Occurrences |
|:----------:|:--------------:|:---------------------:|:---------------------:|:----------------------------:|
| iv_499-iv_503 | 2078 | 4490 | 48 | 64 |
| iv_498-iv_510 | 2081 | 4330 | 52 | 64 |
| iv_500-iv_510 | 2076 | 4439 | 48 | 69 |
| iv_503-iv_505 | 2079 | 4414 | 41 | 71 |
| iv_509-iv_510 | 2059 | 4501 | 50 | 71 |
| iv_499-iv_500 | 2069 | 4466 | 44 | 72 |
| iv_501-iv_502 | 1934 | 4429 | 33 | 72 |
| iv_507-iv_512 | 2041 | 4482 | 39 | 73 |
| iv_499-iv_507 | 2065 | 4487 | 41 | 73 |
| iv_499-iv_502 | 1984 | 4539 | 38 | 74 |
| iv_506-iv_511 | 2108 | 4389 | 49 | 74 |
| iv_508-iv_509 | 1972 | 4521 | 48 | 74 |
| iv_507-iv_510 | 2045 | 4514 | 43 | 74 |
| iv_509-iv_512 | 1964 | 4651 | 44 | 74 |
| iv_510-iv_511 | 2190 | 4427 | 53 | 74 |

## Output Bits

### Output Bits in Regular Order

| Rank | Output Bit | Complexity |
|:----:|:----------:|:----------:|
| 1 | ov_001 | 2.215496734990242 × 10^312 |
| 2 | ov_002 | 1.9289354872682565 × 10^312 |
| 3 | ov_003 | 1.6715866082635769 × 10^312 |
| 4 | ov_004 | 1.4412614062697044 × 10^312 |
| 5 | ov_005 | 1.2358912560904574 × 10^312 |
| 6 | ov_006 | 1.053519133919476 × 10^312 |
| 7 | ov_007 | 8.922922483155142 × 10^311 |
| 8 | ov_008 | 7.504556668390751 × 10^311 |
| 9 | ov_009 | 6.263468433131111 × 10^311 |
| 10 | ov_010 | 5.183909558680564 × 10^311 |
| 11 | ov_011 | 4.250969709644779 × 10^311 |
| 12 | ov_012 | 3.4505435348599667 × 10^311 |
| 13 | ov_013 | 2.7693034778745875 × 10^311 |
| 14 | ov_014 | 2.1946775929146894 × 10^311 |
| 15 | ov_015 | 1.7148317086965976 × 10^311 |
| 16 | ov_016 | 1.3186553283950121 × 10^311 |
| 17 | ov_017 | 9.957506996620455 × 10^310 |
| 18 | ov_018 | 7.36424533928053 × 10^310 |
| 19 | ov_019 | 5.316818993794252 × 10^310 |
| 20 | ov_020 | 3.7322185706235066 × 10^310 |
| 21 | ov_021 | 2.5343445454770355 × 10^310 |
| 22 | ov_022 | 1.653987365390403 × 10^310 |
| 23 | ov_023 | 1.0288147673073934 × 10^310 |
| 24 | ov_024 | 6.033639019707657 × 10^309 |
| 25 | ov_025 | 3.29036578749839 × 10^309 |
| 26 | ov_026 | 1.640965856325995 × 10^309 |
| 27 | ov_027 | 7.366836430454503 × 10^308 |
| 28 | ov_028 | 2.973646890361089 × 10^308 |
| 29 | ov_029 | 1.1145391620784464 × 10^308 |
| 30 | ov_030 | 3.369500299015048 × 10^307 |
| 31 | ov_031 | 7.45941236922067 × 10^306 |
| 32 | lv_80_m31 | 1.4545971164777758 × 10^306 |
| 33 | ov_033 | 1.754454031856232 × 10^307 |
| 34 | ov_034 | 1.5244352002257928 × 10^307 |
| 35 | ov_035 | 1.3181482853460877 × 10^307 |
| 36 | ov_036 | 1.1338006818634523 × 10^307 |
| 37 | ov_037 | 9.69698291570125 × 10^306 |
| 38 | ov_038 | 8.242385799126384 × 10^306 |
| 39 | ov_039 | 6.95904527148141 × 10^306 |
| 40 | ov_040 | 5.832593924512067 × 10^306 |
| 41 | ov_041 | 4.849422136889023 × 10^306 |
| 42 | ov_042 | 3.9966396983010404 × 10^306 |
| 43 | ov_043 | 3.262043370651072 × 10^306 |
| 44 | ov_044 | 2.634089737087621 × 10^306 |
| 45 | ov_045 | 2.101872728667064 × 10^306 |
| 46 | ov_046 | 1.6551052567868637 × 10^306 |
| 47 | ov_047 | 1.2841044173157367 × 10^306 |
| 48 | ov_048 | 9.79779769709991 × 10^305 |
| 49 | ov_049 | 7.336242314564489 × 10^305 |
| 50 | ov_050 | 5.377071650113327 × 10^305 |
| 51 | ov_051 | 3.846692710814657 × 10^305 |
| 52 | ov_052 | 2.67718938672383 × 10^305 |
| 53 | ov_053 | 1.806297388458845 × 10^305 |
| 54 | ov_054 | 1.1773878561313976 × 10^305 |
| 55 | ov_055 | 7.394572385464749 × 10^304 |
| 56 | ov_056 | 4.471214061417795 × 10^304 |
| 57 | ov_057 | 2.606123845890191 × 10^304 |
| 58 | ov_058 | 1.4577661450657176 × 10^304 |
| 59 | ov_059 | 7.407409138988116 × 10^303 |
| 60 | ov_060 | 3.263813438031575 × 10^303 |
| 61 | ov_061 | 1.1408602417824371 × 10^303 |
| 62 | ov_062 | 3.131864710218353 × 10^302 |
| 63 | ov_063 | 6.109060273904248 × 10^301 |
| 64 | lv_79_m31 | 1.1914004900066015 × 10^301 |
| 65 | ov_065 | 1.439171943197141 × 10^302 |
| 66 | ov_066 | 1.4391679369874489 × 10^302 |
| 67 | ov_067 | 1.439166965907667 × 10^302 |
| 68 | ov_068 | 1.2510637412534137 × 10^302 |
| 69 | ov_069 | 1.0823142640283803 × 10^302 |
| 70 | ov_070 | 9.314569890554331 × 10^301 |
| 71 | ov_071 | 7.971111577105405 × 10^301 |
| 72 | ov_072 | 6.779711086949552 × 10^301 |
| 73 | ov_073 | 5.728013095878946 × 10^301 |
| 74 | ov_074 | 4.804320445524088 × 10^301 |
| 75 | ov_075 | 3.9975569701970854 × 10^301 |
| 76 | ov_076 | 3.297235694923909 × 10^301 |
| 77 | ov_077 | 2.693431858083266 × 10^301 |
| 78 | ov_078 | 2.17676024315022 × 10^301 |
| 79 | ov_079 | 1.7383563343707804 × 10^301 |
| 80 | ov_080 | 1.369860840923699 × 10^301 |
| 81 | ov_081 | 1.0634071633898556 × 10^301 |
| 82 | ov_082 | 8.116114052583356 × 10^300 |
| 83 | ov_083 | 6.0756456084304064 × 10^300 |
| 84 | ov_084 | 4.448265394382518 × 10^300 |
| 85 | ov_085 | 3.174217138641055 × 10^300 |
| 86 | ov_086 | 2.1983570978779466 × 10^300 |
| 87 | ov_087 | 1.4701318038570868 × 10^300 |
| 88 | ov_088 | 9.435633905783637 × 10^299 |
| 89 | ov_089 | 5.772405103276067 × 10^299 |
| 90 | ov_090 | 3.343131281805833 × 10^299 |
| 91 | ov_091 | 1.8248976562009398 × 10^299 |
| 92 | ov_092 | 9.403610305737105 × 10^298 |
| 93 | ov_093 | 4.5774277949068523 × 10^298 |
| 94 | ov_094 | 1.9082558802282086 × 10^298 |
| 95 | aaa_78_28 | 5.78908898864306 × 10^297 |
| 96 | aaa_78_29 | 2.052892704867091 × 10^297 |
| 97 | ov_097 | 1.1795877765265271 × 10^297 |
| 98 | ov_098 | 1.1795831083982031 × 10^297 |
| 99 | ov_099 | 1.1795816156592245 × 10^297 |
| 100 | ov_100 | 1.0272851318113412 × 10^297 |
| 101 | ov_101 | 8.904556271096826 × 10^296 |
| 102 | ov_102 | 7.679379034325148 × 10^296 |
| 103 | ov_103 | 6.586408687701519 × 10^296 |
| 104 | ov_104 | 5.615328905881194 × 10^296 |
| 105 | ov_105 | 4.7563773475312235 × 10^296 |
| 106 | ov_106 | 4.000310377397008 × 10^296 |
| 107 | ov_107 | 3.3383726261293665 × 10^296 |
| 108 | ov_108 | 2.762270919500909 × 10^296 |
| 109 | ov_109 | 2.2641521344096795 × 10^296 |
| 110 | ov_110 | 1.83658456410051 × 10^296 |
| 111 | ov_111 | 1.4725423994759958 × 10^296 |
| 112 | ov_112 | 1.1653929573457245 × 10^296 |
| 113 | ov_113 | 9.088863100811326 × 10^295 |
| 114 | ov_114 | 6.971469944933964 × 10^295 |
| 115 | ov_115 | 5.246675009062394 × 10^295 |
| 116 | ov_116 | 3.863032664130527 × 10^295 |
| 117 | ov_117 | 2.7726891923379003 × 10^295 |
| 118 | ov_118 | 1.9313554395573065 × 10^295 |
| 119 | ov_119 | 1.2982876027739684 × 10^295 |
| 120 | ov_120 | 8.362743069223544 × 10^294 |
| 121 | ov_121 | 5.116283535712208 × 10^294 |
| 122 | ov_122 | 2.941817519489348 × 10^294 |
| 123 | ov_123 | 1.5728287082155652 × 10^294 |
| 124 | ov_124 | 7.779485167832757 × 10^293 |
| 125 | ov_125 | 3.609477104861817 × 10^293 |
| 126 | ov_126 | 1.60732543211963 × 10^293 |
| 127 | aaa_77_28 | 5.134334362101624 × 10^292 |
| 128 | aaa_77_29 | 1.9258474191433945 × 10^292 |
| 129 | ov_129 | 1.8044237037349682 × 10^292 |
| 130 | ov_130 | 1.804418668668078 × 10^292 |
| 131 | ov_131 | 1.8044174490582875 × 10^292 |
| 132 | ov_132 | 1.5690657353255438 × 10^292 |
| 133 | ov_133 | 1.3578578683374286 × 10^292 |
| 134 | ov_134 | 1.1689790196205092 × 10^292 |
| 135 | ov_135 | 1.0007139830268996 × 10^292 |
| 136 | ov_136 | 8.514400851458808 × 10^291 |
| 137 | ov_137 | 7.196210181573005 × 10^291 |
| 138 | ov_138 | 6.038015108929421 × 10^291 |
| 139 | ov_139 | 5.0260275829532085 × 10^291 |
| 140 | ov_140 | 4.147185337352235 × 10^291 |
| 141 | ov_141 | 3.3891191279917595 × 10^291 |
| 142 | ov_142 | 2.7401254121140715 × 10^291 |
| 143 | ov_143 | 2.1891438353352844 × 10^291 |
| 144 | ov_144 | 1.7257389320738226 × 10^291 |
| 145 | ov_145 | 1.3400854838742569 × 10^291 |
| 146 | ov_146 | 1.022957018607969 × 10^291 |
| 147 | ov_147 | 7.657169718538657 × 10^290 |
| 148 | ov_148 | 5.6031206995928515 × 10^290 |
| 149 | ov_149 | 3.992675324034451 × 10^290 |
| 150 | ov_150 | 2.7568372916543853 × 10^290 |
| 151 | ov_151 | 1.8323396685439326 × 10^290 |
| 152 | ov_152 | 1.1616311540098149 × 10^290 |
| 153 | ov_153 | 6.928682514256471 × 10^289 |
| 154 | ov_154 | 3.79911221624531 × 10^289 |
| 155 | ov_155 | 1.8232213272541664 × 10^289 |
| 156 | aaa_76_25 | 6.536394981751033 × 10^288 |
| 157 | aaa_76_26 | 3.7106184174210744 × 10^288 |
| 158 | aaa_76_27 | 1.9091626155363205 × 10^288 |
| 159 | aaa_76_28 | 8.470237496256479 × 10^287 |
| 160 | aaa_76_29 | 2.5808705130595437 × 10^287 |

### Output Bits Sorted by Complexity

| Rank | Output Bit | Complexity |
|:----:|:----------:|:----------:|
| 160 | aaa_76_29 | 2.5808705130595437 × 10^287 |
| 159 | aaa_76_28 | 8.470237496256479 × 10^287 |
| 158 | aaa_76_27 | 1.9091626155363205 × 10^288 |
| 157 | aaa_76_26 | 3.7106184174210744 × 10^288 |
| 156 | aaa_76_25 | 6.536394981751033 × 10^288 |
| 155 | ov_155 | 1.8232213272541664 × 10^289 |
| 154 | ov_154 | 3.79911221624531 × 10^289 |
| 153 | ov_153 | 6.928682514256471 × 10^289 |
| 152 | ov_152 | 1.1616311540098149 × 10^290 |
| 151 | ov_151 | 1.8323396685439326 × 10^290 |
| 150 | ov_150 | 2.7568372916543853 × 10^290 |
| 149 | ov_149 | 3.992675324034451 × 10^290 |
| 148 | ov_148 | 5.6031206995928515 × 10^290 |
| 147 | ov_147 | 7.657169718538657 × 10^290 |
| 146 | ov_146 | 1.022957018607969 × 10^291 |
| 145 | ov_145 | 1.3400854838742569 × 10^291 |
| 144 | ov_144 | 1.7257389320738226 × 10^291 |
| 143 | ov_143 | 2.1891438353352844 × 10^291 |
| 142 | ov_142 | 2.7401254121140715 × 10^291 |
| 141 | ov_141 | 3.3891191279917595 × 10^291 |
| 140 | ov_140 | 4.147185337352235 × 10^291 |
| 139 | ov_139 | 5.0260275829532085 × 10^291 |
| 138 | ov_138 | 6.038015108929421 × 10^291 |
| 137 | ov_137 | 7.196210181573005 × 10^291 |
| 136 | ov_136 | 8.514400851458808 × 10^291 |
| 135 | ov_135 | 1.0007139830268996 × 10^292 |
| 134 | ov_134 | 1.1689790196205092 × 10^292 |
| 133 | ov_133 | 1.3578578683374286 × 10^292 |
| 132 | ov_132 | 1.5690657353255438 × 10^292 |
| 131 | ov_131 | 1.8044174490582875 × 10^292 |
| 130 | ov_130 | 1.804418668668078 × 10^292 |
| 129 | ov_129 | 1.8044237037349682 × 10^292 |
| 128 | aaa_77_29 | 1.9258474191433945 × 10^292 |
| 127 | aaa_77_28 | 5.134334362101624 × 10^292 |
| 126 | ov_126 | 1.60732543211963 × 10^293 |
| 125 | ov_125 | 3.609477104861817 × 10^293 |
| 124 | ov_124 | 7.779485167832757 × 10^293 |
| 123 | ov_123 | 1.5728287082155652 × 10^294 |
| 122 | ov_122 | 2.941817519489348 × 10^294 |
| 121 | ov_121 | 5.116283535712208 × 10^294 |
| 120 | ov_120 | 8.362743069223544 × 10^294 |
| 119 | ov_119 | 1.2982876027739684 × 10^295 |
| 118 | ov_118 | 1.9313554395573065 × 10^295 |
| 117 | ov_117 | 2.7726891923379003 × 10^295 |
| 116 | ov_116 | 3.863032664130527 × 10^295 |
| 115 | ov_115 | 5.246675009062394 × 10^295 |
| 114 | ov_114 | 6.971469944933964 × 10^295 |
| 113 | ov_113 | 9.088863100811326 × 10^295 |
| 112 | ov_112 | 1.1653929573457245 × 10^296 |
| 111 | ov_111 | 1.4725423994759958 × 10^296 |
| 110 | ov_110 | 1.83658456410051 × 10^296 |
| 109 | ov_109 | 2.2641521344096795 × 10^296 |
| 108 | ov_108 | 2.762270919500909 × 10^296 |
| 107 | ov_107 | 3.3383726261293665 × 10^296 |
| 106 | ov_106 | 4.000310377397008 × 10^296 |
| 105 | ov_105 | 4.7563773475312235 × 10^296 |
| 104 | ov_104 | 5.615328905881194 × 10^296 |
| 103 | ov_103 | 6.586408687701519 × 10^296 |
| 102 | ov_102 | 7.679379034325148 × 10^296 |
| 101 | ov_101 | 8.904556271096826 × 10^296 |
| 100 | ov_100 | 1.0272851318113412 × 10^297 |
| 99 | ov_099 | 1.1795816156592245 × 10^297 |
| 98 | ov_098 | 1.1795831083982031 × 10^297 |
| 97 | ov_097 | 1.1795877765265271 × 10^297 |
| 96 | aaa_78_29 | 2.052892704867091 × 10^297 |
| 95 | aaa_78_28 | 5.78908898864306 × 10^297 |
| 94 | ov_094 | 1.9082558802282086 × 10^298 |
| 93 | ov_093 | 4.5774277949068523 × 10^298 |
| 92 | ov_092 | 9.403610305737105 × 10^298 |
| 91 | ov_091 | 1.8248976562009398 × 10^299 |
| 90 | ov_090 | 3.343131281805833 × 10^299 |
| 89 | ov_089 | 5.772405103276067 × 10^299 |
| 88 | ov_088 | 9.435633905783637 × 10^299 |
| 87 | ov_087 | 1.4701318038570868 × 10^300 |
| 86 | ov_086 | 2.1983570978779466 × 10^300 |
| 85 | ov_085 | 3.174217138641055 × 10^300 |
| 84 | ov_084 | 4.448265394382518 × 10^300 |
| 83 | ov_083 | 6.0756456084304064 × 10^300 |
| 82 | ov_082 | 8.116114052583356 × 10^300 |
| 81 | ov_081 | 1.0634071633898556 × 10^301 |
| 64 | lv_79_m31 | 1.1914004900066015 × 10^301 |
| 80 | ov_080 | 1.369860840923699 × 10^301 |
| 79 | ov_079 | 1.7383563343707804 × 10^301 |
| 78 | ov_078 | 2.17676024315022 × 10^301 |
| 77 | ov_077 | 2.693431858083266 × 10^301 |
| 76 | ov_076 | 3.297235694923909 × 10^301 |
| 75 | ov_075 | 3.9975569701970854 × 10^301 |
| 74 | ov_074 | 4.804320445524088 × 10^301 |
| 73 | ov_073 | 5.728013095878946 × 10^301 |
| 63 | ov_063 | 6.109060273904248 × 10^301 |
| 72 | ov_072 | 6.779711086949552 × 10^301 |
| 71 | ov_071 | 7.971111577105405 × 10^301 |
| 70 | ov_070 | 9.314569890554331 × 10^301 |
| 69 | ov_069 | 1.0823142640283803 × 10^302 |
| 68 | ov_068 | 1.2510637412534137 × 10^302 |
| 67 | ov_067 | 1.439166965907667 × 10^302 |
| 66 | ov_066 | 1.4391679369874489 × 10^302 |
| 65 | ov_065 | 1.439171943197141 × 10^302 |
| 62 | ov_062 | 3.131864710218353 × 10^302 |
| 61 | ov_061 | 1.1408602417824371 × 10^303 |
| 60 | ov_060 | 3.263813438031575 × 10^303 |
| 59 | ov_059 | 7.407409138988116 × 10^303 |
| 58 | ov_058 | 1.4577661450657176 × 10^304 |
| 57 | ov_057 | 2.606123845890191 × 10^304 |
| 56 | ov_056 | 4.471214061417795 × 10^304 |
| 55 | ov_055 | 7.394572385464749 × 10^304 |
| 54 | ov_054 | 1.1773878561313976 × 10^305 |
| 53 | ov_053 | 1.806297388458845 × 10^305 |
| 52 | ov_052 | 2.67718938672383 × 10^305 |
| 51 | ov_051 | 3.846692710814657 × 10^305 |
| 50 | ov_050 | 5.377071650113327 × 10^305 |
| 49 | ov_049 | 7.336242314564489 × 10^305 |
| 48 | ov_048 | 9.79779769709991 × 10^305 |
| 47 | ov_047 | 1.2841044173157367 × 10^306 |
| 32 | lv_80_m31 | 1.4545971164777758 × 10^306 |
| 46 | ov_046 | 1.6551052567868637 × 10^306 |
| 45 | ov_045 | 2.101872728667064 × 10^306 |
| 44 | ov_044 | 2.634089737087621 × 10^306 |
| 43 | ov_043 | 3.262043370651072 × 10^306 |
| 42 | ov_042 | 3.9966396983010404 × 10^306 |
| 41 | ov_041 | 4.849422136889023 × 10^306 |
| 40 | ov_040 | 5.832593924512067 × 10^306 |
| 39 | ov_039 | 6.95904527148141 × 10^306 |
| 31 | ov_031 | 7.45941236922067 × 10^306 |
| 38 | ov_038 | 8.242385799126384 × 10^306 |
| 37 | ov_037 | 9.69698291570125 × 10^306 |
| 36 | ov_036 | 1.1338006818634523 × 10^307 |
| 35 | ov_035 | 1.3181482853460877 × 10^307 |
| 34 | ov_034 | 1.5244352002257928 × 10^307 |
| 33 | ov_033 | 1.754454031856232 × 10^307 |
| 30 | ov_030 | 3.369500299015048 × 10^307 |
| 29 | ov_029 | 1.1145391620784464 × 10^308 |
| 28 | ov_028 | 2.973646890361089 × 10^308 |
| 27 | ov_027 | 7.366836430454503 × 10^308 |
| 26 | ov_026 | 1.640965856325995 × 10^309 |
| 25 | ov_025 | 3.29036578749839 × 10^309 |
| 24 | ov_024 | 6.033639019707657 × 10^309 |
| 23 | ov_023 | 1.0288147673073934 × 10^310 |
| 22 | ov_022 | 1.653987365390403 × 10^310 |
| 21 | ov_021 | 2.5343445454770355 × 10^310 |
| 20 | ov_020 | 3.7322185706235066 × 10^310 |
| 19 | ov_019 | 5.316818993794252 × 10^310 |
| 18 | ov_018 | 7.36424533928053 × 10^310 |
| 17 | ov_017 | 9.957506996620455 × 10^310 |
| 16 | ov_016 | 1.3186553283950121 × 10^311 |
| 15 | ov_015 | 1.7148317086965976 × 10^311 |
| 14 | ov_014 | 2.1946775929146894 × 10^311 |
| 13 | ov_013 | 2.7693034778745875 × 10^311 |
| 12 | ov_012 | 3.4505435348599667 × 10^311 |
| 11 | ov_011 | 4.250969709644779 × 10^311 |
| 10 | ov_010 | 5.183909558680564 × 10^311 |
| 9 | ov_009 | 6.263468433131111 × 10^311 |
| 8 | ov_008 | 7.504556668390751 × 10^311 |
| 7 | ov_007 | 8.922922483155142 × 10^311 |
| 6 | ov_006 | 1.053519133919476 × 10^312 |
| 5 | ov_005 | 1.2358912560904574 × 10^312 |
| 4 | ov_004 | 1.4412614062697044 × 10^312 |
| 3 | ov_003 | 1.6715866082635769 × 10^312 |
| 2 | ov_002 | 1.9289354872682565 × 10^312 |
| 1 | ov_001 | 2.215496734990242 × 10^312 |

