# Results for T014-F017-F018-F019-F020-F021-F022-F023-F024-F025-F026-F027-F028-F029-F030-F031-F032-F033-F034-F035-F036-F037-F038-F039-F040-F041-F042-F043-F044-F045-F046-F047-F048-F049-F050-F051-F052-F053-F054-F055-F056-F057-F058-F059-F060-F061-F062-F063-F064-F065-F066-F067-F068-F069-F070-F071-F072-F073-F074-F075-F076-F077-F078-F079-F080-F081-F082-F083-F084-F085-F086-F087-F088-F089-F090-F091-F092-F093-F094-F095-F096-F097-F098-F099-F100-F101-F102-F103-F104-F105-F106-F107-F108-F109-F110-F111-F112-F113-F114-F115-F116-F117-F118-F119-F120-F121-F122-F123-F124-F125-F126-F127-F128-F129-F130-F131-F132-F133-F134-F135-F136-F137-F138-F139-F140-F141-F142-F143-F144-F145-F146-F147-F148-F149-F150-F151-F152-F153-F154-F155-F156-F157-F158-F159-F160-F161-F162-F163-F164-F165-F166-F167-F168-F169-F170-F171-F172-F173-F174-F175-F176-F177-F178-F179-F180-F181-F182-F183-F184-F185-F186-F187-F188-F189-F190-F191-F192-F193-F194-F195-F196-F197-F198-F199-F200-F201-F202-F203-F204-F205-F206-F207-F208-F209-F210-F211-F212-F213-F214-F215-F216-F217-F218-F219-F220-F221-F222-F223-F224-F225-F226-F227-F228-F229-F230-F231-F232-F233-F234-F235-F236-F237-F238-F239-F240-F241-F242-F243-F244-F245-F246-F247-F248-F249-F250-F251-F252-F253-F254-F255-F256-F257-F258-F259-F260-F261-F262-F263-F264-F265-F266-F267-F268-F269-F270-F271-F272-F273-F274-F275-F276-F277-F278-F279-F280-F281-F282-F283-F284-F285-F286-F287-F288-F289-F290-F291-F292-F293-F294-F295-F296-F297-F298-F299-F300-F301-F302-F303-F304-F305-F306-F307-F308-F309-F310-F311-F312-F313-F314-F315-F316-F317-F318-F319-F320-F321-F322-F323-F324-F325-F326-F327-F328-F329-F330-F331-F332-F333-F334-F335-F336-F337-F338-F339-F340-F341-F342-F343-F344-F345-F346-F347-F348-F349-F350-F351-F352-F353-F354-F355-F356-F357-F358-F359-F360-F361-F362-F363-F364-F365-F366-F367-F368-F369-F370-F371-F372-F373-F374-F375-F376-F377-F378-F379-F380-F381-F382-F383-F384-F385-F386-F387-F388-F389-F390-F391-F392-F393-F394-F395-F396-F397-F398-F399-F400-F401-F402-F403-F404-F405-F406-F407-F408-F409-F410-F411-F412-F413-F414-F415-F416-F417-F418-F419-F420-F421-F422-F423-F424-F425-F426-F427-F428-F429-F430-F431-F432-F433-F434-F435-F436-F437-F438-F439-F440-F441-F442-F443-F444-F445-F446-F447-F448-F449-F450-F451-F452-F453-F454-F455-F456-F457-F458-F459-F460-F461-F462-F463-F464-F465-F466-F467-F468-F469-F470-F471-F472-F473-F474-F475-F476-F477-F478-F479-F480-F481-F482-F483-F484-F485-F486-F487-F488-F489-F490-F491-F492-F493-F494-F495-F496-F497-F498-F499-F500-F501-F502-F503-F504-F505-F506-F507-F508-F509-F510-F511-F512

## Summary

Number of input bits: 512  
Number of free input bits: 15  
Number of output bits: 160

Number of direct occurrences: 68474  
Number of assignments: 39274  
Number of operations: 19650503
(xor: 19612464,
and: 21347,
or: 16692)

Total complexity: 3.707565915973607 × 10^359

Least occurring input variable: iv_012 (4344)  
Most occurring input variable: iv_015 (4863)

Most co-occurring input variables: iv_005-iv_015 (2366)  
Least co-occurring input variables: iv_006-iv_012 (1957)

Potentially most occurring input variable: iv_015/iv_016 (5234)  
Potentially least occurring input variable: iv_002/iv_007 (4540)

Least output occurring input variable: iv_010 (70)  
Most output occurring input variable: iv_013 (91)

Most output co-occurring input variables: iv_003-iv_013 (51)  
Least output co-occurring input variables: iv_005-iv_010 (29)

Potentially most output occurring input variable: iv_002/iv_007 (94)  
Potentially least output occurring input variable: iv_011/iv_013 (64)

Least complex input bit: iv_016 (7.860534311601689 × 10^355)  
Most complex input bit: iv_015 (7.194678061175214 × 10^358)

Least complex output bit: aaa_76_29 (8.944255035332164 × 10^333)  
Most complex output bit: ov_001 (5.69221408690755 × 10^358)

Least complex input/output complexity: iv_016/aaa_76_29 (1.896301379134941 × 10^330)  
Most complex input/output complexity: iv_015/ov_001 (1.1045966204981618 × 10^358)

## Input Bits

### Input Bits in Regular Order

| Input Bit | Complexity | Occurrences | Output Occurrences |
|:---------:|:----------:|:-----------:|:------------------:|
| iv_001 | 2.3285068386499703 × 10^356 | 4670 | 78 |
| iv_002 | 1.0045805145485032 × 10^357 | 4380 | 77 |
| iv_003 | 2.8813840800128835 × 10^357 | 4534 | 82 |
| iv_004 | 6.254071997676618 × 10^357 | 4569 | 82 |
| iv_005 | 1.0011690902222708 × 10^358 | 4718 | 77 |
| iv_006 | 1.3818067649816183 × 10^358 | 4446 | 74 |
| iv_007 | 1.7913274117299785 × 10^358 | 4446 | 75 |
| iv_008 | 2.254691319942173 × 10^358 | 4533 | 85 |
| iv_009 | 2.8291702879600805 × 10^358 | 4521 | 75 |
| iv_010 | 3.5428348913635762 × 10^358 | 4477 | 70 |
| iv_011 | 4.423969578881784 × 10^358 | 4681 | 73 |
| iv_012 | 5.33421102449701 × 10^358 | 4344 | 81 |
| iv_013 | 6.2766514670605185 × 10^358 | 4725 | 91 |
| iv_015 | 7.194678061175214 × 10^358 | 4863 | 79 |
| iv_016 | 7.860534311601689 × 10^355 | 4567 | 73 |

### Input Bits Sorted by Complexity

| Input Bit | Complexity | Occurrences | Output Occurrences |
|:---------:|:----------:|:-----------:|:------------------:|
| iv_016 | 7.860534311601689 × 10^355 | 4567 | 73 |
| iv_001 | 2.3285068386499703 × 10^356 | 4670 | 78 |
| iv_002 | 1.0045805145485032 × 10^357 | 4380 | 77 |
| iv_003 | 2.8813840800128835 × 10^357 | 4534 | 82 |
| iv_004 | 6.254071997676618 × 10^357 | 4569 | 82 |
| iv_005 | 1.0011690902222708 × 10^358 | 4718 | 77 |
| iv_006 | 1.3818067649816183 × 10^358 | 4446 | 74 |
| iv_007 | 1.7913274117299785 × 10^358 | 4446 | 75 |
| iv_008 | 2.254691319942173 × 10^358 | 4533 | 85 |
| iv_009 | 2.8291702879600805 × 10^358 | 4521 | 75 |
| iv_010 | 3.5428348913635762 × 10^358 | 4477 | 70 |
| iv_011 | 4.423969578881784 × 10^358 | 4681 | 73 |
| iv_012 | 5.33421102449701 × 10^358 | 4344 | 81 |
| iv_013 | 6.2766514670605185 × 10^358 | 4725 | 91 |
| iv_015 | 7.194678061175214 × 10^358 | 4863 | 79 |

### Input Bits Sorted by Occurrences

| Input Bit | Complexity | Occurrences | Output Occurrences |
|:---------:|:----------:|:-----------:|:------------------:|
| iv_012 | 5.33421102449701 × 10^358 | 4344 | 81 |
| iv_002 | 1.0045805145485032 × 10^357 | 4380 | 77 |
| iv_007 | 1.7913274117299785 × 10^358 | 4446 | 75 |
| iv_006 | 1.3818067649816183 × 10^358 | 4446 | 74 |
| iv_010 | 3.5428348913635762 × 10^358 | 4477 | 70 |
| iv_009 | 2.8291702879600805 × 10^358 | 4521 | 75 |
| iv_008 | 2.254691319942173 × 10^358 | 4533 | 85 |
| iv_003 | 2.8813840800128835 × 10^357 | 4534 | 82 |
| iv_016 | 7.860534311601689 × 10^355 | 4567 | 73 |
| iv_004 | 6.254071997676618 × 10^357 | 4569 | 82 |
| iv_001 | 2.3285068386499703 × 10^356 | 4670 | 78 |
| iv_011 | 4.423969578881784 × 10^358 | 4681 | 73 |
| iv_005 | 1.0011690902222708 × 10^358 | 4718 | 77 |
| iv_013 | 6.2766514670605185 × 10^358 | 4725 | 91 |
| iv_015 | 7.194678061175214 × 10^358 | 4863 | 79 |

### Input Bits Sorted by Output Occurrences

| Input Bit | Complexity | Occurrences | Output Occurrences |
|:---------:|:----------:|:-----------:|:------------------:|
| iv_010 | 3.5428348913635762 × 10^358 | 4477 | 70 |
| iv_016 | 7.860534311601689 × 10^355 | 4567 | 73 |
| iv_011 | 4.423969578881784 × 10^358 | 4681 | 73 |
| iv_006 | 1.3818067649816183 × 10^358 | 4446 | 74 |
| iv_009 | 2.8291702879600805 × 10^358 | 4521 | 75 |
| iv_007 | 1.7913274117299785 × 10^358 | 4446 | 75 |
| iv_002 | 1.0045805145485032 × 10^357 | 4380 | 77 |
| iv_005 | 1.0011690902222708 × 10^358 | 4718 | 77 |
| iv_001 | 2.3285068386499703 × 10^356 | 4670 | 78 |
| iv_015 | 7.194678061175214 × 10^358 | 4863 | 79 |
| iv_012 | 5.33421102449701 × 10^358 | 4344 | 81 |
| iv_004 | 6.254071997676618 × 10^357 | 4569 | 82 |
| iv_003 | 2.8813840800128835 × 10^357 | 4534 | 82 |
| iv_008 | 2.254691319942173 × 10^358 | 4533 | 85 |
| iv_013 | 6.2766514670605185 × 10^358 | 4725 | 91 |

## Input Bit Co-occurrences

### Input Bit Co-occurrences Sorted by Co-occurrences

| Input Bits | Co-occurrences | Potential Occurrences | Output Co-occurrences | Potential Output Occurrences |
|:----------:|:--------------:|:---------------------:|:---------------------:|:----------------------------:|
| iv_004-iv_005 | 2366 | 4555 | 40 | 79 |
| iv_005-iv_015 | 2366 | 4849 | 45 | 66 |
| iv_003-iv_013 | 2350 | 4559 | 51 | 71 |
| iv_005-iv_009 | 2295 | 4649 | 38 | 76 |
| iv_008-iv_013 | 2286 | 4686 | 44 | 88 |
| iv_013-iv_015 | 2266 | 5056 | 43 | 84 |
| iv_010-iv_015 | 2258 | 4824 | 37 | 75 |
| iv_003-iv_004 | 2249 | 4605 | 46 | 72 |
| iv_001-iv_006 | 2238 | 4640 | 38 | 76 |
| iv_005-iv_010 | 2227 | 4741 | 29 | 89 |
| iv_001-iv_016 | 2225 | 4787 | 42 | 67 |
| iv_001-iv_011 | 2225 | 4901 | 39 | 73 |
| iv_009-iv_013 | 2225 | 4796 | 40 | 86 |
| iv_004-iv_008 | 2223 | 4656 | 43 | 81 |
| iv_004-iv_013 | 2214 | 4866 | 45 | 83 |

### Input Bit Co-occurrences Sorted by Potential Occurrences

| Input Bits | Co-occurrences | Potential Occurrences | Output Co-occurrences | Potential Output Occurrences |
|:----------:|:--------------:|:---------------------:|:---------------------:|:----------------------------:|
| iv_002-iv_007 | 2143 | 4540 | 29 | 94 |
| iv_003-iv_012 | 2168 | 4542 | 44 | 75 |
| iv_002-iv_012 | 2086 | 4552 | 38 | 82 |
| iv_004-iv_005 | 2366 | 4555 | 40 | 79 |
| iv_003-iv_013 | 2350 | 4559 | 51 | 71 |
| iv_007-iv_012 | 2097 | 4596 | 36 | 84 |
| iv_003-iv_004 | 2249 | 4605 | 46 | 72 |
| iv_003-iv_007 | 2178 | 4624 | 39 | 79 |
| iv_001-iv_006 | 2238 | 4640 | 38 | 76 |
| iv_005-iv_009 | 2295 | 4649 | 38 | 76 |
| iv_004-iv_008 | 2223 | 4656 | 43 | 81 |
| iv_006-iv_016 | 2177 | 4659 | 39 | 69 |
| iv_008-iv_013 | 2286 | 4686 | 44 | 88 |
| iv_004-iv_009 | 2200 | 4690 | 38 | 81 |
| iv_008-iv_012 | 2089 | 4699 | 37 | 92 |

### Input Bit Output Co-occurrences Sorted by Output Co-occurrences

| Input Bits | Co-occurrences | Potential Occurrences | Output Co-occurrences | Potential Output Occurrences |
|:----------:|:--------------:|:---------------------:|:---------------------:|:----------------------------:|
| iv_003-iv_013 | 2350 | 4559 | 51 | 71 |
| iv_011-iv_013 | 2175 | 5056 | 50 | 64 |
| iv_012-iv_013 | 2152 | 4765 | 47 | 78 |
| iv_008-iv_015 | 2144 | 5108 | 47 | 70 |
| iv_002-iv_013 | 2173 | 4759 | 46 | 76 |
| iv_013-iv_016 | 2166 | 4960 | 46 | 72 |
| iv_005-iv_013 | 2185 | 5073 | 46 | 76 |
| iv_003-iv_004 | 2249 | 4605 | 46 | 72 |
| iv_005-iv_015 | 2366 | 4849 | 45 | 66 |
| iv_004-iv_013 | 2214 | 4866 | 45 | 83 |
| iv_008-iv_013 | 2286 | 4686 | 44 | 88 |
| iv_003-iv_012 | 2168 | 4542 | 44 | 75 |
| iv_008-iv_010 | 2023 | 4964 | 44 | 67 |
| iv_001-iv_013 | 2214 | 4967 | 44 | 81 |
| iv_001-iv_005 | 2136 | 5116 | 43 | 69 |

### Input Bit Output Co-occurrences Sorted by Potential Output Occurrences

| Input Bits | Co-occurrences | Potential Occurrences | Output Co-occurrences | Potential Output Occurrences |
|:----------:|:--------------:|:---------------------:|:---------------------:|:----------------------------:|
| iv_011-iv_013 | 2175 | 5056 | 50 | 64 |
| iv_005-iv_015 | 2366 | 4849 | 45 | 66 |
| iv_006-iv_010 | 2008 | 4907 | 39 | 66 |
| iv_008-iv_010 | 2023 | 4964 | 44 | 67 |
| iv_001-iv_016 | 2225 | 4787 | 42 | 67 |
| iv_001-iv_005 | 2136 | 5116 | 43 | 69 |
| iv_006-iv_016 | 2177 | 4659 | 39 | 69 |
| iv_008-iv_015 | 2144 | 5108 | 47 | 70 |
| iv_003-iv_013 | 2350 | 4559 | 51 | 71 |
| iv_006-iv_011 | 2154 | 4819 | 38 | 71 |
| iv_013-iv_016 | 2166 | 4960 | 46 | 72 |
| iv_003-iv_004 | 2249 | 4605 | 46 | 72 |
| iv_001-iv_002 | 2058 | 4934 | 41 | 73 |
| iv_001-iv_011 | 2225 | 4901 | 39 | 73 |
| iv_001-iv_012 | 2094 | 4826 | 43 | 73 |

## Output Bits

### Output Bits in Regular Order

| Rank | Output Bit | Complexity |
|:----:|:----------:|:----------:|
| 1 | ov_001 | 5.69221408690755 × 10^358 |
| 2 | ov_002 | 4.9714236747836915 × 10^358 |
| 3 | ov_003 | 4.3231534474802336 × 10^358 |
| 4 | ov_004 | 3.741429755631173 × 10^358 |
| 5 | ov_005 | 3.220613875378547 × 10^358 |
| 6 | ov_006 | 2.7553786079148704 × 10^358 |
| 7 | ov_007 | 2.340687642277613 × 10^358 |
| 8 | ov_008 | 1.9740931289290715 × 10^358 |
| 9 | ov_009 | 1.6510884025183875 × 10^358 |
| 10 | ov_010 | 1.367409992479956 × 10^358 |
| 11 | ov_011 | 1.1209853794232199 × 10^358 |
| 12 | ov_012 | 9.098551130777845 × 10^357 |
| 13 | ov_013 | 7.304223175888138 × 10^357 |
| 14 | ov_014 | 5.792968050123616 × 10^357 |
| 15 | ov_015 | 4.5328958384936274 × 10^357 |
| 16 | ov_016 | 3.494084613383722 × 10^357 |
| 17 | ov_017 | 2.648545811862973 × 10^357 |
| 18 | ov_018 | 1.9701975113098581 × 10^357 |
| 19 | ov_019 | 1.4348442738040184 × 10^357 |
| 20 | ov_020 | 1.0201623558042199 × 10^357 |
| 21 | ov_021 | 7.056892054219936 × 10^356 |
| 22 | ov_022 | 4.728162952153335 × 10^356 |
| 23 | ov_023 | 3.047844639424312 × 10^356 |
| 24 | ov_024 | 1.866810661794598 × 10^356 |
| 25 | ov_025 | 1.0543835414655372 × 10^356 |
| 26 | ov_026 | 5.498353707667749 × 10^355 |
| 27 | ov_027 | 2.593660434224362 × 10^355 |
| 28 | ov_028 | 1.0761069588661118 × 10^355 |
| 29 | ov_029 | 3.7639217363166934 × 10^354 |
| 30 | ov_030 | 1.034004486478077 × 10^354 |
| 31 | ov_031 | 2.018644296848021 × 10^353 |
| 32 | lv_80_m31 | 3.940368356378994 × 10^352 |
| 33 | ov_033 | 4.87871389758021 × 10^353 |
| 34 | ov_034 | 4.262631485075155 × 10^353 |
| 35 | ov_035 | 3.7093837739164916 × 10^353 |
| 36 | ov_036 | 3.213903914160204 × 10^353 |
| 37 | ov_037 | 2.7714069600088647 × 10^353 |
| 38 | ov_038 | 2.377370124320539 × 10^353 |
| 39 | ov_039 | 2.027515489906075 × 10^353 |
| 40 | ov_040 | 1.7177949591925828 × 10^353 |
| 41 | ov_041 | 1.4443772356543947 × 10^353 |
| 42 | ov_042 | 1.2036366417424286 × 10^353 |
| 43 | ov_043 | 9.921435889608902 × 10^352 |
| 44 | ov_044 | 8.082312117507109 × 10^352 |
| 45 | ov_045 | 6.503248246803303 × 10^352 |
| 46 | ov_046 | 5.16938863053958 × 10^352 |
| 47 | ov_047 | 4.0535997114568954 × 10^352 |
| 48 | ov_048 | 3.130422891440912 × 10^352 |
| 49 | ov_049 | 2.3760454070561497 × 10^352 |
| 50 | ov_050 | 1.7682776636711141 × 10^352 |
| 51 | ov_051 | 1.2865359791976315 × 10^352 |
| 52 | ov_052 | 9.118297835252213 × 10^351 |
| 53 | ov_053 | 6.267524145486086 × 10^351 |
| 54 | ov_054 | 4.1547474635496744 × 10^351 |
| 55 | ov_055 | 2.637409797200092 × 10^351 |
| 56 | ov_056 | 1.5886601959895534 × 10^351 |
| 57 | ov_057 | 8.973395881357291 × 10^350 |
| 58 | ov_058 | 4.679728164245283 × 10^350 |
| 59 | ov_059 | 2.2076494734568622 × 10^350 |
| 60 | ov_060 | 9.159981819352253 × 10^349 |
| 61 | ov_061 | 3.2039567304809332 × 10^349 |
| 62 | ov_062 | 8.801441696935531 × 10^348 |
| 63 | ov_063 | 1.7181134295656783 × 10^348 |
| 64 | lv_79_m31 | 3.353277170889141 × 10^347 |
| 65 | ov_065 | 4.111187349324747 × 10^348 |
| 66 | ov_066 | 4.1111715943202257 × 10^348 |
| 67 | ov_067 | 4.1111665508882406 × 10^348 |
| 68 | ov_068 | 3.588101736596392 × 10^348 |
| 69 | ov_069 | 3.1176435301587113 × 10^348 |
| 70 | ov_070 | 2.6958657969519783 × 10^348 |
| 71 | ov_071 | 2.3190632359021845 × 10^348 |
| 72 | ov_072 | 1.983735518771913 × 10^348 |
| 73 | ov_073 | 1.686573317840816 × 10^348 |
| 74 | ov_074 | 1.4244460394994587 × 10^348 |
| 75 | ov_075 | 1.1943911111224694 × 10^348 |
| 76 | ov_076 | 9.936047165862798 × 10^347 |
| 77 | ov_077 | 8.194338839424444 × 10^347 |
| 78 | ov_078 | 6.693697993815573 × 10^347 |
| 79 | ov_079 | 5.410422117135739 × 10^347 |
| 80 | ov_080 | 4.322148000601288 × 10^347 |
| 81 | ov_081 | 3.407813857491163 × 10^347 |
| 82 | ov_082 | 2.647628775606866 × 10^347 |
| 83 | ov_083 | 2.0230484752942483 × 10^347 |
| 84 | ov_084 | 1.516756424870367 × 10^347 |
| 85 | ov_085 | 1.1126494445530244 × 10^347 |
| 86 | ov_086 | 7.958270088734389 × 10^346 |
| 87 | ov_087 | 5.5258353619185254 × 10^346 |
| 88 | ov_088 | 3.704030324242262 × 10^346 |
| 89 | ov_089 | 2.379555344883259 × 10^346 |
| 90 | ov_090 | 1.4509487733031217 × 10^346 |
| 91 | ov_091 | 8.285738672485515 × 10^345 |
| 92 | ov_092 | 4.3461178365542597 × 10^345 |
| 93 | ov_093 | 2.0305821422462358 × 10^345 |
| 94 | ov_094 | 7.972198512134705 × 10^344 |
| 95 | aaa_78_28 | 2.2224577187617525 × 10^344 |
| 96 | aaa_78_29 | 6.495130431840016 × 10^343 |
| 97 | ov_097 | 6.207157747519658 × 10^343 |
| 98 | ov_098 | 6.207140674741849 × 10^343 |
| 99 | ov_099 | 6.2071365381589986 × 10^343 |
| 100 | ov_100 | 5.417239653757517 × 10^343 |
| 101 | ov_101 | 4.707998375730916 × 10^343 |
| 102 | ov_102 | 4.072997410838353 × 10^343 |
| 103 | ov_103 | 3.5061833559674426 × 10^343 |
| 104 | ov_104 | 3.0018401574033252 × 10^343 |
| 105 | ov_105 | 2.55456745422544 × 10^343 |
| 106 | ov_106 | 2.159261514895171 × 10^343 |
| 107 | ov_107 | 1.8110984701783115 × 10^343 |
| 108 | ov_108 | 1.5055195975021579 × 10^343 |
| 109 | ov_109 | 1.2382184821131226 × 10^343 |
| 110 | ov_110 | 1.0071035013420346 × 10^343 |
| 111 | ov_111 | 8.102010631797656 × 10^342 |
| 112 | ov_112 | 6.43901278053803 × 10^342 |
| 113 | ov_113 | 5.048111928334676 × 10^342 |
| 114 | ov_114 | 3.897493224869673 × 10^342 |
| 115 | ov_115 | 2.957413013971191 × 10^342 |
| 116 | ov_116 | 2.200165178053536 × 10^342 |
| 117 | ov_117 | 1.6000557542288203 × 10^342 |
| 118 | ov_118 | 1.1333843067086823 × 10^342 |
| 119 | ov_119 | 7.784306985191929 × 10^341 |
| 120 | ov_120 | 5.15446063718759 × 10^341 |
| 121 | ov_121 | 3.2664693934419004 × 10^341 |
| 122 | ov_122 | 1.9621167427795102 × 10^341 |
| 123 | ov_123 | 1.102783901657186 × 10^341 |
| 124 | ov_124 | 5.694392677733438 × 10^340 |
| 125 | ov_125 | 2.6263356916012884 × 10^340 |
| 126 | ov_126 | 1.024979472141485 × 10^340 |
| 127 | aaa_77_28 | 2.8743338139338167 × 10^339 |
| 128 | aaa_77_29 | 8.752746181565892 × 10^338 |
| 129 | ov_129 | 5.246435091659084 × 10^338 |
| 130 | ov_130 | 5.246417613696343 × 10^338 |
| 131 | ov_131 | 5.246413368967469 × 10^338 |
| 132 | ov_132 | 4.586095237261991 × 10^338 |
| 133 | ov_133 | 3.996821048179233 × 10^338 |
| 134 | ov_134 | 3.472094767871536 × 10^338 |
| 135 | ov_135 | 3.005791842418718 × 10^338 |
| 136 | ov_136 | 2.592133557270396 × 10^338 |
| 137 | ov_137 | 2.2256642178067547 × 10^338 |
| 138 | ov_138 | 1.9012308814041318 × 10^338 |
| 139 | ov_139 | 1.6139654483274863 × 10^338 |
| 140 | ov_140 | 1.36150298303443 × 10^338 |
| 141 | ov_141 | 1.1394999820569856 × 10^338 |
| 142 | ov_142 | 9.438566423571625 × 10^337 |
| 143 | ov_143 | 7.72582631468173 × 10^337 |
| 144 | ov_144 | 6.2380218152384276 × 10^337 |
| 145 | ov_145 | 4.957503052090418 × 10^337 |
| 146 | ov_146 | 3.8676973164447305 × 10^337 |
| 147 | ov_147 | 2.953084730545627 × 10^337 |
| 148 | ov_148 | 2.1991792767256035 × 10^337 |
| 149 | ov_149 | 1.5925143219847568 × 10^337 |
| 150 | ov_150 | 1.120631849577861 × 10^337 |
| 151 | ov_151 | 7.616129518647474 × 10^336 |
| 152 | ov_152 | 4.955259973545509 × 10^336 |
| 153 | ov_153 | 3.044207686499153 × 10^336 |
| 154 | ov_154 | 1.723248684872189 × 10^336 |
| 155 | ov_155 | 8.524167103206526 × 10^335 |
| 156 | aaa_76_25 | 3.1149279204147704 × 10^335 |
| 157 | aaa_76_26 | 1.6279813754027414 × 10^335 |
| 158 | aaa_76_27 | 7.510030126843549 × 10^334 |
| 159 | aaa_76_28 | 2.931914843411858 × 10^334 |
| 160 | aaa_76_29 | 8.944255035332164 × 10^333 |

### Output Bits Sorted by Complexity

| Rank | Output Bit | Complexity |
|:----:|:----------:|:----------:|
| 160 | aaa_76_29 | 8.944255035332164 × 10^333 |
| 159 | aaa_76_28 | 2.931914843411858 × 10^334 |
| 158 | aaa_76_27 | 7.510030126843549 × 10^334 |
| 157 | aaa_76_26 | 1.6279813754027414 × 10^335 |
| 156 | aaa_76_25 | 3.1149279204147704 × 10^335 |
| 155 | ov_155 | 8.524167103206526 × 10^335 |
| 154 | ov_154 | 1.723248684872189 × 10^336 |
| 153 | ov_153 | 3.044207686499153 × 10^336 |
| 152 | ov_152 | 4.955259973545509 × 10^336 |
| 151 | ov_151 | 7.616129518647474 × 10^336 |
| 150 | ov_150 | 1.120631849577861 × 10^337 |
| 149 | ov_149 | 1.5925143219847568 × 10^337 |
| 148 | ov_148 | 2.1991792767256035 × 10^337 |
| 147 | ov_147 | 2.953084730545627 × 10^337 |
| 146 | ov_146 | 3.8676973164447305 × 10^337 |
| 145 | ov_145 | 4.957503052090418 × 10^337 |
| 144 | ov_144 | 6.2380218152384276 × 10^337 |
| 143 | ov_143 | 7.72582631468173 × 10^337 |
| 142 | ov_142 | 9.438566423571625 × 10^337 |
| 141 | ov_141 | 1.1394999820569856 × 10^338 |
| 140 | ov_140 | 1.36150298303443 × 10^338 |
| 139 | ov_139 | 1.6139654483274863 × 10^338 |
| 138 | ov_138 | 1.9012308814041318 × 10^338 |
| 137 | ov_137 | 2.2256642178067547 × 10^338 |
| 136 | ov_136 | 2.592133557270396 × 10^338 |
| 135 | ov_135 | 3.005791842418718 × 10^338 |
| 134 | ov_134 | 3.472094767871536 × 10^338 |
| 133 | ov_133 | 3.996821048179233 × 10^338 |
| 132 | ov_132 | 4.586095237261991 × 10^338 |
| 131 | ov_131 | 5.246413368967469 × 10^338 |
| 130 | ov_130 | 5.246417613696343 × 10^338 |
| 129 | ov_129 | 5.246435091659084 × 10^338 |
| 128 | aaa_77_29 | 8.752746181565892 × 10^338 |
| 127 | aaa_77_28 | 2.8743338139338167 × 10^339 |
| 126 | ov_126 | 1.024979472141485 × 10^340 |
| 125 | ov_125 | 2.6263356916012884 × 10^340 |
| 124 | ov_124 | 5.694392677733438 × 10^340 |
| 123 | ov_123 | 1.102783901657186 × 10^341 |
| 122 | ov_122 | 1.9621167427795102 × 10^341 |
| 121 | ov_121 | 3.2664693934419004 × 10^341 |
| 120 | ov_120 | 5.15446063718759 × 10^341 |
| 119 | ov_119 | 7.784306985191929 × 10^341 |
| 118 | ov_118 | 1.1333843067086823 × 10^342 |
| 117 | ov_117 | 1.6000557542288203 × 10^342 |
| 116 | ov_116 | 2.200165178053536 × 10^342 |
| 115 | ov_115 | 2.957413013971191 × 10^342 |
| 114 | ov_114 | 3.897493224869673 × 10^342 |
| 113 | ov_113 | 5.048111928334676 × 10^342 |
| 112 | ov_112 | 6.43901278053803 × 10^342 |
| 111 | ov_111 | 8.102010631797656 × 10^342 |
| 110 | ov_110 | 1.0071035013420346 × 10^343 |
| 109 | ov_109 | 1.2382184821131226 × 10^343 |
| 108 | ov_108 | 1.5055195975021579 × 10^343 |
| 107 | ov_107 | 1.8110984701783115 × 10^343 |
| 106 | ov_106 | 2.159261514895171 × 10^343 |
| 105 | ov_105 | 2.55456745422544 × 10^343 |
| 104 | ov_104 | 3.0018401574033252 × 10^343 |
| 103 | ov_103 | 3.5061833559674426 × 10^343 |
| 102 | ov_102 | 4.072997410838353 × 10^343 |
| 101 | ov_101 | 4.707998375730916 × 10^343 |
| 100 | ov_100 | 5.417239653757517 × 10^343 |
| 99 | ov_099 | 6.2071365381589986 × 10^343 |
| 98 | ov_098 | 6.207140674741849 × 10^343 |
| 97 | ov_097 | 6.207157747519658 × 10^343 |
| 96 | aaa_78_29 | 6.495130431840016 × 10^343 |
| 95 | aaa_78_28 | 2.2224577187617525 × 10^344 |
| 94 | ov_094 | 7.972198512134705 × 10^344 |
| 93 | ov_093 | 2.0305821422462358 × 10^345 |
| 92 | ov_092 | 4.3461178365542597 × 10^345 |
| 91 | ov_091 | 8.285738672485515 × 10^345 |
| 90 | ov_090 | 1.4509487733031217 × 10^346 |
| 89 | ov_089 | 2.379555344883259 × 10^346 |
| 88 | ov_088 | 3.704030324242262 × 10^346 |
| 87 | ov_087 | 5.5258353619185254 × 10^346 |
| 86 | ov_086 | 7.958270088734389 × 10^346 |
| 85 | ov_085 | 1.1126494445530244 × 10^347 |
| 84 | ov_084 | 1.516756424870367 × 10^347 |
| 83 | ov_083 | 2.0230484752942483 × 10^347 |
| 82 | ov_082 | 2.647628775606866 × 10^347 |
| 64 | lv_79_m31 | 3.353277170889141 × 10^347 |
| 81 | ov_081 | 3.407813857491163 × 10^347 |
| 80 | ov_080 | 4.322148000601288 × 10^347 |
| 79 | ov_079 | 5.410422117135739 × 10^347 |
| 78 | ov_078 | 6.693697993815573 × 10^347 |
| 77 | ov_077 | 8.194338839424444 × 10^347 |
| 76 | ov_076 | 9.936047165862798 × 10^347 |
| 75 | ov_075 | 1.1943911111224694 × 10^348 |
| 74 | ov_074 | 1.4244460394994587 × 10^348 |
| 73 | ov_073 | 1.686573317840816 × 10^348 |
| 63 | ov_063 | 1.7181134295656783 × 10^348 |
| 72 | ov_072 | 1.983735518771913 × 10^348 |
| 71 | ov_071 | 2.3190632359021845 × 10^348 |
| 70 | ov_070 | 2.6958657969519783 × 10^348 |
| 69 | ov_069 | 3.1176435301587113 × 10^348 |
| 68 | ov_068 | 3.588101736596392 × 10^348 |
| 67 | ov_067 | 4.1111665508882406 × 10^348 |
| 66 | ov_066 | 4.1111715943202257 × 10^348 |
| 65 | ov_065 | 4.111187349324747 × 10^348 |
| 62 | ov_062 | 8.801441696935531 × 10^348 |
| 61 | ov_061 | 3.2039567304809332 × 10^349 |
| 60 | ov_060 | 9.159981819352253 × 10^349 |
| 59 | ov_059 | 2.2076494734568622 × 10^350 |
| 58 | ov_058 | 4.679728164245283 × 10^350 |
| 57 | ov_057 | 8.973395881357291 × 10^350 |
| 56 | ov_056 | 1.5886601959895534 × 10^351 |
| 55 | ov_055 | 2.637409797200092 × 10^351 |
| 54 | ov_054 | 4.1547474635496744 × 10^351 |
| 53 | ov_053 | 6.267524145486086 × 10^351 |
| 52 | ov_052 | 9.118297835252213 × 10^351 |
| 51 | ov_051 | 1.2865359791976315 × 10^352 |
| 50 | ov_050 | 1.7682776636711141 × 10^352 |
| 49 | ov_049 | 2.3760454070561497 × 10^352 |
| 48 | ov_048 | 3.130422891440912 × 10^352 |
| 32 | lv_80_m31 | 3.940368356378994 × 10^352 |
| 47 | ov_047 | 4.0535997114568954 × 10^352 |
| 46 | ov_046 | 5.16938863053958 × 10^352 |
| 45 | ov_045 | 6.503248246803303 × 10^352 |
| 44 | ov_044 | 8.082312117507109 × 10^352 |
| 43 | ov_043 | 9.921435889608902 × 10^352 |
| 42 | ov_042 | 1.2036366417424286 × 10^353 |
| 41 | ov_041 | 1.4443772356543947 × 10^353 |
| 40 | ov_040 | 1.7177949591925828 × 10^353 |
| 31 | ov_031 | 2.018644296848021 × 10^353 |
| 39 | ov_039 | 2.027515489906075 × 10^353 |
| 38 | ov_038 | 2.377370124320539 × 10^353 |
| 37 | ov_037 | 2.7714069600088647 × 10^353 |
| 36 | ov_036 | 3.213903914160204 × 10^353 |
| 35 | ov_035 | 3.7093837739164916 × 10^353 |
| 34 | ov_034 | 4.262631485075155 × 10^353 |
| 33 | ov_033 | 4.87871389758021 × 10^353 |
| 30 | ov_030 | 1.034004486478077 × 10^354 |
| 29 | ov_029 | 3.7639217363166934 × 10^354 |
| 28 | ov_028 | 1.0761069588661118 × 10^355 |
| 27 | ov_027 | 2.593660434224362 × 10^355 |
| 26 | ov_026 | 5.498353707667749 × 10^355 |
| 25 | ov_025 | 1.0543835414655372 × 10^356 |
| 24 | ov_024 | 1.866810661794598 × 10^356 |
| 23 | ov_023 | 3.047844639424312 × 10^356 |
| 22 | ov_022 | 4.728162952153335 × 10^356 |
| 21 | ov_021 | 7.056892054219936 × 10^356 |
| 20 | ov_020 | 1.0201623558042199 × 10^357 |
| 19 | ov_019 | 1.4348442738040184 × 10^357 |
| 18 | ov_018 | 1.9701975113098581 × 10^357 |
| 17 | ov_017 | 2.648545811862973 × 10^357 |
| 16 | ov_016 | 3.494084613383722 × 10^357 |
| 15 | ov_015 | 4.5328958384936274 × 10^357 |
| 14 | ov_014 | 5.792968050123616 × 10^357 |
| 13 | ov_013 | 7.304223175888138 × 10^357 |
| 12 | ov_012 | 9.098551130777845 × 10^357 |
| 11 | ov_011 | 1.1209853794232199 × 10^358 |
| 10 | ov_010 | 1.367409992479956 × 10^358 |
| 9 | ov_009 | 1.6510884025183875 × 10^358 |
| 8 | ov_008 | 1.9740931289290715 × 10^358 |
| 7 | ov_007 | 2.340687642277613 × 10^358 |
| 6 | ov_006 | 2.7553786079148704 × 10^358 |
| 5 | ov_005 | 3.220613875378547 × 10^358 |
| 4 | ov_004 | 3.741429755631173 × 10^358 |
| 3 | ov_003 | 4.3231534474802336 × 10^358 |
| 2 | ov_002 | 4.9714236747836915 × 10^358 |
| 1 | ov_001 | 5.69221408690755 × 10^358 |

