# Results for E004005-F017-F018-F019-F020-F021-F022-F023-F024-F025-F026-F027-F028-F029-F030-F031-F032-F033-F034-F035-F036-F037-F038-F039-F040-F041-F042-F043-F044-F045-F046-F047-F048-F049-F050-F051-F052-F053-F054-F055-F056-F057-F058-F059-F060-F061-F062-F063-F064-F065-F066-F067-F068-F069-F070-F071-F072-F073-F074-F075-F076-F077-F078-F079-F080-F081-F082-F083-F084-F085-F086-F087-F088-F089-F090-F091-F092-F093-F094-F095-F096-F097-F098-F099-F100-F101-F102-F103-F104-F105-F106-F107-F108-F109-F110-F111-F112-F113-F114-F115-F116-F117-F118-F119-F120-F121-F122-F123-F124-F125-F126-F127-F128-F129-F130-F131-F132-F133-F134-F135-F136-F137-F138-F139-F140-F141-F142-F143-F144-F145-F146-F147-F148-F149-F150-F151-F152-F153-F154-F155-F156-F157-F158-F159-F160-F161-F162-F163-F164-F165-F166-F167-F168-F169-F170-F171-F172-F173-F174-F175-F176-F177-F178-F179-F180-F181-F182-F183-F184-F185-F186-F187-F188-F189-F190-F191-F192-F193-F194-F195-F196-F197-F198-F199-F200-F201-F202-F203-F204-F205-F206-F207-F208-F209-F210-F211-F212-F213-F214-F215-F216-F217-F218-F219-F220-F221-F222-F223-F224-F225-F226-F227-F228-F229-F230-F231-F232-F233-F234-F235-F236-F237-F238-F239-F240-F241-F242-F243-F244-F245-F246-F247-F248-F249-F250-F251-F252-F253-F254-F255-F256-F257-F258-F259-F260-F261-F262-F263-F264-F265-F266-F267-F268-F269-F270-F271-F272-F273-F274-F275-F276-F277-F278-F279-F280-F281-F282-F283-F284-F285-F286-F287-F288-F289-F290-F291-F292-F293-F294-F295-F296-F297-F298-F299-F300-F301-F302-F303-F304-F305-F306-F307-F308-F309-F310-F311-F312-F313-F314-F315-F316-F317-F318-F319-F320-F321-F322-F323-F324-F325-F326-F327-F328-F329-F330-F331-F332-F333-F334-F335-F336-F337-F338-F339-F340-F341-F342-F343-F344-F345-F346-F347-F348-F349-F350-F351-F352-F353-F354-F355-F356-F357-F358-F359-F360-F361-F362-F363-F364-F365-F366-F367-F368-F369-F370-F371-F372-F373-F374-F375-F376-F377-F378-F379-F380-F381-F382-F383-F384-F385-F386-F387-F388-F389-F390-F391-F392-F393-F394-F395-F396-F397-F398-F399-F400-F401-F402-F403-F404-F405-F406-F407-F408-F409-F410-F411-F412-F413-F414-F415-F416-F417-F418-F419-F420-F421-F422-F423-F424-F425-F426-F427-F428-F429-F430-F431-F432-F433-F434-F435-F436-F437-F438-F439-F440-F441-F442-F443-F444-F445-F446-F447-F448-F449-F450-F451-F452-F453-F454-F455-F456-F457-F458-F459-F460-F461-F462-F463-F464-F465-F466-F467-F468-F469-F470-F471-F472-F473-F474-F475-F476-F477-F478-F479-F480-F481-F482-F483-F484-F485-F486-F487-F488-F489-F490-F491-F492-F493-F494-F495-F496-F497-F498-F499-F500-F501-F502-F503-F504-F505-F506-F507-F508-F509-F510-F511-F512

## Summary

Number of input bits: 512  
Number of free input bits: 15  
Number of output bits: 160

Number of direct occurrences: 67510  
Number of assignments: 39171  
Number of operations: 19117643
(xor: 19080101,
and: 20886,
or: 16656)

Total complexity: 9.713385356818573 × 10^355

Least occurring input variable: iv_012 (4186)  
Most occurring input variable: iv_015 (4855)

Most co-occurring input variables: iv_009-iv_015 (2314)  
Least co-occurring input variables: iv_012-iv_016 (1921)

Potentially most occurring input variable: iv_011/iv_015 (5218)  
Potentially least occurring input variable: iv_002/iv_007 (4382)

Least output occurring input variable: iv_011 (63)  
Most output occurring input variable: iv_012 (86)

Most output co-occurring input variables: iv_009-iv_010 (47)  
Least output co-occurring input variables: iv_008-iv_011 (24)

Potentially most output occurring input variable: iv_001/iv_008 (94)  
Potentially least output occurring input variable: iv_002/iv_006 (66)

Least complex input bit: iv_016 (1.4494687477645906 × 10^352)  
Most complex input bit: iv_015 (2.003536881543994 × 10^355)

Least complex output bit: aaa_76_29 (2.0396576413811028 × 10^331)  
Most complex output bit: ov_001 (1.4869994315729509 × 10^355)

Least complex input/output complexity: iv_016/aaa_76_29 (3.043655634691568 × 10^327)  
Most complex input/output complexity: iv_015/ov_001 (3.067167722219514 × 10^354)

## Input Bits

### Input Bits in Regular Order

| Input Bit | Complexity | Occurrences | Output Occurrences |
|:---------:|:----------:|:-----------:|:------------------:|
| iv_001 | 4.425934912234279 × 10^352 | 4575 | 75 |
| iv_002 | 1.9157639999555123 × 10^353 | 4364 | 80 |
| iv_003 | 5.51128653134454 × 10^353 | 4375 | 75 |
| iv_004 | 2.3966747479873223 × 10^354 | 4466 | 80 |
| iv_006 | 2.5266534695267546 × 10^354 | 4401 | 80 |
| iv_007 | 3.314747714017129 × 10^354 | 4358 | 81 |
| iv_008 | 4.207972627957278 × 10^354 | 4447 | 69 |
| iv_009 | 5.322610764235594 × 10^354 | 4626 | 84 |
| iv_010 | 6.829360443352383 × 10^354 | 4484 | 83 |
| iv_011 | 8.953809017599511 × 10^354 | 4645 | 63 |
| iv_012 | 1.1360168796612363 × 10^355 | 4186 | 86 |
| iv_013 | 1.411047799801738 × 10^355 | 4538 | 78 |
| iv_014 | 1.7274550083710168 × 10^355 | 4685 | 83 |
| iv_015 | 2.003536881543994 × 10^355 | 4855 | 86 |
| iv_016 | 1.4494687477645906 × 10^352 | 4505 | 79 |

### Input Bits Sorted by Complexity

| Input Bit | Complexity | Occurrences | Output Occurrences |
|:---------:|:----------:|:-----------:|:------------------:|
| iv_016 | 1.4494687477645906 × 10^352 | 4505 | 79 |
| iv_001 | 4.425934912234279 × 10^352 | 4575 | 75 |
| iv_002 | 1.9157639999555123 × 10^353 | 4364 | 80 |
| iv_003 | 5.51128653134454 × 10^353 | 4375 | 75 |
| iv_004 | 2.3966747479873223 × 10^354 | 4466 | 80 |
| iv_006 | 2.5266534695267546 × 10^354 | 4401 | 80 |
| iv_007 | 3.314747714017129 × 10^354 | 4358 | 81 |
| iv_008 | 4.207972627957278 × 10^354 | 4447 | 69 |
| iv_009 | 5.322610764235594 × 10^354 | 4626 | 84 |
| iv_010 | 6.829360443352383 × 10^354 | 4484 | 83 |
| iv_011 | 8.953809017599511 × 10^354 | 4645 | 63 |
| iv_012 | 1.1360168796612363 × 10^355 | 4186 | 86 |
| iv_013 | 1.411047799801738 × 10^355 | 4538 | 78 |
| iv_014 | 1.7274550083710168 × 10^355 | 4685 | 83 |
| iv_015 | 2.003536881543994 × 10^355 | 4855 | 86 |

### Input Bits Sorted by Occurrences

| Input Bit | Complexity | Occurrences | Output Occurrences |
|:---------:|:----------:|:-----------:|:------------------:|
| iv_012 | 1.1360168796612363 × 10^355 | 4186 | 86 |
| iv_007 | 3.314747714017129 × 10^354 | 4358 | 81 |
| iv_002 | 1.9157639999555123 × 10^353 | 4364 | 80 |
| iv_003 | 5.51128653134454 × 10^353 | 4375 | 75 |
| iv_006 | 2.5266534695267546 × 10^354 | 4401 | 80 |
| iv_008 | 4.207972627957278 × 10^354 | 4447 | 69 |
| iv_004 | 2.3966747479873223 × 10^354 | 4466 | 80 |
| iv_010 | 6.829360443352383 × 10^354 | 4484 | 83 |
| iv_016 | 1.4494687477645906 × 10^352 | 4505 | 79 |
| iv_013 | 1.411047799801738 × 10^355 | 4538 | 78 |
| iv_001 | 4.425934912234279 × 10^352 | 4575 | 75 |
| iv_009 | 5.322610764235594 × 10^354 | 4626 | 84 |
| iv_011 | 8.953809017599511 × 10^354 | 4645 | 63 |
| iv_014 | 1.7274550083710168 × 10^355 | 4685 | 83 |
| iv_015 | 2.003536881543994 × 10^355 | 4855 | 86 |

### Input Bits Sorted by Output Occurrences

| Input Bit | Complexity | Occurrences | Output Occurrences |
|:---------:|:----------:|:-----------:|:------------------:|
| iv_011 | 8.953809017599511 × 10^354 | 4645 | 63 |
| iv_008 | 4.207972627957278 × 10^354 | 4447 | 69 |
| iv_003 | 5.51128653134454 × 10^353 | 4375 | 75 |
| iv_001 | 4.425934912234279 × 10^352 | 4575 | 75 |
| iv_013 | 1.411047799801738 × 10^355 | 4538 | 78 |
| iv_016 | 1.4494687477645906 × 10^352 | 4505 | 79 |
| iv_002 | 1.9157639999555123 × 10^353 | 4364 | 80 |
| iv_004 | 2.3966747479873223 × 10^354 | 4466 | 80 |
| iv_006 | 2.5266534695267546 × 10^354 | 4401 | 80 |
| iv_007 | 3.314747714017129 × 10^354 | 4358 | 81 |
| iv_010 | 6.829360443352383 × 10^354 | 4484 | 83 |
| iv_014 | 1.7274550083710168 × 10^355 | 4685 | 83 |
| iv_009 | 5.322610764235594 × 10^354 | 4626 | 84 |
| iv_015 | 2.003536881543994 × 10^355 | 4855 | 86 |
| iv_012 | 1.1360168796612363 × 10^355 | 4186 | 86 |

## Input Bit Co-occurrences

### Input Bit Co-occurrences Sorted by Co-occurrences

| Input Bits | Co-occurrences | Potential Occurrences | Output Co-occurrences | Potential Output Occurrences |
|:----------:|:--------------:|:---------------------:|:---------------------:|:----------------------------:|
| iv_014-iv_015 | 2314 | 4912 | 39 | 91 |
| iv_008-iv_009 | 2314 | 4445 | 38 | 77 |
| iv_009-iv_015 | 2314 | 4853 | 45 | 80 |
| iv_009-iv_014 | 2273 | 4765 | 45 | 77 |
| iv_010-iv_015 | 2248 | 4843 | 44 | 81 |
| iv_009-iv_011 | 2245 | 4781 | 33 | 81 |
| iv_001-iv_006 | 2241 | 4494 | 39 | 77 |
| iv_009-iv_010 | 2234 | 4642 | 47 | 73 |
| iv_013-iv_014 | 2203 | 4817 | 40 | 81 |
| iv_013-iv_015 | 2197 | 4999 | 46 | 72 |
| iv_008-iv_014 | 2197 | 4738 | 43 | 66 |
| iv_003-iv_013 | 2188 | 4537 | 36 | 81 |
| iv_004-iv_011 | 2183 | 4745 | 34 | 75 |
| iv_001-iv_016 | 2182 | 4716 | 37 | 80 |
| iv_008-iv_013 | 2180 | 4625 | 34 | 79 |

### Input Bit Co-occurrences Sorted by Potential Occurrences

| Input Bits | Co-occurrences | Potential Occurrences | Output Co-occurrences | Potential Output Occurrences |
|:----------:|:--------------:|:---------------------:|:---------------------:|:----------------------------:|
| iv_002-iv_007 | 2170 | 4382 | 42 | 77 |
| iv_002-iv_012 | 2056 | 4438 | 42 | 82 |
| iv_008-iv_009 | 2314 | 4445 | 38 | 77 |
| iv_003-iv_012 | 2037 | 4487 | 42 | 77 |
| iv_007-iv_012 | 2027 | 4490 | 45 | 77 |
| iv_001-iv_006 | 2241 | 4494 | 39 | 77 |
| iv_003-iv_013 | 2188 | 4537 | 36 | 81 |
| iv_003-iv_008 | 2141 | 4540 | 34 | 76 |
| iv_008-iv_012 | 2031 | 4571 | 37 | 81 |
| iv_003-iv_007 | 2057 | 4619 | 42 | 72 |
| iv_008-iv_013 | 2180 | 4625 | 34 | 79 |
| iv_012-iv_013 | 2047 | 4630 | 42 | 80 |
| iv_009-iv_010 | 2234 | 4642 | 47 | 73 |
| iv_002-iv_008 | 2081 | 4649 | 33 | 83 |
| iv_002-iv_003 | 2040 | 4659 | 39 | 77 |

### Input Bit Output Co-occurrences Sorted by Output Co-occurrences

| Input Bits | Co-occurrences | Potential Occurrences | Output Co-occurrences | Potential Output Occurrences |
|:----------:|:--------------:|:---------------------:|:---------------------:|:----------------------------:|
| iv_002-iv_006 | 2031 | 4703 | 47 | 66 |
| iv_006-iv_015 | 2054 | 5148 | 47 | 72 |
| iv_009-iv_010 | 2234 | 4642 | 47 | 73 |
| iv_013-iv_015 | 2197 | 4999 | 46 | 72 |
| iv_012-iv_015 | 2032 | 4977 | 46 | 80 |
| iv_001-iv_009 | 2166 | 4869 | 46 | 67 |
| iv_002-iv_010 | 2043 | 4762 | 45 | 73 |
| iv_006-iv_007 | 2042 | 4675 | 45 | 71 |
| iv_009-iv_014 | 2273 | 4765 | 45 | 77 |
| iv_009-iv_015 | 2314 | 4853 | 45 | 80 |
| iv_007-iv_012 | 2027 | 4490 | 45 | 77 |
| iv_002-iv_014 | 2129 | 4791 | 44 | 75 |
| iv_004-iv_013 | 1992 | 5020 | 44 | 70 |
| iv_007-iv_015 | 2105 | 5003 | 44 | 79 |
| iv_010-iv_014 | 2178 | 4813 | 44 | 78 |

### Input Bit Output Co-occurrences Sorted by Potential Output Occurrences

| Input Bits | Co-occurrences | Potential Occurrences | Output Co-occurrences | Potential Output Occurrences |
|:----------:|:--------------:|:---------------------:|:---------------------:|:----------------------------:|
| iv_002-iv_006 | 2031 | 4703 | 47 | 66 |
| iv_008-iv_014 | 2197 | 4738 | 43 | 66 |
| iv_001-iv_009 | 2166 | 4869 | 46 | 67 |
| iv_004-iv_013 | 1992 | 5020 | 44 | 70 |
| iv_001-iv_010 | 2111 | 4837 | 44 | 70 |
| iv_006-iv_007 | 2042 | 4675 | 45 | 71 |
| iv_006-iv_015 | 2054 | 5148 | 47 | 72 |
| iv_013-iv_015 | 2197 | 4999 | 46 | 72 |
| iv_003-iv_007 | 2057 | 4619 | 42 | 72 |
| iv_001-iv_003 | 2012 | 4926 | 39 | 72 |
| iv_002-iv_010 | 2043 | 4762 | 45 | 73 |
| iv_009-iv_010 | 2234 | 4642 | 47 | 73 |
| iv_006-iv_008 | 2015 | 4818 | 38 | 73 |
| iv_007-iv_008 | 2055 | 4695 | 38 | 74 |
| iv_008-iv_010 | 2015 | 4901 | 39 | 74 |

## Output Bits

### Output Bits in Regular Order

| Rank | Output Bit | Complexity |
|:----:|:----------:|:----------:|
| 1 | ov_001 | 1.4869994315729509 × 10^355 |
| 2 | ov_002 | 1.2984407062708125 × 10^355 |
| 3 | ov_003 | 1.1289698671825232 × 10^355 |
| 4 | ov_004 | 9.770749924083354 × 10^354 |
| 5 | ov_005 | 8.413286370940485 × 10^354 |
| 6 | ov_006 | 7.203819553448043 × 10^354 |
| 7 | ov_007 | 6.129595223337959 × 10^354 |
| 8 | ov_008 | 5.178547868849044 × 10^354 |
| 9 | ov_009 | 4.339261012229146 × 10^354 |
| 10 | ov_010 | 3.6009329001969476 × 10^354 |
| 11 | ov_011 | 2.958312375445727 × 10^354 |
| 12 | ov_012 | 2.406434301866692 × 10^354 |
| 13 | ov_013 | 1.936183490135601 × 10^354 |
| 14 | ov_014 | 1.538968139637806 × 10^354 |
| 15 | ov_015 | 1.206706097926618 × 10^354 |
| 16 | ov_016 | 9.318138517368691 × 10^353 |
| 17 | ov_017 | 7.071978536743327 × 10^353 |
| 18 | ov_018 | 5.262478212043122 × 10^353 |
| 19 | ov_019 | 3.828316765909641 × 10^353 |
| 20 | ov_020 | 2.7129182810924826 × 10^353 |
| 21 | ov_021 | 1.8644252426277757 × 10^353 |
| 22 | ov_022 | 1.235680439744399 × 10^353 |
| 23 | ov_023 | 7.842151683619038 × 10^352 |
| 24 | ov_024 | 4.72241985567184 × 10^352 |
| 25 | ov_025 | 2.6665057762386177 × 10^352 |
| 26 | ov_026 | 1.390056118386533 × 10^352 |
| 27 | ov_027 | 6.554574278470526 × 10^351 |
| 28 | ov_028 | 2.718321717041244 × 10^351 |
| 29 | ov_029 | 9.503745513329012 × 10^350 |
| 30 | ov_030 | 2.6096855630113268 × 10^350 |
| 31 | ov_031 | 5.092473547110645 × 10^349 |
| 32 | lv_80_m31 | 9.93603039433983 × 10^348 |
| 33 | ov_033 | 1.2301812707414581 × 10^350 |
| 34 | ov_034 | 1.0733970768193234 × 10^350 |
| 35 | ov_035 | 9.329611484284859 × 10^349 |
| 36 | ov_036 | 8.074895610569084 × 10^349 |
| 37 | ov_037 | 6.956834224590524 × 10^349 |
| 38 | ov_038 | 5.963231183976177 × 10^349 |
| 39 | ov_039 | 5.082630697277029 × 10^349 |
| 40 | ov_040 | 4.304269731398425 × 10^349 |
| 41 | ov_041 | 3.6180349903509915 × 10^349 |
| 42 | ov_042 | 3.0144242096937183 × 10^349 |
| 43 | ov_043 | 2.4845115189837744 × 10^349 |
| 44 | ov_044 | 2.0239739984274947 × 10^349 |
| 45 | ov_045 | 1.6287542806067767 × 10^349 |
| 46 | ov_046 | 1.2950478089364026 × 10^349 |
| 47 | ov_047 | 1.0159609322048725 × 10^349 |
| 48 | ov_048 | 7.850559424515319 × 10^348 |
| 49 | ov_049 | 5.963359264030403 × 10^348 |
| 50 | ov_050 | 4.442320724987249 × 10^348 |
| 51 | ov_051 | 3.2359321096810536 × 10^348 |
| 52 | ov_052 | 2.2967736498980436 × 10^348 |
| 53 | ov_053 | 1.5814509131277414 × 10^348 |
| 54 | ov_054 | 1.0505438892542777 × 10^348 |
| 55 | ov_055 | 6.685695446854427 × 10^347 |
| 56 | ov_056 | 4.039556314241384 × 10^347 |
| 57 | ov_057 | 2.290235388369943 × 10^347 |
| 58 | ov_058 | 1.1997799447347737 × 10^347 |
| 59 | ov_059 | 5.690152937720805 × 10^346 |
| 60 | ov_060 | 2.375190609370995 × 10^346 |
| 61 | ov_061 | 8.361134247494605 × 10^345 |
| 62 | ov_062 | 2.3120079785996684 × 10^345 |
| 63 | ov_063 | 4.545666342181103 × 10^344 |
| 64 | lv_79_m31 | 8.93642168458755 × 10^343 |
| 65 | ov_065 | 1.2252159512814116 × 10^345 |
| 66 | ov_066 | 1.2251790728161442 × 10^345 |
| 67 | ov_067 | 1.2251672672672488 × 10^345 |
| 68 | ov_068 | 1.102003258433704 × 10^345 |
| 69 | ov_069 | 9.880285140789775 × 10^344 |
| 70 | ov_070 | 8.827261411517026 × 10^344 |
| 71 | ov_071 | 7.856163746901294 × 10^344 |
| 72 | ov_072 | 6.962521577478852 × 10^344 |
| 73 | ov_073 | 6.142151481671867 × 10^344 |
| 74 | ov_074 | 5.3911208244794635 × 10^344 |
| 75 | ov_075 | 4.705713844492991 × 10^344 |
| 76 | ov_076 | 4.0823999991077125 × 10^344 |
| 77 | ov_077 | 3.517805255884686 × 10^344 |
| 78 | ov_078 | 3.0086865623109205 × 10^344 |
| 79 | ov_079 | 2.5519092959087668 × 10^344 |
| 80 | ov_080 | 2.14442750065929 × 10^344 |
| 81 | ov_081 | 1.7832667188213246 × 10^344 |
| 82 | ov_082 | 1.4655092295940013 × 10^344 |
| 83 | ov_083 | 1.1882815078133345 × 10^344 |
| 84 | ov_084 | 9.487437171129243 × 10^343 |
| 85 | ov_085 | 7.440810528296804 × 10^343 |
| 86 | ov_086 | 5.71496750493062 × 10^343 |
| 87 | ov_087 | 4.282065760816876 × 10^343 |
| 88 | ov_088 | 3.114346144331485 × 10^343 |
| 89 | ov_089 | 2.1841017230097865 × 10^343 |
| 90 | ov_090 | 1.4636561260053855 × 10^343 |
| 91 | ov_091 | 9.253493640418934 × 10^342 |
| 92 | ov_092 | 5.4152930803523775 × 10^342 |
| 93 | ov_093 | 2.845470988962836 × 10^342 |
| 94 | ov_094 | 1.2675499739263396 × 10^342 |
| 95 | aaa_78_28 | 4.050555809320769 × 10^341 |
| 96 | aaa_78_29 | 1.520328731451571 × 10^341 |
| 97 | ov_097 | 1.4528881236408261 × 10^341 |
| 98 | ov_098 | 1.4528841423043906 × 10^341 |
| 99 | ov_099 | 1.4528831784269712 × 10^341 |
| 100 | ov_100 | 1.2680226605259929 × 10^341 |
| 101 | ov_101 | 1.1020276110651054 × 10^341 |
| 102 | ov_102 | 9.534001873054585 × 10^340 |
| 103 | ov_103 | 8.207265125815466 × 10^340 |
| 104 | ov_104 | 7.0267102361534 × 10^340 |
| 105 | ov_105 | 5.97971499708071 × 10^340 |
| 106 | ov_106 | 5.054346917362571 × 10^340 |
| 107 | ov_107 | 4.2393247775781544 × 10^340 |
| 108 | ov_108 | 3.523984890662775 × 10^340 |
| 109 | ov_109 | 2.8982516664192452 × 10^340 |
| 110 | ov_110 | 2.3572309127668425 × 10^340 |
| 111 | ov_111 | 1.8963038627558055 × 10^340 |
| 112 | ov_112 | 1.5070207507026983 × 10^340 |
| 113 | ov_113 | 1.1814388199284346 × 10^340 |
| 114 | ov_114 | 9.121097887246945 × 10^339 |
| 115 | ov_115 | 6.920698835828572 × 10^339 |
| 116 | ov_116 | 5.14832126513369 × 10^339 |
| 117 | ov_117 | 3.743805187239953 × 10^339 |
| 118 | ov_118 | 2.651657730841277 × 10^339 |
| 119 | ov_119 | 1.821022841517695 × 10^339 |
| 120 | ov_120 | 1.205660608354062 × 10^339 |
| 121 | ov_121 | 7.639338302883174 × 10^338 |
| 122 | ov_122 | 4.587997980758036 × 10^338 |
| 123 | ov_123 | 2.5780563019013476 × 10^338 |
| 124 | ov_124 | 1.330858618669026 × 10^338 |
| 125 | ov_125 | 6.136133689638925 × 10^337 |
| 126 | ov_126 | 2.3938770001882574 × 10^337 |
| 127 | aaa_77_28 | 6.7106057369203095 × 10^336 |
| 128 | aaa_77_29 | 2.042322818620304 × 10^336 |
| 129 | ov_129 | 1.2172373505330084 × 10^336 |
| 130 | ov_130 | 1.2172333684989928 × 10^336 |
| 131 | ov_131 | 1.217232402592132 × 10^336 |
| 132 | ov_132 | 1.0622492040155204 × 10^336 |
| 133 | ov_133 | 9.240628502963492 × 10^335 |
| 134 | ov_134 | 8.011858591709986 × 10^335 |
| 135 | ov_135 | 6.922154414886615 × 10^335 |
| 136 | ov_136 | 5.95827699536792 × 10^335 |
| 137 | ov_137 | 5.107724635282388 × 10^335 |
| 138 | ov_138 | 4.358687053026387 × 10^335 |
| 139 | ov_139 | 3.7000048568357116 × 10^335 |
| 140 | ov_140 | 3.121133990207794 × 10^335 |
| 141 | ov_141 | 2.612114804933905 × 10^335 |
| 142 | ov_142 | 2.1635454372834208 × 10^335 |
| 143 | ov_143 | 1.7708613326455988 × 10^335 |
| 144 | ov_144 | 1.4297603404882663 × 10^335 |
| 145 | ov_145 | 1.1361941503902785 × 10^335 |
| 146 | ov_146 | 8.863613572741732 × 10^334 |
| 147 | ov_147 | 6.767019541439512 × 10^334 |
| 148 | ov_148 | 5.038930384091376 × 10^334 |
| 149 | ov_149 | 3.6484553564616036 × 10^334 |
| 150 | ov_150 | 2.567017623567003 × 10^334 |
| 151 | ov_151 | 1.7443402337142297 × 10^334 |
| 152 | ov_152 | 1.134706252520594 × 10^334 |
| 153 | ov_153 | 6.969454951426496 × 10^333 |
| 154 | ov_154 | 3.944263919706936 × 10^333 |
| 155 | ov_155 | 1.9505135175422023 × 10^333 |
| 156 | aaa_76_25 | 7.12544017046868 × 10^332 |
| 157 | aaa_76_26 | 3.721732236488348 × 10^332 |
| 158 | aaa_76_27 | 1.7155821347710406 × 10^332 |
| 159 | aaa_76_28 | 6.691967799951822 × 10^331 |
| 160 | aaa_76_29 | 2.0396576413811028 × 10^331 |

### Output Bits Sorted by Complexity

| Rank | Output Bit | Complexity |
|:----:|:----------:|:----------:|
| 160 | aaa_76_29 | 2.0396576413811028 × 10^331 |
| 159 | aaa_76_28 | 6.691967799951822 × 10^331 |
| 158 | aaa_76_27 | 1.7155821347710406 × 10^332 |
| 157 | aaa_76_26 | 3.721732236488348 × 10^332 |
| 156 | aaa_76_25 | 7.12544017046868 × 10^332 |
| 155 | ov_155 | 1.9505135175422023 × 10^333 |
| 154 | ov_154 | 3.944263919706936 × 10^333 |
| 153 | ov_153 | 6.969454951426496 × 10^333 |
| 152 | ov_152 | 1.134706252520594 × 10^334 |
| 151 | ov_151 | 1.7443402337142297 × 10^334 |
| 150 | ov_150 | 2.567017623567003 × 10^334 |
| 149 | ov_149 | 3.6484553564616036 × 10^334 |
| 148 | ov_148 | 5.038930384091376 × 10^334 |
| 147 | ov_147 | 6.767019541439512 × 10^334 |
| 146 | ov_146 | 8.863613572741732 × 10^334 |
| 145 | ov_145 | 1.1361941503902785 × 10^335 |
| 144 | ov_144 | 1.4297603404882663 × 10^335 |
| 143 | ov_143 | 1.7708613326455988 × 10^335 |
| 142 | ov_142 | 2.1635454372834208 × 10^335 |
| 141 | ov_141 | 2.612114804933905 × 10^335 |
| 140 | ov_140 | 3.121133990207794 × 10^335 |
| 139 | ov_139 | 3.7000048568357116 × 10^335 |
| 138 | ov_138 | 4.358687053026387 × 10^335 |
| 137 | ov_137 | 5.107724635282388 × 10^335 |
| 136 | ov_136 | 5.95827699536792 × 10^335 |
| 135 | ov_135 | 6.922154414886615 × 10^335 |
| 134 | ov_134 | 8.011858591709986 × 10^335 |
| 133 | ov_133 | 9.240628502963492 × 10^335 |
| 132 | ov_132 | 1.0622492040155204 × 10^336 |
| 131 | ov_131 | 1.217232402592132 × 10^336 |
| 130 | ov_130 | 1.2172333684989928 × 10^336 |
| 129 | ov_129 | 1.2172373505330084 × 10^336 |
| 128 | aaa_77_29 | 2.042322818620304 × 10^336 |
| 127 | aaa_77_28 | 6.7106057369203095 × 10^336 |
| 126 | ov_126 | 2.3938770001882574 × 10^337 |
| 125 | ov_125 | 6.136133689638925 × 10^337 |
| 124 | ov_124 | 1.330858618669026 × 10^338 |
| 123 | ov_123 | 2.5780563019013476 × 10^338 |
| 122 | ov_122 | 4.587997980758036 × 10^338 |
| 121 | ov_121 | 7.639338302883174 × 10^338 |
| 120 | ov_120 | 1.205660608354062 × 10^339 |
| 119 | ov_119 | 1.821022841517695 × 10^339 |
| 118 | ov_118 | 2.651657730841277 × 10^339 |
| 117 | ov_117 | 3.743805187239953 × 10^339 |
| 116 | ov_116 | 5.14832126513369 × 10^339 |
| 115 | ov_115 | 6.920698835828572 × 10^339 |
| 114 | ov_114 | 9.121097887246945 × 10^339 |
| 113 | ov_113 | 1.1814388199284346 × 10^340 |
| 112 | ov_112 | 1.5070207507026983 × 10^340 |
| 111 | ov_111 | 1.8963038627558055 × 10^340 |
| 110 | ov_110 | 2.3572309127668425 × 10^340 |
| 109 | ov_109 | 2.8982516664192452 × 10^340 |
| 108 | ov_108 | 3.523984890662775 × 10^340 |
| 107 | ov_107 | 4.2393247775781544 × 10^340 |
| 106 | ov_106 | 5.054346917362571 × 10^340 |
| 105 | ov_105 | 5.97971499708071 × 10^340 |
| 104 | ov_104 | 7.0267102361534 × 10^340 |
| 103 | ov_103 | 8.207265125815466 × 10^340 |
| 102 | ov_102 | 9.534001873054585 × 10^340 |
| 101 | ov_101 | 1.1020276110651054 × 10^341 |
| 100 | ov_100 | 1.2680226605259929 × 10^341 |
| 99 | ov_099 | 1.4528831784269712 × 10^341 |
| 98 | ov_098 | 1.4528841423043906 × 10^341 |
| 97 | ov_097 | 1.4528881236408261 × 10^341 |
| 96 | aaa_78_29 | 1.520328731451571 × 10^341 |
| 95 | aaa_78_28 | 4.050555809320769 × 10^341 |
| 94 | ov_094 | 1.2675499739263396 × 10^342 |
| 93 | ov_093 | 2.845470988962836 × 10^342 |
| 92 | ov_092 | 5.4152930803523775 × 10^342 |
| 91 | ov_091 | 9.253493640418934 × 10^342 |
| 90 | ov_090 | 1.4636561260053855 × 10^343 |
| 89 | ov_089 | 2.1841017230097865 × 10^343 |
| 88 | ov_088 | 3.114346144331485 × 10^343 |
| 87 | ov_087 | 4.282065760816876 × 10^343 |
| 86 | ov_086 | 5.71496750493062 × 10^343 |
| 85 | ov_085 | 7.440810528296804 × 10^343 |
| 64 | lv_79_m31 | 8.93642168458755 × 10^343 |
| 84 | ov_084 | 9.487437171129243 × 10^343 |
| 83 | ov_083 | 1.1882815078133345 × 10^344 |
| 82 | ov_082 | 1.4655092295940013 × 10^344 |
| 81 | ov_081 | 1.7832667188213246 × 10^344 |
| 80 | ov_080 | 2.14442750065929 × 10^344 |
| 79 | ov_079 | 2.5519092959087668 × 10^344 |
| 78 | ov_078 | 3.0086865623109205 × 10^344 |
| 77 | ov_077 | 3.517805255884686 × 10^344 |
| 76 | ov_076 | 4.0823999991077125 × 10^344 |
| 63 | ov_063 | 4.545666342181103 × 10^344 |
| 75 | ov_075 | 4.705713844492991 × 10^344 |
| 74 | ov_074 | 5.3911208244794635 × 10^344 |
| 73 | ov_073 | 6.142151481671867 × 10^344 |
| 72 | ov_072 | 6.962521577478852 × 10^344 |
| 71 | ov_071 | 7.856163746901294 × 10^344 |
| 70 | ov_070 | 8.827261411517026 × 10^344 |
| 69 | ov_069 | 9.880285140789775 × 10^344 |
| 68 | ov_068 | 1.102003258433704 × 10^345 |
| 67 | ov_067 | 1.2251672672672488 × 10^345 |
| 66 | ov_066 | 1.2251790728161442 × 10^345 |
| 65 | ov_065 | 1.2252159512814116 × 10^345 |
| 62 | ov_062 | 2.3120079785996684 × 10^345 |
| 61 | ov_061 | 8.361134247494605 × 10^345 |
| 60 | ov_060 | 2.375190609370995 × 10^346 |
| 59 | ov_059 | 5.690152937720805 × 10^346 |
| 58 | ov_058 | 1.1997799447347737 × 10^347 |
| 57 | ov_057 | 2.290235388369943 × 10^347 |
| 56 | ov_056 | 4.039556314241384 × 10^347 |
| 55 | ov_055 | 6.685695446854427 × 10^347 |
| 54 | ov_054 | 1.0505438892542777 × 10^348 |
| 53 | ov_053 | 1.5814509131277414 × 10^348 |
| 52 | ov_052 | 2.2967736498980436 × 10^348 |
| 51 | ov_051 | 3.2359321096810536 × 10^348 |
| 50 | ov_050 | 4.442320724987249 × 10^348 |
| 49 | ov_049 | 5.963359264030403 × 10^348 |
| 48 | ov_048 | 7.850559424515319 × 10^348 |
| 32 | lv_80_m31 | 9.93603039433983 × 10^348 |
| 47 | ov_047 | 1.0159609322048725 × 10^349 |
| 46 | ov_046 | 1.2950478089364026 × 10^349 |
| 45 | ov_045 | 1.6287542806067767 × 10^349 |
| 44 | ov_044 | 2.0239739984274947 × 10^349 |
| 43 | ov_043 | 2.4845115189837744 × 10^349 |
| 42 | ov_042 | 3.0144242096937183 × 10^349 |
| 41 | ov_041 | 3.6180349903509915 × 10^349 |
| 40 | ov_040 | 4.304269731398425 × 10^349 |
| 39 | ov_039 | 5.082630697277029 × 10^349 |
| 31 | ov_031 | 5.092473547110645 × 10^349 |
| 38 | ov_038 | 5.963231183976177 × 10^349 |
| 37 | ov_037 | 6.956834224590524 × 10^349 |
| 36 | ov_036 | 8.074895610569084 × 10^349 |
| 35 | ov_035 | 9.329611484284859 × 10^349 |
| 34 | ov_034 | 1.0733970768193234 × 10^350 |
| 33 | ov_033 | 1.2301812707414581 × 10^350 |
| 30 | ov_030 | 2.6096855630113268 × 10^350 |
| 29 | ov_029 | 9.503745513329012 × 10^350 |
| 28 | ov_028 | 2.718321717041244 × 10^351 |
| 27 | ov_027 | 6.554574278470526 × 10^351 |
| 26 | ov_026 | 1.390056118386533 × 10^352 |
| 25 | ov_025 | 2.6665057762386177 × 10^352 |
| 24 | ov_024 | 4.72241985567184 × 10^352 |
| 23 | ov_023 | 7.842151683619038 × 10^352 |
| 22 | ov_022 | 1.235680439744399 × 10^353 |
| 21 | ov_021 | 1.8644252426277757 × 10^353 |
| 20 | ov_020 | 2.7129182810924826 × 10^353 |
| 19 | ov_019 | 3.828316765909641 × 10^353 |
| 18 | ov_018 | 5.262478212043122 × 10^353 |
| 17 | ov_017 | 7.071978536743327 × 10^353 |
| 16 | ov_016 | 9.318138517368691 × 10^353 |
| 15 | ov_015 | 1.206706097926618 × 10^354 |
| 14 | ov_014 | 1.538968139637806 × 10^354 |
| 13 | ov_013 | 1.936183490135601 × 10^354 |
| 12 | ov_012 | 2.406434301866692 × 10^354 |
| 11 | ov_011 | 2.958312375445727 × 10^354 |
| 10 | ov_010 | 3.6009329001969476 × 10^354 |
| 9 | ov_009 | 4.339261012229146 × 10^354 |
| 8 | ov_008 | 5.178547868849044 × 10^354 |
| 7 | ov_007 | 6.129595223337959 × 10^354 |
| 6 | ov_006 | 7.203819553448043 × 10^354 |
| 5 | ov_005 | 8.413286370940485 × 10^354 |
| 4 | ov_004 | 9.770749924083354 × 10^354 |
| 3 | ov_003 | 1.1289698671825232 × 10^355 |
| 2 | ov_002 | 1.2984407062708125 × 10^355 |
| 1 | ov_001 | 1.4869994315729509 × 10^355 |

