# Results for E009010-F017-F018-F019-F020-F021-F022-F023-F024-F025-F026-F027-F028-F029-F030-F031-F032-F033-F034-F035-F036-F037-F038-F039-F040-F041-F042-F043-F044-F045-F046-F047-F048-F049-F050-F051-F052-F053-F054-F055-F056-F057-F058-F059-F060-F061-F062-F063-F064-F065-F066-F067-F068-F069-F070-F071-F072-F073-F074-F075-F076-F077-F078-F079-F080-F081-F082-F083-F084-F085-F086-F087-F088-F089-F090-F091-F092-F093-F094-F095-F096-F097-F098-F099-F100-F101-F102-F103-F104-F105-F106-F107-F108-F109-F110-F111-F112-F113-F114-F115-F116-F117-F118-F119-F120-F121-F122-F123-F124-F125-F126-F127-F128-F129-F130-F131-F132-F133-F134-F135-F136-F137-F138-F139-F140-F141-F142-F143-F144-F145-F146-F147-F148-F149-F150-F151-F152-F153-F154-F155-F156-F157-F158-F159-F160-F161-F162-F163-F164-F165-F166-F167-F168-F169-F170-F171-F172-F173-F174-F175-F176-F177-F178-F179-F180-F181-F182-F183-F184-F185-F186-F187-F188-F189-F190-F191-F192-F193-F194-F195-F196-F197-F198-F199-F200-F201-F202-F203-F204-F205-F206-F207-F208-F209-F210-F211-F212-F213-F214-F215-F216-F217-F218-F219-F220-F221-F222-F223-F224-F225-F226-F227-F228-F229-F230-F231-F232-F233-F234-F235-F236-F237-F238-F239-F240-F241-F242-F243-F244-F245-F246-F247-F248-F249-F250-F251-F252-F253-F254-F255-F256-F257-F258-F259-F260-F261-F262-F263-F264-F265-F266-F267-F268-F269-F270-F271-F272-F273-F274-F275-F276-F277-F278-F279-F280-F281-F282-F283-F284-F285-F286-F287-F288-F289-F290-F291-F292-F293-F294-F295-F296-F297-F298-F299-F300-F301-F302-F303-F304-F305-F306-F307-F308-F309-F310-F311-F312-F313-F314-F315-F316-F317-F318-F319-F320-F321-F322-F323-F324-F325-F326-F327-F328-F329-F330-F331-F332-F333-F334-F335-F336-F337-F338-F339-F340-F341-F342-F343-F344-F345-F346-F347-F348-F349-F350-F351-F352-F353-F354-F355-F356-F357-F358-F359-F360-F361-F362-F363-F364-F365-F366-F367-F368-F369-F370-F371-F372-F373-F374-F375-F376-F377-F378-F379-F380-F381-F382-F383-F384-F385-F386-F387-F388-F389-F390-F391-F392-F393-F394-F395-F396-F397-F398-F399-F400-F401-F402-F403-F404-F405-F406-F407-F408-F409-F410-F411-F412-F413-F414-F415-F416-F417-F418-F419-F420-F421-F422-F423-F424-F425-F426-F427-F428-F429-F430-F431-F432-F433-F434-F435-F436-F437-F438-F439-F440-F441-F442-F443-F444-F445-F446-F447-F448-F449-F450-F451-F452-F453-F454-F455-F456-F457-F458-F459-F460-F461-F462-F463-F464-F465-F466-F467-F468-F469-F470-F471-F472-F473-F474-F475-F476-F477-F478-F479-F480-F481-F482-F483-F484-F485-F486-F487-F488-F489-F490-F491-F492-F493-F494-F495-F496-F497-F498-F499-F500-F501-F502-F503-F504-F505-F506-F507-F508-F509-F510-F511-F512

## Summary

Number of input bits: 512  
Number of free input bits: 15  
Number of output bits: 160

Number of direct occurrences: 67722  
Number of assignments: 39164  
Number of operations: 19117571
(xor: 19080030,
and: 20887,
or: 16654)

Total complexity: 9.300261916777138 × 10^355

Least occurring input variable: iv_012 (4187)  
Most occurring input variable: iv_015 (4854)

Most co-occurring input variables: iv_005-iv_015 (2353)  
Least co-occurring input variables: iv_012-iv_016 (1921)

Potentially most occurring input variable: iv_011/iv_015 (5217)  
Potentially least occurring input variable: iv_002/iv_007 (4380)

Least output occurring input variable: iv_011 (63)  
Most output occurring input variable: iv_012 (86)

Most output co-occurring input variables: iv_005-iv_015 (50)  
Least output co-occurring input variables: iv_005-iv_011 (20)

Potentially most output occurring input variable: iv_005/iv_011 (96)  
Potentially least output occurring input variable: iv_005/iv_015 (59)

Least complex input bit: iv_016 (1.4224317841521277 × 10^352)  
Most complex input bit: iv_015 (1.9782421721010444 × 10^355)

Least complex output bit: aaa_76_29 (1.9545750190914577 × 10^331)  
Most complex output bit: ov_001 (1.4236901223548478 × 10^355)

Least complex input/output complexity: iv_016/aaa_76_29 (2.9894315413311495 × 10^327)  
Most complex input/output complexity: iv_015/ov_001 (3.02830593939019 × 10^354)

## Input Bits

### Input Bits in Regular Order

| Input Bit | Complexity | Occurrences | Output Occurrences |
|:---------:|:----------:|:-----------:|:------------------:|
| iv_001 | 4.343377877901699 × 10^352 | 4570 | 75 |
| iv_002 | 1.8800292235853853 × 10^353 | 4363 | 80 |
| iv_003 | 5.4084844159932205 × 10^353 | 4376 | 75 |
| iv_004 | 1.1764438036822398 × 10^354 | 4542 | 77 |
| iv_005 | 1.8859603467357475 × 10^354 | 4618 | 73 |
| iv_006 | 2.60484080669659 × 10^354 | 4406 | 80 |
| iv_007 | 3.3782347167062485 × 10^354 | 4357 | 81 |
| iv_008 | 4.254798292115845 × 10^354 | 4445 | 69 |
| iv_009 | 7.915654668435934 × 10^354 | 4636 | 73 |
| iv_011 | 8.90756643438198 × 10^354 | 4643 | 63 |
| iv_012 | 1.126904034615283 × 10^355 | 4187 | 86 |
| iv_013 | 1.396804798626781 × 10^355 | 4539 | 78 |
| iv_014 | 1.7073100585007175 × 10^355 | 4683 | 83 |
| iv_015 | 1.9782421721010444 × 10^355 | 4854 | 86 |
| iv_016 | 1.4224317841521277 × 10^352 | 4503 | 79 |

### Input Bits Sorted by Complexity

| Input Bit | Complexity | Occurrences | Output Occurrences |
|:---------:|:----------:|:-----------:|:------------------:|
| iv_016 | 1.4224317841521277 × 10^352 | 4503 | 79 |
| iv_001 | 4.343377877901699 × 10^352 | 4570 | 75 |
| iv_002 | 1.8800292235853853 × 10^353 | 4363 | 80 |
| iv_003 | 5.4084844159932205 × 10^353 | 4376 | 75 |
| iv_004 | 1.1764438036822398 × 10^354 | 4542 | 77 |
| iv_005 | 1.8859603467357475 × 10^354 | 4618 | 73 |
| iv_006 | 2.60484080669659 × 10^354 | 4406 | 80 |
| iv_007 | 3.3782347167062485 × 10^354 | 4357 | 81 |
| iv_008 | 4.254798292115845 × 10^354 | 4445 | 69 |
| iv_009 | 7.915654668435934 × 10^354 | 4636 | 73 |
| iv_011 | 8.90756643438198 × 10^354 | 4643 | 63 |
| iv_012 | 1.126904034615283 × 10^355 | 4187 | 86 |
| iv_013 | 1.396804798626781 × 10^355 | 4539 | 78 |
| iv_014 | 1.7073100585007175 × 10^355 | 4683 | 83 |
| iv_015 | 1.9782421721010444 × 10^355 | 4854 | 86 |

### Input Bits Sorted by Occurrences

| Input Bit | Complexity | Occurrences | Output Occurrences |
|:---------:|:----------:|:-----------:|:------------------:|
| iv_012 | 1.126904034615283 × 10^355 | 4187 | 86 |
| iv_007 | 3.3782347167062485 × 10^354 | 4357 | 81 |
| iv_002 | 1.8800292235853853 × 10^353 | 4363 | 80 |
| iv_003 | 5.4084844159932205 × 10^353 | 4376 | 75 |
| iv_006 | 2.60484080669659 × 10^354 | 4406 | 80 |
| iv_008 | 4.254798292115845 × 10^354 | 4445 | 69 |
| iv_016 | 1.4224317841521277 × 10^352 | 4503 | 79 |
| iv_013 | 1.396804798626781 × 10^355 | 4539 | 78 |
| iv_004 | 1.1764438036822398 × 10^354 | 4542 | 77 |
| iv_001 | 4.343377877901699 × 10^352 | 4570 | 75 |
| iv_005 | 1.8859603467357475 × 10^354 | 4618 | 73 |
| iv_009 | 7.915654668435934 × 10^354 | 4636 | 73 |
| iv_011 | 8.90756643438198 × 10^354 | 4643 | 63 |
| iv_014 | 1.7073100585007175 × 10^355 | 4683 | 83 |
| iv_015 | 1.9782421721010444 × 10^355 | 4854 | 86 |

### Input Bits Sorted by Output Occurrences

| Input Bit | Complexity | Occurrences | Output Occurrences |
|:---------:|:----------:|:-----------:|:------------------:|
| iv_011 | 8.90756643438198 × 10^354 | 4643 | 63 |
| iv_008 | 4.254798292115845 × 10^354 | 4445 | 69 |
| iv_005 | 1.8859603467357475 × 10^354 | 4618 | 73 |
| iv_009 | 7.915654668435934 × 10^354 | 4636 | 73 |
| iv_003 | 5.4084844159932205 × 10^353 | 4376 | 75 |
| iv_001 | 4.343377877901699 × 10^352 | 4570 | 75 |
| iv_004 | 1.1764438036822398 × 10^354 | 4542 | 77 |
| iv_013 | 1.396804798626781 × 10^355 | 4539 | 78 |
| iv_016 | 1.4224317841521277 × 10^352 | 4503 | 79 |
| iv_002 | 1.8800292235853853 × 10^353 | 4363 | 80 |
| iv_006 | 2.60484080669659 × 10^354 | 4406 | 80 |
| iv_007 | 3.3782347167062485 × 10^354 | 4357 | 81 |
| iv_014 | 1.7073100585007175 × 10^355 | 4683 | 83 |
| iv_015 | 1.9782421721010444 × 10^355 | 4854 | 86 |
| iv_012 | 1.126904034615283 × 10^355 | 4187 | 86 |

## Input Bit Co-occurrences

### Input Bit Co-occurrences Sorted by Co-occurrences

| Input Bits | Co-occurrences | Potential Occurrences | Output Co-occurrences | Potential Output Occurrences |
|:----------:|:--------------:|:---------------------:|:---------------------:|:----------------------------:|
| iv_005-iv_015 | 2353 | 4766 | 50 | 59 |
| iv_004-iv_005 | 2346 | 4468 | 35 | 80 |
| iv_014-iv_015 | 2314 | 4909 | 39 | 91 |
| iv_001-iv_006 | 2241 | 4494 | 39 | 77 |
| iv_008-iv_009 | 2229 | 4623 | 35 | 72 |
| iv_009-iv_015 | 2226 | 5038 | 37 | 85 |
| iv_004-iv_009 | 2210 | 4758 | 38 | 74 |
| iv_013-iv_014 | 2203 | 4816 | 40 | 81 |
| iv_004-iv_014 | 2203 | 4819 | 41 | 78 |
| iv_013-iv_015 | 2197 | 4999 | 46 | 72 |
| iv_008-iv_014 | 2197 | 4734 | 43 | 66 |
| iv_005-iv_009 | 2193 | 4868 | 38 | 70 |
| iv_009-iv_014 | 2191 | 4937 | 41 | 74 |
| iv_003-iv_004 | 2188 | 4542 | 38 | 76 |
| iv_003-iv_013 | 2188 | 4539 | 36 | 81 |

### Input Bit Co-occurrences Sorted by Potential Occurrences

| Input Bits | Co-occurrences | Potential Occurrences | Output Co-occurrences | Potential Output Occurrences |
|:----------:|:--------------:|:---------------------:|:---------------------:|:----------------------------:|
| iv_002-iv_007 | 2170 | 4380 | 42 | 77 |
| iv_002-iv_012 | 2056 | 4438 | 42 | 82 |
| iv_004-iv_005 | 2346 | 4468 | 35 | 80 |
| iv_003-iv_012 | 2037 | 4489 | 42 | 77 |
| iv_007-iv_012 | 2027 | 4490 | 45 | 77 |
| iv_001-iv_006 | 2241 | 4494 | 39 | 77 |
| iv_003-iv_013 | 2188 | 4539 | 36 | 81 |
| iv_003-iv_008 | 2141 | 4539 | 34 | 76 |
| iv_003-iv_004 | 2188 | 4542 | 38 | 76 |
| iv_008-iv_012 | 2031 | 4570 | 37 | 81 |
| iv_003-iv_007 | 2057 | 4619 | 42 | 72 |
| iv_008-iv_009 | 2229 | 4623 | 35 | 72 |
| iv_008-iv_013 | 2180 | 4624 | 34 | 79 |
| iv_012-iv_013 | 2047 | 4632 | 42 | 80 |
| iv_002-iv_008 | 2081 | 4646 | 33 | 83 |

### Input Bit Output Co-occurrences Sorted by Output Co-occurrences

| Input Bits | Co-occurrences | Potential Occurrences | Output Co-occurrences | Potential Output Occurrences |
|:----------:|:--------------:|:---------------------:|:---------------------:|:----------------------------:|
| iv_005-iv_015 | 2353 | 4766 | 50 | 59 |
| iv_002-iv_006 | 2031 | 4707 | 47 | 66 |
| iv_006-iv_015 | 2054 | 5152 | 47 | 72 |
| iv_013-iv_015 | 2197 | 4999 | 46 | 72 |
| iv_012-iv_015 | 2033 | 4975 | 46 | 80 |
| iv_006-iv_007 | 2042 | 4679 | 45 | 71 |
| iv_007-iv_012 | 2027 | 4490 | 45 | 77 |
| iv_002-iv_014 | 2129 | 4788 | 44 | 75 |
| iv_007-iv_015 | 2104 | 5003 | 44 | 79 |
| iv_006-iv_012 | 1932 | 4729 | 44 | 78 |
| iv_004-iv_012 | 1969 | 4791 | 43 | 77 |
| iv_008-iv_014 | 2197 | 4734 | 43 | 66 |
| iv_012-iv_014 | 2041 | 4788 | 43 | 83 |
| iv_002-iv_007 | 2170 | 4380 | 42 | 77 |
| iv_007-iv_014 | 2108 | 4824 | 42 | 80 |

### Input Bit Output Co-occurrences Sorted by Potential Output Occurrences

| Input Bits | Co-occurrences | Potential Occurrences | Output Co-occurrences | Potential Output Occurrences |
|:----------:|:--------------:|:---------------------:|:---------------------:|:----------------------------:|
| iv_005-iv_015 | 2353 | 4766 | 50 | 59 |
| iv_002-iv_006 | 2031 | 4707 | 47 | 66 |
| iv_008-iv_014 | 2197 | 4734 | 43 | 66 |
| iv_004-iv_011 | 2066 | 5053 | 36 | 68 |
| iv_005-iv_009 | 2193 | 4868 | 38 | 70 |
| iv_005-iv_013 | 2089 | 4979 | 40 | 71 |
| iv_006-iv_007 | 2042 | 4679 | 45 | 71 |
| iv_004-iv_013 | 2141 | 4799 | 42 | 71 |
| iv_006-iv_015 | 2054 | 5152 | 47 | 72 |
| iv_013-iv_015 | 2197 | 4999 | 46 | 72 |
| iv_008-iv_009 | 2229 | 4623 | 35 | 72 |
| iv_009-iv_016 | 2092 | 4955 | 40 | 72 |
| iv_003-iv_007 | 2057 | 4619 | 42 | 72 |
| iv_001-iv_003 | 2012 | 4922 | 39 | 72 |
| iv_003-iv_005 | 2128 | 4738 | 38 | 72 |

## Output Bits

### Output Bits in Regular Order

| Rank | Output Bit | Complexity |
|:----:|:----------:|:----------:|
| 1 | ov_001 | 1.4236901223548478 × 10^355 |
| 2 | ov_002 | 1.2431672209266103 × 10^355 |
| 3 | ov_003 | 1.0809181868583877 × 10^355 |
| 4 | ov_004 | 9.354955278669448 × 10^354 |
| 5 | ov_005 | 8.05532653464445 × 10^354 |
| 6 | ov_006 | 6.897382420717239 × 10^354 |
| 7 | ov_007 | 5.868912791184282 × 10^354 |
| 8 | ov_008 | 4.95836699317385 × 10^354 |
| 9 | ov_009 | 4.1548158203048527 × 10^354 |
| 10 | ov_010 | 3.4479186343425023 × 10^354 |
| 11 | ov_011 | 2.832648461684717 × 10^354 |
| 12 | ov_012 | 2.3042521619887107 × 10^354 |
| 13 | ov_013 | 1.8540037665505086 × 10^354 |
| 14 | ov_014 | 1.4736783490465163 × 10^354 |
| 15 | ov_015 | 1.1555388581671465 × 10^354 |
| 16 | ov_016 | 8.923255678611016 × 10^353 |
| 17 | ov_017 | 6.772477658247243 × 10^353 |
| 18 | ov_018 | 5.039773320177116 × 10^353 |
| 19 | ov_019 | 3.66643889678657 × 10^353 |
| 20 | ov_020 | 2.598312416631525 × 10^353 |
| 21 | ov_021 | 1.7857483502824092 × 10^353 |
| 22 | ov_022 | 1.1836002671773035 × 10^353 |
| 23 | ov_023 | 7.51209530242857 × 10^352 |
| 24 | ov_024 | 4.523983526119344 × 10^352 |
| 25 | ov_025 | 2.554658379955547 × 10^352 |
| 26 | ov_026 | 1.3318592215686532 × 10^352 |
| 27 | ov_027 | 6.28064205890453 × 10^351 |
| 28 | ov_028 | 2.6048649866691885 × 10^351 |
| 29 | ov_029 | 9.107304672747567 × 10^350 |
| 30 | ov_030 | 2.5008247000176297 × 10^350 |
| 31 | ov_031 | 4.880045248096971 × 10^349 |
| 32 | lv_80_m31 | 9.521557149443874 × 10^348 |
| 33 | ov_033 | 1.178223276505869 × 10^350 |
| 34 | ov_034 | 1.0286212104185342 × 10^350 |
| 35 | ov_035 | 8.940434499911608 × 10^349 |
| 36 | ov_036 | 7.738058055420778 × 10^349 |
| 37 | ov_037 | 6.666635670355843 × 10^349 |
| 38 | ov_038 | 5.714479954280327 × 10^349 |
| 39 | ov_039 | 4.870612984558652 × 10^349 |
| 40 | ov_040 | 4.124720699070944 × 10^349 |
| 41 | ov_041 | 3.467111669559608 × 10^349 |
| 42 | ov_042 | 2.8886800106425143 × 10^349 |
| 43 | ov_043 | 2.380872187139418 × 10^349 |
| 44 | ov_044 | 1.9395456062608232 × 10^349 |
| 45 | ov_045 | 1.5608121502962819 × 10^349 |
| 46 | ov_046 | 1.2410259665745835 × 10^349 |
| 47 | ov_047 | 9.735809668116152 × 10^348 |
| 48 | ov_048 | 7.523079866805737 × 10^348 |
| 49 | ov_049 | 5.714602691581607 × 10^348 |
| 50 | ov_050 | 4.2570130102682106 × 10^348 |
| 51 | ov_051 | 3.1009478927923287 × 10^348 |
| 52 | ov_052 | 2.2009656471359883 × 10^348 |
| 53 | ov_053 | 1.5154820034531973 × 10^348 |
| 54 | ov_054 | 1.0067213245675914 × 10^348 |
| 55 | ov_055 | 6.406807221248512 × 10^347 |
| 56 | ov_056 | 3.8710495819695754 × 10^347 |
| 57 | ov_057 | 2.1947001237501825 × 10^347 |
| 58 | ov_058 | 1.149732122101442 × 10^347 |
| 59 | ov_059 | 5.452792939970102 × 10^346 |
| 60 | ov_060 | 2.2761115083576566 × 10^346 |
| 61 | ov_061 | 8.012356485648793 × 10^345 |
| 62 | ov_062 | 2.2155644884850014 × 10^345 |
| 63 | ov_063 | 4.3560476509851304 × 10^344 |
| 64 | lv_79_m31 | 8.563646285724082 × 10^343 |
| 65 | ov_065 | 1.1741070867880848 × 10^345 |
| 66 | ov_066 | 1.1740717466773272 × 10^345 |
| 67 | ov_067 | 1.174060433587086 × 10^345 |
| 68 | ov_068 | 1.0560341089563508 × 10^345 |
| 69 | ov_069 | 9.468137262786782 × 10^344 |
| 70 | ov_070 | 8.459039542664803 × 10^344 |
| 71 | ov_071 | 7.528450409544047 × 10^344 |
| 72 | ov_072 | 6.672085780048151 × 10^344 |
| 73 | ov_073 | 5.885936740551383 × 10^344 |
| 74 | ov_074 | 5.1662347026514693 × 10^344 |
| 75 | ov_075 | 4.509418904836819 × 10^344 |
| 76 | ov_076 | 3.912106078151381 × 10^344 |
| 77 | ov_077 | 3.3710629351134895 × 10^344 |
| 78 | ov_078 | 2.883181704448747 × 10^344 |
| 79 | ov_079 | 2.445458521849341 × 10^344 |
| 80 | ov_080 | 2.0549744908185903 × 10^344 |
| 81 | ov_081 | 1.7088792306463805 × 10^344 |
| 82 | ov_082 | 1.4043767308286174 × 10^344 |
| 83 | ov_083 | 1.1387133329138478 × 10^344 |
| 84 | ov_084 | 9.091676619480316 × 10^343 |
| 85 | ov_085 | 7.130423305037502 × 10^343 |
| 86 | ov_086 | 5.476572388145059 × 10^343 |
| 87 | ov_087 | 4.103442948656935 × 10^343 |
| 88 | ov_088 | 2.9844337848739697 × 10^343 |
| 89 | ov_089 | 2.0929937359776213 × 10^343 |
| 90 | ov_090 | 1.402600927915122 × 10^343 |
| 91 | ov_091 | 8.867491848601417 × 10^342 |
| 92 | ov_092 | 5.189398632972783 × 10^342 |
| 93 | ov_093 | 2.7267745330095044 × 10^342 |
| 94 | ov_094 | 1.2146751808842098 × 10^342 |
| 95 | aaa_78_28 | 3.881590242259127 × 10^341 |
| 96 | aaa_78_29 | 1.456909482755206 × 10^341 |
| 97 | ov_097 | 1.3922821038143124 × 10^341 |
| 98 | ov_098 | 1.3922782885560153 × 10^341 |
| 99 | ov_099 | 1.392277364885941 × 10^341 |
| 100 | ov_100 | 1.2151281497554542 × 10^341 |
| 101 | ov_101 | 1.0560574457379858 × 10^341 |
| 102 | ov_102 | 9.136298913588992 × 10^340 |
| 103 | ov_103 | 7.864905886419828 × 10^340 |
| 104 | ov_104 | 6.73359686220668 × 10^340 |
| 105 | ov_105 | 5.73027615882948 × 10^340 |
| 106 | ov_106 | 4.8435090390019635 × 10^340 |
| 107 | ov_107 | 4.06248486998975 × 10^340 |
| 108 | ov_108 | 3.3769847915659205 × 10^340 |
| 109 | ov_109 | 2.777353508399299 × 10^340 |
| 110 | ov_110 | 2.2589009855617004 × 10^340 |
| 111 | ov_111 | 1.817201124125612 × 10^340 |
| 112 | ov_112 | 1.4441566333560862 × 10^340 |
| 113 | ov_113 | 1.1321560820635491 × 10^340 |
| 114 | ov_114 | 8.740618874170008 × 10^339 |
| 115 | ov_115 | 6.632007639285177 × 10^339 |
| 116 | ov_116 | 4.93356332500678 × 10^339 |
| 117 | ov_117 | 3.587635467278388 × 10^339 |
| 118 | ov_118 | 2.5410460337714585 × 10^339 |
| 119 | ov_119 | 1.7450603880832275 × 10^339 |
| 120 | ov_120 | 1.1553674787283312 × 10^339 |
| 121 | ov_121 | 7.320669658606718 × 10^338 |
| 122 | ov_122 | 4.396613460462674 × 10^338 |
| 123 | ov_123 | 2.470514827231321 × 10^338 |
| 124 | ov_124 | 1.275342958160205 × 10^338 |
| 125 | ov_125 | 5.88016997570858 × 10^337 |
| 126 | ov_126 | 2.2940184119219582 × 10^337 |
| 127 | aaa_77_28 | 6.430678399280202 × 10^336 |
| 128 | aaa_77_29 | 1.957129020678541 × 10^336 |
| 129 | ov_129 | 1.1664613067347357 × 10^336 |
| 130 | ov_130 | 1.1664574908079575 × 10^336 |
| 131 | ov_131 | 1.1664565651930984 × 10^336 |
| 132 | ov_132 | 1.017938361857946 × 10^336 |
| 133 | ov_133 | 8.855163369656018 × 10^335 |
| 134 | ov_134 | 7.67765057338053 × 10^335 |
| 135 | ov_135 | 6.633402500073303 × 10^335 |
| 136 | ov_136 | 5.709732425529863 × 10^335 |
| 137 | ov_137 | 4.8946601498087455 × 10^335 |
| 138 | ov_138 | 4.176868047381743 × 10^335 |
| 139 | ov_139 | 3.545662231231719 × 10^335 |
| 140 | ov_140 | 2.990938481404458 × 10^335 |
| 141 | ov_141 | 2.5031526081336152 × 10^335 |
| 142 | ov_142 | 2.073294938615308 × 10^335 |
| 143 | ov_143 | 1.6969913248384058 × 10^335 |
| 144 | ov_144 | 1.370119076902429 × 10^335 |
| 145 | ov_145 | 1.0887987562887946 × 10^335 |
| 146 | ov_146 | 8.493875303715214 × 10^334 |
| 147 | ov_147 | 6.484738948858746 × 10^334 |
| 148 | ov_148 | 4.828735593595477 × 10^334 |
| 149 | ov_149 | 3.49626307539611 × 10^334 |
| 150 | ov_150 | 2.459936618183705 × 10^334 |
| 151 | ov_151 | 1.671576531493476 × 10^334 |
| 152 | ov_152 | 1.087372924841378 × 10^334 |
| 153 | ov_153 | 6.678729934067505 × 10^333 |
| 154 | ov_154 | 3.7797322304260494 × 10^333 |
| 155 | ov_155 | 1.8691494682444393 × 10^333 |
| 156 | aaa_76_25 | 6.828208359417808 × 10^332 |
| 157 | aaa_76_26 | 3.5664832713110743 × 10^332 |
| 158 | aaa_76_27 | 1.644018052731885 × 10^332 |
| 159 | aaa_76_28 | 6.412817928352666 × 10^331 |
| 160 | aaa_76_29 | 1.9545750190914577 × 10^331 |

### Output Bits Sorted by Complexity

| Rank | Output Bit | Complexity |
|:----:|:----------:|:----------:|
| 160 | aaa_76_29 | 1.9545750190914577 × 10^331 |
| 159 | aaa_76_28 | 6.412817928352666 × 10^331 |
| 158 | aaa_76_27 | 1.644018052731885 × 10^332 |
| 157 | aaa_76_26 | 3.5664832713110743 × 10^332 |
| 156 | aaa_76_25 | 6.828208359417808 × 10^332 |
| 155 | ov_155 | 1.8691494682444393 × 10^333 |
| 154 | ov_154 | 3.7797322304260494 × 10^333 |
| 153 | ov_153 | 6.678729934067505 × 10^333 |
| 152 | ov_152 | 1.087372924841378 × 10^334 |
| 151 | ov_151 | 1.671576531493476 × 10^334 |
| 150 | ov_150 | 2.459936618183705 × 10^334 |
| 149 | ov_149 | 3.49626307539611 × 10^334 |
| 148 | ov_148 | 4.828735593595477 × 10^334 |
| 147 | ov_147 | 6.484738948858746 × 10^334 |
| 146 | ov_146 | 8.493875303715214 × 10^334 |
| 145 | ov_145 | 1.0887987562887946 × 10^335 |
| 144 | ov_144 | 1.370119076902429 × 10^335 |
| 143 | ov_143 | 1.6969913248384058 × 10^335 |
| 142 | ov_142 | 2.073294938615308 × 10^335 |
| 141 | ov_141 | 2.5031526081336152 × 10^335 |
| 140 | ov_140 | 2.990938481404458 × 10^335 |
| 139 | ov_139 | 3.545662231231719 × 10^335 |
| 138 | ov_138 | 4.176868047381743 × 10^335 |
| 137 | ov_137 | 4.8946601498087455 × 10^335 |
| 136 | ov_136 | 5.709732425529863 × 10^335 |
| 135 | ov_135 | 6.633402500073303 × 10^335 |
| 134 | ov_134 | 7.67765057338053 × 10^335 |
| 133 | ov_133 | 8.855163369656018 × 10^335 |
| 132 | ov_132 | 1.017938361857946 × 10^336 |
| 131 | ov_131 | 1.1664565651930984 × 10^336 |
| 130 | ov_130 | 1.1664574908079575 × 10^336 |
| 129 | ov_129 | 1.1664613067347357 × 10^336 |
| 128 | aaa_77_29 | 1.957129020678541 × 10^336 |
| 127 | aaa_77_28 | 6.430678399280202 × 10^336 |
| 126 | ov_126 | 2.2940184119219582 × 10^337 |
| 125 | ov_125 | 5.88016997570858 × 10^337 |
| 124 | ov_124 | 1.275342958160205 × 10^338 |
| 123 | ov_123 | 2.470514827231321 × 10^338 |
| 122 | ov_122 | 4.396613460462674 × 10^338 |
| 121 | ov_121 | 7.320669658606718 × 10^338 |
| 120 | ov_120 | 1.1553674787283312 × 10^339 |
| 119 | ov_119 | 1.7450603880832275 × 10^339 |
| 118 | ov_118 | 2.5410460337714585 × 10^339 |
| 117 | ov_117 | 3.587635467278388 × 10^339 |
| 116 | ov_116 | 4.93356332500678 × 10^339 |
| 115 | ov_115 | 6.632007639285177 × 10^339 |
| 114 | ov_114 | 8.740618874170008 × 10^339 |
| 113 | ov_113 | 1.1321560820635491 × 10^340 |
| 112 | ov_112 | 1.4441566333560862 × 10^340 |
| 111 | ov_111 | 1.817201124125612 × 10^340 |
| 110 | ov_110 | 2.2589009855617004 × 10^340 |
| 109 | ov_109 | 2.777353508399299 × 10^340 |
| 108 | ov_108 | 3.3769847915659205 × 10^340 |
| 107 | ov_107 | 4.06248486998975 × 10^340 |
| 106 | ov_106 | 4.8435090390019635 × 10^340 |
| 105 | ov_105 | 5.73027615882948 × 10^340 |
| 104 | ov_104 | 6.73359686220668 × 10^340 |
| 103 | ov_103 | 7.864905886419828 × 10^340 |
| 102 | ov_102 | 9.136298913588992 × 10^340 |
| 101 | ov_101 | 1.0560574457379858 × 10^341 |
| 100 | ov_100 | 1.2151281497554542 × 10^341 |
| 99 | ov_099 | 1.392277364885941 × 10^341 |
| 98 | ov_098 | 1.3922782885560153 × 10^341 |
| 97 | ov_097 | 1.3922821038143124 × 10^341 |
| 96 | aaa_78_29 | 1.456909482755206 × 10^341 |
| 95 | aaa_78_28 | 3.881590242259127 × 10^341 |
| 94 | ov_094 | 1.2146751808842098 × 10^342 |
| 93 | ov_093 | 2.7267745330095044 × 10^342 |
| 92 | ov_092 | 5.189398632972783 × 10^342 |
| 91 | ov_091 | 8.867491848601417 × 10^342 |
| 90 | ov_090 | 1.402600927915122 × 10^343 |
| 89 | ov_089 | 2.0929937359776213 × 10^343 |
| 88 | ov_088 | 2.9844337848739697 × 10^343 |
| 87 | ov_087 | 4.103442948656935 × 10^343 |
| 86 | ov_086 | 5.476572388145059 × 10^343 |
| 85 | ov_085 | 7.130423305037502 × 10^343 |
| 64 | lv_79_m31 | 8.563646285724082 × 10^343 |
| 84 | ov_084 | 9.091676619480316 × 10^343 |
| 83 | ov_083 | 1.1387133329138478 × 10^344 |
| 82 | ov_082 | 1.4043767308286174 × 10^344 |
| 81 | ov_081 | 1.7088792306463805 × 10^344 |
| 80 | ov_080 | 2.0549744908185903 × 10^344 |
| 79 | ov_079 | 2.445458521849341 × 10^344 |
| 78 | ov_078 | 2.883181704448747 × 10^344 |
| 77 | ov_077 | 3.3710629351134895 × 10^344 |
| 76 | ov_076 | 3.912106078151381 × 10^344 |
| 63 | ov_063 | 4.3560476509851304 × 10^344 |
| 75 | ov_075 | 4.509418904836819 × 10^344 |
| 74 | ov_074 | 5.1662347026514693 × 10^344 |
| 73 | ov_073 | 5.885936740551383 × 10^344 |
| 72 | ov_072 | 6.672085780048151 × 10^344 |
| 71 | ov_071 | 7.528450409544047 × 10^344 |
| 70 | ov_070 | 8.459039542664803 × 10^344 |
| 69 | ov_069 | 9.468137262786782 × 10^344 |
| 68 | ov_068 | 1.0560341089563508 × 10^345 |
| 67 | ov_067 | 1.174060433587086 × 10^345 |
| 66 | ov_066 | 1.1740717466773272 × 10^345 |
| 65 | ov_065 | 1.1741070867880848 × 10^345 |
| 62 | ov_062 | 2.2155644884850014 × 10^345 |
| 61 | ov_061 | 8.012356485648793 × 10^345 |
| 60 | ov_060 | 2.2761115083576566 × 10^346 |
| 59 | ov_059 | 5.452792939970102 × 10^346 |
| 58 | ov_058 | 1.149732122101442 × 10^347 |
| 57 | ov_057 | 2.1947001237501825 × 10^347 |
| 56 | ov_056 | 3.8710495819695754 × 10^347 |
| 55 | ov_055 | 6.406807221248512 × 10^347 |
| 54 | ov_054 | 1.0067213245675914 × 10^348 |
| 53 | ov_053 | 1.5154820034531973 × 10^348 |
| 52 | ov_052 | 2.2009656471359883 × 10^348 |
| 51 | ov_051 | 3.1009478927923287 × 10^348 |
| 50 | ov_050 | 4.2570130102682106 × 10^348 |
| 49 | ov_049 | 5.714602691581607 × 10^348 |
| 48 | ov_048 | 7.523079866805737 × 10^348 |
| 32 | lv_80_m31 | 9.521557149443874 × 10^348 |
| 47 | ov_047 | 9.735809668116152 × 10^348 |
| 46 | ov_046 | 1.2410259665745835 × 10^349 |
| 45 | ov_045 | 1.5608121502962819 × 10^349 |
| 44 | ov_044 | 1.9395456062608232 × 10^349 |
| 43 | ov_043 | 2.380872187139418 × 10^349 |
| 42 | ov_042 | 2.8886800106425143 × 10^349 |
| 41 | ov_041 | 3.467111669559608 × 10^349 |
| 40 | ov_040 | 4.124720699070944 × 10^349 |
| 39 | ov_039 | 4.870612984558652 × 10^349 |
| 31 | ov_031 | 4.880045248096971 × 10^349 |
| 38 | ov_038 | 5.714479954280327 × 10^349 |
| 37 | ov_037 | 6.666635670355843 × 10^349 |
| 36 | ov_036 | 7.738058055420778 × 10^349 |
| 35 | ov_035 | 8.940434499911608 × 10^349 |
| 34 | ov_034 | 1.0286212104185342 × 10^350 |
| 33 | ov_033 | 1.178223276505869 × 10^350 |
| 30 | ov_030 | 2.5008247000176297 × 10^350 |
| 29 | ov_029 | 9.107304672747567 × 10^350 |
| 28 | ov_028 | 2.6048649866691885 × 10^351 |
| 27 | ov_027 | 6.28064205890453 × 10^351 |
| 26 | ov_026 | 1.3318592215686532 × 10^352 |
| 25 | ov_025 | 2.554658379955547 × 10^352 |
| 24 | ov_024 | 4.523983526119344 × 10^352 |
| 23 | ov_023 | 7.51209530242857 × 10^352 |
| 22 | ov_022 | 1.1836002671773035 × 10^353 |
| 21 | ov_021 | 1.7857483502824092 × 10^353 |
| 20 | ov_020 | 2.598312416631525 × 10^353 |
| 19 | ov_019 | 3.66643889678657 × 10^353 |
| 18 | ov_018 | 5.039773320177116 × 10^353 |
| 17 | ov_017 | 6.772477658247243 × 10^353 |
| 16 | ov_016 | 8.923255678611016 × 10^353 |
| 15 | ov_015 | 1.1555388581671465 × 10^354 |
| 14 | ov_014 | 1.4736783490465163 × 10^354 |
| 13 | ov_013 | 1.8540037665505086 × 10^354 |
| 12 | ov_012 | 2.3042521619887107 × 10^354 |
| 11 | ov_011 | 2.832648461684717 × 10^354 |
| 10 | ov_010 | 3.4479186343425023 × 10^354 |
| 9 | ov_009 | 4.1548158203048527 × 10^354 |
| 8 | ov_008 | 4.95836699317385 × 10^354 |
| 7 | ov_007 | 5.868912791184282 × 10^354 |
| 6 | ov_006 | 6.897382420717239 × 10^354 |
| 5 | ov_005 | 8.05532653464445 × 10^354 |
| 4 | ov_004 | 9.354955278669448 × 10^354 |
| 3 | ov_003 | 1.0809181868583877 × 10^355 |
| 2 | ov_002 | 1.2431672209266103 × 10^355 |
| 1 | ov_001 | 1.4236901223548478 × 10^355 |

