# Results for F014-F017-F018-F019-F020-F021-F022-F023-F024-F025-F026-F027-F028-F029-F030-F031-F032-F033-F034-F035-F036-F037-F038-F039-F040-F041-F042-F043-F044-F045-F046-F047-F048-F049-F050-F051-F052-F053-F054-F055-F056-F057-F058-F059-F060-F061-F062-F063-F064-F065-F066-F067-F068-F069-F070-F071-F072-F073-F074-F075-F076-F077-F078-F079-F080-F081-F082-F083-F084-F085-F086-F087-F088-F089-F090-F091-F092-F093-F094-F095-F096-F097-F098-F099-F100-F101-F102-F103-F104-F105-F106-F107-F108-F109-F110-F111-F112-F113-F114-F115-F116-F117-F118-F119-F120-F121-F122-F123-F124-F125-F126-F127-F128-F129-F130-F131-F132-F133-F134-F135-F136-F137-F138-F139-F140-F141-F142-F143-F144-F145-F146-F147-F148-F149-F150-F151-F152-F153-F154-F155-F156-F157-F158-F159-F160-F161-F162-F163-F164-F165-F166-F167-F168-F169-F170-F171-F172-F173-F174-F175-F176-F177-F178-F179-F180-F181-F182-F183-F184-F185-F186-F187-F188-F189-F190-F191-F192-F193-F194-F195-F196-F197-F198-F199-F200-F201-F202-F203-F204-F205-F206-F207-F208-F209-F210-F211-F212-F213-F214-F215-F216-F217-F218-F219-F220-F221-F222-F223-F224-F225-F226-F227-F228-F229-F230-F231-F232-F233-F234-F235-F236-F237-F238-F239-F240-F241-F242-F243-F244-F245-F246-F247-F248-F249-F250-F251-F252-F253-F254-F255-F256-F257-F258-F259-F260-F261-F262-F263-F264-F265-F266-F267-F268-F269-F270-F271-F272-F273-F274-F275-F276-F277-F278-F279-F280-F281-F282-F283-F284-F285-F286-F287-F288-F289-F290-F291-F292-F293-F294-F295-F296-F297-F298-F299-F300-F301-F302-F303-F304-F305-F306-F307-F308-F309-F310-F311-F312-F313-F314-F315-F316-F317-F318-F319-F320-F321-F322-F323-F324-F325-F326-F327-F328-F329-F330-F331-F332-F333-F334-F335-F336-F337-F338-F339-F340-F341-F342-F343-F344-F345-F346-F347-F348-F349-F350-F351-F352-F353-F354-F355-F356-F357-F358-F359-F360-F361-F362-F363-F364-F365-F366-F367-F368-F369-F370-F371-F372-F373-F374-F375-F376-F377-F378-F379-F380-F381-F382-F383-F384-F385-F386-F387-F388-F389-F390-F391-F392-F393-F394-F395-F396-F397-F398-F399-F400-F401-F402-F403-F404-F405-F406-F407-F408-F409-F410-F411-F412-F413-F414-F415-F416-F417-F418-F419-F420-F421-F422-F423-F424-F425-F426-F427-F428-F429-F430-F431-F432-F433-F434-F435-F436-F437-F438-F439-F440-F441-F442-F443-F444-F445-F446-F447-F448-F449-F450-F451-F452-F453-F454-F455-F456-F457-F458-F459-F460-F461-F462-F463-F464-F465-F466-F467-F468-F469-F470-F471-F472-F473-F474-F475-F476-F477-F478-F479-F480-F481-F482-F483-F484-F485-F486-F487-F488-F489-F490-F491-F492-F493-F494-F495-F496-F497-F498-F499-F500-F501-F502-F503-F504-F505-F506-F507-F508-F509-F510-F511-F512

## Summary

Number of input bits: 512  
Number of free input bits: 15  
Number of output bits: 160

Number of direct occurrences: 67918  
Number of assignments: 39016  
Number of operations: 19066448
(xor: 19029019,
and: 20851,
or: 16578)

Total complexity: 1.7959874156708591 × 10^355

Least occurring input variable: iv_009 (4356)  
Most occurring input variable: iv_012 (5032)

Most co-occurring input variables: iv_011-iv_012 (2572)  
Least co-occurring input variables: iv_003-iv_011 (1963)

Potentially most occurring input variable: iv_003/iv_012 (5240)  
Potentially least occurring input variable: iv_002/iv_007 (4383)

Least output occurring input variable: iv_011 (63)  
Most output occurring input variable: iv_012 (84)

Most output co-occurring input variables: iv_002-iv_006 (47)  
Least output co-occurring input variables: iv_005-iv_011 (20)

Potentially most output occurring input variable: iv_005/iv_011 (96)  
Potentially least output occurring input variable: iv_002/iv_006 (66)

Least complex input bit: iv_016 (4.989277924764821 × 10^351)  
Most complex input bit: iv_012 (3.0505450068556134 × 10^354)

Least complex output bit: aaa_76_29 (4.003669727453417 × 10^330)  
Most complex output bit: ov_001 (2.757608830389867 × 10^354)

Least complex input/output complexity: iv_016/aaa_76_29 (1.112224997510409 × 10^327)  
Most complex input/output complexity: iv_012/ov_001 (4.6838913095972334 × 10^353)

## Input Bits

### Input Bits in Regular Order

| Input Bit | Complexity | Occurrences | Output Occurrences |
|:---------:|:----------:|:-----------:|:------------------:|
| iv_001 | 2.0374529952335774 × 10^352 | 4570 | 75 |
| iv_002 | 8.789960815358569 × 10^352 | 4364 | 80 |
| iv_003 | 2.5211980233392826 × 10^353 | 4374 | 75 |
| iv_004 | 5.472198679515607 × 10^353 | 4542 | 77 |
| iv_005 | 8.759945863958628 × 10^353 | 4619 | 73 |
| iv_006 | 1.2090343215354885 × 10^354 | 4403 | 80 |
| iv_007 | 1.565463034859335 × 10^354 | 4359 | 81 |
| iv_008 | 1.9689913921243127 × 10^354 | 4446 | 69 |
| iv_009 | 2.4697192379246206 × 10^354 | 4356 | 75 |
| iv_010 | 2.6458395434777583 × 10^354 | 4490 | 83 |
| iv_011 | 2.9235226316720735 × 10^354 | 4640 | 63 |
| iv_012 | 3.0505450068556134 × 10^354 | 5032 | 84 |
| iv_013 | 1.5520162765757792 × 10^353 | 4553 | 78 |
| iv_015 | 1.829596878898185 × 10^353 | 4655 | 80 |
| iv_016 | 4.989277924764821 × 10^351 | 4515 | 79 |

### Input Bits Sorted by Complexity

| Input Bit | Complexity | Occurrences | Output Occurrences |
|:---------:|:----------:|:-----------:|:------------------:|
| iv_016 | 4.989277924764821 × 10^351 | 4515 | 79 |
| iv_001 | 2.0374529952335774 × 10^352 | 4570 | 75 |
| iv_002 | 8.789960815358569 × 10^352 | 4364 | 80 |
| iv_013 | 1.5520162765757792 × 10^353 | 4553 | 78 |
| iv_015 | 1.829596878898185 × 10^353 | 4655 | 80 |
| iv_003 | 2.5211980233392826 × 10^353 | 4374 | 75 |
| iv_004 | 5.472198679515607 × 10^353 | 4542 | 77 |
| iv_005 | 8.759945863958628 × 10^353 | 4619 | 73 |
| iv_006 | 1.2090343215354885 × 10^354 | 4403 | 80 |
| iv_007 | 1.565463034859335 × 10^354 | 4359 | 81 |
| iv_008 | 1.9689913921243127 × 10^354 | 4446 | 69 |
| iv_009 | 2.4697192379246206 × 10^354 | 4356 | 75 |
| iv_010 | 2.6458395434777583 × 10^354 | 4490 | 83 |
| iv_011 | 2.9235226316720735 × 10^354 | 4640 | 63 |
| iv_012 | 3.0505450068556134 × 10^354 | 5032 | 84 |

### Input Bits Sorted by Occurrences

| Input Bit | Complexity | Occurrences | Output Occurrences |
|:---------:|:----------:|:-----------:|:------------------:|
| iv_009 | 2.4697192379246206 × 10^354 | 4356 | 75 |
| iv_007 | 1.565463034859335 × 10^354 | 4359 | 81 |
| iv_002 | 8.789960815358569 × 10^352 | 4364 | 80 |
| iv_003 | 2.5211980233392826 × 10^353 | 4374 | 75 |
| iv_006 | 1.2090343215354885 × 10^354 | 4403 | 80 |
| iv_008 | 1.9689913921243127 × 10^354 | 4446 | 69 |
| iv_010 | 2.6458395434777583 × 10^354 | 4490 | 83 |
| iv_016 | 4.989277924764821 × 10^351 | 4515 | 79 |
| iv_004 | 5.472198679515607 × 10^353 | 4542 | 77 |
| iv_013 | 1.5520162765757792 × 10^353 | 4553 | 78 |
| iv_001 | 2.0374529952335774 × 10^352 | 4570 | 75 |
| iv_005 | 8.759945863958628 × 10^353 | 4619 | 73 |
| iv_011 | 2.9235226316720735 × 10^354 | 4640 | 63 |
| iv_015 | 1.829596878898185 × 10^353 | 4655 | 80 |
| iv_012 | 3.0505450068556134 × 10^354 | 5032 | 84 |

### Input Bits Sorted by Output Occurrences

| Input Bit | Complexity | Occurrences | Output Occurrences |
|:---------:|:----------:|:-----------:|:------------------:|
| iv_011 | 2.9235226316720735 × 10^354 | 4640 | 63 |
| iv_008 | 1.9689913921243127 × 10^354 | 4446 | 69 |
| iv_005 | 8.759945863958628 × 10^353 | 4619 | 73 |
| iv_009 | 2.4697192379246206 × 10^354 | 4356 | 75 |
| iv_003 | 2.5211980233392826 × 10^353 | 4374 | 75 |
| iv_001 | 2.0374529952335774 × 10^352 | 4570 | 75 |
| iv_004 | 5.472198679515607 × 10^353 | 4542 | 77 |
| iv_013 | 1.5520162765757792 × 10^353 | 4553 | 78 |
| iv_016 | 4.989277924764821 × 10^351 | 4515 | 79 |
| iv_002 | 8.789960815358569 × 10^352 | 4364 | 80 |
| iv_006 | 1.2090343215354885 × 10^354 | 4403 | 80 |
| iv_015 | 1.829596878898185 × 10^353 | 4655 | 80 |
| iv_007 | 1.565463034859335 × 10^354 | 4359 | 81 |
| iv_010 | 2.6458395434777583 × 10^354 | 4490 | 83 |
| iv_012 | 3.0505450068556134 × 10^354 | 5032 | 84 |

## Input Bit Co-occurrences

### Input Bit Co-occurrences Sorted by Co-occurrences

| Input Bits | Co-occurrences | Potential Occurrences | Output Co-occurrences | Potential Output Occurrences |
|:----------:|:--------------:|:---------------------:|:---------------------:|:----------------------------:|
| iv_011-iv_012 | 2572 | 4528 | 32 | 83 |
| iv_001-iv_012 | 2358 | 4886 | 41 | 77 |
| iv_004-iv_005 | 2346 | 4469 | 35 | 80 |
| iv_012-iv_016 | 2326 | 4895 | 39 | 85 |
| iv_005-iv_012 | 2291 | 5069 | 40 | 77 |
| iv_012-iv_013 | 2283 | 5019 | 44 | 74 |
| iv_012-iv_015 | 2268 | 5151 | 39 | 86 |
| iv_004-iv_012 | 2242 | 5090 | 42 | 77 |
| iv_010-iv_012 | 2241 | 5040 | 41 | 85 |
| iv_001-iv_006 | 2241 | 4491 | 39 | 77 |
| iv_006-iv_012 | 2236 | 4963 | 41 | 82 |
| iv_009-iv_012 | 2232 | 4924 | 40 | 79 |
| iv_007-iv_012 | 2206 | 4979 | 45 | 75 |
| iv_008-iv_012 | 2206 | 5066 | 29 | 95 |
| iv_005-iv_010 | 2202 | 4705 | 34 | 88 |

### Input Bit Co-occurrences Sorted by Potential Occurrences

| Input Bits | Co-occurrences | Potential Occurrences | Output Co-occurrences | Potential Output Occurrences |
|:----------:|:--------------:|:---------------------:|:---------------------:|:----------------------------:|
| iv_002-iv_007 | 2170 | 4383 | 42 | 77 |
| iv_004-iv_005 | 2346 | 4469 | 35 | 80 |
| iv_001-iv_006 | 2241 | 4491 | 39 | 77 |
| iv_011-iv_012 | 2572 | 4528 | 32 | 83 |
| iv_003-iv_008 | 2141 | 4538 | 34 | 76 |
| iv_003-iv_004 | 2187 | 4542 | 38 | 76 |
| iv_003-iv_013 | 2187 | 4553 | 36 | 81 |
| iv_007-iv_009 | 2069 | 4577 | 42 | 72 |
| iv_003-iv_007 | 2056 | 4621 | 42 | 72 |
| iv_008-iv_009 | 2086 | 4630 | 32 | 80 |
| iv_008-iv_013 | 2180 | 4639 | 34 | 79 |
| iv_002-iv_008 | 2081 | 4648 | 33 | 83 |
| iv_002-iv_003 | 2040 | 4658 | 39 | 77 |
| iv_005-iv_009 | 2158 | 4659 | 36 | 76 |
| iv_007-iv_010 | 2086 | 4677 | 41 | 82 |

### Input Bit Output Co-occurrences Sorted by Output Co-occurrences

| Input Bits | Co-occurrences | Potential Occurrences | Output Co-occurrences | Potential Output Occurrences |
|:----------:|:--------------:|:---------------------:|:---------------------:|:----------------------------:|
| iv_002-iv_006 | 2031 | 4705 | 47 | 66 |
| iv_002-iv_012 | 2163 | 5070 | 46 | 72 |
| iv_002-iv_010 | 2043 | 4768 | 45 | 73 |
| iv_006-iv_007 | 2041 | 4680 | 45 | 71 |
| iv_007-iv_012 | 2206 | 4979 | 45 | 75 |
| iv_004-iv_015 | 2128 | 4941 | 45 | 67 |
| iv_012-iv_013 | 2283 | 5019 | 44 | 74 |
| iv_004-iv_010 | 2129 | 4774 | 44 | 72 |
| iv_001-iv_010 | 2111 | 4838 | 44 | 70 |
| iv_002-iv_007 | 2170 | 4383 | 42 | 77 |
| iv_007-iv_009 | 2069 | 4577 | 42 | 72 |
| iv_003-iv_007 | 2056 | 4621 | 42 | 72 |
| iv_004-iv_012 | 2242 | 5090 | 42 | 77 |
| iv_004-iv_013 | 2140 | 4815 | 42 | 71 |
| iv_006-iv_010 | 1996 | 4901 | 41 | 81 |

### Input Bit Output Co-occurrences Sorted by Potential Output Occurrences

| Input Bits | Co-occurrences | Potential Occurrences | Output Co-occurrences | Potential Output Occurrences |
|:----------:|:--------------:|:---------------------:|:---------------------:|:----------------------------:|
| iv_002-iv_006 | 2031 | 4705 | 47 | 66 |
| iv_004-iv_015 | 2128 | 4941 | 45 | 67 |
| iv_004-iv_011 | 2066 | 5050 | 36 | 68 |
| iv_008-iv_015 | 2061 | 4979 | 40 | 69 |
| iv_001-iv_010 | 2111 | 4838 | 44 | 70 |
| iv_005-iv_013 | 2089 | 4994 | 40 | 71 |
| iv_006-iv_007 | 2041 | 4680 | 45 | 71 |
| iv_004-iv_013 | 2140 | 4815 | 42 | 71 |
| iv_005-iv_015 | 2118 | 5038 | 41 | 71 |
| iv_011-iv_015 | 2088 | 5119 | 36 | 71 |
| iv_002-iv_012 | 2163 | 5070 | 46 | 72 |
| iv_007-iv_009 | 2069 | 4577 | 42 | 72 |
| iv_004-iv_010 | 2129 | 4774 | 44 | 72 |
| iv_003-iv_007 | 2056 | 4621 | 42 | 72 |
| iv_001-iv_003 | 2012 | 4920 | 39 | 72 |

## Output Bits

### Output Bits in Regular Order

| Rank | Output Bit | Complexity |
|:----:|:----------:|:----------:|
| 1 | ov_001 | 2.757608830389867 × 10^354 |
| 2 | ov_002 | 2.408411690313851 × 10^354 |
| 3 | ov_003 | 2.0943414561757766 × 10^354 |
| 4 | ov_004 | 1.8125071749475964 × 10^354 |
| 5 | ov_005 | 1.5601794225795723 × 10^354 |
| 6 | ov_006 | 1.3347790644814734 × 10^354 |
| 7 | ov_007 | 1.133867354849634 × 10^354 |
| 8 | ov_008 | 9.562588595261195 × 10^353 |
| 9 | ov_009 | 7.997706284629266 × 10^353 |
| 10 | ov_010 | 6.623372533765591 × 10^353 |
| 11 | ov_011 | 5.4295465803156096 × 10^353 |
| 12 | ov_012 | 4.40673456443225 × 10^353 |
| 13 | ov_013 | 3.5375072903061124 × 10^353 |
| 14 | ov_014 | 2.8054363361558226 × 10^353 |
| 15 | ov_015 | 2.1950677808598992 × 10^353 |
| 16 | ov_016 | 1.691901153610466 × 10^353 |
| 17 | ov_017 | 1.282372849625856 × 10^353 |
| 18 | ov_018 | 9.538433171076723 × 10^352 |
| 19 | ov_019 | 6.945873818691534 × 10^352 |
| 20 | ov_020 | 4.9378713661868366 × 10^352 |
| 21 | ov_021 | 3.4152688194412645 × 10^352 |
| 22 | ov_022 | 2.287896657655909 × 10^352 |
| 23 | ov_023 | 1.474550275280422 × 10^352 |
| 24 | ov_024 | 9.029761278045934 × 10^351 |
| 25 | ov_025 | 5.098638309543247 × 10^351 |
| 26 | ov_026 | 2.6579329045022705 × 10^351 |
| 27 | ov_027 | 1.2533032736561 × 10^351 |
| 28 | ov_028 | 5.1977159811612874 × 10^350 |
| 29 | ov_029 | 1.8172157564131306 × 10^350 |
| 30 | ov_030 | 4.989992395054021 × 10^349 |
| 31 | ov_031 | 9.737343444125683 × 10^348 |
| 32 | lv_80_m31 | 1.899873230469595 × 10^348 |
| 33 | ov_033 | 2.352235722716787 × 10^349 |
| 34 | ov_034 | 2.0524479741189256 × 10^349 |
| 35 | ov_035 | 1.7839197986532508 × 10^349 |
| 36 | ov_036 | 1.544004992147582 × 10^349 |
| 37 | ov_037 | 1.3302199405721527 × 10^349 |
| 38 | ov_038 | 1.1402326172995194 × 10^349 |
| 39 | ov_039 | 9.718525581104743 × 10^348 |
| 40 | ov_040 | 8.230217610118904 × 10^348 |
| 41 | ov_041 | 6.918064601439007 × 10^348 |
| 42 | ov_042 | 5.763897248968678 × 10^348 |
| 43 | ov_043 | 4.750648368772685 × 10^348 |
| 44 | ov_044 | 3.8700520921999906 × 10^348 |
| 45 | ov_045 | 3.114350313021966 × 10^348 |
| 46 | ov_046 | 2.4762683244340063 × 10^348 |
| 47 | ov_047 | 1.9426247475978275 × 10^348 |
| 48 | ov_048 | 1.5011100130240463 × 10^348 |
| 49 | ov_049 | 1.140257395251475 × 10^348 |
| 50 | ov_050 | 8.494187428542874 × 10^347 |
| 51 | ov_051 | 6.187444782598152 × 10^347 |
| 52 | ov_052 | 4.391674429425954 × 10^347 |
| 53 | ov_053 | 3.0239016423340207 × 10^347 |
| 54 | ov_054 | 2.0087512037375546 × 10^347 |
| 55 | ov_055 | 1.278375806575683 × 10^347 |
| 56 | ov_056 | 7.724059760615348 × 10^346 |
| 57 | ov_057 | 4.379172817072597 × 10^346 |
| 58 | ov_058 | 2.2941064513129913 × 10^346 |
| 59 | ov_059 | 1.088017577608458 × 10^346 |
| 60 | ov_060 | 4.541616325018301 × 10^345 |
| 61 | ov_061 | 1.598737530927708 × 10^345 |
| 62 | ov_062 | 4.420804368702782 × 10^344 |
| 63 | ov_063 | 8.69179576297752 × 10^343 |
| 64 | lv_79_m31 | 1.708738474379922 × 10^343 |
| 65 | ov_065 | 2.3427356287251813 × 10^344 |
| 66 | ov_066 | 2.3426651198624212 × 10^344 |
| 67 | ov_067 | 2.34264254883452 × 10^344 |
| 68 | ov_068 | 2.1071400312606997 × 10^344 |
| 69 | ov_069 | 1.8892082667961878 × 10^344 |
| 70 | ov_070 | 1.6878589522690917 × 10^344 |
| 71 | ov_071 | 1.50217476644038 × 10^344 |
| 72 | ov_072 | 1.3313009188173 × 10^344 |
| 73 | ov_073 | 1.1744375151249283 × 10^344 |
| 74 | ov_074 | 1.0308326058663402 × 10^344 |
| 75 | ov_075 | 8.997757031581466 × 10^343 |
| 76 | ov_076 | 7.805917293866793 × 10^343 |
| 77 | ov_077 | 6.7263552915191 × 10^343 |
| 78 | ov_078 | 5.752869888461557 × 10^343 |
| 79 | ov_079 | 4.879467259623398 × 10^343 |
| 80 | ov_080 | 4.10032311010329 × 10^343 |
| 81 | ov_081 | 3.409749855275905 × 10^343 |
| 82 | ov_082 | 2.80216840132547 × 10^343 |
| 83 | ov_083 | 2.272084169094567 × 10^343 |
| 84 | ov_084 | 1.814067006558283 × 10^343 |
| 85 | ov_085 | 1.4227346368965936 × 10^343 |
| 86 | ov_086 | 1.0927392902279318 × 10^343 |
| 87 | ov_087 | 8.187571677423067 × 10^342 |
| 88 | ov_088 | 5.954803873674534 × 10^342 |
| 89 | ov_089 | 4.1761106031317277 × 10^342 |
| 90 | ov_090 | 2.798571479326441 × 10^342 |
| 91 | ov_091 | 1.769297483760369 × 10^342 |
| 92 | ov_092 | 1.0354146548170687 × 10^342 |
| 93 | ov_093 | 5.440552976750803 × 10^341 |
| 94 | ov_094 | 2.4235386471556192 × 10^341 |
| 95 | aaa_78_28 | 7.744537195157018 × 10^340 |
| 96 | aaa_78_29 | 2.9067860088716826 × 10^340 |
| 97 | ov_097 | 2.777908399687274 × 10^340 |
| 98 | ov_098 | 2.777900759075779 × 10^340 |
| 99 | ov_099 | 2.7778989078237013 × 10^340 |
| 100 | ov_100 | 2.424393822492023 × 10^340 |
| 101 | ov_101 | 2.1069848165432675 × 10^340 |
| 102 | ov_102 | 1.822800829857582 × 10^340 |
| 103 | ov_103 | 1.5691327603738044 × 10^340 |
| 104 | ov_104 | 1.3434224813360929 × 10^340 |
| 105 | ov_105 | 1.1432531492747709 × 10^340 |
| 106 | ov_106 | 9.663406725166964 × 10^339 |
| 107 | ov_107 | 8.10526207372369 × 10^339 |
| 108 | ov_108 | 6.737695723993983 × 10^339 |
| 109 | ov_109 | 5.541435025885445 × 10^339 |
| 110 | ov_110 | 4.50711926712144 × 10^339 |
| 111 | ov_111 | 3.625915963248758 × 10^339 |
| 112 | ov_112 | 2.881669653839348 × 10^339 |
| 113 | ov_113 | 2.259195743318989 × 10^339 |
| 114 | ov_114 | 1.7442560280199718 × 10^339 |
| 115 | ov_115 | 1.3235392340634258 × 10^339 |
| 116 | ov_116 | 9.846459550649754 × 10^338 |
| 117 | ov_117 | 7.160772916992139 × 10^338 |
| 118 | ov_118 | 5.0722651495105817 × 10^338 |
| 119 | ov_119 | 3.483731457706333 × 10^338 |
| 120 | ov_120 | 2.3067891463032883 × 10^338 |
| 121 | ov_121 | 1.4618513520589783 × 10^338 |
| 122 | ov_122 | 8.781109709646194 × 10^337 |
| 123 | ov_123 | 4.935315317708373 × 10^337 |
| 124 | ov_124 | 2.5484247555635044 × 10^337 |
| 125 | ov_125 | 1.1753698446984778 × 10^337 |
| 126 | ov_126 | 4.587112367644451 × 10^336 |
| 127 | aaa_77_28 | 1.286356447905756 × 10^336 |
| 128 | aaa_77_29 | 3.917133320606739 × 10^335 |
| 129 | ov_129 | 2.347955191581151 × 10^335 |
| 130 | ov_130 | 2.3479473678147434 × 10^335 |
| 131 | ov_131 | 2.3479454676630823 × 10^335 |
| 132 | ov_132 | 2.052430449316085 × 10^335 |
| 133 | ov_133 | 1.788710574446879 × 10^335 |
| 134 | ov_134 | 1.5538784313088756 × 10^335 |
| 135 | ov_135 | 1.3451929050692752 × 10^335 |
| 136 | ov_136 | 1.1600676973020789 × 10^335 |
| 137 | ov_137 | 9.960611079136195 × 10^334 |
| 138 | ov_138 | 8.508669590743657 × 10^334 |
| 139 | ov_139 | 7.223065750709853 × 10^334 |
| 140 | ov_140 | 6.093215547352525 × 10^334 |
| 141 | ov_141 | 5.099680333702107 × 10^334 |
| 142 | ov_142 | 4.224112225246789 × 10^334 |
| 143 | ov_143 | 3.457603896911639 × 10^334 |
| 144 | ov_144 | 2.7917607740481753 × 10^334 |
| 145 | ov_145 | 2.2186840841322457 × 10^334 |
| 146 | ov_146 | 1.7309571328875337 × 10^334 |
| 147 | ov_147 | 1.3216344056571546 × 10^334 |
| 148 | ov_148 | 9.842330706296734 × 10^333 |
| 149 | ov_149 | 7.127264956829886 × 10^333 |
| 150 | ov_150 | 5.015394256556996 × 10^333 |
| 151 | ov_151 | 3.408626179933511 × 10^333 |
| 152 | ov_152 | 2.2177616890321867 × 10^333 |
| 153 | ov_153 | 1.362468885185475 × 10^333 |
| 154 | ov_154 | 7.712669179626458 × 10^332 |
| 155 | ov_155 | 3.815168137315713 × 10^332 |
| 156 | aaa_76_25 | 1.3941680851779675 × 10^332 |
| 157 | aaa_76_26 | 7.286636062188542 × 10^331 |
| 158 | aaa_76_27 | 3.361486800969292 × 10^331 |
| 159 | aaa_76_28 | 1.3123617706829986 × 10^331 |
| 160 | aaa_76_29 | 4.003669727453417 × 10^330 |

### Output Bits Sorted by Complexity

| Rank | Output Bit | Complexity |
|:----:|:----------:|:----------:|
| 160 | aaa_76_29 | 4.003669727453417 × 10^330 |
| 159 | aaa_76_28 | 1.3123617706829986 × 10^331 |
| 158 | aaa_76_27 | 3.361486800969292 × 10^331 |
| 157 | aaa_76_26 | 7.286636062188542 × 10^331 |
| 156 | aaa_76_25 | 1.3941680851779675 × 10^332 |
| 155 | ov_155 | 3.815168137315713 × 10^332 |
| 154 | ov_154 | 7.712669179626458 × 10^332 |
| 153 | ov_153 | 1.362468885185475 × 10^333 |
| 152 | ov_152 | 2.2177616890321867 × 10^333 |
| 151 | ov_151 | 3.408626179933511 × 10^333 |
| 150 | ov_150 | 5.015394256556996 × 10^333 |
| 149 | ov_149 | 7.127264956829886 × 10^333 |
| 148 | ov_148 | 9.842330706296734 × 10^333 |
| 147 | ov_147 | 1.3216344056571546 × 10^334 |
| 146 | ov_146 | 1.7309571328875337 × 10^334 |
| 145 | ov_145 | 2.2186840841322457 × 10^334 |
| 144 | ov_144 | 2.7917607740481753 × 10^334 |
| 143 | ov_143 | 3.457603896911639 × 10^334 |
| 142 | ov_142 | 4.224112225246789 × 10^334 |
| 141 | ov_141 | 5.099680333702107 × 10^334 |
| 140 | ov_140 | 6.093215547352525 × 10^334 |
| 139 | ov_139 | 7.223065750709853 × 10^334 |
| 138 | ov_138 | 8.508669590743657 × 10^334 |
| 137 | ov_137 | 9.960611079136195 × 10^334 |
| 136 | ov_136 | 1.1600676973020789 × 10^335 |
| 135 | ov_135 | 1.3451929050692752 × 10^335 |
| 134 | ov_134 | 1.5538784313088756 × 10^335 |
| 133 | ov_133 | 1.788710574446879 × 10^335 |
| 132 | ov_132 | 2.052430449316085 × 10^335 |
| 131 | ov_131 | 2.3479454676630823 × 10^335 |
| 130 | ov_130 | 2.3479473678147434 × 10^335 |
| 129 | ov_129 | 2.347955191581151 × 10^335 |
| 128 | aaa_77_29 | 3.917133320606739 × 10^335 |
| 127 | aaa_77_28 | 1.286356447905756 × 10^336 |
| 126 | ov_126 | 4.587112367644451 × 10^336 |
| 125 | ov_125 | 1.1753698446984778 × 10^337 |
| 124 | ov_124 | 2.5484247555635044 × 10^337 |
| 123 | ov_123 | 4.935315317708373 × 10^337 |
| 122 | ov_122 | 8.781109709646194 × 10^337 |
| 121 | ov_121 | 1.4618513520589783 × 10^338 |
| 120 | ov_120 | 2.3067891463032883 × 10^338 |
| 119 | ov_119 | 3.483731457706333 × 10^338 |
| 118 | ov_118 | 5.0722651495105817 × 10^338 |
| 117 | ov_117 | 7.160772916992139 × 10^338 |
| 116 | ov_116 | 9.846459550649754 × 10^338 |
| 115 | ov_115 | 1.3235392340634258 × 10^339 |
| 114 | ov_114 | 1.7442560280199718 × 10^339 |
| 113 | ov_113 | 2.259195743318989 × 10^339 |
| 112 | ov_112 | 2.881669653839348 × 10^339 |
| 111 | ov_111 | 3.625915963248758 × 10^339 |
| 110 | ov_110 | 4.50711926712144 × 10^339 |
| 109 | ov_109 | 5.541435025885445 × 10^339 |
| 108 | ov_108 | 6.737695723993983 × 10^339 |
| 107 | ov_107 | 8.10526207372369 × 10^339 |
| 106 | ov_106 | 9.663406725166964 × 10^339 |
| 105 | ov_105 | 1.1432531492747709 × 10^340 |
| 104 | ov_104 | 1.3434224813360929 × 10^340 |
| 103 | ov_103 | 1.5691327603738044 × 10^340 |
| 102 | ov_102 | 1.822800829857582 × 10^340 |
| 101 | ov_101 | 2.1069848165432675 × 10^340 |
| 100 | ov_100 | 2.424393822492023 × 10^340 |
| 99 | ov_099 | 2.7778989078237013 × 10^340 |
| 98 | ov_098 | 2.777900759075779 × 10^340 |
| 97 | ov_097 | 2.777908399687274 × 10^340 |
| 96 | aaa_78_29 | 2.9067860088716826 × 10^340 |
| 95 | aaa_78_28 | 7.744537195157018 × 10^340 |
| 94 | ov_094 | 2.4235386471556192 × 10^341 |
| 93 | ov_093 | 5.440552976750803 × 10^341 |
| 92 | ov_092 | 1.0354146548170687 × 10^342 |
| 91 | ov_091 | 1.769297483760369 × 10^342 |
| 90 | ov_090 | 2.798571479326441 × 10^342 |
| 89 | ov_089 | 4.1761106031317277 × 10^342 |
| 88 | ov_088 | 5.954803873674534 × 10^342 |
| 87 | ov_087 | 8.187571677423067 × 10^342 |
| 86 | ov_086 | 1.0927392902279318 × 10^343 |
| 85 | ov_085 | 1.4227346368965936 × 10^343 |
| 64 | lv_79_m31 | 1.708738474379922 × 10^343 |
| 84 | ov_084 | 1.814067006558283 × 10^343 |
| 83 | ov_083 | 2.272084169094567 × 10^343 |
| 82 | ov_082 | 2.80216840132547 × 10^343 |
| 81 | ov_081 | 3.409749855275905 × 10^343 |
| 80 | ov_080 | 4.10032311010329 × 10^343 |
| 79 | ov_079 | 4.879467259623398 × 10^343 |
| 78 | ov_078 | 5.752869888461557 × 10^343 |
| 77 | ov_077 | 6.7263552915191 × 10^343 |
| 76 | ov_076 | 7.805917293866793 × 10^343 |
| 63 | ov_063 | 8.69179576297752 × 10^343 |
| 75 | ov_075 | 8.997757031581466 × 10^343 |
| 74 | ov_074 | 1.0308326058663402 × 10^344 |
| 73 | ov_073 | 1.1744375151249283 × 10^344 |
| 72 | ov_072 | 1.3313009188173 × 10^344 |
| 71 | ov_071 | 1.50217476644038 × 10^344 |
| 70 | ov_070 | 1.6878589522690917 × 10^344 |
| 69 | ov_069 | 1.8892082667961878 × 10^344 |
| 68 | ov_068 | 2.1071400312606997 × 10^344 |
| 67 | ov_067 | 2.34264254883452 × 10^344 |
| 66 | ov_066 | 2.3426651198624212 × 10^344 |
| 65 | ov_065 | 2.3427356287251813 × 10^344 |
| 62 | ov_062 | 4.420804368702782 × 10^344 |
| 61 | ov_061 | 1.598737530927708 × 10^345 |
| 60 | ov_060 | 4.541616325018301 × 10^345 |
| 59 | ov_059 | 1.088017577608458 × 10^346 |
| 58 | ov_058 | 2.2941064513129913 × 10^346 |
| 57 | ov_057 | 4.379172817072597 × 10^346 |
| 56 | ov_056 | 7.724059760615348 × 10^346 |
| 55 | ov_055 | 1.278375806575683 × 10^347 |
| 54 | ov_054 | 2.0087512037375546 × 10^347 |
| 53 | ov_053 | 3.0239016423340207 × 10^347 |
| 52 | ov_052 | 4.391674429425954 × 10^347 |
| 51 | ov_051 | 6.187444782598152 × 10^347 |
| 50 | ov_050 | 8.494187428542874 × 10^347 |
| 49 | ov_049 | 1.140257395251475 × 10^348 |
| 48 | ov_048 | 1.5011100130240463 × 10^348 |
| 32 | lv_80_m31 | 1.899873230469595 × 10^348 |
| 47 | ov_047 | 1.9426247475978275 × 10^348 |
| 46 | ov_046 | 2.4762683244340063 × 10^348 |
| 45 | ov_045 | 3.114350313021966 × 10^348 |
| 44 | ov_044 | 3.8700520921999906 × 10^348 |
| 43 | ov_043 | 4.750648368772685 × 10^348 |
| 42 | ov_042 | 5.763897248968678 × 10^348 |
| 41 | ov_041 | 6.918064601439007 × 10^348 |
| 40 | ov_040 | 8.230217610118904 × 10^348 |
| 39 | ov_039 | 9.718525581104743 × 10^348 |
| 31 | ov_031 | 9.737343444125683 × 10^348 |
| 38 | ov_038 | 1.1402326172995194 × 10^349 |
| 37 | ov_037 | 1.3302199405721527 × 10^349 |
| 36 | ov_036 | 1.544004992147582 × 10^349 |
| 35 | ov_035 | 1.7839197986532508 × 10^349 |
| 34 | ov_034 | 2.0524479741189256 × 10^349 |
| 33 | ov_033 | 2.352235722716787 × 10^349 |
| 30 | ov_030 | 4.989992395054021 × 10^349 |
| 29 | ov_029 | 1.8172157564131306 × 10^350 |
| 28 | ov_028 | 5.1977159811612874 × 10^350 |
| 27 | ov_027 | 1.2533032736561 × 10^351 |
| 26 | ov_026 | 2.6579329045022705 × 10^351 |
| 25 | ov_025 | 5.098638309543247 × 10^351 |
| 24 | ov_024 | 9.029761278045934 × 10^351 |
| 23 | ov_023 | 1.474550275280422 × 10^352 |
| 22 | ov_022 | 2.287896657655909 × 10^352 |
| 21 | ov_021 | 3.4152688194412645 × 10^352 |
| 20 | ov_020 | 4.9378713661868366 × 10^352 |
| 19 | ov_019 | 6.945873818691534 × 10^352 |
| 18 | ov_018 | 9.538433171076723 × 10^352 |
| 17 | ov_017 | 1.282372849625856 × 10^353 |
| 16 | ov_016 | 1.691901153610466 × 10^353 |
| 15 | ov_015 | 2.1950677808598992 × 10^353 |
| 14 | ov_014 | 2.8054363361558226 × 10^353 |
| 13 | ov_013 | 3.5375072903061124 × 10^353 |
| 12 | ov_012 | 4.40673456443225 × 10^353 |
| 11 | ov_011 | 5.4295465803156096 × 10^353 |
| 10 | ov_010 | 6.623372533765591 × 10^353 |
| 9 | ov_009 | 7.997706284629266 × 10^353 |
| 8 | ov_008 | 9.562588595261195 × 10^353 |
| 7 | ov_007 | 1.133867354849634 × 10^354 |
| 6 | ov_006 | 1.3347790644814734 × 10^354 |
| 5 | ov_005 | 1.5601794225795723 × 10^354 |
| 4 | ov_004 | 1.8125071749475964 × 10^354 |
| 3 | ov_003 | 2.0943414561757766 × 10^354 |
| 2 | ov_002 | 2.408411690313851 × 10^354 |
| 1 | ov_001 | 2.757608830389867 × 10^354 |

