# Results for F001-F002-F003-F004-F005-F006-F007-F008-F009-F010-F011-F012-F013-F014-F015-F016-F017-F018-F019-F020-F021-F022-F023-F024-F025-F026-F027-F028-F029-F030-F031-F032-F033-F034-F035-F036-F037-F038-F039-F040-F041-F042-F043-F044-F045-F046-F047-F048-F049-F050-F051-F052-F053-F054-F055-F056-F057-F058-F059-F060-F061-F062-F063-F064-F065-F066-F067-F068-F069-F070-F071-F072-F073-F074-F075-F076-F077-F078-F079-F080-F081-F082-F083-F084-F085-F086-F087-F088-F089-F090-F091-F092-F093-F094-F095-F096-F097-F098-F099-F100-F101-F102-F103-F104-F105-F106-F107-F108-F109-F110-F111-F112-F113-F114-F115-F116-F117-F118-F119-F120-F121-F122-F123-F124-F125-F126-F127-F128-F129-F130-F131-F132-F133-F134-F135-F136-F137-F138-F139-F140-F141-F142-F143-F144-F145-F146-F147-F148-F149-F150-F151-F152-F153-F154-F155-F156-F157-F158-F159-F160-F161-F162-F163-F164-F165-F166-F167-F168-F169-F170-F171-F172-F173-F174-F175-F176-F177-F178-F179-F180-F181-F182-F183-F184-F185-F186-F187-F188-F189-F190-F191-F192-F193-F194-F195-F196-F197-F198-F199-F200-F201-F202-F203-F204-F205-F206-F207-F208-F209-F210-F211-F212-F213-F214-F215-F216-F217-F218-F219-F220-F221-F222-F223-F224-F225-F226-F227-F228-F229-F230-F231-F232-F233-F234-F235-F236-F237-F238-F239-F240-F241-F242-F243-F244-F245-F246-F247-F248-F249-F250-F251-F252-F253-F254-F255-F256-F257-F258-F259-F260-F261-F262-F263-F264-F265-F266-F267-F268-F269-F270-F271-F272-F273-F274-F275-F276-F277-F278-F279-F280-F281-F282-F283-F284-F285-F286-F287-F288-F289-F290-F291-F292-F293-F294-F295-F296-F297-F298-F299-F300-F301-F302-F303-F304-F305-F306-F307-F308-F309-F310-F311-F312-F313-F314-F315-F316-F317-F318-F319-F320-F321-F322-F323-F324-F325-F326-F327-F328-F329-F330-F331-F332-F333-F334-F335-F336-F337-F338-F339-F340-F341-F342-F343-F344-F345-F346-F347-F348-F349-F350-F351-F352-F353-F354-F355-F356-F357-F358-F359-F360-F361-F362-F363-F364-F365-F366-F367-F368-F369-F370-F371-F372-F373-F374-F375-F376-F377-F378-F379-F380-F381-F382-F383-F384-F385-F386-F387-F388-F389-F390-F391-F392-F393-F394-F395-F396-F397-F398-F399-F400-F401-F402-F403-F404-F405-F406-F407-F408-F409-F410-F411-F412-F413-F414-F415-F416-F417-F418-F419-F420-F421-F422-F423-F424-F425-F426-F427-F428-F429-F430-F431-F432-F433-F434-F435-F436-F437-F438-F439-F440-F441-F442-F443-F444-F445-F446-F447-F448-F449-F450-F451-F452-F453-F454-F455-F456-F457-F458-F459-F460-F461-F462-F463-F464-F465-F466-F467-F468-F469-F470-F471-F472-F473-F474-F475-F476-F477-F478-F479-F480-F481-F482-F483-F484-F485-F486-F487-F488-F489-F490-F491-F492-F493-F494-F495-F496-F509

## Summary

Number of input bits: 512  
Number of free input bits: 15  
Number of output bits: 160

Number of direct occurrences: 61632  
Number of assignments: 32098  
Number of operations: 11396028
(xor: 11367461,
and: 14891,
or: 13676)

Total complexity: 2.324054271824457 × 10^302

Least occurring input variable: iv_502 (3911)  
Most occurring input variable: iv_512 (4406)

Most co-occurring input variables: iv_511-iv_512 (2167)  
Least co-occurring input variables: iv_498-iv_502 (1775)

Potentially most occurring input variable: iv_506/iv_512 (4509)  
Potentially least occurring input variable: iv_499/iv_508 (4114)

Least output occurring input variable: iv_508 (70)  
Most output occurring input variable: iv_497 (93)

Most output co-occurring input variables: iv_497-iv_502 (52)  
Least output co-occurring input variables: iv_502-iv_508 (30)

Potentially most output occurring input variable: iv_504/iv_510 (93)  
Potentially least output occurring input variable: iv_505/iv_507 (61)

Least complex input bit: iv_497 (3.4316416942074733 × 10^299)  
Most complex input bit: iv_510 (5.393800556793375 × 10^301)

Least complex output bit: aaa_76_29 (3.880892313862528 × 10^277)  
Most complex output bit: ov_001 (3.615853012694027 × 10^301)

Least complex input/output complexity: iv_497/aaa_76_29 (5.7304306686973474 × 10^274)  
Most complex input/output complexity: iv_510/ov_001 (8.39188233665534 × 10^300)

## Input Bits

### Input Bits in Regular Order

| Input Bit | Complexity | Occurrences | Output Occurrences |
|:---------:|:----------:|:-----------:|:------------------:|
| iv_497 | 3.4316416942074733 × 10^299 | 4158 | 93 |
| iv_498 | 6.923553578103536 × 10^299 | 3966 | 88 |
| iv_499 | 1.2328955574306858 × 10^300 | 4138 | 81 |
| iv_500 | 2.0884270962259495 × 10^300 | 4148 | 76 |
| iv_501 | 3.5608774539582465 × 10^300 | 4119 | 83 |
| iv_502 | 5.787465160683724 × 10^300 | 3911 | 82 |
| iv_503 | 9.130801983101138 × 10^300 | 4059 | 74 |
| iv_504 | 1.4065313163569858 × 10^301 | 3956 | 78 |
| iv_505 | 2.125299423877684 × 10^301 | 4149 | 79 |
| iv_506 | 1.031914595227945 × 10^301 | 3979 | 82 |
| iv_507 | 1.4620411666614125 × 10^301 | 4212 | 76 |
| iv_508 | 1.925846130812883 × 10^301 | 4028 | 70 |
| iv_510 | 5.393800556793375 × 10^301 | 4154 | 79 |
| iv_511 | 3.534730297685414 × 10^301 | 4249 | 80 |
| iv_512 | 4.0767805529658006 × 10^301 | 4406 | 80 |

### Input Bits Sorted by Complexity

| Input Bit | Complexity | Occurrences | Output Occurrences |
|:---------:|:----------:|:-----------:|:------------------:|
| iv_497 | 3.4316416942074733 × 10^299 | 4158 | 93 |
| iv_498 | 6.923553578103536 × 10^299 | 3966 | 88 |
| iv_499 | 1.2328955574306858 × 10^300 | 4138 | 81 |
| iv_500 | 2.0884270962259495 × 10^300 | 4148 | 76 |
| iv_501 | 3.5608774539582465 × 10^300 | 4119 | 83 |
| iv_502 | 5.787465160683724 × 10^300 | 3911 | 82 |
| iv_503 | 9.130801983101138 × 10^300 | 4059 | 74 |
| iv_506 | 1.031914595227945 × 10^301 | 3979 | 82 |
| iv_504 | 1.4065313163569858 × 10^301 | 3956 | 78 |
| iv_507 | 1.4620411666614125 × 10^301 | 4212 | 76 |
| iv_508 | 1.925846130812883 × 10^301 | 4028 | 70 |
| iv_505 | 2.125299423877684 × 10^301 | 4149 | 79 |
| iv_511 | 3.534730297685414 × 10^301 | 4249 | 80 |
| iv_512 | 4.0767805529658006 × 10^301 | 4406 | 80 |
| iv_510 | 5.393800556793375 × 10^301 | 4154 | 79 |

### Input Bits Sorted by Occurrences

| Input Bit | Complexity | Occurrences | Output Occurrences |
|:---------:|:----------:|:-----------:|:------------------:|
| iv_502 | 5.787465160683724 × 10^300 | 3911 | 82 |
| iv_504 | 1.4065313163569858 × 10^301 | 3956 | 78 |
| iv_498 | 6.923553578103536 × 10^299 | 3966 | 88 |
| iv_506 | 1.031914595227945 × 10^301 | 3979 | 82 |
| iv_508 | 1.925846130812883 × 10^301 | 4028 | 70 |
| iv_503 | 9.130801983101138 × 10^300 | 4059 | 74 |
| iv_501 | 3.5608774539582465 × 10^300 | 4119 | 83 |
| iv_499 | 1.2328955574306858 × 10^300 | 4138 | 81 |
| iv_500 | 2.0884270962259495 × 10^300 | 4148 | 76 |
| iv_505 | 2.125299423877684 × 10^301 | 4149 | 79 |
| iv_510 | 5.393800556793375 × 10^301 | 4154 | 79 |
| iv_497 | 3.4316416942074733 × 10^299 | 4158 | 93 |
| iv_507 | 1.4620411666614125 × 10^301 | 4212 | 76 |
| iv_511 | 3.534730297685414 × 10^301 | 4249 | 80 |
| iv_512 | 4.0767805529658006 × 10^301 | 4406 | 80 |

### Input Bits Sorted by Output Occurrences

| Input Bit | Complexity | Occurrences | Output Occurrences |
|:---------:|:----------:|:-----------:|:------------------:|
| iv_508 | 1.925846130812883 × 10^301 | 4028 | 70 |
| iv_503 | 9.130801983101138 × 10^300 | 4059 | 74 |
| iv_500 | 2.0884270962259495 × 10^300 | 4148 | 76 |
| iv_507 | 1.4620411666614125 × 10^301 | 4212 | 76 |
| iv_504 | 1.4065313163569858 × 10^301 | 3956 | 78 |
| iv_505 | 2.125299423877684 × 10^301 | 4149 | 79 |
| iv_510 | 5.393800556793375 × 10^301 | 4154 | 79 |
| iv_511 | 3.534730297685414 × 10^301 | 4249 | 80 |
| iv_512 | 4.0767805529658006 × 10^301 | 4406 | 80 |
| iv_499 | 1.2328955574306858 × 10^300 | 4138 | 81 |
| iv_502 | 5.787465160683724 × 10^300 | 3911 | 82 |
| iv_506 | 1.031914595227945 × 10^301 | 3979 | 82 |
| iv_501 | 3.5608774539582465 × 10^300 | 4119 | 83 |
| iv_498 | 6.923553578103536 × 10^299 | 3966 | 88 |
| iv_497 | 3.4316416942074733 × 10^299 | 4158 | 93 |

## Input Bit Co-occurrences

### Input Bit Co-occurrences Sorted by Co-occurrences

| Input Bits | Co-occurrences | Potential Occurrences | Output Co-occurrences | Potential Output Occurrences |
|:----------:|:--------------:|:---------------------:|:---------------------:|:----------------------------:|
| iv_511-iv_512 | 2167 | 4321 | 43 | 74 |
| iv_507-iv_512 | 2123 | 4372 | 42 | 72 |
| iv_510-iv_512 | 2099 | 4362 | 42 | 75 |
| iv_497-iv_512 | 2092 | 4380 | 44 | 85 |
| iv_500-iv_511 | 2091 | 4215 | 38 | 80 |
| iv_500-iv_512 | 2077 | 4400 | 39 | 78 |
| iv_505-iv_512 | 2076 | 4403 | 40 | 79 |
| iv_501-iv_512 | 2075 | 4375 | 43 | 77 |
| iv_497-iv_507 | 2056 | 4258 | 44 | 81 |
| iv_503-iv_512 | 2056 | 4353 | 34 | 86 |
| iv_501-iv_511 | 2048 | 4272 | 39 | 85 |
| iv_507-iv_510 | 2047 | 4272 | 41 | 73 |
| iv_499-iv_512 | 2046 | 4452 | 44 | 73 |
| iv_508-iv_512 | 2044 | 4346 | 32 | 86 |
| iv_499-iv_510 | 2044 | 4204 | 43 | 74 |

### Input Bit Co-occurrences Sorted by Potential Occurrences

| Input Bits | Co-occurrences | Potential Occurrences | Output Co-occurrences | Potential Output Occurrences |
|:----------:|:--------------:|:---------------------:|:---------------------:|:----------------------------:|
| iv_499-iv_508 | 2026 | 4114 | 38 | 75 |
| iv_504-iv_506 | 1885 | 4165 | 42 | 76 |
| iv_502-iv_505 | 1943 | 4174 | 43 | 75 |
| iv_499-iv_502 | 1934 | 4181 | 41 | 81 |
| iv_500-iv_503 | 2013 | 4181 | 38 | 74 |
| iv_506-iv_507 | 2004 | 4183 | 39 | 80 |
| iv_506-iv_508 | 1911 | 4185 | 37 | 78 |
| iv_503-iv_506 | 1923 | 4192 | 38 | 80 |
| iv_501-iv_505 | 2037 | 4194 | 50 | 62 |
| iv_498-iv_508 | 1897 | 4200 | 37 | 84 |
| iv_499-iv_506 | 1957 | 4203 | 39 | 85 |
| iv_499-iv_510 | 2044 | 4204 | 43 | 74 |
| iv_497-iv_503 | 2006 | 4205 | 38 | 91 |
| iv_498-iv_504 | 1855 | 4212 | 46 | 74 |
| iv_498-iv_510 | 1953 | 4214 | 48 | 71 |

### Input Bit Output Co-occurrences Sorted by Output Co-occurrences

| Input Bits | Co-occurrences | Potential Occurrences | Output Co-occurrences | Potential Output Occurrences |
|:----------:|:--------------:|:---------------------:|:---------------------:|:----------------------------:|
| iv_497-iv_502 | 1910 | 4249 | 52 | 71 |
| iv_497-iv_506 | 1960 | 4217 | 51 | 73 |
| iv_501-iv_505 | 2037 | 4194 | 50 | 62 |
| iv_497-iv_504 | 1936 | 4242 | 50 | 71 |
| iv_497-iv_498 | 1903 | 4318 | 50 | 81 |
| iv_498-iv_501 | 1887 | 4311 | 48 | 75 |
| iv_498-iv_510 | 1953 | 4214 | 48 | 71 |
| iv_497-iv_501 | 2018 | 4241 | 48 | 80 |
| iv_497-iv_510 | 1949 | 4414 | 48 | 76 |
| iv_498-iv_512 | 2007 | 4358 | 47 | 74 |
| iv_505-iv_507 | 1955 | 4451 | 47 | 61 |
| iv_497-iv_511 | 2018 | 4371 | 47 | 79 |
| iv_498-iv_502 | 1775 | 4327 | 46 | 78 |
| iv_498-iv_504 | 1855 | 4212 | 46 | 74 |
| iv_497-iv_505 | 1965 | 4377 | 46 | 80 |

### Input Bit Output Co-occurrences Sorted by Potential Output Occurrences

| Input Bits | Co-occurrences | Potential Occurrences | Output Co-occurrences | Potential Output Occurrences |
|:----------:|:--------------:|:---------------------:|:---------------------:|:----------------------------:|
| iv_505-iv_507 | 1955 | 4451 | 47 | 61 |
| iv_501-iv_505 | 2037 | 4194 | 50 | 62 |
| iv_499-iv_507 | 1939 | 4472 | 45 | 67 |
| iv_503-iv_504 | 1872 | 4271 | 41 | 70 |
| iv_498-iv_510 | 1953 | 4214 | 48 | 71 |
| iv_497-iv_504 | 1936 | 4242 | 50 | 71 |
| iv_497-iv_502 | 1910 | 4249 | 52 | 71 |
| iv_502-iv_511 | 1931 | 4298 | 45 | 72 |
| iv_507-iv_512 | 2123 | 4372 | 42 | 72 |
| iv_501-iv_503 | 1963 | 4252 | 42 | 73 |
| iv_499-iv_512 | 2046 | 4452 | 44 | 73 |
| iv_506-iv_510 | 1955 | 4223 | 44 | 73 |
| iv_507-iv_510 | 2047 | 4272 | 41 | 73 |
| iv_497-iv_506 | 1960 | 4217 | 51 | 73 |
| iv_504-iv_508 | 1881 | 4222 | 37 | 74 |

## Output Bits

### Output Bits in Regular Order

| Rank | Output Bit | Complexity |
|:----:|:----------:|:----------:|
| 1 | ov_001 | 3.615853012694027 × 10^301 |
| 2 | ov_002 | 3.148304130022158 × 10^301 |
| 3 | ov_003 | 2.728419897366402 × 10^301 |
| 4 | ov_004 | 2.352626552916994 × 10^301 |
| 5 | ov_005 | 2.017546897333658 × 10^301 |
| 6 | ov_006 | 1.719986375211737 × 10^301 |
| 7 | ov_007 | 1.4569209384972752 × 10^301 |
| 8 | ov_008 | 1.2254865543251975 × 10^301 |
| 9 | ov_009 | 1.0229702077113392 × 10^301 |
| 10 | ov_010 | 8.468022477170614 × 10^300 |
| 11 | ov_011 | 6.94549934182959 × 10^300 |
| 12 | ov_012 | 5.639120503832337 × 10^300 |
| 13 | ov_013 | 4.527144550288808 × 10^300 |
| 14 | ov_014 | 3.5890645498374975 × 10^300 |
| 15 | ov_015 | 2.8055788788479588 × 10^300 |
| 16 | ov_016 | 2.1585681160310613 × 10^300 |
| 17 | ov_017 | 1.6310770516734697 × 10^300 |
| 18 | ov_018 | 1.2073009341358815 × 10^300 |
| 19 | ov_019 | 8.725751523853769 × 10^299 |
| 20 | ov_020 | 6.133676651279891 × 10^299 |
| 21 | ov_021 | 4.1727363464038445 × 10^299 |
| 22 | ov_022 | 2.730117991504468 × 10^299 |
| 23 | ov_023 | 1.7042212161596067 × 10^299 |
| 24 | ov_024 | 1.0046430951908234 × 10^299 |
| 25 | ov_025 | 5.521692204823223 × 10^298 |
| 26 | ov_026 | 2.787688080576238 × 10^298 |
| 27 | ov_027 | 1.2759239470147095 × 10^298 |
| 28 | ov_028 | 5.297092920377608 × 10^297 |
| 29 | ov_029 | 2.0415479660354713 × 10^297 |
| 30 | ov_030 | 6.242498629950711 × 10^296 |
| 31 | ov_031 | 1.2178900052465074 × 10^296 |
| 32 | lv_80_m31 | 2.375639996461738 × 10^295 |
| 33 | ov_033 | 2.8723321144794873 × 10^296 |
| 34 | ov_034 | 2.4976703682825455 × 10^296 |
| 35 | ov_035 | 2.16164696390838 × 10^296 |
| 36 | ov_036 | 1.8612443818452021 × 10^296 |
| 37 | ov_037 | 1.593610375250789 × 10^296 |
| 38 | ov_038 | 1.3560463755874397 × 10^296 |
| 39 | ov_039 | 1.1459974049963438 × 10^296 |
| 40 | ov_040 | 9.61043353488489 × 10^295 |
| 41 | ov_041 | 7.988914876819284 × 10^295 |
| 42 | ov_042 | 6.584264215680445 × 10^295 |
| 43 | ov_043 | 5.375920098552106 × 10^295 |
| 44 | ov_044 | 4.3444318738936946 × 10^295 |
| 45 | ov_045 | 3.4714222983010675 × 10^295 |
| 46 | ov_046 | 2.7395569541484456 × 10^295 |
| 47 | ov_047 | 2.1325195879003206 × 10^295 |
| 48 | ov_048 | 1.634992544036717 × 10^295 |
| 49 | ov_049 | 1.232641533222269 × 10^295 |
| 50 | ov_050 | 9.121040358626164 × 10^294 |
| 51 | ov_051 | 6.609807037895971 × 10^294 |
| 52 | ov_052 | 4.678291837245785 × 10^294 |
| 53 | ov_053 | 3.2215984657779476 × 10^294 |
| 54 | ov_054 | 2.144329667073351 × 10^294 |
| 55 | ov_055 | 1.3605695510735437 × 10^294 |
| 56 | ov_056 | 8.297288501088696 × 10^293 |
| 57 | ov_057 | 4.848274388328514 × 10^293 |
| 58 | ov_058 | 2.683467918808918 × 10^293 |
| 59 | ov_059 | 1.322283130014 × 10^293 |
| 60 | ov_060 | 5.480755395535152 × 10^292 |
| 61 | ov_061 | 1.9149571046729943 × 10^292 |
| 62 | ov_062 | 5.254648516283635 × 10^291 |
| 63 | ov_063 | 1.0245206869765163 × 10^291 |
| 64 | lv_79_m31 | 1.997161975398758 × 10^290 |
| 65 | ov_065 | 2.4136757605102796 × 10^291 |
| 66 | ov_066 | 2.413668731568328 × 10^291 |
| 67 | ov_067 | 2.4136670114349663 × 10^291 |
| 68 | ov_068 | 2.0954907970324335 × 10^291 |
| 69 | ov_069 | 1.810763092604287 × 10^291 |
| 70 | ov_070 | 1.5568209135088627 × 10^291 |
| 71 | ov_071 | 1.3311650173437693 × 10^291 |
| 72 | ov_072 | 1.1314488195770757 × 10^291 |
| 73 | ov_073 | 9.554682915929278 × 10^290 |
| 74 | ov_074 | 8.011527885800811 × 10^290 |
| 75 | ov_075 | 6.665567567913275 × 10^290 |
| 76 | ov_076 | 5.4985227144427864 × 10^290 |
| 77 | ov_077 | 4.4932235796268425 × 10^290 |
| 78 | ov_078 | 3.6335505041290005 × 10^290 |
| 79 | ov_079 | 2.904381419098963 × 10^290 |
| 80 | ov_080 | 2.2915458248615984 × 10^290 |
| 81 | ov_081 | 1.7817848046702988 × 10^290 |
| 82 | ov_082 | 1.3627166380671484 × 10^290 |
| 83 | ov_083 | 1.0228075813695192 × 10^290 |
| 84 | ov_084 | 7.513473848873659 × 10^289 |
| 85 | ov_085 | 5.384291178774138 × 10^289 |
| 86 | ov_086 | 3.749328731415956 × 10^289 |
| 87 | ov_087 | 2.5251292373088506 × 10^289 |
| 88 | ov_088 | 1.635879045425562 × 10^289 |
| 89 | ov_089 | 1.0133359178360763 × 10^289 |
| 90 | ov_090 | 5.967785337045514 × 10^288 |
| 91 | ov_091 | 3.3297343381680317 × 10^288 |
| 92 | ov_092 | 1.7615517273890665 × 10^288 |
| 93 | ov_093 | 8.801565648207411 × 10^287 |
| 94 | ov_094 | 3.769918983498343 × 10^287 |
| 95 | aaa_78_28 | 1.1640665640236033 × 10^287 |
| 96 | aaa_78_29 | 3.5746778375011183 × 10^286 |
| 97 | ov_097 | 2.3593186884238686 × 10^286 |
| 98 | ov_098 | 2.3592477553050373 × 10^286 |
| 99 | ov_099 | 2.3592250699082363 × 10^286 |
| 100 | ov_100 | 2.1225315305746054 × 10^286 |
| 101 | ov_101 | 1.9034034760875066 × 10^286 |
| 102 | ov_102 | 1.7008649821638575 × 10^286 |
| 103 | ov_103 | 1.5140107961671636 × 10^286 |
| 104 | ov_104 | 1.3419974598290319 × 10^286 |
| 105 | ov_105 | 1.1840352224743913 × 10^286 |
| 106 | ov_106 | 1.039380702976123 × 10^286 |
| 107 | ov_107 | 9.07330260281488 × 10^285 |
| 108 | ov_108 | 7.872140336803926 × 10^285 |
| 109 | ov_109 | 6.783906150615163 × 10^285 |
| 110 | ov_110 | 5.802423162598182 × 10^285 |
| 111 | ov_111 | 4.921709952695639 × 10^285 |
| 112 | ov_112 | 4.1359440561023914 × 10^285 |
| 113 | ov_113 | 3.4394303351552304 × 10^285 |
| 114 | ov_114 | 2.826573878926092 × 10^285 |
| 115 | ov_115 | 2.2918570819292964 × 10^285 |
| 116 | ov_116 | 1.8298205546557434 × 10^285 |
| 117 | ov_117 | 1.4350475194808212 × 10^285 |
| 118 | ov_118 | 1.1021513459911184 × 10^285 |
| 119 | ov_119 | 8.25765880046858 × 10^284 |
| 120 | ov_120 | 6.0053822103295565 × 10^284 |
| 121 | ov_121 | 4.2112360181747964 × 10^284 |
| 122 | ov_122 | 2.8218202596849966 × 10^284 |
| 123 | ov_123 | 1.783762050878006 × 10^284 |
| 124 | ov_124 | 1.0437027059621208 × 10^284 |
| 125 | ov_125 | 5.482897472035824 × 10^283 |
| 126 | ov_126 | 2.4417282375641835 × 10^283 |
| 127 | aaa_77_28 | 7.800214273185316 × 10^282 |
| 128 | aaa_77_29 | 2.9260827433857245 × 10^282 |
| 129 | ov_129 | 2.746429946712267 × 10^282 |
| 130 | ov_130 | 2.74642237954491 × 10^282 |
| 131 | ov_131 | 2.7464205472925696 × 10^282 |
| 132 | ov_132 | 2.3892229126935757 × 10^282 |
| 133 | ov_133 | 2.0685719055798616 × 10^282 |
| 134 | ov_134 | 1.781729231848736 × 10^282 |
| 135 | ov_135 | 1.526105979602532 × 10^282 |
| 136 | ov_136 | 1.2992520115757969 × 10^282 |
| 137 | ov_137 | 1.0988467563255564 × 10^282 |
| 138 | ov_138 | 9.226912690444039 × 10^281 |
| 139 | ov_139 | 7.68701439608609 × 10^281 |
| 140 | ov_140 | 6.3490223200090346 × 10^281 |
| 141 | ov_141 | 5.1942284559475664 × 10^281 |
| 142 | ov_142 | 4.2049269499219954 × 10^281 |
| 143 | ov_143 | 3.364381112031691 × 10^281 |
| 144 | ov_144 | 2.6567967296804287 × 10^281 |
| 145 | ov_145 | 2.0673008297865136 × 10^281 |
| 146 | ov_146 | 1.5819250966414717 × 10^281 |
| 147 | ov_147 | 1.1875932109021975 × 10^281 |
| 148 | ov_148 | 8.72111433834138 × 10^280 |
| 149 | ov_149 | 6.241618194406409 × 10^280 |
| 150 | ov_150 | 4.332974955646065 × 10^280 |
| 151 | ov_151 | 2.8993951346191728 × 10^280 |
| 152 | ov_152 | 1.8537484407202885 × 10^280 |
| 153 | ov_153 | 1.1175519825833374 × 10^280 |
| 154 | ov_154 | 6.209640666122859 × 10^279 |
| 155 | ov_155 | 3.027812093940654 × 10^279 |
| 156 | aaa_76_25 | 1.1043674371130711 × 10^279 |
| 157 | aaa_76_26 | 6.382393322782392 × 10^278 |
| 158 | aaa_76_27 | 3.269967759001934 × 10^278 |
| 159 | aaa_76_28 | 1.2746196299955266 × 10^278 |
| 160 | aaa_76_29 | 3.880892313862528 × 10^277 |

### Output Bits Sorted by Complexity

| Rank | Output Bit | Complexity |
|:----:|:----------:|:----------:|
| 160 | aaa_76_29 | 3.880892313862528 × 10^277 |
| 159 | aaa_76_28 | 1.2746196299955266 × 10^278 |
| 158 | aaa_76_27 | 3.269967759001934 × 10^278 |
| 157 | aaa_76_26 | 6.382393322782392 × 10^278 |
| 156 | aaa_76_25 | 1.1043674371130711 × 10^279 |
| 155 | ov_155 | 3.027812093940654 × 10^279 |
| 154 | ov_154 | 6.209640666122859 × 10^279 |
| 153 | ov_153 | 1.1175519825833374 × 10^280 |
| 152 | ov_152 | 1.8537484407202885 × 10^280 |
| 151 | ov_151 | 2.8993951346191728 × 10^280 |
| 150 | ov_150 | 4.332974955646065 × 10^280 |
| 149 | ov_149 | 6.241618194406409 × 10^280 |
| 148 | ov_148 | 8.72111433834138 × 10^280 |
| 147 | ov_147 | 1.1875932109021975 × 10^281 |
| 146 | ov_146 | 1.5819250966414717 × 10^281 |
| 145 | ov_145 | 2.0673008297865136 × 10^281 |
| 144 | ov_144 | 2.6567967296804287 × 10^281 |
| 143 | ov_143 | 3.364381112031691 × 10^281 |
| 142 | ov_142 | 4.2049269499219954 × 10^281 |
| 141 | ov_141 | 5.1942284559475664 × 10^281 |
| 140 | ov_140 | 6.3490223200090346 × 10^281 |
| 139 | ov_139 | 7.68701439608609 × 10^281 |
| 138 | ov_138 | 9.226912690444039 × 10^281 |
| 137 | ov_137 | 1.0988467563255564 × 10^282 |
| 136 | ov_136 | 1.2992520115757969 × 10^282 |
| 135 | ov_135 | 1.526105979602532 × 10^282 |
| 134 | ov_134 | 1.781729231848736 × 10^282 |
| 133 | ov_133 | 2.0685719055798616 × 10^282 |
| 132 | ov_132 | 2.3892229126935757 × 10^282 |
| 131 | ov_131 | 2.7464205472925696 × 10^282 |
| 130 | ov_130 | 2.74642237954491 × 10^282 |
| 129 | ov_129 | 2.746429946712267 × 10^282 |
| 128 | aaa_77_29 | 2.9260827433857245 × 10^282 |
| 127 | aaa_77_28 | 7.800214273185316 × 10^282 |
| 126 | ov_126 | 2.4417282375641835 × 10^283 |
| 125 | ov_125 | 5.482897472035824 × 10^283 |
| 124 | ov_124 | 1.0437027059621208 × 10^284 |
| 123 | ov_123 | 1.783762050878006 × 10^284 |
| 122 | ov_122 | 2.8218202596849966 × 10^284 |
| 121 | ov_121 | 4.2112360181747964 × 10^284 |
| 120 | ov_120 | 6.0053822103295565 × 10^284 |
| 119 | ov_119 | 8.25765880046858 × 10^284 |
| 118 | ov_118 | 1.1021513459911184 × 10^285 |
| 117 | ov_117 | 1.4350475194808212 × 10^285 |
| 116 | ov_116 | 1.8298205546557434 × 10^285 |
| 115 | ov_115 | 2.2918570819292964 × 10^285 |
| 114 | ov_114 | 2.826573878926092 × 10^285 |
| 113 | ov_113 | 3.4394303351552304 × 10^285 |
| 112 | ov_112 | 4.1359440561023914 × 10^285 |
| 111 | ov_111 | 4.921709952695639 × 10^285 |
| 110 | ov_110 | 5.802423162598182 × 10^285 |
| 109 | ov_109 | 6.783906150615163 × 10^285 |
| 108 | ov_108 | 7.872140336803926 × 10^285 |
| 107 | ov_107 | 9.07330260281488 × 10^285 |
| 106 | ov_106 | 1.039380702976123 × 10^286 |
| 105 | ov_105 | 1.1840352224743913 × 10^286 |
| 104 | ov_104 | 1.3419974598290319 × 10^286 |
| 103 | ov_103 | 1.5140107961671636 × 10^286 |
| 102 | ov_102 | 1.7008649821638575 × 10^286 |
| 101 | ov_101 | 1.9034034760875066 × 10^286 |
| 100 | ov_100 | 2.1225315305746054 × 10^286 |
| 99 | ov_099 | 2.3592250699082363 × 10^286 |
| 98 | ov_098 | 2.3592477553050373 × 10^286 |
| 97 | ov_097 | 2.3593186884238686 × 10^286 |
| 96 | aaa_78_29 | 3.5746778375011183 × 10^286 |
| 95 | aaa_78_28 | 1.1640665640236033 × 10^287 |
| 94 | ov_094 | 3.769918983498343 × 10^287 |
| 93 | ov_093 | 8.801565648207411 × 10^287 |
| 92 | ov_092 | 1.7615517273890665 × 10^288 |
| 91 | ov_091 | 3.3297343381680317 × 10^288 |
| 90 | ov_090 | 5.967785337045514 × 10^288 |
| 89 | ov_089 | 1.0133359178360763 × 10^289 |
| 88 | ov_088 | 1.635879045425562 × 10^289 |
| 87 | ov_087 | 2.5251292373088506 × 10^289 |
| 86 | ov_086 | 3.749328731415956 × 10^289 |
| 85 | ov_085 | 5.384291178774138 × 10^289 |
| 84 | ov_084 | 7.513473848873659 × 10^289 |
| 83 | ov_083 | 1.0228075813695192 × 10^290 |
| 82 | ov_082 | 1.3627166380671484 × 10^290 |
| 81 | ov_081 | 1.7817848046702988 × 10^290 |
| 64 | lv_79_m31 | 1.997161975398758 × 10^290 |
| 80 | ov_080 | 2.2915458248615984 × 10^290 |
| 79 | ov_079 | 2.904381419098963 × 10^290 |
| 78 | ov_078 | 3.6335505041290005 × 10^290 |
| 77 | ov_077 | 4.4932235796268425 × 10^290 |
| 76 | ov_076 | 5.4985227144427864 × 10^290 |
| 75 | ov_075 | 6.665567567913275 × 10^290 |
| 74 | ov_074 | 8.011527885800811 × 10^290 |
| 73 | ov_073 | 9.554682915929278 × 10^290 |
| 63 | ov_063 | 1.0245206869765163 × 10^291 |
| 72 | ov_072 | 1.1314488195770757 × 10^291 |
| 71 | ov_071 | 1.3311650173437693 × 10^291 |
| 70 | ov_070 | 1.5568209135088627 × 10^291 |
| 69 | ov_069 | 1.810763092604287 × 10^291 |
| 68 | ov_068 | 2.0954907970324335 × 10^291 |
| 67 | ov_067 | 2.4136670114349663 × 10^291 |
| 66 | ov_066 | 2.413668731568328 × 10^291 |
| 65 | ov_065 | 2.4136757605102796 × 10^291 |
| 62 | ov_062 | 5.254648516283635 × 10^291 |
| 61 | ov_061 | 1.9149571046729943 × 10^292 |
| 60 | ov_060 | 5.480755395535152 × 10^292 |
| 59 | ov_059 | 1.322283130014 × 10^293 |
| 58 | ov_058 | 2.683467918808918 × 10^293 |
| 57 | ov_057 | 4.848274388328514 × 10^293 |
| 56 | ov_056 | 8.297288501088696 × 10^293 |
| 55 | ov_055 | 1.3605695510735437 × 10^294 |
| 54 | ov_054 | 2.144329667073351 × 10^294 |
| 53 | ov_053 | 3.2215984657779476 × 10^294 |
| 52 | ov_052 | 4.678291837245785 × 10^294 |
| 51 | ov_051 | 6.609807037895971 × 10^294 |
| 50 | ov_050 | 9.121040358626164 × 10^294 |
| 49 | ov_049 | 1.232641533222269 × 10^295 |
| 48 | ov_048 | 1.634992544036717 × 10^295 |
| 47 | ov_047 | 2.1325195879003206 × 10^295 |
| 32 | lv_80_m31 | 2.375639996461738 × 10^295 |
| 46 | ov_046 | 2.7395569541484456 × 10^295 |
| 45 | ov_045 | 3.4714222983010675 × 10^295 |
| 44 | ov_044 | 4.3444318738936946 × 10^295 |
| 43 | ov_043 | 5.375920098552106 × 10^295 |
| 42 | ov_042 | 6.584264215680445 × 10^295 |
| 41 | ov_041 | 7.988914876819284 × 10^295 |
| 40 | ov_040 | 9.61043353488489 × 10^295 |
| 39 | ov_039 | 1.1459974049963438 × 10^296 |
| 31 | ov_031 | 1.2178900052465074 × 10^296 |
| 38 | ov_038 | 1.3560463755874397 × 10^296 |
| 37 | ov_037 | 1.593610375250789 × 10^296 |
| 36 | ov_036 | 1.8612443818452021 × 10^296 |
| 35 | ov_035 | 2.16164696390838 × 10^296 |
| 34 | ov_034 | 2.4976703682825455 × 10^296 |
| 33 | ov_033 | 2.8723321144794873 × 10^296 |
| 30 | ov_030 | 6.242498629950711 × 10^296 |
| 29 | ov_029 | 2.0415479660354713 × 10^297 |
| 28 | ov_028 | 5.297092920377608 × 10^297 |
| 27 | ov_027 | 1.2759239470147095 × 10^298 |
| 26 | ov_026 | 2.787688080576238 × 10^298 |
| 25 | ov_025 | 5.521692204823223 × 10^298 |
| 24 | ov_024 | 1.0046430951908234 × 10^299 |
| 23 | ov_023 | 1.7042212161596067 × 10^299 |
| 22 | ov_022 | 2.730117991504468 × 10^299 |
| 21 | ov_021 | 4.1727363464038445 × 10^299 |
| 20 | ov_020 | 6.133676651279891 × 10^299 |
| 19 | ov_019 | 8.725751523853769 × 10^299 |
| 18 | ov_018 | 1.2073009341358815 × 10^300 |
| 17 | ov_017 | 1.6310770516734697 × 10^300 |
| 16 | ov_016 | 2.1585681160310613 × 10^300 |
| 15 | ov_015 | 2.8055788788479588 × 10^300 |
| 14 | ov_014 | 3.5890645498374975 × 10^300 |
| 13 | ov_013 | 4.527144550288808 × 10^300 |
| 12 | ov_012 | 5.639120503832337 × 10^300 |
| 11 | ov_011 | 6.94549934182959 × 10^300 |
| 10 | ov_010 | 8.468022477170614 × 10^300 |
| 9 | ov_009 | 1.0229702077113392 × 10^301 |
| 8 | ov_008 | 1.2254865543251975 × 10^301 |
| 7 | ov_007 | 1.4569209384972752 × 10^301 |
| 6 | ov_006 | 1.719986375211737 × 10^301 |
| 5 | ov_005 | 2.017546897333658 × 10^301 |
| 4 | ov_004 | 2.352626552916994 × 10^301 |
| 3 | ov_003 | 2.728419897366402 × 10^301 |
| 2 | ov_002 | 3.148304130022158 × 10^301 |
| 1 | ov_001 | 3.615853012694027 × 10^301 |

