# Results for F001-F002-F003-F004-F005-F006-F007-F008-F009-F010-F011-F012-F013-F014-F015-F016-F017-F018-F019-F020-F021-F022-F023-F024-F025-F026-F027-F028-F029-F030-F031-F032-F033-F034-F035-F036-F037-F038-F039-F040-F041-F042-F043-F044-F045-F046-F047-F048-F049-F050-F051-F052-F053-F054-F055-F056-F057-F058-F059-F060-F061-F062-F063-F064-F065-F066-F067-F068-F069-F070-F071-F072-F073-F074-F075-F076-F077-F078-F079-F080-F081-F082-F083-F084-F085-F086-F087-F088-F089-F090-F091-F092-F093-F094-F095-F096-F097-F098-F099-F100-F101-F102-F103-F104-F105-F106-F107-F108-F109-F110-F111-F112-F113-F114-F115-F116-F117-F118-F119-F120-F121-F122-F123-F124-F125-F126-F127-F128-F129-F130-F131-F132-F133-F134-F135-F136-F137-F138-F139-F140-F141-F142-F143-F144-F145-F146-F147-F148-F149-F150-F151-F152-F153-F154-F155-F156-F157-F158-F159-F160-F161-F162-F163-F164-F165-F166-F167-F168-F169-F170-F171-F172-F173-F174-F175-F176-F177-F178-F179-F180-F181-F182-F183-F184-F185-F186-F187-F188-F189-F190-F191-F192-F193-F194-F195-F196-F197-F198-F199-F200-F201-F202-F203-F204-F205-F206-F207-F208-F209-F210-F211-F212-F213-F214-F215-F216-F217-F218-F219-F220-F221-F222-F223-F224-F225-F226-F227-F228-F229-F230-F231-F232-F233-F234-F235-F236-F237-F238-F239-F240-F241-F242-F243-F244-F245-F246-F247-F248-F249-F250-F251-F252-F253-F254-F255-F256-F257-F258-F259-F260-F261-F262-F263-F264-F265-F266-F267-F268-F269-F270-F271-F272-F273-F274-F275-F276-F277-F278-F279-F280-F281-F282-F283-F284-F285-F286-F287-F288-F289-F290-F291-F292-F293-F294-F295-F296-F297-F298-F299-F300-F301-F302-F303-F304-F305-F306-F307-F308-F309-F310-F311-F312-F313-F314-F315-F316-F317-F318-F319-F320-F321-F322-F323-F324-F325-F326-F327-F328-F329-F330-F331-F332-F333-F334-F335-F336-F337-F338-F339-F340-F341-F342-F343-F344-F345-F346-F347-F348-F349-F350-F351-F352-F353-F354-F355-F356-F357-F358-F359-F360-F361-F362-F363-F364-F365-F366-F367-F368-F369-F370-F371-F372-F373-F374-F375-F376-F377-F378-F379-F380-F381-F382-F383-F384-F385-F386-F387-F388-F389-F390-F391-F392-F393-F394-F395-F396-F397-F398-F399-F400-F401-F402-F403-F404-F405-F406-F407-F408-F409-F410-F411-F412-F413-F414-F415-F416-F417-F418-F419-F420-F421-F422-F423-F424-F425-F426-F427-F428-F429-F430-F431-F432-F433-F434-F435-F436-F437-F438-F439-F440-F441-F442-F443-F444-F445-F446-F447-F448-F449-F450-F451-F452-F453-F454-F455-F456-F457-F458-F459-F460-F461-F462-F463-F464-F465-F466-F467-F468-F469-F470-F471-F472-F473-F474-F475-F476-F477-F478-F479-F480-F481-F482-F483-F484-F485-F486-F487-F488-F489-F490-F491-F492-F493-F494-F495-F496-F511

## Summary

Number of input bits: 512  
Number of free input bits: 15  
Number of output bits: 160

Number of direct occurrences: 61358  
Number of assignments: 32058  
Number of operations: 11391905
(xor: 11363327,
and: 14929,
or: 13649)

Total complexity: 3.6968721213107473 × 10^302

Least occurring input variable: iv_502 (3909)  
Most occurring input variable: iv_512 (4444)

Most co-occurring input variables: iv_507-iv_512 (2124)  
Least co-occurring input variables: iv_498-iv_502 (1776)

Potentially most occurring input variable: iv_506/iv_512 (4549)  
Potentially least occurring input variable: iv_499/iv_508 (4114)

Least output occurring input variable: iv_508 (70)  
Most output occurring input variable: iv_497 (93)

Most output co-occurring input variables: iv_497-iv_502 (52)  
Least output co-occurring input variables: iv_508-iv_510 (27)

Potentially most output occurring input variable: iv_502/iv_508 (92)  
Potentially least output occurring input variable: iv_500/iv_510 (64)

Least complex input bit: iv_512 (6.771964359159043 × 10^298)  
Most complex input bit: iv_510 (9.07692087796301 × 10^301)

Least complex output bit: aaa_76_29 (6.048216641986773 × 10^277)  
Most complex output bit: ov_001 (5.751384150009317 × 10^301)

Least complex input/output complexity: iv_512/aaa_76_29 (1.1079178882034204 × 10^274)  
Most complex input/output complexity: iv_510/ov_001 (1.4121359126129454 × 10^301)

## Input Bits

### Input Bits in Regular Order

| Input Bit | Complexity | Occurrences | Output Occurrences |
|:---------:|:----------:|:-----------:|:------------------:|
| iv_497 | 3.316047577221963 × 10^299 | 4159 | 93 |
| iv_498 | 6.6901046834098945 × 10^299 | 3967 | 88 |
| iv_499 | 1.191289526708202 × 10^300 | 4137 | 81 |
| iv_500 | 2.017927377931787 × 10^300 | 4148 | 76 |
| iv_501 | 3.3855909697757646 × 10^300 | 4119 | 83 |
| iv_502 | 5.4820347483186425 × 10^300 | 3909 | 82 |
| iv_503 | 8.657735829290263 × 10^300 | 4059 | 74 |
| iv_504 | 1.3371255951368673 × 10^301 | 3988 | 79 |
| iv_505 | 2.0262481063156305 × 10^301 | 3951 | 79 |
| iv_506 | 3.018039590921813 × 10^301 | 3981 | 82 |
| iv_507 | 4.425579338330115 × 10^301 | 4213 | 76 |
| iv_508 | 6.281425578572379 × 10^301 | 4029 | 70 |
| iv_509 | 8.623090793699731 × 10^301 | 4031 | 74 |
| iv_510 | 9.07692087796301 × 10^301 | 4223 | 72 |
| iv_512 | 6.771964359159043 × 10^298 | 4444 | 80 |

### Input Bits Sorted by Complexity

| Input Bit | Complexity | Occurrences | Output Occurrences |
|:---------:|:----------:|:-----------:|:------------------:|
| iv_512 | 6.771964359159043 × 10^298 | 4444 | 80 |
| iv_497 | 3.316047577221963 × 10^299 | 4159 | 93 |
| iv_498 | 6.6901046834098945 × 10^299 | 3967 | 88 |
| iv_499 | 1.191289526708202 × 10^300 | 4137 | 81 |
| iv_500 | 2.017927377931787 × 10^300 | 4148 | 76 |
| iv_501 | 3.3855909697757646 × 10^300 | 4119 | 83 |
| iv_502 | 5.4820347483186425 × 10^300 | 3909 | 82 |
| iv_503 | 8.657735829290263 × 10^300 | 4059 | 74 |
| iv_504 | 1.3371255951368673 × 10^301 | 3988 | 79 |
| iv_505 | 2.0262481063156305 × 10^301 | 3951 | 79 |
| iv_506 | 3.018039590921813 × 10^301 | 3981 | 82 |
| iv_507 | 4.425579338330115 × 10^301 | 4213 | 76 |
| iv_508 | 6.281425578572379 × 10^301 | 4029 | 70 |
| iv_509 | 8.623090793699731 × 10^301 | 4031 | 74 |
| iv_510 | 9.07692087796301 × 10^301 | 4223 | 72 |

### Input Bits Sorted by Occurrences

| Input Bit | Complexity | Occurrences | Output Occurrences |
|:---------:|:----------:|:-----------:|:------------------:|
| iv_502 | 5.4820347483186425 × 10^300 | 3909 | 82 |
| iv_505 | 2.0262481063156305 × 10^301 | 3951 | 79 |
| iv_498 | 6.6901046834098945 × 10^299 | 3967 | 88 |
| iv_506 | 3.018039590921813 × 10^301 | 3981 | 82 |
| iv_504 | 1.3371255951368673 × 10^301 | 3988 | 79 |
| iv_508 | 6.281425578572379 × 10^301 | 4029 | 70 |
| iv_509 | 8.623090793699731 × 10^301 | 4031 | 74 |
| iv_503 | 8.657735829290263 × 10^300 | 4059 | 74 |
| iv_501 | 3.3855909697757646 × 10^300 | 4119 | 83 |
| iv_499 | 1.191289526708202 × 10^300 | 4137 | 81 |
| iv_500 | 2.017927377931787 × 10^300 | 4148 | 76 |
| iv_497 | 3.316047577221963 × 10^299 | 4159 | 93 |
| iv_507 | 4.425579338330115 × 10^301 | 4213 | 76 |
| iv_510 | 9.07692087796301 × 10^301 | 4223 | 72 |
| iv_512 | 6.771964359159043 × 10^298 | 4444 | 80 |

### Input Bits Sorted by Output Occurrences

| Input Bit | Complexity | Occurrences | Output Occurrences |
|:---------:|:----------:|:-----------:|:------------------:|
| iv_508 | 6.281425578572379 × 10^301 | 4029 | 70 |
| iv_510 | 9.07692087796301 × 10^301 | 4223 | 72 |
| iv_503 | 8.657735829290263 × 10^300 | 4059 | 74 |
| iv_509 | 8.623090793699731 × 10^301 | 4031 | 74 |
| iv_500 | 2.017927377931787 × 10^300 | 4148 | 76 |
| iv_507 | 4.425579338330115 × 10^301 | 4213 | 76 |
| iv_504 | 1.3371255951368673 × 10^301 | 3988 | 79 |
| iv_505 | 2.0262481063156305 × 10^301 | 3951 | 79 |
| iv_512 | 6.771964359159043 × 10^298 | 4444 | 80 |
| iv_499 | 1.191289526708202 × 10^300 | 4137 | 81 |
| iv_502 | 5.4820347483186425 × 10^300 | 3909 | 82 |
| iv_506 | 3.018039590921813 × 10^301 | 3981 | 82 |
| iv_501 | 3.3855909697757646 × 10^300 | 4119 | 83 |
| iv_498 | 6.6901046834098945 × 10^299 | 3967 | 88 |
| iv_497 | 3.316047577221963 × 10^299 | 4159 | 93 |

## Input Bit Co-occurrences

### Input Bit Co-occurrences Sorted by Co-occurrences

| Input Bits | Co-occurrences | Potential Occurrences | Output Co-occurrences | Potential Output Occurrences |
|:----------:|:--------------:|:---------------------:|:---------------------:|:----------------------------:|
| iv_507-iv_512 | 2124 | 4409 | 42 | 72 |
| iv_497-iv_512 | 2092 | 4419 | 44 | 85 |
| iv_500-iv_512 | 2077 | 4438 | 39 | 78 |
| iv_501-iv_512 | 2075 | 4413 | 43 | 77 |
| iv_510-iv_512 | 2073 | 4521 | 35 | 82 |
| iv_497-iv_507 | 2056 | 4260 | 44 | 81 |
| iv_503-iv_512 | 2056 | 4391 | 34 | 86 |
| iv_499-iv_512 | 2046 | 4489 | 44 | 73 |
| iv_500-iv_510 | 2045 | 4281 | 42 | 64 |
| iv_508-iv_512 | 2044 | 4385 | 32 | 86 |
| iv_501-iv_510 | 2035 | 4272 | 41 | 73 |
| iv_507-iv_510 | 2033 | 4370 | 38 | 72 |
| iv_499-iv_508 | 2026 | 4114 | 38 | 75 |
| iv_497-iv_501 | 2018 | 4242 | 48 | 80 |
| iv_507-iv_508 | 2015 | 4212 | 31 | 84 |

### Input Bit Co-occurrences Sorted by Potential Occurrences

| Input Bits | Co-occurrences | Potential Occurrences | Output Co-occurrences | Potential Output Occurrences |
|:----------:|:--------------:|:---------------------:|:---------------------:|:----------------------------:|
| iv_499-iv_508 | 2026 | 4114 | 38 | 75 |
| iv_504-iv_505 | 1903 | 4133 | 39 | 80 |
| iv_500-iv_504 | 2001 | 4134 | 37 | 81 |
| iv_499-iv_504 | 1980 | 4165 | 47 | 66 |
| iv_504-iv_508 | 1923 | 4171 | 35 | 79 |
| iv_499-iv_502 | 1934 | 4178 | 41 | 81 |
| iv_501-iv_505 | 1945 | 4180 | 45 | 72 |
| iv_500-iv_503 | 2013 | 4181 | 38 | 74 |
| iv_502-iv_505 | 1839 | 4182 | 36 | 89 |
| iv_506-iv_508 | 1913 | 4184 | 37 | 78 |
| iv_506-iv_507 | 2002 | 4190 | 39 | 80 |
| iv_503-iv_506 | 1922 | 4196 | 38 | 80 |
| iv_498-iv_508 | 1897 | 4202 | 37 | 84 |
| iv_499-iv_506 | 1957 | 4204 | 39 | 85 |
| iv_497-iv_503 | 2006 | 4206 | 38 | 91 |

### Input Bit Output Co-occurrences Sorted by Output Co-occurrences

| Input Bits | Co-occurrences | Potential Occurrences | Output Co-occurrences | Potential Output Occurrences |
|:----------:|:--------------:|:---------------------:|:---------------------:|:----------------------------:|
| iv_497-iv_502 | 1910 | 4248 | 52 | 71 |
| iv_497-iv_506 | 1960 | 4220 | 51 | 73 |
| iv_497-iv_498 | 1903 | 4320 | 50 | 81 |
| iv_498-iv_501 | 1887 | 4312 | 48 | 75 |
| iv_497-iv_501 | 2018 | 4242 | 48 | 80 |
| iv_498-iv_512 | 2007 | 4397 | 47 | 74 |
| iv_497-iv_505 | 1916 | 4278 | 47 | 78 |
| iv_499-iv_504 | 1980 | 4165 | 47 | 66 |
| iv_498-iv_502 | 1776 | 4324 | 46 | 78 |
| iv_497-iv_510 | 2004 | 4374 | 46 | 73 |
| iv_501-iv_505 | 1945 | 4180 | 45 | 72 |
| iv_499-iv_507 | 1939 | 4472 | 45 | 67 |
| iv_498-iv_509 | 1863 | 4272 | 45 | 72 |
| iv_499-iv_512 | 2046 | 4489 | 44 | 73 |
| iv_501-iv_506 | 1874 | 4352 | 44 | 77 |

### Input Bit Output Co-occurrences Sorted by Potential Output Occurrences

| Input Bits | Co-occurrences | Potential Occurrences | Output Co-occurrences | Potential Output Occurrences |
|:----------:|:--------------:|:---------------------:|:---------------------:|:----------------------------:|
| iv_500-iv_510 | 2045 | 4281 | 42 | 64 |
| iv_499-iv_504 | 1980 | 4165 | 47 | 66 |
| iv_499-iv_507 | 1939 | 4472 | 45 | 67 |
| iv_500-iv_505 | 1940 | 4219 | 42 | 71 |
| iv_497-iv_502 | 1910 | 4248 | 52 | 71 |
| iv_501-iv_505 | 1945 | 4180 | 45 | 72 |
| iv_507-iv_510 | 2033 | 4370 | 38 | 72 |
| iv_507-iv_512 | 2124 | 4409 | 42 | 72 |
| iv_498-iv_509 | 1863 | 4272 | 45 | 72 |
| iv_501-iv_503 | 1963 | 4252 | 42 | 73 |
| iv_503-iv_505 | 1890 | 4230 | 40 | 73 |
| iv_499-iv_512 | 2046 | 4489 | 44 | 73 |
| iv_501-iv_510 | 2035 | 4272 | 41 | 73 |
| iv_497-iv_506 | 1960 | 4220 | 51 | 73 |
| iv_497-iv_510 | 2004 | 4374 | 46 | 73 |

## Output Bits

### Output Bits in Regular Order

| Rank | Output Bit | Complexity |
|:----:|:----------:|:----------:|
| 1 | ov_001 | 5.751384150009317 × 10^301 |
| 2 | ov_002 | 5.007844507177417 × 10^301 |
| 3 | ov_003 | 4.340064267678471 × 10^301 |
| 4 | ov_004 | 3.742372503991348 × 10^301 |
| 5 | ov_005 | 3.2094085988402005 × 10^301 |
| 6 | ov_006 | 2.7361003816361465 × 10^301 |
| 7 | ov_007 | 2.3176451176448398 × 10^301 |
| 8 | ov_008 | 1.9494930863491827 × 10^301 |
| 9 | ov_009 | 1.627333499623061 × 10^301 |
| 10 | ov_010 | 1.3470825239612348 × 10^301 |
| 11 | ov_011 | 1.1048731842134573 × 10^301 |
| 12 | ov_012 | 8.970469391269874 × 10^300 |
| 13 | ov_013 | 7.201467315797843 × 10^300 |
| 14 | ov_014 | 5.709113287457234 × 10^300 |
| 15 | ov_015 | 4.462707796230267 × 10^300 |
| 16 | ov_016 | 3.4334282941924296 × 10^300 |
| 17 | ov_017 | 2.594301422545187 × 10^300 |
| 18 | ov_018 | 1.920181955467083 × 10^300 |
| 19 | ov_019 | 1.3877372129816311 × 10^300 |
| 20 | ov_020 | 9.754358133062262 × 10^299 |
| 21 | ov_021 | 6.635397532271882 × 10^299 |
| 22 | ov_022 | 4.340989641224913 × 10^299 |
| 23 | ov_023 | 2.7094769137300903 × 10^299 |
| 24 | ov_024 | 1.5970218915222678 × 10^299 |
| 25 | ov_025 | 8.775932998859599 × 10^298 |
| 26 | ov_026 | 4.429584276208137 × 10^298 |
| 27 | ov_027 | 2.02679539856711 × 10^298 |
| 28 | ov_028 | 8.411246279501913 × 10^297 |
| 29 | ov_029 | 3.2406127870967834 × 10^297 |
| 30 | ov_030 | 9.905187228547632 × 10^296 |
| 31 | ov_031 | 1.931574670474801 × 10^296 |
| 32 | lv_80_m31 | 3.7659048457029133 × 10^295 |
| 33 | ov_033 | 4.534854280227081 × 10^296 |
| 34 | ov_034 | 3.9375835929969734 × 10^296 |
| 35 | ov_035 | 3.402279120057179 × 10^296 |
| 36 | ov_036 | 2.924241502579253 × 10^296 |
| 37 | ov_037 | 2.4990287704905834 × 10^296 |
| 38 | ov_038 | 2.122438285893543 × 10^296 |
| 39 | ov_039 | 1.790491033017728 × 10^296 |
| 40 | ov_040 | 1.4994180336805401 × 10^296 |
| 41 | ov_041 | 1.245648680706755 × 10^296 |
| 42 | ov_042 | 1.0258007945344406 × 10^296 |
| 43 | ov_043 | 8.366722203962941 × 10^295 |
| 44 | ov_044 | 6.752337950899965 × 10^295 |
| 45 | ov_045 | 5.386235235110719 × 10^295 |
| 46 | ov_046 | 4.2414181588403404 × 10^295 |
| 47 | ov_047 | 3.29247647054033 × 10^295 |
| 48 | ov_048 | 2.515555093481071 × 10^295 |
| 49 | ov_049 | 1.8883304043351417 × 10^295 |
| 50 | ov_050 | 1.3899921733613285 × 10^295 |
| 51 | ov_051 | 1.001230173749388 × 10^295 |
| 52 | ov_052 | 7.042245625410005 × 10^294 |
| 53 | ov_053 | 4.826392296200788 × 10^294 |
| 54 | ov_054 | 3.2161740480957097 × 10^294 |
| 55 | ov_055 | 2.0777890631345668 × 10^294 |
| 56 | ov_056 | 1.2921850674243918 × 10^294 |
| 57 | ov_057 | 7.550500117935491 × 10^293 |
| 58 | ov_058 | 4.179120911336233 × 10^293 |
| 59 | ov_059 | 2.059268551207267 × 10^293 |
| 60 | ov_060 | 8.535499700071567 × 10^292 |
| 61 | ov_061 | 2.982274279149474 × 10^292 |
| 62 | ov_062 | 8.183370336387265 × 10^291 |
| 63 | ov_063 | 1.5955457724789433 × 10^291 |
| 64 | lv_79_m31 | 3.11029674390298 × 10^290 |
| 65 | ov_065 | 3.7589578806846934 × 10^291 |
| 66 | ov_066 | 3.7589469341185483 × 10^291 |
| 67 | ov_067 | 3.7589442552587406 × 10^291 |
| 68 | ov_068 | 3.263429928022505 × 10^291 |
| 69 | ov_069 | 2.820006901504861 × 10^291 |
| 70 | ov_070 | 2.4245279578410423 × 10^291 |
| 71 | ov_071 | 2.0731008839385768 × 10^291 |
| 72 | ov_072 | 1.7620712091950383 × 10^291 |
| 73 | ov_073 | 1.488006473190069 × 10^291 |
| 74 | ov_074 | 1.2476819414768532 × 10^291 |
| 75 | ov_075 | 1.038067690868326 × 10^291 |
| 76 | ov_076 | 8.563169883274159 × 10^290 |
| 77 | ov_077 | 6.997558897959947 × 10^290 |
| 78 | ov_078 | 5.65873987096934 × 10^290 |
| 79 | ov_079 | 4.523162324763424 × 10^290 |
| 80 | ov_080 | 3.568757714729478 × 10^290 |
| 81 | ov_081 | 2.7748771565861157 × 10^290 |
| 82 | ov_082 | 2.1222378743371008 × 10^290 |
| 83 | ov_083 | 1.5928776952488032 × 10^290 |
| 84 | ov_084 | 1.1701169215736433 × 10^290 |
| 85 | ov_085 | 8.385269109257553 × 10^289 |
| 86 | ov_086 | 5.839046986189905 × 10^289 |
| 87 | ov_087 | 3.9325299614012136 × 10^289 |
| 88 | ov_088 | 2.5476490043937965 × 10^289 |
| 89 | ov_089 | 1.5781264900825041 × 10^289 |
| 90 | ov_090 | 9.293975586613574 × 10^288 |
| 91 | ov_091 | 5.1855863650246544 × 10^288 |
| 92 | ov_092 | 2.7433652599018355 × 10^288 |
| 93 | ov_093 | 1.3707180044064706 × 10^288 |
| 94 | ov_094 | 5.8711091009051975 × 10^287 |
| 95 | aaa_78_28 | 1.8128668256070134 × 10^287 |
| 96 | aaa_78_29 | 5.567047456801295 × 10^286 |
| 97 | ov_097 | 3.674296406023679 × 10^286 |
| 98 | ov_098 | 3.6741859370642882 × 10^286 |
| 99 | ov_099 | 3.6741506074488892 × 10^286 |
| 100 | ov_100 | 3.305533383163793 × 10^286 |
| 101 | ov_101 | 2.964272242616421 × 10^286 |
| 102 | ov_102 | 2.6488472649687446 × 10^286 |
| 103 | ov_103 | 2.357848593793186 × 10^286 |
| 104 | ov_104 | 2.0899626127694561 × 10^286 |
| 105 | ov_105 | 1.8439593522876675 × 10^286 |
| 106 | ov_106 | 1.6186810618878813 × 10^286 |
| 107 | ov_107 | 1.4130318859963272 × 10^286 |
| 108 | ov_108 | 1.2259685824971406 × 10^286 |
| 109 | ov_109 | 1.0564922253635572 × 10^286 |
| 110 | ov_110 | 9.036408339153769 × 10^285 |
| 111 | ov_111 | 7.664828723192669 × 10^285 |
| 112 | ov_112 | 6.4411156375068 × 10^285 |
| 113 | ov_113 | 5.356399642326959 × 10^285 |
| 114 | ov_114 | 4.401967415962238 × 10^285 |
| 115 | ov_115 | 3.569226053023692 × 10^285 |
| 116 | ov_116 | 2.849673330623917 × 10^285 |
| 117 | ov_117 | 2.234873403109682 × 10^285 |
| 118 | ov_118 | 1.7164373865800876 × 10^285 |
| 119 | ov_119 | 1.2860082948205591 × 10^285 |
| 120 | ov_120 | 9.352497884796355 × 10^284 |
| 121 | ov_121 | 6.558381994155052 × 10^284 |
| 122 | ov_122 | 4.39457292189231 × 10^284 |
| 123 | ov_123 | 2.7779505068898425 × 10^284 |
| 124 | ov_124 | 1.6254167111083204 × 10^284 |
| 125 | ov_125 | 8.5388317021711 × 10^283 |
| 126 | ov_126 | 3.8026483431651627 × 10^283 |
| 127 | aaa_77_28 | 1.2147752306341253 × 10^283 |
| 128 | aaa_77_29 | 4.556977493401142 × 10^282 |
| 129 | ov_129 | 4.277325392174706 × 10^282 |
| 130 | ov_130 | 4.2773135980871537 × 10^282 |
| 131 | ov_131 | 4.277310742068959 × 10^282 |
| 132 | ov_132 | 3.7210338745649133 × 10^282 |
| 133 | ov_133 | 3.221670833516498 × 10^282 |
| 134 | ov_134 | 2.774956693927462 × 10^282 |
| 135 | ov_135 | 2.3768594080598696 × 10^282 |
| 136 | ov_136 | 2.023563254048837 × 10^282 |
| 137 | ov_137 | 1.7114544603742847 × 10^282 |
| 138 | ov_138 | 1.4371088062125535 × 10^282 |
| 139 | ov_139 | 1.1972810081366894 × 10^282 |
| 140 | ov_140 | 9.888957137315674 × 10^281 |
| 141 | ov_141 | 8.090399325082773 × 10^281 |
| 142 | ov_142 | 6.549567441013241 × 10^281 |
| 143 | ov_143 | 5.240401331629869 × 10^281 |
| 144 | ov_144 | 4.138308096741873 × 10^281 |
| 145 | ov_145 | 3.2201288260515676 × 10^281 |
| 146 | ov_146 | 2.4641126400979255 × 10^281 |
| 147 | ov_147 | 1.8498968974608505 × 10^281 |
| 148 | ov_148 | 1.3584925209689624 × 10^281 |
| 149 | ov_149 | 9.722734863118608 × 10^280 |
| 150 | ov_150 | 6.749696070214764 × 10^280 |
| 151 | ov_151 | 4.516618402948201 × 10^280 |
| 152 | ov_152 | 2.8877942860446455 × 10^280 |
| 153 | ov_153 | 1.7409828249664417 × 10^280 |
| 154 | ov_154 | 9.6740120623755 × 10^279 |
| 155 | ov_155 | 4.717202697511197 × 10^279 |
| 156 | aaa_76_25 | 1.7206234850360407 × 10^279 |
| 157 | aaa_76_26 | 9.944436504260821 × 10^278 |
| 158 | aaa_76_27 | 5.09527727815572 × 10^278 |
| 159 | aaa_76_28 | 1.9862797850176423 × 10^278 |
| 160 | aaa_76_29 | 6.048216641986773 × 10^277 |

### Output Bits Sorted by Complexity

| Rank | Output Bit | Complexity |
|:----:|:----------:|:----------:|
| 160 | aaa_76_29 | 6.048216641986773 × 10^277 |
| 159 | aaa_76_28 | 1.9862797850176423 × 10^278 |
| 158 | aaa_76_27 | 5.09527727815572 × 10^278 |
| 157 | aaa_76_26 | 9.944436504260821 × 10^278 |
| 156 | aaa_76_25 | 1.7206234850360407 × 10^279 |
| 155 | ov_155 | 4.717202697511197 × 10^279 |
| 154 | ov_154 | 9.6740120623755 × 10^279 |
| 153 | ov_153 | 1.7409828249664417 × 10^280 |
| 152 | ov_152 | 2.8877942860446455 × 10^280 |
| 151 | ov_151 | 4.516618402948201 × 10^280 |
| 150 | ov_150 | 6.749696070214764 × 10^280 |
| 149 | ov_149 | 9.722734863118608 × 10^280 |
| 148 | ov_148 | 1.3584925209689624 × 10^281 |
| 147 | ov_147 | 1.8498968974608505 × 10^281 |
| 146 | ov_146 | 2.4641126400979255 × 10^281 |
| 145 | ov_145 | 3.2201288260515676 × 10^281 |
| 144 | ov_144 | 4.138308096741873 × 10^281 |
| 143 | ov_143 | 5.240401331629869 × 10^281 |
| 142 | ov_142 | 6.549567441013241 × 10^281 |
| 141 | ov_141 | 8.090399325082773 × 10^281 |
| 140 | ov_140 | 9.888957137315674 × 10^281 |
| 139 | ov_139 | 1.1972810081366894 × 10^282 |
| 138 | ov_138 | 1.4371088062125535 × 10^282 |
| 137 | ov_137 | 1.7114544603742847 × 10^282 |
| 136 | ov_136 | 2.023563254048837 × 10^282 |
| 135 | ov_135 | 2.3768594080598696 × 10^282 |
| 134 | ov_134 | 2.774956693927462 × 10^282 |
| 133 | ov_133 | 3.221670833516498 × 10^282 |
| 132 | ov_132 | 3.7210338745649133 × 10^282 |
| 131 | ov_131 | 4.277310742068959 × 10^282 |
| 130 | ov_130 | 4.2773135980871537 × 10^282 |
| 129 | ov_129 | 4.277325392174706 × 10^282 |
| 128 | aaa_77_29 | 4.556977493401142 × 10^282 |
| 127 | aaa_77_28 | 1.2147752306341253 × 10^283 |
| 126 | ov_126 | 3.8026483431651627 × 10^283 |
| 125 | ov_125 | 8.5388317021711 × 10^283 |
| 124 | ov_124 | 1.6254167111083204 × 10^284 |
| 123 | ov_123 | 2.7779505068898425 × 10^284 |
| 122 | ov_122 | 4.39457292189231 × 10^284 |
| 121 | ov_121 | 6.558381994155052 × 10^284 |
| 120 | ov_120 | 9.352497884796355 × 10^284 |
| 119 | ov_119 | 1.2860082948205591 × 10^285 |
| 118 | ov_118 | 1.7164373865800876 × 10^285 |
| 117 | ov_117 | 2.234873403109682 × 10^285 |
| 116 | ov_116 | 2.849673330623917 × 10^285 |
| 115 | ov_115 | 3.569226053023692 × 10^285 |
| 114 | ov_114 | 4.401967415962238 × 10^285 |
| 113 | ov_113 | 5.356399642326959 × 10^285 |
| 112 | ov_112 | 6.4411156375068 × 10^285 |
| 111 | ov_111 | 7.664828723192669 × 10^285 |
| 110 | ov_110 | 9.036408339153769 × 10^285 |
| 109 | ov_109 | 1.0564922253635572 × 10^286 |
| 108 | ov_108 | 1.2259685824971406 × 10^286 |
| 107 | ov_107 | 1.4130318859963272 × 10^286 |
| 106 | ov_106 | 1.6186810618878813 × 10^286 |
| 105 | ov_105 | 1.8439593522876675 × 10^286 |
| 104 | ov_104 | 2.0899626127694561 × 10^286 |
| 103 | ov_103 | 2.357848593793186 × 10^286 |
| 102 | ov_102 | 2.6488472649687446 × 10^286 |
| 101 | ov_101 | 2.964272242616421 × 10^286 |
| 100 | ov_100 | 3.305533383163793 × 10^286 |
| 99 | ov_099 | 3.6741506074488892 × 10^286 |
| 98 | ov_098 | 3.6741859370642882 × 10^286 |
| 97 | ov_097 | 3.674296406023679 × 10^286 |
| 96 | aaa_78_29 | 5.567047456801295 × 10^286 |
| 95 | aaa_78_28 | 1.8128668256070134 × 10^287 |
| 94 | ov_094 | 5.8711091009051975 × 10^287 |
| 93 | ov_093 | 1.3707180044064706 × 10^288 |
| 92 | ov_092 | 2.7433652599018355 × 10^288 |
| 91 | ov_091 | 5.1855863650246544 × 10^288 |
| 90 | ov_090 | 9.293975586613574 × 10^288 |
| 89 | ov_089 | 1.5781264900825041 × 10^289 |
| 88 | ov_088 | 2.5476490043937965 × 10^289 |
| 87 | ov_087 | 3.9325299614012136 × 10^289 |
| 86 | ov_086 | 5.839046986189905 × 10^289 |
| 85 | ov_085 | 8.385269109257553 × 10^289 |
| 84 | ov_084 | 1.1701169215736433 × 10^290 |
| 83 | ov_083 | 1.5928776952488032 × 10^290 |
| 82 | ov_082 | 2.1222378743371008 × 10^290 |
| 81 | ov_081 | 2.7748771565861157 × 10^290 |
| 64 | lv_79_m31 | 3.11029674390298 × 10^290 |
| 80 | ov_080 | 3.568757714729478 × 10^290 |
| 79 | ov_079 | 4.523162324763424 × 10^290 |
| 78 | ov_078 | 5.65873987096934 × 10^290 |
| 77 | ov_077 | 6.997558897959947 × 10^290 |
| 76 | ov_076 | 8.563169883274159 × 10^290 |
| 75 | ov_075 | 1.038067690868326 × 10^291 |
| 74 | ov_074 | 1.2476819414768532 × 10^291 |
| 73 | ov_073 | 1.488006473190069 × 10^291 |
| 63 | ov_063 | 1.5955457724789433 × 10^291 |
| 72 | ov_072 | 1.7620712091950383 × 10^291 |
| 71 | ov_071 | 2.0731008839385768 × 10^291 |
| 70 | ov_070 | 2.4245279578410423 × 10^291 |
| 69 | ov_069 | 2.820006901504861 × 10^291 |
| 68 | ov_068 | 3.263429928022505 × 10^291 |
| 67 | ov_067 | 3.7589442552587406 × 10^291 |
| 66 | ov_066 | 3.7589469341185483 × 10^291 |
| 65 | ov_065 | 3.7589578806846934 × 10^291 |
| 62 | ov_062 | 8.183370336387265 × 10^291 |
| 61 | ov_061 | 2.982274279149474 × 10^292 |
| 60 | ov_060 | 8.535499700071567 × 10^292 |
| 59 | ov_059 | 2.059268551207267 × 10^293 |
| 58 | ov_058 | 4.179120911336233 × 10^293 |
| 57 | ov_057 | 7.550500117935491 × 10^293 |
| 56 | ov_056 | 1.2921850674243918 × 10^294 |
| 55 | ov_055 | 2.0777890631345668 × 10^294 |
| 54 | ov_054 | 3.2161740480957097 × 10^294 |
| 53 | ov_053 | 4.826392296200788 × 10^294 |
| 52 | ov_052 | 7.042245625410005 × 10^294 |
| 51 | ov_051 | 1.001230173749388 × 10^295 |
| 50 | ov_050 | 1.3899921733613285 × 10^295 |
| 49 | ov_049 | 1.8883304043351417 × 10^295 |
| 48 | ov_048 | 2.515555093481071 × 10^295 |
| 47 | ov_047 | 3.29247647054033 × 10^295 |
| 32 | lv_80_m31 | 3.7659048457029133 × 10^295 |
| 46 | ov_046 | 4.2414181588403404 × 10^295 |
| 45 | ov_045 | 5.386235235110719 × 10^295 |
| 44 | ov_044 | 6.752337950899965 × 10^295 |
| 43 | ov_043 | 8.366722203962941 × 10^295 |
| 42 | ov_042 | 1.0258007945344406 × 10^296 |
| 41 | ov_041 | 1.245648680706755 × 10^296 |
| 40 | ov_040 | 1.4994180336805401 × 10^296 |
| 39 | ov_039 | 1.790491033017728 × 10^296 |
| 31 | ov_031 | 1.931574670474801 × 10^296 |
| 38 | ov_038 | 2.122438285893543 × 10^296 |
| 37 | ov_037 | 2.4990287704905834 × 10^296 |
| 36 | ov_036 | 2.924241502579253 × 10^296 |
| 35 | ov_035 | 3.402279120057179 × 10^296 |
| 34 | ov_034 | 3.9375835929969734 × 10^296 |
| 33 | ov_033 | 4.534854280227081 × 10^296 |
| 30 | ov_030 | 9.905187228547632 × 10^296 |
| 29 | ov_029 | 3.2406127870967834 × 10^297 |
| 28 | ov_028 | 8.411246279501913 × 10^297 |
| 27 | ov_027 | 2.02679539856711 × 10^298 |
| 26 | ov_026 | 4.429584276208137 × 10^298 |
| 25 | ov_025 | 8.775932998859599 × 10^298 |
| 24 | ov_024 | 1.5970218915222678 × 10^299 |
| 23 | ov_023 | 2.7094769137300903 × 10^299 |
| 22 | ov_022 | 4.340989641224913 × 10^299 |
| 21 | ov_021 | 6.635397532271882 × 10^299 |
| 20 | ov_020 | 9.754358133062262 × 10^299 |
| 19 | ov_019 | 1.3877372129816311 × 10^300 |
| 18 | ov_018 | 1.920181955467083 × 10^300 |
| 17 | ov_017 | 2.594301422545187 × 10^300 |
| 16 | ov_016 | 3.4334282941924296 × 10^300 |
| 15 | ov_015 | 4.462707796230267 × 10^300 |
| 14 | ov_014 | 5.709113287457234 × 10^300 |
| 13 | ov_013 | 7.201467315797843 × 10^300 |
| 12 | ov_012 | 8.970469391269874 × 10^300 |
| 11 | ov_011 | 1.1048731842134573 × 10^301 |
| 10 | ov_010 | 1.3470825239612348 × 10^301 |
| 9 | ov_009 | 1.627333499623061 × 10^301 |
| 8 | ov_008 | 1.9494930863491827 × 10^301 |
| 7 | ov_007 | 2.3176451176448398 × 10^301 |
| 6 | ov_006 | 2.7361003816361465 × 10^301 |
| 5 | ov_005 | 3.2094085988402005 × 10^301 |
| 4 | ov_004 | 3.742372503991348 × 10^301 |
| 3 | ov_003 | 4.340064267678471 × 10^301 |
| 2 | ov_002 | 5.007844507177417 × 10^301 |
| 1 | ov_001 | 5.751384150009317 × 10^301 |

