# Results for F001-F002-F003-F004-F005-F006-F007-F008-F009-F010-F011-F012-F013-F014-F015-F016-F017-F018-F019-F020-F021-F022-F023-F024-F025-F026-F027-F028-F029-F030-F031-F032-F033-F034-F035-F036-F037-F038-F039-F040-F041-F042-F043-F044-F045-F046-F047-F048-F049-F050-F051-F052-F053-F054-F055-F056-F057-F058-F059-F060-F061-F062-F063-F064-F065-F066-F067-F068-F069-F070-F071-F072-F073-F074-F075-F076-F077-F078-F079-F080-F081-F082-F083-F084-F085-F086-F087-F088-F089-F090-F091-F092-F093-F094-F095-F096-F097-F098-F099-F100-F101-F102-F103-F104-F105-F106-F107-F108-F109-F110-F111-F112-F113-F114-F115-F116-F117-F118-F119-F120-F121-F122-F123-F124-F125-F126-F127-F128-F129-F130-F131-F132-F133-F134-F135-F136-F137-F138-F139-F140-F141-F142-F143-F144-F145-F146-F147-F148-F149-F150-F151-F152-F153-F154-F155-F156-F157-F158-F159-F160-F161-F162-F163-F164-F165-F166-F167-F168-F169-F170-F171-F172-F173-F174-F175-F176-F177-F178-F179-F180-F181-F182-F183-F184-F185-F186-F187-F188-F189-F190-F191-F192-F193-F194-F195-F196-F197-F198-F199-F200-F201-F202-F203-F204-F205-F206-F207-F208-F209-F210-F211-F212-F213-F214-F215-F216-F217-F218-F219-F220-F221-F222-F223-F224-F225-F226-F227-F228-F229-F230-F231-F232-F233-F234-F235-F236-F237-F238-F239-F240-F241-F242-F243-F244-F245-F246-F247-F248-F249-F250-F251-F252-F253-F254-F255-F256-F257-F258-F259-F260-F261-F262-F263-F264-F265-F266-F267-F268-F269-F270-F271-F272-F273-F274-F275-F276-F277-F278-F279-F280-F281-F282-F283-F284-F285-F286-F287-F288-F289-F290-F291-F292-F293-F294-F295-F296-F297-F298-F299-F300-F301-F302-F303-F304-F305-F306-F307-F308-F309-F310-F311-F312-F313-F314-F315-F316-F317-F318-F319-F320-F321-F322-F323-F324-F325-F326-F327-F328-F329-F330-F331-F332-F333-F334-F335-F336-F337-F338-F339-F340-F341-F342-F343-F344-F345-F346-F347-F348-F349-F350-F351-F352-F353-F354-F355-F356-F357-F358-F359-F360-F361-F362-F363-F364-F365-F366-F367-F368-F369-F370-F371-F372-F373-F374-F375-F376-F377-F378-F379-F380-F381-F382-F383-F384-F385-F386-F387-F388-F389-F390-F391-F392-F393-F394-F395-F396-F397-F398-F399-F400-F401-F402-F403-F404-F405-F406-F407-F408-F409-F410-F411-F412-F413-F414-F415-F416-F417-F418-F419-F420-F421-F422-F423-F424-F425-F426-F427-F428-F429-F430-F431-F432-F433-F434-F435-F436-F437-F438-F439-F440-F441-F442-F443-F444-F445-F446-F447-F448-F449-F450-F451-F452-F453-F454-F455-F456-F457-F458-F459-F460-F461-F462-F463-F464-F465-F466-F467-F468-F469-F470-F471-F472-F473-F474-F475-F476-F477-F478-F479-F480-F481-F482-F483-F484-F485-F486-F487-F488-F489-F490-F491-F492-F493-F494-F495-F496-E499508

## Summary

Number of input bits: 512  
Number of free input bits: 15  
Number of output bits: 160

Number of direct occurrences: 61403  
Number of assignments: 32221  
Number of operations: 11414695
(xor: 11386053,
and: 14901,
or: 13741)

Total complexity: 9.717823919298629 × 10^302

Least occurring input variable: iv_502 (3910)  
Most occurring input variable: iv_512 (4403)

Most co-occurring input variables: iv_511-iv_512 (2170)  
Least co-occurring input variables: iv_499-iv_502 (1759)

Potentially most occurring input variable: iv_499/iv_510 (4567)  
Potentially least occurring input variable: iv_504/iv_506 (4168)

Least output occurring input variable: iv_503 (74)  
Most output occurring input variable: iv_497 (93)

Most output co-occurring input variables: iv_497-iv_502 (52)  
Least output co-occurring input variables: iv_503-iv_507 (31)

Potentially most output occurring input variable: iv_504/iv_510 (93)  
Potentially least output occurring input variable: iv_499/iv_509 (65)

Least complex input bit: iv_497 (6.8508809496678785 × 10^299)  
Most complex input bit: iv_510 (2.384514994039239 × 10^302)

Least complex output bit: aaa_76_29 (1.563088193327575 × 10^278)  
Most complex output bit: ov_001 (1.5119388733715703 × 10^302)

Least complex input/output complexity: iv_497/aaa_76_29 (1.1019474334220638 × 10^275)  
Most complex input/output complexity: iv_510/ov_001 (3.709926155860527 × 10^301)

## Input Bits

### Input Bits in Regular Order

| Input Bit | Complexity | Occurrences | Output Occurrences |
|:---------:|:----------:|:-----------:|:------------------:|
| iv_497 | 6.8508809496678785 × 10^299 | 4158 | 93 |
| iv_498 | 1.3819696058547929 × 10^300 | 3966 | 88 |
| iv_499 | 1.3316334591853424 × 10^302 | 4108 | 75 |
| iv_500 | 4.167531877512557 × 10^300 | 4147 | 76 |
| iv_501 | 7.106322674219985 × 10^300 | 4117 | 83 |
| iv_502 | 1.155052693483632 × 10^301 | 3910 | 82 |
| iv_503 | 1.8224469735282894 × 10^301 | 4062 | 74 |
| iv_504 | 2.807592844797621 × 10^301 | 3956 | 78 |
| iv_505 | 4.242765027187455 × 10^301 | 3951 | 79 |
| iv_506 | 6.303480367911982 × 10^301 | 3982 | 82 |
| iv_507 | 9.223539614679762 × 10^301 | 4207 | 76 |
| iv_509 | 1.792130177984445 × 10^302 | 4031 | 78 |
| iv_510 | 2.384514994039239 × 10^302 | 4159 | 79 |
| iv_511 | 7.061669437169909 × 10^301 | 4246 | 80 |
| iv_512 | 8.144814696881959 × 10^301 | 4403 | 80 |

### Input Bits Sorted by Complexity

| Input Bit | Complexity | Occurrences | Output Occurrences |
|:---------:|:----------:|:-----------:|:------------------:|
| iv_497 | 6.8508809496678785 × 10^299 | 4158 | 93 |
| iv_498 | 1.3819696058547929 × 10^300 | 3966 | 88 |
| iv_500 | 4.167531877512557 × 10^300 | 4147 | 76 |
| iv_501 | 7.106322674219985 × 10^300 | 4117 | 83 |
| iv_502 | 1.155052693483632 × 10^301 | 3910 | 82 |
| iv_503 | 1.8224469735282894 × 10^301 | 4062 | 74 |
| iv_504 | 2.807592844797621 × 10^301 | 3956 | 78 |
| iv_505 | 4.242765027187455 × 10^301 | 3951 | 79 |
| iv_506 | 6.303480367911982 × 10^301 | 3982 | 82 |
| iv_511 | 7.061669437169909 × 10^301 | 4246 | 80 |
| iv_512 | 8.144814696881959 × 10^301 | 4403 | 80 |
| iv_507 | 9.223539614679762 × 10^301 | 4207 | 76 |
| iv_499 | 1.3316334591853424 × 10^302 | 4108 | 75 |
| iv_509 | 1.792130177984445 × 10^302 | 4031 | 78 |
| iv_510 | 2.384514994039239 × 10^302 | 4159 | 79 |

### Input Bits Sorted by Occurrences

| Input Bit | Complexity | Occurrences | Output Occurrences |
|:---------:|:----------:|:-----------:|:------------------:|
| iv_502 | 1.155052693483632 × 10^301 | 3910 | 82 |
| iv_505 | 4.242765027187455 × 10^301 | 3951 | 79 |
| iv_504 | 2.807592844797621 × 10^301 | 3956 | 78 |
| iv_498 | 1.3819696058547929 × 10^300 | 3966 | 88 |
| iv_506 | 6.303480367911982 × 10^301 | 3982 | 82 |
| iv_509 | 1.792130177984445 × 10^302 | 4031 | 78 |
| iv_503 | 1.8224469735282894 × 10^301 | 4062 | 74 |
| iv_499 | 1.3316334591853424 × 10^302 | 4108 | 75 |
| iv_501 | 7.106322674219985 × 10^300 | 4117 | 83 |
| iv_500 | 4.167531877512557 × 10^300 | 4147 | 76 |
| iv_497 | 6.8508809496678785 × 10^299 | 4158 | 93 |
| iv_510 | 2.384514994039239 × 10^302 | 4159 | 79 |
| iv_507 | 9.223539614679762 × 10^301 | 4207 | 76 |
| iv_511 | 7.061669437169909 × 10^301 | 4246 | 80 |
| iv_512 | 8.144814696881959 × 10^301 | 4403 | 80 |

### Input Bits Sorted by Output Occurrences

| Input Bit | Complexity | Occurrences | Output Occurrences |
|:---------:|:----------:|:-----------:|:------------------:|
| iv_503 | 1.8224469735282894 × 10^301 | 4062 | 74 |
| iv_499 | 1.3316334591853424 × 10^302 | 4108 | 75 |
| iv_500 | 4.167531877512557 × 10^300 | 4147 | 76 |
| iv_507 | 9.223539614679762 × 10^301 | 4207 | 76 |
| iv_504 | 2.807592844797621 × 10^301 | 3956 | 78 |
| iv_509 | 1.792130177984445 × 10^302 | 4031 | 78 |
| iv_505 | 4.242765027187455 × 10^301 | 3951 | 79 |
| iv_510 | 2.384514994039239 × 10^302 | 4159 | 79 |
| iv_511 | 7.061669437169909 × 10^301 | 4246 | 80 |
| iv_512 | 8.144814696881959 × 10^301 | 4403 | 80 |
| iv_502 | 1.155052693483632 × 10^301 | 3910 | 82 |
| iv_506 | 6.303480367911982 × 10^301 | 3982 | 82 |
| iv_501 | 7.106322674219985 × 10^300 | 4117 | 83 |
| iv_498 | 1.3819696058547929 × 10^300 | 3966 | 88 |
| iv_497 | 6.8508809496678785 × 10^299 | 4158 | 93 |

## Input Bit Co-occurrences

### Input Bit Co-occurrences Sorted by Co-occurrences

| Input Bits | Co-occurrences | Potential Occurrences | Output Co-occurrences | Potential Output Occurrences |
|:----------:|:--------------:|:---------------------:|:---------------------:|:----------------------------:|
| iv_511-iv_512 | 2170 | 4309 | 43 | 74 |
| iv_507-iv_512 | 2124 | 4362 | 42 | 72 |
| iv_510-iv_512 | 2101 | 4360 | 42 | 75 |
| iv_497-iv_512 | 2092 | 4377 | 44 | 85 |
| iv_500-iv_511 | 2091 | 4211 | 38 | 80 |
| iv_500-iv_512 | 2077 | 4396 | 39 | 78 |
| iv_501-iv_512 | 2075 | 4370 | 43 | 77 |
| iv_497-iv_507 | 2056 | 4253 | 44 | 81 |
| iv_503-iv_512 | 2056 | 4353 | 34 | 86 |
| iv_507-iv_510 | 2050 | 4266 | 41 | 73 |
| iv_501-iv_511 | 2048 | 4267 | 39 | 85 |
| iv_507-iv_511 | 2027 | 4399 | 39 | 78 |
| iv_500-iv_510 | 2022 | 4262 | 39 | 77 |
| iv_503-iv_511 | 2021 | 4266 | 37 | 80 |
| iv_497-iv_501 | 2018 | 4239 | 48 | 80 |

### Input Bit Co-occurrences Sorted by Potential Occurrences

| Input Bits | Co-occurrences | Potential Occurrences | Output Co-occurrences | Potential Output Occurrences |
|:----------:|:--------------:|:---------------------:|:---------------------:|:----------------------------:|
| iv_504-iv_506 | 1885 | 4168 | 42 | 76 |
| iv_506-iv_509 | 1920 | 4173 | 43 | 74 |
| iv_501-iv_505 | 1945 | 4178 | 45 | 72 |
| iv_506-iv_507 | 2004 | 4181 | 39 | 80 |
| iv_500-iv_503 | 2013 | 4183 | 38 | 74 |
| iv_502-iv_505 | 1839 | 4183 | 36 | 89 |
| iv_504-iv_505 | 1861 | 4185 | 41 | 75 |
| iv_503-iv_506 | 1923 | 4198 | 38 | 80 |
| iv_497-iv_503 | 2006 | 4208 | 38 | 91 |
| iv_500-iv_511 | 2091 | 4211 | 38 | 80 |
| iv_498-iv_504 | 1855 | 4212 | 46 | 74 |
| iv_500-iv_505 | 1940 | 4218 | 42 | 71 |
| iv_498-iv_510 | 1953 | 4219 | 48 | 71 |
| iv_497-iv_506 | 1960 | 4220 | 51 | 73 |
| iv_498-iv_503 | 1902 | 4224 | 43 | 76 |

### Input Bit Output Co-occurrences Sorted by Output Co-occurrences

| Input Bits | Co-occurrences | Potential Occurrences | Output Co-occurrences | Potential Output Occurrences |
|:----------:|:--------------:|:---------------------:|:---------------------:|:----------------------------:|
| iv_497-iv_502 | 1910 | 4248 | 52 | 71 |
| iv_497-iv_506 | 1960 | 4220 | 51 | 73 |
| iv_497-iv_504 | 1936 | 4242 | 50 | 71 |
| iv_497-iv_498 | 1903 | 4318 | 50 | 81 |
| iv_498-iv_501 | 1887 | 4309 | 48 | 75 |
| iv_498-iv_510 | 1953 | 4219 | 48 | 71 |
| iv_497-iv_501 | 2018 | 4239 | 48 | 80 |
| iv_497-iv_510 | 1949 | 4419 | 48 | 76 |
| iv_497-iv_509 | 1941 | 4307 | 48 | 75 |
| iv_498-iv_512 | 2007 | 4355 | 47 | 74 |
| iv_497-iv_505 | 1916 | 4277 | 47 | 78 |
| iv_497-iv_511 | 2018 | 4368 | 47 | 79 |
| iv_498-iv_502 | 1776 | 4324 | 46 | 78 |
| iv_498-iv_504 | 1855 | 4212 | 46 | 74 |
| iv_501-iv_505 | 1945 | 4178 | 45 | 72 |

### Input Bit Output Co-occurrences Sorted by Potential Output Occurrences

| Input Bits | Co-occurrences | Potential Occurrences | Output Co-occurrences | Potential Output Occurrences |
|:----------:|:--------------:|:---------------------:|:---------------------:|:----------------------------:|
| iv_499-iv_509 | 1940 | 4259 | 44 | 65 |
| iv_507-iv_509 | 1980 | 4278 | 44 | 66 |
| iv_503-iv_504 | 1872 | 4274 | 41 | 70 |
| iv_498-iv_510 | 1953 | 4219 | 48 | 71 |
| iv_500-iv_505 | 1940 | 4218 | 42 | 71 |
| iv_497-iv_504 | 1936 | 4242 | 50 | 71 |
| iv_499-iv_512 | 1992 | 4527 | 42 | 71 |
| iv_497-iv_502 | 1910 | 4248 | 52 | 71 |
| iv_501-iv_505 | 1945 | 4178 | 45 | 72 |
| iv_502-iv_511 | 1931 | 4294 | 45 | 72 |
| iv_507-iv_512 | 2124 | 4362 | 42 | 72 |
| iv_501-iv_503 | 1963 | 4253 | 42 | 73 |
| iv_503-iv_505 | 1890 | 4233 | 40 | 73 |
| iv_506-iv_510 | 1958 | 4225 | 44 | 73 |
| iv_507-iv_510 | 2050 | 4266 | 41 | 73 |

## Output Bits

### Output Bits in Regular Order

| Rank | Output Bit | Complexity |
|:----:|:----------:|:----------:|
| 1 | ov_001 | 1.5119388733715703 × 10^302 |
| 2 | ov_002 | 1.3164336775504441 × 10^302 |
| 3 | ov_003 | 1.1408607825970152 × 10^302 |
| 4 | ov_004 | 9.83725500084167 × 10^301 |
| 5 | ov_005 | 8.436153022886325 × 10^301 |
| 6 | ov_006 | 7.191940370146709 × 10^301 |
| 7 | ov_007 | 6.091968874705859 × 10^301 |
| 8 | ov_008 | 5.124260091555011 × 10^301 |
| 9 | ov_009 | 4.277467793664214 × 10^301 |
| 10 | ov_010 | 3.540845984546313 × 10^301 |
| 11 | ov_011 | 2.9042218536941624 × 10^301 |
| 12 | ov_012 | 2.3579731334649456 × 10^301 |
| 13 | ov_013 | 1.8930093484616262 × 10^301 |
| 14 | ov_014 | 1.5007564803721448 × 10^301 |
| 15 | ov_015 | 1.1731446027006793 × 10^301 |
| 16 | ov_016 | 9.025980709692592 × 10^300 |
| 17 | ov_017 | 6.820278848699606 × 10^300 |
| 18 | ov_018 | 5.048258695778837 × 10^300 |
| 19 | ov_019 | 3.648603540475967 × 10^300 |
| 20 | ov_020 | 2.5647305465147736 × 10^300 |
| 21 | ov_021 | 1.744769030063932 × 10^300 |
| 22 | ov_022 | 1.1415458729487244 × 10^300 |
| 23 | ov_023 | 7.125760683054237 × 10^299 |
| 24 | ov_024 | 4.200567686215057 × 10^299 |
| 25 | ov_025 | 2.3086369568183614 × 10^299 |
| 26 | ov_026 | 1.1654917310654006 × 10^299 |
| 27 | ov_027 | 5.334120015435156 × 10^298 |
| 28 | ov_028 | 2.2143086308517585 × 10^298 |
| 29 | ov_029 | 8.533333581364165 × 10^297 |
| 30 | ov_030 | 2.6089532134520857 × 10^297 |
| 31 | ov_031 | 5.089134222307978 × 10^296 |
| 32 | lv_80_m31 | 9.925064452200573 × 10^295 |
| 33 | ov_033 | 1.2001734157829744 × 10^297 |
| 34 | ov_034 | 1.0435195074180095 × 10^297 |
| 35 | ov_035 | 9.029711570610716 × 10^296 |
| 36 | ov_036 | 7.773150092055134 × 10^296 |
| 37 | ov_037 | 6.654041650898401 × 10^296 |
| 38 | ov_038 | 5.66153520560928 × 10^296 |
| 39 | ov_039 | 4.785357098025095 × 10^296 |
| 40 | ov_040 | 4.015775978612605 × 10^296 |
| 41 | ov_041 | 3.343572683821076 × 10^296 |
| 42 | ov_042 | 2.760014562632749 × 10^296 |
| 43 | ov_043 | 2.2568337808168844 × 10^296 |
| 44 | ov_044 | 1.8262091614075886 × 10^296 |
| 45 | ov_045 | 1.4607511487399785 × 10^296 |
| 46 | ov_046 | 1.1534895111670185 × 10^296 |
| 47 | ov_047 | 8.978634244999458 × 10^295 |
| 48 | ov_048 | 6.877136044140322 × 10^295 |
| 49 | ov_049 | 5.172761816702283 × 10^295 |
| 50 | ov_050 | 3.811780391399217 × 10^295 |
| 51 | ov_051 | 2.744333543887912 × 10^295 |
| 52 | ov_052 | 1.924411160670011 × 10^295 |
| 53 | ov_053 | 1.3098340664345527 × 10^295 |
| 54 | ov_054 | 8.622426817449661 × 10^294 |
| 55 | ov_055 | 5.4708991861699116 × 10^294 |
| 56 | ov_056 | 3.336369616557054 × 10^294 |
| 57 | ov_057 | 1.949508618331313 × 10^294 |
| 58 | ov_058 | 1.0790321343016099 × 10^294 |
| 59 | ov_059 | 5.3169482172919176 × 10^293 |
| 60 | ov_060 | 2.2038315550579963 × 10^293 |
| 61 | ov_061 | 7.70011180147412 × 10^292 |
| 62 | ov_062 | 2.1129131984772505 × 10^292 |
| 63 | ov_063 | 4.119634825445662 × 10^291 |
| 64 | lv_79_m31 | 8.030660786002262 × 10^290 |
| 65 | ov_065 | 9.705478509745869 × 10^291 |
| 66 | ov_066 | 9.705450246048276 × 10^291 |
| 67 | ov_067 | 9.7054433293119 × 10^291 |
| 68 | ov_068 | 8.426045432944663 × 10^291 |
| 69 | ov_069 | 7.281145144028241 × 10^291 |
| 70 | ov_070 | 6.260034513315422 × 10^291 |
| 71 | ov_071 | 5.352664004891651 × 10^291 |
| 72 | ov_072 | 4.5495979253795047 × 10^291 |
| 73 | ov_073 | 3.841973803481656 × 10^291 |
| 74 | ov_074 | 3.221465508475865 × 10^291 |
| 75 | ov_075 | 2.680249904715358 × 10^291 |
| 76 | ov_076 | 2.210976846192604 × 10^291 |
| 77 | ov_077 | 1.806742320968033 × 10^291 |
| 78 | ov_078 | 1.4610645599102046 × 10^291 |
| 79 | ov_079 | 1.1678629278916701 × 10^291 |
| 80 | ov_080 | 9.214394184752646 × 10^290 |
| 81 | ov_081 | 7.164625753376399 × 10^290 |
| 82 | ov_082 | 5.4795366532817224 × 10^290 |
| 83 | ov_083 | 4.1127492925849955 × 10^290 |
| 84 | ov_084 | 3.0211973735624634 × 10^290 |
| 85 | ov_085 | 2.165044768802859 × 10^290 |
| 86 | ov_086 | 1.5076199975736286 × 10^290 |
| 87 | ov_087 | 1.015364583226673 × 10^290 |
| 88 | ov_088 | 6.57793573784708 × 10^289 |
| 89 | ov_089 | 4.07466508592627 × 10^289 |
| 90 | ov_090 | 2.399671143100945 × 10^289 |
| 91 | ov_091 | 1.338900137094912 × 10^289 |
| 92 | ov_092 | 7.08327451938177 × 10^288 |
| 93 | ov_093 | 3.5391475711847396 × 10^288 |
| 94 | ov_094 | 1.515900943191653 × 10^288 |
| 95 | aaa_78_28 | 4.680763302066857 × 10^287 |
| 96 | aaa_78_29 | 1.4373940929479923 × 10^287 |
| 97 | ov_097 | 9.486908163130294 × 10^286 |
| 98 | ov_098 | 9.48662297127678 × 10^286 |
| 99 | ov_099 | 9.486531764725317 × 10^286 |
| 100 | ov_100 | 8.5347801970056725 × 10^286 |
| 101 | ov_101 | 7.653658652671347 × 10^286 |
| 102 | ov_102 | 6.839243312209097 × 10^286 |
| 103 | ov_103 | 6.087894468331152 × 10^286 |
| 104 | ov_104 | 5.396220830036661 × 10^286 |
| 105 | ov_105 | 4.761047008309588 × 10^286 |
| 106 | ov_106 | 4.179384014529467 × 10^286 |
| 107 | ov_107 | 3.648402609322128 × 10^286 |
| 108 | ov_108 | 3.1654093450616283 × 10^286 |
| 109 | ov_109 | 2.7278251497000017 × 10^286 |
| 110 | ov_110 | 2.3331663031786674 × 10^286 |
| 111 | ov_111 | 1.9790276604894692 × 10^286 |
| 112 | ov_112 | 1.6630679776204575 × 10^286 |
| 113 | ov_113 | 1.3829971982482657 × 10^286 |
| 114 | ov_114 | 1.1365655602227938 × 10^286 |
| 115 | ov_115 | 9.215543817190804 × 10^285 |
| 116 | ov_116 | 7.357683874847914 × 10^285 |
| 117 | ov_117 | 5.770294359594172 × 10^285 |
| 118 | ov_118 | 4.431715082436901 × 10^285 |
| 119 | ov_119 | 3.3203682000586553 × 10^285 |
| 120 | ov_120 | 2.4147291746524138 × 10^285 |
| 121 | ov_121 | 1.6933061861930667 × 10^285 |
| 122 | ov_122 | 1.134626608936501 × 10^285 |
| 123 | ov_123 | 7.172287147716257 × 10^284 |
| 124 | ov_124 | 4.196564903621166 × 10^284 |
| 125 | ov_125 | 2.204564216860876 × 10^284 |
| 126 | ov_126 | 9.817585121138172 × 10^283 |
| 127 | aaa_77_28 | 3.1362346152835 × 10^283 |
| 128 | aaa_77_29 | 1.1764712772763066 × 10^283 |
| 129 | ov_129 | 1.1042261657967116 × 10^283 |
| 130 | ov_130 | 1.104223117110098 × 10^283 |
| 131 | ov_131 | 1.104222378648404 × 10^283 |
| 132 | ov_132 | 9.605742805868153 × 10^282 |
| 133 | ov_133 | 8.31633118648717 × 10^282 |
| 134 | ov_134 | 7.162949031309684 × 10^282 |
| 135 | ov_135 | 6.13516152564951 × 10^282 |
| 136 | ov_136 | 5.2230960109424524 × 10^282 |
| 137 | ov_137 | 4.4174046439806627 × 10^282 |
| 138 | ov_138 | 3.709232131543145 × 10^282 |
| 139 | ov_139 | 3.0901880571437637 × 10^282 |
| 140 | ov_140 | 2.552323342484653 × 10^282 |
| 141 | ov_141 | 2.0881104113317185 × 10^282 |
| 142 | ov_142 | 1.69042664807412 × 10^282 |
| 143 | ov_143 | 1.3525407673228578 × 10^282 |
| 144 | ov_144 | 1.0681017346555758 × 10^282 |
| 145 | ov_145 | 8.311299021167681 × 10^281 |
| 146 | ov_146 | 6.3601004540849764 × 10^281 |
| 147 | ov_147 | 4.774860129140167 × 10^281 |
| 148 | ov_148 | 3.5065671982851725 × 10^281 |
| 149 | ov_149 | 2.5097324375784996 × 10^281 |
| 150 | ov_150 | 1.7423680120695004 × 10^281 |
| 151 | ov_151 | 1.1659740742605083 × 10^281 |
| 152 | ov_152 | 7.4553045120620545 × 10^280 |
| 153 | ov_153 | 4.494919056368903 × 10^280 |
| 154 | ov_154 | 2.4978568678992938 × 10^280 |
| 155 | ov_155 | 1.2181035022224882 × 10^280 |
| 156 | aaa_76_25 | 4.4435206989653284 × 10^279 |
| 157 | aaa_76_26 | 2.568519069721796 × 10^279 |
| 158 | aaa_76_27 | 1.3162565377729598 × 10^279 |
| 159 | aaa_76_28 | 5.132201455320861 × 10^278 |
| 160 | aaa_76_29 | 1.563088193327575 × 10^278 |

### Output Bits Sorted by Complexity

| Rank | Output Bit | Complexity |
|:----:|:----------:|:----------:|
| 160 | aaa_76_29 | 1.563088193327575 × 10^278 |
| 159 | aaa_76_28 | 5.132201455320861 × 10^278 |
| 158 | aaa_76_27 | 1.3162565377729598 × 10^279 |
| 157 | aaa_76_26 | 2.568519069721796 × 10^279 |
| 156 | aaa_76_25 | 4.4435206989653284 × 10^279 |
| 155 | ov_155 | 1.2181035022224882 × 10^280 |
| 154 | ov_154 | 2.4978568678992938 × 10^280 |
| 153 | ov_153 | 4.494919056368903 × 10^280 |
| 152 | ov_152 | 7.4553045120620545 × 10^280 |
| 151 | ov_151 | 1.1659740742605083 × 10^281 |
| 150 | ov_150 | 1.7423680120695004 × 10^281 |
| 149 | ov_149 | 2.5097324375784996 × 10^281 |
| 148 | ov_148 | 3.5065671982851725 × 10^281 |
| 147 | ov_147 | 4.774860129140167 × 10^281 |
| 146 | ov_146 | 6.3601004540849764 × 10^281 |
| 145 | ov_145 | 8.311299021167681 × 10^281 |
| 144 | ov_144 | 1.0681017346555758 × 10^282 |
| 143 | ov_143 | 1.3525407673228578 × 10^282 |
| 142 | ov_142 | 1.69042664807412 × 10^282 |
| 141 | ov_141 | 2.0881104113317185 × 10^282 |
| 140 | ov_140 | 2.552323342484653 × 10^282 |
| 139 | ov_139 | 3.0901880571437637 × 10^282 |
| 138 | ov_138 | 3.709232131543145 × 10^282 |
| 137 | ov_137 | 4.4174046439806627 × 10^282 |
| 136 | ov_136 | 5.2230960109424524 × 10^282 |
| 135 | ov_135 | 6.13516152564951 × 10^282 |
| 134 | ov_134 | 7.162949031309684 × 10^282 |
| 133 | ov_133 | 8.31633118648717 × 10^282 |
| 132 | ov_132 | 9.605742805868153 × 10^282 |
| 131 | ov_131 | 1.104222378648404 × 10^283 |
| 130 | ov_130 | 1.104223117110098 × 10^283 |
| 129 | ov_129 | 1.1042261657967116 × 10^283 |
| 128 | aaa_77_29 | 1.1764712772763066 × 10^283 |
| 127 | aaa_77_28 | 3.1362346152835 × 10^283 |
| 126 | ov_126 | 9.817585121138172 × 10^283 |
| 125 | ov_125 | 2.204564216860876 × 10^284 |
| 124 | ov_124 | 4.196564903621166 × 10^284 |
| 123 | ov_123 | 7.172287147716257 × 10^284 |
| 122 | ov_122 | 1.134626608936501 × 10^285 |
| 121 | ov_121 | 1.6933061861930667 × 10^285 |
| 120 | ov_120 | 2.4147291746524138 × 10^285 |
| 119 | ov_119 | 3.3203682000586553 × 10^285 |
| 118 | ov_118 | 4.431715082436901 × 10^285 |
| 117 | ov_117 | 5.770294359594172 × 10^285 |
| 116 | ov_116 | 7.357683874847914 × 10^285 |
| 115 | ov_115 | 9.215543817190804 × 10^285 |
| 114 | ov_114 | 1.1365655602227938 × 10^286 |
| 113 | ov_113 | 1.3829971982482657 × 10^286 |
| 112 | ov_112 | 1.6630679776204575 × 10^286 |
| 111 | ov_111 | 1.9790276604894692 × 10^286 |
| 110 | ov_110 | 2.3331663031786674 × 10^286 |
| 109 | ov_109 | 2.7278251497000017 × 10^286 |
| 108 | ov_108 | 3.1654093450616283 × 10^286 |
| 107 | ov_107 | 3.648402609322128 × 10^286 |
| 106 | ov_106 | 4.179384014529467 × 10^286 |
| 105 | ov_105 | 4.761047008309588 × 10^286 |
| 104 | ov_104 | 5.396220830036661 × 10^286 |
| 103 | ov_103 | 6.087894468331152 × 10^286 |
| 102 | ov_102 | 6.839243312209097 × 10^286 |
| 101 | ov_101 | 7.653658652671347 × 10^286 |
| 100 | ov_100 | 8.5347801970056725 × 10^286 |
| 99 | ov_099 | 9.486531764725317 × 10^286 |
| 98 | ov_098 | 9.48662297127678 × 10^286 |
| 97 | ov_097 | 9.486908163130294 × 10^286 |
| 96 | aaa_78_29 | 1.4373940929479923 × 10^287 |
| 95 | aaa_78_28 | 4.680763302066857 × 10^287 |
| 94 | ov_094 | 1.515900943191653 × 10^288 |
| 93 | ov_093 | 3.5391475711847396 × 10^288 |
| 92 | ov_092 | 7.08327451938177 × 10^288 |
| 91 | ov_091 | 1.338900137094912 × 10^289 |
| 90 | ov_090 | 2.399671143100945 × 10^289 |
| 89 | ov_089 | 4.07466508592627 × 10^289 |
| 88 | ov_088 | 6.57793573784708 × 10^289 |
| 87 | ov_087 | 1.015364583226673 × 10^290 |
| 86 | ov_086 | 1.5076199975736286 × 10^290 |
| 85 | ov_085 | 2.165044768802859 × 10^290 |
| 84 | ov_084 | 3.0211973735624634 × 10^290 |
| 83 | ov_083 | 4.1127492925849955 × 10^290 |
| 82 | ov_082 | 5.4795366532817224 × 10^290 |
| 81 | ov_081 | 7.164625753376399 × 10^290 |
| 64 | lv_79_m31 | 8.030660786002262 × 10^290 |
| 80 | ov_080 | 9.214394184752646 × 10^290 |
| 79 | ov_079 | 1.1678629278916701 × 10^291 |
| 78 | ov_078 | 1.4610645599102046 × 10^291 |
| 77 | ov_077 | 1.806742320968033 × 10^291 |
| 76 | ov_076 | 2.210976846192604 × 10^291 |
| 75 | ov_075 | 2.680249904715358 × 10^291 |
| 74 | ov_074 | 3.221465508475865 × 10^291 |
| 73 | ov_073 | 3.841973803481656 × 10^291 |
| 63 | ov_063 | 4.119634825445662 × 10^291 |
| 72 | ov_072 | 4.5495979253795047 × 10^291 |
| 71 | ov_071 | 5.352664004891651 × 10^291 |
| 70 | ov_070 | 6.260034513315422 × 10^291 |
| 69 | ov_069 | 7.281145144028241 × 10^291 |
| 68 | ov_068 | 8.426045432944663 × 10^291 |
| 67 | ov_067 | 9.7054433293119 × 10^291 |
| 66 | ov_066 | 9.705450246048276 × 10^291 |
| 65 | ov_065 | 9.705478509745869 × 10^291 |
| 62 | ov_062 | 2.1129131984772505 × 10^292 |
| 61 | ov_061 | 7.70011180147412 × 10^292 |
| 60 | ov_060 | 2.2038315550579963 × 10^293 |
| 59 | ov_059 | 5.3169482172919176 × 10^293 |
| 58 | ov_058 | 1.0790321343016099 × 10^294 |
| 57 | ov_057 | 1.949508618331313 × 10^294 |
| 56 | ov_056 | 3.336369616557054 × 10^294 |
| 55 | ov_055 | 5.4708991861699116 × 10^294 |
| 54 | ov_054 | 8.622426817449661 × 10^294 |
| 53 | ov_053 | 1.3098340664345527 × 10^295 |
| 52 | ov_052 | 1.924411160670011 × 10^295 |
| 51 | ov_051 | 2.744333543887912 × 10^295 |
| 50 | ov_050 | 3.811780391399217 × 10^295 |
| 49 | ov_049 | 5.172761816702283 × 10^295 |
| 48 | ov_048 | 6.877136044140322 × 10^295 |
| 47 | ov_047 | 8.978634244999458 × 10^295 |
| 32 | lv_80_m31 | 9.925064452200573 × 10^295 |
| 46 | ov_046 | 1.1534895111670185 × 10^296 |
| 45 | ov_045 | 1.4607511487399785 × 10^296 |
| 44 | ov_044 | 1.8262091614075886 × 10^296 |
| 43 | ov_043 | 2.2568337808168844 × 10^296 |
| 42 | ov_042 | 2.760014562632749 × 10^296 |
| 41 | ov_041 | 3.343572683821076 × 10^296 |
| 40 | ov_040 | 4.015775978612605 × 10^296 |
| 39 | ov_039 | 4.785357098025095 × 10^296 |
| 31 | ov_031 | 5.089134222307978 × 10^296 |
| 38 | ov_038 | 5.66153520560928 × 10^296 |
| 37 | ov_037 | 6.654041650898401 × 10^296 |
| 36 | ov_036 | 7.773150092055134 × 10^296 |
| 35 | ov_035 | 9.029711570610716 × 10^296 |
| 34 | ov_034 | 1.0435195074180095 × 10^297 |
| 33 | ov_033 | 1.2001734157829744 × 10^297 |
| 30 | ov_030 | 2.6089532134520857 × 10^297 |
| 29 | ov_029 | 8.533333581364165 × 10^297 |
| 28 | ov_028 | 2.2143086308517585 × 10^298 |
| 27 | ov_027 | 5.334120015435156 × 10^298 |
| 26 | ov_026 | 1.1654917310654006 × 10^299 |
| 25 | ov_025 | 2.3086369568183614 × 10^299 |
| 24 | ov_024 | 4.200567686215057 × 10^299 |
| 23 | ov_023 | 7.125760683054237 × 10^299 |
| 22 | ov_022 | 1.1415458729487244 × 10^300 |
| 21 | ov_021 | 1.744769030063932 × 10^300 |
| 20 | ov_020 | 2.5647305465147736 × 10^300 |
| 19 | ov_019 | 3.648603540475967 × 10^300 |
| 18 | ov_018 | 5.048258695778837 × 10^300 |
| 17 | ov_017 | 6.820278848699606 × 10^300 |
| 16 | ov_016 | 9.025980709692592 × 10^300 |
| 15 | ov_015 | 1.1731446027006793 × 10^301 |
| 14 | ov_014 | 1.5007564803721448 × 10^301 |
| 13 | ov_013 | 1.8930093484616262 × 10^301 |
| 12 | ov_012 | 2.3579731334649456 × 10^301 |
| 11 | ov_011 | 2.9042218536941624 × 10^301 |
| 10 | ov_010 | 3.540845984546313 × 10^301 |
| 9 | ov_009 | 4.277467793664214 × 10^301 |
| 8 | ov_008 | 5.124260091555011 × 10^301 |
| 7 | ov_007 | 6.091968874705859 × 10^301 |
| 6 | ov_006 | 7.191940370146709 × 10^301 |
| 5 | ov_005 | 8.436153022886325 × 10^301 |
| 4 | ov_004 | 9.83725500084167 × 10^301 |
| 3 | ov_003 | 1.1408607825970152 × 10^302 |
| 2 | ov_002 | 1.3164336775504441 × 10^302 |
| 1 | ov_001 | 1.5119388733715703 × 10^302 |

