# Results for E002007-F017-F018-F019-F020-F021-F022-F023-F024-F025-F026-F027-F028-F029-F030-F031-F032-F033-F034-F035-F036-F037-F038-F039-F040-F041-F042-F043-F044-F045-F046-F047-F048-F049-F050-F051-F052-F053-F054-F055-F056-F057-F058-F059-F060-F061-F062-F063-F064-F065-F066-F067-F068-F069-F070-F071-F072-F073-F074-F075-F076-F077-F078-F079-F080-F081-F082-F083-F084-F085-F086-F087-F088-F089-F090-F091-F092-F093-F094-F095-F096-F097-F098-F099-F100-F101-F102-F103-F104-F105-F106-F107-F108-F109-F110-F111-F112-F113-F114-F115-F116-F117-F118-F119-F120-F121-F122-F123-F124-F125-F126-F127-F128-F129-F130-F131-F132-F133-F134-F135-F136-F137-F138-F139-F140-F141-F142-F143-F144-F145-F146-F147-F148-F149-F150-F151-F152-F153-F154-F155-F156-F157-F158-F159-F160-F161-F162-F163-F164-F165-F166-F167-F168-F169-F170-F171-F172-F173-F174-F175-F176-F177-F178-F179-F180-F181-F182-F183-F184-F185-F186-F187-F188-F189-F190-F191-F192-F193-F194-F195-F196-F197-F198-F199-F200-F201-F202-F203-F204-F205-F206-F207-F208-F209-F210-F211-F212-F213-F214-F215-F216-F217-F218-F219-F220-F221-F222-F223-F224-F225-F226-F227-F228-F229-F230-F231-F232-F233-F234-F235-F236-F237-F238-F239-F240-F241-F242-F243-F244-F245-F246-F247-F248-F249-F250-F251-F252-F253-F254-F255-F256-F257-F258-F259-F260-F261-F262-F263-F264-F265-F266-F267-F268-F269-F270-F271-F272-F273-F274-F275-F276-F277-F278-F279-F280-F281-F282-F283-F284-F285-F286-F287-F288-F289-F290-F291-F292-F293-F294-F295-F296-F297-F298-F299-F300-F301-F302-F303-F304-F305-F306-F307-F308-F309-F310-F311-F312-F313-F314-F315-F316-F317-F318-F319-F320-F321-F322-F323-F324-F325-F326-F327-F328-F329-F330-F331-F332-F333-F334-F335-F336-F337-F338-F339-F340-F341-F342-F343-F344-F345-F346-F347-F348-F349-F350-F351-F352-F353-F354-F355-F356-F357-F358-F359-F360-F361-F362-F363-F364-F365-F366-F367-F368-F369-F370-F371-F372-F373-F374-F375-F376-F377-F378-F379-F380-F381-F382-F383-F384-F385-F386-F387-F388-F389-F390-F391-F392-F393-F394-F395-F396-F397-F398-F399-F400-F401-F402-F403-F404-F405-F406-F407-F408-F409-F410-F411-F412-F413-F414-F415-F416-F417-F418-F419-F420-F421-F422-F423-F424-F425-F426-F427-F428-F429-F430-F431-F432-F433-F434-F435-F436-F437-F438-F439-F440-F441-F442-F443-F444-F445-F446-F447-F448-F449-F450-F451-F452-F453-F454-F455-F456-F457-F458-F459-F460-F461-F462-F463-F464-F465-F466-F467-F468-F469-F470-F471-F472-F473-F474-F475-F476-F477-F478-F479-F480-F481-F482-F483-F484-F485-F486-F487-F488-F489-F490-F491-F492-F493-F494-F495-F496-F497-F498-F499-F500-F501-F502-F503-F504-F505-F506-F507-F508-F509-F510-F511-F512

## Summary

Number of input bits: 512  
Number of free input bits: 15  
Number of output bits: 160

Number of direct occurrences: 67856  
Number of assignments: 39163  
Number of operations: 19122150
(xor: 19084610,
and: 20890,
or: 16650)

Total complexity: 9.268201933113152 × 10^355

Least occurring input variable: iv_012 (4186)  
Most occurring input variable: iv_015 (4856)

Most co-occurring input variables: iv_005-iv_015 (2353)  
Least co-occurring input variables: iv_012-iv_016 (1921)

Potentially most occurring input variable: iv_011/iv_015 (5220)  
Potentially least occurring input variable: iv_008/iv_009 (4446)

Least output occurring input variable: iv_011 (63)  
Most output occurring input variable: iv_012 (86)

Most output co-occurring input variables: iv_005-iv_015 (50)  
Least output co-occurring input variables: iv_005-iv_011 (20)

Potentially most output occurring input variable: iv_005/iv_011 (96)  
Potentially least output occurring input variable: iv_005/iv_015 (59)

Least complex input bit: iv_016 (1.3551216618452866 × 10^352)  
Most complex input bit: iv_015 (1.8850637538898203 × 10^355)

Least complex output bit: aaa_76_29 (1.9983931559502728 × 10^331)  
Most complex output bit: ov_001 (1.4188472369971637 × 10^355)

Least complex input/output complexity: iv_016/aaa_76_29 (2.921889136701133 × 10^327)  
Most complex input/output complexity: iv_015/ov_001 (2.8857997679293955 × 10^354)

## Input Bits

### Input Bits in Regular Order

| Input Bit | Complexity | Occurrences | Output Occurrences |
|:---------:|:----------:|:-----------:|:------------------:|
| iv_001 | 4.137847251095116 × 10^352 | 4569 | 75 |
| iv_002 | 3.3974816436383203 × 10^354 | 4376 | 77 |
| iv_003 | 5.152552460878676 × 10^353 | 4375 | 75 |
| iv_004 | 1.1207739450674165 × 10^354 | 4541 | 77 |
| iv_005 | 1.7967158409401347 × 10^354 | 4620 | 73 |
| iv_006 | 2.4815785488912994 × 10^354 | 4401 | 80 |
| iv_008 | 4.053459291803826 × 10^354 | 4446 | 69 |
| iv_009 | 5.095544735811519 × 10^354 | 4628 | 84 |
| iv_010 | 6.504218867143161 × 10^354 | 4483 | 83 |
| iv_011 | 8.490385375995831 × 10^354 | 4646 | 63 |
| iv_012 | 1.0740113262687248 × 10^355 | 4186 | 86 |
| iv_013 | 1.3311402627390151 × 10^355 | 4539 | 78 |
| iv_014 | 1.6269522717647253 × 10^355 | 4685 | 83 |
| iv_015 | 1.8850637538898203 × 10^355 | 4856 | 86 |
| iv_016 | 1.3551216618452866 × 10^352 | 4505 | 79 |

### Input Bits Sorted by Complexity

| Input Bit | Complexity | Occurrences | Output Occurrences |
|:---------:|:----------:|:-----------:|:------------------:|
| iv_016 | 1.3551216618452866 × 10^352 | 4505 | 79 |
| iv_001 | 4.137847251095116 × 10^352 | 4569 | 75 |
| iv_003 | 5.152552460878676 × 10^353 | 4375 | 75 |
| iv_004 | 1.1207739450674165 × 10^354 | 4541 | 77 |
| iv_005 | 1.7967158409401347 × 10^354 | 4620 | 73 |
| iv_006 | 2.4815785488912994 × 10^354 | 4401 | 80 |
| iv_002 | 3.3974816436383203 × 10^354 | 4376 | 77 |
| iv_008 | 4.053459291803826 × 10^354 | 4446 | 69 |
| iv_009 | 5.095544735811519 × 10^354 | 4628 | 84 |
| iv_010 | 6.504218867143161 × 10^354 | 4483 | 83 |
| iv_011 | 8.490385375995831 × 10^354 | 4646 | 63 |
| iv_012 | 1.0740113262687248 × 10^355 | 4186 | 86 |
| iv_013 | 1.3311402627390151 × 10^355 | 4539 | 78 |
| iv_014 | 1.6269522717647253 × 10^355 | 4685 | 83 |
| iv_015 | 1.8850637538898203 × 10^355 | 4856 | 86 |

### Input Bits Sorted by Occurrences

| Input Bit | Complexity | Occurrences | Output Occurrences |
|:---------:|:----------:|:-----------:|:------------------:|
| iv_012 | 1.0740113262687248 × 10^355 | 4186 | 86 |
| iv_003 | 5.152552460878676 × 10^353 | 4375 | 75 |
| iv_002 | 3.3974816436383203 × 10^354 | 4376 | 77 |
| iv_006 | 2.4815785488912994 × 10^354 | 4401 | 80 |
| iv_008 | 4.053459291803826 × 10^354 | 4446 | 69 |
| iv_010 | 6.504218867143161 × 10^354 | 4483 | 83 |
| iv_016 | 1.3551216618452866 × 10^352 | 4505 | 79 |
| iv_013 | 1.3311402627390151 × 10^355 | 4539 | 78 |
| iv_004 | 1.1207739450674165 × 10^354 | 4541 | 77 |
| iv_001 | 4.137847251095116 × 10^352 | 4569 | 75 |
| iv_005 | 1.7967158409401347 × 10^354 | 4620 | 73 |
| iv_009 | 5.095544735811519 × 10^354 | 4628 | 84 |
| iv_011 | 8.490385375995831 × 10^354 | 4646 | 63 |
| iv_014 | 1.6269522717647253 × 10^355 | 4685 | 83 |
| iv_015 | 1.8850637538898203 × 10^355 | 4856 | 86 |

### Input Bits Sorted by Output Occurrences

| Input Bit | Complexity | Occurrences | Output Occurrences |
|:---------:|:----------:|:-----------:|:------------------:|
| iv_011 | 8.490385375995831 × 10^354 | 4646 | 63 |
| iv_008 | 4.053459291803826 × 10^354 | 4446 | 69 |
| iv_005 | 1.7967158409401347 × 10^354 | 4620 | 73 |
| iv_003 | 5.152552460878676 × 10^353 | 4375 | 75 |
| iv_001 | 4.137847251095116 × 10^352 | 4569 | 75 |
| iv_004 | 1.1207739450674165 × 10^354 | 4541 | 77 |
| iv_002 | 3.3974816436383203 × 10^354 | 4376 | 77 |
| iv_013 | 1.3311402627390151 × 10^355 | 4539 | 78 |
| iv_016 | 1.3551216618452866 × 10^352 | 4505 | 79 |
| iv_006 | 2.4815785488912994 × 10^354 | 4401 | 80 |
| iv_010 | 6.504218867143161 × 10^354 | 4483 | 83 |
| iv_014 | 1.6269522717647253 × 10^355 | 4685 | 83 |
| iv_009 | 5.095544735811519 × 10^354 | 4628 | 84 |
| iv_015 | 1.8850637538898203 × 10^355 | 4856 | 86 |
| iv_012 | 1.0740113262687248 × 10^355 | 4186 | 86 |

## Input Bit Co-occurrences

### Input Bit Co-occurrences Sorted by Co-occurrences

| Input Bits | Co-occurrences | Potential Occurrences | Output Co-occurrences | Potential Output Occurrences |
|:----------:|:--------------:|:---------------------:|:---------------------:|:----------------------------:|
| iv_005-iv_015 | 2353 | 4770 | 50 | 59 |
| iv_004-iv_005 | 2346 | 4469 | 35 | 80 |
| iv_014-iv_015 | 2314 | 4913 | 39 | 91 |
| iv_008-iv_009 | 2314 | 4446 | 38 | 77 |
| iv_009-iv_015 | 2314 | 4856 | 45 | 80 |
| iv_009-iv_014 | 2273 | 4767 | 45 | 77 |
| iv_010-iv_015 | 2248 | 4843 | 44 | 81 |
| iv_009-iv_011 | 2246 | 4782 | 33 | 81 |
| iv_001-iv_006 | 2241 | 4488 | 39 | 77 |
| iv_004-iv_009 | 2237 | 4695 | 44 | 73 |
| iv_009-iv_010 | 2234 | 4643 | 47 | 73 |
| iv_005-iv_009 | 2216 | 4816 | 34 | 89 |
| iv_013-iv_014 | 2203 | 4818 | 40 | 81 |
| iv_004-iv_014 | 2203 | 4820 | 41 | 78 |
| iv_005-iv_010 | 2201 | 4701 | 34 | 88 |

### Input Bit Co-occurrences Sorted by Potential Occurrences

| Input Bits | Co-occurrences | Potential Occurrences | Output Co-occurrences | Potential Output Occurrences |
|:----------:|:--------------:|:---------------------:|:---------------------:|:----------------------------:|
| iv_008-iv_009 | 2314 | 4446 | 38 | 77 |
| iv_004-iv_005 | 2346 | 4469 | 35 | 80 |
| iv_003-iv_012 | 2037 | 4487 | 42 | 77 |
| iv_001-iv_006 | 2241 | 4488 | 39 | 77 |
| iv_003-iv_013 | 2188 | 4538 | 36 | 81 |
| iv_003-iv_008 | 2141 | 4539 | 34 | 76 |
| iv_003-iv_004 | 2188 | 4540 | 38 | 76 |
| iv_002-iv_012 | 2005 | 4552 | 45 | 73 |
| iv_008-iv_012 | 2031 | 4570 | 37 | 81 |
| iv_008-iv_013 | 2180 | 4625 | 34 | 79 |
| iv_012-iv_013 | 2047 | 4631 | 42 | 80 |
| iv_009-iv_010 | 2234 | 4643 | 47 | 73 |
| iv_006-iv_016 | 2113 | 4680 | 37 | 85 |
| iv_004-iv_009 | 2237 | 4695 | 44 | 73 |
| iv_005-iv_010 | 2201 | 4701 | 34 | 88 |

### Input Bit Output Co-occurrences Sorted by Output Co-occurrences

| Input Bits | Co-occurrences | Potential Occurrences | Output Co-occurrences | Potential Output Occurrences |
|:----------:|:--------------:|:---------------------:|:---------------------:|:----------------------------:|
| iv_005-iv_015 | 2353 | 4770 | 50 | 59 |
| iv_006-iv_015 | 2054 | 5149 | 47 | 72 |
| iv_009-iv_010 | 2234 | 4643 | 47 | 73 |
| iv_013-iv_015 | 2197 | 5001 | 46 | 72 |
| iv_012-iv_015 | 2033 | 4976 | 46 | 80 |
| iv_001-iv_009 | 2166 | 4865 | 46 | 67 |
| iv_009-iv_014 | 2273 | 4767 | 45 | 77 |
| iv_009-iv_015 | 2314 | 4856 | 45 | 80 |
| iv_002-iv_012 | 2005 | 4552 | 45 | 73 |
| iv_010-iv_014 | 2178 | 4812 | 44 | 78 |
| iv_010-iv_015 | 2248 | 4843 | 44 | 81 |
| iv_004-iv_010 | 2129 | 4766 | 44 | 72 |
| iv_006-iv_012 | 1931 | 4725 | 44 | 78 |
| iv_001-iv_010 | 2111 | 4830 | 44 | 70 |
| iv_004-iv_009 | 2237 | 4695 | 44 | 73 |

### Input Bit Output Co-occurrences Sorted by Potential Output Occurrences

| Input Bits | Co-occurrences | Potential Occurrences | Output Co-occurrences | Potential Output Occurrences |
|:----------:|:--------------:|:---------------------:|:---------------------:|:----------------------------:|
| iv_005-iv_015 | 2353 | 4770 | 50 | 59 |
| iv_008-iv_014 | 2197 | 4737 | 43 | 66 |
| iv_001-iv_009 | 2166 | 4865 | 46 | 67 |
| iv_004-iv_011 | 2066 | 5055 | 36 | 68 |
| iv_001-iv_010 | 2111 | 4830 | 44 | 70 |
| iv_002-iv_004 | 2062 | 4793 | 42 | 70 |
| iv_005-iv_013 | 2089 | 4981 | 40 | 71 |
| iv_004-iv_013 | 2141 | 4798 | 42 | 71 |
| iv_006-iv_015 | 2054 | 5149 | 47 | 72 |
| iv_013-iv_015 | 2197 | 5001 | 46 | 72 |
| iv_004-iv_010 | 2129 | 4766 | 44 | 72 |
| iv_001-iv_003 | 2012 | 4920 | 39 | 72 |
| iv_003-iv_005 | 2128 | 4739 | 38 | 72 |
| iv_009-iv_010 | 2234 | 4643 | 47 | 73 |
| iv_006-iv_008 | 2015 | 4817 | 38 | 73 |

## Output Bits

### Output Bits in Regular Order

| Rank | Output Bit | Complexity |
|:----:|:----------:|:----------:|
| 1 | ov_001 | 1.4188472369971637 × 10^355 |
| 2 | ov_002 | 1.2389305344120905 × 10^355 |
| 3 | ov_003 | 1.0772268885350456 × 10^355 |
| 4 | ov_004 | 9.322936693959571 × 10^354 |
| 5 | ov_005 | 8.027688528425598 × 10^354 |
| 6 | ov_006 | 6.873654117963913 × 10^354 |
| 7 | ov_007 | 5.84866375611485 × 10^354 |
| 8 | ov_008 | 4.94120491012861 × 10^354 |
| 9 | ov_009 | 4.1403843375333166 × 10^354 |
| 10 | ov_010 | 3.4358953485373186 × 10^354 |
| 11 | ov_011 | 2.822727456143781 × 10^354 |
| 12 | ov_012 | 2.2961430864050107 × 10^354 |
| 13 | ov_013 | 1.8474448189917783 × 10^354 |
| 14 | ov_014 | 1.4684346349949297 × 10^354 |
| 15 | ov_015 | 1.1514008058783541 × 10^354 |
| 16 | ov_016 | 8.891073888442136 × 10^353 |
| 17 | ov_017 | 6.74785950869968 × 10^353 |
| 18 | ov_018 | 5.0212917468915136 × 10^353 |
| 19 | ov_019 | 3.652860305479156 × 10^353 |
| 20 | ov_020 | 2.5885822778822135 × 10^353 |
| 21 | ov_021 | 1.778976902805739 × 10^353 |
| 22 | ov_022 | 1.1790482953175713 × 10^353 |
| 23 | ov_023 | 7.482741898688706 × 10^352 |
| 24 | ov_024 | 4.505990267491035 × 10^352 |
| 25 | ov_025 | 2.544300094257055 × 10^352 |
| 26 | ov_026 | 1.3263505484514706 × 10^352 |
| 27 | ov_027 | 6.254184519782651 × 10^351 |
| 28 | ov_028 | 2.5937450896078223 × 10^351 |
| 29 | ov_029 | 9.068208130037806 × 10^350 |
| 30 | ov_030 | 2.490090350193685 × 10^350 |
| 31 | ov_031 | 4.8591013461605105 × 10^349 |
| 32 | lv_80_m31 | 9.480698509825327 × 10^348 |
| 33 | ov_033 | 1.1738075379243177 × 10^350 |
| 34 | ov_034 | 1.0242099191154974 × 10^350 |
| 35 | ov_035 | 8.902107837247044 × 10^349 |
| 36 | ov_036 | 7.704897498829173 × 10^349 |
| 37 | ov_037 | 6.638075559827258 × 10^349 |
| 38 | ov_038 | 5.690005707722102 × 10^349 |
| 39 | ov_039 | 4.8497579153767945 × 10^349 |
| 40 | ov_040 | 4.107063039310869 × 10^349 |
| 41 | ov_041 | 3.4522717809374615 × 10^349 |
| 42 | ov_042 | 2.8763177664327834 × 10^349 |
| 43 | ov_043 | 2.3706845084811927 × 10^349 |
| 44 | ov_044 | 1.931247340595476 × 10^349 |
| 45 | ov_045 | 1.5541349415226331 × 10^349 |
| 46 | ov_046 | 1.235717183207314 × 10^349 |
| 47 | ov_047 | 9.69416408350715 × 10^348 |
| 48 | ov_048 | 7.490899687621243 × 10^348 |
| 49 | ov_049 | 5.690157793168743 × 10^348 |
| 50 | ov_050 | 4.2388021406261445 × 10^348 |
| 51 | ov_051 | 3.087681321486925 × 10^348 |
| 52 | ov_052 | 2.1915482180792054 × 10^348 |
| 53 | ov_053 | 1.5089965096720397 × 10^348 |
| 54 | ov_054 | 1.0024121326923633 × 10^348 |
| 55 | ov_055 | 6.379375839551717 × 10^347 |
| 56 | ov_056 | 3.8544695629228786 × 10^347 |
| 57 | ov_057 | 2.185295961840992 × 10^347 |
| 58 | ov_058 | 1.144802907781471 × 10^347 |
| 59 | ov_059 | 5.4293995929181456 × 10^346 |
| 60 | ov_060 | 2.2663387034945538 × 10^346 |
| 61 | ov_061 | 7.977921903865193 × 10^345 |
| 62 | ov_062 | 2.2060325242186117 × 10^345 |
| 63 | ov_063 | 4.337283175444504 × 10^344 |
| 64 | lv_79_m31 | 8.52670725306212 × 10^343 |
| 65 | ov_065 | 1.168868775340118 × 10^345 |
| 66 | ov_066 | 1.1688336848181925 × 10^345 |
| 67 | ov_067 | 1.1688224567102524 × 10^345 |
| 68 | ov_068 | 1.0512983535157953 × 10^345 |
| 69 | ov_069 | 9.425429288524399 × 10^344 |
| 70 | ov_070 | 8.420637859314434 × 10^344 |
| 71 | ov_071 | 7.494037588749659 × 10^344 |
| 72 | ov_072 | 6.641366862499257 × 10^344 |
| 73 | ov_073 | 5.858636028137187 × 10^344 |
| 74 | ov_074 | 5.142092811313975 × 10^344 |
| 75 | ov_075 | 4.488190130720408 × 10^344 |
| 76 | ov_076 | 3.8935561255619443 × 10^344 |
| 77 | ov_077 | 3.3549670695794615 × 10^344 |
| 78 | ov_078 | 2.869323399165855 × 10^344 |
| 79 | ov_079 | 2.4336286615361648 × 10^344 |
| 80 | ov_080 | 2.0449711928415472 × 10^344 |
| 81 | ov_081 | 1.7005083391712413 × 10^344 |
| 82 | ov_082 | 1.3974527752419694 × 10^344 |
| 83 | ov_083 | 1.1330604772816837 × 10^344 |
| 84 | ov_084 | 9.046204287550251 × 10^343 |
| 85 | ov_085 | 7.094461384114464 × 10^343 |
| 86 | ov_086 | 5.4486879022029536 × 10^343 |
| 87 | ov_087 | 4.082318450955087 × 10^343 |
| 88 | ov_088 | 2.968869145104587 × 10^343 |
| 89 | ov_089 | 2.081907262094398 × 10^343 |
| 90 | ov_090 | 1.3950300226910565 × 10^343 |
| 91 | ov_091 | 8.818506978141854 × 10^342 |
| 92 | ov_092 | 5.159902595555093 × 10^342 |
| 93 | ov_093 | 2.710728838461489 × 10^342 |
| 94 | ov_094 | 1.207238438180464 × 10^342 |
| 95 | aaa_78_28 | 3.856870046054072 × 10^341 |
| 96 | aaa_78_29 | 1.4471153636334752 × 10^341 |
| 97 | ov_097 | 1.383643782453246 × 10^341 |
| 98 | ov_098 | 1.3836398816635632 × 10^341 |
| 99 | ov_099 | 1.3836389372864288 × 10^341 |
| 100 | ov_100 | 1.2069462191127757 × 10^341 |
| 101 | ov_101 | 1.0484768374974941 × 10^341 |
| 102 | ov_102 | 9.067632526842639 × 10^340 |
| 103 | ov_103 | 7.804201922654118 × 10^340 |
| 104 | ov_104 | 6.681391128560074 × 10^340 |
| 105 | ov_105 | 5.68683329850487 × 10^340 |
| 106 | ov_106 | 4.8088373484882695 × 10^340 |
| 107 | ov_107 | 4.036350290389143 × 10^340 |
| 108 | ov_108 | 3.358924175093426 × 10^340 |
| 109 | ov_109 | 2.7666872525173204 × 10^340 |
| 110 | ov_110 | 2.254844345392059 × 10^340 |
| 111 | ov_111 | 1.8188701294308253 × 10^340 |
| 112 | ov_112 | 1.4504857868709827 × 10^340 |
| 113 | ov_113 | 1.1419092516124014 × 10^340 |
| 114 | ov_114 | 8.858429287609603 × 10^339 |
| 115 | ov_115 | 6.754639294960676 × 10^339 |
| 116 | ov_116 | 5.044165144259163 × 10^339 |
| 117 | ov_117 | 3.668063949362344 × 10^339 |
| 118 | ov_118 | 2.59801182008551 × 10^339 |
| 119 | ov_119 | 1.7841815751264715 × 10^339 |
| 120 | ov_120 | 1.181268787100048 × 10^339 |
| 121 | ov_121 | 7.484786206636741 × 10^338 |
| 122 | ov_122 | 4.495177807414889 × 10^338 |
| 123 | ov_123 | 2.52589942784986 × 10^338 |
| 124 | ov_124 | 1.3039339059297957 × 10^338 |
| 125 | ov_125 | 6.011993052455187 × 10^337 |
| 126 | ov_126 | 2.3454462730930085 × 10^337 |
| 127 | aaa_77_28 | 6.574842907391875 × 10^336 |
| 128 | aaa_77_29 | 2.001004413764407 × 10^336 |
| 129 | ov_129 | 1.1926113192335004 × 10^336 |
| 130 | ov_130 | 1.1926074177603502 × 10^336 |
| 131 | ov_131 | 1.1926064713948326 × 10^336 |
| 132 | ov_132 | 1.0407587509543252 × 10^336 |
| 133 | ov_133 | 9.053680569890735 × 10^335 |
| 134 | ov_134 | 7.849770006143425 × 10^335 |
| 135 | ov_135 | 6.782111726247147 × 10^335 |
| 136 | ov_136 | 5.837734591937052 × 10^335 |
| 137 | ov_137 | 5.004389828243602 × 10^335 |
| 138 | ov_138 | 4.270506088364412 × 10^335 |
| 139 | ov_139 | 3.6251497471294017 × 10^335 |
| 140 | ov_140 | 3.05799006573065 × 10^335 |
| 141 | ov_141 | 2.559268890440693 × 10^335 |
| 142 | ov_142 | 2.1197745674254442 × 10^335 |
| 143 | ov_143 | 1.7350348879627084 × 10^335 |
| 144 | ov_144 | 1.4008347386898646 × 10^335 |
| 145 | ov_145 | 1.1132077108946644 × 10^335 |
| 146 | ov_146 | 8.6842930604575 × 10^334 |
| 147 | ov_147 | 6.630115399483222 × 10^334 |
| 148 | ov_148 | 4.936987359339187 × 10^334 |
| 149 | ov_149 | 3.574643149036538 × 10^334 |
| 150 | ov_150 | 2.5150840739460777 × 10^334 |
| 151 | ov_151 | 1.709050339616232 × 10^334 |
| 152 | ov_152 | 1.1117499148120254 × 10^334 |
| 153 | ov_153 | 6.82845532165077 × 10^333 |
| 154 | ov_154 | 3.864467184339186 × 10^333 |
| 155 | ov_155 | 1.9110525143844577 × 10^333 |
| 156 | aaa_76_25 | 6.981284790596466 × 10^332 |
| 157 | aaa_76_26 | 3.6464375583353844 × 10^332 |
| 158 | aaa_76_27 | 1.680874048193473 × 10^332 |
| 159 | aaa_76_28 | 6.556582036095044 × 10^331 |
| 160 | aaa_76_29 | 1.9983931559502728 × 10^331 |

### Output Bits Sorted by Complexity

| Rank | Output Bit | Complexity |
|:----:|:----------:|:----------:|
| 160 | aaa_76_29 | 1.9983931559502728 × 10^331 |
| 159 | aaa_76_28 | 6.556582036095044 × 10^331 |
| 158 | aaa_76_27 | 1.680874048193473 × 10^332 |
| 157 | aaa_76_26 | 3.6464375583353844 × 10^332 |
| 156 | aaa_76_25 | 6.981284790596466 × 10^332 |
| 155 | ov_155 | 1.9110525143844577 × 10^333 |
| 154 | ov_154 | 3.864467184339186 × 10^333 |
| 153 | ov_153 | 6.82845532165077 × 10^333 |
| 152 | ov_152 | 1.1117499148120254 × 10^334 |
| 151 | ov_151 | 1.709050339616232 × 10^334 |
| 150 | ov_150 | 2.5150840739460777 × 10^334 |
| 149 | ov_149 | 3.574643149036538 × 10^334 |
| 148 | ov_148 | 4.936987359339187 × 10^334 |
| 147 | ov_147 | 6.630115399483222 × 10^334 |
| 146 | ov_146 | 8.6842930604575 × 10^334 |
| 145 | ov_145 | 1.1132077108946644 × 10^335 |
| 144 | ov_144 | 1.4008347386898646 × 10^335 |
| 143 | ov_143 | 1.7350348879627084 × 10^335 |
| 142 | ov_142 | 2.1197745674254442 × 10^335 |
| 141 | ov_141 | 2.559268890440693 × 10^335 |
| 140 | ov_140 | 3.05799006573065 × 10^335 |
| 139 | ov_139 | 3.6251497471294017 × 10^335 |
| 138 | ov_138 | 4.270506088364412 × 10^335 |
| 137 | ov_137 | 5.004389828243602 × 10^335 |
| 136 | ov_136 | 5.837734591937052 × 10^335 |
| 135 | ov_135 | 6.782111726247147 × 10^335 |
| 134 | ov_134 | 7.849770006143425 × 10^335 |
| 133 | ov_133 | 9.053680569890735 × 10^335 |
| 132 | ov_132 | 1.0407587509543252 × 10^336 |
| 131 | ov_131 | 1.1926064713948326 × 10^336 |
| 130 | ov_130 | 1.1926074177603502 × 10^336 |
| 129 | ov_129 | 1.1926113192335004 × 10^336 |
| 128 | aaa_77_29 | 2.001004413764407 × 10^336 |
| 127 | aaa_77_28 | 6.574842907391875 × 10^336 |
| 126 | ov_126 | 2.3454462730930085 × 10^337 |
| 125 | ov_125 | 6.011993052455187 × 10^337 |
| 124 | ov_124 | 1.3039339059297957 × 10^338 |
| 123 | ov_123 | 2.52589942784986 × 10^338 |
| 122 | ov_122 | 4.495177807414889 × 10^338 |
| 121 | ov_121 | 7.484786206636741 × 10^338 |
| 120 | ov_120 | 1.181268787100048 × 10^339 |
| 119 | ov_119 | 1.7841815751264715 × 10^339 |
| 118 | ov_118 | 2.59801182008551 × 10^339 |
| 117 | ov_117 | 3.668063949362344 × 10^339 |
| 116 | ov_116 | 5.044165144259163 × 10^339 |
| 115 | ov_115 | 6.754639294960676 × 10^339 |
| 114 | ov_114 | 8.858429287609603 × 10^339 |
| 113 | ov_113 | 1.1419092516124014 × 10^340 |
| 112 | ov_112 | 1.4504857868709827 × 10^340 |
| 111 | ov_111 | 1.8188701294308253 × 10^340 |
| 110 | ov_110 | 2.254844345392059 × 10^340 |
| 109 | ov_109 | 2.7666872525173204 × 10^340 |
| 108 | ov_108 | 3.358924175093426 × 10^340 |
| 107 | ov_107 | 4.036350290389143 × 10^340 |
| 106 | ov_106 | 4.8088373484882695 × 10^340 |
| 105 | ov_105 | 5.68683329850487 × 10^340 |
| 104 | ov_104 | 6.681391128560074 × 10^340 |
| 103 | ov_103 | 7.804201922654118 × 10^340 |
| 102 | ov_102 | 9.067632526842639 × 10^340 |
| 101 | ov_101 | 1.0484768374974941 × 10^341 |
| 100 | ov_100 | 1.2069462191127757 × 10^341 |
| 99 | ov_099 | 1.3836389372864288 × 10^341 |
| 98 | ov_098 | 1.3836398816635632 × 10^341 |
| 97 | ov_097 | 1.383643782453246 × 10^341 |
| 96 | aaa_78_29 | 1.4471153636334752 × 10^341 |
| 95 | aaa_78_28 | 3.856870046054072 × 10^341 |
| 94 | ov_094 | 1.207238438180464 × 10^342 |
| 93 | ov_093 | 2.710728838461489 × 10^342 |
| 92 | ov_092 | 5.159902595555093 × 10^342 |
| 91 | ov_091 | 8.818506978141854 × 10^342 |
| 90 | ov_090 | 1.3950300226910565 × 10^343 |
| 89 | ov_089 | 2.081907262094398 × 10^343 |
| 88 | ov_088 | 2.968869145104587 × 10^343 |
| 87 | ov_087 | 4.082318450955087 × 10^343 |
| 86 | ov_086 | 5.4486879022029536 × 10^343 |
| 85 | ov_085 | 7.094461384114464 × 10^343 |
| 64 | lv_79_m31 | 8.52670725306212 × 10^343 |
| 84 | ov_084 | 9.046204287550251 × 10^343 |
| 83 | ov_083 | 1.1330604772816837 × 10^344 |
| 82 | ov_082 | 1.3974527752419694 × 10^344 |
| 81 | ov_081 | 1.7005083391712413 × 10^344 |
| 80 | ov_080 | 2.0449711928415472 × 10^344 |
| 79 | ov_079 | 2.4336286615361648 × 10^344 |
| 78 | ov_078 | 2.869323399165855 × 10^344 |
| 77 | ov_077 | 3.3549670695794615 × 10^344 |
| 76 | ov_076 | 3.8935561255619443 × 10^344 |
| 63 | ov_063 | 4.337283175444504 × 10^344 |
| 75 | ov_075 | 4.488190130720408 × 10^344 |
| 74 | ov_074 | 5.142092811313975 × 10^344 |
| 73 | ov_073 | 5.858636028137187 × 10^344 |
| 72 | ov_072 | 6.641366862499257 × 10^344 |
| 71 | ov_071 | 7.494037588749659 × 10^344 |
| 70 | ov_070 | 8.420637859314434 × 10^344 |
| 69 | ov_069 | 9.425429288524399 × 10^344 |
| 68 | ov_068 | 1.0512983535157953 × 10^345 |
| 67 | ov_067 | 1.1688224567102524 × 10^345 |
| 66 | ov_066 | 1.1688336848181925 × 10^345 |
| 65 | ov_065 | 1.168868775340118 × 10^345 |
| 62 | ov_062 | 2.2060325242186117 × 10^345 |
| 61 | ov_061 | 7.977921903865193 × 10^345 |
| 60 | ov_060 | 2.2663387034945538 × 10^346 |
| 59 | ov_059 | 5.4293995929181456 × 10^346 |
| 58 | ov_058 | 1.144802907781471 × 10^347 |
| 57 | ov_057 | 2.185295961840992 × 10^347 |
| 56 | ov_056 | 3.8544695629228786 × 10^347 |
| 55 | ov_055 | 6.379375839551717 × 10^347 |
| 54 | ov_054 | 1.0024121326923633 × 10^348 |
| 53 | ov_053 | 1.5089965096720397 × 10^348 |
| 52 | ov_052 | 2.1915482180792054 × 10^348 |
| 51 | ov_051 | 3.087681321486925 × 10^348 |
| 50 | ov_050 | 4.2388021406261445 × 10^348 |
| 49 | ov_049 | 5.690157793168743 × 10^348 |
| 48 | ov_048 | 7.490899687621243 × 10^348 |
| 32 | lv_80_m31 | 9.480698509825327 × 10^348 |
| 47 | ov_047 | 9.69416408350715 × 10^348 |
| 46 | ov_046 | 1.235717183207314 × 10^349 |
| 45 | ov_045 | 1.5541349415226331 × 10^349 |
| 44 | ov_044 | 1.931247340595476 × 10^349 |
| 43 | ov_043 | 2.3706845084811927 × 10^349 |
| 42 | ov_042 | 2.8763177664327834 × 10^349 |
| 41 | ov_041 | 3.4522717809374615 × 10^349 |
| 40 | ov_040 | 4.107063039310869 × 10^349 |
| 39 | ov_039 | 4.8497579153767945 × 10^349 |
| 31 | ov_031 | 4.8591013461605105 × 10^349 |
| 38 | ov_038 | 5.690005707722102 × 10^349 |
| 37 | ov_037 | 6.638075559827258 × 10^349 |
| 36 | ov_036 | 7.704897498829173 × 10^349 |
| 35 | ov_035 | 8.902107837247044 × 10^349 |
| 34 | ov_034 | 1.0242099191154974 × 10^350 |
| 33 | ov_033 | 1.1738075379243177 × 10^350 |
| 30 | ov_030 | 2.490090350193685 × 10^350 |
| 29 | ov_029 | 9.068208130037806 × 10^350 |
| 28 | ov_028 | 2.5937450896078223 × 10^351 |
| 27 | ov_027 | 6.254184519782651 × 10^351 |
| 26 | ov_026 | 1.3263505484514706 × 10^352 |
| 25 | ov_025 | 2.544300094257055 × 10^352 |
| 24 | ov_024 | 4.505990267491035 × 10^352 |
| 23 | ov_023 | 7.482741898688706 × 10^352 |
| 22 | ov_022 | 1.1790482953175713 × 10^353 |
| 21 | ov_021 | 1.778976902805739 × 10^353 |
| 20 | ov_020 | 2.5885822778822135 × 10^353 |
| 19 | ov_019 | 3.652860305479156 × 10^353 |
| 18 | ov_018 | 5.0212917468915136 × 10^353 |
| 17 | ov_017 | 6.74785950869968 × 10^353 |
| 16 | ov_016 | 8.891073888442136 × 10^353 |
| 15 | ov_015 | 1.1514008058783541 × 10^354 |
| 14 | ov_014 | 1.4684346349949297 × 10^354 |
| 13 | ov_013 | 1.8474448189917783 × 10^354 |
| 12 | ov_012 | 2.2961430864050107 × 10^354 |
| 11 | ov_011 | 2.822727456143781 × 10^354 |
| 10 | ov_010 | 3.4358953485373186 × 10^354 |
| 9 | ov_009 | 4.1403843375333166 × 10^354 |
| 8 | ov_008 | 4.94120491012861 × 10^354 |
| 7 | ov_007 | 5.84866375611485 × 10^354 |
| 6 | ov_006 | 6.873654117963913 × 10^354 |
| 5 | ov_005 | 8.027688528425598 × 10^354 |
| 4 | ov_004 | 9.322936693959571 × 10^354 |
| 3 | ov_003 | 1.0772268885350456 × 10^355 |
| 2 | ov_002 | 1.2389305344120905 × 10^355 |
| 1 | ov_001 | 1.4188472369971637 × 10^355 |

