# Results for F001-F002-F003-F004-F005-F006-F007-F008-F009-F010-F011-F012-F013-F014-F015-F016-F017-F018-F019-F020-F021-F022-F023-F024-F025-F026-F027-F028-F029-F030-F031-F032-F033-F034-F035-F036-F037-F038-F039-F040-F041-F042-F043-F044-F045-F046-F047-F048-F049-F050-F051-F052-F053-F054-F055-F056-F057-F058-F059-F060-F061-F062-F063-F064-F065-F066-F067-F068-F069-F070-F071-F072-F073-F074-F075-F076-F077-F078-F079-F080-F081-F082-F083-F084-F085-F086-F087-F088-F089-F090-F091-F092-F093-F094-F095-F096-F097-F098-F099-F100-F101-F102-F103-F104-F105-F106-F107-F108-F109-F110-F111-F112-F113-F114-F115-F116-F117-F118-F119-F120-F121-F122-F123-F124-F125-F126-F127-F128-F129-F130-F131-F132-F133-F134-F135-F136-F137-F138-F139-F140-F141-F142-F143-F144-F145-F146-F147-F148-F149-F150-F151-F152-F153-F154-F155-F156-F157-F158-F159-F160-F161-F162-F163-F164-F165-F166-F167-F168-F169-F170-F171-F172-F173-F174-F175-F176-F177-F178-F179-F180-F181-F182-F183-F184-F185-F186-F187-F188-F189-F190-F191-F192-F193-F194-F195-F196-F197-F198-F199-F200-F201-F202-F203-F204-F205-F206-F207-F208-F209-F210-F211-F212-F213-F214-F215-F216-F217-F218-F219-F220-F221-F222-F223-F224-F225-F226-F227-F228-F229-F230-F231-F232-F233-F234-F235-F236-F237-F238-F239-F240-F241-F242-F243-F244-F245-F246-F247-F248-F249-F250-F251-F252-F253-F254-F255-F256-F257-F258-F259-F260-F261-F262-F263-F264-F265-F266-F267-F268-F269-F270-F271-F272-F273-F274-F275-F276-F277-F278-F279-F280-F281-F282-F283-F284-F285-F286-F287-F288-F289-F290-F291-F292-F293-F294-F295-F296-F297-F298-F299-F300-F301-F302-F303-F304-F305-F306-F307-F308-F309-F310-F311-F312-F313-F314-F315-F316-F317-F318-F319-F320-F321-F322-F323-F324-F325-F326-F327-F328-F329-F330-F331-F332-F333-F334-F335-F336-F337-F338-F339-F340-F341-F342-F343-F344-F345-F346-F347-F348-F349-F350-F351-F352-F353-F354-F355-F356-F357-F358-F359-F360-F361-F362-F363-F364-F365-F366-F367-F368-F369-F370-F371-F372-F373-F374-F375-F376-F377-F378-F379-F380-F381-F382-F383-F384-F385-F386-F387-F388-F389-F390-F391-F392-F393-F394-F395-F396-F397-F398-F399-F400-F401-F402-F403-F404-F405-F406-F407-F408-F409-F410-F411-F412-F413-F414-F415-F416-F417-F418-F419-F420-F421-F422-F423-F424-F425-F426-F427-F428-F429-F430-F431-F432-F433-F434-F435-F436-F437-F438-F439-F440-F441-F442-F443-F444-F445-F446-F447-F448-F449-F450-F451-F452-F453-F454-F455-F456-F457-F458-F459-F460-F461-F462-F463-F464-F465-F466-F467-F468-F469-F470-F471-F472-F473-F474-F475-F476-F477-F478-F479-F480-F481-F482-F483-F484-F485-F486-F487-F488-F489-F490-F491-F492-F493-F494-F495-F496-E499507

## Summary

Number of input bits: 512  
Number of free input bits: 15  
Number of output bits: 160

Number of direct occurrences: 61581  
Number of assignments: 32220  
Number of operations: 11414871
(xor: 11386231,
and: 14901,
or: 13739)

Total complexity: 9.470900253851134 × 10^302

Least occurring input variable: iv_502 (3910)  
Most occurring input variable: iv_499 (4462)

Most co-occurring input variables: iv_499-iv_512 (2210)  
Least co-occurring input variables: iv_498-iv_502 (1776)

Potentially most occurring input variable: iv_497/iv_499 (4623)  
Potentially least occurring input variable: iv_504/iv_506 (4170)

Least output occurring input variable: iv_499 (67)  
Most output occurring input variable: iv_497 (93)

Most output co-occurring input variables: iv_497-iv_502 (52)  
Least output co-occurring input variables: iv_499-iv_500 (29)

Potentially most output occurring input variable: iv_504/iv_510 (93)  
Potentially least output occurring input variable: iv_503/iv_504 (70)

Least complex input bit: iv_497 (6.6768044640590995 × 10^299)  
Most complex input bit: iv_510 (2.323925999267131 × 10^302)

Least complex output bit: aaa_76_29 (1.5232675048027226 × 10^278)  
Most complex output bit: ov_001 (1.4735214774952977 × 10^302)

Least complex input/output complexity: iv_497/aaa_76_29 (1.0738746057311025 × 10^275)  
Most complex input/output complexity: iv_510/ov_001 (3.6156593145803597 × 10^301)

## Input Bits

### Input Bits in Regular Order

| Input Bit | Complexity | Occurrences | Output Occurrences |
|:---------:|:----------:|:-----------:|:------------------:|
| iv_497 | 6.6768044640590995 × 10^299 | 4157 | 93 |
| iv_498 | 1.3468546456076726 × 10^300 | 3967 | 88 |
| iv_499 | 9.228974783028009 × 10^301 | 4462 | 67 |
| iv_500 | 4.0616375687032555 × 10^300 | 4148 | 76 |
| iv_501 | 6.92575557842334 × 10^300 | 4117 | 83 |
| iv_502 | 1.1257035462642039 × 10^301 | 3910 | 82 |
| iv_503 | 1.776139766222996 × 10^301 | 4058 | 74 |
| iv_504 | 2.73625371351898 × 10^301 | 3958 | 78 |
| iv_505 | 4.1349590923561994 × 10^301 | 3952 | 79 |
| iv_506 | 6.143312979570015 × 10^301 | 3982 | 82 |
| iv_508 | 1.273817569399314 × 10^302 | 4031 | 70 |
| iv_509 | 1.7465933009858645 × 10^302 | 4031 | 78 |
| iv_510 | 2.323925999267131 × 10^302 | 4159 | 79 |
| iv_511 | 6.882236951452442 × 10^301 | 4246 | 80 |
| iv_512 | 7.93786018566152 × 10^301 | 4403 | 80 |

### Input Bits Sorted by Complexity

| Input Bit | Complexity | Occurrences | Output Occurrences |
|:---------:|:----------:|:-----------:|:------------------:|
| iv_497 | 6.6768044640590995 × 10^299 | 4157 | 93 |
| iv_498 | 1.3468546456076726 × 10^300 | 3967 | 88 |
| iv_500 | 4.0616375687032555 × 10^300 | 4148 | 76 |
| iv_501 | 6.92575557842334 × 10^300 | 4117 | 83 |
| iv_502 | 1.1257035462642039 × 10^301 | 3910 | 82 |
| iv_503 | 1.776139766222996 × 10^301 | 4058 | 74 |
| iv_504 | 2.73625371351898 × 10^301 | 3958 | 78 |
| iv_505 | 4.1349590923561994 × 10^301 | 3952 | 79 |
| iv_506 | 6.143312979570015 × 10^301 | 3982 | 82 |
| iv_511 | 6.882236951452442 × 10^301 | 4246 | 80 |
| iv_512 | 7.93786018566152 × 10^301 | 4403 | 80 |
| iv_499 | 9.228974783028009 × 10^301 | 4462 | 67 |
| iv_508 | 1.273817569399314 × 10^302 | 4031 | 70 |
| iv_509 | 1.7465933009858645 × 10^302 | 4031 | 78 |
| iv_510 | 2.323925999267131 × 10^302 | 4159 | 79 |

### Input Bits Sorted by Occurrences

| Input Bit | Complexity | Occurrences | Output Occurrences |
|:---------:|:----------:|:-----------:|:------------------:|
| iv_502 | 1.1257035462642039 × 10^301 | 3910 | 82 |
| iv_505 | 4.1349590923561994 × 10^301 | 3952 | 79 |
| iv_504 | 2.73625371351898 × 10^301 | 3958 | 78 |
| iv_498 | 1.3468546456076726 × 10^300 | 3967 | 88 |
| iv_506 | 6.143312979570015 × 10^301 | 3982 | 82 |
| iv_509 | 1.7465933009858645 × 10^302 | 4031 | 78 |
| iv_508 | 1.273817569399314 × 10^302 | 4031 | 70 |
| iv_503 | 1.776139766222996 × 10^301 | 4058 | 74 |
| iv_501 | 6.92575557842334 × 10^300 | 4117 | 83 |
| iv_500 | 4.0616375687032555 × 10^300 | 4148 | 76 |
| iv_497 | 6.6768044640590995 × 10^299 | 4157 | 93 |
| iv_510 | 2.323925999267131 × 10^302 | 4159 | 79 |
| iv_511 | 6.882236951452442 × 10^301 | 4246 | 80 |
| iv_512 | 7.93786018566152 × 10^301 | 4403 | 80 |
| iv_499 | 9.228974783028009 × 10^301 | 4462 | 67 |

### Input Bits Sorted by Output Occurrences

| Input Bit | Complexity | Occurrences | Output Occurrences |
|:---------:|:----------:|:-----------:|:------------------:|
| iv_499 | 9.228974783028009 × 10^301 | 4462 | 67 |
| iv_508 | 1.273817569399314 × 10^302 | 4031 | 70 |
| iv_503 | 1.776139766222996 × 10^301 | 4058 | 74 |
| iv_500 | 4.0616375687032555 × 10^300 | 4148 | 76 |
| iv_504 | 2.73625371351898 × 10^301 | 3958 | 78 |
| iv_509 | 1.7465933009858645 × 10^302 | 4031 | 78 |
| iv_505 | 4.1349590923561994 × 10^301 | 3952 | 79 |
| iv_510 | 2.323925999267131 × 10^302 | 4159 | 79 |
| iv_511 | 6.882236951452442 × 10^301 | 4246 | 80 |
| iv_512 | 7.93786018566152 × 10^301 | 4403 | 80 |
| iv_502 | 1.1257035462642039 × 10^301 | 3910 | 82 |
| iv_506 | 6.143312979570015 × 10^301 | 3982 | 82 |
| iv_501 | 6.92575557842334 × 10^300 | 4117 | 83 |
| iv_498 | 1.3468546456076726 × 10^300 | 3967 | 88 |
| iv_497 | 6.6768044640590995 × 10^299 | 4157 | 93 |

## Input Bit Co-occurrences

### Input Bit Co-occurrences Sorted by Co-occurrences

| Input Bits | Co-occurrences | Potential Occurrences | Output Co-occurrences | Potential Output Occurrences |
|:----------:|:--------------:|:---------------------:|:---------------------:|:----------------------------:|
| iv_499-iv_512 | 2210 | 4445 | 34 | 79 |
| iv_511-iv_512 | 2170 | 4309 | 43 | 74 |
| iv_499-iv_511 | 2155 | 4398 | 34 | 79 |
| iv_499-iv_503 | 2113 | 4294 | 33 | 75 |
| iv_499-iv_510 | 2106 | 4409 | 36 | 74 |
| iv_510-iv_512 | 2101 | 4360 | 42 | 75 |
| iv_497-iv_512 | 2092 | 4376 | 44 | 85 |
| iv_500-iv_511 | 2091 | 4212 | 38 | 80 |
| iv_499-iv_501 | 2086 | 4407 | 34 | 82 |
| iv_500-iv_512 | 2077 | 4397 | 39 | 78 |
| iv_501-iv_512 | 2075 | 4370 | 43 | 77 |
| iv_499-iv_500 | 2072 | 4466 | 29 | 85 |
| iv_499-iv_509 | 2060 | 4373 | 33 | 79 |
| iv_503-iv_512 | 2056 | 4349 | 34 | 86 |
| iv_501-iv_511 | 2048 | 4267 | 39 | 85 |

### Input Bit Co-occurrences Sorted by Potential Occurrences

| Input Bits | Co-occurrences | Potential Occurrences | Output Co-occurrences | Potential Output Occurrences |
|:----------:|:--------------:|:---------------------:|:---------------------:|:----------------------------:|
| iv_504-iv_506 | 1885 | 4170 | 42 | 76 |
| iv_506-iv_509 | 1920 | 4173 | 43 | 74 |
| iv_501-iv_505 | 1945 | 4179 | 45 | 72 |
| iv_500-iv_503 | 2013 | 4180 | 38 | 74 |
| iv_502-iv_505 | 1839 | 4184 | 36 | 89 |
| iv_506-iv_508 | 1913 | 4187 | 37 | 78 |
| iv_504-iv_505 | 1861 | 4188 | 41 | 75 |
| iv_508-iv_509 | 1936 | 4190 | 35 | 78 |
| iv_503-iv_506 | 1923 | 4194 | 38 | 80 |
| iv_497-iv_503 | 2006 | 4203 | 38 | 91 |
| iv_498-iv_508 | 1897 | 4204 | 37 | 84 |
| iv_500-iv_511 | 2091 | 4212 | 38 | 80 |
| iv_498-iv_504 | 1855 | 4215 | 46 | 74 |
| iv_497-iv_506 | 1960 | 4219 | 51 | 73 |
| iv_498-iv_510 | 1953 | 4220 | 48 | 71 |

### Input Bit Output Co-occurrences Sorted by Output Co-occurrences

| Input Bits | Co-occurrences | Potential Occurrences | Output Co-occurrences | Potential Output Occurrences |
|:----------:|:--------------:|:---------------------:|:---------------------:|:----------------------------:|
| iv_497-iv_502 | 1910 | 4247 | 52 | 71 |
| iv_497-iv_506 | 1960 | 4219 | 51 | 73 |
| iv_497-iv_504 | 1936 | 4243 | 50 | 71 |
| iv_497-iv_498 | 1903 | 4318 | 50 | 81 |
| iv_498-iv_501 | 1887 | 4310 | 48 | 75 |
| iv_498-iv_510 | 1953 | 4220 | 48 | 71 |
| iv_497-iv_501 | 2018 | 4238 | 48 | 80 |
| iv_497-iv_510 | 1949 | 4418 | 48 | 76 |
| iv_497-iv_509 | 1941 | 4306 | 48 | 75 |
| iv_498-iv_512 | 2007 | 4356 | 47 | 74 |
| iv_497-iv_505 | 1916 | 4277 | 47 | 78 |
| iv_497-iv_511 | 2018 | 4367 | 47 | 79 |
| iv_498-iv_502 | 1776 | 4325 | 46 | 78 |
| iv_498-iv_504 | 1855 | 4215 | 46 | 74 |
| iv_501-iv_505 | 1945 | 4179 | 45 | 72 |

### Input Bit Output Co-occurrences Sorted by Potential Output Occurrences

| Input Bits | Co-occurrences | Potential Occurrences | Output Co-occurrences | Potential Output Occurrences |
|:----------:|:--------------:|:---------------------:|:---------------------:|:----------------------------:|
| iv_503-iv_504 | 1872 | 4272 | 41 | 70 |
| iv_498-iv_510 | 1953 | 4220 | 48 | 71 |
| iv_500-iv_505 | 1940 | 4220 | 42 | 71 |
| iv_497-iv_504 | 1936 | 4243 | 50 | 71 |
| iv_497-iv_502 | 1910 | 4247 | 52 | 71 |
| iv_501-iv_505 | 1945 | 4179 | 45 | 72 |
| iv_502-iv_511 | 1931 | 4294 | 45 | 72 |
| iv_499-iv_505 | 2047 | 4320 | 37 | 72 |
| iv_501-iv_503 | 1962 | 4251 | 42 | 73 |
| iv_503-iv_505 | 1890 | 4230 | 40 | 73 |
| iv_506-iv_510 | 1958 | 4225 | 44 | 73 |
| iv_497-iv_506 | 1960 | 4219 | 51 | 73 |
| iv_504-iv_508 | 1881 | 4227 | 37 | 74 |
| iv_498-iv_504 | 1855 | 4215 | 46 | 74 |
| iv_498-iv_512 | 2007 | 4356 | 47 | 74 |

## Output Bits

### Output Bits in Regular Order

| Rank | Output Bit | Complexity |
|:----:|:----------:|:----------:|
| 1 | ov_001 | 1.4735214774952977 × 10^302 |
| 2 | ov_002 | 1.2829839431561472 × 10^302 |
| 3 | ov_003 | 1.1118722427191113 × 10^302 |
| 4 | ov_004 | 9.587296668302101 × 10^301 |
| 5 | ov_005 | 8.221795791885836 × 10^301 |
| 6 | ov_006 | 7.009197783677881 × 10^301 |
| 7 | ov_007 | 5.937175857586134 × 10^301 |
| 8 | ov_008 | 4.994055933197632 × 10^301 |
| 9 | ov_009 | 4.168780083825354 × 10^301 |
| 10 | ov_010 | 3.4508753618523993 × 10^301 |
| 11 | ov_011 | 2.830427441354181 × 10^301 |
| 12 | ov_012 | 2.298058550329777 × 10^301 |
| 13 | ov_013 | 1.844909196524559 × 10^301 |
| 14 | ov_014 | 1.4626232219259775 × 10^301 |
| 15 | ov_015 | 1.143335751688364 × 10^301 |
| 16 | ov_016 | 8.796636335952249 × 10^300 |
| 17 | ov_017 | 6.646979942842452 × 10^300 |
| 18 | ov_018 | 4.919985684093681 × 10^300 |
| 19 | ov_019 | 3.55589486748953 × 10^300 |
| 20 | ov_020 | 2.4995623902886658 × 10^300 |
| 21 | ov_021 | 1.7004355694269263 × 10^300 |
| 22 | ov_022 | 1.1125399253699707 × 10^300 |
| 23 | ov_023 | 6.944699679965146 × 10^299 |
| 24 | ov_024 | 4.093833958740234 × 10^299 |
| 25 | ov_025 | 2.249975974258662 × 10^299 |
| 26 | ov_026 | 1.1358773346113676 × 10^299 |
| 27 | ov_027 | 5.198583451206558 × 10^298 |
| 28 | ov_028 | 2.1580444704862504 × 10^298 |
| 29 | ov_029 | 8.316507054848217 × 10^297 |
| 30 | ov_030 | 2.5426613876713404 × 10^297 |
| 31 | ov_031 | 4.959822589774399 × 10^296 |
| 32 | lv_80_m31 | 9.672874937984826 × 10^295 |
| 33 | ov_033 | 1.169677779958355 × 10^297 |
| 34 | ov_034 | 1.0170043468105755 × 10^297 |
| 35 | ov_035 | 8.800272397827019 × 10^296 |
| 36 | ov_036 | 7.575639339529469 × 10^296 |
| 37 | ov_037 | 6.484966725213129 × 10^296 |
| 38 | ov_038 | 5.517679231347339 × 10^296 |
| 39 | ov_039 | 4.6637642468283205 × 10^296 |
| 40 | ov_040 | 3.913737689466853 × 10^296 |
| 41 | ov_041 | 3.258614648738624 × 10^296 |
| 42 | ov_042 | 2.689884364680723 × 10^296 |
| 43 | ov_043 | 2.199489083420792 × 10^296 |
| 44 | ov_044 | 1.7798063590767734 × 10^296 |
| 45 | ov_045 | 1.4236343998473512 × 10^296 |
| 46 | ov_046 | 1.12418008319494 × 10^296 |
| 47 | ov_047 | 8.750492912595826 × 10^295 |
| 48 | ov_048 | 6.702392431752745 × 10^295 |
| 49 | ov_049 | 5.041325259183302 × 10^295 |
| 50 | ov_050 | 3.714925498153695 × 10^295 |
| 51 | ov_051 | 2.67460178977912 × 10^295 |
| 52 | ov_052 | 1.8755131079950964 × 10^295 |
| 53 | ov_053 | 1.2765520232462473 × 10^295 |
| 54 | ov_054 | 8.403336483741869 × 10^294 |
| 55 | ov_055 | 5.3318871471423954 × 10^294 |
| 56 | ov_056 | 3.251594604310426 × 10^294 |
| 57 | ov_057 | 1.8999728543670335 × 10^294 |
| 58 | ov_058 | 1.0516146195076442 × 10^294 |
| 59 | ov_059 | 5.181847970818002 × 10^293 |
| 60 | ov_060 | 2.1478336072755144 × 10^293 |
| 61 | ov_061 | 7.504456892594209 × 10^292 |
| 62 | ov_062 | 2.059225427013847 × 10^292 |
| 63 | ov_063 | 4.014957541477037 × 10^291 |
| 64 | lv_79_m31 | 7.826606834111041 × 10^290 |
| 65 | ov_065 | 9.458868510983282 × 10^291 |
| 66 | ov_066 | 9.458840965447303 × 10^291 |
| 67 | ov_067 | 9.458834224460527 × 10^291 |
| 68 | ov_068 | 8.211945004473545 × 10^291 |
| 69 | ov_069 | 7.096135895739661 × 10^291 |
| 70 | ov_070 | 6.100971030732071 × 10^291 |
| 71 | ov_071 | 5.2166562254538416 × 10^291 |
| 72 | ov_072 | 4.433995541153988 × 10^291 |
| 73 | ov_073 | 3.7443516960059826 × 10^291 |
| 74 | ov_074 | 3.139610120733599 × 10^291 |
| 75 | ov_075 | 2.6121464603943526 × 10^291 |
| 76 | ov_076 | 2.1547973313574167 × 10^291 |
| 77 | ov_077 | 1.7608341481105043 × 10^291 |
| 78 | ov_078 | 1.4239398390571083 × 10^291 |
| 79 | ov_079 | 1.1381882740692479 × 10^291 |
| 80 | ov_080 | 8.980262293779269 × 10^290 |
| 81 | ov_081 | 6.982577175393186 × 10^290 |
| 82 | ov_082 | 5.340305118240802 × 10^290 |
| 83 | ov_083 | 4.00824695543865 × 10^290 |
| 84 | ov_084 | 2.944430676460971 × 10^290 |
| 85 | ov_085 | 2.1100323645753458 × 10^290 |
| 86 | ov_086 | 1.4693123381039708 × 10^290 |
| 87 | ov_087 | 9.89564820019383 × 10^289 |
| 88 | ov_088 | 6.410794616651555 × 10^289 |
| 89 | ov_089 | 3.971130471164677 × 10^289 |
| 90 | ov_090 | 2.3386970507731477 × 10^289 |
| 91 | ov_091 | 1.3048795539422928 × 10^289 |
| 92 | ov_092 | 6.90329313496994 × 10^288 |
| 93 | ov_093 | 3.4492201507357624 × 10^288 |
| 94 | ov_094 | 1.4773828983053033 × 10^288 |
| 95 | aaa_78_28 | 4.5618282018211165 × 10^287 |
| 96 | aaa_78_29 | 1.4008708660182021 × 10^287 |
| 97 | ov_097 | 9.245852703067618 × 10^286 |
| 98 | ov_098 | 9.245574757576833 × 10^286 |
| 99 | ov_099 | 9.245485868464404 × 10^286 |
| 100 | ov_100 | 8.317917739595644 × 10^286 |
| 101 | ov_101 | 7.459184951236209 × 10^286 |
| 102 | ov_102 | 6.665463387421839 × 10^286 |
| 103 | ov_103 | 5.933205825483096 × 10^286 |
| 104 | ov_104 | 5.259107147064118 × 10^286 |
| 105 | ov_105 | 4.640072649928121 × 10^286 |
| 106 | ov_106 | 4.073189295923853 × 10^286 |
| 107 | ov_107 | 3.5556997369675446 × 10^286 |
| 108 | ov_108 | 3.0849789662383374 × 10^286 |
| 109 | ov_109 | 2.6585134461361515 × 10^286 |
| 110 | ov_110 | 2.2738825680364076 × 10^286 |
| 111 | ov_111 | 1.928742301618018 × 10^286 |
| 112 | ov_112 | 1.620810893652588 × 10^286 |
| 113 | ov_113 | 1.3478564777277936 × 10^286 |
| 114 | ov_114 | 1.1076864575313751 × 10^286 |
| 115 | ov_115 | 8.981385271300866 × 10^285 |
| 116 | ov_116 | 7.170731922172693 × 10^285 |
| 117 | ov_117 | 5.623676566414595 × 10^285 |
| 118 | ov_118 | 4.319109387256573 × 10^285 |
| 119 | ov_119 | 3.236000819922399 × 10^285 |
| 120 | ov_120 | 2.3533732496084773 × 10^285 |
| 121 | ov_121 | 1.650280947119218 × 10^285 |
| 122 | ov_122 | 1.1057968892097938 × 10^285 |
| 123 | ov_123 | 6.990046729414068 × 10^284 |
| 124 | ov_124 | 4.089934646795862 × 10^284 |
| 125 | ov_125 | 2.14854866465294 × 10^284 |
| 126 | ov_126 | 9.568131501382455 × 10^283 |
| 127 | aaa_77_28 | 3.056546606123652 × 10^283 |
| 128 | aaa_77_29 | 1.1465785919589092 × 10^283 |
| 129 | ov_129 | 1.0761681396686668 × 10^283 |
| 130 | ov_130 | 1.0761651686743506 × 10^283 |
| 131 | ov_131 | 1.0761644490387426 × 10^283 |
| 132 | ov_132 | 9.361663973653382 × 10^282 |
| 133 | ov_133 | 8.105015364724977 × 10^282 |
| 134 | ov_134 | 6.980939487958785 × 10^282 |
| 135 | ov_135 | 5.979266828773374 × 10^282 |
| 136 | ov_136 | 5.090375704459987 × 10^282 |
| 137 | ov_137 | 4.305155878421643 × 10^282 |
| 138 | ov_138 | 3.614977120502531 × 10^282 |
| 139 | ov_139 | 3.0116622422628415 × 10^282 |
| 140 | ov_140 | 2.4874641613314424 × 10^282 |
| 141 | ov_141 | 2.0350465735082948 × 10^282 |
| 142 | ov_142 | 1.647467835244397 × 10^282 |
| 143 | ov_143 | 1.3181676826310136 × 10^282 |
| 144 | ov_144 | 1.0409564361926016 × 10^282 |
| 145 | ov_145 | 8.100063636908852 × 10^281 |
| 146 | ov_146 | 6.198448958845731 × 10^281 |
| 147 | ov_147 | 4.6534941280721795 × 10^281 |
| 148 | ov_148 | 3.41743340667799 × 10^281 |
| 149 | ov_149 | 2.4459332197572273 × 10^281 |
| 150 | ov_150 | 1.6980724396352286 × 10^281 |
| 151 | ov_151 | 1.1363293283760116 × 10^281 |
| 152 | ov_152 | 7.265734383590453 × 10^280 |
| 153 | ov_153 | 4.380609951487133 × 10^280 |
| 154 | ov_154 | 2.4343251128446808 × 10^280 |
| 155 | ov_155 | 1.1871163645887355 × 10^280 |
| 156 | aaa_76_25 | 4.3304620885707445 × 10^279 |
| 157 | aaa_76_26 | 2.5031497807341143 × 10^279 |
| 158 | aaa_76_27 | 1.2827477183274731 × 10^279 |
| 159 | aaa_76_28 | 5.001500524325722 × 10^278 |
| 160 | aaa_76_29 | 1.5232675048027226 × 10^278 |

### Output Bits Sorted by Complexity

| Rank | Output Bit | Complexity |
|:----:|:----------:|:----------:|
| 160 | aaa_76_29 | 1.5232675048027226 × 10^278 |
| 159 | aaa_76_28 | 5.001500524325722 × 10^278 |
| 158 | aaa_76_27 | 1.2827477183274731 × 10^279 |
| 157 | aaa_76_26 | 2.5031497807341143 × 10^279 |
| 156 | aaa_76_25 | 4.3304620885707445 × 10^279 |
| 155 | ov_155 | 1.1871163645887355 × 10^280 |
| 154 | ov_154 | 2.4343251128446808 × 10^280 |
| 153 | ov_153 | 4.380609951487133 × 10^280 |
| 152 | ov_152 | 7.265734383590453 × 10^280 |
| 151 | ov_151 | 1.1363293283760116 × 10^281 |
| 150 | ov_150 | 1.6980724396352286 × 10^281 |
| 149 | ov_149 | 2.4459332197572273 × 10^281 |
| 148 | ov_148 | 3.41743340667799 × 10^281 |
| 147 | ov_147 | 4.6534941280721795 × 10^281 |
| 146 | ov_146 | 6.198448958845731 × 10^281 |
| 145 | ov_145 | 8.100063636908852 × 10^281 |
| 144 | ov_144 | 1.0409564361926016 × 10^282 |
| 143 | ov_143 | 1.3181676826310136 × 10^282 |
| 142 | ov_142 | 1.647467835244397 × 10^282 |
| 141 | ov_141 | 2.0350465735082948 × 10^282 |
| 140 | ov_140 | 2.4874641613314424 × 10^282 |
| 139 | ov_139 | 3.0116622422628415 × 10^282 |
| 138 | ov_138 | 3.614977120502531 × 10^282 |
| 137 | ov_137 | 4.305155878421643 × 10^282 |
| 136 | ov_136 | 5.090375704459987 × 10^282 |
| 135 | ov_135 | 5.979266828773374 × 10^282 |
| 134 | ov_134 | 6.980939487958785 × 10^282 |
| 133 | ov_133 | 8.105015364724977 × 10^282 |
| 132 | ov_132 | 9.361663973653382 × 10^282 |
| 131 | ov_131 | 1.0761644490387426 × 10^283 |
| 130 | ov_130 | 1.0761651686743506 × 10^283 |
| 129 | ov_129 | 1.0761681396686668 × 10^283 |
| 128 | aaa_77_29 | 1.1465785919589092 × 10^283 |
| 127 | aaa_77_28 | 3.056546606123652 × 10^283 |
| 126 | ov_126 | 9.568131501382455 × 10^283 |
| 125 | ov_125 | 2.14854866465294 × 10^284 |
| 124 | ov_124 | 4.089934646795862 × 10^284 |
| 123 | ov_123 | 6.990046729414068 × 10^284 |
| 122 | ov_122 | 1.1057968892097938 × 10^285 |
| 121 | ov_121 | 1.650280947119218 × 10^285 |
| 120 | ov_120 | 2.3533732496084773 × 10^285 |
| 119 | ov_119 | 3.236000819922399 × 10^285 |
| 118 | ov_118 | 4.319109387256573 × 10^285 |
| 117 | ov_117 | 5.623676566414595 × 10^285 |
| 116 | ov_116 | 7.170731922172693 × 10^285 |
| 115 | ov_115 | 8.981385271300866 × 10^285 |
| 114 | ov_114 | 1.1076864575313751 × 10^286 |
| 113 | ov_113 | 1.3478564777277936 × 10^286 |
| 112 | ov_112 | 1.620810893652588 × 10^286 |
| 111 | ov_111 | 1.928742301618018 × 10^286 |
| 110 | ov_110 | 2.2738825680364076 × 10^286 |
| 109 | ov_109 | 2.6585134461361515 × 10^286 |
| 108 | ov_108 | 3.0849789662383374 × 10^286 |
| 107 | ov_107 | 3.5556997369675446 × 10^286 |
| 106 | ov_106 | 4.073189295923853 × 10^286 |
| 105 | ov_105 | 4.640072649928121 × 10^286 |
| 104 | ov_104 | 5.259107147064118 × 10^286 |
| 103 | ov_103 | 5.933205825483096 × 10^286 |
| 102 | ov_102 | 6.665463387421839 × 10^286 |
| 101 | ov_101 | 7.459184951236209 × 10^286 |
| 100 | ov_100 | 8.317917739595644 × 10^286 |
| 99 | ov_099 | 9.245485868464404 × 10^286 |
| 98 | ov_098 | 9.245574757576833 × 10^286 |
| 97 | ov_097 | 9.245852703067618 × 10^286 |
| 96 | aaa_78_29 | 1.4008708660182021 × 10^287 |
| 95 | aaa_78_28 | 4.5618282018211165 × 10^287 |
| 94 | ov_094 | 1.4773828983053033 × 10^288 |
| 93 | ov_093 | 3.4492201507357624 × 10^288 |
| 92 | ov_092 | 6.90329313496994 × 10^288 |
| 91 | ov_091 | 1.3048795539422928 × 10^289 |
| 90 | ov_090 | 2.3386970507731477 × 10^289 |
| 89 | ov_089 | 3.971130471164677 × 10^289 |
| 88 | ov_088 | 6.410794616651555 × 10^289 |
| 87 | ov_087 | 9.89564820019383 × 10^289 |
| 86 | ov_086 | 1.4693123381039708 × 10^290 |
| 85 | ov_085 | 2.1100323645753458 × 10^290 |
| 84 | ov_084 | 2.944430676460971 × 10^290 |
| 83 | ov_083 | 4.00824695543865 × 10^290 |
| 82 | ov_082 | 5.340305118240802 × 10^290 |
| 81 | ov_081 | 6.982577175393186 × 10^290 |
| 64 | lv_79_m31 | 7.826606834111041 × 10^290 |
| 80 | ov_080 | 8.980262293779269 × 10^290 |
| 79 | ov_079 | 1.1381882740692479 × 10^291 |
| 78 | ov_078 | 1.4239398390571083 × 10^291 |
| 77 | ov_077 | 1.7608341481105043 × 10^291 |
| 76 | ov_076 | 2.1547973313574167 × 10^291 |
| 75 | ov_075 | 2.6121464603943526 × 10^291 |
| 74 | ov_074 | 3.139610120733599 × 10^291 |
| 73 | ov_073 | 3.7443516960059826 × 10^291 |
| 63 | ov_063 | 4.014957541477037 × 10^291 |
| 72 | ov_072 | 4.433995541153988 × 10^291 |
| 71 | ov_071 | 5.2166562254538416 × 10^291 |
| 70 | ov_070 | 6.100971030732071 × 10^291 |
| 69 | ov_069 | 7.096135895739661 × 10^291 |
| 68 | ov_068 | 8.211945004473545 × 10^291 |
| 67 | ov_067 | 9.458834224460527 × 10^291 |
| 66 | ov_066 | 9.458840965447303 × 10^291 |
| 65 | ov_065 | 9.458868510983282 × 10^291 |
| 62 | ov_062 | 2.059225427013847 × 10^292 |
| 61 | ov_061 | 7.504456892594209 × 10^292 |
| 60 | ov_060 | 2.1478336072755144 × 10^293 |
| 59 | ov_059 | 5.181847970818002 × 10^293 |
| 58 | ov_058 | 1.0516146195076442 × 10^294 |
| 57 | ov_057 | 1.8999728543670335 × 10^294 |
| 56 | ov_056 | 3.251594604310426 × 10^294 |
| 55 | ov_055 | 5.3318871471423954 × 10^294 |
| 54 | ov_054 | 8.403336483741869 × 10^294 |
| 53 | ov_053 | 1.2765520232462473 × 10^295 |
| 52 | ov_052 | 1.8755131079950964 × 10^295 |
| 51 | ov_051 | 2.67460178977912 × 10^295 |
| 50 | ov_050 | 3.714925498153695 × 10^295 |
| 49 | ov_049 | 5.041325259183302 × 10^295 |
| 48 | ov_048 | 6.702392431752745 × 10^295 |
| 47 | ov_047 | 8.750492912595826 × 10^295 |
| 32 | lv_80_m31 | 9.672874937984826 × 10^295 |
| 46 | ov_046 | 1.12418008319494 × 10^296 |
| 45 | ov_045 | 1.4236343998473512 × 10^296 |
| 44 | ov_044 | 1.7798063590767734 × 10^296 |
| 43 | ov_043 | 2.199489083420792 × 10^296 |
| 42 | ov_042 | 2.689884364680723 × 10^296 |
| 41 | ov_041 | 3.258614648738624 × 10^296 |
| 40 | ov_040 | 3.913737689466853 × 10^296 |
| 39 | ov_039 | 4.6637642468283205 × 10^296 |
| 31 | ov_031 | 4.959822589774399 × 10^296 |
| 38 | ov_038 | 5.517679231347339 × 10^296 |
| 37 | ov_037 | 6.484966725213129 × 10^296 |
| 36 | ov_036 | 7.575639339529469 × 10^296 |
| 35 | ov_035 | 8.800272397827019 × 10^296 |
| 34 | ov_034 | 1.0170043468105755 × 10^297 |
| 33 | ov_033 | 1.169677779958355 × 10^297 |
| 30 | ov_030 | 2.5426613876713404 × 10^297 |
| 29 | ov_029 | 8.316507054848217 × 10^297 |
| 28 | ov_028 | 2.1580444704862504 × 10^298 |
| 27 | ov_027 | 5.198583451206558 × 10^298 |
| 26 | ov_026 | 1.1358773346113676 × 10^299 |
| 25 | ov_025 | 2.249975974258662 × 10^299 |
| 24 | ov_024 | 4.093833958740234 × 10^299 |
| 23 | ov_023 | 6.944699679965146 × 10^299 |
| 22 | ov_022 | 1.1125399253699707 × 10^300 |
| 21 | ov_021 | 1.7004355694269263 × 10^300 |
| 20 | ov_020 | 2.4995623902886658 × 10^300 |
| 19 | ov_019 | 3.55589486748953 × 10^300 |
| 18 | ov_018 | 4.919985684093681 × 10^300 |
| 17 | ov_017 | 6.646979942842452 × 10^300 |
| 16 | ov_016 | 8.796636335952249 × 10^300 |
| 15 | ov_015 | 1.143335751688364 × 10^301 |
| 14 | ov_014 | 1.4626232219259775 × 10^301 |
| 13 | ov_013 | 1.844909196524559 × 10^301 |
| 12 | ov_012 | 2.298058550329777 × 10^301 |
| 11 | ov_011 | 2.830427441354181 × 10^301 |
| 10 | ov_010 | 3.4508753618523993 × 10^301 |
| 9 | ov_009 | 4.168780083825354 × 10^301 |
| 8 | ov_008 | 4.994055933197632 × 10^301 |
| 7 | ov_007 | 5.937175857586134 × 10^301 |
| 6 | ov_006 | 7.009197783677881 × 10^301 |
| 5 | ov_005 | 8.221795791885836 × 10^301 |
| 4 | ov_004 | 9.587296668302101 × 10^301 |
| 3 | ov_003 | 1.1118722427191113 × 10^302 |
| 2 | ov_002 | 1.2829839431561472 × 10^302 |
| 1 | ov_001 | 1.4735214774952977 × 10^302 |

