# Results for F001-F002-F003-F004-F005-F006-F007-F008-F009-F010-F011-F012-F013-F014-F015-F016-F017-F018-F019-F020-F021-F022-F023-F024-F025-F026-F027-F028-F029-F030-F031-F032-F033-F034-F035-F036-F037-F038-F039-F040-F041-F042-F043-F044-F045-F046-F047-F048-F049-F050-F051-F052-F053-F054-F055-F056-F057-F058-F059-F060-F061-F062-F063-F064-F065-F066-F067-F068-F069-F070-F071-F072-F073-F074-F075-F076-F077-F078-F079-F080-F081-F082-F083-F084-F085-F086-F087-F088-F089-F090-F091-F092-F093-F094-F095-F096-F097-F098-F099-F100-F101-F102-F103-F104-F105-F106-F107-F108-F109-F110-F111-F112-F113-F114-F115-F116-F117-F118-F119-F120-F121-F122-F123-F124-F125-F126-F127-F128-F129-F130-F131-F132-F133-F134-F135-F136-F137-F138-F139-F140-F141-F142-F143-F144-F145-F146-F147-F148-F149-F150-F151-F152-F153-F154-F155-F156-F157-F158-F159-F160-F161-F162-F163-F164-F165-F166-F167-F168-F169-F170-F171-F172-F173-F174-F175-F176-F177-F178-F179-F180-F181-F182-F183-F184-F185-F186-F187-F188-F189-F190-F191-F192-F193-F194-F195-F196-F197-F198-F199-F200-F201-F202-F203-F204-F205-F206-F207-F208-F209-F210-F211-F212-F213-F214-F215-F216-F217-F218-F219-F220-F221-F222-F223-F224-F225-F226-F227-F228-F229-F230-F231-F232-F233-F234-F235-F236-F237-F238-F239-F240-F241-F242-F243-F244-F245-F246-F247-F248-F249-F250-F251-F252-F253-F254-F255-F256-F257-F258-F259-F260-F261-F262-F263-F264-F265-F266-F267-F268-F269-F270-F271-F272-F273-F274-F275-F276-F277-F278-F279-F280-F281-F282-F283-F284-F285-F286-F287-F288-F289-F290-F291-F292-F293-F294-F295-F296-F297-F298-F299-F300-F301-F302-F303-F304-F305-F306-F307-F308-F309-F310-F311-F312-F313-F314-F315-F316-F317-F318-F319-F320-F321-F322-F323-F324-F325-F326-F327-F328-F329-F330-F331-F332-F333-F334-F335-F336-F337-F338-F339-F340-F341-F342-F343-F344-F345-F346-F347-F348-F349-F350-F351-F352-F353-F354-F355-F356-F357-F358-F359-F360-F361-F362-F363-F364-F365-F366-F367-F368-F369-F370-F371-F372-F373-F374-F375-F376-F377-F378-F379-F380-F381-F382-F383-F384-F385-F386-F387-F388-F389-F390-F391-F392-F393-F394-F395-F396-F397-F398-F399-F400-F401-F402-F403-F404-F405-F406-F407-F408-F409-F410-F411-F412-F413-F414-F415-F416-F417-F418-F419-F420-F421-F422-F423-F424-F425-F426-F427-F428-F429-F430-F431-F432-F433-F434-F435-F436-F437-F438-F439-F440-F441-F442-F443-F444-F445-F446-F447-F448-F449-F450-F451-F452-F453-F454-F455-F456-F457-F458-F459-F460-F461-F462-F463-F464-F465-F466-F467-F468-F469-F470-F471-F472-F473-F474-F475-F476-F477-F478-F479-F480-F481-F482-F483-F484-F485-F486-F487-F488-F489-F490-F491-F492-F493-F494-F495-F496-O511512

## Summary

Number of input bits: 512  
Number of free input bits: 15  
Number of output bits: 160

Number of direct occurrences: 62549  
Number of assignments: 32496  
Number of operations: 12022873
(xor: 11993235,
and: 15876,
or: 13762)

Total complexity: 7.860515172655625 × 10^307

Least occurring input variable: iv_506 (3991)  
Most occurring input variable: iv_511 (4425)

Most co-occurring input variables: iv_503-iv_507 (2182)  
Least co-occurring input variables: iv_498-iv_502 (1842)

Potentially most occurring input variable: iv_497/iv_511 (4751)  
Potentially least occurring input variable: iv_502/iv_506 (4174)

Least output occurring input variable: iv_499 (74)  
Most output occurring input variable: iv_507 (90)

Most output co-occurring input variables: iv_507-iv_510 (55)  
Least output co-occurring input variables: iv_499-iv_506 (29)

Potentially most output occurring input variable: iv_499/iv_506 (98)  
Potentially least output occurring input variable: iv_504/iv_511 (63)

Least complex input bit: iv_511 (3.630598922460244 × 10^304)  
Most complex input bit: iv_510 (1.9247165505259225 × 10^307)

Least complex output bit: aaa_76_29 (1.589043312669935 × 10^282)  
Most complex output bit: ov_001 (1.2308890278418729 × 10^307)

Least complex input/output complexity: iv_511/aaa_76_29 (7.33944126053132 × 10^278)  
Most complex input/output complexity: iv_510/ov_001 (3.0139404755421717 × 10^306)

## Input Bits

### Input Bits in Regular Order

| Input Bit | Complexity | Occurrences | Output Occurrences |
|:---------:|:----------:|:-----------:|:------------------:|
| iv_497 | 6.991745398723001 × 10^304 | 4152 | 83 |
| iv_498 | 1.4103849859327473 × 10^305 | 4114 | 84 |
| iv_499 | 2.511105828387351 × 10^305 | 4251 | 74 |
| iv_500 | 4.25322261983511 × 10^305 | 4174 | 83 |
| iv_501 | 7.252439389077891 × 10^305 | 4153 | 80 |
| iv_502 | 1.1788023194513904 × 10^306 | 3993 | 82 |
| iv_503 | 1.8599192328889406 × 10^306 | 4208 | 82 |
| iv_504 | 2.865316637240565 × 10^306 | 3996 | 82 |
| iv_505 | 4.329993572879473 × 10^306 | 4048 | 80 |
| iv_506 | 6.433075778368005 × 10^306 | 3991 | 82 |
| iv_507 | 9.413171297766053 × 10^306 | 4383 | 90 |
| iv_508 | 1.3339005181385985 × 10^307 | 4133 | 78 |
| iv_509 | 1.8289763475781467 × 10^307 | 4194 | 89 |
| iv_510 | 1.9247165505259225 × 10^307 | 4334 | 89 |
| iv_511 | 3.630598922460244 × 10^304 | 4425 | 75 |

### Input Bits Sorted by Complexity

| Input Bit | Complexity | Occurrences | Output Occurrences |
|:---------:|:----------:|:-----------:|:------------------:|
| iv_511 | 3.630598922460244 × 10^304 | 4425 | 75 |
| iv_497 | 6.991745398723001 × 10^304 | 4152 | 83 |
| iv_498 | 1.4103849859327473 × 10^305 | 4114 | 84 |
| iv_499 | 2.511105828387351 × 10^305 | 4251 | 74 |
| iv_500 | 4.25322261983511 × 10^305 | 4174 | 83 |
| iv_501 | 7.252439389077891 × 10^305 | 4153 | 80 |
| iv_502 | 1.1788023194513904 × 10^306 | 3993 | 82 |
| iv_503 | 1.8599192328889406 × 10^306 | 4208 | 82 |
| iv_504 | 2.865316637240565 × 10^306 | 3996 | 82 |
| iv_505 | 4.329993572879473 × 10^306 | 4048 | 80 |
| iv_506 | 6.433075778368005 × 10^306 | 3991 | 82 |
| iv_507 | 9.413171297766053 × 10^306 | 4383 | 90 |
| iv_508 | 1.3339005181385985 × 10^307 | 4133 | 78 |
| iv_509 | 1.8289763475781467 × 10^307 | 4194 | 89 |
| iv_510 | 1.9247165505259225 × 10^307 | 4334 | 89 |

### Input Bits Sorted by Occurrences

| Input Bit | Complexity | Occurrences | Output Occurrences |
|:---------:|:----------:|:-----------:|:------------------:|
| iv_506 | 6.433075778368005 × 10^306 | 3991 | 82 |
| iv_502 | 1.1788023194513904 × 10^306 | 3993 | 82 |
| iv_504 | 2.865316637240565 × 10^306 | 3996 | 82 |
| iv_505 | 4.329993572879473 × 10^306 | 4048 | 80 |
| iv_498 | 1.4103849859327473 × 10^305 | 4114 | 84 |
| iv_508 | 1.3339005181385985 × 10^307 | 4133 | 78 |
| iv_497 | 6.991745398723001 × 10^304 | 4152 | 83 |
| iv_501 | 7.252439389077891 × 10^305 | 4153 | 80 |
| iv_500 | 4.25322261983511 × 10^305 | 4174 | 83 |
| iv_509 | 1.8289763475781467 × 10^307 | 4194 | 89 |
| iv_503 | 1.8599192328889406 × 10^306 | 4208 | 82 |
| iv_499 | 2.511105828387351 × 10^305 | 4251 | 74 |
| iv_510 | 1.9247165505259225 × 10^307 | 4334 | 89 |
| iv_507 | 9.413171297766053 × 10^306 | 4383 | 90 |
| iv_511 | 3.630598922460244 × 10^304 | 4425 | 75 |

### Input Bits Sorted by Output Occurrences

| Input Bit | Complexity | Occurrences | Output Occurrences |
|:---------:|:----------:|:-----------:|:------------------:|
| iv_499 | 2.511105828387351 × 10^305 | 4251 | 74 |
| iv_511 | 3.630598922460244 × 10^304 | 4425 | 75 |
| iv_508 | 1.3339005181385985 × 10^307 | 4133 | 78 |
| iv_505 | 4.329993572879473 × 10^306 | 4048 | 80 |
| iv_501 | 7.252439389077891 × 10^305 | 4153 | 80 |
| iv_502 | 1.1788023194513904 × 10^306 | 3993 | 82 |
| iv_503 | 1.8599192328889406 × 10^306 | 4208 | 82 |
| iv_506 | 6.433075778368005 × 10^306 | 3991 | 82 |
| iv_504 | 2.865316637240565 × 10^306 | 3996 | 82 |
| iv_500 | 4.25322261983511 × 10^305 | 4174 | 83 |
| iv_497 | 6.991745398723001 × 10^304 | 4152 | 83 |
| iv_498 | 1.4103849859327473 × 10^305 | 4114 | 84 |
| iv_509 | 1.8289763475781467 × 10^307 | 4194 | 89 |
| iv_510 | 1.9247165505259225 × 10^307 | 4334 | 89 |
| iv_507 | 9.413171297766053 × 10^306 | 4383 | 90 |

## Input Bit Co-occurrences

### Input Bit Co-occurrences Sorted by Co-occurrences

| Input Bits | Co-occurrences | Potential Occurrences | Output Co-occurrences | Potential Output Occurrences |
|:----------:|:--------------:|:---------------------:|:---------------------:|:----------------------------:|
| iv_503-iv_507 | 2182 | 4227 | 47 | 78 |
| iv_507-iv_508 | 2136 | 4244 | 45 | 78 |
| iv_507-iv_510 | 2129 | 4459 | 55 | 69 |
| iv_510-iv_511 | 2107 | 4545 | 42 | 80 |
| iv_507-iv_511 | 2107 | 4594 | 40 | 85 |
| iv_507-iv_509 | 2098 | 4381 | 52 | 75 |
| iv_497-iv_507 | 2097 | 4341 | 47 | 79 |
| iv_509-iv_510 | 2087 | 4354 | 47 | 84 |
| iv_499-iv_500 | 2084 | 4257 | 39 | 79 |
| iv_500-iv_503 | 2084 | 4214 | 43 | 79 |
| iv_500-iv_507 | 2079 | 4399 | 47 | 79 |
| iv_498-iv_507 | 2073 | 4351 | 50 | 74 |
| iv_508-iv_511 | 2070 | 4418 | 39 | 75 |
| iv_508-iv_510 | 2066 | 4335 | 48 | 71 |
| iv_499-iv_507 | 2058 | 4518 | 39 | 86 |

### Input Bit Co-occurrences Sorted by Potential Occurrences

| Input Bits | Co-occurrences | Potential Occurrences | Output Co-occurrences | Potential Output Occurrences |
|:----------:|:--------------:|:---------------------:|:---------------------:|:----------------------------:|
| iv_502-iv_506 | 1905 | 4174 | 44 | 76 |
| iv_498-iv_506 | 1946 | 4213 | 48 | 70 |
| iv_499-iv_502 | 2015 | 4214 | 35 | 86 |
| iv_500-iv_503 | 2084 | 4214 | 43 | 79 |
| iv_502-iv_505 | 1911 | 4219 | 38 | 86 |
| iv_503-iv_507 | 2182 | 4227 | 47 | 78 |
| iv_507-iv_508 | 2136 | 4244 | 45 | 78 |
| iv_504-iv_506 | 1868 | 4251 | 43 | 78 |
| iv_499-iv_500 | 2084 | 4257 | 39 | 79 |
| iv_498-iv_504 | 1925 | 4260 | 44 | 78 |
| iv_498-iv_500 | 2013 | 4262 | 49 | 69 |
| iv_498-iv_503 | 2030 | 4262 | 46 | 74 |
| iv_502-iv_504 | 1863 | 4263 | 40 | 84 |
| iv_506-iv_508 | 1929 | 4266 | 41 | 78 |
| iv_504-iv_505 | 1885 | 4274 | 41 | 80 |

### Input Bit Output Co-occurrences Sorted by Output Co-occurrences

| Input Bits | Co-occurrences | Potential Occurrences | Output Co-occurrences | Potential Output Occurrences |
|:----------:|:--------------:|:---------------------:|:---------------------:|:----------------------------:|
| iv_507-iv_510 | 2129 | 4459 | 55 | 69 |
| iv_506-iv_510 | 1920 | 4485 | 53 | 65 |
| iv_500-iv_510 | 2034 | 4440 | 52 | 68 |
| iv_507-iv_509 | 2098 | 4381 | 52 | 75 |
| iv_498-iv_507 | 2073 | 4351 | 50 | 74 |
| iv_502-iv_507 | 2003 | 4370 | 50 | 72 |
| iv_498-iv_500 | 2013 | 4262 | 49 | 69 |
| iv_497-iv_509 | 1997 | 4352 | 49 | 74 |
| iv_498-iv_506 | 1946 | 4213 | 48 | 70 |
| iv_498-iv_510 | 2045 | 4358 | 48 | 77 |
| iv_503-iv_510 | 2005 | 4532 | 48 | 75 |
| iv_508-iv_510 | 2066 | 4335 | 48 | 71 |
| iv_500-iv_507 | 2079 | 4399 | 47 | 79 |
| iv_503-iv_507 | 2182 | 4227 | 47 | 78 |
| iv_503-iv_509 | 1988 | 4426 | 47 | 77 |

### Input Bit Output Co-occurrences Sorted by Potential Output Occurrences

| Input Bits | Co-occurrences | Potential Occurrences | Output Co-occurrences | Potential Output Occurrences |
|:----------:|:--------------:|:---------------------:|:---------------------:|:----------------------------:|
| iv_504-iv_511 | 1938 | 4545 | 47 | 63 |
| iv_506-iv_510 | 1920 | 4485 | 53 | 65 |
| iv_500-iv_510 | 2034 | 4440 | 52 | 68 |
| iv_498-iv_500 | 2013 | 4262 | 49 | 69 |
| iv_507-iv_510 | 2129 | 4459 | 55 | 69 |
| iv_498-iv_506 | 1946 | 4213 | 48 | 70 |
| iv_501-iv_505 | 1953 | 4295 | 45 | 70 |
| iv_506-iv_511 | 1965 | 4486 | 43 | 71 |
| iv_500-iv_501 | 2003 | 4321 | 46 | 71 |
| iv_508-iv_510 | 2066 | 4335 | 48 | 71 |
| iv_502-iv_507 | 2003 | 4370 | 50 | 72 |
| iv_497-iv_498 | 1953 | 4360 | 47 | 73 |
| iv_497-iv_506 | 1891 | 4361 | 46 | 73 |
| iv_500-iv_504 | 1944 | 4282 | 46 | 73 |
| iv_500-iv_508 | 2005 | 4297 | 44 | 73 |

## Output Bits

### Output Bits in Regular Order

| Rank | Output Bit | Complexity |
|:----:|:----------:|:----------:|
| 1 | ov_001 | 1.2308890278418729 × 10^307 |
| 2 | ov_002 | 1.0707578996032968 × 10^307 |
| 3 | ov_003 | 9.270351465696225 × 10^306 |
| 4 | ov_004 | 7.984865445432064 × 10^306 |
| 5 | ov_005 | 6.839457203708327 × 10^306 |
| 6 | ov_006 | 5.8230937410496604 × 10^306 |
| 7 | ov_007 | 4.925331162912746 × 10^306 |
| 8 | ov_008 | 4.136278642454679 × 10^306 |
| 9 | ov_009 | 3.4465674418943644 × 10^306 |
| 10 | ov_010 | 2.8473244901376636 × 10^306 |
| 11 | ov_011 | 2.3301500424059826 × 10^306 |
| 12 | ov_012 | 1.887098974946464 × 10^306 |
| 13 | ov_013 | 1.5106652946582703 × 10^306 |
| 14 | ov_014 | 1.193769469769766 × 10^306 |
| 15 | ov_015 | 9.29748213652161 × 10^305 |
| 16 | ov_016 | 7.123463795441746 × 10^305 |
| 17 | ov_017 | 5.357106494607103 × 10^305 |
| 18 | ov_018 | 3.9438472592243997 × 10^305 |
| 19 | ov_019 | 2.8330576041531634 × 10^305 |
| 20 | ov_020 | 1.978017777006828 × 10^305 |
| 21 | ov_021 | 1.3358988026998962 × 10^305 |
| 22 | ov_022 | 8.677504238828594 × 10^304 |
| 23 | ov_023 | 5.384932830752543 × 10^304 |
| 24 | ov_024 | 3.1691399987711324 × 10^304 |
| 25 | ov_025 | 1.75662201016847 × 10^304 |
| 26 | ov_026 | 9.124889232781237 × 10^303 |
| 27 | ov_027 | 4.404569212443933 × 10^303 |
| 28 | ov_028 | 1.8284528649488084 × 10^303 |
| 29 | ov_029 | 7.0464242030012505 × 10^302 |
| 30 | ov_030 | 2.1543716479042294 × 10^302 |
| 31 | ov_031 | 4.2024545375643605 × 10^301 |
| 32 | lv_80_m31 | 8.195911271933364 × 10^300 |
| 33 | ov_033 | 9.911410880779566 × 10^301 |
| 34 | ov_034 | 8.618051573048269 × 10^301 |
| 35 | ov_035 | 7.457606348384289 × 10^301 |
| 36 | ov_036 | 6.420068135591765 × 10^301 |
| 37 | ov_037 | 5.49597810701181 × 10^301 |
| 38 | ov_038 | 4.6763869797639224 × 10^301 |
| 39 | ov_039 | 3.952821347032757 × 10^301 |
| 40 | ov_040 | 3.317254578577264 × 10^301 |
| 41 | ov_041 | 2.762081853963637 × 10^301 |
| 42 | ov_042 | 2.2800989155015645 × 10^301 |
| 43 | ov_043 | 1.8644841506564494 × 10^301 |
| 44 | ov_044 | 1.5087836359584308 × 10^301 |
| 45 | ov_045 | 1.2068987962520945 × 10^301 |
| 46 | ov_046 | 9.530763546296007 × 10^300 |
| 47 | ov_047 | 7.419002696484071 × 10^300 |
| 48 | ov_048 | 5.6828537752049855 × 10^300 |
| 49 | ov_049 | 4.274724779262922 × 10^300 |
| 50 | ov_050 | 3.150246229931257 × 10^300 |
| 51 | ov_051 | 2.2682438981378563 × 10^300 |
| 52 | ov_052 | 1.5907193768340537 × 10^300 |
| 53 | ov_053 | 1.0828367201473411 × 10^300 |
| 54 | ov_054 | 7.129135765954164 × 10^299 |
| 55 | ov_055 | 4.5241551060739575 × 10^299 |
| 56 | ov_056 | 2.759525328930662 × 10^299 |
| 57 | ov_057 | 1.6127710115325352 × 10^299 |
| 58 | ov_058 | 8.928302872326755 × 10^298 |
| 59 | ov_059 | 4.400493443665193 × 10^298 |
| 60 | ov_060 | 1.8245285728273157 × 10^298 |
| 61 | ov_061 | 6.376802650856769 × 10^297 |
| 62 | ov_062 | 1.7503096349371232 × 10^297 |
| 63 | ov_063 | 3.4136590038198543 × 10^296 |
| 64 | lv_79_m31 | 6.656324841460229 × 10^295 |
| 65 | ov_065 | 8.013088448105219 × 10^296 |
| 66 | ov_066 | 8.013065901508397 × 10^296 |
| 67 | ov_067 | 8.013060445333317 × 10^296 |
| 68 | ov_068 | 6.9598576151607585 × 10^296 |
| 69 | ov_069 | 6.0153696070880855 × 10^296 |
| 70 | ov_070 | 5.171425542749051 × 10^296 |
| 71 | ov_071 | 4.420296475774963 × 10^296 |
| 72 | ov_072 | 3.7546639915378525 × 10^296 |
| 73 | ov_073 | 3.1675930285754153 × 10^296 |
| 74 | ov_074 | 2.652508526811134 × 10^296 |
| 75 | ov_075 | 2.203175528717983 × 10^296 |
| 76 | ov_076 | 1.813682379781314 × 10^296 |
| 77 | ov_077 | 1.47842669413924 × 10^296 |
| 78 | ov_078 | 1.1921037702426022 × 10^296 |
| 79 | ov_079 | 9.496971598905716 × 10^295 |
| 80 | ov_080 | 7.464711121557103 × 10^295 |
| 81 | ov_081 | 5.779646315934525 × 10^295 |
| 82 | ov_082 | 4.399869078017307 × 10^295 |
| 83 | ov_083 | 3.286138909113735 × 10^295 |
| 84 | ov_084 | 2.401858049904238 × 10^295 |
| 85 | ov_085 | 1.713054086696379 × 10^295 |
| 86 | ov_086 | 1.1883682956744306 × 10^295 |
| 87 | ov_087 | 7.99048163289768 × 10^294 |
| 88 | ov_088 | 5.189426930836455 × 10^294 |
| 89 | ov_089 | 3.2449937973310296 × 10^294 |
| 90 | ov_090 | 1.9476217701972246 × 10^294 |
| 91 | ov_091 | 1.1137016783788302 × 10^294 |
| 92 | ov_092 | 5.855676577854423 × 10^293 |
| 93 | ov_093 | 2.908718845089163 × 10^293 |
| 94 | ov_094 | 1.238245410785469 × 10^293 |
| 95 | aaa_78_28 | 3.8014831273923966 × 10^292 |
| 96 | aaa_78_29 | 1.1568355376441854 × 10^292 |
| 97 | ov_097 | 6.471066842381411 × 10^291 |
| 98 | ov_098 | 6.471038343414058 × 10^291 |
| 99 | ov_099 | 6.471029233205218 × 10^291 |
| 100 | ov_100 | 5.597387399622016 × 10^291 |
| 101 | ov_101 | 4.815944042937212 × 10^291 |
| 102 | ov_102 | 4.119648873081622 × 10^291 |
| 103 | ov_103 | 3.501841714645059 × 10^291 |
| 104 | ov_104 | 2.9562242067067746 × 10^291 |
| 105 | ov_105 | 2.4768350991539375 × 10^291 |
| 106 | ov_106 | 2.0580288220414154 × 10^291 |
| 107 | ov_107 | 1.6944570217189275 × 10^291 |
| 108 | ov_108 | 1.3810527739484353 × 10^291 |
| 109 | ov_109 | 1.1130172001738149 × 10^291 |
| 110 | ov_110 | 8.858082285901606 × 10^290 |
| 111 | ov_111 | 6.951312567816615 × 10^290 |
| 112 | ov_112 | 5.369314875325187 × 10^290 |
| 113 | ov_113 | 4.073877240305883 × 10^290 |
| 114 | ov_114 | 3.0290742513326103 × 10^290 |
| 115 | ov_115 | 2.2012283569458162 × 10^290 |
| 116 | ov_116 | 1.5588802119779496 × 10^290 |
| 117 | ov_117 | 1.0727665012642664 × 10^290 |
| 118 | ov_118 | 7.158038166057438 × 10^289 |
| 119 | ov_119 | 4.630773041808394 × 10^289 |
| 120 | ov_120 | 2.9183294082282957 × 10^289 |
| 121 | ov_121 | 1.814724387448633 × 10^289 |
| 122 | ov_122 | 1.1355000038131944 × 10^289 |
| 123 | ov_123 | 7.177036708755439 × 10^288 |
| 124 | ov_124 | 4.1987711281052194 × 10^288 |
| 125 | ov_125 | 2.2053436948121684 × 10^288 |
| 126 | ov_126 | 9.81903514624791 × 10^287 |
| 127 | aaa_77_28 | 3.1360197808082086 × 10^287 |
| 128 | aaa_77_29 | 1.1760125783329211 × 10^287 |
| 129 | ov_129 | 1.0982776169970861 × 10^287 |
| 130 | ov_130 | 1.0982745176869534 × 10^287 |
| 131 | ov_131 | 1.0982737669630845 × 10^287 |
| 132 | ov_132 | 9.541831287640273 × 10^286 |
| 133 | ov_133 | 8.249626882299498 × 10^286 |
| 134 | ov_134 | 7.094901238805136 × 10^286 |
| 135 | ov_135 | 6.067046272106809 × 10^286 |
| 136 | ov_136 | 5.156025387892884 × 10^286 |
| 137 | ov_137 | 4.352335521780455 × 10^286 |
| 138 | ov_138 | 3.646974338178568 × 10^286 |
| 139 | ov_139 | 3.0314120975211777 × 10^286 |
| 140 | ov_140 | 2.4975677268623882 × 10^286 |
| 141 | ov_141 | 2.037788654372599 × 10^286 |
| 142 | ov_142 | 1.6448339932269484 × 10^286 |
| 143 | ov_143 | 1.311860684870737 × 10^286 |
| 144 | ov_144 | 1.0324122357929147 × 10^286 |
| 145 | ov_145 | 8.004097058310429 × 10^285 |
| 146 | ov_146 | 6.101446297443869 × 10^285 |
| 147 | ov_147 | 4.562735773844379 × 10^285 |
| 148 | ov_148 | 3.338140813081018 × 10^285 |
| 149 | ov_149 | 2.3814168414876155 × 10^285 |
| 150 | ov_150 | 1.6498788150424098 × 10^285 |
| 151 | ov_151 | 1.1043875952973098 × 10^285 |
| 152 | ov_152 | 7.093414984413373 × 10^284 |
| 153 | ov_153 | 4.326714777347236 × 10^284 |
| 154 | ov_154 | 2.458386336718557 × 10^284 |
| 155 | ov_155 | 1.2383301419672374 × 10^284 |
| 156 | aaa_76_25 | 4.51730547358496 × 10^283 |
| 157 | aaa_76_26 | 2.6111693944306134 × 10^283 |
| 158 | aaa_76_27 | 1.3381130111768028 × 10^283 |
| 159 | aaa_76_28 | 5.217421791470107 × 10^282 |
| 160 | aaa_76_29 | 1.589043312669935 × 10^282 |

### Output Bits Sorted by Complexity

| Rank | Output Bit | Complexity |
|:----:|:----------:|:----------:|
| 160 | aaa_76_29 | 1.589043312669935 × 10^282 |
| 159 | aaa_76_28 | 5.217421791470107 × 10^282 |
| 158 | aaa_76_27 | 1.3381130111768028 × 10^283 |
| 157 | aaa_76_26 | 2.6111693944306134 × 10^283 |
| 156 | aaa_76_25 | 4.51730547358496 × 10^283 |
| 155 | ov_155 | 1.2383301419672374 × 10^284 |
| 154 | ov_154 | 2.458386336718557 × 10^284 |
| 153 | ov_153 | 4.326714777347236 × 10^284 |
| 152 | ov_152 | 7.093414984413373 × 10^284 |
| 151 | ov_151 | 1.1043875952973098 × 10^285 |
| 150 | ov_150 | 1.6498788150424098 × 10^285 |
| 149 | ov_149 | 2.3814168414876155 × 10^285 |
| 148 | ov_148 | 3.338140813081018 × 10^285 |
| 147 | ov_147 | 4.562735773844379 × 10^285 |
| 146 | ov_146 | 6.101446297443869 × 10^285 |
| 145 | ov_145 | 8.004097058310429 × 10^285 |
| 144 | ov_144 | 1.0324122357929147 × 10^286 |
| 143 | ov_143 | 1.311860684870737 × 10^286 |
| 142 | ov_142 | 1.6448339932269484 × 10^286 |
| 141 | ov_141 | 2.037788654372599 × 10^286 |
| 140 | ov_140 | 2.4975677268623882 × 10^286 |
| 139 | ov_139 | 3.0314120975211777 × 10^286 |
| 138 | ov_138 | 3.646974338178568 × 10^286 |
| 137 | ov_137 | 4.352335521780455 × 10^286 |
| 136 | ov_136 | 5.156025387892884 × 10^286 |
| 135 | ov_135 | 6.067046272106809 × 10^286 |
| 134 | ov_134 | 7.094901238805136 × 10^286 |
| 133 | ov_133 | 8.249626882299498 × 10^286 |
| 132 | ov_132 | 9.541831287640273 × 10^286 |
| 131 | ov_131 | 1.0982737669630845 × 10^287 |
| 130 | ov_130 | 1.0982745176869534 × 10^287 |
| 129 | ov_129 | 1.0982776169970861 × 10^287 |
| 128 | aaa_77_29 | 1.1760125783329211 × 10^287 |
| 127 | aaa_77_28 | 3.1360197808082086 × 10^287 |
| 126 | ov_126 | 9.81903514624791 × 10^287 |
| 125 | ov_125 | 2.2053436948121684 × 10^288 |
| 124 | ov_124 | 4.1987711281052194 × 10^288 |
| 123 | ov_123 | 7.177036708755439 × 10^288 |
| 122 | ov_122 | 1.1355000038131944 × 10^289 |
| 121 | ov_121 | 1.814724387448633 × 10^289 |
| 120 | ov_120 | 2.9183294082282957 × 10^289 |
| 119 | ov_119 | 4.630773041808394 × 10^289 |
| 118 | ov_118 | 7.158038166057438 × 10^289 |
| 117 | ov_117 | 1.0727665012642664 × 10^290 |
| 116 | ov_116 | 1.5588802119779496 × 10^290 |
| 115 | ov_115 | 2.2012283569458162 × 10^290 |
| 114 | ov_114 | 3.0290742513326103 × 10^290 |
| 113 | ov_113 | 4.073877240305883 × 10^290 |
| 112 | ov_112 | 5.369314875325187 × 10^290 |
| 111 | ov_111 | 6.951312567816615 × 10^290 |
| 110 | ov_110 | 8.858082285901606 × 10^290 |
| 109 | ov_109 | 1.1130172001738149 × 10^291 |
| 108 | ov_108 | 1.3810527739484353 × 10^291 |
| 107 | ov_107 | 1.6944570217189275 × 10^291 |
| 106 | ov_106 | 2.0580288220414154 × 10^291 |
| 105 | ov_105 | 2.4768350991539375 × 10^291 |
| 104 | ov_104 | 2.9562242067067746 × 10^291 |
| 103 | ov_103 | 3.501841714645059 × 10^291 |
| 102 | ov_102 | 4.119648873081622 × 10^291 |
| 101 | ov_101 | 4.815944042937212 × 10^291 |
| 100 | ov_100 | 5.597387399622016 × 10^291 |
| 99 | ov_099 | 6.471029233205218 × 10^291 |
| 98 | ov_098 | 6.471038343414058 × 10^291 |
| 97 | ov_097 | 6.471066842381411 × 10^291 |
| 96 | aaa_78_29 | 1.1568355376441854 × 10^292 |
| 95 | aaa_78_28 | 3.8014831273923966 × 10^292 |
| 94 | ov_094 | 1.238245410785469 × 10^293 |
| 93 | ov_093 | 2.908718845089163 × 10^293 |
| 92 | ov_092 | 5.855676577854423 × 10^293 |
| 91 | ov_091 | 1.1137016783788302 × 10^294 |
| 90 | ov_090 | 1.9476217701972246 × 10^294 |
| 89 | ov_089 | 3.2449937973310296 × 10^294 |
| 88 | ov_088 | 5.189426930836455 × 10^294 |
| 87 | ov_087 | 7.99048163289768 × 10^294 |
| 86 | ov_086 | 1.1883682956744306 × 10^295 |
| 85 | ov_085 | 1.713054086696379 × 10^295 |
| 84 | ov_084 | 2.401858049904238 × 10^295 |
| 83 | ov_083 | 3.286138909113735 × 10^295 |
| 82 | ov_082 | 4.399869078017307 × 10^295 |
| 81 | ov_081 | 5.779646315934525 × 10^295 |
| 64 | lv_79_m31 | 6.656324841460229 × 10^295 |
| 80 | ov_080 | 7.464711121557103 × 10^295 |
| 79 | ov_079 | 9.496971598905716 × 10^295 |
| 78 | ov_078 | 1.1921037702426022 × 10^296 |
| 77 | ov_077 | 1.47842669413924 × 10^296 |
| 76 | ov_076 | 1.813682379781314 × 10^296 |
| 75 | ov_075 | 2.203175528717983 × 10^296 |
| 74 | ov_074 | 2.652508526811134 × 10^296 |
| 73 | ov_073 | 3.1675930285754153 × 10^296 |
| 63 | ov_063 | 3.4136590038198543 × 10^296 |
| 72 | ov_072 | 3.7546639915378525 × 10^296 |
| 71 | ov_071 | 4.420296475774963 × 10^296 |
| 70 | ov_070 | 5.171425542749051 × 10^296 |
| 69 | ov_069 | 6.0153696070880855 × 10^296 |
| 68 | ov_068 | 6.9598576151607585 × 10^296 |
| 67 | ov_067 | 8.013060445333317 × 10^296 |
| 66 | ov_066 | 8.013065901508397 × 10^296 |
| 65 | ov_065 | 8.013088448105219 × 10^296 |
| 62 | ov_062 | 1.7503096349371232 × 10^297 |
| 61 | ov_061 | 6.376802650856769 × 10^297 |
| 60 | ov_060 | 1.8245285728273157 × 10^298 |
| 59 | ov_059 | 4.400493443665193 × 10^298 |
| 58 | ov_058 | 8.928302872326755 × 10^298 |
| 57 | ov_057 | 1.6127710115325352 × 10^299 |
| 56 | ov_056 | 2.759525328930662 × 10^299 |
| 55 | ov_055 | 4.5241551060739575 × 10^299 |
| 54 | ov_054 | 7.129135765954164 × 10^299 |
| 53 | ov_053 | 1.0828367201473411 × 10^300 |
| 52 | ov_052 | 1.5907193768340537 × 10^300 |
| 51 | ov_051 | 2.2682438981378563 × 10^300 |
| 50 | ov_050 | 3.150246229931257 × 10^300 |
| 49 | ov_049 | 4.274724779262922 × 10^300 |
| 48 | ov_048 | 5.6828537752049855 × 10^300 |
| 47 | ov_047 | 7.419002696484071 × 10^300 |
| 32 | lv_80_m31 | 8.195911271933364 × 10^300 |
| 46 | ov_046 | 9.530763546296007 × 10^300 |
| 45 | ov_045 | 1.2068987962520945 × 10^301 |
| 44 | ov_044 | 1.5087836359584308 × 10^301 |
| 43 | ov_043 | 1.8644841506564494 × 10^301 |
| 42 | ov_042 | 2.2800989155015645 × 10^301 |
| 41 | ov_041 | 2.762081853963637 × 10^301 |
| 40 | ov_040 | 3.317254578577264 × 10^301 |
| 39 | ov_039 | 3.952821347032757 × 10^301 |
| 31 | ov_031 | 4.2024545375643605 × 10^301 |
| 38 | ov_038 | 4.6763869797639224 × 10^301 |
| 37 | ov_037 | 5.49597810701181 × 10^301 |
| 36 | ov_036 | 6.420068135591765 × 10^301 |
| 35 | ov_035 | 7.457606348384289 × 10^301 |
| 34 | ov_034 | 8.618051573048269 × 10^301 |
| 33 | ov_033 | 9.911410880779566 × 10^301 |
| 30 | ov_030 | 2.1543716479042294 × 10^302 |
| 29 | ov_029 | 7.0464242030012505 × 10^302 |
| 28 | ov_028 | 1.8284528649488084 × 10^303 |
| 27 | ov_027 | 4.404569212443933 × 10^303 |
| 26 | ov_026 | 9.124889232781237 × 10^303 |
| 25 | ov_025 | 1.75662201016847 × 10^304 |
| 24 | ov_024 | 3.1691399987711324 × 10^304 |
| 23 | ov_023 | 5.384932830752543 × 10^304 |
| 22 | ov_022 | 8.677504238828594 × 10^304 |
| 21 | ov_021 | 1.3358988026998962 × 10^305 |
| 20 | ov_020 | 1.978017777006828 × 10^305 |
| 19 | ov_019 | 2.8330576041531634 × 10^305 |
| 18 | ov_018 | 3.9438472592243997 × 10^305 |
| 17 | ov_017 | 5.357106494607103 × 10^305 |
| 16 | ov_016 | 7.123463795441746 × 10^305 |
| 15 | ov_015 | 9.29748213652161 × 10^305 |
| 14 | ov_014 | 1.193769469769766 × 10^306 |
| 13 | ov_013 | 1.5106652946582703 × 10^306 |
| 12 | ov_012 | 1.887098974946464 × 10^306 |
| 11 | ov_011 | 2.3301500424059826 × 10^306 |
| 10 | ov_010 | 2.8473244901376636 × 10^306 |
| 9 | ov_009 | 3.4465674418943644 × 10^306 |
| 8 | ov_008 | 4.136278642454679 × 10^306 |
| 7 | ov_007 | 4.925331162912746 × 10^306 |
| 6 | ov_006 | 5.8230937410496604 × 10^306 |
| 5 | ov_005 | 6.839457203708327 × 10^306 |
| 4 | ov_004 | 7.984865445432064 × 10^306 |
| 3 | ov_003 | 9.270351465696225 × 10^306 |
| 2 | ov_002 | 1.0707578996032968 × 10^307 |
| 1 | ov_001 | 1.2308890278418729 × 10^307 |

