# Results for T001-T002-F003-F004-F005-T006-T007-F008-T009-F010-F011-T012-F013-F014-F015-T016-F017-F018-F019-F020-T021-F022-F023-T024-F025-T026-F027-T028-T029-F030-F031-F032-F033-F034-T035-F036-T037-T038-F039-F040-T041-T042-T043-F044-F045-F046-F047-F048-F049-F050-F051-F052-F053-F054-F055-F056-T057-F058-T059-F060-F061-T062-T063-T064-F065-T066-T067-T068-T069-T070-F071-T072-T073-T074-T075-T076-T077-T078-F079-F080-F081-F082-F083-F084-F085-F086-F087-T088-T089-F090-T091-F092-F093-F094-F095-T096-T097-F098-T099-F100-T101-F102-F103-T104-T105-T106-T107-F108-T109-T110-T111-T112-T113-T114-T115-T116-F117-T118-F119-T120-T121-F122-F123-F124-F125-T126-F127-F128-F129-T130-F131-F132-T133-F134-T135-T136-F137-F138-T139-T140-F141-T142-F143-T144-T145-T146-F147-F148-T149-T150-T151-F152-T153-T154-F155-F156-F157-T158-F159-T160-F161-F162-F163-T164-F165-T166-T167-F168-T169-F170-T171-T172-F173-F174-T175-F176-T177-T178-T179-T180-T181-F182-T183-T184-T185-F186-T187-F188-F189-T190-F191-T192-T193-F194-F195-F196-T197-F198-F199-T200-F201-T202-F203-F204-F205-F206-T207-F208-F209-F210-F211-T212-F213-T214-T215-T216-F217-T218-T219-F220-F221-F222-F223-F224-T225-F226-T227-T228-T229-T230-F231-F232-F233-F234-F235-T236-T237-T238-T239-T240-F241-T242-F243-F244-T245-T246-T247-T248-F249-T250-F251-T252-F253-T254-F255-F256-T257-F258-F259-F260-T261-F262-F263-T264-F265-F266-F267-T268-T269-F270-T271-F272-T273-F274-F275-F276-T277-F278-F279-T280-F281-F282-F283-T284-F285-T286-T287-F288-T289-T290-T291-F292-F293-T294-T295-F296-T297-F298-T299-T300-T301-T302-T303-F304-F305-F306-F307-F308-T309-T310-F311-T312-F313-T314-T315-F316-T317-F318-T319-F320-F321-F322-T323-F324-F325-F326-F327-F328-F329-T330-F331-F332-T333-T334-T335-F336-F337-T338-F339-T340-F341-F342-T343-T344-F345-T346-F347-T348-F349-F350-T351-T352-F353-T354-F355-F356-T357-F358-F359-F360-F361-T362-T363-T364-T365-T366-T367-F368-F369-T370-F371-F372-T373-F374-T375-T376-F377-T378-F379-F380-T381-F382-F383-F384-T385-F386-T387-F388-T389-F390-F391-F392-F393-T394-F395-T396-T397-T398-T399-T400-T401-T402-T403-F404-T405-F406-F407-F408-F409-F410-F411-T412-T413-F414-T415-F416-T417-T418-T419-T420-F421-F422-T423-F424-F425-T426-F427-F428-T429-F430-F431-T432-F433-T434-T435-T436-F437-F438-F439-F440-F441-T442-T443-T444-F445-F446-F447-F448-F449-F450-T451-F452-T453-T454-F456-T458-F460-F461-F463-F464-F465-T466-F467-T468-F469-F470-F471-F472-T474-T475-T476-F477-F478-F479-F480

## Summary

Number of input bits: 512  
Number of free input bits: 37  
Number of output bits: 160

Number of assignments: 19820  
Number of operations: 48196
(xor: 20627,
and: 14134,
or: 13435)

Total complexity: 2.12640 × 10^327

Least complex input bit: iv_481 (1.37784 × 10^324)  
Most complex input bit: iv_459 (1.32003 × 10^326)

Least complex output bit: aaa_76_29 (1.81412 × 10^301)  
Most complex output bit: ov_001 (3.29310 × 10^326)

Least complex input/output complexity: iv_481/aaa_76_29 (1.17550 × 10^298)  
Most complex input/output complexity: iv_459/ov_001 (2.04429 × 10^325)

## Input Bits

| Input Bit | Complexity | Occurrences |
|:---------:|:----------:|:-----------:|
| iv_455 | 9.82406 × 10^324 | 28 |
| iv_457 | 1.00954 × 10^326 | 36 |
| iv_459 | 1.32003 × 10^326 | 36 |
| iv_462 | 9.54759 × 10^325 | 41 |
| iv_473 | 1.28591 × 10^326 | 43 |
| iv_481 | 1.37784 × 10^324 | 49 |
| iv_482 | 5.67365 × 10^324 | 48 |
| iv_483 | 1.16851 × 10^325 | 50 |
| iv_484 | 1.80619 × 10^325 | 50 |
| iv_485 | 1.39708 × 10^325 | 45 |
| iv_486 | 3.12401 × 10^325 | 50 |
| iv_487 | 2.05680 × 10^325 | 45 |
| iv_488 | 4.44362 × 10^325 | 51 |
| iv_489 | 5.10396 × 10^325 | 49 |
| iv_490 | 3.04807 × 10^325 | 34 |
| iv_491 | 3.38069 × 10^325 | 34 |
| iv_492 | 3.71506 × 10^325 | 30 |
| iv_493 | 4.05212 × 10^325 | 34 |
| iv_494 | 4.39307 × 10^325 | 34 |
| iv_495 | 4.73945 × 10^325 | 34 |
| iv_496 | 5.09319 × 10^325 | 52 |
| iv_497 | 5.45660 × 10^325 | 34 |
| iv_498 | 5.83246 × 10^325 | 34 |
| iv_499 | 6.22403 × 10^325 | 52 |
| iv_500 | 1.28591 × 10^326 | 53 |
| iv_501 | 7.07006 × 10^325 | 52 |
| iv_502 | 7.53388 × 10^325 | 52 |
| iv_503 | 8.03221 × 10^325 | 48 |
| iv_504 | 8.57141 × 10^325 | 52 |
| iv_505 | 9.15857 × 10^325 | 52 |
| iv_506 | 9.80160 × 10^325 | 52 |
| iv_507 | 1.05092 × 10^326 | 52 |
| iv_508 | 1.12911 × 10^326 | 34 |
| iv_509 | 1.21578 × 10^326 | 36 |
| iv_510 | 9.63093 × 10^324 | 52 |
| iv_511 | 1.07213 × 10^325 | 52 |
| iv_512 | 1.19496 × 10^325 | 61 |

## Input Bits Sorted by Complexity

| Input Bit | Complexity | Occurrences |
|:---------:|:----------:|:-----------:|
| iv_481 | 1.37784 × 10^324 | 49 |
| iv_482 | 5.67365 × 10^324 | 48 |
| iv_510 | 9.63093 × 10^324 | 52 |
| iv_455 | 9.82406 × 10^324 | 28 |
| iv_511 | 1.07213 × 10^325 | 52 |
| iv_483 | 1.16851 × 10^325 | 50 |
| iv_512 | 1.19496 × 10^325 | 61 |
| iv_485 | 1.39708 × 10^325 | 45 |
| iv_484 | 1.80619 × 10^325 | 50 |
| iv_487 | 2.05680 × 10^325 | 45 |
| iv_490 | 3.04807 × 10^325 | 34 |
| iv_486 | 3.12401 × 10^325 | 50 |
| iv_491 | 3.38069 × 10^325 | 34 |
| iv_492 | 3.71506 × 10^325 | 30 |
| iv_493 | 4.05212 × 10^325 | 34 |
| iv_494 | 4.39307 × 10^325 | 34 |
| iv_488 | 4.44362 × 10^325 | 51 |
| iv_495 | 4.73945 × 10^325 | 34 |
| iv_496 | 5.09319 × 10^325 | 52 |
| iv_489 | 5.10396 × 10^325 | 49 |
| iv_497 | 5.45660 × 10^325 | 34 |
| iv_498 | 5.83246 × 10^325 | 34 |
| iv_499 | 6.22403 × 10^325 | 52 |
| iv_501 | 7.07006 × 10^325 | 52 |
| iv_502 | 7.53388 × 10^325 | 52 |
| iv_503 | 8.03221 × 10^325 | 48 |
| iv_504 | 8.57141 × 10^325 | 52 |
| iv_505 | 9.15857 × 10^325 | 52 |
| iv_462 | 9.54759 × 10^325 | 41 |
| iv_506 | 9.80160 × 10^325 | 52 |
| iv_457 | 1.00954 × 10^326 | 36 |
| iv_507 | 1.05092 × 10^326 | 52 |
| iv_508 | 1.12911 × 10^326 | 34 |
| iv_509 | 1.21578 × 10^326 | 36 |
| iv_500 | 1.28591 × 10^326 | 53 |
| iv_473 | 1.28591 × 10^326 | 43 |
| iv_459 | 1.32003 × 10^326 | 36 |

## Input Bits Sorted by Occurrences

| Input Bit | Complexity | Occurrences |
|:---------:|:----------:|:-----------:|
| iv_455 | 9.82406 × 10^324 | 28 |
| iv_492 | 3.71506 × 10^325 | 30 |
| iv_491 | 3.38069 × 10^325 | 34 |
| iv_508 | 1.12911 × 10^326 | 34 |
| iv_490 | 3.04807 × 10^325 | 34 |
| iv_493 | 4.05212 × 10^325 | 34 |
| iv_494 | 4.39307 × 10^325 | 34 |
| iv_498 | 5.83246 × 10^325 | 34 |
| iv_497 | 5.45660 × 10^325 | 34 |
| iv_495 | 4.73945 × 10^325 | 34 |
| iv_457 | 1.00954 × 10^326 | 36 |
| iv_459 | 1.32003 × 10^326 | 36 |
| iv_509 | 1.21578 × 10^326 | 36 |
| iv_462 | 9.54759 × 10^325 | 41 |
| iv_473 | 1.28591 × 10^326 | 43 |
| iv_485 | 1.39708 × 10^325 | 45 |
| iv_487 | 2.05680 × 10^325 | 45 |
| iv_482 | 5.67365 × 10^324 | 48 |
| iv_503 | 8.03221 × 10^325 | 48 |
| iv_481 | 1.37784 × 10^324 | 49 |
| iv_489 | 5.10396 × 10^325 | 49 |
| iv_484 | 1.80619 × 10^325 | 50 |
| iv_486 | 3.12401 × 10^325 | 50 |
| iv_483 | 1.16851 × 10^325 | 50 |
| iv_488 | 4.44362 × 10^325 | 51 |
| iv_502 | 7.53388 × 10^325 | 52 |
| iv_507 | 1.05092 × 10^326 | 52 |
| iv_506 | 9.80160 × 10^325 | 52 |
| iv_505 | 9.15857 × 10^325 | 52 |
| iv_496 | 5.09319 × 10^325 | 52 |
| iv_504 | 8.57141 × 10^325 | 52 |
| iv_511 | 1.07213 × 10^325 | 52 |
| iv_510 | 9.63093 × 10^324 | 52 |
| iv_501 | 7.07006 × 10^325 | 52 |
| iv_499 | 6.22403 × 10^325 | 52 |
| iv_500 | 1.28591 × 10^326 | 53 |
| iv_512 | 1.19496 × 10^325 | 61 |

## Output Bits

| Rank | Output Bit | Complexity |
|:----:|:----------:|:----------:|
| 1 | ov_001 | 3.29310 × 10^326 |
| 2 | ov_002 | 2.86876 × 10^326 |
| 3 | ov_003 | 2.48762 × 10^326 |
| 4 | ov_004 | 2.14641 × 10^326 |
| 5 | ov_005 | 1.84209 × 10^326 |
| 6 | ov_006 | 1.57175 × 10^326 |
| 7 | ov_007 | 1.33265 × 10^326 |
| 8 | ov_008 | 1.12220 × 10^326 |
| 9 | ov_009 | 9.37941 × 10^325 |
| 10 | ov_010 | 7.77545 × 10^325 |
| 11 | ov_011 | 6.38813 × 10^325 |
| 12 | ov_012 | 5.19663 × 10^325 |
| 13 | ov_013 | 4.18131 × 10^325 |
| 14 | ov_014 | 3.32364 × 10^325 |
| 15 | ov_015 | 2.60619 × 10^325 |
| 16 | ov_016 | 2.01258 × 10^325 |
| 17 | ov_017 | 1.52752 × 10^325 |
| 18 | ov_018 | 1.13674 × 10^325 |
| 19 | ov_019 | 8.27001 × 10^324 |
| 20 | ov_020 | 5.86092 × 10^324 |
| 21 | ov_021 | 4.02818 × 10^324 |
| 22 | ov_022 | 2.67000 × 10^324 |
| 23 | ov_023 | 1.69468 × 10^324 |
| 24 | ov_024 | 1.02064 × 10^324 |
| 25 | ov_025 | 5.76389 × 10^323 |
| 26 | ov_026 | 3.00523 × 10^323 |
| 27 | ov_027 | 1.41732 × 10^323 |
| 28 | ov_028 | 5.87889 × 10^322 |
| 29 | ov_029 | 2.05561 × 10^322 |
| 30 | ov_030 | 5.64490 × 10^321 |
| 31 | ov_031 | 1.10150 × 10^321 |
| 32 | lv_80_m31 | 2.14898 × 10^320 |
| 33 | ov_033 | 2.61774 × 10^321 |
| 34 | ov_034 | 2.28043 × 10^321 |
| 35 | ov_035 | 1.97745 × 10^321 |
| 36 | ov_036 | 1.70622 × 10^321 |
| 37 | ov_037 | 1.46431 × 10^321 |
| 38 | ov_038 | 1.24941 × 10^321 |
| 39 | ov_039 | 1.05934 × 10^321 |
| 40 | ov_040 | 8.92058 × 10^320 |
| 41 | ov_041 | 7.45586 × 10^320 |
| 42 | ov_042 | 6.18084 × 10^320 |
| 43 | ov_043 | 5.07803 × 10^320 |
| 44 | ov_044 | 4.13089 × 10^320 |
| 45 | ov_045 | 3.32380 × 10^320 |
| 46 | ov_046 | 2.64202 × 10^320 |
| 47 | ov_047 | 2.07170 × 10^320 |
| 48 | ov_048 | 1.59983 × 10^320 |
| 49 | ov_049 | 1.21425 × 10^320 |
| 50 | ov_050 | 9.03615 × 10^319 |
| 51 | ov_051 | 6.57397 × 10^319 |
| 52 | ov_052 | 4.65894 × 10^319 |
| 53 | ov_053 | 3.20207 × 10^319 |
| 54 | ov_054 | 2.12243 × 10^319 |
| 55 | ov_055 | 1.34713 × 10^319 |
| 56 | ov_056 | 8.11325 × 10^318 |
| 57 | ov_057 | 4.58181 × 10^318 |
| 58 | ov_058 | 2.38891 × 10^318 |
| 59 | ov_059 | 1.12665 × 10^318 |
| 60 | ov_060 | 4.67323 × 10^317 |
| 61 | ov_061 | 1.63404 × 10^317 |
| 62 | ov_062 | 4.48722 × 10^316 |
| 63 | ov_063 | 8.75605 × 10^315 |
| 64 | lv_79_m31 | 1.70826 × 10^315 |
| 65 | ov_065 | 2.08086 × 10^316 |
| 66 | ov_066 | 2.08085 × 10^316 |
| 67 | ov_067 | 2.08085 × 10^316 |
| 68 | ov_068 | 1.81271 × 10^316 |
| 69 | ov_069 | 1.57187 × 10^316 |
| 70 | ov_070 | 1.35627 × 10^316 |
| 71 | ov_071 | 1.16397 × 10^316 |
| 72 | ov_072 | 9.93144 × 10^315 |
| 73 | ov_073 | 8.42059 × 10^315 |
| 74 | ov_074 | 7.09076 × 10^315 |
| 75 | ov_075 | 5.92643 × 10^315 |
| 76 | ov_076 | 4.91290 × 10^315 |
| 77 | ov_077 | 4.03626 × 10^315 |
| 78 | ov_078 | 3.28336 × 10^315 |
| 79 | ov_079 | 2.64179 × 10^315 |
| 80 | ov_080 | 2.09983 × 10^315 |
| 81 | ov_081 | 1.64647 × 10^315 |
| 82 | ov_082 | 1.27138 × 10^315 |
| 83 | ov_083 | 9.64875 × 10^314 |
| 84 | ov_084 | 7.17942 × 10^314 |
| 85 | ov_085 | 5.22220 × 10^314 |
| 86 | ov_086 | 3.69991 × 10^314 |
| 87 | ov_087 | 2.54181 × 10^314 |
| 88 | ov_088 | 1.68358 × 10^314 |
| 89 | ov_089 | 1.06729 × 10^314 |
| 90 | ov_090 | 6.41369 × 10^313 |
| 91 | ov_091 | 3.60649 × 10^313 |
| 92 | ov_092 | 1.86331 × 10^313 |
| 93 | ov_093 | 8.59925 × 10^312 |
| 94 | ov_094 | 3.35813 × 10^312 |
| 95 | aaa_78_28 | 9.42231 × 10^311 |
| 96 | aaa_78_29 | 2.87094 × 10^311 |
| 97 | ov_097 | 1.65411 × 10^311 |
| 98 | ov_098 | 1.65410 × 10^311 |
| 99 | ov_099 | 1.65410 × 10^311 |
| 100 | ov_100 | 1.44096 × 10^311 |
| 101 | ov_101 | 1.24951 × 10^311 |
| 102 | ov_102 | 1.07812 × 10^311 |
| 103 | ov_103 | 9.25260 × 10^310 |
| 104 | ov_104 | 7.89467 × 10^310 |
| 105 | ov_105 | 6.69367 × 10^310 |
| 106 | ov_106 | 5.63657 × 10^310 |
| 107 | ov_107 | 4.71102 × 10^310 |
| 108 | ov_108 | 3.90535 × 10^310 |
| 109 | ov_109 | 3.20849 × 10^310 |
| 110 | ov_110 | 2.61000 × 10^310 |
| 111 | ov_111 | 2.10000 × 10^310 |
| 112 | ov_112 | 1.66919 × 10^310 |
| 113 | ov_113 | 1.30881 × 10^310 |
| 114 | ov_114 | 1.01064 × 10^310 |
| 115 | ov_115 | 7.66996 × 10^309 |
| 116 | ov_116 | 5.70704 × 10^309 |
| 117 | ov_117 | 4.15121 × 10^309 |
| 118 | ov_118 | 2.94112 × 10^309 |
| 119 | ov_119 | 2.02053 × 10^309 |
| 120 | ov_120 | 1.33831 × 10^309 |
| 121 | ov_121 | 8.48408 × 10^308 |
| 122 | ov_122 | 5.09835 × 10^308 |
| 123 | ov_123 | 2.86686 × 10^308 |
| 124 | ov_124 | 1.48118 × 10^308 |
| 125 | ov_125 | 6.83569 × 10^307 |
| 126 | ov_126 | 2.66944 × 10^307 |
| 127 | aaa_77_28 | 7.48995 × 10^306 |
| 128 | aaa_77_29 | 2.28216 × 10^306 |
| 129 | ov_129 | 1.31433 × 10^306 |
| 130 | ov_130 | 1.31433 × 10^306 |
| 131 | ov_131 | 1.31433 × 10^306 |
| 132 | ov_132 | 1.14490 × 10^306 |
| 133 | ov_133 | 9.92714 × 10^305 |
| 134 | ov_134 | 8.56475 × 10^305 |
| 135 | ov_135 | 7.34961 × 10^305 |
| 136 | ov_136 | 6.27017 × 10^305 |
| 137 | ov_137 | 5.31548 × 10^305 |
| 138 | ov_138 | 4.47517 × 10^305 |
| 139 | ov_139 | 3.73944 × 10^305 |
| 140 | ov_140 | 3.09899 × 10^305 |
| 141 | ov_141 | 2.54505 × 10^305 |
| 142 | ov_142 | 2.06930 × 10^305 |
| 143 | ov_143 | 1.66389 × 10^305 |
| 144 | ov_144 | 1.32143 × 10^305 |
| 145 | ov_145 | 1.03496 × 10^305 |
| 146 | ov_146 | 7.97944 × 10^304 |
| 147 | ov_147 | 6.04264 × 10^304 |
| 148 | ov_148 | 4.48229 × 10^304 |
| 149 | ov_149 | 3.24553 × 10^304 |
| 150 | ov_150 | 2.28361 × 10^304 |
| 151 | ov_151 | 1.55181 × 10^304 |
| 152 | ov_152 | 1.00951 × 10^304 |
| 153 | ov_153 | 6.20076 × 10^303 |
| 154 | ov_154 | 3.50939 × 10^303 |
| 155 | ov_155 | 1.73553 × 10^303 |
| 156 | aaa_76_25 | 6.34037 × 10^302 |
| 157 | aaa_76_26 | 3.31182 × 10^302 |
| 158 | aaa_76_27 | 1.52659 × 10^302 |
| 159 | aaa_76_28 | 5.95389 × 10^301 |
| 160 | aaa_76_29 | 1.81412 × 10^301 |

## Output Bits Sorted by Complexity

| Rank | Output Bit | Complexity |
|:----:|:----------:|:----------:|
| 160 | aaa_76_29 | 1.81412 × 10^301 |
| 159 | aaa_76_28 | 5.95389 × 10^301 |
| 158 | aaa_76_27 | 1.52659 × 10^302 |
| 157 | aaa_76_26 | 3.31182 × 10^302 |
| 156 | aaa_76_25 | 6.34037 × 10^302 |
| 155 | ov_155 | 1.73553 × 10^303 |
| 154 | ov_154 | 3.50939 × 10^303 |
| 153 | ov_153 | 6.20076 × 10^303 |
| 152 | ov_152 | 1.00951 × 10^304 |
| 151 | ov_151 | 1.55181 × 10^304 |
| 150 | ov_150 | 2.28361 × 10^304 |
| 149 | ov_149 | 3.24553 × 10^304 |
| 148 | ov_148 | 4.48229 × 10^304 |
| 147 | ov_147 | 6.04264 × 10^304 |
| 146 | ov_146 | 7.97944 × 10^304 |
| 145 | ov_145 | 1.03496 × 10^305 |
| 144 | ov_144 | 1.32143 × 10^305 |
| 143 | ov_143 | 1.66389 × 10^305 |
| 142 | ov_142 | 2.06930 × 10^305 |
| 141 | ov_141 | 2.54505 × 10^305 |
| 140 | ov_140 | 3.09899 × 10^305 |
| 139 | ov_139 | 3.73944 × 10^305 |
| 138 | ov_138 | 4.47517 × 10^305 |
| 137 | ov_137 | 5.31548 × 10^305 |
| 136 | ov_136 | 6.27017 × 10^305 |
| 135 | ov_135 | 7.34961 × 10^305 |
| 134 | ov_134 | 8.56475 × 10^305 |
| 133 | ov_133 | 9.92714 × 10^305 |
| 132 | ov_132 | 1.14490 × 10^306 |
| 131 | ov_131 | 1.31433 × 10^306 |
| 130 | ov_130 | 1.31433 × 10^306 |
| 129 | ov_129 | 1.31433 × 10^306 |
| 128 | aaa_77_29 | 2.28216 × 10^306 |
| 127 | aaa_77_28 | 7.48995 × 10^306 |
| 126 | ov_126 | 2.66944 × 10^307 |
| 125 | ov_125 | 6.83569 × 10^307 |
| 124 | ov_124 | 1.48118 × 10^308 |
| 123 | ov_123 | 2.86686 × 10^308 |
| 122 | ov_122 | 5.09835 × 10^308 |
| 121 | ov_121 | 8.48408 × 10^308 |
| 120 | ov_120 | 1.33831 × 10^309 |
| 119 | ov_119 | 2.02053 × 10^309 |
| 118 | ov_118 | 2.94112 × 10^309 |
| 117 | ov_117 | 4.15121 × 10^309 |
| 116 | ov_116 | 5.70704 × 10^309 |
| 115 | ov_115 | 7.66996 × 10^309 |
| 114 | ov_114 | 1.01064 × 10^310 |
| 113 | ov_113 | 1.30881 × 10^310 |
| 112 | ov_112 | 1.66919 × 10^310 |
| 111 | ov_111 | 2.10000 × 10^310 |
| 110 | ov_110 | 2.61000 × 10^310 |
| 109 | ov_109 | 3.20849 × 10^310 |
| 108 | ov_108 | 3.90535 × 10^310 |
| 107 | ov_107 | 4.71102 × 10^310 |
| 106 | ov_106 | 5.63657 × 10^310 |
| 105 | ov_105 | 6.69367 × 10^310 |
| 104 | ov_104 | 7.89467 × 10^310 |
| 103 | ov_103 | 9.25260 × 10^310 |
| 102 | ov_102 | 1.07812 × 10^311 |
| 101 | ov_101 | 1.24951 × 10^311 |
| 100 | ov_100 | 1.44096 × 10^311 |
| 99 | ov_099 | 1.65410 × 10^311 |
| 98 | ov_098 | 1.65410 × 10^311 |
| 97 | ov_097 | 1.65411 × 10^311 |
| 96 | aaa_78_29 | 2.87094 × 10^311 |
| 95 | aaa_78_28 | 9.42231 × 10^311 |
| 94 | ov_094 | 3.35813 × 10^312 |
| 93 | ov_093 | 8.59925 × 10^312 |
| 92 | ov_092 | 1.86331 × 10^313 |
| 91 | ov_091 | 3.60649 × 10^313 |
| 90 | ov_090 | 6.41369 × 10^313 |
| 89 | ov_089 | 1.06729 × 10^314 |
| 88 | ov_088 | 1.68358 × 10^314 |
| 87 | ov_087 | 2.54181 × 10^314 |
| 86 | ov_086 | 3.69991 × 10^314 |
| 85 | ov_085 | 5.22220 × 10^314 |
| 84 | ov_084 | 7.17942 × 10^314 |
| 83 | ov_083 | 9.64875 × 10^314 |
| 82 | ov_082 | 1.27138 × 10^315 |
| 81 | ov_081 | 1.64647 × 10^315 |
| 64 | lv_79_m31 | 1.70826 × 10^315 |
| 80 | ov_080 | 2.09983 × 10^315 |
| 79 | ov_079 | 2.64179 × 10^315 |
| 78 | ov_078 | 3.28336 × 10^315 |
| 77 | ov_077 | 4.03626 × 10^315 |
| 76 | ov_076 | 4.91290 × 10^315 |
| 75 | ov_075 | 5.92643 × 10^315 |
| 74 | ov_074 | 7.09076 × 10^315 |
| 73 | ov_073 | 8.42059 × 10^315 |
| 63 | ov_063 | 8.75605 × 10^315 |
| 72 | ov_072 | 9.93144 × 10^315 |
| 71 | ov_071 | 1.16397 × 10^316 |
| 70 | ov_070 | 1.35627 × 10^316 |
| 69 | ov_069 | 1.57187 × 10^316 |
| 68 | ov_068 | 1.81271 × 10^316 |
| 67 | ov_067 | 2.08085 × 10^316 |
| 66 | ov_066 | 2.08085 × 10^316 |
| 65 | ov_065 | 2.08086 × 10^316 |
| 62 | ov_062 | 4.48722 × 10^316 |
| 61 | ov_061 | 1.63404 × 10^317 |
| 60 | ov_060 | 4.67323 × 10^317 |
| 59 | ov_059 | 1.12665 × 10^318 |
| 58 | ov_058 | 2.38891 × 10^318 |
| 57 | ov_057 | 4.58181 × 10^318 |
| 56 | ov_056 | 8.11325 × 10^318 |
| 55 | ov_055 | 1.34713 × 10^319 |
| 54 | ov_054 | 2.12243 × 10^319 |
| 53 | ov_053 | 3.20207 × 10^319 |
| 52 | ov_052 | 4.65894 × 10^319 |
| 51 | ov_051 | 6.57397 × 10^319 |
| 50 | ov_050 | 9.03615 × 10^319 |
| 49 | ov_049 | 1.21425 × 10^320 |
| 48 | ov_048 | 1.59983 × 10^320 |
| 47 | ov_047 | 2.07170 × 10^320 |
| 32 | lv_80_m31 | 2.14898 × 10^320 |
| 46 | ov_046 | 2.64202 × 10^320 |
| 45 | ov_045 | 3.32380 × 10^320 |
| 44 | ov_044 | 4.13089 × 10^320 |
| 43 | ov_043 | 5.07803 × 10^320 |
| 42 | ov_042 | 6.18084 × 10^320 |
| 41 | ov_041 | 7.45586 × 10^320 |
| 40 | ov_040 | 8.92058 × 10^320 |
| 39 | ov_039 | 1.05934 × 10^321 |
| 31 | ov_031 | 1.10150 × 10^321 |
| 38 | ov_038 | 1.24941 × 10^321 |
| 37 | ov_037 | 1.46431 × 10^321 |
| 36 | ov_036 | 1.70622 × 10^321 |
| 35 | ov_035 | 1.97745 × 10^321 |
| 34 | ov_034 | 2.28043 × 10^321 |
| 33 | ov_033 | 2.61774 × 10^321 |
| 30 | ov_030 | 5.64490 × 10^321 |
| 29 | ov_029 | 2.05561 × 10^322 |
| 28 | ov_028 | 5.87889 × 10^322 |
| 27 | ov_027 | 1.41732 × 10^323 |
| 26 | ov_026 | 3.00523 × 10^323 |
| 25 | ov_025 | 5.76389 × 10^323 |
| 24 | ov_024 | 1.02064 × 10^324 |
| 23 | ov_023 | 1.69468 × 10^324 |
| 22 | ov_022 | 2.67000 × 10^324 |
| 21 | ov_021 | 4.02818 × 10^324 |
| 20 | ov_020 | 5.86092 × 10^324 |
| 19 | ov_019 | 8.27001 × 10^324 |
| 18 | ov_018 | 1.13674 × 10^325 |
| 17 | ov_017 | 1.52752 × 10^325 |
| 16 | ov_016 | 2.01258 × 10^325 |
| 15 | ov_015 | 2.60619 × 10^325 |
| 14 | ov_014 | 3.32364 × 10^325 |
| 13 | ov_013 | 4.18131 × 10^325 |
| 12 | ov_012 | 5.19663 × 10^325 |
| 11 | ov_011 | 6.38813 × 10^325 |
| 10 | ov_010 | 7.77545 × 10^325 |
| 9 | ov_009 | 9.37941 × 10^325 |
| 8 | ov_008 | 1.12220 × 10^326 |
| 7 | ov_007 | 1.33265 × 10^326 |
| 6 | ov_006 | 1.57175 × 10^326 |
| 5 | ov_005 | 1.84209 × 10^326 |
| 4 | ov_004 | 2.14641 × 10^326 |
| 3 | ov_003 | 2.48762 × 10^326 |
| 2 | ov_002 | 2.86876 × 10^326 |
| 1 | ov_001 | 3.29310 × 10^326 |

