# Results for F001-F002-F003-F004-F005-F006-F007-F008-F009-F010-F011-F012-F013-F014-F015-F016-F017-F018-F019-F020-F021-F022-F023-F024-F025-F026-F027-F028-F029-F030-F031-F032-F033-F034-F035-F036-F037-F038-F039-F040-F041-F042-F043-F044-F045-F046-F047-F048-F049-F050-F051-F052-F053-F054-F055-F056-F057-F058-F059-F060-F061-F062-F063-F064-F065-F066-F067-F068-F069-F070-F071-F072-F073-F074-F075-F076-F077-F078-F079-F080-F081-F082-F083-F084-F085-F086-F087-F088-F089-F090-F091-F092-F093-F094-F095-F096-F097-F098-F099-F100-F101-F102-F103-F104-F105-F106-F107-F108-F109-F110-F111-F112-F113-F114-F115-F116-F117-F118-F119-F120-F121-F122-F123-F124-F125-F126-F127-F128-F129-F130-F131-F132-F133-F134-F135-F136-F137-F138-F139-F140-F141-F142-F143-F144-F145-F146-F147-F148-F149-F150-F151-F152-F153-F154-F155-F156-F157-F158-F159-F160-F161-F162-F163-F164-F165-F166-F167-F168-F169-F170-F171-F172-F173-F174-F175-F176-F177-F178-F179-F180-F181-F182-F183-F184-F185-F186-F187-F188-F189-F190-F191-F192-F193-F194-F195-F196-F197-F198-F199-F200-F201-F202-F203-F204-F205-F206-F207-F208-F209-F210-F211-F212-F213-F214-F215-F216-F217-F218-F219-F220-F221-F222-F223-F224-F225-F226-F227-F228-F229-F230-F231-F232-F233-F234-F235-F236-F237-F238-F239-F240-F241-F242-F243-F244-F245-F246-F247-F248-F249-F250-F251-F252-F253-F254-F255-F256-F257-F258-F259-F260-F261-F262-F263-F264-F265-F266-F267-F268-F269-F270-F271-F272-F273-F274-F275-F276-F277-F278-F279-F280-F281-F282-F283-F284-F285-F286-F287-F288-F289-F290-F291-F292-F293-F294-F295-F296-F297-F298-F299-F300-F301-F302-F303-F304-F305-F306-F307-F308-F309-F310-F311-F312-F313-F314-F315-F316-F317-F318-F319-F320-F321-F322-F323-F324-F325-F326-F327-F328-F329-F330-F331-F332-F333-F334-F335-F336-F337-F338-F339-F340-F341-F342-F343-F344-F345-F346-F347-F348-F349-F350-F351-F352-F353-F354-F355-F356-F357-F358-F359-F360-F361-F362-F363-F364-F365-F366-F367-F368-F369-F370-F371-F372-F373-F374-F375-F376-F377-F378-F379-F380-F381-F382-F383-F384-F385-F386-F387-F388-F389-F390-F391-F392-F393-F394-F395-F396-F397-F398-F399-F400-F401-F402-F403-F404-F405-F406-F407-F408-F409-F410-F411-F412-F413-F414-F415-F416-F417-F418-F419-F420-F421-F422-F423-F424-F425-F426-F427-F428-F429-F430-F431-F432-F433-F434-F435-F436-F437-F438-F439-F440-F441-F442-F443-F444-F445-F446-F447-F448-F449-F450-F451-F452-F453-F454-F455-F456-F457-F458-F459-F460-F461-F462-F463-F464-F465-F466-F467-F468-F469-F470-F471-F472-F473-F474-F475-F476-F477-F478-F479-F480-F481-F482-F483-F484-F485-F486-F487-F488-F489-F490-F491-F492-F493-F494-F495-F496-E498507-E500501-F508-F509-F510-F511-F512

## Summary

Number of input bits: 512  
Number of free input bits: 9  
Number of output bits: 160

Number of direct occurrences: 35750  
Number of assignments: 30778  
Number of operations: 10669516
(xor: 10641626,
and: 14714,
or: 13176)

Total complexity: 8.864026098942829 × 10^295

Least occurring input variable: iv_502 (3822)  
Most occurring input variable: iv_498 (4212)

Most co-occurring input variables: iv_497-iv_503 (1945)  
Least co-occurring input variables: iv_502-iv_505 (1746)

Potentially most occurring input variable: iv_498/iv_500 (4582)  
Potentially least occurring input variable: iv_499/iv_505 (4080)

Least output occurring input variable: iv_498 (61)  
Most output occurring input variable: iv_506 (93)

Most output co-occurring input variables: iv_502-iv_506 (51)  
Least output co-occurring input variables: iv_498-iv_502 (25)

Potentially most output occurring input variable: iv_500/iv_506 (93)  
Potentially least output occurring input variable: iv_497/iv_500 (69)

Least complex input bit: iv_497 (5.384312768983449 × 10^293)  
Most complex input bit: iv_505 (2.6260774397816884 × 10^295)

Least complex output bit: aaa_76_29 (2.3114247341955075 × 10^271)  
Most complex output bit: ov_001 (1.4302932261605193 × 10^295)

Least complex input/output complexity: iv_497/aaa_76_29 (1.404038477769978 × 10^269)  
Most complex input/output complexity: iv_505/ov_001 (4.2374207065350124 × 10^294)

## Input Bits

### Input Bits in Regular Order

| Input Bit | Complexity | Occurrences | Output Occurrences |
|:---------:|:----------:|:-----------:|:------------------:|
| iv_497 | 5.384312768983449 × 10^293 | 3993 | 77 |
| iv_498 | 6.765807135776623 × 10^294 | 4212 | 61 |
| iv_499 | 1.888775253325111 × 10^294 | 3874 | 81 |
| iv_500 | 6.45683367925868 × 10^294 | 4054 | 80 |
| iv_502 | 8.321238716047914 × 10^294 | 3822 | 82 |
| iv_503 | 1.3145482865009152 × 10^295 | 3983 | 75 |
| iv_504 | 2.039167161905245 × 10^295 | 3866 | 78 |
| iv_505 | 2.6260774397816884 × 10^295 | 3906 | 82 |
| iv_506 | 4.8712460462431074 × 10^294 | 4040 | 93 |

### Input Bits Sorted by Complexity

| Input Bit | Complexity | Occurrences | Output Occurrences |
|:---------:|:----------:|:-----------:|:------------------:|
| iv_497 | 5.384312768983449 × 10^293 | 3993 | 77 |
| iv_499 | 1.888775253325111 × 10^294 | 3874 | 81 |
| iv_506 | 4.8712460462431074 × 10^294 | 4040 | 93 |
| iv_500 | 6.45683367925868 × 10^294 | 4054 | 80 |
| iv_498 | 6.765807135776623 × 10^294 | 4212 | 61 |
| iv_502 | 8.321238716047914 × 10^294 | 3822 | 82 |
| iv_503 | 1.3145482865009152 × 10^295 | 3983 | 75 |
| iv_504 | 2.039167161905245 × 10^295 | 3866 | 78 |
| iv_505 | 2.6260774397816884 × 10^295 | 3906 | 82 |

### Input Bits Sorted by Occurrences

| Input Bit | Complexity | Occurrences | Output Occurrences |
|:---------:|:----------:|:-----------:|:------------------:|
| iv_502 | 8.321238716047914 × 10^294 | 3822 | 82 |
| iv_504 | 2.039167161905245 × 10^295 | 3866 | 78 |
| iv_499 | 1.888775253325111 × 10^294 | 3874 | 81 |
| iv_505 | 2.6260774397816884 × 10^295 | 3906 | 82 |
| iv_503 | 1.3145482865009152 × 10^295 | 3983 | 75 |
| iv_497 | 5.384312768983449 × 10^293 | 3993 | 77 |
| iv_506 | 4.8712460462431074 × 10^294 | 4040 | 93 |
| iv_500 | 6.45683367925868 × 10^294 | 4054 | 80 |
| iv_498 | 6.765807135776623 × 10^294 | 4212 | 61 |

### Input Bits Sorted by Output Occurrences

| Input Bit | Complexity | Occurrences | Output Occurrences |
|:---------:|:----------:|:-----------:|:------------------:|
| iv_498 | 6.765807135776623 × 10^294 | 4212 | 61 |
| iv_503 | 1.3145482865009152 × 10^295 | 3983 | 75 |
| iv_497 | 5.384312768983449 × 10^293 | 3993 | 77 |
| iv_504 | 2.039167161905245 × 10^295 | 3866 | 78 |
| iv_500 | 6.45683367925868 × 10^294 | 4054 | 80 |
| iv_499 | 1.888775253325111 × 10^294 | 3874 | 81 |
| iv_502 | 8.321238716047914 × 10^294 | 3822 | 82 |
| iv_505 | 2.6260774397816884 × 10^295 | 3906 | 82 |
| iv_506 | 4.8712460462431074 × 10^294 | 4040 | 93 |

## Input Bit Co-occurrences

### Input Bit Co-occurrences Sorted by Co-occurrences

| Input Bits | Co-occurrences | Potential Occurrences | Output Co-occurrences | Potential Output Occurrences |
|:----------:|:--------------:|:---------------------:|:---------------------:|:----------------------------:|
| iv_497-iv_503 | 1945 | 4086 | 37 | 78 |
| iv_498-iv_503 | 1916 | 4363 | 28 | 80 |
| iv_498-iv_506 | 1910 | 4432 | 38 | 78 |
| iv_497-iv_506 | 1901 | 4231 | 40 | 90 |
| iv_497-iv_505 | 1895 | 4109 | 43 | 73 |
| iv_499-iv_500 | 1888 | 4152 | 43 | 75 |
| iv_505-iv_506 | 1882 | 4182 | 45 | 85 |
| iv_503-iv_506 | 1879 | 4265 | 44 | 80 |
| iv_500-iv_505 | 1877 | 4206 | 43 | 76 |

### Input Bit Co-occurrences Sorted by Potential Occurrences

| Input Bits | Co-occurrences | Potential Occurrences | Output Co-occurrences | Potential Output Occurrences |
|:----------:|:--------------:|:---------------------:|:---------------------:|:----------------------------:|
| iv_499-iv_505 | 1850 | 4080 | 37 | 89 |
| iv_499-iv_504 | 1828 | 4084 | 38 | 83 |
| iv_497-iv_503 | 1945 | 4086 | 37 | 78 |
| iv_497-iv_505 | 1895 | 4109 | 43 | 73 |
| iv_504-iv_505 | 1819 | 4134 | 36 | 88 |
| iv_502-iv_506 | 1862 | 4138 | 51 | 73 |
| iv_497-iv_499 | 1862 | 4143 | 40 | 78 |
| iv_499-iv_500 | 1888 | 4152 | 43 | 75 |
| iv_502-iv_504 | 1767 | 4154 | 42 | 76 |

### Input Bit Output Co-occurrences Sorted by Output Co-occurrences

| Input Bits | Co-occurrences | Potential Occurrences | Output Co-occurrences | Potential Output Occurrences |
|:----------:|:--------------:|:---------------------:|:---------------------:|:----------------------------:|
| iv_502-iv_506 | 1862 | 4138 | 51 | 73 |
| iv_499-iv_506 | 1829 | 4256 | 49 | 76 |
| iv_504-iv_506 | 1875 | 4156 | 45 | 81 |
| iv_505-iv_506 | 1882 | 4182 | 45 | 85 |
| iv_497-iv_500 | 1869 | 4309 | 44 | 69 |
| iv_503-iv_506 | 1879 | 4265 | 44 | 80 |
| iv_499-iv_500 | 1888 | 4152 | 43 | 75 |
| iv_497-iv_505 | 1895 | 4109 | 43 | 73 |
| iv_500-iv_505 | 1877 | 4206 | 43 | 76 |

### Input Bit Output Co-occurrences Sorted by Potential Output Occurrences

| Input Bits | Co-occurrences | Potential Occurrences | Output Co-occurrences | Potential Output Occurrences |
|:----------:|:--------------:|:---------------------:|:---------------------:|:----------------------------:|
| iv_497-iv_500 | 1869 | 4309 | 44 | 69 |
| iv_500-iv_503 | 1860 | 4317 | 42 | 71 |
| iv_497-iv_498 | 1861 | 4483 | 33 | 72 |
| iv_502-iv_506 | 1862 | 4138 | 51 | 73 |
| iv_497-iv_505 | 1895 | 4109 | 43 | 73 |
| iv_498-iv_499 | 1851 | 4384 | 34 | 74 |
| iv_499-iv_500 | 1888 | 4152 | 43 | 75 |
| iv_502-iv_504 | 1767 | 4154 | 42 | 76 |
| iv_499-iv_506 | 1829 | 4256 | 49 | 76 |

## Output Bits

### Output Bits in Regular Order

| Rank | Output Bit | Complexity |
|:----:|:----------:|:----------:|
| 1 | ov_001 | 1.4302932261605193 × 10^295 |
| 2 | ov_002 | 1.2385459079586108 × 10^295 |
| 3 | ov_003 | 1.0669628492350044 × 10^295 |
| 4 | ov_004 | 9.14006397151688 × 10^294 |
| 5 | ov_005 | 7.782227382334432 × 10^294 |
| 6 | ov_006 | 6.582358765366546 × 10^294 |
| 7 | ov_007 | 5.5274239651625474 × 10^294 |
| 8 | ov_008 | 4.605069636443893 × 10^294 |
| 9 | ov_009 | 3.8035850445641386 × 10^294 |
| 10 | ov_010 | 3.111869969986642 × 10^294 |
| 11 | ov_011 | 2.519408018572052 × 10^294 |
| 12 | ov_012 | 2.0162446793412686 × 10^294 |
| 13 | ov_013 | 1.5929695105172363 × 10^294 |
| 14 | ov_014 | 1.2407018732216317 × 10^294 |
| 15 | ov_015 | 9.51079670349393 × 10^293 |
| 16 | ov_016 | 7.162505859748343 × 10^293 |
| 17 | ov_017 | 5.2886535824231984 × 10^293 |
| 18 | ov_018 | 3.8207265612553705 × 10^293 |
| 19 | ov_019 | 2.6951518761740454 × 10^293 |
| 20 | ov_020 | 1.853267614219422 × 10^293 |
| 21 | ov_021 | 1.2413011171286319 × 10^293 |
| 22 | ov_022 | 8.103533628839886 × 10^292 |
| 23 | ov_023 | 5.163881701246549 × 10^292 |
| 24 | ov_024 | 3.202250998511235 × 10^292 |
| 25 | ov_025 | 1.8753511434124575 × 10^292 |
| 26 | ov_026 | 1.0236614826406176 × 10^292 |
| 27 | ov_027 | 5.119025408132358 × 10^291 |
| 28 | ov_028 | 2.2903274104153208 × 10^291 |
| 29 | ov_029 | 8.82472833607192 × 10^290 |
| 30 | ov_030 | 2.6977850930586862 × 10^290 |
| 31 | ov_031 | 5.26234700109643 × 10^289 |
| 32 | lv_80_m31 | 1.0263478536977788 × 10^289 |
| 33 | ov_033 | 1.2276085349315994 × 10^290 |
| 34 | ov_034 | 1.0645881445049748 × 10^290 |
| 35 | ov_035 | 9.187751872853514 × 10^289 |
| 36 | ov_036 | 7.887111293273627 × 10^289 |
| 37 | ov_037 | 6.73015570733964 × 10^289 |
| 38 | ov_038 | 5.703807853547249 × 10^289 |
| 39 | ov_039 | 4.795670168053344 × 10^289 |
| 40 | ov_040 | 3.993984527219765 × 10^289 |
| 41 | ov_041 | 3.293027097356516 × 10^289 |
| 42 | ov_042 | 2.687368820398142 × 10^289 |
| 43 | ov_043 | 2.1718622473054278 × 10^289 |
| 44 | ov_044 | 1.7370153916221022 × 10^289 |
| 45 | ov_045 | 1.3738522268338435 × 10^289 |
| 46 | ov_046 | 1.0738996302261304 × 10^289 |
| 47 | ov_047 | 8.291771210475698 × 10^288 |
| 48 | ov_048 | 6.321889391488154 × 10^288 |
| 49 | ov_049 | 4.75918045300953 × 10^288 |
| 50 | ov_050 | 3.538216587829572 × 10^288 |
| 51 | ov_051 | 2.598279817086832 × 10^288 |
| 52 | ov_052 | 1.883338087333661 × 10^288 |
| 53 | ov_053 | 1.3420279895676919 × 10^288 |
| 54 | ov_054 | 9.276425866543585 × 10^287 |
| 55 | ov_055 | 6.179912865172056 × 10^287 |
| 56 | ov_056 | 3.932059803280777 × 10^287 |
| 57 | ov_057 | 2.3573900643643666 × 10^287 |
| 58 | ov_058 | 1.3036196745601149 × 10^287 |
| 59 | ov_059 | 6.416510196900409 × 10^286 |
| 60 | ov_060 | 2.65569929597849 × 10^286 |
| 61 | ov_061 | 9.264460312837236 × 10^285 |
| 62 | ov_062 | 2.5380891442511945 × 10^285 |
| 63 | ov_063 | 4.939955018796722 × 10^284 |
| 64 | lv_79_m31 | 9.61262952060776 × 10^283 |
| 65 | ov_065 | 1.1425458793512608 × 10^285 |
| 66 | ov_066 | 1.1425420081049452 × 10^285 |
| 67 | ov_067 | 1.1425410605729882 × 10^285 |
| 68 | ov_068 | 9.848670059790042 × 10^284 |
| 69 | ov_069 | 8.44689990450657 × 10^284 |
| 70 | ov_070 | 7.205441390444397 × 10^284 |
| 71 | ov_071 | 6.110538183437561 × 10^284 |
| 72 | ov_072 | 5.1492752301396485 × 10^284 |
| 73 | ov_073 | 4.309523018699406 × 10^284 |
| 74 | ov_074 | 3.579886952117502 × 10^284 |
| 75 | ov_075 | 2.9496615622025796 × 10^284 |
| 76 | ov_076 | 2.4087893004741215 × 10^284 |
| 77 | ov_077 | 1.947823649118614 × 10^284 |
| 78 | ov_078 | 1.5578963004397568 × 10^284 |
| 79 | ov_079 | 1.2306881573813826 × 10^284 |
| 80 | ov_080 | 9.584039108550261 × 10^283 |
| 81 | ov_081 | 7.337499519674745 × 10^283 |
| 82 | ov_082 | 5.532023412525905 × 10^283 |
| 83 | ov_083 | 4.1041674699833385 × 10^283 |
| 84 | ov_084 | 2.995018882902342 × 10^283 |
| 85 | ov_085 | 2.1500839646185803 × 10^283 |
| 86 | ov_086 | 1.5191982039919624 × 10^283 |
| 87 | ov_087 | 1.0564553918858646 × 10^283 |
| 88 | ov_088 | 7.201534578670557 × 10^282 |
| 89 | ov_089 | 4.7275465501195567 × 10^282 |
| 90 | ov_090 | 2.965270367897603 × 10^282 |
| 91 | ov_091 | 1.758012976997209 × 10^282 |
| 92 | ov_092 | 9.696378283123415 × 10^281 |
| 93 | ov_093 | 4.845255924864186 × 10^281 |
| 94 | ov_094 | 2.0755486133468296 × 10^281 |
| 95 | aaa_78_28 | 6.409427153190344 × 10^280 |
| 96 | aaa_78_29 | 1.9685197611942132 × 10^280 |
| 97 | ov_097 | 1.300286880873326 × 10^280 |
| 98 | ov_098 | 1.3002481001576026 × 10^280 |
| 99 | ov_099 | 1.3002357266670381 × 10^280 |
| 100 | ov_100 | 1.1702032647100636 × 10^280 |
| 101 | ov_101 | 1.0497340130467946 × 10^280 |
| 102 | ov_102 | 9.383079130836418 × 10^279 |
| 103 | ov_103 | 8.354428690465578 × 10^279 |
| 104 | ov_104 | 7.40689673239178 × 10^279 |
| 105 | ov_105 | 6.53627404596329 × 10^279 |
| 106 | ov_106 | 5.738592767056199 × 10^279 |
| 107 | ov_107 | 5.0100891222818174 × 10^279 |
| 108 | ov_108 | 4.347170212387758 × 10^279 |
| 109 | ov_109 | 3.746384614522797 × 10^279 |
| 110 | ov_110 | 3.2043965863165234 × 10^279 |
| 111 | ov_111 | 2.7179636570459823 × 10^279 |
| 112 | ov_112 | 2.2839173927333487 × 10^279 |
| 113 | ov_113 | 1.8991471230347625 × 10^279 |
| 114 | ov_114 | 1.5605864184155168 × 10^279 |
| 115 | ov_115 | 1.26520210650761 × 10^279 |
| 116 | ov_116 | 1.0099856168155599 × 10^279 |
| 117 | ov_117 | 7.919464431309056 × 10^278 |
| 118 | ov_118 | 6.081073142082862 × 10^278 |
| 119 | ov_119 | 4.555004906935748 × 10^278 |
| 120 | ov_120 | 3.311648578811569 × 10^278 |
| 121 | ov_121 | 2.3214370914584353 × 10^278 |
| 122 | ov_122 | 1.5548311490949067 × 10^278 |
| 123 | ov_123 | 9.823077200785348 × 10^277 |
| 124 | ov_124 | 5.743522832300825 × 10^277 |
| 125 | ov_125 | 3.0145403013488723 × 10^277 |
| 126 | ov_126 | 1.3410342109978306 × 10^277 |
| 127 | aaa_77_28 | 4.279124839320526 × 10^276 |
| 128 | aaa_77_29 | 1.602486144086183 × 10^276 |
| 129 | ov_129 | 1.4663561769909394 × 10^276 |
| 130 | ov_130 | 1.4663516829997663 × 10^276 |
| 131 | ov_131 | 1.4663505988788943 × 10^276 |
| 132 | ov_132 | 1.2671876956030945 × 10^276 |
| 133 | ov_133 | 1.0892171243483756 × 10^276 |
| 134 | ov_134 | 9.308271439468399 × 10^275 |
| 135 | ov_135 | 7.904897980336733 × 10^275 |
| 136 | ov_136 | 6.667548923773794 × 10^275 |
| 137 | ov_137 | 5.582448762333973 × 10^275 |
| 138 | ov_138 | 4.6365053630423716 × 10^275 |
| 139 | ov_139 | 3.817274164320846 × 10^275 |
| 140 | ov_140 | 3.1129288058766358 × 10^275 |
| 141 | ov_141 | 2.51223741080195 × 10^275 |
| 142 | ov_142 | 2.0045437822009925 × 10^275 |
| 143 | ov_143 | 1.5797528193603925 × 10^275 |
| 144 | ov_144 | 1.2283195009352934 × 10^275 |
| 145 | ov_145 | 9.412408249197586 × 10^274 |
| 146 | ov_146 | 7.100501373563672 × 10^274 |
| 147 | ov_147 | 5.268133238446488 × 10^274 |
| 148 | ov_148 | 3.841263799495512 × 10^274 |
| 149 | ov_149 | 2.7511391860376314 × 10^274 |
| 150 | ov_150 | 1.9342823430962782 × 10^274 |
| 151 | ov_151 | 1.3324865966324092 × 10^274 |
| 152 | ov_152 | 8.928108922396865 × 10^273 |
| 153 | ov_153 | 5.675763002097516 × 10^273 |
| 154 | ov_154 | 3.342585225973055 × 10^273 |
| 155 | ov_155 | 1.7296260767957608 × 10^273 |
| 156 | aaa_76_25 | 6.64223733809251 × 10^272 |
| 157 | aaa_76_26 | 3.8314070437999314 × 10^272 |
| 158 | aaa_76_27 | 1.9587164489730516 × 10^272 |
| 159 | aaa_76_28 | 7.613509350353442 × 10^271 |
| 160 | aaa_76_29 | 2.3114247341955075 × 10^271 |

### Output Bits Sorted by Complexity

| Rank | Output Bit | Complexity |
|:----:|:----------:|:----------:|
| 160 | aaa_76_29 | 2.3114247341955075 × 10^271 |
| 159 | aaa_76_28 | 7.613509350353442 × 10^271 |
| 158 | aaa_76_27 | 1.9587164489730516 × 10^272 |
| 157 | aaa_76_26 | 3.8314070437999314 × 10^272 |
| 156 | aaa_76_25 | 6.64223733809251 × 10^272 |
| 155 | ov_155 | 1.7296260767957608 × 10^273 |
| 154 | ov_154 | 3.342585225973055 × 10^273 |
| 153 | ov_153 | 5.675763002097516 × 10^273 |
| 152 | ov_152 | 8.928108922396865 × 10^273 |
| 151 | ov_151 | 1.3324865966324092 × 10^274 |
| 150 | ov_150 | 1.9342823430962782 × 10^274 |
| 149 | ov_149 | 2.7511391860376314 × 10^274 |
| 148 | ov_148 | 3.841263799495512 × 10^274 |
| 147 | ov_147 | 5.268133238446488 × 10^274 |
| 146 | ov_146 | 7.100501373563672 × 10^274 |
| 145 | ov_145 | 9.412408249197586 × 10^274 |
| 144 | ov_144 | 1.2283195009352934 × 10^275 |
| 143 | ov_143 | 1.5797528193603925 × 10^275 |
| 142 | ov_142 | 2.0045437822009925 × 10^275 |
| 141 | ov_141 | 2.51223741080195 × 10^275 |
| 140 | ov_140 | 3.1129288058766358 × 10^275 |
| 139 | ov_139 | 3.817274164320846 × 10^275 |
| 138 | ov_138 | 4.6365053630423716 × 10^275 |
| 137 | ov_137 | 5.582448762333973 × 10^275 |
| 136 | ov_136 | 6.667548923773794 × 10^275 |
| 135 | ov_135 | 7.904897980336733 × 10^275 |
| 134 | ov_134 | 9.308271439468399 × 10^275 |
| 133 | ov_133 | 1.0892171243483756 × 10^276 |
| 132 | ov_132 | 1.2671876956030945 × 10^276 |
| 131 | ov_131 | 1.4663505988788943 × 10^276 |
| 130 | ov_130 | 1.4663516829997663 × 10^276 |
| 129 | ov_129 | 1.4663561769909394 × 10^276 |
| 128 | aaa_77_29 | 1.602486144086183 × 10^276 |
| 127 | aaa_77_28 | 4.279124839320526 × 10^276 |
| 126 | ov_126 | 1.3410342109978306 × 10^277 |
| 125 | ov_125 | 3.0145403013488723 × 10^277 |
| 124 | ov_124 | 5.743522832300825 × 10^277 |
| 123 | ov_123 | 9.823077200785348 × 10^277 |
| 122 | ov_122 | 1.5548311490949067 × 10^278 |
| 121 | ov_121 | 2.3214370914584353 × 10^278 |
| 120 | ov_120 | 3.311648578811569 × 10^278 |
| 119 | ov_119 | 4.555004906935748 × 10^278 |
| 118 | ov_118 | 6.081073142082862 × 10^278 |
| 117 | ov_117 | 7.919464431309056 × 10^278 |
| 116 | ov_116 | 1.0099856168155599 × 10^279 |
| 115 | ov_115 | 1.26520210650761 × 10^279 |
| 114 | ov_114 | 1.5605864184155168 × 10^279 |
| 113 | ov_113 | 1.8991471230347625 × 10^279 |
| 112 | ov_112 | 2.2839173927333487 × 10^279 |
| 111 | ov_111 | 2.7179636570459823 × 10^279 |
| 110 | ov_110 | 3.2043965863165234 × 10^279 |
| 109 | ov_109 | 3.746384614522797 × 10^279 |
| 108 | ov_108 | 4.347170212387758 × 10^279 |
| 107 | ov_107 | 5.0100891222818174 × 10^279 |
| 106 | ov_106 | 5.738592767056199 × 10^279 |
| 105 | ov_105 | 6.53627404596329 × 10^279 |
| 104 | ov_104 | 7.40689673239178 × 10^279 |
| 103 | ov_103 | 8.354428690465578 × 10^279 |
| 102 | ov_102 | 9.383079130836418 × 10^279 |
| 101 | ov_101 | 1.0497340130467946 × 10^280 |
| 100 | ov_100 | 1.1702032647100636 × 10^280 |
| 99 | ov_099 | 1.3002357266670381 × 10^280 |
| 98 | ov_098 | 1.3002481001576026 × 10^280 |
| 97 | ov_097 | 1.300286880873326 × 10^280 |
| 96 | aaa_78_29 | 1.9685197611942132 × 10^280 |
| 95 | aaa_78_28 | 6.409427153190344 × 10^280 |
| 94 | ov_094 | 2.0755486133468296 × 10^281 |
| 93 | ov_093 | 4.845255924864186 × 10^281 |
| 92 | ov_092 | 9.696378283123415 × 10^281 |
| 91 | ov_091 | 1.758012976997209 × 10^282 |
| 90 | ov_090 | 2.965270367897603 × 10^282 |
| 89 | ov_089 | 4.7275465501195567 × 10^282 |
| 88 | ov_088 | 7.201534578670557 × 10^282 |
| 87 | ov_087 | 1.0564553918858646 × 10^283 |
| 86 | ov_086 | 1.5191982039919624 × 10^283 |
| 85 | ov_085 | 2.1500839646185803 × 10^283 |
| 84 | ov_084 | 2.995018882902342 × 10^283 |
| 83 | ov_083 | 4.1041674699833385 × 10^283 |
| 82 | ov_082 | 5.532023412525905 × 10^283 |
| 81 | ov_081 | 7.337499519674745 × 10^283 |
| 80 | ov_080 | 9.584039108550261 × 10^283 |
| 64 | lv_79_m31 | 9.61262952060776 × 10^283 |
| 79 | ov_079 | 1.2306881573813826 × 10^284 |
| 78 | ov_078 | 1.5578963004397568 × 10^284 |
| 77 | ov_077 | 1.947823649118614 × 10^284 |
| 76 | ov_076 | 2.4087893004741215 × 10^284 |
| 75 | ov_075 | 2.9496615622025796 × 10^284 |
| 74 | ov_074 | 3.579886952117502 × 10^284 |
| 73 | ov_073 | 4.309523018699406 × 10^284 |
| 63 | ov_063 | 4.939955018796722 × 10^284 |
| 72 | ov_072 | 5.1492752301396485 × 10^284 |
| 71 | ov_071 | 6.110538183437561 × 10^284 |
| 70 | ov_070 | 7.205441390444397 × 10^284 |
| 69 | ov_069 | 8.44689990450657 × 10^284 |
| 68 | ov_068 | 9.848670059790042 × 10^284 |
| 67 | ov_067 | 1.1425410605729882 × 10^285 |
| 66 | ov_066 | 1.1425420081049452 × 10^285 |
| 65 | ov_065 | 1.1425458793512608 × 10^285 |
| 62 | ov_062 | 2.5380891442511945 × 10^285 |
| 61 | ov_061 | 9.264460312837236 × 10^285 |
| 60 | ov_060 | 2.65569929597849 × 10^286 |
| 59 | ov_059 | 6.416510196900409 × 10^286 |
| 58 | ov_058 | 1.3036196745601149 × 10^287 |
| 57 | ov_057 | 2.3573900643643666 × 10^287 |
| 56 | ov_056 | 3.932059803280777 × 10^287 |
| 55 | ov_055 | 6.179912865172056 × 10^287 |
| 54 | ov_054 | 9.276425866543585 × 10^287 |
| 53 | ov_053 | 1.3420279895676919 × 10^288 |
| 52 | ov_052 | 1.883338087333661 × 10^288 |
| 51 | ov_051 | 2.598279817086832 × 10^288 |
| 50 | ov_050 | 3.538216587829572 × 10^288 |
| 49 | ov_049 | 4.75918045300953 × 10^288 |
| 48 | ov_048 | 6.321889391488154 × 10^288 |
| 47 | ov_047 | 8.291771210475698 × 10^288 |
| 32 | lv_80_m31 | 1.0263478536977788 × 10^289 |
| 46 | ov_046 | 1.0738996302261304 × 10^289 |
| 45 | ov_045 | 1.3738522268338435 × 10^289 |
| 44 | ov_044 | 1.7370153916221022 × 10^289 |
| 43 | ov_043 | 2.1718622473054278 × 10^289 |
| 42 | ov_042 | 2.687368820398142 × 10^289 |
| 41 | ov_041 | 3.293027097356516 × 10^289 |
| 40 | ov_040 | 3.993984527219765 × 10^289 |
| 39 | ov_039 | 4.795670168053344 × 10^289 |
| 31 | ov_031 | 5.26234700109643 × 10^289 |
| 38 | ov_038 | 5.703807853547249 × 10^289 |
| 37 | ov_037 | 6.73015570733964 × 10^289 |
| 36 | ov_036 | 7.887111293273627 × 10^289 |
| 35 | ov_035 | 9.187751872853514 × 10^289 |
| 34 | ov_034 | 1.0645881445049748 × 10^290 |
| 33 | ov_033 | 1.2276085349315994 × 10^290 |
| 30 | ov_030 | 2.6977850930586862 × 10^290 |
| 29 | ov_029 | 8.82472833607192 × 10^290 |
| 28 | ov_028 | 2.2903274104153208 × 10^291 |
| 27 | ov_027 | 5.119025408132358 × 10^291 |
| 26 | ov_026 | 1.0236614826406176 × 10^292 |
| 25 | ov_025 | 1.8753511434124575 × 10^292 |
| 24 | ov_024 | 3.202250998511235 × 10^292 |
| 23 | ov_023 | 5.163881701246549 × 10^292 |
| 22 | ov_022 | 8.103533628839886 × 10^292 |
| 21 | ov_021 | 1.2413011171286319 × 10^293 |
| 20 | ov_020 | 1.853267614219422 × 10^293 |
| 19 | ov_019 | 2.6951518761740454 × 10^293 |
| 18 | ov_018 | 3.8207265612553705 × 10^293 |
| 17 | ov_017 | 5.2886535824231984 × 10^293 |
| 16 | ov_016 | 7.162505859748343 × 10^293 |
| 15 | ov_015 | 9.51079670349393 × 10^293 |
| 14 | ov_014 | 1.2407018732216317 × 10^294 |
| 13 | ov_013 | 1.5929695105172363 × 10^294 |
| 12 | ov_012 | 2.0162446793412686 × 10^294 |
| 11 | ov_011 | 2.519408018572052 × 10^294 |
| 10 | ov_010 | 3.111869969986642 × 10^294 |
| 9 | ov_009 | 3.8035850445641386 × 10^294 |
| 8 | ov_008 | 4.605069636443893 × 10^294 |
| 7 | ov_007 | 5.5274239651625474 × 10^294 |
| 6 | ov_006 | 6.582358765366546 × 10^294 |
| 5 | ov_005 | 7.782227382334432 × 10^294 |
| 4 | ov_004 | 9.14006397151688 × 10^294 |
| 3 | ov_003 | 1.0669628492350044 × 10^295 |
| 2 | ov_002 | 1.2385459079586108 × 10^295 |
| 1 | ov_001 | 1.4302932261605193 × 10^295 |

