# Results for F001-F002-F003-F004-F005-F006-F007-F008-F009-F010-F011-F012-F013-F014-F015-F016-F017-F018-F019-F020-F021-F022-F023-F024-F025-F026-F027-F028-F029-F030-F031-F032-F033-F034-F035-F036-F037-F038-F039-F040-F041-F042-F043-F044-F045-F046-F047-F048-F049-F050-F051-F052-F053-F054-F055-F056-F057-F058-F059-F060-F061-F062-F063-F064-F065-F066-F067-F068-F069-F070-F071-F072-F073-F074-F075-F076-F077-F078-F079-F080-F081-F082-F083-F084-F085-F086-F087-F088-F089-F090-F091-F092-F093-F094-F095-F096-F097-F098-F099-F100-F101-F102-F103-F104-F105-F106-F107-F108-F109-F110-F111-F112-F113-F114-F115-F116-F117-F118-F119-F120-F121-F122-F123-F124-F125-F126-F127-F128-F129-F130-F131-F132-F133-F134-F135-F136-F137-F138-F139-F140-F141-F142-F143-F144-F145-F146-F147-F148-F149-F150-F151-F152-F153-F154-F155-F156-F157-F158-F159-F160-F161-F162-F163-F164-F165-F166-F167-F168-F169-F170-F171-F172-F173-F174-F175-F176-F177-F178-F179-F180-F181-F182-F183-F184-F185-F186-F187-F188-F189-F190-F191-F192-F193-F194-F195-F196-F197-F198-F199-F200-F201-F202-F203-F204-F205-F206-F207-F208-F209-F210-F211-F212-F213-F214-F215-F216-F217-F218-F219-F220-F221-F222-F223-F224-F225-F226-F227-F228-F229-F230-F231-F232-F233-F234-F235-F236-F237-F238-F239-F240-F241-F242-F243-F244-F245-F246-F247-F248-F249-F250-F251-F252-F253-F254-F255-F256-F257-F258-F259-F260-F261-F262-F263-F264-F265-F266-F267-F268-F269-F270-F271-F272-F273-F274-F275-F276-F277-F278-F279-F280-F281-F282-F283-F284-F285-F286-F287-F288-F289-F290-F291-F292-F293-F294-F295-F296-F297-F298-F299-F300-F301-F302-F303-F304-F305-F306-F307-F308-F309-F310-F311-F312-F313-F314-F315-F316-F317-F318-F319-F320-F321-F322-F323-F324-F325-F326-F327-F328-F329-F330-F331-F332-F333-F334-F335-F336-F337-F338-F339-F340-F341-F342-F343-F344-F345-F346-F347-F348-F349-F350-F351-F352-F353-F354-F355-F356-F357-F358-F359-F360-F361-F362-F363-F364-F365-F366-F367-F368-F369-F370-F371-F372-F373-F374-F375-F376-F377-F378-F379-F380-F381-F382-F383-F384-F385-F386-F387-F388-F389-F390-F391-F392-F393-F394-F395-F396-F397-F398-F399-F400-F401-F402-F403-F404-F405-F406-F407-F408-F409-F410-F411-F412-F413-F414-F415-F416-F417-F418-F419-F420-F421-F422-F423-F424-F425-F426-F427-F428-F429-F430-F431-F432-F433-F434-F435-F436-F437-F438-F439-F440-F441-F442-F443-F444-F445-F446-F447-F448-F449-F450-F451-F452-F453-F454-F455-F456-F457-F458-F459-F460-F461-F462-F463-F464-F465-F466-F467-F468-F469-F470-F471-F472-F473-F474-F475-F476-F477-F478-F479-F480-F481-F482-F483-F484-F485-F486-F487-F488-F489-F490-F491-F492-F493-F494-F495-F496-F500-F504-F508-F509-F510-F511-F512

## Summary

Number of input bits: 512  
Number of free input bits: 9  
Number of output bits: 160

Number of direct occurrences: 35982  
Number of assignments: 30521  
Number of operations: 10641001
(xor: 10613279,
and: 14703,
or: 13019)

Total complexity: 4.0657417794887866 × 10^294

Least occurring input variable: iv_499 (3888)  
Most occurring input variable: iv_502 (4129)

Most co-occurring input variables: iv_501-iv_502 (2031)  
Least co-occurring input variables: iv_498-iv_499 (1791)

Potentially most occurring input variable: iv_503/iv_506 (4397)  
Potentially least occurring input variable: iv_501/iv_502 (4068)

Least output occurring input variable: iv_503 (72)  
Most output occurring input variable: iv_506 (93)

Most output co-occurring input variables: iv_498-iv_507 (54)  
Least output co-occurring input variables: iv_497-iv_502 (28)

Potentially most output occurring input variable: iv_497/iv_502 (97)  
Potentially least output occurring input variable: iv_498/iv_507 (61)

Least complex input bit: iv_497 (6.105401169242178 × 10^292)  
Most complex input bit: iv_502 (9.435197449480392 × 10^293)

Least complex output bit: aaa_76_29 (8.503505817614154 × 10^269)  
Most complex output bit: ov_001 (6.561437050078923 × 10^293)

Least complex input/output complexity: iv_497/aaa_76_29 (1.276945688568717 × 10^268)  
Most complex input/output complexity: iv_502/ov_001 (1.5226853419996312 × 10^293)

## Input Bits

### Input Bits in Regular Order

| Input Bit | Complexity | Occurrences | Output Occurrences |
|:---------:|:----------:|:-----------:|:------------------:|
| iv_497 | 6.105401169242178 × 10^292 | 3987 | 77 |
| iv_498 | 1.2179193998379687 × 10^293 | 3895 | 88 |
| iv_499 | 2.141650129789592 × 10^293 | 3888 | 81 |
| iv_501 | 5.874586348429394 × 10^293 | 4001 | 82 |
| iv_502 | 9.435197449480392 × 10^293 | 4129 | 76 |
| iv_503 | 5.4701534411654544 × 10^293 | 4039 | 72 |
| iv_505 | 3.930947060372242 × 10^293 | 3907 | 82 |
| iv_506 | 5.52307960505991 × 10^293 | 4044 | 93 |
| iv_507 | 6.4533442438287285 × 10^293 | 4092 | 81 |

### Input Bits Sorted by Complexity

| Input Bit | Complexity | Occurrences | Output Occurrences |
|:---------:|:----------:|:-----------:|:------------------:|
| iv_497 | 6.105401169242178 × 10^292 | 3987 | 77 |
| iv_498 | 1.2179193998379687 × 10^293 | 3895 | 88 |
| iv_499 | 2.141650129789592 × 10^293 | 3888 | 81 |
| iv_505 | 3.930947060372242 × 10^293 | 3907 | 82 |
| iv_503 | 5.4701534411654544 × 10^293 | 4039 | 72 |
| iv_506 | 5.52307960505991 × 10^293 | 4044 | 93 |
| iv_501 | 5.874586348429394 × 10^293 | 4001 | 82 |
| iv_507 | 6.4533442438287285 × 10^293 | 4092 | 81 |
| iv_502 | 9.435197449480392 × 10^293 | 4129 | 76 |

### Input Bits Sorted by Occurrences

| Input Bit | Complexity | Occurrences | Output Occurrences |
|:---------:|:----------:|:-----------:|:------------------:|
| iv_499 | 2.141650129789592 × 10^293 | 3888 | 81 |
| iv_498 | 1.2179193998379687 × 10^293 | 3895 | 88 |
| iv_505 | 3.930947060372242 × 10^293 | 3907 | 82 |
| iv_497 | 6.105401169242178 × 10^292 | 3987 | 77 |
| iv_501 | 5.874586348429394 × 10^293 | 4001 | 82 |
| iv_503 | 5.4701534411654544 × 10^293 | 4039 | 72 |
| iv_506 | 5.52307960505991 × 10^293 | 4044 | 93 |
| iv_507 | 6.4533442438287285 × 10^293 | 4092 | 81 |
| iv_502 | 9.435197449480392 × 10^293 | 4129 | 76 |

### Input Bits Sorted by Output Occurrences

| Input Bit | Complexity | Occurrences | Output Occurrences |
|:---------:|:----------:|:-----------:|:------------------:|
| iv_503 | 5.4701534411654544 × 10^293 | 4039 | 72 |
| iv_502 | 9.435197449480392 × 10^293 | 4129 | 76 |
| iv_497 | 6.105401169242178 × 10^292 | 3987 | 77 |
| iv_499 | 2.141650129789592 × 10^293 | 3888 | 81 |
| iv_507 | 6.4533442438287285 × 10^293 | 4092 | 81 |
| iv_501 | 5.874586348429394 × 10^293 | 4001 | 82 |
| iv_505 | 3.930947060372242 × 10^293 | 3907 | 82 |
| iv_498 | 1.2179193998379687 × 10^293 | 3895 | 88 |
| iv_506 | 5.52307960505991 × 10^293 | 4044 | 93 |

## Input Bit Co-occurrences

### Input Bit Co-occurrences Sorted by Co-occurrences

| Input Bits | Co-occurrences | Potential Occurrences | Output Co-occurrences | Potential Output Occurrences |
|:----------:|:--------------:|:---------------------:|:---------------------:|:----------------------------:|
| iv_501-iv_502 | 2031 | 4068 | 39 | 80 |
| iv_502-iv_503 | 2026 | 4116 | 32 | 84 |
| iv_502-iv_506 | 1982 | 4209 | 48 | 73 |
| iv_503-iv_507 | 1974 | 4183 | 41 | 71 |
| iv_502-iv_507 | 1962 | 4297 | 39 | 79 |
| iv_506-iv_507 | 1934 | 4268 | 52 | 70 |
| iv_501-iv_507 | 1925 | 4243 | 38 | 87 |
| iv_499-iv_502 | 1902 | 4213 | 42 | 73 |
| iv_497-iv_506 | 1901 | 4229 | 40 | 90 |

### Input Bit Co-occurrences Sorted by Potential Occurrences

| Input Bits | Co-occurrences | Potential Occurrences | Output Co-occurrences | Potential Output Occurrences |
|:----------:|:--------------:|:---------------------:|:---------------------:|:----------------------------:|
| iv_501-iv_502 | 2031 | 4068 | 39 | 80 |
| iv_499-iv_505 | 1848 | 4099 | 37 | 89 |
| iv_497-iv_505 | 1894 | 4106 | 43 | 73 |
| iv_502-iv_503 | 2026 | 4116 | 32 | 84 |
| iv_497-iv_499 | 1859 | 4157 | 40 | 78 |
| iv_499-iv_503 | 1880 | 4167 | 36 | 81 |
| iv_503-iv_507 | 1974 | 4183 | 41 | 71 |
| iv_498-iv_506 | 1873 | 4193 | 54 | 73 |
| iv_505-iv_506 | 1878 | 4195 | 45 | 85 |

### Input Bit Output Co-occurrences Sorted by Output Co-occurrences

| Input Bits | Co-occurrences | Potential Occurrences | Output Co-occurrences | Potential Output Occurrences |
|:----------:|:--------------:|:---------------------:|:---------------------:|:----------------------------:|
| iv_498-iv_506 | 1873 | 4193 | 54 | 73 |
| iv_498-iv_507 | 1871 | 4245 | 54 | 61 |
| iv_506-iv_507 | 1934 | 4268 | 52 | 70 |
| iv_499-iv_506 | 1828 | 4276 | 49 | 76 |
| iv_498-iv_499 | 1791 | 4201 | 48 | 73 |
| iv_502-iv_506 | 1982 | 4209 | 48 | 73 |
| iv_498-iv_501 | 1833 | 4230 | 46 | 78 |
| iv_497-iv_498 | 1825 | 4232 | 46 | 73 |
| iv_501-iv_506 | 1863 | 4319 | 45 | 85 |

### Input Bit Output Co-occurrences Sorted by Potential Output Occurrences

| Input Bits | Co-occurrences | Potential Occurrences | Output Co-occurrences | Potential Output Occurrences |
|:----------:|:--------------:|:---------------------:|:---------------------:|:----------------------------:|
| iv_498-iv_507 | 1871 | 4245 | 54 | 61 |
| iv_506-iv_507 | 1934 | 4268 | 52 | 70 |
| iv_503-iv_507 | 1974 | 4183 | 41 | 71 |
| iv_498-iv_499 | 1791 | 4201 | 48 | 73 |
| iv_498-iv_506 | 1873 | 4193 | 54 | 73 |
| iv_499-iv_502 | 1902 | 4213 | 42 | 73 |
| iv_502-iv_506 | 1982 | 4209 | 48 | 73 |
| iv_497-iv_505 | 1894 | 4106 | 43 | 73 |
| iv_497-iv_498 | 1825 | 4232 | 46 | 73 |

## Output Bits

### Output Bits in Regular Order

| Rank | Output Bit | Complexity |
|:----:|:----------:|:----------:|
| 1 | ov_001 | 6.561437050078923 × 10^293 |
| 2 | ov_002 | 5.681513132409306 × 10^293 |
| 3 | ov_003 | 4.894191846952721 × 10^293 |
| 4 | ov_004 | 4.19239920606423 × 10^293 |
| 5 | ov_005 | 3.5694479473013566 × 10^293 |
| 6 | ov_006 | 3.0190099729068673 × 10^293 |
| 7 | ov_007 | 2.5350923666572918 × 10^293 |
| 8 | ov_008 | 2.1120167582200094 × 10^293 |
| 9 | ov_009 | 1.7444017493894419 × 10^293 |
| 10 | ov_010 | 1.4271480641159331 × 10^293 |
| 11 | ov_011 | 1.1554260992588467 × 10^293 |
| 12 | ov_012 | 9.246656103999768 × 10^292 |
| 13 | ov_013 | 7.305472862029052 × 10^292 |
| 14 | ov_014 | 5.689959457798768 × 10^292 |
| 15 | ov_015 | 4.3617510755485207 × 10^292 |
| 16 | ov_016 | 3.284827252418662 × 10^292 |
| 17 | ov_017 | 2.425479049743821 × 10^292 |
| 18 | ov_018 | 1.7522840735410694 × 10^292 |
| 19 | ov_019 | 1.2360875190194976 × 10^292 |
| 20 | ov_020 | 8.499878770695317 × 10^291 |
| 21 | ov_021 | 5.693263694510306 × 10^291 |
| 22 | ov_022 | 3.716793791590066 × 10^291 |
| 23 | ov_023 | 2.368532333907831 × 10^291 |
| 24 | ov_024 | 1.4688078744635678 × 10^291 |
| 25 | ov_025 | 8.601934878314165 × 10^290 |
| 26 | ov_026 | 4.695349545641272 × 10^290 |
| 27 | ov_027 | 2.3479284728947643 × 10^290 |
| 28 | ov_028 | 1.0504104000545992 × 10^290 |
| 29 | ov_029 | 4.0466216886579573 × 10^289 |
| 30 | ov_030 | 1.236774288359827 × 10^289 |
| 31 | ov_031 | 2.4116359782438636 × 10^288 |
| 32 | lv_80_m31 | 4.702006081913886 × 10^287 |
| 33 | ov_033 | 5.65631327484406 × 10^288 |
| 34 | ov_034 | 4.910314557796936 × 10^288 |
| 35 | ov_035 | 4.2419501679552 × 10^288 |
| 36 | ov_036 | 3.644085379912434 × 10^288 |
| 37 | ov_037 | 3.113251834610977 × 10^288 |
| 38 | ov_038 | 2.6430512263745267 × 10^288 |
| 39 | ov_039 | 2.22741695033267 × 10^288 |
| 40 | ov_040 | 1.8605943618292414 × 10^288 |
| 41 | ov_041 | 1.5397818595120137 × 10^288 |
| 42 | ov_042 | 1.262321626521052 × 10^288 |
| 43 | ov_043 | 1.0256932332436239 × 10^288 |
| 44 | ov_044 | 8.25247812015567 × 10^287 |
| 45 | ov_045 | 6.565886014793375 × 10^287 |
| 46 | ov_046 | 5.155647272541189 × 10^287 |
| 47 | ov_047 | 4.001615366897285 × 10^287 |
| 48 | ov_048 | 3.067063795329505 × 10^287 |
| 49 | ov_049 | 2.317609729849544 × 10^287 |
| 50 | ov_050 | 1.7211927604754398 × 10^287 |
| 51 | ov_051 | 1.2623610326425198 × 10^287 |
| 52 | ov_052 | 9.13656379489843 × 10^286 |
| 53 | ov_053 | 6.4990783115032015 × 10^286 |
| 54 | ov_054 | 4.482258165239758 × 10^286 |
| 55 | ov_055 | 2.977353083965652 × 10^286 |
| 56 | ov_056 | 1.8869923875813752 × 10^286 |
| 57 | ov_057 | 1.125175289756639 × 10^286 |
| 58 | ov_058 | 6.172652635181081 × 10^285 |
| 59 | ov_059 | 2.9998704861744586 × 10^285 |
| 60 | ov_060 | 1.2142526279426309 × 10^285 |
| 61 | ov_061 | 4.10238897483042 × 10^284 |
| 62 | ov_062 | 1.0977114604221695 × 10^284 |
| 63 | ov_063 | 2.4252096085762004 × 10^283 |
| 64 | lv_79_m31 | 4.7199669098960844 × 10^282 |
| 65 | ov_065 | 5.585074290737542 × 10^283 |
| 66 | ov_066 | 5.585055852596616 × 10^283 |
| 67 | ov_067 | 5.585051339727803 × 10^283 |
| 68 | ov_068 | 4.813606030060379 × 10^283 |
| 69 | ov_069 | 4.12707413198708 × 10^283 |
| 70 | ov_070 | 3.518473119212032 × 10^283 |
| 71 | ov_071 | 2.981250276289192 × 10^283 |
| 72 | ov_072 | 2.5092535847087563 × 10^283 |
| 73 | ov_073 | 2.0967051789722187 × 10^283 |
| 74 | ov_074 | 1.7381772378167014 × 10^283 |
| 75 | ov_075 | 1.4285701807783427 × 10^283 |
| 76 | ov_076 | 1.1630930443738373 × 10^283 |
| 77 | ov_077 | 9.372459154564272 × 10^282 |
| 78 | ov_078 | 7.468043018899058 × 10^282 |
| 79 | ov_079 | 5.878053226927081 × 10^282 |
| 80 | ov_080 | 4.5653560132899005 × 10^282 |
| 81 | ov_081 | 3.4952074695945936 × 10^282 |
| 82 | ov_082 | 2.6351630930524627 × 10^282 |
| 83 | ov_083 | 1.9550009339593038 × 10^282 |
| 84 | ov_084 | 1.4266572092090712 × 10^282 |
| 85 | ov_085 | 1.0241732522130841 × 10^282 |
| 86 | ov_086 | 7.236526717772372 × 10^281 |
| 87 | ov_087 | 5.03227593918416 × 10^281 |
| 88 | ov_088 | 3.430328614859533 × 10^281 |
| 89 | ov_089 | 2.2518706696217913 × 10^281 |
| 90 | ov_090 | 1.4124346503128983 × 10^281 |
| 91 | ov_091 | 8.373788474263446 × 10^280 |
| 92 | ov_092 | 4.618539823938938 × 10^280 |
| 93 | ov_093 | 2.307844815394995 × 10^280 |
| 94 | ov_094 | 9.885927457909196 × 10^279 |
| 95 | aaa_78_28 | 3.0528037990940513 × 10^279 |
| 96 | aaa_78_29 | 9.37588902957198 × 10^278 |
| 97 | ov_097 | 6.193058778011821 × 10^278 |
| 98 | ov_098 | 6.192873696910031 × 10^278 |
| 99 | ov_099 | 6.192814606607115 × 10^278 |
| 100 | ov_100 | 5.5732890132642625 × 10^278 |
| 101 | ov_101 | 4.999386791718783 × 10^278 |
| 102 | ov_102 | 4.468614487453378 × 10^278 |
| 103 | ov_103 | 3.9786610396466145 × 10^278 |
| 104 | ov_104 | 3.527374157972695 × 10^278 |
| 105 | ov_105 | 3.112738736100439 × 10^278 |
| 106 | ov_106 | 2.7328569200798278 × 10^278 |
| 107 | ov_107 | 2.385929985796677 × 10^278 |
| 108 | ov_108 | 2.0702421824339837 × 10^278 |
| 109 | ov_109 | 1.7841464347515938 × 10^278 |
| 110 | ov_110 | 1.5260517985319377 × 10^278 |
| 111 | ov_111 | 1.2944125646369693 × 10^278 |
| 112 | ov_112 | 1.087718907878636 × 10^278 |
| 113 | ov_113 | 9.044889774056234 × 10^277 |
| 114 | ov_114 | 7.432623256265771 × 10^277 |
| 115 | ov_115 | 6.0259457289123865 × 10^277 |
| 116 | ov_116 | 4.810532052864586 × 10^277 |
| 117 | ov_117 | 3.7721440300173763 × 10^277 |
| 118 | ov_118 | 2.8966069998394086 × 10^277 |
| 119 | ov_119 | 2.169791916414112 × 10^277 |
| 120 | ov_120 | 1.5776012978751488 × 10^277 |
| 121 | ov_121 | 1.1059585363257105 × 10^277 |
| 122 | ov_122 | 7.408000564322198 × 10^276 |
| 123 | ov_123 | 4.6806981091042705 × 10^276 |
| 124 | ov_124 | 2.7371560110710095 × 10^276 |
| 125 | ov_125 | 1.4368683456632272 × 10^276 |
| 126 | ov_126 | 6.393342601032976 × 10^275 |
| 127 | aaa_77_28 | 2.040541354778014 × 10^275 |
| 128 | aaa_77_29 | 7.6445990882460215 × 10^274 |
| 129 | ov_129 | 7.029223391382073 × 10^274 |
| 130 | ov_130 | 7.029206865148141 × 10^274 |
| 131 | ov_131 | 7.029201615530044 × 10^274 |
| 132 | ov_132 | 6.082063959143954 × 10^274 |
| 133 | ov_133 | 5.235331815614279 × 10^274 |
| 134 | ov_134 | 4.481175700723333 × 10^274 |
| 135 | ov_135 | 3.812170741288356 × 10^274 |
| 136 | ov_136 | 3.2212677120772164 × 10^274 |
| 137 | ov_137 | 2.7017685016003143 × 10^274 |
| 138 | ov_138 | 2.2473055473898703 × 10^274 |
| 139 | ov_139 | 1.851824804302069 × 10^274 |
| 140 | ov_140 | 1.5095718317522947 × 10^274 |
| 141 | ov_141 | 1.217742753831379 × 10^274 |
| 142 | ov_142 | 9.71151137585431 × 10^273 |
| 143 | ov_143 | 7.64883316910188 × 10^273 |
| 144 | ov_144 | 5.942932501646482 × 10^273 |
| 145 | ov_145 | 4.549987512062203 × 10^273 |
| 146 | ov_146 | 3.428788086721419 × 10^273 |
| 147 | ov_147 | 2.540717433420742 × 10^273 |
| 148 | ov_148 | 1.849740022547621 × 10^273 |
| 149 | ov_149 | 1.3223940933367767 × 10^273 |
| 150 | ov_150 | 9.27786955282853 × 10^272 |
| 151 | ov_151 | 6.375917570371846 × 10^272 |
| 152 | ov_152 | 4.2604509541560044 × 10^272 |
| 153 | ov_153 | 2.69945260176413 × 10^272 |
| 154 | ov_154 | 1.5833163648127124 × 10^272 |
| 155 | ov_155 | 8.152359394405226 × 10^271 |
| 156 | aaa_76_25 | 3.1120196978033405 × 10^271 |
| 157 | aaa_76_26 | 1.7679003114232 × 10^271 |
| 158 | aaa_76_27 | 8.800426638039723 × 10^270 |
| 159 | aaa_76_28 | 3.205086262820324 × 10^270 |
| 160 | aaa_76_29 | 8.503505817614154 × 10^269 |

### Output Bits Sorted by Complexity

| Rank | Output Bit | Complexity |
|:----:|:----------:|:----------:|
| 160 | aaa_76_29 | 8.503505817614154 × 10^269 |
| 159 | aaa_76_28 | 3.205086262820324 × 10^270 |
| 158 | aaa_76_27 | 8.800426638039723 × 10^270 |
| 157 | aaa_76_26 | 1.7679003114232 × 10^271 |
| 156 | aaa_76_25 | 3.1120196978033405 × 10^271 |
| 155 | ov_155 | 8.152359394405226 × 10^271 |
| 154 | ov_154 | 1.5833163648127124 × 10^272 |
| 153 | ov_153 | 2.69945260176413 × 10^272 |
| 152 | ov_152 | 4.2604509541560044 × 10^272 |
| 151 | ov_151 | 6.375917570371846 × 10^272 |
| 150 | ov_150 | 9.27786955282853 × 10^272 |
| 149 | ov_149 | 1.3223940933367767 × 10^273 |
| 148 | ov_148 | 1.849740022547621 × 10^273 |
| 147 | ov_147 | 2.540717433420742 × 10^273 |
| 146 | ov_146 | 3.428788086721419 × 10^273 |
| 145 | ov_145 | 4.549987512062203 × 10^273 |
| 144 | ov_144 | 5.942932501646482 × 10^273 |
| 143 | ov_143 | 7.64883316910188 × 10^273 |
| 142 | ov_142 | 9.71151137585431 × 10^273 |
| 141 | ov_141 | 1.217742753831379 × 10^274 |
| 140 | ov_140 | 1.5095718317522947 × 10^274 |
| 139 | ov_139 | 1.851824804302069 × 10^274 |
| 138 | ov_138 | 2.2473055473898703 × 10^274 |
| 137 | ov_137 | 2.7017685016003143 × 10^274 |
| 136 | ov_136 | 3.2212677120772164 × 10^274 |
| 135 | ov_135 | 3.812170741288356 × 10^274 |
| 134 | ov_134 | 4.481175700723333 × 10^274 |
| 133 | ov_133 | 5.235331815614279 × 10^274 |
| 132 | ov_132 | 6.082063959143954 × 10^274 |
| 131 | ov_131 | 7.029201615530044 × 10^274 |
| 130 | ov_130 | 7.029206865148141 × 10^274 |
| 129 | ov_129 | 7.029223391382073 × 10^274 |
| 128 | aaa_77_29 | 7.6445990882460215 × 10^274 |
| 127 | aaa_77_28 | 2.040541354778014 × 10^275 |
| 126 | ov_126 | 6.393342601032976 × 10^275 |
| 125 | ov_125 | 1.4368683456632272 × 10^276 |
| 124 | ov_124 | 2.7371560110710095 × 10^276 |
| 123 | ov_123 | 4.6806981091042705 × 10^276 |
| 122 | ov_122 | 7.408000564322198 × 10^276 |
| 121 | ov_121 | 1.1059585363257105 × 10^277 |
| 120 | ov_120 | 1.5776012978751488 × 10^277 |
| 119 | ov_119 | 2.169791916414112 × 10^277 |
| 118 | ov_118 | 2.8966069998394086 × 10^277 |
| 117 | ov_117 | 3.7721440300173763 × 10^277 |
| 116 | ov_116 | 4.810532052864586 × 10^277 |
| 115 | ov_115 | 6.0259457289123865 × 10^277 |
| 114 | ov_114 | 7.432623256265771 × 10^277 |
| 113 | ov_113 | 9.044889774056234 × 10^277 |
| 112 | ov_112 | 1.087718907878636 × 10^278 |
| 111 | ov_111 | 1.2944125646369693 × 10^278 |
| 110 | ov_110 | 1.5260517985319377 × 10^278 |
| 109 | ov_109 | 1.7841464347515938 × 10^278 |
| 108 | ov_108 | 2.0702421824339837 × 10^278 |
| 107 | ov_107 | 2.385929985796677 × 10^278 |
| 106 | ov_106 | 2.7328569200798278 × 10^278 |
| 105 | ov_105 | 3.112738736100439 × 10^278 |
| 104 | ov_104 | 3.527374157972695 × 10^278 |
| 103 | ov_103 | 3.9786610396466145 × 10^278 |
| 102 | ov_102 | 4.468614487453378 × 10^278 |
| 101 | ov_101 | 4.999386791718783 × 10^278 |
| 100 | ov_100 | 5.5732890132642625 × 10^278 |
| 99 | ov_099 | 6.192814606607115 × 10^278 |
| 98 | ov_098 | 6.192873696910031 × 10^278 |
| 97 | ov_097 | 6.193058778011821 × 10^278 |
| 96 | aaa_78_29 | 9.37588902957198 × 10^278 |
| 95 | aaa_78_28 | 3.0528037990940513 × 10^279 |
| 94 | ov_094 | 9.885927457909196 × 10^279 |
| 93 | ov_093 | 2.307844815394995 × 10^280 |
| 92 | ov_092 | 4.618539823938938 × 10^280 |
| 91 | ov_091 | 8.373788474263446 × 10^280 |
| 90 | ov_090 | 1.4124346503128983 × 10^281 |
| 89 | ov_089 | 2.2518706696217913 × 10^281 |
| 88 | ov_088 | 3.430328614859533 × 10^281 |
| 87 | ov_087 | 5.03227593918416 × 10^281 |
| 86 | ov_086 | 7.236526717772372 × 10^281 |
| 85 | ov_085 | 1.0241732522130841 × 10^282 |
| 84 | ov_084 | 1.4266572092090712 × 10^282 |
| 83 | ov_083 | 1.9550009339593038 × 10^282 |
| 82 | ov_082 | 2.6351630930524627 × 10^282 |
| 81 | ov_081 | 3.4952074695945936 × 10^282 |
| 80 | ov_080 | 4.5653560132899005 × 10^282 |
| 64 | lv_79_m31 | 4.7199669098960844 × 10^282 |
| 79 | ov_079 | 5.878053226927081 × 10^282 |
| 78 | ov_078 | 7.468043018899058 × 10^282 |
| 77 | ov_077 | 9.372459154564272 × 10^282 |
| 76 | ov_076 | 1.1630930443738373 × 10^283 |
| 75 | ov_075 | 1.4285701807783427 × 10^283 |
| 74 | ov_074 | 1.7381772378167014 × 10^283 |
| 73 | ov_073 | 2.0967051789722187 × 10^283 |
| 63 | ov_063 | 2.4252096085762004 × 10^283 |
| 72 | ov_072 | 2.5092535847087563 × 10^283 |
| 71 | ov_071 | 2.981250276289192 × 10^283 |
| 70 | ov_070 | 3.518473119212032 × 10^283 |
| 69 | ov_069 | 4.12707413198708 × 10^283 |
| 68 | ov_068 | 4.813606030060379 × 10^283 |
| 67 | ov_067 | 5.585051339727803 × 10^283 |
| 66 | ov_066 | 5.585055852596616 × 10^283 |
| 65 | ov_065 | 5.585074290737542 × 10^283 |
| 62 | ov_062 | 1.0977114604221695 × 10^284 |
| 61 | ov_061 | 4.10238897483042 × 10^284 |
| 60 | ov_060 | 1.2142526279426309 × 10^285 |
| 59 | ov_059 | 2.9998704861744586 × 10^285 |
| 58 | ov_058 | 6.172652635181081 × 10^285 |
| 57 | ov_057 | 1.125175289756639 × 10^286 |
| 56 | ov_056 | 1.8869923875813752 × 10^286 |
| 55 | ov_055 | 2.977353083965652 × 10^286 |
| 54 | ov_054 | 4.482258165239758 × 10^286 |
| 53 | ov_053 | 6.4990783115032015 × 10^286 |
| 52 | ov_052 | 9.13656379489843 × 10^286 |
| 51 | ov_051 | 1.2623610326425198 × 10^287 |
| 50 | ov_050 | 1.7211927604754398 × 10^287 |
| 49 | ov_049 | 2.317609729849544 × 10^287 |
| 48 | ov_048 | 3.067063795329505 × 10^287 |
| 47 | ov_047 | 4.001615366897285 × 10^287 |
| 32 | lv_80_m31 | 4.702006081913886 × 10^287 |
| 46 | ov_046 | 5.155647272541189 × 10^287 |
| 45 | ov_045 | 6.565886014793375 × 10^287 |
| 44 | ov_044 | 8.25247812015567 × 10^287 |
| 43 | ov_043 | 1.0256932332436239 × 10^288 |
| 42 | ov_042 | 1.262321626521052 × 10^288 |
| 41 | ov_041 | 1.5397818595120137 × 10^288 |
| 40 | ov_040 | 1.8605943618292414 × 10^288 |
| 39 | ov_039 | 2.22741695033267 × 10^288 |
| 31 | ov_031 | 2.4116359782438636 × 10^288 |
| 38 | ov_038 | 2.6430512263745267 × 10^288 |
| 37 | ov_037 | 3.113251834610977 × 10^288 |
| 36 | ov_036 | 3.644085379912434 × 10^288 |
| 35 | ov_035 | 4.2419501679552 × 10^288 |
| 34 | ov_034 | 4.910314557796936 × 10^288 |
| 33 | ov_033 | 5.65631327484406 × 10^288 |
| 30 | ov_030 | 1.236774288359827 × 10^289 |
| 29 | ov_029 | 4.0466216886579573 × 10^289 |
| 28 | ov_028 | 1.0504104000545992 × 10^290 |
| 27 | ov_027 | 2.3479284728947643 × 10^290 |
| 26 | ov_026 | 4.695349545641272 × 10^290 |
| 25 | ov_025 | 8.601934878314165 × 10^290 |
| 24 | ov_024 | 1.4688078744635678 × 10^291 |
| 23 | ov_023 | 2.368532333907831 × 10^291 |
| 22 | ov_022 | 3.716793791590066 × 10^291 |
| 21 | ov_021 | 5.693263694510306 × 10^291 |
| 20 | ov_020 | 8.499878770695317 × 10^291 |
| 19 | ov_019 | 1.2360875190194976 × 10^292 |
| 18 | ov_018 | 1.7522840735410694 × 10^292 |
| 17 | ov_017 | 2.425479049743821 × 10^292 |
| 16 | ov_016 | 3.284827252418662 × 10^292 |
| 15 | ov_015 | 4.3617510755485207 × 10^292 |
| 14 | ov_014 | 5.689959457798768 × 10^292 |
| 13 | ov_013 | 7.305472862029052 × 10^292 |
| 12 | ov_012 | 9.246656103999768 × 10^292 |
| 11 | ov_011 | 1.1554260992588467 × 10^293 |
| 10 | ov_010 | 1.4271480641159331 × 10^293 |
| 9 | ov_009 | 1.7444017493894419 × 10^293 |
| 8 | ov_008 | 2.1120167582200094 × 10^293 |
| 7 | ov_007 | 2.5350923666572918 × 10^293 |
| 6 | ov_006 | 3.0190099729068673 × 10^293 |
| 5 | ov_005 | 3.5694479473013566 × 10^293 |
| 4 | ov_004 | 4.19239920606423 × 10^293 |
| 3 | ov_003 | 4.894191846952721 × 10^293 |
| 2 | ov_002 | 5.681513132409306 × 10^293 |
| 1 | ov_001 | 6.561437050078923 × 10^293 |

