# Results for F001-F002-F003-F004-F005-F006-F007-F008-F009-F010-F011-F012-F013-F014-F015-F016-F017-F018-F019-F020-F021-F022-F023-F024-F025-F026-F027-F028-F029-F030-F031-F032-F033-F034-F035-F036-F037-F038-F039-F040-F041-F042-F043-F044-F045-F046-F047-F048-F049-F050-F051-F052-F053-F054-F055-F056-F057-F058-F059-F060-F061-F062-F063-F064-F065-F066-F067-F068-F069-F070-F071-F072-F073-F074-F075-F076-F077-F078-F079-F080-F081-F082-F083-F084-F085-F086-F087-F088-F089-F090-F091-F092-F093-F094-F095-F096-F097-F098-F099-F100-F101-F102-F103-F104-F105-F106-F107-F108-F109-F110-F111-F112-F113-F114-F115-F116-F117-F118-F119-F120-F121-F122-F123-F124-F125-F126-F127-F128-F129-F130-F131-F132-F133-F134-F135-F136-F137-F138-F139-F140-F141-F142-F143-F144-F145-F146-F147-F148-F149-F150-F151-F152-F153-F154-F155-F156-F157-F158-F159-F160-F161-F162-F163-F164-F165-F166-F167-F168-F169-F170-F171-F172-F173-F174-F175-F176-F177-F178-F179-F180-F181-F182-F183-F184-F185-F186-F187-F188-F189-F190-F191-F192-F193-F194-F195-F196-F197-F198-F199-F200-F201-F202-F203-F204-F205-F206-F207-F208-F209-F210-F211-F212-F213-F214-F215-F216-F217-F218-F219-F220-F221-F222-F223-F224-F225-F226-F227-F228-F229-F230-F231-F232-F233-F234-F235-F236-F237-F238-F239-F240-F241-F242-F243-F244-F245-F246-F247-F248-F249-F250-F251-F252-F253-F254-F255-F256-F257-F258-F259-F260-F261-F262-F263-F264-F265-F266-F267-F268-F269-F270-F271-F272-F273-F274-F275-F276-F277-F278-F279-F280-F281-F282-F283-F284-F285-F286-F287-F288-F289-F290-F291-F292-F293-F294-F295-F296-F297-F298-F299-F300-F301-F302-F303-F304-F305-F306-F307-F308-F309-F310-F311-F312-F313-F314-F315-F316-F317-F318-F319-F320-F321-F322-F323-F324-F325-F326-F327-F328-F329-F330-F331-F332-F333-F334-F335-F336-F337-F338-F339-F340-F341-F342-F343-F344-F345-F346-F347-F348-F349-F350-F351-F352-F353-F354-F355-F356-F357-F358-F359-F360-F361-F362-F363-F364-F365-F366-F367-F368-F369-F370-F371-F372-F373-F374-F375-F376-F377-F378-F379-F380-F381-F382-F383-F384-F385-F386-F387-F388-F389-F390-F391-F392-F393-F394-F395-F396-F397-F398-F399-F400-F401-F402-F403-F404-F405-F406-F407-F408-F409-F410-F411-F412-F413-F414-F415-F416-F417-F418-F419-F420-F421-F422-F423-F424-F425-F426-F427-F428-F429-F430-F431-F432-F433-F434-F435-F436-F437-F438-F439-F440-F441-F442-F443-F444-F445-F446-F447-F448-F449-F450-F451-F452-F453-F454-F455-F456-F457-F458-F459-F460-F461-F462-F463-F464-F465-F466-F467-F468-F469-F470-F471-F472-F473-F474-F475-F476-F477-F478-F479-F480-F481-F482-F483-F484-F485-F486-F487-F488-F489-F490-F491-F492-F493-F494-F495-F496-E497507-E499504-E499505-F509-F510-F511-F512

## Summary

Number of input bits: 512  
Number of free input bits: 9  
Number of output bits: 160

Number of direct occurrences: 36420  
Number of assignments: 31016  
Number of operations: 10804101
(xor: 10776090,
and: 14735,
or: 13276)

Total complexity: 4.061007210730951 × 10^297

Least occurring input variable: iv_502 (3832)  
Most occurring input variable: iv_499 (4394)

Most co-occurring input variables: iv_499-iv_508 (2047)  
Least co-occurring input variables: iv_498-iv_502 (1737)

Potentially most occurring input variable: iv_497/iv_499 (4754)  
Potentially least occurring input variable: iv_498/iv_506 (4151)

Least output occurring input variable: iv_503 (75)  
Most output occurring input variable: iv_498 (88)

Most output co-occurring input variables: iv_498-iv_499 (51)  
Least output co-occurring input variables: iv_497-iv_500 (34)

Potentially most output occurring input variable: iv_497/iv_500 (89)  
Potentially least output occurring input variable: iv_497/iv_498 (71)

Least complex input bit: iv_498 (3.5475993175463335 × 10^295)  
Most complex input bit: iv_499 (8.676317615050866 × 10^296)

Least complex output bit: aaa_76_29 (9.714402093165766 × 10^272)  
Most complex output bit: ov_001 (6.4959200013075095 × 10^296)

Least complex input/output complexity: iv_498/aaa_76_29 (8.4862706338023 × 10^270)  
Most complex input/output complexity: iv_499/ov_001 (1.3878494227829988 × 10^296)

## Input Bits

### Input Bits in Regular Order

| Input Bit | Complexity | Occurrences | Output Occurrences |
|:---------:|:----------:|:-----------:|:------------------:|
| iv_497 | 7.645195053365564 × 10^296 | 4182 | 81 |
| iv_498 | 3.5475993175463335 × 10^295 | 3885 | 88 |
| iv_499 | 8.676317615050866 × 10^296 | 4394 | 87 |
| iv_500 | 1.0545020336346445 × 10^296 | 4057 | 76 |
| iv_501 | 1.7357503929115178 × 10^296 | 4032 | 83 |
| iv_502 | 2.798195739888445 × 10^296 | 3832 | 82 |
| iv_503 | 4.431673197402633 × 10^296 | 3993 | 75 |
| iv_506 | 5.2523844303904915 × 10^296 | 3900 | 82 |
| iv_508 | 8.661293712910791 × 10^296 | 4145 | 81 |

### Input Bits Sorted by Complexity

| Input Bit | Complexity | Occurrences | Output Occurrences |
|:---------:|:----------:|:-----------:|:------------------:|
| iv_498 | 3.5475993175463335 × 10^295 | 3885 | 88 |
| iv_500 | 1.0545020336346445 × 10^296 | 4057 | 76 |
| iv_501 | 1.7357503929115178 × 10^296 | 4032 | 83 |
| iv_502 | 2.798195739888445 × 10^296 | 3832 | 82 |
| iv_503 | 4.431673197402633 × 10^296 | 3993 | 75 |
| iv_506 | 5.2523844303904915 × 10^296 | 3900 | 82 |
| iv_497 | 7.645195053365564 × 10^296 | 4182 | 81 |
| iv_508 | 8.661293712910791 × 10^296 | 4145 | 81 |
| iv_499 | 8.676317615050866 × 10^296 | 4394 | 87 |

### Input Bits Sorted by Occurrences

| Input Bit | Complexity | Occurrences | Output Occurrences |
|:---------:|:----------:|:-----------:|:------------------:|
| iv_502 | 2.798195739888445 × 10^296 | 3832 | 82 |
| iv_498 | 3.5475993175463335 × 10^295 | 3885 | 88 |
| iv_506 | 5.2523844303904915 × 10^296 | 3900 | 82 |
| iv_503 | 4.431673197402633 × 10^296 | 3993 | 75 |
| iv_501 | 1.7357503929115178 × 10^296 | 4032 | 83 |
| iv_500 | 1.0545020336346445 × 10^296 | 4057 | 76 |
| iv_508 | 8.661293712910791 × 10^296 | 4145 | 81 |
| iv_497 | 7.645195053365564 × 10^296 | 4182 | 81 |
| iv_499 | 8.676317615050866 × 10^296 | 4394 | 87 |

### Input Bits Sorted by Output Occurrences

| Input Bit | Complexity | Occurrences | Output Occurrences |
|:---------:|:----------:|:-----------:|:------------------:|
| iv_503 | 4.431673197402633 × 10^296 | 3993 | 75 |
| iv_500 | 1.0545020336346445 × 10^296 | 4057 | 76 |
| iv_497 | 7.645195053365564 × 10^296 | 4182 | 81 |
| iv_508 | 8.661293712910791 × 10^296 | 4145 | 81 |
| iv_502 | 2.798195739888445 × 10^296 | 3832 | 82 |
| iv_506 | 5.2523844303904915 × 10^296 | 3900 | 82 |
| iv_501 | 1.7357503929115178 × 10^296 | 4032 | 83 |
| iv_499 | 8.676317615050866 × 10^296 | 4394 | 87 |
| iv_498 | 3.5475993175463335 × 10^295 | 3885 | 88 |

## Input Bit Co-occurrences

### Input Bit Co-occurrences Sorted by Co-occurrences

| Input Bits | Co-occurrences | Potential Occurrences | Output Co-occurrences | Potential Output Occurrences |
|:----------:|:--------------:|:---------------------:|:---------------------:|:----------------------------:|
| iv_499-iv_508 | 2047 | 4445 | 45 | 78 |
| iv_499-iv_501 | 2038 | 4350 | 44 | 82 |
| iv_499-iv_500 | 2023 | 4405 | 42 | 79 |
| iv_497-iv_508 | 2009 | 4309 | 45 | 72 |
| iv_499-iv_503 | 2002 | 4383 | 43 | 76 |
| iv_500-iv_508 | 1962 | 4278 | 36 | 85 |
| iv_499-iv_506 | 1952 | 4390 | 48 | 73 |
| iv_500-iv_501 | 1943 | 4203 | 41 | 77 |
| iv_497-iv_501 | 1920 | 4374 | 45 | 74 |

### Input Bit Co-occurrences Sorted by Potential Occurrences

| Input Bits | Co-occurrences | Potential Occurrences | Output Co-occurrences | Potential Output Occurrences |
|:----------:|:--------------:|:---------------------:|:---------------------:|:----------------------------:|
| iv_498-iv_506 | 1817 | 4151 | 41 | 88 |
| iv_502-iv_506 | 1784 | 4164 | 44 | 76 |
| iv_500-iv_506 | 1895 | 4167 | 36 | 86 |
| iv_503-iv_506 | 1857 | 4179 | 38 | 81 |
| iv_500-iv_502 | 1851 | 4187 | 37 | 84 |
| iv_498-iv_500 | 1870 | 4202 | 39 | 86 |
| iv_500-iv_501 | 1943 | 4203 | 41 | 77 |
| iv_500-iv_503 | 1917 | 4216 | 39 | 73 |
| iv_501-iv_502 | 1821 | 4222 | 38 | 89 |

### Input Bit Output Co-occurrences Sorted by Output Co-occurrences

| Input Bits | Co-occurrences | Potential Occurrences | Output Co-occurrences | Potential Output Occurrences |
|:----------:|:--------------:|:---------------------:|:---------------------:|:----------------------------:|
| iv_498-iv_499 | 1910 | 4459 | 51 | 73 |
| iv_497-iv_498 | 1762 | 4543 | 49 | 71 |
| iv_498-iv_501 | 1843 | 4231 | 48 | 75 |
| iv_499-iv_506 | 1952 | 4390 | 48 | 73 |
| iv_498-iv_502 | 1737 | 4243 | 46 | 78 |
| iv_499-iv_502 | 1892 | 4442 | 46 | 77 |
| iv_497-iv_501 | 1920 | 4374 | 45 | 74 |
| iv_499-iv_508 | 2047 | 4445 | 45 | 78 |
| iv_497-iv_499 | 1911 | 4754 | 45 | 78 |

### Input Bit Output Co-occurrences Sorted by Potential Output Occurrences

| Input Bits | Co-occurrences | Potential Occurrences | Output Co-occurrences | Potential Output Occurrences |
|:----------:|:--------------:|:---------------------:|:---------------------:|:----------------------------:|
| iv_497-iv_498 | 1762 | 4543 | 49 | 71 |
| iv_497-iv_508 | 2009 | 4309 | 45 | 72 |
| iv_498-iv_499 | 1910 | 4459 | 51 | 73 |
| iv_499-iv_506 | 1952 | 4390 | 48 | 73 |
| iv_500-iv_503 | 1917 | 4216 | 39 | 73 |
| iv_497-iv_501 | 1920 | 4374 | 45 | 74 |
| iv_498-iv_501 | 1843 | 4231 | 48 | 75 |
| iv_502-iv_506 | 1784 | 4164 | 44 | 76 |
| iv_499-iv_503 | 2002 | 4383 | 43 | 76 |

## Output Bits

### Output Bits in Regular Order

| Rank | Output Bit | Complexity |
|:----:|:----------:|:----------:|
| 1 | ov_001 | 6.4959200013075095 × 10^296 |
| 2 | ov_002 | 5.633427994563403 × 10^296 |
| 3 | ov_003 | 4.860795120487691 × 10^296 |
| 4 | ov_004 | 4.171212746532188 × 10^296 |
| 5 | ov_005 | 3.5582434553228782 × 10^296 |
| 6 | ov_006 | 3.015794575704536 × 10^296 |
| 7 | ov_007 | 2.5380951318066945 × 10^296 |
| 8 | ov_008 | 2.1196759879684584 × 10^296 |
| 9 | ov_009 | 1.7553529421442833 × 10^296 |
| 10 | ov_010 | 1.4402124750449578 × 10^296 |
| 11 | ov_011 | 1.1695998589176509 × 10^296 |
| 12 | ov_012 | 9.391093468010162 × 10^295 |
| 13 | ov_013 | 7.445761797050046 × 10^295 |
| 14 | ov_014 | 5.820701655311268 × 10^295 |
| 15 | ov_015 | 4.4789059972692097 × 10^295 |
| 16 | ov_016 | 3.3856231370726846 × 10^295 |
| 17 | ov_017 | 2.5083265301333455 × 10^295 |
| 18 | ov_018 | 1.816692030463371 × 10^295 |
| 19 | ov_019 | 1.2825809602933583 × 10^295 |
| 20 | ov_020 | 8.80027560726045 × 10^294 |
| 21 | ov_021 | 5.852297631646193 × 10^294 |
| 22 | ov_022 | 3.7654256259525293 × 10^294 |
| 23 | ov_023 | 2.3447343674167055 × 10^294 |
| 24 | ov_024 | 1.4167933376429749 × 10^294 |
| 25 | ov_025 | 8.296482981549527 × 10^293 |
| 26 | ov_026 | 4.5281120293268144 × 10^293 |
| 27 | ov_027 | 2.2640373941396903 × 10^293 |
| 28 | ov_028 | 1.0127762343945365 × 10^293 |
| 29 | ov_029 | 3.901412292548218 × 10^292 |
| 30 | ov_030 | 1.1923933065550405 × 10^292 |
| 31 | ov_031 | 2.3251411377175776 × 10^291 |
| 32 | lv_80_m31 | 4.5332105079561864 × 10^290 |
| 33 | ov_033 | 5.4312528290310496 × 10^291 |
| 34 | ov_034 | 4.7092427580323534 × 10^291 |
| 35 | ov_035 | 4.0633615581176515 × 10^291 |
| 36 | ov_036 | 3.487420782157691 × 10^291 |
| 37 | ov_037 | 2.975563847776334 × 10^291 |
| 38 | ov_038 | 2.522242796941541 × 10^291 |
| 39 | ov_039 | 2.1221982693048887 × 10^291 |
| 40 | ov_040 | 1.7704423658826462 × 10^291 |
| 41 | ov_041 | 1.462244099403267 × 10^291 |
| 42 | ov_042 | 1.1953005379290684 × 10^291 |
| 43 | ov_043 | 9.674282898835966 × 10^290 |
| 44 | ov_044 | 7.746015033831836 × 10^290 |
| 45 | ov_045 | 6.1301346936446785 × 10^290 |
| 46 | ov_046 | 4.790710756061754 × 10^290 |
| 47 | ov_047 | 3.693903904356661 × 10^290 |
| 48 | ov_048 | 2.807931980984889 × 10^290 |
| 49 | ov_049 | 2.103043421683564 × 10^290 |
| 50 | ov_050 | 1.5514974761711862 × 10^290 |
| 51 | ov_051 | 1.1275498630872882 × 10^290 |
| 52 | ov_052 | 8.074425461225781 × 10^289 |
| 53 | ov_053 | 5.693965122867079 × 10^289 |
| 54 | ov_054 | 3.936067307433559 × 10^289 |
| 55 | ov_055 | 2.622387421372916 × 10^289 |
| 56 | ov_056 | 1.668676211356647 × 10^289 |
| 57 | ov_057 | 1.000522079075016 × 10^289 |
| 58 | ov_058 | 5.5334618260102385 × 10^288 |
| 59 | ov_059 | 2.7239983457707378 × 10^288 |
| 60 | ov_060 | 1.127632948489251 × 10^288 |
| 61 | ov_061 | 3.9345325313316415 × 10^287 |
| 62 | ov_062 | 1.078112088671303 × 10^287 |
| 63 | ov_063 | 2.098789049752668 × 10^286 |
| 64 | lv_79_m31 | 4.0848473169150393 × 10^285 |
| 65 | ov_065 | 4.853725450977483 × 10^286 |
| 66 | ov_066 | 4.853709421320843 × 10^286 |
| 67 | ov_067 | 4.85370549800409 × 10^286 |
| 68 | ov_068 | 4.18624851565282 × 10^286 |
| 69 | ov_069 | 3.592273248482252 × 10^286 |
| 70 | ov_070 | 3.065709057324735 × 10^286 |
| 71 | ov_071 | 2.6008589358134377 × 10^286 |
| 72 | ov_072 | 2.192374203607341 × 10^286 |
| 73 | ov_073 | 1.8352314348563157 × 10^286 |
| 74 | ov_074 | 1.5247115043407615 × 10^286 |
| 75 | ov_075 | 1.2563806380928183 × 10^286 |
| 76 | ov_076 | 1.026073358879408 × 10^286 |
| 77 | ov_077 | 8.298772198200159 × 10^285 |
| 78 | ov_078 | 6.641192217253164 × 10^285 |
| 79 | ov_079 | 5.2535381156269876 × 10^285 |
| 80 | ov_080 | 4.103523608570585 × 10^285 |
| 81 | ov_081 | 3.160940238885406 × 10^285 |
| 82 | ov_082 | 2.3975787632118482 × 10^285 |
| 83 | ov_083 | 1.787162354528813 × 10^285 |
| 84 | ov_084 | 1.3052906367371437 × 10^285 |
| 85 | ov_085 | 9.293935699906208 × 10^284 |
| 86 | ov_086 | 6.486385391365479 × 10^284 |
| 87 | ov_087 | 4.440123400080819 × 10^284 |
| 88 | ov_088 | 2.9824307692439276 × 10^284 |
| 89 | ov_089 | 1.957836674188309 × 10^284 |
| 90 | ov_090 | 1.2280030933332789 × 10^284 |
| 91 | ov_091 | 7.280325968277209 × 10^283 |
| 92 | ov_092 | 4.015419252664521 × 10^283 |
| 93 | ov_093 | 2.0064568587007138 × 10^283 |
| 94 | ov_094 | 8.594833756864477 × 10^282 |
| 95 | aaa_78_28 | 2.6540917594647086 × 10^282 |
| 96 | aaa_78_29 | 8.151255863372554 × 10^281 |
| 97 | ov_097 | 5.383606702479221 × 10^281 |
| 98 | ov_098 | 5.383445396603461 × 10^281 |
| 99 | ov_099 | 5.3833939283622284 × 10^281 |
| 100 | ov_100 | 4.8447073317425525 × 10^281 |
| 101 | ov_101 | 4.34570672809418 × 10^281 |
| 102 | ov_102 | 3.884225441144076 × 10^281 |
| 103 | ov_103 | 3.458254805100841 × 10^281 |
| 104 | ov_104 | 3.0659231292426717 × 10^281 |
| 105 | ov_105 | 2.7054766447589104 × 10^281 |
| 106 | ov_106 | 2.3752623328124517 × 10^281 |
| 107 | ov_107 | 2.0737125362252255 × 10^281 |
| 108 | ov_108 | 1.7993312599045864 × 10^281 |
| 109 | ov_109 | 1.5506820672313827 × 10^281 |
| 110 | ov_110 | 1.3263774812146674 × 10^281 |
| 111 | ov_111 | 1.1250698003738676 × 10^281 |
| 112 | ov_112 | 9.454432401202647 × 10^280 |
| 113 | ov_113 | 7.862073109528431 × 10^280 |
| 114 | ov_114 | 6.460912180935167 × 10^280 |
| 115 | ov_115 | 5.238390673976595 × 10^280 |
| 116 | ov_116 | 4.182059165757057 × 10^280 |
| 117 | ov_117 | 3.2795471084459433 × 10^280 |
| 118 | ov_118 | 2.5185401514939097 × 10^280 |
| 119 | ov_119 | 1.886763830035796 × 10^280 |
| 120 | ov_120 | 1.3719714086240122 × 10^280 |
| 121 | ov_121 | 9.619346103288793 × 10^279 |
| 122 | ov_122 | 6.444367923418023 × 10^279 |
| 123 | ov_123 | 4.0726812924685824 × 10^279 |
| 124 | ov_124 | 2.3822236513250686 × 10^279 |
| 125 | ov_125 | 1.2509480241087757 × 10^279 |
| 126 | ov_126 | 5.568127643176142 × 10^278 |
| 127 | aaa_77_28 | 1.777776210257608 × 10^278 |
| 128 | aaa_77_29 | 6.662395803928224 × 10^277 |
| 129 | ov_129 | 6.108160703524485 × 10^277 |
| 130 | ov_130 | 6.108141799156168 × 10^277 |
| 131 | ov_131 | 6.108137233390348 × 10^277 |
| 132 | ov_132 | 5.288399624493702 × 10^277 |
| 133 | ov_133 | 4.554005926613494 × 10^277 |
| 134 | ov_134 | 3.898174261761683 × 10^277 |
| 135 | ov_135 | 3.3144803289361036 × 10^277 |
| 136 | ov_136 | 2.799797916566002 × 10^277 |
| 137 | ov_137 | 2.3483445077229396 × 10^277 |
| 138 | ov_138 | 1.9546288509832175 × 10^277 |
| 139 | ov_139 | 1.6134353268589493 × 10^277 |
| 140 | ov_140 | 1.3198109881331988 × 10^277 |
| 141 | ov_141 | 1.0690549637535486 × 10^277 |
| 142 | ov_142 | 8.567099331230223 × 10^276 |
| 143 | ov_143 | 6.785553946307666 × 10^276 |
| 144 | ov_144 | 5.306024691465891 × 10^276 |
| 145 | ov_145 | 4.090899960060924 × 10^276 |
| 146 | ov_146 | 3.104816957649382 × 10^276 |
| 147 | ov_147 | 2.314641907185321 × 10^276 |
| 148 | ov_148 | 1.6894569087674349 × 10^276 |
| 149 | ov_149 | 1.200551697582171 × 10^276 |
| 150 | ov_150 | 8.341222735929669 × 10^275 |
| 151 | ov_151 | 5.658607947202092 × 10^275 |
| 152 | ov_152 | 3.736571764232264 × 10^275 |
| 153 | ov_153 | 2.3759769976675727 × 10^275 |
| 154 | ov_154 | 1.3996403991838728 × 10^275 |
| 155 | ov_155 | 7.244578257307848 × 10^274 |
| 156 | aaa_76_25 | 2.782978235260212 × 10^274 |
| 157 | aaa_76_26 | 1.606253777409607 × 10^274 |
| 158 | aaa_76_27 | 8.21724089892095 × 10^273 |
| 159 | aaa_76_28 | 3.1968720723798926 × 10^273 |
| 160 | aaa_76_29 | 9.714402093165766 × 10^272 |

### Output Bits Sorted by Complexity

| Rank | Output Bit | Complexity |
|:----:|:----------:|:----------:|
| 160 | aaa_76_29 | 9.714402093165766 × 10^272 |
| 159 | aaa_76_28 | 3.1968720723798926 × 10^273 |
| 158 | aaa_76_27 | 8.21724089892095 × 10^273 |
| 157 | aaa_76_26 | 1.606253777409607 × 10^274 |
| 156 | aaa_76_25 | 2.782978235260212 × 10^274 |
| 155 | ov_155 | 7.244578257307848 × 10^274 |
| 154 | ov_154 | 1.3996403991838728 × 10^275 |
| 153 | ov_153 | 2.3759769976675727 × 10^275 |
| 152 | ov_152 | 3.736571764232264 × 10^275 |
| 151 | ov_151 | 5.658607947202092 × 10^275 |
| 150 | ov_150 | 8.341222735929669 × 10^275 |
| 149 | ov_149 | 1.200551697582171 × 10^276 |
| 148 | ov_148 | 1.6894569087674349 × 10^276 |
| 147 | ov_147 | 2.314641907185321 × 10^276 |
| 146 | ov_146 | 3.104816957649382 × 10^276 |
| 145 | ov_145 | 4.090899960060924 × 10^276 |
| 144 | ov_144 | 5.306024691465891 × 10^276 |
| 143 | ov_143 | 6.785553946307666 × 10^276 |
| 142 | ov_142 | 8.567099331230223 × 10^276 |
| 141 | ov_141 | 1.0690549637535486 × 10^277 |
| 140 | ov_140 | 1.3198109881331988 × 10^277 |
| 139 | ov_139 | 1.6134353268589493 × 10^277 |
| 138 | ov_138 | 1.9546288509832175 × 10^277 |
| 137 | ov_137 | 2.3483445077229396 × 10^277 |
| 136 | ov_136 | 2.799797916566002 × 10^277 |
| 135 | ov_135 | 3.3144803289361036 × 10^277 |
| 134 | ov_134 | 3.898174261761683 × 10^277 |
| 133 | ov_133 | 4.554005926613494 × 10^277 |
| 132 | ov_132 | 5.288399624493702 × 10^277 |
| 131 | ov_131 | 6.108137233390348 × 10^277 |
| 130 | ov_130 | 6.108141799156168 × 10^277 |
| 129 | ov_129 | 6.108160703524485 × 10^277 |
| 128 | aaa_77_29 | 6.662395803928224 × 10^277 |
| 127 | aaa_77_28 | 1.777776210257608 × 10^278 |
| 126 | ov_126 | 5.568127643176142 × 10^278 |
| 125 | ov_125 | 1.2509480241087757 × 10^279 |
| 124 | ov_124 | 2.3822236513250686 × 10^279 |
| 123 | ov_123 | 4.0726812924685824 × 10^279 |
| 122 | ov_122 | 6.444367923418023 × 10^279 |
| 121 | ov_121 | 9.619346103288793 × 10^279 |
| 120 | ov_120 | 1.3719714086240122 × 10^280 |
| 119 | ov_119 | 1.886763830035796 × 10^280 |
| 118 | ov_118 | 2.5185401514939097 × 10^280 |
| 117 | ov_117 | 3.2795471084459433 × 10^280 |
| 116 | ov_116 | 4.182059165757057 × 10^280 |
| 115 | ov_115 | 5.238390673976595 × 10^280 |
| 114 | ov_114 | 6.460912180935167 × 10^280 |
| 113 | ov_113 | 7.862073109528431 × 10^280 |
| 112 | ov_112 | 9.454432401202647 × 10^280 |
| 111 | ov_111 | 1.1250698003738676 × 10^281 |
| 110 | ov_110 | 1.3263774812146674 × 10^281 |
| 109 | ov_109 | 1.5506820672313827 × 10^281 |
| 108 | ov_108 | 1.7993312599045864 × 10^281 |
| 107 | ov_107 | 2.0737125362252255 × 10^281 |
| 106 | ov_106 | 2.3752623328124517 × 10^281 |
| 105 | ov_105 | 2.7054766447589104 × 10^281 |
| 104 | ov_104 | 3.0659231292426717 × 10^281 |
| 103 | ov_103 | 3.458254805100841 × 10^281 |
| 102 | ov_102 | 3.884225441144076 × 10^281 |
| 101 | ov_101 | 4.34570672809418 × 10^281 |
| 100 | ov_100 | 4.8447073317425525 × 10^281 |
| 99 | ov_099 | 5.3833939283622284 × 10^281 |
| 98 | ov_098 | 5.383445396603461 × 10^281 |
| 97 | ov_097 | 5.383606702479221 × 10^281 |
| 96 | aaa_78_29 | 8.151255863372554 × 10^281 |
| 95 | aaa_78_28 | 2.6540917594647086 × 10^282 |
| 94 | ov_094 | 8.594833756864477 × 10^282 |
| 93 | ov_093 | 2.0064568587007138 × 10^283 |
| 92 | ov_092 | 4.015419252664521 × 10^283 |
| 91 | ov_091 | 7.280325968277209 × 10^283 |
| 90 | ov_090 | 1.2280030933332789 × 10^284 |
| 89 | ov_089 | 1.957836674188309 × 10^284 |
| 88 | ov_088 | 2.9824307692439276 × 10^284 |
| 87 | ov_087 | 4.440123400080819 × 10^284 |
| 86 | ov_086 | 6.486385391365479 × 10^284 |
| 85 | ov_085 | 9.293935699906208 × 10^284 |
| 84 | ov_084 | 1.3052906367371437 × 10^285 |
| 83 | ov_083 | 1.787162354528813 × 10^285 |
| 82 | ov_082 | 2.3975787632118482 × 10^285 |
| 81 | ov_081 | 3.160940238885406 × 10^285 |
| 64 | lv_79_m31 | 4.0848473169150393 × 10^285 |
| 80 | ov_080 | 4.103523608570585 × 10^285 |
| 79 | ov_079 | 5.2535381156269876 × 10^285 |
| 78 | ov_078 | 6.641192217253164 × 10^285 |
| 77 | ov_077 | 8.298772198200159 × 10^285 |
| 76 | ov_076 | 1.026073358879408 × 10^286 |
| 75 | ov_075 | 1.2563806380928183 × 10^286 |
| 74 | ov_074 | 1.5247115043407615 × 10^286 |
| 73 | ov_073 | 1.8352314348563157 × 10^286 |
| 63 | ov_063 | 2.098789049752668 × 10^286 |
| 72 | ov_072 | 2.192374203607341 × 10^286 |
| 71 | ov_071 | 2.6008589358134377 × 10^286 |
| 70 | ov_070 | 3.065709057324735 × 10^286 |
| 69 | ov_069 | 3.592273248482252 × 10^286 |
| 68 | ov_068 | 4.18624851565282 × 10^286 |
| 67 | ov_067 | 4.85370549800409 × 10^286 |
| 66 | ov_066 | 4.853709421320843 × 10^286 |
| 65 | ov_065 | 4.853725450977483 × 10^286 |
| 62 | ov_062 | 1.078112088671303 × 10^287 |
| 61 | ov_061 | 3.9345325313316415 × 10^287 |
| 60 | ov_060 | 1.127632948489251 × 10^288 |
| 59 | ov_059 | 2.7239983457707378 × 10^288 |
| 58 | ov_058 | 5.5334618260102385 × 10^288 |
| 57 | ov_057 | 1.000522079075016 × 10^289 |
| 56 | ov_056 | 1.668676211356647 × 10^289 |
| 55 | ov_055 | 2.622387421372916 × 10^289 |
| 54 | ov_054 | 3.936067307433559 × 10^289 |
| 53 | ov_053 | 5.693965122867079 × 10^289 |
| 52 | ov_052 | 8.074425461225781 × 10^289 |
| 51 | ov_051 | 1.1275498630872882 × 10^290 |
| 50 | ov_050 | 1.5514974761711862 × 10^290 |
| 49 | ov_049 | 2.103043421683564 × 10^290 |
| 48 | ov_048 | 2.807931980984889 × 10^290 |
| 47 | ov_047 | 3.693903904356661 × 10^290 |
| 32 | lv_80_m31 | 4.5332105079561864 × 10^290 |
| 46 | ov_046 | 4.790710756061754 × 10^290 |
| 45 | ov_045 | 6.1301346936446785 × 10^290 |
| 44 | ov_044 | 7.746015033831836 × 10^290 |
| 43 | ov_043 | 9.674282898835966 × 10^290 |
| 42 | ov_042 | 1.1953005379290684 × 10^291 |
| 41 | ov_041 | 1.462244099403267 × 10^291 |
| 40 | ov_040 | 1.7704423658826462 × 10^291 |
| 39 | ov_039 | 2.1221982693048887 × 10^291 |
| 31 | ov_031 | 2.3251411377175776 × 10^291 |
| 38 | ov_038 | 2.522242796941541 × 10^291 |
| 37 | ov_037 | 2.975563847776334 × 10^291 |
| 36 | ov_036 | 3.487420782157691 × 10^291 |
| 35 | ov_035 | 4.0633615581176515 × 10^291 |
| 34 | ov_034 | 4.7092427580323534 × 10^291 |
| 33 | ov_033 | 5.4312528290310496 × 10^291 |
| 30 | ov_030 | 1.1923933065550405 × 10^292 |
| 29 | ov_029 | 3.901412292548218 × 10^292 |
| 28 | ov_028 | 1.0127762343945365 × 10^293 |
| 27 | ov_027 | 2.2640373941396903 × 10^293 |
| 26 | ov_026 | 4.5281120293268144 × 10^293 |
| 25 | ov_025 | 8.296482981549527 × 10^293 |
| 24 | ov_024 | 1.4167933376429749 × 10^294 |
| 23 | ov_023 | 2.3447343674167055 × 10^294 |
| 22 | ov_022 | 3.7654256259525293 × 10^294 |
| 21 | ov_021 | 5.852297631646193 × 10^294 |
| 20 | ov_020 | 8.80027560726045 × 10^294 |
| 19 | ov_019 | 1.2825809602933583 × 10^295 |
| 18 | ov_018 | 1.816692030463371 × 10^295 |
| 17 | ov_017 | 2.5083265301333455 × 10^295 |
| 16 | ov_016 | 3.3856231370726846 × 10^295 |
| 15 | ov_015 | 4.4789059972692097 × 10^295 |
| 14 | ov_014 | 5.820701655311268 × 10^295 |
| 13 | ov_013 | 7.445761797050046 × 10^295 |
| 12 | ov_012 | 9.391093468010162 × 10^295 |
| 11 | ov_011 | 1.1695998589176509 × 10^296 |
| 10 | ov_010 | 1.4402124750449578 × 10^296 |
| 9 | ov_009 | 1.7553529421442833 × 10^296 |
| 8 | ov_008 | 2.1196759879684584 × 10^296 |
| 7 | ov_007 | 2.5380951318066945 × 10^296 |
| 6 | ov_006 | 3.015794575704536 × 10^296 |
| 5 | ov_005 | 3.5582434553228782 × 10^296 |
| 4 | ov_004 | 4.171212746532188 × 10^296 |
| 3 | ov_003 | 4.860795120487691 × 10^296 |
| 2 | ov_002 | 5.633427994563403 × 10^296 |
| 1 | ov_001 | 6.4959200013075095 × 10^296 |

