# Results for F001-F002-F003-F004-F005-F006-F007-F008-F009-F010-F011-F012-F013-F014-F015-F016-F017-F018-F019-F020-F021-F022-F023-F024-F025-F026-F027-F028-F029-F030-F031-F032-F033-F034-F035-F036-F037-F038-F039-F040-F041-F042-F043-F044-F045-F046-F047-F048-F049-F050-F051-F052-F053-F054-F055-F056-F057-F058-F059-F060-F061-F062-F063-F064-F065-F066-F067-F068-F069-F070-F071-F072-F073-F074-F075-F076-F077-F078-F079-F080-F081-F082-F083-F084-F085-F086-F087-F088-F089-F090-F091-F092-F093-F094-F095-F096-F097-F098-F099-F100-F101-F102-F103-F104-F105-F106-F107-F108-F109-F110-F111-F112-F113-F114-F115-F116-F117-F118-F119-F120-F121-F122-F123-F124-F125-F126-F127-F128-F129-F130-F131-F132-F133-F134-F135-F136-F137-F138-F139-F140-F141-F142-F143-F144-F145-F146-F147-F148-F149-F150-F151-F152-F153-F154-F155-F156-F157-F158-F159-F160-F161-F162-F163-F164-F165-F166-F167-F168-F169-F170-F171-F172-F173-F174-F175-F176-F177-F178-F179-F180-F181-F182-F183-F184-F185-F186-F187-F188-F189-F190-F191-F192-F193-F194-F195-F196-F197-F198-F199-F200-F201-F202-F203-F204-F205-F206-F207-F208-F209-F210-F211-F212-F213-F214-F215-F216-F217-F218-F219-F220-F221-F222-F223-F224-F225-F226-F227-F228-F229-F230-F231-F232-F233-F234-F235-F236-F237-F238-F239-F240-F241-F242-F243-F244-F245-F246-F247-F248-F249-F250-F251-F252-F253-F254-F255-F256-F257-F258-F259-F260-F261-F262-F263-F264-F265-F266-F267-F268-F269-F270-F271-F272-F273-F274-F275-F276-F277-F278-F279-F280-F281-F282-F283-F284-F285-F286-F287-F288-F289-F290-F291-F292-F293-F294-F295-F296-F297-F298-F299-F300-F301-F302-F303-F304-F305-F306-F307-F308-F309-F310-F311-F312-F313-F314-F315-F316-F317-F318-F319-F320-F321-F322-F323-F324-F325-F326-F327-F328-F329-F330-F331-F332-F333-F334-F335-F336-F337-F338-F339-F340-F341-F342-F343-F344-F345-F346-F347-F348-F349-F350-F351-F352-F353-F354-F355-F356-F357-F358-F359-F360-F361-F362-F363-F364-F365-F366-F367-F368-F369-F370-F371-F372-F373-F374-F375-F376-F377-F378-F379-F380-F381-F382-F383-F384-F385-F386-F387-F388-F389-F390-F391-F392-F393-F394-F395-F396-F397-F398-F399-F400-F401-F402-F403-F404-F405-F406-F407-F408-F409-F410-F411-F412-F413-F414-F415-F416-F417-F418-F419-F420-F421-F422-F423-F424-F425-F426-F427-F428-F429-F430-F431-F432-F433-F434-F435-F436-F437-F438-F439-F440-F441-F442-F443-F444-F445-F446-F447-F448-F449-F450-F451-F452-F453-F454-F455-F456-F457-F458-F459-F460-F461-F462-F463-F464-F465-F466-F467-F468-F469-F470-F471-F472-F473-F474-F475-F476-F477-F478-F479-F480-F481-F482-F483-F484-F485-F486-F487-F488-F489-F490-F491-F492-F493-F494-F495-F496-O499505-O499507-O499508-F509-F510-F511-F512

## Summary

Number of input bits: 512  
Number of free input bits: 9  
Number of output bits: 160

Number of direct occurrences: 36714  
Number of assignments: 31017  
Number of operations: 10893918
(xor: 10865934,
and: 14743,
or: 13241)

Total complexity: 2.0096110507415406 × 10^298

Least occurring input variable: iv_502 (3835)  
Most occurring input variable: iv_499 (4585)

Most co-occurring input variables: iv_499-iv_506 (2094)  
Least co-occurring input variables: iv_498-iv_502 (1721)

Potentially most occurring input variable: iv_499/iv_503 (4706)  
Potentially least occurring input variable: iv_498/iv_504 (4117)

Least output occurring input variable: iv_499 (74)  
Most output occurring input variable: iv_506 (93)

Most output co-occurring input variables: iv_502-iv_506 (54)  
Least output co-occurring input variables: iv_497-iv_499 (33)

Potentially most output occurring input variable: iv_498/iv_500 (92)  
Potentially least output occurring input variable: iv_502/iv_504 (65)

Least complex input bit: iv_497 (8.432160296312457 × 10^295)  
Most complex input bit: iv_499 (8.405481303933129 × 10^297)

Least complex output bit: aaa_76_29 (1.8475699380629658 × 10^273)  
Most complex output bit: ov_001 (3.240169979424794 × 10^297)

Least complex input/output complexity: iv_497/aaa_76_29 (7.752249307469918 × 10^270)  
Most complex input/output complexity: iv_499/ov_001 (1.3552467366046156 × 10^297)

## Input Bits

### Input Bits in Regular Order

| Input Bit | Complexity | Occurrences | Output Occurrences |
|:---------:|:----------:|:-----------:|:------------------:|
| iv_497 | 8.432160296312457 × 10^295 | 4060 | 75 |
| iv_498 | 1.6815419771697913 × 10^296 | 3890 | 84 |
| iv_499 | 8.405481303933129 × 10^297 | 4585 | 74 |
| iv_500 | 5.1703427860972704 × 10^296 | 4087 | 84 |
| iv_501 | 8.667470616650339 × 10^296 | 4057 | 79 |
| iv_502 | 1.4187747059457479 × 10^297 | 3835 | 84 |
| iv_503 | 2.2748968931339202 × 10^297 | 4017 | 79 |
| iv_504 | 3.567401498959843 × 10^297 | 4031 | 87 |
| iv_506 | 2.7932989644879284 × 10^297 | 4152 | 93 |

### Input Bits Sorted by Complexity

| Input Bit | Complexity | Occurrences | Output Occurrences |
|:---------:|:----------:|:-----------:|:------------------:|
| iv_497 | 8.432160296312457 × 10^295 | 4060 | 75 |
| iv_498 | 1.6815419771697913 × 10^296 | 3890 | 84 |
| iv_500 | 5.1703427860972704 × 10^296 | 4087 | 84 |
| iv_501 | 8.667470616650339 × 10^296 | 4057 | 79 |
| iv_502 | 1.4187747059457479 × 10^297 | 3835 | 84 |
| iv_503 | 2.2748968931339202 × 10^297 | 4017 | 79 |
| iv_506 | 2.7932989644879284 × 10^297 | 4152 | 93 |
| iv_504 | 3.567401498959843 × 10^297 | 4031 | 87 |
| iv_499 | 8.405481303933129 × 10^297 | 4585 | 74 |

### Input Bits Sorted by Occurrences

| Input Bit | Complexity | Occurrences | Output Occurrences |
|:---------:|:----------:|:-----------:|:------------------:|
| iv_502 | 1.4187747059457479 × 10^297 | 3835 | 84 |
| iv_498 | 1.6815419771697913 × 10^296 | 3890 | 84 |
| iv_503 | 2.2748968931339202 × 10^297 | 4017 | 79 |
| iv_504 | 3.567401498959843 × 10^297 | 4031 | 87 |
| iv_501 | 8.667470616650339 × 10^296 | 4057 | 79 |
| iv_497 | 8.432160296312457 × 10^295 | 4060 | 75 |
| iv_500 | 5.1703427860972704 × 10^296 | 4087 | 84 |
| iv_506 | 2.7932989644879284 × 10^297 | 4152 | 93 |
| iv_499 | 8.405481303933129 × 10^297 | 4585 | 74 |

### Input Bits Sorted by Output Occurrences

| Input Bit | Complexity | Occurrences | Output Occurrences |
|:---------:|:----------:|:-----------:|:------------------:|
| iv_499 | 8.405481303933129 × 10^297 | 4585 | 74 |
| iv_497 | 8.432160296312457 × 10^295 | 4060 | 75 |
| iv_503 | 2.2748968931339202 × 10^297 | 4017 | 79 |
| iv_501 | 8.667470616650339 × 10^296 | 4057 | 79 |
| iv_500 | 5.1703427860972704 × 10^296 | 4087 | 84 |
| iv_498 | 1.6815419771697913 × 10^296 | 3890 | 84 |
| iv_502 | 1.4187747059457479 × 10^297 | 3835 | 84 |
| iv_504 | 3.567401498959843 × 10^297 | 4031 | 87 |
| iv_506 | 2.7932989644879284 × 10^297 | 4152 | 93 |

## Input Bit Co-occurrences

### Input Bit Co-occurrences Sorted by Co-occurrences

| Input Bits | Co-occurrences | Potential Occurrences | Output Co-occurrences | Potential Output Occurrences |
|:----------:|:--------------:|:---------------------:|:---------------------:|:----------------------------:|
| iv_499-iv_506 | 2094 | 4549 | 47 | 73 |
| iv_499-iv_500 | 2077 | 4518 | 38 | 82 |
| iv_500-iv_506 | 2021 | 4197 | 53 | 71 |
| iv_499-iv_501 | 2019 | 4604 | 38 | 77 |
| iv_497-iv_499 | 2015 | 4615 | 33 | 83 |
| iv_499-iv_504 | 2004 | 4608 | 44 | 73 |
| iv_501-iv_506 | 1978 | 4253 | 51 | 70 |
| iv_497-iv_501 | 1974 | 4169 | 39 | 76 |
| iv_500-iv_504 | 1962 | 4194 | 45 | 81 |

### Input Bit Co-occurrences Sorted by Potential Occurrences

| Input Bits | Co-occurrences | Potential Occurrences | Output Co-occurrences | Potential Output Occurrences |
|:----------:|:--------------:|:---------------------:|:---------------------:|:----------------------------:|
| iv_498-iv_504 | 1902 | 4117 | 45 | 81 |
| iv_502-iv_504 | 1853 | 4160 | 53 | 65 |
| iv_498-iv_506 | 1937 | 4168 | 47 | 83 |
| iv_497-iv_501 | 1974 | 4169 | 39 | 76 |
| iv_497-iv_502 | 1857 | 4181 | 44 | 71 |
| iv_502-iv_506 | 1898 | 4191 | 54 | 69 |
| iv_497-iv_503 | 1942 | 4193 | 38 | 78 |
| iv_500-iv_504 | 1962 | 4194 | 45 | 81 |
| iv_500-iv_506 | 2021 | 4197 | 53 | 71 |

### Input Bit Output Co-occurrences Sorted by Output Co-occurrences

| Input Bits | Co-occurrences | Potential Occurrences | Output Co-occurrences | Potential Output Occurrences |
|:----------:|:--------------:|:---------------------:|:---------------------:|:----------------------------:|
| iv_502-iv_506 | 1898 | 4191 | 54 | 69 |
| iv_500-iv_506 | 2021 | 4197 | 53 | 71 |
| iv_502-iv_504 | 1853 | 4160 | 53 | 65 |
| iv_504-iv_506 | 1951 | 4281 | 52 | 76 |
| iv_501-iv_506 | 1978 | 4253 | 51 | 70 |
| iv_498-iv_502 | 1721 | 4283 | 47 | 74 |
| iv_498-iv_506 | 1937 | 4168 | 47 | 83 |
| iv_499-iv_506 | 2094 | 4549 | 47 | 73 |
| iv_497-iv_506 | 1952 | 4308 | 47 | 74 |

### Input Bit Output Co-occurrences Sorted by Potential Output Occurrences

| Input Bits | Co-occurrences | Potential Occurrences | Output Co-occurrences | Potential Output Occurrences |
|:----------:|:--------------:|:---------------------:|:---------------------:|:----------------------------:|
| iv_502-iv_504 | 1853 | 4160 | 53 | 65 |
| iv_502-iv_506 | 1898 | 4191 | 54 | 69 |
| iv_501-iv_506 | 1978 | 4253 | 51 | 70 |
| iv_500-iv_506 | 2021 | 4197 | 53 | 71 |
| iv_497-iv_502 | 1857 | 4181 | 44 | 71 |
| iv_498-iv_501 | 1863 | 4221 | 45 | 73 |
| iv_499-iv_504 | 2004 | 4608 | 44 | 73 |
| iv_499-iv_506 | 2094 | 4549 | 47 | 73 |
| iv_498-iv_502 | 1721 | 4283 | 47 | 74 |

## Output Bits

### Output Bits in Regular Order

| Rank | Output Bit | Complexity |
|:----:|:----------:|:----------:|
| 1 | ov_001 | 3.240169979424794 × 10^297 |
| 2 | ov_002 | 2.8057576057723752 × 10^297 |
| 3 | ov_003 | 2.417073421634135 × 10^297 |
| 4 | ov_004 | 2.0706249759424325 × 10^297 |
| 5 | ov_005 | 1.7631102596081617 × 10^297 |
| 6 | ov_006 | 1.491404125386141 × 10^297 |
| 7 | ov_007 | 1.2525464607019635 × 10^297 |
| 8 | ov_008 | 1.0437319996245585 × 10^297 |
| 9 | ov_009 | 8.62301647217061 × 10^296 |
| 10 | ov_010 | 7.05735166220054 × 10^296 |
| 11 | ov_011 | 5.716450742758679 × 10^296 |
| 12 | ov_012 | 4.577716085562079 × 10^296 |
| 13 | ov_013 | 3.619786231521533 × 10^296 |
| 14 | ov_014 | 2.8225029296199105 × 10^296 |
| 15 | ov_015 | 2.1668850609790255 × 10^296 |
| 16 | ov_016 | 1.6351083505063774 × 10^296 |
| 17 | ov_017 | 1.2104898502015856 × 10^296 |
| 18 | ov_018 | 8.774762595382296 × 10^295 |
| 19 | ov_019 | 6.216352294254413 × 10^295 |
| 20 | ov_020 | 4.2964891536099073 × 10^295 |
| 21 | ov_021 | 2.8930923571586007 × 10^295 |
| 22 | ov_022 | 1.8951446622104695 × 10^295 |
| 23 | ov_023 | 1.2026688531709531 × 10^295 |
| 24 | ov_024 | 7.267122536954725 × 10^294 |
| 25 | ov_025 | 4.2555315785105855 × 10^294 |
| 26 | ov_026 | 2.3226382636590756 × 10^294 |
| 27 | ov_027 | 1.1613242692807528 × 10^294 |
| 28 | ov_028 | 5.1950484933941256 × 10^293 |
| 29 | ov_029 | 2.0012638140771006 × 10^293 |
| 30 | ov_030 | 6.116572361615488 × 10^292 |
| 31 | ov_031 | 1.1927369410719515 × 10^292 |
| 32 | lv_80_m31 | 2.3254551400983458 × 10^291 |
| 33 | ov_033 | 2.78635311317433 × 10^292 |
| 34 | ov_034 | 2.416081536982296 × 10^292 |
| 35 | ov_035 | 2.0848275666276278 × 10^292 |
| 36 | ov_036 | 1.7894225096755432 × 10^292 |
| 37 | ov_037 | 1.5268676246993784 × 10^292 |
| 38 | ov_038 | 1.2943221106744854 × 10^292 |
| 39 | ov_039 | 1.0890927568568353 × 10^292 |
| 40 | ov_040 | 9.086250918471626 × 10^291 |
| 41 | ov_041 | 7.504958789827653 × 10^291 |
| 42 | ov_042 | 6.135254500393406 × 10^291 |
| 43 | ov_043 | 4.965951684211959 × 10^291 |
| 44 | ov_044 | 3.9764181638016956 × 10^291 |
| 45 | ov_045 | 3.147140836662132 × 10^291 |
| 46 | ov_046 | 2.4596978463872855 × 10^291 |
| 47 | ov_047 | 1.896736723713482 × 10^291 |
| 48 | ov_048 | 1.441957516852822 × 10^291 |
| 49 | ov_049 | 1.0801000048654771 × 10^291 |
| 50 | ov_050 | 7.969341617069864 × 10^290 |
| 51 | ov_051 | 5.792531503605835 × 10^290 |
| 52 | ov_052 | 4.1486827622797774 × 10^290 |
| 53 | ov_053 | 2.92605431112714 × 10^290 |
| 54 | ov_054 | 2.023026384155299 × 10^290 |
| 55 | ov_055 | 1.348084140223095 × 10^290 |
| 56 | ov_056 | 8.579947778905114 × 10^289 |
| 57 | ov_057 | 5.145707937413436 × 10^289 |
| 58 | ov_058 | 2.846677454312657 × 10^289 |
| 59 | ov_059 | 1.4018309474862375 × 10^289 |
| 60 | ov_060 | 5.805568546217294 × 10^288 |
| 61 | ov_061 | 2.0265556045601462 × 10^288 |
| 62 | ov_062 | 5.555309690942423 × 10^287 |
| 63 | ov_063 | 1.0819150897550347 × 10^287 |
| 64 | lv_79_m31 | 2.1065484481118665 × 10^286 |
| 65 | ov_065 | 2.488616304796721 × 10^287 |
| 66 | ov_066 | 2.4886098905271714 × 10^287 |
| 67 | ov_067 | 2.4886083835676334 × 10^287 |
| 68 | ov_068 | 2.1477043260103982 × 10^287 |
| 69 | ov_069 | 1.8434134643036487 × 10^287 |
| 70 | ov_070 | 1.5729477221986597 × 10^287 |
| 71 | ov_071 | 1.3336519186073226 × 10^287 |
| 72 | ov_072 | 1.1229970736979826 × 10^287 |
| 73 | ov_073 | 9.385751253833198 × 10^286 |
| 74 | ov_074 | 7.78094627922529 × 10^286 |
| 75 | ov_075 | 6.393770709010607 × 10^286 |
| 76 | ov_076 | 5.203536082608648 × 10^286 |
| 77 | ov_077 | 4.190621302871499 × 10^286 |
| 78 | ov_078 | 3.3364465856493913 × 10^286 |
| 79 | ov_079 | 2.6234504425036444 × 10^286 |
| 80 | ov_080 | 2.0350695025573874 × 10^286 |
| 81 | ov_081 | 1.555720981392568 × 10^286 |
| 82 | ov_082 | 1.1707876063294342 × 10^286 |
| 83 | ov_083 | 8.666048084705233 × 10^285 |
| 84 | ov_084 | 6.304499926438467 × 10^285 |
| 85 | ov_085 | 4.505336969111667 × 10^285 |
| 86 | ov_086 | 3.1599245367217477 × 10^285 |
| 87 | ov_087 | 2.168831646361584 × 10^285 |
| 88 | ov_088 | 1.4417880208328016 × 10^285 |
| 89 | ov_089 | 9.359440948705795 × 10^284 |
| 90 | ov_090 | 5.7926571809191686 × 10^284 |
| 91 | ov_091 | 3.380103457314589 × 10^284 |
| 92 | ov_092 | 1.8297894627206595 × 10^284 |
| 93 | ov_093 | 8.951288383770083 × 10^283 |
| 94 | ov_094 | 3.749238679905402 × 10^283 |
| 95 | aaa_78_28 | 1.1335922794679615 × 10^283 |
| 96 | aaa_78_29 | 3.36850602470697 × 10^282 |
| 97 | ov_097 | 1.895211806327273 × 10^282 |
| 98 | ov_098 | 1.895181036294593 × 10^282 |
| 99 | ov_099 | 1.8951712192389117 × 10^282 |
| 100 | ov_100 | 1.5475486007903055 × 10^282 |
| 101 | ov_101 | 1.2601441940422045 × 10^282 |
| 102 | ov_102 | 1.0253632704532312 × 10^282 |
| 103 | ov_103 | 8.360241773856288 × 10^281 |
| 104 | ov_104 | 6.853282234676229 × 10^281 |
| 105 | ov_105 | 5.668335899636551 × 10^281 |
| 106 | ov_106 | 4.744328911286299 × 10^281 |
| 107 | ov_107 | 4.023340257382969 × 10^281 |
| 108 | ov_108 | 3.450439805506551 × 10^281 |
| 109 | ov_109 | 2.9735526449963465 × 10^281 |
| 110 | ov_110 | 2.5433467006878765 × 10^281 |
| 111 | ov_111 | 2.1572453712383464 × 10^281 |
| 112 | ov_112 | 1.8127311151154046 × 10^281 |
| 113 | ov_113 | 1.5073326052124333 × 10^281 |
| 114 | ov_114 | 1.2386140678665718 × 10^281 |
| 115 | ov_115 | 1.0041666386584253 × 10^281 |
| 116 | ov_116 | 8.016015676168964 × 10^280 |
| 117 | ov_117 | 6.285449276719491 × 10^280 |
| 118 | ov_118 | 4.826334803068434 × 10^280 |
| 119 | ov_119 | 3.615115731198601 × 10^280 |
| 120 | ov_120 | 2.6282882772886875 × 10^280 |
| 121 | ov_121 | 1.8423837647136825 × 10^280 |
| 122 | ov_122 | 1.2339556442752454 × 10^280 |
| 123 | ov_123 | 7.795703329937256 × 10^279 |
| 124 | ov_124 | 4.558010368051382 × 10^279 |
| 125 | ov_125 | 2.3922392543513024 × 10^279 |
| 126 | ov_126 | 1.0641618220111098 × 10^279 |
| 127 | aaa_77_28 | 3.395525584270594 × 10^278 |
| 128 | aaa_77_29 | 1.2715260433791706 × 10^278 |
| 129 | ov_129 | 1.1645459807383221 × 10^278 |
| 130 | ov_130 | 1.1645423853656398 × 10^278 |
| 131 | ov_131 | 1.1645415170218095 × 10^278 |
| 132 | ov_132 | 1.006406363686087 × 10^278 |
| 133 | ov_133 | 8.65130416033868 × 10^277 |
| 134 | ov_134 | 7.394237794722692 × 10^277 |
| 135 | ov_135 | 6.280645663216038 × 10^277 |
| 136 | ov_136 | 5.298940095006054 × 10^277 |
| 137 | ov_137 | 4.438122820486148 × 10^277 |
| 138 | ov_138 | 3.6877495325714926 × 10^277 |
| 139 | ov_139 | 3.037900156679073 × 10^277 |
| 140 | ov_140 | 2.479154205861478 × 10^277 |
| 141 | ov_141 | 2.0025706308057868 × 10^277 |
| 142 | ov_142 | 1.5996716071238873 × 10^277 |
| 143 | ov_143 | 1.2624297347203134 × 10^277 |
| 144 | ov_144 | 9.832581561445137 × 10^276 |
| 145 | ov_145 | 7.550031328005761 × 10^276 |
| 146 | ov_146 | 5.709386497541655 × 10^276 |
| 147 | ov_147 | 4.247626516756398 × 10^276 |
| 148 | ov_148 | 3.105945442088332 × 10^276 |
| 149 | ov_149 | 2.229736267698228 × 10^276 |
| 150 | ov_150 | 1.5685815446818713 × 10^276 |
| 151 | ov_151 | 1.0762477147009425 × 10^276 |
| 152 | ov_152 | 7.106813765547221 × 10^275 |
| 153 | ov_153 | 4.51900483243984 × 10^275 |
| 154 | ov_154 | 2.662048086324812 × 10^275 |
| 155 | ov_155 | 1.377879648132076 × 10^275 |
| 156 | aaa_76_25 | 5.29305821691961 × 10^274 |
| 157 | aaa_76_26 | 3.054980979134453 × 10^274 |
| 158 | aaa_76_27 | 1.5628509621956055 × 10^274 |
| 159 | aaa_76_28 | 6.080137040502035 × 10^273 |
| 160 | aaa_76_29 | 1.8475699380629658 × 10^273 |

### Output Bits Sorted by Complexity

| Rank | Output Bit | Complexity |
|:----:|:----------:|:----------:|
| 160 | aaa_76_29 | 1.8475699380629658 × 10^273 |
| 159 | aaa_76_28 | 6.080137040502035 × 10^273 |
| 158 | aaa_76_27 | 1.5628509621956055 × 10^274 |
| 157 | aaa_76_26 | 3.054980979134453 × 10^274 |
| 156 | aaa_76_25 | 5.29305821691961 × 10^274 |
| 155 | ov_155 | 1.377879648132076 × 10^275 |
| 154 | ov_154 | 2.662048086324812 × 10^275 |
| 153 | ov_153 | 4.51900483243984 × 10^275 |
| 152 | ov_152 | 7.106813765547221 × 10^275 |
| 151 | ov_151 | 1.0762477147009425 × 10^276 |
| 150 | ov_150 | 1.5685815446818713 × 10^276 |
| 149 | ov_149 | 2.229736267698228 × 10^276 |
| 148 | ov_148 | 3.105945442088332 × 10^276 |
| 147 | ov_147 | 4.247626516756398 × 10^276 |
| 146 | ov_146 | 5.709386497541655 × 10^276 |
| 145 | ov_145 | 7.550031328005761 × 10^276 |
| 144 | ov_144 | 9.832581561445137 × 10^276 |
| 143 | ov_143 | 1.2624297347203134 × 10^277 |
| 142 | ov_142 | 1.5996716071238873 × 10^277 |
| 141 | ov_141 | 2.0025706308057868 × 10^277 |
| 140 | ov_140 | 2.479154205861478 × 10^277 |
| 139 | ov_139 | 3.037900156679073 × 10^277 |
| 138 | ov_138 | 3.6877495325714926 × 10^277 |
| 137 | ov_137 | 4.438122820486148 × 10^277 |
| 136 | ov_136 | 5.298940095006054 × 10^277 |
| 135 | ov_135 | 6.280645663216038 × 10^277 |
| 134 | ov_134 | 7.394237794722692 × 10^277 |
| 133 | ov_133 | 8.65130416033868 × 10^277 |
| 132 | ov_132 | 1.006406363686087 × 10^278 |
| 131 | ov_131 | 1.1645415170218095 × 10^278 |
| 130 | ov_130 | 1.1645423853656398 × 10^278 |
| 129 | ov_129 | 1.1645459807383221 × 10^278 |
| 128 | aaa_77_29 | 1.2715260433791706 × 10^278 |
| 127 | aaa_77_28 | 3.395525584270594 × 10^278 |
| 126 | ov_126 | 1.0641618220111098 × 10^279 |
| 125 | ov_125 | 2.3922392543513024 × 10^279 |
| 124 | ov_124 | 4.558010368051382 × 10^279 |
| 123 | ov_123 | 7.795703329937256 × 10^279 |
| 122 | ov_122 | 1.2339556442752454 × 10^280 |
| 121 | ov_121 | 1.8423837647136825 × 10^280 |
| 120 | ov_120 | 2.6282882772886875 × 10^280 |
| 119 | ov_119 | 3.615115731198601 × 10^280 |
| 118 | ov_118 | 4.826334803068434 × 10^280 |
| 117 | ov_117 | 6.285449276719491 × 10^280 |
| 116 | ov_116 | 8.016015676168964 × 10^280 |
| 115 | ov_115 | 1.0041666386584253 × 10^281 |
| 114 | ov_114 | 1.2386140678665718 × 10^281 |
| 113 | ov_113 | 1.5073326052124333 × 10^281 |
| 112 | ov_112 | 1.8127311151154046 × 10^281 |
| 111 | ov_111 | 2.1572453712383464 × 10^281 |
| 110 | ov_110 | 2.5433467006878765 × 10^281 |
| 109 | ov_109 | 2.9735526449963465 × 10^281 |
| 108 | ov_108 | 3.450439805506551 × 10^281 |
| 107 | ov_107 | 4.023340257382969 × 10^281 |
| 106 | ov_106 | 4.744328911286299 × 10^281 |
| 105 | ov_105 | 5.668335899636551 × 10^281 |
| 104 | ov_104 | 6.853282234676229 × 10^281 |
| 103 | ov_103 | 8.360241773856288 × 10^281 |
| 102 | ov_102 | 1.0253632704532312 × 10^282 |
| 101 | ov_101 | 1.2601441940422045 × 10^282 |
| 100 | ov_100 | 1.5475486007903055 × 10^282 |
| 99 | ov_099 | 1.8951712192389117 × 10^282 |
| 98 | ov_098 | 1.895181036294593 × 10^282 |
| 97 | ov_097 | 1.895211806327273 × 10^282 |
| 96 | aaa_78_29 | 3.36850602470697 × 10^282 |
| 95 | aaa_78_28 | 1.1335922794679615 × 10^283 |
| 94 | ov_094 | 3.749238679905402 × 10^283 |
| 93 | ov_093 | 8.951288383770083 × 10^283 |
| 92 | ov_092 | 1.8297894627206595 × 10^284 |
| 91 | ov_091 | 3.380103457314589 × 10^284 |
| 90 | ov_090 | 5.7926571809191686 × 10^284 |
| 89 | ov_089 | 9.359440948705795 × 10^284 |
| 88 | ov_088 | 1.4417880208328016 × 10^285 |
| 87 | ov_087 | 2.168831646361584 × 10^285 |
| 86 | ov_086 | 3.1599245367217477 × 10^285 |
| 85 | ov_085 | 4.505336969111667 × 10^285 |
| 84 | ov_084 | 6.304499926438467 × 10^285 |
| 83 | ov_083 | 8.666048084705233 × 10^285 |
| 82 | ov_082 | 1.1707876063294342 × 10^286 |
| 81 | ov_081 | 1.555720981392568 × 10^286 |
| 80 | ov_080 | 2.0350695025573874 × 10^286 |
| 64 | lv_79_m31 | 2.1065484481118665 × 10^286 |
| 79 | ov_079 | 2.6234504425036444 × 10^286 |
| 78 | ov_078 | 3.3364465856493913 × 10^286 |
| 77 | ov_077 | 4.190621302871499 × 10^286 |
| 76 | ov_076 | 5.203536082608648 × 10^286 |
| 75 | ov_075 | 6.393770709010607 × 10^286 |
| 74 | ov_074 | 7.78094627922529 × 10^286 |
| 73 | ov_073 | 9.385751253833198 × 10^286 |
| 63 | ov_063 | 1.0819150897550347 × 10^287 |
| 72 | ov_072 | 1.1229970736979826 × 10^287 |
| 71 | ov_071 | 1.3336519186073226 × 10^287 |
| 70 | ov_070 | 1.5729477221986597 × 10^287 |
| 69 | ov_069 | 1.8434134643036487 × 10^287 |
| 68 | ov_068 | 2.1477043260103982 × 10^287 |
| 67 | ov_067 | 2.4886083835676334 × 10^287 |
| 66 | ov_066 | 2.4886098905271714 × 10^287 |
| 65 | ov_065 | 2.488616304796721 × 10^287 |
| 62 | ov_062 | 5.555309690942423 × 10^287 |
| 61 | ov_061 | 2.0265556045601462 × 10^288 |
| 60 | ov_060 | 5.805568546217294 × 10^288 |
| 59 | ov_059 | 1.4018309474862375 × 10^289 |
| 58 | ov_058 | 2.846677454312657 × 10^289 |
| 57 | ov_057 | 5.145707937413436 × 10^289 |
| 56 | ov_056 | 8.579947778905114 × 10^289 |
| 55 | ov_055 | 1.348084140223095 × 10^290 |
| 54 | ov_054 | 2.023026384155299 × 10^290 |
| 53 | ov_053 | 2.92605431112714 × 10^290 |
| 52 | ov_052 | 4.1486827622797774 × 10^290 |
| 51 | ov_051 | 5.792531503605835 × 10^290 |
| 50 | ov_050 | 7.969341617069864 × 10^290 |
| 49 | ov_049 | 1.0801000048654771 × 10^291 |
| 48 | ov_048 | 1.441957516852822 × 10^291 |
| 47 | ov_047 | 1.896736723713482 × 10^291 |
| 32 | lv_80_m31 | 2.3254551400983458 × 10^291 |
| 46 | ov_046 | 2.4596978463872855 × 10^291 |
| 45 | ov_045 | 3.147140836662132 × 10^291 |
| 44 | ov_044 | 3.9764181638016956 × 10^291 |
| 43 | ov_043 | 4.965951684211959 × 10^291 |
| 42 | ov_042 | 6.135254500393406 × 10^291 |
| 41 | ov_041 | 7.504958789827653 × 10^291 |
| 40 | ov_040 | 9.086250918471626 × 10^291 |
| 39 | ov_039 | 1.0890927568568353 × 10^292 |
| 31 | ov_031 | 1.1927369410719515 × 10^292 |
| 38 | ov_038 | 1.2943221106744854 × 10^292 |
| 37 | ov_037 | 1.5268676246993784 × 10^292 |
| 36 | ov_036 | 1.7894225096755432 × 10^292 |
| 35 | ov_035 | 2.0848275666276278 × 10^292 |
| 34 | ov_034 | 2.416081536982296 × 10^292 |
| 33 | ov_033 | 2.78635311317433 × 10^292 |
| 30 | ov_030 | 6.116572361615488 × 10^292 |
| 29 | ov_029 | 2.0012638140771006 × 10^293 |
| 28 | ov_028 | 5.1950484933941256 × 10^293 |
| 27 | ov_027 | 1.1613242692807528 × 10^294 |
| 26 | ov_026 | 2.3226382636590756 × 10^294 |
| 25 | ov_025 | 4.2555315785105855 × 10^294 |
| 24 | ov_024 | 7.267122536954725 × 10^294 |
| 23 | ov_023 | 1.2026688531709531 × 10^295 |
| 22 | ov_022 | 1.8951446622104695 × 10^295 |
| 21 | ov_021 | 2.8930923571586007 × 10^295 |
| 20 | ov_020 | 4.2964891536099073 × 10^295 |
| 19 | ov_019 | 6.216352294254413 × 10^295 |
| 18 | ov_018 | 8.774762595382296 × 10^295 |
| 17 | ov_017 | 1.2104898502015856 × 10^296 |
| 16 | ov_016 | 1.6351083505063774 × 10^296 |
| 15 | ov_015 | 2.1668850609790255 × 10^296 |
| 14 | ov_014 | 2.8225029296199105 × 10^296 |
| 13 | ov_013 | 3.619786231521533 × 10^296 |
| 12 | ov_012 | 4.577716085562079 × 10^296 |
| 11 | ov_011 | 5.716450742758679 × 10^296 |
| 10 | ov_010 | 7.05735166220054 × 10^296 |
| 9 | ov_009 | 8.62301647217061 × 10^296 |
| 8 | ov_008 | 1.0437319996245585 × 10^297 |
| 7 | ov_007 | 1.2525464607019635 × 10^297 |
| 6 | ov_006 | 1.491404125386141 × 10^297 |
| 5 | ov_005 | 1.7631102596081617 × 10^297 |
| 4 | ov_004 | 2.0706249759424325 × 10^297 |
| 3 | ov_003 | 2.417073421634135 × 10^297 |
| 2 | ov_002 | 2.8057576057723752 × 10^297 |
| 1 | ov_001 | 3.240169979424794 × 10^297 |

