# Results for F001-F002-F003-F004-F005-F006-F007-F008-F009-F010-F011-F012-F013-F014-F015-F016-F017-F018-F019-F020-F021-F022-F023-F024-F025-F026-F027-F028-F029-F030-F031-F032-F033-F034-F035-F036-F037-F038-F039-F040-F041-F042-F043-F044-F045-F046-F047-F048-F049-F050-F051-F052-F053-F054-F055-F056-F057-F058-F059-F060-F061-F062-F063-F064-F065-F066-F067-F068-F069-F070-F071-F072-F073-F074-F075-F076-F077-F078-F079-F080-F081-F082-F083-F084-F085-F086-F087-F088-F089-F090-F091-F092-F093-F094-F095-F096-F097-F098-F099-F100-F101-F102-F103-F104-F105-F106-F107-F108-F109-F110-F111-F112-F113-F114-F115-F116-F117-F118-F119-F120-F121-F122-F123-F124-F125-F126-F127-F128-F129-F130-F131-F132-F133-F134-F135-F136-F137-F138-F139-F140-F141-F142-F143-F144-F145-F146-F147-F148-F149-F150-F151-F152-F153-F154-F155-F156-F157-F158-F159-F160-F161-F162-F163-F164-F165-F166-F167-F168-F169-F170-F171-F172-F173-F174-F175-F176-F177-F178-F179-F180-F181-F182-F183-F184-F185-F186-F187-F188-F189-F190-F191-F192-F193-F194-F195-F196-F197-F198-F199-F200-F201-F202-F203-F204-F205-F206-F207-F208-F209-F210-F211-F212-F213-F214-F215-F216-F217-F218-F219-F220-F221-F222-F223-F224-F225-F226-F227-F228-F229-F230-F231-F232-F233-F234-F235-F236-F237-F238-F239-F240-F241-F242-F243-F244-F245-F246-F247-F248-F249-F250-F251-F252-F253-F254-F255-F256-F257-F258-F259-F260-F261-F262-F263-F264-F265-F266-F267-F268-F269-F270-F271-F272-F273-F274-F275-F276-F277-F278-F279-F280-F281-F282-F283-F284-F285-F286-F287-F288-F289-F290-F291-F292-F293-F294-F295-F296-F297-F298-F299-F300-F301-F302-F303-F304-F305-F306-F307-F308-F309-F310-F311-F312-F313-F314-F315-F316-F317-F318-F319-F320-F321-F322-F323-F324-F325-F326-F327-F328-F329-F330-F331-F332-F333-F334-F335-F336-F337-F338-F339-F340-F341-F342-F343-F344-F345-F346-F347-F348-F349-F350-F351-F352-F353-F354-F355-F356-F357-F358-F359-F360-F361-F362-F363-F364-F365-F366-F367-F368-F369-F370-F371-F372-F373-F374-F375-F376-F377-F378-F379-F380-F381-F382-F383-F384-F385-F386-F387-F388-F389-F390-F391-F392-F393-F394-F395-F396-F397-F398-F399-F400-F401-F402-F403-F404-F405-F406-F407-F408-F409-F410-F411-F412-F413-F414-F415-F416-F417-F418-F419-F420-F421-F422-F423-F424-F425-F426-F427-F428-F429-F430-F431-F432-F433-F434-F435-F436-F437-F438-F439-F440-F441-F442-F443-F444-F445-F446-F447-F448-F449-F450-F451-F452-F453-F454-F455-F456-F457-F458-F459-F460-F461-F462-F463-F464-F465-F466-F467-F468-F469-F470-F471-F472-F473-F474-F475-F476-F477-F478-F479-F480-F481-F482-F483-F484-F485-F486-F487-F488-F489-F490-F491-F492-F493-F494-F495-F496-F499-E504506-F505-F509-F510-F511-F512

## Summary

Number of input bits: 512  
Number of free input bits: 9  
Number of output bits: 160

Number of direct occurrences: 36678  
Number of assignments: 30798  
Number of operations: 10779502
(xor: 10751633,
and: 14731,
or: 13138)

Total complexity: 3.880413425077088 × 10^296

Least occurring input variable: iv_498 (3900)  
Most occurring input variable: iv_508 (4151)

Most co-occurring input variables: iv_501-iv_502 (2029)  
Least co-occurring input variables: iv_498-iv_504 (1776)

Potentially most occurring input variable: iv_503/iv_504 (4456)  
Potentially least occurring input variable: iv_501/iv_502 (4085)

Least output occurring input variable: iv_503 (72)  
Most output occurring input variable: iv_497 (93)

Most output co-occurring input variables: iv_497-iv_498 (50)  
Least output co-occurring input variables: iv_500-iv_502 (32)

Potentially most output occurring input variable: iv_500/iv_502 (95)  
Potentially least output occurring input variable: iv_501/iv_503 (67)

Least complex input bit: iv_497 (3.0431082910812634 × 10^294)  
Most complex input bit: iv_508 (1.0659924929193342 × 10^296)

Least complex output bit: aaa_76_29 (7.93187734592859 × 10^271)  
Most complex output bit: ov_001 (6.20733816431982 × 10^295)

Least complex input/output complexity: iv_497/aaa_76_29 (6.220358263695946 × 10^269)  
Most complex input/output complexity: iv_508/ov_001 (1.7052244591812167 × 10^295)

## Input Bits

### Input Bits in Regular Order

| Input Bit | Complexity | Occurrences | Output Occurrences |
|:---------:|:----------:|:-----------:|:------------------:|
| iv_497 | 3.0431082910812634 × 10^294 | 4112 | 93 |
| iv_498 | 6.08969315528856 × 10^294 | 3900 | 88 |
| iv_500 | 1.8100965435477547 × 10^295 | 4074 | 76 |
| iv_501 | 2.979493650776707 × 10^295 | 4058 | 83 |
| iv_502 | 4.803266984616373 × 10^295 | 4085 | 83 |
| iv_503 | 2.804011694338553 × 10^295 | 4060 | 72 |
| iv_504 | 6.212117437030982 × 10^295 | 4098 | 76 |
| iv_507 | 8.62194286663019 × 10^295 | 4140 | 76 |
| iv_508 | 1.0659924929193342 × 10^296 | 4151 | 81 |

### Input Bits Sorted by Complexity

| Input Bit | Complexity | Occurrences | Output Occurrences |
|:---------:|:----------:|:-----------:|:------------------:|
| iv_497 | 3.0431082910812634 × 10^294 | 4112 | 93 |
| iv_498 | 6.08969315528856 × 10^294 | 3900 | 88 |
| iv_500 | 1.8100965435477547 × 10^295 | 4074 | 76 |
| iv_503 | 2.804011694338553 × 10^295 | 4060 | 72 |
| iv_501 | 2.979493650776707 × 10^295 | 4058 | 83 |
| iv_502 | 4.803266984616373 × 10^295 | 4085 | 83 |
| iv_504 | 6.212117437030982 × 10^295 | 4098 | 76 |
| iv_507 | 8.62194286663019 × 10^295 | 4140 | 76 |
| iv_508 | 1.0659924929193342 × 10^296 | 4151 | 81 |

### Input Bits Sorted by Occurrences

| Input Bit | Complexity | Occurrences | Output Occurrences |
|:---------:|:----------:|:-----------:|:------------------:|
| iv_498 | 6.08969315528856 × 10^294 | 3900 | 88 |
| iv_501 | 2.979493650776707 × 10^295 | 4058 | 83 |
| iv_503 | 2.804011694338553 × 10^295 | 4060 | 72 |
| iv_500 | 1.8100965435477547 × 10^295 | 4074 | 76 |
| iv_502 | 4.803266984616373 × 10^295 | 4085 | 83 |
| iv_504 | 6.212117437030982 × 10^295 | 4098 | 76 |
| iv_497 | 3.0431082910812634 × 10^294 | 4112 | 93 |
| iv_507 | 8.62194286663019 × 10^295 | 4140 | 76 |
| iv_508 | 1.0659924929193342 × 10^296 | 4151 | 81 |

### Input Bits Sorted by Output Occurrences

| Input Bit | Complexity | Occurrences | Output Occurrences |
|:---------:|:----------:|:-----------:|:------------------:|
| iv_503 | 2.804011694338553 × 10^295 | 4060 | 72 |
| iv_504 | 6.212117437030982 × 10^295 | 4098 | 76 |
| iv_500 | 1.8100965435477547 × 10^295 | 4074 | 76 |
| iv_507 | 8.62194286663019 × 10^295 | 4140 | 76 |
| iv_508 | 1.0659924929193342 × 10^296 | 4151 | 81 |
| iv_501 | 2.979493650776707 × 10^295 | 4058 | 83 |
| iv_502 | 4.803266984616373 × 10^295 | 4085 | 83 |
| iv_498 | 6.08969315528856 × 10^294 | 3900 | 88 |
| iv_497 | 3.0431082910812634 × 10^294 | 4112 | 93 |

## Input Bit Co-occurrences

### Input Bit Co-occurrences Sorted by Co-occurrences

| Input Bits | Co-occurrences | Potential Occurrences | Output Co-occurrences | Potential Output Occurrences |
|:----------:|:--------------:|:---------------------:|:---------------------:|:----------------------------:|
| iv_501-iv_502 | 2029 | 4085 | 43 | 80 |
| iv_497-iv_507 | 2017 | 4218 | 44 | 81 |
| iv_507-iv_508 | 2012 | 4267 | 43 | 71 |
| iv_497-iv_501 | 1980 | 4210 | 48 | 80 |
| iv_497-iv_502 | 1979 | 4239 | 49 | 78 |
| iv_502-iv_507 | 1974 | 4277 | 38 | 83 |
| iv_500-iv_502 | 1971 | 4217 | 32 | 95 |
| iv_497-iv_500 | 1961 | 4264 | 39 | 91 |
| iv_500-iv_508 | 1961 | 4303 | 36 | 85 |

### Input Bit Co-occurrences Sorted by Potential Occurrences

| Input Bits | Co-occurrences | Potential Occurrences | Output Co-occurrences | Potential Output Occurrences |
|:----------:|:--------------:|:---------------------:|:---------------------:|:----------------------------:|
| iv_501-iv_502 | 2029 | 4085 | 43 | 80 |
| iv_497-iv_501 | 1980 | 4210 | 48 | 80 |
| iv_500-iv_502 | 1971 | 4217 | 32 | 95 |
| iv_497-iv_507 | 2017 | 4218 | 44 | 81 |
| iv_498-iv_500 | 1870 | 4234 | 39 | 86 |
| iv_497-iv_502 | 1979 | 4239 | 49 | 78 |
| iv_500-iv_501 | 1941 | 4250 | 41 | 77 |
| iv_497-iv_500 | 1961 | 4264 | 39 | 91 |
| iv_507-iv_508 | 2012 | 4267 | 43 | 71 |

### Input Bit Output Co-occurrences Sorted by Output Co-occurrences

| Input Bits | Co-occurrences | Potential Occurrences | Output Co-occurrences | Potential Output Occurrences |
|:----------:|:--------------:|:---------------------:|:---------------------:|:----------------------------:|
| iv_497-iv_498 | 1866 | 4280 | 50 | 81 |
| iv_497-iv_502 | 1979 | 4239 | 49 | 78 |
| iv_498-iv_501 | 1843 | 4272 | 48 | 75 |
| iv_497-iv_501 | 1980 | 4210 | 48 | 80 |
| iv_497-iv_508 | 1929 | 4405 | 46 | 82 |
| iv_498-iv_508 | 1837 | 4377 | 45 | 79 |
| iv_498-iv_502 | 1842 | 4301 | 44 | 83 |
| iv_501-iv_503 | 1925 | 4268 | 44 | 67 |
| iv_497-iv_507 | 2017 | 4218 | 44 | 81 |

### Input Bit Output Co-occurrences Sorted by Potential Output Occurrences

| Input Bits | Co-occurrences | Potential Occurrences | Output Co-occurrences | Potential Output Occurrences |
|:----------:|:--------------:|:---------------------:|:---------------------:|:----------------------------:|
| iv_501-iv_503 | 1925 | 4268 | 44 | 67 |
| iv_507-iv_508 | 2012 | 4267 | 43 | 71 |
| iv_498-iv_501 | 1843 | 4272 | 48 | 75 |
| iv_500-iv_503 | 1933 | 4268 | 36 | 76 |
| iv_503-iv_507 | 1930 | 4340 | 36 | 76 |
| iv_504-iv_507 | 1912 | 4414 | 38 | 76 |
| iv_500-iv_501 | 1941 | 4250 | 41 | 77 |
| iv_501-iv_507 | 1917 | 4364 | 41 | 77 |
| iv_502-iv_503 | 1898 | 4349 | 39 | 77 |

## Output Bits

### Output Bits in Regular Order

| Rank | Output Bit | Complexity |
|:----:|:----------:|:----------:|
| 1 | ov_001 | 6.20733816431982 × 10^295 |
| 2 | ov_002 | 5.383017738023548 × 10^295 |
| 3 | ov_003 | 4.644622140245267 × 10^295 |
| 4 | ov_004 | 3.9856320202361067 × 10^295 |
| 5 | ov_005 | 3.3998844723943 × 10^295 |
| 6 | ov_006 | 2.881547718794579 × 10^295 |
| 7 | ov_007 | 2.425099040146248 × 10^295 |
| 8 | ov_008 | 2.0253057286090675 × 10^295 |
| 9 | ov_009 | 1.677208810179265 × 10^295 |
| 10 | ov_010 | 1.3761092558670022 × 10^295 |
| 11 | ov_011 | 1.1175564330272959 × 10^295 |
| 12 | ov_012 | 8.973385654569611 × 10^294 |
| 13 | ov_013 | 7.114749522243546 × 10^294 |
| 14 | ov_014 | 5.562096940907493 × 10^294 |
| 15 | ov_015 | 4.280066928733458 × 10^294 |
| 16 | ov_016 | 3.2354571706758375 × 10^294 |
| 17 | ov_017 | 2.397193665288876 × 10^294 |
| 18 | ov_018 | 1.7363078519571985 × 10^294 |
| 19 | ov_019 | 1.2259196373801419 × 10^294 |
| 20 | ov_020 | 8.412248609085977 × 10^293 |
| 21 | ov_021 | 5.594861168455726 × 10^293 |
| 22 | ov_022 | 3.6002620009888236 × 10^293 |
| 23 | ov_023 | 2.2422360781386863 × 10^293 |
| 24 | ov_024 | 1.3550960985240992 × 10^293 |
| 25 | ov_025 | 7.936648120622769 × 10^292 |
| 26 | ov_026 | 4.3326553197456117 × 10^292 |
| 27 | ov_027 | 2.166842815997164 × 10^292 |
| 28 | ov_028 | 9.695455820503489 × 10^291 |
| 29 | ov_029 | 3.735688683932109 × 10^291 |
| 30 | ov_030 | 1.141869262807873 × 10^291 |
| 31 | ov_031 | 2.2264259146811024 × 10^290 |
| 32 | lv_80_m31 | 4.33938904507688 × 10^289 |
| 33 | ov_033 | 5.2122458908182924 × 10^290 |
| 34 | ov_034 | 4.524396747445079 × 10^290 |
| 35 | ov_035 | 3.908475888115349 × 10^290 |
| 36 | ov_036 | 3.3581681059378777 × 10^290 |
| 37 | ov_037 | 2.8674978094401424 × 10^290 |
| 38 | ov_038 | 2.4335589048935678 × 10^290 |
| 39 | ov_039 | 2.0509866079644526 × 10^290 |
| 40 | ov_040 | 1.7146935428798265 × 10^290 |
| 41 | ov_041 | 1.4198547082101477 × 10^290 |
| 42 | ov_042 | 1.1641214738325658 × 10^290 |
| 43 | ov_043 | 9.452671721911241 × 10^289 |
| 44 | ov_044 | 7.591860467813388 × 10^289 |
| 45 | ov_045 | 6.019956467147833 × 10^289 |
| 46 | ov_046 | 4.718097790799503 × 10^289 |
| 47 | ov_047 | 3.651766974214425 × 10^289 |
| 48 | ov_048 | 2.788542681063912 × 10^289 |
| 49 | ov_049 | 2.0980732351137724 × 10^289 |
| 50 | ov_050 | 1.5520569871896124 × 10^289 |
| 51 | ov_051 | 1.1242280761810123 × 10^289 |
| 52 | ov_052 | 8.019610329310125 × 10^288 |
| 53 | ov_053 | 5.630341075257558 × 10^288 |
| 54 | ov_054 | 3.872390175622315 × 10^288 |
| 55 | ov_055 | 2.563775626752688 × 10^288 |
| 56 | ov_056 | 1.618528271671026 × 10^288 |
| 57 | ov_057 | 9.607142734928721 × 10^287 |
| 58 | ov_058 | 5.244302529572692 × 10^287 |
| 59 | ov_059 | 2.5380070581485608 × 10^287 |
| 60 | ov_060 | 1.0297680436848248 × 10^287 |
| 61 | ov_061 | 3.613595560337801 × 10^286 |
| 62 | ov_062 | 1.1032003089233654 × 10^286 |
| 63 | ov_063 | 2.148403259541881 × 10^285 |
| 64 | lv_79_m31 | 4.182935492321082 × 10^284 |
| 65 | ov_065 | 4.968830899784973 × 10^285 |
| 66 | ov_066 | 4.9688149882129204 × 10^285 |
| 67 | ov_067 | 4.9688110937748366 × 10^285 |
| 68 | ov_068 | 4.289511906523008 × 10^285 |
| 69 | ov_069 | 3.6841383699140944 × 10^285 |
| 70 | ov_070 | 3.146664573850042 × 10^285 |
| 71 | ov_071 | 2.6714355126996582 × 10^285 |
| 72 | ov_072 | 2.2531419629575223 × 10^285 |
| 73 | ov_073 | 1.886797579091266 × 10^285 |
| 74 | ov_074 | 1.5677180910019077 × 10^285 |
| 75 | ov_075 | 1.291502490891295 × 10^285 |
| 76 | ov_076 | 1.0540161008990962 × 10^285 |
| 77 | ov_077 | 8.513754157446131 × 10^284 |
| 78 | ov_078 | 6.799346168844676 × 10^284 |
| 79 | ov_079 | 5.3627365646769895 × 10^284 |
| 80 | ov_080 | 4.171878107199177 × 10^284 |
| 81 | ov_081 | 3.1967860339605217 × 10^284 |
| 82 | ov_082 | 2.4094600067830027 × 10^284 |
| 83 | ov_083 | 1.7838177942609267 × 10^284 |
| 84 | ov_084 | 1.2956397106199554 × 10^284 |
| 85 | ov_085 | 9.22522836423176 × 10^283 |
| 86 | ov_086 | 6.438440484248553 × 10^283 |
| 87 | ov_087 | 4.407308870632539 × 10^283 |
| 88 | ov_088 | 2.9603929082349916 × 10^283 |
| 89 | ov_089 | 1.943372271284646 × 10^283 |
| 90 | ov_090 | 1.2189324963952947 × 10^283 |
| 91 | ov_091 | 7.226562899632036 × 10^282 |
| 92 | ov_092 | 3.9857748157468234 × 10^282 |
| 93 | ov_093 | 1.991648600359228 × 10^282 |
| 94 | ov_094 | 8.531423028879428 × 10^281 |
| 95 | aaa_78_28 | 2.634517041269218 × 10^281 |
| 96 | aaa_78_29 | 8.091172657382627 × 10^280 |
| 97 | ov_097 | 5.344275613970449 × 10^280 |
| 98 | ov_098 | 5.3441158327607525 × 10^280 |
| 99 | ov_099 | 5.344064822793993 × 10^280 |
| 100 | ov_100 | 4.809374441196476 × 10^280 |
| 101 | ov_101 | 4.314072110017985 × 10^280 |
| 102 | ov_102 | 3.856005619099984 × 10^280 |
| 103 | ov_103 | 3.4331798407071732 × 10^280 |
| 104 | ov_104 | 3.043736031885432 × 10^280 |
| 105 | ov_105 | 2.6859330410579997 × 10^280 |
| 106 | ov_106 | 2.3581303221528738 × 10^280 |
| 107 | ov_107 | 2.0587726627476633 × 10^280 |
| 108 | ov_108 | 1.7863765352313242 × 10^280 |
| 109 | ov_109 | 1.5395179819207996 × 10^280 |
| 110 | ov_110 | 1.316821946527584 × 10^280 |
| 111 | ov_111 | 1.116952965433937 × 10^280 |
| 112 | ov_112 | 9.386071329926158 × 10^279 |
| 113 | ov_113 | 7.805052555787412 × 10^279 |
| 114 | ov_114 | 6.413871094574094 × 10^279 |
| 115 | ov_115 | 5.200067177383485 × 10^279 |
| 116 | ov_116 | 4.151285618161452 × 10^279 |
| 117 | ov_117 | 3.255246427766888 × 10^279 |
| 118 | ov_118 | 2.499723083071033 × 10^279 |
| 119 | ov_119 | 1.8725269137614134 × 10^279 |
| 120 | ov_120 | 1.361495482151027 × 10^279 |
| 121 | ov_121 | 9.544837354650693 × 10^278 |
| 122 | ov_122 | 6.393575087115659 × 10^278 |
| 123 | ov_123 | 4.0398895629136395 × 10^278 |
| 124 | ov_124 | 2.3625349050900618 × 10^278 |
| 125 | ov_125 | 1.2402790749412813 × 10^278 |
| 126 | ov_126 | 5.518945906632394 × 10^277 |
| 127 | aaa_77_28 | 1.7615516969369918 × 10^277 |
| 128 | aaa_77_29 | 6.59963396183753 × 10^276 |
| 129 | ov_129 | 6.066906331853675 × 10^276 |
| 130 | ov_130 | 6.066888232828945 × 10^276 |
| 131 | ov_131 | 6.066883864180971 × 10^276 |
| 132 | ov_132 | 5.250363671768441 × 10^276 |
| 133 | ov_133 | 4.519869355815654 × 10^276 |
| 134 | ov_134 | 3.86889720882115 × 10^276 |
| 135 | ov_135 | 3.291284447159536 × 10^276 |
| 136 | ov_136 | 2.781184779523916 × 10^276 |
| 137 | ov_137 | 2.333047567485509 × 10^276 |
| 138 | ov_138 | 1.9416002183026233 × 10^276 |
| 139 | ov_139 | 1.6018334681575664 × 10^276 |
| 140 | ov_140 | 1.308989231591767 × 10^276 |
| 141 | ov_141 | 1.0585507101601478 × 10^276 |
| 142 | ov_142 | 8.462344703272831 × 10^275 |
| 143 | ov_143 | 6.679842174521386 × 10^275 |
| 144 | ov_144 | 5.199660094108153 × 10^275 |
| 145 | ov_145 | 3.985646700289915 × 10^275 |
| 146 | ov_146 | 3.0038117906573155 × 10^275 |
| 147 | ov_147 | 2.222308320252523 × 10^275 |
| 148 | ov_148 | 1.6114198941039015 × 10^275 |
| 149 | ov_149 | 1.1435527117713357 × 10^275 |
| 150 | ov_150 | 7.932306862616785 × 10^274 |
| 151 | ov_151 | 5.370924952040005 × 10^274 |
| 152 | ov_152 | 3.5388963758804245 × 10^274 |
| 153 | ov_153 | 2.2448505614670724 × 10^274 |
| 154 | ov_154 | 1.318521756967371 × 10^274 |
| 155 | ov_155 | 6.800522975648224 × 10^273 |
| 156 | aaa_76_25 | 2.601326900411819 × 10^273 |
| 157 | aaa_76_26 | 1.4856254594462695 × 10^273 |
| 158 | aaa_76_27 | 7.466341443614166 × 10^272 |
| 159 | aaa_76_28 | 2.788959350593165 × 10^272 |
| 160 | aaa_76_29 | 7.93187734592859 × 10^271 |

### Output Bits Sorted by Complexity

| Rank | Output Bit | Complexity |
|:----:|:----------:|:----------:|
| 160 | aaa_76_29 | 7.93187734592859 × 10^271 |
| 159 | aaa_76_28 | 2.788959350593165 × 10^272 |
| 158 | aaa_76_27 | 7.466341443614166 × 10^272 |
| 157 | aaa_76_26 | 1.4856254594462695 × 10^273 |
| 156 | aaa_76_25 | 2.601326900411819 × 10^273 |
| 155 | ov_155 | 6.800522975648224 × 10^273 |
| 154 | ov_154 | 1.318521756967371 × 10^274 |
| 153 | ov_153 | 2.2448505614670724 × 10^274 |
| 152 | ov_152 | 3.5388963758804245 × 10^274 |
| 151 | ov_151 | 5.370924952040005 × 10^274 |
| 150 | ov_150 | 7.932306862616785 × 10^274 |
| 149 | ov_149 | 1.1435527117713357 × 10^275 |
| 148 | ov_148 | 1.6114198941039015 × 10^275 |
| 147 | ov_147 | 2.222308320252523 × 10^275 |
| 146 | ov_146 | 3.0038117906573155 × 10^275 |
| 145 | ov_145 | 3.985646700289915 × 10^275 |
| 144 | ov_144 | 5.199660094108153 × 10^275 |
| 143 | ov_143 | 6.679842174521386 × 10^275 |
| 142 | ov_142 | 8.462344703272831 × 10^275 |
| 141 | ov_141 | 1.0585507101601478 × 10^276 |
| 140 | ov_140 | 1.308989231591767 × 10^276 |
| 139 | ov_139 | 1.6018334681575664 × 10^276 |
| 138 | ov_138 | 1.9416002183026233 × 10^276 |
| 137 | ov_137 | 2.333047567485509 × 10^276 |
| 136 | ov_136 | 2.781184779523916 × 10^276 |
| 135 | ov_135 | 3.291284447159536 × 10^276 |
| 134 | ov_134 | 3.86889720882115 × 10^276 |
| 133 | ov_133 | 4.519869355815654 × 10^276 |
| 132 | ov_132 | 5.250363671768441 × 10^276 |
| 131 | ov_131 | 6.066883864180971 × 10^276 |
| 130 | ov_130 | 6.066888232828945 × 10^276 |
| 129 | ov_129 | 6.066906331853675 × 10^276 |
| 128 | aaa_77_29 | 6.59963396183753 × 10^276 |
| 127 | aaa_77_28 | 1.7615516969369918 × 10^277 |
| 126 | ov_126 | 5.518945906632394 × 10^277 |
| 125 | ov_125 | 1.2402790749412813 × 10^278 |
| 124 | ov_124 | 2.3625349050900618 × 10^278 |
| 123 | ov_123 | 4.0398895629136395 × 10^278 |
| 122 | ov_122 | 6.393575087115659 × 10^278 |
| 121 | ov_121 | 9.544837354650693 × 10^278 |
| 120 | ov_120 | 1.361495482151027 × 10^279 |
| 119 | ov_119 | 1.8725269137614134 × 10^279 |
| 118 | ov_118 | 2.499723083071033 × 10^279 |
| 117 | ov_117 | 3.255246427766888 × 10^279 |
| 116 | ov_116 | 4.151285618161452 × 10^279 |
| 115 | ov_115 | 5.200067177383485 × 10^279 |
| 114 | ov_114 | 6.413871094574094 × 10^279 |
| 113 | ov_113 | 7.805052555787412 × 10^279 |
| 112 | ov_112 | 9.386071329926158 × 10^279 |
| 111 | ov_111 | 1.116952965433937 × 10^280 |
| 110 | ov_110 | 1.316821946527584 × 10^280 |
| 109 | ov_109 | 1.5395179819207996 × 10^280 |
| 108 | ov_108 | 1.7863765352313242 × 10^280 |
| 107 | ov_107 | 2.0587726627476633 × 10^280 |
| 106 | ov_106 | 2.3581303221528738 × 10^280 |
| 105 | ov_105 | 2.6859330410579997 × 10^280 |
| 104 | ov_104 | 3.043736031885432 × 10^280 |
| 103 | ov_103 | 3.4331798407071732 × 10^280 |
| 102 | ov_102 | 3.856005619099984 × 10^280 |
| 101 | ov_101 | 4.314072110017985 × 10^280 |
| 100 | ov_100 | 4.809374441196476 × 10^280 |
| 99 | ov_099 | 5.344064822793993 × 10^280 |
| 98 | ov_098 | 5.3441158327607525 × 10^280 |
| 97 | ov_097 | 5.344275613970449 × 10^280 |
| 96 | aaa_78_29 | 8.091172657382627 × 10^280 |
| 95 | aaa_78_28 | 2.634517041269218 × 10^281 |
| 94 | ov_094 | 8.531423028879428 × 10^281 |
| 93 | ov_093 | 1.991648600359228 × 10^282 |
| 92 | ov_092 | 3.9857748157468234 × 10^282 |
| 91 | ov_091 | 7.226562899632036 × 10^282 |
| 90 | ov_090 | 1.2189324963952947 × 10^283 |
| 89 | ov_089 | 1.943372271284646 × 10^283 |
| 88 | ov_088 | 2.9603929082349916 × 10^283 |
| 87 | ov_087 | 4.407308870632539 × 10^283 |
| 86 | ov_086 | 6.438440484248553 × 10^283 |
| 85 | ov_085 | 9.22522836423176 × 10^283 |
| 84 | ov_084 | 1.2956397106199554 × 10^284 |
| 83 | ov_083 | 1.7838177942609267 × 10^284 |
| 82 | ov_082 | 2.4094600067830027 × 10^284 |
| 81 | ov_081 | 3.1967860339605217 × 10^284 |
| 80 | ov_080 | 4.171878107199177 × 10^284 |
| 64 | lv_79_m31 | 4.182935492321082 × 10^284 |
| 79 | ov_079 | 5.3627365646769895 × 10^284 |
| 78 | ov_078 | 6.799346168844676 × 10^284 |
| 77 | ov_077 | 8.513754157446131 × 10^284 |
| 76 | ov_076 | 1.0540161008990962 × 10^285 |
| 75 | ov_075 | 1.291502490891295 × 10^285 |
| 74 | ov_074 | 1.5677180910019077 × 10^285 |
| 73 | ov_073 | 1.886797579091266 × 10^285 |
| 63 | ov_063 | 2.148403259541881 × 10^285 |
| 72 | ov_072 | 2.2531419629575223 × 10^285 |
| 71 | ov_071 | 2.6714355126996582 × 10^285 |
| 70 | ov_070 | 3.146664573850042 × 10^285 |
| 69 | ov_069 | 3.6841383699140944 × 10^285 |
| 68 | ov_068 | 4.289511906523008 × 10^285 |
| 67 | ov_067 | 4.9688110937748366 × 10^285 |
| 66 | ov_066 | 4.9688149882129204 × 10^285 |
| 65 | ov_065 | 4.968830899784973 × 10^285 |
| 62 | ov_062 | 1.1032003089233654 × 10^286 |
| 61 | ov_061 | 3.613595560337801 × 10^286 |
| 60 | ov_060 | 1.0297680436848248 × 10^287 |
| 59 | ov_059 | 2.5380070581485608 × 10^287 |
| 58 | ov_058 | 5.244302529572692 × 10^287 |
| 57 | ov_057 | 9.607142734928721 × 10^287 |
| 56 | ov_056 | 1.618528271671026 × 10^288 |
| 55 | ov_055 | 2.563775626752688 × 10^288 |
| 54 | ov_054 | 3.872390175622315 × 10^288 |
| 53 | ov_053 | 5.630341075257558 × 10^288 |
| 52 | ov_052 | 8.019610329310125 × 10^288 |
| 51 | ov_051 | 1.1242280761810123 × 10^289 |
| 50 | ov_050 | 1.5520569871896124 × 10^289 |
| 49 | ov_049 | 2.0980732351137724 × 10^289 |
| 48 | ov_048 | 2.788542681063912 × 10^289 |
| 47 | ov_047 | 3.651766974214425 × 10^289 |
| 32 | lv_80_m31 | 4.33938904507688 × 10^289 |
| 46 | ov_046 | 4.718097790799503 × 10^289 |
| 45 | ov_045 | 6.019956467147833 × 10^289 |
| 44 | ov_044 | 7.591860467813388 × 10^289 |
| 43 | ov_043 | 9.452671721911241 × 10^289 |
| 42 | ov_042 | 1.1641214738325658 × 10^290 |
| 41 | ov_041 | 1.4198547082101477 × 10^290 |
| 40 | ov_040 | 1.7146935428798265 × 10^290 |
| 39 | ov_039 | 2.0509866079644526 × 10^290 |
| 31 | ov_031 | 2.2264259146811024 × 10^290 |
| 38 | ov_038 | 2.4335589048935678 × 10^290 |
| 37 | ov_037 | 2.8674978094401424 × 10^290 |
| 36 | ov_036 | 3.3581681059378777 × 10^290 |
| 35 | ov_035 | 3.908475888115349 × 10^290 |
| 34 | ov_034 | 4.524396747445079 × 10^290 |
| 33 | ov_033 | 5.2122458908182924 × 10^290 |
| 30 | ov_030 | 1.141869262807873 × 10^291 |
| 29 | ov_029 | 3.735688683932109 × 10^291 |
| 28 | ov_028 | 9.695455820503489 × 10^291 |
| 27 | ov_027 | 2.166842815997164 × 10^292 |
| 26 | ov_026 | 4.3326553197456117 × 10^292 |
| 25 | ov_025 | 7.936648120622769 × 10^292 |
| 24 | ov_024 | 1.3550960985240992 × 10^293 |
| 23 | ov_023 | 2.2422360781386863 × 10^293 |
| 22 | ov_022 | 3.6002620009888236 × 10^293 |
| 21 | ov_021 | 5.594861168455726 × 10^293 |
| 20 | ov_020 | 8.412248609085977 × 10^293 |
| 19 | ov_019 | 1.2259196373801419 × 10^294 |
| 18 | ov_018 | 1.7363078519571985 × 10^294 |
| 17 | ov_017 | 2.397193665288876 × 10^294 |
| 16 | ov_016 | 3.2354571706758375 × 10^294 |
| 15 | ov_015 | 4.280066928733458 × 10^294 |
| 14 | ov_014 | 5.562096940907493 × 10^294 |
| 13 | ov_013 | 7.114749522243546 × 10^294 |
| 12 | ov_012 | 8.973385654569611 × 10^294 |
| 11 | ov_011 | 1.1175564330272959 × 10^295 |
| 10 | ov_010 | 1.3761092558670022 × 10^295 |
| 9 | ov_009 | 1.677208810179265 × 10^295 |
| 8 | ov_008 | 2.0253057286090675 × 10^295 |
| 7 | ov_007 | 2.425099040146248 × 10^295 |
| 6 | ov_006 | 2.881547718794579 × 10^295 |
| 5 | ov_005 | 3.3998844723943 × 10^295 |
| 4 | ov_004 | 3.9856320202361067 × 10^295 |
| 3 | ov_003 | 4.644622140245267 × 10^295 |
| 2 | ov_002 | 5.383017738023548 × 10^295 |
| 1 | ov_001 | 6.20733816431982 × 10^295 |

