# Results for F001-F002-F003-F004-F005-F006-F007-F008-F009-F010-F011-F012-F013-F014-F015-F016-F017-F018-F019-F020-F021-F022-F023-F024-F025-F026-F027-F028-F029-F030-F031-F032-F033-F034-F035-F036-F037-F038-F039-F040-F041-F042-F043-F044-F045-F046-F047-F048-F049-F050-F051-F052-F053-F054-F055-F056-F057-F058-F059-F060-F061-F062-F063-F064-F065-F066-F067-F068-F069-F070-F071-F072-F073-F074-F075-F076-F077-F078-F079-F080-F081-F082-F083-F084-F085-F086-F087-F088-F089-F090-F091-F092-F093-F094-F095-F096-F097-F098-F099-F100-F101-F102-F103-F104-F105-F106-F107-F108-F109-F110-F111-F112-F113-F114-F115-F116-F117-F118-F119-F120-F121-F122-F123-F124-F125-F126-F127-F128-F129-F130-F131-F132-F133-F134-F135-F136-F137-F138-F139-F140-F141-F142-F143-F144-F145-F146-F147-F148-F149-F150-F151-F152-F153-F154-F155-F156-F157-F158-F159-F160-F161-F162-F163-F164-F165-F166-F167-F168-F169-F170-F171-F172-F173-F174-F175-F176-F177-F178-F179-F180-F181-F182-F183-F184-F185-F186-F187-F188-F189-F190-F191-F192-F193-F194-F195-F196-F197-F198-F199-F200-F201-F202-F203-F204-F205-F206-F207-F208-F209-F210-F211-F212-F213-F214-F215-F216-F217-F218-F219-F220-F221-F222-F223-F224-F225-F226-F227-F228-F229-F230-F231-F232-F233-F234-F235-F236-F237-F238-F239-F240-F241-F242-F243-F244-F245-F246-F247-F248-F249-F250-F251-F252-F253-F254-F255-F256-F257-F258-F259-F260-F261-F262-F263-F264-F265-F266-F267-F268-F269-F270-F271-F272-F273-F274-F275-F276-F277-F278-F279-F280-F281-F282-F283-F284-F285-F286-F287-F288-F289-F290-F291-F292-F293-F294-F295-F296-F297-F298-F299-F300-F301-F302-F303-F304-F305-F306-F307-F308-F309-F310-F311-F312-F313-F314-F315-F316-F317-F318-F319-F320-F321-F322-F323-F324-F325-F326-F327-F328-F329-F330-F331-F332-F333-F334-F335-F336-F337-F338-F339-F340-F341-F342-F343-F344-F345-F346-F347-F348-F349-F350-F351-F352-F353-F354-F355-F356-F357-F358-F359-F360-F361-F362-F363-F364-F365-F366-F367-F368-F369-F370-F371-F372-F373-F374-F375-F376-F377-F378-F379-F380-F381-F382-F383-F384-F385-F386-F387-F388-F389-F390-F391-F392-F393-F394-F395-F396-F397-F398-F399-F400-F401-F402-F403-F404-F405-F406-F407-F408-F409-F410-F411-F412-F413-F414-F415-F416-F417-F418-F419-F420-F421-F422-F423-F424-F425-F426-F427-F428-F429-F430-F431-F432-F433-F434-F435-F436-F437-F438-F439-F440-F441-F442-F443-F444-F445-F446-F447-F448-F449-F450-F451-F452-F453-F454-F455-F456-F457-F458-F459-F460-F461-F462-F463-F464-F465-F466-F467-F468-F469-F470-F471-F472-F473-F474-F475-F476-F477-F478-F479-F480-F481-F482-F483-F484-F485-F486-F487-F488-F489-F490-F491-F492-F493-F494-F495-F496-T500-F505-F508-F509-F510-F511-F512

## Summary

Number of input bits: 512  
Number of free input bits: 9  
Number of output bits: 160

Number of direct occurrences: 36815  
Number of assignments: 30724  
Number of operations: 11075759
(xor: 11047750,
and: 14862,
or: 13147)

Total complexity: 2.023200096759624 × 10^299

Least occurring input variable: iv_498 (3942)  
Most occurring input variable: iv_502 (4242)

Most co-occurring input variables: iv_501-iv_502 (2144)  
Least co-occurring input variables: iv_497-iv_498 (1816)

Potentially most occurring input variable: iv_503/iv_506 (4497)  
Potentially least occurring input variable: iv_501/iv_502 (4100)

Least output occurring input variable: iv_497 (72)  
Most output occurring input variable: iv_502 (90)

Most output co-occurring input variables: iv_499-iv_502 (49)  
Least output co-occurring input variables: iv_503-iv_504 (29)

Potentially most output occurring input variable: iv_503/iv_504 (100)  
Potentially least output occurring input variable: iv_497/iv_503 (66)

Least complex input bit: iv_497 (2.124871269307917 × 10^297)  
Most complex input bit: iv_502 (4.3892323795769655 × 10^298)

Least complex output bit: aaa_76_29 (2.773393833015411 × 10^274)  
Most complex output bit: ov_001 (3.264941866845652 × 10^298)

Least complex input/output complexity: iv_497/aaa_76_29 (2.9127642311250635 × 10^272)  
Most complex input/output complexity: iv_502/ov_001 (7.083129633271272 × 10^297)

## Input Bits

### Input Bits in Regular Order

| Input Bit | Complexity | Occurrences | Output Occurrences |
|:---------:|:----------:|:-----------:|:------------------:|
| iv_497 | 2.124871269307917 × 10^297 | 4112 | 72 |
| iv_498 | 2.97132129159058 × 10^297 | 3942 | 81 |
| iv_499 | 4.982138205172825 × 10^297 | 3986 | 80 |
| iv_501 | 2.202822094776097 × 10^298 | 4146 | 83 |
| iv_502 | 4.3892323795769655 × 10^298 | 4242 | 90 |
| iv_503 | 3.407759388569354 × 10^298 | 4199 | 76 |
| iv_504 | 1.755539173490276 × 10^298 | 3951 | 82 |
| iv_506 | 3.437250674138528 × 10^298 | 4098 | 80 |
| iv_507 | 4.0315641804378854 × 10^298 | 4139 | 81 |

### Input Bits Sorted by Complexity

| Input Bit | Complexity | Occurrences | Output Occurrences |
|:---------:|:----------:|:-----------:|:------------------:|
| iv_497 | 2.124871269307917 × 10^297 | 4112 | 72 |
| iv_498 | 2.97132129159058 × 10^297 | 3942 | 81 |
| iv_499 | 4.982138205172825 × 10^297 | 3986 | 80 |
| iv_504 | 1.755539173490276 × 10^298 | 3951 | 82 |
| iv_501 | 2.202822094776097 × 10^298 | 4146 | 83 |
| iv_503 | 3.407759388569354 × 10^298 | 4199 | 76 |
| iv_506 | 3.437250674138528 × 10^298 | 4098 | 80 |
| iv_507 | 4.0315641804378854 × 10^298 | 4139 | 81 |
| iv_502 | 4.3892323795769655 × 10^298 | 4242 | 90 |

### Input Bits Sorted by Occurrences

| Input Bit | Complexity | Occurrences | Output Occurrences |
|:---------:|:----------:|:-----------:|:------------------:|
| iv_498 | 2.97132129159058 × 10^297 | 3942 | 81 |
| iv_504 | 1.755539173490276 × 10^298 | 3951 | 82 |
| iv_499 | 4.982138205172825 × 10^297 | 3986 | 80 |
| iv_506 | 3.437250674138528 × 10^298 | 4098 | 80 |
| iv_497 | 2.124871269307917 × 10^297 | 4112 | 72 |
| iv_507 | 4.0315641804378854 × 10^298 | 4139 | 81 |
| iv_501 | 2.202822094776097 × 10^298 | 4146 | 83 |
| iv_503 | 3.407759388569354 × 10^298 | 4199 | 76 |
| iv_502 | 4.3892323795769655 × 10^298 | 4242 | 90 |

### Input Bits Sorted by Output Occurrences

| Input Bit | Complexity | Occurrences | Output Occurrences |
|:---------:|:----------:|:-----------:|:------------------:|
| iv_497 | 2.124871269307917 × 10^297 | 4112 | 72 |
| iv_503 | 3.407759388569354 × 10^298 | 4199 | 76 |
| iv_506 | 3.437250674138528 × 10^298 | 4098 | 80 |
| iv_499 | 4.982138205172825 × 10^297 | 3986 | 80 |
| iv_498 | 2.97132129159058 × 10^297 | 3942 | 81 |
| iv_507 | 4.0315641804378854 × 10^298 | 4139 | 81 |
| iv_504 | 1.755539173490276 × 10^298 | 3951 | 82 |
| iv_501 | 2.202822094776097 × 10^298 | 4146 | 83 |
| iv_502 | 4.3892323795769655 × 10^298 | 4242 | 90 |

## Input Bit Co-occurrences

### Input Bit Co-occurrences Sorted by Co-occurrences

| Input Bits | Co-occurrences | Potential Occurrences | Output Co-occurrences | Potential Output Occurrences |
|:----------:|:--------------:|:---------------------:|:---------------------:|:----------------------------:|
| iv_501-iv_502 | 2144 | 4100 | 47 | 79 |
| iv_502-iv_503 | 2057 | 4327 | 39 | 88 |
| iv_502-iv_506 | 2019 | 4302 | 45 | 80 |
| iv_502-iv_507 | 1991 | 4399 | 46 | 79 |
| iv_501-iv_507 | 1985 | 4315 | 40 | 84 |
| iv_502-iv_504 | 1982 | 4229 | 49 | 74 |
| iv_501-iv_503 | 1979 | 4387 | 43 | 73 |
| iv_497-iv_502 | 1977 | 4400 | 40 | 82 |
| iv_499-iv_503 | 1975 | 4235 | 39 | 78 |

### Input Bit Co-occurrences Sorted by Potential Occurrences

| Input Bits | Co-occurrences | Potential Occurrences | Output Co-occurrences | Potential Output Occurrences |
|:----------:|:--------------:|:---------------------:|:---------------------:|:----------------------------:|
| iv_501-iv_502 | 2144 | 4100 | 47 | 79 |
| iv_501-iv_504 | 1965 | 4167 | 48 | 69 |
| iv_497-iv_504 | 1931 | 4201 | 38 | 78 |
| iv_498-iv_504 | 1841 | 4211 | 40 | 83 |
| iv_499-iv_504 | 1859 | 4219 | 44 | 74 |
| iv_502-iv_504 | 1982 | 4229 | 49 | 74 |
| iv_499-iv_503 | 1975 | 4235 | 39 | 78 |
| iv_498-iv_506 | 1897 | 4246 | 40 | 81 |
| iv_497-iv_499 | 1917 | 4264 | 39 | 74 |

### Input Bit Output Co-occurrences Sorted by Output Co-occurrences

| Input Bits | Co-occurrences | Potential Occurrences | Output Co-occurrences | Potential Output Occurrences |
|:----------:|:--------------:|:---------------------:|:---------------------:|:----------------------------:|
| iv_502-iv_504 | 1982 | 4229 | 49 | 74 |
| iv_499-iv_502 | 1973 | 4282 | 49 | 72 |
| iv_501-iv_504 | 1965 | 4167 | 48 | 69 |
| iv_501-iv_502 | 2144 | 4100 | 47 | 79 |
| iv_498-iv_499 | 1818 | 4292 | 46 | 69 |
| iv_499-iv_501 | 1897 | 4338 | 46 | 71 |
| iv_502-iv_507 | 1991 | 4399 | 46 | 79 |
| iv_502-iv_506 | 2019 | 4302 | 45 | 80 |
| iv_499-iv_507 | 1905 | 4315 | 44 | 73 |

### Input Bit Output Co-occurrences Sorted by Potential Output Occurrences

| Input Bits | Co-occurrences | Potential Occurrences | Output Co-occurrences | Potential Output Occurrences |
|:----------:|:--------------:|:---------------------:|:---------------------:|:----------------------------:|
| iv_497-iv_503 | 1940 | 4431 | 41 | 66 |
| iv_501-iv_504 | 1965 | 4167 | 48 | 69 |
| iv_498-iv_499 | 1818 | 4292 | 46 | 69 |
| iv_499-iv_501 | 1897 | 4338 | 46 | 71 |
| iv_499-iv_502 | 1973 | 4282 | 49 | 72 |
| iv_499-iv_507 | 1905 | 4315 | 44 | 73 |
| iv_501-iv_503 | 1979 | 4387 | 43 | 73 |
| iv_502-iv_504 | 1982 | 4229 | 49 | 74 |
| iv_497-iv_499 | 1917 | 4264 | 39 | 74 |

## Output Bits

### Output Bits in Regular Order

| Rank | Output Bit | Complexity |
|:----:|:----------:|:----------:|
| 1 | ov_001 | 3.264941866845652 × 10^298 |
| 2 | ov_002 | 2.827124518526401 × 10^298 |
| 3 | ov_003 | 2.4353776777337013 × 10^298 |
| 4 | ov_004 | 2.0861827766766687 × 10^298 |
| 5 | ov_005 | 1.7762135748174596 × 10^298 |
| 6 | ov_006 | 1.5023224173258624 × 10^298 |
| 7 | ov_007 | 1.2615282824565777 × 10^298 |
| 8 | ov_008 | 1.0510065032583323 × 10^298 |
| 9 | ov_009 | 8.680800212082969 × 10^297 |
| 10 | ov_010 | 7.102120031997473 × 10^297 |
| 11 | ov_011 | 5.7499966078868704 × 10^297 |
| 12 | ov_012 | 4.601691392195929 × 10^297 |
| 13 | ov_013 | 3.635713532874037 × 10^297 |
| 14 | ov_014 | 2.831786375933843 × 10^297 |
| 15 | ov_015 | 2.1708207860578094 × 10^297 |
| 16 | ov_016 | 1.6348941173229516 × 10^297 |
| 17 | ov_017 | 1.2072338891824735 × 10^297 |
| 18 | ov_018 | 8.722053142501891 × 10^296 |
| 19 | ov_019 | 6.153018328796634 × 10^296 |
| 20 | ov_020 | 4.231379749346788 × 10^296 |
| 21 | ov_021 | 2.8344408305864046 × 10^296 |
| 22 | ov_022 | 1.8506253140451764 × 10^296 |
| 23 | ov_023 | 1.1794511914874112 × 10^296 |
| 24 | ov_024 | 7.315136345826697 × 10^295 |
| 25 | ov_025 | 4.284746191803728 × 10^295 |
| 26 | ov_026 | 2.339308909082484 × 10^295 |
| 27 | ov_027 | 1.1700886347926405 × 10^295 |
| 28 | ov_028 | 5.2363873055189857 × 10^294 |
| 29 | ov_029 | 2.0179932478382423 × 10^294 |
| 30 | ov_030 | 6.169666508205873 × 10^293 |
| 31 | ov_031 | 1.203310382833689 × 10^293 |
| 32 | lv_80_m31 | 2.346029902206228 × 10^292 |
| 33 | ov_033 | 2.8142397520213403 × 10^293 |
| 34 | ov_034 | 2.443252844484662 × 10^293 |
| 35 | ov_035 | 2.1111222074394716 × 10^293 |
| 36 | ov_036 | 1.814290918638112 × 10^293 |
| 37 | ov_037 | 1.5493924967473356 × 10^293 |
| 38 | ov_038 | 1.3147895065105454 × 10^293 |
| 39 | ov_039 | 1.1074578424892434 × 10^293 |
| 40 | ov_040 | 9.245288869215568 × 10^292 |
| 41 | ov_041 | 7.646060644721366 × 10^292 |
| 42 | ov_042 | 6.263644276902597 × 10^292 |
| 43 | ov_043 | 5.085474529491997 × 10^292 |
| 44 | ov_044 | 4.0883728129422735 × 10^292 |
| 45 | ov_045 | 3.2504158099571994 × 10^292 |
| 46 | ov_046 | 2.5509045558916125 × 10^292 |
| 47 | ov_047 | 1.9797922463052137 × 10^292 |
| 48 | ov_048 | 1.5187615849012254 × 10^292 |
| 49 | ov_049 | 1.1506627921678227 × 10^292 |
| 50 | ov_050 | 8.595032551495152 × 10^291 |
| 51 | ov_051 | 6.304399929341428 × 10^291 |
| 52 | ov_052 | 4.563381320398193 × 10^291 |
| 53 | ov_053 | 3.246391648794574 × 10^291 |
| 54 | ov_054 | 2.239221598793066 × 10^291 |
| 55 | ov_055 | 1.4876077092646605 × 10^291 |
| 56 | ov_056 | 9.429618114121984 × 10^290 |
| 57 | ov_057 | 5.623667013423316 × 10^290 |
| 58 | ov_058 | 3.085736913413846 × 10^290 |
| 59 | ov_059 | 1.5000134808583467 × 10^290 |
| 60 | ov_060 | 6.073492524613178 × 10^289 |
| 61 | ov_061 | 2.052616062800297 × 10^289 |
| 62 | ov_062 | 5.4941795662788406 × 10^288 |
| 63 | ov_063 | 1.2142353273164904 × 10^288 |
| 64 | lv_79_m31 | 2.3638407426643922 × 10^287 |
| 65 | ov_065 | 2.7889676573218486 × 10^288 |
| 66 | ov_066 | 2.7889607469459036 × 10^288 |
| 67 | ov_067 | 2.7889591285221344 × 10^288 |
| 68 | ov_068 | 2.4053225998171954 × 10^288 |
| 69 | ov_069 | 2.0631544518714878 × 10^288 |
| 70 | ov_070 | 1.759245138402775 × 10^288 |
| 71 | ov_071 | 1.4905461085799797 × 10^288 |
| 72 | ov_072 | 1.254162034164556 × 10^288 |
| 73 | ov_073 | 1.0473440765170732 × 10^288 |
| 74 | ov_074 | 8.674838422418114 × 10^287 |
| 75 | ov_075 | 7.121079166726413 × 10^287 |
| 76 | ov_076 | 5.788729437141053 × 10^287 |
| 77 | ov_077 | 4.6556122136380314 × 10^287 |
| 78 | ov_078 | 3.700767828835732 × 10^287 |
| 79 | ov_079 | 2.904419340851044 × 10^287 |
| 80 | ov_080 | 2.2479421757518683 × 10^287 |
| 81 | ov_081 | 1.7138377509026734 × 10^287 |
| 82 | ov_082 | 1.2857107926050743 × 10^287 |
| 83 | ov_083 | 9.48250062981278 × 10^286 |
| 84 | ov_084 | 6.872122121722333 × 10^286 |
| 85 | ov_085 | 4.894084727227647 × 10^286 |
| 86 | ov_086 | 3.4269391357720637 × 10^286 |
| 87 | ov_087 | 2.359589714725529 × 10^286 |
| 88 | ov_088 | 1.5912297774325633 × 10^286 |
| 89 | ov_089 | 1.031293986840355 × 10^286 |
| 90 | ov_090 | 6.370550451858568 × 10^285 |
| 91 | ov_091 | 3.70882984155744 × 10^285 |
| 92 | ov_092 | 2.0023679860878676 × 10^285 |
| 93 | ov_093 | 9.765974117663264 × 10^284 |
| 94 | ov_094 | 4.077700868681315 × 10^284 |
| 95 | aaa_78_28 | 1.2294796976145403 × 10^284 |
| 96 | aaa_78_29 | 3.6400851111334995 × 10^283 |
| 97 | ov_097 | 2.2673123278760248 × 10^283 |
| 98 | ov_098 | 2.2672657067272117 × 10^283 |
| 99 | ov_099 | 2.2672508057525898 × 10^283 |
| 100 | ov_100 | 1.867032480519622 × 10^283 |
| 101 | ov_101 | 1.542934188911792 × 10^283 |
| 102 | ov_102 | 1.2835308495772838 × 10^283 |
| 103 | ov_103 | 1.0780203861691928 × 10^283 |
| 104 | ov_104 | 9.161780091685754 × 10^282 |
| 105 | ov_105 | 7.883166092411782 × 10^282 |
| 106 | ov_106 | 6.85252692390873 × 10^282 |
| 107 | ov_107 | 5.982773157330997 × 10^282 |
| 108 | ov_108 | 5.191315103951715 × 10^282 |
| 109 | ov_109 | 4.4740291463172964 × 10^282 |
| 110 | ov_110 | 3.826930957178378 × 10^282 |
| 111 | ov_111 | 3.246148511650473 × 10^282 |
| 112 | ov_112 | 2.727898922591129 × 10^282 |
| 113 | ov_113 | 2.2684688435685403 × 10^282 |
| 114 | ov_114 | 1.8641981845630545 × 10^282 |
| 115 | ov_115 | 1.5114668860373543 × 10^282 |
| 116 | ov_116 | 1.2066844973460724 × 10^282 |
| 117 | ov_117 | 9.462823056970383 × 10^281 |
| 118 | ov_118 | 7.267075224668372 × 10^281 |
| 119 | ov_119 | 5.4441882588207605 × 10^281 |
| 120 | ov_120 | 3.958828620821135 × 10^281 |
| 121 | ov_121 | 2.7757157787139427 × 10^281 |
| 122 | ov_122 | 1.859602584876188 × 10^281 |
| 123 | ov_123 | 1.1752614372496446 × 10^281 |
| 124 | ov_124 | 6.87474957513328 × 10^280 |
| 125 | ov_125 | 3.610302256670657 × 10^280 |
| 126 | ov_126 | 1.6071584447407167 × 10^280 |
| 127 | aaa_77_28 | 5.1320814936668896 × 10^279 |
| 128 | aaa_77_29 | 1.9241362089009606 × 10^279 |
| 129 | ov_129 | 1.757677391405851 × 10^279 |
| 130 | ov_130 | 1.757672002113579 × 10^279 |
| 131 | ov_131 | 1.7576707029011993 × 10^279 |
| 132 | ov_132 | 1.5210925039480654 × 10^279 |
| 133 | ov_133 | 1.3092126752150083 × 10^279 |
| 134 | ov_134 | 1.1200949222269676 × 10^279 |
| 135 | ov_135 | 9.519029265641429 × 10^278 |
| 136 | ov_136 | 8.028931803351942 × 10^278 |
| 137 | ov_137 | 6.722163087621983 × 10^278 |
| 138 | ov_138 | 5.582972046620454 × 10^278 |
| 139 | ov_139 | 4.5963821100598286 × 10^278 |
| 140 | ov_140 | 3.748156865024472 × 10^278 |
| 141 | ov_141 | 3.024772479444578 × 10^278 |
| 142 | ov_142 | 2.413395977405723 × 10^278 |
| 143 | ov_143 | 1.9018685035489724 × 10^278 |
| 144 | ov_144 | 1.4786927665668742 × 10^278 |
| 145 | ov_145 | 1.1330239043386408 × 10^278 |
| 146 | ov_146 | 8.546630656383171 × 10^277 |
| 147 | ov_147 | 6.340530556307443 × 10^277 |
| 148 | ov_148 | 4.62275475587033 × 10^277 |
| 149 | ov_149 | 3.3104890142314767 × 10^277 |
| 150 | ov_150 | 2.3272772226240744 × 10^277 |
| 151 | ov_151 | 1.6030134179854128 × 10^277 |
| 152 | ov_152 | 1.0739358735052735 × 10^277 |
| 153 | ov_153 | 6.826227608664068 × 10^276 |
| 154 | ov_154 | 4.019476884190073 × 10^276 |
| 155 | ov_155 | 2.079520837190376 × 10^276 |
| 156 | aaa_76_25 | 7.98444778979852 × 10^275 |
| 157 | aaa_76_26 | 4.6039747904666525 × 10^275 |
| 158 | aaa_76_27 | 2.3527067958217937 × 10^275 |
| 159 | aaa_76_28 | 9.14010855458698 × 10^274 |
| 160 | aaa_76_29 | 2.773393833015411 × 10^274 |

### Output Bits Sorted by Complexity

| Rank | Output Bit | Complexity |
|:----:|:----------:|:----------:|
| 160 | aaa_76_29 | 2.773393833015411 × 10^274 |
| 159 | aaa_76_28 | 9.14010855458698 × 10^274 |
| 158 | aaa_76_27 | 2.3527067958217937 × 10^275 |
| 157 | aaa_76_26 | 4.6039747904666525 × 10^275 |
| 156 | aaa_76_25 | 7.98444778979852 × 10^275 |
| 155 | ov_155 | 2.079520837190376 × 10^276 |
| 154 | ov_154 | 4.019476884190073 × 10^276 |
| 153 | ov_153 | 6.826227608664068 × 10^276 |
| 152 | ov_152 | 1.0739358735052735 × 10^277 |
| 151 | ov_151 | 1.6030134179854128 × 10^277 |
| 150 | ov_150 | 2.3272772226240744 × 10^277 |
| 149 | ov_149 | 3.3104890142314767 × 10^277 |
| 148 | ov_148 | 4.62275475587033 × 10^277 |
| 147 | ov_147 | 6.340530556307443 × 10^277 |
| 146 | ov_146 | 8.546630656383171 × 10^277 |
| 145 | ov_145 | 1.1330239043386408 × 10^278 |
| 144 | ov_144 | 1.4786927665668742 × 10^278 |
| 143 | ov_143 | 1.9018685035489724 × 10^278 |
| 142 | ov_142 | 2.413395977405723 × 10^278 |
| 141 | ov_141 | 3.024772479444578 × 10^278 |
| 140 | ov_140 | 3.748156865024472 × 10^278 |
| 139 | ov_139 | 4.5963821100598286 × 10^278 |
| 138 | ov_138 | 5.582972046620454 × 10^278 |
| 137 | ov_137 | 6.722163087621983 × 10^278 |
| 136 | ov_136 | 8.028931803351942 × 10^278 |
| 135 | ov_135 | 9.519029265641429 × 10^278 |
| 134 | ov_134 | 1.1200949222269676 × 10^279 |
| 133 | ov_133 | 1.3092126752150083 × 10^279 |
| 132 | ov_132 | 1.5210925039480654 × 10^279 |
| 131 | ov_131 | 1.7576707029011993 × 10^279 |
| 130 | ov_130 | 1.757672002113579 × 10^279 |
| 129 | ov_129 | 1.757677391405851 × 10^279 |
| 128 | aaa_77_29 | 1.9241362089009606 × 10^279 |
| 127 | aaa_77_28 | 5.1320814936668896 × 10^279 |
| 126 | ov_126 | 1.6071584447407167 × 10^280 |
| 125 | ov_125 | 3.610302256670657 × 10^280 |
| 124 | ov_124 | 6.87474957513328 × 10^280 |
| 123 | ov_123 | 1.1752614372496446 × 10^281 |
| 122 | ov_122 | 1.859602584876188 × 10^281 |
| 121 | ov_121 | 2.7757157787139427 × 10^281 |
| 120 | ov_120 | 3.958828620821135 × 10^281 |
| 119 | ov_119 | 5.4441882588207605 × 10^281 |
| 118 | ov_118 | 7.267075224668372 × 10^281 |
| 117 | ov_117 | 9.462823056970383 × 10^281 |
| 116 | ov_116 | 1.2066844973460724 × 10^282 |
| 115 | ov_115 | 1.5114668860373543 × 10^282 |
| 114 | ov_114 | 1.8641981845630545 × 10^282 |
| 113 | ov_113 | 2.2684688435685403 × 10^282 |
| 112 | ov_112 | 2.727898922591129 × 10^282 |
| 111 | ov_111 | 3.246148511650473 × 10^282 |
| 110 | ov_110 | 3.826930957178378 × 10^282 |
| 109 | ov_109 | 4.4740291463172964 × 10^282 |
| 108 | ov_108 | 5.191315103951715 × 10^282 |
| 107 | ov_107 | 5.982773157330997 × 10^282 |
| 106 | ov_106 | 6.85252692390873 × 10^282 |
| 105 | ov_105 | 7.883166092411782 × 10^282 |
| 104 | ov_104 | 9.161780091685754 × 10^282 |
| 103 | ov_103 | 1.0780203861691928 × 10^283 |
| 102 | ov_102 | 1.2835308495772838 × 10^283 |
| 101 | ov_101 | 1.542934188911792 × 10^283 |
| 100 | ov_100 | 1.867032480519622 × 10^283 |
| 99 | ov_099 | 2.2672508057525898 × 10^283 |
| 98 | ov_098 | 2.2672657067272117 × 10^283 |
| 97 | ov_097 | 2.2673123278760248 × 10^283 |
| 96 | aaa_78_29 | 3.6400851111334995 × 10^283 |
| 95 | aaa_78_28 | 1.2294796976145403 × 10^284 |
| 94 | ov_094 | 4.077700868681315 × 10^284 |
| 93 | ov_093 | 9.765974117663264 × 10^284 |
| 92 | ov_092 | 2.0023679860878676 × 10^285 |
| 91 | ov_091 | 3.70882984155744 × 10^285 |
| 90 | ov_090 | 6.370550451858568 × 10^285 |
| 89 | ov_089 | 1.031293986840355 × 10^286 |
| 88 | ov_088 | 1.5912297774325633 × 10^286 |
| 87 | ov_087 | 2.359589714725529 × 10^286 |
| 86 | ov_086 | 3.4269391357720637 × 10^286 |
| 85 | ov_085 | 4.894084727227647 × 10^286 |
| 84 | ov_084 | 6.872122121722333 × 10^286 |
| 83 | ov_083 | 9.48250062981278 × 10^286 |
| 82 | ov_082 | 1.2857107926050743 × 10^287 |
| 81 | ov_081 | 1.7138377509026734 × 10^287 |
| 80 | ov_080 | 2.2479421757518683 × 10^287 |
| 64 | lv_79_m31 | 2.3638407426643922 × 10^287 |
| 79 | ov_079 | 2.904419340851044 × 10^287 |
| 78 | ov_078 | 3.700767828835732 × 10^287 |
| 77 | ov_077 | 4.6556122136380314 × 10^287 |
| 76 | ov_076 | 5.788729437141053 × 10^287 |
| 75 | ov_075 | 7.121079166726413 × 10^287 |
| 74 | ov_074 | 8.674838422418114 × 10^287 |
| 73 | ov_073 | 1.0473440765170732 × 10^288 |
| 63 | ov_063 | 1.2142353273164904 × 10^288 |
| 72 | ov_072 | 1.254162034164556 × 10^288 |
| 71 | ov_071 | 1.4905461085799797 × 10^288 |
| 70 | ov_070 | 1.759245138402775 × 10^288 |
| 69 | ov_069 | 2.0631544518714878 × 10^288 |
| 68 | ov_068 | 2.4053225998171954 × 10^288 |
| 67 | ov_067 | 2.7889591285221344 × 10^288 |
| 66 | ov_066 | 2.7889607469459036 × 10^288 |
| 65 | ov_065 | 2.7889676573218486 × 10^288 |
| 62 | ov_062 | 5.4941795662788406 × 10^288 |
| 61 | ov_061 | 2.052616062800297 × 10^289 |
| 60 | ov_060 | 6.073492524613178 × 10^289 |
| 59 | ov_059 | 1.5000134808583467 × 10^290 |
| 58 | ov_058 | 3.085736913413846 × 10^290 |
| 57 | ov_057 | 5.623667013423316 × 10^290 |
| 56 | ov_056 | 9.429618114121984 × 10^290 |
| 55 | ov_055 | 1.4876077092646605 × 10^291 |
| 54 | ov_054 | 2.239221598793066 × 10^291 |
| 53 | ov_053 | 3.246391648794574 × 10^291 |
| 52 | ov_052 | 4.563381320398193 × 10^291 |
| 51 | ov_051 | 6.304399929341428 × 10^291 |
| 50 | ov_050 | 8.595032551495152 × 10^291 |
| 49 | ov_049 | 1.1506627921678227 × 10^292 |
| 48 | ov_048 | 1.5187615849012254 × 10^292 |
| 47 | ov_047 | 1.9797922463052137 × 10^292 |
| 32 | lv_80_m31 | 2.346029902206228 × 10^292 |
| 46 | ov_046 | 2.5509045558916125 × 10^292 |
| 45 | ov_045 | 3.2504158099571994 × 10^292 |
| 44 | ov_044 | 4.0883728129422735 × 10^292 |
| 43 | ov_043 | 5.085474529491997 × 10^292 |
| 42 | ov_042 | 6.263644276902597 × 10^292 |
| 41 | ov_041 | 7.646060644721366 × 10^292 |
| 40 | ov_040 | 9.245288869215568 × 10^292 |
| 39 | ov_039 | 1.1074578424892434 × 10^293 |
| 31 | ov_031 | 1.203310382833689 × 10^293 |
| 38 | ov_038 | 1.3147895065105454 × 10^293 |
| 37 | ov_037 | 1.5493924967473356 × 10^293 |
| 36 | ov_036 | 1.814290918638112 × 10^293 |
| 35 | ov_035 | 2.1111222074394716 × 10^293 |
| 34 | ov_034 | 2.443252844484662 × 10^293 |
| 33 | ov_033 | 2.8142397520213403 × 10^293 |
| 30 | ov_030 | 6.169666508205873 × 10^293 |
| 29 | ov_029 | 2.0179932478382423 × 10^294 |
| 28 | ov_028 | 5.2363873055189857 × 10^294 |
| 27 | ov_027 | 1.1700886347926405 × 10^295 |
| 26 | ov_026 | 2.339308909082484 × 10^295 |
| 25 | ov_025 | 4.284746191803728 × 10^295 |
| 24 | ov_024 | 7.315136345826697 × 10^295 |
| 23 | ov_023 | 1.1794511914874112 × 10^296 |
| 22 | ov_022 | 1.8506253140451764 × 10^296 |
| 21 | ov_021 | 2.8344408305864046 × 10^296 |
| 20 | ov_020 | 4.231379749346788 × 10^296 |
| 19 | ov_019 | 6.153018328796634 × 10^296 |
| 18 | ov_018 | 8.722053142501891 × 10^296 |
| 17 | ov_017 | 1.2072338891824735 × 10^297 |
| 16 | ov_016 | 1.6348941173229516 × 10^297 |
| 15 | ov_015 | 2.1708207860578094 × 10^297 |
| 14 | ov_014 | 2.831786375933843 × 10^297 |
| 13 | ov_013 | 3.635713532874037 × 10^297 |
| 12 | ov_012 | 4.601691392195929 × 10^297 |
| 11 | ov_011 | 5.7499966078868704 × 10^297 |
| 10 | ov_010 | 7.102120031997473 × 10^297 |
| 9 | ov_009 | 8.680800212082969 × 10^297 |
| 8 | ov_008 | 1.0510065032583323 × 10^298 |
| 7 | ov_007 | 1.2615282824565777 × 10^298 |
| 6 | ov_006 | 1.5023224173258624 × 10^298 |
| 5 | ov_005 | 1.7762135748174596 × 10^298 |
| 4 | ov_004 | 2.0861827766766687 × 10^298 |
| 3 | ov_003 | 2.4353776777337013 × 10^298 |
| 2 | ov_002 | 2.827124518526401 × 10^298 |
| 1 | ov_001 | 3.264941866845652 × 10^298 |

