# Results for F001-F002-F003-F004-F005-F006-F007-F008-F009-F010-F011-F012-F013-F014-F015-F016-F017-F018-F019-F020-F021-F022-F023-F024-F025-F026-F027-F028-F029-F030-F031-F032-F033-F034-F035-F036-F037-F038-F039-F040-F041-F042-F043-F044-F045-F046-F047-F048-F049-F050-F051-F052-F053-F054-F055-F056-F057-F058-F059-F060-F061-F062-F063-F064-F065-F066-F067-F068-F069-F070-F071-F072-F073-F074-F075-F076-F077-F078-F079-F080-F081-F082-F083-F084-F085-F086-F087-F088-F089-F090-F091-F092-F093-F094-F095-F096-F097-F098-F099-F100-F101-F102-F103-F104-F105-F106-F107-F108-F109-F110-F111-F112-F113-F114-F115-F116-F117-F118-F119-F120-F121-F122-F123-F124-F125-F126-F127-F128-F129-F130-F131-F132-F133-F134-F135-F136-F137-F138-F139-F140-F141-F142-F143-F144-F145-F146-F147-F148-F149-F150-F151-F152-F153-F154-F155-F156-F157-F158-F159-F160-F161-F162-F163-F164-F165-F166-F167-F168-F169-F170-F171-F172-F173-F174-F175-F176-F177-F178-F179-F180-F181-F182-F183-F184-F185-F186-F187-F188-F189-F190-F191-F192-F193-F194-F195-F196-F197-F198-F199-F200-F201-F202-F203-F204-F205-F206-F207-F208-F209-F210-F211-F212-F213-F214-F215-F216-F217-F218-F219-F220-F221-F222-F223-F224-F225-F226-F227-F228-F229-F230-F231-F232-F233-F234-F235-F236-F237-F238-F239-F240-F241-F242-F243-F244-F245-F246-F247-F248-F249-F250-F251-F252-F253-F254-F255-F256-F257-F258-F259-F260-F261-F262-F263-F264-F265-F266-F267-F268-F269-F270-F271-F272-F273-F274-F275-F276-F277-F278-F279-F280-F281-F282-F283-F284-F285-F286-F287-F288-F289-F290-F291-F292-F293-F294-F295-F296-F297-F298-F299-F300-F301-F302-F303-F304-F305-F306-F307-F308-F309-F310-F311-F312-F313-F314-F315-F316-F317-F318-F319-F320-F321-F322-F323-F324-F325-F326-F327-F328-F329-F330-F331-F332-F333-F334-F335-F336-F337-F338-F339-F340-F341-F342-F343-F344-F345-F346-F347-F348-F349-F350-F351-F352-F353-F354-F355-F356-F357-F358-F359-F360-F361-F362-F363-F364-F365-F366-F367-F368-F369-F370-F371-F372-F373-F374-F375-F376-F377-F378-F379-F380-F381-F382-F383-F384-F385-F386-F387-F388-F389-F390-F391-F392-F393-F394-F395-F396-F397-F398-F399-F400-F401-F402-F403-F404-F405-F406-F407-F408-F409-F410-F411-F412-F413-F414-F415-F416-F417-F418-F419-F420-F421-F422-F423-F424-F425-F426-F427-F428-F429-F430-F431-F432-F433-F434-F435-F436-F437-F438-F439-F440-F441-F442-F443-F444-F445-F446-F447-F448-F449-F450-F451-F452-F453-F454-F455-F456-F457-F458-F459-F460-F461-F462-F463-F464-F465-F466-F467-F468-F469-F470-F471-F472-F473-F474-F475-F476-F477-F478-F479-F480-F481-F482-F483-F484-F485-F486-F487-F488-F489-F490-F491-F492-F493-F494-F495-F496-E497507-O499504-E499505-F509-F510-F511-F512

## Summary

Number of input bits: 512  
Number of free input bits: 9  
Number of output bits: 160

Number of direct occurrences: 36540  
Number of assignments: 31066  
Number of operations: 10822826
(xor: 10794953,
and: 14582,
or: 13291)

Total complexity: 6.208285541442463 × 10^297

Least occurring input variable: iv_498 (3894)  
Most occurring input variable: iv_497 (4194)

Most co-occurring input variables: iv_501-iv_502 (2035)  
Least co-occurring input variables: iv_498-iv_499 (1764)

Potentially most occurring input variable: iv_497/iv_498 (4560)  
Potentially least occurring input variable: iv_501/iv_502 (4069)

Least output occurring input variable: iv_503 (72)  
Most output occurring input variable: iv_498 (88)

Most output co-occurring input variables: iv_497-iv_498 (48)  
Least output co-occurring input variables: iv_497-iv_500 (34)

Potentially most output occurring input variable: iv_500/iv_502 (91)  
Potentially least output occurring input variable: iv_501/iv_503 (67)

Least complex input bit: iv_498 (8.203926780467142 × 10^295)  
Most complex input bit: iv_508 (1.6252030416883883 × 10^297)

Least complex output bit: aaa_76_29 (6.421948011779134 × 10^272)  
Most complex output bit: ov_001 (9.930692221158267 × 10^296)

Least complex input/output complexity: iv_498/aaa_76_29 (8.486270633802297 × 10^270)  
Most complex input/output complexity: iv_508/ov_001 (2.5996534946985944 × 10^296)

## Input Bits

### Input Bits in Regular Order

| Input Bit | Complexity | Occurrences | Output Occurrences |
|:---------:|:----------:|:-----------:|:------------------:|
| iv_497 | 1.3902272662841468 × 10^297 | 4194 | 79 |
| iv_498 | 8.203926780467142 × 10^295 | 3894 | 88 |
| iv_499 | 6.038409577196106 × 10^296 | 4096 | 81 |
| iv_500 | 2.4385666754992362 × 10^296 | 4075 | 78 |
| iv_501 | 4.013973354370271 × 10^296 | 4035 | 81 |
| iv_502 | 6.4709091734005015 × 10^296 | 4104 | 83 |
| iv_503 | 3.777472493063905 × 10^296 | 4060 | 72 |
| iv_506 | 8.368828383122524 × 10^296 | 3923 | 82 |
| iv_508 | 1.6252030416883883 × 10^297 | 4159 | 81 |

### Input Bits Sorted by Complexity

| Input Bit | Complexity | Occurrences | Output Occurrences |
|:---------:|:----------:|:-----------:|:------------------:|
| iv_498 | 8.203926780467142 × 10^295 | 3894 | 88 |
| iv_500 | 2.4385666754992362 × 10^296 | 4075 | 78 |
| iv_503 | 3.777472493063905 × 10^296 | 4060 | 72 |
| iv_501 | 4.013973354370271 × 10^296 | 4035 | 81 |
| iv_499 | 6.038409577196106 × 10^296 | 4096 | 81 |
| iv_502 | 6.4709091734005015 × 10^296 | 4104 | 83 |
| iv_506 | 8.368828383122524 × 10^296 | 3923 | 82 |
| iv_497 | 1.3902272662841468 × 10^297 | 4194 | 79 |
| iv_508 | 1.6252030416883883 × 10^297 | 4159 | 81 |

### Input Bits Sorted by Occurrences

| Input Bit | Complexity | Occurrences | Output Occurrences |
|:---------:|:----------:|:-----------:|:------------------:|
| iv_498 | 8.203926780467142 × 10^295 | 3894 | 88 |
| iv_506 | 8.368828383122524 × 10^296 | 3923 | 82 |
| iv_501 | 4.013973354370271 × 10^296 | 4035 | 81 |
| iv_503 | 3.777472493063905 × 10^296 | 4060 | 72 |
| iv_500 | 2.4385666754992362 × 10^296 | 4075 | 78 |
| iv_499 | 6.038409577196106 × 10^296 | 4096 | 81 |
| iv_502 | 6.4709091734005015 × 10^296 | 4104 | 83 |
| iv_508 | 1.6252030416883883 × 10^297 | 4159 | 81 |
| iv_497 | 1.3902272662841468 × 10^297 | 4194 | 79 |

### Input Bits Sorted by Output Occurrences

| Input Bit | Complexity | Occurrences | Output Occurrences |
|:---------:|:----------:|:-----------:|:------------------:|
| iv_503 | 3.777472493063905 × 10^296 | 4060 | 72 |
| iv_500 | 2.4385666754992362 × 10^296 | 4075 | 78 |
| iv_497 | 1.3902272662841468 × 10^297 | 4194 | 79 |
| iv_499 | 6.038409577196106 × 10^296 | 4096 | 81 |
| iv_501 | 4.013973354370271 × 10^296 | 4035 | 81 |
| iv_508 | 1.6252030416883883 × 10^297 | 4159 | 81 |
| iv_506 | 8.368828383122524 × 10^296 | 3923 | 82 |
| iv_502 | 6.4709091734005015 × 10^296 | 4104 | 83 |
| iv_498 | 8.203926780467142 × 10^295 | 3894 | 88 |

## Input Bit Co-occurrences

### Input Bit Co-occurrences Sorted by Co-occurrences

| Input Bits | Co-occurrences | Potential Occurrences | Output Co-occurrences | Potential Output Occurrences |
|:----------:|:--------------:|:---------------------:|:---------------------:|:----------------------------:|
| iv_501-iv_502 | 2035 | 4069 | 42 | 80 |
| iv_497-iv_508 | 2014 | 4325 | 44 | 72 |
| iv_500-iv_502 | 1983 | 4213 | 35 | 91 |
| iv_500-iv_508 | 1969 | 4296 | 37 | 85 |
| iv_500-iv_501 | 1947 | 4216 | 41 | 77 |
| iv_499-iv_502 | 1943 | 4314 | 47 | 70 |
| iv_500-iv_503 | 1938 | 4259 | 37 | 76 |
| iv_502-iv_508 | 1937 | 4389 | 40 | 84 |
| iv_503-iv_508 | 1928 | 4363 | 36 | 81 |

### Input Bit Co-occurrences Sorted by Potential Occurrences

| Input Bits | Co-occurrences | Potential Occurrences | Output Co-occurrences | Potential Output Occurrences |
|:----------:|:--------------:|:---------------------:|:---------------------:|:----------------------------:|
| iv_501-iv_502 | 2035 | 4069 | 42 | 80 |
| iv_498-iv_506 | 1829 | 4159 | 42 | 86 |
| iv_503-iv_506 | 1908 | 4167 | 35 | 84 |
| iv_500-iv_506 | 1903 | 4192 | 37 | 86 |
| iv_500-iv_502 | 1983 | 4213 | 35 | 91 |
| iv_500-iv_501 | 1947 | 4216 | 41 | 77 |
| iv_498-iv_500 | 1876 | 4217 | 40 | 86 |
| iv_501-iv_503 | 1925 | 4245 | 43 | 67 |
| iv_498-iv_501 | 1840 | 4249 | 47 | 75 |

### Input Bit Output Co-occurrences Sorted by Output Co-occurrences

| Input Bits | Co-occurrences | Potential Occurrences | Output Co-occurrences | Potential Output Occurrences |
|:----------:|:--------------:|:---------------------:|:---------------------:|:----------------------------:|
| iv_497-iv_498 | 1764 | 4560 | 48 | 71 |
| iv_499-iv_502 | 1943 | 4314 | 47 | 70 |
| iv_498-iv_501 | 1840 | 4249 | 47 | 75 |
| iv_498-iv_499 | 1764 | 4462 | 46 | 77 |
| iv_498-iv_508 | 1844 | 4365 | 46 | 77 |
| iv_499-iv_506 | 1839 | 4341 | 45 | 73 |
| iv_499-iv_501 | 1861 | 4409 | 44 | 74 |
| iv_498-iv_502 | 1847 | 4304 | 44 | 83 |
| iv_497-iv_508 | 2014 | 4325 | 44 | 72 |

### Input Bit Output Co-occurrences Sorted by Potential Output Occurrences

| Input Bits | Co-occurrences | Potential Occurrences | Output Co-occurrences | Potential Output Occurrences |
|:----------:|:--------------:|:---------------------:|:---------------------:|:----------------------------:|
| iv_501-iv_503 | 1925 | 4245 | 43 | 67 |
| iv_499-iv_502 | 1943 | 4314 | 47 | 70 |
| iv_497-iv_498 | 1764 | 4560 | 48 | 71 |
| iv_497-iv_508 | 2014 | 4325 | 44 | 72 |
| iv_499-iv_506 | 1839 | 4341 | 45 | 73 |
| iv_499-iv_501 | 1861 | 4409 | 44 | 74 |
| iv_497-iv_499 | 1872 | 4546 | 43 | 74 |
| iv_497-iv_501 | 1918 | 4393 | 43 | 74 |
| iv_498-iv_501 | 1840 | 4249 | 47 | 75 |

## Output Bits

### Output Bits in Regular Order

| Rank | Output Bit | Complexity |
|:----:|:----------:|:----------:|
| 1 | ov_001 | 9.930692221158267 × 10^296 |
| 2 | ov_002 | 8.612143224131683 × 10^296 |
| 3 | ov_003 | 7.430969713362914 × 10^296 |
| 4 | ov_004 | 6.376762361929093 × 10^296 |
| 5 | ov_005 | 5.439679424791818 × 10^296 |
| 6 | ov_006 | 4.610406268265996 × 10^296 |
| 7 | ov_007 | 3.880120124228581 × 10^296 |
| 8 | ov_008 | 3.240459729622856 × 10^296 |
| 9 | ov_009 | 2.683499473269139 × 10^296 |
| 10 | ov_010 | 2.201727602650125 × 10^296 |
| 11 | ov_011 | 1.7880280381945994 × 10^296 |
| 12 | ov_012 | 1.4356653684299423 × 10^296 |
| 13 | ov_013 | 1.138272624735482 × 10^296 |
| 14 | ov_014 | 8.898414594147683 × 10^295 |
| 15 | ov_015 | 6.847143755070654 × 10^295 |
| 16 | ov_016 | 5.175786812518581 × 10^295 |
| 17 | ov_017 | 3.834618664638669 × 10^295 |
| 18 | ov_018 | 2.7772812231406155 × 10^295 |
| 19 | ov_019 | 1.9607575017670143 × 10^295 |
| 20 | ov_020 | 1.3453524069657526 × 10^295 |
| 21 | ov_021 | 8.946786094847779 × 10^294 |
| 22 | ov_022 | 5.756463975010846 × 10^294 |
| 23 | ov_023 | 3.584566609955233 × 10^294 |
| 24 | ov_024 | 2.1659627730632733 × 10^294 |
| 25 | ov_025 | 1.2683528799510358 × 10^294 |
| 26 | ov_026 | 6.922535268736205 × 10^293 |
| 27 | ov_027 | 3.461257728695514 × 10^293 |
| 28 | ov_028 | 1.5483406303207346 × 10^293 |
| 29 | ov_029 | 5.964549764594797 × 10^292 |
| 30 | ov_030 | 1.8229640636262077 × 10^292 |
| 31 | ov_031 | 3.554766289609314 × 10^291 |
| 32 | lv_80_m31 | 6.9305998643255294 × 10^290 |
| 33 | ov_033 | 8.304234530070227 × 10^291 |
| 34 | ov_034 | 7.200519819127563 × 10^291 |
| 35 | ov_035 | 6.213156283311933 × 10^291 |
| 36 | ov_036 | 5.3326861817217593 × 10^291 |
| 37 | ov_037 | 4.5501598380067195 × 10^291 |
| 38 | ov_038 | 3.857099851530289 × 10^291 |
| 39 | ov_039 | 3.2454702415499046 × 10^291 |
| 40 | ov_040 | 2.707650040176685 × 10^291 |
| 41 | ov_041 | 2.2364108756427724 × 10^291 |
| 42 | ov_042 | 1.8282341444668678 × 10^291 |
| 43 | ov_043 | 1.479783814674711 × 10^291 |
| 44 | ov_044 | 1.1849083512123242 × 10^291 |
| 45 | ov_045 | 9.37790747930726 × 10^290 |
| 46 | ov_046 | 7.329400440670117 × 10^290 |
| 47 | ov_047 | 5.651845887155166 × 10^290 |
| 48 | ov_048 | 4.296667758982177 × 10^290 |
| 49 | ov_049 | 3.2183902620665014 × 10^290 |
| 50 | ov_050 | 2.3746081312369618 × 10^290 |
| 51 | ov_051 | 1.7259652308178578 × 10^290 |
| 52 | ov_052 | 1.2361394468283077 × 10^290 |
| 53 | ov_053 | 8.718321302636509 × 10^289 |
| 54 | ov_054 | 6.027608161084339 × 10^289 |
| 55 | ov_055 | 4.0165436688378274 × 10^289 |
| 56 | ov_056 | 2.556295684529809 × 10^289 |
| 57 | ov_057 | 1.5330675110707889 × 10^289 |
| 58 | ov_058 | 8.480912953723448 × 10^288 |
| 59 | ov_059 | 4.1762462203924897 × 10^288 |
| 60 | ov_060 | 1.7294897936720998 × 10^288 |
| 61 | ov_061 | 6.036921024819594 × 10^287 |
| 62 | ov_062 | 1.6548213084990775 × 10^287 |
| 63 | ov_063 | 3.2227261233407865 × 10^286 |
| 64 | lv_79_m31 | 6.274671881540037 × 10^285 |
| 65 | ov_065 | 7.435792715720656 × 10^286 |
| 66 | ov_066 | 7.43577397670105 × 10^286 |
| 67 | ov_067 | 7.435769585003069 × 10^286 |
| 68 | ov_068 | 6.419368517384192 × 10^286 |
| 69 | ov_069 | 5.512444618869903 × 10^286 |
| 70 | ov_070 | 4.706565172964407 × 10^286 |
| 71 | ov_071 | 3.993707803214956 × 10^286 |
| 72 | ov_072 | 3.366240614720768 × 10^286 |
| 73 | ov_073 | 2.81690591197281 × 10^286 |
| 74 | ov_074 | 2.3388061766729605 × 10^286 |
| 75 | ov_075 | 1.9253915407741113 × 10^286 |
| 76 | ov_076 | 1.5704485121659887 × 10^286 |
| 77 | ov_077 | 1.2680898824520796 × 10^286 |
| 78 | ov_078 | 1.012745747792258 × 10^286 |
| 79 | ov_079 | 7.991555749888144 × 10^285 |
| 80 | ov_080 | 6.22361245920643 × 10^285 |
| 81 | ov_081 | 4.777010141266438 × 10^285 |
| 82 | ov_082 | 3.608043078499404 × 10^285 |
| 83 | ov_083 | 2.6758731422236112 × 10^285 |
| 84 | ov_084 | 1.9424927953086608 × 10^285 |
| 85 | ov_085 | 1.3726946069223338 × 10^285 |
| 86 | ov_086 | 9.49571464322252 × 10^284 |
| 87 | ov_087 | 6.4344750534623914 × 10^284 |
| 88 | ov_088 | 4.273881201025037 × 10^284 |
| 89 | ov_089 | 2.7718904635841027 × 10^284 |
| 90 | ov_090 | 1.713687454253282 × 10^284 |
| 91 | ov_091 | 9.98663606869265 × 10^283 |
| 92 | ov_092 | 5.397894443182265 × 10^283 |
| 93 | ov_093 | 2.6360380048850975 × 10^283 |
| 94 | ov_094 | 1.1020852181011491 × 10^283 |
| 95 | aaa_78_28 | 3.326630328724611 × 10^282 |
| 96 | aaa_78_29 | 9.861876079876629 × 10^281 |
| 97 | ov_097 | 5.811413910078806 × 10^281 |
| 98 | ov_098 | 5.811307274802832 × 10^281 |
| 99 | ov_099 | 5.811273250437124 × 10^281 |
| 100 | ov_100 | 4.7569452000413575 × 10^281 |
| 101 | ov_101 | 3.894353615951221 × 10^281 |
| 102 | ov_102 | 3.1972630818010657 × 10^281 |
| 103 | ov_103 | 2.6408705166639384 × 10^281 |
| 104 | ov_104 | 2.2017007182781593 × 10^281 |
| 105 | ov_105 | 1.857515812258151 × 10^281 |
| 106 | ov_106 | 1.587237296871304 × 10^281 |
| 107 | ov_107 | 1.3708794397528554 × 10^281 |
| 108 | ov_108 | 1.1894928474502382 × 10^281 |
| 109 | ov_109 | 1.0251170914125559 × 10^281 |
| 110 | ov_110 | 8.768349453382874 × 10^280 |
| 111 | ov_111 | 7.437554775199911 × 10^280 |
| 112 | ov_112 | 6.250088557083522 × 10^280 |
| 113 | ov_113 | 5.197419696032418 × 10^280 |
| 114 | ov_114 | 4.271147285927789 × 10^280 |
| 115 | ov_115 | 3.4629689250080655 × 10^280 |
| 116 | ov_116 | 2.7646546114835554 × 10^280 |
| 117 | ov_117 | 2.168026485895332 × 10^280 |
| 118 | ov_118 | 1.664943839400147 × 10^280 |
| 119 | ov_119 | 1.247292330581977 × 10^280 |
| 120 | ov_120 | 9.069759492485162 × 10^279 |
| 121 | ov_121 | 6.359108876715167 × 10^279 |
| 122 | ov_122 | 4.260210291489053 × 10^279 |
| 123 | ov_123 | 2.6923476378622224 × 10^279 |
| 124 | ov_124 | 1.5748284139898842 × 10^279 |
| 125 | ov_125 | 8.269704197148785 × 10^278 |
| 126 | ov_126 | 3.680949779975026 × 10^278 |
| 127 | aaa_77_28 | 1.1752433437858183 × 10^278 |
| 128 | aaa_77_29 | 4.4043430646980125 × 10^277 |
| 129 | ov_129 | 4.037952115778985 × 10^277 |
| 130 | ov_130 | 4.037939618574385 × 10^277 |
| 131 | ov_131 | 4.0379366002609098 × 10^277 |
| 132 | ov_132 | 3.4960285901592977 × 10^277 |
| 133 | ov_133 | 3.0105393029408016 × 10^277 |
| 134 | ov_134 | 2.5769854088601864 × 10^277 |
| 135 | ov_135 | 2.191119963365207 × 10^277 |
| 136 | ov_136 | 1.85087630625499 × 10^277 |
| 137 | ov_137 | 1.5524317603605745 × 10^277 |
| 138 | ov_138 | 1.2921561968459905 × 10^277 |
| 139 | ov_139 | 1.0666017002472496 × 10^277 |
| 140 | ov_140 | 8.724940011623649 × 10^276 |
| 141 | ov_141 | 7.067254714306753 × 10^276 |
| 142 | ov_142 | 5.663494880000276 × 10^276 |
| 143 | ov_143 | 4.485759829209386 × 10^276 |
| 144 | ov_144 | 3.5076800806693685 × 10^276 |
| 145 | ov_145 | 2.704391542880754 × 10^276 |
| 146 | ov_146 | 2.0525167577881063 × 10^276 |
| 147 | ov_147 | 1.5301518149312398 × 10^276 |
| 148 | ov_148 | 1.11685766475308 × 10^276 |
| 149 | ov_149 | 7.93654669982202 × 10^275 |
| 150 | ov_150 | 5.5141735179456484 × 10^275 |
| 151 | ov_151 | 3.7407640436808076 × 10^275 |
| 152 | ov_152 | 2.4701540436609105 × 10^275 |
| 153 | ov_153 | 1.5706989076495755 × 10^275 |
| 154 | ov_154 | 9.252672261804065 × 10^274 |
| 155 | ov_155 | 4.78920930897302 × 10^274 |
| 156 | aaa_76_25 | 1.8397572360451547 × 10^274 |
| 157 | aaa_76_26 | 1.0618541577052185 × 10^274 |
| 158 | aaa_76_27 | 5.432212229537069 × 10^273 |
| 159 | aaa_76_28 | 2.1133720894233488 × 10^273 |
| 160 | aaa_76_29 | 6.421948011779134 × 10^272 |

### Output Bits Sorted by Complexity

| Rank | Output Bit | Complexity |
|:----:|:----------:|:----------:|
| 160 | aaa_76_29 | 6.421948011779134 × 10^272 |
| 159 | aaa_76_28 | 2.1133720894233488 × 10^273 |
| 158 | aaa_76_27 | 5.432212229537069 × 10^273 |
| 157 | aaa_76_26 | 1.0618541577052185 × 10^274 |
| 156 | aaa_76_25 | 1.8397572360451547 × 10^274 |
| 155 | ov_155 | 4.78920930897302 × 10^274 |
| 154 | ov_154 | 9.252672261804065 × 10^274 |
| 153 | ov_153 | 1.5706989076495755 × 10^275 |
| 152 | ov_152 | 2.4701540436609105 × 10^275 |
| 151 | ov_151 | 3.7407640436808076 × 10^275 |
| 150 | ov_150 | 5.5141735179456484 × 10^275 |
| 149 | ov_149 | 7.93654669982202 × 10^275 |
| 148 | ov_148 | 1.11685766475308 × 10^276 |
| 147 | ov_147 | 1.5301518149312398 × 10^276 |
| 146 | ov_146 | 2.0525167577881063 × 10^276 |
| 145 | ov_145 | 2.704391542880754 × 10^276 |
| 144 | ov_144 | 3.5076800806693685 × 10^276 |
| 143 | ov_143 | 4.485759829209386 × 10^276 |
| 142 | ov_142 | 5.663494880000276 × 10^276 |
| 141 | ov_141 | 7.067254714306753 × 10^276 |
| 140 | ov_140 | 8.724940011623649 × 10^276 |
| 139 | ov_139 | 1.0666017002472496 × 10^277 |
| 138 | ov_138 | 1.2921561968459905 × 10^277 |
| 137 | ov_137 | 1.5524317603605745 × 10^277 |
| 136 | ov_136 | 1.85087630625499 × 10^277 |
| 135 | ov_135 | 2.191119963365207 × 10^277 |
| 134 | ov_134 | 2.5769854088601864 × 10^277 |
| 133 | ov_133 | 3.0105393029408016 × 10^277 |
| 132 | ov_132 | 3.4960285901592977 × 10^277 |
| 131 | ov_131 | 4.0379366002609098 × 10^277 |
| 130 | ov_130 | 4.037939618574385 × 10^277 |
| 129 | ov_129 | 4.037952115778985 × 10^277 |
| 128 | aaa_77_29 | 4.4043430646980125 × 10^277 |
| 127 | aaa_77_28 | 1.1752433437858183 × 10^278 |
| 126 | ov_126 | 3.680949779975026 × 10^278 |
| 125 | ov_125 | 8.269704197148785 × 10^278 |
| 124 | ov_124 | 1.5748284139898842 × 10^279 |
| 123 | ov_123 | 2.6923476378622224 × 10^279 |
| 122 | ov_122 | 4.260210291489053 × 10^279 |
| 121 | ov_121 | 6.359108876715167 × 10^279 |
| 120 | ov_120 | 9.069759492485162 × 10^279 |
| 119 | ov_119 | 1.247292330581977 × 10^280 |
| 118 | ov_118 | 1.664943839400147 × 10^280 |
| 117 | ov_117 | 2.168026485895332 × 10^280 |
| 116 | ov_116 | 2.7646546114835554 × 10^280 |
| 115 | ov_115 | 3.4629689250080655 × 10^280 |
| 114 | ov_114 | 4.271147285927789 × 10^280 |
| 113 | ov_113 | 5.197419696032418 × 10^280 |
| 112 | ov_112 | 6.250088557083522 × 10^280 |
| 111 | ov_111 | 7.437554775199911 × 10^280 |
| 110 | ov_110 | 8.768349453382874 × 10^280 |
| 109 | ov_109 | 1.0251170914125559 × 10^281 |
| 108 | ov_108 | 1.1894928474502382 × 10^281 |
| 107 | ov_107 | 1.3708794397528554 × 10^281 |
| 106 | ov_106 | 1.587237296871304 × 10^281 |
| 105 | ov_105 | 1.857515812258151 × 10^281 |
| 104 | ov_104 | 2.2017007182781593 × 10^281 |
| 103 | ov_103 | 2.6408705166639384 × 10^281 |
| 102 | ov_102 | 3.1972630818010657 × 10^281 |
| 101 | ov_101 | 3.894353615951221 × 10^281 |
| 100 | ov_100 | 4.7569452000413575 × 10^281 |
| 99 | ov_099 | 5.811273250437124 × 10^281 |
| 98 | ov_098 | 5.811307274802832 × 10^281 |
| 97 | ov_097 | 5.811413910078806 × 10^281 |
| 96 | aaa_78_29 | 9.861876079876629 × 10^281 |
| 95 | aaa_78_28 | 3.326630328724611 × 10^282 |
| 94 | ov_094 | 1.1020852181011491 × 10^283 |
| 93 | ov_093 | 2.6360380048850975 × 10^283 |
| 92 | ov_092 | 5.397894443182265 × 10^283 |
| 91 | ov_091 | 9.98663606869265 × 10^283 |
| 90 | ov_090 | 1.713687454253282 × 10^284 |
| 89 | ov_089 | 2.7718904635841027 × 10^284 |
| 88 | ov_088 | 4.273881201025037 × 10^284 |
| 87 | ov_087 | 6.4344750534623914 × 10^284 |
| 86 | ov_086 | 9.49571464322252 × 10^284 |
| 85 | ov_085 | 1.3726946069223338 × 10^285 |
| 84 | ov_084 | 1.9424927953086608 × 10^285 |
| 83 | ov_083 | 2.6758731422236112 × 10^285 |
| 82 | ov_082 | 3.608043078499404 × 10^285 |
| 81 | ov_081 | 4.777010141266438 × 10^285 |
| 80 | ov_080 | 6.22361245920643 × 10^285 |
| 64 | lv_79_m31 | 6.274671881540037 × 10^285 |
| 79 | ov_079 | 7.991555749888144 × 10^285 |
| 78 | ov_078 | 1.012745747792258 × 10^286 |
| 77 | ov_077 | 1.2680898824520796 × 10^286 |
| 76 | ov_076 | 1.5704485121659887 × 10^286 |
| 75 | ov_075 | 1.9253915407741113 × 10^286 |
| 74 | ov_074 | 2.3388061766729605 × 10^286 |
| 73 | ov_073 | 2.81690591197281 × 10^286 |
| 63 | ov_063 | 3.2227261233407865 × 10^286 |
| 72 | ov_072 | 3.366240614720768 × 10^286 |
| 71 | ov_071 | 3.993707803214956 × 10^286 |
| 70 | ov_070 | 4.706565172964407 × 10^286 |
| 69 | ov_069 | 5.512444618869903 × 10^286 |
| 68 | ov_068 | 6.419368517384192 × 10^286 |
| 67 | ov_067 | 7.435769585003069 × 10^286 |
| 66 | ov_066 | 7.43577397670105 × 10^286 |
| 65 | ov_065 | 7.435792715720656 × 10^286 |
| 62 | ov_062 | 1.6548213084990775 × 10^287 |
| 61 | ov_061 | 6.036921024819594 × 10^287 |
| 60 | ov_060 | 1.7294897936720998 × 10^288 |
| 59 | ov_059 | 4.1762462203924897 × 10^288 |
| 58 | ov_058 | 8.480912953723448 × 10^288 |
| 57 | ov_057 | 1.5330675110707889 × 10^289 |
| 56 | ov_056 | 2.556295684529809 × 10^289 |
| 55 | ov_055 | 4.0165436688378274 × 10^289 |
| 54 | ov_054 | 6.027608161084339 × 10^289 |
| 53 | ov_053 | 8.718321302636509 × 10^289 |
| 52 | ov_052 | 1.2361394468283077 × 10^290 |
| 51 | ov_051 | 1.7259652308178578 × 10^290 |
| 50 | ov_050 | 2.3746081312369618 × 10^290 |
| 49 | ov_049 | 3.2183902620665014 × 10^290 |
| 48 | ov_048 | 4.296667758982177 × 10^290 |
| 47 | ov_047 | 5.651845887155166 × 10^290 |
| 32 | lv_80_m31 | 6.9305998643255294 × 10^290 |
| 46 | ov_046 | 7.329400440670117 × 10^290 |
| 45 | ov_045 | 9.37790747930726 × 10^290 |
| 44 | ov_044 | 1.1849083512123242 × 10^291 |
| 43 | ov_043 | 1.479783814674711 × 10^291 |
| 42 | ov_042 | 1.8282341444668678 × 10^291 |
| 41 | ov_041 | 2.2364108756427724 × 10^291 |
| 40 | ov_040 | 2.707650040176685 × 10^291 |
| 39 | ov_039 | 3.2454702415499046 × 10^291 |
| 31 | ov_031 | 3.554766289609314 × 10^291 |
| 38 | ov_038 | 3.857099851530289 × 10^291 |
| 37 | ov_037 | 4.5501598380067195 × 10^291 |
| 36 | ov_036 | 5.3326861817217593 × 10^291 |
| 35 | ov_035 | 6.213156283311933 × 10^291 |
| 34 | ov_034 | 7.200519819127563 × 10^291 |
| 33 | ov_033 | 8.304234530070227 × 10^291 |
| 30 | ov_030 | 1.8229640636262077 × 10^292 |
| 29 | ov_029 | 5.964549764594797 × 10^292 |
| 28 | ov_028 | 1.5483406303207346 × 10^293 |
| 27 | ov_027 | 3.461257728695514 × 10^293 |
| 26 | ov_026 | 6.922535268736205 × 10^293 |
| 25 | ov_025 | 1.2683528799510358 × 10^294 |
| 24 | ov_024 | 2.1659627730632733 × 10^294 |
| 23 | ov_023 | 3.584566609955233 × 10^294 |
| 22 | ov_022 | 5.756463975010846 × 10^294 |
| 21 | ov_021 | 8.946786094847779 × 10^294 |
| 20 | ov_020 | 1.3453524069657526 × 10^295 |
| 19 | ov_019 | 1.9607575017670143 × 10^295 |
| 18 | ov_018 | 2.7772812231406155 × 10^295 |
| 17 | ov_017 | 3.834618664638669 × 10^295 |
| 16 | ov_016 | 5.175786812518581 × 10^295 |
| 15 | ov_015 | 6.847143755070654 × 10^295 |
| 14 | ov_014 | 8.898414594147683 × 10^295 |
| 13 | ov_013 | 1.138272624735482 × 10^296 |
| 12 | ov_012 | 1.4356653684299423 × 10^296 |
| 11 | ov_011 | 1.7880280381945994 × 10^296 |
| 10 | ov_010 | 2.201727602650125 × 10^296 |
| 9 | ov_009 | 2.683499473269139 × 10^296 |
| 8 | ov_008 | 3.240459729622856 × 10^296 |
| 7 | ov_007 | 3.880120124228581 × 10^296 |
| 6 | ov_006 | 4.610406268265996 × 10^296 |
| 5 | ov_005 | 5.439679424791818 × 10^296 |
| 4 | ov_004 | 6.376762361929093 × 10^296 |
| 3 | ov_003 | 7.430969713362914 × 10^296 |
| 2 | ov_002 | 8.612143224131683 × 10^296 |
| 1 | ov_001 | 9.930692221158267 × 10^296 |

