# Results for F001-F002-F003-F004-F005-F006-F007-F008-F009-F010-F011-F012-F013-F014-F015-F016-F017-F018-F019-F020-F021-F022-F023-F024-F025-F026-F027-F028-F029-F030-F031-F032-F033-F034-F035-F036-F037-F038-F039-F040-F041-F042-F043-F044-F045-F046-F047-F048-F049-F050-F051-F052-F053-F054-F055-F056-F057-F058-F059-F060-F061-F062-F063-F064-F065-F066-F067-F068-F069-F070-F071-F072-F073-F074-F075-F076-F077-F078-F079-F080-F081-F082-F083-F084-F085-F086-F087-F088-F089-F090-F091-F092-F093-F094-F095-F096-F097-F098-F099-F100-F101-F102-F103-F104-F105-F106-F107-F108-F109-F110-F111-F112-F113-F114-F115-F116-F117-F118-F119-F120-F121-F122-F123-F124-F125-F126-F127-F128-F129-F130-F131-F132-F133-F134-F135-F136-F137-F138-F139-F140-F141-F142-F143-F144-F145-F146-F147-F148-F149-F150-F151-F152-F153-F154-F155-F156-F157-F158-F159-F160-F161-F162-F163-F164-F165-F166-F167-F168-F169-F170-F171-F172-F173-F174-F175-F176-F177-F178-F179-F180-F181-F182-F183-F184-F185-F186-F187-F188-F189-F190-F191-F192-F193-F194-F195-F196-F197-F198-F199-F200-F201-F202-F203-F204-F205-F206-F207-F208-F209-F210-F211-F212-F213-F214-F215-F216-F217-F218-F219-F220-F221-F222-F223-F224-F225-F226-F227-F228-F229-F230-F231-F232-F233-F234-F235-F236-F237-F238-F239-F240-F241-F242-F243-F244-F245-F246-F247-F248-F249-F250-F251-F252-F253-F254-F255-F256-F257-F258-F259-F260-F261-F262-F263-F264-F265-F266-F267-F268-F269-F270-F271-F272-F273-F274-F275-F276-F277-F278-F279-F280-F281-F282-F283-F284-F285-F286-F287-F288-F289-F290-F291-F292-F293-F294-F295-F296-F297-F298-F299-F300-F301-F302-F303-F304-F305-F306-F307-F308-F309-F310-F311-F312-F313-F314-F315-F316-F317-F318-F319-F320-F321-F322-F323-F324-F325-F326-F327-F328-F329-F330-F331-F332-F333-F334-F335-F336-F337-F338-F339-F340-F341-F342-F343-F344-F345-F346-F347-F348-F349-F350-F351-F352-F353-F354-F355-F356-F357-F358-F359-F360-F361-F362-F363-F364-F365-F366-F367-F368-F369-F370-F371-F372-F373-F374-F375-F376-F377-F378-F379-F380-F381-F382-F383-F384-F385-F386-F387-F388-F389-F390-F391-F392-F393-F394-F395-F396-F397-F398-F399-F400-F401-F402-F403-F404-F405-F406-F407-F408-F409-F410-F411-F412-F413-F414-F415-F416-F417-F418-F419-F420-F421-F422-F423-F424-F425-F426-F427-F428-F429-F430-F431-F432-F433-F434-F435-F436-F437-F438-F439-F440-F441-F442-F443-F444-F445-F446-F447-F448-F449-F450-F451-F452-F453-F454-F455-F456-F457-F458-F459-F460-F461-F462-F463-F464-F465-F466-F467-F468-F469-F470-F471-F472-F473-F474-F475-F476-F477-F478-F479-F480-F481-F482-F483-F484-F485-F486-F487-F488-F489-F490-F491-F492-F493-F494-F495-F496-F500-T503-F508-F509-F510-F511-F512

## Summary

Number of input bits: 512  
Number of free input bits: 9  
Number of output bits: 160

Number of direct occurrences: 36537  
Number of assignments: 30862  
Number of operations: 11229389
(xor: 11201103,
and: 15126,
or: 13160)

Total complexity: 2.0701301012246032 × 10^301

Least occurring input variable: iv_502 (3952)  
Most occurring input variable: iv_507 (4184)

Most co-occurring input variables: iv_501-iv_507 (2013)  
Least co-occurring input variables: iv_502-iv_505 (1776)

Potentially most occurring input variable: iv_498/iv_507 (4436)  
Potentially least occurring input variable: iv_504/iv_505 (4172)

Least output occurring input variable: iv_497 (71)  
Most output occurring input variable: iv_504 (86)

Most output co-occurring input variables: iv_502-iv_504 (47)  
Least output co-occurring input variables: iv_502-iv_506 (31)

Potentially most output occurring input variable: iv_502/iv_506 (94)  
Potentially least output occurring input variable: iv_497/iv_499 (68)

Least complex input bit: iv_497 (1.5018864478920607 × 10^299)  
Most complex input bit: iv_505 (7.324736823060513 × 10^300)

Least complex output bit: aaa_76_29 (1.2247886391069686 × 10^276)  
Most complex output bit: ov_001 (3.341063765751163 × 10^300)

Least complex input/output complexity: iv_497/aaa_76_29 (8.885883343847557 × 10^273)  
Most complex input/output complexity: iv_505/ov_001 (1.1821678636871127 × 10^300)

## Input Bits

### Input Bits in Regular Order

| Input Bit | Complexity | Occurrences | Output Occurrences |
|:---------:|:----------:|:-----------:|:------------------:|
| iv_497 | 1.5018864478920607 × 10^299 | 4083 | 71 |
| iv_498 | 2.9959735175070146 × 10^299 | 4008 | 80 |
| iv_499 | 5.268231902548859 × 10^299 | 4013 | 77 |
| iv_501 | 1.4450709108959058 × 10^300 | 4176 | 86 |
| iv_502 | 2.3209428695181225 × 10^300 | 3952 | 79 |
| iv_504 | 5.687711171357311 × 10^300 | 3978 | 86 |
| iv_505 | 7.324736823060513 × 10^300 | 3986 | 80 |
| iv_506 | 1.3586942525669008 × 10^300 | 4157 | 77 |
| iv_507 | 1.5875357980524997 × 10^300 | 4184 | 81 |

### Input Bits Sorted by Complexity

| Input Bit | Complexity | Occurrences | Output Occurrences |
|:---------:|:----------:|:-----------:|:------------------:|
| iv_497 | 1.5018864478920607 × 10^299 | 4083 | 71 |
| iv_498 | 2.9959735175070146 × 10^299 | 4008 | 80 |
| iv_499 | 5.268231902548859 × 10^299 | 4013 | 77 |
| iv_506 | 1.3586942525669008 × 10^300 | 4157 | 77 |
| iv_501 | 1.4450709108959058 × 10^300 | 4176 | 86 |
| iv_507 | 1.5875357980524997 × 10^300 | 4184 | 81 |
| iv_502 | 2.3209428695181225 × 10^300 | 3952 | 79 |
| iv_504 | 5.687711171357311 × 10^300 | 3978 | 86 |
| iv_505 | 7.324736823060513 × 10^300 | 3986 | 80 |

### Input Bits Sorted by Occurrences

| Input Bit | Complexity | Occurrences | Output Occurrences |
|:---------:|:----------:|:-----------:|:------------------:|
| iv_502 | 2.3209428695181225 × 10^300 | 3952 | 79 |
| iv_504 | 5.687711171357311 × 10^300 | 3978 | 86 |
| iv_505 | 7.324736823060513 × 10^300 | 3986 | 80 |
| iv_498 | 2.9959735175070146 × 10^299 | 4008 | 80 |
| iv_499 | 5.268231902548859 × 10^299 | 4013 | 77 |
| iv_497 | 1.5018864478920607 × 10^299 | 4083 | 71 |
| iv_506 | 1.3586942525669008 × 10^300 | 4157 | 77 |
| iv_501 | 1.4450709108959058 × 10^300 | 4176 | 86 |
| iv_507 | 1.5875357980524997 × 10^300 | 4184 | 81 |

### Input Bits Sorted by Output Occurrences

| Input Bit | Complexity | Occurrences | Output Occurrences |
|:---------:|:----------:|:-----------:|:------------------:|
| iv_497 | 1.5018864478920607 × 10^299 | 4083 | 71 |
| iv_499 | 5.268231902548859 × 10^299 | 4013 | 77 |
| iv_506 | 1.3586942525669008 × 10^300 | 4157 | 77 |
| iv_502 | 2.3209428695181225 × 10^300 | 3952 | 79 |
| iv_505 | 7.324736823060513 × 10^300 | 3986 | 80 |
| iv_498 | 2.9959735175070146 × 10^299 | 4008 | 80 |
| iv_507 | 1.5875357980524997 × 10^300 | 4184 | 81 |
| iv_501 | 1.4450709108959058 × 10^300 | 4176 | 86 |
| iv_504 | 5.687711171357311 × 10^300 | 3978 | 86 |

## Input Bit Co-occurrences

### Input Bit Co-occurrences Sorted by Co-occurrences

| Input Bits | Co-occurrences | Potential Occurrences | Output Co-occurrences | Potential Output Occurrences |
|:----------:|:--------------:|:---------------------:|:---------------------:|:----------------------------:|
| iv_501-iv_507 | 2013 | 4334 | 41 | 85 |
| iv_501-iv_506 | 1992 | 4349 | 44 | 75 |
| iv_497-iv_506 | 1987 | 4266 | 40 | 68 |
| iv_506-iv_507 | 1982 | 4377 | 41 | 76 |
| iv_501-iv_504 | 1982 | 4190 | 46 | 80 |
| iv_497-iv_501 | 1971 | 4317 | 37 | 83 |
| iv_497-iv_507 | 1959 | 4349 | 33 | 86 |
| iv_499-iv_501 | 1958 | 4273 | 42 | 79 |
| iv_505-iv_506 | 1937 | 4269 | 38 | 81 |

### Input Bit Co-occurrences Sorted by Potential Occurrences

| Input Bits | Co-occurrences | Potential Occurrences | Output Co-occurrences | Potential Output Occurrences |
|:----------:|:--------------:|:---------------------:|:---------------------:|:----------------------------:|
| iv_504-iv_505 | 1896 | 4172 | 46 | 74 |
| iv_501-iv_504 | 1982 | 4190 | 46 | 80 |
| iv_499-iv_504 | 1894 | 4203 | 41 | 81 |
| iv_499-iv_505 | 1888 | 4223 | 34 | 89 |
| iv_497-iv_502 | 1903 | 4229 | 36 | 78 |
| iv_498-iv_504 | 1878 | 4230 | 43 | 80 |
| iv_497-iv_499 | 1931 | 4234 | 40 | 68 |
| iv_502-iv_504 | 1844 | 4242 | 47 | 71 |
| iv_497-iv_506 | 1987 | 4266 | 40 | 68 |

### Input Bit Output Co-occurrences Sorted by Output Co-occurrences

| Input Bits | Co-occurrences | Potential Occurrences | Output Co-occurrences | Potential Output Occurrences |
|:----------:|:--------------:|:---------------------:|:---------------------:|:----------------------------:|
| iv_502-iv_504 | 1844 | 4242 | 47 | 71 |
| iv_501-iv_504 | 1982 | 4190 | 46 | 80 |
| iv_504-iv_505 | 1896 | 4172 | 46 | 74 |
| iv_498-iv_501 | 1891 | 4402 | 45 | 76 |
| iv_501-iv_506 | 1992 | 4349 | 44 | 75 |
| iv_504-iv_506 | 1909 | 4317 | 44 | 75 |
| iv_499-iv_507 | 1920 | 4357 | 43 | 72 |
| iv_498-iv_505 | 1841 | 4312 | 43 | 74 |
| iv_498-iv_504 | 1878 | 4230 | 43 | 80 |

### Input Bit Output Co-occurrences Sorted by Potential Output Occurrences

| Input Bits | Co-occurrences | Potential Occurrences | Output Co-occurrences | Potential Output Occurrences |
|:----------:|:--------------:|:---------------------:|:---------------------:|:----------------------------:|
| iv_497-iv_499 | 1931 | 4234 | 40 | 68 |
| iv_497-iv_506 | 1987 | 4266 | 40 | 68 |
| iv_502-iv_504 | 1844 | 4242 | 47 | 71 |
| iv_499-iv_507 | 1920 | 4357 | 43 | 72 |
| iv_504-iv_505 | 1896 | 4172 | 46 | 74 |
| iv_498-iv_505 | 1841 | 4312 | 43 | 74 |
| iv_497-iv_498 | 1851 | 4389 | 38 | 75 |
| iv_501-iv_506 | 1992 | 4349 | 44 | 75 |
| iv_504-iv_506 | 1909 | 4317 | 44 | 75 |

## Output Bits

### Output Bits in Regular Order

| Rank | Output Bit | Complexity |
|:----:|:----------:|:----------:|
| 1 | ov_001 | 3.341063765751163 × 10^300 |
| 2 | ov_002 | 2.8929707333229304 × 10^300 |
| 3 | ov_003 | 2.4920419458772305 × 10^300 |
| 4 | ov_004 | 2.134673185485781 × 10^300 |
| 5 | ov_005 | 1.8174574109558053 × 10^300 |
| 6 | ov_006 | 1.5371707311208884 × 10^300 |
| 7 | ov_007 | 1.2907601912711819 × 10^300 |
| 8 | ov_008 | 1.0753332559494995 × 10^300 |
| 9 | ov_009 | 8.881488430113166 × 10^299 |
| 10 | ov_010 | 7.266097371992206 × 10^299 |
| 11 | ov_011 | 5.882562191101332 × 10^299 |
| 12 | ov_012 | 4.707607745925856 × 10^299 |
| 13 | ov_013 | 3.7192375933392715 × 10^299 |
| 14 | ov_014 | 2.8966989157711517 × 10^299 |
| 15 | ov_015 | 2.220454614635719 × 10^299 |
| 16 | ov_016 | 1.6721615490509658 × 10^299 |
| 17 | ov_017 | 1.23465383536021 × 10^299 |
| 18 | ov_018 | 8.919301375644623 × 10^298 |
| 19 | ov_019 | 6.291440210937068 × 10^298 |
| 20 | ov_020 | 4.325966776793016 × 10^298 |
| 21 | ov_021 | 2.8973154697137734 × 10^298 |
| 22 | ov_022 | 1.8913046204391518 × 10^298 |
| 23 | ov_023 | 1.2051099212595164 × 10^298 |
| 24 | ov_024 | 7.472470207594474 × 10^297 |
| 25 | ov_025 | 4.375609428650771 × 10^297 |
| 26 | ov_026 | 2.3880558126571797 × 10^297 |
| 27 | ov_027 | 1.1939570861864501 × 10^297 |
| 28 | ov_028 | 5.34062157116321 × 10^296 |
| 29 | ov_029 | 2.0571860615509417 × 10^296 |
| 30 | ov_030 | 6.287202562202281 × 10^295 |
| 31 | ov_031 | 1.2260387965457674 × 10^295 |
| 32 | lv_80_m31 | 2.3905749085680264 × 10^294 |
| 33 | ov_033 | 2.8829179404438853 × 10^295 |
| 34 | ov_034 | 2.502369632801177 × 10^295 |
| 35 | ov_035 | 2.1611215913777627 × 10^295 |
| 36 | ov_036 | 1.8573095481243774 × 10^295 |
| 37 | ov_037 | 1.5875007150744497 × 10^295 |
| 38 | ov_038 | 1.3484432241994662 × 10^295 |
| 39 | ov_039 | 1.137054246005613 × 10^295 |
| 40 | ov_040 | 9.504098258153948 × 10^294 |
| 41 | ov_041 | 7.870865363092102 × 10^294 |
| 42 | ov_042 | 6.457341051212361 × 10^294 |
| 43 | ov_043 | 5.2507211936854595 × 10^294 |
| 44 | ov_044 | 4.227389489017687 × 10^294 |
| 45 | ov_045 | 3.365010201113649 × 10^294 |
| 46 | ov_046 | 2.6424962455560336 × 10^294 |
| 47 | ov_047 | 2.049612720811191 × 10^294 |
| 48 | ov_048 | 1.5677005396667885 × 10^294 |
| 49 | ov_049 | 1.1792904572698026 × 10^294 |
| 50 | ov_050 | 8.759437603299944 × 10^293 |
| 51 | ov_051 | 6.4254154115131324 × 10^293 |
| 52 | ov_052 | 4.651304525189166 × 10^293 |
| 53 | ov_053 | 3.3091862795753008 × 10^293 |
| 54 | ov_054 | 2.2827283336704835 × 10^293 |
| 55 | ov_055 | 1.5166582102356956 × 10^293 |
| 56 | ov_056 | 9.614833084306964 × 10^292 |
| 57 | ov_057 | 5.734863001582377 × 10^292 |
| 58 | ov_058 | 3.14722506242024 × 10^292 |
| 59 | ov_059 | 1.5301853325562737 × 10^292 |
| 60 | ov_060 | 6.197165540456985 × 10^291 |
| 61 | ov_061 | 2.0949591835889304 × 10^291 |
| 62 | ov_062 | 5.60907631015655 × 10^290 |
| 63 | ov_063 | 1.2399750765623 × 10^290 |
| 64 | lv_79_m31 | 2.4145872004334443 × 10^289 |
| 65 | ov_065 | 2.851474147394941 × 10^290 |
| 66 | ov_066 | 2.8514664548671964 × 10^290 |
| 67 | ov_067 | 2.8514646358039194 × 10^290 |
| 68 | ov_068 | 2.461609068511978 × 10^290 |
| 69 | ov_069 | 2.1134134900826386 × 10^290 |
| 70 | ov_070 | 1.803740636028989 × 10^290 |
| 71 | ov_071 | 1.5296004398883865 × 10^290 |
| 72 | ov_072 | 1.2881417197584177 × 10^290 |
| 73 | ov_073 | 1.0766457130702971 × 10^290 |
| 74 | ov_074 | 8.925210819929311 × 10^289 |
| 75 | ov_075 | 7.333000316166109 × 10^289 |
| 76 | ov_076 | 5.96635202097124 × 10^289 |
| 77 | ov_077 | 4.802970488866305 × 10^289 |
| 78 | ov_078 | 3.821715445097703 × 10^289 |
| 79 | ov_079 | 3.00258147887781 × 10^289 |
| 80 | ov_080 | 2.326680241124539 × 10^289 |
| 81 | ov_081 | 1.7762249773610585 × 10^289 |
| 82 | ov_082 | 1.3345172276517541 × 10^289 |
| 83 | ov_083 | 9.85935526340351 × 10^288 |
| 84 | ov_084 | 7.159259350013725 × 10^288 |
| 85 | ov_085 | 5.109942424741497 × 10^288 |
| 86 | ov_086 | 3.586996661626157 × 10^288 |
| 87 | ov_087 | 2.4764988898987228 × 10^288 |
| 88 | ov_088 | 1.674972665239358 × 10^288 |
| 89 | ov_089 | 1.0893603886425607 × 10^288 |
| 90 | ov_090 | 6.757350630850846 × 10^287 |
| 91 | ov_091 | 3.953654446489026 × 10^287 |
| 92 | ov_092 | 2.1471114747852484 × 10^287 |
| 93 | ov_093 | 1.054198928183907 × 10^287 |
| 94 | ov_094 | 4.432615768209652 × 10^286 |
| 95 | aaa_78_28 | 1.3450623349431219 × 10^286 |
| 96 | aaa_78_29 | 4.018766484057409 × 10^285 |
| 97 | ov_097 | 2.1273838652409952 × 10^285 |
| 98 | ov_098 | 2.1273567113008924 × 10^285 |
| 99 | ov_099 | 2.127348047755837 × 10^285 |
| 100 | ov_100 | 1.7415994398728372 × 10^285 |
| 101 | ov_101 | 1.4164951241396856 × 10^285 |
| 102 | ov_102 | 1.145341113081361 × 10^285 |
| 103 | ov_103 | 9.21807321933111 × 10^284 |
| 104 | ov_104 | 7.399009941465706 × 10^284 |
| 105 | ov_105 | 5.9394368257961376 × 10^284 |
| 106 | ov_106 | 4.7855145461695874 × 10^284 |
| 107 | ov_107 | 3.8861800614479246 × 10^284 |
| 108 | ov_108 | 3.193003854617233 × 10^284 |
| 109 | ov_109 | 2.6600704396561192 × 10^284 |
| 110 | ov_110 | 2.2438794590728074 × 10^284 |
| 111 | ov_111 | 1.9032648472686874 × 10^284 |
| 112 | ov_112 | 1.5993296855042934 × 10^284 |
| 113 | ov_113 | 1.329896792329436 × 10^284 |
| 114 | ov_114 | 1.0928198102949473 × 10^284 |
| 115 | ov_115 | 8.859755223521493 × 10^283 |
| 116 | ov_116 | 7.07257800082387 × 10^283 |
| 117 | ov_117 | 5.545730360795264 × 10^283 |
| 118 | ov_118 | 4.258367734970788 × 10^283 |
| 119 | ov_119 | 3.189711248564 × 10^283 |
| 120 | ov_120 | 2.3190274852924914 × 10^283 |
| 121 | ov_121 | 1.6256130917805833 × 10^283 |
| 122 | ov_122 | 1.0887834844784412 × 10^283 |
| 123 | ov_123 | 6.878649220546184 × 10^282 |
| 124 | ov_124 | 4.0218920621772785 × 10^282 |
| 125 | ov_125 | 2.1109045205991078 × 10^282 |
| 126 | ov_126 | 9.390350516923834 × 10^281 |
| 127 | aaa_77_28 | 2.996338885327974 × 10^281 |
| 128 | aaa_77_29 | 1.122072556021206 × 10^281 |
| 129 | ov_129 | 1.0261572692110007 × 10^281 |
| 130 | ov_130 | 1.0261548888205343 × 10^281 |
| 131 | ov_131 | 1.0261541326446621 × 10^281 |
| 132 | ov_132 | 8.86670671791639 × 10^280 |
| 133 | ov_133 | 7.620344579586935 × 10^280 |
| 134 | ov_134 | 6.5111710494233485 × 10^280 |
| 135 | ov_135 | 5.5284860503793095 × 10^280 |
| 136 | ov_136 | 4.662131544794533 × 10^280 |
| 137 | ov_137 | 3.902456157029178 × 10^280 |
| 138 | ov_138 | 3.240285502155869 × 10^280 |
| 139 | ov_139 | 2.6668975916093273 × 10^280 |
| 140 | ov_140 | 2.1740027189679356 × 10^280 |
| 141 | ov_141 | 1.7537272607181268 × 10^280 |
| 142 | ov_142 | 1.3986008581016512 × 10^280 |
| 143 | ov_143 | 1.1015464770992411 × 10^280 |
| 144 | ov_144 | 8.558728743605538 × 10^279 |
| 145 | ov_145 | 6.552690275178749 × 10^279 |
| 146 | ov_146 | 4.938001407419919 × 10^279 |
| 147 | ov_147 | 3.65904910635461 × 10^279 |
| 148 | ov_148 | 2.663937679806773 × 10^279 |
| 149 | ov_149 | 1.9044779747951298 × 10^279 |
| 150 | ov_150 | 1.3361806038888724 × 10^279 |
| 151 | ov_151 | 9.182512868369564 × 10^278 |
| 152 | ov_152 | 6.135874031852645 × 10^278 |
| 153 | ov_153 | 3.887754613658014 × 10^278 |
| 154 | ov_154 | 2.2803073399616497 × 10^278 |
| 155 | ov_155 | 1.1741181500252242 × 10^278 |
| 156 | aaa_76_25 | 4.482020184639161 × 10^277 |
| 157 | aaa_76_26 | 2.5462149958164436 × 10^277 |
| 158 | aaa_76_27 | 1.2674995620278798 × 10^277 |
| 159 | aaa_76_28 | 4.6162877186722864 × 10^276 |
| 160 | aaa_76_29 | 1.2247886391069686 × 10^276 |

### Output Bits Sorted by Complexity

| Rank | Output Bit | Complexity |
|:----:|:----------:|:----------:|
| 160 | aaa_76_29 | 1.2247886391069686 × 10^276 |
| 159 | aaa_76_28 | 4.6162877186722864 × 10^276 |
| 158 | aaa_76_27 | 1.2674995620278798 × 10^277 |
| 157 | aaa_76_26 | 2.5462149958164436 × 10^277 |
| 156 | aaa_76_25 | 4.482020184639161 × 10^277 |
| 155 | ov_155 | 1.1741181500252242 × 10^278 |
| 154 | ov_154 | 2.2803073399616497 × 10^278 |
| 153 | ov_153 | 3.887754613658014 × 10^278 |
| 152 | ov_152 | 6.135874031852645 × 10^278 |
| 151 | ov_151 | 9.182512868369564 × 10^278 |
| 150 | ov_150 | 1.3361806038888724 × 10^279 |
| 149 | ov_149 | 1.9044779747951298 × 10^279 |
| 148 | ov_148 | 2.663937679806773 × 10^279 |
| 147 | ov_147 | 3.65904910635461 × 10^279 |
| 146 | ov_146 | 4.938001407419919 × 10^279 |
| 145 | ov_145 | 6.552690275178749 × 10^279 |
| 144 | ov_144 | 8.558728743605538 × 10^279 |
| 143 | ov_143 | 1.1015464770992411 × 10^280 |
| 142 | ov_142 | 1.3986008581016512 × 10^280 |
| 141 | ov_141 | 1.7537272607181268 × 10^280 |
| 140 | ov_140 | 2.1740027189679356 × 10^280 |
| 139 | ov_139 | 2.6668975916093273 × 10^280 |
| 138 | ov_138 | 3.240285502155869 × 10^280 |
| 137 | ov_137 | 3.902456157029178 × 10^280 |
| 136 | ov_136 | 4.662131544794533 × 10^280 |
| 135 | ov_135 | 5.5284860503793095 × 10^280 |
| 134 | ov_134 | 6.5111710494233485 × 10^280 |
| 133 | ov_133 | 7.620344579586935 × 10^280 |
| 132 | ov_132 | 8.86670671791639 × 10^280 |
| 131 | ov_131 | 1.0261541326446621 × 10^281 |
| 130 | ov_130 | 1.0261548888205343 × 10^281 |
| 129 | ov_129 | 1.0261572692110007 × 10^281 |
| 128 | aaa_77_29 | 1.122072556021206 × 10^281 |
| 127 | aaa_77_28 | 2.996338885327974 × 10^281 |
| 126 | ov_126 | 9.390350516923834 × 10^281 |
| 125 | ov_125 | 2.1109045205991078 × 10^282 |
| 124 | ov_124 | 4.0218920621772785 × 10^282 |
| 123 | ov_123 | 6.878649220546184 × 10^282 |
| 122 | ov_122 | 1.0887834844784412 × 10^283 |
| 121 | ov_121 | 1.6256130917805833 × 10^283 |
| 120 | ov_120 | 2.3190274852924914 × 10^283 |
| 119 | ov_119 | 3.189711248564 × 10^283 |
| 118 | ov_118 | 4.258367734970788 × 10^283 |
| 117 | ov_117 | 5.545730360795264 × 10^283 |
| 116 | ov_116 | 7.07257800082387 × 10^283 |
| 115 | ov_115 | 8.859755223521493 × 10^283 |
| 114 | ov_114 | 1.0928198102949473 × 10^284 |
| 113 | ov_113 | 1.329896792329436 × 10^284 |
| 112 | ov_112 | 1.5993296855042934 × 10^284 |
| 111 | ov_111 | 1.9032648472686874 × 10^284 |
| 110 | ov_110 | 2.2438794590728074 × 10^284 |
| 109 | ov_109 | 2.6600704396561192 × 10^284 |
| 108 | ov_108 | 3.193003854617233 × 10^284 |
| 107 | ov_107 | 3.8861800614479246 × 10^284 |
| 106 | ov_106 | 4.7855145461695874 × 10^284 |
| 105 | ov_105 | 5.9394368257961376 × 10^284 |
| 104 | ov_104 | 7.399009941465706 × 10^284 |
| 103 | ov_103 | 9.21807321933111 × 10^284 |
| 102 | ov_102 | 1.145341113081361 × 10^285 |
| 101 | ov_101 | 1.4164951241396856 × 10^285 |
| 100 | ov_100 | 1.7415994398728372 × 10^285 |
| 99 | ov_099 | 2.127348047755837 × 10^285 |
| 98 | ov_098 | 2.1273567113008924 × 10^285 |
| 97 | ov_097 | 2.1273838652409952 × 10^285 |
| 96 | aaa_78_29 | 4.018766484057409 × 10^285 |
| 95 | aaa_78_28 | 1.3450623349431219 × 10^286 |
| 94 | ov_094 | 4.432615768209652 × 10^286 |
| 93 | ov_093 | 1.054198928183907 × 10^287 |
| 92 | ov_092 | 2.1471114747852484 × 10^287 |
| 91 | ov_091 | 3.953654446489026 × 10^287 |
| 90 | ov_090 | 6.757350630850846 × 10^287 |
| 89 | ov_089 | 1.0893603886425607 × 10^288 |
| 88 | ov_088 | 1.674972665239358 × 10^288 |
| 87 | ov_087 | 2.4764988898987228 × 10^288 |
| 86 | ov_086 | 3.586996661626157 × 10^288 |
| 85 | ov_085 | 5.109942424741497 × 10^288 |
| 84 | ov_084 | 7.159259350013725 × 10^288 |
| 83 | ov_083 | 9.85935526340351 × 10^288 |
| 82 | ov_082 | 1.3345172276517541 × 10^289 |
| 81 | ov_081 | 1.7762249773610585 × 10^289 |
| 80 | ov_080 | 2.326680241124539 × 10^289 |
| 64 | lv_79_m31 | 2.4145872004334443 × 10^289 |
| 79 | ov_079 | 3.00258147887781 × 10^289 |
| 78 | ov_078 | 3.821715445097703 × 10^289 |
| 77 | ov_077 | 4.802970488866305 × 10^289 |
| 76 | ov_076 | 5.96635202097124 × 10^289 |
| 75 | ov_075 | 7.333000316166109 × 10^289 |
| 74 | ov_074 | 8.925210819929311 × 10^289 |
| 73 | ov_073 | 1.0766457130702971 × 10^290 |
| 63 | ov_063 | 1.2399750765623 × 10^290 |
| 72 | ov_072 | 1.2881417197584177 × 10^290 |
| 71 | ov_071 | 1.5296004398883865 × 10^290 |
| 70 | ov_070 | 1.803740636028989 × 10^290 |
| 69 | ov_069 | 2.1134134900826386 × 10^290 |
| 68 | ov_068 | 2.461609068511978 × 10^290 |
| 67 | ov_067 | 2.8514646358039194 × 10^290 |
| 66 | ov_066 | 2.8514664548671964 × 10^290 |
| 65 | ov_065 | 2.851474147394941 × 10^290 |
| 62 | ov_062 | 5.60907631015655 × 10^290 |
| 61 | ov_061 | 2.0949591835889304 × 10^291 |
| 60 | ov_060 | 6.197165540456985 × 10^291 |
| 59 | ov_059 | 1.5301853325562737 × 10^292 |
| 58 | ov_058 | 3.14722506242024 × 10^292 |
| 57 | ov_057 | 5.734863001582377 × 10^292 |
| 56 | ov_056 | 9.614833084306964 × 10^292 |
| 55 | ov_055 | 1.5166582102356956 × 10^293 |
| 54 | ov_054 | 2.2827283336704835 × 10^293 |
| 53 | ov_053 | 3.3091862795753008 × 10^293 |
| 52 | ov_052 | 4.651304525189166 × 10^293 |
| 51 | ov_051 | 6.4254154115131324 × 10^293 |
| 50 | ov_050 | 8.759437603299944 × 10^293 |
| 49 | ov_049 | 1.1792904572698026 × 10^294 |
| 48 | ov_048 | 1.5677005396667885 × 10^294 |
| 47 | ov_047 | 2.049612720811191 × 10^294 |
| 32 | lv_80_m31 | 2.3905749085680264 × 10^294 |
| 46 | ov_046 | 2.6424962455560336 × 10^294 |
| 45 | ov_045 | 3.365010201113649 × 10^294 |
| 44 | ov_044 | 4.227389489017687 × 10^294 |
| 43 | ov_043 | 5.2507211936854595 × 10^294 |
| 42 | ov_042 | 6.457341051212361 × 10^294 |
| 41 | ov_041 | 7.870865363092102 × 10^294 |
| 40 | ov_040 | 9.504098258153948 × 10^294 |
| 39 | ov_039 | 1.137054246005613 × 10^295 |
| 31 | ov_031 | 1.2260387965457674 × 10^295 |
| 38 | ov_038 | 1.3484432241994662 × 10^295 |
| 37 | ov_037 | 1.5875007150744497 × 10^295 |
| 36 | ov_036 | 1.8573095481243774 × 10^295 |
| 35 | ov_035 | 2.1611215913777627 × 10^295 |
| 34 | ov_034 | 2.502369632801177 × 10^295 |
| 33 | ov_033 | 2.8829179404438853 × 10^295 |
| 30 | ov_030 | 6.287202562202281 × 10^295 |
| 29 | ov_029 | 2.0571860615509417 × 10^296 |
| 28 | ov_028 | 5.34062157116321 × 10^296 |
| 27 | ov_027 | 1.1939570861864501 × 10^297 |
| 26 | ov_026 | 2.3880558126571797 × 10^297 |
| 25 | ov_025 | 4.375609428650771 × 10^297 |
| 24 | ov_024 | 7.472470207594474 × 10^297 |
| 23 | ov_023 | 1.2051099212595164 × 10^298 |
| 22 | ov_022 | 1.8913046204391518 × 10^298 |
| 21 | ov_021 | 2.8973154697137734 × 10^298 |
| 20 | ov_020 | 4.325966776793016 × 10^298 |
| 19 | ov_019 | 6.291440210937068 × 10^298 |
| 18 | ov_018 | 8.919301375644623 × 10^298 |
| 17 | ov_017 | 1.23465383536021 × 10^299 |
| 16 | ov_016 | 1.6721615490509658 × 10^299 |
| 15 | ov_015 | 2.220454614635719 × 10^299 |
| 14 | ov_014 | 2.8966989157711517 × 10^299 |
| 13 | ov_013 | 3.7192375933392715 × 10^299 |
| 12 | ov_012 | 4.707607745925856 × 10^299 |
| 11 | ov_011 | 5.882562191101332 × 10^299 |
| 10 | ov_010 | 7.266097371992206 × 10^299 |
| 9 | ov_009 | 8.881488430113166 × 10^299 |
| 8 | ov_008 | 1.0753332559494995 × 10^300 |
| 7 | ov_007 | 1.2907601912711819 × 10^300 |
| 6 | ov_006 | 1.5371707311208884 × 10^300 |
| 5 | ov_005 | 1.8174574109558053 × 10^300 |
| 4 | ov_004 | 2.134673185485781 × 10^300 |
| 3 | ov_003 | 2.4920419458772305 × 10^300 |
| 2 | ov_002 | 2.8929707333229304 × 10^300 |
| 1 | ov_001 | 3.341063765751163 × 10^300 |

