# Results for F001-F002-F003-F004-F005-F006-F007-F008-F009-F010-F011-F012-F013-F014-F015-F016-F017-F018-F019-F020-F021-F022-F023-F024-F025-F026-F027-F028-F029-F030-F031-F032-F033-F034-F035-F036-F037-F038-F039-F040-F041-F042-F043-F044-F045-F046-F047-F048-F049-F050-F051-F052-F053-F054-F055-F056-F057-F058-F059-F060-F061-F062-F063-F064-F065-F066-F067-F068-F069-F070-F071-F072-F073-F074-F075-F076-F077-F078-F079-F080-F081-F082-F083-F084-F085-F086-F087-F088-F089-F090-F091-F092-F093-F094-F095-F096-F097-F098-F099-F100-F101-F102-F103-F104-F105-F106-F107-F108-F109-F110-F111-F112-F113-F114-F115-F116-F117-F118-F119-F120-F121-F122-F123-F124-F125-F126-F127-F128-F129-F130-F131-F132-F133-F134-F135-F136-F137-F138-F139-F140-F141-F142-F143-F144-F145-F146-F147-F148-F149-F150-F151-F152-F153-F154-F155-F156-F157-F158-F159-F160-F161-F162-F163-F164-F165-F166-F167-F168-F169-F170-F171-F172-F173-F174-F175-F176-F177-F178-F179-F180-F181-F182-F183-F184-F185-F186-F187-F188-F189-F190-F191-F192-F193-F194-F195-F196-F197-F198-F199-F200-F201-F202-F203-F204-F205-F206-F207-F208-F209-F210-F211-F212-F213-F214-F215-F216-F217-F218-F219-F220-F221-F222-F223-F224-F225-F226-F227-F228-F229-F230-F231-F232-F233-F234-F235-F236-F237-F238-F239-F240-F241-F242-F243-F244-F245-F246-F247-F248-F249-F250-F251-F252-F253-F254-F255-F256-F257-F258-F259-F260-F261-F262-F263-F264-F265-F266-F267-F268-F269-F270-F271-F272-F273-F274-F275-F276-F277-F278-F279-F280-F281-F282-F283-F284-F285-F286-F287-F288-F289-F290-F291-F292-F293-F294-F295-F296-F297-F298-F299-F300-F301-F302-F303-F304-F305-F306-F307-F308-F309-F310-F311-F312-F313-F314-F315-F316-F317-F318-F319-F320-F321-F322-F323-F324-F325-F326-F327-F328-F329-F330-F331-F332-F333-F334-F335-F336-F337-F338-F339-F340-F341-F342-F343-F344-F345-F346-F347-F348-F349-F350-F351-F352-F353-F354-F355-F356-F357-F358-F359-F360-F361-F362-F363-F364-F365-F366-F367-F368-F369-F370-F371-F372-F373-F374-F375-F376-F377-F378-F379-F380-F381-F382-F383-F384-F385-F386-F387-F388-F389-F390-F391-F392-F393-F394-F395-F396-F397-F398-F399-F400-F401-F402-F403-F404-F405-F406-F407-F408-F409-F410-F411-F412-F413-F414-F415-F416-F417-F418-F419-F420-F421-F422-F423-F424-F425-F426-F427-F428-F429-F430-F431-F432-F433-F434-F435-F436-F437-F438-F439-F440-F441-F442-F443-F444-F445-F446-F447-F448-F449-F450-F451-F452-F453-F454-F455-F456-F457-F458-F459-F460-F461-F462-F463-F464-F465-F466-F467-F468-F469-F470-F471-F472-F473-F474-F475-F476-F477-F478-F479-F480-F481-F482-F483-F484-F485-F486-F487-F488-F489-F490-F491-F492-F493-F494-F495-F496-O498503-O500505-F508-F509-F510-F511-F512

## Summary

Number of input bits: 512  
Number of free input bits: 9  
Number of output bits: 160

Number of direct occurrences: 36236  
Number of assignments: 30855  
Number of operations: 10793389
(xor: 10765533,
and: 14663,
or: 13193)

Total complexity: 2.7435726124123313 × 10^297

Least occurring input variable: iv_502 (3790)  
Most occurring input variable: iv_498 (4225)

Most co-occurring input variables: iv_500-iv_507 (2005)  
Least co-occurring input variables: iv_499-iv_502 (1723)

Potentially most occurring input variable: iv_498/iv_500 (4537)  
Potentially least occurring input variable: iv_501/iv_504 (4092)

Least output occurring input variable: iv_498 (68)  
Most output occurring input variable: iv_506 (93)

Most output co-occurring input variables: iv_506-iv_507 (60)  
Least output co-occurring input variables: iv_502-iv_504 (27)

Potentially most output occurring input variable: iv_498/iv_507 (94)  
Potentially least output occurring input variable: iv_506/iv_507 (61)

Least complex input bit: iv_497 (1.6317700365828318 × 10^295)  
Most complex input bit: iv_500 (8.917639036604888 × 10^296)

Least complex output bit: aaa_76_29 (2.0345358024391626 × 10^272)  
Most complex output bit: ov_001 (4.427025231874628 × 10^296)

Least complex input/output complexity: iv_497/aaa_76_29 (1.2100625825449365 × 10^270)  
Most complex input/output complexity: iv_500/ov_001 (1.4389490857720636 × 10^296)

## Input Bits

### Input Bits in Regular Order

| Input Bit | Complexity | Occurrences | Output Occurrences |
|:---------:|:----------:|:-----------:|:------------------:|
| iv_497 | 1.6317700365828318 × 10^295 | 4003 | 77 |
| iv_498 | 4.3093836239136196 × 10^296 | 4225 | 68 |
| iv_499 | 5.724123015232919 × 10^295 | 3858 | 72 |
| iv_500 | 8.917639036604888 × 10^296 | 4218 | 82 |
| iv_501 | 1.5701661876185345 × 10^296 | 4025 | 80 |
| iv_502 | 2.521834928026343 × 10^296 | 3790 | 71 |
| iv_504 | 6.179900791727063 × 10^296 | 3887 | 69 |
| iv_506 | 1.4762800156913497 × 10^296 | 4066 | 93 |
| iv_507 | 1.7249322353599684 × 10^296 | 4164 | 88 |

### Input Bits Sorted by Complexity

| Input Bit | Complexity | Occurrences | Output Occurrences |
|:---------:|:----------:|:-----------:|:------------------:|
| iv_497 | 1.6317700365828318 × 10^295 | 4003 | 77 |
| iv_499 | 5.724123015232919 × 10^295 | 3858 | 72 |
| iv_506 | 1.4762800156913497 × 10^296 | 4066 | 93 |
| iv_501 | 1.5701661876185345 × 10^296 | 4025 | 80 |
| iv_507 | 1.7249322353599684 × 10^296 | 4164 | 88 |
| iv_502 | 2.521834928026343 × 10^296 | 3790 | 71 |
| iv_498 | 4.3093836239136196 × 10^296 | 4225 | 68 |
| iv_504 | 6.179900791727063 × 10^296 | 3887 | 69 |
| iv_500 | 8.917639036604888 × 10^296 | 4218 | 82 |

### Input Bits Sorted by Occurrences

| Input Bit | Complexity | Occurrences | Output Occurrences |
|:---------:|:----------:|:-----------:|:------------------:|
| iv_502 | 2.521834928026343 × 10^296 | 3790 | 71 |
| iv_499 | 5.724123015232919 × 10^295 | 3858 | 72 |
| iv_504 | 6.179900791727063 × 10^296 | 3887 | 69 |
| iv_497 | 1.6317700365828318 × 10^295 | 4003 | 77 |
| iv_501 | 1.5701661876185345 × 10^296 | 4025 | 80 |
| iv_506 | 1.4762800156913497 × 10^296 | 4066 | 93 |
| iv_507 | 1.7249322353599684 × 10^296 | 4164 | 88 |
| iv_500 | 8.917639036604888 × 10^296 | 4218 | 82 |
| iv_498 | 4.3093836239136196 × 10^296 | 4225 | 68 |

### Input Bits Sorted by Output Occurrences

| Input Bit | Complexity | Occurrences | Output Occurrences |
|:---------:|:----------:|:-----------:|:------------------:|
| iv_498 | 4.3093836239136196 × 10^296 | 4225 | 68 |
| iv_504 | 6.179900791727063 × 10^296 | 3887 | 69 |
| iv_502 | 2.521834928026343 × 10^296 | 3790 | 71 |
| iv_499 | 5.724123015232919 × 10^295 | 3858 | 72 |
| iv_497 | 1.6317700365828318 × 10^295 | 4003 | 77 |
| iv_501 | 1.5701661876185345 × 10^296 | 4025 | 80 |
| iv_500 | 8.917639036604888 × 10^296 | 4218 | 82 |
| iv_507 | 1.7249322353599684 × 10^296 | 4164 | 88 |
| iv_506 | 1.4762800156913497 × 10^296 | 4066 | 93 |

## Input Bit Co-occurrences

### Input Bit Co-occurrences Sorted by Co-occurrences

| Input Bits | Co-occurrences | Potential Occurrences | Output Co-occurrences | Potential Output Occurrences |
|:----------:|:--------------:|:---------------------:|:---------------------:|:----------------------------:|
| iv_500-iv_507 | 2005 | 4372 | 45 | 80 |
| iv_500-iv_501 | 2004 | 4235 | 43 | 76 |
| iv_506-iv_507 | 1985 | 4260 | 60 | 61 |
| iv_500-iv_506 | 1980 | 4324 | 48 | 79 |
| iv_498-iv_507 | 1969 | 4451 | 31 | 94 |
| iv_498-iv_501 | 1962 | 4326 | 35 | 78 |
| iv_501-iv_507 | 1955 | 4279 | 45 | 78 |
| iv_498-iv_500 | 1953 | 4537 | 31 | 88 |
| iv_498-iv_506 | 1942 | 4407 | 40 | 81 |

### Input Bit Co-occurrences Sorted by Potential Occurrences

| Input Bits | Co-occurrences | Potential Occurrences | Output Co-occurrences | Potential Output Occurrences |
|:----------:|:--------------:|:---------------------:|:---------------------:|:----------------------------:|
| iv_501-iv_504 | 1910 | 4092 | 39 | 71 |
| iv_499-iv_504 | 1813 | 4119 | 31 | 79 |
| iv_502-iv_506 | 1845 | 4166 | 41 | 82 |
| iv_497-iv_499 | 1836 | 4189 | 35 | 79 |
| iv_499-iv_502 | 1723 | 4202 | 32 | 79 |
| iv_504-iv_506 | 1869 | 4215 | 37 | 88 |
| iv_502-iv_504 | 1731 | 4215 | 27 | 86 |
| iv_499-iv_501 | 1831 | 4221 | 36 | 80 |
| iv_504-iv_507 | 1913 | 4225 | 40 | 77 |

### Input Bit Output Co-occurrences Sorted by Output Co-occurrences

| Input Bits | Co-occurrences | Potential Occurrences | Output Co-occurrences | Potential Output Occurrences |
|:----------:|:--------------:|:---------------------:|:---------------------:|:----------------------------:|
| iv_506-iv_507 | 1985 | 4260 | 60 | 61 |
| iv_500-iv_506 | 1980 | 4324 | 48 | 79 |
| iv_500-iv_507 | 2005 | 4372 | 45 | 80 |
| iv_501-iv_507 | 1955 | 4279 | 45 | 78 |
| iv_500-iv_501 | 2004 | 4235 | 43 | 76 |
| iv_501-iv_506 | 1873 | 4345 | 43 | 87 |
| iv_500-iv_502 | 1840 | 4328 | 43 | 67 |
| iv_499-iv_506 | 1849 | 4226 | 43 | 79 |
| iv_502-iv_506 | 1845 | 4166 | 41 | 82 |

### Input Bit Output Co-occurrences Sorted by Potential Output Occurrences

| Input Bits | Co-occurrences | Potential Occurrences | Output Co-occurrences | Potential Output Occurrences |
|:----------:|:--------------:|:---------------------:|:---------------------:|:----------------------------:|
| iv_506-iv_507 | 1985 | 4260 | 60 | 61 |
| iv_500-iv_502 | 1840 | 4328 | 43 | 67 |
| iv_501-iv_504 | 1910 | 4092 | 39 | 71 |
| iv_498-iv_499 | 1884 | 4315 | 33 | 74 |
| iv_497-iv_504 | 1829 | 4232 | 36 | 74 |
| iv_498-iv_504 | 1890 | 4332 | 31 | 75 |
| iv_500-iv_501 | 2004 | 4235 | 43 | 76 |
| iv_504-iv_507 | 1913 | 4225 | 40 | 77 |
| iv_501-iv_507 | 1955 | 4279 | 45 | 78 |

## Output Bits

### Output Bits in Regular Order

| Rank | Output Bit | Complexity |
|:----:|:----------:|:----------:|
| 1 | ov_001 | 4.427025231874628 × 10^296 |
| 2 | ov_002 | 3.8335259424696045 × 10^296 |
| 3 | ov_003 | 3.3024408387906485 × 10^296 |
| 4 | ov_004 | 2.829010140358289 × 10^296 |
| 5 | ov_005 | 2.4087336330538026 × 10^296 |
| 6 | ov_006 | 2.0373520253376856 × 10^296 |
| 7 | ov_007 | 1.7108307328589001 × 10^296 |
| 8 | ov_008 | 1.4253459463004584 × 10^296 |
| 9 | ov_009 | 1.1772728020933556 × 10^296 |
| 10 | ov_010 | 9.63175442506869 × 10^295 |
| 11 | ov_011 | 7.797987491361546 × 10^295 |
| 12 | ov_012 | 6.240615461165198 × 10^295 |
| 13 | ov_013 | 4.930510814793144 × 10^295 |
| 14 | ov_014 | 3.84018606979513 × 10^295 |
| 15 | ov_015 | 2.943758885122177 × 10^295 |
| 16 | ov_016 | 2.2169249092800786 × 10^295 |
| 17 | ov_017 | 1.6369369268085376 × 10^295 |
| 18 | ov_018 | 1.1825889731640464 × 10^295 |
| 19 | ov_019 | 8.342042649942168 × 10^294 |
| 20 | ov_020 | 5.736260853218328 × 10^294 |
| 21 | ov_021 | 3.842110339932891 × 10^294 |
| 22 | ov_022 | 2.508241799135455 × 10^294 |
| 23 | ov_023 | 1.598357090130759 × 10^294 |
| 24 | ov_024 | 9.91187192943012 × 10^293 |
| 25 | ov_025 | 5.8047871696542234 × 10^293 |
| 26 | ov_026 | 3.1685764065251714 × 10^293 |
| 27 | ov_027 | 1.5845283455507947 × 10^293 |
| 28 | ov_028 | 7.089504028328742 × 10^292 |
| 29 | ov_029 | 2.7316521050861566 × 10^292 |
| 30 | ov_030 | 8.350970072231507 × 10^291 |
| 31 | ov_031 | 1.6289780792910762 × 10^291 |
| 32 | lv_80_m31 | 3.1771411718219858 × 10^290 |
| 33 | ov_033 | 3.8006316427730516 × 10^291 |
| 34 | ov_034 | 3.296117606922384 × 10^291 |
| 35 | ov_035 | 2.8448294934020755 × 10^291 |
| 36 | ov_036 | 2.4422581809464423 × 10^291 |
| 37 | ov_037 | 2.0841365704694606 × 10^291 |
| 38 | ov_038 | 1.7664224532646652 × 10^291 |
| 39 | ov_039 | 1.485283742006843 × 10^291 |
| 40 | ov_040 | 1.2370858369126315 × 10^291 |
| 41 | ov_041 | 1.0200593572626772 × 10^291 |
| 42 | ov_042 | 8.325258568214 × 10^290 |
| 43 | ov_043 | 6.728937274713956 × 10^290 |
| 44 | ov_044 | 5.3822736119405976 × 10^290 |
| 45 | ov_045 | 4.257503295097237 × 10^290 |
| 46 | ov_046 | 3.328414165303392 × 10^290 |
| 47 | ov_047 | 2.5703150836996996 × 10^290 |
| 48 | ov_048 | 1.9600119943204042 × 10^290 |
| 49 | ov_049 | 1.4757898660457534 × 10^290 |
| 50 | ov_050 | 1.0973993285038757 × 10^290 |
| 51 | ov_051 | 8.060469208994886 × 10^289 |
| 52 | ov_052 | 5.843880246619606 × 10^289 |
| 53 | ov_053 | 4.165217923155616 × 10^289 |
| 54 | ov_054 | 2.8798760696630875 × 10^289 |
| 55 | ov_055 | 1.9191485887562746 × 10^289 |
| 56 | ov_056 | 1.2215140222048747 × 10^289 |
| 57 | ov_057 | 7.326298286650304 × 10^288 |
| 58 | ov_058 | 4.053291223327334 × 10^288 |
| 59 | ov_059 | 1.9961897856792592 × 10^288 |
| 60 | ov_060 | 8.267966560015316 × 10^287 |
| 61 | ov_061 | 2.886436773544368 × 10^287 |
| 62 | ov_062 | 7.91336492146002 × 10^286 |
| 63 | ov_063 | 1.5413393283484735 × 10^286 |
| 64 | lv_79_m31 | 3.001429037682326 × 10^285 |
| 65 | ov_065 | 3.5444909878332233 × 10^286 |
| 66 | ov_066 | 3.5444814265212266 × 10^286 |
| 67 | ov_067 | 3.5444791655610905 × 10^286 |
| 68 | ov_068 | 3.0598707137329195 × 10^286 |
| 69 | ov_069 | 2.627048039971711 × 10^286 |
| 70 | ov_070 | 2.24211128597611 × 10^286 |
| 71 | ov_071 | 1.9013435730133485 × 10^286 |
| 72 | ov_072 | 1.6012006691362223 × 10^286 |
| 73 | ov_073 | 1.338302953500011 × 10^286 |
| 74 | ov_074 | 1.1094292083946889 × 10^286 |
| 75 | ov_075 | 9.115117942067075 × 10^285 |
| 76 | ov_076 | 7.416327862115002 × 10^285 |
| 77 | ov_077 | 5.97020717917244 × 10^285 |
| 78 | ov_078 | 4.750477239874548 × 10^285 |
| 79 | ov_079 | 3.732270156349712 × 10^285 |
| 80 | ov_080 | 2.892106672385494 × 10^285 |
| 81 | ov_081 | 2.2078769314132602 × 10^285 |
| 82 | ov_082 | 1.658823937443824 × 10^285 |
| 83 | ov_083 | 1.2255295012172125 × 10^285 |
| 84 | ov_084 | 8.899024646520028 × 10^284 |
| 85 | ov_085 | 6.351689972653548 × 10^284 |
| 86 | ov_086 | 4.458647586382816 × 10^284 |
| 87 | ov_087 | 3.0782872126679702 × 10^284 |
| 88 | ov_088 | 2.0819844830586684 × 10^284 |
| 89 | ov_089 | 1.3540662080993269 × 10^284 |
| 90 | ov_090 | 8.399299636212948 × 10^283 |
| 91 | ov_091 | 4.914318772552968 × 10^283 |
| 92 | ov_092 | 2.6688052000675383 × 10^283 |
| 93 | ov_093 | 1.3103346941229063 × 10^283 |
| 94 | ov_094 | 5.509561907298334 × 10^282 |
| 95 | aaa_78_28 | 1.6718487862360813 × 10^282 |
| 96 | aaa_78_29 | 4.9950987484678746 × 10^281 |
| 97 | ov_097 | 2.644464839917628 × 10^281 |
| 98 | ov_098 | 2.6444307638799267 × 10^281 |
| 99 | ov_099 | 2.644419872627799 × 10^281 |
| 100 | ov_100 | 2.1648920740731852 × 10^281 |
| 101 | ov_101 | 1.7607709265726478 × 10^281 |
| 102 | ov_102 | 1.4237264553393116 × 10^281 |
| 103 | ov_103 | 1.1458832967320978 × 10^281 |
| 104 | ov_104 | 9.19787283057565 × 10^280 |
| 105 | ov_105 | 7.383764942029001 × 10^280 |
| 106 | ov_106 | 5.94956359501431 × 10^280 |
| 107 | ov_107 | 4.831784142050146 × 10^280 |
| 108 | ov_108 | 3.970223352431244 × 10^280 |
| 109 | ov_109 | 3.307809007353588 × 10^280 |
| 110 | ov_110 | 2.7904753711771775 × 10^280 |
| 111 | ov_111 | 2.3670613684783114 × 10^280 |
| 112 | ov_112 | 1.9892284855484816 × 10^280 |
| 113 | ov_113 | 1.6542701724924246 × 10^280 |
| 114 | ov_114 | 1.359518820553139 × 10^280 |
| 115 | ov_115 | 1.1023360942159442 × 10^280 |
| 116 | ov_116 | 8.801053127445756 × 10^279 |
| 117 | ov_117 | 6.902256957425677 × 10^279 |
| 118 | ov_118 | 5.301081123410695 × 10^279 |
| 119 | ov_119 | 3.9717182172334486 × 10^279 |
| 120 | ov_120 | 2.888419141448874 × 10^279 |
| 121 | ov_121 | 2.0254735989124854 × 10^279 |
| 122 | ov_122 | 1.357195736285187 × 10^279 |
| 123 | ov_123 | 8.579140160620065 × 10^278 |
| 124 | ov_124 | 5.019643917204102 × 10^278 |
| 125 | ov_125 | 2.6368608474497003 × 10^278 |
| 126 | ov_126 | 1.1741943335976048 × 10^278 |
| 127 | aaa_77_28 | 3.7505067984293943 × 10^277 |
| 128 | aaa_77_29 | 1.4063864209618493 × 10^277 |
| 129 | ov_129 | 1.2828270565643273 × 10^277 |
| 130 | ov_130 | 1.2828231009148953 × 10^277 |
| 131 | ov_131 | 1.2828221466624399 × 10^277 |
| 132 | ov_132 | 1.1111899200228454 × 10^277 |
| 133 | ov_133 | 9.569658304149309 × 10^276 |
| 134 | ov_134 | 8.187312094901867 × 10^276 |
| 135 | ov_135 | 6.957958750608746 × 10^276 |
| 136 | ov_136 | 5.868833537723443 × 10^276 |
| 137 | ov_137 | 4.9137191033109113 × 10^276 |
| 138 | ov_138 | 4.0810916400527665 × 10^276 |
| 139 | ov_139 | 3.3599973385076246 × 10^276 |
| 140 | ov_140 | 2.7400265352881054 × 10^276 |
| 141 | ov_141 | 2.2112928363622053 × 10^276 |
| 142 | ov_142 | 1.7644165661637426 × 10^276 |
| 143 | ov_143 | 1.390511930780937 × 10^276 |
| 144 | ov_144 | 1.0811773208626729 × 10^276 |
| 145 | ov_145 | 8.284882171115721 × 10^275 |
| 146 | ov_146 | 6.2499219836572144 × 10^275 |
| 147 | ov_147 | 4.637055893318504 × 10^275 |
| 148 | ov_148 | 3.381113220381043 × 10^275 |
| 149 | ov_149 | 2.4215762203681464 × 10^275 |
| 150 | ov_150 | 1.7025718470702625 × 10^275 |
| 151 | ov_151 | 1.1728660886150976 × 10^275 |
| 152 | ov_152 | 7.858597765264299 × 10^274 |
| 153 | ov_153 | 4.995855094526982 × 10^274 |
| 154 | ov_154 | 2.942172078695803 × 10^274 |
| 155 | ov_155 | 1.5224316526590688 × 10^274 |
| 156 | aaa_76_25 | 5.846554063707365 × 10^273 |
| 157 | aaa_76_26 | 3.3724372197865876 × 10^273 |
| 158 | aaa_76_27 | 1.724078955853138 × 10^273 |
| 159 | aaa_76_28 | 6.701475988529553 × 10^272 |
| 160 | aaa_76_29 | 2.0345358024391626 × 10^272 |

### Output Bits Sorted by Complexity

| Rank | Output Bit | Complexity |
|:----:|:----------:|:----------:|
| 160 | aaa_76_29 | 2.0345358024391626 × 10^272 |
| 159 | aaa_76_28 | 6.701475988529553 × 10^272 |
| 158 | aaa_76_27 | 1.724078955853138 × 10^273 |
| 157 | aaa_76_26 | 3.3724372197865876 × 10^273 |
| 156 | aaa_76_25 | 5.846554063707365 × 10^273 |
| 155 | ov_155 | 1.5224316526590688 × 10^274 |
| 154 | ov_154 | 2.942172078695803 × 10^274 |
| 153 | ov_153 | 4.995855094526982 × 10^274 |
| 152 | ov_152 | 7.858597765264299 × 10^274 |
| 151 | ov_151 | 1.1728660886150976 × 10^275 |
| 150 | ov_150 | 1.7025718470702625 × 10^275 |
| 149 | ov_149 | 2.4215762203681464 × 10^275 |
| 148 | ov_148 | 3.381113220381043 × 10^275 |
| 147 | ov_147 | 4.637055893318504 × 10^275 |
| 146 | ov_146 | 6.2499219836572144 × 10^275 |
| 145 | ov_145 | 8.284882171115721 × 10^275 |
| 144 | ov_144 | 1.0811773208626729 × 10^276 |
| 143 | ov_143 | 1.390511930780937 × 10^276 |
| 142 | ov_142 | 1.7644165661637426 × 10^276 |
| 141 | ov_141 | 2.2112928363622053 × 10^276 |
| 140 | ov_140 | 2.7400265352881054 × 10^276 |
| 139 | ov_139 | 3.3599973385076246 × 10^276 |
| 138 | ov_138 | 4.0810916400527665 × 10^276 |
| 137 | ov_137 | 4.9137191033109113 × 10^276 |
| 136 | ov_136 | 5.868833537723443 × 10^276 |
| 135 | ov_135 | 6.957958750608746 × 10^276 |
| 134 | ov_134 | 8.187312094901867 × 10^276 |
| 133 | ov_133 | 9.569658304149309 × 10^276 |
| 132 | ov_132 | 1.1111899200228454 × 10^277 |
| 131 | ov_131 | 1.2828221466624399 × 10^277 |
| 130 | ov_130 | 1.2828231009148953 × 10^277 |
| 129 | ov_129 | 1.2828270565643273 × 10^277 |
| 128 | aaa_77_29 | 1.4063864209618493 × 10^277 |
| 127 | aaa_77_28 | 3.7505067984293943 × 10^277 |
| 126 | ov_126 | 1.1741943335976048 × 10^278 |
| 125 | ov_125 | 2.6368608474497003 × 10^278 |
| 124 | ov_124 | 5.019643917204102 × 10^278 |
| 123 | ov_123 | 8.579140160620065 × 10^278 |
| 122 | ov_122 | 1.357195736285187 × 10^279 |
| 121 | ov_121 | 2.0254735989124854 × 10^279 |
| 120 | ov_120 | 2.888419141448874 × 10^279 |
| 119 | ov_119 | 3.9717182172334486 × 10^279 |
| 118 | ov_118 | 5.301081123410695 × 10^279 |
| 117 | ov_117 | 6.902256957425677 × 10^279 |
| 116 | ov_116 | 8.801053127445756 × 10^279 |
| 115 | ov_115 | 1.1023360942159442 × 10^280 |
| 114 | ov_114 | 1.359518820553139 × 10^280 |
| 113 | ov_113 | 1.6542701724924246 × 10^280 |
| 112 | ov_112 | 1.9892284855484816 × 10^280 |
| 111 | ov_111 | 2.3670613684783114 × 10^280 |
| 110 | ov_110 | 2.7904753711771775 × 10^280 |
| 109 | ov_109 | 3.307809007353588 × 10^280 |
| 108 | ov_108 | 3.970223352431244 × 10^280 |
| 107 | ov_107 | 4.831784142050146 × 10^280 |
| 106 | ov_106 | 5.94956359501431 × 10^280 |
| 105 | ov_105 | 7.383764942029001 × 10^280 |
| 104 | ov_104 | 9.19787283057565 × 10^280 |
| 103 | ov_103 | 1.1458832967320978 × 10^281 |
| 102 | ov_102 | 1.4237264553393116 × 10^281 |
| 101 | ov_101 | 1.7607709265726478 × 10^281 |
| 100 | ov_100 | 2.1648920740731852 × 10^281 |
| 99 | ov_099 | 2.644419872627799 × 10^281 |
| 98 | ov_098 | 2.6444307638799267 × 10^281 |
| 97 | ov_097 | 2.644464839917628 × 10^281 |
| 96 | aaa_78_29 | 4.9950987484678746 × 10^281 |
| 95 | aaa_78_28 | 1.6718487862360813 × 10^282 |
| 94 | ov_094 | 5.509561907298334 × 10^282 |
| 93 | ov_093 | 1.3103346941229063 × 10^283 |
| 92 | ov_092 | 2.6688052000675383 × 10^283 |
| 91 | ov_091 | 4.914318772552968 × 10^283 |
| 90 | ov_090 | 8.399299636212948 × 10^283 |
| 89 | ov_089 | 1.3540662080993269 × 10^284 |
| 88 | ov_088 | 2.0819844830586684 × 10^284 |
| 87 | ov_087 | 3.0782872126679702 × 10^284 |
| 86 | ov_086 | 4.458647586382816 × 10^284 |
| 85 | ov_085 | 6.351689972653548 × 10^284 |
| 84 | ov_084 | 8.899024646520028 × 10^284 |
| 83 | ov_083 | 1.2255295012172125 × 10^285 |
| 82 | ov_082 | 1.658823937443824 × 10^285 |
| 81 | ov_081 | 2.2078769314132602 × 10^285 |
| 80 | ov_080 | 2.892106672385494 × 10^285 |
| 64 | lv_79_m31 | 3.001429037682326 × 10^285 |
| 79 | ov_079 | 3.732270156349712 × 10^285 |
| 78 | ov_078 | 4.750477239874548 × 10^285 |
| 77 | ov_077 | 5.97020717917244 × 10^285 |
| 76 | ov_076 | 7.416327862115002 × 10^285 |
| 75 | ov_075 | 9.115117942067075 × 10^285 |
| 74 | ov_074 | 1.1094292083946889 × 10^286 |
| 73 | ov_073 | 1.338302953500011 × 10^286 |
| 63 | ov_063 | 1.5413393283484735 × 10^286 |
| 72 | ov_072 | 1.6012006691362223 × 10^286 |
| 71 | ov_071 | 1.9013435730133485 × 10^286 |
| 70 | ov_070 | 2.24211128597611 × 10^286 |
| 69 | ov_069 | 2.627048039971711 × 10^286 |
| 68 | ov_068 | 3.0598707137329195 × 10^286 |
| 67 | ov_067 | 3.5444791655610905 × 10^286 |
| 66 | ov_066 | 3.5444814265212266 × 10^286 |
| 65 | ov_065 | 3.5444909878332233 × 10^286 |
| 62 | ov_062 | 7.91336492146002 × 10^286 |
| 61 | ov_061 | 2.886436773544368 × 10^287 |
| 60 | ov_060 | 8.267966560015316 × 10^287 |
| 59 | ov_059 | 1.9961897856792592 × 10^288 |
| 58 | ov_058 | 4.053291223327334 × 10^288 |
| 57 | ov_057 | 7.326298286650304 × 10^288 |
| 56 | ov_056 | 1.2215140222048747 × 10^289 |
| 55 | ov_055 | 1.9191485887562746 × 10^289 |
| 54 | ov_054 | 2.8798760696630875 × 10^289 |
| 53 | ov_053 | 4.165217923155616 × 10^289 |
| 52 | ov_052 | 5.843880246619606 × 10^289 |
| 51 | ov_051 | 8.060469208994886 × 10^289 |
| 50 | ov_050 | 1.0973993285038757 × 10^290 |
| 49 | ov_049 | 1.4757898660457534 × 10^290 |
| 48 | ov_048 | 1.9600119943204042 × 10^290 |
| 47 | ov_047 | 2.5703150836996996 × 10^290 |
| 32 | lv_80_m31 | 3.1771411718219858 × 10^290 |
| 46 | ov_046 | 3.328414165303392 × 10^290 |
| 45 | ov_045 | 4.257503295097237 × 10^290 |
| 44 | ov_044 | 5.3822736119405976 × 10^290 |
| 43 | ov_043 | 6.728937274713956 × 10^290 |
| 42 | ov_042 | 8.325258568214 × 10^290 |
| 41 | ov_041 | 1.0200593572626772 × 10^291 |
| 40 | ov_040 | 1.2370858369126315 × 10^291 |
| 39 | ov_039 | 1.485283742006843 × 10^291 |
| 31 | ov_031 | 1.6289780792910762 × 10^291 |
| 38 | ov_038 | 1.7664224532646652 × 10^291 |
| 37 | ov_037 | 2.0841365704694606 × 10^291 |
| 36 | ov_036 | 2.4422581809464423 × 10^291 |
| 35 | ov_035 | 2.8448294934020755 × 10^291 |
| 34 | ov_034 | 3.296117606922384 × 10^291 |
| 33 | ov_033 | 3.8006316427730516 × 10^291 |
| 30 | ov_030 | 8.350970072231507 × 10^291 |
| 29 | ov_029 | 2.7316521050861566 × 10^292 |
| 28 | ov_028 | 7.089504028328742 × 10^292 |
| 27 | ov_027 | 1.5845283455507947 × 10^293 |
| 26 | ov_026 | 3.1685764065251714 × 10^293 |
| 25 | ov_025 | 5.8047871696542234 × 10^293 |
| 24 | ov_024 | 9.91187192943012 × 10^293 |
| 23 | ov_023 | 1.598357090130759 × 10^294 |
| 22 | ov_022 | 2.508241799135455 × 10^294 |
| 21 | ov_021 | 3.842110339932891 × 10^294 |
| 20 | ov_020 | 5.736260853218328 × 10^294 |
| 19 | ov_019 | 8.342042649942168 × 10^294 |
| 18 | ov_018 | 1.1825889731640464 × 10^295 |
| 17 | ov_017 | 1.6369369268085376 × 10^295 |
| 16 | ov_016 | 2.2169249092800786 × 10^295 |
| 15 | ov_015 | 2.943758885122177 × 10^295 |
| 14 | ov_014 | 3.84018606979513 × 10^295 |
| 13 | ov_013 | 4.930510814793144 × 10^295 |
| 12 | ov_012 | 6.240615461165198 × 10^295 |
| 11 | ov_011 | 7.797987491361546 × 10^295 |
| 10 | ov_010 | 9.63175442506869 × 10^295 |
| 9 | ov_009 | 1.1772728020933556 × 10^296 |
| 8 | ov_008 | 1.4253459463004584 × 10^296 |
| 7 | ov_007 | 1.7108307328589001 × 10^296 |
| 6 | ov_006 | 2.0373520253376856 × 10^296 |
| 5 | ov_005 | 2.4087336330538026 × 10^296 |
| 4 | ov_004 | 2.829010140358289 × 10^296 |
| 3 | ov_003 | 3.3024408387906485 × 10^296 |
| 2 | ov_002 | 3.8335259424696045 × 10^296 |
| 1 | ov_001 | 4.427025231874628 × 10^296 |

