# Results for F001-F002-F003-F004-F005-F006-F007-F008-F009-F010-F011-F012-F013-F014-F015-F016-F017-F018-F019-F020-F021-F022-F023-F024-F025-F026-F027-F028-F029-F030-F031-F032-F033-F034-F035-F036-F037-F038-F039-F040-F041-F042-F043-F044-F045-F046-F047-F048-F049-F050-F051-F052-F053-F054-F055-F056-F057-F058-F059-F060-F061-F062-F063-F064-F065-F066-F067-F068-F069-F070-F071-F072-F073-F074-F075-F076-F077-F078-F079-F080-F081-F082-F083-F084-F085-F086-F087-F088-F089-F090-F091-F092-F093-F094-F095-F096-F097-F098-F099-F100-F101-F102-F103-F104-F105-F106-F107-F108-F109-F110-F111-F112-F113-F114-F115-F116-F117-F118-F119-F120-F121-F122-F123-F124-F125-F126-F127-F128-F129-F130-F131-F132-F133-F134-F135-F136-F137-F138-F139-F140-F141-F142-F143-F144-F145-F146-F147-F148-F149-F150-F151-F152-F153-F154-F155-F156-F157-F158-F159-F160-F161-F162-F163-F164-F165-F166-F167-F168-F169-F170-F171-F172-F173-F174-F175-F176-F177-F178-F179-F180-F181-F182-F183-F184-F185-F186-F187-F188-F189-F190-F191-F192-F193-F194-F195-F196-F197-F198-F199-F200-F201-F202-F203-F204-F205-F206-F207-F208-F209-F210-F211-F212-F213-F214-F215-F216-F217-F218-F219-F220-F221-F222-F223-F224-F225-F226-F227-F228-F229-F230-F231-F232-F233-F234-F235-F236-F237-F238-F239-F240-F241-F242-F243-F244-F245-F246-F247-F248-F249-F250-F251-F252-F253-F254-F255-F256-F257-F258-F259-F260-F261-F262-F263-F264-F265-F266-F267-F268-F269-F270-F271-F272-F273-F274-F275-F276-F277-F278-F279-F280-F281-F282-F283-F284-F285-F286-F287-F288-F289-F290-F291-F292-F293-F294-F295-F296-F297-F298-F299-F300-F301-F302-F303-F304-F305-F306-F307-F308-F309-F310-F311-F312-F313-F314-F315-F316-F317-F318-F319-F320-F321-F322-F323-F324-F325-F326-F327-F328-F329-F330-F331-F332-F333-F334-F335-F336-F337-F338-F339-F340-F341-F342-F343-F344-F345-F346-F347-F348-F349-F350-F351-F352-F353-F354-F355-F356-F357-F358-F359-F360-F361-F362-F363-F364-F365-F366-F367-F368-F369-F370-F371-F372-F373-F374-F375-F376-F377-F378-F379-F380-F381-F382-F383-F384-F385-F386-F387-F388-F389-F390-F391-F392-F393-F394-F395-F396-F397-F398-F399-F400-F401-F402-F403-F404-F405-F406-F407-F408-F409-F410-F411-F412-F413-F414-F415-F416-F417-F418-F419-F420-F421-F422-F423-F424-F425-F426-F427-F428-F429-F430-F431-F432-F433-F434-F435-F436-F437-F438-F439-F440-F441-F442-F443-F444-F445-F446-F447-F448-F449-F450-F451-F452-F453-F454-F455-F456-F457-F458-F459-F460-F461-F462-F463-F464-F465-F466-F467-F468-F469-F470-F471-F472-F473-F474-F475-F476-F477-F478-F479-F480-F481-F482-F483-F484-F485-F486-F487-F488-F489-F490-F491-F492-F493-F494-F495-F496-E497502-E499505-E504506-F509-F510-F511-F512

## Summary

Number of input bits: 512  
Number of free input bits: 9  
Number of output bits: 160

Number of direct occurrences: 36607  
Number of assignments: 31019  
Number of operations: 10811758
(xor: 10783749,
and: 14733,
or: 13276)

Total complexity: 4.782520237484101 × 10^297

Least occurring input variable: iv_498 (3886)  
Most occurring input variable: iv_497 (4153)

Most co-occurring input variables: iv_507-iv_508 (2013)  
Least co-occurring input variables: iv_498-iv_504 (1778)

Potentially most occurring input variable: iv_497/iv_499 (4461)  
Potentially least occurring input variable: iv_498/iv_500 (4209)

Least output occurring input variable: iv_499 (57)  
Most output occurring input variable: iv_498 (88)

Most output co-occurring input variables: iv_498-iv_501 (48)  
Least output co-occurring input variables: iv_499-iv_501 (25)

Potentially most output occurring input variable: iv_499/iv_501 (90)  
Potentially least output occurring input variable: iv_499/iv_508 (68)

Least complex input bit: iv_498 (3.3966757761774907 × 10^295)  
Most complex input bit: iv_504 (1.1618963124938464 × 10^297)

Least complex output bit: aaa_76_29 (1.0776542413108362 × 10^273)  
Most complex output bit: ov_001 (7.650052809473883 × 10^296)

Least complex input/output complexity: iv_498/aaa_76_29 (7.653793135815488 × 10^270)  
Most complex input/output complexity: iv_504/ov_001 (1.8585531703650094 × 10^296)

## Input Bits

### Input Bits in Regular Order

| Input Bit | Complexity | Occurrences | Output Occurrences |
|:---------:|:----------:|:-----------:|:------------------:|
| iv_497 | 2.848889146107639 × 10^296 | 4153 | 71 |
| iv_498 | 3.3966757761774907 × 10^295 | 3886 | 88 |
| iv_499 | 1.0654090864013583 × 10^297 | 4116 | 57 |
| iv_500 | 1.0096409410897154 × 10^296 | 4065 | 76 |
| iv_501 | 1.6619073309470886 × 10^296 | 4030 | 83 |
| iv_503 | 4.24313899348809 × 10^296 | 3998 | 75 |
| iv_504 | 1.1618963124938464 × 10^297 | 4078 | 76 |
| iv_507 | 7.156083276874287 × 10^296 | 4132 | 76 |
| iv_508 | 8.292821119764385 × 10^296 | 4149 | 81 |

### Input Bits Sorted by Complexity

| Input Bit | Complexity | Occurrences | Output Occurrences |
|:---------:|:----------:|:-----------:|:------------------:|
| iv_498 | 3.3966757761774907 × 10^295 | 3886 | 88 |
| iv_500 | 1.0096409410897154 × 10^296 | 4065 | 76 |
| iv_501 | 1.6619073309470886 × 10^296 | 4030 | 83 |
| iv_497 | 2.848889146107639 × 10^296 | 4153 | 71 |
| iv_503 | 4.24313899348809 × 10^296 | 3998 | 75 |
| iv_507 | 7.156083276874287 × 10^296 | 4132 | 76 |
| iv_508 | 8.292821119764385 × 10^296 | 4149 | 81 |
| iv_499 | 1.0654090864013583 × 10^297 | 4116 | 57 |
| iv_504 | 1.1618963124938464 × 10^297 | 4078 | 76 |

### Input Bits Sorted by Occurrences

| Input Bit | Complexity | Occurrences | Output Occurrences |
|:---------:|:----------:|:-----------:|:------------------:|
| iv_498 | 3.3966757761774907 × 10^295 | 3886 | 88 |
| iv_503 | 4.24313899348809 × 10^296 | 3998 | 75 |
| iv_501 | 1.6619073309470886 × 10^296 | 4030 | 83 |
| iv_500 | 1.0096409410897154 × 10^296 | 4065 | 76 |
| iv_504 | 1.1618963124938464 × 10^297 | 4078 | 76 |
| iv_499 | 1.0654090864013583 × 10^297 | 4116 | 57 |
| iv_507 | 7.156083276874287 × 10^296 | 4132 | 76 |
| iv_508 | 8.292821119764385 × 10^296 | 4149 | 81 |
| iv_497 | 2.848889146107639 × 10^296 | 4153 | 71 |

### Input Bits Sorted by Output Occurrences

| Input Bit | Complexity | Occurrences | Output Occurrences |
|:---------:|:----------:|:-----------:|:------------------:|
| iv_499 | 1.0654090864013583 × 10^297 | 4116 | 57 |
| iv_497 | 2.848889146107639 × 10^296 | 4153 | 71 |
| iv_503 | 4.24313899348809 × 10^296 | 3998 | 75 |
| iv_504 | 1.1618963124938464 × 10^297 | 4078 | 76 |
| iv_500 | 1.0096409410897154 × 10^296 | 4065 | 76 |
| iv_507 | 7.156083276874287 × 10^296 | 4132 | 76 |
| iv_508 | 8.292821119764385 × 10^296 | 4149 | 81 |
| iv_501 | 1.6619073309470886 × 10^296 | 4030 | 83 |
| iv_498 | 3.3966757761774907 × 10^295 | 3886 | 88 |

## Input Bit Co-occurrences

### Input Bit Co-occurrences Sorted by Co-occurrences

| Input Bits | Co-occurrences | Potential Occurrences | Output Co-occurrences | Potential Output Occurrences |
|:----------:|:--------------:|:---------------------:|:---------------------:|:----------------------------:|
| iv_507-iv_508 | 2013 | 4255 | 43 | 71 |
| iv_497-iv_507 | 1997 | 4291 | 34 | 79 |
| iv_497-iv_501 | 1975 | 4233 | 36 | 82 |
| iv_497-iv_500 | 1965 | 4288 | 38 | 71 |
| iv_499-iv_508 | 1962 | 4341 | 35 | 68 |
| iv_500-iv_508 | 1962 | 4290 | 36 | 85 |
| iv_499-iv_507 | 1961 | 4326 | 29 | 75 |
| iv_500-iv_507 | 1958 | 4281 | 35 | 82 |
| iv_504-iv_508 | 1957 | 4313 | 36 | 85 |

### Input Bit Co-occurrences Sorted by Potential Occurrences

| Input Bits | Co-occurrences | Potential Occurrences | Output Co-occurrences | Potential Output Occurrences |
|:----------:|:--------------:|:---------------------:|:---------------------:|:----------------------------:|
| iv_498-iv_500 | 1871 | 4209 | 39 | 86 |
| iv_500-iv_501 | 1942 | 4211 | 41 | 77 |
| iv_501-iv_503 | 1901 | 4226 | 39 | 80 |
| iv_500-iv_503 | 1918 | 4227 | 39 | 73 |
| iv_498-iv_503 | 1828 | 4228 | 43 | 77 |
| iv_498-iv_501 | 1843 | 4230 | 48 | 75 |
| iv_497-iv_501 | 1975 | 4233 | 36 | 82 |
| iv_503-iv_504 | 1916 | 4244 | 36 | 79 |
| iv_507-iv_508 | 2013 | 4255 | 43 | 71 |

### Input Bit Output Co-occurrences Sorted by Output Co-occurrences

| Input Bits | Co-occurrences | Potential Occurrences | Output Co-occurrences | Potential Output Occurrences |
|:----------:|:--------------:|:---------------------:|:---------------------:|:----------------------------:|
| iv_498-iv_501 | 1843 | 4230 | 48 | 75 |
| iv_498-iv_508 | 1838 | 4359 | 45 | 79 |
| iv_498-iv_507 | 1876 | 4266 | 43 | 78 |
| iv_498-iv_503 | 1828 | 4228 | 43 | 77 |
| iv_507-iv_508 | 2013 | 4255 | 43 | 71 |
| iv_500-iv_501 | 1942 | 4211 | 41 | 77 |
| iv_501-iv_507 | 1916 | 4330 | 41 | 77 |
| iv_501-iv_508 | 1918 | 4343 | 40 | 84 |
| iv_501-iv_504 | 1871 | 4366 | 39 | 81 |

### Input Bit Output Co-occurrences Sorted by Potential Output Occurrences

| Input Bits | Co-occurrences | Potential Occurrences | Output Co-occurrences | Potential Output Occurrences |
|:----------:|:--------------:|:---------------------:|:---------------------:|:----------------------------:|
| iv_499-iv_508 | 1962 | 4341 | 35 | 68 |
| iv_497-iv_500 | 1965 | 4288 | 38 | 71 |
| iv_507-iv_508 | 2013 | 4255 | 43 | 71 |
| iv_497-iv_499 | 1904 | 4461 | 28 | 72 |
| iv_499-iv_503 | 1878 | 4358 | 30 | 72 |
| iv_497-iv_504 | 1937 | 4357 | 37 | 73 |
| iv_498-iv_499 | 1807 | 4388 | 36 | 73 |
| iv_499-iv_504 | 1943 | 4308 | 30 | 73 |
| iv_500-iv_503 | 1918 | 4227 | 39 | 73 |

## Output Bits

### Output Bits in Regular Order

| Rank | Output Bit | Complexity |
|:----:|:----------:|:----------:|
| 1 | ov_001 | 7.650052809473883 × 10^296 |
| 2 | ov_002 | 6.634317671821053 × 10^296 |
| 3 | ov_003 | 5.7244083261816854 × 10^296 |
| 4 | ov_004 | 4.912306154502426 × 10^296 |
| 5 | ov_005 | 4.190429749743044 × 10^296 |
| 6 | ov_006 | 3.5516037414017326 × 10^296 |
| 7 | ov_007 | 2.9890316459751043 × 10^296 |
| 8 | ov_008 | 2.4962724808238452 × 10^296 |
| 9 | ov_009 | 2.0672208502303515 × 10^296 |
| 10 | ov_010 | 1.6960901590167938 × 10^296 |
| 11 | ov_011 | 1.377398605130077 × 10^296 |
| 12 | ov_012 | 1.105957622512318 × 10^296 |
| 13 | ov_013 | 8.768624651145358 × 10^295 |
| 14 | ov_014 | 6.854846421632219 × 10^295 |
| 15 | ov_015 | 5.274659338250842 × 10^295 |
| 16 | ov_016 | 3.987137352912975 × 10^295 |
| 17 | ov_017 | 2.953974960632649 × 10^295 |
| 18 | ov_018 | 2.1394603990035206 × 10^295 |
| 19 | ov_019 | 1.5104556951075635 × 10^295 |
| 20 | ov_020 | 1.0363818741250012 × 10^295 |
| 21 | ov_021 | 6.892080808294332 × 10^294 |
| 22 | ov_022 | 4.4344376716588145 × 10^294 |
| 23 | ov_023 | 2.761332909984241 × 10^294 |
| 24 | ov_024 | 1.6685236373266034 × 10^294 |
| 25 | ov_025 | 9.770587711757649 × 10^293 |
| 26 | ov_026 | 5.332671313481034 × 10^293 |
| 27 | ov_027 | 2.6663211487929537 × 10^293 |
| 28 | ov_028 | 1.1927344935924628 × 10^293 |
| 29 | ov_029 | 4.594663048865132 × 10^292 |
| 30 | ov_030 | 1.4042774670345398 × 10^292 |
| 31 | ov_031 | 2.738322468224262 × 10^291 |
| 32 | lv_80_m31 | 5.338793263574665 × 10^290 |
| 33 | ov_033 | 6.396800567953602 × 10^291 |
| 34 | ov_034 | 5.54653371001935 × 10^291 |
| 35 | ov_035 | 4.785913004323834 × 10^291 |
| 36 | ov_036 | 4.1076488587172886 × 10^291 |
| 37 | ov_037 | 3.5048436960990496 × 10^291 |
| 38 | ov_038 | 2.970964369696698 × 10^291 |
| 39 | ov_039 | 2.4998183516481073 × 10^291 |
| 40 | ov_040 | 2.085533324339519 × 10^291 |
| 41 | ov_041 | 1.7225398265617926 × 10^291 |
| 42 | ov_042 | 1.4081268529776397 × 10^291 |
| 43 | ov_043 | 1.1397241785902447 × 10^291 |
| 44 | ov_044 | 9.125925604543429 × 10^290 |
| 45 | ov_045 | 7.22250515442168 × 10^290 |
| 46 | ov_046 | 5.644677380798343 × 10^290 |
| 47 | ov_047 | 4.352599038656733 × 10^290 |
| 48 | ov_048 | 3.3088464270916507 × 10^290 |
| 49 | ov_049 | 2.47838483754477 × 10^290 |
| 50 | ov_050 | 1.828545891704966 × 10^290 |
| 51 | ov_051 | 1.3290111056754649 × 10^290 |
| 52 | ov_052 | 9.5180017598598 × 10^289 |
| 53 | ov_053 | 6.712627052984784 × 10^289 |
| 54 | ov_054 | 4.640724264946532 × 10^289 |
| 55 | ov_055 | 3.092232948976345 × 10^289 |
| 56 | ov_056 | 1.9679195591368344 × 10^289 |
| 57 | ov_057 | 1.1801342435558636 × 10^289 |
| 58 | ov_058 | 6.528052318072497 × 10^288 |
| 59 | ov_059 | 3.214358538769172 × 10^288 |
| 60 | ov_060 | 1.3310315681894866 × 10^288 |
| 61 | ov_061 | 4.645739472005205 × 10^287 |
| 62 | ov_062 | 1.2734153615781597 × 10^287 |
| 63 | ov_063 | 2.4798847142029213 × 10^286 |
| 64 | lv_79_m31 | 4.8283287708572763 × 10^285 |
| 65 | ov_065 | 5.735477587299649 × 10^286 |
| 66 | ov_066 | 5.7354592211810515 × 10^286 |
| 67 | ov_067 | 5.735454725992673 × 10^286 |
| 68 | ov_068 | 4.951344640646912 × 10^286 |
| 69 | ov_069 | 4.25256645792386 × 10^286 |
| 70 | ov_070 | 3.632164527648116 × 10^286 |
| 71 | ov_071 | 3.0836113234783217 × 10^286 |
| 72 | ov_072 | 2.600778445803417 × 10^286 |
| 73 | ov_073 | 2.17791018510718 × 10^286 |
| 74 | ov_074 | 1.8095995111850891 × 10^286 |
| 75 | ov_075 | 1.490766358647387 × 10^286 |
| 76 | ov_076 | 1.2166380832705968 × 10^286 |
| 77 | ov_077 | 9.827319670846867 × 10^285 |
| 78 | ov_078 | 7.848396527182565 × 10^285 |
| 79 | ov_079 | 6.190133895754593 × 10^285 |
| 80 | ov_080 | 4.8155397598387536 × 10^285 |
| 81 | ov_081 | 3.6900028262245184 × 10^285 |
| 82 | ov_082 | 2.78120243395321 × 10^285 |
| 83 | ov_083 | 2.0590320053461207 × 10^285 |
| 84 | ov_084 | 1.4955349115540602 × 10^285 |
| 85 | ov_085 | 1.0648516279581634 × 10^285 |
| 86 | ov_086 | 7.431770568801546 × 10^284 |
| 87 | ov_087 | 5.087268964646722 × 10^284 |
| 88 | ov_088 | 3.417119354742294 × 10^284 |
| 89 | ov_089 | 2.243191542489735 × 10^284 |
| 90 | ov_090 | 1.4069851235510702 × 10^284 |
| 91 | ov_091 | 8.341440327551745 × 10^283 |
| 92 | ov_092 | 4.600672731076667 × 10^283 |
| 93 | ov_093 | 2.298902461187864 × 10^283 |
| 94 | ov_094 | 9.84755764382763 × 10^282 |
| 95 | aaa_78_28 | 3.0409365547843573 × 10^282 |
| 96 | aaa_78_29 | 9.339352227836559 × 10^281 |
| 97 | ov_097 | 6.1687190961512534 × 10^281 |
| 98 | ov_098 | 6.1685345166177025 × 10^281 |
| 99 | ov_099 | 6.1684755889819524 × 10^281 |
| 100 | ov_100 | 5.55127513275504 × 10^281 |
| 101 | ov_101 | 4.979548517147887 × 10^281 |
| 102 | ov_102 | 4.450809776228231 × 10^281 |
| 103 | ov_103 | 3.962754431596973 × 10^281 |
| 104 | ov_104 | 3.513235593333215 × 10^281 |
| 105 | ov_105 | 3.1002422599258806 × 10^281 |
| 106 | ov_106 | 2.721879705112605 × 10^281 |
| 107 | ov_107 | 2.3763518433570983 × 10^281 |
| 108 | ov_108 | 2.061945468708715 × 10^281 |
| 109 | ov_109 | 1.7770162641208274 × 10^281 |
| 110 | ov_110 | 1.5199764800620075 × 10^281 |
| 111 | ov_111 | 1.2892841825362474 × 10^281 |
| 112 | ov_112 | 1.0834339715281644 × 10^281 |
| 113 | ov_113 | 9.009490714917297 × 10^280 |
| 114 | ov_114 | 7.403746958844389 × 10^280 |
| 115 | ov_115 | 6.002725879828043 × 10^280 |
| 116 | ov_116 | 4.792166403576981 × 10^280 |
| 117 | ov_117 | 3.757894954801483 × 10^280 |
| 118 | ov_118 | 2.8858002999163605 × 10^280 |
| 119 | ov_119 | 2.1618154519882708 × 10^280 |
| 120 | ov_120 | 1.571904185343461 × 10^280 |
| 121 | ov_121 | 1.102050751018863 × 10^280 |
| 122 | ov_122 | 7.382523062084845 × 10^279 |
| 123 | ov_123 | 4.665135708899776 × 10^279 |
| 124 | ov_124 | 2.728432248230805 × 10^279 |
| 125 | ov_125 | 1.4325167647311187 × 10^279 |
| 126 | ov_126 | 6.3749925512678844 × 10^278 |
| 127 | aaa_77_28 | 2.0349126430780272 × 10^278 |
| 128 | aaa_77_29 | 7.623838673173009 × 10^277 |
| 129 | ov_129 | 7.00770674166667 × 10^277 |
| 130 | ov_130 | 7.007685770357782 × 10^277 |
| 131 | ov_131 | 7.007680705386355 × 10^277 |
| 132 | ov_132 | 6.068145550192186 × 10^277 |
| 133 | ov_133 | 5.224326607089694 × 10^277 |
| 134 | ov_134 | 4.47235918170255 × 10^277 |
| 135 | ov_135 | 3.805116561386946 × 10^277 |
| 136 | ov_136 | 3.21584020382022 × 10^277 |
| 137 | ov_137 | 2.6981153509620733 × 10^277 |
| 138 | ov_138 | 2.2458503562756408 × 10^277 |
| 139 | ov_139 | 1.8532593418362922 × 10^277 |
| 140 | ov_140 | 1.5148478217002395 × 10^277 |
| 141 | ov_141 | 1.2254009472551765 × 10^277 |
| 142 | ov_142 | 9.799740493386098 × 10^276 |
| 143 | ov_143 | 7.738851707721404 × 10^276 |
| 144 | ov_144 | 6.027093016874283 × 10^276 |
| 145 | ov_145 | 4.622740486593642 × 10^276 |
| 146 | ov_146 | 3.48656487245349 × 10^276 |
| 147 | ov_147 | 2.5818096607520415 × 10^276 |
| 148 | ov_148 | 1.8741764915475102 × 10^276 |
| 149 | ov_149 | 1.3318160154422115 × 10^276 |
| 150 | ov_150 | 9.253224205550287 × 10^275 |
| 151 | ov_151 | 6.277301264385167 × 10^275 |
| 152 | ov_152 | 4.1451160566228585 × 10^275 |
| 153 | ov_153 | 2.6357583969010145 × 10^275 |
| 154 | ov_154 | 1.5526724115647066 × 10^275 |
| 155 | ov_155 | 8.036676277779896 × 10^274 |
| 156 | aaa_76_25 | 3.087259792153157 × 10^274 |
| 157 | aaa_76_26 | 1.781876207352783 × 10^274 |
| 158 | aaa_76_27 | 9.115686608056817 × 10^273 |
| 159 | aaa_76_28 | 3.546407400772561 × 10^273 |
| 160 | aaa_76_29 | 1.0776542413108362 × 10^273 |

### Output Bits Sorted by Complexity

| Rank | Output Bit | Complexity |
|:----:|:----------:|:----------:|
| 160 | aaa_76_29 | 1.0776542413108362 × 10^273 |
| 159 | aaa_76_28 | 3.546407400772561 × 10^273 |
| 158 | aaa_76_27 | 9.115686608056817 × 10^273 |
| 157 | aaa_76_26 | 1.781876207352783 × 10^274 |
| 156 | aaa_76_25 | 3.087259792153157 × 10^274 |
| 155 | ov_155 | 8.036676277779896 × 10^274 |
| 154 | ov_154 | 1.5526724115647066 × 10^275 |
| 153 | ov_153 | 2.6357583969010145 × 10^275 |
| 152 | ov_152 | 4.1451160566228585 × 10^275 |
| 151 | ov_151 | 6.277301264385167 × 10^275 |
| 150 | ov_150 | 9.253224205550287 × 10^275 |
| 149 | ov_149 | 1.3318160154422115 × 10^276 |
| 148 | ov_148 | 1.8741764915475102 × 10^276 |
| 147 | ov_147 | 2.5818096607520415 × 10^276 |
| 146 | ov_146 | 3.48656487245349 × 10^276 |
| 145 | ov_145 | 4.622740486593642 × 10^276 |
| 144 | ov_144 | 6.027093016874283 × 10^276 |
| 143 | ov_143 | 7.738851707721404 × 10^276 |
| 142 | ov_142 | 9.799740493386098 × 10^276 |
| 141 | ov_141 | 1.2254009472551765 × 10^277 |
| 140 | ov_140 | 1.5148478217002395 × 10^277 |
| 139 | ov_139 | 1.8532593418362922 × 10^277 |
| 138 | ov_138 | 2.2458503562756408 × 10^277 |
| 137 | ov_137 | 2.6981153509620733 × 10^277 |
| 136 | ov_136 | 3.21584020382022 × 10^277 |
| 135 | ov_135 | 3.805116561386946 × 10^277 |
| 134 | ov_134 | 4.47235918170255 × 10^277 |
| 133 | ov_133 | 5.224326607089694 × 10^277 |
| 132 | ov_132 | 6.068145550192186 × 10^277 |
| 131 | ov_131 | 7.007680705386355 × 10^277 |
| 130 | ov_130 | 7.007685770357782 × 10^277 |
| 129 | ov_129 | 7.00770674166667 × 10^277 |
| 128 | aaa_77_29 | 7.623838673173009 × 10^277 |
| 127 | aaa_77_28 | 2.0349126430780272 × 10^278 |
| 126 | ov_126 | 6.3749925512678844 × 10^278 |
| 125 | ov_125 | 1.4325167647311187 × 10^279 |
| 124 | ov_124 | 2.728432248230805 × 10^279 |
| 123 | ov_123 | 4.665135708899776 × 10^279 |
| 122 | ov_122 | 7.382523062084845 × 10^279 |
| 121 | ov_121 | 1.102050751018863 × 10^280 |
| 120 | ov_120 | 1.571904185343461 × 10^280 |
| 119 | ov_119 | 2.1618154519882708 × 10^280 |
| 118 | ov_118 | 2.8858002999163605 × 10^280 |
| 117 | ov_117 | 3.757894954801483 × 10^280 |
| 116 | ov_116 | 4.792166403576981 × 10^280 |
| 115 | ov_115 | 6.002725879828043 × 10^280 |
| 114 | ov_114 | 7.403746958844389 × 10^280 |
| 113 | ov_113 | 9.009490714917297 × 10^280 |
| 112 | ov_112 | 1.0834339715281644 × 10^281 |
| 111 | ov_111 | 1.2892841825362474 × 10^281 |
| 110 | ov_110 | 1.5199764800620075 × 10^281 |
| 109 | ov_109 | 1.7770162641208274 × 10^281 |
| 108 | ov_108 | 2.061945468708715 × 10^281 |
| 107 | ov_107 | 2.3763518433570983 × 10^281 |
| 106 | ov_106 | 2.721879705112605 × 10^281 |
| 105 | ov_105 | 3.1002422599258806 × 10^281 |
| 104 | ov_104 | 3.513235593333215 × 10^281 |
| 103 | ov_103 | 3.962754431596973 × 10^281 |
| 102 | ov_102 | 4.450809776228231 × 10^281 |
| 101 | ov_101 | 4.979548517147887 × 10^281 |
| 100 | ov_100 | 5.55127513275504 × 10^281 |
| 99 | ov_099 | 6.1684755889819524 × 10^281 |
| 98 | ov_098 | 6.1685345166177025 × 10^281 |
| 97 | ov_097 | 6.1687190961512534 × 10^281 |
| 96 | aaa_78_29 | 9.339352227836559 × 10^281 |
| 95 | aaa_78_28 | 3.0409365547843573 × 10^282 |
| 94 | ov_094 | 9.84755764382763 × 10^282 |
| 93 | ov_093 | 2.298902461187864 × 10^283 |
| 92 | ov_092 | 4.600672731076667 × 10^283 |
| 91 | ov_091 | 8.341440327551745 × 10^283 |
| 90 | ov_090 | 1.4069851235510702 × 10^284 |
| 89 | ov_089 | 2.243191542489735 × 10^284 |
| 88 | ov_088 | 3.417119354742294 × 10^284 |
| 87 | ov_087 | 5.087268964646722 × 10^284 |
| 86 | ov_086 | 7.431770568801546 × 10^284 |
| 85 | ov_085 | 1.0648516279581634 × 10^285 |
| 84 | ov_084 | 1.4955349115540602 × 10^285 |
| 83 | ov_083 | 2.0590320053461207 × 10^285 |
| 82 | ov_082 | 2.78120243395321 × 10^285 |
| 81 | ov_081 | 3.6900028262245184 × 10^285 |
| 80 | ov_080 | 4.8155397598387536 × 10^285 |
| 64 | lv_79_m31 | 4.8283287708572763 × 10^285 |
| 79 | ov_079 | 6.190133895754593 × 10^285 |
| 78 | ov_078 | 7.848396527182565 × 10^285 |
| 77 | ov_077 | 9.827319670846867 × 10^285 |
| 76 | ov_076 | 1.2166380832705968 × 10^286 |
| 75 | ov_075 | 1.490766358647387 × 10^286 |
| 74 | ov_074 | 1.8095995111850891 × 10^286 |
| 73 | ov_073 | 2.17791018510718 × 10^286 |
| 63 | ov_063 | 2.4798847142029213 × 10^286 |
| 72 | ov_072 | 2.600778445803417 × 10^286 |
| 71 | ov_071 | 3.0836113234783217 × 10^286 |
| 70 | ov_070 | 3.632164527648116 × 10^286 |
| 69 | ov_069 | 4.25256645792386 × 10^286 |
| 68 | ov_068 | 4.951344640646912 × 10^286 |
| 67 | ov_067 | 5.735454725992673 × 10^286 |
| 66 | ov_066 | 5.7354592211810515 × 10^286 |
| 65 | ov_065 | 5.735477587299649 × 10^286 |
| 62 | ov_062 | 1.2734153615781597 × 10^287 |
| 61 | ov_061 | 4.645739472005205 × 10^287 |
| 60 | ov_060 | 1.3310315681894866 × 10^288 |
| 59 | ov_059 | 3.214358538769172 × 10^288 |
| 58 | ov_058 | 6.528052318072497 × 10^288 |
| 57 | ov_057 | 1.1801342435558636 × 10^289 |
| 56 | ov_056 | 1.9679195591368344 × 10^289 |
| 55 | ov_055 | 3.092232948976345 × 10^289 |
| 54 | ov_054 | 4.640724264946532 × 10^289 |
| 53 | ov_053 | 6.712627052984784 × 10^289 |
| 52 | ov_052 | 9.5180017598598 × 10^289 |
| 51 | ov_051 | 1.3290111056754649 × 10^290 |
| 50 | ov_050 | 1.828545891704966 × 10^290 |
| 49 | ov_049 | 2.47838483754477 × 10^290 |
| 48 | ov_048 | 3.3088464270916507 × 10^290 |
| 47 | ov_047 | 4.352599038656733 × 10^290 |
| 32 | lv_80_m31 | 5.338793263574665 × 10^290 |
| 46 | ov_046 | 5.644677380798343 × 10^290 |
| 45 | ov_045 | 7.22250515442168 × 10^290 |
| 44 | ov_044 | 9.125925604543429 × 10^290 |
| 43 | ov_043 | 1.1397241785902447 × 10^291 |
| 42 | ov_042 | 1.4081268529776397 × 10^291 |
| 41 | ov_041 | 1.7225398265617926 × 10^291 |
| 40 | ov_040 | 2.085533324339519 × 10^291 |
| 39 | ov_039 | 2.4998183516481073 × 10^291 |
| 31 | ov_031 | 2.738322468224262 × 10^291 |
| 38 | ov_038 | 2.970964369696698 × 10^291 |
| 37 | ov_037 | 3.5048436960990496 × 10^291 |
| 36 | ov_036 | 4.1076488587172886 × 10^291 |
| 35 | ov_035 | 4.785913004323834 × 10^291 |
| 34 | ov_034 | 5.54653371001935 × 10^291 |
| 33 | ov_033 | 6.396800567953602 × 10^291 |
| 30 | ov_030 | 1.4042774670345398 × 10^292 |
| 29 | ov_029 | 4.594663048865132 × 10^292 |
| 28 | ov_028 | 1.1927344935924628 × 10^293 |
| 27 | ov_027 | 2.6663211487929537 × 10^293 |
| 26 | ov_026 | 5.332671313481034 × 10^293 |
| 25 | ov_025 | 9.770587711757649 × 10^293 |
| 24 | ov_024 | 1.6685236373266034 × 10^294 |
| 23 | ov_023 | 2.761332909984241 × 10^294 |
| 22 | ov_022 | 4.4344376716588145 × 10^294 |
| 21 | ov_021 | 6.892080808294332 × 10^294 |
| 20 | ov_020 | 1.0363818741250012 × 10^295 |
| 19 | ov_019 | 1.5104556951075635 × 10^295 |
| 18 | ov_018 | 2.1394603990035206 × 10^295 |
| 17 | ov_017 | 2.953974960632649 × 10^295 |
| 16 | ov_016 | 3.987137352912975 × 10^295 |
| 15 | ov_015 | 5.274659338250842 × 10^295 |
| 14 | ov_014 | 6.854846421632219 × 10^295 |
| 13 | ov_013 | 8.768624651145358 × 10^295 |
| 12 | ov_012 | 1.105957622512318 × 10^296 |
| 11 | ov_011 | 1.377398605130077 × 10^296 |
| 10 | ov_010 | 1.6960901590167938 × 10^296 |
| 9 | ov_009 | 2.0672208502303515 × 10^296 |
| 8 | ov_008 | 2.4962724808238452 × 10^296 |
| 7 | ov_007 | 2.9890316459751043 × 10^296 |
| 6 | ov_006 | 3.5516037414017326 × 10^296 |
| 5 | ov_005 | 4.190429749743044 × 10^296 |
| 4 | ov_004 | 4.912306154502426 × 10^296 |
| 3 | ov_003 | 5.7244083261816854 × 10^296 |
| 2 | ov_002 | 6.634317671821053 × 10^296 |
| 1 | ov_001 | 7.650052809473883 × 10^296 |

