# Results for F001-F002-F003-F004-F005-F006-F007-F008-F009-F010-F011-F012-F013-F014-F015-F016-F017-F018-F019-F020-F021-F022-F023-F024-F025-F026-F027-F028-F029-F030-F031-F032-F033-F034-F035-F036-F037-F038-F039-F040-F041-F042-F043-F044-F045-F046-F047-F048-F049-F050-F051-F052-F053-F054-F055-F056-F057-F058-F059-F060-F061-F062-F063-F064-F065-F066-F067-F068-F069-F070-F071-F072-F073-F074-F075-F076-F077-F078-F079-F080-F081-F082-F083-F084-F085-F086-F087-F088-F089-F090-F091-F092-F093-F094-F095-F096-F097-F098-F099-F100-F101-F102-F103-F104-F105-F106-F107-F108-F109-F110-F111-F112-F113-F114-F115-F116-F117-F118-F119-F120-F121-F122-F123-F124-F125-F126-F127-F128-F129-F130-F131-F132-F133-F134-F135-F136-F137-F138-F139-F140-F141-F142-F143-F144-F145-F146-F147-F148-F149-F150-F151-F152-F153-F154-F155-F156-F157-F158-F159-F160-F161-F162-F163-F164-F165-F166-F167-F168-F169-F170-F171-F172-F173-F174-F175-F176-F177-F178-F179-F180-F181-F182-F183-F184-F185-F186-F187-F188-F189-F190-F191-F192-F193-F194-F195-F196-F197-F198-F199-F200-F201-F202-F203-F204-F205-F206-F207-F208-F209-F210-F211-F212-F213-F214-F215-F216-F217-F218-F219-F220-F221-F222-F223-F224-F225-F226-F227-F228-F229-F230-F231-F232-F233-F234-F235-F236-F237-F238-F239-F240-F241-F242-F243-F244-F245-F246-F247-F248-F249-F250-F251-F252-F253-F254-F255-F256-F257-F258-F259-F260-F261-F262-F263-F264-F265-F266-F267-F268-F269-F270-F271-F272-F273-F274-F275-F276-F277-F278-F279-F280-F281-F282-F283-F284-F285-F286-F287-F288-F289-F290-F291-F292-F293-F294-F295-F296-F297-F298-F299-F300-F301-F302-F303-F304-F305-F306-F307-F308-F309-F310-F311-F312-F313-F314-F315-F316-F317-F318-F319-F320-F321-F322-F323-F324-F325-F326-F327-F328-F329-F330-F331-F332-F333-F334-F335-F336-F337-F338-F339-F340-F341-F342-F343-F344-F345-F346-F347-F348-F349-F350-F351-F352-F353-F354-F355-F356-F357-F358-F359-F360-F361-F362-F363-F364-F365-F366-F367-F368-F369-F370-F371-F372-F373-F374-F375-F376-F377-F378-F379-F380-F381-F382-F383-F384-F385-F386-F387-F388-F389-F390-F391-F392-F393-F394-F395-F396-F397-F398-F399-F400-F401-F402-F403-F404-F405-F406-F407-F408-F409-F410-F411-F412-F413-F414-F415-F416-F417-F418-F419-F420-F421-F422-F423-F424-F425-F426-F427-F428-F429-F430-F431-F432-F433-F434-F435-F436-F437-F438-F439-F440-F441-F442-F443-F444-F445-F446-F447-F448-F449-F450-F451-F452-F453-F454-F455-F456-F457-F458-F459-F460-F461-F462-F463-F464-F465-F466-F467-F468-F469-F470-F471-F472-F473-F474-F475-F476-F477-F478-F479-F480-F481-F482-F483-F484-F485-F486-F487-F488-F489-F490-F491-F492-F493-F494-F495-F496-F497-F498-F499-F500-F509-F510-F512

## Summary

Number of input bits: 512  
Number of free input bits: 9  
Number of output bits: 160

Number of direct occurrences: 36488  
Number of assignments: 30742  
Number of operations: 10906363
(xor: 10877608,
and: 15713,
or: 13042)

Total complexity: 9.524897562130408 × 10^297

Least occurring input variable: iv_502 (3884)  
Most occurring input variable: iv_511 (4280)

Most co-occurring input variables: iv_501-iv_511 (2043)  
Least co-occurring input variables: iv_502-iv_503 (1785)

Potentially most occurring input variable: iv_508/iv_511 (4473)  
Potentially least occurring input variable: iv_504/iv_505 (4005)

Least output occurring input variable: iv_505 (72)  
Most output occurring input variable: iv_506 (82)

Most output co-occurring input variables: iv_502-iv_511 (45)  
Least output co-occurring input variables: iv_503-iv_505 (30)

Potentially most output occurring input variable: iv_501/iv_502 (93)  
Potentially least output occurring input variable: iv_507/iv_508 (71)

Least complex input bit: iv_511 (1.5595698609006878 × 10^294)  
Most complex input bit: iv_505 (2.108250149863404 × 10^297)

Least complex output bit: aaa_76_29 (1.4895467210137284 × 10^273)  
Most complex output bit: ov_001 (1.5167439974334552 × 10^297)

Least complex input/output complexity: iv_511/aaa_76_29 (2.4389261483845934 × 10^269)  
Most complex input/output complexity: iv_505/ov_001 (3.3571760105924746 × 10^296)

## Input Bits

### Input Bits in Regular Order

| Input Bit | Complexity | Occurrences | Output Occurrences |
|:---------:|:----------:|:-----------:|:------------------:|
| iv_501 | 2.6687505991056466 × 10^296 | 4061 | 79 |
| iv_502 | 4.8530866275591195 × 10^296 | 3884 | 82 |
| iv_503 | 8.262891346907154 × 10^296 | 4022 | 79 |
| iv_504 | 1.343216300413356 × 10^297 | 3909 | 78 |
| iv_505 | 2.108250149863404 × 10^297 | 4066 | 72 |
| iv_506 | 1.1074272882896267 × 10^297 | 3942 | 82 |
| iv_507 | 1.566822748804972 × 10^297 | 4161 | 76 |
| iv_508 | 1.81914864754097 × 10^297 | 4163 | 81 |
| iv_511 | 1.5595698609006878 × 10^294 | 4280 | 80 |

### Input Bits Sorted by Complexity

| Input Bit | Complexity | Occurrences | Output Occurrences |
|:---------:|:----------:|:-----------:|:------------------:|
| iv_511 | 1.5595698609006878 × 10^294 | 4280 | 80 |
| iv_501 | 2.6687505991056466 × 10^296 | 4061 | 79 |
| iv_502 | 4.8530866275591195 × 10^296 | 3884 | 82 |
| iv_503 | 8.262891346907154 × 10^296 | 4022 | 79 |
| iv_506 | 1.1074272882896267 × 10^297 | 3942 | 82 |
| iv_504 | 1.343216300413356 × 10^297 | 3909 | 78 |
| iv_507 | 1.566822748804972 × 10^297 | 4161 | 76 |
| iv_508 | 1.81914864754097 × 10^297 | 4163 | 81 |
| iv_505 | 2.108250149863404 × 10^297 | 4066 | 72 |

### Input Bits Sorted by Occurrences

| Input Bit | Complexity | Occurrences | Output Occurrences |
|:---------:|:----------:|:-----------:|:------------------:|
| iv_502 | 4.8530866275591195 × 10^296 | 3884 | 82 |
| iv_504 | 1.343216300413356 × 10^297 | 3909 | 78 |
| iv_506 | 1.1074272882896267 × 10^297 | 3942 | 82 |
| iv_503 | 8.262891346907154 × 10^296 | 4022 | 79 |
| iv_501 | 2.6687505991056466 × 10^296 | 4061 | 79 |
| iv_505 | 2.108250149863404 × 10^297 | 4066 | 72 |
| iv_507 | 1.566822748804972 × 10^297 | 4161 | 76 |
| iv_508 | 1.81914864754097 × 10^297 | 4163 | 81 |
| iv_511 | 1.5595698609006878 × 10^294 | 4280 | 80 |

### Input Bits Sorted by Output Occurrences

| Input Bit | Complexity | Occurrences | Output Occurrences |
|:---------:|:----------:|:-----------:|:------------------:|
| iv_505 | 2.108250149863404 × 10^297 | 4066 | 72 |
| iv_507 | 1.566822748804972 × 10^297 | 4161 | 76 |
| iv_504 | 1.343216300413356 × 10^297 | 3909 | 78 |
| iv_501 | 2.6687505991056466 × 10^296 | 4061 | 79 |
| iv_503 | 8.262891346907154 × 10^296 | 4022 | 79 |
| iv_511 | 1.5595698609006878 × 10^294 | 4280 | 80 |
| iv_508 | 1.81914864754097 × 10^297 | 4163 | 81 |
| iv_502 | 4.8530866275591195 × 10^296 | 3884 | 82 |
| iv_506 | 1.1074272882896267 × 10^297 | 3942 | 82 |

## Input Bit Co-occurrences

### Input Bit Co-occurrences Sorted by Co-occurrences

| Input Bits | Co-occurrences | Potential Occurrences | Output Co-occurrences | Potential Output Occurrences |
|:----------:|:--------------:|:---------------------:|:---------------------:|:----------------------------:|
| iv_501-iv_511 | 2043 | 4255 | 41 | 77 |
| iv_507-iv_508 | 2035 | 4254 | 43 | 71 |
| iv_505-iv_507 | 2032 | 4163 | 31 | 86 |
| iv_503-iv_511 | 2009 | 4284 | 41 | 77 |
| iv_507-iv_511 | 1994 | 4453 | 39 | 78 |
| iv_504-iv_505 | 1985 | 4005 | 39 | 72 |
| iv_508-iv_511 | 1985 | 4473 | 40 | 81 |
| iv_506-iv_507 | 1981 | 4141 | 39 | 80 |
| iv_505-iv_511 | 1980 | 4386 | 36 | 80 |

### Input Bit Co-occurrences Sorted by Potential Occurrences

| Input Bits | Co-occurrences | Potential Occurrences | Output Co-occurrences | Potential Output Occurrences |
|:----------:|:--------------:|:---------------------:|:---------------------:|:----------------------------:|
| iv_504-iv_505 | 1985 | 4005 | 39 | 72 |
| iv_502-iv_505 | 1911 | 4128 | 37 | 80 |
| iv_506-iv_507 | 1981 | 4141 | 39 | 80 |
| iv_504-iv_506 | 1855 | 4141 | 42 | 76 |
| iv_505-iv_507 | 2032 | 4163 | 31 | 86 |
| iv_501-iv_503 | 1959 | 4165 | 38 | 82 |
| iv_502-iv_504 | 1790 | 4213 | 42 | 76 |
| iv_502-iv_506 | 1802 | 4222 | 44 | 76 |
| iv_501-iv_506 | 1878 | 4247 | 39 | 83 |

### Input Bit Output Co-occurrences Sorted by Output Co-occurrences

| Input Bits | Co-occurrences | Potential Occurrences | Output Co-occurrences | Potential Output Occurrences |
|:----------:|:--------------:|:---------------------:|:---------------------:|:----------------------------:|
| iv_502-iv_511 | 1905 | 4354 | 45 | 72 |
| iv_502-iv_506 | 1802 | 4222 | 44 | 76 |
| iv_503-iv_506 | 1817 | 4330 | 44 | 73 |
| iv_502-iv_508 | 1862 | 4323 | 43 | 77 |
| iv_507-iv_508 | 2035 | 4254 | 43 | 71 |
| iv_502-iv_504 | 1790 | 4213 | 42 | 76 |
| iv_502-iv_507 | 1886 | 4273 | 42 | 74 |
| iv_503-iv_504 | 1835 | 4261 | 42 | 73 |
| iv_504-iv_506 | 1855 | 4141 | 42 | 76 |

### Input Bit Output Co-occurrences Sorted by Potential Output Occurrences

| Input Bits | Co-occurrences | Potential Occurrences | Output Co-occurrences | Potential Output Occurrences |
|:----------:|:--------------:|:---------------------:|:---------------------:|:----------------------------:|
| iv_507-iv_508 | 2035 | 4254 | 43 | 71 |
| iv_502-iv_511 | 1905 | 4354 | 45 | 72 |
| iv_504-iv_505 | 1985 | 4005 | 39 | 72 |
| iv_503-iv_504 | 1835 | 4261 | 42 | 73 |
| iv_503-iv_506 | 1817 | 4330 | 44 | 73 |
| iv_502-iv_507 | 1886 | 4273 | 42 | 74 |
| iv_502-iv_504 | 1790 | 4213 | 42 | 76 |
| iv_502-iv_506 | 1802 | 4222 | 44 | 76 |
| iv_504-iv_506 | 1855 | 4141 | 42 | 76 |

## Output Bits

### Output Bits in Regular Order

| Rank | Output Bit | Complexity |
|:----:|:----------:|:----------:|
| 1 | ov_001 | 1.5167439974334552 × 10^297 |
| 2 | ov_002 | 1.3172613699883465 × 10^297 |
| 3 | ov_003 | 1.1377505613236081 × 10^297 |
| 4 | ov_004 | 9.774044311020386 × 10^296 |
| 5 | ov_005 | 8.347404597821283 × 10^296 |
| 6 | ov_006 | 7.083567367625387 × 10^296 |
| 7 | ov_007 | 5.9692656368671625 × 10^296 |
| 8 | ov_008 | 4.991937496542865 × 10^296 |
| 9 | ov_009 | 4.139685419013755 × 10^296 |
| 10 | ov_010 | 3.4012413771886383 × 10^296 |
| 11 | ov_011 | 2.7659373517870284 × 10^296 |
| 12 | ov_012 | 2.223680833526422 × 10^296 |
| 13 | ov_013 | 1.764934835899855 × 10^296 |
| 14 | ov_014 | 1.3807018501483516 × 10^296 |
| 15 | ov_015 | 1.0625111732186414 × 10^296 |
| 16 | ov_016 | 8.024090789597559 × 10^295 |
| 17 | ov_017 | 5.929513420917278 × 10^295 |
| 18 | ov_018 | 4.2719766364070243 × 10^295 |
| 19 | ov_019 | 2.9870758562292163 × 10^295 |
| 20 | ov_020 | 2.015375402513312 × 10^295 |
| 21 | ov_021 | 1.3023877086008973 × 10^295 |
| 22 | ov_022 | 7.98559327657193 × 10^294 |
| 23 | ov_023 | 4.5926195523317926 × 10^294 |
| 24 | ov_024 | 2.4478687533001425 × 10^294 |
| 25 | ov_025 | 1.2034170590863584 × 10^294 |
| 26 | ov_026 | 5.6048650449494055 × 10^293 |
| 27 | ov_027 | 2.6943655450450198 × 10^293 |
| 28 | ov_028 | 1.297605728173958 × 10^293 |
| 29 | ov_029 | 5.348847761271506 × 10^292 |
| 30 | ov_030 | 1.7707755301220834 × 10^292 |
| 31 | ov_031 | 4.291290200453108 × 10^291 |
| 32 | lv_80_k31 | 1.039762812108708 × 10^291 |
| 33 | ov_033 | 1.2665693534594316 × 10^292 |
| 34 | ov_034 | 1.1012073950329492 × 10^292 |
| 35 | ov_035 | 9.533925360323338 × 10^291 |
| 36 | ov_036 | 8.216045953673908 × 10^291 |
| 37 | ov_037 | 7.044044189828987 × 10^291 |
| 38 | ov_038 | 6.004281377623802 × 10^291 |
| 39 | ov_039 | 5.083822282906517 × 10^291 |
| 40 | ov_040 | 4.270392968764852 × 10^291 |
| 41 | ov_041 | 3.552345120975167 × 10^291 |
| 42 | ov_042 | 2.9240069114882685 × 10^291 |
| 43 | ov_043 | 2.3799975861867296 × 10^291 |
| 44 | ov_044 | 1.9103862454037685 × 10^291 |
| 45 | ov_045 | 1.5103428496357085 × 10^291 |
| 46 | ov_046 | 1.1753009356082004 × 10^291 |
| 47 | ov_047 | 9.009519419462275 × 10^290 |
| 48 | ov_048 | 6.794361812137633 × 10^290 |
| 49 | ov_049 | 5.033922731473428 × 10^290 |
| 50 | ov_050 | 3.659531928248966 × 10^290 |
| 51 | ov_051 | 2.6074358052928935 × 10^290 |
| 52 | ov_052 | 1.81877990232497 × 10^290 |
| 53 | ov_053 | 1.239598013576114 × 10^290 |
| 54 | ov_054 | 8.208057988744129 × 10^289 |
| 55 | ov_055 | 5.181971812338062 × 10^289 |
| 56 | ov_056 | 3.1088836239748006 × 10^289 |
| 57 | ov_057 | 1.804332071620938 × 10^289 |
| 58 | ov_058 | 9.725060414341106 × 10^288 |
| 59 | ov_059 | 4.7768427179020304 × 10^288 |
| 60 | ov_060 | 2.08512647254239 × 10^288 |
| 61 | ov_061 | 7.800360223097084 × 10^287 |
| 62 | ov_062 | 2.3535928774471946 × 10^287 |
| 63 | ov_063 | 5.19948898100674 × 10^286 |
| 64 | lv_79_m31 | 1.0118539304741218 × 10^286 |
| 65 | ov_065 | 1.1874260345307567 × 10^287 |
| 66 | ov_066 | 1.187423053457076 × 10^287 |
| 67 | ov_067 | 1.1874220872318358 × 10^287 |
| 68 | ov_068 | 1.0218983114073709 × 10^287 |
| 69 | ov_069 | 8.746107659618966 × 10^286 |
| 70 | ov_070 | 7.44064673684462 × 10^286 |
| 71 | ov_071 | 6.288573481353253 × 10^286 |
| 72 | ov_072 | 5.276719549616096 × 10^286 |
| 73 | ov_073 | 4.392718220851838 × 10^286 |
| 74 | ov_074 | 3.6249527028855524 × 10^286 |
| 75 | ov_075 | 2.9625093675940396 × 10^286 |
| 76 | ov_076 | 2.395135649898578 × 10^286 |
| 77 | ov_077 | 1.9132023508954382 × 10^286 |
| 78 | ov_078 | 1.5076700908687147 × 10^286 |
| 79 | ov_079 | 1.170059661842322 × 10^286 |
| 80 | ov_080 | 8.924260322141124 × 10^285 |
| 81 | ov_081 | 6.673357580736862 × 10^285 |
| 82 | ov_082 | 4.878475572179638 × 10^285 |
| 83 | ov_083 | 3.474958028075607 × 10^285 |
| 84 | ov_084 | 2.402766941907815 × 10^285 |
| 85 | ov_085 | 1.6063686277182156 × 10^285 |
| 86 | ov_086 | 1.0346417100275296 × 10^285 |
| 87 | ov_087 | 6.40804626987835 × 10^284 |
| 88 | ov_088 | 3.82360229506841 × 10^284 |
| 89 | ov_089 | 2.2105505954736664 × 10^284 |
| 90 | ov_090 | 1.2285089108197276 × 10^284 |
| 91 | ov_091 | 7.17795526215428 × 10^283 |
| 92 | ov_092 | 4.218489434658754 × 10^283 |
| 93 | ov_093 | 2.2284201719702832 × 10^283 |
| 94 | ov_094 | 9.989530283895544 × 10^282 |
| 95 | aaa_78_28 | 3.213191228173224 × 10^282 |
| 96 | aaa_78_29 | 1.2176019651564579 × 10^282 |
| 97 | ov_097 | 1.3268593859059599 × 10^282 |
| 98 | ov_098 | 1.326819780833346 × 10^282 |
| 99 | ov_099 | 1.3268071491721176 × 10^282 |
| 100 | ov_100 | 1.1943678236291666 × 10^282 |
| 101 | ov_101 | 1.0716331553307629 × 10^282 |
| 102 | ov_102 | 9.580779352093023 × 10^281 |
| 103 | ov_103 | 8.532156155858161 × 10^281 |
| 104 | ov_104 | 7.565930914326653 × 10^281 |
| 105 | ov_105 | 6.677859693453928 × 10^281 |
| 106 | ov_106 | 5.863942986715371 × 10^281 |
| 107 | ov_107 | 5.1203874022936696 × 10^281 |
| 108 | ov_108 | 4.443571488485595 × 10^281 |
| 109 | ov_109 | 3.830015466028386 × 10^281 |
| 110 | ov_110 | 3.276354641039158 × 10^281 |
| 111 | ov_111 | 2.7793162760697167 × 10^281 |
| 112 | ov_112 | 2.3356996996129792 × 10^281 |
| 113 | ov_113 | 1.942359436443186 × 10^281 |
| 114 | ov_114 | 1.5961911425906514 × 10^281 |
| 115 | ov_115 | 1.2941201296935016 × 10^281 |
| 116 | ov_116 | 1.0330922640669994 × 10^281 |
| 117 | ov_117 | 8.1006702619679935 × 10^280 |
| 118 | ov_118 | 6.220125165789393 × 10^280 |
| 119 | ov_119 | 4.659020175095277 × 10^280 |
| 120 | ov_120 | 3.3871172049708794 × 10^280 |
| 121 | ov_121 | 2.3741945890827985 × 10^280 |
| 122 | ov_122 | 1.5900409295132867 × 10^280 |
| 123 | ov_123 | 1.0044512457044202 × 10^280 |
| 124 | ov_124 | 5.872241749883108 × 10^279 |
| 125 | ov_125 | 3.081601382945078 × 10^279 |
| 126 | ov_126 | 1.3706028702313396 × 10^279 |
| 127 | aaa_77_28 | 4.372600558167913 × 10^278 |
| 128 | aaa_77_29 | 1.6370152075812125 × 10^278 |
| 129 | ov_129 | 1.48294371582021 × 10^278 |
| 130 | ov_130 | 1.4829400980676101 × 10^278 |
| 131 | ov_131 | 1.4829389385342696 × 10^278 |
| 132 | ov_132 | 1.2788127189842525 × 10^278 |
| 133 | ov_133 | 1.0965791593471366 × 10^278 |
| 134 | ov_134 | 9.345511334060072 × 10^277 |
| 135 | ov_135 | 7.911336318673946 × 10^277 |
| 136 | ov_136 | 6.648170195726984 × 10^277 |
| 137 | ov_137 | 5.541712056313826 × 10^277 |
| 138 | ov_138 | 4.578406457065972 × 10^277 |
| 139 | ov_139 | 3.745400944482197 × 10^277 |
| 140 | ov_140 | 3.03051030379524 × 10^277 |
| 141 | ov_141 | 2.42218679746169 × 10^277 |
| 142 | ov_142 | 1.9094956995553828 × 10^277 |
| 143 | ov_143 | 1.482095472917856 × 10^277 |
| 144 | ov_144 | 1.13022197604426 × 10^277 |
| 145 | ov_145 | 8.44676126495212 × 10^276 |
| 146 | ov_146 | 6.168144872270561 × 10^276 |
| 147 | ov_147 | 4.385422816980185 × 10^276 |
| 148 | ov_148 | 3.023083829856892 × 10^276 |
| 149 | ov_149 | 2.011018614743473 × 10^276 |
| 150 | ov_150 | 1.28449714959224 × 10^276 |
| 151 | ov_151 | 7.841544428120049 × 10^275 |
| 152 | ov_152 | 4.559819055427118 × 10^275 |
| 153 | ov_153 | 2.5132227929363167 × 10^275 |
| 154 | ov_154 | 1.2686676357828264 × 10^275 |
| 155 | ov_155 | 6.2297810370535685 × 10^274 |
| 156 | aaa_76_25 | 2.4999429641593473 × 10^274 |
| 157 | aaa_76_26 | 1.537305048382166 × 10^274 |
| 158 | aaa_76_27 | 8.41922879454133 × 10^273 |
| 159 | aaa_76_28 | 3.9619879172445614 × 10^273 |
| 160 | aaa_76_29 | 1.4895467210137284 × 10^273 |

### Output Bits Sorted by Complexity

| Rank | Output Bit | Complexity |
|:----:|:----------:|:----------:|
| 160 | aaa_76_29 | 1.4895467210137284 × 10^273 |
| 159 | aaa_76_28 | 3.9619879172445614 × 10^273 |
| 158 | aaa_76_27 | 8.41922879454133 × 10^273 |
| 157 | aaa_76_26 | 1.537305048382166 × 10^274 |
| 156 | aaa_76_25 | 2.4999429641593473 × 10^274 |
| 155 | ov_155 | 6.2297810370535685 × 10^274 |
| 154 | ov_154 | 1.2686676357828264 × 10^275 |
| 153 | ov_153 | 2.5132227929363167 × 10^275 |
| 152 | ov_152 | 4.559819055427118 × 10^275 |
| 151 | ov_151 | 7.841544428120049 × 10^275 |
| 150 | ov_150 | 1.28449714959224 × 10^276 |
| 149 | ov_149 | 2.011018614743473 × 10^276 |
| 148 | ov_148 | 3.023083829856892 × 10^276 |
| 147 | ov_147 | 4.385422816980185 × 10^276 |
| 146 | ov_146 | 6.168144872270561 × 10^276 |
| 145 | ov_145 | 8.44676126495212 × 10^276 |
| 144 | ov_144 | 1.13022197604426 × 10^277 |
| 143 | ov_143 | 1.482095472917856 × 10^277 |
| 142 | ov_142 | 1.9094956995553828 × 10^277 |
| 141 | ov_141 | 2.42218679746169 × 10^277 |
| 140 | ov_140 | 3.03051030379524 × 10^277 |
| 139 | ov_139 | 3.745400944482197 × 10^277 |
| 138 | ov_138 | 4.578406457065972 × 10^277 |
| 137 | ov_137 | 5.541712056313826 × 10^277 |
| 136 | ov_136 | 6.648170195726984 × 10^277 |
| 135 | ov_135 | 7.911336318673946 × 10^277 |
| 134 | ov_134 | 9.345511334060072 × 10^277 |
| 133 | ov_133 | 1.0965791593471366 × 10^278 |
| 132 | ov_132 | 1.2788127189842525 × 10^278 |
| 131 | ov_131 | 1.4829389385342696 × 10^278 |
| 130 | ov_130 | 1.4829400980676101 × 10^278 |
| 129 | ov_129 | 1.48294371582021 × 10^278 |
| 128 | aaa_77_29 | 1.6370152075812125 × 10^278 |
| 127 | aaa_77_28 | 4.372600558167913 × 10^278 |
| 126 | ov_126 | 1.3706028702313396 × 10^279 |
| 125 | ov_125 | 3.081601382945078 × 10^279 |
| 124 | ov_124 | 5.872241749883108 × 10^279 |
| 123 | ov_123 | 1.0044512457044202 × 10^280 |
| 122 | ov_122 | 1.5900409295132867 × 10^280 |
| 121 | ov_121 | 2.3741945890827985 × 10^280 |
| 120 | ov_120 | 3.3871172049708794 × 10^280 |
| 119 | ov_119 | 4.659020175095277 × 10^280 |
| 118 | ov_118 | 6.220125165789393 × 10^280 |
| 117 | ov_117 | 8.1006702619679935 × 10^280 |
| 116 | ov_116 | 1.0330922640669994 × 10^281 |
| 115 | ov_115 | 1.2941201296935016 × 10^281 |
| 114 | ov_114 | 1.5961911425906514 × 10^281 |
| 113 | ov_113 | 1.942359436443186 × 10^281 |
| 112 | ov_112 | 2.3356996996129792 × 10^281 |
| 111 | ov_111 | 2.7793162760697167 × 10^281 |
| 110 | ov_110 | 3.276354641039158 × 10^281 |
| 109 | ov_109 | 3.830015466028386 × 10^281 |
| 108 | ov_108 | 4.443571488485595 × 10^281 |
| 107 | ov_107 | 5.1203874022936696 × 10^281 |
| 106 | ov_106 | 5.863942986715371 × 10^281 |
| 105 | ov_105 | 6.677859693453928 × 10^281 |
| 104 | ov_104 | 7.565930914326653 × 10^281 |
| 103 | ov_103 | 8.532156155858161 × 10^281 |
| 102 | ov_102 | 9.580779352093023 × 10^281 |
| 101 | ov_101 | 1.0716331553307629 × 10^282 |
| 100 | ov_100 | 1.1943678236291666 × 10^282 |
| 96 | aaa_78_29 | 1.2176019651564579 × 10^282 |
| 99 | ov_099 | 1.3268071491721176 × 10^282 |
| 98 | ov_098 | 1.326819780833346 × 10^282 |
| 97 | ov_097 | 1.3268593859059599 × 10^282 |
| 95 | aaa_78_28 | 3.213191228173224 × 10^282 |
| 94 | ov_094 | 9.989530283895544 × 10^282 |
| 93 | ov_093 | 2.2284201719702832 × 10^283 |
| 92 | ov_092 | 4.218489434658754 × 10^283 |
| 91 | ov_091 | 7.17795526215428 × 10^283 |
| 90 | ov_090 | 1.2285089108197276 × 10^284 |
| 89 | ov_089 | 2.2105505954736664 × 10^284 |
| 88 | ov_088 | 3.82360229506841 × 10^284 |
| 87 | ov_087 | 6.40804626987835 × 10^284 |
| 86 | ov_086 | 1.0346417100275296 × 10^285 |
| 85 | ov_085 | 1.6063686277182156 × 10^285 |
| 84 | ov_084 | 2.402766941907815 × 10^285 |
| 83 | ov_083 | 3.474958028075607 × 10^285 |
| 82 | ov_082 | 4.878475572179638 × 10^285 |
| 81 | ov_081 | 6.673357580736862 × 10^285 |
| 80 | ov_080 | 8.924260322141124 × 10^285 |
| 64 | lv_79_m31 | 1.0118539304741218 × 10^286 |
| 79 | ov_079 | 1.170059661842322 × 10^286 |
| 78 | ov_078 | 1.5076700908687147 × 10^286 |
| 77 | ov_077 | 1.9132023508954382 × 10^286 |
| 76 | ov_076 | 2.395135649898578 × 10^286 |
| 75 | ov_075 | 2.9625093675940396 × 10^286 |
| 74 | ov_074 | 3.6249527028855524 × 10^286 |
| 73 | ov_073 | 4.392718220851838 × 10^286 |
| 63 | ov_063 | 5.19948898100674 × 10^286 |
| 72 | ov_072 | 5.276719549616096 × 10^286 |
| 71 | ov_071 | 6.288573481353253 × 10^286 |
| 70 | ov_070 | 7.44064673684462 × 10^286 |
| 69 | ov_069 | 8.746107659618966 × 10^286 |
| 68 | ov_068 | 1.0218983114073709 × 10^287 |
| 67 | ov_067 | 1.1874220872318358 × 10^287 |
| 66 | ov_066 | 1.187423053457076 × 10^287 |
| 65 | ov_065 | 1.1874260345307567 × 10^287 |
| 62 | ov_062 | 2.3535928774471946 × 10^287 |
| 61 | ov_061 | 7.800360223097084 × 10^287 |
| 60 | ov_060 | 2.08512647254239 × 10^288 |
| 59 | ov_059 | 4.7768427179020304 × 10^288 |
| 58 | ov_058 | 9.725060414341106 × 10^288 |
| 57 | ov_057 | 1.804332071620938 × 10^289 |
| 56 | ov_056 | 3.1088836239748006 × 10^289 |
| 55 | ov_055 | 5.181971812338062 × 10^289 |
| 54 | ov_054 | 8.208057988744129 × 10^289 |
| 53 | ov_053 | 1.239598013576114 × 10^290 |
| 52 | ov_052 | 1.81877990232497 × 10^290 |
| 51 | ov_051 | 2.6074358052928935 × 10^290 |
| 50 | ov_050 | 3.659531928248966 × 10^290 |
| 49 | ov_049 | 5.033922731473428 × 10^290 |
| 48 | ov_048 | 6.794361812137633 × 10^290 |
| 47 | ov_047 | 9.009519419462275 × 10^290 |
| 32 | lv_80_k31 | 1.039762812108708 × 10^291 |
| 46 | ov_046 | 1.1753009356082004 × 10^291 |
| 45 | ov_045 | 1.5103428496357085 × 10^291 |
| 44 | ov_044 | 1.9103862454037685 × 10^291 |
| 43 | ov_043 | 2.3799975861867296 × 10^291 |
| 42 | ov_042 | 2.9240069114882685 × 10^291 |
| 41 | ov_041 | 3.552345120975167 × 10^291 |
| 40 | ov_040 | 4.270392968764852 × 10^291 |
| 31 | ov_031 | 4.291290200453108 × 10^291 |
| 39 | ov_039 | 5.083822282906517 × 10^291 |
| 38 | ov_038 | 6.004281377623802 × 10^291 |
| 37 | ov_037 | 7.044044189828987 × 10^291 |
| 36 | ov_036 | 8.216045953673908 × 10^291 |
| 35 | ov_035 | 9.533925360323338 × 10^291 |
| 34 | ov_034 | 1.1012073950329492 × 10^292 |
| 33 | ov_033 | 1.2665693534594316 × 10^292 |
| 30 | ov_030 | 1.7707755301220834 × 10^292 |
| 29 | ov_029 | 5.348847761271506 × 10^292 |
| 28 | ov_028 | 1.297605728173958 × 10^293 |
| 27 | ov_027 | 2.6943655450450198 × 10^293 |
| 26 | ov_026 | 5.6048650449494055 × 10^293 |
| 25 | ov_025 | 1.2034170590863584 × 10^294 |
| 24 | ov_024 | 2.4478687533001425 × 10^294 |
| 23 | ov_023 | 4.5926195523317926 × 10^294 |
| 22 | ov_022 | 7.98559327657193 × 10^294 |
| 21 | ov_021 | 1.3023877086008973 × 10^295 |
| 20 | ov_020 | 2.015375402513312 × 10^295 |
| 19 | ov_019 | 2.9870758562292163 × 10^295 |
| 18 | ov_018 | 4.2719766364070243 × 10^295 |
| 17 | ov_017 | 5.929513420917278 × 10^295 |
| 16 | ov_016 | 8.024090789597559 × 10^295 |
| 15 | ov_015 | 1.0625111732186414 × 10^296 |
| 14 | ov_014 | 1.3807018501483516 × 10^296 |
| 13 | ov_013 | 1.764934835899855 × 10^296 |
| 12 | ov_012 | 2.223680833526422 × 10^296 |
| 11 | ov_011 | 2.7659373517870284 × 10^296 |
| 10 | ov_010 | 3.4012413771886383 × 10^296 |
| 9 | ov_009 | 4.139685419013755 × 10^296 |
| 8 | ov_008 | 4.991937496542865 × 10^296 |
| 7 | ov_007 | 5.9692656368671625 × 10^296 |
| 6 | ov_006 | 7.083567367625387 × 10^296 |
| 5 | ov_005 | 8.347404597821283 × 10^296 |
| 4 | ov_004 | 9.774044311020386 × 10^296 |
| 3 | ov_003 | 1.1377505613236081 × 10^297 |
| 2 | ov_002 | 1.3172613699883465 × 10^297 |
| 1 | ov_001 | 1.5167439974334552 × 10^297 |

