# Results for F001-F002-F003-F004-F005-F006-F007-F008-F009-F010-F011-F012-F013-F014-F015-F016-F017-F018-F019-F020-F021-F022-F023-F024-F025-F026-F027-F028-F029-F030-F031-F032-F033-F034-F035-F036-F037-F038-F039-F040-F041-F042-F043-F044-F045-F046-F047-F048-F049-F050-F051-F052-F053-F054-F055-F056-F057-F058-F059-F060-F061-F062-F063-F064-F065-F066-F067-F068-F069-F070-F071-F072-F073-F074-F075-F076-F077-F078-F079-F080-F081-F082-F083-F084-F085-F086-F087-F088-F089-F090-F091-F092-F093-F094-F095-F096-F097-F098-F099-F100-F101-F102-F103-F104-F105-F106-F107-F108-F109-F110-F111-F112-F113-F114-F115-F116-F117-F118-F119-F120-F121-F122-F123-F124-F125-F126-F127-F128-F129-F130-F131-F132-F133-F134-F135-F136-F137-F138-F139-F140-F141-F142-F143-F144-F145-F146-F147-F148-F149-F150-F151-F152-F153-F154-F155-F156-F157-F158-F159-F160-F161-F162-F163-F164-F165-F166-F167-F168-F169-F170-F171-F172-F173-F174-F175-F176-F177-F178-F179-F180-F181-F182-F183-F184-F185-F186-F187-F188-F189-F190-F191-F192-F193-F194-F195-F196-F197-F198-F199-F200-F201-F202-F203-F204-F205-F206-F207-F208-F209-F210-F211-F212-F213-F214-F215-F216-F217-F218-F219-F220-F221-F222-F223-F224-F225-F226-F227-F228-F229-F230-F231-F232-F233-F234-F235-F236-F237-F238-F239-F240-F241-F242-F243-F244-F245-F246-F247-F248-F249-F250-F251-F252-F253-F254-F255-F256-F257-F258-F259-F260-F261-F262-F263-F264-F265-F266-F267-F268-F269-F270-F271-F272-F273-F274-F275-F276-F277-F278-F279-F280-F281-F282-F283-F284-F285-F286-F287-F288-F289-F290-F291-F292-F293-F294-F295-F296-F297-F298-F299-F300-F301-F302-F303-F304-F305-F306-F307-F308-F309-F310-F311-F312-F313-F314-F315-F316-F317-F318-F319-F320-F321-F322-F323-F324-F325-F326-F327-F328-F329-F330-F331-F332-F333-F334-F335-F336-F337-F338-F339-F340-F341-F342-F343-F344-F345-F346-F347-F348-F349-F350-F351-F352-F353-F354-F355-F356-F357-F358-F359-F360-F361-F362-F363-F364-F365-F366-F367-F368-F369-F370-F371-F372-F373-F374-F375-F376-F377-F378-F379-F380-F381-F382-F383-F384-F385-F386-F387-F388-F389-F390-F391-F392-F393-F394-F395-F396-F397-F398-F399-F400-F401-F402-F403-F404-F405-F406-F407-F408-F409-F410-F411-F412-F413-F414-F415-F416-F417-F418-F419-F420-F421-F422-F423-F424-F425-F426-F427-F428-F429-F430-F431-F432-F433-F434-F435-F436-F437-F438-F439-F440-F441-F442-F443-F444-F445-F446-F447-F448-F449-F450-F451-F452-F453-F454-F455-F456-F457-F458-F459-F460-F461-F462-F463-F464-F465-F466-F467-F468-F469-F470-F471-F472-F473-F474-F475-F476-F477-F478-F479-F480-F481-F482-F483-F484-F485-F486-F487-F488-F489-F490-F491-F492-F493-F494-F495-F496-O500501-F507-F508-F509-F510-F511-F512

## Summary

Number of input bits: 512  
Number of free input bits: 9  
Number of output bits: 160

Number of direct occurrences: 36089  
Number of assignments: 30614  
Number of operations: 10772445
(xor: 10744594,
and: 14787,
or: 13064)

Total complexity: 1.0016066678982336 × 10^297

Least occurring input variable: iv_499 (3887)  
Most occurring input variable: iv_500 (4181)

Most co-occurring input variables: iv_500-iv_504 (1975)  
Least co-occurring input variables: iv_499-iv_506 (1799)

Potentially most occurring input variable: iv_500/iv_506 (4411)  
Potentially least occurring input variable: iv_498/iv_504 (4090)

Least output occurring input variable: iv_506 (73)  
Most output occurring input variable: iv_503 (87)

Most output co-occurring input variables: iv_499-iv_503 (50)  
Least output co-occurring input variables: iv_504-iv_506 (32)

Potentially most output occurring input variable: iv_502/iv_505 (91)  
Potentially least output occurring input variable: iv_499/iv_503 (65)

Least complex input bit: iv_497 (3.9252881318066184 × 10^294)  
Most complex input bit: iv_505 (3.5163219550221033 × 10^296)

Least complex output bit: aaa_76_29 (7.6295617463132165 × 10^271)  
Most complex output bit: ov_001 (1.6299286511612432 × 10^296)

Least complex input/output complexity: iv_497/aaa_76_29 (2.9900188500673915 × 10^269)  
Most complex input/output complexity: iv_505/ov_001 (5.72216028995143 × 10^295)

## Input Bits

### Input Bits in Regular Order

| Input Bit | Complexity | Occurrences | Output Occurrences |
|:---------:|:----------:|:-----------:|:------------------:|
| iv_497 | 3.9252881318066184 × 10^294 | 4028 | 77 |
| iv_498 | 5.645926914442749 × 10^294 | 3929 | 85 |
| iv_499 | 9.79827718720621 × 10^294 | 3887 | 78 |
| iv_500 | 6.101787565930272 × 10^295 | 4181 | 76 |
| iv_502 | 8.8986909595085 × 10^295 | 3997 | 86 |
| iv_503 | 1.5910814059690294 × 10^296 | 4040 | 87 |
| iv_504 | 2.65682348869617 × 10^296 | 4017 | 80 |
| iv_505 | 3.5163219550221033 × 10^296 | 4010 | 79 |
| iv_506 | 5.580970544166023 × 10^295 | 4000 | 73 |

### Input Bits Sorted by Complexity

| Input Bit | Complexity | Occurrences | Output Occurrences |
|:---------:|:----------:|:-----------:|:------------------:|
| iv_497 | 3.9252881318066184 × 10^294 | 4028 | 77 |
| iv_498 | 5.645926914442749 × 10^294 | 3929 | 85 |
| iv_499 | 9.79827718720621 × 10^294 | 3887 | 78 |
| iv_506 | 5.580970544166023 × 10^295 | 4000 | 73 |
| iv_500 | 6.101787565930272 × 10^295 | 4181 | 76 |
| iv_502 | 8.8986909595085 × 10^295 | 3997 | 86 |
| iv_503 | 1.5910814059690294 × 10^296 | 4040 | 87 |
| iv_504 | 2.65682348869617 × 10^296 | 4017 | 80 |
| iv_505 | 3.5163219550221033 × 10^296 | 4010 | 79 |

### Input Bits Sorted by Occurrences

| Input Bit | Complexity | Occurrences | Output Occurrences |
|:---------:|:----------:|:-----------:|:------------------:|
| iv_499 | 9.79827718720621 × 10^294 | 3887 | 78 |
| iv_498 | 5.645926914442749 × 10^294 | 3929 | 85 |
| iv_502 | 8.8986909595085 × 10^295 | 3997 | 86 |
| iv_506 | 5.580970544166023 × 10^295 | 4000 | 73 |
| iv_505 | 3.5163219550221033 × 10^296 | 4010 | 79 |
| iv_504 | 2.65682348869617 × 10^296 | 4017 | 80 |
| iv_497 | 3.9252881318066184 × 10^294 | 4028 | 77 |
| iv_503 | 1.5910814059690294 × 10^296 | 4040 | 87 |
| iv_500 | 6.101787565930272 × 10^295 | 4181 | 76 |

### Input Bits Sorted by Output Occurrences

| Input Bit | Complexity | Occurrences | Output Occurrences |
|:---------:|:----------:|:-----------:|:------------------:|
| iv_506 | 5.580970544166023 × 10^295 | 4000 | 73 |
| iv_500 | 6.101787565930272 × 10^295 | 4181 | 76 |
| iv_497 | 3.9252881318066184 × 10^294 | 4028 | 77 |
| iv_499 | 9.79827718720621 × 10^294 | 3887 | 78 |
| iv_505 | 3.5163219550221033 × 10^296 | 4010 | 79 |
| iv_504 | 2.65682348869617 × 10^296 | 4017 | 80 |
| iv_498 | 5.645926914442749 × 10^294 | 3929 | 85 |
| iv_502 | 8.8986909595085 × 10^295 | 3997 | 86 |
| iv_503 | 1.5910814059690294 × 10^296 | 4040 | 87 |

## Input Bit Co-occurrences

### Input Bit Co-occurrences Sorted by Co-occurrences

| Input Bits | Co-occurrences | Potential Occurrences | Output Co-occurrences | Potential Output Occurrences |
|:----------:|:--------------:|:---------------------:|:---------------------:|:----------------------------:|
| iv_500-iv_504 | 1975 | 4248 | 41 | 74 |
| iv_503-iv_506 | 1961 | 4118 | 38 | 84 |
| iv_500-iv_503 | 1945 | 4331 | 41 | 81 |
| iv_503-iv_504 | 1938 | 4181 | 45 | 77 |
| iv_497-iv_502 | 1936 | 4153 | 41 | 81 |
| iv_497-iv_500 | 1933 | 4343 | 39 | 75 |
| iv_498-iv_504 | 1928 | 4090 | 40 | 85 |
| iv_504-iv_505 | 1922 | 4183 | 42 | 75 |
| iv_502-iv_504 | 1915 | 4184 | 47 | 72 |

### Input Bit Co-occurrences Sorted by Potential Occurrences

| Input Bits | Co-occurrences | Potential Occurrences | Output Co-occurrences | Potential Output Occurrences |
|:----------:|:--------------:|:---------------------:|:---------------------:|:----------------------------:|
| iv_498-iv_504 | 1928 | 4090 | 40 | 85 |
| iv_499-iv_504 | 1903 | 4098 | 40 | 78 |
| iv_503-iv_506 | 1961 | 4118 | 38 | 84 |
| iv_499-iv_502 | 1881 | 4122 | 38 | 88 |
| iv_497-iv_502 | 1936 | 4153 | 41 | 81 |
| iv_498-iv_505 | 1892 | 4155 | 42 | 80 |
| iv_499-iv_505 | 1863 | 4171 | 39 | 79 |
| iv_503-iv_504 | 1938 | 4181 | 45 | 77 |
| iv_504-iv_505 | 1922 | 4183 | 42 | 75 |

### Input Bit Output Co-occurrences Sorted by Output Co-occurrences

| Input Bits | Co-occurrences | Potential Occurrences | Output Co-occurrences | Potential Output Occurrences |
|:----------:|:--------------:|:---------------------:|:---------------------:|:----------------------------:|
| iv_499-iv_503 | 1872 | 4183 | 50 | 65 |
| iv_498-iv_502 | 1846 | 4234 | 48 | 75 |
| iv_498-iv_503 | 1884 | 4201 | 47 | 78 |
| iv_502-iv_504 | 1915 | 4184 | 47 | 72 |
| iv_503-iv_504 | 1938 | 4181 | 45 | 77 |
| iv_498-iv_500 | 1914 | 4282 | 44 | 73 |
| iv_502-iv_503 | 1879 | 4279 | 43 | 87 |
| iv_498-iv_505 | 1892 | 4155 | 42 | 80 |
| iv_497-iv_503 | 1874 | 4320 | 42 | 80 |

### Input Bit Output Co-occurrences Sorted by Potential Output Occurrences

| Input Bits | Co-occurrences | Potential Occurrences | Output Co-occurrences | Potential Output Occurrences |
|:----------:|:--------------:|:---------------------:|:---------------------:|:----------------------------:|
| iv_499-iv_503 | 1872 | 4183 | 50 | 65 |
| iv_505-iv_506 | 1862 | 4286 | 41 | 70 |
| iv_502-iv_504 | 1915 | 4184 | 47 | 72 |
| iv_498-iv_500 | 1914 | 4282 | 44 | 73 |
| iv_500-iv_504 | 1975 | 4248 | 41 | 74 |
| iv_497-iv_499 | 1844 | 4227 | 40 | 75 |
| iv_497-iv_500 | 1933 | 4343 | 39 | 75 |
| iv_500-iv_506 | 1885 | 4411 | 37 | 75 |
| iv_504-iv_505 | 1922 | 4183 | 42 | 75 |

## Output Bits

### Output Bits in Regular Order

| Rank | Output Bit | Complexity |
|:----:|:----------:|:----------:|
| 1 | ov_001 | 1.6299286511612432 × 10^296 |
| 2 | ov_002 | 1.4091895353412995 × 10^296 |
| 3 | ov_003 | 1.2119085329052302 × 10^296 |
| 4 | ov_004 | 1.0362828791405078 × 10^296 |
| 5 | ov_005 | 8.806080791238803 × 10^295 |
| 6 | ov_006 | 7.432708092153388 × 10^295 |
| 7 | ov_007 | 6.227427570313491 × 10^295 |
| 8 | ov_008 | 5.17575342483191 × 10^295 |
| 9 | ov_009 | 4.2639524853825163 × 10^295 |
| 10 | ov_010 | 3.479006772618728 × 10^295 |
| 11 | ov_011 | 2.8085824571601643 × 10^295 |
| 12 | ov_012 | 2.241004411625752 × 10^295 |
| 13 | ov_013 | 1.7652355980321013 × 10^295 |
| 14 | ov_014 | 1.3708605800458912 × 10^295 |
| 15 | ov_015 | 1.0480724962420143 × 10^295 |
| 16 | ov_016 | 7.876628768022979 × 10^294 |
| 17 | ov_017 | 5.810137320908519 × 10^294 |
| 18 | ov_018 | 4.200914144956976 × 10^294 |
| 19 | ov_019 | 2.974418792074759 × 10^294 |
| 20 | ov_020 | 2.0618708526214625 × 10^294 |
| 21 | ov_021 | 1.4002233092988773 × 10^294 |
| 22 | ov_022 | 9.321434025735062 × 10^293 |
| 23 | ov_023 | 6.059994027931711 × 10^293 |
| 24 | ov_024 | 3.758519111593682 × 10^293 |
| 25 | ov_025 | 2.2015346715028075 × 10^293 |
| 26 | ov_026 | 1.201991422917236 × 10^293 |
| 27 | ov_027 | 6.012557234638973 × 10^292 |
| 28 | ov_028 | 2.691055507338838 × 10^292 |
| 29 | ov_029 | 1.0372912628026348 × 10^292 |
| 30 | ov_030 | 3.172455509924588 × 10^291 |
| 31 | ov_031 | 6.191644676330976 × 10^290 |
| 32 | lv_80_m31 | 1.2083150130724267 × 10^290 |
| 33 | ov_033 | 1.4403090517310253 × 10^291 |
| 34 | ov_034 | 1.249498213093081 × 10^291 |
| 35 | ov_035 | 1.0787620804823409 × 10^291 |
| 36 | ov_036 | 9.26318290860826 × 10^290 |
| 37 | ov_037 | 7.904798284933896 × 10^290 |
| 38 | ov_038 | 6.6964832717646116 × 10^290 |
| 39 | ov_039 | 5.623083073640376 × 10^290 |
| 40 | ov_040 | 4.677220859800179 × 10^290 |
| 41 | ov_041 | 3.851898303941622 × 10^290 |
| 42 | ov_042 | 3.1404764855727406 × 10^290 |
| 43 | ov_043 | 2.536659907159418 × 10^290 |
| 44 | ov_044 | 2.028837202679697 × 10^290 |
| 45 | ov_045 | 1.6060268795800843 × 10^290 |
| 46 | ov_046 | 1.2578617116208733 × 10^290 |
| 47 | ov_047 | 9.745765312893763 × 10^289 |
| 48 | ov_048 | 7.469988389342685 × 10^289 |
| 49 | ov_049 | 5.66541689576136 × 10^289 |
| 50 | ov_050 | 4.2519836194429583 × 10^289 |
| 51 | ov_051 | 3.155383805630665 × 10^289 |
| 52 | ov_052 | 2.3070457084458025 × 10^289 |
| 53 | ov_053 | 1.6441092810161818 × 10^289 |
| 54 | ov_054 | 1.1365702125162275 × 10^289 |
| 55 | ov_055 | 7.57269575673929 × 10^288 |
| 56 | ov_056 | 4.818898939288091 × 10^288 |
| 57 | ov_057 | 2.8895272706397065 × 10^288 |
| 58 | ov_058 | 1.598172926532771 × 10^288 |
| 59 | ov_059 | 7.867974834498016 × 10^287 |
| 60 | ov_060 | 3.257286570384337 × 10^287 |
| 61 | ov_061 | 1.1365912454135145 × 10^287 |
| 62 | ov_062 | 3.114474797370703 × 10^286 |
| 63 | ov_063 | 6.062986777274359 × 10^285 |
| 64 | lv_79_m31 | 1.1799943519766946 × 10^285 |
| 65 | ov_065 | 1.3954599367230888 × 10^286 |
| 66 | ov_066 | 1.395455852176069 × 10^286 |
| 67 | ov_067 | 1.3954548831477588 × 10^286 |
| 68 | ov_068 | 1.2031145786137526 × 10^286 |
| 69 | ov_069 | 1.0317172098827668 × 10^286 |
| 70 | ov_070 | 8.796408715259168 × 10^285 |
| 71 | ov_071 | 7.453399347035293 × 10^285 |
| 72 | ov_072 | 6.273404994659388 × 10^285 |
| 73 | ov_073 | 5.2423682960279415 × 10^285 |
| 74 | ov_074 | 4.3468859543733313 × 10^285 |
| 75 | ov_075 | 3.574187590686234 × 10^285 |
| 76 | ov_076 | 2.9121194534504175 × 10^285 |
| 77 | ov_077 | 2.3491315036814623 × 10^285 |
| 78 | ov_078 | 1.8742666259922722 × 10^285 |
| 79 | ov_079 | 1.4771512370182525 × 10^285 |
| 80 | ov_080 | 1.1479870524485422 × 10^285 |
| 81 | ov_081 | 8.77543934276184 × 10^284 |
| 82 | ov_082 | 6.613480210540898 × 10^284 |
| 83 | ov_083 | 4.9128794131302345 × 10^284 |
| 84 | ov_084 | 3.5980471671077785 × 10^284 |
| 85 | ov_085 | 2.5988815559877745 × 10^284 |
| 86 | ov_086 | 1.8507394089617663 × 10^284 |
| 87 | ov_087 | 1.2944133565135942 × 10^284 |
| 88 | ov_088 | 8.761142973334018 × 10^283 |
| 89 | ov_089 | 5.703003704713986 × 10^283 |
| 90 | ov_090 | 3.5412971677619696 × 10^283 |
| 91 | ov_091 | 2.0745685058762917 × 10^283 |
| 92 | ov_092 | 1.12830398307915 × 10^283 |
| 93 | ov_093 | 5.549182790955571 × 10^282 |
| 94 | ov_094 | 2.3374825079158992 × 10^282 |
| 95 | aaa_78_28 | 7.105038709145762 × 10^281 |
| 96 | aaa_78_29 | 2.128415084717031 × 10^281 |
| 97 | ov_097 | 1.1083399199624143 × 10^281 |
| 98 | ov_098 | 1.1083273977232445 × 10^281 |
| 99 | ov_099 | 1.1083234049271725 × 10^281 |
| 100 | ov_100 | 9.108064215291092 × 10^280 |
| 101 | ov_101 | 7.429142520183282 × 10^280 |
| 102 | ov_102 | 6.01556602261538 × 10^280 |
| 103 | ov_103 | 4.838103935410853 × 10^280 |
| 104 | ov_104 | 3.869075624714439 × 10^280 |
| 105 | ov_105 | 3.0822451747981916 × 10^280 |
| 106 | ov_106 | 2.4527309483276623 × 10^280 |
| 107 | ov_107 | 1.956928649991031 × 10^280 |
| 108 | ov_108 | 1.5724464771878394 × 10^280 |
| 109 | ov_109 | 1.2780510155258373 × 10^280 |
| 110 | ov_110 | 1.053622609637819 × 10^280 |
| 111 | ov_111 | 8.801190116753016 × 10^279 |
| 112 | ov_112 | 7.39546181052722 × 10^279 |
| 113 | ov_113 | 6.149351798207054 × 10^279 |
| 114 | ov_114 | 5.052926976575088 × 10^279 |
| 115 | ov_115 | 4.0963587109591094 × 10^279 |
| 116 | ov_116 | 3.2698970643627926 × 10^279 |
| 117 | ov_117 | 2.5638513196977948 × 10^279 |
| 118 | ov_118 | 1.9685746843415727 × 10^279 |
| 119 | ov_119 | 1.4744519904634813 × 10^279 |
| 120 | ov_120 | 1.0718900411371733 × 10^279 |
| 121 | ov_121 | 7.51310252346385 × 10^278 |
| 122 | ov_122 | 5.03143241034347 × 10^278 |
| 123 | ov_123 | 3.1782500935914304 × 10^278 |
| 124 | ov_124 | 1.8579437533230193 × 10^278 |
| 125 | ov_125 | 9.749138438884543 × 10^277 |
| 126 | ov_126 | 4.335650100065331 × 10^277 |
| 127 | aaa_77_28 | 1.3830299175353935 × 10^277 |
| 128 | aaa_77_29 | 5.176846719559686 × 10^276 |
| 129 | ov_129 | 4.7158285698985034 × 10^276 |
| 130 | ov_130 | 4.7158137519113933 × 10^276 |
| 131 | ov_131 | 4.715810182147389 × 10^276 |
| 132 | ov_132 | 4.069185081719187 × 10^276 |
| 133 | ov_133 | 3.4921101457351377 × 10^276 |
| 134 | ov_134 | 2.9792645825440786 × 10^276 |
| 135 | ov_135 | 2.5255998800867256 × 10^276 |
| 136 | ov_136 | 2.1263202728445086 × 10^276 |
| 137 | ov_137 | 1.7768662705861498 × 10^276 |
| 138 | ov_138 | 1.4729009275841465 × 10^276 |
| 139 | ov_139 | 1.2102985467963762 × 10^276 |
| 140 | ov_140 | 9.851355290118766 × 10^275 |
| 141 | ov_141 | 7.936830922367413 × 10^275 |
| 142 | ov_142 | 6.324016017171066 × 10^275 |
| 143 | ov_143 | 4.9793626601295926 × 10^275 |
| 144 | ov_144 | 3.8711396948322894 × 10^275 |
| 145 | ov_145 | 2.9694102643997995 × 10^275 |
| 146 | ov_146 | 2.2460165708934433 × 10^275 |
| 147 | ov_147 | 1.6745700020689874 × 10^275 |
| 148 | ov_148 | 1.230444923015035 × 10^275 |
| 149 | ov_149 | 8.907746567914157 × 10^274 |
| 150 | ov_150 | 6.3444862226439245 × 10^274 |
| 151 | ov_151 | 4.421101433813612 × 10^274 |
| 152 | ov_152 | 2.9615477739723013 × 10^274 |
| 153 | ov_153 | 1.8821818242352862 × 10^274 |
| 154 | ov_154 | 1.1081126432083929 × 10^274 |
| 155 | ov_155 | 5.731983046075935 × 10^273 |
| 156 | aaa_76_25 | 2.2004387690204278 × 10^273 |
| 157 | aaa_76_26 | 1.268374672882831 × 10^273 |
| 158 | aaa_76_27 | 6.47903309533289 × 10^272 |
| 159 | aaa_76_28 | 2.5157651514494042 × 10^272 |
| 160 | aaa_76_29 | 7.6295617463132165 × 10^271 |

### Output Bits Sorted by Complexity

| Rank | Output Bit | Complexity |
|:----:|:----------:|:----------:|
| 160 | aaa_76_29 | 7.6295617463132165 × 10^271 |
| 159 | aaa_76_28 | 2.5157651514494042 × 10^272 |
| 158 | aaa_76_27 | 6.47903309533289 × 10^272 |
| 157 | aaa_76_26 | 1.268374672882831 × 10^273 |
| 156 | aaa_76_25 | 2.2004387690204278 × 10^273 |
| 155 | ov_155 | 5.731983046075935 × 10^273 |
| 154 | ov_154 | 1.1081126432083929 × 10^274 |
| 153 | ov_153 | 1.8821818242352862 × 10^274 |
| 152 | ov_152 | 2.9615477739723013 × 10^274 |
| 151 | ov_151 | 4.421101433813612 × 10^274 |
| 150 | ov_150 | 6.3444862226439245 × 10^274 |
| 149 | ov_149 | 8.907746567914157 × 10^274 |
| 148 | ov_148 | 1.230444923015035 × 10^275 |
| 147 | ov_147 | 1.6745700020689874 × 10^275 |
| 146 | ov_146 | 2.2460165708934433 × 10^275 |
| 145 | ov_145 | 2.9694102643997995 × 10^275 |
| 144 | ov_144 | 3.8711396948322894 × 10^275 |
| 143 | ov_143 | 4.9793626601295926 × 10^275 |
| 142 | ov_142 | 6.324016017171066 × 10^275 |
| 141 | ov_141 | 7.936830922367413 × 10^275 |
| 140 | ov_140 | 9.851355290118766 × 10^275 |
| 139 | ov_139 | 1.2102985467963762 × 10^276 |
| 138 | ov_138 | 1.4729009275841465 × 10^276 |
| 137 | ov_137 | 1.7768662705861498 × 10^276 |
| 136 | ov_136 | 2.1263202728445086 × 10^276 |
| 135 | ov_135 | 2.5255998800867256 × 10^276 |
| 134 | ov_134 | 2.9792645825440786 × 10^276 |
| 133 | ov_133 | 3.4921101457351377 × 10^276 |
| 132 | ov_132 | 4.069185081719187 × 10^276 |
| 131 | ov_131 | 4.715810182147389 × 10^276 |
| 130 | ov_130 | 4.7158137519113933 × 10^276 |
| 129 | ov_129 | 4.7158285698985034 × 10^276 |
| 128 | aaa_77_29 | 5.176846719559686 × 10^276 |
| 127 | aaa_77_28 | 1.3830299175353935 × 10^277 |
| 126 | ov_126 | 4.335650100065331 × 10^277 |
| 125 | ov_125 | 9.749138438884543 × 10^277 |
| 124 | ov_124 | 1.8579437533230193 × 10^278 |
| 123 | ov_123 | 3.1782500935914304 × 10^278 |
| 122 | ov_122 | 5.03143241034347 × 10^278 |
| 121 | ov_121 | 7.51310252346385 × 10^278 |
| 120 | ov_120 | 1.0718900411371733 × 10^279 |
| 119 | ov_119 | 1.4744519904634813 × 10^279 |
| 118 | ov_118 | 1.9685746843415727 × 10^279 |
| 117 | ov_117 | 2.5638513196977948 × 10^279 |
| 116 | ov_116 | 3.2698970643627926 × 10^279 |
| 115 | ov_115 | 4.0963587109591094 × 10^279 |
| 114 | ov_114 | 5.052926976575088 × 10^279 |
| 113 | ov_113 | 6.149351798207054 × 10^279 |
| 112 | ov_112 | 7.39546181052722 × 10^279 |
| 111 | ov_111 | 8.801190116753016 × 10^279 |
| 110 | ov_110 | 1.053622609637819 × 10^280 |
| 109 | ov_109 | 1.2780510155258373 × 10^280 |
| 108 | ov_108 | 1.5724464771878394 × 10^280 |
| 107 | ov_107 | 1.956928649991031 × 10^280 |
| 106 | ov_106 | 2.4527309483276623 × 10^280 |
| 105 | ov_105 | 3.0822451747981916 × 10^280 |
| 104 | ov_104 | 3.869075624714439 × 10^280 |
| 103 | ov_103 | 4.838103935410853 × 10^280 |
| 102 | ov_102 | 6.01556602261538 × 10^280 |
| 101 | ov_101 | 7.429142520183282 × 10^280 |
| 100 | ov_100 | 9.108064215291092 × 10^280 |
| 99 | ov_099 | 1.1083234049271725 × 10^281 |
| 98 | ov_098 | 1.1083273977232445 × 10^281 |
| 97 | ov_097 | 1.1083399199624143 × 10^281 |
| 96 | aaa_78_29 | 2.128415084717031 × 10^281 |
| 95 | aaa_78_28 | 7.105038709145762 × 10^281 |
| 94 | ov_094 | 2.3374825079158992 × 10^282 |
| 93 | ov_093 | 5.549182790955571 × 10^282 |
| 92 | ov_092 | 1.12830398307915 × 10^283 |
| 91 | ov_091 | 2.0745685058762917 × 10^283 |
| 90 | ov_090 | 3.5412971677619696 × 10^283 |
| 89 | ov_089 | 5.703003704713986 × 10^283 |
| 88 | ov_088 | 8.761142973334018 × 10^283 |
| 87 | ov_087 | 1.2944133565135942 × 10^284 |
| 86 | ov_086 | 1.8507394089617663 × 10^284 |
| 85 | ov_085 | 2.5988815559877745 × 10^284 |
| 84 | ov_084 | 3.5980471671077785 × 10^284 |
| 83 | ov_083 | 4.9128794131302345 × 10^284 |
| 82 | ov_082 | 6.613480210540898 × 10^284 |
| 81 | ov_081 | 8.77543934276184 × 10^284 |
| 80 | ov_080 | 1.1479870524485422 × 10^285 |
| 64 | lv_79_m31 | 1.1799943519766946 × 10^285 |
| 79 | ov_079 | 1.4771512370182525 × 10^285 |
| 78 | ov_078 | 1.8742666259922722 × 10^285 |
| 77 | ov_077 | 2.3491315036814623 × 10^285 |
| 76 | ov_076 | 2.9121194534504175 × 10^285 |
| 75 | ov_075 | 3.574187590686234 × 10^285 |
| 74 | ov_074 | 4.3468859543733313 × 10^285 |
| 73 | ov_073 | 5.2423682960279415 × 10^285 |
| 63 | ov_063 | 6.062986777274359 × 10^285 |
| 72 | ov_072 | 6.273404994659388 × 10^285 |
| 71 | ov_071 | 7.453399347035293 × 10^285 |
| 70 | ov_070 | 8.796408715259168 × 10^285 |
| 69 | ov_069 | 1.0317172098827668 × 10^286 |
| 68 | ov_068 | 1.2031145786137526 × 10^286 |
| 67 | ov_067 | 1.3954548831477588 × 10^286 |
| 66 | ov_066 | 1.395455852176069 × 10^286 |
| 65 | ov_065 | 1.3954599367230888 × 10^286 |
| 62 | ov_062 | 3.114474797370703 × 10^286 |
| 61 | ov_061 | 1.1365912454135145 × 10^287 |
| 60 | ov_060 | 3.257286570384337 × 10^287 |
| 59 | ov_059 | 7.867974834498016 × 10^287 |
| 58 | ov_058 | 1.598172926532771 × 10^288 |
| 57 | ov_057 | 2.8895272706397065 × 10^288 |
| 56 | ov_056 | 4.818898939288091 × 10^288 |
| 55 | ov_055 | 7.57269575673929 × 10^288 |
| 54 | ov_054 | 1.1365702125162275 × 10^289 |
| 53 | ov_053 | 1.6441092810161818 × 10^289 |
| 52 | ov_052 | 2.3070457084458025 × 10^289 |
| 51 | ov_051 | 3.155383805630665 × 10^289 |
| 50 | ov_050 | 4.2519836194429583 × 10^289 |
| 49 | ov_049 | 5.66541689576136 × 10^289 |
| 48 | ov_048 | 7.469988389342685 × 10^289 |
| 47 | ov_047 | 9.745765312893763 × 10^289 |
| 32 | lv_80_m31 | 1.2083150130724267 × 10^290 |
| 46 | ov_046 | 1.2578617116208733 × 10^290 |
| 45 | ov_045 | 1.6060268795800843 × 10^290 |
| 44 | ov_044 | 2.028837202679697 × 10^290 |
| 43 | ov_043 | 2.536659907159418 × 10^290 |
| 42 | ov_042 | 3.1404764855727406 × 10^290 |
| 41 | ov_041 | 3.851898303941622 × 10^290 |
| 40 | ov_040 | 4.677220859800179 × 10^290 |
| 39 | ov_039 | 5.623083073640376 × 10^290 |
| 31 | ov_031 | 6.191644676330976 × 10^290 |
| 38 | ov_038 | 6.6964832717646116 × 10^290 |
| 37 | ov_037 | 7.904798284933896 × 10^290 |
| 36 | ov_036 | 9.26318290860826 × 10^290 |
| 35 | ov_035 | 1.0787620804823409 × 10^291 |
| 34 | ov_034 | 1.249498213093081 × 10^291 |
| 33 | ov_033 | 1.4403090517310253 × 10^291 |
| 30 | ov_030 | 3.172455509924588 × 10^291 |
| 29 | ov_029 | 1.0372912628026348 × 10^292 |
| 28 | ov_028 | 2.691055507338838 × 10^292 |
| 27 | ov_027 | 6.012557234638973 × 10^292 |
| 26 | ov_026 | 1.201991422917236 × 10^293 |
| 25 | ov_025 | 2.2015346715028075 × 10^293 |
| 24 | ov_024 | 3.758519111593682 × 10^293 |
| 23 | ov_023 | 6.059994027931711 × 10^293 |
| 22 | ov_022 | 9.321434025735062 × 10^293 |
| 21 | ov_021 | 1.4002233092988773 × 10^294 |
| 20 | ov_020 | 2.0618708526214625 × 10^294 |
| 19 | ov_019 | 2.974418792074759 × 10^294 |
| 18 | ov_018 | 4.200914144956976 × 10^294 |
| 17 | ov_017 | 5.810137320908519 × 10^294 |
| 16 | ov_016 | 7.876628768022979 × 10^294 |
| 15 | ov_015 | 1.0480724962420143 × 10^295 |
| 14 | ov_014 | 1.3708605800458912 × 10^295 |
| 13 | ov_013 | 1.7652355980321013 × 10^295 |
| 12 | ov_012 | 2.241004411625752 × 10^295 |
| 11 | ov_011 | 2.8085824571601643 × 10^295 |
| 10 | ov_010 | 3.479006772618728 × 10^295 |
| 9 | ov_009 | 4.2639524853825163 × 10^295 |
| 8 | ov_008 | 5.17575342483191 × 10^295 |
| 7 | ov_007 | 6.227427570313491 × 10^295 |
| 6 | ov_006 | 7.432708092153388 × 10^295 |
| 5 | ov_005 | 8.806080791238803 × 10^295 |
| 4 | ov_004 | 1.0362828791405078 × 10^296 |
| 3 | ov_003 | 1.2119085329052302 × 10^296 |
| 2 | ov_002 | 1.4091895353412995 × 10^296 |
| 1 | ov_001 | 1.6299286511612432 × 10^296 |

