# Results for F001-F002-F003-F004-F005-F006-F007-F008-F009-F010-F011-F012-F013-F014-F015-F016-F017-F018-F019-F020-F021-F022-F023-F024-F025-F026-F027-F028-F029-F030-F031-F032-F033-F034-F035-F036-F037-F038-F039-F040-F041-F042-F043-F044-F045-F046-F047-F048-F049-F050-F051-F052-F053-F054-F055-F056-F057-F058-F059-F060-F061-F062-F063-F064-F065-F066-F067-F068-F069-F070-F071-F072-F073-F074-F075-F076-F077-F078-F079-F080-F081-F082-F083-F084-F085-F086-F087-F088-F089-F090-F091-F092-F093-F094-F095-F096-F097-F098-F099-F100-F101-F102-F103-F104-F105-F106-F107-F108-F109-F110-F111-F112-F113-F114-F115-F116-F117-F118-F119-F120-F121-F122-F123-F124-F125-F126-F127-F128-F129-F130-F131-F132-F133-F134-F135-F136-F137-F138-F139-F140-F141-F142-F143-F144-F145-F146-F147-F148-F149-F150-F151-F152-F153-F154-F155-F156-F157-F158-F159-F160-F161-F162-F163-F164-F165-F166-F167-F168-F169-F170-F171-F172-F173-F174-F175-F176-F177-F178-F179-F180-F181-F182-F183-F184-F185-F186-F187-F188-F189-F190-F191-F192-F193-F194-F195-F196-F197-F198-F199-F200-F201-F202-F203-F204-F205-F206-F207-F208-F209-F210-F211-F212-F213-F214-F215-F216-F217-F218-F219-F220-F221-F222-F223-F224-F225-F226-F227-F228-F229-F230-F231-F232-F233-F234-F235-F236-F237-F238-F239-F240-F241-F242-F243-F244-F245-F246-F247-F248-F249-F250-F251-F252-F253-F254-F255-F256-F257-F258-F259-F260-F261-F262-F263-F264-F265-F266-F267-F268-F269-F270-F271-F272-F273-F274-F275-F276-F277-F278-F279-F280-F281-F282-F283-F284-F285-F286-F287-F288-F289-F290-F291-F292-F293-F294-F295-F296-F297-F298-F299-F300-F301-F302-F303-F304-F305-F306-F307-F308-F309-F310-F311-F312-F313-F314-F315-F316-F317-F318-F319-F320-F321-F322-F323-F324-F325-F326-F327-F328-F329-F330-F331-F332-F333-F334-F335-F336-F337-F338-F339-F340-F341-F342-F343-F344-F345-F346-F347-F348-F349-F350-F351-F352-F353-F354-F355-F356-F357-F358-F359-F360-F361-F362-F363-F364-F365-F366-F367-F368-F369-F370-F371-F372-F373-F374-F375-F376-F377-F378-F379-F380-F381-F382-F383-F384-F385-F386-F387-F388-F389-F390-F391-F392-F393-F394-F395-F396-F397-F398-F399-F400-F401-F402-F403-F404-F405-F406-F407-F408-F409-F410-F411-F412-F413-F414-F415-F416-F417-F418-F419-F420-F421-F422-F423-F424-F425-F426-F427-F428-F429-F430-F431-F432-F433-F434-F435-F436-F437-F438-F439-F440-F441-F442-F443-F444-F445-F446-F447-F448-F449-F450-F451-F452-F453-F454-F455-F456-F457-F458-F459-F460-F461-F462-F463-F464-F465-F466-F467-F468-F469-F470-F471-F472-F473-F474-F475-F476-F477-F478-F479-F480-F481-F482-F483-F484-F485-F486-F487-F488-F489-F490-F491-F492-F493-F494-F495-F496-T500-F507-F508-F509-F510-F511-F512

## Summary

Number of input bits: 512  
Number of free input bits: 9  
Number of output bits: 160

Number of direct occurrences: 36297  
Number of assignments: 30586  
Number of operations: 10992499
(xor: 10964552,
and: 14851,
or: 13096)

Total complexity: 2.5190600001470104 × 10^298

Least occurring input variable: iv_506 (3910)  
Most occurring input variable: iv_505 (4181)

Most co-occurring input variables: iv_501-iv_505 (2012)  
Least co-occurring input variables: iv_502-iv_506 (1789)

Potentially most occurring input variable: iv_501/iv_503 (4379)  
Potentially least occurring input variable: iv_498/iv_504 (4043)

Least output occurring input variable: iv_506 (74)  
Most output occurring input variable: iv_505 (83)

Most output co-occurring input variables: iv_499-iv_501 (47)  
Least output co-occurring input variables: iv_497-iv_499 (34)

Potentially most output occurring input variable: iv_497/iv_499 (94)  
Potentially least output occurring input variable: iv_499/iv_501 (67)

Least complex input bit: iv_497 (1.003826149522373 × 10^296)  
Most complex input bit: iv_505 (8.992442477541176 × 10^297)

Least complex output bit: aaa_76_29 (2.7994943211769424 × 10^273)  
Most complex output bit: ov_001 (4.099749729398177 × 10^297)

Least complex input/output complexity: iv_497/aaa_76_29 (1.115577082273863 × 10^271)  
Most complex input/output complexity: iv_505/ov_001 (1.4635127234673472 × 10^297)

## Input Bits

### Input Bits in Regular Order

| Input Bit | Complexity | Occurrences | Output Occurrences |
|:---------:|:----------:|:-----------:|:------------------:|
| iv_497 | 1.003826149522373 × 10^296 | 4063 | 82 |
| iv_498 | 1.4435369630520378 × 10^296 | 3999 | 79 |
| iv_499 | 2.5050416831267997 × 10^296 | 3973 | 80 |
| iv_501 | 1.1367585520360877 × 10^297 | 4116 | 81 |
| iv_502 | 2.2755892318870633 × 10^297 | 3960 | 80 |
| iv_503 | 4.0688449863058495 × 10^297 | 4087 | 79 |
| iv_504 | 6.79447504967035 × 10^297 | 4008 | 78 |
| iv_505 | 8.992442477541176 × 10^297 | 4181 | 83 |
| iv_506 | 1.4272492244594782 × 10^297 | 3910 | 74 |

### Input Bits Sorted by Complexity

| Input Bit | Complexity | Occurrences | Output Occurrences |
|:---------:|:----------:|:-----------:|:------------------:|
| iv_497 | 1.003826149522373 × 10^296 | 4063 | 82 |
| iv_498 | 1.4435369630520378 × 10^296 | 3999 | 79 |
| iv_499 | 2.5050416831267997 × 10^296 | 3973 | 80 |
| iv_501 | 1.1367585520360877 × 10^297 | 4116 | 81 |
| iv_506 | 1.4272492244594782 × 10^297 | 3910 | 74 |
| iv_502 | 2.2755892318870633 × 10^297 | 3960 | 80 |
| iv_503 | 4.0688449863058495 × 10^297 | 4087 | 79 |
| iv_504 | 6.79447504967035 × 10^297 | 4008 | 78 |
| iv_505 | 8.992442477541176 × 10^297 | 4181 | 83 |

### Input Bits Sorted by Occurrences

| Input Bit | Complexity | Occurrences | Output Occurrences |
|:---------:|:----------:|:-----------:|:------------------:|
| iv_506 | 1.4272492244594782 × 10^297 | 3910 | 74 |
| iv_502 | 2.2755892318870633 × 10^297 | 3960 | 80 |
| iv_499 | 2.5050416831267997 × 10^296 | 3973 | 80 |
| iv_498 | 1.4435369630520378 × 10^296 | 3999 | 79 |
| iv_504 | 6.79447504967035 × 10^297 | 4008 | 78 |
| iv_497 | 1.003826149522373 × 10^296 | 4063 | 82 |
| iv_503 | 4.0688449863058495 × 10^297 | 4087 | 79 |
| iv_501 | 1.1367585520360877 × 10^297 | 4116 | 81 |
| iv_505 | 8.992442477541176 × 10^297 | 4181 | 83 |

### Input Bits Sorted by Output Occurrences

| Input Bit | Complexity | Occurrences | Output Occurrences |
|:---------:|:----------:|:-----------:|:------------------:|
| iv_506 | 1.4272492244594782 × 10^297 | 3910 | 74 |
| iv_504 | 6.79447504967035 × 10^297 | 4008 | 78 |
| iv_498 | 1.4435369630520378 × 10^296 | 3999 | 79 |
| iv_503 | 4.0688449863058495 × 10^297 | 4087 | 79 |
| iv_502 | 2.2755892318870633 × 10^297 | 3960 | 80 |
| iv_499 | 2.5050416831267997 × 10^296 | 3973 | 80 |
| iv_501 | 1.1367585520360877 × 10^297 | 4116 | 81 |
| iv_497 | 1.003826149522373 × 10^296 | 4063 | 82 |
| iv_505 | 8.992442477541176 × 10^297 | 4181 | 83 |

## Input Bit Co-occurrences

### Input Bit Co-occurrences Sorted by Co-occurrences

| Input Bits | Co-occurrences | Potential Occurrences | Output Co-occurrences | Potential Output Occurrences |
|:----------:|:--------------:|:---------------------:|:---------------------:|:----------------------------:|
| iv_501-iv_505 | 2012 | 4273 | 43 | 78 |
| iv_499-iv_505 | 1986 | 4182 | 44 | 75 |
| iv_498-iv_504 | 1982 | 4043 | 39 | 79 |
| iv_504-iv_505 | 1966 | 4257 | 39 | 83 |
| iv_497-iv_501 | 1964 | 4251 | 39 | 85 |
| iv_497-iv_505 | 1962 | 4320 | 44 | 77 |
| iv_503-iv_505 | 1945 | 4378 | 36 | 90 |
| iv_502-iv_505 | 1945 | 4251 | 37 | 89 |
| iv_498-iv_505 | 1934 | 4312 | 39 | 84 |

### Input Bit Co-occurrences Sorted by Potential Occurrences

| Input Bits | Co-occurrences | Potential Occurrences | Output Co-occurrences | Potential Output Occurrences |
|:----------:|:--------------:|:---------------------:|:---------------------:|:----------------------------:|
| iv_498-iv_504 | 1982 | 4043 | 39 | 79 |
| iv_499-iv_504 | 1914 | 4153 | 42 | 74 |
| iv_499-iv_505 | 1986 | 4182 | 44 | 75 |
| iv_497-iv_499 | 1924 | 4188 | 34 | 94 |
| iv_497-iv_498 | 1933 | 4196 | 41 | 79 |
| iv_503-iv_506 | 1896 | 4205 | 38 | 77 |
| iv_499-iv_502 | 1862 | 4209 | 42 | 76 |
| iv_499-iv_503 | 1919 | 4222 | 40 | 79 |
| iv_503-iv_504 | 1925 | 4245 | 40 | 77 |

### Input Bit Output Co-occurrences Sorted by Output Co-occurrences

| Input Bits | Co-occurrences | Potential Occurrences | Output Co-occurrences | Potential Output Occurrences |
|:----------:|:--------------:|:---------------------:|:---------------------:|:----------------------------:|
| iv_499-iv_501 | 1897 | 4295 | 47 | 67 |
| iv_498-iv_503 | 1869 | 4348 | 45 | 68 |
| iv_497-iv_505 | 1962 | 4320 | 44 | 77 |
| iv_499-iv_505 | 1986 | 4182 | 44 | 75 |
| iv_497-iv_502 | 1866 | 4291 | 43 | 76 |
| iv_501-iv_505 | 2012 | 4273 | 43 | 78 |
| iv_498-iv_502 | 1849 | 4261 | 43 | 73 |
| iv_499-iv_502 | 1862 | 4209 | 42 | 76 |
| iv_499-iv_504 | 1914 | 4153 | 42 | 74 |

### Input Bit Output Co-occurrences Sorted by Potential Output Occurrences

| Input Bits | Co-occurrences | Potential Occurrences | Output Co-occurrences | Potential Output Occurrences |
|:----------:|:--------------:|:---------------------:|:---------------------:|:----------------------------:|
| iv_499-iv_501 | 1897 | 4295 | 47 | 67 |
| iv_498-iv_503 | 1869 | 4348 | 45 | 68 |
| iv_498-iv_502 | 1849 | 4261 | 43 | 73 |
| iv_499-iv_504 | 1914 | 4153 | 42 | 74 |
| iv_499-iv_505 | 1986 | 4182 | 44 | 75 |
| iv_505-iv_506 | 1870 | 4351 | 41 | 75 |
| iv_497-iv_502 | 1866 | 4291 | 43 | 76 |
| iv_499-iv_502 | 1862 | 4209 | 42 | 76 |
| iv_497-iv_505 | 1962 | 4320 | 44 | 77 |

## Output Bits

### Output Bits in Regular Order

| Rank | Output Bit | Complexity |
|:----:|:----------:|:----------:|
| 1 | ov_001 | 4.099749729398177 × 10^297 |
| 2 | ov_002 | 3.544402873486774 × 10^297 |
| 3 | ov_003 | 3.048104358345232 × 10^297 |
| 4 | ov_004 | 2.6063097474479518 × 10^297 |
| 5 | ov_005 | 2.2147231471379655 × 10^297 |
| 6 | ov_006 | 1.86927933093048 × 10^297 |
| 7 | ov_007 | 1.5661282013959135 × 10^297 |
| 8 | ov_008 | 1.3016214406843913 × 10^297 |
| 9 | ov_009 | 1.0723011645663558 × 10^297 |
| 10 | ov_010 | 8.748903608252647 × 10^296 |
| 11 | ov_011 | 7.062849025465773 × 10^296 |
| 12 | ov_012 | 5.635469640445977 × 10^296 |
| 13 | ov_013 | 4.43899679566684 × 10^296 |
| 14 | ov_014 | 3.447228725641061 × 10^296 |
| 15 | ov_015 | 2.6354968313289327 × 10^296 |
| 16 | ov_016 | 1.980639332381371 × 10^296 |
| 17 | ov_017 | 1.4609808127529447 × 10^296 |
| 18 | ov_018 | 1.0563163646516167 × 10^296 |
| 19 | ov_019 | 7.47899358563968 × 10^295 |
| 20 | ov_020 | 5.184321674819806 × 10^295 |
| 21 | ov_021 | 3.520593104747898 × 10^295 |
| 22 | ov_022 | 2.3436253976904485 × 10^295 |
| 23 | ov_023 | 1.523574544826169 × 10^295 |
| 24 | ov_024 | 9.449128311615339 × 10^294 |
| 25 | ov_025 | 5.534533286138384 × 10^294 |
| 26 | ov_026 | 3.021580671356739 × 10^294 |
| 27 | ov_027 | 1.5113563584742497 × 10^294 |
| 28 | ov_028 | 6.764021498324871 × 10^293 |
| 29 | ov_029 | 2.6071256884598647 × 10^293 |
| 30 | ov_030 | 7.973401957981014 × 10^292 |
| 31 | ov_031 | 1.5561394065230457 × 10^292 |
| 32 | lv_80_m31 | 3.036853641987321 × 10^291 |
| 33 | ov_033 | 3.639773575636493 × 10^292 |
| 34 | ov_034 | 3.159453158924433 × 10^292 |
| 35 | ov_035 | 2.7299752103158887 × 10^292 |
| 36 | ov_036 | 2.3467226777063654 × 10^292 |
| 37 | ov_037 | 2.005324728062728 × 10^292 |
| 38 | ov_038 | 1.70163936384146 × 10^292 |
| 39 | ov_039 | 1.4317384832795733 × 10^292 |
| 40 | ov_040 | 1.1937097869780163 × 10^292 |
| 41 | ov_041 | 9.857386311951047 × 10^291 |
| 42 | ov_042 | 8.061031118546503 × 10^291 |
| 43 | ov_043 | 6.531699747407949 × 10^291 |
| 44 | ov_044 | 5.239258436791034 × 10^291 |
| 45 | ov_045 | 4.155202758925248 × 10^291 |
| 46 | ov_046 | 3.252618609563458 × 10^291 |
| 47 | ov_047 | 2.5184422217392253 × 10^291 |
| 48 | ov_048 | 1.928855751006718 × 10^291 |
| 49 | ov_049 | 1.4615600547032313 × 10^291 |
| 50 | ov_050 | 1.0957614343554106 × 10^291 |
| 51 | ov_051 | 8.121617595503715 × 10^290 |
| 52 | ov_052 | 5.929511697395828 × 10^290 |
| 53 | ov_053 | 4.218028042496471 × 10^290 |
| 54 | ov_054 | 2.9092343640392715 × 10^290 |
| 55 | ov_055 | 1.932587591903718 × 10^290 |
| 56 | ov_056 | 1.2249242043854108 × 10^290 |
| 57 | ov_057 | 7.304543325581149 × 10^289 |
| 58 | ov_058 | 4.007584131260648 × 10^289 |
| 59 | ov_059 | 1.9478545725268311 × 10^289 |
| 60 | ov_060 | 7.885226922381479 × 10^288 |
| 61 | ov_061 | 2.6643166205864906 × 10^288 |
| 62 | ov_062 | 7.129661807179315 × 10^287 |
| 63 | ov_063 | 1.5752475897352389 × 10^287 |
| 64 | lv_79_m31 | 3.0658049944586674 × 10^286 |
| 65 | ov_065 | 3.606635916406577 × 10^287 |
| 66 | ov_066 | 3.606626317563112 × 10^287 |
| 67 | ov_067 | 3.6066240623463896 × 10^287 |
| 68 | ov_068 | 3.1071948701063415 × 10^287 |
| 69 | ov_069 | 2.6620386458958543 × 10^287 |
| 70 | ov_070 | 2.266983954184541 × 10^287 |
| 71 | ov_071 | 1.918058222901997 × 10^287 |
| 72 | ov_072 | 1.6114777233096408 × 10^287 |
| 73 | ov_073 | 1.3436396603763932 × 10^287 |
| 74 | ov_074 | 1.111115732953334 × 10^287 |
| 75 | ov_075 | 9.106466224876106 × 10^286 |
| 76 | ov_076 | 7.391370955598668 × 10^286 |
| 77 | ov_077 | 5.936516198845305 × 10^286 |
| 78 | ov_078 | 4.714104638983351 × 10^286 |
| 79 | ov_079 | 3.6978625053613176 × 10^286 |
| 80 | ov_080 | 2.863009361554256 × 10^286 |
| 81 | ov_081 | 2.186231858456057 × 10^286 |
| 82 | ov_082 | 1.6456611656466098 × 10^286 |
| 83 | ov_083 | 1.220853797007282 × 10^286 |
| 84 | ov_084 | 8.927755476930144 × 10^285 |
| 85 | ov_085 | 6.437882603793474 × 10^285 |
| 86 | ov_086 | 4.5763913926038586 × 10^285 |
| 87 | ov_087 | 3.19452330641431 × 10^285 |
| 88 | ov_088 | 2.1572248919966852 × 10^285 |
| 89 | ov_089 | 1.4003888047723934 × 10^285 |
| 90 | ov_090 | 8.667267311691152 × 10^284 |
| 91 | ov_091 | 5.057560746033055 × 10^284 |
| 92 | ov_092 | 2.737916572020981 × 10^284 |
| 93 | ov_093 | 1.339410577524114 × 10^284 |
| 94 | ov_094 | 5.610232247061114 × 10^283 |
| 95 | aaa_78_28 | 1.6963031088429791 × 10^283 |
| 96 | aaa_78_29 | 5.040769723452235 × 10^282 |
| 97 | ov_097 | 2.8360541316328714 × 10^282 |
| 98 | ov_098 | 2.8360081814820944 × 10^282 |
| 99 | ov_099 | 2.8359935299840045 × 10^282 |
| 100 | ov_100 | 2.316016995075327 × 10^282 |
| 101 | ov_101 | 1.8860614441840762 × 10^282 |
| 102 | ov_102 | 1.534787097386089 × 10^282 |
| 103 | ov_103 | 1.2514677682478056 × 10^282 |
| 104 | ov_104 | 1.0259460958546009 × 10^282 |
| 105 | ov_105 | 8.485948555847941 × 10^281 |
| 106 | ov_106 | 7.1028377245152 × 10^281 |
| 107 | ov_107 | 6.023512894874174 × 10^281 |
| 108 | ov_108 | 5.165807714596884 × 10^281 |
| 109 | ov_109 | 4.4518065137652255 × 10^281 |
| 110 | ov_110 | 3.8076805394653784 × 10^281 |
| 111 | ov_111 | 3.2295834145692482 × 10^281 |
| 112 | ov_112 | 2.713753543429353 × 10^281 |
| 113 | ov_113 | 2.256495358846207 × 10^281 |
| 114 | ov_114 | 1.8541639255500806 × 10^281 |
| 115 | ov_115 | 1.503152642408939 × 10^281 |
| 116 | ov_116 | 1.1998837859017562 × 10^281 |
| 117 | ov_117 | 9.408013628340584 × 10^280 |
| 118 | ov_118 | 7.22365497749548 × 10^280 |
| 119 | ov_119 | 5.41047919632017 × 10^280 |
| 120 | ov_120 | 3.93328419471538 × 10^280 |
| 121 | ov_121 | 2.7569215030165674 × 10^280 |
| 122 | ov_122 | 1.84627641330199 × 10^280 |
| 123 | ov_123 | 1.16625397790762 × 10^280 |
| 124 | ov_124 | 6.817695814747243 × 10^279 |
| 125 | ov_125 | 3.5774311244373546 × 10^279 |
| 126 | ov_126 | 1.5909599682198417 × 10^279 |
| 127 | aaa_77_28 | 5.075006253264725 × 10^278 |
| 128 | aaa_77_29 | 1.8996355276250572 × 10^278 |
| 129 | ov_129 | 1.7304636858398076 × 10^278 |
| 130 | ov_130 | 1.730458248751339 × 10^278 |
| 131 | ov_131 | 1.7304569389260038 × 10^278 |
| 132 | ov_132 | 1.493178753452985 × 10^278 |
| 133 | ov_133 | 1.2814219311669001 × 10^278 |
| 134 | ov_134 | 1.0932340189407015 × 10^278 |
| 135 | ov_135 | 9.267624729972633 × 10^277 |
| 136 | ov_136 | 7.802474920890583 × 10^277 |
| 137 | ov_137 | 6.520159741275354 × 10^277 |
| 138 | ov_138 | 5.404764783247192 × 10^277 |
| 139 | ov_139 | 4.441150807323809 × 10^277 |
| 140 | ov_140 | 3.6149201676421388 × 10^277 |
| 141 | ov_141 | 2.912390098989006 × 10^277 |
| 142 | ov_142 | 2.320571913144236 × 10^277 |
| 143 | ov_143 | 1.827155207163483 × 10^277 |
| 144 | ov_144 | 1.4204962410819544 × 10^277 |
| 145 | ov_145 | 1.0896096971835275 × 10^277 |
| 146 | ov_146 | 8.241630874993265 × 10^276 |
| 147 | ov_147 | 6.144731306051651 × 10^276 |
| 148 | ov_148 | 4.515034730997597 × 10^276 |
| 149 | ov_149 | 3.268632142617715 × 10^276 |
| 150 | ov_150 | 2.3280585531119382 × 10^276 |
| 151 | ov_151 | 1.6222849505068203 × 10^276 |
| 152 | ov_152 | 1.0867121594700016 × 10^276 |
| 153 | ov_153 | 6.906473946666162 × 10^275 |
| 154 | ov_154 | 4.066095974083394 × 10^275 |
| 155 | ov_155 | 2.1032816321912714 × 10^275 |
| 156 | aaa_76_25 | 8.074219919342783 × 10^274 |
| 157 | aaa_76_26 | 4.6541081690858155 × 10^274 |
| 158 | aaa_76_27 | 2.377368298038067 × 10^274 |
| 159 | aaa_76_28 | 9.231093534978889 × 10^273 |
| 160 | aaa_76_29 | 2.7994943211769424 × 10^273 |

### Output Bits Sorted by Complexity

| Rank | Output Bit | Complexity |
|:----:|:----------:|:----------:|
| 160 | aaa_76_29 | 2.7994943211769424 × 10^273 |
| 159 | aaa_76_28 | 9.231093534978889 × 10^273 |
| 158 | aaa_76_27 | 2.377368298038067 × 10^274 |
| 157 | aaa_76_26 | 4.6541081690858155 × 10^274 |
| 156 | aaa_76_25 | 8.074219919342783 × 10^274 |
| 155 | ov_155 | 2.1032816321912714 × 10^275 |
| 154 | ov_154 | 4.066095974083394 × 10^275 |
| 153 | ov_153 | 6.906473946666162 × 10^275 |
| 152 | ov_152 | 1.0867121594700016 × 10^276 |
| 151 | ov_151 | 1.6222849505068203 × 10^276 |
| 150 | ov_150 | 2.3280585531119382 × 10^276 |
| 149 | ov_149 | 3.268632142617715 × 10^276 |
| 148 | ov_148 | 4.515034730997597 × 10^276 |
| 147 | ov_147 | 6.144731306051651 × 10^276 |
| 146 | ov_146 | 8.241630874993265 × 10^276 |
| 145 | ov_145 | 1.0896096971835275 × 10^277 |
| 144 | ov_144 | 1.4204962410819544 × 10^277 |
| 143 | ov_143 | 1.827155207163483 × 10^277 |
| 142 | ov_142 | 2.320571913144236 × 10^277 |
| 141 | ov_141 | 2.912390098989006 × 10^277 |
| 140 | ov_140 | 3.6149201676421388 × 10^277 |
| 139 | ov_139 | 4.441150807323809 × 10^277 |
| 138 | ov_138 | 5.404764783247192 × 10^277 |
| 137 | ov_137 | 6.520159741275354 × 10^277 |
| 136 | ov_136 | 7.802474920890583 × 10^277 |
| 135 | ov_135 | 9.267624729972633 × 10^277 |
| 134 | ov_134 | 1.0932340189407015 × 10^278 |
| 133 | ov_133 | 1.2814219311669001 × 10^278 |
| 132 | ov_132 | 1.493178753452985 × 10^278 |
| 131 | ov_131 | 1.7304569389260038 × 10^278 |
| 130 | ov_130 | 1.730458248751339 × 10^278 |
| 129 | ov_129 | 1.7304636858398076 × 10^278 |
| 128 | aaa_77_29 | 1.8996355276250572 × 10^278 |
| 127 | aaa_77_28 | 5.075006253264725 × 10^278 |
| 126 | ov_126 | 1.5909599682198417 × 10^279 |
| 125 | ov_125 | 3.5774311244373546 × 10^279 |
| 124 | ov_124 | 6.817695814747243 × 10^279 |
| 123 | ov_123 | 1.16625397790762 × 10^280 |
| 122 | ov_122 | 1.84627641330199 × 10^280 |
| 121 | ov_121 | 2.7569215030165674 × 10^280 |
| 120 | ov_120 | 3.93328419471538 × 10^280 |
| 119 | ov_119 | 5.41047919632017 × 10^280 |
| 118 | ov_118 | 7.22365497749548 × 10^280 |
| 117 | ov_117 | 9.408013628340584 × 10^280 |
| 116 | ov_116 | 1.1998837859017562 × 10^281 |
| 115 | ov_115 | 1.503152642408939 × 10^281 |
| 114 | ov_114 | 1.8541639255500806 × 10^281 |
| 113 | ov_113 | 2.256495358846207 × 10^281 |
| 112 | ov_112 | 2.713753543429353 × 10^281 |
| 111 | ov_111 | 3.2295834145692482 × 10^281 |
| 110 | ov_110 | 3.8076805394653784 × 10^281 |
| 109 | ov_109 | 4.4518065137652255 × 10^281 |
| 108 | ov_108 | 5.165807714596884 × 10^281 |
| 107 | ov_107 | 6.023512894874174 × 10^281 |
| 106 | ov_106 | 7.1028377245152 × 10^281 |
| 105 | ov_105 | 8.485948555847941 × 10^281 |
| 104 | ov_104 | 1.0259460958546009 × 10^282 |
| 103 | ov_103 | 1.2514677682478056 × 10^282 |
| 102 | ov_102 | 1.534787097386089 × 10^282 |
| 101 | ov_101 | 1.8860614441840762 × 10^282 |
| 100 | ov_100 | 2.316016995075327 × 10^282 |
| 99 | ov_099 | 2.8359935299840045 × 10^282 |
| 98 | ov_098 | 2.8360081814820944 × 10^282 |
| 97 | ov_097 | 2.8360541316328714 × 10^282 |
| 96 | aaa_78_29 | 5.040769723452235 × 10^282 |
| 95 | aaa_78_28 | 1.6963031088429791 × 10^283 |
| 94 | ov_094 | 5.610232247061114 × 10^283 |
| 93 | ov_093 | 1.339410577524114 × 10^284 |
| 92 | ov_092 | 2.737916572020981 × 10^284 |
| 91 | ov_091 | 5.057560746033055 × 10^284 |
| 90 | ov_090 | 8.667267311691152 × 10^284 |
| 89 | ov_089 | 1.4003888047723934 × 10^285 |
| 88 | ov_088 | 2.1572248919966852 × 10^285 |
| 87 | ov_087 | 3.19452330641431 × 10^285 |
| 86 | ov_086 | 4.5763913926038586 × 10^285 |
| 85 | ov_085 | 6.437882603793474 × 10^285 |
| 84 | ov_084 | 8.927755476930144 × 10^285 |
| 83 | ov_083 | 1.220853797007282 × 10^286 |
| 82 | ov_082 | 1.6456611656466098 × 10^286 |
| 81 | ov_081 | 2.186231858456057 × 10^286 |
| 80 | ov_080 | 2.863009361554256 × 10^286 |
| 64 | lv_79_m31 | 3.0658049944586674 × 10^286 |
| 79 | ov_079 | 3.6978625053613176 × 10^286 |
| 78 | ov_078 | 4.714104638983351 × 10^286 |
| 77 | ov_077 | 5.936516198845305 × 10^286 |
| 76 | ov_076 | 7.391370955598668 × 10^286 |
| 75 | ov_075 | 9.106466224876106 × 10^286 |
| 74 | ov_074 | 1.111115732953334 × 10^287 |
| 73 | ov_073 | 1.3436396603763932 × 10^287 |
| 63 | ov_063 | 1.5752475897352389 × 10^287 |
| 72 | ov_072 | 1.6114777233096408 × 10^287 |
| 71 | ov_071 | 1.918058222901997 × 10^287 |
| 70 | ov_070 | 2.266983954184541 × 10^287 |
| 69 | ov_069 | 2.6620386458958543 × 10^287 |
| 68 | ov_068 | 3.1071948701063415 × 10^287 |
| 67 | ov_067 | 3.6066240623463896 × 10^287 |
| 66 | ov_066 | 3.606626317563112 × 10^287 |
| 65 | ov_065 | 3.606635916406577 × 10^287 |
| 62 | ov_062 | 7.129661807179315 × 10^287 |
| 61 | ov_061 | 2.6643166205864906 × 10^288 |
| 60 | ov_060 | 7.885226922381479 × 10^288 |
| 59 | ov_059 | 1.9478545725268311 × 10^289 |
| 58 | ov_058 | 4.007584131260648 × 10^289 |
| 57 | ov_057 | 7.304543325581149 × 10^289 |
| 56 | ov_056 | 1.2249242043854108 × 10^290 |
| 55 | ov_055 | 1.932587591903718 × 10^290 |
| 54 | ov_054 | 2.9092343640392715 × 10^290 |
| 53 | ov_053 | 4.218028042496471 × 10^290 |
| 52 | ov_052 | 5.929511697395828 × 10^290 |
| 51 | ov_051 | 8.121617595503715 × 10^290 |
| 50 | ov_050 | 1.0957614343554106 × 10^291 |
| 49 | ov_049 | 1.4615600547032313 × 10^291 |
| 48 | ov_048 | 1.928855751006718 × 10^291 |
| 47 | ov_047 | 2.5184422217392253 × 10^291 |
| 32 | lv_80_m31 | 3.036853641987321 × 10^291 |
| 46 | ov_046 | 3.252618609563458 × 10^291 |
| 45 | ov_045 | 4.155202758925248 × 10^291 |
| 44 | ov_044 | 5.239258436791034 × 10^291 |
| 43 | ov_043 | 6.531699747407949 × 10^291 |
| 42 | ov_042 | 8.061031118546503 × 10^291 |
| 41 | ov_041 | 9.857386311951047 × 10^291 |
| 40 | ov_040 | 1.1937097869780163 × 10^292 |
| 39 | ov_039 | 1.4317384832795733 × 10^292 |
| 31 | ov_031 | 1.5561394065230457 × 10^292 |
| 38 | ov_038 | 1.70163936384146 × 10^292 |
| 37 | ov_037 | 2.005324728062728 × 10^292 |
| 36 | ov_036 | 2.3467226777063654 × 10^292 |
| 35 | ov_035 | 2.7299752103158887 × 10^292 |
| 34 | ov_034 | 3.159453158924433 × 10^292 |
| 33 | ov_033 | 3.639773575636493 × 10^292 |
| 30 | ov_030 | 7.973401957981014 × 10^292 |
| 29 | ov_029 | 2.6071256884598647 × 10^293 |
| 28 | ov_028 | 6.764021498324871 × 10^293 |
| 27 | ov_027 | 1.5113563584742497 × 10^294 |
| 26 | ov_026 | 3.021580671356739 × 10^294 |
| 25 | ov_025 | 5.534533286138384 × 10^294 |
| 24 | ov_024 | 9.449128311615339 × 10^294 |
| 23 | ov_023 | 1.523574544826169 × 10^295 |
| 22 | ov_022 | 2.3436253976904485 × 10^295 |
| 21 | ov_021 | 3.520593104747898 × 10^295 |
| 20 | ov_020 | 5.184321674819806 × 10^295 |
| 19 | ov_019 | 7.47899358563968 × 10^295 |
| 18 | ov_018 | 1.0563163646516167 × 10^296 |
| 17 | ov_017 | 1.4609808127529447 × 10^296 |
| 16 | ov_016 | 1.980639332381371 × 10^296 |
| 15 | ov_015 | 2.6354968313289327 × 10^296 |
| 14 | ov_014 | 3.447228725641061 × 10^296 |
| 13 | ov_013 | 4.43899679566684 × 10^296 |
| 12 | ov_012 | 5.635469640445977 × 10^296 |
| 11 | ov_011 | 7.062849025465773 × 10^296 |
| 10 | ov_010 | 8.748903608252647 × 10^296 |
| 9 | ov_009 | 1.0723011645663558 × 10^297 |
| 8 | ov_008 | 1.3016214406843913 × 10^297 |
| 7 | ov_007 | 1.5661282013959135 × 10^297 |
| 6 | ov_006 | 1.86927933093048 × 10^297 |
| 5 | ov_005 | 2.2147231471379655 × 10^297 |
| 4 | ov_004 | 2.6063097474479518 × 10^297 |
| 3 | ov_003 | 3.048104358345232 × 10^297 |
| 2 | ov_002 | 3.544402873486774 × 10^297 |
| 1 | ov_001 | 4.099749729398177 × 10^297 |

