# Results for F001-F002-F003-F004-F005-F006-F007-F008-F009-F010-F011-F012-F013-F014-F015-F016-F017-F018-F019-F020-F021-F022-F023-F024-F025-F026-F027-F028-F029-F030-F031-F032-F033-F034-F035-F036-F037-F038-F039-F040-F041-F042-F043-F044-F045-F046-F047-F048-F049-F050-F051-F052-F053-F054-F055-F056-F057-F058-F059-F060-F061-F062-F063-F064-F065-F066-F067-F068-F069-F070-F071-F072-F073-F074-F075-F076-F077-F078-F079-F080-F081-F082-F083-F084-F085-F086-F087-F088-F089-F090-F091-F092-F093-F094-F095-F096-F097-F098-F099-F100-F101-F102-F103-F104-F105-F106-F107-F108-F109-F110-F111-F112-F113-F114-F115-F116-F117-F118-F119-F120-F121-F122-F123-F124-F125-F126-F127-F128-F129-F130-F131-F132-F133-F134-F135-F136-F137-F138-F139-F140-F141-F142-F143-F144-F145-F146-F147-F148-F149-F150-F151-F152-F153-F154-F155-F156-F157-F158-F159-F160-F161-F162-F163-F164-F165-F166-F167-F168-F169-F170-F171-F172-F173-F174-F175-F176-F177-F178-F179-F180-F181-F182-F183-F184-F185-F186-F187-F188-F189-F190-F191-F192-F193-F194-F195-F196-F197-F198-F199-F200-F201-F202-F203-F204-F205-F206-F207-F208-F209-F210-F211-F212-F213-F214-F215-F216-F217-F218-F219-F220-F221-F222-F223-F224-F225-F226-F227-F228-F229-F230-F231-F232-F233-F234-F235-F236-F237-F238-F239-F240-F241-F242-F243-F244-F245-F246-F247-F248-F249-F250-F251-F252-F253-F254-F255-F256-F257-F258-F259-F260-F261-F262-F263-F264-F265-F266-F267-F268-F269-F270-F271-F272-F273-F274-F275-F276-F277-F278-F279-F280-F281-F282-F283-F284-F285-F286-F287-F288-F289-F290-F291-F292-F293-F294-F295-F296-F297-F298-F299-F300-F301-F302-F303-F304-F305-F306-F307-F308-F309-F310-F311-F312-F313-F314-F315-F316-F317-F318-F319-F320-F321-F322-F323-F324-F325-F326-F327-F328-F329-F330-F331-F332-F333-F334-F335-F336-F337-F338-F339-F340-F341-F342-F343-F344-F345-F346-F347-F348-F349-F350-F351-F352-F353-F354-F355-F356-F357-F358-F359-F360-F361-F362-F363-F364-F365-F366-F367-F368-F369-F370-F371-F372-F373-F374-F375-F376-F377-F378-F379-F380-F381-F382-F383-F384-F385-F386-F387-F388-F389-F390-F391-F392-F393-F394-F395-F396-F397-F398-F399-F400-F401-F402-F403-F404-F405-F406-F407-F408-F409-F410-F411-F412-F413-F414-F415-F416-F417-F418-F419-F420-F421-F422-F423-F424-F425-F426-F427-F428-F429-F430-F431-F432-F433-F434-F435-F436-F437-F438-F439-F440-F441-F442-F443-F444-F445-F446-F447-F448-F449-F450-F451-F452-F453-F454-F455-F456-F457-F458-F459-F460-F461-F462-F463-F464-F465-F466-F467-F468-F469-F470-F471-F472-F473-F474-F475-F476-F477-F478-F479-F480-F481-F482-F483-F484-F485-F486-F487-F488-F489-F490-F491-F492-F493-F494-F495-F496-T497-E499505-T507-F509-F510-F511-F512

## Summary

Number of input bits: 512  
Number of free input bits: 9  
Number of output bits: 160

Number of direct occurrences: 37371  
Number of assignments: 31187  
Number of operations: 11549691
(xor: 11521079,
and: 15257,
or: 13355)

Total complexity: 1.279229886582695 × 10^304

Least occurring input variable: iv_498 (3967)  
Most occurring input variable: iv_499 (4450)

Most co-occurring input variables: iv_499-iv_506 (2183)  
Least co-occurring input variables: iv_498-iv_504 (1846)

Potentially most occurring input variable: iv_499/iv_503 (4596)  
Potentially least occurring input variable: iv_501/iv_502 (4153)

Least output occurring input variable: iv_503 (74)  
Most output occurring input variable: iv_499 (86)

Most output co-occurring input variables: iv_499-iv_506 (51)  
Least output co-occurring input variables: iv_503-iv_508 (29)

Potentially most output occurring input variable: iv_501/iv_504 (93)  
Potentially least output occurring input variable: iv_498/iv_501 (65)

Least complex input bit: iv_498 (1.1462109713462533 × 10^302)  
Most complex input bit: iv_499 (3.5784391995284386 × 10^303)

Least complex output bit: aaa_76_29 (4.7750961324609615 × 10^278)  
Most complex output bit: ov_001 (2.047569597879124 × 10^303)

Least complex input/output complexity: iv_498/aaa_76_29 (4.278564497020135 × 10^276)  
Most complex input/output complexity: iv_499/ov_001 (5.727745567598319 × 10^302)

## Input Bits

### Input Bits in Regular Order

| Input Bit | Complexity | Occurrences | Output Occurrences |
|:---------:|:----------:|:-----------:|:------------------:|
| iv_498 | 1.1462109713462533 × 10^302 | 3967 | 80 |
| iv_499 | 3.5784391995284386 × 10^303 | 4450 | 86 |
| iv_500 | 3.399376758306134 × 10^302 | 4085 | 81 |
| iv_501 | 5.590850104766593 × 10^302 | 4090 | 79 |
| iv_502 | 9.005616357718213 × 10^302 | 4171 | 84 |
| iv_503 | 1.4255959187153322 × 10^303 | 4060 | 74 |
| iv_504 | 2.213328859559749 × 10^303 | 3990 | 84 |
| iv_506 | 1.6887358430478534 × 10^303 | 4246 | 85 |
| iv_508 | 1.971993625761873 × 10^303 | 4312 | 74 |

### Input Bits Sorted by Complexity

| Input Bit | Complexity | Occurrences | Output Occurrences |
|:---------:|:----------:|:-----------:|:------------------:|
| iv_498 | 1.1462109713462533 × 10^302 | 3967 | 80 |
| iv_500 | 3.399376758306134 × 10^302 | 4085 | 81 |
| iv_501 | 5.590850104766593 × 10^302 | 4090 | 79 |
| iv_502 | 9.005616357718213 × 10^302 | 4171 | 84 |
| iv_503 | 1.4255959187153322 × 10^303 | 4060 | 74 |
| iv_506 | 1.6887358430478534 × 10^303 | 4246 | 85 |
| iv_508 | 1.971993625761873 × 10^303 | 4312 | 74 |
| iv_504 | 2.213328859559749 × 10^303 | 3990 | 84 |
| iv_499 | 3.5784391995284386 × 10^303 | 4450 | 86 |

### Input Bits Sorted by Occurrences

| Input Bit | Complexity | Occurrences | Output Occurrences |
|:---------:|:----------:|:-----------:|:------------------:|
| iv_498 | 1.1462109713462533 × 10^302 | 3967 | 80 |
| iv_504 | 2.213328859559749 × 10^303 | 3990 | 84 |
| iv_503 | 1.4255959187153322 × 10^303 | 4060 | 74 |
| iv_500 | 3.399376758306134 × 10^302 | 4085 | 81 |
| iv_501 | 5.590850104766593 × 10^302 | 4090 | 79 |
| iv_502 | 9.005616357718213 × 10^302 | 4171 | 84 |
| iv_506 | 1.6887358430478534 × 10^303 | 4246 | 85 |
| iv_508 | 1.971993625761873 × 10^303 | 4312 | 74 |
| iv_499 | 3.5784391995284386 × 10^303 | 4450 | 86 |

### Input Bits Sorted by Output Occurrences

| Input Bit | Complexity | Occurrences | Output Occurrences |
|:---------:|:----------:|:-----------:|:------------------:|
| iv_503 | 1.4255959187153322 × 10^303 | 4060 | 74 |
| iv_508 | 1.971993625761873 × 10^303 | 4312 | 74 |
| iv_501 | 5.590850104766593 × 10^302 | 4090 | 79 |
| iv_498 | 1.1462109713462533 × 10^302 | 3967 | 80 |
| iv_500 | 3.399376758306134 × 10^302 | 4085 | 81 |
| iv_502 | 9.005616357718213 × 10^302 | 4171 | 84 |
| iv_504 | 2.213328859559749 × 10^303 | 3990 | 84 |
| iv_506 | 1.6887358430478534 × 10^303 | 4246 | 85 |
| iv_499 | 3.5784391995284386 × 10^303 | 4450 | 86 |

## Input Bit Co-occurrences

### Input Bit Co-occurrences Sorted by Co-occurrences

| Input Bits | Co-occurrences | Potential Occurrences | Output Co-occurrences | Potential Output Occurrences |
|:----------:|:--------------:|:---------------------:|:---------------------:|:----------------------------:|
| iv_499-iv_506 | 2183 | 4330 | 51 | 69 |
| iv_499-iv_502 | 2128 | 4365 | 48 | 74 |
| iv_499-iv_508 | 2125 | 4512 | 46 | 68 |
| iv_506-iv_508 | 2115 | 4328 | 42 | 75 |
| iv_499-iv_504 | 2064 | 4312 | 46 | 78 |
| iv_499-iv_500 | 2057 | 4421 | 41 | 85 |
| iv_501-iv_502 | 2054 | 4153 | 45 | 73 |
| iv_498-iv_499 | 2026 | 4365 | 45 | 76 |
| iv_502-iv_506 | 2026 | 4365 | 47 | 75 |

### Input Bit Co-occurrences Sorted by Potential Occurrences

| Input Bits | Co-occurrences | Potential Occurrences | Output Co-occurrences | Potential Output Occurrences |
|:----------:|:--------------:|:---------------------:|:---------------------:|:----------------------------:|
| iv_501-iv_502 | 2054 | 4153 | 45 | 73 |
| iv_502-iv_504 | 1986 | 4189 | 47 | 74 |
| iv_504-iv_506 | 2001 | 4234 | 48 | 73 |
| iv_498-iv_506 | 1981 | 4251 | 45 | 75 |
| iv_498-iv_501 | 1899 | 4259 | 47 | 65 |
| iv_498-iv_504 | 1846 | 4265 | 40 | 84 |
| iv_500-iv_502 | 1986 | 4284 | 45 | 75 |
| iv_503-iv_504 | 1876 | 4298 | 44 | 70 |
| iv_499-iv_504 | 2064 | 4312 | 46 | 78 |

### Input Bit Output Co-occurrences Sorted by Output Co-occurrences

| Input Bits | Co-occurrences | Potential Occurrences | Output Co-occurrences | Potential Output Occurrences |
|:----------:|:--------------:|:---------------------:|:---------------------:|:----------------------------:|
| iv_499-iv_506 | 2183 | 4330 | 51 | 69 |
| iv_499-iv_502 | 2128 | 4365 | 48 | 74 |
| iv_504-iv_506 | 2001 | 4234 | 48 | 73 |
| iv_502-iv_504 | 1986 | 4189 | 47 | 74 |
| iv_502-iv_506 | 2026 | 4365 | 47 | 75 |
| iv_498-iv_501 | 1899 | 4259 | 47 | 65 |
| iv_499-iv_504 | 2064 | 4312 | 46 | 78 |
| iv_499-iv_508 | 2125 | 4512 | 46 | 68 |
| iv_498-iv_499 | 2026 | 4365 | 45 | 76 |

### Input Bit Output Co-occurrences Sorted by Potential Output Occurrences

| Input Bits | Co-occurrences | Potential Occurrences | Output Co-occurrences | Potential Output Occurrences |
|:----------:|:--------------:|:---------------------:|:---------------------:|:----------------------------:|
| iv_498-iv_501 | 1899 | 4259 | 47 | 65 |
| iv_499-iv_508 | 2125 | 4512 | 46 | 68 |
| iv_499-iv_506 | 2183 | 4330 | 51 | 69 |
| iv_503-iv_504 | 1876 | 4298 | 44 | 70 |
| iv_504-iv_506 | 2001 | 4234 | 48 | 73 |
| iv_501-iv_502 | 2054 | 4153 | 45 | 73 |
| iv_499-iv_502 | 2128 | 4365 | 48 | 74 |
| iv_502-iv_503 | 1866 | 4499 | 42 | 74 |
| iv_502-iv_504 | 1986 | 4189 | 47 | 74 |

## Output Bits

### Output Bits in Regular Order

| Rank | Output Bit | Complexity |
|:----:|:----------:|:----------:|
| 1 | ov_001 | 2.047569597879124 × 10^303 |
| 2 | ov_002 | 1.7755806188629105 × 10^303 |
| 3 | ov_003 | 1.5319376584216752 × 10^303 |
| 4 | ov_004 | 1.3144918836968618 × 10^303 |
| 5 | ov_005 | 1.1212119771863115 × 10^303 |
| 6 | ov_006 | 9.501756908211085 × 10^302 |
| 7 | ov_007 | 7.99562477156355 × 10^302 |
| 8 | ov_008 | 6.676471289407246 × 10^302 |
| 9 | ov_009 | 5.527943630619072 × 10^302 |
| 10 | ov_010 | 4.53454269474102 × 10^302 |
| 11 | ov_011 | 3.681585312921165 × 10^302 |
| 12 | ov_012 | 2.9551732133341346 × 10^302 |
| 13 | ov_013 | 2.3421678601767023 × 10^302 |
| 14 | ov_014 | 1.8301703307816073 × 10^302 |
| 15 | ov_015 | 1.4075054502136546 × 10^302 |
| 16 | ov_016 | 1.063209457073579 × 10^302 |
| 17 | ov_017 | 7.87020528266694 × 10^301 |
| 18 | ov_018 | 5.693715762444965 × 10^301 |
| 19 | ov_019 | 4.013848497691269 × 10^301 |
| 20 | ov_020 | 2.7486794805201595 × 10^301 |
| 21 | ov_021 | 1.8231092015615767 × 10^301 |
| 22 | ov_022 | 1.1688420548960142 × 10^301 |
| 23 | ov_023 | 7.243722652654537 × 10^300 |
| 24 | ov_024 | 4.349747157931226 × 10^300 |
| 25 | ov_025 | 2.5269932126629625 × 10^300 |
| 26 | ov_026 | 1.3636785883818252 × 10^300 |
| 27 | ov_027 | 6.708391026750979 × 10^299 |
| 28 | ov_028 | 2.933596754934189 × 10^299 |
| 29 | ov_029 | 1.0997269888472562 × 10^299 |
| 30 | ov_030 | 3.325760947446138 × 10^298 |
| 31 | ov_031 | 7.366020444897115 × 10^297 |
| 32 | lv_80_m31 | 1.4371919707507183 × 10^297 |
| 33 | ov_033 | 1.7207229702622324 × 10^298 |
| 34 | ov_034 | 1.493244781509137 × 10^298 |
| 35 | ov_035 | 1.289749612355547 × 10^298 |
| 36 | ov_036 | 1.1081342174671141 × 10^298 |
| 37 | ov_037 | 9.464089613228324 × 10^297 |
| 38 | ov_038 | 8.026897642360218 × 10^297 |
| 39 | ov_039 | 6.751911382107796 × 10^297 |
| 40 | ov_040 | 5.6304418148040275 × 10^297 |
| 41 | ov_041 | 4.6464354849764376 × 10^297 |
| 42 | ov_042 | 3.792078651643135 × 10^297 |
| 43 | ov_043 | 3.059963979947586 × 10^297 |
| 44 | ov_044 | 2.4430743110867345 × 10^297 |
| 45 | ov_045 | 1.928495241414295 × 10^297 |
| 46 | ov_046 | 1.5040361382894505 × 10^297 |
| 47 | ov_047 | 1.1582149644212302 × 10^297 |
| 48 | ov_048 | 8.80246552318235 × 10^296 |
| 49 | ov_049 | 6.600337414036378 × 10^296 |
| 50 | ov_050 | 4.881608374269395 × 10^296 |
| 51 | ov_051 | 3.5588890076975596 × 10^296 |
| 52 | ov_052 | 2.551524171289718 × 10^296 |
| 53 | ov_053 | 1.7855697002170025 × 10^296 |
| 54 | ov_054 | 1.2257288677539491 × 10^296 |
| 55 | ov_055 | 8.114366737524497 × 10^295 |
| 56 | ov_056 | 5.140806275996287 × 10^295 |
| 57 | ov_057 | 3.083857067975302 × 10^295 |
| 58 | ov_058 | 1.724129220111062 × 10^295 |
| 59 | ov_059 | 8.755858320655817 × 10^294 |
| 60 | ov_060 | 3.855396693256965 × 10^294 |
| 61 | ov_061 | 1.3465189756542974 × 10^294 |
| 62 | ov_062 | 3.693172154558579 × 10^293 |
| 63 | ov_063 | 7.196873064134158 × 10^292 |
| 64 | lv_79_m31 | 1.4021226809410644 × 10^292 |
| 65 | ov_065 | 1.6633018689400182 × 10^293 |
| 66 | ov_066 | 1.6632969888156524 × 10^293 |
| 67 | ov_067 | 1.6632958146321335 × 10^293 |
| 68 | ov_068 | 1.4386027952073202 × 10^293 |
| 69 | ov_069 | 1.2376113059807732 × 10^293 |
| 70 | ov_070 | 1.0585413134554818 × 10^293 |
| 71 | ov_071 | 8.997030794929869 × 10^292 |
| 72 | ov_072 | 7.594908113729095 × 10^292 |
| 73 | ov_073 | 6.363773356274119 × 10^292 |
| 74 | ov_074 | 5.289096827342929 × 10^292 |
| 75 | ov_075 | 4.3570547567732695 × 10^292 |
| 76 | ov_076 | 3.554500210861273 × 10^292 |
| 77 | ov_077 | 2.86894007191024 × 10^292 |
| 78 | ov_078 | 2.2885171820662005 × 10^292 |
| 79 | ov_079 | 1.8019968002121054 × 10^292 |
| 80 | ov_080 | 1.3987565724381545 × 10^292 |
| 81 | ov_081 | 1.0687792676753866 × 10^292 |
| 82 | ov_082 | 8.026475806468914 × 10^291 |
| 83 | ov_083 | 5.91540354492963 × 10^291 |
| 84 | ov_084 | 4.272296845549383 × 10^291 |
| 85 | ov_085 | 3.020785859339287 × 10^291 |
| 86 | ov_086 | 2.0903910988639034 × 10^291 |
| 87 | ov_087 | 1.4165085955851536 × 10^291 |
| 88 | ov_088 | 9.403985559642377 × 10^290 |
| 89 | ov_089 | 6.091770218941147 × 10^290 |
| 90 | ov_090 | 3.758100411442718 × 10^290 |
| 91 | ov_091 | 2.1824255180365553 × 10^290 |
| 92 | ov_092 | 1.1734185562241365 × 10^290 |
| 93 | ov_093 | 5.689679462794518 × 10^289 |
| 94 | ov_094 | 2.361734653767976 × 10^289 |
| 95 | aaa_78_28 | 7.134459588379775 × 10^288 |
| 96 | aaa_78_29 | 2.515212050212826 × 10^288 |
| 97 | ov_097 | 1.32742965523188 × 10^288 |
| 98 | ov_098 | 1.3274215179870919 × 10^288 |
| 99 | ov_099 | 1.3274189204524788 × 10^288 |
| 100 | ov_100 | 1.1254682564103371 × 10^288 |
| 101 | ov_101 | 9.475501391996798 × 10^287 |
| 102 | ov_102 | 7.916599776986469 × 10^287 |
| 103 | ov_103 | 6.559025970414212 × 10^287 |
| 104 | ov_104 | 5.384842450887264 × 10^287 |
| 105 | ov_105 | 4.377056550654098 × 10^287 |
| 106 | ov_106 | 3.5195606705257995 × 10^287 |
| 107 | ov_107 | 2.797081159699253 × 10^287 |
| 108 | ov_108 | 2.1951349846521005 × 10^287 |
| 109 | ov_109 | 1.6999933577772333 × 10^287 |
| 110 | ov_110 | 1.2986515419104919 × 10^287 |
| 111 | ov_111 | 9.788040916349161 × 10^286 |
| 112 | ov_112 | 7.288248364292573 × 10^286 |
| 113 | ov_113 | 5.377509545347261 × 10^286 |
| 114 | ov_114 | 3.952705299690083 × 10^286 |
| 115 | ov_115 | 2.9171302851105945 × 10^286 |
| 116 | ov_116 | 2.18042171774679 × 10^286 |
| 117 | ov_117 | 1.6585073171900914 × 10^286 |
| 118 | ov_118 | 1.2735681112956833 × 10^286 |
| 119 | ov_119 | 9.540121875899914 × 10^285 |
| 120 | ov_120 | 6.93643567305465 × 10^285 |
| 121 | ov_121 | 4.8627456281984785 × 10^285 |
| 122 | ov_122 | 3.257226192260421 × 10^285 |
| 123 | ov_123 | 2.058081423000471 × 10^285 |
| 124 | ov_124 | 1.2035309732636644 × 10^285 |
| 125 | ov_125 | 6.318016687186149 × 10^284 |
| 126 | ov_126 | 2.811229549148628 × 10^284 |
| 127 | aaa_77_28 | 8.972496331177856 × 10^283 |
| 128 | aaa_77_29 | 3.361279004999291 × 10^283 |
| 129 | ov_129 | 3.084902733324303 × 10^283 |
| 130 | ov_130 | 3.084893444321278 × 10^283 |
| 131 | ov_131 | 3.084891202739858 × 10^283 |
| 132 | ov_132 | 2.668687524560057 × 10^283 |
| 133 | ov_133 | 2.296413241786814 × 10^283 |
| 134 | ov_134 | 1.9647427857515264 × 10^283 |
| 135 | ov_135 | 1.6705252296463758 × 10^283 |
| 136 | ov_136 | 1.4107717683031673 × 10^283 |
| 137 | ov_137 | 1.182645038039996 × 10^283 |
| 138 | ov_138 | 9.834500863923012 × 10^282 |
| 139 | ov_139 | 8.106268110527751 × 10^282 |
| 140 | ov_140 | 6.617436966185275 × 10^282 |
| 141 | ov_141 | 5.34492686843678 × 10^282 |
| 142 | ov_142 | 4.2668504754442 × 10^282 |
| 143 | ov_143 | 3.3624810113976667 × 10^282 |
| 144 | ov_144 | 2.6122272263977133 × 10^282 |
| 145 | ov_145 | 1.9976147873392156 × 10^282 |
| 146 | ov_146 | 1.5012729192197298 × 10^282 |
| 147 | ov_147 | 1.1069252037559455 × 10^282 |
| 148 | ov_148 | 7.99383529521416 × 10^281 |
| 149 | ov_149 | 5.645442750488542 × 10^281 |
| 150 | ov_150 | 3.8938593457164325 × 10^281 |
| 151 | ov_151 | 2.6196760096844974 × 10^281 |
| 152 | ov_152 | 1.7142793920584623 × 10^281 |
| 153 | ov_153 | 1.0798445876927267 × 10^281 |
| 154 | ov_154 | 6.293300592780588 × 10^280 |
| 155 | ov_155 | 3.2191035542008944 × 10^280 |
| 156 | aaa_76_25 | 1.2214947154718202 × 10^280 |
| 157 | aaa_76_26 | 6.919707980125936 × 10^279 |
| 158 | aaa_76_27 | 3.5515532120232474 × 10^279 |
| 159 | aaa_76_28 | 1.571668291392968 × 10^279 |
| 160 | aaa_76_29 | 4.7750961324609615 × 10^278 |

### Output Bits Sorted by Complexity

| Rank | Output Bit | Complexity |
|:----:|:----------:|:----------:|
| 160 | aaa_76_29 | 4.7750961324609615 × 10^278 |
| 159 | aaa_76_28 | 1.571668291392968 × 10^279 |
| 158 | aaa_76_27 | 3.5515532120232474 × 10^279 |
| 157 | aaa_76_26 | 6.919707980125936 × 10^279 |
| 156 | aaa_76_25 | 1.2214947154718202 × 10^280 |
| 155 | ov_155 | 3.2191035542008944 × 10^280 |
| 154 | ov_154 | 6.293300592780588 × 10^280 |
| 153 | ov_153 | 1.0798445876927267 × 10^281 |
| 152 | ov_152 | 1.7142793920584623 × 10^281 |
| 151 | ov_151 | 2.6196760096844974 × 10^281 |
| 150 | ov_150 | 3.8938593457164325 × 10^281 |
| 149 | ov_149 | 5.645442750488542 × 10^281 |
| 148 | ov_148 | 7.99383529521416 × 10^281 |
| 147 | ov_147 | 1.1069252037559455 × 10^282 |
| 146 | ov_146 | 1.5012729192197298 × 10^282 |
| 145 | ov_145 | 1.9976147873392156 × 10^282 |
| 144 | ov_144 | 2.6122272263977133 × 10^282 |
| 143 | ov_143 | 3.3624810113976667 × 10^282 |
| 142 | ov_142 | 4.2668504754442 × 10^282 |
| 141 | ov_141 | 5.34492686843678 × 10^282 |
| 140 | ov_140 | 6.617436966185275 × 10^282 |
| 139 | ov_139 | 8.106268110527751 × 10^282 |
| 138 | ov_138 | 9.834500863923012 × 10^282 |
| 137 | ov_137 | 1.182645038039996 × 10^283 |
| 136 | ov_136 | 1.4107717683031673 × 10^283 |
| 135 | ov_135 | 1.6705252296463758 × 10^283 |
| 134 | ov_134 | 1.9647427857515264 × 10^283 |
| 133 | ov_133 | 2.296413241786814 × 10^283 |
| 132 | ov_132 | 2.668687524560057 × 10^283 |
| 131 | ov_131 | 3.084891202739858 × 10^283 |
| 130 | ov_130 | 3.084893444321278 × 10^283 |
| 129 | ov_129 | 3.084902733324303 × 10^283 |
| 128 | aaa_77_29 | 3.361279004999291 × 10^283 |
| 127 | aaa_77_28 | 8.972496331177856 × 10^283 |
| 126 | ov_126 | 2.811229549148628 × 10^284 |
| 125 | ov_125 | 6.318016687186149 × 10^284 |
| 124 | ov_124 | 1.2035309732636644 × 10^285 |
| 123 | ov_123 | 2.058081423000471 × 10^285 |
| 122 | ov_122 | 3.257226192260421 × 10^285 |
| 121 | ov_121 | 4.8627456281984785 × 10^285 |
| 120 | ov_120 | 6.93643567305465 × 10^285 |
| 119 | ov_119 | 9.540121875899914 × 10^285 |
| 118 | ov_118 | 1.2735681112956833 × 10^286 |
| 117 | ov_117 | 1.6585073171900914 × 10^286 |
| 116 | ov_116 | 2.18042171774679 × 10^286 |
| 115 | ov_115 | 2.9171302851105945 × 10^286 |
| 114 | ov_114 | 3.952705299690083 × 10^286 |
| 113 | ov_113 | 5.377509545347261 × 10^286 |
| 112 | ov_112 | 7.288248364292573 × 10^286 |
| 111 | ov_111 | 9.788040916349161 × 10^286 |
| 110 | ov_110 | 1.2986515419104919 × 10^287 |
| 109 | ov_109 | 1.6999933577772333 × 10^287 |
| 108 | ov_108 | 2.1951349846521005 × 10^287 |
| 107 | ov_107 | 2.797081159699253 × 10^287 |
| 106 | ov_106 | 3.5195606705257995 × 10^287 |
| 105 | ov_105 | 4.377056550654098 × 10^287 |
| 104 | ov_104 | 5.384842450887264 × 10^287 |
| 103 | ov_103 | 6.559025970414212 × 10^287 |
| 102 | ov_102 | 7.916599776986469 × 10^287 |
| 101 | ov_101 | 9.475501391996798 × 10^287 |
| 100 | ov_100 | 1.1254682564103371 × 10^288 |
| 99 | ov_099 | 1.3274189204524788 × 10^288 |
| 98 | ov_098 | 1.3274215179870919 × 10^288 |
| 97 | ov_097 | 1.32742965523188 × 10^288 |
| 96 | aaa_78_29 | 2.515212050212826 × 10^288 |
| 95 | aaa_78_28 | 7.134459588379775 × 10^288 |
| 94 | ov_094 | 2.361734653767976 × 10^289 |
| 93 | ov_093 | 5.689679462794518 × 10^289 |
| 92 | ov_092 | 1.1734185562241365 × 10^290 |
| 91 | ov_091 | 2.1824255180365553 × 10^290 |
| 90 | ov_090 | 3.758100411442718 × 10^290 |
| 89 | ov_089 | 6.091770218941147 × 10^290 |
| 88 | ov_088 | 9.403985559642377 × 10^290 |
| 87 | ov_087 | 1.4165085955851536 × 10^291 |
| 86 | ov_086 | 2.0903910988639034 × 10^291 |
| 85 | ov_085 | 3.020785859339287 × 10^291 |
| 84 | ov_084 | 4.272296845549383 × 10^291 |
| 83 | ov_083 | 5.91540354492963 × 10^291 |
| 82 | ov_082 | 8.026475806468914 × 10^291 |
| 81 | ov_081 | 1.0687792676753866 × 10^292 |
| 80 | ov_080 | 1.3987565724381545 × 10^292 |
| 64 | lv_79_m31 | 1.4021226809410644 × 10^292 |
| 79 | ov_079 | 1.8019968002121054 × 10^292 |
| 78 | ov_078 | 2.2885171820662005 × 10^292 |
| 77 | ov_077 | 2.86894007191024 × 10^292 |
| 76 | ov_076 | 3.554500210861273 × 10^292 |
| 75 | ov_075 | 4.3570547567732695 × 10^292 |
| 74 | ov_074 | 5.289096827342929 × 10^292 |
| 73 | ov_073 | 6.363773356274119 × 10^292 |
| 63 | ov_063 | 7.196873064134158 × 10^292 |
| 72 | ov_072 | 7.594908113729095 × 10^292 |
| 71 | ov_071 | 8.997030794929869 × 10^292 |
| 70 | ov_070 | 1.0585413134554818 × 10^293 |
| 69 | ov_069 | 1.2376113059807732 × 10^293 |
| 68 | ov_068 | 1.4386027952073202 × 10^293 |
| 67 | ov_067 | 1.6632958146321335 × 10^293 |
| 66 | ov_066 | 1.6632969888156524 × 10^293 |
| 65 | ov_065 | 1.6633018689400182 × 10^293 |
| 62 | ov_062 | 3.693172154558579 × 10^293 |
| 61 | ov_061 | 1.3465189756542974 × 10^294 |
| 60 | ov_060 | 3.855396693256965 × 10^294 |
| 59 | ov_059 | 8.755858320655817 × 10^294 |
| 58 | ov_058 | 1.724129220111062 × 10^295 |
| 57 | ov_057 | 3.083857067975302 × 10^295 |
| 56 | ov_056 | 5.140806275996287 × 10^295 |
| 55 | ov_055 | 8.114366737524497 × 10^295 |
| 54 | ov_054 | 1.2257288677539491 × 10^296 |
| 53 | ov_053 | 1.7855697002170025 × 10^296 |
| 52 | ov_052 | 2.551524171289718 × 10^296 |
| 51 | ov_051 | 3.5588890076975596 × 10^296 |
| 50 | ov_050 | 4.881608374269395 × 10^296 |
| 49 | ov_049 | 6.600337414036378 × 10^296 |
| 48 | ov_048 | 8.80246552318235 × 10^296 |
| 47 | ov_047 | 1.1582149644212302 × 10^297 |
| 32 | lv_80_m31 | 1.4371919707507183 × 10^297 |
| 46 | ov_046 | 1.5040361382894505 × 10^297 |
| 45 | ov_045 | 1.928495241414295 × 10^297 |
| 44 | ov_044 | 2.4430743110867345 × 10^297 |
| 43 | ov_043 | 3.059963979947586 × 10^297 |
| 42 | ov_042 | 3.792078651643135 × 10^297 |
| 41 | ov_041 | 4.6464354849764376 × 10^297 |
| 40 | ov_040 | 5.6304418148040275 × 10^297 |
| 39 | ov_039 | 6.751911382107796 × 10^297 |
| 31 | ov_031 | 7.366020444897115 × 10^297 |
| 38 | ov_038 | 8.026897642360218 × 10^297 |
| 37 | ov_037 | 9.464089613228324 × 10^297 |
| 36 | ov_036 | 1.1081342174671141 × 10^298 |
| 35 | ov_035 | 1.289749612355547 × 10^298 |
| 34 | ov_034 | 1.493244781509137 × 10^298 |
| 33 | ov_033 | 1.7207229702622324 × 10^298 |
| 30 | ov_030 | 3.325760947446138 × 10^298 |
| 29 | ov_029 | 1.0997269888472562 × 10^299 |
| 28 | ov_028 | 2.933596754934189 × 10^299 |
| 27 | ov_027 | 6.708391026750979 × 10^299 |
| 26 | ov_026 | 1.3636785883818252 × 10^300 |
| 25 | ov_025 | 2.5269932126629625 × 10^300 |
| 24 | ov_024 | 4.349747157931226 × 10^300 |
| 23 | ov_023 | 7.243722652654537 × 10^300 |
| 22 | ov_022 | 1.1688420548960142 × 10^301 |
| 21 | ov_021 | 1.8231092015615767 × 10^301 |
| 20 | ov_020 | 2.7486794805201595 × 10^301 |
| 19 | ov_019 | 4.013848497691269 × 10^301 |
| 18 | ov_018 | 5.693715762444965 × 10^301 |
| 17 | ov_017 | 7.87020528266694 × 10^301 |
| 16 | ov_016 | 1.063209457073579 × 10^302 |
| 15 | ov_015 | 1.4075054502136546 × 10^302 |
| 14 | ov_014 | 1.8301703307816073 × 10^302 |
| 13 | ov_013 | 2.3421678601767023 × 10^302 |
| 12 | ov_012 | 2.9551732133341346 × 10^302 |
| 11 | ov_011 | 3.681585312921165 × 10^302 |
| 10 | ov_010 | 4.53454269474102 × 10^302 |
| 9 | ov_009 | 5.527943630619072 × 10^302 |
| 8 | ov_008 | 6.676471289407246 × 10^302 |
| 7 | ov_007 | 7.99562477156355 × 10^302 |
| 6 | ov_006 | 9.501756908211085 × 10^302 |
| 5 | ov_005 | 1.1212119771863115 × 10^303 |
| 4 | ov_004 | 1.3144918836968618 × 10^303 |
| 3 | ov_003 | 1.5319376584216752 × 10^303 |
| 2 | ov_002 | 1.7755806188629105 × 10^303 |
| 1 | ov_001 | 2.047569597879124 × 10^303 |

