# Results for F001-F002-F003-F004-F005-F006-F007-F008-F009-F010-F011-F012-F013-F014-F015-F016-F017-F018-F019-F020-F021-F022-F023-F024-F025-F026-F027-F028-F029-F030-F031-F032-F033-F034-F035-F036-F037-F038-F039-F040-F041-F042-F043-F044-F045-F046-F047-F048-F049-F050-F051-F052-F053-F054-F055-F056-F057-F058-F059-F060-F061-F062-F063-F064-F065-F066-F067-F068-F069-F070-F071-F072-F073-F074-F075-F076-F077-F078-F079-F080-F081-F082-F083-F084-F085-F086-F087-F088-F089-F090-F091-F092-F093-F094-F095-F096-F097-F098-F099-F100-F101-F102-F103-F104-F105-F106-F107-F108-F109-F110-F111-F112-F113-F114-F115-F116-F117-F118-F119-F120-F121-F122-F123-F124-F125-F126-F127-F128-F129-F130-F131-F132-F133-F134-F135-F136-F137-F138-F139-F140-F141-F142-F143-F144-F145-F146-F147-F148-F149-F150-F151-F152-F153-F154-F155-F156-F157-F158-F159-F160-F161-F162-F163-F164-F165-F166-F167-F168-F169-F170-F171-F172-F173-F174-F175-F176-F177-F178-F179-F180-F181-F182-F183-F184-F185-F186-F187-F188-F189-F190-F191-F192-F193-F194-F195-F196-F197-F198-F199-F200-F201-F202-F203-F204-F205-F206-F207-F208-F209-F210-F211-F212-F213-F214-F215-F216-F217-F218-F219-F220-F221-F222-F223-F224-F225-F226-F227-F228-F229-F230-F231-F232-F233-F234-F235-F236-F237-F238-F239-F240-F241-F242-F243-F244-F245-F246-F247-F248-F249-F250-F251-F252-F253-F254-F255-F256-F257-F258-F259-F260-F261-F262-F263-F264-F265-F266-F267-F268-F269-F270-F271-F272-F273-F274-F275-F276-F277-F278-F279-F280-F281-F282-F283-F284-F285-F286-F287-F288-F289-F290-F291-F292-F293-F294-F295-F296-F297-F298-F299-F300-F301-F302-F303-F304-F305-F306-F307-F308-F309-F310-F311-F312-F313-F314-F315-F316-F317-F318-F319-F320-F321-F322-F323-F324-F325-F326-F327-F328-F329-F330-F331-F332-F333-F334-F335-F336-F337-F338-F339-F340-F341-F342-F343-F344-F345-F346-F347-F348-F349-F350-F351-F352-F353-F354-F355-F356-F357-F358-F359-F360-F361-F362-F363-F364-F365-F366-F367-F368-F369-F370-F371-F372-F373-F374-F375-F376-F377-F378-F379-F380-F381-F382-F383-F384-F385-F386-F387-F388-F389-F390-F391-F392-F393-F394-F395-F396-F397-F398-F399-F400-F401-F402-F403-F404-F405-F406-F407-F408-F409-F410-F411-F412-F413-F414-F415-F416-F417-F418-F419-F420-F421-F422-F423-F424-F425-F426-F427-F428-F429-F430-F431-F432-F433-F434-F435-F436-F437-F438-F439-F440-F441-F442-F443-F444-F445-F446-F447-F448-F449-F450-F451-F452-F453-F454-F455-F456-F457-F458-F459-F460-F461-F462-F463-F464-F465-F466-F467-F468-F469-F470-F471-F472-F473-F474-F475-F476-F477-F478-F479-F480-F481-F482-F483-F484-F485-F486-F487-F488-F489-F490-F491-F492-F493-F494-F495-F496-E499505-T504-T506-F509-F510-F511-F512

## Summary

Number of input bits: 512  
Number of free input bits: 9  
Number of output bits: 160

Number of direct occurrences: 36986  
Number of assignments: 31169  
Number of operations: 11386890
(xor: 11358343,
and: 15215,
or: 13332)

Total complexity: 4.2174733519930595 × 10^303

Least occurring input variable: iv_502 (3992)  
Most occurring input variable: iv_499 (4400)

Most co-occurring input variables: iv_499-iv_503 (2065)  
Least co-occurring input variables: iv_502-iv_503 (1803)

Potentially most occurring input variable: iv_499/iv_508 (4684)  
Potentially least occurring input variable: iv_497/iv_507 (4214)

Least output occurring input variable: iv_507 (75)  
Most output occurring input variable: iv_498 (91)

Most output co-occurring input variables: iv_501-iv_508 (51)  
Least output co-occurring input variables: iv_499-iv_507 (32)

Potentially most output occurring input variable: iv_500/iv_501 (97)  
Potentially least output occurring input variable: iv_497/iv_498 (67)

Least complex input bit: iv_497 (2.0664235648051683 × 10^301)  
Most complex input bit: iv_499 (1.1066620804499632 × 10^303)

Least complex output bit: aaa_76_29 (1.7886903119797677 × 10^278)  
Most complex output bit: ov_001 (6.746330404269632 × 10^302)

Least complex input/output complexity: iv_497/aaa_76_29 (8.763995649354811 × 10^275)  
Most complex input/output complexity: iv_499/ov_001 (1.7702324158287102 × 10^302)

## Input Bits

### Input Bits in Regular Order

| Input Bit | Complexity | Occurrences | Output Occurrences |
|:---------:|:----------:|:-----------:|:------------------:|
| iv_497 | 2.0664235648051683 × 10^301 | 4003 | 76 |
| iv_498 | 4.135240559682025 × 10^301 | 3998 | 91 |
| iv_499 | 1.1066620804499632 × 10^303 | 4400 | 76 |
| iv_500 | 1.2291747367057895 × 10^302 | 4063 | 81 |
| iv_501 | 2.023265975270907 × 10^302 | 4104 | 90 |
| iv_502 | 3.2616974668770987 × 10^302 | 3992 | 79 |
| iv_503 | 5.1657468938021465 × 10^302 | 4047 | 77 |
| iv_507 | 8.712079274849497 × 10^302 | 4179 | 75 |
| iv_508 | 1.0095981955476779 × 10^303 | 4200 | 85 |

### Input Bits Sorted by Complexity

| Input Bit | Complexity | Occurrences | Output Occurrences |
|:---------:|:----------:|:-----------:|:------------------:|
| iv_497 | 2.0664235648051683 × 10^301 | 4003 | 76 |
| iv_498 | 4.135240559682025 × 10^301 | 3998 | 91 |
| iv_500 | 1.2291747367057895 × 10^302 | 4063 | 81 |
| iv_501 | 2.023265975270907 × 10^302 | 4104 | 90 |
| iv_502 | 3.2616974668770987 × 10^302 | 3992 | 79 |
| iv_503 | 5.1657468938021465 × 10^302 | 4047 | 77 |
| iv_507 | 8.712079274849497 × 10^302 | 4179 | 75 |
| iv_508 | 1.0095981955476779 × 10^303 | 4200 | 85 |
| iv_499 | 1.1066620804499632 × 10^303 | 4400 | 76 |

### Input Bits Sorted by Occurrences

| Input Bit | Complexity | Occurrences | Output Occurrences |
|:---------:|:----------:|:-----------:|:------------------:|
| iv_502 | 3.2616974668770987 × 10^302 | 3992 | 79 |
| iv_498 | 4.135240559682025 × 10^301 | 3998 | 91 |
| iv_497 | 2.0664235648051683 × 10^301 | 4003 | 76 |
| iv_503 | 5.1657468938021465 × 10^302 | 4047 | 77 |
| iv_500 | 1.2291747367057895 × 10^302 | 4063 | 81 |
| iv_501 | 2.023265975270907 × 10^302 | 4104 | 90 |
| iv_507 | 8.712079274849497 × 10^302 | 4179 | 75 |
| iv_508 | 1.0095981955476779 × 10^303 | 4200 | 85 |
| iv_499 | 1.1066620804499632 × 10^303 | 4400 | 76 |

### Input Bits Sorted by Output Occurrences

| Input Bit | Complexity | Occurrences | Output Occurrences |
|:---------:|:----------:|:-----------:|:------------------:|
| iv_507 | 8.712079274849497 × 10^302 | 4179 | 75 |
| iv_497 | 2.0664235648051683 × 10^301 | 4003 | 76 |
| iv_499 | 1.1066620804499632 × 10^303 | 4400 | 76 |
| iv_503 | 5.1657468938021465 × 10^302 | 4047 | 77 |
| iv_502 | 3.2616974668770987 × 10^302 | 3992 | 79 |
| iv_500 | 1.2291747367057895 × 10^302 | 4063 | 81 |
| iv_508 | 1.0095981955476779 × 10^303 | 4200 | 85 |
| iv_501 | 2.023265975270907 × 10^302 | 4104 | 90 |
| iv_498 | 4.135240559682025 × 10^301 | 3998 | 91 |

## Input Bit Co-occurrences

### Input Bit Co-occurrences Sorted by Co-occurrences

| Input Bits | Co-occurrences | Potential Occurrences | Output Co-occurrences | Potential Output Occurrences |
|:----------:|:--------------:|:---------------------:|:---------------------:|:----------------------------:|
| iv_499-iv_503 | 2065 | 4317 | 38 | 77 |
| iv_507-iv_508 | 2046 | 4287 | 44 | 72 |
| iv_499-iv_507 | 2044 | 4491 | 32 | 87 |
| iv_499-iv_501 | 2010 | 4484 | 44 | 78 |
| iv_499-iv_502 | 1994 | 4404 | 36 | 83 |
| iv_497-iv_507 | 1984 | 4214 | 35 | 81 |
| iv_497-iv_499 | 1979 | 4445 | 34 | 84 |
| iv_499-iv_508 | 1958 | 4684 | 43 | 75 |
| iv_501-iv_507 | 1942 | 4399 | 42 | 81 |

### Input Bit Co-occurrences Sorted by Potential Occurrences

| Input Bits | Co-occurrences | Potential Occurrences | Output Co-occurrences | Potential Output Occurrences |
|:----------:|:--------------:|:---------------------:|:---------------------:|:----------------------------:|
| iv_497-iv_507 | 1984 | 4214 | 35 | 81 |
| iv_498-iv_501 | 1915 | 4272 | 51 | 79 |
| iv_500-iv_502 | 1891 | 4273 | 37 | 86 |
| iv_498-iv_500 | 1892 | 4277 | 49 | 74 |
| iv_507-iv_508 | 2046 | 4287 | 44 | 72 |
| iv_497-iv_502 | 1844 | 4307 | 39 | 77 |
| iv_499-iv_503 | 2065 | 4317 | 38 | 77 |
| iv_497-iv_501 | 1894 | 4319 | 38 | 90 |
| iv_501-iv_502 | 1884 | 4328 | 45 | 79 |

### Input Bit Output Co-occurrences Sorted by Output Co-occurrences

| Input Bits | Co-occurrences | Potential Occurrences | Output Co-occurrences | Potential Output Occurrences |
|:----------:|:--------------:|:---------------------:|:---------------------:|:----------------------------:|
| iv_498-iv_501 | 1915 | 4272 | 51 | 79 |
| iv_501-iv_508 | 1914 | 4476 | 51 | 73 |
| iv_497-iv_498 | 1806 | 4389 | 50 | 67 |
| iv_498-iv_500 | 1892 | 4277 | 49 | 74 |
| iv_498-iv_508 | 1883 | 4432 | 45 | 86 |
| iv_501-iv_502 | 1884 | 4328 | 45 | 79 |
| iv_500-iv_508 | 1904 | 4455 | 44 | 78 |
| iv_507-iv_508 | 2046 | 4287 | 44 | 72 |
| iv_497-iv_500 | 1858 | 4350 | 44 | 69 |

### Input Bit Output Co-occurrences Sorted by Potential Output Occurrences

| Input Bits | Co-occurrences | Potential Occurrences | Output Co-occurrences | Potential Output Occurrences |
|:----------:|:--------------:|:---------------------:|:---------------------:|:----------------------------:|
| iv_497-iv_498 | 1806 | 4389 | 50 | 67 |
| iv_497-iv_500 | 1858 | 4350 | 44 | 69 |
| iv_507-iv_508 | 2046 | 4287 | 44 | 72 |
| iv_501-iv_508 | 1914 | 4476 | 51 | 73 |
| iv_500-iv_507 | 1933 | 4376 | 41 | 74 |
| iv_498-iv_500 | 1892 | 4277 | 49 | 74 |
| iv_499-iv_508 | 1958 | 4684 | 43 | 75 |
| iv_497-iv_502 | 1844 | 4307 | 39 | 77 |
| iv_499-iv_503 | 2065 | 4317 | 38 | 77 |

## Output Bits

### Output Bits in Regular Order

| Rank | Output Bit | Complexity |
|:----:|:----------:|:----------:|
| 1 | ov_001 | 6.746330404269632 × 10^302 |
| 2 | ov_002 | 5.850486061219719 × 10^302 |
| 3 | ov_003 | 5.047999986136605 × 10^302 |
| 4 | ov_004 | 4.331796423461656 × 10^302 |
| 5 | ov_005 | 3.695184932438097 × 10^302 |
| 6 | ov_006 | 3.1318329537119237 × 10^302 |
| 7 | ov_007 | 2.6357419871637257 × 10^302 |
| 8 | ov_008 | 2.201227133097601 × 10^302 |
| 9 | ov_009 | 1.8228997208161884 × 10^302 |
| 10 | ov_010 | 1.4956526980117958 × 10^302 |
| 11 | ov_011 | 1.214648450662471 × 10^302 |
| 12 | ov_012 | 9.753087419966853 × 10^301 |
| 13 | ov_013 | 7.733064776054403 × 10^301 |
| 14 | ov_014 | 6.045590220195157 × 10^301 |
| 15 | ov_015 | 4.6522282391101416 × 10^301 |
| 16 | ov_016 | 3.516891525773311 × 10^301 |
| 17 | ov_017 | 2.605807777376877 × 10^301 |
| 18 | ov_018 | 1.88749437949463 × 10^301 |
| 19 | ov_019 | 1.3327394677713434 × 10^301 |
| 20 | ov_020 | 9.145878854672349 × 10^300 |
| 21 | ov_021 | 6.0833085318603534 × 10^300 |
| 22 | ov_022 | 3.914985480973825 × 10^300 |
| 23 | ov_023 | 2.4385497178595454 × 10^300 |
| 24 | ov_024 | 1.4739457358766288 × 10^300 |
| 25 | ov_025 | 8.63401839838568 × 10^299 |
| 26 | ov_026 | 4.7141882281023095 × 10^299 |
| 27 | ov_027 | 2.3581426254979377 × 10^299 |
| 28 | ov_028 | 1.0553853363207428 × 10^299 |
| 29 | ov_029 | 4.0674271349382415 × 10^298 |
| 30 | ov_030 | 1.2436231116650866 × 10^298 |
| 31 | ov_031 | 2.4260762597558993 × 10^297 |
| 32 | lv_80_m31 | 4.7322912971687025 × 10^296 |
| 33 | ov_033 | 5.6396236003790486 × 10^297 |
| 34 | ov_034 | 4.8944397186067874 × 10^297 |
| 35 | ov_035 | 4.22566323534157 × 10^297 |
| 36 | ov_036 | 3.626376121850198 × 10^297 |
| 37 | ov_037 | 3.093216381105368 × 10^297 |
| 38 | ov_038 | 2.6199872513510128 × 10^297 |
| 39 | ov_039 | 2.20367412041735 × 10^297 |
| 40 | ov_040 | 1.838709494435868 × 10^297 |
| 41 | ov_041 | 1.51981393205701 × 10^297 |
| 42 | ov_042 | 1.2444178055278928 × 10^297 |
| 43 | ov_043 | 1.0100852287586113 × 10^297 |
| 44 | ov_044 | 8.123252309706614 × 10^296 |
| 45 | ov_045 | 6.468913259142776 × 10^296 |
| 46 | ov_046 | 5.0977515647282705 × 10^296 |
| 47 | ov_047 | 3.972014822665348 × 10^296 |
| 48 | ov_048 | 3.0562430183444644 × 10^296 |
| 49 | ov_049 | 2.317239165157144 × 10^296 |
| 50 | ov_050 | 1.7240475864205279 × 10^296 |
| 51 | ov_051 | 1.2617484811927357 × 10^296 |
| 52 | ov_052 | 9.038262681956564 × 10^295 |
| 53 | ov_053 | 6.375756263046888 × 10^295 |
| 54 | ov_054 | 4.4088885095645796 × 10^295 |
| 55 | ov_055 | 2.9385581005325883 × 10^295 |
| 56 | ov_056 | 1.8707047006464053 × 10^295 |
| 57 | ov_057 | 1.1222397293809771 × 10^295 |
| 58 | ov_058 | 6.210412531118827 × 10^294 |
| 59 | ov_059 | 3.059513084152305 × 10^294 |
| 60 | ov_060 | 1.2677467734963196 × 10^294 |
| 61 | ov_061 | 4.427844230951408 × 10^293 |
| 62 | ov_062 | 1.2144941036080641 × 10^293 |
| 63 | ov_063 | 2.366771265195242 × 10^292 |
| 64 | lv_79_m31 | 4.6112075466184866 × 10^291 |
| 65 | ov_065 | 5.473409533115978 × 10^292 |
| 66 | ov_066 | 5.473393891358265 × 10^292 |
| 67 | ov_067 | 5.473390141707356 × 10^292 |
| 68 | ov_068 | 4.735033198198397 × 10^292 |
| 69 | ov_069 | 4.0744024128650863 × 10^292 |
| 70 | ov_070 | 3.485699424634658 × 10^292 |
| 71 | ov_071 | 2.963411178369225 × 10^292 |
| 72 | ov_072 | 2.5022904236089335 × 10^292 |
| 73 | ov_073 | 2.0973396775729508 × 10^292 |
| 74 | ov_074 | 1.743798224379812 × 10^292 |
| 75 | ov_075 | 1.4371317449475133 × 10^292 |
| 76 | ov_076 | 1.173024193688875 × 10^292 |
| 77 | ov_077 | 9.473715590836342 × 10^291 |
| 78 | ov_078 | 7.56277165619762 × 10^291 |
| 79 | ov_079 | 5.960481945677795 × 10^291 |
| 80 | ov_080 | 4.63193120681 × 10^291 |
| 81 | ov_081 | 3.5441978128271125 × 10^291 |
| 82 | ov_082 | 2.6663384049259795 × 10^291 |
| 83 | ov_083 | 1.9693750937709427 × 10^291 |
| 84 | ov_084 | 1.4262847368584244 × 10^291 |
| 85 | ov_085 | 1.01199010366043 × 10^291 |
| 86 | ov_086 | 7.033527408196537 × 10^290 |
| 87 | ov_087 | 4.791673499028603 × 10^290 |
| 88 | ov_088 | 3.2015749036544772 × 10^290 |
| 89 | ov_089 | 2.0897242046527054 × 10^290 |
| 90 | ov_090 | 1.3018488890901084 × 10^290 |
| 91 | ov_091 | 7.65619201887416 × 10^289 |
| 92 | ov_092 | 4.1831284151773984 × 10^289 |
| 93 | ov_093 | 2.0681184035977815 × 10^289 |
| 94 | ov_094 | 8.760103164716469 × 10^288 |
| 95 | aaa_78_28 | 2.6767423539120553 × 10^288 |
| 96 | aaa_78_29 | 8.084943023320658 × 10^287 |
| 97 | ov_097 | 4.191125165654531 × 10^287 |
| 98 | ov_098 | 4.1910943256155986 × 10^287 |
| 99 | ov_099 | 4.191084479685127 × 10^287 |
| 100 | ov_100 | 3.516471314629267 × 10^287 |
| 101 | ov_101 | 2.9277671667741826 × 10^287 |
| 102 | ov_102 | 2.4173687247403347 × 10^287 |
| 103 | ov_103 | 1.9780882267050792 × 10^287 |
| 104 | ov_104 | 1.6031231356634278 × 10^287 |
| 105 | ov_105 | 1.2860298081112117 × 10^287 |
| 106 | ov_106 | 1.0207007889914891 × 10^287 |
| 107 | ov_107 | 8.0134538432131335 × 10^286 |
| 108 | ov_108 | 6.224731808974783 × 10^286 |
| 109 | ov_109 | 4.788801999954034 × 10^286 |
| 110 | ov_110 | 3.6563738913274704 × 10^286 |
| 111 | ov_111 | 2.7808117285807137 × 10^286 |
| 112 | ov_112 | 2.1180580021676438 × 10^286 |
| 113 | ov_113 | 1.6265724309798733 × 10^286 |
| 114 | ov_114 | 1.267284161213936 × 10^286 |
| 115 | ov_115 | 1.0035550511373143 × 10^286 |
| 116 | ov_116 | 8.01152075766314 × 10^285 |
| 117 | ov_117 | 6.282270487301332 × 10^285 |
| 118 | ov_118 | 4.8242013165150524 × 10^285 |
| 119 | ov_119 | 3.6137886494696514 × 10^285 |
| 120 | ov_120 | 2.6275591714907862 × 10^285 |
| 121 | ov_121 | 1.8420736896120008 × 10^285 |
| 122 | ov_122 | 1.2339145063708096 × 10^285 |
| 123 | ov_123 | 7.796765128344974 × 10^284 |
| 124 | ov_124 | 4.559611868621867 × 10^284 |
| 125 | ov_125 | 2.393728796976874 × 10^284 |
| 126 | ov_126 | 1.0651692441772616 × 10^284 |
| 127 | aaa_77_28 | 3.399891098248224 × 10^283 |
| 128 | aaa_77_29 | 1.2737949501367986 × 10^283 |
| 129 | ov_129 | 1.171342301869138 × 10^283 |
| 130 | ov_130 | 1.1713388244010006 × 10^283 |
| 131 | ov_131 | 1.1713379855576922 × 10^283 |
| 132 | ov_132 | 1.0137860807169741 × 10^283 |
| 133 | ov_133 | 8.728208899346183 × 10^282 |
| 134 | ov_134 | 7.471906676740794 × 10^282 |
| 135 | ov_135 | 6.357088877847829 × 10^282 |
| 136 | ov_136 | 5.37249583070118 × 10^282 |
| 137 | ov_137 | 4.50743382802175 × 10^282 |
| 138 | ov_138 | 3.751741766783687 × 10^282 |
| 139 | ov_139 | 3.095763373002974 × 10^282 |
| 140 | ov_140 | 2.530324367517863 × 10^282 |
| 141 | ov_141 | 2.046713962830171 × 10^282 |
| 142 | ov_142 | 1.6366701148868017 × 10^282 |
| 143 | ov_143 | 1.2923679871410796 × 10^282 |
| 144 | ov_144 | 1.0064111174497732 × 10^282 |
| 145 | ov_145 | 7.71824811413892 × 10^281 |
| 146 | ov_146 | 5.8205131871610724 × 10^281 |
| 147 | ov_147 | 4.309464034393796 × 10^281 |
| 148 | ov_148 | 3.1277699529002686 × 10^281 |
| 149 | ov_149 | 2.222196588957429 × 10^281 |
| 150 | ov_150 | 1.5435964291525836 × 10^281 |
| 151 | ov_151 | 1.0469029524484672 × 10^281 |
| 152 | ov_152 | 6.911267781624028 × 10^280 |
| 153 | ov_153 | 4.39352936465357 × 10^280 |
| 154 | ov_154 | 2.587389640945219 × 10^280 |
| 155 | ov_155 | 1.3388155931656236 × 10^280 |
| 156 | aaa_76_25 | 5.1412834948961224 × 10^279 |
| 157 | aaa_76_26 | 2.965471895105315 × 10^279 |
| 158 | aaa_76_27 | 1.5159437615833037 × 10^279 |
| 159 | aaa_76_28 | 5.892063759909876 × 10^278 |
| 160 | aaa_76_29 | 1.7886903119797677 × 10^278 |

### Output Bits Sorted by Complexity

| Rank | Output Bit | Complexity |
|:----:|:----------:|:----------:|
| 160 | aaa_76_29 | 1.7886903119797677 × 10^278 |
| 159 | aaa_76_28 | 5.892063759909876 × 10^278 |
| 158 | aaa_76_27 | 1.5159437615833037 × 10^279 |
| 157 | aaa_76_26 | 2.965471895105315 × 10^279 |
| 156 | aaa_76_25 | 5.1412834948961224 × 10^279 |
| 155 | ov_155 | 1.3388155931656236 × 10^280 |
| 154 | ov_154 | 2.587389640945219 × 10^280 |
| 153 | ov_153 | 4.39352936465357 × 10^280 |
| 152 | ov_152 | 6.911267781624028 × 10^280 |
| 151 | ov_151 | 1.0469029524484672 × 10^281 |
| 150 | ov_150 | 1.5435964291525836 × 10^281 |
| 149 | ov_149 | 2.222196588957429 × 10^281 |
| 148 | ov_148 | 3.1277699529002686 × 10^281 |
| 147 | ov_147 | 4.309464034393796 × 10^281 |
| 146 | ov_146 | 5.8205131871610724 × 10^281 |
| 145 | ov_145 | 7.71824811413892 × 10^281 |
| 144 | ov_144 | 1.0064111174497732 × 10^282 |
| 143 | ov_143 | 1.2923679871410796 × 10^282 |
| 142 | ov_142 | 1.6366701148868017 × 10^282 |
| 141 | ov_141 | 2.046713962830171 × 10^282 |
| 140 | ov_140 | 2.530324367517863 × 10^282 |
| 139 | ov_139 | 3.095763373002974 × 10^282 |
| 138 | ov_138 | 3.751741766783687 × 10^282 |
| 137 | ov_137 | 4.50743382802175 × 10^282 |
| 136 | ov_136 | 5.37249583070118 × 10^282 |
| 135 | ov_135 | 6.357088877847829 × 10^282 |
| 134 | ov_134 | 7.471906676740794 × 10^282 |
| 133 | ov_133 | 8.728208899346183 × 10^282 |
| 132 | ov_132 | 1.0137860807169741 × 10^283 |
| 131 | ov_131 | 1.1713379855576922 × 10^283 |
| 130 | ov_130 | 1.1713388244010006 × 10^283 |
| 129 | ov_129 | 1.171342301869138 × 10^283 |
| 128 | aaa_77_29 | 1.2737949501367986 × 10^283 |
| 127 | aaa_77_28 | 3.399891098248224 × 10^283 |
| 126 | ov_126 | 1.0651692441772616 × 10^284 |
| 125 | ov_125 | 2.393728796976874 × 10^284 |
| 124 | ov_124 | 4.559611868621867 × 10^284 |
| 123 | ov_123 | 7.796765128344974 × 10^284 |
| 122 | ov_122 | 1.2339145063708096 × 10^285 |
| 121 | ov_121 | 1.8420736896120008 × 10^285 |
| 120 | ov_120 | 2.6275591714907862 × 10^285 |
| 119 | ov_119 | 3.6137886494696514 × 10^285 |
| 118 | ov_118 | 4.8242013165150524 × 10^285 |
| 117 | ov_117 | 6.282270487301332 × 10^285 |
| 116 | ov_116 | 8.01152075766314 × 10^285 |
| 115 | ov_115 | 1.0035550511373143 × 10^286 |
| 114 | ov_114 | 1.267284161213936 × 10^286 |
| 113 | ov_113 | 1.6265724309798733 × 10^286 |
| 112 | ov_112 | 2.1180580021676438 × 10^286 |
| 111 | ov_111 | 2.7808117285807137 × 10^286 |
| 110 | ov_110 | 3.6563738913274704 × 10^286 |
| 109 | ov_109 | 4.788801999954034 × 10^286 |
| 108 | ov_108 | 6.224731808974783 × 10^286 |
| 107 | ov_107 | 8.0134538432131335 × 10^286 |
| 106 | ov_106 | 1.0207007889914891 × 10^287 |
| 105 | ov_105 | 1.2860298081112117 × 10^287 |
| 104 | ov_104 | 1.6031231356634278 × 10^287 |
| 103 | ov_103 | 1.9780882267050792 × 10^287 |
| 102 | ov_102 | 2.4173687247403347 × 10^287 |
| 101 | ov_101 | 2.9277671667741826 × 10^287 |
| 100 | ov_100 | 3.516471314629267 × 10^287 |
| 99 | ov_099 | 4.191084479685127 × 10^287 |
| 98 | ov_098 | 4.1910943256155986 × 10^287 |
| 97 | ov_097 | 4.191125165654531 × 10^287 |
| 96 | aaa_78_29 | 8.084943023320658 × 10^287 |
| 95 | aaa_78_28 | 2.6767423539120553 × 10^288 |
| 94 | ov_094 | 8.760103164716469 × 10^288 |
| 93 | ov_093 | 2.0681184035977815 × 10^289 |
| 92 | ov_092 | 4.1831284151773984 × 10^289 |
| 91 | ov_091 | 7.65619201887416 × 10^289 |
| 90 | ov_090 | 1.3018488890901084 × 10^290 |
| 89 | ov_089 | 2.0897242046527054 × 10^290 |
| 88 | ov_088 | 3.2015749036544772 × 10^290 |
| 87 | ov_087 | 4.791673499028603 × 10^290 |
| 86 | ov_086 | 7.033527408196537 × 10^290 |
| 85 | ov_085 | 1.01199010366043 × 10^291 |
| 84 | ov_084 | 1.4262847368584244 × 10^291 |
| 83 | ov_083 | 1.9693750937709427 × 10^291 |
| 82 | ov_082 | 2.6663384049259795 × 10^291 |
| 81 | ov_081 | 3.5441978128271125 × 10^291 |
| 64 | lv_79_m31 | 4.6112075466184866 × 10^291 |
| 80 | ov_080 | 4.63193120681 × 10^291 |
| 79 | ov_079 | 5.960481945677795 × 10^291 |
| 78 | ov_078 | 7.56277165619762 × 10^291 |
| 77 | ov_077 | 9.473715590836342 × 10^291 |
| 76 | ov_076 | 1.173024193688875 × 10^292 |
| 75 | ov_075 | 1.4371317449475133 × 10^292 |
| 74 | ov_074 | 1.743798224379812 × 10^292 |
| 73 | ov_073 | 2.0973396775729508 × 10^292 |
| 63 | ov_063 | 2.366771265195242 × 10^292 |
| 72 | ov_072 | 2.5022904236089335 × 10^292 |
| 71 | ov_071 | 2.963411178369225 × 10^292 |
| 70 | ov_070 | 3.485699424634658 × 10^292 |
| 69 | ov_069 | 4.0744024128650863 × 10^292 |
| 68 | ov_068 | 4.735033198198397 × 10^292 |
| 67 | ov_067 | 5.473390141707356 × 10^292 |
| 66 | ov_066 | 5.473393891358265 × 10^292 |
| 65 | ov_065 | 5.473409533115978 × 10^292 |
| 62 | ov_062 | 1.2144941036080641 × 10^293 |
| 61 | ov_061 | 4.427844230951408 × 10^293 |
| 60 | ov_060 | 1.2677467734963196 × 10^294 |
| 59 | ov_059 | 3.059513084152305 × 10^294 |
| 58 | ov_058 | 6.210412531118827 × 10^294 |
| 57 | ov_057 | 1.1222397293809771 × 10^295 |
| 56 | ov_056 | 1.8707047006464053 × 10^295 |
| 55 | ov_055 | 2.9385581005325883 × 10^295 |
| 54 | ov_054 | 4.4088885095645796 × 10^295 |
| 53 | ov_053 | 6.375756263046888 × 10^295 |
| 52 | ov_052 | 9.038262681956564 × 10^295 |
| 51 | ov_051 | 1.2617484811927357 × 10^296 |
| 50 | ov_050 | 1.7240475864205279 × 10^296 |
| 49 | ov_049 | 2.317239165157144 × 10^296 |
| 48 | ov_048 | 3.0562430183444644 × 10^296 |
| 47 | ov_047 | 3.972014822665348 × 10^296 |
| 32 | lv_80_m31 | 4.7322912971687025 × 10^296 |
| 46 | ov_046 | 5.0977515647282705 × 10^296 |
| 45 | ov_045 | 6.468913259142776 × 10^296 |
| 44 | ov_044 | 8.123252309706614 × 10^296 |
| 43 | ov_043 | 1.0100852287586113 × 10^297 |
| 42 | ov_042 | 1.2444178055278928 × 10^297 |
| 41 | ov_041 | 1.51981393205701 × 10^297 |
| 40 | ov_040 | 1.838709494435868 × 10^297 |
| 39 | ov_039 | 2.20367412041735 × 10^297 |
| 31 | ov_031 | 2.4260762597558993 × 10^297 |
| 38 | ov_038 | 2.6199872513510128 × 10^297 |
| 37 | ov_037 | 3.093216381105368 × 10^297 |
| 36 | ov_036 | 3.626376121850198 × 10^297 |
| 35 | ov_035 | 4.22566323534157 × 10^297 |
| 34 | ov_034 | 4.8944397186067874 × 10^297 |
| 33 | ov_033 | 5.6396236003790486 × 10^297 |
| 30 | ov_030 | 1.2436231116650866 × 10^298 |
| 29 | ov_029 | 4.0674271349382415 × 10^298 |
| 28 | ov_028 | 1.0553853363207428 × 10^299 |
| 27 | ov_027 | 2.3581426254979377 × 10^299 |
| 26 | ov_026 | 4.7141882281023095 × 10^299 |
| 25 | ov_025 | 8.63401839838568 × 10^299 |
| 24 | ov_024 | 1.4739457358766288 × 10^300 |
| 23 | ov_023 | 2.4385497178595454 × 10^300 |
| 22 | ov_022 | 3.914985480973825 × 10^300 |
| 21 | ov_021 | 6.0833085318603534 × 10^300 |
| 20 | ov_020 | 9.145878854672349 × 10^300 |
| 19 | ov_019 | 1.3327394677713434 × 10^301 |
| 18 | ov_018 | 1.88749437949463 × 10^301 |
| 17 | ov_017 | 2.605807777376877 × 10^301 |
| 16 | ov_016 | 3.516891525773311 × 10^301 |
| 15 | ov_015 | 4.6522282391101416 × 10^301 |
| 14 | ov_014 | 6.045590220195157 × 10^301 |
| 13 | ov_013 | 7.733064776054403 × 10^301 |
| 12 | ov_012 | 9.753087419966853 × 10^301 |
| 11 | ov_011 | 1.214648450662471 × 10^302 |
| 10 | ov_010 | 1.4956526980117958 × 10^302 |
| 9 | ov_009 | 1.8228997208161884 × 10^302 |
| 8 | ov_008 | 2.201227133097601 × 10^302 |
| 7 | ov_007 | 2.6357419871637257 × 10^302 |
| 6 | ov_006 | 3.1318329537119237 × 10^302 |
| 5 | ov_005 | 3.695184932438097 × 10^302 |
| 4 | ov_004 | 4.331796423461656 × 10^302 |
| 3 | ov_003 | 5.047999986136605 × 10^302 |
| 2 | ov_002 | 5.850486061219719 × 10^302 |
| 1 | ov_001 | 6.746330404269632 × 10^302 |

