# Results for F001-F002-F003-F004-F005-F006-F007-F008-F009-F010-F011-F012-F013-F014-F015-F016-F017-F018-F019-F020-F021-F022-F023-F024-F025-F026-F027-F028-F029-F030-F031-F032-F033-F034-F035-F036-F037-F038-F039-F040-F041-F042-F043-F044-F045-F046-F047-F048-F049-F050-F051-F052-F053-F054-F055-F056-F057-F058-F059-F060-F061-F062-F063-F064-F065-F066-F067-F068-F069-F070-F071-F072-F073-F074-F075-F076-F077-F078-F079-F080-F081-F082-F083-F084-F085-F086-F087-F088-F089-F090-F091-F092-F093-F094-F095-F096-F097-F098-F099-F100-F101-F102-F103-F104-F105-F106-F107-F108-F109-F110-F111-F112-F113-F114-F115-F116-F117-F118-F119-F120-F121-F122-F123-F124-F125-F126-F127-F128-F129-F130-F131-F132-F133-F134-F135-F136-F137-F138-F139-F140-F141-F142-F143-F144-F145-F146-F147-F148-F149-F150-F151-F152-F153-F154-F155-F156-F157-F158-F159-F160-F161-F162-F163-F164-F165-F166-F167-F168-F169-F170-F171-F172-F173-F174-F175-F176-F177-F178-F179-F180-F181-F182-F183-F184-F185-F186-F187-F188-F189-F190-F191-F192-F193-F194-F195-F196-F197-F198-F199-F200-F201-F202-F203-F204-F205-F206-F207-F208-F209-F210-F211-F212-F213-F214-F215-F216-F217-F218-F219-F220-F221-F222-F223-F224-F225-F226-F227-F228-F229-F230-F231-F232-F233-F234-F235-F236-F237-F238-F239-F240-F241-F242-F243-F244-F245-F246-F247-F248-F249-F250-F251-F252-F253-F254-F255-F256-F257-F258-F259-F260-F261-F262-F263-F264-F265-F266-F267-F268-F269-F270-F271-F272-F273-F274-F275-F276-F277-F278-F279-F280-F281-F282-F283-F284-F285-F286-F287-F288-F289-F290-F291-F292-F293-F294-F295-F296-F297-F298-F299-F300-F301-F302-F303-F304-F305-F306-F307-F308-F309-F310-F311-F312-F313-F314-F315-F316-F317-F318-F319-F320-F321-F322-F323-F324-F325-F326-F327-F328-F329-F330-F331-F332-F333-F334-F335-F336-F337-F338-F339-F340-F341-F342-F343-F344-F345-F346-F347-F348-F349-F350-F351-F352-F353-F354-F355-F356-F357-F358-F359-F360-F361-F362-F363-F364-F365-F366-F367-F368-F369-F370-F371-F372-F373-F374-F375-F376-F377-F378-F379-F380-F381-F382-F383-F384-F385-F386-F387-F388-F389-F390-F391-F392-F393-F394-F395-F396-F397-F398-F399-F400-F401-F402-F403-F404-F405-F406-F407-F408-F409-F410-F411-F412-F413-F414-F415-F416-F417-F418-F419-F420-F421-F422-F423-F424-F425-F426-F427-F428-F429-F430-F431-F432-F433-F434-F435-F436-F437-F438-F439-F440-F441-F442-F443-F444-F445-F446-F447-F448-F449-F450-F451-F452-F453-F454-F455-F456-F457-F458-F459-F460-F461-F462-F463-F464-F465-F466-F467-F468-F469-F470-F471-F472-F473-F474-F475-F476-F477-F478-F479-F480-F481-F482-F483-F484-F485-F486-F487-F488-F489-F490-F491-F492-F493-F494-F495-F496-O500505-F507-F508-F509-F510-F511-F512

## Summary

Number of input bits: 512  
Number of free input bits: 9  
Number of output bits: 160

Number of direct occurrences: 35928  
Number of assignments: 30565  
Number of operations: 10674471
(xor: 10646673,
and: 14737,
or: 13061)

Total complexity: 2.8675283578297403 × 10^295

Least occurring input variable: iv_499 (3829)  
Most occurring input variable: iv_500 (4289)

Most co-occurring input variables: iv_497-iv_500 (2003)  
Least co-occurring input variables: iv_499-iv_506 (1735)

Potentially most occurring input variable: iv_498/iv_500 (4393)  
Potentially least occurring input variable: iv_499/iv_504 (4052)

Least output occurring input variable: iv_499 (72)  
Most output occurring input variable: iv_497 (93)

Most output co-occurring input variables: iv_497-iv_506 (50)  
Least output co-occurring input variables: iv_499-iv_503 (27)

Potentially most output occurring input variable: iv_500/iv_503 (92)  
Potentially least output occurring input variable: iv_502/iv_503 (66)

Least complex input bit: iv_497 (1.8712066257619524 × 10^293)  
Most complex input bit: iv_500 (1.0116763977355011 × 10^295)

Least complex output bit: aaa_76_29 (3.114138173212075 × 10^270)  
Most complex output bit: ov_001 (4.666363813389578 × 10^294)

Least complex input/output complexity: iv_497/aaa_76_29 (2.032131946434491 × 10^268)  
Most complex input/output complexity: iv_500/ov_001 (1.6463133207952595 × 10^294)

## Input Bits

### Input Bits in Regular Order

| Input Bit | Complexity | Occurrences | Output Occurrences |
|:---------:|:----------:|:-----------:|:------------------:|
| iv_497 | 1.8712066257619524 × 10^293 | 4069 | 93 |
| iv_498 | 3.658931106080628 × 10^293 | 3930 | 73 |
| iv_499 | 6.3984578746389305 × 10^293 | 3829 | 72 |
| iv_500 | 1.0116763977355011 × 10^295 | 4289 | 79 |
| iv_501 | 1.753804627036657 × 10^294 | 3983 | 77 |
| iv_502 | 2.822326235019984 × 10^294 | 3840 | 73 |
| iv_503 | 4.4845934915992406 × 10^294 | 4012 | 73 |
| iv_504 | 6.997614910747536 × 10^294 | 4017 | 79 |
| iv_506 | 1.3073207758908694 × 10^294 | 3959 | 77 |

### Input Bits Sorted by Complexity

| Input Bit | Complexity | Occurrences | Output Occurrences |
|:---------:|:----------:|:-----------:|:------------------:|
| iv_497 | 1.8712066257619524 × 10^293 | 4069 | 93 |
| iv_498 | 3.658931106080628 × 10^293 | 3930 | 73 |
| iv_499 | 6.3984578746389305 × 10^293 | 3829 | 72 |
| iv_506 | 1.3073207758908694 × 10^294 | 3959 | 77 |
| iv_501 | 1.753804627036657 × 10^294 | 3983 | 77 |
| iv_502 | 2.822326235019984 × 10^294 | 3840 | 73 |
| iv_503 | 4.4845934915992406 × 10^294 | 4012 | 73 |
| iv_504 | 6.997614910747536 × 10^294 | 4017 | 79 |
| iv_500 | 1.0116763977355011 × 10^295 | 4289 | 79 |

### Input Bits Sorted by Occurrences

| Input Bit | Complexity | Occurrences | Output Occurrences |
|:---------:|:----------:|:-----------:|:------------------:|
| iv_499 | 6.3984578746389305 × 10^293 | 3829 | 72 |
| iv_502 | 2.822326235019984 × 10^294 | 3840 | 73 |
| iv_498 | 3.658931106080628 × 10^293 | 3930 | 73 |
| iv_506 | 1.3073207758908694 × 10^294 | 3959 | 77 |
| iv_501 | 1.753804627036657 × 10^294 | 3983 | 77 |
| iv_503 | 4.4845934915992406 × 10^294 | 4012 | 73 |
| iv_504 | 6.997614910747536 × 10^294 | 4017 | 79 |
| iv_497 | 1.8712066257619524 × 10^293 | 4069 | 93 |
| iv_500 | 1.0116763977355011 × 10^295 | 4289 | 79 |

### Input Bits Sorted by Output Occurrences

| Input Bit | Complexity | Occurrences | Output Occurrences |
|:---------:|:----------:|:-----------:|:------------------:|
| iv_499 | 6.3984578746389305 × 10^293 | 3829 | 72 |
| iv_502 | 2.822326235019984 × 10^294 | 3840 | 73 |
| iv_503 | 4.4845934915992406 × 10^294 | 4012 | 73 |
| iv_498 | 3.658931106080628 × 10^293 | 3930 | 73 |
| iv_501 | 1.753804627036657 × 10^294 | 3983 | 77 |
| iv_506 | 1.3073207758908694 × 10^294 | 3959 | 77 |
| iv_500 | 1.0116763977355011 × 10^295 | 4289 | 79 |
| iv_504 | 6.997614910747536 × 10^294 | 4017 | 79 |
| iv_497 | 1.8712066257619524 × 10^293 | 4069 | 93 |

## Input Bit Co-occurrences

### Input Bit Co-occurrences Sorted by Co-occurrences

| Input Bits | Co-occurrences | Potential Occurrences | Output Co-occurrences | Potential Output Occurrences |
|:----------:|:--------------:|:---------------------:|:---------------------:|:----------------------------:|
| iv_497-iv_500 | 2003 | 4352 | 47 | 78 |
| iv_500-iv_504 | 2002 | 4302 | 35 | 88 |
| iv_500-iv_503 | 1998 | 4305 | 30 | 92 |
| iv_500-iv_506 | 1989 | 4270 | 38 | 80 |
| iv_500-iv_501 | 1965 | 4342 | 40 | 76 |
| iv_498-iv_504 | 1942 | 4063 | 39 | 74 |
| iv_497-iv_504 | 1921 | 4244 | 43 | 86 |
| iv_501-iv_503 | 1920 | 4155 | 40 | 70 |
| iv_497-iv_506 | 1916 | 4196 | 50 | 70 |

### Input Bit Co-occurrences Sorted by Potential Occurrences

| Input Bits | Co-occurrences | Potential Occurrences | Output Co-occurrences | Potential Output Occurrences |
|:----------:|:--------------:|:---------------------:|:---------------------:|:----------------------------:|
| iv_499-iv_504 | 1897 | 4052 | 36 | 79 |
| iv_498-iv_504 | 1942 | 4063 | 39 | 74 |
| iv_499-iv_502 | 1802 | 4065 | 32 | 81 |
| iv_497-iv_502 | 1896 | 4117 | 45 | 76 |
| iv_498-iv_499 | 1814 | 4131 | 31 | 83 |
| iv_499-iv_501 | 1837 | 4138 | 41 | 67 |
| iv_501-iv_502 | 1839 | 4145 | 40 | 70 |
| iv_503-iv_506 | 1912 | 4147 | 39 | 72 |
| iv_501-iv_503 | 1920 | 4155 | 40 | 70 |

### Input Bit Output Co-occurrences Sorted by Output Co-occurrences

| Input Bits | Co-occurrences | Potential Occurrences | Output Co-occurrences | Potential Output Occurrences |
|:----------:|:--------------:|:---------------------:|:---------------------:|:----------------------------:|
| iv_497-iv_501 | 1913 | 4226 | 50 | 70 |
| iv_497-iv_506 | 1916 | 4196 | 50 | 70 |
| iv_497-iv_500 | 2003 | 4352 | 47 | 78 |
| iv_497-iv_503 | 1912 | 4257 | 46 | 74 |
| iv_497-iv_502 | 1896 | 4117 | 45 | 76 |
| iv_497-iv_498 | 1880 | 4239 | 43 | 80 |
| iv_497-iv_504 | 1921 | 4244 | 43 | 86 |
| iv_499-iv_501 | 1837 | 4138 | 41 | 67 |
| iv_498-iv_506 | 1854 | 4181 | 41 | 68 |

### Input Bit Output Co-occurrences Sorted by Potential Output Occurrences

| Input Bits | Co-occurrences | Potential Occurrences | Output Co-occurrences | Potential Output Occurrences |
|:----------:|:--------------:|:---------------------:|:---------------------:|:----------------------------:|
| iv_502-iv_503 | 1805 | 4242 | 40 | 66 |
| iv_499-iv_501 | 1837 | 4138 | 41 | 67 |
| iv_498-iv_506 | 1854 | 4181 | 41 | 68 |
| iv_501-iv_502 | 1839 | 4145 | 40 | 70 |
| iv_497-iv_501 | 1913 | 4226 | 50 | 70 |
| iv_497-iv_506 | 1916 | 4196 | 50 | 70 |
| iv_501-iv_503 | 1920 | 4155 | 40 | 70 |
| iv_498-iv_503 | 1869 | 4204 | 38 | 70 |
| iv_503-iv_506 | 1912 | 4147 | 39 | 72 |

## Output Bits

### Output Bits in Regular Order

| Rank | Output Bit | Complexity |
|:----:|:----------:|:----------:|
| 1 | ov_001 | 4.666363813389578 × 10^294 |
| 2 | ov_002 | 4.0344036967065956 × 10^294 |
| 3 | ov_003 | 3.4696028892610075 × 10^294 |
| 4 | ov_004 | 2.966800043009438 × 10^294 |
| 5 | ov_005 | 2.5211151842991212 × 10^294 |
| 6 | ov_006 | 2.1279293869645435 × 10^294 |
| 7 | ov_007 | 1.782867132225594 × 10^294 |
| 8 | ov_008 | 1.4817811911604715 × 10^294 |
| 9 | ov_009 | 1.2207398256246522 × 10^294 |
| 10 | ov_010 | 9.960160659543745 × 10^293 |
| 11 | ov_011 | 8.040788209457565 × 10^293 |
| 12 | ov_012 | 6.415855895121002 × 10^293 |
| 13 | ov_013 | 5.0537655709254845 × 10^293 |
| 14 | ov_014 | 3.9246987337151974 × 10^293 |
| 15 | ov_015 | 3.000579212154524 × 10^293 |
| 16 | ov_016 | 2.255043999763698 × 10^293 |
| 17 | ov_017 | 1.6634205947752381 × 10^293 |
| 18 | ov_018 | 1.202709418840466 × 10^293 |
| 19 | ov_019 | 8.515702425205629 × 10^292 |
| 20 | ov_020 | 5.903118767192061 × 10^292 |
| 21 | ov_021 | 4.008845402962514 × 10^292 |
| 22 | ov_022 | 2.66874379180678 × 10^292 |
| 23 | ov_023 | 1.7349967733664522 × 10^292 |
| 24 | ov_024 | 1.076083649485934 × 10^292 |
| 25 | ov_025 | 6.303157694651968 × 10^291 |
| 26 | ov_026 | 3.441423057619605 × 10^291 |
| 27 | ov_027 | 1.721474815778348 × 10^291 |
| 28 | ov_028 | 7.704941856569046 × 10^290 |
| 29 | ov_029 | 2.969974264336204 × 10^290 |
| 30 | ov_030 | 9.083480716037885 × 10^289 |
| 31 | ov_031 | 1.77283304906688 × 10^289 |
| 32 | lv_80_m31 | 3.4597667805755496 × 10^288 |
| 33 | ov_033 | 4.124041599531091 × 10^289 |
| 34 | ov_034 | 3.5778347591767597 × 10^289 |
| 35 | ov_035 | 3.0890552502694253 × 10^289 |
| 36 | ov_036 | 2.652612078250175 × 10^289 |
| 37 | ov_037 | 2.2636857415066603 × 10^289 |
| 38 | ov_038 | 1.9177090634242581 × 10^289 |
| 39 | ov_039 | 1.610350719182252 × 10^289 |
| 40 | ov_040 | 1.339502110053995 × 10^289 |
| 41 | ov_041 | 1.1031623171829991 × 10^289 |
| 42 | ov_042 | 8.994326810008408 × 10^288 |
| 43 | ov_043 | 7.265122916386204 × 10^288 |
| 44 | ov_044 | 5.810784455642803 × 10^288 |
| 45 | ov_045 | 4.599880977718485 × 10^288 |
| 46 | ov_046 | 3.6027356034479334 × 10^288 |
| 47 | ov_047 | 2.79139141331868 × 10^288 |
| 48 | ov_048 | 2.1395856216098732 × 10^288 |
| 49 | ov_049 | 1.622730040907299 × 10^288 |
| 50 | ov_050 | 1.217896463873796 × 10^288 |
| 51 | ov_051 | 9.038057735440034 × 10^287 |
| 52 | ov_052 | 6.6081989613532495 × 10^287 |
| 53 | ov_053 | 4.709359902251944 × 10^287 |
| 54 | ov_054 | 3.2556084081928497 × 10^287 |
| 55 | ov_055 | 2.169160040365057 × 10^287 |
| 56 | ov_056 | 1.3803674327771548 × 10^287 |
| 57 | ov_057 | 8.277137916430964 × 10^286 |
| 58 | ov_058 | 4.578092047852714 × 10^286 |
| 59 | ov_059 | 2.253887328375553 × 10^286 |
| 60 | ov_060 | 9.331154774389021 × 10^285 |
| 61 | ov_061 | 3.2560623764879324 × 10^285 |
| 62 | ov_062 | 8.922365208333043 × 10^284 |
| 63 | ov_063 | 1.7369461222051954 × 10^284 |
| 64 | lv_79_m31 | 3.3805079089970805 × 10^283 |
| 65 | ov_065 | 3.9768497488621906 × 10^284 |
| 66 | ov_066 | 3.976839165301211 × 10^284 |
| 67 | ov_067 | 3.976836678738975 × 10^284 |
| 68 | ov_068 | 3.4261393038024324 × 10^284 |
| 69 | ov_069 | 2.9352866598953903 × 10^284 |
| 70 | ov_070 | 2.4996790088163574 × 10^284 |
| 71 | ov_071 | 2.114935896608143 × 10^284 |
| 72 | ov_072 | 1.776885105545491 × 10^284 |
| 73 | ov_073 | 1.4815539330067247 × 10^284 |
| 74 | ov_074 | 1.225162090796983 × 10^284 |
| 75 | ov_075 | 1.0041156281646863 × 10^284 |
| 76 | ov_076 | 8.150015315308848 × 10^283 |
| 77 | ov_077 | 6.545828902780385 × 10^283 |
| 78 | ov_078 | 5.197945956580963 × 10^283 |
| 79 | ov_079 | 4.0773954040663755 × 10^283 |
| 80 | ov_080 | 3.156852870529154 × 10^283 |
| 81 | ov_081 | 2.4106117322103365 × 10^283 |
| 82 | ov_082 | 1.8145582244753441 × 10^283 |
| 83 | ov_083 | 1.3461502921259966 × 10^283 |
| 84 | ov_084 | 9.843998700829742 × 10^282 |
| 85 | ov_085 | 7.098582835740923 × 10^282 |
| 86 | ov_086 | 5.046044575840986 × 10^282 |
| 87 | ov_087 | 3.5223562573073314 × 10^282 |
| 88 | ov_088 | 2.3786022898726674 × 10^282 |
| 89 | ov_089 | 1.5440952921356753 × 10^282 |
| 90 | ov_090 | 9.556669201652462 × 10^281 |
| 91 | ov_091 | 5.576531595378713 × 10^281 |
| 92 | ov_092 | 3.018851529821292 × 10^281 |
| 93 | ov_093 | 1.4768404331113961 × 10^281 |
| 94 | ov_094 | 6.185843874774733 × 10^280 |
| 95 | aaa_78_28 | 1.8703377824123405 × 10^280 |
| 96 | aaa_78_29 | 5.557909289690872 × 10^279 |
| 97 | ov_097 | 3.127240774138419 × 10^279 |
| 98 | ov_098 | 3.127189753161199 × 10^279 |
| 99 | ov_099 | 3.127173455870372 × 10^279 |
| 100 | ov_100 | 2.5538023384841684 × 10^279 |
| 101 | ov_101 | 2.0797114569293508 × 10^279 |
| 102 | ov_102 | 1.6923888423288366 × 10^279 |
| 103 | ov_103 | 1.3800014158780587 × 10^279 |
| 104 | ov_104 | 1.131345192084634 × 10^279 |
| 105 | ov_105 | 9.358022435622453 × 10^278 |
| 106 | ov_106 | 7.833037864820984 × 10^278 |
| 107 | ov_107 | 6.642987776565567 × 10^278 |
| 108 | ov_108 | 5.6972744516613714 × 10^278 |
| 109 | ov_109 | 4.909992046666017 × 10^278 |
| 110 | ov_110 | 4.1997444321252065 × 10^278 |
| 111 | ov_111 | 3.5622894549561195 × 10^278 |
| 112 | ov_112 | 2.9934792676238597 × 10^278 |
| 113 | ov_113 | 2.4892394685464 × 10^278 |
| 114 | ov_114 | 2.045551976043447 × 10^278 |
| 115 | ov_115 | 1.658441349086342 × 10^278 |
| 116 | ov_116 | 1.3239642684700355 × 10^278 |
| 117 | ov_117 | 1.0382015866237324 × 10^278 |
| 118 | ov_118 | 7.972520845104433 × 10^277 |
| 119 | ov_119 | 5.9722745130140105 × 10^277 |
| 120 | ov_120 | 4.3424834397412335 × 10^277 |
| 121 | ov_121 | 3.044413840192441 × 10^277 |
| 122 | ov_122 | 2.0393694845886115 × 10^277 |
| 123 | ov_123 | 1.2886761238407046 × 10^277 |
| 124 | ov_124 | 7.53671002254709 × 10^276 |
| 125 | ov_125 | 3.9569637407883614 × 10^276 |
| 126 | ov_126 | 1.7609620393303182 × 10^276 |
| 127 | aaa_77_28 | 5.621490352642879 × 10^275 |
| 128 | aaa_77_29 | 2.1066697060815286 × 10^275 |
| 129 | ov_129 | 1.9157756169054212 × 10^275 |
| 130 | ov_130 | 1.9157695686865524 × 10^275 |
| 131 | ov_131 | 1.9157681116253575 × 10^275 |
| 132 | ov_132 | 1.6554655395504772 × 10^275 |
| 133 | ov_133 | 1.4226439012910207 × 10^275 |
| 134 | ov_134 | 1.2151314232977928 × 10^275 |
| 135 | ov_135 | 1.0308674676672677 × 10^275 |
| 136 | ov_136 | 8.678945593874147 × 10^274 |
| 137 | ov_137 | 7.2525883738939805 × 10^274 |
| 138 | ov_138 | 6.01190101929872 × 10^274 |
| 139 | ov_139 | 4.940043780863995 × 10^274 |
| 140 | ov_140 | 4.021001806773255 × 10^274 |
| 141 | ov_141 | 3.2395554255264752 × 10^274 |
| 142 | ov_142 | 2.581257002943939 × 10^274 |
| 143 | ov_143 | 2.0324133749437707 × 10^274 |
| 144 | ov_144 | 1.5800729187795623 × 10^274 |
| 145 | ov_145 | 1.2120163862305374 × 10^274 |
| 146 | ov_146 | 9.167506828896996 × 10^273 |
| 147 | ov_147 | 6.835048382268592 × 10^273 |
| 148 | ov_148 | 5.022274715379837 × 10^273 |
| 149 | ov_149 | 3.6358515137293055 × 10^273 |
| 150 | ov_150 | 2.589612272931625 × 10^273 |
| 151 | ov_151 | 1.804549356891576 × 10^273 |
| 152 | ov_152 | 1.208807174169627 × 10^273 |
| 153 | ov_153 | 7.682452102319621 × 10^272 |
| 154 | ov_154 | 4.522954262871118 × 10^272 |
| 155 | ov_155 | 2.3396084605524545 × 10^272 |
| 156 | aaa_76_25 | 8.981473112437753 × 10^271 |
| 157 | aaa_76_26 | 5.177091578906473 × 10^271 |
| 158 | aaa_76_27 | 2.6445299164693764 × 10^271 |
| 159 | aaa_76_28 | 1.0268532523182004 × 10^271 |
| 160 | aaa_76_29 | 3.114138173212075 × 10^270 |

### Output Bits Sorted by Complexity

| Rank | Output Bit | Complexity |
|:----:|:----------:|:----------:|
| 160 | aaa_76_29 | 3.114138173212075 × 10^270 |
| 159 | aaa_76_28 | 1.0268532523182004 × 10^271 |
| 158 | aaa_76_27 | 2.6445299164693764 × 10^271 |
| 157 | aaa_76_26 | 5.177091578906473 × 10^271 |
| 156 | aaa_76_25 | 8.981473112437753 × 10^271 |
| 155 | ov_155 | 2.3396084605524545 × 10^272 |
| 154 | ov_154 | 4.522954262871118 × 10^272 |
| 153 | ov_153 | 7.682452102319621 × 10^272 |
| 152 | ov_152 | 1.208807174169627 × 10^273 |
| 151 | ov_151 | 1.804549356891576 × 10^273 |
| 150 | ov_150 | 2.589612272931625 × 10^273 |
| 149 | ov_149 | 3.6358515137293055 × 10^273 |
| 148 | ov_148 | 5.022274715379837 × 10^273 |
| 147 | ov_147 | 6.835048382268592 × 10^273 |
| 146 | ov_146 | 9.167506828896996 × 10^273 |
| 145 | ov_145 | 1.2120163862305374 × 10^274 |
| 144 | ov_144 | 1.5800729187795623 × 10^274 |
| 143 | ov_143 | 2.0324133749437707 × 10^274 |
| 142 | ov_142 | 2.581257002943939 × 10^274 |
| 141 | ov_141 | 3.2395554255264752 × 10^274 |
| 140 | ov_140 | 4.021001806773255 × 10^274 |
| 139 | ov_139 | 4.940043780863995 × 10^274 |
| 138 | ov_138 | 6.01190101929872 × 10^274 |
| 137 | ov_137 | 7.2525883738939805 × 10^274 |
| 136 | ov_136 | 8.678945593874147 × 10^274 |
| 135 | ov_135 | 1.0308674676672677 × 10^275 |
| 134 | ov_134 | 1.2151314232977928 × 10^275 |
| 133 | ov_133 | 1.4226439012910207 × 10^275 |
| 132 | ov_132 | 1.6554655395504772 × 10^275 |
| 131 | ov_131 | 1.9157681116253575 × 10^275 |
| 130 | ov_130 | 1.9157695686865524 × 10^275 |
| 129 | ov_129 | 1.9157756169054212 × 10^275 |
| 128 | aaa_77_29 | 2.1066697060815286 × 10^275 |
| 127 | aaa_77_28 | 5.621490352642879 × 10^275 |
| 126 | ov_126 | 1.7609620393303182 × 10^276 |
| 125 | ov_125 | 3.9569637407883614 × 10^276 |
| 124 | ov_124 | 7.53671002254709 × 10^276 |
| 123 | ov_123 | 1.2886761238407046 × 10^277 |
| 122 | ov_122 | 2.0393694845886115 × 10^277 |
| 121 | ov_121 | 3.044413840192441 × 10^277 |
| 120 | ov_120 | 4.3424834397412335 × 10^277 |
| 119 | ov_119 | 5.9722745130140105 × 10^277 |
| 118 | ov_118 | 7.972520845104433 × 10^277 |
| 117 | ov_117 | 1.0382015866237324 × 10^278 |
| 116 | ov_116 | 1.3239642684700355 × 10^278 |
| 115 | ov_115 | 1.658441349086342 × 10^278 |
| 114 | ov_114 | 2.045551976043447 × 10^278 |
| 113 | ov_113 | 2.4892394685464 × 10^278 |
| 112 | ov_112 | 2.9934792676238597 × 10^278 |
| 111 | ov_111 | 3.5622894549561195 × 10^278 |
| 110 | ov_110 | 4.1997444321252065 × 10^278 |
| 109 | ov_109 | 4.909992046666017 × 10^278 |
| 108 | ov_108 | 5.6972744516613714 × 10^278 |
| 107 | ov_107 | 6.642987776565567 × 10^278 |
| 106 | ov_106 | 7.833037864820984 × 10^278 |
| 105 | ov_105 | 9.358022435622453 × 10^278 |
| 104 | ov_104 | 1.131345192084634 × 10^279 |
| 103 | ov_103 | 1.3800014158780587 × 10^279 |
| 102 | ov_102 | 1.6923888423288366 × 10^279 |
| 101 | ov_101 | 2.0797114569293508 × 10^279 |
| 100 | ov_100 | 2.5538023384841684 × 10^279 |
| 99 | ov_099 | 3.127173455870372 × 10^279 |
| 98 | ov_098 | 3.127189753161199 × 10^279 |
| 97 | ov_097 | 3.127240774138419 × 10^279 |
| 96 | aaa_78_29 | 5.557909289690872 × 10^279 |
| 95 | aaa_78_28 | 1.8703377824123405 × 10^280 |
| 94 | ov_094 | 6.185843874774733 × 10^280 |
| 93 | ov_093 | 1.4768404331113961 × 10^281 |
| 92 | ov_092 | 3.018851529821292 × 10^281 |
| 91 | ov_091 | 5.576531595378713 × 10^281 |
| 90 | ov_090 | 9.556669201652462 × 10^281 |
| 89 | ov_089 | 1.5440952921356753 × 10^282 |
| 88 | ov_088 | 2.3786022898726674 × 10^282 |
| 87 | ov_087 | 3.5223562573073314 × 10^282 |
| 86 | ov_086 | 5.046044575840986 × 10^282 |
| 85 | ov_085 | 7.098582835740923 × 10^282 |
| 84 | ov_084 | 9.843998700829742 × 10^282 |
| 83 | ov_083 | 1.3461502921259966 × 10^283 |
| 82 | ov_082 | 1.8145582244753441 × 10^283 |
| 81 | ov_081 | 2.4106117322103365 × 10^283 |
| 80 | ov_080 | 3.156852870529154 × 10^283 |
| 64 | lv_79_m31 | 3.3805079089970805 × 10^283 |
| 79 | ov_079 | 4.0773954040663755 × 10^283 |
| 78 | ov_078 | 5.197945956580963 × 10^283 |
| 77 | ov_077 | 6.545828902780385 × 10^283 |
| 76 | ov_076 | 8.150015315308848 × 10^283 |
| 75 | ov_075 | 1.0041156281646863 × 10^284 |
| 74 | ov_074 | 1.225162090796983 × 10^284 |
| 73 | ov_073 | 1.4815539330067247 × 10^284 |
| 63 | ov_063 | 1.7369461222051954 × 10^284 |
| 72 | ov_072 | 1.776885105545491 × 10^284 |
| 71 | ov_071 | 2.114935896608143 × 10^284 |
| 70 | ov_070 | 2.4996790088163574 × 10^284 |
| 69 | ov_069 | 2.9352866598953903 × 10^284 |
| 68 | ov_068 | 3.4261393038024324 × 10^284 |
| 67 | ov_067 | 3.976836678738975 × 10^284 |
| 66 | ov_066 | 3.976839165301211 × 10^284 |
| 65 | ov_065 | 3.9768497488621906 × 10^284 |
| 62 | ov_062 | 8.922365208333043 × 10^284 |
| 61 | ov_061 | 3.2560623764879324 × 10^285 |
| 60 | ov_060 | 9.331154774389021 × 10^285 |
| 59 | ov_059 | 2.253887328375553 × 10^286 |
| 58 | ov_058 | 4.578092047852714 × 10^286 |
| 57 | ov_057 | 8.277137916430964 × 10^286 |
| 56 | ov_056 | 1.3803674327771548 × 10^287 |
| 55 | ov_055 | 2.169160040365057 × 10^287 |
| 54 | ov_054 | 3.2556084081928497 × 10^287 |
| 53 | ov_053 | 4.709359902251944 × 10^287 |
| 52 | ov_052 | 6.6081989613532495 × 10^287 |
| 51 | ov_051 | 9.038057735440034 × 10^287 |
| 50 | ov_050 | 1.217896463873796 × 10^288 |
| 49 | ov_049 | 1.622730040907299 × 10^288 |
| 48 | ov_048 | 2.1395856216098732 × 10^288 |
| 47 | ov_047 | 2.79139141331868 × 10^288 |
| 32 | lv_80_m31 | 3.4597667805755496 × 10^288 |
| 46 | ov_046 | 3.6027356034479334 × 10^288 |
| 45 | ov_045 | 4.599880977718485 × 10^288 |
| 44 | ov_044 | 5.810784455642803 × 10^288 |
| 43 | ov_043 | 7.265122916386204 × 10^288 |
| 42 | ov_042 | 8.994326810008408 × 10^288 |
| 41 | ov_041 | 1.1031623171829991 × 10^289 |
| 40 | ov_040 | 1.339502110053995 × 10^289 |
| 39 | ov_039 | 1.610350719182252 × 10^289 |
| 31 | ov_031 | 1.77283304906688 × 10^289 |
| 38 | ov_038 | 1.9177090634242581 × 10^289 |
| 37 | ov_037 | 2.2636857415066603 × 10^289 |
| 36 | ov_036 | 2.652612078250175 × 10^289 |
| 35 | ov_035 | 3.0890552502694253 × 10^289 |
| 34 | ov_034 | 3.5778347591767597 × 10^289 |
| 33 | ov_033 | 4.124041599531091 × 10^289 |
| 30 | ov_030 | 9.083480716037885 × 10^289 |
| 29 | ov_029 | 2.969974264336204 × 10^290 |
| 28 | ov_028 | 7.704941856569046 × 10^290 |
| 27 | ov_027 | 1.721474815778348 × 10^291 |
| 26 | ov_026 | 3.441423057619605 × 10^291 |
| 25 | ov_025 | 6.303157694651968 × 10^291 |
| 24 | ov_024 | 1.076083649485934 × 10^292 |
| 23 | ov_023 | 1.7349967733664522 × 10^292 |
| 22 | ov_022 | 2.66874379180678 × 10^292 |
| 21 | ov_021 | 4.008845402962514 × 10^292 |
| 20 | ov_020 | 5.903118767192061 × 10^292 |
| 19 | ov_019 | 8.515702425205629 × 10^292 |
| 18 | ov_018 | 1.202709418840466 × 10^293 |
| 17 | ov_017 | 1.6634205947752381 × 10^293 |
| 16 | ov_016 | 2.255043999763698 × 10^293 |
| 15 | ov_015 | 3.000579212154524 × 10^293 |
| 14 | ov_014 | 3.9246987337151974 × 10^293 |
| 13 | ov_013 | 5.0537655709254845 × 10^293 |
| 12 | ov_012 | 6.415855895121002 × 10^293 |
| 11 | ov_011 | 8.040788209457565 × 10^293 |
| 10 | ov_010 | 9.960160659543745 × 10^293 |
| 9 | ov_009 | 1.2207398256246522 × 10^294 |
| 8 | ov_008 | 1.4817811911604715 × 10^294 |
| 7 | ov_007 | 1.782867132225594 × 10^294 |
| 6 | ov_006 | 2.1279293869645435 × 10^294 |
| 5 | ov_005 | 2.5211151842991212 × 10^294 |
| 4 | ov_004 | 2.966800043009438 × 10^294 |
| 3 | ov_003 | 3.4696028892610075 × 10^294 |
| 2 | ov_002 | 4.0344036967065956 × 10^294 |
| 1 | ov_001 | 4.666363813389578 × 10^294 |

