# Results for F001-F002-F003-F004-F005-F006-F007-F008-F009-F010-F011-F012-F013-F014-F015-F016-F017-F018-F019-F020-F021-F022-F023-F024-F025-F026-F027-F028-F029-F030-F031-F032-F033-F034-F035-F036-F037-F038-F039-F040-F041-F042-F043-F044-F045-F046-F047-F048-F049-F050-F051-F052-F053-F054-F055-F056-F057-F058-F059-F060-F061-F062-F063-F064-F065-F066-F067-F068-F069-F070-F071-F072-F073-F074-F075-F076-F077-F078-F079-F080-F081-F082-F083-F084-F085-F086-F087-F088-F089-F090-F091-F092-F093-F094-F095-F096-F097-F098-F099-F100-F101-F102-F103-F104-F105-F106-F107-F108-F109-F110-F111-F112-F113-F114-F115-F116-F117-F118-F119-F120-F121-F122-F123-F124-F125-F126-F127-F128-F129-F130-F131-F132-F133-F134-F135-F136-F137-F138-F139-F140-F141-F142-F143-F144-F145-F146-F147-F148-F149-F150-F151-F152-F153-F154-F155-F156-F157-F158-F159-F160-F161-F162-F163-F164-F165-F166-F167-F168-F169-F170-F171-F172-F173-F174-F175-F176-F177-F178-F179-F180-F181-F182-F183-F184-F185-F186-F187-F188-F189-F190-F191-F192-F193-F194-F195-F196-F197-F198-F199-F200-F201-F202-F203-F204-F205-F206-F207-F208-F209-F210-F211-F212-F213-F214-F215-F216-F217-F218-F219-F220-F221-F222-F223-F224-F225-F226-F227-F228-F229-F230-F231-F232-F233-F234-F235-F236-F237-F238-F239-F240-F241-F242-F243-F244-F245-F246-F247-F248-F249-F250-F251-F252-F253-F254-F255-F256-F257-F258-F259-F260-F261-F262-F263-F264-F265-F266-F267-F268-F269-F270-F271-F272-F273-F274-F275-F276-F277-F278-F279-F280-F281-F282-F283-F284-F285-F286-F287-F288-F289-F290-F291-F292-F293-F294-F295-F296-F297-F298-F299-F300-F301-F302-F303-F304-F305-F306-F307-F308-F309-F310-F311-F312-F313-F314-F315-F316-F317-F318-F319-F320-F321-F322-F323-F324-F325-F326-F327-F328-F329-F330-F331-F332-F333-F334-F335-F336-F337-F338-F339-F340-F341-F342-F343-F344-F345-F346-F347-F348-F349-F350-F351-F352-F353-F354-F355-F356-F357-F358-F359-F360-F361-F362-F363-F364-F365-F366-F367-F368-F369-F370-F371-F372-F373-F374-F375-F376-F377-F378-F379-F380-F381-F382-F383-F384-F385-F386-F387-F388-F389-F390-F391-F392-F393-F394-F395-F396-F397-F398-F399-F400-F401-F402-F403-F404-F405-F406-F407-F408-F409-F410-F411-F412-F413-F414-F415-F416-F417-F418-F419-F420-F421-F422-F423-F424-F425-F426-F427-F428-F429-F430-F431-F432-F433-F434-F435-F436-F437-F438-F439-F440-F441-F442-F443-F444-F445-F446-F447-F448-F449-F450-F451-F452-F453-F454-F455-F456-F457-F458-F459-F460-F461-F462-F463-F464-F465-F466-F467-F468-F469-F470-F471-F472-F473-F474-F475-F476-F477-F478-F479-F480-F481-F482-F483-F484-F485-F486-F487-F488-F489-F490-F491-F492-F493-F494-F495-F496-O500505-E500507-F508-F509-F510-F511-F512

## Summary

Number of input bits: 512  
Number of free input bits: 9  
Number of output bits: 160

Number of direct occurrences: 36465  
Number of assignments: 30874  
Number of operations: 10938802
(xor: 10910893,
and: 14714,
or: 13195)

Total complexity: 1.8770706679229956 × 10^298

Least occurring input variable: iv_504 (3871)  
Most occurring input variable: iv_500 (4443)

Most co-occurring input variables: iv_500-iv_506 (2019)  
Least co-occurring input variables: iv_498-iv_502 (1763)

Potentially most occurring input variable: iv_497/iv_500 (4609)  
Potentially least occurring input variable: iv_501/iv_504 (4106)

Least output occurring input variable: iv_504 (74)  
Most output occurring input variable: iv_498 (89)

Most output co-occurring input variables: iv_499-iv_500 (49)  
Least output co-occurring input variables: iv_502-iv_503 (32)

Potentially most output occurring input variable: iv_502/iv_503 (95)  
Potentially least output occurring input variable: iv_504/iv_506 (67)

Least complex input bit: iv_497 (1.2387118775258188 × 10^296)  
Most complex input bit: iv_500 (6.964623417601511 × 10^297)

Least complex output bit: aaa_76_29 (9.199859900254396 × 10^272)  
Most complex output bit: ov_001 (3.0288412607087764 × 10^297)

Least complex input/output complexity: iv_497/aaa_76_29 (6.071149011469252 × 10^270)  
Most complex input/output complexity: iv_500/ov_001 (1.123811646147113 × 10^297)

## Input Bits

### Input Bits in Regular Order

| Input Bit | Complexity | Occurrences | Output Occurrences |
|:---------:|:----------:|:-----------:|:------------------:|
| iv_497 | 1.2387118775258188 × 10^296 | 4046 | 77 |
| iv_498 | 2.4710435679126488 × 10^296 | 3914 | 89 |
| iv_499 | 4.345305409723408 × 10^296 | 3946 | 87 |
| iv_500 | 6.964623417601511 × 10^297 | 4443 | 82 |
| iv_501 | 1.1919470652651609 × 10^297 | 4061 | 82 |
| iv_502 | 1.9143793601256898 × 10^297 | 3915 | 81 |
| iv_503 | 3.0242421752701334 × 10^297 | 4184 | 78 |
| iv_504 | 4.306523635978887 × 10^297 | 3871 | 74 |
| iv_506 | 5.6348493947238654 × 10^296 | 4085 | 75 |

### Input Bits Sorted by Complexity

| Input Bit | Complexity | Occurrences | Output Occurrences |
|:---------:|:----------:|:-----------:|:------------------:|
| iv_497 | 1.2387118775258188 × 10^296 | 4046 | 77 |
| iv_498 | 2.4710435679126488 × 10^296 | 3914 | 89 |
| iv_499 | 4.345305409723408 × 10^296 | 3946 | 87 |
| iv_506 | 5.6348493947238654 × 10^296 | 4085 | 75 |
| iv_501 | 1.1919470652651609 × 10^297 | 4061 | 82 |
| iv_502 | 1.9143793601256898 × 10^297 | 3915 | 81 |
| iv_503 | 3.0242421752701334 × 10^297 | 4184 | 78 |
| iv_504 | 4.306523635978887 × 10^297 | 3871 | 74 |
| iv_500 | 6.964623417601511 × 10^297 | 4443 | 82 |

### Input Bits Sorted by Occurrences

| Input Bit | Complexity | Occurrences | Output Occurrences |
|:---------:|:----------:|:-----------:|:------------------:|
| iv_504 | 4.306523635978887 × 10^297 | 3871 | 74 |
| iv_498 | 2.4710435679126488 × 10^296 | 3914 | 89 |
| iv_502 | 1.9143793601256898 × 10^297 | 3915 | 81 |
| iv_499 | 4.345305409723408 × 10^296 | 3946 | 87 |
| iv_497 | 1.2387118775258188 × 10^296 | 4046 | 77 |
| iv_501 | 1.1919470652651609 × 10^297 | 4061 | 82 |
| iv_506 | 5.6348493947238654 × 10^296 | 4085 | 75 |
| iv_503 | 3.0242421752701334 × 10^297 | 4184 | 78 |
| iv_500 | 6.964623417601511 × 10^297 | 4443 | 82 |

### Input Bits Sorted by Output Occurrences

| Input Bit | Complexity | Occurrences | Output Occurrences |
|:---------:|:----------:|:-----------:|:------------------:|
| iv_504 | 4.306523635978887 × 10^297 | 3871 | 74 |
| iv_506 | 5.6348493947238654 × 10^296 | 4085 | 75 |
| iv_497 | 1.2387118775258188 × 10^296 | 4046 | 77 |
| iv_503 | 3.0242421752701334 × 10^297 | 4184 | 78 |
| iv_502 | 1.9143793601256898 × 10^297 | 3915 | 81 |
| iv_500 | 6.964623417601511 × 10^297 | 4443 | 82 |
| iv_501 | 1.1919470652651609 × 10^297 | 4061 | 82 |
| iv_499 | 4.345305409723408 × 10^296 | 3946 | 87 |
| iv_498 | 2.4710435679126488 × 10^296 | 3914 | 89 |

## Input Bit Co-occurrences

### Input Bit Co-occurrences Sorted by Co-occurrences

| Input Bits | Co-occurrences | Potential Occurrences | Output Co-occurrences | Potential Output Occurrences |
|:----------:|:--------------:|:---------------------:|:---------------------:|:----------------------------:|
| iv_500-iv_506 | 2019 | 4490 | 41 | 75 |
| iv_500-iv_503 | 2015 | 4597 | 38 | 84 |
| iv_500-iv_501 | 1996 | 4512 | 38 | 88 |
| iv_499-iv_500 | 1953 | 4483 | 49 | 71 |
| iv_497-iv_503 | 1946 | 4338 | 35 | 85 |
| iv_497-iv_506 | 1945 | 4241 | 39 | 74 |
| iv_497-iv_500 | 1940 | 4609 | 38 | 83 |
| iv_501-iv_503 | 1938 | 4369 | 39 | 82 |
| iv_497-iv_501 | 1929 | 4249 | 41 | 77 |

### Input Bit Co-occurrences Sorted by Potential Occurrences

| Input Bits | Co-occurrences | Potential Occurrences | Output Co-occurrences | Potential Output Occurrences |
|:----------:|:--------------:|:---------------------:|:---------------------:|:----------------------------:|
| iv_501-iv_504 | 1913 | 4106 | 40 | 76 |
| iv_504-iv_506 | 1901 | 4154 | 41 | 67 |
| iv_498-iv_504 | 1805 | 4175 | 42 | 79 |
| iv_499-iv_501 | 1912 | 4183 | 48 | 73 |
| iv_499-iv_506 | 1921 | 4189 | 44 | 74 |
| iv_499-iv_504 | 1812 | 4193 | 42 | 77 |
| iv_497-iv_499 | 1892 | 4208 | 43 | 78 |
| iv_498-iv_506 | 1894 | 4211 | 39 | 86 |
| iv_497-iv_504 | 1852 | 4213 | 36 | 79 |

### Input Bit Output Co-occurrences Sorted by Output Co-occurrences

| Input Bits | Co-occurrences | Potential Occurrences | Output Co-occurrences | Potential Output Occurrences |
|:----------:|:--------------:|:---------------------:|:---------------------:|:----------------------------:|
| iv_499-iv_500 | 1953 | 4483 | 49 | 71 |
| iv_499-iv_501 | 1912 | 4183 | 48 | 73 |
| iv_501-iv_502 | 1861 | 4254 | 47 | 69 |
| iv_498-iv_503 | 1867 | 4364 | 46 | 75 |
| iv_498-iv_499 | 1774 | 4312 | 45 | 86 |
| iv_498-iv_500 | 1914 | 4529 | 44 | 83 |
| iv_498-iv_501 | 1863 | 4249 | 44 | 83 |
| iv_499-iv_506 | 1921 | 4189 | 44 | 74 |
| iv_497-iv_499 | 1892 | 4208 | 43 | 78 |

### Input Bit Output Co-occurrences Sorted by Potential Output Occurrences

| Input Bits | Co-occurrences | Potential Occurrences | Output Co-occurrences | Potential Output Occurrences |
|:----------:|:--------------:|:---------------------:|:---------------------:|:----------------------------:|
| iv_504-iv_506 | 1901 | 4154 | 41 | 67 |
| iv_501-iv_502 | 1861 | 4254 | 47 | 69 |
| iv_499-iv_500 | 1953 | 4483 | 49 | 71 |
| iv_501-iv_506 | 1924 | 4298 | 43 | 71 |
| iv_499-iv_501 | 1912 | 4183 | 48 | 73 |
| iv_499-iv_506 | 1921 | 4189 | 44 | 74 |
| iv_497-iv_506 | 1945 | 4241 | 39 | 74 |
| iv_498-iv_503 | 1867 | 4364 | 46 | 75 |
| iv_500-iv_506 | 2019 | 4490 | 41 | 75 |

## Output Bits

### Output Bits in Regular Order

| Rank | Output Bit | Complexity |
|:----:|:----------:|:----------:|
| 1 | ov_001 | 3.0288412607087764 × 10^297 |
| 2 | ov_002 | 2.62278610402813 × 10^297 |
| 3 | ov_003 | 2.2594329480307716 × 10^297 |
| 4 | ov_004 | 1.9355252956471116 × 10^297 |
| 5 | ov_005 | 1.6479842340822365 × 10^297 |
| 6 | ov_006 | 1.3938956799655294 × 10^297 |
| 7 | ov_007 | 1.1704992859064066 × 10^297 |
| 8 | ov_008 | 9.751789091250112 × 10^296 |
| 9 | ov_009 | 8.05454518738877 × 10^296 |
| 10 | ov_010 | 6.589753956286446 × 10^296 |
| 11 | ov_011 | 5.335144771104461 × 10^296 |
| 12 | ov_012 | 4.269637070695185 × 10^296 |
| 13 | ov_013 | 3.373302604826632 × 10^296 |
| 14 | ov_014 | 2.627335194123761 × 10^296 |
| 15 | ov_015 | 2.0140268562208522 × 10^296 |
| 16 | ov_016 | 1.5167492296300448 × 10^296 |
| 17 | ov_017 | 1.1199393063631402 × 10^296 |
| 18 | ov_018 | 8.090885635294292 × 10^295 |
| 19 | ov_019 | 5.707347051572791 × 10^295 |
| 20 | ov_020 | 3.9245542560249906 × 10^295 |
| 21 | ov_021 | 2.628637911792662 × 10^295 |
| 22 | ov_022 | 1.716049229559981 × 10^295 |
| 23 | ov_023 | 1.093537029379447 × 10^295 |
| 24 | ov_024 | 6.781326512243995 × 10^294 |
| 25 | ov_025 | 3.9714072169413844 × 10^294 |
| 26 | ov_026 | 2.167810314580537 × 10^294 |
| 27 | ov_027 | 1.0840664523998025 × 10^294 |
| 28 | ov_028 | 4.850320286152234 × 10^293 |
| 29 | ov_029 | 1.8688679992631068 × 10^293 |
| 30 | ov_030 | 5.713325429395666 × 10^292 |
| 31 | ov_031 | 1.1144638988294999 × 10^292 |
| 32 | lv_80_m31 | 2.1736322068852238 × 10^291 |
| 33 | ov_033 | 2.600221377898096 × 10^292 |
| 34 | ov_034 | 2.2550368161910575 × 10^292 |
| 35 | ov_035 | 1.946275169599875 × 10^292 |
| 36 | ov_036 | 1.670849400087548 × 10^292 |
| 37 | ov_037 | 1.4258383840766827 × 10^292 |
| 38 | ov_038 | 1.2084751633712705 × 10^292 |
| 39 | ov_039 | 1.0161368105849603 × 10^292 |
| 40 | ov_040 | 8.463357546059647 × 10^291 |
| 41 | ov_041 | 6.978610511767123 × 10^291 |
| 42 | ov_042 | 5.6956406844399106 × 10^291 |
| 43 | ov_043 | 4.603556699211258 × 10^291 |
| 44 | ov_044 | 3.682271858380515 × 10^291 |
| 45 | ov_045 | 2.912789559022578 × 10^291 |
| 46 | ov_046 | 2.27717593979589 × 10^291 |
| 47 | ov_047 | 1.7585384109063466 × 10^291 |
| 48 | ov_048 | 1.3410091124689788 × 10^291 |
| 49 | ov_049 | 1.0097324178170317 × 10^291 |
| 50 | ov_050 | 7.508556693598377 × 10^290 |
| 51 | ov_051 | 5.515224054432852 × 10^290 |
| 52 | ov_052 | 3.998674404762211 × 10^290 |
| 53 | ov_053 | 2.8501332609819566 × 10^290 |
| 54 | ov_054 | 1.9706787339129065 × 10^290 |
| 55 | ov_055 | 1.313310510721853 × 10^290 |
| 56 | ov_056 | 8.359429696562473 × 10^289 |
| 57 | ov_057 | 5.014011305610427 × 10^289 |
| 58 | ov_058 | 2.774183323874973 × 10^289 |
| 59 | ov_059 | 1.3663501778380502 × 10^289 |
| 60 | ov_060 | 5.659817777802752 × 10^288 |
| 61 | ov_061 | 1.9761150220318712 × 10^288 |
| 62 | ov_062 | 5.4182519587277585 × 10^287 |
| 63 | ov_063 | 1.0554758598749351 × 10^287 |
| 64 | lv_79_m31 | 2.0555633267037982 × 10^286 |
| 65 | ov_065 | 2.429725815824054 × 10^287 |
| 66 | ov_066 | 2.4297187525707228 × 10^287 |
| 67 | ov_067 | 2.4297170630574676 × 10^287 |
| 68 | ov_068 | 2.0984855082357642 × 10^287 |
| 69 | ov_069 | 1.802521609503903 × 10^287 |
| 70 | ov_070 | 1.5391752074874225 × 10^287 |
| 71 | ov_071 | 1.3059246784354418 × 10^287 |
| 72 | ov_072 | 1.100368345715822 × 10^287 |
| 73 | ov_073 | 9.202174974004396 × 10^286 |
| 74 | ov_074 | 7.632907970989859 × 10^286 |
| 75 | ov_075 | 6.275098863519955 × 10^286 |
| 76 | ov_076 | 5.108959876333558 × 10^286 |
| 77 | ov_077 | 4.115673274162717 × 10^286 |
| 78 | ov_078 | 3.277372088918367 × 10^286 |
| 79 | ov_079 | 2.577125738526748 × 10^286 |
| 80 | ov_080 | 1.998929030129396 × 10^286 |
| 81 | ov_081 | 1.5276932833840433 × 10^286 |
| 82 | ov_082 | 1.1492388333255983 × 10^286 |
| 83 | ov_083 | 8.502886600820156 × 10^285 |
| 84 | ov_084 | 6.184630515972358 × 10^285 |
| 85 | ov_085 | 4.422752057782111 × 10^285 |
| 86 | ov_086 | 3.1112767866545394 × 10^285 |
| 87 | ov_087 | 2.1530958534686966 × 10^285 |
| 88 | ov_088 | 1.459944604098247 × 10^285 |
| 89 | ov_089 | 9.523868477019552 × 10^284 |
| 90 | ov_090 | 5.92909963094377 × 10^284 |
| 91 | ov_091 | 3.484078445850942 × 10^284 |
| 92 | ov_092 | 1.9017813676339633 × 10^284 |
| 93 | ov_093 | 9.392067928515236 × 10^283 |
| 94 | ov_094 | 3.9736742203129124 × 10^283 |
| 95 | aaa_78_28 | 1.212871357180268 × 10^283 |
| 96 | aaa_78_29 | 3.6570864519502075 × 10^282 |
| 97 | ov_097 | 1.8856580732951392 × 10^282 |
| 98 | ov_098 | 1.8856426646317772 × 10^282 |
| 99 | ov_099 | 1.885637739774049 × 10^282 |
| 100 | ov_100 | 1.573549959919642 × 10^282 |
| 101 | ov_101 | 1.3027087447963222 × 10^282 |
| 102 | ov_102 | 1.0693376962861113 × 10^282 |
| 103 | ov_103 | 8.698663397570163 × 10^281 |
| 104 | ov_104 | 7.009150142212099 × 10^281 |
| 105 | ov_105 | 5.5928178232597385 × 10^281 |
| 106 | ov_106 | 4.419311717978784 × 10^281 |
| 107 | ov_107 | 3.4598456944432405 × 10^281 |
| 108 | ov_108 | 2.6871209799840363 × 10^281 |
| 109 | ov_109 | 2.0752581504036883 × 10^281 |
| 110 | ov_110 | 1.5997408199848635 × 10^281 |
| 111 | ov_111 | 1.2373695987099005 × 10^281 |
| 112 | ov_112 | 9.662249685735663 × 10^280 |
| 113 | ov_113 | 7.656378157110357 × 10^280 |
| 114 | ov_114 | 6.1616643949830205 × 10^280 |
| 115 | ov_115 | 4.99578943964713 × 10^280 |
| 116 | ov_116 | 3.9884000088026396 × 10^280 |
| 117 | ov_117 | 3.1277002435469436 × 10^280 |
| 118 | ov_118 | 2.40194696236056 × 10^280 |
| 119 | ov_119 | 1.7994349222571622 × 10^280 |
| 120 | ov_120 | 1.3084852474677074 × 10^280 |
| 121 | ov_121 | 9.174366071259713 × 10^279 |
| 122 | ov_122 | 6.146387234808787 × 10^279 |
| 123 | ov_123 | 3.8844779218271297 × 10^279 |
| 124 | ov_124 | 2.2722339618950914 × 10^279 |
| 125 | ov_125 | 1.1932659620216067 × 10^279 |
| 126 | ov_126 | 5.311895789409339 × 10^278 |
| 127 | aaa_77_28 | 1.6962179065043974 × 10^278 |
| 128 | aaa_77_29 | 6.359464415184944 × 10^277 |
| 129 | ov_129 | 5.809629732912149 × 10^277 |
| 130 | ov_130 | 5.809611846070077 × 10^277 |
| 131 | ov_131 | 5.809607531086338 × 10^277 |
| 132 | ov_132 | 5.027591587052748 × 10^277 |
| 133 | ov_133 | 4.327253203109692 × 10^277 |
| 134 | ov_134 | 3.7021773778396178 × 10^277 |
| 135 | ov_135 | 3.1462825874588516 × 10^277 |
| 136 | ov_136 | 2.6537968145771136 × 10^277 |
| 137 | ov_137 | 2.221908667234611 × 10^277 |
| 138 | ov_138 | 1.845407255913434 × 10^277 |
| 139 | ov_139 | 1.5193394354230085 × 10^277 |
| 140 | ov_140 | 1.2389981151008518 × 10^277 |
| 141 | ov_141 | 9.999128186885382 × 10^276 |
| 142 | ov_142 | 7.978422002723884 × 10^276 |
| 143 | ov_143 | 6.287682396735328 × 10^276 |
| 144 | ov_144 | 4.8889185757031726 × 10^276 |
| 145 | ov_145 | 3.746297074706882 × 10^276 |
| 146 | ov_146 | 2.8261191844303036 × 10^276 |
| 147 | ov_147 | 2.096805792723327 × 10^276 |
| 148 | ov_148 | 1.528887714418064 × 10^276 |
| 149 | ov_149 | 1.0949997505384761 × 10^276 |
| 150 | ov_150 | 7.69876963666206 × 10^275 |
| 151 | ov_151 | 5.303521167979768 × 10^275 |
| 152 | ov_152 | 3.5535377826597134 × 10^275 |
| 153 | ov_153 | 2.259049306948495 × 10^275 |
| 154 | ov_154 | 1.330405239862003 × 10^275 |
| 155 | ov_155 | 6.884203214055935 × 10^274 |
| 156 | aaa_76_25 | 2.643722377066869 × 10^274 |
| 157 | aaa_76_26 | 1.5249645596742721 × 10^274 |
| 158 | aaa_76_27 | 7.796021495656093 × 10^273 |
| 159 | aaa_76_28 | 3.030305003364883 × 10^273 |
| 160 | aaa_76_29 | 9.199859900254396 × 10^272 |

### Output Bits Sorted by Complexity

| Rank | Output Bit | Complexity |
|:----:|:----------:|:----------:|
| 160 | aaa_76_29 | 9.199859900254396 × 10^272 |
| 159 | aaa_76_28 | 3.030305003364883 × 10^273 |
| 158 | aaa_76_27 | 7.796021495656093 × 10^273 |
| 157 | aaa_76_26 | 1.5249645596742721 × 10^274 |
| 156 | aaa_76_25 | 2.643722377066869 × 10^274 |
| 155 | ov_155 | 6.884203214055935 × 10^274 |
| 154 | ov_154 | 1.330405239862003 × 10^275 |
| 153 | ov_153 | 2.259049306948495 × 10^275 |
| 152 | ov_152 | 3.5535377826597134 × 10^275 |
| 151 | ov_151 | 5.303521167979768 × 10^275 |
| 150 | ov_150 | 7.69876963666206 × 10^275 |
| 149 | ov_149 | 1.0949997505384761 × 10^276 |
| 148 | ov_148 | 1.528887714418064 × 10^276 |
| 147 | ov_147 | 2.096805792723327 × 10^276 |
| 146 | ov_146 | 2.8261191844303036 × 10^276 |
| 145 | ov_145 | 3.746297074706882 × 10^276 |
| 144 | ov_144 | 4.8889185757031726 × 10^276 |
| 143 | ov_143 | 6.287682396735328 × 10^276 |
| 142 | ov_142 | 7.978422002723884 × 10^276 |
| 141 | ov_141 | 9.999128186885382 × 10^276 |
| 140 | ov_140 | 1.2389981151008518 × 10^277 |
| 139 | ov_139 | 1.5193394354230085 × 10^277 |
| 138 | ov_138 | 1.845407255913434 × 10^277 |
| 137 | ov_137 | 2.221908667234611 × 10^277 |
| 136 | ov_136 | 2.6537968145771136 × 10^277 |
| 135 | ov_135 | 3.1462825874588516 × 10^277 |
| 134 | ov_134 | 3.7021773778396178 × 10^277 |
| 133 | ov_133 | 4.327253203109692 × 10^277 |
| 132 | ov_132 | 5.027591587052748 × 10^277 |
| 131 | ov_131 | 5.809607531086338 × 10^277 |
| 130 | ov_130 | 5.809611846070077 × 10^277 |
| 129 | ov_129 | 5.809629732912149 × 10^277 |
| 128 | aaa_77_29 | 6.359464415184944 × 10^277 |
| 127 | aaa_77_28 | 1.6962179065043974 × 10^278 |
| 126 | ov_126 | 5.311895789409339 × 10^278 |
| 125 | ov_125 | 1.1932659620216067 × 10^279 |
| 124 | ov_124 | 2.2722339618950914 × 10^279 |
| 123 | ov_123 | 3.8844779218271297 × 10^279 |
| 122 | ov_122 | 6.146387234808787 × 10^279 |
| 121 | ov_121 | 9.174366071259713 × 10^279 |
| 120 | ov_120 | 1.3084852474677074 × 10^280 |
| 119 | ov_119 | 1.7994349222571622 × 10^280 |
| 118 | ov_118 | 2.40194696236056 × 10^280 |
| 117 | ov_117 | 3.1277002435469436 × 10^280 |
| 116 | ov_116 | 3.9884000088026396 × 10^280 |
| 115 | ov_115 | 4.99578943964713 × 10^280 |
| 114 | ov_114 | 6.1616643949830205 × 10^280 |
| 113 | ov_113 | 7.656378157110357 × 10^280 |
| 112 | ov_112 | 9.662249685735663 × 10^280 |
| 111 | ov_111 | 1.2373695987099005 × 10^281 |
| 110 | ov_110 | 1.5997408199848635 × 10^281 |
| 109 | ov_109 | 2.0752581504036883 × 10^281 |
| 108 | ov_108 | 2.6871209799840363 × 10^281 |
| 107 | ov_107 | 3.4598456944432405 × 10^281 |
| 106 | ov_106 | 4.419311717978784 × 10^281 |
| 105 | ov_105 | 5.5928178232597385 × 10^281 |
| 104 | ov_104 | 7.009150142212099 × 10^281 |
| 103 | ov_103 | 8.698663397570163 × 10^281 |
| 102 | ov_102 | 1.0693376962861113 × 10^282 |
| 101 | ov_101 | 1.3027087447963222 × 10^282 |
| 100 | ov_100 | 1.573549959919642 × 10^282 |
| 99 | ov_099 | 1.885637739774049 × 10^282 |
| 98 | ov_098 | 1.8856426646317772 × 10^282 |
| 97 | ov_097 | 1.8856580732951392 × 10^282 |
| 96 | aaa_78_29 | 3.6570864519502075 × 10^282 |
| 95 | aaa_78_28 | 1.212871357180268 × 10^283 |
| 94 | ov_094 | 3.9736742203129124 × 10^283 |
| 93 | ov_093 | 9.392067928515236 × 10^283 |
| 92 | ov_092 | 1.9017813676339633 × 10^284 |
| 91 | ov_091 | 3.484078445850942 × 10^284 |
| 90 | ov_090 | 5.92909963094377 × 10^284 |
| 89 | ov_089 | 9.523868477019552 × 10^284 |
| 88 | ov_088 | 1.459944604098247 × 10^285 |
| 87 | ov_087 | 2.1530958534686966 × 10^285 |
| 86 | ov_086 | 3.1112767866545394 × 10^285 |
| 85 | ov_085 | 4.422752057782111 × 10^285 |
| 84 | ov_084 | 6.184630515972358 × 10^285 |
| 83 | ov_083 | 8.502886600820156 × 10^285 |
| 82 | ov_082 | 1.1492388333255983 × 10^286 |
| 81 | ov_081 | 1.5276932833840433 × 10^286 |
| 80 | ov_080 | 1.998929030129396 × 10^286 |
| 64 | lv_79_m31 | 2.0555633267037982 × 10^286 |
| 79 | ov_079 | 2.577125738526748 × 10^286 |
| 78 | ov_078 | 3.277372088918367 × 10^286 |
| 77 | ov_077 | 4.115673274162717 × 10^286 |
| 76 | ov_076 | 5.108959876333558 × 10^286 |
| 75 | ov_075 | 6.275098863519955 × 10^286 |
| 74 | ov_074 | 7.632907970989859 × 10^286 |
| 73 | ov_073 | 9.202174974004396 × 10^286 |
| 63 | ov_063 | 1.0554758598749351 × 10^287 |
| 72 | ov_072 | 1.100368345715822 × 10^287 |
| 71 | ov_071 | 1.3059246784354418 × 10^287 |
| 70 | ov_070 | 1.5391752074874225 × 10^287 |
| 69 | ov_069 | 1.802521609503903 × 10^287 |
| 68 | ov_068 | 2.0984855082357642 × 10^287 |
| 67 | ov_067 | 2.4297170630574676 × 10^287 |
| 66 | ov_066 | 2.4297187525707228 × 10^287 |
| 65 | ov_065 | 2.429725815824054 × 10^287 |
| 62 | ov_062 | 5.4182519587277585 × 10^287 |
| 61 | ov_061 | 1.9761150220318712 × 10^288 |
| 60 | ov_060 | 5.659817777802752 × 10^288 |
| 59 | ov_059 | 1.3663501778380502 × 10^289 |
| 58 | ov_058 | 2.774183323874973 × 10^289 |
| 57 | ov_057 | 5.014011305610427 × 10^289 |
| 56 | ov_056 | 8.359429696562473 × 10^289 |
| 55 | ov_055 | 1.313310510721853 × 10^290 |
| 54 | ov_054 | 1.9706787339129065 × 10^290 |
| 53 | ov_053 | 2.8501332609819566 × 10^290 |
| 52 | ov_052 | 3.998674404762211 × 10^290 |
| 51 | ov_051 | 5.515224054432852 × 10^290 |
| 50 | ov_050 | 7.508556693598377 × 10^290 |
| 49 | ov_049 | 1.0097324178170317 × 10^291 |
| 48 | ov_048 | 1.3410091124689788 × 10^291 |
| 47 | ov_047 | 1.7585384109063466 × 10^291 |
| 32 | lv_80_m31 | 2.1736322068852238 × 10^291 |
| 46 | ov_046 | 2.27717593979589 × 10^291 |
| 45 | ov_045 | 2.912789559022578 × 10^291 |
| 44 | ov_044 | 3.682271858380515 × 10^291 |
| 43 | ov_043 | 4.603556699211258 × 10^291 |
| 42 | ov_042 | 5.6956406844399106 × 10^291 |
| 41 | ov_041 | 6.978610511767123 × 10^291 |
| 40 | ov_040 | 8.463357546059647 × 10^291 |
| 39 | ov_039 | 1.0161368105849603 × 10^292 |
| 31 | ov_031 | 1.1144638988294999 × 10^292 |
| 38 | ov_038 | 1.2084751633712705 × 10^292 |
| 37 | ov_037 | 1.4258383840766827 × 10^292 |
| 36 | ov_036 | 1.670849400087548 × 10^292 |
| 35 | ov_035 | 1.946275169599875 × 10^292 |
| 34 | ov_034 | 2.2550368161910575 × 10^292 |
| 33 | ov_033 | 2.600221377898096 × 10^292 |
| 30 | ov_030 | 5.713325429395666 × 10^292 |
| 29 | ov_029 | 1.8688679992631068 × 10^293 |
| 28 | ov_028 | 4.850320286152234 × 10^293 |
| 27 | ov_027 | 1.0840664523998025 × 10^294 |
| 26 | ov_026 | 2.167810314580537 × 10^294 |
| 25 | ov_025 | 3.9714072169413844 × 10^294 |
| 24 | ov_024 | 6.781326512243995 × 10^294 |
| 23 | ov_023 | 1.093537029379447 × 10^295 |
| 22 | ov_022 | 1.716049229559981 × 10^295 |
| 21 | ov_021 | 2.628637911792662 × 10^295 |
| 20 | ov_020 | 3.9245542560249906 × 10^295 |
| 19 | ov_019 | 5.707347051572791 × 10^295 |
| 18 | ov_018 | 8.090885635294292 × 10^295 |
| 17 | ov_017 | 1.1199393063631402 × 10^296 |
| 16 | ov_016 | 1.5167492296300448 × 10^296 |
| 15 | ov_015 | 2.0140268562208522 × 10^296 |
| 14 | ov_014 | 2.627335194123761 × 10^296 |
| 13 | ov_013 | 3.373302604826632 × 10^296 |
| 12 | ov_012 | 4.269637070695185 × 10^296 |
| 11 | ov_011 | 5.335144771104461 × 10^296 |
| 10 | ov_010 | 6.589753956286446 × 10^296 |
| 9 | ov_009 | 8.05454518738877 × 10^296 |
| 8 | ov_008 | 9.751789091250112 × 10^296 |
| 7 | ov_007 | 1.1704992859064066 × 10^297 |
| 6 | ov_006 | 1.3938956799655294 × 10^297 |
| 5 | ov_005 | 1.6479842340822365 × 10^297 |
| 4 | ov_004 | 1.9355252956471116 × 10^297 |
| 3 | ov_003 | 2.2594329480307716 × 10^297 |
| 2 | ov_002 | 2.62278610402813 × 10^297 |
| 1 | ov_001 | 3.0288412607087764 × 10^297 |

