# Results for F001-F002-F003-F004-F005-F006-F007-F008-F009-F010-F011-F012-F013-F014-F015-F016-F017-F018-F019-F020-F021-F022-F023-F024-F025-F026-F027-F028-F029-F030-F031-F032-F033-F034-F035-F036-F037-F038-F039-F040-F041-F042-F043-F044-F045-F046-F047-F048-F049-F050-F051-F052-F053-F054-F055-F056-F057-F058-F059-F060-F061-F062-F063-F064-F065-F066-F067-F068-F069-F070-F071-F072-F073-F074-F075-F076-F077-F078-F079-F080-F081-F082-F083-F084-F085-F086-F087-F088-F089-F090-F091-F092-F093-F094-F095-F096-F097-F098-F099-F100-F101-F102-F103-F104-F105-F106-F107-F108-F109-F110-F111-F112-F113-F114-F115-F116-F117-F118-F119-F120-F121-F122-F123-F124-F125-F126-F127-F128-F129-F130-F131-F132-F133-F134-F135-F136-F137-F138-F139-F140-F141-F142-F143-F144-F145-F146-F147-F148-F149-F150-F151-F152-F153-F154-F155-F156-F157-F158-F159-F160-F161-F162-F163-F164-F165-F166-F167-F168-F169-F170-F171-F172-F173-F174-F175-F176-F177-F178-F179-F180-F181-F182-F183-F184-F185-F186-F187-F188-F189-F190-F191-F192-F193-F194-F195-F196-F197-F198-F199-F200-F201-F202-F203-F204-F205-F206-F207-F208-F209-F210-F211-F212-F213-F214-F215-F216-F217-F218-F219-F220-F221-F222-F223-F224-F225-F226-F227-F228-F229-F230-F231-F232-F233-F234-F235-F236-F237-F238-F239-F240-F241-F242-F243-F244-F245-F246-F247-F248-F249-F250-F251-F252-F253-F254-F255-F256-F257-F258-F259-F260-F261-F262-F263-F264-F265-F266-F267-F268-F269-F270-F271-F272-F273-F274-F275-F276-F277-F278-F279-F280-F281-F282-F283-F284-F285-F286-F287-F288-F289-F290-F291-F292-F293-F294-F295-F296-F297-F298-F299-F300-F301-F302-F303-F304-F305-F306-F307-F308-F309-F310-F311-F312-F313-F314-F315-F316-F317-F318-F319-F320-F321-F322-F323-F324-F325-F326-F327-F328-F329-F330-F331-F332-F333-F334-F335-F336-F337-F338-F339-F340-F341-F342-F343-F344-F345-F346-F347-F348-F349-F350-F351-F352-F353-F354-F355-F356-F357-F358-F359-F360-F361-F362-F363-F364-F365-F366-F367-F368-F369-F370-F371-F372-F373-F374-F375-F376-F377-F378-F379-F380-F381-F382-F383-F384-F385-F386-F387-F388-F389-F390-F391-F392-F393-F394-F395-F396-F397-F398-F399-F400-F401-F402-F403-F404-F405-F406-F407-F408-F409-F410-F411-F412-F413-F414-F415-F416-F417-F418-F419-F420-F421-F422-F423-F424-F425-F426-F427-F428-F429-F430-F431-F432-F433-F434-F435-F436-F437-F438-F439-F440-F441-F442-F443-F444-F445-F446-F447-F448-F449-F450-F451-F452-F453-F454-F455-F456-F457-F458-F459-F460-F461-F462-F463-F464-F465-F466-F467-F468-F469-F470-F471-F472-F473-F474-F475-F476-F477-F478-F479-F480-F481-F482-F483-F484-F485-F486-F487-F488-F489-F490-F491-F492-F493-F494-F495-F496-E498506-E500501-F508-F509-F510-F511-F512

## Summary

Number of input bits: 512  
Number of free input bits: 9  
Number of output bits: 160

Number of direct occurrences: 35742  
Number of assignments: 30770  
Number of operations: 10669479
(xor: 10641592,
and: 14713,
or: 13174)

Total complexity: 8.592174851644808 × 10^295

Least occurring input variable: iv_502 (3818)  
Most occurring input variable: iv_498 (4163)

Most co-occurring input variables: iv_497-iv_503 (1945)  
Least co-occurring input variables: iv_502-iv_505 (1746)

Potentially most occurring input variable: iv_497/iv_498 (4500)  
Potentially least occurring input variable: iv_499/iv_505 (4081)

Least output occurring input variable: iv_498 (73)  
Most output occurring input variable: iv_505 (82)

Most output co-occurring input variables: iv_497-iv_500 (44)  
Least output co-occurring input variables: iv_498-iv_504 (31)

Potentially most output occurring input variable: iv_505/iv_507 (95)  
Potentially least output occurring input variable: iv_498/iv_499 (68)

Least complex input bit: iv_497 (5.2191810189486604 × 10^293)  
Most complex input bit: iv_505 (2.545538143131603 × 10^295)

Least complex output bit: aaa_76_29 (2.2404127478256738 × 10^271)  
Most complex output bit: ov_001 (1.3864274936809794 × 10^295)

Least complex input/output complexity: iv_497/aaa_76_29 (1.3609033673033276 × 10^269)  
Most complex input/output complexity: iv_505/ov_001 (4.1074630449072906 × 10^294)

## Input Bits

### Input Bits in Regular Order

| Input Bit | Complexity | Occurrences | Output Occurrences |
|:---------:|:----------:|:-----------:|:------------------:|
| iv_497 | 5.2191810189486604 × 10^293 | 3995 | 77 |
| iv_498 | 5.762997544091293 × 10^294 | 4163 | 73 |
| iv_499 | 1.8308483132705452 × 10^294 | 3875 | 81 |
| iv_500 | 6.25880873329313 × 10^294 | 4049 | 80 |
| iv_502 | 8.066034241383347 × 10^294 | 3818 | 82 |
| iv_503 | 1.2742323412041314 × 10^295 | 3984 | 75 |
| iv_504 | 1.9766278450961224 × 10^295 | 3865 | 78 |
| iv_505 | 2.545538143131603 × 10^295 | 3906 | 82 |
| iv_507 | 5.517158288196374 × 10^294 | 4087 | 81 |

### Input Bits Sorted by Complexity

| Input Bit | Complexity | Occurrences | Output Occurrences |
|:---------:|:----------:|:-----------:|:------------------:|
| iv_497 | 5.2191810189486604 × 10^293 | 3995 | 77 |
| iv_499 | 1.8308483132705452 × 10^294 | 3875 | 81 |
| iv_507 | 5.517158288196374 × 10^294 | 4087 | 81 |
| iv_498 | 5.762997544091293 × 10^294 | 4163 | 73 |
| iv_500 | 6.25880873329313 × 10^294 | 4049 | 80 |
| iv_502 | 8.066034241383347 × 10^294 | 3818 | 82 |
| iv_503 | 1.2742323412041314 × 10^295 | 3984 | 75 |
| iv_504 | 1.9766278450961224 × 10^295 | 3865 | 78 |
| iv_505 | 2.545538143131603 × 10^295 | 3906 | 82 |

### Input Bits Sorted by Occurrences

| Input Bit | Complexity | Occurrences | Output Occurrences |
|:---------:|:----------:|:-----------:|:------------------:|
| iv_502 | 8.066034241383347 × 10^294 | 3818 | 82 |
| iv_504 | 1.9766278450961224 × 10^295 | 3865 | 78 |
| iv_499 | 1.8308483132705452 × 10^294 | 3875 | 81 |
| iv_505 | 2.545538143131603 × 10^295 | 3906 | 82 |
| iv_503 | 1.2742323412041314 × 10^295 | 3984 | 75 |
| iv_497 | 5.2191810189486604 × 10^293 | 3995 | 77 |
| iv_500 | 6.25880873329313 × 10^294 | 4049 | 80 |
| iv_507 | 5.517158288196374 × 10^294 | 4087 | 81 |
| iv_498 | 5.762997544091293 × 10^294 | 4163 | 73 |

### Input Bits Sorted by Output Occurrences

| Input Bit | Complexity | Occurrences | Output Occurrences |
|:---------:|:----------:|:-----------:|:------------------:|
| iv_498 | 5.762997544091293 × 10^294 | 4163 | 73 |
| iv_503 | 1.2742323412041314 × 10^295 | 3984 | 75 |
| iv_497 | 5.2191810189486604 × 10^293 | 3995 | 77 |
| iv_504 | 1.9766278450961224 × 10^295 | 3865 | 78 |
| iv_500 | 6.25880873329313 × 10^294 | 4049 | 80 |
| iv_499 | 1.8308483132705452 × 10^294 | 3875 | 81 |
| iv_507 | 5.517158288196374 × 10^294 | 4087 | 81 |
| iv_502 | 8.066034241383347 × 10^294 | 3818 | 82 |
| iv_505 | 2.545538143131603 × 10^295 | 3906 | 82 |

## Input Bit Co-occurrences

### Input Bit Co-occurrences Sorted by Co-occurrences

| Input Bits | Co-occurrences | Potential Occurrences | Output Co-occurrences | Potential Output Occurrences |
|:----------:|:--------------:|:---------------------:|:---------------------:|:----------------------------:|
| iv_497-iv_503 | 1945 | 4089 | 37 | 78 |
| iv_503-iv_507 | 1936 | 4199 | 39 | 78 |
| iv_498-iv_507 | 1911 | 4428 | 38 | 78 |
| iv_498-iv_500 | 1907 | 4398 | 33 | 87 |
| iv_498-iv_503 | 1899 | 4349 | 35 | 78 |
| iv_497-iv_505 | 1896 | 4109 | 43 | 73 |
| iv_500-iv_507 | 1893 | 4350 | 41 | 79 |
| iv_499-iv_500 | 1887 | 4150 | 43 | 75 |
| iv_499-iv_507 | 1883 | 4196 | 42 | 78 |

### Input Bit Co-occurrences Sorted by Potential Occurrences

| Input Bits | Co-occurrences | Potential Occurrences | Output Co-occurrences | Potential Output Occurrences |
|:----------:|:--------------:|:---------------------:|:---------------------:|:----------------------------:|
| iv_499-iv_505 | 1850 | 4081 | 37 | 89 |
| iv_499-iv_504 | 1827 | 4086 | 38 | 83 |
| iv_497-iv_503 | 1945 | 4089 | 37 | 78 |
| iv_497-iv_505 | 1896 | 4109 | 43 | 73 |
| iv_504-iv_505 | 1818 | 4135 | 36 | 88 |
| iv_497-iv_499 | 1862 | 4146 | 40 | 78 |
| iv_502-iv_504 | 1767 | 4149 | 42 | 76 |
| iv_499-iv_500 | 1887 | 4150 | 43 | 75 |
| iv_503-iv_504 | 1834 | 4181 | 34 | 85 |

### Input Bit Output Co-occurrences Sorted by Output Co-occurrences

| Input Bits | Co-occurrences | Potential Occurrences | Output Co-occurrences | Potential Output Occurrences |
|:----------:|:--------------:|:---------------------:|:---------------------:|:----------------------------:|
| iv_497-iv_500 | 1869 | 4306 | 44 | 69 |
| iv_499-iv_500 | 1887 | 4150 | 43 | 75 |
| iv_497-iv_505 | 1896 | 4109 | 43 | 73 |
| iv_500-iv_505 | 1877 | 4201 | 43 | 76 |
| iv_498-iv_499 | 1864 | 4310 | 43 | 68 |
| iv_502-iv_504 | 1767 | 4149 | 42 | 76 |
| iv_500-iv_503 | 1860 | 4313 | 42 | 71 |
| iv_499-iv_507 | 1883 | 4196 | 42 | 78 |
| iv_502-iv_505 | 1746 | 4232 | 42 | 80 |

### Input Bit Output Co-occurrences Sorted by Potential Output Occurrences

| Input Bits | Co-occurrences | Potential Occurrences | Output Co-occurrences | Potential Output Occurrences |
|:----------:|:--------------:|:---------------------:|:---------------------:|:----------------------------:|
| iv_498-iv_499 | 1864 | 4310 | 43 | 68 |
| iv_497-iv_500 | 1869 | 4306 | 44 | 69 |
| iv_497-iv_498 | 1829 | 4500 | 40 | 70 |
| iv_500-iv_503 | 1860 | 4313 | 42 | 71 |
| iv_497-iv_505 | 1896 | 4109 | 43 | 73 |
| iv_499-iv_500 | 1887 | 4150 | 43 | 75 |
| iv_502-iv_504 | 1767 | 4149 | 42 | 76 |
| iv_500-iv_505 | 1877 | 4201 | 43 | 76 |
| iv_502-iv_503 | 1768 | 4266 | 40 | 77 |

## Output Bits

### Output Bits in Regular Order

| Rank | Output Bit | Complexity |
|:----:|:----------:|:----------:|
| 1 | ov_001 | 1.3864274936809794 × 10^295 |
| 2 | ov_002 | 1.2005608833022092 × 10^295 |
| 3 | ov_003 | 1.0342401137474968 × 10^295 |
| 4 | ov_004 | 8.859746905284882 × 10^294 |
| 5 | ov_005 | 7.54355387246126 × 10^294 |
| 6 | ov_006 | 6.380484084432937 × 10^294 |
| 7 | ov_007 | 5.357903130896497 × 10^294 |
| 8 | ov_008 | 4.4638365319203745 × 10^294 |
| 9 | ov_009 | 3.686932709948357 × 10^294 |
| 10 | ov_010 | 3.0164318786164426 × 10^294 |
| 11 | ov_011 | 2.4421401715884102 × 10^294 |
| 12 | ov_012 | 1.9544083732663197 × 10^294 |
| 13 | ov_013 | 1.5441146511694575 × 10^294 |
| 14 | ov_014 | 1.2026507271649729 × 10^294 |
| 15 | ov_015 | 9.219109617104188 × 10^293 |
| 16 | ov_016 | 6.942838619389431 × 10^293 |
| 17 | ov_017 | 5.126455608640103 × 10^293 |
| 18 | ov_018 | 3.703548512635936 × 10^293 |
| 19 | ov_019 | 2.6124941322819767 × 10^293 |
| 20 | ov_020 | 1.7964296596784486 × 10^293 |
| 21 | ov_021 | 1.2032315928325243 × 10^293 |
| 22 | ov_022 | 7.855005962096411 × 10^292 |
| 23 | ov_023 | 5.005510362355977 × 10^292 |
| 24 | ov_024 | 3.1040410069901023 × 10^292 |
| 25 | ov_025 | 1.8178359080425986 × 10^292 |
| 26 | ov_026 | 9.922667588740194 × 10^291 |
| 27 | ov_027 | 4.962029769078835 × 10^291 |
| 28 | ov_028 | 2.2200852477436495 × 10^291 |
| 29 | ov_029 | 8.55408231380625 × 10^290 |
| 30 | ov_030 | 2.6150465909133507 × 10^290 |
| 31 | ov_031 | 5.10095582514123 × 10^289 |
| 32 | lv_80_m31 | 9.948707414863068 × 10^288 |
| 33 | ov_033 | 1.1899589490682921 × 10^290 |
| 34 | ov_034 | 1.031938238920434 × 10^290 |
| 35 | ov_035 | 8.905972263733561 × 10^289 |
| 36 | ov_036 | 7.645221093306051 × 10^289 |
| 37 | ov_037 | 6.523748234469986 × 10^289 |
| 38 | ov_038 | 5.528877492891969 × 10^289 |
| 39 | ov_039 | 4.648591526218319 × 10^289 |
| 40 | ov_040 | 3.8714928212768925 × 10^289 |
| 41 | ov_041 | 3.192033088911515 × 10^289 |
| 42 | ov_042 | 2.604949775102372 × 10^289 |
| 43 | ov_043 | 2.105253298174816 × 10^289 |
| 44 | ov_044 | 1.6837427818658806 × 10^289 |
| 45 | ov_045 | 1.331717485853932 × 10^289 |
| 46 | ov_046 | 1.0409641500360406 × 10^289 |
| 47 | ov_047 | 8.03747047412122 × 10^288 |
| 48 | ov_048 | 6.128003056644948 × 10^288 |
| 49 | ov_049 | 4.613220914808146 × 10^288 |
| 50 | ov_050 | 3.42970284999489 × 10^288 |
| 51 | ov_051 | 2.5185930459844926 × 10^288 |
| 52 | ov_052 | 1.825577899096777 × 10^288 |
| 53 | ov_053 | 1.3008692672144132 × 10^288 |
| 54 | ov_054 | 8.991926705267798 × 10^287 |
| 55 | ov_055 | 5.9903808130400724 × 10^287 |
| 56 | ov_056 | 3.811467267133473 × 10^287 |
| 57 | ov_057 | 2.2850911519282467 × 10^287 |
| 58 | ov_058 | 1.263638898167006 × 10^287 |
| 59 | ov_059 | 6.219721926890365 × 10^286 |
| 60 | ov_060 | 2.5742515218781285 × 10^286 |
| 61 | ov_061 | 8.980328116027542 × 10^285 |
| 62 | ov_062 | 2.4602483608753714 × 10^285 |
| 63 | ov_063 | 4.788451289454864 × 10^284 |
| 64 | lv_79_m31 | 9.317819299872044 × 10^283 |
| 65 | ov_065 | 1.1075050822495177 × 10^285 |
| 66 | ov_066 | 1.1075013297305351 × 10^285 |
| 67 | ov_067 | 1.1075004112584504 × 10^285 |
| 68 | ov_068 | 9.546620696453874 × 10^284 |
| 69 | ov_069 | 8.187841497271615 × 10^284 |
| 70 | ov_070 | 6.984457335071116 × 10^284 |
| 71 | ov_071 | 5.923133769003076 × 10^284 |
| 72 | ov_072 | 4.991351837816676 × 10^284 |
| 73 | ov_073 | 4.177354030002039 × 10^284 |
| 74 | ov_074 | 3.470095209812443 × 10^284 |
| 75 | ov_075 | 2.8591982354291226 × 10^284 |
| 76 | ov_076 | 2.3349140137022694 × 10^284 |
| 77 | ov_077 | 1.8880857424535505 × 10^284 |
| 78 | ov_078 | 1.5101170964960678 × 10^284 |
| 79 | ov_079 | 1.1929441175386867 × 10^284 |
| 80 | ov_080 | 9.290105711982045 × 10^283 |
| 81 | ov_081 | 7.112465366337144 × 10^283 |
| 82 | ov_082 | 5.362361502563629 × 10^283 |
| 83 | ov_083 | 3.9782965499719723 × 10^283 |
| 84 | ov_084 | 2.903164499528871 × 10^283 |
| 85 | ov_085 | 2.0841429344255704 × 10^283 |
| 86 | ov_086 | 1.4726058416898937 × 10^283 |
| 87 | ov_087 | 1.0240549122732936 × 10^283 |
| 88 | ov_088 | 6.980670388754485 × 10^282 |
| 89 | ov_089 | 4.5825572183541665 × 10^282 |
| 90 | ov_090 | 2.8743283668275313 × 10^282 |
| 91 | ov_091 | 1.7040964071929988 × 10^282 |
| 92 | ov_092 | 9.398999696763513 × 10^281 |
| 93 | ov_093 | 4.6966566041713904 × 10^281 |
| 94 | ov_094 | 2.0118935475470453 × 10^281 |
| 95 | aaa_78_28 | 6.212856247267581 × 10^280 |
| 96 | aaa_78_29 | 1.90814718021097 × 10^280 |
| 97 | ov_097 | 1.2604084108494238 × 10^280 |
| 98 | ov_098 | 1.2603708194897871 × 10^280 |
| 99 | ov_099 | 1.2603588254787937 × 10^280 |
| 100 | ov_100 | 1.1343143409157863 × 10^280 |
| 101 | ov_101 | 1.0175397694404748 × 10^280 |
| 102 | ov_102 | 9.09531002485418 × 10^279 |
| 103 | ov_103 | 8.098207300226507 × 10^279 |
| 104 | ov_104 | 7.179735214531068 × 10^279 |
| 105 | ov_105 | 6.335813652760104 × 10^279 |
| 106 | ov_106 | 5.562596444421009 × 10^279 |
| 107 | ov_107 | 4.856435250295018 × 10^279 |
| 108 | ov_108 | 4.213847364520367 × 10^279 |
| 109 | ov_109 | 3.6314872184279886 × 10^279 |
| 110 | ov_110 | 3.106121375737511 × 10^279 |
| 111 | ov_111 | 2.6346068109708754 × 10^279 |
| 112 | ov_112 | 2.213872264464213 × 10^279 |
| 113 | ov_113 | 1.8409024683433295 × 10^279 |
| 114 | ov_114 | 1.5127250384435997 × 10^279 |
| 115 | ov_115 | 1.2263998275434791 × 10^279 |
| 116 | ov_116 | 9.79010535542401 × 10^278 |
| 117 | ov_117 | 7.676583724023133 × 10^278 |
| 118 | ov_118 | 5.894573769618103 × 10^278 |
| 119 | ov_119 | 4.4153082746190186 × 10^278 |
| 120 | ov_120 | 3.2100842349344634 × 10^278 |
| 121 | ov_121 | 2.250241374360201 × 10^278 |
| 122 | ov_122 | 1.5071463347213216 × 10^278 |
| 123 | ov_123 | 9.521815226597307 × 10^277 |
| 124 | ov_124 | 5.56737593956982 × 10^277 |
| 125 | ov_125 | 2.9220880313282024 × 10^277 |
| 126 | ov_126 | 1.2999063445548427 × 10^277 |
| 127 | aaa_77_28 | 4.1478893955484425 × 10^276 |
| 128 | aaa_77_29 | 1.5533398955078198 × 10^276 |
| 129 | ov_129 | 1.4213836825622987 × 10^276 |
| 130 | ov_130 | 1.421379326664621 × 10^276 |
| 131 | ov_131 | 1.4213782758651972 × 10^276 |
| 132 | ov_132 | 1.2283235056363293 × 10^276 |
| 133 | ov_133 | 1.0558110913989223 × 10^276 |
| 134 | ov_134 | 9.022787380757186 × 10^275 |
| 135 | ov_135 | 7.6624536160699 × 10^275 |
| 136 | ov_136 | 6.463052516627257 × 10^275 |
| 137 | ov_137 | 5.411231106216122 × 10^275 |
| 138 | ov_138 | 4.494298801813072 × 10^275 |
| 139 | ov_139 | 3.700192713783634 × 10^275 |
| 140 | ov_140 | 3.0174491810503805 × 10^275 |
| 141 | ov_141 | 2.435180784423073 × 10^275 |
| 142 | ov_142 | 1.9430581230626283 × 10^275 |
| 143 | ov_143 | 1.5312956804604544 × 10^275 |
| 144 | ov_144 | 1.19064114748202 × 10^275 |
| 145 | ov_145 | 9.12367611031349 × 10^274 |
| 146 | ov_146 | 6.882680577897832 × 10^274 |
| 147 | ov_147 | 5.106516832964 × 10^274 |
| 148 | ov_148 | 3.7234153738889616 × 10^274 |
| 149 | ov_149 | 2.666730777267533 × 10^274 |
| 150 | ov_150 | 1.8749326293086362 × 10^274 |
| 151 | ov_151 | 1.2915992902245634 × 10^274 |
| 152 | ov_152 | 8.654132804030632 × 10^273 |
| 153 | ov_153 | 5.501578938256593 × 10^273 |
| 154 | ov_154 | 3.239996179163339 × 10^273 |
| 155 | ov_155 | 1.6765366405287628 × 10^273 |
| 156 | aaa_76_25 | 6.438340893052202 × 10^272 |
| 157 | aaa_76_26 | 3.713774203787451 × 10^272 |
| 158 | aaa_76_27 | 1.8985678787517438 × 10^272 |
| 159 | aaa_76_28 | 7.379657854026823 × 10^271 |
| 160 | aaa_76_29 | 2.2404127478256738 × 10^271 |

### Output Bits Sorted by Complexity

| Rank | Output Bit | Complexity |
|:----:|:----------:|:----------:|
| 160 | aaa_76_29 | 2.2404127478256738 × 10^271 |
| 159 | aaa_76_28 | 7.379657854026823 × 10^271 |
| 158 | aaa_76_27 | 1.8985678787517438 × 10^272 |
| 157 | aaa_76_26 | 3.713774203787451 × 10^272 |
| 156 | aaa_76_25 | 6.438340893052202 × 10^272 |
| 155 | ov_155 | 1.6765366405287628 × 10^273 |
| 154 | ov_154 | 3.239996179163339 × 10^273 |
| 153 | ov_153 | 5.501578938256593 × 10^273 |
| 152 | ov_152 | 8.654132804030632 × 10^273 |
| 151 | ov_151 | 1.2915992902245634 × 10^274 |
| 150 | ov_150 | 1.8749326293086362 × 10^274 |
| 149 | ov_149 | 2.666730777267533 × 10^274 |
| 148 | ov_148 | 3.7234153738889616 × 10^274 |
| 147 | ov_147 | 5.106516832964 × 10^274 |
| 146 | ov_146 | 6.882680577897832 × 10^274 |
| 145 | ov_145 | 9.12367611031349 × 10^274 |
| 144 | ov_144 | 1.19064114748202 × 10^275 |
| 143 | ov_143 | 1.5312956804604544 × 10^275 |
| 142 | ov_142 | 1.9430581230626283 × 10^275 |
| 141 | ov_141 | 2.435180784423073 × 10^275 |
| 140 | ov_140 | 3.0174491810503805 × 10^275 |
| 139 | ov_139 | 3.700192713783634 × 10^275 |
| 138 | ov_138 | 4.494298801813072 × 10^275 |
| 137 | ov_137 | 5.411231106216122 × 10^275 |
| 136 | ov_136 | 6.463052516627257 × 10^275 |
| 135 | ov_135 | 7.6624536160699 × 10^275 |
| 134 | ov_134 | 9.022787380757186 × 10^275 |
| 133 | ov_133 | 1.0558110913989223 × 10^276 |
| 132 | ov_132 | 1.2283235056363293 × 10^276 |
| 131 | ov_131 | 1.4213782758651972 × 10^276 |
| 130 | ov_130 | 1.421379326664621 × 10^276 |
| 129 | ov_129 | 1.4213836825622987 × 10^276 |
| 128 | aaa_77_29 | 1.5533398955078198 × 10^276 |
| 127 | aaa_77_28 | 4.1478893955484425 × 10^276 |
| 126 | ov_126 | 1.2999063445548427 × 10^277 |
| 125 | ov_125 | 2.9220880313282024 × 10^277 |
| 124 | ov_124 | 5.56737593956982 × 10^277 |
| 123 | ov_123 | 9.521815226597307 × 10^277 |
| 122 | ov_122 | 1.5071463347213216 × 10^278 |
| 121 | ov_121 | 2.250241374360201 × 10^278 |
| 120 | ov_120 | 3.2100842349344634 × 10^278 |
| 119 | ov_119 | 4.4153082746190186 × 10^278 |
| 118 | ov_118 | 5.894573769618103 × 10^278 |
| 117 | ov_117 | 7.676583724023133 × 10^278 |
| 116 | ov_116 | 9.79010535542401 × 10^278 |
| 115 | ov_115 | 1.2263998275434791 × 10^279 |
| 114 | ov_114 | 1.5127250384435997 × 10^279 |
| 113 | ov_113 | 1.8409024683433295 × 10^279 |
| 112 | ov_112 | 2.213872264464213 × 10^279 |
| 111 | ov_111 | 2.6346068109708754 × 10^279 |
| 110 | ov_110 | 3.106121375737511 × 10^279 |
| 109 | ov_109 | 3.6314872184279886 × 10^279 |
| 108 | ov_108 | 4.213847364520367 × 10^279 |
| 107 | ov_107 | 4.856435250295018 × 10^279 |
| 106 | ov_106 | 5.562596444421009 × 10^279 |
| 105 | ov_105 | 6.335813652760104 × 10^279 |
| 104 | ov_104 | 7.179735214531068 × 10^279 |
| 103 | ov_103 | 8.098207300226507 × 10^279 |
| 102 | ov_102 | 9.09531002485418 × 10^279 |
| 101 | ov_101 | 1.0175397694404748 × 10^280 |
| 100 | ov_100 | 1.1343143409157863 × 10^280 |
| 99 | ov_099 | 1.2603588254787937 × 10^280 |
| 98 | ov_098 | 1.2603708194897871 × 10^280 |
| 97 | ov_097 | 1.2604084108494238 × 10^280 |
| 96 | aaa_78_29 | 1.90814718021097 × 10^280 |
| 95 | aaa_78_28 | 6.212856247267581 × 10^280 |
| 94 | ov_094 | 2.0118935475470453 × 10^281 |
| 93 | ov_093 | 4.6966566041713904 × 10^281 |
| 92 | ov_092 | 9.398999696763513 × 10^281 |
| 91 | ov_091 | 1.7040964071929988 × 10^282 |
| 90 | ov_090 | 2.8743283668275313 × 10^282 |
| 89 | ov_089 | 4.5825572183541665 × 10^282 |
| 88 | ov_088 | 6.980670388754485 × 10^282 |
| 87 | ov_087 | 1.0240549122732936 × 10^283 |
| 86 | ov_086 | 1.4726058416898937 × 10^283 |
| 85 | ov_085 | 2.0841429344255704 × 10^283 |
| 84 | ov_084 | 2.903164499528871 × 10^283 |
| 83 | ov_083 | 3.9782965499719723 × 10^283 |
| 82 | ov_082 | 5.362361502563629 × 10^283 |
| 81 | ov_081 | 7.112465366337144 × 10^283 |
| 80 | ov_080 | 9.290105711982045 × 10^283 |
| 64 | lv_79_m31 | 9.317819299872044 × 10^283 |
| 79 | ov_079 | 1.1929441175386867 × 10^284 |
| 78 | ov_078 | 1.5101170964960678 × 10^284 |
| 77 | ov_077 | 1.8880857424535505 × 10^284 |
| 76 | ov_076 | 2.3349140137022694 × 10^284 |
| 75 | ov_075 | 2.8591982354291226 × 10^284 |
| 74 | ov_074 | 3.470095209812443 × 10^284 |
| 73 | ov_073 | 4.177354030002039 × 10^284 |
| 63 | ov_063 | 4.788451289454864 × 10^284 |
| 72 | ov_072 | 4.991351837816676 × 10^284 |
| 71 | ov_071 | 5.923133769003076 × 10^284 |
| 70 | ov_070 | 6.984457335071116 × 10^284 |
| 69 | ov_069 | 8.187841497271615 × 10^284 |
| 68 | ov_068 | 9.546620696453874 × 10^284 |
| 67 | ov_067 | 1.1075004112584504 × 10^285 |
| 66 | ov_066 | 1.1075013297305351 × 10^285 |
| 65 | ov_065 | 1.1075050822495177 × 10^285 |
| 62 | ov_062 | 2.4602483608753714 × 10^285 |
| 61 | ov_061 | 8.980328116027542 × 10^285 |
| 60 | ov_060 | 2.5742515218781285 × 10^286 |
| 59 | ov_059 | 6.219721926890365 × 10^286 |
| 58 | ov_058 | 1.263638898167006 × 10^287 |
| 57 | ov_057 | 2.2850911519282467 × 10^287 |
| 56 | ov_056 | 3.811467267133473 × 10^287 |
| 55 | ov_055 | 5.9903808130400724 × 10^287 |
| 54 | ov_054 | 8.991926705267798 × 10^287 |
| 53 | ov_053 | 1.3008692672144132 × 10^288 |
| 52 | ov_052 | 1.825577899096777 × 10^288 |
| 51 | ov_051 | 2.5185930459844926 × 10^288 |
| 50 | ov_050 | 3.42970284999489 × 10^288 |
| 49 | ov_049 | 4.613220914808146 × 10^288 |
| 48 | ov_048 | 6.128003056644948 × 10^288 |
| 47 | ov_047 | 8.03747047412122 × 10^288 |
| 32 | lv_80_m31 | 9.948707414863068 × 10^288 |
| 46 | ov_046 | 1.0409641500360406 × 10^289 |
| 45 | ov_045 | 1.331717485853932 × 10^289 |
| 44 | ov_044 | 1.6837427818658806 × 10^289 |
| 43 | ov_043 | 2.105253298174816 × 10^289 |
| 42 | ov_042 | 2.604949775102372 × 10^289 |
| 41 | ov_041 | 3.192033088911515 × 10^289 |
| 40 | ov_040 | 3.8714928212768925 × 10^289 |
| 39 | ov_039 | 4.648591526218319 × 10^289 |
| 31 | ov_031 | 5.10095582514123 × 10^289 |
| 38 | ov_038 | 5.528877492891969 × 10^289 |
| 37 | ov_037 | 6.523748234469986 × 10^289 |
| 36 | ov_036 | 7.645221093306051 × 10^289 |
| 35 | ov_035 | 8.905972263733561 × 10^289 |
| 34 | ov_034 | 1.031938238920434 × 10^290 |
| 33 | ov_033 | 1.1899589490682921 × 10^290 |
| 30 | ov_030 | 2.6150465909133507 × 10^290 |
| 29 | ov_029 | 8.55408231380625 × 10^290 |
| 28 | ov_028 | 2.2200852477436495 × 10^291 |
| 27 | ov_027 | 4.962029769078835 × 10^291 |
| 26 | ov_026 | 9.922667588740194 × 10^291 |
| 25 | ov_025 | 1.8178359080425986 × 10^292 |
| 24 | ov_024 | 3.1040410069901023 × 10^292 |
| 23 | ov_023 | 5.005510362355977 × 10^292 |
| 22 | ov_022 | 7.855005962096411 × 10^292 |
| 21 | ov_021 | 1.2032315928325243 × 10^293 |
| 20 | ov_020 | 1.7964296596784486 × 10^293 |
| 19 | ov_019 | 2.6124941322819767 × 10^293 |
| 18 | ov_018 | 3.703548512635936 × 10^293 |
| 17 | ov_017 | 5.126455608640103 × 10^293 |
| 16 | ov_016 | 6.942838619389431 × 10^293 |
| 15 | ov_015 | 9.219109617104188 × 10^293 |
| 14 | ov_014 | 1.2026507271649729 × 10^294 |
| 13 | ov_013 | 1.5441146511694575 × 10^294 |
| 12 | ov_012 | 1.9544083732663197 × 10^294 |
| 11 | ov_011 | 2.4421401715884102 × 10^294 |
| 10 | ov_010 | 3.0164318786164426 × 10^294 |
| 9 | ov_009 | 3.686932709948357 × 10^294 |
| 8 | ov_008 | 4.4638365319203745 × 10^294 |
| 7 | ov_007 | 5.357903130896497 × 10^294 |
| 6 | ov_006 | 6.380484084432937 × 10^294 |
| 5 | ov_005 | 7.54355387246126 × 10^294 |
| 4 | ov_004 | 8.859746905284882 × 10^294 |
| 3 | ov_003 | 1.0342401137474968 × 10^295 |
| 2 | ov_002 | 1.2005608833022092 × 10^295 |
| 1 | ov_001 | 1.3864274936809794 × 10^295 |

