# Results for F001-F002-F003-F004-F005-F006-F007-F008-F009-F010-F011-F012-F013-F014-F015-F016-F017-F018-F019-F020-F021-F022-F023-F024-F025-F026-F027-F028-F029-F030-F031-F032-F033-F034-F035-F036-F037-F038-F039-F040-F041-F042-F043-F044-F045-F046-F047-F048-F049-F050-F051-F052-F053-F054-F055-F056-F057-F058-F059-F060-F061-F062-F063-F064-F065-F066-F067-F068-F069-F070-F071-F072-F073-F074-F075-F076-F077-F078-F079-F080-F081-F082-F083-F084-F085-F086-F087-F088-F089-F090-F091-F092-F093-F094-F095-F096-F097-F098-F099-F100-F101-F102-F103-F104-F105-F106-F107-F108-F109-F110-F111-F112-F113-F114-F115-F116-F117-F118-F119-F120-F121-F122-F123-F124-F125-F126-F127-F128-F129-F130-F131-F132-F133-F134-F135-F136-F137-F138-F139-F140-F141-F142-F143-F144-F145-F146-F147-F148-F149-F150-F151-F152-F153-F154-F155-F156-F157-F158-F159-F160-F161-F162-F163-F164-F165-F166-F167-F168-F169-F170-F171-F172-F173-F174-F175-F176-F177-F178-F179-F180-F181-F182-F183-F184-F185-F186-F187-F188-F189-F190-F191-F192-F193-F194-F195-F196-F197-F198-F199-F200-F201-F202-F203-F204-F205-F206-F207-F208-F209-F210-F211-F212-F213-F214-F215-F216-F217-F218-F219-F220-F221-F222-F223-F224-F225-F226-F227-F228-F229-F230-F231-F232-F233-F234-F235-F236-F237-F238-F239-F240-F241-F242-F243-F244-F245-F246-F247-F248-F249-F250-F251-F252-F253-F254-F255-F256-F257-F258-F259-F260-F261-F262-F263-F264-F265-F266-F267-F268-F269-F270-F271-F272-F273-F274-F275-F276-F277-F278-F279-F280-F281-F282-F283-F284-F285-F286-F287-F288-F289-F290-F291-F292-F293-F294-F295-F296-F297-F298-F299-F300-F301-F302-F303-F304-F305-F306-F307-F308-F309-F310-F311-F312-F313-F314-F315-F316-F317-F318-F319-F320-F321-F322-F323-F324-F325-F326-F327-F328-F329-F330-F331-F332-F333-F334-F335-F336-F337-F338-F339-F340-F341-F342-F343-F344-F345-F346-F347-F348-F349-F350-F351-F352-F353-F354-F355-F356-F357-F358-F359-F360-F361-F362-F363-F364-F365-F366-F367-F368-F369-F370-F371-F372-F373-F374-F375-F376-F377-F378-F379-F380-F381-F382-F383-F384-F385-F386-F387-F388-F389-F390-F391-F392-F393-F394-F395-F396-F397-F398-F399-F400-F401-F402-F403-F404-F405-F406-F407-F408-F409-F410-F411-F412-F413-F414-F415-F416-F417-F418-F419-F420-F421-F422-F423-F424-F425-F426-F427-F428-F429-F430-F431-F432-F433-F434-F435-F436-F437-F438-F439-F440-F441-F442-F443-F444-F445-F446-F447-F448-F449-F450-F451-F452-F453-F454-F455-F456-F457-F458-F459-F460-F461-F462-F463-F464-F465-F466-F467-F468-F469-F470-F471-F472-F473-F474-F475-F476-F477-F478-F479-F480-F481-F482-F483-F484-F485-F486-F487-F488-F489-F490-F491-F492-F493-F494-F495-F496-E500501-T505-F508-F509-F510-F511-F512

## Summary

Number of input bits: 512  
Number of free input bits: 9  
Number of output bits: 160

Number of direct occurrences: 36564  
Number of assignments: 30983  
Number of operations: 11294894
(xor: 11266326,
and: 15368,
or: 13200)

Total complexity: 4.327720501543808 × 10^301

Least occurring input variable: iv_499 (3878)  
Most occurring input variable: iv_500 (4352)

Most co-occurring input variables: iv_500-iv_503 (2065)  
Least co-occurring input variables: iv_498-iv_499 (1715)

Potentially most occurring input variable: iv_500/iv_507 (4538)  
Potentially least occurring input variable: iv_498/iv_506 (4150)

Least output occurring input variable: iv_507 (70)  
Most output occurring input variable: iv_500 (86)

Most output co-occurring input variables: iv_502-iv_504 (49)  
Least output co-occurring input variables: iv_497-iv_507 (27)

Potentially most output occurring input variable: iv_498/iv_502 (94)  
Potentially least output occurring input variable: iv_502/iv_504 (66)

Least complex input bit: iv_497 (4.692169065835556 × 10^299)  
Most complex input bit: iv_504 (1.253378797664795 × 10^301)

Least complex output bit: aaa_76_29 (3.091188609518572 × 10^276)  
Most complex output bit: ov_001 (6.983127533498646 × 10^300)

Least complex input/output complexity: iv_497/aaa_76_29 (3.3515056171192567 × 10^274)  
Most complex input/output complexity: iv_504/ov_001 (2.0224282018106807 × 10^300)

## Input Bits

### Input Bits in Regular Order

| Input Bit | Complexity | Occurrences | Output Occurrences |
|:---------:|:----------:|:-----------:|:------------------:|
| iv_497 | 4.692169065835556 × 10^299 | 4180 | 74 |
| iv_498 | 9.273368809987541 × 10^299 | 3896 | 75 |
| iv_499 | 1.61053682823368 × 10^300 | 3878 | 72 |
| iv_500 | 5.355335527217519 × 10^300 | 4352 | 86 |
| iv_502 | 6.843484927447399 × 10^300 | 3907 | 83 |
| iv_503 | 1.0743030612901435 × 10^301 | 4222 | 72 |
| iv_504 | 1.253378797664795 × 10^301 | 3953 | 81 |
| iv_506 | 2.0555745108470283 × 10^300 | 4112 | 75 |
| iv_507 | 2.7389008445607977 × 10^300 | 4064 | 70 |

### Input Bits Sorted by Complexity

| Input Bit | Complexity | Occurrences | Output Occurrences |
|:---------:|:----------:|:-----------:|:------------------:|
| iv_497 | 4.692169065835556 × 10^299 | 4180 | 74 |
| iv_498 | 9.273368809987541 × 10^299 | 3896 | 75 |
| iv_499 | 1.61053682823368 × 10^300 | 3878 | 72 |
| iv_506 | 2.0555745108470283 × 10^300 | 4112 | 75 |
| iv_507 | 2.7389008445607977 × 10^300 | 4064 | 70 |
| iv_500 | 5.355335527217519 × 10^300 | 4352 | 86 |
| iv_502 | 6.843484927447399 × 10^300 | 3907 | 83 |
| iv_503 | 1.0743030612901435 × 10^301 | 4222 | 72 |
| iv_504 | 1.253378797664795 × 10^301 | 3953 | 81 |

### Input Bits Sorted by Occurrences

| Input Bit | Complexity | Occurrences | Output Occurrences |
|:---------:|:----------:|:-----------:|:------------------:|
| iv_499 | 1.61053682823368 × 10^300 | 3878 | 72 |
| iv_498 | 9.273368809987541 × 10^299 | 3896 | 75 |
| iv_502 | 6.843484927447399 × 10^300 | 3907 | 83 |
| iv_504 | 1.253378797664795 × 10^301 | 3953 | 81 |
| iv_507 | 2.7389008445607977 × 10^300 | 4064 | 70 |
| iv_506 | 2.0555745108470283 × 10^300 | 4112 | 75 |
| iv_497 | 4.692169065835556 × 10^299 | 4180 | 74 |
| iv_503 | 1.0743030612901435 × 10^301 | 4222 | 72 |
| iv_500 | 5.355335527217519 × 10^300 | 4352 | 86 |

### Input Bits Sorted by Output Occurrences

| Input Bit | Complexity | Occurrences | Output Occurrences |
|:---------:|:----------:|:-----------:|:------------------:|
| iv_507 | 2.7389008445607977 × 10^300 | 4064 | 70 |
| iv_503 | 1.0743030612901435 × 10^301 | 4222 | 72 |
| iv_499 | 1.61053682823368 × 10^300 | 3878 | 72 |
| iv_497 | 4.692169065835556 × 10^299 | 4180 | 74 |
| iv_498 | 9.273368809987541 × 10^299 | 3896 | 75 |
| iv_506 | 2.0555745108470283 × 10^300 | 4112 | 75 |
| iv_504 | 1.253378797664795 × 10^301 | 3953 | 81 |
| iv_502 | 6.843484927447399 × 10^300 | 3907 | 83 |
| iv_500 | 5.355335527217519 × 10^300 | 4352 | 86 |

## Input Bit Co-occurrences

### Input Bit Co-occurrences Sorted by Co-occurrences

| Input Bits | Co-occurrences | Potential Occurrences | Output Co-occurrences | Potential Output Occurrences |
|:----------:|:--------------:|:---------------------:|:---------------------:|:----------------------------:|
| iv_500-iv_503 | 2065 | 4444 | 39 | 80 |
| iv_497-iv_500 | 2047 | 4438 | 43 | 74 |
| iv_500-iv_506 | 2034 | 4396 | 43 | 75 |
| iv_497-iv_506 | 2019 | 4254 | 29 | 91 |
| iv_497-iv_503 | 1983 | 4436 | 36 | 74 |
| iv_500-iv_504 | 1967 | 4371 | 42 | 83 |
| iv_499-iv_500 | 1954 | 4322 | 44 | 70 |
| iv_503-iv_507 | 1949 | 4388 | 30 | 82 |
| iv_497-iv_507 | 1946 | 4352 | 27 | 90 |

### Input Bit Co-occurrences Sorted by Potential Occurrences

| Input Bits | Co-occurrences | Potential Occurrences | Output Co-occurrences | Potential Output Occurrences |
|:----------:|:--------------:|:---------------------:|:---------------------:|:----------------------------:|
| iv_498-iv_506 | 1929 | 4150 | 36 | 78 |
| iv_499-iv_504 | 1825 | 4181 | 38 | 77 |
| iv_502-iv_504 | 1834 | 4192 | 49 | 66 |
| iv_502-iv_506 | 1891 | 4237 | 41 | 76 |
| iv_498-iv_504 | 1806 | 4237 | 37 | 82 |
| iv_497-iv_506 | 2019 | 4254 | 29 | 91 |
| iv_504-iv_506 | 1898 | 4269 | 36 | 84 |
| iv_499-iv_502 | 1748 | 4289 | 35 | 85 |
| iv_499-iv_507 | 1824 | 4294 | 33 | 76 |

### Input Bit Output Co-occurrences Sorted by Output Co-occurrences

| Input Bits | Co-occurrences | Potential Occurrences | Output Co-occurrences | Potential Output Occurrences |
|:----------:|:--------------:|:---------------------:|:---------------------:|:----------------------------:|
| iv_502-iv_504 | 1834 | 4192 | 49 | 66 |
| iv_499-iv_500 | 1954 | 4322 | 44 | 70 |
| iv_497-iv_500 | 2047 | 4438 | 43 | 74 |
| iv_500-iv_502 | 1926 | 4407 | 43 | 83 |
| iv_500-iv_506 | 2034 | 4396 | 43 | 75 |
| iv_500-iv_504 | 1967 | 4371 | 42 | 83 |
| iv_502-iv_506 | 1891 | 4237 | 41 | 76 |
| iv_500-iv_507 | 1939 | 4538 | 41 | 74 |
| iv_500-iv_503 | 2065 | 4444 | 39 | 80 |

### Input Bit Output Co-occurrences Sorted by Potential Output Occurrences

| Input Bits | Co-occurrences | Potential Occurrences | Output Co-occurrences | Potential Output Occurrences |
|:----------:|:--------------:|:---------------------:|:---------------------:|:----------------------------:|
| iv_502-iv_504 | 1834 | 4192 | 49 | 66 |
| iv_506-iv_507 | 1932 | 4312 | 38 | 69 |
| iv_499-iv_500 | 1954 | 4322 | 44 | 70 |
| iv_498-iv_499 | 1715 | 4344 | 37 | 73 |
| iv_497-iv_500 | 2047 | 4438 | 43 | 74 |
| iv_497-iv_503 | 1983 | 4436 | 36 | 74 |
| iv_500-iv_507 | 1939 | 4538 | 41 | 74 |
| iv_500-iv_506 | 2034 | 4396 | 43 | 75 |
| iv_503-iv_506 | 1916 | 4502 | 36 | 75 |

## Output Bits

### Output Bits in Regular Order

| Rank | Output Bit | Complexity |
|:----:|:----------:|:----------:|
| 1 | ov_001 | 6.983127533498646 × 10^300 |
| 2 | ov_002 | 6.0469189114505124 × 10^300 |
| 3 | ov_003 | 5.209173379813041 × 10^300 |
| 4 | ov_004 | 4.4623818274788105 × 10^300 |
| 5 | ov_005 | 3.79944425078004 × 10^300 |
| 6 | ov_006 | 3.21364039211956 × 10^300 |
| 7 | ov_007 | 2.6986042437380546 × 10^300 |
| 8 | ov_008 | 2.2483021789053044 × 10^300 |
| 9 | ov_009 | 1.8570144152300625 × 10^300 |
| 10 | ov_010 | 1.5193194606101293 × 10^300 |
| 11 | ov_011 | 1.2300811883186062 × 10^300 |
| 12 | ov_012 | 9.844382079057003 × 10^299 |
| 13 | ov_013 | 7.777952184025358 × 10^299 |
| 14 | ov_014 | 6.058160498325658 × 10^299 |
| 15 | ov_015 | 4.644181183390428 × 10^299 |
| 16 | ov_016 | 3.4976805297688496 × 10^299 |
| 17 | ov_017 | 2.582782984374817 × 10^299 |
| 18 | ov_018 | 1.8660451691775357 × 10^299 |
| 19 | ov_019 | 1.3164361409842712 × 10^299 |
| 20 | ov_020 | 9.05322484595456 × 10^298 |
| 21 | ov_021 | 6.064572747069793 × 10^298 |
| 22 | ov_022 | 3.9597214835289427 × 10^298 |
| 23 | ov_023 | 2.5237182363567785 × 10^298 |
| 24 | ov_024 | 1.5653049440870734 × 10^298 |
| 25 | ov_025 | 9.168962447528257 × 10^297 |
| 26 | ov_026 | 5.006156154768325 × 10^297 |
| 27 | ov_027 | 2.5041483568495548 × 10^297 |
| 28 | ov_028 | 1.1207231820329691 × 10^297 |
| 29 | ov_029 | 4.319253812974392 × 10^296 |
| 30 | ov_030 | 1.32058831379549 × 10^296 |
| 31 | ov_031 | 2.5757114854135337 × 10^295 |
| 32 | lv_80_m31 | 5.021853389780304 × 10^294 |
| 33 | ov_033 | 5.991358917076587 × 10^295 |
| 34 | ov_034 | 5.198447069659442 × 10^295 |
| 35 | ov_035 | 4.4881090238277144 × 10^295 |
| 36 | ov_036 | 3.8529523461539124 × 10^295 |
| 37 | ov_037 | 3.2859822168003415 × 10^295 |
| 38 | ov_038 | 2.783796877783281 × 10^295 |
| 39 | ov_039 | 2.3401166008185823 × 10^295 |
| 40 | ov_040 | 1.9489864376400529 × 10^295 |
| 41 | ov_041 | 1.6075077274008253 × 10^295 |
| 42 | ov_042 | 1.3129313690415774 × 10^295 |
| 43 | ov_043 | 1.0626510472948667 × 10^295 |
| 44 | ov_044 | 8.518609349249422 × 10^294 |
| 45 | ov_045 | 6.760164854749782 × 10^294 |
| 46 | ov_046 | 5.308277371115062 × 10^294 |
| 47 | ov_047 | 4.1225406046830355 × 10^294 |
| 48 | ov_048 | 3.16500115545963 × 10^294 |
| 49 | ov_049 | 2.4001280037992532 × 10^294 |
| 50 | ov_050 | 1.7947899176297777 × 10^294 |
| 51 | ov_051 | 1.3182389581549376 × 10^294 |
| 52 | ov_052 | 9.556952444545356 × 10^293 |
| 53 | ov_053 | 6.8114491075594435 × 10^293 |
| 54 | ov_054 | 4.709308314793464 × 10^293 |
| 55 | ov_055 | 3.1381302009772686 × 10^293 |
| 56 | ov_056 | 1.997270574751217 × 10^293 |
| 57 | ov_057 | 1.1978311877529348 × 10^293 |
| 58 | ov_058 | 6.626541786210357 × 10^292 |
| 59 | ov_059 | 3.2631918046332086 × 10^292 |
| 60 | ov_060 | 1.351420064202174 × 10^292 |
| 61 | ov_061 | 4.7174175110713146 × 10^291 |
| 62 | ov_062 | 1.2931724092838362 × 10^291 |
| 63 | ov_063 | 2.5185257040753286 × 10^290 |
| 64 | lv_79_m31 | 4.903789599707466 × 10^289 |
| 65 | ov_065 | 5.8183336140496605 × 10^290 |
| 66 | ov_066 | 5.818317154410113 × 10^290 |
| 67 | ov_067 | 5.818313249637303 × 10^290 |
| 68 | ov_068 | 5.02458972219042 × 10^290 |
| 69 | ov_069 | 4.31620581663077 × 10^290 |
| 70 | ov_070 | 3.686623998302472 × 10^290 |
| 71 | ov_071 | 3.1296141345718645 × 10^290 |
| 72 | ov_072 | 2.6392351744400257 × 10^290 |
| 73 | ov_073 | 2.2098207876854836 × 10^290 |
| 74 | ov_074 | 1.8359682593717202 × 10^290 |
| 75 | ov_075 | 1.5125299725366749 × 10^290 |
| 76 | ov_076 | 1.2346068474868901 × 10^290 |
| 77 | ov_077 | 9.975431405977162 × 10^289 |
| 78 | ov_078 | 7.969220993730852 × 10^289 |
| 79 | ov_079 | 6.285621802539551 × 10^289 |
| 80 | ov_080 | 4.8851373300026 × 10^289 |
| 81 | ov_081 | 3.730561200713331 × 10^289 |
| 82 | ov_082 | 2.8038594199915175 × 10^289 |
| 83 | ov_083 | 2.0723352824788926 × 10^289 |
| 84 | ov_084 | 1.505518765270509 × 10^289 |
| 85 | ov_085 | 1.0751520026726659 × 10^289 |
| 86 | ov_086 | 7.551775570185781 × 10^288 |
| 87 | ov_087 | 5.21729177025188 × 10^288 |
| 88 | ov_088 | 3.531247354276483 × 10^288 |
| 89 | ov_089 | 2.2986103777538848 × 10^288 |
| 90 | ov_090 | 1.427306784668087 × 10^288 |
| 91 | ov_091 | 8.361317338701028 × 10^287 |
| 92 | ov_092 | 4.5474048714298466 × 10^287 |
| 93 | ov_093 | 2.2364328913799635 × 10^287 |
| 94 | ov_094 | 9.42028527018857 × 10^286 |
| 95 | aaa_78_28 | 2.8633332746946424 × 10^286 |
| 96 | aaa_78_29 | 8.577224361597423 × 10^285 |
| 97 | ov_097 | 4.4665604947342945 × 10^285 |
| 98 | ov_098 | 4.466509985726199 × 10^285 |
| 99 | ov_099 | 4.4664938736695074 × 10^285 |
| 100 | ov_100 | 3.67011146025271 × 10^285 |
| 101 | ov_101 | 2.9932826904475895 × 10^285 |
| 102 | ov_102 | 2.4235104836819596 × 10^285 |
| 103 | ov_103 | 1.9489783728503908 × 10^285 |
| 104 | ov_104 | 1.558501091631648 × 10^285 |
| 105 | ov_105 | 1.2414817530517581 × 10^285 |
| 106 | ov_106 | 9.878749843126337 × 10^284 |
| 107 | ov_107 | 7.881554147370624 × 10^284 |
| 108 | ov_108 | 6.332909445345643 × 10^284 |
| 109 | ov_109 | 5.147202521921256 × 10^284 |
| 110 | ov_110 | 4.243340278250391 × 10^284 |
| 111 | ov_111 | 3.5445950398041126 × 10^284 |
| 112 | ov_112 | 2.9784793924982186 × 10^284 |
| 113 | ov_113 | 2.476646836285674 × 10^284 |
| 114 | ov_114 | 2.0350933180719226 × 10^284 |
| 115 | ov_115 | 1.6498594000055217 × 10^284 |
| 116 | ov_116 | 1.3170186443522412 × 10^284 |
| 117 | ov_117 | 1.0326688410099522 × 10^284 |
| 118 | ov_118 | 7.929255279874709 × 10^283 |
| 119 | ov_119 | 5.93917023582003 × 10^283 |
| 120 | ov_120 | 4.317805266943175 × 10^283 |
| 121 | ov_121 | 3.026591440818653 × 10^283 |
| 122 | ov_122 | 2.0269970337018467 × 10^283 |
| 123 | ov_123 | 1.2805121065736518 × 10^283 |
| 124 | ov_124 | 7.486381154606021 × 10^282 |
| 125 | ov_125 | 3.928814855202481 × 10^282 |
| 126 | ov_126 | 1.7475033915498194 × 10^282 |
| 127 | aaa_77_28 | 5.575324264013562 × 10^281 |
| 128 | aaa_77_29 | 2.087488634683701 × 10^281 |
| 129 | ov_129 | 1.9178788076795878 × 10^281 |
| 130 | ov_130 | 1.9178728008038188 × 10^281 |
| 131 | ov_131 | 1.917871352697228 × 10^281 |
| 132 | ov_132 | 1.657756489357187 × 10^281 |
| 133 | ov_133 | 1.425517829523174 × 10^281 |
| 134 | ov_134 | 1.2189973321107482 × 10^281 |
| 135 | ov_135 | 1.03614838502148 × 10^281 |
| 136 | ov_136 | 8.750278180921492 × 10^280 |
| 137 | ov_137 | 7.337891392428376 × 10^280 |
| 138 | ov_138 | 6.106768673411069 × 10^280 |
| 139 | ov_139 | 5.040218415715965 × 10^280 |
| 140 | ov_140 | 4.1223739323423737 × 10^280 |
| 141 | ov_141 | 3.3381627192722175 × 10^280 |
| 142 | ov_142 | 2.6732822403218934 × 10^280 |
| 143 | ov_143 | 2.114181273310002 × 10^280 |
| 144 | ov_144 | 1.6480459146193363 × 10^280 |
| 145 | ov_145 | 1.2627893977906097 × 10^280 |
| 146 | ov_146 | 9.525490641120857 × 10^279 |
| 147 | ov_147 | 7.066732618283897 × 10^279 |
| 148 | ov_148 | 5.152222826155641 × 10^279 |
| 149 | ov_149 | 3.689663319994849 × 10^279 |
| 150 | ov_150 | 2.5938423541809474 × 10^279 |
| 151 | ov_151 | 1.7866254863837285 × 10^279 |
| 152 | ov_152 | 1.1969489963816761 × 10^279 |
| 153 | ov_153 | 7.60815056287747 × 10^278 |
| 154 | ov_154 | 4.4799072192244505 × 10^278 |
| 155 | ov_155 | 2.317736245260905 × 10^278 |
| 156 | aaa_76_25 | 8.899117456127949 × 10^277 |
| 157 | aaa_76_26 | 5.131419263469814 × 10^277 |
| 158 | aaa_76_27 | 2.622256438496041 × 10^277 |
| 159 | aaa_76_28 | 1.018737038473063 × 10^277 |
| 160 | aaa_76_29 | 3.091188609518572 × 10^276 |

### Output Bits Sorted by Complexity

| Rank | Output Bit | Complexity |
|:----:|:----------:|:----------:|
| 160 | aaa_76_29 | 3.091188609518572 × 10^276 |
| 159 | aaa_76_28 | 1.018737038473063 × 10^277 |
| 158 | aaa_76_27 | 2.622256438496041 × 10^277 |
| 157 | aaa_76_26 | 5.131419263469814 × 10^277 |
| 156 | aaa_76_25 | 8.899117456127949 × 10^277 |
| 155 | ov_155 | 2.317736245260905 × 10^278 |
| 154 | ov_154 | 4.4799072192244505 × 10^278 |
| 153 | ov_153 | 7.60815056287747 × 10^278 |
| 152 | ov_152 | 1.1969489963816761 × 10^279 |
| 151 | ov_151 | 1.7866254863837285 × 10^279 |
| 150 | ov_150 | 2.5938423541809474 × 10^279 |
| 149 | ov_149 | 3.689663319994849 × 10^279 |
| 148 | ov_148 | 5.152222826155641 × 10^279 |
| 147 | ov_147 | 7.066732618283897 × 10^279 |
| 146 | ov_146 | 9.525490641120857 × 10^279 |
| 145 | ov_145 | 1.2627893977906097 × 10^280 |
| 144 | ov_144 | 1.6480459146193363 × 10^280 |
| 143 | ov_143 | 2.114181273310002 × 10^280 |
| 142 | ov_142 | 2.6732822403218934 × 10^280 |
| 141 | ov_141 | 3.3381627192722175 × 10^280 |
| 140 | ov_140 | 4.1223739323423737 × 10^280 |
| 139 | ov_139 | 5.040218415715965 × 10^280 |
| 138 | ov_138 | 6.106768673411069 × 10^280 |
| 137 | ov_137 | 7.337891392428376 × 10^280 |
| 136 | ov_136 | 8.750278180921492 × 10^280 |
| 135 | ov_135 | 1.03614838502148 × 10^281 |
| 134 | ov_134 | 1.2189973321107482 × 10^281 |
| 133 | ov_133 | 1.425517829523174 × 10^281 |
| 132 | ov_132 | 1.657756489357187 × 10^281 |
| 131 | ov_131 | 1.917871352697228 × 10^281 |
| 130 | ov_130 | 1.9178728008038188 × 10^281 |
| 129 | ov_129 | 1.9178788076795878 × 10^281 |
| 128 | aaa_77_29 | 2.087488634683701 × 10^281 |
| 127 | aaa_77_28 | 5.575324264013562 × 10^281 |
| 126 | ov_126 | 1.7475033915498194 × 10^282 |
| 125 | ov_125 | 3.928814855202481 × 10^282 |
| 124 | ov_124 | 7.486381154606021 × 10^282 |
| 123 | ov_123 | 1.2805121065736518 × 10^283 |
| 122 | ov_122 | 2.0269970337018467 × 10^283 |
| 121 | ov_121 | 3.026591440818653 × 10^283 |
| 120 | ov_120 | 4.317805266943175 × 10^283 |
| 119 | ov_119 | 5.93917023582003 × 10^283 |
| 118 | ov_118 | 7.929255279874709 × 10^283 |
| 117 | ov_117 | 1.0326688410099522 × 10^284 |
| 116 | ov_116 | 1.3170186443522412 × 10^284 |
| 115 | ov_115 | 1.6498594000055217 × 10^284 |
| 114 | ov_114 | 2.0350933180719226 × 10^284 |
| 113 | ov_113 | 2.476646836285674 × 10^284 |
| 112 | ov_112 | 2.9784793924982186 × 10^284 |
| 111 | ov_111 | 3.5445950398041126 × 10^284 |
| 110 | ov_110 | 4.243340278250391 × 10^284 |
| 109 | ov_109 | 5.147202521921256 × 10^284 |
| 108 | ov_108 | 6.332909445345643 × 10^284 |
| 107 | ov_107 | 7.881554147370624 × 10^284 |
| 106 | ov_106 | 9.878749843126337 × 10^284 |
| 105 | ov_105 | 1.2414817530517581 × 10^285 |
| 104 | ov_104 | 1.558501091631648 × 10^285 |
| 103 | ov_103 | 1.9489783728503908 × 10^285 |
| 102 | ov_102 | 2.4235104836819596 × 10^285 |
| 101 | ov_101 | 2.9932826904475895 × 10^285 |
| 100 | ov_100 | 3.67011146025271 × 10^285 |
| 99 | ov_099 | 4.4664938736695074 × 10^285 |
| 98 | ov_098 | 4.466509985726199 × 10^285 |
| 97 | ov_097 | 4.4665604947342945 × 10^285 |
| 96 | aaa_78_29 | 8.577224361597423 × 10^285 |
| 95 | aaa_78_28 | 2.8633332746946424 × 10^286 |
| 94 | ov_094 | 9.42028527018857 × 10^286 |
| 93 | ov_093 | 2.2364328913799635 × 10^287 |
| 92 | ov_092 | 4.5474048714298466 × 10^287 |
| 91 | ov_091 | 8.361317338701028 × 10^287 |
| 90 | ov_090 | 1.427306784668087 × 10^288 |
| 89 | ov_089 | 2.2986103777538848 × 10^288 |
| 88 | ov_088 | 3.531247354276483 × 10^288 |
| 87 | ov_087 | 5.21729177025188 × 10^288 |
| 86 | ov_086 | 7.551775570185781 × 10^288 |
| 85 | ov_085 | 1.0751520026726659 × 10^289 |
| 84 | ov_084 | 1.505518765270509 × 10^289 |
| 83 | ov_083 | 2.0723352824788926 × 10^289 |
| 82 | ov_082 | 2.8038594199915175 × 10^289 |
| 81 | ov_081 | 3.730561200713331 × 10^289 |
| 80 | ov_080 | 4.8851373300026 × 10^289 |
| 64 | lv_79_m31 | 4.903789599707466 × 10^289 |
| 79 | ov_079 | 6.285621802539551 × 10^289 |
| 78 | ov_078 | 7.969220993730852 × 10^289 |
| 77 | ov_077 | 9.975431405977162 × 10^289 |
| 76 | ov_076 | 1.2346068474868901 × 10^290 |
| 75 | ov_075 | 1.5125299725366749 × 10^290 |
| 74 | ov_074 | 1.8359682593717202 × 10^290 |
| 73 | ov_073 | 2.2098207876854836 × 10^290 |
| 63 | ov_063 | 2.5185257040753286 × 10^290 |
| 72 | ov_072 | 2.6392351744400257 × 10^290 |
| 71 | ov_071 | 3.1296141345718645 × 10^290 |
| 70 | ov_070 | 3.686623998302472 × 10^290 |
| 69 | ov_069 | 4.31620581663077 × 10^290 |
| 68 | ov_068 | 5.02458972219042 × 10^290 |
| 67 | ov_067 | 5.818313249637303 × 10^290 |
| 66 | ov_066 | 5.818317154410113 × 10^290 |
| 65 | ov_065 | 5.8183336140496605 × 10^290 |
| 62 | ov_062 | 1.2931724092838362 × 10^291 |
| 61 | ov_061 | 4.7174175110713146 × 10^291 |
| 60 | ov_060 | 1.351420064202174 × 10^292 |
| 59 | ov_059 | 3.2631918046332086 × 10^292 |
| 58 | ov_058 | 6.626541786210357 × 10^292 |
| 57 | ov_057 | 1.1978311877529348 × 10^293 |
| 56 | ov_056 | 1.997270574751217 × 10^293 |
| 55 | ov_055 | 3.1381302009772686 × 10^293 |
| 54 | ov_054 | 4.709308314793464 × 10^293 |
| 53 | ov_053 | 6.8114491075594435 × 10^293 |
| 52 | ov_052 | 9.556952444545356 × 10^293 |
| 51 | ov_051 | 1.3182389581549376 × 10^294 |
| 50 | ov_050 | 1.7947899176297777 × 10^294 |
| 49 | ov_049 | 2.4001280037992532 × 10^294 |
| 48 | ov_048 | 3.16500115545963 × 10^294 |
| 47 | ov_047 | 4.1225406046830355 × 10^294 |
| 32 | lv_80_m31 | 5.021853389780304 × 10^294 |
| 46 | ov_046 | 5.308277371115062 × 10^294 |
| 45 | ov_045 | 6.760164854749782 × 10^294 |
| 44 | ov_044 | 8.518609349249422 × 10^294 |
| 43 | ov_043 | 1.0626510472948667 × 10^295 |
| 42 | ov_042 | 1.3129313690415774 × 10^295 |
| 41 | ov_041 | 1.6075077274008253 × 10^295 |
| 40 | ov_040 | 1.9489864376400529 × 10^295 |
| 39 | ov_039 | 2.3401166008185823 × 10^295 |
| 31 | ov_031 | 2.5757114854135337 × 10^295 |
| 38 | ov_038 | 2.783796877783281 × 10^295 |
| 37 | ov_037 | 3.2859822168003415 × 10^295 |
| 36 | ov_036 | 3.8529523461539124 × 10^295 |
| 35 | ov_035 | 4.4881090238277144 × 10^295 |
| 34 | ov_034 | 5.198447069659442 × 10^295 |
| 33 | ov_033 | 5.991358917076587 × 10^295 |
| 30 | ov_030 | 1.32058831379549 × 10^296 |
| 29 | ov_029 | 4.319253812974392 × 10^296 |
| 28 | ov_028 | 1.1207231820329691 × 10^297 |
| 27 | ov_027 | 2.5041483568495548 × 10^297 |
| 26 | ov_026 | 5.006156154768325 × 10^297 |
| 25 | ov_025 | 9.168962447528257 × 10^297 |
| 24 | ov_024 | 1.5653049440870734 × 10^298 |
| 23 | ov_023 | 2.5237182363567785 × 10^298 |
| 22 | ov_022 | 3.9597214835289427 × 10^298 |
| 21 | ov_021 | 6.064572747069793 × 10^298 |
| 20 | ov_020 | 9.05322484595456 × 10^298 |
| 19 | ov_019 | 1.3164361409842712 × 10^299 |
| 18 | ov_018 | 1.8660451691775357 × 10^299 |
| 17 | ov_017 | 2.582782984374817 × 10^299 |
| 16 | ov_016 | 3.4976805297688496 × 10^299 |
| 15 | ov_015 | 4.644181183390428 × 10^299 |
| 14 | ov_014 | 6.058160498325658 × 10^299 |
| 13 | ov_013 | 7.777952184025358 × 10^299 |
| 12 | ov_012 | 9.844382079057003 × 10^299 |
| 11 | ov_011 | 1.2300811883186062 × 10^300 |
| 10 | ov_010 | 1.5193194606101293 × 10^300 |
| 9 | ov_009 | 1.8570144152300625 × 10^300 |
| 8 | ov_008 | 2.2483021789053044 × 10^300 |
| 7 | ov_007 | 2.6986042437380546 × 10^300 |
| 6 | ov_006 | 3.21364039211956 × 10^300 |
| 5 | ov_005 | 3.79944425078004 × 10^300 |
| 4 | ov_004 | 4.4623818274788105 × 10^300 |
| 3 | ov_003 | 5.209173379813041 × 10^300 |
| 2 | ov_002 | 6.0469189114505124 × 10^300 |
| 1 | ov_001 | 6.983127533498646 × 10^300 |

