# Results for O002009-E004005-E009012-F013-F014-F015-F016-F017-F018-F019-F020-F021-F022-F023-F024-F025-F026-F027-F028-F029-F030-F031-F032-F033-F034-F035-F036-F037-F038-F039-F040-F041-F042-F043-F044-F045-F046-F047-F048-F049-F050-F051-F052-F053-F054-F055-F056-F057-F058-F059-F060-F061-F062-F063-F064-F065-F066-F067-F068-F069-F070-F071-F072-F073-F074-F075-F076-F077-F078-F079-F080-F081-F082-F083-F084-F085-F086-F087-F088-F089-F090-F091-F092-F093-F094-F095-F096-F097-F098-F099-F100-F101-F102-F103-F104-F105-F106-F107-F108-F109-F110-F111-F112-F113-F114-F115-F116-F117-F118-F119-F120-F121-F122-F123-F124-F125-F126-F127-F128-F129-F130-F131-F132-F133-F134-F135-F136-F137-F138-F139-F140-F141-F142-F143-F144-F145-F146-F147-F148-F149-F150-F151-F152-F153-F154-F155-F156-F157-F158-F159-F160-F161-F162-F163-F164-F165-F166-F167-F168-F169-F170-F171-F172-F173-F174-F175-F176-F177-F178-F179-F180-F181-F182-F183-F184-F185-F186-F187-F188-F189-F190-F191-F192-F193-F194-F195-F196-F197-F198-F199-F200-F201-F202-F203-F204-F205-F206-F207-F208-F209-F210-F211-F212-F213-F214-F215-F216-F217-F218-F219-F220-F221-F222-F223-F224-F225-F226-F227-F228-F229-F230-F231-F232-F233-F234-F235-F236-F237-F238-F239-F240-F241-F242-F243-F244-F245-F246-F247-F248-F249-F250-F251-F252-F253-F254-F255-F256-F257-F258-F259-F260-F261-F262-F263-F264-F265-F266-F267-F268-F269-F270-F271-F272-F273-F274-F275-F276-F277-F278-F279-F280-F281-F282-F283-F284-F285-F286-F287-F288-F289-F290-F291-F292-F293-F294-F295-F296-F297-F298-F299-F300-F301-F302-F303-F304-F305-F306-F307-F308-F309-F310-F311-F312-F313-F314-F315-F316-F317-F318-F319-F320-F321-F322-F323-F324-F325-F326-F327-F328-F329-F330-F331-F332-F333-F334-F335-F336-F337-F338-F339-F340-F341-F342-F343-F344-F345-F346-F347-F348-F349-F350-F351-F352-F353-F354-F355-F356-F357-F358-F359-F360-F361-F362-F363-F364-F365-F366-F367-F368-F369-F370-F371-F372-F373-F374-F375-F376-F377-F378-F379-F380-F381-F382-F383-F384-F385-F386-F387-F388-F389-F390-F391-F392-F393-F394-F395-F396-F397-F398-F399-F400-F401-F402-F403-F404-F405-F406-F407-F408-F409-F410-F411-F412-F413-F414-F415-F416-F417-F418-F419-F420-F421-F422-F423-F424-F425-F426-F427-F428-F429-F430-F431-F432-F433-F434-F435-F436-F437-F438-F439-F440-F441-F442-F443-F444-F445-F446-F447-F448-F449-F450-F451-F452-F453-F454-F455-F456-F457-F458-F459-F460-F461-F462-F463-F464-F465-F466-F467-F468-F469-F470-F471-F472-F473-F474-F475-F476-F477-F478-F479-F480-F481-F482-F483-F484-F485-F486-F487-F488-F489-F490-F491-F492-F493-F494-F495-F496-F497-F498-F499-F500-F501-F502-F503-F504-F505-F506-F507-F508-F509-F510-F511-F512

## Summary

Number of input bits: 512  
Number of free input bits: 9  
Number of output bits: 160

Number of direct occurrences: 41432  
Number of assignments: 38395  
Number of operations: 19067112
(xor: 19027392,
and: 23532,
or: 16188)

Total complexity: 1.310198431338269 × 10^355

Least occurring input variable: iv_007 (4368)  
Most occurring input variable: iv_002 (4935)

Most co-occurring input variables: iv_001-iv_006 (2239)  
Least co-occurring input variables: iv_007-iv_011 (1952)

Potentially most occurring input variable: iv_002/iv_003 (5302)  
Potentially least occurring input variable: iv_004/iv_010 (4721)

Least output occurring input variable: iv_011 (63)  
Most output occurring input variable: iv_008 (86)

Most output co-occurring input variables: iv_008-iv_010 (54)  
Least output co-occurring input variables: iv_003-iv_008 (28)

Potentially most output occurring input variable: iv_003/iv_008 (102)  
Potentially least output occurring input variable: iv_008/iv_010 (61)

Least complex input bit: iv_001 (1.6885569753922136 × 10^352)  
Most complex input bit: iv_002 (4.161425843301317 × 10^354)

Least complex output bit: aaa_76_29 (4.5165434273412514 × 10^329)  
Most complex output bit: ov_001 (1.9962478415698813 × 10^354)

Least complex input/output complexity: iv_001/aaa_76_29 (5.820828911471891 × 10^326)  
Most complex input/output complexity: iv_002/ov_001 (6.340442148948502 × 10^353)

## Input Bits

### Input Bits in Regular Order

| Input Bit | Complexity | Occurrences | Output Occurrences |
|:---------:|:----------:|:-----------:|:------------------:|
| iv_001 | 1.6885569753922136 × 10^352 | 4602 | 75 |
| iv_002 | 4.161425843301317 × 10^354 | 4935 | 86 |
| iv_003 | 2.042773468599517 × 10^353 | 4607 | 72 |
| iv_004 | 8.801702343834456 × 10^353 | 4541 | 82 |
| iv_006 | 9.254982362335178 × 10^353 | 4623 | 85 |
| iv_007 | 1.2080157701513619 × 10^354 | 4368 | 77 |
| iv_008 | 1.5313983111779283 × 10^354 | 4561 | 86 |
| iv_010 | 2.021982803804925 × 10^354 | 4508 | 83 |
| iv_011 | 2.1523301977163342 × 10^354 | 4687 | 63 |

### Input Bits Sorted by Complexity

| Input Bit | Complexity | Occurrences | Output Occurrences |
|:---------:|:----------:|:-----------:|:------------------:|
| iv_001 | 1.6885569753922136 × 10^352 | 4602 | 75 |
| iv_003 | 2.042773468599517 × 10^353 | 4607 | 72 |
| iv_004 | 8.801702343834456 × 10^353 | 4541 | 82 |
| iv_006 | 9.254982362335178 × 10^353 | 4623 | 85 |
| iv_007 | 1.2080157701513619 × 10^354 | 4368 | 77 |
| iv_008 | 1.5313983111779283 × 10^354 | 4561 | 86 |
| iv_010 | 2.021982803804925 × 10^354 | 4508 | 83 |
| iv_011 | 2.1523301977163342 × 10^354 | 4687 | 63 |
| iv_002 | 4.161425843301317 × 10^354 | 4935 | 86 |

### Input Bits Sorted by Occurrences

| Input Bit | Complexity | Occurrences | Output Occurrences |
|:---------:|:----------:|:-----------:|:------------------:|
| iv_007 | 1.2080157701513619 × 10^354 | 4368 | 77 |
| iv_010 | 2.021982803804925 × 10^354 | 4508 | 83 |
| iv_004 | 8.801702343834456 × 10^353 | 4541 | 82 |
| iv_008 | 1.5313983111779283 × 10^354 | 4561 | 86 |
| iv_001 | 1.6885569753922136 × 10^352 | 4602 | 75 |
| iv_003 | 2.042773468599517 × 10^353 | 4607 | 72 |
| iv_006 | 9.254982362335178 × 10^353 | 4623 | 85 |
| iv_011 | 2.1523301977163342 × 10^354 | 4687 | 63 |
| iv_002 | 4.161425843301317 × 10^354 | 4935 | 86 |

### Input Bits Sorted by Output Occurrences

| Input Bit | Complexity | Occurrences | Output Occurrences |
|:---------:|:----------:|:-----------:|:------------------:|
| iv_011 | 2.1523301977163342 × 10^354 | 4687 | 63 |
| iv_003 | 2.042773468599517 × 10^353 | 4607 | 72 |
| iv_001 | 1.6885569753922136 × 10^352 | 4602 | 75 |
| iv_007 | 1.2080157701513619 × 10^354 | 4368 | 77 |
| iv_004 | 8.801702343834456 × 10^353 | 4541 | 82 |
| iv_010 | 2.021982803804925 × 10^354 | 4508 | 83 |
| iv_006 | 9.254982362335178 × 10^353 | 4623 | 85 |
| iv_002 | 4.161425843301317 × 10^354 | 4935 | 86 |
| iv_008 | 1.5313983111779283 × 10^354 | 4561 | 86 |

## Input Bit Co-occurrences

### Input Bit Co-occurrences Sorted by Co-occurrences

| Input Bits | Co-occurrences | Potential Occurrences | Output Co-occurrences | Potential Output Occurrences |
|:----------:|:--------------:|:---------------------:|:---------------------:|:----------------------------:|
| iv_001-iv_006 | 2239 | 4747 | 46 | 68 |
| iv_002-iv_011 | 2207 | 5208 | 38 | 73 |
| iv_004-iv_011 | 2186 | 4856 | 36 | 73 |
| iv_001-iv_003 | 2182 | 4845 | 35 | 77 |
| iv_001-iv_011 | 2181 | 4927 | 28 | 82 |
| iv_010-iv_011 | 2179 | 4837 | 35 | 76 |
| iv_004-iv_010 | 2164 | 4721 | 38 | 89 |
| iv_006-iv_011 | 2161 | 4988 | 34 | 80 |
| iv_001-iv_004 | 2158 | 4827 | 41 | 75 |

### Input Bit Co-occurrences Sorted by Potential Occurrences

| Input Bits | Co-occurrences | Potential Occurrences | Output Co-occurrences | Potential Output Occurrences |
|:----------:|:--------------:|:---------------------:|:---------------------:|:----------------------------:|
| iv_004-iv_010 | 2164 | 4721 | 38 | 89 |
| iv_007-iv_010 | 2068 | 4740 | 41 | 78 |
| iv_001-iv_006 | 2239 | 4747 | 46 | 68 |
| iv_006-iv_007 | 2120 | 4751 | 40 | 82 |
| iv_001-iv_007 | 2093 | 4784 | 37 | 78 |
| iv_001-iv_004 | 2158 | 4827 | 41 | 75 |
| iv_010-iv_011 | 2179 | 4837 | 35 | 76 |
| iv_001-iv_003 | 2182 | 4845 | 35 | 77 |
| iv_004-iv_011 | 2186 | 4856 | 36 | 73 |

### Input Bit Output Co-occurrences Sorted by Output Co-occurrences

| Input Bits | Co-occurrences | Potential Occurrences | Output Co-occurrences | Potential Output Occurrences |
|:----------:|:--------------:|:---------------------:|:---------------------:|:----------------------------:|
| iv_008-iv_010 | 2103 | 4863 | 54 | 61 |
| iv_002-iv_006 | 2139 | 5280 | 48 | 75 |
| iv_006-iv_010 | 2115 | 4901 | 47 | 74 |
| iv_004-iv_008 | 2083 | 4936 | 47 | 74 |
| iv_002-iv_010 | 2119 | 5205 | 46 | 77 |
| iv_001-iv_006 | 2239 | 4747 | 46 | 68 |
| iv_002-iv_008 | 2152 | 5192 | 45 | 82 |
| iv_002-iv_007 | 2057 | 5189 | 45 | 73 |
| iv_001-iv_010 | 2122 | 4866 | 44 | 70 |

### Input Bit Output Co-occurrences Sorted by Potential Output Occurrences

| Input Bits | Co-occurrences | Potential Occurrences | Output Co-occurrences | Potential Output Occurrences |
|:----------:|:--------------:|:---------------------:|:---------------------:|:----------------------------:|
| iv_008-iv_010 | 2103 | 4863 | 54 | 61 |
| iv_001-iv_006 | 2239 | 4747 | 46 | 68 |
| iv_001-iv_010 | 2122 | 4866 | 44 | 70 |
| iv_007-iv_011 | 1952 | 5151 | 34 | 72 |
| iv_002-iv_007 | 2057 | 5189 | 45 | 73 |
| iv_002-iv_011 | 2207 | 5208 | 38 | 73 |
| iv_004-iv_011 | 2186 | 4856 | 36 | 73 |
| iv_008-iv_011 | 2007 | 5234 | 38 | 73 |
| iv_006-iv_010 | 2115 | 4901 | 47 | 74 |

## Output Bits

### Output Bits in Regular Order

| Rank | Output Bit | Complexity |
|:----:|:----------:|:----------:|
| 1 | ov_001 | 1.9962478415698813 × 10^354 |
| 2 | ov_002 | 1.7489823405041122 × 10^354 |
| 3 | ov_003 | 1.52581935519759 × 10^354 |
| 4 | ov_004 | 1.3245380446176893 × 10^354 |
| 5 | ov_005 | 1.143044726552297 × 10^354 |
| 6 | ov_006 | 9.793637601332869 × 10^353 |
| 7 | ov_007 | 8.325357603923254 × 10^353 |
| 8 | ov_008 | 7.016544032406308 × 10^353 |
| 9 | ov_009 | 5.858630772752072 × 10^353 |
| 10 | ov_010 | 4.843519713252575 × 10^353 |
| 11 | ov_011 | 3.963555730236335 × 10^353 |
| 12 | ov_012 | 3.211505498722437 × 10^353 |
| 13 | ov_013 | 2.5740998688205157 × 10^353 |
| 14 | ov_014 | 2.038836432565066 × 10^353 |
| 15 | ov_015 | 1.5939578274106917 × 10^353 |
| 16 | ov_016 | 1.2284343634283313 × 10^353 |
| 17 | ov_017 | 9.319503483903236 × 10^352 |
| 18 | ov_018 | 6.948935349500578 × 10^352 |
| 19 | ov_019 | 5.083471640172811 × 10^352 |
| 20 | ov_020 | 3.6408412824723097 × 10^352 |
| 21 | ov_021 | 2.5456282932802546 × 10^352 |
| 22 | ov_022 | 1.7292435248363 × 10^352 |
| 23 | ov_023 | 1.1299063132132934 × 10^352 |
| 24 | ov_024 | 6.926332585169792 × 10^351 |
| 25 | ov_025 | 3.9163094121475546 × 10^351 |
| 26 | ov_026 | 2.0450028210653967 × 10^351 |
| 27 | ov_027 | 9.662250425506777 × 10^350 |
| 28 | ov_028 | 4.0164342340281183 × 10^350 |
| 29 | ov_029 | 1.4077851118403731 × 10^350 |
| 30 | ov_030 | 3.87619117650935 × 10^349 |
| 31 | ov_031 | 7.587002412546866 × 10^348 |
| 32 | lv_80_m31 | 1.4850253787144243 × 10^348 |
| 33 | ov_033 | 1.854493732731976 × 10^349 |
| 34 | ov_034 | 1.6303272971738574 × 10^349 |
| 35 | ov_035 | 1.4279072418008152 × 10^349 |
| 36 | ov_036 | 1.2452773895816911 × 10^349 |
| 37 | ov_037 | 1.0805872998773354 × 10^349 |
| 38 | ov_038 | 9.32084761983556 × 10^348 |
| 39 | ov_039 | 7.981092993463573 × 10^348 |
| 40 | ov_040 | 6.778528553673079 × 10^348 |
| 41 | ov_041 | 5.705491640962465 × 10^348 |
| 42 | ov_042 | 4.754715685998802 × 10^348 |
| 43 | ov_043 | 3.919311891902996 × 10^348 |
| 44 | ov_044 | 3.1927540264138275 × 10^348 |
| 45 | ov_045 | 2.568865957957335 × 10^348 |
| 46 | ov_046 | 2.041811591823681 × 10^348 |
| 47 | ov_047 | 1.600908683341274 × 10^348 |
| 48 | ov_048 | 1.2361219622841799 × 10^348 |
| 49 | ov_049 | 9.380549503404121 × 10^347 |
| 50 | ov_050 | 6.979440185898422 × 10^347 |
| 51 | ov_051 | 5.076542297000567 × 10^347 |
| 52 | ov_052 | 3.596765507752127 × 10^347 |
| 53 | ov_053 | 2.4712606390807916 × 10^347 |
| 54 | ov_054 | 1.6374084253146892 × 10^347 |
| 55 | ov_055 | 1.0388122622699415 × 10^347 |
| 56 | ov_056 | 6.252933317990529 × 10^346 |
| 57 | ov_057 | 3.528874062642467 × 10^346 |
| 58 | ov_058 | 1.838429265817745 × 10^346 |
| 59 | ov_059 | 8.661996750436591 × 10^345 |
| 60 | ov_060 | 3.5889755765664274 × 10^345 |
| 61 | ov_061 | 1.253448522592011 × 10^345 |
| 62 | ov_062 | 3.437890728149091 × 10^344 |
| 63 | ov_063 | 6.699474840667154 × 10^343 |
| 64 | lv_79_m31 | 1.3052451827883342 × 10^343 |
| 65 | ov_065 | 1.5481549206335113 × 10^344 |
| 66 | ov_066 | 1.5481479709907408 × 10^344 |
| 67 | ov_067 | 1.5481457369197895 × 10^344 |
| 68 | ov_068 | 1.3387758051569095 × 10^344 |
| 69 | ov_069 | 1.1515986865018366 × 10^344 |
| 70 | ov_070 | 9.848955387171502 × 10^343 |
| 71 | ov_071 | 8.370461278410903 × 10^343 |
| 72 | ov_072 | 7.065216095428605 × 10^343 |
| 73 | ov_073 | 5.918781051944575 × 10^343 |
| 74 | ov_074 | 4.917510290487134 × 10^343 |
| 75 | ov_075 | 4.048501253508318 × 10^343 |
| 76 | ov_076 | 3.299551765292778 × 10^343 |
| 77 | ov_077 | 2.6591233771866067 × 10^343 |
| 78 | ov_078 | 2.1163103927537064 × 10^343 |
| 79 | ov_079 | 1.6608139437471077 × 10^343 |
| 80 | ov_080 | 1.2829205271926577 × 10^343 |
| 81 | ov_081 | 9.7348445242057 × 10^342 |
| 82 | ov_082 | 7.239136847407106 × 10^342 |
| 83 | ov_083 | 5.261586098049482 × 10^342 |
| 84 | ov_084 | 3.727032796695077 × 10^342 |
| 85 | ov_085 | 2.5655873827022494 × 10^342 |
| 86 | ov_086 | 1.7125806053832008 × 10^342 |
| 87 | ov_087 | 1.1085277577745206 × 10^342 |
| 88 | ov_088 | 6.991038224058975 × 10^341 |
| 89 | ov_089 | 4.3512696118835386 × 10^341 |
| 90 | ov_090 | 2.7254814404256945 × 10^341 |
| 91 | ov_091 | 1.7244507328194516 × 10^341 |
| 92 | ov_092 | 1.010189231180515 × 10^341 |
| 93 | ov_093 | 5.314844122680562 × 10^340 |
| 94 | ov_094 | 2.3712599272970234 × 10^340 |
| 95 | aaa_78_28 | 7.590427803134145 × 10^339 |
| 96 | aaa_78_29 | 2.8567522548780986 × 10^339 |
| 97 | ov_097 | 2.7727763586035465 × 10^339 |
| 98 | ov_098 | 2.772768368823856 × 10^339 |
| 99 | ov_099 | 2.772766428762233 × 10^339 |
| 100 | ov_100 | 2.4337356982950206 × 10^339 |
| 101 | ov_101 | 2.1279404178105348 × 10^339 |
| 102 | ov_102 | 1.8523811680076799 × 10^339 |
| 103 | ov_103 | 1.6042310812913818 × 10^339 |
| 104 | ov_104 | 1.3808239861445305 × 10^339 |
| 105 | ov_105 | 1.1796438197256722 × 10^339 |
| 106 | ov_106 | 9.994688306788652 × 10^338 |
| 107 | ov_107 | 8.391454054781609 × 10^338 |
| 108 | ov_108 | 6.975841702946164 × 10^338 |
| 109 | ov_109 | 5.737565774676378 × 10^338 |
| 110 | ov_110 | 4.666919393103389 × 10^338 |
| 111 | ov_111 | 3.754748741910593 × 10^338 |
| 112 | ov_112 | 2.98432187355862 × 10^338 |
| 113 | ov_113 | 2.3399178885411032 × 10^338 |
| 114 | ov_114 | 1.8067997419574536 × 10^338 |
| 115 | ov_115 | 1.3711926121815742 × 10^338 |
| 116 | ov_116 | 1.0202671541883813 × 10^338 |
| 117 | ov_117 | 7.421268636239391 × 10^337 |
| 118 | ov_118 | 5.257987995650081 × 10^337 |
| 119 | ov_119 | 3.612269924141734 × 10^337 |
| 120 | ov_120 | 2.3926794175305376 × 10^337 |
| 121 | ov_121 | 1.516876872841443 × 10^337 |
| 122 | ov_122 | 9.116001426477322 × 10^336 |
| 123 | ov_123 | 5.126543309312582 × 10^336 |
| 124 | ov_124 | 2.6490650633528844 × 10^336 |
| 125 | ov_125 | 1.2228326566310823 × 10^336 |
| 126 | ov_126 | 4.776976895603018 × 10^335 |
| 127 | aaa_77_28 | 1.3409427442788116 × 10^335 |
| 128 | aaa_77_29 | 4.0895849475406286 × 10^334 |
| 129 | ov_129 | 2.5000508192188356 × 10^334 |
| 130 | ov_130 | 2.5000419697500863 × 10^334 |
| 131 | ov_131 | 2.500039812957757 × 10^334 |
| 132 | ov_132 | 2.1962145641416452 × 10^334 |
| 133 | ov_133 | 1.924527585845689 × 10^334 |
| 134 | ov_134 | 1.68173296029179 × 10^334 |
| 135 | ov_135 | 1.4647734784704703 × 10^334 |
| 136 | ov_136 | 1.2707673160902601 × 10^334 |
| 137 | ov_137 | 1.096996121882163 × 10^334 |
| 138 | ov_138 | 9.40894425156301 × 10^333 |
| 139 | ov_139 | 8.01216466279191 × 10^333 |
| 140 | ov_140 | 6.767860533788409 × 10^333 |
| 141 | ov_141 | 5.664927321538468 × 10^333 |
| 142 | ov_142 | 4.692884707833552 × 10^333 |
| 143 | ov_143 | 3.841848237441611 × 10^333 |
| 144 | ov_144 | 3.1025054047479605 × 10^333 |
| 145 | ov_145 | 2.4660958692888293 × 10^333 |
| 146 | ov_146 | 1.924395437018032 × 10^333 |
| 147 | ov_147 | 1.4697033411524441 × 10^333 |
| 148 | ov_148 | 1.0948323279763297 × 10^333 |
| 149 | ov_149 | 7.93101093952107 × 10^332 |
| 150 | ov_150 | 5.583286614000797 × 10^332 |
| 151 | ov_151 | 3.7963905782742017 × 10^332 |
| 152 | ov_152 | 2.4714132715326887 × 10^332 |
| 153 | ov_153 | 1.5192647333896764 × 10^332 |
| 154 | ov_154 | 8.606558806644195 × 10^331 |
| 155 | ov_155 | 4.2608784506761524 × 10^331 |
| 156 | aaa_76_25 | 1.55846552461198 × 10^331 |
| 157 | aaa_76_26 | 8.160256482233155 × 10^330 |
| 158 | aaa_76_27 | 3.7728495727098618 × 10^330 |
| 159 | aaa_76_28 | 1.4766187722092337 × 10^330 |
| 160 | aaa_76_29 | 4.5165434273412514 × 10^329 |

### Output Bits Sorted by Complexity

| Rank | Output Bit | Complexity |
|:----:|:----------:|:----------:|
| 160 | aaa_76_29 | 4.5165434273412514 × 10^329 |
| 159 | aaa_76_28 | 1.4766187722092337 × 10^330 |
| 158 | aaa_76_27 | 3.7728495727098618 × 10^330 |
| 157 | aaa_76_26 | 8.160256482233155 × 10^330 |
| 156 | aaa_76_25 | 1.55846552461198 × 10^331 |
| 155 | ov_155 | 4.2608784506761524 × 10^331 |
| 154 | ov_154 | 8.606558806644195 × 10^331 |
| 153 | ov_153 | 1.5192647333896764 × 10^332 |
| 152 | ov_152 | 2.4714132715326887 × 10^332 |
| 151 | ov_151 | 3.7963905782742017 × 10^332 |
| 150 | ov_150 | 5.583286614000797 × 10^332 |
| 149 | ov_149 | 7.93101093952107 × 10^332 |
| 148 | ov_148 | 1.0948323279763297 × 10^333 |
| 147 | ov_147 | 1.4697033411524441 × 10^333 |
| 146 | ov_146 | 1.924395437018032 × 10^333 |
| 145 | ov_145 | 2.4660958692888293 × 10^333 |
| 144 | ov_144 | 3.1025054047479605 × 10^333 |
| 143 | ov_143 | 3.841848237441611 × 10^333 |
| 142 | ov_142 | 4.692884707833552 × 10^333 |
| 141 | ov_141 | 5.664927321538468 × 10^333 |
| 140 | ov_140 | 6.767860533788409 × 10^333 |
| 139 | ov_139 | 8.01216466279191 × 10^333 |
| 138 | ov_138 | 9.40894425156301 × 10^333 |
| 137 | ov_137 | 1.096996121882163 × 10^334 |
| 136 | ov_136 | 1.2707673160902601 × 10^334 |
| 135 | ov_135 | 1.4647734784704703 × 10^334 |
| 134 | ov_134 | 1.68173296029179 × 10^334 |
| 133 | ov_133 | 1.924527585845689 × 10^334 |
| 132 | ov_132 | 2.1962145641416452 × 10^334 |
| 131 | ov_131 | 2.500039812957757 × 10^334 |
| 130 | ov_130 | 2.5000419697500863 × 10^334 |
| 129 | ov_129 | 2.5000508192188356 × 10^334 |
| 128 | aaa_77_29 | 4.0895849475406286 × 10^334 |
| 127 | aaa_77_28 | 1.3409427442788116 × 10^335 |
| 126 | ov_126 | 4.776976895603018 × 10^335 |
| 125 | ov_125 | 1.2228326566310823 × 10^336 |
| 124 | ov_124 | 2.6490650633528844 × 10^336 |
| 123 | ov_123 | 5.126543309312582 × 10^336 |
| 122 | ov_122 | 9.116001426477322 × 10^336 |
| 121 | ov_121 | 1.516876872841443 × 10^337 |
| 120 | ov_120 | 2.3926794175305376 × 10^337 |
| 119 | ov_119 | 3.612269924141734 × 10^337 |
| 118 | ov_118 | 5.257987995650081 × 10^337 |
| 117 | ov_117 | 7.421268636239391 × 10^337 |
| 116 | ov_116 | 1.0202671541883813 × 10^338 |
| 115 | ov_115 | 1.3711926121815742 × 10^338 |
| 114 | ov_114 | 1.8067997419574536 × 10^338 |
| 113 | ov_113 | 2.3399178885411032 × 10^338 |
| 112 | ov_112 | 2.98432187355862 × 10^338 |
| 111 | ov_111 | 3.754748741910593 × 10^338 |
| 110 | ov_110 | 4.666919393103389 × 10^338 |
| 109 | ov_109 | 5.737565774676378 × 10^338 |
| 108 | ov_108 | 6.975841702946164 × 10^338 |
| 107 | ov_107 | 8.391454054781609 × 10^338 |
| 106 | ov_106 | 9.994688306788652 × 10^338 |
| 105 | ov_105 | 1.1796438197256722 × 10^339 |
| 104 | ov_104 | 1.3808239861445305 × 10^339 |
| 103 | ov_103 | 1.6042310812913818 × 10^339 |
| 102 | ov_102 | 1.8523811680076799 × 10^339 |
| 101 | ov_101 | 2.1279404178105348 × 10^339 |
| 100 | ov_100 | 2.4337356982950206 × 10^339 |
| 99 | ov_099 | 2.772766428762233 × 10^339 |
| 98 | ov_098 | 2.772768368823856 × 10^339 |
| 97 | ov_097 | 2.7727763586035465 × 10^339 |
| 96 | aaa_78_29 | 2.8567522548780986 × 10^339 |
| 95 | aaa_78_28 | 7.590427803134145 × 10^339 |
| 94 | ov_094 | 2.3712599272970234 × 10^340 |
| 93 | ov_093 | 5.314844122680562 × 10^340 |
| 92 | ov_092 | 1.010189231180515 × 10^341 |
| 91 | ov_091 | 1.7244507328194516 × 10^341 |
| 90 | ov_090 | 2.7254814404256945 × 10^341 |
| 89 | ov_089 | 4.3512696118835386 × 10^341 |
| 88 | ov_088 | 6.991038224058975 × 10^341 |
| 87 | ov_087 | 1.1085277577745206 × 10^342 |
| 86 | ov_086 | 1.7125806053832008 × 10^342 |
| 85 | ov_085 | 2.5655873827022494 × 10^342 |
| 84 | ov_084 | 3.727032796695077 × 10^342 |
| 83 | ov_083 | 5.261586098049482 × 10^342 |
| 82 | ov_082 | 7.239136847407106 × 10^342 |
| 81 | ov_081 | 9.7348445242057 × 10^342 |
| 80 | ov_080 | 1.2829205271926577 × 10^343 |
| 64 | lv_79_m31 | 1.3052451827883342 × 10^343 |
| 79 | ov_079 | 1.6608139437471077 × 10^343 |
| 78 | ov_078 | 2.1163103927537064 × 10^343 |
| 77 | ov_077 | 2.6591233771866067 × 10^343 |
| 76 | ov_076 | 3.299551765292778 × 10^343 |
| 75 | ov_075 | 4.048501253508318 × 10^343 |
| 74 | ov_074 | 4.917510290487134 × 10^343 |
| 73 | ov_073 | 5.918781051944575 × 10^343 |
| 63 | ov_063 | 6.699474840667154 × 10^343 |
| 72 | ov_072 | 7.065216095428605 × 10^343 |
| 71 | ov_071 | 8.370461278410903 × 10^343 |
| 70 | ov_070 | 9.848955387171502 × 10^343 |
| 69 | ov_069 | 1.1515986865018366 × 10^344 |
| 68 | ov_068 | 1.3387758051569095 × 10^344 |
| 67 | ov_067 | 1.5481457369197895 × 10^344 |
| 66 | ov_066 | 1.5481479709907408 × 10^344 |
| 65 | ov_065 | 1.5481549206335113 × 10^344 |
| 62 | ov_062 | 3.437890728149091 × 10^344 |
| 61 | ov_061 | 1.253448522592011 × 10^345 |
| 60 | ov_060 | 3.5889755765664274 × 10^345 |
| 59 | ov_059 | 8.661996750436591 × 10^345 |
| 58 | ov_058 | 1.838429265817745 × 10^346 |
| 57 | ov_057 | 3.528874062642467 × 10^346 |
| 56 | ov_056 | 6.252933317990529 × 10^346 |
| 55 | ov_055 | 1.0388122622699415 × 10^347 |
| 54 | ov_054 | 1.6374084253146892 × 10^347 |
| 53 | ov_053 | 2.4712606390807916 × 10^347 |
| 52 | ov_052 | 3.596765507752127 × 10^347 |
| 51 | ov_051 | 5.076542297000567 × 10^347 |
| 50 | ov_050 | 6.979440185898422 × 10^347 |
| 49 | ov_049 | 9.380549503404121 × 10^347 |
| 48 | ov_048 | 1.2361219622841799 × 10^348 |
| 32 | lv_80_m31 | 1.4850253787144243 × 10^348 |
| 47 | ov_047 | 1.600908683341274 × 10^348 |
| 46 | ov_046 | 2.041811591823681 × 10^348 |
| 45 | ov_045 | 2.568865957957335 × 10^348 |
| 44 | ov_044 | 3.1927540264138275 × 10^348 |
| 43 | ov_043 | 3.919311891902996 × 10^348 |
| 42 | ov_042 | 4.754715685998802 × 10^348 |
| 41 | ov_041 | 5.705491640962465 × 10^348 |
| 40 | ov_040 | 6.778528553673079 × 10^348 |
| 31 | ov_031 | 7.587002412546866 × 10^348 |
| 39 | ov_039 | 7.981092993463573 × 10^348 |
| 38 | ov_038 | 9.32084761983556 × 10^348 |
| 37 | ov_037 | 1.0805872998773354 × 10^349 |
| 36 | ov_036 | 1.2452773895816911 × 10^349 |
| 35 | ov_035 | 1.4279072418008152 × 10^349 |
| 34 | ov_034 | 1.6303272971738574 × 10^349 |
| 33 | ov_033 | 1.854493732731976 × 10^349 |
| 30 | ov_030 | 3.87619117650935 × 10^349 |
| 29 | ov_029 | 1.4077851118403731 × 10^350 |
| 28 | ov_028 | 4.0164342340281183 × 10^350 |
| 27 | ov_027 | 9.662250425506777 × 10^350 |
| 26 | ov_026 | 2.0450028210653967 × 10^351 |
| 25 | ov_025 | 3.9163094121475546 × 10^351 |
| 24 | ov_024 | 6.926332585169792 × 10^351 |
| 23 | ov_023 | 1.1299063132132934 × 10^352 |
| 22 | ov_022 | 1.7292435248363 × 10^352 |
| 21 | ov_021 | 2.5456282932802546 × 10^352 |
| 20 | ov_020 | 3.6408412824723097 × 10^352 |
| 19 | ov_019 | 5.083471640172811 × 10^352 |
| 18 | ov_018 | 6.948935349500578 × 10^352 |
| 17 | ov_017 | 9.319503483903236 × 10^352 |
| 16 | ov_016 | 1.2284343634283313 × 10^353 |
| 15 | ov_015 | 1.5939578274106917 × 10^353 |
| 14 | ov_014 | 2.038836432565066 × 10^353 |
| 13 | ov_013 | 2.5740998688205157 × 10^353 |
| 12 | ov_012 | 3.211505498722437 × 10^353 |
| 11 | ov_011 | 3.963555730236335 × 10^353 |
| 10 | ov_010 | 4.843519713252575 × 10^353 |
| 9 | ov_009 | 5.858630772752072 × 10^353 |
| 8 | ov_008 | 7.016544032406308 × 10^353 |
| 7 | ov_007 | 8.325357603923254 × 10^353 |
| 6 | ov_006 | 9.793637601332869 × 10^353 |
| 5 | ov_005 | 1.143044726552297 × 10^354 |
| 4 | ov_004 | 1.3245380446176893 × 10^354 |
| 3 | ov_003 | 1.52581935519759 × 10^354 |
| 2 | ov_002 | 1.7489823405041122 × 10^354 |
| 1 | ov_001 | 1.9962478415698813 × 10^354 |

