# Results for O001006-E004005-E009012-F013-F014-F015-F016-F017-F018-F019-F020-F021-F022-F023-F024-F025-F026-F027-F028-F029-F030-F031-F032-F033-F034-F035-F036-F037-F038-F039-F040-F041-F042-F043-F044-F045-F046-F047-F048-F049-F050-F051-F052-F053-F054-F055-F056-F057-F058-F059-F060-F061-F062-F063-F064-F065-F066-F067-F068-F069-F070-F071-F072-F073-F074-F075-F076-F077-F078-F079-F080-F081-F082-F083-F084-F085-F086-F087-F088-F089-F090-F091-F092-F093-F094-F095-F096-F097-F098-F099-F100-F101-F102-F103-F104-F105-F106-F107-F108-F109-F110-F111-F112-F113-F114-F115-F116-F117-F118-F119-F120-F121-F122-F123-F124-F125-F126-F127-F128-F129-F130-F131-F132-F133-F134-F135-F136-F137-F138-F139-F140-F141-F142-F143-F144-F145-F146-F147-F148-F149-F150-F151-F152-F153-F154-F155-F156-F157-F158-F159-F160-F161-F162-F163-F164-F165-F166-F167-F168-F169-F170-F171-F172-F173-F174-F175-F176-F177-F178-F179-F180-F181-F182-F183-F184-F185-F186-F187-F188-F189-F190-F191-F192-F193-F194-F195-F196-F197-F198-F199-F200-F201-F202-F203-F204-F205-F206-F207-F208-F209-F210-F211-F212-F213-F214-F215-F216-F217-F218-F219-F220-F221-F222-F223-F224-F225-F226-F227-F228-F229-F230-F231-F232-F233-F234-F235-F236-F237-F238-F239-F240-F241-F242-F243-F244-F245-F246-F247-F248-F249-F250-F251-F252-F253-F254-F255-F256-F257-F258-F259-F260-F261-F262-F263-F264-F265-F266-F267-F268-F269-F270-F271-F272-F273-F274-F275-F276-F277-F278-F279-F280-F281-F282-F283-F284-F285-F286-F287-F288-F289-F290-F291-F292-F293-F294-F295-F296-F297-F298-F299-F300-F301-F302-F303-F304-F305-F306-F307-F308-F309-F310-F311-F312-F313-F314-F315-F316-F317-F318-F319-F320-F321-F322-F323-F324-F325-F326-F327-F328-F329-F330-F331-F332-F333-F334-F335-F336-F337-F338-F339-F340-F341-F342-F343-F344-F345-F346-F347-F348-F349-F350-F351-F352-F353-F354-F355-F356-F357-F358-F359-F360-F361-F362-F363-F364-F365-F366-F367-F368-F369-F370-F371-F372-F373-F374-F375-F376-F377-F378-F379-F380-F381-F382-F383-F384-F385-F386-F387-F388-F389-F390-F391-F392-F393-F394-F395-F396-F397-F398-F399-F400-F401-F402-F403-F404-F405-F406-F407-F408-F409-F410-F411-F412-F413-F414-F415-F416-F417-F418-F419-F420-F421-F422-F423-F424-F425-F426-F427-F428-F429-F430-F431-F432-F433-F434-F435-F436-F437-F438-F439-F440-F441-F442-F443-F444-F445-F446-F447-F448-F449-F450-F451-F452-F453-F454-F455-F456-F457-F458-F459-F460-F461-F462-F463-F464-F465-F466-F467-F468-F469-F470-F471-F472-F473-F474-F475-F476-F477-F478-F479-F480-F481-F482-F483-F484-F485-F486-F487-F488-F489-F490-F491-F492-F493-F494-F495-F496-F497-F498-F499-F500-F501-F502-F503-F504-F505-F506-F507-F508-F509-F510-F511-F512

## Summary

Number of input bits: 512  
Number of free input bits: 9  
Number of output bits: 160

Number of direct occurrences: 41630  
Number of assignments: 38402  
Number of operations: 19079177
(xor: 19039486,
and: 23502,
or: 16189)

Total complexity: 1.3357784710311465 × 10^355

Least occurring input variable: iv_007 (4376)  
Most occurring input variable: iv_009 (4997)

Most co-occurring input variables: iv_002-iv_009 (2355)  
Least co-occurring input variables: iv_004-iv_007 (1947)

Potentially most occurring input variable: iv_001/iv_009 (5324)  
Potentially least occurring input variable: iv_002/iv_007 (4583)

Least output occurring input variable: iv_009 (65)  
Most output occurring input variable: iv_003 (87)

Most output co-occurring input variables: iv_002-iv_003 (50)  
Least output co-occurring input variables: iv_004-iv_009 (20)

Potentially most output occurring input variable: iv_004/iv_009 (91)  
Potentially least output occurring input variable: iv_001/iv_010 (67)

Least complex input bit: iv_002 (7.366759147061418 × 10^352)  
Most complex input bit: iv_009 (4.1690297728969585 × 10^354)

Least complex output bit: aaa_76_29 (4.592795106040412 × 10^329)  
Most complex output bit: ov_001 (2.035235661245492 × 10^354)

Least complex input/output complexity: iv_002/aaa_76_29 (2.5329061735726347 × 10^327)  
Most complex input/output complexity: iv_009/ov_001 (6.352069785975925 × 10^353)

## Input Bits

### Input Bits in Regular Order

| Input Bit | Complexity | Occurrences | Output Occurrences |
|:---------:|:----------:|:-----------:|:------------------:|
| iv_001 | 9.607801049255623 × 10^353 | 4759 | 71 |
| iv_002 | 7.366759147061418 × 10^352 | 4629 | 80 |
| iv_003 | 2.082650502938005 × 10^353 | 4703 | 87 |
| iv_004 | 8.973520605622867 × 10^353 | 4469 | 66 |
| iv_007 | 1.2315974776134146 × 10^354 | 4376 | 75 |
| iv_008 | 1.5612927776860563 × 10^354 | 4470 | 66 |
| iv_009 | 4.1690297728969585 × 10^354 | 4997 | 65 |
| iv_010 | 2.0614539830318786 × 10^354 | 4511 | 80 |
| iv_011 | 2.1943458918309237 × 10^354 | 4716 | 70 |

### Input Bits Sorted by Complexity

| Input Bit | Complexity | Occurrences | Output Occurrences |
|:---------:|:----------:|:-----------:|:------------------:|
| iv_002 | 7.366759147061418 × 10^352 | 4629 | 80 |
| iv_003 | 2.082650502938005 × 10^353 | 4703 | 87 |
| iv_004 | 8.973520605622867 × 10^353 | 4469 | 66 |
| iv_001 | 9.607801049255623 × 10^353 | 4759 | 71 |
| iv_007 | 1.2315974776134146 × 10^354 | 4376 | 75 |
| iv_008 | 1.5612927776860563 × 10^354 | 4470 | 66 |
| iv_010 | 2.0614539830318786 × 10^354 | 4511 | 80 |
| iv_011 | 2.1943458918309237 × 10^354 | 4716 | 70 |
| iv_009 | 4.1690297728969585 × 10^354 | 4997 | 65 |

### Input Bits Sorted by Occurrences

| Input Bit | Complexity | Occurrences | Output Occurrences |
|:---------:|:----------:|:-----------:|:------------------:|
| iv_007 | 1.2315974776134146 × 10^354 | 4376 | 75 |
| iv_004 | 8.973520605622867 × 10^353 | 4469 | 66 |
| iv_008 | 1.5612927776860563 × 10^354 | 4470 | 66 |
| iv_010 | 2.0614539830318786 × 10^354 | 4511 | 80 |
| iv_002 | 7.366759147061418 × 10^352 | 4629 | 80 |
| iv_003 | 2.082650502938005 × 10^353 | 4703 | 87 |
| iv_011 | 2.1943458918309237 × 10^354 | 4716 | 70 |
| iv_001 | 9.607801049255623 × 10^353 | 4759 | 71 |
| iv_009 | 4.1690297728969585 × 10^354 | 4997 | 65 |

### Input Bits Sorted by Output Occurrences

| Input Bit | Complexity | Occurrences | Output Occurrences |
|:---------:|:----------:|:-----------:|:------------------:|
| iv_009 | 4.1690297728969585 × 10^354 | 4997 | 65 |
| iv_008 | 1.5612927776860563 × 10^354 | 4470 | 66 |
| iv_004 | 8.973520605622867 × 10^353 | 4469 | 66 |
| iv_011 | 2.1943458918309237 × 10^354 | 4716 | 70 |
| iv_001 | 9.607801049255623 × 10^353 | 4759 | 71 |
| iv_007 | 1.2315974776134146 × 10^354 | 4376 | 75 |
| iv_010 | 2.0614539830318786 × 10^354 | 4511 | 80 |
| iv_002 | 7.366759147061418 × 10^352 | 4629 | 80 |
| iv_003 | 2.082650502938005 × 10^353 | 4703 | 87 |

## Input Bit Co-occurrences

### Input Bit Co-occurrences Sorted by Co-occurrences

| Input Bits | Co-occurrences | Potential Occurrences | Output Co-occurrences | Potential Output Occurrences |
|:----------:|:--------------:|:---------------------:|:---------------------:|:----------------------------:|
| iv_002-iv_009 | 2355 | 4916 | 32 | 81 |
| iv_002-iv_003 | 2339 | 4654 | 50 | 67 |
| iv_009-iv_011 | 2268 | 5177 | 24 | 87 |
| iv_003-iv_009 | 2248 | 5204 | 38 | 76 |
| iv_001-iv_011 | 2243 | 4989 | 31 | 79 |
| iv_001-iv_009 | 2216 | 5324 | 26 | 84 |
| iv_002-iv_007 | 2211 | 4583 | 39 | 77 |
| iv_001-iv_002 | 2205 | 4978 | 31 | 89 |
| iv_010-iv_011 | 2196 | 4835 | 37 | 76 |

### Input Bit Co-occurrences Sorted by Potential Occurrences

| Input Bits | Co-occurrences | Potential Occurrences | Output Co-occurrences | Potential Output Occurrences |
|:----------:|:--------------:|:---------------------:|:---------------------:|:----------------------------:|
| iv_002-iv_007 | 2211 | 4583 | 39 | 77 |
| iv_004-iv_010 | 2180 | 4620 | 38 | 70 |
| iv_002-iv_003 | 2339 | 4654 | 50 | 67 |
| iv_007-iv_010 | 2049 | 4789 | 33 | 89 |
| iv_003-iv_008 | 2176 | 4821 | 31 | 91 |
| iv_010-iv_011 | 2196 | 4835 | 37 | 76 |
| iv_002-iv_008 | 2129 | 4841 | 34 | 78 |
| iv_007-iv_008 | 1993 | 4860 | 29 | 83 |
| iv_004-iv_011 | 2155 | 4875 | 27 | 82 |

### Input Bit Output Co-occurrences Sorted by Output Co-occurrences

| Input Bits | Co-occurrences | Potential Occurrences | Output Co-occurrences | Potential Output Occurrences |
|:----------:|:--------------:|:---------------------:|:---------------------:|:----------------------------:|
| iv_002-iv_003 | 2339 | 4654 | 50 | 67 |
| iv_003-iv_007 | 2055 | 4969 | 43 | 76 |
| iv_001-iv_010 | 2103 | 5064 | 42 | 67 |
| iv_003-iv_011 | 2158 | 5103 | 40 | 77 |
| iv_002-iv_007 | 2211 | 4583 | 39 | 77 |
| iv_003-iv_004 | 2119 | 4934 | 38 | 77 |
| iv_003-iv_010 | 2090 | 5034 | 38 | 91 |
| iv_004-iv_010 | 2180 | 4620 | 38 | 70 |
| iv_003-iv_009 | 2248 | 5204 | 38 | 76 |

### Input Bit Output Co-occurrences Sorted by Potential Output Occurrences

| Input Bits | Co-occurrences | Potential Occurrences | Output Co-occurrences | Potential Output Occurrences |
|:----------:|:--------------:|:---------------------:|:---------------------:|:----------------------------:|
| iv_001-iv_010 | 2103 | 5064 | 42 | 67 |
| iv_002-iv_003 | 2339 | 4654 | 50 | 67 |
| iv_004-iv_010 | 2180 | 4620 | 38 | 70 |
| iv_002-iv_004 | 2073 | 4952 | 37 | 72 |
| iv_004-iv_008 | 2001 | 4937 | 29 | 74 |
| iv_007-iv_009 | 2096 | 5181 | 33 | 74 |
| iv_003-iv_007 | 2055 | 4969 | 43 | 76 |
| iv_003-iv_009 | 2248 | 5204 | 38 | 76 |
| iv_001-iv_007 | 2065 | 5005 | 35 | 76 |

## Output Bits

### Output Bits in Regular Order

| Rank | Output Bit | Complexity |
|:----:|:----------:|:----------:|
| 1 | ov_001 | 2.035235661245492 × 10^354 |
| 2 | ov_002 | 1.7831397749680412 × 10^354 |
| 3 | ov_003 | 1.555617159302837 × 10^354 |
| 4 | ov_004 | 1.350403669916782 × 10^354 |
| 5 | ov_005 | 1.165364780808747 × 10^354 |
| 6 | ov_006 | 9.984862925377746 × 10^353 |
| 7 | ov_007 | 8.487900916325273 × 10^353 |
| 8 | ov_008 | 7.153521544724519 × 10^353 |
| 9 | ov_009 | 5.972991353908322 × 10^353 |
| 10 | ov_010 | 4.938053988608079 × 10^353 |
| 11 | ov_011 | 4.04090470541067 × 10^353 |
| 12 | ov_012 | 3.274168780798161 × 10^353 |
| 13 | ov_013 | 2.6243176400254886 × 10^353 |
| 14 | ov_014 | 2.078604429739775 × 10^353 |
| 15 | ov_015 | 1.6250419069934906 × 10^353 |
| 16 | ov_016 | 1.252384733571087 × 10^353 |
| 17 | ov_017 | 9.501155381141629 × 10^352 |
| 18 | ov_018 | 7.084341595095059 × 10^352 |
| 19 | ov_019 | 5.182495358326276 × 10^352 |
| 20 | ov_020 | 3.71173753873643 × 10^352 |
| 21 | ov_021 | 2.595178249494308 × 10^352 |
| 22 | ov_022 | 1.762888033482391 × 10^352 |
| 23 | ov_023 | 1.151879143739223 × 10^352 |
| 24 | ov_024 | 7.060940956561482 × 10^351 |
| 25 | ov_025 | 3.992356556756256 × 10^351 |
| 26 | ov_026 | 2.0846734082903925 × 10^351 |
| 27 | ov_027 | 9.849471949043761 × 10^350 |
| 28 | ov_028 | 4.094162392167197 × 10^350 |
| 29 | ov_029 | 1.4349954435619955 × 10^350 |
| 30 | ov_030 | 3.951023502006026 × 10^349 |
| 31 | ov_031 | 7.733300609261126 × 10^348 |
| 32 | lv_80_m31 | 1.5136286364289965 × 10^348 |
| 33 | ov_033 | 1.8903236303698546 × 10^349 |
| 34 | ov_034 | 1.6617166408172564 × 10^349 |
| 35 | ov_035 | 1.4553214705409536 × 10^349 |
| 36 | ov_036 | 1.2691326378506172 × 10^349 |
| 37 | ov_037 | 1.101254031559737 × 10^349 |
| 38 | ov_038 | 9.49891167894815 × 10^348 |
| 39 | ov_039 | 8.133444649470139 × 10^348 |
| 40 | ov_040 | 6.907870771112755 × 10^348 |
| 41 | ov_041 | 5.81435367950317 × 10^348 |
| 42 | ov_042 | 4.845466244364792 × 10^348 |
| 43 | ov_043 | 3.9941712621387674 × 10^348 |
| 44 | ov_044 | 3.2538053145317786 × 10^348 |
| 45 | ov_045 | 2.6180654312509694 × 10^348 |
| 46 | ov_046 | 2.0809982171469518 × 10^348 |
| 47 | ov_047 | 1.6317125494224605 × 10^348 |
| 48 | ov_048 | 1.25997994158855 × 10^348 |
| 49 | ov_049 | 9.562252504767353 × 10^347 |
| 50 | ov_050 | 7.115197823075006 × 10^347 |
| 51 | ov_051 | 5.175763479972313 × 10^347 |
| 52 | ov_052 | 3.667458586294502 × 10^347 |
| 53 | ov_053 | 2.520150926471122 × 10^347 |
| 54 | ov_054 | 1.670053068821215 × 10^347 |
| 55 | ov_055 | 1.0597140405585325 × 10^347 |
| 56 | ov_056 | 6.380142808775055 × 10^346 |
| 57 | ov_057 | 3.601624859600078 × 10^346 |
| 58 | ov_058 | 1.876937117252492 × 10^346 |
| 59 | ov_059 | 8.846835262451679 × 10^345 |
| 60 | ov_060 | 3.667166618274786 × 10^345 |
| 61 | ov_061 | 1.281359063605976 × 10^345 |
| 62 | ov_062 | 3.516162301257773 × 10^344 |
| 63 | ov_063 | 6.8556964282187 × 10^343 |
| 64 | lv_79_m31 | 1.3364186718944816 × 10^343 |
| 65 | ov_065 | 1.5996895796947574 × 10^344 |
| 66 | ov_066 | 1.5996827259554723 × 10^344 |
| 67 | ov_067 | 1.5996805233291482 × 10^344 |
| 68 | ov_068 | 1.3871533366093807 × 10^344 |
| 69 | ov_069 | 1.1968024744676568 × 10^344 |
| 70 | ov_070 | 1.0269274410506993 × 10^344 |
| 71 | ov_071 | 8.759252670632362 × 10^343 |
| 72 | ov_072 | 7.422833998540586 × 10^343 |
| 73 | ov_073 | 6.245733785950869 × 10^343 |
| 74 | ov_074 | 5.214452501950151 × 10^343 |
| 75 | ov_075 | 4.3162268406850694 × 10^343 |
| 76 | ov_076 | 3.538987462402575 × 10^343 |
| 77 | ov_077 | 2.8713228726889514 × 10^343 |
| 78 | ov_078 | 2.3024488465063863 × 10^343 |
| 79 | ov_079 | 1.8221827571214528 × 10^343 |
| 80 | ov_080 | 1.4209222101059265 × 10^343 |
| 81 | ov_081 | 1.0896274217894482 × 10^343 |
| 82 | ov_082 | 8.198068781980568 × 10^342 |
| 83 | ov_083 | 6.035059066453711 × 10^342 |
| 84 | ov_084 | 4.332977716024013 × 10^342 |
| 85 | ov_085 | 3.022768856569073 × 10^342 |
| 86 | ov_086 | 2.0405376351438222 × 10^342 |
| 87 | ov_087 | 1.3275138401026644 × 10^342 |
| 88 | ov_088 | 8.30026620438599 × 10^341 |
| 89 | ov_089 | 4.99487692403392 × 10^341 |
| 90 | ov_090 | 2.9238079019143257 × 10^341 |
| 91 | ov_091 | 1.7025548608159859 × 10^341 |
| 92 | ov_092 | 9.972387400132299 × 10^340 |
| 93 | ov_093 | 5.245897593959372 × 10^340 |
| 94 | ov_094 | 2.3400755735833907 × 10^340 |
| 95 | aaa_78_28 | 7.48923712153747 × 10^339 |
| 96 | aaa_78_29 | 2.8179657139793116 × 10^339 |
| 97 | ov_097 | 2.7412710338380383 × 10^339 |
| 98 | ov_098 | 2.7412629069755277 × 10^339 |
| 99 | ov_099 | 2.7412609336279474 × 10^339 |
| 100 | ov_100 | 2.4057168717351807 × 10^339 |
| 101 | ov_101 | 2.103396975030259 × 10^339 |
| 102 | ov_102 | 1.8312503740836705 × 10^339 |
| 103 | ov_103 | 1.5864017105363883 × 10^339 |
| 104 | ov_104 | 1.3661390780908302 × 10^339 |
| 105 | ov_105 | 1.1679032534981452 × 10^339 |
| 106 | ov_106 | 9.904515274008112 × 10^338 |
| 107 | ov_107 | 8.326104968288689 × 10^338 |
| 108 | ov_108 | 6.932721002177043 × 10^338 |
| 109 | ov_109 | 5.713901453479441 × 10^338 |
| 110 | ov_110 | 4.6597729229677447 × 10^338 |
| 111 | ov_111 | 3.7610245574042067 × 10^338 |
| 112 | ov_112 | 3.000637360739171 × 10^338 |
| 113 | ov_113 | 2.362620726612963 × 10^338 |
| 114 | ov_114 | 1.831984779121033 × 10^338 |
| 115 | ov_115 | 1.3947183710675778 × 10^338 |
| 116 | ov_116 | 1.0377720506335852 × 10^338 |
| 117 | ov_117 | 7.548596730669971 × 10^337 |
| 118 | ov_118 | 5.34820037176992 × 10^337 |
| 119 | ov_119 | 3.6742464439232035 × 10^337 |
| 120 | ov_120 | 2.4337311974137578 × 10^337 |
| 121 | ov_121 | 1.542902328303402 × 10^337 |
| 122 | ov_122 | 9.272407270246303 × 10^336 |
| 123 | ov_123 | 5.214501006416146 × 10^336 |
| 124 | ov_124 | 2.6945159631255273 × 10^336 |
| 125 | ov_125 | 1.2438132348154264 × 10^336 |
| 126 | ov_126 | 4.8589372627249244 × 10^335 |
| 127 | aaa_77_28 | 1.363949794008152 × 10^335 |
| 128 | aaa_77_29 | 4.15975131867172 × 10^334 |
| 129 | ov_129 | 2.5429304047894304 × 10^334 |
| 130 | ov_130 | 2.5429214061587976 × 10^334 |
| 131 | ov_131 | 2.5429192130789627 × 10^334 |
| 132 | ov_132 | 2.233881502406611 × 10^334 |
| 133 | ov_133 | 1.9575331732459497 × 10^334 |
| 134 | ov_134 | 1.710572789814995 × 10^334 |
| 135 | ov_135 | 1.4898908130119736 × 10^334 |
| 136 | ov_136 | 1.292556054934451 × 10^334 |
| 137 | ov_137 | 1.1158035699514773 × 10^334 |
| 138 | ov_138 | 9.570238873606423 × 10^333 |
| 139 | ov_139 | 8.14949875587179 × 10^333 |
| 140 | ov_140 | 6.8838515476285805 × 10^333 |
| 141 | ov_141 | 5.762002035072298 × 10^333 |
| 142 | ov_142 | 4.7732898928160555 × 10^333 |
| 143 | ov_143 | 3.9076608549324664 × 10^333 |
| 144 | ov_144 | 3.1556424071185954 × 10^333 |
| 145 | ov_145 | 2.5083236750918414 × 10^333 |
| 146 | ov_146 | 1.9573391401276967 × 10^333 |
| 147 | ov_147 | 1.4948557080548 × 10^333 |
| 148 | ov_148 | 1.1135626291306862 × 10^333 |
| 149 | ov_149 | 8.066638078559806 × 10^332 |
| 150 | ov_150 | 5.678720833492936 × 10^332 |
| 151 | ov_151 | 3.861246863893037 × 10^332 |
| 152 | ov_152 | 2.51360812968453 × 10^332 |
| 153 | ov_153 | 1.5451851427081233 × 10^332 |
| 154 | ov_154 | 8.753279096392906 × 10^331 |
| 155 | ov_155 | 4.333450758634093 × 10^331 |
| 156 | aaa_76_25 | 1.584984042221228 × 10^331 |
| 157 | aaa_76_26 | 8.298852582396178 × 10^330 |
| 158 | aaa_76_27 | 3.836795552365832 × 10^330 |
| 159 | aaa_76_28 | 1.5015943318615255 × 10^330 |
| 160 | aaa_76_29 | 4.592795106040412 × 10^329 |

### Output Bits Sorted by Complexity

| Rank | Output Bit | Complexity |
|:----:|:----------:|:----------:|
| 160 | aaa_76_29 | 4.592795106040412 × 10^329 |
| 159 | aaa_76_28 | 1.5015943318615255 × 10^330 |
| 158 | aaa_76_27 | 3.836795552365832 × 10^330 |
| 157 | aaa_76_26 | 8.298852582396178 × 10^330 |
| 156 | aaa_76_25 | 1.584984042221228 × 10^331 |
| 155 | ov_155 | 4.333450758634093 × 10^331 |
| 154 | ov_154 | 8.753279096392906 × 10^331 |
| 153 | ov_153 | 1.5451851427081233 × 10^332 |
| 152 | ov_152 | 2.51360812968453 × 10^332 |
| 151 | ov_151 | 3.861246863893037 × 10^332 |
| 150 | ov_150 | 5.678720833492936 × 10^332 |
| 149 | ov_149 | 8.066638078559806 × 10^332 |
| 148 | ov_148 | 1.1135626291306862 × 10^333 |
| 147 | ov_147 | 1.4948557080548 × 10^333 |
| 146 | ov_146 | 1.9573391401276967 × 10^333 |
| 145 | ov_145 | 2.5083236750918414 × 10^333 |
| 144 | ov_144 | 3.1556424071185954 × 10^333 |
| 143 | ov_143 | 3.9076608549324664 × 10^333 |
| 142 | ov_142 | 4.7732898928160555 × 10^333 |
| 141 | ov_141 | 5.762002035072298 × 10^333 |
| 140 | ov_140 | 6.8838515476285805 × 10^333 |
| 139 | ov_139 | 8.14949875587179 × 10^333 |
| 138 | ov_138 | 9.570238873606423 × 10^333 |
| 137 | ov_137 | 1.1158035699514773 × 10^334 |
| 136 | ov_136 | 1.292556054934451 × 10^334 |
| 135 | ov_135 | 1.4898908130119736 × 10^334 |
| 134 | ov_134 | 1.710572789814995 × 10^334 |
| 133 | ov_133 | 1.9575331732459497 × 10^334 |
| 132 | ov_132 | 2.233881502406611 × 10^334 |
| 131 | ov_131 | 2.5429192130789627 × 10^334 |
| 130 | ov_130 | 2.5429214061587976 × 10^334 |
| 129 | ov_129 | 2.5429304047894304 × 10^334 |
| 128 | aaa_77_29 | 4.15975131867172 × 10^334 |
| 127 | aaa_77_28 | 1.363949794008152 × 10^335 |
| 126 | ov_126 | 4.8589372627249244 × 10^335 |
| 125 | ov_125 | 1.2438132348154264 × 10^336 |
| 124 | ov_124 | 2.6945159631255273 × 10^336 |
| 123 | ov_123 | 5.214501006416146 × 10^336 |
| 122 | ov_122 | 9.272407270246303 × 10^336 |
| 121 | ov_121 | 1.542902328303402 × 10^337 |
| 120 | ov_120 | 2.4337311974137578 × 10^337 |
| 119 | ov_119 | 3.6742464439232035 × 10^337 |
| 118 | ov_118 | 5.34820037176992 × 10^337 |
| 117 | ov_117 | 7.548596730669971 × 10^337 |
| 116 | ov_116 | 1.0377720506335852 × 10^338 |
| 115 | ov_115 | 1.3947183710675778 × 10^338 |
| 114 | ov_114 | 1.831984779121033 × 10^338 |
| 113 | ov_113 | 2.362620726612963 × 10^338 |
| 112 | ov_112 | 3.000637360739171 × 10^338 |
| 111 | ov_111 | 3.7610245574042067 × 10^338 |
| 110 | ov_110 | 4.6597729229677447 × 10^338 |
| 109 | ov_109 | 5.713901453479441 × 10^338 |
| 108 | ov_108 | 6.932721002177043 × 10^338 |
| 107 | ov_107 | 8.326104968288689 × 10^338 |
| 106 | ov_106 | 9.904515274008112 × 10^338 |
| 105 | ov_105 | 1.1679032534981452 × 10^339 |
| 104 | ov_104 | 1.3661390780908302 × 10^339 |
| 103 | ov_103 | 1.5864017105363883 × 10^339 |
| 102 | ov_102 | 1.8312503740836705 × 10^339 |
| 101 | ov_101 | 2.103396975030259 × 10^339 |
| 100 | ov_100 | 2.4057168717351807 × 10^339 |
| 99 | ov_099 | 2.7412609336279474 × 10^339 |
| 98 | ov_098 | 2.7412629069755277 × 10^339 |
| 97 | ov_097 | 2.7412710338380383 × 10^339 |
| 96 | aaa_78_29 | 2.8179657139793116 × 10^339 |
| 95 | aaa_78_28 | 7.48923712153747 × 10^339 |
| 94 | ov_094 | 2.3400755735833907 × 10^340 |
| 93 | ov_093 | 5.245897593959372 × 10^340 |
| 92 | ov_092 | 9.972387400132299 × 10^340 |
| 91 | ov_091 | 1.7025548608159859 × 10^341 |
| 90 | ov_090 | 2.9238079019143257 × 10^341 |
| 89 | ov_089 | 4.99487692403392 × 10^341 |
| 88 | ov_088 | 8.30026620438599 × 10^341 |
| 87 | ov_087 | 1.3275138401026644 × 10^342 |
| 86 | ov_086 | 2.0405376351438222 × 10^342 |
| 85 | ov_085 | 3.022768856569073 × 10^342 |
| 84 | ov_084 | 4.332977716024013 × 10^342 |
| 83 | ov_083 | 6.035059066453711 × 10^342 |
| 82 | ov_082 | 8.198068781980568 × 10^342 |
| 81 | ov_081 | 1.0896274217894482 × 10^343 |
| 64 | lv_79_m31 | 1.3364186718944816 × 10^343 |
| 80 | ov_080 | 1.4209222101059265 × 10^343 |
| 79 | ov_079 | 1.8221827571214528 × 10^343 |
| 78 | ov_078 | 2.3024488465063863 × 10^343 |
| 77 | ov_077 | 2.8713228726889514 × 10^343 |
| 76 | ov_076 | 3.538987462402575 × 10^343 |
| 75 | ov_075 | 4.3162268406850694 × 10^343 |
| 74 | ov_074 | 5.214452501950151 × 10^343 |
| 73 | ov_073 | 6.245733785950869 × 10^343 |
| 63 | ov_063 | 6.8556964282187 × 10^343 |
| 72 | ov_072 | 7.422833998540586 × 10^343 |
| 71 | ov_071 | 8.759252670632362 × 10^343 |
| 70 | ov_070 | 1.0269274410506993 × 10^344 |
| 69 | ov_069 | 1.1968024744676568 × 10^344 |
| 68 | ov_068 | 1.3871533366093807 × 10^344 |
| 67 | ov_067 | 1.5996805233291482 × 10^344 |
| 66 | ov_066 | 1.5996827259554723 × 10^344 |
| 65 | ov_065 | 1.5996895796947574 × 10^344 |
| 62 | ov_062 | 3.516162301257773 × 10^344 |
| 61 | ov_061 | 1.281359063605976 × 10^345 |
| 60 | ov_060 | 3.667166618274786 × 10^345 |
| 59 | ov_059 | 8.846835262451679 × 10^345 |
| 58 | ov_058 | 1.876937117252492 × 10^346 |
| 57 | ov_057 | 3.601624859600078 × 10^346 |
| 56 | ov_056 | 6.380142808775055 × 10^346 |
| 55 | ov_055 | 1.0597140405585325 × 10^347 |
| 54 | ov_054 | 1.670053068821215 × 10^347 |
| 53 | ov_053 | 2.520150926471122 × 10^347 |
| 52 | ov_052 | 3.667458586294502 × 10^347 |
| 51 | ov_051 | 5.175763479972313 × 10^347 |
| 50 | ov_050 | 7.115197823075006 × 10^347 |
| 49 | ov_049 | 9.562252504767353 × 10^347 |
| 48 | ov_048 | 1.25997994158855 × 10^348 |
| 32 | lv_80_m31 | 1.5136286364289965 × 10^348 |
| 47 | ov_047 | 1.6317125494224605 × 10^348 |
| 46 | ov_046 | 2.0809982171469518 × 10^348 |
| 45 | ov_045 | 2.6180654312509694 × 10^348 |
| 44 | ov_044 | 3.2538053145317786 × 10^348 |
| 43 | ov_043 | 3.9941712621387674 × 10^348 |
| 42 | ov_042 | 4.845466244364792 × 10^348 |
| 41 | ov_041 | 5.81435367950317 × 10^348 |
| 40 | ov_040 | 6.907870771112755 × 10^348 |
| 31 | ov_031 | 7.733300609261126 × 10^348 |
| 39 | ov_039 | 8.133444649470139 × 10^348 |
| 38 | ov_038 | 9.49891167894815 × 10^348 |
| 37 | ov_037 | 1.101254031559737 × 10^349 |
| 36 | ov_036 | 1.2691326378506172 × 10^349 |
| 35 | ov_035 | 1.4553214705409536 × 10^349 |
| 34 | ov_034 | 1.6617166408172564 × 10^349 |
| 33 | ov_033 | 1.8903236303698546 × 10^349 |
| 30 | ov_030 | 3.951023502006026 × 10^349 |
| 29 | ov_029 | 1.4349954435619955 × 10^350 |
| 28 | ov_028 | 4.094162392167197 × 10^350 |
| 27 | ov_027 | 9.849471949043761 × 10^350 |
| 26 | ov_026 | 2.0846734082903925 × 10^351 |
| 25 | ov_025 | 3.992356556756256 × 10^351 |
| 24 | ov_024 | 7.060940956561482 × 10^351 |
| 23 | ov_023 | 1.151879143739223 × 10^352 |
| 22 | ov_022 | 1.762888033482391 × 10^352 |
| 21 | ov_021 | 2.595178249494308 × 10^352 |
| 20 | ov_020 | 3.71173753873643 × 10^352 |
| 19 | ov_019 | 5.182495358326276 × 10^352 |
| 18 | ov_018 | 7.084341595095059 × 10^352 |
| 17 | ov_017 | 9.501155381141629 × 10^352 |
| 16 | ov_016 | 1.252384733571087 × 10^353 |
| 15 | ov_015 | 1.6250419069934906 × 10^353 |
| 14 | ov_014 | 2.078604429739775 × 10^353 |
| 13 | ov_013 | 2.6243176400254886 × 10^353 |
| 12 | ov_012 | 3.274168780798161 × 10^353 |
| 11 | ov_011 | 4.04090470541067 × 10^353 |
| 10 | ov_010 | 4.938053988608079 × 10^353 |
| 9 | ov_009 | 5.972991353908322 × 10^353 |
| 8 | ov_008 | 7.153521544724519 × 10^353 |
| 7 | ov_007 | 8.487900916325273 × 10^353 |
| 6 | ov_006 | 9.984862925377746 × 10^353 |
| 5 | ov_005 | 1.165364780808747 × 10^354 |
| 4 | ov_004 | 1.350403669916782 × 10^354 |
| 3 | ov_003 | 1.555617159302837 × 10^354 |
| 2 | ov_002 | 1.7831397749680412 × 10^354 |
| 1 | ov_001 | 2.035235661245492 × 10^354 |

