# Results for F001-F002-F003-F004-F005-F006-F007-F008-F009-F010-F011-F012-F013-F014-F015-F016-F017-F018-F019-F020-F021-F022-F023-F024-F025-F026-F027-F028-F029-F030-F031-F032-F033-F034-F035-F036-F037-F038-F039-F040-F041-F042-F043-F044-F045-F046-F047-F048-F049-F050-F051-F052-F053-F054-F055-F056-F057-F058-F059-F060-F061-F062-F063-F064-F065-F066-F067-F068-F069-F070-F071-F072-F073-F074-F075-F076-F077-F078-F079-F080-F081-F082-F083-F084-F085-F086-F087-F088-F089-F090-F091-F092-F093-F094-F095-F096-F097-F098-F099-F100-F101-F102-F103-F104-F105-F106-F107-F108-F109-F110-F111-F112-F113-F114-F115-F116-F117-F118-F119-F120-F121-F122-F123-F124-F125-F126-F127-F128-F129-F130-F131-F132-F133-F134-F135-F136-F137-F138-F139-F140-F141-F142-F143-F144-F145-F146-F147-F148-F149-F150-F151-F152-F153-F154-F155-F156-F157-F158-F159-F160-F161-F162-F163-F164-F165-F166-F167-F168-F169-F170-F171-F172-F173-F174-F175-F176-F177-F178-F179-F180-F181-F182-F183-F184-F185-F186-F187-F188-F189-F190-F191-F192-F193-F194-F195-F196-F197-F198-F199-F200-F201-F202-F203-F204-F205-F206-F207-F208-F209-F210-F211-F212-F213-F214-F215-F216-F217-F218-F219-F220-F221-F222-F223-F224-F225-F226-F227-F228-F229-F230-F231-F232-F233-F234-F235-F236-F237-F238-F239-F240-F241-F242-F243-F244-F245-F246-F247-F248-F249-F250-F251-F252-F253-F254-F255-F256-F257-F258-F259-F260-F261-F262-F263-F264-F265-F266-F267-F268-F269-F270-F271-F272-F273-F274-F275-F276-F277-F278-F279-F280-F281-F282-F283-F284-F285-F286-F287-F288-F289-F290-F291-F292-F293-F294-F295-F296-F297-F298-F299-F300-F301-F302-F303-F304-F305-F306-F307-F308-F309-F310-F311-F312-F313-F314-F315-F316-F317-F318-F319-F320-F321-F322-F323-F324-F325-F326-F327-F328-F329-F330-F331-F332-F333-F334-F335-F336-F337-F338-F339-F340-F341-F342-F343-F344-F345-F346-F347-F348-F349-F350-F351-F352-F353-F354-F355-F356-F357-F358-F359-F360-F361-F362-F363-F364-F365-F366-F367-F368-F369-F370-F371-F372-F373-F374-F375-F376-F377-F378-F379-F380-F381-F382-F383-F384-F385-F386-F387-F388-F389-F390-F391-F392-F393-F394-F395-F396-F397-F398-F399-F400-F401-F402-F403-F404-F405-F406-F407-F408-F409-F410-F411-F412-F413-F414-F415-F416-F417-F418-F419-F420-F421-F422-F423-F424-F425-F426-F427-F428-F429-F430-F431-F432-F433-F434-F435-F436-F437-F438-F439-F440-F441-F442-F443-F444-F445-F446-F447-F448-F449-F450-F451-F452-F453-F454-F455-F456-F457-F458-F459-F460-F461-F462-F463-F464-F465-F466-F467-F468-F469-F470-F471-F472-F473-F474-F475-F476-F477-F478-F479-F480-F481-F482-F483-F484-F485-F486-F487-F488-F489-F490-F491-F492-F493-F494-F495-F496-E498506-O500505-F508-F509-F510-F511-F512

## Summary

Number of input bits: 512  
Number of free input bits: 9  
Number of output bits: 160

Number of direct occurrences: 36048  
Number of assignments: 30833  
Number of operations: 10763239
(xor: 10735366,
and: 14683,
or: 13190)

Total complexity: 1.2490667089762863 × 10^297

Least occurring input variable: iv_502 (3776)  
Most occurring input variable: iv_500 (4208)

Most co-occurring input variables: iv_500-iv_501 (2000)  
Least co-occurring input variables: iv_499-iv_502 (1719)

Potentially most occurring input variable: iv_497/iv_498 (4510)  
Potentially least occurring input variable: iv_501/iv_504 (4066)

Least output occurring input variable: iv_502 (71)  
Most output occurring input variable: iv_507 (84)

Most output co-occurring input variables: iv_500-iv_507 (45)  
Least output co-occurring input variables: iv_499-iv_504 (30)

Potentially most output occurring input variable: iv_501/iv_503 (92)  
Potentially least output occurring input variable: iv_500/iv_502 (67)

Least complex input bit: iv_497 (7.428961733920157 × 10^294)  
Most complex input bit: iv_500 (4.059934774791267 × 10^296)

Least complex output bit: aaa_76_29 (9.236622455456695 × 10^271)  
Most complex output bit: ov_001 (2.01549243373566 × 10^296)

Least complex input/output complexity: iv_497/aaa_76_29 (5.493582871045681 × 10^269)  
Most complex input/output complexity: iv_500/ov_001 (6.551105526428241 × 10^295)

## Input Bits

### Input Bits in Regular Order

| Input Bit | Complexity | Occurrences | Output Occurrences |
|:---------:|:----------:|:-----------:|:------------------:|
| iv_497 | 7.428961733920157 × 10^294 | 3999 | 77 |
| iv_498 | 8.203028036830618 × 10^295 | 4179 | 73 |
| iv_499 | 2.6060222878874047 × 10^295 | 3848 | 72 |
| iv_500 | 4.059934774791267 × 10^296 | 4208 | 82 |
| iv_501 | 7.14849780434815 × 10^295 | 4013 | 80 |
| iv_502 | 1.1481161413408547 × 10^296 | 3776 | 71 |
| iv_503 | 1.8137373025812322 × 10^296 | 4017 | 82 |
| iv_504 | 2.8135243001094964 × 10^296 | 3875 | 71 |
| iv_507 | 7.853101406942128 × 10^295 | 4133 | 84 |

### Input Bits Sorted by Complexity

| Input Bit | Complexity | Occurrences | Output Occurrences |
|:---------:|:----------:|:-----------:|:------------------:|
| iv_497 | 7.428961733920157 × 10^294 | 3999 | 77 |
| iv_499 | 2.6060222878874047 × 10^295 | 3848 | 72 |
| iv_501 | 7.14849780434815 × 10^295 | 4013 | 80 |
| iv_507 | 7.853101406942128 × 10^295 | 4133 | 84 |
| iv_498 | 8.203028036830618 × 10^295 | 4179 | 73 |
| iv_502 | 1.1481161413408547 × 10^296 | 3776 | 71 |
| iv_503 | 1.8137373025812322 × 10^296 | 4017 | 82 |
| iv_504 | 2.8135243001094964 × 10^296 | 3875 | 71 |
| iv_500 | 4.059934774791267 × 10^296 | 4208 | 82 |

### Input Bits Sorted by Occurrences

| Input Bit | Complexity | Occurrences | Output Occurrences |
|:---------:|:----------:|:-----------:|:------------------:|
| iv_502 | 1.1481161413408547 × 10^296 | 3776 | 71 |
| iv_499 | 2.6060222878874047 × 10^295 | 3848 | 72 |
| iv_504 | 2.8135243001094964 × 10^296 | 3875 | 71 |
| iv_497 | 7.428961733920157 × 10^294 | 3999 | 77 |
| iv_501 | 7.14849780434815 × 10^295 | 4013 | 80 |
| iv_503 | 1.8137373025812322 × 10^296 | 4017 | 82 |
| iv_507 | 7.853101406942128 × 10^295 | 4133 | 84 |
| iv_498 | 8.203028036830618 × 10^295 | 4179 | 73 |
| iv_500 | 4.059934774791267 × 10^296 | 4208 | 82 |

### Input Bits Sorted by Output Occurrences

| Input Bit | Complexity | Occurrences | Output Occurrences |
|:---------:|:----------:|:-----------:|:------------------:|
| iv_502 | 1.1481161413408547 × 10^296 | 3776 | 71 |
| iv_504 | 2.8135243001094964 × 10^296 | 3875 | 71 |
| iv_499 | 2.6060222878874047 × 10^295 | 3848 | 72 |
| iv_498 | 8.203028036830618 × 10^295 | 4179 | 73 |
| iv_497 | 7.428961733920157 × 10^294 | 3999 | 77 |
| iv_501 | 7.14849780434815 × 10^295 | 4013 | 80 |
| iv_500 | 4.059934774791267 × 10^296 | 4208 | 82 |
| iv_503 | 1.8137373025812322 × 10^296 | 4017 | 82 |
| iv_507 | 7.853101406942128 × 10^295 | 4133 | 84 |

## Input Bit Co-occurrences

### Input Bit Co-occurrences Sorted by Co-occurrences

| Input Bits | Co-occurrences | Potential Occurrences | Output Co-occurrences | Potential Output Occurrences |
|:----------:|:--------------:|:---------------------:|:---------------------:|:----------------------------:|
| iv_500-iv_501 | 2000 | 4221 | 43 | 76 |
| iv_500-iv_507 | 1990 | 4361 | 45 | 76 |
| iv_503-iv_507 | 1963 | 4224 | 44 | 78 |
| iv_497-iv_503 | 1960 | 4096 | 43 | 73 |
| iv_498-iv_500 | 1943 | 4501 | 41 | 73 |
| iv_501-iv_507 | 1941 | 4264 | 43 | 78 |
| iv_500-iv_503 | 1939 | 4347 | 40 | 84 |
| iv_498-iv_507 | 1928 | 4456 | 40 | 77 |
| iv_501-iv_504 | 1911 | 4066 | 39 | 73 |

### Input Bit Co-occurrences Sorted by Potential Occurrences

| Input Bits | Co-occurrences | Potential Occurrences | Output Co-occurrences | Potential Output Occurrences |
|:----------:|:--------------:|:---------------------:|:---------------------:|:----------------------------:|
| iv_501-iv_504 | 1911 | 4066 | 39 | 73 |
| iv_497-iv_503 | 1960 | 4096 | 43 | 73 |
| iv_499-iv_504 | 1809 | 4105 | 30 | 83 |
| iv_502-iv_504 | 1737 | 4177 | 33 | 76 |
| iv_497-iv_499 | 1834 | 4179 | 35 | 79 |
| iv_499-iv_502 | 1719 | 4186 | 32 | 79 |
| iv_503-iv_504 | 1847 | 4198 | 34 | 85 |
| iv_499-iv_501 | 1829 | 4203 | 36 | 80 |
| iv_502-iv_507 | 1851 | 4207 | 37 | 81 |

### Input Bit Output Co-occurrences Sorted by Output Co-occurrences

| Input Bits | Co-occurrences | Potential Occurrences | Output Co-occurrences | Potential Output Occurrences |
|:----------:|:--------------:|:---------------------:|:---------------------:|:----------------------------:|
| iv_500-iv_507 | 1990 | 4361 | 45 | 76 |
| iv_503-iv_507 | 1963 | 4224 | 44 | 78 |
| iv_500-iv_501 | 2000 | 4221 | 43 | 76 |
| iv_501-iv_507 | 1941 | 4264 | 43 | 78 |
| iv_500-iv_502 | 1837 | 4310 | 43 | 67 |
| iv_497-iv_503 | 1960 | 4096 | 43 | 73 |
| iv_498-iv_500 | 1943 | 4501 | 41 | 73 |
| iv_500-iv_503 | 1939 | 4347 | 40 | 84 |
| iv_497-iv_507 | 1900 | 4332 | 40 | 81 |

### Input Bit Output Co-occurrences Sorted by Potential Output Occurrences

| Input Bits | Co-occurrences | Potential Occurrences | Output Co-occurrences | Potential Output Occurrences |
|:----------:|:--------------:|:---------------------:|:---------------------:|:----------------------------:|
| iv_500-iv_502 | 1837 | 4310 | 43 | 67 |
| iv_497-iv_498 | 1834 | 4510 | 40 | 70 |
| iv_498-iv_499 | 1849 | 4329 | 37 | 71 |
| iv_501-iv_504 | 1911 | 4066 | 39 | 73 |
| iv_500-iv_504 | 1883 | 4317 | 40 | 73 |
| iv_498-iv_500 | 1943 | 4501 | 41 | 73 |
| iv_497-iv_503 | 1960 | 4096 | 43 | 73 |
| iv_502-iv_504 | 1737 | 4177 | 33 | 76 |
| iv_500-iv_501 | 2000 | 4221 | 43 | 76 |

## Output Bits

### Output Bits in Regular Order

| Rank | Output Bit | Complexity |
|:----:|:----------:|:----------:|
| 1 | ov_001 | 2.01549243373566 × 10^296 |
| 2 | ov_002 | 1.7452899239270769 × 10^296 |
| 3 | ov_003 | 1.5035027297918026 × 10^296 |
| 4 | ov_004 | 1.2879638653537926 × 10^296 |
| 5 | ov_005 | 1.0966245174529024 × 10^296 |
| 6 | ov_006 | 9.27545557787904 × 10^295 |
| 7 | ov_007 | 7.788901605332981 × 10^295 |
| 8 | ov_008 | 6.489174594454412 × 10^295 |
| 9 | ov_009 | 5.359771623418132 × 10^295 |
| 10 | ov_010 | 4.385050257569071 × 10^295 |
| 11 | ov_011 | 3.5501909144591803 × 10^295 |
| 12 | ov_012 | 2.8411659201107795 × 10^295 |
| 13 | ov_013 | 2.2447143842768863 × 10^295 |
| 14 | ov_014 | 1.74832207671501 × 10^295 |
| 15 | ov_015 | 1.3402055401543582 × 10^295 |
| 16 | ov_016 | 1.0092997288697092 × 10^295 |
| 17 | ov_017 | 7.452485146948923 × 10^294 |
| 18 | ov_018 | 5.383974550021846 × 10^294 |
| 19 | ov_019 | 3.79788297715587 × 10^294 |
| 20 | ov_020 | 2.6115483160636608 × 10^294 |
| 21 | ov_021 | 1.7491981342295928 × 10^294 |
| 22 | ov_022 | 1.1419276084761718 × 10^294 |
| 23 | ov_023 | 7.276842641528824 × 10^293 |
| 24 | ov_024 | 4.512579366366642 × 10^293 |
| 25 | ov_025 | 2.642746291197839 × 10^293 |
| 26 | ov_026 | 1.4425582353778275 × 10^293 |
| 27 | ov_027 | 7.213884462505225 × 10^292 |
| 28 | ov_028 | 3.227639506686982 × 10^292 |
| 29 | ov_029 | 1.2436396402437938 × 10^292 |
| 30 | ov_030 | 3.8019473208056735 × 10^291 |
| 31 | ov_031 | 7.416250785520221 × 10^290 |
| 32 | lv_80_m31 | 1.4464575049390315 × 10^290 |
| 33 | ov_033 | 1.7303141304367836 × 10^291 |
| 34 | ov_034 | 1.5006239466778423 × 10^291 |
| 35 | ov_035 | 1.2951659393635983 × 10^291 |
| 36 | ov_036 | 1.1118872392366636 × 10^291 |
| 37 | ov_037 | 9.48845162699089 × 10^290 |
| 38 | ov_038 | 8.04199412194898 × 10^290 |
| 39 | ov_039 | 6.762053523049921 × 10^290 |
| 40 | ov_040 | 5.632082579162832 × 10^290 |
| 41 | ov_041 | 4.644025826692203 × 10^290 |
| 42 | ov_042 | 3.790241800069767 × 10^290 |
| 43 | ov_043 | 3.0634843821344633 × 10^290 |
| 44 | ov_044 | 2.4503886256755133 × 10^290 |
| 45 | ov_045 | 1.938314280794077 × 10^290 |
| 46 | ov_046 | 1.5153277344635852 × 10^290 |
| 47 | ov_047 | 1.1701878488507522 × 10^290 |
| 48 | ov_048 | 8.923350633802568 × 10^289 |
| 49 | ov_049 | 6.718831733848726 × 10^289 |
| 50 | ov_050 | 4.996132457842861 × 10^289 |
| 51 | ov_051 | 3.6696917963279806 × 10^289 |
| 52 | ov_052 | 2.660544885386273 × 10^289 |
| 53 | ov_053 | 1.8962999191044094 × 10^289 |
| 54 | ov_054 | 1.311122030534039 × 10^289 |
| 55 | ov_055 | 8.737313867946656 × 10^288 |
| 56 | ov_056 | 5.561191062015736 × 10^288 |
| 57 | ov_057 | 3.3354465306282656 × 10^288 |
| 58 | ov_058 | 1.8453435287085885 × 10^288 |
| 59 | ov_059 | 9.088062089581471 × 10^287 |
| 60 | ov_060 | 3.764161240041514 × 10^287 |
| 61 | ov_061 | 1.3141096623016414 × 10^287 |
| 62 | ov_062 | 3.602722453082263 × 10^286 |
| 63 | ov_063 | 7.017265831377347 × 10^285 |
| 64 | lv_79_m31 | 1.3664627751107552 × 10^285 |
| 65 | ov_065 | 1.6137036976085769 × 10^286 |
| 66 | ov_066 | 1.613699344581718 × 10^286 |
| 67 | ov_067 | 1.6136983152233435 × 10^286 |
| 68 | ov_068 | 1.393070804803545 × 10^286 |
| 69 | ov_069 | 1.1960196652255422 × 10^286 |
| 70 | ov_070 | 1.020769437507599 × 10^286 |
| 71 | ov_071 | 8.656279645561741 × 10^285 |
| 72 | ov_072 | 7.289816869956589 × 10^285 |
| 73 | ov_073 | 6.092919848480601 × 10^285 |
| 74 | ov_074 | 5.050923513588375 × 10^285 |
| 75 | ov_075 | 4.1498619646256174 × 10^285 |
| 76 | ov_076 | 3.3764508816510304 × 10^285 |
| 77 | ov_077 | 2.7180727008538954 × 10^285 |
| 78 | ov_078 | 2.1627636092267365 × 10^285 |
| 79 | ov_079 | 1.6992020529461993 × 10^285 |
| 80 | ov_080 | 1.3166986627038357 × 10^285 |
| 81 | ov_081 | 1.0051875001729912 × 10^285 |
| 82 | ov_082 | 7.552185304970466 × 10^284 |
| 83 | ov_083 | 5.5795122619768 × 10^284 |
| 84 | ov_084 | 4.051492082751365 × 10^284 |
| 85 | ov_085 | 2.891758305384099 × 10^284 |
| 86 | ov_086 | 2.0299061338639244 × 10^284 |
| 87 | ov_087 | 1.401464333818581 × 10^284 |
| 88 | ov_088 | 9.478737503563763 × 10^283 |
| 89 | ov_089 | 6.164715126231438 × 10^283 |
| 90 | ov_090 | 3.8239860796454996 × 10^283 |
| 91 | ov_091 | 2.237364183371754 × 10^283 |
| 92 | ov_092 | 1.2150394389048129 × 10^283 |
| 93 | ov_093 | 5.965624145302992 × 10^282 |
| 94 | ov_094 | 2.50836567648836 × 10^282 |
| 95 | aaa_78_28 | 7.611510816803459 × 10^281 |
| 96 | aaa_78_29 | 2.274144125140845 × 10^281 |
| 97 | ov_097 | 1.2039063844806153 × 10^281 |
| 98 | ov_098 | 1.2038909133916631 × 10^281 |
| 99 | ov_099 | 1.2038859685817668 × 10^281 |
| 100 | ov_100 | 9.855711628921812 × 10^280 |
| 101 | ov_101 | 8.015856775005494 × 10^280 |
| 102 | ov_102 | 6.48137817044439 × 10^280 |
| 103 | ov_103 | 5.216426437162967 × 10^280 |
| 104 | ov_104 | 4.1870680620997345 × 10^280 |
| 105 | ov_105 | 3.361153966849537 × 10^280 |
| 106 | ov_106 | 2.708206466055838 × 10^280 |
| 107 | ov_107 | 2.199322818345064 × 10^280 |
| 108 | ov_108 | 1.8070936657843343 × 10^280 |
| 109 | ov_109 | 1.5055347476790085 × 10^280 |
| 110 | ov_110 | 1.2700303625765202 × 10^280 |
| 111 | ov_111 | 1.0772871390820248 × 10^280 |
| 112 | ov_112 | 9.052967619030685 × 10^279 |
| 113 | ov_113 | 7.528268459798554 × 10^279 |
| 114 | ov_114 | 6.186626860589177 × 10^279 |
| 115 | ov_115 | 5.016028673160925 × 10^279 |
| 116 | ov_116 | 4.0045580645729096 × 10^279 |
| 117 | ov_117 | 3.14037139118811 × 10^279 |
| 118 | ov_118 | 2.4116778993962258 × 10^279 |
| 119 | ov_119 | 1.806724927171608 × 10^279 |
| 120 | ov_120 | 1.313786285996337 × 10^279 |
| 121 | ov_121 | 9.211534029174216 × 10^278 |
| 122 | ov_122 | 6.171288025653107 × 10^278 |
| 123 | ov_123 | 3.900215089827229 × 10^278 |
| 124 | ov_124 | 2.2814394711199137 × 10^278 |
| 125 | ov_125 | 1.198100255589402 × 10^278 |
| 126 | ov_126 | 5.333415992180246 × 10^277 |
| 127 | aaa_77_28 | 1.7030898452788508 × 10^277 |
| 128 | aaa_77_29 | 6.385228727711918 × 10^276 |
| 129 | ov_129 | 5.833161639233473 × 10^276 |
| 130 | ov_130 | 5.833143681032539 × 10^276 |
| 131 | ov_131 | 5.833139348867599 × 10^276 |
| 132 | ov_132 | 5.047955400002406 × 10^276 |
| 133 | ov_133 | 4.344779783068997 × 10^276 |
| 134 | ov_134 | 3.7171715733731783 × 10^276 |
| 135 | ov_135 | 3.159024657522329 × 10^276 |
| 136 | ov_136 | 2.6645436678492 × 10^276 |
| 137 | ov_137 | 2.2309058362504317 × 10^276 |
| 138 | ov_138 | 1.8528791748148367 × 10^276 |
| 139 | ov_139 | 1.525490476824876 × 10^276 |
| 140 | ov_140 | 1.2440135814678915 × 10^276 |
| 141 | ov_141 | 1.0039598970470139 × 10^276 |
| 142 | ov_142 | 8.010708879047271 × 10^275 |
| 143 | ov_143 | 6.3131224734423004 × 10^275 |
| 144 | ov_144 | 4.908694958059073 × 10^275 |
| 145 | ov_145 | 3.7614476046264936 × 10^275 |
| 146 | ov_146 | 2.8375450925836904 × 10^275 |
| 147 | ov_147 | 2.1052802924058774 × 10^275 |
| 148 | ov_148 | 1.5350645583869668 × 10^275 |
| 149 | ov_149 | 1.0994217652024971 × 10^275 |
| 150 | ov_150 | 7.729845691669013 × 10^274 |
| 151 | ov_151 | 5.324918374579971 × 10^274 |
| 152 | ov_152 | 3.5678674595915794 × 10^274 |
| 153 | ov_153 | 2.268153830622752 × 10^274 |
| 154 | ov_154 | 1.3357637557230405 × 10^274 |
| 155 | ov_155 | 6.911912100273782 × 10^273 |
| 156 | aaa_76_25 | 2.6543557264778765 × 10^273 |
| 157 | aaa_76_26 | 1.5310897618525815 × 10^273 |
| 158 | aaa_76_27 | 7.82728750276315 × 10^272 |
| 159 | aaa_76_28 | 3.0424355295355293 × 10^272 |
| 160 | aaa_76_29 | 9.236622455456695 × 10^271 |

### Output Bits Sorted by Complexity

| Rank | Output Bit | Complexity |
|:----:|:----------:|:----------:|
| 160 | aaa_76_29 | 9.236622455456695 × 10^271 |
| 159 | aaa_76_28 | 3.0424355295355293 × 10^272 |
| 158 | aaa_76_27 | 7.82728750276315 × 10^272 |
| 157 | aaa_76_26 | 1.5310897618525815 × 10^273 |
| 156 | aaa_76_25 | 2.6543557264778765 × 10^273 |
| 155 | ov_155 | 6.911912100273782 × 10^273 |
| 154 | ov_154 | 1.3357637557230405 × 10^274 |
| 153 | ov_153 | 2.268153830622752 × 10^274 |
| 152 | ov_152 | 3.5678674595915794 × 10^274 |
| 151 | ov_151 | 5.324918374579971 × 10^274 |
| 150 | ov_150 | 7.729845691669013 × 10^274 |
| 149 | ov_149 | 1.0994217652024971 × 10^275 |
| 148 | ov_148 | 1.5350645583869668 × 10^275 |
| 147 | ov_147 | 2.1052802924058774 × 10^275 |
| 146 | ov_146 | 2.8375450925836904 × 10^275 |
| 145 | ov_145 | 3.7614476046264936 × 10^275 |
| 144 | ov_144 | 4.908694958059073 × 10^275 |
| 143 | ov_143 | 6.3131224734423004 × 10^275 |
| 142 | ov_142 | 8.010708879047271 × 10^275 |
| 141 | ov_141 | 1.0039598970470139 × 10^276 |
| 140 | ov_140 | 1.2440135814678915 × 10^276 |
| 139 | ov_139 | 1.525490476824876 × 10^276 |
| 138 | ov_138 | 1.8528791748148367 × 10^276 |
| 137 | ov_137 | 2.2309058362504317 × 10^276 |
| 136 | ov_136 | 2.6645436678492 × 10^276 |
| 135 | ov_135 | 3.159024657522329 × 10^276 |
| 134 | ov_134 | 3.7171715733731783 × 10^276 |
| 133 | ov_133 | 4.344779783068997 × 10^276 |
| 132 | ov_132 | 5.047955400002406 × 10^276 |
| 131 | ov_131 | 5.833139348867599 × 10^276 |
| 130 | ov_130 | 5.833143681032539 × 10^276 |
| 129 | ov_129 | 5.833161639233473 × 10^276 |
| 128 | aaa_77_29 | 6.385228727711918 × 10^276 |
| 127 | aaa_77_28 | 1.7030898452788508 × 10^277 |
| 126 | ov_126 | 5.333415992180246 × 10^277 |
| 125 | ov_125 | 1.198100255589402 × 10^278 |
| 124 | ov_124 | 2.2814394711199137 × 10^278 |
| 123 | ov_123 | 3.900215089827229 × 10^278 |
| 122 | ov_122 | 6.171288025653107 × 10^278 |
| 121 | ov_121 | 9.211534029174216 × 10^278 |
| 120 | ov_120 | 1.313786285996337 × 10^279 |
| 119 | ov_119 | 1.806724927171608 × 10^279 |
| 118 | ov_118 | 2.4116778993962258 × 10^279 |
| 117 | ov_117 | 3.14037139118811 × 10^279 |
| 116 | ov_116 | 4.0045580645729096 × 10^279 |
| 115 | ov_115 | 5.016028673160925 × 10^279 |
| 114 | ov_114 | 6.186626860589177 × 10^279 |
| 113 | ov_113 | 7.528268459798554 × 10^279 |
| 112 | ov_112 | 9.052967619030685 × 10^279 |
| 111 | ov_111 | 1.0772871390820248 × 10^280 |
| 110 | ov_110 | 1.2700303625765202 × 10^280 |
| 109 | ov_109 | 1.5055347476790085 × 10^280 |
| 108 | ov_108 | 1.8070936657843343 × 10^280 |
| 107 | ov_107 | 2.199322818345064 × 10^280 |
| 106 | ov_106 | 2.708206466055838 × 10^280 |
| 105 | ov_105 | 3.361153966849537 × 10^280 |
| 104 | ov_104 | 4.1870680620997345 × 10^280 |
| 103 | ov_103 | 5.216426437162967 × 10^280 |
| 102 | ov_102 | 6.48137817044439 × 10^280 |
| 101 | ov_101 | 8.015856775005494 × 10^280 |
| 100 | ov_100 | 9.855711628921812 × 10^280 |
| 99 | ov_099 | 1.2038859685817668 × 10^281 |
| 98 | ov_098 | 1.2038909133916631 × 10^281 |
| 97 | ov_097 | 1.2039063844806153 × 10^281 |
| 96 | aaa_78_29 | 2.274144125140845 × 10^281 |
| 95 | aaa_78_28 | 7.611510816803459 × 10^281 |
| 94 | ov_094 | 2.50836567648836 × 10^282 |
| 93 | ov_093 | 5.965624145302992 × 10^282 |
| 92 | ov_092 | 1.2150394389048129 × 10^283 |
| 91 | ov_091 | 2.237364183371754 × 10^283 |
| 90 | ov_090 | 3.8239860796454996 × 10^283 |
| 89 | ov_089 | 6.164715126231438 × 10^283 |
| 88 | ov_088 | 9.478737503563763 × 10^283 |
| 87 | ov_087 | 1.401464333818581 × 10^284 |
| 86 | ov_086 | 2.0299061338639244 × 10^284 |
| 85 | ov_085 | 2.891758305384099 × 10^284 |
| 84 | ov_084 | 4.051492082751365 × 10^284 |
| 83 | ov_083 | 5.5795122619768 × 10^284 |
| 82 | ov_082 | 7.552185304970466 × 10^284 |
| 81 | ov_081 | 1.0051875001729912 × 10^285 |
| 80 | ov_080 | 1.3166986627038357 × 10^285 |
| 64 | lv_79_m31 | 1.3664627751107552 × 10^285 |
| 79 | ov_079 | 1.6992020529461993 × 10^285 |
| 78 | ov_078 | 2.1627636092267365 × 10^285 |
| 77 | ov_077 | 2.7180727008538954 × 10^285 |
| 76 | ov_076 | 3.3764508816510304 × 10^285 |
| 75 | ov_075 | 4.1498619646256174 × 10^285 |
| 74 | ov_074 | 5.050923513588375 × 10^285 |
| 73 | ov_073 | 6.092919848480601 × 10^285 |
| 63 | ov_063 | 7.017265831377347 × 10^285 |
| 72 | ov_072 | 7.289816869956589 × 10^285 |
| 71 | ov_071 | 8.656279645561741 × 10^285 |
| 70 | ov_070 | 1.020769437507599 × 10^286 |
| 69 | ov_069 | 1.1960196652255422 × 10^286 |
| 68 | ov_068 | 1.393070804803545 × 10^286 |
| 67 | ov_067 | 1.6136983152233435 × 10^286 |
| 66 | ov_066 | 1.613699344581718 × 10^286 |
| 65 | ov_065 | 1.6137036976085769 × 10^286 |
| 62 | ov_062 | 3.602722453082263 × 10^286 |
| 61 | ov_061 | 1.3141096623016414 × 10^287 |
| 60 | ov_060 | 3.764161240041514 × 10^287 |
| 59 | ov_059 | 9.088062089581471 × 10^287 |
| 58 | ov_058 | 1.8453435287085885 × 10^288 |
| 57 | ov_057 | 3.3354465306282656 × 10^288 |
| 56 | ov_056 | 5.561191062015736 × 10^288 |
| 55 | ov_055 | 8.737313867946656 × 10^288 |
| 54 | ov_054 | 1.311122030534039 × 10^289 |
| 53 | ov_053 | 1.8962999191044094 × 10^289 |
| 52 | ov_052 | 2.660544885386273 × 10^289 |
| 51 | ov_051 | 3.6696917963279806 × 10^289 |
| 50 | ov_050 | 4.996132457842861 × 10^289 |
| 49 | ov_049 | 6.718831733848726 × 10^289 |
| 48 | ov_048 | 8.923350633802568 × 10^289 |
| 47 | ov_047 | 1.1701878488507522 × 10^290 |
| 32 | lv_80_m31 | 1.4464575049390315 × 10^290 |
| 46 | ov_046 | 1.5153277344635852 × 10^290 |
| 45 | ov_045 | 1.938314280794077 × 10^290 |
| 44 | ov_044 | 2.4503886256755133 × 10^290 |
| 43 | ov_043 | 3.0634843821344633 × 10^290 |
| 42 | ov_042 | 3.790241800069767 × 10^290 |
| 41 | ov_041 | 4.644025826692203 × 10^290 |
| 40 | ov_040 | 5.632082579162832 × 10^290 |
| 39 | ov_039 | 6.762053523049921 × 10^290 |
| 31 | ov_031 | 7.416250785520221 × 10^290 |
| 38 | ov_038 | 8.04199412194898 × 10^290 |
| 37 | ov_037 | 9.48845162699089 × 10^290 |
| 36 | ov_036 | 1.1118872392366636 × 10^291 |
| 35 | ov_035 | 1.2951659393635983 × 10^291 |
| 34 | ov_034 | 1.5006239466778423 × 10^291 |
| 33 | ov_033 | 1.7303141304367836 × 10^291 |
| 30 | ov_030 | 3.8019473208056735 × 10^291 |
| 29 | ov_029 | 1.2436396402437938 × 10^292 |
| 28 | ov_028 | 3.227639506686982 × 10^292 |
| 27 | ov_027 | 7.213884462505225 × 10^292 |
| 26 | ov_026 | 1.4425582353778275 × 10^293 |
| 25 | ov_025 | 2.642746291197839 × 10^293 |
| 24 | ov_024 | 4.512579366366642 × 10^293 |
| 23 | ov_023 | 7.276842641528824 × 10^293 |
| 22 | ov_022 | 1.1419276084761718 × 10^294 |
| 21 | ov_021 | 1.7491981342295928 × 10^294 |
| 20 | ov_020 | 2.6115483160636608 × 10^294 |
| 19 | ov_019 | 3.79788297715587 × 10^294 |
| 18 | ov_018 | 5.383974550021846 × 10^294 |
| 17 | ov_017 | 7.452485146948923 × 10^294 |
| 16 | ov_016 | 1.0092997288697092 × 10^295 |
| 15 | ov_015 | 1.3402055401543582 × 10^295 |
| 14 | ov_014 | 1.74832207671501 × 10^295 |
| 13 | ov_013 | 2.2447143842768863 × 10^295 |
| 12 | ov_012 | 2.8411659201107795 × 10^295 |
| 11 | ov_011 | 3.5501909144591803 × 10^295 |
| 10 | ov_010 | 4.385050257569071 × 10^295 |
| 9 | ov_009 | 5.359771623418132 × 10^295 |
| 8 | ov_008 | 6.489174594454412 × 10^295 |
| 7 | ov_007 | 7.788901605332981 × 10^295 |
| 6 | ov_006 | 9.27545557787904 × 10^295 |
| 5 | ov_005 | 1.0966245174529024 × 10^296 |
| 4 | ov_004 | 1.2879638653537926 × 10^296 |
| 3 | ov_003 | 1.5035027297918026 × 10^296 |
| 2 | ov_002 | 1.7452899239270769 × 10^296 |
| 1 | ov_001 | 2.01549243373566 × 10^296 |

