# Results for F001-F002-F003-F004-F005-F006-F007-F008-F009-F010-F011-F012-F013-F014-F015-F016-F017-F018-F019-F020-F021-F022-F023-F024-F025-F026-F027-F028-F029-F030-F031-F032-F033-F034-F035-F036-F037-F038-F039-F040-F041-F042-F043-F044-F045-F046-F047-F048-F049-F050-F051-F052-F053-F054-F055-F056-F057-F058-F059-F060-F061-F062-F063-F064-F065-F066-F067-F068-F069-F070-F071-F072-F073-F074-F075-F076-F077-F078-F079-F080-F081-F082-F083-F084-F085-F086-F087-F088-F089-F090-F091-F092-F093-F094-F095-F096-F097-F098-F099-F100-F101-F102-F103-F104-F105-F106-F107-F108-F109-F110-F111-F112-F113-F114-F115-F116-F117-F118-F119-F120-F121-F122-F123-F124-F125-F126-F127-F128-F129-F130-F131-F132-F133-F134-F135-F136-F137-F138-F139-F140-F141-F142-F143-F144-F145-F146-F147-F148-F149-F150-F151-F152-F153-F154-F155-F156-F157-F158-F159-F160-F161-F162-F163-F164-F165-F166-F167-F168-F169-F170-F171-F172-F173-F174-F175-F176-F177-F178-F179-F180-F181-F182-F183-F184-F185-F186-F187-F188-F189-F190-F191-F192-F193-F194-F195-F196-F197-F198-F199-F200-F201-F202-F203-F204-F205-F206-F207-F208-F209-F210-F211-F212-F213-F214-F215-F216-F217-F218-F219-F220-F221-F222-F223-F224-F225-F226-F227-F228-F229-F230-F231-F232-F233-F234-F235-F236-F237-F238-F239-F240-F241-F242-F243-F244-F245-F246-F247-F248-F249-F250-F251-F252-F253-F254-F255-F256-F257-F258-F259-F260-F261-F262-F263-F264-F265-F266-F267-F268-F269-F270-F271-F272-F273-F274-F275-F276-F277-F278-F279-F280-F281-F282-F283-F284-F285-F286-F287-F288-F289-F290-F291-F292-F293-F294-F295-F296-F297-F298-F299-F300-F301-F302-F303-F304-F305-F306-F307-F308-F309-F310-F311-F312-F313-F314-F315-F316-F317-F318-F319-F320-F321-F322-F323-F324-F325-F326-F327-F328-F329-F330-F331-F332-F333-F334-F335-F336-F337-F338-F339-F340-F341-F342-F343-F344-F345-F346-F347-F348-F349-F350-F351-F352-F353-F354-F355-F356-F357-F358-F359-F360-F361-F362-F363-F364-F365-F366-F367-F368-F369-F370-F371-F372-F373-F374-F375-F376-F377-F378-F379-F380-F381-F382-F383-F384-F385-F386-F387-F388-F389-F390-F391-F392-F393-F394-F395-F396-F397-F398-F399-F400-F401-F402-F403-F404-F405-F406-F407-F408-F409-F410-F411-F412-F413-F414-F415-F416-F417-F418-F419-F420-F421-F422-F423-F424-F425-F426-F427-F428-F429-F430-F431-F432-F433-F434-F435-F436-F437-F438-F439-F440-F441-F442-F443-F444-F445-F446-F447-F448-F449-F450-F451-F452-F453-F454-F455-F456-F457-F458-F459-F460-F461-F462-F463-F464-F465-F466-F467-F468-F469-F470-F471-F472-F473-F474-F475-F476-F477-F478-F479-F480-F481-F482-F483-F484-F485-F486-F487-F488-F489-F490-F491-F492-F493-F494-F495-F496-E497507-E499505-E504506-F509-F510-F511-F512

## Summary

Number of input bits: 512  
Number of free input bits: 9  
Number of output bits: 160

Number of direct occurrences: 36339  
Number of assignments: 31031  
Number of operations: 10811529
(xor: 10783513,
and: 14734,
or: 13282)

Total complexity: 4.9816403372280873 × 10^297

Least occurring input variable: iv_502 (3831)  
Most occurring input variable: iv_497 (4185)

Most co-occurring input variables: iv_497-iv_508 (2009)  
Least co-occurring input variables: iv_498-iv_502 (1737)

Potentially most occurring input variable: iv_497/iv_498 (4549)  
Potentially least occurring input variable: iv_500/iv_502 (4188)

Least output occurring input variable: iv_499 (57)  
Most output occurring input variable: iv_498 (88)

Most output co-occurring input variables: iv_497-iv_498 (49)  
Least output co-occurring input variables: iv_499-iv_501 (25)

Potentially most output occurring input variable: iv_497/iv_504 (91)  
Potentially least output occurring input variable: iv_499/iv_508 (68)

Least complex input bit: iv_498 (3.5385305189323863 × 10^295)  
Most complex input bit: iv_504 (1.2104203734809506 × 10^297)

Least complex output bit: aaa_76_29 (1.1215240191585091 × 10^273)  
Most complex output bit: ov_001 (7.968562557537637 × 10^296)

Least complex input/output complexity: iv_498/aaa_76_29 (7.966345823585271 × 10^270)  
Most complex input/output complexity: iv_504/ov_001 (1.9361715848735703 × 10^296)

## Input Bits

### Input Bits in Regular Order

| Input Bit | Complexity | Occurrences | Output Occurrences |
|:---------:|:----------:|:-----------:|:------------------:|
| iv_497 | 7.625651489369277 × 10^296 | 4185 | 81 |
| iv_498 | 3.5385305189323863 × 10^295 | 3888 | 88 |
| iv_499 | 1.109903569195433 × 10^297 | 4117 | 57 |
| iv_500 | 1.0518063891367642 × 10^296 | 4059 | 76 |
| iv_501 | 1.7313132596987721 × 10^296 | 4030 | 83 |
| iv_502 | 2.7910426565281108 × 10^296 | 3831 | 82 |
| iv_503 | 4.420344423166136 × 10^296 | 3998 | 75 |
| iv_504 | 1.2104203734809506 × 10^297 | 4082 | 76 |
| iv_508 | 8.639152675724784 × 10^296 | 4149 | 81 |

### Input Bits Sorted by Complexity

| Input Bit | Complexity | Occurrences | Output Occurrences |
|:---------:|:----------:|:-----------:|:------------------:|
| iv_498 | 3.5385305189323863 × 10^295 | 3888 | 88 |
| iv_500 | 1.0518063891367642 × 10^296 | 4059 | 76 |
| iv_501 | 1.7313132596987721 × 10^296 | 4030 | 83 |
| iv_502 | 2.7910426565281108 × 10^296 | 3831 | 82 |
| iv_503 | 4.420344423166136 × 10^296 | 3998 | 75 |
| iv_497 | 7.625651489369277 × 10^296 | 4185 | 81 |
| iv_508 | 8.639152675724784 × 10^296 | 4149 | 81 |
| iv_499 | 1.109903569195433 × 10^297 | 4117 | 57 |
| iv_504 | 1.2104203734809506 × 10^297 | 4082 | 76 |

### Input Bits Sorted by Occurrences

| Input Bit | Complexity | Occurrences | Output Occurrences |
|:---------:|:----------:|:-----------:|:------------------:|
| iv_502 | 2.7910426565281108 × 10^296 | 3831 | 82 |
| iv_498 | 3.5385305189323863 × 10^295 | 3888 | 88 |
| iv_503 | 4.420344423166136 × 10^296 | 3998 | 75 |
| iv_501 | 1.7313132596987721 × 10^296 | 4030 | 83 |
| iv_500 | 1.0518063891367642 × 10^296 | 4059 | 76 |
| iv_504 | 1.2104203734809506 × 10^297 | 4082 | 76 |
| iv_499 | 1.109903569195433 × 10^297 | 4117 | 57 |
| iv_508 | 8.639152675724784 × 10^296 | 4149 | 81 |
| iv_497 | 7.625651489369277 × 10^296 | 4185 | 81 |

### Input Bits Sorted by Output Occurrences

| Input Bit | Complexity | Occurrences | Output Occurrences |
|:---------:|:----------:|:-----------:|:------------------:|
| iv_499 | 1.109903569195433 × 10^297 | 4117 | 57 |
| iv_503 | 4.420344423166136 × 10^296 | 3998 | 75 |
| iv_504 | 1.2104203734809506 × 10^297 | 4082 | 76 |
| iv_500 | 1.0518063891367642 × 10^296 | 4059 | 76 |
| iv_497 | 7.625651489369277 × 10^296 | 4185 | 81 |
| iv_508 | 8.639152675724784 × 10^296 | 4149 | 81 |
| iv_502 | 2.7910426565281108 × 10^296 | 3831 | 82 |
| iv_501 | 1.7313132596987721 × 10^296 | 4030 | 83 |
| iv_498 | 3.5385305189323863 × 10^295 | 3888 | 88 |

## Input Bit Co-occurrences

### Input Bit Co-occurrences Sorted by Co-occurrences

| Input Bits | Co-occurrences | Potential Occurrences | Output Co-occurrences | Potential Output Occurrences |
|:----------:|:--------------:|:---------------------:|:---------------------:|:----------------------------:|
| iv_497-iv_508 | 2009 | 4316 | 45 | 72 |
| iv_500-iv_508 | 1963 | 4282 | 36 | 85 |
| iv_499-iv_508 | 1962 | 4342 | 35 | 68 |
| iv_504-iv_508 | 1957 | 4317 | 36 | 85 |
| iv_497-iv_499 | 1948 | 4406 | 26 | 86 |
| iv_499-iv_500 | 1947 | 4282 | 27 | 79 |
| iv_499-iv_504 | 1944 | 4311 | 30 | 73 |
| iv_500-iv_501 | 1942 | 4205 | 41 | 77 |
| iv_497-iv_501 | 1920 | 4375 | 45 | 74 |

### Input Bit Co-occurrences Sorted by Potential Occurrences

| Input Bits | Co-occurrences | Potential Occurrences | Output Co-occurrences | Potential Output Occurrences |
|:----------:|:--------------:|:---------------------:|:---------------------:|:----------------------------:|
| iv_500-iv_502 | 1851 | 4188 | 37 | 84 |
| iv_500-iv_501 | 1942 | 4205 | 41 | 77 |
| iv_498-iv_500 | 1871 | 4205 | 39 | 86 |
| iv_501-iv_502 | 1821 | 4219 | 38 | 89 |
| iv_500-iv_503 | 1918 | 4221 | 39 | 73 |
| iv_501-iv_503 | 1901 | 4226 | 39 | 80 |
| iv_498-iv_503 | 1828 | 4230 | 43 | 77 |
| iv_498-iv_501 | 1843 | 4232 | 48 | 75 |
| iv_499-iv_502 | 1853 | 4242 | 27 | 85 |

### Input Bit Output Co-occurrences Sorted by Output Co-occurrences

| Input Bits | Co-occurrences | Potential Occurrences | Output Co-occurrences | Potential Output Occurrences |
|:----------:|:--------------:|:---------------------:|:---------------------:|:----------------------------:|
| iv_497-iv_498 | 1762 | 4549 | 49 | 71 |
| iv_498-iv_501 | 1843 | 4232 | 48 | 75 |
| iv_498-iv_502 | 1737 | 4245 | 46 | 78 |
| iv_497-iv_501 | 1920 | 4375 | 45 | 74 |
| iv_497-iv_508 | 2009 | 4316 | 45 | 72 |
| iv_498-iv_508 | 1838 | 4361 | 45 | 79 |
| iv_498-iv_503 | 1828 | 4230 | 43 | 77 |
| iv_502-iv_508 | 1847 | 4286 | 43 | 77 |
| iv_497-iv_502 | 1862 | 4292 | 42 | 79 |

### Input Bit Output Co-occurrences Sorted by Potential Output Occurrences

| Input Bits | Co-occurrences | Potential Occurrences | Output Co-occurrences | Potential Output Occurrences |
|:----------:|:--------------:|:---------------------:|:---------------------:|:----------------------------:|
| iv_499-iv_508 | 1962 | 4342 | 35 | 68 |
| iv_497-iv_498 | 1762 | 4549 | 49 | 71 |
| iv_499-iv_503 | 1878 | 4359 | 30 | 72 |
| iv_497-iv_508 | 2009 | 4316 | 45 | 72 |
| iv_498-iv_499 | 1808 | 4389 | 36 | 73 |
| iv_499-iv_504 | 1944 | 4311 | 30 | 73 |
| iv_500-iv_503 | 1918 | 4221 | 39 | 73 |
| iv_497-iv_501 | 1920 | 4375 | 45 | 74 |
| iv_498-iv_501 | 1843 | 4232 | 48 | 75 |

## Output Bits

### Output Bits in Regular Order

| Rank | Output Bit | Complexity |
|:----:|:----------:|:----------:|
| 1 | ov_001 | 7.968562557537637 × 10^296 |
| 2 | ov_002 | 6.9105373126603766 × 10^296 |
| 3 | ov_003 | 5.9627439142302196 × 10^296 |
| 4 | ov_004 | 5.116829889194774 × 10^296 |
| 5 | ov_005 | 4.364898178784617 × 10^296 |
| 6 | ov_006 | 3.6994746660911286 × 10^296 |
| 7 | ov_007 | 3.113479896156941 × 10^296 |
| 8 | ov_008 | 2.600204716161172 × 10^296 |
| 9 | ov_009 | 2.1532895323610774 × 10^296 |
| 10 | ov_010 | 1.7667068248098563 × 10^296 |
| 11 | ov_011 | 1.43474655674338 × 10^296 |
| 12 | ov_012 | 1.1520041362698704 × 10^296 |
| 13 | ov_013 | 9.133706083490926 × 10^295 |
| 14 | ov_014 | 7.140247751011981 × 10^295 |
| 15 | ov_015 | 5.494269623134918 × 10^295 |
| 16 | ov_016 | 4.1531416967537384 × 10^295 |
| 17 | ov_017 | 3.076963618134483 × 10^295 |
| 18 | ov_018 | 2.2285367665494046 × 10^295 |
| 19 | ov_019 | 1.5733434704352702 × 10^295 |
| 20 | ov_020 | 1.0795316001604994 × 10^295 |
| 21 | ov_021 | 7.17903236590777 × 10^294 |
| 22 | ov_022 | 4.6190653339433095 × 10^294 |
| 23 | ov_023 | 2.876300909062742 × 10^294 |
| 24 | ov_024 | 1.73799255846136 × 10^294 |
| 25 | ov_025 | 1.0177385763738724 × 10^294 |
| 26 | ov_026 | 5.554696874563692 × 10^293 |
| 27 | ov_027 | 2.7773333203305516 × 10^293 |
| 28 | ov_028 | 1.2423939428271058 × 10^293 |
| 29 | ov_029 | 4.785961637731468 × 10^292 |
| 30 | ov_030 | 1.4627444935855042 × 10^292 |
| 31 | ov_031 | 2.852332390987883 × 10^291 |
| 32 | lv_80_m31 | 5.5610736524624936 × 10^290 |
| 33 | ov_033 | 6.663131174957224 × 10^291 |
| 34 | ov_034 | 5.777463460662049 × 10^291 |
| 35 | ov_035 | 4.985174327109176 × 10^291 |
| 36 | ov_036 | 4.27867067590909 × 10^291 |
| 37 | ov_037 | 3.650767746089697 × 10^291 |
| 38 | ov_038 | 3.094660380796693 × 10^291 |
| 39 | ov_039 | 2.6038982243944013 × 10^291 |
| 40 | ov_040 | 2.1723644639963702 × 10^291 |
| 41 | ov_041 | 1.7942577530045978 × 10^291 |
| 42 | ov_042 | 1.4667542130422845 × 10^291 |
| 43 | ov_043 | 1.1871766076288935 × 10^291 |
| 44 | ov_044 | 9.505883754641108 × 10^290 |
| 45 | ov_045 | 7.523214470623465 × 10^290 |
| 46 | ov_046 | 5.879693884897144 × 10^290 |
| 47 | ov_047 | 4.533819882761983 × 10^290 |
| 48 | ov_048 | 3.446610631745127 × 10^290 |
| 49 | ov_049 | 2.581572757544798 × 10^290 |
| 50 | ov_050 | 1.90467773818869 × 10^290 |
| 51 | ov_051 | 1.3843447837425672 × 10^290 |
| 52 | ov_052 | 9.914286344996027 × 10^289 |
| 53 | ov_053 | 6.992109421064308 × 10^289 |
| 54 | ov_054 | 4.833942531144619 × 10^289 |
| 55 | ov_055 | 3.220979384630464 × 10^289 |
| 56 | ov_056 | 2.0498548570058583 × 10^289 |
| 57 | ov_057 | 1.2292698021767246 × 10^289 |
| 58 | ov_058 | 6.79985206114553 × 10^288 |
| 59 | ov_059 | 3.348190816776932 × 10^288 |
| 60 | ov_060 | 1.386450276583459 × 10^288 |
| 61 | ov_061 | 4.839169750692673 × 10^287 |
| 62 | ov_062 | 1.3264355499781562 × 10^287 |
| 63 | ov_063 | 2.583138113305092 × 10^286 |
| 64 | lv_79_m31 | 5.029363636608345 × 10^285 |
| 65 | ov_065 | 5.974286362509187 × 10^286 |
| 66 | ov_066 | 5.974267231536647 × 10^286 |
| 67 | ov_067 | 5.974262549148085 × 10^286 |
| 68 | ov_068 | 5.157507137852064 × 10^286 |
| 69 | ov_069 | 4.429635792309578 × 10^286 |
| 70 | ov_070 | 3.783403385863412 × 10^286 |
| 71 | ov_071 | 3.212010728960681 × 10^286 |
| 72 | ov_072 | 2.7090743646866845 × 10^286 |
| 73 | ov_073 | 2.268599031501696 × 10^286 |
| 74 | ov_074 | 1.8849526529590467 × 10^286 |
| 75 | ov_075 | 1.552843719442089 × 10^286 |
| 76 | ov_076 | 1.2673009312540522 × 10^286 |
| 77 | ov_077 | 1.0236549758551056 × 10^286 |
| 78 | ov_078 | 8.175223147833827 × 10^285 |
| 79 | ov_079 | 6.447908579315946 × 10^285 |
| 80 | ov_080 | 5.0160740448006154 × 10^285 |
| 81 | ov_081 | 3.843667310045372 × 10^285 |
| 82 | ov_082 | 2.897022081687627 × 10^285 |
| 83 | ov_083 | 2.144778280541236 × 10^285 |
| 84 | ov_084 | 1.5578152463672723 × 10^285 |
| 85 | ov_085 | 1.109196702446677 × 10^285 |
| 86 | ov_086 | 7.741263104974545 × 10^284 |
| 87 | ov_087 | 5.29912647940646 × 10^284 |
| 88 | ov_088 | 3.559424404330532 × 10^284 |
| 89 | ov_089 | 2.3366088311707884 × 10^284 |
| 90 | ov_090 | 1.4655788432081797 × 10^284 |
| 91 | ov_091 | 8.688819067747513 × 10^283 |
| 92 | ov_092 | 4.792267708665398 × 10^283 |
| 93 | ov_093 | 2.394640347901975 × 10^283 |
| 94 | ov_094 | 1.0257659890099104 × 10^283 |
| 95 | aaa_78_28 | 3.1675765788390506 × 10^282 |
| 96 | aaa_78_29 | 9.728289397848132 × 10^281 |
| 97 | ov_097 | 6.425414809431704 × 10^281 |
| 98 | ov_098 | 6.4252227159267704 × 10^281 |
| 99 | ov_099 | 6.425161389430428 × 10^281 |
| 100 | ov_100 | 5.782259482118279 × 10^281 |
| 101 | ov_101 | 5.1867237134935946 × 10^281 |
| 102 | ov_102 | 4.6359653944192915 × 10^281 |
| 103 | ov_103 | 4.1275847113918775 × 10^281 |
| 104 | ov_104 | 3.659345854589816 × 10^281 |
| 105 | ov_105 | 3.2291544344260845 × 10^281 |
| 106 | ov_106 | 2.8350370699630703 × 10^281 |
| 107 | ov_107 | 2.4751230365134803 × 10^281 |
| 108 | ov_108 | 2.147627862886217 × 10^281 |
| 109 | ov_109 | 1.850838771163911 × 10^281 |
| 110 | ov_110 | 1.58310185372782 × 10^281 |
| 111 | ov_111 | 1.3428108835801765 × 10^281 |
| 112 | ov_112 | 1.1283976549504465 × 10^281 |
| 113 | ov_113 | 9.383237517990553 × 10^280 |
| 114 | ov_114 | 7.710736422311423 × 10^280 |
| 115 | ov_115 | 6.251489970763847 × 10^280 |
| 116 | ov_116 | 4.990641310393848 × 10^280 |
| 117 | ov_117 | 3.9134246492094315 × 10^280 |
| 118 | ov_118 | 3.0051390747656356 × 10^280 |
| 119 | ov_119 | 2.2511297224878696 × 10^280 |
| 120 | ov_120 | 1.636773741308443 × 10^280 |
| 121 | ov_121 | 1.1474695904482401 × 10^280 |
| 122 | ov_122 | 7.686291606765956 × 10^279 |
| 123 | ov_123 | 4.856722134167006 × 10^279 |
| 124 | ov_124 | 2.840226310709516 × 10^279 |
| 125 | ov_125 | 1.4910609512048194 × 10^279 |
| 126 | ov_126 | 6.634890232092457 × 10^278 |
| 127 | aaa_77_28 | 2.1177510546660217 × 10^278 |
| 128 | aaa_77_29 | 7.934194347671884 × 10^277 |
| 129 | ov_129 | 7.296788189559633 × 10^277 |
| 130 | ov_130 | 7.296766364538461 × 10^277 |
| 131 | ov_131 | 7.296761093379222 × 10^277 |
| 132 | ov_132 | 6.315171161032327 × 10^277 |
| 133 | ov_133 | 5.43700154388383 × 10^277 |
| 134 | ov_134 | 4.654422589644635 × 10^277 |
| 135 | ov_135 | 3.960017467292998 × 10^277 |
| 136 | ov_136 | 3.34675250382064 × 10^277 |
| 137 | ov_137 | 2.807951805472868 × 10^277 |
| 138 | ov_138 | 2.337275743410095 × 10^277 |
| 139 | ov_139 | 1.9287029048121023 × 10^277 |
| 140 | ov_140 | 1.5765151309943464 × 10^277 |
| 141 | ov_141 | 1.2752852842434693 × 10^277 |
| 142 | ov_142 | 1.0198674049186666 × 10^277 |
| 143 | ov_143 | 8.053889399960114 × 10^276 |
| 144 | ov_144 | 6.272447437227066 × 10^276 |
| 145 | ov_145 | 4.8109257044680013 × 10^276 |
| 146 | ov_146 | 3.6284979902779824 × 10^276 |
| 147 | ov_147 | 2.686911475341846 × 10^276 |
| 148 | ov_148 | 1.9504715620624373 × 10^276 |
| 149 | ov_149 | 1.3860323591373414 × 10^276 |
| 150 | ov_150 | 9.629909857321517 × 10^275 |
| 151 | ov_151 | 6.53284130811619 × 10^275 |
| 152 | ov_152 | 4.313857860427829 × 10^275 |
| 153 | ov_153 | 2.743056388130127 × 10^275 |
| 154 | ov_154 | 1.6158795063400217 × 10^275 |
| 155 | ov_155 | 8.363837986447245 × 10^274 |
| 156 | aaa_76_25 | 3.2129377657071504 × 10^274 |
| 157 | aaa_76_26 | 1.8544138640259802 × 10^274 |
| 158 | aaa_76_27 | 9.486773299032975 × 10^273 |
| 159 | aaa_76_28 | 3.690776623168041 × 10^273 |
| 160 | aaa_76_29 | 1.1215240191585091 × 10^273 |

### Output Bits Sorted by Complexity

| Rank | Output Bit | Complexity |
|:----:|:----------:|:----------:|
| 160 | aaa_76_29 | 1.1215240191585091 × 10^273 |
| 159 | aaa_76_28 | 3.690776623168041 × 10^273 |
| 158 | aaa_76_27 | 9.486773299032975 × 10^273 |
| 157 | aaa_76_26 | 1.8544138640259802 × 10^274 |
| 156 | aaa_76_25 | 3.2129377657071504 × 10^274 |
| 155 | ov_155 | 8.363837986447245 × 10^274 |
| 154 | ov_154 | 1.6158795063400217 × 10^275 |
| 153 | ov_153 | 2.743056388130127 × 10^275 |
| 152 | ov_152 | 4.313857860427829 × 10^275 |
| 151 | ov_151 | 6.53284130811619 × 10^275 |
| 150 | ov_150 | 9.629909857321517 × 10^275 |
| 149 | ov_149 | 1.3860323591373414 × 10^276 |
| 148 | ov_148 | 1.9504715620624373 × 10^276 |
| 147 | ov_147 | 2.686911475341846 × 10^276 |
| 146 | ov_146 | 3.6284979902779824 × 10^276 |
| 145 | ov_145 | 4.8109257044680013 × 10^276 |
| 144 | ov_144 | 6.272447437227066 × 10^276 |
| 143 | ov_143 | 8.053889399960114 × 10^276 |
| 142 | ov_142 | 1.0198674049186666 × 10^277 |
| 141 | ov_141 | 1.2752852842434693 × 10^277 |
| 140 | ov_140 | 1.5765151309943464 × 10^277 |
| 139 | ov_139 | 1.9287029048121023 × 10^277 |
| 138 | ov_138 | 2.337275743410095 × 10^277 |
| 137 | ov_137 | 2.807951805472868 × 10^277 |
| 136 | ov_136 | 3.34675250382064 × 10^277 |
| 135 | ov_135 | 3.960017467292998 × 10^277 |
| 134 | ov_134 | 4.654422589644635 × 10^277 |
| 133 | ov_133 | 5.43700154388383 × 10^277 |
| 132 | ov_132 | 6.315171161032327 × 10^277 |
| 131 | ov_131 | 7.296761093379222 × 10^277 |
| 130 | ov_130 | 7.296766364538461 × 10^277 |
| 129 | ov_129 | 7.296788189559633 × 10^277 |
| 128 | aaa_77_29 | 7.934194347671884 × 10^277 |
| 127 | aaa_77_28 | 2.1177510546660217 × 10^278 |
| 126 | ov_126 | 6.634890232092457 × 10^278 |
| 125 | ov_125 | 1.4910609512048194 × 10^279 |
| 124 | ov_124 | 2.840226310709516 × 10^279 |
| 123 | ov_123 | 4.856722134167006 × 10^279 |
| 122 | ov_122 | 7.686291606765956 × 10^279 |
| 121 | ov_121 | 1.1474695904482401 × 10^280 |
| 120 | ov_120 | 1.636773741308443 × 10^280 |
| 119 | ov_119 | 2.2511297224878696 × 10^280 |
| 118 | ov_118 | 3.0051390747656356 × 10^280 |
| 117 | ov_117 | 3.9134246492094315 × 10^280 |
| 116 | ov_116 | 4.990641310393848 × 10^280 |
| 115 | ov_115 | 6.251489970763847 × 10^280 |
| 114 | ov_114 | 7.710736422311423 × 10^280 |
| 113 | ov_113 | 9.383237517990553 × 10^280 |
| 112 | ov_112 | 1.1283976549504465 × 10^281 |
| 111 | ov_111 | 1.3428108835801765 × 10^281 |
| 110 | ov_110 | 1.58310185372782 × 10^281 |
| 109 | ov_109 | 1.850838771163911 × 10^281 |
| 108 | ov_108 | 2.147627862886217 × 10^281 |
| 107 | ov_107 | 2.4751230365134803 × 10^281 |
| 106 | ov_106 | 2.8350370699630703 × 10^281 |
| 105 | ov_105 | 3.2291544344260845 × 10^281 |
| 104 | ov_104 | 3.659345854589816 × 10^281 |
| 103 | ov_103 | 4.1275847113918775 × 10^281 |
| 102 | ov_102 | 4.6359653944192915 × 10^281 |
| 101 | ov_101 | 5.1867237134935946 × 10^281 |
| 100 | ov_100 | 5.782259482118279 × 10^281 |
| 99 | ov_099 | 6.425161389430428 × 10^281 |
| 98 | ov_098 | 6.4252227159267704 × 10^281 |
| 97 | ov_097 | 6.425414809431704 × 10^281 |
| 96 | aaa_78_29 | 9.728289397848132 × 10^281 |
| 95 | aaa_78_28 | 3.1675765788390506 × 10^282 |
| 94 | ov_094 | 1.0257659890099104 × 10^283 |
| 93 | ov_093 | 2.394640347901975 × 10^283 |
| 92 | ov_092 | 4.792267708665398 × 10^283 |
| 91 | ov_091 | 8.688819067747513 × 10^283 |
| 90 | ov_090 | 1.4655788432081797 × 10^284 |
| 89 | ov_089 | 2.3366088311707884 × 10^284 |
| 88 | ov_088 | 3.559424404330532 × 10^284 |
| 87 | ov_087 | 5.29912647940646 × 10^284 |
| 86 | ov_086 | 7.741263104974545 × 10^284 |
| 85 | ov_085 | 1.109196702446677 × 10^285 |
| 84 | ov_084 | 1.5578152463672723 × 10^285 |
| 83 | ov_083 | 2.144778280541236 × 10^285 |
| 82 | ov_082 | 2.897022081687627 × 10^285 |
| 81 | ov_081 | 3.843667310045372 × 10^285 |
| 80 | ov_080 | 5.0160740448006154 × 10^285 |
| 64 | lv_79_m31 | 5.029363636608345 × 10^285 |
| 79 | ov_079 | 6.447908579315946 × 10^285 |
| 78 | ov_078 | 8.175223147833827 × 10^285 |
| 77 | ov_077 | 1.0236549758551056 × 10^286 |
| 76 | ov_076 | 1.2673009312540522 × 10^286 |
| 75 | ov_075 | 1.552843719442089 × 10^286 |
| 74 | ov_074 | 1.8849526529590467 × 10^286 |
| 73 | ov_073 | 2.268599031501696 × 10^286 |
| 63 | ov_063 | 2.583138113305092 × 10^286 |
| 72 | ov_072 | 2.7090743646866845 × 10^286 |
| 71 | ov_071 | 3.212010728960681 × 10^286 |
| 70 | ov_070 | 3.783403385863412 × 10^286 |
| 69 | ov_069 | 4.429635792309578 × 10^286 |
| 68 | ov_068 | 5.157507137852064 × 10^286 |
| 67 | ov_067 | 5.974262549148085 × 10^286 |
| 66 | ov_066 | 5.974267231536647 × 10^286 |
| 65 | ov_065 | 5.974286362509187 × 10^286 |
| 62 | ov_062 | 1.3264355499781562 × 10^287 |
| 61 | ov_061 | 4.839169750692673 × 10^287 |
| 60 | ov_060 | 1.386450276583459 × 10^288 |
| 59 | ov_059 | 3.348190816776932 × 10^288 |
| 58 | ov_058 | 6.79985206114553 × 10^288 |
| 57 | ov_057 | 1.2292698021767246 × 10^289 |
| 56 | ov_056 | 2.0498548570058583 × 10^289 |
| 55 | ov_055 | 3.220979384630464 × 10^289 |
| 54 | ov_054 | 4.833942531144619 × 10^289 |
| 53 | ov_053 | 6.992109421064308 × 10^289 |
| 52 | ov_052 | 9.914286344996027 × 10^289 |
| 51 | ov_051 | 1.3843447837425672 × 10^290 |
| 50 | ov_050 | 1.90467773818869 × 10^290 |
| 49 | ov_049 | 2.581572757544798 × 10^290 |
| 48 | ov_048 | 3.446610631745127 × 10^290 |
| 47 | ov_047 | 4.533819882761983 × 10^290 |
| 32 | lv_80_m31 | 5.5610736524624936 × 10^290 |
| 46 | ov_046 | 5.879693884897144 × 10^290 |
| 45 | ov_045 | 7.523214470623465 × 10^290 |
| 44 | ov_044 | 9.505883754641108 × 10^290 |
| 43 | ov_043 | 1.1871766076288935 × 10^291 |
| 42 | ov_042 | 1.4667542130422845 × 10^291 |
| 41 | ov_041 | 1.7942577530045978 × 10^291 |
| 40 | ov_040 | 2.1723644639963702 × 10^291 |
| 39 | ov_039 | 2.6038982243944013 × 10^291 |
| 31 | ov_031 | 2.852332390987883 × 10^291 |
| 38 | ov_038 | 3.094660380796693 × 10^291 |
| 37 | ov_037 | 3.650767746089697 × 10^291 |
| 36 | ov_036 | 4.27867067590909 × 10^291 |
| 35 | ov_035 | 4.985174327109176 × 10^291 |
| 34 | ov_034 | 5.777463460662049 × 10^291 |
| 33 | ov_033 | 6.663131174957224 × 10^291 |
| 30 | ov_030 | 1.4627444935855042 × 10^292 |
| 29 | ov_029 | 4.785961637731468 × 10^292 |
| 28 | ov_028 | 1.2423939428271058 × 10^293 |
| 27 | ov_027 | 2.7773333203305516 × 10^293 |
| 26 | ov_026 | 5.554696874563692 × 10^293 |
| 25 | ov_025 | 1.0177385763738724 × 10^294 |
| 24 | ov_024 | 1.73799255846136 × 10^294 |
| 23 | ov_023 | 2.876300909062742 × 10^294 |
| 22 | ov_022 | 4.6190653339433095 × 10^294 |
| 21 | ov_021 | 7.17903236590777 × 10^294 |
| 20 | ov_020 | 1.0795316001604994 × 10^295 |
| 19 | ov_019 | 1.5733434704352702 × 10^295 |
| 18 | ov_018 | 2.2285367665494046 × 10^295 |
| 17 | ov_017 | 3.076963618134483 × 10^295 |
| 16 | ov_016 | 4.1531416967537384 × 10^295 |
| 15 | ov_015 | 5.494269623134918 × 10^295 |
| 14 | ov_014 | 7.140247751011981 × 10^295 |
| 13 | ov_013 | 9.133706083490926 × 10^295 |
| 12 | ov_012 | 1.1520041362698704 × 10^296 |
| 11 | ov_011 | 1.43474655674338 × 10^296 |
| 10 | ov_010 | 1.7667068248098563 × 10^296 |
| 9 | ov_009 | 2.1532895323610774 × 10^296 |
| 8 | ov_008 | 2.600204716161172 × 10^296 |
| 7 | ov_007 | 3.113479896156941 × 10^296 |
| 6 | ov_006 | 3.6994746660911286 × 10^296 |
| 5 | ov_005 | 4.364898178784617 × 10^296 |
| 4 | ov_004 | 5.116829889194774 × 10^296 |
| 3 | ov_003 | 5.9627439142302196 × 10^296 |
| 2 | ov_002 | 6.9105373126603766 × 10^296 |
| 1 | ov_001 | 7.968562557537637 × 10^296 |

