# Results for F001-F002-F003-F004-F005-F006-F007-F008-F009-F010-F011-F012-F013-F014-F015-F016-F017-F018-F019-F020-F021-F022-F023-F024-F025-F026-F027-F028-F029-F030-F031-F032-F033-F034-F035-F036-F037-F038-F039-F040-F041-F042-F043-F044-F045-F046-F047-F048-F049-F050-F051-F052-F053-F054-F055-F056-F057-F058-F059-F060-F061-F062-F063-F064-F065-F066-F067-F068-F069-F070-F071-F072-F073-F074-F075-F076-F077-F078-F079-F080-F081-F082-F083-F084-F085-F086-F087-F088-F089-F090-F091-F092-F093-F094-F095-F096-F097-F098-F099-F100-F101-F102-F103-F104-F105-F106-F107-F108-F109-F110-F111-F112-F113-F114-F115-F116-F117-F118-F119-F120-F121-F122-F123-F124-F125-F126-F127-F128-F129-F130-F131-F132-F133-F134-F135-F136-F137-F138-F139-F140-F141-F142-F143-F144-F145-F146-F147-F148-F149-F150-F151-F152-F153-F154-F155-F156-F157-F158-F159-F160-F161-F162-F163-F164-F165-F166-F167-F168-F169-F170-F171-F172-F173-F174-F175-F176-F177-F178-F179-F180-F181-F182-F183-F184-F185-F186-F187-F188-F189-F190-F191-F192-F193-F194-F195-F196-F197-F198-F199-F200-F201-F202-F203-F204-F205-F206-F207-F208-F209-F210-F211-F212-F213-F214-F215-F216-F217-F218-F219-F220-F221-F222-F223-F224-F225-F226-F227-F228-F229-F230-F231-F232-F233-F234-F235-F236-F237-F238-F239-F240-F241-F242-F243-F244-F245-F246-F247-F248-F249-F250-F251-F252-F253-F254-F255-F256-F257-F258-F259-F260-F261-F262-F263-F264-F265-F266-F267-F268-F269-F270-F271-F272-F273-F274-F275-F276-F277-F278-F279-F280-F281-F282-F283-F284-F285-F286-F287-F288-F289-F290-F291-F292-F293-F294-F295-F296-F297-F298-F299-F300-F301-F302-F303-F304-F305-F306-F307-F308-F309-F310-F311-F312-F313-F314-F315-F316-F317-F318-F319-F320-F321-F322-F323-F324-F325-F326-F327-F328-F329-F330-F331-F332-F333-F334-F335-F336-F337-F338-F339-F340-F341-F342-F343-F344-F345-F346-F347-F348-F349-F350-F351-F352-F353-F354-F355-F356-F357-F358-F359-F360-F361-F362-F363-F364-F365-F366-F367-F368-F369-F370-F371-F372-F373-F374-F375-F376-F377-F378-F379-F380-F381-F382-F383-F384-F385-F386-F387-F388-F389-F390-F391-F392-F393-F394-F395-F396-F397-F398-F399-F400-F401-F402-F403-F404-F405-F406-F407-F408-F409-F410-F411-F412-F413-F414-F415-F416-F417-F418-F419-F420-F421-F422-F423-F424-F425-F426-F427-F428-F429-F430-F431-F432-F433-F434-F435-F436-F437-F438-F439-F440-F441-F442-F443-F444-F445-F446-F447-F448-F449-F450-F451-F452-F453-F454-F455-F456-F457-F458-F459-F460-F461-F462-F463-F464-F465-F466-F467-F468-F469-F470-F471-F472-F473-F474-F475-F476-F477-F478-F479-F480-F481-F482-F483-F484-F485-F486-F487-F488-F489-F490-F491-F492-F493-F494-F495-F496-E500501-F505-F508-F509-F510-F511-F512

## Summary

Number of input bits: 512  
Number of free input bits: 9  
Number of output bits: 160

Number of direct occurrences: 36059  
Number of assignments: 30633  
Number of operations: 10641570
(xor: 10613774,
and: 14708,
or: 13088)

Total complexity: 1.0199314277972332 × 10^295

Least occurring input variable: iv_504 (3861)  
Most occurring input variable: iv_507 (4207)

Most co-occurring input variables: iv_502-iv_503 (2026)  
Least co-occurring input variables: iv_500-iv_504 (1789)

Potentially most occurring input variable: iv_506/iv_507 (4566)  
Potentially least occurring input variable: iv_499/iv_504 (4081)

Least output occurring input variable: iv_503 (72)  
Most output occurring input variable: iv_506 (93)

Most output co-occurring input variables: iv_498-iv_506 (54)  
Least output co-occurring input variables: iv_497-iv_502 (28)

Potentially most output occurring input variable: iv_497/iv_502 (97)  
Potentially least output occurring input variable: iv_497/iv_500 (69)

Least complex input bit: iv_497 (1.5217239139444849 × 10^293)  
Most complex input bit: iv_502 (2.3517470383907388 × 10^294)

Least complex output bit: aaa_76_29 (2.827376939069388 × 10^270)  
Most complex output bit: ov_001 (1.6457353023854852 × 10^294)

Least complex input/output complexity: iv_497/aaa_76_29 (4.218408203391874 × 10^268)  
Most complex input/output complexity: iv_502/ov_001 (3.794718956468503 × 10^293)

## Input Bits

### Input Bits in Regular Order

| Input Bit | Complexity | Occurrences | Output Occurrences |
|:---------:|:----------:|:-----------:|:------------------:|
| iv_497 | 1.5217239139444849 × 10^293 | 3992 | 77 |
| iv_498 | 3.0356098444717864 × 10^293 | 3881 | 88 |
| iv_499 | 5.338085973221075 × 10^293 | 3874 | 81 |
| iv_500 | 1.8248333682396238 × 10^294 | 4066 | 80 |
| iv_502 | 2.3517470383907388 × 10^294 | 4101 | 76 |
| iv_503 | 1.3634273297363897 × 10^294 | 4038 | 72 |
| iv_504 | 6.844908953903794 × 10^293 | 3861 | 78 |
| iv_506 | 1.3766971142964867 × 10^294 | 4039 | 93 |
| iv_507 | 1.6085765587549944 × 10^294 | 4207 | 83 |

### Input Bits Sorted by Complexity

| Input Bit | Complexity | Occurrences | Output Occurrences |
|:---------:|:----------:|:-----------:|:------------------:|
| iv_497 | 1.5217239139444849 × 10^293 | 3992 | 77 |
| iv_498 | 3.0356098444717864 × 10^293 | 3881 | 88 |
| iv_499 | 5.338085973221075 × 10^293 | 3874 | 81 |
| iv_504 | 6.844908953903794 × 10^293 | 3861 | 78 |
| iv_503 | 1.3634273297363897 × 10^294 | 4038 | 72 |
| iv_506 | 1.3766971142964867 × 10^294 | 4039 | 93 |
| iv_507 | 1.6085765587549944 × 10^294 | 4207 | 83 |
| iv_500 | 1.8248333682396238 × 10^294 | 4066 | 80 |
| iv_502 | 2.3517470383907388 × 10^294 | 4101 | 76 |

### Input Bits Sorted by Occurrences

| Input Bit | Complexity | Occurrences | Output Occurrences |
|:---------:|:----------:|:-----------:|:------------------:|
| iv_504 | 6.844908953903794 × 10^293 | 3861 | 78 |
| iv_499 | 5.338085973221075 × 10^293 | 3874 | 81 |
| iv_498 | 3.0356098444717864 × 10^293 | 3881 | 88 |
| iv_497 | 1.5217239139444849 × 10^293 | 3992 | 77 |
| iv_503 | 1.3634273297363897 × 10^294 | 4038 | 72 |
| iv_506 | 1.3766971142964867 × 10^294 | 4039 | 93 |
| iv_500 | 1.8248333682396238 × 10^294 | 4066 | 80 |
| iv_502 | 2.3517470383907388 × 10^294 | 4101 | 76 |
| iv_507 | 1.6085765587549944 × 10^294 | 4207 | 83 |

### Input Bits Sorted by Output Occurrences

| Input Bit | Complexity | Occurrences | Output Occurrences |
|:---------:|:----------:|:-----------:|:------------------:|
| iv_503 | 1.3634273297363897 × 10^294 | 4038 | 72 |
| iv_502 | 2.3517470383907388 × 10^294 | 4101 | 76 |
| iv_497 | 1.5217239139444849 × 10^293 | 3992 | 77 |
| iv_504 | 6.844908953903794 × 10^293 | 3861 | 78 |
| iv_500 | 1.8248333682396238 × 10^294 | 4066 | 80 |
| iv_499 | 5.338085973221075 × 10^293 | 3874 | 81 |
| iv_507 | 1.6085765587549944 × 10^294 | 4207 | 83 |
| iv_498 | 3.0356098444717864 × 10^293 | 3881 | 88 |
| iv_506 | 1.3766971142964867 × 10^294 | 4039 | 93 |

## Input Bit Co-occurrences

### Input Bit Co-occurrences Sorted by Co-occurrences

| Input Bits | Co-occurrences | Potential Occurrences | Output Co-occurrences | Potential Output Occurrences |
|:----------:|:--------------:|:---------------------:|:---------------------:|:----------------------------:|
| iv_502-iv_503 | 2026 | 4087 | 32 | 84 |
| iv_502-iv_506 | 1982 | 4176 | 48 | 73 |
| iv_500-iv_507 | 1973 | 4327 | 41 | 81 |
| iv_497-iv_507 | 1971 | 4257 | 41 | 78 |
| iv_502-iv_507 | 1971 | 4366 | 42 | 75 |
| iv_503-iv_507 | 1960 | 4325 | 36 | 83 |
| iv_499-iv_507 | 1959 | 4163 | 41 | 82 |
| iv_500-iv_502 | 1941 | 4285 | 37 | 82 |
| iv_500-iv_503 | 1910 | 4284 | 41 | 70 |

### Input Bit Co-occurrences Sorted by Potential Occurrences

| Input Bits | Co-occurrences | Potential Occurrences | Output Co-occurrences | Potential Output Occurrences |
|:----------:|:--------------:|:---------------------:|:---------------------:|:----------------------------:|
| iv_499-iv_504 | 1827 | 4081 | 38 | 83 |
| iv_502-iv_503 | 2026 | 4087 | 32 | 84 |
| iv_498-iv_504 | 1804 | 4134 | 46 | 74 |
| iv_497-iv_499 | 1860 | 4146 | 40 | 78 |
| iv_499-iv_503 | 1882 | 4148 | 36 | 81 |
| iv_504-iv_506 | 1873 | 4154 | 45 | 81 |
| iv_499-iv_507 | 1959 | 4163 | 41 | 82 |
| iv_499-iv_500 | 1888 | 4164 | 43 | 75 |
| iv_498-iv_499 | 1793 | 4169 | 48 | 73 |

### Input Bit Output Co-occurrences Sorted by Output Co-occurrences

| Input Bits | Co-occurrences | Potential Occurrences | Output Co-occurrences | Potential Output Occurrences |
|:----------:|:--------------:|:---------------------:|:---------------------:|:----------------------------:|
| iv_498-iv_506 | 1873 | 4174 | 54 | 73 |
| iv_499-iv_506 | 1829 | 4255 | 49 | 76 |
| iv_498-iv_499 | 1793 | 4169 | 48 | 73 |
| iv_502-iv_506 | 1982 | 4176 | 48 | 73 |
| iv_498-iv_500 | 1823 | 4301 | 47 | 74 |
| iv_498-iv_504 | 1804 | 4134 | 46 | 74 |
| iv_497-iv_498 | 1824 | 4225 | 46 | 73 |
| iv_504-iv_506 | 1873 | 4154 | 45 | 81 |
| iv_504-iv_507 | 1880 | 4308 | 44 | 73 |

### Input Bit Output Co-occurrences Sorted by Potential Output Occurrences

| Input Bits | Co-occurrences | Potential Occurrences | Output Co-occurrences | Potential Output Occurrences |
|:----------:|:--------------:|:---------------------:|:---------------------:|:----------------------------:|
| iv_497-iv_500 | 1868 | 4322 | 44 | 69 |
| iv_500-iv_503 | 1910 | 4284 | 41 | 70 |
| iv_504-iv_507 | 1880 | 4308 | 44 | 73 |
| iv_498-iv_499 | 1793 | 4169 | 48 | 73 |
| iv_498-iv_506 | 1873 | 4174 | 54 | 73 |
| iv_499-iv_502 | 1902 | 4171 | 42 | 73 |
| iv_502-iv_506 | 1982 | 4176 | 48 | 73 |
| iv_497-iv_498 | 1824 | 4225 | 46 | 73 |
| iv_498-iv_504 | 1804 | 4134 | 46 | 74 |

## Output Bits

### Output Bits in Regular Order

| Rank | Output Bit | Complexity |
|:----:|:----------:|:----------:|
| 1 | ov_001 | 1.6457353023854852 × 10^294 |
| 2 | ov_002 | 1.4250978597521484 × 10^294 |
| 3 | ov_003 | 1.2276649440036729 × 10^294 |
| 4 | ov_004 | 1.0516669740306335 × 10^294 |
| 5 | ov_005 | 8.95430770127902 × 10^293 |
| 6 | ov_006 | 7.573726348861547 × 10^293 |
| 7 | ov_007 | 6.359923451455578 × 10^293 |
| 8 | ov_008 | 5.298679989713345 × 10^293 |
| 9 | ov_009 | 4.376516480289485 × 10^293 |
| 10 | ov_010 | 3.580656329625847 × 10^293 |
| 11 | ov_011 | 2.8989953843131508 × 10^293 |
| 12 | ov_012 | 2.3200768921709784 × 10^293 |
| 13 | ov_013 | 1.8330711349064105 × 10^293 |
| 14 | ov_014 | 1.4277590392561916 × 10^293 |
| 15 | ov_015 | 1.0945191190534622 × 10^293 |
| 16 | ov_016 | 8.243171778665462 × 10^292 |
| 17 | ov_017 | 6.086983108348389 × 10^292 |
| 18 | ov_018 | 4.3978078900854795 × 10^292 |
| 19 | ov_019 | 3.1025141365774893 × 10^292 |
| 20 | ov_020 | 2.1336200878512074 × 10^292 |
| 21 | ov_021 | 1.4292682451831126 × 10^292 |
| 22 | ov_022 | 9.332067271907082 × 10^291 |
| 23 | ov_023 | 5.947763830220907 × 10^291 |
| 24 | ov_024 | 3.68902319040765 × 10^291 |
| 25 | ov_025 | 2.160887168226719 × 10^291 |
| 26 | ov_026 | 1.1798196230678322 × 10^291 |
| 27 | ov_027 | 5.9016089575308 × 10^290 |
| 28 | ov_028 | 2.641238938324362 × 10^290 |
| 29 | ov_029 | 1.0179275274976495 × 10^290 |
| 30 | ov_030 | 3.112248512998851 × 10^289 |
| 31 | ov_031 | 6.070191402244166 × 10^288 |
| 32 | lv_80_m31 | 1.1834977375285507 × 10^288 |
| 33 | ov_033 | 1.4118159017616262 × 10^289 |
| 34 | ov_034 | 1.224944022536402 × 10^289 |
| 35 | ov_035 | 1.0575327300242712 × 10^289 |
| 36 | ov_036 | 9.078409589421723 × 10^288 |
| 37 | ov_037 | 7.742209137734934 × 10^288 |
| 38 | ov_038 | 6.558711400093462 × 10^288 |
| 39 | ov_039 | 5.513117302216622 × 10^288 |
| 40 | ov_040 | 4.591391077519157 × 10^288 |
| 41 | ov_041 | 3.7867001403754594 × 10^288 |
| 42 | ov_042 | 3.0925637820598775 × 10^288 |
| 43 | ov_043 | 2.502837453382544 × 10^288 |
| 44 | ov_044 | 2.0061904988296044 × 10^288 |
| 45 | ov_045 | 1.5919081685433816 × 10^288 |
| 46 | ov_046 | 1.2498760328378505 × 10^288 |
| 47 | ov_047 | 9.705677323743022 × 10^287 |
| 48 | ov_048 | 7.450355222452229 × 10^287 |
| 49 | ov_049 | 5.649031100338064 × 10^287 |
| 50 | ov_050 | 4.223603289630418 × 10^287 |
| 51 | ov_051 | 3.1015922769265097 × 10^287 |
| 52 | ov_052 | 2.2481597172834402 × 10^287 |
| 53 | ov_053 | 1.6019927117774999 × 10^287 |
| 54 | ov_054 | 1.1073368243544725 × 10^287 |
| 55 | ov_055 | 7.377029707768365 × 10^286 |
| 56 | ov_056 | 4.693744314030906 × 10^286 |
| 57 | ov_057 | 2.814044208207916 × 10^286 |
| 58 | ov_058 | 1.5561467587640148 × 10^286 |
| 59 | ov_059 | 7.659470573020415 × 10^285 |
| 60 | ov_060 | 3.1701443843573 × 10^285 |
| 61 | ov_061 | 1.105911966702441 × 10^285 |
| 62 | ov_062 | 3.0297555269779175 × 10^284 |
| 63 | ov_063 | 5.89690326233857 × 10^283 |
| 64 | lv_79_m31 | 1.147475710594883 × 10^283 |
| 65 | ov_065 | 1.3638747360307726 × 10^284 |
| 66 | ov_066 | 1.3638701155346927 × 10^284 |
| 67 | ov_067 | 1.3638689846419634 × 10^284 |
| 68 | ov_068 | 1.1756534120927987 × 10^284 |
| 69 | ov_069 | 1.0083234123830193 × 10^284 |
| 70 | ov_070 | 8.601293596406848 × 10^283 |
| 71 | ov_071 | 7.294293180671102 × 10^283 |
| 72 | ov_072 | 6.146817468602778 × 10^283 |
| 73 | ov_073 | 5.144388493742757 × 10^283 |
| 74 | ov_074 | 4.273405326744694 × 10^283 |
| 75 | ov_075 | 3.521089449084837 × 10^283 |
| 76 | ov_076 | 2.875435589441862 × 10^283 |
| 77 | ov_077 | 2.3251677155495183 × 10^283 |
| 78 | ov_078 | 1.859699880871467 × 10^283 |
| 79 | ov_079 | 1.4691016305258712 × 10^283 |
| 80 | ov_080 | 1.1440676747566824 × 10^283 |
| 81 | ov_081 | 8.758915411483929 × 10^282 |
| 82 | ov_082 | 6.603666440402221 × 10^282 |
| 83 | ov_083 | 4.8991958561154233 × 10^282 |
| 84 | ov_084 | 3.575177553964254 × 10^282 |
| 85 | ov_085 | 2.5665604467099645 × 10^282 |
| 86 | ov_086 | 1.8134611827424847 × 10^282 |
| 87 | ov_087 | 1.2610796167548647 × 10^282 |
| 88 | ov_088 | 8.596342133309371 × 10^281 |
| 89 | ov_089 | 5.643145652412115 × 10^281 |
| 90 | ov_090 | 3.539532973199236 × 10^281 |
| 91 | ov_091 | 2.0984532120468982 × 10^281 |
| 92 | ov_092 | 1.15739501042462 × 10^281 |
| 93 | ov_093 | 5.783397038790485 × 10^280 |
| 94 | ov_094 | 2.477383214067581 × 10^280 |
| 95 | aaa_78_28 | 7.650219988613844 × 10^279 |
| 96 | aaa_78_29 | 2.349556271012099 × 10^279 |
| 97 | ov_097 | 1.5517117817664934 × 10^279 |
| 98 | ov_098 | 1.5516655833545632 × 10^279 |
| 99 | ov_099 | 1.551650846351004 × 10^279 |
| 100 | ov_100 | 1.3963998230970963 × 10^279 |
| 101 | ov_101 | 1.2525793406112418 × 10^279 |
| 102 | ov_102 | 1.1195668711011134 × 10^279 |
| 103 | ov_103 | 9.96785082424617 × 10^278 |
| 104 | ov_104 | 8.836958093617082 × 10^278 |
| 105 | ov_105 | 7.797946056751025 × 10^278 |
| 106 | ov_106 | 6.846058478455438 × 10^278 |
| 107 | ov_107 | 5.976783622610865 × 10^278 |
| 108 | ov_108 | 5.185815483296781 × 10^278 |
| 109 | ov_109 | 4.469019705041006 × 10^278 |
| 110 | ov_110 | 3.8224034224418836 × 10^278 |
| 111 | ov_111 | 3.242088252096146 × 10^278 |
| 112 | ov_112 | 2.724286678476041 × 10^278 |
| 113 | ov_113 | 2.2652820766119292 × 10^278 |
| 114 | ov_114 | 1.8614121117793016 × 10^278 |
| 115 | ov_115 | 1.5090552568928655 × 10^278 |
| 116 | ov_116 | 1.2046201686516952 × 10^278 |
| 117 | ov_117 | 9.445376637253342 × 10^277 |
| 118 | ov_118 | 7.252547922151701 × 10^277 |
| 119 | ov_119 | 5.432302938013385 × 10^277 |
| 120 | ov_120 | 3.9493103086915306 × 10^277 |
| 121 | ov_121 | 2.7682926946570743 × 10^277 |
| 122 | ov_122 | 1.8540067895570367 × 10^277 |
| 123 | ov_123 | 1.171229212587582 × 10^277 |
| 124 | ov_124 | 6.847470055018005 × 10^276 |
| 125 | ov_125 | 3.593517551026733 × 10^276 |
| 126 | ov_126 | 1.5983660058985746 × 10^276 |
| 127 | aaa_77_28 | 5.099508715444985 × 10^275 |
| 128 | aaa_77_29 | 1.9093358488043897 × 10^275 |
| 129 | ov_129 | 1.7542010530442327 × 10^275 |
| 130 | ov_130 | 1.754195558813964 × 10^275 |
| 131 | ov_131 | 1.7541942342933032 × 10^275 |
| 132 | ov_132 | 1.5162783840639333 × 10^275 |
| 133 | ov_133 | 1.303859695252071 × 10^275 |
| 134 | ov_134 | 1.1149643007258776 × 10^275 |
| 135 | ov_135 | 9.477202526424617 × 10^274 |
| 136 | ov_136 | 8.003502170368929 × 10^274 |
| 137 | ov_137 | 6.711652872185073 × 10^274 |
| 138 | ov_138 | 5.5855980028613064 × 10^274 |
| 139 | ov_139 | 4.610070468107036 × 10^274 |
| 140 | ov_140 | 3.7705576934417977 × 10^274 |
| 141 | ov_141 | 3.0532735093163116 × 10^274 |
| 142 | ov_142 | 2.4451360025606556 × 10^274 |
| 143 | ov_143 | 1.9337504545282724 × 10^274 |
| 144 | ov_144 | 1.5073965400723357 × 10^274 |
| 145 | ov_145 | 1.1550190150524867 × 10^274 |
| 146 | ov_146 | 8.712555583228074 × 10^273 |
| 147 | ov_147 | 6.463635632851012 × 10^273 |
| 148 | ov_148 | 4.712516073012481 × 10^273 |
| 149 | ov_149 | 3.37477595322466 × 10^273 |
| 150 | ov_150 | 2.3724757638025077 × 10^273 |
| 151 | ov_151 | 1.6341492992315309 × 10^273 |
| 152 | ov_152 | 1.0947976386448524 × 10^273 |
| 153 | ov_153 | 6.958847282371298 × 10^272 |
| 154 | ov_154 | 4.097577975063654 × 10^272 |
| 155 | ov_155 | 2.119933410609785 × 10^272 |
| 156 | aaa_76_25 | 8.139639037228802 × 10^271 |
| 157 | aaa_76_26 | 4.693487950697701 × 10^271 |
| 158 | aaa_76_27 | 2.398464901305602 × 10^271 |
| 159 | aaa_76_28 | 9.317948444916424 × 10^270 |
| 160 | aaa_76_29 | 2.827376939069388 × 10^270 |

### Output Bits Sorted by Complexity

| Rank | Output Bit | Complexity |
|:----:|:----------:|:----------:|
| 160 | aaa_76_29 | 2.827376939069388 × 10^270 |
| 159 | aaa_76_28 | 9.317948444916424 × 10^270 |
| 158 | aaa_76_27 | 2.398464901305602 × 10^271 |
| 157 | aaa_76_26 | 4.693487950697701 × 10^271 |
| 156 | aaa_76_25 | 8.139639037228802 × 10^271 |
| 155 | ov_155 | 2.119933410609785 × 10^272 |
| 154 | ov_154 | 4.097577975063654 × 10^272 |
| 153 | ov_153 | 6.958847282371298 × 10^272 |
| 152 | ov_152 | 1.0947976386448524 × 10^273 |
| 151 | ov_151 | 1.6341492992315309 × 10^273 |
| 150 | ov_150 | 2.3724757638025077 × 10^273 |
| 149 | ov_149 | 3.37477595322466 × 10^273 |
| 148 | ov_148 | 4.712516073012481 × 10^273 |
| 147 | ov_147 | 6.463635632851012 × 10^273 |
| 146 | ov_146 | 8.712555583228074 × 10^273 |
| 145 | ov_145 | 1.1550190150524867 × 10^274 |
| 144 | ov_144 | 1.5073965400723357 × 10^274 |
| 143 | ov_143 | 1.9337504545282724 × 10^274 |
| 142 | ov_142 | 2.4451360025606556 × 10^274 |
| 141 | ov_141 | 3.0532735093163116 × 10^274 |
| 140 | ov_140 | 3.7705576934417977 × 10^274 |
| 139 | ov_139 | 4.610070468107036 × 10^274 |
| 138 | ov_138 | 5.5855980028613064 × 10^274 |
| 137 | ov_137 | 6.711652872185073 × 10^274 |
| 136 | ov_136 | 8.003502170368929 × 10^274 |
| 135 | ov_135 | 9.477202526424617 × 10^274 |
| 134 | ov_134 | 1.1149643007258776 × 10^275 |
| 133 | ov_133 | 1.303859695252071 × 10^275 |
| 132 | ov_132 | 1.5162783840639333 × 10^275 |
| 131 | ov_131 | 1.7541942342933032 × 10^275 |
| 130 | ov_130 | 1.754195558813964 × 10^275 |
| 129 | ov_129 | 1.7542010530442327 × 10^275 |
| 128 | aaa_77_29 | 1.9093358488043897 × 10^275 |
| 127 | aaa_77_28 | 5.099508715444985 × 10^275 |
| 126 | ov_126 | 1.5983660058985746 × 10^276 |
| 125 | ov_125 | 3.593517551026733 × 10^276 |
| 124 | ov_124 | 6.847470055018005 × 10^276 |
| 123 | ov_123 | 1.171229212587582 × 10^277 |
| 122 | ov_122 | 1.8540067895570367 × 10^277 |
| 121 | ov_121 | 2.7682926946570743 × 10^277 |
| 120 | ov_120 | 3.9493103086915306 × 10^277 |
| 119 | ov_119 | 5.432302938013385 × 10^277 |
| 118 | ov_118 | 7.252547922151701 × 10^277 |
| 117 | ov_117 | 9.445376637253342 × 10^277 |
| 116 | ov_116 | 1.2046201686516952 × 10^278 |
| 115 | ov_115 | 1.5090552568928655 × 10^278 |
| 114 | ov_114 | 1.8614121117793016 × 10^278 |
| 113 | ov_113 | 2.2652820766119292 × 10^278 |
| 112 | ov_112 | 2.724286678476041 × 10^278 |
| 111 | ov_111 | 3.242088252096146 × 10^278 |
| 110 | ov_110 | 3.8224034224418836 × 10^278 |
| 109 | ov_109 | 4.469019705041006 × 10^278 |
| 108 | ov_108 | 5.185815483296781 × 10^278 |
| 107 | ov_107 | 5.976783622610865 × 10^278 |
| 106 | ov_106 | 6.846058478455438 × 10^278 |
| 105 | ov_105 | 7.797946056751025 × 10^278 |
| 104 | ov_104 | 8.836958093617082 × 10^278 |
| 103 | ov_103 | 9.96785082424617 × 10^278 |
| 102 | ov_102 | 1.1195668711011134 × 10^279 |
| 101 | ov_101 | 1.2525793406112418 × 10^279 |
| 100 | ov_100 | 1.3963998230970963 × 10^279 |
| 99 | ov_099 | 1.551650846351004 × 10^279 |
| 98 | ov_098 | 1.5516655833545632 × 10^279 |
| 97 | ov_097 | 1.5517117817664934 × 10^279 |
| 96 | aaa_78_29 | 2.349556271012099 × 10^279 |
| 95 | aaa_78_28 | 7.650219988613844 × 10^279 |
| 94 | ov_094 | 2.477383214067581 × 10^280 |
| 93 | ov_093 | 5.783397038790485 × 10^280 |
| 92 | ov_092 | 1.15739501042462 × 10^281 |
| 91 | ov_091 | 2.0984532120468982 × 10^281 |
| 90 | ov_090 | 3.539532973199236 × 10^281 |
| 89 | ov_089 | 5.643145652412115 × 10^281 |
| 88 | ov_088 | 8.596342133309371 × 10^281 |
| 87 | ov_087 | 1.2610796167548647 × 10^282 |
| 86 | ov_086 | 1.8134611827424847 × 10^282 |
| 85 | ov_085 | 2.5665604467099645 × 10^282 |
| 84 | ov_084 | 3.575177553964254 × 10^282 |
| 83 | ov_083 | 4.8991958561154233 × 10^282 |
| 82 | ov_082 | 6.603666440402221 × 10^282 |
| 81 | ov_081 | 8.758915411483929 × 10^282 |
| 80 | ov_080 | 1.1440676747566824 × 10^283 |
| 64 | lv_79_m31 | 1.147475710594883 × 10^283 |
| 79 | ov_079 | 1.4691016305258712 × 10^283 |
| 78 | ov_078 | 1.859699880871467 × 10^283 |
| 77 | ov_077 | 2.3251677155495183 × 10^283 |
| 76 | ov_076 | 2.875435589441862 × 10^283 |
| 75 | ov_075 | 3.521089449084837 × 10^283 |
| 74 | ov_074 | 4.273405326744694 × 10^283 |
| 73 | ov_073 | 5.144388493742757 × 10^283 |
| 63 | ov_063 | 5.89690326233857 × 10^283 |
| 72 | ov_072 | 6.146817468602778 × 10^283 |
| 71 | ov_071 | 7.294293180671102 × 10^283 |
| 70 | ov_070 | 8.601293596406848 × 10^283 |
| 69 | ov_069 | 1.0083234123830193 × 10^284 |
| 68 | ov_068 | 1.1756534120927987 × 10^284 |
| 67 | ov_067 | 1.3638689846419634 × 10^284 |
| 66 | ov_066 | 1.3638701155346927 × 10^284 |
| 65 | ov_065 | 1.3638747360307726 × 10^284 |
| 62 | ov_062 | 3.0297555269779175 × 10^284 |
| 61 | ov_061 | 1.105911966702441 × 10^285 |
| 60 | ov_060 | 3.1701443843573 × 10^285 |
| 59 | ov_059 | 7.659470573020415 × 10^285 |
| 58 | ov_058 | 1.5561467587640148 × 10^286 |
| 57 | ov_057 | 2.814044208207916 × 10^286 |
| 56 | ov_056 | 4.693744314030906 × 10^286 |
| 55 | ov_055 | 7.377029707768365 × 10^286 |
| 54 | ov_054 | 1.1073368243544725 × 10^287 |
| 53 | ov_053 | 1.6019927117774999 × 10^287 |
| 52 | ov_052 | 2.2481597172834402 × 10^287 |
| 51 | ov_051 | 3.1015922769265097 × 10^287 |
| 50 | ov_050 | 4.223603289630418 × 10^287 |
| 49 | ov_049 | 5.649031100338064 × 10^287 |
| 48 | ov_048 | 7.450355222452229 × 10^287 |
| 47 | ov_047 | 9.705677323743022 × 10^287 |
| 32 | lv_80_m31 | 1.1834977375285507 × 10^288 |
| 46 | ov_046 | 1.2498760328378505 × 10^288 |
| 45 | ov_045 | 1.5919081685433816 × 10^288 |
| 44 | ov_044 | 2.0061904988296044 × 10^288 |
| 43 | ov_043 | 2.502837453382544 × 10^288 |
| 42 | ov_042 | 3.0925637820598775 × 10^288 |
| 41 | ov_041 | 3.7867001403754594 × 10^288 |
| 40 | ov_040 | 4.591391077519157 × 10^288 |
| 39 | ov_039 | 5.513117302216622 × 10^288 |
| 31 | ov_031 | 6.070191402244166 × 10^288 |
| 38 | ov_038 | 6.558711400093462 × 10^288 |
| 37 | ov_037 | 7.742209137734934 × 10^288 |
| 36 | ov_036 | 9.078409589421723 × 10^288 |
| 35 | ov_035 | 1.0575327300242712 × 10^289 |
| 34 | ov_034 | 1.224944022536402 × 10^289 |
| 33 | ov_033 | 1.4118159017616262 × 10^289 |
| 30 | ov_030 | 3.112248512998851 × 10^289 |
| 29 | ov_029 | 1.0179275274976495 × 10^290 |
| 28 | ov_028 | 2.641238938324362 × 10^290 |
| 27 | ov_027 | 5.9016089575308 × 10^290 |
| 26 | ov_026 | 1.1798196230678322 × 10^291 |
| 25 | ov_025 | 2.160887168226719 × 10^291 |
| 24 | ov_024 | 3.68902319040765 × 10^291 |
| 23 | ov_023 | 5.947763830220907 × 10^291 |
| 22 | ov_022 | 9.332067271907082 × 10^291 |
| 21 | ov_021 | 1.4292682451831126 × 10^292 |
| 20 | ov_020 | 2.1336200878512074 × 10^292 |
| 19 | ov_019 | 3.1025141365774893 × 10^292 |
| 18 | ov_018 | 4.3978078900854795 × 10^292 |
| 17 | ov_017 | 6.086983108348389 × 10^292 |
| 16 | ov_016 | 8.243171778665462 × 10^292 |
| 15 | ov_015 | 1.0945191190534622 × 10^293 |
| 14 | ov_014 | 1.4277590392561916 × 10^293 |
| 13 | ov_013 | 1.8330711349064105 × 10^293 |
| 12 | ov_012 | 2.3200768921709784 × 10^293 |
| 11 | ov_011 | 2.8989953843131508 × 10^293 |
| 10 | ov_010 | 3.580656329625847 × 10^293 |
| 9 | ov_009 | 4.376516480289485 × 10^293 |
| 8 | ov_008 | 5.298679989713345 × 10^293 |
| 7 | ov_007 | 6.359923451455578 × 10^293 |
| 6 | ov_006 | 7.573726348861547 × 10^293 |
| 5 | ov_005 | 8.95430770127902 × 10^293 |
| 4 | ov_004 | 1.0516669740306335 × 10^294 |
| 3 | ov_003 | 1.2276649440036729 × 10^294 |
| 2 | ov_002 | 1.4250978597521484 × 10^294 |
| 1 | ov_001 | 1.6457353023854852 × 10^294 |

