# Results for F001-F002-F003-F004-F005-F006-F007-F008-F009-F010-F011-F012-F013-F014-F015-F016-F017-F018-F019-F020-F021-F022-F023-F024-F025-F026-F027-F028-F029-F030-F031-F032-F033-F034-F035-F036-F037-F038-F039-F040-F041-F042-F043-F044-F045-F046-F047-F048-F049-F050-F051-F052-F053-F054-F055-F056-F057-F058-F059-F060-F061-F062-F063-F064-F065-F066-F067-F068-F069-F070-F071-F072-F073-F074-F075-F076-F077-F078-F079-F080-F081-F082-F083-F084-F085-F086-F087-F088-F089-F090-F091-F092-F093-F094-F095-F096-F097-F098-F099-F100-F101-F102-F103-F104-F105-F106-F107-F108-F109-F110-F111-F112-F113-F114-F115-F116-F117-F118-F119-F120-F121-F122-F123-F124-F125-F126-F127-F128-F129-F130-F131-F132-F133-F134-F135-F136-F137-F138-F139-F140-F141-F142-F143-F144-F145-F146-F147-F148-F149-F150-F151-F152-F153-F154-F155-F156-F157-F158-F159-F160-F161-F162-F163-F164-F165-F166-F167-F168-F169-F170-F171-F172-F173-F174-F175-F176-F177-F178-F179-F180-F181-F182-F183-F184-F185-F186-F187-F188-F189-F190-F191-F192-F193-F194-F195-F196-F197-F198-F199-F200-F201-F202-F203-F204-F205-F206-F207-F208-F209-F210-F211-F212-F213-F214-F215-F216-F217-F218-F219-F220-F221-F222-F223-F224-F225-F226-F227-F228-F229-F230-F231-F232-F233-F234-F235-F236-F237-F238-F239-F240-F241-F242-F243-F244-F245-F246-F247-F248-F249-F250-F251-F252-F253-F254-F255-F256-F257-F258-F259-F260-F261-F262-F263-F264-F265-F266-F267-F268-F269-F270-F271-F272-F273-F274-F275-F276-F277-F278-F279-F280-F281-F282-F283-F284-F285-F286-F287-F288-F289-F290-F291-F292-F293-F294-F295-F296-F297-F298-F299-F300-F301-F302-F303-F304-F305-F306-F307-F308-F309-F310-F311-F312-F313-F314-F315-F316-F317-F318-F319-F320-F321-F322-F323-F324-F325-F326-F327-F328-F329-F330-F331-F332-F333-F334-F335-F336-F337-F338-F339-F340-F341-F342-F343-F344-F345-F346-F347-F348-F349-F350-F351-F352-F353-F354-F355-F356-F357-F358-F359-F360-F361-F362-F363-F364-F365-F366-F367-F368-F369-F370-F371-F372-F373-F374-F375-F376-F377-F378-F379-F380-F381-F382-F383-F384-F385-F386-F387-F388-F389-F390-F391-F392-F393-F394-F395-F396-F397-F398-F399-F400-F401-F402-F403-F404-F405-F406-F407-F408-F409-F410-F411-F412-F413-F414-F415-F416-F417-F418-F419-F420-F421-F422-F423-F424-F425-F426-F427-F428-F429-F430-F431-F432-F433-F434-F435-F436-F437-F438-F439-F440-F441-F442-F443-F444-F445-F446-F447-F448-F449-F450-F451-F452-F453-F454-F455-F456-F457-F458-F459-F460-F461-F462-F463-F464-F465-F466-F467-F468-F469-F470-F471-F472-F473-F474-F475-F476-F477-F478-F479-F480-F481-F482-F483-F484-F485-F486-F487-F488-F489-F490-F491-F492-F493-F494-F495-F496-F497-F498-F499-F500-F501-E504506-E511512

## Summary

Number of input bits: 512  
Number of free input bits: 9  
Number of output bits: 160

Number of direct occurrences: 37184  
Number of assignments: 31362  
Number of operations: 11139601
(xor: 11110270,
and: 16108,
or: 13223)

Total complexity: 1.7280110986205937 × 10^300

Least occurring input variable: iv_502 (3934)  
Most occurring input variable: iv_511 (4545)

Most co-occurring input variables: iv_510-iv_511 (2132)  
Least co-occurring input variables: iv_502-iv_503 (1780)

Potentially most occurring input variable: iv_502/iv_511 (4713)  
Potentially least occurring input variable: iv_508/iv_509 (4225)

Least output occurring input variable: iv_508 (70)  
Most output occurring input variable: iv_511 (86)

Most output co-occurring input variables: iv_510-iv_511 (47)  
Least output co-occurring input variables: iv_502-iv_508 (30)

Potentially most output occurring input variable: iv_502/iv_508 (92)  
Potentially least output occurring input variable: iv_507/iv_509 (66)

Least complex input bit: iv_502 (1.7855385910027454 × 10^298)  
Most complex input bit: iv_510 (4.7952033505100645 × 10^299)

Least complex output bit: aaa_76_29 (2.4201090092955656 × 10^275)  
Most complex output bit: ov_001 (2.732574918723348 × 10^299)

Least complex input/output complexity: iv_502/aaa_76_29 (2.5006772433233203 × 10^273)  
Most complex input/output complexity: iv_510/ov_001 (7.582851994551306 × 10^298)

Input variable with highest collision probability: iv_503 (½^160.00000000000057)

## Input Bits

### Input Bits in Regular Order

| Input Bit | Complexity | Occurrences | Output Occurrences | Collision Probability |
|:---------:|:----------:|:-----------:|:------------------:|:---------------------:|
| iv_502 | 1.7855385910027454 × 10^298 | 3934 | 82 | ½^160.0000000000006 |
| iv_503 | 3.140391042877506 × 10^298 | 4078 | 74 | ½^160.00000000000057 |
| iv_504 | 1.749264755673833 × 10^299 | 4214 | 76 | ½^160.00000000000068 |
| iv_505 | 8.10804569851022 × 10^298 | 3961 | 79 | ½^160.0000000000007 |
| iv_507 | 1.8293429757697264 × 10^299 | 4211 | 76 | ½^160.0000000000007 |
| iv_508 | 2.611820946259737 × 10^299 | 4034 | 70 | ½^160.00000000000068 |
| iv_509 | 3.5960036504594875 × 10^299 | 4043 | 78 | ½^160.00000000000074 |
| iv_510 | 4.7952033505100645 × 10^299 | 4164 | 79 | ½^160.0000000000007 |
| iv_511 | 1.395077774294039 × 10^299 | 4545 | 86 | ½^160.00000000000065 |

### Input Bits Sorted by Complexity

| Input Bit | Complexity | Occurrences | Output Occurrences | Collision Probability |
|:---------:|:----------:|:-----------:|:------------------:|:---------------------:|
| iv_502 | 1.7855385910027454 × 10^298 | 3934 | 82 | ½^160.0000000000006 |
| iv_503 | 3.140391042877506 × 10^298 | 4078 | 74 | ½^160.00000000000057 |
| iv_505 | 8.10804569851022 × 10^298 | 3961 | 79 | ½^160.0000000000007 |
| iv_511 | 1.395077774294039 × 10^299 | 4545 | 86 | ½^160.00000000000065 |
| iv_504 | 1.749264755673833 × 10^299 | 4214 | 76 | ½^160.00000000000068 |
| iv_507 | 1.8293429757697264 × 10^299 | 4211 | 76 | ½^160.0000000000007 |
| iv_508 | 2.611820946259737 × 10^299 | 4034 | 70 | ½^160.00000000000068 |
| iv_509 | 3.5960036504594875 × 10^299 | 4043 | 78 | ½^160.00000000000074 |
| iv_510 | 4.7952033505100645 × 10^299 | 4164 | 79 | ½^160.0000000000007 |

### Input Bits Sorted by Occurrences

| Input Bit | Complexity | Occurrences | Output Occurrences | Collision Probability |
|:---------:|:----------:|:-----------:|:------------------:|:---------------------:|
| iv_502 | 1.7855385910027454 × 10^298 | 3934 | 82 | ½^160.0000000000006 |
| iv_505 | 8.10804569851022 × 10^298 | 3961 | 79 | ½^160.0000000000007 |
| iv_508 | 2.611820946259737 × 10^299 | 4034 | 70 | ½^160.00000000000068 |
| iv_509 | 3.5960036504594875 × 10^299 | 4043 | 78 | ½^160.00000000000074 |
| iv_503 | 3.140391042877506 × 10^298 | 4078 | 74 | ½^160.00000000000057 |
| iv_510 | 4.7952033505100645 × 10^299 | 4164 | 79 | ½^160.0000000000007 |
| iv_507 | 1.8293429757697264 × 10^299 | 4211 | 76 | ½^160.0000000000007 |
| iv_504 | 1.749264755673833 × 10^299 | 4214 | 76 | ½^160.00000000000068 |
| iv_511 | 1.395077774294039 × 10^299 | 4545 | 86 | ½^160.00000000000065 |

### Input Bits Sorted by Output Occurrences

| Input Bit | Complexity | Occurrences | Output Occurrences | Collision Probability |
|:---------:|:----------:|:-----------:|:------------------:|:---------------------:|
| iv_508 | 2.611820946259737 × 10^299 | 4034 | 70 | ½^160.00000000000068 |
| iv_503 | 3.140391042877506 × 10^298 | 4078 | 74 | ½^160.00000000000057 |
| iv_504 | 1.749264755673833 × 10^299 | 4214 | 76 | ½^160.00000000000068 |
| iv_507 | 1.8293429757697264 × 10^299 | 4211 | 76 | ½^160.0000000000007 |
| iv_509 | 3.5960036504594875 × 10^299 | 4043 | 78 | ½^160.00000000000074 |
| iv_505 | 8.10804569851022 × 10^298 | 3961 | 79 | ½^160.0000000000007 |
| iv_510 | 4.7952033505100645 × 10^299 | 4164 | 79 | ½^160.0000000000007 |
| iv_502 | 1.7855385910027454 × 10^298 | 3934 | 82 | ½^160.0000000000006 |
| iv_511 | 1.395077774294039 × 10^299 | 4545 | 86 | ½^160.00000000000065 |

### Input Bits Sorted by Collision Probability

| Input Bit | Complexity | Occurrences | Output Occurrences | Collision Probability |
|:---------:|:----------:|:-----------:|:------------------:|:---------------------:|
| iv_503 | 3.140391042877506 × 10^298 | 4078 | 74 | ½^160.00000000000057 |
| iv_502 | 1.7855385910027454 × 10^298 | 3934 | 82 | ½^160.0000000000006 |
| iv_511 | 1.395077774294039 × 10^299 | 4545 | 86 | ½^160.00000000000065 |
| iv_508 | 2.611820946259737 × 10^299 | 4034 | 70 | ½^160.00000000000068 |
| iv_504 | 1.749264755673833 × 10^299 | 4214 | 76 | ½^160.00000000000068 |
| iv_507 | 1.8293429757697264 × 10^299 | 4211 | 76 | ½^160.0000000000007 |
| iv_505 | 8.10804569851022 × 10^298 | 3961 | 79 | ½^160.0000000000007 |
| iv_510 | 4.7952033505100645 × 10^299 | 4164 | 79 | ½^160.0000000000007 |
| iv_509 | 3.5960036504594875 × 10^299 | 4043 | 78 | ½^160.00000000000074 |

## Input Bit/Output Bit Collision Probabilities

| Input Bit | Output Bit | Collision Probability |
|:---------:|:----------:|:---------------------:|
| iv_507 | ov_041 | 0.5000000000000038 |
| iv_504 | ov_073 | 0.5000000000000022 |
| iv_508 | ov_049 | 0.5000000000000019 |
| iv_502 | ov_108 | 0.5000000000000018 |
| iv_502 | ov_129 | 0.5000000000000018 |
| iv_508 | ov_072 | 0.5000000000000018 |
| iv_508 | ov_098 | 0.5000000000000018 |
| iv_508 | ov_122 | 0.5000000000000018 |
| iv_509 | ov_142 | 0.5000000000000018 |

## Input Bit Co-occurrences

### Input Bit Co-occurrences Sorted by Co-occurrences

| Input Bits | Co-occurrences | Potential Occurrences | Output Co-occurrences | Potential Output Occurrences |
|:----------:|:--------------:|:---------------------:|:---------------------:|:----------------------------:|
| iv_510-iv_511 | 2132 | 4445 | 47 | 71 |
| iv_507-iv_511 | 2087 | 4582 | 43 | 76 |
| iv_509-iv_511 | 2051 | 4486 | 45 | 74 |
| iv_507-iv_510 | 2038 | 4299 | 41 | 73 |
| iv_504-iv_511 | 2037 | 4685 | 43 | 76 |
| iv_503-iv_507 | 2005 | 4279 | 31 | 88 |
| iv_507-iv_508 | 2002 | 4241 | 31 | 84 |
| iv_503-iv_511 | 1999 | 4625 | 44 | 72 |
| iv_504-iv_510 | 1985 | 4408 | 40 | 75 |

### Input Bit Co-occurrences Sorted by Potential Occurrences

| Input Bits | Co-occurrences | Potential Occurrences | Output Co-occurrences | Potential Output Occurrences |
|:----------:|:--------------:|:---------------------:|:---------------------:|:----------------------------:|
| iv_508-iv_509 | 1926 | 4225 | 35 | 78 |
| iv_502-iv_505 | 1829 | 4237 | 36 | 89 |
| iv_507-iv_508 | 2002 | 4241 | 31 | 84 |
| iv_503-iv_507 | 2005 | 4279 | 31 | 88 |
| iv_503-iv_505 | 1879 | 4281 | 40 | 73 |
| iv_507-iv_510 | 2038 | 4299 | 41 | 73 |
| iv_507-iv_509 | 1977 | 4300 | 44 | 66 |
| iv_505-iv_509 | 1849 | 4306 | 37 | 83 |
| iv_503-iv_509 | 1905 | 4311 | 35 | 82 |

### Input Bit Output Co-occurrences Sorted by Output Co-occurrences

| Input Bits | Co-occurrences | Potential Occurrences | Output Co-occurrences | Potential Output Occurrences |
|:----------:|:--------------:|:---------------------:|:---------------------:|:----------------------------:|
| iv_510-iv_511 | 2132 | 4445 | 47 | 71 |
| iv_509-iv_511 | 2051 | 4486 | 45 | 74 |
| iv_503-iv_511 | 1999 | 4625 | 44 | 72 |
| iv_507-iv_509 | 1977 | 4300 | 44 | 66 |
| iv_502-iv_511 | 1883 | 4713 | 43 | 82 |
| iv_507-iv_511 | 2087 | 4582 | 43 | 76 |
| iv_504-iv_511 | 2037 | 4685 | 43 | 76 |
| iv_502-iv_507 | 1895 | 4355 | 42 | 74 |
| iv_502-iv_510 | 1863 | 4372 | 42 | 77 |

### Input Bit Output Co-occurrences Sorted by Potential Output Occurrences

| Input Bits | Co-occurrences | Potential Occurrences | Output Co-occurrences | Potential Output Occurrences |
|:----------:|:--------------:|:---------------------:|:---------------------:|:----------------------------:|
| iv_507-iv_509 | 1977 | 4300 | 44 | 66 |
| iv_510-iv_511 | 2132 | 4445 | 47 | 71 |
| iv_503-iv_511 | 1999 | 4625 | 44 | 72 |
| iv_503-iv_505 | 1879 | 4281 | 40 | 73 |
| iv_507-iv_510 | 2038 | 4299 | 41 | 73 |
| iv_502-iv_507 | 1895 | 4355 | 42 | 74 |
| iv_509-iv_511 | 2051 | 4486 | 45 | 74 |
| iv_504-iv_510 | 1985 | 4408 | 40 | 75 |
| iv_504-iv_509 | 1930 | 4397 | 39 | 76 |

## Output Bits

### Output Bits in Regular Order

| Rank | Output Bit | Complexity |
|:----:|:----------:|:----------:|
| 1 | ov_001 | 2.732574918723348 × 10^299 |
| 2 | ov_002 | 2.377238268118139 × 10^299 |
| 3 | ov_003 | 2.056256272948743 × 10^299 |
| 4 | ov_004 | 1.7682016858453117 × 10^299 |
| 5 | ov_005 | 1.5117255234362352 × 10^299 |
| 6 | ov_006 | 1.2843426715885303 × 10^299 |
| 7 | ov_007 | 1.0836990702882331 × 10^299 |
| 8 | ov_008 | 9.075637606393421 × 10^298 |
| 9 | ov_009 | 7.538220428550914 × 10^298 |
| 10 | ov_010 | 6.204696205634317 × 10^298 |
| 11 | ov_011 | 5.056076356393058 × 10^298 |
| 12 | ov_012 | 4.0743852519518564 × 10^298 |
| 13 | ov_013 | 3.2426263760609476 × 10^298 |
| 14 | ov_014 | 2.544755301377152 × 10^298 |
| 15 | ov_015 | 1.9656585765337115 × 10^298 |
| 16 | ov_016 | 1.491137621264201 × 10^298 |
| 17 | ov_017 | 1.1078967938257148 × 10^298 |
| 18 | ov_018 | 8.035348616984268 × 10^297 |
| 19 | ov_019 | 5.665391731169182 × 10^297 |
| 20 | ov_020 | 3.862818934765866 × 10^297 |
| 21 | ov_021 | 2.530177370952895 × 10^297 |
| 22 | ov_022 | 1.5788269121862532 × 10^297 |
| 23 | ov_023 | 9.289331454643738 × 10^296 |
| 24 | ov_024 | 5.094632663230224 × 10^296 |
| 25 | ov_025 | 2.581835168049627 × 10^296 |
| 26 | ov_026 | 1.2165764830167295 × 10^296 |
| 27 | ov_027 | 5.524609660038484 × 10^295 |
| 28 | ov_028 | 2.3105599131520474 × 10^295 |
| 29 | ov_029 | 9.513572282857596 × 10^294 |
| 30 | ov_030 | 3.145492502894148 × 10^294 |
| 31 | ov_031 | 7.610858116675977 × 10^293 |
| 32 | lv_80_m31 | 1.8409580707481463 × 10^293 |
| 33 | ov_033 | 2.2051433600148415 × 10^294 |
| 34 | ov_034 | 1.9076687520663278 × 10^294 |
| 35 | ov_035 | 1.6423172164303086 × 10^294 |
| 36 | ov_036 | 1.4064773200076267 × 10^294 |
| 37 | ov_037 | 1.1976789296117024 × 10^294 |
| 38 | ov_038 | 1.0135831225207314 × 10^294 |
| 39 | ov_039 | 8.519734622033383 × 10^293 |
| 40 | ov_040 | 7.107485147140061 × 10^293 |
| 41 | ov_041 | 5.879154805381374 × 10^293 |
| 42 | ov_042 | 4.8158482438349385 × 10^293 |
| 43 | ov_043 | 3.8996579275863005 × 10^293 |
| 44 | ov_044 | 3.1136271619700136 × 10^293 |
| 45 | ov_045 | 2.441719997216179 × 10^293 |
| 46 | ov_046 | 1.8761452838004534 × 10^293 |
| 47 | ov_047 | 1.4095548543237173 × 10^293 |
| 48 | ov_048 | 1.035035227174866 × 10^293 |
| 49 | ov_049 | 7.400399678085858 × 10^292 |
| 50 | ov_050 | 5.128668458218218 × 10^292 |
| 51 | ov_051 | 3.4265230178224774 × 10^292 |
| 52 | ov_052 | 2.1936777473032346 × 10^292 |
| 53 | ov_053 | 1.3381740573767737 × 10^292 |
| 54 | ov_054 | 7.763668931698019 × 10^291 |
| 55 | ov_055 | 4.329171692629097 × 10^291 |
| 56 | ov_056 | 2.4078758123091348 × 10^291 |
| 57 | ov_057 | 1.4124024920348217 × 10^291 |
| 58 | ov_058 | 8.383537098541901 × 10^290 |
| 59 | ov_059 | 4.542744306189954 × 10^290 |
| 60 | ov_060 | 2.186801209710579 × 10^290 |
| 61 | ov_061 | 9.00865694353403 × 10^289 |
| 62 | ov_062 | 2.980077770532983 × 10^289 |
| 63 | ov_063 | 7.215002118454183 × 10^288 |
| 64 | lv_79_m31 | 1.746331149082031 × 10^288 |
| 65 | ov_065 | 2.0700370729015555 × 10^289 |
| 66 | ov_066 | 2.070032080352441 × 10^289 |
| 67 | ov_067 | 2.07003046232233 × 10^289 |
| 68 | ov_068 | 1.790917494423704 × 10^289 |
| 69 | ov_069 | 1.5406196525784706 × 10^289 |
| 70 | ov_070 | 1.3178451208368128 × 10^289 |
| 71 | ov_071 | 1.120244254324735 × 10^289 |
| 72 | ov_072 | 9.456111392042897 × 10^288 |
| 73 | ov_073 | 7.918740717955123 × 10^288 |
| 74 | ov_074 | 6.570869099406586 × 10^288 |
| 75 | ov_075 | 5.40306944901514 × 10^288 |
| 76 | ov_076 | 4.398164701100009 × 10^288 |
| 77 | ov_077 | 3.540021711841008 × 10^288 |
| 78 | ov_078 | 2.8134951565514287 × 10^288 |
| 79 | ov_079 | 2.2043779502683937 × 10^288 |
| 80 | ov_080 | 1.699357776395517 × 10^288 |
| 81 | ov_081 | 1.2859793120925985 × 10^288 |
| 82 | ov_082 | 9.526117418850739 × 10^287 |
| 83 | ov_083 | 6.884211528267719 × 10^287 |
| 84 | ov_084 | 4.8334740573038095 × 10^287 |
| 85 | ov_085 | 3.2808507768842723 × 10^287 |
| 86 | ov_086 | 2.1406807151414246 × 10^287 |
| 87 | ov_087 | 1.3345748796096888 × 10^287 |
| 88 | ov_088 | 7.913235671057175 × 10^286 |
| 89 | ov_089 | 4.468282219590783 × 10^286 |
| 90 | ov_090 | 2.440538037062544 × 10^286 |
| 91 | ov_091 | 1.3299762561440182 × 10^286 |
| 92 | ov_092 | 7.067065956209481 × 10^285 |
| 93 | ov_093 | 3.733012432378999 × 10^285 |
| 94 | ov_094 | 1.6733398968584634 × 10^285 |
| 95 | aaa_78_28 | 5.3821014894117914 × 10^284 |
| 96 | aaa_78_29 | 2.039327098783656 × 10^284 |
| 97 | ov_097 | 2.2213411549167738 × 10^284 |
| 98 | ov_098 | 2.2212746634207035 × 10^284 |
| 99 | ov_099 | 2.2212534370593322 × 10^284 |
| 100 | ov_100 | 1.999212364805009 × 10^284 |
| 101 | ov_101 | 1.7935055083670688 × 10^284 |
| 102 | ov_102 | 1.603240924225578 × 10^284 |
| 103 | ov_103 | 1.4275920354942733 × 10^284 |
| 104 | ov_104 | 1.2657890242063307 × 10^284 |
| 105 | ov_105 | 1.117111015805882 × 10^284 |
| 106 | ov_106 | 9.808790132782855 × 10^283 |
| 107 | ov_107 | 8.564495401487532 × 10^283 |
| 108 | ov_108 | 7.432089530638794 × 10^283 |
| 109 | ov_109 | 6.405683858795002 × 10^283 |
| 110 | ov_110 | 5.479592881477547 × 10^283 |
| 111 | ov_111 | 4.648295216591394 × 10^283 |
| 112 | ov_112 | 3.9063997928150876 × 10^283 |
| 113 | ov_113 | 3.248616907778948 × 10^283 |
| 114 | ov_114 | 2.6697338060526388 × 10^283 |
| 115 | ov_115 | 2.164594429211457 × 10^283 |
| 116 | ov_116 | 1.7280829917652164 × 10^283 |
| 117 | ov_117 | 1.3551110376771736 × 10^283 |
| 118 | ov_118 | 1.0406076327437279 × 10^283 |
| 119 | ov_119 | 7.795123483996243 × 10^282 |
| 120 | ov_120 | 5.667706926596989 × 10^282 |
| 121 | ov_121 | 3.9733144565199624 × 10^282 |
| 122 | ov_122 | 2.661452019243629 × 10^282 |
| 123 | ov_123 | 1.681635938009452 × 10^282 |
| 124 | ov_124 | 9.83388393365643 × 10^281 |
| 125 | ov_125 | 5.162344574466821 × 10^281 |
| 126 | ov_126 | 2.2970038837865846 × 10^281 |
| 127 | aaa_77_28 | 7.331282319419823 × 10^280 |
| 128 | aaa_77_29 | 2.7464996507374585 × 10^280 |
| 129 | ov_129 | 2.51607495992794 × 10^280 |
| 130 | ov_130 | 2.5160690719148377 × 10^280 |
| 131 | ov_131 | 2.516067180109665 × 10^280 |
| 132 | ov_132 | 2.175916754695332 × 10^280 |
| 133 | ov_133 | 1.8717348437022513 × 10^280 |
| 134 | ov_134 | 1.6007555417812424 × 10^280 |
| 135 | ov_135 | 1.3603678085500317 × 10^280 |
| 136 | ov_136 | 1.1481041948214717 × 10^280 |
| 137 | ov_137 | 9.616309835737123 × 10^279 |
| 138 | ov_138 | 7.987396426921621 × 10^279 |
| 139 | ov_139 | 6.573394674797047 × 10^279 |
| 140 | ov_140 | 5.354512893280336 × 10^279 |
| 141 | ov_141 | 4.312021402166848 × 10^279 |
| 142 | ov_142 | 3.428207822934951 × 10^279 |
| 143 | ov_143 | 2.6863401829941 × 10^279 |
| 144 | ov_144 | 2.0706369206264957 × 10^279 |
| 145 | ov_145 | 1.5662428815591538 × 10^279 |
| 146 | ov_146 | 1.1592104610615374 × 10^279 |
| 147 | ov_147 | 8.364851080931494 × 10^278 |
| 148 | ov_148 | 5.8589447044567895 × 10^278 |
| 149 | ov_149 | 3.96140522119678 × 10^278 |
| 150 | ov_150 | 2.567940764003329 × 10^278 |
| 151 | ov_151 | 1.58291150281772 × 10^278 |
| 152 | ov_152 | 9.193070805119737 × 10^277 |
| 153 | ov_153 | 4.987337399226067 × 10^277 |
| 154 | ov_154 | 2.514076630735876 × 10^277 |
| 155 | ov_155 | 1.1615175540875246 × 10^277 |
| 156 | aaa_76_25 | 4.03941415888927 × 10^276 |
| 157 | aaa_76_26 | 2.4863381251555332 × 10^276 |
| 158 | aaa_76_27 | 1.363454921076517 × 10^276 |
| 159 | aaa_76_28 | 6.426409596124392 × 10^275 |
| 160 | aaa_76_29 | 2.4201090092955656 × 10^275 |

### Output Bits Sorted by Complexity

| Rank | Output Bit | Complexity |
|:----:|:----------:|:----------:|
| 160 | aaa_76_29 | 2.4201090092955656 × 10^275 |
| 159 | aaa_76_28 | 6.426409596124392 × 10^275 |
| 158 | aaa_76_27 | 1.363454921076517 × 10^276 |
| 157 | aaa_76_26 | 2.4863381251555332 × 10^276 |
| 156 | aaa_76_25 | 4.03941415888927 × 10^276 |
| 155 | ov_155 | 1.1615175540875246 × 10^277 |
| 154 | ov_154 | 2.514076630735876 × 10^277 |
| 153 | ov_153 | 4.987337399226067 × 10^277 |
| 152 | ov_152 | 9.193070805119737 × 10^277 |
| 151 | ov_151 | 1.58291150281772 × 10^278 |
| 150 | ov_150 | 2.567940764003329 × 10^278 |
| 149 | ov_149 | 3.96140522119678 × 10^278 |
| 148 | ov_148 | 5.8589447044567895 × 10^278 |
| 147 | ov_147 | 8.364851080931494 × 10^278 |
| 146 | ov_146 | 1.1592104610615374 × 10^279 |
| 145 | ov_145 | 1.5662428815591538 × 10^279 |
| 144 | ov_144 | 2.0706369206264957 × 10^279 |
| 143 | ov_143 | 2.6863401829941 × 10^279 |
| 142 | ov_142 | 3.428207822934951 × 10^279 |
| 141 | ov_141 | 4.312021402166848 × 10^279 |
| 140 | ov_140 | 5.354512893280336 × 10^279 |
| 139 | ov_139 | 6.573394674797047 × 10^279 |
| 138 | ov_138 | 7.987396426921621 × 10^279 |
| 137 | ov_137 | 9.616309835737123 × 10^279 |
| 136 | ov_136 | 1.1481041948214717 × 10^280 |
| 135 | ov_135 | 1.3603678085500317 × 10^280 |
| 134 | ov_134 | 1.6007555417812424 × 10^280 |
| 133 | ov_133 | 1.8717348437022513 × 10^280 |
| 132 | ov_132 | 2.175916754695332 × 10^280 |
| 131 | ov_131 | 2.516067180109665 × 10^280 |
| 130 | ov_130 | 2.5160690719148377 × 10^280 |
| 129 | ov_129 | 2.51607495992794 × 10^280 |
| 128 | aaa_77_29 | 2.7464996507374585 × 10^280 |
| 127 | aaa_77_28 | 7.331282319419823 × 10^280 |
| 126 | ov_126 | 2.2970038837865846 × 10^281 |
| 125 | ov_125 | 5.162344574466821 × 10^281 |
| 124 | ov_124 | 9.83388393365643 × 10^281 |
| 123 | ov_123 | 1.681635938009452 × 10^282 |
| 122 | ov_122 | 2.661452019243629 × 10^282 |
| 121 | ov_121 | 3.9733144565199624 × 10^282 |
| 120 | ov_120 | 5.667706926596989 × 10^282 |
| 119 | ov_119 | 7.795123483996243 × 10^282 |
| 118 | ov_118 | 1.0406076327437279 × 10^283 |
| 117 | ov_117 | 1.3551110376771736 × 10^283 |
| 116 | ov_116 | 1.7280829917652164 × 10^283 |
| 115 | ov_115 | 2.164594429211457 × 10^283 |
| 114 | ov_114 | 2.6697338060526388 × 10^283 |
| 113 | ov_113 | 3.248616907778948 × 10^283 |
| 112 | ov_112 | 3.9063997928150876 × 10^283 |
| 111 | ov_111 | 4.648295216591394 × 10^283 |
| 110 | ov_110 | 5.479592881477547 × 10^283 |
| 109 | ov_109 | 6.405683858795002 × 10^283 |
| 108 | ov_108 | 7.432089530638794 × 10^283 |
| 107 | ov_107 | 8.564495401487532 × 10^283 |
| 106 | ov_106 | 9.808790132782855 × 10^283 |
| 105 | ov_105 | 1.117111015805882 × 10^284 |
| 104 | ov_104 | 1.2657890242063307 × 10^284 |
| 103 | ov_103 | 1.4275920354942733 × 10^284 |
| 102 | ov_102 | 1.603240924225578 × 10^284 |
| 101 | ov_101 | 1.7935055083670688 × 10^284 |
| 100 | ov_100 | 1.999212364805009 × 10^284 |
| 96 | aaa_78_29 | 2.039327098783656 × 10^284 |
| 99 | ov_099 | 2.2212534370593322 × 10^284 |
| 98 | ov_098 | 2.2212746634207035 × 10^284 |
| 97 | ov_097 | 2.2213411549167738 × 10^284 |
| 95 | aaa_78_28 | 5.3821014894117914 × 10^284 |
| 94 | ov_094 | 1.6733398968584634 × 10^285 |
| 93 | ov_093 | 3.733012432378999 × 10^285 |
| 92 | ov_092 | 7.067065956209481 × 10^285 |
| 91 | ov_091 | 1.3299762561440182 × 10^286 |
| 90 | ov_090 | 2.440538037062544 × 10^286 |
| 89 | ov_089 | 4.468282219590783 × 10^286 |
| 88 | ov_088 | 7.913235671057175 × 10^286 |
| 87 | ov_087 | 1.3345748796096888 × 10^287 |
| 86 | ov_086 | 2.1406807151414246 × 10^287 |
| 85 | ov_085 | 3.2808507768842723 × 10^287 |
| 84 | ov_084 | 4.8334740573038095 × 10^287 |
| 83 | ov_083 | 6.884211528267719 × 10^287 |
| 82 | ov_082 | 9.526117418850739 × 10^287 |
| 81 | ov_081 | 1.2859793120925985 × 10^288 |
| 80 | ov_080 | 1.699357776395517 × 10^288 |
| 64 | lv_79_m31 | 1.746331149082031 × 10^288 |
| 79 | ov_079 | 2.2043779502683937 × 10^288 |
| 78 | ov_078 | 2.8134951565514287 × 10^288 |
| 77 | ov_077 | 3.540021711841008 × 10^288 |
| 76 | ov_076 | 4.398164701100009 × 10^288 |
| 75 | ov_075 | 5.40306944901514 × 10^288 |
| 74 | ov_074 | 6.570869099406586 × 10^288 |
| 63 | ov_063 | 7.215002118454183 × 10^288 |
| 73 | ov_073 | 7.918740717955123 × 10^288 |
| 72 | ov_072 | 9.456111392042897 × 10^288 |
| 71 | ov_071 | 1.120244254324735 × 10^289 |
| 70 | ov_070 | 1.3178451208368128 × 10^289 |
| 69 | ov_069 | 1.5406196525784706 × 10^289 |
| 68 | ov_068 | 1.790917494423704 × 10^289 |
| 67 | ov_067 | 2.07003046232233 × 10^289 |
| 66 | ov_066 | 2.070032080352441 × 10^289 |
| 65 | ov_065 | 2.0700370729015555 × 10^289 |
| 62 | ov_062 | 2.980077770532983 × 10^289 |
| 61 | ov_061 | 9.00865694353403 × 10^289 |
| 60 | ov_060 | 2.186801209710579 × 10^290 |
| 59 | ov_059 | 4.542744306189954 × 10^290 |
| 58 | ov_058 | 8.383537098541901 × 10^290 |
| 57 | ov_057 | 1.4124024920348217 × 10^291 |
| 56 | ov_056 | 2.4078758123091348 × 10^291 |
| 55 | ov_055 | 4.329171692629097 × 10^291 |
| 54 | ov_054 | 7.763668931698019 × 10^291 |
| 53 | ov_053 | 1.3381740573767737 × 10^292 |
| 52 | ov_052 | 2.1936777473032346 × 10^292 |
| 51 | ov_051 | 3.4265230178224774 × 10^292 |
| 50 | ov_050 | 5.128668458218218 × 10^292 |
| 49 | ov_049 | 7.400399678085858 × 10^292 |
| 48 | ov_048 | 1.035035227174866 × 10^293 |
| 47 | ov_047 | 1.4095548543237173 × 10^293 |
| 32 | lv_80_m31 | 1.8409580707481463 × 10^293 |
| 46 | ov_046 | 1.8761452838004534 × 10^293 |
| 45 | ov_045 | 2.441719997216179 × 10^293 |
| 44 | ov_044 | 3.1136271619700136 × 10^293 |
| 43 | ov_043 | 3.8996579275863005 × 10^293 |
| 42 | ov_042 | 4.8158482438349385 × 10^293 |
| 41 | ov_041 | 5.879154805381374 × 10^293 |
| 40 | ov_040 | 7.107485147140061 × 10^293 |
| 31 | ov_031 | 7.610858116675977 × 10^293 |
| 39 | ov_039 | 8.519734622033383 × 10^293 |
| 38 | ov_038 | 1.0135831225207314 × 10^294 |
| 37 | ov_037 | 1.1976789296117024 × 10^294 |
| 36 | ov_036 | 1.4064773200076267 × 10^294 |
| 35 | ov_035 | 1.6423172164303086 × 10^294 |
| 34 | ov_034 | 1.9076687520663278 × 10^294 |
| 33 | ov_033 | 2.2051433600148415 × 10^294 |
| 30 | ov_030 | 3.145492502894148 × 10^294 |
| 29 | ov_029 | 9.513572282857596 × 10^294 |
| 28 | ov_028 | 2.3105599131520474 × 10^295 |
| 27 | ov_027 | 5.524609660038484 × 10^295 |
| 26 | ov_026 | 1.2165764830167295 × 10^296 |
| 25 | ov_025 | 2.581835168049627 × 10^296 |
| 24 | ov_024 | 5.094632663230224 × 10^296 |
| 23 | ov_023 | 9.289331454643738 × 10^296 |
| 22 | ov_022 | 1.5788269121862532 × 10^297 |
| 21 | ov_021 | 2.530177370952895 × 10^297 |
| 20 | ov_020 | 3.862818934765866 × 10^297 |
| 19 | ov_019 | 5.665391731169182 × 10^297 |
| 18 | ov_018 | 8.035348616984268 × 10^297 |
| 17 | ov_017 | 1.1078967938257148 × 10^298 |
| 16 | ov_016 | 1.491137621264201 × 10^298 |
| 15 | ov_015 | 1.9656585765337115 × 10^298 |
| 14 | ov_014 | 2.544755301377152 × 10^298 |
| 13 | ov_013 | 3.2426263760609476 × 10^298 |
| 12 | ov_012 | 4.0743852519518564 × 10^298 |
| 11 | ov_011 | 5.056076356393058 × 10^298 |
| 10 | ov_010 | 6.204696205634317 × 10^298 |
| 9 | ov_009 | 7.538220428550914 × 10^298 |
| 8 | ov_008 | 9.075637606393421 × 10^298 |
| 7 | ov_007 | 1.0836990702882331 × 10^299 |
| 6 | ov_006 | 1.2843426715885303 × 10^299 |
| 5 | ov_005 | 1.5117255234362352 × 10^299 |
| 4 | ov_004 | 1.7682016858453117 × 10^299 |
| 3 | ov_003 | 2.056256272948743 × 10^299 |
| 2 | ov_002 | 2.377238268118139 × 10^299 |
| 1 | ov_001 | 2.732574918723348 × 10^299 |

