# Results for F001-F002-F003-F004-F005-F006-F007-F008-F009-F010-F011-F012-F013-F014-F015-F016-F017-F018-F019-F020-F021-F022-F023-F024-F025-F026-F027-F028-F029-F030-F031-F032-F033-F034-F035-F036-F037-F038-F039-F040-F041-F042-F043-F044-F045-F046-F047-F048-F049-F050-F051-F052-F053-F054-F055-F056-F057-F058-F059-F060-F061-F062-F063-F064-F065-F066-F067-F068-F069-F070-F071-F072-F073-F074-F075-F076-F077-F078-F079-F080-F081-F082-F083-F084-F085-F086-F087-F088-F089-F090-F091-F092-F093-F094-F095-F096-F097-F098-F099-F100-F101-F102-F103-F104-F105-F106-F107-F108-F109-F110-F111-F112-F113-F114-F115-F116-F117-F118-F119-F120-F121-F122-F123-F124-F125-F126-F127-F128-F129-F130-F131-F132-F133-F134-F135-F136-F137-F138-F139-F140-F141-F142-F143-F144-F145-F146-F147-F148-F149-F150-F151-F152-F153-F154-F155-F156-F157-F158-F159-F160-F161-F162-F163-F164-F165-F166-F167-F168-F169-F170-F171-F172-F173-F174-F175-F176-F177-F178-F179-F180-F181-F182-F183-F184-F185-F186-F187-F188-F189-F190-F191-F192-F193-F194-F195-F196-F197-F198-F199-F200-F201-F202-F203-F204-F205-F206-F207-F208-F209-F210-F211-F212-F213-F214-F215-F216-F217-F218-F219-F220-F221-F222-F223-F224-F225-F226-F227-F228-F229-F230-F231-F232-F233-F234-F235-F236-F237-F238-F239-F240-F241-F242-F243-F244-F245-F246-F247-F248-F249-F250-F251-F252-F253-F254-F255-F256-F257-F258-F259-F260-F261-F262-F263-F264-F265-F266-F267-F268-F269-F270-F271-F272-F273-F274-F275-F276-F277-F278-F279-F280-F281-F282-F283-F284-F285-F286-F287-F288-F289-F290-F291-F292-F293-F294-F295-F296-F297-F298-F299-F300-F301-F302-F303-F304-F305-F306-F307-F308-F309-F310-F311-F312-F313-F314-F315-F316-F317-F318-F319-F320-F321-F322-F323-F324-F325-F326-F327-F328-F329-F330-F331-F332-F333-F334-F335-F336-F337-F338-F339-F340-F341-F342-F343-F344-F345-F346-F347-F348-F349-F350-F351-F352-F353-F354-F355-F356-F357-F358-F359-F360-F361-F362-F363-F364-F365-F366-F367-F368-F369-F370-F371-F372-F373-F374-F375-F376-F377-F378-F379-F380-F381-F382-F383-F384-F385-F386-F387-F388-F389-F390-F391-F392-F393-F394-F395-F396-F397-F398-F399-F400-F401-F402-F403-F404-F405-F406-F407-F408-F409-F410-F411-F412-F413-F414-F415-F416-F417-F418-F419-F420-F421-F422-F423-F424-F425-F426-F427-F428-F429-F430-F431-F432-F433-F434-F435-F436-F437-F438-F439-F440-F441-F442-F443-F444-F445-F446-F447-F448-F449-F450-F451-F452-F453-F454-F455-F456-F457-F458-F459-F460-F461-F462-F463-F464-F465-F466-F467-F468-F469-F470-F471-F472-F473-F474-F475-F476-F477-F478-F479-F480-F481-F482-F483-F484-F485-F486-F487-F488-F489-F490-F491-F492-F493-F494-F495-F496-F500-T505-F508-F509-F510-F511-F512

## Summary

Number of input bits: 512  
Number of free input bits: 9  
Number of output bits: 160

Number of direct occurrences: 36396  
Number of assignments: 30866  
Number of operations: 11291318
(xor: 11262832,
and: 15339,
or: 13147)

Total complexity: 1.7545257490582592 × 10^301

Least occurring input variable: iv_499 (3886)  
Most occurring input variable: iv_503 (4222)

Most co-occurring input variables: iv_497-iv_506 (2019)  
Least co-occurring input variables: iv_498-iv_499 (1714)

Potentially most occurring input variable: iv_503/iv_506 (4503)  
Potentially least occurring input variable: iv_498/iv_506 (4169)

Least output occurring input variable: iv_507 (70)  
Most output occurring input variable: iv_502 (83)

Most output co-occurring input variables: iv_502-iv_504 (49)  
Least output co-occurring input variables: iv_497-iv_507 (27)

Potentially most output occurring input variable: iv_498/iv_502 (94)  
Potentially least output occurring input variable: iv_501/iv_502 (66)

Least complex input bit: iv_497 (1.9498959849165443 × 10^299)  
Most complex input bit: iv_504 (5.207814741989147 × 10^300)

Least complex output bit: aaa_76_29 (9.365668339627906 × 10^275)  
Most complex output bit: ov_001 (2.831374079986677 × 10^300)

Least complex input/output complexity: iv_497/aaa_76_29 (1.0408555760040908 × 10^274)  
Most complex input/output complexity: iv_504/ov_001 (8.404135238114952 × 10^299)

## Input Bits

### Input Bits in Regular Order

| Input Bit | Complexity | Occurrences | Output Occurrences |
|:---------:|:----------:|:-----------:|:------------------:|
| iv_497 | 1.9498959849165443 × 10^299 | 4171 | 74 |
| iv_498 | 3.853442703624442 × 10^299 | 3912 | 75 |
| iv_499 | 6.6918170012641655 × 10^299 | 3886 | 72 |
| iv_501 | 1.789045616547249 × 10^300 | 4137 | 77 |
| iv_502 | 2.843404103191072 × 10^300 | 3921 | 83 |
| iv_503 | 4.463746282319072 × 10^300 | 4222 | 72 |
| iv_504 | 5.207814741989147 × 10^300 | 3962 | 81 |
| iv_506 | 8.539030946099288 × 10^299 | 4113 | 75 |
| iv_507 | 1.1378280829456259 × 10^300 | 4072 | 70 |

### Input Bits Sorted by Complexity

| Input Bit | Complexity | Occurrences | Output Occurrences |
|:---------:|:----------:|:-----------:|:------------------:|
| iv_497 | 1.9498959849165443 × 10^299 | 4171 | 74 |
| iv_498 | 3.853442703624442 × 10^299 | 3912 | 75 |
| iv_499 | 6.6918170012641655 × 10^299 | 3886 | 72 |
| iv_506 | 8.539030946099288 × 10^299 | 4113 | 75 |
| iv_507 | 1.1378280829456259 × 10^300 | 4072 | 70 |
| iv_501 | 1.789045616547249 × 10^300 | 4137 | 77 |
| iv_502 | 2.843404103191072 × 10^300 | 3921 | 83 |
| iv_503 | 4.463746282319072 × 10^300 | 4222 | 72 |
| iv_504 | 5.207814741989147 × 10^300 | 3962 | 81 |

### Input Bits Sorted by Occurrences

| Input Bit | Complexity | Occurrences | Output Occurrences |
|:---------:|:----------:|:-----------:|:------------------:|
| iv_499 | 6.6918170012641655 × 10^299 | 3886 | 72 |
| iv_498 | 3.853442703624442 × 10^299 | 3912 | 75 |
| iv_502 | 2.843404103191072 × 10^300 | 3921 | 83 |
| iv_504 | 5.207814741989147 × 10^300 | 3962 | 81 |
| iv_507 | 1.1378280829456259 × 10^300 | 4072 | 70 |
| iv_506 | 8.539030946099288 × 10^299 | 4113 | 75 |
| iv_501 | 1.789045616547249 × 10^300 | 4137 | 77 |
| iv_497 | 1.9498959849165443 × 10^299 | 4171 | 74 |
| iv_503 | 4.463746282319072 × 10^300 | 4222 | 72 |

### Input Bits Sorted by Output Occurrences

| Input Bit | Complexity | Occurrences | Output Occurrences |
|:---------:|:----------:|:-----------:|:------------------:|
| iv_507 | 1.1378280829456259 × 10^300 | 4072 | 70 |
| iv_503 | 4.463746282319072 × 10^300 | 4222 | 72 |
| iv_499 | 6.6918170012641655 × 10^299 | 3886 | 72 |
| iv_497 | 1.9498959849165443 × 10^299 | 4171 | 74 |
| iv_498 | 3.853442703624442 × 10^299 | 3912 | 75 |
| iv_506 | 8.539030946099288 × 10^299 | 4113 | 75 |
| iv_501 | 1.789045616547249 × 10^300 | 4137 | 77 |
| iv_504 | 5.207814741989147 × 10^300 | 3962 | 81 |
| iv_502 | 2.843404103191072 × 10^300 | 3921 | 83 |

## Input Bit Co-occurrences

### Input Bit Co-occurrences Sorted by Co-occurrences

| Input Bits | Co-occurrences | Potential Occurrences | Output Co-occurrences | Potential Output Occurrences |
|:----------:|:--------------:|:---------------------:|:---------------------:|:----------------------------:|
| iv_497-iv_506 | 2019 | 4246 | 29 | 91 |
| iv_497-iv_501 | 2003 | 4302 | 35 | 81 |
| iv_497-iv_503 | 1983 | 4427 | 36 | 74 |
| iv_501-iv_503 | 1974 | 4411 | 36 | 77 |
| iv_501-iv_507 | 1952 | 4305 | 35 | 77 |
| iv_503-iv_507 | 1950 | 4394 | 30 | 82 |
| iv_501-iv_504 | 1948 | 4203 | 37 | 84 |
| iv_497-iv_507 | 1946 | 4351 | 27 | 90 |
| iv_506-iv_507 | 1932 | 4321 | 38 | 69 |

### Input Bit Co-occurrences Sorted by Potential Occurrences

| Input Bits | Co-occurrences | Potential Occurrences | Output Co-occurrences | Potential Output Occurrences |
|:----------:|:--------------:|:---------------------:|:---------------------:|:----------------------------:|
| iv_498-iv_506 | 1928 | 4169 | 36 | 78 |
| iv_499-iv_504 | 1825 | 4198 | 38 | 77 |
| iv_501-iv_504 | 1948 | 4203 | 37 | 84 |
| iv_502-iv_504 | 1833 | 4217 | 49 | 66 |
| iv_497-iv_506 | 2019 | 4246 | 29 | 91 |
| iv_499-iv_501 | 1887 | 4249 | 33 | 83 |
| iv_502-iv_506 | 1892 | 4250 | 41 | 76 |
| iv_501-iv_502 | 1900 | 4258 | 47 | 66 |
| iv_498-iv_504 | 1806 | 4262 | 37 | 82 |

### Input Bit Output Co-occurrences Sorted by Output Co-occurrences

| Input Bits | Co-occurrences | Potential Occurrences | Output Co-occurrences | Potential Output Occurrences |
|:----------:|:--------------:|:---------------------:|:---------------------:|:----------------------------:|
| iv_502-iv_504 | 1833 | 4217 | 49 | 66 |
| iv_501-iv_502 | 1900 | 4258 | 47 | 66 |
| iv_502-iv_506 | 1892 | 4250 | 41 | 76 |
| iv_497-iv_504 | 1894 | 4345 | 39 | 77 |
| iv_499-iv_504 | 1825 | 4198 | 38 | 77 |
| iv_501-iv_506 | 1917 | 4416 | 38 | 76 |
| iv_506-iv_507 | 1932 | 4321 | 38 | 69 |
| iv_498-iv_499 | 1714 | 4370 | 37 | 73 |
| iv_498-iv_504 | 1806 | 4262 | 37 | 82 |

### Input Bit Output Co-occurrences Sorted by Potential Output Occurrences

| Input Bits | Co-occurrences | Potential Occurrences | Output Co-occurrences | Potential Output Occurrences |
|:----------:|:--------------:|:---------------------:|:---------------------:|:----------------------------:|
| iv_501-iv_502 | 1900 | 4258 | 47 | 66 |
| iv_502-iv_504 | 1833 | 4217 | 49 | 66 |
| iv_506-iv_507 | 1932 | 4321 | 38 | 69 |
| iv_498-iv_499 | 1714 | 4370 | 37 | 73 |
| iv_497-iv_503 | 1983 | 4427 | 36 | 74 |
| iv_503-iv_506 | 1916 | 4503 | 36 | 75 |
| iv_499-iv_507 | 1824 | 4310 | 33 | 76 |
| iv_501-iv_506 | 1917 | 4416 | 38 | 76 |
| iv_502-iv_506 | 1892 | 4250 | 41 | 76 |

## Output Bits

### Output Bits in Regular Order

| Rank | Output Bit | Complexity |
|:----:|:----------:|:----------:|
| 1 | ov_001 | 2.831374079986677 × 10^300 |
| 2 | ov_002 | 2.4516956905279706 × 10^300 |
| 3 | ov_003 | 2.1119701090894268 × 10^300 |
| 4 | ov_004 | 1.809145991354175 × 10^300 |
| 5 | ov_005 | 1.540338778793611 × 10^300 |
| 6 | ov_006 | 1.3028187828514526 × 10^300 |
| 7 | ov_007 | 1.0940008204058335 × 10^300 |
| 8 | ov_008 | 9.114353011056923 × 10^299 |
| 9 | ov_009 | 7.52800643065835 × 10^299 |
| 10 | ov_010 | 6.158968707240999 × 10^299 |
| 11 | ov_011 | 4.986402551585432 × 10^299 |
| 12 | ov_012 | 3.990588819842048 × 10^299 |
| 13 | ov_013 | 3.152890402261762 × 10^299 |
| 14 | ov_014 | 2.4557231733428007 × 10^299 |
| 15 | ov_015 | 1.8825328538106516 × 10^299 |
| 16 | ov_016 | 1.4177767718277422 × 10^299 |
| 17 | ov_017 | 1.0469097042431598 × 10^299 |
| 18 | ov_018 | 7.563730579480162 × 10^298 |
| 19 | ov_019 | 5.335866587247436 × 10^298 |
| 20 | ov_020 | 3.6694255837944186 × 10^298 |
| 21 | ov_021 | 2.4580045639989753 × 10^298 |
| 22 | ov_022 | 1.604844187736243 × 10^298 |
| 23 | ov_023 | 1.0228061591955953 × 10^298 |
| 24 | ov_024 | 6.343584099152228 × 10^297 |
| 25 | ov_025 | 3.715660910875444 × 10^297 |
| 26 | ov_026 | 2.028602641533309 × 10^297 |
| 27 | ov_027 | 1.0146735787820542 × 10^297 |
| 28 | ov_028 | 4.5408520584331124 × 10^296 |
| 29 | ov_029 | 1.7499406572650385 × 10^296 |
| 30 | ov_030 | 5.350119822259121 × 10^295 |
| 31 | ov_031 | 1.0434642133994364 × 10^295 |
| 32 | lv_80_m31 | 2.0343774731044323 × 10^294 |
| 33 | ov_033 | 2.440481776287811 × 10^295 |
| 34 | ov_034 | 2.1187446362523147 × 10^295 |
| 35 | ov_035 | 1.830715204466843 × 10^295 |
| 36 | ov_036 | 1.5733051326888145 × 10^295 |
| 37 | ov_037 | 1.3435919085912835 × 10^295 |
| 38 | ov_038 | 1.140154161264966 × 10^295 |
| 39 | ov_039 | 9.603674441425694 × 10^294 |
| 40 | ov_040 | 8.01742620026001 × 10^294 |
| 41 | ov_041 | 6.630679515924142 × 10^294 |
| 42 | ov_042 | 5.4319400107875996 × 10^294 |
| 43 | ov_043 | 4.4103082052515206 × 10^294 |
| 44 | ov_044 | 3.545681287328038 × 10^294 |
| 45 | ov_045 | 2.8190467711169724 × 10^294 |
| 46 | ov_046 | 2.2124552657970626 × 10^294 |
| 47 | ov_047 | 1.7171948438483454 × 10^294 |
| 48 | ov_048 | 1.3173831450942383 × 10^294 |
| 49 | ov_049 | 9.981506948999035 × 10^293 |
| 50 | ov_050 | 7.45631716385297 × 10^293 |
| 51 | ov_051 | 5.4695742267935345 × 10^293 |
| 52 | ov_052 | 3.959419623384645 × 10^293 |
| 53 | ov_053 | 2.8169730614824446 × 10^293 |
| 54 | ov_054 | 1.9432161646585326 × 10^293 |
| 55 | ov_055 | 1.291102747835131 × 10^293 |
| 56 | ov_056 | 8.185061857739414 × 10^292 |
| 57 | ov_057 | 4.882154556665759 × 10^292 |
| 58 | ov_058 | 2.679328775719502 × 10^292 |
| 59 | ov_059 | 1.3027293803954829 × 10^292 |
| 60 | ov_060 | 5.276175552771761 × 10^291 |
| 61 | ov_061 | 1.7836887399622757 × 10^291 |
| 62 | ov_062 | 4.775883238414816 × 10^290 |
| 63 | ov_063 | 1.0558314250698718 × 10^290 |
| 64 | lv_79_m31 | 2.0560938004983844 × 10^289 |
| 65 | ov_065 | 2.4286984730207316 × 10^290 |
| 66 | ov_066 | 2.428691778621421 × 10^290 |
| 67 | ov_067 | 2.428690190455237 × 10^290 |
| 68 | ov_068 | 2.0969680039031945 × 10^290 |
| 69 | ov_069 | 1.800639005545322 × 10^290 |
| 70 | ov_070 | 1.5370444225109277 × 10^290 |
| 71 | ov_071 | 1.3036505178306594 × 10^290 |
| 72 | ov_072 | 1.0980411377145798 × 10^290 |
| 73 | ov_073 | 9.179118690527664 × 10^289 |
| 74 | ov_074 | 7.61065520878637 × 10^289 |
| 75 | ov_075 | 6.254086585272132 × 10^289 |
| 76 | ov_076 | 5.089489336582223 × 10^289 |
| 77 | ov_077 | 4.097929673008056 × 10^289 |
| 78 | ov_078 | 3.2614458122800786 × 10^289 |
| 79 | ov_079 | 2.5630325827718187 × 10^289 |
| 80 | ov_080 | 1.9866279250576413 × 10^289 |
| 81 | ov_081 | 1.517101163492305 × 10^289 |
| 82 | ov_082 | 1.140242920409045 × 10^289 |
| 83 | ov_083 | 8.427565462134132 × 10^288 |
| 84 | ov_084 | 6.122509391435836 × 10^288 |
| 85 | ov_085 | 4.372346288180981 × 10^288 |
| 86 | ov_086 | 3.071109979321776 × 10^288 |
| 87 | ov_087 | 2.1217451662107823 × 10^288 |
| 88 | ov_088 | 1.4360786410640075 × 10^288 |
| 89 | ov_089 | 9.347981229724447 × 10^287 |
| 90 | ov_090 | 5.804604947646651 × 10^287 |
| 91 | ov_091 | 3.4004272214823633 × 10^287 |
| 92 | ov_092 | 1.8493813368269935 × 10^287 |
| 93 | ov_093 | 9.095432857805283 × 10^286 |
| 94 | ov_094 | 3.8312148009874936 × 10^286 |
| 95 | aaa_78_28 | 1.1645254871906522 × 10^286 |
| 96 | aaa_78_29 | 3.4884384417987696 × 10^285 |
| 97 | ov_097 | 1.8167772425772345 × 10^285 |
| 98 | ov_098 | 1.816756514288789 × 10^285 |
| 99 | ov_099 | 1.8167498893297454 × 10^285 |
| 100 | ov_100 | 1.4929233364903544 × 10^285 |
| 101 | ov_101 | 1.2176949662537008 × 10^285 |
| 102 | ov_102 | 9.859864770973707 × 10^284 |
| 103 | ov_103 | 7.929964013572332 × 10^284 |
| 104 | ov_104 | 6.341797829158096 × 10^284 |
| 105 | ov_105 | 5.052305736945707 × 10^284 |
| 106 | ov_106 | 4.0206649540501836 × 10^284 |
| 107 | ov_107 | 3.208161257233362 × 10^284 |
| 108 | ov_108 | 2.578079803731755 × 10^284 |
| 109 | ov_109 | 2.095613746198049 × 10^284 |
| 110 | ov_110 | 1.7277885947062574 × 10^284 |
| 111 | ov_111 | 1.4434003950307105 × 10^284 |
| 112 | ov_112 | 1.2129659074976645 × 10^284 |
| 113 | ov_113 | 1.0086830849963728 × 10^284 |
| 114 | ov_114 | 8.289251186639542 × 10^283 |
| 115 | ov_115 | 6.720828966252505 × 10^283 |
| 116 | ov_116 | 5.365603757554943 × 10^283 |
| 117 | ov_117 | 4.2077108849303385 × 10^283 |
| 118 | ov_118 | 3.2313556521875163 × 10^283 |
| 119 | ov_119 | 2.4207936024724665 × 10^283 |
| 120 | ov_120 | 1.7603150431827835 × 10^283 |
| 121 | ov_121 | 1.2342332720787915 × 10^283 |
| 122 | ov_122 | 8.26875940866028 × 10^282 |
| 123 | ov_123 | 5.22578992581454 × 10^282 |
| 124 | ov_124 | 3.0568260911474133 × 10^282 |
| 125 | ov_125 | 1.6052874140860427 × 10^282 |
| 126 | ov_126 | 7.145989900694172 × 10^281 |
| 127 | aaa_77_28 | 2.2818727349754706 × 10^281 |
| 128 | aaa_77_29 | 8.55509775611261 × 10^280 |
| 129 | ov_129 | 7.810971914615608 × 10^280 |
| 130 | ov_130 | 7.810953712884846 × 10^280 |
| 131 | ov_131 | 7.810947931111738 × 10^280 |
| 132 | ov_132 | 6.758849607307235 × 10^280 |
| 133 | ov_133 | 5.81664033269049 × 10^280 |
| 134 | ov_134 | 4.975703182496941 × 10^280 |
| 135 | ov_135 | 4.227866146802312 × 10^280 |
| 136 | ov_136 | 3.5653702423949516 × 10^280 |
| 137 | ov_137 | 2.984435569754542 × 10^280 |
| 138 | ov_138 | 2.478052564857907 × 10^280 |
| 139 | ov_139 | 2.0395563334426439 × 10^280 |
| 140 | ov_140 | 1.6626113671157362 × 10^280 |
| 141 | ov_141 | 1.3411992712093056 × 10^280 |
| 142 | ov_142 | 1.069609096828429 × 10^280 |
| 143 | ov_143 | 8.424298931510265 × 10^279 |
| 144 | ov_144 | 6.54545119514843 × 10^279 |
| 145 | ov_145 | 5.011285802071034 × 10^279 |
| 146 | ov_146 | 3.776415681872759 × 10^279 |
| 147 | ov_147 | 2.798309272395762 × 10^279 |
| 148 | ov_148 | 2.0372777908513 × 10^279 |
| 149 | ov_149 | 1.456467127926544 × 10^279 |
| 150 | ov_150 | 1.0218526791390707 × 10^279 |
| 151 | ov_151 | 7.022357907314726 × 10^278 |
| 152 | ov_152 | 4.692411298388669 × 10^278 |
| 153 | ov_153 | 2.9731475409301544 × 10^278 |
| 154 | ov_154 | 1.7438483873336082 × 10^278 |
| 155 | ov_155 | 8.978930633392916 × 10^277 |
| 156 | aaa_76_25 | 3.4275508332541227 × 10^277 |
| 157 | aaa_76_26 | 1.9471515137104875 × 10^277 |
| 158 | aaa_76_27 | 9.692725850710611 × 10^276 |
| 159 | aaa_76_28 | 3.5300560879619444 × 10^276 |
| 160 | aaa_76_29 | 9.365668339627906 × 10^275 |

### Output Bits Sorted by Complexity

| Rank | Output Bit | Complexity |
|:----:|:----------:|:----------:|
| 160 | aaa_76_29 | 9.365668339627906 × 10^275 |
| 159 | aaa_76_28 | 3.5300560879619444 × 10^276 |
| 158 | aaa_76_27 | 9.692725850710611 × 10^276 |
| 157 | aaa_76_26 | 1.9471515137104875 × 10^277 |
| 156 | aaa_76_25 | 3.4275508332541227 × 10^277 |
| 155 | ov_155 | 8.978930633392916 × 10^277 |
| 154 | ov_154 | 1.7438483873336082 × 10^278 |
| 153 | ov_153 | 2.9731475409301544 × 10^278 |
| 152 | ov_152 | 4.692411298388669 × 10^278 |
| 151 | ov_151 | 7.022357907314726 × 10^278 |
| 150 | ov_150 | 1.0218526791390707 × 10^279 |
| 149 | ov_149 | 1.456467127926544 × 10^279 |
| 148 | ov_148 | 2.0372777908513 × 10^279 |
| 147 | ov_147 | 2.798309272395762 × 10^279 |
| 146 | ov_146 | 3.776415681872759 × 10^279 |
| 145 | ov_145 | 5.011285802071034 × 10^279 |
| 144 | ov_144 | 6.54545119514843 × 10^279 |
| 143 | ov_143 | 8.424298931510265 × 10^279 |
| 142 | ov_142 | 1.069609096828429 × 10^280 |
| 141 | ov_141 | 1.3411992712093056 × 10^280 |
| 140 | ov_140 | 1.6626113671157362 × 10^280 |
| 139 | ov_139 | 2.0395563334426439 × 10^280 |
| 138 | ov_138 | 2.478052564857907 × 10^280 |
| 137 | ov_137 | 2.984435569754542 × 10^280 |
| 136 | ov_136 | 3.5653702423949516 × 10^280 |
| 135 | ov_135 | 4.227866146802312 × 10^280 |
| 134 | ov_134 | 4.975703182496941 × 10^280 |
| 133 | ov_133 | 5.81664033269049 × 10^280 |
| 132 | ov_132 | 6.758849607307235 × 10^280 |
| 131 | ov_131 | 7.810947931111738 × 10^280 |
| 130 | ov_130 | 7.810953712884846 × 10^280 |
| 129 | ov_129 | 7.810971914615608 × 10^280 |
| 128 | aaa_77_29 | 8.55509775611261 × 10^280 |
| 127 | aaa_77_28 | 2.2818727349754706 × 10^281 |
| 126 | ov_126 | 7.145989900694172 × 10^281 |
| 125 | ov_125 | 1.6052874140860427 × 10^282 |
| 124 | ov_124 | 3.0568260911474133 × 10^282 |
| 123 | ov_123 | 5.22578992581454 × 10^282 |
| 122 | ov_122 | 8.26875940866028 × 10^282 |
| 121 | ov_121 | 1.2342332720787915 × 10^283 |
| 120 | ov_120 | 1.7603150431827835 × 10^283 |
| 119 | ov_119 | 2.4207936024724665 × 10^283 |
| 118 | ov_118 | 3.2313556521875163 × 10^283 |
| 117 | ov_117 | 4.2077108849303385 × 10^283 |
| 116 | ov_116 | 5.365603757554943 × 10^283 |
| 115 | ov_115 | 6.720828966252505 × 10^283 |
| 114 | ov_114 | 8.289251186639542 × 10^283 |
| 113 | ov_113 | 1.0086830849963728 × 10^284 |
| 112 | ov_112 | 1.2129659074976645 × 10^284 |
| 111 | ov_111 | 1.4434003950307105 × 10^284 |
| 110 | ov_110 | 1.7277885947062574 × 10^284 |
| 109 | ov_109 | 2.095613746198049 × 10^284 |
| 108 | ov_108 | 2.578079803731755 × 10^284 |
| 107 | ov_107 | 3.208161257233362 × 10^284 |
| 106 | ov_106 | 4.0206649540501836 × 10^284 |
| 105 | ov_105 | 5.052305736945707 × 10^284 |
| 104 | ov_104 | 6.341797829158096 × 10^284 |
| 103 | ov_103 | 7.929964013572332 × 10^284 |
| 102 | ov_102 | 9.859864770973707 × 10^284 |
| 101 | ov_101 | 1.2176949662537008 × 10^285 |
| 100 | ov_100 | 1.4929233364903544 × 10^285 |
| 99 | ov_099 | 1.8167498893297454 × 10^285 |
| 98 | ov_098 | 1.816756514288789 × 10^285 |
| 97 | ov_097 | 1.8167772425772345 × 10^285 |
| 96 | aaa_78_29 | 3.4884384417987696 × 10^285 |
| 95 | aaa_78_28 | 1.1645254871906522 × 10^286 |
| 94 | ov_094 | 3.8312148009874936 × 10^286 |
| 93 | ov_093 | 9.095432857805283 × 10^286 |
| 92 | ov_092 | 1.8493813368269935 × 10^287 |
| 91 | ov_091 | 3.4004272214823633 × 10^287 |
| 90 | ov_090 | 5.804604947646651 × 10^287 |
| 89 | ov_089 | 9.347981229724447 × 10^287 |
| 88 | ov_088 | 1.4360786410640075 × 10^288 |
| 87 | ov_087 | 2.1217451662107823 × 10^288 |
| 86 | ov_086 | 3.071109979321776 × 10^288 |
| 85 | ov_085 | 4.372346288180981 × 10^288 |
| 84 | ov_084 | 6.122509391435836 × 10^288 |
| 83 | ov_083 | 8.427565462134132 × 10^288 |
| 82 | ov_082 | 1.140242920409045 × 10^289 |
| 81 | ov_081 | 1.517101163492305 × 10^289 |
| 80 | ov_080 | 1.9866279250576413 × 10^289 |
| 64 | lv_79_m31 | 2.0560938004983844 × 10^289 |
| 79 | ov_079 | 2.5630325827718187 × 10^289 |
| 78 | ov_078 | 3.2614458122800786 × 10^289 |
| 77 | ov_077 | 4.097929673008056 × 10^289 |
| 76 | ov_076 | 5.089489336582223 × 10^289 |
| 75 | ov_075 | 6.254086585272132 × 10^289 |
| 74 | ov_074 | 7.61065520878637 × 10^289 |
| 73 | ov_073 | 9.179118690527664 × 10^289 |
| 63 | ov_063 | 1.0558314250698718 × 10^290 |
| 72 | ov_072 | 1.0980411377145798 × 10^290 |
| 71 | ov_071 | 1.3036505178306594 × 10^290 |
| 70 | ov_070 | 1.5370444225109277 × 10^290 |
| 69 | ov_069 | 1.800639005545322 × 10^290 |
| 68 | ov_068 | 2.0969680039031945 × 10^290 |
| 67 | ov_067 | 2.428690190455237 × 10^290 |
| 66 | ov_066 | 2.428691778621421 × 10^290 |
| 65 | ov_065 | 2.4286984730207316 × 10^290 |
| 62 | ov_062 | 4.775883238414816 × 10^290 |
| 61 | ov_061 | 1.7836887399622757 × 10^291 |
| 60 | ov_060 | 5.276175552771761 × 10^291 |
| 59 | ov_059 | 1.3027293803954829 × 10^292 |
| 58 | ov_058 | 2.679328775719502 × 10^292 |
| 57 | ov_057 | 4.882154556665759 × 10^292 |
| 56 | ov_056 | 8.185061857739414 × 10^292 |
| 55 | ov_055 | 1.291102747835131 × 10^293 |
| 54 | ov_054 | 1.9432161646585326 × 10^293 |
| 53 | ov_053 | 2.8169730614824446 × 10^293 |
| 52 | ov_052 | 3.959419623384645 × 10^293 |
| 51 | ov_051 | 5.4695742267935345 × 10^293 |
| 50 | ov_050 | 7.45631716385297 × 10^293 |
| 49 | ov_049 | 9.981506948999035 × 10^293 |
| 48 | ov_048 | 1.3173831450942383 × 10^294 |
| 47 | ov_047 | 1.7171948438483454 × 10^294 |
| 32 | lv_80_m31 | 2.0343774731044323 × 10^294 |
| 46 | ov_046 | 2.2124552657970626 × 10^294 |
| 45 | ov_045 | 2.8190467711169724 × 10^294 |
| 44 | ov_044 | 3.545681287328038 × 10^294 |
| 43 | ov_043 | 4.4103082052515206 × 10^294 |
| 42 | ov_042 | 5.4319400107875996 × 10^294 |
| 41 | ov_041 | 6.630679515924142 × 10^294 |
| 40 | ov_040 | 8.01742620026001 × 10^294 |
| 39 | ov_039 | 9.603674441425694 × 10^294 |
| 31 | ov_031 | 1.0434642133994364 × 10^295 |
| 38 | ov_038 | 1.140154161264966 × 10^295 |
| 37 | ov_037 | 1.3435919085912835 × 10^295 |
| 36 | ov_036 | 1.5733051326888145 × 10^295 |
| 35 | ov_035 | 1.830715204466843 × 10^295 |
| 34 | ov_034 | 2.1187446362523147 × 10^295 |
| 33 | ov_033 | 2.440481776287811 × 10^295 |
| 30 | ov_030 | 5.350119822259121 × 10^295 |
| 29 | ov_029 | 1.7499406572650385 × 10^296 |
| 28 | ov_028 | 4.5408520584331124 × 10^296 |
| 27 | ov_027 | 1.0146735787820542 × 10^297 |
| 26 | ov_026 | 2.028602641533309 × 10^297 |
| 25 | ov_025 | 3.715660910875444 × 10^297 |
| 24 | ov_024 | 6.343584099152228 × 10^297 |
| 23 | ov_023 | 1.0228061591955953 × 10^298 |
| 22 | ov_022 | 1.604844187736243 × 10^298 |
| 21 | ov_021 | 2.4580045639989753 × 10^298 |
| 20 | ov_020 | 3.6694255837944186 × 10^298 |
| 19 | ov_019 | 5.335866587247436 × 10^298 |
| 18 | ov_018 | 7.563730579480162 × 10^298 |
| 17 | ov_017 | 1.0469097042431598 × 10^299 |
| 16 | ov_016 | 1.4177767718277422 × 10^299 |
| 15 | ov_015 | 1.8825328538106516 × 10^299 |
| 14 | ov_014 | 2.4557231733428007 × 10^299 |
| 13 | ov_013 | 3.152890402261762 × 10^299 |
| 12 | ov_012 | 3.990588819842048 × 10^299 |
| 11 | ov_011 | 4.986402551585432 × 10^299 |
| 10 | ov_010 | 6.158968707240999 × 10^299 |
| 9 | ov_009 | 7.52800643065835 × 10^299 |
| 8 | ov_008 | 9.114353011056923 × 10^299 |
| 7 | ov_007 | 1.0940008204058335 × 10^300 |
| 6 | ov_006 | 1.3028187828514526 × 10^300 |
| 5 | ov_005 | 1.540338778793611 × 10^300 |
| 4 | ov_004 | 1.809145991354175 × 10^300 |
| 3 | ov_003 | 2.1119701090894268 × 10^300 |
| 2 | ov_002 | 2.4516956905279706 × 10^300 |
| 1 | ov_001 | 2.831374079986677 × 10^300 |

