# Results for F001-F002-F003-F004-F005-F006-F007-F008-F009-F010-F011-F012-F013-F014-F015-F016-F017-F018-F019-F020-F021-F022-F023-F024-F025-F026-F027-F028-F029-F030-F031-F032-F033-F034-F035-F036-F037-F038-F039-F040-F041-F042-F043-F044-F045-F046-F047-F048-F049-F050-F051-F052-F053-F054-F055-F056-F057-F058-F059-F060-F061-F062-F063-F064-F065-F066-F067-F068-F069-F070-F071-F072-F073-F074-F075-F076-F077-F078-F079-F080-F081-F082-F083-F084-F085-F086-F087-F088-F089-F090-F091-F092-F093-F094-F095-F096-F097-F098-F099-F100-F101-F102-F103-F104-F105-F106-F107-F108-F109-F110-F111-F112-F113-F114-F115-F116-F117-F118-F119-F120-F121-F122-F123-F124-F125-F126-F127-F128-F129-F130-F131-F132-F133-F134-F135-F136-F137-F138-F139-F140-F141-F142-F143-F144-F145-F146-F147-F148-F149-F150-F151-F152-F153-F154-F155-F156-F157-F158-F159-F160-F161-F162-F163-F164-F165-F166-F167-F168-F169-F170-F171-F172-F173-F174-F175-F176-F177-F178-F179-F180-F181-F182-F183-F184-F185-F186-F187-F188-F189-F190-F191-F192-F193-F194-F195-F196-F197-F198-F199-F200-F201-F202-F203-F204-F205-F206-F207-F208-F209-F210-F211-F212-F213-F214-F215-F216-F217-F218-F219-F220-F221-F222-F223-F224-F225-F226-F227-F228-F229-F230-F231-F232-F233-F234-F235-F236-F237-F238-F239-F240-F241-F242-F243-F244-F245-F246-F247-F248-F249-F250-F251-F252-F253-F254-F255-F256-F257-F258-F259-F260-F261-F262-F263-F264-F265-F266-F267-F268-F269-F270-F271-F272-F273-F274-F275-F276-F277-F278-F279-F280-F281-F282-F283-F284-F285-F286-F287-F288-F289-F290-F291-F292-F293-F294-F295-F296-F297-F298-F299-F300-F301-F302-F303-F304-F305-F306-F307-F308-F309-F310-F311-F312-F313-F314-F315-F316-F317-F318-F319-F320-F321-F322-F323-F324-F325-F326-F327-F328-F329-F330-F331-F332-F333-F334-F335-F336-F337-F338-F339-F340-F341-F342-F343-F344-F345-F346-F347-F348-F349-F350-F351-F352-F353-F354-F355-F356-F357-F358-F359-F360-F361-F362-F363-F364-F365-F366-F367-F368-F369-F370-F371-F372-F373-F374-F375-F376-F377-F378-F379-F380-F381-F382-F383-F384-F385-F386-F387-F388-F389-F390-F391-F392-F393-F394-F395-F396-F397-F398-F399-F400-F401-F402-F403-F404-F405-F406-F407-F408-F409-F410-F411-F412-F413-F414-F415-F416-F417-F418-F419-F420-F421-F422-F423-F424-F425-F426-F427-F428-F429-F430-F431-F432-F433-F434-F435-F436-F437-F438-F439-F440-F441-F442-F443-F444-F445-F446-F447-F448-F449-F450-F451-F452-F453-F454-F455-F456-F457-F458-F459-F460-F461-F462-F463-F464-F465-F466-F467-F468-F469-F470-F471-F472-F473-F474-F475-F476-F477-F478-F479-F480-F481-F482-F483-F484-F485-F486-F487-F488-F489-F490-F491-F492-F493-F494-F495-F496-F500-F507-F508-F509-F510-F511-F512

## Summary

Number of input bits: 512  
Number of free input bits: 9  
Number of output bits: 160

Number of direct occurrences: 35653  
Number of assignments: 30382  
Number of operations: 10545533
(xor: 10517854,
and: 14702,
or: 12977)

Total complexity: 3.1905268575829934 × 10^293

Least occurring input variable: iv_502 (3813)  
Most occurring input variable: iv_497 (4060)

Most co-occurring input variables: iv_497-iv_505 (1959)  
Least co-occurring input variables: iv_499-iv_506 (1758)

Potentially most occurring input variable: iv_505/iv_506 (4332)  
Potentially least occurring input variable: iv_499/iv_504 (4056)

Least output occurring input variable: iv_502 (70)  
Most output occurring input variable: iv_497 (93)

Most output co-occurring input variables: iv_497-iv_501 (55)  
Least output co-occurring input variables: iv_499-iv_503 (33)

Potentially most output occurring input variable: iv_499/iv_503 (94)  
Potentially least output occurring input variable: iv_497/iv_501 (65)

Least complex input bit: iv_497 (2.1627415667801036 × 10^291)  
Most complex input bit: iv_505 (1.0457813637488046 × 10^293)

Least complex output bit: aaa_76_29 (7.183351757928949 × 10^268)  
Most complex output bit: ov_001 (5.192541378798571 × 10^292)

Least complex input/output complexity: iv_497/aaa_76_29 (4.869331658735845 × 10^266)  
Most complex input/output complexity: iv_505/ov_001 (1.7019957037928844 × 10^292)

## Input Bits

### Input Bits in Regular Order

| Input Bit | Complexity | Occurrences | Output Occurrences |
|:---------:|:----------:|:-----------:|:------------------:|
| iv_497 | 2.1627415667801036 × 10^291 | 4060 | 93 |
| iv_498 | 4.228577233035873 × 10^291 | 3958 | 74 |
| iv_499 | 7.393999370557481 × 10^291 | 3866 | 81 |
| iv_501 | 2.02669057388011 × 10^292 | 3987 | 82 |
| iv_502 | 3.261583092369298 × 10^292 | 3813 | 70 |
| iv_503 | 5.182671057881112 × 10^292 | 3991 | 79 |
| iv_504 | 8.087115931662041 × 10^292 | 4018 | 83 |
| iv_505 | 1.0457813637488046 × 10^293 | 4015 | 83 |
| iv_506 | 1.5108624655119847 × 10^292 | 3945 | 77 |

### Input Bits Sorted by Complexity

| Input Bit | Complexity | Occurrences | Output Occurrences |
|:---------:|:----------:|:-----------:|:------------------:|
| iv_497 | 2.1627415667801036 × 10^291 | 4060 | 93 |
| iv_498 | 4.228577233035873 × 10^291 | 3958 | 74 |
| iv_499 | 7.393999370557481 × 10^291 | 3866 | 81 |
| iv_506 | 1.5108624655119847 × 10^292 | 3945 | 77 |
| iv_501 | 2.02669057388011 × 10^292 | 3987 | 82 |
| iv_502 | 3.261583092369298 × 10^292 | 3813 | 70 |
| iv_503 | 5.182671057881112 × 10^292 | 3991 | 79 |
| iv_504 | 8.087115931662041 × 10^292 | 4018 | 83 |
| iv_505 | 1.0457813637488046 × 10^293 | 4015 | 83 |

### Input Bits Sorted by Occurrences

| Input Bit | Complexity | Occurrences | Output Occurrences |
|:---------:|:----------:|:-----------:|:------------------:|
| iv_502 | 3.261583092369298 × 10^292 | 3813 | 70 |
| iv_499 | 7.393999370557481 × 10^291 | 3866 | 81 |
| iv_506 | 1.5108624655119847 × 10^292 | 3945 | 77 |
| iv_498 | 4.228577233035873 × 10^291 | 3958 | 74 |
| iv_501 | 2.02669057388011 × 10^292 | 3987 | 82 |
| iv_503 | 5.182671057881112 × 10^292 | 3991 | 79 |
| iv_505 | 1.0457813637488046 × 10^293 | 4015 | 83 |
| iv_504 | 8.087115931662041 × 10^292 | 4018 | 83 |
| iv_497 | 2.1627415667801036 × 10^291 | 4060 | 93 |

### Input Bits Sorted by Output Occurrences

| Input Bit | Complexity | Occurrences | Output Occurrences |
|:---------:|:----------:|:-----------:|:------------------:|
| iv_502 | 3.261583092369298 × 10^292 | 3813 | 70 |
| iv_498 | 4.228577233035873 × 10^291 | 3958 | 74 |
| iv_506 | 1.5108624655119847 × 10^292 | 3945 | 77 |
| iv_503 | 5.182671057881112 × 10^292 | 3991 | 79 |
| iv_499 | 7.393999370557481 × 10^291 | 3866 | 81 |
| iv_501 | 2.02669057388011 × 10^292 | 3987 | 82 |
| iv_505 | 1.0457813637488046 × 10^293 | 4015 | 83 |
| iv_504 | 8.087115931662041 × 10^292 | 4018 | 83 |
| iv_497 | 2.1627415667801036 × 10^291 | 4060 | 93 |

## Input Bit Co-occurrences

### Input Bit Co-occurrences Sorted by Co-occurrences

| Input Bits | Co-occurrences | Potential Occurrences | Output Co-occurrences | Potential Output Occurrences |
|:----------:|:--------------:|:---------------------:|:---------------------:|:----------------------------:|
| iv_497-iv_505 | 1959 | 4157 | 48 | 80 |
| iv_498-iv_504 | 1943 | 4090 | 39 | 79 |
| iv_497-iv_503 | 1940 | 4171 | 53 | 66 |
| iv_501-iv_505 | 1929 | 4144 | 48 | 69 |
| iv_497-iv_501 | 1928 | 4191 | 55 | 65 |
| iv_497-iv_504 | 1921 | 4236 | 45 | 86 |
| iv_497-iv_506 | 1914 | 4177 | 50 | 70 |
| iv_499-iv_504 | 1914 | 4056 | 42 | 80 |
| iv_501-iv_504 | 1912 | 4181 | 43 | 79 |

### Input Bit Co-occurrences Sorted by Potential Occurrences

| Input Bits | Co-occurrences | Potential Occurrences | Output Co-occurrences | Potential Output Occurrences |
|:----------:|:--------------:|:---------------------:|:---------------------:|:----------------------------:|
| iv_499-iv_504 | 1914 | 4056 | 42 | 80 |
| iv_499-iv_502 | 1810 | 4059 | 37 | 77 |
| iv_498-iv_504 | 1943 | 4090 | 39 | 79 |
| iv_498-iv_499 | 1854 | 4116 | 39 | 77 |
| iv_497-iv_502 | 1873 | 4127 | 39 | 85 |
| iv_501-iv_505 | 1929 | 4144 | 48 | 69 |
| iv_501-iv_502 | 1826 | 4148 | 34 | 84 |
| iv_503-iv_506 | 1891 | 4154 | 36 | 84 |
| iv_502-iv_506 | 1802 | 4154 | 34 | 79 |

### Input Bit Output Co-occurrences Sorted by Output Co-occurrences

| Input Bits | Co-occurrences | Potential Occurrences | Output Co-occurrences | Potential Output Occurrences |
|:----------:|:--------------:|:---------------------:|:---------------------:|:----------------------------:|
| iv_497-iv_501 | 1928 | 4191 | 55 | 65 |
| iv_497-iv_503 | 1940 | 4171 | 53 | 66 |
| iv_497-iv_506 | 1914 | 4177 | 50 | 70 |
| iv_497-iv_505 | 1959 | 4157 | 48 | 80 |
| iv_501-iv_505 | 1929 | 4144 | 48 | 69 |
| iv_497-iv_499 | 1882 | 4162 | 45 | 84 |
| iv_497-iv_504 | 1921 | 4236 | 45 | 86 |
| iv_501-iv_503 | 1908 | 4162 | 44 | 73 |
| iv_504-iv_505 | 1890 | 4253 | 44 | 78 |

### Input Bit Output Co-occurrences Sorted by Potential Output Occurrences

| Input Bits | Co-occurrences | Potential Occurrences | Output Co-occurrences | Potential Output Occurrences |
|:----------:|:--------------:|:---------------------:|:---------------------:|:----------------------------:|
| iv_497-iv_501 | 1928 | 4191 | 55 | 65 |
| iv_497-iv_503 | 1940 | 4171 | 53 | 66 |
| iv_502-iv_505 | 1831 | 4166 | 42 | 69 |
| iv_501-iv_505 | 1929 | 4144 | 48 | 69 |
| iv_497-iv_506 | 1914 | 4177 | 50 | 70 |
| iv_501-iv_503 | 1908 | 4162 | 44 | 73 |
| iv_498-iv_506 | 1857 | 4189 | 39 | 73 |
| iv_499-iv_506 | 1758 | 4295 | 41 | 76 |
| iv_499-iv_501 | 1837 | 4179 | 43 | 77 |

## Output Bits

### Output Bits in Regular Order

| Rank | Output Bit | Complexity |
|:----:|:----------:|:----------:|
| 1 | ov_001 | 5.192541378798571 × 10^292 |
| 2 | ov_002 | 4.4891710004182597 × 10^292 |
| 3 | ov_003 | 3.860586707002246 × 10^292 |
| 4 | ov_004 | 3.301033090704914 × 10^292 |
| 5 | ov_005 | 2.805069487046221 × 10^292 |
| 6 | ov_006 | 2.3675473373776543 × 10^292 |
| 7 | ov_007 | 1.983590512437533 × 10^292 |
| 8 | ov_008 | 1.648578408257853 × 10^292 |
| 9 | ov_009 | 1.358131579833051 × 10^292 |
| 10 | ov_010 | 1.1080996348370161 × 10^292 |
| 11 | ov_011 | 8.945511219864401 × 10^291 |
| 12 | ov_012 | 7.137651957923753 × 10^291 |
| 13 | ov_013 | 5.622248551658982 × 10^291 |
| 14 | ov_014 | 4.366115377122571 × 10^291 |
| 15 | ov_015 | 3.338008513259627 × 10^291 |
| 16 | ov_016 | 2.508592399269856 × 10^291 |
| 17 | ov_017 | 1.8504139531501695 × 10^291 |
| 18 | ov_018 | 1.3378825112171211 × 10^291 |
| 19 | ov_019 | 9.472543572686215 × 10^290 |
| 20 | ov_020 | 6.5662099052413414 × 10^290 |
| 21 | ov_021 | 4.4590045505034634 × 10^290 |
| 22 | ov_022 | 2.9683112816254574 × 10^290 |
| 23 | ov_023 | 1.9296744002077968 × 10^290 |
| 24 | ov_024 | 1.1967707133825449 × 10^290 |
| 25 | ov_025 | 7.009690421360051 × 10^289 |
| 26 | ov_026 | 3.8269285236108355 × 10^289 |
| 27 | ov_027 | 1.9141722624592426 × 10^289 |
| 28 | ov_028 | 8.566764069053923 × 10^288 |
| 29 | ov_029 | 3.301956494820555 × 10^288 |
| 30 | ov_030 | 1.009835467309586 × 10^288 |
| 31 | ov_031 | 1.9708460068969247 × 10^287 |
| 32 | lv_80_m31 | 3.846141325895103 × 10^286 |
| 33 | ov_033 | 4.609293096949386 × 10^287 |
| 34 | ov_034 | 4.000910941560465 × 10^287 |
| 35 | ov_035 | 3.4569376937344607 × 10^287 |
| 36 | ov_036 | 2.9715249549436135 × 10^287 |
| 37 | ov_037 | 2.539135478553746 × 10^287 |
| 38 | ov_038 | 2.1545213459262676 × 10^287 |
| 39 | ov_039 | 1.8127052254244347 × 10^287 |
| 40 | ov_040 | 1.511263937940587 × 10^287 |
| 41 | ov_041 | 1.2478979465757657 × 10^287 |
| 42 | ov_042 | 1.0204251919390338 × 10^287 |
| 43 | ov_043 | 8.267759603533142 × 10^286 |
| 44 | ov_044 | 6.631317559095489 × 10^286 |
| 45 | ov_045 | 5.2588070678701 × 10^286 |
| 46 | ov_046 | 4.116126401388287 × 10^286 |
| 47 | ov_047 | 3.1867235106672204 × 10^286 |
| 48 | ov_048 | 2.440423638547053 × 10^286 |
| 49 | ov_049 | 1.8489779708153687 × 10^286 |
| 50 | ov_050 | 1.3860465863175965 × 10^286 |
| 51 | ov_051 | 1.0271856702903955 × 10^286 |
| 52 | ov_052 | 7.498379953009564 × 10^285 |
| 53 | ov_053 | 5.3332598781474275 × 10^285 |
| 54 | ov_054 | 3.677800516737849 × 10^285 |
| 55 | ov_055 | 2.4426697949632778 × 10^285 |
| 56 | ov_056 | 1.547886407617792 × 10^285 |
| 57 | ov_057 | 9.228116486440219 × 10^284 |
| 58 | ov_058 | 5.0614466475574516 × 10^284 |
| 59 | ov_059 | 2.459199343780132 × 10^284 |
| 60 | ov_060 | 9.95060977005606 × 10^283 |
| 61 | ov_061 | 3.3605525303255114 × 10^283 |
| 62 | ov_062 | 8.988283278885767 × 10^282 |
| 63 | ov_063 | 1.9849257439046795 × 10^282 |
| 64 | lv_79_m31 | 3.861404410353327 × 10^281 |
| 65 | ov_065 | 4.5544681655520617 × 10^282 |
| 66 | ov_066 | 4.554452630778089 × 10^282 |
| 67 | ov_067 | 4.554448828357518 × 10^282 |
| 68 | ov_068 | 3.9189489538356247 × 10^282 |
| 69 | ov_069 | 3.354255125162398 × 10^282 |
| 70 | ov_070 | 2.8544858835404055 × 10^282 |
| 71 | ov_071 | 2.4141219051944073 × 10^282 |
| 72 | ov_072 | 2.0279814636642954 × 10^282 |
| 73 | ov_073 | 1.691198056376941 × 10^282 |
| 74 | ov_074 | 1.3992000826531936 × 10^282 |
| 75 | ov_075 | 1.1476924643455306 × 10^282 |
| 76 | ov_076 | 9.326401035741196 × 10^281 |
| 77 | ov_077 | 7.502530746427251 × 10^281 |
| 78 | ov_078 | 5.969734492722353 × 10^281 |
| 79 | ov_079 | 4.694636558828676 × 10^281 |
| 80 | ov_080 | 3.645962748736954 × 10^281 |
| 81 | ov_081 | 2.7944517276939157 × 10^281 |
| 82 | ov_082 | 2.112778787969466 × 10^281 |
| 83 | ov_083 | 1.5754910797190931 × 10^281 |
| 84 | ov_084 | 1.158953351522043 × 10^281 |
| 85 | ov_085 | 8.413032478687218 × 10^280 |
| 86 | ov_086 | 6.024152127165815 × 10^280 |
| 87 | ov_087 | 4.238720494430631 × 10^280 |
| 88 | ov_088 | 2.889431882727669 × 10^280 |
| 89 | ov_089 | 1.8968267403019637 × 10^280 |
| 90 | ov_090 | 1.189765453711542 × 10^280 |
| 91 | ov_091 | 7.053833750596088 × 10^279 |
| 92 | ov_092 | 3.8906279199457173 × 10^279 |
| 93 | ov_093 | 1.9441718045709207 × 10^279 |
| 94 | ov_094 | 8.328347239292563 × 10^278 |
| 95 | aaa_78_28 | 2.5718901375028048 × 10^278 |
| 96 | aaa_78_29 | 7.899213059139275 × 10^277 |
| 97 | ov_097 | 5.218062413909341 × 10^277 |
| 98 | ov_098 | 5.217907216116246 × 10^277 |
| 99 | ov_099 | 5.217857731820694 × 10^277 |
| 100 | ov_100 | 4.696299587533047 × 10^277 |
| 101 | ov_101 | 4.213031217291235 × 10^277 |
| 102 | ov_102 | 3.7659814303931646 × 10^277 |
| 103 | ov_103 | 3.3532302056290485 × 10^277 |
| 104 | ov_104 | 2.9729881481312677 × 10^277 |
| 105 | ov_105 | 2.6235778941168196 × 10^277 |
| 106 | ov_106 | 2.303417366655549 × 10^277 |
| 107 | ov_107 | 2.0110047884376843 × 10^277 |
| 108 | ov_108 | 1.7449053596750437 × 10^277 |
| 109 | ov_109 | 1.5037395108686477 × 10^277 |
| 110 | ov_110 | 1.2861726413146698 × 10^277 |
| 111 | ov_111 | 1.090906254999926 × 10^277 |
| 112 | ov_112 | 9.166704060491888 × 10^276 |
| 113 | ov_113 | 7.62217366213068 × 10^276 |
| 114 | ov_114 | 6.263164270975175 × 10^276 |
| 115 | ov_115 | 5.077497499841449 × 10^276 |
| 116 | ov_116 | 4.0530917620117526 × 10^276 |
| 117 | ov_117 | 3.177938181832493 × 10^276 |
| 118 | ov_118 | 2.440081693681226 × 10^276 |
| 119 | ov_119 | 1.8276058573200923 × 10^276 |
| 120 | ov_120 | 1.3286209554640438 × 10^276 |
| 121 | ov_121 | 9.312549395028442 × 10^275 |
| 122 | ov_122 | 6.236467893696015 × 10^275 |
| 123 | ov_123 | 3.939418535636029 × 10^275 |
| 124 | ov_124 | 2.302887353539015 × 10^275 |
| 125 | ov_125 | 1.2083739585286456 × 10^275 |
| 126 | ov_126 | 5.373822474275197 × 10^274 |
| 127 | aaa_77_28 | 1.7141715916410977 × 10^274 |
| 128 | aaa_77_29 | 6.416208302436745 × 10^273 |
| 129 | ov_129 | 5.841720360872888 × 10^273 |
| 130 | ov_130 | 5.841706407775256 × 10^273 |
| 131 | ov_131 | 5.841701979629971 × 10^273 |
| 132 | ov_132 | 5.040088082406871 × 10^273 |
| 133 | ov_133 | 4.32473624227744 × 10^273 |
| 134 | ov_134 | 3.6890457729695674 × 10^273 |
| 135 | ov_135 | 3.1267537531824776 × 10^273 |
| 136 | ov_136 | 2.631910797614541 × 10^273 |
| 137 | ov_137 | 2.1988606260535772 × 10^273 |
| 138 | ov_138 | 1.8222230318167573 × 10^273 |
| 139 | ov_139 | 1.4968798705124722 × 10^273 |
| 140 | ov_140 | 1.2179637093669272 × 10^273 |
| 141 | ov_141 | 9.808487963323113 × 10^272 |
| 142 | ov_142 | 7.811440269646915 × 10^272 |
| 143 | ov_143 | 6.1468760569555636 × 10^272 |
| 144 | ov_144 | 4.775431166654525 × 10^272 |
| 145 | ov_145 | 3.659967377682842 × 10^272 |
| 146 | ov_146 | 2.765553499863415 × 10^272 |
| 147 | ov_147 | 2.0594531248901737 × 10^272 |
| 148 | ov_148 | 1.5111169232968191 × 10^272 |
| 149 | ov_149 | 1.09217765674374 × 10^272 |
| 150 | ov_150 | 7.76446625770919 × 10^271 |
| 151 | ov_151 | 5.39910950491051 × 10^271 |
| 152 | ov_152 | 3.6073149510628935 × 10^271 |
| 153 | ov_153 | 2.285319056849682 × 10^271 |
| 154 | ov_154 | 1.3402162132634602 × 10^271 |
| 155 | ov_155 | 6.899544398693121 × 10^270 |
| 156 | aaa_76_25 | 2.633328741450892 × 10^270 |
| 157 | aaa_76_26 | 1.4954679027390948 × 10^270 |
| 158 | aaa_76_27 | 7.441484340841091 × 10^269 |
| 159 | aaa_76_28 | 2.7088627115705238 × 10^269 |
| 160 | aaa_76_29 | 7.183351757928949 × 10^268 |

### Output Bits Sorted by Complexity

| Rank | Output Bit | Complexity |
|:----:|:----------:|:----------:|
| 160 | aaa_76_29 | 7.183351757928949 × 10^268 |
| 159 | aaa_76_28 | 2.7088627115705238 × 10^269 |
| 158 | aaa_76_27 | 7.441484340841091 × 10^269 |
| 157 | aaa_76_26 | 1.4954679027390948 × 10^270 |
| 156 | aaa_76_25 | 2.633328741450892 × 10^270 |
| 155 | ov_155 | 6.899544398693121 × 10^270 |
| 154 | ov_154 | 1.3402162132634602 × 10^271 |
| 153 | ov_153 | 2.285319056849682 × 10^271 |
| 152 | ov_152 | 3.6073149510628935 × 10^271 |
| 151 | ov_151 | 5.39910950491051 × 10^271 |
| 150 | ov_150 | 7.76446625770919 × 10^271 |
| 149 | ov_149 | 1.09217765674374 × 10^272 |
| 148 | ov_148 | 1.5111169232968191 × 10^272 |
| 147 | ov_147 | 2.0594531248901737 × 10^272 |
| 146 | ov_146 | 2.765553499863415 × 10^272 |
| 145 | ov_145 | 3.659967377682842 × 10^272 |
| 144 | ov_144 | 4.775431166654525 × 10^272 |
| 143 | ov_143 | 6.1468760569555636 × 10^272 |
| 142 | ov_142 | 7.811440269646915 × 10^272 |
| 141 | ov_141 | 9.808487963323113 × 10^272 |
| 140 | ov_140 | 1.2179637093669272 × 10^273 |
| 139 | ov_139 | 1.4968798705124722 × 10^273 |
| 138 | ov_138 | 1.8222230318167573 × 10^273 |
| 137 | ov_137 | 2.1988606260535772 × 10^273 |
| 136 | ov_136 | 2.631910797614541 × 10^273 |
| 135 | ov_135 | 3.1267537531824776 × 10^273 |
| 134 | ov_134 | 3.6890457729695674 × 10^273 |
| 133 | ov_133 | 4.32473624227744 × 10^273 |
| 132 | ov_132 | 5.040088082406871 × 10^273 |
| 131 | ov_131 | 5.841701979629971 × 10^273 |
| 130 | ov_130 | 5.841706407775256 × 10^273 |
| 129 | ov_129 | 5.841720360872888 × 10^273 |
| 128 | aaa_77_29 | 6.416208302436745 × 10^273 |
| 127 | aaa_77_28 | 1.7141715916410977 × 10^274 |
| 126 | ov_126 | 5.373822474275197 × 10^274 |
| 125 | ov_125 | 1.2083739585286456 × 10^275 |
| 124 | ov_124 | 2.302887353539015 × 10^275 |
| 123 | ov_123 | 3.939418535636029 × 10^275 |
| 122 | ov_122 | 6.236467893696015 × 10^275 |
| 121 | ov_121 | 9.312549395028442 × 10^275 |
| 120 | ov_120 | 1.3286209554640438 × 10^276 |
| 119 | ov_119 | 1.8276058573200923 × 10^276 |
| 118 | ov_118 | 2.440081693681226 × 10^276 |
| 117 | ov_117 | 3.177938181832493 × 10^276 |
| 116 | ov_116 | 4.0530917620117526 × 10^276 |
| 115 | ov_115 | 5.077497499841449 × 10^276 |
| 114 | ov_114 | 6.263164270975175 × 10^276 |
| 113 | ov_113 | 7.62217366213068 × 10^276 |
| 112 | ov_112 | 9.166704060491888 × 10^276 |
| 111 | ov_111 | 1.090906254999926 × 10^277 |
| 110 | ov_110 | 1.2861726413146698 × 10^277 |
| 109 | ov_109 | 1.5037395108686477 × 10^277 |
| 108 | ov_108 | 1.7449053596750437 × 10^277 |
| 107 | ov_107 | 2.0110047884376843 × 10^277 |
| 106 | ov_106 | 2.303417366655549 × 10^277 |
| 105 | ov_105 | 2.6235778941168196 × 10^277 |
| 104 | ov_104 | 2.9729881481312677 × 10^277 |
| 103 | ov_103 | 3.3532302056290485 × 10^277 |
| 102 | ov_102 | 3.7659814303931646 × 10^277 |
| 101 | ov_101 | 4.213031217291235 × 10^277 |
| 100 | ov_100 | 4.696299587533047 × 10^277 |
| 99 | ov_099 | 5.217857731820694 × 10^277 |
| 98 | ov_098 | 5.217907216116246 × 10^277 |
| 97 | ov_097 | 5.218062413909341 × 10^277 |
| 96 | aaa_78_29 | 7.899213059139275 × 10^277 |
| 95 | aaa_78_28 | 2.5718901375028048 × 10^278 |
| 94 | ov_094 | 8.328347239292563 × 10^278 |
| 93 | ov_093 | 1.9441718045709207 × 10^279 |
| 92 | ov_092 | 3.8906279199457173 × 10^279 |
| 91 | ov_091 | 7.053833750596088 × 10^279 |
| 90 | ov_090 | 1.189765453711542 × 10^280 |
| 89 | ov_089 | 1.8968267403019637 × 10^280 |
| 88 | ov_088 | 2.889431882727669 × 10^280 |
| 87 | ov_087 | 4.238720494430631 × 10^280 |
| 86 | ov_086 | 6.024152127165815 × 10^280 |
| 85 | ov_085 | 8.413032478687218 × 10^280 |
| 84 | ov_084 | 1.158953351522043 × 10^281 |
| 83 | ov_083 | 1.5754910797190931 × 10^281 |
| 82 | ov_082 | 2.112778787969466 × 10^281 |
| 81 | ov_081 | 2.7944517276939157 × 10^281 |
| 80 | ov_080 | 3.645962748736954 × 10^281 |
| 64 | lv_79_m31 | 3.861404410353327 × 10^281 |
| 79 | ov_079 | 4.694636558828676 × 10^281 |
| 78 | ov_078 | 5.969734492722353 × 10^281 |
| 77 | ov_077 | 7.502530746427251 × 10^281 |
| 76 | ov_076 | 9.326401035741196 × 10^281 |
| 75 | ov_075 | 1.1476924643455306 × 10^282 |
| 74 | ov_074 | 1.3992000826531936 × 10^282 |
| 73 | ov_073 | 1.691198056376941 × 10^282 |
| 63 | ov_063 | 1.9849257439046795 × 10^282 |
| 72 | ov_072 | 2.0279814636642954 × 10^282 |
| 71 | ov_071 | 2.4141219051944073 × 10^282 |
| 70 | ov_070 | 2.8544858835404055 × 10^282 |
| 69 | ov_069 | 3.354255125162398 × 10^282 |
| 68 | ov_068 | 3.9189489538356247 × 10^282 |
| 67 | ov_067 | 4.554448828357518 × 10^282 |
| 66 | ov_066 | 4.554452630778089 × 10^282 |
| 65 | ov_065 | 4.5544681655520617 × 10^282 |
| 62 | ov_062 | 8.988283278885767 × 10^282 |
| 61 | ov_061 | 3.3605525303255114 × 10^283 |
| 60 | ov_060 | 9.95060977005606 × 10^283 |
| 59 | ov_059 | 2.459199343780132 × 10^284 |
| 58 | ov_058 | 5.0614466475574516 × 10^284 |
| 57 | ov_057 | 9.228116486440219 × 10^284 |
| 56 | ov_056 | 1.547886407617792 × 10^285 |
| 55 | ov_055 | 2.4426697949632778 × 10^285 |
| 54 | ov_054 | 3.677800516737849 × 10^285 |
| 53 | ov_053 | 5.3332598781474275 × 10^285 |
| 52 | ov_052 | 7.498379953009564 × 10^285 |
| 51 | ov_051 | 1.0271856702903955 × 10^286 |
| 50 | ov_050 | 1.3860465863175965 × 10^286 |
| 49 | ov_049 | 1.8489779708153687 × 10^286 |
| 48 | ov_048 | 2.440423638547053 × 10^286 |
| 47 | ov_047 | 3.1867235106672204 × 10^286 |
| 32 | lv_80_m31 | 3.846141325895103 × 10^286 |
| 46 | ov_046 | 4.116126401388287 × 10^286 |
| 45 | ov_045 | 5.2588070678701 × 10^286 |
| 44 | ov_044 | 6.631317559095489 × 10^286 |
| 43 | ov_043 | 8.267759603533142 × 10^286 |
| 42 | ov_042 | 1.0204251919390338 × 10^287 |
| 41 | ov_041 | 1.2478979465757657 × 10^287 |
| 40 | ov_040 | 1.511263937940587 × 10^287 |
| 39 | ov_039 | 1.8127052254244347 × 10^287 |
| 31 | ov_031 | 1.9708460068969247 × 10^287 |
| 38 | ov_038 | 2.1545213459262676 × 10^287 |
| 37 | ov_037 | 2.539135478553746 × 10^287 |
| 36 | ov_036 | 2.9715249549436135 × 10^287 |
| 35 | ov_035 | 3.4569376937344607 × 10^287 |
| 34 | ov_034 | 4.000910941560465 × 10^287 |
| 33 | ov_033 | 4.609293096949386 × 10^287 |
| 30 | ov_030 | 1.009835467309586 × 10^288 |
| 29 | ov_029 | 3.301956494820555 × 10^288 |
| 28 | ov_028 | 8.566764069053923 × 10^288 |
| 27 | ov_027 | 1.9141722624592426 × 10^289 |
| 26 | ov_026 | 3.8269285236108355 × 10^289 |
| 25 | ov_025 | 7.009690421360051 × 10^289 |
| 24 | ov_024 | 1.1967707133825449 × 10^290 |
| 23 | ov_023 | 1.9296744002077968 × 10^290 |
| 22 | ov_022 | 2.9683112816254574 × 10^290 |
| 21 | ov_021 | 4.4590045505034634 × 10^290 |
| 20 | ov_020 | 6.5662099052413414 × 10^290 |
| 19 | ov_019 | 9.472543572686215 × 10^290 |
| 18 | ov_018 | 1.3378825112171211 × 10^291 |
| 17 | ov_017 | 1.8504139531501695 × 10^291 |
| 16 | ov_016 | 2.508592399269856 × 10^291 |
| 15 | ov_015 | 3.338008513259627 × 10^291 |
| 14 | ov_014 | 4.366115377122571 × 10^291 |
| 13 | ov_013 | 5.622248551658982 × 10^291 |
| 12 | ov_012 | 7.137651957923753 × 10^291 |
| 11 | ov_011 | 8.945511219864401 × 10^291 |
| 10 | ov_010 | 1.1080996348370161 × 10^292 |
| 9 | ov_009 | 1.358131579833051 × 10^292 |
| 8 | ov_008 | 1.648578408257853 × 10^292 |
| 7 | ov_007 | 1.983590512437533 × 10^292 |
| 6 | ov_006 | 2.3675473373776543 × 10^292 |
| 5 | ov_005 | 2.805069487046221 × 10^292 |
| 4 | ov_004 | 3.301033090704914 × 10^292 |
| 3 | ov_003 | 3.860586707002246 × 10^292 |
| 2 | ov_002 | 4.4891710004182597 × 10^292 |
| 1 | ov_001 | 5.192541378798571 × 10^292 |

