# Results for F001-F002-F003-F004-F005-F006-F007-F008-F009-F010-F011-F012-F013-F014-F015-F016-F017-F018-F019-F020-F021-F022-F023-F024-F025-F026-F027-F028-F029-F030-F031-F032-F033-F034-F035-F036-F037-F038-F039-F040-F041-F042-F043-F044-F045-F046-F047-F048-F049-F050-F051-F052-F053-F054-F055-F056-F057-F058-F059-F060-F061-F062-F063-F064-F065-F066-F067-F068-F069-F070-F071-F072-F073-F074-F075-F076-F077-F078-F079-F080-F081-F082-F083-F084-F085-F086-F087-F088-F089-F090-F091-F092-F093-F094-F095-F096-F097-F098-F099-F100-F101-F102-F103-F104-F105-F106-F107-F108-F109-F110-F111-F112-F113-F114-F115-F116-F117-F118-F119-F120-F121-F122-F123-F124-F125-F126-F127-F128-F129-F130-F131-F132-F133-F134-F135-F136-F137-F138-F139-F140-F141-F142-F143-F144-F145-F146-F147-F148-F149-F150-F151-F152-F153-F154-F155-F156-F157-F158-F159-F160-F161-F162-F163-F164-F165-F166-F167-F168-F169-F170-F171-F172-F173-F174-F175-F176-F177-F178-F179-F180-F181-F182-F183-F184-F185-F186-F187-F188-F189-F190-F191-F192-F193-F194-F195-F196-F197-F198-F199-F200-F201-F202-F203-F204-F205-F206-F207-F208-F209-F210-F211-F212-F213-F214-F215-F216-F217-F218-F219-F220-F221-F222-F223-F224-F225-F226-F227-F228-F229-F230-F231-F232-F233-F234-F235-F236-F237-F238-F239-F240-F241-F242-F243-F244-F245-F246-F247-F248-F249-F250-F251-F252-F253-F254-F255-F256-F257-F258-F259-F260-F261-F262-F263-F264-F265-F266-F267-F268-F269-F270-F271-F272-F273-F274-F275-F276-F277-F278-F279-F280-F281-F282-F283-F284-F285-F286-F287-F288-F289-F290-F291-F292-F293-F294-F295-F296-F297-F298-F299-F300-F301-F302-F303-F304-F305-F306-F307-F308-F309-F310-F311-F312-F313-F314-F315-F316-F317-F318-F319-F320-F321-F322-F323-F324-F325-F326-F327-F328-F329-F330-F331-F332-F333-F334-F335-F336-F337-F338-F339-F340-F341-F342-F343-F344-F345-F346-F347-F348-F349-F350-F351-F352-F353-F354-F355-F356-F357-F358-F359-F360-F361-F362-F363-F364-F365-F366-F367-F368-F369-F370-F371-F372-F373-F374-F375-F376-F377-F378-F379-F380-F381-F382-F383-F384-F385-F386-F387-F388-F389-F390-F391-F392-F393-F394-F395-F396-F397-F398-F399-F400-F401-F402-F403-F404-F405-F406-F407-F408-F409-F410-F411-F412-F413-F414-F415-F416-F417-F418-F419-F420-F421-F422-F423-F424-F425-F426-F427-F428-F429-F430-F431-F432-F433-F434-F435-F436-F437-F438-F439-F440-F441-F442-F443-F444-F445-F446-F447-F448-F449-F450-F451-F452-F453-F454-F455-F456-F457-F458-F459-F460-F461-F462-F463-F464-F465-F466-F467-F468-F469-F470-F471-F472-F473-F474-F475-F476-F477-F478-F479-F480-F481-F482-F483-F484-F485-F486-F487-F488-F489-F490-F491-F492-F493-F494-F495-F496-F499-T505-T508-F509-F510-F511-F512

## Summary

Number of input bits: 512  
Number of free input bits: 9  
Number of output bits: 160

Number of direct occurrences: 37178  
Number of assignments: 31111  
Number of operations: 11703461
(xor: 11674949,
and: 15208,
or: 13304)

Total complexity: 3.340755192634227 × 10^303

Least occurring input variable: iv_500 (3964)  
Most occurring input variable: iv_507 (4346)

Most co-occurring input variables: iv_506-iv_507 (2111)  
Least co-occurring input variables: iv_497-iv_501 (1754)

Potentially most occurring input variable: iv_504/iv_507 (4635)  
Potentially least occurring input variable: iv_500/iv_501 (4211)

Least output occurring input variable: iv_500 (64)  
Most output occurring input variable: iv_497 (92)

Most output co-occurring input variables: iv_498-iv_507 (48)  
Least output co-occurring input variables: iv_500-iv_502 (29)

Potentially most output occurring input variable: iv_497/iv_502 (94)  
Potentially least output occurring input variable: iv_498/iv_507 (67)

Least complex input bit: iv_497 (1.9731489252528536 × 10^301)  
Most complex input bit: iv_504 (8.103418731508966 × 10^302)

Least complex output bit: aaa_76_29 (1.0537427547526388 × 10^278)  
Most complex output bit: ov_001 (5.390901522700181 × 10^302)

Least complex input/output complexity: iv_497/aaa_76_29 (6.2237166872250864 × 10^275)  
Most complex input/output complexity: iv_504/ov_001 (1.3076304565831686 × 10^302)

## Input Bits

### Input Bits in Regular Order

| Input Bit | Complexity | Occurrences | Output Occurrences |
|:---------:|:----------:|:-----------:|:------------------:|
| iv_497 | 1.9731489252528536 × 10^301 | 4082 | 92 |
| iv_498 | 3.923100673831067 × 10^301 | 4059 | 87 |
| iv_500 | 1.194047724846806 × 10^302 | 3964 | 64 |
| iv_501 | 1.991111259191559 × 10^302 | 4017 | 81 |
| iv_502 | 3.242151781371069 × 10^302 | 4003 | 74 |
| iv_503 | 5.181119381839501 × 10^302 | 4231 | 83 |
| iv_504 | 8.103418731508966 × 10^302 | 4213 | 81 |
| iv_506 | 6.322622031320463 × 10^302 | 4263 | 85 |
| iv_507 | 6.783456056355529 × 10^302 | 4346 | 76 |

### Input Bits Sorted by Complexity

| Input Bit | Complexity | Occurrences | Output Occurrences |
|:---------:|:----------:|:-----------:|:------------------:|
| iv_497 | 1.9731489252528536 × 10^301 | 4082 | 92 |
| iv_498 | 3.923100673831067 × 10^301 | 4059 | 87 |
| iv_500 | 1.194047724846806 × 10^302 | 3964 | 64 |
| iv_501 | 1.991111259191559 × 10^302 | 4017 | 81 |
| iv_502 | 3.242151781371069 × 10^302 | 4003 | 74 |
| iv_503 | 5.181119381839501 × 10^302 | 4231 | 83 |
| iv_506 | 6.322622031320463 × 10^302 | 4263 | 85 |
| iv_507 | 6.783456056355529 × 10^302 | 4346 | 76 |
| iv_504 | 8.103418731508966 × 10^302 | 4213 | 81 |

### Input Bits Sorted by Occurrences

| Input Bit | Complexity | Occurrences | Output Occurrences |
|:---------:|:----------:|:-----------:|:------------------:|
| iv_500 | 1.194047724846806 × 10^302 | 3964 | 64 |
| iv_502 | 3.242151781371069 × 10^302 | 4003 | 74 |
| iv_501 | 1.991111259191559 × 10^302 | 4017 | 81 |
| iv_498 | 3.923100673831067 × 10^301 | 4059 | 87 |
| iv_497 | 1.9731489252528536 × 10^301 | 4082 | 92 |
| iv_504 | 8.103418731508966 × 10^302 | 4213 | 81 |
| iv_503 | 5.181119381839501 × 10^302 | 4231 | 83 |
| iv_506 | 6.322622031320463 × 10^302 | 4263 | 85 |
| iv_507 | 6.783456056355529 × 10^302 | 4346 | 76 |

### Input Bits Sorted by Output Occurrences

| Input Bit | Complexity | Occurrences | Output Occurrences |
|:---------:|:----------:|:-----------:|:------------------:|
| iv_500 | 1.194047724846806 × 10^302 | 3964 | 64 |
| iv_502 | 3.242151781371069 × 10^302 | 4003 | 74 |
| iv_507 | 6.783456056355529 × 10^302 | 4346 | 76 |
| iv_504 | 8.103418731508966 × 10^302 | 4213 | 81 |
| iv_501 | 1.991111259191559 × 10^302 | 4017 | 81 |
| iv_503 | 5.181119381839501 × 10^302 | 4231 | 83 |
| iv_506 | 6.322622031320463 × 10^302 | 4263 | 85 |
| iv_498 | 3.923100673831067 × 10^301 | 4059 | 87 |
| iv_497 | 1.9731489252528536 × 10^301 | 4082 | 92 |

## Input Bit Co-occurrences

### Input Bit Co-occurrences Sorted by Co-occurrences

| Input Bits | Co-occurrences | Potential Occurrences | Output Co-occurrences | Potential Output Occurrences |
|:----------:|:--------------:|:---------------------:|:---------------------:|:----------------------------:|
| iv_506-iv_507 | 2111 | 4387 | 41 | 79 |
| iv_503-iv_504 | 2108 | 4228 | 46 | 72 |
| iv_504-iv_506 | 2085 | 4306 | 45 | 76 |
| iv_503-iv_507 | 2026 | 4525 | 38 | 83 |
| iv_503-iv_506 | 2010 | 4474 | 46 | 76 |
| iv_498-iv_506 | 2004 | 4314 | 42 | 88 |
| iv_498-iv_507 | 1990 | 4425 | 48 | 67 |
| iv_502-iv_503 | 1984 | 4266 | 40 | 77 |
| iv_497-iv_507 | 1983 | 4462 | 42 | 84 |

### Input Bit Co-occurrences Sorted by Potential Occurrences

| Input Bits | Co-occurrences | Potential Occurrences | Output Co-occurrences | Potential Output Occurrences |
|:----------:|:--------------:|:---------------------:|:---------------------:|:----------------------------:|
| iv_500-iv_501 | 1885 | 4211 | 36 | 73 |
| iv_503-iv_504 | 2108 | 4228 | 46 | 72 |
| iv_497-iv_502 | 1922 | 4241 | 36 | 94 |
| iv_498-iv_500 | 1889 | 4245 | 35 | 81 |
| iv_502-iv_503 | 1984 | 4266 | 40 | 77 |
| iv_498-iv_501 | 1900 | 4276 | 47 | 74 |
| iv_500-iv_502 | 1843 | 4281 | 29 | 80 |
| iv_504-iv_506 | 2085 | 4306 | 45 | 76 |
| iv_501-iv_503 | 1969 | 4310 | 42 | 80 |

### Input Bit Output Co-occurrences Sorted by Output Co-occurrences

| Input Bits | Co-occurrences | Potential Occurrences | Output Co-occurrences | Potential Output Occurrences |
|:----------:|:--------------:|:---------------------:|:---------------------:|:----------------------------:|
| iv_498-iv_504 | 1951 | 4370 | 48 | 72 |
| iv_498-iv_507 | 1990 | 4425 | 48 | 67 |
| iv_497-iv_498 | 1863 | 4415 | 47 | 85 |
| iv_497-iv_506 | 1937 | 4471 | 47 | 83 |
| iv_498-iv_501 | 1900 | 4276 | 47 | 74 |
| iv_501-iv_506 | 1926 | 4428 | 46 | 74 |
| iv_503-iv_504 | 2108 | 4228 | 46 | 72 |
| iv_503-iv_506 | 2010 | 4474 | 46 | 76 |
| iv_504-iv_506 | 2085 | 4306 | 45 | 76 |

### Input Bit Output Co-occurrences Sorted by Potential Output Occurrences

| Input Bits | Co-occurrences | Potential Occurrences | Output Co-occurrences | Potential Output Occurrences |
|:----------:|:--------------:|:---------------------:|:---------------------:|:----------------------------:|
| iv_498-iv_507 | 1990 | 4425 | 48 | 67 |
| iv_497-iv_500 | 1848 | 4350 | 43 | 70 |
| iv_498-iv_504 | 1951 | 4370 | 48 | 72 |
| iv_503-iv_504 | 2108 | 4228 | 46 | 72 |
| iv_500-iv_501 | 1885 | 4211 | 36 | 73 |
| iv_498-iv_501 | 1900 | 4276 | 47 | 74 |
| iv_501-iv_506 | 1926 | 4428 | 46 | 74 |
| iv_502-iv_506 | 1918 | 4430 | 42 | 75 |
| iv_504-iv_506 | 2085 | 4306 | 45 | 76 |

## Output Bits

### Output Bits in Regular Order

| Rank | Output Bit | Complexity |
|:----:|:----------:|:----------:|
| 1 | ov_001 | 5.390901522700181 × 10^302 |
| 2 | ov_002 | 4.668051918702134 × 10^302 |
| 3 | ov_003 | 4.021257586281831 × 10^302 |
| 4 | ov_004 | 3.4447105755185855 × 10^302 |
| 5 | ov_005 | 2.9329205668926494 × 10^302 |
| 6 | ov_006 | 2.4806921387317617 × 10^302 |
| 7 | ov_007 | 2.083104978786137 × 10^302 |
| 8 | ov_008 | 1.7354968505795617 × 10^302 |
| 9 | ov_009 | 1.4334490792749304 × 10^302 |
| 10 | ov_010 | 1.1727742952002892 × 10^302 |
| 11 | ov_011 | 9.495062031380908 × 10^301 |
| 12 | ov_012 | 7.598911615494432 × 10^301 |
| 13 | ov_013 | 6.003813384980942 × 10^301 |
| 14 | ov_014 | 4.676292099968234 × 10^301 |
| 15 | ov_015 | 3.5848318187771485 × 10^301 |
| 16 | ov_016 | 2.6998414237605984 × 10^301 |
| 17 | ov_017 | 1.9936278944913107 × 10^301 |
| 18 | ov_018 | 1.440375919451546 × 10^301 |
| 19 | ov_019 | 1.0161324513429994 × 10^301 |
| 20 | ov_020 | 6.987950841779824 × 10^300 |
| 21 | ov_021 | 4.681034834167021 × 10^300 |
| 22 | ov_022 | 3.0563326490523036 × 10^300 |
| 23 | ov_023 | 1.947917932321165 × 10^300 |
| 24 | ov_024 | 1.208154449551137 × 10^300 |
| 25 | ov_025 | 7.076795696819764 × 10^299 |
| 26 | ov_026 | 3.863788847197458 × 10^299 |
| 27 | ov_027 | 1.9326890718402945 × 10^299 |
| 28 | ov_028 | 8.649589225776972 × 10^298 |
| 29 | ov_029 | 3.3335420429406943 × 10^298 |
| 30 | ov_030 | 1.0192277996784859 × 10^298 |
| 31 | ov_031 | 1.9879958722462505 × 10^297 |
| 32 | lv_80_m31 | 3.876155686414357 × 10^296 |
| 33 | ov_033 | 4.648354523810301 × 10^297 |
| 34 | ov_034 | 4.035917398203679 × 10^297 |
| 35 | ov_035 | 3.4875615762927923 × 10^297 |
| 36 | ov_036 | 2.997401459739762 × 10^297 |
| 37 | ov_037 | 2.5598678621916358 × 10^297 |
| 38 | ov_038 | 2.1722522935158786 × 10^297 |
| 39 | ov_039 | 1.829554299715089 × 10^297 |
| 40 | ov_040 | 1.5270315975512777 × 10^297 |
| 41 | ov_041 | 1.262375685569852 × 10^297 |
| 42 | ov_042 | 1.0333969140490895 × 10^297 |
| 43 | ov_043 | 8.380191092504324 × 10^296 |
| 44 | ov_044 | 6.7241339030528675 × 10^296 |
| 45 | ov_045 | 5.3295876460876005 × 10^296 |
| 46 | ov_046 | 4.1789597817698405 × 10^296 |
| 47 | ov_047 | 3.2400524654850895 × 10^296 |
| 48 | ov_048 | 2.482621670383327 × 10^296 |
| 49 | ov_049 | 1.8783532268723015 × 10^296 |
| 50 | ov_050 | 1.400845036670674 × 10^296 |
| 51 | ov_051 | 1.025594049258668 × 10^296 |
| 52 | ov_052 | 7.408221289875847 × 10^295 |
| 53 | ov_053 | 5.257985396307004 × 10^295 |
| 54 | ov_054 | 3.6167049583682665 × 10^295 |
| 55 | ov_055 | 2.394806051938205 × 10^295 |
| 56 | ov_056 | 1.5120819894131294 × 10^295 |
| 57 | ov_057 | 8.976854220343811 × 10^294 |
| 58 | ov_058 | 4.901237889260237 × 10^294 |
| 59 | ov_059 | 2.3725692248436172 × 10^294 |
| 60 | ov_060 | 9.629594804853092 × 10^293 |
| 61 | ov_061 | 3.3802882281492183 × 10^293 |
| 62 | ov_062 | 1.0322523285730185 × 10^293 |
| 63 | ov_063 | 2.010788398519193 × 10^292 |
| 64 | lv_79_m31 | 3.915997307299118 × 10^291 |
| 65 | ov_065 | 4.632996260752169 × 10^292 |
| 66 | ov_066 | 4.63298203371423 × 10^292 |
| 67 | ov_067 | 4.632978600853581 × 10^292 |
| 68 | ov_068 | 4.0014058659157436 × 10^292 |
| 69 | ov_069 | 3.437289326827841 × 10^292 |
| 70 | ov_070 | 2.9354775381615476 × 10^292 |
| 71 | ov_071 | 2.491088062751023 × 10^292 |
| 72 | ov_072 | 2.0994883319551724 × 10^292 |
| 73 | ov_073 | 1.7562793422244896 × 10^292 |
| 74 | ov_074 | 1.4572819004413438 × 10^292 |
| 75 | ov_075 | 1.1985251455473737 × 10^292 |
| 76 | ov_076 | 9.76237088465228 × 10^291 |
| 77 | ov_077 | 7.868369263672769 × 10^291 |
| 78 | ov_078 | 6.269289010300381 × 10^291 |
| 79 | ov_079 | 4.932974844158556 × 10^291 |
| 80 | ov_080 | 3.8290368780651714 × 10^291 |
| 81 | ov_081 | 2.928823038294441 × 10^291 |
| 82 | ov_082 | 2.2053990360788587 × 10^291 |
| 83 | ov_083 | 1.6335342406488203 × 10^291 |
| 84 | ov_084 | 1.1896919314132794 × 10^291 |
| 85 | ov_085 | 8.520225336993581 × 10^290 |
| 86 | ov_086 | 6.0035868815582396 × 10^290 |
| 87 | ov_087 | 4.162114720744695 × 10^290 |
| 88 | ov_088 | 2.8276751165729533 × 10^290 |
| 89 | ov_089 | 1.848868592846538 × 10^290 |
| 90 | ov_090 | 1.1541767622723593 × 10^290 |
| 91 | ov_091 | 6.804379612705643 × 10^289 |
| 92 | ov_092 | 3.7284352327040246 × 10^289 |
| 93 | ov_093 | 1.8493568438897065 × 10^289 |
| 94 | ov_094 | 7.86065546821312 × 10^288 |
| 95 | aaa_78_28 | 2.4097698302416544 × 10^288 |
| 96 | aaa_78_29 | 7.316320390972489 × 10^287 |
| 97 | ov_097 | 3.950807638300935 × 10^287 |
| 98 | ov_098 | 3.950786967696641 × 10^287 |
| 99 | ov_099 | 3.9507803728610364 × 10^287 |
| 100 | ov_100 | 3.380828803253056 × 10^287 |
| 101 | ov_101 | 2.8749174243944756 × 10^287 |
| 102 | ov_102 | 2.4279490070490275 × 10^287 |
| 103 | ov_103 | 2.0351034080871364 × 10^287 |
| 104 | ov_104 | 1.6918173431438934 × 10^287 |
| 105 | ov_105 | 1.3937668658972948 × 10^287 |
| 106 | ov_106 | 1.1368523010485601 × 10^287 |
| 107 | ov_107 | 9.1718539093109 × 10^286 |
| 108 | ov_108 | 7.310784280950778 × 10^286 |
| 109 | ov_109 | 5.750351583013108 × 10^286 |
| 110 | ov_110 | 4.457432501866655 × 10^286 |
| 111 | ov_111 | 3.400681394992105 × 10^286 |
| 112 | ov_112 | 2.550480672947939 × 10^286 |
| 113 | ov_113 | 1.8789014288078324 × 10^286 |
| 114 | ov_114 | 1.3596727361805836 × 10^286 |
| 115 | ov_115 | 9.681581497328722 × 10^285 |
| 116 | ov_116 | 6.813380546688742 × 10^285 |
| 117 | ov_117 | 4.7779662398551095 × 10^285 |
| 118 | ov_118 | 3.3771225457794233 × 10^285 |
| 119 | ov_119 | 2.4285057151843734 × 10^285 |
| 120 | ov_120 | 1.7655940008625638 × 10^285 |
| 121 | ov_121 | 1.2376528126133479 × 10^285 |
| 122 | ov_122 | 8.28932549102111 × 10^284 |
| 123 | ov_123 | 5.236920035243216 × 10^284 |
| 124 | ov_124 | 3.061942968875182 × 10^284 |
| 125 | ov_125 | 1.607043885200755 × 10^284 |
| 126 | ov_126 | 7.148784312021391 × 10^283 |
| 127 | aaa_77_28 | 2.2810384705869708 × 10^283 |
| 128 | aaa_77_29 | 8.54183602000564 × 10^282 |
| 129 | ov_129 | 7.813083449887613 × 10^282 |
| 130 | ov_130 | 7.813059404830436 × 10^282 |
| 131 | ov_131 | 7.813053600790405 × 10^282 |
| 132 | ov_132 | 6.750826580974353 × 10^282 |
| 133 | ov_133 | 5.801798188444308 × 10^282 |
| 134 | ov_134 | 4.9573300739616524 × 10^282 |
| 135 | ov_135 | 4.2092367656576965 × 10^282 |
| 136 | ov_136 | 3.5497532051483474 × 10^282 |
| 137 | ov_137 | 2.9715070558724306 × 10^282 |
| 138 | ov_138 | 2.467495306170541 × 10^282 |
| 139 | ov_139 | 2.0310647133035623 × 10^282 |
| 140 | ov_140 | 1.655895657765594 × 10^282 |
| 141 | ov_141 | 1.3359890000181613 × 10^282 |
| 142 | ov_142 | 1.06565555427282 × 10^282 |
| 143 | ov_143 | 8.395078162615766 × 10^281 |
| 144 | ov_144 | 6.524536041196511 × 10^281 |
| 145 | ov_145 | 4.9969129360443586 × 10^281 |
| 146 | ov_146 | 3.7670635091391774 × 10^281 |
| 147 | ov_147 | 2.792688883627735 × 10^281 |
| 148 | ov_148 | 2.0343200319250752 × 10^281 |
| 149 | ov_149 | 1.4553070784113887 × 10^281 |
| 150 | ov_150 | 1.0218128191153082 × 10^281 |
| 151 | ov_151 | 7.028088081493426 × 10^280 |
| 152 | ov_152 | 4.700727797796867 × 10^280 |
| 153 | ov_153 | 2.9818682167361155 × 10^280 |
| 154 | ov_154 | 1.7514287560436534 × 10^280 |
| 155 | ov_155 | 9.033416289205301 × 10^279 |
| 156 | aaa_76_25 | 3.4554882903125224 × 10^279 |
| 157 | aaa_76_26 | 1.973480911966735 × 10^279 |
| 158 | aaa_76_27 | 9.918399025859678 × 10^278 |
| 159 | aaa_76_28 | 3.705000751659568 × 10^278 |
| 160 | aaa_76_29 | 1.0537427547526388 × 10^278 |

### Output Bits Sorted by Complexity

| Rank | Output Bit | Complexity |
|:----:|:----------:|:----------:|
| 160 | aaa_76_29 | 1.0537427547526388 × 10^278 |
| 159 | aaa_76_28 | 3.705000751659568 × 10^278 |
| 158 | aaa_76_27 | 9.918399025859678 × 10^278 |
| 157 | aaa_76_26 | 1.973480911966735 × 10^279 |
| 156 | aaa_76_25 | 3.4554882903125224 × 10^279 |
| 155 | ov_155 | 9.033416289205301 × 10^279 |
| 154 | ov_154 | 1.7514287560436534 × 10^280 |
| 153 | ov_153 | 2.9818682167361155 × 10^280 |
| 152 | ov_152 | 4.700727797796867 × 10^280 |
| 151 | ov_151 | 7.028088081493426 × 10^280 |
| 150 | ov_150 | 1.0218128191153082 × 10^281 |
| 149 | ov_149 | 1.4553070784113887 × 10^281 |
| 148 | ov_148 | 2.0343200319250752 × 10^281 |
| 147 | ov_147 | 2.792688883627735 × 10^281 |
| 146 | ov_146 | 3.7670635091391774 × 10^281 |
| 145 | ov_145 | 4.9969129360443586 × 10^281 |
| 144 | ov_144 | 6.524536041196511 × 10^281 |
| 143 | ov_143 | 8.395078162615766 × 10^281 |
| 142 | ov_142 | 1.06565555427282 × 10^282 |
| 141 | ov_141 | 1.3359890000181613 × 10^282 |
| 140 | ov_140 | 1.655895657765594 × 10^282 |
| 139 | ov_139 | 2.0310647133035623 × 10^282 |
| 138 | ov_138 | 2.467495306170541 × 10^282 |
| 137 | ov_137 | 2.9715070558724306 × 10^282 |
| 136 | ov_136 | 3.5497532051483474 × 10^282 |
| 135 | ov_135 | 4.2092367656576965 × 10^282 |
| 134 | ov_134 | 4.9573300739616524 × 10^282 |
| 133 | ov_133 | 5.801798188444308 × 10^282 |
| 132 | ov_132 | 6.750826580974353 × 10^282 |
| 131 | ov_131 | 7.813053600790405 × 10^282 |
| 130 | ov_130 | 7.813059404830436 × 10^282 |
| 129 | ov_129 | 7.813083449887613 × 10^282 |
| 128 | aaa_77_29 | 8.54183602000564 × 10^282 |
| 127 | aaa_77_28 | 2.2810384705869708 × 10^283 |
| 126 | ov_126 | 7.148784312021391 × 10^283 |
| 125 | ov_125 | 1.607043885200755 × 10^284 |
| 124 | ov_124 | 3.061942968875182 × 10^284 |
| 123 | ov_123 | 5.236920035243216 × 10^284 |
| 122 | ov_122 | 8.28932549102111 × 10^284 |
| 121 | ov_121 | 1.2376528126133479 × 10^285 |
| 120 | ov_120 | 1.7655940008625638 × 10^285 |
| 119 | ov_119 | 2.4285057151843734 × 10^285 |
| 118 | ov_118 | 3.3771225457794233 × 10^285 |
| 117 | ov_117 | 4.7779662398551095 × 10^285 |
| 116 | ov_116 | 6.813380546688742 × 10^285 |
| 115 | ov_115 | 9.681581497328722 × 10^285 |
| 114 | ov_114 | 1.3596727361805836 × 10^286 |
| 113 | ov_113 | 1.8789014288078324 × 10^286 |
| 112 | ov_112 | 2.550480672947939 × 10^286 |
| 111 | ov_111 | 3.400681394992105 × 10^286 |
| 110 | ov_110 | 4.457432501866655 × 10^286 |
| 109 | ov_109 | 5.750351583013108 × 10^286 |
| 108 | ov_108 | 7.310784280950778 × 10^286 |
| 107 | ov_107 | 9.1718539093109 × 10^286 |
| 106 | ov_106 | 1.1368523010485601 × 10^287 |
| 105 | ov_105 | 1.3937668658972948 × 10^287 |
| 104 | ov_104 | 1.6918173431438934 × 10^287 |
| 103 | ov_103 | 2.0351034080871364 × 10^287 |
| 102 | ov_102 | 2.4279490070490275 × 10^287 |
| 101 | ov_101 | 2.8749174243944756 × 10^287 |
| 100 | ov_100 | 3.380828803253056 × 10^287 |
| 99 | ov_099 | 3.9507803728610364 × 10^287 |
| 98 | ov_098 | 3.950786967696641 × 10^287 |
| 97 | ov_097 | 3.950807638300935 × 10^287 |
| 96 | aaa_78_29 | 7.316320390972489 × 10^287 |
| 95 | aaa_78_28 | 2.4097698302416544 × 10^288 |
| 94 | ov_094 | 7.86065546821312 × 10^288 |
| 93 | ov_093 | 1.8493568438897065 × 10^289 |
| 92 | ov_092 | 3.7284352327040246 × 10^289 |
| 91 | ov_091 | 6.804379612705643 × 10^289 |
| 90 | ov_090 | 1.1541767622723593 × 10^290 |
| 89 | ov_089 | 1.848868592846538 × 10^290 |
| 88 | ov_088 | 2.8276751165729533 × 10^290 |
| 87 | ov_087 | 4.162114720744695 × 10^290 |
| 86 | ov_086 | 6.0035868815582396 × 10^290 |
| 85 | ov_085 | 8.520225336993581 × 10^290 |
| 84 | ov_084 | 1.1896919314132794 × 10^291 |
| 83 | ov_083 | 1.6335342406488203 × 10^291 |
| 82 | ov_082 | 2.2053990360788587 × 10^291 |
| 81 | ov_081 | 2.928823038294441 × 10^291 |
| 80 | ov_080 | 3.8290368780651714 × 10^291 |
| 64 | lv_79_m31 | 3.915997307299118 × 10^291 |
| 79 | ov_079 | 4.932974844158556 × 10^291 |
| 78 | ov_078 | 6.269289010300381 × 10^291 |
| 77 | ov_077 | 7.868369263672769 × 10^291 |
| 76 | ov_076 | 9.76237088465228 × 10^291 |
| 75 | ov_075 | 1.1985251455473737 × 10^292 |
| 74 | ov_074 | 1.4572819004413438 × 10^292 |
| 73 | ov_073 | 1.7562793422244896 × 10^292 |
| 63 | ov_063 | 2.010788398519193 × 10^292 |
| 72 | ov_072 | 2.0994883319551724 × 10^292 |
| 71 | ov_071 | 2.491088062751023 × 10^292 |
| 70 | ov_070 | 2.9354775381615476 × 10^292 |
| 69 | ov_069 | 3.437289326827841 × 10^292 |
| 68 | ov_068 | 4.0014058659157436 × 10^292 |
| 67 | ov_067 | 4.632978600853581 × 10^292 |
| 66 | ov_066 | 4.63298203371423 × 10^292 |
| 65 | ov_065 | 4.632996260752169 × 10^292 |
| 62 | ov_062 | 1.0322523285730185 × 10^293 |
| 61 | ov_061 | 3.3802882281492183 × 10^293 |
| 60 | ov_060 | 9.629594804853092 × 10^293 |
| 59 | ov_059 | 2.3725692248436172 × 10^294 |
| 58 | ov_058 | 4.901237889260237 × 10^294 |
| 57 | ov_057 | 8.976854220343811 × 10^294 |
| 56 | ov_056 | 1.5120819894131294 × 10^295 |
| 55 | ov_055 | 2.394806051938205 × 10^295 |
| 54 | ov_054 | 3.6167049583682665 × 10^295 |
| 53 | ov_053 | 5.257985396307004 × 10^295 |
| 52 | ov_052 | 7.408221289875847 × 10^295 |
| 51 | ov_051 | 1.025594049258668 × 10^296 |
| 50 | ov_050 | 1.400845036670674 × 10^296 |
| 49 | ov_049 | 1.8783532268723015 × 10^296 |
| 48 | ov_048 | 2.482621670383327 × 10^296 |
| 47 | ov_047 | 3.2400524654850895 × 10^296 |
| 32 | lv_80_m31 | 3.876155686414357 × 10^296 |
| 46 | ov_046 | 4.1789597817698405 × 10^296 |
| 45 | ov_045 | 5.3295876460876005 × 10^296 |
| 44 | ov_044 | 6.7241339030528675 × 10^296 |
| 43 | ov_043 | 8.380191092504324 × 10^296 |
| 42 | ov_042 | 1.0333969140490895 × 10^297 |
| 41 | ov_041 | 1.262375685569852 × 10^297 |
| 40 | ov_040 | 1.5270315975512777 × 10^297 |
| 39 | ov_039 | 1.829554299715089 × 10^297 |
| 31 | ov_031 | 1.9879958722462505 × 10^297 |
| 38 | ov_038 | 2.1722522935158786 × 10^297 |
| 37 | ov_037 | 2.5598678621916358 × 10^297 |
| 36 | ov_036 | 2.997401459739762 × 10^297 |
| 35 | ov_035 | 3.4875615762927923 × 10^297 |
| 34 | ov_034 | 4.035917398203679 × 10^297 |
| 33 | ov_033 | 4.648354523810301 × 10^297 |
| 30 | ov_030 | 1.0192277996784859 × 10^298 |
| 29 | ov_029 | 3.3335420429406943 × 10^298 |
| 28 | ov_028 | 8.649589225776972 × 10^298 |
| 27 | ov_027 | 1.9326890718402945 × 10^299 |
| 26 | ov_026 | 3.863788847197458 × 10^299 |
| 25 | ov_025 | 7.076795696819764 × 10^299 |
| 24 | ov_024 | 1.208154449551137 × 10^300 |
| 23 | ov_023 | 1.947917932321165 × 10^300 |
| 22 | ov_022 | 3.0563326490523036 × 10^300 |
| 21 | ov_021 | 4.681034834167021 × 10^300 |
| 20 | ov_020 | 6.987950841779824 × 10^300 |
| 19 | ov_019 | 1.0161324513429994 × 10^301 |
| 18 | ov_018 | 1.440375919451546 × 10^301 |
| 17 | ov_017 | 1.9936278944913107 × 10^301 |
| 16 | ov_016 | 2.6998414237605984 × 10^301 |
| 15 | ov_015 | 3.5848318187771485 × 10^301 |
| 14 | ov_014 | 4.676292099968234 × 10^301 |
| 13 | ov_013 | 6.003813384980942 × 10^301 |
| 12 | ov_012 | 7.598911615494432 × 10^301 |
| 11 | ov_011 | 9.495062031380908 × 10^301 |
| 10 | ov_010 | 1.1727742952002892 × 10^302 |
| 9 | ov_009 | 1.4334490792749304 × 10^302 |
| 8 | ov_008 | 1.7354968505795617 × 10^302 |
| 7 | ov_007 | 2.083104978786137 × 10^302 |
| 6 | ov_006 | 2.4806921387317617 × 10^302 |
| 5 | ov_005 | 2.9329205668926494 × 10^302 |
| 4 | ov_004 | 3.4447105755185855 × 10^302 |
| 3 | ov_003 | 4.021257586281831 × 10^302 |
| 2 | ov_002 | 4.668051918702134 × 10^302 |
| 1 | ov_001 | 5.390901522700181 × 10^302 |

