# Results for F001-F002-F003-F004-F005-F006-F007-F008-F009-F010-F011-F012-F013-F014-F015-F016-F017-F018-F019-F020-F021-F022-F023-F024-F025-F026-F027-F028-F029-F030-F031-F032-F033-F034-F035-F036-F037-F038-F039-F040-F041-F042-F043-F044-F045-F046-F047-F048-F049-F050-F051-F052-F053-F054-F055-F056-F057-F058-F059-F060-F061-F062-F063-F064-F065-F066-F067-F068-F069-F070-F071-F072-F073-F074-F075-F076-F077-F078-F079-F080-F081-F082-F083-F084-F085-F086-F087-F088-F089-F090-F091-F092-F093-F094-F095-F096-F097-F098-F099-F100-F101-F102-F103-F104-F105-F106-F107-F108-F109-F110-F111-F112-F113-F114-F115-F116-F117-F118-F119-F120-F121-F122-F123-F124-F125-F126-F127-F128-F129-F130-F131-F132-F133-F134-F135-F136-F137-F138-F139-F140-F141-F142-F143-F144-F145-F146-F147-F148-F149-F150-F151-F152-F153-F154-F155-F156-F157-F158-F159-F160-F161-F162-F163-F164-F165-F166-F167-F168-F169-F170-F171-F172-F173-F174-F175-F176-F177-F178-F179-F180-F181-F182-F183-F184-F185-F186-F187-F188-F189-F190-F191-F192-F193-F194-F195-F196-F197-F198-F199-F200-F201-F202-F203-F204-F205-F206-F207-F208-F209-F210-F211-F212-F213-F214-F215-F216-F217-F218-F219-F220-F221-F222-F223-F224-F225-F226-F227-F228-F229-F230-F231-F232-F233-F234-F235-F236-F237-F238-F239-F240-F241-F242-F243-F244-F245-F246-F247-F248-F249-F250-F251-F252-F253-F254-F255-F256-F257-F258-F259-F260-F261-F262-F263-F264-F265-F266-F267-F268-F269-F270-F271-F272-F273-F274-F275-F276-F277-F278-F279-F280-F281-F282-F283-F284-F285-F286-F287-F288-F289-F290-F291-F292-F293-F294-F295-F296-F297-F298-F299-F300-F301-F302-F303-F304-F305-F306-F307-F308-F309-F310-F311-F312-F313-F314-F315-F316-F317-F318-F319-F320-F321-F322-F323-F324-F325-F326-F327-F328-F329-F330-F331-F332-F333-F334-F335-F336-F337-F338-F339-F340-F341-F342-F343-F344-F345-F346-F347-F348-F349-F350-F351-F352-F353-F354-F355-F356-F357-F358-F359-F360-F361-F362-F363-F364-F365-F366-F367-F368-F369-F370-F371-F372-F373-F374-F375-F376-F377-F378-F379-F380-F381-F382-F383-F384-F385-F386-F387-F388-F389-F390-F391-F392-F393-F394-F395-F396-F397-F398-F399-F400-F401-F402-F403-F404-F405-F406-F407-F408-F409-F410-F411-F412-F413-F414-F415-F416-F417-F418-F419-F420-F421-F422-F423-F424-F425-F426-F427-F428-F429-F430-F431-F432-F433-F434-F435-F436-F437-F438-F439-F440-F441-F442-F443-F444-F445-F446-F447-F448-F449-F450-F451-F452-F453-F454-F455-F456-F457-F458-F459-F460-F461-F462-F463-F464-F465-F466-F467-F468-F469-F470-F471-F472-F473-F474-F475-F476-F477-F478-F479-F480-F481-F482-F483-F484-F485-F486-F487-F488-F489-F490-F491-F492-F493-F494-F495-F496-O497498-E497507-E499505-F509-F510-F511-F512

## Summary

Number of input bits: 512  
Number of free input bits: 9  
Number of output bits: 160

Number of direct occurrences: 36722  
Number of assignments: 31141  
Number of operations: 10929209
(xor: 10901179,
and: 14720,
or: 13310)

Total complexity: 1.4543382447764324 × 10^299

Least occurring input variable: iv_502 (3840)  
Most occurring input variable: iv_497 (4572)

Most co-occurring input variables: iv_497-iv_500 (2093)  
Least co-occurring input variables: iv_502-iv_504 (1760)

Potentially most occurring input variable: iv_497/iv_499 (4683)  
Potentially least occurring input variable: iv_499/iv_504 (4115)

Least output occurring input variable: iv_499 (57)  
Most output occurring input variable: iv_506 (80)

Most output co-occurring input variables: iv_501-iv_506 (41)  
Least output co-occurring input variables: iv_497-iv_499 (21)

Potentially most output occurring input variable: iv_504/iv_506 (92)  
Potentially least output occurring input variable: iv_499/iv_503 (70)

Least complex input bit: iv_500 (3.0706396975112345 × 10^297)  
Most complex input bit: iv_499 (3.240248390940093 × 10^298)

Least complex output bit: aaa_76_29 (9.464787580255196 × 10^273)  
Most complex output bit: ov_001 (2.3263474583958185 × 10^298)

Least complex input/output complexity: iv_500/aaa_76_29 (1.998362662663154 × 10^272)  
Most complex input/output complexity: iv_499/ov_001 (5.183074594860418 × 10^297)

## Input Bits

### Input Bits in Regular Order

| Input Bit | Complexity | Occurrences | Output Occurrences |
|:---------:|:----------:|:-----------:|:------------------:|
| iv_497 | 2.3295336160660963 × 10^298 | 4572 | 71 |
| iv_499 | 3.240248390940093 × 10^298 | 4153 | 57 |
| iv_500 | 3.0706396975112345 × 10^297 | 4100 | 80 |
| iv_501 | 5.054389552075032 × 10^297 | 4060 | 79 |
| iv_502 | 8.148159649055033 × 10^297 | 3840 | 74 |
| iv_503 | 1.2904737224106615 × 10^298 | 4026 | 75 |
| iv_504 | 2.004237411120718 × 10^298 | 3902 | 70 |
| iv_506 | 1.5294593679410163 × 10^298 | 3929 | 80 |
| iv_508 | 2.5221110494216157 × 10^298 | 4140 | 77 |

### Input Bits Sorted by Complexity

| Input Bit | Complexity | Occurrences | Output Occurrences |
|:---------:|:----------:|:-----------:|:------------------:|
| iv_500 | 3.0706396975112345 × 10^297 | 4100 | 80 |
| iv_501 | 5.054389552075032 × 10^297 | 4060 | 79 |
| iv_502 | 8.148159649055033 × 10^297 | 3840 | 74 |
| iv_503 | 1.2904737224106615 × 10^298 | 4026 | 75 |
| iv_506 | 1.5294593679410163 × 10^298 | 3929 | 80 |
| iv_504 | 2.004237411120718 × 10^298 | 3902 | 70 |
| iv_497 | 2.3295336160660963 × 10^298 | 4572 | 71 |
| iv_508 | 2.5221110494216157 × 10^298 | 4140 | 77 |
| iv_499 | 3.240248390940093 × 10^298 | 4153 | 57 |

### Input Bits Sorted by Occurrences

| Input Bit | Complexity | Occurrences | Output Occurrences |
|:---------:|:----------:|:-----------:|:------------------:|
| iv_502 | 8.148159649055033 × 10^297 | 3840 | 74 |
| iv_504 | 2.004237411120718 × 10^298 | 3902 | 70 |
| iv_506 | 1.5294593679410163 × 10^298 | 3929 | 80 |
| iv_503 | 1.2904737224106615 × 10^298 | 4026 | 75 |
| iv_501 | 5.054389552075032 × 10^297 | 4060 | 79 |
| iv_500 | 3.0706396975112345 × 10^297 | 4100 | 80 |
| iv_508 | 2.5221110494216157 × 10^298 | 4140 | 77 |
| iv_499 | 3.240248390940093 × 10^298 | 4153 | 57 |
| iv_497 | 2.3295336160660963 × 10^298 | 4572 | 71 |

### Input Bits Sorted by Output Occurrences

| Input Bit | Complexity | Occurrences | Output Occurrences |
|:---------:|:----------:|:-----------:|:------------------:|
| iv_499 | 3.240248390940093 × 10^298 | 4153 | 57 |
| iv_504 | 2.004237411120718 × 10^298 | 3902 | 70 |
| iv_497 | 2.3295336160660963 × 10^298 | 4572 | 71 |
| iv_502 | 8.148159649055033 × 10^297 | 3840 | 74 |
| iv_503 | 1.2904737224106615 × 10^298 | 4026 | 75 |
| iv_508 | 2.5221110494216157 × 10^298 | 4140 | 77 |
| iv_501 | 5.054389552075032 × 10^297 | 4060 | 79 |
| iv_500 | 3.0706396975112345 × 10^297 | 4100 | 80 |
| iv_506 | 1.5294593679410163 × 10^298 | 3929 | 80 |

## Input Bit Co-occurrences

### Input Bit Co-occurrences Sorted by Co-occurrences

| Input Bits | Co-occurrences | Potential Occurrences | Output Co-occurrences | Potential Output Occurrences |
|:----------:|:--------------:|:---------------------:|:---------------------:|:----------------------------:|
| iv_497-iv_500 | 2093 | 4486 | 40 | 71 |
| iv_497-iv_508 | 2077 | 4558 | 31 | 86 |
| iv_497-iv_503 | 2050 | 4498 | 36 | 74 |
| iv_497-iv_501 | 2044 | 4544 | 39 | 72 |
| iv_497-iv_499 | 2021 | 4683 | 21 | 86 |
| iv_499-iv_504 | 1970 | 4115 | 23 | 81 |
| iv_499-iv_500 | 1962 | 4329 | 27 | 83 |
| iv_497-iv_504 | 1946 | 4582 | 34 | 73 |
| iv_500-iv_501 | 1944 | 4272 | 37 | 85 |

### Input Bit Co-occurrences Sorted by Potential Occurrences

| Input Bits | Co-occurrences | Potential Occurrences | Output Co-occurrences | Potential Output Occurrences |
|:----------:|:--------------:|:---------------------:|:---------------------:|:----------------------------:|
| iv_499-iv_504 | 1970 | 4115 | 23 | 81 |
| iv_504-iv_506 | 1827 | 4177 | 29 | 92 |
| iv_503-iv_504 | 1872 | 4184 | 33 | 79 |
| iv_502-iv_506 | 1787 | 4195 | 40 | 74 |
| iv_500-iv_506 | 1910 | 4209 | 37 | 86 |
| iv_501-iv_502 | 1845 | 4210 | 37 | 79 |
| iv_502-iv_504 | 1760 | 4222 | 30 | 84 |
| iv_500-iv_502 | 1856 | 4228 | 34 | 86 |
| iv_500-iv_504 | 1885 | 4232 | 33 | 84 |

### Input Bit Output Co-occurrences Sorted by Output Co-occurrences

| Input Bits | Co-occurrences | Potential Occurrences | Output Co-occurrences | Potential Output Occurrences |
|:----------:|:--------------:|:---------------------:|:---------------------:|:----------------------------:|
| iv_501-iv_506 | 1855 | 4279 | 41 | 77 |
| iv_502-iv_506 | 1787 | 4195 | 40 | 74 |
| iv_497-iv_500 | 2093 | 4486 | 40 | 71 |
| iv_497-iv_501 | 2044 | 4544 | 39 | 72 |
| iv_506-iv_508 | 1866 | 4337 | 38 | 81 |
| iv_501-iv_502 | 1845 | 4210 | 37 | 79 |
| iv_500-iv_501 | 1944 | 4272 | 37 | 85 |
| iv_500-iv_506 | 1910 | 4209 | 37 | 86 |
| iv_500-iv_503 | 1921 | 4284 | 37 | 81 |

### Input Bit Output Co-occurrences Sorted by Potential Output Occurrences

| Input Bits | Co-occurrences | Potential Occurrences | Output Co-occurrences | Potential Output Occurrences |
|:----------:|:--------------:|:---------------------:|:---------------------:|:----------------------------:|
| iv_499-iv_503 | 1894 | 4391 | 31 | 70 |
| iv_497-iv_500 | 2093 | 4486 | 40 | 71 |
| iv_497-iv_501 | 2044 | 4544 | 39 | 72 |
| iv_497-iv_504 | 1946 | 4582 | 34 | 73 |
| iv_502-iv_506 | 1787 | 4195 | 40 | 74 |
| iv_497-iv_503 | 2050 | 4498 | 36 | 74 |
| iv_497-iv_502 | 1924 | 4564 | 35 | 75 |
| iv_501-iv_506 | 1855 | 4279 | 41 | 77 |
| iv_501-iv_502 | 1845 | 4210 | 37 | 79 |

## Output Bits

### Output Bits in Regular Order

| Rank | Output Bit | Complexity |
|:----:|:----------:|:----------:|
| 1 | ov_001 | 2.3263474583958185 × 10^298 |
| 2 | ov_002 | 2.0174647704784394 × 10^298 |
| 3 | ov_003 | 1.7407639402799473 × 10^298 |
| 4 | ov_004 | 1.4938063996112794 × 10^298 |
| 5 | ov_005 | 1.2742865524472447 × 10^298 |
| 6 | ov_006 | 1.0800222940311736 × 10^298 |
| 7 | ov_007 | 9.089467537663777 × 10^297 |
| 8 | ov_008 | 7.591011823926434 × 10^297 |
| 9 | ov_009 | 6.286288949261085 × 10^297 |
| 10 | ov_010 | 5.15770164604209 × 10^297 |
| 11 | ov_011 | 4.1885796187208624 × 10^297 |
| 12 | ov_012 | 3.363144384972343 × 10^297 |
| 13 | ov_013 | 2.6664806283536306 × 10^297 |
| 14 | ov_014 | 2.0845131811903938 × 10^297 |
| 15 | ov_015 | 1.6039888142349204 × 10^297 |
| 16 | ov_016 | 1.2124620669853819 × 10^297 |
| 17 | ov_017 | 8.98284409554752 × 10^296 |
| 18 | ov_018 | 6.5059608373154225 × 10^296 |
| 19 | ov_019 | 4.593200274573117 × 10^296 |
| 20 | ov_020 | 3.1515737007199196 × 10^296 |
| 21 | ov_021 | 2.095841185280352 × 10^296 |
| 22 | ov_022 | 1.3484877701955725 × 10^296 |
| 23 | ov_023 | 8.397070081485301 × 10^295 |
| 24 | ov_024 | 5.073901323196253 × 10^295 |
| 25 | ov_025 | 2.9711942843026666 × 10^295 |
| 26 | ov_026 | 1.6216460348602124 × 10^295 |
| 27 | ov_027 | 8.108206461120744 × 10^294 |
| 28 | ov_028 | 3.627082417747134 × 10^294 |
| 29 | ov_029 | 1.39723279330183 × 10^294 |
| 30 | ov_030 | 4.270409934580202 × 10^293 |
| 31 | ov_031 | 5.080194219966049 × 10^292 |
| 32 | lv_80_k31 | 1.623542282091612 × 10^292 |
| 33 | ov_033 | 1.9454811016679984 × 10^293 |
| 34 | ov_034 | 1.6869255121406838 × 10^293 |
| 35 | ov_035 | 1.4556293053236925 × 10^293 |
| 36 | ov_036 | 1.2493747468900265 × 10^293 |
| 37 | ov_037 | 1.0660637813526208 × 10^293 |
| 38 | ov_038 | 9.037095531326303 × 10^292 |
| 39 | ov_039 | 7.604290785717717 × 10^292 |
| 40 | ov_040 | 6.344369597821679 × 10^292 |
| 41 | ov_041 | 5.240400367912033 × 10^292 |
| 42 | ov_042 | 4.284141761033051 × 10^292 |
| 43 | ov_043 | 3.467780815145821 × 10^292 |
| 44 | ov_044 | 2.776911635257794 × 10^292 |
| 45 | ov_045 | 2.1979118052050999 × 10^292 |
| 46 | ov_046 | 1.7179221741878972 × 10^292 |
| 47 | ov_047 | 1.3248309324446152 × 10^292 |
| 48 | ov_048 | 1.0072613075302545 × 10^292 |
| 49 | ov_049 | 7.545622630483531 × 10^291 |
| 50 | ov_050 | 5.568016318000374 × 10^291 |
| 51 | ov_051 | 4.047611652123393 × 10^291 |
| 52 | ov_052 | 2.89933030645772 × 10^291 |
| 53 | ov_053 | 2.0451735778691917 × 10^291 |
| 54 | ov_054 | 1.4142054173327819 × 10^291 |
| 55 | ov_055 | 9.425410745615245 × 10^290 |
| 56 | ov_056 | 5.999998805780455 × 10^290 |
| 57 | ov_057 | 3.59921836205836 × 10^290 |
| 58 | ov_058 | 1.9916604901412135 × 10^290 |
| 59 | ov_059 | 9.810992127270008 × 10^289 |
| 60 | ov_060 | 4.064878174597666 × 10^289 |
| 61 | ov_061 | 1.4195753041727264 × 10^289 |
| 62 | ov_062 | 3.893236062736943 × 10^288 |
| 63 | ov_063 | 7.586055373534388 × 10^287 |
| 64 | lv_79_m31 | 1.4778071905668008 × 10^287 |
| 65 | ov_065 | 1.7521703336312767 × 10^288 |
| 66 | ov_066 | 1.7521657515633927 × 10^288 |
| 67 | ov_067 | 1.75216466806782 × 10^288 |
| 68 | ov_068 | 1.5150483021360263 × 10^288 |
| 69 | ov_069 | 1.3029830270065097 × 10^288 |
| 70 | ov_070 | 1.1140997586516535 × 10^288 |
| 71 | ov_071 | 9.466170976733826 × 10^287 |
| 72 | ov_072 | 7.988363785649566 × 10^287 |
| 73 | ov_073 | 6.691378199099355 × 10^287 |
| 74 | ov_074 | 5.5597755048442306 × 10^287 |
| 75 | ov_075 | 4.578852980576662 × 10^287 |
| 76 | ov_076 | 3.734625390714777 × 10^287 |
| 77 | ov_077 | 3.0138093894244312 × 10^287 |
| 78 | ov_078 | 2.4038098380456932 × 10^287 |
| 79 | ov_079 | 1.8927077153001585 × 10^287 |
| 80 | ov_080 | 1.4692495184184295 × 10^287 |
| 81 | ov_081 | 1.122838054354593 × 10^287 |
| 82 | ov_082 | 8.435245210069263 × 10^286 |
| 83 | ov_083 | 6.220017789062483 × 10^286 |
| 84 | ov_084 | 4.495987142197846 × 10^286 |
| 85 | ov_085 | 3.18275594190549 × 10^286 |
| 86 | ov_086 | 2.2062031631916648 × 10^286 |
| 87 | ov_087 | 1.498454527184081 × 10^286 |
| 88 | ov_088 | 9.9785991147824 × 10^285 |
| 89 | ov_089 | 6.489767428078562 × 10^285 |
| 90 | ov_090 | 4.025583878011603 × 10^285 |
| 91 | ov_091 | 2.3552934521582213 × 10^285 |
| 92 | ov_092 | 1.2790682753525329 × 10^285 |
| 93 | ov_093 | 6.279912102961577 × 10^284 |
| 94 | ov_094 | 2.6404779872623435 × 10^284 |
| 95 | aaa_78_28 | 8.012297112028625 × 10^283 |
| 96 | aaa_78_29 | 2.393844522313544 × 10^283 |
| 97 | ov_097 | 1.2672318933322725 × 10^283 |
| 98 | ov_098 | 1.2672156821393893 × 10^283 |
| 99 | ov_099 | 1.2672105066616376 × 10^283 |
| 100 | ov_100 | 1.0373426196721245 × 10^283 |
| 101 | ov_101 | 8.436358336042566 × 10^282 |
| 102 | ov_102 | 6.820928159576447 × 10^282 |
| 103 | ov_103 | 5.489346993951534 × 10^282 |
| 104 | ov_104 | 4.405851421132507 × 10^282 |
| 105 | ov_105 | 3.5365648721099445 × 10^282 |
| 106 | ov_106 | 2.849378279257619 × 10^282 |
| 107 | ov_107 | 2.313847954474884 × 10^282 |
| 108 | ov_108 | 1.9011089553218086 × 10^282 |
| 109 | ov_109 | 1.5838022937988852 × 10^282 |
| 110 | ov_110 | 1.3360144328183227 × 10^282 |
| 111 | ov_111 | 1.133227604265747 × 10^282 |
| 112 | ov_112 | 9.522795702766813 × 10^281 |
| 113 | ov_113 | 7.918720277585544 × 10^281 |
| 114 | ov_114 | 6.507259860512501 × 10^281 |
| 115 | ov_115 | 5.275769722518085 × 10^281 |
| 116 | ov_116 | 4.211711839010874 × 10^281 |
| 117 | ov_117 | 3.302625033745732 × 10^281 |
| 118 | ov_118 | 2.53610288375258 × 10^281 |
| 119 | ov_119 | 1.899777826870747 × 10^281 |
| 120 | ov_120 | 1.3813093178413259 × 10^281 |
| 121 | ov_121 | 9.683747956260945 × 10^280 |
| 122 | ov_122 | 6.486630343656399 × 10^280 |
| 123 | ov_123 | 4.098694504182447 × 10^280 |
| 124 | ov_124 | 2.396929379270752 × 10^280 |
| 125 | ov_125 | 1.2583390931736708 × 10^280 |
| 126 | ov_126 | 5.599329625802254 × 10^279 |
| 127 | aaa_77_28 | 1.7872166389594807 × 10^279 |
| 128 | aaa_77_29 | 6.695840912771321 × 10^278 |
| 129 | ov_129 | 6.157919853048894 × 10^278 |
| 130 | ov_130 | 6.1579014344340636 × 10^278 |
| 131 | ov_131 | 6.157896985986983 × 10^278 |
| 132 | ov_132 | 5.329511677968679 × 10^278 |
| 133 | ov_133 | 4.588405045941025 × 10^278 |
| 134 | ov_134 | 3.92796947433112 × 10^278 |
| 135 | ov_135 | 3.341945736502662 × 10^278 |
| 136 | ov_136 | 2.824397961284341 × 10^278 |
| 137 | ov_137 | 2.3696922152768415 × 10^278 |
| 138 | ov_138 | 1.972478346429961 × 10^278 |
| 139 | ov_139 | 1.6276747521829856 × 10^278 |
| 140 | ov_140 | 1.330455752802353 × 10^278 |
| 141 | ov_141 | 1.0762412675453968 × 10^278 |
| 142 | ov_142 | 8.606885080219508 × 10^277 |
| 143 | ov_143 | 6.7968541969218195 × 10^277 |
| 144 | ov_144 | 5.293456188869139 × 10^277 |
| 145 | ov_145 | 4.060045891076094 × 10^277 |
| 146 | ov_146 | 3.0621691668452493 × 10^277 |
| 147 | ov_147 | 2.267543621597439 × 10^277 |
| 148 | ov_148 | 1.6460458002617527 × 10^277 |
| 149 | ov_149 | 1.169703157000805 × 10^277 |
| 150 | ov_150 | 8.126892483774231 × 10^276 |
| 151 | ov_151 | 5.513208296986183 × 10^276 |
| 152 | ov_152 | 3.64055941762734 × 10^276 |
| 153 | ov_153 | 2.3149255469206767 × 10^276 |
| 154 | ov_154 | 1.3636762139335992 × 10^276 |
| 155 | ov_155 | 7.058426618173213 × 10^275 |
| 156 | aaa_76_25 | 2.711468764070547 × 10^275 |
| 157 | aaa_76_26 | 1.5649805986384916 × 10^275 |
| 158 | aaa_76_27 | 8.00609639772211 × 10^274 |
| 159 | aaa_76_28 | 3.11472747330701 × 10^274 |
| 160 | aaa_76_29 | 9.464787580255196 × 10^273 |

### Output Bits Sorted by Complexity

| Rank | Output Bit | Complexity |
|:----:|:----------:|:----------:|
| 160 | aaa_76_29 | 9.464787580255196 × 10^273 |
| 159 | aaa_76_28 | 3.11472747330701 × 10^274 |
| 158 | aaa_76_27 | 8.00609639772211 × 10^274 |
| 157 | aaa_76_26 | 1.5649805986384916 × 10^275 |
| 156 | aaa_76_25 | 2.711468764070547 × 10^275 |
| 155 | ov_155 | 7.058426618173213 × 10^275 |
| 154 | ov_154 | 1.3636762139335992 × 10^276 |
| 153 | ov_153 | 2.3149255469206767 × 10^276 |
| 152 | ov_152 | 3.64055941762734 × 10^276 |
| 151 | ov_151 | 5.513208296986183 × 10^276 |
| 150 | ov_150 | 8.126892483774231 × 10^276 |
| 149 | ov_149 | 1.169703157000805 × 10^277 |
| 148 | ov_148 | 1.6460458002617527 × 10^277 |
| 147 | ov_147 | 2.267543621597439 × 10^277 |
| 146 | ov_146 | 3.0621691668452493 × 10^277 |
| 145 | ov_145 | 4.060045891076094 × 10^277 |
| 144 | ov_144 | 5.293456188869139 × 10^277 |
| 143 | ov_143 | 6.7968541969218195 × 10^277 |
| 142 | ov_142 | 8.606885080219508 × 10^277 |
| 141 | ov_141 | 1.0762412675453968 × 10^278 |
| 140 | ov_140 | 1.330455752802353 × 10^278 |
| 139 | ov_139 | 1.6276747521829856 × 10^278 |
| 138 | ov_138 | 1.972478346429961 × 10^278 |
| 137 | ov_137 | 2.3696922152768415 × 10^278 |
| 136 | ov_136 | 2.824397961284341 × 10^278 |
| 135 | ov_135 | 3.341945736502662 × 10^278 |
| 134 | ov_134 | 3.92796947433112 × 10^278 |
| 133 | ov_133 | 4.588405045941025 × 10^278 |
| 132 | ov_132 | 5.329511677968679 × 10^278 |
| 131 | ov_131 | 6.157896985986983 × 10^278 |
| 130 | ov_130 | 6.1579014344340636 × 10^278 |
| 129 | ov_129 | 6.157919853048894 × 10^278 |
| 128 | aaa_77_29 | 6.695840912771321 × 10^278 |
| 127 | aaa_77_28 | 1.7872166389594807 × 10^279 |
| 126 | ov_126 | 5.599329625802254 × 10^279 |
| 125 | ov_125 | 1.2583390931736708 × 10^280 |
| 124 | ov_124 | 2.396929379270752 × 10^280 |
| 123 | ov_123 | 4.098694504182447 × 10^280 |
| 122 | ov_122 | 6.486630343656399 × 10^280 |
| 121 | ov_121 | 9.683747956260945 × 10^280 |
| 120 | ov_120 | 1.3813093178413259 × 10^281 |
| 119 | ov_119 | 1.899777826870747 × 10^281 |
| 118 | ov_118 | 2.53610288375258 × 10^281 |
| 117 | ov_117 | 3.302625033745732 × 10^281 |
| 116 | ov_116 | 4.211711839010874 × 10^281 |
| 115 | ov_115 | 5.275769722518085 × 10^281 |
| 114 | ov_114 | 6.507259860512501 × 10^281 |
| 113 | ov_113 | 7.918720277585544 × 10^281 |
| 112 | ov_112 | 9.522795702766813 × 10^281 |
| 111 | ov_111 | 1.133227604265747 × 10^282 |
| 110 | ov_110 | 1.3360144328183227 × 10^282 |
| 109 | ov_109 | 1.5838022937988852 × 10^282 |
| 108 | ov_108 | 1.9011089553218086 × 10^282 |
| 107 | ov_107 | 2.313847954474884 × 10^282 |
| 106 | ov_106 | 2.849378279257619 × 10^282 |
| 105 | ov_105 | 3.5365648721099445 × 10^282 |
| 104 | ov_104 | 4.405851421132507 × 10^282 |
| 103 | ov_103 | 5.489346993951534 × 10^282 |
| 102 | ov_102 | 6.820928159576447 × 10^282 |
| 101 | ov_101 | 8.436358336042566 × 10^282 |
| 100 | ov_100 | 1.0373426196721245 × 10^283 |
| 99 | ov_099 | 1.2672105066616376 × 10^283 |
| 98 | ov_098 | 1.2672156821393893 × 10^283 |
| 97 | ov_097 | 1.2672318933322725 × 10^283 |
| 96 | aaa_78_29 | 2.393844522313544 × 10^283 |
| 95 | aaa_78_28 | 8.012297112028625 × 10^283 |
| 94 | ov_094 | 2.6404779872623435 × 10^284 |
| 93 | ov_093 | 6.279912102961577 × 10^284 |
| 92 | ov_092 | 1.2790682753525329 × 10^285 |
| 91 | ov_091 | 2.3552934521582213 × 10^285 |
| 90 | ov_090 | 4.025583878011603 × 10^285 |
| 89 | ov_089 | 6.489767428078562 × 10^285 |
| 88 | ov_088 | 9.9785991147824 × 10^285 |
| 87 | ov_087 | 1.498454527184081 × 10^286 |
| 86 | ov_086 | 2.2062031631916648 × 10^286 |
| 85 | ov_085 | 3.18275594190549 × 10^286 |
| 84 | ov_084 | 4.495987142197846 × 10^286 |
| 83 | ov_083 | 6.220017789062483 × 10^286 |
| 82 | ov_082 | 8.435245210069263 × 10^286 |
| 81 | ov_081 | 1.122838054354593 × 10^287 |
| 80 | ov_080 | 1.4692495184184295 × 10^287 |
| 64 | lv_79_m31 | 1.4778071905668008 × 10^287 |
| 79 | ov_079 | 1.8927077153001585 × 10^287 |
| 78 | ov_078 | 2.4038098380456932 × 10^287 |
| 77 | ov_077 | 3.0138093894244312 × 10^287 |
| 76 | ov_076 | 3.734625390714777 × 10^287 |
| 75 | ov_075 | 4.578852980576662 × 10^287 |
| 74 | ov_074 | 5.5597755048442306 × 10^287 |
| 73 | ov_073 | 6.691378199099355 × 10^287 |
| 63 | ov_063 | 7.586055373534388 × 10^287 |
| 72 | ov_072 | 7.988363785649566 × 10^287 |
| 71 | ov_071 | 9.466170976733826 × 10^287 |
| 70 | ov_070 | 1.1140997586516535 × 10^288 |
| 69 | ov_069 | 1.3029830270065097 × 10^288 |
| 68 | ov_068 | 1.5150483021360263 × 10^288 |
| 67 | ov_067 | 1.75216466806782 × 10^288 |
| 66 | ov_066 | 1.7521657515633927 × 10^288 |
| 65 | ov_065 | 1.7521703336312767 × 10^288 |
| 62 | ov_062 | 3.893236062736943 × 10^288 |
| 61 | ov_061 | 1.4195753041727264 × 10^289 |
| 60 | ov_060 | 4.064878174597666 × 10^289 |
| 59 | ov_059 | 9.810992127270008 × 10^289 |
| 58 | ov_058 | 1.9916604901412135 × 10^290 |
| 57 | ov_057 | 3.59921836205836 × 10^290 |
| 56 | ov_056 | 5.999998805780455 × 10^290 |
| 55 | ov_055 | 9.425410745615245 × 10^290 |
| 54 | ov_054 | 1.4142054173327819 × 10^291 |
| 53 | ov_053 | 2.0451735778691917 × 10^291 |
| 52 | ov_052 | 2.89933030645772 × 10^291 |
| 51 | ov_051 | 4.047611652123393 × 10^291 |
| 50 | ov_050 | 5.568016318000374 × 10^291 |
| 49 | ov_049 | 7.545622630483531 × 10^291 |
| 48 | ov_048 | 1.0072613075302545 × 10^292 |
| 47 | ov_047 | 1.3248309324446152 × 10^292 |
| 32 | lv_80_k31 | 1.623542282091612 × 10^292 |
| 46 | ov_046 | 1.7179221741878972 × 10^292 |
| 45 | ov_045 | 2.1979118052050999 × 10^292 |
| 44 | ov_044 | 2.776911635257794 × 10^292 |
| 43 | ov_043 | 3.467780815145821 × 10^292 |
| 42 | ov_042 | 4.284141761033051 × 10^292 |
| 31 | ov_031 | 5.080194219966049 × 10^292 |
| 41 | ov_041 | 5.240400367912033 × 10^292 |
| 40 | ov_040 | 6.344369597821679 × 10^292 |
| 39 | ov_039 | 7.604290785717717 × 10^292 |
| 38 | ov_038 | 9.037095531326303 × 10^292 |
| 37 | ov_037 | 1.0660637813526208 × 10^293 |
| 36 | ov_036 | 1.2493747468900265 × 10^293 |
| 35 | ov_035 | 1.4556293053236925 × 10^293 |
| 34 | ov_034 | 1.6869255121406838 × 10^293 |
| 33 | ov_033 | 1.9454811016679984 × 10^293 |
| 30 | ov_030 | 4.270409934580202 × 10^293 |
| 29 | ov_029 | 1.39723279330183 × 10^294 |
| 28 | ov_028 | 3.627082417747134 × 10^294 |
| 27 | ov_027 | 8.108206461120744 × 10^294 |
| 26 | ov_026 | 1.6216460348602124 × 10^295 |
| 25 | ov_025 | 2.9711942843026666 × 10^295 |
| 24 | ov_024 | 5.073901323196253 × 10^295 |
| 23 | ov_023 | 8.397070081485301 × 10^295 |
| 22 | ov_022 | 1.3484877701955725 × 10^296 |
| 21 | ov_021 | 2.095841185280352 × 10^296 |
| 20 | ov_020 | 3.1515737007199196 × 10^296 |
| 19 | ov_019 | 4.593200274573117 × 10^296 |
| 18 | ov_018 | 6.5059608373154225 × 10^296 |
| 17 | ov_017 | 8.98284409554752 × 10^296 |
| 16 | ov_016 | 1.2124620669853819 × 10^297 |
| 15 | ov_015 | 1.6039888142349204 × 10^297 |
| 14 | ov_014 | 2.0845131811903938 × 10^297 |
| 13 | ov_013 | 2.6664806283536306 × 10^297 |
| 12 | ov_012 | 3.363144384972343 × 10^297 |
| 11 | ov_011 | 4.1885796187208624 × 10^297 |
| 10 | ov_010 | 5.15770164604209 × 10^297 |
| 9 | ov_009 | 6.286288949261085 × 10^297 |
| 8 | ov_008 | 7.591011823926434 × 10^297 |
| 7 | ov_007 | 9.089467537663777 × 10^297 |
| 6 | ov_006 | 1.0800222940311736 × 10^298 |
| 5 | ov_005 | 1.2742865524472447 × 10^298 |
| 4 | ov_004 | 1.4938063996112794 × 10^298 |
| 3 | ov_003 | 1.7407639402799473 × 10^298 |
| 2 | ov_002 | 2.0174647704784394 × 10^298 |
| 1 | ov_001 | 2.3263474583958185 × 10^298 |

