# Results for F001-F002-F003-F004-F005-F006-F007-F008-F009-F010-F011-F012-F013-F014-F015-F016-F017-F018-F019-F020-F021-F022-F023-F024-F025-F026-F027-F028-F029-F030-F031-F032-F033-F034-F035-F036-F037-F038-F039-F040-F041-F042-F043-F044-F045-F046-F047-F048-F049-F050-F051-F052-F053-F054-F055-F056-F057-F058-F059-F060-F061-F062-F063-F064-F065-F066-F067-F068-F069-F070-F071-F072-F073-F074-F075-F076-F077-F078-F079-F080-F081-F082-F083-F084-F085-F086-F087-F088-F089-F090-F091-F092-F093-F094-F095-F096-F097-F098-F099-F100-F101-F102-F103-F104-F105-F106-F107-F108-F109-F110-F111-F112-F113-F114-F115-F116-F117-F118-F119-F120-F121-F122-F123-F124-F125-F126-F127-F128-F129-F130-F131-F132-F133-F134-F135-F136-F137-F138-F139-F140-F141-F142-F143-F144-F145-F146-F147-F148-F149-F150-F151-F152-F153-F154-F155-F156-F157-F158-F159-F160-F161-F162-F163-F164-F165-F166-F167-F168-F169-F170-F171-F172-F173-F174-F175-F176-F177-F178-F179-F180-F181-F182-F183-F184-F185-F186-F187-F188-F189-F190-F191-F192-F193-F194-F195-F196-F197-F198-F199-F200-F201-F202-F203-F204-F205-F206-F207-F208-F209-F210-F211-F212-F213-F214-F215-F216-F217-F218-F219-F220-F221-F222-F223-F224-F225-F226-F227-F228-F229-F230-F231-F232-F233-F234-F235-F236-F237-F238-F239-F240-F241-F242-F243-F244-F245-F246-F247-F248-F249-F250-F251-F252-F253-F254-F255-F256-F257-F258-F259-F260-F261-F262-F263-F264-F265-F266-F267-F268-F269-F270-F271-F272-F273-F274-F275-F276-F277-F278-F279-F280-F281-F282-F283-F284-F285-F286-F287-F288-F289-F290-F291-F292-F293-F294-F295-F296-F297-F298-F299-F300-F301-F302-F303-F304-F305-F306-F307-F308-F309-F310-F311-F312-F313-F314-F315-F316-F317-F318-F319-F320-F321-F322-F323-F324-F325-F326-F327-F328-F329-F330-F331-F332-F333-F334-F335-F336-F337-F338-F339-F340-F341-F342-F343-F344-F345-F346-F347-F348-F349-F350-F351-F352-F353-F354-F355-F356-F357-F358-F359-F360-F361-F362-F363-F364-F365-F366-F367-F368-F369-F370-F371-F372-F373-F374-F375-F376-F377-F378-F379-F380-F381-F382-F383-F384-F385-F386-F387-F388-F389-F390-F391-F392-F393-F394-F395-F396-F397-F398-F399-F400-F401-F402-F403-F404-F405-F406-F407-F408-F409-F410-F411-F412-F413-F414-F415-F416-F417-F418-F419-F420-F421-F422-F423-F424-F425-F426-F427-F428-F429-F430-F431-F432-F433-F434-F435-F436-F437-F438-F439-F440-F441-F442-F443-F444-F445-F446-F447-F448-F449-F450-F451-F452-F453-F454-F455-F456-F457-F458-F459-F460-F461-F462-F463-F464-F465-F466-F467-F468-F469-F470-F471-F472-F473-F474-F475-F476-F477-F478-F479-F480-F481-F482-F483-F484-F485-F486-F487-F488-F489-F490-F491-F492-F493-F494-F495-F496-F505-F507-F508-F509-F510-F511-F512

## Summary

Number of input bits: 512  
Number of free input bits: 9  
Number of output bits: 160

Number of direct occurrences: 36032  
Number of assignments: 30320  
Number of operations: 10502465
(xor: 10474785,
and: 14740,
or: 12940)

Total complexity: 5.970787930962927 × 10^292

Least occurring input variable: iv_499 (3857)  
Most occurring input variable: iv_503 (4081)

Most co-occurring input variables: iv_501-iv_502 (1992)  
Least co-occurring input variables: iv_504-iv_506 (1800)

Potentially most occurring input variable: iv_504/iv_506 (4378)  
Potentially least occurring input variable: iv_499/iv_504 (4040)

Least output occurring input variable: iv_502 (72)  
Most output occurring input variable: iv_497 (93)

Most output co-occurring input variables: iv_497-iv_501 (55)  
Least output co-occurring input variables: iv_500-iv_502 (28)

Potentially most output occurring input variable: iv_498/iv_500 (92)  
Potentially least output occurring input variable: iv_497/iv_501 (65)

Least complex input bit: iv_497 (9.717612848411913 × 10^290)  
Most complex input bit: iv_502 (1.6801923742246216 × 10^292)

Least complex output bit: aaa_76_29 (1.7740368715396507 × 10^268)  
Most complex output bit: ov_001 (9.716175165123275 × 10^291)

Least complex input/output complexity: iv_497/aaa_76_29 (2.8872912077535282 × 10^266)  
Most complex input/output complexity: iv_502/ov_001 (2.7341522773591407 × 10^291)

## Input Bits

### Input Bits in Regular Order

| Input Bit | Complexity | Occurrences | Output Occurrences |
|:---------:|:----------:|:-----------:|:------------------:|
| iv_497 | 9.717612848411913 × 10^290 | 4063 | 93 |
| iv_498 | 1.981143789805141 × 10^291 | 3943 | 74 |
| iv_499 | 3.581715685929626 × 10^291 | 3857 | 81 |
| iv_500 | 6.151524633485272 × 10^291 | 4038 | 76 |
| iv_501 | 1.0338078604972475 × 10^292 | 3993 | 82 |
| iv_502 | 1.6801923742246216 × 10^292 | 4079 | 72 |
| iv_503 | 1.0044175346309134 × 10^292 | 4081 | 86 |
| iv_504 | 4.411718041432507 × 10^291 | 4013 | 83 |
| iv_506 | 5.425838180607775 × 10^291 | 3965 | 88 |

### Input Bits Sorted by Complexity

| Input Bit | Complexity | Occurrences | Output Occurrences |
|:---------:|:----------:|:-----------:|:------------------:|
| iv_497 | 9.717612848411913 × 10^290 | 4063 | 93 |
| iv_498 | 1.981143789805141 × 10^291 | 3943 | 74 |
| iv_499 | 3.581715685929626 × 10^291 | 3857 | 81 |
| iv_504 | 4.411718041432507 × 10^291 | 4013 | 83 |
| iv_506 | 5.425838180607775 × 10^291 | 3965 | 88 |
| iv_500 | 6.151524633485272 × 10^291 | 4038 | 76 |
| iv_503 | 1.0044175346309134 × 10^292 | 4081 | 86 |
| iv_501 | 1.0338078604972475 × 10^292 | 3993 | 82 |
| iv_502 | 1.6801923742246216 × 10^292 | 4079 | 72 |

### Input Bits Sorted by Occurrences

| Input Bit | Complexity | Occurrences | Output Occurrences |
|:---------:|:----------:|:-----------:|:------------------:|
| iv_499 | 3.581715685929626 × 10^291 | 3857 | 81 |
| iv_498 | 1.981143789805141 × 10^291 | 3943 | 74 |
| iv_506 | 5.425838180607775 × 10^291 | 3965 | 88 |
| iv_501 | 1.0338078604972475 × 10^292 | 3993 | 82 |
| iv_504 | 4.411718041432507 × 10^291 | 4013 | 83 |
| iv_500 | 6.151524633485272 × 10^291 | 4038 | 76 |
| iv_497 | 9.717612848411913 × 10^290 | 4063 | 93 |
| iv_502 | 1.6801923742246216 × 10^292 | 4079 | 72 |
| iv_503 | 1.0044175346309134 × 10^292 | 4081 | 86 |

### Input Bits Sorted by Output Occurrences

| Input Bit | Complexity | Occurrences | Output Occurrences |
|:---------:|:----------:|:-----------:|:------------------:|
| iv_502 | 1.6801923742246216 × 10^292 | 4079 | 72 |
| iv_498 | 1.981143789805141 × 10^291 | 3943 | 74 |
| iv_500 | 6.151524633485272 × 10^291 | 4038 | 76 |
| iv_499 | 3.581715685929626 × 10^291 | 3857 | 81 |
| iv_501 | 1.0338078604972475 × 10^292 | 3993 | 82 |
| iv_504 | 4.411718041432507 × 10^291 | 4013 | 83 |
| iv_503 | 1.0044175346309134 × 10^292 | 4081 | 86 |
| iv_506 | 5.425838180607775 × 10^291 | 3965 | 88 |
| iv_497 | 9.717612848411913 × 10^290 | 4063 | 93 |

## Input Bit Co-occurrences

### Input Bit Co-occurrences Sorted by Co-occurrences

| Input Bits | Co-occurrences | Potential Occurrences | Output Co-occurrences | Potential Output Occurrences |
|:----------:|:--------------:|:---------------------:|:---------------------:|:----------------------------:|
| iv_501-iv_502 | 1992 | 4088 | 35 | 84 |
| iv_500-iv_501 | 1989 | 4053 | 39 | 80 |
| iv_502-iv_503 | 1976 | 4208 | 39 | 80 |
| iv_502-iv_504 | 1973 | 4146 | 41 | 73 |
| iv_500-iv_502 | 1969 | 4179 | 28 | 92 |
| iv_497-iv_500 | 1943 | 4215 | 39 | 91 |
| iv_497-iv_502 | 1942 | 4258 | 41 | 83 |
| iv_498-iv_504 | 1942 | 4072 | 39 | 79 |
| iv_500-iv_504 | 1940 | 4171 | 39 | 81 |

### Input Bit Co-occurrences Sorted by Potential Occurrences

| Input Bits | Co-occurrences | Potential Occurrences | Output Co-occurrences | Potential Output Occurrences |
|:----------:|:--------------:|:---------------------:|:---------------------:|:----------------------------:|
| iv_499-iv_504 | 1915 | 4040 | 42 | 80 |
| iv_500-iv_501 | 1989 | 4053 | 39 | 80 |
| iv_498-iv_504 | 1942 | 4072 | 39 | 79 |
| iv_501-iv_502 | 1992 | 4088 | 35 | 84 |
| iv_498-iv_499 | 1854 | 4092 | 39 | 77 |
| iv_498-iv_506 | 1889 | 4130 | 42 | 78 |
| iv_502-iv_504 | 1973 | 4146 | 41 | 73 |
| iv_500-iv_506 | 1924 | 4155 | 45 | 74 |
| iv_497-iv_499 | 1882 | 4156 | 45 | 84 |

### Input Bit Output Co-occurrences Sorted by Output Co-occurrences

| Input Bits | Co-occurrences | Potential Occurrences | Output Co-occurrences | Potential Output Occurrences |
|:----------:|:--------------:|:---------------------:|:---------------------:|:----------------------------:|
| iv_497-iv_501 | 1929 | 4198 | 55 | 65 |
| iv_497-iv_506 | 1889 | 4250 | 49 | 83 |
| iv_497-iv_503 | 1915 | 4314 | 49 | 81 |
| iv_501-iv_503 | 1901 | 4272 | 48 | 72 |
| iv_503-iv_504 | 1893 | 4308 | 48 | 73 |
| iv_499-iv_506 | 1820 | 4182 | 47 | 75 |
| iv_503-iv_506 | 1897 | 4252 | 46 | 82 |
| iv_500-iv_503 | 1923 | 4273 | 46 | 70 |
| iv_504-iv_506 | 1800 | 4378 | 46 | 79 |

### Input Bit Output Co-occurrences Sorted by Potential Output Occurrences

| Input Bits | Co-occurrences | Potential Occurrences | Output Co-occurrences | Potential Output Occurrences |
|:----------:|:--------------:|:---------------------:|:---------------------:|:----------------------------:|
| iv_497-iv_501 | 1929 | 4198 | 55 | 65 |
| iv_500-iv_503 | 1923 | 4273 | 46 | 70 |
| iv_501-iv_503 | 1901 | 4272 | 48 | 72 |
| iv_499-iv_500 | 1851 | 4193 | 42 | 73 |
| iv_502-iv_504 | 1973 | 4146 | 41 | 73 |
| iv_503-iv_504 | 1893 | 4308 | 48 | 73 |
| iv_500-iv_506 | 1924 | 4155 | 45 | 74 |
| iv_499-iv_506 | 1820 | 4182 | 47 | 75 |
| iv_499-iv_501 | 1838 | 4174 | 43 | 77 |

## Output Bits

### Output Bits in Regular Order

| Rank | Output Bit | Complexity |
|:----:|:----------:|:----------:|
| 1 | ov_001 | 9.716175165123275 × 10^291 |
| 2 | ov_002 | 8.400286497133947 × 10^291 |
| 3 | ov_003 | 7.224250451582373 × 10^291 |
| 4 | ov_004 | 6.177319002035093 × 10^291 |
| 5 | ov_005 | 5.249329462369763 × 10^291 |
| 6 | ov_006 | 4.430662222260242 × 10^291 |
| 7 | ov_007 | 3.712204133915092 × 10^291 |
| 8 | ov_008 | 3.085317194554111 × 10^291 |
| 9 | ov_009 | 2.5418120827388988 × 10^291 |
| 10 | ov_010 | 2.0739260254429813 × 10^291 |
| 11 | ov_011 | 1.674304466607216 × 10^291 |
| 12 | ov_012 | 1.3359860380667417 × 10^291 |
| 13 | ov_013 | 1.0523903633542862 × 10^291 |
| 14 | ov_014 | 8.173082541020138 × 10^290 |
| 15 | ov_015 | 6.248938876769154 × 10^290 |
| 16 | ov_016 | 4.696586037267679 × 10^290 |
| 17 | ov_017 | 3.4646602654288082 × 10^290 |
| 18 | ov_018 | 2.5052826535896293 × 10^290 |
| 19 | ov_019 | 1.7740298100343496 × 10^290 |
| 20 | ov_020 | 1.2299115863305966 × 10^290 |
| 21 | ov_021 | 8.353545896979834 × 10^289 |
| 22 | ov_022 | 5.561903454932435 × 10^289 |
| 23 | ov_023 | 3.616471156589724 × 10^289 |
| 24 | ov_024 | 2.2434451968838303 × 10^289 |
| 25 | ov_025 | 1.3143968502156344 × 10^289 |
| 26 | ov_026 | 7.178317197268056 × 10^288 |
| 27 | ov_027 | 3.591837583575113 × 10^288 |
| 28 | ov_028 | 1.6081278507692628 × 10^288 |
| 29 | ov_029 | 6.200363561306205 × 10^287 |
| 30 | ov_030 | 1.8965940033719372 × 10^287 |
| 31 | ov_031 | 3.701261223508516 × 10^286 |
| 32 | lv_80_m31 | 7.220698522609178 × 10^285 |
| 33 | ov_033 | 8.581332561809894 × 10^286 |
| 34 | ov_034 | 7.448515790553214 × 10^286 |
| 35 | ov_035 | 6.433131624383903 × 10^286 |
| 36 | ov_036 | 5.524163743616145 × 10^286 |
| 37 | ov_037 | 4.711181929431986 × 10^286 |
| 38 | ov_038 | 3.9891120770995514 × 10^286 |
| 39 | ov_039 | 3.348578650803228 × 10^286 |
| 40 | ov_040 | 2.785017236558646 × 10^286 |
| 41 | ov_041 | 2.2940963187711705 × 10^286 |
| 42 | ov_042 | 1.8717056680805672 × 10^286 |
| 43 | ov_043 | 1.513946674842277 × 10^286 |
| 44 | ov_044 | 1.213626641374128 × 10^286 |
| 45 | ov_045 | 9.639420768330807 × 10^285 |
| 46 | ov_046 | 7.584694200131316 × 10^285 |
| 47 | ov_047 | 5.911577666333672 × 10^285 |
| 48 | ov_048 | 4.5632325815492455 × 10^285 |
| 49 | ov_049 | 3.48644815640375 × 10^285 |
| 50 | ov_050 | 2.6316092815401737 × 10^285 |
| 51 | ov_051 | 1.9526724420524233 × 10^285 |
| 52 | ov_052 | 1.4275061998754887 × 10^285 |
| 53 | ov_053 | 1.0171613078173605 × 10^285 |
| 54 | ov_054 | 7.030469316119755 × 10^284 |
| 55 | ov_055 | 4.68336062608715 × 10^284 |
| 56 | ov_056 | 2.9796304660049298 × 10^284 |
| 57 | ov_057 | 1.78622044996367 × 10^284 |
| 58 | ov_058 | 9.876614078011174 × 10^283 |
| 59 | ov_059 | 4.860686363732353 × 10^283 |
| 60 | ov_060 | 2.011396958206838 × 10^283 |
| 61 | ov_061 | 7.01535970257324 × 10^282 |
| 62 | ov_062 | 1.9214967850580553 × 10^282 |
| 63 | ov_063 | 3.7389037923750454 × 10^281 |
| 64 | lv_79_m31 | 7.273532183131267 × 10^280 |
| 65 | ov_065 | 8.579019194223232 × 10^281 |
| 66 | ov_066 | 8.578989932841476 × 10^281 |
| 67 | ov_067 | 8.578982770608653 × 10^281 |
| 68 | ov_068 | 7.3819267273211 × 10^281 |
| 69 | ov_069 | 6.3182433881862746 × 10^281 |
| 70 | ov_070 | 5.3768543919324665 × 10^281 |
| 71 | ov_071 | 4.547363475480136 × 10^281 |
| 72 | ov_072 | 3.820010256234984 × 10^281 |
| 73 | ov_073 | 3.1856280913962384 × 10^281 |
| 74 | ov_074 | 2.635605801615734 × 10^281 |
| 75 | ov_075 | 2.1618530539637498 × 10^281 |
| 76 | ov_076 | 1.7567692053333146 × 10^281 |
| 77 | ov_077 | 1.413215412349787 × 10^281 |
| 78 | ov_078 | 1.1244898177375796 × 10^281 |
| 79 | ov_079 | 8.84305626108463 × 10^280 |
| 80 | ov_080 | 6.86771884440279 × 10^280 |
| 81 | ov_081 | 5.263767842606218 × 10^280 |
| 82 | ov_082 | 3.9797330386492777 × 10^280 |
| 83 | ov_083 | 2.9676700988091995 × 10^280 |
| 84 | ov_084 | 2.1830583821265884 × 10^280 |
| 85 | ov_085 | 1.584716749122019 × 10^280 |
| 86 | ov_086 | 1.1347355788121737 × 10^280 |
| 87 | ov_087 | 7.984232053846825 × 10^279 |
| 88 | ov_088 | 5.442649873493159 × 10^279 |
| 89 | ov_089 | 3.572934773828189 × 10^279 |
| 90 | ov_090 | 2.2410842093434496 × 10^279 |
| 91 | ov_091 | 1.328682858678091 × 10^279 |
| 92 | ov_092 | 7.328498306808541 × 10^278 |
| 93 | ov_093 | 3.6620900398032065 × 10^278 |
| 94 | ov_094 | 1.5687446251315443 × 10^278 |
| 95 | aaa_78_28 | 4.844455374366706 × 10^277 |
| 96 | aaa_78_29 | 1.4879043613558687 × 10^277 |
| 97 | ov_097 | 9.828480249190599 × 10^276 |
| 98 | ov_098 | 9.828187898897392 × 10^276 |
| 99 | ov_099 | 9.828094680114766 × 10^276 |
| 100 | ov_100 | 8.845632632481403 × 10^276 |
| 101 | ov_101 | 7.935310425898339 × 10^276 |
| 102 | ov_102 | 7.093224513574059 × 10^276 |
| 103 | ov_103 | 6.315756188097797 × 10^276 |
| 104 | ov_104 | 5.599532904948976 × 10^276 |
| 105 | ov_105 | 4.9413932700143564 × 10^276 |
| 106 | ov_106 | 4.3383555098139607 × 10^276 |
| 107 | ov_107 | 3.787589248216263 × 10^276 |
| 108 | ov_108 | 3.2863904172497393 × 10^276 |
| 109 | ov_109 | 2.8321591324188185 × 10^276 |
| 110 | ov_110 | 2.4223803649086426 × 10^276 |
| 111 | ov_111 | 2.0546072444076184 × 10^276 |
| 112 | ov_112 | 1.7264468271658297 × 10^276 |
| 113 | ov_113 | 1.435548164492715 × 10^276 |
| 114 | ov_114 | 1.1795925072948566 × 10^276 |
| 115 | ov_115 | 9.562854825401597 × 10^275 |
| 116 | ov_116 | 7.633510777494475 × 10^275 |
| 117 | ov_117 | 5.98527094922915 × 10^275 |
| 118 | ov_118 | 4.595615810086395 × 10^275 |
| 119 | ov_119 | 3.4420995782824605 × 10^275 |
| 120 | ov_120 | 2.502327697097837 × 10^275 |
| 121 | ov_121 | 1.7539396709715988 × 10^275 |
| 122 | ov_122 | 1.1745964441586246 × 10^275 |
| 123 | ov_123 | 7.419715048181903 × 10^274 |
| 124 | ov_124 | 4.337448974384331 × 10^274 |
| 125 | ov_125 | 2.2759952305293717 × 10^274 |
| 126 | ov_126 | 1.0121925738434024 × 10^274 |
| 127 | aaa_77_28 | 3.228823079926883 × 10^273 |
| 128 | aaa_77_29 | 1.2086004893070749 × 10^273 |
| 129 | ov_129 | 1.100898432367277 × 10^273 |
| 130 | ov_130 | 1.1008949889428141 × 10^273 |
| 131 | ov_131 | 1.1008941600377914 × 10^273 |
| 132 | ov_132 | 9.499566328738355 × 10^272 |
| 133 | ov_133 | 8.152451772250369 × 10^272 |
| 134 | ov_134 | 6.95521023533033 × 10^272 |
| 135 | ov_135 | 5.8960829560117775 × 10^272 |
| 136 | ov_136 | 4.9638951296695324 × 10^272 |
| 137 | ov_137 | 4.148018145812394 × 10^272 |
| 138 | ov_138 | 3.438338263238698 × 10^272 |
| 139 | ov_139 | 2.825230986896777 × 10^272 |
| 140 | ov_140 | 2.299540447121319 × 10^272 |
| 141 | ov_141 | 1.8525631187373606 × 10^272 |
| 142 | ov_142 | 1.4760352539945756 × 10^272 |
| 143 | ov_143 | 1.1621234395268214 × 10^272 |
| 144 | ov_144 | 9.034177235982502 × 10^271 |
| 145 | ov_145 | 6.92926795842293 × 10^271 |
| 146 | ov_146 | 5.240747375511824 × 10^271 |
| 147 | ov_147 | 3.906988963503359 × 10^271 |
| 148 | ov_148 | 2.8704849600428 × 10^271 |
| 149 | ov_149 | 2.077836891318212 × 10^271 |
| 150 | ov_150 | 1.4797486767456343 × 10^271 |
| 151 | ov_151 | 1.0310213520864514 × 10^271 |
| 152 | ov_152 | 6.905490433259137 × 10^270 |
| 153 | ov_153 | 4.3880165535943055 × 10^270 |
| 154 | ov_154 | 2.582935462245952 × 10^270 |
| 155 | ov_155 | 1.3358269394728427 × 10^270 |
| 156 | aaa_76_25 | 5.1270210519794394 × 10^269 |
| 157 | aaa_76_26 | 2.9541326276659387 × 10^269 |
| 158 | aaa_76_27 | 1.5083207591234285 × 10^269 |
| 159 | aaa_76_28 | 5.853243711805074 × 10^268 |
| 160 | aaa_76_29 | 1.7740368715396507 × 10^268 |

### Output Bits Sorted by Complexity

| Rank | Output Bit | Complexity |
|:----:|:----------:|:----------:|
| 160 | aaa_76_29 | 1.7740368715396507 × 10^268 |
| 159 | aaa_76_28 | 5.853243711805074 × 10^268 |
| 158 | aaa_76_27 | 1.5083207591234285 × 10^269 |
| 157 | aaa_76_26 | 2.9541326276659387 × 10^269 |
| 156 | aaa_76_25 | 5.1270210519794394 × 10^269 |
| 155 | ov_155 | 1.3358269394728427 × 10^270 |
| 154 | ov_154 | 2.582935462245952 × 10^270 |
| 153 | ov_153 | 4.3880165535943055 × 10^270 |
| 152 | ov_152 | 6.905490433259137 × 10^270 |
| 151 | ov_151 | 1.0310213520864514 × 10^271 |
| 150 | ov_150 | 1.4797486767456343 × 10^271 |
| 149 | ov_149 | 2.077836891318212 × 10^271 |
| 148 | ov_148 | 2.8704849600428 × 10^271 |
| 147 | ov_147 | 3.906988963503359 × 10^271 |
| 146 | ov_146 | 5.240747375511824 × 10^271 |
| 145 | ov_145 | 6.92926795842293 × 10^271 |
| 144 | ov_144 | 9.034177235982502 × 10^271 |
| 143 | ov_143 | 1.1621234395268214 × 10^272 |
| 142 | ov_142 | 1.4760352539945756 × 10^272 |
| 141 | ov_141 | 1.8525631187373606 × 10^272 |
| 140 | ov_140 | 2.299540447121319 × 10^272 |
| 139 | ov_139 | 2.825230986896777 × 10^272 |
| 138 | ov_138 | 3.438338263238698 × 10^272 |
| 137 | ov_137 | 4.148018145812394 × 10^272 |
| 136 | ov_136 | 4.9638951296695324 × 10^272 |
| 135 | ov_135 | 5.8960829560117775 × 10^272 |
| 134 | ov_134 | 6.95521023533033 × 10^272 |
| 133 | ov_133 | 8.152451772250369 × 10^272 |
| 132 | ov_132 | 9.499566328738355 × 10^272 |
| 131 | ov_131 | 1.1008941600377914 × 10^273 |
| 130 | ov_130 | 1.1008949889428141 × 10^273 |
| 129 | ov_129 | 1.100898432367277 × 10^273 |
| 128 | aaa_77_29 | 1.2086004893070749 × 10^273 |
| 127 | aaa_77_28 | 3.228823079926883 × 10^273 |
| 126 | ov_126 | 1.0121925738434024 × 10^274 |
| 125 | ov_125 | 2.2759952305293717 × 10^274 |
| 124 | ov_124 | 4.337448974384331 × 10^274 |
| 123 | ov_123 | 7.419715048181903 × 10^274 |
| 122 | ov_122 | 1.1745964441586246 × 10^275 |
| 121 | ov_121 | 1.7539396709715988 × 10^275 |
| 120 | ov_120 | 2.502327697097837 × 10^275 |
| 119 | ov_119 | 3.4420995782824605 × 10^275 |
| 118 | ov_118 | 4.595615810086395 × 10^275 |
| 117 | ov_117 | 5.98527094922915 × 10^275 |
| 116 | ov_116 | 7.633510777494475 × 10^275 |
| 115 | ov_115 | 9.562854825401597 × 10^275 |
| 114 | ov_114 | 1.1795925072948566 × 10^276 |
| 113 | ov_113 | 1.435548164492715 × 10^276 |
| 112 | ov_112 | 1.7264468271658297 × 10^276 |
| 111 | ov_111 | 2.0546072444076184 × 10^276 |
| 110 | ov_110 | 2.4223803649086426 × 10^276 |
| 109 | ov_109 | 2.8321591324188185 × 10^276 |
| 108 | ov_108 | 3.2863904172497393 × 10^276 |
| 107 | ov_107 | 3.787589248216263 × 10^276 |
| 106 | ov_106 | 4.3383555098139607 × 10^276 |
| 105 | ov_105 | 4.9413932700143564 × 10^276 |
| 104 | ov_104 | 5.599532904948976 × 10^276 |
| 103 | ov_103 | 6.315756188097797 × 10^276 |
| 102 | ov_102 | 7.093224513574059 × 10^276 |
| 101 | ov_101 | 7.935310425898339 × 10^276 |
| 100 | ov_100 | 8.845632632481403 × 10^276 |
| 99 | ov_099 | 9.828094680114766 × 10^276 |
| 98 | ov_098 | 9.828187898897392 × 10^276 |
| 97 | ov_097 | 9.828480249190599 × 10^276 |
| 96 | aaa_78_29 | 1.4879043613558687 × 10^277 |
| 95 | aaa_78_28 | 4.844455374366706 × 10^277 |
| 94 | ov_094 | 1.5687446251315443 × 10^278 |
| 93 | ov_093 | 3.6620900398032065 × 10^278 |
| 92 | ov_092 | 7.328498306808541 × 10^278 |
| 91 | ov_091 | 1.328682858678091 × 10^279 |
| 90 | ov_090 | 2.2410842093434496 × 10^279 |
| 89 | ov_089 | 3.572934773828189 × 10^279 |
| 88 | ov_088 | 5.442649873493159 × 10^279 |
| 87 | ov_087 | 7.984232053846825 × 10^279 |
| 86 | ov_086 | 1.1347355788121737 × 10^280 |
| 85 | ov_085 | 1.584716749122019 × 10^280 |
| 84 | ov_084 | 2.1830583821265884 × 10^280 |
| 83 | ov_083 | 2.9676700988091995 × 10^280 |
| 82 | ov_082 | 3.9797330386492777 × 10^280 |
| 81 | ov_081 | 5.263767842606218 × 10^280 |
| 80 | ov_080 | 6.86771884440279 × 10^280 |
| 64 | lv_79_m31 | 7.273532183131267 × 10^280 |
| 79 | ov_079 | 8.84305626108463 × 10^280 |
| 78 | ov_078 | 1.1244898177375796 × 10^281 |
| 77 | ov_077 | 1.413215412349787 × 10^281 |
| 76 | ov_076 | 1.7567692053333146 × 10^281 |
| 75 | ov_075 | 2.1618530539637498 × 10^281 |
| 74 | ov_074 | 2.635605801615734 × 10^281 |
| 73 | ov_073 | 3.1856280913962384 × 10^281 |
| 63 | ov_063 | 3.7389037923750454 × 10^281 |
| 72 | ov_072 | 3.820010256234984 × 10^281 |
| 71 | ov_071 | 4.547363475480136 × 10^281 |
| 70 | ov_070 | 5.3768543919324665 × 10^281 |
| 69 | ov_069 | 6.3182433881862746 × 10^281 |
| 68 | ov_068 | 7.3819267273211 × 10^281 |
| 67 | ov_067 | 8.578982770608653 × 10^281 |
| 66 | ov_066 | 8.578989932841476 × 10^281 |
| 65 | ov_065 | 8.579019194223232 × 10^281 |
| 62 | ov_062 | 1.9214967850580553 × 10^282 |
| 61 | ov_061 | 7.01535970257324 × 10^282 |
| 60 | ov_060 | 2.011396958206838 × 10^283 |
| 59 | ov_059 | 4.860686363732353 × 10^283 |
| 58 | ov_058 | 9.876614078011174 × 10^283 |
| 57 | ov_057 | 1.78622044996367 × 10^284 |
| 56 | ov_056 | 2.9796304660049298 × 10^284 |
| 55 | ov_055 | 4.68336062608715 × 10^284 |
| 54 | ov_054 | 7.030469316119755 × 10^284 |
| 53 | ov_053 | 1.0171613078173605 × 10^285 |
| 52 | ov_052 | 1.4275061998754887 × 10^285 |
| 51 | ov_051 | 1.9526724420524233 × 10^285 |
| 50 | ov_050 | 2.6316092815401737 × 10^285 |
| 49 | ov_049 | 3.48644815640375 × 10^285 |
| 48 | ov_048 | 4.5632325815492455 × 10^285 |
| 47 | ov_047 | 5.911577666333672 × 10^285 |
| 32 | lv_80_m31 | 7.220698522609178 × 10^285 |
| 46 | ov_046 | 7.584694200131316 × 10^285 |
| 45 | ov_045 | 9.639420768330807 × 10^285 |
| 44 | ov_044 | 1.213626641374128 × 10^286 |
| 43 | ov_043 | 1.513946674842277 × 10^286 |
| 42 | ov_042 | 1.8717056680805672 × 10^286 |
| 41 | ov_041 | 2.2940963187711705 × 10^286 |
| 40 | ov_040 | 2.785017236558646 × 10^286 |
| 39 | ov_039 | 3.348578650803228 × 10^286 |
| 31 | ov_031 | 3.701261223508516 × 10^286 |
| 38 | ov_038 | 3.9891120770995514 × 10^286 |
| 37 | ov_037 | 4.711181929431986 × 10^286 |
| 36 | ov_036 | 5.524163743616145 × 10^286 |
| 35 | ov_035 | 6.433131624383903 × 10^286 |
| 34 | ov_034 | 7.448515790553214 × 10^286 |
| 33 | ov_033 | 8.581332561809894 × 10^286 |
| 30 | ov_030 | 1.8965940033719372 × 10^287 |
| 29 | ov_029 | 6.200363561306205 × 10^287 |
| 28 | ov_028 | 1.6081278507692628 × 10^288 |
| 27 | ov_027 | 3.591837583575113 × 10^288 |
| 26 | ov_026 | 7.178317197268056 × 10^288 |
| 25 | ov_025 | 1.3143968502156344 × 10^289 |
| 24 | ov_024 | 2.2434451968838303 × 10^289 |
| 23 | ov_023 | 3.616471156589724 × 10^289 |
| 22 | ov_022 | 5.561903454932435 × 10^289 |
| 21 | ov_021 | 8.353545896979834 × 10^289 |
| 20 | ov_020 | 1.2299115863305966 × 10^290 |
| 19 | ov_019 | 1.7740298100343496 × 10^290 |
| 18 | ov_018 | 2.5052826535896293 × 10^290 |
| 17 | ov_017 | 3.4646602654288082 × 10^290 |
| 16 | ov_016 | 4.696586037267679 × 10^290 |
| 15 | ov_015 | 6.248938876769154 × 10^290 |
| 14 | ov_014 | 8.173082541020138 × 10^290 |
| 13 | ov_013 | 1.0523903633542862 × 10^291 |
| 12 | ov_012 | 1.3359860380667417 × 10^291 |
| 11 | ov_011 | 1.674304466607216 × 10^291 |
| 10 | ov_010 | 2.0739260254429813 × 10^291 |
| 9 | ov_009 | 2.5418120827388988 × 10^291 |
| 8 | ov_008 | 3.085317194554111 × 10^291 |
| 7 | ov_007 | 3.712204133915092 × 10^291 |
| 6 | ov_006 | 4.430662222260242 × 10^291 |
| 5 | ov_005 | 5.249329462369763 × 10^291 |
| 4 | ov_004 | 6.177319002035093 × 10^291 |
| 3 | ov_003 | 7.224250451582373 × 10^291 |
| 2 | ov_002 | 8.400286497133947 × 10^291 |
| 1 | ov_001 | 9.716175165123275 × 10^291 |

