# Results for F001-F002-F003-F004-F005-F006-F007-F008-F009-F010-F011-F012-F013-F014-F015-F016-F017-F018-F019-F020-F021-F022-F023-F024-F025-F026-F027-F028-F029-F030-F031-F032-F033-F034-F035-F036-F037-F038-F039-F040-F041-F042-F043-F044-F045-F046-F047-F048-F049-F050-F051-F052-F053-F054-F055-F056-F057-F058-F059-F060-F061-F062-F063-F064-F065-F066-F067-F068-F069-F070-F071-F072-F073-F074-F075-F076-F077-F078-F079-F080-F081-F082-F083-F084-F085-F086-F087-F088-F089-F090-F091-F092-F093-F094-F095-F096-F097-F098-F099-F100-F101-F102-F103-F104-F105-F106-F107-F108-F109-F110-F111-F112-F113-F114-F115-F116-F117-F118-F119-F120-F121-F122-F123-F124-F125-F126-F127-F128-F129-F130-F131-F132-F133-F134-F135-F136-F137-F138-F139-F140-F141-F142-F143-F144-F145-F146-F147-F148-F149-F150-F151-F152-F153-F154-F155-F156-F157-F158-F159-F160-F161-F162-F163-F164-F165-F166-F167-F168-F169-F170-F171-F172-F173-F174-F175-F176-F177-F178-F179-F180-F181-F182-F183-F184-F185-F186-F187-F188-F189-F190-F191-F192-F193-F194-F195-F196-F197-F198-F199-F200-F201-F202-F203-F204-F205-F206-F207-F208-F209-F210-F211-F212-F213-F214-F215-F216-F217-F218-F219-F220-F221-F222-F223-F224-F225-F226-F227-F228-F229-F230-F231-F232-F233-F234-F235-F236-F237-F238-F239-F240-F241-F242-F243-F244-F245-F246-F247-F248-F249-F250-F251-F252-F253-F254-F255-F256-F257-F258-F259-F260-F261-F262-F263-F264-F265-F266-F267-F268-F269-F270-F271-F272-F273-F274-F275-F276-F277-F278-F279-F280-F281-F282-F283-F284-F285-F286-F287-F288-F289-F290-F291-F292-F293-F294-F295-F296-F297-F298-F299-F300-F301-F302-F303-F304-F305-F306-F307-F308-F309-F310-F311-F312-F313-F314-F315-F316-F317-F318-F319-F320-F321-F322-F323-F324-F325-F326-F327-F328-F329-F330-F331-F332-F333-F334-F335-F336-F337-F338-F339-F340-F341-F342-F343-F344-F345-F346-F347-F348-F349-F350-F351-F352-F353-F354-F355-F356-F357-F358-F359-F360-F361-F362-F363-F364-F365-F366-F367-F368-F369-F370-F371-F372-F373-F374-F375-F376-F377-F378-F379-F380-F381-F382-F383-F384-F385-F386-F387-F388-F389-F390-F391-F392-F393-F394-F395-F396-F397-F398-F399-F400-F401-F402-F403-F404-F405-F406-F407-F408-F409-F410-F411-F412-F413-F414-F415-F416-F417-F418-F419-F420-F421-F422-F423-F424-F425-F426-F427-F428-F429-F430-F431-F432-F433-F434-F435-F436-F437-F438-F439-F440-F441-F442-F443-F444-F445-F446-F447-F448-F449-F450-F451-F452-F453-F454-F455-F456-F457-F458-F459-F460-F461-F462-F463-F464-F465-F466-F467-F468-F469-F470-F471-F472-F473-F474-F475-F476-F477-F478-F479-F480-F481-F482-F483-F484-F485-F486-F487-F488-F489-F490-F491-F492-F493-F494-F495-F496-F497-F498-F499-F500-F510-T511-F512

## Summary

Number of input bits: 512  
Number of free input bits: 9  
Number of output bits: 160

Number of direct occurrences: 37616  
Number of assignments: 31171  
Number of operations: 11964289
(xor: 11934411,
and: 16729,
or: 13149)

Total complexity: 4.6086515193768185 × 10^304

Least occurring input variable: iv_502 (4068)  
Most occurring input variable: iv_508 (4300)

Most co-occurring input variables: iv_506-iv_508 (2101)  
Least co-occurring input variables: iv_502-iv_504 (1863)

Potentially most occurring input variable: iv_503/iv_509 (4584)  
Potentially least occurring input variable: iv_504/iv_505 (4146)

Least output occurring input variable: iv_505 (70)  
Most output occurring input variable: iv_504 (89)

Most output co-occurring input variables: iv_506-iv_508 (52)  
Least output co-occurring input variables: iv_502-iv_505 (29)

Potentially most output occurring input variable: iv_502/iv_508 (92)  
Potentially least output occurring input variable: iv_505/iv_507 (65)

Least complex input bit: iv_501 (1.012485461675303 × 10^303)  
Most complex input bit: iv_509 (8.239627727641256 × 10^303)

Least complex output bit: aaa_76_29 (8.939420150069232 × 10^278)  
Most complex output bit: ov_001 (7.40017888726981 × 10^303)

Least complex input/output complexity: iv_501/aaa_76_29 (1.9639221797737977 × 10^277)  
Most complex input/output complexity: iv_509/ov_001 (1.3230490283912523 × 10^303)

## Input Bits

### Input Bits in Regular Order

| Input Bit | Complexity | Occurrences | Output Occurrences |
|:---------:|:----------:|:-----------:|:------------------:|
| iv_501 | 1.012485461675303 × 10^303 | 4132 | 75 |
| iv_502 | 1.8453330650764462 × 10^303 | 4068 | 75 |
| iv_503 | 3.1512861805205356 × 10^303 | 4259 | 80 |
| iv_504 | 5.143311758053853 × 10^303 | 4075 | 89 |
| iv_505 | 8.106309606648576 × 10^303 | 4089 | 70 |
| iv_506 | 4.307191408764248 × 10^303 | 4215 | 84 |
| iv_507 | 6.148974754325873 × 10^303 | 4277 | 77 |
| iv_508 | 8.131995231062138 × 10^303 | 4300 | 87 |
| iv_509 | 8.239627727641256 × 10^303 | 4201 | 74 |

### Input Bits Sorted by Complexity

| Input Bit | Complexity | Occurrences | Output Occurrences |
|:---------:|:----------:|:-----------:|:------------------:|
| iv_501 | 1.012485461675303 × 10^303 | 4132 | 75 |
| iv_502 | 1.8453330650764462 × 10^303 | 4068 | 75 |
| iv_503 | 3.1512861805205356 × 10^303 | 4259 | 80 |
| iv_506 | 4.307191408764248 × 10^303 | 4215 | 84 |
| iv_504 | 5.143311758053853 × 10^303 | 4075 | 89 |
| iv_507 | 6.148974754325873 × 10^303 | 4277 | 77 |
| iv_505 | 8.106309606648576 × 10^303 | 4089 | 70 |
| iv_508 | 8.131995231062138 × 10^303 | 4300 | 87 |
| iv_509 | 8.239627727641256 × 10^303 | 4201 | 74 |

### Input Bits Sorted by Occurrences

| Input Bit | Complexity | Occurrences | Output Occurrences |
|:---------:|:----------:|:-----------:|:------------------:|
| iv_502 | 1.8453330650764462 × 10^303 | 4068 | 75 |
| iv_504 | 5.143311758053853 × 10^303 | 4075 | 89 |
| iv_505 | 8.106309606648576 × 10^303 | 4089 | 70 |
| iv_501 | 1.012485461675303 × 10^303 | 4132 | 75 |
| iv_509 | 8.239627727641256 × 10^303 | 4201 | 74 |
| iv_506 | 4.307191408764248 × 10^303 | 4215 | 84 |
| iv_503 | 3.1512861805205356 × 10^303 | 4259 | 80 |
| iv_507 | 6.148974754325873 × 10^303 | 4277 | 77 |
| iv_508 | 8.131995231062138 × 10^303 | 4300 | 87 |

### Input Bits Sorted by Output Occurrences

| Input Bit | Complexity | Occurrences | Output Occurrences |
|:---------:|:----------:|:-----------:|:------------------:|
| iv_505 | 8.106309606648576 × 10^303 | 4089 | 70 |
| iv_509 | 8.239627727641256 × 10^303 | 4201 | 74 |
| iv_501 | 1.012485461675303 × 10^303 | 4132 | 75 |
| iv_502 | 1.8453330650764462 × 10^303 | 4068 | 75 |
| iv_507 | 6.148974754325873 × 10^303 | 4277 | 77 |
| iv_503 | 3.1512861805205356 × 10^303 | 4259 | 80 |
| iv_506 | 4.307191408764248 × 10^303 | 4215 | 84 |
| iv_508 | 8.131995231062138 × 10^303 | 4300 | 87 |
| iv_504 | 5.143311758053853 × 10^303 | 4075 | 89 |

## Input Bit Co-occurrences

### Input Bit Co-occurrences Sorted by Co-occurrences

| Input Bits | Co-occurrences | Potential Occurrences | Output Co-occurrences | Potential Output Occurrences |
|:----------:|:--------------:|:---------------------:|:---------------------:|:----------------------------:|
| iv_506-iv_508 | 2101 | 4313 | 52 | 67 |
| iv_508-iv_509 | 2097 | 4307 | 42 | 77 |
| iv_506-iv_507 | 2081 | 4330 | 35 | 91 |
| iv_503-iv_506 | 2076 | 4322 | 41 | 82 |
| iv_503-iv_508 | 2075 | 4409 | 44 | 79 |
| iv_507-iv_508 | 2071 | 4435 | 41 | 82 |
| iv_507-iv_509 | 2049 | 4380 | 39 | 73 |
| iv_502-iv_507 | 2044 | 4257 | 38 | 76 |
| iv_501-iv_508 | 2039 | 4354 | 41 | 80 |

### Input Bit Co-occurrences Sorted by Potential Occurrences

| Input Bits | Co-occurrences | Potential Occurrences | Output Co-occurrences | Potential Output Occurrences |
|:----------:|:--------------:|:---------------------:|:---------------------:|:----------------------------:|
| iv_504-iv_505 | 2009 | 4146 | 39 | 81 |
| iv_504-iv_506 | 2032 | 4226 | 42 | 89 |
| iv_502-iv_507 | 2044 | 4257 | 38 | 76 |
| iv_502-iv_508 | 2039 | 4290 | 35 | 92 |
| iv_508-iv_509 | 2097 | 4307 | 42 | 77 |
| iv_506-iv_508 | 2101 | 4313 | 52 | 67 |
| iv_501-iv_502 | 1943 | 4314 | 31 | 88 |
| iv_501-iv_503 | 2037 | 4317 | 38 | 79 |
| iv_503-iv_506 | 2076 | 4322 | 41 | 82 |

### Input Bit Output Co-occurrences Sorted by Output Co-occurrences

| Input Bits | Co-occurrences | Potential Occurrences | Output Co-occurrences | Potential Output Occurrences |
|:----------:|:--------------:|:---------------------:|:---------------------:|:----------------------------:|
| iv_506-iv_508 | 2101 | 4313 | 52 | 67 |
| iv_504-iv_508 | 2002 | 4371 | 46 | 84 |
| iv_504-iv_509 | 1946 | 4384 | 44 | 75 |
| iv_503-iv_508 | 2075 | 4409 | 44 | 79 |
| iv_502-iv_504 | 1863 | 4417 | 44 | 76 |
| iv_501-iv_504 | 1902 | 4403 | 43 | 78 |
| iv_503-iv_504 | 1943 | 4448 | 43 | 83 |
| iv_504-iv_506 | 2032 | 4226 | 42 | 89 |
| iv_508-iv_509 | 2097 | 4307 | 42 | 77 |

### Input Bit Output Co-occurrences Sorted by Potential Output Occurrences

| Input Bits | Co-occurrences | Potential Occurrences | Output Co-occurrences | Potential Output Occurrences |
|:----------:|:--------------:|:---------------------:|:---------------------:|:----------------------------:|
| iv_505-iv_507 | 2001 | 4364 | 41 | 65 |
| iv_506-iv_508 | 2101 | 4313 | 52 | 67 |
| iv_501-iv_507 | 2036 | 4337 | 41 | 70 |
| iv_507-iv_509 | 2049 | 4380 | 39 | 73 |
| iv_505-iv_509 | 1936 | 4418 | 35 | 74 |
| iv_504-iv_509 | 1946 | 4384 | 44 | 75 |
| iv_505-iv_508 | 1975 | 4439 | 41 | 75 |
| iv_502-iv_504 | 1863 | 4417 | 44 | 76 |
| iv_502-iv_507 | 2044 | 4257 | 38 | 76 |

## Output Bits

### Output Bits in Regular Order

| Rank | Output Bit | Complexity |
|:----:|:----------:|:----------:|
| 1 | ov_001 | 7.40017888726981 × 10^303 |
| 2 | ov_002 | 6.419198319997792 × 10^303 |
| 3 | ov_003 | 5.537080770201487 × 10^303 |
| 4 | ov_004 | 4.749813316215133 × 10^303 |
| 5 | ov_005 | 4.0500252016905566 × 10^303 |
| 6 | ov_006 | 3.4307466107531844 × 10^303 |
| 7 | ov_007 | 2.8853819186246404 × 10^303 |
| 8 | ov_008 | 2.407686262394425 × 10^303 |
| 9 | ov_009 | 1.9917451967656055 × 10^303 |
| 10 | ov_010 | 1.631957237260102 × 10^303 |
| 11 | ov_011 | 1.32301910397131 × 10^303 |
| 12 | ov_012 | 1.0599134703726342 × 10^303 |
| 13 | ov_013 | 8.378989762929442 × 10^302 |
| 14 | ov_014 | 6.525022223109982 × 10^302 |
| 15 | ov_015 | 4.9951146237502335 × 10^302 |
| 16 | ov_016 | 3.749717310531852 × 10^302 |
| 17 | ov_017 | 2.7518116134072654 × 10^302 |
| 18 | ov_018 | 1.9668826842081987 × 10^302 |
| 19 | ov_019 | 1.3628999421861824 × 10^302 |
| 20 | ov_020 | 9.103032701320992 × 10^301 |
| 21 | ov_021 | 5.819933775581661 × 10^301 |
| 22 | ov_022 | 3.533251684511692 × 10^301 |
| 23 | ov_023 | 2.0210333571308392 × 10^301 |
| 24 | ov_024 | 1.0857959323036854 × 10^301 |
| 25 | ov_025 | 5.545105351072668 × 10^300 |
| 26 | ov_026 | 2.7859355819096916 × 10^300 |
| 27 | ov_027 | 1.3390245915372221 × 10^300 |
| 28 | ov_028 | 6.447591144856735 × 10^299 |
| 29 | ov_029 | 2.657200194001918 × 10^299 |
| 30 | ov_030 | 8.794822655939748 × 10^298 |
| 31 | ov_031 | 2.1307478243870736 × 10^298 |
| 32 | lv_80_k31 | 5.1612076204317096 × 10^297 |
| 33 | ov_033 | 6.294573352648456 × 10^298 |
| 34 | ov_034 | 5.471237437571661 × 10^298 |
| 35 | ov_035 | 4.7356321378766126 × 10^298 |
| 36 | ov_036 | 4.080209570279771 × 10^298 |
| 37 | ov_037 | 3.497824032153862 × 10^298 |
| 38 | ov_038 | 2.9817032700648083 × 10^298 |
| 39 | ov_039 | 2.525423768946536 × 10^298 |
| 40 | ov_040 | 2.1228896747184344 × 10^298 |
| 41 | ov_041 | 1.768314983596366 × 10^298 |
| 42 | ov_042 | 1.4562086510806038 × 10^298 |
| 43 | ov_043 | 1.1838972053047294 × 10^298 |
| 44 | ov_044 | 9.488457337230658 × 10^297 |
| 45 | ov_045 | 7.486534080091547 × 10^297 |
| 46 | ov_046 | 5.810499344294189 × 10^297 |
| 47 | ov_047 | 4.438927977957152 × 10^297 |
| 48 | ov_048 | 3.3327251784842904 × 10^297 |
| 49 | ov_049 | 2.4552686419525405 × 10^297 |
| 50 | ov_050 | 1.772390544863322 × 10^297 |
| 51 | ov_051 | 1.2523657342210111 × 10^297 |
| 52 | ov_052 | 8.659044554706522 × 10^296 |
| 53 | ov_053 | 5.8614812241632046 × 10^296 |
| 54 | ov_054 | 3.886668685030741 × 10^296 |
| 55 | ov_055 | 2.514580146098766 × 10^296 |
| 56 | ov_056 | 1.5494504042970006 × 10^296 |
| 57 | ov_057 | 8.994612188558286 × 10^295 |
| 58 | ov_058 | 4.849204856388799 × 10^295 |
| 59 | ov_059 | 2.382607839118357 × 10^295 |
| 60 | ov_060 | 1.0403866217171933 × 10^295 |
| 61 | ov_061 | 3.893434655235169 × 10^294 |
| 62 | ov_062 | 1.1751648066401109 × 10^294 |
| 63 | ov_063 | 2.597016932033354 × 10^293 |
| 64 | lv_79_m31 | 5.055501907234746 × 10^292 |
| 65 | ov_065 | 5.900317592682536 × 10^293 |
| 66 | ov_066 | 5.9003032204793545 × 10^293 |
| 67 | ov_067 | 5.9002986313579436 × 10^293 |
| 68 | ov_068 | 5.079376551331523 × 10^293 |
| 69 | ov_069 | 4.347232943874646 × 10^293 |
| 70 | ov_070 | 3.697000732256604 × 10^293 |
| 71 | ov_071 | 3.1221845633346015 × 10^293 |
| 72 | ov_072 | 2.6166343725352347 × 10^293 |
| 73 | ov_073 | 2.174522495320411 × 10^293 |
| 74 | ov_074 | 1.7903239955559096 × 10^293 |
| 75 | ov_075 | 1.4587998982898151 × 10^293 |
| 76 | ov_076 | 1.1749830309154242 × 10^293 |
| 77 | ov_077 | 9.341661926589143 × 10^292 |
| 78 | ov_078 | 7.318923878999236 × 10^292 |
| 79 | ov_079 | 5.639468740920729 × 10^292 |
| 80 | ov_080 | 4.2635079007531904 × 10^292 |
| 81 | ov_081 | 3.1535614542479093 × 10^292 |
| 82 | ov_082 | 2.274419662115543 × 10^292 |
| 83 | ov_083 | 1.5931140719876267 × 10^292 |
| 84 | ov_084 | 1.0788965509127013 × 10^292 |
| 85 | ov_085 | 7.032246201864465 × 10^291 |
| 86 | ov_086 | 4.3975162974009094 × 10^291 |
| 87 | ov_087 | 2.6432045462242476 × 10^291 |
| 88 | ov_088 | 1.5495954135339426 × 10^291 |
| 89 | ov_089 | 9.188036013816414 × 10^290 |
| 90 | ov_090 | 5.747569499305408 × 10^290 |
| 91 | ov_091 | 3.6318525452438895 × 10^290 |
| 92 | ov_092 | 2.1240282813530956 × 10^290 |
| 93 | ov_093 | 1.115144375081753 × 10^290 |
| 94 | ov_094 | 4.962533272653544 × 10^289 |
| 95 | aaa_78_28 | 1.584091747930434 × 10^289 |
| 96 | aaa_78_29 | 5.935553909261139 × 10^288 |
| 97 | ov_097 | 5.4433224407993936 × 10^288 |
| 98 | ov_098 | 5.44329864380475 × 10^288 |
| 99 | ov_099 | 5.443291053825049 × 10^288 |
| 100 | ov_100 | 4.709925524858322 × 10^288 |
| 101 | ov_101 | 4.0536066263371333 × 10^288 |
| 102 | ov_102 | 3.4685057431038826 × 10^288 |
| 103 | ov_103 | 2.949109707649642 × 10^288 |
| 104 | ov_104 | 2.490197566390234 × 10^288 |
| 105 | ov_105 | 2.0868204805070902 × 10^288 |
| 106 | ov_106 | 1.734284468700874 × 10^288 |
| 107 | ov_107 | 1.428135714620247 × 10^288 |
| 108 | ov_108 | 1.1641481765369324 × 10^288 |
| 109 | ov_109 | 9.383132511531705 × 10^287 |
| 110 | ov_110 | 7.468312573460092 × 10^287 |
| 111 | ov_111 | 5.8610451925860765 × 10^287 |
| 112 | ov_112 | 4.527318415140074 × 10^287 |
| 113 | ov_113 | 3.435041825114684 × 10^287 |
| 114 | ov_114 | 2.5540134481835872 × 10^287 |
| 115 | ov_115 | 1.8558951463111858 × 10^287 |
| 116 | ov_116 | 1.314194951776026 × 10^287 |
| 117 | ov_117 | 9.04254917927965 × 10^286 |
| 118 | ov_118 | 6.032431923626439 × 10^286 |
| 119 | ov_119 | 3.901491464275105 × 10^286 |
| 120 | ov_120 | 2.4578052313058053 × 10^286 |
| 121 | ov_121 | 1.5276178334686432 × 10^286 |
| 122 | ov_122 | 9.553312171690026 × 10^285 |
| 123 | ov_123 | 6.034985108276557 × 10^285 |
| 124 | ov_124 | 3.528201771671989 × 10^285 |
| 125 | ov_125 | 1.8515212152764685 × 10^285 |
| 126 | ov_126 | 8.235068756327552 × 10^284 |
| 127 | aaa_77_28 | 2.6272358784835808 × 10^284 |
| 128 | aaa_77_29 | 9.835984690562712 × 10^283 |
| 129 | ov_129 | 8.907252565999944 × 10^283 |
| 130 | ov_130 | 8.90723084711312 × 10^283 |
| 131 | ov_131 | 8.907223882753013 × 10^283 |
| 132 | ov_132 | 7.680878267937992 × 10^283 |
| 133 | ov_133 | 6.586037188653913 × 10^283 |
| 134 | ov_134 | 5.612557939445174 × 10^283 |
| 135 | ov_135 | 4.7508544156693465 × 10^283 |
| 136 | ov_136 | 3.991856445432588 × 10^283 |
| 137 | ov_137 | 3.3269745492040787 × 10^283 |
| 138 | ov_138 | 2.748069652185418 × 10^283 |
| 139 | ov_139 | 2.247427267383038 × 10^283 |
| 140 | ov_140 | 1.8177356927956693 × 10^283 |
| 141 | ov_141 | 1.45206779092111 × 10^283 |
| 142 | ov_142 | 1.1438659430602912 × 10^283 |
| 143 | ov_143 | 8.86929794780089 × 10^282 |
| 144 | ov_144 | 6.754064324946461 × 10^282 |
| 145 | ov_145 | 5.0378265452291856 × 10^282 |
| 146 | ov_146 | 3.668790232432116 × 10^282 |
| 147 | ov_147 | 2.5984540814171593 × 10^282 |
| 148 | ov_148 | 1.7815775267453138 × 10^282 |
| 149 | ov_149 | 1.1761582095227527 × 10^282 |
| 150 | ov_150 | 7.434170332560637 × 10^281 |
| 151 | ov_151 | 4.4778883006100084 × 10^281 |
| 152 | ov_152 | 2.569168890445978 × 10^281 |
| 153 | ov_153 | 1.4164989516256816 × 10^281 |
| 154 | ov_154 | 7.604024102830135 × 10^280 |
| 155 | ov_155 | 3.7343078553877397 × 10^280 |
| 156 | aaa_76_25 | 1.4986602096080754 × 10^280 |
| 157 | aaa_76_26 | 9.217607095841361 × 10^279 |
| 158 | aaa_76_27 | 5.049482940267852 × 10^279 |
| 159 | aaa_76_28 | 2.3769830181019432 × 10^279 |
| 160 | aaa_76_29 | 8.939420150069232 × 10^278 |

### Output Bits Sorted by Complexity

| Rank | Output Bit | Complexity |
|:----:|:----------:|:----------:|
| 160 | aaa_76_29 | 8.939420150069232 × 10^278 |
| 159 | aaa_76_28 | 2.3769830181019432 × 10^279 |
| 158 | aaa_76_27 | 5.049482940267852 × 10^279 |
| 157 | aaa_76_26 | 9.217607095841361 × 10^279 |
| 156 | aaa_76_25 | 1.4986602096080754 × 10^280 |
| 155 | ov_155 | 3.7343078553877397 × 10^280 |
| 154 | ov_154 | 7.604024102830135 × 10^280 |
| 153 | ov_153 | 1.4164989516256816 × 10^281 |
| 152 | ov_152 | 2.569168890445978 × 10^281 |
| 151 | ov_151 | 4.4778883006100084 × 10^281 |
| 150 | ov_150 | 7.434170332560637 × 10^281 |
| 149 | ov_149 | 1.1761582095227527 × 10^282 |
| 148 | ov_148 | 1.7815775267453138 × 10^282 |
| 147 | ov_147 | 2.5984540814171593 × 10^282 |
| 146 | ov_146 | 3.668790232432116 × 10^282 |
| 145 | ov_145 | 5.0378265452291856 × 10^282 |
| 144 | ov_144 | 6.754064324946461 × 10^282 |
| 143 | ov_143 | 8.86929794780089 × 10^282 |
| 142 | ov_142 | 1.1438659430602912 × 10^283 |
| 141 | ov_141 | 1.45206779092111 × 10^283 |
| 140 | ov_140 | 1.8177356927956693 × 10^283 |
| 139 | ov_139 | 2.247427267383038 × 10^283 |
| 138 | ov_138 | 2.748069652185418 × 10^283 |
| 137 | ov_137 | 3.3269745492040787 × 10^283 |
| 136 | ov_136 | 3.991856445432588 × 10^283 |
| 135 | ov_135 | 4.7508544156693465 × 10^283 |
| 134 | ov_134 | 5.612557939445174 × 10^283 |
| 133 | ov_133 | 6.586037188653913 × 10^283 |
| 132 | ov_132 | 7.680878267937992 × 10^283 |
| 131 | ov_131 | 8.907223882753013 × 10^283 |
| 130 | ov_130 | 8.90723084711312 × 10^283 |
| 129 | ov_129 | 8.907252565999944 × 10^283 |
| 128 | aaa_77_29 | 9.835984690562712 × 10^283 |
| 127 | aaa_77_28 | 2.6272358784835808 × 10^284 |
| 126 | ov_126 | 8.235068756327552 × 10^284 |
| 125 | ov_125 | 1.8515212152764685 × 10^285 |
| 124 | ov_124 | 3.528201771671989 × 10^285 |
| 123 | ov_123 | 6.034985108276557 × 10^285 |
| 122 | ov_122 | 9.553312171690026 × 10^285 |
| 121 | ov_121 | 1.5276178334686432 × 10^286 |
| 120 | ov_120 | 2.4578052313058053 × 10^286 |
| 119 | ov_119 | 3.901491464275105 × 10^286 |
| 118 | ov_118 | 6.032431923626439 × 10^286 |
| 117 | ov_117 | 9.04254917927965 × 10^286 |
| 116 | ov_116 | 1.314194951776026 × 10^287 |
| 115 | ov_115 | 1.8558951463111858 × 10^287 |
| 114 | ov_114 | 2.5540134481835872 × 10^287 |
| 113 | ov_113 | 3.435041825114684 × 10^287 |
| 112 | ov_112 | 4.527318415140074 × 10^287 |
| 111 | ov_111 | 5.8610451925860765 × 10^287 |
| 110 | ov_110 | 7.468312573460092 × 10^287 |
| 109 | ov_109 | 9.383132511531705 × 10^287 |
| 108 | ov_108 | 1.1641481765369324 × 10^288 |
| 107 | ov_107 | 1.428135714620247 × 10^288 |
| 106 | ov_106 | 1.734284468700874 × 10^288 |
| 105 | ov_105 | 2.0868204805070902 × 10^288 |
| 104 | ov_104 | 2.490197566390234 × 10^288 |
| 103 | ov_103 | 2.949109707649642 × 10^288 |
| 102 | ov_102 | 3.4685057431038826 × 10^288 |
| 101 | ov_101 | 4.0536066263371333 × 10^288 |
| 100 | ov_100 | 4.709925524858322 × 10^288 |
| 99 | ov_099 | 5.443291053825049 × 10^288 |
| 98 | ov_098 | 5.44329864380475 × 10^288 |
| 97 | ov_097 | 5.4433224407993936 × 10^288 |
| 96 | aaa_78_29 | 5.935553909261139 × 10^288 |
| 95 | aaa_78_28 | 1.584091747930434 × 10^289 |
| 94 | ov_094 | 4.962533272653544 × 10^289 |
| 93 | ov_093 | 1.115144375081753 × 10^290 |
| 92 | ov_092 | 2.1240282813530956 × 10^290 |
| 91 | ov_091 | 3.6318525452438895 × 10^290 |
| 90 | ov_090 | 5.747569499305408 × 10^290 |
| 89 | ov_089 | 9.188036013816414 × 10^290 |
| 88 | ov_088 | 1.5495954135339426 × 10^291 |
| 87 | ov_087 | 2.6432045462242476 × 10^291 |
| 86 | ov_086 | 4.3975162974009094 × 10^291 |
| 85 | ov_085 | 7.032246201864465 × 10^291 |
| 84 | ov_084 | 1.0788965509127013 × 10^292 |
| 83 | ov_083 | 1.5931140719876267 × 10^292 |
| 82 | ov_082 | 2.274419662115543 × 10^292 |
| 81 | ov_081 | 3.1535614542479093 × 10^292 |
| 80 | ov_080 | 4.2635079007531904 × 10^292 |
| 64 | lv_79_m31 | 5.055501907234746 × 10^292 |
| 79 | ov_079 | 5.639468740920729 × 10^292 |
| 78 | ov_078 | 7.318923878999236 × 10^292 |
| 77 | ov_077 | 9.341661926589143 × 10^292 |
| 76 | ov_076 | 1.1749830309154242 × 10^293 |
| 75 | ov_075 | 1.4587998982898151 × 10^293 |
| 74 | ov_074 | 1.7903239955559096 × 10^293 |
| 73 | ov_073 | 2.174522495320411 × 10^293 |
| 63 | ov_063 | 2.597016932033354 × 10^293 |
| 72 | ov_072 | 2.6166343725352347 × 10^293 |
| 71 | ov_071 | 3.1221845633346015 × 10^293 |
| 70 | ov_070 | 3.697000732256604 × 10^293 |
| 69 | ov_069 | 4.347232943874646 × 10^293 |
| 68 | ov_068 | 5.079376551331523 × 10^293 |
| 67 | ov_067 | 5.9002986313579436 × 10^293 |
| 66 | ov_066 | 5.9003032204793545 × 10^293 |
| 65 | ov_065 | 5.900317592682536 × 10^293 |
| 62 | ov_062 | 1.1751648066401109 × 10^294 |
| 61 | ov_061 | 3.893434655235169 × 10^294 |
| 60 | ov_060 | 1.0403866217171933 × 10^295 |
| 59 | ov_059 | 2.382607839118357 × 10^295 |
| 58 | ov_058 | 4.849204856388799 × 10^295 |
| 57 | ov_057 | 8.994612188558286 × 10^295 |
| 56 | ov_056 | 1.5494504042970006 × 10^296 |
| 55 | ov_055 | 2.514580146098766 × 10^296 |
| 54 | ov_054 | 3.886668685030741 × 10^296 |
| 53 | ov_053 | 5.8614812241632046 × 10^296 |
| 52 | ov_052 | 8.659044554706522 × 10^296 |
| 51 | ov_051 | 1.2523657342210111 × 10^297 |
| 50 | ov_050 | 1.772390544863322 × 10^297 |
| 49 | ov_049 | 2.4552686419525405 × 10^297 |
| 48 | ov_048 | 3.3327251784842904 × 10^297 |
| 47 | ov_047 | 4.438927977957152 × 10^297 |
| 32 | lv_80_k31 | 5.1612076204317096 × 10^297 |
| 46 | ov_046 | 5.810499344294189 × 10^297 |
| 45 | ov_045 | 7.486534080091547 × 10^297 |
| 44 | ov_044 | 9.488457337230658 × 10^297 |
| 43 | ov_043 | 1.1838972053047294 × 10^298 |
| 42 | ov_042 | 1.4562086510806038 × 10^298 |
| 41 | ov_041 | 1.768314983596366 × 10^298 |
| 40 | ov_040 | 2.1228896747184344 × 10^298 |
| 31 | ov_031 | 2.1307478243870736 × 10^298 |
| 39 | ov_039 | 2.525423768946536 × 10^298 |
| 38 | ov_038 | 2.9817032700648083 × 10^298 |
| 37 | ov_037 | 3.497824032153862 × 10^298 |
| 36 | ov_036 | 4.080209570279771 × 10^298 |
| 35 | ov_035 | 4.7356321378766126 × 10^298 |
| 34 | ov_034 | 5.471237437571661 × 10^298 |
| 33 | ov_033 | 6.294573352648456 × 10^298 |
| 30 | ov_030 | 8.794822655939748 × 10^298 |
| 29 | ov_029 | 2.657200194001918 × 10^299 |
| 28 | ov_028 | 6.447591144856735 × 10^299 |
| 27 | ov_027 | 1.3390245915372221 × 10^300 |
| 26 | ov_026 | 2.7859355819096916 × 10^300 |
| 25 | ov_025 | 5.545105351072668 × 10^300 |
| 24 | ov_024 | 1.0857959323036854 × 10^301 |
| 23 | ov_023 | 2.0210333571308392 × 10^301 |
| 22 | ov_022 | 3.533251684511692 × 10^301 |
| 21 | ov_021 | 5.819933775581661 × 10^301 |
| 20 | ov_020 | 9.103032701320992 × 10^301 |
| 19 | ov_019 | 1.3628999421861824 × 10^302 |
| 18 | ov_018 | 1.9668826842081987 × 10^302 |
| 17 | ov_017 | 2.7518116134072654 × 10^302 |
| 16 | ov_016 | 3.749717310531852 × 10^302 |
| 15 | ov_015 | 4.9951146237502335 × 10^302 |
| 14 | ov_014 | 6.525022223109982 × 10^302 |
| 13 | ov_013 | 8.378989762929442 × 10^302 |
| 12 | ov_012 | 1.0599134703726342 × 10^303 |
| 11 | ov_011 | 1.32301910397131 × 10^303 |
| 10 | ov_010 | 1.631957237260102 × 10^303 |
| 9 | ov_009 | 1.9917451967656055 × 10^303 |
| 8 | ov_008 | 2.407686262394425 × 10^303 |
| 7 | ov_007 | 2.8853819186246404 × 10^303 |
| 6 | ov_006 | 3.4307466107531844 × 10^303 |
| 5 | ov_005 | 4.0500252016905566 × 10^303 |
| 4 | ov_004 | 4.749813316215133 × 10^303 |
| 3 | ov_003 | 5.537080770201487 × 10^303 |
| 2 | ov_002 | 6.419198319997792 × 10^303 |
| 1 | ov_001 | 7.40017888726981 × 10^303 |

