# Results for F001-F002-F003-F004-F005-F006-F007-F008-F009-F010-F011-F012-F013-F014-F015-F016-F017-F018-F019-F020-F021-F022-F023-F024-F025-F026-F027-F028-F029-F030-F031-F032-F033-F034-F035-F036-F037-F038-F039-F040-F041-F042-F043-F044-F045-F046-F047-F048-F049-F050-F051-F052-F053-F054-F055-F056-F057-F058-F059-F060-F061-F062-F063-F064-F065-F066-F067-F068-F069-F070-F071-F072-F073-F074-F075-F076-F077-F078-F079-F080-F081-F082-F083-F084-F085-F086-F087-F088-F089-F090-F091-F092-F093-F094-F095-F096-F097-F098-F099-F100-F101-F102-F103-F104-F105-F106-F107-F108-F109-F110-F111-F112-F113-F114-F115-F116-F117-F118-F119-F120-F121-F122-F123-F124-F125-F126-F127-F128-F129-F130-F131-F132-F133-F134-F135-F136-F137-F138-F139-F140-F141-F142-F143-F144-F145-F146-F147-F148-F149-F150-F151-F152-F153-F154-F155-F156-F157-F158-F159-F160-F161-F162-F163-F164-F165-F166-F167-F168-F169-F170-F171-F172-F173-F174-F175-F176-F177-F178-F179-F180-F181-F182-F183-F184-F185-F186-F187-F188-F189-F190-F191-F192-F193-F194-F195-F196-F197-F198-F199-F200-F201-F202-F203-F204-F205-F206-F207-F208-F209-F210-F211-F212-F213-F214-F215-F216-F217-F218-F219-F220-F221-F222-F223-F224-F225-F226-F227-F228-F229-F230-F231-F232-F233-F234-F235-F236-F237-F238-F239-F240-F241-F242-F243-F244-F245-F246-F247-F248-F249-F250-F251-F252-F253-F254-F255-F256-F257-F258-F259-F260-F261-F262-F263-F264-F265-F266-F267-F268-F269-F270-F271-F272-F273-F274-F275-F276-F277-F278-F279-F280-F281-F282-F283-F284-F285-F286-F287-F288-F289-F290-F291-F292-F293-F294-F295-F296-F297-F298-F299-F300-F301-F302-F303-F304-F305-F306-F307-F308-F309-F310-F311-F312-F313-F314-F315-F316-F317-F318-F319-F320-F321-F322-F323-F324-F325-F326-F327-F328-F329-F330-F331-F332-F333-F334-F335-F336-F337-F338-F339-F340-F341-F342-F343-F344-F345-F346-F347-F348-F349-F350-F351-F352-F353-F354-F355-F356-F357-F358-F359-F360-F361-F362-F363-F364-F365-F366-F367-F368-F369-F370-F371-F372-F373-F374-F375-F376-F377-F378-F379-F380-F381-F382-F383-F384-F385-F386-F387-F388-F389-F390-F391-F392-F393-F394-F395-F396-F397-F398-F399-F400-F401-F402-F403-F404-F405-F406-F407-F408-F409-F410-F411-F412-F413-F414-F415-F416-F417-F418-F419-F420-F421-F422-F423-F424-F425-F426-F427-F428-F429-F430-F431-F432-F433-F434-F435-F436-F437-F438-F439-F440-F441-F442-F443-F444-F445-F446-F447-F448-F449-F450-F451-F452-F453-F454-F455-F456-F457-F458-F459-F460-F461-F462-F463-F464-F465-F466-F467-F468-F469-F470-F471-F472-F473-F474-F475-F476-F477-F478-F479-F480-F481-F482-F483-F484-F485-F486-F487-F488-F489-F490-F491-F492-F493-F494-F495-F496-E497503-F500-F508-F509-F510-F511-F512

## Summary

Number of input bits: 512  
Number of free input bits: 9  
Number of output bits: 160

Number of direct occurrences: 35604  
Number of assignments: 30669  
Number of operations: 10666185
(xor: 10638362,
and: 14711,
or: 13112)

Total complexity: 3.878504845812304 × 10^295

Least occurring input variable: iv_502 (3834)  
Most occurring input variable: iv_507 (4092)

Most co-occurring input variables: iv_506-iv_507 (1938)  
Least co-occurring input variables: iv_498-iv_502 (1734)

Potentially most occurring input variable: iv_497/iv_506 (4452)  
Potentially least occurring input variable: iv_501/iv_504 (4086)

Least output occurring input variable: iv_504 (78)  
Most output occurring input variable: iv_506 (93)

Most output co-occurring input variables: iv_498-iv_507 (54)  
Least output co-occurring input variables: iv_505-iv_507 (34)

Potentially most output occurring input variable: iv_505/iv_507 (95)  
Potentially least output occurring input variable: iv_498/iv_507 (61)

Least complex input bit: iv_498 (4.768485300747437 × 10^293)  
Most complex input bit: iv_505 (1.165843566546856 × 10^295)

Least complex output bit: aaa_76_29 (7.698309456307884 × 10^270)  
Most complex output bit: ov_001 (6.258979509934738 × 10^294)

Least complex input/output complexity: iv_498/aaa_76_29 (9.464800726662693 × 10^268)  
Most complex input/output complexity: iv_505/ov_001 (1.8813927750237844 × 10^294)

## Input Bits

### Input Bits in Regular Order

| Input Bit | Complexity | Occurrences | Output Occurrences |
|:---------:|:----------:|:-----------:|:------------------:|
| iv_497 | 6.074900923690974 × 10^294 | 4073 | 78 |
| iv_498 | 4.768485300747437 × 10^293 | 3894 | 88 |
| iv_499 | 8.385083044681289 × 10^293 | 3880 | 81 |
| iv_501 | 2.3000450484314623 × 10^294 | 4002 | 82 |
| iv_502 | 3.6941289248979265 × 10^294 | 3834 | 82 |
| iv_504 | 9.052857183172636 × 10^294 | 3874 | 78 |
| iv_505 | 1.165843566546856 × 10^295 | 3912 | 82 |
| iv_506 | 2.1625400538092994 × 10^294 | 4043 | 93 |
| iv_507 | 2.5267838241093183 × 10^294 | 4092 | 81 |

### Input Bits Sorted by Complexity

| Input Bit | Complexity | Occurrences | Output Occurrences |
|:---------:|:----------:|:-----------:|:------------------:|
| iv_498 | 4.768485300747437 × 10^293 | 3894 | 88 |
| iv_499 | 8.385083044681289 × 10^293 | 3880 | 81 |
| iv_506 | 2.1625400538092994 × 10^294 | 4043 | 93 |
| iv_501 | 2.3000450484314623 × 10^294 | 4002 | 82 |
| iv_507 | 2.5267838241093183 × 10^294 | 4092 | 81 |
| iv_502 | 3.6941289248979265 × 10^294 | 3834 | 82 |
| iv_497 | 6.074900923690974 × 10^294 | 4073 | 78 |
| iv_504 | 9.052857183172636 × 10^294 | 3874 | 78 |
| iv_505 | 1.165843566546856 × 10^295 | 3912 | 82 |

### Input Bits Sorted by Occurrences

| Input Bit | Complexity | Occurrences | Output Occurrences |
|:---------:|:----------:|:-----------:|:------------------:|
| iv_502 | 3.6941289248979265 × 10^294 | 3834 | 82 |
| iv_504 | 9.052857183172636 × 10^294 | 3874 | 78 |
| iv_499 | 8.385083044681289 × 10^293 | 3880 | 81 |
| iv_498 | 4.768485300747437 × 10^293 | 3894 | 88 |
| iv_505 | 1.165843566546856 × 10^295 | 3912 | 82 |
| iv_501 | 2.3000450484314623 × 10^294 | 4002 | 82 |
| iv_506 | 2.1625400538092994 × 10^294 | 4043 | 93 |
| iv_497 | 6.074900923690974 × 10^294 | 4073 | 78 |
| iv_507 | 2.5267838241093183 × 10^294 | 4092 | 81 |

### Input Bits Sorted by Output Occurrences

| Input Bit | Complexity | Occurrences | Output Occurrences |
|:---------:|:----------:|:-----------:|:------------------:|
| iv_504 | 9.052857183172636 × 10^294 | 3874 | 78 |
| iv_497 | 6.074900923690974 × 10^294 | 4073 | 78 |
| iv_499 | 8.385083044681289 × 10^293 | 3880 | 81 |
| iv_507 | 2.5267838241093183 × 10^294 | 4092 | 81 |
| iv_502 | 3.6941289248979265 × 10^294 | 3834 | 82 |
| iv_501 | 2.3000450484314623 × 10^294 | 4002 | 82 |
| iv_505 | 1.165843566546856 × 10^295 | 3912 | 82 |
| iv_498 | 4.768485300747437 × 10^293 | 3894 | 88 |
| iv_506 | 2.1625400538092994 × 10^294 | 4043 | 93 |

## Input Bit Co-occurrences

### Input Bit Co-occurrences Sorted by Co-occurrences

| Input Bits | Co-occurrences | Potential Occurrences | Output Co-occurrences | Potential Output Occurrences |
|:----------:|:--------------:|:---------------------:|:---------------------:|:----------------------------:|
| iv_506-iv_507 | 1938 | 4259 | 52 | 70 |
| iv_501-iv_507 | 1925 | 4244 | 38 | 87 |
| iv_501-iv_504 | 1895 | 4086 | 40 | 80 |
| iv_505-iv_506 | 1883 | 4189 | 45 | 85 |
| iv_504-iv_507 | 1881 | 4204 | 41 | 77 |
| iv_499-iv_507 | 1881 | 4210 | 42 | 78 |
| iv_504-iv_506 | 1877 | 4163 | 45 | 81 |
| iv_498-iv_506 | 1874 | 4189 | 54 | 73 |
| iv_498-iv_507 | 1871 | 4244 | 54 | 61 |

### Input Bit Co-occurrences Sorted by Potential Occurrences

| Input Bits | Co-occurrences | Potential Occurrences | Output Co-occurrences | Potential Output Occurrences |
|:----------:|:--------------:|:---------------------:|:---------------------:|:----------------------------:|
| iv_501-iv_504 | 1895 | 4086 | 40 | 80 |
| iv_499-iv_505 | 1848 | 4096 | 37 | 89 |
| iv_499-iv_504 | 1826 | 4102 | 38 | 83 |
| iv_504-iv_505 | 1819 | 4148 | 36 | 88 |
| iv_502-iv_506 | 1862 | 4153 | 51 | 73 |
| iv_498-iv_504 | 1806 | 4156 | 46 | 74 |
| iv_504-iv_506 | 1877 | 4163 | 45 | 81 |
| iv_502-iv_504 | 1767 | 4174 | 42 | 76 |
| iv_505-iv_506 | 1883 | 4189 | 45 | 85 |

### Input Bit Output Co-occurrences Sorted by Output Co-occurrences

| Input Bits | Co-occurrences | Potential Occurrences | Output Co-occurrences | Potential Output Occurrences |
|:----------:|:--------------:|:---------------------:|:---------------------:|:----------------------------:|
| iv_498-iv_506 | 1874 | 4189 | 54 | 73 |
| iv_498-iv_507 | 1871 | 4244 | 54 | 61 |
| iv_506-iv_507 | 1938 | 4259 | 52 | 70 |
| iv_502-iv_506 | 1862 | 4153 | 51 | 73 |
| iv_499-iv_506 | 1829 | 4265 | 49 | 76 |
| iv_498-iv_499 | 1791 | 4192 | 48 | 73 |
| iv_498-iv_501 | 1833 | 4230 | 46 | 78 |
| iv_498-iv_502 | 1734 | 4260 | 46 | 78 |
| iv_498-iv_504 | 1806 | 4156 | 46 | 74 |

### Input Bit Output Co-occurrences Sorted by Potential Output Occurrences

| Input Bits | Co-occurrences | Potential Occurrences | Output Co-occurrences | Potential Output Occurrences |
|:----------:|:--------------:|:---------------------:|:---------------------:|:----------------------------:|
| iv_498-iv_507 | 1871 | 4244 | 54 | 61 |
| iv_497-iv_502 | 1799 | 4309 | 46 | 68 |
| iv_506-iv_507 | 1938 | 4259 | 52 | 70 |
| iv_498-iv_499 | 1791 | 4192 | 48 | 73 |
| iv_498-iv_506 | 1874 | 4189 | 54 | 73 |
| iv_502-iv_506 | 1862 | 4153 | 51 | 73 |
| iv_498-iv_504 | 1806 | 4156 | 46 | 74 |
| iv_497-iv_504 | 1787 | 4373 | 41 | 74 |
| iv_497-iv_507 | 1857 | 4451 | 42 | 75 |

## Output Bits

### Output Bits in Regular Order

| Rank | Output Bit | Complexity |
|:----:|:----------:|:----------:|
| 1 | ov_001 | 6.258979509934738 × 10^294 |
| 2 | ov_002 | 5.419713336170204 × 10^294 |
| 3 | ov_003 | 4.6687498049275465 × 10^294 |
| 4 | ov_004 | 3.999345882815535 × 10^294 |
| 5 | ov_005 | 3.40512736395955 × 10^294 |
| 6 | ov_006 | 2.8800624936801412 × 10^294 |
| 7 | ov_007 | 2.4184389912730296 × 10^294 |
| 8 | ov_008 | 2.0148442602559956 × 10^294 |
| 9 | ov_009 | 1.664148523097298 × 10^294 |
| 10 | ov_010 | 1.3614905691420917 × 10^294 |
| 11 | ov_011 | 1.1022658182806092 × 10^294 |
| 12 | ov_012 | 8.821164557555684 × 10^293 |
| 13 | ov_013 | 6.969234111376734 × 10^293 |
| 14 | ov_014 | 5.4279993698221995 × 10^293 |
| 15 | ov_015 | 4.160865424269577 × 10^293 |
| 16 | ov_016 | 3.1334705404957414 × 10^293 |
| 17 | ov_017 | 2.313655932596915 × 10^293 |
| 18 | ov_018 | 1.6714427638287806 × 10^293 |
| 19 | ov_019 | 1.1790146938906131 × 10^293 |
| 20 | ov_020 | 8.10704718592534 × 10^292 |
| 21 | ov_021 | 5.429854426141534 × 10^292 |
| 22 | ov_022 | 3.544621099860373 × 10^292 |
| 23 | ov_023 | 2.25867800660426 × 10^292 |
| 24 | ov_024 | 1.400602852385533 × 10^292 |
| 25 | ov_025 | 8.202011360575142 × 10^291 |
| 26 | ov_026 | 4.476808177404045 × 10^291 |
| 27 | ov_027 | 2.23856877381674 × 10^291 |
| 28 | ov_028 | 1.001499422346594 × 10^291 |
| 29 | ov_029 | 3.858583460689502 × 10^290 |
| 30 | ov_030 | 1.179545271879733 × 10^290 |
| 31 | ov_031 | 2.300769473402025 × 10^289 |
| 32 | lv_80_m31 | 4.4872532309748594 × 10^288 |
| 33 | ov_033 | 5.396045813986658 × 10^289 |
| 34 | ov_034 | 4.682071310593565 × 10^289 |
| 35 | ov_035 | 4.0439175585276755 × 10^289 |
| 36 | ov_036 | 3.4750154580008095 × 10^289 |
| 37 | ov_037 | 2.9691472771515945 × 10^289 |
| 38 | ov_038 | 2.5204219540126107 × 10^289 |
| 39 | ov_039 | 2.1232538309714573 × 10^289 |
| 40 | ov_040 | 1.7723444792426573 × 10^289 |
| 41 | ov_041 | 1.4651144024578422 × 10^289 |
| 42 | ov_042 | 1.1991164899257376 × 10^289 |
| 43 | ov_043 | 9.720301265582045 × 10^288 |
| 44 | ov_044 | 7.795749978601142 × 10^288 |
| 45 | ov_045 | 6.177029094257846 × 10^288 |
| 46 | ov_046 | 4.8259206063890795 × 10^288 |
| 47 | ov_047 | 3.723875169110635 × 10^288 |
| 48 | ov_048 | 2.8370778947763206 × 10^288 |
| 49 | ov_049 | 2.1338717697519314 × 10^288 |
| 50 | ov_050 | 1.5847380826608132 × 10^288 |
| 51 | ov_051 | 1.1622820575545078 × 10^288 |
| 52 | ov_052 | 8.412223702747242 × 10^287 |
| 53 | ov_053 | 5.983835691497505 × 10^287 |
| 54 | ov_054 | 4.126907361866919 × 10^287 |
| 55 | ov_055 | 2.7413100130558826 × 10^287 |
| 56 | ov_056 | 1.7373923817366098 × 10^287 |
| 57 | ov_057 | 1.0359717119489353 × 10^287 |
| 58 | ov_058 | 5.683285668888662 × 10^286 |
| 59 | ov_059 | 2.762040732203327 × 10^286 |
| 60 | ov_060 | 1.1179864226968582 × 10^286 |
| 61 | ov_061 | 3.777149852194429 × 10^285 |
| 62 | ov_062 | 1.0106842050887918 × 10^285 |
| 63 | ov_063 | 2.2329369828541466 × 10^284 |
| 64 | lv_79_m31 | 4.345763190926962 × 10^283 |
| 65 | ov_065 | 5.142297104094745 × 10^284 |
| 66 | ov_066 | 5.142280124737205 × 10^284 |
| 67 | ov_067 | 5.1422759688284565 × 10^284 |
| 68 | ov_068 | 4.43198803348908 × 10^284 |
| 69 | ov_069 | 3.7998829283072555 × 10^284 |
| 70 | ov_070 | 3.239531294946761 × 10^284 |
| 71 | ov_071 | 2.744899590018935 × 10^284 |
| 72 | ov_072 | 2.310323270383602 × 10^284 |
| 73 | ov_073 | 1.9304823445299496 × 10^284 |
| 74 | ov_074 | 1.6003791662247483 × 10^284 |
| 75 | ov_075 | 1.3153183511533252 × 10^284 |
| 76 | ov_076 | 1.0708887009687382 × 10^284 |
| 77 | ov_077 | 8.629470221220272 × 10^283 |
| 78 | ov_078 | 6.876037291789223 × 10^283 |
| 79 | ov_079 | 5.412101241363378 × 10^283 |
| 80 | ov_080 | 4.2034724462828473 × 10^283 |
| 81 | ov_081 | 3.218161749409887 × 10^283 |
| 82 | ov_082 | 2.426297145182053 × 10^283 |
| 83 | ov_083 | 1.8000529919558224 × 10^283 |
| 84 | ov_084 | 1.3135907080752279 × 10^283 |
| 85 | ov_085 | 9.430099109724597 × 10^282 |
| 86 | ov_086 | 6.663089605768781 × 10^282 |
| 87 | ov_087 | 4.6335386959979487 × 10^282 |
| 88 | ov_088 | 3.158545440618146 × 10^282 |
| 89 | ov_089 | 2.0734731788893477 × 10^282 |
| 90 | ov_090 | 1.3005514284892617 × 10^282 |
| 91 | ov_091 | 7.710562173561564 × 10^281 |
| 92 | ov_092 | 4.2527942002541616 × 10^281 |
| 93 | ov_093 | 2.1251152498422524 × 10^281 |
| 94 | ov_094 | 9.103316963667819 × 10^280 |
| 95 | aaa_78_28 | 2.8111685566252435 × 10^280 |
| 96 | aaa_78_29 | 8.633936853316256 × 10^279 |
| 97 | ov_097 | 5.703271230947682 × 10^279 |
| 98 | ov_098 | 5.703101132571479 × 10^279 |
| 99 | ov_099 | 5.703046862069644 × 10^279 |
| 100 | ov_100 | 5.1327535197713463 × 10^279 |
| 101 | ov_101 | 4.604394496052047 × 10^279 |
| 102 | ov_102 | 4.1156900525829777 × 10^279 |
| 103 | ov_103 | 3.664526924531276 × 10^279 |
| 104 | ov_104 | 3.2489360492061153 × 10^279 |
| 105 | ov_105 | 2.8670723725822095 × 10^279 |
| 106 | ov_106 | 2.5171966290935274 × 10^279 |
| 107 | ov_107 | 2.197658993419029 × 10^279 |
| 108 | ov_108 | 1.9068845055685255 × 10^279 |
| 109 | ov_109 | 1.6433601725381715 × 10^279 |
| 110 | ov_110 | 1.4056236512454044 × 10^279 |
| 111 | ov_111 | 1.1922534184722233 × 10^279 |
| 112 | ov_112 | 1.0018603342357848 × 10^279 |
| 113 | ov_113 | 8.330805054514315 × 10^278 |
| 114 | ov_114 | 6.845693570321466 × 10^278 |
| 115 | ov_115 | 5.549968177444539 × 10^278 |
| 116 | ov_116 | 4.430435282593368 × 10^278 |
| 117 | ov_117 | 3.473979789222196 × 10^278 |
| 118 | ov_118 | 2.6675439748557987 × 10^278 |
| 119 | ov_119 | 1.998111312895104 × 10^278 |
| 120 | ov_120 | 1.4526937882739972 × 10^278 |
| 121 | ov_121 | 1.0183222453140035 × 10^278 |
| 122 | ov_122 | 6.820393061878085 × 10^277 |
| 123 | ov_123 | 4.308943984265638 × 10^277 |
| 124 | ov_124 | 2.5194042990517423 × 10^277 |
| 125 | ov_125 | 1.3223176154084068 × 10^277 |
| 126 | ov_126 | 5.882321326657223 × 10^276 |
| 127 | aaa_77_28 | 1.8769716739035756 × 10^276 |
| 128 | aaa_77_29 | 7.028907844439713 × 10^275 |
| 129 | ov_129 | 6.428506320902315 × 10^275 |
| 130 | ov_130 | 6.4284913517755 × 10^275 |
| 131 | ov_131 | 6.428486592597251 × 10^275 |
| 132 | ov_132 | 5.554714721954397 × 10^275 |
| 133 | ov_133 | 4.773962173434658 × 10^275 |
| 134 | ov_134 | 4.079153066148984 × 10^275 |
| 135 | ov_135 | 3.463579340952808 × 10^275 |
| 136 | ov_136 | 2.9208743225574447 × 10^275 |
| 137 | ov_137 | 2.444990250225331 × 10^275 |
| 138 | ov_138 | 2.0301793756130655 × 10^275 |
| 139 | ov_139 | 1.6709782463315956 × 10^275 |
| 140 | ov_140 | 1.362194813316899 × 10^275 |
| 141 | ov_141 | 1.0988980192749605 × 10^275 |
| 142 | ov_142 | 8.76409544386375 × 10^274 |
| 143 | ov_143 | 6.90297404208309 × 10^274 |
| 144 | ov_144 | 5.363711133521837 × 10^274 |
| 145 | ov_145 | 4.106781470825603 × 10^274 |
| 146 | ov_146 | 3.095014514994153 × 10^274 |
| 147 | ov_147 | 2.293577714454593 × 10^274 |
| 148 | ov_148 | 1.6699658373014086 × 10^274 |
| 149 | ov_149 | 1.1939944168900786 × 10^274 |
| 150 | ov_150 | 8.377956418100274 × 10^273 |
| 151 | ov_151 | 5.758155292106064 × 10^273 |
| 152 | ov_152 | 3.848118328562939 × 10^273 |
| 153 | ov_153 | 2.438525072403773 × 10^273 |
| 154 | ov_154 | 1.430489196869143 × 10^273 |
| 155 | ov_155 | 7.366678342864972 × 10^272 |
| 156 | aaa_76_25 | 2.812590403168547 × 10^272 |
| 157 | aaa_76_26 | 1.5983341485769055 × 10^272 |
| 158 | aaa_76_27 | 7.959367542860346 × 10^271 |
| 159 | aaa_76_28 | 2.9001645169176667 × 10^271 |
| 160 | aaa_76_29 | 7.698309456307884 × 10^270 |

### Output Bits Sorted by Complexity

| Rank | Output Bit | Complexity |
|:----:|:----------:|:----------:|
| 160 | aaa_76_29 | 7.698309456307884 × 10^270 |
| 159 | aaa_76_28 | 2.9001645169176667 × 10^271 |
| 158 | aaa_76_27 | 7.959367542860346 × 10^271 |
| 157 | aaa_76_26 | 1.5983341485769055 × 10^272 |
| 156 | aaa_76_25 | 2.812590403168547 × 10^272 |
| 155 | ov_155 | 7.366678342864972 × 10^272 |
| 154 | ov_154 | 1.430489196869143 × 10^273 |
| 153 | ov_153 | 2.438525072403773 × 10^273 |
| 152 | ov_152 | 3.848118328562939 × 10^273 |
| 151 | ov_151 | 5.758155292106064 × 10^273 |
| 150 | ov_150 | 8.377956418100274 × 10^273 |
| 149 | ov_149 | 1.1939944168900786 × 10^274 |
| 148 | ov_148 | 1.6699658373014086 × 10^274 |
| 147 | ov_147 | 2.293577714454593 × 10^274 |
| 146 | ov_146 | 3.095014514994153 × 10^274 |
| 145 | ov_145 | 4.106781470825603 × 10^274 |
| 144 | ov_144 | 5.363711133521837 × 10^274 |
| 143 | ov_143 | 6.90297404208309 × 10^274 |
| 142 | ov_142 | 8.76409544386375 × 10^274 |
| 141 | ov_141 | 1.0988980192749605 × 10^275 |
| 140 | ov_140 | 1.362194813316899 × 10^275 |
| 139 | ov_139 | 1.6709782463315956 × 10^275 |
| 138 | ov_138 | 2.0301793756130655 × 10^275 |
| 137 | ov_137 | 2.444990250225331 × 10^275 |
| 136 | ov_136 | 2.9208743225574447 × 10^275 |
| 135 | ov_135 | 3.463579340952808 × 10^275 |
| 134 | ov_134 | 4.079153066148984 × 10^275 |
| 133 | ov_133 | 4.773962173434658 × 10^275 |
| 132 | ov_132 | 5.554714721954397 × 10^275 |
| 131 | ov_131 | 6.428486592597251 × 10^275 |
| 130 | ov_130 | 6.4284913517755 × 10^275 |
| 129 | ov_129 | 6.428506320902315 × 10^275 |
| 128 | aaa_77_29 | 7.028907844439713 × 10^275 |
| 127 | aaa_77_28 | 1.8769716739035756 × 10^276 |
| 126 | ov_126 | 5.882321326657223 × 10^276 |
| 125 | ov_125 | 1.3223176154084068 × 10^277 |
| 124 | ov_124 | 2.5194042990517423 × 10^277 |
| 123 | ov_123 | 4.308943984265638 × 10^277 |
| 122 | ov_122 | 6.820393061878085 × 10^277 |
| 121 | ov_121 | 1.0183222453140035 × 10^278 |
| 120 | ov_120 | 1.4526937882739972 × 10^278 |
| 119 | ov_119 | 1.998111312895104 × 10^278 |
| 118 | ov_118 | 2.6675439748557987 × 10^278 |
| 117 | ov_117 | 3.473979789222196 × 10^278 |
| 116 | ov_116 | 4.430435282593368 × 10^278 |
| 115 | ov_115 | 5.549968177444539 × 10^278 |
| 114 | ov_114 | 6.845693570321466 × 10^278 |
| 113 | ov_113 | 8.330805054514315 × 10^278 |
| 112 | ov_112 | 1.0018603342357848 × 10^279 |
| 111 | ov_111 | 1.1922534184722233 × 10^279 |
| 110 | ov_110 | 1.4056236512454044 × 10^279 |
| 109 | ov_109 | 1.6433601725381715 × 10^279 |
| 108 | ov_108 | 1.9068845055685255 × 10^279 |
| 107 | ov_107 | 2.197658993419029 × 10^279 |
| 106 | ov_106 | 2.5171966290935274 × 10^279 |
| 105 | ov_105 | 2.8670723725822095 × 10^279 |
| 104 | ov_104 | 3.2489360492061153 × 10^279 |
| 103 | ov_103 | 3.664526924531276 × 10^279 |
| 102 | ov_102 | 4.1156900525829777 × 10^279 |
| 101 | ov_101 | 4.604394496052047 × 10^279 |
| 100 | ov_100 | 5.1327535197713463 × 10^279 |
| 99 | ov_099 | 5.703046862069644 × 10^279 |
| 98 | ov_098 | 5.703101132571479 × 10^279 |
| 97 | ov_097 | 5.703271230947682 × 10^279 |
| 96 | aaa_78_29 | 8.633936853316256 × 10^279 |
| 95 | aaa_78_28 | 2.8111685566252435 × 10^280 |
| 94 | ov_094 | 9.103316963667819 × 10^280 |
| 93 | ov_093 | 2.1251152498422524 × 10^281 |
| 92 | ov_092 | 4.2527942002541616 × 10^281 |
| 91 | ov_091 | 7.710562173561564 × 10^281 |
| 90 | ov_090 | 1.3005514284892617 × 10^282 |
| 89 | ov_089 | 2.0734731788893477 × 10^282 |
| 88 | ov_088 | 3.158545440618146 × 10^282 |
| 87 | ov_087 | 4.6335386959979487 × 10^282 |
| 86 | ov_086 | 6.663089605768781 × 10^282 |
| 85 | ov_085 | 9.430099109724597 × 10^282 |
| 84 | ov_084 | 1.3135907080752279 × 10^283 |
| 83 | ov_083 | 1.8000529919558224 × 10^283 |
| 82 | ov_082 | 2.426297145182053 × 10^283 |
| 81 | ov_081 | 3.218161749409887 × 10^283 |
| 80 | ov_080 | 4.2034724462828473 × 10^283 |
| 64 | lv_79_m31 | 4.345763190926962 × 10^283 |
| 79 | ov_079 | 5.412101241363378 × 10^283 |
| 78 | ov_078 | 6.876037291789223 × 10^283 |
| 77 | ov_077 | 8.629470221220272 × 10^283 |
| 76 | ov_076 | 1.0708887009687382 × 10^284 |
| 75 | ov_075 | 1.3153183511533252 × 10^284 |
| 74 | ov_074 | 1.6003791662247483 × 10^284 |
| 73 | ov_073 | 1.9304823445299496 × 10^284 |
| 63 | ov_063 | 2.2329369828541466 × 10^284 |
| 72 | ov_072 | 2.310323270383602 × 10^284 |
| 71 | ov_071 | 2.744899590018935 × 10^284 |
| 70 | ov_070 | 3.239531294946761 × 10^284 |
| 69 | ov_069 | 3.7998829283072555 × 10^284 |
| 68 | ov_068 | 4.43198803348908 × 10^284 |
| 67 | ov_067 | 5.1422759688284565 × 10^284 |
| 66 | ov_066 | 5.142280124737205 × 10^284 |
| 65 | ov_065 | 5.142297104094745 × 10^284 |
| 62 | ov_062 | 1.0106842050887918 × 10^285 |
| 61 | ov_061 | 3.777149852194429 × 10^285 |
| 60 | ov_060 | 1.1179864226968582 × 10^286 |
| 59 | ov_059 | 2.762040732203327 × 10^286 |
| 58 | ov_058 | 5.683285668888662 × 10^286 |
| 57 | ov_057 | 1.0359717119489353 × 10^287 |
| 56 | ov_056 | 1.7373923817366098 × 10^287 |
| 55 | ov_055 | 2.7413100130558826 × 10^287 |
| 54 | ov_054 | 4.126907361866919 × 10^287 |
| 53 | ov_053 | 5.983835691497505 × 10^287 |
| 52 | ov_052 | 8.412223702747242 × 10^287 |
| 51 | ov_051 | 1.1622820575545078 × 10^288 |
| 50 | ov_050 | 1.5847380826608132 × 10^288 |
| 49 | ov_049 | 2.1338717697519314 × 10^288 |
| 48 | ov_048 | 2.8370778947763206 × 10^288 |
| 47 | ov_047 | 3.723875169110635 × 10^288 |
| 32 | lv_80_m31 | 4.4872532309748594 × 10^288 |
| 46 | ov_046 | 4.8259206063890795 × 10^288 |
| 45 | ov_045 | 6.177029094257846 × 10^288 |
| 44 | ov_044 | 7.795749978601142 × 10^288 |
| 43 | ov_043 | 9.720301265582045 × 10^288 |
| 42 | ov_042 | 1.1991164899257376 × 10^289 |
| 41 | ov_041 | 1.4651144024578422 × 10^289 |
| 40 | ov_040 | 1.7723444792426573 × 10^289 |
| 39 | ov_039 | 2.1232538309714573 × 10^289 |
| 31 | ov_031 | 2.300769473402025 × 10^289 |
| 38 | ov_038 | 2.5204219540126107 × 10^289 |
| 37 | ov_037 | 2.9691472771515945 × 10^289 |
| 36 | ov_036 | 3.4750154580008095 × 10^289 |
| 35 | ov_035 | 4.0439175585276755 × 10^289 |
| 34 | ov_034 | 4.682071310593565 × 10^289 |
| 33 | ov_033 | 5.396045813986658 × 10^289 |
| 30 | ov_030 | 1.179545271879733 × 10^290 |
| 29 | ov_029 | 3.858583460689502 × 10^290 |
| 28 | ov_028 | 1.001499422346594 × 10^291 |
| 27 | ov_027 | 2.23856877381674 × 10^291 |
| 26 | ov_026 | 4.476808177404045 × 10^291 |
| 25 | ov_025 | 8.202011360575142 × 10^291 |
| 24 | ov_024 | 1.400602852385533 × 10^292 |
| 23 | ov_023 | 2.25867800660426 × 10^292 |
| 22 | ov_022 | 3.544621099860373 × 10^292 |
| 21 | ov_021 | 5.429854426141534 × 10^292 |
| 20 | ov_020 | 8.10704718592534 × 10^292 |
| 19 | ov_019 | 1.1790146938906131 × 10^293 |
| 18 | ov_018 | 1.6714427638287806 × 10^293 |
| 17 | ov_017 | 2.313655932596915 × 10^293 |
| 16 | ov_016 | 3.1334705404957414 × 10^293 |
| 15 | ov_015 | 4.160865424269577 × 10^293 |
| 14 | ov_014 | 5.4279993698221995 × 10^293 |
| 13 | ov_013 | 6.969234111376734 × 10^293 |
| 12 | ov_012 | 8.821164557555684 × 10^293 |
| 11 | ov_011 | 1.1022658182806092 × 10^294 |
| 10 | ov_010 | 1.3614905691420917 × 10^294 |
| 9 | ov_009 | 1.664148523097298 × 10^294 |
| 8 | ov_008 | 2.0148442602559956 × 10^294 |
| 7 | ov_007 | 2.4184389912730296 × 10^294 |
| 6 | ov_006 | 2.8800624936801412 × 10^294 |
| 5 | ov_005 | 3.40512736395955 × 10^294 |
| 4 | ov_004 | 3.999345882815535 × 10^294 |
| 3 | ov_003 | 4.6687498049275465 × 10^294 |
| 2 | ov_002 | 5.419713336170204 × 10^294 |
| 1 | ov_001 | 6.258979509934738 × 10^294 |

