# Results for F001-F002-F003-F004-F005-F006-F007-F008-F009-F010-F011-F012-F013-F014-F015-F016-F017-F018-F019-F020-F021-F022-F023-F024-F025-F026-F027-F028-F029-F030-F031-F032-F033-F034-F035-F036-F037-F038-F039-F040-F041-F042-F043-F044-F045-F046-F047-F048-F049-F050-F051-F052-F053-F054-F055-F056-F057-F058-F059-F060-F061-F062-F063-F064-F065-F066-F067-F068-F069-F070-F071-F072-F073-F074-F075-F076-F077-F078-F079-F080-F081-F082-F083-F084-F085-F086-F087-F088-F089-F090-F091-F092-F093-F094-F095-F096-F097-F098-F099-F100-F101-F102-F103-F104-F105-F106-F107-F108-F109-F110-F111-F112-F113-F114-F115-F116-F117-F118-F119-F120-F121-F122-F123-F124-F125-F126-F127-F128-F129-F130-F131-F132-F133-F134-F135-F136-F137-F138-F139-F140-F141-F142-F143-F144-F145-F146-F147-F148-F149-F150-F151-F152-F153-F154-F155-F156-F157-F158-F159-F160-F161-F162-F163-F164-F165-F166-F167-F168-F169-F170-F171-F172-F173-F174-F175-F176-F177-F178-F179-F180-F181-F182-F183-F184-F185-F186-F187-F188-F189-F190-F191-F192-F193-F194-F195-F196-F197-F198-F199-F200-F201-F202-F203-F204-F205-F206-F207-F208-F209-F210-F211-F212-F213-F214-F215-F216-F217-F218-F219-F220-F221-F222-F223-F224-F225-F226-F227-F228-F229-F230-F231-F232-F233-F234-F235-F236-F237-F238-F239-F240-F241-F242-F243-F244-F245-F246-F247-F248-F249-F250-F251-F252-F253-F254-F255-F256-F257-F258-F259-F260-F261-F262-F263-F264-F265-F266-F267-F268-F269-F270-F271-F272-F273-F274-F275-F276-F277-F278-F279-F280-F281-F282-F283-F284-F285-F286-F287-F288-F289-F290-F291-F292-F293-F294-F295-F296-F297-F298-F299-F300-F301-F302-F303-F304-F305-F306-F307-F308-F309-F310-F311-F312-F313-F314-F315-F316-F317-F318-F319-F320-F321-F322-F323-F324-F325-F326-F327-F328-F329-F330-F331-F332-F333-F334-F335-F336-F337-F338-F339-F340-F341-F342-F343-F344-F345-F346-F347-F348-F349-F350-F351-F352-F353-F354-F355-F356-F357-F358-F359-F360-F361-F362-F363-F364-F365-F366-F367-F368-F369-F370-F371-F372-F373-F374-F375-F376-F377-F378-F379-F380-F381-F382-F383-F384-F385-F386-F387-F388-F389-F390-F391-F392-F393-F394-F395-F396-F397-F398-F399-F400-F401-F402-F403-F404-F405-F406-F407-F408-F409-F410-F411-F412-F413-F414-F415-F416-F417-F418-F419-F420-F421-F422-F423-F424-F425-F426-F427-F428-F429-F430-F431-F432-F433-F434-F435-F436-F437-F438-F439-F440-F441-F442-F443-F444-F445-F446-F447-F448-F449-F450-F451-F452-F453-F454-F455-F456-F457-F458-F459-F460-F461-F462-F463-F464-F465-F466-F467-F468-F469-F470-F471-F472-F473-F474-F475-F476-F477-F478-F479-F480-F481-F482-F483-F484-F485-F486-F487-F488-F489-F490-F491-F492-F493-F494-F495-F496-O497503-F500-F508-F509-F510-F511-F512

## Summary

Number of input bits: 512  
Number of free input bits: 9  
Number of output bits: 160

Number of direct occurrences: 35670  
Number of assignments: 30703  
Number of operations: 10692480
(xor: 10664736,
and: 14619,
or: 13125)

Total complexity: 6.617013204146016 × 10^295

Least occurring input variable: iv_502 (3850)  
Most occurring input variable: iv_507 (4100)

Most co-occurring input variables: iv_501-iv_507 (1928)  
Least co-occurring input variables: iv_498-iv_502 (1734)

Potentially most occurring input variable: iv_497/iv_506 (4470)  
Potentially least occurring input variable: iv_501/iv_504 (4099)

Least output occurring input variable: iv_497 (76)  
Most output occurring input variable: iv_498 (88)

Most output co-occurring input variables: iv_498-iv_507 (54)  
Least output co-occurring input variables: iv_505-iv_507 (34)

Potentially most output occurring input variable: iv_505/iv_507 (95)  
Potentially least output occurring input variable: iv_498/iv_507 (61)

Least complex input bit: iv_498 (8.135385013864412 × 10^293)  
Most complex input bit: iv_505 (1.989014473486767 × 10^295)

Least complex output bit: aaa_76_29 (7.698309456307885 × 10^270)  
Most complex output bit: ov_001 (1.0678288735670588 × 10^295)

Least complex input/output complexity: iv_498/aaa_76_29 (9.464800726662693 × 10^268)  
Most complex input/output complexity: iv_505/ov_001 (3.209797259284841 × 10^294)

## Input Bits

### Input Bits in Regular Order

| Input Bit | Complexity | Occurrences | Output Occurrences |
|:---------:|:----------:|:-----------:|:------------------:|
| iv_497 | 1.0364225706548826 × 10^295 | 4094 | 76 |
| iv_498 | 8.135385013864412 × 10^293 | 3902 | 88 |
| iv_499 | 1.43055655285372 × 10^294 | 3882 | 79 |
| iv_501 | 3.924045234089198 × 10^294 | 4010 | 82 |
| iv_502 | 6.30245438529233 × 10^294 | 3850 | 84 |
| iv_504 | 1.544483709514499 × 10^295 | 3881 | 78 |
| iv_505 | 1.989014473486767 × 10^295 | 3919 | 82 |
| iv_506 | 3.689451646812065 × 10^294 | 4032 | 87 |
| iv_507 | 4.310878184464973 × 10^294 | 4100 | 81 |

### Input Bits Sorted by Complexity

| Input Bit | Complexity | Occurrences | Output Occurrences |
|:---------:|:----------:|:-----------:|:------------------:|
| iv_498 | 8.135385013864412 × 10^293 | 3902 | 88 |
| iv_499 | 1.43055655285372 × 10^294 | 3882 | 79 |
| iv_506 | 3.689451646812065 × 10^294 | 4032 | 87 |
| iv_501 | 3.924045234089198 × 10^294 | 4010 | 82 |
| iv_507 | 4.310878184464973 × 10^294 | 4100 | 81 |
| iv_502 | 6.30245438529233 × 10^294 | 3850 | 84 |
| iv_497 | 1.0364225706548826 × 10^295 | 4094 | 76 |
| iv_504 | 1.544483709514499 × 10^295 | 3881 | 78 |
| iv_505 | 1.989014473486767 × 10^295 | 3919 | 82 |

### Input Bits Sorted by Occurrences

| Input Bit | Complexity | Occurrences | Output Occurrences |
|:---------:|:----------:|:-----------:|:------------------:|
| iv_502 | 6.30245438529233 × 10^294 | 3850 | 84 |
| iv_504 | 1.544483709514499 × 10^295 | 3881 | 78 |
| iv_499 | 1.43055655285372 × 10^294 | 3882 | 79 |
| iv_498 | 8.135385013864412 × 10^293 | 3902 | 88 |
| iv_505 | 1.989014473486767 × 10^295 | 3919 | 82 |
| iv_501 | 3.924045234089198 × 10^294 | 4010 | 82 |
| iv_506 | 3.689451646812065 × 10^294 | 4032 | 87 |
| iv_497 | 1.0364225706548826 × 10^295 | 4094 | 76 |
| iv_507 | 4.310878184464973 × 10^294 | 4100 | 81 |

### Input Bits Sorted by Output Occurrences

| Input Bit | Complexity | Occurrences | Output Occurrences |
|:---------:|:----------:|:-----------:|:------------------:|
| iv_497 | 1.0364225706548826 × 10^295 | 4094 | 76 |
| iv_504 | 1.544483709514499 × 10^295 | 3881 | 78 |
| iv_499 | 1.43055655285372 × 10^294 | 3882 | 79 |
| iv_507 | 4.310878184464973 × 10^294 | 4100 | 81 |
| iv_501 | 3.924045234089198 × 10^294 | 4010 | 82 |
| iv_505 | 1.989014473486767 × 10^295 | 3919 | 82 |
| iv_502 | 6.30245438529233 × 10^294 | 3850 | 84 |
| iv_506 | 3.689451646812065 × 10^294 | 4032 | 87 |
| iv_498 | 8.135385013864412 × 10^293 | 3902 | 88 |

## Input Bit Co-occurrences

### Input Bit Co-occurrences Sorted by Co-occurrences

| Input Bits | Co-occurrences | Potential Occurrences | Output Co-occurrences | Potential Output Occurrences |
|:----------:|:--------------:|:---------------------:|:---------------------:|:----------------------------:|
| iv_506-iv_507 | 1928 | 4276 | 47 | 74 |
| iv_501-iv_507 | 1928 | 4254 | 38 | 87 |
| iv_501-iv_504 | 1896 | 4099 | 40 | 80 |
| iv_505-iv_506 | 1883 | 4185 | 44 | 81 |
| iv_504-iv_507 | 1883 | 4215 | 41 | 77 |
| iv_499-iv_507 | 1879 | 4224 | 41 | 78 |
| iv_504-iv_506 | 1877 | 4159 | 44 | 77 |
| iv_498-iv_507 | 1875 | 4252 | 54 | 61 |
| iv_497-iv_501 | 1871 | 4362 | 41 | 76 |

### Input Bit Co-occurrences Sorted by Potential Occurrences

| Input Bits | Co-occurrences | Potential Occurrences | Output Co-occurrences | Potential Output Occurrences |
|:----------:|:--------------:|:---------------------:|:---------------------:|:----------------------------:|
| iv_501-iv_504 | 1896 | 4099 | 40 | 80 |
| iv_499-iv_505 | 1846 | 4109 | 36 | 89 |
| iv_499-iv_504 | 1826 | 4111 | 37 | 83 |
| iv_504-iv_505 | 1821 | 4158 | 36 | 88 |
| iv_504-iv_506 | 1877 | 4159 | 44 | 77 |
| iv_502-iv_506 | 1860 | 4162 | 49 | 73 |
| iv_498-iv_504 | 1807 | 4169 | 46 | 74 |
| iv_505-iv_506 | 1883 | 4185 | 44 | 81 |
| iv_502-iv_504 | 1772 | 4187 | 43 | 76 |

### Input Bit Output Co-occurrences Sorted by Output Co-occurrences

| Input Bits | Co-occurrences | Potential Occurrences | Output Co-occurrences | Potential Output Occurrences |
|:----------:|:--------------:|:---------------------:|:---------------------:|:----------------------------:|
| iv_498-iv_507 | 1875 | 4252 | 54 | 61 |
| iv_498-iv_506 | 1866 | 4202 | 51 | 73 |
| iv_502-iv_506 | 1860 | 4162 | 49 | 73 |
| iv_498-iv_499 | 1792 | 4200 | 47 | 73 |
| iv_506-iv_507 | 1928 | 4276 | 47 | 74 |
| iv_498-iv_501 | 1837 | 4238 | 46 | 78 |
| iv_498-iv_504 | 1807 | 4169 | 46 | 74 |
| iv_497-iv_502 | 1810 | 4324 | 46 | 68 |
| iv_498-iv_502 | 1734 | 4284 | 45 | 82 |

### Input Bit Output Co-occurrences Sorted by Potential Output Occurrences

| Input Bits | Co-occurrences | Potential Occurrences | Output Co-occurrences | Potential Output Occurrences |
|:----------:|:--------------:|:---------------------:|:---------------------:|:----------------------------:|
| iv_498-iv_507 | 1875 | 4252 | 54 | 61 |
| iv_497-iv_502 | 1810 | 4324 | 46 | 68 |
| iv_497-iv_504 | 1795 | 4385 | 42 | 70 |
| iv_498-iv_499 | 1792 | 4200 | 47 | 73 |
| iv_498-iv_506 | 1866 | 4202 | 51 | 73 |
| iv_502-iv_506 | 1860 | 4162 | 49 | 73 |
| iv_498-iv_504 | 1807 | 4169 | 46 | 74 |
| iv_506-iv_507 | 1928 | 4276 | 47 | 74 |
| iv_497-iv_507 | 1862 | 4470 | 41 | 75 |

## Output Bits

### Output Bits in Regular Order

| Rank | Output Bit | Complexity |
|:----:|:----------:|:----------:|
| 1 | ov_001 | 1.0678288735670588 × 10^295 |
| 2 | ov_002 | 9.246432042252831 × 10^294 |
| 3 | ov_003 | 7.965228559208331 × 10^294 |
| 4 | ov_004 | 6.823173612264871 × 10^294 |
| 5 | ov_005 | 5.809391863939272 × 10^294 |
| 6 | ov_006 | 4.913592305872275 × 10^294 |
| 7 | ov_007 | 4.126029049800499 × 10^294 |
| 8 | ov_008 | 3.437467556341602 × 10^294 |
| 9 | ov_009 | 2.839155853169873 × 10^294 |
| 10 | ov_010 | 2.322800211757367 × 10^294 |
| 11 | ov_011 | 1.880544775396752 × 10^294 |
| 12 | ov_012 | 1.5049547213240934 × 10^294 |
| 13 | ov_013 | 1.1890025697880271 × 10^294 |
| 14 | ov_014 | 9.260572229945584 × 10^293 |
| 15 | ov_015 | 7.098753163933653 × 10^293 |
| 16 | ov_016 | 5.345944938438031 × 10^293 |
| 17 | ov_017 | 3.947282471044216 × 10^293 |
| 18 | ov_018 | 2.8516198887543607 × 10^293 |
| 19 | ov_019 | 2.011500726249162 × 10^293 |
| 20 | ov_020 | 1.3831354518761687 × 10^293 |
| 21 | ov_021 | 9.263848548812074 × 10^292 |
| 22 | ov_022 | 6.047481412256351 × 10^292 |
| 23 | ov_023 | 3.8535472818993195 × 10^292 |
| 24 | ov_024 | 2.3895887077186013 × 10^292 |
| 25 | ov_025 | 1.3993639567077932 × 10^292 |
| 26 | ov_026 | 7.638031223331274 × 10^291 |
| 27 | ov_027 | 3.819324037739727 × 10^291 |
| 28 | ov_028 | 1.7087175933308248 × 10^291 |
| 29 | ov_029 | 6.58341330523151 × 10^290 |
| 30 | ov_030 | 2.012525093448396 × 10^290 |
| 31 | ov_031 | 3.925578305924702 × 10^289 |
| 32 | lv_80_m31 | 7.656229544553439 × 10^288 |
| 33 | ov_033 | 9.207339135854427 × 10^289 |
| 34 | ov_034 | 7.989342214295974 × 10^289 |
| 35 | ov_035 | 6.900646672799721 × 10^289 |
| 36 | ov_036 | 5.930054915254535 × 10^289 |
| 37 | ov_037 | 5.066968427341535 × 10^289 |
| 38 | ov_038 | 4.301345472835426 × 10^289 |
| 39 | ov_039 | 3.6236646712205057 × 10^289 |
| 40 | ov_040 | 3.0248938789324183 × 10^289 |
| 41 | ov_041 | 2.50063575751579 × 10^289 |
| 42 | ov_042 | 2.0467183780490501 × 10^289 |
| 43 | ov_043 | 1.6591851608336025 × 10^289 |
| 44 | ov_044 | 1.3307373417664876 × 10^289 |
| 45 | ov_045 | 1.0544713219687478 × 10^289 |
| 46 | ov_046 | 8.238689655823712 × 10^288 |
| 47 | ov_047 | 6.357665004322029 × 10^288 |
| 48 | ov_048 | 4.843956860426235 × 10^288 |
| 49 | ov_049 | 3.6435591637572876 × 10^288 |
| 50 | ov_050 | 2.7061097454104954 × 10^288 |
| 51 | ov_051 | 1.984866709207031 × 10^288 |
| 52 | ov_052 | 1.4366913617677264 × 10^288 |
| 53 | ov_053 | 1.0220360016408128 × 10^288 |
| 54 | ov_054 | 7.049354245016548 × 10^287 |
| 55 | ov_055 | 4.683017933498727 × 10^287 |
| 56 | ov_056 | 2.9683457845068497 × 10^287 |
| 57 | ov_057 | 1.7701920317228848 × 10^287 |
| 58 | ov_058 | 9.712627805080041 × 10^286 |
| 59 | ov_059 | 4.721120625553065 × 10^286 |
| 60 | ov_060 | 1.911400619366385 × 10^286 |
| 61 | ov_061 | 6.459248064072544 × 10^285 |
| 62 | ov_062 | 1.728765215852337 × 10^285 |
| 63 | ov_063 | 3.82027834157436 × 10^284 |
| 64 | lv_79_m31 | 7.436558578671642 × 10^283 |
| 65 | ov_065 | 8.773041934622776 × 10^284 |
| 66 | ov_066 | 8.773020288166888 × 10^284 |
| 67 | ov_067 | 8.773015205616653 × 10^284 |
| 68 | ov_068 | 7.56391130833767 × 10^284 |
| 69 | ov_069 | 6.486054398290179 × 10^284 |
| 70 | ov_070 | 5.529168625493177 × 10^284 |
| 71 | ov_071 | 4.6835137169430094 × 10^284 |
| 72 | ov_072 | 3.939857858533209 × 10^284 |
| 73 | ov_073 | 3.2894532464353743 × 10^284 |
| 74 | ov_074 | 2.7240138807473944 × 10^284 |
| 75 | ov_075 | 2.2356954821344173 × 10^284 |
| 76 | ov_076 | 1.817077415878026 × 10^284 |
| 77 | ov_077 | 1.4611465107064908 × 10^284 |
| 78 | ov_078 | 1.1612826621114772 × 10^284 |
| 79 | ov_079 | 9.112461116645368 × 10^283 |
| 80 | ov_080 | 7.051662952230249 × 10^283 |
| 81 | ov_081 | 5.375321539452142 × 10^283 |
| 82 | ov_082 | 4.0318380279561213 × 10^283 |
| 83 | ov_083 | 2.9730545177932244 × 10^283 |
| 84 | ov_084 | 2.1541947554890924 × 10^283 |
| 85 | ov_085 | 1.5338152731445622 × 10^283 |
| 86 | ov_086 | 1.073765931844687 × 10^283 |
| 87 | ov_087 | 7.391588319435148 × 10^282 |
| 88 | ov_088 | 4.983445535914285 × 10^282 |
| 89 | ov_089 | 3.2289469133124907 × 10^282 |
| 90 | ov_090 | 1.9939847386091925 × 10^282 |
| 91 | ov_091 | 1.1604707414796004 × 10^282 |
| 92 | ov_092 | 6.263054306312559 × 10^281 |
| 93 | ov_093 | 3.0536086115871732 × 10^281 |
| 94 | ov_094 | 1.2747216950867175 × 10^281 |
| 95 | aaa_78_28 | 3.8434118742406285 × 10^280 |
| 96 | aaa_78_29 | 1.138727123817057 × 10^280 |
| 97 | ov_097 | 7.523174521948016 × 10^279 |
| 98 | ov_098 | 7.523004423571813 × 10^279 |
| 99 | ov_099 | 7.52295015306998 × 10^279 |
| 100 | ov_100 | 6.254325734140854 × 10^279 |
| 101 | ov_101 | 5.236457021835529 × 10^279 |
| 102 | ov_102 | 4.427409697575005 × 10^279 |
| 103 | ov_103 | 3.787529181109051 × 10^279 |
| 104 | ov_104 | 3.2792741570202995 × 10^279 |
| 105 | ov_105 | 2.86707237258221 × 10^279 |
| 106 | ov_106 | 2.5171966290935277 × 10^279 |
| 107 | ov_107 | 2.197658993419029 × 10^279 |
| 108 | ov_108 | 1.9068845055685258 × 10^279 |
| 109 | ov_109 | 1.6433601725381715 × 10^279 |
| 110 | ov_110 | 1.4056236512454044 × 10^279 |
| 111 | ov_111 | 1.1922534184722234 × 10^279 |
| 112 | ov_112 | 1.0018603342357848 × 10^279 |
| 113 | ov_113 | 8.330805054514315 × 10^278 |
| 114 | ov_114 | 6.845693570321466 × 10^278 |
| 115 | ov_115 | 5.549968177444539 × 10^278 |
| 116 | ov_116 | 4.430435282593368 × 10^278 |
| 117 | ov_117 | 3.473979789222196 × 10^278 |
| 118 | ov_118 | 2.6675439748557987 × 10^278 |
| 119 | ov_119 | 1.9981113128951045 × 10^278 |
| 120 | ov_120 | 1.4526937882739974 × 10^278 |
| 121 | ov_121 | 1.0183222453140037 × 10^278 |
| 122 | ov_122 | 6.8203930618780855 × 10^277 |
| 123 | ov_123 | 4.3089439842656385 × 10^277 |
| 124 | ov_124 | 2.519404299051743 × 10^277 |
| 125 | ov_125 | 1.3223176154084068 × 10^277 |
| 126 | ov_126 | 5.882321326657223 × 10^276 |
| 127 | aaa_77_28 | 1.8769716739035756 × 10^276 |
| 128 | aaa_77_29 | 7.028907844439713 × 10^275 |
| 129 | ov_129 | 6.428506320902315 × 10^275 |
| 130 | ov_130 | 6.4284913517755 × 10^275 |
| 131 | ov_131 | 6.428486592597251 × 10^275 |
| 132 | ov_132 | 5.554714721954397 × 10^275 |
| 133 | ov_133 | 4.7739621734346586 × 10^275 |
| 134 | ov_134 | 4.079153066148984 × 10^275 |
| 135 | ov_135 | 3.463579340952808 × 10^275 |
| 136 | ov_136 | 2.920874322557445 × 10^275 |
| 137 | ov_137 | 2.444990250225331 × 10^275 |
| 138 | ov_138 | 2.0301793756130655 × 10^275 |
| 139 | ov_139 | 1.6709782463315956 × 10^275 |
| 140 | ov_140 | 1.362194813316899 × 10^275 |
| 141 | ov_141 | 1.0988980192749605 × 10^275 |
| 142 | ov_142 | 8.76409544386375 × 10^274 |
| 143 | ov_143 | 6.902974042083091 × 10^274 |
| 144 | ov_144 | 5.363711133521838 × 10^274 |
| 145 | ov_145 | 4.106781470825603 × 10^274 |
| 146 | ov_146 | 3.095014514994153 × 10^274 |
| 147 | ov_147 | 2.293577714454593 × 10^274 |
| 148 | ov_148 | 1.6699658373014088 × 10^274 |
| 149 | ov_149 | 1.1939944168900788 × 10^274 |
| 150 | ov_150 | 8.377956418100274 × 10^273 |
| 151 | ov_151 | 5.758155292106065 × 10^273 |
| 152 | ov_152 | 3.848118328562939 × 10^273 |
| 153 | ov_153 | 2.438525072403773 × 10^273 |
| 154 | ov_154 | 1.4304891968691434 × 10^273 |
| 155 | ov_155 | 7.366678342864974 × 10^272 |
| 156 | aaa_76_25 | 2.812590403168547 × 10^272 |
| 157 | aaa_76_26 | 1.5983341485769058 × 10^272 |
| 158 | aaa_76_27 | 7.959367542860346 × 10^271 |
| 159 | aaa_76_28 | 2.9001645169176667 × 10^271 |
| 160 | aaa_76_29 | 7.698309456307885 × 10^270 |

### Output Bits Sorted by Complexity

| Rank | Output Bit | Complexity |
|:----:|:----------:|:----------:|
| 160 | aaa_76_29 | 7.698309456307885 × 10^270 |
| 159 | aaa_76_28 | 2.9001645169176667 × 10^271 |
| 158 | aaa_76_27 | 7.959367542860346 × 10^271 |
| 157 | aaa_76_26 | 1.5983341485769058 × 10^272 |
| 156 | aaa_76_25 | 2.812590403168547 × 10^272 |
| 155 | ov_155 | 7.366678342864974 × 10^272 |
| 154 | ov_154 | 1.4304891968691434 × 10^273 |
| 153 | ov_153 | 2.438525072403773 × 10^273 |
| 152 | ov_152 | 3.848118328562939 × 10^273 |
| 151 | ov_151 | 5.758155292106065 × 10^273 |
| 150 | ov_150 | 8.377956418100274 × 10^273 |
| 149 | ov_149 | 1.1939944168900788 × 10^274 |
| 148 | ov_148 | 1.6699658373014088 × 10^274 |
| 147 | ov_147 | 2.293577714454593 × 10^274 |
| 146 | ov_146 | 3.095014514994153 × 10^274 |
| 145 | ov_145 | 4.106781470825603 × 10^274 |
| 144 | ov_144 | 5.363711133521838 × 10^274 |
| 143 | ov_143 | 6.902974042083091 × 10^274 |
| 142 | ov_142 | 8.76409544386375 × 10^274 |
| 141 | ov_141 | 1.0988980192749605 × 10^275 |
| 140 | ov_140 | 1.362194813316899 × 10^275 |
| 139 | ov_139 | 1.6709782463315956 × 10^275 |
| 138 | ov_138 | 2.0301793756130655 × 10^275 |
| 137 | ov_137 | 2.444990250225331 × 10^275 |
| 136 | ov_136 | 2.920874322557445 × 10^275 |
| 135 | ov_135 | 3.463579340952808 × 10^275 |
| 134 | ov_134 | 4.079153066148984 × 10^275 |
| 133 | ov_133 | 4.7739621734346586 × 10^275 |
| 132 | ov_132 | 5.554714721954397 × 10^275 |
| 131 | ov_131 | 6.428486592597251 × 10^275 |
| 130 | ov_130 | 6.4284913517755 × 10^275 |
| 129 | ov_129 | 6.428506320902315 × 10^275 |
| 128 | aaa_77_29 | 7.028907844439713 × 10^275 |
| 127 | aaa_77_28 | 1.8769716739035756 × 10^276 |
| 126 | ov_126 | 5.882321326657223 × 10^276 |
| 125 | ov_125 | 1.3223176154084068 × 10^277 |
| 124 | ov_124 | 2.519404299051743 × 10^277 |
| 123 | ov_123 | 4.3089439842656385 × 10^277 |
| 122 | ov_122 | 6.8203930618780855 × 10^277 |
| 121 | ov_121 | 1.0183222453140037 × 10^278 |
| 120 | ov_120 | 1.4526937882739974 × 10^278 |
| 119 | ov_119 | 1.9981113128951045 × 10^278 |
| 118 | ov_118 | 2.6675439748557987 × 10^278 |
| 117 | ov_117 | 3.473979789222196 × 10^278 |
| 116 | ov_116 | 4.430435282593368 × 10^278 |
| 115 | ov_115 | 5.549968177444539 × 10^278 |
| 114 | ov_114 | 6.845693570321466 × 10^278 |
| 113 | ov_113 | 8.330805054514315 × 10^278 |
| 112 | ov_112 | 1.0018603342357848 × 10^279 |
| 111 | ov_111 | 1.1922534184722234 × 10^279 |
| 110 | ov_110 | 1.4056236512454044 × 10^279 |
| 109 | ov_109 | 1.6433601725381715 × 10^279 |
| 108 | ov_108 | 1.9068845055685258 × 10^279 |
| 107 | ov_107 | 2.197658993419029 × 10^279 |
| 106 | ov_106 | 2.5171966290935277 × 10^279 |
| 105 | ov_105 | 2.86707237258221 × 10^279 |
| 104 | ov_104 | 3.2792741570202995 × 10^279 |
| 103 | ov_103 | 3.787529181109051 × 10^279 |
| 102 | ov_102 | 4.427409697575005 × 10^279 |
| 101 | ov_101 | 5.236457021835529 × 10^279 |
| 100 | ov_100 | 6.254325734140854 × 10^279 |
| 99 | ov_099 | 7.52295015306998 × 10^279 |
| 98 | ov_098 | 7.523004423571813 × 10^279 |
| 97 | ov_097 | 7.523174521948016 × 10^279 |
| 96 | aaa_78_29 | 1.138727123817057 × 10^280 |
| 95 | aaa_78_28 | 3.8434118742406285 × 10^280 |
| 94 | ov_094 | 1.2747216950867175 × 10^281 |
| 93 | ov_093 | 3.0536086115871732 × 10^281 |
| 92 | ov_092 | 6.263054306312559 × 10^281 |
| 91 | ov_091 | 1.1604707414796004 × 10^282 |
| 90 | ov_090 | 1.9939847386091925 × 10^282 |
| 89 | ov_089 | 3.2289469133124907 × 10^282 |
| 88 | ov_088 | 4.983445535914285 × 10^282 |
| 87 | ov_087 | 7.391588319435148 × 10^282 |
| 86 | ov_086 | 1.073765931844687 × 10^283 |
| 85 | ov_085 | 1.5338152731445622 × 10^283 |
| 84 | ov_084 | 2.1541947554890924 × 10^283 |
| 83 | ov_083 | 2.9730545177932244 × 10^283 |
| 82 | ov_082 | 4.0318380279561213 × 10^283 |
| 81 | ov_081 | 5.375321539452142 × 10^283 |
| 80 | ov_080 | 7.051662952230249 × 10^283 |
| 64 | lv_79_m31 | 7.436558578671642 × 10^283 |
| 79 | ov_079 | 9.112461116645368 × 10^283 |
| 78 | ov_078 | 1.1612826621114772 × 10^284 |
| 77 | ov_077 | 1.4611465107064908 × 10^284 |
| 76 | ov_076 | 1.817077415878026 × 10^284 |
| 75 | ov_075 | 2.2356954821344173 × 10^284 |
| 74 | ov_074 | 2.7240138807473944 × 10^284 |
| 73 | ov_073 | 3.2894532464353743 × 10^284 |
| 63 | ov_063 | 3.82027834157436 × 10^284 |
| 72 | ov_072 | 3.939857858533209 × 10^284 |
| 71 | ov_071 | 4.6835137169430094 × 10^284 |
| 70 | ov_070 | 5.529168625493177 × 10^284 |
| 69 | ov_069 | 6.486054398290179 × 10^284 |
| 68 | ov_068 | 7.56391130833767 × 10^284 |
| 67 | ov_067 | 8.773015205616653 × 10^284 |
| 66 | ov_066 | 8.773020288166888 × 10^284 |
| 65 | ov_065 | 8.773041934622776 × 10^284 |
| 62 | ov_062 | 1.728765215852337 × 10^285 |
| 61 | ov_061 | 6.459248064072544 × 10^285 |
| 60 | ov_060 | 1.911400619366385 × 10^286 |
| 59 | ov_059 | 4.721120625553065 × 10^286 |
| 58 | ov_058 | 9.712627805080041 × 10^286 |
| 57 | ov_057 | 1.7701920317228848 × 10^287 |
| 56 | ov_056 | 2.9683457845068497 × 10^287 |
| 55 | ov_055 | 4.683017933498727 × 10^287 |
| 54 | ov_054 | 7.049354245016548 × 10^287 |
| 53 | ov_053 | 1.0220360016408128 × 10^288 |
| 52 | ov_052 | 1.4366913617677264 × 10^288 |
| 51 | ov_051 | 1.984866709207031 × 10^288 |
| 50 | ov_050 | 2.7061097454104954 × 10^288 |
| 49 | ov_049 | 3.6435591637572876 × 10^288 |
| 48 | ov_048 | 4.843956860426235 × 10^288 |
| 47 | ov_047 | 6.357665004322029 × 10^288 |
| 32 | lv_80_m31 | 7.656229544553439 × 10^288 |
| 46 | ov_046 | 8.238689655823712 × 10^288 |
| 45 | ov_045 | 1.0544713219687478 × 10^289 |
| 44 | ov_044 | 1.3307373417664876 × 10^289 |
| 43 | ov_043 | 1.6591851608336025 × 10^289 |
| 42 | ov_042 | 2.0467183780490501 × 10^289 |
| 41 | ov_041 | 2.50063575751579 × 10^289 |
| 40 | ov_040 | 3.0248938789324183 × 10^289 |
| 39 | ov_039 | 3.6236646712205057 × 10^289 |
| 31 | ov_031 | 3.925578305924702 × 10^289 |
| 38 | ov_038 | 4.301345472835426 × 10^289 |
| 37 | ov_037 | 5.066968427341535 × 10^289 |
| 36 | ov_036 | 5.930054915254535 × 10^289 |
| 35 | ov_035 | 6.900646672799721 × 10^289 |
| 34 | ov_034 | 7.989342214295974 × 10^289 |
| 33 | ov_033 | 9.207339135854427 × 10^289 |
| 30 | ov_030 | 2.012525093448396 × 10^290 |
| 29 | ov_029 | 6.58341330523151 × 10^290 |
| 28 | ov_028 | 1.7087175933308248 × 10^291 |
| 27 | ov_027 | 3.819324037739727 × 10^291 |
| 26 | ov_026 | 7.638031223331274 × 10^291 |
| 25 | ov_025 | 1.3993639567077932 × 10^292 |
| 24 | ov_024 | 2.3895887077186013 × 10^292 |
| 23 | ov_023 | 3.8535472818993195 × 10^292 |
| 22 | ov_022 | 6.047481412256351 × 10^292 |
| 21 | ov_021 | 9.263848548812074 × 10^292 |
| 20 | ov_020 | 1.3831354518761687 × 10^293 |
| 19 | ov_019 | 2.011500726249162 × 10^293 |
| 18 | ov_018 | 2.8516198887543607 × 10^293 |
| 17 | ov_017 | 3.947282471044216 × 10^293 |
| 16 | ov_016 | 5.345944938438031 × 10^293 |
| 15 | ov_015 | 7.098753163933653 × 10^293 |
| 14 | ov_014 | 9.260572229945584 × 10^293 |
| 13 | ov_013 | 1.1890025697880271 × 10^294 |
| 12 | ov_012 | 1.5049547213240934 × 10^294 |
| 11 | ov_011 | 1.880544775396752 × 10^294 |
| 10 | ov_010 | 2.322800211757367 × 10^294 |
| 9 | ov_009 | 2.839155853169873 × 10^294 |
| 8 | ov_008 | 3.437467556341602 × 10^294 |
| 7 | ov_007 | 4.126029049800499 × 10^294 |
| 6 | ov_006 | 4.913592305872275 × 10^294 |
| 5 | ov_005 | 5.809391863939272 × 10^294 |
| 4 | ov_004 | 6.823173612264871 × 10^294 |
| 3 | ov_003 | 7.965228559208331 × 10^294 |
| 2 | ov_002 | 9.246432042252831 × 10^294 |
| 1 | ov_001 | 1.0678288735670588 × 10^295 |

