# Results for F001-F002-F003-F004-F005-F006-F007-F008-F009-F010-F011-F012-F013-F014-F015-F016-F017-F018-F019-F020-F021-F022-F023-F024-F025-F026-F027-F028-F029-F030-F031-F032-F033-F034-F035-F036-F037-F038-F039-F040-F041-F042-F043-F044-F045-F046-F047-F048-F049-F050-F051-F052-F053-F054-F055-F056-F057-F058-F059-F060-F061-F062-F063-F064-F065-F066-F067-F068-F069-F070-F071-F072-F073-F074-F075-F076-F077-F078-F079-F080-F081-F082-F083-F084-F085-F086-F087-F088-F089-F090-F091-F092-F093-F094-F095-F096-F097-F098-F099-F100-F101-F102-F103-F104-F105-F106-F107-F108-F109-F110-F111-F112-F113-F114-F115-F116-F117-F118-F119-F120-F121-F122-F123-F124-F125-F126-F127-F128-F129-F130-F131-F132-F133-F134-F135-F136-F137-F138-F139-F140-F141-F142-F143-F144-F145-F146-F147-F148-F149-F150-F151-F152-F153-F154-F155-F156-F157-F158-F159-F160-F161-F162-F163-F164-F165-F166-F167-F168-F169-F170-F171-F172-F173-F174-F175-F176-F177-F178-F179-F180-F181-F182-F183-F184-F185-F186-F187-F188-F189-F190-F191-F192-F193-F194-F195-F196-F197-F198-F199-F200-F201-F202-F203-F204-F205-F206-F207-F208-F209-F210-F211-F212-F213-F214-F215-F216-F217-F218-F219-F220-F221-F222-F223-F224-F225-F226-F227-F228-F229-F230-F231-F232-F233-F234-F235-F236-F237-F238-F239-F240-F241-F242-F243-F244-F245-F246-F247-F248-F249-F250-F251-F252-F253-F254-F255-F256-F257-F258-F259-F260-F261-F262-F263-F264-F265-F266-F267-F268-F269-F270-F271-F272-F273-F274-F275-F276-F277-F278-F279-F280-F281-F282-F283-F284-F285-F286-F287-F288-F289-F290-F291-F292-F293-F294-F295-F296-F297-F298-F299-F300-F301-F302-F303-F304-F305-F306-F307-F308-F309-F310-F311-F312-F313-F314-F315-F316-F317-F318-F319-F320-F321-F322-F323-F324-F325-F326-F327-F328-F329-F330-F331-F332-F333-F334-F335-F336-F337-F338-F339-F340-F341-F342-F343-F344-F345-F346-F347-F348-F349-F350-F351-F352-F353-F354-F355-F356-F357-F358-F359-F360-F361-F362-F363-F364-F365-F366-F367-F368-F369-F370-F371-F372-F373-F374-F375-F376-F377-F378-F379-F380-F381-F382-F383-F384-F385-F386-F387-F388-F389-F390-F391-F392-F393-F394-F395-F396-F397-F398-F399-F400-F401-F402-F403-F404-F405-F406-F407-F408-F409-F410-F411-F412-F413-F414-F415-F416-F417-F418-F419-F420-F421-F422-F423-F424-F425-F426-F427-F428-F429-F430-F431-F432-F433-F434-F435-F436-F437-F438-F439-F440-F441-F442-F443-F444-F445-F446-F447-F448-F449-F450-F451-F452-F453-F454-F455-F456-F457-F458-F459-F460-F461-F462-F463-F464-F465-F466-F467-F468-F469-F470-F471-F472-F473-F474-F475-F476-F477-F478-F479-F480-F481-F482-F483-F484-F485-F486-F487-F488-F489-F490-F491-F492-F493-F494-F495-F496-E500501-F507-F508-F509-F510-F511-F512

## Summary

Number of input bits: 512  
Number of free input bits: 9  
Number of output bits: 160

Number of direct occurrences: 35656  
Number of assignments: 30495  
Number of operations: 10548696
(xor: 10520945,
and: 14704,
or: 13047)

Total complexity: 8.459469561439272 × 10^293

Least occurring input variable: iv_502 (3800)  
Most occurring input variable: iv_497 (4070)

Most co-occurring input variables: iv_497-iv_505 (1960)  
Least co-occurring input variables: iv_500-iv_506 (1754)

Potentially most occurring input variable: iv_500/iv_506 (4466)  
Potentially least occurring input variable: iv_499/iv_502 (4036)

Least output occurring input variable: iv_502 (70)  
Most output occurring input variable: iv_497 (93)

Most output co-occurring input variables: iv_497-iv_503 (53)  
Least output co-occurring input variables: iv_499-iv_503 (33)

Potentially most output occurring input variable: iv_499/iv_503 (94)  
Potentially least output occurring input variable: iv_497/iv_503 (66)

Least complex input bit: iv_497 (5.6462097594887045 × 10^291)  
Most complex input bit: iv_505 (2.7304568500561194 × 10^293)

Least complex output bit: aaa_76_29 (2.499561695850872 × 10^269)  
Most complex output bit: ov_001 (1.376615630474003 × 10^293)

Least complex input/output complexity: iv_497/aaa_76_29 (1.6683137800848294 × 10^267)  
Most complex input/output complexity: iv_505/ov_001 (4.4432922783429804 × 10^292)

## Input Bits

### Input Bits in Regular Order

| Input Bit | Complexity | Occurrences | Output Occurrences |
|:---------:|:----------:|:-----------:|:------------------:|
| iv_497 | 5.6462097594887045 × 10^291 | 4070 | 93 |
| iv_498 | 1.1040519115325929 × 10^292 | 3941 | 74 |
| iv_499 | 1.9306812406541532 × 10^292 | 3858 | 81 |
| iv_500 | 6.58330276742034 × 10^292 | 4034 | 80 |
| iv_502 | 8.51613376755139 × 10^292 | 3800 | 70 |
| iv_503 | 1.3531886425628184 × 10^293 | 3992 | 79 |
| iv_504 | 2.11147187367427 × 10^293 | 4010 | 83 |
| iv_505 | 2.7304568500561194 × 10^293 | 4011 | 83 |
| iv_506 | 3.944731288353422 × 10^292 | 3940 | 77 |

### Input Bits Sorted by Complexity

| Input Bit | Complexity | Occurrences | Output Occurrences |
|:---------:|:----------:|:-----------:|:------------------:|
| iv_497 | 5.6462097594887045 × 10^291 | 4070 | 93 |
| iv_498 | 1.1040519115325929 × 10^292 | 3941 | 74 |
| iv_499 | 1.9306812406541532 × 10^292 | 3858 | 81 |
| iv_506 | 3.944731288353422 × 10^292 | 3940 | 77 |
| iv_500 | 6.58330276742034 × 10^292 | 4034 | 80 |
| iv_502 | 8.51613376755139 × 10^292 | 3800 | 70 |
| iv_503 | 1.3531886425628184 × 10^293 | 3992 | 79 |
| iv_504 | 2.11147187367427 × 10^293 | 4010 | 83 |
| iv_505 | 2.7304568500561194 × 10^293 | 4011 | 83 |

### Input Bits Sorted by Occurrences

| Input Bit | Complexity | Occurrences | Output Occurrences |
|:---------:|:----------:|:-----------:|:------------------:|
| iv_502 | 8.51613376755139 × 10^292 | 3800 | 70 |
| iv_499 | 1.9306812406541532 × 10^292 | 3858 | 81 |
| iv_506 | 3.944731288353422 × 10^292 | 3940 | 77 |
| iv_498 | 1.1040519115325929 × 10^292 | 3941 | 74 |
| iv_503 | 1.3531886425628184 × 10^293 | 3992 | 79 |
| iv_504 | 2.11147187367427 × 10^293 | 4010 | 83 |
| iv_505 | 2.7304568500561194 × 10^293 | 4011 | 83 |
| iv_500 | 6.58330276742034 × 10^292 | 4034 | 80 |
| iv_497 | 5.6462097594887045 × 10^291 | 4070 | 93 |

### Input Bits Sorted by Output Occurrences

| Input Bit | Complexity | Occurrences | Output Occurrences |
|:---------:|:----------:|:-----------:|:------------------:|
| iv_502 | 8.51613376755139 × 10^292 | 3800 | 70 |
| iv_498 | 1.1040519115325929 × 10^292 | 3941 | 74 |
| iv_506 | 3.944731288353422 × 10^292 | 3940 | 77 |
| iv_503 | 1.3531886425628184 × 10^293 | 3992 | 79 |
| iv_500 | 6.58330276742034 × 10^292 | 4034 | 80 |
| iv_499 | 1.9306812406541532 × 10^292 | 3858 | 81 |
| iv_505 | 2.7304568500561194 × 10^293 | 4011 | 83 |
| iv_504 | 2.11147187367427 × 10^293 | 4010 | 83 |
| iv_497 | 5.6462097594887045 × 10^291 | 4070 | 93 |

## Input Bit Co-occurrences

### Input Bit Co-occurrences Sorted by Co-occurrences

| Input Bits | Co-occurrences | Potential Occurrences | Output Co-occurrences | Potential Output Occurrences |
|:----------:|:--------------:|:---------------------:|:---------------------:|:----------------------------:|
| iv_497-iv_505 | 1960 | 4161 | 48 | 80 |
| iv_498-iv_504 | 1944 | 4063 | 39 | 79 |
| iv_497-iv_503 | 1940 | 4182 | 53 | 66 |
| iv_497-iv_504 | 1921 | 4238 | 45 | 86 |
| iv_499-iv_504 | 1916 | 4036 | 42 | 80 |
| iv_497-iv_506 | 1914 | 4182 | 50 | 70 |
| iv_498-iv_505 | 1899 | 4154 | 39 | 79 |
| iv_503-iv_504 | 1897 | 4208 | 39 | 84 |
| iv_497-iv_500 | 1897 | 4310 | 50 | 73 |

### Input Bit Co-occurrences Sorted by Potential Occurrences

| Input Bits | Co-occurrences | Potential Occurrences | Output Co-occurrences | Potential Output Occurrences |
|:----------:|:--------------:|:---------------------:|:---------------------:|:----------------------------:|
| iv_499-iv_502 | 1811 | 4036 | 37 | 77 |
| iv_499-iv_504 | 1916 | 4036 | 42 | 80 |
| iv_498-iv_504 | 1944 | 4063 | 39 | 79 |
| iv_498-iv_499 | 1856 | 4087 | 39 | 77 |
| iv_497-iv_502 | 1874 | 4122 | 39 | 85 |
| iv_502-iv_506 | 1801 | 4138 | 34 | 79 |
| iv_499-iv_500 | 1874 | 4144 | 43 | 75 |
| iv_502-iv_504 | 1831 | 4148 | 37 | 79 |
| iv_502-iv_505 | 1831 | 4149 | 42 | 69 |

### Input Bit Output Co-occurrences Sorted by Output Co-occurrences

| Input Bits | Co-occurrences | Potential Occurrences | Output Co-occurrences | Potential Output Occurrences |
|:----------:|:--------------:|:---------------------:|:---------------------:|:----------------------------:|
| iv_497-iv_503 | 1940 | 4182 | 53 | 66 |
| iv_497-iv_500 | 1897 | 4310 | 50 | 73 |
| iv_497-iv_506 | 1914 | 4182 | 50 | 70 |
| iv_497-iv_505 | 1960 | 4161 | 48 | 80 |
| iv_497-iv_499 | 1883 | 4162 | 45 | 84 |
| iv_497-iv_504 | 1921 | 4238 | 45 | 86 |
| iv_504-iv_505 | 1891 | 4239 | 44 | 78 |
| iv_499-iv_500 | 1874 | 4144 | 43 | 75 |
| iv_499-iv_505 | 1807 | 4255 | 43 | 78 |

### Input Bit Output Co-occurrences Sorted by Potential Output Occurrences

| Input Bits | Co-occurrences | Potential Occurrences | Output Co-occurrences | Potential Output Occurrences |
|:----------:|:--------------:|:---------------------:|:---------------------:|:----------------------------:|
| iv_497-iv_503 | 1940 | 4182 | 53 | 66 |
| iv_502-iv_505 | 1831 | 4149 | 42 | 69 |
| iv_497-iv_506 | 1914 | 4182 | 50 | 70 |
| iv_497-iv_500 | 1897 | 4310 | 50 | 73 |
| iv_498-iv_506 | 1857 | 4167 | 39 | 73 |
| iv_499-iv_500 | 1874 | 4144 | 43 | 75 |
| iv_499-iv_506 | 1758 | 4282 | 41 | 76 |
| iv_500-iv_506 | 1754 | 4466 | 40 | 77 |
| iv_498-iv_499 | 1856 | 4087 | 39 | 77 |

## Output Bits

### Output Bits in Regular Order

| Rank | Output Bit | Complexity |
|:----:|:----------:|:----------:|
| 1 | ov_001 | 1.376615630474003 × 10^293 |
| 2 | ov_002 | 1.1901838791743809 × 10^293 |
| 3 | ov_003 | 1.0235640319003937 × 10^293 |
| 4 | ov_004 | 8.752335979337666 × 10^292 |
| 5 | ov_005 | 7.437530714655527 × 10^292 |
| 6 | ov_006 | 6.277599367903973 × 10^292 |
| 7 | ov_007 | 5.259634662639644 × 10^292 |
| 8 | ov_008 | 4.371402625160843 × 10^292 |
| 9 | ov_009 | 3.601304846412423 × 10^292 |
| 10 | ov_010 | 2.938346870178408 × 10^292 |
| 11 | ov_011 | 2.3721119857853595 × 10^292 |
| 12 | ov_012 | 1.892739744712251 × 10^292 |
| 13 | ov_013 | 1.4909085609428943 × 10^292 |
| 14 | ov_014 | 1.157821794774191 × 10^292 |
| 15 | ov_015 | 8.85196759243291 × 10^291 |
| 16 | ov_016 | 6.652561274649061 × 10^291 |
| 17 | ov_017 | 4.907212580581868 × 10^291 |
| 18 | ov_018 | 3.5480701749138134 × 10^291 |
| 19 | ov_019 | 2.512177831664656 × 10^291 |
| 20 | ov_020 | 1.7414440876801113 × 10^291 |
| 21 | ov_021 | 1.1826197797187004 × 10^291 |
| 22 | ov_022 | 7.872819181506292 × 10^290 |
| 23 | ov_023 | 5.118225421967824 × 10^290 |
| 24 | ov_024 | 3.174413934696602 × 10^290 |
| 25 | ov_025 | 1.859395578556906 × 10^290 |
| 26 | ov_026 | 1.0151891387153526 × 10^290 |
| 27 | ov_027 | 5.07813186140905 × 10^289 |
| 28 | ov_028 | 2.27282696545782 × 10^289 |
| 29 | ov_029 | 8.760789452268428 × 10^288 |
| 30 | ov_030 | 2.679395088188277 × 10^288 |
| 31 | ov_031 | 5.229324617074678 × 10^287 |
| 32 | lv_80_m31 | 1.0205116934471994 × 10^287 |
| 33 | ov_033 | 1.2163029848344062 × 10^288 |
| 34 | ov_034 | 1.0551432701860597 × 10^288 |
| 35 | ov_035 | 9.109385746181164 × 10^287 |
| 36 | ov_036 | 7.82184470722568 × 10^287 |
| 37 | ov_037 | 6.674566864333714 × 10^287 |
| 38 | ov_038 | 5.6540551707861486 × 10^287 |
| 39 | ov_039 | 4.7475102451879036 × 10^287 |
| 40 | ov_040 | 3.948701277332537 × 10^287 |
| 41 | ov_041 | 3.251716395435688 × 10^287 |
| 42 | ov_042 | 2.650946787847538 × 10^287 |
| 43 | ov_043 | 2.14107341584882 × 10^287 |
| 44 | ov_044 | 1.7122853979767855 × 10^287 |
| 45 | ov_045 | 1.35530398556046 × 10^287 |
| 46 | ov_046 | 1.061369543004288 × 10^287 |
| 47 | ov_047 | 8.222313411928093 × 10^286 |
| 48 | ov_048 | 6.301396827013209 × 10^286 |
| 49 | ov_049 | 4.7783991465234015 × 10^286 |
| 50 | ov_050 | 3.585679215252104 × 10^286 |
| 51 | ov_051 | 2.6604674496430486 × 10^286 |
| 52 | ov_052 | 1.9448406739030488 × 10^286 |
| 53 | ov_053 | 1.3857037913096767 × 10^286 |
| 54 | ov_054 | 9.577143623591964 × 10^285 |
| 55 | ov_055 | 6.379348982048564 × 10^285 |
| 56 | ov_056 | 4.058293925912639 × 10^285 |
| 57 | ov_057 | 2.432611622499855 × 10^285 |
| 58 | ov_058 | 1.3449159219384547 × 10^285 |
| 59 | ov_059 | 6.617946927618787 × 10^284 |
| 60 | ov_060 | 2.738067291706379 × 10^284 |
| 61 | ov_061 | 9.548061070275573 × 10^283 |
| 62 | ov_062 | 2.6147243583556984 × 10^283 |
| 63 | ov_063 | 5.086854306604848 × 10^282 |
| 64 | lv_79_m31 | 9.893998905045556 × 10^281 |
| 65 | ov_065 | 1.1722645438297485 × 10^283 |
| 66 | ov_066 | 1.172260437264899 × 10^283 |
| 67 | ov_067 | 1.172259432111911 × 10^283 |
| 68 | ov_068 | 1.0087953926838264 × 10^283 |
| 69 | ov_069 | 8.637003761035868 × 10^282 |
| 70 | ov_070 | 7.354196393943208 × 10^282 |
| 71 | ov_071 | 6.224941653103535 × 10^282 |
| 72 | ov_072 | 5.235541761291107 × 10^282 |
| 73 | ov_073 | 4.373132196200466 × 10^282 |
| 74 | ov_074 | 3.625627973439097 × 10^282 |
| 75 | ov_075 | 2.9816750650513875 × 10^282 |
| 76 | ov_076 | 2.4306066744696183 × 10^282 |
| 77 | ov_077 | 1.962404095714581 × 10^282 |
| 78 | ov_078 | 1.567661890121971 × 10^282 |
| 79 | ov_079 | 1.2375571180997643 × 10^282 |
| 80 | ov_080 | 9.638223666571211 × 10^281 |
| 81 | ov_081 | 7.387223158965462 × 10^281 |
| 82 | ov_082 | 5.585196131470423 × 10^281 |
| 83 | ov_083 | 4.164857065984166 × 10^281 |
| 84 | ov_084 | 3.063725277050863 × 10^281 |
| 85 | ov_085 | 2.2240067595595663 × 10^281 |
| 86 | ov_086 | 1.5924987830236723 × 10^281 |
| 87 | ov_087 | 1.120514722249059 × 10^281 |
| 88 | ov_088 | 7.638266162495102 × 10^280 |
| 89 | ov_089 | 5.014290001084079 × 10^280 |
| 90 | ov_090 | 3.1451582217907615 × 10^280 |
| 91 | ov_091 | 1.8646855719277404 × 10^280 |
| 92 | ov_092 | 1.0284879747025212 × 10^280 |
| 93 | ov_093 | 5.13940905943379 × 10^279 |
| 94 | ov_094 | 2.2015895561217435 × 10^279 |
| 95 | aaa_78_28 | 6.798748972149183 × 10^278 |
| 96 | aaa_78_29 | 2.0881368966561446 × 10^278 |
| 97 | ov_097 | 1.379330549563236 × 10^278 |
| 98 | ov_098 | 1.3792895247830253 × 10^278 |
| 99 | ov_099 | 1.379276443769393 × 10^278 |
| 100 | ov_100 | 1.2413965207897954 × 10^278 |
| 101 | ov_101 | 1.1136408763746682 × 10^278 |
| 102 | ov_102 | 9.954616871210713 × 10^277 |
| 103 | ov_103 | 8.863510989748156 × 10^277 |
| 104 | ov_104 | 7.858358000718147 × 10^277 |
| 105 | ov_105 | 6.934721079948549 × 10^277 |
| 106 | ov_106 | 6.088415458643434 × 10^277 |
| 107 | ov_107 | 5.315468824318064 × 10^277 |
| 108 | ov_108 | 4.612086119155976 × 10^277 |
| 109 | ov_109 | 3.974618497404344 × 10^277 |
| 110 | ov_110 | 3.3995362064323475 × 10^277 |
| 111 | ov_111 | 2.8834051581353 × 10^277 |
| 112 | ov_112 | 2.422866958716921 × 10^277 |
| 113 | ov_113 | 2.014622165744129 × 10^277 |
| 114 | ov_114 | 1.6554165419292977 × 10^277 |
| 115 | ov_115 | 1.3420300754859145 × 10^277 |
| 116 | ov_116 | 1.0712685371956848 × 10^277 |
| 117 | ov_117 | 8.399570991923892 × 10^276 |
| 118 | ov_118 | 6.449353239399322 × 10^276 |
| 119 | ov_119 | 4.830531346701216 × 10^276 |
| 120 | ov_120 | 3.5116765262071165 × 10^276 |
| 121 | ov_121 | 2.461407864434019 × 10^276 |
| 122 | ov_122 | 1.648374591656429 × 10^276 |
| 123 | ov_123 | 1.0412435809404298 × 10^276 |
| 124 | ov_124 | 6.08690930520791 × 10^275 |
| 125 | ov_125 | 3.193967598603032 × 10^275 |
| 126 | ov_126 | 1.4204256125091032 × 10^275 |
| 127 | aaa_77_28 | 4.5310185840504475 × 10^274 |
| 128 | aaa_77_29 | 1.6960145543999178 × 10^274 |
| 129 | ov_129 | 1.5449779226385228 × 10^274 |
| 130 | ov_130 | 1.5449730680381905 × 10^274 |
| 131 | ov_131 | 1.5449718985286348 × 10^274 |
| 132 | ov_132 | 1.3331275768833755 × 10^274 |
| 133 | ov_133 | 1.1440689581086574 × 10^274 |
| 134 | ov_134 | 9.760528690780262 × 10^273 |
| 135 | ov_135 | 8.274253396443125 × 10^273 |
| 136 | ov_136 | 6.96615203311847 × 10^273 |
| 137 | ov_137 | 5.821287010006709 × 10^273 |
| 138 | ov_138 | 4.825449826308117 × 10^273 |
| 139 | ov_139 | 3.965124064385589 × 10^273 |
| 140 | ov_140 | 3.2274554101597004 × 10^273 |
| 141 | ov_141 | 2.6002278006978646 × 10^273 |
| 142 | ov_142 | 2.071844848498151 × 10^273 |
| 143 | ov_143 | 1.6313157411655518 × 10^273 |
| 144 | ov_144 | 1.2682448641463003 × 10^273 |
| 145 | ov_145 | 9.728244429918056 × 10^272 |
| 146 | ov_146 | 7.358295503069019 × 10^272 |
| 147 | ov_147 | 5.486148711226281 × 10^272 |
| 148 | ov_148 | 4.031126689415417 × 10^272 |
| 149 | ov_149 | 2.918314689330763 × 10^272 |
| 150 | ov_150 | 2.0785512024436358 × 10^272 |
| 151 | ov_151 | 1.4484207828495317 × 10^272 |
| 152 | ov_152 | 9.702485702807868 × 10^271 |
| 153 | ov_153 | 6.166316950962706 × 10^271 |
| 154 | ov_154 | 3.6303473380791285 × 10^271 |
| 155 | ov_155 | 1.8778857475167372 × 10^271 |
| 156 | aaa_76_25 | 7.208975618754876 × 10^270 |
| 157 | aaa_76_26 | 4.155390379862026 × 10^270 |
| 158 | aaa_76_27 | 2.122630825951193 × 10^270 |
| 159 | aaa_76_28 | 8.242033313845153 × 10^269 |
| 160 | aaa_76_29 | 2.499561695850872 × 10^269 |

### Output Bits Sorted by Complexity

| Rank | Output Bit | Complexity |
|:----:|:----------:|:----------:|
| 160 | aaa_76_29 | 2.499561695850872 × 10^269 |
| 159 | aaa_76_28 | 8.242033313845153 × 10^269 |
| 158 | aaa_76_27 | 2.122630825951193 × 10^270 |
| 157 | aaa_76_26 | 4.155390379862026 × 10^270 |
| 156 | aaa_76_25 | 7.208975618754876 × 10^270 |
| 155 | ov_155 | 1.8778857475167372 × 10^271 |
| 154 | ov_154 | 3.6303473380791285 × 10^271 |
| 153 | ov_153 | 6.166316950962706 × 10^271 |
| 152 | ov_152 | 9.702485702807868 × 10^271 |
| 151 | ov_151 | 1.4484207828495317 × 10^272 |
| 150 | ov_150 | 2.0785512024436358 × 10^272 |
| 149 | ov_149 | 2.918314689330763 × 10^272 |
| 148 | ov_148 | 4.031126689415417 × 10^272 |
| 147 | ov_147 | 5.486148711226281 × 10^272 |
| 146 | ov_146 | 7.358295503069019 × 10^272 |
| 145 | ov_145 | 9.728244429918056 × 10^272 |
| 144 | ov_144 | 1.2682448641463003 × 10^273 |
| 143 | ov_143 | 1.6313157411655518 × 10^273 |
| 142 | ov_142 | 2.071844848498151 × 10^273 |
| 141 | ov_141 | 2.6002278006978646 × 10^273 |
| 140 | ov_140 | 3.2274554101597004 × 10^273 |
| 139 | ov_139 | 3.965124064385589 × 10^273 |
| 138 | ov_138 | 4.825449826308117 × 10^273 |
| 137 | ov_137 | 5.821287010006709 × 10^273 |
| 136 | ov_136 | 6.96615203311847 × 10^273 |
| 135 | ov_135 | 8.274253396443125 × 10^273 |
| 134 | ov_134 | 9.760528690780262 × 10^273 |
| 133 | ov_133 | 1.1440689581086574 × 10^274 |
| 132 | ov_132 | 1.3331275768833755 × 10^274 |
| 131 | ov_131 | 1.5449718985286348 × 10^274 |
| 130 | ov_130 | 1.5449730680381905 × 10^274 |
| 129 | ov_129 | 1.5449779226385228 × 10^274 |
| 128 | aaa_77_29 | 1.6960145543999178 × 10^274 |
| 127 | aaa_77_28 | 4.5310185840504475 × 10^274 |
| 126 | ov_126 | 1.4204256125091032 × 10^275 |
| 125 | ov_125 | 3.193967598603032 × 10^275 |
| 124 | ov_124 | 6.08690930520791 × 10^275 |
| 123 | ov_123 | 1.0412435809404298 × 10^276 |
| 122 | ov_122 | 1.648374591656429 × 10^276 |
| 121 | ov_121 | 2.461407864434019 × 10^276 |
| 120 | ov_120 | 3.5116765262071165 × 10^276 |
| 119 | ov_119 | 4.830531346701216 × 10^276 |
| 118 | ov_118 | 6.449353239399322 × 10^276 |
| 117 | ov_117 | 8.399570991923892 × 10^276 |
| 116 | ov_116 | 1.0712685371956848 × 10^277 |
| 115 | ov_115 | 1.3420300754859145 × 10^277 |
| 114 | ov_114 | 1.6554165419292977 × 10^277 |
| 113 | ov_113 | 2.014622165744129 × 10^277 |
| 112 | ov_112 | 2.422866958716921 × 10^277 |
| 111 | ov_111 | 2.8834051581353 × 10^277 |
| 110 | ov_110 | 3.3995362064323475 × 10^277 |
| 109 | ov_109 | 3.974618497404344 × 10^277 |
| 108 | ov_108 | 4.612086119155976 × 10^277 |
| 107 | ov_107 | 5.315468824318064 × 10^277 |
| 106 | ov_106 | 6.088415458643434 × 10^277 |
| 105 | ov_105 | 6.934721079948549 × 10^277 |
| 104 | ov_104 | 7.858358000718147 × 10^277 |
| 103 | ov_103 | 8.863510989748156 × 10^277 |
| 102 | ov_102 | 9.954616871210713 × 10^277 |
| 101 | ov_101 | 1.1136408763746682 × 10^278 |
| 100 | ov_100 | 1.2413965207897954 × 10^278 |
| 99 | ov_099 | 1.379276443769393 × 10^278 |
| 98 | ov_098 | 1.3792895247830253 × 10^278 |
| 97 | ov_097 | 1.379330549563236 × 10^278 |
| 96 | aaa_78_29 | 2.0881368966561446 × 10^278 |
| 95 | aaa_78_28 | 6.798748972149183 × 10^278 |
| 94 | ov_094 | 2.2015895561217435 × 10^279 |
| 93 | ov_093 | 5.13940905943379 × 10^279 |
| 92 | ov_092 | 1.0284879747025212 × 10^280 |
| 91 | ov_091 | 1.8646855719277404 × 10^280 |
| 90 | ov_090 | 3.1451582217907615 × 10^280 |
| 89 | ov_089 | 5.014290001084079 × 10^280 |
| 88 | ov_088 | 7.638266162495102 × 10^280 |
| 87 | ov_087 | 1.120514722249059 × 10^281 |
| 86 | ov_086 | 1.5924987830236723 × 10^281 |
| 85 | ov_085 | 2.2240067595595663 × 10^281 |
| 84 | ov_084 | 3.063725277050863 × 10^281 |
| 83 | ov_083 | 4.164857065984166 × 10^281 |
| 82 | ov_082 | 5.585196131470423 × 10^281 |
| 81 | ov_081 | 7.387223158965462 × 10^281 |
| 80 | ov_080 | 9.638223666571211 × 10^281 |
| 64 | lv_79_m31 | 9.893998905045556 × 10^281 |
| 79 | ov_079 | 1.2375571180997643 × 10^282 |
| 78 | ov_078 | 1.567661890121971 × 10^282 |
| 77 | ov_077 | 1.962404095714581 × 10^282 |
| 76 | ov_076 | 2.4306066744696183 × 10^282 |
| 75 | ov_075 | 2.9816750650513875 × 10^282 |
| 74 | ov_074 | 3.625627973439097 × 10^282 |
| 73 | ov_073 | 4.373132196200466 × 10^282 |
| 63 | ov_063 | 5.086854306604848 × 10^282 |
| 72 | ov_072 | 5.235541761291107 × 10^282 |
| 71 | ov_071 | 6.224941653103535 × 10^282 |
| 70 | ov_070 | 7.354196393943208 × 10^282 |
| 69 | ov_069 | 8.637003761035868 × 10^282 |
| 68 | ov_068 | 1.0087953926838264 × 10^283 |
| 67 | ov_067 | 1.172259432111911 × 10^283 |
| 66 | ov_066 | 1.172260437264899 × 10^283 |
| 65 | ov_065 | 1.1722645438297485 × 10^283 |
| 62 | ov_062 | 2.6147243583556984 × 10^283 |
| 61 | ov_061 | 9.548061070275573 × 10^283 |
| 60 | ov_060 | 2.738067291706379 × 10^284 |
| 59 | ov_059 | 6.617946927618787 × 10^284 |
| 58 | ov_058 | 1.3449159219384547 × 10^285 |
| 57 | ov_057 | 2.432611622499855 × 10^285 |
| 56 | ov_056 | 4.058293925912639 × 10^285 |
| 55 | ov_055 | 6.379348982048564 × 10^285 |
| 54 | ov_054 | 9.577143623591964 × 10^285 |
| 53 | ov_053 | 1.3857037913096767 × 10^286 |
| 52 | ov_052 | 1.9448406739030488 × 10^286 |
| 51 | ov_051 | 2.6604674496430486 × 10^286 |
| 50 | ov_050 | 3.585679215252104 × 10^286 |
| 49 | ov_049 | 4.7783991465234015 × 10^286 |
| 48 | ov_048 | 6.301396827013209 × 10^286 |
| 47 | ov_047 | 8.222313411928093 × 10^286 |
| 32 | lv_80_m31 | 1.0205116934471994 × 10^287 |
| 46 | ov_046 | 1.061369543004288 × 10^287 |
| 45 | ov_045 | 1.35530398556046 × 10^287 |
| 44 | ov_044 | 1.7122853979767855 × 10^287 |
| 43 | ov_043 | 2.14107341584882 × 10^287 |
| 42 | ov_042 | 2.650946787847538 × 10^287 |
| 41 | ov_041 | 3.251716395435688 × 10^287 |
| 40 | ov_040 | 3.948701277332537 × 10^287 |
| 39 | ov_039 | 4.7475102451879036 × 10^287 |
| 31 | ov_031 | 5.229324617074678 × 10^287 |
| 38 | ov_038 | 5.6540551707861486 × 10^287 |
| 37 | ov_037 | 6.674566864333714 × 10^287 |
| 36 | ov_036 | 7.82184470722568 × 10^287 |
| 35 | ov_035 | 9.109385746181164 × 10^287 |
| 34 | ov_034 | 1.0551432701860597 × 10^288 |
| 33 | ov_033 | 1.2163029848344062 × 10^288 |
| 30 | ov_030 | 2.679395088188277 × 10^288 |
| 29 | ov_029 | 8.760789452268428 × 10^288 |
| 28 | ov_028 | 2.27282696545782 × 10^289 |
| 27 | ov_027 | 5.07813186140905 × 10^289 |
| 26 | ov_026 | 1.0151891387153526 × 10^290 |
| 25 | ov_025 | 1.859395578556906 × 10^290 |
| 24 | ov_024 | 3.174413934696602 × 10^290 |
| 23 | ov_023 | 5.118225421967824 × 10^290 |
| 22 | ov_022 | 7.872819181506292 × 10^290 |
| 21 | ov_021 | 1.1826197797187004 × 10^291 |
| 20 | ov_020 | 1.7414440876801113 × 10^291 |
| 19 | ov_019 | 2.512177831664656 × 10^291 |
| 18 | ov_018 | 3.5480701749138134 × 10^291 |
| 17 | ov_017 | 4.907212580581868 × 10^291 |
| 16 | ov_016 | 6.652561274649061 × 10^291 |
| 15 | ov_015 | 8.85196759243291 × 10^291 |
| 14 | ov_014 | 1.157821794774191 × 10^292 |
| 13 | ov_013 | 1.4909085609428943 × 10^292 |
| 12 | ov_012 | 1.892739744712251 × 10^292 |
| 11 | ov_011 | 2.3721119857853595 × 10^292 |
| 10 | ov_010 | 2.938346870178408 × 10^292 |
| 9 | ov_009 | 3.601304846412423 × 10^292 |
| 8 | ov_008 | 4.371402625160843 × 10^292 |
| 7 | ov_007 | 5.259634662639644 × 10^292 |
| 6 | ov_006 | 6.277599367903973 × 10^292 |
| 5 | ov_005 | 7.437530714655527 × 10^292 |
| 4 | ov_004 | 8.752335979337666 × 10^292 |
| 3 | ov_003 | 1.0235640319003937 × 10^293 |
| 2 | ov_002 | 1.1901838791743809 × 10^293 |
| 1 | ov_001 | 1.376615630474003 × 10^293 |

