# Results for F001-F002-F003-F004-F005-F006-F007-F008-F009-F010-F011-F012-F013-F014-F015-F016-F017-F018-F019-F020-F021-F022-F023-F024-F025-F026-F027-F028-F029-F030-F031-F032-F033-F034-F035-F036-F037-F038-F039-F040-F041-F042-F043-F044-F045-F046-F047-F048-F049-F050-F051-F052-F053-F054-F055-F056-F057-F058-F059-F060-F061-F062-F063-F064-F065-F066-F067-F068-F069-F070-F071-F072-F073-F074-F075-F076-F077-F078-F079-F080-F081-F082-F083-F084-F085-F086-F087-F088-F089-F090-F091-F092-F093-F094-F095-F096-F097-F098-F099-F100-F101-F102-F103-F104-F105-F106-F107-F108-F109-F110-F111-F112-F113-F114-F115-F116-F117-F118-F119-F120-F121-F122-F123-F124-F125-F126-F127-F128-F129-F130-F131-F132-F133-F134-F135-F136-F137-F138-F139-F140-F141-F142-F143-F144-F145-F146-F147-F148-F149-F150-F151-F152-F153-F154-F155-F156-F157-F158-F159-F160-F161-F162-F163-F164-F165-F166-F167-F168-F169-F170-F171-F172-F173-F174-F175-F176-F177-F178-F179-F180-F181-F182-F183-F184-F185-F186-F187-F188-F189-F190-F191-F192-F193-F194-F195-F196-F197-F198-F199-F200-F201-F202-F203-F204-F205-F206-F207-F208-F209-F210-F211-F212-F213-F214-F215-F216-F217-F218-F219-F220-F221-F222-F223-F224-F225-F226-F227-F228-F229-F230-F231-F232-F233-F234-F235-F236-F237-F238-F239-F240-F241-F242-F243-F244-F245-F246-F247-F248-F249-F250-F251-F252-F253-F254-F255-F256-F257-F258-F259-F260-F261-F262-F263-F264-F265-F266-F267-F268-F269-F270-F271-F272-F273-F274-F275-F276-F277-F278-F279-F280-F281-F282-F283-F284-F285-F286-F287-F288-F289-F290-F291-F292-F293-F294-F295-F296-F297-F298-F299-F300-F301-F302-F303-F304-F305-F306-F307-F308-F309-F310-F311-F312-F313-F314-F315-F316-F317-F318-F319-F320-F321-F322-F323-F324-F325-F326-F327-F328-F329-F330-F331-F332-F333-F334-F335-F336-F337-F338-F339-F340-F341-F342-F343-F344-F345-F346-F347-F348-F349-F350-F351-F352-F353-F354-F355-F356-F357-F358-F359-F360-F361-F362-F363-F364-F365-F366-F367-F368-F369-F370-F371-F372-F373-F374-F375-F376-F377-F378-F379-F380-F381-F382-F383-F384-F385-F386-F387-F388-F389-F390-F391-F392-F393-F394-F395-F396-F397-F398-F399-F400-F401-F402-F403-F404-F405-F406-F407-F408-F409-F410-F411-F412-F413-F414-F415-F416-F417-F418-F419-F420-F421-F422-F423-F424-F425-F426-F427-F428-F429-F430-F431-F432-F433-F434-F435-F436-F437-F438-F439-F440-F441-F442-F443-F444-F445-F446-F447-F448-F449-F450-F451-F452-F453-F454-F455-F456-F457-F458-F459-F460-F461-F462-F463-F464-F465-F466-F467-F468-F469-F470-F471-F472-F473-F474-F475-F476-F477-F478-F479-F480-F481-F482-F483-F484-F485-F486-F487-F488-F489-F490-F491-F492-F493-F494-F495-F496-O497501-E499505-E504506-F509-F510-F511-F512

## Summary

Number of input bits: 512  
Number of free input bits: 9  
Number of output bits: 160

Number of direct occurrences: 36594  
Number of assignments: 31088  
Number of operations: 10921122
(xor: 10893133,
and: 14700,
or: 13289)

Total complexity: 4.5627346161501193 × 10^298

Least occurring input variable: iv_502 (3837)  
Most occurring input variable: iv_499 (4190)

Most co-occurring input variables: iv_507-iv_508 (2013)  
Least co-occurring input variables: iv_498-iv_502 (1726)

Potentially most occurring input variable: iv_497/iv_499 (4577)  
Potentially least occurring input variable: iv_500/iv_502 (4221)

Least output occurring input variable: iv_499 (73)  
Most output occurring input variable: iv_502 (84)

Most output co-occurring input variables: iv_498-iv_502 (47)  
Least output co-occurring input variables: iv_504-iv_508 (33)

Potentially most output occurring input variable: iv_498/iv_500 (92)  
Potentially least output occurring input variable: iv_507/iv_508 (69)

Least complex input bit: iv_498 (3.240578070601279 × 10^296)  
Most complex input bit: iv_504 (1.1085001803785047 × 10^298)

Least complex output bit: aaa_76_29 (3.848394644271814 × 10^273)  
Most complex output bit: ov_001 (7.298505656736994 × 10^297)

Least complex input/output complexity: iv_498/aaa_76_29 (2.733234417602239 × 10^271)  
Most complex input/output complexity: iv_504/ov_001 (1.7731460445562552 × 10^297)

## Input Bits

### Input Bits in Regular Order

| Input Bit | Complexity | Occurrences | Output Occurrences |
|:---------:|:----------:|:-----------:|:------------------:|
| iv_497 | 1.747467625892957 × 10^297 | 4175 | 76 |
| iv_498 | 3.240578070601279 × 10^296 | 3894 | 84 |
| iv_499 | 1.0164471233392137 × 10^298 | 4190 | 73 |
| iv_500 | 9.632418601220057 × 10^296 | 4092 | 84 |
| iv_502 | 2.5560304138867805 × 10^297 | 3837 | 84 |
| iv_503 | 4.0481412059542507 × 10^297 | 4021 | 79 |
| iv_504 | 1.1085001803785047 × 10^298 | 4084 | 74 |
| iv_507 | 6.827218158729417 × 10^297 | 4146 | 76 |
| iv_508 | 7.911716052678486 × 10^297 | 4155 | 79 |

### Input Bits Sorted by Complexity

| Input Bit | Complexity | Occurrences | Output Occurrences |
|:---------:|:----------:|:-----------:|:------------------:|
| iv_498 | 3.240578070601279 × 10^296 | 3894 | 84 |
| iv_500 | 9.632418601220057 × 10^296 | 4092 | 84 |
| iv_497 | 1.747467625892957 × 10^297 | 4175 | 76 |
| iv_502 | 2.5560304138867805 × 10^297 | 3837 | 84 |
| iv_503 | 4.0481412059542507 × 10^297 | 4021 | 79 |
| iv_507 | 6.827218158729417 × 10^297 | 4146 | 76 |
| iv_508 | 7.911716052678486 × 10^297 | 4155 | 79 |
| iv_499 | 1.0164471233392137 × 10^298 | 4190 | 73 |
| iv_504 | 1.1085001803785047 × 10^298 | 4084 | 74 |

### Input Bits Sorted by Occurrences

| Input Bit | Complexity | Occurrences | Output Occurrences |
|:---------:|:----------:|:-----------:|:------------------:|
| iv_502 | 2.5560304138867805 × 10^297 | 3837 | 84 |
| iv_498 | 3.240578070601279 × 10^296 | 3894 | 84 |
| iv_503 | 4.0481412059542507 × 10^297 | 4021 | 79 |
| iv_504 | 1.1085001803785047 × 10^298 | 4084 | 74 |
| iv_500 | 9.632418601220057 × 10^296 | 4092 | 84 |
| iv_507 | 6.827218158729417 × 10^297 | 4146 | 76 |
| iv_508 | 7.911716052678486 × 10^297 | 4155 | 79 |
| iv_497 | 1.747467625892957 × 10^297 | 4175 | 76 |
| iv_499 | 1.0164471233392137 × 10^298 | 4190 | 73 |

### Input Bits Sorted by Output Occurrences

| Input Bit | Complexity | Occurrences | Output Occurrences |
|:---------:|:----------:|:-----------:|:------------------:|
| iv_499 | 1.0164471233392137 × 10^298 | 4190 | 73 |
| iv_504 | 1.1085001803785047 × 10^298 | 4084 | 74 |
| iv_497 | 1.747467625892957 × 10^297 | 4175 | 76 |
| iv_507 | 6.827218158729417 × 10^297 | 4146 | 76 |
| iv_503 | 4.0481412059542507 × 10^297 | 4021 | 79 |
| iv_508 | 7.911716052678486 × 10^297 | 4155 | 79 |
| iv_500 | 9.632418601220057 × 10^296 | 4092 | 84 |
| iv_498 | 3.240578070601279 × 10^296 | 3894 | 84 |
| iv_502 | 2.5560304138867805 × 10^297 | 3837 | 84 |

## Input Bit Co-occurrences

### Input Bit Co-occurrences Sorted by Co-occurrences

| Input Bits | Co-occurrences | Potential Occurrences | Output Co-occurrences | Potential Output Occurrences |
|:----------:|:--------------:|:---------------------:|:---------------------:|:----------------------------:|
| iv_507-iv_508 | 2013 | 4275 | 43 | 69 |
| iv_499-iv_507 | 2007 | 4322 | 34 | 81 |
| iv_499-iv_500 | 1982 | 4318 | 38 | 81 |
| iv_500-iv_507 | 1980 | 4278 | 38 | 84 |
| iv_499-iv_508 | 1974 | 4397 | 40 | 72 |
| iv_500-iv_508 | 1970 | 4307 | 39 | 85 |
| iv_499-iv_504 | 1964 | 4346 | 37 | 73 |
| iv_497-iv_500 | 1953 | 4361 | 41 | 78 |
| iv_497-iv_507 | 1952 | 4417 | 37 | 78 |

### Input Bit Co-occurrences Sorted by Potential Occurrences

| Input Bits | Co-occurrences | Potential Occurrences | Output Co-occurrences | Potential Output Occurrences |
|:----------:|:--------------:|:---------------------:|:---------------------:|:----------------------------:|
| iv_500-iv_502 | 1854 | 4221 | 42 | 84 |
| iv_497-iv_498 | 1917 | 4235 | 42 | 76 |
| iv_498-iv_500 | 1871 | 4244 | 38 | 92 |
| iv_497-iv_502 | 1880 | 4252 | 43 | 74 |
| iv_500-iv_503 | 1929 | 4255 | 44 | 75 |
| iv_499-iv_502 | 1877 | 4273 | 35 | 87 |
| iv_507-iv_508 | 2013 | 4275 | 43 | 69 |
| iv_502-iv_507 | 1854 | 4275 | 39 | 82 |
| iv_500-iv_507 | 1980 | 4278 | 38 | 84 |

### Input Bit Output Co-occurrences Sorted by Output Co-occurrences

| Input Bits | Co-occurrences | Potential Occurrences | Output Co-occurrences | Potential Output Occurrences |
|:----------:|:--------------:|:---------------------:|:---------------------:|:----------------------------:|
| iv_498-iv_502 | 1726 | 4279 | 47 | 74 |
| iv_500-iv_503 | 1929 | 4255 | 44 | 75 |
| iv_502-iv_503 | 1777 | 4304 | 44 | 75 |
| iv_497-iv_502 | 1880 | 4252 | 43 | 74 |
| iv_502-iv_504 | 1798 | 4325 | 43 | 72 |
| iv_498-iv_503 | 1805 | 4305 | 43 | 77 |
| iv_507-iv_508 | 2013 | 4275 | 43 | 69 |
| iv_497-iv_498 | 1917 | 4235 | 42 | 76 |
| iv_500-iv_502 | 1854 | 4221 | 42 | 84 |

### Input Bit Output Co-occurrences Sorted by Potential Output Occurrences

| Input Bits | Co-occurrences | Potential Occurrences | Output Co-occurrences | Potential Output Occurrences |
|:----------:|:--------------:|:---------------------:|:---------------------:|:----------------------------:|
| iv_507-iv_508 | 2013 | 4275 | 43 | 69 |
| iv_499-iv_503 | 1915 | 4381 | 40 | 72 |
| iv_502-iv_504 | 1798 | 4325 | 43 | 72 |
| iv_499-iv_508 | 1974 | 4397 | 40 | 72 |
| iv_497-iv_503 | 1907 | 4382 | 41 | 73 |
| iv_497-iv_508 | 1941 | 4448 | 41 | 73 |
| iv_499-iv_504 | 1964 | 4346 | 37 | 73 |
| iv_497-iv_502 | 1880 | 4252 | 43 | 74 |
| iv_498-iv_502 | 1726 | 4279 | 47 | 74 |

## Output Bits

### Output Bits in Regular Order

| Rank | Output Bit | Complexity |
|:----:|:----------:|:----------:|
| 1 | ov_001 | 7.298505656736994 × 10^297 |
| 2 | ov_002 | 6.329441431928166 × 10^297 |
| 3 | ov_003 | 5.461341939316745 × 10^297 |
| 4 | ov_004 | 4.686556614280038 × 10^297 |
| 5 | ov_005 | 3.997852071789882 × 10^297 |
| 6 | ov_006 | 3.3883823607616445 × 10^297 |
| 7 | ov_007 | 2.8516630578968495 × 10^297 |
| 8 | ov_008 | 2.3815489516289308 × 10^297 |
| 9 | ov_009 | 1.97221503847098 × 10^297 |
| 10 | ov_010 | 1.6181405031163374 × 10^297 |
| 11 | ov_011 | 1.3140953498518598 × 10^297 |
| 12 | ov_012 | 1.0551293718172253 × 10^297 |
| 13 | ov_013 | 8.365631632612453 × 10^296 |
| 14 | ov_014 | 6.539808982909009 × 10^296 |
| 15 | ov_015 | 5.0322461774890194 × 10^296 |
| 16 | ov_016 | 3.803897838456904 × 10^296 |
| 17 | ov_017 | 2.818218800542042 × 10^296 |
| 18 | ov_018 | 2.0411385158215144 × 10^296 |
| 19 | ov_019 | 1.441041994900615 × 10^296 |
| 20 | ov_020 | 9.887556760558523 × 10^295 |
| 21 | ov_021 | 6.575370306819739 × 10^295 |
| 22 | ov_022 | 4.230670969476283 × 10^295 |
| 23 | ov_023 | 2.6344531662632065 × 10^295 |
| 24 | ov_024 | 1.5918613840537324 × 10^295 |
| 25 | ov_025 | 9.321693929571382 × 10^294 |
| 26 | ov_026 | 5.087688592418495 × 10^294 |
| 27 | ov_027 | 2.5438414405603727 × 10^294 |
| 28 | ov_028 | 1.1379509066425283 × 10^294 |
| 29 | ov_029 | 4.383648563906453 × 10^293 |
| 30 | ov_030 | 1.339791759045745 × 10^293 |
| 31 | ov_031 | 2.612592365318409 × 10^292 |
| 32 | lv_80_m31 | 5.0936949115052 × 10^291 |
| 33 | ov_033 | 6.103665535878329 × 10^292 |
| 34 | ov_034 | 5.292509191768315 × 10^292 |
| 35 | ov_035 | 4.566862980740195 × 10^292 |
| 36 | ov_036 | 3.91977245494535 × 10^292 |
| 37 | ov_037 | 3.344658054349591 × 10^292 |
| 38 | ov_038 | 2.8352885631669065 × 10^292 |
| 39 | ov_039 | 2.3857581792961476 × 10^292 |
| 40 | ov_040 | 1.9904668521511356 × 10^292 |
| 41 | ov_041 | 1.6441035623087124 × 10^292 |
| 42 | ov_042 | 1.3440831417404955 × 10^292 |
| 43 | ov_043 | 1.0879546827192489 × 10^292 |
| 44 | ov_044 | 8.711988240982405 × 10^291 |
| 45 | ov_045 | 6.895418502033917 × 10^291 |
| 46 | ov_046 | 5.389493854457583 × 10^291 |
| 47 | ov_047 | 4.156214298241986 × 10^291 |
| 48 | ov_048 | 3.1598852580619 × 10^291 |
| 49 | ov_049 | 2.3670886297068262 × 10^291 |
| 50 | ov_050 | 1.7466614258191932 × 10^291 |
| 51 | ov_051 | 1.2696803996258693 × 10^291 |
| 52 | ov_052 | 9.094511816954173 × 10^290 |
| 53 | ov_053 | 6.415006830172288 × 10^290 |
| 54 | ov_054 | 4.435718507051087 × 10^290 |
| 55 | ov_055 | 2.9562016633080346 × 10^290 |
| 56 | ov_056 | 1.881761599047419 × 10^290 |
| 57 | ov_057 | 1.128750981432345 × 10^290 |
| 58 | ov_058 | 6.245650660196411 × 10^289 |
| 59 | ov_059 | 3.076392253081936 × 10^289 |
| 60 | ov_060 | 1.2744783333998832 × 10^289 |
| 61 | ov_061 | 4.4503865657676705 × 10^288 |
| 62 | ov_062 | 1.2204062437471979 × 10^288 |
| 63 | ov_063 | 2.3777234320493806 × 10^287 |
| 64 | lv_79_m31 | 4.631430755611835 × 10^286 |
| 65 | ov_065 | 5.488592037607931 × 10^287 |
| 66 | ov_066 | 5.488578336418242 × 10^287 |
| 67 | ov_067 | 5.48857511755692 × 10^287 |
| 68 | ov_068 | 4.743888261974137 × 10^287 |
| 69 | ov_069 | 4.078241792019781 × 10^287 |
| 70 | ov_070 | 3.4856791988731056 × 10^287 |
| 71 | ov_071 | 2.960527870292937 × 10^287 |
| 72 | ov_072 | 2.4973847945213536 × 10^287 |
| 73 | ov_073 | 2.0911052768137194 × 10^287 |
| 74 | ov_074 | 1.7367937536044096 × 10^287 |
| 75 | ov_075 | 1.4297959315922742 × 10^287 |
| 76 | ov_076 | 1.165691802475709 × 10^287 |
| 77 | ov_077 | 9.402893899984531 × 10^286 |
| 78 | ov_078 | 7.496191865978275 × 10^286 |
| 79 | ov_079 | 5.899292376796824 × 10^286 |
| 80 | ov_080 | 4.576808321033794 × 10^286 |
| 81 | ov_081 | 3.4954475787790683 × 10^286 |
| 82 | ov_082 | 2.6239808237616867 × 10^286 |
| 83 | ov_083 | 1.9332141659492676 × 10^286 |
| 84 | ov_084 | 1.3959662314501778 × 10^286 |
| 85 | ov_085 | 9.870492776711005 × 10^285 |
| 86 | ov_086 | 6.832539424427148 × 10^285 |
| 87 | ov_087 | 4.6333722632772274 × 10^285 |
| 88 | ov_088 | 3.080133076389884 × 10^285 |
| 89 | ov_089 | 1.9994678987825452 × 10^285 |
| 90 | ov_090 | 1.2374798140291856 × 10^285 |
| 91 | ov_091 | 7.220798707317978 × 10^284 |
| 92 | ov_092 | 3.908862699072452 × 10^284 |
| 93 | ov_093 | 1.912176969745043 × 10^284 |
| 94 | ov_094 | 8.009004502335051 × 10^283 |
| 95 | aaa_78_28 | 2.4215076976180577 × 10^283 |
| 96 | aaa_78_29 | 7.19543406080804 × 10^282 |
| 97 | ov_097 | 4.048543236312283 × 10^282 |
| 98 | ov_098 | 4.048477321396247 × 10^282 |
| 99 | ov_099 | 4.0484562778380143 × 10^282 |
| 100 | ov_100 | 3.3056649822085925 × 10^282 |
| 101 | ov_101 | 2.6916077050241977 × 10^282 |
| 102 | ov_102 | 2.1900312415988844 × 10^282 |
| 103 | ov_103 | 1.7855706693735394 × 10^282 |
| 104 | ov_104 | 1.463684537179392 × 10^282 |
| 105 | ov_105 | 1.2105985890566373 × 10^282 |
| 106 | ov_106 | 1.013257237351417 × 10^282 |
| 107 | ov_107 | 8.592820398388894 × 10^281 |
| 108 | ov_108 | 7.3693647428381 × 10^281 |
| 109 | ov_109 | 6.3509634143796114 × 10^281 |
| 110 | ov_110 | 5.4322516422858664 × 10^281 |
| 111 | ov_111 | 4.607717823354611 × 10^281 |
| 112 | ov_112 | 3.8719808203252406 × 10^281 |
| 113 | ov_113 | 3.219761716343594 × 10^281 |
| 114 | ov_114 | 2.645860119151011 × 10^281 |
| 115 | ov_115 | 2.1451346658737065 × 10^281 |
| 116 | ov_116 | 1.712487379797898 × 10^281 |
| 117 | ov_117 | 1.3428515308449522 × 10^281 |
| 118 | ov_118 | 1.0311826516873716 × 10^281 |
| 119 | ov_119 | 7.724520758520913 × 10^280 |
| 120 | ov_120 | 5.616421219725978 × 10^280 |
| 121 | ov_121 | 3.9374242108933525 × 10^280 |
| 122 | ov_122 | 2.637472131408401 × 10^280 |
| 123 | ov_123 | 1.6665343879979484 × 10^280 |
| 124 | ov_124 | 9.74594528106303 × 10^279 |
| 125 | ov_125 | 5.1164227253193864 × 10^279 |
| 126 | ov_126 | 2.2766945332466883 × 10^279 |
| 127 | aaa_77_28 | 7.266845539676578 × 10^278 |
| 128 | aaa_77_29 | 2.7225374143586 × 10^278 |
| 129 | ov_129 | 2.5038180286727838 × 10^278 |
| 130 | ov_130 | 2.503810539640614 × 10^278 |
| 131 | ov_131 | 2.5038087308963837 × 10^278 |
| 132 | ov_132 | 2.166986213158761 × 10^278 |
| 133 | ov_133 | 1.8656513158658253 × 10^278 |
| 134 | ov_134 | 1.5971173741380391 × 10^278 |
| 135 | ov_135 | 1.3588393784797632 × 10^278 |
| 136 | ov_136 | 1.148403796137918 × 10^278 |
| 137 | ov_137 | 9.635198626408217 × 10^277 |
| 138 | ov_138 | 8.020121993735956 × 10^277 |
| 139 | ov_139 | 6.61814620284702 × 10^277 |
| 140 | ov_140 | 5.409649978690045 × 10^277 |
| 141 | ov_141 | 4.376010654828365 × 10^277 |
| 142 | ov_142 | 3.499570398542833 × 10^277 |
| 143 | ov_143 | 2.763609543878696 × 10^277 |
| 144 | ov_144 | 2.152326005505935 × 10^277 |
| 145 | ov_145 | 1.650819812826676 × 10^277 |
| 146 | ov_146 | 1.2450818701261348 × 10^277 |
| 147 | ov_147 | 9.219861147915245 × 10^276 |
| 148 | ov_148 | 6.692843117545552 × 10^276 |
| 149 | ov_149 | 4.7560278837152276 × 10^276 |
| 150 | ov_150 | 3.304404799587726 × 10^276 |
| 151 | ov_151 | 2.2416774916246456 × 10^276 |
| 152 | ov_152 | 1.4802560802752732 × 10^276 |
| 153 | ov_153 | 9.412516657827572 × 10^275 |
| 154 | ov_154 | 5.544724795423902 × 10^275 |
| 155 | ov_155 | 2.8699652224409864 × 10^275 |
| 156 | aaa_76_25 | 1.1024866412309959 × 10^275 |
| 157 | aaa_76_26 | 6.36323097894275 × 10^274 |
| 158 | aaa_76_27 | 3.2552889577768193 × 10^274 |
| 159 | aaa_76_28 | 1.26645214431222 × 10^274 |
| 160 | aaa_76_29 | 3.848394644271814 × 10^273 |

### Output Bits Sorted by Complexity

| Rank | Output Bit | Complexity |
|:----:|:----------:|:----------:|
| 160 | aaa_76_29 | 3.848394644271814 × 10^273 |
| 159 | aaa_76_28 | 1.26645214431222 × 10^274 |
| 158 | aaa_76_27 | 3.2552889577768193 × 10^274 |
| 157 | aaa_76_26 | 6.36323097894275 × 10^274 |
| 156 | aaa_76_25 | 1.1024866412309959 × 10^275 |
| 155 | ov_155 | 2.8699652224409864 × 10^275 |
| 154 | ov_154 | 5.544724795423902 × 10^275 |
| 153 | ov_153 | 9.412516657827572 × 10^275 |
| 152 | ov_152 | 1.4802560802752732 × 10^276 |
| 151 | ov_151 | 2.2416774916246456 × 10^276 |
| 150 | ov_150 | 3.304404799587726 × 10^276 |
| 149 | ov_149 | 4.7560278837152276 × 10^276 |
| 148 | ov_148 | 6.692843117545552 × 10^276 |
| 147 | ov_147 | 9.219861147915245 × 10^276 |
| 146 | ov_146 | 1.2450818701261348 × 10^277 |
| 145 | ov_145 | 1.650819812826676 × 10^277 |
| 144 | ov_144 | 2.152326005505935 × 10^277 |
| 143 | ov_143 | 2.763609543878696 × 10^277 |
| 142 | ov_142 | 3.499570398542833 × 10^277 |
| 141 | ov_141 | 4.376010654828365 × 10^277 |
| 140 | ov_140 | 5.409649978690045 × 10^277 |
| 139 | ov_139 | 6.61814620284702 × 10^277 |
| 138 | ov_138 | 8.020121993735956 × 10^277 |
| 137 | ov_137 | 9.635198626408217 × 10^277 |
| 136 | ov_136 | 1.148403796137918 × 10^278 |
| 135 | ov_135 | 1.3588393784797632 × 10^278 |
| 134 | ov_134 | 1.5971173741380391 × 10^278 |
| 133 | ov_133 | 1.8656513158658253 × 10^278 |
| 132 | ov_132 | 2.166986213158761 × 10^278 |
| 131 | ov_131 | 2.5038087308963837 × 10^278 |
| 130 | ov_130 | 2.503810539640614 × 10^278 |
| 129 | ov_129 | 2.5038180286727838 × 10^278 |
| 128 | aaa_77_29 | 2.7225374143586 × 10^278 |
| 127 | aaa_77_28 | 7.266845539676578 × 10^278 |
| 126 | ov_126 | 2.2766945332466883 × 10^279 |
| 125 | ov_125 | 5.1164227253193864 × 10^279 |
| 124 | ov_124 | 9.74594528106303 × 10^279 |
| 123 | ov_123 | 1.6665343879979484 × 10^280 |
| 122 | ov_122 | 2.637472131408401 × 10^280 |
| 121 | ov_121 | 3.9374242108933525 × 10^280 |
| 120 | ov_120 | 5.616421219725978 × 10^280 |
| 119 | ov_119 | 7.724520758520913 × 10^280 |
| 118 | ov_118 | 1.0311826516873716 × 10^281 |
| 117 | ov_117 | 1.3428515308449522 × 10^281 |
| 116 | ov_116 | 1.712487379797898 × 10^281 |
| 115 | ov_115 | 2.1451346658737065 × 10^281 |
| 114 | ov_114 | 2.645860119151011 × 10^281 |
| 113 | ov_113 | 3.219761716343594 × 10^281 |
| 112 | ov_112 | 3.8719808203252406 × 10^281 |
| 111 | ov_111 | 4.607717823354611 × 10^281 |
| 110 | ov_110 | 5.4322516422858664 × 10^281 |
| 109 | ov_109 | 6.3509634143796114 × 10^281 |
| 108 | ov_108 | 7.3693647428381 × 10^281 |
| 107 | ov_107 | 8.592820398388894 × 10^281 |
| 106 | ov_106 | 1.013257237351417 × 10^282 |
| 105 | ov_105 | 1.2105985890566373 × 10^282 |
| 104 | ov_104 | 1.463684537179392 × 10^282 |
| 103 | ov_103 | 1.7855706693735394 × 10^282 |
| 102 | ov_102 | 2.1900312415988844 × 10^282 |
| 101 | ov_101 | 2.6916077050241977 × 10^282 |
| 100 | ov_100 | 3.3056649822085925 × 10^282 |
| 99 | ov_099 | 4.0484562778380143 × 10^282 |
| 98 | ov_098 | 4.048477321396247 × 10^282 |
| 97 | ov_097 | 4.048543236312283 × 10^282 |
| 96 | aaa_78_29 | 7.19543406080804 × 10^282 |
| 95 | aaa_78_28 | 2.4215076976180577 × 10^283 |
| 94 | ov_094 | 8.009004502335051 × 10^283 |
| 93 | ov_093 | 1.912176969745043 × 10^284 |
| 92 | ov_092 | 3.908862699072452 × 10^284 |
| 91 | ov_091 | 7.220798707317978 × 10^284 |
| 90 | ov_090 | 1.2374798140291856 × 10^285 |
| 89 | ov_089 | 1.9994678987825452 × 10^285 |
| 88 | ov_088 | 3.080133076389884 × 10^285 |
| 87 | ov_087 | 4.6333722632772274 × 10^285 |
| 86 | ov_086 | 6.832539424427148 × 10^285 |
| 85 | ov_085 | 9.870492776711005 × 10^285 |
| 84 | ov_084 | 1.3959662314501778 × 10^286 |
| 83 | ov_083 | 1.9332141659492676 × 10^286 |
| 82 | ov_082 | 2.6239808237616867 × 10^286 |
| 81 | ov_081 | 3.4954475787790683 × 10^286 |
| 80 | ov_080 | 4.576808321033794 × 10^286 |
| 64 | lv_79_m31 | 4.631430755611835 × 10^286 |
| 79 | ov_079 | 5.899292376796824 × 10^286 |
| 78 | ov_078 | 7.496191865978275 × 10^286 |
| 77 | ov_077 | 9.402893899984531 × 10^286 |
| 76 | ov_076 | 1.165691802475709 × 10^287 |
| 75 | ov_075 | 1.4297959315922742 × 10^287 |
| 74 | ov_074 | 1.7367937536044096 × 10^287 |
| 73 | ov_073 | 2.0911052768137194 × 10^287 |
| 63 | ov_063 | 2.3777234320493806 × 10^287 |
| 72 | ov_072 | 2.4973847945213536 × 10^287 |
| 71 | ov_071 | 2.960527870292937 × 10^287 |
| 70 | ov_070 | 3.4856791988731056 × 10^287 |
| 69 | ov_069 | 4.078241792019781 × 10^287 |
| 68 | ov_068 | 4.743888261974137 × 10^287 |
| 67 | ov_067 | 5.48857511755692 × 10^287 |
| 66 | ov_066 | 5.488578336418242 × 10^287 |
| 65 | ov_065 | 5.488592037607931 × 10^287 |
| 62 | ov_062 | 1.2204062437471979 × 10^288 |
| 61 | ov_061 | 4.4503865657676705 × 10^288 |
| 60 | ov_060 | 1.2744783333998832 × 10^289 |
| 59 | ov_059 | 3.076392253081936 × 10^289 |
| 58 | ov_058 | 6.245650660196411 × 10^289 |
| 57 | ov_057 | 1.128750981432345 × 10^290 |
| 56 | ov_056 | 1.881761599047419 × 10^290 |
| 55 | ov_055 | 2.9562016633080346 × 10^290 |
| 54 | ov_054 | 4.435718507051087 × 10^290 |
| 53 | ov_053 | 6.415006830172288 × 10^290 |
| 52 | ov_052 | 9.094511816954173 × 10^290 |
| 51 | ov_051 | 1.2696803996258693 × 10^291 |
| 50 | ov_050 | 1.7466614258191932 × 10^291 |
| 49 | ov_049 | 2.3670886297068262 × 10^291 |
| 48 | ov_048 | 3.1598852580619 × 10^291 |
| 47 | ov_047 | 4.156214298241986 × 10^291 |
| 32 | lv_80_m31 | 5.0936949115052 × 10^291 |
| 46 | ov_046 | 5.389493854457583 × 10^291 |
| 45 | ov_045 | 6.895418502033917 × 10^291 |
| 44 | ov_044 | 8.711988240982405 × 10^291 |
| 43 | ov_043 | 1.0879546827192489 × 10^292 |
| 42 | ov_042 | 1.3440831417404955 × 10^292 |
| 41 | ov_041 | 1.6441035623087124 × 10^292 |
| 40 | ov_040 | 1.9904668521511356 × 10^292 |
| 39 | ov_039 | 2.3857581792961476 × 10^292 |
| 31 | ov_031 | 2.612592365318409 × 10^292 |
| 38 | ov_038 | 2.8352885631669065 × 10^292 |
| 37 | ov_037 | 3.344658054349591 × 10^292 |
| 36 | ov_036 | 3.91977245494535 × 10^292 |
| 35 | ov_035 | 4.566862980740195 × 10^292 |
| 34 | ov_034 | 5.292509191768315 × 10^292 |
| 33 | ov_033 | 6.103665535878329 × 10^292 |
| 30 | ov_030 | 1.339791759045745 × 10^293 |
| 29 | ov_029 | 4.383648563906453 × 10^293 |
| 28 | ov_028 | 1.1379509066425283 × 10^294 |
| 27 | ov_027 | 2.5438414405603727 × 10^294 |
| 26 | ov_026 | 5.087688592418495 × 10^294 |
| 25 | ov_025 | 9.321693929571382 × 10^294 |
| 24 | ov_024 | 1.5918613840537324 × 10^295 |
| 23 | ov_023 | 2.6344531662632065 × 10^295 |
| 22 | ov_022 | 4.230670969476283 × 10^295 |
| 21 | ov_021 | 6.575370306819739 × 10^295 |
| 20 | ov_020 | 9.887556760558523 × 10^295 |
| 19 | ov_019 | 1.441041994900615 × 10^296 |
| 18 | ov_018 | 2.0411385158215144 × 10^296 |
| 17 | ov_017 | 2.818218800542042 × 10^296 |
| 16 | ov_016 | 3.803897838456904 × 10^296 |
| 15 | ov_015 | 5.0322461774890194 × 10^296 |
| 14 | ov_014 | 6.539808982909009 × 10^296 |
| 13 | ov_013 | 8.365631632612453 × 10^296 |
| 12 | ov_012 | 1.0551293718172253 × 10^297 |
| 11 | ov_011 | 1.3140953498518598 × 10^297 |
| 10 | ov_010 | 1.6181405031163374 × 10^297 |
| 9 | ov_009 | 1.97221503847098 × 10^297 |
| 8 | ov_008 | 2.3815489516289308 × 10^297 |
| 7 | ov_007 | 2.8516630578968495 × 10^297 |
| 6 | ov_006 | 3.3883823607616445 × 10^297 |
| 5 | ov_005 | 3.997852071789882 × 10^297 |
| 4 | ov_004 | 4.686556614280038 × 10^297 |
| 3 | ov_003 | 5.461341939316745 × 10^297 |
| 2 | ov_002 | 6.329441431928166 × 10^297 |
| 1 | ov_001 | 7.298505656736994 × 10^297 |

