# Results for F001-F002-F003-F004-F005-F006-F007-F008-F009-F010-F011-F012-F013-F014-F015-F016-F017-F018-F019-F020-F021-F022-F023-F024-F025-F026-F027-F028-F029-F030-F031-F032-F033-F034-F035-F036-F037-F038-F039-F040-F041-F042-F043-F044-F045-F046-F047-F048-F049-F050-F051-F052-F053-F054-F055-F056-F057-F058-F059-F060-F061-F062-F063-F064-F065-F066-F067-F068-F069-F070-F071-F072-F073-F074-F075-F076-F077-F078-F079-F080-F081-F082-F083-F084-F085-F086-F087-F088-F089-F090-F091-F092-F093-F094-F095-F096-F097-F098-F099-F100-F101-F102-F103-F104-F105-F106-F107-F108-F109-F110-F111-F112-F113-F114-F115-F116-F117-F118-F119-F120-F121-F122-F123-F124-F125-F126-F127-F128-F129-F130-F131-F132-F133-F134-F135-F136-F137-F138-F139-F140-F141-F142-F143-F144-F145-F146-F147-F148-F149-F150-F151-F152-F153-F154-F155-F156-F157-F158-F159-F160-F161-F162-F163-F164-F165-F166-F167-F168-F169-F170-F171-F172-F173-F174-F175-F176-F177-F178-F179-F180-F181-F182-F183-F184-F185-F186-F187-F188-F189-F190-F191-F192-F193-F194-F195-F196-F197-F198-F199-F200-F201-F202-F203-F204-F205-F206-F207-F208-F209-F210-F211-F212-F213-F214-F215-F216-F217-F218-F219-F220-F221-F222-F223-F224-F225-F226-F227-F228-F229-F230-F231-F232-F233-F234-F235-F236-F237-F238-F239-F240-F241-F242-F243-F244-F245-F246-F247-F248-F249-F250-F251-F252-F253-F254-F255-F256-F257-F258-F259-F260-F261-F262-F263-F264-F265-F266-F267-F268-F269-F270-F271-F272-F273-F274-F275-F276-F277-F278-F279-F280-F281-F282-F283-F284-F285-F286-F287-F288-F289-F290-F291-F292-F293-F294-F295-F296-F297-F298-F299-F300-F301-F302-F303-F304-F305-F306-F307-F308-F309-F310-F311-F312-F313-F314-F315-F316-F317-F318-F319-F320-F321-F322-F323-F324-F325-F326-F327-F328-F329-F330-F331-F332-F333-F334-F335-F336-F337-F338-F339-F340-F341-F342-F343-F344-F345-F346-F347-F348-F349-F350-F351-F352-F353-F354-F355-F356-F357-F358-F359-F360-F361-F362-F363-F364-F365-F366-F367-F368-F369-F370-F371-F372-F373-F374-F375-F376-F377-F378-F379-F380-F381-F382-F383-F384-F385-F386-F387-F388-F389-F390-F391-F392-F393-F394-F395-F396-F397-F398-F399-F400-F401-F402-F403-F404-F405-F406-F407-F408-F409-F410-F411-F412-F413-F414-F415-F416-F417-F418-F419-F420-F421-F422-F423-F424-F425-F426-F427-F428-F429-F430-F431-F432-F433-F434-F435-F436-F437-F438-F439-F440-F441-F442-F443-F444-F445-F446-F447-F448-F449-F450-F451-F452-F453-F454-F455-F456-F457-F458-F459-F460-F461-F462-F463-F464-F465-F466-F467-F468-F469-F470-F471-F472-F473-F474-F475-F476-F477-F478-F479-F480-F481-F482-F483-F484-F485-F486-F487-F488-F489-F490-F491-F492-F493-F494-F495-F496-E499505-E504506-F508-F509-F510-F511-F512

## Summary

Number of input bits: 512  
Number of free input bits: 9  
Number of output bits: 160

Number of direct occurrences: 36007  
Number of assignments: 30754  
Number of operations: 10669889
(xor: 10642006,
and: 14713,
or: 13170)

Total complexity: 7.741132676802014 × 10^295

Least occurring input variable: iv_502 (3821)  
Most occurring input variable: iv_504 (4146)

Most co-occurring input variables: iv_501-iv_504 (1995)  
Least co-occurring input variables: iv_498-iv_502 (1734)

Potentially most occurring input variable: iv_497/iv_504 (4399)  
Potentially least occurring input variable: iv_500/iv_501 (4056)

Least output occurring input variable: iv_503 (75)  
Most output occurring input variable: iv_499 (89)

Most output co-occurring input variables: iv_498-iv_507 (54)  
Least output co-occurring input variables: iv_501-iv_503 (35)

Potentially most output occurring input variable: iv_498/iv_504 (89)  
Potentially least output occurring input variable: iv_498/iv_507 (61)

Least complex input bit: iv_497 (4.690784470528985 × 10^293)  
Most complex input bit: iv_499 (2.452373701561472 × 10^295)

Least complex output bit: aaa_76_29 (1.962612106842099 × 10^271)  
Most complex output bit: ov_001 (1.2491037620696371 × 10^295)

Least complex input/output complexity: iv_497/aaa_76_29 (1.1892562467034595 × 10^269)  
Most complex input/output complexity: iv_499/ov_001 (3.957133076663085 × 10^294)

## Input Bits

### Input Bits in Regular Order

| Input Bit | Complexity | Occurrences | Output Occurrences |
|:---------:|:----------:|:-----------:|:------------------:|
| iv_497 | 4.690784470528985 × 10^293 | 3983 | 77 |
| iv_498 | 9.357408292166453 × 10^293 | 3876 | 88 |
| iv_499 | 2.452373701561472 × 10^295 | 4070 | 89 |
| iv_500 | 2.756936390223544 × 10^294 | 4039 | 76 |
| iv_501 | 4.5136943343161505 × 10^294 | 4003 | 82 |
| iv_502 | 7.249418638913125 × 10^294 | 3821 | 82 |
| iv_503 | 1.1452274324850661 × 10^295 | 3981 | 75 |
| iv_504 | 2.0551852647149765 × 10^295 | 4146 | 81 |
| iv_507 | 4.9585941406828 × 10^294 | 4088 | 81 |

### Input Bits Sorted by Complexity

| Input Bit | Complexity | Occurrences | Output Occurrences |
|:---------:|:----------:|:-----------:|:------------------:|
| iv_497 | 4.690784470528985 × 10^293 | 3983 | 77 |
| iv_498 | 9.357408292166453 × 10^293 | 3876 | 88 |
| iv_500 | 2.756936390223544 × 10^294 | 4039 | 76 |
| iv_501 | 4.5136943343161505 × 10^294 | 4003 | 82 |
| iv_507 | 4.9585941406828 × 10^294 | 4088 | 81 |
| iv_502 | 7.249418638913125 × 10^294 | 3821 | 82 |
| iv_503 | 1.1452274324850661 × 10^295 | 3981 | 75 |
| iv_504 | 2.0551852647149765 × 10^295 | 4146 | 81 |
| iv_499 | 2.452373701561472 × 10^295 | 4070 | 89 |

### Input Bits Sorted by Occurrences

| Input Bit | Complexity | Occurrences | Output Occurrences |
|:---------:|:----------:|:-----------:|:------------------:|
| iv_502 | 7.249418638913125 × 10^294 | 3821 | 82 |
| iv_498 | 9.357408292166453 × 10^293 | 3876 | 88 |
| iv_503 | 1.1452274324850661 × 10^295 | 3981 | 75 |
| iv_497 | 4.690784470528985 × 10^293 | 3983 | 77 |
| iv_501 | 4.5136943343161505 × 10^294 | 4003 | 82 |
| iv_500 | 2.756936390223544 × 10^294 | 4039 | 76 |
| iv_499 | 2.452373701561472 × 10^295 | 4070 | 89 |
| iv_507 | 4.9585941406828 × 10^294 | 4088 | 81 |
| iv_504 | 2.0551852647149765 × 10^295 | 4146 | 81 |

### Input Bits Sorted by Output Occurrences

| Input Bit | Complexity | Occurrences | Output Occurrences |
|:---------:|:----------:|:-----------:|:------------------:|
| iv_503 | 1.1452274324850661 × 10^295 | 3981 | 75 |
| iv_500 | 2.756936390223544 × 10^294 | 4039 | 76 |
| iv_497 | 4.690784470528985 × 10^293 | 3983 | 77 |
| iv_504 | 2.0551852647149765 × 10^295 | 4146 | 81 |
| iv_507 | 4.9585941406828 × 10^294 | 4088 | 81 |
| iv_502 | 7.249418638913125 × 10^294 | 3821 | 82 |
| iv_501 | 4.5136943343161505 × 10^294 | 4003 | 82 |
| iv_498 | 9.357408292166453 × 10^293 | 3876 | 88 |
| iv_499 | 2.452373701561472 × 10^295 | 4070 | 89 |

## Input Bit Co-occurrences

### Input Bit Co-occurrences Sorted by Co-occurrences

| Input Bits | Co-occurrences | Potential Occurrences | Output Co-occurrences | Potential Output Occurrences |
|:----------:|:--------------:|:---------------------:|:---------------------:|:----------------------------:|
| iv_501-iv_504 | 1995 | 4159 | 37 | 89 |
| iv_500-iv_501 | 1993 | 4056 | 39 | 80 |
| iv_504-iv_507 | 1964 | 4306 | 45 | 72 |
| iv_500-iv_507 | 1947 | 4233 | 37 | 83 |
| iv_497-iv_503 | 1944 | 4076 | 37 | 78 |
| iv_503-iv_507 | 1936 | 4197 | 39 | 78 |
| iv_500-iv_504 | 1933 | 4319 | 35 | 87 |
| iv_497-iv_500 | 1930 | 4162 | 35 | 83 |
| iv_501-iv_507 | 1925 | 4241 | 38 | 87 |

### Input Bit Co-occurrences Sorted by Potential Occurrences

| Input Bits | Co-occurrences | Potential Occurrences | Output Co-occurrences | Potential Output Occurrences |
|:----------:|:--------------:|:---------------------:|:---------------------:|:----------------------------:|
| iv_500-iv_501 | 1993 | 4056 | 39 | 80 |
| iv_497-iv_503 | 1944 | 4076 | 37 | 78 |
| iv_501-iv_504 | 1995 | 4159 | 37 | 89 |
| iv_497-iv_500 | 1930 | 4162 | 35 | 83 |
| iv_499-iv_502 | 1860 | 4171 | 44 | 83 |
| iv_500-iv_502 | 1844 | 4172 | 37 | 84 |
| iv_498-iv_500 | 1865 | 4185 | 39 | 86 |
| iv_502-iv_507 | 1860 | 4189 | 41 | 81 |
| iv_501-iv_503 | 1896 | 4192 | 35 | 87 |

### Input Bit Output Co-occurrences Sorted by Output Co-occurrences

| Input Bits | Co-occurrences | Potential Occurrences | Output Co-occurrences | Potential Output Occurrences |
|:----------:|:--------------:|:---------------------:|:---------------------:|:----------------------------:|
| iv_498-iv_507 | 1872 | 4220 | 54 | 61 |
| iv_499-iv_501 | 1870 | 4333 | 48 | 75 |
| iv_502-iv_504 | 1829 | 4309 | 47 | 69 |
| iv_499-iv_503 | 1922 | 4207 | 47 | 70 |
| iv_497-iv_499 | 1864 | 4325 | 47 | 72 |
| iv_498-iv_501 | 1834 | 4211 | 46 | 78 |
| iv_498-iv_502 | 1734 | 4229 | 46 | 78 |
| iv_499-iv_504 | 1912 | 4392 | 46 | 78 |
| iv_497-iv_498 | 1824 | 4211 | 46 | 73 |

### Input Bit Output Co-occurrences Sorted by Potential Output Occurrences

| Input Bits | Co-occurrences | Potential Occurrences | Output Co-occurrences | Potential Output Occurrences |
|:----------:|:--------------:|:---------------------:|:---------------------:|:----------------------------:|
| iv_498-iv_507 | 1872 | 4220 | 54 | 61 |
| iv_502-iv_504 | 1829 | 4309 | 47 | 69 |
| iv_499-iv_503 | 1922 | 4207 | 47 | 70 |
| iv_504-iv_507 | 1964 | 4306 | 45 | 72 |
| iv_497-iv_499 | 1864 | 4325 | 47 | 72 |
| iv_497-iv_498 | 1824 | 4211 | 46 | 73 |
| iv_500-iv_503 | 1909 | 4202 | 39 | 73 |
| iv_499-iv_501 | 1870 | 4333 | 48 | 75 |
| iv_497-iv_504 | 1865 | 4399 | 41 | 76 |

## Output Bits

### Output Bits in Regular Order

| Rank | Output Bit | Complexity |
|:----:|:----------:|:----------:|
| 1 | ov_001 | 1.2491037620696371 × 10^295 |
| 2 | ov_002 | 1.081646643612289 × 10^295 |
| 3 | ov_003 | 9.317995476601127 × 10^294 |
| 4 | ov_004 | 7.98219563872657 × 10^294 |
| 5 | ov_005 | 6.796370091468705 × 10^294 |
| 6 | ov_006 | 5.7485016769101166 × 10^294 |
| 7 | ov_007 | 4.827207163840552 × 10^294 |
| 8 | ov_008 | 4.0216979444920814 × 10^294 |
| 9 | ov_009 | 3.32174666528912 × 10^294 |
| 10 | ov_010 | 2.7176591889840663 × 10^294 |
| 11 | ov_011 | 2.200251278536624 × 10^294 |
| 12 | ov_012 | 1.7608294278533094 × 10^294 |
| 13 | ov_013 | 1.3911752986371252 × 10^294 |
| 14 | ov_014 | 1.0835332562512161 × 10^294 |
| 15 | ov_015 | 8.306005307925398 × 10^293 |
| 16 | ov_016 | 6.255195625954472 × 10^293 |
| 17 | ov_017 | 4.618721242120287 × 10^293 |
| 18 | ov_018 | 3.336748435999549 × 10^293 |
| 19 | ov_019 | 2.353758031861404 × 10^293 |
| 20 | ov_020 | 1.6185197202637957 × 10^293 |
| 21 | ov_021 | 1.0840730470641897 × 10^293 |
| 22 | ov_022 | 7.077137623652445 × 10^292 |
| 23 | ov_023 | 4.5098438402268296 × 10^292 |
| 24 | ov_024 | 2.7966799238336606 × 10^292 |
| 25 | ov_025 | 1.6378443492922149 × 10^292 |
| 26 | ov_026 | 8.94024802494157 × 10^291 |
| 27 | ov_027 | 4.470789642156211 × 10^291 |
| 28 | ov_028 | 2.0003164176500865 × 10^291 |
| 29 | ov_029 | 7.707378783685433 × 10^290 |
| 30 | ov_030 | 2.3562243457772376 × 10^290 |
| 31 | ov_031 | 4.596137466596239 × 10^289 |
| 32 | lv_80_m31 | 8.964214403248614 × 10^288 |
| 33 | ov_033 | 1.0722247242659588 × 10^290 |
| 34 | ov_034 | 9.298698464736817 × 10^289 |
| 35 | ov_035 | 8.025339415185754 × 10^289 |
| 36 | ov_036 | 6.889452646174233 × 10^289 |
| 37 | ov_037 | 5.879000941192733 × 10^289 |
| 38 | ov_038 | 4.982579500787535 × 10^289 |
| 39 | ov_039 | 4.189374773431021 × 10^289 |
| 40 | ov_040 | 3.4891292685041737 × 10^289 |
| 41 | ov_041 | 2.8768492113595563 × 10^289 |
| 42 | ov_042 | 2.3477971194622976 × 10^289 |
| 43 | ov_043 | 1.8974803994629768 × 10^289 |
| 44 | ov_044 | 1.5176125793215385 × 10^289 |
| 45 | ov_045 | 1.2003565597948586 × 10^289 |
| 46 | ov_046 | 9.383135285717025 × 10^288 |
| 47 | ov_047 | 7.245142470299372 × 10^288 |
| 48 | ov_048 | 5.5241232427270337 × 10^288 |
| 49 | ov_049 | 4.158791228471231 × 10^288 |
| 50 | ov_050 | 3.0919996974578774 × 10^288 |
| 51 | ov_051 | 2.2707137505921558 × 10^288 |
| 52 | ov_052 | 1.645990023969102 × 10^288 |
| 53 | ov_053 | 1.1729620157425631 × 10^288 |
| 54 | ov_054 | 8.108297504877975 × 10^287 |
| 55 | ov_055 | 5.4020881797041856 × 10^287 |
| 56 | ov_056 | 3.437431866077807 × 10^287 |
| 57 | ov_057 | 2.0610347465777546 × 10^287 |
| 58 | ov_058 | 1.1398594581664421 × 10^287 |
| 59 | ov_059 | 5.6111975738084 × 10^286 |
| 60 | ov_060 | 2.3227804466649307 × 10^286 |
| 61 | ov_061 | 8.104445158623341 × 10^285 |
| 62 | ov_062 | 2.220657959164037 × 10^285 |
| 63 | ov_063 | 4.322858905113364 × 10^284 |
| 64 | lv_79_m31 | 8.413190211789882 × 10^283 |
| 65 | ov_065 | 9.955239865336927 × 10^284 |
| 66 | ov_066 | 9.955206994896568 × 10^284 |
| 67 | ov_067 | 9.955198949479112 × 10^284 |
| 68 | ov_068 | 8.58011913276711 × 10^284 |
| 69 | ov_069 | 7.356396197285458 × 10^284 |
| 70 | ov_070 | 6.271583517069311 × 10^284 |
| 71 | ov_071 | 5.314000699683443 × 10^284 |
| 72 | ov_072 | 4.472681677454012 × 10^284 |
| 73 | ov_073 | 3.737327379657594 × 10^284 |
| 74 | ov_074 | 3.0982627458465618 × 10^284 |
| 75 | ov_075 | 2.546397849288312 × 10^284 |
| 76 | ov_076 | 2.0731929066531113 × 10^284 |
| 77 | ov_077 | 1.6706269558243825 × 10^284 |
| 78 | ov_078 | 1.33116998823448 × 10^284 |
| 79 | ov_079 | 1.0477583256424983 × 10^284 |
| 80 | ov_080 | 8.137730339480702 × 10^283 |
| 81 | ov_081 | 6.23021168641855 × 10^283 |
| 82 | ov_082 | 4.6971964797876675 × 10^283 |
| 83 | ov_083 | 3.484815510508204 × 10^283 |
| 84 | ov_084 | 2.5430463872970093 × 10^283 |
| 85 | ov_085 | 1.82561896014156 × 10^283 |
| 86 | ov_086 | 1.2899389470646745 × 10^283 |
| 87 | ov_087 | 8.970277559894086 × 10^282 |
| 88 | ov_088 | 6.114764951176371 × 10^282 |
| 89 | ov_089 | 4.014121661700384 × 10^282 |
| 90 | ov_090 | 2.5177871630423214 × 10^282 |
| 91 | ov_091 | 1.4927146454721658 × 10^282 |
| 92 | ov_092 | 8.233116626919846 × 10^281 |
| 93 | ov_093 | 4.114067742809978 × 10^281 |
| 94 | ov_094 | 1.7623315942890088 × 10^281 |
| 95 | aaa_78_28 | 5.442192922259291 × 10^280 |
| 96 | aaa_78_29 | 1.6714542588047336 × 10^280 |
| 97 | ov_097 | 1.1040631074920768 × 10^280 |
| 98 | ov_098 | 1.1040301790990105 × 10^280 |
| 99 | ov_099 | 1.1040196728679286 × 10^280 |
| 100 | ov_100 | 9.936101577564334 × 10^279 |
| 101 | ov_101 | 8.913206874056581 × 10^279 |
| 102 | ov_102 | 7.967096842565571 × 10^279 |
| 103 | ov_103 | 7.093678046740955 × 10^279 |
| 104 | ov_104 | 6.289136300248534 × 10^279 |
| 105 | ov_105 | 5.549897596259042 × 10^279 |
| 106 | ov_106 | 4.8725928533342274 × 10^279 |
| 107 | ov_107 | 4.2540262818337155 × 10^279 |
| 108 | ov_108 | 3.6911471799686573 × 10^279 |
| 109 | ov_109 | 3.1810249724218344 × 10^279 |
| 110 | ov_110 | 2.720827307239657 × 10^279 |
| 111 | ov_111 | 2.3078010286724208 × 10^279 |
| 112 | ov_112 | 1.9392558449738262 × 10^279 |
| 113 | ov_113 | 1.6125505110334688 × 10^279 |
| 114 | ov_114 | 1.325081346255326 × 10^279 |
| 115 | ov_115 | 1.0742729084355004 × 10^279 |
| 116 | ov_116 | 8.575706446217085 × 10^278 |
| 117 | ov_117 | 6.724353401021391 × 10^278 |
| 118 | ov_118 | 5.163390178654489 × 10^278 |
| 119 | ov_119 | 3.86761794352293 × 10^278 |
| 120 | ov_120 | 2.8118941093897063 × 10^278 |
| 121 | ov_121 | 1.9711135186733126 × 10^278 |
| 122 | ov_122 | 1.3201945934748173 × 10^278 |
| 123 | ov_123 | 8.340695656445825 × 10^277 |
| 124 | ov_124 | 4.876778931986704 × 10^277 |
| 125 | ov_125 | 2.5596218663161105 × 10^277 |
| 126 | ov_126 | 1.1386613369912857 × 10^277 |
| 127 | aaa_77_28 | 3.633370402286637 × 10^276 |
| 128 | aaa_77_29 | 1.36065806552204 × 10^276 |
| 129 | ov_129 | 1.245071207956405 × 10^276 |
| 130 | ov_130 | 1.2450673921447312 × 10^276 |
| 131 | ov_131 | 1.245066471626439 × 10^276 |
| 132 | ov_132 | 1.0759588561284362 × 10^276 |
| 133 | ov_133 | 9.248454788945958 × 10^275 |
| 134 | ov_134 | 7.903578234932914 × 10^275 |
| 135 | ov_135 | 6.71198514493714 × 10^275 |
| 136 | ov_136 | 5.661362036655274 × 10^275 |
| 137 | ov_137 | 4.74001223777492 × 10^275 |
| 138 | ov_138 | 3.936819323737324 × 10^275 |
| 139 | ov_139 | 3.241216717635922 × 10^275 |
| 140 | ov_140 | 2.6431627522915677 × 10^275 |
| 141 | ov_141 | 2.133120531574494 × 10^275 |
| 142 | ov_142 | 1.7020419646119252 × 10^275 |
| 143 | ov_143 | 1.3413553827759637 × 10^275 |
| 144 | ov_144 | 1.0429561853957154 × 10^275 |
| 145 | ov_145 | 7.991999960511423 × 10^274 |
| 146 | ov_146 | 6.028978471261053 × 10^274 |
| 147 | ov_147 | 4.4731294604887705 × 10^274 |
| 148 | ov_148 | 3.2615861234556245 × 10^274 |
| 149 | ov_149 | 2.3359701028744254 × 10^274 |
| 150 | ov_150 | 1.6423835431236497 × 10^274 |
| 151 | ov_151 | 1.1314036265454242 × 10^274 |
| 152 | ov_152 | 7.580785306599974 × 10^273 |
| 153 | ov_153 | 4.819244606448363 × 10^273 |
| 154 | ov_154 | 2.838162167079834 × 10^273 |
| 155 | ov_155 | 1.468611557369463 × 10^273 |
| 156 | aaa_76_25 | 5.639870173318114 × 10^272 |
| 157 | aaa_76_26 | 3.253216831660767 × 10^272 |
| 158 | aaa_76_27 | 1.6631303454331386 × 10^272 |
| 159 | aaa_76_28 | 6.464569408425874 × 10^271 |
| 160 | aaa_76_29 | 1.962612106842099 × 10^271 |

### Output Bits Sorted by Complexity

| Rank | Output Bit | Complexity |
|:----:|:----------:|:----------:|
| 160 | aaa_76_29 | 1.962612106842099 × 10^271 |
| 159 | aaa_76_28 | 6.464569408425874 × 10^271 |
| 158 | aaa_76_27 | 1.6631303454331386 × 10^272 |
| 157 | aaa_76_26 | 3.253216831660767 × 10^272 |
| 156 | aaa_76_25 | 5.639870173318114 × 10^272 |
| 155 | ov_155 | 1.468611557369463 × 10^273 |
| 154 | ov_154 | 2.838162167079834 × 10^273 |
| 153 | ov_153 | 4.819244606448363 × 10^273 |
| 152 | ov_152 | 7.580785306599974 × 10^273 |
| 151 | ov_151 | 1.1314036265454242 × 10^274 |
| 150 | ov_150 | 1.6423835431236497 × 10^274 |
| 149 | ov_149 | 2.3359701028744254 × 10^274 |
| 148 | ov_148 | 3.2615861234556245 × 10^274 |
| 147 | ov_147 | 4.4731294604887705 × 10^274 |
| 146 | ov_146 | 6.028978471261053 × 10^274 |
| 145 | ov_145 | 7.991999960511423 × 10^274 |
| 144 | ov_144 | 1.0429561853957154 × 10^275 |
| 143 | ov_143 | 1.3413553827759637 × 10^275 |
| 142 | ov_142 | 1.7020419646119252 × 10^275 |
| 141 | ov_141 | 2.133120531574494 × 10^275 |
| 140 | ov_140 | 2.6431627522915677 × 10^275 |
| 139 | ov_139 | 3.241216717635922 × 10^275 |
| 138 | ov_138 | 3.936819323737324 × 10^275 |
| 137 | ov_137 | 4.74001223777492 × 10^275 |
| 136 | ov_136 | 5.661362036655274 × 10^275 |
| 135 | ov_135 | 6.71198514493714 × 10^275 |
| 134 | ov_134 | 7.903578234932914 × 10^275 |
| 133 | ov_133 | 9.248454788945958 × 10^275 |
| 132 | ov_132 | 1.0759588561284362 × 10^276 |
| 131 | ov_131 | 1.245066471626439 × 10^276 |
| 130 | ov_130 | 1.2450673921447312 × 10^276 |
| 129 | ov_129 | 1.245071207956405 × 10^276 |
| 128 | aaa_77_29 | 1.36065806552204 × 10^276 |
| 127 | aaa_77_28 | 3.633370402286637 × 10^276 |
| 126 | ov_126 | 1.1386613369912857 × 10^277 |
| 125 | ov_125 | 2.5596218663161105 × 10^277 |
| 124 | ov_124 | 4.876778931986704 × 10^277 |
| 123 | ov_123 | 8.340695656445825 × 10^277 |
| 122 | ov_122 | 1.3201945934748173 × 10^278 |
| 121 | ov_121 | 1.9711135186733126 × 10^278 |
| 120 | ov_120 | 2.8118941093897063 × 10^278 |
| 119 | ov_119 | 3.86761794352293 × 10^278 |
| 118 | ov_118 | 5.163390178654489 × 10^278 |
| 117 | ov_117 | 6.724353401021391 × 10^278 |
| 116 | ov_116 | 8.575706446217085 × 10^278 |
| 115 | ov_115 | 1.0742729084355004 × 10^279 |
| 114 | ov_114 | 1.325081346255326 × 10^279 |
| 113 | ov_113 | 1.6125505110334688 × 10^279 |
| 112 | ov_112 | 1.9392558449738262 × 10^279 |
| 111 | ov_111 | 2.3078010286724208 × 10^279 |
| 110 | ov_110 | 2.720827307239657 × 10^279 |
| 109 | ov_109 | 3.1810249724218344 × 10^279 |
| 108 | ov_108 | 3.6911471799686573 × 10^279 |
| 107 | ov_107 | 4.2540262818337155 × 10^279 |
| 106 | ov_106 | 4.8725928533342274 × 10^279 |
| 105 | ov_105 | 5.549897596259042 × 10^279 |
| 104 | ov_104 | 6.289136300248534 × 10^279 |
| 103 | ov_103 | 7.093678046740955 × 10^279 |
| 102 | ov_102 | 7.967096842565571 × 10^279 |
| 101 | ov_101 | 8.913206874056581 × 10^279 |
| 100 | ov_100 | 9.936101577564334 × 10^279 |
| 99 | ov_099 | 1.1040196728679286 × 10^280 |
| 98 | ov_098 | 1.1040301790990105 × 10^280 |
| 97 | ov_097 | 1.1040631074920768 × 10^280 |
| 96 | aaa_78_29 | 1.6714542588047336 × 10^280 |
| 95 | aaa_78_28 | 5.442192922259291 × 10^280 |
| 94 | ov_094 | 1.7623315942890088 × 10^281 |
| 93 | ov_093 | 4.114067742809978 × 10^281 |
| 92 | ov_092 | 8.233116626919846 × 10^281 |
| 91 | ov_091 | 1.4927146454721658 × 10^282 |
| 90 | ov_090 | 2.5177871630423214 × 10^282 |
| 89 | ov_089 | 4.014121661700384 × 10^282 |
| 88 | ov_088 | 6.114764951176371 × 10^282 |
| 87 | ov_087 | 8.970277559894086 × 10^282 |
| 86 | ov_086 | 1.2899389470646745 × 10^283 |
| 85 | ov_085 | 1.82561896014156 × 10^283 |
| 84 | ov_084 | 2.5430463872970093 × 10^283 |
| 83 | ov_083 | 3.484815510508204 × 10^283 |
| 82 | ov_082 | 4.6971964797876675 × 10^283 |
| 81 | ov_081 | 6.23021168641855 × 10^283 |
| 80 | ov_080 | 8.137730339480702 × 10^283 |
| 64 | lv_79_m31 | 8.413190211789882 × 10^283 |
| 79 | ov_079 | 1.0477583256424983 × 10^284 |
| 78 | ov_078 | 1.33116998823448 × 10^284 |
| 77 | ov_077 | 1.6706269558243825 × 10^284 |
| 76 | ov_076 | 2.0731929066531113 × 10^284 |
| 75 | ov_075 | 2.546397849288312 × 10^284 |
| 74 | ov_074 | 3.0982627458465618 × 10^284 |
| 73 | ov_073 | 3.737327379657594 × 10^284 |
| 63 | ov_063 | 4.322858905113364 × 10^284 |
| 72 | ov_072 | 4.472681677454012 × 10^284 |
| 71 | ov_071 | 5.314000699683443 × 10^284 |
| 70 | ov_070 | 6.271583517069311 × 10^284 |
| 69 | ov_069 | 7.356396197285458 × 10^284 |
| 68 | ov_068 | 8.58011913276711 × 10^284 |
| 67 | ov_067 | 9.955198949479112 × 10^284 |
| 66 | ov_066 | 9.955206994896568 × 10^284 |
| 65 | ov_065 | 9.955239865336927 × 10^284 |
| 62 | ov_062 | 2.220657959164037 × 10^285 |
| 61 | ov_061 | 8.104445158623341 × 10^285 |
| 60 | ov_060 | 2.3227804466649307 × 10^286 |
| 59 | ov_059 | 5.6111975738084 × 10^286 |
| 58 | ov_058 | 1.1398594581664421 × 10^287 |
| 57 | ov_057 | 2.0610347465777546 × 10^287 |
| 56 | ov_056 | 3.437431866077807 × 10^287 |
| 55 | ov_055 | 5.4020881797041856 × 10^287 |
| 54 | ov_054 | 8.108297504877975 × 10^287 |
| 53 | ov_053 | 1.1729620157425631 × 10^288 |
| 52 | ov_052 | 1.645990023969102 × 10^288 |
| 51 | ov_051 | 2.2707137505921558 × 10^288 |
| 50 | ov_050 | 3.0919996974578774 × 10^288 |
| 49 | ov_049 | 4.158791228471231 × 10^288 |
| 48 | ov_048 | 5.5241232427270337 × 10^288 |
| 47 | ov_047 | 7.245142470299372 × 10^288 |
| 32 | lv_80_m31 | 8.964214403248614 × 10^288 |
| 46 | ov_046 | 9.383135285717025 × 10^288 |
| 45 | ov_045 | 1.2003565597948586 × 10^289 |
| 44 | ov_044 | 1.5176125793215385 × 10^289 |
| 43 | ov_043 | 1.8974803994629768 × 10^289 |
| 42 | ov_042 | 2.3477971194622976 × 10^289 |
| 41 | ov_041 | 2.8768492113595563 × 10^289 |
| 40 | ov_040 | 3.4891292685041737 × 10^289 |
| 39 | ov_039 | 4.189374773431021 × 10^289 |
| 31 | ov_031 | 4.596137466596239 × 10^289 |
| 38 | ov_038 | 4.982579500787535 × 10^289 |
| 37 | ov_037 | 5.879000941192733 × 10^289 |
| 36 | ov_036 | 6.889452646174233 × 10^289 |
| 35 | ov_035 | 8.025339415185754 × 10^289 |
| 34 | ov_034 | 9.298698464736817 × 10^289 |
| 33 | ov_033 | 1.0722247242659588 × 10^290 |
| 30 | ov_030 | 2.3562243457772376 × 10^290 |
| 29 | ov_029 | 7.707378783685433 × 10^290 |
| 28 | ov_028 | 2.0003164176500865 × 10^291 |
| 27 | ov_027 | 4.470789642156211 × 10^291 |
| 26 | ov_026 | 8.94024802494157 × 10^291 |
| 25 | ov_025 | 1.6378443492922149 × 10^292 |
| 24 | ov_024 | 2.7966799238336606 × 10^292 |
| 23 | ov_023 | 4.5098438402268296 × 10^292 |
| 22 | ov_022 | 7.077137623652445 × 10^292 |
| 21 | ov_021 | 1.0840730470641897 × 10^293 |
| 20 | ov_020 | 1.6185197202637957 × 10^293 |
| 19 | ov_019 | 2.353758031861404 × 10^293 |
| 18 | ov_018 | 3.336748435999549 × 10^293 |
| 17 | ov_017 | 4.618721242120287 × 10^293 |
| 16 | ov_016 | 6.255195625954472 × 10^293 |
| 15 | ov_015 | 8.306005307925398 × 10^293 |
| 14 | ov_014 | 1.0835332562512161 × 10^294 |
| 13 | ov_013 | 1.3911752986371252 × 10^294 |
| 12 | ov_012 | 1.7608294278533094 × 10^294 |
| 11 | ov_011 | 2.200251278536624 × 10^294 |
| 10 | ov_010 | 2.7176591889840663 × 10^294 |
| 9 | ov_009 | 3.32174666528912 × 10^294 |
| 8 | ov_008 | 4.0216979444920814 × 10^294 |
| 7 | ov_007 | 4.827207163840552 × 10^294 |
| 6 | ov_006 | 5.7485016769101166 × 10^294 |
| 5 | ov_005 | 6.796370091468705 × 10^294 |
| 4 | ov_004 | 7.98219563872657 × 10^294 |
| 3 | ov_003 | 9.317995476601127 × 10^294 |
| 2 | ov_002 | 1.081646643612289 × 10^295 |
| 1 | ov_001 | 1.2491037620696371 × 10^295 |

