# Results for F001-F002-F003-F004-F005-F006-F007-F008-F009-F010-F011-F012-F013-F014-F015-F016-F017-F018-F019-F020-F021-F022-F023-F024-F025-F026-F027-F028-F029-F030-F031-F032-F033-F034-F035-F036-F037-F038-F039-F040-F041-F042-F043-F044-F045-F046-F047-F048-F049-F050-F051-F052-F053-F054-F055-F056-F057-F058-F059-F060-F061-F062-F063-F064-F065-F066-F067-F068-F069-F070-F071-F072-F073-F074-F075-F076-F077-F078-F079-F080-F081-F082-F083-F084-F085-F086-F087-F088-F089-F090-F091-F092-F093-F094-F095-F096-F097-F098-F099-F100-F101-F102-F103-F104-F105-F106-F107-F108-F109-F110-F111-F112-F113-F114-F115-F116-F117-F118-F119-F120-F121-F122-F123-F124-F125-F126-F127-F128-F129-F130-F131-F132-F133-F134-F135-F136-F137-F138-F139-F140-F141-F142-F143-F144-F145-F146-F147-F148-F149-F150-F151-F152-F153-F154-F155-F156-F157-F158-F159-F160-F161-F162-F163-F164-F165-F166-F167-F168-F169-F170-F171-F172-F173-F174-F175-F176-F177-F178-F179-F180-F181-F182-F183-F184-F185-F186-F187-F188-F189-F190-F191-F192-F193-F194-F195-F196-F197-F198-F199-F200-F201-F202-F203-F204-F205-F206-F207-F208-F209-F210-F211-F212-F213-F214-F215-F216-F217-F218-F219-F220-F221-F222-F223-F224-F225-F226-F227-F228-F229-F230-F231-F232-F233-F234-F235-F236-F237-F238-F239-F240-F241-F242-F243-F244-F245-F246-F247-F248-F249-F250-F251-F252-F253-F254-F255-F256-F257-F258-F259-F260-F261-F262-F263-F264-F265-F266-F267-F268-F269-F270-F271-F272-F273-F274-F275-F276-F277-F278-F279-F280-F281-F282-F283-F284-F285-F286-F287-F288-F289-F290-F291-F292-F293-F294-F295-F296-F297-F298-F299-F300-F301-F302-F303-F304-F305-F306-F307-F308-F309-F310-F311-F312-F313-F314-F315-F316-F317-F318-F319-F320-F321-F322-F323-F324-F325-F326-F327-F328-F329-F330-F331-F332-F333-F334-F335-F336-F337-F338-F339-F340-F341-F342-F343-F344-F345-F346-F347-F348-F349-F350-F351-F352-F353-F354-F355-F356-F357-F358-F359-F360-F361-F362-F363-F364-F365-F366-F367-F368-F369-F370-F371-F372-F373-F374-F375-F376-F377-F378-F379-F380-F381-F382-F383-F384-F385-F386-F387-F388-F389-F390-F391-F392-F393-F394-F395-F396-F397-F398-F399-F400-F401-F402-F403-F404-F405-F406-F407-F408-F409-F410-F411-F412-F413-F414-F415-F416-F417-F418-F419-F420-F421-F422-F423-F424-F425-F426-F427-F428-F429-F430-F431-F432-F433-F434-F435-F436-F437-F438-F439-F440-F441-F442-F443-F444-F445-F446-F447-F448-F449-F450-F451-F452-F453-F454-F455-F456-F457-F458-F459-F460-F461-F462-F463-F464-F465-F466-F467-F468-F469-F470-F471-F472-F473-F474-F475-F476-F477-F478-F479-F480-F481-F482-F483-F484-F485-F486-F487-F488-F489-F490-F491-F492-F493-F494-F495-F496-F497-F498-F499-F500-F501-F502-F503

## Summary

Number of input bits: 512  
Number of free input bits: 9  
Number of output bits: 160

Number of direct occurrences: 36212  
Number of assignments: 30704  
Number of operations: 10941238
(xor: 10911400,
and: 16861,
or: 12977)

Total complexity: 1.2568259843510506 × 10^298

Least occurring input variable: iv_504 (3918)  
Most occurring input variable: iv_512 (4232)

Most co-occurring input variables: iv_511-iv_512 (2020)  
Least co-occurring input variables: iv_504-iv_506 (1760)

Potentially most occurring input variable: iv_505/iv_512 (4489)  
Potentially least occurring input variable: iv_506/iv_507 (4054)

Least output occurring input variable: iv_508 (70)  
Most output occurring input variable: iv_504 (82)

Most output co-occurring input variables: iv_504-iv_506 (46)  
Least output co-occurring input variables: iv_508-iv_512 (29)

Potentially most output occurring input variable: iv_508/iv_512 (90)  
Potentially least output occurring input variable: iv_506/iv_512 (70)

Least complex input bit: iv_504 (1.5726552594711234 × 10^296)  
Most complex input bit: iv_510 (3.51318624657727 × 10^297)

Least complex output bit: aaa_76_29 (1.7815235952037864 × 10^273)  
Most complex output bit: ov_001 (1.964949594753923 × 10^297)

Least complex input/output complexity: iv_504/aaa_76_29 (2.229204748114574 × 10^271)  
Most complex input/output complexity: iv_510/ov_001 (5.4925932288641056 × 10^296)

## Input Bits

### Input Bits in Regular Order

| Input Bit | Complexity | Occurrences | Output Occurrences |
|:---------:|:----------:|:-----------:|:------------------:|
| iv_504 | 1.5726552594711234 × 10^296 | 3918 | 82 |
| iv_505 | 3.300009740930838 × 10^296 | 3931 | 79 |
| iv_506 | 6.1179257926771846 × 10^296 | 3949 | 82 |
| iv_507 | 1.0533673492305765 × 10^297 | 4009 | 72 |
| iv_508 | 1.6712191549310752 × 10^297 | 3990 | 70 |
| iv_509 | 2.4854945581880462 × 10^297 | 3995 | 78 |
| iv_510 | 3.51318624657727 × 10^297 | 4119 | 79 |
| iv_511 | 1.2644189643439671 × 10^297 | 4069 | 74 |
| iv_512 | 1.4815144909316752 × 10^297 | 4232 | 78 |

### Input Bits Sorted by Complexity

| Input Bit | Complexity | Occurrences | Output Occurrences |
|:---------:|:----------:|:-----------:|:------------------:|
| iv_504 | 1.5726552594711234 × 10^296 | 3918 | 82 |
| iv_505 | 3.300009740930838 × 10^296 | 3931 | 79 |
| iv_506 | 6.1179257926771846 × 10^296 | 3949 | 82 |
| iv_507 | 1.0533673492305765 × 10^297 | 4009 | 72 |
| iv_511 | 1.2644189643439671 × 10^297 | 4069 | 74 |
| iv_512 | 1.4815144909316752 × 10^297 | 4232 | 78 |
| iv_508 | 1.6712191549310752 × 10^297 | 3990 | 70 |
| iv_509 | 2.4854945581880462 × 10^297 | 3995 | 78 |
| iv_510 | 3.51318624657727 × 10^297 | 4119 | 79 |

### Input Bits Sorted by Occurrences

| Input Bit | Complexity | Occurrences | Output Occurrences |
|:---------:|:----------:|:-----------:|:------------------:|
| iv_504 | 1.5726552594711234 × 10^296 | 3918 | 82 |
| iv_505 | 3.300009740930838 × 10^296 | 3931 | 79 |
| iv_506 | 6.1179257926771846 × 10^296 | 3949 | 82 |
| iv_508 | 1.6712191549310752 × 10^297 | 3990 | 70 |
| iv_509 | 2.4854945581880462 × 10^297 | 3995 | 78 |
| iv_507 | 1.0533673492305765 × 10^297 | 4009 | 72 |
| iv_511 | 1.2644189643439671 × 10^297 | 4069 | 74 |
| iv_510 | 3.51318624657727 × 10^297 | 4119 | 79 |
| iv_512 | 1.4815144909316752 × 10^297 | 4232 | 78 |

### Input Bits Sorted by Output Occurrences

| Input Bit | Complexity | Occurrences | Output Occurrences |
|:---------:|:----------:|:-----------:|:------------------:|
| iv_508 | 1.6712191549310752 × 10^297 | 3990 | 70 |
| iv_507 | 1.0533673492305765 × 10^297 | 4009 | 72 |
| iv_511 | 1.2644189643439671 × 10^297 | 4069 | 74 |
| iv_509 | 2.4854945581880462 × 10^297 | 3995 | 78 |
| iv_512 | 1.4815144909316752 × 10^297 | 4232 | 78 |
| iv_505 | 3.300009740930838 × 10^296 | 3931 | 79 |
| iv_510 | 3.51318624657727 × 10^297 | 4119 | 79 |
| iv_506 | 6.1179257926771846 × 10^296 | 3949 | 82 |
| iv_504 | 1.5726552594711234 × 10^296 | 3918 | 82 |

## Input Bit Co-occurrences

### Input Bit Co-occurrences Sorted by Co-occurrences

| Input Bits | Co-occurrences | Potential Occurrences | Output Co-occurrences | Potential Output Occurrences |
|:----------:|:--------------:|:---------------------:|:---------------------:|:----------------------------:|
| iv_511-iv_512 | 2020 | 4261 | 39 | 74 |
| iv_510-iv_512 | 1984 | 4383 | 42 | 73 |
| iv_509-iv_512 | 1973 | 4281 | 37 | 82 |
| iv_506-iv_507 | 1952 | 4054 | 39 | 76 |
| iv_506-iv_512 | 1948 | 4285 | 45 | 70 |
| iv_510-iv_511 | 1945 | 4298 | 38 | 77 |
| iv_506-iv_510 | 1936 | 4196 | 44 | 73 |
| iv_508-iv_512 | 1935 | 4352 | 29 | 90 |
| iv_508-iv_510 | 1925 | 4259 | 31 | 87 |

### Input Bit Co-occurrences Sorted by Potential Occurrences

| Input Bits | Co-occurrences | Potential Occurrences | Output Co-occurrences | Potential Output Occurrences |
|:----------:|:--------------:|:---------------------:|:---------------------:|:----------------------------:|
| iv_506-iv_507 | 1952 | 4054 | 39 | 76 |
| iv_506-iv_509 | 1904 | 4136 | 43 | 74 |
| iv_508-iv_509 | 1918 | 4149 | 35 | 78 |
| iv_506-iv_508 | 1890 | 4159 | 37 | 78 |
| iv_506-iv_510 | 1936 | 4196 | 44 | 73 |
| iv_509-iv_511 | 1924 | 4216 | 39 | 74 |
| iv_507-iv_508 | 1890 | 4219 | 35 | 72 |
| iv_504-iv_509 | 1840 | 4233 | 41 | 78 |
| iv_507-iv_509 | 1882 | 4240 | 36 | 78 |

### Input Bit Output Co-occurrences Sorted by Output Co-occurrences

| Input Bits | Co-occurrences | Potential Occurrences | Output Co-occurrences | Potential Output Occurrences |
|:----------:|:--------------:|:---------------------:|:---------------------:|:----------------------------:|
| iv_504-iv_506 | 1760 | 4347 | 46 | 72 |
| iv_506-iv_512 | 1948 | 4285 | 45 | 70 |
| iv_506-iv_510 | 1936 | 4196 | 44 | 73 |
| iv_504-iv_510 | 1877 | 4283 | 44 | 73 |
| iv_504-iv_512 | 1908 | 4334 | 43 | 74 |
| iv_506-iv_509 | 1904 | 4136 | 43 | 74 |
| iv_510-iv_512 | 1984 | 4383 | 42 | 73 |
| iv_504-iv_505 | 1790 | 4269 | 41 | 79 |
| iv_504-iv_509 | 1840 | 4233 | 41 | 78 |

### Input Bit Output Co-occurrences Sorted by Potential Output Occurrences

| Input Bits | Co-occurrences | Potential Occurrences | Output Co-occurrences | Potential Output Occurrences |
|:----------:|:--------------:|:---------------------:|:---------------------:|:----------------------------:|
| iv_506-iv_512 | 1948 | 4285 | 45 | 70 |
| iv_507-iv_508 | 1890 | 4219 | 35 | 72 |
| iv_504-iv_506 | 1760 | 4347 | 46 | 72 |
| iv_506-iv_510 | 1936 | 4196 | 44 | 73 |
| iv_504-iv_510 | 1877 | 4283 | 44 | 73 |
| iv_510-iv_512 | 1984 | 4383 | 42 | 73 |
| iv_508-iv_511 | 1901 | 4257 | 35 | 74 |
| iv_509-iv_511 | 1924 | 4216 | 39 | 74 |
| iv_511-iv_512 | 2020 | 4261 | 39 | 74 |

## Output Bits

### Output Bits in Regular Order

| Rank | Output Bit | Complexity |
|:----:|:----------:|:----------:|
| 1 | ov_001 | 1.964949594753923 × 10^297 |
| 2 | ov_002 | 1.7150592051652534 × 10^297 |
| 3 | ov_003 | 1.4881069789782147 × 10^297 |
| 4 | ov_004 | 1.2830716418113706 × 10^297 |
| 5 | ov_005 | 1.0989879338489637 × 10^297 |
| 6 | ov_006 | 9.349425999946741 × 10^296 |
| 7 | ov_007 | 7.900709048593504 × 10^296 |
| 8 | ov_008 | 6.627772785029238 × 10^296 |
| 9 | ov_009 | 5.515497008796146 × 10^296 |
| 10 | ov_010 | 4.549555317818308 × 10^296 |
| 11 | ov_011 | 3.716379468407489 × 10^296 |
| 12 | ov_012 | 3.0031292757698625 × 10^296 |
| 13 | ov_013 | 2.397667621018187 × 10^296 |
| 14 | ov_014 | 1.8885401570272085 × 10^296 |
| 15 | ov_015 | 1.4649592917385881 × 10^296 |
| 16 | ov_016 | 1.11679193727706 × 10^296 |
| 17 | ov_017 | 8.345504323058291 × 10^295 |
| 18 | ov_018 | 6.093860528864877 × 10^295 |
| 19 | ov_019 | 4.330845777061484 × 10^295 |
| 20 | ov_020 | 2.980634240560658 × 10^295 |
| 21 | ov_021 | 1.9736992142600586 × 10^295 |
| 22 | ov_022 | 1.2468034003640454 × 10^295 |
| 23 | ov_023 | 7.429935653566088 × 10^294 |
| 24 | ov_024 | 4.115974106307679 × 10^294 |
| 25 | ov_025 | 2.0822161854356088 × 10^294 |
| 26 | ov_026 | 9.475067920166231 × 10^293 |
| 27 | ov_027 | 3.934626029041038 × 10^293 |
| 28 | ov_028 | 1.64469144663017 × 10^293 |
| 29 | ov_029 | 6.76796750366794 × 10^292 |
| 30 | ov_030 | 2.2362688208846333 × 10^292 |
| 31 | ov_031 | 5.4071464301738215 × 10^291 |
| 32 | lv_80_k31 | 1.3070189563136506 × 10^291 |
| 33 | ov_033 | 1.5765299544229572 × 10^292 |
| 34 | ov_034 | 1.364066054234679 × 10^292 |
| 35 | ov_035 | 1.1741966665819575 × 10^292 |
| 36 | ov_036 | 1.0058986432227659 × 10^292 |
| 37 | ov_037 | 8.572896871345644 × 10^291 |
| 38 | ov_038 | 7.265877914911967 × 10^291 |
| 39 | ov_039 | 6.12104596775471 × 10^291 |
| 40 | ov_040 | 5.122396795716186 × 10^291 |
| 41 | ov_041 | 4.2547567997924155 × 10^291 |
| 42 | ov_042 | 3.503741803245249 × 10^291 |
| 43 | ov_043 | 2.855722533016887 × 10^291 |
| 44 | ov_044 | 2.297796028929297 × 10^291 |
| 45 | ov_045 | 1.81776226421066 × 10^291 |
| 46 | ov_046 | 1.4096943404781193 × 10^291 |
| 47 | ov_047 | 1.068003226413196 × 10^291 |
| 48 | ov_048 | 7.874312060717143 × 10^290 |
| 49 | ov_049 | 5.630468617080499 × 10^290 |
| 50 | ov_050 | 3.902413363793092 × 10^290 |
| 51 | ov_051 | 2.6075467071533963 × 10^290 |
| 52 | ov_052 | 1.66961722621667 × 10^290 |
| 53 | ov_053 | 1.018702193068077 × 10^290 |
| 54 | ov_054 | 5.911961026277546 × 10^289 |
| 55 | ov_055 | 3.298044474753589 × 10^289 |
| 56 | ov_056 | 1.835404846845445 × 10^289 |
| 57 | ov_057 | 1.0772348478789306 × 10^289 |
| 58 | ov_058 | 6.397773096131261 × 10^288 |
| 59 | ov_059 | 3.469152742373975 × 10^288 |
| 60 | ov_060 | 1.6712802896474103 × 10^288 |
| 61 | ov_061 | 6.889510015727954 × 10^287 |
| 62 | ov_062 | 2.2798062378811733 × 10^287 |
| 63 | ov_063 | 5.518927068841965 × 10^286 |
| 64 | lv_79_k31 | 1.3351129984054873 × 10^286 |
| 65 | ov_065 | 1.5811032513259199 × 10^287 |
| 66 | ov_066 | 1.5810995421324035 × 10^287 |
| 67 | ov_067 | 1.581098340084073 × 10^287 |
| 68 | ov_068 | 1.3708997227967075 × 10^287 |
| 69 | ov_069 | 1.1812545230499516 × 10^287 |
| 70 | ov_070 | 1.0112028293209686 × 10^287 |
| 71 | ov_071 | 8.598440224133001 × 10^286 |
| 72 | ov_072 | 7.263327224142326 × 10^286 |
| 73 | ov_073 | 6.091294134428253 × 10^286 |
| 74 | ov_074 | 5.067878637423289 × 10^286 |
| 75 | ov_075 | 4.179493170207703 × 10^286 |
| 76 | ov_076 | 3.413372638642622 × 10^286 |
| 77 | ov_077 | 2.757527606235139 × 10^286 |
| 78 | ov_078 | 2.200702639006361 × 10^286 |
| 79 | ov_079 | 1.7323394932826002 × 10^286 |
| 80 | ov_080 | 1.3425448376171315 × 10^286 |
| 81 | ov_081 | 1.0220622032097359 × 10^286 |
| 82 | ov_082 | 7.622478594379505 × 10^285 |
| 83 | ov_083 | 5.550503126415767 × 10^285 |
| 84 | ov_084 | 3.929931272844523 × 10^285 |
| 85 | ov_085 | 2.6916076920842462 × 10^285 |
| 86 | ov_086 | 1.7718717102619222 × 10^285 |
| 87 | ov_087 | 1.1124671987819557 × 10^285 |
| 88 | ov_088 | 6.604736787643915 × 10^284 |
| 89 | ov_089 | 3.682556561443762 × 10^284 |
| 90 | ov_090 | 1.9342719155331204 × 10^284 |
| 91 | ov_091 | 9.882870928852437 × 10^283 |
| 92 | ov_092 | 5.251307479200085 × 10^283 |
| 93 | ov_093 | 2.7738117707456535 × 10^283 |
| 94 | ov_094 | 1.2433377752677182 × 10^283 |
| 95 | aaa_78_28 | 3.9989319978571023 × 10^282 |
| 96 | aaa_78_29 | 1.5151686394019513 × 10^282 |
| 97 | ov_097 | 1.6501671713901888 × 10^282 |
| 98 | ov_098 | 1.6501175340560236 × 10^282 |
| 99 | ov_099 | 1.6501016805912778 × 10^282 |
| 100 | ov_100 | 1.4850406146597617 × 10^282 |
| 101 | ov_101 | 1.3321485994643582 × 10^282 |
| 102 | ov_102 | 1.1907573875102243 × 10^282 |
| 103 | ov_103 | 1.0602477022990257 × 10^282 |
| 104 | ov_104 | 9.400428691340992 × 10^281 |
| 105 | ov_105 | 8.29603026964674 × 10^281 |
| 106 | ov_106 | 7.28419889968253 × 10^281 |
| 107 | ov_107 | 6.360120289128314 × 10^281 |
| 108 | ov_108 | 5.519206434480148 × 10^281 |
| 109 | ov_109 | 4.757057973752991 × 10^281 |
| 110 | ov_110 | 4.069430896698771 × 10^281 |
| 111 | ov_111 | 3.4522073459456534 × 10^281 |
| 112 | ov_112 | 2.901370246846975 × 10^281 |
| 113 | ov_113 | 2.4129815071202303 × 10^281 |
| 114 | ov_114 | 1.9831635297432852 × 10^281 |
| 115 | ov_115 | 1.6080837842460908 × 10^281 |
| 116 | ov_116 | 1.2839421826561167 × 10^281 |
| 117 | ov_117 | 1.006961007059721 × 10^281 |
| 118 | ov_118 | 7.733771361518809 × 10^280 |
| 119 | ov_119 | 5.794363183661884 × 10^280 |
| 120 | ov_120 | 4.213892392862692 × 10^280 |
| 121 | ov_121 | 2.954891310928739 × 10^280 |
| 122 | ov_122 | 1.9799055789116126 × 10^280 |
| 123 | ov_123 | 1.251488459529542 × 10^280 |
| 124 | ov_124 | 7.321975195897505 × 10^279 |
| 125 | ov_125 | 3.8459245211569346 × 10^279 |
| 126 | ov_126 | 1.7123382283024604 × 10^279 |
| 127 | aaa_77_28 | 5.4682476488360396 × 10^278 |
| 128 | aaa_77_29 | 2.049613361848868 × 10^278 |
| 129 | ov_129 | 1.8846425173343168 × 10^278 |
| 130 | ov_130 | 1.884638179233679 × 10^278 |
| 131 | ov_131 | 1.8846367836926336 × 10^278 |
| 132 | ov_132 | 1.6345697051240225 × 10^278 |
| 133 | ov_133 | 1.409116651173911 × 10^278 |
| 134 | ov_134 | 1.2072314078439934 × 10^278 |
| 135 | ov_135 | 1.027927361152066 × 10^278 |
| 136 | ov_136 | 8.693927136784373 × 10^277 |
| 137 | ov_137 | 7.299145474176909 × 10^277 |
| 138 | ov_138 | 6.07872352993643 × 10^277 |
| 139 | ov_139 | 5.017324550685649 × 10^277 |
| 140 | ov_140 | 4.100432651543088 × 10^277 |
| 141 | ov_141 | 3.3143128052536814 × 10^277 |
| 142 | ov_142 | 2.6459774713340516 × 10^277 |
| 143 | ov_143 | 2.083159092782364 × 10^277 |
| 144 | ov_144 | 1.6142877357240695 × 10^277 |
| 145 | ov_145 | 1.2284731946505391 × 10^277 |
| 146 | ov_146 | 9.154909328158745 × 10^276 |
| 147 | ov_147 | 6.657712740111558 × 10^276 |
| 148 | ov_148 | 4.703913084278194 × 10^276 |
| 149 | ov_149 | 3.210690217177433 × 10^276 |
| 150 | ov_150 | 2.1015920269872662 × 10^276 |
| 151 | ov_151 | 1.3065073146436824 × 10^276 |
| 152 | ov_152 | 7.616489594979775 × 10^275 |
| 153 | ov_153 | 4.095443128649026 × 10^275 |
| 154 | ov_154 | 1.990302255503378 × 10^275 |
| 155 | ov_155 | 8.525064566045702 × 10^274 |
| 156 | aaa_76_25 | 2.965549415853439 × 10^274 |
| 157 | aaa_76_26 | 1.8261912268516582 × 10^274 |
| 158 | aaa_76_27 | 1.00208064806706 × 10^274 |
| 159 | aaa_76_28 | 4.726787713540936 × 10^273 |
| 160 | aaa_76_29 | 1.7815235952037864 × 10^273 |

### Output Bits Sorted by Complexity

| Rank | Output Bit | Complexity |
|:----:|:----------:|:----------:|
| 160 | aaa_76_29 | 1.7815235952037864 × 10^273 |
| 159 | aaa_76_28 | 4.726787713540936 × 10^273 |
| 158 | aaa_76_27 | 1.00208064806706 × 10^274 |
| 157 | aaa_76_26 | 1.8261912268516582 × 10^274 |
| 156 | aaa_76_25 | 2.965549415853439 × 10^274 |
| 155 | ov_155 | 8.525064566045702 × 10^274 |
| 154 | ov_154 | 1.990302255503378 × 10^275 |
| 153 | ov_153 | 4.095443128649026 × 10^275 |
| 152 | ov_152 | 7.616489594979775 × 10^275 |
| 151 | ov_151 | 1.3065073146436824 × 10^276 |
| 150 | ov_150 | 2.1015920269872662 × 10^276 |
| 149 | ov_149 | 3.210690217177433 × 10^276 |
| 148 | ov_148 | 4.703913084278194 × 10^276 |
| 147 | ov_147 | 6.657712740111558 × 10^276 |
| 146 | ov_146 | 9.154909328158745 × 10^276 |
| 145 | ov_145 | 1.2284731946505391 × 10^277 |
| 144 | ov_144 | 1.6142877357240695 × 10^277 |
| 143 | ov_143 | 2.083159092782364 × 10^277 |
| 142 | ov_142 | 2.6459774713340516 × 10^277 |
| 141 | ov_141 | 3.3143128052536814 × 10^277 |
| 140 | ov_140 | 4.100432651543088 × 10^277 |
| 139 | ov_139 | 5.017324550685649 × 10^277 |
| 138 | ov_138 | 6.07872352993643 × 10^277 |
| 137 | ov_137 | 7.299145474176909 × 10^277 |
| 136 | ov_136 | 8.693927136784373 × 10^277 |
| 135 | ov_135 | 1.027927361152066 × 10^278 |
| 134 | ov_134 | 1.2072314078439934 × 10^278 |
| 133 | ov_133 | 1.409116651173911 × 10^278 |
| 132 | ov_132 | 1.6345697051240225 × 10^278 |
| 131 | ov_131 | 1.8846367836926336 × 10^278 |
| 130 | ov_130 | 1.884638179233679 × 10^278 |
| 129 | ov_129 | 1.8846425173343168 × 10^278 |
| 128 | aaa_77_29 | 2.049613361848868 × 10^278 |
| 127 | aaa_77_28 | 5.4682476488360396 × 10^278 |
| 126 | ov_126 | 1.7123382283024604 × 10^279 |
| 125 | ov_125 | 3.8459245211569346 × 10^279 |
| 124 | ov_124 | 7.321975195897505 × 10^279 |
| 123 | ov_123 | 1.251488459529542 × 10^280 |
| 122 | ov_122 | 1.9799055789116126 × 10^280 |
| 121 | ov_121 | 2.954891310928739 × 10^280 |
| 120 | ov_120 | 4.213892392862692 × 10^280 |
| 119 | ov_119 | 5.794363183661884 × 10^280 |
| 118 | ov_118 | 7.733771361518809 × 10^280 |
| 117 | ov_117 | 1.006961007059721 × 10^281 |
| 116 | ov_116 | 1.2839421826561167 × 10^281 |
| 115 | ov_115 | 1.6080837842460908 × 10^281 |
| 114 | ov_114 | 1.9831635297432852 × 10^281 |
| 113 | ov_113 | 2.4129815071202303 × 10^281 |
| 112 | ov_112 | 2.901370246846975 × 10^281 |
| 111 | ov_111 | 3.4522073459456534 × 10^281 |
| 110 | ov_110 | 4.069430896698771 × 10^281 |
| 109 | ov_109 | 4.757057973752991 × 10^281 |
| 108 | ov_108 | 5.519206434480148 × 10^281 |
| 107 | ov_107 | 6.360120289128314 × 10^281 |
| 106 | ov_106 | 7.28419889968253 × 10^281 |
| 105 | ov_105 | 8.29603026964674 × 10^281 |
| 104 | ov_104 | 9.400428691340992 × 10^281 |
| 103 | ov_103 | 1.0602477022990257 × 10^282 |
| 102 | ov_102 | 1.1907573875102243 × 10^282 |
| 101 | ov_101 | 1.3321485994643582 × 10^282 |
| 100 | ov_100 | 1.4850406146597617 × 10^282 |
| 96 | aaa_78_29 | 1.5151686394019513 × 10^282 |
| 99 | ov_099 | 1.6501016805912778 × 10^282 |
| 98 | ov_098 | 1.6501175340560236 × 10^282 |
| 97 | ov_097 | 1.6501671713901888 × 10^282 |
| 95 | aaa_78_28 | 3.9989319978571023 × 10^282 |
| 94 | ov_094 | 1.2433377752677182 × 10^283 |
| 93 | ov_093 | 2.7738117707456535 × 10^283 |
| 92 | ov_092 | 5.251307479200085 × 10^283 |
| 91 | ov_091 | 9.882870928852437 × 10^283 |
| 90 | ov_090 | 1.9342719155331204 × 10^284 |
| 89 | ov_089 | 3.682556561443762 × 10^284 |
| 88 | ov_088 | 6.604736787643915 × 10^284 |
| 87 | ov_087 | 1.1124671987819557 × 10^285 |
| 86 | ov_086 | 1.7718717102619222 × 10^285 |
| 85 | ov_085 | 2.6916076920842462 × 10^285 |
| 84 | ov_084 | 3.929931272844523 × 10^285 |
| 83 | ov_083 | 5.550503126415767 × 10^285 |
| 82 | ov_082 | 7.622478594379505 × 10^285 |
| 81 | ov_081 | 1.0220622032097359 × 10^286 |
| 64 | lv_79_k31 | 1.3351129984054873 × 10^286 |
| 80 | ov_080 | 1.3425448376171315 × 10^286 |
| 79 | ov_079 | 1.7323394932826002 × 10^286 |
| 78 | ov_078 | 2.200702639006361 × 10^286 |
| 77 | ov_077 | 2.757527606235139 × 10^286 |
| 76 | ov_076 | 3.413372638642622 × 10^286 |
| 75 | ov_075 | 4.179493170207703 × 10^286 |
| 74 | ov_074 | 5.067878637423289 × 10^286 |
| 63 | ov_063 | 5.518927068841965 × 10^286 |
| 73 | ov_073 | 6.091294134428253 × 10^286 |
| 72 | ov_072 | 7.263327224142326 × 10^286 |
| 71 | ov_071 | 8.598440224133001 × 10^286 |
| 70 | ov_070 | 1.0112028293209686 × 10^287 |
| 69 | ov_069 | 1.1812545230499516 × 10^287 |
| 68 | ov_068 | 1.3708997227967075 × 10^287 |
| 67 | ov_067 | 1.581098340084073 × 10^287 |
| 66 | ov_066 | 1.5810995421324035 × 10^287 |
| 65 | ov_065 | 1.5811032513259199 × 10^287 |
| 62 | ov_062 | 2.2798062378811733 × 10^287 |
| 61 | ov_061 | 6.889510015727954 × 10^287 |
| 60 | ov_060 | 1.6712802896474103 × 10^288 |
| 59 | ov_059 | 3.469152742373975 × 10^288 |
| 58 | ov_058 | 6.397773096131261 × 10^288 |
| 57 | ov_057 | 1.0772348478789306 × 10^289 |
| 56 | ov_056 | 1.835404846845445 × 10^289 |
| 55 | ov_055 | 3.298044474753589 × 10^289 |
| 54 | ov_054 | 5.911961026277546 × 10^289 |
| 53 | ov_053 | 1.018702193068077 × 10^290 |
| 52 | ov_052 | 1.66961722621667 × 10^290 |
| 51 | ov_051 | 2.6075467071533963 × 10^290 |
| 50 | ov_050 | 3.902413363793092 × 10^290 |
| 49 | ov_049 | 5.630468617080499 × 10^290 |
| 48 | ov_048 | 7.874312060717143 × 10^290 |
| 47 | ov_047 | 1.068003226413196 × 10^291 |
| 32 | lv_80_k31 | 1.3070189563136506 × 10^291 |
| 46 | ov_046 | 1.4096943404781193 × 10^291 |
| 45 | ov_045 | 1.81776226421066 × 10^291 |
| 44 | ov_044 | 2.297796028929297 × 10^291 |
| 43 | ov_043 | 2.855722533016887 × 10^291 |
| 42 | ov_042 | 3.503741803245249 × 10^291 |
| 41 | ov_041 | 4.2547567997924155 × 10^291 |
| 40 | ov_040 | 5.122396795716186 × 10^291 |
| 31 | ov_031 | 5.4071464301738215 × 10^291 |
| 39 | ov_039 | 6.12104596775471 × 10^291 |
| 38 | ov_038 | 7.265877914911967 × 10^291 |
| 37 | ov_037 | 8.572896871345644 × 10^291 |
| 36 | ov_036 | 1.0058986432227659 × 10^292 |
| 35 | ov_035 | 1.1741966665819575 × 10^292 |
| 34 | ov_034 | 1.364066054234679 × 10^292 |
| 33 | ov_033 | 1.5765299544229572 × 10^292 |
| 30 | ov_030 | 2.2362688208846333 × 10^292 |
| 29 | ov_029 | 6.76796750366794 × 10^292 |
| 28 | ov_028 | 1.64469144663017 × 10^293 |
| 27 | ov_027 | 3.934626029041038 × 10^293 |
| 26 | ov_026 | 9.475067920166231 × 10^293 |
| 25 | ov_025 | 2.0822161854356088 × 10^294 |
| 24 | ov_024 | 4.115974106307679 × 10^294 |
| 23 | ov_023 | 7.429935653566088 × 10^294 |
| 22 | ov_022 | 1.2468034003640454 × 10^295 |
| 21 | ov_021 | 1.9736992142600586 × 10^295 |
| 20 | ov_020 | 2.980634240560658 × 10^295 |
| 19 | ov_019 | 4.330845777061484 × 10^295 |
| 18 | ov_018 | 6.093860528864877 × 10^295 |
| 17 | ov_017 | 8.345504323058291 × 10^295 |
| 16 | ov_016 | 1.11679193727706 × 10^296 |
| 15 | ov_015 | 1.4649592917385881 × 10^296 |
| 14 | ov_014 | 1.8885401570272085 × 10^296 |
| 13 | ov_013 | 2.397667621018187 × 10^296 |
| 12 | ov_012 | 3.0031292757698625 × 10^296 |
| 11 | ov_011 | 3.716379468407489 × 10^296 |
| 10 | ov_010 | 4.549555317818308 × 10^296 |
| 9 | ov_009 | 5.515497008796146 × 10^296 |
| 8 | ov_008 | 6.627772785029238 × 10^296 |
| 7 | ov_007 | 7.900709048593504 × 10^296 |
| 6 | ov_006 | 9.349425999946741 × 10^296 |
| 5 | ov_005 | 1.0989879338489637 × 10^297 |
| 4 | ov_004 | 1.2830716418113706 × 10^297 |
| 3 | ov_003 | 1.4881069789782147 × 10^297 |
| 2 | ov_002 | 1.7150592051652534 × 10^297 |
| 1 | ov_001 | 1.964949594753923 × 10^297 |

