# Results for F001-F002-F003-F004-F005-F006-F007-F008-F009-F010-F011-F012-F013-F014-F015-F016-F017-F018-F019-F020-F021-F022-F023-F024-F025-F026-F027-F028-F029-F030-F031-F032-F033-F034-F035-F036-F037-F038-F039-F040-F041-F042-F043-F044-F045-F046-F047-F048-F049-F050-F051-F052-F053-F054-F055-F056-F057-F058-F059-F060-F061-F062-F063-F064-F065-F066-F067-F068-F069-F070-F071-F072-F073-F074-F075-F076-F077-F078-F079-F080-F081-F082-F083-F084-F085-F086-F087-F088-F089-F090-F091-F092-F093-F094-F095-F096-F097-F098-F099-F100-F101-F102-F103-F104-F105-F106-F107-F108-F109-F110-F111-F112-F113-F114-F115-F116-F117-F118-F119-F120-F121-F122-F123-F124-F125-F126-F127-F128-F129-F130-F131-F132-F133-F134-F135-F136-F137-F138-F139-F140-F141-F142-F143-F144-F145-F146-F147-F148-F149-F150-F151-F152-F153-F154-F155-F156-F157-F158-F159-F160-F161-F162-F163-F164-F165-F166-F167-F168-F169-F170-F171-F172-F173-F174-F175-F176-F177-F178-F179-F180-F181-F182-F183-F184-F185-F186-F187-F188-F189-F190-F191-F192-F193-F194-F195-F196-F197-F198-F199-F200-F201-F202-F203-F204-F205-F206-F207-F208-F209-F210-F211-F212-F213-F214-F215-F216-F217-F218-F219-F220-F221-F222-F223-F224-F225-F226-F227-F228-F229-F230-F231-F232-F233-F234-F235-F236-F237-F238-F239-F240-F241-F242-F243-F244-F245-F246-F247-F248-F249-F250-F251-F252-F253-F254-F255-F256-F257-F258-F259-F260-F261-F262-F263-F264-F265-F266-F267-F268-F269-F270-F271-F272-F273-F274-F275-F276-F277-F278-F279-F280-F281-F282-F283-F284-F285-F286-F287-F288-F289-F290-F291-F292-F293-F294-F295-F296-F297-F298-F299-F300-F301-F302-F303-F304-F305-F306-F307-F308-F309-F310-F311-F312-F313-F314-F315-F316-F317-F318-F319-F320-F321-F322-F323-F324-F325-F326-F327-F328-F329-F330-F331-F332-F333-F334-F335-F336-F337-F338-F339-F340-F341-F342-F343-F344-F345-F346-F347-F348-F349-F350-F351-F352-F353-F354-F355-F356-F357-F358-F359-F360-F361-F362-F363-F364-F365-F366-F367-F368-F369-F370-F371-F372-F373-F374-F375-F376-F377-F378-F379-F380-F381-F382-F383-F384-F385-F386-F387-F388-F389-F390-F391-F392-F393-F394-F395-F396-F397-F398-F399-F400-F401-F402-F403-F404-F405-F406-F407-F408-F409-F410-F411-F412-F413-F414-F415-F416-F417-F418-F419-F420-F421-F422-F423-F424-F425-F426-F427-F428-F429-F430-F431-F432-F433-F434-F435-F436-F437-F438-F439-F440-F441-F442-F443-F444-F445-F446-F447-F448-F449-F450-F451-F452-F453-F454-F455-F456-F457-F458-F459-F460-F461-F462-F463-F464-F465-F466-F467-F468-F469-F470-F471-F472-F473-F474-F475-F476-F477-F478-F479-F480-F481-F482-F483-F484-F485-F486-F487-F488-F489-F490-F491-F492-F493-F494-F495-F496-E499505-F504-F506-F509-F510-F511-F512

## Summary

Number of input bits: 512  
Number of free input bits: 9  
Number of output bits: 160

Number of direct occurrences: 36645  
Number of assignments: 30793  
Number of operations: 10775155
(xor: 10747297,
and: 14724,
or: 13134)

Total complexity: 2.172319585869844 × 10^296

Least occurring input variable: iv_498 (3888)  
Most occurring input variable: iv_508 (4168)

Most co-occurring input variables: iv_501-iv_502 (2030)  
Least co-occurring input variables: iv_498-iv_499 (1796)

Potentially most occurring input variable: iv_502/iv_508 (4409)  
Potentially least occurring input variable: iv_501/iv_502 (4079)

Least output occurring input variable: iv_503 (72)  
Most output occurring input variable: iv_497 (93)

Most output co-occurring input variables: iv_497-iv_499 (54)  
Least output co-occurring input variables: iv_500-iv_502 (32)

Potentially most output occurring input variable: iv_500/iv_502 (95)  
Potentially least output occurring input variable: iv_501/iv_503 (67)

Least complex input bit: iv_497 (2.0848793646702785 × 10^294)  
Most complex input bit: iv_508 (5.941135100951307 × 10^295)

Least complex output bit: aaa_76_29 (5.222810851216044 × 10^271)  
Most complex output bit: ov_001 (3.4748583241922257 × 10^295)

Least complex input/output complexity: iv_497/aaa_76_29 (5.012582237026679 × 10^269)  
Most complex input/output complexity: iv_508/ov_001 (9.50348323284334 × 10^294)

## Input Bits

### Input Bits in Regular Order

| Input Bit | Complexity | Occurrences | Output Occurrences |
|:---------:|:----------:|:-----------:|:------------------:|
| iv_497 | 2.0848793646702785 × 10^294 | 4095 | 93 |
| iv_498 | 4.172641295789977 × 10^294 | 3888 | 88 |
| iv_499 | 2.111990036290395 × 10^295 | 4103 | 89 |
| iv_500 | 1.2408529585391755 × 10^295 | 4068 | 76 |
| iv_501 | 2.0429407495090485 × 10^295 | 4030 | 83 |
| iv_502 | 3.294182942307186 × 10^295 | 4109 | 83 |
| iv_503 | 1.92397150597855 × 10^295 | 4047 | 72 |
| iv_507 | 4.542370499076775 × 10^295 | 4137 | 76 |
| iv_508 | 5.941135100951307 × 10^295 | 4168 | 81 |

### Input Bits Sorted by Complexity

| Input Bit | Complexity | Occurrences | Output Occurrences |
|:---------:|:----------:|:-----------:|:------------------:|
| iv_497 | 2.0848793646702785 × 10^294 | 4095 | 93 |
| iv_498 | 4.172641295789977 × 10^294 | 3888 | 88 |
| iv_500 | 1.2408529585391755 × 10^295 | 4068 | 76 |
| iv_503 | 1.92397150597855 × 10^295 | 4047 | 72 |
| iv_501 | 2.0429407495090485 × 10^295 | 4030 | 83 |
| iv_499 | 2.111990036290395 × 10^295 | 4103 | 89 |
| iv_502 | 3.294182942307186 × 10^295 | 4109 | 83 |
| iv_507 | 4.542370499076775 × 10^295 | 4137 | 76 |
| iv_508 | 5.941135100951307 × 10^295 | 4168 | 81 |

### Input Bits Sorted by Occurrences

| Input Bit | Complexity | Occurrences | Output Occurrences |
|:---------:|:----------:|:-----------:|:------------------:|
| iv_498 | 4.172641295789977 × 10^294 | 3888 | 88 |
| iv_501 | 2.0429407495090485 × 10^295 | 4030 | 83 |
| iv_503 | 1.92397150597855 × 10^295 | 4047 | 72 |
| iv_500 | 1.2408529585391755 × 10^295 | 4068 | 76 |
| iv_497 | 2.0848793646702785 × 10^294 | 4095 | 93 |
| iv_499 | 2.111990036290395 × 10^295 | 4103 | 89 |
| iv_502 | 3.294182942307186 × 10^295 | 4109 | 83 |
| iv_507 | 4.542370499076775 × 10^295 | 4137 | 76 |
| iv_508 | 5.941135100951307 × 10^295 | 4168 | 81 |

### Input Bits Sorted by Output Occurrences

| Input Bit | Complexity | Occurrences | Output Occurrences |
|:---------:|:----------:|:-----------:|:------------------:|
| iv_503 | 1.92397150597855 × 10^295 | 4047 | 72 |
| iv_500 | 1.2408529585391755 × 10^295 | 4068 | 76 |
| iv_507 | 4.542370499076775 × 10^295 | 4137 | 76 |
| iv_508 | 5.941135100951307 × 10^295 | 4168 | 81 |
| iv_501 | 2.0429407495090485 × 10^295 | 4030 | 83 |
| iv_502 | 3.294182942307186 × 10^295 | 4109 | 83 |
| iv_498 | 4.172641295789977 × 10^294 | 3888 | 88 |
| iv_499 | 2.111990036290395 × 10^295 | 4103 | 89 |
| iv_497 | 2.0848793646702785 × 10^294 | 4095 | 93 |

## Input Bit Co-occurrences

### Input Bit Co-occurrences Sorted by Co-occurrences

| Input Bits | Co-occurrences | Potential Occurrences | Output Co-occurrences | Potential Output Occurrences |
|:----------:|:--------------:|:---------------------:|:---------------------:|:----------------------------:|
| iv_501-iv_502 | 2030 | 4079 | 43 | 80 |
| iv_497-iv_507 | 2017 | 4198 | 44 | 81 |
| iv_507-iv_508 | 2012 | 4281 | 43 | 71 |
| iv_497-iv_501 | 1980 | 4165 | 48 | 80 |
| iv_497-iv_502 | 1980 | 4244 | 49 | 78 |
| iv_502-iv_507 | 1975 | 4296 | 38 | 83 |
| iv_500-iv_502 | 1972 | 4233 | 32 | 95 |
| iv_497-iv_500 | 1961 | 4241 | 39 | 91 |
| iv_500-iv_508 | 1961 | 4314 | 36 | 85 |

### Input Bit Co-occurrences Sorted by Potential Occurrences

| Input Bits | Co-occurrences | Potential Occurrences | Output Co-occurrences | Potential Output Occurrences |
|:----------:|:--------------:|:---------------------:|:---------------------:|:----------------------------:|
| iv_501-iv_502 | 2030 | 4079 | 43 | 80 |
| iv_497-iv_501 | 1980 | 4165 | 48 | 80 |
| iv_497-iv_507 | 2017 | 4198 | 44 | 81 |
| iv_500-iv_501 | 1943 | 4212 | 41 | 77 |
| iv_498-iv_500 | 1870 | 4216 | 39 | 86 |
| iv_501-iv_503 | 1926 | 4225 | 44 | 67 |
| iv_498-iv_501 | 1843 | 4232 | 48 | 75 |
| iv_500-iv_502 | 1972 | 4233 | 32 | 95 |
| iv_497-iv_500 | 1961 | 4241 | 39 | 91 |

### Input Bit Output Co-occurrences Sorted by Output Co-occurrences

| Input Bits | Co-occurrences | Potential Occurrences | Output Co-occurrences | Potential Output Occurrences |
|:----------:|:--------------:|:---------------------:|:---------------------:|:----------------------------:|
| iv_497-iv_499 | 1922 | 4354 | 54 | 74 |
| iv_497-iv_498 | 1868 | 4247 | 50 | 81 |
| iv_497-iv_502 | 1980 | 4244 | 49 | 78 |
| iv_498-iv_501 | 1843 | 4232 | 48 | 75 |
| iv_497-iv_501 | 1980 | 4165 | 48 | 80 |
| iv_499-iv_502 | 1930 | 4352 | 46 | 80 |
| iv_497-iv_508 | 1930 | 4403 | 46 | 82 |
| iv_498-iv_508 | 1838 | 4380 | 45 | 79 |
| iv_498-iv_499 | 1796 | 4399 | 44 | 89 |

### Input Bit Output Co-occurrences Sorted by Potential Output Occurrences

| Input Bits | Co-occurrences | Potential Occurrences | Output Co-occurrences | Potential Output Occurrences |
|:----------:|:--------------:|:---------------------:|:---------------------:|:----------------------------:|
| iv_501-iv_503 | 1926 | 4225 | 44 | 67 |
| iv_507-iv_508 | 2012 | 4281 | 43 | 71 |
| iv_497-iv_499 | 1922 | 4354 | 54 | 74 |
| iv_498-iv_501 | 1843 | 4232 | 48 | 75 |
| iv_500-iv_503 | 1933 | 4249 | 36 | 76 |
| iv_503-iv_507 | 1930 | 4324 | 36 | 76 |
| iv_500-iv_501 | 1943 | 4212 | 41 | 77 |
| iv_501-iv_507 | 1917 | 4333 | 41 | 77 |
| iv_502-iv_503 | 1900 | 4356 | 39 | 77 |

## Output Bits

### Output Bits in Regular Order

| Rank | Output Bit | Complexity |
|:----:|:----------:|:----------:|
| 1 | ov_001 | 3.4748583241922257 × 10^295 |
| 2 | ov_002 | 3.0134359603193166 × 10^295 |
| 3 | ov_003 | 2.600098859261979 × 10^295 |
| 4 | ov_004 | 2.2312026984113804 × 10^295 |
| 5 | ov_005 | 1.90330159661346 × 10^295 |
| 6 | ov_006 | 1.6131339844501242 × 10^295 |
| 7 | ov_007 | 1.3576103348853572 × 10^295 |
| 8 | ov_008 | 1.1338026265889341 × 10^295 |
| 9 | ov_009 | 9.389353977573968 × 10^294 |
| 10 | ov_010 | 7.703782221715259 × 10^294 |
| 11 | ov_011 | 6.256394372952006 × 10^294 |
| 12 | ov_012 | 5.023609639423092 × 10^294 |
| 13 | ov_013 | 3.9831406657801875 × 10^294 |
| 14 | ov_014 | 3.113959127201717 × 10^294 |
| 15 | ov_015 | 2.396268063156818 × 10^294 |
| 16 | ov_016 | 1.8114799341325042 × 10^294 |
| 17 | ov_017 | 1.3421995359104007 × 10^294 |
| 18 | ov_018 | 9.72210974423236 × 10^293 |
| 19 | ov_019 | 6.864679239810853 × 10^293 |
| 20 | ov_020 | 4.71086405614399 × 10^293 |
| 21 | ov_021 | 3.1333947581973063 × 10^293 |
| 22 | ov_022 | 2.016534122707463 × 10^293 |
| 23 | ov_023 | 1.256050767437539 × 10^293 |
| 24 | ov_024 | 7.592018072648133 × 10^292 |
| 25 | ov_025 | 4.4472224388949165 × 10^292 |
| 26 | ov_026 | 2.428191553094637 × 10^292 |
| 27 | ov_027 | 1.2146361700114302 × 10^292 |
| 28 | ov_028 | 5.436097488513911 × 10^291 |
| 29 | ov_029 | 2.0950570722162233 × 10^291 |
| 30 | ov_030 | 6.405670143077425 × 10^290 |
| 31 | ov_031 | 1.249624936408646 × 10^290 |
| 32 | lv_80_m31 | 2.4375075699647456 × 10^289 |
| 33 | ov_033 | 2.904519085340133 × 10^290 |
| 34 | ov_034 | 2.5206958651731517 × 10^290 |
| 35 | ov_035 | 2.1762223866532053 × 10^290 |
| 36 | ov_036 | 1.8675396232256522 × 10^290 |
| 37 | ov_037 | 1.5929177148889108 × 10^290 |
| 38 | ov_038 | 1.3491669578705216 × 10^290 |
| 39 | ov_039 | 1.1347354196470313 × 10^290 |
| 40 | ov_040 | 9.467560360208254 × 10^289 |
| 41 | ov_041 | 7.825096076974486 × 10^289 |
| 42 | ov_042 | 6.406725302353396 × 10^289 |
| 43 | ov_043 | 5.199899329743709 × 10^289 |
| 44 | ov_044 | 4.181479575630981 × 10^289 |
| 45 | ov_045 | 3.3295859276204317 × 10^289 |
| 46 | ov_046 | 2.623564607886674 × 10^289 |
| 47 | ov_047 | 2.0439628010479306 × 10^289 |
| 48 | ov_048 | 1.5725089949959272 × 10^289 |
| 49 | ov_049 | 1.1920980643823162 × 10^289 |
| 50 | ov_050 | 8.867802061312009 × 10^288 |
| 51 | ov_051 | 6.488681803657191 × 10^288 |
| 52 | ov_052 | 4.647010601581554 × 10^288 |
| 53 | ov_053 | 3.277331840999761 × 10^288 |
| 54 | ov_054 | 2.2657588253196672 × 10^288 |
| 55 | ov_055 | 1.509732964928554 × 10^288 |
| 56 | ov_056 | 9.608050980566532 × 10^287 |
| 57 | ov_057 | 5.76181612220729 × 10^287 |
| 58 | ov_058 | 3.1872170392751036 × 10^287 |
| 59 | ov_059 | 1.5693592321792171 × 10^287 |
| 60 | ov_060 | 6.498549826504295 × 10^286 |
| 61 | ov_061 | 2.268208635504403 × 10^286 |
| 62 | ov_062 | 6.217249329370812 × 10^285 |
| 63 | ov_063 | 1.2107646882687225 × 10^285 |
| 64 | lv_79_m31 | 2.3573558437689726 × 10^284 |
| 65 | ov_065 | 2.80025853357091 × 10^285 |
| 66 | ov_066 | 2.800249566513277 × 10^285 |
| 67 | ov_067 | 2.8002473717859847 × 10^285 |
| 68 | ov_068 | 2.4174187821169925 × 10^285 |
| 69 | ov_069 | 2.076251871810695 × 10^285 |
| 70 | ov_070 | 1.773350701122568 × 10^285 |
| 71 | ov_071 | 1.5055283511860577 × 10^285 |
| 72 | ov_072 | 1.2697927665217165 × 10^285 |
| 73 | ov_073 | 1.0633338476969235 × 10^285 |
| 74 | ov_074 | 8.83511728415921 × 10^284 |
| 75 | ov_075 | 7.278461737848135 × 10^284 |
| 76 | ov_076 | 5.94007038509713 × 10^284 |
| 77 | ov_077 | 4.798057254077563 × 10^284 |
| 78 | ov_078 | 3.83187585895723 × 10^284 |
| 79 | ov_079 | 3.0222520512117924 × 10^284 |
| 80 | ov_080 | 2.3511251516426203 × 10^284 |
| 81 | ov_081 | 1.8015968030845424 × 10^284 |
| 82 | ov_082 | 1.3578869879618029 × 10^284 |
| 83 | ov_083 | 1.0052966578579901 × 10^284 |
| 84 | ov_084 | 7.301764244089007 × 10^283 |
| 85 | ov_085 | 5.199007623358801 × 10^283 |
| 86 | ov_086 | 3.6284717647313717 × 10^283 |
| 87 | ov_087 | 2.483797853258078 × 10^283 |
| 88 | ov_088 | 1.6683677412253623 × 10^283 |
| 89 | ov_089 | 1.0952117057500858 × 10^283 |
| 90 | ov_090 | 6.869439668889494 × 10^282 |
| 91 | ov_091 | 4.072611243848528 × 10^282 |
| 92 | ov_092 | 2.2462255419226456 × 10^282 |
| 93 | ov_093 | 1.1224129939611073 × 10^282 |
| 94 | ov_094 | 4.807959384517696 × 10^281 |
| 95 | aaa_78_28 | 1.4847034496101035 × 10^281 |
| 96 | aaa_78_29 | 4.559836139075682 × 10^280 |
| 97 | ov_097 | 3.011736309925581 × 10^280 |
| 98 | ov_098 | 3.0116462598543865 × 10^280 |
| 99 | ov_099 | 3.0116175106449004 × 10^280 |
| 100 | ov_100 | 2.710278584491452 × 10^280 |
| 101 | ov_101 | 2.431140626777856 × 10^280 |
| 102 | ov_102 | 2.1729902710986654 × 10^280 |
| 103 | ov_103 | 1.9347026964920163 × 10^280 |
| 104 | ov_104 | 1.7152299670142844 × 10^280 |
| 105 | ov_105 | 1.5135904433856422 × 10^280 |
| 106 | ov_106 | 1.3288592124655102 × 10^280 |
| 107 | ov_107 | 1.160159482053561 × 10^280 |
| 108 | ov_108 | 1.0066548898725331 × 10^280 |
| 109 | ov_109 | 8.675426766347163 × 10^279 |
| 110 | ov_110 | 7.420476738785793 × 10^279 |
| 111 | ov_111 | 6.294170578367763 × 10^279 |
| 112 | ov_112 | 5.289158210064957 × 10^279 |
| 113 | ov_113 | 4.398229133751307 × 10^279 |
| 114 | ov_114 | 3.614280054399966 × 10^279 |
| 115 | ov_115 | 2.9302882527812745 × 10^279 |
| 116 | ov_116 | 2.3392902199534938 × 10^279 |
| 117 | ov_117 | 1.8343650793137478 × 10^279 |
| 118 | ov_118 | 1.408622320304094 × 10^279 |
| 119 | ov_119 | 1.0551929777644012 × 10^279 |
| 120 | ov_120 | 7.672230601606985 × 10^278 |
| 121 | ov_121 | 5.378685391832241 × 10^278 |
| 122 | ov_122 | 3.60291663011256 × 10^278 |
| 123 | ov_123 | 2.276583555587395 × 10^278 |
| 124 | ov_124 | 1.3313646402212685 × 10^278 |
| 125 | ov_125 | 6.989467459971579 × 10^277 |
| 126 | ov_126 | 3.110196017596662 × 10^277 |
| 127 | aaa_77_28 | 9.927368642939991 × 10^276 |
| 128 | aaa_77_29 | 3.719363850241587 × 10^276 |
| 129 | ov_129 | 3.42021156030141 × 10^276 |
| 130 | ov_130 | 3.42020140641496 × 10^276 |
| 131 | ov_131 | 3.4201989570698147 × 10^276 |
| 132 | ov_132 | 2.960161916332521 × 10^276 |
| 133 | ov_133 | 2.5485565518576096 × 10^276 |
| 134 | ov_134 | 2.1817278820524327 × 10^276 |
| 135 | ov_135 | 1.856211359919909 × 10^276 |
| 136 | ov_136 | 1.5687192650266114 × 10^276 |
| 137 | ov_137 | 1.316129133411038 × 10^276 |
| 138 | ov_138 | 1.095474016644443 × 10^276 |
| 139 | ov_139 | 9.03934371725131 × 10^275 |
| 140 | ov_140 | 7.388313936968251 × 10^275 |
| 141 | ov_141 | 5.976216128968934 × 10^275 |
| 142 | ov_142 | 4.778925886125093 × 10^275 |
| 143 | ov_143 | 3.773595406929106 × 10^275 |
| 144 | ov_144 | 2.9386277036476536 × 10^275 |
| 145 | ov_145 | 2.253657311485971 × 10^275 |
| 146 | ov_146 | 1.6995362039378812 × 10^275 |
| 147 | ov_147 | 1.258323778432444 × 10^275 |
| 148 | ov_148 | 9.132799981219127 × 10^274 |
| 149 | ov_149 | 6.488609223731314 × 10^274 |
| 150 | ov_150 | 4.507159302554632 × 10^274 |
| 151 | ov_151 | 3.056860129977502 × 10^274 |
| 152 | ov_152 | 2.018026492337858 × 10^274 |
| 153 | ov_153 | 1.2828700801324435 × 10^274 |
| 154 | ov_154 | 7.554939276734709 × 10^273 |
| 155 | ov_155 | 3.909218135981148 × 10^273 |
| 156 | aaa_76_25 | 1.5012073943051365 × 10^273 |
| 157 | aaa_76_26 | 8.658904612147851 × 10^272 |
| 158 | aaa_76_27 | 4.426416062435957 × 10^272 |
| 159 | aaa_76_28 | 1.720428311993267 × 10^272 |
| 160 | aaa_76_29 | 5.222810851216044 × 10^271 |

### Output Bits Sorted by Complexity

| Rank | Output Bit | Complexity |
|:----:|:----------:|:----------:|
| 160 | aaa_76_29 | 5.222810851216044 × 10^271 |
| 159 | aaa_76_28 | 1.720428311993267 × 10^272 |
| 158 | aaa_76_27 | 4.426416062435957 × 10^272 |
| 157 | aaa_76_26 | 8.658904612147851 × 10^272 |
| 156 | aaa_76_25 | 1.5012073943051365 × 10^273 |
| 155 | ov_155 | 3.909218135981148 × 10^273 |
| 154 | ov_154 | 7.554939276734709 × 10^273 |
| 153 | ov_153 | 1.2828700801324435 × 10^274 |
| 152 | ov_152 | 2.018026492337858 × 10^274 |
| 151 | ov_151 | 3.056860129977502 × 10^274 |
| 150 | ov_150 | 4.507159302554632 × 10^274 |
| 149 | ov_149 | 6.488609223731314 × 10^274 |
| 148 | ov_148 | 9.132799981219127 × 10^274 |
| 147 | ov_147 | 1.258323778432444 × 10^275 |
| 146 | ov_146 | 1.6995362039378812 × 10^275 |
| 145 | ov_145 | 2.253657311485971 × 10^275 |
| 144 | ov_144 | 2.9386277036476536 × 10^275 |
| 143 | ov_143 | 3.773595406929106 × 10^275 |
| 142 | ov_142 | 4.778925886125093 × 10^275 |
| 141 | ov_141 | 5.976216128968934 × 10^275 |
| 140 | ov_140 | 7.388313936968251 × 10^275 |
| 139 | ov_139 | 9.03934371725131 × 10^275 |
| 138 | ov_138 | 1.095474016644443 × 10^276 |
| 137 | ov_137 | 1.316129133411038 × 10^276 |
| 136 | ov_136 | 1.5687192650266114 × 10^276 |
| 135 | ov_135 | 1.856211359919909 × 10^276 |
| 134 | ov_134 | 2.1817278820524327 × 10^276 |
| 133 | ov_133 | 2.5485565518576096 × 10^276 |
| 132 | ov_132 | 2.960161916332521 × 10^276 |
| 131 | ov_131 | 3.4201989570698147 × 10^276 |
| 130 | ov_130 | 3.42020140641496 × 10^276 |
| 129 | ov_129 | 3.42021156030141 × 10^276 |
| 128 | aaa_77_29 | 3.719363850241587 × 10^276 |
| 127 | aaa_77_28 | 9.927368642939991 × 10^276 |
| 126 | ov_126 | 3.110196017596662 × 10^277 |
| 125 | ov_125 | 6.989467459971579 × 10^277 |
| 124 | ov_124 | 1.3313646402212685 × 10^278 |
| 123 | ov_123 | 2.276583555587395 × 10^278 |
| 122 | ov_122 | 3.60291663011256 × 10^278 |
| 121 | ov_121 | 5.378685391832241 × 10^278 |
| 120 | ov_120 | 7.672230601606985 × 10^278 |
| 119 | ov_119 | 1.0551929777644012 × 10^279 |
| 118 | ov_118 | 1.408622320304094 × 10^279 |
| 117 | ov_117 | 1.8343650793137478 × 10^279 |
| 116 | ov_116 | 2.3392902199534938 × 10^279 |
| 115 | ov_115 | 2.9302882527812745 × 10^279 |
| 114 | ov_114 | 3.614280054399966 × 10^279 |
| 113 | ov_113 | 4.398229133751307 × 10^279 |
| 112 | ov_112 | 5.289158210064957 × 10^279 |
| 111 | ov_111 | 6.294170578367763 × 10^279 |
| 110 | ov_110 | 7.420476738785793 × 10^279 |
| 109 | ov_109 | 8.675426766347163 × 10^279 |
| 108 | ov_108 | 1.0066548898725331 × 10^280 |
| 107 | ov_107 | 1.160159482053561 × 10^280 |
| 106 | ov_106 | 1.3288592124655102 × 10^280 |
| 105 | ov_105 | 1.5135904433856422 × 10^280 |
| 104 | ov_104 | 1.7152299670142844 × 10^280 |
| 103 | ov_103 | 1.9347026964920163 × 10^280 |
| 102 | ov_102 | 2.1729902710986654 × 10^280 |
| 101 | ov_101 | 2.431140626777856 × 10^280 |
| 100 | ov_100 | 2.710278584491452 × 10^280 |
| 99 | ov_099 | 3.0116175106449004 × 10^280 |
| 98 | ov_098 | 3.0116462598543865 × 10^280 |
| 97 | ov_097 | 3.011736309925581 × 10^280 |
| 96 | aaa_78_29 | 4.559836139075682 × 10^280 |
| 95 | aaa_78_28 | 1.4847034496101035 × 10^281 |
| 94 | ov_094 | 4.807959384517696 × 10^281 |
| 93 | ov_093 | 1.1224129939611073 × 10^282 |
| 92 | ov_092 | 2.2462255419226456 × 10^282 |
| 91 | ov_091 | 4.072611243848528 × 10^282 |
| 90 | ov_090 | 6.869439668889494 × 10^282 |
| 89 | ov_089 | 1.0952117057500858 × 10^283 |
| 88 | ov_088 | 1.6683677412253623 × 10^283 |
| 87 | ov_087 | 2.483797853258078 × 10^283 |
| 86 | ov_086 | 3.6284717647313717 × 10^283 |
| 85 | ov_085 | 5.199007623358801 × 10^283 |
| 84 | ov_084 | 7.301764244089007 × 10^283 |
| 83 | ov_083 | 1.0052966578579901 × 10^284 |
| 82 | ov_082 | 1.3578869879618029 × 10^284 |
| 81 | ov_081 | 1.8015968030845424 × 10^284 |
| 80 | ov_080 | 2.3511251516426203 × 10^284 |
| 64 | lv_79_m31 | 2.3573558437689726 × 10^284 |
| 79 | ov_079 | 3.0222520512117924 × 10^284 |
| 78 | ov_078 | 3.83187585895723 × 10^284 |
| 77 | ov_077 | 4.798057254077563 × 10^284 |
| 76 | ov_076 | 5.94007038509713 × 10^284 |
| 75 | ov_075 | 7.278461737848135 × 10^284 |
| 74 | ov_074 | 8.83511728415921 × 10^284 |
| 73 | ov_073 | 1.0633338476969235 × 10^285 |
| 63 | ov_063 | 1.2107646882687225 × 10^285 |
| 72 | ov_072 | 1.2697927665217165 × 10^285 |
| 71 | ov_071 | 1.5055283511860577 × 10^285 |
| 70 | ov_070 | 1.773350701122568 × 10^285 |
| 69 | ov_069 | 2.076251871810695 × 10^285 |
| 68 | ov_068 | 2.4174187821169925 × 10^285 |
| 67 | ov_067 | 2.8002473717859847 × 10^285 |
| 66 | ov_066 | 2.800249566513277 × 10^285 |
| 65 | ov_065 | 2.80025853357091 × 10^285 |
| 62 | ov_062 | 6.217249329370812 × 10^285 |
| 61 | ov_061 | 2.268208635504403 × 10^286 |
| 60 | ov_060 | 6.498549826504295 × 10^286 |
| 59 | ov_059 | 1.5693592321792171 × 10^287 |
| 58 | ov_058 | 3.1872170392751036 × 10^287 |
| 57 | ov_057 | 5.76181612220729 × 10^287 |
| 56 | ov_056 | 9.608050980566532 × 10^287 |
| 55 | ov_055 | 1.509732964928554 × 10^288 |
| 54 | ov_054 | 2.2657588253196672 × 10^288 |
| 53 | ov_053 | 3.277331840999761 × 10^288 |
| 52 | ov_052 | 4.647010601581554 × 10^288 |
| 51 | ov_051 | 6.488681803657191 × 10^288 |
| 50 | ov_050 | 8.867802061312009 × 10^288 |
| 49 | ov_049 | 1.1920980643823162 × 10^289 |
| 48 | ov_048 | 1.5725089949959272 × 10^289 |
| 47 | ov_047 | 2.0439628010479306 × 10^289 |
| 32 | lv_80_m31 | 2.4375075699647456 × 10^289 |
| 46 | ov_046 | 2.623564607886674 × 10^289 |
| 45 | ov_045 | 3.3295859276204317 × 10^289 |
| 44 | ov_044 | 4.181479575630981 × 10^289 |
| 43 | ov_043 | 5.199899329743709 × 10^289 |
| 42 | ov_042 | 6.406725302353396 × 10^289 |
| 41 | ov_041 | 7.825096076974486 × 10^289 |
| 40 | ov_040 | 9.467560360208254 × 10^289 |
| 39 | ov_039 | 1.1347354196470313 × 10^290 |
| 31 | ov_031 | 1.249624936408646 × 10^290 |
| 38 | ov_038 | 1.3491669578705216 × 10^290 |
| 37 | ov_037 | 1.5929177148889108 × 10^290 |
| 36 | ov_036 | 1.8675396232256522 × 10^290 |
| 35 | ov_035 | 2.1762223866532053 × 10^290 |
| 34 | ov_034 | 2.5206958651731517 × 10^290 |
| 33 | ov_033 | 2.904519085340133 × 10^290 |
| 30 | ov_030 | 6.405670143077425 × 10^290 |
| 29 | ov_029 | 2.0950570722162233 × 10^291 |
| 28 | ov_028 | 5.436097488513911 × 10^291 |
| 27 | ov_027 | 1.2146361700114302 × 10^292 |
| 26 | ov_026 | 2.428191553094637 × 10^292 |
| 25 | ov_025 | 4.4472224388949165 × 10^292 |
| 24 | ov_024 | 7.592018072648133 × 10^292 |
| 23 | ov_023 | 1.256050767437539 × 10^293 |
| 22 | ov_022 | 2.016534122707463 × 10^293 |
| 21 | ov_021 | 3.1333947581973063 × 10^293 |
| 20 | ov_020 | 4.71086405614399 × 10^293 |
| 19 | ov_019 | 6.864679239810853 × 10^293 |
| 18 | ov_018 | 9.72210974423236 × 10^293 |
| 17 | ov_017 | 1.3421995359104007 × 10^294 |
| 16 | ov_016 | 1.8114799341325042 × 10^294 |
| 15 | ov_015 | 2.396268063156818 × 10^294 |
| 14 | ov_014 | 3.113959127201717 × 10^294 |
| 13 | ov_013 | 3.9831406657801875 × 10^294 |
| 12 | ov_012 | 5.023609639423092 × 10^294 |
| 11 | ov_011 | 6.256394372952006 × 10^294 |
| 10 | ov_010 | 7.703782221715259 × 10^294 |
| 9 | ov_009 | 9.389353977573968 × 10^294 |
| 8 | ov_008 | 1.1338026265889341 × 10^295 |
| 7 | ov_007 | 1.3576103348853572 × 10^295 |
| 6 | ov_006 | 1.6131339844501242 × 10^295 |
| 5 | ov_005 | 1.90330159661346 × 10^295 |
| 4 | ov_004 | 2.2312026984113804 × 10^295 |
| 3 | ov_003 | 2.600098859261979 × 10^295 |
| 2 | ov_002 | 3.0134359603193166 × 10^295 |
| 1 | ov_001 | 3.4748583241922257 × 10^295 |

