# Results for E002009-E004005-E009012-F013-F014-F015-F016-F017-F018-F019-F020-F021-F022-F023-F024-F025-F026-F027-F028-F029-F030-F031-F032-F033-F034-F035-F036-F037-F038-F039-F040-F041-F042-F043-F044-F045-F046-F047-F048-F049-F050-F051-F052-F053-F054-F055-F056-F057-F058-F059-F060-F061-F062-F063-F064-F065-F066-F067-F068-F069-F070-F071-F072-F073-F074-F075-F076-F077-F078-F079-F080-F081-F082-F083-F084-F085-F086-F087-F088-F089-F090-F091-F092-F093-F094-F095-F096-F097-F098-F099-F100-F101-F102-F103-F104-F105-F106-F107-F108-F109-F110-F111-F112-F113-F114-F115-F116-F117-F118-F119-F120-F121-F122-F123-F124-F125-F126-F127-F128-F129-F130-F131-F132-F133-F134-F135-F136-F137-F138-F139-F140-F141-F142-F143-F144-F145-F146-F147-F148-F149-F150-F151-F152-F153-F154-F155-F156-F157-F158-F159-F160-F161-F162-F163-F164-F165-F166-F167-F168-F169-F170-F171-F172-F173-F174-F175-F176-F177-F178-F179-F180-F181-F182-F183-F184-F185-F186-F187-F188-F189-F190-F191-F192-F193-F194-F195-F196-F197-F198-F199-F200-F201-F202-F203-F204-F205-F206-F207-F208-F209-F210-F211-F212-F213-F214-F215-F216-F217-F218-F219-F220-F221-F222-F223-F224-F225-F226-F227-F228-F229-F230-F231-F232-F233-F234-F235-F236-F237-F238-F239-F240-F241-F242-F243-F244-F245-F246-F247-F248-F249-F250-F251-F252-F253-F254-F255-F256-F257-F258-F259-F260-F261-F262-F263-F264-F265-F266-F267-F268-F269-F270-F271-F272-F273-F274-F275-F276-F277-F278-F279-F280-F281-F282-F283-F284-F285-F286-F287-F288-F289-F290-F291-F292-F293-F294-F295-F296-F297-F298-F299-F300-F301-F302-F303-F304-F305-F306-F307-F308-F309-F310-F311-F312-F313-F314-F315-F316-F317-F318-F319-F320-F321-F322-F323-F324-F325-F326-F327-F328-F329-F330-F331-F332-F333-F334-F335-F336-F337-F338-F339-F340-F341-F342-F343-F344-F345-F346-F347-F348-F349-F350-F351-F352-F353-F354-F355-F356-F357-F358-F359-F360-F361-F362-F363-F364-F365-F366-F367-F368-F369-F370-F371-F372-F373-F374-F375-F376-F377-F378-F379-F380-F381-F382-F383-F384-F385-F386-F387-F388-F389-F390-F391-F392-F393-F394-F395-F396-F397-F398-F399-F400-F401-F402-F403-F404-F405-F406-F407-F408-F409-F410-F411-F412-F413-F414-F415-F416-F417-F418-F419-F420-F421-F422-F423-F424-F425-F426-F427-F428-F429-F430-F431-F432-F433-F434-F435-F436-F437-F438-F439-F440-F441-F442-F443-F444-F445-F446-F447-F448-F449-F450-F451-F452-F453-F454-F455-F456-F457-F458-F459-F460-F461-F462-F463-F464-F465-F466-F467-F468-F469-F470-F471-F472-F473-F474-F475-F476-F477-F478-F479-F480-F481-F482-F483-F484-F485-F486-F487-F488-F489-F490-F491-F492-F493-F494-F495-F496-F497-F498-F499-F500-F501-F502-F503-F504-F505-F506-F507-F508-F509-F510-F511-F512

## Summary

Number of input bits: 512  
Number of free input bits: 9  
Number of output bits: 160

Number of direct occurrences: 41125  
Number of assignments: 38267  
Number of operations: 18839690
(xor: 18800552,
and: 22961,
or: 16177)

Total complexity: 1.707020582520419 × 10^353

Least occurring input variable: iv_007 (4319)  
Most occurring input variable: iv_002 (4893)

Most co-occurring input variables: iv_001-iv_003 (2227)  
Least co-occurring input variables: iv_007-iv_011 (1936)

Potentially most occurring input variable: iv_002/iv_006 (5239)  
Potentially least occurring input variable: iv_004/iv_010 (4630)

Least output occurring input variable: iv_011 (63)  
Most output occurring input variable: iv_002 (88)

Most output co-occurring input variables: iv_003-iv_006 (50)  
Least output co-occurring input variables: iv_001-iv_011 (28)

Potentially most output occurring input variable: iv_003/iv_008 (98)  
Potentially least output occurring input variable: iv_001/iv_006 (68)

Least complex input bit: iv_001 (2.1999732581031835 × 10^350)  
Most complex input bit: iv_002 (5.42180435973496 × 10^352)

Least complex output bit: aaa_76_29 (4.937101692827207 × 10^328)  
Most complex output bit: ov_001 (2.601144538514549 × 10^352)

Least complex input/output complexity: iv_001/aaa_76_29 (6.362835813449186 × 10^325)  
Most complex input/output complexity: iv_002/ov_001 (8.261702842736671 × 10^351)

## Input Bits

### Input Bits in Regular Order

| Input Bit | Complexity | Occurrences | Output Occurrences |
|:---------:|:----------:|:-----------:|:------------------:|
| iv_001 | 2.1999732581031835 × 10^350 | 4571 | 75 |
| iv_002 | 5.42180435973496 × 10^352 | 4893 | 88 |
| iv_003 | 2.661471936555618 × 10^351 | 4667 | 87 |
| iv_004 | 1.146748973496866 × 10^352 | 4427 | 67 |
| iv_006 | 1.2058055486475175 × 10^352 | 4594 | 87 |
| iv_007 | 1.5738896752847898 × 10^352 | 4319 | 70 |
| iv_008 | 1.995215667101351 × 10^352 | 4513 | 81 |
| iv_010 | 2.634384365787892 × 10^352 | 4479 | 83 |
| iv_011 | 2.8042103089142226 × 10^352 | 4662 | 63 |

### Input Bits Sorted by Complexity

| Input Bit | Complexity | Occurrences | Output Occurrences |
|:---------:|:----------:|:-----------:|:------------------:|
| iv_001 | 2.1999732581031835 × 10^350 | 4571 | 75 |
| iv_003 | 2.661471936555618 × 10^351 | 4667 | 87 |
| iv_004 | 1.146748973496866 × 10^352 | 4427 | 67 |
| iv_006 | 1.2058055486475175 × 10^352 | 4594 | 87 |
| iv_007 | 1.5738896752847898 × 10^352 | 4319 | 70 |
| iv_008 | 1.995215667101351 × 10^352 | 4513 | 81 |
| iv_010 | 2.634384365787892 × 10^352 | 4479 | 83 |
| iv_011 | 2.8042103089142226 × 10^352 | 4662 | 63 |
| iv_002 | 5.42180435973496 × 10^352 | 4893 | 88 |

### Input Bits Sorted by Occurrences

| Input Bit | Complexity | Occurrences | Output Occurrences |
|:---------:|:----------:|:-----------:|:------------------:|
| iv_007 | 1.5738896752847898 × 10^352 | 4319 | 70 |
| iv_004 | 1.146748973496866 × 10^352 | 4427 | 67 |
| iv_010 | 2.634384365787892 × 10^352 | 4479 | 83 |
| iv_008 | 1.995215667101351 × 10^352 | 4513 | 81 |
| iv_001 | 2.1999732581031835 × 10^350 | 4571 | 75 |
| iv_006 | 1.2058055486475175 × 10^352 | 4594 | 87 |
| iv_011 | 2.8042103089142226 × 10^352 | 4662 | 63 |
| iv_003 | 2.661471936555618 × 10^351 | 4667 | 87 |
| iv_002 | 5.42180435973496 × 10^352 | 4893 | 88 |

### Input Bits Sorted by Output Occurrences

| Input Bit | Complexity | Occurrences | Output Occurrences |
|:---------:|:----------:|:-----------:|:------------------:|
| iv_011 | 2.8042103089142226 × 10^352 | 4662 | 63 |
| iv_004 | 1.146748973496866 × 10^352 | 4427 | 67 |
| iv_007 | 1.5738896752847898 × 10^352 | 4319 | 70 |
| iv_001 | 2.1999732581031835 × 10^350 | 4571 | 75 |
| iv_008 | 1.995215667101351 × 10^352 | 4513 | 81 |
| iv_010 | 2.634384365787892 × 10^352 | 4479 | 83 |
| iv_006 | 1.2058055486475175 × 10^352 | 4594 | 87 |
| iv_003 | 2.661471936555618 × 10^351 | 4667 | 87 |
| iv_002 | 5.42180435973496 × 10^352 | 4893 | 88 |

## Input Bit Co-occurrences

### Input Bit Co-occurrences Sorted by Co-occurrences

| Input Bits | Co-occurrences | Potential Occurrences | Output Co-occurrences | Potential Output Occurrences |
|:----------:|:--------------:|:---------------------:|:---------------------:|:----------------------------:|
| iv_001-iv_003 | 2227 | 4784 | 44 | 74 |
| iv_001-iv_006 | 2223 | 4719 | 47 | 68 |
| iv_002-iv_011 | 2194 | 5167 | 39 | 73 |
| iv_003-iv_008 | 2182 | 4816 | 35 | 98 |
| iv_003-iv_006 | 2178 | 4905 | 50 | 74 |
| iv_010-iv_011 | 2171 | 4799 | 35 | 76 |
| iv_001-iv_011 | 2170 | 4893 | 28 | 82 |
| iv_002-iv_003 | 2166 | 5228 | 45 | 85 |
| iv_002-iv_008 | 2158 | 5090 | 48 | 73 |

### Input Bit Co-occurrences Sorted by Potential Occurrences

| Input Bits | Co-occurrences | Potential Occurrences | Output Co-occurrences | Potential Output Occurrences |
|:----------:|:--------------:|:---------------------:|:---------------------:|:----------------------------:|
| iv_004-iv_010 | 2138 | 4630 | 33 | 84 |
| iv_006-iv_007 | 2113 | 4687 | 37 | 83 |
| iv_001-iv_006 | 2223 | 4719 | 47 | 68 |
| iv_001-iv_007 | 2083 | 4724 | 34 | 77 |
| iv_007-iv_010 | 2027 | 4744 | 32 | 89 |
| iv_004-iv_011 | 2153 | 4783 | 28 | 74 |
| iv_001-iv_003 | 2227 | 4784 | 44 | 74 |
| iv_010-iv_011 | 2171 | 4799 | 35 | 76 |
| iv_003-iv_008 | 2182 | 4816 | 35 | 98 |

### Input Bit Output Co-occurrences Sorted by Output Co-occurrences

| Input Bits | Co-occurrences | Potential Occurrences | Output Co-occurrences | Potential Output Occurrences |
|:----------:|:--------------:|:---------------------:|:---------------------:|:----------------------------:|
| iv_002-iv_006 | 2124 | 5239 | 50 | 75 |
| iv_003-iv_006 | 2178 | 4905 | 50 | 74 |
| iv_002-iv_008 | 2158 | 5090 | 48 | 73 |
| iv_006-iv_010 | 2103 | 4867 | 48 | 74 |
| iv_002-iv_010 | 2101 | 5170 | 47 | 77 |
| iv_006-iv_008 | 2083 | 4941 | 47 | 74 |
| iv_001-iv_006 | 2223 | 4719 | 47 | 68 |
| iv_008-iv_010 | 2062 | 4868 | 46 | 72 |
| iv_002-iv_003 | 2166 | 5228 | 45 | 85 |

### Input Bit Output Co-occurrences Sorted by Potential Output Occurrences

| Input Bits | Co-occurrences | Potential Occurrences | Output Co-occurrences | Potential Output Occurrences |
|:----------:|:--------------:|:---------------------:|:---------------------:|:----------------------------:|
| iv_001-iv_006 | 2223 | 4719 | 47 | 68 |
| iv_001-iv_010 | 2109 | 4832 | 44 | 70 |
| iv_008-iv_010 | 2062 | 4868 | 46 | 72 |
| iv_002-iv_008 | 2158 | 5090 | 48 | 73 |
| iv_002-iv_011 | 2194 | 5167 | 39 | 73 |
| iv_006-iv_008 | 2083 | 4941 | 47 | 74 |
| iv_006-iv_010 | 2103 | 4867 | 48 | 74 |
| iv_004-iv_008 | 2021 | 4898 | 37 | 74 |
| iv_001-iv_003 | 2227 | 4784 | 44 | 74 |

## Output Bits

### Output Bits in Regular Order

| Rank | Output Bit | Complexity |
|:----:|:----------:|:----------:|
| 1 | ov_001 | 2.601144538514549 × 10^352 |
| 2 | ov_002 | 2.2789383732203137 × 10^352 |
| 3 | ov_003 | 1.9881335438494143 × 10^352 |
| 4 | ov_004 | 1.7258393311633292 × 10^352 |
| 5 | ov_005 | 1.4893299395009337 × 10^352 |
| 6 | ov_006 | 1.2760327174460698 × 10^352 |
| 7 | ov_007 | 1.0846982375292394 × 10^352 |
| 8 | ov_008 | 9.141459543695671 × 10^351 |
| 9 | ov_009 | 7.632598897507562 × 10^351 |
| 10 | ov_010 | 6.30984882002657 × 10^351 |
| 11 | ov_011 | 5.163233666905771 × 10^351 |
| 12 | ov_012 | 4.1833265090492714 × 10^351 |
| 13 | ov_013 | 3.352832321168404 × 10^351 |
| 14 | ov_014 | 2.6554546717278266 × 10^351 |
| 15 | ov_015 | 2.075867810445244 × 10^351 |
| 16 | ov_016 | 1.5996943049353403 × 10^351 |
| 17 | ov_017 | 1.2134874222225302 × 10^351 |
| 18 | ov_018 | 9.047175168856681 × 10^350 |
| 19 | ov_019 | 6.61761752672441 × 10^350 |
| 20 | ov_020 | 4.738965487684493 × 10^350 |
| 21 | ov_021 | 3.312922057265186 × 10^350 |
| 22 | ov_022 | 2.2500922952050276 × 10^350 |
| 23 | ov_023 | 1.4699593541412324 × 10^350 |
| 24 | ov_024 | 9.008697642450195 × 10^349 |
| 25 | ov_025 | 5.092112722802784 × 10^349 |
| 26 | ov_026 | 2.6579764773064236 × 10^349 |
| 27 | ov_027 | 1.2552963650674278 × 10^349 |
| 28 | ov_028 | 5.215578808077274 × 10^348 |
| 29 | ov_029 | 1.827219494276275 × 10^348 |
| 30 | ov_030 | 5.028757904822156 × 10^347 |
| 31 | ov_031 | 9.838399995566802 × 10^346 |
| 32 | lv_80_m31 | 1.924847788891074 × 10^346 |
| 33 | ov_033 | 2.4045204985388697 × 10^347 |
| 34 | ov_034 | 2.1108515479534965 × 10^347 |
| 35 | ov_035 | 1.8465253648181763 × 10^347 |
| 36 | ov_036 | 1.6087309963642076 × 10^347 |
| 37 | ov_037 | 1.3948301130696853 × 10^347 |
| 38 | ov_038 | 1.2023453339364102 × 10^347 |
| 39 | ov_039 | 1.0289495908078496 × 10^347 |
| 40 | ov_040 | 8.735156614774857 × 10^346 |
| 41 | ov_041 | 7.34984359366604 × 10^346 |
| 42 | ov_042 | 6.1236039605573954 × 10^346 |
| 43 | ov_043 | 5.047086688189763 × 10^346 |
| 44 | ov_044 | 4.1115094829155794 × 10^346 |
| 45 | ov_045 | 3.308629420257232 × 10^346 |
| 46 | ov_046 | 2.630717101860277 × 10^346 |
| 47 | ov_047 | 2.063767145444619 × 10^346 |
| 48 | ov_048 | 1.5947004446601447 × 10^346 |
| 49 | ov_049 | 1.2113334318639817 × 10^346 |
| 50 | ov_050 | 9.023523186746786 × 10^345 |
| 51 | ov_051 | 6.572918635314343 × 10^345 |
| 52 | ov_052 | 4.665182167144924 × 10^345 |
| 53 | ov_053 | 3.212153940464963 × 10^345 |
| 54 | ov_054 | 2.1337493093939895 × 10^345 |
| 55 | ov_055 | 1.357882686914125 × 10^345 |
| 56 | ov_056 | 8.204142505737181 × 10^344 |
| 57 | ov_057 | 4.651150117037408 × 10^344 |
| 58 | ov_058 | 2.4364580623047636 × 10^344 |
| 59 | ov_059 | 1.1554598402201687 × 10^344 |
| 60 | ov_060 | 4.8228141652471066 × 10^343 |
| 61 | ov_061 | 1.6976101731677578 × 10^343 |
| 62 | ov_062 | 4.693897757432211 × 10^342 |
| 63 | ov_063 | 9.228105407026985 × 10^341 |
| 64 | lv_79_m31 | 1.8140545695324766 × 10^341 |
| 65 | ov_065 | 2.4871820022320027 × 10^342 |
| 66 | ov_066 | 2.4871060346394422 × 10^342 |
| 67 | ov_067 | 2.48708161367316 × 10^342 |
| 68 | ov_068 | 2.2366809286107997 × 10^342 |
| 69 | ov_069 | 2.0050691671059994 × 10^342 |
| 70 | ov_070 | 1.7911684272354822 × 10^342 |
| 71 | ov_071 | 1.5939797151691293 × 10^342 |
| 72 | ov_072 | 1.412574258003857 × 10^342 |
| 73 | ov_073 | 1.24608529330839 × 10^342 |
| 74 | ov_074 | 1.0937003087332634 × 10^342 |
| 75 | ov_075 | 9.546537063412298 × 10^341 |
| 76 | ov_076 | 8.282199560778754 × 10^341 |
| 77 | ov_077 | 7.13707386957199 × 10^341 |
| 78 | ov_078 | 6.104526659396803 × 10^341 |
| 79 | ov_079 | 5.1781592142309876 × 10^341 |
| 80 | ov_080 | 4.35176469219603 × 10^341 |
| 81 | ov_081 | 3.619290996332476 × 10^341 |
| 82 | ov_082 | 2.974808848129425 × 10^341 |
| 83 | ov_083 | 2.4124846596877817 × 10^341 |
| 84 | ov_084 | 1.926557803344395 × 10^341 |
| 85 | ov_085 | 1.5113218796093 × 10^341 |
| 86 | ov_086 | 1.1611095855970038 × 10^341 |
| 87 | ov_087 | 8.702807869568382 × 10^340 |
| 88 | ov_088 | 6.3321339679013896 × 10^340 |
| 89 | ov_089 | 4.442966653009386 × 10^340 |
| 90 | ov_090 | 2.9792648404171212 × 10^340 |
| 91 | ov_091 | 1.8850230866067053 × 10^340 |
| 92 | ov_092 | 1.1042530739648102 × 10^340 |
| 93 | ov_093 | 5.80973621472418 × 10^339 |
| 94 | ov_094 | 2.592059965663408 × 10^339 |
| 95 | aaa_78_28 | 8.297211032950587 × 10^338 |
| 96 | aaa_78_29 | 3.1227589461813795 × 10^338 |
| 97 | ov_097 | 3.030963628296473 × 10^338 |
| 98 | ov_098 | 3.0309548945478743 × 10^338 |
| 99 | ov_099 | 3.030952773837273 × 10^338 |
| 100 | ov_100 | 2.660353172563108 × 10^338 |
| 101 | ov_101 | 2.3260837425828318 × 10^338 |
| 102 | ov_102 | 2.0248657734517928 × 10^338 |
| 103 | ov_103 | 1.7536091735958596 × 10^338 |
| 104 | ov_104 | 1.5093995107456963 × 10^338 |
| 105 | ov_105 | 1.2894864386877353 × 10^338 |
| 106 | ov_106 | 1.0925344426008165 × 10^338 |
| 107 | ov_107 | 9.172824901527019 × 10^337 |
| 108 | ov_108 | 7.625397703921592 × 10^337 |
| 109 | ov_109 | 6.271819623693374 × 10^337 |
| 110 | ov_110 | 5.10147992743699 × 10^337 |
| 111 | ov_111 | 4.1043724405723496 × 10^337 |
| 112 | ov_112 | 3.262207219063743 × 10^337 |
| 113 | ov_113 | 2.557799510718641 × 10^337 |
| 114 | ov_114 | 1.9750400296425444 × 10^337 |
| 115 | ov_115 | 1.498871310704729 × 10^337 |
| 116 | ov_116 | 1.1152694034970622 × 10^337 |
| 117 | ov_117 | 8.112300598086251 × 10^336 |
| 118 | ov_118 | 5.7475859253434745 × 10^336 |
| 119 | ov_119 | 3.948626697458186 × 10^336 |
| 120 | ov_120 | 2.6154739332677515 × 10^336 |
| 121 | ov_121 | 1.6581209717548215 × 10^336 |
| 122 | ov_122 | 9.964838553754462 × 10^335 |
| 123 | ov_123 | 5.603901757601057 × 10^335 |
| 124 | ov_124 | 2.8957329469071367 × 10^335 |
| 125 | ov_125 | 1.336696807242181 × 10^335 |
| 126 | ov_126 | 5.2217854421830555 × 10^334 |
| 127 | aaa_77_28 | 1.4658047241805195 × 10^334 |
| 128 | aaa_77_29 | 4.470386943527993 × 10^333 |
| 129 | ov_129 | 2.7328432307326014 × 10^333 |
| 130 | ov_130 | 2.7328335572449338 × 10^333 |
| 131 | ov_131 | 2.732831199622731 × 10^333 |
| 132 | ov_132 | 2.400715240951061 × 10^333 |
| 133 | ov_133 | 2.103730110166282 × 10^333 |
| 134 | ov_134 | 1.8383276456233602 × 10^333 |
| 135 | ov_135 | 1.601165966076419 × 10^333 |
| 136 | ov_136 | 1.3890949059581974 × 10^333 |
| 137 | ov_137 | 1.199142994526132 × 10^333 |
| 138 | ov_138 | 1.0285058771028785 × 10^333 |
| 139 | ov_139 | 8.758217950572473 × 10^332 |
| 140 | ov_140 | 7.398050353266448 × 10^332 |
| 141 | ov_141 | 6.19241743577671 × 10^332 |
| 142 | ov_142 | 5.129863004312339 × 10^332 |
| 143 | ov_143 | 4.199582211882735 × 10^332 |
| 144 | ov_144 | 3.391395418244341 × 10^332 |
| 145 | ov_145 | 2.6957265632021875 × 10^332 |
| 146 | ov_146 | 2.1035856562910512 × 10^332 |
| 147 | ov_147 | 1.6065548732759464 × 10^332 |
| 148 | ov_148 | 1.196777718795415 × 10^332 |
| 149 | ov_149 | 8.669507592533127 × 10^331 |
| 150 | ov_150 | 6.103174747895566 × 10^331 |
| 151 | ov_151 | 4.149891759518481 × 10^331 |
| 152 | ov_152 | 2.7015390957377277 × 10^331 |
| 153 | ov_153 | 1.6607311781094313 × 10^331 |
| 154 | ov_154 | 9.407959147801963 × 10^330 |
| 155 | ov_155 | 4.657630453505385 × 10^330 |
| 156 | aaa_76_25 | 1.7035821538206809 × 10^330 |
| 157 | aaa_76_26 | 8.92009935041271 × 10^329 |
| 158 | aaa_76_27 | 4.124158731530976 × 10^329 |
| 159 | aaa_76_28 | 1.6141142351920575 × 10^329 |
| 160 | aaa_76_29 | 4.937101692827207 × 10^328 |

### Output Bits Sorted by Complexity

| Rank | Output Bit | Complexity |
|:----:|:----------:|:----------:|
| 160 | aaa_76_29 | 4.937101692827207 × 10^328 |
| 159 | aaa_76_28 | 1.6141142351920575 × 10^329 |
| 158 | aaa_76_27 | 4.124158731530976 × 10^329 |
| 157 | aaa_76_26 | 8.92009935041271 × 10^329 |
| 156 | aaa_76_25 | 1.7035821538206809 × 10^330 |
| 155 | ov_155 | 4.657630453505385 × 10^330 |
| 154 | ov_154 | 9.407959147801963 × 10^330 |
| 153 | ov_153 | 1.6607311781094313 × 10^331 |
| 152 | ov_152 | 2.7015390957377277 × 10^331 |
| 151 | ov_151 | 4.149891759518481 × 10^331 |
| 150 | ov_150 | 6.103174747895566 × 10^331 |
| 149 | ov_149 | 8.669507592533127 × 10^331 |
| 148 | ov_148 | 1.196777718795415 × 10^332 |
| 147 | ov_147 | 1.6065548732759464 × 10^332 |
| 146 | ov_146 | 2.1035856562910512 × 10^332 |
| 145 | ov_145 | 2.6957265632021875 × 10^332 |
| 144 | ov_144 | 3.391395418244341 × 10^332 |
| 143 | ov_143 | 4.199582211882735 × 10^332 |
| 142 | ov_142 | 5.129863004312339 × 10^332 |
| 141 | ov_141 | 6.19241743577671 × 10^332 |
| 140 | ov_140 | 7.398050353266448 × 10^332 |
| 139 | ov_139 | 8.758217950572473 × 10^332 |
| 138 | ov_138 | 1.0285058771028785 × 10^333 |
| 137 | ov_137 | 1.199142994526132 × 10^333 |
| 136 | ov_136 | 1.3890949059581974 × 10^333 |
| 135 | ov_135 | 1.601165966076419 × 10^333 |
| 134 | ov_134 | 1.8383276456233602 × 10^333 |
| 133 | ov_133 | 2.103730110166282 × 10^333 |
| 132 | ov_132 | 2.400715240951061 × 10^333 |
| 131 | ov_131 | 2.732831199622731 × 10^333 |
| 130 | ov_130 | 2.7328335572449338 × 10^333 |
| 129 | ov_129 | 2.7328432307326014 × 10^333 |
| 128 | aaa_77_29 | 4.470386943527993 × 10^333 |
| 127 | aaa_77_28 | 1.4658047241805195 × 10^334 |
| 126 | ov_126 | 5.2217854421830555 × 10^334 |
| 125 | ov_125 | 1.336696807242181 × 10^335 |
| 124 | ov_124 | 2.8957329469071367 × 10^335 |
| 123 | ov_123 | 5.603901757601057 × 10^335 |
| 122 | ov_122 | 9.964838553754462 × 10^335 |
| 121 | ov_121 | 1.6581209717548215 × 10^336 |
| 120 | ov_120 | 2.6154739332677515 × 10^336 |
| 119 | ov_119 | 3.948626697458186 × 10^336 |
| 118 | ov_118 | 5.7475859253434745 × 10^336 |
| 117 | ov_117 | 8.112300598086251 × 10^336 |
| 116 | ov_116 | 1.1152694034970622 × 10^337 |
| 115 | ov_115 | 1.498871310704729 × 10^337 |
| 114 | ov_114 | 1.9750400296425444 × 10^337 |
| 113 | ov_113 | 2.557799510718641 × 10^337 |
| 112 | ov_112 | 3.262207219063743 × 10^337 |
| 111 | ov_111 | 4.1043724405723496 × 10^337 |
| 110 | ov_110 | 5.10147992743699 × 10^337 |
| 109 | ov_109 | 6.271819623693374 × 10^337 |
| 108 | ov_108 | 7.625397703921592 × 10^337 |
| 107 | ov_107 | 9.172824901527019 × 10^337 |
| 106 | ov_106 | 1.0925344426008165 × 10^338 |
| 105 | ov_105 | 1.2894864386877353 × 10^338 |
| 104 | ov_104 | 1.5093995107456963 × 10^338 |
| 103 | ov_103 | 1.7536091735958596 × 10^338 |
| 102 | ov_102 | 2.0248657734517928 × 10^338 |
| 101 | ov_101 | 2.3260837425828318 × 10^338 |
| 100 | ov_100 | 2.660353172563108 × 10^338 |
| 99 | ov_099 | 3.030952773837273 × 10^338 |
| 98 | ov_098 | 3.0309548945478743 × 10^338 |
| 97 | ov_097 | 3.030963628296473 × 10^338 |
| 96 | aaa_78_29 | 3.1227589461813795 × 10^338 |
| 95 | aaa_78_28 | 8.297211032950587 × 10^338 |
| 94 | ov_094 | 2.592059965663408 × 10^339 |
| 93 | ov_093 | 5.80973621472418 × 10^339 |
| 92 | ov_092 | 1.1042530739648102 × 10^340 |
| 91 | ov_091 | 1.8850230866067053 × 10^340 |
| 90 | ov_090 | 2.9792648404171212 × 10^340 |
| 89 | ov_089 | 4.442966653009386 × 10^340 |
| 88 | ov_088 | 6.3321339679013896 × 10^340 |
| 87 | ov_087 | 8.702807869568382 × 10^340 |
| 86 | ov_086 | 1.1611095855970038 × 10^341 |
| 85 | ov_085 | 1.5113218796093 × 10^341 |
| 64 | lv_79_m31 | 1.8140545695324766 × 10^341 |
| 84 | ov_084 | 1.926557803344395 × 10^341 |
| 83 | ov_083 | 2.4124846596877817 × 10^341 |
| 82 | ov_082 | 2.974808848129425 × 10^341 |
| 81 | ov_081 | 3.619290996332476 × 10^341 |
| 80 | ov_080 | 4.35176469219603 × 10^341 |
| 79 | ov_079 | 5.1781592142309876 × 10^341 |
| 78 | ov_078 | 6.104526659396803 × 10^341 |
| 77 | ov_077 | 7.13707386957199 × 10^341 |
| 76 | ov_076 | 8.282199560778754 × 10^341 |
| 63 | ov_063 | 9.228105407026985 × 10^341 |
| 75 | ov_075 | 9.546537063412298 × 10^341 |
| 74 | ov_074 | 1.0937003087332634 × 10^342 |
| 73 | ov_073 | 1.24608529330839 × 10^342 |
| 72 | ov_072 | 1.412574258003857 × 10^342 |
| 71 | ov_071 | 1.5939797151691293 × 10^342 |
| 70 | ov_070 | 1.7911684272354822 × 10^342 |
| 69 | ov_069 | 2.0050691671059994 × 10^342 |
| 68 | ov_068 | 2.2366809286107997 × 10^342 |
| 67 | ov_067 | 2.48708161367316 × 10^342 |
| 66 | ov_066 | 2.4871060346394422 × 10^342 |
| 65 | ov_065 | 2.4871820022320027 × 10^342 |
| 62 | ov_062 | 4.693897757432211 × 10^342 |
| 61 | ov_061 | 1.6976101731677578 × 10^343 |
| 60 | ov_060 | 4.8228141652471066 × 10^343 |
| 59 | ov_059 | 1.1554598402201687 × 10^344 |
| 58 | ov_058 | 2.4364580623047636 × 10^344 |
| 57 | ov_057 | 4.651150117037408 × 10^344 |
| 56 | ov_056 | 8.204142505737181 × 10^344 |
| 55 | ov_055 | 1.357882686914125 × 10^345 |
| 54 | ov_054 | 2.1337493093939895 × 10^345 |
| 53 | ov_053 | 3.212153940464963 × 10^345 |
| 52 | ov_052 | 4.665182167144924 × 10^345 |
| 51 | ov_051 | 6.572918635314343 × 10^345 |
| 50 | ov_050 | 9.023523186746786 × 10^345 |
| 49 | ov_049 | 1.2113334318639817 × 10^346 |
| 48 | ov_048 | 1.5947004446601447 × 10^346 |
| 32 | lv_80_m31 | 1.924847788891074 × 10^346 |
| 47 | ov_047 | 2.063767145444619 × 10^346 |
| 46 | ov_046 | 2.630717101860277 × 10^346 |
| 45 | ov_045 | 3.308629420257232 × 10^346 |
| 44 | ov_044 | 4.1115094829155794 × 10^346 |
| 43 | ov_043 | 5.047086688189763 × 10^346 |
| 42 | ov_042 | 6.1236039605573954 × 10^346 |
| 41 | ov_041 | 7.34984359366604 × 10^346 |
| 40 | ov_040 | 8.735156614774857 × 10^346 |
| 31 | ov_031 | 9.838399995566802 × 10^346 |
| 39 | ov_039 | 1.0289495908078496 × 10^347 |
| 38 | ov_038 | 1.2023453339364102 × 10^347 |
| 37 | ov_037 | 1.3948301130696853 × 10^347 |
| 36 | ov_036 | 1.6087309963642076 × 10^347 |
| 35 | ov_035 | 1.8465253648181763 × 10^347 |
| 34 | ov_034 | 2.1108515479534965 × 10^347 |
| 33 | ov_033 | 2.4045204985388697 × 10^347 |
| 30 | ov_030 | 5.028757904822156 × 10^347 |
| 29 | ov_029 | 1.827219494276275 × 10^348 |
| 28 | ov_028 | 5.215578808077274 × 10^348 |
| 27 | ov_027 | 1.2552963650674278 × 10^349 |
| 26 | ov_026 | 2.6579764773064236 × 10^349 |
| 25 | ov_025 | 5.092112722802784 × 10^349 |
| 24 | ov_024 | 9.008697642450195 × 10^349 |
| 23 | ov_023 | 1.4699593541412324 × 10^350 |
| 22 | ov_022 | 2.2500922952050276 × 10^350 |
| 21 | ov_021 | 3.312922057265186 × 10^350 |
| 20 | ov_020 | 4.738965487684493 × 10^350 |
| 19 | ov_019 | 6.61761752672441 × 10^350 |
| 18 | ov_018 | 9.047175168856681 × 10^350 |
| 17 | ov_017 | 1.2134874222225302 × 10^351 |
| 16 | ov_016 | 1.5996943049353403 × 10^351 |
| 15 | ov_015 | 2.075867810445244 × 10^351 |
| 14 | ov_014 | 2.6554546717278266 × 10^351 |
| 13 | ov_013 | 3.352832321168404 × 10^351 |
| 12 | ov_012 | 4.1833265090492714 × 10^351 |
| 11 | ov_011 | 5.163233666905771 × 10^351 |
| 10 | ov_010 | 6.30984882002657 × 10^351 |
| 9 | ov_009 | 7.632598897507562 × 10^351 |
| 8 | ov_008 | 9.141459543695671 × 10^351 |
| 7 | ov_007 | 1.0846982375292394 × 10^352 |
| 6 | ov_006 | 1.2760327174460698 × 10^352 |
| 5 | ov_005 | 1.4893299395009337 × 10^352 |
| 4 | ov_004 | 1.7258393311633292 × 10^352 |
| 3 | ov_003 | 1.9881335438494143 × 10^352 |
| 2 | ov_002 | 2.2789383732203137 × 10^352 |
| 1 | ov_001 | 2.601144538514549 × 10^352 |

