# Results for F001-F002-F003-F004-F005-F006-F007-F008-F009-F010-F011-F012-F013-F014-F015-F016-F017-F018-F019-F020-F021-F022-F023-F024-F025-F026-F027-F028-F029-F030-F031-F032-F033-F034-F035-F036-F037-F038-F039-F040-F041-F042-F043-F044-F045-F046-F047-F048-F049-F050-F051-F052-F053-F054-F055-F056-F057-F058-F059-F060-F061-F062-F063-F064-F065-F066-F067-F068-F069-F070-F071-F072-F073-F074-F075-F076-F077-F078-F079-F080-F081-F082-F083-F084-F085-F086-F087-F088-F089-F090-F091-F092-F093-F094-F095-F096-F097-F098-F099-F100-F101-F102-F103-F104-F105-F106-F107-F108-F109-F110-F111-F112-F113-F114-F115-F116-F117-F118-F119-F120-F121-F122-F123-F124-F125-F126-F127-F128-F129-F130-F131-F132-F133-F134-F135-F136-F137-F138-F139-F140-F141-F142-F143-F144-F145-F146-F147-F148-F149-F150-F151-F152-F153-F154-F155-F156-F157-F158-F159-F160-F161-F162-F163-F164-F165-F166-F167-F168-F169-F170-F171-F172-F173-F174-F175-F176-F177-F178-F179-F180-F181-F182-F183-F184-F185-F186-F187-F188-F189-F190-F191-F192-F193-F194-F195-F196-F197-F198-F199-F200-F201-F202-F203-F204-F205-F206-F207-F208-F209-F210-F211-F212-F213-F214-F215-F216-F217-F218-F219-F220-F221-F222-F223-F224-F225-F226-F227-F228-F229-F230-F231-F232-F233-F234-F235-F236-F237-F238-F239-F240-F241-F242-F243-F244-F245-F246-F247-F248-F249-F250-F251-F252-F253-F254-F255-F256-F257-F258-F259-F260-F261-F262-F263-F264-F265-F266-F267-F268-F269-F270-F271-F272-F273-F274-F275-F276-F277-F278-F279-F280-F281-F282-F283-F284-F285-F286-F287-F288-F289-F290-F291-F292-F293-F294-F295-F296-F297-F298-F299-F300-F301-F302-F303-F304-F305-F306-F307-F308-F309-F310-F311-F312-F313-F314-F315-F316-F317-F318-F319-F320-F321-F322-F323-F324-F325-F326-F327-F328-F329-F330-F331-F332-F333-F334-F335-F336-F337-F338-F339-F340-F341-F342-F343-F344-F345-F346-F347-F348-F349-F350-F351-F352-F353-F354-F355-F356-F357-F358-F359-F360-F361-F362-F363-F364-F365-F366-F367-F368-F369-F370-F371-F372-F373-F374-F375-F376-F377-F378-F379-F380-F381-F382-F383-F384-F385-F386-F387-F388-F389-F390-F391-F392-F393-F394-F395-F396-F397-F398-F399-F400-F401-F402-F403-F404-F405-F406-F407-F408-F409-F410-F411-F412-F413-F414-F415-F416-F417-F418-F419-F420-F421-F422-F423-F424-F425-F426-F427-F428-F429-F430-F431-F432-F433-F434-F435-F436-F437-F438-F439-F440-F441-F442-F443-F444-F445-F446-F447-F448-F449-F450-F451-F452-F453-F454-F455-F456-F457-F458-F459-F460-F461-F462-F463-F464-F465-F466-F467-F468-F469-F470-F471-F472-F473-F474-F475-F476-F477-F478-F479-F480-F481-F482-F483-F484-F485-F486-F487-F488-F489-F490-F491-F492-F493-F494-F495-F496-E497507-E499505-O499508-F509-F510-F511-F512

## Summary

Number of input bits: 512  
Number of free input bits: 9  
Number of output bits: 160

Number of direct occurrences: 36257  
Number of assignments: 31100  
Number of operations: 10890429
(xor: 10862495,
and: 14635,
or: 13299)

Total complexity: 3.0961229568928117 × 10^298

Least occurring input variable: iv_502 (3800)  
Most occurring input variable: iv_499 (4369)

Most co-occurring input variables: iv_497-iv_499 (2024)  
Least co-occurring input variables: iv_498-iv_502 (1728)

Potentially most occurring input variable: iv_499/iv_506 (4680)  
Potentially least occurring input variable: iv_504/iv_506 (4033)

Least output occurring input variable: iv_499 (68)  
Most output occurring input variable: iv_498 (88)

Most output co-occurring input variables: iv_500-iv_501 (53)  
Least output co-occurring input variables: iv_499-iv_502 (30)

Potentially most output occurring input variable: iv_499/iv_504 (91)  
Potentially least output occurring input variable: iv_500/iv_501 (63)

Least complex input bit: iv_498 (2.1992205041170923 × 10^296)  
Most complex input bit: iv_499 (1.2267416752715457 × 10^298)

Least complex output bit: aaa_76_29 (6.970347169533824 × 10^273)  
Most complex output bit: ov_001 (4.952515195337587 × 10^297)

Least complex input/output complexity: iv_498/aaa_76_29 (4.9511374804821765 × 10^271)  
Most complex input/output complexity: iv_499/ov_001 (1.9622789120860315 × 10^297)

## Input Bits

### Input Bits in Regular Order

| Input Bit | Complexity | Occurrences | Output Occurrences |
|:---------:|:----------:|:-----------:|:------------------:|
| iv_497 | 4.7393936615620236 × 10^297 | 4253 | 85 |
| iv_498 | 2.1992205041170923 × 10^296 | 3897 | 88 |
| iv_499 | 1.2267416752715457 × 10^298 | 4369 | 68 |
| iv_500 | 6.537047412689352 × 10^296 | 4045 | 85 |
| iv_501 | 1.0760228290833305 × 10^297 | 4037 | 84 |
| iv_502 | 1.7346517728930054 × 10^297 | 3800 | 72 |
| iv_503 | 2.7472737733005622 × 10^297 | 4043 | 73 |
| iv_504 | 4.266796587499653 × 10^297 | 3910 | 83 |
| iv_506 | 3.256047400193459 × 10^297 | 3903 | 75 |

### Input Bits Sorted by Complexity

| Input Bit | Complexity | Occurrences | Output Occurrences |
|:---------:|:----------:|:-----------:|:------------------:|
| iv_498 | 2.1992205041170923 × 10^296 | 3897 | 88 |
| iv_500 | 6.537047412689352 × 10^296 | 4045 | 85 |
| iv_501 | 1.0760228290833305 × 10^297 | 4037 | 84 |
| iv_502 | 1.7346517728930054 × 10^297 | 3800 | 72 |
| iv_503 | 2.7472737733005622 × 10^297 | 4043 | 73 |
| iv_506 | 3.256047400193459 × 10^297 | 3903 | 75 |
| iv_504 | 4.266796587499653 × 10^297 | 3910 | 83 |
| iv_497 | 4.7393936615620236 × 10^297 | 4253 | 85 |
| iv_499 | 1.2267416752715457 × 10^298 | 4369 | 68 |

### Input Bits Sorted by Occurrences

| Input Bit | Complexity | Occurrences | Output Occurrences |
|:---------:|:----------:|:-----------:|:------------------:|
| iv_502 | 1.7346517728930054 × 10^297 | 3800 | 72 |
| iv_498 | 2.1992205041170923 × 10^296 | 3897 | 88 |
| iv_506 | 3.256047400193459 × 10^297 | 3903 | 75 |
| iv_504 | 4.266796587499653 × 10^297 | 3910 | 83 |
| iv_501 | 1.0760228290833305 × 10^297 | 4037 | 84 |
| iv_503 | 2.7472737733005622 × 10^297 | 4043 | 73 |
| iv_500 | 6.537047412689352 × 10^296 | 4045 | 85 |
| iv_497 | 4.7393936615620236 × 10^297 | 4253 | 85 |
| iv_499 | 1.2267416752715457 × 10^298 | 4369 | 68 |

### Input Bits Sorted by Output Occurrences

| Input Bit | Complexity | Occurrences | Output Occurrences |
|:---------:|:----------:|:-----------:|:------------------:|
| iv_499 | 1.2267416752715457 × 10^298 | 4369 | 68 |
| iv_502 | 1.7346517728930054 × 10^297 | 3800 | 72 |
| iv_503 | 2.7472737733005622 × 10^297 | 4043 | 73 |
| iv_506 | 3.256047400193459 × 10^297 | 3903 | 75 |
| iv_504 | 4.266796587499653 × 10^297 | 3910 | 83 |
| iv_501 | 1.0760228290833305 × 10^297 | 4037 | 84 |
| iv_497 | 4.7393936615620236 × 10^297 | 4253 | 85 |
| iv_500 | 6.537047412689352 × 10^296 | 4045 | 85 |
| iv_498 | 2.1992205041170923 × 10^296 | 3897 | 88 |

## Input Bit Co-occurrences

### Input Bit Co-occurrences Sorted by Co-occurrences

| Input Bits | Co-occurrences | Potential Occurrences | Output Co-occurrences | Potential Output Occurrences |
|:----------:|:--------------:|:---------------------:|:---------------------:|:----------------------------:|
| iv_497-iv_499 | 2024 | 4574 | 35 | 83 |
| iv_499-iv_500 | 1966 | 4482 | 33 | 87 |
| iv_499-iv_503 | 1958 | 4496 | 32 | 77 |
| iv_500-iv_501 | 1947 | 4188 | 53 | 63 |
| iv_497-iv_501 | 1936 | 4418 | 43 | 83 |
| iv_497-iv_503 | 1927 | 4442 | 39 | 80 |
| iv_499-iv_501 | 1926 | 4554 | 37 | 78 |
| iv_500-iv_503 | 1921 | 4246 | 43 | 72 |
| iv_499-iv_504 | 1920 | 4439 | 30 | 91 |

### Input Bit Co-occurrences Sorted by Potential Occurrences

| Input Bits | Co-occurrences | Potential Occurrences | Output Co-occurrences | Potential Output Occurrences |
|:----------:|:--------------:|:---------------------:|:---------------------:|:----------------------------:|
| iv_504-iv_506 | 1890 | 4033 | 44 | 70 |
| iv_498-iv_506 | 1836 | 4128 | 39 | 85 |
| iv_502-iv_506 | 1786 | 4131 | 38 | 71 |
| iv_500-iv_502 | 1841 | 4163 | 39 | 79 |
| iv_498-iv_504 | 1820 | 4167 | 48 | 75 |
| iv_503-iv_504 | 1884 | 4185 | 42 | 72 |
| iv_500-iv_504 | 1884 | 4187 | 44 | 80 |
| iv_500-iv_501 | 1947 | 4188 | 53 | 63 |
| iv_500-iv_506 | 1878 | 4192 | 37 | 86 |

### Input Bit Output Co-occurrences Sorted by Output Co-occurrences

| Input Bits | Co-occurrences | Potential Occurrences | Output Co-occurrences | Potential Output Occurrences |
|:----------:|:--------------:|:---------------------:|:---------------------:|:----------------------------:|
| iv_500-iv_501 | 1947 | 4188 | 53 | 63 |
| iv_497-iv_498 | 1794 | 4562 | 51 | 71 |
| iv_498-iv_501 | 1859 | 4216 | 50 | 72 |
| iv_498-iv_500 | 1871 | 4200 | 49 | 75 |
| iv_498-iv_504 | 1820 | 4167 | 48 | 75 |
| iv_497-iv_500 | 1905 | 4488 | 45 | 80 |
| iv_500-iv_504 | 1884 | 4187 | 44 | 80 |
| iv_504-iv_506 | 1890 | 4033 | 44 | 70 |
| iv_497-iv_501 | 1936 | 4418 | 43 | 83 |

### Input Bit Output Co-occurrences Sorted by Potential Output Occurrences

| Input Bits | Co-occurrences | Potential Occurrences | Output Co-occurrences | Potential Output Occurrences |
|:----------:|:--------------:|:---------------------:|:---------------------:|:----------------------------:|
| iv_500-iv_501 | 1947 | 4188 | 53 | 63 |
| iv_504-iv_506 | 1890 | 4033 | 44 | 70 |
| iv_497-iv_498 | 1794 | 4562 | 51 | 71 |
| iv_502-iv_506 | 1786 | 4131 | 38 | 71 |
| iv_500-iv_503 | 1921 | 4246 | 43 | 72 |
| iv_503-iv_504 | 1884 | 4185 | 42 | 72 |
| iv_498-iv_501 | 1859 | 4216 | 50 | 72 |
| iv_498-iv_500 | 1871 | 4200 | 49 | 75 |
| iv_498-iv_504 | 1820 | 4167 | 48 | 75 |

## Output Bits

### Output Bits in Regular Order

| Rank | Output Bit | Complexity |
|:----:|:----------:|:----------:|
| 1 | ov_001 | 4.952515195337587 × 10^297 |
| 2 | ov_002 | 4.2949453934479236 × 10^297 |
| 3 | ov_003 | 3.7058854251195225 × 10^297 |
| 4 | ov_004 | 3.180144172203792 × 10^297 |
| 5 | ov_005 | 2.7128135595903636 × 10^297 |
| 6 | ov_006 | 2.2992483733784404 × 10^297 |
| 7 | ov_007 | 1.9350486847228988 × 10^297 |
| 8 | ov_008 | 1.6160447100456656 × 10^297 |
| 9 | ov_009 | 1.3382839190855194 × 10^297 |
| 10 | ov_010 | 1.0980201676776639 × 10^297 |
| 11 | ov_011 | 8.917046295895015 × 10^296 |
| 12 | ov_012 | 7.159783146298448 × 10^296 |
| 13 | ov_013 | 5.67665972898055 × 10^296 |
| 14 | ov_014 | 4.437711975030176 × 10^296 |
| 15 | ov_015 | 3.4147255040519735 × 10^296 |
| 16 | ov_016 | 2.5812054825505287 × 10^296 |
| 17 | ov_017 | 1.912353572464248 × 10^296 |
| 18 | ov_018 | 1.3850505809563366 × 10^296 |
| 19 | ov_019 | 9.778435431174748 × 10^295 |
| 20 | ov_020 | 6.709361462670201 × 10^295 |
| 21 | ov_021 | 4.461816873903689 × 10^295 |
| 22 | ov_022 | 2.8707801550698024 × 10^295 |
| 23 | ov_023 | 1.7876403498924606 × 10^295 |
| 24 | ov_024 | 1.0801740581206293 × 10^295 |
| 25 | ov_025 | 6.325313666020042 × 10^294 |
| 26 | ov_026 | 3.452281447015665 × 10^294 |
| 27 | ov_027 | 1.7261313282209846 × 10^294 |
| 28 | ov_028 | 7.721561870184961 × 10^293 |
| 29 | ov_029 | 2.9745073297751913 × 10^293 |
| 30 | ov_030 | 9.091055355430551 × 10^292 |
| 31 | ov_031 | 1.7727437547890967 × 10^292 |
| 32 | lv_80_m31 | 3.456244657345391 × 10^291 |
| 33 | ov_033 | 4.1411808157656377 × 10^292 |
| 34 | ov_034 | 3.5907323777449457 × 10^292 |
| 35 | ov_035 | 3.098319355359896 × 10^292 |
| 36 | ov_036 | 2.6592225869195006 × 10^292 |
| 37 | ov_037 | 2.2689766951826019 × 10^292 |
| 38 | ov_038 | 1.9233522294190047 × 10^292 |
| 39 | ov_039 | 1.618340250240913 × 10^292 |
| 40 | ov_040 | 1.3501391173212983 × 10^292 |
| 41 | ov_041 | 1.1151432547520126 × 10^292 |
| 42 | ov_042 | 9.115976031393572 × 10^291 |
| 43 | ov_043 | 7.37838242013908 × 10^291 |
| 44 | ov_044 | 5.907970653432423 × 10^291 |
| 45 | ov_045 | 4.675728365626291 × 10^291 |
| 46 | ov_046 | 3.654269273614728 × 10^291 |
| 47 | ov_047 | 2.8177995341283777 × 10^291 |
| 48 | ov_048 | 2.1420916762438548 × 10^291 |
| 49 | ov_049 | 1.604464822518873 × 10^291 |
| 50 | ov_050 | 1.1837700178030078 × 10^291 |
| 51 | ov_051 | 8.603795888615014 × 10^290 |
| 52 | ov_052 | 6.16179560867918 × 10^290 |
| 53 | ov_053 | 4.345643007160455 × 10^290 |
| 54 | ov_054 | 3.0043277775659574 × 10^290 |
| 55 | ov_055 | 2.001860339436274 × 10^290 |
| 56 | ov_056 | 1.27399857304943 × 10^290 |
| 57 | ov_057 | 7.639994453819159 × 10^289 |
| 58 | ov_058 | 4.226153765589206 × 10^289 |
| 59 | ov_059 | 2.0809230996489164 × 10^289 |
| 60 | ov_060 | 8.616881668155424 × 10^288 |
| 61 | ov_061 | 3.007576529653198 × 10^288 |
| 62 | ov_062 | 8.243886108026901 × 10^287 |
| 63 | ov_063 | 1.6054377016464435 × 10^287 |
| 64 | lv_79_m31 | 3.125783308260548 × 10^286 |
| 65 | ov_065 | 3.7130591343149034 × 10^287 |
| 66 | ov_066 | 3.713047244286868 × 10^287 |
| 67 | ov_067 | 3.713044334150901 × 10^287 |
| 68 | ov_068 | 3.205425355682634 × 10^287 |
| 69 | ov_069 | 2.7530484215717105 × 10^287 |
| 70 | ov_070 | 2.351410636897885 × 10^287 |
| 71 | ov_071 | 1.996286259648905 × 10^287 |
| 72 | ov_072 | 1.6837079284417666 × 10^287 |
| 73 | ov_073 | 1.4099495479285146 × 10^287 |
| 74 | ov_074 | 1.171510744737914 × 10^287 |
| 75 | ov_075 | 9.651028100729265 × 10^286 |
| 76 | ov_076 | 7.876360477542152 × 10^286 |
| 77 | ov_077 | 6.362084486504822 × 10^286 |
| 78 | ov_078 | 5.080956141408991 × 10^286 |
| 79 | ov_079 | 4.007418525817223 × 10^286 |
| 80 | ov_080 | 3.1175237376174896 × 10^286 |
| 81 | ov_081 | 2.388865070879772 × 10^286 |
| 82 | ov_082 | 1.8005186979695407 × 10^286 |
| 83 | ov_083 | 1.3329941188656247 × 10^286 |
| 84 | ov_084 | 9.681926474762498 × 10^285 |
| 85 | ov_085 | 6.893732067509799 × 10^285 |
| 86 | ov_086 | 4.811247057629889 × 10^285 |
| 87 | ov_087 | 3.293442728444352 × 10^285 |
| 88 | ov_088 | 2.21220619425615 × 10^285 |
| 89 | ov_089 | 1.4522180955945473 × 10^285 |
| 90 | ov_090 | 9.108671028864551 × 10^284 |
| 91 | ov_091 | 5.400159458101268 × 10^284 |
| 92 | ov_092 | 2.9784265952509482 × 10^284 |
| 93 | ov_093 | 1.4882850733392136 × 10^284 |
| 94 | ov_094 | 6.375204575167286 × 10^283 |
| 95 | aaa_78_28 | 1.9686701366555399 × 10^283 |
| 96 | aaa_78_29 | 6.046197255728431 × 10^282 |
| 97 | ov_097 | 3.9934384966277985 × 10^282 |
| 98 | ov_098 | 3.993319109223202 × 10^282 |
| 99 | ov_099 | 3.9932809943934794 × 10^282 |
| 100 | ov_100 | 3.5937131373195413 × 10^282 |
| 101 | ov_101 | 3.2235836538418854 × 10^282 |
| 102 | ov_102 | 2.881283656260272 × 10^282 |
| 103 | ov_103 | 2.5653216443503873 × 10^282 |
| 104 | ov_104 | 2.27430804727871 × 10^282 |
| 105 | ov_105 | 2.0069411878381174 × 10^282 |
| 106 | ov_106 | 1.7619945965105303 × 10^282 |
| 107 | ov_107 | 1.538305605327516 × 10^282 |
| 108 | ov_108 | 1.334765153448334 × 10^282 |
| 109 | ov_109 | 1.1503087378837984 × 10^282 |
| 110 | ov_110 | 9.839084439310552 × 10^281 |
| 111 | ov_111 | 8.345659907137024 × 10^281 |
| 112 | ov_112 | 7.01306727803647 × 10^281 |
| 113 | ov_113 | 5.8317451929083926 × 10^281 |
| 114 | ov_114 | 4.79227451914999 × 10^281 |
| 115 | ov_115 | 3.8853430402478505 × 10^281 |
| 116 | ov_116 | 3.101717122221171 × 10^281 |
| 117 | ov_117 | 2.4322197260891398 × 10^281 |
| 118 | ov_118 | 1.867714135945559 × 10^281 |
| 119 | ov_119 | 1.3990922549452043 × 10^281 |
| 120 | ov_120 | 1.0172658828525894 × 10^281 |
| 121 | ov_121 | 7.131600639198297 × 10^280 |
| 122 | ov_122 | 4.7770819019669005 × 10^280 |
| 123 | ov_123 | 3.0184854539721505 × 10^280 |
| 124 | ov_124 | 1.7652197445172709 × 10^280 |
| 125 | ov_125 | 9.267044043007753 × 10^279 |
| 126 | ov_126 | 4.1236288799354896 × 10^279 |
| 127 | aaa_77_28 | 1.316196516303264 × 10^279 |
| 128 | aaa_77_29 | 4.931155121877949 × 10^278 |
| 129 | ov_129 | 4.5350029098749654 × 10^278 |
| 130 | ov_130 | 4.534989345477597 × 10^278 |
| 131 | ov_131 | 4.5349860694166955 × 10^278 |
| 132 | ov_132 | 3.924921328073862 × 10^278 |
| 133 | ov_133 | 3.379133007833121 × 10^278 |
| 134 | ov_134 | 2.8927549271647492 × 10^278 |
| 135 | ov_135 | 2.4611774757317225 × 10^278 |
| 136 | ov_136 | 2.08002917847803 × 10^278 |
| 137 | ov_137 | 1.7451609225588086 × 10^278 |
| 138 | ov_138 | 1.4526325860343545 × 10^278 |
| 139 | ov_139 | 1.1987018203600952 × 10^278 |
| 140 | ov_140 | 9.798147514752983 × 10^277 |
| 141 | ov_141 | 7.9259837680911 × 10^277 |
| 142 | ov_142 | 6.338544478528853 × 10^277 |
| 143 | ov_143 | 5.005546401482498 × 10^277 |
| 144 | ov_144 | 3.8983682465338456 × 10^277 |
| 145 | ov_145 | 2.9900226650640008 × 10^277 |
| 146 | ov_146 | 2.2551358922451014 × 10^277 |
| 147 | ov_147 | 1.6699335437318028 × 10^277 |
| 148 | ov_148 | 1.2122311871732335 × 10^277 |
| 149 | ov_149 | 8.614284283134766 × 10^276 |
| 150 | ov_150 | 5.985053709969648 × 10^276 |
| 151 | ov_151 | 4.060204787696628 × 10^276 |
| 152 | ov_152 | 2.681091658631221 × 10^276 |
| 153 | ov_153 | 1.7048279844439272 × 10^276 |
| 154 | ov_154 | 1.0042799753656476 × 10^276 |
| 155 | ov_155 | 5.198181531503384 × 10^275 |
| 156 | aaa_76_25 | 1.996862419218502 × 10^275 |
| 157 | aaa_76_26 | 1.1525306821298596 × 10^275 |
| 158 | aaa_76_27 | 5.896093376808698 × 10^274 |
| 159 | aaa_76_28 | 2.2938424812322283 × 10^274 |
| 160 | aaa_76_29 | 6.970347169533824 × 10^273 |

### Output Bits Sorted by Complexity

| Rank | Output Bit | Complexity |
|:----:|:----------:|:----------:|
| 160 | aaa_76_29 | 6.970347169533824 × 10^273 |
| 159 | aaa_76_28 | 2.2938424812322283 × 10^274 |
| 158 | aaa_76_27 | 5.896093376808698 × 10^274 |
| 157 | aaa_76_26 | 1.1525306821298596 × 10^275 |
| 156 | aaa_76_25 | 1.996862419218502 × 10^275 |
| 155 | ov_155 | 5.198181531503384 × 10^275 |
| 154 | ov_154 | 1.0042799753656476 × 10^276 |
| 153 | ov_153 | 1.7048279844439272 × 10^276 |
| 152 | ov_152 | 2.681091658631221 × 10^276 |
| 151 | ov_151 | 4.060204787696628 × 10^276 |
| 150 | ov_150 | 5.985053709969648 × 10^276 |
| 149 | ov_149 | 8.614284283134766 × 10^276 |
| 148 | ov_148 | 1.2122311871732335 × 10^277 |
| 147 | ov_147 | 1.6699335437318028 × 10^277 |
| 146 | ov_146 | 2.2551358922451014 × 10^277 |
| 145 | ov_145 | 2.9900226650640008 × 10^277 |
| 144 | ov_144 | 3.8983682465338456 × 10^277 |
| 143 | ov_143 | 5.005546401482498 × 10^277 |
| 142 | ov_142 | 6.338544478528853 × 10^277 |
| 141 | ov_141 | 7.9259837680911 × 10^277 |
| 140 | ov_140 | 9.798147514752983 × 10^277 |
| 139 | ov_139 | 1.1987018203600952 × 10^278 |
| 138 | ov_138 | 1.4526325860343545 × 10^278 |
| 137 | ov_137 | 1.7451609225588086 × 10^278 |
| 136 | ov_136 | 2.08002917847803 × 10^278 |
| 135 | ov_135 | 2.4611774757317225 × 10^278 |
| 134 | ov_134 | 2.8927549271647492 × 10^278 |
| 133 | ov_133 | 3.379133007833121 × 10^278 |
| 132 | ov_132 | 3.924921328073862 × 10^278 |
| 131 | ov_131 | 4.5349860694166955 × 10^278 |
| 130 | ov_130 | 4.534989345477597 × 10^278 |
| 129 | ov_129 | 4.5350029098749654 × 10^278 |
| 128 | aaa_77_29 | 4.931155121877949 × 10^278 |
| 127 | aaa_77_28 | 1.316196516303264 × 10^279 |
| 126 | ov_126 | 4.1236288799354896 × 10^279 |
| 125 | ov_125 | 9.267044043007753 × 10^279 |
| 124 | ov_124 | 1.7652197445172709 × 10^280 |
| 123 | ov_123 | 3.0184854539721505 × 10^280 |
| 122 | ov_122 | 4.7770819019669005 × 10^280 |
| 121 | ov_121 | 7.131600639198297 × 10^280 |
| 120 | ov_120 | 1.0172658828525894 × 10^281 |
| 119 | ov_119 | 1.3990922549452043 × 10^281 |
| 118 | ov_118 | 1.867714135945559 × 10^281 |
| 117 | ov_117 | 2.4322197260891398 × 10^281 |
| 116 | ov_116 | 3.101717122221171 × 10^281 |
| 115 | ov_115 | 3.8853430402478505 × 10^281 |
| 114 | ov_114 | 4.79227451914999 × 10^281 |
| 113 | ov_113 | 5.8317451929083926 × 10^281 |
| 112 | ov_112 | 7.01306727803647 × 10^281 |
| 111 | ov_111 | 8.345659907137024 × 10^281 |
| 110 | ov_110 | 9.839084439310552 × 10^281 |
| 109 | ov_109 | 1.1503087378837984 × 10^282 |
| 108 | ov_108 | 1.334765153448334 × 10^282 |
| 107 | ov_107 | 1.538305605327516 × 10^282 |
| 106 | ov_106 | 1.7619945965105303 × 10^282 |
| 105 | ov_105 | 2.0069411878381174 × 10^282 |
| 104 | ov_104 | 2.27430804727871 × 10^282 |
| 103 | ov_103 | 2.5653216443503873 × 10^282 |
| 102 | ov_102 | 2.881283656260272 × 10^282 |
| 101 | ov_101 | 3.2235836538418854 × 10^282 |
| 100 | ov_100 | 3.5937131373195413 × 10^282 |
| 99 | ov_099 | 3.9932809943934794 × 10^282 |
| 98 | ov_098 | 3.993319109223202 × 10^282 |
| 97 | ov_097 | 3.9934384966277985 × 10^282 |
| 96 | aaa_78_29 | 6.046197255728431 × 10^282 |
| 95 | aaa_78_28 | 1.9686701366555399 × 10^283 |
| 94 | ov_094 | 6.375204575167286 × 10^283 |
| 93 | ov_093 | 1.4882850733392136 × 10^284 |
| 92 | ov_092 | 2.9784265952509482 × 10^284 |
| 91 | ov_091 | 5.400159458101268 × 10^284 |
| 90 | ov_090 | 9.108671028864551 × 10^284 |
| 89 | ov_089 | 1.4522180955945473 × 10^285 |
| 88 | ov_088 | 2.21220619425615 × 10^285 |
| 87 | ov_087 | 3.293442728444352 × 10^285 |
| 86 | ov_086 | 4.811247057629889 × 10^285 |
| 85 | ov_085 | 6.893732067509799 × 10^285 |
| 84 | ov_084 | 9.681926474762498 × 10^285 |
| 83 | ov_083 | 1.3329941188656247 × 10^286 |
| 82 | ov_082 | 1.8005186979695407 × 10^286 |
| 81 | ov_081 | 2.388865070879772 × 10^286 |
| 80 | ov_080 | 3.1175237376174896 × 10^286 |
| 64 | lv_79_m31 | 3.125783308260548 × 10^286 |
| 79 | ov_079 | 4.007418525817223 × 10^286 |
| 78 | ov_078 | 5.080956141408991 × 10^286 |
| 77 | ov_077 | 6.362084486504822 × 10^286 |
| 76 | ov_076 | 7.876360477542152 × 10^286 |
| 75 | ov_075 | 9.651028100729265 × 10^286 |
| 74 | ov_074 | 1.171510744737914 × 10^287 |
| 73 | ov_073 | 1.4099495479285146 × 10^287 |
| 63 | ov_063 | 1.6054377016464435 × 10^287 |
| 72 | ov_072 | 1.6837079284417666 × 10^287 |
| 71 | ov_071 | 1.996286259648905 × 10^287 |
| 70 | ov_070 | 2.351410636897885 × 10^287 |
| 69 | ov_069 | 2.7530484215717105 × 10^287 |
| 68 | ov_068 | 3.205425355682634 × 10^287 |
| 67 | ov_067 | 3.713044334150901 × 10^287 |
| 66 | ov_066 | 3.713047244286868 × 10^287 |
| 65 | ov_065 | 3.7130591343149034 × 10^287 |
| 62 | ov_062 | 8.243886108026901 × 10^287 |
| 61 | ov_061 | 3.007576529653198 × 10^288 |
| 60 | ov_060 | 8.616881668155424 × 10^288 |
| 59 | ov_059 | 2.0809230996489164 × 10^289 |
| 58 | ov_058 | 4.226153765589206 × 10^289 |
| 57 | ov_057 | 7.639994453819159 × 10^289 |
| 56 | ov_056 | 1.27399857304943 × 10^290 |
| 55 | ov_055 | 2.001860339436274 × 10^290 |
| 54 | ov_054 | 3.0043277775659574 × 10^290 |
| 53 | ov_053 | 4.345643007160455 × 10^290 |
| 52 | ov_052 | 6.16179560867918 × 10^290 |
| 51 | ov_051 | 8.603795888615014 × 10^290 |
| 50 | ov_050 | 1.1837700178030078 × 10^291 |
| 49 | ov_049 | 1.604464822518873 × 10^291 |
| 48 | ov_048 | 2.1420916762438548 × 10^291 |
| 47 | ov_047 | 2.8177995341283777 × 10^291 |
| 32 | lv_80_m31 | 3.456244657345391 × 10^291 |
| 46 | ov_046 | 3.654269273614728 × 10^291 |
| 45 | ov_045 | 4.675728365626291 × 10^291 |
| 44 | ov_044 | 5.907970653432423 × 10^291 |
| 43 | ov_043 | 7.37838242013908 × 10^291 |
| 42 | ov_042 | 9.115976031393572 × 10^291 |
| 41 | ov_041 | 1.1151432547520126 × 10^292 |
| 40 | ov_040 | 1.3501391173212983 × 10^292 |
| 39 | ov_039 | 1.618340250240913 × 10^292 |
| 31 | ov_031 | 1.7727437547890967 × 10^292 |
| 38 | ov_038 | 1.9233522294190047 × 10^292 |
| 37 | ov_037 | 2.2689766951826019 × 10^292 |
| 36 | ov_036 | 2.6592225869195006 × 10^292 |
| 35 | ov_035 | 3.098319355359896 × 10^292 |
| 34 | ov_034 | 3.5907323777449457 × 10^292 |
| 33 | ov_033 | 4.1411808157656377 × 10^292 |
| 30 | ov_030 | 9.091055355430551 × 10^292 |
| 29 | ov_029 | 2.9745073297751913 × 10^293 |
| 28 | ov_028 | 7.721561870184961 × 10^293 |
| 27 | ov_027 | 1.7261313282209846 × 10^294 |
| 26 | ov_026 | 3.452281447015665 × 10^294 |
| 25 | ov_025 | 6.325313666020042 × 10^294 |
| 24 | ov_024 | 1.0801740581206293 × 10^295 |
| 23 | ov_023 | 1.7876403498924606 × 10^295 |
| 22 | ov_022 | 2.8707801550698024 × 10^295 |
| 21 | ov_021 | 4.461816873903689 × 10^295 |
| 20 | ov_020 | 6.709361462670201 × 10^295 |
| 19 | ov_019 | 9.778435431174748 × 10^295 |
| 18 | ov_018 | 1.3850505809563366 × 10^296 |
| 17 | ov_017 | 1.912353572464248 × 10^296 |
| 16 | ov_016 | 2.5812054825505287 × 10^296 |
| 15 | ov_015 | 3.4147255040519735 × 10^296 |
| 14 | ov_014 | 4.437711975030176 × 10^296 |
| 13 | ov_013 | 5.67665972898055 × 10^296 |
| 12 | ov_012 | 7.159783146298448 × 10^296 |
| 11 | ov_011 | 8.917046295895015 × 10^296 |
| 10 | ov_010 | 1.0980201676776639 × 10^297 |
| 9 | ov_009 | 1.3382839190855194 × 10^297 |
| 8 | ov_008 | 1.6160447100456656 × 10^297 |
| 7 | ov_007 | 1.9350486847228988 × 10^297 |
| 6 | ov_006 | 2.2992483733784404 × 10^297 |
| 5 | ov_005 | 2.7128135595903636 × 10^297 |
| 4 | ov_004 | 3.180144172203792 × 10^297 |
| 3 | ov_003 | 3.7058854251195225 × 10^297 |
| 2 | ov_002 | 4.2949453934479236 × 10^297 |
| 1 | ov_001 | 4.952515195337587 × 10^297 |

