# Results for F001-F002-F003-F004-F005-F006-F007-F008-F009-F010-F011-F012-F013-F014-F015-F016-F017-F018-F019-F020-F021-F022-F023-F024-F025-F026-F027-F028-F029-F030-F031-F032-F033-F034-F035-F036-F037-F038-F039-F040-F041-F042-F043-F044-F045-F046-F047-F048-F049-F050-F051-F052-F053-F054-F055-F056-F057-F058-F059-F060-F061-F062-F063-F064-F065-F066-F067-F068-F069-F070-F071-F072-F073-F074-F075-F076-F077-F078-F079-F080-F081-F082-F083-F084-F085-F086-F087-F088-F089-F090-F091-F092-F093-F094-F095-F096-F097-F098-F099-F100-F101-F102-F103-F104-F105-F106-F107-F108-F109-F110-F111-F112-F113-F114-F115-F116-F117-F118-F119-F120-F121-F122-F123-F124-F125-F126-F127-F128-F129-F130-F131-F132-F133-F134-F135-F136-F137-F138-F139-F140-F141-F142-F143-F144-F145-F146-F147-F148-F149-F150-F151-F152-F153-F154-F155-F156-F157-F158-F159-F160-F161-F162-F163-F164-F165-F166-F167-F168-F169-F170-F171-F172-F173-F174-F175-F176-F177-F178-F179-F180-F181-F182-F183-F184-F185-F186-F187-F188-F189-F190-F191-F192-F193-F194-F195-F196-F197-F198-F199-F200-F201-F202-F203-F204-F205-F206-F207-F208-F209-F210-F211-F212-F213-F214-F215-F216-F217-F218-F219-F220-F221-F222-F223-F224-F225-F226-F227-F228-F229-F230-F231-F232-F233-F234-F235-F236-F237-F238-F239-F240-F241-F242-F243-F244-F245-F246-F247-F248-F249-F250-F251-F252-F253-F254-F255-F256-F257-F258-F259-F260-F261-F262-F263-F264-F265-F266-F267-F268-F269-F270-F271-F272-F273-F274-F275-F276-F277-F278-F279-F280-F281-F282-F283-F284-F285-F286-F287-F288-F289-F290-F291-F292-F293-F294-F295-F296-F297-F298-F299-F300-F301-F302-F303-F304-F305-F306-F307-F308-F309-F310-F311-F312-F313-F314-F315-F316-F317-F318-F319-F320-F321-F322-F323-F324-F325-F326-F327-F328-F329-F330-F331-F332-F333-F334-F335-F336-F337-F338-F339-F340-F341-F342-F343-F344-F345-F346-F347-F348-F349-F350-F351-F352-F353-F354-F355-F356-F357-F358-F359-F360-F361-F362-F363-F364-F365-F366-F367-F368-F369-F370-F371-F372-F373-F374-F375-F376-F377-F378-F379-F380-F381-F382-F383-F384-F385-F386-F387-F388-F389-F390-F391-F392-F393-F394-F395-F396-F397-F398-F399-F400-F401-F402-F403-F404-F405-F406-F407-F408-F409-F410-F411-F412-F413-F414-F415-F416-F417-F418-F419-F420-F421-F422-F423-F424-F425-F426-F427-F428-F429-F430-F431-F432-F433-F434-F435-F436-F437-F438-F439-F440-F441-F442-F443-F444-F445-F446-F447-F448-F449-F450-F451-F452-F453-F454-F455-F456-F457-F458-F459-F460-F461-F462-F463-F464-F465-F466-F467-F468-F469-F470-F471-F472-F473-F474-F475-F476-F477-F478-F479-F480-F481-F482-F483-F484-F485-F486-F487-F488-F489-F490-F491-F492-F493-F494-F495-F496-O498506-E500501-F508-F509-F510-F511-F512

## Summary

Number of input bits: 512  
Number of free input bits: 9  
Number of output bits: 160

Number of direct occurrences: 35937  
Number of assignments: 30824  
Number of operations: 10765079
(xor: 10737127,
and: 14776,
or: 13176)

Total complexity: 5.269485914091197 × 10^296

Least occurring input variable: iv_502 (3833)  
Most occurring input variable: iv_498 (4279)

Most co-occurring input variables: iv_498-iv_500 (1972)  
Least co-occurring input variables: iv_502-iv_505 (1744)

Potentially most occurring input variable: iv_497/iv_498 (4539)  
Potentially least occurring input variable: iv_499/iv_505 (4100)

Least output occurring input variable: iv_503 (72)  
Most output occurring input variable: iv_498 (90)

Most output co-occurring input variables: iv_498-iv_499 (50)  
Least output co-occurring input variables: iv_497-iv_503 (28)

Potentially most output occurring input variable: iv_497/iv_503 (95)  
Potentially least output occurring input variable: iv_500/iv_503 (66)

Least complex input bit: iv_497 (3.200866059793619 × 10^294)  
Most complex input bit: iv_505 (1.5611504212400936 × 10^296)

Least complex output bit: aaa_76_29 (5.94419827102677 × 10^271)  
Most complex output bit: ov_001 (8.502826539629653 × 10^295)

Least complex input/output complexity: iv_497/aaa_76_29 (3.610709433255015 × 10^269)  
Most complex input/output complexity: iv_505/ov_001 (2.5190675998540217 × 10^295)

## Input Bits

### Input Bits in Regular Order

| Input Bit | Complexity | Occurrences | Output Occurrences |
|:---------:|:----------:|:-----------:|:------------------:|
| iv_497 | 3.200866059793619 × 10^294 | 4008 | 79 |
| iv_498 | 3.534382726827054 × 10^295 | 4279 | 90 |
| iv_499 | 1.1228390441530502 × 10^295 | 3889 | 81 |
| iv_500 | 3.8384582516690326 × 10^295 | 4064 | 80 |
| iv_502 | 4.946809690378943 × 10^295 | 3833 | 82 |
| iv_503 | 7.814726177237013 × 10^295 | 3998 | 72 |
| iv_504 | 1.212244020516011 × 10^296 | 3880 | 78 |
| iv_505 | 1.5611504212400936 × 10^296 | 3911 | 82 |
| iv_507 | 3.3836122271064836 × 10^295 | 4075 | 78 |

### Input Bits Sorted by Complexity

| Input Bit | Complexity | Occurrences | Output Occurrences |
|:---------:|:----------:|:-----------:|:------------------:|
| iv_497 | 3.200866059793619 × 10^294 | 4008 | 79 |
| iv_499 | 1.1228390441530502 × 10^295 | 3889 | 81 |
| iv_507 | 3.3836122271064836 × 10^295 | 4075 | 78 |
| iv_498 | 3.534382726827054 × 10^295 | 4279 | 90 |
| iv_500 | 3.8384582516690326 × 10^295 | 4064 | 80 |
| iv_502 | 4.946809690378943 × 10^295 | 3833 | 82 |
| iv_503 | 7.814726177237013 × 10^295 | 3998 | 72 |
| iv_504 | 1.212244020516011 × 10^296 | 3880 | 78 |
| iv_505 | 1.5611504212400936 × 10^296 | 3911 | 82 |

### Input Bits Sorted by Occurrences

| Input Bit | Complexity | Occurrences | Output Occurrences |
|:---------:|:----------:|:-----------:|:------------------:|
| iv_502 | 4.946809690378943 × 10^295 | 3833 | 82 |
| iv_504 | 1.212244020516011 × 10^296 | 3880 | 78 |
| iv_499 | 1.1228390441530502 × 10^295 | 3889 | 81 |
| iv_505 | 1.5611504212400936 × 10^296 | 3911 | 82 |
| iv_503 | 7.814726177237013 × 10^295 | 3998 | 72 |
| iv_497 | 3.200866059793619 × 10^294 | 4008 | 79 |
| iv_500 | 3.8384582516690326 × 10^295 | 4064 | 80 |
| iv_507 | 3.3836122271064836 × 10^295 | 4075 | 78 |
| iv_498 | 3.534382726827054 × 10^295 | 4279 | 90 |

### Input Bits Sorted by Output Occurrences

| Input Bit | Complexity | Occurrences | Output Occurrences |
|:---------:|:----------:|:-----------:|:------------------:|
| iv_503 | 7.814726177237013 × 10^295 | 3998 | 72 |
| iv_504 | 1.212244020516011 × 10^296 | 3880 | 78 |
| iv_507 | 3.3836122271064836 × 10^295 | 4075 | 78 |
| iv_497 | 3.200866059793619 × 10^294 | 4008 | 79 |
| iv_500 | 3.8384582516690326 × 10^295 | 4064 | 80 |
| iv_499 | 1.1228390441530502 × 10^295 | 3889 | 81 |
| iv_502 | 4.946809690378943 × 10^295 | 3833 | 82 |
| iv_505 | 1.5611504212400936 × 10^296 | 3911 | 82 |
| iv_498 | 3.534382726827054 × 10^295 | 4279 | 90 |

## Input Bit Co-occurrences

### Input Bit Co-occurrences Sorted by Co-occurrences

| Input Bits | Co-occurrences | Potential Occurrences | Output Co-occurrences | Potential Output Occurrences |
|:----------:|:--------------:|:---------------------:|:---------------------:|:----------------------------:|
| iv_498-iv_500 | 1972 | 4399 | 45 | 80 |
| iv_498-iv_503 | 1954 | 4369 | 43 | 76 |
| iv_498-iv_507 | 1949 | 4456 | 45 | 78 |
| iv_498-iv_505 | 1942 | 4306 | 47 | 78 |
| iv_503-iv_507 | 1932 | 4209 | 37 | 76 |
| iv_498-iv_502 | 1929 | 4254 | 43 | 86 |
| iv_498-iv_499 | 1923 | 4322 | 50 | 71 |
| iv_497-iv_503 | 1912 | 4182 | 28 | 95 |
| iv_500-iv_507 | 1904 | 4331 | 45 | 68 |

### Input Bit Co-occurrences Sorted by Potential Occurrences

| Input Bits | Co-occurrences | Potential Occurrences | Output Co-occurrences | Potential Output Occurrences |
|:----------:|:--------------:|:---------------------:|:---------------------:|:----------------------------:|
| iv_499-iv_505 | 1850 | 4100 | 37 | 89 |
| iv_499-iv_504 | 1831 | 4107 | 38 | 83 |
| iv_497-iv_505 | 1899 | 4121 | 44 | 73 |
| iv_504-iv_505 | 1822 | 4147 | 37 | 86 |
| iv_503-iv_504 | 1858 | 4162 | 36 | 78 |
| iv_499-iv_500 | 1892 | 4169 | 43 | 75 |
| iv_497-iv_499 | 1864 | 4169 | 40 | 80 |
| iv_502-iv_504 | 1770 | 4173 | 42 | 76 |
| iv_499-iv_503 | 1853 | 4181 | 39 | 75 |

### Input Bit Output Co-occurrences Sorted by Output Co-occurrences

| Input Bits | Co-occurrences | Potential Occurrences | Output Co-occurrences | Potential Output Occurrences |
|:----------:|:--------------:|:---------------------:|:---------------------:|:----------------------------:|
| iv_498-iv_499 | 1923 | 4322 | 50 | 71 |
| iv_498-iv_505 | 1942 | 4306 | 47 | 78 |
| iv_497-iv_498 | 1874 | 4539 | 47 | 75 |
| iv_497-iv_500 | 1872 | 4328 | 45 | 69 |
| iv_498-iv_507 | 1949 | 4456 | 45 | 78 |
| iv_499-iv_507 | 1889 | 4186 | 45 | 69 |
| iv_498-iv_500 | 1972 | 4399 | 45 | 80 |
| iv_500-iv_507 | 1904 | 4331 | 45 | 68 |
| iv_497-iv_505 | 1899 | 4121 | 44 | 73 |

### Input Bit Output Co-occurrences Sorted by Potential Output Occurrences

| Input Bits | Co-occurrences | Potential Occurrences | Output Co-occurrences | Potential Output Occurrences |
|:----------:|:--------------:|:---------------------:|:---------------------:|:----------------------------:|
| iv_500-iv_503 | 1869 | 4324 | 43 | 66 |
| iv_500-iv_507 | 1904 | 4331 | 45 | 68 |
| iv_497-iv_500 | 1872 | 4328 | 45 | 69 |
| iv_499-iv_507 | 1889 | 4186 | 45 | 69 |
| iv_498-iv_499 | 1923 | 4322 | 50 | 71 |
| iv_497-iv_505 | 1899 | 4121 | 44 | 73 |
| iv_499-iv_500 | 1892 | 4169 | 43 | 75 |
| iv_499-iv_503 | 1853 | 4181 | 39 | 75 |
| iv_497-iv_498 | 1874 | 4539 | 47 | 75 |

## Output Bits

### Output Bits in Regular Order

| Rank | Output Bit | Complexity |
|:----:|:----------:|:----------:|
| 1 | ov_001 | 8.502826539629653 × 10^295 |
| 2 | ov_002 | 7.362917937674691 × 10^295 |
| 3 | ov_003 | 6.342884474128934 × 10^295 |
| 4 | ov_004 | 5.433584565153287 × 10^295 |
| 5 | ov_005 | 4.6263751120561423 × 10^295 |
| 6 | ov_006 | 3.913075697478481 × 10^295 |
| 7 | ov_007 | 3.285937445890922 × 10^295 |
| 8 | ov_008 | 2.737616269475159 × 10^295 |
| 9 | ov_009 | 2.2611501528447653 × 10^295 |
| 10 | ov_010 | 1.8499400664569647 × 10^295 |
| 11 | ov_011 | 1.4977340938176771 × 10^295 |
| 12 | ov_012 | 1.1986143812495238 × 10^295 |
| 13 | ov_013 | 9.469865422240611 × 10^294 |
| 14 | ov_014 | 7.375711711581987 × 10^294 |
| 15 | ov_015 | 5.6539714422391006 × 10^294 |
| 16 | ov_016 | 4.2579640718550905 × 10^294 |
| 17 | ov_017 | 3.1439997261027136 × 10^294 |
| 18 | ov_018 | 2.2713487103344718 × 10^294 |
| 19 | ov_019 | 1.6022183463988527 × 10^294 |
| 20 | ov_020 | 1.1017354820834424 × 10^294 |
| 21 | ov_021 | 7.379335408106466 × 10^293 |
| 22 | ov_022 | 4.817432215439586 × 10^293 |
| 23 | ov_023 | 3.0698606917507505 × 10^293 |
| 24 | ov_024 | 1.9037024593393764 × 10^293 |
| 25 | ov_025 | 1.1148794461585934 × 10^293 |
| 26 | ov_026 | 6.085603277421615 × 10^292 |
| 27 | ov_027 | 3.043244969594722 × 10^292 |
| 28 | ov_028 | 1.361601079037923 × 10^292 |
| 29 | ov_029 | 5.246340663145777 × 10^291 |
| 30 | ov_030 | 1.6038555786564158 × 10^291 |
| 31 | ov_031 | 3.1285315537008798 × 10^290 |
| 32 | lv_80_m31 | 6.101812019403058 × 10^289 |
| 33 | ov_033 | 7.298952487782422 × 10^290 |
| 34 | ov_034 | 6.329884745238157 × 10^290 |
| 35 | ov_035 | 5.463083550061265 × 10^290 |
| 36 | ov_036 | 4.689880962733879 × 10^290 |
| 37 | ov_037 | 4.002074216948347 × 10^290 |
| 38 | ov_038 | 3.391893014966822 × 10^290 |
| 39 | ov_039 | 2.8519713376594037 × 10^290 |
| 40 | ov_040 | 2.375323314490439 × 10^290 |
| 41 | ov_041 | 1.9585482710087765 × 10^290 |
| 42 | ov_042 | 1.5984206591266045 × 10^290 |
| 43 | ov_043 | 1.2918821742370393 × 10^290 |
| 44 | ov_044 | 1.0332928811547288 × 10^290 |
| 45 | ov_045 | 8.173191062260373 × 10^289 |
| 46 | ov_046 | 6.389256704110343 × 10^289 |
| 47 | ov_047 | 4.933698048774203 × 10^289 |
| 48 | ov_048 | 3.7619647404480786 × 10^289 |
| 49 | ov_049 | 2.832348519708871 × 10^289 |
| 50 | ov_050 | 2.1059571875748545 × 10^289 |
| 51 | ov_051 | 1.5466956431113915 × 10^289 |
| 52 | ov_052 | 1.121252167992812 × 10^289 |
| 53 | ov_053 | 7.990886069921567 × 10^288 |
| 54 | ov_054 | 5.5243353020207507 × 10^288 |
| 55 | ov_055 | 3.680922120139015 × 10^288 |
| 56 | ov_056 | 2.3425011255077248 × 10^288 |
| 57 | ov_057 | 1.4047178374163482 × 10^288 |
| 58 | ov_058 | 7.77002494257654 × 10^287 |
| 59 | ov_059 | 3.8256685423851165 × 10^287 |
| 60 | ov_060 | 1.5840275456093177 × 10^287 |
| 61 | ov_061 | 5.528159566650043 × 10^286 |
| 62 | ov_062 | 1.5150834815223342 × 10^286 |
| 63 | ov_063 | 2.950018184360244 × 10^285 |
| 64 | lv_79_m31 | 5.742605519646987 × 10^284 |
| 65 | ov_065 | 6.806904803778228 × 10^285 |
| 66 | ov_066 | 6.806887201527107 × 10^285 |
| 67 | ov_067 | 6.806883076060082 × 10^285 |
| 68 | ov_068 | 5.873272521954091 × 10^285 |
| 69 | ov_069 | 5.040997653500822 × 10^285 |
| 70 | ov_070 | 4.302139164976694 × 10^285 |
| 71 | ov_071 | 3.649163189387407 × 10^285 |
| 72 | ov_072 | 3.074902637104541 × 10^285 |
| 73 | ov_073 | 2.5725418931767643 × 10^285 |
| 74 | ov_074 | 2.1356036373695544 × 10^285 |
| 75 | ov_075 | 1.7579370689051136 × 10^285 |
| 76 | ov_076 | 1.4337073083018407 × 10^285 |
| 77 | ov_077 | 1.15738591024551 × 10^285 |
| 78 | ov_078 | 9.237424227961466 × 10^284 |
| 79 | ov_079 | 7.278369292987865 × 10^284 |
| 80 | ov_080 | 5.6501351017725564 × 10^284 |
| 81 | ov_081 | 4.308945623979141 × 10^284 |
| 82 | ov_082 | 3.233602051808563 × 10^284 |
| 83 | ov_083 | 2.385755491632175 × 10^284 |
| 84 | ov_084 | 1.7297150986594955 × 10^284 |
| 85 | ov_085 | 1.2324194308010289 × 10^284 |
| 86 | ov_086 | 8.634133160974688 × 10^283 |
| 87 | ov_087 | 5.948296254575936 × 10^283 |
| 88 | ov_088 | 4.013753429330166 × 10^283 |
| 89 | ov_089 | 2.603213260409062 × 10^283 |
| 90 | ov_090 | 1.6094290359368965 × 10^283 |
| 91 | ov_091 | 9.379232079371035 × 10^282 |
| 92 | ov_092 | 5.0696941430838594 × 10^282 |
| 93 | ov_093 | 2.4758237520609752 × 10^282 |
| 94 | ov_094 | 1.0351292983102118 × 10^282 |
| 95 | aaa_78_28 | 3.1246010798131903 × 10^281 |
| 96 | aaa_78_29 | 9.263296096564119 × 10^280 |
| 97 | ov_097 | 5.4588938696013715 × 10^280 |
| 98 | ov_098 | 5.458794133293776 × 10^280 |
| 99 | ov_099 | 5.4587623111308825 × 10^280 |
| 100 | ov_100 | 4.468901405913703 × 10^280 |
| 101 | ov_101 | 3.658947970984177 × 10^280 |
| 102 | ov_102 | 3.004307341184238 × 10^280 |
| 103 | ov_103 | 2.4817223376194155 × 10^280 |
| 104 | ov_104 | 2.0691756348387501 × 10^280 |
| 105 | ov_105 | 1.745805179256539 × 10^280 |
| 106 | ov_106 | 1.4918314415941899 × 10^280 |
| 107 | ov_107 | 1.288495347398432 × 10^280 |
| 108 | ov_108 | 1.1180057890202094 × 10^280 |
| 109 | ov_109 | 9.634956802517014 × 10^279 |
| 110 | ov_110 | 8.241071351356897 × 10^279 |
| 111 | ov_111 | 6.990062552474014 × 10^279 |
| 112 | ov_112 | 5.873781828602134 × 10^279 |
| 113 | ov_113 | 4.88422915827114 × 10^279 |
| 114 | ov_114 | 4.013518297828203 × 10^279 |
| 115 | ov_115 | 3.253848533745034 × 10^279 |
| 116 | ov_116 | 2.5974824229846404 × 10^279 |
| 117 | ov_117 | 2.036728979701206 × 10^279 |
| 118 | ov_118 | 1.563931255253198 × 10^279 |
| 119 | ov_119 | 1.1714568147142086 × 10^279 |
| 120 | ov_120 | 8.516902600974334 × 10^278 |
| 121 | ov_121 | 5.970275298554497 × 10^278 |
| 122 | ov_122 | 3.998717042544833 × 10^278 |
| 123 | ov_123 | 2.526300462363381 × 10^278 |
| 124 | ov_124 | 1.4771200738067841 × 10^278 |
| 125 | ov_125 | 7.752799407397184 × 10^277 |
| 126 | ov_126 | 3.448873897599791 × 10^277 |
| 127 | aaa_77_28 | 1.100506011557082 × 10^277 |
| 128 | aaa_77_29 | 4.1212764613068217 × 10^276 |
| 129 | ov_129 | 3.771174055575346 × 10^276 |
| 130 | ov_130 | 3.771162498633675 × 10^276 |
| 131 | ov_131 | 3.771159710683051 × 10^276 |
| 132 | ov_132 | 3.258952380794601 × 10^276 |
| 133 | ov_133 | 2.801247435382491 × 10^276 |
| 134 | ov_134 | 2.3938998383563316 × 10^276 |
| 135 | ov_135 | 2.0329800203474198 × 10^276 |
| 136 | ov_136 | 1.7147583913856248 × 10^276 |
| 137 | ov_137 | 1.4356921784619767 × 10^276 |
| 138 | ov_138 | 1.1924143528118157 × 10^276 |
| 139 | ov_139 | 9.817244234640613 × 10^275 |
| 140 | ov_140 | 8.005808850343835 × 10^275 |
| 141 | ov_141 | 6.460951189684732 × 10^275 |
| 142 | ov_142 | 5.1552655852619625 × 10^275 |
| 143 | ov_143 | 4.0627893878412995 × 10^275 |
| 144 | ov_144 | 3.1589746385637934 × 10^275 |
| 145 | ov_145 | 2.4206673441364535 × 10^275 |
| 146 | ov_146 | 1.8260928943109767 × 10^275 |
| 147 | ov_147 | 1.3548462692427157 × 10^275 |
| 148 | ov_148 | 9.878857924425694 × 10^274 |
| 149 | ov_149 | 7.0752929302649835 × 10^274 |
| 150 | ov_150 | 4.9745169965982635 × 10^274 |
| 151 | ov_151 | 3.4268338614304137 × 10^274 |
| 152 | ov_152 | 2.296089472843253 × 10^274 |
| 153 | ov_153 | 1.459663003815019 × 10^274 |
| 154 | ov_154 | 8.596264105818179 × 10^273 |
| 155 | ov_155 | 4.4481385002082554 × 10^273 |
| 156 | aaa_76_25 | 1.708201974924541 × 10^273 |
| 157 | aaa_76_26 | 9.853278250888153 × 10^272 |
| 158 | aaa_76_27 | 5.0372253564728144 × 10^272 |
| 159 | aaa_76_28 | 1.95794946709106 × 10^272 |
| 160 | aaa_76_29 | 5.94419827102677 × 10^271 |

### Output Bits Sorted by Complexity

| Rank | Output Bit | Complexity |
|:----:|:----------:|:----------:|
| 160 | aaa_76_29 | 5.94419827102677 × 10^271 |
| 159 | aaa_76_28 | 1.95794946709106 × 10^272 |
| 158 | aaa_76_27 | 5.0372253564728144 × 10^272 |
| 157 | aaa_76_26 | 9.853278250888153 × 10^272 |
| 156 | aaa_76_25 | 1.708201974924541 × 10^273 |
| 155 | ov_155 | 4.4481385002082554 × 10^273 |
| 154 | ov_154 | 8.596264105818179 × 10^273 |
| 153 | ov_153 | 1.459663003815019 × 10^274 |
| 152 | ov_152 | 2.296089472843253 × 10^274 |
| 151 | ov_151 | 3.4268338614304137 × 10^274 |
| 150 | ov_150 | 4.9745169965982635 × 10^274 |
| 149 | ov_149 | 7.0752929302649835 × 10^274 |
| 148 | ov_148 | 9.878857924425694 × 10^274 |
| 147 | ov_147 | 1.3548462692427157 × 10^275 |
| 146 | ov_146 | 1.8260928943109767 × 10^275 |
| 145 | ov_145 | 2.4206673441364535 × 10^275 |
| 144 | ov_144 | 3.1589746385637934 × 10^275 |
| 143 | ov_143 | 4.0627893878412995 × 10^275 |
| 142 | ov_142 | 5.1552655852619625 × 10^275 |
| 141 | ov_141 | 6.460951189684732 × 10^275 |
| 140 | ov_140 | 8.005808850343835 × 10^275 |
| 139 | ov_139 | 9.817244234640613 × 10^275 |
| 138 | ov_138 | 1.1924143528118157 × 10^276 |
| 137 | ov_137 | 1.4356921784619767 × 10^276 |
| 136 | ov_136 | 1.7147583913856248 × 10^276 |
| 135 | ov_135 | 2.0329800203474198 × 10^276 |
| 134 | ov_134 | 2.3938998383563316 × 10^276 |
| 133 | ov_133 | 2.801247435382491 × 10^276 |
| 132 | ov_132 | 3.258952380794601 × 10^276 |
| 131 | ov_131 | 3.771159710683051 × 10^276 |
| 130 | ov_130 | 3.771162498633675 × 10^276 |
| 129 | ov_129 | 3.771174055575346 × 10^276 |
| 128 | aaa_77_29 | 4.1212764613068217 × 10^276 |
| 127 | aaa_77_28 | 1.100506011557082 × 10^277 |
| 126 | ov_126 | 3.448873897599791 × 10^277 |
| 125 | ov_125 | 7.752799407397184 × 10^277 |
| 124 | ov_124 | 1.4771200738067841 × 10^278 |
| 123 | ov_123 | 2.526300462363381 × 10^278 |
| 122 | ov_122 | 3.998717042544833 × 10^278 |
| 121 | ov_121 | 5.970275298554497 × 10^278 |
| 120 | ov_120 | 8.516902600974334 × 10^278 |
| 119 | ov_119 | 1.1714568147142086 × 10^279 |
| 118 | ov_118 | 1.563931255253198 × 10^279 |
| 117 | ov_117 | 2.036728979701206 × 10^279 |
| 116 | ov_116 | 2.5974824229846404 × 10^279 |
| 115 | ov_115 | 3.253848533745034 × 10^279 |
| 114 | ov_114 | 4.013518297828203 × 10^279 |
| 113 | ov_113 | 4.88422915827114 × 10^279 |
| 112 | ov_112 | 5.873781828602134 × 10^279 |
| 111 | ov_111 | 6.990062552474014 × 10^279 |
| 110 | ov_110 | 8.241071351356897 × 10^279 |
| 109 | ov_109 | 9.634956802517014 × 10^279 |
| 108 | ov_108 | 1.1180057890202094 × 10^280 |
| 107 | ov_107 | 1.288495347398432 × 10^280 |
| 106 | ov_106 | 1.4918314415941899 × 10^280 |
| 105 | ov_105 | 1.745805179256539 × 10^280 |
| 104 | ov_104 | 2.0691756348387501 × 10^280 |
| 103 | ov_103 | 2.4817223376194155 × 10^280 |
| 102 | ov_102 | 3.004307341184238 × 10^280 |
| 101 | ov_101 | 3.658947970984177 × 10^280 |
| 100 | ov_100 | 4.468901405913703 × 10^280 |
| 99 | ov_099 | 5.4587623111308825 × 10^280 |
| 98 | ov_098 | 5.458794133293776 × 10^280 |
| 97 | ov_097 | 5.4588938696013715 × 10^280 |
| 96 | aaa_78_29 | 9.263296096564119 × 10^280 |
| 95 | aaa_78_28 | 3.1246010798131903 × 10^281 |
| 94 | ov_094 | 1.0351292983102118 × 10^282 |
| 93 | ov_093 | 2.4758237520609752 × 10^282 |
| 92 | ov_092 | 5.0696941430838594 × 10^282 |
| 91 | ov_091 | 9.379232079371035 × 10^282 |
| 90 | ov_090 | 1.6094290359368965 × 10^283 |
| 89 | ov_089 | 2.603213260409062 × 10^283 |
| 88 | ov_088 | 4.013753429330166 × 10^283 |
| 87 | ov_087 | 5.948296254575936 × 10^283 |
| 86 | ov_086 | 8.634133160974688 × 10^283 |
| 85 | ov_085 | 1.2324194308010289 × 10^284 |
| 84 | ov_084 | 1.7297150986594955 × 10^284 |
| 83 | ov_083 | 2.385755491632175 × 10^284 |
| 82 | ov_082 | 3.233602051808563 × 10^284 |
| 81 | ov_081 | 4.308945623979141 × 10^284 |
| 80 | ov_080 | 5.6501351017725564 × 10^284 |
| 64 | lv_79_m31 | 5.742605519646987 × 10^284 |
| 79 | ov_079 | 7.278369292987865 × 10^284 |
| 78 | ov_078 | 9.237424227961466 × 10^284 |
| 77 | ov_077 | 1.15738591024551 × 10^285 |
| 76 | ov_076 | 1.4337073083018407 × 10^285 |
| 75 | ov_075 | 1.7579370689051136 × 10^285 |
| 74 | ov_074 | 2.1356036373695544 × 10^285 |
| 73 | ov_073 | 2.5725418931767643 × 10^285 |
| 63 | ov_063 | 2.950018184360244 × 10^285 |
| 72 | ov_072 | 3.074902637104541 × 10^285 |
| 71 | ov_071 | 3.649163189387407 × 10^285 |
| 70 | ov_070 | 4.302139164976694 × 10^285 |
| 69 | ov_069 | 5.040997653500822 × 10^285 |
| 68 | ov_068 | 5.873272521954091 × 10^285 |
| 67 | ov_067 | 6.806883076060082 × 10^285 |
| 66 | ov_066 | 6.806887201527107 × 10^285 |
| 65 | ov_065 | 6.806904803778228 × 10^285 |
| 62 | ov_062 | 1.5150834815223342 × 10^286 |
| 61 | ov_061 | 5.528159566650043 × 10^286 |
| 60 | ov_060 | 1.5840275456093177 × 10^287 |
| 59 | ov_059 | 3.8256685423851165 × 10^287 |
| 58 | ov_058 | 7.77002494257654 × 10^287 |
| 57 | ov_057 | 1.4047178374163482 × 10^288 |
| 56 | ov_056 | 2.3425011255077248 × 10^288 |
| 55 | ov_055 | 3.680922120139015 × 10^288 |
| 54 | ov_054 | 5.5243353020207507 × 10^288 |
| 53 | ov_053 | 7.990886069921567 × 10^288 |
| 52 | ov_052 | 1.121252167992812 × 10^289 |
| 51 | ov_051 | 1.5466956431113915 × 10^289 |
| 50 | ov_050 | 2.1059571875748545 × 10^289 |
| 49 | ov_049 | 2.832348519708871 × 10^289 |
| 48 | ov_048 | 3.7619647404480786 × 10^289 |
| 47 | ov_047 | 4.933698048774203 × 10^289 |
| 32 | lv_80_m31 | 6.101812019403058 × 10^289 |
| 46 | ov_046 | 6.389256704110343 × 10^289 |
| 45 | ov_045 | 8.173191062260373 × 10^289 |
| 44 | ov_044 | 1.0332928811547288 × 10^290 |
| 43 | ov_043 | 1.2918821742370393 × 10^290 |
| 42 | ov_042 | 1.5984206591266045 × 10^290 |
| 41 | ov_041 | 1.9585482710087765 × 10^290 |
| 40 | ov_040 | 2.375323314490439 × 10^290 |
| 39 | ov_039 | 2.8519713376594037 × 10^290 |
| 31 | ov_031 | 3.1285315537008798 × 10^290 |
| 38 | ov_038 | 3.391893014966822 × 10^290 |
| 37 | ov_037 | 4.002074216948347 × 10^290 |
| 36 | ov_036 | 4.689880962733879 × 10^290 |
| 35 | ov_035 | 5.463083550061265 × 10^290 |
| 34 | ov_034 | 6.329884745238157 × 10^290 |
| 33 | ov_033 | 7.298952487782422 × 10^290 |
| 30 | ov_030 | 1.6038555786564158 × 10^291 |
| 29 | ov_029 | 5.246340663145777 × 10^291 |
| 28 | ov_028 | 1.361601079037923 × 10^292 |
| 27 | ov_027 | 3.043244969594722 × 10^292 |
| 26 | ov_026 | 6.085603277421615 × 10^292 |
| 25 | ov_025 | 1.1148794461585934 × 10^293 |
| 24 | ov_024 | 1.9037024593393764 × 10^293 |
| 23 | ov_023 | 3.0698606917507505 × 10^293 |
| 22 | ov_022 | 4.817432215439586 × 10^293 |
| 21 | ov_021 | 7.379335408106466 × 10^293 |
| 20 | ov_020 | 1.1017354820834424 × 10^294 |
| 19 | ov_019 | 1.6022183463988527 × 10^294 |
| 18 | ov_018 | 2.2713487103344718 × 10^294 |
| 17 | ov_017 | 3.1439997261027136 × 10^294 |
| 16 | ov_016 | 4.2579640718550905 × 10^294 |
| 15 | ov_015 | 5.6539714422391006 × 10^294 |
| 14 | ov_014 | 7.375711711581987 × 10^294 |
| 13 | ov_013 | 9.469865422240611 × 10^294 |
| 12 | ov_012 | 1.1986143812495238 × 10^295 |
| 11 | ov_011 | 1.4977340938176771 × 10^295 |
| 10 | ov_010 | 1.8499400664569647 × 10^295 |
| 9 | ov_009 | 2.2611501528447653 × 10^295 |
| 8 | ov_008 | 2.737616269475159 × 10^295 |
| 7 | ov_007 | 3.285937445890922 × 10^295 |
| 6 | ov_006 | 3.913075697478481 × 10^295 |
| 5 | ov_005 | 4.6263751120561423 × 10^295 |
| 4 | ov_004 | 5.433584565153287 × 10^295 |
| 3 | ov_003 | 6.342884474128934 × 10^295 |
| 2 | ov_002 | 7.362917937674691 × 10^295 |
| 1 | ov_001 | 8.502826539629653 × 10^295 |

