# Results for F001-F002-F003-F004-F005-F006-F007-F008-F009-F010-F011-F012-F013-F014-F015-F016-F017-F018-F019-F020-F021-F022-F023-F024-F025-F026-F027-F028-F029-F030-F031-F032-F033-F034-F035-F036-F037-F038-F039-F040-F041-F042-F043-F044-F045-F046-F047-F048-F049-F050-F051-F052-F053-F054-F055-F056-F057-F058-F059-F060-F061-F062-F063-F064-F065-F066-F067-F068-F069-F070-F071-F072-F073-F074-F075-F076-F077-F078-F079-F080-F081-F082-F083-F084-F085-F086-F087-F088-F089-F090-F091-F092-F093-F094-F095-F096-F097-F098-F099-F100-F101-F102-F103-F104-F105-F106-F107-F108-F109-F110-F111-F112-F113-F114-F115-F116-F117-F118-F119-F120-F121-F122-F123-F124-F125-F126-F127-F128-F129-F130-F131-F132-F133-F134-F135-F136-F137-F138-F139-F140-F141-F142-F143-F144-F145-F146-F147-F148-F149-F150-F151-F152-F153-F154-F155-F156-F157-F158-F159-F160-F161-F162-F163-F164-F165-F166-F167-F168-F169-F170-F171-F172-F173-F174-F175-F176-F177-F178-F179-F180-F181-F182-F183-F184-F185-F186-F187-F188-F189-F190-F191-F192-F193-F194-F195-F196-F197-F198-F199-F200-F201-F202-F203-F204-F205-F206-F207-F208-F209-F210-F211-F212-F213-F214-F215-F216-F217-F218-F219-F220-F221-F222-F223-F224-F225-F226-F227-F228-F229-F230-F231-F232-F233-F234-F235-F236-F237-F238-F239-F240-F241-F242-F243-F244-F245-F246-F247-F248-F249-F250-F251-F252-F253-F254-F255-F256-F257-F258-F259-F260-F261-F262-F263-F264-F265-F266-F267-F268-F269-F270-F271-F272-F273-F274-F275-F276-F277-F278-F279-F280-F281-F282-F283-F284-F285-F286-F287-F288-F289-F290-F291-F292-F293-F294-F295-F296-F297-F298-F299-F300-F301-F302-F303-F304-F305-F306-F307-F308-F309-F310-F311-F312-F313-F314-F315-F316-F317-F318-F319-F320-F321-F322-F323-F324-F325-F326-F327-F328-F329-F330-F331-F332-F333-F334-F335-F336-F337-F338-F339-F340-F341-F342-F343-F344-F345-F346-F347-F348-F349-F350-F351-F352-F353-F354-F355-F356-F357-F358-F359-F360-F361-F362-F363-F364-F365-F366-F367-F368-F369-F370-F371-F372-F373-F374-F375-F376-F377-F378-F379-F380-F381-F382-F383-F384-F385-F386-F387-F388-F389-F390-F391-F392-F393-F394-F395-F396-F397-F398-F399-F400-F401-F402-F403-F404-F405-F406-F407-F408-F409-F410-F411-F412-F413-F414-F415-F416-F417-F418-F419-F420-F421-F422-F423-F424-F425-F426-F427-F428-F429-F430-F431-F432-F433-F434-F435-F436-F437-F438-F439-F440-F441-F442-F443-F444-F445-F446-F447-F448-F449-F450-F451-F452-F453-F454-F455-F456-F457-F458-F459-F460-F461-F462-F463-F464-F465-F466-F467-F468-F469-F470-F471-F472-F473-F474-F475-F476-F477-F478-F479-F480-F481-F482-F483-F484-F485-F486-F487-F488-F489-F490-F491-F492-F493-F494-F495-F496-F497-F498-F499-F500-F501-E506509-E511512

## Summary

Number of input bits: 512  
Number of free input bits: 9  
Number of output bits: 160

Number of direct occurrences: 36647  
Number of assignments: 31189  
Number of operations: 11125021
(xor: 11095678,
and: 16104,
or: 13239)

Total complexity: 2.231426633893788 × 10^300

Least occurring input variable: iv_502 (3895)  
Most occurring input variable: iv_511 (4485)

Most co-occurring input variables: iv_510-iv_511 (2113)  
Least co-occurring input variables: iv_502-iv_503 (1771)

Potentially most occurring input variable: iv_506/iv_511 (4665)  
Potentially least occurring input variable: iv_507/iv_508 (4159)

Least output occurring input variable: iv_508 (70)  
Most output occurring input variable: iv_511 (86)

Most output co-occurring input variables: iv_510-iv_511 (47)  
Least output co-occurring input variables: iv_503-iv_506 (27)

Potentially most output occurring input variable: iv_503/iv_506 (94)  
Potentially least output occurring input variable: iv_502/iv_506 (70)

Least complex input bit: iv_502 (2.419226568216083 × 10^298)  
Most complex input bit: iv_510 (6.497021909270318 × 10^299)

Least complex output bit: aaa_76_29 (3.077226160151963 × 10^275)  
Most complex output bit: ov_001 (3.528642497110564 × 10^299)

Least complex input/output complexity: iv_502/aaa_76_29 (3.3362097458067405 × 10^273)  
Most complex input/output complexity: iv_510/ov_001 (1.0273995687550295 × 10^299)

Input variable with highest collision probability: iv_508 (½^160.00000000000006)

## Input Bits

### Input Bits in Regular Order

| Input Bit | Complexity | Occurrences | Output Occurrences | Collision Probability |
|:---------:|:----------:|:-----------:|:------------------:|:---------------------:|
| iv_502 | 2.419226568216083 × 10^298 | 3895 | 82 | ½^160.00000000000063 |
| iv_503 | 4.2549164066261847 × 10^298 | 4040 | 74 | ½^160.00000000000063 |
| iv_504 | 6.990045493440617 × 10^298 | 3918 | 78 | ½^160.00000000000068 |
| iv_505 | 1.0985592621197535 × 10^299 | 3913 | 79 | ½^160.00000000000065 |
| iv_506 | 5.444741363562527 × 10^299 | 4126 | 74 | ½^160.00000000000082 |
| iv_507 | 2.478577137270646 × 10^299 | 4161 | 76 | ½^160.0000000000007 |
| iv_508 | 3.5387566846626815 × 10^299 | 3988 | 70 | ½^160.00000000000006 |
| iv_510 | 6.497021909270318 × 10^299 | 4121 | 79 | ½^160.0000000000007 |
| iv_511 | 1.8901911352236858 × 10^299 | 4485 | 86 | ½^160.00000000000077 |

### Input Bits Sorted by Complexity

| Input Bit | Complexity | Occurrences | Output Occurrences | Collision Probability |
|:---------:|:----------:|:-----------:|:------------------:|:---------------------:|
| iv_502 | 2.419226568216083 × 10^298 | 3895 | 82 | ½^160.00000000000063 |
| iv_503 | 4.2549164066261847 × 10^298 | 4040 | 74 | ½^160.00000000000063 |
| iv_504 | 6.990045493440617 × 10^298 | 3918 | 78 | ½^160.00000000000068 |
| iv_505 | 1.0985592621197535 × 10^299 | 3913 | 79 | ½^160.00000000000065 |
| iv_511 | 1.8901911352236858 × 10^299 | 4485 | 86 | ½^160.00000000000077 |
| iv_507 | 2.478577137270646 × 10^299 | 4161 | 76 | ½^160.0000000000007 |
| iv_508 | 3.5387566846626815 × 10^299 | 3988 | 70 | ½^160.00000000000006 |
| iv_506 | 5.444741363562527 × 10^299 | 4126 | 74 | ½^160.00000000000082 |
| iv_510 | 6.497021909270318 × 10^299 | 4121 | 79 | ½^160.0000000000007 |

### Input Bits Sorted by Occurrences

| Input Bit | Complexity | Occurrences | Output Occurrences | Collision Probability |
|:---------:|:----------:|:-----------:|:------------------:|:---------------------:|
| iv_502 | 2.419226568216083 × 10^298 | 3895 | 82 | ½^160.00000000000063 |
| iv_505 | 1.0985592621197535 × 10^299 | 3913 | 79 | ½^160.00000000000065 |
| iv_504 | 6.990045493440617 × 10^298 | 3918 | 78 | ½^160.00000000000068 |
| iv_508 | 3.5387566846626815 × 10^299 | 3988 | 70 | ½^160.00000000000006 |
| iv_503 | 4.2549164066261847 × 10^298 | 4040 | 74 | ½^160.00000000000063 |
| iv_510 | 6.497021909270318 × 10^299 | 4121 | 79 | ½^160.0000000000007 |
| iv_506 | 5.444741363562527 × 10^299 | 4126 | 74 | ½^160.00000000000082 |
| iv_507 | 2.478577137270646 × 10^299 | 4161 | 76 | ½^160.0000000000007 |
| iv_511 | 1.8901911352236858 × 10^299 | 4485 | 86 | ½^160.00000000000077 |

### Input Bits Sorted by Output Occurrences

| Input Bit | Complexity | Occurrences | Output Occurrences | Collision Probability |
|:---------:|:----------:|:-----------:|:------------------:|:---------------------:|
| iv_508 | 3.5387566846626815 × 10^299 | 3988 | 70 | ½^160.00000000000006 |
| iv_503 | 4.2549164066261847 × 10^298 | 4040 | 74 | ½^160.00000000000063 |
| iv_506 | 5.444741363562527 × 10^299 | 4126 | 74 | ½^160.00000000000082 |
| iv_507 | 2.478577137270646 × 10^299 | 4161 | 76 | ½^160.0000000000007 |
| iv_504 | 6.990045493440617 × 10^298 | 3918 | 78 | ½^160.00000000000068 |
| iv_505 | 1.0985592621197535 × 10^299 | 3913 | 79 | ½^160.00000000000065 |
| iv_510 | 6.497021909270318 × 10^299 | 4121 | 79 | ½^160.0000000000007 |
| iv_502 | 2.419226568216083 × 10^298 | 3895 | 82 | ½^160.00000000000063 |
| iv_511 | 1.8901911352236858 × 10^299 | 4485 | 86 | ½^160.00000000000077 |

### Input Bits Sorted by Collision Probability

| Input Bit | Complexity | Occurrences | Output Occurrences | Collision Probability |
|:---------:|:----------:|:-----------:|:------------------:|:---------------------:|
| iv_508 | 3.5387566846626815 × 10^299 | 3988 | 70 | ½^160.00000000000006 |
| iv_503 | 4.2549164066261847 × 10^298 | 4040 | 74 | ½^160.00000000000063 |
| iv_502 | 2.419226568216083 × 10^298 | 3895 | 82 | ½^160.00000000000063 |
| iv_505 | 1.0985592621197535 × 10^299 | 3913 | 79 | ½^160.00000000000065 |
| iv_504 | 6.990045493440617 × 10^298 | 3918 | 78 | ½^160.00000000000068 |
| iv_510 | 6.497021909270318 × 10^299 | 4121 | 79 | ½^160.0000000000007 |
| iv_507 | 2.478577137270646 × 10^299 | 4161 | 76 | ½^160.0000000000007 |
| iv_511 | 1.8901911352236858 × 10^299 | 4485 | 86 | ½^160.00000000000077 |
| iv_506 | 5.444741363562527 × 10^299 | 4126 | 74 | ½^160.00000000000082 |

## Input Bit/Output Bit Collision Probabilities

| Input Bit | Output Bit | Collision Probability |
|:---------:|:----------:|:---------------------:|
| iv_508 | ov_106 | 0.5000000000000042 |
| iv_508 | aaa_76_26 | 0.5000000000000022 |
| iv_508 | ov_044 | 0.5000000000000021 |
| iv_508 | ov_107 | 0.5000000000000021 |
| iv_508 | ov_093 | 0.500000000000002 |
| iv_508 | ov_146 | 0.500000000000002 |
| iv_502 | ov_111 | 0.5000000000000018 |
| iv_503 | ov_023 | 0.5000000000000018 |
| iv_503 | ov_069 | 0.5000000000000018 |

## Input Bit Co-occurrences

### Input Bit Co-occurrences Sorted by Co-occurrences

| Input Bits | Co-occurrences | Potential Occurrences | Output Co-occurrences | Potential Output Occurrences |
|:----------:|:--------------:|:---------------------:|:---------------------:|:----------------------------:|
| iv_510-iv_511 | 2113 | 4380 | 47 | 71 |
| iv_507-iv_511 | 2070 | 4506 | 43 | 76 |
| iv_506-iv_507 | 2037 | 4213 | 35 | 80 |
| iv_507-iv_510 | 2030 | 4222 | 41 | 73 |
| iv_503-iv_511 | 1997 | 4531 | 44 | 72 |
| iv_507-iv_508 | 1995 | 4159 | 31 | 84 |
| iv_503-iv_507 | 1994 | 4213 | 31 | 88 |
| iv_506-iv_511 | 1973 | 4665 | 37 | 86 |
| iv_504-iv_511 | 1965 | 4473 | 43 | 78 |

### Input Bit Co-occurrences Sorted by Potential Occurrences

| Input Bits | Co-occurrences | Potential Occurrences | Output Co-occurrences | Potential Output Occurrences |
|:----------:|:--------------:|:---------------------:|:---------------------:|:----------------------------:|
| iv_507-iv_508 | 1995 | 4159 | 31 | 84 |
| iv_504-iv_505 | 1834 | 4163 | 41 | 75 |
| iv_502-iv_505 | 1822 | 4164 | 36 | 89 |
| iv_504-iv_508 | 1858 | 4190 | 37 | 74 |
| iv_506-iv_507 | 2037 | 4213 | 35 | 80 |
| iv_503-iv_507 | 1994 | 4213 | 31 | 88 |
| iv_503-iv_505 | 1867 | 4219 | 40 | 73 |
| iv_507-iv_510 | 2030 | 4222 | 41 | 73 |
| iv_502-iv_504 | 1795 | 4223 | 42 | 76 |

### Input Bit Output Co-occurrences Sorted by Output Co-occurrences

| Input Bits | Co-occurrences | Potential Occurrences | Output Co-occurrences | Potential Output Occurrences |
|:----------:|:--------------:|:---------------------:|:---------------------:|:----------------------------:|
| iv_510-iv_511 | 2113 | 4380 | 47 | 71 |
| iv_503-iv_511 | 1997 | 4531 | 44 | 72 |
| iv_502-iv_506 | 1868 | 4285 | 43 | 70 |
| iv_502-iv_511 | 1879 | 4622 | 43 | 82 |
| iv_504-iv_511 | 1965 | 4473 | 43 | 78 |
| iv_507-iv_511 | 2070 | 4506 | 43 | 76 |
| iv_502-iv_504 | 1795 | 4223 | 42 | 76 |
| iv_502-iv_507 | 1885 | 4286 | 42 | 74 |
| iv_502-iv_510 | 1863 | 4290 | 42 | 77 |

### Input Bit Output Co-occurrences Sorted by Potential Output Occurrences

| Input Bits | Co-occurrences | Potential Occurrences | Output Co-occurrences | Potential Output Occurrences |
|:----------:|:--------------:|:---------------------:|:---------------------:|:----------------------------:|
| iv_502-iv_506 | 1868 | 4285 | 43 | 70 |
| iv_503-iv_504 | 1847 | 4264 | 41 | 70 |
| iv_510-iv_511 | 2113 | 4380 | 47 | 71 |
| iv_503-iv_511 | 1997 | 4531 | 44 | 72 |
| iv_503-iv_505 | 1867 | 4219 | 40 | 73 |
| iv_507-iv_510 | 2030 | 4222 | 41 | 73 |
| iv_504-iv_508 | 1858 | 4190 | 37 | 74 |
| iv_502-iv_507 | 1885 | 4286 | 42 | 74 |
| iv_504-iv_505 | 1834 | 4163 | 41 | 75 |

## Output Bits

### Output Bits in Regular Order

| Rank | Output Bit | Complexity |
|:----:|:----------:|:----------:|
| 1 | ov_001 | 3.528642497110564 × 10^299 |
| 2 | ov_002 | 3.0697879842332383 × 10^299 |
| 3 | ov_003 | 2.655296380821928 × 10^299 |
| 4 | ov_004 | 2.2833246493941185 × 10^299 |
| 5 | ov_005 | 1.9521308184215836 × 10^299 |
| 6 | ov_006 | 1.6585058098903143 × 10^299 |
| 7 | ov_007 | 1.3994097803420126 × 10^299 |
| 8 | ov_008 | 1.1719618502439725 × 10^299 |
| 9 | ov_009 | 9.734312681481898 × 10^298 |
| 10 | ov_010 | 8.012298486357013 × 10^298 |
| 11 | ov_011 | 6.529055603443411 × 10^298 |
| 12 | ov_012 | 5.261371757836885 × 10^298 |
| 13 | ov_013 | 4.1872990141144774 × 10^298 |
| 14 | ov_014 | 3.2861188796479034 × 10^298 |
| 15 | ov_015 | 2.5383150412939845 × 10^298 |
| 16 | ov_016 | 1.9255525695311885 × 10^298 |
| 17 | ov_017 | 1.4306625106306098 × 10^298 |
| 18 | ov_018 | 1.0376308736537314 × 10^298 |
| 19 | ov_019 | 7.315911050780422 × 10^297 |
| 20 | ov_020 | 4.9881922974543935 × 10^297 |
| 21 | ov_021 | 3.267309226572149 × 10^297 |
| 22 | ov_022 | 2.0387986193201544 × 10^297 |
| 23 | ov_023 | 1.1995682353957297 × 10^297 |
| 24 | ov_024 | 6.578915156194502 × 10^296 |
| 25 | ov_025 | 3.334042775904565 × 10^296 |
| 26 | ov_026 | 1.5710273394399204 × 10^296 |
| 27 | ov_027 | 7.134242934044525 × 10^295 |
| 28 | ov_028 | 2.983774755231635 × 10^295 |
| 29 | ov_029 | 1.2285554538925094 × 10^295 |
| 30 | ov_030 | 4.062019020211046 × 10^294 |
| 31 | ov_031 | 9.828541052800384 × 10^293 |
| 32 | lv_80_k31 | 2.3773946982554265 × 10^293 |
| 33 | ov_033 | 2.847618174592004 × 10^294 |
| 34 | ov_034 | 2.4635007265403335 × 10^294 |
| 35 | ov_035 | 2.1208509770728915 × 10^294 |
| 36 | ov_036 | 1.8163013602891688 × 10^294 |
| 37 | ov_037 | 1.5466656645457998 × 10^294 |
| 38 | ov_038 | 1.3089261946997183 × 10^294 |
| 39 | ov_039 | 1.1002226811268291 × 10^294 |
| 40 | ov_040 | 9.178427659776382 × 10^293 |
| 41 | ov_041 | 7.592139074800927 × 10^293 |
| 42 | ov_042 | 6.218965529102197 × 10^293 |
| 43 | ov_043 | 5.035784401872569 × 10^293 |
| 44 | ov_044 | 4.020698969718934 × 10^293 |
| 45 | ov_045 | 3.1530001470982144 × 10^293 |
| 46 | ov_046 | 2.4226260281094905 × 10^293 |
| 47 | ov_047 | 1.8200864178411369 × 10^293 |
| 48 | ov_048 | 1.336452285419751 × 10^293 |
| 49 | ov_049 | 9.5551914971191 × 10^292 |
| 50 | ov_050 | 6.621728628574072 × 10^292 |
| 51 | ov_051 | 4.423825760708706 × 10^292 |
| 52 | ov_052 | 2.831960708767046 × 10^292 |
| 53 | ov_053 | 1.7273683969403998 × 10^292 |
| 54 | ov_054 | 1.0020237140429106 × 10^292 |
| 55 | ov_055 | 5.586318963526498 × 10^291 |
| 56 | ov_056 | 3.10623202917968 × 10^291 |
| 57 | ov_057 | 1.8214991987024026 × 10^291 |
| 58 | ov_058 | 1.0808464816703247 × 10^291 |
| 59 | ov_059 | 5.854361210641812 × 10^290 |
| 60 | ov_060 | 2.816739860976734 × 10^290 |
| 61 | ov_061 | 1.1596635518669618 × 10^290 |
| 62 | ov_062 | 3.8335474162222324 × 10^289 |
| 63 | ov_063 | 9.273613912061406 × 10^288 |
| 64 | lv_79_k31 | 2.242592528453402 × 10^288 |
| 65 | ov_065 | 2.655238750045821 × 10^289 |
| 66 | ov_066 | 2.6552324031419357 × 10^289 |
| 67 | ov_067 | 2.655230346181078 × 10^289 |
| 68 | ov_068 | 2.2936442184958357 × 10^289 |
| 69 | ov_069 | 1.9698161125118705 × 10^289 |
| 70 | ov_070 | 1.6821037703246795 × 10^289 |
| 71 | ov_071 | 1.4275201384285302 × 10^289 |
| 72 | ov_072 | 1.20326088531334 × 10^289 |
| 73 | ov_073 | 1.0066922978332122 × 10^289 |
| 74 | ov_074 | 8.353402864339174 × 10^288 |
| 75 | ov_075 | 6.868804402510608 × 10^288 |
| 76 | ov_076 | 5.591290749739551 × 10^288 |
| 77 | ov_077 | 4.500352178819797 × 10^288 |
| 78 | ov_078 | 3.576734756517915 × 10^288 |
| 79 | ov_079 | 2.80237731452957 × 10^288 |
| 80 | ov_080 | 2.1603561854060858 × 10^288 |
| 81 | ov_081 | 1.6348371805729333 × 10^288 |
| 82 | ov_082 | 1.2110342910945196 × 10^288 |
| 83 | ov_083 | 8.751745942060385 × 10^287 |
| 84 | ov_084 | 6.14468850134748 × 10^287 |
| 85 | ov_085 | 4.170872746339151 × 10^287 |
| 86 | ov_086 | 2.7213997316967947 × 10^287 |
| 87 | ov_087 | 1.6966152299276546 × 10^287 |
| 88 | ov_088 | 1.0059918949371066 × 10^287 |
| 89 | ov_089 | 5.680426333778631 × 10^286 |
| 90 | ov_090 | 3.1026004932659196 × 10^286 |
| 91 | ov_091 | 1.690768281410235 × 10^286 |
| 92 | ov_092 | 8.984196877371434 × 10^285 |
| 93 | ov_093 | 4.745691093564942 × 10^285 |
| 94 | ov_094 | 2.1272772487785245 × 10^285 |
| 95 | aaa_78_28 | 6.842136160982445 × 10^284 |
| 96 | aaa_78_29 | 2.5925466863423583 × 10^284 |
| 97 | ov_097 | 2.8239388352817647 × 10^284 |
| 98 | ov_098 | 2.8238542977459385 × 10^284 |
| 99 | ov_099 | 2.8238273100021964 × 10^284 |
| 100 | ov_100 | 2.5415506417884104 × 10^284 |
| 101 | ov_101 | 2.2800397779810755 × 10^284 |
| 102 | ov_102 | 2.038160693189861 × 10^284 |
| 103 | ov_103 | 1.814862476932988 × 10^284 |
| 104 | ov_104 | 1.6091663909122036 × 10^284 |
| 105 | ov_105 | 1.4201559326639605 × 10^284 |
| 106 | ov_106 | 1.2469678517276328 × 10^284 |
| 107 | ov_107 | 1.0887840667003557 × 10^284 |
| 108 | ov_108 | 9.448244333863523 × 10^283 |
| 109 | ov_109 | 8.143403157445275 × 10^283 |
| 110 | ov_110 | 6.966089125376988 × 10^283 |
| 111 | ov_111 | 5.9092829353089265 × 10^283 |
| 112 | ov_112 | 4.966130998114537 × 10^283 |
| 113 | ov_113 | 4.1299086334809145 × 10^283 |
| 114 | ov_114 | 3.3939890130305137 × 10^283 |
| 115 | ov_115 | 2.751817408898061 × 10^283 |
| 116 | ov_116 | 2.1968903075445503 × 10^283 |
| 117 | ov_117 | 1.722738949757906 × 10^283 |
| 118 | ov_118 | 1.3229168584701216 × 10^283 |
| 119 | ov_119 | 9.909909163845085 × 10^282 |
| 120 | ov_120 | 7.205355555877149 × 10^282 |
| 121 | ov_121 | 5.051293691998894 × 10^282 |
| 122 | ov_122 | 3.3835325765806993 × 10^282 |
| 123 | ov_123 | 2.137894410784924 × 10^282 |
| 124 | ov_124 | 1.2502088440498675 × 10^282 |
| 125 | ov_125 | 6.5630920272198236 × 10^281 |
| 126 | ov_126 | 2.9203032118358656 × 10^281 |
| 127 | aaa_77_28 | 9.320751558460534 × 10^280 |
| 128 | aaa_77_29 | 3.491861865175901 × 10^280 |
| 129 | ov_129 | 3.198977528595575 × 10^280 |
| 130 | ov_130 | 3.198970042323094 × 10^280 |
| 131 | ov_131 | 3.1989676372608216 × 10^280 |
| 132 | ov_132 | 2.766590153985536 × 10^280 |
| 133 | ov_133 | 2.3799082478792827 × 10^280 |
| 134 | ov_134 | 2.035413424525029 × 10^280 |
| 135 | ov_135 | 1.7297929411618384 × 10^280 |
| 136 | ov_136 | 1.4599155037204994 × 10^280 |
| 137 | ov_137 | 1.2228187785950189 × 10^280 |
| 138 | ov_138 | 1.0156985917328698 × 10^280 |
| 139 | ov_139 | 8.358996640746452 × 10^279 |
| 140 | ov_140 | 6.809077303894525 × 10^279 |
| 141 | ov_141 | 5.483428969638738 × 10^279 |
| 142 | ov_142 | 4.359541018125023 × 10^279 |
| 143 | ov_143 | 3.4161454913267903 × 10^279 |
| 144 | ov_144 | 2.6331799766320117 × 10^279 |
| 145 | ov_145 | 1.9917579045792265 × 10^279 |
| 146 | ov_146 | 1.4741452137574387 × 10^279 |
| 147 | ov_147 | 1.0637424133833706 × 10^279 |
| 148 | ov_148 | 7.450711513094291 × 10^278 |
| 149 | ov_149 | 5.037644723011385 × 10^278 |
| 150 | ov_150 | 3.26560028420591 × 10^278 |
| 151 | ov_151 | 2.012955803011377 × 10^278 |
| 152 | ov_152 | 1.1690620501870278 × 10^278 |
| 153 | ov_153 | 6.342270316829277 × 10^277 |
| 154 | ov_154 | 3.19707746477256 × 10^277 |
| 155 | ov_155 | 1.4770620732889258 × 10^277 |
| 156 | aaa_76_25 | 5.136757945024524 × 10^276 |
| 157 | aaa_76_26 | 3.1617436206737024 × 10^276 |
| 158 | aaa_76_27 | 1.7338026122594274 × 10^276 |
| 159 | aaa_76_28 | 8.171726584207893 × 10^275 |
| 160 | aaa_76_29 | 3.077226160151963 × 10^275 |

### Output Bits Sorted by Complexity

| Rank | Output Bit | Complexity |
|:----:|:----------:|:----------:|
| 160 | aaa_76_29 | 3.077226160151963 × 10^275 |
| 159 | aaa_76_28 | 8.171726584207893 × 10^275 |
| 158 | aaa_76_27 | 1.7338026122594274 × 10^276 |
| 157 | aaa_76_26 | 3.1617436206737024 × 10^276 |
| 156 | aaa_76_25 | 5.136757945024524 × 10^276 |
| 155 | ov_155 | 1.4770620732889258 × 10^277 |
| 154 | ov_154 | 3.19707746477256 × 10^277 |
| 153 | ov_153 | 6.342270316829277 × 10^277 |
| 152 | ov_152 | 1.1690620501870278 × 10^278 |
| 151 | ov_151 | 2.012955803011377 × 10^278 |
| 150 | ov_150 | 3.26560028420591 × 10^278 |
| 149 | ov_149 | 5.037644723011385 × 10^278 |
| 148 | ov_148 | 7.450711513094291 × 10^278 |
| 147 | ov_147 | 1.0637424133833706 × 10^279 |
| 146 | ov_146 | 1.4741452137574387 × 10^279 |
| 145 | ov_145 | 1.9917579045792265 × 10^279 |
| 144 | ov_144 | 2.6331799766320117 × 10^279 |
| 143 | ov_143 | 3.4161454913267903 × 10^279 |
| 142 | ov_142 | 4.359541018125023 × 10^279 |
| 141 | ov_141 | 5.483428969638738 × 10^279 |
| 140 | ov_140 | 6.809077303894525 × 10^279 |
| 139 | ov_139 | 8.358996640746452 × 10^279 |
| 138 | ov_138 | 1.0156985917328698 × 10^280 |
| 137 | ov_137 | 1.2228187785950189 × 10^280 |
| 136 | ov_136 | 1.4599155037204994 × 10^280 |
| 135 | ov_135 | 1.7297929411618384 × 10^280 |
| 134 | ov_134 | 2.035413424525029 × 10^280 |
| 133 | ov_133 | 2.3799082478792827 × 10^280 |
| 132 | ov_132 | 2.766590153985536 × 10^280 |
| 131 | ov_131 | 3.1989676372608216 × 10^280 |
| 130 | ov_130 | 3.198970042323094 × 10^280 |
| 129 | ov_129 | 3.198977528595575 × 10^280 |
| 128 | aaa_77_29 | 3.491861865175901 × 10^280 |
| 127 | aaa_77_28 | 9.320751558460534 × 10^280 |
| 126 | ov_126 | 2.9203032118358656 × 10^281 |
| 125 | ov_125 | 6.5630920272198236 × 10^281 |
| 124 | ov_124 | 1.2502088440498675 × 10^282 |
| 123 | ov_123 | 2.137894410784924 × 10^282 |
| 122 | ov_122 | 3.3835325765806993 × 10^282 |
| 121 | ov_121 | 5.051293691998894 × 10^282 |
| 120 | ov_120 | 7.205355555877149 × 10^282 |
| 119 | ov_119 | 9.909909163845085 × 10^282 |
| 118 | ov_118 | 1.3229168584701216 × 10^283 |
| 117 | ov_117 | 1.722738949757906 × 10^283 |
| 116 | ov_116 | 2.1968903075445503 × 10^283 |
| 115 | ov_115 | 2.751817408898061 × 10^283 |
| 114 | ov_114 | 3.3939890130305137 × 10^283 |
| 113 | ov_113 | 4.1299086334809145 × 10^283 |
| 112 | ov_112 | 4.966130998114537 × 10^283 |
| 111 | ov_111 | 5.9092829353089265 × 10^283 |
| 110 | ov_110 | 6.966089125376988 × 10^283 |
| 109 | ov_109 | 8.143403157445275 × 10^283 |
| 108 | ov_108 | 9.448244333863523 × 10^283 |
| 107 | ov_107 | 1.0887840667003557 × 10^284 |
| 106 | ov_106 | 1.2469678517276328 × 10^284 |
| 105 | ov_105 | 1.4201559326639605 × 10^284 |
| 104 | ov_104 | 1.6091663909122036 × 10^284 |
| 103 | ov_103 | 1.814862476932988 × 10^284 |
| 102 | ov_102 | 2.038160693189861 × 10^284 |
| 101 | ov_101 | 2.2800397779810755 × 10^284 |
| 100 | ov_100 | 2.5415506417884104 × 10^284 |
| 96 | aaa_78_29 | 2.5925466863423583 × 10^284 |
| 99 | ov_099 | 2.8238273100021964 × 10^284 |
| 98 | ov_098 | 2.8238542977459385 × 10^284 |
| 97 | ov_097 | 2.8239388352817647 × 10^284 |
| 95 | aaa_78_28 | 6.842136160982445 × 10^284 |
| 94 | ov_094 | 2.1272772487785245 × 10^285 |
| 93 | ov_093 | 4.745691093564942 × 10^285 |
| 92 | ov_092 | 8.984196877371434 × 10^285 |
| 91 | ov_091 | 1.690768281410235 × 10^286 |
| 90 | ov_090 | 3.1026004932659196 × 10^286 |
| 89 | ov_089 | 5.680426333778631 × 10^286 |
| 88 | ov_088 | 1.0059918949371066 × 10^287 |
| 87 | ov_087 | 1.6966152299276546 × 10^287 |
| 86 | ov_086 | 2.7213997316967947 × 10^287 |
| 85 | ov_085 | 4.170872746339151 × 10^287 |
| 84 | ov_084 | 6.14468850134748 × 10^287 |
| 83 | ov_083 | 8.751745942060385 × 10^287 |
| 82 | ov_082 | 1.2110342910945196 × 10^288 |
| 81 | ov_081 | 1.6348371805729333 × 10^288 |
| 80 | ov_080 | 2.1603561854060858 × 10^288 |
| 64 | lv_79_k31 | 2.242592528453402 × 10^288 |
| 79 | ov_079 | 2.80237731452957 × 10^288 |
| 78 | ov_078 | 3.576734756517915 × 10^288 |
| 77 | ov_077 | 4.500352178819797 × 10^288 |
| 76 | ov_076 | 5.591290749739551 × 10^288 |
| 75 | ov_075 | 6.868804402510608 × 10^288 |
| 74 | ov_074 | 8.353402864339174 × 10^288 |
| 63 | ov_063 | 9.273613912061406 × 10^288 |
| 73 | ov_073 | 1.0066922978332122 × 10^289 |
| 72 | ov_072 | 1.20326088531334 × 10^289 |
| 71 | ov_071 | 1.4275201384285302 × 10^289 |
| 70 | ov_070 | 1.6821037703246795 × 10^289 |
| 69 | ov_069 | 1.9698161125118705 × 10^289 |
| 68 | ov_068 | 2.2936442184958357 × 10^289 |
| 67 | ov_067 | 2.655230346181078 × 10^289 |
| 66 | ov_066 | 2.6552324031419357 × 10^289 |
| 65 | ov_065 | 2.655238750045821 × 10^289 |
| 62 | ov_062 | 3.8335474162222324 × 10^289 |
| 61 | ov_061 | 1.1596635518669618 × 10^290 |
| 60 | ov_060 | 2.816739860976734 × 10^290 |
| 59 | ov_059 | 5.854361210641812 × 10^290 |
| 58 | ov_058 | 1.0808464816703247 × 10^291 |
| 57 | ov_057 | 1.8214991987024026 × 10^291 |
| 56 | ov_056 | 3.10623202917968 × 10^291 |
| 55 | ov_055 | 5.586318963526498 × 10^291 |
| 54 | ov_054 | 1.0020237140429106 × 10^292 |
| 53 | ov_053 | 1.7273683969403998 × 10^292 |
| 52 | ov_052 | 2.831960708767046 × 10^292 |
| 51 | ov_051 | 4.423825760708706 × 10^292 |
| 50 | ov_050 | 6.621728628574072 × 10^292 |
| 49 | ov_049 | 9.5551914971191 × 10^292 |
| 48 | ov_048 | 1.336452285419751 × 10^293 |
| 47 | ov_047 | 1.8200864178411369 × 10^293 |
| 32 | lv_80_k31 | 2.3773946982554265 × 10^293 |
| 46 | ov_046 | 2.4226260281094905 × 10^293 |
| 45 | ov_045 | 3.1530001470982144 × 10^293 |
| 44 | ov_044 | 4.020698969718934 × 10^293 |
| 43 | ov_043 | 5.035784401872569 × 10^293 |
| 42 | ov_042 | 6.218965529102197 × 10^293 |
| 41 | ov_041 | 7.592139074800927 × 10^293 |
| 40 | ov_040 | 9.178427659776382 × 10^293 |
| 31 | ov_031 | 9.828541052800384 × 10^293 |
| 39 | ov_039 | 1.1002226811268291 × 10^294 |
| 38 | ov_038 | 1.3089261946997183 × 10^294 |
| 37 | ov_037 | 1.5466656645457998 × 10^294 |
| 36 | ov_036 | 1.8163013602891688 × 10^294 |
| 35 | ov_035 | 2.1208509770728915 × 10^294 |
| 34 | ov_034 | 2.4635007265403335 × 10^294 |
| 33 | ov_033 | 2.847618174592004 × 10^294 |
| 30 | ov_030 | 4.062019020211046 × 10^294 |
| 29 | ov_029 | 1.2285554538925094 × 10^295 |
| 28 | ov_028 | 2.983774755231635 × 10^295 |
| 27 | ov_027 | 7.134242934044525 × 10^295 |
| 26 | ov_026 | 1.5710273394399204 × 10^296 |
| 25 | ov_025 | 3.334042775904565 × 10^296 |
| 24 | ov_024 | 6.578915156194502 × 10^296 |
| 23 | ov_023 | 1.1995682353957297 × 10^297 |
| 22 | ov_022 | 2.0387986193201544 × 10^297 |
| 21 | ov_021 | 3.267309226572149 × 10^297 |
| 20 | ov_020 | 4.9881922974543935 × 10^297 |
| 19 | ov_019 | 7.315911050780422 × 10^297 |
| 18 | ov_018 | 1.0376308736537314 × 10^298 |
| 17 | ov_017 | 1.4306625106306098 × 10^298 |
| 16 | ov_016 | 1.9255525695311885 × 10^298 |
| 15 | ov_015 | 2.5383150412939845 × 10^298 |
| 14 | ov_014 | 3.2861188796479034 × 10^298 |
| 13 | ov_013 | 4.1872990141144774 × 10^298 |
| 12 | ov_012 | 5.261371757836885 × 10^298 |
| 11 | ov_011 | 6.529055603443411 × 10^298 |
| 10 | ov_010 | 8.012298486357013 × 10^298 |
| 9 | ov_009 | 9.734312681481898 × 10^298 |
| 8 | ov_008 | 1.1719618502439725 × 10^299 |
| 7 | ov_007 | 1.3994097803420126 × 10^299 |
| 6 | ov_006 | 1.6585058098903143 × 10^299 |
| 5 | ov_005 | 1.9521308184215836 × 10^299 |
| 4 | ov_004 | 2.2833246493941185 × 10^299 |
| 3 | ov_003 | 2.655296380821928 × 10^299 |
| 2 | ov_002 | 3.0697879842332383 × 10^299 |
| 1 | ov_001 | 3.528642497110564 × 10^299 |

