# Results for F001-F002-F003-F004-F005-F006-F007-F008-F009-F010-F011-F012-F013-F014-F015-F016-F017-F018-F019-F020-F021-F022-F023-F024-F025-F026-F027-F028-F029-F030-F031-F032-F033-F034-F035-F036-F037-F038-F039-F040-F041-F042-F043-F044-F045-F046-F047-F048-F049-F050-F051-F052-F053-F054-F055-F056-F057-F058-F059-F060-F061-F062-F063-F064-F065-F066-F067-F068-F069-F070-F071-F072-F073-F074-F075-F076-F077-F078-F079-F080-F081-F082-F083-F084-F085-F086-F087-F088-F089-F090-F091-F092-F093-F094-F095-F096-F097-F098-F099-F100-F101-F102-F103-F104-F105-F106-F107-F108-F109-F110-F111-F112-F113-F114-F115-F116-F117-F118-F119-F120-F121-F122-F123-F124-F125-F126-F127-F128-F129-F130-F131-F132-F133-F134-F135-F136-F137-F138-F139-F140-F141-F142-F143-F144-F145-F146-F147-F148-F149-F150-F151-F152-F153-F154-F155-F156-F157-F158-F159-F160-F161-F162-F163-F164-F165-F166-F167-F168-F169-F170-F171-F172-F173-F174-F175-F176-F177-F178-F179-F180-F181-F182-F183-F184-F185-F186-F187-F188-F189-F190-F191-F192-F193-F194-F195-F196-F197-F198-F199-F200-F201-F202-F203-F204-F205-F206-F207-F208-F209-F210-F211-F212-F213-F214-F215-F216-F217-F218-F219-F220-F221-F222-F223-F224-F225-F226-F227-F228-F229-F230-F231-F232-F233-F234-F235-F236-F237-F238-F239-F240-F241-F242-F243-F244-F245-F246-F247-F248-F249-F250-F251-F252-F253-F254-F255-F256-F257-F258-F259-F260-F261-F262-F263-F264-F265-F266-F267-F268-F269-F270-F271-F272-F273-F274-F275-F276-F277-F278-F279-F280-F281-F282-F283-F284-F285-F286-F287-F288-F289-F290-F291-F292-F293-F294-F295-F296-F297-F298-F299-F300-F301-F302-F303-F304-F305-F306-F307-F308-F309-F310-F311-F312-F313-F314-F315-F316-F317-F318-F319-F320-F321-F322-F323-F324-F325-F326-F327-F328-F329-F330-F331-F332-F333-F334-F335-F336-F337-F338-F339-F340-F341-F342-F343-F344-F345-F346-F347-F348-F349-F350-F351-F352-F353-F354-F355-F356-F357-F358-F359-F360-F361-F362-F363-F364-F365-F366-F367-F368-F369-F370-F371-F372-F373-F374-F375-F376-F377-F378-F379-F380-F381-F382-F383-F384-F385-F386-F387-F388-F389-F390-F391-F392-F393-F394-F395-F396-F397-F398-F399-F400-F401-F402-F403-F404-F405-F406-F407-F408-F409-F410-F411-F412-F413-F414-F415-F416-F417-F418-F419-F420-F421-F422-F423-F424-F425-F426-F427-F428-F429-F430-F431-F432-F433-F434-F435-F436-F437-F438-F439-F440-F441-F442-F443-F444-F445-F446-F447-F448-F449-F450-F451-F452-F453-F454-F455-F456-F457-F458-F459-F460-F461-F462-F463-F464-F465-F466-F467-F468-F469-F470-F471-F472-F473-F474-F475-F476-F477-F478-F479-F480-F481-F482-F483-F484-F485-F486-F487-F488-F489-F490-F491-F492-F493-F494-F495-F496-T503-F507-F508-F509-F510-F511-F512

## Summary

Number of input bits: 512  
Number of free input bits: 9  
Number of output bits: 160

Number of direct occurrences: 36656  
Number of assignments: 30687  
Number of operations: 11098013
(xor: 11069792,
and: 15114,
or: 13107)

Total complexity: 4.649971940031075 × 10^299

Least occurring input variable: iv_502 (3983)  
Most occurring input variable: iv_506 (4165)

Most co-occurring input variables: iv_500-iv_506 (2043)  
Least co-occurring input variables: iv_502-iv_505 (1824)

Potentially most occurring input variable: iv_505/iv_506 (4402)  
Potentially least occurring input variable: iv_504/iv_505 (4112)

Least output occurring input variable: iv_502 (74)  
Most output occurring input variable: iv_497 (95)

Most output co-occurring input variables: iv_497-iv_504 (56)  
Least output co-occurring input variables: iv_499-iv_505 (30)

Potentially most output occurring input variable: iv_499/iv_505 (97)  
Potentially least output occurring input variable: iv_497/iv_498 (71)

Least complex input bit: iv_497 (3.5969856020618734 × 10^297)  
Most complex input bit: iv_505 (1.73939232907926 × 10^299)

Least complex output bit: aaa_76_29 (4.510155465839961 × 10^274)  
Most complex output bit: ov_001 (7.567761903552752 × 10^298)

Least complex input/output complexity: iv_497/aaa_76_29 (3.4888305742289186 × 10^272)  
Most complex input/output complexity: iv_505/ov_001 (2.8308357927961864 × 10^298)

## Input Bits

### Input Bits in Regular Order

| Input Bit | Complexity | Occurrences | Output Occurrences |
|:---------:|:----------:|:-----------:|:------------------:|
| iv_497 | 3.5969856020618734 × 10^297 | 4052 | 95 |
| iv_498 | 7.033495646610563 × 10^297 | 4079 | 78 |
| iv_499 | 1.229963954158184 × 10^298 | 3989 | 77 |
| iv_500 | 2.0525652282342629 × 10^298 | 4112 | 78 |
| iv_501 | 3.3712240220903687 × 10^298 | 4144 | 88 |
| iv_502 | 5.425141597977004 × 10^298 | 3983 | 74 |
| iv_504 | 1.3450810895494977 × 10^299 | 4079 | 88 |
| iv_505 | 1.73939232907926 × 10^299 | 4053 | 80 |
| iv_506 | 2.5130422866961954 × 10^298 | 4165 | 84 |

### Input Bits Sorted by Complexity

| Input Bit | Complexity | Occurrences | Output Occurrences |
|:---------:|:----------:|:-----------:|:------------------:|
| iv_497 | 3.5969856020618734 × 10^297 | 4052 | 95 |
| iv_498 | 7.033495646610563 × 10^297 | 4079 | 78 |
| iv_499 | 1.229963954158184 × 10^298 | 3989 | 77 |
| iv_500 | 2.0525652282342629 × 10^298 | 4112 | 78 |
| iv_506 | 2.5130422866961954 × 10^298 | 4165 | 84 |
| iv_501 | 3.3712240220903687 × 10^298 | 4144 | 88 |
| iv_502 | 5.425141597977004 × 10^298 | 3983 | 74 |
| iv_504 | 1.3450810895494977 × 10^299 | 4079 | 88 |
| iv_505 | 1.73939232907926 × 10^299 | 4053 | 80 |

### Input Bits Sorted by Occurrences

| Input Bit | Complexity | Occurrences | Output Occurrences |
|:---------:|:----------:|:-----------:|:------------------:|
| iv_502 | 5.425141597977004 × 10^298 | 3983 | 74 |
| iv_499 | 1.229963954158184 × 10^298 | 3989 | 77 |
| iv_497 | 3.5969856020618734 × 10^297 | 4052 | 95 |
| iv_505 | 1.73939232907926 × 10^299 | 4053 | 80 |
| iv_504 | 1.3450810895494977 × 10^299 | 4079 | 88 |
| iv_498 | 7.033495646610563 × 10^297 | 4079 | 78 |
| iv_500 | 2.0525652282342629 × 10^298 | 4112 | 78 |
| iv_501 | 3.3712240220903687 × 10^298 | 4144 | 88 |
| iv_506 | 2.5130422866961954 × 10^298 | 4165 | 84 |

### Input Bits Sorted by Output Occurrences

| Input Bit | Complexity | Occurrences | Output Occurrences |
|:---------:|:----------:|:-----------:|:------------------:|
| iv_502 | 5.425141597977004 × 10^298 | 3983 | 74 |
| iv_499 | 1.229963954158184 × 10^298 | 3989 | 77 |
| iv_498 | 7.033495646610563 × 10^297 | 4079 | 78 |
| iv_500 | 2.0525652282342629 × 10^298 | 4112 | 78 |
| iv_505 | 1.73939232907926 × 10^299 | 4053 | 80 |
| iv_506 | 2.5130422866961954 × 10^298 | 4165 | 84 |
| iv_501 | 3.3712240220903687 × 10^298 | 4144 | 88 |
| iv_504 | 1.3450810895494977 × 10^299 | 4079 | 88 |
| iv_497 | 3.5969856020618734 × 10^297 | 4052 | 95 |

## Input Bit Co-occurrences

### Input Bit Co-occurrences Sorted by Co-occurrences

| Input Bits | Co-occurrences | Potential Occurrences | Output Co-occurrences | Potential Output Occurrences |
|:----------:|:--------------:|:---------------------:|:---------------------:|:----------------------------:|
| iv_500-iv_506 | 2043 | 4191 | 42 | 78 |
| iv_497-iv_506 | 2020 | 4177 | 50 | 79 |
| iv_498-iv_504 | 2019 | 4120 | 45 | 76 |
| iv_498-iv_506 | 2016 | 4212 | 44 | 74 |
| iv_504-iv_505 | 2010 | 4112 | 47 | 74 |
| iv_500-iv_504 | 1990 | 4211 | 44 | 78 |
| iv_498-iv_500 | 1989 | 4213 | 39 | 78 |
| iv_500-iv_501 | 1987 | 4282 | 39 | 88 |
| iv_497-iv_501 | 1981 | 4234 | 51 | 81 |

### Input Bit Co-occurrences Sorted by Potential Occurrences

| Input Bits | Co-occurrences | Potential Occurrences | Output Co-occurrences | Potential Output Occurrences |
|:----------:|:--------------:|:---------------------:|:---------------------:|:----------------------------:|
| iv_504-iv_505 | 2010 | 4112 | 47 | 74 |
| iv_498-iv_504 | 2019 | 4120 | 45 | 76 |
| iv_500-iv_502 | 1969 | 4157 | 35 | 82 |
| iv_499-iv_502 | 1903 | 4166 | 38 | 75 |
| iv_497-iv_502 | 1933 | 4169 | 43 | 83 |
| iv_497-iv_506 | 2020 | 4177 | 50 | 79 |
| iv_500-iv_506 | 2043 | 4191 | 42 | 78 |
| iv_499-iv_504 | 1930 | 4208 | 45 | 75 |
| iv_500-iv_504 | 1990 | 4211 | 44 | 78 |

### Input Bit Output Co-occurrences Sorted by Output Co-occurrences

| Input Bits | Co-occurrences | Potential Occurrences | Output Co-occurrences | Potential Output Occurrences |
|:----------:|:--------------:|:---------------------:|:---------------------:|:----------------------------:|
| iv_497-iv_504 | 1905 | 4321 | 56 | 71 |
| iv_497-iv_501 | 1981 | 4234 | 51 | 81 |
| iv_497-iv_498 | 1910 | 4311 | 51 | 71 |
| iv_497-iv_506 | 2020 | 4177 | 50 | 79 |
| iv_501-iv_506 | 1976 | 4357 | 49 | 74 |
| iv_501-iv_504 | 1968 | 4287 | 48 | 80 |
| iv_497-iv_505 | 1904 | 4297 | 47 | 81 |
| iv_504-iv_505 | 2010 | 4112 | 47 | 74 |
| iv_499-iv_501 | 1934 | 4265 | 46 | 73 |

### Input Bit Output Co-occurrences Sorted by Potential Output Occurrences

| Input Bits | Co-occurrences | Potential Occurrences | Output Co-occurrences | Potential Output Occurrences |
|:----------:|:--------------:|:---------------------:|:---------------------:|:----------------------------:|
| iv_497-iv_498 | 1910 | 4311 | 51 | 71 |
| iv_497-iv_504 | 1905 | 4321 | 56 | 71 |
| iv_499-iv_501 | 1934 | 4265 | 46 | 73 |
| iv_498-iv_506 | 2016 | 4212 | 44 | 74 |
| iv_501-iv_506 | 1976 | 4357 | 49 | 74 |
| iv_498-iv_502 | 1889 | 4284 | 39 | 74 |
| iv_504-iv_505 | 2010 | 4112 | 47 | 74 |
| iv_499-iv_502 | 1903 | 4166 | 38 | 75 |
| iv_499-iv_504 | 1930 | 4208 | 45 | 75 |

## Output Bits

### Output Bits in Regular Order

| Rank | Output Bit | Complexity |
|:----:|:----------:|:----------:|
| 1 | ov_001 | 7.567761903552752 × 10^298 |
| 2 | ov_002 | 6.542673688695905 × 10^298 |
| 3 | ov_003 | 5.626562642574514 × 10^298 |
| 4 | ov_004 | 4.811048239232814 × 10^298 |
| 5 | ov_005 | 4.088206812972404 × 10^298 |
| 6 | ov_006 | 3.4505387171037117 × 10^298 |
| 7 | ov_007 | 2.8909398419832595 × 10^298 |
| 8 | ov_008 | 2.402677216795593 × 10^298 |
| 9 | ov_009 | 1.979368352600728 × 10^298 |
| 10 | ov_010 | 1.614963921204739 × 10^298 |
| 11 | ov_011 | 1.303733359640394 × 10^298 |
| 12 | ov_012 | 1.0402530133895275 × 10^298 |
| 13 | ov_013 | 8.193964544179666 × 10^297 |
| 14 | ov_014 | 6.363266512612904 × 10^297 |
| 15 | ov_015 | 4.8648972787132774 × 10^297 |
| 16 | ov_016 | 3.656100701517602 × 10^297 |
| 17 | ov_017 | 2.6968652412167746 × 10^297 |
| 18 | ov_018 | 1.9498944614901686 × 10^297 |
| 19 | ov_019 | 1.3805842540298352 × 10^297 |
| 20 | ov_020 | 9.570055424068015 × 10^296 |
| 21 | ov_021 | 6.498914758865278 × 10^296 |
| 22 | ov_022 | 4.326282329733555 × 10^296 |
| 23 | ov_023 | 2.8124866356339333 × 10^296 |
| 24 | ov_024 | 1.7442810764484798 × 10^296 |
| 25 | ov_025 | 1.0216445212104731 × 10^296 |
| 26 | ov_026 | 5.577508239632733 × 10^295 |
| 27 | ov_027 | 2.7896417106824194 × 10^295 |
| 28 | ov_028 | 1.248371472945887 × 10^295 |
| 29 | ov_029 | 4.811007420923242 × 10^294 |
| 30 | ov_030 | 1.471083682256478 × 10^294 |
| 31 | ov_031 | 2.8704303952187134 × 10^293 |
| 32 | lv_80_m31 | 5.600452364793366 × 10^292 |
| 33 | ov_033 | 6.692256287151252 × 10^293 |
| 34 | ov_034 | 5.80783798805179 × 10^293 |
| 35 | ov_035 | 5.013765093280186 × 10^293 |
| 36 | ov_036 | 4.305647649488391 × 10^293 |
| 37 | ov_037 | 3.675398200348228 × 10^293 |
| 38 | ov_038 | 3.1153529638260335 × 10^293 |
| 39 | ov_039 | 2.6182441545576377 × 10^293 |
| 40 | ov_040 | 2.180533687545612 × 10^293 |
| 41 | ov_041 | 1.7988642563641503 × 10^293 |
| 42 | ov_042 | 1.4700502202165237 × 10^293 |
| 43 | ov_043 | 1.1910700206982398 × 10^293 |
| 44 | ov_044 | 9.56349015220084 × 10^292 |
| 45 | ov_045 | 7.606140765377561 × 10^292 |
| 46 | ov_046 | 5.988863525664553 × 10^292 |
| 47 | ov_047 | 4.664756069343063 × 10^292 |
| 48 | ov_048 | 3.589758686592182 × 10^292 |
| 49 | ov_049 | 2.722621398687457 × 10^292 |
| 50 | ov_050 | 2.0434181197023826 × 10^292 |
| 51 | ov_051 | 1.5164506621161218 × 10^292 |
| 52 | ov_052 | 1.1087739620645591 × 10^292 |
| 53 | ov_053 | 7.901862621324437 × 10^291 |
| 54 | ov_054 | 5.462714920424311 × 10^291 |
| 55 | ov_055 | 3.63980422932992 × 10^291 |
| 56 | ov_056 | 2.3162886503298776 × 10^291 |
| 57 | ov_057 | 1.3889656456538682 × 10^291 |
| 58 | ov_058 | 7.6826576246968 × 10^290 |
| 59 | ov_059 | 3.782493800068532 × 10^290 |
| 60 | ov_060 | 1.5660523796777362 × 10^290 |
| 61 | ov_061 | 5.464990753524779 × 10^289 |
| 62 | ov_062 | 1.4976229064996456 × 10^289 |
| 63 | ov_063 | 2.915654782819419 × 10^288 |
| 64 | lv_79_m31 | 5.6749061635020945 × 10^287 |
| 65 | ov_065 | 6.677665069379009 × 10^288 |
| 66 | ov_066 | 6.677646873925955 × 10^288 |
| 67 | ov_067 | 6.67764258547016 × 10^288 |
| 68 | ov_068 | 5.754281649936751 × 10^288 |
| 69 | ov_069 | 4.9310048850922326 × 10^288 |
| 70 | ov_070 | 4.200164223167154 × 10^288 |
| 71 | ov_071 | 3.5544719064273984 × 10^288 |
| 72 | ov_072 | 2.9869812898402446 × 10^288 |
| 73 | ov_073 | 2.491071911715218 × 10^288 |
| 74 | ov_074 | 2.0604377960274863 × 10^288 |
| 75 | ov_075 | 1.6890780041771398 × 10^288 |
| 76 | ov_076 | 1.371288606761049 × 10^288 |
| 77 | ov_077 | 1.1016555926389971 × 10^288 |
| 78 | ov_078 | 8.750485601775883 × 10^287 |
| 79 | ov_079 | 6.866151431189658 × 10^287 |
| 80 | ov_080 | 5.31776124107157 × 10^287 |
| 81 | ov_081 | 4.062211893486228 × 10^287 |
| 82 | ov_082 | 3.0590527821783563 × 10^287 |
| 83 | ov_083 | 2.270454818684699 × 10^287 |
| 84 | ov_084 | 1.6611844509414263 × 10^287 |
| 85 | ov_085 | 1.1985822581349764 × 10^287 |
| 86 | ov_086 | 8.525456664450262 × 10^286 |
| 87 | ov_087 | 5.955153309220246 × 10^286 |
| 88 | ov_088 | 4.0246472911249945 × 10^286 |
| 89 | ov_089 | 2.61512691155894 × 10^286 |
| 90 | ov_090 | 1.6203903815742874 × 10^286 |
| 91 | ov_091 | 9.468242868139399 × 10^285 |
| 92 | ov_092 | 5.133901652479805 × 10^285 |
| 93 | ov_093 | 2.5161696640594773 × 10^285 |
| 94 | ov_094 | 1.0559734858965574 × 10^285 |
| 95 | aaa_78_28 | 3.198616828343468 × 10^284 |
| 96 | aaa_78_29 | 9.530807049272102 × 10^283 |
| 97 | ov_097 | 5.174528983944297 × 10^283 |
| 98 | ov_098 | 5.174454660259587 × 10^283 |
| 99 | ov_099 | 5.174430961699906 × 10^283 |
| 100 | ov_100 | 4.2266096711021834 × 10^283 |
| 101 | ov_101 | 3.4350694366288614 × 10^283 |
| 102 | ov_102 | 2.781469313025678 × 10^283 |
| 103 | ov_103 | 2.248460746927127 × 10^283 |
| 104 | ov_104 | 1.819615167210985 × 10^283 |
| 105 | ov_105 | 1.4793614086734538 × 10^283 |
| 106 | ov_106 | 1.2129320369859894 × 10^283 |
| 107 | ov_107 | 1.0063176891491589 × 10^283 |
| 108 | ov_108 | 8.462285886011993 × 10^282 |
| 109 | ov_109 | 7.200624380847778 × 10^282 |
| 110 | ov_110 | 6.158779365823653 × 10^282 |
| 111 | ov_111 | 5.2237320930567025 × 10^282 |
| 112 | ov_112 | 4.3893986366902785 × 10^282 |
| 113 | ov_113 | 3.6498018213293523 × 10^282 |
| 114 | ov_114 | 2.999046322422117 × 10^282 |
| 115 | ov_115 | 2.4312987791623613 × 10^282 |
| 116 | ov_116 | 1.9407725032915378 × 10^282 |
| 117 | ov_117 | 1.5217159231190348 × 10^282 |
| 118 | ov_118 | 1.1684035098567545 × 10^282 |
| 119 | ov_119 | 8.751284819289854 × 10^281 |
| 120 | ov_120 | 6.361970794491188 × 10^281 |
| 121 | ov_121 | 4.4592420112243285 × 10^281 |
| 122 | ov_122 | 2.9863019586066642 × 10^281 |
| 123 | ov_123 | 1.8863860139494346 × 10^281 |
| 124 | ov_124 | 1.1027462218280228 × 10^281 |
| 125 | ov_125 | 5.786418887602993 × 10^280 |
| 126 | ov_126 | 2.573347991889034 × 10^280 |
| 127 | aaa_77_28 | 8.208738494890438 × 10^279 |
| 128 | aaa_77_29 | 3.072631870728961 × 10^279 |
| 129 | ov_129 | 2.798784045814424 × 10^279 |
| 130 | ov_130 | 2.7987752912724247 × 10^279 |
| 131 | ov_131 | 2.798773183770699 × 10^279 |
| 132 | ov_132 | 2.414993954031159 × 10^279 |
| 133 | ov_133 | 2.0724862294069475 × 10^279 |
| 134 | ov_134 | 1.7680962072775217 × 10^279 |
| 135 | ov_135 | 1.498830553812792 × 10^279 |
| 136 | ov_136 | 1.2618449569976773 × 10^279 |
| 137 | ov_137 | 1.0544345079848413 × 10^279 |
| 138 | ov_138 | 8.740257133374388 × 10^278 |
| 139 | ov_139 | 7.18169950462707 × 10^278 |
| 140 | ov_140 | 5.845381880795541 × 10^278 |
| 141 | ov_141 | 4.709168029639473 × 10^278 |
| 142 | ov_142 | 3.7520433351745044 × 10^278 |
| 143 | ov_143 | 2.9540901993789494 × 10^278 |
| 144 | ov_144 | 2.2964698995866016 × 10^278 |
| 145 | ov_145 | 1.7614095827829887 × 10^278 |
| 146 | ov_146 | 1.3321932346634104 × 10^278 |
| 147 | ov_147 | 9.93155683089564 × 10^277 |
| 148 | ov_148 | 7.296787865384913 × 10^277 |
| 149 | ov_149 | 5.281889666278487 × 10^277 |
| 150 | ov_150 | 3.761554511642315 × 10^277 |
| 151 | ov_151 | 2.6208892944702294 × 10^277 |
| 152 | ov_152 | 1.755405261888628 × 10^277 |
| 153 | ov_153 | 1.1154580283697466 × 10^277 |
| 154 | ov_154 | 6.566000530157156 × 10^276 |
| 155 | ov_155 | 3.395785151404443 × 10^276 |
| 156 | aaa_76_25 | 1.3033407480650678 × 10^276 |
| 157 | aaa_76_26 | 7.509804958876841 × 10^275 |
| 158 | aaa_76_27 | 3.834418812386831 × 10^275 |
| 159 | aaa_76_28 | 1.4880345440332275 × 10^275 |
| 160 | aaa_76_29 | 4.510155465839961 × 10^274 |

### Output Bits Sorted by Complexity

| Rank | Output Bit | Complexity |
|:----:|:----------:|:----------:|
| 160 | aaa_76_29 | 4.510155465839961 × 10^274 |
| 159 | aaa_76_28 | 1.4880345440332275 × 10^275 |
| 158 | aaa_76_27 | 3.834418812386831 × 10^275 |
| 157 | aaa_76_26 | 7.509804958876841 × 10^275 |
| 156 | aaa_76_25 | 1.3033407480650678 × 10^276 |
| 155 | ov_155 | 3.395785151404443 × 10^276 |
| 154 | ov_154 | 6.566000530157156 × 10^276 |
| 153 | ov_153 | 1.1154580283697466 × 10^277 |
| 152 | ov_152 | 1.755405261888628 × 10^277 |
| 151 | ov_151 | 2.6208892944702294 × 10^277 |
| 150 | ov_150 | 3.761554511642315 × 10^277 |
| 149 | ov_149 | 5.281889666278487 × 10^277 |
| 148 | ov_148 | 7.296787865384913 × 10^277 |
| 147 | ov_147 | 9.93155683089564 × 10^277 |
| 146 | ov_146 | 1.3321932346634104 × 10^278 |
| 145 | ov_145 | 1.7614095827829887 × 10^278 |
| 144 | ov_144 | 2.2964698995866016 × 10^278 |
| 143 | ov_143 | 2.9540901993789494 × 10^278 |
| 142 | ov_142 | 3.7520433351745044 × 10^278 |
| 141 | ov_141 | 4.709168029639473 × 10^278 |
| 140 | ov_140 | 5.845381880795541 × 10^278 |
| 139 | ov_139 | 7.18169950462707 × 10^278 |
| 138 | ov_138 | 8.740257133374388 × 10^278 |
| 137 | ov_137 | 1.0544345079848413 × 10^279 |
| 136 | ov_136 | 1.2618449569976773 × 10^279 |
| 135 | ov_135 | 1.498830553812792 × 10^279 |
| 134 | ov_134 | 1.7680962072775217 × 10^279 |
| 133 | ov_133 | 2.0724862294069475 × 10^279 |
| 132 | ov_132 | 2.414993954031159 × 10^279 |
| 131 | ov_131 | 2.798773183770699 × 10^279 |
| 130 | ov_130 | 2.7987752912724247 × 10^279 |
| 129 | ov_129 | 2.798784045814424 × 10^279 |
| 128 | aaa_77_29 | 3.072631870728961 × 10^279 |
| 127 | aaa_77_28 | 8.208738494890438 × 10^279 |
| 126 | ov_126 | 2.573347991889034 × 10^280 |
| 125 | ov_125 | 5.786418887602993 × 10^280 |
| 124 | ov_124 | 1.1027462218280228 × 10^281 |
| 123 | ov_123 | 1.8863860139494346 × 10^281 |
| 122 | ov_122 | 2.9863019586066642 × 10^281 |
| 121 | ov_121 | 4.4592420112243285 × 10^281 |
| 120 | ov_120 | 6.361970794491188 × 10^281 |
| 119 | ov_119 | 8.751284819289854 × 10^281 |
| 118 | ov_118 | 1.1684035098567545 × 10^282 |
| 117 | ov_117 | 1.5217159231190348 × 10^282 |
| 116 | ov_116 | 1.9407725032915378 × 10^282 |
| 115 | ov_115 | 2.4312987791623613 × 10^282 |
| 114 | ov_114 | 2.999046322422117 × 10^282 |
| 113 | ov_113 | 3.6498018213293523 × 10^282 |
| 112 | ov_112 | 4.3893986366902785 × 10^282 |
| 111 | ov_111 | 5.2237320930567025 × 10^282 |
| 110 | ov_110 | 6.158779365823653 × 10^282 |
| 109 | ov_109 | 7.200624380847778 × 10^282 |
| 108 | ov_108 | 8.462285886011993 × 10^282 |
| 107 | ov_107 | 1.0063176891491589 × 10^283 |
| 106 | ov_106 | 1.2129320369859894 × 10^283 |
| 105 | ov_105 | 1.4793614086734538 × 10^283 |
| 104 | ov_104 | 1.819615167210985 × 10^283 |
| 103 | ov_103 | 2.248460746927127 × 10^283 |
| 102 | ov_102 | 2.781469313025678 × 10^283 |
| 101 | ov_101 | 3.4350694366288614 × 10^283 |
| 100 | ov_100 | 4.2266096711021834 × 10^283 |
| 99 | ov_099 | 5.174430961699906 × 10^283 |
| 98 | ov_098 | 5.174454660259587 × 10^283 |
| 97 | ov_097 | 5.174528983944297 × 10^283 |
| 96 | aaa_78_29 | 9.530807049272102 × 10^283 |
| 95 | aaa_78_28 | 3.198616828343468 × 10^284 |
| 94 | ov_094 | 1.0559734858965574 × 10^285 |
| 93 | ov_093 | 2.5161696640594773 × 10^285 |
| 92 | ov_092 | 5.133901652479805 × 10^285 |
| 91 | ov_091 | 9.468242868139399 × 10^285 |
| 90 | ov_090 | 1.6203903815742874 × 10^286 |
| 89 | ov_089 | 2.61512691155894 × 10^286 |
| 88 | ov_088 | 4.0246472911249945 × 10^286 |
| 87 | ov_087 | 5.955153309220246 × 10^286 |
| 86 | ov_086 | 8.525456664450262 × 10^286 |
| 85 | ov_085 | 1.1985822581349764 × 10^287 |
| 84 | ov_084 | 1.6611844509414263 × 10^287 |
| 83 | ov_083 | 2.270454818684699 × 10^287 |
| 82 | ov_082 | 3.0590527821783563 × 10^287 |
| 81 | ov_081 | 4.062211893486228 × 10^287 |
| 80 | ov_080 | 5.31776124107157 × 10^287 |
| 64 | lv_79_m31 | 5.6749061635020945 × 10^287 |
| 79 | ov_079 | 6.866151431189658 × 10^287 |
| 78 | ov_078 | 8.750485601775883 × 10^287 |
| 77 | ov_077 | 1.1016555926389971 × 10^288 |
| 76 | ov_076 | 1.371288606761049 × 10^288 |
| 75 | ov_075 | 1.6890780041771398 × 10^288 |
| 74 | ov_074 | 2.0604377960274863 × 10^288 |
| 73 | ov_073 | 2.491071911715218 × 10^288 |
| 63 | ov_063 | 2.915654782819419 × 10^288 |
| 72 | ov_072 | 2.9869812898402446 × 10^288 |
| 71 | ov_071 | 3.5544719064273984 × 10^288 |
| 70 | ov_070 | 4.200164223167154 × 10^288 |
| 69 | ov_069 | 4.9310048850922326 × 10^288 |
| 68 | ov_068 | 5.754281649936751 × 10^288 |
| 67 | ov_067 | 6.67764258547016 × 10^288 |
| 66 | ov_066 | 6.677646873925955 × 10^288 |
| 65 | ov_065 | 6.677665069379009 × 10^288 |
| 62 | ov_062 | 1.4976229064996456 × 10^289 |
| 61 | ov_061 | 5.464990753524779 × 10^289 |
| 60 | ov_060 | 1.5660523796777362 × 10^290 |
| 59 | ov_059 | 3.782493800068532 × 10^290 |
| 58 | ov_058 | 7.6826576246968 × 10^290 |
| 57 | ov_057 | 1.3889656456538682 × 10^291 |
| 56 | ov_056 | 2.3162886503298776 × 10^291 |
| 55 | ov_055 | 3.63980422932992 × 10^291 |
| 54 | ov_054 | 5.462714920424311 × 10^291 |
| 53 | ov_053 | 7.901862621324437 × 10^291 |
| 52 | ov_052 | 1.1087739620645591 × 10^292 |
| 51 | ov_051 | 1.5164506621161218 × 10^292 |
| 50 | ov_050 | 2.0434181197023826 × 10^292 |
| 49 | ov_049 | 2.722621398687457 × 10^292 |
| 48 | ov_048 | 3.589758686592182 × 10^292 |
| 47 | ov_047 | 4.664756069343063 × 10^292 |
| 32 | lv_80_m31 | 5.600452364793366 × 10^292 |
| 46 | ov_046 | 5.988863525664553 × 10^292 |
| 45 | ov_045 | 7.606140765377561 × 10^292 |
| 44 | ov_044 | 9.56349015220084 × 10^292 |
| 43 | ov_043 | 1.1910700206982398 × 10^293 |
| 42 | ov_042 | 1.4700502202165237 × 10^293 |
| 41 | ov_041 | 1.7988642563641503 × 10^293 |
| 40 | ov_040 | 2.180533687545612 × 10^293 |
| 39 | ov_039 | 2.6182441545576377 × 10^293 |
| 31 | ov_031 | 2.8704303952187134 × 10^293 |
| 38 | ov_038 | 3.1153529638260335 × 10^293 |
| 37 | ov_037 | 3.675398200348228 × 10^293 |
| 36 | ov_036 | 4.305647649488391 × 10^293 |
| 35 | ov_035 | 5.013765093280186 × 10^293 |
| 34 | ov_034 | 5.80783798805179 × 10^293 |
| 33 | ov_033 | 6.692256287151252 × 10^293 |
| 30 | ov_030 | 1.471083682256478 × 10^294 |
| 29 | ov_029 | 4.811007420923242 × 10^294 |
| 28 | ov_028 | 1.248371472945887 × 10^295 |
| 27 | ov_027 | 2.7896417106824194 × 10^295 |
| 26 | ov_026 | 5.577508239632733 × 10^295 |
| 25 | ov_025 | 1.0216445212104731 × 10^296 |
| 24 | ov_024 | 1.7442810764484798 × 10^296 |
| 23 | ov_023 | 2.8124866356339333 × 10^296 |
| 22 | ov_022 | 4.326282329733555 × 10^296 |
| 21 | ov_021 | 6.498914758865278 × 10^296 |
| 20 | ov_020 | 9.570055424068015 × 10^296 |
| 19 | ov_019 | 1.3805842540298352 × 10^297 |
| 18 | ov_018 | 1.9498944614901686 × 10^297 |
| 17 | ov_017 | 2.6968652412167746 × 10^297 |
| 16 | ov_016 | 3.656100701517602 × 10^297 |
| 15 | ov_015 | 4.8648972787132774 × 10^297 |
| 14 | ov_014 | 6.363266512612904 × 10^297 |
| 13 | ov_013 | 8.193964544179666 × 10^297 |
| 12 | ov_012 | 1.0402530133895275 × 10^298 |
| 11 | ov_011 | 1.303733359640394 × 10^298 |
| 10 | ov_010 | 1.614963921204739 × 10^298 |
| 9 | ov_009 | 1.979368352600728 × 10^298 |
| 8 | ov_008 | 2.402677216795593 × 10^298 |
| 7 | ov_007 | 2.8909398419832595 × 10^298 |
| 6 | ov_006 | 3.4505387171037117 × 10^298 |
| 5 | ov_005 | 4.088206812972404 × 10^298 |
| 4 | ov_004 | 4.811048239232814 × 10^298 |
| 3 | ov_003 | 5.626562642574514 × 10^298 |
| 2 | ov_002 | 6.542673688695905 × 10^298 |
| 1 | ov_001 | 7.567761903552752 × 10^298 |

