# Results for F001-F002-F003-F004-F005-F006-F007-F008-F009-F010-F011-F012-F013-F014-F015-F016-F017-F018-F019-F020-F021-F022-F023-F024-F025-F026-F027-F028-F029-F030-F031-F032-F033-F034-F035-F036-F037-F038-F039-F040-F041-F042-F043-F044-F045-F046-F047-F048-F049-F050-F051-F052-F053-F054-F055-F056-F057-F058-F059-F060-F061-F062-F063-F064-F065-F066-F067-F068-F069-F070-F071-F072-F073-F074-F075-F076-F077-F078-F079-F080-F081-F082-F083-F084-F085-F086-F087-F088-F089-F090-F091-F092-F093-F094-F095-F096-F097-F098-F099-F100-F101-F102-F103-F104-F105-F106-F107-F108-F109-F110-F111-F112-F113-F114-F115-F116-F117-F118-F119-F120-F121-F122-F123-F124-F125-F126-F127-F128-F129-F130-F131-F132-F133-F134-F135-F136-F137-F138-F139-F140-F141-F142-F143-F144-F145-F146-F147-F148-F149-F150-F151-F152-F153-F154-F155-F156-F157-F158-F159-F160-F161-F162-F163-F164-F165-F166-F167-F168-F169-F170-F171-F172-F173-F174-F175-F176-F177-F178-F179-F180-F181-F182-F183-F184-F185-F186-F187-F188-F189-F190-F191-F192-F193-F194-F195-F196-F197-F198-F199-F200-F201-F202-F203-F204-F205-F206-F207-F208-F209-F210-F211-F212-F213-F214-F215-F216-F217-F218-F219-F220-F221-F222-F223-F224-F225-F226-F227-F228-F229-F230-F231-F232-F233-F234-F235-F236-F237-F238-F239-F240-F241-F242-F243-F244-F245-F246-F247-F248-F249-F250-F251-F252-F253-F254-F255-F256-F257-F258-F259-F260-F261-F262-F263-F264-F265-F266-F267-F268-F269-F270-F271-F272-F273-F274-F275-F276-F277-F278-F279-F280-F281-F282-F283-F284-F285-F286-F287-F288-F289-F290-F291-F292-F293-F294-F295-F296-F297-F298-F299-F300-F301-F302-F303-F304-F305-F306-F307-F308-F309-F310-F311-F312-F313-F314-F315-F316-F317-F318-F319-F320-F321-F322-F323-F324-F325-F326-F327-F328-F329-F330-F331-F332-F333-F334-F335-F336-F337-F338-F339-F340-F341-F342-F343-F344-F345-F346-F347-F348-F349-F350-F351-F352-F353-F354-F355-F356-F357-F358-F359-F360-F361-F362-F363-F364-F365-F366-F367-F368-F369-F370-F371-F372-F373-F374-F375-F376-F377-F378-F379-F380-F381-F382-F383-F384-F385-F386-F387-F388-F389-F390-F391-F392-F393-F394-F395-F396-F397-F398-F399-F400-F401-F402-F403-F404-F405-F406-F407-F408-F409-F410-F411-F412-F413-F414-F415-F416-F417-F418-F419-F420-F421-F422-F423-F424-F425-F426-F427-F428-F429-F430-F431-F432-F433-F434-F435-F436-F437-F438-F439-F440-F441-F442-F443-F444-F445-F446-F447-F448-F449-F450-F451-F452-F453-F454-F455-F456-F457-F458-F459-F460-F461-F462-F463-F464-F465-F466-F467-F468-F469-F470-F471-F472-F473-F474-F475-F476-F477-F478-F479-F480-F481-F482-F483-F484-F485-F486-F487-F488-F489-F490-F491-F492-F493-F494-F495-F496-F497-F498-F499-F500-O508509-F510-F512

## Summary

Number of input bits: 512  
Number of free input bits: 9  
Number of output bits: 160

Number of direct occurrences: 37327  
Number of assignments: 31149  
Number of operations: 11454113
(xor: 11424487,
and: 16476,
or: 13150)

Total complexity: 2.4160158039015936 × 10^303

Least occurring input variable: iv_502 (3927)  
Most occurring input variable: iv_508 (4345)

Most co-occurring input variables: iv_506-iv_507 (2079)  
Least co-occurring input variables: iv_502-iv_504 (1799)

Potentially most occurring input variable: iv_508/iv_511 (4644)  
Potentially least occurring input variable: iv_504/iv_505 (4185)

Least output occurring input variable: iv_507 (65)  
Most output occurring input variable: iv_503 (90)

Most output co-occurring input variables: iv_503-iv_505 (50)  
Least output co-occurring input variables: iv_503-iv_507 (29)

Potentially most output occurring input variable: iv_503/iv_507 (97)  
Potentially least output occurring input variable: iv_506/iv_507 (62)

Least complex input bit: iv_511 (5.349870185660792 × 10^299)  
Most complex input bit: iv_505 (6.911923074777907 × 10^302)

Least complex output bit: aaa_76_29 (4.918433809751974 × 10^277)  
Most complex output bit: ov_001 (3.8472905347265657 × 10^302)

Least complex input/output complexity: iv_511/aaa_76_29 (1.0891063856637702 × 10^274)  
Most complex input/output complexity: iv_505/ov_001 (1.1006623458094854 × 10^302)

## Input Bits

### Input Bits in Regular Order

| Input Bit | Complexity | Occurrences | Output Occurrences |
|:---------:|:----------:|:-----------:|:------------------:|
| iv_501 | 8.641580405983534 × 10^301 | 4150 | 84 |
| iv_502 | 1.5758700445068749 × 10^302 | 3927 | 84 |
| iv_503 | 2.691576602711889 × 10^302 | 4149 | 90 |
| iv_504 | 4.389642902672552 × 10^302 | 3954 | 73 |
| iv_505 | 6.911923074777907 × 10^302 | 4201 | 86 |
| iv_506 | 3.663333076920268 × 10^302 | 4170 | 85 |
| iv_507 | 3.935848349002399 × 10^302 | 4288 | 65 |
| iv_508 | 1.2245607764004713 × 10^301 | 4345 | 85 |
| iv_511 | 5.349870185660792 × 10^299 | 4143 | 74 |

### Input Bits Sorted by Complexity

| Input Bit | Complexity | Occurrences | Output Occurrences |
|:---------:|:----------:|:-----------:|:------------------:|
| iv_511 | 5.349870185660792 × 10^299 | 4143 | 74 |
| iv_508 | 1.2245607764004713 × 10^301 | 4345 | 85 |
| iv_501 | 8.641580405983534 × 10^301 | 4150 | 84 |
| iv_502 | 1.5758700445068749 × 10^302 | 3927 | 84 |
| iv_503 | 2.691576602711889 × 10^302 | 4149 | 90 |
| iv_506 | 3.663333076920268 × 10^302 | 4170 | 85 |
| iv_507 | 3.935848349002399 × 10^302 | 4288 | 65 |
| iv_504 | 4.389642902672552 × 10^302 | 3954 | 73 |
| iv_505 | 6.911923074777907 × 10^302 | 4201 | 86 |

### Input Bits Sorted by Occurrences

| Input Bit | Complexity | Occurrences | Output Occurrences |
|:---------:|:----------:|:-----------:|:------------------:|
| iv_502 | 1.5758700445068749 × 10^302 | 3927 | 84 |
| iv_504 | 4.389642902672552 × 10^302 | 3954 | 73 |
| iv_511 | 5.349870185660792 × 10^299 | 4143 | 74 |
| iv_503 | 2.691576602711889 × 10^302 | 4149 | 90 |
| iv_501 | 8.641580405983534 × 10^301 | 4150 | 84 |
| iv_506 | 3.663333076920268 × 10^302 | 4170 | 85 |
| iv_505 | 6.911923074777907 × 10^302 | 4201 | 86 |
| iv_507 | 3.935848349002399 × 10^302 | 4288 | 65 |
| iv_508 | 1.2245607764004713 × 10^301 | 4345 | 85 |

### Input Bits Sorted by Output Occurrences

| Input Bit | Complexity | Occurrences | Output Occurrences |
|:---------:|:----------:|:-----------:|:------------------:|
| iv_507 | 3.935848349002399 × 10^302 | 4288 | 65 |
| iv_504 | 4.389642902672552 × 10^302 | 3954 | 73 |
| iv_511 | 5.349870185660792 × 10^299 | 4143 | 74 |
| iv_501 | 8.641580405983534 × 10^301 | 4150 | 84 |
| iv_502 | 1.5758700445068749 × 10^302 | 3927 | 84 |
| iv_506 | 3.663333076920268 × 10^302 | 4170 | 85 |
| iv_508 | 1.2245607764004713 × 10^301 | 4345 | 85 |
| iv_505 | 6.911923074777907 × 10^302 | 4201 | 86 |
| iv_503 | 2.691576602711889 × 10^302 | 4149 | 90 |

## Input Bit Co-occurrences

### Input Bit Co-occurrences Sorted by Co-occurrences

| Input Bits | Co-occurrences | Potential Occurrences | Output Co-occurrences | Potential Output Occurrences |
|:----------:|:--------------:|:---------------------:|:---------------------:|:----------------------------:|
| iv_506-iv_507 | 2079 | 4300 | 44 | 62 |
| iv_507-iv_508 | 2063 | 4507 | 36 | 78 |
| iv_505-iv_506 | 2053 | 4265 | 46 | 79 |
| iv_505-iv_507 | 2041 | 4407 | 31 | 89 |
| iv_505-iv_508 | 2038 | 4470 | 41 | 89 |
| iv_503-iv_506 | 2036 | 4247 | 48 | 79 |
| iv_501-iv_511 | 2033 | 4227 | 40 | 78 |
| iv_501-iv_508 | 2031 | 4433 | 47 | 75 |
| iv_501-iv_505 | 2029 | 4293 | 41 | 88 |

### Input Bit Co-occurrences Sorted by Potential Occurrences

| Input Bits | Co-occurrences | Potential Occurrences | Output Co-occurrences | Potential Output Occurrences |
|:----------:|:--------------:|:---------------------:|:---------------------:|:----------------------------:|
| iv_504-iv_505 | 1985 | 4185 | 32 | 95 |
| iv_501-iv_511 | 2033 | 4227 | 40 | 78 |
| iv_502-iv_505 | 1949 | 4230 | 49 | 72 |
| iv_504-iv_506 | 1942 | 4240 | 47 | 64 |
| iv_503-iv_506 | 2036 | 4247 | 48 | 79 |
| iv_505-iv_506 | 2053 | 4265 | 46 | 79 |
| iv_502-iv_504 | 1799 | 4283 | 35 | 87 |
| iv_506-iv_511 | 2015 | 4283 | 40 | 79 |
| iv_502-iv_506 | 1906 | 4285 | 41 | 87 |

### Input Bit Output Co-occurrences Sorted by Output Co-occurrences

| Input Bits | Co-occurrences | Potential Occurrences | Output Co-occurrences | Potential Output Occurrences |
|:----------:|:--------------:|:---------------------:|:---------------------:|:----------------------------:|
| iv_503-iv_505 | 2019 | 4312 | 50 | 76 |
| iv_502-iv_505 | 1949 | 4230 | 49 | 72 |
| iv_501-iv_502 | 1883 | 4311 | 48 | 72 |
| iv_503-iv_506 | 2036 | 4247 | 48 | 79 |
| iv_501-iv_508 | 2031 | 4433 | 47 | 75 |
| iv_502-iv_503 | 1862 | 4352 | 47 | 80 |
| iv_503-iv_508 | 1998 | 4498 | 47 | 81 |
| iv_504-iv_506 | 1942 | 4240 | 47 | 64 |
| iv_506-iv_508 | 1945 | 4625 | 46 | 78 |

### Input Bit Output Co-occurrences Sorted by Potential Output Occurrences

| Input Bits | Co-occurrences | Potential Occurrences | Output Co-occurrences | Potential Output Occurrences |
|:----------:|:--------------:|:---------------------:|:---------------------:|:----------------------------:|
| iv_506-iv_507 | 2079 | 4300 | 44 | 62 |
| iv_504-iv_506 | 1942 | 4240 | 47 | 64 |
| iv_507-iv_511 | 2005 | 4421 | 37 | 65 |
| iv_501-iv_502 | 1883 | 4311 | 48 | 72 |
| iv_502-iv_505 | 1949 | 4230 | 49 | 72 |
| iv_504-iv_507 | 1974 | 4294 | 32 | 74 |
| iv_501-iv_508 | 2031 | 4433 | 47 | 75 |
| iv_502-iv_507 | 1894 | 4427 | 37 | 75 |
| iv_503-iv_511 | 2003 | 4286 | 44 | 76 |

## Output Bits

### Output Bits in Regular Order

| Rank | Output Bit | Complexity |
|:----:|:----------:|:----------:|
| 1 | ov_001 | 3.8472905347265657 × 10^302 |
| 2 | ov_002 | 3.3412772528464122 × 10^302 |
| 3 | ov_003 | 2.8859297044880544 × 10^302 |
| 4 | ov_004 | 2.479199985961741 × 10^302 |
| 5 | ov_005 | 2.117326292256362 × 10^302 |
| 6 | ov_006 | 1.7967512698152191 × 10^302 |
| 7 | ov_007 | 1.5141084418330785 × 10^302 |
| 8 | ov_008 | 1.2662103590866072 × 10^302 |
| 9 | ov_009 | 1.0500383264448061 × 10^302 |
| 10 | ov_010 | 8.627335736154697 × 10^301 |
| 11 | ov_011 | 7.015897672972814 × 10^301 |
| 12 | ov_012 | 5.6404676946654 × 10^301 |
| 13 | ov_013 | 4.4768552444435553 × 10^301 |
| 14 | ov_014 | 3.502239370294054 × 10^301 |
| 15 | ov_015 | 2.695136037882691 × 10^301 |
| 16 | ov_016 | 2.0353726915825806 × 10^301 |
| 17 | ov_017 | 1.5040688753338246 × 10^301 |
| 18 | ov_018 | 1.0836218198915382 × 10^301 |
| 19 | ov_019 | 7.576959976822255 × 10^300 |
| 20 | ov_020 | 5.1121574104313026 × 10^300 |
| 21 | ov_021 | 3.30360152913881 × 10^300 |
| 22 | ov_022 | 2.0255971110997767 × 10^300 |
| 23 | ov_023 | 1.1649408874262916 × 10^300 |
| 24 | ov_024 | 6.209080526698272 × 10^299 |
| 25 | ov_025 | 3.052443565141582 × 10^299 |
| 26 | ov_026 | 1.4216185269126866 × 10^299 |
| 27 | ov_027 | 6.833684921189949 × 10^298 |
| 28 | ov_028 | 3.290904858044207 × 10^298 |
| 29 | ov_029 | 1.3564092611092216 × 10^298 |
| 30 | ov_030 | 4.4898259533754006 × 10^297 |
| 31 | ov_031 | 1.0878215777302547 × 10^297 |
| 32 | lv_80_k31 | 2.6350354911440612 × 10^296 |
| 33 | ov_033 | 3.209609069189297 × 10^297 |
| 34 | ov_034 | 2.7902660606567103 × 10^297 |
| 35 | ov_035 | 2.4152262336418687 × 10^297 |
| 36 | ov_036 | 2.0807978048129957 × 10^297 |
| 37 | ov_037 | 1.7834868744877598 × 10^297 |
| 38 | ov_038 | 1.5199833253517234 × 10^297 |
| 39 | ov_039 | 1.2871486665278846 × 10^297 |
| 40 | ov_040 | 1.0820056376260926 × 10^297 |
| 41 | ov_041 | 9.017293969016383 × 10^296 |
| 42 | ov_042 | 7.436401268735812 × 10^296 |
| 43 | ov_043 | 6.06433334095288 × 10^296 |
| 44 | ov_044 | 4.877019569190708 × 10^296 |
| 45 | ov_045 | 3.862753680351237 × 10^296 |
| 46 | ov_046 | 3.0104694660041476 × 10^296 |
| 47 | ov_047 | 2.3097266561366425 × 10^296 |
| 48 | ov_048 | 1.7414819015428891 × 10^296 |
| 49 | ov_049 | 1.287899964086694 × 10^296 |
| 50 | ov_050 | 9.323437242877898 × 10^295 |
| 51 | ov_051 | 6.593672882481623 × 10^295 |
| 52 | ov_052 | 4.54711428508236 × 10^295 |
| 53 | ov_053 | 3.0530075730379847 × 10^295 |
| 54 | ov_054 | 1.992421149335357 × 10^295 |
| 55 | ov_055 | 1.2582368457385485 × 10^295 |
| 56 | ov_056 | 7.551447477186555 × 10^294 |
| 57 | ov_057 | 4.38441464608009 × 10^294 |
| 58 | ov_058 | 2.3642520828635856 × 10^294 |
| 59 | ov_059 | 1.1619568548383712 × 10^294 |
| 60 | ov_060 | 5.0753464162947496 × 10^293 |
| 61 | ov_061 | 1.8999834905705478 × 10^293 |
| 62 | ov_062 | 5.736766934092924 × 10^292 |
| 63 | ov_063 | 1.268250345724554 × 10^292 |
| 64 | lv_79_m31 | 2.4697412009806618 × 10^291 |
| 65 | ov_065 | 2.9008643901669127 × 10^292 |
| 66 | ov_066 | 2.900857587813805 × 10^292 |
| 67 | ov_067 | 2.9008554243158436 × 10^292 |
| 68 | ov_068 | 2.502208812816417 × 10^292 |
| 69 | ov_069 | 2.1461822195606766 × 10^292 |
| 70 | ov_070 | 1.8295300245381368 × 10^292 |
| 71 | ov_071 | 1.5491761593249044 × 10^292 |
| 72 | ov_072 | 1.3022020391852834 × 10^292 |
| 73 | ov_073 | 1.0858362816485712 × 10^292 |
| 74 | ov_074 | 8.974460308986477 × 10^291 |
| 75 | ov_075 | 7.345297166901985 × 10^291 |
| 76 | ov_076 | 5.947110855412565 × 10^291 |
| 77 | ov_077 | 4.757343507126356 × 10^291 |
| 78 | ov_078 | 3.7546031602732217 × 10^291 |
| 79 | ov_079 | 2.9186333695536474 × 10^291 |
| 80 | ov_080 | 2.230289906328517 × 10^291 |
| 81 | ov_081 | 1.671523346307786 × 10^291 |
| 82 | ov_082 | 1.2253664236794288 × 10^291 |
| 83 | ov_083 | 8.759251109255692 × 10^290 |
| 84 | ov_084 | 6.083724635603261 × 10^290 |
| 85 | ov_085 | 4.089443488118608 × 10^290 |
| 86 | ov_086 | 2.6493633223406274 × 10^290 |
| 87 | ov_087 | 1.6470129177341226 × 10^290 |
| 88 | ov_088 | 9.764759449550611 × 10^289 |
| 89 | ov_089 | 5.423775642688841 × 10^289 |
| 90 | ov_090 | 2.996643301042375 × 10^289 |
| 91 | ov_091 | 1.7401952510924243 × 10^289 |
| 92 | ov_092 | 1.0164875718804713 × 10^289 |
| 93 | ov_093 | 5.328508126194772 × 10^288 |
| 94 | ov_094 | 2.3668908941624915 × 10^288 |
| 95 | aaa_78_28 | 7.540735953490551 × 10^287 |
| 96 | aaa_78_29 | 2.8173612698774472 × 10^287 |
| 97 | ov_097 | 2.4901724486615666 × 10^287 |
| 98 | ov_098 | 2.490159417644322 × 10^287 |
| 99 | ov_099 | 2.490155261745339 × 10^287 |
| 100 | ov_100 | 2.131234649800222 × 10^287 |
| 101 | ov_101 | 1.812580095270112 × 10^287 |
| 102 | ov_102 | 1.5309961951373586 × 10^287 |
| 103 | ov_103 | 1.2834604766717087 × 10^287 |
| 104 | ov_104 | 1.0671106805456953 × 10^287 |
| 105 | ov_105 | 8.7923376152865 × 10^286 |
| 106 | ov_106 | 7.172564457432964 × 10^286 |
| 107 | ov_107 | 5.787371919498308 × 10^286 |
| 108 | ov_108 | 4.613594124701054 × 10^286 |
| 109 | ov_109 | 3.6292581724056386 × 10^286 |
| 110 | ov_110 | 2.813537521403945 × 10^286 |
| 111 | ov_111 | 2.1467141022718615 × 10^286 |
| 112 | ov_112 | 1.610148018658977 × 10^286 |
| 113 | ov_113 | 1.186253769910942 × 10^286 |
| 114 | ov_114 | 8.58481999240514 × 10^285 |
| 115 | ov_115 | 6.113058429717027 × 10^285 |
| 116 | ov_116 | 4.302110273500422 × 10^285 |
| 117 | ov_117 | 3.016889301656014 × 10^285 |
| 118 | ov_118 | 2.132318950605018 × 10^285 |
| 119 | ov_119 | 1.5333022392035488 × 10^285 |
| 120 | ov_120 | 1.1147041023602736 × 10^285 |
| 121 | ov_121 | 7.813417983555073 × 10^284 |
| 122 | ov_122 | 5.23271805117981 × 10^284 |
| 123 | ov_123 | 3.305527175739565 × 10^284 |
| 124 | ov_124 | 1.9324432441330595 × 10^284 |
| 125 | ov_125 | 1.014070030008565 × 10^284 |
| 126 | ov_126 | 4.510137186022942 × 10^283 |
| 127 | aaa_77_28 | 1.4388126463523945 × 10^283 |
| 128 | aaa_77_29 | 5.386393359005011 × 10^282 |
| 129 | ov_129 | 4.8822496275194697 × 10^282 |
| 130 | ov_130 | 4.8822376778746254 × 10^282 |
| 131 | ov_131 | 4.882233846112051 × 10^282 |
| 132 | ov_132 | 4.210215761102109 × 10^282 |
| 133 | ov_133 | 3.610374791657939 × 10^282 |
| 134 | ov_134 | 3.07713046160572 × 10^282 |
| 135 | ov_135 | 2.6052085339716152 × 10^282 |
| 136 | ov_136 | 2.189618635604573 × 10^282 |
| 137 | ov_137 | 1.8256348680932637 × 10^282 |
| 138 | ov_138 | 1.508779143673368 × 10^282 |
| 139 | ov_139 | 1.234806980899937 × 10^282 |
| 140 | ov_140 | 9.996955088700844 × 10^281 |
| 141 | ov_141 | 7.996334424222177 × 10^281 |
| 142 | ov_142 | 6.3101280409370035 × 10^281 |
| 143 | ov_143 | 4.904221817597105 × 10^281 |
| 144 | ov_144 | 3.746413238600406 × 10^281 |
| 145 | ov_145 | 2.806368869942859 × 10^281 |
| 146 | ov_146 | 2.055591634652951 × 10^281 |
| 147 | ov_147 | 1.4673962910242121 × 10^281 |
| 148 | ov_148 | 1.0168916441813403 × 10^281 |
| 149 | ov_149 | 6.809681485550406 × 10^280 |
| 150 | ov_150 | 4.382896857675963 × 10^280 |
| 151 | ov_151 | 2.692884292858829 × 10^280 |
| 152 | ov_152 | 1.5616183400592027 × 10^280 |
| 153 | ov_153 | 8.287095205648088 × 10^279 |
| 154 | ov_154 | 4.183705933104716 × 10^279 |
| 155 | ov_155 | 2.0546023029644747 × 10^279 |
| 156 | aaa_76_25 | 8.245572548279867 × 10^278 |
| 157 | aaa_76_26 | 5.071492697529816 × 10^278 |
| 158 | aaa_76_27 | 2.778206243534621 × 10^278 |
| 159 | aaa_76_28 | 1.3078068481315423 × 10^278 |
| 160 | aaa_76_29 | 4.918433809751974 × 10^277 |

### Output Bits Sorted by Complexity

| Rank | Output Bit | Complexity |
|:----:|:----------:|:----------:|
| 160 | aaa_76_29 | 4.918433809751974 × 10^277 |
| 159 | aaa_76_28 | 1.3078068481315423 × 10^278 |
| 158 | aaa_76_27 | 2.778206243534621 × 10^278 |
| 157 | aaa_76_26 | 5.071492697529816 × 10^278 |
| 156 | aaa_76_25 | 8.245572548279867 × 10^278 |
| 155 | ov_155 | 2.0546023029644747 × 10^279 |
| 154 | ov_154 | 4.183705933104716 × 10^279 |
| 153 | ov_153 | 8.287095205648088 × 10^279 |
| 152 | ov_152 | 1.5616183400592027 × 10^280 |
| 151 | ov_151 | 2.692884292858829 × 10^280 |
| 150 | ov_150 | 4.382896857675963 × 10^280 |
| 149 | ov_149 | 6.809681485550406 × 10^280 |
| 148 | ov_148 | 1.0168916441813403 × 10^281 |
| 147 | ov_147 | 1.4673962910242121 × 10^281 |
| 146 | ov_146 | 2.055591634652951 × 10^281 |
| 145 | ov_145 | 2.806368869942859 × 10^281 |
| 144 | ov_144 | 3.746413238600406 × 10^281 |
| 143 | ov_143 | 4.904221817597105 × 10^281 |
| 142 | ov_142 | 6.3101280409370035 × 10^281 |
| 141 | ov_141 | 7.996334424222177 × 10^281 |
| 140 | ov_140 | 9.996955088700844 × 10^281 |
| 139 | ov_139 | 1.234806980899937 × 10^282 |
| 138 | ov_138 | 1.508779143673368 × 10^282 |
| 137 | ov_137 | 1.8256348680932637 × 10^282 |
| 136 | ov_136 | 2.189618635604573 × 10^282 |
| 135 | ov_135 | 2.6052085339716152 × 10^282 |
| 134 | ov_134 | 3.07713046160572 × 10^282 |
| 133 | ov_133 | 3.610374791657939 × 10^282 |
| 132 | ov_132 | 4.210215761102109 × 10^282 |
| 131 | ov_131 | 4.882233846112051 × 10^282 |
| 130 | ov_130 | 4.8822376778746254 × 10^282 |
| 129 | ov_129 | 4.8822496275194697 × 10^282 |
| 128 | aaa_77_29 | 5.386393359005011 × 10^282 |
| 127 | aaa_77_28 | 1.4388126463523945 × 10^283 |
| 126 | ov_126 | 4.510137186022942 × 10^283 |
| 125 | ov_125 | 1.014070030008565 × 10^284 |
| 124 | ov_124 | 1.9324432441330595 × 10^284 |
| 123 | ov_123 | 3.305527175739565 × 10^284 |
| 122 | ov_122 | 5.23271805117981 × 10^284 |
| 121 | ov_121 | 7.813417983555073 × 10^284 |
| 120 | ov_120 | 1.1147041023602736 × 10^285 |
| 119 | ov_119 | 1.5333022392035488 × 10^285 |
| 118 | ov_118 | 2.132318950605018 × 10^285 |
| 117 | ov_117 | 3.016889301656014 × 10^285 |
| 116 | ov_116 | 4.302110273500422 × 10^285 |
| 115 | ov_115 | 6.113058429717027 × 10^285 |
| 114 | ov_114 | 8.58481999240514 × 10^285 |
| 113 | ov_113 | 1.186253769910942 × 10^286 |
| 112 | ov_112 | 1.610148018658977 × 10^286 |
| 111 | ov_111 | 2.1467141022718615 × 10^286 |
| 110 | ov_110 | 2.813537521403945 × 10^286 |
| 109 | ov_109 | 3.6292581724056386 × 10^286 |
| 108 | ov_108 | 4.613594124701054 × 10^286 |
| 107 | ov_107 | 5.787371919498308 × 10^286 |
| 106 | ov_106 | 7.172564457432964 × 10^286 |
| 105 | ov_105 | 8.7923376152865 × 10^286 |
| 104 | ov_104 | 1.0671106805456953 × 10^287 |
| 103 | ov_103 | 1.2834604766717087 × 10^287 |
| 102 | ov_102 | 1.5309961951373586 × 10^287 |
| 101 | ov_101 | 1.812580095270112 × 10^287 |
| 100 | ov_100 | 2.131234649800222 × 10^287 |
| 99 | ov_099 | 2.490155261745339 × 10^287 |
| 98 | ov_098 | 2.490159417644322 × 10^287 |
| 97 | ov_097 | 2.4901724486615666 × 10^287 |
| 96 | aaa_78_29 | 2.8173612698774472 × 10^287 |
| 95 | aaa_78_28 | 7.540735953490551 × 10^287 |
| 94 | ov_094 | 2.3668908941624915 × 10^288 |
| 93 | ov_093 | 5.328508126194772 × 10^288 |
| 92 | ov_092 | 1.0164875718804713 × 10^289 |
| 91 | ov_091 | 1.7401952510924243 × 10^289 |
| 90 | ov_090 | 2.996643301042375 × 10^289 |
| 89 | ov_089 | 5.423775642688841 × 10^289 |
| 88 | ov_088 | 9.764759449550611 × 10^289 |
| 87 | ov_087 | 1.6470129177341226 × 10^290 |
| 86 | ov_086 | 2.6493633223406274 × 10^290 |
| 85 | ov_085 | 4.089443488118608 × 10^290 |
| 84 | ov_084 | 6.083724635603261 × 10^290 |
| 83 | ov_083 | 8.759251109255692 × 10^290 |
| 82 | ov_082 | 1.2253664236794288 × 10^291 |
| 81 | ov_081 | 1.671523346307786 × 10^291 |
| 80 | ov_080 | 2.230289906328517 × 10^291 |
| 64 | lv_79_m31 | 2.4697412009806618 × 10^291 |
| 79 | ov_079 | 2.9186333695536474 × 10^291 |
| 78 | ov_078 | 3.7546031602732217 × 10^291 |
| 77 | ov_077 | 4.757343507126356 × 10^291 |
| 76 | ov_076 | 5.947110855412565 × 10^291 |
| 75 | ov_075 | 7.345297166901985 × 10^291 |
| 74 | ov_074 | 8.974460308986477 × 10^291 |
| 73 | ov_073 | 1.0858362816485712 × 10^292 |
| 63 | ov_063 | 1.268250345724554 × 10^292 |
| 72 | ov_072 | 1.3022020391852834 × 10^292 |
| 71 | ov_071 | 1.5491761593249044 × 10^292 |
| 70 | ov_070 | 1.8295300245381368 × 10^292 |
| 69 | ov_069 | 2.1461822195606766 × 10^292 |
| 68 | ov_068 | 2.502208812816417 × 10^292 |
| 67 | ov_067 | 2.9008554243158436 × 10^292 |
| 66 | ov_066 | 2.900857587813805 × 10^292 |
| 65 | ov_065 | 2.9008643901669127 × 10^292 |
| 62 | ov_062 | 5.736766934092924 × 10^292 |
| 61 | ov_061 | 1.8999834905705478 × 10^293 |
| 60 | ov_060 | 5.0753464162947496 × 10^293 |
| 59 | ov_059 | 1.1619568548383712 × 10^294 |
| 58 | ov_058 | 2.3642520828635856 × 10^294 |
| 57 | ov_057 | 4.38441464608009 × 10^294 |
| 56 | ov_056 | 7.551447477186555 × 10^294 |
| 55 | ov_055 | 1.2582368457385485 × 10^295 |
| 54 | ov_054 | 1.992421149335357 × 10^295 |
| 53 | ov_053 | 3.0530075730379847 × 10^295 |
| 52 | ov_052 | 4.54711428508236 × 10^295 |
| 51 | ov_051 | 6.593672882481623 × 10^295 |
| 50 | ov_050 | 9.323437242877898 × 10^295 |
| 49 | ov_049 | 1.287899964086694 × 10^296 |
| 48 | ov_048 | 1.7414819015428891 × 10^296 |
| 47 | ov_047 | 2.3097266561366425 × 10^296 |
| 32 | lv_80_k31 | 2.6350354911440612 × 10^296 |
| 46 | ov_046 | 3.0104694660041476 × 10^296 |
| 45 | ov_045 | 3.862753680351237 × 10^296 |
| 44 | ov_044 | 4.877019569190708 × 10^296 |
| 43 | ov_043 | 6.06433334095288 × 10^296 |
| 42 | ov_042 | 7.436401268735812 × 10^296 |
| 41 | ov_041 | 9.017293969016383 × 10^296 |
| 40 | ov_040 | 1.0820056376260926 × 10^297 |
| 31 | ov_031 | 1.0878215777302547 × 10^297 |
| 39 | ov_039 | 1.2871486665278846 × 10^297 |
| 38 | ov_038 | 1.5199833253517234 × 10^297 |
| 37 | ov_037 | 1.7834868744877598 × 10^297 |
| 36 | ov_036 | 2.0807978048129957 × 10^297 |
| 35 | ov_035 | 2.4152262336418687 × 10^297 |
| 34 | ov_034 | 2.7902660606567103 × 10^297 |
| 33 | ov_033 | 3.209609069189297 × 10^297 |
| 30 | ov_030 | 4.4898259533754006 × 10^297 |
| 29 | ov_029 | 1.3564092611092216 × 10^298 |
| 28 | ov_028 | 3.290904858044207 × 10^298 |
| 27 | ov_027 | 6.833684921189949 × 10^298 |
| 26 | ov_026 | 1.4216185269126866 × 10^299 |
| 25 | ov_025 | 3.052443565141582 × 10^299 |
| 24 | ov_024 | 6.209080526698272 × 10^299 |
| 23 | ov_023 | 1.1649408874262916 × 10^300 |
| 22 | ov_022 | 2.0255971110997767 × 10^300 |
| 21 | ov_021 | 3.30360152913881 × 10^300 |
| 20 | ov_020 | 5.1121574104313026 × 10^300 |
| 19 | ov_019 | 7.576959976822255 × 10^300 |
| 18 | ov_018 | 1.0836218198915382 × 10^301 |
| 17 | ov_017 | 1.5040688753338246 × 10^301 |
| 16 | ov_016 | 2.0353726915825806 × 10^301 |
| 15 | ov_015 | 2.695136037882691 × 10^301 |
| 14 | ov_014 | 3.502239370294054 × 10^301 |
| 13 | ov_013 | 4.4768552444435553 × 10^301 |
| 12 | ov_012 | 5.6404676946654 × 10^301 |
| 11 | ov_011 | 7.015897672972814 × 10^301 |
| 10 | ov_010 | 8.627335736154697 × 10^301 |
| 9 | ov_009 | 1.0500383264448061 × 10^302 |
| 8 | ov_008 | 1.2662103590866072 × 10^302 |
| 7 | ov_007 | 1.5141084418330785 × 10^302 |
| 6 | ov_006 | 1.7967512698152191 × 10^302 |
| 5 | ov_005 | 2.117326292256362 × 10^302 |
| 4 | ov_004 | 2.479199985961741 × 10^302 |
| 3 | ov_003 | 2.8859297044880544 × 10^302 |
| 2 | ov_002 | 3.3412772528464122 × 10^302 |
| 1 | ov_001 | 3.8472905347265657 × 10^302 |

