# Results for F001-F002-F003-F004-F005-F006-F007-F008-F009-F010-F011-F012-F013-F014-F015-F016-F017-F018-F019-F020-F021-F022-F023-F024-F025-F026-F027-F028-F029-F030-F031-F032-F033-F034-F035-F036-F037-F038-F039-F040-F041-F042-F043-F044-F045-F046-F047-F048-F049-F050-F051-F052-F053-F054-F055-F056-F057-F058-F059-F060-F061-F062-F063-F064-F065-F066-F067-F068-F069-F070-F071-F072-F073-F074-F075-F076-F077-F078-F079-F080-F081-F082-F083-F084-F085-F086-F087-F088-F089-F090-F091-F092-F093-F094-F095-F096-F097-F098-F099-F100-F101-F102-F103-F104-F105-F106-F107-F108-F109-F110-F111-F112-F113-F114-F115-F116-F117-F118-F119-F120-F121-F122-F123-F124-F125-F126-F127-F128-F129-F130-F131-F132-F133-F134-F135-F136-F137-F138-F139-F140-F141-F142-F143-F144-F145-F146-F147-F148-F149-F150-F151-F152-F153-F154-F155-F156-F157-F158-F159-F160-F161-F162-F163-F164-F165-F166-F167-F168-F169-F170-F171-F172-F173-F174-F175-F176-F177-F178-F179-F180-F181-F182-F183-F184-F185-F186-F187-F188-F189-F190-F191-F192-F193-F194-F195-F196-F197-F198-F199-F200-F201-F202-F203-F204-F205-F206-F207-F208-F209-F210-F211-F212-F213-F214-F215-F216-F217-F218-F219-F220-F221-F222-F223-F224-F225-F226-F227-F228-F229-F230-F231-F232-F233-F234-F235-F236-F237-F238-F239-F240-F241-F242-F243-F244-F245-F246-F247-F248-F249-F250-F251-F252-F253-F254-F255-F256-F257-F258-F259-F260-F261-F262-F263-F264-F265-F266-F267-F268-F269-F270-F271-F272-F273-F274-F275-F276-F277-F278-F279-F280-F281-F282-F283-F284-F285-F286-F287-F288-F289-F290-F291-F292-F293-F294-F295-F296-F297-F298-F299-F300-F301-F302-F303-F304-F305-F306-F307-F308-F309-F310-F311-F312-F313-F314-F315-F316-F317-F318-F319-F320-F321-F322-F323-F324-F325-F326-F327-F328-F329-F330-F331-F332-F333-F334-F335-F336-F337-F338-F339-F340-F341-F342-F343-F344-F345-F346-F347-F348-F349-F350-F351-F352-F353-F354-F355-F356-F357-F358-F359-F360-F361-F362-F363-F364-F365-F366-F367-F368-F369-F370-F371-F372-F373-F374-F375-F376-F377-F378-F379-F380-F381-F382-F383-F384-F385-F386-F387-F388-F389-F390-F391-F392-F393-F394-F395-F396-F397-F398-F399-F400-F401-F402-F403-F404-F405-F406-F407-F408-F409-F410-F411-F412-F413-F414-F415-F416-F417-F418-F419-F420-F421-F422-F423-F424-F425-F426-F427-F428-F429-F430-F431-F432-F433-F434-F435-F436-F437-F438-F439-F440-F441-F442-F443-F444-F445-F446-F447-F448-F449-F450-F451-F452-F453-F454-F455-F456-F457-F458-F459-F460-F461-F462-F463-F464-F465-F466-F467-F468-F469-F470-F471-F472-F473-F474-F475-F476-F477-F478-F479-F480-F481-F482-F483-F484-F485-F486-F487-F488-F489-F490-F491-F492-F493-F494-F495-F496-F500-T506-F508-F509-F510-F511-F512

## Summary

Number of input bits: 512  
Number of free input bits: 9  
Number of output bits: 160

Number of direct occurrences: 36605  
Number of assignments: 30874  
Number of operations: 11326999
(xor: 11298504,
and: 15365,
or: 13130)

Total complexity: 1.466287004159444 × 10^302

Least occurring input variable: iv_502 (3822)  
Most occurring input variable: iv_503 (4213)

Most co-occurring input variables: iv_503-iv_507 (2061)  
Least co-occurring input variables: iv_497-iv_502 (1743)

Potentially most occurring input variable: iv_497/iv_501 (4408)  
Potentially least occurring input variable: iv_504/iv_505 (4196)

Least output occurring input variable: iv_502 (68)  
Most output occurring input variable: iv_505 (88)

Most output co-occurring input variables: iv_503-iv_505 (49)  
Least output co-occurring input variables: iv_501-iv_502 (28)

Potentially most output occurring input variable: iv_504/iv_507 (91)  
Potentially least output occurring input variable: iv_501/iv_507 (68)

Least complex input bit: iv_507 (7.578314531068448 × 10^298)  
Most complex input bit: iv_505 (4.900833317197422 × 10^301)

Least complex output bit: aaa_76_29 (4.6061153251157306 × 10^276)  
Most complex output bit: ov_001 (2.3661885126254808 × 10^301)

Least complex input/output complexity: iv_507/aaa_76_29 (2.380611067347758 × 10^273)  
Most complex input/output complexity: iv_505/ov_001 (7.908612341614793 × 10^300)

## Input Bits

### Input Bits in Regular Order

| Input Bit | Complexity | Occurrences | Output Occurrences |
|:---------:|:----------:|:-----------:|:------------------:|
| iv_497 | 9.337644156115194 × 10^299 | 4034 | 74 |
| iv_498 | 1.8543825194280865 × 10^300 | 4012 | 85 |
| iv_499 | 3.365485067729223 × 10^300 | 4135 | 82 |
| iv_501 | 9.942782780481496 × 10^300 | 4178 | 74 |
| iv_502 | 1.6448960166304198 × 10^301 | 3822 | 68 |
| iv_503 | 2.660208288541299 × 10^301 | 4213 | 83 |
| iv_504 | 3.839712626369209 × 10^301 | 3933 | 71 |
| iv_505 | 4.900833317197422 × 10^301 | 4109 | 88 |
| iv_507 | 7.578314531068448 × 10^298 | 4169 | 76 |

### Input Bits Sorted by Complexity

| Input Bit | Complexity | Occurrences | Output Occurrences |
|:---------:|:----------:|:-----------:|:------------------:|
| iv_507 | 7.578314531068448 × 10^298 | 4169 | 76 |
| iv_497 | 9.337644156115194 × 10^299 | 4034 | 74 |
| iv_498 | 1.8543825194280865 × 10^300 | 4012 | 85 |
| iv_499 | 3.365485067729223 × 10^300 | 4135 | 82 |
| iv_501 | 9.942782780481496 × 10^300 | 4178 | 74 |
| iv_502 | 1.6448960166304198 × 10^301 | 3822 | 68 |
| iv_503 | 2.660208288541299 × 10^301 | 4213 | 83 |
| iv_504 | 3.839712626369209 × 10^301 | 3933 | 71 |
| iv_505 | 4.900833317197422 × 10^301 | 4109 | 88 |

### Input Bits Sorted by Occurrences

| Input Bit | Complexity | Occurrences | Output Occurrences |
|:---------:|:----------:|:-----------:|:------------------:|
| iv_502 | 1.6448960166304198 × 10^301 | 3822 | 68 |
| iv_504 | 3.839712626369209 × 10^301 | 3933 | 71 |
| iv_498 | 1.8543825194280865 × 10^300 | 4012 | 85 |
| iv_497 | 9.337644156115194 × 10^299 | 4034 | 74 |
| iv_505 | 4.900833317197422 × 10^301 | 4109 | 88 |
| iv_499 | 3.365485067729223 × 10^300 | 4135 | 82 |
| iv_507 | 7.578314531068448 × 10^298 | 4169 | 76 |
| iv_501 | 9.942782780481496 × 10^300 | 4178 | 74 |
| iv_503 | 2.660208288541299 × 10^301 | 4213 | 83 |

### Input Bits Sorted by Output Occurrences

| Input Bit | Complexity | Occurrences | Output Occurrences |
|:---------:|:----------:|:-----------:|:------------------:|
| iv_502 | 1.6448960166304198 × 10^301 | 3822 | 68 |
| iv_504 | 3.839712626369209 × 10^301 | 3933 | 71 |
| iv_501 | 9.942782780481496 × 10^300 | 4178 | 74 |
| iv_497 | 9.337644156115194 × 10^299 | 4034 | 74 |
| iv_507 | 7.578314531068448 × 10^298 | 4169 | 76 |
| iv_499 | 3.365485067729223 × 10^300 | 4135 | 82 |
| iv_503 | 2.660208288541299 × 10^301 | 4213 | 83 |
| iv_498 | 1.8543825194280865 × 10^300 | 4012 | 85 |
| iv_505 | 4.900833317197422 × 10^301 | 4109 | 88 |

## Input Bit Co-occurrences

### Input Bit Co-occurrences Sorted by Co-occurrences

| Input Bits | Co-occurrences | Potential Occurrences | Output Co-occurrences | Potential Output Occurrences |
|:----------:|:--------------:|:---------------------:|:---------------------:|:----------------------------:|
| iv_503-iv_507 | 2061 | 4260 | 41 | 77 |
| iv_499-iv_507 | 2018 | 4268 | 38 | 82 |
| iv_501-iv_503 | 2013 | 4365 | 39 | 79 |
| iv_501-iv_507 | 2011 | 4325 | 41 | 68 |
| iv_499-iv_501 | 1987 | 4339 | 39 | 78 |
| iv_501-iv_505 | 1984 | 4319 | 42 | 78 |
| iv_503-iv_505 | 1979 | 4364 | 49 | 73 |
| iv_499-iv_505 | 1977 | 4290 | 48 | 74 |
| iv_499-iv_503 | 1973 | 4402 | 46 | 73 |

### Input Bit Co-occurrences Sorted by Potential Occurrences

| Input Bits | Co-occurrences | Potential Occurrences | Output Co-occurrences | Potential Output Occurrences |
|:----------:|:--------------:|:---------------------:|:---------------------:|:----------------------------:|
| iv_504-iv_505 | 1923 | 4196 | 45 | 69 |
| iv_501-iv_504 | 1948 | 4215 | 32 | 81 |
| iv_497-iv_498 | 1915 | 4216 | 38 | 83 |
| iv_497-iv_499 | 1970 | 4229 | 42 | 72 |
| iv_502-iv_504 | 1761 | 4233 | 30 | 79 |
| iv_499-iv_504 | 1906 | 4256 | 37 | 79 |
| iv_502-iv_507 | 1867 | 4257 | 37 | 70 |
| iv_503-iv_507 | 2061 | 4260 | 41 | 77 |
| iv_498-iv_504 | 1842 | 4261 | 36 | 84 |

### Input Bit Output Co-occurrences Sorted by Output Co-occurrences

| Input Bits | Co-occurrences | Potential Occurrences | Output Co-occurrences | Potential Output Occurrences |
|:----------:|:--------------:|:---------------------:|:---------------------:|:----------------------------:|
| iv_503-iv_505 | 1979 | 4364 | 49 | 73 |
| iv_498-iv_505 | 1923 | 4275 | 48 | 77 |
| iv_499-iv_505 | 1977 | 4290 | 48 | 74 |
| iv_505-iv_507 | 1938 | 4402 | 46 | 72 |
| iv_499-iv_503 | 1973 | 4402 | 46 | 73 |
| iv_498-iv_503 | 1955 | 4315 | 45 | 78 |
| iv_504-iv_505 | 1923 | 4196 | 45 | 69 |
| iv_498-iv_499 | 1911 | 4325 | 44 | 79 |
| iv_498-iv_507 | 1932 | 4317 | 44 | 73 |

### Input Bit Output Co-occurrences Sorted by Potential Output Occurrences

| Input Bits | Co-occurrences | Potential Occurrences | Output Co-occurrences | Potential Output Occurrences |
|:----------:|:--------------:|:---------------------:|:---------------------:|:----------------------------:|
| iv_501-iv_507 | 2011 | 4325 | 41 | 68 |
| iv_504-iv_505 | 1923 | 4196 | 45 | 69 |
| iv_502-iv_507 | 1867 | 4257 | 37 | 70 |
| iv_505-iv_507 | 1938 | 4402 | 46 | 72 |
| iv_497-iv_499 | 1970 | 4229 | 42 | 72 |
| iv_498-iv_501 | 1922 | 4346 | 43 | 73 |
| iv_498-iv_507 | 1932 | 4317 | 44 | 73 |
| iv_499-iv_503 | 1973 | 4402 | 46 | 73 |
| iv_503-iv_505 | 1979 | 4364 | 49 | 73 |

## Output Bits

### Output Bits in Regular Order

| Rank | Output Bit | Complexity |
|:----:|:----------:|:----------:|
| 1 | ov_001 | 2.3661885126254808 × 10^301 |
| 2 | ov_002 | 2.0489010152275167 × 10^301 |
| 3 | ov_003 | 1.7649983467220205 × 10^301 |
| 4 | ov_004 | 1.511931211371497 × 10^301 |
| 5 | ov_005 | 1.2872896767149794 × 10^301 |
| 6 | ov_006 | 1.0887931855883958 × 10^301 |
| 7 | ov_007 | 9.14281871850489 × 10^300 |
| 8 | ov_008 | 7.617090964647685 × 10^300 |
| 9 | ov_009 | 6.29135100378729 × 10^300 |
| 10 | ov_010 | 5.147216516322594 × 10^300 |
| 11 | ov_011 | 4.167275695769896 × 10^300 |
| 12 | ov_012 | 3.335050299013601 × 10^300 |
| 13 | ov_013 | 2.634965610993536 × 10^300 |
| 14 | ov_014 | 2.052326361243476 × 10^300 |
| 15 | ov_015 | 1.5732976286854563 × 10^300 |
| 16 | ov_016 | 1.1848898382230219 × 10^300 |
| 17 | ov_017 | 8.749470629713673 × 10^299 |
| 18 | ov_018 | 6.321379995248457 × 10^299 |
| 19 | ov_019 | 4.459490852032261 × 10^299 |
| 20 | ov_020 | 3.066793069898124 × 10^299 |
| 21 | ov_021 | 2.054363637531066 × 10^299 |
| 22 | ov_022 | 1.3413391575294387 × 10^299 |
| 23 | ov_023 | 8.548968838667418 × 10^298 |
| 24 | ov_024 | 5.302423007259024 × 10^298 |
| 25 | ov_025 | 3.106015710297669 × 10^298 |
| 26 | ov_026 | 1.695922592530044 × 10^298 |
| 27 | ov_027 | 8.483955079850085 × 10^297 |
| 28 | ov_028 | 3.797570887230202 × 10^297 |
| 29 | ov_029 | 1.4639895393995288 × 10^297 |
| 30 | ov_030 | 4.4781237825431985 × 10^296 |
| 31 | ov_031 | 8.741617681721722 × 10^295 |
| 32 | lv_80_m31 | 1.7063263621906394 × 10^295 |
| 33 | ov_033 | 2.040277595203493 × 10^296 |
| 34 | ov_034 | 1.7711910061544665 × 10^296 |
| 35 | ov_035 | 1.5304671634315354 × 10^296 |
| 36 | ov_036 | 1.3155153469886107 × 10^296 |
| 37 | ov_037 | 1.1238841237496246 × 10^296 |
| 38 | ov_038 | 9.532514875157565 × 10^295 |
| 39 | ov_039 | 8.024876481182411 × 10^295 |
| 40 | ov_040 | 6.695051563460395 × 10^295 |
| 41 | ov_041 | 5.532878590101975 × 10^295 |
| 42 | ov_042 | 4.528719150166777 × 10^295 |
| 43 | ov_043 | 3.673434285216867 × 10^295 |
| 44 | ov_044 | 2.9501697719590473 × 10^295 |
| 45 | ov_045 | 2.3429863807972833 × 10^295 |
| 46 | ov_046 | 1.8368368633179502 × 10^295 |
| 47 | ov_047 | 1.4244180487509914 × 10^295 |
| 48 | ov_048 | 1.0924165741399444 × 10^295 |
| 49 | ov_049 | 8.283685199070337 × 10^294 |
| 50 | ov_050 | 6.206515944318953 × 10^294 |
| 51 | ov_051 | 4.584794141989015 × 10^294 |
| 52 | ov_052 | 3.3189734426085674 × 10^294 |
| 53 | ov_053 | 2.3613556692963076 × 10^294 |
| 54 | ov_054 | 1.6289485249288242 × 10^294 |
| 55 | ov_055 | 1.0823203559994527 × 10^294 |
| 56 | ov_056 | 6.861629101403307 × 10^293 |
| 57 | ov_057 | 4.092878836127909 × 10^293 |
| 58 | ov_058 | 2.246249348919706 × 10^293 |
| 59 | ov_059 | 1.0922064131400907 × 10^293 |
| 60 | ov_060 | 4.4238020540067895 × 10^292 |
| 61 | ov_061 | 1.4956356209932906 × 10^292 |
| 62 | ov_062 | 4.004940389959305 × 10^291 |
| 63 | ov_063 | 8.854737401042817 × 10^290 |
| 64 | lv_79_m31 | 1.7244992120082821 × 10^290 |
| 65 | ov_065 | 2.0396128468395796 × 10^291 |
| 66 | ov_066 | 2.039606692449909 × 10^291 |
| 67 | ov_067 | 2.0396052116586683 × 10^291 |
| 68 | ov_068 | 1.761677812923769 × 10^291 |
| 69 | ov_069 | 1.5133748816160195 × 10^291 |
| 70 | ov_070 | 1.2924517758667522 × 10^291 |
| 71 | ov_071 | 1.0967777206594034 × 10^291 |
| 72 | ov_072 | 9.243277994259165 × 10^290 |
| 73 | ov_073 | 7.731762367589361 × 10^290 |
| 74 | ov_074 | 6.414908298861921 × 10^290 |
| 75 | ov_075 | 5.275283940010534 × 10^290 |
| 76 | ov_076 | 4.296310937178904 × 10^290 |
| 77 | ov_077 | 3.4622353987369635 × 10^290 |
| 78 | ov_078 | 2.758105376724372 × 10^290 |
| 79 | ov_079 | 2.1697537880343466 × 10^290 |
| 80 | ov_080 | 1.6837857669131278 × 10^290 |
| 81 | ov_081 | 1.287569504786085 × 10^290 |
| 82 | ov_082 | 9.692296972389942 × 10^289 |
| 83 | ov_083 | 7.176427813440367 × 10^289 |
| 84 | ov_084 | 5.224332841813905 × 10^289 |
| 85 | ov_085 | 3.7397088229043715 × 10^289 |
| 86 | ov_086 | 2.6336802708846855 × 10^289 |
| 87 | ov_087 | 1.8247807382298402 × 10^289 |
| 88 | ov_088 | 1.2389385167165235 × 10^289 |
| 89 | ov_089 | 8.094661263156623 × 10^288 |
| 90 | ov_090 | 5.0486478743219045 × 10^288 |
| 91 | ov_091 | 2.973226811715242 × 10^288 |
| 92 | ov_092 | 1.627131039078385 × 10^288 |
| 93 | ov_093 | 8.059343016572914 × 10^287 |
| 94 | ov_094 | 3.420460316306475 × 10^287 |
| 95 | aaa_78_28 | 1.0470926891092857 × 10^287 |
| 96 | aaa_78_29 | 3.1719439191527676 × 10^286 |
| 97 | ov_097 | 1.67397429064155 × 10^286 |
| 98 | ov_098 | 1.6739640533600927 × 10^286 |
| 99 | ov_099 | 1.6739607871057113 × 10^286 |
| 100 | ov_100 | 1.4193178796300547 × 10^286 |
| 101 | ov_101 | 1.1949665725603473 × 10^286 |
| 102 | ov_102 | 9.983833067196206 × 10^285 |
| 103 | ov_103 | 8.27181711904741 × 10^285 |
| 104 | ov_104 | 6.791025878184318 × 10^285 |
| 105 | ov_105 | 5.520052255283021 × 10^285 |
| 106 | ov_106 | 4.4385994441936096 × 10^285 |
| 107 | ov_107 | 3.527417258793185 × 10^285 |
| 108 | ov_108 | 2.7682483103590706 × 10^285 |
| 109 | ov_109 | 2.143782957952799 × 10^285 |
| 110 | ov_110 | 1.6376220224654603 × 10^285 |
| 111 | ov_111 | 1.234246312304129 × 10^285 |
| 112 | ov_112 | 9.189920654460387 × 10^284 |
| 113 | ov_113 | 6.7803146894238465 × 10^284 |
| 114 | ov_114 | 4.9835747305402586 × 10^284 |
| 115 | ov_115 | 3.67772173137604 × 10^284 |
| 116 | ov_116 | 2.7487808822857176 × 10^284 |
| 117 | ov_117 | 2.090717210213869 × 10^284 |
| 118 | ov_118 | 1.605388396462074 × 10^284 |
| 119 | ov_119 | 1.2025102986024868 × 10^284 |
| 120 | ov_120 | 8.742666140431813 × 10^283 |
| 121 | ov_121 | 6.128523628797185 × 10^283 |
| 122 | ov_122 | 4.1046963318339194 × 10^283 |
| 123 | ov_123 | 2.5932459485874506 × 10^283 |
| 124 | ov_124 | 1.516255041072092 × 10^283 |
| 125 | ov_125 | 7.958148760285528 × 10^282 |
| 126 | ov_126 | 3.540194680125566 × 10^282 |
| 127 | aaa_77_28 | 1.1296349984936003 × 10^282 |
| 128 | aaa_77_29 | 4.230294369527279 × 10^281 |
| 129 | ov_129 | 3.868574114996412 × 10^281 |
| 130 | ov_130 | 3.8685651663422236 × 10^281 |
| 131 | ov_131 | 3.868562325434759 × 10^281 |
| 132 | ov_132 | 3.3427424095703576 × 10^281 |
| 133 | ov_133 | 2.872879154086767 × 10^281 |
| 134 | ov_134 | 2.4547237608597116 × 10^281 |
| 135 | ov_135 | 2.084246491511281 × 10^281 |
| 136 | ov_136 | 1.7576210533365813 × 10^281 |
| 137 | ov_137 | 1.4712113915384436 × 10^281 |
| 138 | ov_138 | 1.2215606306667794 × 10^281 |
| 139 | ov_139 | 1.0053819209244711 × 10^281 |
| 140 | ov_140 | 8.19550957476922 × 10^280 |
| 141 | ov_141 | 6.610999531665424 × 10^280 |
| 142 | ov_142 | 5.272128571500905 × 10^280 |
| 143 | ov_143 | 4.152216347177932 × 10^280 |
| 144 | ov_144 | 3.226034569514008 × 10^280 |
| 145 | ov_145 | 2.469786607809431 × 10^280 |
| 146 | ov_146 | 1.861093304203184 × 10^280 |
| 147 | ov_147 | 1.3789835228230403 × 10^280 |
| 148 | ov_148 | 1.0038880729919164 × 10^280 |
| 149 | ov_149 | 7.176358267738439 × 10^279 |
| 150 | ov_150 | 5.034511505231102 × 10^279 |
| 151 | ov_151 | 3.4595209549561097 × 10^279 |
| 152 | ov_152 | 2.311490590141696 × 10^279 |
| 153 | ov_153 | 1.4644380171978912 × 10^279 |
| 154 | ov_154 | 8.588494233341147 × 10^278 |
| 155 | ov_155 | 4.421629866614285 × 10^278 |
| 156 | aaa_76_25 | 1.6876725492824467 × 10^278 |
| 157 | aaa_76_26 | 9.585206507172865 × 10^277 |
| 158 | aaa_76_27 | 4.770150445662791 × 10^277 |
| 159 | aaa_76_28 | 1.7366957008025148 × 10^277 |
| 160 | aaa_76_29 | 4.6061153251157306 × 10^276 |

### Output Bits Sorted by Complexity

| Rank | Output Bit | Complexity |
|:----:|:----------:|:----------:|
| 160 | aaa_76_29 | 4.6061153251157306 × 10^276 |
| 159 | aaa_76_28 | 1.7366957008025148 × 10^277 |
| 158 | aaa_76_27 | 4.770150445662791 × 10^277 |
| 157 | aaa_76_26 | 9.585206507172865 × 10^277 |
| 156 | aaa_76_25 | 1.6876725492824467 × 10^278 |
| 155 | ov_155 | 4.421629866614285 × 10^278 |
| 154 | ov_154 | 8.588494233341147 × 10^278 |
| 153 | ov_153 | 1.4644380171978912 × 10^279 |
| 152 | ov_152 | 2.311490590141696 × 10^279 |
| 151 | ov_151 | 3.4595209549561097 × 10^279 |
| 150 | ov_150 | 5.034511505231102 × 10^279 |
| 149 | ov_149 | 7.176358267738439 × 10^279 |
| 148 | ov_148 | 1.0038880729919164 × 10^280 |
| 147 | ov_147 | 1.3789835228230403 × 10^280 |
| 146 | ov_146 | 1.861093304203184 × 10^280 |
| 145 | ov_145 | 2.469786607809431 × 10^280 |
| 144 | ov_144 | 3.226034569514008 × 10^280 |
| 143 | ov_143 | 4.152216347177932 × 10^280 |
| 142 | ov_142 | 5.272128571500905 × 10^280 |
| 141 | ov_141 | 6.610999531665424 × 10^280 |
| 140 | ov_140 | 8.19550957476922 × 10^280 |
| 139 | ov_139 | 1.0053819209244711 × 10^281 |
| 138 | ov_138 | 1.2215606306667794 × 10^281 |
| 137 | ov_137 | 1.4712113915384436 × 10^281 |
| 136 | ov_136 | 1.7576210533365813 × 10^281 |
| 135 | ov_135 | 2.084246491511281 × 10^281 |
| 134 | ov_134 | 2.4547237608597116 × 10^281 |
| 133 | ov_133 | 2.872879154086767 × 10^281 |
| 132 | ov_132 | 3.3427424095703576 × 10^281 |
| 131 | ov_131 | 3.868562325434759 × 10^281 |
| 130 | ov_130 | 3.8685651663422236 × 10^281 |
| 129 | ov_129 | 3.868574114996412 × 10^281 |
| 128 | aaa_77_29 | 4.230294369527279 × 10^281 |
| 127 | aaa_77_28 | 1.1296349984936003 × 10^282 |
| 126 | ov_126 | 3.540194680125566 × 10^282 |
| 125 | ov_125 | 7.958148760285528 × 10^282 |
| 124 | ov_124 | 1.516255041072092 × 10^283 |
| 123 | ov_123 | 2.5932459485874506 × 10^283 |
| 122 | ov_122 | 4.1046963318339194 × 10^283 |
| 121 | ov_121 | 6.128523628797185 × 10^283 |
| 120 | ov_120 | 8.742666140431813 × 10^283 |
| 119 | ov_119 | 1.2025102986024868 × 10^284 |
| 118 | ov_118 | 1.605388396462074 × 10^284 |
| 117 | ov_117 | 2.090717210213869 × 10^284 |
| 116 | ov_116 | 2.7487808822857176 × 10^284 |
| 115 | ov_115 | 3.67772173137604 × 10^284 |
| 114 | ov_114 | 4.9835747305402586 × 10^284 |
| 113 | ov_113 | 6.7803146894238465 × 10^284 |
| 112 | ov_112 | 9.189920654460387 × 10^284 |
| 111 | ov_111 | 1.234246312304129 × 10^285 |
| 110 | ov_110 | 1.6376220224654603 × 10^285 |
| 109 | ov_109 | 2.143782957952799 × 10^285 |
| 108 | ov_108 | 2.7682483103590706 × 10^285 |
| 107 | ov_107 | 3.527417258793185 × 10^285 |
| 106 | ov_106 | 4.4385994441936096 × 10^285 |
| 105 | ov_105 | 5.520052255283021 × 10^285 |
| 104 | ov_104 | 6.791025878184318 × 10^285 |
| 103 | ov_103 | 8.27181711904741 × 10^285 |
| 102 | ov_102 | 9.983833067196206 × 10^285 |
| 101 | ov_101 | 1.1949665725603473 × 10^286 |
| 100 | ov_100 | 1.4193178796300547 × 10^286 |
| 99 | ov_099 | 1.6739607871057113 × 10^286 |
| 98 | ov_098 | 1.6739640533600927 × 10^286 |
| 97 | ov_097 | 1.67397429064155 × 10^286 |
| 96 | aaa_78_29 | 3.1719439191527676 × 10^286 |
| 95 | aaa_78_28 | 1.0470926891092857 × 10^287 |
| 94 | ov_094 | 3.420460316306475 × 10^287 |
| 93 | ov_093 | 8.059343016572914 × 10^287 |
| 92 | ov_092 | 1.627131039078385 × 10^288 |
| 91 | ov_091 | 2.973226811715242 × 10^288 |
| 90 | ov_090 | 5.0486478743219045 × 10^288 |
| 89 | ov_089 | 8.094661263156623 × 10^288 |
| 88 | ov_088 | 1.2389385167165235 × 10^289 |
| 87 | ov_087 | 1.8247807382298402 × 10^289 |
| 86 | ov_086 | 2.6336802708846855 × 10^289 |
| 85 | ov_085 | 3.7397088229043715 × 10^289 |
| 84 | ov_084 | 5.224332841813905 × 10^289 |
| 83 | ov_083 | 7.176427813440367 × 10^289 |
| 82 | ov_082 | 9.692296972389942 × 10^289 |
| 81 | ov_081 | 1.287569504786085 × 10^290 |
| 80 | ov_080 | 1.6837857669131278 × 10^290 |
| 64 | lv_79_m31 | 1.7244992120082821 × 10^290 |
| 79 | ov_079 | 2.1697537880343466 × 10^290 |
| 78 | ov_078 | 2.758105376724372 × 10^290 |
| 77 | ov_077 | 3.4622353987369635 × 10^290 |
| 76 | ov_076 | 4.296310937178904 × 10^290 |
| 75 | ov_075 | 5.275283940010534 × 10^290 |
| 74 | ov_074 | 6.414908298861921 × 10^290 |
| 73 | ov_073 | 7.731762367589361 × 10^290 |
| 63 | ov_063 | 8.854737401042817 × 10^290 |
| 72 | ov_072 | 9.243277994259165 × 10^290 |
| 71 | ov_071 | 1.0967777206594034 × 10^291 |
| 70 | ov_070 | 1.2924517758667522 × 10^291 |
| 69 | ov_069 | 1.5133748816160195 × 10^291 |
| 68 | ov_068 | 1.761677812923769 × 10^291 |
| 67 | ov_067 | 2.0396052116586683 × 10^291 |
| 66 | ov_066 | 2.039606692449909 × 10^291 |
| 65 | ov_065 | 2.0396128468395796 × 10^291 |
| 62 | ov_062 | 4.004940389959305 × 10^291 |
| 61 | ov_061 | 1.4956356209932906 × 10^292 |
| 60 | ov_060 | 4.4238020540067895 × 10^292 |
| 59 | ov_059 | 1.0922064131400907 × 10^293 |
| 58 | ov_058 | 2.246249348919706 × 10^293 |
| 57 | ov_057 | 4.092878836127909 × 10^293 |
| 56 | ov_056 | 6.861629101403307 × 10^293 |
| 55 | ov_055 | 1.0823203559994527 × 10^294 |
| 54 | ov_054 | 1.6289485249288242 × 10^294 |
| 53 | ov_053 | 2.3613556692963076 × 10^294 |
| 52 | ov_052 | 3.3189734426085674 × 10^294 |
| 51 | ov_051 | 4.584794141989015 × 10^294 |
| 50 | ov_050 | 6.206515944318953 × 10^294 |
| 49 | ov_049 | 8.283685199070337 × 10^294 |
| 48 | ov_048 | 1.0924165741399444 × 10^295 |
| 47 | ov_047 | 1.4244180487509914 × 10^295 |
| 32 | lv_80_m31 | 1.7063263621906394 × 10^295 |
| 46 | ov_046 | 1.8368368633179502 × 10^295 |
| 45 | ov_045 | 2.3429863807972833 × 10^295 |
| 44 | ov_044 | 2.9501697719590473 × 10^295 |
| 43 | ov_043 | 3.673434285216867 × 10^295 |
| 42 | ov_042 | 4.528719150166777 × 10^295 |
| 41 | ov_041 | 5.532878590101975 × 10^295 |
| 40 | ov_040 | 6.695051563460395 × 10^295 |
| 39 | ov_039 | 8.024876481182411 × 10^295 |
| 31 | ov_031 | 8.741617681721722 × 10^295 |
| 38 | ov_038 | 9.532514875157565 × 10^295 |
| 37 | ov_037 | 1.1238841237496246 × 10^296 |
| 36 | ov_036 | 1.3155153469886107 × 10^296 |
| 35 | ov_035 | 1.5304671634315354 × 10^296 |
| 34 | ov_034 | 1.7711910061544665 × 10^296 |
| 33 | ov_033 | 2.040277595203493 × 10^296 |
| 30 | ov_030 | 4.4781237825431985 × 10^296 |
| 29 | ov_029 | 1.4639895393995288 × 10^297 |
| 28 | ov_028 | 3.797570887230202 × 10^297 |
| 27 | ov_027 | 8.483955079850085 × 10^297 |
| 26 | ov_026 | 1.695922592530044 × 10^298 |
| 25 | ov_025 | 3.106015710297669 × 10^298 |
| 24 | ov_024 | 5.302423007259024 × 10^298 |
| 23 | ov_023 | 8.548968838667418 × 10^298 |
| 22 | ov_022 | 1.3413391575294387 × 10^299 |
| 21 | ov_021 | 2.054363637531066 × 10^299 |
| 20 | ov_020 | 3.066793069898124 × 10^299 |
| 19 | ov_019 | 4.459490852032261 × 10^299 |
| 18 | ov_018 | 6.321379995248457 × 10^299 |
| 17 | ov_017 | 8.749470629713673 × 10^299 |
| 16 | ov_016 | 1.1848898382230219 × 10^300 |
| 15 | ov_015 | 1.5732976286854563 × 10^300 |
| 14 | ov_014 | 2.052326361243476 × 10^300 |
| 13 | ov_013 | 2.634965610993536 × 10^300 |
| 12 | ov_012 | 3.335050299013601 × 10^300 |
| 11 | ov_011 | 4.167275695769896 × 10^300 |
| 10 | ov_010 | 5.147216516322594 × 10^300 |
| 9 | ov_009 | 6.29135100378729 × 10^300 |
| 8 | ov_008 | 7.617090964647685 × 10^300 |
| 7 | ov_007 | 9.14281871850489 × 10^300 |
| 6 | ov_006 | 1.0887931855883958 × 10^301 |
| 5 | ov_005 | 1.2872896767149794 × 10^301 |
| 4 | ov_004 | 1.511931211371497 × 10^301 |
| 3 | ov_003 | 1.7649983467220205 × 10^301 |
| 2 | ov_002 | 2.0489010152275167 × 10^301 |
| 1 | ov_001 | 2.3661885126254808 × 10^301 |

