# Results for F001-F002-F003-F004-F005-F006-F007-F008-F009-F010-F011-F012-F013-F014-F015-F016-F017-F018-F019-F020-F021-F022-F023-F024-F025-F026-F027-F028-F029-F030-F031-F032-F033-F034-F035-F036-F037-F038-F039-F040-F041-F042-F043-F044-F045-F046-F047-F048-F049-F050-F051-F052-F053-F054-F055-F056-F057-F058-F059-F060-F061-F062-F063-F064-F065-F066-F067-F068-F069-F070-F071-F072-F073-F074-F075-F076-F077-F078-F079-F080-F081-F082-F083-F084-F085-F086-F087-F088-F089-F090-F091-F092-F093-F094-F095-F096-F097-F098-F099-F100-F101-F102-F103-F104-F105-F106-F107-F108-F109-F110-F111-F112-F113-F114-F115-F116-F117-F118-F119-F120-F121-F122-F123-F124-F125-F126-F127-F128-F129-F130-F131-F132-F133-F134-F135-F136-F137-F138-F139-F140-F141-F142-F143-F144-F145-F146-F147-F148-F149-F150-F151-F152-F153-F154-F155-F156-F157-F158-F159-F160-F161-F162-F163-F164-F165-F166-F167-F168-F169-F170-F171-F172-F173-F174-F175-F176-F177-F178-F179-F180-F181-F182-F183-F184-F185-F186-F187-F188-F189-F190-F191-F192-F193-F194-F195-F196-F197-F198-F199-F200-F201-F202-F203-F204-F205-F206-F207-F208-F209-F210-F211-F212-F213-F214-F215-F216-F217-F218-F219-F220-F221-F222-F223-F224-F225-F226-F227-F228-F229-F230-F231-F232-F233-F234-F235-F236-F237-F238-F239-F240-F241-F242-F243-F244-F245-F246-F247-F248-F249-F250-F251-F252-F253-F254-F255-F256-F257-F258-F259-F260-F261-F262-F263-F264-F265-F266-F267-F268-F269-F270-F271-F272-F273-F274-F275-F276-F277-F278-F279-F280-F281-F282-F283-F284-F285-F286-F287-F288-F289-F290-F291-F292-F293-F294-F295-F296-F297-F298-F299-F300-F301-F302-F303-F304-F305-F306-F307-F308-F309-F310-F311-F312-F313-F314-F315-F316-F317-F318-F319-F320-F321-F322-F323-F324-F325-F326-F327-F328-F329-F330-F331-F332-F333-F334-F335-F336-F337-F338-F339-F340-F341-F342-F343-F344-F345-F346-F347-F348-F349-F350-F351-F352-F353-F354-F355-F356-F357-F358-F359-F360-F361-F362-F363-F364-F365-F366-F367-F368-F369-F370-F371-F372-F373-F374-F375-F376-F377-F378-F379-F380-F381-F382-F383-F384-F385-F386-F387-F388-F389-F390-F391-F392-F393-F394-F395-F396-F397-F398-F399-F400-F401-F402-F403-F404-F405-F406-F407-F408-F409-F410-F411-F412-F413-F414-F415-F416-F417-F418-F419-F420-F421-F422-F423-F424-F425-F426-F427-F428-F429-F430-F431-F432-F433-F434-F435-F436-F437-F438-F439-F440-F441-F442-F443-F444-F445-F446-F447-F448-F449-F450-F451-F452-F453-F454-F455-F456-F457-F458-F459-F460-F461-F462-F463-F464-F465-F466-F467-F468-F469-F470-F471-F472-F473-F474-F475-F476-F477-F478-F479-F480-F481-F482-F483-F484-F485-F486-F487-F488-F489-F490-F491-F492-F493-F494-F495-F496-E497505-F507-F508-F509-F510-F511-F512

## Summary

Number of input bits: 512  
Number of free input bits: 9  
Number of output bits: 160

Number of direct occurrences: 35710  
Number of assignments: 30495  
Number of operations: 10552243
(xor: 10524488,
and: 14702,
or: 13053)

Total complexity: 8.667351515874612 × 10^293

Least occurring input variable: iv_502 (3805)  
Most occurring input variable: iv_497 (4147)

Most co-occurring input variables: iv_500-iv_501 (1989)  
Least co-occurring input variables: iv_499-iv_506 (1758)

Potentially most occurring input variable: iv_497/iv_498 (4444)  
Potentially least occurring input variable: iv_499/iv_504 (4033)

Least output occurring input variable: iv_502 (70)  
Most output occurring input variable: iv_504 (83)

Most output co-occurring input variables: iv_497-iv_506 (44)  
Least output co-occurring input variables: iv_498-iv_500 (29)

Potentially most output occurring input variable: iv_499/iv_503 (94)  
Potentially least output occurring input variable: iv_497/iv_506 (69)

Least complex input bit: iv_498 (9.922439309183675 × 10^291)  
Most complex input bit: iv_497 (2.8150208642195994 × 10^293)

Least complex output bit: aaa_76_29 (2.4879905973981772 × 10^269)  
Most complex output bit: ov_001 (1.41044447774586 × 10^293)

Least complex input/output complexity: iv_498/aaa_76_29 (2.84826750816416 × 10^267)  
Most complex input/output complexity:  (4.580904126717258 × 10^292)

## Input Bits

### Input Bits in Regular Order

| Input Bit | Complexity | Occurrences | Output Occurrences |
|:---------:|:----------:|:-----------:|:------------------:|
| iv_497 | 2.8150208642195994 × 10^293 | 4147 | 80 |
| iv_498 | 9.922439309183675 × 10^291 | 3941 | 74 |
| iv_499 | 1.796811964671573 × 10^292 | 3856 | 81 |
| iv_500 | 3.081398526112133 × 10^292 | 4031 | 76 |
| iv_501 | 5.170606779403521 × 10^292 | 3985 | 82 |
| iv_502 | 8.452225214948278 × 10^292 | 3805 | 70 |
| iv_503 | 1.3584832079312683 × 10^293 | 3994 | 79 |
| iv_504 | 2.1369645514637623 × 10^293 | 4009 | 83 |
| iv_506 | 4.075542506546012 × 10^292 | 3942 | 77 |

### Input Bits Sorted by Complexity

| Input Bit | Complexity | Occurrences | Output Occurrences |
|:---------:|:----------:|:-----------:|:------------------:|
| iv_498 | 9.922439309183675 × 10^291 | 3941 | 74 |
| iv_499 | 1.796811964671573 × 10^292 | 3856 | 81 |
| iv_500 | 3.081398526112133 × 10^292 | 4031 | 76 |
| iv_506 | 4.075542506546012 × 10^292 | 3942 | 77 |
| iv_501 | 5.170606779403521 × 10^292 | 3985 | 82 |
| iv_502 | 8.452225214948278 × 10^292 | 3805 | 70 |
| iv_503 | 1.3584832079312683 × 10^293 | 3994 | 79 |
| iv_504 | 2.1369645514637623 × 10^293 | 4009 | 83 |
| iv_497 | 2.8150208642195994 × 10^293 | 4147 | 80 |

### Input Bits Sorted by Occurrences

| Input Bit | Complexity | Occurrences | Output Occurrences |
|:---------:|:----------:|:-----------:|:------------------:|
| iv_502 | 8.452225214948278 × 10^292 | 3805 | 70 |
| iv_499 | 1.796811964671573 × 10^292 | 3856 | 81 |
| iv_498 | 9.922439309183675 × 10^291 | 3941 | 74 |
| iv_506 | 4.075542506546012 × 10^292 | 3942 | 77 |
| iv_501 | 5.170606779403521 × 10^292 | 3985 | 82 |
| iv_503 | 1.3584832079312683 × 10^293 | 3994 | 79 |
| iv_504 | 2.1369645514637623 × 10^293 | 4009 | 83 |
| iv_500 | 3.081398526112133 × 10^292 | 4031 | 76 |
| iv_497 | 2.8150208642195994 × 10^293 | 4147 | 80 |

### Input Bits Sorted by Output Occurrences

| Input Bit | Complexity | Occurrences | Output Occurrences |
|:---------:|:----------:|:-----------:|:------------------:|
| iv_502 | 8.452225214948278 × 10^292 | 3805 | 70 |
| iv_498 | 9.922439309183675 × 10^291 | 3941 | 74 |
| iv_500 | 3.081398526112133 × 10^292 | 4031 | 76 |
| iv_506 | 4.075542506546012 × 10^292 | 3942 | 77 |
| iv_503 | 1.3584832079312683 × 10^293 | 3994 | 79 |
| iv_497 | 2.8150208642195994 × 10^293 | 4147 | 80 |
| iv_499 | 1.796811964671573 × 10^292 | 3856 | 81 |
| iv_501 | 5.170606779403521 × 10^292 | 3985 | 82 |
| iv_504 | 2.1369645514637623 × 10^293 | 4009 | 83 |

## Input Bit Co-occurrences

### Input Bit Co-occurrences Sorted by Co-occurrences

| Input Bits | Co-occurrences | Potential Occurrences | Output Co-occurrences | Potential Output Occurrences |
|:----------:|:--------------:|:---------------------:|:---------------------:|:----------------------------:|
| iv_500-iv_501 | 1989 | 4038 | 39 | 80 |
| iv_498-iv_504 | 1944 | 4062 | 39 | 79 |
| iv_497-iv_501 | 1942 | 4248 | 37 | 88 |
| iv_497-iv_500 | 1942 | 4294 | 43 | 70 |
| iv_500-iv_504 | 1940 | 4160 | 39 | 81 |
| iv_497-iv_504 | 1924 | 4308 | 41 | 81 |
| iv_500-iv_506 | 1922 | 4129 | 37 | 79 |
| iv_499-iv_504 | 1916 | 4033 | 42 | 80 |
| iv_501-iv_504 | 1912 | 4170 | 43 | 79 |

### Input Bit Co-occurrences Sorted by Potential Occurrences

| Input Bits | Co-occurrences | Potential Occurrences | Output Co-occurrences | Potential Output Occurrences |
|:----------:|:--------------:|:---------------------:|:---------------------:|:----------------------------:|
| iv_499-iv_504 | 1916 | 4033 | 42 | 80 |
| iv_500-iv_501 | 1989 | 4038 | 39 | 80 |
| iv_499-iv_502 | 1811 | 4039 | 37 | 77 |
| iv_498-iv_504 | 1944 | 4062 | 39 | 79 |
| iv_498-iv_499 | 1855 | 4087 | 39 | 77 |
| iv_500-iv_502 | 1871 | 4094 | 33 | 80 |
| iv_500-iv_506 | 1922 | 4129 | 37 | 79 |
| iv_501-iv_502 | 1828 | 4134 | 34 | 84 |
| iv_502-iv_506 | 1803 | 4141 | 34 | 79 |

### Input Bit Output Co-occurrences Sorted by Output Co-occurrences

| Input Bits | Co-occurrences | Potential Occurrences | Output Co-occurrences | Potential Output Occurrences |
|:----------:|:--------------:|:---------------------:|:---------------------:|:----------------------------:|
| iv_501-iv_503 | 1907 | 4165 | 44 | 73 |
| iv_497-iv_506 | 1851 | 4387 | 44 | 69 |
| iv_499-iv_501 | 1837 | 4167 | 43 | 77 |
| iv_501-iv_504 | 1912 | 4170 | 43 | 79 |
| iv_497-iv_500 | 1942 | 4294 | 43 | 70 |
| iv_499-iv_500 | 1851 | 4185 | 42 | 73 |
| iv_499-iv_504 | 1916 | 4033 | 42 | 80 |
| iv_497-iv_499 | 1806 | 4391 | 42 | 77 |
| iv_499-iv_506 | 1758 | 4282 | 41 | 76 |

### Input Bit Output Co-occurrences Sorted by Potential Output Occurrences

| Input Bits | Co-occurrences | Potential Occurrences | Output Co-occurrences | Potential Output Occurrences |
|:----------:|:--------------:|:---------------------:|:---------------------:|:----------------------------:|
| iv_497-iv_506 | 1851 | 4387 | 44 | 69 |
| iv_497-iv_500 | 1942 | 4294 | 43 | 70 |
| iv_499-iv_500 | 1851 | 4185 | 42 | 73 |
| iv_501-iv_503 | 1907 | 4165 | 44 | 73 |
| iv_498-iv_506 | 1858 | 4167 | 39 | 73 |
| iv_497-iv_502 | 1839 | 4274 | 37 | 76 |
| iv_499-iv_506 | 1758 | 4282 | 41 | 76 |
| iv_499-iv_501 | 1837 | 4167 | 43 | 77 |
| iv_501-iv_506 | 1837 | 4253 | 41 | 77 |

## Output Bits

### Output Bits in Regular Order

| Rank | Output Bit | Complexity |
|:----:|:----------:|:----------:|
| 1 | ov_001 | 1.41044447774586 × 10^293 |
| 2 | ov_002 | 1.2194309214075263 × 10^293 |
| 3 | ov_003 | 1.0487163381745065 × 10^293 |
| 4 | ov_004 | 8.967407663418259 × 10^292 |
| 5 | ov_005 | 7.620292785857823 × 10^292 |
| 6 | ov_006 | 6.431858387847092 × 10^292 |
| 7 | ov_007 | 5.388879710624331 × 10^292 |
| 8 | ov_008 | 4.4788219138953037 × 10^292 |
| 9 | ov_009 | 3.6898014001195475 × 10^292 |
| 10 | ov_010 | 3.010553416288326 × 10^292 |
| 11 | ov_011 | 2.430405193835154 × 10^292 |
| 12 | ov_012 | 1.939253929425572 × 10^292 |
| 13 | ov_013 | 1.5275489507494175 × 10^292 |
| 14 | ov_014 | 1.1862774522550679 × 10^292 |
| 15 | ov_015 | 9.069532261557979 × 10^291 |
| 16 | ov_016 | 6.816078541089211 × 10^291 |
| 17 | ov_017 | 5.027838647996765 × 10^291 |
| 18 | ov_018 | 3.63529425823754 × 10^291 |
| 19 | ov_019 | 2.5739424585074306 × 10^291 |
| 20 | ov_020 | 1.7842646317109144 × 10^291 |
| 21 | ov_021 | 1.2117034240216548 × 10^291 |
| 22 | ov_022 | 8.066462080763871 × 10^290 |
| 23 | ov_023 | 5.244136534874335 × 10^290 |
| 24 | ov_024 | 3.252522124221909 × 10^290 |
| 25 | ov_025 | 1.905158278052584 × 10^290 |
| 26 | ov_026 | 1.040181963530097 × 10^290 |
| 27 | ov_027 | 5.203193332552149 × 10^289 |
| 28 | ov_028 | 2.328822554819255 × 10^289 |
| 29 | ov_029 | 8.97671277014024 × 10^288 |
| 30 | ov_030 | 2.7454565926362437 × 10^288 |
| 31 | ov_031 | 5.3583047986539424 × 10^287 |
| 32 | lv_80_m31 | 1.0456916621291574 × 10^287 |
| 33 | ov_033 | 1.246343822153199 × 10^288 |
| 34 | ov_034 | 1.0812400846521571 × 10^288 |
| 35 | ov_035 | 9.334979899390327 × 10^287 |
| 36 | ov_036 | 8.015785769671157 × 10^287 |
| 37 | ov_037 | 6.8402476199259586 × 10^287 |
| 38 | ov_038 | 5.794555957696895 × 10^287 |
| 39 | ov_039 | 4.865613319884513 × 10^287 |
| 40 | ov_040 | 4.047043298283267 × 10^287 |
| 41 | ov_041 | 3.3327948397909874 × 10^287 |
| 42 | ov_042 | 2.717126024417679 × 10^287 |
| 43 | ov_043 | 2.1945905613162425 × 10^287 |
| 44 | ov_044 | 1.755140375169871 × 10^287 |
| 45 | ov_045 | 1.3892711059677327 × 10^287 |
| 46 | ov_046 | 1.08800914890349 × 10^287 |
| 47 | ov_047 | 8.429014945140857 × 10^286 |
| 48 | ov_048 | 6.460078899476008 × 10^286 |
| 49 | ov_049 | 4.898948792337287 × 10^286 |
| 50 | ov_050 | 3.676313167309621 × 10^286 |
| 51 | ov_051 | 2.7278500241205757 × 10^286 |
| 52 | ov_052 | 1.994201769973803 × 10^286 |
| 53 | ov_053 | 1.4209569747803034 × 10^286 |
| 54 | ov_054 | 9.821445620118928 × 10^285 |
| 55 | ov_055 | 6.54257489231889 × 10^285 |
| 56 | ov_056 | 4.162492959090786 × 10^285 |
| 57 | ov_057 | 2.4953195370171733 × 10^285 |
| 58 | ov_058 | 1.3797461749687236 × 10^285 |
| 59 | ov_059 | 6.790296202117998 × 10^284 |
| 60 | ov_060 | 2.809887398313297 × 10^284 |
| 61 | ov_061 | 9.80033856225708 × 10^283 |
| 62 | ov_062 | 2.684298478139871 × 10^283 |
| 63 | ov_063 | 5.2231853965500306 × 10^282 |
| 64 | lv_79_m31 | 1.0161001697996605 × 10^282 |
| 65 | ov_065 | 1.1984745266524768 × 10^283 |
| 66 | ov_066 | 1.1984704388906864 × 10^283 |
| 67 | ov_067 | 1.198469438340068 × 10^283 |
| 68 | ov_068 | 1.0312427892337441 × 10^283 |
| 69 | ov_069 | 8.826480610469305 × 10^282 |
| 70 | ov_070 | 7.511376296321127 × 10^282 |
| 71 | ov_071 | 6.352591582699535 × 10^282 |
| 72 | ov_072 | 5.336491411597991 × 10^282 |
| 73 | ov_073 | 4.450270164672642 × 10^282 |
| 74 | ov_074 | 3.68189819218898 × 10^282 |
| 75 | ov_075 | 3.020073453985035 × 10^282 |
| 76 | ov_076 | 2.4541779946249828 × 10^282 |
| 77 | ov_077 | 1.9742389818121506 × 10^282 |
| 78 | ov_078 | 1.5708940425589422 × 10^282 |
| 79 | ov_079 | 1.2353606358209065 × 10^282 |
| 80 | ov_080 | 9.594092035226428 × 10^281 |
| 81 | ov_081 | 7.353398443431976 × 10^281 |
| 82 | ov_082 | 5.559622564666326 × 10^281 |
| 83 | ov_083 | 4.1457869687701856 × 10^281 |
| 84 | ov_084 | 3.0496970578567874 × 10^281 |
| 85 | ov_085 | 2.2138234549836748 × 10^281 |
| 86 | ov_086 | 1.5852070352573219 × 10^281 |
| 87 | ov_087 | 1.1153841006718434 × 10^281 |
| 88 | ov_088 | 7.603292020242924 × 10^280 |
| 89 | ov_089 | 4.991330545990194 × 10^280 |
| 90 | ov_090 | 3.130757162342295 × 10^280 |
| 91 | ov_091 | 1.8561475485528783 × 10^280 |
| 92 | ov_092 | 1.0237787360814039 × 10^280 |
| 93 | ov_093 | 5.1158767589526723 × 10^279 |
| 94 | ov_094 | 2.1915089356232116 × 10^279 |
| 95 | aaa_78_28 | 6.767618934487804 × 10^278 |
| 96 | aaa_78_29 | 2.078575767352008 × 10^278 |
| 97 | ov_097 | 1.37301495354012 × 10^278 |
| 98 | ov_098 | 1.3729741165967397 × 10^278 |
| 99 | ov_099 | 1.372961095476402 × 10^278 |
| 100 | ov_100 | 1.2357125046610361 × 10^278 |
| 101 | ov_101 | 1.1085418322496629 × 10^278 |
| 102 | ov_102 | 9.909037636178972 × 10^277 |
| 103 | ov_103 | 8.822927704736117 × 10^277 |
| 104 | ov_104 | 7.822377085416172 × 10^277 |
| 105 | ov_105 | 6.902969273088629 × 10^277 |
| 106 | ov_106 | 6.060538663661361 × 10^277 |
| 107 | ov_107 | 5.291131136288779 × 10^277 |
| 108 | ov_108 | 4.5909690128775 × 10^277 |
| 109 | ov_109 | 3.956420157597166 × 10^277 |
| 110 | ov_110 | 3.383970982098606 × 10^277 |
| 111 | ov_111 | 2.870203124189646 × 10^277 |
| 112 | ov_112 | 2.4117735690621744 × 10^277 |
| 113 | ov_113 | 2.0053979830219677 × 10^277 |
| 114 | ov_114 | 1.64783703023067 × 10^277 |
| 115 | ov_115 | 1.3358854433584844 × 10^277 |
| 116 | ov_116 | 1.0663636193368276 × 10^277 |
| 117 | ov_117 | 8.361112673898275 × 10^276 |
| 118 | ov_118 | 6.41982420987192 × 10^276 |
| 119 | ov_119 | 4.808414267630545 × 10^276 |
| 120 | ov_120 | 3.4955979626564296 × 10^276 |
| 121 | ov_121 | 2.4501380643165706 × 10^276 |
| 122 | ov_122 | 1.6408273469331803 × 10^276 |
| 123 | ov_123 | 1.036476146299862 × 10^276 |
| 124 | ov_124 | 6.059039808112889 × 10^275 |
| 125 | ov_125 | 3.1793437151303364 × 10^275 |
| 126 | ov_126 | 1.4139220592957828 × 10^275 |
| 127 | aaa_77_28 | 4.51027287793955 × 10^274 |
| 128 | aaa_77_29 | 1.6882491732281545 × 10^274 |
| 129 | ov_129 | 1.5379028033306583 × 10^274 |
| 130 | ov_130 | 1.5378979712316785 × 10^274 |
| 131 | ov_131 | 1.53789680715082 × 10^274 |
| 132 | ov_132 | 1.3270224525115288 × 10^274 |
| 133 | ov_133 | 1.1388294559651885 × 10^274 |
| 134 | ov_134 | 9.715826383645878 × 10^273 |
| 135 | ov_135 | 8.236356113455642 × 10^273 |
| 136 | ov_136 | 6.934244079576697 × 10^273 |
| 137 | ov_137 | 5.794621117550166 × 10^273 |
| 138 | ov_138 | 4.8033437953682083 × 10^273 |
| 139 | ov_139 | 3.9469575809753225 × 10^273 |
| 140 | ov_140 | 3.2126670040944815 × 10^273 |
| 141 | ov_141 | 2.588311916473677 × 10^273 |
| 142 | ov_142 | 2.0623490039907677 × 10^273 |
| 143 | ov_143 | 1.6238377530468186 × 10^273 |
| 144 | ov_144 | 1.2624301224355908 × 10^273 |
| 145 | ov_145 | 9.683632204667091 × 10^272 |
| 146 | ov_146 | 7.324543355822639 × 10^272 |
| 147 | ov_147 | 5.4609771706936616 × 10^272 |
| 148 | ov_148 | 4.012625507548606 × 10^272 |
| 149 | ov_149 | 2.904916484497824 × 10^272 |
| 150 | ov_150 | 2.0690051471112983 × 10^272 |
| 151 | ov_151 | 1.4417663253371624 × 10^272 |
| 152 | ov_152 | 9.657891825129823 × 10^271 |
| 153 | ov_153 | 6.13796300519387 × 10^271 |
| 154 | ov_154 | 3.613645947739553 × 10^271 |
| 155 | ov_155 | 1.8692418527491292 × 10^271 |
| 156 | aaa_76_25 | 7.175773784552303 × 10^270 |
| 157 | aaa_76_26 | 4.1362313991972844 × 10^270 |
| 158 | aaa_76_27 | 2.1128323587256723 × 10^270 |
| 159 | aaa_76_28 | 8.203931156182314 × 10^269 |
| 160 | aaa_76_29 | 2.4879905973981772 × 10^269 |

### Output Bits Sorted by Complexity

| Rank | Output Bit | Complexity |
|:----:|:----------:|:----------:|
| 160 | aaa_76_29 | 2.4879905973981772 × 10^269 |
| 159 | aaa_76_28 | 8.203931156182314 × 10^269 |
| 158 | aaa_76_27 | 2.1128323587256723 × 10^270 |
| 157 | aaa_76_26 | 4.1362313991972844 × 10^270 |
| 156 | aaa_76_25 | 7.175773784552303 × 10^270 |
| 155 | ov_155 | 1.8692418527491292 × 10^271 |
| 154 | ov_154 | 3.613645947739553 × 10^271 |
| 153 | ov_153 | 6.13796300519387 × 10^271 |
| 152 | ov_152 | 9.657891825129823 × 10^271 |
| 151 | ov_151 | 1.4417663253371624 × 10^272 |
| 150 | ov_150 | 2.0690051471112983 × 10^272 |
| 149 | ov_149 | 2.904916484497824 × 10^272 |
| 148 | ov_148 | 4.012625507548606 × 10^272 |
| 147 | ov_147 | 5.4609771706936616 × 10^272 |
| 146 | ov_146 | 7.324543355822639 × 10^272 |
| 145 | ov_145 | 9.683632204667091 × 10^272 |
| 144 | ov_144 | 1.2624301224355908 × 10^273 |
| 143 | ov_143 | 1.6238377530468186 × 10^273 |
| 142 | ov_142 | 2.0623490039907677 × 10^273 |
| 141 | ov_141 | 2.588311916473677 × 10^273 |
| 140 | ov_140 | 3.2126670040944815 × 10^273 |
| 139 | ov_139 | 3.9469575809753225 × 10^273 |
| 138 | ov_138 | 4.8033437953682083 × 10^273 |
| 137 | ov_137 | 5.794621117550166 × 10^273 |
| 136 | ov_136 | 6.934244079576697 × 10^273 |
| 135 | ov_135 | 8.236356113455642 × 10^273 |
| 134 | ov_134 | 9.715826383645878 × 10^273 |
| 133 | ov_133 | 1.1388294559651885 × 10^274 |
| 132 | ov_132 | 1.3270224525115288 × 10^274 |
| 131 | ov_131 | 1.53789680715082 × 10^274 |
| 130 | ov_130 | 1.5378979712316785 × 10^274 |
| 129 | ov_129 | 1.5379028033306583 × 10^274 |
| 128 | aaa_77_29 | 1.6882491732281545 × 10^274 |
| 127 | aaa_77_28 | 4.51027287793955 × 10^274 |
| 126 | ov_126 | 1.4139220592957828 × 10^275 |
| 125 | ov_125 | 3.1793437151303364 × 10^275 |
| 124 | ov_124 | 6.059039808112889 × 10^275 |
| 123 | ov_123 | 1.036476146299862 × 10^276 |
| 122 | ov_122 | 1.6408273469331803 × 10^276 |
| 121 | ov_121 | 2.4501380643165706 × 10^276 |
| 120 | ov_120 | 3.4955979626564296 × 10^276 |
| 119 | ov_119 | 4.808414267630545 × 10^276 |
| 118 | ov_118 | 6.41982420987192 × 10^276 |
| 117 | ov_117 | 8.361112673898275 × 10^276 |
| 116 | ov_116 | 1.0663636193368276 × 10^277 |
| 115 | ov_115 | 1.3358854433584844 × 10^277 |
| 114 | ov_114 | 1.64783703023067 × 10^277 |
| 113 | ov_113 | 2.0053979830219677 × 10^277 |
| 112 | ov_112 | 2.4117735690621744 × 10^277 |
| 111 | ov_111 | 2.870203124189646 × 10^277 |
| 110 | ov_110 | 3.383970982098606 × 10^277 |
| 109 | ov_109 | 3.956420157597166 × 10^277 |
| 108 | ov_108 | 4.5909690128775 × 10^277 |
| 107 | ov_107 | 5.291131136288779 × 10^277 |
| 106 | ov_106 | 6.060538663661361 × 10^277 |
| 105 | ov_105 | 6.902969273088629 × 10^277 |
| 104 | ov_104 | 7.822377085416172 × 10^277 |
| 103 | ov_103 | 8.822927704736117 × 10^277 |
| 102 | ov_102 | 9.909037636178972 × 10^277 |
| 101 | ov_101 | 1.1085418322496629 × 10^278 |
| 100 | ov_100 | 1.2357125046610361 × 10^278 |
| 99 | ov_099 | 1.372961095476402 × 10^278 |
| 98 | ov_098 | 1.3729741165967397 × 10^278 |
| 97 | ov_097 | 1.37301495354012 × 10^278 |
| 96 | aaa_78_29 | 2.078575767352008 × 10^278 |
| 95 | aaa_78_28 | 6.767618934487804 × 10^278 |
| 94 | ov_094 | 2.1915089356232116 × 10^279 |
| 93 | ov_093 | 5.1158767589526723 × 10^279 |
| 92 | ov_092 | 1.0237787360814039 × 10^280 |
| 91 | ov_091 | 1.8561475485528783 × 10^280 |
| 90 | ov_090 | 3.130757162342295 × 10^280 |
| 89 | ov_089 | 4.991330545990194 × 10^280 |
| 88 | ov_088 | 7.603292020242924 × 10^280 |
| 87 | ov_087 | 1.1153841006718434 × 10^281 |
| 86 | ov_086 | 1.5852070352573219 × 10^281 |
| 85 | ov_085 | 2.2138234549836748 × 10^281 |
| 84 | ov_084 | 3.0496970578567874 × 10^281 |
| 83 | ov_083 | 4.1457869687701856 × 10^281 |
| 82 | ov_082 | 5.559622564666326 × 10^281 |
| 81 | ov_081 | 7.353398443431976 × 10^281 |
| 80 | ov_080 | 9.594092035226428 × 10^281 |
| 64 | lv_79_m31 | 1.0161001697996605 × 10^282 |
| 79 | ov_079 | 1.2353606358209065 × 10^282 |
| 78 | ov_078 | 1.5708940425589422 × 10^282 |
| 77 | ov_077 | 1.9742389818121506 × 10^282 |
| 76 | ov_076 | 2.4541779946249828 × 10^282 |
| 75 | ov_075 | 3.020073453985035 × 10^282 |
| 74 | ov_074 | 3.68189819218898 × 10^282 |
| 73 | ov_073 | 4.450270164672642 × 10^282 |
| 63 | ov_063 | 5.2231853965500306 × 10^282 |
| 72 | ov_072 | 5.336491411597991 × 10^282 |
| 71 | ov_071 | 6.352591582699535 × 10^282 |
| 70 | ov_070 | 7.511376296321127 × 10^282 |
| 69 | ov_069 | 8.826480610469305 × 10^282 |
| 68 | ov_068 | 1.0312427892337441 × 10^283 |
| 67 | ov_067 | 1.198469438340068 × 10^283 |
| 66 | ov_066 | 1.1984704388906864 × 10^283 |
| 65 | ov_065 | 1.1984745266524768 × 10^283 |
| 62 | ov_062 | 2.684298478139871 × 10^283 |
| 61 | ov_061 | 9.80033856225708 × 10^283 |
| 60 | ov_060 | 2.809887398313297 × 10^284 |
| 59 | ov_059 | 6.790296202117998 × 10^284 |
| 58 | ov_058 | 1.3797461749687236 × 10^285 |
| 57 | ov_057 | 2.4953195370171733 × 10^285 |
| 56 | ov_056 | 4.162492959090786 × 10^285 |
| 55 | ov_055 | 6.54257489231889 × 10^285 |
| 54 | ov_054 | 9.821445620118928 × 10^285 |
| 53 | ov_053 | 1.4209569747803034 × 10^286 |
| 52 | ov_052 | 1.994201769973803 × 10^286 |
| 51 | ov_051 | 2.7278500241205757 × 10^286 |
| 50 | ov_050 | 3.676313167309621 × 10^286 |
| 49 | ov_049 | 4.898948792337287 × 10^286 |
| 48 | ov_048 | 6.460078899476008 × 10^286 |
| 47 | ov_047 | 8.429014945140857 × 10^286 |
| 32 | lv_80_m31 | 1.0456916621291574 × 10^287 |
| 46 | ov_046 | 1.08800914890349 × 10^287 |
| 45 | ov_045 | 1.3892711059677327 × 10^287 |
| 44 | ov_044 | 1.755140375169871 × 10^287 |
| 43 | ov_043 | 2.1945905613162425 × 10^287 |
| 42 | ov_042 | 2.717126024417679 × 10^287 |
| 41 | ov_041 | 3.3327948397909874 × 10^287 |
| 40 | ov_040 | 4.047043298283267 × 10^287 |
| 39 | ov_039 | 4.865613319884513 × 10^287 |
| 31 | ov_031 | 5.3583047986539424 × 10^287 |
| 38 | ov_038 | 5.794555957696895 × 10^287 |
| 37 | ov_037 | 6.8402476199259586 × 10^287 |
| 36 | ov_036 | 8.015785769671157 × 10^287 |
| 35 | ov_035 | 9.334979899390327 × 10^287 |
| 34 | ov_034 | 1.0812400846521571 × 10^288 |
| 33 | ov_033 | 1.246343822153199 × 10^288 |
| 30 | ov_030 | 2.7454565926362437 × 10^288 |
| 29 | ov_029 | 8.97671277014024 × 10^288 |
| 28 | ov_028 | 2.328822554819255 × 10^289 |
| 27 | ov_027 | 5.203193332552149 × 10^289 |
| 26 | ov_026 | 1.040181963530097 × 10^290 |
| 25 | ov_025 | 1.905158278052584 × 10^290 |
| 24 | ov_024 | 3.252522124221909 × 10^290 |
| 23 | ov_023 | 5.244136534874335 × 10^290 |
| 22 | ov_022 | 8.066462080763871 × 10^290 |
| 21 | ov_021 | 1.2117034240216548 × 10^291 |
| 20 | ov_020 | 1.7842646317109144 × 10^291 |
| 19 | ov_019 | 2.5739424585074306 × 10^291 |
| 18 | ov_018 | 3.63529425823754 × 10^291 |
| 17 | ov_017 | 5.027838647996765 × 10^291 |
| 16 | ov_016 | 6.816078541089211 × 10^291 |
| 15 | ov_015 | 9.069532261557979 × 10^291 |
| 14 | ov_014 | 1.1862774522550679 × 10^292 |
| 13 | ov_013 | 1.5275489507494175 × 10^292 |
| 12 | ov_012 | 1.939253929425572 × 10^292 |
| 11 | ov_011 | 2.430405193835154 × 10^292 |
| 10 | ov_010 | 3.010553416288326 × 10^292 |
| 9 | ov_009 | 3.6898014001195475 × 10^292 |
| 8 | ov_008 | 4.4788219138953037 × 10^292 |
| 7 | ov_007 | 5.388879710624331 × 10^292 |
| 6 | ov_006 | 6.431858387847092 × 10^292 |
| 5 | ov_005 | 7.620292785857823 × 10^292 |
| 4 | ov_004 | 8.967407663418259 × 10^292 |
| 3 | ov_003 | 1.0487163381745065 × 10^293 |
| 2 | ov_002 | 1.2194309214075263 × 10^293 |
| 1 | ov_001 | 1.41044447774586 × 10^293 |

