# Results for F001-F002-F003-F004-F005-F006-F007-F008-F009-F010-F011-F012-F013-F014-F015-F016-F017-F018-F019-F020-F021-F022-F023-F024-F025-F026-F027-F028-F029-F030-F031-F032-F033-F034-F035-F036-F037-F038-F039-F040-F041-F042-F043-F044-F045-F046-F047-F048-F049-F050-F051-F052-F053-F054-F055-F056-F057-F058-F059-F060-F061-F062-F063-F064-F065-F066-F067-F068-F069-F070-F071-F072-F073-F074-F075-F076-F077-F078-F079-F080-F081-F082-F083-F084-F085-F086-F087-F088-F089-F090-F091-F092-F093-F094-F095-F096-F097-F098-F099-F100-F101-F102-F103-F104-F105-F106-F107-F108-F109-F110-F111-F112-F113-F114-F115-F116-F117-F118-F119-F120-F121-F122-F123-F124-F125-F126-F127-F128-F129-F130-F131-F132-F133-F134-F135-F136-F137-F138-F139-F140-F141-F142-F143-F144-F145-F146-F147-F148-F149-F150-F151-F152-F153-F154-F155-F156-F157-F158-F159-F160-F161-F162-F163-F164-F165-F166-F167-F168-F169-F170-F171-F172-F173-F174-F175-F176-F177-F178-F179-F180-F181-F182-F183-F184-F185-F186-F187-F188-F189-F190-F191-F192-F193-F194-F195-F196-F197-F198-F199-F200-F201-F202-F203-F204-F205-F206-F207-F208-F209-F210-F211-F212-F213-F214-F215-F216-F217-F218-F219-F220-F221-F222-F223-F224-F225-F226-F227-F228-F229-F230-F231-F232-F233-F234-F235-F236-F237-F238-F239-F240-F241-F242-F243-F244-F245-F246-F247-F248-F249-F250-F251-F252-F253-F254-F255-F256-F257-F258-F259-F260-F261-F262-F263-F264-F265-F266-F267-F268-F269-F270-F271-F272-F273-F274-F275-F276-F277-F278-F279-F280-F281-F282-F283-F284-F285-F286-F287-F288-F289-F290-F291-F292-F293-F294-F295-F296-F297-F298-F299-F300-F301-F302-F303-F304-F305-F306-F307-F308-F309-F310-F311-F312-F313-F314-F315-F316-F317-F318-F319-F320-F321-F322-F323-F324-F325-F326-F327-F328-F329-F330-F331-F332-F333-F334-F335-F336-F337-F338-F339-F340-F341-F342-F343-F344-F345-F346-F347-F348-F349-F350-F351-F352-F353-F354-F355-F356-F357-F358-F359-F360-F361-F362-F363-F364-F365-F366-F367-F368-F369-F370-F371-F372-F373-F374-F375-F376-F377-F378-F379-F380-F381-F382-F383-F384-F385-F386-F387-F388-F389-F390-F391-F392-F393-F394-F395-F396-F397-F398-F399-F400-F401-F402-F403-F404-F405-F406-F407-F408-F409-F410-F411-F412-F413-F414-F415-F416-F417-F418-F419-F420-F421-F422-F423-F424-F425-F426-F427-F428-F429-F430-F431-F432-F433-F434-F435-F436-F437-F438-F439-F440-F441-F442-F443-F444-F445-F446-F447-F448-F449-F450-F451-F452-F453-F454-F455-F456-F457-F458-F459-F460-F461-F462-F463-F464-F465-F466-F467-F468-F469-F470-F471-F472-F473-F474-F475-F476-F477-F478-F479-F480-F481-F482-F483-F484-F485-F486-F487-F488-F489-F490-F491-F492-F493-F494-F495-F496-O499505-E499507-O499508-F509-F510-F511-F512

## Summary

Number of input bits: 512  
Number of free input bits: 9  
Number of output bits: 160

Number of direct occurrences: 36875  
Number of assignments: 31092  
Number of operations: 11041257
(xor: 11013338,
and: 14630,
or: 13289)

Total complexity: 4.098644723769721 × 10^299

Least occurring input variable: iv_504 (3886)  
Most occurring input variable: iv_499 (4614)

Most co-occurring input variables: iv_499-iv_506 (2064)  
Least co-occurring input variables: iv_498-iv_502 (1761)

Potentially most occurring input variable: iv_499/iv_503 (4761)  
Potentially least occurring input variable: iv_504/iv_506 (4142)

Least output occurring input variable: iv_497 (74)  
Most output occurring input variable: iv_506 (95)

Most output co-occurring input variables: iv_499-iv_506 (54)  
Least output co-occurring input variables: iv_500-iv_501 (35)

Potentially most output occurring input variable: iv_498/iv_501 (96)  
Potentially least output occurring input variable: iv_499/iv_504 (64)

Least complex input bit: iv_497 (2.4522070530136485 × 10^297)  
Most complex input bit: iv_499 (1.470354215498626 × 10^299)

Least complex output bit: aaa_76_29 (1.9268994112780708 × 10^274)  
Most complex output bit: ov_001 (6.608406269404079 × 10^298)

Least complex input/output complexity: iv_497/aaa_76_29 (1.1528582361337163 × 10^272)  
Most complex input/output complexity: iv_499/ov_001 (2.3707099958175713 × 10^298)

## Input Bits

### Input Bits in Regular Order

| Input Bit | Complexity | Occurrences | Output Occurrences |
|:---------:|:----------:|:-----------:|:------------------:|
| iv_497 | 2.4522070530136485 × 10^297 | 4061 | 74 |
| iv_498 | 4.890199115794179 × 10^297 | 3923 | 89 |
| iv_499 | 1.470354215498626 × 10^299 | 4614 | 85 |
| iv_500 | 1.5039463244472885 × 10^298 | 3989 | 80 |
| iv_501 | 2.521292766319862 × 10^298 | 4105 | 77 |
| iv_502 | 4.1270015190103675 × 10^298 | 3948 | 90 |
| iv_503 | 6.617062021945217 × 10^298 | 4187 | 86 |
| iv_504 | 9.499888722163158 × 10^298 | 3886 | 83 |
| iv_506 | 1.2794731119443078 × 10^298 | 4162 | 95 |

### Input Bits Sorted by Complexity

| Input Bit | Complexity | Occurrences | Output Occurrences |
|:---------:|:----------:|:-----------:|:------------------:|
| iv_497 | 2.4522070530136485 × 10^297 | 4061 | 74 |
| iv_498 | 4.890199115794179 × 10^297 | 3923 | 89 |
| iv_506 | 1.2794731119443078 × 10^298 | 4162 | 95 |
| iv_500 | 1.5039463244472885 × 10^298 | 3989 | 80 |
| iv_501 | 2.521292766319862 × 10^298 | 4105 | 77 |
| iv_502 | 4.1270015190103675 × 10^298 | 3948 | 90 |
| iv_503 | 6.617062021945217 × 10^298 | 4187 | 86 |
| iv_504 | 9.499888722163158 × 10^298 | 3886 | 83 |
| iv_499 | 1.470354215498626 × 10^299 | 4614 | 85 |

### Input Bits Sorted by Occurrences

| Input Bit | Complexity | Occurrences | Output Occurrences |
|:---------:|:----------:|:-----------:|:------------------:|
| iv_504 | 9.499888722163158 × 10^298 | 3886 | 83 |
| iv_498 | 4.890199115794179 × 10^297 | 3923 | 89 |
| iv_502 | 4.1270015190103675 × 10^298 | 3948 | 90 |
| iv_500 | 1.5039463244472885 × 10^298 | 3989 | 80 |
| iv_497 | 2.4522070530136485 × 10^297 | 4061 | 74 |
| iv_501 | 2.521292766319862 × 10^298 | 4105 | 77 |
| iv_506 | 1.2794731119443078 × 10^298 | 4162 | 95 |
| iv_503 | 6.617062021945217 × 10^298 | 4187 | 86 |
| iv_499 | 1.470354215498626 × 10^299 | 4614 | 85 |

### Input Bits Sorted by Output Occurrences

| Input Bit | Complexity | Occurrences | Output Occurrences |
|:---------:|:----------:|:-----------:|:------------------:|
| iv_497 | 2.4522070530136485 × 10^297 | 4061 | 74 |
| iv_501 | 2.521292766319862 × 10^298 | 4105 | 77 |
| iv_500 | 1.5039463244472885 × 10^298 | 3989 | 80 |
| iv_504 | 9.499888722163158 × 10^298 | 3886 | 83 |
| iv_499 | 1.470354215498626 × 10^299 | 4614 | 85 |
| iv_503 | 6.617062021945217 × 10^298 | 4187 | 86 |
| iv_498 | 4.890199115794179 × 10^297 | 3923 | 89 |
| iv_502 | 4.1270015190103675 × 10^298 | 3948 | 90 |
| iv_506 | 1.2794731119443078 × 10^298 | 4162 | 95 |

## Input Bit Co-occurrences

### Input Bit Co-occurrences Sorted by Co-occurrences

| Input Bits | Co-occurrences | Potential Occurrences | Output Co-occurrences | Potential Output Occurrences |
|:----------:|:--------------:|:---------------------:|:---------------------:|:----------------------------:|
| iv_499-iv_506 | 2064 | 4648 | 54 | 72 |
| iv_497-iv_499 | 2042 | 4591 | 40 | 79 |
| iv_501-iv_503 | 2033 | 4226 | 41 | 81 |
| iv_499-iv_503 | 2020 | 4761 | 46 | 79 |
| iv_499-iv_500 | 2017 | 4569 | 39 | 87 |
| iv_499-iv_502 | 2008 | 4546 | 44 | 87 |
| iv_503-iv_506 | 2003 | 4343 | 51 | 79 |
| iv_499-iv_501 | 1992 | 4735 | 38 | 86 |
| iv_499-iv_504 | 1982 | 4536 | 52 | 64 |

### Input Bit Co-occurrences Sorted by Potential Occurrences

| Input Bits | Co-occurrences | Potential Occurrences | Output Co-occurrences | Potential Output Occurrences |
|:----------:|:--------------:|:---------------------:|:---------------------:|:----------------------------:|
| iv_504-iv_506 | 1953 | 4142 | 53 | 72 |
| iv_498-iv_504 | 1825 | 4159 | 49 | 74 |
| iv_500-iv_502 | 1883 | 4171 | 44 | 82 |
| iv_497-iv_502 | 1906 | 4197 | 42 | 80 |
| iv_502-iv_503 | 1968 | 4199 | 51 | 74 |
| iv_500-iv_504 | 1835 | 4205 | 43 | 77 |
| iv_497-iv_501 | 1980 | 4206 | 37 | 77 |
| iv_501-iv_503 | 2033 | 4226 | 41 | 81 |
| iv_502-iv_504 | 1800 | 4234 | 42 | 89 |

### Input Bit Output Co-occurrences Sorted by Output Co-occurrences

| Input Bits | Co-occurrences | Potential Occurrences | Output Co-occurrences | Potential Output Occurrences |
|:----------:|:--------------:|:---------------------:|:---------------------:|:----------------------------:|
| iv_499-iv_506 | 2064 | 4648 | 54 | 72 |
| iv_504-iv_506 | 1953 | 4142 | 53 | 72 |
| iv_499-iv_504 | 1982 | 4536 | 52 | 64 |
| iv_502-iv_503 | 1968 | 4199 | 51 | 74 |
| iv_502-iv_506 | 1909 | 4292 | 51 | 83 |
| iv_503-iv_506 | 2003 | 4343 | 51 | 79 |
| iv_500-iv_506 | 1917 | 4317 | 50 | 75 |
| iv_498-iv_504 | 1825 | 4159 | 49 | 74 |
| iv_498-iv_506 | 1924 | 4237 | 48 | 88 |

### Input Bit Output Co-occurrences Sorted by Potential Output Occurrences

| Input Bits | Co-occurrences | Potential Occurrences | Output Co-occurrences | Potential Output Occurrences |
|:----------:|:--------------:|:---------------------:|:---------------------:|:----------------------------:|
| iv_499-iv_504 | 1982 | 4536 | 52 | 64 |
| iv_501-iv_504 | 1871 | 4249 | 45 | 70 |
| iv_499-iv_506 | 2064 | 4648 | 54 | 72 |
| iv_504-iv_506 | 1953 | 4142 | 53 | 72 |
| iv_498-iv_504 | 1825 | 4159 | 49 | 74 |
| iv_502-iv_503 | 1968 | 4199 | 51 | 74 |
| iv_497-iv_498 | 1841 | 4302 | 44 | 75 |
| iv_500-iv_506 | 1917 | 4317 | 50 | 75 |
| iv_497-iv_501 | 1980 | 4206 | 37 | 77 |

## Output Bits

### Output Bits in Regular Order

| Rank | Output Bit | Complexity |
|:----:|:----------:|:----------:|
| 1 | ov_001 | 6.608406269404079 × 10^298 |
| 2 | ov_002 | 5.722410188664126 × 10^298 |
| 3 | ov_003 | 4.929678111185851 × 10^298 |
| 4 | ov_004 | 4.223087101018367 × 10^298 |
| 5 | ov_005 | 3.5959026223297604 × 10^298 |
| 6 | ov_006 | 3.0417508449161657 × 10^298 |
| 7 | ov_007 | 2.5545945247821923 × 10^298 |
| 8 | ov_008 | 2.128712227582307 × 10^298 |
| 9 | ov_009 | 1.7586806363242466 × 10^298 |
| 10 | ov_010 | 1.4393596372758046 × 10^298 |
| 11 | ov_011 | 1.1658798744785782 × 10^298 |
| 12 | ov_012 | 9.336324809419195 × 10^297 |
| 13 | ov_013 | 7.382607119349977 × 10^297 |
| 14 | ov_014 | 5.756532228895775 × 10^297 |
| 15 | ov_015 | 4.4193875133173824 × 10^297 |
| 16 | ov_016 | 3.334819790255667 × 10^297 |
| 17 | ov_017 | 2.4688036717356223 × 10^297 |
| 18 | ov_018 | 1.7896177410608142 × 10^297 |
| 19 | ov_019 | 1.26782681427566 × 10^297 |
| 20 | ov_020 | 8.762687887378933 × 10^296 |
| 21 | ov_021 | 5.900449694273996 × 10^296 |
| 22 | ov_022 | 3.865131207107576 × 10^296 |
| 23 | ov_023 | 2.4528266171313373 × 10^296 |
| 24 | ov_024 | 1.4821150569550402 × 10^296 |
| 25 | ov_025 | 8.679042616716894 × 10^295 |
| 26 | ov_026 | 4.736939728568873 × 10^295 |
| 27 | ov_027 | 2.3684693309938797 × 10^295 |
| 28 | ov_028 | 1.0595016459558229 × 10^295 |
| 29 | ov_029 | 4.0814468034883215 × 10^294 |
| 30 | ov_030 | 1.2474291227056154 × 10^294 |
| 31 | ov_031 | 2.4324855827813152 × 10^293 |
| 32 | lv_80_m31 | 4.742545397866237 × 10^292 |
| 33 | ov_033 | 5.682636294698635 × 10^293 |
| 34 | ov_034 | 4.927419236226054 × 10^293 |
| 35 | ov_035 | 4.2518061111258024 × 10^293 |
| 36 | ov_036 | 3.6493269102875114 × 10^293 |
| 37 | ov_037 | 3.1138594867881263 × 10^293 |
| 38 | ov_038 | 2.6396049469660635 × 10^293 |
| 39 | ov_039 | 2.2210664218212903 × 10^293 |
| 40 | ov_040 | 1.8530308946198607 × 10^293 |
| 41 | ov_041 | 1.5305537767266531 × 10^293 |
| 42 | ov_042 | 1.2512281152176 × 10^293 |
| 43 | ov_043 | 1.0127717344214163 × 10^293 |
| 44 | ov_044 | 8.10975979132066 × 10^292 |
| 45 | ov_045 | 6.418607990238525 × 10^292 |
| 46 | ov_046 | 5.01668994191118 × 10^292 |
| 47 | ov_047 | 3.8686168776290753 × 10^292 |
| 48 | ov_048 | 2.9411482525473393 × 10^292 |
| 49 | ov_049 | 2.203165152819398 × 10^292 |
| 50 | ov_050 | 1.6256504116787036 × 10^292 |
| 51 | ov_051 | 1.1816739571833687 × 10^292 |
| 52 | ov_052 | 8.46382220122676 × 10^291 |
| 53 | ov_053 | 5.969906389463866 × 10^291 |
| 54 | ov_054 | 4.127784605720832 × 10^291 |
| 55 | ov_055 | 2.7508524881642422 × 10^291 |
| 56 | ov_056 | 1.7509552003595474 × 10^291 |
| 57 | ov_057 | 1.0502240977299658 × 10^291 |
| 58 | ov_058 | 5.810718542318877 × 10^290 |
| 59 | ov_059 | 2.8618991204145606 × 10^290 |
| 60 | ov_060 | 1.1854731632473475 × 10^290 |
| 61 | ov_061 | 4.139029230668811 × 10^289 |
| 62 | ov_062 | 1.1348609749772534 × 10^289 |
| 63 | ov_063 | 2.2106959605720755 × 10^288 |
| 64 | lv_79_m31 | 4.305355682477899 × 10^287 |
| 65 | ov_065 | 5.093483732683179 × 10^288 |
| 66 | ov_066 | 5.093468911804914 × 10^288 |
| 67 | ov_067 | 5.0934653666950524 × 10^288 |
| 68 | ov_068 | 4.39959652195295 × 10^288 |
| 69 | ov_069 | 3.7796368767441254 × 10^288 |
| 70 | ov_070 | 3.228025720497882 × 10^288 |
| 71 | ov_071 | 2.7394720332104317 × 10^288 |
| 72 | ov_072 | 2.308936464860274 × 10^288 |
| 73 | ov_073 | 1.9316166850949835 × 10^288 |
| 74 | ov_074 | 1.602935656522595 × 10^288 |
| 75 | ov_075 | 1.3185324083405585 × 10^288 |
| 76 | ov_076 | 1.0742549095766062 × 10^288 |
| 77 | ov_077 | 8.661546630583097 × 10^287 |
| 78 | ov_078 | 6.904826625092613 × 10^287 |
| 79 | ov_079 | 5.436863760070501 × 10^287 |
| 80 | ov_080 | 4.224074395299173 × 10^287 |
| 81 | ov_081 | 3.2347979532151914 × 10^287 |
| 82 | ov_082 | 2.439281196922514 × 10^287 |
| 83 | ov_083 | 1.8096648722987597 × 10^287 |
| 84 | ov_084 | 1.3199725172198369 × 10^287 |
| 85 | ov_085 | 9.461012414822886 × 10^286 |
| 86 | ov_086 | 6.658142813833008 × 10^286 |
| 87 | ov_087 | 4.587351331694205 × 10^286 |
| 88 | ov_088 | 3.063430697220477 × 10^286 |
| 89 | ov_089 | 1.9984119156692326 × 10^286 |
| 90 | ov_090 | 1.2441143020676747 × 10^286 |
| 91 | ov_091 | 7.310706377200746 × 10^285 |
| 92 | ov_092 | 3.990541657093969 × 10^285 |
| 93 | ov_093 | 1.9707533942888145 × 10^285 |
| 94 | ov_094 | 8.33802254338853 × 10^284 |
| 95 | aaa_78_28 | 2.5449851628179153 × 10^284 |
| 96 | aaa_78_29 | 7.673705264770491 × 10^283 |
| 97 | ov_097 | 3.956473382609565 × 10^283 |
| 98 | ov_098 | 3.9564412913979477 × 10^283 |
| 99 | ov_099 | 3.9564310528254187 × 10^283 |
| 100 | ov_100 | 3.3015718693374304 × 10^283 |
| 101 | ov_101 | 2.733258012150537 × 10^283 |
| 102 | ov_102 | 2.2435686563721493 × 10^283 |
| 103 | ov_103 | 1.8250137893345047 × 10^283 |
| 104 | ov_104 | 1.4705028029189203 × 10^283 |
| 105 | ov_105 | 1.1733172847534058 × 10^283 |
| 106 | ov_106 | 9.270876150714335 × 10^282 |
| 107 | ov_107 | 7.25772996060721 × 10^282 |
| 108 | ov_108 | 5.636445598906761 × 10^282 |
| 109 | ov_109 | 4.352712204283893 × 10^282 |
| 110 | ov_110 | 3.3550795205721983 × 10^282 |
| 111 | ov_111 | 2.594861971020003 × 10^282 |
| 112 | ov_112 | 2.0260612122564083 × 10^282 |
| 113 | ov_113 | 1.6053045386181654 × 10^282 |
| 114 | ov_114 | 1.2917966834060759 × 10^282 |
| 115 | ov_115 | 1.047282738876034 × 10^282 |
| 116 | ov_116 | 8.360200915880936 × 10^281 |
| 117 | ov_117 | 6.55532884699284 × 10^281 |
| 118 | ov_118 | 5.033564088564431 × 10^281 |
| 119 | ov_119 | 3.770338665479382 × 10^281 |
| 120 | ov_120 | 2.7411396073334097 × 10^281 |
| 121 | ov_121 | 1.9214905583231012 × 10^281 |
| 122 | ov_122 | 1.2869382401613779 × 10^281 |
| 123 | ov_123 | 8.1304289751292745 × 10^280 |
| 124 | ov_124 | 4.7537185545511 × 10^280 |
| 125 | ov_125 | 2.4949553011173377 × 10^280 |
| 126 | ov_126 | 1.1098539471915821 × 10^280 |
| 127 | aaa_77_28 | 3.54131993324446 × 10^279 |
| 128 | aaa_77_29 | 1.3261218068582866 × 10^279 |
| 129 | ov_129 | 1.2145483202449466 × 10^279 |
| 130 | ov_130 | 1.2145445704970415 × 10^279 |
| 131 | ov_131 | 1.2145436648689618 × 10^279 |
| 132 | ov_132 | 1.0496186313879842 × 10^279 |
| 133 | ov_133 | 9.02276690618573 × 10^278 |
| 134 | ov_134 | 7.711725635098815 × 10^278 |
| 135 | ov_135 | 6.550318979505127 × 10^278 |
| 136 | ov_136 | 5.526461726490861 × 10^278 |
| 137 | ov_137 | 4.6286833715842094 × 10^278 |
| 138 | ov_138 | 3.8460911584332724 × 10^278 |
| 139 | ov_139 | 3.1683390722623343 × 10^278 |
| 140 | ov_140 | 2.5856021368241418 × 10^278 |
| 141 | ov_141 | 2.0885553992141732 × 10^278 |
| 142 | ov_142 | 1.6683570210325997 × 10^278 |
| 143 | ov_143 | 1.3166349281288124 × 10^278 |
| 144 | ov_144 | 1.025476504663391 × 10^278 |
| 145 | ov_145 | 7.874208505610446 × 10^277 |
| 146 | ov_146 | 5.954531546630488 × 10^277 |
| 147 | ov_147 | 4.430007690522809 × 10^277 |
| 148 | ov_148 | 3.239306031377594 × 10^277 |
| 149 | ov_149 | 2.3254748916216514 × 10^277 |
| 150 | ov_150 | 1.6359320384461324 × 10^277 |
| 151 | ov_151 | 1.1224587741392903 × 10^277 |
| 152 | ov_152 | 7.411960423551394 × 10^276 |
| 153 | ov_153 | 4.713038230186906 × 10^276 |
| 154 | ov_154 | 2.7763489676680177 × 10^276 |
| 155 | ov_155 | 1.4370419371123942 × 10^276 |
| 156 | aaa_76_25 | 5.520327296797335 × 10^275 |
| 157 | aaa_76_26 | 3.186153297236757 × 10^275 |
| 158 | aaa_76_27 | 1.6299554008049987 × 10^275 |
| 159 | aaa_76_28 | 6.34120107841044 × 10^274 |
| 160 | aaa_76_29 | 1.9268994112780708 × 10^274 |

### Output Bits Sorted by Complexity

| Rank | Output Bit | Complexity |
|:----:|:----------:|:----------:|
| 160 | aaa_76_29 | 1.9268994112780708 × 10^274 |
| 159 | aaa_76_28 | 6.34120107841044 × 10^274 |
| 158 | aaa_76_27 | 1.6299554008049987 × 10^275 |
| 157 | aaa_76_26 | 3.186153297236757 × 10^275 |
| 156 | aaa_76_25 | 5.520327296797335 × 10^275 |
| 155 | ov_155 | 1.4370419371123942 × 10^276 |
| 154 | ov_154 | 2.7763489676680177 × 10^276 |
| 153 | ov_153 | 4.713038230186906 × 10^276 |
| 152 | ov_152 | 7.411960423551394 × 10^276 |
| 151 | ov_151 | 1.1224587741392903 × 10^277 |
| 150 | ov_150 | 1.6359320384461324 × 10^277 |
| 149 | ov_149 | 2.3254748916216514 × 10^277 |
| 148 | ov_148 | 3.239306031377594 × 10^277 |
| 147 | ov_147 | 4.430007690522809 × 10^277 |
| 146 | ov_146 | 5.954531546630488 × 10^277 |
| 145 | ov_145 | 7.874208505610446 × 10^277 |
| 144 | ov_144 | 1.025476504663391 × 10^278 |
| 143 | ov_143 | 1.3166349281288124 × 10^278 |
| 142 | ov_142 | 1.6683570210325997 × 10^278 |
| 141 | ov_141 | 2.0885553992141732 × 10^278 |
| 140 | ov_140 | 2.5856021368241418 × 10^278 |
| 139 | ov_139 | 3.1683390722623343 × 10^278 |
| 138 | ov_138 | 3.8460911584332724 × 10^278 |
| 137 | ov_137 | 4.6286833715842094 × 10^278 |
| 136 | ov_136 | 5.526461726490861 × 10^278 |
| 135 | ov_135 | 6.550318979505127 × 10^278 |
| 134 | ov_134 | 7.711725635098815 × 10^278 |
| 133 | ov_133 | 9.02276690618573 × 10^278 |
| 132 | ov_132 | 1.0496186313879842 × 10^279 |
| 131 | ov_131 | 1.2145436648689618 × 10^279 |
| 130 | ov_130 | 1.2145445704970415 × 10^279 |
| 129 | ov_129 | 1.2145483202449466 × 10^279 |
| 128 | aaa_77_29 | 1.3261218068582866 × 10^279 |
| 127 | aaa_77_28 | 3.54131993324446 × 10^279 |
| 126 | ov_126 | 1.1098539471915821 × 10^280 |
| 125 | ov_125 | 2.4949553011173377 × 10^280 |
| 124 | ov_124 | 4.7537185545511 × 10^280 |
| 123 | ov_123 | 8.1304289751292745 × 10^280 |
| 122 | ov_122 | 1.2869382401613779 × 10^281 |
| 121 | ov_121 | 1.9214905583231012 × 10^281 |
| 120 | ov_120 | 2.7411396073334097 × 10^281 |
| 119 | ov_119 | 3.770338665479382 × 10^281 |
| 118 | ov_118 | 5.033564088564431 × 10^281 |
| 117 | ov_117 | 6.55532884699284 × 10^281 |
| 116 | ov_116 | 8.360200915880936 × 10^281 |
| 115 | ov_115 | 1.047282738876034 × 10^282 |
| 114 | ov_114 | 1.2917966834060759 × 10^282 |
| 113 | ov_113 | 1.6053045386181654 × 10^282 |
| 112 | ov_112 | 2.0260612122564083 × 10^282 |
| 111 | ov_111 | 2.594861971020003 × 10^282 |
| 110 | ov_110 | 3.3550795205721983 × 10^282 |
| 109 | ov_109 | 4.352712204283893 × 10^282 |
| 108 | ov_108 | 5.636445598906761 × 10^282 |
| 107 | ov_107 | 7.25772996060721 × 10^282 |
| 106 | ov_106 | 9.270876150714335 × 10^282 |
| 105 | ov_105 | 1.1733172847534058 × 10^283 |
| 104 | ov_104 | 1.4705028029189203 × 10^283 |
| 103 | ov_103 | 1.8250137893345047 × 10^283 |
| 102 | ov_102 | 2.2435686563721493 × 10^283 |
| 101 | ov_101 | 2.733258012150537 × 10^283 |
| 100 | ov_100 | 3.3015718693374304 × 10^283 |
| 99 | ov_099 | 3.9564310528254187 × 10^283 |
| 98 | ov_098 | 3.9564412913979477 × 10^283 |
| 97 | ov_097 | 3.956473382609565 × 10^283 |
| 96 | aaa_78_29 | 7.673705264770491 × 10^283 |
| 95 | aaa_78_28 | 2.5449851628179153 × 10^284 |
| 94 | ov_094 | 8.33802254338853 × 10^284 |
| 93 | ov_093 | 1.9707533942888145 × 10^285 |
| 92 | ov_092 | 3.990541657093969 × 10^285 |
| 91 | ov_091 | 7.310706377200746 × 10^285 |
| 90 | ov_090 | 1.2441143020676747 × 10^286 |
| 89 | ov_089 | 1.9984119156692326 × 10^286 |
| 88 | ov_088 | 3.063430697220477 × 10^286 |
| 87 | ov_087 | 4.587351331694205 × 10^286 |
| 86 | ov_086 | 6.658142813833008 × 10^286 |
| 85 | ov_085 | 9.461012414822886 × 10^286 |
| 84 | ov_084 | 1.3199725172198369 × 10^287 |
| 83 | ov_083 | 1.8096648722987597 × 10^287 |
| 82 | ov_082 | 2.439281196922514 × 10^287 |
| 81 | ov_081 | 3.2347979532151914 × 10^287 |
| 80 | ov_080 | 4.224074395299173 × 10^287 |
| 64 | lv_79_m31 | 4.305355682477899 × 10^287 |
| 79 | ov_079 | 5.436863760070501 × 10^287 |
| 78 | ov_078 | 6.904826625092613 × 10^287 |
| 77 | ov_077 | 8.661546630583097 × 10^287 |
| 76 | ov_076 | 1.0742549095766062 × 10^288 |
| 75 | ov_075 | 1.3185324083405585 × 10^288 |
| 74 | ov_074 | 1.602935656522595 × 10^288 |
| 73 | ov_073 | 1.9316166850949835 × 10^288 |
| 63 | ov_063 | 2.2106959605720755 × 10^288 |
| 72 | ov_072 | 2.308936464860274 × 10^288 |
| 71 | ov_071 | 2.7394720332104317 × 10^288 |
| 70 | ov_070 | 3.228025720497882 × 10^288 |
| 69 | ov_069 | 3.7796368767441254 × 10^288 |
| 68 | ov_068 | 4.39959652195295 × 10^288 |
| 67 | ov_067 | 5.0934653666950524 × 10^288 |
| 66 | ov_066 | 5.093468911804914 × 10^288 |
| 65 | ov_065 | 5.093483732683179 × 10^288 |
| 62 | ov_062 | 1.1348609749772534 × 10^289 |
| 61 | ov_061 | 4.139029230668811 × 10^289 |
| 60 | ov_060 | 1.1854731632473475 × 10^290 |
| 59 | ov_059 | 2.8618991204145606 × 10^290 |
| 58 | ov_058 | 5.810718542318877 × 10^290 |
| 57 | ov_057 | 1.0502240977299658 × 10^291 |
| 56 | ov_056 | 1.7509552003595474 × 10^291 |
| 55 | ov_055 | 2.7508524881642422 × 10^291 |
| 54 | ov_054 | 4.127784605720832 × 10^291 |
| 53 | ov_053 | 5.969906389463866 × 10^291 |
| 52 | ov_052 | 8.46382220122676 × 10^291 |
| 51 | ov_051 | 1.1816739571833687 × 10^292 |
| 50 | ov_050 | 1.6256504116787036 × 10^292 |
| 49 | ov_049 | 2.203165152819398 × 10^292 |
| 48 | ov_048 | 2.9411482525473393 × 10^292 |
| 47 | ov_047 | 3.8686168776290753 × 10^292 |
| 32 | lv_80_m31 | 4.742545397866237 × 10^292 |
| 46 | ov_046 | 5.01668994191118 × 10^292 |
| 45 | ov_045 | 6.418607990238525 × 10^292 |
| 44 | ov_044 | 8.10975979132066 × 10^292 |
| 43 | ov_043 | 1.0127717344214163 × 10^293 |
| 42 | ov_042 | 1.2512281152176 × 10^293 |
| 41 | ov_041 | 1.5305537767266531 × 10^293 |
| 40 | ov_040 | 1.8530308946198607 × 10^293 |
| 39 | ov_039 | 2.2210664218212903 × 10^293 |
| 31 | ov_031 | 2.4324855827813152 × 10^293 |
| 38 | ov_038 | 2.6396049469660635 × 10^293 |
| 37 | ov_037 | 3.1138594867881263 × 10^293 |
| 36 | ov_036 | 3.6493269102875114 × 10^293 |
| 35 | ov_035 | 4.2518061111258024 × 10^293 |
| 34 | ov_034 | 4.927419236226054 × 10^293 |
| 33 | ov_033 | 5.682636294698635 × 10^293 |
| 30 | ov_030 | 1.2474291227056154 × 10^294 |
| 29 | ov_029 | 4.0814468034883215 × 10^294 |
| 28 | ov_028 | 1.0595016459558229 × 10^295 |
| 27 | ov_027 | 2.3684693309938797 × 10^295 |
| 26 | ov_026 | 4.736939728568873 × 10^295 |
| 25 | ov_025 | 8.679042616716894 × 10^295 |
| 24 | ov_024 | 1.4821150569550402 × 10^296 |
| 23 | ov_023 | 2.4528266171313373 × 10^296 |
| 22 | ov_022 | 3.865131207107576 × 10^296 |
| 21 | ov_021 | 5.900449694273996 × 10^296 |
| 20 | ov_020 | 8.762687887378933 × 10^296 |
| 19 | ov_019 | 1.26782681427566 × 10^297 |
| 18 | ov_018 | 1.7896177410608142 × 10^297 |
| 17 | ov_017 | 2.4688036717356223 × 10^297 |
| 16 | ov_016 | 3.334819790255667 × 10^297 |
| 15 | ov_015 | 4.4193875133173824 × 10^297 |
| 14 | ov_014 | 5.756532228895775 × 10^297 |
| 13 | ov_013 | 7.382607119349977 × 10^297 |
| 12 | ov_012 | 9.336324809419195 × 10^297 |
| 11 | ov_011 | 1.1658798744785782 × 10^298 |
| 10 | ov_010 | 1.4393596372758046 × 10^298 |
| 9 | ov_009 | 1.7586806363242466 × 10^298 |
| 8 | ov_008 | 2.128712227582307 × 10^298 |
| 7 | ov_007 | 2.5545945247821923 × 10^298 |
| 6 | ov_006 | 3.0417508449161657 × 10^298 |
| 5 | ov_005 | 3.5959026223297604 × 10^298 |
| 4 | ov_004 | 4.223087101018367 × 10^298 |
| 3 | ov_003 | 4.929678111185851 × 10^298 |
| 2 | ov_002 | 5.722410188664126 × 10^298 |
| 1 | ov_001 | 6.608406269404079 × 10^298 |

