# Results for F001-F002-F003-F004-F005-F006-F007-F008-F009-F010-F011-F012-F013-F014-F015-F016-F017-F018-F019-F020-F021-F022-F023-F024-F025-F026-F027-F028-F029-F030-F031-F032-F033-F034-F035-F036-F037-F038-F039-F040-F041-F042-F043-F044-F045-F046-F047-F048-F049-F050-F051-F052-F053-F054-F055-F056-F057-F058-F059-F060-F061-F062-F063-F064-F065-F066-F067-F068-F069-F070-F071-F072-F073-F074-F075-F076-F077-F078-F079-F080-F081-F082-F083-F084-F085-F086-F087-F088-F089-F090-F091-F092-F093-F094-F095-F096-F097-F098-F099-F100-F101-F102-F103-F104-F105-F106-F107-F108-F109-F110-F111-F112-F113-F114-F115-F116-F117-F118-F119-F120-F121-F122-F123-F124-F125-F126-F127-F128-F129-F130-F131-F132-F133-F134-F135-F136-F137-F138-F139-F140-F141-F142-F143-F144-F145-F146-F147-F148-F149-F150-F151-F152-F153-F154-F155-F156-F157-F158-F159-F160-F161-F162-F163-F164-F165-F166-F167-F168-F169-F170-F171-F172-F173-F174-F175-F176-F177-F178-F179-F180-F181-F182-F183-F184-F185-F186-F187-F188-F189-F190-F191-F192-F193-F194-F195-F196-F197-F198-F199-F200-F201-F202-F203-F204-F205-F206-F207-F208-F209-F210-F211-F212-F213-F214-F215-F216-F217-F218-F219-F220-F221-F222-F223-F224-F225-F226-F227-F228-F229-F230-F231-F232-F233-F234-F235-F236-F237-F238-F239-F240-F241-F242-F243-F244-F245-F246-F247-F248-F249-F250-F251-F252-F253-F254-F255-F256-F257-F258-F259-F260-F261-F262-F263-F264-F265-F266-F267-F268-F269-F270-F271-F272-F273-F274-F275-F276-F277-F278-F279-F280-F281-F282-F283-F284-F285-F286-F287-F288-F289-F290-F291-F292-F293-F294-F295-F296-F297-F298-F299-F300-F301-F302-F303-F304-F305-F306-F307-F308-F309-F310-F311-F312-F313-F314-F315-F316-F317-F318-F319-F320-F321-F322-F323-F324-F325-F326-F327-F328-F329-F330-F331-F332-F333-F334-F335-F336-F337-F338-F339-F340-F341-F342-F343-F344-F345-F346-F347-F348-F349-F350-F351-F352-F353-F354-F355-F356-F357-F358-F359-F360-F361-F362-F363-F364-F365-F366-F367-F368-F369-F370-F371-F372-F373-F374-F375-F376-F377-F378-F379-F380-F381-F382-F383-F384-F385-F386-F387-F388-F389-F390-F391-F392-F393-F394-F395-F396-F397-F398-F399-F400-F401-F402-F403-F404-F405-F406-F407-F408-F409-F410-F411-F412-F413-F414-F415-F416-F417-F418-F419-F420-F421-F422-F423-F424-F425-F426-F427-F428-F429-F430-F431-F432-F433-F434-F435-F436-F437-F438-F439-F440-F441-F442-F443-F444-F445-F446-F447-F448-F449-F450-F451-F452-F453-F454-F455-F456-F457-F458-F459-F460-F461-F462-F463-F464-F465-F466-F467-F468-F469-F470-F471-F472-F473-F474-F475-F476-F477-F478-F479-F480-F481-F482-F483-F484-F485-F486-F487-F488-F489-F490-F491-F492-F493-F494-F495-F496-T499-F505-F508-F509-F510-F511-F512

## Summary

Number of input bits: 512  
Number of free input bits: 9  
Number of output bits: 160

Number of direct occurrences: 36862  
Number of assignments: 30723  
Number of operations: 10964699
(xor: 10936758,
and: 14811,
or: 13130)

Total complexity: 1.9374436433492917 × 10^299

Least occurring input variable: iv_498 (3896)  
Most occurring input variable: iv_497 (4188)

Most co-occurring input variables: iv_501-iv_502 (2089)  
Least co-occurring input variables: iv_498-iv_502 (1787)

Potentially most occurring input variable: iv_497/iv_507 (4482)  
Potentially least occurring input variable: iv_501/iv_502 (4084)

Least output occurring input variable: iv_506 (70)  
Most output occurring input variable: iv_504 (84)

Most output co-occurring input variables: iv_497-iv_500 (46)  
Least output co-occurring input variables: iv_503-iv_506 (26)

Potentially most output occurring input variable: iv_497/iv_501 (89)  
Potentially least output occurring input variable: iv_497/iv_506 (64)

Least complex input bit: iv_497 (1.866010525803841 × 10^297)  
Most complex input bit: iv_502 (4.2923384247635946 × 10^298)

Least complex output bit: aaa_76_29 (1.293331470679837 × 10^274)  
Most complex output bit: ov_001 (3.126407248529737 × 10^298)

Least complex input/output complexity: iv_497/aaa_76_29 (1.2456466261232256 × 10^272)  
Most complex input/output complexity: iv_502/ov_001 (6.92644558224409 × 10^297)

## Input Bits

### Input Bits in Regular Order

| Input Bit | Complexity | Occurrences | Output Occurrences |
|:---------:|:----------:|:-----------:|:------------------:|
| iv_497 | 1.866010525803841 × 10^297 | 4188 | 82 |
| iv_498 | 2.6094320335997574 × 10^297 | 3896 | 81 |
| iv_500 | 1.1685483997211139 × 10^298 | 4129 | 82 |
| iv_501 | 2.3721198119328103 × 10^298 | 4168 | 77 |
| iv_502 | 4.2923384247635946 × 10^298 | 4094 | 78 |
| iv_503 | 2.9928749884772917 × 10^298 | 4101 | 71 |
| iv_504 | 1.5418035914298487 × 10^298 | 4003 | 84 |
| iv_506 | 3.0186320935124076 × 10^298 | 4141 | 70 |
| iv_507 | 3.5405748677155164 × 10^298 | 4142 | 70 |

### Input Bits Sorted by Complexity

| Input Bit | Complexity | Occurrences | Output Occurrences |
|:---------:|:----------:|:-----------:|:------------------:|
| iv_497 | 1.866010525803841 × 10^297 | 4188 | 82 |
| iv_498 | 2.6094320335997574 × 10^297 | 3896 | 81 |
| iv_500 | 1.1685483997211139 × 10^298 | 4129 | 82 |
| iv_504 | 1.5418035914298487 × 10^298 | 4003 | 84 |
| iv_501 | 2.3721198119328103 × 10^298 | 4168 | 77 |
| iv_503 | 2.9928749884772917 × 10^298 | 4101 | 71 |
| iv_506 | 3.0186320935124076 × 10^298 | 4141 | 70 |
| iv_507 | 3.5405748677155164 × 10^298 | 4142 | 70 |
| iv_502 | 4.2923384247635946 × 10^298 | 4094 | 78 |

### Input Bits Sorted by Occurrences

| Input Bit | Complexity | Occurrences | Output Occurrences |
|:---------:|:----------:|:-----------:|:------------------:|
| iv_498 | 2.6094320335997574 × 10^297 | 3896 | 81 |
| iv_504 | 1.5418035914298487 × 10^298 | 4003 | 84 |
| iv_502 | 4.2923384247635946 × 10^298 | 4094 | 78 |
| iv_503 | 2.9928749884772917 × 10^298 | 4101 | 71 |
| iv_500 | 1.1685483997211139 × 10^298 | 4129 | 82 |
| iv_506 | 3.0186320935124076 × 10^298 | 4141 | 70 |
| iv_507 | 3.5405748677155164 × 10^298 | 4142 | 70 |
| iv_501 | 2.3721198119328103 × 10^298 | 4168 | 77 |
| iv_497 | 1.866010525803841 × 10^297 | 4188 | 82 |

### Input Bits Sorted by Output Occurrences

| Input Bit | Complexity | Occurrences | Output Occurrences |
|:---------:|:----------:|:-----------:|:------------------:|
| iv_506 | 3.0186320935124076 × 10^298 | 4141 | 70 |
| iv_507 | 3.5405748677155164 × 10^298 | 4142 | 70 |
| iv_503 | 2.9928749884772917 × 10^298 | 4101 | 71 |
| iv_501 | 2.3721198119328103 × 10^298 | 4168 | 77 |
| iv_502 | 4.2923384247635946 × 10^298 | 4094 | 78 |
| iv_498 | 2.6094320335997574 × 10^297 | 3896 | 81 |
| iv_500 | 1.1685483997211139 × 10^298 | 4129 | 82 |
| iv_497 | 1.866010525803841 × 10^297 | 4188 | 82 |
| iv_504 | 1.5418035914298487 × 10^298 | 4003 | 84 |

## Input Bit Co-occurrences

### Input Bit Co-occurrences Sorted by Co-occurrences

| Input Bits | Co-occurrences | Potential Occurrences | Output Co-occurrences | Potential Output Occurrences |
|:----------:|:--------------:|:---------------------:|:---------------------:|:----------------------------:|
| iv_501-iv_502 | 2089 | 4084 | 36 | 83 |
| iv_497-iv_500 | 2022 | 4273 | 46 | 72 |
| iv_500-iv_506 | 2017 | 4236 | 40 | 72 |
| iv_501-iv_507 | 2017 | 4276 | 37 | 73 |
| iv_500-iv_501 | 2015 | 4267 | 35 | 89 |
| iv_502-iv_506 | 2007 | 4221 | 30 | 88 |
| iv_501-iv_506 | 1995 | 4319 | 31 | 85 |
| iv_502-iv_503 | 1980 | 4235 | 37 | 75 |
| iv_497-iv_504 | 1963 | 4265 | 41 | 84 |

### Input Bit Co-occurrences Sorted by Potential Occurrences

| Input Bits | Co-occurrences | Potential Occurrences | Output Co-occurrences | Potential Output Occurrences |
|:----------:|:--------------:|:---------------------:|:---------------------:|:----------------------------:|
| iv_501-iv_502 | 2089 | 4084 | 36 | 83 |
| iv_498-iv_504 | 1864 | 4171 | 44 | 77 |
| iv_502-iv_506 | 2007 | 4221 | 30 | 88 |
| iv_502-iv_503 | 1980 | 4235 | 37 | 75 |
| iv_500-iv_506 | 2017 | 4236 | 40 | 72 |
| iv_498-iv_501 | 1913 | 4238 | 41 | 76 |
| iv_501-iv_504 | 1962 | 4247 | 42 | 77 |
| iv_504-iv_506 | 1942 | 4260 | 36 | 82 |
| iv_500-iv_504 | 1936 | 4260 | 44 | 78 |

### Input Bit Output Co-occurrences Sorted by Output Co-occurrences

| Input Bits | Co-occurrences | Potential Occurrences | Output Co-occurrences | Potential Output Occurrences |
|:----------:|:--------------:|:---------------------:|:---------------------:|:----------------------------:|
| iv_497-iv_500 | 2022 | 4273 | 46 | 72 |
| iv_497-iv_506 | 1927 | 4475 | 44 | 64 |
| iv_500-iv_504 | 1936 | 4260 | 44 | 78 |
| iv_498-iv_504 | 1864 | 4171 | 44 | 77 |
| iv_498-iv_507 | 1859 | 4320 | 43 | 65 |
| iv_497-iv_502 | 1957 | 4368 | 42 | 76 |
| iv_501-iv_504 | 1962 | 4247 | 42 | 77 |
| iv_497-iv_504 | 1963 | 4265 | 41 | 84 |
| iv_498-iv_501 | 1913 | 4238 | 41 | 76 |

### Input Bit Output Co-occurrences Sorted by Potential Output Occurrences

| Input Bits | Co-occurrences | Potential Occurrences | Output Co-occurrences | Potential Output Occurrences |
|:----------:|:--------------:|:---------------------:|:---------------------:|:----------------------------:|
| iv_497-iv_506 | 1927 | 4475 | 44 | 64 |
| iv_498-iv_507 | 1859 | 4320 | 43 | 65 |
| iv_497-iv_507 | 1924 | 4482 | 40 | 72 |
| iv_506-iv_507 | 1916 | 4451 | 34 | 72 |
| iv_497-iv_500 | 2022 | 4273 | 46 | 72 |
| iv_500-iv_506 | 2017 | 4236 | 40 | 72 |
| iv_500-iv_503 | 1962 | 4306 | 40 | 73 |
| iv_501-iv_507 | 2017 | 4276 | 37 | 73 |
| iv_502-iv_507 | 1895 | 4446 | 37 | 74 |

## Output Bits

### Output Bits in Regular Order

| Rank | Output Bit | Complexity |
|:----:|:----------:|:----------:|
| 1 | ov_001 | 3.126407248529737 × 10^298 |
| 2 | ov_002 | 2.7071967650553016 × 10^298 |
| 3 | ov_003 | 2.3320939881261348 × 10^298 |
| 4 | ov_004 | 1.997730605084535 × 10^298 |
| 5 | ov_005 | 1.7009225199281654 × 10^298 |
| 6 | ov_006 | 1.4386566684884487 × 10^298 |
| 7 | ov_007 | 1.2080795410332053 × 10^298 |
| 8 | ov_008 | 1.0064873025211696 × 10^298 |
| 9 | ov_009 | 8.31317374105938 × 10^297 |
| 10 | ov_010 | 6.801413240583485 × 10^297 |
| 11 | ov_011 | 5.5065893363798695 × 10^297 |
| 12 | ov_012 | 4.406933127527299 × 10^297 |
| 13 | ov_013 | 3.481869301423557 × 10^297 |
| 14 | ov_014 | 2.7119842221173716 × 10^297 |
| 15 | ov_015 | 2.079000535531201 × 10^297 |
| 16 | ov_016 | 1.565757173245604 × 10^297 |
| 17 | ov_017 | 1.156193850120976 × 10^297 |
| 18 | ov_018 | 8.353392385608668 × 10^296 |
| 19 | ov_019 | 5.89302010307496 × 10^296 |
| 20 | ov_020 | 4.052640950345246 × 10^296 |
| 21 | ov_021 | 2.714757098207835 × 10^296 |
| 22 | ov_022 | 1.7725180900215568 × 10^296 |
| 23 | ov_023 | 1.1296964732492492 × 10^296 |
| 24 | ov_024 | 7.006719273386343 × 10^295 |
| 25 | ov_025 | 4.1042168530396305 × 10^295 |
| 26 | ov_026 | 2.240828860465032 × 10^295 |
| 27 | ov_027 | 1.1208803474264573 × 10^295 |
| 28 | ov_028 | 5.016431988270525 × 10^294 |
| 29 | ov_029 | 1.933337129469699 × 10^294 |
| 30 | ov_030 | 5.911190870000479 × 10^293 |
| 31 | ov_031 | 1.1529792361870094 × 10^293 |
| 32 | lv_80_m31 | 2.2480683838773238 × 10^292 |
| 33 | ov_033 | 2.695923168414559 × 10^293 |
| 34 | ov_034 | 2.3407637920269354 × 10^293 |
| 35 | ov_035 | 2.0227559092767225 × 10^293 |
| 36 | ov_036 | 1.7384895148427134 × 10^293 |
| 37 | ov_037 | 1.484737632271148 × 10^293 |
| 38 | ov_038 | 1.259930793866325 × 10^293 |
| 39 | ov_039 | 1.0611710000229875 × 10^293 |
| 40 | ov_040 | 8.857096006718726 × 10^292 |
| 41 | ov_041 | 7.322085095452909 × 10^292 |
| 42 | ov_042 | 5.993984093504117 × 10^292 |
| 43 | ov_043 | 4.860756538766992 × 10^292 |
| 44 | ov_044 | 3.9002020361578697 × 10^292 |
| 45 | ov_045 | 3.0913239801371735 × 10^292 |
| 46 | ov_046 | 2.423920826304629 × 10^292 |
| 47 | ov_047 | 1.8793200234130983 × 10^292 |
| 48 | ov_048 | 1.439981182610686 × 10^292 |
| 49 | ov_049 | 1.0894824208323327 × 10^292 |
| 50 | ov_050 | 8.125102540237509 × 10^291 |
| 51 | ov_051 | 5.948522226718322 × 10^291 |
| 52 | ov_052 | 4.296765777959353 × 10^291 |
| 53 | ov_053 | 3.049583842198576 × 10^291 |
| 54 | ov_054 | 2.097618737797466 × 10^291 |
| 55 | ov_055 | 1.388911826925718 × 10^291 |
| 56 | ov_056 | 8.769378178893267 × 10^290 |
| 57 | ov_057 | 5.206004374974175 × 10^290 |
| 58 | ov_058 | 2.8422996455906344 × 10^290 |
| 59 | ov_059 | 1.375819484460749 × 10^290 |
| 60 | ov_060 | 5.583662803705273 × 10^289 |
| 61 | ov_061 | 1.959872237949941 × 10^289 |
| 62 | ov_062 | 5.984455405541437 × 10^288 |
| 63 | ov_063 | 1.165632968487507 × 10^288 |
| 64 | lv_79_m31 | 2.269821806235919 × 10^287 |
| 65 | ov_065 | 2.6805152117267632 × 10^288 |
| 66 | ov_066 | 2.680507980453951 × 10^288 |
| 67 | ov_067 | 2.6805062704661834 × 10^288 |
| 68 | ov_068 | 2.31402437137107 × 10^288 |
| 69 | ov_069 | 1.986704730566907 × 10^288 |
| 70 | ov_070 | 1.6955981836753093 × 10^288 |
| 71 | ov_071 | 1.4378939379156205 × 10^288 |
| 72 | ov_072 | 1.2109117572105946 × 10^288 |
| 73 | ov_073 | 1.0120958847150526 × 10^288 |
| 74 | ov_074 | 8.390103477955408 × 10^287 |
| 75 | ov_075 | 6.893353090630572 × 10^287 |
| 76 | ov_076 | 5.608641449541134 × 10^287 |
| 77 | ov_077 | 4.515009831278781 × 10^287 |
| 78 | ov_078 | 3.592585421238812 × 10^287 |
| 79 | ov_079 | 2.8225622252003182 × 10^287 |
| 80 | ov_080 | 2.1871843351710157 × 10^287 |
| 81 | ov_081 | 1.6697313903059418 × 10^287 |
| 82 | ov_082 | 1.254506074853248 × 10^287 |
| 83 | ov_083 | 9.268234959190932 × 10^286 |
| 84 | ov_084 | 6.730022844523578 × 10^286 |
| 85 | ov_085 | 4.803572632823448 × 10^286 |
| 86 | ov_086 | 3.3719352633950277 × 10^286 |
| 87 | ov_087 | 2.3280177338410393 × 10^286 |
| 88 | ov_088 | 1.574547446888067 × 10^286 |
| 89 | ov_089 | 1.0240460019086393 × 10^286 |
| 90 | ov_090 | 6.352200134031678 × 10^285 |
| 91 | ov_091 | 3.716603446318933 × 10^285 |
| 92 | ov_092 | 2.0183750615540916 × 10^285 |
| 93 | ov_093 | 9.909906983245487 × 10^284 |
| 94 | ov_094 | 4.166839850338255 × 10^284 |
| 95 | aaa_78_28 | 1.2644127542622578 × 10^284 |
| 96 | aaa_78_29 | 3.777798837404003 × 10^283 |
| 97 | ov_097 | 1.9998187507129282 × 10^283 |
| 98 | ov_098 | 1.9997932238520622 × 10^283 |
| 99 | ov_099 | 1.9997850792819283 × 10^283 |
| 100 | ov_100 | 1.6371615602846745 × 10^283 |
| 101 | ov_101 | 1.3315478955139764 × 10^283 |
| 102 | ov_102 | 1.076651036963103 × 10^283 |
| 103 | ov_103 | 8.665200862070716 × 10^282 |
| 104 | ov_104 | 6.955213094043912 × 10^282 |
| 105 | ov_105 | 5.583164942271719 × 10^282 |
| 106 | ov_106 | 4.498443370899905 × 10^282 |
| 107 | ov_107 | 3.653045646699461 × 10^282 |
| 108 | ov_108 | 3.001445088527404 × 10^282 |
| 109 | ov_109 | 2.500478690118087 × 10^282 |
| 110 | ov_110 | 2.1092541002077286 × 10^282 |
| 111 | ov_111 | 1.7890735868894627 × 10^282 |
| 112 | ov_112 | 1.5033727545502796 × 10^282 |
| 113 | ov_113 | 1.2501048001729901 × 10^282 |
| 114 | ov_114 | 1.0272519342744643 × 10^282 |
| 115 | ov_115 | 8.328181556545885 × 10^281 |
| 116 | ov_116 | 6.648235600313025 × 10^281 |
| 117 | ov_117 | 5.2130004374831795 × 10^281 |
| 118 | ov_118 | 4.002881327923692 × 10^281 |
| 119 | ov_119 | 2.998345537011582 × 10^281 |
| 120 | ov_120 | 2.179903286772317 × 10^281 |
| 121 | ov_121 | 1.5280932561169354 × 10^281 |
| 122 | ov_122 | 1.0234719373157793 × 10^281 |
| 123 | ov_123 | 6.466061559180927 × 10^280 |
| 124 | ov_124 | 3.7806806132549853 × 10^280 |
| 125 | ov_125 | 1.9843206265034894 × 10^280 |
| 126 | ov_126 | 8.827331246888732 × 10^279 |
| 127 | aaa_77_28 | 2.816715882402629 × 10^279 |
| 128 | aaa_77_29 | 1.054822605075852 × 10^279 |
| 129 | ov_129 | 9.647960472983656 × 10^278 |
| 130 | ov_130 | 9.64793099300252 × 10^278 |
| 131 | ov_131 | 9.647923886106818 × 10^278 |
| 132 | ov_132 | 8.33691738024087 × 10^278 |
| 133 | ov_133 | 7.165397854366163 × 10^278 |
| 134 | ov_134 | 6.122774184004701 × 10^278 |
| 135 | ov_135 | 5.19900212430741 × 10^278 |
| 136 | ov_136 | 4.3845451108608224 × 10^278 |
| 137 | ov_137 | 3.670341063299658 × 10^278 |
| 138 | ov_138 | 3.047774571062499 × 10^278 |
| 139 | ov_139 | 2.5086538714112466 × 10^278 |
| 140 | ov_140 | 2.0451920599339426 × 10^278 |
| 141 | ov_141 | 1.6499920033510924 × 10^278 |
| 142 | ov_142 | 1.3160344536928556 × 10^278 |
| 143 | ov_143 | 1.0366688919173477 × 10^278 |
| 144 | ov_144 | 8.056066578779725 × 10^277 |
| 145 | ov_145 | 6.1691595227381915 × 10^277 |
| 146 | ov_146 | 4.650183248654481 × 10^277 |
| 147 | ov_147 | 3.4468629182887137 × 10^277 |
| 148 | ov_148 | 2.5104177063943307 × 10^277 |
| 149 | ov_149 | 1.7955508333471716 × 10^277 |
| 150 | ov_150 | 1.2604432090654634 × 10^277 |
| 151 | ov_151 | 8.667490620119068 × 10^276 |
| 152 | ov_152 | 5.795927046343274 × 10^276 |
| 153 | ov_153 | 3.67566158848526 × 10^276 |
| 154 | ov_154 | 2.1583211547296133 × 10^276 |
| 155 | ov_155 | 1.1128595389074832 × 10^276 |
| 156 | aaa_76_25 | 4.255535014367332 × 10^275 |
| 157 | aaa_76_26 | 2.4288449496580958 × 10^275 |
| 158 | aaa_76_27 | 1.2198019060946231 × 10^275 |
| 159 | aaa_76_28 | 4.552186156074699 × 10^274 |
| 160 | aaa_76_29 | 1.293331470679837 × 10^274 |

### Output Bits Sorted by Complexity

| Rank | Output Bit | Complexity |
|:----:|:----------:|:----------:|
| 160 | aaa_76_29 | 1.293331470679837 × 10^274 |
| 159 | aaa_76_28 | 4.552186156074699 × 10^274 |
| 158 | aaa_76_27 | 1.2198019060946231 × 10^275 |
| 157 | aaa_76_26 | 2.4288449496580958 × 10^275 |
| 156 | aaa_76_25 | 4.255535014367332 × 10^275 |
| 155 | ov_155 | 1.1128595389074832 × 10^276 |
| 154 | ov_154 | 2.1583211547296133 × 10^276 |
| 153 | ov_153 | 3.67566158848526 × 10^276 |
| 152 | ov_152 | 5.795927046343274 × 10^276 |
| 151 | ov_151 | 8.667490620119068 × 10^276 |
| 150 | ov_150 | 1.2604432090654634 × 10^277 |
| 149 | ov_149 | 1.7955508333471716 × 10^277 |
| 148 | ov_148 | 2.5104177063943307 × 10^277 |
| 147 | ov_147 | 3.4468629182887137 × 10^277 |
| 146 | ov_146 | 4.650183248654481 × 10^277 |
| 145 | ov_145 | 6.1691595227381915 × 10^277 |
| 144 | ov_144 | 8.056066578779725 × 10^277 |
| 143 | ov_143 | 1.0366688919173477 × 10^278 |
| 142 | ov_142 | 1.3160344536928556 × 10^278 |
| 141 | ov_141 | 1.6499920033510924 × 10^278 |
| 140 | ov_140 | 2.0451920599339426 × 10^278 |
| 139 | ov_139 | 2.5086538714112466 × 10^278 |
| 138 | ov_138 | 3.047774571062499 × 10^278 |
| 137 | ov_137 | 3.670341063299658 × 10^278 |
| 136 | ov_136 | 4.3845451108608224 × 10^278 |
| 135 | ov_135 | 5.19900212430741 × 10^278 |
| 134 | ov_134 | 6.122774184004701 × 10^278 |
| 133 | ov_133 | 7.165397854366163 × 10^278 |
| 132 | ov_132 | 8.33691738024087 × 10^278 |
| 131 | ov_131 | 9.647923886106818 × 10^278 |
| 130 | ov_130 | 9.64793099300252 × 10^278 |
| 129 | ov_129 | 9.647960472983656 × 10^278 |
| 128 | aaa_77_29 | 1.054822605075852 × 10^279 |
| 127 | aaa_77_28 | 2.816715882402629 × 10^279 |
| 126 | ov_126 | 8.827331246888732 × 10^279 |
| 125 | ov_125 | 1.9843206265034894 × 10^280 |
| 124 | ov_124 | 3.7806806132549853 × 10^280 |
| 123 | ov_123 | 6.466061559180927 × 10^280 |
| 122 | ov_122 | 1.0234719373157793 × 10^281 |
| 121 | ov_121 | 1.5280932561169354 × 10^281 |
| 120 | ov_120 | 2.179903286772317 × 10^281 |
| 119 | ov_119 | 2.998345537011582 × 10^281 |
| 118 | ov_118 | 4.002881327923692 × 10^281 |
| 117 | ov_117 | 5.2130004374831795 × 10^281 |
| 116 | ov_116 | 6.648235600313025 × 10^281 |
| 115 | ov_115 | 8.328181556545885 × 10^281 |
| 114 | ov_114 | 1.0272519342744643 × 10^282 |
| 113 | ov_113 | 1.2501048001729901 × 10^282 |
| 112 | ov_112 | 1.5033727545502796 × 10^282 |
| 111 | ov_111 | 1.7890735868894627 × 10^282 |
| 110 | ov_110 | 2.1092541002077286 × 10^282 |
| 109 | ov_109 | 2.500478690118087 × 10^282 |
| 108 | ov_108 | 3.001445088527404 × 10^282 |
| 107 | ov_107 | 3.653045646699461 × 10^282 |
| 106 | ov_106 | 4.498443370899905 × 10^282 |
| 105 | ov_105 | 5.583164942271719 × 10^282 |
| 104 | ov_104 | 6.955213094043912 × 10^282 |
| 103 | ov_103 | 8.665200862070716 × 10^282 |
| 102 | ov_102 | 1.076651036963103 × 10^283 |
| 101 | ov_101 | 1.3315478955139764 × 10^283 |
| 100 | ov_100 | 1.6371615602846745 × 10^283 |
| 99 | ov_099 | 1.9997850792819283 × 10^283 |
| 98 | ov_098 | 1.9997932238520622 × 10^283 |
| 97 | ov_097 | 1.9998187507129282 × 10^283 |
| 96 | aaa_78_29 | 3.777798837404003 × 10^283 |
| 95 | aaa_78_28 | 1.2644127542622578 × 10^284 |
| 94 | ov_094 | 4.166839850338255 × 10^284 |
| 93 | ov_093 | 9.909906983245487 × 10^284 |
| 92 | ov_092 | 2.0183750615540916 × 10^285 |
| 91 | ov_091 | 3.716603446318933 × 10^285 |
| 90 | ov_090 | 6.352200134031678 × 10^285 |
| 89 | ov_089 | 1.0240460019086393 × 10^286 |
| 88 | ov_088 | 1.574547446888067 × 10^286 |
| 87 | ov_087 | 2.3280177338410393 × 10^286 |
| 86 | ov_086 | 3.3719352633950277 × 10^286 |
| 85 | ov_085 | 4.803572632823448 × 10^286 |
| 84 | ov_084 | 6.730022844523578 × 10^286 |
| 83 | ov_083 | 9.268234959190932 × 10^286 |
| 82 | ov_082 | 1.254506074853248 × 10^287 |
| 81 | ov_081 | 1.6697313903059418 × 10^287 |
| 80 | ov_080 | 2.1871843351710157 × 10^287 |
| 64 | lv_79_m31 | 2.269821806235919 × 10^287 |
| 79 | ov_079 | 2.8225622252003182 × 10^287 |
| 78 | ov_078 | 3.592585421238812 × 10^287 |
| 77 | ov_077 | 4.515009831278781 × 10^287 |
| 76 | ov_076 | 5.608641449541134 × 10^287 |
| 75 | ov_075 | 6.893353090630572 × 10^287 |
| 74 | ov_074 | 8.390103477955408 × 10^287 |
| 73 | ov_073 | 1.0120958847150526 × 10^288 |
| 63 | ov_063 | 1.165632968487507 × 10^288 |
| 72 | ov_072 | 1.2109117572105946 × 10^288 |
| 71 | ov_071 | 1.4378939379156205 × 10^288 |
| 70 | ov_070 | 1.6955981836753093 × 10^288 |
| 69 | ov_069 | 1.986704730566907 × 10^288 |
| 68 | ov_068 | 2.31402437137107 × 10^288 |
| 67 | ov_067 | 2.6805062704661834 × 10^288 |
| 66 | ov_066 | 2.680507980453951 × 10^288 |
| 65 | ov_065 | 2.6805152117267632 × 10^288 |
| 62 | ov_062 | 5.984455405541437 × 10^288 |
| 61 | ov_061 | 1.959872237949941 × 10^289 |
| 60 | ov_060 | 5.583662803705273 × 10^289 |
| 59 | ov_059 | 1.375819484460749 × 10^290 |
| 58 | ov_058 | 2.8422996455906344 × 10^290 |
| 57 | ov_057 | 5.206004374974175 × 10^290 |
| 56 | ov_056 | 8.769378178893267 × 10^290 |
| 55 | ov_055 | 1.388911826925718 × 10^291 |
| 54 | ov_054 | 2.097618737797466 × 10^291 |
| 53 | ov_053 | 3.049583842198576 × 10^291 |
| 52 | ov_052 | 4.296765777959353 × 10^291 |
| 51 | ov_051 | 5.948522226718322 × 10^291 |
| 50 | ov_050 | 8.125102540237509 × 10^291 |
| 49 | ov_049 | 1.0894824208323327 × 10^292 |
| 48 | ov_048 | 1.439981182610686 × 10^292 |
| 47 | ov_047 | 1.8793200234130983 × 10^292 |
| 32 | lv_80_m31 | 2.2480683838773238 × 10^292 |
| 46 | ov_046 | 2.423920826304629 × 10^292 |
| 45 | ov_045 | 3.0913239801371735 × 10^292 |
| 44 | ov_044 | 3.9002020361578697 × 10^292 |
| 43 | ov_043 | 4.860756538766992 × 10^292 |
| 42 | ov_042 | 5.993984093504117 × 10^292 |
| 41 | ov_041 | 7.322085095452909 × 10^292 |
| 40 | ov_040 | 8.857096006718726 × 10^292 |
| 39 | ov_039 | 1.0611710000229875 × 10^293 |
| 31 | ov_031 | 1.1529792361870094 × 10^293 |
| 38 | ov_038 | 1.259930793866325 × 10^293 |
| 37 | ov_037 | 1.484737632271148 × 10^293 |
| 36 | ov_036 | 1.7384895148427134 × 10^293 |
| 35 | ov_035 | 2.0227559092767225 × 10^293 |
| 34 | ov_034 | 2.3407637920269354 × 10^293 |
| 33 | ov_033 | 2.695923168414559 × 10^293 |
| 30 | ov_030 | 5.911190870000479 × 10^293 |
| 29 | ov_029 | 1.933337129469699 × 10^294 |
| 28 | ov_028 | 5.016431988270525 × 10^294 |
| 27 | ov_027 | 1.1208803474264573 × 10^295 |
| 26 | ov_026 | 2.240828860465032 × 10^295 |
| 25 | ov_025 | 4.1042168530396305 × 10^295 |
| 24 | ov_024 | 7.006719273386343 × 10^295 |
| 23 | ov_023 | 1.1296964732492492 × 10^296 |
| 22 | ov_022 | 1.7725180900215568 × 10^296 |
| 21 | ov_021 | 2.714757098207835 × 10^296 |
| 20 | ov_020 | 4.052640950345246 × 10^296 |
| 19 | ov_019 | 5.89302010307496 × 10^296 |
| 18 | ov_018 | 8.353392385608668 × 10^296 |
| 17 | ov_017 | 1.156193850120976 × 10^297 |
| 16 | ov_016 | 1.565757173245604 × 10^297 |
| 15 | ov_015 | 2.079000535531201 × 10^297 |
| 14 | ov_014 | 2.7119842221173716 × 10^297 |
| 13 | ov_013 | 3.481869301423557 × 10^297 |
| 12 | ov_012 | 4.406933127527299 × 10^297 |
| 11 | ov_011 | 5.5065893363798695 × 10^297 |
| 10 | ov_010 | 6.801413240583485 × 10^297 |
| 9 | ov_009 | 8.31317374105938 × 10^297 |
| 8 | ov_008 | 1.0064873025211696 × 10^298 |
| 7 | ov_007 | 1.2080795410332053 × 10^298 |
| 6 | ov_006 | 1.4386566684884487 × 10^298 |
| 5 | ov_005 | 1.7009225199281654 × 10^298 |
| 4 | ov_004 | 1.997730605084535 × 10^298 |
| 3 | ov_003 | 2.3320939881261348 × 10^298 |
| 2 | ov_002 | 2.7071967650553016 × 10^298 |
| 1 | ov_001 | 3.126407248529737 × 10^298 |

