# Results for F001-F002-F003-F004-F005-F006-F007-F008-F009-F010-F011-F012-F013-F014-F015-F016-F017-F018-F019-F020-F021-F022-F023-F024-F025-F026-F027-F028-F029-F030-F031-F032-F033-F034-F035-F036-F037-F038-F039-F040-F041-F042-F043-F044-F045-F046-F047-F048-F049-F050-F051-F052-F053-F054-F055-F056-F057-F058-F059-F060-F061-F062-F063-F064-F065-F066-F067-F068-F069-F070-F071-F072-F073-F074-F075-F076-F077-F078-F079-F080-F081-F082-F083-F084-F085-F086-F087-F088-F089-F090-F091-F092-F093-F094-F095-F096-F097-F098-F099-F100-F101-F102-F103-F104-F105-F106-F107-F108-F109-F110-F111-F112-F113-F114-F115-F116-F117-F118-F119-F120-F121-F122-F123-F124-F125-F126-F127-F128-F129-F130-F131-F132-F133-F134-F135-F136-F137-F138-F139-F140-F141-F142-F143-F144-F145-F146-F147-F148-F149-F150-F151-F152-F153-F154-F155-F156-F157-F158-F159-F160-F161-F162-F163-F164-F165-F166-F167-F168-F169-F170-F171-F172-F173-F174-F175-F176-F177-F178-F179-F180-F181-F182-F183-F184-F185-F186-F187-F188-F189-F190-F191-F192-F193-F194-F195-F196-F197-F198-F199-F200-F201-F202-F203-F204-F205-F206-F207-F208-F209-F210-F211-F212-F213-F214-F215-F216-F217-F218-F219-F220-F221-F222-F223-F224-F225-F226-F227-F228-F229-F230-F231-F232-F233-F234-F235-F236-F237-F238-F239-F240-F241-F242-F243-F244-F245-F246-F247-F248-F249-F250-F251-F252-F253-F254-F255-F256-F257-F258-F259-F260-F261-F262-F263-F264-F265-F266-F267-F268-F269-F270-F271-F272-F273-F274-F275-F276-F277-F278-F279-F280-F281-F282-F283-F284-F285-F286-F287-F288-F289-F290-F291-F292-F293-F294-F295-F296-F297-F298-F299-F300-F301-F302-F303-F304-F305-F306-F307-F308-F309-F310-F311-F312-F313-F314-F315-F316-F317-F318-F319-F320-F321-F322-F323-F324-F325-F326-F327-F328-F329-F330-F331-F332-F333-F334-F335-F336-F337-F338-F339-F340-F341-F342-F343-F344-F345-F346-F347-F348-F349-F350-F351-F352-F353-F354-F355-F356-F357-F358-F359-F360-F361-F362-F363-F364-F365-F366-F367-F368-F369-F370-F371-F372-F373-F374-F375-F376-F377-F378-F379-F380-F381-F382-F383-F384-F385-F386-F387-F388-F389-F390-F391-F392-F393-F394-F395-F396-F397-F398-F399-F400-F401-F402-F403-F404-F405-F406-F407-F408-F409-F410-F411-F412-F413-F414-F415-F416-F417-F418-F419-F420-F421-F422-F423-F424-F425-F426-F427-F428-F429-F430-F431-F432-F433-F434-F435-F436-F437-F438-F439-F440-F441-F442-F443-F444-F445-F446-F447-F448-F449-F450-F451-F452-F453-F454-F455-F456-F457-F458-F459-F460-F461-F462-F463-F464-F465-F466-F467-F468-F469-F470-F471-F472-F473-F474-F475-F476-F477-F478-F479-F480-F481-F482-F483-F484-F485-F486-F487-F488-F489-F490-F491-F492-F493-F494-F495-F496-E499505-E499508-E504506-F509-F510-F511-F512

## Summary

Number of input bits: 512  
Number of free input bits: 9  
Number of output bits: 160

Number of direct occurrences: 36433  
Number of assignments: 31011  
Number of operations: 10811591
(xor: 10783581,
and: 14734,
or: 13276)

Total complexity: 4.515006404567615 × 10^297

Least occurring input variable: iv_502 (3830)  
Most occurring input variable: iv_499 (4333)

Most co-occurring input variables: iv_499-iv_507 (2019)  
Least co-occurring input variables: iv_498-iv_502 (1737)

Potentially most occurring input variable: iv_499/iv_502 (4559)  
Potentially least occurring input variable: iv_497/iv_502 (4157)

Least output occurring input variable: iv_499 (68)  
Most output occurring input variable: iv_497 (93)

Most output co-occurring input variables: iv_497-iv_502 (52)  
Least output co-occurring input variables: iv_499-iv_507 (26)

Potentially most output occurring input variable: iv_499/iv_507 (92)  
Potentially least output occurring input variable: iv_499/iv_500 (70)

Least complex input bit: iv_497 (1.6024120766554627 × 10^295)  
Most complex input bit: iv_499 (1.7887102343620876 × 10^297)

Least complex output bit: aaa_76_29 (1.016470035288543 × 10^273)  
Most complex output bit: ov_001 (7.2221414126615295 × 10^296)

Least complex input/output complexity: iv_497/aaa_76_29 (3.6075338862354283 × 10^270)  
Most complex input/output complexity: iv_499/ov_001 (2.861195998696502 × 10^296)

## Input Bits

### Input Bits in Regular Order

| Input Bit | Complexity | Occurrences | Output Occurrences |
|:---------:|:----------:|:-----------:|:------------------:|
| iv_497 | 1.6024120766554627 × 10^295 | 4089 | 93 |
| iv_498 | 3.2066801859180356 × 10^295 | 3886 | 88 |
| iv_499 | 1.7887102343620876 × 10^297 | 4333 | 68 |
| iv_500 | 9.531659228092449 × 10^295 | 4056 | 76 |
| iv_501 | 1.568947306173942 × 10^296 | 4030 | 83 |
| iv_502 | 2.5292932014730946 × 10^296 | 3830 | 82 |
| iv_503 | 4.005795852504563 × 10^296 | 3999 | 75 |
| iv_504 | 1.0969047765748712 × 10^297 | 4074 | 76 |
| iv_507 | 6.755802427088379 × 10^296 | 4136 | 76 |

### Input Bits Sorted by Complexity

| Input Bit | Complexity | Occurrences | Output Occurrences |
|:---------:|:----------:|:-----------:|:------------------:|
| iv_497 | 1.6024120766554627 × 10^295 | 4089 | 93 |
| iv_498 | 3.2066801859180356 × 10^295 | 3886 | 88 |
| iv_500 | 9.531659228092449 × 10^295 | 4056 | 76 |
| iv_501 | 1.568947306173942 × 10^296 | 4030 | 83 |
| iv_502 | 2.5292932014730946 × 10^296 | 3830 | 82 |
| iv_503 | 4.005795852504563 × 10^296 | 3999 | 75 |
| iv_507 | 6.755802427088379 × 10^296 | 4136 | 76 |
| iv_504 | 1.0969047765748712 × 10^297 | 4074 | 76 |
| iv_499 | 1.7887102343620876 × 10^297 | 4333 | 68 |

### Input Bits Sorted by Occurrences

| Input Bit | Complexity | Occurrences | Output Occurrences |
|:---------:|:----------:|:-----------:|:------------------:|
| iv_502 | 2.5292932014730946 × 10^296 | 3830 | 82 |
| iv_498 | 3.2066801859180356 × 10^295 | 3886 | 88 |
| iv_503 | 4.005795852504563 × 10^296 | 3999 | 75 |
| iv_501 | 1.568947306173942 × 10^296 | 4030 | 83 |
| iv_500 | 9.531659228092449 × 10^295 | 4056 | 76 |
| iv_504 | 1.0969047765748712 × 10^297 | 4074 | 76 |
| iv_497 | 1.6024120766554627 × 10^295 | 4089 | 93 |
| iv_507 | 6.755802427088379 × 10^296 | 4136 | 76 |
| iv_499 | 1.7887102343620876 × 10^297 | 4333 | 68 |

### Input Bits Sorted by Output Occurrences

| Input Bit | Complexity | Occurrences | Output Occurrences |
|:---------:|:----------:|:-----------:|:------------------:|
| iv_499 | 1.7887102343620876 × 10^297 | 4333 | 68 |
| iv_503 | 4.005795852504563 × 10^296 | 3999 | 75 |
| iv_504 | 1.0969047765748712 × 10^297 | 4074 | 76 |
| iv_500 | 9.531659228092449 × 10^295 | 4056 | 76 |
| iv_507 | 6.755802427088379 × 10^296 | 4136 | 76 |
| iv_502 | 2.5292932014730946 × 10^296 | 3830 | 82 |
| iv_501 | 1.568947306173942 × 10^296 | 4030 | 83 |
| iv_498 | 3.2066801859180356 × 10^295 | 3886 | 88 |
| iv_497 | 1.6024120766554627 × 10^295 | 4089 | 93 |

## Input Bit Co-occurrences

### Input Bit Co-occurrences Sorted by Co-occurrences

| Input Bits | Co-occurrences | Potential Occurrences | Output Co-occurrences | Potential Output Occurrences |
|:----------:|:--------------:|:---------------------:|:---------------------:|:----------------------------:|
| iv_499-iv_507 | 2019 | 4431 | 26 | 92 |
| iv_497-iv_507 | 2018 | 4189 | 44 | 81 |
| iv_499-iv_500 | 1990 | 4409 | 37 | 70 |
| iv_497-iv_499 | 1988 | 4446 | 43 | 75 |
| iv_497-iv_501 | 1980 | 4159 | 48 | 80 |
| iv_497-iv_500 | 1961 | 4223 | 39 | 91 |
| iv_497-iv_503 | 1959 | 4170 | 46 | 76 |
| iv_500-iv_507 | 1959 | 4274 | 35 | 82 |
| iv_500-iv_501 | 1942 | 4202 | 41 | 77 |

### Input Bit Co-occurrences Sorted by Potential Occurrences

| Input Bits | Co-occurrences | Potential Occurrences | Output Co-occurrences | Potential Output Occurrences |
|:----------:|:--------------:|:---------------------:|:---------------------:|:----------------------------:|
| iv_497-iv_502 | 1881 | 4157 | 52 | 71 |
| iv_497-iv_501 | 1980 | 4159 | 48 | 80 |
| iv_497-iv_503 | 1959 | 4170 | 46 | 76 |
| iv_500-iv_502 | 1851 | 4184 | 37 | 84 |
| iv_497-iv_507 | 2018 | 4189 | 44 | 81 |
| iv_498-iv_500 | 1871 | 4200 | 39 | 86 |
| iv_500-iv_501 | 1942 | 4202 | 41 | 77 |
| iv_501-iv_502 | 1821 | 4218 | 38 | 89 |
| iv_500-iv_503 | 1918 | 4219 | 39 | 73 |

### Input Bit Output Co-occurrences Sorted by Output Co-occurrences

| Input Bits | Co-occurrences | Potential Occurrences | Output Co-occurrences | Potential Output Occurrences |
|:----------:|:--------------:|:---------------------:|:---------------------:|:----------------------------:|
| iv_497-iv_502 | 1881 | 4157 | 52 | 71 |
| iv_497-iv_498 | 1866 | 4243 | 50 | 81 |
| iv_498-iv_501 | 1843 | 4230 | 48 | 75 |
| iv_497-iv_501 | 1980 | 4159 | 48 | 80 |
| iv_498-iv_502 | 1737 | 4242 | 46 | 78 |
| iv_497-iv_503 | 1959 | 4170 | 46 | 76 |
| iv_497-iv_507 | 2018 | 4189 | 44 | 81 |
| iv_498-iv_507 | 1876 | 4270 | 43 | 78 |
| iv_497-iv_499 | 1988 | 4446 | 43 | 75 |

### Input Bit Output Co-occurrences Sorted by Potential Output Occurrences

| Input Bits | Co-occurrences | Potential Occurrences | Output Co-occurrences | Potential Output Occurrences |
|:----------:|:--------------:|:---------------------:|:---------------------:|:----------------------------:|
| iv_499-iv_500 | 1990 | 4409 | 37 | 70 |
| iv_497-iv_502 | 1881 | 4157 | 52 | 71 |
| iv_500-iv_503 | 1918 | 4219 | 39 | 73 |
| iv_502-iv_507 | 1873 | 4220 | 42 | 74 |
| iv_499-iv_502 | 1802 | 4559 | 38 | 74 |
| iv_498-iv_501 | 1843 | 4230 | 48 | 75 |
| iv_497-iv_499 | 1988 | 4446 | 43 | 75 |
| iv_497-iv_503 | 1959 | 4170 | 46 | 76 |
| iv_504-iv_507 | 1912 | 4386 | 38 | 76 |

## Output Bits

### Output Bits in Regular Order

| Rank | Output Bit | Complexity |
|:----:|:----------:|:----------:|
| 1 | ov_001 | 7.2221414126615295 × 10^296 |
| 2 | ov_002 | 6.263222174531005 × 10^296 |
| 3 | ov_003 | 5.404209284310957 × 10^296 |
| 4 | ov_004 | 4.637532651273704 × 10^296 |
| 5 | ov_005 | 3.956034939982006 × 10^296 |
| 6 | ov_006 | 3.3529421395827104 × 10^296 |
| 7 | ov_007 | 2.821837932897216 × 10^296 |
| 8 | ov_008 | 2.3566416184085673 × 10^296 |
| 9 | ov_009 | 1.9515893102207174 × 10^296 |
| 10 | ov_010 | 1.6012180906356337 × 10^296 |
| 11 | ov_011 | 1.3003527862535648 × 10^296 |
| 12 | ov_012 | 1.0440950573001394 × 10^296 |
| 13 | ov_013 | 8.278145083301215 × 10^295 |
| 14 | ov_014 | 6.47141546632746 × 10^295 |
| 15 | ov_015 | 4.979617326344057 × 10^295 |
| 16 | ov_016 | 3.7641138441467103 × 10^295 |
| 17 | ov_017 | 2.788742161628809 × 10^295 |
| 18 | ov_018 | 2.019788080362228 × 10^295 |
| 19 | ov_019 | 1.4259672245934433 × 10^295 |
| 20 | ov_020 | 9.784110772175591 × 10^294 |
| 21 | ov_021 | 6.506567097677588 × 10^294 |
| 22 | ov_022 | 4.186394069844592 × 10^294 |
| 23 | ov_023 | 2.6068756768394 × 10^294 |
| 24 | ov_024 | 1.5751935108406862 × 10^294 |
| 25 | ov_025 | 9.224062516444909 × 10^293 |
| 26 | ov_026 | 5.03438431246557 × 10^293 |
| 27 | ov_027 | 2.517178455297492 × 10^293 |
| 28 | ov_028 | 1.126017983863848 × 10^293 |
| 29 | ov_029 | 4.3376570734923993 × 10^292 |
| 30 | ov_030 | 1.32572813565649 × 10^292 |
| 31 | ov_031 | 2.5851523075693898 × 10^291 |
| 32 | lv_80_m31 | 5.040163772865076 × 10^290 |
| 33 | ov_033 | 6.038990752621362 × 10^291 |
| 34 | ov_034 | 5.2362841877820164 × 10^291 |
| 35 | ov_035 | 4.5182093630043236 × 10^291 |
| 36 | ov_036 | 3.8778844310374946 × 10^291 |
| 37 | ov_037 | 3.3087976327804397 × 10^291 |
| 38 | ov_038 | 2.804781255451557 × 10^291 |
| 39 | ov_039 | 2.3599891529954646 × 10^291 |
| 40 | ov_040 | 1.9688774789101404 × 10^291 |
| 41 | ov_041 | 1.6261883030215915 × 10^291 |
| 42 | ov_042 | 1.3293622617278948 × 10^291 |
| 43 | ov_043 | 1.0759728972685749 × 10^291 |
| 44 | ov_044 | 8.615460596892693 × 10^290 |
| 45 | ov_045 | 6.818509410235947 × 10^290 |
| 46 | ov_046 | 5.3289386126134874 × 10^290 |
| 47 | ov_047 | 4.109133623086185 × 10^290 |
| 48 | ov_048 | 3.123764066243063 × 10^290 |
| 49 | ov_049 | 2.339754929127949 × 10^290 |
| 50 | ov_050 | 1.7262651665744993 × 10^290 |
| 51 | ov_051 | 1.2546721845851479 × 10^290 |
| 52 | ov_052 | 8.985607814730682 × 10^289 |
| 53 | ov_053 | 6.3371533632451915 × 10^289 |
| 54 | ov_054 | 4.3811435611535693 × 10^289 |
| 55 | ov_055 | 2.919267864825172 × 10^289 |
| 56 | ov_056 | 1.8578434373616903 × 10^289 |
| 57 | ov_057 | 1.1141231911691413 × 10^289 |
| 58 | ov_058 | 6.16290489234062 × 10^288 |
| 59 | ov_059 | 3.0345633080917796 × 10^288 |
| 60 | ov_060 | 1.256580454355319 × 10^288 |
| 61 | ov_061 | 4.38588114318276 × 10^287 |
| 62 | ov_062 | 1.202187351552139 × 10^287 |
| 63 | ov_063 | 2.3411736568571145 × 10^286 |
| 64 | lv_79_m31 | 4.558259427219356 × 10^285 |
| 65 | ov_065 | 5.414670542927818 × 10^286 |
| 66 | ov_066 | 5.414653203967616 × 10^286 |
| 67 | ov_067 | 5.414648960181851 × 10^286 |
| 68 | ov_068 | 4.674399631981917 × 10^286 |
| 69 | ov_069 | 4.014708533396069 × 10^286 |
| 70 | ov_070 | 3.429009194136446 × 10^286 |
| 71 | ov_071 | 2.911139309761327 × 10^286 |
| 72 | ov_072 | 2.4553133664836653 × 10^286 |
| 73 | ov_073 | 2.0560976833436682 × 10^286 |
| 74 | ov_074 | 1.7083877446584815 × 10^286 |
| 75 | ov_075 | 1.407387700428566 × 10^286 |
| 76 | ov_076 | 1.1485919162743777 × 10^286 |
| 77 | ov_077 | 9.277684576131 × 10^285 |
| 78 | ov_078 | 7.409443952707643 × 10^285 |
| 79 | ov_079 | 5.843928216599597 × 10^285 |
| 80 | ov_080 | 4.546214681299506 × 10^285 |
| 81 | ov_081 | 3.483628151995078 × 10^285 |
| 82 | ov_082 | 2.6256558819080708 × 10^285 |
| 83 | ov_083 | 1.9438753136500904 × 10^285 |
| 84 | ov_084 | 1.4118935407518708 × 10^285 |
| 85 | ov_085 | 1.0052974274450773 × 10^285 |
| 86 | ov_086 | 7.016133267832648 × 10^284 |
| 87 | ov_087 | 4.802753385132336 × 10^284 |
| 88 | ov_088 | 3.2260104893619902 × 10^284 |
| 89 | ov_089 | 2.1177369548070458 × 10^284 |
| 90 | ov_090 | 1.3282969896549473 × 10^284 |
| 91 | ov_091 | 7.874930963169017 × 10^283 |
| 92 | ov_092 | 4.343372450100699 × 10^283 |
| 93 | ov_093 | 2.1703326164709444 × 10^283 |
| 94 | ov_094 | 9.296817306052996 × 10^282 |
| 95 | aaa_78_28 | 2.8708673393259204 × 10^282 |
| 96 | aaa_78_29 | 8.81703333910524 × 10^281 |
| 97 | ov_097 | 5.823541454767102 × 10^281 |
| 98 | ov_098 | 5.8233673548027645 × 10^281 |
| 99 | ov_099 | 5.823311772804665 × 10^281 |
| 100 | ov_100 | 5.240630962363375 × 10^281 |
| 101 | ov_101 | 4.700879469387129 × 10^281 |
| 102 | ov_102 | 4.201711089163795 × 10^281 |
| 103 | ov_103 | 3.740950800494618 × 10^281 |
| 104 | ov_104 | 3.316572223516684 × 10^281 |
| 105 | ov_105 | 2.9266771516636977 × 10^281 |
| 106 | ov_106 | 2.5694770520491304 × 10^281 |
| 107 | ov_107 | 2.2432764321499306 × 10^281 |
| 108 | ov_108 | 1.9464579735104955 × 10^281 |
| 109 | ov_109 | 1.6774693353870074 × 10^281 |
| 110 | ov_110 | 1.4348115329098884 × 10^281 |
| 111 | ov_111 | 1.2170287955515247 × 10^281 |
| 112 | ov_112 | 1.0226998125350764 × 10^281 |
| 113 | ov_113 | 8.504302723885448 × 10^280 |
| 114 | ov_114 | 6.988466042098947 × 10^280 |
| 115 | ov_115 | 5.66590828429705 × 10^280 |
| 116 | ov_116 | 4.523164249923699 × 10^280 |
| 117 | ov_117 | 3.5468512696372026 × 10^280 |
| 118 | ov_118 | 2.7236454763277717 × 10^280 |
| 119 | ov_119 | 2.040264737417933 × 10^280 |
| 120 | ov_120 | 1.4834559351082586 × 10^280 |
| 121 | ov_121 | 1.0399852657374151 × 10^280 |
| 122 | ov_122 | 6.966310990494465 × 10^279 |
| 123 | ov_123 | 4.4017893819228806 × 10^279 |
| 124 | ov_124 | 2.574180212779132 × 10^279 |
| 125 | ov_125 | 1.3513921697599664 × 10^279 |
| 126 | ov_126 | 6.0133951597495596 × 10^278 |
| 127 | aaa_77_28 | 1.9193797480002858 × 10^278 |
| 128 | aaa_77_29 | 7.1909924984178035 × 10^277 |
| 129 | ov_129 | 6.6132926462865695 × 10^277 |
| 130 | ov_130 | 6.613272865631265 × 10^277 |
| 131 | ov_131 | 6.6132680882254085 × 10^277 |
| 132 | ov_132 | 5.723624410401944 × 10^277 |
| 133 | ov_133 | 4.927713590407188 × 10^277 |
| 134 | ov_134 | 4.218439385269401 × 10^277 |
| 135 | ov_135 | 3.589079704010933 × 10^277 |
| 136 | ov_136 | 3.0332597229732605 × 10^277 |
| 137 | ov_137 | 2.5449288843043044 × 10^277 |
| 138 | ov_138 | 2.118341396883937 × 10^277 |
| 139 | ov_139 | 1.748039878081648 × 10^277 |
| 140 | ov_140 | 1.4288417933635588 × 10^277 |
| 141 | ov_141 | 1.155828369017493 × 10^277 |
| 142 | ov_142 | 9.243356712459313 × 10^276 |
| 143 | ov_143 | 7.299475626683368 × 10^276 |
| 144 | ov_144 | 5.684902649385557 × 10^276 |
| 145 | ov_145 | 4.3602827376450684 × 10^276 |
| 146 | ov_146 | 3.2886139014567146 × 10^276 |
| 147 | ov_147 | 2.435226491365871 × 10^276 |
| 148 | ov_148 | 1.7677694491166343 × 10^276 |
| 149 | ov_149 | 1.256201683545291 × 10^276 |
| 150 | ov_150 | 8.727869082858824 × 10^275 |
| 151 | ov_151 | 5.9209052339135114 × 10^275 |
| 152 | ov_152 | 3.909775605973098 × 10^275 |
| 153 | ov_153 | 2.486112268672713 × 10^275 |
| 154 | ov_154 | 1.4645188785736913 × 10^275 |
| 155 | ov_155 | 7.580391099969963 × 10^274 |
| 156 | aaa_76_25 | 2.911979510290515 × 10^274 |
| 157 | aaa_76_26 | 1.6807095466580876 × 10^274 |
| 158 | aaa_76_27 | 8.59814023178721 × 10^273 |
| 159 | aaa_76_28 | 3.3450588487695394 × 10^273 |
| 160 | aaa_76_29 | 1.016470035288543 × 10^273 |

### Output Bits Sorted by Complexity

| Rank | Output Bit | Complexity |
|:----:|:----------:|:----------:|
| 160 | aaa_76_29 | 1.016470035288543 × 10^273 |
| 159 | aaa_76_28 | 3.3450588487695394 × 10^273 |
| 158 | aaa_76_27 | 8.59814023178721 × 10^273 |
| 157 | aaa_76_26 | 1.6807095466580876 × 10^274 |
| 156 | aaa_76_25 | 2.911979510290515 × 10^274 |
| 155 | ov_155 | 7.580391099969963 × 10^274 |
| 154 | ov_154 | 1.4645188785736913 × 10^275 |
| 153 | ov_153 | 2.486112268672713 × 10^275 |
| 152 | ov_152 | 3.909775605973098 × 10^275 |
| 151 | ov_151 | 5.9209052339135114 × 10^275 |
| 150 | ov_150 | 8.727869082858824 × 10^275 |
| 149 | ov_149 | 1.256201683545291 × 10^276 |
| 148 | ov_148 | 1.7677694491166343 × 10^276 |
| 147 | ov_147 | 2.435226491365871 × 10^276 |
| 146 | ov_146 | 3.2886139014567146 × 10^276 |
| 145 | ov_145 | 4.3602827376450684 × 10^276 |
| 144 | ov_144 | 5.684902649385557 × 10^276 |
| 143 | ov_143 | 7.299475626683368 × 10^276 |
| 142 | ov_142 | 9.243356712459313 × 10^276 |
| 141 | ov_141 | 1.155828369017493 × 10^277 |
| 140 | ov_140 | 1.4288417933635588 × 10^277 |
| 139 | ov_139 | 1.748039878081648 × 10^277 |
| 138 | ov_138 | 2.118341396883937 × 10^277 |
| 137 | ov_137 | 2.5449288843043044 × 10^277 |
| 136 | ov_136 | 3.0332597229732605 × 10^277 |
| 135 | ov_135 | 3.589079704010933 × 10^277 |
| 134 | ov_134 | 4.218439385269401 × 10^277 |
| 133 | ov_133 | 4.927713590407188 × 10^277 |
| 132 | ov_132 | 5.723624410401944 × 10^277 |
| 131 | ov_131 | 6.6132680882254085 × 10^277 |
| 130 | ov_130 | 6.613272865631265 × 10^277 |
| 129 | ov_129 | 6.6132926462865695 × 10^277 |
| 128 | aaa_77_29 | 7.1909924984178035 × 10^277 |
| 127 | aaa_77_28 | 1.9193797480002858 × 10^278 |
| 126 | ov_126 | 6.0133951597495596 × 10^278 |
| 125 | ov_125 | 1.3513921697599664 × 10^279 |
| 124 | ov_124 | 2.574180212779132 × 10^279 |
| 123 | ov_123 | 4.4017893819228806 × 10^279 |
| 122 | ov_122 | 6.966310990494465 × 10^279 |
| 121 | ov_121 | 1.0399852657374151 × 10^280 |
| 120 | ov_120 | 1.4834559351082586 × 10^280 |
| 119 | ov_119 | 2.040264737417933 × 10^280 |
| 118 | ov_118 | 2.7236454763277717 × 10^280 |
| 117 | ov_117 | 3.5468512696372026 × 10^280 |
| 116 | ov_116 | 4.523164249923699 × 10^280 |
| 115 | ov_115 | 5.66590828429705 × 10^280 |
| 114 | ov_114 | 6.988466042098947 × 10^280 |
| 113 | ov_113 | 8.504302723885448 × 10^280 |
| 112 | ov_112 | 1.0226998125350764 × 10^281 |
| 111 | ov_111 | 1.2170287955515247 × 10^281 |
| 110 | ov_110 | 1.4348115329098884 × 10^281 |
| 109 | ov_109 | 1.6774693353870074 × 10^281 |
| 108 | ov_108 | 1.9464579735104955 × 10^281 |
| 107 | ov_107 | 2.2432764321499306 × 10^281 |
| 106 | ov_106 | 2.5694770520491304 × 10^281 |
| 105 | ov_105 | 2.9266771516636977 × 10^281 |
| 104 | ov_104 | 3.316572223516684 × 10^281 |
| 103 | ov_103 | 3.740950800494618 × 10^281 |
| 102 | ov_102 | 4.201711089163795 × 10^281 |
| 101 | ov_101 | 4.700879469387129 × 10^281 |
| 100 | ov_100 | 5.240630962363375 × 10^281 |
| 99 | ov_099 | 5.823311772804665 × 10^281 |
| 98 | ov_098 | 5.8233673548027645 × 10^281 |
| 97 | ov_097 | 5.823541454767102 × 10^281 |
| 96 | aaa_78_29 | 8.81703333910524 × 10^281 |
| 95 | aaa_78_28 | 2.8708673393259204 × 10^282 |
| 94 | ov_094 | 9.296817306052996 × 10^282 |
| 93 | ov_093 | 2.1703326164709444 × 10^283 |
| 92 | ov_092 | 4.343372450100699 × 10^283 |
| 91 | ov_091 | 7.874930963169017 × 10^283 |
| 90 | ov_090 | 1.3282969896549473 × 10^284 |
| 89 | ov_089 | 2.1177369548070458 × 10^284 |
| 88 | ov_088 | 3.2260104893619902 × 10^284 |
| 87 | ov_087 | 4.802753385132336 × 10^284 |
| 86 | ov_086 | 7.016133267832648 × 10^284 |
| 85 | ov_085 | 1.0052974274450773 × 10^285 |
| 84 | ov_084 | 1.4118935407518708 × 10^285 |
| 83 | ov_083 | 1.9438753136500904 × 10^285 |
| 82 | ov_082 | 2.6256558819080708 × 10^285 |
| 81 | ov_081 | 3.483628151995078 × 10^285 |
| 80 | ov_080 | 4.546214681299506 × 10^285 |
| 64 | lv_79_m31 | 4.558259427219356 × 10^285 |
| 79 | ov_079 | 5.843928216599597 × 10^285 |
| 78 | ov_078 | 7.409443952707643 × 10^285 |
| 77 | ov_077 | 9.277684576131 × 10^285 |
| 76 | ov_076 | 1.1485919162743777 × 10^286 |
| 75 | ov_075 | 1.407387700428566 × 10^286 |
| 74 | ov_074 | 1.7083877446584815 × 10^286 |
| 73 | ov_073 | 2.0560976833436682 × 10^286 |
| 63 | ov_063 | 2.3411736568571145 × 10^286 |
| 72 | ov_072 | 2.4553133664836653 × 10^286 |
| 71 | ov_071 | 2.911139309761327 × 10^286 |
| 70 | ov_070 | 3.429009194136446 × 10^286 |
| 69 | ov_069 | 4.014708533396069 × 10^286 |
| 68 | ov_068 | 4.674399631981917 × 10^286 |
| 67 | ov_067 | 5.414648960181851 × 10^286 |
| 66 | ov_066 | 5.414653203967616 × 10^286 |
| 65 | ov_065 | 5.414670542927818 × 10^286 |
| 62 | ov_062 | 1.202187351552139 × 10^287 |
| 61 | ov_061 | 4.38588114318276 × 10^287 |
| 60 | ov_060 | 1.256580454355319 × 10^288 |
| 59 | ov_059 | 3.0345633080917796 × 10^288 |
| 58 | ov_058 | 6.16290489234062 × 10^288 |
| 57 | ov_057 | 1.1141231911691413 × 10^289 |
| 56 | ov_056 | 1.8578434373616903 × 10^289 |
| 55 | ov_055 | 2.919267864825172 × 10^289 |
| 54 | ov_054 | 4.3811435611535693 × 10^289 |
| 53 | ov_053 | 6.3371533632451915 × 10^289 |
| 52 | ov_052 | 8.985607814730682 × 10^289 |
| 51 | ov_051 | 1.2546721845851479 × 10^290 |
| 50 | ov_050 | 1.7262651665744993 × 10^290 |
| 49 | ov_049 | 2.339754929127949 × 10^290 |
| 48 | ov_048 | 3.123764066243063 × 10^290 |
| 47 | ov_047 | 4.109133623086185 × 10^290 |
| 32 | lv_80_m31 | 5.040163772865076 × 10^290 |
| 46 | ov_046 | 5.3289386126134874 × 10^290 |
| 45 | ov_045 | 6.818509410235947 × 10^290 |
| 44 | ov_044 | 8.615460596892693 × 10^290 |
| 43 | ov_043 | 1.0759728972685749 × 10^291 |
| 42 | ov_042 | 1.3293622617278948 × 10^291 |
| 41 | ov_041 | 1.6261883030215915 × 10^291 |
| 40 | ov_040 | 1.9688774789101404 × 10^291 |
| 39 | ov_039 | 2.3599891529954646 × 10^291 |
| 31 | ov_031 | 2.5851523075693898 × 10^291 |
| 38 | ov_038 | 2.804781255451557 × 10^291 |
| 37 | ov_037 | 3.3087976327804397 × 10^291 |
| 36 | ov_036 | 3.8778844310374946 × 10^291 |
| 35 | ov_035 | 4.5182093630043236 × 10^291 |
| 34 | ov_034 | 5.2362841877820164 × 10^291 |
| 33 | ov_033 | 6.038990752621362 × 10^291 |
| 30 | ov_030 | 1.32572813565649 × 10^292 |
| 29 | ov_029 | 4.3376570734923993 × 10^292 |
| 28 | ov_028 | 1.126017983863848 × 10^293 |
| 27 | ov_027 | 2.517178455297492 × 10^293 |
| 26 | ov_026 | 5.03438431246557 × 10^293 |
| 25 | ov_025 | 9.224062516444909 × 10^293 |
| 24 | ov_024 | 1.5751935108406862 × 10^294 |
| 23 | ov_023 | 2.6068756768394 × 10^294 |
| 22 | ov_022 | 4.186394069844592 × 10^294 |
| 21 | ov_021 | 6.506567097677588 × 10^294 |
| 20 | ov_020 | 9.784110772175591 × 10^294 |
| 19 | ov_019 | 1.4259672245934433 × 10^295 |
| 18 | ov_018 | 2.019788080362228 × 10^295 |
| 17 | ov_017 | 2.788742161628809 × 10^295 |
| 16 | ov_016 | 3.7641138441467103 × 10^295 |
| 15 | ov_015 | 4.979617326344057 × 10^295 |
| 14 | ov_014 | 6.47141546632746 × 10^295 |
| 13 | ov_013 | 8.278145083301215 × 10^295 |
| 12 | ov_012 | 1.0440950573001394 × 10^296 |
| 11 | ov_011 | 1.3003527862535648 × 10^296 |
| 10 | ov_010 | 1.6012180906356337 × 10^296 |
| 9 | ov_009 | 1.9515893102207174 × 10^296 |
| 8 | ov_008 | 2.3566416184085673 × 10^296 |
| 7 | ov_007 | 2.821837932897216 × 10^296 |
| 6 | ov_006 | 3.3529421395827104 × 10^296 |
| 5 | ov_005 | 3.956034939982006 × 10^296 |
| 4 | ov_004 | 4.637532651273704 × 10^296 |
| 3 | ov_003 | 5.404209284310957 × 10^296 |
| 2 | ov_002 | 6.263222174531005 × 10^296 |
| 1 | ov_001 | 7.2221414126615295 × 10^296 |

