# Results for F001-F002-F003-F004-F005-F006-F007-F008-F009-F010-F011-F012-F013-F014-F015-F016-F017-F018-F019-F020-F021-F022-F023-F024-F025-F026-F027-F028-F029-F030-F031-F032-F033-F034-F035-F036-F037-F038-F039-F040-F041-F042-F043-F044-F045-F046-F047-F048-F049-F050-F051-F052-F053-F054-F055-F056-F057-F058-F059-F060-F061-F062-F063-F064-F065-F066-F067-F068-F069-F070-F071-F072-F073-F074-F075-F076-F077-F078-F079-F080-F081-F082-F083-F084-F085-F086-F087-F088-F089-F090-F091-F092-F093-F094-F095-F096-F097-F098-F099-F100-F101-F102-F103-F104-F105-F106-F107-F108-F109-F110-F111-F112-F113-F114-F115-F116-F117-F118-F119-F120-F121-F122-F123-F124-F125-F126-F127-F128-F129-F130-F131-F132-F133-F134-F135-F136-F137-F138-F139-F140-F141-F142-F143-F144-F145-F146-F147-F148-F149-F150-F151-F152-F153-F154-F155-F156-F157-F158-F159-F160-F161-F162-F163-F164-F165-F166-F167-F168-F169-F170-F171-F172-F173-F174-F175-F176-F177-F178-F179-F180-F181-F182-F183-F184-F185-F186-F187-F188-F189-F190-F191-F192-F193-F194-F195-F196-F197-F198-F199-F200-F201-F202-F203-F204-F205-F206-F207-F208-F209-F210-F211-F212-F213-F214-F215-F216-F217-F218-F219-F220-F221-F222-F223-F224-F225-F226-F227-F228-F229-F230-F231-F232-F233-F234-F235-F236-F237-F238-F239-F240-F241-F242-F243-F244-F245-F246-F247-F248-F249-F250-F251-F252-F253-F254-F255-F256-F257-F258-F259-F260-F261-F262-F263-F264-F265-F266-F267-F268-F269-F270-F271-F272-F273-F274-F275-F276-F277-F278-F279-F280-F281-F282-F283-F284-F285-F286-F287-F288-F289-F290-F291-F292-F293-F294-F295-F296-F297-F298-F299-F300-F301-F302-F303-F304-F305-F306-F307-F308-F309-F310-F311-F312-F313-F314-F315-F316-F317-F318-F319-F320-F321-F322-F323-F324-F325-F326-F327-F328-F329-F330-F331-F332-F333-F334-F335-F336-F337-F338-F339-F340-F341-F342-F343-F344-F345-F346-F347-F348-F349-F350-F351-F352-F353-F354-F355-F356-F357-F358-F359-F360-F361-F362-F363-F364-F365-F366-F367-F368-F369-F370-F371-F372-F373-F374-F375-F376-F377-F378-F379-F380-F381-F382-F383-F384-F385-F386-F387-F388-F389-F390-F391-F392-F393-F394-F395-F396-F397-F398-F399-F400-F401-F402-F403-F404-F405-F406-F407-F408-F409-F410-F411-F412-F413-F414-F415-F416-F417-F418-F419-F420-F421-F422-F423-F424-F425-F426-F427-F428-F429-F430-F431-F432-F433-F434-F435-F436-F437-F438-F439-F440-F441-F442-F443-F444-F445-F446-F447-F448-F449-F450-F451-F452-F453-F454-F455-F456-F457-F458-F459-F460-F461-F462-F463-F464-F465-F466-F467-F468-F469-F470-F471-F472-F473-F474-F475-F476-F477-F478-F479-F480-F481-F482-F483-F484-F485-F486-F487-F488-F489-F490-F491-F492-F493-F494-F495-F496-F497-F498-F499-F500-F510-F511-F512

## Summary

Number of input bits: 512  
Number of free input bits: 9  
Number of output bits: 160

Number of direct occurrences: 35946  
Number of assignments: 30528  
Number of operations: 10662907
(xor: 10634448,
and: 15443,
or: 13016)

Total complexity: 3.3894397367793524 × 10^296

Least occurring input variable: iv_502 (3837)  
Most occurring input variable: iv_509 (4163)

Most co-occurring input variables: iv_508-iv_509 (2032)  
Least co-occurring input variables: iv_502-iv_503 (1761)

Potentially most occurring input variable: iv_507/iv_508 (4399)  
Potentially least occurring input variable: iv_504/iv_505 (3957)

Least output occurring input variable: iv_505 (72)  
Most output occurring input variable: iv_509 (87)

Most output co-occurring input variables: iv_501-iv_509 (47)  
Least output co-occurring input variables: iv_505-iv_507 (31)

Potentially most output occurring input variable: iv_503/iv_509 (98)  
Potentially least output occurring input variable: iv_505/iv_508 (66)

Least complex input bit: iv_501 (7.465521365172524 × 10^294)  
Most complex input bit: iv_509 (6.055962439215232 × 10^295)

Least complex output bit: aaa_76_29 (6.659717193577546 × 10^271)  
Most complex output bit: ov_001 (5.589971760912754 × 10^295)

Least complex input/output complexity: iv_501/aaa_76_29 (1.4668577952621225 × 10^270)  
Most complex input/output complexity: iv_509/ov_001 (9.987685767951813 × 10^294)

## Input Bits

### Input Bits in Regular Order

| Input Bit | Complexity | Occurrences | Output Occurrences |
|:---------:|:----------:|:-----------:|:------------------:|
| iv_501 | 7.465521365172524 × 10^294 | 4026 | 79 |
| iv_502 | 1.3600630284730473 × 10^295 | 3837 | 82 |
| iv_503 | 2.3227955260289972 × 10^295 | 3974 | 75 |
| iv_504 | 3.7883659635015934 × 10^295 | 3863 | 78 |
| iv_505 | 5.965905798608781 × 10^295 | 4016 | 72 |
| iv_506 | 3.1638559524546035 × 10^295 | 3884 | 82 |
| iv_507 | 4.516713715895622 × 10^295 | 4114 | 76 |
| iv_508 | 5.974182807098416 × 10^295 | 4069 | 74 |
| iv_509 | 6.055962439215232 × 10^295 | 4163 | 87 |

### Input Bits Sorted by Complexity

| Input Bit | Complexity | Occurrences | Output Occurrences |
|:---------:|:----------:|:-----------:|:------------------:|
| iv_501 | 7.465521365172524 × 10^294 | 4026 | 79 |
| iv_502 | 1.3600630284730473 × 10^295 | 3837 | 82 |
| iv_503 | 2.3227955260289972 × 10^295 | 3974 | 75 |
| iv_506 | 3.1638559524546035 × 10^295 | 3884 | 82 |
| iv_504 | 3.7883659635015934 × 10^295 | 3863 | 78 |
| iv_507 | 4.516713715895622 × 10^295 | 4114 | 76 |
| iv_505 | 5.965905798608781 × 10^295 | 4016 | 72 |
| iv_508 | 5.974182807098416 × 10^295 | 4069 | 74 |
| iv_509 | 6.055962439215232 × 10^295 | 4163 | 87 |

### Input Bits Sorted by Occurrences

| Input Bit | Complexity | Occurrences | Output Occurrences |
|:---------:|:----------:|:-----------:|:------------------:|
| iv_502 | 1.3600630284730473 × 10^295 | 3837 | 82 |
| iv_504 | 3.7883659635015934 × 10^295 | 3863 | 78 |
| iv_506 | 3.1638559524546035 × 10^295 | 3884 | 82 |
| iv_503 | 2.3227955260289972 × 10^295 | 3974 | 75 |
| iv_505 | 5.965905798608781 × 10^295 | 4016 | 72 |
| iv_501 | 7.465521365172524 × 10^294 | 4026 | 79 |
| iv_508 | 5.974182807098416 × 10^295 | 4069 | 74 |
| iv_507 | 4.516713715895622 × 10^295 | 4114 | 76 |
| iv_509 | 6.055962439215232 × 10^295 | 4163 | 87 |

### Input Bits Sorted by Output Occurrences

| Input Bit | Complexity | Occurrences | Output Occurrences |
|:---------:|:----------:|:-----------:|:------------------:|
| iv_505 | 5.965905798608781 × 10^295 | 4016 | 72 |
| iv_508 | 5.974182807098416 × 10^295 | 4069 | 74 |
| iv_503 | 2.3227955260289972 × 10^295 | 3974 | 75 |
| iv_507 | 4.516713715895622 × 10^295 | 4114 | 76 |
| iv_504 | 3.7883659635015934 × 10^295 | 3863 | 78 |
| iv_501 | 7.465521365172524 × 10^294 | 4026 | 79 |
| iv_502 | 1.3600630284730473 × 10^295 | 3837 | 82 |
| iv_506 | 3.1638559524546035 × 10^295 | 3884 | 82 |
| iv_509 | 6.055962439215232 × 10^295 | 4163 | 87 |

## Input Bit Co-occurrences

### Input Bit Co-occurrences Sorted by Co-occurrences

| Input Bits | Co-occurrences | Potential Occurrences | Output Co-occurrences | Potential Output Occurrences |
|:----------:|:--------------:|:---------------------:|:---------------------:|:----------------------------:|
| iv_508-iv_509 | 2032 | 4168 | 40 | 81 |
| iv_507-iv_509 | 2028 | 4221 | 44 | 75 |
| iv_505-iv_507 | 2003 | 4124 | 31 | 86 |
| iv_504-iv_505 | 1961 | 3957 | 39 | 72 |
| iv_505-iv_509 | 1950 | 4279 | 36 | 87 |
| iv_501-iv_507 | 1950 | 4240 | 38 | 79 |
| iv_506-iv_507 | 1948 | 4102 | 39 | 80 |
| iv_503-iv_509 | 1943 | 4251 | 32 | 98 |
| iv_505-iv_508 | 1941 | 4203 | 40 | 66 |

### Input Bit Co-occurrences Sorted by Potential Occurrences

| Input Bits | Co-occurrences | Potential Occurrences | Output Co-occurrences | Potential Output Occurrences |
|:----------:|:--------------:|:---------------------:|:---------------------:|:----------------------------:|
| iv_504-iv_505 | 1961 | 3957 | 39 | 72 |
| iv_502-iv_505 | 1889 | 4075 | 37 | 80 |
| iv_504-iv_506 | 1834 | 4079 | 42 | 76 |
| iv_506-iv_507 | 1948 | 4102 | 39 | 80 |
| iv_505-iv_507 | 2003 | 4124 | 31 | 86 |
| iv_503-iv_506 | 1847 | 4164 | 38 | 81 |
| iv_508-iv_509 | 2032 | 4168 | 40 | 81 |
| iv_502-iv_504 | 1765 | 4170 | 42 | 76 |
| iv_502-iv_506 | 1775 | 4171 | 44 | 76 |

### Input Bit Output Co-occurrences Sorted by Output Co-occurrences

| Input Bits | Co-occurrences | Potential Occurrences | Output Co-occurrences | Potential Output Occurrences |
|:----------:|:--------------:|:---------------------:|:---------------------:|:----------------------------:|
| iv_501-iv_509 | 1922 | 4345 | 47 | 72 |
| iv_502-iv_509 | 1835 | 4330 | 46 | 77 |
| iv_502-iv_506 | 1775 | 4171 | 44 | 76 |
| iv_507-iv_509 | 2028 | 4221 | 44 | 75 |
| iv_506-iv_509 | 1922 | 4203 | 43 | 83 |
| iv_502-iv_504 | 1765 | 4170 | 42 | 76 |
| iv_502-iv_507 | 1865 | 4221 | 42 | 74 |
| iv_504-iv_506 | 1834 | 4079 | 42 | 76 |
| iv_504-iv_509 | 1860 | 4306 | 41 | 83 |

### Input Bit Output Co-occurrences Sorted by Potential Output Occurrences

| Input Bits | Co-occurrences | Potential Occurrences | Output Co-occurrences | Potential Output Occurrences |
|:----------:|:--------------:|:---------------------:|:---------------------:|:----------------------------:|
| iv_505-iv_508 | 1941 | 4203 | 40 | 66 |
| iv_503-iv_505 | 1883 | 4224 | 38 | 71 |
| iv_501-iv_509 | 1922 | 4345 | 47 | 72 |
| iv_504-iv_508 | 1872 | 4188 | 40 | 72 |
| iv_504-iv_505 | 1961 | 3957 | 39 | 72 |
| iv_502-iv_507 | 1865 | 4221 | 42 | 74 |
| iv_507-iv_509 | 2028 | 4221 | 44 | 75 |
| iv_502-iv_504 | 1765 | 4170 | 42 | 76 |
| iv_502-iv_506 | 1775 | 4171 | 44 | 76 |

## Output Bits

### Output Bits in Regular Order

| Rank | Output Bit | Complexity |
|:----:|:----------:|:----------:|
| 1 | ov_001 | 5.589971760912754 × 10^295 |
| 2 | ov_002 | 4.830374487735708 × 10^295 |
| 3 | ov_003 | 4.1489063262163495 × 10^295 |
| 4 | ov_004 | 3.542353191995553 × 10^295 |
| 5 | ov_005 | 3.004811698432216 × 10^295 |
| 6 | ov_006 | 2.530699634914654 × 10^295 |
| 7 | ov_007 | 2.1147345279538408 × 10^295 |
| 8 | ov_008 | 1.751914862970769 × 10^295 |
| 9 | ov_009 | 1.4375037787057185 × 10^295 |
| 10 | ov_010 | 1.1670150761817998 × 10^295 |
| 11 | ov_011 | 9.36201392552065 × 10^294 |
| 12 | ov_012 | 7.410443832001038 × 10^294 |
| 13 | ov_013 | 5.7774671900201135 × 10^294 |
| 14 | ov_014 | 4.4272567204627554 × 10^294 |
| 15 | ov_015 | 3.326080627170694 × 10^294 |
| 16 | ov_016 | 2.4422635674639792 × 10^294 |
| 17 | ov_017 | 1.746157164925896 × 10^294 |
| 18 | ov_018 | 1.2101182632537894 × 10^294 |
| 19 | ov_019 | 8.084932760224392 × 10^293 |
| 20 | ov_020 | 5.176071431287676 × 10^293 |
| 21 | ov_021 | 3.15755624389431 × 10^293 |
| 22 | ov_022 | 1.831999984062106 × 10^293 |
| 23 | ov_023 | 1.0216354322446824 × 10^293 |
| 24 | ov_024 | 5.68293267731912 × 10^292 |
| 25 | ov_025 | 3.3338912931797075 × 10^292 |
| 26 | ov_026 | 1.9791666922197882 × 10^292 |
| 27 | ov_027 | 1.0726663654836668 × 10^292 |
| 28 | ov_028 | 5.165258556934683 × 10^291 |
| 29 | ov_029 | 2.1288180312083926 × 10^291 |
| 30 | ov_030 | 7.046285296368943 × 10^290 |
| 31 | ov_031 | 1.707200815749403 × 10^290 |
| 32 | lv_80_k31 | 4.1354458172247114 × 10^289 |
| 33 | ov_033 | 5.0427190438983175 × 10^290 |
| 34 | ov_034 | 4.383543125435976 × 10^290 |
| 35 | ov_035 | 3.794463196995128 × 10^290 |
| 36 | ov_036 | 3.2694815599710293 × 10^290 |
| 37 | ov_037 | 2.802914489508118 × 10^290 |
| 38 | ov_038 | 2.389369907744923 × 10^290 |
| 39 | ov_039 | 2.0237283301151498 × 10^290 |
| 40 | ov_040 | 1.7011267490271451 × 10^290 |
| 41 | ov_041 | 1.4169451397575496 × 10^290 |
| 42 | ov_042 | 1.1667952928369774 × 10^290 |
| 43 | ov_043 | 9.48539797852797 × 10^289 |
| 44 | ov_044 | 7.601505526560038 × 10^289 |
| 45 | ov_045 | 5.99705515113584 × 10^289 |
| 46 | ov_046 | 4.653861698569104 × 10^289 |
| 47 | ov_047 | 3.55475600924494 × 10^289 |
| 48 | ov_048 | 2.668394944548673 × 10^289 |
| 49 | ov_049 | 1.9654117892420135 × 10^289 |
| 50 | ov_050 | 1.418404964503382 × 10^289 |
| 51 | ov_051 | 1.0019309387465053 × 10^289 |
| 52 | ov_052 | 6.924999740730595 × 10^288 |
| 53 | ov_053 | 4.685735474502269 × 10^288 |
| 54 | ov_054 | 3.105626439822079 × 10^288 |
| 55 | ov_055 | 2.0082654152395466 × 10^288 |
| 56 | ov_056 | 1.2367195763871361 × 10^288 |
| 57 | ov_057 | 7.173902484930102 × 10^287 |
| 58 | ov_058 | 3.864120675598365 × 10^287 |
| 59 | ov_059 | 1.8965175316943077 × 10^287 |
| 60 | ov_060 | 8.270749911232375 × 10^286 |
| 61 | ov_061 | 3.090872176562329 × 10^286 |
| 62 | ov_062 | 9.315978990496188 × 10^285 |
| 63 | ov_063 | 2.0556560842769705 × 10^285 |
| 64 | lv_79_m31 | 3.9958610784134835 × 10^284 |
| 65 | ov_065 | 4.6098488363960893 × 10^285 |
| 66 | ov_066 | 4.6098362556468514 × 10^285 |
| 67 | ov_067 | 4.609832177277946 × 10^285 |
| 68 | ov_068 | 3.9445391680365897 × 10^285 |
| 69 | ov_069 | 3.354749771545237 × 10^285 |
| 70 | ov_070 | 2.8341578659599217 × 10^285 |
| 71 | ov_071 | 2.376846214562032 × 10^285 |
| 72 | ov_072 | 1.9772601061913666 × 10^285 |
| 73 | ov_073 | 1.6301833065352333 × 10^285 |
| 74 | ov_074 | 1.330716202504879 × 10^285 |
| 75 | ov_075 | 1.0742560259161874 × 10^285 |
| 76 | ov_076 | 8.564790458440938 × 10^284 |
| 77 | ov_077 | 6.7332462145971406 × 10^284 |
| 78 | ov_078 | 5.2098100899796494 × 10^284 |
| 79 | ov_079 | 3.958728178459713 × 10^284 |
| 80 | ov_080 | 2.9465001168557353 × 10^284 |
| 81 | ov_081 | 2.1417835125582918 × 10^284 |
| 82 | ov_082 | 1.515311757048866 × 10^284 |
| 83 | ov_083 | 1.039824197479072 × 10^284 |
| 84 | ov_084 | 6.900076399949593 × 10^283 |
| 85 | ov_085 | 4.424481594797388 × 10^283 |
| 86 | ov_086 | 2.7559219107710506 × 10^283 |
| 87 | ov_087 | 1.697158793425218 × 10^283 |
| 88 | ov_088 | 1.06901661197587 × 10^283 |
| 89 | ov_089 | 7.102105907062966 × 10^282 |
| 90 | ov_090 | 4.7722660730445407 × 10^282 |
| 91 | ov_091 | 3.02738160613347 × 10^282 |
| 92 | ov_092 | 1.7793121366592385 × 10^282 |
| 93 | ov_093 | 9.400003308908474 × 10^281 |
| 94 | ov_094 | 4.214226925567451 × 10^281 |
| 95 | aaa_78_28 | 1.3556646638338514 × 10^281 |
| 96 | aaa_78_29 | 5.137854315939025 × 10^280 |
| 97 | ov_097 | 5.603148232431563 × 10^280 |
| 98 | ov_098 | 5.602981958272968 × 10^280 |
| 99 | ov_099 | 5.6029290207436215 × 10^280 |
| 100 | ov_100 | 5.045091168619254 × 10^280 |
| 101 | ov_101 | 4.527838395360588 × 10^280 |
| 102 | ov_102 | 4.049011140963605 × 10^280 |
| 103 | ov_103 | 3.6066099996810956 × 10^280 |
| 104 | ov_104 | 3.1987731086472326 × 10^280 |
| 105 | ov_105 | 2.823755715073978 × 10^280 |
| 106 | ov_106 | 2.4799118091163113 × 10^280 |
| 107 | ov_107 | 2.1656777137109044 × 10^280 |
| 108 | ov_108 | 1.879557526068322 × 10^280 |
| 109 | ov_109 | 1.6201103081581063 × 10^280 |
| 110 | ov_110 | 1.3859389255728524 × 10^280 |
| 111 | ov_111 | 1.1756804356854088 × 10^280 |
| 112 | ov_112 | 9.879979271194792 × 10^279 |
| 113 | ov_113 | 8.215737133248589 × 10^279 |
| 114 | ov_114 | 6.751037835586914 × 10^279 |
| 115 | ov_115 | 5.472934148931371 × 10^279 |
| 116 | ov_116 | 4.368538490594824 × 10^279 |
| 117 | ov_117 | 3.424999380499072 × 10^279 |
| 118 | ov_118 | 2.629486624663684 × 10^279 |
| 119 | ov_119 | 1.9691834754208185 × 10^279 |
| 120 | ov_120 | 1.431282675508359 × 10^279 |
| 121 | ov_121 | 1.0029837729081834 × 10^279 |
| 122 | ov_122 | 6.714909153031106 × 10^278 |
| 123 | ov_123 | 4.240111241289376 × 10^278 |
| 124 | ov_124 | 2.4775304029343554 × 10^278 |
| 125 | ov_125 | 1.299261027122643 × 10^278 |
| 126 | ov_126 | 5.774007696390808 × 10^277 |
| 127 | aaa_77_28 | 1.8404832775777024 × 10^277 |
| 128 | aaa_77_29 | 6.881540220063854 × 10^276 |
| 129 | ov_129 | 6.107814405065793 × 10^276 |
| 130 | ov_130 | 6.107798239397873 × 10^276 |
| 131 | ov_131 | 6.107793062210745 × 10^276 |
| 132 | ov_132 | 5.238059484644487 × 10^276 |
| 133 | ov_133 | 4.464280541214536 × 10^276 |
| 134 | ov_134 | 3.7789470774401934 × 10^276 |
| 135 | ov_135 | 3.174956078567663 × 10^276 |
| 136 | ov_136 | 2.6455807850502244 × 10^276 |
| 137 | ov_137 | 2.1844449578756098 × 10^276 |
| 138 | ov_138 | 1.785500920858544 × 10^276 |
| 139 | ov_139 | 1.4430110010686777 × 10^276 |
| 140 | ov_140 | 1.1515320082579505 × 10^276 |
| 141 | ov_141 | 9.059024133941626 × 10^275 |
| 142 | ov_142 | 7.012319053139795 × 10^275 |
| 143 | ov_143 | 5.3289302317217745 × 10^275 |
| 144 | ov_144 | 3.965145808587997 × 10^275 |
| 145 | ov_145 | 2.8797661793887566 × 10^275 |
| 146 | ov_146 | 2.034066299811933 × 10^275 |
| 147 | ov_147 | 1.3917684941003799 × 10^275 |
| 148 | ov_148 | 9.190236625267163 × 10^274 |
| 149 | ov_149 | 5.843989637455815 × 10^274 |
| 150 | ov_150 | 3.5887022999460734 × 10^274 |
| 151 | ov_151 | 2.158175550662956 × 10^274 |
| 152 | ov_152 | 1.3102274026316926 × 10^274 |
| 153 | ov_153 | 8.266769629264635 × 10^273 |
| 154 | ov_154 | 5.133337041805257 × 10^273 |
| 155 | ov_155 | 2.7909884339423265 × 10^273 |
| 156 | aaa_76_25 | 1.1198366036532682 × 10^273 |
| 157 | aaa_76_26 | 6.883986951015909 × 10^272 |
| 158 | aaa_76_27 | 3.768374385727497 × 10^272 |
| 159 | aaa_76_28 | 1.7723876280731327 × 10^272 |
| 160 | aaa_76_29 | 6.659717193577546 × 10^271 |

### Output Bits Sorted by Complexity

| Rank | Output Bit | Complexity |
|:----:|:----------:|:----------:|
| 160 | aaa_76_29 | 6.659717193577546 × 10^271 |
| 159 | aaa_76_28 | 1.7723876280731327 × 10^272 |
| 158 | aaa_76_27 | 3.768374385727497 × 10^272 |
| 157 | aaa_76_26 | 6.883986951015909 × 10^272 |
| 156 | aaa_76_25 | 1.1198366036532682 × 10^273 |
| 155 | ov_155 | 2.7909884339423265 × 10^273 |
| 154 | ov_154 | 5.133337041805257 × 10^273 |
| 153 | ov_153 | 8.266769629264635 × 10^273 |
| 152 | ov_152 | 1.3102274026316926 × 10^274 |
| 151 | ov_151 | 2.158175550662956 × 10^274 |
| 150 | ov_150 | 3.5887022999460734 × 10^274 |
| 149 | ov_149 | 5.843989637455815 × 10^274 |
| 148 | ov_148 | 9.190236625267163 × 10^274 |
| 147 | ov_147 | 1.3917684941003799 × 10^275 |
| 146 | ov_146 | 2.034066299811933 × 10^275 |
| 145 | ov_145 | 2.8797661793887566 × 10^275 |
| 144 | ov_144 | 3.965145808587997 × 10^275 |
| 143 | ov_143 | 5.3289302317217745 × 10^275 |
| 142 | ov_142 | 7.012319053139795 × 10^275 |
| 141 | ov_141 | 9.059024133941626 × 10^275 |
| 140 | ov_140 | 1.1515320082579505 × 10^276 |
| 139 | ov_139 | 1.4430110010686777 × 10^276 |
| 138 | ov_138 | 1.785500920858544 × 10^276 |
| 137 | ov_137 | 2.1844449578756098 × 10^276 |
| 136 | ov_136 | 2.6455807850502244 × 10^276 |
| 135 | ov_135 | 3.174956078567663 × 10^276 |
| 134 | ov_134 | 3.7789470774401934 × 10^276 |
| 133 | ov_133 | 4.464280541214536 × 10^276 |
| 132 | ov_132 | 5.238059484644487 × 10^276 |
| 131 | ov_131 | 6.107793062210745 × 10^276 |
| 130 | ov_130 | 6.107798239397873 × 10^276 |
| 129 | ov_129 | 6.107814405065793 × 10^276 |
| 128 | aaa_77_29 | 6.881540220063854 × 10^276 |
| 127 | aaa_77_28 | 1.8404832775777024 × 10^277 |
| 126 | ov_126 | 5.774007696390808 × 10^277 |
| 125 | ov_125 | 1.299261027122643 × 10^278 |
| 124 | ov_124 | 2.4775304029343554 × 10^278 |
| 123 | ov_123 | 4.240111241289376 × 10^278 |
| 122 | ov_122 | 6.714909153031106 × 10^278 |
| 121 | ov_121 | 1.0029837729081834 × 10^279 |
| 120 | ov_120 | 1.431282675508359 × 10^279 |
| 119 | ov_119 | 1.9691834754208185 × 10^279 |
| 118 | ov_118 | 2.629486624663684 × 10^279 |
| 117 | ov_117 | 3.424999380499072 × 10^279 |
| 116 | ov_116 | 4.368538490594824 × 10^279 |
| 115 | ov_115 | 5.472934148931371 × 10^279 |
| 114 | ov_114 | 6.751037835586914 × 10^279 |
| 113 | ov_113 | 8.215737133248589 × 10^279 |
| 112 | ov_112 | 9.879979271194792 × 10^279 |
| 111 | ov_111 | 1.1756804356854088 × 10^280 |
| 110 | ov_110 | 1.3859389255728524 × 10^280 |
| 109 | ov_109 | 1.6201103081581063 × 10^280 |
| 108 | ov_108 | 1.879557526068322 × 10^280 |
| 107 | ov_107 | 2.1656777137109044 × 10^280 |
| 106 | ov_106 | 2.4799118091163113 × 10^280 |
| 105 | ov_105 | 2.823755715073978 × 10^280 |
| 104 | ov_104 | 3.1987731086472326 × 10^280 |
| 103 | ov_103 | 3.6066099996810956 × 10^280 |
| 102 | ov_102 | 4.049011140963605 × 10^280 |
| 101 | ov_101 | 4.527838395360588 × 10^280 |
| 100 | ov_100 | 5.045091168619254 × 10^280 |
| 96 | aaa_78_29 | 5.137854315939025 × 10^280 |
| 99 | ov_099 | 5.6029290207436215 × 10^280 |
| 98 | ov_098 | 5.602981958272968 × 10^280 |
| 97 | ov_097 | 5.603148232431563 × 10^280 |
| 95 | aaa_78_28 | 1.3556646638338514 × 10^281 |
| 94 | ov_094 | 4.214226925567451 × 10^281 |
| 93 | ov_093 | 9.400003308908474 × 10^281 |
| 92 | ov_092 | 1.7793121366592385 × 10^282 |
| 91 | ov_091 | 3.02738160613347 × 10^282 |
| 90 | ov_090 | 4.7722660730445407 × 10^282 |
| 89 | ov_089 | 7.102105907062966 × 10^282 |
| 88 | ov_088 | 1.06901661197587 × 10^283 |
| 87 | ov_087 | 1.697158793425218 × 10^283 |
| 86 | ov_086 | 2.7559219107710506 × 10^283 |
| 85 | ov_085 | 4.424481594797388 × 10^283 |
| 84 | ov_084 | 6.900076399949593 × 10^283 |
| 83 | ov_083 | 1.039824197479072 × 10^284 |
| 82 | ov_082 | 1.515311757048866 × 10^284 |
| 81 | ov_081 | 2.1417835125582918 × 10^284 |
| 80 | ov_080 | 2.9465001168557353 × 10^284 |
| 79 | ov_079 | 3.958728178459713 × 10^284 |
| 64 | lv_79_m31 | 3.9958610784134835 × 10^284 |
| 78 | ov_078 | 5.2098100899796494 × 10^284 |
| 77 | ov_077 | 6.7332462145971406 × 10^284 |
| 76 | ov_076 | 8.564790458440938 × 10^284 |
| 75 | ov_075 | 1.0742560259161874 × 10^285 |
| 74 | ov_074 | 1.330716202504879 × 10^285 |
| 73 | ov_073 | 1.6301833065352333 × 10^285 |
| 72 | ov_072 | 1.9772601061913666 × 10^285 |
| 63 | ov_063 | 2.0556560842769705 × 10^285 |
| 71 | ov_071 | 2.376846214562032 × 10^285 |
| 70 | ov_070 | 2.8341578659599217 × 10^285 |
| 69 | ov_069 | 3.354749771545237 × 10^285 |
| 68 | ov_068 | 3.9445391680365897 × 10^285 |
| 67 | ov_067 | 4.609832177277946 × 10^285 |
| 66 | ov_066 | 4.6098362556468514 × 10^285 |
| 65 | ov_065 | 4.6098488363960893 × 10^285 |
| 62 | ov_062 | 9.315978990496188 × 10^285 |
| 61 | ov_061 | 3.090872176562329 × 10^286 |
| 60 | ov_060 | 8.270749911232375 × 10^286 |
| 59 | ov_059 | 1.8965175316943077 × 10^287 |
| 58 | ov_058 | 3.864120675598365 × 10^287 |
| 57 | ov_057 | 7.173902484930102 × 10^287 |
| 56 | ov_056 | 1.2367195763871361 × 10^288 |
| 55 | ov_055 | 2.0082654152395466 × 10^288 |
| 54 | ov_054 | 3.105626439822079 × 10^288 |
| 53 | ov_053 | 4.685735474502269 × 10^288 |
| 52 | ov_052 | 6.924999740730595 × 10^288 |
| 51 | ov_051 | 1.0019309387465053 × 10^289 |
| 50 | ov_050 | 1.418404964503382 × 10^289 |
| 49 | ov_049 | 1.9654117892420135 × 10^289 |
| 48 | ov_048 | 2.668394944548673 × 10^289 |
| 47 | ov_047 | 3.55475600924494 × 10^289 |
| 32 | lv_80_k31 | 4.1354458172247114 × 10^289 |
| 46 | ov_046 | 4.653861698569104 × 10^289 |
| 45 | ov_045 | 5.99705515113584 × 10^289 |
| 44 | ov_044 | 7.601505526560038 × 10^289 |
| 43 | ov_043 | 9.48539797852797 × 10^289 |
| 42 | ov_042 | 1.1667952928369774 × 10^290 |
| 41 | ov_041 | 1.4169451397575496 × 10^290 |
| 40 | ov_040 | 1.7011267490271451 × 10^290 |
| 31 | ov_031 | 1.707200815749403 × 10^290 |
| 39 | ov_039 | 2.0237283301151498 × 10^290 |
| 38 | ov_038 | 2.389369907744923 × 10^290 |
| 37 | ov_037 | 2.802914489508118 × 10^290 |
| 36 | ov_036 | 3.2694815599710293 × 10^290 |
| 35 | ov_035 | 3.794463196995128 × 10^290 |
| 34 | ov_034 | 4.383543125435976 × 10^290 |
| 33 | ov_033 | 5.0427190438983175 × 10^290 |
| 30 | ov_030 | 7.046285296368943 × 10^290 |
| 29 | ov_029 | 2.1288180312083926 × 10^291 |
| 28 | ov_028 | 5.165258556934683 × 10^291 |
| 27 | ov_027 | 1.0726663654836668 × 10^292 |
| 26 | ov_026 | 1.9791666922197882 × 10^292 |
| 25 | ov_025 | 3.3338912931797075 × 10^292 |
| 24 | ov_024 | 5.68293267731912 × 10^292 |
| 23 | ov_023 | 1.0216354322446824 × 10^293 |
| 22 | ov_022 | 1.831999984062106 × 10^293 |
| 21 | ov_021 | 3.15755624389431 × 10^293 |
| 20 | ov_020 | 5.176071431287676 × 10^293 |
| 19 | ov_019 | 8.084932760224392 × 10^293 |
| 18 | ov_018 | 1.2101182632537894 × 10^294 |
| 17 | ov_017 | 1.746157164925896 × 10^294 |
| 16 | ov_016 | 2.4422635674639792 × 10^294 |
| 15 | ov_015 | 3.326080627170694 × 10^294 |
| 14 | ov_014 | 4.4272567204627554 × 10^294 |
| 13 | ov_013 | 5.7774671900201135 × 10^294 |
| 12 | ov_012 | 7.410443832001038 × 10^294 |
| 11 | ov_011 | 9.36201392552065 × 10^294 |
| 10 | ov_010 | 1.1670150761817998 × 10^295 |
| 9 | ov_009 | 1.4375037787057185 × 10^295 |
| 8 | ov_008 | 1.751914862970769 × 10^295 |
| 7 | ov_007 | 2.1147345279538408 × 10^295 |
| 6 | ov_006 | 2.530699634914654 × 10^295 |
| 5 | ov_005 | 3.004811698432216 × 10^295 |
| 4 | ov_004 | 3.542353191995553 × 10^295 |
| 3 | ov_003 | 4.1489063262163495 × 10^295 |
| 2 | ov_002 | 4.830374487735708 × 10^295 |
| 1 | ov_001 | 5.589971760912754 × 10^295 |

