# Results for F001-F002-F003-F004-F005-F006-F007-F008-F009-F010-F011-F012-F013-F014-F015-F016-F017-F018-F019-F020-F021-F022-F023-F024-F025-F026-F027-F028-F029-F030-F031-F032-F033-F034-F035-F036-F037-F038-F039-F040-F041-F042-F043-F044-F045-F046-F047-F048-F049-F050-F051-F052-F053-F054-F055-F056-F057-F058-F059-F060-F061-F062-F063-F064-F065-F066-F067-F068-F069-F070-F071-F072-F073-F074-F075-F076-F077-F078-F079-F080-F081-F082-F083-F084-F085-F086-F087-F088-F089-F090-F091-F092-F093-F094-F095-F096-F097-F098-F099-F100-F101-F102-F103-F104-F105-F106-F107-F108-F109-F110-F111-F112-F113-F114-F115-F116-F117-F118-F119-F120-F121-F122-F123-F124-F125-F126-F127-F128-F129-F130-F131-F132-F133-F134-F135-F136-F137-F138-F139-F140-F141-F142-F143-F144-F145-F146-F147-F148-F149-F150-F151-F152-F153-F154-F155-F156-F157-F158-F159-F160-F161-F162-F163-F164-F165-F166-F167-F168-F169-F170-F171-F172-F173-F174-F175-F176-F177-F178-F179-F180-F181-F182-F183-F184-F185-F186-F187-F188-F189-F190-F191-F192-F193-F194-F195-F196-F197-F198-F199-F200-F201-F202-F203-F204-F205-F206-F207-F208-F209-F210-F211-F212-F213-F214-F215-F216-F217-F218-F219-F220-F221-F222-F223-F224-F225-F226-F227-F228-F229-F230-F231-F232-F233-F234-F235-F236-F237-F238-F239-F240-F241-F242-F243-F244-F245-F246-F247-F248-F249-F250-F251-F252-F253-F254-F255-F256-F257-F258-F259-F260-F261-F262-F263-F264-F265-F266-F267-F268-F269-F270-F271-F272-F273-F274-F275-F276-F277-F278-F279-F280-F281-F282-F283-F284-F285-F286-F287-F288-F289-F290-F291-F292-F293-F294-F295-F296-F297-F298-F299-F300-F301-F302-F303-F304-F305-F306-F307-F308-F309-F310-F311-F312-F313-F314-F315-F316-F317-F318-F319-F320-F321-F322-F323-F324-F325-F326-F327-F328-F329-F330-F331-F332-F333-F334-F335-F336-F337-F338-F339-F340-F341-F342-F343-F344-F345-F346-F347-F348-F349-F350-F351-F352-F353-F354-F355-F356-F357-F358-F359-F360-F361-F362-F363-F364-F365-F366-F367-F368-F369-F370-F371-F372-F373-F374-F375-F376-F377-F378-F379-F380-F381-F382-F383-F384-F385-F386-F387-F388-F389-F390-F391-F392-F393-F394-F395-F396-F397-F398-F399-F400-F401-F402-F403-F404-F405-F406-F407-F408-F409-F410-F411-F412-F413-F414-F415-F416-F417-F418-F419-F420-F421-F422-F423-F424-F425-F426-F427-F428-F429-F430-F431-F432-F433-F434-F435-F436-F437-F438-F439-F440-F441-F442-F443-F444-F445-F446-F447-F448-F449-F450-F451-F452-F453-F454-F455-F456-F457-F458-F459-F460-F461-F462-F463-F464-F465-F466-F467-F468-F469-F470-F471-F472-F473-F474-F475-F476-F477-F478-F479-F480-F481-F482-F483-F484-F485-F486-F487-F488-F489-F490-F491-F492-F493-F494-F495-F496-E499505-O499508-E504506-F509-F510-F511-F512

## Summary

Number of input bits: 512  
Number of free input bits: 9  
Number of output bits: 160

Number of direct occurrences: 36417  
Number of assignments: 31075  
Number of operations: 10888573
(xor: 10860555,
and: 14731,
or: 13287)

Total complexity: 2.6927357744315565 × 10^298

Least occurring input variable: iv_502 (3799)  
Most occurring input variable: iv_499 (4365)

Most co-occurring input variables: iv_499-iv_507 (2030)  
Least co-occurring input variables: iv_498-iv_502 (1728)

Potentially most occurring input variable: iv_499/iv_502 (4616)  
Potentially least occurring input variable: iv_500/iv_502 (4161)

Least output occurring input variable: iv_499 (68)  
Most output occurring input variable: iv_497 (94)

Most output co-occurring input variables: iv_500-iv_501 (53)  
Least output co-occurring input variables: iv_499-iv_507 (26)

Potentially most output occurring input variable: iv_499/iv_507 (93)  
Potentially least output occurring input variable: iv_500/iv_501 (63)

Least complex input bit: iv_497 (9.556735777442479 × 10^295)  
Most complex input bit: iv_499 (1.066781219465379 × 10^298)

Least complex output bit: aaa_76_29 (6.062195670177089 × 10^273)  
Most complex output bit: ov_001 (4.3072626719207853 × 10^297)

Least complex input/output complexity: iv_497/aaa_76_29 (2.151521987457845 × 10^271)  
Most complex input/output complexity: iv_499/ov_001 (1.7064083930326784 × 10^297)

## Input Bits

### Input Bits in Regular Order

| Input Bit | Complexity | Occurrences | Output Occurrences |
|:---------:|:----------:|:-----------:|:------------------:|
| iv_497 | 9.556735777442479 × 10^295 | 4083 | 94 |
| iv_498 | 1.9124540875616434 × 10^296 | 3897 | 88 |
| iv_499 | 1.066781219465379 × 10^298 | 4365 | 68 |
| iv_500 | 5.684651912610795 × 10^296 | 4042 | 85 |
| iv_501 | 9.357152927310622 × 10^296 | 4042 | 84 |
| iv_502 | 1.508462597249708 × 10^297 | 3799 | 72 |
| iv_503 | 2.389044185230031 × 10^297 | 4041 | 73 |
| iv_504 | 6.541905965050076 × 10^297 | 4024 | 70 |
| iv_507 | 4.02913955160925 × 10^297 | 4124 | 77 |

### Input Bits Sorted by Complexity

| Input Bit | Complexity | Occurrences | Output Occurrences |
|:---------:|:----------:|:-----------:|:------------------:|
| iv_497 | 9.556735777442479 × 10^295 | 4083 | 94 |
| iv_498 | 1.9124540875616434 × 10^296 | 3897 | 88 |
| iv_500 | 5.684651912610795 × 10^296 | 4042 | 85 |
| iv_501 | 9.357152927310622 × 10^296 | 4042 | 84 |
| iv_502 | 1.508462597249708 × 10^297 | 3799 | 72 |
| iv_503 | 2.389044185230031 × 10^297 | 4041 | 73 |
| iv_507 | 4.02913955160925 × 10^297 | 4124 | 77 |
| iv_504 | 6.541905965050076 × 10^297 | 4024 | 70 |
| iv_499 | 1.066781219465379 × 10^298 | 4365 | 68 |

### Input Bits Sorted by Occurrences

| Input Bit | Complexity | Occurrences | Output Occurrences |
|:---------:|:----------:|:-----------:|:------------------:|
| iv_502 | 1.508462597249708 × 10^297 | 3799 | 72 |
| iv_498 | 1.9124540875616434 × 10^296 | 3897 | 88 |
| iv_504 | 6.541905965050076 × 10^297 | 4024 | 70 |
| iv_503 | 2.389044185230031 × 10^297 | 4041 | 73 |
| iv_501 | 9.357152927310622 × 10^296 | 4042 | 84 |
| iv_500 | 5.684651912610795 × 10^296 | 4042 | 85 |
| iv_497 | 9.556735777442479 × 10^295 | 4083 | 94 |
| iv_507 | 4.02913955160925 × 10^297 | 4124 | 77 |
| iv_499 | 1.066781219465379 × 10^298 | 4365 | 68 |

### Input Bits Sorted by Output Occurrences

| Input Bit | Complexity | Occurrences | Output Occurrences |
|:---------:|:----------:|:-----------:|:------------------:|
| iv_499 | 1.066781219465379 × 10^298 | 4365 | 68 |
| iv_504 | 6.541905965050076 × 10^297 | 4024 | 70 |
| iv_502 | 1.508462597249708 × 10^297 | 3799 | 72 |
| iv_503 | 2.389044185230031 × 10^297 | 4041 | 73 |
| iv_507 | 4.02913955160925 × 10^297 | 4124 | 77 |
| iv_501 | 9.357152927310622 × 10^296 | 4042 | 84 |
| iv_500 | 5.684651912610795 × 10^296 | 4042 | 85 |
| iv_498 | 1.9124540875616434 × 10^296 | 3897 | 88 |
| iv_497 | 9.556735777442479 × 10^295 | 4083 | 94 |

## Input Bit Co-occurrences

### Input Bit Co-occurrences Sorted by Co-occurrences

| Input Bits | Co-occurrences | Potential Occurrences | Output Co-occurrences | Potential Output Occurrences |
|:----------:|:--------------:|:---------------------:|:---------------------:|:----------------------------:|
| iv_499-iv_507 | 2030 | 4429 | 26 | 93 |
| iv_497-iv_507 | 1977 | 4253 | 43 | 85 |
| iv_497-iv_501 | 1975 | 4175 | 49 | 80 |
| iv_497-iv_499 | 1975 | 4498 | 41 | 80 |
| iv_499-iv_500 | 1964 | 4479 | 33 | 87 |
| iv_499-iv_503 | 1957 | 4492 | 32 | 77 |
| iv_497-iv_503 | 1952 | 4220 | 42 | 83 |
| iv_500-iv_501 | 1947 | 4190 | 53 | 63 |
| iv_500-iv_507 | 1938 | 4290 | 40 | 82 |

### Input Bit Co-occurrences Sorted by Potential Occurrences

| Input Bits | Co-occurrences | Potential Occurrences | Output Co-occurrences | Potential Output Occurrences |
|:----------:|:--------------:|:---------------------:|:---------------------:|:----------------------------:|
| iv_500-iv_502 | 1840 | 4161 | 39 | 79 |
| iv_497-iv_501 | 1975 | 4175 | 49 | 80 |
| iv_500-iv_501 | 1947 | 4190 | 53 | 63 |
| iv_497-iv_502 | 1846 | 4190 | 42 | 82 |
| iv_502-iv_507 | 1866 | 4191 | 39 | 71 |
| iv_498-iv_500 | 1871 | 4197 | 49 | 75 |
| iv_497-iv_503 | 1952 | 4220 | 42 | 83 |
| iv_497-iv_498 | 1880 | 4220 | 52 | 78 |
| iv_498-iv_501 | 1859 | 4221 | 50 | 72 |

### Input Bit Output Co-occurrences Sorted by Output Co-occurrences

| Input Bits | Co-occurrences | Potential Occurrences | Output Co-occurrences | Potential Output Occurrences |
|:----------:|:--------------:|:---------------------:|:---------------------:|:----------------------------:|
| iv_500-iv_501 | 1947 | 4190 | 53 | 63 |
| iv_497-iv_498 | 1880 | 4220 | 52 | 78 |
| iv_498-iv_501 | 1859 | 4221 | 50 | 72 |
| iv_498-iv_500 | 1871 | 4197 | 49 | 75 |
| iv_497-iv_501 | 1975 | 4175 | 49 | 80 |
| iv_500-iv_503 | 1920 | 4243 | 43 | 72 |
| iv_497-iv_500 | 1933 | 4259 | 43 | 93 |
| iv_497-iv_507 | 1977 | 4253 | 43 | 85 |
| iv_498-iv_502 | 1728 | 4240 | 42 | 76 |

### Input Bit Output Co-occurrences Sorted by Potential Output Occurrences

| Input Bits | Co-occurrences | Potential Occurrences | Output Co-occurrences | Potential Output Occurrences |
|:----------:|:--------------:|:---------------------:|:---------------------:|:----------------------------:|
| iv_500-iv_501 | 1947 | 4190 | 53 | 63 |
| iv_502-iv_507 | 1866 | 4191 | 39 | 71 |
| iv_504-iv_507 | 1863 | 4422 | 38 | 71 |
| iv_500-iv_503 | 1920 | 4243 | 43 | 72 |
| iv_498-iv_501 | 1859 | 4221 | 50 | 72 |
| iv_500-iv_504 | 1859 | 4348 | 41 | 73 |
| iv_498-iv_500 | 1871 | 4197 | 49 | 75 |
| iv_498-iv_502 | 1728 | 4240 | 42 | 76 |
| iv_499-iv_503 | 1957 | 4492 | 32 | 77 |

## Output Bits

### Output Bits in Regular Order

| Rank | Output Bit | Complexity |
|:----:|:----------:|:----------:|
| 1 | ov_001 | 4.3072626719207853 × 10^297 |
| 2 | ov_002 | 3.735366221299471 × 10^297 |
| 3 | ov_003 | 3.223053605783949 × 10^297 |
| 4 | ov_004 | 2.7658100468132167 × 10^297 |
| 5 | ov_005 | 2.359366931797498 × 10^297 |
| 6 | ov_006 | 1.9996842617365202 × 10^297 |
| 7 | ov_007 | 1.6829353650248047 × 10^297 |
| 8 | ov_008 | 1.4054937301934455 × 10^297 |
| 9 | ov_009 | 1.1639217936242982 × 10^297 |
| 10 | ov_010 | 9.549614881962662 × 10^296 |
| 11 | ov_011 | 7.755263565926331 × 10^296 |
| 12 | ov_012 | 6.226950442096872 × 10^296 |
| 13 | ov_013 | 4.937059976080943 × 10^296 |
| 14 | ov_014 | 3.85953205288054 × 10^296 |
| 15 | ov_015 | 2.9698282828703932 × 10^296 |
| 16 | ov_016 | 2.2449057872682247 × 10^296 |
| 17 | ov_017 | 1.6631971499944366 × 10^296 |
| 18 | ov_018 | 1.2045953279844045 × 10^296 |
| 19 | ov_019 | 8.504424168579586 × 10^295 |
| 20 | ov_020 | 5.835213228177346 × 10^295 |
| 21 | ov_021 | 3.8804963764682897 × 10^295 |
| 22 | ov_022 | 2.496752400247861 × 10^295 |
| 23 | ov_023 | 1.554732544215112 × 10^295 |
| 24 | ov_024 | 9.394405097636532 × 10^294 |
| 25 | ov_025 | 5.50120219065404 × 10^294 |
| 26 | ov_026 | 3.002491143024478 × 10^294 |
| 27 | ov_027 | 1.5012374003170516 × 10^294 |
| 28 | ov_028 | 6.7155362276697584 × 10^293 |
| 29 | ov_029 | 2.586965185075445 × 10^293 |
| 30 | ov_030 | 7.906601360390658 × 10^292 |
| 31 | ov_031 | 1.541776794359394 × 10^292 |
| 32 | lv_80_m31 | 3.005937995228037 × 10^291 |
| 33 | ov_033 | 3.6016352988102117 × 10^292 |
| 34 | ov_034 | 3.122903600594389 × 10^292 |
| 35 | ov_035 | 2.694646008879469 × 10^292 |
| 36 | ov_036 | 2.312758211373087 × 10^292 |
| 37 | ov_037 | 1.9733566152040912 × 10^292 |
| 38 | ov_038 | 1.6727628156560159 × 10^292 |
| 39 | ov_039 | 1.4074901894075821 × 10^292 |
| 40 | ov_040 | 1.1742324036507476 × 10^292 |
| 41 | ov_041 | 9.698536451860774 × 10^291 |
| 42 | ov_042 | 7.92827517523036 × 10^291 |
| 43 | ov_043 | 6.417068888014849 × 10^291 |
| 44 | ov_044 | 5.138233899067994 × 10^291 |
| 45 | ov_045 | 4.0665378012899775 × 10^291 |
| 46 | ov_046 | 3.1781624113350954 × 10^291 |
| 47 | ov_047 | 2.4506745101424425 × 10^291 |
| 48 | ov_048 | 1.8630031717224152 × 10^291 |
| 49 | ov_049 | 1.3954225612374877 × 10^291 |
| 50 | ov_050 | 1.029539175290575 × 10^291 |
| 51 | ov_051 | 7.48282587860508 × 10^290 |
| 52 | ov_052 | 5.3589885483350105 × 10^290 |
| 53 | ov_053 | 3.779458552263953 × 10^290 |
| 54 | ov_054 | 2.6129003910390837 × 10^290 |
| 55 | ov_055 | 1.7410422733422396 × 10^290 |
| 56 | ov_056 | 1.1080120466752262 × 10^290 |
| 57 | ov_057 | 6.644596054060966 × 10^289 |
| 58 | ov_058 | 3.675537306267476 × 10^289 |
| 59 | ov_059 | 1.809804117046129 × 10^289 |
| 60 | ov_060 | 7.494206740152048 × 10^288 |
| 61 | ov_061 | 2.615725870223654 × 10^288 |
| 62 | ov_062 | 7.169807967090988 × 10^287 |
| 63 | ov_063 | 1.3962686860417932 × 10^287 |
| 64 | lv_79_m31 | 2.718531742589834 × 10^286 |
| 65 | ov_065 | 3.2292926678802296 × 10^287 |
| 66 | ov_066 | 3.2292823269783046 × 10^287 |
| 67 | ov_067 | 3.2292797959976757 × 10^287 |
| 68 | ov_068 | 2.787797399422032 × 10^287 |
| 69 | ov_069 | 2.394359680388213 × 10^287 |
| 70 | ov_070 | 2.0450504164434697 × 10^287 |
| 71 | ov_071 | 1.7361944283884184 × 10^287 |
| 72 | ov_072 | 1.4643412537980014 × 10^287 |
| 73 | ov_073 | 1.226250262250859 × 10^287 |
| 74 | ov_074 | 1.0188771364728297 × 10^287 |
| 75 | ov_075 | 8.393616464430889 × 10^286 |
| 76 | ov_076 | 6.850166458337737 × 10^286 |
| 77 | ov_077 | 5.533182220243671 × 10^286 |
| 78 | ov_078 | 4.418969324144765 × 10^286 |
| 79 | ov_079 | 3.485300609126099 × 10^286 |
| 80 | ov_080 | 2.7113482935919535 × 10^286 |
| 81 | ov_081 | 2.0776249930020594 × 10^286 |
| 82 | ov_082 | 1.5659330000967278 × 10^286 |
| 83 | ov_083 | 1.159321190066227 × 10^286 |
| 84 | ov_084 | 8.420489155951689 × 10^285 |
| 85 | ov_085 | 5.99556258455543 × 10^285 |
| 86 | ov_086 | 4.18440005519364 × 10^285 |
| 87 | ov_087 | 2.864347178518922 × 10^285 |
| 88 | ov_088 | 1.9239826204030356 × 10^285 |
| 89 | ov_089 | 1.2630117320045724 × 10^285 |
| 90 | ov_090 | 7.921921925725713 × 10^284 |
| 91 | ov_091 | 4.696584329149963 × 10^284 |
| 92 | ov_092 | 2.5903738179052793 × 10^284 |
| 93 | ov_093 | 1.2943796210066789 × 10^284 |
| 94 | ov_094 | 5.544592920851178 × 10^283 |
| 95 | aaa_78_28 | 1.7121763504985258 × 10^283 |
| 96 | aaa_78_29 | 5.2584512554723806 × 10^282 |
| 97 | ov_097 | 3.4731420077882054 × 10^282 |
| 98 | ov_098 | 3.4730381751110635 × 10^282 |
| 99 | ov_099 | 3.4730050261803007 × 10^282 |
| 100 | ov_100 | 3.1254960034327925 × 10^282 |
| 101 | ov_101 | 2.803589892077195 × 10^282 |
| 102 | ov_102 | 2.50588742292175 × 10^282 |
| 103 | ov_103 | 2.2310914200895637 × 10^282 |
| 104 | ov_104 | 1.9779933569340414 × 10^282 |
| 105 | ov_105 | 1.7454611489639748 × 10^282 |
| 106 | ov_106 | 1.5324281207295943 × 10^282 |
| 107 | ov_107 | 1.3378830857644794 × 10^282 |
| 108 | ov_108 | 1.1608614803728512 × 10^282 |
| 109 | ov_109 | 1.0004374933641097 × 10^282 |
| 110 | ov_110 | 8.5571713482507 × 10^281 |
| 111 | ov_111 | 7.258321877416652 × 10^281 |
| 112 | ov_112 | 6.0993498678799225 × 10^281 |
| 113 | ov_113 | 5.071939689395662 × 10^281 |
| 114 | ov_114 | 4.167899407833087 × 10^281 |
| 115 | ov_115 | 3.379130075284109 × 10^281 |
| 116 | ov_116 | 2.6976010880245547 × 10^281 |
| 117 | ov_117 | 2.1153310636897594 × 10^281 |
| 118 | ov_118 | 1.624373689383244 × 10^281 |
| 119 | ov_119 | 1.2168075425537755 × 10^281 |
| 120 | ov_120 | 8.847285049734878 × 10^280 |
| 121 | ov_121 | 6.202439773063916 × 10^280 |
| 122 | ov_122 | 4.154686203975964 × 10^280 |
| 123 | ov_123 | 2.625213494321017 × 10^280 |
| 124 | ov_124 | 1.535233071158405 × 10^280 |
| 125 | ov_125 | 8.059660861428688 × 10^279 |
| 126 | ov_126 | 3.586370166844072 × 10^279 |
| 127 | aaa_77_28 | 1.1447121109133295 × 10^279 |
| 128 | aaa_77_29 | 4.288685556363667 × 10^278 |
| 129 | ov_129 | 3.944147161657542 × 10^278 |
| 130 | ov_130 | 3.944135364536252 × 10^278 |
| 131 | ov_131 | 3.94413251530626 × 10^278 |
| 132 | ov_132 | 3.413551793350113 × 10^278 |
| 133 | ov_133 | 2.9388730562194455 × 10^278 |
| 134 | ov_134 | 2.515864126680855 × 10^278 |
| 135 | ov_135 | 2.140515970586309 × 10^278 |
| 136 | ov_136 | 1.8090266629366246 × 10^278 |
| 137 | ov_137 | 1.5177876698508577 × 10^278 |
| 138 | ov_138 | 1.2633722193789328 × 10^278 |
| 139 | ov_139 | 1.0425255454968051 × 10^278 |
| 140 | ov_140 | 8.521568007302638 × 10^277 |
| 141 | ov_141 | 6.893324437386559 × 10^277 |
| 142 | ov_142 | 5.512709189136758 × 10^277 |
| 143 | ov_143 | 4.35338455659263 × 10^277 |
| 144 | ov_144 | 3.3904582555353375 × 10^277 |
| 145 | ov_145 | 2.6004590607923208 × 10^277 |
| 146 | ov_146 | 1.9613191006300368 × 10^277 |
| 147 | ov_147 | 1.4523615039638655 × 10^277 |
| 148 | ov_148 | 1.054292200287449 × 10^277 |
| 149 | ov_149 | 7.491947762823796 × 10^276 |
| 150 | ov_150 | 5.205273970418591 × 10^276 |
| 151 | ov_151 | 3.531209462792503 × 10^276 |
| 152 | ov_152 | 2.331778008897814 × 10^276 |
| 153 | ov_153 | 1.48270962325452 × 10^276 |
| 154 | ov_154 | 8.734345033655415 × 10^275 |
| 155 | ov_155 | 4.520921670990724 × 10^275 |
| 156 | aaa_76_25 | 1.73669552137033 × 10^275 |
| 157 | aaa_76_26 | 1.0023699452865504 × 10^275 |
| 158 | aaa_76_27 | 5.127904087199146 × 10^274 |
| 159 | aaa_76_28 | 1.99498269161883 × 10^274 |
| 160 | aaa_76_29 | 6.062195670177089 × 10^273 |

### Output Bits Sorted by Complexity

| Rank | Output Bit | Complexity |
|:----:|:----------:|:----------:|
| 160 | aaa_76_29 | 6.062195670177089 × 10^273 |
| 159 | aaa_76_28 | 1.99498269161883 × 10^274 |
| 158 | aaa_76_27 | 5.127904087199146 × 10^274 |
| 157 | aaa_76_26 | 1.0023699452865504 × 10^275 |
| 156 | aaa_76_25 | 1.73669552137033 × 10^275 |
| 155 | ov_155 | 4.520921670990724 × 10^275 |
| 154 | ov_154 | 8.734345033655415 × 10^275 |
| 153 | ov_153 | 1.48270962325452 × 10^276 |
| 152 | ov_152 | 2.331778008897814 × 10^276 |
| 151 | ov_151 | 3.531209462792503 × 10^276 |
| 150 | ov_150 | 5.205273970418591 × 10^276 |
| 149 | ov_149 | 7.491947762823796 × 10^276 |
| 148 | ov_148 | 1.054292200287449 × 10^277 |
| 147 | ov_147 | 1.4523615039638655 × 10^277 |
| 146 | ov_146 | 1.9613191006300368 × 10^277 |
| 145 | ov_145 | 2.6004590607923208 × 10^277 |
| 144 | ov_144 | 3.3904582555353375 × 10^277 |
| 143 | ov_143 | 4.35338455659263 × 10^277 |
| 142 | ov_142 | 5.512709189136758 × 10^277 |
| 141 | ov_141 | 6.893324437386559 × 10^277 |
| 140 | ov_140 | 8.521568007302638 × 10^277 |
| 139 | ov_139 | 1.0425255454968051 × 10^278 |
| 138 | ov_138 | 1.2633722193789328 × 10^278 |
| 137 | ov_137 | 1.5177876698508577 × 10^278 |
| 136 | ov_136 | 1.8090266629366246 × 10^278 |
| 135 | ov_135 | 2.140515970586309 × 10^278 |
| 134 | ov_134 | 2.515864126680855 × 10^278 |
| 133 | ov_133 | 2.9388730562194455 × 10^278 |
| 132 | ov_132 | 3.413551793350113 × 10^278 |
| 131 | ov_131 | 3.94413251530626 × 10^278 |
| 130 | ov_130 | 3.944135364536252 × 10^278 |
| 129 | ov_129 | 3.944147161657542 × 10^278 |
| 128 | aaa_77_29 | 4.288685556363667 × 10^278 |
| 127 | aaa_77_28 | 1.1447121109133295 × 10^279 |
| 126 | ov_126 | 3.586370166844072 × 10^279 |
| 125 | ov_125 | 8.059660861428688 × 10^279 |
| 124 | ov_124 | 1.535233071158405 × 10^280 |
| 123 | ov_123 | 2.625213494321017 × 10^280 |
| 122 | ov_122 | 4.154686203975964 × 10^280 |
| 121 | ov_121 | 6.202439773063916 × 10^280 |
| 120 | ov_120 | 8.847285049734878 × 10^280 |
| 119 | ov_119 | 1.2168075425537755 × 10^281 |
| 118 | ov_118 | 1.624373689383244 × 10^281 |
| 117 | ov_117 | 2.1153310636897594 × 10^281 |
| 116 | ov_116 | 2.6976010880245547 × 10^281 |
| 115 | ov_115 | 3.379130075284109 × 10^281 |
| 114 | ov_114 | 4.167899407833087 × 10^281 |
| 113 | ov_113 | 5.071939689395662 × 10^281 |
| 112 | ov_112 | 6.0993498678799225 × 10^281 |
| 111 | ov_111 | 7.258321877416652 × 10^281 |
| 110 | ov_110 | 8.5571713482507 × 10^281 |
| 109 | ov_109 | 1.0004374933641097 × 10^282 |
| 108 | ov_108 | 1.1608614803728512 × 10^282 |
| 107 | ov_107 | 1.3378830857644794 × 10^282 |
| 106 | ov_106 | 1.5324281207295943 × 10^282 |
| 105 | ov_105 | 1.7454611489639748 × 10^282 |
| 104 | ov_104 | 1.9779933569340414 × 10^282 |
| 103 | ov_103 | 2.2310914200895637 × 10^282 |
| 102 | ov_102 | 2.50588742292175 × 10^282 |
| 101 | ov_101 | 2.803589892077195 × 10^282 |
| 100 | ov_100 | 3.1254960034327925 × 10^282 |
| 99 | ov_099 | 3.4730050261803007 × 10^282 |
| 98 | ov_098 | 3.4730381751110635 × 10^282 |
| 97 | ov_097 | 3.4731420077882054 × 10^282 |
| 96 | aaa_78_29 | 5.2584512554723806 × 10^282 |
| 95 | aaa_78_28 | 1.7121763504985258 × 10^283 |
| 94 | ov_094 | 5.544592920851178 × 10^283 |
| 93 | ov_093 | 1.2943796210066789 × 10^284 |
| 92 | ov_092 | 2.5903738179052793 × 10^284 |
| 91 | ov_091 | 4.696584329149963 × 10^284 |
| 90 | ov_090 | 7.921921925725713 × 10^284 |
| 89 | ov_089 | 1.2630117320045724 × 10^285 |
| 88 | ov_088 | 1.9239826204030356 × 10^285 |
| 87 | ov_087 | 2.864347178518922 × 10^285 |
| 86 | ov_086 | 4.18440005519364 × 10^285 |
| 85 | ov_085 | 5.99556258455543 × 10^285 |
| 84 | ov_084 | 8.420489155951689 × 10^285 |
| 83 | ov_083 | 1.159321190066227 × 10^286 |
| 82 | ov_082 | 1.5659330000967278 × 10^286 |
| 81 | ov_081 | 2.0776249930020594 × 10^286 |
| 80 | ov_080 | 2.7113482935919535 × 10^286 |
| 64 | lv_79_m31 | 2.718531742589834 × 10^286 |
| 79 | ov_079 | 3.485300609126099 × 10^286 |
| 78 | ov_078 | 4.418969324144765 × 10^286 |
| 77 | ov_077 | 5.533182220243671 × 10^286 |
| 76 | ov_076 | 6.850166458337737 × 10^286 |
| 75 | ov_075 | 8.393616464430889 × 10^286 |
| 74 | ov_074 | 1.0188771364728297 × 10^287 |
| 73 | ov_073 | 1.226250262250859 × 10^287 |
| 63 | ov_063 | 1.3962686860417932 × 10^287 |
| 72 | ov_072 | 1.4643412537980014 × 10^287 |
| 71 | ov_071 | 1.7361944283884184 × 10^287 |
| 70 | ov_070 | 2.0450504164434697 × 10^287 |
| 69 | ov_069 | 2.394359680388213 × 10^287 |
| 68 | ov_068 | 2.787797399422032 × 10^287 |
| 67 | ov_067 | 3.2292797959976757 × 10^287 |
| 66 | ov_066 | 3.2292823269783046 × 10^287 |
| 65 | ov_065 | 3.2292926678802296 × 10^287 |
| 62 | ov_062 | 7.169807967090988 × 10^287 |
| 61 | ov_061 | 2.615725870223654 × 10^288 |
| 60 | ov_060 | 7.494206740152048 × 10^288 |
| 59 | ov_059 | 1.809804117046129 × 10^289 |
| 58 | ov_058 | 3.675537306267476 × 10^289 |
| 57 | ov_057 | 6.644596054060966 × 10^289 |
| 56 | ov_056 | 1.1080120466752262 × 10^290 |
| 55 | ov_055 | 1.7410422733422396 × 10^290 |
| 54 | ov_054 | 2.6129003910390837 × 10^290 |
| 53 | ov_053 | 3.779458552263953 × 10^290 |
| 52 | ov_052 | 5.3589885483350105 × 10^290 |
| 51 | ov_051 | 7.48282587860508 × 10^290 |
| 50 | ov_050 | 1.029539175290575 × 10^291 |
| 49 | ov_049 | 1.3954225612374877 × 10^291 |
| 48 | ov_048 | 1.8630031717224152 × 10^291 |
| 47 | ov_047 | 2.4506745101424425 × 10^291 |
| 32 | lv_80_m31 | 3.005937995228037 × 10^291 |
| 46 | ov_046 | 3.1781624113350954 × 10^291 |
| 45 | ov_045 | 4.0665378012899775 × 10^291 |
| 44 | ov_044 | 5.138233899067994 × 10^291 |
| 43 | ov_043 | 6.417068888014849 × 10^291 |
| 42 | ov_042 | 7.92827517523036 × 10^291 |
| 41 | ov_041 | 9.698536451860774 × 10^291 |
| 40 | ov_040 | 1.1742324036507476 × 10^292 |
| 39 | ov_039 | 1.4074901894075821 × 10^292 |
| 31 | ov_031 | 1.541776794359394 × 10^292 |
| 38 | ov_038 | 1.6727628156560159 × 10^292 |
| 37 | ov_037 | 1.9733566152040912 × 10^292 |
| 36 | ov_036 | 2.312758211373087 × 10^292 |
| 35 | ov_035 | 2.694646008879469 × 10^292 |
| 34 | ov_034 | 3.122903600594389 × 10^292 |
| 33 | ov_033 | 3.6016352988102117 × 10^292 |
| 30 | ov_030 | 7.906601360390658 × 10^292 |
| 29 | ov_029 | 2.586965185075445 × 10^293 |
| 28 | ov_028 | 6.7155362276697584 × 10^293 |
| 27 | ov_027 | 1.5012374003170516 × 10^294 |
| 26 | ov_026 | 3.002491143024478 × 10^294 |
| 25 | ov_025 | 5.50120219065404 × 10^294 |
| 24 | ov_024 | 9.394405097636532 × 10^294 |
| 23 | ov_023 | 1.554732544215112 × 10^295 |
| 22 | ov_022 | 2.496752400247861 × 10^295 |
| 21 | ov_021 | 3.8804963764682897 × 10^295 |
| 20 | ov_020 | 5.835213228177346 × 10^295 |
| 19 | ov_019 | 8.504424168579586 × 10^295 |
| 18 | ov_018 | 1.2045953279844045 × 10^296 |
| 17 | ov_017 | 1.6631971499944366 × 10^296 |
| 16 | ov_016 | 2.2449057872682247 × 10^296 |
| 15 | ov_015 | 2.9698282828703932 × 10^296 |
| 14 | ov_014 | 3.85953205288054 × 10^296 |
| 13 | ov_013 | 4.937059976080943 × 10^296 |
| 12 | ov_012 | 6.226950442096872 × 10^296 |
| 11 | ov_011 | 7.755263565926331 × 10^296 |
| 10 | ov_010 | 9.549614881962662 × 10^296 |
| 9 | ov_009 | 1.1639217936242982 × 10^297 |
| 8 | ov_008 | 1.4054937301934455 × 10^297 |
| 7 | ov_007 | 1.6829353650248047 × 10^297 |
| 6 | ov_006 | 1.9996842617365202 × 10^297 |
| 5 | ov_005 | 2.359366931797498 × 10^297 |
| 4 | ov_004 | 2.7658100468132167 × 10^297 |
| 3 | ov_003 | 3.223053605783949 × 10^297 |
| 2 | ov_002 | 3.735366221299471 × 10^297 |
| 1 | ov_001 | 4.3072626719207853 × 10^297 |

