# Results for F001-F002-F003-F004-F005-F006-F007-F008-F009-F010-F011-F012-F013-F014-F015-F016-F017-F018-F019-F020-F021-F022-F023-F024-F025-F026-F027-F028-F029-F030-F031-F032-F033-F034-F035-F036-F037-F038-F039-F040-F041-F042-F043-F044-F045-F046-F047-F048-F049-F050-F051-F052-F053-F054-F055-F056-F057-F058-F059-F060-F061-F062-F063-F064-F065-F066-F067-F068-F069-F070-F071-F072-F073-F074-F075-F076-F077-F078-F079-F080-F081-F082-F083-F084-F085-F086-F087-F088-F089-F090-F091-F092-F093-F094-F095-F096-F097-F098-F099-F100-F101-F102-F103-F104-F105-F106-F107-F108-F109-F110-F111-F112-F113-F114-F115-F116-F117-F118-F119-F120-F121-F122-F123-F124-F125-F126-F127-F128-F129-F130-F131-F132-F133-F134-F135-F136-F137-F138-F139-F140-F141-F142-F143-F144-F145-F146-F147-F148-F149-F150-F151-F152-F153-F154-F155-F156-F157-F158-F159-F160-F161-F162-F163-F164-F165-F166-F167-F168-F169-F170-F171-F172-F173-F174-F175-F176-F177-F178-F179-F180-F181-F182-F183-F184-F185-F186-F187-F188-F189-F190-F191-F192-F193-F194-F195-F196-F197-F198-F199-F200-F201-F202-F203-F204-F205-F206-F207-F208-F209-F210-F211-F212-F213-F214-F215-F216-F217-F218-F219-F220-F221-F222-F223-F224-F225-F226-F227-F228-F229-F230-F231-F232-F233-F234-F235-F236-F237-F238-F239-F240-F241-F242-F243-F244-F245-F246-F247-F248-F249-F250-F251-F252-F253-F254-F255-F256-F257-F258-F259-F260-F261-F262-F263-F264-F265-F266-F267-F268-F269-F270-F271-F272-F273-F274-F275-F276-F277-F278-F279-F280-F281-F282-F283-F284-F285-F286-F287-F288-F289-F290-F291-F292-F293-F294-F295-F296-F297-F298-F299-F300-F301-F302-F303-F304-F305-F306-F307-F308-F309-F310-F311-F312-F313-F314-F315-F316-F317-F318-F319-F320-F321-F322-F323-F324-F325-F326-F327-F328-F329-F330-F331-F332-F333-F334-F335-F336-F337-F338-F339-F340-F341-F342-F343-F344-F345-F346-F347-F348-F349-F350-F351-F352-F353-F354-F355-F356-F357-F358-F359-F360-F361-F362-F363-F364-F365-F366-F367-F368-F369-F370-F371-F372-F373-F374-F375-F376-F377-F378-F379-F380-F381-F382-F383-F384-F385-F386-F387-F388-F389-F390-F391-F392-F393-F394-F395-F396-F397-F398-F399-F400-F401-F402-F403-F404-F405-F406-F407-F408-F409-F410-F411-F412-F413-F414-F415-F416-F417-F418-F419-F420-F421-F422-F423-F424-F425-F426-F427-F428-F429-F430-F431-F432-F433-F434-F435-F436-F437-F438-F439-F440-F441-F442-F443-F444-F445-F446-F447-F448-F449-F450-F451-F452-F453-F454-F455-F456-F457-F458-F459-F460-F461-F462-F463-F464-F465-F466-F467-F468-F469-F470-F471-F472-F473-F474-F475-F476-F477-F478-F479-F480-F481-F482-F483-F484-F485-F486-F487-F488-F489-F490-F491-F492-F493-F494-F495-F496-F497-F498-F499-F500-T509-F510-F512

## Summary

Number of input bits: 512  
Number of free input bits: 9  
Number of output bits: 160

Number of direct occurrences: 38047  
Number of assignments: 31184  
Number of operations: 11637941
(xor: 11607871,
and: 16931,
or: 13139)

Total complexity: 4.705262239998739 × 10^305

Least occurring input variable: iv_504 (4042)  
Most occurring input variable: iv_508 (4323)

Most co-occurring input variables: iv_501-iv_511 (2182)  
Least co-occurring input variables: iv_502-iv_504 (1929)

Potentially most occurring input variable: iv_502/iv_508 (4578)  
Potentially least occurring input variable: iv_501/iv_511 (4223)

Least output occurring input variable: iv_507 (76)  
Most output occurring input variable: iv_502 (90)

Most output co-occurring input variables: iv_502-iv_504 (54)  
Least output co-occurring input variables: iv_507-iv_508 (31)

Potentially most output occurring input variable: iv_507/iv_508 (90)  
Potentially least output occurring input variable: iv_505/iv_507 (64)

Least complex input bit: iv_511 (1.4353794017845948 × 10^301)  
Most complex input bit: iv_505 (1.2244548273795332 × 10^305)

Least complex output bit: aaa_76_29 (1.6997714332744219 × 10^280)  
Most complex output bit: ov_001 (7.492680093029193 × 10^304)

Least complex input/output complexity: iv_511/aaa_76_29 (5.18529420597105 × 10^275)  
Most complex input/output complexity: iv_505/ov_001 (1.9498272023883134 × 10^304)

## Input Bits

### Input Bits in Regular Order

| Input Bit | Complexity | Occurrences | Output Occurrences |
|:---------:|:----------:|:-----------:|:------------------:|
| iv_501 | 1.5486538696926775 × 10^304 | 4290 | 82 |
| iv_502 | 2.8148482065575956 × 10^304 | 4177 | 90 |
| iv_503 | 4.791820930974216 × 10^304 | 4254 | 78 |
| iv_504 | 7.794792044349277 × 10^304 | 4042 | 89 |
| iv_505 | 1.2244548273795332 × 10^305 | 4229 | 78 |
| iv_506 | 6.446355932893403 × 10^304 | 4211 | 85 |
| iv_507 | 8.787032350727689 × 10^304 | 4224 | 76 |
| iv_508 | 2.623135411595464 × 10^304 | 4323 | 76 |
| iv_511 | 1.4353794017845948 × 10^301 | 4297 | 86 |

### Input Bits Sorted by Complexity

| Input Bit | Complexity | Occurrences | Output Occurrences |
|:---------:|:----------:|:-----------:|:------------------:|
| iv_511 | 1.4353794017845948 × 10^301 | 4297 | 86 |
| iv_501 | 1.5486538696926775 × 10^304 | 4290 | 82 |
| iv_508 | 2.623135411595464 × 10^304 | 4323 | 76 |
| iv_502 | 2.8148482065575956 × 10^304 | 4177 | 90 |
| iv_503 | 4.791820930974216 × 10^304 | 4254 | 78 |
| iv_506 | 6.446355932893403 × 10^304 | 4211 | 85 |
| iv_504 | 7.794792044349277 × 10^304 | 4042 | 89 |
| iv_507 | 8.787032350727689 × 10^304 | 4224 | 76 |
| iv_505 | 1.2244548273795332 × 10^305 | 4229 | 78 |

### Input Bits Sorted by Occurrences

| Input Bit | Complexity | Occurrences | Output Occurrences |
|:---------:|:----------:|:-----------:|:------------------:|
| iv_504 | 7.794792044349277 × 10^304 | 4042 | 89 |
| iv_502 | 2.8148482065575956 × 10^304 | 4177 | 90 |
| iv_506 | 6.446355932893403 × 10^304 | 4211 | 85 |
| iv_507 | 8.787032350727689 × 10^304 | 4224 | 76 |
| iv_505 | 1.2244548273795332 × 10^305 | 4229 | 78 |
| iv_503 | 4.791820930974216 × 10^304 | 4254 | 78 |
| iv_501 | 1.5486538696926775 × 10^304 | 4290 | 82 |
| iv_511 | 1.4353794017845948 × 10^301 | 4297 | 86 |
| iv_508 | 2.623135411595464 × 10^304 | 4323 | 76 |

### Input Bits Sorted by Output Occurrences

| Input Bit | Complexity | Occurrences | Output Occurrences |
|:---------:|:----------:|:-----------:|:------------------:|
| iv_507 | 8.787032350727689 × 10^304 | 4224 | 76 |
| iv_508 | 2.623135411595464 × 10^304 | 4323 | 76 |
| iv_505 | 1.2244548273795332 × 10^305 | 4229 | 78 |
| iv_503 | 4.791820930974216 × 10^304 | 4254 | 78 |
| iv_501 | 1.5486538696926775 × 10^304 | 4290 | 82 |
| iv_506 | 6.446355932893403 × 10^304 | 4211 | 85 |
| iv_511 | 1.4353794017845948 × 10^301 | 4297 | 86 |
| iv_504 | 7.794792044349277 × 10^304 | 4042 | 89 |
| iv_502 | 2.8148482065575956 × 10^304 | 4177 | 90 |

## Input Bit Co-occurrences

### Input Bit Co-occurrences Sorted by Co-occurrences

| Input Bits | Co-occurrences | Potential Occurrences | Output Co-occurrences | Potential Output Occurrences |
|:----------:|:--------------:|:---------------------:|:---------------------:|:----------------------------:|
| iv_501-iv_511 | 2182 | 4223 | 47 | 74 |
| iv_503-iv_511 | 2147 | 4257 | 40 | 84 |
| iv_501-iv_505 | 2114 | 4291 | 41 | 78 |
| iv_508-iv_511 | 2092 | 4436 | 40 | 82 |
| iv_501-iv_508 | 2086 | 4441 | 39 | 80 |
| iv_506-iv_511 | 2084 | 4340 | 46 | 79 |
| iv_507-iv_511 | 2082 | 4357 | 43 | 76 |
| iv_501-iv_503 | 2077 | 4390 | 40 | 80 |
| iv_506-iv_508 | 2075 | 4384 | 37 | 87 |

### Input Bit Co-occurrences Sorted by Potential Occurrences

| Input Bits | Co-occurrences | Potential Occurrences | Output Co-occurrences | Potential Output Occurrences |
|:----------:|:--------------:|:---------------------:|:---------------------:|:----------------------------:|
| iv_501-iv_511 | 2182 | 4223 | 47 | 74 |
| iv_504-iv_505 | 2013 | 4245 | 39 | 89 |
| iv_503-iv_511 | 2147 | 4257 | 40 | 84 |
| iv_502-iv_505 | 2061 | 4284 | 44 | 80 |
| iv_504-iv_506 | 1984 | 4285 | 44 | 86 |
| iv_501-iv_505 | 2114 | 4291 | 41 | 78 |
| iv_501-iv_504 | 1997 | 4338 | 42 | 87 |
| iv_506-iv_511 | 2084 | 4340 | 46 | 79 |
| iv_505-iv_506 | 2049 | 4342 | 46 | 71 |

### Input Bit Output Co-occurrences Sorted by Output Co-occurrences

| Input Bits | Co-occurrences | Potential Occurrences | Output Co-occurrences | Potential Output Occurrences |
|:----------:|:--------------:|:---------------------:|:---------------------:|:----------------------------:|
| iv_502-iv_504 | 1929 | 4361 | 54 | 71 |
| iv_502-iv_511 | 2048 | 4378 | 52 | 72 |
| iv_501-iv_506 | 2037 | 4427 | 48 | 71 |
| iv_502-iv_503 | 2040 | 4351 | 48 | 72 |
| iv_501-iv_511 | 2182 | 4223 | 47 | 74 |
| iv_504-iv_511 | 1956 | 4427 | 46 | 83 |
| iv_505-iv_506 | 2049 | 4342 | 46 | 71 |
| iv_506-iv_511 | 2084 | 4340 | 46 | 79 |
| iv_505-iv_507 | 2033 | 4387 | 45 | 64 |

### Input Bit Output Co-occurrences Sorted by Potential Output Occurrences

| Input Bits | Co-occurrences | Potential Occurrences | Output Co-occurrences | Potential Output Occurrences |
|:----------:|:--------------:|:---------------------:|:---------------------:|:----------------------------:|
| iv_505-iv_507 | 2033 | 4387 | 45 | 64 |
| iv_502-iv_504 | 1929 | 4361 | 54 | 71 |
| iv_505-iv_506 | 2049 | 4342 | 46 | 71 |
| iv_501-iv_506 | 2037 | 4427 | 48 | 71 |
| iv_502-iv_511 | 2048 | 4378 | 52 | 72 |
| iv_502-iv_503 | 2040 | 4351 | 48 | 72 |
| iv_503-iv_505 | 2051 | 4381 | 42 | 72 |
| iv_503-iv_507 | 2040 | 4398 | 41 | 72 |
| iv_501-iv_511 | 2182 | 4223 | 47 | 74 |

## Output Bits

### Output Bits in Regular Order

| Rank | Output Bit | Complexity |
|:----:|:----------:|:----------:|
| 1 | ov_001 | 7.492680093029193 × 10^304 |
| 2 | ov_002 | 6.507235156274225 × 10^304 |
| 3 | ov_003 | 5.620452068323435 × 10^304 |
| 4 | ov_004 | 4.8283434196447446 × 10^304 |
| 5 | ov_005 | 4.123585331859171 × 10^304 |
| 6 | ov_006 | 3.4992521624346954 × 10^304 |
| 7 | ov_007 | 2.9487898449246596 × 10^304 |
| 8 | ov_008 | 2.4659926467059008 × 10^304 |
| 9 | ov_009 | 2.044983065458838 × 10^304 |
| 10 | ov_010 | 1.680194596549859 × 10^304 |
| 11 | ov_011 | 1.3663571617710422 × 10^304 |
| 12 | ov_012 | 1.0984850052813053 × 10^304 |
| 13 | ov_013 | 8.718668175710684 × 10^303 |
| 14 | ov_014 | 6.820578067605766 × 10^303 |
| 15 | ov_015 | 5.248734361363854 × 10^303 |
| 16 | ov_016 | 3.963845663125928 × 10^303 |
| 17 | ov_017 | 2.9291375979347713 × 10^303 |
| 18 | ov_018 | 2.1103252504503235 × 10^303 |
| 19 | ov_019 | 1.4755929647742999 × 10^303 |
| 20 | ov_020 | 9.955797512654123 × 10^302 |
| 21 | ov_021 | 6.433690021922647 × 10^302 |
| 22 | ov_022 | 3.944815688062602 × 10^302 |
| 23 | ov_023 | 2.268713176968433 × 10^302 |
| 24 | ov_024 | 1.2092238053238771 × 10^302 |
| 25 | ov_025 | 5.944754166057306 × 10^301 |
| 26 | ov_026 | 2.768737133999853 × 10^301 |
| 27 | ov_027 | 1.3309807790288025 × 10^301 |
| 28 | ov_028 | 6.409981875167188 × 10^300 |
| 29 | ov_029 | 2.6422453481035792 × 10^300 |
| 30 | ov_030 | 8.747331160131163 × 10^299 |
| 31 | ov_031 | 2.1198217208540807 × 10^299 |
| 32 | lv_80_k31 | 5.136240789935363 × 10^298 |
| 33 | ov_033 | 6.257165625505037 × 10^299 |
| 34 | ov_034 | 5.440258894542554 × 10^299 |
| 35 | ov_035 | 4.710056543883885 × 10^299 |
| 36 | ov_036 | 4.059038998306698 × 10^299 |
| 37 | ov_037 | 3.480089514544199 × 10^299 |
| 38 | ov_038 | 2.966465435511033 × 10^299 |
| 39 | ov_039 | 2.5117734169074417 × 10^299 |
| 40 | ov_040 | 2.109948248045256 × 10^299 |
| 41 | ov_041 | 1.7552349077031586 × 10^299 |
| 42 | ov_042 | 1.4448313808773243 × 10^299 |
| 43 | ov_043 | 1.1760798011625636 × 10^299 |
| 44 | ov_044 | 9.440754032171896 × 10^298 |
| 45 | ov_045 | 7.464327742005064 × 10^298 |
| 46 | ov_046 | 5.808967886135916 × 10^298 |
| 47 | ov_047 | 4.453397482502931 × 10^298 |
| 48 | ov_048 | 3.3588034338178935 × 10^298 |
| 49 | ov_049 | 2.48883309624694 × 10^298 |
| 50 | ov_050 | 1.809574424356138 × 10^298 |
| 51 | ov_051 | 1.2895424801501962 × 10^298 |
| 52 | ov_052 | 8.996706714766797 × 10^297 |
| 53 | ov_053 | 6.133053274618252 × 10^297 |
| 54 | ov_054 | 4.0620253066576335 × 10^297 |
| 55 | ov_055 | 2.5652634616509215 × 10^297 |
| 56 | ov_056 | 1.5396064321928908 × 10^297 |
| 57 | ov_057 | 8.939257064810447 × 10^296 |
| 58 | ov_058 | 4.820539899428511 × 10^296 |
| 59 | ov_059 | 2.36922139071639 × 10^296 |
| 60 | ov_060 | 1.03489361997883 × 10^296 |
| 61 | ov_061 | 3.874295448144937 × 10^295 |
| 62 | ov_062 | 1.1698217138501116 × 10^295 |
| 63 | ov_063 | 2.5862116563062913 × 10^294 |
| 64 | lv_79_m31 | 5.036330658733497 × 10^293 |
| 65 | ov_065 | 5.906717158176578 × 10^294 |
| 66 | ov_066 | 5.906704462578459 × 10^294 |
| 67 | ov_067 | 5.906700497913731 × 10^294 |
| 68 | ov_068 | 5.094477419086569 × 10^294 |
| 69 | ov_069 | 4.368799862580948 × 10^294 |
| 70 | ov_070 | 3.723201397285117 × 10^294 |
| 71 | ov_071 | 3.151522004885192 × 10^294 |
| 72 | ov_072 | 2.6478889388677113 × 10^294 |
| 73 | ov_073 | 2.2067015411471955 × 10^294 |
| 74 | ov_074 | 1.8226193901383166 × 10^294 |
| 75 | ov_075 | 1.4905531865720845 × 10^294 |
| 76 | ov_076 | 1.2056578146550828 × 10^294 |
| 77 | ov_077 | 9.633270465176643 × 10^293 |
| 78 | ov_078 | 7.591893874880222 × 10^293 |
| 79 | ov_079 | 5.891046390539416 × 10^293 |
| 80 | ov_080 | 4.491609324107382 × 10^293 |
| 81 | ov_081 | 3.3567215076170843 × 10^293 |
| 82 | ov_082 | 2.4517571252872 × 10^293 |
| 83 | ov_083 | 1.7443068773658357 × 10^293 |
| 84 | ov_084 | 1.2041621990146732 × 10^293 |
| 85 | ov_085 | 8.033022579352385 × 10^292 |
| 86 | ov_086 | 5.158834546706823 × 10^292 |
| 87 | ov_087 | 3.1823114965326065 × 10^292 |
| 88 | ov_088 | 1.8883334115263483 × 10^292 |
| 89 | ov_089 | 1.0833601833311148 × 10^292 |
| 90 | ov_090 | 5.953991365949256 × 10^291 |
| 91 | ov_091 | 3.4383752082170707 × 10^291 |
| 92 | ov_092 | 1.997223090839745 × 10^291 |
| 93 | ov_093 | 1.039542061850119 × 10^291 |
| 94 | ov_094 | 4.578194374216078 × 10^290 |
| 95 | aaa_78_28 | 1.4454545102351922 × 10^290 |
| 96 | aaa_78_29 | 5.328640301759026 × 10^289 |
| 97 | ov_097 | 4.471312041655315 × 10^289 |
| 98 | ov_098 | 4.471266846456798 × 10^289 |
| 99 | ov_099 | 4.471252431877653 × 10^289 |
| 100 | ov_100 | 3.692360142375309 × 10^289 |
| 101 | ov_101 | 3.025097649412088 × 10^289 |
| 102 | ov_102 | 2.4583905174215913 × 10^289 |
| 103 | ov_103 | 1.981763651383388 × 10^289 |
| 104 | ov_104 | 1.5852971785005916 × 10^289 |
| 105 | ov_105 | 1.2595882852220128 × 10^289 |
| 106 | ov_106 | 9.957184530619391 × 10^288 |
| 107 | ov_107 | 7.852255658291037 × 10^288 |
| 108 | ov_108 | 6.200803889107571 × 10^288 |
| 109 | ov_109 | 4.9266694838035973 × 10^288 |
| 110 | ov_110 | 3.9576636409198066 × 10^288 |
| 111 | ov_111 | 3.2254371674932654 × 10^288 |
| 112 | ov_112 | 2.6653755432752337 × 10^288 |
| 113 | ov_113 | 2.2165166829261598 × 10^288 |
| 114 | ov_114 | 1.8214879489714428 × 10^288 |
| 115 | ov_115 | 1.476780671716519 × 10^288 |
| 116 | ov_116 | 1.1789096373558233 × 10^288 |
| 117 | ov_117 | 9.244051678375944 × 10^287 |
| 118 | ov_118 | 7.098074217963139 × 10^287 |
| 119 | ov_119 | 5.3166247105216575 × 10^287 |
| 120 | ov_120 | 3.865197072567666 × 10^287 |
| 121 | ov_121 | 2.709303956571754 × 10^287 |
| 122 | ov_122 | 1.8144697327257837 × 10^287 |
| 123 | ov_123 | 1.146226094331751 × 10^287 |
| 124 | ov_124 | 6.701088632063118 × 10^286 |
| 125 | ov_125 | 3.5165589649451447 × 10^286 |
| 126 | ov_126 | 1.5640588490657138 × 10^286 |
| 127 | aaa_77_28 | 4.989778504494084 × 10^285 |
| 128 | aaa_77_29 | 1.8680744813315318 × 10^285 |
| 129 | ov_129 | 1.692256226713795 × 10^285 |
| 130 | ov_130 | 1.6922520983837073 × 10^285 |
| 131 | ov_131 | 1.6922507752074866 × 10^285 |
| 132 | ov_132 | 1.459312907793001 × 10^285 |
| 133 | ov_133 | 1.2513577371681677 × 10^285 |
| 134 | ov_134 | 1.0664600160273944 × 10^285 |
| 135 | ov_135 | 9.027996137861752 × 10^284 |
| 136 | ov_136 | 7.586538223227452 × 10^284 |
| 137 | ov_137 | 6.32390703507874 × 10^284 |
| 138 | ov_138 | 5.2246338634022584 × 10^284 |
| 139 | ov_139 | 4.274052200974297 × 10^284 |
| 140 | ov_140 | 3.458256948359942 × 10^284 |
| 141 | ov_141 | 2.7640704537148965 × 10^284 |
| 142 | ov_142 | 2.1790145957328743 × 10^284 |
| 143 | ov_143 | 1.6912881643975505 × 10^284 |
| 144 | ov_144 | 1.28974883999841 × 10^284 |
| 145 | ov_145 | 9.63899116310079 × 10^283 |
| 146 | ov_146 | 7.038755590324088 × 10^283 |
| 147 | ov_147 | 5.004408356279455 × 10^283 |
| 148 | ov_148 | 3.4497799763172176 × 10^283 |
| 149 | ov_149 | 2.2948654138269183 × 10^283 |
| 150 | ov_150 | 1.4657981796004075 × 10^283 |
| 151 | ov_151 | 8.948340791533188 × 10^282 |
| 152 | ov_152 | 5.2034136810772724 × 10^282 |
| 153 | ov_153 | 2.867949644171642 × 10^282 |
| 154 | ov_154 | 1.4477317088922563 × 10^282 |
| 155 | ov_155 | 7.109068586575982 × 10^281 |
| 156 | aaa_76_25 | 2.852789729560678 × 10^281 |
| 157 | aaa_76_26 | 1.7542807674448157 × 10^281 |
| 158 | aaa_76_27 | 9.607503205360092 × 10^280 |
| 159 | aaa_76_28 | 4.521165848003227 × 10^280 |
| 160 | aaa_76_29 | 1.6997714332744219 × 10^280 |

### Output Bits Sorted by Complexity

| Rank | Output Bit | Complexity |
|:----:|:----------:|:----------:|
| 160 | aaa_76_29 | 1.6997714332744219 × 10^280 |
| 159 | aaa_76_28 | 4.521165848003227 × 10^280 |
| 158 | aaa_76_27 | 9.607503205360092 × 10^280 |
| 157 | aaa_76_26 | 1.7542807674448157 × 10^281 |
| 156 | aaa_76_25 | 2.852789729560678 × 10^281 |
| 155 | ov_155 | 7.109068586575982 × 10^281 |
| 154 | ov_154 | 1.4477317088922563 × 10^282 |
| 153 | ov_153 | 2.867949644171642 × 10^282 |
| 152 | ov_152 | 5.2034136810772724 × 10^282 |
| 151 | ov_151 | 8.948340791533188 × 10^282 |
| 150 | ov_150 | 1.4657981796004075 × 10^283 |
| 149 | ov_149 | 2.2948654138269183 × 10^283 |
| 148 | ov_148 | 3.4497799763172176 × 10^283 |
| 147 | ov_147 | 5.004408356279455 × 10^283 |
| 146 | ov_146 | 7.038755590324088 × 10^283 |
| 145 | ov_145 | 9.63899116310079 × 10^283 |
| 144 | ov_144 | 1.28974883999841 × 10^284 |
| 143 | ov_143 | 1.6912881643975505 × 10^284 |
| 142 | ov_142 | 2.1790145957328743 × 10^284 |
| 141 | ov_141 | 2.7640704537148965 × 10^284 |
| 140 | ov_140 | 3.458256948359942 × 10^284 |
| 139 | ov_139 | 4.274052200974297 × 10^284 |
| 138 | ov_138 | 5.2246338634022584 × 10^284 |
| 137 | ov_137 | 6.32390703507874 × 10^284 |
| 136 | ov_136 | 7.586538223227452 × 10^284 |
| 135 | ov_135 | 9.027996137861752 × 10^284 |
| 134 | ov_134 | 1.0664600160273944 × 10^285 |
| 133 | ov_133 | 1.2513577371681677 × 10^285 |
| 132 | ov_132 | 1.459312907793001 × 10^285 |
| 131 | ov_131 | 1.6922507752074866 × 10^285 |
| 130 | ov_130 | 1.6922520983837073 × 10^285 |
| 129 | ov_129 | 1.692256226713795 × 10^285 |
| 128 | aaa_77_29 | 1.8680744813315318 × 10^285 |
| 127 | aaa_77_28 | 4.989778504494084 × 10^285 |
| 126 | ov_126 | 1.5640588490657138 × 10^286 |
| 125 | ov_125 | 3.5165589649451447 × 10^286 |
| 124 | ov_124 | 6.701088632063118 × 10^286 |
| 123 | ov_123 | 1.146226094331751 × 10^287 |
| 122 | ov_122 | 1.8144697327257837 × 10^287 |
| 121 | ov_121 | 2.709303956571754 × 10^287 |
| 120 | ov_120 | 3.865197072567666 × 10^287 |
| 119 | ov_119 | 5.3166247105216575 × 10^287 |
| 118 | ov_118 | 7.098074217963139 × 10^287 |
| 117 | ov_117 | 9.244051678375944 × 10^287 |
| 116 | ov_116 | 1.1789096373558233 × 10^288 |
| 115 | ov_115 | 1.476780671716519 × 10^288 |
| 114 | ov_114 | 1.8214879489714428 × 10^288 |
| 113 | ov_113 | 2.2165166829261598 × 10^288 |
| 112 | ov_112 | 2.6653755432752337 × 10^288 |
| 111 | ov_111 | 3.2254371674932654 × 10^288 |
| 110 | ov_110 | 3.9576636409198066 × 10^288 |
| 109 | ov_109 | 4.9266694838035973 × 10^288 |
| 108 | ov_108 | 6.200803889107571 × 10^288 |
| 107 | ov_107 | 7.852255658291037 × 10^288 |
| 106 | ov_106 | 9.957184530619391 × 10^288 |
| 105 | ov_105 | 1.2595882852220128 × 10^289 |
| 104 | ov_104 | 1.5852971785005916 × 10^289 |
| 103 | ov_103 | 1.981763651383388 × 10^289 |
| 102 | ov_102 | 2.4583905174215913 × 10^289 |
| 101 | ov_101 | 3.025097649412088 × 10^289 |
| 100 | ov_100 | 3.692360142375309 × 10^289 |
| 99 | ov_099 | 4.471252431877653 × 10^289 |
| 98 | ov_098 | 4.471266846456798 × 10^289 |
| 97 | ov_097 | 4.471312041655315 × 10^289 |
| 96 | aaa_78_29 | 5.328640301759026 × 10^289 |
| 95 | aaa_78_28 | 1.4454545102351922 × 10^290 |
| 94 | ov_094 | 4.578194374216078 × 10^290 |
| 93 | ov_093 | 1.039542061850119 × 10^291 |
| 92 | ov_092 | 1.997223090839745 × 10^291 |
| 91 | ov_091 | 3.4383752082170707 × 10^291 |
| 90 | ov_090 | 5.953991365949256 × 10^291 |
| 89 | ov_089 | 1.0833601833311148 × 10^292 |
| 88 | ov_088 | 1.8883334115263483 × 10^292 |
| 87 | ov_087 | 3.1823114965326065 × 10^292 |
| 86 | ov_086 | 5.158834546706823 × 10^292 |
| 85 | ov_085 | 8.033022579352385 × 10^292 |
| 84 | ov_084 | 1.2041621990146732 × 10^293 |
| 83 | ov_083 | 1.7443068773658357 × 10^293 |
| 82 | ov_082 | 2.4517571252872 × 10^293 |
| 81 | ov_081 | 3.3567215076170843 × 10^293 |
| 80 | ov_080 | 4.491609324107382 × 10^293 |
| 64 | lv_79_m31 | 5.036330658733497 × 10^293 |
| 79 | ov_079 | 5.891046390539416 × 10^293 |
| 78 | ov_078 | 7.591893874880222 × 10^293 |
| 77 | ov_077 | 9.633270465176643 × 10^293 |
| 76 | ov_076 | 1.2056578146550828 × 10^294 |
| 75 | ov_075 | 1.4905531865720845 × 10^294 |
| 74 | ov_074 | 1.8226193901383166 × 10^294 |
| 73 | ov_073 | 2.2067015411471955 × 10^294 |
| 63 | ov_063 | 2.5862116563062913 × 10^294 |
| 72 | ov_072 | 2.6478889388677113 × 10^294 |
| 71 | ov_071 | 3.151522004885192 × 10^294 |
| 70 | ov_070 | 3.723201397285117 × 10^294 |
| 69 | ov_069 | 4.368799862580948 × 10^294 |
| 68 | ov_068 | 5.094477419086569 × 10^294 |
| 67 | ov_067 | 5.906700497913731 × 10^294 |
| 66 | ov_066 | 5.906704462578459 × 10^294 |
| 65 | ov_065 | 5.906717158176578 × 10^294 |
| 62 | ov_062 | 1.1698217138501116 × 10^295 |
| 61 | ov_061 | 3.874295448144937 × 10^295 |
| 60 | ov_060 | 1.03489361997883 × 10^296 |
| 59 | ov_059 | 2.36922139071639 × 10^296 |
| 58 | ov_058 | 4.820539899428511 × 10^296 |
| 57 | ov_057 | 8.939257064810447 × 10^296 |
| 56 | ov_056 | 1.5396064321928908 × 10^297 |
| 55 | ov_055 | 2.5652634616509215 × 10^297 |
| 54 | ov_054 | 4.0620253066576335 × 10^297 |
| 53 | ov_053 | 6.133053274618252 × 10^297 |
| 52 | ov_052 | 8.996706714766797 × 10^297 |
| 51 | ov_051 | 1.2895424801501962 × 10^298 |
| 50 | ov_050 | 1.809574424356138 × 10^298 |
| 49 | ov_049 | 2.48883309624694 × 10^298 |
| 48 | ov_048 | 3.3588034338178935 × 10^298 |
| 47 | ov_047 | 4.453397482502931 × 10^298 |
| 32 | lv_80_k31 | 5.136240789935363 × 10^298 |
| 46 | ov_046 | 5.808967886135916 × 10^298 |
| 45 | ov_045 | 7.464327742005064 × 10^298 |
| 44 | ov_044 | 9.440754032171896 × 10^298 |
| 43 | ov_043 | 1.1760798011625636 × 10^299 |
| 42 | ov_042 | 1.4448313808773243 × 10^299 |
| 41 | ov_041 | 1.7552349077031586 × 10^299 |
| 40 | ov_040 | 2.109948248045256 × 10^299 |
| 31 | ov_031 | 2.1198217208540807 × 10^299 |
| 39 | ov_039 | 2.5117734169074417 × 10^299 |
| 38 | ov_038 | 2.966465435511033 × 10^299 |
| 37 | ov_037 | 3.480089514544199 × 10^299 |
| 36 | ov_036 | 4.059038998306698 × 10^299 |
| 35 | ov_035 | 4.710056543883885 × 10^299 |
| 34 | ov_034 | 5.440258894542554 × 10^299 |
| 33 | ov_033 | 6.257165625505037 × 10^299 |
| 30 | ov_030 | 8.747331160131163 × 10^299 |
| 29 | ov_029 | 2.6422453481035792 × 10^300 |
| 28 | ov_028 | 6.409981875167188 × 10^300 |
| 27 | ov_027 | 1.3309807790288025 × 10^301 |
| 26 | ov_026 | 2.768737133999853 × 10^301 |
| 25 | ov_025 | 5.944754166057306 × 10^301 |
| 24 | ov_024 | 1.2092238053238771 × 10^302 |
| 23 | ov_023 | 2.268713176968433 × 10^302 |
| 22 | ov_022 | 3.944815688062602 × 10^302 |
| 21 | ov_021 | 6.433690021922647 × 10^302 |
| 20 | ov_020 | 9.955797512654123 × 10^302 |
| 19 | ov_019 | 1.4755929647742999 × 10^303 |
| 18 | ov_018 | 2.1103252504503235 × 10^303 |
| 17 | ov_017 | 2.9291375979347713 × 10^303 |
| 16 | ov_016 | 3.963845663125928 × 10^303 |
| 15 | ov_015 | 5.248734361363854 × 10^303 |
| 14 | ov_014 | 6.820578067605766 × 10^303 |
| 13 | ov_013 | 8.718668175710684 × 10^303 |
| 12 | ov_012 | 1.0984850052813053 × 10^304 |
| 11 | ov_011 | 1.3663571617710422 × 10^304 |
| 10 | ov_010 | 1.680194596549859 × 10^304 |
| 9 | ov_009 | 2.044983065458838 × 10^304 |
| 8 | ov_008 | 2.4659926467059008 × 10^304 |
| 7 | ov_007 | 2.9487898449246596 × 10^304 |
| 6 | ov_006 | 3.4992521624346954 × 10^304 |
| 5 | ov_005 | 4.123585331859171 × 10^304 |
| 4 | ov_004 | 4.8283434196447446 × 10^304 |
| 3 | ov_003 | 5.620452068323435 × 10^304 |
| 2 | ov_002 | 6.507235156274225 × 10^304 |
| 1 | ov_001 | 7.492680093029193 × 10^304 |

