# Results for F001-F002-F003-F004-F005-F006-F007-F008-F009-F010-F011-F012-F013-F014-F015-F016-F017-F018-F019-F020-F021-F022-F023-F024-F025-F026-F027-F028-F029-F030-F031-F032-F033-F034-F035-F036-F037-F038-F039-F040-F041-F042-F043-F044-F045-F046-F047-F048-F049-F050-F051-F052-F053-F054-F055-F056-F057-F058-F059-F060-F061-F062-F063-F064-F065-F066-F067-F068-F069-F070-F071-F072-F073-F074-F075-F076-F077-F078-F079-F080-F081-F082-F083-F084-F085-F086-F087-F088-F089-F090-F091-F092-F093-F094-F095-F096-F097-F098-F099-F100-F101-F102-F103-F104-F105-F106-F107-F108-F109-F110-F111-F112-F113-F114-F115-F116-F117-F118-F119-F120-F121-F122-F123-F124-F125-F126-F127-F128-F129-F130-F131-F132-F133-F134-F135-F136-F137-F138-F139-F140-F141-F142-F143-F144-F145-F146-F147-F148-F149-F150-F151-F152-F153-F154-F155-F156-F157-F158-F159-F160-F161-F162-F163-F164-F165-F166-F167-F168-F169-F170-F171-F172-F173-F174-F175-F176-F177-F178-F179-F180-F181-F182-F183-F184-F185-F186-F187-F188-F189-F190-F191-F192-F193-F194-F195-F196-F197-F198-F199-F200-F201-F202-F203-F204-F205-F206-F207-F208-F209-F210-F211-F212-F213-F214-F215-F216-F217-F218-F219-F220-F221-F222-F223-F224-F225-F226-F227-F228-F229-F230-F231-F232-F233-F234-F235-F236-F237-F238-F239-F240-F241-F242-F243-F244-F245-F246-F247-F248-F249-F250-F251-F252-F253-F254-F255-F256-F257-F258-F259-F260-F261-F262-F263-F264-F265-F266-F267-F268-F269-F270-F271-F272-F273-F274-F275-F276-F277-F278-F279-F280-F281-F282-F283-F284-F285-F286-F287-F288-F289-F290-F291-F292-F293-F294-F295-F296-F297-F298-F299-F300-F301-F302-F303-F304-F305-F306-F307-F308-F309-F310-F311-F312-F313-F314-F315-F316-F317-F318-F319-F320-F321-F322-F323-F324-F325-F326-F327-F328-F329-F330-F331-F332-F333-F334-F335-F336-F337-F338-F339-F340-F341-F342-F343-F344-F345-F346-F347-F348-F349-F350-F351-F352-F353-F354-F355-F356-F357-F358-F359-F360-F361-F362-F363-F364-F365-F366-F367-F368-F369-F370-F371-F372-F373-F374-F375-F376-F377-F378-F379-F380-F381-F382-F383-F384-F385-F386-F387-F388-F389-F390-F391-F392-F393-F394-F395-F396-F397-F398-F399-F400-F401-F402-F403-F404-F405-F406-F407-F408-F409-F410-F411-F412-F413-F414-F415-F416-F417-F418-F419-F420-F421-F422-F423-F424-F425-F426-F427-F428-F429-F430-F431-F432-F433-F434-F435-F436-F437-F438-F439-F440-F441-F442-F443-F444-F445-F446-F447-F448-F449-F450-F451-F452-F453-F454-F455-F456-F457-F458-F459-F460-F461-F462-F463-F464-F465-F466-F467-F468-F469-F470-F471-F472-F473-F474-F475-F476-F477-F478-F479-F480-F481-F482-F483-F484-F485-F486-F487-F488-F489-F490-F491-F492-F493-F494-F495-F496-E498507-F500-F508-F509-F510-F511-F512

## Summary

Number of input bits: 512  
Number of free input bits: 9  
Number of output bits: 160

Number of direct occurrences: 35746  
Number of assignments: 30672  
Number of operations: 10666329
(xor: 10638505,
and: 14712,
or: 13112)

Total complexity: 3.878504910788106 × 10^295

Least occurring input variable: iv_502 (3835)  
Most occurring input variable: iv_498 (4237)

Most co-occurring input variables: iv_497-iv_503 (1944)  
Least co-occurring input variables: iv_502-iv_505 (1747)

Potentially most occurring input variable: iv_498/iv_505 (4545)  
Potentially least occurring input variable: iv_497/iv_503 (4076)

Least output occurring input variable: iv_498 (61)  
Most output occurring input variable: iv_506 (93)

Most output co-occurring input variables: iv_502-iv_506 (51)  
Least output co-occurring input variables: iv_498-iv_502 (25)

Potentially most output occurring input variable: iv_498/iv_502 (93)  
Potentially least output occurring input variable: iv_497/iv_498 (72)

Least complex input bit: iv_497 (2.3904494788410435 × 10^293)  
Most complex input bit: iv_505 (1.165843566546856 × 10^295)

Least complex output bit: aaa_76_29 (7.698309585276097 × 10^270)  
Most complex output bit: ov_001 (6.25897961479015 × 10^294)

Least complex input/output complexity: iv_497/aaa_76_29 (4.744720081414286 × 10^268)  
Most complex input/output complexity: iv_505/ov_001 (1.8813927750237844 × 10^294)

## Input Bits

### Input Bits in Regular Order

| Input Bit | Complexity | Occurrences | Output Occurrences |
|:---------:|:----------:|:-----------:|:------------------:|
| iv_497 | 2.3904494788410435 × 10^293 | 3983 | 77 |
| iv_498 | 3.003632354184055 × 10^294 | 4237 | 61 |
| iv_499 | 8.385083044681289 × 10^293 | 3879 | 81 |
| iv_501 | 2.3000450484314623 × 10^294 | 4004 | 82 |
| iv_502 | 3.6941289248979265 × 10^294 | 3835 | 82 |
| iv_503 | 5.835856625564908 × 10^294 | 3981 | 75 |
| iv_504 | 9.052857183172636 × 10^294 | 3874 | 78 |
| iv_505 | 1.165843566546856 × 10^295 | 3912 | 82 |
| iv_506 | 2.1625400538092994 × 10^294 | 4041 | 93 |

### Input Bits Sorted by Complexity

| Input Bit | Complexity | Occurrences | Output Occurrences |
|:---------:|:----------:|:-----------:|:------------------:|
| iv_497 | 2.3904494788410435 × 10^293 | 3983 | 77 |
| iv_499 | 8.385083044681289 × 10^293 | 3879 | 81 |
| iv_506 | 2.1625400538092994 × 10^294 | 4041 | 93 |
| iv_501 | 2.3000450484314623 × 10^294 | 4004 | 82 |
| iv_498 | 3.003632354184055 × 10^294 | 4237 | 61 |
| iv_502 | 3.6941289248979265 × 10^294 | 3835 | 82 |
| iv_503 | 5.835856625564908 × 10^294 | 3981 | 75 |
| iv_504 | 9.052857183172636 × 10^294 | 3874 | 78 |
| iv_505 | 1.165843566546856 × 10^295 | 3912 | 82 |

### Input Bits Sorted by Occurrences

| Input Bit | Complexity | Occurrences | Output Occurrences |
|:---------:|:----------:|:-----------:|:------------------:|
| iv_502 | 3.6941289248979265 × 10^294 | 3835 | 82 |
| iv_504 | 9.052857183172636 × 10^294 | 3874 | 78 |
| iv_499 | 8.385083044681289 × 10^293 | 3879 | 81 |
| iv_505 | 1.165843566546856 × 10^295 | 3912 | 82 |
| iv_503 | 5.835856625564908 × 10^294 | 3981 | 75 |
| iv_497 | 2.3904494788410435 × 10^293 | 3983 | 77 |
| iv_501 | 2.3000450484314623 × 10^294 | 4004 | 82 |
| iv_506 | 2.1625400538092994 × 10^294 | 4041 | 93 |
| iv_498 | 3.003632354184055 × 10^294 | 4237 | 61 |

### Input Bits Sorted by Output Occurrences

| Input Bit | Complexity | Occurrences | Output Occurrences |
|:---------:|:----------:|:-----------:|:------------------:|
| iv_498 | 3.003632354184055 × 10^294 | 4237 | 61 |
| iv_503 | 5.835856625564908 × 10^294 | 3981 | 75 |
| iv_497 | 2.3904494788410435 × 10^293 | 3983 | 77 |
| iv_504 | 9.052857183172636 × 10^294 | 3874 | 78 |
| iv_499 | 8.385083044681289 × 10^293 | 3879 | 81 |
| iv_502 | 3.6941289248979265 × 10^294 | 3835 | 82 |
| iv_501 | 2.3000450484314623 × 10^294 | 4004 | 82 |
| iv_505 | 1.165843566546856 × 10^295 | 3912 | 82 |
| iv_506 | 2.1625400538092994 × 10^294 | 4041 | 93 |

## Input Bit Co-occurrences

### Input Bit Co-occurrences Sorted by Co-occurrences

| Input Bits | Co-occurrences | Potential Occurrences | Output Co-occurrences | Potential Output Occurrences |
|:----------:|:--------------:|:---------------------:|:---------------------:|:----------------------------:|
| iv_497-iv_503 | 1944 | 4076 | 37 | 78 |
| iv_498-iv_501 | 1940 | 4361 | 34 | 75 |
| iv_498-iv_503 | 1916 | 4386 | 28 | 80 |
| iv_498-iv_506 | 1909 | 4460 | 38 | 78 |
| iv_497-iv_506 | 1901 | 4222 | 40 | 90 |
| iv_501-iv_503 | 1896 | 4193 | 35 | 87 |
| iv_501-iv_504 | 1895 | 4088 | 40 | 80 |
| iv_497-iv_505 | 1895 | 4105 | 43 | 73 |
| iv_505-iv_506 | 1882 | 4189 | 45 | 85 |

### Input Bit Co-occurrences Sorted by Potential Occurrences

| Input Bits | Co-occurrences | Potential Occurrences | Output Co-occurrences | Potential Output Occurrences |
|:----------:|:--------------:|:---------------------:|:---------------------:|:----------------------------:|
| iv_497-iv_503 | 1944 | 4076 | 37 | 78 |
| iv_501-iv_504 | 1895 | 4088 | 40 | 80 |
| iv_499-iv_505 | 1848 | 4095 | 37 | 89 |
| iv_499-iv_504 | 1827 | 4099 | 38 | 83 |
| iv_497-iv_505 | 1895 | 4105 | 43 | 73 |
| iv_497-iv_499 | 1860 | 4142 | 40 | 78 |
| iv_504-iv_505 | 1819 | 4148 | 36 | 88 |
| iv_502-iv_506 | 1862 | 4152 | 51 | 73 |
| iv_504-iv_506 | 1875 | 4165 | 45 | 81 |

### Input Bit Output Co-occurrences Sorted by Output Co-occurrences

| Input Bits | Co-occurrences | Potential Occurrences | Output Co-occurrences | Potential Output Occurrences |
|:----------:|:--------------:|:---------------------:|:---------------------:|:----------------------------:|
| iv_502-iv_506 | 1862 | 4152 | 51 | 73 |
| iv_499-iv_506 | 1829 | 4262 | 49 | 76 |
| iv_501-iv_506 | 1864 | 4317 | 45 | 85 |
| iv_504-iv_506 | 1875 | 4165 | 45 | 81 |
| iv_505-iv_506 | 1882 | 4189 | 45 | 85 |
| iv_503-iv_506 | 1879 | 4264 | 44 | 80 |
| iv_499-iv_501 | 1846 | 4191 | 43 | 77 |
| iv_501-iv_502 | 1792 | 4255 | 43 | 78 |
| iv_497-iv_505 | 1895 | 4105 | 43 | 73 |

### Input Bit Output Co-occurrences Sorted by Potential Output Occurrences

| Input Bits | Co-occurrences | Potential Occurrences | Output Co-occurrences | Potential Output Occurrences |
|:----------:|:--------------:|:---------------------:|:---------------------:|:----------------------------:|
| iv_497-iv_498 | 1862 | 4496 | 33 | 72 |
| iv_502-iv_506 | 1862 | 4152 | 51 | 73 |
| iv_497-iv_505 | 1895 | 4105 | 43 | 73 |
| iv_498-iv_499 | 1849 | 4418 | 34 | 74 |
| iv_498-iv_501 | 1940 | 4361 | 34 | 75 |
| iv_502-iv_504 | 1767 | 4175 | 42 | 76 |
| iv_499-iv_506 | 1829 | 4262 | 49 | 76 |
| iv_499-iv_501 | 1846 | 4191 | 43 | 77 |
| iv_502-iv_503 | 1768 | 4280 | 40 | 77 |

## Output Bits

### Output Bits in Regular Order

| Rank | Output Bit | Complexity |
|:----:|:----------:|:----------:|
| 1 | ov_001 | 6.25897961479015 × 10^294 |
| 2 | ov_002 | 5.4197134269655596 × 10^294 |
| 3 | ov_003 | 4.668749883142163 × 10^294 |
| 4 | ov_004 | 3.999345949815764 × 10^294 |
| 5 | ov_005 | 3.4051274210049567 × 10^294 |
| 6 | ov_006 | 2.8800625419292423 × 10^294 |
| 7 | ov_007 | 2.4184390317886468 × 10^294 |
| 8 | ov_008 | 2.0148442940102718 × 10^294 |
| 9 | ov_009 | 1.6641485509764397 × 10^294 |
| 10 | ov_010 | 1.3614905919508665 × 10^294 |
| 11 | ov_011 | 1.1022658367466446 × 10^294 |
| 12 | ov_012 | 8.821164705334864 × 10^293 |
| 13 | ov_013 | 6.969234228130897 × 10^293 |
| 14 | ov_014 | 5.42799946075637 × 10^293 |
| 15 | ov_015 | 4.1608654939757105 × 10^293 |
| 16 | ov_016 | 3.1334705929901363 × 10^293 |
| 17 | ov_017 | 2.313655971357123 × 10^293 |
| 18 | ov_018 | 1.6714427918301216 × 10^293 |
| 19 | ov_019 | 1.1790147136424067 × 10^293 |
| 20 | ov_020 | 8.107047321741055 × 10^292 |
| 21 | ov_021 | 5.429854517106781 × 10^292 |
| 22 | ov_022 | 3.54462115924269 × 10^292 |
| 23 | ov_023 | 2.2586780444434336 × 10^292 |
| 24 | ov_024 | 1.400602875849548 × 10^292 |
| 25 | ov_025 | 8.20201149798177 × 10^291 |
| 26 | ov_026 | 4.476808252403101 × 10^291 |
| 27 | ov_027 | 2.238568811319028 × 10^291 |
| 28 | ov_028 | 1.0014994391245104 × 10^291 |
| 29 | ov_029 | 3.858583525331566 × 10^290 |
| 30 | ov_030 | 1.179545291640415 × 10^290 |
| 31 | ov_031 | 2.300769511946348 × 10^289 |
| 32 | lv_80_m31 | 4.4872533061489006 × 10^288 |
| 33 | ov_033 | 5.396045904385516 × 10^289 |
| 34 | ov_034 | 4.682071389031352 × 10^289 |
| 35 | ov_035 | 4.0439176262746037 × 10^289 |
| 36 | ov_036 | 3.475015516217037 × 10^289 |
| 37 | ov_037 | 2.969147326893115 × 10^289 |
| 38 | ov_038 | 2.5204219962367277 × 10^289 |
| 39 | ov_039 | 2.1232538665418968 × 10^289 |
| 40 | ov_040 | 1.7723445089343841 × 10^289 |
| 41 | ov_041 | 1.4651144270026058 × 10^289 |
| 42 | ov_042 | 1.1991165100142927 × 10^289 |
| 43 | ov_043 | 9.720301428424275 × 10^288 |
| 44 | ov_044 | 7.795750109201757 × 10^288 |
| 45 | ov_045 | 6.17702919774036 × 10^288 |
| 46 | ov_046 | 4.825920687236746 × 10^288 |
| 47 | ov_047 | 3.723875231495958 × 10^288 |
| 48 | ov_048 | 2.83707794230531 × 10^288 |
| 49 | ov_049 | 2.1338718055002515 × 10^288 |
| 50 | ov_050 | 1.5847381092096078 × 10^288 |
| 51 | ov_051 | 1.1622820770259829 × 10^288 |
| 52 | ov_052 | 8.412223843675516 × 10^287 |
| 53 | ov_053 | 5.983835791743488 × 10^287 |
| 54 | ov_054 | 4.1269074310041594 × 10^287 |
| 55 | ov_055 | 2.741310058980492 × 10^287 |
| 56 | ov_056 | 1.7373924108427912 × 10^287 |
| 57 | ov_057 | 1.0359717293043588 × 10^287 |
| 58 | ov_058 | 5.683285764099592 × 10^286 |
| 59 | ov_059 | 2.762040778475234 × 10^286 |
| 60 | ov_060 | 1.1179864414262575 × 10^286 |
| 61 | ov_061 | 3.777149915472253 × 10^285 |
| 62 | ov_062 | 1.0106842220205788 × 10^285 |
| 63 | ov_063 | 2.232937020262086 × 10^284 |
| 64 | lv_79_m31 | 4.345763263730649 × 10^283 |
| 65 | ov_065 | 5.142297190242602 × 10^284 |
| 66 | ov_066 | 5.1422802108847784 × 10^284 |
| 67 | ov_067 | 5.142276054975959 × 10^284 |
| 68 | ov_068 | 4.431988107737275 × 10^284 |
| 69 | ov_069 | 3.799882991965922 × 10^284 |
| 70 | ov_070 | 3.23953134921797 × 10^284 |
| 71 | ov_071 | 2.7448996360036795 × 10^284 |
| 72 | ov_072 | 2.3103233090879783 × 10^284 |
| 73 | ov_073 | 1.9304823768709278 × 10^284 |
| 74 | ov_074 | 1.6003791930355752 × 10^284 |
| 75 | ov_075 | 1.3153183731885865 × 10^284 |
| 76 | ov_076 | 1.070888718909119 × 10^284 |
| 77 | ov_077 | 8.629470365788033 × 10^283 |
| 78 | ov_078 | 6.876037406982078 × 10^283 |
| 79 | ov_079 | 5.41210133203121 × 10^283 |
| 80 | ov_080 | 4.2034725167027666 × 10^283 |
| 81 | ov_081 | 3.218161803323096 × 10^283 |
| 82 | ov_082 | 2.4262971858293163 × 10^283 |
| 83 | ov_083 | 1.8000530221117441 × 10^283 |
| 84 | ov_084 | 1.3135907300815462 × 10^283 |
| 85 | ov_085 | 9.430099267705132 × 10^282 |
| 86 | ov_086 | 6.663089717394166 × 10^282 |
| 87 | ov_087 | 4.633538773622681 × 10^282 |
| 88 | ov_088 | 3.1585454935326163 × 10^282 |
| 89 | ov_089 | 2.0734732136258225 × 10^282 |
| 90 | ov_090 | 1.3005514502771352 × 10^282 |
| 91 | ov_091 | 7.710562302735044 × 10^281 |
| 92 | ov_092 | 4.2527942715003584 × 10^281 |
| 93 | ov_093 | 2.125115285443876 × 10^281 |
| 94 | ov_094 | 9.103317116173838 × 10^280 |
| 95 | aaa_78_28 | 2.811168603720179 × 10^280 |
| 96 | aaa_78_29 | 8.633936997958844 × 10^279 |
| 97 | ov_097 | 5.703271326493426 × 10^279 |
| 98 | ov_098 | 5.703101228114374 × 10^279 |
| 99 | ov_099 | 5.703046957611629 × 10^279 |
| 100 | ov_100 | 5.1327536057593226 × 10^279 |
| 101 | ov_101 | 4.604394573188532 × 10^279 |
| 102 | ov_102 | 4.115690121532297 × 10^279 |
| 103 | ov_103 | 3.664526985922351 × 10^279 |
| 104 | ov_104 | 3.248936103634881 × 10^279 |
| 105 | ov_105 | 2.86707242061369 × 10^279 |
| 106 | ov_106 | 2.517196671263611 × 10^279 |
| 107 | ov_107 | 2.1976590302359635 × 10^279 |
| 108 | ov_108 | 1.906884537514174 × 10^279 |
| 109 | ov_109 | 1.6433602000690504 × 10^279 |
| 110 | ov_110 | 1.4056236747935315 × 10^279 |
| 111 | ov_111 | 1.1922534384458024 × 10^279 |
| 112 | ov_112 | 1.0018603510197475 × 10^279 |
| 113 | ov_113 | 8.330805194078598 × 10^278 |
| 114 | ov_114 | 6.845693685005978 × 10^278 |
| 115 | ov_115 | 5.5499682704220285 × 10^278 |
| 116 | ov_116 | 4.43043535681555 × 10^278 |
| 117 | ov_117 | 3.4739798474210735 × 10^278 |
| 118 | ov_118 | 2.6675440195446208 × 10^278 |
| 119 | ov_119 | 1.9981113463690566 × 10^278 |
| 120 | ov_120 | 1.452693812610681 × 10^278 |
| 121 | ov_121 | 1.0183222623737491 × 10^278 |
| 122 | ov_122 | 6.820393176138743 × 10^277 |
| 123 | ov_123 | 4.308944056452501 × 10^277 |
| 124 | ov_124 | 2.51940434125881 × 10^277 |
| 125 | ov_125 | 1.3223176375609247 × 10^277 |
| 126 | ov_126 | 5.882321425202556 × 10^276 |
| 127 | aaa_77_28 | 1.8769717053481004 × 10^276 |
| 128 | aaa_77_29 | 7.028907962193579 × 10^275 |
| 129 | ov_129 | 6.428506428597775 × 10^275 |
| 130 | ov_130 | 6.42849145947071 × 10^275 |
| 131 | ov_131 | 6.42848670029238 × 10^275 |
| 132 | ov_132 | 5.554714815011403 × 10^275 |
| 133 | ov_133 | 4.773962253411875 × 10^275 |
| 134 | ov_134 | 4.079153134486206 × 10^275 |
| 135 | ov_135 | 3.463579398977449 × 10^275 |
| 136 | ov_136 | 2.9208743714902584 × 10^275 |
| 137 | ov_137 | 2.4449902911857552 × 10^275 |
| 138 | ov_138 | 2.030179409624248 × 10^275 |
| 139 | ov_139 | 1.6709782743251542 × 10^275 |
| 140 | ov_140 | 1.3621948361374717 × 10^275 |
| 141 | ov_141 | 1.0988980376845755 × 10^275 |
| 142 | ov_142 | 8.76409559068686 × 10^274 |
| 143 | ov_143 | 6.90297415772721 × 10^274 |
| 144 | ov_144 | 5.363711223378998 × 10^274 |
| 145 | ov_145 | 4.106781539625678 × 10^274 |
| 146 | ov_146 | 3.095014566844302 × 10^274 |
| 147 | ov_147 | 2.2935777528784337 × 10^274 |
| 148 | ov_148 | 1.669965865278007 × 10^274 |
| 149 | ov_149 | 1.1939944368928244 × 10^274 |
| 150 | ov_150 | 8.377956558454475 × 10^273 |
| 151 | ov_151 | 5.75815538857127 × 10^273 |
| 152 | ov_152 | 3.848118393029683 × 10^273 |
| 153 | ov_153 | 2.438525113255888 × 10^273 |
| 154 | ov_154 | 1.4304892208338379 × 10^273 |
| 155 | ov_155 | 7.366678466277437 × 10^272 |
| 156 | aaa_76_25 | 2.8125904502873022 × 10^272 |
| 157 | aaa_76_26 | 1.5983341753534726 × 10^272 |
| 158 | aaa_76_27 | 7.95936767620201 × 10^271 |
| 159 | aaa_76_28 | 2.9001645655035335 × 10^271 |
| 160 | aaa_76_29 | 7.698309585276097 × 10^270 |

### Output Bits Sorted by Complexity

| Rank | Output Bit | Complexity |
|:----:|:----------:|:----------:|
| 160 | aaa_76_29 | 7.698309585276097 × 10^270 |
| 159 | aaa_76_28 | 2.9001645655035335 × 10^271 |
| 158 | aaa_76_27 | 7.95936767620201 × 10^271 |
| 157 | aaa_76_26 | 1.5983341753534726 × 10^272 |
| 156 | aaa_76_25 | 2.8125904502873022 × 10^272 |
| 155 | ov_155 | 7.366678466277437 × 10^272 |
| 154 | ov_154 | 1.4304892208338379 × 10^273 |
| 153 | ov_153 | 2.438525113255888 × 10^273 |
| 152 | ov_152 | 3.848118393029683 × 10^273 |
| 151 | ov_151 | 5.75815538857127 × 10^273 |
| 150 | ov_150 | 8.377956558454475 × 10^273 |
| 149 | ov_149 | 1.1939944368928244 × 10^274 |
| 148 | ov_148 | 1.669965865278007 × 10^274 |
| 147 | ov_147 | 2.2935777528784337 × 10^274 |
| 146 | ov_146 | 3.095014566844302 × 10^274 |
| 145 | ov_145 | 4.106781539625678 × 10^274 |
| 144 | ov_144 | 5.363711223378998 × 10^274 |
| 143 | ov_143 | 6.90297415772721 × 10^274 |
| 142 | ov_142 | 8.76409559068686 × 10^274 |
| 141 | ov_141 | 1.0988980376845755 × 10^275 |
| 140 | ov_140 | 1.3621948361374717 × 10^275 |
| 139 | ov_139 | 1.6709782743251542 × 10^275 |
| 138 | ov_138 | 2.030179409624248 × 10^275 |
| 137 | ov_137 | 2.4449902911857552 × 10^275 |
| 136 | ov_136 | 2.9208743714902584 × 10^275 |
| 135 | ov_135 | 3.463579398977449 × 10^275 |
| 134 | ov_134 | 4.079153134486206 × 10^275 |
| 133 | ov_133 | 4.773962253411875 × 10^275 |
| 132 | ov_132 | 5.554714815011403 × 10^275 |
| 131 | ov_131 | 6.42848670029238 × 10^275 |
| 130 | ov_130 | 6.42849145947071 × 10^275 |
| 129 | ov_129 | 6.428506428597775 × 10^275 |
| 128 | aaa_77_29 | 7.028907962193579 × 10^275 |
| 127 | aaa_77_28 | 1.8769717053481004 × 10^276 |
| 126 | ov_126 | 5.882321425202556 × 10^276 |
| 125 | ov_125 | 1.3223176375609247 × 10^277 |
| 124 | ov_124 | 2.51940434125881 × 10^277 |
| 123 | ov_123 | 4.308944056452501 × 10^277 |
| 122 | ov_122 | 6.820393176138743 × 10^277 |
| 121 | ov_121 | 1.0183222623737491 × 10^278 |
| 120 | ov_120 | 1.452693812610681 × 10^278 |
| 119 | ov_119 | 1.9981113463690566 × 10^278 |
| 118 | ov_118 | 2.6675440195446208 × 10^278 |
| 117 | ov_117 | 3.4739798474210735 × 10^278 |
| 116 | ov_116 | 4.43043535681555 × 10^278 |
| 115 | ov_115 | 5.5499682704220285 × 10^278 |
| 114 | ov_114 | 6.845693685005978 × 10^278 |
| 113 | ov_113 | 8.330805194078598 × 10^278 |
| 112 | ov_112 | 1.0018603510197475 × 10^279 |
| 111 | ov_111 | 1.1922534384458024 × 10^279 |
| 110 | ov_110 | 1.4056236747935315 × 10^279 |
| 109 | ov_109 | 1.6433602000690504 × 10^279 |
| 108 | ov_108 | 1.906884537514174 × 10^279 |
| 107 | ov_107 | 2.1976590302359635 × 10^279 |
| 106 | ov_106 | 2.517196671263611 × 10^279 |
| 105 | ov_105 | 2.86707242061369 × 10^279 |
| 104 | ov_104 | 3.248936103634881 × 10^279 |
| 103 | ov_103 | 3.664526985922351 × 10^279 |
| 102 | ov_102 | 4.115690121532297 × 10^279 |
| 101 | ov_101 | 4.604394573188532 × 10^279 |
| 100 | ov_100 | 5.1327536057593226 × 10^279 |
| 99 | ov_099 | 5.703046957611629 × 10^279 |
| 98 | ov_098 | 5.703101228114374 × 10^279 |
| 97 | ov_097 | 5.703271326493426 × 10^279 |
| 96 | aaa_78_29 | 8.633936997958844 × 10^279 |
| 95 | aaa_78_28 | 2.811168603720179 × 10^280 |
| 94 | ov_094 | 9.103317116173838 × 10^280 |
| 93 | ov_093 | 2.125115285443876 × 10^281 |
| 92 | ov_092 | 4.2527942715003584 × 10^281 |
| 91 | ov_091 | 7.710562302735044 × 10^281 |
| 90 | ov_090 | 1.3005514502771352 × 10^282 |
| 89 | ov_089 | 2.0734732136258225 × 10^282 |
| 88 | ov_088 | 3.1585454935326163 × 10^282 |
| 87 | ov_087 | 4.633538773622681 × 10^282 |
| 86 | ov_086 | 6.663089717394166 × 10^282 |
| 85 | ov_085 | 9.430099267705132 × 10^282 |
| 84 | ov_084 | 1.3135907300815462 × 10^283 |
| 83 | ov_083 | 1.8000530221117441 × 10^283 |
| 82 | ov_082 | 2.4262971858293163 × 10^283 |
| 81 | ov_081 | 3.218161803323096 × 10^283 |
| 80 | ov_080 | 4.2034725167027666 × 10^283 |
| 64 | lv_79_m31 | 4.345763263730649 × 10^283 |
| 79 | ov_079 | 5.41210133203121 × 10^283 |
| 78 | ov_078 | 6.876037406982078 × 10^283 |
| 77 | ov_077 | 8.629470365788033 × 10^283 |
| 76 | ov_076 | 1.070888718909119 × 10^284 |
| 75 | ov_075 | 1.3153183731885865 × 10^284 |
| 74 | ov_074 | 1.6003791930355752 × 10^284 |
| 73 | ov_073 | 1.9304823768709278 × 10^284 |
| 63 | ov_063 | 2.232937020262086 × 10^284 |
| 72 | ov_072 | 2.3103233090879783 × 10^284 |
| 71 | ov_071 | 2.7448996360036795 × 10^284 |
| 70 | ov_070 | 3.23953134921797 × 10^284 |
| 69 | ov_069 | 3.799882991965922 × 10^284 |
| 68 | ov_068 | 4.431988107737275 × 10^284 |
| 67 | ov_067 | 5.142276054975959 × 10^284 |
| 66 | ov_066 | 5.1422802108847784 × 10^284 |
| 65 | ov_065 | 5.142297190242602 × 10^284 |
| 62 | ov_062 | 1.0106842220205788 × 10^285 |
| 61 | ov_061 | 3.777149915472253 × 10^285 |
| 60 | ov_060 | 1.1179864414262575 × 10^286 |
| 59 | ov_059 | 2.762040778475234 × 10^286 |
| 58 | ov_058 | 5.683285764099592 × 10^286 |
| 57 | ov_057 | 1.0359717293043588 × 10^287 |
| 56 | ov_056 | 1.7373924108427912 × 10^287 |
| 55 | ov_055 | 2.741310058980492 × 10^287 |
| 54 | ov_054 | 4.1269074310041594 × 10^287 |
| 53 | ov_053 | 5.983835791743488 × 10^287 |
| 52 | ov_052 | 8.412223843675516 × 10^287 |
| 51 | ov_051 | 1.1622820770259829 × 10^288 |
| 50 | ov_050 | 1.5847381092096078 × 10^288 |
| 49 | ov_049 | 2.1338718055002515 × 10^288 |
| 48 | ov_048 | 2.83707794230531 × 10^288 |
| 47 | ov_047 | 3.723875231495958 × 10^288 |
| 32 | lv_80_m31 | 4.4872533061489006 × 10^288 |
| 46 | ov_046 | 4.825920687236746 × 10^288 |
| 45 | ov_045 | 6.17702919774036 × 10^288 |
| 44 | ov_044 | 7.795750109201757 × 10^288 |
| 43 | ov_043 | 9.720301428424275 × 10^288 |
| 42 | ov_042 | 1.1991165100142927 × 10^289 |
| 41 | ov_041 | 1.4651144270026058 × 10^289 |
| 40 | ov_040 | 1.7723445089343841 × 10^289 |
| 39 | ov_039 | 2.1232538665418968 × 10^289 |
| 31 | ov_031 | 2.300769511946348 × 10^289 |
| 38 | ov_038 | 2.5204219962367277 × 10^289 |
| 37 | ov_037 | 2.969147326893115 × 10^289 |
| 36 | ov_036 | 3.475015516217037 × 10^289 |
| 35 | ov_035 | 4.0439176262746037 × 10^289 |
| 34 | ov_034 | 4.682071389031352 × 10^289 |
| 33 | ov_033 | 5.396045904385516 × 10^289 |
| 30 | ov_030 | 1.179545291640415 × 10^290 |
| 29 | ov_029 | 3.858583525331566 × 10^290 |
| 28 | ov_028 | 1.0014994391245104 × 10^291 |
| 27 | ov_027 | 2.238568811319028 × 10^291 |
| 26 | ov_026 | 4.476808252403101 × 10^291 |
| 25 | ov_025 | 8.20201149798177 × 10^291 |
| 24 | ov_024 | 1.400602875849548 × 10^292 |
| 23 | ov_023 | 2.2586780444434336 × 10^292 |
| 22 | ov_022 | 3.54462115924269 × 10^292 |
| 21 | ov_021 | 5.429854517106781 × 10^292 |
| 20 | ov_020 | 8.107047321741055 × 10^292 |
| 19 | ov_019 | 1.1790147136424067 × 10^293 |
| 18 | ov_018 | 1.6714427918301216 × 10^293 |
| 17 | ov_017 | 2.313655971357123 × 10^293 |
| 16 | ov_016 | 3.1334705929901363 × 10^293 |
| 15 | ov_015 | 4.1608654939757105 × 10^293 |
| 14 | ov_014 | 5.42799946075637 × 10^293 |
| 13 | ov_013 | 6.969234228130897 × 10^293 |
| 12 | ov_012 | 8.821164705334864 × 10^293 |
| 11 | ov_011 | 1.1022658367466446 × 10^294 |
| 10 | ov_010 | 1.3614905919508665 × 10^294 |
| 9 | ov_009 | 1.6641485509764397 × 10^294 |
| 8 | ov_008 | 2.0148442940102718 × 10^294 |
| 7 | ov_007 | 2.4184390317886468 × 10^294 |
| 6 | ov_006 | 2.8800625419292423 × 10^294 |
| 5 | ov_005 | 3.4051274210049567 × 10^294 |
| 4 | ov_004 | 3.999345949815764 × 10^294 |
| 3 | ov_003 | 4.668749883142163 × 10^294 |
| 2 | ov_002 | 5.4197134269655596 × 10^294 |
| 1 | ov_001 | 6.25897961479015 × 10^294 |

