# Results for F001-F002-F003-F004-F005-F006-F007-F008-F009-F010-F011-F012-F013-F014-F015-F016-F017-F018-F019-F020-F021-F022-F023-F024-F025-F026-F027-F028-F029-F030-F031-F032-F033-F034-F035-F036-F037-F038-F039-F040-F041-F042-F043-F044-F045-F046-F047-F048-F049-F050-F051-F052-F053-F054-F055-F056-F057-F058-F059-F060-F061-F062-F063-F064-F065-F066-F067-F068-F069-F070-F071-F072-F073-F074-F075-F076-F077-F078-F079-F080-F081-F082-F083-F084-F085-F086-F087-F088-F089-F090-F091-F092-F093-F094-F095-F096-F097-F098-F099-F100-F101-F102-F103-F104-F105-F106-F107-F108-F109-F110-F111-F112-F113-F114-F115-F116-F117-F118-F119-F120-F121-F122-F123-F124-F125-F126-F127-F128-F129-F130-F131-F132-F133-F134-F135-F136-F137-F138-F139-F140-F141-F142-F143-F144-F145-F146-F147-F148-F149-F150-F151-F152-F153-F154-F155-F156-F157-F158-F159-F160-F161-F162-F163-F164-F165-F166-F167-F168-F169-F170-F171-F172-F173-F174-F175-F176-F177-F178-F179-F180-F181-F182-F183-F184-F185-F186-F187-F188-F189-F190-F191-F192-F193-F194-F195-F196-F197-F198-F199-F200-F201-F202-F203-F204-F205-F206-F207-F208-F209-F210-F211-F212-F213-F214-F215-F216-F217-F218-F219-F220-F221-F222-F223-F224-F225-F226-F227-F228-F229-F230-F231-F232-F233-F234-F235-F236-F237-F238-F239-F240-F241-F242-F243-F244-F245-F246-F247-F248-F249-F250-F251-F252-F253-F254-F255-F256-F257-F258-F259-F260-F261-F262-F263-F264-F265-F266-F267-F268-F269-F270-F271-F272-F273-F274-F275-F276-F277-F278-F279-F280-F281-F282-F283-F284-F285-F286-F287-F288-F289-F290-F291-F292-F293-F294-F295-F296-F297-F298-F299-F300-F301-F302-F303-F304-F305-F306-F307-F308-F309-F310-F311-F312-F313-F314-F315-F316-F317-F318-F319-F320-F321-F322-F323-F324-F325-F326-F327-F328-F329-F330-F331-F332-F333-F334-F335-F336-F337-F338-F339-F340-F341-F342-F343-F344-F345-F346-F347-F348-F349-F350-F351-F352-F353-F354-F355-F356-F357-F358-F359-F360-F361-F362-F363-F364-F365-F366-F367-F368-F369-F370-F371-F372-F373-F374-F375-F376-F377-F378-F379-F380-F381-F382-F383-F384-F385-F386-F387-F388-F389-F390-F391-F392-F393-F394-F395-F396-F397-F398-F399-F400-F401-F402-F403-F404-F405-F406-F407-F408-F409-F410-F411-F412-F413-F414-F415-F416-F417-F418-F419-F420-F421-F422-F423-F424-F425-F426-F427-F428-F429-F430-F431-F432-F433-F434-F435-F436-F437-F438-F439-F440-F441-F442-F443-F444-F445-F446-F447-F448-F449-F450-F451-F452-F453-F454-F455-F456-F457-F458-F459-F460-F461-F462-F463-F464-F465-F466-F467-F468-F469-F470-F471-F472-F473-F474-F475-F476-F477-F478-F479-F480-F481-F482-F483-F484-F485-F486-F487-F488-F489-F490-F491-F492-F493-F494-F495-F496-E499505-E504506-O507508-F509-F510-F511-F512

## Summary

Number of input bits: 512  
Number of free input bits: 9  
Number of output bits: 160

Number of direct occurrences: 36529  
Number of assignments: 31066  
Number of operations: 10943566
(xor: 10915537,
and: 14752,
or: 13277)

Total complexity: 1.2208429490186785 × 10^299

Least occurring input variable: iv_502 (3879)  
Most occurring input variable: iv_507 (4348)

Most co-occurring input variables: iv_497-iv_507 (2002)  
Least co-occurring input variables: iv_498-iv_502 (1764)

Potentially most occurring input variable: iv_499/iv_507 (4584)  
Potentially least occurring input variable: iv_497/iv_502 (4157)

Least output occurring input variable: iv_500 (69)  
Most output occurring input variable: iv_501 (91)

Most output co-occurring input variables: iv_501-iv_504 (53)  
Least output co-occurring input variables: iv_500-iv_507 (33)

Potentially most output occurring input variable: iv_502/iv_504 (91)  
Potentially least output occurring input variable: iv_500/iv_503 (70)

Least complex input bit: iv_497 (6.683448831140489 × 10^296)  
Most complex input bit: iv_499 (3.894642246640023 × 10^298)

Least complex output bit: aaa_76_29 (5.284707394171041 × 10^273)  
Most complex output bit: ov_001 (1.9684132952342951 × 10^298)

Least complex input/output complexity: iv_497/aaa_76_29 (2.8930888682186703 × 10^271)  
Most complex input/output complexity: iv_499/ov_001 (6.279485485524222 × 10^297)

## Input Bits

### Input Bits in Regular Order

| Input Bit | Complexity | Occurrences | Output Occurrences |
|:---------:|:----------:|:-----------:|:------------------:|
| iv_497 | 6.683448831140489 × 10^296 | 4102 | 84 |
| iv_498 | 1.3328154946921144 × 10^297 | 3913 | 90 |
| iv_499 | 3.894642246640023 × 10^298 | 4080 | 81 |
| iv_500 | 4.0989802601996504 × 10^297 | 3934 | 69 |
| iv_501 | 6.871740773812116 × 10^297 | 4059 | 91 |
| iv_502 | 1.1248072810347365 × 10^298 | 3879 | 83 |
| iv_503 | 1.8034690578760123 × 10^298 | 4024 | 77 |
| iv_504 | 3.283777710446088 × 10^298 | 4190 | 86 |
| iv_507 | 8.045450530081431 × 10^297 | 4348 | 74 |

### Input Bits Sorted by Complexity

| Input Bit | Complexity | Occurrences | Output Occurrences |
|:---------:|:----------:|:-----------:|:------------------:|
| iv_497 | 6.683448831140489 × 10^296 | 4102 | 84 |
| iv_498 | 1.3328154946921144 × 10^297 | 3913 | 90 |
| iv_500 | 4.0989802601996504 × 10^297 | 3934 | 69 |
| iv_501 | 6.871740773812116 × 10^297 | 4059 | 91 |
| iv_507 | 8.045450530081431 × 10^297 | 4348 | 74 |
| iv_502 | 1.1248072810347365 × 10^298 | 3879 | 83 |
| iv_503 | 1.8034690578760123 × 10^298 | 4024 | 77 |
| iv_504 | 3.283777710446088 × 10^298 | 4190 | 86 |
| iv_499 | 3.894642246640023 × 10^298 | 4080 | 81 |

### Input Bits Sorted by Occurrences

| Input Bit | Complexity | Occurrences | Output Occurrences |
|:---------:|:----------:|:-----------:|:------------------:|
| iv_502 | 1.1248072810347365 × 10^298 | 3879 | 83 |
| iv_498 | 1.3328154946921144 × 10^297 | 3913 | 90 |
| iv_500 | 4.0989802601996504 × 10^297 | 3934 | 69 |
| iv_503 | 1.8034690578760123 × 10^298 | 4024 | 77 |
| iv_501 | 6.871740773812116 × 10^297 | 4059 | 91 |
| iv_499 | 3.894642246640023 × 10^298 | 4080 | 81 |
| iv_497 | 6.683448831140489 × 10^296 | 4102 | 84 |
| iv_504 | 3.283777710446088 × 10^298 | 4190 | 86 |
| iv_507 | 8.045450530081431 × 10^297 | 4348 | 74 |

### Input Bits Sorted by Output Occurrences

| Input Bit | Complexity | Occurrences | Output Occurrences |
|:---------:|:----------:|:-----------:|:------------------:|
| iv_500 | 4.0989802601996504 × 10^297 | 3934 | 69 |
| iv_507 | 8.045450530081431 × 10^297 | 4348 | 74 |
| iv_503 | 1.8034690578760123 × 10^298 | 4024 | 77 |
| iv_499 | 3.894642246640023 × 10^298 | 4080 | 81 |
| iv_502 | 1.1248072810347365 × 10^298 | 3879 | 83 |
| iv_497 | 6.683448831140489 × 10^296 | 4102 | 84 |
| iv_504 | 3.283777710446088 × 10^298 | 4190 | 86 |
| iv_498 | 1.3328154946921144 × 10^297 | 3913 | 90 |
| iv_501 | 6.871740773812116 × 10^297 | 4059 | 91 |

## Input Bit Co-occurrences

### Input Bit Co-occurrences Sorted by Co-occurrences

| Input Bits | Co-occurrences | Potential Occurrences | Output Co-occurrences | Potential Output Occurrences |
|:----------:|:--------------:|:---------------------:|:---------------------:|:----------------------------:|
| iv_497-iv_507 | 2002 | 4446 | 40 | 78 |
| iv_503-iv_507 | 1995 | 4382 | 36 | 79 |
| iv_504-iv_507 | 1994 | 4550 | 38 | 84 |
| iv_497-iv_501 | 1985 | 4191 | 48 | 79 |
| iv_497-iv_503 | 1963 | 4200 | 45 | 71 |
| iv_502-iv_507 | 1942 | 4343 | 41 | 75 |
| iv_500-iv_507 | 1937 | 4408 | 33 | 77 |
| iv_498-iv_507 | 1934 | 4393 | 45 | 74 |
| iv_499-iv_501 | 1932 | 4275 | 41 | 90 |

### Input Bit Co-occurrences Sorted by Potential Occurrences

| Input Bits | Co-occurrences | Potential Occurrences | Output Co-occurrences | Potential Output Occurrences |
|:----------:|:--------------:|:---------------------:|:---------------------:|:----------------------------:|
| iv_497-iv_502 | 1912 | 4157 | 46 | 75 |
| iv_501-iv_502 | 1877 | 4184 | 42 | 90 |
| iv_497-iv_501 | 1985 | 4191 | 48 | 79 |
| iv_500-iv_502 | 1809 | 4195 | 37 | 78 |
| iv_497-iv_503 | 1963 | 4200 | 45 | 71 |
| iv_499-iv_500 | 1887 | 4240 | 36 | 78 |
| iv_499-iv_502 | 1858 | 4243 | 43 | 78 |
| iv_501-iv_503 | 1920 | 4243 | 44 | 80 |
| iv_497-iv_500 | 1896 | 4244 | 37 | 79 |

### Input Bit Output Co-occurrences Sorted by Output Co-occurrences

| Input Bits | Co-occurrences | Potential Occurrences | Output Co-occurrences | Potential Output Occurrences |
|:----------:|:--------------:|:---------------------:|:---------------------:|:----------------------------:|
| iv_501-iv_504 | 1895 | 4459 | 53 | 71 |
| iv_498-iv_502 | 1764 | 4264 | 51 | 71 |
| iv_497-iv_498 | 1875 | 4265 | 49 | 76 |
| iv_497-iv_501 | 1985 | 4191 | 48 | 79 |
| iv_498-iv_501 | 1837 | 4298 | 47 | 87 |
| iv_498-iv_504 | 1860 | 4383 | 47 | 82 |
| iv_497-iv_502 | 1912 | 4157 | 46 | 75 |
| iv_497-iv_504 | 1897 | 4498 | 45 | 80 |
| iv_503-iv_504 | 1883 | 4448 | 45 | 73 |

### Input Bit Output Co-occurrences Sorted by Potential Output Occurrences

| Input Bits | Co-occurrences | Potential Occurrences | Output Co-occurrences | Potential Output Occurrences |
|:----------:|:--------------:|:---------------------:|:---------------------:|:----------------------------:|
| iv_500-iv_503 | 1855 | 4248 | 38 | 70 |
| iv_501-iv_504 | 1895 | 4459 | 53 | 71 |
| iv_497-iv_503 | 1963 | 4200 | 45 | 71 |
| iv_498-iv_502 | 1764 | 4264 | 51 | 71 |
| iv_503-iv_504 | 1883 | 4448 | 45 | 73 |
| iv_498-iv_507 | 1934 | 4393 | 45 | 74 |
| iv_502-iv_503 | 1811 | 4281 | 43 | 74 |
| iv_502-iv_507 | 1942 | 4343 | 41 | 75 |
| iv_497-iv_502 | 1912 | 4157 | 46 | 75 |

## Output Bits

### Output Bits in Regular Order

| Rank | Output Bit | Complexity |
|:----:|:----------:|:----------:|
| 1 | ov_001 | 1.9684132952342951 × 10^298 |
| 2 | ov_002 | 1.7045060284201992 × 10^298 |
| 3 | ov_003 | 1.468378841060506 × 10^298 |
| 4 | ov_004 | 1.2579100625906646 × 10^298 |
| 5 | ov_005 | 1.071093712558449 × 10^298 |
| 6 | ov_006 | 9.06031251495878 × 10^297 |
| 7 | ov_007 | 7.609243966794692 × 10^297 |
| 8 | ov_008 | 6.340689336085455 × 10^297 |
| 9 | ov_009 | 5.238494461717563 × 10^297 |
| 10 | ov_010 | 4.287348743357667 × 10^297 |
| 11 | ov_011 | 3.4727480713693586 × 10^297 |
| 12 | ov_012 | 2.7809642402067395 × 10^297 |
| 13 | ov_013 | 2.1990200274007005 × 10^297 |
| 14 | ov_014 | 1.714669171177182 × 10^297 |
| 15 | ov_015 | 1.3163805301056198 × 10^297 |
| 16 | ov_016 | 9.933257581143953 × 10^296 |
| 17 | ov_017 | 7.353698778407687 × 10^296 |
| 18 | ov_018 | 5.330641846919754 × 10^296 |
| 19 | ov_019 | 3.776409632474234 × 10^296 |
| 20 | ov_020 | 2.6100956997190156 × 10^296 |
| 21 | ov_021 | 1.7575355180392276 × 10^296 |
| 22 | ov_022 | 1.1512857654648983 × 10^296 |
| 23 | ov_023 | 7.306100175219421 × 10^295 |
| 24 | ov_024 | 4.4146933292228596 × 10^295 |
| 25 | ov_025 | 2.5851769840612776 × 10^295 |
| 26 | ov_026 | 1.4109646219650561 × 10^295 |
| 27 | ov_027 | 7.054817800402717 × 10^294 |
| 28 | ov_028 | 3.15587226608218 × 10^294 |
| 29 | ov_029 | 1.2157146853413919 × 10^294 |
| 30 | ov_030 | 3.715635990280666 × 10^293 |
| 31 | ov_031 | 7.245482248906929 × 10^292 |
| 32 | lv_80_m31 | 1.4126294780612622 × 10^292 |
| 33 | ov_033 | 1.6926477456147666 × 10^293 |
| 34 | ov_034 | 1.4676936508338092 × 10^293 |
| 35 | ov_035 | 1.2664516229234865 × 10^293 |
| 36 | ov_036 | 1.0869942670370274 × 10^293 |
| 37 | ov_037 | 9.274978334119488 × 10^292 |
| 38 | ov_038 | 7.862348855950904 × 10^292 |
| 39 | ov_039 | 6.615679752013187 × 10^292 |
| 40 | ov_040 | 5.519442267607683 × 10^292 |
| 41 | ov_041 | 4.558907410193929 × 10^292 |
| 42 | ov_042 | 3.726905361807221 × 10^292 |
| 43 | ov_043 | 3.0166380583605073 × 10^292 |
| 44 | ov_044 | 2.4155690771152235 × 10^292 |
| 45 | ov_045 | 1.9118430441617266 × 10^292 |
| 46 | ov_046 | 1.4942684734275113 × 10^292 |
| 47 | ov_047 | 1.152304262507686 × 10^292 |
| 48 | ov_048 | 8.760492486936758 × 10^291 |
| 49 | ov_049 | 6.562342730664503 × 10^291 |
| 50 | ov_050 | 4.842162448638325 × 10^291 |
| 51 | ov_051 | 3.519737660170543 × 10^291 |
| 52 | ov_052 | 2.5210396680789957 × 10^291 |
| 53 | ov_053 | 1.7782026563325536 × 10^291 |
| 54 | ov_054 | 1.229508141047024 × 10^291 |
| 55 | ov_055 | 8.19374521333783 × 10^290 |
| 56 | ov_056 | 5.215441852060888 × 10^290 |
| 57 | ov_057 | 3.1282335101374223 × 10^290 |
| 58 | ov_058 | 1.7308060517456622 × 10^290 |
| 59 | ov_059 | 8.524613588836676 × 10^289 |
| 60 | ov_060 | 3.531138252075098 × 10^289 |
| 61 | ov_061 | 1.23289081638661 × 10^289 |
| 62 | ov_062 | 3.3804337496911584 × 10^288 |
| 63 | ov_063 | 6.585111820235619 × 10^287 |
| 64 | lv_79_m31 | 1.2824720559355374 × 10^287 |
| 65 | ov_065 | 1.5175595607059345 × 10^288 |
| 66 | ov_066 | 1.517555082613022 × 10^288 |
| 67 | ov_067 | 1.5175540091088875 × 10^288 |
| 68 | ov_068 | 1.3108838222951795 × 10^288 |
| 69 | ov_069 | 1.1262288554999718 × 10^288 |
| 70 | ov_070 | 9.619292727511964 × 10^287 |
| 71 | ov_071 | 8.164069131823306 × 10^287 |
| 72 | ov_072 | 6.8815970756070315 × 10^287 |
| 73 | ov_073 | 5.757570866117004 × 10^287 |
| 74 | ov_074 | 4.778362586432468 × 10^287 |
| 75 | ov_075 | 3.930992403921804 × 10^287 |
| 76 | ov_076 | 3.2031053119598173 × 10^287 |
| 77 | ov_077 | 2.5829532658347103 × 10^287 |
| 78 | ov_078 | 2.0593817321431734 × 10^287 |
| 79 | ov_079 | 1.6218197281168804 × 10^287 |
| 80 | ov_080 | 1.260272483520981 × 10^287 |
| 81 | ov_081 | 9.65315913236752 × 10^286 |
| 82 | ov_082 | 7.280922212049639 × 10^286 |
| 83 | ov_083 | 5.403062371067853 × 10^286 |
| 84 | ov_084 | 3.9422234736341707 × 10^286 |
| 85 | ov_085 | 2.826619665873044 × 10^286 |
| 86 | ov_086 | 1.9900149572215883 × 10^286 |
| 87 | ov_087 | 1.371707131778865 × 10^286 |
| 88 | ov_088 | 9.165154530957891 × 10^285 |
| 89 | ov_089 | 5.98228606238722 × 10^285 |
| 90 | ov_090 | 3.726844206448732 × 10^285 |
| 91 | ov_091 | 2.191777058421147 × 10^285 |
| 92 | ov_092 | 1.1975347425670092 × 10^285 |
| 93 | ov_093 | 5.9206049518435015 × 10^284 |
| 94 | ov_094 | 2.5078628452810175 × 10^284 |
| 95 | aaa_78_28 | 7.663102325195439 × 10^283 |
| 96 | aaa_78_29 | 2.3146215611968215 × 10^283 |
| 97 | ov_097 | 1.199821989508594 × 10^283 |
| 98 | ov_098 | 1.1998131886957533 × 10^283 |
| 99 | ov_099 | 1.1998103808317035 × 10^283 |
| 100 | ov_100 | 1.0067153325204652 × 10^283 |
| 101 | ov_101 | 8.381988054715393 × 10^282 |
| 102 | ov_102 | 6.920885617617724 × 10^282 |
| 103 | ov_103 | 5.663305111268004 × 10^282 |
| 104 | ov_104 | 4.589800976026057 × 10^282 |
| 105 | ov_105 | 3.681948376806548 × 10^282 |
| 106 | ov_106 | 2.9222790214053815 × 10^282 |
| 107 | ov_107 | 2.2942263922029284 × 10^282 |
| 108 | ov_108 | 1.7820794209397643 × 10^282 |
| 109 | ov_109 | 1.3709436878772503 × 10^282 |
| 110 | ov_110 | 1.0467092771278586 × 10^282 |
| 111 | ov_111 | 7.960244695509384 × 10^281 |
| 112 | ov_112 | 6.0627450359160644 × 10^281 |
| 113 | ov_113 | 4.655646829812162 × 10^281 |
| 114 | ov_114 | 3.6270715846314655 × 10^281 |
| 115 | ov_115 | 2.872107587649093 × 10^281 |
| 116 | ov_116 | 2.292732939801139 × 10^281 |
| 117 | ov_117 | 1.7977580239640925 × 10^281 |
| 118 | ov_118 | 1.380423526766667 × 10^281 |
| 119 | ov_119 | 1.0339918329480822 × 10^281 |
| 120 | ov_120 | 7.517404122581095 × 10^280 |
| 121 | ov_121 | 5.26956776018317 × 10^280 |
| 122 | ov_122 | 3.5293476459915655 × 10^280 |
| 123 | ov_123 | 2.229719270836817 × 10^280 |
| 124 | ov_124 | 1.3036775439202702 × 10^280 |
| 125 | ov_125 | 6.842258518405835 × 10^279 |
| 126 | ov_126 | 3.0437048041715346 × 10^279 |
| 127 | aaa_77_28 | 9.71184746733034 × 10^278 |
| 128 | aaa_77_29 | 3.6368056646862835 × 10^278 |
| 129 | ov_129 | 3.330825210348554 × 10^278 |
| 130 | ov_130 | 3.330814926230801 × 10^278 |
| 131 | ov_131 | 3.330812442420047 × 10^278 |
| 132 | ov_132 | 2.878515670703686 × 10^278 |
| 133 | ov_133 | 2.4744395490274596 × 10^278 |
| 134 | ov_134 | 2.114894685043176 × 10^278 |
| 135 | ov_135 | 1.7963862109573346 × 10^278 |
| 136 | ov_136 | 1.515599805977866 × 10^278 |
| 137 | ov_137 | 1.2693897376473772 × 10^278 |
| 138 | ov_138 | 1.0547687241214723 × 10^278 |
| 139 | ov_139 | 8.6889942939033 × 10^277 |
| 140 | ov_140 | 7.090874131240932 × 10^277 |
| 141 | ov_141 | 5.727753663117177 × 10^277 |
| 142 | ov_142 | 4.575384732114707 × 10^277 |
| 143 | ov_143 | 3.6108074938127537 × 10^277 |
| 144 | ov_144 | 2.8123221474087424 × 10^277 |
| 145 | ov_145 | 2.15946769758543 × 10^277 |
| 146 | ov_146 | 1.633006519681906 × 10^277 |
| 147 | ov_147 | 1.2149135911726247 × 10^277 |
| 148 | ov_148 | 8.883693432716069 × 10^276 |
| 149 | ov_149 | 6.377551771918474 × 10^276 |
| 150 | ov_150 | 4.4865078022797307 × 10^276 |
| 151 | ov_151 | 3.0783250448663126 × 10^276 |
| 152 | ov_152 | 2.0327229861301577 × 10^276 |
| 153 | ov_153 | 1.2925492570240336 × 10^276 |
| 154 | ov_154 | 7.614148452791764 × 10^275 |
| 155 | ov_155 | 3.9411047552767006 × 10^275 |
| 156 | aaa_76_25 | 1.5139609742985088 × 10^275 |
| 157 | aaa_76_26 | 8.73814068326816 × 10^274 |
| 158 | aaa_76_27 | 4.470240507005872 × 10^274 |
| 159 | aaa_76_28 | 1.7391223172664929 × 10^274 |
| 160 | aaa_76_29 | 5.284707394171041 × 10^273 |

### Output Bits Sorted by Complexity

| Rank | Output Bit | Complexity |
|:----:|:----------:|:----------:|
| 160 | aaa_76_29 | 5.284707394171041 × 10^273 |
| 159 | aaa_76_28 | 1.7391223172664929 × 10^274 |
| 158 | aaa_76_27 | 4.470240507005872 × 10^274 |
| 157 | aaa_76_26 | 8.73814068326816 × 10^274 |
| 156 | aaa_76_25 | 1.5139609742985088 × 10^275 |
| 155 | ov_155 | 3.9411047552767006 × 10^275 |
| 154 | ov_154 | 7.614148452791764 × 10^275 |
| 153 | ov_153 | 1.2925492570240336 × 10^276 |
| 152 | ov_152 | 2.0327229861301577 × 10^276 |
| 151 | ov_151 | 3.0783250448663126 × 10^276 |
| 150 | ov_150 | 4.4865078022797307 × 10^276 |
| 149 | ov_149 | 6.377551771918474 × 10^276 |
| 148 | ov_148 | 8.883693432716069 × 10^276 |
| 147 | ov_147 | 1.2149135911726247 × 10^277 |
| 146 | ov_146 | 1.633006519681906 × 10^277 |
| 145 | ov_145 | 2.15946769758543 × 10^277 |
| 144 | ov_144 | 2.8123221474087424 × 10^277 |
| 143 | ov_143 | 3.6108074938127537 × 10^277 |
| 142 | ov_142 | 4.575384732114707 × 10^277 |
| 141 | ov_141 | 5.727753663117177 × 10^277 |
| 140 | ov_140 | 7.090874131240932 × 10^277 |
| 139 | ov_139 | 8.6889942939033 × 10^277 |
| 138 | ov_138 | 1.0547687241214723 × 10^278 |
| 137 | ov_137 | 1.2693897376473772 × 10^278 |
| 136 | ov_136 | 1.515599805977866 × 10^278 |
| 135 | ov_135 | 1.7963862109573346 × 10^278 |
| 134 | ov_134 | 2.114894685043176 × 10^278 |
| 133 | ov_133 | 2.4744395490274596 × 10^278 |
| 132 | ov_132 | 2.878515670703686 × 10^278 |
| 131 | ov_131 | 3.330812442420047 × 10^278 |
| 130 | ov_130 | 3.330814926230801 × 10^278 |
| 129 | ov_129 | 3.330825210348554 × 10^278 |
| 128 | aaa_77_29 | 3.6368056646862835 × 10^278 |
| 127 | aaa_77_28 | 9.71184746733034 × 10^278 |
| 126 | ov_126 | 3.0437048041715346 × 10^279 |
| 125 | ov_125 | 6.842258518405835 × 10^279 |
| 124 | ov_124 | 1.3036775439202702 × 10^280 |
| 123 | ov_123 | 2.229719270836817 × 10^280 |
| 122 | ov_122 | 3.5293476459915655 × 10^280 |
| 121 | ov_121 | 5.26956776018317 × 10^280 |
| 120 | ov_120 | 7.517404122581095 × 10^280 |
| 119 | ov_119 | 1.0339918329480822 × 10^281 |
| 118 | ov_118 | 1.380423526766667 × 10^281 |
| 117 | ov_117 | 1.7977580239640925 × 10^281 |
| 116 | ov_116 | 2.292732939801139 × 10^281 |
| 115 | ov_115 | 2.872107587649093 × 10^281 |
| 114 | ov_114 | 3.6270715846314655 × 10^281 |
| 113 | ov_113 | 4.655646829812162 × 10^281 |
| 112 | ov_112 | 6.0627450359160644 × 10^281 |
| 111 | ov_111 | 7.960244695509384 × 10^281 |
| 110 | ov_110 | 1.0467092771278586 × 10^282 |
| 109 | ov_109 | 1.3709436878772503 × 10^282 |
| 108 | ov_108 | 1.7820794209397643 × 10^282 |
| 107 | ov_107 | 2.2942263922029284 × 10^282 |
| 106 | ov_106 | 2.9222790214053815 × 10^282 |
| 105 | ov_105 | 3.681948376806548 × 10^282 |
| 104 | ov_104 | 4.589800976026057 × 10^282 |
| 103 | ov_103 | 5.663305111268004 × 10^282 |
| 102 | ov_102 | 6.920885617617724 × 10^282 |
| 101 | ov_101 | 8.381988054715393 × 10^282 |
| 100 | ov_100 | 1.0067153325204652 × 10^283 |
| 99 | ov_099 | 1.1998103808317035 × 10^283 |
| 98 | ov_098 | 1.1998131886957533 × 10^283 |
| 97 | ov_097 | 1.199821989508594 × 10^283 |
| 96 | aaa_78_29 | 2.3146215611968215 × 10^283 |
| 95 | aaa_78_28 | 7.663102325195439 × 10^283 |
| 94 | ov_094 | 2.5078628452810175 × 10^284 |
| 93 | ov_093 | 5.9206049518435015 × 10^284 |
| 92 | ov_092 | 1.1975347425670092 × 10^285 |
| 91 | ov_091 | 2.191777058421147 × 10^285 |
| 90 | ov_090 | 3.726844206448732 × 10^285 |
| 89 | ov_089 | 5.98228606238722 × 10^285 |
| 88 | ov_088 | 9.165154530957891 × 10^285 |
| 87 | ov_087 | 1.371707131778865 × 10^286 |
| 86 | ov_086 | 1.9900149572215883 × 10^286 |
| 85 | ov_085 | 2.826619665873044 × 10^286 |
| 84 | ov_084 | 3.9422234736341707 × 10^286 |
| 83 | ov_083 | 5.403062371067853 × 10^286 |
| 82 | ov_082 | 7.280922212049639 × 10^286 |
| 81 | ov_081 | 9.65315913236752 × 10^286 |
| 80 | ov_080 | 1.260272483520981 × 10^287 |
| 64 | lv_79_m31 | 1.2824720559355374 × 10^287 |
| 79 | ov_079 | 1.6218197281168804 × 10^287 |
| 78 | ov_078 | 2.0593817321431734 × 10^287 |
| 77 | ov_077 | 2.5829532658347103 × 10^287 |
| 76 | ov_076 | 3.2031053119598173 × 10^287 |
| 75 | ov_075 | 3.930992403921804 × 10^287 |
| 74 | ov_074 | 4.778362586432468 × 10^287 |
| 73 | ov_073 | 5.757570866117004 × 10^287 |
| 63 | ov_063 | 6.585111820235619 × 10^287 |
| 72 | ov_072 | 6.8815970756070315 × 10^287 |
| 71 | ov_071 | 8.164069131823306 × 10^287 |
| 70 | ov_070 | 9.619292727511964 × 10^287 |
| 69 | ov_069 | 1.1262288554999718 × 10^288 |
| 68 | ov_068 | 1.3108838222951795 × 10^288 |
| 67 | ov_067 | 1.5175540091088875 × 10^288 |
| 66 | ov_066 | 1.517555082613022 × 10^288 |
| 65 | ov_065 | 1.5175595607059345 × 10^288 |
| 62 | ov_062 | 3.3804337496911584 × 10^288 |
| 61 | ov_061 | 1.23289081638661 × 10^289 |
| 60 | ov_060 | 3.531138252075098 × 10^289 |
| 59 | ov_059 | 8.524613588836676 × 10^289 |
| 58 | ov_058 | 1.7308060517456622 × 10^290 |
| 57 | ov_057 | 3.1282335101374223 × 10^290 |
| 56 | ov_056 | 5.215441852060888 × 10^290 |
| 55 | ov_055 | 8.19374521333783 × 10^290 |
| 54 | ov_054 | 1.229508141047024 × 10^291 |
| 53 | ov_053 | 1.7782026563325536 × 10^291 |
| 52 | ov_052 | 2.5210396680789957 × 10^291 |
| 51 | ov_051 | 3.519737660170543 × 10^291 |
| 50 | ov_050 | 4.842162448638325 × 10^291 |
| 49 | ov_049 | 6.562342730664503 × 10^291 |
| 48 | ov_048 | 8.760492486936758 × 10^291 |
| 47 | ov_047 | 1.152304262507686 × 10^292 |
| 32 | lv_80_m31 | 1.4126294780612622 × 10^292 |
| 46 | ov_046 | 1.4942684734275113 × 10^292 |
| 45 | ov_045 | 1.9118430441617266 × 10^292 |
| 44 | ov_044 | 2.4155690771152235 × 10^292 |
| 43 | ov_043 | 3.0166380583605073 × 10^292 |
| 42 | ov_042 | 3.726905361807221 × 10^292 |
| 41 | ov_041 | 4.558907410193929 × 10^292 |
| 40 | ov_040 | 5.519442267607683 × 10^292 |
| 39 | ov_039 | 6.615679752013187 × 10^292 |
| 31 | ov_031 | 7.245482248906929 × 10^292 |
| 38 | ov_038 | 7.862348855950904 × 10^292 |
| 37 | ov_037 | 9.274978334119488 × 10^292 |
| 36 | ov_036 | 1.0869942670370274 × 10^293 |
| 35 | ov_035 | 1.2664516229234865 × 10^293 |
| 34 | ov_034 | 1.4676936508338092 × 10^293 |
| 33 | ov_033 | 1.6926477456147666 × 10^293 |
| 30 | ov_030 | 3.715635990280666 × 10^293 |
| 29 | ov_029 | 1.2157146853413919 × 10^294 |
| 28 | ov_028 | 3.15587226608218 × 10^294 |
| 27 | ov_027 | 7.054817800402717 × 10^294 |
| 26 | ov_026 | 1.4109646219650561 × 10^295 |
| 25 | ov_025 | 2.5851769840612776 × 10^295 |
| 24 | ov_024 | 4.4146933292228596 × 10^295 |
| 23 | ov_023 | 7.306100175219421 × 10^295 |
| 22 | ov_022 | 1.1512857654648983 × 10^296 |
| 21 | ov_021 | 1.7575355180392276 × 10^296 |
| 20 | ov_020 | 2.6100956997190156 × 10^296 |
| 19 | ov_019 | 3.776409632474234 × 10^296 |
| 18 | ov_018 | 5.330641846919754 × 10^296 |
| 17 | ov_017 | 7.353698778407687 × 10^296 |
| 16 | ov_016 | 9.933257581143953 × 10^296 |
| 15 | ov_015 | 1.3163805301056198 × 10^297 |
| 14 | ov_014 | 1.714669171177182 × 10^297 |
| 13 | ov_013 | 2.1990200274007005 × 10^297 |
| 12 | ov_012 | 2.7809642402067395 × 10^297 |
| 11 | ov_011 | 3.4727480713693586 × 10^297 |
| 10 | ov_010 | 4.287348743357667 × 10^297 |
| 9 | ov_009 | 5.238494461717563 × 10^297 |
| 8 | ov_008 | 6.340689336085455 × 10^297 |
| 7 | ov_007 | 7.609243966794692 × 10^297 |
| 6 | ov_006 | 9.06031251495878 × 10^297 |
| 5 | ov_005 | 1.071093712558449 × 10^298 |
| 4 | ov_004 | 1.2579100625906646 × 10^298 |
| 3 | ov_003 | 1.468378841060506 × 10^298 |
| 2 | ov_002 | 1.7045060284201992 × 10^298 |
| 1 | ov_001 | 1.9684132952342951 × 10^298 |

