# Results for F001-F002-F003-F004-F005-F006-F007-F008-F009-F010-F011-F012-F013-F014-F015-F016-F017-F018-F019-F020-F021-F022-F023-F024-F025-F026-F027-F028-F029-F030-F031-F032-F033-F034-F035-F036-F037-F038-F039-F040-F041-F042-F043-F044-F045-F046-F047-F048-F049-F050-F051-F052-F053-F054-F055-F056-F057-F058-F059-F060-F061-F062-F063-F064-F065-F066-F067-F068-F069-F070-F071-F072-F073-F074-F075-F076-F077-F078-F079-F080-F081-F082-F083-F084-F085-F086-F087-F088-F089-F090-F091-F092-F093-F094-F095-F096-F097-F098-F099-F100-F101-F102-F103-F104-F105-F106-F107-F108-F109-F110-F111-F112-F113-F114-F115-F116-F117-F118-F119-F120-F121-F122-F123-F124-F125-F126-F127-F128-F129-F130-F131-F132-F133-F134-F135-F136-F137-F138-F139-F140-F141-F142-F143-F144-F145-F146-F147-F148-F149-F150-F151-F152-F153-F154-F155-F156-F157-F158-F159-F160-F161-F162-F163-F164-F165-F166-F167-F168-F169-F170-F171-F172-F173-F174-F175-F176-F177-F178-F179-F180-F181-F182-F183-F184-F185-F186-F187-F188-F189-F190-F191-F192-F193-F194-F195-F196-F197-F198-F199-F200-F201-F202-F203-F204-F205-F206-F207-F208-F209-F210-F211-F212-F213-F214-F215-F216-F217-F218-F219-F220-F221-F222-F223-F224-F225-F226-F227-F228-F229-F230-F231-F232-F233-F234-F235-F236-F237-F238-F239-F240-F241-F242-F243-F244-F245-F246-F247-F248-F249-F250-F251-F252-F253-F254-F255-F256-F257-F258-F259-F260-F261-F262-F263-F264-F265-F266-F267-F268-F269-F270-F271-F272-F273-F274-F275-F276-F277-F278-F279-F280-F281-F282-F283-F284-F285-F286-F287-F288-F289-F290-F291-F292-F293-F294-F295-F296-F297-F298-F299-F300-F301-F302-F303-F304-F305-F306-F307-F308-F309-F310-F311-F312-F313-F314-F315-F316-F317-F318-F319-F320-F321-F322-F323-F324-F325-F326-F327-F328-F329-F330-F331-F332-F333-F334-F335-F336-F337-F338-F339-F340-F341-F342-F343-F344-F345-F346-F347-F348-F349-F350-F351-F352-F353-F354-F355-F356-F357-F358-F359-F360-F361-F362-F363-F364-F365-F366-F367-F368-F369-F370-F371-F372-F373-F374-F375-F376-F377-F378-F379-F380-F381-F382-F383-F384-F385-F386-F387-F388-F389-F390-F391-F392-F393-F394-F395-F396-F397-F398-F399-F400-F401-F402-F403-F404-F405-F406-F407-F408-F409-F410-F411-F412-F413-F414-F415-F416-F417-F418-F419-F420-F421-F422-F423-F424-F425-F426-F427-F428-F429-F430-F431-F432-F433-F434-F435-F436-F437-F438-F439-F440-F441-F442-F443-F444-F445-F446-F447-F448-F449-F450-F451-F452-F453-F454-F455-F456-F457-F458-F459-F460-F461-F462-F463-F464-F465-F466-F467-F468-F469-F470-F471-F472-F473-F474-F475-F476-F477-F478-F479-F480-F481-F482-F483-F484-F485-F486-F487-F488-F489-F490-F491-F492-F493-F494-F495-F496-F500-E501504-F508-F509-F510-F511-F512

## Summary

Number of input bits: 512  
Number of free input bits: 9  
Number of output bits: 160

Number of direct occurrences: 35696  
Number of assignments: 30667  
Number of operations: 10666277
(xor: 10638454,
and: 14711,
or: 13112)

Total complexity: 3.878504815817878 × 10^295

Least occurring input variable: iv_502 (3831)  
Most occurring input variable: iv_507 (4090)

Most co-occurring input variables: iv_501-iv_506 (1975)  
Least co-occurring input variables: iv_498-iv_502 (1733)

Potentially most occurring input variable: iv_501/iv_507 (4429)  
Potentially least occurring input variable: iv_497/iv_503 (4074)

Least output occurring input variable: iv_503 (75)  
Most output occurring input variable: iv_506 (93)

Most output co-occurring input variables: iv_498-iv_507 (54)  
Least output co-occurring input variables: iv_499-iv_503 (34)

Potentially most output occurring input variable: iv_505/iv_507 (95)  
Potentially least output occurring input variable: iv_498/iv_507 (61)

Least complex input bit: iv_497 (2.3904494788410435 × 10^293)  
Most complex input bit: iv_505 (1.165843566546856 × 10^295)

Least complex output bit: aaa_76_29 (7.698309396772994 × 10^270)  
Most complex output bit: ov_001 (6.258979461530909 × 10^294)

Least complex input/output complexity: iv_497/aaa_76_29 (4.744720081414286 × 10^268)  
Most complex input/output complexity: iv_505/ov_001 (1.8813927750237844 × 10^294)

## Input Bits

### Input Bits in Regular Order

| Input Bit | Complexity | Occurrences | Output Occurrences |
|:---------:|:----------:|:-----------:|:------------------:|
| iv_497 | 2.3904494788410435 × 10^293 | 3983 | 77 |
| iv_498 | 4.768485300747437 × 10^293 | 3894 | 88 |
| iv_499 | 8.385083044681289 × 10^293 | 3880 | 81 |
| iv_501 | 1.1352901281901826 × 10^295 | 4081 | 80 |
| iv_502 | 3.6941289248979265 × 10^294 | 3831 | 82 |
| iv_503 | 5.835856625564908 × 10^294 | 3979 | 75 |
| iv_505 | 1.165843566546856 × 10^295 | 3915 | 82 |
| iv_506 | 2.1625400538092994 × 10^294 | 4043 | 93 |
| iv_507 | 2.5267838241093183 × 10^294 | 4090 | 81 |

### Input Bits Sorted by Complexity

| Input Bit | Complexity | Occurrences | Output Occurrences |
|:---------:|:----------:|:-----------:|:------------------:|
| iv_497 | 2.3904494788410435 × 10^293 | 3983 | 77 |
| iv_498 | 4.768485300747437 × 10^293 | 3894 | 88 |
| iv_499 | 8.385083044681289 × 10^293 | 3880 | 81 |
| iv_506 | 2.1625400538092994 × 10^294 | 4043 | 93 |
| iv_507 | 2.5267838241093183 × 10^294 | 4090 | 81 |
| iv_502 | 3.6941289248979265 × 10^294 | 3831 | 82 |
| iv_503 | 5.835856625564908 × 10^294 | 3979 | 75 |
| iv_501 | 1.1352901281901826 × 10^295 | 4081 | 80 |
| iv_505 | 1.165843566546856 × 10^295 | 3915 | 82 |

### Input Bits Sorted by Occurrences

| Input Bit | Complexity | Occurrences | Output Occurrences |
|:---------:|:----------:|:-----------:|:------------------:|
| iv_502 | 3.6941289248979265 × 10^294 | 3831 | 82 |
| iv_499 | 8.385083044681289 × 10^293 | 3880 | 81 |
| iv_498 | 4.768485300747437 × 10^293 | 3894 | 88 |
| iv_505 | 1.165843566546856 × 10^295 | 3915 | 82 |
| iv_503 | 5.835856625564908 × 10^294 | 3979 | 75 |
| iv_497 | 2.3904494788410435 × 10^293 | 3983 | 77 |
| iv_506 | 2.1625400538092994 × 10^294 | 4043 | 93 |
| iv_501 | 1.1352901281901826 × 10^295 | 4081 | 80 |
| iv_507 | 2.5267838241093183 × 10^294 | 4090 | 81 |

### Input Bits Sorted by Output Occurrences

| Input Bit | Complexity | Occurrences | Output Occurrences |
|:---------:|:----------:|:-----------:|:------------------:|
| iv_503 | 5.835856625564908 × 10^294 | 3979 | 75 |
| iv_497 | 2.3904494788410435 × 10^293 | 3983 | 77 |
| iv_501 | 1.1352901281901826 × 10^295 | 4081 | 80 |
| iv_499 | 8.385083044681289 × 10^293 | 3880 | 81 |
| iv_507 | 2.5267838241093183 × 10^294 | 4090 | 81 |
| iv_502 | 3.6941289248979265 × 10^294 | 3831 | 82 |
| iv_505 | 1.165843566546856 × 10^295 | 3915 | 82 |
| iv_498 | 4.768485300747437 × 10^293 | 3894 | 88 |
| iv_506 | 2.1625400538092994 × 10^294 | 4043 | 93 |

## Input Bit Co-occurrences

### Input Bit Co-occurrences Sorted by Co-occurrences

| Input Bits | Co-occurrences | Potential Occurrences | Output Co-occurrences | Potential Output Occurrences |
|:----------:|:--------------:|:---------------------:|:---------------------:|:----------------------------:|
| iv_501-iv_506 | 1975 | 4174 | 42 | 89 |
| iv_497-iv_503 | 1944 | 4074 | 37 | 78 |
| iv_506-iv_507 | 1938 | 4257 | 52 | 70 |
| iv_503-iv_507 | 1934 | 4201 | 39 | 78 |
| iv_497-iv_506 | 1901 | 4224 | 40 | 90 |
| iv_501-iv_503 | 1896 | 4268 | 41 | 73 |
| iv_497-iv_505 | 1895 | 4108 | 43 | 73 |
| iv_497-iv_501 | 1886 | 4292 | 46 | 65 |
| iv_505-iv_506 | 1883 | 4192 | 45 | 85 |

### Input Bit Co-occurrences Sorted by Potential Occurrences

| Input Bits | Co-occurrences | Potential Occurrences | Output Co-occurrences | Potential Output Occurrences |
|:----------:|:--------------:|:---------------------:|:---------------------:|:----------------------------:|
| iv_497-iv_503 | 1944 | 4074 | 37 | 78 |
| iv_499-iv_505 | 1848 | 4099 | 37 | 89 |
| iv_497-iv_505 | 1895 | 4108 | 43 | 73 |
| iv_497-iv_499 | 1860 | 4143 | 40 | 78 |
| iv_502-iv_506 | 1861 | 4152 | 51 | 73 |
| iv_501-iv_506 | 1975 | 4174 | 42 | 89 |
| iv_498-iv_506 | 1874 | 4189 | 54 | 73 |
| iv_498-iv_499 | 1792 | 4190 | 48 | 73 |
| iv_505-iv_506 | 1883 | 4192 | 45 | 85 |

### Input Bit Output Co-occurrences Sorted by Output Co-occurrences

| Input Bits | Co-occurrences | Potential Occurrences | Output Co-occurrences | Potential Output Occurrences |
|:----------:|:--------------:|:---------------------:|:---------------------:|:----------------------------:|
| iv_498-iv_506 | 1874 | 4189 | 54 | 73 |
| iv_498-iv_507 | 1871 | 4242 | 54 | 61 |
| iv_506-iv_507 | 1938 | 4257 | 52 | 70 |
| iv_502-iv_506 | 1861 | 4152 | 51 | 73 |
| iv_499-iv_506 | 1828 | 4267 | 49 | 76 |
| iv_498-iv_499 | 1792 | 4190 | 48 | 73 |
| iv_498-iv_502 | 1733 | 4259 | 46 | 78 |
| iv_497-iv_501 | 1886 | 4292 | 46 | 65 |
| iv_497-iv_498 | 1824 | 4229 | 46 | 73 |

### Input Bit Output Co-occurrences Sorted by Potential Output Occurrences

| Input Bits | Co-occurrences | Potential Occurrences | Output Co-occurrences | Potential Output Occurrences |
|:----------:|:--------------:|:---------------------:|:---------------------:|:----------------------------:|
| iv_498-iv_507 | 1871 | 4242 | 54 | 61 |
| iv_497-iv_501 | 1886 | 4292 | 46 | 65 |
| iv_506-iv_507 | 1938 | 4257 | 52 | 70 |
| iv_498-iv_499 | 1792 | 4190 | 48 | 73 |
| iv_498-iv_506 | 1874 | 4189 | 54 | 73 |
| iv_502-iv_506 | 1861 | 4152 | 51 | 73 |
| iv_497-iv_505 | 1895 | 4108 | 43 | 73 |
| iv_501-iv_503 | 1896 | 4268 | 41 | 73 |
| iv_497-iv_498 | 1824 | 4229 | 46 | 73 |

## Output Bits

### Output Bits in Regular Order

| Rank | Output Bit | Complexity |
|:----:|:----------:|:----------:|
| 1 | ov_001 | 6.258979461530909 × 10^294 |
| 2 | ov_002 | 5.419713294256842 × 10^294 |
| 3 | ov_003 | 4.668749768821762 × 10^294 |
| 4 | ov_004 | 3.999345851886588 × 10^294 |
| 5 | ov_005 | 3.405127337625991 × 10^294 |
| 6 | ov_006 | 2.880062471407173 × 10^294 |
| 7 | ov_007 | 2.418438972570028 × 10^294 |
| 8 | ov_008 | 2.0148442446741938 × 10^294 |
| 9 | ov_009 | 1.6641485102276022 × 10^294 |
| 10 | ov_010 | 1.3614905586130022 × 10^294 |
| 11 | ov_011 | 1.1022658097562347 × 10^294 |
| 12 | ov_012 | 8.821164489337195 × 10^293 |
| 13 | ov_013 | 6.96923405748015 × 10^293 |
| 14 | ov_014 | 5.4279993278447575 × 10^293 |
| 15 | ov_015 | 4.160865392091517 × 10^293 |
| 16 | ov_016 | 3.1334705162630417 × 10^293 |
| 17 | ov_017 | 2.3136559147042526 × 10^293 |
| 18 | ov_018 | 1.671442750902675 × 10^293 |
| 19 | ov_019 | 1.179014684772701 × 10^293 |
| 20 | ov_020 | 8.107047123229477 × 10^292 |
| 21 | ov_021 | 5.429854384149745 × 10^292 |
| 22 | ov_022 | 3.5446210724480393 × 10^292 |
| 23 | ov_023 | 2.2586779891367698 × 10^292 |
| 24 | ov_024 | 1.4006028415539687 × 10^292 |
| 25 | ov_025 | 8.202011297144872 × 10^291 |
| 26 | ov_026 | 4.4768081427826405 × 10^291 |
| 27 | ov_027 | 2.238568756504765 × 10^291 |
| 28 | ov_028 | 1.0014994146014965 × 10^291 |
| 29 | ov_029 | 3.85858343084914 × 10^290 |
| 30 | ov_030 | 1.1795452627577174 × 10^290 |
| 31 | ov_031 | 2.30076945560902 × 10^289 |
| 32 | lv_80_m31 | 4.487253196272679 × 10^288 |
| 33 | ov_033 | 5.396045772256329 × 10^289 |
| 34 | ov_034 | 4.682071274384757 × 10^289 |
| 35 | ov_035 | 4.0439175272540314 × 10^289 |
| 36 | ov_036 | 3.475015431126771 × 10^289 |
| 37 | ov_037 | 2.969147254189689 × 10^289 |
| 38 | ov_038 | 2.520421934520923 × 10^289 |
| 39 | ov_039 | 2.12325381455127 × 10^289 |
| 40 | ov_040 | 1.772344465536228 × 10^289 |
| 41 | ov_041 | 1.4651143911273773 × 10^289 |
| 42 | ov_042 | 1.1991164806523683 × 10^289 |
| 43 | ov_043 | 9.72030119041008 × 10^288 |
| 44 | ov_044 | 7.795749918312697 × 10^288 |
| 45 | ov_045 | 6.177029046487781 × 10^288 |
| 46 | ov_046 | 4.8259205690678135 × 10^288 |
| 47 | ov_047 | 3.7238751403120393 × 10^288 |
| 48 | ov_048 | 2.8370778728357736 × 10^288 |
| 49 | ov_049 | 2.133871753249631 × 10^288 |
| 50 | ov_050 | 1.5847380704052384 × 10^288 |
| 51 | ov_051 | 1.1622820485659976 × 10^288 |
| 52 | ov_052 | 8.412223637691296 × 10^287 |
| 53 | ov_053 | 5.9838356452215015 × 10^287 |
| 54 | ov_054 | 4.126907329951475 × 10^287 |
| 55 | ov_055 | 2.7413099918559572 × 10^287 |
| 56 | ov_056 | 1.7373923683004832 × 10^287 |
| 57 | ov_057 | 1.0359717039372464 × 10^287 |
| 58 | ov_058 | 5.683285624936962 × 10^286 |
| 59 | ov_059 | 2.7620407108430805 × 10^286 |
| 60 | ov_060 | 1.1179864140509084 × 10^286 |
| 61 | ov_061 | 3.777149822983835 × 10^285 |
| 62 | ov_062 | 1.010684197272664 × 10^285 |
| 63 | ov_063 | 2.232936965585725 × 10^284 |
| 64 | lv_79_m31 | 4.345763157318996 × 10^283 |
| 65 | ov_065 | 5.142297064326782 × 10^284 |
| 66 | ov_066 | 5.142280084969373 × 10^284 |
| 67 | ov_067 | 5.1422759290606566 × 10^284 |
| 68 | ov_068 | 4.431987999214294 × 10^284 |
| 69 | ov_069 | 3.7998828989208555 × 10^284 |
| 70 | ov_070 | 3.2395312698938405 × 10^284 |
| 71 | ov_071 | 2.7448995687912496 × 10^284 |
| 72 | ov_072 | 2.3103232525167137 × 10^284 |
| 73 | ov_073 | 1.9304823296005615 × 10^284 |
| 74 | ov_074 | 1.6003791538482135 × 10^284 |
| 75 | ov_075 | 1.3153183409813088 × 10^284 |
| 76 | ov_076 | 1.0708886926870188 × 10^284 |
| 77 | ov_077 | 8.629470154484249 × 10^283 |
| 78 | ov_078 | 6.876037238613378 × 10^283 |
| 79 | ov_079 | 5.412101199508883 × 10^283 |
| 80 | ov_080 | 4.203472413775286 × 10^283 |
| 81 | ov_081 | 3.218161724522228 × 10^283 |
| 82 | ov_082 | 2.4262971264182803 × 10^283 |
| 83 | ov_083 | 1.8000529780351096 × 10^283 |
| 84 | ov_084 | 1.313590697916572 × 10^283 |
| 85 | ov_085 | 9.43009903679691 × 10^282 |
| 86 | ov_086 | 6.663089554239767 × 10^282 |
| 87 | ov_087 | 4.63353866016447 × 10^282 |
| 88 | ov_088 | 3.1585454161915295 × 10^282 |
| 89 | ov_089 | 2.0734731628541393 × 10^282 |
| 90 | ov_090 | 1.300551418431445 × 10^282 |
| 91 | ov_091 | 7.710562113931917 × 10^281 |
| 92 | ov_092 | 4.252794167365171 × 10^281 |
| 93 | ov_093 | 2.12511523340767 × 10^281 |
| 94 | ov_094 | 9.103316893267303 × 10^280 |
| 95 | aaa_78_28 | 2.811168534885067 × 10^280 |
| 96 | aaa_78_29 | 8.633936786545692 × 10^279 |
| 97 | ov_097 | 5.703271186841426 × 10^279 |
| 98 | ov_098 | 5.703101088466537 × 10^279 |
| 99 | ov_099 | 5.703046817965123 × 10^279 |
| 100 | ov_100 | 5.132753480077189 × 10^279 |
| 101 | ov_101 | 4.6043944604439545 × 10^279 |
| 102 | ov_102 | 4.115690020754282 × 10^279 |
| 103 | ov_103 | 3.6645268961916514 × 10^279 |
| 104 | ov_104 | 3.2489360240804635 × 10^279 |
| 105 | ov_105 | 2.8670723504097005 × 10^279 |
| 106 | ov_106 | 2.517196609626783 × 10^279 |
| 107 | ov_107 | 2.1976589764234295 × 10^279 |
| 108 | ov_108 | 1.9068844908216315 × 10^279 |
| 109 | ov_109 | 1.643360159829243 × 10^279 |
| 110 | ov_110 | 1.4056236403750115 × 10^279 |
| 111 | ov_111 | 1.1922534092519294 × 10^279 |
| 112 | ov_112 | 1.0018603264878964 × 10^279 |
| 113 | ov_113 | 8.330804990088021 × 10^278 |
| 114 | ov_114 | 6.845693517380282 × 10^278 |
| 115 | ov_115 | 5.5499681345238506 × 10^278 |
| 116 | ov_116 | 4.4304352483305905 × 10^278 |
| 117 | ov_117 | 3.473979762356168 × 10^278 |
| 118 | ov_118 | 2.667543954226343 × 10^278 |
| 119 | ov_119 | 1.9981112974427072 × 10^278 |
| 120 | ov_120 | 1.4526937770395874 × 10^278 |
| 121 | ov_121 | 1.0183222374388068 × 10^278 |
| 122 | ov_122 | 6.820393009132564 × 10^277 |
| 123 | ov_123 | 4.3089439509424135 × 10^277 |
| 124 | ov_124 | 2.519404279567925 × 10^277 |
| 125 | ov_125 | 1.3223176051822613 × 10^277 |
| 126 | ov_126 | 5.882321281166281 × 10^276 |
| 127 | aaa_77_28 | 1.8769716593880122 × 10^276 |
| 128 | aaa_77_29 | 7.028907790081644 × 10^275 |
| 129 | ov_129 | 6.428506271187451 × 10^275 |
| 130 | ov_130 | 6.428491302060751 × 10^275 |
| 131 | ov_131 | 6.428486542882539 × 10^275 |
| 132 | ov_132 | 5.5547146789970006 × 10^275 |
| 133 | ov_133 | 4.773962136515213 × 10^275 |
| 134 | ov_134 | 4.079153034602847 × 10^275 |
| 135 | ov_135 | 3.463579314167212 × 10^275 |
| 136 | ov_136 | 2.9208742999688583 × 10^275 |
| 137 | ov_137 | 2.4449902313169945 × 10^275 |
| 138 | ov_138 | 2.03017935991267 × 10^275 |
| 139 | ov_139 | 1.6709782334090825 × 10^275 |
| 140 | ov_140 | 1.3621948027823632 × 10^275 |
| 141 | ov_141 | 1.0988980107766305 × 10^275 |
| 142 | ov_142 | 8.764095376086601 × 10^274 |
| 143 | ov_143 | 6.9029739886989265 × 10^274 |
| 144 | ov_144 | 5.363711092041567 × 10^274 |
| 145 | ov_145 | 4.106781439065801 × 10^274 |
| 146 | ov_146 | 3.095014491058853 × 10^274 |
| 147 | ov_147 | 2.2935776967172055 × 10^274 |
| 148 | ov_148 | 1.6699658243867248 × 10^274 |
| 149 | ov_149 | 1.1939944076563208 × 10^274 |
| 150 | ov_150 | 8.377956353309334 × 10^273 |
| 151 | ov_151 | 5.758155247575361 × 10^273 |
| 152 | ov_152 | 3.848118298803508 × 10^273 |
| 153 | ov_153 | 2.4385250535454353 × 10^273 |
| 154 | ov_154 | 1.4304891858064525 × 10^273 |
| 155 | ov_155 | 7.366678285894753 × 10^272 |
| 156 | aaa_76_25 | 2.812590381417374 × 10^272 |
| 157 | aaa_76_26 | 1.5983341362161855 × 10^272 |
| 158 | aaa_76_27 | 7.959367481306563 × 10^271 |
| 159 | aaa_76_28 | 2.9001644944892392 × 10^271 |
| 160 | aaa_76_29 | 7.698309396772994 × 10^270 |

### Output Bits Sorted by Complexity

| Rank | Output Bit | Complexity |
|:----:|:----------:|:----------:|
| 160 | aaa_76_29 | 7.698309396772994 × 10^270 |
| 159 | aaa_76_28 | 2.9001644944892392 × 10^271 |
| 158 | aaa_76_27 | 7.959367481306563 × 10^271 |
| 157 | aaa_76_26 | 1.5983341362161855 × 10^272 |
| 156 | aaa_76_25 | 2.812590381417374 × 10^272 |
| 155 | ov_155 | 7.366678285894753 × 10^272 |
| 154 | ov_154 | 1.4304891858064525 × 10^273 |
| 153 | ov_153 | 2.4385250535454353 × 10^273 |
| 152 | ov_152 | 3.848118298803508 × 10^273 |
| 151 | ov_151 | 5.758155247575361 × 10^273 |
| 150 | ov_150 | 8.377956353309334 × 10^273 |
| 149 | ov_149 | 1.1939944076563208 × 10^274 |
| 148 | ov_148 | 1.6699658243867248 × 10^274 |
| 147 | ov_147 | 2.2935776967172055 × 10^274 |
| 146 | ov_146 | 3.095014491058853 × 10^274 |
| 145 | ov_145 | 4.106781439065801 × 10^274 |
| 144 | ov_144 | 5.363711092041567 × 10^274 |
| 143 | ov_143 | 6.9029739886989265 × 10^274 |
| 142 | ov_142 | 8.764095376086601 × 10^274 |
| 141 | ov_141 | 1.0988980107766305 × 10^275 |
| 140 | ov_140 | 1.3621948027823632 × 10^275 |
| 139 | ov_139 | 1.6709782334090825 × 10^275 |
| 138 | ov_138 | 2.03017935991267 × 10^275 |
| 137 | ov_137 | 2.4449902313169945 × 10^275 |
| 136 | ov_136 | 2.9208742999688583 × 10^275 |
| 135 | ov_135 | 3.463579314167212 × 10^275 |
| 134 | ov_134 | 4.079153034602847 × 10^275 |
| 133 | ov_133 | 4.773962136515213 × 10^275 |
| 132 | ov_132 | 5.5547146789970006 × 10^275 |
| 131 | ov_131 | 6.428486542882539 × 10^275 |
| 130 | ov_130 | 6.428491302060751 × 10^275 |
| 129 | ov_129 | 6.428506271187451 × 10^275 |
| 128 | aaa_77_29 | 7.028907790081644 × 10^275 |
| 127 | aaa_77_28 | 1.8769716593880122 × 10^276 |
| 126 | ov_126 | 5.882321281166281 × 10^276 |
| 125 | ov_125 | 1.3223176051822613 × 10^277 |
| 124 | ov_124 | 2.519404279567925 × 10^277 |
| 123 | ov_123 | 4.3089439509424135 × 10^277 |
| 122 | ov_122 | 6.820393009132564 × 10^277 |
| 121 | ov_121 | 1.0183222374388068 × 10^278 |
| 120 | ov_120 | 1.4526937770395874 × 10^278 |
| 119 | ov_119 | 1.9981112974427072 × 10^278 |
| 118 | ov_118 | 2.667543954226343 × 10^278 |
| 117 | ov_117 | 3.473979762356168 × 10^278 |
| 116 | ov_116 | 4.4304352483305905 × 10^278 |
| 115 | ov_115 | 5.5499681345238506 × 10^278 |
| 114 | ov_114 | 6.845693517380282 × 10^278 |
| 113 | ov_113 | 8.330804990088021 × 10^278 |
| 112 | ov_112 | 1.0018603264878964 × 10^279 |
| 111 | ov_111 | 1.1922534092519294 × 10^279 |
| 110 | ov_110 | 1.4056236403750115 × 10^279 |
| 109 | ov_109 | 1.643360159829243 × 10^279 |
| 108 | ov_108 | 1.9068844908216315 × 10^279 |
| 107 | ov_107 | 2.1976589764234295 × 10^279 |
| 106 | ov_106 | 2.517196609626783 × 10^279 |
| 105 | ov_105 | 2.8670723504097005 × 10^279 |
| 104 | ov_104 | 3.2489360240804635 × 10^279 |
| 103 | ov_103 | 3.6645268961916514 × 10^279 |
| 102 | ov_102 | 4.115690020754282 × 10^279 |
| 101 | ov_101 | 4.6043944604439545 × 10^279 |
| 100 | ov_100 | 5.132753480077189 × 10^279 |
| 99 | ov_099 | 5.703046817965123 × 10^279 |
| 98 | ov_098 | 5.703101088466537 × 10^279 |
| 97 | ov_097 | 5.703271186841426 × 10^279 |
| 96 | aaa_78_29 | 8.633936786545692 × 10^279 |
| 95 | aaa_78_28 | 2.811168534885067 × 10^280 |
| 94 | ov_094 | 9.103316893267303 × 10^280 |
| 93 | ov_093 | 2.12511523340767 × 10^281 |
| 92 | ov_092 | 4.252794167365171 × 10^281 |
| 91 | ov_091 | 7.710562113931917 × 10^281 |
| 90 | ov_090 | 1.300551418431445 × 10^282 |
| 89 | ov_089 | 2.0734731628541393 × 10^282 |
| 88 | ov_088 | 3.1585454161915295 × 10^282 |
| 87 | ov_087 | 4.63353866016447 × 10^282 |
| 86 | ov_086 | 6.663089554239767 × 10^282 |
| 85 | ov_085 | 9.43009903679691 × 10^282 |
| 84 | ov_084 | 1.313590697916572 × 10^283 |
| 83 | ov_083 | 1.8000529780351096 × 10^283 |
| 82 | ov_082 | 2.4262971264182803 × 10^283 |
| 81 | ov_081 | 3.218161724522228 × 10^283 |
| 80 | ov_080 | 4.203472413775286 × 10^283 |
| 64 | lv_79_m31 | 4.345763157318996 × 10^283 |
| 79 | ov_079 | 5.412101199508883 × 10^283 |
| 78 | ov_078 | 6.876037238613378 × 10^283 |
| 77 | ov_077 | 8.629470154484249 × 10^283 |
| 76 | ov_076 | 1.0708886926870188 × 10^284 |
| 75 | ov_075 | 1.3153183409813088 × 10^284 |
| 74 | ov_074 | 1.6003791538482135 × 10^284 |
| 73 | ov_073 | 1.9304823296005615 × 10^284 |
| 63 | ov_063 | 2.232936965585725 × 10^284 |
| 72 | ov_072 | 2.3103232525167137 × 10^284 |
| 71 | ov_071 | 2.7448995687912496 × 10^284 |
| 70 | ov_070 | 3.2395312698938405 × 10^284 |
| 69 | ov_069 | 3.7998828989208555 × 10^284 |
| 68 | ov_068 | 4.431987999214294 × 10^284 |
| 67 | ov_067 | 5.1422759290606566 × 10^284 |
| 66 | ov_066 | 5.142280084969373 × 10^284 |
| 65 | ov_065 | 5.142297064326782 × 10^284 |
| 62 | ov_062 | 1.010684197272664 × 10^285 |
| 61 | ov_061 | 3.777149822983835 × 10^285 |
| 60 | ov_060 | 1.1179864140509084 × 10^286 |
| 59 | ov_059 | 2.7620407108430805 × 10^286 |
| 58 | ov_058 | 5.683285624936962 × 10^286 |
| 57 | ov_057 | 1.0359717039372464 × 10^287 |
| 56 | ov_056 | 1.7373923683004832 × 10^287 |
| 55 | ov_055 | 2.7413099918559572 × 10^287 |
| 54 | ov_054 | 4.126907329951475 × 10^287 |
| 53 | ov_053 | 5.9838356452215015 × 10^287 |
| 52 | ov_052 | 8.412223637691296 × 10^287 |
| 51 | ov_051 | 1.1622820485659976 × 10^288 |
| 50 | ov_050 | 1.5847380704052384 × 10^288 |
| 49 | ov_049 | 2.133871753249631 × 10^288 |
| 48 | ov_048 | 2.8370778728357736 × 10^288 |
| 47 | ov_047 | 3.7238751403120393 × 10^288 |
| 32 | lv_80_m31 | 4.487253196272679 × 10^288 |
| 46 | ov_046 | 4.8259205690678135 × 10^288 |
| 45 | ov_045 | 6.177029046487781 × 10^288 |
| 44 | ov_044 | 7.795749918312697 × 10^288 |
| 43 | ov_043 | 9.72030119041008 × 10^288 |
| 42 | ov_042 | 1.1991164806523683 × 10^289 |
| 41 | ov_041 | 1.4651143911273773 × 10^289 |
| 40 | ov_040 | 1.772344465536228 × 10^289 |
| 39 | ov_039 | 2.12325381455127 × 10^289 |
| 31 | ov_031 | 2.30076945560902 × 10^289 |
| 38 | ov_038 | 2.520421934520923 × 10^289 |
| 37 | ov_037 | 2.969147254189689 × 10^289 |
| 36 | ov_036 | 3.475015431126771 × 10^289 |
| 35 | ov_035 | 4.0439175272540314 × 10^289 |
| 34 | ov_034 | 4.682071274384757 × 10^289 |
| 33 | ov_033 | 5.396045772256329 × 10^289 |
| 30 | ov_030 | 1.1795452627577174 × 10^290 |
| 29 | ov_029 | 3.85858343084914 × 10^290 |
| 28 | ov_028 | 1.0014994146014965 × 10^291 |
| 27 | ov_027 | 2.238568756504765 × 10^291 |
| 26 | ov_026 | 4.4768081427826405 × 10^291 |
| 25 | ov_025 | 8.202011297144872 × 10^291 |
| 24 | ov_024 | 1.4006028415539687 × 10^292 |
| 23 | ov_023 | 2.2586779891367698 × 10^292 |
| 22 | ov_022 | 3.5446210724480393 × 10^292 |
| 21 | ov_021 | 5.429854384149745 × 10^292 |
| 20 | ov_020 | 8.107047123229477 × 10^292 |
| 19 | ov_019 | 1.179014684772701 × 10^293 |
| 18 | ov_018 | 1.671442750902675 × 10^293 |
| 17 | ov_017 | 2.3136559147042526 × 10^293 |
| 16 | ov_016 | 3.1334705162630417 × 10^293 |
| 15 | ov_015 | 4.160865392091517 × 10^293 |
| 14 | ov_014 | 5.4279993278447575 × 10^293 |
| 13 | ov_013 | 6.96923405748015 × 10^293 |
| 12 | ov_012 | 8.821164489337195 × 10^293 |
| 11 | ov_011 | 1.1022658097562347 × 10^294 |
| 10 | ov_010 | 1.3614905586130022 × 10^294 |
| 9 | ov_009 | 1.6641485102276022 × 10^294 |
| 8 | ov_008 | 2.0148442446741938 × 10^294 |
| 7 | ov_007 | 2.418438972570028 × 10^294 |
| 6 | ov_006 | 2.880062471407173 × 10^294 |
| 5 | ov_005 | 3.405127337625991 × 10^294 |
| 4 | ov_004 | 3.999345851886588 × 10^294 |
| 3 | ov_003 | 4.668749768821762 × 10^294 |
| 2 | ov_002 | 5.419713294256842 × 10^294 |
| 1 | ov_001 | 6.258979461530909 × 10^294 |

