# Results for F001-F002-F003-F004-F005-F006-F007-F008-F009-F010-F011-F012-F013-F014-F015-F016-F017-F018-F019-F020-F021-F022-F023-F024-F025-F026-F027-F028-F029-F030-F031-F032-F033-F034-F035-F036-F037-F038-F039-F040-F041-F042-F043-F044-F045-F046-F047-F048-F049-F050-F051-F052-F053-F054-F055-F056-F057-F058-F059-F060-F061-F062-F063-F064-F065-F066-F067-F068-F069-F070-F071-F072-F073-F074-F075-F076-F077-F078-F079-F080-F081-F082-F083-F084-F085-F086-F087-F088-F089-F090-F091-F092-F093-F094-F095-F096-F097-F098-F099-F100-F101-F102-F103-F104-F105-F106-F107-F108-F109-F110-F111-F112-F113-F114-F115-F116-F117-F118-F119-F120-F121-F122-F123-F124-F125-F126-F127-F128-F129-F130-F131-F132-F133-F134-F135-F136-F137-F138-F139-F140-F141-F142-F143-F144-F145-F146-F147-F148-F149-F150-F151-F152-F153-F154-F155-F156-F157-F158-F159-F160-F161-F162-F163-F164-F165-F166-F167-F168-F169-F170-F171-F172-F173-F174-F175-F176-F177-F178-F179-F180-F181-F182-F183-F184-F185-F186-F187-F188-F189-F190-F191-F192-F193-F194-F195-F196-F197-F198-F199-F200-F201-F202-F203-F204-F205-F206-F207-F208-F209-F210-F211-F212-F213-F214-F215-F216-F217-F218-F219-F220-F221-F222-F223-F224-F225-F226-F227-F228-F229-F230-F231-F232-F233-F234-F235-F236-F237-F238-F239-F240-F241-F242-F243-F244-F245-F246-F247-F248-F249-F250-F251-F252-F253-F254-F255-F256-F257-F258-F259-F260-F261-F262-F263-F264-F265-F266-F267-F268-F269-F270-F271-F272-F273-F274-F275-F276-F277-F278-F279-F280-F281-F282-F283-F284-F285-F286-F287-F288-F289-F290-F291-F292-F293-F294-F295-F296-F297-F298-F299-F300-F301-F302-F303-F304-F305-F306-F307-F308-F309-F310-F311-F312-F313-F314-F315-F316-F317-F318-F319-F320-F321-F322-F323-F324-F325-F326-F327-F328-F329-F330-F331-F332-F333-F334-F335-F336-F337-F338-F339-F340-F341-F342-F343-F344-F345-F346-F347-F348-F349-F350-F351-F352-F353-F354-F355-F356-F357-F358-F359-F360-F361-F362-F363-F364-F365-F366-F367-F368-F369-F370-F371-F372-F373-F374-F375-F376-F377-F378-F379-F380-F381-F382-F383-F384-F385-F386-F387-F388-F389-F390-F391-F392-F393-F394-F395-F396-F397-F398-F399-F400-F401-F402-F403-F404-F405-F406-F407-F408-F409-F410-F411-F412-F413-F414-F415-F416-F417-F418-F419-F420-F421-F422-F423-F424-F425-F426-F427-F428-F429-F430-F431-F432-F433-F434-F435-F436-F437-F438-F439-F440-F441-F442-F443-F444-F445-F446-F447-F448-F449-F450-F451-F452-F453-F454-F455-F456-F457-F458-F459-F460-F461-F462-F463-F464-F465-F466-F467-F468-F469-F470-F471-F472-F473-F474-F475-F476-F477-F478-F479-F480-F481-F482-F483-F484-F485-F486-F487-F488-F489-F490-F491-F492-F493-F494-F495-F496-E497507-T499-T505-F509-F510-F511-F512

## Summary

Number of input bits: 512  
Number of free input bits: 9  
Number of output bits: 160

Number of direct occurrences: 37042  
Number of assignments: 31170  
Number of operations: 11412771
(xor: 11384634,
and: 14760,
or: 13377)

Total complexity: 1.2894430704395611 × 10^303

Least occurring input variable: iv_502 (3929)  
Most occurring input variable: iv_497 (4399)

Most co-occurring input variables: iv_497-iv_508 (2082)  
Least co-occurring input variables: iv_498-iv_502 (1764)

Potentially most occurring input variable: iv_497/iv_503 (4638)  
Potentially least occurring input variable: iv_500/iv_503 (4213)

Least output occurring input variable: iv_506 (67)  
Most output occurring input variable: iv_508 (83)

Most output co-occurring input variables: iv_500-iv_502 (46)  
Least output co-occurring input variables: iv_497-iv_503 (21)

Potentially most output occurring input variable: iv_497/iv_503 (99)  
Potentially least output occurring input variable: iv_500/iv_502 (66)

Least complex input bit: iv_498 (5.121139294865464 × 10^300)  
Most complex input bit: iv_508 (3.080629521887268 × 10^302)

Least complex output bit: aaa_76_29 (4.311815658800311 × 10^277)  
Most complex output bit: ov_001 (2.062677588391048 × 10^302)

Least complex input/output complexity: iv_498/aaa_76_29 (1.7124764255758194 × 10^275)  
Most complex input/output complexity: iv_508/ov_001 (4.927976751053107 × 10^301)

## Input Bits

### Input Bits in Regular Order

| Input Bit | Complexity | Occurrences | Output Occurrences |
|:---------:|:----------:|:-----------:|:------------------:|
| iv_497 | 2.6883171116155296 × 10^302 | 4399 | 72 |
| iv_498 | 5.121139294865464 × 10^300 | 3930 | 79 |
| iv_500 | 2.2647377300616285 × 10^301 | 4070 | 77 |
| iv_501 | 4.6012787372647873 × 10^301 | 4157 | 78 |
| iv_502 | 8.30370294471024 × 10^301 | 3929 | 81 |
| iv_503 | 1.4077021694730684 × 10^302 | 4067 | 69 |
| iv_504 | 2.279643096707466 × 10^302 | 4201 | 74 |
| iv_506 | 1.8699554705599663 × 10^302 | 4004 | 67 |
| iv_508 | 3.080629521887268 × 10^302 | 4285 | 83 |

### Input Bits Sorted by Complexity

| Input Bit | Complexity | Occurrences | Output Occurrences |
|:---------:|:----------:|:-----------:|:------------------:|
| iv_498 | 5.121139294865464 × 10^300 | 3930 | 79 |
| iv_500 | 2.2647377300616285 × 10^301 | 4070 | 77 |
| iv_501 | 4.6012787372647873 × 10^301 | 4157 | 78 |
| iv_502 | 8.30370294471024 × 10^301 | 3929 | 81 |
| iv_503 | 1.4077021694730684 × 10^302 | 4067 | 69 |
| iv_506 | 1.8699554705599663 × 10^302 | 4004 | 67 |
| iv_504 | 2.279643096707466 × 10^302 | 4201 | 74 |
| iv_497 | 2.6883171116155296 × 10^302 | 4399 | 72 |
| iv_508 | 3.080629521887268 × 10^302 | 4285 | 83 |

### Input Bits Sorted by Occurrences

| Input Bit | Complexity | Occurrences | Output Occurrences |
|:---------:|:----------:|:-----------:|:------------------:|
| iv_502 | 8.30370294471024 × 10^301 | 3929 | 81 |
| iv_498 | 5.121139294865464 × 10^300 | 3930 | 79 |
| iv_506 | 1.8699554705599663 × 10^302 | 4004 | 67 |
| iv_503 | 1.4077021694730684 × 10^302 | 4067 | 69 |
| iv_500 | 2.2647377300616285 × 10^301 | 4070 | 77 |
| iv_501 | 4.6012787372647873 × 10^301 | 4157 | 78 |
| iv_504 | 2.279643096707466 × 10^302 | 4201 | 74 |
| iv_508 | 3.080629521887268 × 10^302 | 4285 | 83 |
| iv_497 | 2.6883171116155296 × 10^302 | 4399 | 72 |

### Input Bits Sorted by Output Occurrences

| Input Bit | Complexity | Occurrences | Output Occurrences |
|:---------:|:----------:|:-----------:|:------------------:|
| iv_506 | 1.8699554705599663 × 10^302 | 4004 | 67 |
| iv_503 | 1.4077021694730684 × 10^302 | 4067 | 69 |
| iv_497 | 2.6883171116155296 × 10^302 | 4399 | 72 |
| iv_504 | 2.279643096707466 × 10^302 | 4201 | 74 |
| iv_500 | 2.2647377300616285 × 10^301 | 4070 | 77 |
| iv_501 | 4.6012787372647873 × 10^301 | 4157 | 78 |
| iv_498 | 5.121139294865464 × 10^300 | 3930 | 79 |
| iv_502 | 8.30370294471024 × 10^301 | 3929 | 81 |
| iv_508 | 3.080629521887268 × 10^302 | 4285 | 83 |

## Input Bit Co-occurrences

### Input Bit Co-occurrences Sorted by Co-occurrences

| Input Bits | Co-occurrences | Potential Occurrences | Output Co-occurrences | Potential Output Occurrences |
|:----------:|:--------------:|:---------------------:|:---------------------:|:----------------------------:|
| iv_497-iv_508 | 2082 | 4520 | 39 | 77 |
| iv_497-iv_504 | 2041 | 4518 | 32 | 82 |
| iv_501-iv_504 | 2032 | 4294 | 35 | 82 |
| iv_504-iv_508 | 2032 | 4422 | 41 | 75 |
| iv_503-iv_504 | 1999 | 4270 | 32 | 79 |
| iv_501-iv_508 | 1995 | 4452 | 38 | 85 |
| iv_497-iv_501 | 1993 | 4570 | 30 | 90 |
| iv_500-iv_501 | 1990 | 4247 | 41 | 73 |
| iv_497-iv_500 | 1976 | 4517 | 37 | 75 |

### Input Bit Co-occurrences Sorted by Potential Occurrences

| Input Bits | Co-occurrences | Potential Occurrences | Output Co-occurrences | Potential Output Occurrences |
|:----------:|:--------------:|:---------------------:|:---------------------:|:----------------------------:|
| iv_500-iv_503 | 1962 | 4213 | 36 | 74 |
| iv_498-iv_506 | 1844 | 4246 | 34 | 78 |
| iv_500-iv_501 | 1990 | 4247 | 41 | 73 |
| iv_498-iv_500 | 1876 | 4248 | 42 | 72 |
| iv_502-iv_506 | 1840 | 4253 | 29 | 90 |
| iv_500-iv_502 | 1867 | 4265 | 46 | 66 |
| iv_503-iv_504 | 1999 | 4270 | 32 | 79 |
| iv_500-iv_506 | 1897 | 4280 | 23 | 98 |
| iv_501-iv_502 | 1898 | 4290 | 39 | 81 |

### Input Bit Output Co-occurrences Sorted by Output Co-occurrences

| Input Bits | Co-occurrences | Potential Occurrences | Output Co-occurrences | Potential Output Occurrences |
|:----------:|:--------------:|:---------------------:|:---------------------:|:----------------------------:|
| iv_500-iv_502 | 1867 | 4265 | 46 | 66 |
| iv_500-iv_508 | 1976 | 4403 | 43 | 74 |
| iv_498-iv_504 | 1909 | 4313 | 43 | 67 |
| iv_498-iv_500 | 1876 | 4248 | 42 | 72 |
| iv_500-iv_501 | 1990 | 4247 | 41 | 73 |
| iv_504-iv_508 | 2032 | 4422 | 41 | 75 |
| iv_498-iv_508 | 1884 | 4447 | 41 | 80 |
| iv_497-iv_508 | 2082 | 4520 | 39 | 77 |
| iv_501-iv_502 | 1898 | 4290 | 39 | 81 |

### Input Bit Output Co-occurrences Sorted by Potential Output Occurrences

| Input Bits | Co-occurrences | Potential Occurrences | Output Co-occurrences | Potential Output Occurrences |
|:----------:|:--------------:|:---------------------:|:---------------------:|:----------------------------:|
| iv_500-iv_502 | 1867 | 4265 | 46 | 66 |
| iv_498-iv_504 | 1909 | 4313 | 43 | 67 |
| iv_504-iv_506 | 1946 | 4313 | 36 | 69 |
| iv_498-iv_500 | 1876 | 4248 | 42 | 72 |
| iv_500-iv_501 | 1990 | 4247 | 41 | 73 |
| iv_501-iv_503 | 1896 | 4432 | 37 | 73 |
| iv_500-iv_508 | 1976 | 4403 | 43 | 74 |
| iv_502-iv_503 | 1824 | 4348 | 38 | 74 |
| iv_500-iv_503 | 1962 | 4213 | 36 | 74 |

## Output Bits

### Output Bits in Regular Order

| Rank | Output Bit | Complexity |
|:----:|:----------:|:----------:|
| 1 | ov_001 | 2.062677588391048 × 10^302 |
| 2 | ov_002 | 1.7887567092418149 × 10^302 |
| 3 | ov_003 | 1.5433889725660562 × 10^302 |
| 4 | ov_004 | 1.3244079076218674 × 10^302 |
| 5 | ov_005 | 1.1297655013361824 × 10^302 |
| 6 | ov_006 | 9.575237852538872 × 10^301 |
| 7 | ov_007 | 8.058475017556547 × 10^301 |
| 8 | ov_008 | 6.729977742608422 × 10^301 |
| 9 | ov_009 | 5.573266975990335 × 10^301 |
| 10 | ov_010 | 4.5727275527502623 × 10^301 |
| 11 | ov_011 | 3.71356981032827 × 10^301 |
| 12 | ov_012 | 2.981797878572556 × 10^301 |
| 13 | ov_013 | 2.3641838135904136 × 10^301 |
| 14 | ov_014 | 1.8482467412077606 × 10^301 |
| 15 | ov_015 | 1.4222362305757874 × 10^301 |
| 16 | ov_016 | 1.0751192113497874 × 10^301 |
| 17 | ov_017 | 7.965698790031358 × 10^300 |
| 18 | ov_018 | 5.769620865671385 × 10^300 |
| 19 | ov_019 | 4.0736369747643474 × 10^300 |
| 20 | ov_020 | 2.795324142948985 × 10^300 |
| 21 | ov_021 | 1.8591272384037366 × 10^300 |
| 22 | ov_022 | 1.196337149313187 × 10^300 |
| 23 | ov_023 | 7.4507580197945696 × 10^299 |
| 24 | ov_024 | 4.502864004355446 × 10^299 |
| 25 | ov_025 | 2.637275347959832 × 10^299 |
| 26 | ov_026 | 1.4397001712872732 × 10^299 |
| 27 | ov_027 | 7.200205069616527 × 10^298 |
| 28 | ov_028 | 3.221701267759896 × 10^298 |
| 29 | ov_029 | 1.2413305092243942 × 10^298 |
| 30 | ov_030 | 3.79431210098282 × 10^297 |
| 31 | ov_031 | 7.398181924610228 × 10^296 |
| 32 | lv_80_m31 | 1.4419345333184319 × 10^296 |
| 33 | ov_033 | 1.732161428390679 × 10^297 |
| 34 | ov_034 | 1.5035882182906635 × 10^297 |
| 35 | ov_035 | 1.2989213176532213 × 10^297 |
| 36 | ov_036 | 1.1160595032276709 × 10^297 |
| 37 | ov_037 | 9.530151241383593 × 10^296 |
| 38 | ov_038 | 8.088216707949651 × 10^296 |
| 39 | ov_039 | 6.816955803631782 × 10^296 |
| 40 | ov_040 | 5.69945878256693 × 10^296 |
| 41 | ov_041 | 4.719690906882924 × 10^296 |
| 42 | ov_042 | 3.8698477257706966 × 10^296 |
| 43 | ov_043 | 3.1425310444187207 × 10^296 |
| 44 | ov_044 | 2.524101177278817 × 10^296 |
| 45 | ov_045 | 2.001661057260157 × 10^296 |
| 46 | ov_046 | 1.5689451151103539 × 10^296 |
| 47 | ov_047 | 1.2144876449980475 × 10^296 |
| 48 | ov_048 | 9.275192109238448 × 10^295 |
| 49 | ov_049 | 6.979577166929556 × 10^295 |
| 50 | ov_050 | 5.164017986705646 × 10^295 |
| 51 | ov_051 | 3.741260495054488 × 10^295 |
| 52 | ov_052 | 2.669362573561791 × 10^295 |
| 53 | ov_053 | 1.8744976309612421 × 10^295 |
| 54 | ov_054 | 1.2895243459648228 × 10^295 |
| 55 | ov_055 | 8.539755368712232 × 10^294 |
| 56 | ov_056 | 5.3928504767783004 × 10^294 |
| 57 | ov_057 | 3.202188760235934 × 10^294 |
| 58 | ov_058 | 1.748736119729392 × 10^294 |
| 59 | ov_059 | 8.46756188889604 × 10^293 |
| 60 | ov_060 | 3.4380658166246615 × 10^293 |
| 61 | ov_061 | 1.2073752661793229 × 10^293 |
| 62 | ov_062 | 3.6883693080893787 × 10^292 |
| 63 | ov_063 | 7.187807467042699 × 10^291 |
| 64 | lv_79_m31 | 1.4004137779250382 × 10^291 |
| 65 | ov_065 | 1.6625865924262047 × 10^292 |
| 66 | ov_066 | 1.662581781964256 × 10^292 |
| 67 | ov_067 | 1.6625806265437362 × 10^292 |
| 68 | ov_068 | 1.438331478826435 × 10^292 |
| 69 | ov_069 | 1.2376975481663846 × 10^292 |
| 70 | ov_070 | 1.058912169278352 × 10^292 |
| 71 | ov_071 | 9.002969338236303 × 10^291 |
| 72 | ov_072 | 7.602555560034012 × 10^291 |
| 73 | ov_073 | 6.372687749838847 × 10^291 |
| 74 | ov_074 | 5.2989017360193343 × 10^291 |
| 75 | ov_075 | 4.3674279913434154 × 10^291 |
| 76 | ov_076 | 3.5651647801137033 × 10^291 |
| 77 | ov_077 | 2.8796572225835324 × 10^291 |
| 78 | ov_078 | 2.2990813119654957 × 10^291 |
| 79 | ov_079 | 1.8122319755812126 × 10^291 |
| 80 | ov_080 | 1.4085143269766431 × 10^291 |
| 81 | ov_081 | 1.0779373103699643 × 10^291 |
| 82 | ov_082 | 8.11108992794789 × 10^290 |
| 83 | ov_083 | 5.992328826569502 × 10^290 |
| 84 | ov_084 | 4.341049093984879 × 10^290 |
| 85 | ov_085 | 3.081109349085424 × 10^290 |
| 86 | ov_086 | 2.142247438046505 × 10^290 |
| 87 | ov_087 | 1.4600645977267192 × 10^290 |
| 88 | ov_088 | 9.760133519377411 × 10^289 |
| 89 | ov_089 | 6.373886131011733 × 10^289 |
| 90 | ov_090 | 3.973214619305283 × 10^289 |
| 91 | ov_091 | 2.3383585421354494 × 10^289 |
| 92 | ov_092 | 1.2787101357069683 × 10^289 |
| 93 | ov_093 | 6.328055277235088 × 10^288 |
| 94 | ov_094 | 2.683204194807856 × 10^288 |
| 95 | aaa_78_28 | 8.206832295385487 × 10^287 |
| 96 | aaa_78_29 | 2.4826586279997396 × 10^287 |
| 97 | ov_097 | 1.2973347628951982 × 10^287 |
| 98 | ov_098 | 1.2973260770954707 × 10^287 |
| 99 | ov_099 | 1.2973233041639326 × 10^287 |
| 100 | ov_100 | 1.0943327062407325 × 10^287 |
| 101 | ov_101 | 9.163011202581492 × 10^286 |
| 102 | ov_102 | 7.6108738882734545 × 10^286 |
| 103 | ov_103 | 6.26667349959145 × 10^286 |
| 104 | ov_104 | 5.111252979718835 × 10^286 |
| 105 | ov_105 | 4.126465695351368 × 10^286 |
| 106 | ov_106 | 3.295111513338382 × 10^286 |
| 107 | ov_107 | 2.6008821109432767 × 10^286 |
| 108 | ov_108 | 2.028314587973504 × 10^286 |
| 109 | ov_109 | 1.5627524984986225 × 10^286 |
| 110 | ov_110 | 1.1903134682895917 × 10^286 |
| 111 | ov_111 | 8.978626117350735 × 10^285 |
| 112 | ov_112 | 6.729910090342874 × 10^285 |
| 113 | ov_113 | 5.0399855109981944 × 10^285 |
| 114 | ov_114 | 3.7988050595779133 × 10^285 |
| 115 | ov_115 | 2.9031720660472 × 10^285 |
| 116 | ov_116 | 2.256663063394066 × 10^285 |
| 117 | ov_117 | 1.769570935780511 × 10^285 |
| 118 | ov_118 | 1.3588640410599641 × 10^285 |
| 119 | ov_119 | 1.0179165469919898 × 10^285 |
| 120 | ov_120 | 7.401168815454927 × 10^284 |
| 121 | ov_121 | 5.188629232299177 × 10^284 |
| 122 | ov_122 | 3.475584692175952 × 10^284 |
| 123 | ov_123 | 2.1961075194007952 × 10^284 |
| 124 | ov_124 | 1.2842877484463083 × 10^284 |
| 125 | ov_125 | 6.742229363402434 × 10^283 |
| 126 | ov_126 | 3.0001311726800856 × 10^283 |
| 127 | aaa_77_28 | 9.575897732999674 × 10^282 |
| 128 | aaa_77_29 | 3.587599502596763 × 10^282 |
| 129 | ov_129 | 3.298005670777403 × 10^282 |
| 130 | ov_130 | 3.2979958320397776 × 10^282 |
| 131 | ov_131 | 3.2979934572166654 × 10^282 |
| 132 | ov_132 | 2.854128321428992 × 10^282 |
| 133 | ov_133 | 2.4570273531006823 × 10^282 |
| 134 | ov_134 | 2.1031550989612702 × 10^282 |
| 135 | ov_135 | 1.7891614339585247 × 10^282 |
| 136 | ov_136 | 1.511868280116597 × 10^282 |
| 137 | ov_137 | 1.2682582780906279 × 10^282 |
| 138 | ov_138 | 1.0554652157916803 × 10^282 |
| 139 | ov_139 | 8.707660282659354 × 10^281 |
| 140 | ov_140 | 7.11574192574938 × 10^281 |
| 141 | ov_141 | 5.754343508012651 × 10^281 |
| 142 | ov_142 | 4.6001800354607304 × 10^281 |
| 143 | ov_143 | 3.631201254307293 × 10^281 |
| 144 | ov_144 | 2.826565631943934 × 10^281 |
| 145 | ov_145 | 2.1666208601537104 × 10^281 |
| 146 | ov_146 | 1.6328896669162025 × 10^281 |
| 147 | ov_147 | 1.2080598130428195 × 10^281 |
| 148 | ov_148 | 8.759772930515612 × 10^280 |
| 149 | ov_149 | 6.216419561803875 × 10^280 |
| 150 | ov_150 | 4.312048530062138 × 10^280 |
| 151 | ov_151 | 2.919666324511502 × 10^280 |
| 152 | ov_152 | 1.923764854183986 × 10^280 |
| 153 | ov_153 | 1.2203139591520377 × 10^280 |
| 154 | ov_154 | 7.167561829267018 × 10^279 |
| 155 | ov_155 | 3.6968043272361446 × 10^279 |
| 156 | aaa_76_25 | 1.4140966324937913 × 10^279 |
| 157 | aaa_76_26 | 8.075947698941181 × 10^278 |
| 158 | aaa_76_27 | 4.058747370844579 × 10^278 |
| 159 | aaa_76_28 | 1.5160948377393346 × 10^278 |
| 160 | aaa_76_29 | 4.311815658800311 × 10^277 |

### Output Bits Sorted by Complexity

| Rank | Output Bit | Complexity |
|:----:|:----------:|:----------:|
| 160 | aaa_76_29 | 4.311815658800311 × 10^277 |
| 159 | aaa_76_28 | 1.5160948377393346 × 10^278 |
| 158 | aaa_76_27 | 4.058747370844579 × 10^278 |
| 157 | aaa_76_26 | 8.075947698941181 × 10^278 |
| 156 | aaa_76_25 | 1.4140966324937913 × 10^279 |
| 155 | ov_155 | 3.6968043272361446 × 10^279 |
| 154 | ov_154 | 7.167561829267018 × 10^279 |
| 153 | ov_153 | 1.2203139591520377 × 10^280 |
| 152 | ov_152 | 1.923764854183986 × 10^280 |
| 151 | ov_151 | 2.919666324511502 × 10^280 |
| 150 | ov_150 | 4.312048530062138 × 10^280 |
| 149 | ov_149 | 6.216419561803875 × 10^280 |
| 148 | ov_148 | 8.759772930515612 × 10^280 |
| 147 | ov_147 | 1.2080598130428195 × 10^281 |
| 146 | ov_146 | 1.6328896669162025 × 10^281 |
| 145 | ov_145 | 2.1666208601537104 × 10^281 |
| 144 | ov_144 | 2.826565631943934 × 10^281 |
| 143 | ov_143 | 3.631201254307293 × 10^281 |
| 142 | ov_142 | 4.6001800354607304 × 10^281 |
| 141 | ov_141 | 5.754343508012651 × 10^281 |
| 140 | ov_140 | 7.11574192574938 × 10^281 |
| 139 | ov_139 | 8.707660282659354 × 10^281 |
| 138 | ov_138 | 1.0554652157916803 × 10^282 |
| 137 | ov_137 | 1.2682582780906279 × 10^282 |
| 136 | ov_136 | 1.511868280116597 × 10^282 |
| 135 | ov_135 | 1.7891614339585247 × 10^282 |
| 134 | ov_134 | 2.1031550989612702 × 10^282 |
| 133 | ov_133 | 2.4570273531006823 × 10^282 |
| 132 | ov_132 | 2.854128321428992 × 10^282 |
| 131 | ov_131 | 3.2979934572166654 × 10^282 |
| 130 | ov_130 | 3.2979958320397776 × 10^282 |
| 129 | ov_129 | 3.298005670777403 × 10^282 |
| 128 | aaa_77_29 | 3.587599502596763 × 10^282 |
| 127 | aaa_77_28 | 9.575897732999674 × 10^282 |
| 126 | ov_126 | 3.0001311726800856 × 10^283 |
| 125 | ov_125 | 6.742229363402434 × 10^283 |
| 124 | ov_124 | 1.2842877484463083 × 10^284 |
| 123 | ov_123 | 2.1961075194007952 × 10^284 |
| 122 | ov_122 | 3.475584692175952 × 10^284 |
| 121 | ov_121 | 5.188629232299177 × 10^284 |
| 120 | ov_120 | 7.401168815454927 × 10^284 |
| 119 | ov_119 | 1.0179165469919898 × 10^285 |
| 118 | ov_118 | 1.3588640410599641 × 10^285 |
| 117 | ov_117 | 1.769570935780511 × 10^285 |
| 116 | ov_116 | 2.256663063394066 × 10^285 |
| 115 | ov_115 | 2.9031720660472 × 10^285 |
| 114 | ov_114 | 3.7988050595779133 × 10^285 |
| 113 | ov_113 | 5.0399855109981944 × 10^285 |
| 112 | ov_112 | 6.729910090342874 × 10^285 |
| 111 | ov_111 | 8.978626117350735 × 10^285 |
| 110 | ov_110 | 1.1903134682895917 × 10^286 |
| 109 | ov_109 | 1.5627524984986225 × 10^286 |
| 108 | ov_108 | 2.028314587973504 × 10^286 |
| 107 | ov_107 | 2.6008821109432767 × 10^286 |
| 106 | ov_106 | 3.295111513338382 × 10^286 |
| 105 | ov_105 | 4.126465695351368 × 10^286 |
| 104 | ov_104 | 5.111252979718835 × 10^286 |
| 103 | ov_103 | 6.26667349959145 × 10^286 |
| 102 | ov_102 | 7.6108738882734545 × 10^286 |
| 101 | ov_101 | 9.163011202581492 × 10^286 |
| 100 | ov_100 | 1.0943327062407325 × 10^287 |
| 99 | ov_099 | 1.2973233041639326 × 10^287 |
| 98 | ov_098 | 1.2973260770954707 × 10^287 |
| 97 | ov_097 | 1.2973347628951982 × 10^287 |
| 96 | aaa_78_29 | 2.4826586279997396 × 10^287 |
| 95 | aaa_78_28 | 8.206832295385487 × 10^287 |
| 94 | ov_094 | 2.683204194807856 × 10^288 |
| 93 | ov_093 | 6.328055277235088 × 10^288 |
| 92 | ov_092 | 1.2787101357069683 × 10^289 |
| 91 | ov_091 | 2.3383585421354494 × 10^289 |
| 90 | ov_090 | 3.973214619305283 × 10^289 |
| 89 | ov_089 | 6.373886131011733 × 10^289 |
| 88 | ov_088 | 9.760133519377411 × 10^289 |
| 87 | ov_087 | 1.4600645977267192 × 10^290 |
| 86 | ov_086 | 2.142247438046505 × 10^290 |
| 85 | ov_085 | 3.081109349085424 × 10^290 |
| 84 | ov_084 | 4.341049093984879 × 10^290 |
| 83 | ov_083 | 5.992328826569502 × 10^290 |
| 82 | ov_082 | 8.11108992794789 × 10^290 |
| 81 | ov_081 | 1.0779373103699643 × 10^291 |
| 64 | lv_79_m31 | 1.4004137779250382 × 10^291 |
| 80 | ov_080 | 1.4085143269766431 × 10^291 |
| 79 | ov_079 | 1.8122319755812126 × 10^291 |
| 78 | ov_078 | 2.2990813119654957 × 10^291 |
| 77 | ov_077 | 2.8796572225835324 × 10^291 |
| 76 | ov_076 | 3.5651647801137033 × 10^291 |
| 75 | ov_075 | 4.3674279913434154 × 10^291 |
| 74 | ov_074 | 5.2989017360193343 × 10^291 |
| 73 | ov_073 | 6.372687749838847 × 10^291 |
| 63 | ov_063 | 7.187807467042699 × 10^291 |
| 72 | ov_072 | 7.602555560034012 × 10^291 |
| 71 | ov_071 | 9.002969338236303 × 10^291 |
| 70 | ov_070 | 1.058912169278352 × 10^292 |
| 69 | ov_069 | 1.2376975481663846 × 10^292 |
| 68 | ov_068 | 1.438331478826435 × 10^292 |
| 67 | ov_067 | 1.6625806265437362 × 10^292 |
| 66 | ov_066 | 1.662581781964256 × 10^292 |
| 65 | ov_065 | 1.6625865924262047 × 10^292 |
| 62 | ov_062 | 3.6883693080893787 × 10^292 |
| 61 | ov_061 | 1.2073752661793229 × 10^293 |
| 60 | ov_060 | 3.4380658166246615 × 10^293 |
| 59 | ov_059 | 8.46756188889604 × 10^293 |
| 58 | ov_058 | 1.748736119729392 × 10^294 |
| 57 | ov_057 | 3.202188760235934 × 10^294 |
| 56 | ov_056 | 5.3928504767783004 × 10^294 |
| 55 | ov_055 | 8.539755368712232 × 10^294 |
| 54 | ov_054 | 1.2895243459648228 × 10^295 |
| 53 | ov_053 | 1.8744976309612421 × 10^295 |
| 52 | ov_052 | 2.669362573561791 × 10^295 |
| 51 | ov_051 | 3.741260495054488 × 10^295 |
| 50 | ov_050 | 5.164017986705646 × 10^295 |
| 49 | ov_049 | 6.979577166929556 × 10^295 |
| 48 | ov_048 | 9.275192109238448 × 10^295 |
| 47 | ov_047 | 1.2144876449980475 × 10^296 |
| 32 | lv_80_m31 | 1.4419345333184319 × 10^296 |
| 46 | ov_046 | 1.5689451151103539 × 10^296 |
| 45 | ov_045 | 2.001661057260157 × 10^296 |
| 44 | ov_044 | 2.524101177278817 × 10^296 |
| 43 | ov_043 | 3.1425310444187207 × 10^296 |
| 42 | ov_042 | 3.8698477257706966 × 10^296 |
| 41 | ov_041 | 4.719690906882924 × 10^296 |
| 40 | ov_040 | 5.69945878256693 × 10^296 |
| 39 | ov_039 | 6.816955803631782 × 10^296 |
| 31 | ov_031 | 7.398181924610228 × 10^296 |
| 38 | ov_038 | 8.088216707949651 × 10^296 |
| 37 | ov_037 | 9.530151241383593 × 10^296 |
| 36 | ov_036 | 1.1160595032276709 × 10^297 |
| 35 | ov_035 | 1.2989213176532213 × 10^297 |
| 34 | ov_034 | 1.5035882182906635 × 10^297 |
| 33 | ov_033 | 1.732161428390679 × 10^297 |
| 30 | ov_030 | 3.79431210098282 × 10^297 |
| 29 | ov_029 | 1.2413305092243942 × 10^298 |
| 28 | ov_028 | 3.221701267759896 × 10^298 |
| 27 | ov_027 | 7.200205069616527 × 10^298 |
| 26 | ov_026 | 1.4397001712872732 × 10^299 |
| 25 | ov_025 | 2.637275347959832 × 10^299 |
| 24 | ov_024 | 4.502864004355446 × 10^299 |
| 23 | ov_023 | 7.4507580197945696 × 10^299 |
| 22 | ov_022 | 1.196337149313187 × 10^300 |
| 21 | ov_021 | 1.8591272384037366 × 10^300 |
| 20 | ov_020 | 2.795324142948985 × 10^300 |
| 19 | ov_019 | 4.0736369747643474 × 10^300 |
| 18 | ov_018 | 5.769620865671385 × 10^300 |
| 17 | ov_017 | 7.965698790031358 × 10^300 |
| 16 | ov_016 | 1.0751192113497874 × 10^301 |
| 15 | ov_015 | 1.4222362305757874 × 10^301 |
| 14 | ov_014 | 1.8482467412077606 × 10^301 |
| 13 | ov_013 | 2.3641838135904136 × 10^301 |
| 12 | ov_012 | 2.981797878572556 × 10^301 |
| 11 | ov_011 | 3.71356981032827 × 10^301 |
| 10 | ov_010 | 4.5727275527502623 × 10^301 |
| 9 | ov_009 | 5.573266975990335 × 10^301 |
| 8 | ov_008 | 6.729977742608422 × 10^301 |
| 7 | ov_007 | 8.058475017556547 × 10^301 |
| 6 | ov_006 | 9.575237852538872 × 10^301 |
| 5 | ov_005 | 1.1297655013361824 × 10^302 |
| 4 | ov_004 | 1.3244079076218674 × 10^302 |
| 3 | ov_003 | 1.5433889725660562 × 10^302 |
| 2 | ov_002 | 1.7887567092418149 × 10^302 |
| 1 | ov_001 | 2.062677588391048 × 10^302 |

