# Results for E002007-E004005-E009012-F013-F014-F015-F016-F017-F018-F019-F020-F021-F022-F023-F024-F025-F026-F027-F028-F029-F030-F031-F032-F033-F034-F035-F036-F037-F038-F039-F040-F041-F042-F043-F044-F045-F046-F047-F048-F049-F050-F051-F052-F053-F054-F055-F056-F057-F058-F059-F060-F061-F062-F063-F064-F065-F066-F067-F068-F069-F070-F071-F072-F073-F074-F075-F076-F077-F078-F079-F080-F081-F082-F083-F084-F085-F086-F087-F088-F089-F090-F091-F092-F093-F094-F095-F096-F097-F098-F099-F100-F101-F102-F103-F104-F105-F106-F107-F108-F109-F110-F111-F112-F113-F114-F115-F116-F117-F118-F119-F120-F121-F122-F123-F124-F125-F126-F127-F128-F129-F130-F131-F132-F133-F134-F135-F136-F137-F138-F139-F140-F141-F142-F143-F144-F145-F146-F147-F148-F149-F150-F151-F152-F153-F154-F155-F156-F157-F158-F159-F160-F161-F162-F163-F164-F165-F166-F167-F168-F169-F170-F171-F172-F173-F174-F175-F176-F177-F178-F179-F180-F181-F182-F183-F184-F185-F186-F187-F188-F189-F190-F191-F192-F193-F194-F195-F196-F197-F198-F199-F200-F201-F202-F203-F204-F205-F206-F207-F208-F209-F210-F211-F212-F213-F214-F215-F216-F217-F218-F219-F220-F221-F222-F223-F224-F225-F226-F227-F228-F229-F230-F231-F232-F233-F234-F235-F236-F237-F238-F239-F240-F241-F242-F243-F244-F245-F246-F247-F248-F249-F250-F251-F252-F253-F254-F255-F256-F257-F258-F259-F260-F261-F262-F263-F264-F265-F266-F267-F268-F269-F270-F271-F272-F273-F274-F275-F276-F277-F278-F279-F280-F281-F282-F283-F284-F285-F286-F287-F288-F289-F290-F291-F292-F293-F294-F295-F296-F297-F298-F299-F300-F301-F302-F303-F304-F305-F306-F307-F308-F309-F310-F311-F312-F313-F314-F315-F316-F317-F318-F319-F320-F321-F322-F323-F324-F325-F326-F327-F328-F329-F330-F331-F332-F333-F334-F335-F336-F337-F338-F339-F340-F341-F342-F343-F344-F345-F346-F347-F348-F349-F350-F351-F352-F353-F354-F355-F356-F357-F358-F359-F360-F361-F362-F363-F364-F365-F366-F367-F368-F369-F370-F371-F372-F373-F374-F375-F376-F377-F378-F379-F380-F381-F382-F383-F384-F385-F386-F387-F388-F389-F390-F391-F392-F393-F394-F395-F396-F397-F398-F399-F400-F401-F402-F403-F404-F405-F406-F407-F408-F409-F410-F411-F412-F413-F414-F415-F416-F417-F418-F419-F420-F421-F422-F423-F424-F425-F426-F427-F428-F429-F430-F431-F432-F433-F434-F435-F436-F437-F438-F439-F440-F441-F442-F443-F444-F445-F446-F447-F448-F449-F450-F451-F452-F453-F454-F455-F456-F457-F458-F459-F460-F461-F462-F463-F464-F465-F466-F467-F468-F469-F470-F471-F472-F473-F474-F475-F476-F477-F478-F479-F480-F481-F482-F483-F484-F485-F486-F487-F488-F489-F490-F491-F492-F493-F494-F495-F496-F497-F498-F499-F500-F501-F502-F503-F504-F505-F506-F507-F508-F509-F510-F511-F512

## Summary

Number of input bits: 512  
Number of free input bits: 9  
Number of output bits: 160

Number of direct occurrences: 41413  
Number of assignments: 38271  
Number of operations: 18839972
(xor: 18800834,
and: 22961,
or: 16177)

Total complexity: 1.681333725391063 × 10^353

Least occurring input variable: iv_004 (4431)  
Most occurring input variable: iv_009 (4958)

Most co-occurring input variables: iv_009-iv_011 (2236)  
Least co-occurring input variables: iv_002-iv_011 (1994)

Potentially most occurring input variable: iv_001/iv_009 (5279)  
Potentially least occurring input variable: iv_004/iv_010 (4638)

Least output occurring input variable: iv_011 (63)  
Most output occurring input variable: iv_003 (87)

Most output co-occurring input variables: iv_003-iv_006 (50)  
Least output co-occurring input variables: iv_009-iv_011 (20)

Potentially most output occurring input variable: iv_003/iv_008 (98)  
Potentially least output occurring input variable: iv_001/iv_006 (68)

Least complex input bit: iv_001 (2.1668626860861884 × 10^350)  
Most complex input bit: iv_009 (5.247524579371395 × 10^352)

Least complex output bit: aaa_76_29 (5.00184926002624 × 10^328)  
Most complex output bit: ov_001 (2.5620028383513205 × 10^352)

Least complex input/output complexity: iv_001/aaa_76_29 (6.446263677044712 × 10^325)  
Most complex input/output complexity: iv_009/ov_001 (7.996135843608828 × 10^351)

## Input Bits

### Input Bits in Regular Order

| Input Bit | Complexity | Occurrences | Output Occurrences |
|:---------:|:----------:|:-----------:|:------------------:|
| iv_001 | 2.1668626860861884 × 10^350 | 4571 | 75 |
| iv_002 | 1.6429267493221677 × 10^352 | 4533 | 69 |
| iv_003 | 2.621415605006167 × 10^351 | 4667 | 87 |
| iv_004 | 1.1294898934909922 × 10^352 | 4431 | 67 |
| iv_006 | 1.1876576410264017 × 10^352 | 4595 | 87 |
| iv_008 | 1.9651867875267203 × 10^352 | 4514 | 81 |
| iv_009 | 5.247524579371395 × 10^352 | 4958 | 65 |
| iv_010 | 2.5947357141769726 × 10^352 | 4483 | 83 |
| iv_011 | 2.7620057016345038 × 10^352 | 4661 | 63 |

### Input Bits Sorted by Complexity

| Input Bit | Complexity | Occurrences | Output Occurrences |
|:---------:|:----------:|:-----------:|:------------------:|
| iv_001 | 2.1668626860861884 × 10^350 | 4571 | 75 |
| iv_003 | 2.621415605006167 × 10^351 | 4667 | 87 |
| iv_004 | 1.1294898934909922 × 10^352 | 4431 | 67 |
| iv_006 | 1.1876576410264017 × 10^352 | 4595 | 87 |
| iv_002 | 1.6429267493221677 × 10^352 | 4533 | 69 |
| iv_008 | 1.9651867875267203 × 10^352 | 4514 | 81 |
| iv_010 | 2.5947357141769726 × 10^352 | 4483 | 83 |
| iv_011 | 2.7620057016345038 × 10^352 | 4661 | 63 |
| iv_009 | 5.247524579371395 × 10^352 | 4958 | 65 |

### Input Bits Sorted by Occurrences

| Input Bit | Complexity | Occurrences | Output Occurrences |
|:---------:|:----------:|:-----------:|:------------------:|
| iv_004 | 1.1294898934909922 × 10^352 | 4431 | 67 |
| iv_010 | 2.5947357141769726 × 10^352 | 4483 | 83 |
| iv_008 | 1.9651867875267203 × 10^352 | 4514 | 81 |
| iv_002 | 1.6429267493221677 × 10^352 | 4533 | 69 |
| iv_001 | 2.1668626860861884 × 10^350 | 4571 | 75 |
| iv_006 | 1.1876576410264017 × 10^352 | 4595 | 87 |
| iv_011 | 2.7620057016345038 × 10^352 | 4661 | 63 |
| iv_003 | 2.621415605006167 × 10^351 | 4667 | 87 |
| iv_009 | 5.247524579371395 × 10^352 | 4958 | 65 |

### Input Bits Sorted by Output Occurrences

| Input Bit | Complexity | Occurrences | Output Occurrences |
|:---------:|:----------:|:-----------:|:------------------:|
| iv_011 | 2.7620057016345038 × 10^352 | 4661 | 63 |
| iv_009 | 5.247524579371395 × 10^352 | 4958 | 65 |
| iv_004 | 1.1294898934909922 × 10^352 | 4431 | 67 |
| iv_002 | 1.6429267493221677 × 10^352 | 4533 | 69 |
| iv_001 | 2.1668626860861884 × 10^350 | 4571 | 75 |
| iv_008 | 1.9651867875267203 × 10^352 | 4514 | 81 |
| iv_010 | 2.5947357141769726 × 10^352 | 4483 | 83 |
| iv_006 | 1.1876576410264017 × 10^352 | 4595 | 87 |
| iv_003 | 2.621415605006167 × 10^351 | 4667 | 87 |

## Input Bit Co-occurrences

### Input Bit Co-occurrences Sorted by Co-occurrences

| Input Bits | Co-occurrences | Potential Occurrences | Output Co-occurrences | Potential Output Occurrences |
|:----------:|:--------------:|:---------------------:|:---------------------:|:----------------------------:|
| iv_009-iv_011 | 2236 | 5147 | 20 | 88 |
| iv_003-iv_009 | 2231 | 5163 | 38 | 76 |
| iv_001-iv_003 | 2227 | 4784 | 44 | 74 |
| iv_001-iv_006 | 2223 | 4720 | 47 | 68 |
| iv_008-iv_009 | 2210 | 5052 | 32 | 82 |
| iv_006-iv_009 | 2183 | 5187 | 41 | 70 |
| iv_003-iv_008 | 2183 | 4815 | 35 | 98 |
| iv_003-iv_006 | 2178 | 4906 | 50 | 74 |
| iv_002-iv_003 | 2177 | 4846 | 37 | 82 |

### Input Bit Co-occurrences Sorted by Potential Occurrences

| Input Bits | Co-occurrences | Potential Occurrences | Output Co-occurrences | Potential Output Occurrences |
|:----------:|:--------------:|:---------------------:|:---------------------:|:----------------------------:|
| iv_004-iv_010 | 2138 | 4638 | 33 | 84 |
| iv_001-iv_006 | 2223 | 4720 | 47 | 68 |
| iv_001-iv_003 | 2227 | 4784 | 44 | 74 |
| iv_004-iv_011 | 2153 | 4786 | 28 | 74 |
| iv_010-iv_011 | 2171 | 4802 | 35 | 76 |
| iv_003-iv_008 | 2183 | 4815 | 35 | 98 |
| iv_001-iv_004 | 2087 | 4828 | 30 | 82 |
| iv_001-iv_010 | 2109 | 4836 | 44 | 70 |
| iv_002-iv_003 | 2177 | 4846 | 37 | 82 |

### Input Bit Output Co-occurrences Sorted by Output Co-occurrences

| Input Bits | Co-occurrences | Potential Occurrences | Output Co-occurrences | Potential Output Occurrences |
|:----------:|:--------------:|:---------------------:|:---------------------:|:----------------------------:|
| iv_003-iv_006 | 2178 | 4906 | 50 | 74 |
| iv_006-iv_010 | 2104 | 4870 | 48 | 74 |
| iv_006-iv_008 | 2083 | 4943 | 47 | 74 |
| iv_001-iv_006 | 2223 | 4720 | 47 | 68 |
| iv_008-iv_010 | 2064 | 4869 | 46 | 72 |
| iv_001-iv_003 | 2227 | 4784 | 44 | 74 |
| iv_001-iv_010 | 2109 | 4836 | 44 | 70 |
| iv_002-iv_006 | 2025 | 5078 | 42 | 72 |
| iv_006-iv_009 | 2183 | 5187 | 41 | 70 |

### Input Bit Output Co-occurrences Sorted by Potential Output Occurrences

| Input Bits | Co-occurrences | Potential Occurrences | Output Co-occurrences | Potential Output Occurrences |
|:----------:|:--------------:|:---------------------:|:---------------------:|:----------------------------:|
| iv_001-iv_006 | 2223 | 4720 | 47 | 68 |
| iv_006-iv_009 | 2183 | 5187 | 41 | 70 |
| iv_001-iv_010 | 2109 | 4836 | 44 | 70 |
| iv_008-iv_010 | 2064 | 4869 | 46 | 72 |
| iv_002-iv_004 | 2048 | 4868 | 32 | 72 |
| iv_002-iv_006 | 2025 | 5078 | 42 | 72 |
| iv_006-iv_008 | 2083 | 4943 | 47 | 74 |
| iv_006-iv_010 | 2104 | 4870 | 48 | 74 |
| iv_002-iv_008 | 2059 | 4929 | 38 | 74 |

## Output Bits

### Output Bits in Regular Order

| Rank | Output Bit | Complexity |
|:----:|:----------:|:----------:|
| 1 | ov_001 | 2.5620028383513205 × 10^352 |
| 2 | ov_002 | 2.244645197083572 × 10^352 |
| 3 | ov_003 | 1.9582163769098057 × 10^352 |
| 4 | ov_004 | 1.699869153646314 × 10^352 |
| 5 | ov_005 | 1.4669187458499156 × 10^352 |
| 6 | ov_006 | 1.256831212629351 × 10^352 |
| 7 | ov_007 | 1.0683759267241306 × 10^352 |
| 8 | ov_008 | 9.003901067512314 × 10^351 |
| 9 | ov_009 | 7.517745671581968 × 10^351 |
| 10 | ov_010 | 6.21490023993553 × 10^351 |
| 11 | ov_011 | 5.085539239940809 × 10^351 |
| 12 | ov_012 | 4.1203775984957323 × 10^351 |
| 13 | ov_013 | 3.302380547628847 × 10^351 |
| 14 | ov_014 | 2.61549688738299 × 10^351 |
| 15 | ov_015 | 2.0446314928816484 × 10^351 |
| 16 | ov_016 | 1.57562328712989 × 10^351 |
| 17 | ov_017 | 1.195227887367071 × 10^351 |
| 18 | ov_018 | 8.911041978320057 × 10^350 |
| 19 | ov_019 | 6.518042858961548 × 10^350 |
| 20 | ov_020 | 4.6676594189949585 × 10^350 |
| 21 | ov_021 | 3.263073858845881 × 10^350 |
| 22 | ov_022 | 2.216236469291939 × 10^350 |
| 23 | ov_023 | 1.447842030540134 × 10^350 |
| 24 | ov_024 | 8.873153182339202 × 10^349 |
| 25 | ov_025 | 5.015498768520214 × 10^349 |
| 26 | ov_026 | 2.6179866780831573 × 10^349 |
| 27 | ov_027 | 1.2364107671454012 × 10^349 |
| 28 | ov_028 | 5.137114505108593 × 10^348 |
| 29 | ov_029 | 1.7997313550122294 × 10^348 |
| 30 | ov_030 | 4.9531092942656207 × 10^347 |
| 31 | ov_031 | 9.690403957327632 × 10^346 |
| 32 | lv_80_m31 | 1.8958938234086934 × 10^346 |
| 33 | ov_033 | 2.3683515054091455 × 10^347 |
| 34 | ov_034 | 2.0791033576442932 × 10^347 |
| 35 | ov_035 | 1.818755349401577 × 10^347 |
| 36 | ov_036 | 1.58453910564807 × 10^347 |
| 37 | ov_037 | 1.3738562399716464 × 10^347 |
| 38 | ov_038 | 1.184266857390975 × 10^347 |
| 39 | ov_039 | 1.0134790809823352 × 10^347 |
| 40 | ov_040 | 8.603827298217463 × 10^346 |
| 41 | ov_041 | 7.239346203542697 × 10^346 |
| 42 | ov_042 | 6.031544926446659 × 10^346 |
| 43 | ov_043 | 4.971213552754456 × 10^346 |
| 44 | ov_044 | 4.049702243486098 × 10^346 |
| 45 | ov_045 | 3.258892326701368 × 10^346 |
| 46 | ov_046 | 2.591170856956239 × 10^346 |
| 47 | ov_047 | 2.032743319944541 × 10^346 |
| 48 | ov_048 | 1.5707274531557643 × 10^346 |
| 49 | ov_049 | 1.1931229907238503 × 10^346 |
| 50 | ov_050 | 8.887863088267343 × 10^345 |
| 51 | ov_051 | 6.474095277135549 × 10^345 |
| 52 | ov_052 | 4.595036276805608 × 10^345 |
| 53 | ov_053 | 3.1638513709625765 × 10^345 |
| 54 | ov_054 | 2.101659510386074 × 10^345 |
| 55 | ov_055 | 1.3374583935013465 × 10^345 |
| 56 | ov_056 | 8.080720302559559 × 10^344 |
| 57 | ov_057 | 4.5811637896251053 × 10^344 |
| 58 | ov_058 | 2.3997868255232452 × 10^344 |
| 59 | ov_059 | 1.1380634652947272 × 10^344 |
| 60 | ov_060 | 4.750176088277857 × 10^343 |
| 61 | ov_061 | 1.6720314098086107 × 10^343 |
| 62 | ov_062 | 4.623140995552572 × 10^342 |
| 63 | ov_063 | 9.088928857302823 × 10^341 |
| 64 | lv_79_m31 | 1.78668093165783 × 10^341 |
| 65 | ov_065 | 2.4492638420826613 × 10^342 |
| 66 | ov_066 | 2.4491892067626587 × 10^342 |
| 67 | ov_067 | 2.449165222306214 × 10^342 |
| 68 | ov_068 | 2.2025168358564007 × 10^342 |
| 69 | ov_069 | 1.9743792744981833 × 10^342 |
| 70 | ov_070 | 1.7636918773692736 × 10^342 |
| 71 | ov_071 | 1.5694713651362765 × 10^342 |
| 72 | ov_072 | 1.3908032717556878 × 10^342 |
| 73 | ov_073 | 1.2268338591976195 × 10^342 |
| 74 | ov_074 | 1.0767624881371192 × 10^342 |
| 75 | ov_075 | 9.398344189358927 × 10^341 |
| 76 | ov_076 | 8.153341081790579 × 10^341 |
| 77 | ov_077 | 7.025791512901664 × 10^341 |
| 78 | ov_078 | 6.009149218574519 × 10^341 |
| 79 | ov_079 | 5.097098640265944 × 10^341 |
| 80 | ov_080 | 4.2835139528103687 × 10^341 |
| 81 | ov_081 | 3.5624237768131386 × 10^341 |
| 82 | ov_082 | 2.927980579892204 × 10^341 |
| 83 | ov_083 | 2.3744337752108332 × 10^341 |
| 84 | ov_084 | 1.8961066930044795 × 10^341 |
| 85 | ov_085 | 1.487377602856582 × 10^341 |
| 86 | ov_086 | 1.1426643836870581 × 10^341 |
| 87 | ov_087 | 8.56412439252109 × 10^340 |
| 88 | ov_088 | 6.230854574430594 × 10^340 |
| 89 | ov_089 | 4.371586119342427 × 10^340 |
| 90 | ov_090 | 2.9311380484632854 × 10^340 |
| 91 | ov_091 | 1.8543654913701855 × 10^340 |
| 92 | ov_092 | 1.0861409281421957 × 10^340 |
| 93 | ov_093 | 5.71344069045485 × 10^339 |
| 94 | ov_094 | 2.5485710491230142 × 10^339 |
| 95 | aaa_78_28 | 8.156287866209771 × 10^338 |
| 96 | aaa_78_29 | 3.0688239739289583 × 10^338 |
| 97 | ov_097 | 2.981646179180448 × 10^338 |
| 98 | ov_098 | 2.9816373308931956 × 10^338 |
| 99 | ov_099 | 2.981635182370558 × 10^338 |
| 100 | ov_100 | 2.61607168872016 × 10^338 |
| 101 | ov_101 | 2.2867326808234292 × 10^338 |
| 102 | ov_102 | 1.99029644962242 × 10^338 |
| 103 | ov_103 | 1.7236323785698748 × 10^338 |
| 104 | ov_104 | 1.483787814105417 × 10^338 |
| 105 | ov_105 | 1.2679763406292714 × 10^338 |
| 106 | ov_106 | 1.0748449287253384 × 10^338 |
| 107 | ov_107 | 9.031160082662507 × 10^337 |
| 108 | ov_108 | 7.515831514232001 × 10^337 |
| 109 | ov_109 | 6.191072923511763 × 10^337 |
| 110 | ov_110 | 5.046134422745828 × 10^337 |
| 111 | ov_111 | 4.070878611483804 × 10^337 |
| 112 | ov_112 | 3.2467756824130882 × 10^337 |
| 113 | ov_113 | 2.5564155140909466 × 10^337 |
| 114 | ov_114 | 1.9834775555640195 × 10^337 |
| 115 | ov_115 | 1.512706870734958 × 10^337 |
| 116 | ov_116 | 1.1298955922468665 × 10^337 |
| 117 | ov_117 | 8.218689278137002 × 10^336 |
| 118 | ov_118 | 5.822962579926208 × 10^336 |
| 119 | ov_119 | 4.000410920348239 × 10^336 |
| 120 | ov_120 | 2.649774538387953 × 10^336 |
| 121 | ov_121 | 1.6798663816275147 × 10^336 |
| 122 | ov_122 | 1.0095522323118768 × 10^336 |
| 123 | ov_123 | 5.677394067668755 × 10^335 |
| 124 | ov_124 | 2.933709005872987 × 10^335 |
| 125 | ov_125 | 1.3542269033166656 × 10^335 |
| 126 | ov_126 | 5.290266491867938 × 10^334 |
| 127 | aaa_77_28 | 1.4850280046550807 × 10^334 |
| 128 | aaa_77_29 | 4.52901378557195 × 10^333 |
| 129 | ov_129 | 2.768683074206109 × 10^333 |
| 130 | ov_130 | 2.7686732738555916 × 10^333 |
| 131 | ov_131 | 2.7686708853143776 × 10^333 |
| 132 | ov_132 | 2.432199395422205 × 10^333 |
| 133 | ov_133 | 2.13131945629009 × 10^333 |
| 134 | ov_134 | 1.8624363739439205 × 10^333 |
| 135 | ov_135 | 1.6221644400709373 × 10^333 |
| 136 | ov_136 | 1.4073121762903207 × 10^333 |
| 137 | ov_137 | 1.2148691425374162 × 10^333 |
| 138 | ov_138 | 1.0419942064547393 × 10^333 |
| 139 | ov_139 | 8.873077506417581 × 10^332 |
| 140 | ov_140 | 7.495072005653815 × 10^332 |
| 141 | ov_141 | 6.273627828122874 × 10^332 |
| 142 | ov_142 | 5.197138537900791 × 10^332 |
| 143 | ov_143 | 4.254657587944915 × 10^332 |
| 144 | ov_144 | 3.435871837227147 × 10^332 |
| 145 | ov_145 | 2.731079640412335 × 10^332 |
| 146 | ov_146 | 2.1311731079005186 × 10^332 |
| 147 | ov_147 | 1.6276240199900776 × 10^332 |
| 148 | ov_148 | 1.2124728473945927 × 10^332 |
| 149 | ov_149 | 8.783203757157004 × 10^331 |
| 150 | ov_150 | 6.183214767855467 × 10^331 |
| 151 | ov_151 | 4.2043154706073384 × 10^331 |
| 152 | ov_152 | 2.736968401303632 × 10^331 |
| 153 | ov_153 | 1.6825108193711484 × 10^331 |
| 154 | ov_154 | 9.53133972733081 × 10^330 |
| 155 | ov_155 | 4.718712898211397 × 10^330 |
| 156 | aaa_76_25 | 1.7259237637283462 × 10^330 |
| 157 | aaa_76_26 | 9.037081897741069 × 10^329 |
| 158 | aaa_76_27 | 4.178244966993131 × 10^329 |
| 159 | aaa_76_28 | 1.6352825190170913 × 10^329 |
| 160 | aaa_76_29 | 5.00184926002624 × 10^328 |

### Output Bits Sorted by Complexity

| Rank | Output Bit | Complexity |
|:----:|:----------:|:----------:|
| 160 | aaa_76_29 | 5.00184926002624 × 10^328 |
| 159 | aaa_76_28 | 1.6352825190170913 × 10^329 |
| 158 | aaa_76_27 | 4.178244966993131 × 10^329 |
| 157 | aaa_76_26 | 9.037081897741069 × 10^329 |
| 156 | aaa_76_25 | 1.7259237637283462 × 10^330 |
| 155 | ov_155 | 4.718712898211397 × 10^330 |
| 154 | ov_154 | 9.53133972733081 × 10^330 |
| 153 | ov_153 | 1.6825108193711484 × 10^331 |
| 152 | ov_152 | 2.736968401303632 × 10^331 |
| 151 | ov_151 | 4.2043154706073384 × 10^331 |
| 150 | ov_150 | 6.183214767855467 × 10^331 |
| 149 | ov_149 | 8.783203757157004 × 10^331 |
| 148 | ov_148 | 1.2124728473945927 × 10^332 |
| 147 | ov_147 | 1.6276240199900776 × 10^332 |
| 146 | ov_146 | 2.1311731079005186 × 10^332 |
| 145 | ov_145 | 2.731079640412335 × 10^332 |
| 144 | ov_144 | 3.435871837227147 × 10^332 |
| 143 | ov_143 | 4.254657587944915 × 10^332 |
| 142 | ov_142 | 5.197138537900791 × 10^332 |
| 141 | ov_141 | 6.273627828122874 × 10^332 |
| 140 | ov_140 | 7.495072005653815 × 10^332 |
| 139 | ov_139 | 8.873077506417581 × 10^332 |
| 138 | ov_138 | 1.0419942064547393 × 10^333 |
| 137 | ov_137 | 1.2148691425374162 × 10^333 |
| 136 | ov_136 | 1.4073121762903207 × 10^333 |
| 135 | ov_135 | 1.6221644400709373 × 10^333 |
| 134 | ov_134 | 1.8624363739439205 × 10^333 |
| 133 | ov_133 | 2.13131945629009 × 10^333 |
| 132 | ov_132 | 2.432199395422205 × 10^333 |
| 131 | ov_131 | 2.7686708853143776 × 10^333 |
| 130 | ov_130 | 2.7686732738555916 × 10^333 |
| 129 | ov_129 | 2.768683074206109 × 10^333 |
| 128 | aaa_77_29 | 4.52901378557195 × 10^333 |
| 127 | aaa_77_28 | 1.4850280046550807 × 10^334 |
| 126 | ov_126 | 5.290266491867938 × 10^334 |
| 125 | ov_125 | 1.3542269033166656 × 10^335 |
| 124 | ov_124 | 2.933709005872987 × 10^335 |
| 123 | ov_123 | 5.677394067668755 × 10^335 |
| 122 | ov_122 | 1.0095522323118768 × 10^336 |
| 121 | ov_121 | 1.6798663816275147 × 10^336 |
| 120 | ov_120 | 2.649774538387953 × 10^336 |
| 119 | ov_119 | 4.000410920348239 × 10^336 |
| 118 | ov_118 | 5.822962579926208 × 10^336 |
| 117 | ov_117 | 8.218689278137002 × 10^336 |
| 116 | ov_116 | 1.1298955922468665 × 10^337 |
| 115 | ov_115 | 1.512706870734958 × 10^337 |
| 114 | ov_114 | 1.9834775555640195 × 10^337 |
| 113 | ov_113 | 2.5564155140909466 × 10^337 |
| 112 | ov_112 | 3.2467756824130882 × 10^337 |
| 111 | ov_111 | 4.070878611483804 × 10^337 |
| 110 | ov_110 | 5.046134422745828 × 10^337 |
| 109 | ov_109 | 6.191072923511763 × 10^337 |
| 108 | ov_108 | 7.515831514232001 × 10^337 |
| 107 | ov_107 | 9.031160082662507 × 10^337 |
| 106 | ov_106 | 1.0748449287253384 × 10^338 |
| 105 | ov_105 | 1.2679763406292714 × 10^338 |
| 104 | ov_104 | 1.483787814105417 × 10^338 |
| 103 | ov_103 | 1.7236323785698748 × 10^338 |
| 102 | ov_102 | 1.99029644962242 × 10^338 |
| 101 | ov_101 | 2.2867326808234292 × 10^338 |
| 100 | ov_100 | 2.61607168872016 × 10^338 |
| 99 | ov_099 | 2.981635182370558 × 10^338 |
| 98 | ov_098 | 2.9816373308931956 × 10^338 |
| 97 | ov_097 | 2.981646179180448 × 10^338 |
| 96 | aaa_78_29 | 3.0688239739289583 × 10^338 |
| 95 | aaa_78_28 | 8.156287866209771 × 10^338 |
| 94 | ov_094 | 2.5485710491230142 × 10^339 |
| 93 | ov_093 | 5.71344069045485 × 10^339 |
| 92 | ov_092 | 1.0861409281421957 × 10^340 |
| 91 | ov_091 | 1.8543654913701855 × 10^340 |
| 90 | ov_090 | 2.9311380484632854 × 10^340 |
| 89 | ov_089 | 4.371586119342427 × 10^340 |
| 88 | ov_088 | 6.230854574430594 × 10^340 |
| 87 | ov_087 | 8.56412439252109 × 10^340 |
| 86 | ov_086 | 1.1426643836870581 × 10^341 |
| 85 | ov_085 | 1.487377602856582 × 10^341 |
| 64 | lv_79_m31 | 1.78668093165783 × 10^341 |
| 84 | ov_084 | 1.8961066930044795 × 10^341 |
| 83 | ov_083 | 2.3744337752108332 × 10^341 |
| 82 | ov_082 | 2.927980579892204 × 10^341 |
| 81 | ov_081 | 3.5624237768131386 × 10^341 |
| 80 | ov_080 | 4.2835139528103687 × 10^341 |
| 79 | ov_079 | 5.097098640265944 × 10^341 |
| 78 | ov_078 | 6.009149218574519 × 10^341 |
| 77 | ov_077 | 7.025791512901664 × 10^341 |
| 76 | ov_076 | 8.153341081790579 × 10^341 |
| 63 | ov_063 | 9.088928857302823 × 10^341 |
| 75 | ov_075 | 9.398344189358927 × 10^341 |
| 74 | ov_074 | 1.0767624881371192 × 10^342 |
| 73 | ov_073 | 1.2268338591976195 × 10^342 |
| 72 | ov_072 | 1.3908032717556878 × 10^342 |
| 71 | ov_071 | 1.5694713651362765 × 10^342 |
| 70 | ov_070 | 1.7636918773692736 × 10^342 |
| 69 | ov_069 | 1.9743792744981833 × 10^342 |
| 68 | ov_068 | 2.2025168358564007 × 10^342 |
| 67 | ov_067 | 2.449165222306214 × 10^342 |
| 66 | ov_066 | 2.4491892067626587 × 10^342 |
| 65 | ov_065 | 2.4492638420826613 × 10^342 |
| 62 | ov_062 | 4.623140995552572 × 10^342 |
| 61 | ov_061 | 1.6720314098086107 × 10^343 |
| 60 | ov_060 | 4.750176088277857 × 10^343 |
| 59 | ov_059 | 1.1380634652947272 × 10^344 |
| 58 | ov_058 | 2.3997868255232452 × 10^344 |
| 57 | ov_057 | 4.5811637896251053 × 10^344 |
| 56 | ov_056 | 8.080720302559559 × 10^344 |
| 55 | ov_055 | 1.3374583935013465 × 10^345 |
| 54 | ov_054 | 2.101659510386074 × 10^345 |
| 53 | ov_053 | 3.1638513709625765 × 10^345 |
| 52 | ov_052 | 4.595036276805608 × 10^345 |
| 51 | ov_051 | 6.474095277135549 × 10^345 |
| 50 | ov_050 | 8.887863088267343 × 10^345 |
| 49 | ov_049 | 1.1931229907238503 × 10^346 |
| 48 | ov_048 | 1.5707274531557643 × 10^346 |
| 32 | lv_80_m31 | 1.8958938234086934 × 10^346 |
| 47 | ov_047 | 2.032743319944541 × 10^346 |
| 46 | ov_046 | 2.591170856956239 × 10^346 |
| 45 | ov_045 | 3.258892326701368 × 10^346 |
| 44 | ov_044 | 4.049702243486098 × 10^346 |
| 43 | ov_043 | 4.971213552754456 × 10^346 |
| 42 | ov_042 | 6.031544926446659 × 10^346 |
| 41 | ov_041 | 7.239346203542697 × 10^346 |
| 40 | ov_040 | 8.603827298217463 × 10^346 |
| 31 | ov_031 | 9.690403957327632 × 10^346 |
| 39 | ov_039 | 1.0134790809823352 × 10^347 |
| 38 | ov_038 | 1.184266857390975 × 10^347 |
| 37 | ov_037 | 1.3738562399716464 × 10^347 |
| 36 | ov_036 | 1.58453910564807 × 10^347 |
| 35 | ov_035 | 1.818755349401577 × 10^347 |
| 34 | ov_034 | 2.0791033576442932 × 10^347 |
| 33 | ov_033 | 2.3683515054091455 × 10^347 |
| 30 | ov_030 | 4.9531092942656207 × 10^347 |
| 29 | ov_029 | 1.7997313550122294 × 10^348 |
| 28 | ov_028 | 5.137114505108593 × 10^348 |
| 27 | ov_027 | 1.2364107671454012 × 10^349 |
| 26 | ov_026 | 2.6179866780831573 × 10^349 |
| 25 | ov_025 | 5.015498768520214 × 10^349 |
| 24 | ov_024 | 8.873153182339202 × 10^349 |
| 23 | ov_023 | 1.447842030540134 × 10^350 |
| 22 | ov_022 | 2.216236469291939 × 10^350 |
| 21 | ov_021 | 3.263073858845881 × 10^350 |
| 20 | ov_020 | 4.6676594189949585 × 10^350 |
| 19 | ov_019 | 6.518042858961548 × 10^350 |
| 18 | ov_018 | 8.911041978320057 × 10^350 |
| 17 | ov_017 | 1.195227887367071 × 10^351 |
| 16 | ov_016 | 1.57562328712989 × 10^351 |
| 15 | ov_015 | 2.0446314928816484 × 10^351 |
| 14 | ov_014 | 2.61549688738299 × 10^351 |
| 13 | ov_013 | 3.302380547628847 × 10^351 |
| 12 | ov_012 | 4.1203775984957323 × 10^351 |
| 11 | ov_011 | 5.085539239940809 × 10^351 |
| 10 | ov_010 | 6.21490023993553 × 10^351 |
| 9 | ov_009 | 7.517745671581968 × 10^351 |
| 8 | ov_008 | 9.003901067512314 × 10^351 |
| 7 | ov_007 | 1.0683759267241306 × 10^352 |
| 6 | ov_006 | 1.256831212629351 × 10^352 |
| 5 | ov_005 | 1.4669187458499156 × 10^352 |
| 4 | ov_004 | 1.699869153646314 × 10^352 |
| 3 | ov_003 | 1.9582163769098057 × 10^352 |
| 2 | ov_002 | 2.244645197083572 × 10^352 |
| 1 | ov_001 | 2.5620028383513205 × 10^352 |

