# Results for F001-F002-F003-F004-F005-F006-F007-F008-F009-F010-F011-F012-F013-F014-F015-F016-F017-F018-F019-F020-F021-F022-F023-F024-F025-F026-F027-F028-F029-F030-F031-F032-F033-F034-F035-F036-F037-F038-F039-F040-F041-F042-F043-F044-F045-F046-F047-F048-F049-F050-F051-F052-F053-F054-F055-F056-F057-F058-F059-F060-F061-F062-F063-F064-F065-F066-F067-F068-F069-F070-F071-F072-F073-F074-F075-F076-F077-F078-F079-F080-F081-F082-F083-F084-F085-F086-F087-F088-F089-F090-F091-F092-F093-F094-F095-F096-F097-F098-F099-F100-F101-F102-F103-F104-F105-F106-F107-F108-F109-F110-F111-F112-F113-F114-F115-F116-F117-F118-F119-F120-F121-F122-F123-F124-F125-F126-F127-F128-F129-F130-F131-F132-F133-F134-F135-F136-F137-F138-F139-F140-F141-F142-F143-F144-F145-F146-F147-F148-F149-F150-F151-F152-F153-F154-F155-F156-F157-F158-F159-F160-F161-F162-F163-F164-F165-F166-F167-F168-F169-F170-F171-F172-F173-F174-F175-F176-F177-F178-F179-F180-F181-F182-F183-F184-F185-F186-F187-F188-F189-F190-F191-F192-F193-F194-F195-F196-F197-F198-F199-F200-F201-F202-F203-F204-F205-F206-F207-F208-F209-F210-F211-F212-F213-F214-F215-F216-F217-F218-F219-F220-F221-F222-F223-F224-F225-F226-F227-F228-F229-F230-F231-F232-F233-F234-F235-F236-F237-F238-F239-F240-F241-F242-F243-F244-F245-F246-F247-F248-F249-F250-F251-F252-F253-F254-F255-F256-F257-F258-F259-F260-F261-F262-F263-F264-F265-F266-F267-F268-F269-F270-F271-F272-F273-F274-F275-F276-F277-F278-F279-F280-F281-F282-F283-F284-F285-F286-F287-F288-F289-F290-F291-F292-F293-F294-F295-F296-F297-F298-F299-F300-F301-F302-F303-F304-F305-F306-F307-F308-F309-F310-F311-F312-F313-F314-F315-F316-F317-F318-F319-F320-F321-F322-F323-F324-F325-F326-F327-F328-F329-F330-F331-F332-F333-F334-F335-F336-F337-F338-F339-F340-F341-F342-F343-F344-F345-F346-F347-F348-F349-F350-F351-F352-F353-F354-F355-F356-F357-F358-F359-F360-F361-F362-F363-F364-F365-F366-F367-F368-F369-F370-F371-F372-F373-F374-F375-F376-F377-F378-F379-F380-F381-F382-F383-F384-F385-F386-F387-F388-F389-F390-F391-F392-F393-F394-F395-F396-F397-F398-F399-F400-F401-F402-F403-F404-F405-F406-F407-F408-F409-F410-F411-F412-F413-F414-F415-F416-F417-F418-F419-F420-F421-F422-F423-F424-F425-F426-F427-F428-F429-F430-F431-F432-F433-F434-F435-F436-F437-F438-F439-F440-F441-F442-F443-F444-F445-F446-F447-F448-F449-F450-F451-F452-F453-F454-F455-F456-F457-F458-F459-F460-F461-F462-F463-F464-F465-F466-F467-F468-F469-F470-F471-F472-F473-F474-F475-F476-F477-F478-F479-F480-F481-F482-F483-F484-F485-F486-F487-F488-F489-F490-F491-F492-F493-F494-F495-F496-O498506-F500-F508-F509-F510-F511-F512

## Summary

Number of input bits: 512  
Number of free input bits: 9  
Number of output bits: 160

Number of direct occurrences: 35818  
Number of assignments: 30697  
Number of operations: 10696445
(xor: 10668595,
and: 14738,
or: 13112)

Total complexity: 8.680734697773766 × 10^295

Least occurring input variable: iv_502 (3840)  
Most occurring input variable: iv_498 (4197)

Most co-occurring input variables: iv_497-iv_503 (1950)  
Least co-occurring input variables: iv_502-iv_505 (1740)

Potentially most occurring input variable: iv_497/iv_498 (4532)  
Potentially least occurring input variable: iv_497/iv_503 (4086)

Least output occurring input variable: iv_498 (73)  
Most output occurring input variable: iv_501 (86)

Most output co-occurring input variables: iv_501-iv_502 (46)  
Least output co-occurring input variables: iv_498-iv_504 (31)

Potentially most output occurring input variable: iv_505/iv_507 (97)  
Potentially least output occurring input variable: iv_498/iv_499 (68)

Least complex input bit: iv_497 (5.350220822601079 × 10^293)  
Most complex input bit: iv_505 (2.6093504928029767 × 10^295)

Least complex output bit: aaa_76_29 (7.450677412107444 × 10^270)  
Most complex output bit: ov_001 (1.4008661550159752 × 10^295)

Least complex input/output complexity: iv_497/aaa_76_29 (4.592096270718165 × 10^268)  
Most complex input/output complexity: iv_505/ov_001 (4.210877211671242 × 10^294)

## Input Bits

### Input Bits in Regular Order

| Input Bit | Complexity | Occurrences | Output Occurrences |
|:---------:|:----------:|:-----------:|:------------------:|
| iv_497 | 5.350220822601079 × 10^293 | 3995 | 79 |
| iv_498 | 5.90738766300748 × 10^294 | 4197 | 73 |
| iv_499 | 1.8767201023065915 × 10^294 | 3888 | 81 |
| iv_501 | 5.1478807730354776 × 10^294 | 4016 | 86 |
| iv_502 | 8.26807078346794 × 10^294 | 3840 | 82 |
| iv_503 | 1.3061611179061453 × 10^295 | 3991 | 75 |
| iv_504 | 2.0261789857582112 × 10^295 | 3883 | 78 |
| iv_505 | 2.6093504928029767 × 10^295 | 3910 | 82 |
| iv_507 | 5.655359608986832 × 10^294 | 4098 | 81 |

### Input Bits Sorted by Complexity

| Input Bit | Complexity | Occurrences | Output Occurrences |
|:---------:|:----------:|:-----------:|:------------------:|
| iv_497 | 5.350220822601079 × 10^293 | 3995 | 79 |
| iv_499 | 1.8767201023065915 × 10^294 | 3888 | 81 |
| iv_501 | 5.1478807730354776 × 10^294 | 4016 | 86 |
| iv_507 | 5.655359608986832 × 10^294 | 4098 | 81 |
| iv_498 | 5.90738766300748 × 10^294 | 4197 | 73 |
| iv_502 | 8.26807078346794 × 10^294 | 3840 | 82 |
| iv_503 | 1.3061611179061453 × 10^295 | 3991 | 75 |
| iv_504 | 2.0261789857582112 × 10^295 | 3883 | 78 |
| iv_505 | 2.6093504928029767 × 10^295 | 3910 | 82 |

### Input Bits Sorted by Occurrences

| Input Bit | Complexity | Occurrences | Output Occurrences |
|:---------:|:----------:|:-----------:|:------------------:|
| iv_502 | 8.26807078346794 × 10^294 | 3840 | 82 |
| iv_504 | 2.0261789857582112 × 10^295 | 3883 | 78 |
| iv_499 | 1.8767201023065915 × 10^294 | 3888 | 81 |
| iv_505 | 2.6093504928029767 × 10^295 | 3910 | 82 |
| iv_503 | 1.3061611179061453 × 10^295 | 3991 | 75 |
| iv_497 | 5.350220822601079 × 10^293 | 3995 | 79 |
| iv_501 | 5.1478807730354776 × 10^294 | 4016 | 86 |
| iv_507 | 5.655359608986832 × 10^294 | 4098 | 81 |
| iv_498 | 5.90738766300748 × 10^294 | 4197 | 73 |

### Input Bits Sorted by Output Occurrences

| Input Bit | Complexity | Occurrences | Output Occurrences |
|:---------:|:----------:|:-----------:|:------------------:|
| iv_498 | 5.90738766300748 × 10^294 | 4197 | 73 |
| iv_503 | 1.3061611179061453 × 10^295 | 3991 | 75 |
| iv_504 | 2.0261789857582112 × 10^295 | 3883 | 78 |
| iv_497 | 5.350220822601079 × 10^293 | 3995 | 79 |
| iv_499 | 1.8767201023065915 × 10^294 | 3888 | 81 |
| iv_507 | 5.655359608986832 × 10^294 | 4098 | 81 |
| iv_502 | 8.26807078346794 × 10^294 | 3840 | 82 |
| iv_505 | 2.6093504928029767 × 10^295 | 3910 | 82 |
| iv_501 | 5.1478807730354776 × 10^294 | 4016 | 86 |

## Input Bit Co-occurrences

### Input Bit Co-occurrences Sorted by Co-occurrences

| Input Bits | Co-occurrences | Potential Occurrences | Output Co-occurrences | Potential Output Occurrences |
|:----------:|:--------------:|:---------------------:|:---------------------:|:----------------------------:|
| iv_497-iv_503 | 1950 | 4086 | 38 | 78 |
| iv_503-iv_507 | 1940 | 4209 | 40 | 76 |
| iv_501-iv_507 | 1935 | 4244 | 41 | 85 |
| iv_498-iv_507 | 1910 | 4475 | 38 | 78 |
| iv_501-iv_503 | 1903 | 4201 | 37 | 87 |
| iv_498-iv_503 | 1903 | 4382 | 36 | 76 |
| iv_501-iv_504 | 1899 | 4101 | 43 | 78 |
| iv_497-iv_505 | 1896 | 4113 | 44 | 73 |
| iv_498-iv_501 | 1885 | 4443 | 32 | 95 |

### Input Bit Co-occurrences Sorted by Potential Occurrences

| Input Bits | Co-occurrences | Potential Occurrences | Output Co-occurrences | Potential Output Occurrences |
|:----------:|:--------------:|:---------------------:|:---------------------:|:----------------------------:|
| iv_497-iv_503 | 1950 | 4086 | 38 | 78 |
| iv_501-iv_504 | 1899 | 4101 | 43 | 78 |
| iv_499-iv_505 | 1844 | 4110 | 37 | 89 |
| iv_497-iv_505 | 1896 | 4113 | 44 | 73 |
| iv_499-iv_504 | 1828 | 4115 | 38 | 83 |
| iv_504-iv_505 | 1817 | 4159 | 37 | 86 |
| iv_497-iv_499 | 1861 | 4161 | 40 | 80 |
| iv_502-iv_504 | 1767 | 4189 | 42 | 76 |
| iv_503-iv_504 | 1839 | 4196 | 35 | 83 |

### Input Bit Output Co-occurrences Sorted by Output Co-occurrences

| Input Bits | Co-occurrences | Potential Occurrences | Output Co-occurrences | Potential Output Occurrences |
|:----------:|:--------------:|:---------------------:|:---------------------:|:----------------------------:|
| iv_501-iv_502 | 1804 | 4248 | 46 | 76 |
| iv_499-iv_501 | 1852 | 4200 | 45 | 77 |
| iv_501-iv_505 | 1834 | 4258 | 45 | 78 |
| iv_497-iv_505 | 1896 | 4113 | 44 | 73 |
| iv_501-iv_504 | 1899 | 4101 | 43 | 78 |
| iv_498-iv_499 | 1868 | 4349 | 43 | 68 |
| iv_502-iv_504 | 1767 | 4189 | 42 | 76 |
| iv_499-iv_507 | 1883 | 4220 | 42 | 78 |
| iv_501-iv_507 | 1935 | 4244 | 41 | 85 |

### Input Bit Output Co-occurrences Sorted by Potential Output Occurrences

| Input Bits | Co-occurrences | Potential Occurrences | Output Co-occurrences | Potential Output Occurrences |
|:----------:|:--------------:|:---------------------:|:---------------------:|:----------------------------:|
| iv_498-iv_499 | 1868 | 4349 | 43 | 68 |
| iv_497-iv_505 | 1896 | 4113 | 44 | 73 |
| iv_497-iv_498 | 1830 | 4532 | 39 | 74 |
| iv_502-iv_503 | 1777 | 4277 | 41 | 75 |
| iv_502-iv_504 | 1767 | 4189 | 42 | 76 |
| iv_501-iv_502 | 1804 | 4248 | 46 | 76 |
| iv_498-iv_503 | 1903 | 4382 | 36 | 76 |
| iv_503-iv_507 | 1940 | 4209 | 40 | 76 |
| iv_499-iv_501 | 1852 | 4200 | 45 | 77 |

## Output Bits

### Output Bits in Regular Order

| Rank | Output Bit | Complexity |
|:----:|:----------:|:----------:|
| 1 | ov_001 | 1.4008661550159752 × 10^295 |
| 2 | ov_002 | 1.2130230520265297 × 10^295 |
| 3 | ov_003 | 1.0449439658407099 × 10^295 |
| 4 | ov_004 | 8.95119605917795 × 10^294 |
| 5 | ov_005 | 7.621232439514463 × 10^294 |
| 6 | ov_006 | 6.446048095409413 × 10^294 |
| 7 | ov_007 | 5.41285746548125 × 10^294 |
| 8 | ov_008 | 4.509545827997998 × 10^294 |
| 9 | ov_009 | 3.724631543057993 × 10^294 |
| 10 | ov_010 | 3.0472341435514064 × 10^294 |
| 11 | ov_011 | 2.467047609426984 × 10^294 |
| 12 | ov_012 | 1.974318278000769 × 10^294 |
| 13 | ov_013 | 1.5598268824468583 × 10^294 |
| 14 | ov_014 | 1.2148741713742681 × 10^294 |
| 15 | ov_015 | 9.31269561790984 × 10^293 |
| 16 | ov_016 | 7.013223158945887 × 10^293 |
| 17 | ov_017 | 5.178347700461401 × 10^293 |
| 18 | ov_018 | 3.740971820421551 × 10^293 |
| 19 | ov_019 | 2.6388382051601027 × 10^293 |
| 20 | ov_020 | 1.8145001573858656 × 10^293 |
| 21 | ov_021 | 1.2152997944929785 × 10^293 |
| 22 | ov_022 | 7.933524251257894 × 10^292 |
| 23 | ov_023 | 5.05535779317085 × 10^292 |
| 24 | ov_024 | 3.134829548194444 × 10^292 |
| 25 | ov_025 | 1.835781295179985 × 10^292 |
| 26 | ov_026 | 1.0020077255506693 × 10^292 |
| 27 | ov_027 | 5.010435001999821 × 10^291 |
| 28 | ov_028 | 2.241601677052463 × 10^291 |
| 29 | ov_029 | 8.63651484579717 × 10^290 |
| 30 | ov_030 | 2.6401466942576118 × 10^290 |
| 31 | ov_031 | 5.149792770260293 × 10^289 |
| 32 | lv_80_m31 | 1.0043855679994902 × 10^289 |
| 33 | ov_033 | 1.2078984362757356 × 10^290 |
| 34 | ov_034 | 1.0481085469901735 × 10^290 |
| 35 | ov_035 | 9.052837972480673 × 10^289 |
| 36 | ov_036 | 7.779544105108594 × 10^289 |
| 37 | ov_037 | 6.647293607100662 × 10^289 |
| 38 | ov_038 | 5.642908039033137 × 10^289 |
| 39 | ov_039 | 4.753892812985741 × 10^289 |
| 40 | ov_040 | 3.968396185910969 × 10^289 |
| 41 | ov_041 | 3.280648284047822 × 10^289 |
| 42 | ov_042 | 2.68517532886521 × 10^289 |
| 43 | ov_043 | 2.1767863640293825 × 10^289 |
| 44 | ov_044 | 1.7459061610507113 × 10^289 |
| 45 | ov_045 | 1.3834782210793263 × 10^289 |
| 46 | ov_046 | 1.0809519552802808 × 10^289 |
| 47 | ov_047 | 8.34177132582814 × 10^288 |
| 48 | ov_048 | 6.355871795194823 × 10^288 |
| 49 | ov_049 | 4.7809785466591654 × 10^288 |
| 50 | ov_050 | 3.5510295128992384 × 10^288 |
| 51 | ov_051 | 2.6047116751866673 × 10^288 |
| 52 | ov_052 | 1.885438425383796 × 10^288 |
| 53 | ov_053 | 1.3413333583417551 × 10^288 |
| 54 | ov_054 | 9.25218985782 × 10^287 |
| 55 | ov_055 | 6.146801506238493 × 10^287 |
| 56 | ov_056 | 3.89645910522045 × 10^287 |
| 57 | ov_057 | 2.3238773227371637 × 10^287 |
| 58 | ov_058 | 1.2751846863901716 × 10^287 |
| 59 | ov_059 | 6.199183027488016 × 10^286 |
| 60 | ov_060 | 2.5102147916305546 × 10^286 |
| 61 | ov_061 | 8.484287246441893 × 10^285 |
| 62 | ov_062 | 2.2711604148804786 × 10^285 |
| 63 | ov_063 | 5.019786684991696 × 10^284 |
| 64 | lv_79_m31 | 9.773176178169076 × 10^283 |
| 65 | ov_065 | 1.1533125416266094 × 10^285 |
| 66 | ov_066 | 1.1533096362024344 × 10^285 |
| 67 | ov_067 | 1.1533089552497115 × 10^285 |
| 68 | ov_068 | 9.949546792096337 × 10^284 |
| 69 | ov_069 | 8.536538821524715 × 10^284 |
| 70 | ov_070 | 7.280994295413784 × 10^284 |
| 71 | ov_071 | 6.170478083195303 × 10^284 |
| 72 | ov_072 | 5.193160464853186 × 10^284 |
| 73 | ov_073 | 4.337791870250436 × 10^284 |
| 74 | ov_074 | 3.593681122117915 × 10^284 |
| 75 | ov_075 | 2.9506759976127976 × 10^284 |
| 76 | ov_076 | 2.3991457328230454 × 10^284 |
| 77 | ov_077 | 1.9299653612074916 × 10^284 |
| 78 | ov_078 | 1.5345017792187767 × 10^284 |
| 79 | ov_079 | 1.2046014341062389 × 10^284 |
| 80 | ov_080 | 9.32579530227976 × 10^283 |
| 81 | ov_081 | 7.11210651198331 × 10^283 |
| 82 | ov_082 | 5.337206959338429 × 10^283 |
| 83 | ov_083 | 3.9378002720061183 × 10^283 |
| 84 | ov_084 | 2.8549773165764716 × 10^283 |
| 85 | ov_085 | 2.0341689066877796 × 10^283 |
| 86 | ov_086 | 1.4251076134632286 × 10^283 |
| 87 | ov_087 | 9.817976741466082 × 10^282 |
| 88 | ov_088 | 6.624919955921858 × 10^282 |
| 89 | ov_089 | 4.2967524970853455 × 10^282 |
| 90 | ov_090 | 2.6564595005537 × 10^282 |
| 91 | ov_091 | 1.5481020476489588 × 10^282 |
| 92 | ov_092 | 8.367874864231111 × 10^281 |
| 93 | ov_093 | 4.086527523855555 × 10^281 |
| 94 | ov_094 | 1.7085617529637513 × 10^281 |
| 95 | aaa_78_28 | 5.157413536690842 × 10^280 |
| 96 | aaa_78_29 | 1.5289909786363326 × 10^280 |
| 97 | ov_097 | 9.01059852426782 × 10^279 |
| 98 | ov_098 | 9.010433888066566 × 10^279 |
| 99 | ov_099 | 9.010381360291828 × 10^279 |
| 100 | ov_100 | 7.376618133999202 × 10^279 |
| 101 | ov_101 | 6.039772842975877 × 10^279 |
| 102 | ov_102 | 4.959257782485619 × 10^279 |
| 103 | ov_103 | 4.096691777284361 × 10^279 |
| 104 | ov_104 | 3.4157390539352496 × 10^279 |
| 105 | ov_105 | 2.881969669325132 × 10^279 |
| 106 | ov_106 | 2.4627394842295195 × 10^279 |
| 107 | ov_107 | 2.1270877720193043 × 10^279 |
| 108 | ov_108 | 1.8456506506273364 × 10^279 |
| 109 | ov_109 | 1.5905886214149496 × 10^279 |
| 110 | ov_110 | 1.3604863012340963 × 10^279 |
| 111 | ov_111 | 1.153967815851028 × 10^279 |
| 112 | ov_112 | 9.696886342349182 × 10^278 |
| 113 | ov_113 | 8.06328661387282 × 10^278 |
| 114 | ov_114 | 6.625864998374892 × 10^278 |
| 115 | ov_115 | 5.371747900999931 × 10^278 |
| 116 | ov_116 | 4.28816540503624 × 10^278 |
| 117 | ov_117 | 3.362423568859846 × 10^278 |
| 118 | ov_118 | 2.581883981682915 × 10^278 |
| 119 | ov_119 | 1.9339481050061944 × 10^278 |
| 120 | ov_120 | 1.4060449957262265 × 10^278 |
| 121 | ov_121 | 9.856219640654734 × 10^277 |
| 122 | ov_122 | 6.601377195556183 × 10^277 |
| 123 | ov_123 | 4.170575583275447 × 10^277 |
| 124 | ov_124 | 2.4385014496074404 × 10^277 |
| 125 | ov_125 | 1.2798555035231887 × 10^277 |
| 126 | ov_126 | 5.693428965190127 × 10^276 |
| 127 | aaa_77_28 | 1.8166986138654432 × 10^276 |
| 128 | aaa_77_29 | 6.803196552972679 × 10^275 |
| 129 | ov_129 | 6.222069584217733 × 10^275 |
| 130 | ov_130 | 6.2220550967073904 × 10^275 |
| 131 | ov_131 | 6.2220504907012754 × 10^275 |
| 132 | ov_132 | 5.376337308064048 × 10^275 |
| 133 | ov_133 | 4.6206562705201034 × 10^275 |
| 134 | ov_134 | 3.948158791122448 × 10^275 |
| 135 | ov_135 | 3.352352273483179 × 10^275 |
| 136 | ov_136 | 2.8270745260492244 × 10^275 |
| 137 | ov_137 | 2.366472017370345 × 10^275 |
| 138 | ov_138 | 1.964981583708732 × 10^275 |
| 139 | ov_139 | 1.617315219752163 × 10^275 |
| 140 | ov_140 | 1.3184476021238208 × 10^275 |
| 141 | ov_141 | 1.0636060139595721 × 10^275 |
| 142 | ov_142 | 8.482623571521842 × 10^274 |
| 143 | ov_143 | 6.681269570215891 × 10^274 |
| 144 | ov_144 | 5.191438822183556 × 10^274 |
| 145 | ov_145 | 3.974875206423539 × 10^274 |
| 146 | ov_146 | 2.995601700824892 × 10^274 |
| 147 | ov_147 | 2.219904201695484 × 10^274 |
| 148 | ov_148 | 1.6163212009112725 × 10^274 |
| 149 | ov_149 | 1.1556374435183476 × 10^274 |
| 150 | ov_150 | 8.108799507268564 × 10^273 |
| 151 | ov_151 | 5.573152847815274 × 10^273 |
| 152 | ov_152 | 3.724475248090986 × 10^273 |
| 153 | ov_153 | 2.3601678073976245 × 10^273 |
| 154 | ov_154 | 1.3845196032925698 × 10^273 |
| 155 | ov_155 | 7.129925677265259 × 10^272 |
| 156 | aaa_76_25 | 2.72219033752402 × 10^272 |
| 157 | aaa_76_26 | 1.5469529749150813 × 10^272 |
| 158 | aaa_76_27 | 7.703451789039744 × 10^271 |
| 159 | aaa_76_28 | 2.8068950823260053 × 10^271 |
| 160 | aaa_76_29 | 7.450677412107444 × 10^270 |

### Output Bits Sorted by Complexity

| Rank | Output Bit | Complexity |
|:----:|:----------:|:----------:|
| 160 | aaa_76_29 | 7.450677412107444 × 10^270 |
| 159 | aaa_76_28 | 2.8068950823260053 × 10^271 |
| 158 | aaa_76_27 | 7.703451789039744 × 10^271 |
| 157 | aaa_76_26 | 1.5469529749150813 × 10^272 |
| 156 | aaa_76_25 | 2.72219033752402 × 10^272 |
| 155 | ov_155 | 7.129925677265259 × 10^272 |
| 154 | ov_154 | 1.3845196032925698 × 10^273 |
| 153 | ov_153 | 2.3601678073976245 × 10^273 |
| 152 | ov_152 | 3.724475248090986 × 10^273 |
| 151 | ov_151 | 5.573152847815274 × 10^273 |
| 150 | ov_150 | 8.108799507268564 × 10^273 |
| 149 | ov_149 | 1.1556374435183476 × 10^274 |
| 148 | ov_148 | 1.6163212009112725 × 10^274 |
| 147 | ov_147 | 2.219904201695484 × 10^274 |
| 146 | ov_146 | 2.995601700824892 × 10^274 |
| 145 | ov_145 | 3.974875206423539 × 10^274 |
| 144 | ov_144 | 5.191438822183556 × 10^274 |
| 143 | ov_143 | 6.681269570215891 × 10^274 |
| 142 | ov_142 | 8.482623571521842 × 10^274 |
| 141 | ov_141 | 1.0636060139595721 × 10^275 |
| 140 | ov_140 | 1.3184476021238208 × 10^275 |
| 139 | ov_139 | 1.617315219752163 × 10^275 |
| 138 | ov_138 | 1.964981583708732 × 10^275 |
| 137 | ov_137 | 2.366472017370345 × 10^275 |
| 136 | ov_136 | 2.8270745260492244 × 10^275 |
| 135 | ov_135 | 3.352352273483179 × 10^275 |
| 134 | ov_134 | 3.948158791122448 × 10^275 |
| 133 | ov_133 | 4.6206562705201034 × 10^275 |
| 132 | ov_132 | 5.376337308064048 × 10^275 |
| 131 | ov_131 | 6.2220504907012754 × 10^275 |
| 130 | ov_130 | 6.2220550967073904 × 10^275 |
| 129 | ov_129 | 6.222069584217733 × 10^275 |
| 128 | aaa_77_29 | 6.803196552972679 × 10^275 |
| 127 | aaa_77_28 | 1.8166986138654432 × 10^276 |
| 126 | ov_126 | 5.693428965190127 × 10^276 |
| 125 | ov_125 | 1.2798555035231887 × 10^277 |
| 124 | ov_124 | 2.4385014496074404 × 10^277 |
| 123 | ov_123 | 4.170575583275447 × 10^277 |
| 122 | ov_122 | 6.601377195556183 × 10^277 |
| 121 | ov_121 | 9.856219640654734 × 10^277 |
| 120 | ov_120 | 1.4060449957262265 × 10^278 |
| 119 | ov_119 | 1.9339481050061944 × 10^278 |
| 118 | ov_118 | 2.581883981682915 × 10^278 |
| 117 | ov_117 | 3.362423568859846 × 10^278 |
| 116 | ov_116 | 4.28816540503624 × 10^278 |
| 115 | ov_115 | 5.371747900999931 × 10^278 |
| 114 | ov_114 | 6.625864998374892 × 10^278 |
| 113 | ov_113 | 8.06328661387282 × 10^278 |
| 112 | ov_112 | 9.696886342349182 × 10^278 |
| 111 | ov_111 | 1.153967815851028 × 10^279 |
| 110 | ov_110 | 1.3604863012340963 × 10^279 |
| 109 | ov_109 | 1.5905886214149496 × 10^279 |
| 108 | ov_108 | 1.8456506506273364 × 10^279 |
| 107 | ov_107 | 2.1270877720193043 × 10^279 |
| 106 | ov_106 | 2.4627394842295195 × 10^279 |
| 105 | ov_105 | 2.881969669325132 × 10^279 |
| 104 | ov_104 | 3.4157390539352496 × 10^279 |
| 103 | ov_103 | 4.096691777284361 × 10^279 |
| 102 | ov_102 | 4.959257782485619 × 10^279 |
| 101 | ov_101 | 6.039772842975877 × 10^279 |
| 100 | ov_100 | 7.376618133999202 × 10^279 |
| 99 | ov_099 | 9.010381360291828 × 10^279 |
| 98 | ov_098 | 9.010433888066566 × 10^279 |
| 97 | ov_097 | 9.01059852426782 × 10^279 |
| 96 | aaa_78_29 | 1.5289909786363326 × 10^280 |
| 95 | aaa_78_28 | 5.157413536690842 × 10^280 |
| 94 | ov_094 | 1.7085617529637513 × 10^281 |
| 93 | ov_093 | 4.086527523855555 × 10^281 |
| 92 | ov_092 | 8.367874864231111 × 10^281 |
| 91 | ov_091 | 1.5481020476489588 × 10^282 |
| 90 | ov_090 | 2.6564595005537 × 10^282 |
| 89 | ov_089 | 4.2967524970853455 × 10^282 |
| 88 | ov_088 | 6.624919955921858 × 10^282 |
| 87 | ov_087 | 9.817976741466082 × 10^282 |
| 86 | ov_086 | 1.4251076134632286 × 10^283 |
| 85 | ov_085 | 2.0341689066877796 × 10^283 |
| 84 | ov_084 | 2.8549773165764716 × 10^283 |
| 83 | ov_083 | 3.9378002720061183 × 10^283 |
| 82 | ov_082 | 5.337206959338429 × 10^283 |
| 81 | ov_081 | 7.11210651198331 × 10^283 |
| 80 | ov_080 | 9.32579530227976 × 10^283 |
| 64 | lv_79_m31 | 9.773176178169076 × 10^283 |
| 79 | ov_079 | 1.2046014341062389 × 10^284 |
| 78 | ov_078 | 1.5345017792187767 × 10^284 |
| 77 | ov_077 | 1.9299653612074916 × 10^284 |
| 76 | ov_076 | 2.3991457328230454 × 10^284 |
| 75 | ov_075 | 2.9506759976127976 × 10^284 |
| 74 | ov_074 | 3.593681122117915 × 10^284 |
| 73 | ov_073 | 4.337791870250436 × 10^284 |
| 63 | ov_063 | 5.019786684991696 × 10^284 |
| 72 | ov_072 | 5.193160464853186 × 10^284 |
| 71 | ov_071 | 6.170478083195303 × 10^284 |
| 70 | ov_070 | 7.280994295413784 × 10^284 |
| 69 | ov_069 | 8.536538821524715 × 10^284 |
| 68 | ov_068 | 9.949546792096337 × 10^284 |
| 67 | ov_067 | 1.1533089552497115 × 10^285 |
| 66 | ov_066 | 1.1533096362024344 × 10^285 |
| 65 | ov_065 | 1.1533125416266094 × 10^285 |
| 62 | ov_062 | 2.2711604148804786 × 10^285 |
| 61 | ov_061 | 8.484287246441893 × 10^285 |
| 60 | ov_060 | 2.5102147916305546 × 10^286 |
| 59 | ov_059 | 6.199183027488016 × 10^286 |
| 58 | ov_058 | 1.2751846863901716 × 10^287 |
| 57 | ov_057 | 2.3238773227371637 × 10^287 |
| 56 | ov_056 | 3.89645910522045 × 10^287 |
| 55 | ov_055 | 6.146801506238493 × 10^287 |
| 54 | ov_054 | 9.25218985782 × 10^287 |
| 53 | ov_053 | 1.3413333583417551 × 10^288 |
| 52 | ov_052 | 1.885438425383796 × 10^288 |
| 51 | ov_051 | 2.6047116751866673 × 10^288 |
| 50 | ov_050 | 3.5510295128992384 × 10^288 |
| 49 | ov_049 | 4.7809785466591654 × 10^288 |
| 48 | ov_048 | 6.355871795194823 × 10^288 |
| 47 | ov_047 | 8.34177132582814 × 10^288 |
| 32 | lv_80_m31 | 1.0043855679994902 × 10^289 |
| 46 | ov_046 | 1.0809519552802808 × 10^289 |
| 45 | ov_045 | 1.3834782210793263 × 10^289 |
| 44 | ov_044 | 1.7459061610507113 × 10^289 |
| 43 | ov_043 | 2.1767863640293825 × 10^289 |
| 42 | ov_042 | 2.68517532886521 × 10^289 |
| 41 | ov_041 | 3.280648284047822 × 10^289 |
| 40 | ov_040 | 3.968396185910969 × 10^289 |
| 39 | ov_039 | 4.753892812985741 × 10^289 |
| 31 | ov_031 | 5.149792770260293 × 10^289 |
| 38 | ov_038 | 5.642908039033137 × 10^289 |
| 37 | ov_037 | 6.647293607100662 × 10^289 |
| 36 | ov_036 | 7.779544105108594 × 10^289 |
| 35 | ov_035 | 9.052837972480673 × 10^289 |
| 34 | ov_034 | 1.0481085469901735 × 10^290 |
| 33 | ov_033 | 1.2078984362757356 × 10^290 |
| 30 | ov_030 | 2.6401466942576118 × 10^290 |
| 29 | ov_029 | 8.63651484579717 × 10^290 |
| 28 | ov_028 | 2.241601677052463 × 10^291 |
| 27 | ov_027 | 5.010435001999821 × 10^291 |
| 26 | ov_026 | 1.0020077255506693 × 10^292 |
| 25 | ov_025 | 1.835781295179985 × 10^292 |
| 24 | ov_024 | 3.134829548194444 × 10^292 |
| 23 | ov_023 | 5.05535779317085 × 10^292 |
| 22 | ov_022 | 7.933524251257894 × 10^292 |
| 21 | ov_021 | 1.2152997944929785 × 10^293 |
| 20 | ov_020 | 1.8145001573858656 × 10^293 |
| 19 | ov_019 | 2.6388382051601027 × 10^293 |
| 18 | ov_018 | 3.740971820421551 × 10^293 |
| 17 | ov_017 | 5.178347700461401 × 10^293 |
| 16 | ov_016 | 7.013223158945887 × 10^293 |
| 15 | ov_015 | 9.31269561790984 × 10^293 |
| 14 | ov_014 | 1.2148741713742681 × 10^294 |
| 13 | ov_013 | 1.5598268824468583 × 10^294 |
| 12 | ov_012 | 1.974318278000769 × 10^294 |
| 11 | ov_011 | 2.467047609426984 × 10^294 |
| 10 | ov_010 | 3.0472341435514064 × 10^294 |
| 9 | ov_009 | 3.724631543057993 × 10^294 |
| 8 | ov_008 | 4.509545827997998 × 10^294 |
| 7 | ov_007 | 5.41285746548125 × 10^294 |
| 6 | ov_006 | 6.446048095409413 × 10^294 |
| 5 | ov_005 | 7.621232439514463 × 10^294 |
| 4 | ov_004 | 8.95119605917795 × 10^294 |
| 3 | ov_003 | 1.0449439658407099 × 10^295 |
| 2 | ov_002 | 1.2130230520265297 × 10^295 |
| 1 | ov_001 | 1.4008661550159752 × 10^295 |

