# Results for F001-F002-F003-F004-F005-F006-F007-F008-F009-F010-F011-F012-F013-F014-F015-F016-F017-F018-F019-F020-F021-F022-F023-F024-F025-F026-F027-F028-F029-F030-F031-F032-F033-F034-F035-F036-F037-F038-F039-F040-F041-F042-F043-F044-F045-F046-F047-F048-F049-F050-F051-F052-F053-F054-F055-F056-F057-F058-F059-F060-F061-F062-F063-F064-F065-F066-F067-F068-F069-F070-F071-F072-F073-F074-F075-F076-F077-F078-F079-F080-F081-F082-F083-F084-F085-F086-F087-F088-F089-F090-F091-F092-F093-F094-F095-F096-F097-F098-F099-F100-F101-F102-F103-F104-F105-F106-F107-F108-F109-F110-F111-F112-F113-F114-F115-F116-F117-F118-F119-F120-F121-F122-F123-F124-F125-F126-F127-F128-F129-F130-F131-F132-F133-F134-F135-F136-F137-F138-F139-F140-F141-F142-F143-F144-F145-F146-F147-F148-F149-F150-F151-F152-F153-F154-F155-F156-F157-F158-F159-F160-F161-F162-F163-F164-F165-F166-F167-F168-F169-F170-F171-F172-F173-F174-F175-F176-F177-F178-F179-F180-F181-F182-F183-F184-F185-F186-F187-F188-F189-F190-F191-F192-F193-F194-F195-F196-F197-F198-F199-F200-F201-F202-F203-F204-F205-F206-F207-F208-F209-F210-F211-F212-F213-F214-F215-F216-F217-F218-F219-F220-F221-F222-F223-F224-F225-F226-F227-F228-F229-F230-F231-F232-F233-F234-F235-F236-F237-F238-F239-F240-F241-F242-F243-F244-F245-F246-F247-F248-F249-F250-F251-F252-F253-F254-F255-F256-F257-F258-F259-F260-F261-F262-F263-F264-F265-F266-F267-F268-F269-F270-F271-F272-F273-F274-F275-F276-F277-F278-F279-F280-F281-F282-F283-F284-F285-F286-F287-F288-F289-F290-F291-F292-F293-F294-F295-F296-F297-F298-F299-F300-F301-F302-F303-F304-F305-F306-F307-F308-F309-F310-F311-F312-F313-F314-F315-F316-F317-F318-F319-F320-F321-F322-F323-F324-F325-F326-F327-F328-F329-F330-F331-F332-F333-F334-F335-F336-F337-F338-F339-F340-F341-F342-F343-F344-F345-F346-F347-F348-F349-F350-F351-F352-F353-F354-F355-F356-F357-F358-F359-F360-F361-F362-F363-F364-F365-F366-F367-F368-F369-F370-F371-F372-F373-F374-F375-F376-F377-F378-F379-F380-F381-F382-F383-F384-F385-F386-F387-F388-F389-F390-F391-F392-F393-F394-F395-F396-F397-F398-F399-F400-F401-F402-F403-F404-F405-F406-F407-F408-F409-F410-F411-F412-F413-F414-F415-F416-F417-F418-F419-F420-F421-F422-F423-F424-F425-F426-F427-F428-F429-F430-F431-F432-F433-F434-F435-F436-F437-F438-F439-F440-F441-F442-F443-F444-F445-F446-F447-F448-F449-F450-F451-F452-F453-F454-F455-F456-F457-F458-F459-F460-F461-F462-F463-F464-F465-F466-F467-F468-F469-F470-F471-F472-F473-F474-F475-F476-F477-F478-F479-F480-F481-F482-F483-F484-F485-F486-F487-F488-F489-F490-F491-F492-F493-F494-F495-F496-F500-F503-F508-F509-F510-F511-F512

## Summary

Number of input bits: 512  
Number of free input bits: 9  
Number of output bits: 160

Number of direct occurrences: 35847  
Number of assignments: 30561  
Number of operations: 10659052
(xor: 10631298,
and: 14710,
or: 13044)

Total complexity: 9.252478867185182 × 10^294

Least occurring input variable: iv_504 (3884)  
Most occurring input variable: iv_502 (4119)

Most co-occurring input variables: iv_501-iv_502 (2030)  
Least co-occurring input variables: iv_498-iv_499 (1792)

Potentially most occurring input variable: iv_497/iv_502 (4369)  
Potentially least occurring input variable: iv_501/iv_502 (4070)

Least output occurring input variable: iv_502 (76)  
Most output occurring input variable: iv_506 (93)

Most output co-occurring input variables: iv_498-iv_507 (54)  
Least output co-occurring input variables: iv_497-iv_502 (28)

Potentially most output occurring input variable: iv_497/iv_502 (97)  
Potentially least output occurring input variable: iv_498/iv_507 (61)

Least complex input bit: iv_497 (8.652967309251592 × 10^292)  
Most complex input bit: iv_505 (2.8828897804343432 × 10^294)

Least complex output bit: aaa_76_29 (1.8928740022039395 × 10^270)  
Most complex output bit: ov_001 (1.493288346380927 × 10^294)

Least complex input/output complexity: iv_497/aaa_76_29 (1.7702258061558566 × 10^268)  
Most complex input/output complexity: iv_505/ov_001 (4.652791727297343 × 10^293)

## Input Bits

### Input Bits in Regular Order

| Input Bit | Complexity | Occurrences | Output Occurrences |
|:---------:|:----------:|:-----------:|:------------------:|
| iv_497 | 8.652967309251592 × 10^292 | 3982 | 77 |
| iv_498 | 1.7260999287101067 × 10^293 | 3903 | 88 |
| iv_499 | 3.0352386822780485 × 10^293 | 3892 | 81 |
| iv_501 | 8.325630322507157 × 10^293 | 4011 | 82 |
| iv_502 | 1.3371878283320293 × 10^294 | 4119 | 76 |
| iv_504 | 1.9397339600675462 × 10^294 | 3884 | 78 |
| iv_505 | 2.8828897804343432 × 10^294 | 3919 | 82 |
| iv_506 | 7.827979916344763 × 10^293 | 4040 | 93 |
| iv_507 | 9.146427402747466 × 10^293 | 4097 | 81 |

### Input Bits Sorted by Complexity

| Input Bit | Complexity | Occurrences | Output Occurrences |
|:---------:|:----------:|:-----------:|:------------------:|
| iv_497 | 8.652967309251592 × 10^292 | 3982 | 77 |
| iv_498 | 1.7260999287101067 × 10^293 | 3903 | 88 |
| iv_499 | 3.0352386822780485 × 10^293 | 3892 | 81 |
| iv_506 | 7.827979916344763 × 10^293 | 4040 | 93 |
| iv_501 | 8.325630322507157 × 10^293 | 4011 | 82 |
| iv_507 | 9.146427402747466 × 10^293 | 4097 | 81 |
| iv_502 | 1.3371878283320293 × 10^294 | 4119 | 76 |
| iv_504 | 1.9397339600675462 × 10^294 | 3884 | 78 |
| iv_505 | 2.8828897804343432 × 10^294 | 3919 | 82 |

### Input Bits Sorted by Occurrences

| Input Bit | Complexity | Occurrences | Output Occurrences |
|:---------:|:----------:|:-----------:|:------------------:|
| iv_504 | 1.9397339600675462 × 10^294 | 3884 | 78 |
| iv_499 | 3.0352386822780485 × 10^293 | 3892 | 81 |
| iv_498 | 1.7260999287101067 × 10^293 | 3903 | 88 |
| iv_505 | 2.8828897804343432 × 10^294 | 3919 | 82 |
| iv_497 | 8.652967309251592 × 10^292 | 3982 | 77 |
| iv_501 | 8.325630322507157 × 10^293 | 4011 | 82 |
| iv_506 | 7.827979916344763 × 10^293 | 4040 | 93 |
| iv_507 | 9.146427402747466 × 10^293 | 4097 | 81 |
| iv_502 | 1.3371878283320293 × 10^294 | 4119 | 76 |

### Input Bits Sorted by Output Occurrences

| Input Bit | Complexity | Occurrences | Output Occurrences |
|:---------:|:----------:|:-----------:|:------------------:|
| iv_502 | 1.3371878283320293 × 10^294 | 4119 | 76 |
| iv_497 | 8.652967309251592 × 10^292 | 3982 | 77 |
| iv_504 | 1.9397339600675462 × 10^294 | 3884 | 78 |
| iv_499 | 3.0352386822780485 × 10^293 | 3892 | 81 |
| iv_507 | 9.146427402747466 × 10^293 | 4097 | 81 |
| iv_501 | 8.325630322507157 × 10^293 | 4011 | 82 |
| iv_505 | 2.8828897804343432 × 10^294 | 3919 | 82 |
| iv_498 | 1.7260999287101067 × 10^293 | 3903 | 88 |
| iv_506 | 7.827979916344763 × 10^293 | 4040 | 93 |

## Input Bit Co-occurrences

### Input Bit Co-occurrences Sorted by Co-occurrences

| Input Bits | Co-occurrences | Potential Occurrences | Output Co-occurrences | Potential Output Occurrences |
|:----------:|:--------------:|:---------------------:|:---------------------:|:----------------------------:|
| iv_501-iv_502 | 2030 | 4070 | 39 | 80 |
| iv_502-iv_506 | 1982 | 4195 | 48 | 73 |
| iv_502-iv_507 | 1962 | 4292 | 39 | 79 |
| iv_506-iv_507 | 1935 | 4267 | 52 | 70 |
| iv_501-iv_507 | 1925 | 4258 | 38 | 87 |
| iv_499-iv_502 | 1902 | 4207 | 42 | 73 |
| iv_497-iv_506 | 1901 | 4220 | 40 | 90 |
| iv_501-iv_504 | 1894 | 4107 | 40 | 80 |
| iv_497-iv_505 | 1894 | 4113 | 43 | 73 |

### Input Bit Co-occurrences Sorted by Potential Occurrences

| Input Bits | Co-occurrences | Potential Occurrences | Output Co-occurrences | Potential Output Occurrences |
|:----------:|:--------------:|:---------------------:|:---------------------:|:----------------------------:|
| iv_501-iv_502 | 2030 | 4070 | 39 | 80 |
| iv_501-iv_504 | 1894 | 4107 | 40 | 80 |
| iv_497-iv_505 | 1894 | 4113 | 43 | 73 |
| iv_499-iv_505 | 1848 | 4115 | 37 | 89 |
| iv_499-iv_504 | 1827 | 4122 | 38 | 83 |
| iv_497-iv_499 | 1859 | 4156 | 40 | 78 |
| iv_504-iv_505 | 1817 | 4169 | 36 | 88 |
| iv_504-iv_506 | 1875 | 4174 | 45 | 81 |
| iv_498-iv_504 | 1806 | 4175 | 46 | 74 |

### Input Bit Output Co-occurrences Sorted by Output Co-occurrences

| Input Bits | Co-occurrences | Potential Occurrences | Output Co-occurrences | Potential Output Occurrences |
|:----------:|:--------------:|:---------------------:|:---------------------:|:----------------------------:|
| iv_498-iv_506 | 1874 | 4195 | 54 | 73 |
| iv_498-iv_507 | 1871 | 4258 | 54 | 61 |
| iv_506-iv_507 | 1935 | 4267 | 52 | 70 |
| iv_499-iv_506 | 1829 | 4274 | 49 | 76 |
| iv_498-iv_499 | 1792 | 4211 | 48 | 73 |
| iv_502-iv_506 | 1982 | 4195 | 48 | 73 |
| iv_498-iv_501 | 1833 | 4248 | 46 | 78 |
| iv_498-iv_504 | 1806 | 4175 | 46 | 74 |
| iv_497-iv_498 | 1825 | 4235 | 46 | 73 |

### Input Bit Output Co-occurrences Sorted by Potential Output Occurrences

| Input Bits | Co-occurrences | Potential Occurrences | Output Co-occurrences | Potential Output Occurrences |
|:----------:|:--------------:|:---------------------:|:---------------------:|:----------------------------:|
| iv_498-iv_507 | 1871 | 4258 | 54 | 61 |
| iv_506-iv_507 | 1935 | 4267 | 52 | 70 |
| iv_498-iv_499 | 1792 | 4211 | 48 | 73 |
| iv_498-iv_506 | 1874 | 4195 | 54 | 73 |
| iv_499-iv_502 | 1902 | 4207 | 42 | 73 |
| iv_502-iv_506 | 1982 | 4195 | 48 | 73 |
| iv_497-iv_505 | 1894 | 4113 | 43 | 73 |
| iv_497-iv_498 | 1825 | 4235 | 46 | 73 |
| iv_498-iv_504 | 1806 | 4175 | 46 | 74 |

## Output Bits

### Output Bits in Regular Order

| Rank | Output Bit | Complexity |
|:----:|:----------:|:----------:|
| 1 | ov_001 | 1.493288346380927 × 10^294 |
| 2 | ov_002 | 1.293014638268331 × 10^294 |
| 3 | ov_003 | 1.1138204971266334 × 10^294 |
| 4 | ov_004 | 9.540951179329781 × 10^293 |
| 5 | ov_005 | 8.123158108654863 × 10^293 |
| 6 | ov_006 | 6.870417326933648 × 10^293 |
| 7 | ov_007 | 5.769084286776621 × 10^293 |
| 8 | ov_008 | 4.806231327704648 × 10^293 |
| 9 | ov_009 | 3.969607612316121 × 10^293 |
| 10 | ov_010 | 3.247605228663937 × 10^293 |
| 11 | ov_011 | 2.62923072499022 × 10^293 |
| 12 | ov_012 | 2.104081473361681 × 10^293 |
| 13 | ov_013 | 1.6623263022467498 × 10^293 |
| 14 | ov_014 | 1.2946898299614408 × 10^293 |
| 15 | ov_015 | 9.924400004849405 × 10^292 |
| 16 | ov_016 | 7.473783652301623 × 10^292 |
| 17 | ov_017 | 5.518326259898573 × 10^292 |
| 18 | ov_018 | 3.986509608308763 × 10^292 |
| 19 | ov_019 | 2.811977183475522 × 10^292 |
| 20 | ov_020 | 1.9335017088575713 × 10^292 |
| 21 | ov_021 | 1.2949611474240297 × 10^292 |
| 22 | ov_022 | 8.453215072070248 × 10^291 |
| 23 | ov_023 | 5.386249907970617 × 10^291 |
| 24 | ov_024 | 3.3398223566425484 × 10^291 |
| 25 | ov_025 | 1.955675986442852 × 10^291 |
| 26 | ov_026 | 1.0673375933494005 × 10^291 |
| 27 | ov_027 | 5.3363560497635126 × 10^290 |
| 28 | ov_028 | 2.3869669443694796 × 10^290 |
| 29 | ov_029 | 9.194466459685779 × 10^289 |
| 30 | ov_030 | 2.81001541415355 × 10^289 |
| 31 | ov_031 | 5.47965724067191 × 10^288 |
| 32 | lv_80_m31 | 1.0684380824558909 × 10^288 |
| 33 | ov_033 | 1.2883478935802822 × 10^289 |
| 34 | ov_034 | 1.1182564537906834 × 10^289 |
| 35 | ov_035 | 9.657318660045625 × 10^288 |
| 36 | ov_036 | 8.29941312610604 × 10^288 |
| 37 | ov_037 | 7.093508215659501 × 10^288 |
| 38 | ov_038 | 6.025070133101231 × 10^288 |
| 39 | ov_039 | 5.080318543609054 × 10^288 |
| 40 | ov_040 | 4.2461817324444233 × 10^288 |
| 41 | ov_041 | 3.5162958430540544 × 10^288 |
| 42 | ov_042 | 2.88462362660204 × 10^288 |
| 43 | ov_043 | 2.3454399106163722 × 10^288 |
| 44 | ov_044 | 1.8881847625655748 × 10^288 |
| 45 | ov_045 | 1.5028709116835822 × 10^288 |
| 46 | ov_046 | 1.1800696216611256 × 10^288 |
| 47 | ov_047 | 9.152045969605774 × 10^287 |
| 48 | ov_048 | 6.999333914197515 × 10^287 |
| 49 | ov_049 | 5.26445926397149 × 10^287 |
| 50 | ov_050 | 3.90969559345585 × 10^287 |
| 51 | ov_051 | 2.867457451700046 × 10^287 |
| 52 | ov_052 | 2.075373469229262 × 10^287 |
| 53 | ov_053 | 1.476267659197455 × 10^287 |
| 54 | ov_054 | 1.0181462460504578 × 10^287 |
| 55 | ov_055 | 6.763065514938066 × 10^286 |
| 56 | ov_056 | 4.286307781739654 × 10^286 |
| 57 | ov_057 | 2.5558380653731804 × 10^286 |
| 58 | ov_058 | 1.402119148491184 × 10^286 |
| 59 | ov_059 | 6.814209933883571 × 10^285 |
| 60 | ov_060 | 2.7581758706513966 × 10^285 |
| 61 | ov_061 | 9.31857779822055 × 10^284 |
| 62 | ov_062 | 2.4934513176474536 × 10^284 |
| 63 | ov_063 | 5.508861783180722 × 10^283 |
| 64 | lv_79_m31 | 1.0721399065579802 × 10^283 |
| 65 | ov_065 | 1.268652201344679 × 10^284 |
| 66 | ov_066 | 1.2686480123704524 × 10^284 |
| 67 | ov_067 | 1.2686469870665705 × 10^284 |
| 68 | ov_068 | 1.0934123522635914 × 10^284 |
| 69 | ov_069 | 9.374661589350162 × 10^283 |
| 70 | ov_070 | 7.992222215285092 × 10^283 |
| 71 | ov_071 | 6.771920062173992 × 10^283 |
| 72 | ov_072 | 5.699780154277257 × 10^283 |
| 73 | ov_073 | 4.76267756095438 × 10^283 |
| 74 | ov_074 | 3.948282611096329 × 10^283 |
| 75 | ov_075 | 3.2450113451705813 × 10^283 |
| 76 | ov_076 | 2.641980919732678 × 10^283 |
| 77 | ov_077 | 2.128969686552262 × 10^283 |
| 78 | ov_078 | 1.6963816742540791 × 10^283 |
| 79 | ov_079 | 1.3352152048330212 × 10^283 |
| 80 | ov_080 | 1.0370353807960716 × 10^283 |
| 81 | ov_081 | 7.939501812240394 × 10^282 |
| 82 | ov_082 | 5.985899069226412 × 10^282 |
| 83 | ov_083 | 4.440897162076571 × 10^282 |
| 84 | ov_084 | 3.2407499386616075 × 10^282 |
| 85 | ov_085 | 2.326492965436943 × 10^282 |
| 86 | ov_086 | 1.643846182925519 × 10^282 |
| 87 | ov_087 | 1.1431372033434443 × 10^282 |
| 88 | ov_088 | 7.792426928692122 × 10^281 |
| 89 | ov_089 | 5.115452821884785 × 10^281 |
| 90 | ov_090 | 3.2085828223210105 × 10^281 |
| 91 | ov_091 | 1.9022686030313817 × 10^281 |
| 92 | ov_092 | 1.0492047493561735 × 10^281 |
| 93 | ov_093 | 5.242862436456957 × 10^280 |
| 94 | ov_094 | 2.245875808496579 × 10^280 |
| 95 | aaa_78_28 | 6.935424520474186 × 10^279 |
| 96 | aaa_78_29 | 2.1300763483958782 × 10^279 |
| 97 | ov_097 | 1.4070569988466515 × 10^279 |
| 98 | ov_098 | 1.4070150332489668 × 10^279 |
| 99 | ov_099 | 1.407001644000669 × 10^279 |
| 100 | ov_100 | 1.266305449493671 × 10^279 |
| 101 | ov_101 | 1.1359546112856468 × 10^279 |
| 102 | ov_102 | 1.0153867286834428 × 10^279 |
| 103 | ov_103 | 9.0408047107489 × 10^278 |
| 104 | ov_104 | 8.015500827265329 × 10^278 |
| 105 | ov_105 | 7.073404002956259 × 10^278 |
| 106 | ov_106 | 6.21022357283739 × 10^278 |
| 107 | ov_107 | 5.4218895045866426 × 10^278 |
| 108 | ov_108 | 4.704516438922818 × 10^278 |
| 109 | ov_109 | 4.0543718673463154 × 10^278 |
| 110 | ov_110 | 3.4678482119477524 × 10^278 |
| 111 | ov_111 | 2.9414385745083665 × 10^278 |
| 112 | ov_112 | 2.4717159238503708 × 10^278 |
| 113 | ov_113 | 2.055315491528385 × 10^278 |
| 114 | ov_114 | 1.6889201466634735 × 10^278 |
| 115 | ov_115 | 1.3692485211696356 × 10^278 |
| 116 | ov_116 | 1.0930456569245737 × 10^278 |
| 117 | ov_117 | 8.570759466542309 × 10^277 |
| 118 | ov_118 | 6.581179249992492 × 10^277 |
| 119 | ov_119 | 4.9296027936067895 × 10^277 |
| 120 | ov_120 | 3.583987226146374 × 10^277 |
| 121 | ov_121 | 2.512336137690527 × 10^277 |
| 122 | ov_122 | 1.6826821265198099 × 10^277 |
| 123 | ov_123 | 1.063074547237187 × 10^277 |
| 124 | ov_124 | 6.215713210473086 × 10^276 |
| 125 | ov_125 | 3.262339444194869 × 10^276 |
| 126 | ov_126 | 1.4512504278252055 × 10^276 |
| 127 | aaa_77_28 | 4.6307516225347436 × 10^275 |
| 128 | aaa_77_29 | 1.734129385310876 × 10^275 |
| 129 | ov_129 | 1.5858951945132688 × 10^275 |
| 130 | ov_130 | 1.5858915156914013 × 10^275 |
| 131 | ov_131 | 1.5858903470443355 × 10^275 |
| 132 | ov_132 | 1.3703228537194757 × 10^275 |
| 133 | ov_133 | 1.177701334084405 × 10^275 |
| 134 | ov_134 | 1.0062819012015482 × 10^275 |
| 135 | ov_135 | 8.544108903473926 × 10^274 |
| 136 | ov_136 | 7.205184073551762 × 10^274 |
| 137 | ov_137 | 6.031128611494444 × 10^274 |
| 138 | ov_138 | 5.007763781346491 × 10^274 |
| 139 | ov_139 | 4.121610012122721 × 10^274 |
| 140 | ov_140 | 3.3598558118886903 × 10^274 |
| 141 | ov_141 | 2.7103327323292846 × 10^274 |
| 142 | ov_142 | 2.1614955586792183 × 10^274 |
| 143 | ov_143 | 1.7024069477267712 × 10^274 |
| 144 | ov_144 | 1.3227257841351267 × 10^274 |
| 145 | ov_145 | 1.0126985726597217 × 10^274 |
| 146 | ov_146 | 7.631532648550004 × 10^273 |
| 147 | ov_147 | 5.654950335946928 × 10^273 |
| 148 | ov_148 | 4.1170355574634224 × 10^273 |
| 149 | ov_149 | 2.9433134266140954 × 10^273 |
| 150 | ov_150 | 2.0650269332891905 × 10^273 |
| 151 | ov_151 | 1.4191297443827853 × 10^273 |
| 152 | ov_152 | 9.482808759663015 × 10^272 |
| 153 | ov_153 | 6.0084078184198535 × 10^272 |
| 154 | ov_154 | 3.5241464061789034 × 10^272 |
| 155 | ov_155 | 1.814564285405168 × 10^272 |
| 156 | aaa_76_25 | 6.926827383886667 × 10^271 |
| 157 | aaa_76_26 | 3.935098690259807 × 10^271 |
| 158 | aaa_76_27 | 1.9588824489048336 × 10^271 |
| 159 | aaa_76_28 | 7.13433381920837 × 10^270 |
| 160 | aaa_76_29 | 1.8928740022039395 × 10^270 |

### Output Bits Sorted by Complexity

| Rank | Output Bit | Complexity |
|:----:|:----------:|:----------:|
| 160 | aaa_76_29 | 1.8928740022039395 × 10^270 |
| 159 | aaa_76_28 | 7.13433381920837 × 10^270 |
| 158 | aaa_76_27 | 1.9588824489048336 × 10^271 |
| 157 | aaa_76_26 | 3.935098690259807 × 10^271 |
| 156 | aaa_76_25 | 6.926827383886667 × 10^271 |
| 155 | ov_155 | 1.814564285405168 × 10^272 |
| 154 | ov_154 | 3.5241464061789034 × 10^272 |
| 153 | ov_153 | 6.0084078184198535 × 10^272 |
| 152 | ov_152 | 9.482808759663015 × 10^272 |
| 151 | ov_151 | 1.4191297443827853 × 10^273 |
| 150 | ov_150 | 2.0650269332891905 × 10^273 |
| 149 | ov_149 | 2.9433134266140954 × 10^273 |
| 148 | ov_148 | 4.1170355574634224 × 10^273 |
| 147 | ov_147 | 5.654950335946928 × 10^273 |
| 146 | ov_146 | 7.631532648550004 × 10^273 |
| 145 | ov_145 | 1.0126985726597217 × 10^274 |
| 144 | ov_144 | 1.3227257841351267 × 10^274 |
| 143 | ov_143 | 1.7024069477267712 × 10^274 |
| 142 | ov_142 | 2.1614955586792183 × 10^274 |
| 141 | ov_141 | 2.7103327323292846 × 10^274 |
| 140 | ov_140 | 3.3598558118886903 × 10^274 |
| 139 | ov_139 | 4.121610012122721 × 10^274 |
| 138 | ov_138 | 5.007763781346491 × 10^274 |
| 137 | ov_137 | 6.031128611494444 × 10^274 |
| 136 | ov_136 | 7.205184073551762 × 10^274 |
| 135 | ov_135 | 8.544108903473926 × 10^274 |
| 134 | ov_134 | 1.0062819012015482 × 10^275 |
| 133 | ov_133 | 1.177701334084405 × 10^275 |
| 132 | ov_132 | 1.3703228537194757 × 10^275 |
| 131 | ov_131 | 1.5858903470443355 × 10^275 |
| 130 | ov_130 | 1.5858915156914013 × 10^275 |
| 129 | ov_129 | 1.5858951945132688 × 10^275 |
| 128 | aaa_77_29 | 1.734129385310876 × 10^275 |
| 127 | aaa_77_28 | 4.6307516225347436 × 10^275 |
| 126 | ov_126 | 1.4512504278252055 × 10^276 |
| 125 | ov_125 | 3.262339444194869 × 10^276 |
| 124 | ov_124 | 6.215713210473086 × 10^276 |
| 123 | ov_123 | 1.063074547237187 × 10^277 |
| 122 | ov_122 | 1.6826821265198099 × 10^277 |
| 121 | ov_121 | 2.512336137690527 × 10^277 |
| 120 | ov_120 | 3.583987226146374 × 10^277 |
| 119 | ov_119 | 4.9296027936067895 × 10^277 |
| 118 | ov_118 | 6.581179249992492 × 10^277 |
| 117 | ov_117 | 8.570759466542309 × 10^277 |
| 116 | ov_116 | 1.0930456569245737 × 10^278 |
| 115 | ov_115 | 1.3692485211696356 × 10^278 |
| 114 | ov_114 | 1.6889201466634735 × 10^278 |
| 113 | ov_113 | 2.055315491528385 × 10^278 |
| 112 | ov_112 | 2.4717159238503708 × 10^278 |
| 111 | ov_111 | 2.9414385745083665 × 10^278 |
| 110 | ov_110 | 3.4678482119477524 × 10^278 |
| 109 | ov_109 | 4.0543718673463154 × 10^278 |
| 108 | ov_108 | 4.704516438922818 × 10^278 |
| 107 | ov_107 | 5.4218895045866426 × 10^278 |
| 106 | ov_106 | 6.21022357283739 × 10^278 |
| 105 | ov_105 | 7.073404002956259 × 10^278 |
| 104 | ov_104 | 8.015500827265329 × 10^278 |
| 103 | ov_103 | 9.0408047107489 × 10^278 |
| 102 | ov_102 | 1.0153867286834428 × 10^279 |
| 101 | ov_101 | 1.1359546112856468 × 10^279 |
| 100 | ov_100 | 1.266305449493671 × 10^279 |
| 99 | ov_099 | 1.407001644000669 × 10^279 |
| 98 | ov_098 | 1.4070150332489668 × 10^279 |
| 97 | ov_097 | 1.4070569988466515 × 10^279 |
| 96 | aaa_78_29 | 2.1300763483958782 × 10^279 |
| 95 | aaa_78_28 | 6.935424520474186 × 10^279 |
| 94 | ov_094 | 2.245875808496579 × 10^280 |
| 93 | ov_093 | 5.242862436456957 × 10^280 |
| 92 | ov_092 | 1.0492047493561735 × 10^281 |
| 91 | ov_091 | 1.9022686030313817 × 10^281 |
| 90 | ov_090 | 3.2085828223210105 × 10^281 |
| 89 | ov_089 | 5.115452821884785 × 10^281 |
| 88 | ov_088 | 7.792426928692122 × 10^281 |
| 87 | ov_087 | 1.1431372033434443 × 10^282 |
| 86 | ov_086 | 1.643846182925519 × 10^282 |
| 85 | ov_085 | 2.326492965436943 × 10^282 |
| 84 | ov_084 | 3.2407499386616075 × 10^282 |
| 83 | ov_083 | 4.440897162076571 × 10^282 |
| 82 | ov_082 | 5.985899069226412 × 10^282 |
| 81 | ov_081 | 7.939501812240394 × 10^282 |
| 80 | ov_080 | 1.0370353807960716 × 10^283 |
| 64 | lv_79_m31 | 1.0721399065579802 × 10^283 |
| 79 | ov_079 | 1.3352152048330212 × 10^283 |
| 78 | ov_078 | 1.6963816742540791 × 10^283 |
| 77 | ov_077 | 2.128969686552262 × 10^283 |
| 76 | ov_076 | 2.641980919732678 × 10^283 |
| 75 | ov_075 | 3.2450113451705813 × 10^283 |
| 74 | ov_074 | 3.948282611096329 × 10^283 |
| 73 | ov_073 | 4.76267756095438 × 10^283 |
| 63 | ov_063 | 5.508861783180722 × 10^283 |
| 72 | ov_072 | 5.699780154277257 × 10^283 |
| 71 | ov_071 | 6.771920062173992 × 10^283 |
| 70 | ov_070 | 7.992222215285092 × 10^283 |
| 69 | ov_069 | 9.374661589350162 × 10^283 |
| 68 | ov_068 | 1.0934123522635914 × 10^284 |
| 67 | ov_067 | 1.2686469870665705 × 10^284 |
| 66 | ov_066 | 1.2686480123704524 × 10^284 |
| 65 | ov_065 | 1.268652201344679 × 10^284 |
| 62 | ov_062 | 2.4934513176474536 × 10^284 |
| 61 | ov_061 | 9.31857779822055 × 10^284 |
| 60 | ov_060 | 2.7581758706513966 × 10^285 |
| 59 | ov_059 | 6.814209933883571 × 10^285 |
| 58 | ov_058 | 1.402119148491184 × 10^286 |
| 57 | ov_057 | 2.5558380653731804 × 10^286 |
| 56 | ov_056 | 4.286307781739654 × 10^286 |
| 55 | ov_055 | 6.763065514938066 × 10^286 |
| 54 | ov_054 | 1.0181462460504578 × 10^287 |
| 53 | ov_053 | 1.476267659197455 × 10^287 |
| 52 | ov_052 | 2.075373469229262 × 10^287 |
| 51 | ov_051 | 2.867457451700046 × 10^287 |
| 50 | ov_050 | 3.90969559345585 × 10^287 |
| 49 | ov_049 | 5.26445926397149 × 10^287 |
| 48 | ov_048 | 6.999333914197515 × 10^287 |
| 47 | ov_047 | 9.152045969605774 × 10^287 |
| 32 | lv_80_m31 | 1.0684380824558909 × 10^288 |
| 46 | ov_046 | 1.1800696216611256 × 10^288 |
| 45 | ov_045 | 1.5028709116835822 × 10^288 |
| 44 | ov_044 | 1.8881847625655748 × 10^288 |
| 43 | ov_043 | 2.3454399106163722 × 10^288 |
| 42 | ov_042 | 2.88462362660204 × 10^288 |
| 41 | ov_041 | 3.5162958430540544 × 10^288 |
| 40 | ov_040 | 4.2461817324444233 × 10^288 |
| 39 | ov_039 | 5.080318543609054 × 10^288 |
| 31 | ov_031 | 5.47965724067191 × 10^288 |
| 38 | ov_038 | 6.025070133101231 × 10^288 |
| 37 | ov_037 | 7.093508215659501 × 10^288 |
| 36 | ov_036 | 8.29941312610604 × 10^288 |
| 35 | ov_035 | 9.657318660045625 × 10^288 |
| 34 | ov_034 | 1.1182564537906834 × 10^289 |
| 33 | ov_033 | 1.2883478935802822 × 10^289 |
| 30 | ov_030 | 2.81001541415355 × 10^289 |
| 29 | ov_029 | 9.194466459685779 × 10^289 |
| 28 | ov_028 | 2.3869669443694796 × 10^290 |
| 27 | ov_027 | 5.3363560497635126 × 10^290 |
| 26 | ov_026 | 1.0673375933494005 × 10^291 |
| 25 | ov_025 | 1.955675986442852 × 10^291 |
| 24 | ov_024 | 3.3398223566425484 × 10^291 |
| 23 | ov_023 | 5.386249907970617 × 10^291 |
| 22 | ov_022 | 8.453215072070248 × 10^291 |
| 21 | ov_021 | 1.2949611474240297 × 10^292 |
| 20 | ov_020 | 1.9335017088575713 × 10^292 |
| 19 | ov_019 | 2.811977183475522 × 10^292 |
| 18 | ov_018 | 3.986509608308763 × 10^292 |
| 17 | ov_017 | 5.518326259898573 × 10^292 |
| 16 | ov_016 | 7.473783652301623 × 10^292 |
| 15 | ov_015 | 9.924400004849405 × 10^292 |
| 14 | ov_014 | 1.2946898299614408 × 10^293 |
| 13 | ov_013 | 1.6623263022467498 × 10^293 |
| 12 | ov_012 | 2.104081473361681 × 10^293 |
| 11 | ov_011 | 2.62923072499022 × 10^293 |
| 10 | ov_010 | 3.247605228663937 × 10^293 |
| 9 | ov_009 | 3.969607612316121 × 10^293 |
| 8 | ov_008 | 4.806231327704648 × 10^293 |
| 7 | ov_007 | 5.769084286776621 × 10^293 |
| 6 | ov_006 | 6.870417326933648 × 10^293 |
| 5 | ov_005 | 8.123158108654863 × 10^293 |
| 4 | ov_004 | 9.540951179329781 × 10^293 |
| 3 | ov_003 | 1.1138204971266334 × 10^294 |
| 2 | ov_002 | 1.293014638268331 × 10^294 |
| 1 | ov_001 | 1.493288346380927 × 10^294 |

