# Results for F001-F002-F003-F004-F005-F006-F007-F008-F009-F010-F011-F012-F013-F014-F015-F016-F017-F018-F019-F020-F021-F022-F023-F024-F025-F026-F027-F028-F029-F030-F031-F032-F033-F034-F035-F036-F037-F038-F039-F040-F041-F042-F043-F044-F045-F046-F047-F048-F049-F050-F051-F052-F053-F054-F055-F056-F057-F058-F059-F060-F061-F062-F063-F064-F065-F066-F067-F068-F069-F070-F071-F072-F073-F074-F075-F076-F077-F078-F079-F080-F081-F082-F083-F084-F085-F086-F087-F088-F089-F090-F091-F092-F093-F094-F095-F096-F097-F098-F099-F100-F101-F102-F103-F104-F105-F106-F107-F108-F109-F110-F111-F112-F113-F114-F115-F116-F117-F118-F119-F120-F121-F122-F123-F124-F125-F126-F127-F128-F129-F130-F131-F132-F133-F134-F135-F136-F137-F138-F139-F140-F141-F142-F143-F144-F145-F146-F147-F148-F149-F150-F151-F152-F153-F154-F155-F156-F157-F158-F159-F160-F161-F162-F163-F164-F165-F166-F167-F168-F169-F170-F171-F172-F173-F174-F175-F176-F177-F178-F179-F180-F181-F182-F183-F184-F185-F186-F187-F188-F189-F190-F191-F192-F193-F194-F195-F196-F197-F198-F199-F200-F201-F202-F203-F204-F205-F206-F207-F208-F209-F210-F211-F212-F213-F214-F215-F216-F217-F218-F219-F220-F221-F222-F223-F224-F225-F226-F227-F228-F229-F230-F231-F232-F233-F234-F235-F236-F237-F238-F239-F240-F241-F242-F243-F244-F245-F246-F247-F248-F249-F250-F251-F252-F253-F254-F255-F256-F257-F258-F259-F260-F261-F262-F263-F264-F265-F266-F267-F268-F269-F270-F271-F272-F273-F274-F275-F276-F277-F278-F279-F280-F281-F282-F283-F284-F285-F286-F287-F288-F289-F290-F291-F292-F293-F294-F295-F296-F297-F298-F299-F300-F301-F302-F303-F304-F305-F306-F307-F308-F309-F310-F311-F312-F313-F314-F315-F316-F317-F318-F319-F320-F321-F322-F323-F324-F325-F326-F327-F328-F329-F330-F331-F332-F333-F334-F335-F336-F337-F338-F339-F340-F341-F342-F343-F344-F345-F346-F347-F348-F349-F350-F351-F352-F353-F354-F355-F356-F357-F358-F359-F360-F361-F362-F363-F364-F365-F366-F367-F368-F369-F370-F371-F372-F373-F374-F375-F376-F377-F378-F379-F380-F381-F382-F383-F384-F385-F386-F387-F388-F389-F390-F391-F392-F393-F394-F395-F396-F397-F398-F399-F400-F401-F402-F403-F404-F405-F406-F407-F408-F409-F410-F411-F412-F413-F414-F415-F416-F417-F418-F419-F420-F421-F422-F423-F424-F425-F426-F427-F428-F429-F430-F431-F432-F433-F434-F435-F436-F437-F438-F439-F440-F441-F442-F443-F444-F445-F446-F447-F448-F449-F450-F451-F452-F453-F454-F455-F456-F457-F458-F459-F460-F461-F462-F463-F464-F465-F466-F467-F468-F469-F470-F471-F472-F473-F474-F475-F476-F477-F478-F479-F480-F481-F482-F483-F484-F485-F486-F487-F488-F489-F490-F491-F492-F493-F494-F495-F496-F497-F498-F499-F500-E501503-F510-F512

## Summary

Number of input bits: 512  
Number of free input bits: 9  
Number of output bits: 160

Number of direct occurrences: 36655  
Number of assignments: 30871  
Number of operations: 10928070
(xor: 10899304,
and: 15653,
or: 13113)

Total complexity: 3.0037805511033634 × 10^298

Least occurring input variable: iv_502 (3880)  
Most occurring input variable: iv_511 (4230)

Most co-occurring input variables: iv_508-iv_509 (2054)  
Least co-occurring input variables: iv_502-iv_504 (1790)

Potentially most occurring input variable: iv_501/iv_509 (4600)  
Potentially least occurring input variable: iv_504/iv_505 (3989)

Least output occurring input variable: iv_501 (63)  
Most output occurring input variable: iv_509 (87)

Most output co-occurring input variables: iv_502-iv_509 (46)  
Least output co-occurring input variables: iv_501-iv_505 (22)

Potentially most output occurring input variable: iv_501/iv_505 (91)  
Potentially least output occurring input variable: iv_505/iv_508 (66)

Least complex input bit: iv_511 (4.091668922227542 × 10^294)  
Most complex input bit: iv_509 (5.360731868222342 × 10^297)

Least complex output bit: aaa_76_29 (4.333691964500184 × 10^273)  
Most complex output bit: ov_001 (4.783260783190116 × 10^297)

Least complex input/output complexity: iv_511/aaa_76_29 (5.903238411720571 × 10^269)  
Most complex input/output complexity: iv_509/ov_001 (8.536501944207106 × 10^296)

## Input Bits

### Input Bits in Regular Order

| Input Bit | Complexity | Occurrences | Output Occurrences |
|:---------:|:----------:|:-----------:|:------------------:|
| iv_501 | 2.7216994108537322 × 10^297 | 4204 | 63 |
| iv_502 | 1.2063638681267877 × 10^297 | 3880 | 82 |
| iv_504 | 3.360240614505332 × 10^297 | 3901 | 78 |
| iv_505 | 5.290915736354683 × 10^297 | 4058 | 72 |
| iv_506 | 2.8040236831409798 × 10^297 | 3940 | 82 |
| iv_507 | 4.000665950088645 × 10^297 | 4155 | 76 |
| iv_508 | 5.289072710818978 × 10^297 | 4101 | 74 |
| iv_509 | 5.360731868222342 × 10^297 | 4186 | 87 |
| iv_511 | 4.091668922227542 × 10^294 | 4230 | 80 |

### Input Bits Sorted by Complexity

| Input Bit | Complexity | Occurrences | Output Occurrences |
|:---------:|:----------:|:-----------:|:------------------:|
| iv_511 | 4.091668922227542 × 10^294 | 4230 | 80 |
| iv_502 | 1.2063638681267877 × 10^297 | 3880 | 82 |
| iv_501 | 2.7216994108537322 × 10^297 | 4204 | 63 |
| iv_506 | 2.8040236831409798 × 10^297 | 3940 | 82 |
| iv_504 | 3.360240614505332 × 10^297 | 3901 | 78 |
| iv_507 | 4.000665950088645 × 10^297 | 4155 | 76 |
| iv_508 | 5.289072710818978 × 10^297 | 4101 | 74 |
| iv_505 | 5.290915736354683 × 10^297 | 4058 | 72 |
| iv_509 | 5.360731868222342 × 10^297 | 4186 | 87 |

### Input Bits Sorted by Occurrences

| Input Bit | Complexity | Occurrences | Output Occurrences |
|:---------:|:----------:|:-----------:|:------------------:|
| iv_502 | 1.2063638681267877 × 10^297 | 3880 | 82 |
| iv_504 | 3.360240614505332 × 10^297 | 3901 | 78 |
| iv_506 | 2.8040236831409798 × 10^297 | 3940 | 82 |
| iv_505 | 5.290915736354683 × 10^297 | 4058 | 72 |
| iv_508 | 5.289072710818978 × 10^297 | 4101 | 74 |
| iv_507 | 4.000665950088645 × 10^297 | 4155 | 76 |
| iv_509 | 5.360731868222342 × 10^297 | 4186 | 87 |
| iv_501 | 2.7216994108537322 × 10^297 | 4204 | 63 |
| iv_511 | 4.091668922227542 × 10^294 | 4230 | 80 |

### Input Bits Sorted by Output Occurrences

| Input Bit | Complexity | Occurrences | Output Occurrences |
|:---------:|:----------:|:-----------:|:------------------:|
| iv_501 | 2.7216994108537322 × 10^297 | 4204 | 63 |
| iv_505 | 5.290915736354683 × 10^297 | 4058 | 72 |
| iv_508 | 5.289072710818978 × 10^297 | 4101 | 74 |
| iv_507 | 4.000665950088645 × 10^297 | 4155 | 76 |
| iv_504 | 3.360240614505332 × 10^297 | 3901 | 78 |
| iv_511 | 4.091668922227542 × 10^294 | 4230 | 80 |
| iv_502 | 1.2063638681267877 × 10^297 | 3880 | 82 |
| iv_506 | 2.8040236831409798 × 10^297 | 3940 | 82 |
| iv_509 | 5.360731868222342 × 10^297 | 4186 | 87 |

## Input Bit Co-occurrences

### Input Bit Co-occurrences Sorted by Co-occurrences

| Input Bits | Co-occurrences | Potential Occurrences | Output Co-occurrences | Potential Output Occurrences |
|:----------:|:--------------:|:---------------------:|:---------------------:|:----------------------------:|
| iv_508-iv_509 | 2054 | 4179 | 40 | 81 |
| iv_507-iv_509 | 2050 | 4241 | 44 | 75 |
| iv_505-iv_507 | 2033 | 4147 | 31 | 86 |
| iv_507-iv_511 | 1995 | 4395 | 39 | 78 |
| iv_504-iv_505 | 1985 | 3989 | 39 | 72 |
| iv_506-iv_507 | 1981 | 4133 | 39 | 80 |
| iv_505-iv_511 | 1980 | 4328 | 36 | 80 |
| iv_501-iv_511 | 1975 | 4484 | 26 | 91 |
| iv_505-iv_508 | 1964 | 4231 | 40 | 66 |

### Input Bit Co-occurrences Sorted by Potential Occurrences

| Input Bits | Co-occurrences | Potential Occurrences | Output Co-occurrences | Potential Output Occurrences |
|:----------:|:--------------:|:---------------------:|:---------------------:|:----------------------------:|
| iv_504-iv_505 | 1985 | 3989 | 39 | 72 |
| iv_502-iv_505 | 1911 | 4116 | 37 | 80 |
| iv_504-iv_506 | 1855 | 4131 | 42 | 76 |
| iv_506-iv_507 | 1981 | 4133 | 39 | 80 |
| iv_505-iv_507 | 2033 | 4147 | 31 | 86 |
| iv_508-iv_509 | 2054 | 4179 | 40 | 81 |
| iv_502-iv_504 | 1790 | 4201 | 42 | 76 |
| iv_502-iv_506 | 1803 | 4214 | 44 | 76 |
| iv_504-iv_508 | 1890 | 4222 | 40 | 72 |

### Input Bit Output Co-occurrences Sorted by Output Co-occurrences

| Input Bits | Co-occurrences | Potential Occurrences | Output Co-occurrences | Potential Output Occurrences |
|:----------:|:--------------:|:---------------------:|:---------------------:|:----------------------------:|
| iv_502-iv_509 | 1855 | 4356 | 46 | 77 |
| iv_502-iv_511 | 1905 | 4300 | 45 | 72 |
| iv_502-iv_506 | 1803 | 4214 | 44 | 76 |
| iv_507-iv_509 | 2050 | 4241 | 44 | 75 |
| iv_506-iv_509 | 1944 | 4238 | 43 | 83 |
| iv_509-iv_511 | 1963 | 4490 | 43 | 81 |
| iv_502-iv_504 | 1790 | 4201 | 42 | 76 |
| iv_502-iv_507 | 1885 | 4265 | 42 | 74 |
| iv_504-iv_506 | 1855 | 4131 | 42 | 76 |

### Input Bit Output Co-occurrences Sorted by Potential Output Occurrences

| Input Bits | Co-occurrences | Potential Occurrences | Output Co-occurrences | Potential Output Occurrences |
|:----------:|:--------------:|:---------------------:|:---------------------:|:----------------------------:|
| iv_505-iv_508 | 1964 | 4231 | 40 | 66 |
| iv_504-iv_508 | 1890 | 4222 | 40 | 72 |
| iv_502-iv_511 | 1905 | 4300 | 45 | 72 |
| iv_504-iv_505 | 1985 | 3989 | 39 | 72 |
| iv_502-iv_507 | 1885 | 4265 | 42 | 74 |
| iv_508-iv_511 | 1939 | 4453 | 40 | 74 |
| iv_507-iv_509 | 2050 | 4241 | 44 | 75 |
| iv_502-iv_504 | 1790 | 4201 | 42 | 76 |
| iv_502-iv_506 | 1803 | 4214 | 44 | 76 |

## Output Bits

### Output Bits in Regular Order

| Rank | Output Bit | Complexity |
|:----:|:----------:|:----------:|
| 1 | ov_001 | 4.783260783190116 × 10^297 |
| 2 | ov_002 | 4.1541431482814945 × 10^297 |
| 3 | ov_003 | 3.5880175145254873 × 10^297 |
| 4 | ov_004 | 3.082337748203978 × 10^297 |
| 5 | ov_005 | 2.6324268364852145 × 10^297 |
| 6 | ov_006 | 2.2338619560845867 × 10^297 |
| 7 | ov_007 | 1.8824575974183312 × 10^297 |
| 8 | ov_008 | 1.574250833869671 × 10^297 |
| 9 | ov_009 | 1.3054885498334218 × 10^297 |
| 10 | ov_010 | 1.0726164641116526 × 10^297 |
| 11 | ov_011 | 8.722698208190974 × 10^296 |
| 12 | ov_012 | 7.012656293667655 × 10^296 |
| 13 | ov_013 | 5.565963076504365 × 10^296 |
| 14 | ov_014 | 4.354245572667735 × 10^296 |
| 15 | ov_015 | 3.3507929934060408 × 10^296 |
| 16 | ov_016 | 2.530525114316631 × 10^296 |
| 17 | ov_017 | 1.8699681781403507 × 10^296 |
| 18 | ov_018 | 1.3472369720836517 × 10^296 |
| 19 | ov_019 | 9.420218381085323 × 10^295 |
| 20 | ov_020 | 6.355794921391797 × 10^295 |
| 21 | ov_021 | 4.1072669380877935 × 10^295 |
| 22 | ov_022 | 2.5183602224100217 × 10^295 |
| 23 | ov_023 | 1.4483316429734655 × 10^295 |
| 24 | ov_024 | 7.71952359740868 × 10^294 |
| 25 | ov_025 | 3.79497981169372 × 10^294 |
| 26 | ov_026 | 1.7674327196938685 × 10^294 |
| 27 | ov_027 | 8.495960064657361 × 10^293 |
| 28 | ov_028 | 4.091386859198024 × 10^293 |
| 29 | ov_029 | 1.6863337391910394 × 10^293 |
| 30 | ov_030 | 5.581873216447109 × 10^292 |
| 31 | ov_031 | 1.3524018744022464 × 10^292 |
| 32 | lv_80_k31 | 3.2759128210824606 × 10^291 |
| 33 | ov_033 | 3.9903760434771253 × 10^292 |
| 34 | ov_034 | 3.4689912058341597 × 10^292 |
| 35 | ov_035 | 3.0027043272382574 × 10^292 |
| 36 | ov_036 | 2.586920818476942 × 10^292 |
| 37 | ov_037 | 2.2172927904830862 × 10^292 |
| 38 | ov_038 | 1.8897015083462254 × 10^292 |
| 39 | ov_039 | 1.6002422601506634 × 10^292 |
| 40 | ov_040 | 1.34521140449716 × 10^292 |
| 41 | ov_041 | 1.1210953749829233 × 10^292 |
| 42 | ov_042 | 9.24561433581774 × 10^291 |
| 43 | ov_043 | 7.539873655597833 × 10^291 |
| 44 | ov_044 | 6.06380382552547 × 10^291 |
| 45 | ov_045 | 4.8028508388317486 × 10^291 |
| 46 | ov_046 | 3.743257749026451 × 10^291 |
| 47 | ov_047 | 2.872046682894067 × 10^291 |
| 48 | ov_048 | 2.1655470564689144 × 10^291 |
| 49 | ov_049 | 1.6015902431214487 × 10^291 |
| 50 | ov_050 | 1.1594966969376516 × 10^291 |
| 51 | ov_051 | 8.200671485552441 × 10^290 |
| 52 | ov_052 | 5.655769149568418 × 10^290 |
| 53 | ov_053 | 3.7977246517256155 × 10^290 |
| 54 | ov_054 | 2.478694837242143 × 10^290 |
| 55 | ov_055 | 1.5655180191494757 × 10^290 |
| 56 | ov_056 | 9.397076901234073 × 10^289 |
| 57 | ov_057 | 5.456887851833955 × 10^289 |
| 58 | ov_058 | 2.9431487741397515 × 10^289 |
| 59 | ov_059 | 1.4467974953570487 × 10^289 |
| 60 | ov_060 | 6.321074817459134 × 10^288 |
| 61 | ov_061 | 2.3668606974443985 × 10^288 |
| 62 | ov_062 | 7.147389591811373 × 10^287 |
| 63 | ov_063 | 1.5800285502710772 × 10^287 |
| 64 | lv_79_m31 | 3.0760356463425745 × 10^286 |
| 65 | ov_065 | 3.6156087828343124 × 10^287 |
| 66 | ov_066 | 3.615599940945506 × 10^287 |
| 67 | ov_067 | 3.615597075250137 × 10^287 |
| 68 | ov_068 | 3.1211507145490807 × 10^287 |
| 69 | ov_069 | 2.6793247521020447 × 10^287 |
| 70 | ov_070 | 2.285685110660618 × 10^287 |
| 71 | ov_071 | 1.9360708200034126 × 10^287 |
| 72 | ov_072 | 1.628467254993564 × 10^287 |
| 73 | ov_073 | 1.3592057939324156 × 10^287 |
| 74 | ov_074 | 1.124840229491603 × 10^287 |
| 75 | ov_075 | 9.221329056390743 × 10^286 |
| 76 | ov_076 | 7.480422375479957 × 10^286 |
| 77 | ov_077 | 5.997115373203741 × 10^286 |
| 78 | ov_078 | 4.744590699583256 × 10^286 |
| 79 | ov_079 | 3.697692652405194 × 10^286 |
| 80 | ov_080 | 2.8328501207199623 × 10^286 |
| 81 | ov_081 | 2.1280096252989027 × 10^286 |
| 82 | ov_082 | 1.562577732781919 × 10^286 |
| 83 | ov_083 | 1.117372123191992 × 10^286 |
| 84 | ov_084 | 7.745805923041493 × 10^285 |
| 85 | ov_085 | 5.1772727140694415 × 10^285 |
| 86 | ov_086 | 3.3164534758861195 × 10^285 |
| 87 | ov_087 | 2.0245556802806964 × 10^285 |
| 88 | ov_088 | 1.175498119869248 × 10^285 |
| 89 | ov_089 | 6.557901433355965 × 10^284 |
| 90 | ov_090 | 3.644472451063403 × 10^284 |
| 91 | ov_091 | 2.1293584902884103 × 10^284 |
| 92 | ov_092 | 1.2514018625126347 × 10^284 |
| 93 | ov_093 | 6.610384481634454 × 10^283 |
| 94 | ov_094 | 2.9632123323024587 × 10^283 |
| 95 | aaa_78_28 | 9.531079949901185 × 10^282 |
| 96 | aaa_78_29 | 3.6115509838322036 × 10^282 |
| 97 | ov_097 | 3.9349445873167243 × 10^282 |
| 98 | ov_098 | 3.9348268822380773 × 10^282 |
| 99 | ov_099 | 3.934789319259386 × 10^282 |
| 100 | ov_100 | 3.5417552132129384 × 10^282 |
| 101 | ov_101 | 3.177580855832154 × 10^282 |
| 102 | ov_102 | 2.8406961298780565 × 10^282 |
| 103 | ov_103 | 2.5296463242309935 × 10^282 |
| 104 | ov_104 | 2.2430767869276536 × 10^282 |
| 105 | ov_105 | 1.9797189955237133 × 10^282 |
| 106 | ov_106 | 1.738377969892642 × 10^282 |
| 107 | ov_107 | 1.5179209555716599 × 10^282 |
| 108 | ov_108 | 1.3172673082120264 × 10^282 |
| 109 | ov_109 | 1.1353795116556989 × 10^282 |
| 110 | ov_110 | 9.712552637089899 × 10^281 |
| 111 | ov_111 | 8.239205648737249 × 10^281 |
| 112 | ov_112 | 6.92423746191168 × 10^281 |
| 113 | ov_113 | 5.7583037300961945 × 10^281 |
| 114 | ov_114 | 4.732189619440285 × 10^281 |
| 115 | ov_115 | 3.836774486005355 × 10^281 |
| 116 | ov_116 | 3.063003438324537 × 10^281 |
| 117 | ov_117 | 2.4018651640984414 × 10^281 |
| 118 | ov_118 | 1.844375400506315 × 10^281 |
| 119 | ov_119 | 1.3815654279778542 × 10^281 |
| 120 | ov_120 | 1.0044749674747114 × 10^281 |
| 121 | ov_121 | 7.041485046996308 × 10^280 |
| 122 | ov_122 | 4.716335061542175 × 10^280 |
| 123 | ov_123 | 2.9797930185890437 × 10^280 |
| 124 | ov_124 | 1.7423627289461656 × 10^280 |
| 125 | ov_125 | 9.145531878809514 × 10^279 |
| 126 | ov_126 | 4.068755151868878 × 10^279 |
| 127 | aaa_77_28 | 1.2984150877639194 × 10^279 |
| 128 | aaa_77_29 | 4.863084768102567 × 10^278 |
| 129 | ov_129 | 4.4313411124729316 × 10^278 |
| 130 | ov_130 | 4.431330579548166 × 10^278 |
| 131 | ov_131 | 4.431327200217757 × 10^278 |
| 132 | ov_132 | 3.8276411650824466 × 10^278 |
| 133 | ov_133 | 3.288083413381491 × 10^278 |
| 134 | ov_134 | 2.807733430274614 × 10^278 |
| 135 | ov_135 | 2.381942217707468 × 10^278 |
| 136 | ov_136 | 2.006312430767849 × 10^278 |
| 137 | ov_137 | 1.6766810897068872 × 10^278 |
| 138 | ov_138 | 1.3891046465180134 × 10^278 |
| 139 | ov_139 | 1.139846209678789 × 10^278 |
| 140 | ov_140 | 9.253647432673126 × 10^277 |
| 141 | ov_141 | 7.423060406904095 × 10^277 |
| 142 | ov_142 | 5.874952711556959 × 10^277 |
| 143 | ov_143 | 4.579309088470562 × 10^277 |
| 144 | ov_144 | 3.507798664502323 × 10^277 |
| 145 | ov_145 | 2.633736662638993 × 10^277 |
| 146 | ov_146 | 1.9320549365403036 × 10^277 |
| 147 | ov_147 | 1.37927989089276 × 10^277 |
| 148 | ov_148 | 9.535164644870976 × 10^276 |
| 149 | ov_149 | 6.344369673093763 × 10^276 |
| 150 | ov_150 | 4.032736772133575 × 10^276 |
| 151 | ov_151 | 2.4281421595639423 × 10^276 |
| 152 | ov_152 | 1.3739883855481682 × 10^276 |
| 153 | ov_153 | 7.291891678950977 × 10^275 |
| 154 | ov_154 | 3.681610287295555 × 10^275 |
| 155 | ov_155 | 1.808185963031221 × 10^275 |
| 156 | aaa_76_25 | 7.257204362124964 × 10^274 |
| 157 | aaa_76_26 | 4.464410919908229 × 10^274 |
| 158 | aaa_76_27 | 2.4462707225306544 × 10^274 |
| 159 | aaa_76_28 | 1.1519200859268789 × 10^274 |
| 160 | aaa_76_29 | 4.333691964500184 × 10^273 |

### Output Bits Sorted by Complexity

| Rank | Output Bit | Complexity |
|:----:|:----------:|:----------:|
| 160 | aaa_76_29 | 4.333691964500184 × 10^273 |
| 159 | aaa_76_28 | 1.1519200859268789 × 10^274 |
| 158 | aaa_76_27 | 2.4462707225306544 × 10^274 |
| 157 | aaa_76_26 | 4.464410919908229 × 10^274 |
| 156 | aaa_76_25 | 7.257204362124964 × 10^274 |
| 155 | ov_155 | 1.808185963031221 × 10^275 |
| 154 | ov_154 | 3.681610287295555 × 10^275 |
| 153 | ov_153 | 7.291891678950977 × 10^275 |
| 152 | ov_152 | 1.3739883855481682 × 10^276 |
| 151 | ov_151 | 2.4281421595639423 × 10^276 |
| 150 | ov_150 | 4.032736772133575 × 10^276 |
| 149 | ov_149 | 6.344369673093763 × 10^276 |
| 148 | ov_148 | 9.535164644870976 × 10^276 |
| 147 | ov_147 | 1.37927989089276 × 10^277 |
| 146 | ov_146 | 1.9320549365403036 × 10^277 |
| 145 | ov_145 | 2.633736662638993 × 10^277 |
| 144 | ov_144 | 3.507798664502323 × 10^277 |
| 143 | ov_143 | 4.579309088470562 × 10^277 |
| 142 | ov_142 | 5.874952711556959 × 10^277 |
| 141 | ov_141 | 7.423060406904095 × 10^277 |
| 140 | ov_140 | 9.253647432673126 × 10^277 |
| 139 | ov_139 | 1.139846209678789 × 10^278 |
| 138 | ov_138 | 1.3891046465180134 × 10^278 |
| 137 | ov_137 | 1.6766810897068872 × 10^278 |
| 136 | ov_136 | 2.006312430767849 × 10^278 |
| 135 | ov_135 | 2.381942217707468 × 10^278 |
| 134 | ov_134 | 2.807733430274614 × 10^278 |
| 133 | ov_133 | 3.288083413381491 × 10^278 |
| 132 | ov_132 | 3.8276411650824466 × 10^278 |
| 131 | ov_131 | 4.431327200217757 × 10^278 |
| 130 | ov_130 | 4.431330579548166 × 10^278 |
| 129 | ov_129 | 4.4313411124729316 × 10^278 |
| 128 | aaa_77_29 | 4.863084768102567 × 10^278 |
| 127 | aaa_77_28 | 1.2984150877639194 × 10^279 |
| 126 | ov_126 | 4.068755151868878 × 10^279 |
| 125 | ov_125 | 9.145531878809514 × 10^279 |
| 124 | ov_124 | 1.7423627289461656 × 10^280 |
| 123 | ov_123 | 2.9797930185890437 × 10^280 |
| 122 | ov_122 | 4.716335061542175 × 10^280 |
| 121 | ov_121 | 7.041485046996308 × 10^280 |
| 120 | ov_120 | 1.0044749674747114 × 10^281 |
| 119 | ov_119 | 1.3815654279778542 × 10^281 |
| 118 | ov_118 | 1.844375400506315 × 10^281 |
| 117 | ov_117 | 2.4018651640984414 × 10^281 |
| 116 | ov_116 | 3.063003438324537 × 10^281 |
| 115 | ov_115 | 3.836774486005355 × 10^281 |
| 114 | ov_114 | 4.732189619440285 × 10^281 |
| 113 | ov_113 | 5.7583037300961945 × 10^281 |
| 112 | ov_112 | 6.92423746191168 × 10^281 |
| 111 | ov_111 | 8.239205648737249 × 10^281 |
| 110 | ov_110 | 9.712552637089899 × 10^281 |
| 109 | ov_109 | 1.1353795116556989 × 10^282 |
| 108 | ov_108 | 1.3172673082120264 × 10^282 |
| 107 | ov_107 | 1.5179209555716599 × 10^282 |
| 106 | ov_106 | 1.738377969892642 × 10^282 |
| 105 | ov_105 | 1.9797189955237133 × 10^282 |
| 104 | ov_104 | 2.2430767869276536 × 10^282 |
| 103 | ov_103 | 2.5296463242309935 × 10^282 |
| 102 | ov_102 | 2.8406961298780565 × 10^282 |
| 101 | ov_101 | 3.177580855832154 × 10^282 |
| 100 | ov_100 | 3.5417552132129384 × 10^282 |
| 96 | aaa_78_29 | 3.6115509838322036 × 10^282 |
| 99 | ov_099 | 3.934789319259386 × 10^282 |
| 98 | ov_098 | 3.9348268822380773 × 10^282 |
| 97 | ov_097 | 3.9349445873167243 × 10^282 |
| 95 | aaa_78_28 | 9.531079949901185 × 10^282 |
| 94 | ov_094 | 2.9632123323024587 × 10^283 |
| 93 | ov_093 | 6.610384481634454 × 10^283 |
| 92 | ov_092 | 1.2514018625126347 × 10^284 |
| 91 | ov_091 | 2.1293584902884103 × 10^284 |
| 90 | ov_090 | 3.644472451063403 × 10^284 |
| 89 | ov_089 | 6.557901433355965 × 10^284 |
| 88 | ov_088 | 1.175498119869248 × 10^285 |
| 87 | ov_087 | 2.0245556802806964 × 10^285 |
| 86 | ov_086 | 3.3164534758861195 × 10^285 |
| 85 | ov_085 | 5.1772727140694415 × 10^285 |
| 84 | ov_084 | 7.745805923041493 × 10^285 |
| 83 | ov_083 | 1.117372123191992 × 10^286 |
| 82 | ov_082 | 1.562577732781919 × 10^286 |
| 81 | ov_081 | 2.1280096252989027 × 10^286 |
| 80 | ov_080 | 2.8328501207199623 × 10^286 |
| 64 | lv_79_m31 | 3.0760356463425745 × 10^286 |
| 79 | ov_079 | 3.697692652405194 × 10^286 |
| 78 | ov_078 | 4.744590699583256 × 10^286 |
| 77 | ov_077 | 5.997115373203741 × 10^286 |
| 76 | ov_076 | 7.480422375479957 × 10^286 |
| 75 | ov_075 | 9.221329056390743 × 10^286 |
| 74 | ov_074 | 1.124840229491603 × 10^287 |
| 73 | ov_073 | 1.3592057939324156 × 10^287 |
| 63 | ov_063 | 1.5800285502710772 × 10^287 |
| 72 | ov_072 | 1.628467254993564 × 10^287 |
| 71 | ov_071 | 1.9360708200034126 × 10^287 |
| 70 | ov_070 | 2.285685110660618 × 10^287 |
| 69 | ov_069 | 2.6793247521020447 × 10^287 |
| 68 | ov_068 | 3.1211507145490807 × 10^287 |
| 67 | ov_067 | 3.615597075250137 × 10^287 |
| 66 | ov_066 | 3.615599940945506 × 10^287 |
| 65 | ov_065 | 3.6156087828343124 × 10^287 |
| 62 | ov_062 | 7.147389591811373 × 10^287 |
| 61 | ov_061 | 2.3668606974443985 × 10^288 |
| 60 | ov_060 | 6.321074817459134 × 10^288 |
| 59 | ov_059 | 1.4467974953570487 × 10^289 |
| 58 | ov_058 | 2.9431487741397515 × 10^289 |
| 57 | ov_057 | 5.456887851833955 × 10^289 |
| 56 | ov_056 | 9.397076901234073 × 10^289 |
| 55 | ov_055 | 1.5655180191494757 × 10^290 |
| 54 | ov_054 | 2.478694837242143 × 10^290 |
| 53 | ov_053 | 3.7977246517256155 × 10^290 |
| 52 | ov_052 | 5.655769149568418 × 10^290 |
| 51 | ov_051 | 8.200671485552441 × 10^290 |
| 50 | ov_050 | 1.1594966969376516 × 10^291 |
| 49 | ov_049 | 1.6015902431214487 × 10^291 |
| 48 | ov_048 | 2.1655470564689144 × 10^291 |
| 47 | ov_047 | 2.872046682894067 × 10^291 |
| 32 | lv_80_k31 | 3.2759128210824606 × 10^291 |
| 46 | ov_046 | 3.743257749026451 × 10^291 |
| 45 | ov_045 | 4.8028508388317486 × 10^291 |
| 44 | ov_044 | 6.06380382552547 × 10^291 |
| 43 | ov_043 | 7.539873655597833 × 10^291 |
| 42 | ov_042 | 9.24561433581774 × 10^291 |
| 41 | ov_041 | 1.1210953749829233 × 10^292 |
| 40 | ov_040 | 1.34521140449716 × 10^292 |
| 31 | ov_031 | 1.3524018744022464 × 10^292 |
| 39 | ov_039 | 1.6002422601506634 × 10^292 |
| 38 | ov_038 | 1.8897015083462254 × 10^292 |
| 37 | ov_037 | 2.2172927904830862 × 10^292 |
| 36 | ov_036 | 2.586920818476942 × 10^292 |
| 35 | ov_035 | 3.0027043272382574 × 10^292 |
| 34 | ov_034 | 3.4689912058341597 × 10^292 |
| 33 | ov_033 | 3.9903760434771253 × 10^292 |
| 30 | ov_030 | 5.581873216447109 × 10^292 |
| 29 | ov_029 | 1.6863337391910394 × 10^293 |
| 28 | ov_028 | 4.091386859198024 × 10^293 |
| 27 | ov_027 | 8.495960064657361 × 10^293 |
| 26 | ov_026 | 1.7674327196938685 × 10^294 |
| 25 | ov_025 | 3.79497981169372 × 10^294 |
| 24 | ov_024 | 7.71952359740868 × 10^294 |
| 23 | ov_023 | 1.4483316429734655 × 10^295 |
| 22 | ov_022 | 2.5183602224100217 × 10^295 |
| 21 | ov_021 | 4.1072669380877935 × 10^295 |
| 20 | ov_020 | 6.355794921391797 × 10^295 |
| 19 | ov_019 | 9.420218381085323 × 10^295 |
| 18 | ov_018 | 1.3472369720836517 × 10^296 |
| 17 | ov_017 | 1.8699681781403507 × 10^296 |
| 16 | ov_016 | 2.530525114316631 × 10^296 |
| 15 | ov_015 | 3.3507929934060408 × 10^296 |
| 14 | ov_014 | 4.354245572667735 × 10^296 |
| 13 | ov_013 | 5.565963076504365 × 10^296 |
| 12 | ov_012 | 7.012656293667655 × 10^296 |
| 11 | ov_011 | 8.722698208190974 × 10^296 |
| 10 | ov_010 | 1.0726164641116526 × 10^297 |
| 9 | ov_009 | 1.3054885498334218 × 10^297 |
| 8 | ov_008 | 1.574250833869671 × 10^297 |
| 7 | ov_007 | 1.8824575974183312 × 10^297 |
| 6 | ov_006 | 2.2338619560845867 × 10^297 |
| 5 | ov_005 | 2.6324268364852145 × 10^297 |
| 4 | ov_004 | 3.082337748203978 × 10^297 |
| 3 | ov_003 | 3.5880175145254873 × 10^297 |
| 2 | ov_002 | 4.1541431482814945 × 10^297 |
| 1 | ov_001 | 4.783260783190116 × 10^297 |

