# Results for F001-F002-F003-F004-F005-F006-F007-F008-F009-F010-F011-F012-F013-F014-F015-F016-F017-F018-F019-F020-F021-F022-F023-F024-F025-F026-F027-F028-F029-F030-F031-F032-F033-F034-F035-F036-F037-F038-F039-F040-F041-F042-F043-F044-F045-F046-F047-F048-F049-F050-F051-F052-F053-F054-F055-F056-F057-F058-F059-F060-F061-F062-F063-F064-F065-F066-F067-F068-F069-F070-F071-F072-F073-F074-F075-F076-F077-F078-F079-F080-F081-F082-F083-F084-F085-F086-F087-F088-F089-F090-F091-F092-F093-F094-F095-F096-F097-F098-F099-F100-F101-F102-F103-F104-F105-F106-F107-F108-F109-F110-F111-F112-F113-F114-F115-F116-F117-F118-F119-F120-F121-F122-F123-F124-F125-F126-F127-F128-F129-F130-F131-F132-F133-F134-F135-F136-F137-F138-F139-F140-F141-F142-F143-F144-F145-F146-F147-F148-F149-F150-F151-F152-F153-F154-F155-F156-F157-F158-F159-F160-F161-F162-F163-F164-F165-F166-F167-F168-F169-F170-F171-F172-F173-F174-F175-F176-F177-F178-F179-F180-F181-F182-F183-F184-F185-F186-F187-F188-F189-F190-F191-F192-F193-F194-F195-F196-F197-F198-F199-F200-F201-F202-F203-F204-F205-F206-F207-F208-F209-F210-F211-F212-F213-F214-F215-F216-F217-F218-F219-F220-F221-F222-F223-F224-F225-F226-F227-F228-F229-F230-F231-F232-F233-F234-F235-F236-F237-F238-F239-F240-F241-F242-F243-F244-F245-F246-F247-F248-F249-F250-F251-F252-F253-F254-F255-F256-F257-F258-F259-F260-F261-F262-F263-F264-F265-F266-F267-F268-F269-F270-F271-F272-F273-F274-F275-F276-F277-F278-F279-F280-F281-F282-F283-F284-F285-F286-F287-F288-F289-F290-F291-F292-F293-F294-F295-F296-F297-F298-F299-F300-F301-F302-F303-F304-F305-F306-F307-F308-F309-F310-F311-F312-F313-F314-F315-F316-F317-F318-F319-F320-F321-F322-F323-F324-F325-F326-F327-F328-F329-F330-F331-F332-F333-F334-F335-F336-F337-F338-F339-F340-F341-F342-F343-F344-F345-F346-F347-F348-F349-F350-F351-F352-F353-F354-F355-F356-F357-F358-F359-F360-F361-F362-F363-F364-F365-F366-F367-F368-F369-F370-F371-F372-F373-F374-F375-F376-F377-F378-F379-F380-F381-F382-F383-F384-F385-F386-F387-F388-F389-F390-F391-F392-F393-F394-F395-F396-F397-F398-F399-F400-F401-F402-F403-F404-F405-F406-F407-F408-F409-F410-F411-F412-F413-F414-F415-F416-F417-F418-F419-F420-F421-F422-F423-F424-F425-F426-F427-F428-F429-F430-F431-F432-F433-F434-F435-F436-F437-F438-F439-F440-F441-F442-F443-F444-F445-F446-F447-F448-F449-F450-F451-F452-F453-F454-F455-F456-F457-F458-F459-F460-F461-F462-F463-F464-F465-F466-F467-F468-F469-F470-F471-F472-F473-F474-F475-F476-F477-F478-F479-F480-F481-F482-F483-F484-F485-F486-F487-F488-F489-F490-F491-F492-F493-F494-F495-F496-F497-F498-F499-F500-O501509-F510-F512

## Summary

Number of input bits: 512  
Number of free input bits: 9  
Number of output bits: 160

Number of direct occurrences: 36817  
Number of assignments: 30961  
Number of operations: 11035574
(xor: 11006665,
and: 15773,
or: 13136)

Total complexity: 6.4839072606891044 × 10^299

Least occurring input variable: iv_502 (3912)  
Most occurring input variable: iv_501 (4370)

Most co-occurring input variables: iv_505-iv_507 (2051)  
Least co-occurring input variables: iv_502-iv_504 (1803)

Potentially most occurring input variable: iv_501/iv_503 (4623)  
Potentially least occurring input variable: iv_504/iv_505 (4011)

Least output occurring input variable: iv_503 (72)  
Most output occurring input variable: iv_502 (84)

Most output co-occurring input variables: iv_502-iv_504 (47)  
Least output co-occurring input variables: iv_507-iv_508 (29)

Potentially most output occurring input variable: iv_507/iv_508 (90)  
Potentially least output occurring input variable: iv_504/iv_508 (66)

Least complex input bit: iv_511 (8.832125948440861 × 10^295)  
Most complex input bit: iv_501 (1.2999452324036533 × 10^299)

Least complex output bit: aaa_76_29 (2.145264360363665 × 10^274)  
Most complex output bit: ov_001 (1.0325068088523625 × 10^299)

Least complex input/output complexity: iv_511/aaa_76_29 (2.922195562281934 × 10^270)  
Most complex input/output complexity:  (2.070051667348015 × 10^298)

## Input Bits

### Input Bits in Regular Order

| Input Bit | Complexity | Occurrences | Output Occurrences |
|:---------:|:----------:|:-----------:|:------------------:|
| iv_501 | 1.2999452324036533 × 10^299 | 4370 | 80 |
| iv_502 | 2.6040126475197435 × 10^298 | 3912 | 84 |
| iv_503 | 4.447557496837523 × 10^298 | 4043 | 72 |
| iv_504 | 7.253291722395835 × 10^298 | 3923 | 80 |
| iv_505 | 1.1420775985128293 × 10^299 | 4080 | 82 |
| iv_506 | 6.05266232499321 × 10^298 | 3941 | 80 |
| iv_507 | 8.635690281995097 × 10^298 | 4168 | 76 |
| iv_508 | 1.1416797698036402 × 10^299 | 4122 | 72 |
| iv_511 | 8.832125948440861 × 10^295 | 4258 | 82 |

### Input Bits Sorted by Complexity

| Input Bit | Complexity | Occurrences | Output Occurrences |
|:---------:|:----------:|:-----------:|:------------------:|
| iv_511 | 8.832125948440861 × 10^295 | 4258 | 82 |
| iv_502 | 2.6040126475197435 × 10^298 | 3912 | 84 |
| iv_503 | 4.447557496837523 × 10^298 | 4043 | 72 |
| iv_506 | 6.05266232499321 × 10^298 | 3941 | 80 |
| iv_504 | 7.253291722395835 × 10^298 | 3923 | 80 |
| iv_507 | 8.635690281995097 × 10^298 | 4168 | 76 |
| iv_508 | 1.1416797698036402 × 10^299 | 4122 | 72 |
| iv_505 | 1.1420775985128293 × 10^299 | 4080 | 82 |
| iv_501 | 1.2999452324036533 × 10^299 | 4370 | 80 |

### Input Bits Sorted by Occurrences

| Input Bit | Complexity | Occurrences | Output Occurrences |
|:---------:|:----------:|:-----------:|:------------------:|
| iv_502 | 2.6040126475197435 × 10^298 | 3912 | 84 |
| iv_504 | 7.253291722395835 × 10^298 | 3923 | 80 |
| iv_506 | 6.05266232499321 × 10^298 | 3941 | 80 |
| iv_503 | 4.447557496837523 × 10^298 | 4043 | 72 |
| iv_505 | 1.1420775985128293 × 10^299 | 4080 | 82 |
| iv_508 | 1.1416797698036402 × 10^299 | 4122 | 72 |
| iv_507 | 8.635690281995097 × 10^298 | 4168 | 76 |
| iv_511 | 8.832125948440861 × 10^295 | 4258 | 82 |
| iv_501 | 1.2999452324036533 × 10^299 | 4370 | 80 |

### Input Bits Sorted by Output Occurrences

| Input Bit | Complexity | Occurrences | Output Occurrences |
|:---------:|:----------:|:-----------:|:------------------:|
| iv_503 | 4.447557496837523 × 10^298 | 4043 | 72 |
| iv_508 | 1.1416797698036402 × 10^299 | 4122 | 72 |
| iv_507 | 8.635690281995097 × 10^298 | 4168 | 76 |
| iv_501 | 1.2999452324036533 × 10^299 | 4370 | 80 |
| iv_504 | 7.253291722395835 × 10^298 | 3923 | 80 |
| iv_506 | 6.05266232499321 × 10^298 | 3941 | 80 |
| iv_505 | 1.1420775985128293 × 10^299 | 4080 | 82 |
| iv_511 | 8.832125948440861 × 10^295 | 4258 | 82 |
| iv_502 | 2.6040126475197435 × 10^298 | 3912 | 84 |

## Input Bit Co-occurrences

### Input Bit Co-occurrences Sorted by Co-occurrences

| Input Bits | Co-occurrences | Potential Occurrences | Output Co-occurrences | Potential Output Occurrences |
|:----------:|:--------------:|:---------------------:|:---------------------:|:----------------------------:|
| iv_505-iv_507 | 2051 | 4146 | 40 | 78 |
| iv_501-iv_511 | 2037 | 4554 | 40 | 82 |
| iv_501-iv_507 | 2031 | 4476 | 40 | 76 |
| iv_503-iv_511 | 2019 | 4263 | 35 | 84 |
| iv_507-iv_511 | 2017 | 4392 | 42 | 74 |
| iv_501-iv_508 | 2016 | 4460 | 36 | 80 |
| iv_504-iv_505 | 1996 | 4011 | 44 | 74 |
| iv_505-iv_511 | 1976 | 4386 | 40 | 84 |
| iv_505-iv_508 | 1976 | 4250 | 44 | 66 |

### Input Bit Co-occurrences Sorted by Potential Occurrences

| Input Bits | Co-occurrences | Potential Occurrences | Output Co-occurrences | Potential Output Occurrences |
|:----------:|:--------------:|:---------------------:|:---------------------:|:----------------------------:|
| iv_504-iv_505 | 1996 | 4011 | 44 | 74 |
| iv_502-iv_505 | 1931 | 4130 | 44 | 78 |
| iv_504-iv_506 | 1864 | 4136 | 44 | 72 |
| iv_505-iv_507 | 2051 | 4146 | 40 | 78 |
| iv_506-iv_507 | 1973 | 4163 | 35 | 86 |
| iv_503-iv_506 | 1904 | 4176 | 38 | 76 |
| iv_504-iv_508 | 1918 | 4209 | 43 | 66 |
| iv_502-iv_504 | 1803 | 4229 | 47 | 70 |
| iv_502-iv_506 | 1810 | 4233 | 44 | 76 |

### Input Bit Output Co-occurrences Sorted by Output Co-occurrences

| Input Bits | Co-occurrences | Potential Occurrences | Output Co-occurrences | Potential Output Occurrences |
|:----------:|:--------------:|:---------------------:|:---------------------:|:----------------------------:|
| iv_502-iv_504 | 1803 | 4229 | 47 | 70 |
| iv_502-iv_511 | 1905 | 4360 | 45 | 76 |
| iv_501-iv_505 | 1944 | 4562 | 44 | 74 |
| iv_504-iv_505 | 1996 | 4011 | 44 | 74 |
| iv_504-iv_506 | 1864 | 4136 | 44 | 72 |
| iv_502-iv_505 | 1931 | 4130 | 44 | 78 |
| iv_502-iv_506 | 1810 | 4233 | 44 | 76 |
| iv_505-iv_508 | 1976 | 4250 | 44 | 66 |
| iv_504-iv_508 | 1918 | 4209 | 43 | 66 |

### Input Bit Output Co-occurrences Sorted by Potential Output Occurrences

| Input Bits | Co-occurrences | Potential Occurrences | Output Co-occurrences | Potential Output Occurrences |
|:----------:|:--------------:|:---------------------:|:---------------------:|:----------------------------:|
| iv_504-iv_508 | 1918 | 4209 | 43 | 66 |
| iv_505-iv_508 | 1976 | 4250 | 44 | 66 |
| iv_502-iv_504 | 1803 | 4229 | 47 | 70 |
| iv_508-iv_511 | 1951 | 4478 | 42 | 70 |
| iv_504-iv_506 | 1864 | 4136 | 44 | 72 |
| iv_501-iv_505 | 1944 | 4562 | 44 | 74 |
| iv_504-iv_505 | 1996 | 4011 | 44 | 74 |
| iv_503-iv_507 | 1917 | 4377 | 37 | 74 |
| iv_507-iv_511 | 2017 | 4392 | 42 | 74 |

## Output Bits

### Output Bits in Regular Order

| Rank | Output Bit | Complexity |
|:----:|:----------:|:----------:|
| 1 | ov_001 | 1.0325068088523625 × 10^299 |
| 2 | ov_002 | 8.96706446835816 × 10^298 |
| 3 | ov_003 | 7.745034376528796 × 10^298 |
| 4 | ov_004 | 6.65348179745591 × 10^298 |
| 5 | ov_005 | 5.682311037220679 × 10^298 |
| 6 | ov_006 | 4.821975078353137 × 10^298 |
| 7 | ov_007 | 4.063439154638212 × 10^298 |
| 8 | ov_008 | 3.398148956050492 × 10^298 |
| 9 | ov_009 | 2.8180030615631445 × 10^298 |
| 10 | ov_010 | 2.3153292470484408 × 10^298 |
| 11 | ov_011 | 1.8828643923176814 × 10^298 |
| 12 | ov_012 | 1.513737731671794 × 10^298 |
| 13 | ov_013 | 1.2014571331117307 × 10^298 |
| 14 | ov_014 | 9.398980367470558 × 10^297 |
| 15 | ov_015 | 7.232946824269152 × 10^297 |
| 16 | ov_016 | 5.4623328226927366 × 10^297 |
| 17 | ov_017 | 4.036468192857991 × 10^297 |
| 18 | ov_018 | 2.9081117873847573 × 10^297 |
| 19 | ov_019 | 2.0334234425322554 × 10^297 |
| 20 | ov_020 | 1.371944160768973 × 10^297 |
| 21 | ov_021 | 8.865824462159427 × 10^296 |
| 22 | ov_022 | 5.436051860108241 × 10^296 |
| 23 | ov_023 | 3.1263179641191246 × 10^296 |
| 24 | ov_024 | 1.6663059905904094 × 10^296 |
| 25 | ov_025 | 8.191669602983277 × 10^295 |
| 26 | ov_026 | 3.8150827251205414 × 10^295 |
| 27 | ov_027 | 1.833881938410879 × 10^295 |
| 28 | ov_028 | 8.831354570962118 × 10^294 |
| 29 | ov_029 | 3.639972132423039 × 10^294 |
| 30 | ov_030 | 1.2048483567682236 × 10^294 |
| 31 | ov_031 | 2.919147645701526 × 10^293 |
| 32 | lv_80_k31 | 7.070996910299249 × 10^292 |
| 33 | ov_033 | 8.613288642704795 × 10^293 |
| 34 | ov_034 | 7.487783543041956 × 10^293 |
| 35 | ov_035 | 6.481248089385519 × 10^293 |
| 36 | ov_036 | 5.583753177121545 × 10^293 |
| 37 | ov_037 | 4.78590460465276 × 10^293 |
| 38 | ov_038 | 4.0788049135717775 × 10^293 |
| 39 | ov_039 | 3.4540204199131392 × 10^293 |
| 40 | ov_040 | 2.903552949168362 × 10^293 |
| 41 | ov_041 | 2.4198158121853153 × 10^293 |
| 42 | ov_042 | 1.995613583110602 × 10^293 |
| 43 | ov_043 | 1.627444061371672 × 10^293 |
| 44 | ov_044 | 1.3088468374378227 × 10^293 |
| 45 | ov_045 | 1.0366802989131053 × 10^293 |
| 46 | ov_046 | 8.079750234997452 × 10^292 |
| 47 | ov_047 | 6.199298413322794 × 10^292 |
| 48 | ov_048 | 4.674357810537184 × 10^292 |
| 49 | ov_049 | 3.4570808794497776 × 10^292 |
| 50 | ov_050 | 2.5028341325921856 × 10^292 |
| 51 | ov_051 | 1.7701789568199848 × 10^292 |
| 52 | ov_052 | 1.2208592425606295 × 10^292 |
| 53 | ov_053 | 8.197939434461052 × 10^291 |
| 54 | ov_054 | 5.3507290412780694 × 10^291 |
| 55 | ov_055 | 3.379545782499453 × 10^291 |
| 56 | ov_056 | 2.028647018248045 × 10^291 |
| 57 | ov_057 | 1.1780783656333253 × 10^291 |
| 58 | ov_058 | 6.354215251743912 × 10^290 |
| 59 | ov_059 | 3.1238184364673394 × 10^290 |
| 60 | ov_060 | 1.3649281571037797 × 10^290 |
| 61 | ov_061 | 5.111574374893025 × 10^289 |
| 62 | ov_062 | 1.543963122345325 × 10^289 |
| 63 | ov_063 | 3.41467146633687 × 10^288 |
| 64 | lv_79_m31 | 6.652165148614988 × 10^287 |
| 65 | ov_065 | 7.839503593189506 × 10^288 |
| 66 | ov_066 | 7.839487236266961 × 10^288 |
| 67 | ov_067 | 7.839482128409721 × 10^288 |
| 68 | ov_068 | 6.7729975998892 × 10^288 |
| 69 | ov_069 | 5.818940660943176 × 10^288 |
| 70 | ov_070 | 4.968978495448932 × 10^288 |
| 71 | ov_071 | 4.215173089091968 × 10^288 |
| 72 | ov_072 | 3.5499565740442485 × 10^288 |
| 73 | ov_073 | 2.966111672804125 × 10^288 |
| 74 | ov_074 | 2.4567564338636574 × 10^288 |
| 75 | ov_075 | 2.0153324939584042 × 10^288 |
| 76 | ov_076 | 1.635596142179856 × 10^288 |
| 77 | ov_077 | 1.3116115004864032 × 10^288 |
| 78 | ov_078 | 1.0377451733911078 × 10^288 |
| 79 | ov_079 | 8.086618218487966 × 10^287 |
| 80 | ov_080 | 6.193203431036673 × 10^287 |
| 81 | ov_081 | 4.649705511010473 × 10^287 |
| 82 | ov_082 | 3.411503216069238 × 10^287 |
| 83 | ov_083 | 2.436831663248866 × 10^287 |
| 84 | ov_084 | 1.6867620038990532 × 10^287 |
| 85 | ov_085 | 1.1251846767045004 × 10^287 |
| 86 | ov_086 | 7.187958833990882 × 10^286 |
| 87 | ov_087 | 4.370869319550682 × 10^286 |
| 88 | ov_088 | 2.5233609213635225 × 10^286 |
| 89 | ov_089 | 1.3960260837183794 × 10^286 |
| 90 | ov_090 | 7.672251494447297 × 10^285 |
| 91 | ov_091 | 4.430589851432807 × 10^285 |
| 92 | ov_092 | 2.573525599947885 × 10^285 |
| 93 | ov_093 | 1.3394790712851651 × 10^285 |
| 94 | ov_094 | 5.899001650624301 × 10^284 |
| 95 | aaa_78_28 | 1.8624254686069144 × 10^284 |
| 96 | aaa_78_29 | 6.865582249261264 × 10^283 |
| 97 | ov_097 | 5.760973588927786 × 10^283 |
| 98 | ov_098 | 5.760915230908868 × 10^283 |
| 99 | ov_099 | 5.760896607005866 × 10^283 |
| 100 | ov_100 | 4.75698053175885 × 10^283 |
| 101 | ov_101 | 3.897044388647445 × 10^283 |
| 102 | ov_102 | 3.1667805185657966 × 10^283 |
| 103 | ov_103 | 2.552659712127296 × 10^283 |
| 104 | ov_104 | 2.0418739881094903 × 10^283 |
| 105 | ov_105 | 1.622286980516107 × 10^283 |
| 106 | ov_106 | 1.282391231935873 × 10^283 |
| 107 | ov_107 | 1.0112717278692946 × 10^283 |
| 108 | ov_108 | 7.985750422327283 × 10^282 |
| 109 | ov_109 | 6.344834986023675 × 10^282 |
| 110 | ov_110 | 5.0969378516241465 × 10^282 |
| 111 | ov_111 | 4.1539949397326796 × 10^282 |
| 112 | ov_112 | 3.4327708725012575 × 10^282 |
| 113 | ov_113 | 2.8547482498361205 × 10^282 |
| 114 | ov_114 | 2.346042195590523 × 10^282 |
| 115 | ov_115 | 1.902131103515855 × 10^282 |
| 116 | ov_116 | 1.5185259683319998 × 10^282 |
| 117 | ov_117 | 1.1907593913932053 × 10^282 |
| 118 | ov_118 | 9.143773847934401 × 10^281 |
| 119 | ov_119 | 6.849336663518612 × 10^281 |
| 120 | ov_120 | 4.9798613801769195 × 10^281 |
| 121 | ov_121 | 3.49095063423173 × 10^281 |
| 122 | ov_122 | 2.338221834494073 × 10^281 |
| 123 | ov_123 | 1.4773016236014536 × 10^281 |
| 124 | ov_124 | 8.638218510743087 × 10^280 |
| 125 | ov_125 | 4.53416934065591 × 10^280 |
| 126 | ov_126 | 2.0172234158895483 × 10^280 |
| 127 | aaa_77_28 | 6.437387828204549 × 10^279 |
| 128 | aaa_77_29 | 2.4110867427442705 × 10^279 |
| 129 | ov_129 | 2.1970309173017602 × 10^279 |
| 130 | ov_130 | 2.1970257052735578 × 10^279 |
| 131 | ov_131 | 2.1970240340002975 × 10^279 |
| 132 | ov_132 | 1.8977674751003833 × 10^279 |
| 133 | ov_133 | 1.6302852714429388 × 10^279 |
| 134 | ov_134 | 1.3921433546153308 × 10^279 |
| 135 | ov_135 | 1.1810412255273197 × 10^279 |
| 136 | ov_136 | 9.948021954899879 × 10^278 |
| 137 | ov_137 | 8.313649298773843 × 10^278 |
| 138 | ov_138 | 6.887761803527313 × 10^278 |
| 139 | ov_139 | 5.651845899434036 × 10^278 |
| 140 | ov_140 | 4.5883546137310475 × 10^278 |
| 141 | ov_141 | 3.680663850188697 × 10^278 |
| 142 | ov_142 | 2.9130362869218976 × 10^278 |
| 143 | ov_143 | 2.2705919717924435 × 10^278 |
| 144 | ov_144 | 1.7392847514085102 × 10^278 |
| 145 | ov_145 | 1.3058837258920201 × 10^278 |
| 146 | ov_146 | 9.579589774183995 × 10^277 |
| 147 | ov_147 | 6.83870876155303 × 10^277 |
| 148 | ov_148 | 4.727623227182555 × 10^277 |
| 149 | ov_149 | 3.1455334167161087 × 10^277 |
| 150 | ov_150 | 1.9993749596334922 × 10^277 |
| 151 | ov_151 | 1.2037964751136923 × 10^277 |
| 152 | ov_152 | 6.811464446819714 × 10^276 |
| 153 | ov_153 | 3.6146586837296953 × 10^276 |
| 154 | ov_154 | 1.8248421497438402 × 10^276 |
| 155 | ov_155 | 8.96171472793736 × 10^275 |
| 156 | aaa_76_25 | 3.596528205759411 × 10^275 |
| 157 | aaa_76_26 | 2.2120596174682733 × 10^275 |
| 158 | aaa_76_27 | 1.2117787158870072 × 10^275 |
| 159 | aaa_76_28 | 5.704268548838615 × 10^274 |
| 160 | aaa_76_29 | 2.145264360363665 × 10^274 |

### Output Bits Sorted by Complexity

| Rank | Output Bit | Complexity |
|:----:|:----------:|:----------:|
| 160 | aaa_76_29 | 2.145264360363665 × 10^274 |
| 159 | aaa_76_28 | 5.704268548838615 × 10^274 |
| 158 | aaa_76_27 | 1.2117787158870072 × 10^275 |
| 157 | aaa_76_26 | 2.2120596174682733 × 10^275 |
| 156 | aaa_76_25 | 3.596528205759411 × 10^275 |
| 155 | ov_155 | 8.96171472793736 × 10^275 |
| 154 | ov_154 | 1.8248421497438402 × 10^276 |
| 153 | ov_153 | 3.6146586837296953 × 10^276 |
| 152 | ov_152 | 6.811464446819714 × 10^276 |
| 151 | ov_151 | 1.2037964751136923 × 10^277 |
| 150 | ov_150 | 1.9993749596334922 × 10^277 |
| 149 | ov_149 | 3.1455334167161087 × 10^277 |
| 148 | ov_148 | 4.727623227182555 × 10^277 |
| 147 | ov_147 | 6.83870876155303 × 10^277 |
| 146 | ov_146 | 9.579589774183995 × 10^277 |
| 145 | ov_145 | 1.3058837258920201 × 10^278 |
| 144 | ov_144 | 1.7392847514085102 × 10^278 |
| 143 | ov_143 | 2.2705919717924435 × 10^278 |
| 142 | ov_142 | 2.9130362869218976 × 10^278 |
| 141 | ov_141 | 3.680663850188697 × 10^278 |
| 140 | ov_140 | 4.5883546137310475 × 10^278 |
| 139 | ov_139 | 5.651845899434036 × 10^278 |
| 138 | ov_138 | 6.887761803527313 × 10^278 |
| 137 | ov_137 | 8.313649298773843 × 10^278 |
| 136 | ov_136 | 9.948021954899879 × 10^278 |
| 135 | ov_135 | 1.1810412255273197 × 10^279 |
| 134 | ov_134 | 1.3921433546153308 × 10^279 |
| 133 | ov_133 | 1.6302852714429388 × 10^279 |
| 132 | ov_132 | 1.8977674751003833 × 10^279 |
| 131 | ov_131 | 2.1970240340002975 × 10^279 |
| 130 | ov_130 | 2.1970257052735578 × 10^279 |
| 129 | ov_129 | 2.1970309173017602 × 10^279 |
| 128 | aaa_77_29 | 2.4110867427442705 × 10^279 |
| 127 | aaa_77_28 | 6.437387828204549 × 10^279 |
| 126 | ov_126 | 2.0172234158895483 × 10^280 |
| 125 | ov_125 | 4.53416934065591 × 10^280 |
| 124 | ov_124 | 8.638218510743087 × 10^280 |
| 123 | ov_123 | 1.4773016236014536 × 10^281 |
| 122 | ov_122 | 2.338221834494073 × 10^281 |
| 121 | ov_121 | 3.49095063423173 × 10^281 |
| 120 | ov_120 | 4.9798613801769195 × 10^281 |
| 119 | ov_119 | 6.849336663518612 × 10^281 |
| 118 | ov_118 | 9.143773847934401 × 10^281 |
| 117 | ov_117 | 1.1907593913932053 × 10^282 |
| 116 | ov_116 | 1.5185259683319998 × 10^282 |
| 115 | ov_115 | 1.902131103515855 × 10^282 |
| 114 | ov_114 | 2.346042195590523 × 10^282 |
| 113 | ov_113 | 2.8547482498361205 × 10^282 |
| 112 | ov_112 | 3.4327708725012575 × 10^282 |
| 111 | ov_111 | 4.1539949397326796 × 10^282 |
| 110 | ov_110 | 5.0969378516241465 × 10^282 |
| 109 | ov_109 | 6.344834986023675 × 10^282 |
| 108 | ov_108 | 7.985750422327283 × 10^282 |
| 107 | ov_107 | 1.0112717278692946 × 10^283 |
| 106 | ov_106 | 1.282391231935873 × 10^283 |
| 105 | ov_105 | 1.622286980516107 × 10^283 |
| 104 | ov_104 | 2.0418739881094903 × 10^283 |
| 103 | ov_103 | 2.552659712127296 × 10^283 |
| 102 | ov_102 | 3.1667805185657966 × 10^283 |
| 101 | ov_101 | 3.897044388647445 × 10^283 |
| 100 | ov_100 | 4.75698053175885 × 10^283 |
| 99 | ov_099 | 5.760896607005866 × 10^283 |
| 98 | ov_098 | 5.760915230908868 × 10^283 |
| 97 | ov_097 | 5.760973588927786 × 10^283 |
| 96 | aaa_78_29 | 6.865582249261264 × 10^283 |
| 95 | aaa_78_28 | 1.8624254686069144 × 10^284 |
| 94 | ov_094 | 5.899001650624301 × 10^284 |
| 93 | ov_093 | 1.3394790712851651 × 10^285 |
| 92 | ov_092 | 2.573525599947885 × 10^285 |
| 91 | ov_091 | 4.430589851432807 × 10^285 |
| 90 | ov_090 | 7.672251494447297 × 10^285 |
| 89 | ov_089 | 1.3960260837183794 × 10^286 |
| 88 | ov_088 | 2.5233609213635225 × 10^286 |
| 87 | ov_087 | 4.370869319550682 × 10^286 |
| 86 | ov_086 | 7.187958833990882 × 10^286 |
| 85 | ov_085 | 1.1251846767045004 × 10^287 |
| 84 | ov_084 | 1.6867620038990532 × 10^287 |
| 83 | ov_083 | 2.436831663248866 × 10^287 |
| 82 | ov_082 | 3.411503216069238 × 10^287 |
| 81 | ov_081 | 4.649705511010473 × 10^287 |
| 80 | ov_080 | 6.193203431036673 × 10^287 |
| 64 | lv_79_m31 | 6.652165148614988 × 10^287 |
| 79 | ov_079 | 8.086618218487966 × 10^287 |
| 78 | ov_078 | 1.0377451733911078 × 10^288 |
| 77 | ov_077 | 1.3116115004864032 × 10^288 |
| 76 | ov_076 | 1.635596142179856 × 10^288 |
| 75 | ov_075 | 2.0153324939584042 × 10^288 |
| 74 | ov_074 | 2.4567564338636574 × 10^288 |
| 73 | ov_073 | 2.966111672804125 × 10^288 |
| 63 | ov_063 | 3.41467146633687 × 10^288 |
| 72 | ov_072 | 3.5499565740442485 × 10^288 |
| 71 | ov_071 | 4.215173089091968 × 10^288 |
| 70 | ov_070 | 4.968978495448932 × 10^288 |
| 69 | ov_069 | 5.818940660943176 × 10^288 |
| 68 | ov_068 | 6.7729975998892 × 10^288 |
| 67 | ov_067 | 7.839482128409721 × 10^288 |
| 66 | ov_066 | 7.839487236266961 × 10^288 |
| 65 | ov_065 | 7.839503593189506 × 10^288 |
| 62 | ov_062 | 1.543963122345325 × 10^289 |
| 61 | ov_061 | 5.111574374893025 × 10^289 |
| 60 | ov_060 | 1.3649281571037797 × 10^290 |
| 59 | ov_059 | 3.1238184364673394 × 10^290 |
| 58 | ov_058 | 6.354215251743912 × 10^290 |
| 57 | ov_057 | 1.1780783656333253 × 10^291 |
| 56 | ov_056 | 2.028647018248045 × 10^291 |
| 55 | ov_055 | 3.379545782499453 × 10^291 |
| 54 | ov_054 | 5.3507290412780694 × 10^291 |
| 53 | ov_053 | 8.197939434461052 × 10^291 |
| 52 | ov_052 | 1.2208592425606295 × 10^292 |
| 51 | ov_051 | 1.7701789568199848 × 10^292 |
| 50 | ov_050 | 2.5028341325921856 × 10^292 |
| 49 | ov_049 | 3.4570808794497776 × 10^292 |
| 48 | ov_048 | 4.674357810537184 × 10^292 |
| 47 | ov_047 | 6.199298413322794 × 10^292 |
| 32 | lv_80_k31 | 7.070996910299249 × 10^292 |
| 46 | ov_046 | 8.079750234997452 × 10^292 |
| 45 | ov_045 | 1.0366802989131053 × 10^293 |
| 44 | ov_044 | 1.3088468374378227 × 10^293 |
| 43 | ov_043 | 1.627444061371672 × 10^293 |
| 42 | ov_042 | 1.995613583110602 × 10^293 |
| 41 | ov_041 | 2.4198158121853153 × 10^293 |
| 40 | ov_040 | 2.903552949168362 × 10^293 |
| 31 | ov_031 | 2.919147645701526 × 10^293 |
| 39 | ov_039 | 3.4540204199131392 × 10^293 |
| 38 | ov_038 | 4.0788049135717775 × 10^293 |
| 37 | ov_037 | 4.78590460465276 × 10^293 |
| 36 | ov_036 | 5.583753177121545 × 10^293 |
| 35 | ov_035 | 6.481248089385519 × 10^293 |
| 34 | ov_034 | 7.487783543041956 × 10^293 |
| 33 | ov_033 | 8.613288642704795 × 10^293 |
| 30 | ov_030 | 1.2048483567682236 × 10^294 |
| 29 | ov_029 | 3.639972132423039 × 10^294 |
| 28 | ov_028 | 8.831354570962118 × 10^294 |
| 27 | ov_027 | 1.833881938410879 × 10^295 |
| 26 | ov_026 | 3.8150827251205414 × 10^295 |
| 25 | ov_025 | 8.191669602983277 × 10^295 |
| 24 | ov_024 | 1.6663059905904094 × 10^296 |
| 23 | ov_023 | 3.1263179641191246 × 10^296 |
| 22 | ov_022 | 5.436051860108241 × 10^296 |
| 21 | ov_021 | 8.865824462159427 × 10^296 |
| 20 | ov_020 | 1.371944160768973 × 10^297 |
| 19 | ov_019 | 2.0334234425322554 × 10^297 |
| 18 | ov_018 | 2.9081117873847573 × 10^297 |
| 17 | ov_017 | 4.036468192857991 × 10^297 |
| 16 | ov_016 | 5.4623328226927366 × 10^297 |
| 15 | ov_015 | 7.232946824269152 × 10^297 |
| 14 | ov_014 | 9.398980367470558 × 10^297 |
| 13 | ov_013 | 1.2014571331117307 × 10^298 |
| 12 | ov_012 | 1.513737731671794 × 10^298 |
| 11 | ov_011 | 1.8828643923176814 × 10^298 |
| 10 | ov_010 | 2.3153292470484408 × 10^298 |
| 9 | ov_009 | 2.8180030615631445 × 10^298 |
| 8 | ov_008 | 3.398148956050492 × 10^298 |
| 7 | ov_007 | 4.063439154638212 × 10^298 |
| 6 | ov_006 | 4.821975078353137 × 10^298 |
| 5 | ov_005 | 5.682311037220679 × 10^298 |
| 4 | ov_004 | 6.65348179745591 × 10^298 |
| 3 | ov_003 | 7.745034376528796 × 10^298 |
| 2 | ov_002 | 8.96706446835816 × 10^298 |
| 1 | ov_001 | 1.0325068088523625 × 10^299 |

