# Results for F001-F002-F003-F004-F005-F006-F007-F008-F009-F010-F011-F012-F013-F014-F015-F016-F017-F018-F019-F020-F021-F022-F023-F024-F025-F026-F027-F028-F029-F030-F031-F032-F033-F034-F035-F036-F037-F038-F039-F040-F041-F042-F043-F044-F045-F046-F047-F048-F049-F050-F051-F052-F053-F054-F055-F056-F057-F058-F059-F060-F061-F062-F063-F064-F065-F066-F067-F068-F069-F070-F071-F072-F073-F074-F075-F076-F077-F078-F079-F080-F081-F082-F083-F084-F085-F086-F087-F088-F089-F090-F091-F092-F093-F094-F095-F096-F097-F098-F099-F100-F101-F102-F103-F104-F105-F106-F107-F108-F109-F110-F111-F112-F113-F114-F115-F116-F117-F118-F119-F120-F121-F122-F123-F124-F125-F126-F127-F128-F129-F130-F131-F132-F133-F134-F135-F136-F137-F138-F139-F140-F141-F142-F143-F144-F145-F146-F147-F148-F149-F150-F151-F152-F153-F154-F155-F156-F157-F158-F159-F160-F161-F162-F163-F164-F165-F166-F167-F168-F169-F170-F171-F172-F173-F174-F175-F176-F177-F178-F179-F180-F181-F182-F183-F184-F185-F186-F187-F188-F189-F190-F191-F192-F193-F194-F195-F196-F197-F198-F199-F200-F201-F202-F203-F204-F205-F206-F207-F208-F209-F210-F211-F212-F213-F214-F215-F216-F217-F218-F219-F220-F221-F222-F223-F224-F225-F226-F227-F228-F229-F230-F231-F232-F233-F234-F235-F236-F237-F238-F239-F240-F241-F242-F243-F244-F245-F246-F247-F248-F249-F250-F251-F252-F253-F254-F255-F256-F257-F258-F259-F260-F261-F262-F263-F264-F265-F266-F267-F268-F269-F270-F271-F272-F273-F274-F275-F276-F277-F278-F279-F280-F281-F282-F283-F284-F285-F286-F287-F288-F289-F290-F291-F292-F293-F294-F295-F296-F297-F298-F299-F300-F301-F302-F303-F304-F305-F306-F307-F308-F309-F310-F311-F312-F313-F314-F315-F316-F317-F318-F319-F320-F321-F322-F323-F324-F325-F326-F327-F328-F329-F330-F331-F332-F333-F334-F335-F336-F337-F338-F339-F340-F341-F342-F343-F344-F345-F346-F347-F348-F349-F350-F351-F352-F353-F354-F355-F356-F357-F358-F359-F360-F361-F362-F363-F364-F365-F366-F367-F368-F369-F370-F371-F372-F373-F374-F375-F376-F377-F378-F379-F380-F381-F382-F383-F384-F385-F386-F387-F388-F389-F390-F391-F392-F393-F394-F395-F396-F397-F398-F399-F400-F401-F402-F403-F404-F405-F406-F407-F408-F409-F410-F411-F412-F413-F414-F415-F416-F417-F418-F419-F420-F421-F422-F423-F424-F425-F426-F427-F428-F429-F430-F431-F432-F433-F434-F435-F436-F437-F438-F439-F440-F441-F442-F443-F444-F445-F446-F447-F448-F449-F450-F451-F452-F453-F454-F455-F456-F457-F458-F459-F460-F461-F462-F463-F464-F465-F466-F467-F468-F469-F470-F471-F472-F473-F474-F475-F476-F477-F478-F479-F480-F481-F482-F483-F484-F485-F486-F487-F488-F489-F490-F491-F492-F493-F494-F495-F496-E499505-T503-E504506-F509-F510-F511-F512

## Summary

Number of input bits: 512  
Number of free input bits: 9  
Number of output bits: 160

Number of direct occurrences: 37243  
Number of assignments: 31225  
Number of operations: 11312977
(xor: 11284402,
and: 15268,
or: 13307)

Total complexity: 3.0309708575044415 × 10^303

Least occurring input variable: iv_502 (3862)  
Most occurring input variable: iv_499 (4359)

Most co-occurring input variables: iv_499-iv_500 (2111)  
Least co-occurring input variables: iv_498-iv_502 (1748)

Potentially most occurring input variable: iv_499/iv_508 (4620)  
Potentially least occurring input variable: iv_497/iv_500 (4203)

Least output occurring input variable: iv_502 (65)  
Most output occurring input variable: iv_497 (90)

Most output co-occurring input variables: iv_497-iv_504 (49)  
Least output co-occurring input variables: iv_502-iv_504 (26)

Potentially most output occurring input variable: iv_497/iv_501 (93)  
Potentially least output occurring input variable: iv_497/iv_504 (71)

Least complex input bit: iv_497 (1.1804513060746416 × 10^301)  
Most complex input bit: iv_504 (8.080554004435433 × 10^302)

Least complex output bit: aaa_76_29 (1.3444915673885376 × 10^278)  
Most complex output bit: ov_001 (4.848777379259865 × 10^302)

Least complex input/output complexity: iv_497/aaa_76_29 (5.236298537152188 × 10^275)  
Most complex input/output complexity: iv_504/ov_001 (1.2926817614094094 × 10^302)

## Input Bits

### Input Bits in Regular Order

| Input Bit | Complexity | Occurrences | Output Occurrences |
|:---------:|:----------:|:-----------:|:------------------:|
| iv_497 | 1.1804513060746416 × 10^301 | 4075 | 90 |
| iv_498 | 2.3622698797401663 × 10^301 | 3971 | 79 |
| iv_499 | 7.409518871327637 × 10^302 | 4359 | 84 |
| iv_500 | 7.02168922051053 × 10^301 | 4140 | 80 |
| iv_501 | 1.1557938086177436 × 10^302 | 4168 | 83 |
| iv_502 | 1.8632495491209382 × 10^302 | 3862 | 65 |
| iv_504 | 8.080554004435433 × 10^302 | 4226 | 79 |
| iv_507 | 4.976797287844611 × 10^302 | 4225 | 85 |
| iv_508 | 5.7673540130655 × 10^302 | 4217 | 80 |

### Input Bits Sorted by Complexity

| Input Bit | Complexity | Occurrences | Output Occurrences |
|:---------:|:----------:|:-----------:|:------------------:|
| iv_497 | 1.1804513060746416 × 10^301 | 4075 | 90 |
| iv_498 | 2.3622698797401663 × 10^301 | 3971 | 79 |
| iv_500 | 7.02168922051053 × 10^301 | 4140 | 80 |
| iv_501 | 1.1557938086177436 × 10^302 | 4168 | 83 |
| iv_502 | 1.8632495491209382 × 10^302 | 3862 | 65 |
| iv_507 | 4.976797287844611 × 10^302 | 4225 | 85 |
| iv_508 | 5.7673540130655 × 10^302 | 4217 | 80 |
| iv_499 | 7.409518871327637 × 10^302 | 4359 | 84 |
| iv_504 | 8.080554004435433 × 10^302 | 4226 | 79 |

### Input Bits Sorted by Occurrences

| Input Bit | Complexity | Occurrences | Output Occurrences |
|:---------:|:----------:|:-----------:|:------------------:|
| iv_502 | 1.8632495491209382 × 10^302 | 3862 | 65 |
| iv_498 | 2.3622698797401663 × 10^301 | 3971 | 79 |
| iv_497 | 1.1804513060746416 × 10^301 | 4075 | 90 |
| iv_500 | 7.02168922051053 × 10^301 | 4140 | 80 |
| iv_501 | 1.1557938086177436 × 10^302 | 4168 | 83 |
| iv_508 | 5.7673540130655 × 10^302 | 4217 | 80 |
| iv_507 | 4.976797287844611 × 10^302 | 4225 | 85 |
| iv_504 | 8.080554004435433 × 10^302 | 4226 | 79 |
| iv_499 | 7.409518871327637 × 10^302 | 4359 | 84 |

### Input Bits Sorted by Output Occurrences

| Input Bit | Complexity | Occurrences | Output Occurrences |
|:---------:|:----------:|:-----------:|:------------------:|
| iv_502 | 1.8632495491209382 × 10^302 | 3862 | 65 |
| iv_498 | 2.3622698797401663 × 10^301 | 3971 | 79 |
| iv_504 | 8.080554004435433 × 10^302 | 4226 | 79 |
| iv_508 | 5.7673540130655 × 10^302 | 4217 | 80 |
| iv_500 | 7.02168922051053 × 10^301 | 4140 | 80 |
| iv_501 | 1.1557938086177436 × 10^302 | 4168 | 83 |
| iv_499 | 7.409518871327637 × 10^302 | 4359 | 84 |
| iv_507 | 4.976797287844611 × 10^302 | 4225 | 85 |
| iv_497 | 1.1804513060746416 × 10^301 | 4075 | 90 |

## Input Bit Co-occurrences

### Input Bit Co-occurrences Sorted by Co-occurrences

| Input Bits | Co-occurrences | Potential Occurrences | Output Co-occurrences | Potential Output Occurrences |
|:----------:|:--------------:|:---------------------:|:---------------------:|:----------------------------:|
| iv_499-iv_500 | 2111 | 4277 | 44 | 76 |
| iv_499-iv_501 | 2086 | 4355 | 44 | 79 |
| iv_499-iv_504 | 2082 | 4421 | 42 | 79 |
| iv_499-iv_507 | 2072 | 4440 | 42 | 85 |
| iv_501-iv_507 | 2037 | 4319 | 43 | 82 |
| iv_507-iv_508 | 2034 | 4374 | 43 | 79 |
| iv_497-iv_507 | 2032 | 4236 | 46 | 83 |
| iv_500-iv_507 | 2028 | 4309 | 46 | 73 |
| iv_500-iv_504 | 2011 | 4344 | 40 | 79 |

### Input Bit Co-occurrences Sorted by Potential Occurrences

| Input Bits | Co-occurrences | Potential Occurrences | Output Co-occurrences | Potential Output Occurrences |
|:----------:|:--------------:|:---------------------:|:---------------------:|:----------------------------:|
| iv_497-iv_500 | 2006 | 4203 | 47 | 76 |
| iv_501-iv_502 | 1913 | 4204 | 29 | 90 |
| iv_497-iv_507 | 2032 | 4236 | 46 | 83 |
| iv_498-iv_501 | 1944 | 4251 | 40 | 82 |
| iv_499-iv_500 | 2111 | 4277 | 44 | 76 |
| iv_498-iv_508 | 1949 | 4290 | 40 | 79 |
| iv_502-iv_507 | 1898 | 4291 | 33 | 84 |
| iv_498-iv_500 | 1907 | 4297 | 40 | 79 |
| iv_497-iv_502 | 1819 | 4299 | 39 | 77 |

### Input Bit Output Co-occurrences Sorted by Output Co-occurrences

| Input Bits | Co-occurrences | Potential Occurrences | Output Co-occurrences | Potential Output Occurrences |
|:----------:|:--------------:|:---------------------:|:---------------------:|:----------------------------:|
| iv_497-iv_504 | 1964 | 4373 | 49 | 71 |
| iv_497-iv_499 | 1927 | 4580 | 47 | 80 |
| iv_497-iv_500 | 2006 | 4203 | 47 | 76 |
| iv_497-iv_507 | 2032 | 4236 | 46 | 83 |
| iv_500-iv_507 | 2028 | 4309 | 46 | 73 |
| iv_504-iv_507 | 1985 | 4481 | 45 | 74 |
| iv_499-iv_501 | 2086 | 4355 | 44 | 79 |
| iv_501-iv_504 | 2005 | 4384 | 44 | 74 |
| iv_499-iv_500 | 2111 | 4277 | 44 | 76 |

### Input Bit Output Co-occurrences Sorted by Potential Output Occurrences

| Input Bits | Co-occurrences | Potential Occurrences | Output Co-occurrences | Potential Output Occurrences |
|:----------:|:--------------:|:---------------------:|:---------------------:|:----------------------------:|
| iv_497-iv_504 | 1964 | 4373 | 49 | 71 |
| iv_500-iv_508 | 1997 | 4363 | 44 | 72 |
| iv_500-iv_507 | 2028 | 4309 | 46 | 73 |
| iv_501-iv_504 | 2005 | 4384 | 44 | 74 |
| iv_504-iv_507 | 1985 | 4481 | 45 | 74 |
| iv_497-iv_500 | 2006 | 4203 | 47 | 76 |
| iv_499-iv_500 | 2111 | 4277 | 44 | 76 |
| iv_498-iv_507 | 1927 | 4342 | 44 | 76 |
| iv_497-iv_502 | 1819 | 4299 | 39 | 77 |

## Output Bits

### Output Bits in Regular Order

| Rank | Output Bit | Complexity |
|:----:|:----------:|:----------:|
| 1 | ov_001 | 4.848777379259865 × 10^302 |
| 2 | ov_002 | 4.204865135561322 × 10^302 |
| 3 | ov_003 | 3.6280635282003183 × 10^302 |
| 4 | ov_004 | 3.1132841710674118 × 10^302 |
| 5 | ov_005 | 2.6557161341943564 × 10^302 |
| 6 | ov_006 | 2.250806259988488 × 10^302 |
| 7 | ov_007 | 1.8942420283326288 × 10^302 |
| 8 | ov_008 | 1.5819367995790298 × 10^302 |
| 9 | ov_009 | 1.3100172450834256 × 10^302 |
| 10 | ov_010 | 1.0748127400220586 × 10^302 |
| 11 | ov_011 | 8.728464906524236 × 10^301 |
| 12 | ov_012 | 7.008281811962924 × 10^301 |
| 13 | ov_013 | 5.556479382936661 × 10^301 |
| 14 | ov_014 | 4.343714338476692 × 10^301 |
| 15 | ov_015 | 3.3423598010030014 × 10^301 |
| 16 | ov_016 | 2.526474831106595 × 10^301 |
| 17 | ov_017 | 1.8717811248020354 × 10^301 |
| 18 | ov_018 | 1.3556454708039329 × 10^301 |
| 19 | ov_019 | 9.570666870296637 × 10^300 |
| 20 | ov_020 | 6.566659342364432 × 10^300 |
| 21 | ov_021 | 4.366795903004356 × 10^300 |
| 22 | ov_022 | 2.8095413144544602 × 10^300 |
| 23 | ov_023 | 1.7494259214872373 × 10^300 |
| 24 | ov_024 | 1.057022359659485 × 10^300 |
| 25 | ov_025 | 6.189313002020886 × 10^299 |
| 26 | ov_026 | 3.3777363949070017 × 10^299 |
| 27 | ov_027 | 1.6886423303007952 × 10^299 |
| 28 | ov_028 | 7.552567102502845 × 10^298 |
| 29 | ov_029 | 2.908790859634325 × 10^298 |
| 30 | ov_030 | 8.88816880403264 × 10^297 |
| 31 | ov_031 | 1.7327457114202406 × 10^297 |
| 32 | lv_80_m31 | 3.3774249418488272 × 10^296 |
| 33 | ov_033 | 4.057029883147996 × 10^297 |
| 34 | ov_034 | 3.5188524877138185 × 10^297 |
| 35 | ov_035 | 3.0359485871952216 × 10^297 |
| 36 | ov_036 | 2.6058655679634905 × 10^297 |
| 37 | ov_037 | 2.2240898333799754 × 10^297 |
| 38 | ov_038 | 1.8863473391696596 × 10^297 |
| 39 | ov_039 | 1.588587791587522 × 10^297 |
| 40 | ov_040 | 1.3269710843884322 × 10^297 |
| 41 | ov_041 | 1.0978557535479143 × 10^297 |
| 42 | ov_042 | 8.994694038297426 × 10^296 |
| 43 | ov_043 | 7.3013187146636456 × 10^296 |
| 44 | ov_044 | 5.867454470762506 × 10^296 |
| 45 | ov_045 | 4.663810341056012 × 10^296 |
| 46 | ov_046 | 3.662737699992705 × 10^296 |
| 47 | ov_047 | 2.8381957330348056 × 10^296 |
| 48 | ov_048 | 2.1657247290672557 × 10^296 |
| 49 | ov_049 | 1.6224258636470459 × 10^296 |
| 50 | ov_050 | 1.1972377848996187 × 10^296 |
| 51 | ov_051 | 8.703427438827824 × 10^295 |
| 52 | ov_052 | 6.234504711147911 × 10^295 |
| 53 | ov_053 | 4.3979279712557825 × 10^295 |
| 54 | ov_054 | 3.0411992085145937 × 10^295 |
| 55 | ov_055 | 2.0269790365425591 × 10^295 |
| 56 | ov_056 | 1.2903849436806553 × 10^295 |
| 57 | ov_057 | 7.741026828385346 × 10^294 |
| 58 | ov_058 | 4.2838277387570707 × 10^294 |
| 59 | ov_059 | 2.1103867324515904 × 10^294 |
| 60 | ov_060 | 8.744593771922941 × 10^293 |
| 61 | ov_061 | 3.0541920859365075 × 10^293 |
| 62 | ov_062 | 8.377140747731136 × 10^292 |
| 63 | ov_063 | 1.6324969101750062 × 10^292 |
| 64 | lv_79_m31 | 3.180578152919697 × 10^291 |
| 65 | ov_065 | 3.774502369960882 × 10^292 |
| 66 | ov_066 | 3.774491733472867 × 10^292 |
| 67 | ov_067 | 3.774489189290957 × 10^292 |
| 68 | ov_068 | 3.265162416681088 × 10^292 |
| 69 | ov_069 | 2.8094493858855457 × 10^292 |
| 70 | ov_070 | 2.4033588755405515 × 10^292 |
| 71 | ov_071 | 2.0430932267449702 × 10^292 |
| 72 | ov_072 | 1.7250354113792594 × 10^292 |
| 73 | ov_073 | 1.4457385191354994 × 10^292 |
| 74 | ov_074 | 1.2019173425753077 × 10^292 |
| 75 | ov_075 | 9.904417563884916 × 10^291 |
| 76 | ov_076 | 8.083316032493217 × 10^291 |
| 77 | ov_077 | 6.527528143750643 × 10^291 |
| 78 | ov_078 | 5.2101450818343245 × 10^291 |
| 79 | ov_079 | 4.10566825408231 × 10^291 |
| 80 | ov_080 | 3.1899927373869263 × 10^291 |
| 81 | ov_081 | 2.440393916430968 × 10^291 |
| 82 | ov_082 | 1.8355161988713185 × 10^291 |
| 83 | ov_083 | 1.3553634270201708 × 10^291 |
| 84 | ov_084 | 9.8129084472638 × 10^290 |
| 85 | ov_085 | 6.959984785468476 × 10^290 |
| 86 | ov_086 | 4.835257925639155 × 10^290 |
| 87 | ov_087 | 3.2924747638026825 × 10^290 |
| 88 | ov_088 | 2.1987022593256403 × 10^290 |
| 89 | ov_089 | 1.4343037682892029 × 10^290 |
| 90 | ov_090 | 8.929224994932135 × 10^289 |
| 91 | ov_091 | 5.246983538540636 × 10^289 |
| 92 | ov_092 | 2.8640366816052246 × 10^289 |
| 93 | ov_093 | 1.4144087804619935 × 10^289 |
| 94 | ov_094 | 5.9841369550747 × 10^288 |
| 95 | aaa_78_28 | 1.8265010230957862 × 10^288 |
| 96 | aaa_78_29 | 5.5072445406284904 × 10^287 |
| 97 | ov_097 | 2.8395906021520948 × 10^287 |
| 98 | ov_098 | 2.839567500173974 × 10^287 |
| 99 | ov_099 | 2.8395601248150948 × 10^287 |
| 100 | ov_100 | 2.3694824037687045 × 10^287 |
| 101 | ov_101 | 1.961558359011474 × 10^287 |
| 102 | ov_102 | 1.6100917101344432 × 10^287 |
| 103 | ov_103 | 1.309697482081175 × 10^287 |
| 104 | ov_104 | 1.0552792909589043 × 10^287 |
| 105 | ov_105 | 8.420096213642134 × 10^286 |
| 106 | ov_106 | 6.653128199400359 × 10^286 |
| 107 | ov_107 | 5.208505438970562 × 10^286 |
| 108 | ov_108 | 4.0450941678187536 × 10^286 |
| 109 | ov_109 | 3.1239065695422397 × 10^286 |
| 110 | ov_110 | 2.4080145712814186 × 10^286 |
| 111 | ov_111 | 1.8624790600637272 × 10^286 |
| 112 | ov_112 | 1.4542925555005853 × 10^286 |
| 113 | ov_113 | 1.152333498237764 × 10^286 |
| 114 | ov_114 | 9.273304367633971 × 10^285 |
| 115 | ov_115 | 7.518345178870325 × 10^285 |
| 116 | ov_116 | 6.001988086103839 × 10^285 |
| 117 | ov_117 | 4.706475289444199 × 10^285 |
| 118 | ov_118 | 3.6141269485455625 × 10^285 |
| 119 | ov_119 | 2.7073185463446505 × 10^285 |
| 120 | ov_120 | 1.9684640215041535 × 10^285 |
| 121 | ov_121 | 1.3800029062913362 × 10^285 |
| 122 | ov_122 | 9.243908604172914 × 10^284 |
| 123 | ov_123 | 5.840929913875784 × 10^284 |
| 124 | ov_124 | 3.41579351923764 × 10^284 |
| 125 | ov_125 | 1.793221529029029 × 10^284 |
| 126 | ov_126 | 7.979434298634225 × 10^283 |
| 127 | aaa_77_28 | 2.546906395852558 × 10^283 |
| 128 | aaa_77_29 | 9.542017790663609 × 10^282 |
| 129 | ov_129 | 8.77488658516634 × 10^282 |
| 130 | ov_130 | 8.774860432599279 × 10^282 |
| 131 | ov_131 | 8.774854119750117 × 10^282 |
| 132 | ov_132 | 7.594350536918154 × 10^282 |
| 133 | ov_133 | 6.538217117325556 × 10^282 |
| 134 | ov_134 | 5.59704483599495 × 10^282 |
| 135 | ov_135 | 4.7619187999393926 × 10^282 |
| 136 | ov_136 | 4.0243829119371343 × 10^282 |
| 137 | ov_137 | 3.3764097100407067 × 10^282 |
| 138 | ov_138 | 2.810374861626996 × 10^282 |
| 139 | ov_139 | 2.3190358170341164 × 10^282 |
| 140 | ov_140 | 1.8955141533820488 × 10^282 |
| 141 | ov_141 | 1.5332811642031835 × 10^282 |
| 142 | ov_142 | 1.2261462751533882 × 10^282 |
| 143 | ov_143 | 9.682478904453679 × 10^281 |
| 144 | ov_144 | 7.54046298832086 × 10^281 |
| 145 | ov_145 | 5.783182920345541 × 10^281 |
| 146 | ov_146 | 4.361531897017617 × 10^281 |
| 147 | ov_147 | 3.2295002333601733 × 10^281 |
| 148 | ov_148 | 2.3441565551808598 × 10^281 |
| 149 | ov_149 | 1.6656360023263678 × 10^281 |
| 150 | ov_150 | 1.1571331674360957 × 10^281 |
| 151 | ov_151 | 7.848978306019373 × 10^280 |
| 152 | ov_152 | 5.182321489911645 × 10^280 |
| 153 | ov_153 | 3.294886648479732 × 10^280 |
| 154 | ov_154 | 1.9406891523525342 × 10^280 |
| 155 | ov_155 | 1.0043577369665627 × 10^280 |
| 156 | aaa_76_25 | 3.857599856161186 × 10^279 |
| 157 | aaa_76_26 | 2.225821742327542 × 10^279 |
| 158 | aaa_76_27 | 1.1382895102269654 × 10^279 |
| 159 | aaa_76_28 | 4.4265034675575126 × 10^278 |
| 160 | aaa_76_29 | 1.3444915673885376 × 10^278 |

### Output Bits Sorted by Complexity

| Rank | Output Bit | Complexity |
|:----:|:----------:|:----------:|
| 160 | aaa_76_29 | 1.3444915673885376 × 10^278 |
| 159 | aaa_76_28 | 4.4265034675575126 × 10^278 |
| 158 | aaa_76_27 | 1.1382895102269654 × 10^279 |
| 157 | aaa_76_26 | 2.225821742327542 × 10^279 |
| 156 | aaa_76_25 | 3.857599856161186 × 10^279 |
| 155 | ov_155 | 1.0043577369665627 × 10^280 |
| 154 | ov_154 | 1.9406891523525342 × 10^280 |
| 153 | ov_153 | 3.294886648479732 × 10^280 |
| 152 | ov_152 | 5.182321489911645 × 10^280 |
| 151 | ov_151 | 7.848978306019373 × 10^280 |
| 150 | ov_150 | 1.1571331674360957 × 10^281 |
| 149 | ov_149 | 1.6656360023263678 × 10^281 |
| 148 | ov_148 | 2.3441565551808598 × 10^281 |
| 147 | ov_147 | 3.2295002333601733 × 10^281 |
| 146 | ov_146 | 4.361531897017617 × 10^281 |
| 145 | ov_145 | 5.783182920345541 × 10^281 |
| 144 | ov_144 | 7.54046298832086 × 10^281 |
| 143 | ov_143 | 9.682478904453679 × 10^281 |
| 142 | ov_142 | 1.2261462751533882 × 10^282 |
| 141 | ov_141 | 1.5332811642031835 × 10^282 |
| 140 | ov_140 | 1.8955141533820488 × 10^282 |
| 139 | ov_139 | 2.3190358170341164 × 10^282 |
| 138 | ov_138 | 2.810374861626996 × 10^282 |
| 137 | ov_137 | 3.3764097100407067 × 10^282 |
| 136 | ov_136 | 4.0243829119371343 × 10^282 |
| 135 | ov_135 | 4.7619187999393926 × 10^282 |
| 134 | ov_134 | 5.59704483599495 × 10^282 |
| 133 | ov_133 | 6.538217117325556 × 10^282 |
| 132 | ov_132 | 7.594350536918154 × 10^282 |
| 131 | ov_131 | 8.774854119750117 × 10^282 |
| 130 | ov_130 | 8.774860432599279 × 10^282 |
| 129 | ov_129 | 8.77488658516634 × 10^282 |
| 128 | aaa_77_29 | 9.542017790663609 × 10^282 |
| 127 | aaa_77_28 | 2.546906395852558 × 10^283 |
| 126 | ov_126 | 7.979434298634225 × 10^283 |
| 125 | ov_125 | 1.793221529029029 × 10^284 |
| 124 | ov_124 | 3.41579351923764 × 10^284 |
| 123 | ov_123 | 5.840929913875784 × 10^284 |
| 122 | ov_122 | 9.243908604172914 × 10^284 |
| 121 | ov_121 | 1.3800029062913362 × 10^285 |
| 120 | ov_120 | 1.9684640215041535 × 10^285 |
| 119 | ov_119 | 2.7073185463446505 × 10^285 |
| 118 | ov_118 | 3.6141269485455625 × 10^285 |
| 117 | ov_117 | 4.706475289444199 × 10^285 |
| 116 | ov_116 | 6.001988086103839 × 10^285 |
| 115 | ov_115 | 7.518345178870325 × 10^285 |
| 114 | ov_114 | 9.273304367633971 × 10^285 |
| 113 | ov_113 | 1.152333498237764 × 10^286 |
| 112 | ov_112 | 1.4542925555005853 × 10^286 |
| 111 | ov_111 | 1.8624790600637272 × 10^286 |
| 110 | ov_110 | 2.4080145712814186 × 10^286 |
| 109 | ov_109 | 3.1239065695422397 × 10^286 |
| 108 | ov_108 | 4.0450941678187536 × 10^286 |
| 107 | ov_107 | 5.208505438970562 × 10^286 |
| 106 | ov_106 | 6.653128199400359 × 10^286 |
| 105 | ov_105 | 8.420096213642134 × 10^286 |
| 104 | ov_104 | 1.0552792909589043 × 10^287 |
| 103 | ov_103 | 1.309697482081175 × 10^287 |
| 102 | ov_102 | 1.6100917101344432 × 10^287 |
| 101 | ov_101 | 1.961558359011474 × 10^287 |
| 100 | ov_100 | 2.3694824037687045 × 10^287 |
| 99 | ov_099 | 2.8395601248150948 × 10^287 |
| 98 | ov_098 | 2.839567500173974 × 10^287 |
| 97 | ov_097 | 2.8395906021520948 × 10^287 |
| 96 | aaa_78_29 | 5.5072445406284904 × 10^287 |
| 95 | aaa_78_28 | 1.8265010230957862 × 10^288 |
| 94 | ov_094 | 5.9841369550747 × 10^288 |
| 93 | ov_093 | 1.4144087804619935 × 10^289 |
| 92 | ov_092 | 2.8640366816052246 × 10^289 |
| 91 | ov_091 | 5.246983538540636 × 10^289 |
| 90 | ov_090 | 8.929224994932135 × 10^289 |
| 89 | ov_089 | 1.4343037682892029 × 10^290 |
| 88 | ov_088 | 2.1987022593256403 × 10^290 |
| 87 | ov_087 | 3.2924747638026825 × 10^290 |
| 86 | ov_086 | 4.835257925639155 × 10^290 |
| 85 | ov_085 | 6.959984785468476 × 10^290 |
| 84 | ov_084 | 9.8129084472638 × 10^290 |
| 83 | ov_083 | 1.3553634270201708 × 10^291 |
| 82 | ov_082 | 1.8355161988713185 × 10^291 |
| 81 | ov_081 | 2.440393916430968 × 10^291 |
| 64 | lv_79_m31 | 3.180578152919697 × 10^291 |
| 80 | ov_080 | 3.1899927373869263 × 10^291 |
| 79 | ov_079 | 4.10566825408231 × 10^291 |
| 78 | ov_078 | 5.2101450818343245 × 10^291 |
| 77 | ov_077 | 6.527528143750643 × 10^291 |
| 76 | ov_076 | 8.083316032493217 × 10^291 |
| 75 | ov_075 | 9.904417563884916 × 10^291 |
| 74 | ov_074 | 1.2019173425753077 × 10^292 |
| 73 | ov_073 | 1.4457385191354994 × 10^292 |
| 63 | ov_063 | 1.6324969101750062 × 10^292 |
| 72 | ov_072 | 1.7250354113792594 × 10^292 |
| 71 | ov_071 | 2.0430932267449702 × 10^292 |
| 70 | ov_070 | 2.4033588755405515 × 10^292 |
| 69 | ov_069 | 2.8094493858855457 × 10^292 |
| 68 | ov_068 | 3.265162416681088 × 10^292 |
| 67 | ov_067 | 3.774489189290957 × 10^292 |
| 66 | ov_066 | 3.774491733472867 × 10^292 |
| 65 | ov_065 | 3.774502369960882 × 10^292 |
| 62 | ov_062 | 8.377140747731136 × 10^292 |
| 61 | ov_061 | 3.0541920859365075 × 10^293 |
| 60 | ov_060 | 8.744593771922941 × 10^293 |
| 59 | ov_059 | 2.1103867324515904 × 10^294 |
| 58 | ov_058 | 4.2838277387570707 × 10^294 |
| 57 | ov_057 | 7.741026828385346 × 10^294 |
| 56 | ov_056 | 1.2903849436806553 × 10^295 |
| 55 | ov_055 | 2.0269790365425591 × 10^295 |
| 54 | ov_054 | 3.0411992085145937 × 10^295 |
| 53 | ov_053 | 4.3979279712557825 × 10^295 |
| 52 | ov_052 | 6.234504711147911 × 10^295 |
| 51 | ov_051 | 8.703427438827824 × 10^295 |
| 50 | ov_050 | 1.1972377848996187 × 10^296 |
| 49 | ov_049 | 1.6224258636470459 × 10^296 |
| 48 | ov_048 | 2.1657247290672557 × 10^296 |
| 47 | ov_047 | 2.8381957330348056 × 10^296 |
| 32 | lv_80_m31 | 3.3774249418488272 × 10^296 |
| 46 | ov_046 | 3.662737699992705 × 10^296 |
| 45 | ov_045 | 4.663810341056012 × 10^296 |
| 44 | ov_044 | 5.867454470762506 × 10^296 |
| 43 | ov_043 | 7.3013187146636456 × 10^296 |
| 42 | ov_042 | 8.994694038297426 × 10^296 |
| 41 | ov_041 | 1.0978557535479143 × 10^297 |
| 40 | ov_040 | 1.3269710843884322 × 10^297 |
| 39 | ov_039 | 1.588587791587522 × 10^297 |
| 31 | ov_031 | 1.7327457114202406 × 10^297 |
| 38 | ov_038 | 1.8863473391696596 × 10^297 |
| 37 | ov_037 | 2.2240898333799754 × 10^297 |
| 36 | ov_036 | 2.6058655679634905 × 10^297 |
| 35 | ov_035 | 3.0359485871952216 × 10^297 |
| 34 | ov_034 | 3.5188524877138185 × 10^297 |
| 33 | ov_033 | 4.057029883147996 × 10^297 |
| 30 | ov_030 | 8.88816880403264 × 10^297 |
| 29 | ov_029 | 2.908790859634325 × 10^298 |
| 28 | ov_028 | 7.552567102502845 × 10^298 |
| 27 | ov_027 | 1.6886423303007952 × 10^299 |
| 26 | ov_026 | 3.3777363949070017 × 10^299 |
| 25 | ov_025 | 6.189313002020886 × 10^299 |
| 24 | ov_024 | 1.057022359659485 × 10^300 |
| 23 | ov_023 | 1.7494259214872373 × 10^300 |
| 22 | ov_022 | 2.8095413144544602 × 10^300 |
| 21 | ov_021 | 4.366795903004356 × 10^300 |
| 20 | ov_020 | 6.566659342364432 × 10^300 |
| 19 | ov_019 | 9.570666870296637 × 10^300 |
| 18 | ov_018 | 1.3556454708039329 × 10^301 |
| 17 | ov_017 | 1.8717811248020354 × 10^301 |
| 16 | ov_016 | 2.526474831106595 × 10^301 |
| 15 | ov_015 | 3.3423598010030014 × 10^301 |
| 14 | ov_014 | 4.343714338476692 × 10^301 |
| 13 | ov_013 | 5.556479382936661 × 10^301 |
| 12 | ov_012 | 7.008281811962924 × 10^301 |
| 11 | ov_011 | 8.728464906524236 × 10^301 |
| 10 | ov_010 | 1.0748127400220586 × 10^302 |
| 9 | ov_009 | 1.3100172450834256 × 10^302 |
| 8 | ov_008 | 1.5819367995790298 × 10^302 |
| 7 | ov_007 | 1.8942420283326288 × 10^302 |
| 6 | ov_006 | 2.250806259988488 × 10^302 |
| 5 | ov_005 | 2.6557161341943564 × 10^302 |
| 4 | ov_004 | 3.1132841710674118 × 10^302 |
| 3 | ov_003 | 3.6280635282003183 × 10^302 |
| 2 | ov_002 | 4.204865135561322 × 10^302 |
| 1 | ov_001 | 4.848777379259865 × 10^302 |

