# Results for F001-F002-F003-F004-F005-F006-F007-F008-F009-F010-F011-F012-F013-F014-F015-F016-F017-F018-F019-F020-F021-F022-F023-F024-F025-F026-F027-F028-F029-F030-F031-F032-F033-F034-F035-F036-F037-F038-F039-F040-F041-F042-F043-F044-F045-F046-F047-F048-F049-F050-F051-F052-F053-F054-F055-F056-F057-F058-F059-F060-F061-F062-F063-F064-F065-F066-F067-F068-F069-F070-F071-F072-F073-F074-F075-F076-F077-F078-F079-F080-F081-F082-F083-F084-F085-F086-F087-F088-F089-F090-F091-F092-F093-F094-F095-F096-F097-F098-F099-F100-F101-F102-F103-F104-F105-F106-F107-F108-F109-F110-F111-F112-F113-F114-F115-F116-F117-F118-F119-F120-F121-F122-F123-F124-F125-F126-F127-F128-F129-F130-F131-F132-F133-F134-F135-F136-F137-F138-F139-F140-F141-F142-F143-F144-F145-F146-F147-F148-F149-F150-F151-F152-F153-F154-F155-F156-F157-F158-F159-F160-F161-F162-F163-F164-F165-F166-F167-F168-F169-F170-F171-F172-F173-F174-F175-F176-F177-F178-F179-F180-F181-F182-F183-F184-F185-F186-F187-F188-F189-F190-F191-F192-F193-F194-F195-F196-F197-F198-F199-F200-F201-F202-F203-F204-F205-F206-F207-F208-F209-F210-F211-F212-F213-F214-F215-F216-F217-F218-F219-F220-F221-F222-F223-F224-F225-F226-F227-F228-F229-F230-F231-F232-F233-F234-F235-F236-F237-F238-F239-F240-F241-F242-F243-F244-F245-F246-F247-F248-F249-F250-F251-F252-F253-F254-F255-F256-F257-F258-F259-F260-F261-F262-F263-F264-F265-F266-F267-F268-F269-F270-F271-F272-F273-F274-F275-F276-F277-F278-F279-F280-F281-F282-F283-F284-F285-F286-F287-F288-F289-F290-F291-F292-F293-F294-F295-F296-F297-F298-F299-F300-F301-F302-F303-F304-F305-F306-F307-F308-F309-F310-F311-F312-F313-F314-F315-F316-F317-F318-F319-F320-F321-F322-F323-F324-F325-F326-F327-F328-F329-F330-F331-F332-F333-F334-F335-F336-F337-F338-F339-F340-F341-F342-F343-F344-F345-F346-F347-F348-F349-F350-F351-F352-F353-F354-F355-F356-F357-F358-F359-F360-F361-F362-F363-F364-F365-F366-F367-F368-F369-F370-F371-F372-F373-F374-F375-F376-F377-F378-F379-F380-F381-F382-F383-F384-F385-F386-F387-F388-F389-F390-F391-F392-F393-F394-F395-F396-F397-F398-F399-F400-F401-F402-F403-F404-F405-F406-F407-F408-F409-F410-F411-F412-F413-F414-F415-F416-F417-F418-F419-F420-F421-F422-F423-F424-F425-F426-F427-F428-F429-F430-F431-F432-F433-F434-F435-F436-F437-F438-F439-F440-F441-F442-F443-F444-F445-F446-F447-F448-F449-F450-F451-F452-F453-F454-F455-F456-F457-F458-F459-F460-F461-F462-F463-F464-F465-F466-F467-F468-F469-F470-F471-F472-F473-F474-F475-F476-F477-F478-F479-F480-F481-F482-F483-F484-F485-F486-F487-F488-F489-F490-F491-F492-F493-F494-F495-F496-F497-F498-F499-F500-F501-E507508-E507509

## Summary

Number of input bits: 512  
Number of free input bits: 9  
Number of output bits: 160

Number of direct occurrences: 36758  
Number of assignments: 31168  
Number of operations: 11132800
(xor: 11103468,
and: 16101,
or: 13231)

Total complexity: 1.754889668380636 × 10^300

Least occurring input variable: iv_502 (3895)  
Most occurring input variable: iv_507 (4390)

Most co-occurring input variables: iv_511-iv_512 (2144)  
Least co-occurring input variables: iv_502-iv_503 (1771)

Potentially most occurring input variable: iv_507/iv_512 (4587)  
Potentially least occurring input variable: iv_504/iv_506 (4143)

Least output occurring input variable: iv_507 (68)  
Most output occurring input variable: iv_506 (82)

Most output co-occurring input variables: iv_502-iv_511 (45)  
Least output co-occurring input variables: iv_504-iv_510 (32)

Potentially most output occurring input variable: iv_504/iv_510 (93)  
Potentially least output occurring input variable: iv_503/iv_507 (68)

Least complex input bit: iv_502 (1.9752569955842343 × 10^298)  
Most complex input bit: iv_507 (5.485349267022647 × 10^299)

Least complex output bit: aaa_76_29 (2.4552247660618282 × 10^275)  
Most complex output bit: ov_001 (2.756264143127591 × 10^299)

Least complex input/output complexity: iv_502/aaa_76_29 (2.7635354987134035 × 10^273)  
Most complex input/output complexity: iv_507/ov_001 (8.615397178317864 × 10^298)

Input variable with highest collision probability: iv_505 (½^160.00000000000037)

## Input Bits

### Input Bits in Regular Order

| Input Bit | Complexity | Occurrences | Output Occurrences | Collision Probability |
|:---------:|:----------:|:-----------:|:------------------:|:---------------------:|
| iv_502 | 1.9752569955842343 × 10^298 | 3895 | 82 | ½^160.00000000000045 |
| iv_503 | 3.47406626059177 × 10^298 | 4037 | 74 | ½^160.00000000000074 |
| iv_504 | 5.70725224345756 × 10^298 | 3924 | 78 | ½^160.00000000000077 |
| iv_505 | 8.969547936187616 × 10^298 | 3918 | 79 | ½^160.00000000000037 |
| iv_506 | 1.3644037404092642 × 10^299 | 3941 | 82 | ½^160.00000000000063 |
| iv_507 | 5.485349267022647 × 10^299 | 4390 | 68 | ½^160.00000000000082 |
| iv_510 | 5.287036815564034 × 10^299 | 4105 | 79 | ½^160.00000000000085 |
| iv_511 | 1.5796149186877148 × 10^299 | 4193 | 80 | ½^160.00000000000082 |
| iv_512 | 1.8198795985406137 × 10^299 | 4355 | 80 | ½^160.00000000000074 |

### Input Bits Sorted by Complexity

| Input Bit | Complexity | Occurrences | Output Occurrences | Collision Probability |
|:---------:|:----------:|:-----------:|:------------------:|:---------------------:|
| iv_502 | 1.9752569955842343 × 10^298 | 3895 | 82 | ½^160.00000000000045 |
| iv_503 | 3.47406626059177 × 10^298 | 4037 | 74 | ½^160.00000000000074 |
| iv_504 | 5.70725224345756 × 10^298 | 3924 | 78 | ½^160.00000000000077 |
| iv_505 | 8.969547936187616 × 10^298 | 3918 | 79 | ½^160.00000000000037 |
| iv_506 | 1.3644037404092642 × 10^299 | 3941 | 82 | ½^160.00000000000063 |
| iv_511 | 1.5796149186877148 × 10^299 | 4193 | 80 | ½^160.00000000000082 |
| iv_512 | 1.8198795985406137 × 10^299 | 4355 | 80 | ½^160.00000000000074 |
| iv_510 | 5.287036815564034 × 10^299 | 4105 | 79 | ½^160.00000000000085 |
| iv_507 | 5.485349267022647 × 10^299 | 4390 | 68 | ½^160.00000000000082 |

### Input Bits Sorted by Occurrences

| Input Bit | Complexity | Occurrences | Output Occurrences | Collision Probability |
|:---------:|:----------:|:-----------:|:------------------:|:---------------------:|
| iv_502 | 1.9752569955842343 × 10^298 | 3895 | 82 | ½^160.00000000000045 |
| iv_505 | 8.969547936187616 × 10^298 | 3918 | 79 | ½^160.00000000000037 |
| iv_504 | 5.70725224345756 × 10^298 | 3924 | 78 | ½^160.00000000000077 |
| iv_506 | 1.3644037404092642 × 10^299 | 3941 | 82 | ½^160.00000000000063 |
| iv_503 | 3.47406626059177 × 10^298 | 4037 | 74 | ½^160.00000000000074 |
| iv_510 | 5.287036815564034 × 10^299 | 4105 | 79 | ½^160.00000000000085 |
| iv_511 | 1.5796149186877148 × 10^299 | 4193 | 80 | ½^160.00000000000082 |
| iv_512 | 1.8198795985406137 × 10^299 | 4355 | 80 | ½^160.00000000000074 |
| iv_507 | 5.485349267022647 × 10^299 | 4390 | 68 | ½^160.00000000000082 |

### Input Bits Sorted by Output Occurrences

| Input Bit | Complexity | Occurrences | Output Occurrences | Collision Probability |
|:---------:|:----------:|:-----------:|:------------------:|:---------------------:|
| iv_507 | 5.485349267022647 × 10^299 | 4390 | 68 | ½^160.00000000000082 |
| iv_503 | 3.47406626059177 × 10^298 | 4037 | 74 | ½^160.00000000000074 |
| iv_504 | 5.70725224345756 × 10^298 | 3924 | 78 | ½^160.00000000000077 |
| iv_505 | 8.969547936187616 × 10^298 | 3918 | 79 | ½^160.00000000000037 |
| iv_510 | 5.287036815564034 × 10^299 | 4105 | 79 | ½^160.00000000000085 |
| iv_511 | 1.5796149186877148 × 10^299 | 4193 | 80 | ½^160.00000000000082 |
| iv_512 | 1.8198795985406137 × 10^299 | 4355 | 80 | ½^160.00000000000074 |
| iv_502 | 1.9752569955842343 × 10^298 | 3895 | 82 | ½^160.00000000000045 |
| iv_506 | 1.3644037404092642 × 10^299 | 3941 | 82 | ½^160.00000000000063 |

### Input Bits Sorted by Collision Probability

| Input Bit | Complexity | Occurrences | Output Occurrences | Collision Probability |
|:---------:|:----------:|:-----------:|:------------------:|:---------------------:|
| iv_505 | 8.969547936187616 × 10^298 | 3918 | 79 | ½^160.00000000000037 |
| iv_502 | 1.9752569955842343 × 10^298 | 3895 | 82 | ½^160.00000000000045 |
| iv_506 | 1.3644037404092642 × 10^299 | 3941 | 82 | ½^160.00000000000063 |
| iv_503 | 3.47406626059177 × 10^298 | 4037 | 74 | ½^160.00000000000074 |
| iv_512 | 1.8198795985406137 × 10^299 | 4355 | 80 | ½^160.00000000000074 |
| iv_504 | 5.70725224345756 × 10^298 | 3924 | 78 | ½^160.00000000000077 |
| iv_511 | 1.5796149186877148 × 10^299 | 4193 | 80 | ½^160.00000000000082 |
| iv_507 | 5.485349267022647 × 10^299 | 4390 | 68 | ½^160.00000000000082 |
| iv_510 | 5.287036815564034 × 10^299 | 4105 | 79 | ½^160.00000000000085 |

## Input Bit/Output Bit Collision Probabilities

| Input Bit | Output Bit | Collision Probability |
|:---------:|:----------:|:---------------------:|
| iv_505 | ov_098 | 0.5000000000000042 |
| iv_505 | lv_79_k31 | 0.5000000000000038 |
| iv_505 | ov_021 | 0.5000000000000036 |
| iv_505 | ov_152 | 0.500000000000002 |
| iv_505 | ov_117 | 0.5000000000000019 |
| iv_502 | ov_018 | 0.5000000000000018 |
| iv_502 | ov_053 | 0.5000000000000018 |
| iv_502 | ov_057 | 0.5000000000000018 |
| iv_502 | ov_065 | 0.5000000000000018 |

## Input Bit Co-occurrences

### Input Bit Co-occurrences Sorted by Co-occurrences

| Input Bits | Co-occurrences | Potential Occurrences | Output Co-occurrences | Potential Output Occurrences |
|:----------:|:--------------:|:---------------------:|:---------------------:|:----------------------------:|
| iv_511-iv_512 | 2144 | 4260 | 43 | 74 |
| iv_507-iv_512 | 2079 | 4587 | 33 | 82 |
| iv_510-iv_512 | 2078 | 4304 | 42 | 75 |
| iv_503-iv_512 | 2039 | 4314 | 34 | 86 |
| iv_507-iv_511 | 2012 | 4559 | 34 | 80 |
| iv_503-iv_511 | 2002 | 4226 | 37 | 80 |
| iv_503-iv_507 | 1988 | 4451 | 37 | 68 |
| iv_510-iv_511 | 1987 | 4324 | 38 | 83 |
| iv_507-iv_510 | 1984 | 4527 | 33 | 81 |

### Input Bit Co-occurrences Sorted by Potential Occurrences

| Input Bits | Co-occurrences | Potential Occurrences | Output Co-occurrences | Potential Output Occurrences |
|:----------:|:--------------:|:---------------------:|:---------------------:|:----------------------------:|
| iv_504-iv_506 | 1861 | 4143 | 42 | 76 |
| iv_503-iv_506 | 1905 | 4168 | 38 | 80 |
| iv_502-iv_505 | 1822 | 4169 | 36 | 89 |
| iv_504-iv_505 | 1835 | 4172 | 41 | 75 |
| iv_506-iv_510 | 1934 | 4178 | 44 | 73 |
| iv_503-iv_505 | 1867 | 4221 | 40 | 73 |
| iv_503-iv_511 | 2002 | 4226 | 37 | 80 |
| iv_502-iv_506 | 1805 | 4226 | 44 | 76 |
| iv_502-iv_504 | 1795 | 4229 | 42 | 76 |

### Input Bit Output Co-occurrences Sorted by Output Co-occurrences

| Input Bits | Co-occurrences | Potential Occurrences | Output Co-occurrences | Potential Output Occurrences |
|:----------:|:--------------:|:---------------------:|:---------------------:|:----------------------------:|
| iv_502-iv_511 | 1908 | 4272 | 45 | 72 |
| iv_502-iv_506 | 1805 | 4226 | 44 | 76 |
| iv_506-iv_510 | 1934 | 4178 | 44 | 73 |
| iv_511-iv_512 | 2144 | 4260 | 43 | 74 |
| iv_502-iv_504 | 1795 | 4229 | 42 | 76 |
| iv_502-iv_510 | 1862 | 4276 | 42 | 77 |
| iv_504-iv_506 | 1861 | 4143 | 42 | 76 |
| iv_510-iv_512 | 2078 | 4304 | 42 | 75 |
| iv_503-iv_504 | 1846 | 4269 | 41 | 70 |

### Input Bit Output Co-occurrences Sorted by Potential Output Occurrences

| Input Bits | Co-occurrences | Potential Occurrences | Output Co-occurrences | Potential Output Occurrences |
|:----------:|:--------------:|:---------------------:|:---------------------:|:----------------------------:|
| iv_503-iv_507 | 1988 | 4451 | 37 | 68 |
| iv_503-iv_504 | 1846 | 4269 | 41 | 70 |
| iv_505-iv_507 | 1894 | 4520 | 38 | 71 |
| iv_502-iv_511 | 1908 | 4272 | 45 | 72 |
| iv_506-iv_507 | 1950 | 4431 | 39 | 72 |
| iv_503-iv_505 | 1867 | 4221 | 40 | 73 |
| iv_506-iv_510 | 1934 | 4178 | 44 | 73 |
| iv_511-iv_512 | 2144 | 4260 | 43 | 74 |
| iv_504-iv_505 | 1835 | 4172 | 41 | 75 |

## Output Bits

### Output Bits in Regular Order

| Rank | Output Bit | Complexity |
|:----:|:----------:|:----------:|
| 1 | ov_001 | 2.756264143127591 × 10^299 |
| 2 | ov_002 | 2.400059996580439 × 10^299 |
| 3 | ov_003 | 2.0781237259742355 × 10^299 |
| 4 | ov_004 | 1.7890363892587817 × 10^299 |
| 5 | ov_005 | 1.5314568517895398 × 10^299 |
| 6 | ov_006 | 1.3029144532703352 × 10^299 |
| 7 | ov_007 | 1.1010688211118525 × 10^299 |
| 8 | ov_008 | 9.237019636266647 × 10^298 |
| 9 | ov_009 | 7.687114679905018 × 10^298 |
| 10 | ov_010 | 6.341046789568562 × 10^298 |
| 11 | ov_011 | 5.179937630409414 × 10^298 |
| 12 | ov_012 | 4.1859159016109464 × 10^298 |
| 13 | ov_013 | 3.342083699449503 × 10^298 |
| 14 | ov_014 | 2.632489656821308 × 10^298 |
| 15 | ov_015 | 2.042107958910405 × 10^298 |
| 16 | ov_016 | 1.5568223372596892 × 10^298 |
| 17 | ov_017 | 1.163414211204114 × 10^298 |
| 18 | ov_018 | 8.495542120509229 × 10^297 |
| 19 | ov_019 | 6.037963916438144 × 10^297 |
| 20 | ov_020 | 4.1557448309726285 × 10^297 |
| 21 | ov_021 | 2.7519964758004254 × 10^297 |
| 22 | ov_022 | 1.738592070896873 × 10^297 |
| 23 | ov_023 | 1.0361594807692021 × 10^297 |
| 24 | ov_024 | 5.740771404699388 × 10^296 |
| 25 | ov_025 | 2.904715150968218 × 10^296 |
| 26 | ov_026 | 1.3221557668433725 × 10^296 |
| 27 | ov_027 | 5.492798756113797 × 10^295 |
| 28 | ov_028 | 2.2972721864103797 × 10^295 |
| 29 | ov_029 | 9.458921097987837 × 10^294 |
| 30 | ov_030 | 3.127439152864034 × 10^294 |
| 31 | ov_031 | 7.5672083915631 × 10^293 |
| 32 | lv_80_k31 | 1.830405759819819 × 10^293 |
| 33 | ov_033 | 2.192303646499018 × 10^294 |
| 34 | ov_034 | 1.8965734975020224 × 10^294 |
| 35 | ov_035 | 1.632763419583935 × 10^294 |
| 36 | ov_036 | 1.3982841179604264 × 10^294 |
| 37 | ov_037 | 1.1906850067977272 × 10^294 |
| 38 | ov_038 | 1.0076444307994399 × 10^294 |
| 39 | ov_039 | 8.469612406501116 × 10^293 |
| 40 | ov_040 | 7.0654758772023365 × 10^293 |
| 41 | ov_041 | 5.8442281165220936 × 10^293 |
| 42 | ov_042 | 4.787083022343901 × 10^293 |
| 43 | ov_043 | 3.8762322438152185 × 10^293 |
| 44 | ov_044 | 3.0948100212251664 × 10^293 |
| 45 | ov_045 | 2.426864642947122 × 10^293 |
| 46 | ov_046 | 1.8646455815083817 × 10^293 |
| 47 | ov_047 | 1.4008428673879036 × 10^293 |
| 48 | ov_048 | 1.0285792199359964 × 10^293 |
| 49 | ov_049 | 7.353755912475805 × 10^292 |
| 50 | ov_050 | 5.095939496655965 × 10^292 |
| 51 | ov_051 | 3.4043158180577546 × 10^292 |
| 52 | ov_052 | 2.179170924442777 × 10^292 |
| 53 | ov_053 | 1.3290778583750576 × 10^292 |
| 54 | ov_054 | 7.708810786007804 × 10^291 |
| 55 | ov_055 | 4.296880050405611 × 10^291 |
| 56 | ov_056 | 2.3886462744946144 × 10^291 |
| 57 | ov_057 | 1.400331270800613 × 10^291 |
| 58 | ov_058 | 8.30705172949148 × 10^290 |
| 59 | ov_059 | 4.49788898358714 × 10^290 |
| 60 | ov_060 | 2.1631419580789796 × 10^290 |
| 61 | ov_061 | 8.901313893724662 × 10^289 |
| 62 | ov_062 | 2.9410079348224363 × 10^289 |
| 63 | ov_063 | 7.110324332868035 × 10^288 |
| 64 | lv_79_k31 | 1.718423617949164 × 10^288 |
| 65 | ov_065 | 2.0306732378290496 × 10^289 |
| 66 | ov_066 | 2.030668199083434 × 10^289 |
| 67 | ov_067 | 2.0306665661023663 × 10^289 |
| 68 | ov_068 | 1.7514471960891008 × 10^289 |
| 69 | ov_069 | 1.501792069341686 × 10^289 |
| 70 | ov_070 | 1.280397479994208 × 10^289 |
| 71 | ov_071 | 1.0848921327056853 × 10^289 |
| 72 | ov_072 | 9.130497706968245 × 10^288 |
| 73 | ov_073 | 7.627795683315655 × 10^288 |
| 74 | ov_074 | 6.321174042844441 × 10^288 |
| 75 | ov_075 | 5.1921796839713635 × 10^288 |
| 76 | ov_076 | 4.223476568195181 × 10^288 |
| 77 | ov_077 | 3.3987821123001994 × 10^288 |
| 78 | ov_078 | 2.702810588779845 × 10^288 |
| 79 | ov_079 | 2.1212231092529597 × 10^288 |
| 80 | ov_080 | 1.640583771210915 × 10^288 |
| 81 | ov_081 | 1.2483215525436953 × 10^288 |
| 82 | ov_082 | 9.326975412414592 × 10^287 |
| 83 | ov_083 | 6.8277708970698796 × 10^287 |
| 84 | ov_084 | 4.884064844514563 × 10^287 |
| 85 | ov_085 | 3.4019372276071665 × 10^287 |
| 86 | ov_086 | 2.294929883784781 × 10^287 |
| 87 | ov_087 | 1.4839241849974688 × 10^287 |
| 88 | ov_088 | 8.97047545030479 × 10^286 |
| 89 | ov_089 | 5.00165169636459 × 10^286 |
| 90 | ov_090 | 2.6271657845680617 × 10^286 |
| 91 | ov_091 | 1.3423360710849088 × 10^286 |
| 92 | ov_092 | 7.132707773162143 × 10^285 |
| 93 | ov_093 | 3.767668157212582 × 10^285 |
| 94 | ov_094 | 1.6888648248712742 × 10^285 |
| 95 | aaa_78_28 | 5.432002775310857 × 10^284 |
| 96 | aaa_78_29 | 2.0582162239913777 × 10^284 |
| 97 | ov_097 | 2.2415833441016628 × 10^284 |
| 98 | ov_098 | 2.2415163110554798 × 10^284 |
| 99 | ov_099 | 2.2414949144416626 × 10^284 |
| 100 | ov_100 | 2.01737501246898 × 10^284 |
| 101 | ov_101 | 1.809747268607684 × 10^284 |
| 102 | ov_102 | 1.6177114273920975 × 10^284 |
| 103 | ov_103 | 1.4404330797955717 × 10^284 |
| 104 | ov_104 | 1.2771349728806803 × 10^284 |
| 105 | ov_105 | 1.1270891240256071 × 10^284 |
| 106 | ov_106 | 9.896096965557393 × 10^283 |
| 107 | ov_107 | 8.640465953988591 × 10^283 |
| 108 | ov_108 | 7.497797428673376 × 10^283 |
| 109 | ov_109 | 6.462139958882534 × 10^283 |
| 110 | ov_110 | 5.5277466698485615 × 10^283 |
| 111 | ov_111 | 4.689036120884322 × 10^283 |
| 112 | ov_112 | 3.94055848855961 × 10^283 |
| 113 | ov_113 | 3.276966696165179 × 10^283 |
| 114 | ov_114 | 2.692992133958349 × 10^283 |
| 115 | ov_115 | 2.183424616971583 × 10^283 |
| 116 | ov_116 | 1.7430962286930126 × 10^283 |
| 117 | ov_117 | 1.366868699882511 × 10^283 |
| 118 | ov_118 | 1.0496236398274847 × 10^283 |
| 119 | ov_119 | 7.862549376524449 × 10^282 |
| 120 | ov_120 | 5.716633164826503 × 10^282 |
| 121 | ov_121 | 4.0075302332898345 × 10^282 |
| 122 | ov_122 | 2.6843014736788454 × 10^282 |
| 123 | ov_123 | 1.6960183128340462 × 10^282 |
| 124 | ov_124 | 9.91758122791319 × 10^281 |
| 125 | ov_125 | 5.206012100258322 × 10^281 |
| 126 | ov_126 | 2.3162908434620735 × 10^281 |
| 127 | aaa_77_28 | 7.392363992812898 × 10^280 |
| 128 | aaa_77_29 | 2.769122395026904 × 10^280 |
| 129 | ov_129 | 2.53906911054816 × 10^280 |
| 130 | ov_130 | 2.539063138470229 × 10^280 |
| 131 | ov_131 | 2.5390612202771143 × 10^280 |
| 132 | ov_132 | 2.1957481340188644 × 10^280 |
| 133 | ov_133 | 1.8888274042301948 × 10^280 |
| 134 | ov_134 | 1.615492765867416 × 10^280 |
| 135 | ov_135 | 1.3730945804137647 × 10^280 |
| 136 | ov_136 | 1.159128442230129 × 10^280 |
| 137 | ov_137 | 9.712252338891472 × 10^279 |
| 138 | ov_138 | 8.071425257346279 × 10^279 |
| 139 | ov_139 | 6.647571955443794 × 10^279 |
| 140 | ov_140 | 5.420591425431095 × 10^279 |
| 141 | ov_141 | 4.3714597692768 × 10^279 |
| 142 | ov_142 | 3.482185728171644 × 10^279 |
| 143 | ov_143 | 2.7357737916236435 × 10^279 |
| 144 | ov_144 | 2.116193950540207 × 10^279 |
| 145 | ov_145 | 1.608357330817164 × 10^279 |
| 146 | ov_146 | 1.1980970080061837 × 10^279 |
| 147 | ov_147 | 8.721532597705442 × 10^278 |
| 148 | ov_148 | 6.181625225541297 × 10^278 |
| 149 | ov_149 | 4.246493822655735 × 10^278 |
| 150 | ov_150 | 2.810209920844372 × 10^278 |
| 151 | ov_151 | 1.7756337376093337 × 10^278 |
| 152 | ov_152 | 1.054391220218543 × 10^278 |
| 153 | ov_153 | 5.668609492258297 × 10^277 |
| 154 | ov_154 | 2.7541923190180116 × 10^277 |
| 155 | ov_155 | 1.1793309091242498 × 10^277 |
| 156 | aaa_76_25 | 4.101060385775718 × 10^276 |
| 157 | aaa_76_26 | 2.5239591253831555 × 10^276 |
| 158 | aaa_76_27 | 1.383841297535865 × 10^276 |
| 159 | aaa_76_28 | 6.521112130053791 × 10^275 |
| 160 | aaa_76_29 | 2.4552247660618282 × 10^275 |

### Output Bits Sorted by Complexity

| Rank | Output Bit | Complexity |
|:----:|:----------:|:----------:|
| 160 | aaa_76_29 | 2.4552247660618282 × 10^275 |
| 159 | aaa_76_28 | 6.521112130053791 × 10^275 |
| 158 | aaa_76_27 | 1.383841297535865 × 10^276 |
| 157 | aaa_76_26 | 2.5239591253831555 × 10^276 |
| 156 | aaa_76_25 | 4.101060385775718 × 10^276 |
| 155 | ov_155 | 1.1793309091242498 × 10^277 |
| 154 | ov_154 | 2.7541923190180116 × 10^277 |
| 153 | ov_153 | 5.668609492258297 × 10^277 |
| 152 | ov_152 | 1.054391220218543 × 10^278 |
| 151 | ov_151 | 1.7756337376093337 × 10^278 |
| 150 | ov_150 | 2.810209920844372 × 10^278 |
| 149 | ov_149 | 4.246493822655735 × 10^278 |
| 148 | ov_148 | 6.181625225541297 × 10^278 |
| 147 | ov_147 | 8.721532597705442 × 10^278 |
| 146 | ov_146 | 1.1980970080061837 × 10^279 |
| 145 | ov_145 | 1.608357330817164 × 10^279 |
| 144 | ov_144 | 2.116193950540207 × 10^279 |
| 143 | ov_143 | 2.7357737916236435 × 10^279 |
| 142 | ov_142 | 3.482185728171644 × 10^279 |
| 141 | ov_141 | 4.3714597692768 × 10^279 |
| 140 | ov_140 | 5.420591425431095 × 10^279 |
| 139 | ov_139 | 6.647571955443794 × 10^279 |
| 138 | ov_138 | 8.071425257346279 × 10^279 |
| 137 | ov_137 | 9.712252338891472 × 10^279 |
| 136 | ov_136 | 1.159128442230129 × 10^280 |
| 135 | ov_135 | 1.3730945804137647 × 10^280 |
| 134 | ov_134 | 1.615492765867416 × 10^280 |
| 133 | ov_133 | 1.8888274042301948 × 10^280 |
| 132 | ov_132 | 2.1957481340188644 × 10^280 |
| 131 | ov_131 | 2.5390612202771143 × 10^280 |
| 130 | ov_130 | 2.539063138470229 × 10^280 |
| 129 | ov_129 | 2.53906911054816 × 10^280 |
| 128 | aaa_77_29 | 2.769122395026904 × 10^280 |
| 127 | aaa_77_28 | 7.392363992812898 × 10^280 |
| 126 | ov_126 | 2.3162908434620735 × 10^281 |
| 125 | ov_125 | 5.206012100258322 × 10^281 |
| 124 | ov_124 | 9.91758122791319 × 10^281 |
| 123 | ov_123 | 1.6960183128340462 × 10^282 |
| 122 | ov_122 | 2.6843014736788454 × 10^282 |
| 121 | ov_121 | 4.0075302332898345 × 10^282 |
| 120 | ov_120 | 5.716633164826503 × 10^282 |
| 119 | ov_119 | 7.862549376524449 × 10^282 |
| 118 | ov_118 | 1.0496236398274847 × 10^283 |
| 117 | ov_117 | 1.366868699882511 × 10^283 |
| 116 | ov_116 | 1.7430962286930126 × 10^283 |
| 115 | ov_115 | 2.183424616971583 × 10^283 |
| 114 | ov_114 | 2.692992133958349 × 10^283 |
| 113 | ov_113 | 3.276966696165179 × 10^283 |
| 112 | ov_112 | 3.94055848855961 × 10^283 |
| 111 | ov_111 | 4.689036120884322 × 10^283 |
| 110 | ov_110 | 5.5277466698485615 × 10^283 |
| 109 | ov_109 | 6.462139958882534 × 10^283 |
| 108 | ov_108 | 7.497797428673376 × 10^283 |
| 107 | ov_107 | 8.640465953988591 × 10^283 |
| 106 | ov_106 | 9.896096965557393 × 10^283 |
| 105 | ov_105 | 1.1270891240256071 × 10^284 |
| 104 | ov_104 | 1.2771349728806803 × 10^284 |
| 103 | ov_103 | 1.4404330797955717 × 10^284 |
| 102 | ov_102 | 1.6177114273920975 × 10^284 |
| 101 | ov_101 | 1.809747268607684 × 10^284 |
| 100 | ov_100 | 2.01737501246898 × 10^284 |
| 96 | aaa_78_29 | 2.0582162239913777 × 10^284 |
| 99 | ov_099 | 2.2414949144416626 × 10^284 |
| 98 | ov_098 | 2.2415163110554798 × 10^284 |
| 97 | ov_097 | 2.2415833441016628 × 10^284 |
| 95 | aaa_78_28 | 5.432002775310857 × 10^284 |
| 94 | ov_094 | 1.6888648248712742 × 10^285 |
| 93 | ov_093 | 3.767668157212582 × 10^285 |
| 92 | ov_092 | 7.132707773162143 × 10^285 |
| 91 | ov_091 | 1.3423360710849088 × 10^286 |
| 90 | ov_090 | 2.6271657845680617 × 10^286 |
| 89 | ov_089 | 5.00165169636459 × 10^286 |
| 88 | ov_088 | 8.97047545030479 × 10^286 |
| 87 | ov_087 | 1.4839241849974688 × 10^287 |
| 86 | ov_086 | 2.294929883784781 × 10^287 |
| 85 | ov_085 | 3.4019372276071665 × 10^287 |
| 84 | ov_084 | 4.884064844514563 × 10^287 |
| 83 | ov_083 | 6.8277708970698796 × 10^287 |
| 82 | ov_082 | 9.326975412414592 × 10^287 |
| 81 | ov_081 | 1.2483215525436953 × 10^288 |
| 80 | ov_080 | 1.640583771210915 × 10^288 |
| 64 | lv_79_k31 | 1.718423617949164 × 10^288 |
| 79 | ov_079 | 2.1212231092529597 × 10^288 |
| 78 | ov_078 | 2.702810588779845 × 10^288 |
| 77 | ov_077 | 3.3987821123001994 × 10^288 |
| 76 | ov_076 | 4.223476568195181 × 10^288 |
| 75 | ov_075 | 5.1921796839713635 × 10^288 |
| 74 | ov_074 | 6.321174042844441 × 10^288 |
| 63 | ov_063 | 7.110324332868035 × 10^288 |
| 73 | ov_073 | 7.627795683315655 × 10^288 |
| 72 | ov_072 | 9.130497706968245 × 10^288 |
| 71 | ov_071 | 1.0848921327056853 × 10^289 |
| 70 | ov_070 | 1.280397479994208 × 10^289 |
| 69 | ov_069 | 1.501792069341686 × 10^289 |
| 68 | ov_068 | 1.7514471960891008 × 10^289 |
| 67 | ov_067 | 2.0306665661023663 × 10^289 |
| 66 | ov_066 | 2.030668199083434 × 10^289 |
| 65 | ov_065 | 2.0306732378290496 × 10^289 |
| 62 | ov_062 | 2.9410079348224363 × 10^289 |
| 61 | ov_061 | 8.901313893724662 × 10^289 |
| 60 | ov_060 | 2.1631419580789796 × 10^290 |
| 59 | ov_059 | 4.49788898358714 × 10^290 |
| 58 | ov_058 | 8.30705172949148 × 10^290 |
| 57 | ov_057 | 1.400331270800613 × 10^291 |
| 56 | ov_056 | 2.3886462744946144 × 10^291 |
| 55 | ov_055 | 4.296880050405611 × 10^291 |
| 54 | ov_054 | 7.708810786007804 × 10^291 |
| 53 | ov_053 | 1.3290778583750576 × 10^292 |
| 52 | ov_052 | 2.179170924442777 × 10^292 |
| 51 | ov_051 | 3.4043158180577546 × 10^292 |
| 50 | ov_050 | 5.095939496655965 × 10^292 |
| 49 | ov_049 | 7.353755912475805 × 10^292 |
| 48 | ov_048 | 1.0285792199359964 × 10^293 |
| 47 | ov_047 | 1.4008428673879036 × 10^293 |
| 32 | lv_80_k31 | 1.830405759819819 × 10^293 |
| 46 | ov_046 | 1.8646455815083817 × 10^293 |
| 45 | ov_045 | 2.426864642947122 × 10^293 |
| 44 | ov_044 | 3.0948100212251664 × 10^293 |
| 43 | ov_043 | 3.8762322438152185 × 10^293 |
| 42 | ov_042 | 4.787083022343901 × 10^293 |
| 41 | ov_041 | 5.8442281165220936 × 10^293 |
| 40 | ov_040 | 7.0654758772023365 × 10^293 |
| 31 | ov_031 | 7.5672083915631 × 10^293 |
| 39 | ov_039 | 8.469612406501116 × 10^293 |
| 38 | ov_038 | 1.0076444307994399 × 10^294 |
| 37 | ov_037 | 1.1906850067977272 × 10^294 |
| 36 | ov_036 | 1.3982841179604264 × 10^294 |
| 35 | ov_035 | 1.632763419583935 × 10^294 |
| 34 | ov_034 | 1.8965734975020224 × 10^294 |
| 33 | ov_033 | 2.192303646499018 × 10^294 |
| 30 | ov_030 | 3.127439152864034 × 10^294 |
| 29 | ov_029 | 9.458921097987837 × 10^294 |
| 28 | ov_028 | 2.2972721864103797 × 10^295 |
| 27 | ov_027 | 5.492798756113797 × 10^295 |
| 26 | ov_026 | 1.3221557668433725 × 10^296 |
| 25 | ov_025 | 2.904715150968218 × 10^296 |
| 24 | ov_024 | 5.740771404699388 × 10^296 |
| 23 | ov_023 | 1.0361594807692021 × 10^297 |
| 22 | ov_022 | 1.738592070896873 × 10^297 |
| 21 | ov_021 | 2.7519964758004254 × 10^297 |
| 20 | ov_020 | 4.1557448309726285 × 10^297 |
| 19 | ov_019 | 6.037963916438144 × 10^297 |
| 18 | ov_018 | 8.495542120509229 × 10^297 |
| 17 | ov_017 | 1.163414211204114 × 10^298 |
| 16 | ov_016 | 1.5568223372596892 × 10^298 |
| 15 | ov_015 | 2.042107958910405 × 10^298 |
| 14 | ov_014 | 2.632489656821308 × 10^298 |
| 13 | ov_013 | 3.342083699449503 × 10^298 |
| 12 | ov_012 | 4.1859159016109464 × 10^298 |
| 11 | ov_011 | 5.179937630409414 × 10^298 |
| 10 | ov_010 | 6.341046789568562 × 10^298 |
| 9 | ov_009 | 7.687114679905018 × 10^298 |
| 8 | ov_008 | 9.237019636266647 × 10^298 |
| 7 | ov_007 | 1.1010688211118525 × 10^299 |
| 6 | ov_006 | 1.3029144532703352 × 10^299 |
| 5 | ov_005 | 1.5314568517895398 × 10^299 |
| 4 | ov_004 | 1.7890363892587817 × 10^299 |
| 3 | ov_003 | 2.0781237259742355 × 10^299 |
| 2 | ov_002 | 2.400059996580439 × 10^299 |
| 1 | ov_001 | 2.756264143127591 × 10^299 |

