# Results for F001-F002-F003-F004-F005-F006-F007-F008-F009-F010-F011-F012-F013-F014-F015-F016-F017-F018-F019-F020-F021-F022-F023-F024-F025-F026-F027-F028-F029-F030-F031-F032-F033-F034-F035-F036-F037-F038-F039-F040-F041-F042-F043-F044-F045-F046-F047-F048-F049-F050-F051-F052-F053-F054-F055-F056-F057-F058-F059-F060-F061-F062-F063-F064-F065-F066-F067-F068-F069-F070-F071-F072-F073-F074-F075-F076-F077-F078-F079-F080-F081-F082-F083-F084-F085-F086-F087-F088-F089-F090-F091-F092-F093-F094-F095-F096-F097-F098-F099-F100-F101-F102-F103-F104-F105-F106-F107-F108-F109-F110-F111-F112-F113-F114-F115-F116-F117-F118-F119-F120-F121-F122-F123-F124-F125-F126-F127-F128-F129-F130-F131-F132-F133-F134-F135-F136-F137-F138-F139-F140-F141-F142-F143-F144-F145-F146-F147-F148-F149-F150-F151-F152-F153-F154-F155-F156-F157-F158-F159-F160-F161-F162-F163-F164-F165-F166-F167-F168-F169-F170-F171-F172-F173-F174-F175-F176-F177-F178-F179-F180-F181-F182-F183-F184-F185-F186-F187-F188-F189-F190-F191-F192-F193-F194-F195-F196-F197-F198-F199-F200-F201-F202-F203-F204-F205-F206-F207-F208-F209-F210-F211-F212-F213-F214-F215-F216-F217-F218-F219-F220-F221-F222-F223-F224-F225-F226-F227-F228-F229-F230-F231-F232-F233-F234-F235-F236-F237-F238-F239-F240-F241-F242-F243-F244-F245-F246-F247-F248-F249-F250-F251-F252-F253-F254-F255-F256-F257-F258-F259-F260-F261-F262-F263-F264-F265-F266-F267-F268-F269-F270-F271-F272-F273-F274-F275-F276-F277-F278-F279-F280-F281-F282-F283-F284-F285-F286-F287-F288-F289-F290-F291-F292-F293-F294-F295-F296-F297-F298-F299-F300-F301-F302-F303-F304-F305-F306-F307-F308-F309-F310-F311-F312-F313-F314-F315-F316-F317-F318-F319-F320-F321-F322-F323-F324-F325-F326-F327-F328-F329-F330-F331-F332-F333-F334-F335-F336-F337-F338-F339-F340-F341-F342-F343-F344-F345-F346-F347-F348-F349-F350-F351-F352-F353-F354-F355-F356-F357-F358-F359-F360-F361-F362-F363-F364-F365-F366-F367-F368-F369-F370-F371-F372-F373-F374-F375-F376-F377-F378-F379-F380-F381-F382-F383-F384-F385-F386-F387-F388-F389-F390-F391-F392-F393-F394-F395-F396-F397-F398-F399-F400-F401-F402-F403-F404-F405-F406-F407-F408-F409-F410-F411-F412-F413-F414-F415-F416-F417-F418-F419-F420-F421-F422-F423-F424-F425-F426-F427-F428-F429-F430-F431-F432-F433-F434-F435-F436-F437-F438-F439-F440-F441-F442-F443-F444-F445-F446-F447-F448-F449-F450-F451-F452-F453-F454-F455-F456-F457-F458-F459-F460-F461-F462-F463-F464-F465-F466-F467-F468-F469-F470-F471-F472-F473-F474-F475-F476-F477-F478-F479-F480-F481-F482-F483-F484-F485-F486-F487-F488-F489-F490-F491-F492-F493-F494-F495-F496-E497501-E499505-E504506-F509-F510-F511-F512

## Summary

Number of input bits: 512  
Number of free input bits: 9  
Number of output bits: 160

Number of direct occurrences: 36416  
Number of assignments: 31012  
Number of operations: 10811556
(xor: 10783548,
and: 14734,
or: 13274)

Total complexity: 4.4800281715460096 × 10^297

Least occurring input variable: iv_502 (3829)  
Most occurring input variable: iv_497 (4156)

Most co-occurring input variables: iv_507-iv_508 (2013)  
Least co-occurring input variables: iv_498-iv_502 (1736)

Potentially most occurring input variable: iv_497/iv_499 (4586)  
Potentially least occurring input variable: iv_500/iv_502 (4195)

Least output occurring input variable: iv_499 (57)  
Most output occurring input variable: iv_498 (88)

Most output co-occurring input variables: iv_498-iv_502 (46)  
Least output co-occurring input variables: iv_499-iv_502 (27)

Potentially most output occurring input variable: iv_503/iv_508 (88)  
Potentially least output occurring input variable: iv_499/iv_508 (68)

Least complex input bit: iv_498 (3.18183770693148 × 10^295)  
Most complex input bit: iv_504 (1.088406943213756 × 10^297)

Least complex output bit: aaa_76_29 (1.0085953342683961 × 10^273)  
Most complex output bit: ov_001 (7.166190717886994 × 10^296)

Least complex input/output complexity: iv_498/aaa_76_29 (7.163318047848082 × 10^270)  
Most complex input/output complexity: iv_504/ov_001 (1.7410005997909958 × 10^296)

## Input Bits

### Input Bits in Regular Order

| Input Bit | Complexity | Occurrences | Output Occurrences |
|:---------:|:----------:|:-----------:|:------------------:|
| iv_497 | 1.7157921403438287 × 10^296 | 4156 | 80 |
| iv_498 | 3.18183770693148 × 10^295 | 3886 | 88 |
| iv_499 | 9.980224866308024 × 10^296 | 4118 | 57 |
| iv_500 | 9.457816490322445 × 10^295 | 4066 | 76 |
| iv_502 | 2.5096985086551444 × 10^296 | 3829 | 82 |
| iv_503 | 3.974762542813348 × 10^296 | 3997 | 75 |
| iv_504 | 1.088406943213756 × 10^297 | 4084 | 76 |
| iv_507 | 6.703464535530201 × 10^296 | 4131 | 76 |
| iv_508 | 7.768304269946654 × 10^296 | 4149 | 81 |

### Input Bits Sorted by Complexity

| Input Bit | Complexity | Occurrences | Output Occurrences |
|:---------:|:----------:|:-----------:|:------------------:|
| iv_498 | 3.18183770693148 × 10^295 | 3886 | 88 |
| iv_500 | 9.457816490322445 × 10^295 | 4066 | 76 |
| iv_497 | 1.7157921403438287 × 10^296 | 4156 | 80 |
| iv_502 | 2.5096985086551444 × 10^296 | 3829 | 82 |
| iv_503 | 3.974762542813348 × 10^296 | 3997 | 75 |
| iv_507 | 6.703464535530201 × 10^296 | 4131 | 76 |
| iv_508 | 7.768304269946654 × 10^296 | 4149 | 81 |
| iv_499 | 9.980224866308024 × 10^296 | 4118 | 57 |
| iv_504 | 1.088406943213756 × 10^297 | 4084 | 76 |

### Input Bits Sorted by Occurrences

| Input Bit | Complexity | Occurrences | Output Occurrences |
|:---------:|:----------:|:-----------:|:------------------:|
| iv_502 | 2.5096985086551444 × 10^296 | 3829 | 82 |
| iv_498 | 3.18183770693148 × 10^295 | 3886 | 88 |
| iv_503 | 3.974762542813348 × 10^296 | 3997 | 75 |
| iv_500 | 9.457816490322445 × 10^295 | 4066 | 76 |
| iv_504 | 1.088406943213756 × 10^297 | 4084 | 76 |
| iv_499 | 9.980224866308024 × 10^296 | 4118 | 57 |
| iv_507 | 6.703464535530201 × 10^296 | 4131 | 76 |
| iv_508 | 7.768304269946654 × 10^296 | 4149 | 81 |
| iv_497 | 1.7157921403438287 × 10^296 | 4156 | 80 |

### Input Bits Sorted by Output Occurrences

| Input Bit | Complexity | Occurrences | Output Occurrences |
|:---------:|:----------:|:-----------:|:------------------:|
| iv_499 | 9.980224866308024 × 10^296 | 4118 | 57 |
| iv_503 | 3.974762542813348 × 10^296 | 3997 | 75 |
| iv_504 | 1.088406943213756 × 10^297 | 4084 | 76 |
| iv_500 | 9.457816490322445 × 10^295 | 4066 | 76 |
| iv_507 | 6.703464535530201 × 10^296 | 4131 | 76 |
| iv_497 | 1.7157921403438287 × 10^296 | 4156 | 80 |
| iv_508 | 7.768304269946654 × 10^296 | 4149 | 81 |
| iv_502 | 2.5096985086551444 × 10^296 | 3829 | 82 |
| iv_498 | 3.18183770693148 × 10^295 | 3886 | 88 |

## Input Bit Co-occurrences

### Input Bit Co-occurrences Sorted by Co-occurrences

| Input Bits | Co-occurrences | Potential Occurrences | Output Co-occurrences | Potential Output Occurrences |
|:----------:|:--------------:|:---------------------:|:---------------------:|:----------------------------:|
| iv_507-iv_508 | 2013 | 4254 | 43 | 71 |
| iv_499-iv_508 | 1962 | 4343 | 35 | 68 |
| iv_500-iv_508 | 1962 | 4291 | 36 | 85 |
| iv_499-iv_507 | 1961 | 4327 | 29 | 75 |
| iv_497-iv_507 | 1957 | 4373 | 41 | 74 |
| iv_500-iv_507 | 1957 | 4283 | 35 | 82 |
| iv_504-iv_508 | 1956 | 4321 | 36 | 85 |
| iv_497-iv_500 | 1951 | 4320 | 36 | 84 |
| iv_499-iv_500 | 1947 | 4290 | 27 | 79 |

### Input Bit Co-occurrences Sorted by Potential Occurrences

| Input Bits | Co-occurrences | Potential Occurrences | Output Co-occurrences | Potential Output Occurrences |
|:----------:|:--------------:|:---------------------:|:---------------------:|:----------------------------:|
| iv_500-iv_502 | 1850 | 4195 | 37 | 84 |
| iv_497-iv_498 | 1916 | 4210 | 46 | 76 |
| iv_498-iv_500 | 1871 | 4210 | 39 | 86 |
| iv_502-iv_507 | 1872 | 4216 | 42 | 74 |
| iv_498-iv_503 | 1827 | 4229 | 43 | 77 |
| iv_500-iv_503 | 1917 | 4229 | 39 | 73 |
| iv_497-iv_502 | 1876 | 4233 | 40 | 82 |
| iv_499-iv_502 | 1853 | 4241 | 27 | 85 |
| iv_498-iv_502 | 1736 | 4243 | 46 | 78 |

### Input Bit Output Co-occurrences Sorted by Output Co-occurrences

| Input Bits | Co-occurrences | Potential Occurrences | Output Co-occurrences | Potential Output Occurrences |
|:----------:|:--------------:|:---------------------:|:---------------------:|:----------------------------:|
| iv_497-iv_498 | 1916 | 4210 | 46 | 76 |
| iv_498-iv_502 | 1736 | 4243 | 46 | 78 |
| iv_498-iv_508 | 1837 | 4361 | 45 | 79 |
| iv_497-iv_508 | 1943 | 4419 | 44 | 73 |
| iv_498-iv_507 | 1876 | 4265 | 43 | 78 |
| iv_498-iv_503 | 1827 | 4229 | 43 | 77 |
| iv_502-iv_508 | 1846 | 4286 | 43 | 77 |
| iv_507-iv_508 | 2013 | 4254 | 43 | 71 |
| iv_502-iv_507 | 1872 | 4216 | 42 | 74 |

### Input Bit Output Co-occurrences Sorted by Potential Output Occurrences

| Input Bits | Co-occurrences | Potential Occurrences | Output Co-occurrences | Potential Output Occurrences |
|:----------:|:--------------:|:---------------------:|:---------------------:|:----------------------------:|
| iv_499-iv_508 | 1962 | 4343 | 35 | 68 |
| iv_507-iv_508 | 2013 | 4254 | 43 | 71 |
| iv_499-iv_503 | 1878 | 4359 | 30 | 72 |
| iv_497-iv_508 | 1943 | 4419 | 44 | 73 |
| iv_498-iv_499 | 1808 | 4388 | 36 | 73 |
| iv_499-iv_504 | 1944 | 4314 | 30 | 73 |
| iv_500-iv_503 | 1917 | 4229 | 39 | 73 |
| iv_497-iv_507 | 1957 | 4373 | 41 | 74 |
| iv_502-iv_507 | 1872 | 4216 | 42 | 74 |

## Output Bits

### Output Bits in Regular Order

| Rank | Output Bit | Complexity |
|:----:|:----------:|:----------:|
| 1 | ov_001 | 7.166190717886994 × 10^296 |
| 2 | ov_002 | 6.214700328700357 × 10^296 |
| 3 | ov_003 | 5.362342302360964 × 10^296 |
| 4 | ov_004 | 4.601605194436115 × 10^296 |
| 5 | ov_005 | 3.925387118124588 × 10^296 |
| 6 | ov_006 | 3.326966541553076 × 10^296 |
| 7 | ov_007 | 2.7999768554320278 × 10^296 |
| 8 | ov_008 | 2.3383844660834436 × 10^296 |
| 9 | ov_009 | 1.9364701410460493 × 10^296 |
| 10 | ov_010 | 1.588813284424064 × 10^296 |
| 11 | ov_011 | 1.29027881543442 × 10^296 |
| 12 | ov_012 | 1.036006342260001 × 10^296 |
| 13 | ov_013 | 8.214013416197174 × 10^295 |
| 14 | ov_014 | 6.42128072500532 × 10^295 |
| 15 | ov_015 | 4.94103970328176 × 10^295 |
| 16 | ov_016 | 3.734952855354489 × 10^295 |
| 17 | ov_017 | 2.7671374806104307 × 10^295 |
| 18 | ov_018 | 2.0041405680890022 × 10^295 |
| 19 | ov_019 | 1.4149201054105028 × 10^295 |
| 20 | ov_020 | 9.708312229309271 × 10^294 |
| 21 | ov_021 | 6.456160032942748 × 10^294 |
| 22 | ov_022 | 4.153961631399513 × 10^294 |
| 23 | ov_023 | 2.58667993474907 × 10^294 |
| 24 | ov_024 | 1.5629903198063254 × 10^294 |
| 25 | ov_025 | 9.152602726757869 × 10^293 |
| 26 | ov_026 | 4.9953824037587344 × 10^293 |
| 27 | ov_027 | 2.4976776070866723 × 10^293 |
| 28 | ov_028 | 1.1172946032311515 × 10^293 |
| 29 | ov_029 | 4.304052784530388 × 10^292 |
| 30 | ov_030 | 1.3154575793167747 × 10^292 |
| 31 | ov_031 | 2.5651248587225802 × 10^291 |
| 32 | lv_80_m31 | 5.0011170900661405 × 10^290 |
| 33 | ov_033 | 5.99220605137558 × 10^291 |
| 34 | ov_034 | 5.1957181393480036 × 10^291 |
| 35 | ov_035 | 4.48320631632433 × 10^291 |
| 36 | ov_036 | 3.847842049453616 × 10^291 |
| 37 | ov_037 | 3.2831640269225083 × 10^291 |
| 38 | ov_038 | 2.7830523178738476 × 10^291 |
| 39 | ov_039 | 2.3417060669651943 × 10^291 |
| 40 | ov_040 | 1.9536243764607985 × 10^291 |
| 41 | ov_041 | 1.6135900499288495 × 10^291 |
| 42 | ov_042 | 1.3190635514284359 × 10^291 |
| 43 | ov_043 | 1.0676372212244578 × 10^291 |
| 44 | ov_044 | 8.548715710763255 × 10^290 |
| 45 | ov_045 | 6.76568569535263 × 10^290 |
| 46 | ov_046 | 5.287654760532737 × 10^290 |
| 47 | ov_047 | 4.0772997295085795 × 10^290 |
| 48 | ov_048 | 3.0995639350310623 × 10^290 |
| 49 | ov_049 | 2.3216285997739782 × 10^290 |
| 50 | ov_050 | 1.712891607415772 × 10^290 |
| 51 | ov_051 | 1.2449521062273975 × 10^290 |
| 52 | ov_052 | 8.915995358884237 × 10^289 |
| 53 | ov_053 | 6.288058764661905 × 10^289 |
| 54 | ov_054 | 4.347202377763866 × 10^289 |
| 55 | ov_055 | 2.8966519873537643 × 10^289 |
| 56 | ov_056 | 1.8434505273972771 × 10^289 |
| 57 | ov_057 | 1.1054919607558114 × 10^289 |
| 58 | ov_058 | 6.115160215124622 × 10^288 |
| 59 | ov_059 | 3.0110542246048014 × 10^288 |
| 60 | ov_060 | 1.2468455924294621 × 10^288 |
| 61 | ov_061 | 4.351903257243092 × 10^287 |
| 62 | ov_062 | 1.1928738787571362 × 10^287 |
| 63 | ov_063 | 2.323036336469104 × 10^286 |
| 64 | lv_79_m31 | 4.5229461084482347 × 10^285 |
| 65 | ov_065 | 5.372722516498887 × 10^286 |
| 66 | ov_066 | 5.372705311865449 × 10^286 |
| 67 | ov_067 | 5.372701100956741 × 10^286 |
| 68 | ov_068 | 4.638186562738428 × 10^286 |
| 69 | ov_069 | 3.983606160993514 × 10^286 |
| 70 | ov_070 | 3.4024442965752323 × 10^286 |
| 71 | ov_071 | 2.8885864050673253 × 10^286 |
| 72 | ov_072 | 2.436291793671081 × 10^286 |
| 73 | ov_073 | 2.0401688767288497 × 10^286 |
| 74 | ov_074 | 1.695152683781641 × 10^286 |
| 75 | ov_075 | 1.3964845187880264 × 10^286 |
| 76 | ov_076 | 1.139693652995412 × 10^286 |
| 77 | ov_077 | 9.205809370666062 × 10^285 |
| 78 | ov_078 | 7.352042205309188 × 10^285 |
| 79 | ov_079 | 5.798654685489173 × 10^285 |
| 80 | ov_080 | 4.510994674451412 × 10^285 |
| 81 | ov_081 | 3.456640115580054 × 10^285 |
| 82 | ov_082 | 2.6053146475792454 × 10^285 |
| 83 | ov_083 | 1.9288159056243052 × 10^285 |
| 84 | ov_084 | 1.4009554518889505 × 10^285 |
| 85 | ov_085 | 9.975092817544346 × 10^284 |
| 86 | ov_086 | 6.961778539984911 × 10^284 |
| 87 | ov_087 | 4.765545945763228 × 10^284 |
| 88 | ov_088 | 3.201018244276384 × 10^284 |
| 89 | ov_089 | 2.1013306222250932 × 10^284 |
| 90 | ov_090 | 1.3180065321312223 × 10^284 |
| 91 | ov_091 | 7.813923038578511 × 10^283 |
| 92 | ov_092 | 4.309723883510947 × 10^283 |
| 93 | ov_093 | 2.1535188197251837 × 10^283 |
| 94 | ov_094 | 9.224793877302983 × 10^282 |
| 95 | aaa_78_28 | 2.8486264258544053 × 10^282 |
| 96 | aaa_78_29 | 8.74872684758474 × 10^281 |
| 97 | ov_097 | 5.778425862061107 × 10^281 |
| 98 | ov_098 | 5.778253110867642 × 10^281 |
| 99 | ov_099 | 5.778197959469171 × 10^281 |
| 100 | ov_100 | 5.200031239006703 × 10^281 |
| 101 | ov_101 | 4.6644612580380756 × 10^281 |
| 102 | ov_102 | 4.169159988147674 × 10^281 |
| 103 | ov_103 | 3.711969258256448 × 10^281 |
| 104 | ov_104 | 3.290878387081004 × 10^281 |
| 105 | ov_105 | 2.904003873662456 × 10^281 |
| 106 | ov_106 | 2.5495710410680664 × 10^281 |
| 107 | ov_107 | 2.225897531935018 × 10^281 |
| 108 | ov_108 | 1.9313785573451566 × 10^281 |
| 109 | ov_109 | 1.664473802702894 × 10^281 |
| 110 | ov_110 | 1.4236958959332693 × 10^281 |
| 111 | ov_111 | 1.2076003445171998 × 10^281 |
| 112 | ov_112 | 1.0147768487230342 × 10^281 |
| 113 | ov_113 | 8.438418989574873 × 10^280 |
| 114 | ov_114 | 6.934325655178433 × 10^280 |
| 115 | ov_115 | 5.622013892462949 × 10^280 |
| 116 | ov_116 | 4.488122817207821 × 10^280 |
| 117 | ov_117 | 3.5193734370287474 × 10^280 |
| 118 | ov_118 | 2.7025451062262115 × 10^280 |
| 119 | ov_119 | 2.0244585903111674 × 10^280 |
| 120 | ov_120 | 1.471963444792055 × 10^280 |
| 121 | ov_121 | 1.0319283896867318 × 10^280 |
| 122 | ov_122 | 6.912342241097734 × 10^279 |
| 123 | ov_123 | 4.36768825316411 × 10^279 |
| 124 | ov_124 | 2.5542377659075092 × 10^279 |
| 125 | ov_125 | 1.3409227914249851 × 10^279 |
| 126 | ov_126 | 5.966808750253491 × 10^278 |
| 127 | aaa_77_28 | 1.9045101097093273 × 10^278 |
| 128 | aaa_77_29 | 7.135283117547336 × 10^277 |
| 129 | ov_129 | 6.562058767375461 × 10^277 |
| 130 | ov_130 | 6.562039139962988 × 10^277 |
| 131 | ov_131 | 6.562034399568199 × 10^277 |
| 132 | ov_132 | 5.679282885576887 × 10^277 |
| 133 | ov_133 | 4.889538071036408 × 10^277 |
| 134 | ov_134 | 4.185758688320334 × 10^277 |
| 135 | ov_135 | 3.5612747232013243 × 10^277 |
| 136 | ov_136 | 3.0097607384545784 × 10^277 |
| 137 | ov_137 | 2.5252130505403014 × 10^277 |
| 138 | ov_138 | 2.101930381590589 × 10^277 |
| 139 | ov_139 | 1.7344976278961234 × 10^277 |
| 140 | ov_140 | 1.417772404566972 × 10^277 |
| 141 | ov_141 | 1.1468740441519388 × 10^277 |
| 142 | ov_142 | 9.171747448427203 × 10^276 |
| 143 | ov_143 | 7.242925815429418 × 10^276 |
| 144 | ov_144 | 5.640861106095264 × 10^276 |
| 145 | ov_145 | 4.3265031651915267 × 10^276 |
| 146 | ov_146 | 3.2631366610505346 × 10^276 |
| 147 | ov_147 | 2.4163605336659364 × 10^276 |
| 148 | ov_148 | 1.7540743518584956 × 10^276 |
| 149 | ov_149 | 1.2464697559813887 × 10^276 |
| 150 | ov_150 | 8.660253356185879 × 10^275 |
| 151 | ov_151 | 5.8750353536439615 × 10^275 |
| 152 | ov_152 | 3.879486160054574 × 10^275 |
| 153 | ov_153 | 2.4668520934928105 × 10^275 |
| 154 | ov_154 | 1.45317309564155 × 10^275 |
| 155 | ov_155 | 7.521665006927208 × 10^274 |
| 156 | aaa_76_25 | 2.889420096491224 × 10^274 |
| 157 | aaa_76_26 | 1.6676889117353407 × 10^274 |
| 158 | aaa_76_27 | 8.531529528542891 × 10^273 |
| 159 | aaa_76_28 | 3.3191443235396296 × 10^273 |
| 160 | aaa_76_29 | 1.0085953342683961 × 10^273 |

### Output Bits Sorted by Complexity

| Rank | Output Bit | Complexity |
|:----:|:----------:|:----------:|
| 160 | aaa_76_29 | 1.0085953342683961 × 10^273 |
| 159 | aaa_76_28 | 3.3191443235396296 × 10^273 |
| 158 | aaa_76_27 | 8.531529528542891 × 10^273 |
| 157 | aaa_76_26 | 1.6676889117353407 × 10^274 |
| 156 | aaa_76_25 | 2.889420096491224 × 10^274 |
| 155 | ov_155 | 7.521665006927208 × 10^274 |
| 154 | ov_154 | 1.45317309564155 × 10^275 |
| 153 | ov_153 | 2.4668520934928105 × 10^275 |
| 152 | ov_152 | 3.879486160054574 × 10^275 |
| 151 | ov_151 | 5.8750353536439615 × 10^275 |
| 150 | ov_150 | 8.660253356185879 × 10^275 |
| 149 | ov_149 | 1.2464697559813887 × 10^276 |
| 148 | ov_148 | 1.7540743518584956 × 10^276 |
| 147 | ov_147 | 2.4163605336659364 × 10^276 |
| 146 | ov_146 | 3.2631366610505346 × 10^276 |
| 145 | ov_145 | 4.3265031651915267 × 10^276 |
| 144 | ov_144 | 5.640861106095264 × 10^276 |
| 143 | ov_143 | 7.242925815429418 × 10^276 |
| 142 | ov_142 | 9.171747448427203 × 10^276 |
| 141 | ov_141 | 1.1468740441519388 × 10^277 |
| 140 | ov_140 | 1.417772404566972 × 10^277 |
| 139 | ov_139 | 1.7344976278961234 × 10^277 |
| 138 | ov_138 | 2.101930381590589 × 10^277 |
| 137 | ov_137 | 2.5252130505403014 × 10^277 |
| 136 | ov_136 | 3.0097607384545784 × 10^277 |
| 135 | ov_135 | 3.5612747232013243 × 10^277 |
| 134 | ov_134 | 4.185758688320334 × 10^277 |
| 133 | ov_133 | 4.889538071036408 × 10^277 |
| 132 | ov_132 | 5.679282885576887 × 10^277 |
| 131 | ov_131 | 6.562034399568199 × 10^277 |
| 130 | ov_130 | 6.562039139962988 × 10^277 |
| 129 | ov_129 | 6.562058767375461 × 10^277 |
| 128 | aaa_77_29 | 7.135283117547336 × 10^277 |
| 127 | aaa_77_28 | 1.9045101097093273 × 10^278 |
| 126 | ov_126 | 5.966808750253491 × 10^278 |
| 125 | ov_125 | 1.3409227914249851 × 10^279 |
| 124 | ov_124 | 2.5542377659075092 × 10^279 |
| 123 | ov_123 | 4.36768825316411 × 10^279 |
| 122 | ov_122 | 6.912342241097734 × 10^279 |
| 121 | ov_121 | 1.0319283896867318 × 10^280 |
| 120 | ov_120 | 1.471963444792055 × 10^280 |
| 119 | ov_119 | 2.0244585903111674 × 10^280 |
| 118 | ov_118 | 2.7025451062262115 × 10^280 |
| 117 | ov_117 | 3.5193734370287474 × 10^280 |
| 116 | ov_116 | 4.488122817207821 × 10^280 |
| 115 | ov_115 | 5.622013892462949 × 10^280 |
| 114 | ov_114 | 6.934325655178433 × 10^280 |
| 113 | ov_113 | 8.438418989574873 × 10^280 |
| 112 | ov_112 | 1.0147768487230342 × 10^281 |
| 111 | ov_111 | 1.2076003445171998 × 10^281 |
| 110 | ov_110 | 1.4236958959332693 × 10^281 |
| 109 | ov_109 | 1.664473802702894 × 10^281 |
| 108 | ov_108 | 1.9313785573451566 × 10^281 |
| 107 | ov_107 | 2.225897531935018 × 10^281 |
| 106 | ov_106 | 2.5495710410680664 × 10^281 |
| 105 | ov_105 | 2.904003873662456 × 10^281 |
| 104 | ov_104 | 3.290878387081004 × 10^281 |
| 103 | ov_103 | 3.711969258256448 × 10^281 |
| 102 | ov_102 | 4.169159988147674 × 10^281 |
| 101 | ov_101 | 4.6644612580380756 × 10^281 |
| 100 | ov_100 | 5.200031239006703 × 10^281 |
| 99 | ov_099 | 5.778197959469171 × 10^281 |
| 98 | ov_098 | 5.778253110867642 × 10^281 |
| 97 | ov_097 | 5.778425862061107 × 10^281 |
| 96 | aaa_78_29 | 8.74872684758474 × 10^281 |
| 95 | aaa_78_28 | 2.8486264258544053 × 10^282 |
| 94 | ov_094 | 9.224793877302983 × 10^282 |
| 93 | ov_093 | 2.1535188197251837 × 10^283 |
| 92 | ov_092 | 4.309723883510947 × 10^283 |
| 91 | ov_091 | 7.813923038578511 × 10^283 |
| 90 | ov_090 | 1.3180065321312223 × 10^284 |
| 89 | ov_089 | 2.1013306222250932 × 10^284 |
| 88 | ov_088 | 3.201018244276384 × 10^284 |
| 87 | ov_087 | 4.765545945763228 × 10^284 |
| 86 | ov_086 | 6.961778539984911 × 10^284 |
| 85 | ov_085 | 9.975092817544346 × 10^284 |
| 84 | ov_084 | 1.4009554518889505 × 10^285 |
| 83 | ov_083 | 1.9288159056243052 × 10^285 |
| 82 | ov_082 | 2.6053146475792454 × 10^285 |
| 81 | ov_081 | 3.456640115580054 × 10^285 |
| 80 | ov_080 | 4.510994674451412 × 10^285 |
| 64 | lv_79_m31 | 4.5229461084482347 × 10^285 |
| 79 | ov_079 | 5.798654685489173 × 10^285 |
| 78 | ov_078 | 7.352042205309188 × 10^285 |
| 77 | ov_077 | 9.205809370666062 × 10^285 |
| 76 | ov_076 | 1.139693652995412 × 10^286 |
| 75 | ov_075 | 1.3964845187880264 × 10^286 |
| 74 | ov_074 | 1.695152683781641 × 10^286 |
| 73 | ov_073 | 2.0401688767288497 × 10^286 |
| 63 | ov_063 | 2.323036336469104 × 10^286 |
| 72 | ov_072 | 2.436291793671081 × 10^286 |
| 71 | ov_071 | 2.8885864050673253 × 10^286 |
| 70 | ov_070 | 3.4024442965752323 × 10^286 |
| 69 | ov_069 | 3.983606160993514 × 10^286 |
| 68 | ov_068 | 4.638186562738428 × 10^286 |
| 67 | ov_067 | 5.372701100956741 × 10^286 |
| 66 | ov_066 | 5.372705311865449 × 10^286 |
| 65 | ov_065 | 5.372722516498887 × 10^286 |
| 62 | ov_062 | 1.1928738787571362 × 10^287 |
| 61 | ov_061 | 4.351903257243092 × 10^287 |
| 60 | ov_060 | 1.2468455924294621 × 10^288 |
| 59 | ov_059 | 3.0110542246048014 × 10^288 |
| 58 | ov_058 | 6.115160215124622 × 10^288 |
| 57 | ov_057 | 1.1054919607558114 × 10^289 |
| 56 | ov_056 | 1.8434505273972771 × 10^289 |
| 55 | ov_055 | 2.8966519873537643 × 10^289 |
| 54 | ov_054 | 4.347202377763866 × 10^289 |
| 53 | ov_053 | 6.288058764661905 × 10^289 |
| 52 | ov_052 | 8.915995358884237 × 10^289 |
| 51 | ov_051 | 1.2449521062273975 × 10^290 |
| 50 | ov_050 | 1.712891607415772 × 10^290 |
| 49 | ov_049 | 2.3216285997739782 × 10^290 |
| 48 | ov_048 | 3.0995639350310623 × 10^290 |
| 47 | ov_047 | 4.0772997295085795 × 10^290 |
| 32 | lv_80_m31 | 5.0011170900661405 × 10^290 |
| 46 | ov_046 | 5.287654760532737 × 10^290 |
| 45 | ov_045 | 6.76568569535263 × 10^290 |
| 44 | ov_044 | 8.548715710763255 × 10^290 |
| 43 | ov_043 | 1.0676372212244578 × 10^291 |
| 42 | ov_042 | 1.3190635514284359 × 10^291 |
| 41 | ov_041 | 1.6135900499288495 × 10^291 |
| 40 | ov_040 | 1.9536243764607985 × 10^291 |
| 39 | ov_039 | 2.3417060669651943 × 10^291 |
| 31 | ov_031 | 2.5651248587225802 × 10^291 |
| 38 | ov_038 | 2.7830523178738476 × 10^291 |
| 37 | ov_037 | 3.2831640269225083 × 10^291 |
| 36 | ov_036 | 3.847842049453616 × 10^291 |
| 35 | ov_035 | 4.48320631632433 × 10^291 |
| 34 | ov_034 | 5.1957181393480036 × 10^291 |
| 33 | ov_033 | 5.99220605137558 × 10^291 |
| 30 | ov_030 | 1.3154575793167747 × 10^292 |
| 29 | ov_029 | 4.304052784530388 × 10^292 |
| 28 | ov_028 | 1.1172946032311515 × 10^293 |
| 27 | ov_027 | 2.4976776070866723 × 10^293 |
| 26 | ov_026 | 4.9953824037587344 × 10^293 |
| 25 | ov_025 | 9.152602726757869 × 10^293 |
| 24 | ov_024 | 1.5629903198063254 × 10^294 |
| 23 | ov_023 | 2.58667993474907 × 10^294 |
| 22 | ov_022 | 4.153961631399513 × 10^294 |
| 21 | ov_021 | 6.456160032942748 × 10^294 |
| 20 | ov_020 | 9.708312229309271 × 10^294 |
| 19 | ov_019 | 1.4149201054105028 × 10^295 |
| 18 | ov_018 | 2.0041405680890022 × 10^295 |
| 17 | ov_017 | 2.7671374806104307 × 10^295 |
| 16 | ov_016 | 3.734952855354489 × 10^295 |
| 15 | ov_015 | 4.94103970328176 × 10^295 |
| 14 | ov_014 | 6.42128072500532 × 10^295 |
| 13 | ov_013 | 8.214013416197174 × 10^295 |
| 12 | ov_012 | 1.036006342260001 × 10^296 |
| 11 | ov_011 | 1.29027881543442 × 10^296 |
| 10 | ov_010 | 1.588813284424064 × 10^296 |
| 9 | ov_009 | 1.9364701410460493 × 10^296 |
| 8 | ov_008 | 2.3383844660834436 × 10^296 |
| 7 | ov_007 | 2.7999768554320278 × 10^296 |
| 6 | ov_006 | 3.326966541553076 × 10^296 |
| 5 | ov_005 | 3.925387118124588 × 10^296 |
| 4 | ov_004 | 4.601605194436115 × 10^296 |
| 3 | ov_003 | 5.362342302360964 × 10^296 |
| 2 | ov_002 | 6.214700328700357 × 10^296 |
| 1 | ov_001 | 7.166190717886994 × 10^296 |

