# Results for O003006-E004005-E009012-F013-F014-F015-F016-F017-F018-F019-F020-F021-F022-F023-F024-F025-F026-F027-F028-F029-F030-F031-F032-F033-F034-F035-F036-F037-F038-F039-F040-F041-F042-F043-F044-F045-F046-F047-F048-F049-F050-F051-F052-F053-F054-F055-F056-F057-F058-F059-F060-F061-F062-F063-F064-F065-F066-F067-F068-F069-F070-F071-F072-F073-F074-F075-F076-F077-F078-F079-F080-F081-F082-F083-F084-F085-F086-F087-F088-F089-F090-F091-F092-F093-F094-F095-F096-F097-F098-F099-F100-F101-F102-F103-F104-F105-F106-F107-F108-F109-F110-F111-F112-F113-F114-F115-F116-F117-F118-F119-F120-F121-F122-F123-F124-F125-F126-F127-F128-F129-F130-F131-F132-F133-F134-F135-F136-F137-F138-F139-F140-F141-F142-F143-F144-F145-F146-F147-F148-F149-F150-F151-F152-F153-F154-F155-F156-F157-F158-F159-F160-F161-F162-F163-F164-F165-F166-F167-F168-F169-F170-F171-F172-F173-F174-F175-F176-F177-F178-F179-F180-F181-F182-F183-F184-F185-F186-F187-F188-F189-F190-F191-F192-F193-F194-F195-F196-F197-F198-F199-F200-F201-F202-F203-F204-F205-F206-F207-F208-F209-F210-F211-F212-F213-F214-F215-F216-F217-F218-F219-F220-F221-F222-F223-F224-F225-F226-F227-F228-F229-F230-F231-F232-F233-F234-F235-F236-F237-F238-F239-F240-F241-F242-F243-F244-F245-F246-F247-F248-F249-F250-F251-F252-F253-F254-F255-F256-F257-F258-F259-F260-F261-F262-F263-F264-F265-F266-F267-F268-F269-F270-F271-F272-F273-F274-F275-F276-F277-F278-F279-F280-F281-F282-F283-F284-F285-F286-F287-F288-F289-F290-F291-F292-F293-F294-F295-F296-F297-F298-F299-F300-F301-F302-F303-F304-F305-F306-F307-F308-F309-F310-F311-F312-F313-F314-F315-F316-F317-F318-F319-F320-F321-F322-F323-F324-F325-F326-F327-F328-F329-F330-F331-F332-F333-F334-F335-F336-F337-F338-F339-F340-F341-F342-F343-F344-F345-F346-F347-F348-F349-F350-F351-F352-F353-F354-F355-F356-F357-F358-F359-F360-F361-F362-F363-F364-F365-F366-F367-F368-F369-F370-F371-F372-F373-F374-F375-F376-F377-F378-F379-F380-F381-F382-F383-F384-F385-F386-F387-F388-F389-F390-F391-F392-F393-F394-F395-F396-F397-F398-F399-F400-F401-F402-F403-F404-F405-F406-F407-F408-F409-F410-F411-F412-F413-F414-F415-F416-F417-F418-F419-F420-F421-F422-F423-F424-F425-F426-F427-F428-F429-F430-F431-F432-F433-F434-F435-F436-F437-F438-F439-F440-F441-F442-F443-F444-F445-F446-F447-F448-F449-F450-F451-F452-F453-F454-F455-F456-F457-F458-F459-F460-F461-F462-F463-F464-F465-F466-F467-F468-F469-F470-F471-F472-F473-F474-F475-F476-F477-F478-F479-F480-F481-F482-F483-F484-F485-F486-F487-F488-F489-F490-F491-F492-F493-F494-F495-F496-F497-F498-F499-F500-F501-F502-F503-F504-F505-F506-F507-F508-F509-F510-F511-F512

## Summary

Number of input bits: 512  
Number of free input bits: 9  
Number of output bits: 160

Number of direct occurrences: 42054  
Number of assignments: 38467  
Number of operations: 19219786
(xor: 19179835,
and: 23758,
or: 16193)

Total complexity: 1.4069083469646907 × 10^356

Least occurring input variable: iv_007 (4388)  
Most occurring input variable: iv_003 (5007)

Most co-occurring input variables: iv_002-iv_009 (2342)  
Least co-occurring input variables: iv_007-iv_011 (1952)

Potentially most occurring input variable: iv_003/iv_009 (5348)  
Potentially least occurring input variable: iv_002/iv_007 (4608)

Least output occurring input variable: iv_009 (62)  
Most output occurring input variable: iv_010 (86)

Most output co-occurring input variables: iv_008-iv_010 (52)  
Least output co-occurring input variables: iv_001-iv_011 (24)

Potentially most output occurring input variable: iv_003/iv_009 (91)  
Potentially least output occurring input variable: iv_008/iv_010 (68)

Least complex input bit: iv_001 (1.8131898229019955 × 10^353)  
Most complex input bit: iv_009 (4.391029585695604 × 10^355)

Least complex output bit: aaa_76_29 (4.583744864592749 × 10^330)  
Most complex output bit: ov_001 (2.1436239221776486 × 10^355)

Least complex input/output complexity: iv_001/aaa_76_29 (5.907420733688646 × 10^327)  
Most complex input/output complexity: iv_009/ov_001 (6.690354835973629 × 10^354)

## Input Bits

### Input Bits in Regular Order

| Input Bit | Complexity | Occurrences | Output Occurrences |
|:---------:|:----------:|:-----------:|:------------------:|
| iv_001 | 1.8131898229019955 × 10^353 | 4628 | 74 |
| iv_002 | 7.759037264673398 × 10^353 | 4638 | 80 |
| iv_003 | 1.2131646247544738 × 10^355 | 5007 | 85 |
| iv_004 | 9.451358376785781 × 10^354 | 4566 | 85 |
| iv_007 | 1.2971797412016818 × 10^355 | 4388 | 77 |
| iv_008 | 1.6444312351332819 × 10^355 | 4588 | 86 |
| iv_009 | 4.391029585695604 × 10^355 | 4997 | 62 |
| iv_010 | 2.1712259019808037 × 10^355 | 4544 | 86 |
| iv_011 | 2.3111942723267625 × 10^355 | 4698 | 63 |

### Input Bits Sorted by Complexity

| Input Bit | Complexity | Occurrences | Output Occurrences |
|:---------:|:----------:|:-----------:|:------------------:|
| iv_001 | 1.8131898229019955 × 10^353 | 4628 | 74 |
| iv_002 | 7.759037264673398 × 10^353 | 4638 | 80 |
| iv_004 | 9.451358376785781 × 10^354 | 4566 | 85 |
| iv_003 | 1.2131646247544738 × 10^355 | 5007 | 85 |
| iv_007 | 1.2971797412016818 × 10^355 | 4388 | 77 |
| iv_008 | 1.6444312351332819 × 10^355 | 4588 | 86 |
| iv_010 | 2.1712259019808037 × 10^355 | 4544 | 86 |
| iv_011 | 2.3111942723267625 × 10^355 | 4698 | 63 |
| iv_009 | 4.391029585695604 × 10^355 | 4997 | 62 |

### Input Bits Sorted by Occurrences

| Input Bit | Complexity | Occurrences | Output Occurrences |
|:---------:|:----------:|:-----------:|:------------------:|
| iv_007 | 1.2971797412016818 × 10^355 | 4388 | 77 |
| iv_010 | 2.1712259019808037 × 10^355 | 4544 | 86 |
| iv_004 | 9.451358376785781 × 10^354 | 4566 | 85 |
| iv_008 | 1.6444312351332819 × 10^355 | 4588 | 86 |
| iv_001 | 1.8131898229019955 × 10^353 | 4628 | 74 |
| iv_002 | 7.759037264673398 × 10^353 | 4638 | 80 |
| iv_011 | 2.3111942723267625 × 10^355 | 4698 | 63 |
| iv_009 | 4.391029585695604 × 10^355 | 4997 | 62 |
| iv_003 | 1.2131646247544738 × 10^355 | 5007 | 85 |

### Input Bits Sorted by Output Occurrences

| Input Bit | Complexity | Occurrences | Output Occurrences |
|:---------:|:----------:|:-----------:|:------------------:|
| iv_009 | 4.391029585695604 × 10^355 | 4997 | 62 |
| iv_011 | 2.3111942723267625 × 10^355 | 4698 | 63 |
| iv_001 | 1.8131898229019955 × 10^353 | 4628 | 74 |
| iv_007 | 1.2971797412016818 × 10^355 | 4388 | 77 |
| iv_002 | 7.759037264673398 × 10^353 | 4638 | 80 |
| iv_003 | 1.2131646247544738 × 10^355 | 5007 | 85 |
| iv_004 | 9.451358376785781 × 10^354 | 4566 | 85 |
| iv_008 | 1.6444312351332819 × 10^355 | 4588 | 86 |
| iv_010 | 2.1712259019808037 × 10^355 | 4544 | 86 |

## Input Bit Co-occurrences

### Input Bit Co-occurrences Sorted by Co-occurrences

| Input Bits | Co-occurrences | Potential Occurrences | Output Co-occurrences | Potential Output Occurrences |
|:----------:|:--------------:|:---------------------:|:---------------------:|:----------------------------:|
| iv_002-iv_009 | 2342 | 4951 | 27 | 88 |
| iv_002-iv_003 | 2329 | 4987 | 45 | 75 |
| iv_003-iv_009 | 2328 | 5348 | 28 | 91 |
| iv_001-iv_003 | 2287 | 5061 | 41 | 77 |
| iv_003-iv_008 | 2275 | 5045 | 50 | 71 |
| iv_009-iv_011 | 2267 | 5161 | 24 | 77 |
| iv_003-iv_011 | 2244 | 5217 | 31 | 86 |
| iv_001-iv_002 | 2239 | 4788 | 37 | 80 |
| iv_004-iv_009 | 2235 | 5093 | 34 | 79 |

### Input Bit Co-occurrences Sorted by Potential Occurrences

| Input Bits | Co-occurrences | Potential Occurrences | Output Co-occurrences | Potential Output Occurrences |
|:----------:|:--------------:|:---------------------:|:---------------------:|:----------------------------:|
| iv_002-iv_007 | 2209 | 4608 | 43 | 71 |
| iv_004-iv_010 | 2194 | 4722 | 43 | 85 |
| iv_001-iv_002 | 2239 | 4788 | 37 | 80 |
| iv_007-iv_010 | 2064 | 4804 | 40 | 83 |
| iv_001-iv_007 | 2100 | 4816 | 36 | 79 |
| iv_002-iv_008 | 2201 | 4824 | 46 | 74 |
| iv_001-iv_004 | 2172 | 4850 | 40 | 79 |
| iv_010-iv_011 | 2180 | 4882 | 33 | 83 |
| iv_001-iv_010 | 2145 | 4882 | 45 | 70 |

### Input Bit Output Co-occurrences Sorted by Output Co-occurrences

| Input Bits | Co-occurrences | Potential Occurrences | Output Co-occurrences | Potential Output Occurrences |
|:----------:|:--------------:|:---------------------:|:---------------------:|:----------------------------:|
| iv_008-iv_010 | 2120 | 4892 | 52 | 68 |
| iv_003-iv_008 | 2275 | 5045 | 50 | 71 |
| iv_003-iv_010 | 2146 | 5259 | 50 | 71 |
| iv_002-iv_008 | 2201 | 4824 | 46 | 74 |
| iv_002-iv_003 | 2329 | 4987 | 45 | 75 |
| iv_001-iv_010 | 2145 | 4882 | 45 | 70 |
| iv_002-iv_010 | 2126 | 4930 | 45 | 76 |
| iv_003-iv_004 | 2171 | 5231 | 44 | 82 |
| iv_003-iv_007 | 2179 | 5037 | 44 | 74 |

### Input Bit Output Co-occurrences Sorted by Potential Output Occurrences

| Input Bits | Co-occurrences | Potential Occurrences | Output Co-occurrences | Potential Output Occurrences |
|:----------:|:--------------:|:---------------------:|:---------------------:|:----------------------------:|
| iv_008-iv_010 | 2120 | 4892 | 52 | 68 |
| iv_001-iv_010 | 2145 | 4882 | 45 | 70 |
| iv_003-iv_008 | 2275 | 5045 | 50 | 71 |
| iv_003-iv_010 | 2146 | 5259 | 50 | 71 |
| iv_008-iv_011 | 2016 | 5254 | 39 | 71 |
| iv_002-iv_007 | 2209 | 4608 | 43 | 71 |
| iv_002-iv_008 | 2201 | 4824 | 46 | 74 |
| iv_003-iv_007 | 2179 | 5037 | 44 | 74 |
| iv_007-iv_011 | 1952 | 5182 | 33 | 74 |

## Output Bits

### Output Bits in Regular Order

| Rank | Output Bit | Complexity |
|:----:|:----------:|:----------:|
| 1 | ov_001 | 2.1436239221776486 × 10^355 |
| 2 | ov_002 | 1.8781015892617605 × 10^355 |
| 3 | ov_003 | 1.638461108268564 × 10^355 |
| 4 | ov_004 | 1.4223178544575002 × 10^355 |
| 5 | ov_005 | 1.2274236967986145 × 10^355 |
| 6 | ov_006 | 1.0516572152841732 × 10^355 |
| 7 | ov_007 | 8.939882244328478 × 10^354 |
| 8 | ov_008 | 7.534435003115362 × 10^354 |
| 9 | ov_009 | 6.291031887490526 × 10^354 |
| 10 | ov_010 | 5.200976811294546 × 10^354 |
| 11 | ov_011 | 4.2560493116908526 × 10^354 |
| 12 | ov_012 | 3.44848182008327 × 10^354 |
| 13 | ov_013 | 2.764025050746273 × 10^354 |
| 14 | ov_014 | 2.189253062643526 × 10^354 |
| 15 | ov_015 | 1.71153998276849 × 10^354 |
| 16 | ov_016 | 1.3190413662730548 × 10^354 |
| 17 | ov_017 | 1.0006795224145941 × 10^354 |
| 18 | ov_018 | 7.46132189054862 × 10^353 |
| 19 | ov_019 | 5.458239919560018 × 10^353 |
| 20 | ov_020 | 3.909201785099674 × 10^353 |
| 21 | ov_021 | 2.7332216885645775 × 10^353 |
| 22 | ov_022 | 1.856645206218212 × 10^353 |
| 23 | ov_023 | 1.2131295676542536 × 10^353 |
| 24 | ov_024 | 7.436315926108864 × 10^352 |
| 25 | ov_025 | 4.204534746626217 × 10^352 |
| 26 | ov_026 | 2.1954258490203157 × 10^352 |
| 27 | ov_027 | 1.0372527728561447 × 10^352 |
| 28 | ov_028 | 4.3114846096651417 × 10^351 |
| 29 | ov_029 | 1.511131922013666 × 10^351 |
| 30 | ov_030 | 4.1605620709657647 × 10^350 |
| 31 | ov_031 | 8.143249505679734 × 10^349 |
| 32 | lv_80_m31 | 1.593834150308515 × 10^349 |
| 33 | ov_033 | 1.990558094359388 × 10^350 |
| 34 | ov_034 | 1.7497136660130143 × 10^350 |
| 35 | ov_035 | 1.5323043937221323 × 10^350 |
| 36 | ov_036 | 1.3362072870053378 × 10^350 |
| 37 | ov_037 | 1.1594159966263185 × 10^350 |
| 38 | ov_038 | 1.0000325815727888 × 10^350 |
| 39 | ov_039 | 8.562603362621791 × 10^349 |
| 40 | ov_040 | 7.272253833259465 × 10^349 |
| 41 | ov_041 | 6.120999209272722 × 10^349 |
| 42 | ov_042 | 5.100997615554825 × 10^349 |
| 43 | ov_043 | 4.2048224308106624 × 10^349 |
| 44 | ov_044 | 3.4254447260507845 × 10^349 |
| 45 | ov_045 | 2.7562186594616485 × 10^349 |
| 46 | ov_046 | 2.1908694785990237 × 10^349 |
| 47 | ov_047 | 1.7179240517706577 × 10^349 |
| 48 | ov_048 | 1.3266104547961067 × 10^349 |
| 49 | ov_049 | 1.0068472967966903 × 10^349 |
| 50 | ov_050 | 7.492356612922018 × 10^348 |
| 51 | ov_051 | 5.450532003532929 × 10^348 |
| 52 | ov_052 | 3.8624996141536593 × 10^348 |
| 53 | ov_053 | 2.6544556810339283 × 10^348 |
| 54 | ov_054 | 1.7592741809052439 × 10^348 |
| 55 | ov_055 | 1.1164960264618597 × 10^348 |
| 56 | ov_056 | 6.723229414067586 × 10^347 |
| 57 | ov_057 | 3.7961402891510693 × 10^347 |
| 58 | ov_058 | 1.978838203001247 × 10^347 |
| 59 | ov_059 | 9.330122447912063 × 10^346 |
| 60 | ov_060 | 3.8689038752399966 × 10^346 |
| 61 | ov_061 | 1.3523761123312992 × 10^346 |
| 62 | ov_062 | 3.712544065573929 × 10^345 |
| 63 | ov_063 | 7.241823343405859 × 10^344 |
| 64 | lv_79_m31 | 1.412332596692626 × 10^344 |
| 65 | ov_065 | 1.7043949761916007 × 10^345 |
| 66 | ov_066 | 1.7043879203177682 × 10^345 |
| 67 | ov_067 | 1.7043856520971005 × 10^345 |
| 68 | ov_068 | 1.4813964907428458 × 10^345 |
| 69 | ov_069 | 1.2813656954249457 × 10^345 |
| 70 | ov_070 | 1.102548150163982 × 10^345 |
| 71 | ov_071 | 9.4329885457692 × 10^344 |
| 72 | ov_072 | 8.020655948879644 × 10^344 |
| 73 | ov_073 | 6.773824218034985 × 10^344 |
| 74 | ov_074 | 5.67863890974291 × 10^344 |
| 75 | ov_075 | 4.7220002424299824 × 10^344 |
| 76 | ov_076 | 3.891519522289882 × 10^344 |
| 77 | ov_077 | 3.1754819281919295 × 10^344 |
| 78 | ov_078 | 2.5628150633406145 × 10^344 |
| 79 | ov_079 | 2.0430626349575783 × 10^344 |
| 80 | ov_080 | 1.606362663269731 × 10^344 |
| 81 | ov_081 | 1.2434296602141669 × 10^344 |
| 82 | ov_082 | 9.455402567094983 × 10^343 |
| 83 | ov_083 | 7.04521795261486 × 10^343 |
| 84 | ov_084 | 5.127434422054683 × 10^343 |
| 85 | ov_085 | 3.631094111490174 × 10^343 |
| 86 | ov_086 | 2.49053926251075 × 10^343 |
| 87 | ov_087 | 1.6453759092327801 × 10^343 |
| 88 | ov_088 | 1.0404486441209285 × 10^343 |
| 89 | ov_089 | 6.25823855484708 × 10^342 |
| 90 | ov_090 | 3.567791975578006 × 10^342 |
| 91 | ov_091 | 1.937974220015225 × 10^342 |
| 92 | ov_092 | 1.0256306756587979 × 10^342 |
| 93 | ov_093 | 5.396085320827667 × 10^341 |
| 94 | ov_094 | 2.4075063916710557 × 10^341 |
| 95 | aaa_78_28 | 7.706453303342956 × 10^340 |
| 96 | aaa_78_29 | 2.9004199973832533 × 10^340 |
| 97 | ov_097 | 2.8151608641881996 × 10^340 |
| 98 | ov_098 | 2.815152752263923 × 10^340 |
| 99 | ov_099 | 2.815150782543557 × 10^340 |
| 100 | ov_100 | 2.470937850525519 × 10^340 |
| 101 | ov_101 | 2.1604683378044924 × 10^340 |
| 102 | ov_102 | 1.8806969899192578 × 10^340 |
| 103 | ov_103 | 1.628753740314559 × 10^340 |
| 104 | ov_104 | 1.4019316735057586 × 10^340 |
| 105 | ov_105 | 1.1976762758733181 × 10^340 |
| 106 | ov_106 | 1.0147471249119648 × 10^340 |
| 107 | ov_107 | 8.519729768570598 × 10^339 |
| 108 | ov_108 | 7.082478090023663 × 10^339 |
| 109 | ov_109 | 5.825273540356878 × 10^339 |
| 110 | ov_110 | 4.738260885510147 × 10^339 |
| 111 | ov_111 | 3.8121464014206027 × 10^339 |
| 112 | ov_112 | 3.029942399191708 × 10^339 |
| 113 | ov_113 | 2.3756876862294525 × 10^339 |
| 114 | ov_114 | 1.8344199581843086 × 10^339 |
| 115 | ov_115 | 1.3921538379708857 × 10^339 |
| 116 | ov_116 | 1.0358638740508649 × 10^339 |
| 117 | ov_117 | 7.534717122141823 × 10^338 |
| 118 | ov_118 | 5.338366772916345 × 10^338 |
| 119 | ov_119 | 3.667490809381272 × 10^338 |
| 120 | ov_120 | 2.429256512058351 × 10^338 |
| 121 | ov_121 | 1.540065591371381 × 10^338 |
| 122 | ov_122 | 9.255359708209405 × 10^337 |
| 123 | ov_123 | 5.2049142903338536 × 10^337 |
| 124 | ov_124 | 2.6895623354983047 × 10^337 |
| 125 | ov_125 | 1.241526678144178 × 10^337 |
| 126 | ov_126 | 4.850005183708841 × 10^336 |
| 127 | aaa_77_28 | 1.3614425494112311 × 10^336 |
| 128 | aaa_77_29 | 4.1521049971388745 × 10^335 |
| 129 | ov_129 | 2.5382493390439094 × 10^335 |
| 130 | ov_130 | 2.538240358268738 × 10^335 |
| 131 | ov_131 | 2.5382381695747423 × 10^335 |
| 132 | ov_132 | 2.2297690956034355 × 10^335 |
| 133 | ov_133 | 1.953929015790445 × 10^335 |
| 134 | ov_134 | 1.7074226830632133 × 10^335 |
| 135 | ov_135 | 1.4871463653517447 × 10^335 |
| 136 | ov_136 | 1.290174328706549 × 10^335 |
| 137 | ov_137 | 1.1137467543705933 × 10^335 |
| 138 | ov_138 | 9.552589948723476 × 10^334 |
| 139 | ov_139 | 8.134462571124987 × 10^334 |
| 140 | ov_140 | 6.871143632669638 × 10^334 |
| 141 | ov_141 | 5.751358662271894 × 10^334 |
| 142 | ov_142 | 4.764466874758604 × 10^334 |
| 143 | ov_143 | 3.900432406333304 × 10^334 |
| 144 | ov_144 | 3.149800060984322 × 10^334 |
| 145 | ov_145 | 2.5036752435795933 × 10^334 |
| 146 | ov_146 | 1.9537077113486006 × 10^334 |
| 147 | ov_147 | 1.4920786711383139 × 10^334 |
| 148 | ov_148 | 1.1114907210360884 × 10^334 |
| 149 | ov_149 | 8.051601765087301 × 10^333 |
| 150 | ov_150 | 5.668113626795367 × 10^333 |
| 151 | ov_151 | 3.8540173823807133 × 10^333 |
| 152 | ov_152 | 2.508889088332902 × 10^333 |
| 153 | ov_153 | 1.542275228191355 × 10^333 |
| 154 | ov_154 | 8.736736888386754 × 10^332 |
| 155 | ov_155 | 4.3252292198466946 × 10^332 |
| 156 | aaa_76_25 | 1.5819643113087195 × 10^332 |
| 157 | aaa_76_26 | 8.282914316215336 × 10^331 |
| 158 | aaa_76_27 | 3.8293606846113004 × 10^331 |
| 159 | aaa_76_28 | 1.4986587377479339 × 10^331 |
| 160 | aaa_76_29 | 4.583744864592749 × 10^330 |

### Output Bits Sorted by Complexity

| Rank | Output Bit | Complexity |
|:----:|:----------:|:----------:|
| 160 | aaa_76_29 | 4.583744864592749 × 10^330 |
| 159 | aaa_76_28 | 1.4986587377479339 × 10^331 |
| 158 | aaa_76_27 | 3.8293606846113004 × 10^331 |
| 157 | aaa_76_26 | 8.282914316215336 × 10^331 |
| 156 | aaa_76_25 | 1.5819643113087195 × 10^332 |
| 155 | ov_155 | 4.3252292198466946 × 10^332 |
| 154 | ov_154 | 8.736736888386754 × 10^332 |
| 153 | ov_153 | 1.542275228191355 × 10^333 |
| 152 | ov_152 | 2.508889088332902 × 10^333 |
| 151 | ov_151 | 3.8540173823807133 × 10^333 |
| 150 | ov_150 | 5.668113626795367 × 10^333 |
| 149 | ov_149 | 8.051601765087301 × 10^333 |
| 148 | ov_148 | 1.1114907210360884 × 10^334 |
| 147 | ov_147 | 1.4920786711383139 × 10^334 |
| 146 | ov_146 | 1.9537077113486006 × 10^334 |
| 145 | ov_145 | 2.5036752435795933 × 10^334 |
| 144 | ov_144 | 3.149800060984322 × 10^334 |
| 143 | ov_143 | 3.900432406333304 × 10^334 |
| 142 | ov_142 | 4.764466874758604 × 10^334 |
| 141 | ov_141 | 5.751358662271894 × 10^334 |
| 140 | ov_140 | 6.871143632669638 × 10^334 |
| 139 | ov_139 | 8.134462571124987 × 10^334 |
| 138 | ov_138 | 9.552589948723476 × 10^334 |
| 137 | ov_137 | 1.1137467543705933 × 10^335 |
| 136 | ov_136 | 1.290174328706549 × 10^335 |
| 135 | ov_135 | 1.4871463653517447 × 10^335 |
| 134 | ov_134 | 1.7074226830632133 × 10^335 |
| 133 | ov_133 | 1.953929015790445 × 10^335 |
| 132 | ov_132 | 2.2297690956034355 × 10^335 |
| 131 | ov_131 | 2.5382381695747423 × 10^335 |
| 130 | ov_130 | 2.538240358268738 × 10^335 |
| 129 | ov_129 | 2.5382493390439094 × 10^335 |
| 128 | aaa_77_29 | 4.1521049971388745 × 10^335 |
| 127 | aaa_77_28 | 1.3614425494112311 × 10^336 |
| 126 | ov_126 | 4.850005183708841 × 10^336 |
| 125 | ov_125 | 1.241526678144178 × 10^337 |
| 124 | ov_124 | 2.6895623354983047 × 10^337 |
| 123 | ov_123 | 5.2049142903338536 × 10^337 |
| 122 | ov_122 | 9.255359708209405 × 10^337 |
| 121 | ov_121 | 1.540065591371381 × 10^338 |
| 120 | ov_120 | 2.429256512058351 × 10^338 |
| 119 | ov_119 | 3.667490809381272 × 10^338 |
| 118 | ov_118 | 5.338366772916345 × 10^338 |
| 117 | ov_117 | 7.534717122141823 × 10^338 |
| 116 | ov_116 | 1.0358638740508649 × 10^339 |
| 115 | ov_115 | 1.3921538379708857 × 10^339 |
| 114 | ov_114 | 1.8344199581843086 × 10^339 |
| 113 | ov_113 | 2.3756876862294525 × 10^339 |
| 112 | ov_112 | 3.029942399191708 × 10^339 |
| 111 | ov_111 | 3.8121464014206027 × 10^339 |
| 110 | ov_110 | 4.738260885510147 × 10^339 |
| 109 | ov_109 | 5.825273540356878 × 10^339 |
| 108 | ov_108 | 7.082478090023663 × 10^339 |
| 107 | ov_107 | 8.519729768570598 × 10^339 |
| 106 | ov_106 | 1.0147471249119648 × 10^340 |
| 105 | ov_105 | 1.1976762758733181 × 10^340 |
| 104 | ov_104 | 1.4019316735057586 × 10^340 |
| 103 | ov_103 | 1.628753740314559 × 10^340 |
| 102 | ov_102 | 1.8806969899192578 × 10^340 |
| 101 | ov_101 | 2.1604683378044924 × 10^340 |
| 100 | ov_100 | 2.470937850525519 × 10^340 |
| 99 | ov_099 | 2.815150782543557 × 10^340 |
| 98 | ov_098 | 2.815152752263923 × 10^340 |
| 97 | ov_097 | 2.8151608641881996 × 10^340 |
| 96 | aaa_78_29 | 2.9004199973832533 × 10^340 |
| 95 | aaa_78_28 | 7.706453303342956 × 10^340 |
| 94 | ov_094 | 2.4075063916710557 × 10^341 |
| 93 | ov_093 | 5.396085320827667 × 10^341 |
| 92 | ov_092 | 1.0256306756587979 × 10^342 |
| 91 | ov_091 | 1.937974220015225 × 10^342 |
| 90 | ov_090 | 3.567791975578006 × 10^342 |
| 89 | ov_089 | 6.25823855484708 × 10^342 |
| 88 | ov_088 | 1.0404486441209285 × 10^343 |
| 87 | ov_087 | 1.6453759092327801 × 10^343 |
| 86 | ov_086 | 2.49053926251075 × 10^343 |
| 85 | ov_085 | 3.631094111490174 × 10^343 |
| 84 | ov_084 | 5.127434422054683 × 10^343 |
| 83 | ov_083 | 7.04521795261486 × 10^343 |
| 82 | ov_082 | 9.455402567094983 × 10^343 |
| 81 | ov_081 | 1.2434296602141669 × 10^344 |
| 64 | lv_79_m31 | 1.412332596692626 × 10^344 |
| 80 | ov_080 | 1.606362663269731 × 10^344 |
| 79 | ov_079 | 2.0430626349575783 × 10^344 |
| 78 | ov_078 | 2.5628150633406145 × 10^344 |
| 77 | ov_077 | 3.1754819281919295 × 10^344 |
| 76 | ov_076 | 3.891519522289882 × 10^344 |
| 75 | ov_075 | 4.7220002424299824 × 10^344 |
| 74 | ov_074 | 5.67863890974291 × 10^344 |
| 73 | ov_073 | 6.773824218034985 × 10^344 |
| 63 | ov_063 | 7.241823343405859 × 10^344 |
| 72 | ov_072 | 8.020655948879644 × 10^344 |
| 71 | ov_071 | 9.4329885457692 × 10^344 |
| 70 | ov_070 | 1.102548150163982 × 10^345 |
| 69 | ov_069 | 1.2813656954249457 × 10^345 |
| 68 | ov_068 | 1.4813964907428458 × 10^345 |
| 67 | ov_067 | 1.7043856520971005 × 10^345 |
| 66 | ov_066 | 1.7043879203177682 × 10^345 |
| 65 | ov_065 | 1.7043949761916007 × 10^345 |
| 62 | ov_062 | 3.712544065573929 × 10^345 |
| 61 | ov_061 | 1.3523761123312992 × 10^346 |
| 60 | ov_060 | 3.8689038752399966 × 10^346 |
| 59 | ov_059 | 9.330122447912063 × 10^346 |
| 58 | ov_058 | 1.978838203001247 × 10^347 |
| 57 | ov_057 | 3.7961402891510693 × 10^347 |
| 56 | ov_056 | 6.723229414067586 × 10^347 |
| 55 | ov_055 | 1.1164960264618597 × 10^348 |
| 54 | ov_054 | 1.7592741809052439 × 10^348 |
| 53 | ov_053 | 2.6544556810339283 × 10^348 |
| 52 | ov_052 | 3.8624996141536593 × 10^348 |
| 51 | ov_051 | 5.450532003532929 × 10^348 |
| 50 | ov_050 | 7.492356612922018 × 10^348 |
| 49 | ov_049 | 1.0068472967966903 × 10^349 |
| 48 | ov_048 | 1.3266104547961067 × 10^349 |
| 32 | lv_80_m31 | 1.593834150308515 × 10^349 |
| 47 | ov_047 | 1.7179240517706577 × 10^349 |
| 46 | ov_046 | 2.1908694785990237 × 10^349 |
| 45 | ov_045 | 2.7562186594616485 × 10^349 |
| 44 | ov_044 | 3.4254447260507845 × 10^349 |
| 43 | ov_043 | 4.2048224308106624 × 10^349 |
| 42 | ov_042 | 5.100997615554825 × 10^349 |
| 41 | ov_041 | 6.120999209272722 × 10^349 |
| 40 | ov_040 | 7.272253833259465 × 10^349 |
| 31 | ov_031 | 8.143249505679734 × 10^349 |
| 39 | ov_039 | 8.562603362621791 × 10^349 |
| 38 | ov_038 | 1.0000325815727888 × 10^350 |
| 37 | ov_037 | 1.1594159966263185 × 10^350 |
| 36 | ov_036 | 1.3362072870053378 × 10^350 |
| 35 | ov_035 | 1.5323043937221323 × 10^350 |
| 34 | ov_034 | 1.7497136660130143 × 10^350 |
| 33 | ov_033 | 1.990558094359388 × 10^350 |
| 30 | ov_030 | 4.1605620709657647 × 10^350 |
| 29 | ov_029 | 1.511131922013666 × 10^351 |
| 28 | ov_028 | 4.3114846096651417 × 10^351 |
| 27 | ov_027 | 1.0372527728561447 × 10^352 |
| 26 | ov_026 | 2.1954258490203157 × 10^352 |
| 25 | ov_025 | 4.204534746626217 × 10^352 |
| 24 | ov_024 | 7.436315926108864 × 10^352 |
| 23 | ov_023 | 1.2131295676542536 × 10^353 |
| 22 | ov_022 | 1.856645206218212 × 10^353 |
| 21 | ov_021 | 2.7332216885645775 × 10^353 |
| 20 | ov_020 | 3.909201785099674 × 10^353 |
| 19 | ov_019 | 5.458239919560018 × 10^353 |
| 18 | ov_018 | 7.46132189054862 × 10^353 |
| 17 | ov_017 | 1.0006795224145941 × 10^354 |
| 16 | ov_016 | 1.3190413662730548 × 10^354 |
| 15 | ov_015 | 1.71153998276849 × 10^354 |
| 14 | ov_014 | 2.189253062643526 × 10^354 |
| 13 | ov_013 | 2.764025050746273 × 10^354 |
| 12 | ov_012 | 3.44848182008327 × 10^354 |
| 11 | ov_011 | 4.2560493116908526 × 10^354 |
| 10 | ov_010 | 5.200976811294546 × 10^354 |
| 9 | ov_009 | 6.291031887490526 × 10^354 |
| 8 | ov_008 | 7.534435003115362 × 10^354 |
| 7 | ov_007 | 8.939882244328478 × 10^354 |
| 6 | ov_006 | 1.0516572152841732 × 10^355 |
| 5 | ov_005 | 1.2274236967986145 × 10^355 |
| 4 | ov_004 | 1.4223178544575002 × 10^355 |
| 3 | ov_003 | 1.638461108268564 × 10^355 |
| 2 | ov_002 | 1.8781015892617605 × 10^355 |
| 1 | ov_001 | 2.1436239221776486 × 10^355 |

