# Results for F001-F002-F003-F004-F005-F006-F007-F008-F009-F010-F011-F012-F013-F014-F015-F016-F017-F018-F019-F020-F021-F022-F023-F024-F025-F026-F027-F028-F029-F030-F031-F032-F033-F034-F035-F036-F037-F038-F039-F040-F041-F042-F043-F044-F045-F046-F047-F048-F049-F050-F051-F052-F053-F054-F055-F056-F057-F058-F059-F060-F061-F062-F063-F064-F065-F066-F067-F068-F069-F070-F071-F072-F073-F074-F075-F076-F077-F078-F079-F080-F081-F082-F083-F084-F085-F086-F087-F088-F089-F090-F091-F092-F093-F094-F095-F096-F097-F098-F099-F100-F101-F102-F103-F104-F105-F106-F107-F108-F109-F110-F111-F112-F113-F114-F115-F116-F117-F118-F119-F120-F121-F122-F123-F124-F125-F126-F127-F128-F129-F130-F131-F132-F133-F134-F135-F136-F137-F138-F139-F140-F141-F142-F143-F144-F145-F146-F147-F148-F149-F150-F151-F152-F153-F154-F155-F156-F157-F158-F159-F160-F161-F162-F163-F164-F165-F166-F167-F168-F169-F170-F171-F172-F173-F174-F175-F176-F177-F178-F179-F180-F181-F182-F183-F184-F185-F186-F187-F188-F189-F190-F191-F192-F193-F194-F195-F196-F197-F198-F199-F200-F201-F202-F203-F204-F205-F206-F207-F208-F209-F210-F211-F212-F213-F214-F215-F216-F217-F218-F219-F220-F221-F222-F223-F224-F225-F226-F227-F228-F229-F230-F231-F232-F233-F234-F235-F236-F237-F238-F239-F240-F241-F242-F243-F244-F245-F246-F247-F248-F249-F250-F251-F252-F253-F254-F255-F256-F257-F258-F259-F260-F261-F262-F263-F264-F265-F266-F267-F268-F269-F270-F271-F272-F273-F274-F275-F276-F277-F278-F279-F280-F281-F282-F283-F284-F285-F286-F287-F288-F289-F290-F291-F292-F293-F294-F295-F296-F297-F298-F299-F300-F301-F302-F303-F304-F305-F306-F307-F308-F309-F310-F311-F312-F313-F314-F315-F316-F317-F318-F319-F320-F321-F322-F323-F324-F325-F326-F327-F328-F329-F330-F331-F332-F333-F334-F335-F336-F337-F338-F339-F340-F341-F342-F343-F344-F345-F346-F347-F348-F349-F350-F351-F352-F353-F354-F355-F356-F357-F358-F359-F360-F361-F362-F363-F364-F365-F366-F367-F368-F369-F370-F371-F372-F373-F374-F375-F376-F377-F378-F379-F380-F381-F382-F383-F384-F385-F386-F387-F388-F389-F390-F391-F392-F393-F394-F395-F396-F397-F398-F399-F400-F401-F402-F403-F404-F405-F406-F407-F408-F409-F410-F411-F412-F413-F414-F415-F416-F417-F418-F419-F420-F421-F422-F423-F424-F425-F426-F427-F428-F429-F430-F431-F432-F433-F434-F435-F436-F437-F438-F439-F440-F441-F442-F443-F444-F445-F446-F447-F448-F449-F450-F451-F452-F453-F454-F455-F456-F457-F458-F459-F460-F461-F462-F463-F464-F465-F466-F467-F468-F469-F470-F471-F472-F473-F474-F475-F476-F477-F478-F479-F480-F481-F482-F483-F484-F485-F486-F487-F488-F489-F490-F491-F492-F493-F494-F495-F496-F503-F507-F508-F509-F510-F511-F512

## Summary

Number of input bits: 512  
Number of free input bits: 9  
Number of output bits: 160

Number of direct occurrences: 35906  
Number of assignments: 30378  
Number of operations: 10544970
(xor: 10517290,
and: 14703,
or: 12977)

Total complexity: 1.7290606775682849 × 10^293

Least occurring input variable: iv_499 (3867)  
Most occurring input variable: iv_497 (4061)

Most co-occurring input variables: iv_501-iv_502 (2010)  
Least co-occurring input variables: iv_499-iv_506 (1758)

Potentially most occurring input variable: iv_505/iv_506 (4344)  
Potentially least occurring input variable: iv_501/iv_502 (4003)

Least output occurring input variable: iv_498 (74)  
Most output occurring input variable: iv_497 (93)

Most output co-occurring input variables: iv_497-iv_501 (55)  
Least output co-occurring input variables: iv_498-iv_500 (29)

Potentially most output occurring input variable: iv_498/iv_500 (92)  
Potentially least output occurring input variable: iv_497/iv_501 (65)

Least complex input bit: iv_497 (1.7445936217047677 × 10^291)  
Most complex input bit: iv_505 (5.80508370416327 × 10^292)

Least complex output bit: aaa_76_29 (5.114781422861701 × 10^268)  
Most complex output bit: ov_001 (2.8140113206443374 × 10^292)

Least complex input/output complexity: iv_497/aaa_76_29 (5.1607298474267424 × 10^266)  
Most complex input/output complexity: iv_505/ov_001 (9.447656448805147 × 10^291)

## Input Bits

### Input Bits in Regular Order

| Input Bit | Complexity | Occurrences | Output Occurrences |
|:---------:|:----------:|:-----------:|:------------------:|
| iv_497 | 1.7445936217047677 × 10^291 | 4061 | 93 |
| iv_498 | 3.4113541172728725 × 10^291 | 3948 | 74 |
| iv_499 | 5.965515314048323 × 10^291 | 3867 | 81 |
| iv_500 | 9.955258656742551 × 10^291 | 4030 | 76 |
| iv_501 | 1.6350957654390828 × 10^292 | 3995 | 82 |
| iv_502 | 2.6312775406302533 × 10^292 | 4028 | 78 |
| iv_504 | 3.8926132370705293 × 10^292 | 4011 | 83 |
| iv_505 | 5.80508370416327 × 10^292 | 4018 | 83 |
| iv_506 | 1.218864357402872 × 10^292 | 3948 | 77 |

### Input Bits Sorted by Complexity

| Input Bit | Complexity | Occurrences | Output Occurrences |
|:---------:|:----------:|:-----------:|:------------------:|
| iv_497 | 1.7445936217047677 × 10^291 | 4061 | 93 |
| iv_498 | 3.4113541172728725 × 10^291 | 3948 | 74 |
| iv_499 | 5.965515314048323 × 10^291 | 3867 | 81 |
| iv_500 | 9.955258656742551 × 10^291 | 4030 | 76 |
| iv_506 | 1.218864357402872 × 10^292 | 3948 | 77 |
| iv_501 | 1.6350957654390828 × 10^292 | 3995 | 82 |
| iv_502 | 2.6312775406302533 × 10^292 | 4028 | 78 |
| iv_504 | 3.8926132370705293 × 10^292 | 4011 | 83 |
| iv_505 | 5.80508370416327 × 10^292 | 4018 | 83 |

### Input Bits Sorted by Occurrences

| Input Bit | Complexity | Occurrences | Output Occurrences |
|:---------:|:----------:|:-----------:|:------------------:|
| iv_499 | 5.965515314048323 × 10^291 | 3867 | 81 |
| iv_498 | 3.4113541172728725 × 10^291 | 3948 | 74 |
| iv_506 | 1.218864357402872 × 10^292 | 3948 | 77 |
| iv_501 | 1.6350957654390828 × 10^292 | 3995 | 82 |
| iv_504 | 3.8926132370705293 × 10^292 | 4011 | 83 |
| iv_505 | 5.80508370416327 × 10^292 | 4018 | 83 |
| iv_502 | 2.6312775406302533 × 10^292 | 4028 | 78 |
| iv_500 | 9.955258656742551 × 10^291 | 4030 | 76 |
| iv_497 | 1.7445936217047677 × 10^291 | 4061 | 93 |

### Input Bits Sorted by Output Occurrences

| Input Bit | Complexity | Occurrences | Output Occurrences |
|:---------:|:----------:|:-----------:|:------------------:|
| iv_498 | 3.4113541172728725 × 10^291 | 3948 | 74 |
| iv_500 | 9.955258656742551 × 10^291 | 4030 | 76 |
| iv_506 | 1.218864357402872 × 10^292 | 3948 | 77 |
| iv_502 | 2.6312775406302533 × 10^292 | 4028 | 78 |
| iv_499 | 5.965515314048323 × 10^291 | 3867 | 81 |
| iv_501 | 1.6350957654390828 × 10^292 | 3995 | 82 |
| iv_505 | 5.80508370416327 × 10^292 | 4018 | 83 |
| iv_504 | 3.8926132370705293 × 10^292 | 4011 | 83 |
| iv_497 | 1.7445936217047677 × 10^291 | 4061 | 93 |

## Input Bit Co-occurrences

### Input Bit Co-occurrences Sorted by Co-occurrences

| Input Bits | Co-occurrences | Potential Occurrences | Output Co-occurrences | Potential Output Occurrences |
|:----------:|:--------------:|:---------------------:|:---------------------:|:----------------------------:|
| iv_501-iv_502 | 2010 | 4003 | 42 | 76 |
| iv_500-iv_501 | 1991 | 4043 | 39 | 80 |
| iv_497-iv_505 | 1960 | 4159 | 48 | 80 |
| iv_497-iv_502 | 1956 | 4177 | 47 | 77 |
| iv_502-iv_505 | 1952 | 4142 | 45 | 71 |
| iv_497-iv_500 | 1944 | 4203 | 39 | 91 |
| iv_498-iv_504 | 1944 | 4071 | 39 | 79 |
| iv_500-iv_504 | 1938 | 4165 | 39 | 81 |
| iv_497-iv_501 | 1930 | 4196 | 55 | 65 |

### Input Bit Co-occurrences Sorted by Potential Occurrences

| Input Bits | Co-occurrences | Potential Occurrences | Output Co-occurrences | Potential Output Occurrences |
|:----------:|:--------------:|:---------------------:|:---------------------:|:----------------------------:|
| iv_501-iv_502 | 2010 | 4003 | 42 | 76 |
| iv_500-iv_501 | 1991 | 4043 | 39 | 80 |
| iv_499-iv_504 | 1916 | 4046 | 42 | 80 |
| iv_498-iv_504 | 1944 | 4071 | 39 | 79 |
| iv_498-iv_499 | 1855 | 4105 | 39 | 77 |
| iv_500-iv_506 | 1922 | 4134 | 37 | 79 |
| iv_502-iv_505 | 1952 | 4142 | 45 | 71 |
| iv_501-iv_505 | 1930 | 4153 | 48 | 69 |
| iv_497-iv_505 | 1960 | 4159 | 48 | 80 |

### Input Bit Output Co-occurrences Sorted by Output Co-occurrences

| Input Bits | Co-occurrences | Potential Occurrences | Output Co-occurrences | Potential Output Occurrences |
|:----------:|:--------------:|:---------------------:|:---------------------:|:----------------------------:|
| iv_497-iv_501 | 1930 | 4196 | 55 | 65 |
| iv_497-iv_506 | 1914 | 4181 | 50 | 70 |
| iv_497-iv_505 | 1960 | 4159 | 48 | 80 |
| iv_501-iv_505 | 1930 | 4153 | 48 | 69 |
| iv_497-iv_502 | 1956 | 4177 | 47 | 77 |
| iv_500-iv_505 | 1918 | 4212 | 46 | 67 |
| iv_497-iv_499 | 1882 | 4164 | 45 | 84 |
| iv_499-iv_502 | 1852 | 4191 | 45 | 69 |
| iv_502-iv_505 | 1952 | 4142 | 45 | 71 |

### Input Bit Output Co-occurrences Sorted by Potential Output Occurrences

| Input Bits | Co-occurrences | Potential Occurrences | Output Co-occurrences | Potential Output Occurrences |
|:----------:|:--------------:|:---------------------:|:---------------------:|:----------------------------:|
| iv_497-iv_501 | 1930 | 4196 | 55 | 65 |
| iv_500-iv_505 | 1918 | 4212 | 46 | 67 |
| iv_499-iv_502 | 1852 | 4191 | 45 | 69 |
| iv_501-iv_505 | 1930 | 4153 | 48 | 69 |
| iv_497-iv_506 | 1914 | 4181 | 50 | 70 |
| iv_502-iv_505 | 1952 | 4142 | 45 | 71 |
| iv_499-iv_500 | 1851 | 4195 | 42 | 73 |
| iv_498-iv_506 | 1858 | 4180 | 39 | 73 |
| iv_499-iv_506 | 1758 | 4299 | 41 | 76 |

## Output Bits

### Output Bits in Regular Order

| Rank | Output Bit | Complexity |
|:----:|:----------:|:----------:|
| 1 | ov_001 | 2.8140113206443374 × 10^292 |
| 2 | ov_002 | 2.43284333575583 × 10^292 |
| 3 | ov_003 | 2.0921966652361967 × 10^292 |
| 4 | ov_004 | 1.788955280138012 × 10^292 |
| 5 | ov_005 | 1.5201730043731645 × 10^292 |
| 6 | ov_006 | 1.2830613043907217 × 10^292 |
| 7 | ov_007 | 1.0749787000770526 × 10^292 |
| 8 | ov_008 | 8.934216943728805 × 10^291 |
| 9 | ov_009 | 7.360170941993728 × 10^291 |
| 10 | ov_010 | 6.005155718642839 × 10^291 |
| 11 | ov_011 | 4.847863143488865 × 10^291 |
| 12 | ov_012 | 3.868126165668161 × 10^291 |
| 13 | ov_013 | 3.0468828322583364 × 10^291 |
| 14 | ov_014 | 2.366147192422598 × 10^291 |
| 15 | ov_015 | 1.8089861078332065 × 10^291 |
| 16 | ov_016 | 1.3595010728295274 × 10^291 |
| 17 | ov_017 | 1.0028140920847107 × 10^291 |
| 18 | ov_018 | 7.25056724972084 × 10^290 |
| 19 | ov_019 | 5.133616278782383 × 10^290 |
| 20 | ov_020 | 3.5585613235208074 × 10^290 |
| 21 | ov_021 | 2.4165749124543032 × 10^290 |
| 22 | ov_022 | 1.6086946561626096 × 10^290 |
| 23 | ov_023 | 1.0457996575163274 × 10^290 |
| 24 | ov_024 | 6.485950023677301 × 10^289 |
| 25 | ov_025 | 3.7988822519368535 × 10^289 |
| 26 | ov_026 | 2.073933763812255 × 10^289 |
| 27 | ov_027 | 1.0372929832612295 × 10^289 |
| 28 | ov_028 | 4.6418909290541744 × 10^288 |
| 29 | ov_029 | 1.788895853396254 × 10^288 |
| 30 | ov_030 | 5.469962183358635 × 10^287 |
| 31 | ov_031 | 1.0673123205987052 × 10^287 |
| 32 | lv_80_m31 | 2.0824044874233714 × 10^286 |
| 33 | ov_033 | 2.4880995580539174 × 10^287 |
| 34 | ov_034 | 2.159221548668679 × 10^287 |
| 35 | ov_035 | 1.8639431451395738 × 10^287 |
| 36 | ov_036 | 1.600632346998289 × 10^287 |
| 37 | ov_037 | 1.3662818214498625 × 10^287 |
| 38 | ov_038 | 1.158041372686905 × 10^287 |
| 39 | ov_039 | 9.732077634464307 × 10^286 |
| 40 | ov_040 | 8.104649415911307 × 10^286 |
| 41 | ov_041 | 6.685640063069468 × 10^286 |
| 42 | ov_042 | 5.463198599834054 × 10^286 |
| 43 | ov_043 | 4.4260842107707765 × 10^286 |
| 44 | ov_044 | 3.553558275129055 × 10^286 |
| 45 | ov_045 | 2.8260043677013654 × 10^286 |
| 46 | ov_046 | 2.2249015099671333 × 10^286 |
| 47 | ov_047 | 1.7328032007604907 × 10^286 |
| 48 | ov_048 | 1.3333212376058286 × 10^286 |
| 49 | ov_049 | 1.0111134161993092 × 10^286 |
| 50 | ov_050 | 7.587688114153543 × 10^285 |
| 51 | ov_051 | 5.630117507825438 × 10^285 |
| 52 | ov_052 | 4.115911855689621 × 10^285 |
| 53 | ov_053 | 2.9327692517184294 × 10^285 |
| 54 | ov_054 | 2.0270869622759135 × 10^285 |
| 55 | ov_055 | 1.3503478713649092 × 10^285 |
| 56 | ov_056 | 8.591133555202043 × 10^284 |
| 57 | ov_057 | 5.150188469214704 × 10^284 |
| 58 | ov_058 | 2.847712556114122 × 10^284 |
| 59 | ov_059 | 1.4014760029870357 × 10^284 |
| 60 | ov_060 | 5.799437295725552 × 10^283 |
| 61 | ov_061 | 2.0227304546289436 × 10^283 |
| 62 | ov_062 | 5.540229216903394 × 10^282 |
| 63 | ov_063 | 1.0780337635985864 × 10^282 |
| 64 | lv_79_m31 | 2.097169047517831 × 10^281 |
| 65 | ov_065 | 2.4735786920843372 × 10^282 |
| 66 | ov_066 | 2.4735702551705565 × 10^282 |
| 67 | ov_067 | 2.4735681900886562 × 10^282 |
| 68 | ov_068 | 2.128422438182983 × 10^282 |
| 69 | ov_069 | 1.8217318766464132 × 10^282 |
| 70 | ov_070 | 1.5503022949066855 × 10^282 |
| 71 | ov_071 | 1.3111361510850592 × 10^282 |
| 72 | ov_072 | 1.1014192460645674 × 10^282 |
| 73 | ov_073 | 9.185085730806553 × 10^281 |
| 74 | ov_074 | 7.59921281518182 × 10^281 |
| 75 | ov_075 | 6.233246957955306 × 10^281 |
| 76 | ov_076 | 5.065273319968841 × 10^281 |
| 77 | ov_077 | 4.074708563363849 × 10^281 |
| 78 | ov_078 | 3.242229306578736 × 10^281 |
| 79 | ov_079 | 2.549708910423467 × 10^281 |
| 80 | ov_080 | 1.9801620625958574 × 10^281 |
| 81 | ov_081 | 1.5176966330366252 × 10^281 |
| 82 | ov_082 | 1.147472276310804 × 10^281 |
| 83 | ov_083 | 8.556652600355206 × 10^280 |
| 84 | ov_084 | 6.294390004535086 × 10^280 |
| 85 | ov_085 | 4.569197877356843 × 10^280 |
| 86 | ov_086 | 3.2717718461763876 × 10^280 |
| 87 | ov_087 | 2.30208582648235 × 10^280 |
| 88 | ov_088 | 1.5692740074897806 × 10^280 |
| 89 | ov_089 | 1.0301809158988937 × 10^280 |
| 90 | ov_090 | 6.461697460860104 × 10^279 |
| 91 | ov_091 | 3.8309793807157477 × 10^279 |
| 92 | ov_092 | 2.1130195588431376 × 10^279 |
| 93 | ov_093 | 1.0558873588736305 × 10^279 |
| 94 | ov_094 | 4.523148759993845 × 10^278 |
| 95 | aaa_78_28 | 1.3967980599751632 × 10^278 |
| 96 | aaa_78_29 | 4.2900637119387745 × 10^277 |
| 97 | ov_097 | 2.83383658001647 × 10^277 |
| 98 | ov_098 | 2.8337522925889703 × 10^277 |
| 99 | ov_099 | 2.8337254170292003 × 10^277 |
| 100 | ov_100 | 2.5504536552673546 × 10^277 |
| 101 | ov_101 | 2.2879816035763185 × 10^277 |
| 102 | ov_102 | 2.045183831217564 × 10^277 |
| 103 | ov_103 | 1.821017024247058 × 10^277 |
| 104 | ov_104 | 1.6145088339516326 × 10^277 |
| 105 | ov_105 | 1.4247477822723056 × 10^277 |
| 106 | ov_106 | 1.2508741717594697 × 10^277 |
| 107 | ov_107 | 1.0920719490927018 × 10^277 |
| 108 | ov_108 | 9.475614723280564 × 10^276 |
| 109 | ov_109 | 8.165931328736534 × 10^276 |
| 110 | ov_110 | 6.984417837975629 × 10^276 |
| 111 | ov_111 | 5.924019264923225 × 10^276 |
| 112 | ov_112 | 4.977836080020935 × 10^276 |
| 113 | ov_113 | 4.1390898150090526 × 10^276 |
| 114 | ov_114 | 3.4010948252956035 × 10^276 |
| 115 | ov_115 | 2.7572357368185865 × 10^276 |
| 116 | ov_116 | 2.2009501049286464 × 10^276 |
| 117 | ov_117 | 1.7257153092287587 × 10^276 |
| 118 | ov_118 | 1.32503826350425 × 10^276 |
| 119 | ov_119 | 9.924471419813306 × 10^275 |
| 120 | ov_120 | 7.214848862471172 × 10^275 |
| 121 | ov_121 | 5.057042572409125 × 10^275 |
| 122 | ov_122 | 3.3866419675653026 × 10^275 |
| 123 | ov_123 | 2.1392726289641808 × 10^275 |
| 124 | ov_124 | 1.2505790392875435 × 10^275 |
| 125 | ov_125 | 6.562139166868395 × 10^274 |
| 126 | ov_126 | 2.918327894258675 × 10^274 |
| 127 | aaa_77_28 | 9.309191994949824 × 10^273 |
| 128 | aaa_77_29 | 3.484545162721659 × 10^273 |
| 129 | ov_129 | 3.1739856314229156 × 10^273 |
| 130 | ov_130 | 3.1739757032576624 × 10^273 |
| 131 | ov_131 | 3.173973313226817 × 10^273 |
| 132 | ov_132 | 2.738745106658473 × 10^273 |
| 133 | ov_133 | 2.3503212129913698 × 10^273 |
| 134 | ov_134 | 2.005125034660957 × 10^273 |
| 135 | ov_135 | 1.699761955144042 × 10^273 |
| 136 | ov_136 | 1.4310063574157365 × 10^273 |
| 137 | ov_137 | 1.1957907158380409 × 10^273 |
| 138 | ov_138 | 9.911965375735638 × 10^272 |
| 139 | ov_139 | 8.144469406625016 × 10^272 |
| 140 | ov_140 | 6.629006667225297 × 10^272 |
| 141 | ov_141 | 5.3404733689216676 × 10^272 |
| 142 | ov_142 | 4.2550377018665684 × 10^272 |
| 143 | ov_143 | 3.350111939069119 × 10^272 |
| 144 | ov_144 | 2.6043318616120734 × 10^272 |
| 145 | ov_145 | 1.9975420094192297 × 10^272 |
| 146 | ov_146 | 1.510785439636386 × 10^272 |
| 147 | ov_147 | 1.1262969261986438 × 10^272 |
| 148 | ov_148 | 8.274986373074589 × 10^271 |
| 149 | ov_149 | 5.989973371692493 × 10^271 |
| 150 | ov_150 | 4.265823935089153 × 10^271 |
| 151 | ov_151 | 2.972242526053554 × 10^271 |
| 152 | ov_152 | 1.990732756569626 × 10^271 |
| 153 | ov_153 | 1.2649949751578132 × 10^271 |
| 154 | ov_154 | 7.446230576396992 × 10^270 |
| 155 | ov_155 | 3.851019979229883 × 10^270 |
| 156 | aaa_76_25 | 1.478065023774699 × 10^270 |
| 157 | aaa_76_26 | 8.51656027909086 × 10^269 |
| 158 | aaa_76_27 | 4.348456335392763 × 10^269 |
| 159 | aaa_76_28 | 1.6875186454297702 × 10^269 |
| 160 | aaa_76_29 | 5.114781422861701 × 10^268 |

### Output Bits Sorted by Complexity

| Rank | Output Bit | Complexity |
|:----:|:----------:|:----------:|
| 160 | aaa_76_29 | 5.114781422861701 × 10^268 |
| 159 | aaa_76_28 | 1.6875186454297702 × 10^269 |
| 158 | aaa_76_27 | 4.348456335392763 × 10^269 |
| 157 | aaa_76_26 | 8.51656027909086 × 10^269 |
| 156 | aaa_76_25 | 1.478065023774699 × 10^270 |
| 155 | ov_155 | 3.851019979229883 × 10^270 |
| 154 | ov_154 | 7.446230576396992 × 10^270 |
| 153 | ov_153 | 1.2649949751578132 × 10^271 |
| 152 | ov_152 | 1.990732756569626 × 10^271 |
| 151 | ov_151 | 2.972242526053554 × 10^271 |
| 150 | ov_150 | 4.265823935089153 × 10^271 |
| 149 | ov_149 | 5.989973371692493 × 10^271 |
| 148 | ov_148 | 8.274986373074589 × 10^271 |
| 147 | ov_147 | 1.1262969261986438 × 10^272 |
| 146 | ov_146 | 1.510785439636386 × 10^272 |
| 145 | ov_145 | 1.9975420094192297 × 10^272 |
| 144 | ov_144 | 2.6043318616120734 × 10^272 |
| 143 | ov_143 | 3.350111939069119 × 10^272 |
| 142 | ov_142 | 4.2550377018665684 × 10^272 |
| 141 | ov_141 | 5.3404733689216676 × 10^272 |
| 140 | ov_140 | 6.629006667225297 × 10^272 |
| 139 | ov_139 | 8.144469406625016 × 10^272 |
| 138 | ov_138 | 9.911965375735638 × 10^272 |
| 137 | ov_137 | 1.1957907158380409 × 10^273 |
| 136 | ov_136 | 1.4310063574157365 × 10^273 |
| 135 | ov_135 | 1.699761955144042 × 10^273 |
| 134 | ov_134 | 2.005125034660957 × 10^273 |
| 133 | ov_133 | 2.3503212129913698 × 10^273 |
| 132 | ov_132 | 2.738745106658473 × 10^273 |
| 131 | ov_131 | 3.173973313226817 × 10^273 |
| 130 | ov_130 | 3.1739757032576624 × 10^273 |
| 129 | ov_129 | 3.1739856314229156 × 10^273 |
| 128 | aaa_77_29 | 3.484545162721659 × 10^273 |
| 127 | aaa_77_28 | 9.309191994949824 × 10^273 |
| 126 | ov_126 | 2.918327894258675 × 10^274 |
| 125 | ov_125 | 6.562139166868395 × 10^274 |
| 124 | ov_124 | 1.2505790392875435 × 10^275 |
| 123 | ov_123 | 2.1392726289641808 × 10^275 |
| 122 | ov_122 | 3.3866419675653026 × 10^275 |
| 121 | ov_121 | 5.057042572409125 × 10^275 |
| 120 | ov_120 | 7.214848862471172 × 10^275 |
| 119 | ov_119 | 9.924471419813306 × 10^275 |
| 118 | ov_118 | 1.32503826350425 × 10^276 |
| 117 | ov_117 | 1.7257153092287587 × 10^276 |
| 116 | ov_116 | 2.2009501049286464 × 10^276 |
| 115 | ov_115 | 2.7572357368185865 × 10^276 |
| 114 | ov_114 | 3.4010948252956035 × 10^276 |
| 113 | ov_113 | 4.1390898150090526 × 10^276 |
| 112 | ov_112 | 4.977836080020935 × 10^276 |
| 111 | ov_111 | 5.924019264923225 × 10^276 |
| 110 | ov_110 | 6.984417837975629 × 10^276 |
| 109 | ov_109 | 8.165931328736534 × 10^276 |
| 108 | ov_108 | 9.475614723280564 × 10^276 |
| 107 | ov_107 | 1.0920719490927018 × 10^277 |
| 106 | ov_106 | 1.2508741717594697 × 10^277 |
| 105 | ov_105 | 1.4247477822723056 × 10^277 |
| 104 | ov_104 | 1.6145088339516326 × 10^277 |
| 103 | ov_103 | 1.821017024247058 × 10^277 |
| 102 | ov_102 | 2.045183831217564 × 10^277 |
| 101 | ov_101 | 2.2879816035763185 × 10^277 |
| 100 | ov_100 | 2.5504536552673546 × 10^277 |
| 99 | ov_099 | 2.8337254170292003 × 10^277 |
| 98 | ov_098 | 2.8337522925889703 × 10^277 |
| 97 | ov_097 | 2.83383658001647 × 10^277 |
| 96 | aaa_78_29 | 4.2900637119387745 × 10^277 |
| 95 | aaa_78_28 | 1.3967980599751632 × 10^278 |
| 94 | ov_094 | 4.523148759993845 × 10^278 |
| 93 | ov_093 | 1.0558873588736305 × 10^279 |
| 92 | ov_092 | 2.1130195588431376 × 10^279 |
| 91 | ov_091 | 3.8309793807157477 × 10^279 |
| 90 | ov_090 | 6.461697460860104 × 10^279 |
| 89 | ov_089 | 1.0301809158988937 × 10^280 |
| 88 | ov_088 | 1.5692740074897806 × 10^280 |
| 87 | ov_087 | 2.30208582648235 × 10^280 |
| 86 | ov_086 | 3.2717718461763876 × 10^280 |
| 85 | ov_085 | 4.569197877356843 × 10^280 |
| 84 | ov_084 | 6.294390004535086 × 10^280 |
| 83 | ov_083 | 8.556652600355206 × 10^280 |
| 82 | ov_082 | 1.147472276310804 × 10^281 |
| 81 | ov_081 | 1.5176966330366252 × 10^281 |
| 80 | ov_080 | 1.9801620625958574 × 10^281 |
| 64 | lv_79_m31 | 2.097169047517831 × 10^281 |
| 79 | ov_079 | 2.549708910423467 × 10^281 |
| 78 | ov_078 | 3.242229306578736 × 10^281 |
| 77 | ov_077 | 4.074708563363849 × 10^281 |
| 76 | ov_076 | 5.065273319968841 × 10^281 |
| 75 | ov_075 | 6.233246957955306 × 10^281 |
| 74 | ov_074 | 7.59921281518182 × 10^281 |
| 73 | ov_073 | 9.185085730806553 × 10^281 |
| 63 | ov_063 | 1.0780337635985864 × 10^282 |
| 72 | ov_072 | 1.1014192460645674 × 10^282 |
| 71 | ov_071 | 1.3111361510850592 × 10^282 |
| 70 | ov_070 | 1.5503022949066855 × 10^282 |
| 69 | ov_069 | 1.8217318766464132 × 10^282 |
| 68 | ov_068 | 2.128422438182983 × 10^282 |
| 67 | ov_067 | 2.4735681900886562 × 10^282 |
| 66 | ov_066 | 2.4735702551705565 × 10^282 |
| 65 | ov_065 | 2.4735786920843372 × 10^282 |
| 62 | ov_062 | 5.540229216903394 × 10^282 |
| 61 | ov_061 | 2.0227304546289436 × 10^283 |
| 60 | ov_060 | 5.799437295725552 × 10^283 |
| 59 | ov_059 | 1.4014760029870357 × 10^284 |
| 58 | ov_058 | 2.847712556114122 × 10^284 |
| 57 | ov_057 | 5.150188469214704 × 10^284 |
| 56 | ov_056 | 8.591133555202043 × 10^284 |
| 55 | ov_055 | 1.3503478713649092 × 10^285 |
| 54 | ov_054 | 2.0270869622759135 × 10^285 |
| 53 | ov_053 | 2.9327692517184294 × 10^285 |
| 52 | ov_052 | 4.115911855689621 × 10^285 |
| 51 | ov_051 | 5.630117507825438 × 10^285 |
| 50 | ov_050 | 7.587688114153543 × 10^285 |
| 49 | ov_049 | 1.0111134161993092 × 10^286 |
| 48 | ov_048 | 1.3333212376058286 × 10^286 |
| 47 | ov_047 | 1.7328032007604907 × 10^286 |
| 32 | lv_80_m31 | 2.0824044874233714 × 10^286 |
| 46 | ov_046 | 2.2249015099671333 × 10^286 |
| 45 | ov_045 | 2.8260043677013654 × 10^286 |
| 44 | ov_044 | 3.553558275129055 × 10^286 |
| 43 | ov_043 | 4.4260842107707765 × 10^286 |
| 42 | ov_042 | 5.463198599834054 × 10^286 |
| 41 | ov_041 | 6.685640063069468 × 10^286 |
| 40 | ov_040 | 8.104649415911307 × 10^286 |
| 39 | ov_039 | 9.732077634464307 × 10^286 |
| 31 | ov_031 | 1.0673123205987052 × 10^287 |
| 38 | ov_038 | 1.158041372686905 × 10^287 |
| 37 | ov_037 | 1.3662818214498625 × 10^287 |
| 36 | ov_036 | 1.600632346998289 × 10^287 |
| 35 | ov_035 | 1.8639431451395738 × 10^287 |
| 34 | ov_034 | 2.159221548668679 × 10^287 |
| 33 | ov_033 | 2.4880995580539174 × 10^287 |
| 30 | ov_030 | 5.469962183358635 × 10^287 |
| 29 | ov_029 | 1.788895853396254 × 10^288 |
| 28 | ov_028 | 4.6418909290541744 × 10^288 |
| 27 | ov_027 | 1.0372929832612295 × 10^289 |
| 26 | ov_026 | 2.073933763812255 × 10^289 |
| 25 | ov_025 | 3.7988822519368535 × 10^289 |
| 24 | ov_024 | 6.485950023677301 × 10^289 |
| 23 | ov_023 | 1.0457996575163274 × 10^290 |
| 22 | ov_022 | 1.6086946561626096 × 10^290 |
| 21 | ov_021 | 2.4165749124543032 × 10^290 |
| 20 | ov_020 | 3.5585613235208074 × 10^290 |
| 19 | ov_019 | 5.133616278782383 × 10^290 |
| 18 | ov_018 | 7.25056724972084 × 10^290 |
| 17 | ov_017 | 1.0028140920847107 × 10^291 |
| 16 | ov_016 | 1.3595010728295274 × 10^291 |
| 15 | ov_015 | 1.8089861078332065 × 10^291 |
| 14 | ov_014 | 2.366147192422598 × 10^291 |
| 13 | ov_013 | 3.0468828322583364 × 10^291 |
| 12 | ov_012 | 3.868126165668161 × 10^291 |
| 11 | ov_011 | 4.847863143488865 × 10^291 |
| 10 | ov_010 | 6.005155718642839 × 10^291 |
| 9 | ov_009 | 7.360170941993728 × 10^291 |
| 8 | ov_008 | 8.934216943728805 × 10^291 |
| 7 | ov_007 | 1.0749787000770526 × 10^292 |
| 6 | ov_006 | 1.2830613043907217 × 10^292 |
| 5 | ov_005 | 1.5201730043731645 × 10^292 |
| 4 | ov_004 | 1.788955280138012 × 10^292 |
| 3 | ov_003 | 2.0921966652361967 × 10^292 |
| 2 | ov_002 | 2.43284333575583 × 10^292 |
| 1 | ov_001 | 2.8140113206443374 × 10^292 |

