# Results for F001-F002-F003-F004-F005-F006-F007-F008-F009-F010-F011-F012-F013-F014-F015-F016-F017-F018-F019-F020-F021-F022-F023-F024-F025-F026-F027-F028-F029-F030-F031-F032-F033-F034-F035-F036-F037-F038-F039-F040-F041-F042-F043-F044-F045-F046-F047-F048-F049-F050-F051-F052-F053-F054-F055-F056-F057-F058-F059-F060-F061-F062-F063-F064-F065-F066-F067-F068-F069-F070-F071-F072-F073-F074-F075-F076-F077-F078-F079-F080-F081-F082-F083-F084-F085-F086-F087-F088-F089-F090-F091-F092-F093-F094-F095-F096-F097-F098-F099-F100-F101-F102-F103-F104-F105-F106-F107-F108-F109-F110-F111-F112-F113-F114-F115-F116-F117-F118-F119-F120-F121-F122-F123-F124-F125-F126-F127-F128-F129-F130-F131-F132-F133-F134-F135-F136-F137-F138-F139-F140-F141-F142-F143-F144-F145-F146-F147-F148-F149-F150-F151-F152-F153-F154-F155-F156-F157-F158-F159-F160-F161-F162-F163-F164-F165-F166-F167-F168-F169-F170-F171-F172-F173-F174-F175-F176-F177-F178-F179-F180-F181-F182-F183-F184-F185-F186-F187-F188-F189-F190-F191-F192-F193-F194-F195-F196-F197-F198-F199-F200-F201-F202-F203-F204-F205-F206-F207-F208-F209-F210-F211-F212-F213-F214-F215-F216-F217-F218-F219-F220-F221-F222-F223-F224-F225-F226-F227-F228-F229-F230-F231-F232-F233-F234-F235-F236-F237-F238-F239-F240-F241-F242-F243-F244-F245-F246-F247-F248-F249-F250-F251-F252-F253-F254-F255-F256-F257-F258-F259-F260-F261-F262-F263-F264-F265-F266-F267-F268-F269-F270-F271-F272-F273-F274-F275-F276-F277-F278-F279-F280-F281-F282-F283-F284-F285-F286-F287-F288-F289-F290-F291-F292-F293-F294-F295-F296-F297-F298-F299-F300-F301-F302-F303-F304-F305-F306-F307-F308-F309-F310-F311-F312-F313-F314-F315-F316-F317-F318-F319-F320-F321-F322-F323-F324-F325-F326-F327-F328-F329-F330-F331-F332-F333-F334-F335-F336-F337-F338-F339-F340-F341-F342-F343-F344-F345-F346-F347-F348-F349-F350-F351-F352-F353-F354-F355-F356-F357-F358-F359-F360-F361-F362-F363-F364-F365-F366-F367-F368-F369-F370-F371-F372-F373-F374-F375-F376-F377-F378-F379-F380-F381-F382-F383-F384-F385-F386-F387-F388-F389-F390-F391-F392-F393-F394-F395-F396-F397-F398-F399-F400-F401-F402-F403-F404-F405-F406-F407-F408-F409-F410-F411-F412-F413-F414-F415-F416-F417-F418-F419-F420-F421-F422-F423-F424-F425-F426-F427-F428-F429-F430-F431-F432-F433-F434-F435-F436-F437-F438-F439-F440-F441-F442-F443-F444-F445-F446-F447-F448-F449-F450-F451-F452-F453-F454-F455-F456-F457-F458-F459-F460-F461-F462-F463-F464-F465-F466-F467-F468-F469-F470-F471-F472-F473-F474-F475-F476-F477-F478-F479-F480-F481-F482-F483-F484-F485-F486-F487-F488-F489-F490-F491-F492-F493-F494-F495-F496-F500-F506-F508-F509-F510-F511-F512

## Summary

Number of input bits: 512  
Number of free input bits: 9  
Number of output bits: 160

Number of direct occurrences: 35617  
Number of assignments: 30489  
Number of operations: 10638879
(xor: 10611143,
and: 14743,
or: 12993)

Total complexity: 5.924231478809151 × 10^294

Least occurring input variable: iv_504 (3881)  
Most occurring input variable: iv_507 (4134)

Most co-occurring input variables: iv_497-iv_503 (1944)  
Least co-occurring input variables: iv_498-iv_499 (1791)

Potentially most occurring input variable: iv_505/iv_507 (4388)  
Potentially least occurring input variable: iv_497/iv_503 (4078)

Least output occurring input variable: iv_503 (75)  
Most output occurring input variable: iv_498 (88)

Most output co-occurring input variables: iv_498-iv_507 (54)  
Least output co-occurring input variables: iv_497-iv_504 (33)

Potentially most output occurring input variable: iv_505/iv_507 (95)  
Potentially least output occurring input variable: iv_498/iv_507 (61)

Least complex input bit: iv_497 (4.106067626626368 × 10^292)  
Most complex input bit: iv_505 (1.9053583974984187 × 10^294)

Least complex output bit: aaa_76_29 (1.217966169980641 × 10^270)  
Most complex output bit: ov_001 (9.56005575575382 × 10^293)

Least complex input/output complexity: iv_497/aaa_76_29 (8.441688139250252 × 10^267)  
Most complex input/output complexity: iv_505/ov_001 (3.074716540016114 × 10^293)

## Input Bits

### Input Bits in Regular Order

| Input Bit | Complexity | Occurrences | Output Occurrences |
|:---------:|:----------:|:-----------:|:------------------:|
| iv_497 | 4.106067626626368 × 10^292 | 3984 | 77 |
| iv_498 | 8.165519238556645 × 10^292 | 3893 | 88 |
| iv_499 | 1.430194528119238 × 10^293 | 3884 | 81 |
| iv_501 | 3.918093756952627 × 10^293 | 4002 | 82 |
| iv_502 | 6.302959238519977 × 10^293 | 3937 | 80 |
| iv_503 | 9.887336963872847 × 10^293 | 3982 | 75 |
| iv_504 | 1.5028439549074543 × 10^294 | 3881 | 78 |
| iv_505 | 1.9053583974984187 × 10^294 | 3920 | 82 |
| iv_507 | 2.3945480900498015 × 10^293 | 4134 | 81 |

### Input Bits Sorted by Complexity

| Input Bit | Complexity | Occurrences | Output Occurrences |
|:---------:|:----------:|:-----------:|:------------------:|
| iv_497 | 4.106067626626368 × 10^292 | 3984 | 77 |
| iv_498 | 8.165519238556645 × 10^292 | 3893 | 88 |
| iv_499 | 1.430194528119238 × 10^293 | 3884 | 81 |
| iv_507 | 2.3945480900498015 × 10^293 | 4134 | 81 |
| iv_501 | 3.918093756952627 × 10^293 | 4002 | 82 |
| iv_502 | 6.302959238519977 × 10^293 | 3937 | 80 |
| iv_503 | 9.887336963872847 × 10^293 | 3982 | 75 |
| iv_504 | 1.5028439549074543 × 10^294 | 3881 | 78 |
| iv_505 | 1.9053583974984187 × 10^294 | 3920 | 82 |

### Input Bits Sorted by Occurrences

| Input Bit | Complexity | Occurrences | Output Occurrences |
|:---------:|:----------:|:-----------:|:------------------:|
| iv_504 | 1.5028439549074543 × 10^294 | 3881 | 78 |
| iv_499 | 1.430194528119238 × 10^293 | 3884 | 81 |
| iv_498 | 8.165519238556645 × 10^292 | 3893 | 88 |
| iv_505 | 1.9053583974984187 × 10^294 | 3920 | 82 |
| iv_502 | 6.302959238519977 × 10^293 | 3937 | 80 |
| iv_503 | 9.887336963872847 × 10^293 | 3982 | 75 |
| iv_497 | 4.106067626626368 × 10^292 | 3984 | 77 |
| iv_501 | 3.918093756952627 × 10^293 | 4002 | 82 |
| iv_507 | 2.3945480900498015 × 10^293 | 4134 | 81 |

### Input Bits Sorted by Output Occurrences

| Input Bit | Complexity | Occurrences | Output Occurrences |
|:---------:|:----------:|:-----------:|:------------------:|
| iv_503 | 9.887336963872847 × 10^293 | 3982 | 75 |
| iv_497 | 4.106067626626368 × 10^292 | 3984 | 77 |
| iv_504 | 1.5028439549074543 × 10^294 | 3881 | 78 |
| iv_502 | 6.302959238519977 × 10^293 | 3937 | 80 |
| iv_499 | 1.430194528119238 × 10^293 | 3884 | 81 |
| iv_507 | 2.3945480900498015 × 10^293 | 4134 | 81 |
| iv_501 | 3.918093756952627 × 10^293 | 4002 | 82 |
| iv_505 | 1.9053583974984187 × 10^294 | 3920 | 82 |
| iv_498 | 8.165519238556645 × 10^292 | 3893 | 88 |

## Input Bit Co-occurrences

### Input Bit Co-occurrences Sorted by Co-occurrences

| Input Bits | Co-occurrences | Potential Occurrences | Output Co-occurrences | Potential Output Occurrences |
|:----------:|:--------------:|:---------------------:|:---------------------:|:----------------------------:|
| iv_497-iv_503 | 1944 | 4078 | 37 | 78 |
| iv_503-iv_507 | 1933 | 4250 | 39 | 78 |
| iv_501-iv_507 | 1925 | 4286 | 38 | 87 |
| iv_497-iv_505 | 1896 | 4112 | 43 | 73 |
| iv_501-iv_503 | 1896 | 4192 | 35 | 87 |
| iv_501-iv_504 | 1895 | 4093 | 40 | 80 |
| iv_502-iv_507 | 1892 | 4287 | 47 | 67 |
| iv_501-iv_502 | 1891 | 4157 | 42 | 78 |
| iv_504-iv_507 | 1880 | 4255 | 41 | 77 |

### Input Bit Co-occurrences Sorted by Potential Occurrences

| Input Bits | Co-occurrences | Potential Occurrences | Output Co-occurrences | Potential Output Occurrences |
|:----------:|:--------------:|:---------------------:|:---------------------:|:----------------------------:|
| iv_497-iv_503 | 1944 | 4078 | 37 | 78 |
| iv_501-iv_504 | 1895 | 4093 | 40 | 80 |
| iv_499-iv_505 | 1847 | 4110 | 37 | 89 |
| iv_497-iv_505 | 1896 | 4112 | 43 | 73 |
| iv_499-iv_504 | 1826 | 4113 | 38 | 83 |
| iv_499-iv_502 | 1846 | 4129 | 45 | 71 |
| iv_497-iv_499 | 1860 | 4148 | 40 | 78 |
| iv_501-iv_502 | 1891 | 4157 | 42 | 78 |
| iv_502-iv_503 | 1878 | 4163 | 38 | 79 |

### Input Bit Output Co-occurrences Sorted by Output Co-occurrences

| Input Bits | Co-occurrences | Potential Occurrences | Output Co-occurrences | Potential Output Occurrences |
|:----------:|:--------------:|:---------------------:|:---------------------:|:----------------------------:|
| iv_498-iv_507 | 1871 | 4285 | 54 | 61 |
| iv_498-iv_499 | 1791 | 4195 | 48 | 73 |
| iv_502-iv_507 | 1892 | 4287 | 47 | 67 |
| iv_498-iv_501 | 1832 | 4231 | 46 | 78 |
| iv_498-iv_504 | 1805 | 4164 | 46 | 74 |
| iv_497-iv_498 | 1825 | 4227 | 46 | 73 |
| iv_498-iv_502 | 1814 | 4202 | 46 | 76 |
| iv_499-iv_502 | 1846 | 4129 | 45 | 71 |
| iv_499-iv_501 | 1846 | 4194 | 43 | 77 |

### Input Bit Output Co-occurrences Sorted by Potential Output Occurrences

| Input Bits | Co-occurrences | Potential Occurrences | Output Co-occurrences | Potential Output Occurrences |
|:----------:|:--------------:|:---------------------:|:---------------------:|:----------------------------:|
| iv_498-iv_507 | 1871 | 4285 | 54 | 61 |
| iv_502-iv_507 | 1892 | 4287 | 47 | 67 |
| iv_499-iv_502 | 1846 | 4129 | 45 | 71 |
| iv_498-iv_499 | 1791 | 4195 | 48 | 73 |
| iv_497-iv_505 | 1896 | 4112 | 43 | 73 |
| iv_497-iv_498 | 1825 | 4227 | 46 | 73 |
| iv_498-iv_504 | 1805 | 4164 | 46 | 74 |
| iv_498-iv_502 | 1814 | 4202 | 46 | 76 |
| iv_499-iv_501 | 1846 | 4194 | 43 | 77 |

## Output Bits

### Output Bits in Regular Order

| Rank | Output Bit | Complexity |
|:----:|:----------:|:----------:|
| 1 | ov_001 | 9.56005575575382 × 10^293 |
| 2 | ov_002 | 8.278136581081596 × 10^293 |
| 3 | ov_003 | 7.1310982345091205 × 10^293 |
| 4 | ov_004 | 6.10864142902993 × 10^293 |
| 5 | ov_005 | 5.201029882134466 × 10^293 |
| 6 | ov_006 | 4.39904996226856 × 10^293 |
| 7 | ov_007 | 3.693975603507463 × 10^293 |
| 8 | ov_008 | 3.0775381516681847 × 10^293 |
| 9 | ov_009 | 2.5419007233675832 × 10^293 |
| 10 | ov_010 | 2.0796365826760537 × 10^293 |
| 11 | ov_011 | 1.683711062020223 × 10^293 |
| 12 | ov_012 | 1.3474666380949854 × 10^293 |
| 13 | ov_013 | 1.064610801602271 × 10^293 |
| 14 | ov_014 | 8.292063317607602 × 10^292 |
| 15 | ov_015 | 6.356635861283177 × 10^292 |
| 16 | ov_016 | 4.78734443423963 × 10^292 |
| 17 | ov_017 | 3.5350758162253414 × 10^292 |
| 18 | ov_018 | 2.554048356671786 × 10^292 |
| 19 | ov_019 | 1.8017842019259153 × 10^292 |
| 20 | ov_020 | 1.2390883530160853 × 10^292 |
| 21 | ov_021 | 8.300331865477051 × 10^291 |
| 22 | ov_022 | 5.419473640044647 × 10^291 |
| 23 | ov_023 | 3.454081879797663 × 10^291 |
| 24 | ov_024 | 2.1423659705751092 × 10^291 |
| 25 | ov_025 | 1.2549412422874207 × 10^291 |
| 26 | ov_026 | 6.852140809715507 × 10^290 |
| 27 | ov_027 | 3.4278290187540203 × 10^290 |
| 28 | ov_028 | 1.534359653442348 × 10^290 |
| 29 | ov_029 | 5.915065714592003 × 10^289 |
| 30 | ov_030 | 1.8093298879610627 × 10^289 |
| 31 | ov_031 | 3.531939579501954 × 10^288 |
| 32 | lv_80_m31 | 6.8941885803558156 × 10^287 |
| 33 | ov_033 | 8.242527120900145 × 10^288 |
| 34 | ov_034 | 7.155361255520523 × 10^288 |
| 35 | ov_035 | 6.182763090553339 × 10^288 |
| 36 | ov_036 | 5.314279119366175 × 10^288 |
| 37 | ov_037 | 4.540014972265719 × 10^288 |
| 38 | ov_038 | 3.8505961141641026 × 10^288 |
| 39 | ov_039 | 3.241460682328448 × 10^288 |
| 40 | ov_040 | 2.7041772075976887 × 10^288 |
| 41 | ov_041 | 2.2346408987149597 × 10^288 |
| 42 | ov_042 | 1.8289576317154568 × 10^288 |
| 43 | ov_043 | 1.483434576969435 × 10^288 |
| 44 | ov_044 | 1.1912604057273695 × 10^288 |
| 45 | ov_045 | 9.459931654108645 × 10^287 |
| 46 | ov_046 | 7.415511672715367 × 10^287 |
| 47 | ov_047 | 5.74982626024422 × 10^287 |
| 48 | ov_048 | 4.409065277821474 × 10^287 |
| 49 | ov_049 | 3.342852443930369 × 10^287 |
| 50 | ov_050 | 2.5042141895995067 × 10^287 |
| 51 | ov_051 | 1.8495567962604707 × 10^287 |
| 52 | ov_052 | 1.338649712981824 × 10^287 |
| 53 | ov_053 | 9.522166983976517 × 10^286 |
| 54 | ov_054 | 6.567209190099412 × 10^286 |
| 55 | ov_055 | 4.362287443070115 × 10^286 |
| 56 | ov_056 | 2.7647383416885995 × 10^286 |
| 57 | ov_057 | 1.6485571780545054 × 10^286 |
| 58 | ov_058 | 9.043896814809665 × 10^285 |
| 59 | ov_059 | 4.395276333210112 × 10^285 |
| 60 | ov_060 | 1.7790683198183657 × 10^285 |
| 61 | ov_061 | 6.010634261229451 × 10^284 |
| 62 | ov_062 | 1.608316643267257 × 10^284 |
| 63 | ov_063 | 3.553305387117092 × 10^283 |
| 64 | lv_79_m31 | 6.915476587424165 × 10^282 |
| 65 | ov_065 | 8.183012723769894 × 10^283 |
| 66 | ov_066 | 8.182985704192172 × 10^283 |
| 67 | ov_067 | 8.182979090811306 × 10^283 |
| 68 | ov_068 | 7.05268701134371 × 10^283 |
| 69 | ov_069 | 6.046808587687647 × 10^283 |
| 70 | ov_070 | 5.155112650153105 × 10^283 |
| 71 | ov_071 | 4.367997900481209 × 10^283 |
| 72 | ov_072 | 3.6764502408752264 × 10^283 |
| 73 | ov_073 | 3.072003868167605 × 10^283 |
| 74 | ov_074 | 2.5467059361125888 × 10^283 |
| 75 | ov_075 | 2.0930845960139673 × 10^283 |
| 76 | ov_076 | 1.7041202317680028 × 10^283 |
| 77 | ov_077 | 1.37321971010608 × 10^283 |
| 78 | ov_078 | 1.0941934705317274 × 10^283 |
| 79 | ov_079 | 8.612352823220314 × 10^282 |
| 80 | ov_080 | 6.689044981520584 × 10^282 |
| 81 | ov_081 | 5.121106355387598 × 10^282 |
| 82 | ov_082 | 3.861001185108707 × 10^282 |
| 83 | ov_083 | 2.864450127978888 × 10^282 |
| 84 | ov_084 | 2.0903358847411922 × 10^282 |
| 85 | ov_085 | 1.5006254445003617 × 10^282 |
| 86 | ov_086 | 1.0603072951598178 × 10^282 |
| 87 | ov_087 | 7.373419484814421 × 10^281 |
| 88 | ov_088 | 5.026241301361873 × 10^281 |
| 89 | ov_089 | 3.2995498584225267 × 10^281 |
| 90 | ov_090 | 2.0695879372306856 × 10^281 |
| 91 | ov_091 | 1.226994151223608 × 10^281 |
| 92 | ov_092 | 6.76754148448518 × 10^280 |
| 93 | ov_093 | 3.381731876932541 × 10^280 |
| 94 | ov_094 | 1.4486266723060253 × 10^280 |
| 95 | aaa_78_28 | 4.4734626923021664 × 10^279 |
| 96 | aaa_78_29 | 1.373934376116548 × 10^279 |
| 97 | ov_097 | 9.075771936332483 × 10^278 |
| 98 | ov_098 | 9.075501238323266 × 10^278 |
| 99 | ov_099 | 9.075414870808378 × 10^278 |
| 100 | ov_100 | 8.167902563439643 × 10^278 |
| 101 | ov_101 | 7.327119147740622 × 10^278 |
| 102 | ov_102 | 6.549437021768423 × 10^278 |
| 103 | ov_103 | 5.8314935115073335 × 10^278 |
| 104 | ov_104 | 5.170155424154332 × 10^278 |
| 105 | ov_105 | 4.56248690758766 × 10^278 |
| 106 | ov_106 | 4.005720450150027 × 10^278 |
| 107 | ov_107 | 3.497230859978517 × 10^278 |
| 108 | ov_108 | 3.034512067082776 × 10^278 |
| 109 | ov_109 | 2.6151565943824908 × 10^278 |
| 110 | ov_110 | 2.2368375461123102 × 10^278 |
| 111 | ov_111 | 1.897292963541918 × 10^278 |
| 112 | ov_112 | 1.5943123989945997 × 10^278 |
| 113 | ov_113 | 1.3257255598216261 × 10^278 |
| 114 | ov_114 | 1.0893928744237101 × 10^278 |
| 115 | ov_115 | 8.831978326971593 × 10^277 |
| 116 | ov_116 | 7.050409534785109 × 10^277 |
| 117 | ov_117 | 5.528352317060986 × 10^277 |
| 118 | ov_118 | 4.245027791422845 × 10^277 |
| 119 | ov_119 | 3.1797225196652442 × 10^277 |
| 120 | ov_120 | 2.3117683433524914 × 10^277 |
| 121 | ov_121 | 1.6205270439208676 × 10^277 |
| 122 | ov_122 | 1.085379092211339 × 10^277 |
| 123 | ov_123 | 6.857157524003785 × 10^276 |
| 124 | ov_124 | 4.009338053283955 × 10^276 |
| 125 | ov_125 | 2.10432333571975 × 10^276 |
| 126 | ov_126 | 9.361114629518192 × 10^275 |
| 127 | aaa_77_28 | 2.9870229368400337 × 10^275 |
| 128 | aaa_77_29 | 1.1185901931343805 × 10^275 |
| 129 | ov_129 | 1.022942776186113 × 10^275 |
| 130 | ov_130 | 1.0229404099496425 × 10^275 |
| 131 | ov_131 | 1.0229396587463096 × 10^275 |
| 132 | ov_132 | 8.839003981507243 × 10^274 |
| 133 | ov_133 | 7.596574061064346 × 10^274 |
| 134 | ov_134 | 6.490871995885551 × 10^274 |
| 135 | ov_135 | 5.511242201662339 × 10^274 |
| 136 | ov_136 | 4.647567052712217 × 10^274 |
| 137 | ov_137 | 3.8902319575138156 × 10^274 |
| 138 | ov_138 | 3.2300961172489366 × 10^274 |
| 139 | ov_139 | 2.6584683212636652 × 10^274 |
| 140 | ov_140 | 2.1670871663480515 × 10^274 |
| 141 | ov_141 | 1.7481051191632727 × 10^274 |
| 142 | ov_142 | 1.3940758731843978 × 10^274 |
| 143 | ov_143 | 1.097944511659552 × 10^274 |
| 144 | ov_144 | 8.530400763990692 × 10^273 |
| 145 | ov_145 | 6.530701736815879 × 10^273 |
| 146 | ov_146 | 4.921172232332018 × 10^273 |
| 147 | ov_147 | 3.646359591985281 × 10^273 |
| 148 | ov_148 | 2.654518232922998 × 10^273 |
| 149 | ov_149 | 1.897599381864101 × 10^273 |
| 150 | ov_150 | 1.3312442835057066 × 10^273 |
| 151 | ov_151 | 9.147794160702513 × 10^272 |
| 152 | ov_152 | 6.1121295110897223 × 10^272 |
| 153 | ov_153 | 3.872321548810606 × 10^272 |
| 154 | ov_154 | 2.2710016334624698 × 10^272 |
| 155 | ov_155 | 1.1691838379151327 × 10^272 |
| 156 | aaa_76_25 | 4.462606613034883 × 10^271 |
| 157 | aaa_76_26 | 2.5345560052168486 × 10^271 |
| 158 | aaa_76_27 | 1.2613409475112884 × 10^271 |
| 159 | aaa_76_28 | 4.5922354561839896 × 10^270 |
| 160 | aaa_76_29 | 1.217966169980641 × 10^270 |

### Output Bits Sorted by Complexity

| Rank | Output Bit | Complexity |
|:----:|:----------:|:----------:|
| 160 | aaa_76_29 | 1.217966169980641 × 10^270 |
| 159 | aaa_76_28 | 4.5922354561839896 × 10^270 |
| 158 | aaa_76_27 | 1.2613409475112884 × 10^271 |
| 157 | aaa_76_26 | 2.5345560052168486 × 10^271 |
| 156 | aaa_76_25 | 4.462606613034883 × 10^271 |
| 155 | ov_155 | 1.1691838379151327 × 10^272 |
| 154 | ov_154 | 2.2710016334624698 × 10^272 |
| 153 | ov_153 | 3.872321548810606 × 10^272 |
| 152 | ov_152 | 6.1121295110897223 × 10^272 |
| 151 | ov_151 | 9.147794160702513 × 10^272 |
| 150 | ov_150 | 1.3312442835057066 × 10^273 |
| 149 | ov_149 | 1.897599381864101 × 10^273 |
| 148 | ov_148 | 2.654518232922998 × 10^273 |
| 147 | ov_147 | 3.646359591985281 × 10^273 |
| 146 | ov_146 | 4.921172232332018 × 10^273 |
| 145 | ov_145 | 6.530701736815879 × 10^273 |
| 144 | ov_144 | 8.530400763990692 × 10^273 |
| 143 | ov_143 | 1.097944511659552 × 10^274 |
| 142 | ov_142 | 1.3940758731843978 × 10^274 |
| 141 | ov_141 | 1.7481051191632727 × 10^274 |
| 140 | ov_140 | 2.1670871663480515 × 10^274 |
| 139 | ov_139 | 2.6584683212636652 × 10^274 |
| 138 | ov_138 | 3.2300961172489366 × 10^274 |
| 137 | ov_137 | 3.8902319575138156 × 10^274 |
| 136 | ov_136 | 4.647567052712217 × 10^274 |
| 135 | ov_135 | 5.511242201662339 × 10^274 |
| 134 | ov_134 | 6.490871995885551 × 10^274 |
| 133 | ov_133 | 7.596574061064346 × 10^274 |
| 132 | ov_132 | 8.839003981507243 × 10^274 |
| 131 | ov_131 | 1.0229396587463096 × 10^275 |
| 130 | ov_130 | 1.0229404099496425 × 10^275 |
| 129 | ov_129 | 1.022942776186113 × 10^275 |
| 128 | aaa_77_29 | 1.1185901931343805 × 10^275 |
| 127 | aaa_77_28 | 2.9870229368400337 × 10^275 |
| 126 | ov_126 | 9.361114629518192 × 10^275 |
| 125 | ov_125 | 2.10432333571975 × 10^276 |
| 124 | ov_124 | 4.009338053283955 × 10^276 |
| 123 | ov_123 | 6.857157524003785 × 10^276 |
| 122 | ov_122 | 1.085379092211339 × 10^277 |
| 121 | ov_121 | 1.6205270439208676 × 10^277 |
| 120 | ov_120 | 2.3117683433524914 × 10^277 |
| 119 | ov_119 | 3.1797225196652442 × 10^277 |
| 118 | ov_118 | 4.245027791422845 × 10^277 |
| 117 | ov_117 | 5.528352317060986 × 10^277 |
| 116 | ov_116 | 7.050409534785109 × 10^277 |
| 115 | ov_115 | 8.831978326971593 × 10^277 |
| 114 | ov_114 | 1.0893928744237101 × 10^278 |
| 113 | ov_113 | 1.3257255598216261 × 10^278 |
| 112 | ov_112 | 1.5943123989945997 × 10^278 |
| 111 | ov_111 | 1.897292963541918 × 10^278 |
| 110 | ov_110 | 2.2368375461123102 × 10^278 |
| 109 | ov_109 | 2.6151565943824908 × 10^278 |
| 108 | ov_108 | 3.034512067082776 × 10^278 |
| 107 | ov_107 | 3.497230859978517 × 10^278 |
| 106 | ov_106 | 4.005720450150027 × 10^278 |
| 105 | ov_105 | 4.56248690758766 × 10^278 |
| 104 | ov_104 | 5.170155424154332 × 10^278 |
| 103 | ov_103 | 5.8314935115073335 × 10^278 |
| 102 | ov_102 | 6.549437021768423 × 10^278 |
| 101 | ov_101 | 7.327119147740622 × 10^278 |
| 100 | ov_100 | 8.167902563439643 × 10^278 |
| 99 | ov_099 | 9.075414870808378 × 10^278 |
| 98 | ov_098 | 9.075501238323266 × 10^278 |
| 97 | ov_097 | 9.075771936332483 × 10^278 |
| 96 | aaa_78_29 | 1.373934376116548 × 10^279 |
| 95 | aaa_78_28 | 4.4734626923021664 × 10^279 |
| 94 | ov_094 | 1.4486266723060253 × 10^280 |
| 93 | ov_093 | 3.381731876932541 × 10^280 |
| 92 | ov_092 | 6.76754148448518 × 10^280 |
| 91 | ov_091 | 1.226994151223608 × 10^281 |
| 90 | ov_090 | 2.0695879372306856 × 10^281 |
| 89 | ov_089 | 3.2995498584225267 × 10^281 |
| 88 | ov_088 | 5.026241301361873 × 10^281 |
| 87 | ov_087 | 7.373419484814421 × 10^281 |
| 86 | ov_086 | 1.0603072951598178 × 10^282 |
| 85 | ov_085 | 1.5006254445003617 × 10^282 |
| 84 | ov_084 | 2.0903358847411922 × 10^282 |
| 83 | ov_083 | 2.864450127978888 × 10^282 |
| 82 | ov_082 | 3.861001185108707 × 10^282 |
| 81 | ov_081 | 5.121106355387598 × 10^282 |
| 80 | ov_080 | 6.689044981520584 × 10^282 |
| 64 | lv_79_m31 | 6.915476587424165 × 10^282 |
| 79 | ov_079 | 8.612352823220314 × 10^282 |
| 78 | ov_078 | 1.0941934705317274 × 10^283 |
| 77 | ov_077 | 1.37321971010608 × 10^283 |
| 76 | ov_076 | 1.7041202317680028 × 10^283 |
| 75 | ov_075 | 2.0930845960139673 × 10^283 |
| 74 | ov_074 | 2.5467059361125888 × 10^283 |
| 73 | ov_073 | 3.072003868167605 × 10^283 |
| 63 | ov_063 | 3.553305387117092 × 10^283 |
| 72 | ov_072 | 3.6764502408752264 × 10^283 |
| 71 | ov_071 | 4.367997900481209 × 10^283 |
| 70 | ov_070 | 5.155112650153105 × 10^283 |
| 69 | ov_069 | 6.046808587687647 × 10^283 |
| 68 | ov_068 | 7.05268701134371 × 10^283 |
| 67 | ov_067 | 8.182979090811306 × 10^283 |
| 66 | ov_066 | 8.182985704192172 × 10^283 |
| 65 | ov_065 | 8.183012723769894 × 10^283 |
| 62 | ov_062 | 1.608316643267257 × 10^284 |
| 61 | ov_061 | 6.010634261229451 × 10^284 |
| 60 | ov_060 | 1.7790683198183657 × 10^285 |
| 59 | ov_059 | 4.395276333210112 × 10^285 |
| 58 | ov_058 | 9.043896814809665 × 10^285 |
| 57 | ov_057 | 1.6485571780545054 × 10^286 |
| 56 | ov_056 | 2.7647383416885995 × 10^286 |
| 55 | ov_055 | 4.362287443070115 × 10^286 |
| 54 | ov_054 | 6.567209190099412 × 10^286 |
| 53 | ov_053 | 9.522166983976517 × 10^286 |
| 52 | ov_052 | 1.338649712981824 × 10^287 |
| 51 | ov_051 | 1.8495567962604707 × 10^287 |
| 50 | ov_050 | 2.5042141895995067 × 10^287 |
| 49 | ov_049 | 3.342852443930369 × 10^287 |
| 48 | ov_048 | 4.409065277821474 × 10^287 |
| 47 | ov_047 | 5.74982626024422 × 10^287 |
| 32 | lv_80_m31 | 6.8941885803558156 × 10^287 |
| 46 | ov_046 | 7.415511672715367 × 10^287 |
| 45 | ov_045 | 9.459931654108645 × 10^287 |
| 44 | ov_044 | 1.1912604057273695 × 10^288 |
| 43 | ov_043 | 1.483434576969435 × 10^288 |
| 42 | ov_042 | 1.8289576317154568 × 10^288 |
| 41 | ov_041 | 2.2346408987149597 × 10^288 |
| 40 | ov_040 | 2.7041772075976887 × 10^288 |
| 39 | ov_039 | 3.241460682328448 × 10^288 |
| 31 | ov_031 | 3.531939579501954 × 10^288 |
| 38 | ov_038 | 3.8505961141641026 × 10^288 |
| 37 | ov_037 | 4.540014972265719 × 10^288 |
| 36 | ov_036 | 5.314279119366175 × 10^288 |
| 35 | ov_035 | 6.182763090553339 × 10^288 |
| 34 | ov_034 | 7.155361255520523 × 10^288 |
| 33 | ov_033 | 8.242527120900145 × 10^288 |
| 30 | ov_030 | 1.8093298879610627 × 10^289 |
| 29 | ov_029 | 5.915065714592003 × 10^289 |
| 28 | ov_028 | 1.534359653442348 × 10^290 |
| 27 | ov_027 | 3.4278290187540203 × 10^290 |
| 26 | ov_026 | 6.852140809715507 × 10^290 |
| 25 | ov_025 | 1.2549412422874207 × 10^291 |
| 24 | ov_024 | 2.1423659705751092 × 10^291 |
| 23 | ov_023 | 3.454081879797663 × 10^291 |
| 22 | ov_022 | 5.419473640044647 × 10^291 |
| 21 | ov_021 | 8.300331865477051 × 10^291 |
| 20 | ov_020 | 1.2390883530160853 × 10^292 |
| 19 | ov_019 | 1.8017842019259153 × 10^292 |
| 18 | ov_018 | 2.554048356671786 × 10^292 |
| 17 | ov_017 | 3.5350758162253414 × 10^292 |
| 16 | ov_016 | 4.78734443423963 × 10^292 |
| 15 | ov_015 | 6.356635861283177 × 10^292 |
| 14 | ov_014 | 8.292063317607602 × 10^292 |
| 13 | ov_013 | 1.064610801602271 × 10^293 |
| 12 | ov_012 | 1.3474666380949854 × 10^293 |
| 11 | ov_011 | 1.683711062020223 × 10^293 |
| 10 | ov_010 | 2.0796365826760537 × 10^293 |
| 9 | ov_009 | 2.5419007233675832 × 10^293 |
| 8 | ov_008 | 3.0775381516681847 × 10^293 |
| 7 | ov_007 | 3.693975603507463 × 10^293 |
| 6 | ov_006 | 4.39904996226856 × 10^293 |
| 5 | ov_005 | 5.201029882134466 × 10^293 |
| 4 | ov_004 | 6.10864142902993 × 10^293 |
| 3 | ov_003 | 7.1310982345091205 × 10^293 |
| 2 | ov_002 | 8.278136581081596 × 10^293 |
| 1 | ov_001 | 9.56005575575382 × 10^293 |

