# Results for F001-F002-F003-F004-F005-F006-F007-F008-F009-F010-F011-F012-F013-F014-F015-F016-F017-F018-F019-F020-F021-F022-F023-F024-F025-F026-F027-F028-F029-F030-F031-F032-F033-F034-F035-F036-F037-F038-F039-F040-F041-F042-F043-F044-F045-F046-F047-F048-F049-F050-F051-F052-F053-F054-F055-F056-F057-F058-F059-F060-F061-F062-F063-F064-F065-F066-F067-F068-F069-F070-F071-F072-F073-F074-F075-F076-F077-F078-F079-F080-F081-F082-F083-F084-F085-F086-F087-F088-F089-F090-F091-F092-F093-F094-F095-F096-F097-F098-F099-F100-F101-F102-F103-F104-F105-F106-F107-F108-F109-F110-F111-F112-F113-F114-F115-F116-F117-F118-F119-F120-F121-F122-F123-F124-F125-F126-F127-F128-F129-F130-F131-F132-F133-F134-F135-F136-F137-F138-F139-F140-F141-F142-F143-F144-F145-F146-F147-F148-F149-F150-F151-F152-F153-F154-F155-F156-F157-F158-F159-F160-F161-F162-F163-F164-F165-F166-F167-F168-F169-F170-F171-F172-F173-F174-F175-F176-F177-F178-F179-F180-F181-F182-F183-F184-F185-F186-F187-F188-F189-F190-F191-F192-F193-F194-F195-F196-F197-F198-F199-F200-F201-F202-F203-F204-F205-F206-F207-F208-F209-F210-F211-F212-F213-F214-F215-F216-F217-F218-F219-F220-F221-F222-F223-F224-F225-F226-F227-F228-F229-F230-F231-F232-F233-F234-F235-F236-F237-F238-F239-F240-F241-F242-F243-F244-F245-F246-F247-F248-F249-F250-F251-F252-F253-F254-F255-F256-F257-F258-F259-F260-F261-F262-F263-F264-F265-F266-F267-F268-F269-F270-F271-F272-F273-F274-F275-F276-F277-F278-F279-F280-F281-F282-F283-F284-F285-F286-F287-F288-F289-F290-F291-F292-F293-F294-F295-F296-F297-F298-F299-F300-F301-F302-F303-F304-F305-F306-F307-F308-F309-F310-F311-F312-F313-F314-F315-F316-F317-F318-F319-F320-F321-F322-F323-F324-F325-F326-F327-F328-F329-F330-F331-F332-F333-F334-F335-F336-F337-F338-F339-F340-F341-F342-F343-F344-F345-F346-F347-F348-F349-F350-F351-F352-F353-F354-F355-F356-F357-F358-F359-F360-F361-F362-F363-F364-F365-F366-F367-F368-F369-F370-F371-F372-F373-F374-F375-F376-F377-F378-F379-F380-F381-F382-F383-F384-F385-F386-F387-F388-F389-F390-F391-F392-F393-F394-F395-F396-F397-F398-F399-F400-F401-F402-F403-F404-F405-F406-F407-F408-F409-F410-F411-F412-F413-F414-F415-F416-F417-F418-F419-F420-F421-F422-F423-F424-F425-F426-F427-F428-F429-F430-F431-F432-F433-F434-F435-F436-F437-F438-F439-F440-F441-F442-F443-F444-F445-F446-F447-F448-F449-F450-F451-F452-F453-F454-F455-F456-F457-F458-F459-F460-F461-F462-F463-F464-F465-F466-F467-F468-F469-F470-F471-F472-F473-F474-F475-F476-F477-F478-F479-F480-F481-F482-F483-F484-F485-F486-F487-F488-F489-F490-F491-F492-F493-F494-F495-F496-E499505-E504506-E507508-F509-F510-F511-F512

## Summary

Number of input bits: 512  
Number of free input bits: 9  
Number of output bits: 160

Number of direct occurrences: 36545  
Number of assignments: 30966  
Number of operations: 10787570
(xor: 10759609,
and: 14718,
or: 13243)

Total complexity: 2.328036140780862 × 10^297

Least occurring input variable: iv_502 (3831)  
Most occurring input variable: iv_504 (4259)

Most co-occurring input variables: iv_499-iv_504 (2043)  
Least co-occurring input variables: iv_498-iv_502 (1738)

Potentially most occurring input variable: iv_499/iv_507 (4571)  
Potentially least occurring input variable: iv_497/iv_502 (4159)

Least output occurring input variable: iv_503 (75)  
Most output occurring input variable: iv_497 (93)

Most output co-occurring input variables: iv_497-iv_502 (52)  
Least output co-occurring input variables: iv_504-iv_507 (32)

Potentially most output occurring input variable: iv_498/iv_499 (92)  
Potentially least output occurring input variable: iv_501/iv_504 (71)

Least complex input bit: iv_497 (9.588775868584726 × 10^294)  
Most complex input bit: iv_504 (7.233179750843832 × 10^296)

Least complex output bit: aaa_76_29 (5.710492490989944 × 10^272)  
Most complex output bit: ov_001 (3.75356864624741 × 10^296)

Least complex input/output complexity: iv_497/aaa_76_29 (2.3520525148278988 × 10^270)  
Most complex input/output complexity: iv_504/ov_001 (1.166229177023531 × 10^296)

## Input Bits

### Input Bits in Regular Order

| Input Bit | Complexity | Occurrences | Output Occurrences |
|:---------:|:----------:|:-----------:|:------------------:|
| iv_497 | 9.588775868584726 × 10^294 | 4092 | 93 |
| iv_498 | 1.912194332898201 × 10^295 | 3889 | 88 |
| iv_499 | 6.579387302579591 × 10^296 | 4161 | 84 |
| iv_500 | 5.879544078558565 × 10^295 | 4056 | 76 |
| iv_501 | 9.85636303984279 × 10^295 | 4033 | 83 |
| iv_502 | 1.6133840184798605 × 10^296 | 3831 | 82 |
| iv_503 | 2.586938064014309 × 10^296 | 3994 | 75 |
| iv_504 | 7.233179750843832 × 10^296 | 4259 | 76 |
| iv_507 | 3.4067743680752513 × 10^296 | 4230 | 78 |

### Input Bits Sorted by Complexity

| Input Bit | Complexity | Occurrences | Output Occurrences |
|:---------:|:----------:|:-----------:|:------------------:|
| iv_497 | 9.588775868584726 × 10^294 | 4092 | 93 |
| iv_498 | 1.912194332898201 × 10^295 | 3889 | 88 |
| iv_500 | 5.879544078558565 × 10^295 | 4056 | 76 |
| iv_501 | 9.85636303984279 × 10^295 | 4033 | 83 |
| iv_502 | 1.6133840184798605 × 10^296 | 3831 | 82 |
| iv_503 | 2.586938064014309 × 10^296 | 3994 | 75 |
| iv_507 | 3.4067743680752513 × 10^296 | 4230 | 78 |
| iv_499 | 6.579387302579591 × 10^296 | 4161 | 84 |
| iv_504 | 7.233179750843832 × 10^296 | 4259 | 76 |

### Input Bits Sorted by Occurrences

| Input Bit | Complexity | Occurrences | Output Occurrences |
|:---------:|:----------:|:-----------:|:------------------:|
| iv_502 | 1.6133840184798605 × 10^296 | 3831 | 82 |
| iv_498 | 1.912194332898201 × 10^295 | 3889 | 88 |
| iv_503 | 2.586938064014309 × 10^296 | 3994 | 75 |
| iv_501 | 9.85636303984279 × 10^295 | 4033 | 83 |
| iv_500 | 5.879544078558565 × 10^295 | 4056 | 76 |
| iv_497 | 9.588775868584726 × 10^294 | 4092 | 93 |
| iv_499 | 6.579387302579591 × 10^296 | 4161 | 84 |
| iv_507 | 3.4067743680752513 × 10^296 | 4230 | 78 |
| iv_504 | 7.233179750843832 × 10^296 | 4259 | 76 |

### Input Bits Sorted by Output Occurrences

| Input Bit | Complexity | Occurrences | Output Occurrences |
|:---------:|:----------:|:-----------:|:------------------:|
| iv_503 | 2.586938064014309 × 10^296 | 3994 | 75 |
| iv_504 | 7.233179750843832 × 10^296 | 4259 | 76 |
| iv_500 | 5.879544078558565 × 10^295 | 4056 | 76 |
| iv_507 | 3.4067743680752513 × 10^296 | 4230 | 78 |
| iv_502 | 1.6133840184798605 × 10^296 | 3831 | 82 |
| iv_501 | 9.85636303984279 × 10^295 | 4033 | 83 |
| iv_499 | 6.579387302579591 × 10^296 | 4161 | 84 |
| iv_498 | 1.912194332898201 × 10^295 | 3889 | 88 |
| iv_497 | 9.588775868584726 × 10^294 | 4092 | 93 |

## Input Bit Co-occurrences

### Input Bit Co-occurrences Sorted by Co-occurrences

| Input Bits | Co-occurrences | Potential Occurrences | Output Co-occurrences | Potential Output Occurrences |
|:----------:|:--------------:|:---------------------:|:---------------------:|:----------------------------:|
| iv_499-iv_504 | 2043 | 4334 | 37 | 86 |
| iv_504-iv_507 | 2007 | 4475 | 32 | 90 |
| iv_499-iv_500 | 2000 | 4217 | 40 | 80 |
| iv_503-iv_504 | 1996 | 4261 | 36 | 79 |
| iv_497-iv_501 | 1981 | 4163 | 48 | 80 |
| iv_500-iv_504 | 1981 | 4353 | 35 | 82 |
| iv_501-iv_504 | 1974 | 4344 | 44 | 71 |
| iv_500-iv_507 | 1967 | 4352 | 41 | 72 |
| iv_497-iv_500 | 1961 | 4226 | 39 | 91 |

### Input Bit Co-occurrences Sorted by Potential Occurrences

| Input Bits | Co-occurrences | Potential Occurrences | Output Co-occurrences | Potential Output Occurrences |
|:----------:|:--------------:|:---------------------:|:---------------------:|:----------------------------:|
| iv_497-iv_502 | 1882 | 4159 | 52 | 71 |
| iv_497-iv_501 | 1981 | 4163 | 48 | 80 |
| iv_497-iv_503 | 1959 | 4168 | 46 | 76 |
| iv_500-iv_502 | 1850 | 4187 | 37 | 84 |
| iv_500-iv_501 | 1943 | 4203 | 41 | 77 |
| iv_498-iv_500 | 1871 | 4203 | 39 | 86 |
| iv_500-iv_503 | 1917 | 4216 | 39 | 73 |
| iv_499-iv_500 | 2000 | 4217 | 40 | 80 |
| iv_501-iv_502 | 1821 | 4222 | 38 | 89 |

### Input Bit Output Co-occurrences Sorted by Output Co-occurrences

| Input Bits | Co-occurrences | Potential Occurrences | Output Co-occurrences | Potential Output Occurrences |
|:----------:|:--------------:|:---------------------:|:---------------------:|:----------------------------:|
| iv_497-iv_499 | 1960 | 4333 | 52 | 73 |
| iv_497-iv_502 | 1882 | 4159 | 52 | 71 |
| iv_497-iv_498 | 1868 | 4245 | 50 | 81 |
| iv_498-iv_501 | 1843 | 4236 | 48 | 75 |
| iv_497-iv_501 | 1981 | 4163 | 48 | 80 |
| iv_498-iv_507 | 1848 | 4423 | 47 | 72 |
| iv_498-iv_502 | 1738 | 4244 | 46 | 78 |
| iv_497-iv_503 | 1959 | 4168 | 46 | 76 |
| iv_499-iv_502 | 1848 | 4296 | 45 | 76 |

### Input Bit Output Co-occurrences Sorted by Potential Output Occurrences

| Input Bits | Co-occurrences | Potential Occurrences | Output Co-occurrences | Potential Output Occurrences |
|:----------:|:--------------:|:---------------------:|:---------------------:|:----------------------------:|
| iv_501-iv_504 | 1974 | 4344 | 44 | 71 |
| iv_497-iv_502 | 1882 | 4159 | 52 | 71 |
| iv_498-iv_507 | 1848 | 4423 | 47 | 72 |
| iv_500-iv_507 | 1967 | 4352 | 41 | 72 |
| iv_499-iv_507 | 1910 | 4571 | 45 | 72 |
| iv_497-iv_499 | 1960 | 4333 | 52 | 73 |
| iv_500-iv_503 | 1917 | 4216 | 39 | 73 |
| iv_498-iv_501 | 1843 | 4236 | 48 | 75 |
| iv_499-iv_503 | 1945 | 4265 | 42 | 75 |

## Output Bits

### Output Bits in Regular Order

| Rank | Output Bit | Complexity |
|:----:|:----------:|:----------:|
| 1 | ov_001 | 3.75356864624741 × 10^296 |
| 2 | ov_002 | 3.2503275000277384 × 10^296 |
| 3 | ov_003 | 2.80005901460755 × 10^296 |
| 4 | ov_004 | 2.3987175979202043 × 10^296 |
| 5 | ov_005 | 2.0424782426215713 × 10^296 |
| 6 | ov_006 | 1.7277207962667007 × 10^296 |
| 7 | ov_007 | 1.4510162624575836 × 10^296 |
| 8 | ov_008 | 1.2091150010463897 × 10^296 |
| 9 | ov_009 | 9.989366804699845 × 10^295 |
| 10 | ov_010 | 8.175618083168263 × 10^295 |
| 11 | ov_011 | 6.622246642117709 × 10^295 |
| 12 | ov_012 | 5.303074691420053 × 10^295 |
| 13 | ov_013 | 4.1933563520324125 × 10^295 |
| 14 | ov_014 | 3.269739494611212 × 10^295 |
| 15 | ov_015 | 2.510235552323373 × 10^295 |
| 16 | ov_016 | 1.8941960362014303 × 10^295 |
| 17 | ov_017 | 1.4022945761074642 × 10^295 |
| 18 | ov_018 | 1.0165134046673486 × 10^295 |
| 19 | ov_019 | 7.201332955350975 × 10^294 |
| 20 | ov_020 | 4.977261053637843 × 10^294 |
| 21 | ov_021 | 3.3514928934376304 × 10^294 |
| 22 | ov_022 | 2.1954196303545727 × 10^294 |
| 23 | ov_023 | 1.3932218006275806 × 10^294 |
| 24 | ov_024 | 8.418514198190092 × 10^293 |
| 25 | ov_025 | 4.929756291385879 × 10^293 |
| 26 | ov_026 | 2.6906151024161827 × 10^293 |
| 27 | ov_027 | 1.3453074012194692 × 10^293 |
| 28 | ov_028 | 6.018044064706811 × 10^292 |
| 29 | ov_029 | 2.3182895520349236 × 10^292 |
| 30 | ov_030 | 7.08547612739151 × 10^291 |
| 31 | ov_031 | 1.381665115159511 × 10^291 |
| 32 | lv_80_m31 | 2.6937867831334135 × 10^290 |
| 33 | ov_033 | 3.2274010510226214 × 10^291 |
| 34 | ov_034 | 2.798439556328126 × 10^291 |
| 35 | ov_035 | 2.4146872750387577 × 10^291 |
| 36 | ov_036 | 2.0724732162533812 × 10^291 |
| 37 | ov_037 | 1.7683228144383425 × 10^291 |
| 38 | ov_038 | 1.4989441361017873 × 10^291 |
| 39 | ov_039 | 1.2612160027033085 × 10^291 |
| 40 | ov_040 | 1.0521778382034729 × 10^291 |
| 41 | ov_041 | 8.690210613483584 × 10^290 |
| 42 | ov_042 | 7.103783953444836 × 10^290 |
| 43 | ov_043 | 5.749532987143746 × 10^290 |
| 44 | ov_044 | 4.603545061046605 × 10^290 |
| 45 | ov_045 | 3.6432054246635885 × 10^290 |
| 46 | ov_046 | 2.8471651099785586 × 10^290 |
| 47 | ov_047 | 2.1953156267479626 × 10^290 |
| 48 | ov_048 | 1.6687693601122036 × 10^290 |
| 49 | ov_049 | 1.2498446429236257 × 10^290 |
| 50 | ov_050 | 9.220545595664213 × 10^289 |
| 51 | ov_051 | 6.700986646852357 × 10^289 |
| 52 | ov_052 | 4.798569694558611 × 10^289 |
| 53 | ov_053 | 3.383856629588444 × 10^289 |
| 54 | ov_054 | 2.3391412543669694 × 10^289 |
| 55 | ov_055 | 1.5584290754885836 × 10^289 |
| 56 | ov_056 | 9.916487665929702 × 10^288 |
| 57 | ov_057 | 5.945758462048979 × 10^288 |
| 58 | ov_058 | 3.288297752931194 × 10^288 |
| 59 | ov_059 | 1.6187241566684752 × 10^288 |
| 60 | ov_060 | 6.700731458413095 × 10^287 |
| 61 | ov_061 | 2.337944098438323 × 10^287 |
| 62 | ov_062 | 6.406037727163042 × 10^286 |
| 63 | ov_063 | 1.2470271826943077 × 10^286 |
| 64 | lv_79_m31 | 2.4269611698636538 × 10^285 |
| 65 | ov_065 | 2.8742752911570186 × 10^286 |
| 66 | ov_066 | 2.8742657927266693 × 10^286 |
| 67 | ov_067 | 2.8742634678923624 × 10^286 |
| 68 | ov_068 | 2.477527413785215 × 10^286 |
| 69 | ov_069 | 2.124478632498174 × 10^286 |
| 70 | ov_070 | 1.8115204978172484 × 10^286 |
| 71 | ov_071 | 1.5352777839380555 × 10^286 |
| 72 | ov_072 | 1.2925816666483338 × 10^286 |
| 73 | ov_073 | 1.0804560485013167 × 10^286 |
| 74 | ov_074 | 8.961051386092843 × 10^285 |
| 75 | ov_075 | 7.369022202317068 × 10^285 |
| 76 | ov_076 | 6.003795414050046 × 10^285 |
| 77 | ov_077 | 4.8421926552549657 × 10^285 |
| 78 | ov_078 | 3.862454201138574 × 10^285 |
| 79 | ov_079 | 3.044167830144687 × 10^285 |
| 80 | ov_080 | 2.3682064606836436 × 10^285 |
| 81 | ov_081 | 1.8166739689130756 × 10^285 |
| 82 | ov_082 | 1.3728585982977336 × 10^285 |
| 83 | ov_083 | 1.0211933749085557 × 10^285 |
| 84 | ov_084 | 7.47222944747332 × 10^284 |
| 85 | ov_085 | 5.375762510251493 × 10^284 |
| 86 | ov_086 | 3.7994447045062054 × 10^284 |
| 87 | ov_087 | 2.6306362832808728 × 10^284 |
| 88 | ov_088 | 1.7670131273123448 × 10^284 |
| 89 | ov_089 | 1.1599778574191057 × 10^284 |
| 90 | ov_090 | 7.275740262710186 × 10^283 |
| 91 | ov_091 | 4.31353961070643 × 10^283 |
| 92 | ov_092 | 2.3791394514519123 × 10^283 |
| 93 | ov_093 | 1.1888458256603692 × 10^283 |
| 94 | ov_094 | 5.0926065170329746 × 10^282 |
| 95 | aaa_78_28 | 1.5726240980570516 × 10^282 |
| 96 | aaa_78_29 | 4.829955388711489 × 10^281 |
| 97 | ov_097 | 3.1901644078435512 × 10^281 |
| 98 | ov_098 | 3.1900693089631542 × 10^281 |
| 99 | ov_099 | 3.1900389680466666 × 10^281 |
| 100 | ov_100 | 2.87096554745347 × 10^281 |
| 101 | ov_101 | 2.57536466265761 × 10^281 |
| 102 | ov_102 | 2.3019596463471156 × 10^281 |
| 103 | ov_103 | 2.049566904515772 × 10^281 |
| 104 | ov_104 | 1.8170834735610532 × 10^281 |
| 105 | ov_105 | 1.6034757426255854 × 10^281 |
| 106 | ov_106 | 1.4077692817912963 × 10^281 |
| 107 | ov_107 | 1.2290397187545705 × 10^281 |
| 108 | ov_108 | 1.0664046082071093 × 10^281 |
| 109 | ov_109 | 9.190162393833438 × 10^280 |
| 110 | ov_110 | 7.860553281665188 × 10^280 |
| 111 | ov_111 | 6.667255408250192 × 10^280 |
| 112 | ov_112 | 5.60248796927255 × 10^280 |
| 113 | ov_113 | 4.65861299302753 × 10^280 |
| 114 | ov_114 | 3.828102391202392 × 10^280 |
| 115 | ov_115 | 3.1035112427748836 × 10^280 |
| 116 | ov_116 | 2.477456793732931 × 10^280 |
| 117 | ov_117 | 1.9426021027743588 × 10^280 |
| 118 | ov_118 | 1.4916432634816514 × 10^280 |
| 119 | ov_119 | 1.117299815749051 × 10^280 |
| 120 | ov_120 | 8.123075998698671 × 10^279 |
| 121 | ov_121 | 5.694133067514684 × 10^279 |
| 122 | ov_122 | 3.8137046627705053 × 10^279 |
| 123 | ov_123 | 2.4093661585073397 × 10^279 |
| 124 | ov_124 | 1.4087139116614575 × 10^279 |
| 125 | ov_125 | 7.393534395842824 × 10^278 |
| 126 | ov_126 | 3.2889339243611904 × 10^278 |
| 127 | aaa_77_28 | 1.0494324074971604 × 10^278 |
| 128 | aaa_77_29 | 3.9298204972119116 × 10^277 |
| 129 | ov_129 | 3.5991874164073742 × 10^277 |
| 130 | ov_130 | 3.599176303705606 × 10^277 |
| 131 | ov_131 | 3.5991736197759944 × 10^277 |
| 132 | ov_132 | 3.1104356205001777 × 10^277 |
| 133 | ov_133 | 2.6738033745662698 × 10^277 |
| 134 | ov_134 | 2.2852902379220576 × 10^277 |
| 135 | ov_135 | 1.9411197637743279 × 10^277 |
| 136 | ov_136 | 1.637710598874134 × 10^277 |
| 137 | ov_137 | 1.3716635613488106 × 10^277 |
| 138 | ov_138 | 1.1397506861913054 × 10^277 |
| 139 | ov_139 | 9.389060352578407 × 10^276 |
| 140 | ov_140 | 7.662180790873816 × 10^276 |
| 141 | ov_141 | 6.189234681100335 × 10^276 |
| 142 | ov_142 | 4.944020209132025 × 10^276 |
| 143 | ov_143 | 3.901727672296665 × 10^276 |
| 144 | ov_144 | 3.038908932353759 × 10^276 |
| 145 | ov_145 | 2.333454466220505 × 10^276 |
| 146 | ov_146 | 1.7645766875696453 × 10^276 |
| 147 | ov_147 | 1.3127983106964726 × 10^276 |
| 148 | ov_148 | 9.59944626181888 × 10^275 |
| 149 | ov_149 | 6.891386559000346 × 10^275 |
| 150 | ov_150 | 4.847982528596549 × 10^275 |
| 151 | ov_151 | 3.3263434930994436 × 10^275 |
| 152 | ov_152 | 2.1964980239704885 × 10^275 |
| 153 | ov_153 | 1.3966890266453765 × 10^275 |
| 154 | ov_154 | 8.227614950433868 × 10^274 |
| 155 | ov_155 | 4.258636747993991 × 10^274 |
| 156 | aaa_76_25 | 1.6359397276979381 × 10^274 |
| 157 | aaa_76_26 | 9.442166431400642 × 10^273 |
| 158 | aaa_76_27 | 4.83040458897163 × 10^273 |
| 159 | aaa_76_28 | 1.879242159105604 × 10^273 |
| 160 | aaa_76_29 | 5.710492490989944 × 10^272 |

### Output Bits Sorted by Complexity

| Rank | Output Bit | Complexity |
|:----:|:----------:|:----------:|
| 160 | aaa_76_29 | 5.710492490989944 × 10^272 |
| 159 | aaa_76_28 | 1.879242159105604 × 10^273 |
| 158 | aaa_76_27 | 4.83040458897163 × 10^273 |
| 157 | aaa_76_26 | 9.442166431400642 × 10^273 |
| 156 | aaa_76_25 | 1.6359397276979381 × 10^274 |
| 155 | ov_155 | 4.258636747993991 × 10^274 |
| 154 | ov_154 | 8.227614950433868 × 10^274 |
| 153 | ov_153 | 1.3966890266453765 × 10^275 |
| 152 | ov_152 | 2.1964980239704885 × 10^275 |
| 151 | ov_151 | 3.3263434930994436 × 10^275 |
| 150 | ov_150 | 4.847982528596549 × 10^275 |
| 149 | ov_149 | 6.891386559000346 × 10^275 |
| 148 | ov_148 | 9.59944626181888 × 10^275 |
| 147 | ov_147 | 1.3127983106964726 × 10^276 |
| 146 | ov_146 | 1.7645766875696453 × 10^276 |
| 145 | ov_145 | 2.333454466220505 × 10^276 |
| 144 | ov_144 | 3.038908932353759 × 10^276 |
| 143 | ov_143 | 3.901727672296665 × 10^276 |
| 142 | ov_142 | 4.944020209132025 × 10^276 |
| 141 | ov_141 | 6.189234681100335 × 10^276 |
| 140 | ov_140 | 7.662180790873816 × 10^276 |
| 139 | ov_139 | 9.389060352578407 × 10^276 |
| 138 | ov_138 | 1.1397506861913054 × 10^277 |
| 137 | ov_137 | 1.3716635613488106 × 10^277 |
| 136 | ov_136 | 1.637710598874134 × 10^277 |
| 135 | ov_135 | 1.9411197637743279 × 10^277 |
| 134 | ov_134 | 2.2852902379220576 × 10^277 |
| 133 | ov_133 | 2.6738033745662698 × 10^277 |
| 132 | ov_132 | 3.1104356205001777 × 10^277 |
| 131 | ov_131 | 3.5991736197759944 × 10^277 |
| 130 | ov_130 | 3.599176303705606 × 10^277 |
| 129 | ov_129 | 3.5991874164073742 × 10^277 |
| 128 | aaa_77_29 | 3.9298204972119116 × 10^277 |
| 127 | aaa_77_28 | 1.0494324074971604 × 10^278 |
| 126 | ov_126 | 3.2889339243611904 × 10^278 |
| 125 | ov_125 | 7.393534395842824 × 10^278 |
| 124 | ov_124 | 1.4087139116614575 × 10^279 |
| 123 | ov_123 | 2.4093661585073397 × 10^279 |
| 122 | ov_122 | 3.8137046627705053 × 10^279 |
| 121 | ov_121 | 5.694133067514684 × 10^279 |
| 120 | ov_120 | 8.123075998698671 × 10^279 |
| 119 | ov_119 | 1.117299815749051 × 10^280 |
| 118 | ov_118 | 1.4916432634816514 × 10^280 |
| 117 | ov_117 | 1.9426021027743588 × 10^280 |
| 116 | ov_116 | 2.477456793732931 × 10^280 |
| 115 | ov_115 | 3.1035112427748836 × 10^280 |
| 114 | ov_114 | 3.828102391202392 × 10^280 |
| 113 | ov_113 | 4.65861299302753 × 10^280 |
| 112 | ov_112 | 5.60248796927255 × 10^280 |
| 111 | ov_111 | 6.667255408250192 × 10^280 |
| 110 | ov_110 | 7.860553281665188 × 10^280 |
| 109 | ov_109 | 9.190162393833438 × 10^280 |
| 108 | ov_108 | 1.0664046082071093 × 10^281 |
| 107 | ov_107 | 1.2290397187545705 × 10^281 |
| 106 | ov_106 | 1.4077692817912963 × 10^281 |
| 105 | ov_105 | 1.6034757426255854 × 10^281 |
| 104 | ov_104 | 1.8170834735610532 × 10^281 |
| 103 | ov_103 | 2.049566904515772 × 10^281 |
| 102 | ov_102 | 2.3019596463471156 × 10^281 |
| 101 | ov_101 | 2.57536466265761 × 10^281 |
| 100 | ov_100 | 2.87096554745347 × 10^281 |
| 99 | ov_099 | 3.1900389680466666 × 10^281 |
| 98 | ov_098 | 3.1900693089631542 × 10^281 |
| 97 | ov_097 | 3.1901644078435512 × 10^281 |
| 96 | aaa_78_29 | 4.829955388711489 × 10^281 |
| 95 | aaa_78_28 | 1.5726240980570516 × 10^282 |
| 94 | ov_094 | 5.0926065170329746 × 10^282 |
| 93 | ov_093 | 1.1888458256603692 × 10^283 |
| 92 | ov_092 | 2.3791394514519123 × 10^283 |
| 91 | ov_091 | 4.31353961070643 × 10^283 |
| 90 | ov_090 | 7.275740262710186 × 10^283 |
| 89 | ov_089 | 1.1599778574191057 × 10^284 |
| 88 | ov_088 | 1.7670131273123448 × 10^284 |
| 87 | ov_087 | 2.6306362832808728 × 10^284 |
| 86 | ov_086 | 3.7994447045062054 × 10^284 |
| 85 | ov_085 | 5.375762510251493 × 10^284 |
| 84 | ov_084 | 7.47222944747332 × 10^284 |
| 83 | ov_083 | 1.0211933749085557 × 10^285 |
| 82 | ov_082 | 1.3728585982977336 × 10^285 |
| 81 | ov_081 | 1.8166739689130756 × 10^285 |
| 80 | ov_080 | 2.3682064606836436 × 10^285 |
| 64 | lv_79_m31 | 2.4269611698636538 × 10^285 |
| 79 | ov_079 | 3.044167830144687 × 10^285 |
| 78 | ov_078 | 3.862454201138574 × 10^285 |
| 77 | ov_077 | 4.8421926552549657 × 10^285 |
| 76 | ov_076 | 6.003795414050046 × 10^285 |
| 75 | ov_075 | 7.369022202317068 × 10^285 |
| 74 | ov_074 | 8.961051386092843 × 10^285 |
| 73 | ov_073 | 1.0804560485013167 × 10^286 |
| 63 | ov_063 | 1.2470271826943077 × 10^286 |
| 72 | ov_072 | 1.2925816666483338 × 10^286 |
| 71 | ov_071 | 1.5352777839380555 × 10^286 |
| 70 | ov_070 | 1.8115204978172484 × 10^286 |
| 69 | ov_069 | 2.124478632498174 × 10^286 |
| 68 | ov_068 | 2.477527413785215 × 10^286 |
| 67 | ov_067 | 2.8742634678923624 × 10^286 |
| 66 | ov_066 | 2.8742657927266693 × 10^286 |
| 65 | ov_065 | 2.8742752911570186 × 10^286 |
| 62 | ov_062 | 6.406037727163042 × 10^286 |
| 61 | ov_061 | 2.337944098438323 × 10^287 |
| 60 | ov_060 | 6.700731458413095 × 10^287 |
| 59 | ov_059 | 1.6187241566684752 × 10^288 |
| 58 | ov_058 | 3.288297752931194 × 10^288 |
| 57 | ov_057 | 5.945758462048979 × 10^288 |
| 56 | ov_056 | 9.916487665929702 × 10^288 |
| 55 | ov_055 | 1.5584290754885836 × 10^289 |
| 54 | ov_054 | 2.3391412543669694 × 10^289 |
| 53 | ov_053 | 3.383856629588444 × 10^289 |
| 52 | ov_052 | 4.798569694558611 × 10^289 |
| 51 | ov_051 | 6.700986646852357 × 10^289 |
| 50 | ov_050 | 9.220545595664213 × 10^289 |
| 49 | ov_049 | 1.2498446429236257 × 10^290 |
| 48 | ov_048 | 1.6687693601122036 × 10^290 |
| 47 | ov_047 | 2.1953156267479626 × 10^290 |
| 32 | lv_80_m31 | 2.6937867831334135 × 10^290 |
| 46 | ov_046 | 2.8471651099785586 × 10^290 |
| 45 | ov_045 | 3.6432054246635885 × 10^290 |
| 44 | ov_044 | 4.603545061046605 × 10^290 |
| 43 | ov_043 | 5.749532987143746 × 10^290 |
| 42 | ov_042 | 7.103783953444836 × 10^290 |
| 41 | ov_041 | 8.690210613483584 × 10^290 |
| 40 | ov_040 | 1.0521778382034729 × 10^291 |
| 39 | ov_039 | 1.2612160027033085 × 10^291 |
| 31 | ov_031 | 1.381665115159511 × 10^291 |
| 38 | ov_038 | 1.4989441361017873 × 10^291 |
| 37 | ov_037 | 1.7683228144383425 × 10^291 |
| 36 | ov_036 | 2.0724732162533812 × 10^291 |
| 35 | ov_035 | 2.4146872750387577 × 10^291 |
| 34 | ov_034 | 2.798439556328126 × 10^291 |
| 33 | ov_033 | 3.2274010510226214 × 10^291 |
| 30 | ov_030 | 7.08547612739151 × 10^291 |
| 29 | ov_029 | 2.3182895520349236 × 10^292 |
| 28 | ov_028 | 6.018044064706811 × 10^292 |
| 27 | ov_027 | 1.3453074012194692 × 10^293 |
| 26 | ov_026 | 2.6906151024161827 × 10^293 |
| 25 | ov_025 | 4.929756291385879 × 10^293 |
| 24 | ov_024 | 8.418514198190092 × 10^293 |
| 23 | ov_023 | 1.3932218006275806 × 10^294 |
| 22 | ov_022 | 2.1954196303545727 × 10^294 |
| 21 | ov_021 | 3.3514928934376304 × 10^294 |
| 20 | ov_020 | 4.977261053637843 × 10^294 |
| 19 | ov_019 | 7.201332955350975 × 10^294 |
| 18 | ov_018 | 1.0165134046673486 × 10^295 |
| 17 | ov_017 | 1.4022945761074642 × 10^295 |
| 16 | ov_016 | 1.8941960362014303 × 10^295 |
| 15 | ov_015 | 2.510235552323373 × 10^295 |
| 14 | ov_014 | 3.269739494611212 × 10^295 |
| 13 | ov_013 | 4.1933563520324125 × 10^295 |
| 12 | ov_012 | 5.303074691420053 × 10^295 |
| 11 | ov_011 | 6.622246642117709 × 10^295 |
| 10 | ov_010 | 8.175618083168263 × 10^295 |
| 9 | ov_009 | 9.989366804699845 × 10^295 |
| 8 | ov_008 | 1.2091150010463897 × 10^296 |
| 7 | ov_007 | 1.4510162624575836 × 10^296 |
| 6 | ov_006 | 1.7277207962667007 × 10^296 |
| 5 | ov_005 | 2.0424782426215713 × 10^296 |
| 4 | ov_004 | 2.3987175979202043 × 10^296 |
| 3 | ov_003 | 2.80005901460755 × 10^296 |
| 2 | ov_002 | 3.2503275000277384 × 10^296 |
| 1 | ov_001 | 3.75356864624741 × 10^296 |

