# Results for F001-F002-F003-F004-F005-F006-F007-F008-F009-F010-F011-F012-F013-F014-F015-F016-F017-F018-F019-F020-F021-F022-F023-F024-F025-F026-F027-F028-F029-F030-F031-F032-F033-F034-F035-F036-F037-F038-F039-F040-F041-F042-F043-F044-F045-F046-F047-F048-F049-F050-F051-F052-F053-F054-F055-F056-F057-F058-F059-F060-F061-F062-F063-F064-F065-F066-F067-F068-F069-F070-F071-F072-F073-F074-F075-F076-F077-F078-F079-F080-F081-F082-F083-F084-F085-F086-F087-F088-F089-F090-F091-F092-F093-F094-F095-F096-F097-F098-F099-F100-F101-F102-F103-F104-F105-F106-F107-F108-F109-F110-F111-F112-F113-F114-F115-F116-F117-F118-F119-F120-F121-F122-F123-F124-F125-F126-F127-F128-F129-F130-F131-F132-F133-F134-F135-F136-F137-F138-F139-F140-F141-F142-F143-F144-F145-F146-F147-F148-F149-F150-F151-F152-F153-F154-F155-F156-F157-F158-F159-F160-F161-F162-F163-F164-F165-F166-F167-F168-F169-F170-F171-F172-F173-F174-F175-F176-F177-F178-F179-F180-F181-F182-F183-F184-F185-F186-F187-F188-F189-F190-F191-F192-F193-F194-F195-F196-F197-F198-F199-F200-F201-F202-F203-F204-F205-F206-F207-F208-F209-F210-F211-F212-F213-F214-F215-F216-F217-F218-F219-F220-F221-F222-F223-F224-F225-F226-F227-F228-F229-F230-F231-F232-F233-F234-F235-F236-F237-F238-F239-F240-F241-F242-F243-F244-F245-F246-F247-F248-F249-F250-F251-F252-F253-F254-F255-F256-F257-F258-F259-F260-F261-F262-F263-F264-F265-F266-F267-F268-F269-F270-F271-F272-F273-F274-F275-F276-F277-F278-F279-F280-F281-F282-F283-F284-F285-F286-F287-F288-F289-F290-F291-F292-F293-F294-F295-F296-F297-F298-F299-F300-F301-F302-F303-F304-F305-F306-F307-F308-F309-F310-F311-F312-F313-F314-F315-F316-F317-F318-F319-F320-F321-F322-F323-F324-F325-F326-F327-F328-F329-F330-F331-F332-F333-F334-F335-F336-F337-F338-F339-F340-F341-F342-F343-F344-F345-F346-F347-F348-F349-F350-F351-F352-F353-F354-F355-F356-F357-F358-F359-F360-F361-F362-F363-F364-F365-F366-F367-F368-F369-F370-F371-F372-F373-F374-F375-F376-F377-F378-F379-F380-F381-F382-F383-F384-F385-F386-F387-F388-F389-F390-F391-F392-F393-F394-F395-F396-F397-F398-F399-F400-F401-F402-F403-F404-F405-F406-F407-F408-F409-F410-F411-F412-F413-F414-F415-F416-F417-F418-F419-F420-F421-F422-F423-F424-F425-F426-F427-F428-F429-F430-F431-F432-F433-F434-F435-F436-F437-F438-F439-F440-F441-F442-F443-F444-F445-F446-F447-F448-F449-F450-F451-F452-F453-F454-F455-F456-F457-F458-F459-F460-F461-F462-F463-F464-F465-F466-F467-F468-F469-F470-F471-F472-F473-F474-F475-F476-F477-F478-F479-F480-F481-F482-F483-F484-F485-F486-F487-F488-F489-F490-F491-F492-F493-F494-F495-F496-E499505-F503-E504506-F509-F510-F511-F512

## Summary

Number of input bits: 512  
Number of free input bits: 9  
Number of output bits: 160

Number of direct occurrences: 36658  
Number of assignments: 30920  
Number of operations: 10804374
(xor: 10776424,
and: 14733,
or: 13217)

Total complexity: 1.6595343827513904 × 10^297

Least occurring input variable: iv_498 (3896)  
Most occurring input variable: iv_508 (4145)

Most co-occurring input variables: iv_501-iv_502 (2031)  
Least co-occurring input variables: iv_498-iv_504 (1780)

Potentially most occurring input variable: iv_498/iv_504 (4414)  
Potentially least occurring input variable: iv_501/iv_502 (4069)

Least output occurring input variable: iv_499 (57)  
Most output occurring input variable: iv_497 (93)

Most output co-occurring input variables: iv_497-iv_498 (50)  
Least output co-occurring input variables: iv_499-iv_501 (25)

Potentially most output occurring input variable: iv_500/iv_502 (95)  
Potentially least output occurring input variable: iv_499/iv_508 (68)

Least complex input bit: iv_497 (7.369310240160843 × 10^294)  
Most complex input bit: iv_504 (3.881334429114659 × 10^296)

Least complex output bit: aaa_76_29 (3.842211955426682 × 10^272)  
Most complex output bit: ov_001 (2.6548191212448354 × 10^296)

Least complex input/output complexity: iv_497/aaa_76_29 (1.7061684411172533 × 10^270)  
Most complex input/output complexity: iv_504/ov_001 (6.209115620295736 × 10^295)

## Input Bits

### Input Bits in Regular Order

| Input Bit | Complexity | Occurrences | Output Occurrences |
|:---------:|:----------:|:-----------:|:------------------:|
| iv_497 | 7.369310240160843 × 10^294 | 4089 | 93 |
| iv_498 | 1.4747156045496354 × 10^295 | 3896 | 88 |
| iv_499 | 3.4624212513773427 × 10^296 | 4127 | 57 |
| iv_500 | 4.383493500295501 × 10^295 | 4054 | 76 |
| iv_501 | 7.215378648429107 × 10^295 | 4041 | 83 |
| iv_502 | 1.1631876648915992 × 10^296 | 4090 | 83 |
| iv_504 | 3.881334429114659 × 10^296 | 4078 | 76 |
| iv_507 | 3.1069103001355758 × 10^296 | 4138 | 76 |
| iv_508 | 3.6004383042657014 × 10^296 | 4145 | 81 |

### Input Bits Sorted by Complexity

| Input Bit | Complexity | Occurrences | Output Occurrences |
|:---------:|:----------:|:-----------:|:------------------:|
| iv_497 | 7.369310240160843 × 10^294 | 4089 | 93 |
| iv_498 | 1.4747156045496354 × 10^295 | 3896 | 88 |
| iv_500 | 4.383493500295501 × 10^295 | 4054 | 76 |
| iv_501 | 7.215378648429107 × 10^295 | 4041 | 83 |
| iv_502 | 1.1631876648915992 × 10^296 | 4090 | 83 |
| iv_507 | 3.1069103001355758 × 10^296 | 4138 | 76 |
| iv_499 | 3.4624212513773427 × 10^296 | 4127 | 57 |
| iv_508 | 3.6004383042657014 × 10^296 | 4145 | 81 |
| iv_504 | 3.881334429114659 × 10^296 | 4078 | 76 |

### Input Bits Sorted by Occurrences

| Input Bit | Complexity | Occurrences | Output Occurrences |
|:---------:|:----------:|:-----------:|:------------------:|
| iv_498 | 1.4747156045496354 × 10^295 | 3896 | 88 |
| iv_501 | 7.215378648429107 × 10^295 | 4041 | 83 |
| iv_500 | 4.383493500295501 × 10^295 | 4054 | 76 |
| iv_504 | 3.881334429114659 × 10^296 | 4078 | 76 |
| iv_497 | 7.369310240160843 × 10^294 | 4089 | 93 |
| iv_502 | 1.1631876648915992 × 10^296 | 4090 | 83 |
| iv_499 | 3.4624212513773427 × 10^296 | 4127 | 57 |
| iv_507 | 3.1069103001355758 × 10^296 | 4138 | 76 |
| iv_508 | 3.6004383042657014 × 10^296 | 4145 | 81 |

### Input Bits Sorted by Output Occurrences

| Input Bit | Complexity | Occurrences | Output Occurrences |
|:---------:|:----------:|:-----------:|:------------------:|
| iv_499 | 3.4624212513773427 × 10^296 | 4127 | 57 |
| iv_504 | 3.881334429114659 × 10^296 | 4078 | 76 |
| iv_500 | 4.383493500295501 × 10^295 | 4054 | 76 |
| iv_507 | 3.1069103001355758 × 10^296 | 4138 | 76 |
| iv_508 | 3.6004383042657014 × 10^296 | 4145 | 81 |
| iv_501 | 7.215378648429107 × 10^295 | 4041 | 83 |
| iv_502 | 1.1631876648915992 × 10^296 | 4090 | 83 |
| iv_498 | 1.4747156045496354 × 10^295 | 3896 | 88 |
| iv_497 | 7.369310240160843 × 10^294 | 4089 | 93 |

## Input Bit Co-occurrences

### Input Bit Co-occurrences Sorted by Co-occurrences

| Input Bits | Co-occurrences | Potential Occurrences | Output Co-occurrences | Potential Output Occurrences |
|:----------:|:--------------:|:---------------------:|:---------------------:|:----------------------------:|
| iv_501-iv_502 | 2031 | 4069 | 43 | 80 |
| iv_497-iv_507 | 2018 | 4191 | 44 | 81 |
| iv_507-iv_508 | 2013 | 4257 | 43 | 71 |
| iv_497-iv_501 | 1980 | 4170 | 48 | 80 |
| iv_497-iv_502 | 1980 | 4219 | 49 | 78 |
| iv_502-iv_507 | 1974 | 4280 | 38 | 83 |
| iv_500-iv_502 | 1971 | 4202 | 32 | 95 |
| iv_497-iv_500 | 1961 | 4221 | 39 | 91 |
| iv_499-iv_508 | 1960 | 4352 | 35 | 68 |

### Input Bit Co-occurrences Sorted by Potential Occurrences

| Input Bits | Co-occurrences | Potential Occurrences | Output Co-occurrences | Potential Output Occurrences |
|:----------:|:--------------:|:---------------------:|:---------------------:|:----------------------------:|
| iv_501-iv_502 | 2031 | 4069 | 43 | 80 |
| iv_497-iv_501 | 1980 | 4170 | 48 | 80 |
| iv_497-iv_507 | 2018 | 4191 | 44 | 81 |
| iv_500-iv_502 | 1971 | 4202 | 32 | 95 |
| iv_500-iv_501 | 1943 | 4209 | 41 | 77 |
| iv_498-iv_500 | 1870 | 4210 | 39 | 86 |
| iv_497-iv_502 | 1980 | 4219 | 49 | 78 |
| iv_497-iv_500 | 1961 | 4221 | 39 | 91 |
| iv_498-iv_501 | 1843 | 4251 | 48 | 75 |

### Input Bit Output Co-occurrences Sorted by Output Co-occurrences

| Input Bits | Co-occurrences | Potential Occurrences | Output Co-occurrences | Potential Output Occurrences |
|:----------:|:--------------:|:---------------------:|:---------------------:|:----------------------------:|
| iv_497-iv_498 | 1867 | 4251 | 50 | 81 |
| iv_497-iv_502 | 1980 | 4219 | 49 | 78 |
| iv_498-iv_501 | 1843 | 4251 | 48 | 75 |
| iv_497-iv_501 | 1980 | 4170 | 48 | 80 |
| iv_497-iv_508 | 1929 | 4376 | 46 | 82 |
| iv_498-iv_508 | 1837 | 4367 | 45 | 79 |
| iv_498-iv_502 | 1843 | 4300 | 44 | 83 |
| iv_497-iv_507 | 2018 | 4191 | 44 | 81 |
| iv_501-iv_502 | 2031 | 4069 | 43 | 80 |

### Input Bit Output Co-occurrences Sorted by Potential Output Occurrences

| Input Bits | Co-occurrences | Potential Occurrences | Output Co-occurrences | Potential Output Occurrences |
|:----------:|:--------------:|:---------------------:|:---------------------:|:----------------------------:|
| iv_499-iv_508 | 1960 | 4352 | 35 | 68 |
| iv_507-iv_508 | 2013 | 4257 | 43 | 71 |
| iv_498-iv_499 | 1807 | 4409 | 36 | 73 |
| iv_499-iv_504 | 1942 | 4321 | 30 | 73 |
| iv_498-iv_501 | 1843 | 4251 | 48 | 75 |
| iv_499-iv_507 | 1959 | 4347 | 29 | 75 |
| iv_504-iv_507 | 1912 | 4392 | 38 | 76 |
| iv_500-iv_501 | 1943 | 4209 | 41 | 77 |
| iv_501-iv_507 | 1917 | 4345 | 41 | 77 |

## Output Bits

### Output Bits in Regular Order

| Rank | Output Bit | Complexity |
|:----:|:----------:|:----------:|
| 1 | ov_001 | 2.6548191212448354 × 10^296 |
| 2 | ov_002 | 2.3022647718706852 × 10^296 |
| 3 | ov_003 | 1.9864542220552277 × 10^296 |
| 4 | ov_004 | 1.7046016209340538 × 10^296 |
| 5 | ov_005 | 1.4540730131572977 × 10^296 |
| 6 | ov_006 | 1.2323755620019005 × 10^296 |
| 7 | ov_007 | 1.0371481682808125 × 10^296 |
| 8 | ov_008 | 8.661533914241483 × 10^295 |
| 9 | ov_009 | 7.172705684804811 × 10^295 |
| 10 | ov_010 | 5.8849000766335 × 10^295 |
| 11 | ov_011 | 4.779081316497196 × 10^295 |
| 12 | ov_012 | 3.8372345296548894 × 10^295 |
| 13 | ov_013 | 3.0423327078796735 × 10^295 |
| 14 | ov_014 | 2.3783099102382247 × 10^295 |
| 15 | ov_015 | 1.8300398960871396 × 10^295 |
| 16 | ov_016 | 1.383319457322798 × 10^295 |
| 17 | ov_017 | 1.024855671351518 × 10^295 |
| 18 | ov_018 | 7.422563067483423 × 10^294 |
| 19 | ov_019 | 5.2402268023313784 × 10^294 |
| 20 | ov_020 | 3.5954436148822234 × 10^294 |
| 21 | ov_021 | 2.3909527875293157 × 10^294 |
| 22 | ov_022 | 1.538309220477355 × 10^294 |
| 23 | ov_023 | 9.578640957498442 × 10^293 |
| 24 | ov_024 | 5.78752159999506 × 10^293 |
| 25 | ov_025 | 3.3888394465530914 × 10^293 |
| 26 | ov_026 | 1.849415054331456 × 10^293 |
| 27 | ov_027 | 9.24583974049784 × 10^292 |
| 28 | ov_028 | 4.1352641640603656 × 10^292 |
| 29 | ov_029 | 1.592652385788985 × 10^292 |
| 30 | ov_030 | 4.866541651781813 × 10^291 |
| 31 | ov_031 | 9.487294104370905 × 10^290 |
| 32 | lv_80_m31 | 1.8492365039575178 × 10^290 |
| 33 | ov_033 | 2.2210884361261777 × 10^291 |
| 34 | ov_034 | 1.926423978568204 × 10^291 |
| 35 | ov_035 | 1.6620199684492696 × 10^291 |
| 36 | ov_036 | 1.426535194069941 × 10^291 |
| 37 | ov_037 | 1.2175003852789205 × 10^291 |
| 38 | ov_038 | 1.0325767348671001 × 10^291 |
| 39 | ov_039 | 8.695473742693294 × 10^290 |
| 40 | ov_040 | 7.2631006742137 × 10^290 |
| 41 | ov_041 | 6.008709982144951 × 10^290 |
| 42 | ov_042 | 4.922596515954469 × 10^290 |
| 43 | ov_043 | 3.995559106318732 × 10^290 |
| 44 | ov_044 | 3.210631700073836 × 10^290 |
| 45 | ov_045 | 2.5517710010298137 × 10^290 |
| 46 | ov_046 | 2.003832906261592 × 10^290 |
| 47 | ov_047 | 1.5525539023258902 × 10^290 |
| 48 | ov_048 | 1.1845366504285556 × 10^290 |
| 49 | ov_049 | 8.872390490832845 × 10^289 |
| 50 | ov_050 | 6.5460268573668 × 10^289 |
| 51 | ov_051 | 4.757738238029062 × 10^289 |
| 52 | ov_052 | 3.407357736433904 × 10^289 |
| 53 | ov_053 | 2.4030593041774315 × 10^289 |
| 54 | ov_054 | 1.661337063403117 × 10^289 |
| 55 | ov_055 | 1.1069913171774333 × 10^289 |
| 56 | ov_056 | 7.04497373727122 × 10^288 |
| 57 | ov_057 | 4.224773961427795 × 10^288 |
| 58 | ov_058 | 2.3369839309166973 × 10^288 |
| 59 | ov_059 | 1.1507115162353919 × 10^288 |
| 60 | ov_060 | 4.764974194079567 × 10^287 |
| 61 | ov_061 | 1.6631334808507351 × 10^287 |
| 62 | ov_062 | 4.558714541478093 × 10^286 |
| 63 | ov_063 | 8.877769565797626 × 10^285 |
| 64 | lv_79_m31 | 1.7284995619238466 × 10^285 |
| 65 | ov_065 | 2.0532521246583022 × 10^286 |
| 66 | ov_066 | 2.0532455496797857 × 10^286 |
| 67 | ov_067 | 2.0532439404246604 × 10^286 |
| 68 | ov_068 | 1.7725401024074857 × 10^286 |
| 69 | ov_069 | 1.5223841011444934 × 10^286 |
| 70 | ov_070 | 1.300285915105626 × 10^286 |
| 71 | ov_071 | 1.1039087838999457 × 10^286 |
| 72 | ov_072 | 9.310588274968277 × 10^285 |
| 73 | ov_073 | 7.796755821104789 × 10^285 |
| 74 | ov_074 | 6.478234045586588 × 10^285 |
| 75 | ov_075 | 5.3368369871359553 × 10^285 |
| 76 | ov_076 | 4.355479191393556 × 10^285 |
| 77 | ov_077 | 3.518113081988228 × 10^285 |
| 78 | ov_078 | 2.809673238556726 × 10^285 |
| 79 | ov_079 | 2.216027161301476 × 10^285 |
| 80 | ov_080 | 1.7239321072712553 × 10^285 |
| 81 | ov_081 | 1.3209975877319002 × 10^285 |
| 82 | ov_082 | 9.956531190563284 × 10^284 |
| 83 | ov_083 | 7.37120821769469 × 10^284 |
| 84 | ov_084 | 5.353924639561474 × 10^284 |
| 85 | ov_085 | 3.8121054634703874 × 10^284 |
| 86 | ov_086 | 2.660530271581419 × 10^284 |
| 87 | ov_087 | 1.8212128526084986 × 10^284 |
| 88 | ov_088 | 1.2233092057322357 × 10^284 |
| 89 | ov_089 | 8.030499074571896 × 10^283 |
| 90 | ov_090 | 5.036928331160754 × 10^283 |
| 91 | ov_091 | 2.9861898218646707 × 10^283 |
| 92 | ov_092 | 1.647015976700628 × 10^283 |
| 93 | ov_093 | 8.22994874675662 × 10^282 |
| 94 | ov_094 | 3.525374243525277 × 10^282 |
| 95 | aaa_78_28 | 1.0886396420781567 × 10^282 |
| 96 | aaa_78_29 | 3.3434408217948095 × 10^281 |
| 97 | ov_097 | 2.2083075655280665 × 10^281 |
| 98 | ov_098 | 2.2082415460016644 × 10^281 |
| 99 | ov_099 | 2.208220469118217 × 10^281 |
| 100 | ov_100 | 1.9872676131675873 × 10^281 |
| 101 | ov_101 | 1.7825932651820133 × 10^281 |
| 102 | ov_102 | 1.5933077943328197 × 10^281 |
| 103 | ov_103 | 1.4185864811154813 × 10^281 |
| 104 | ov_104 | 1.2576609683686362 × 10^281 |
| 105 | ov_105 | 1.1098114989818002 × 10^281 |
| 106 | ov_106 | 9.743599002369957 × 10^280 |
| 107 | ov_107 | 8.50663276063774 × 10^280 |
| 108 | ov_108 | 7.381083695428846 × 10^280 |
| 109 | ov_109 | 6.361065588147106 × 10^280 |
| 110 | ov_110 | 5.440894501725022 × 10^280 |
| 111 | ov_111 | 4.615050325819276 × 10^280 |
| 112 | ov_112 | 3.878143581967602 × 10^280 |
| 113 | ov_113 | 3.224887136622152 × 10^280 |
| 114 | ov_114 | 2.6500724713880916 × 10^280 |
| 115 | ov_115 | 2.1485501606587663 × 10^280 |
| 116 | ov_116 | 1.7152142073647155 × 10^280 |
| 117 | ov_117 | 1.3449898878932865 × 10^280 |
| 118 | ov_118 | 1.0328247574694993 × 10^280 |
| 119 | ov_119 | 7.736821812931503 × 10^279 |
| 120 | ov_120 | 5.625365142238934 × 10^279 |
| 121 | ov_121 | 3.943694251169381 × 10^279 |
| 122 | ov_122 | 2.6416719163717233 × 10^279 |
| 123 | ov_123 | 1.6691879138674898 × 10^279 |
| 124 | ov_124 | 9.761461518368086 × 10^278 |
| 125 | ov_125 | 5.124567059144939 × 10^278 |
| 126 | ov_126 | 2.280317601335808 × 10^278 |
| 127 | aaa_77_28 | 7.278405042336613 × 10^277 |
| 128 | aaa_77_29 | 2.726863873549745 × 10^277 |
| 129 | ov_129 | 2.5076374566184256 × 10^277 |
| 130 | ov_130 | 2.5076299828857316 × 10^277 |
| 131 | ov_131 | 2.5076281788354045 × 10^277 |
| 132 | ov_132 | 2.1702705419873035 × 10^277 |
| 133 | ov_133 | 1.8684547069389089 × 10^277 |
| 134 | ov_134 | 1.5994918157506276 × 10^277 |
| 135 | ov_135 | 1.3608342207282298 × 10^277 |
| 136 | ov_136 | 1.1500653862362645 × 10^277 |
| 137 | ov_137 | 9.648912696035598 × 10^276 |
| 138 | ov_138 | 8.031330321771163 × 10^276 |
| 139 | ov_139 | 6.627209390791891 × 10^276 |
| 140 | ov_140 | 5.416893135242163 × 10^276 |
| 141 | ov_141 | 4.381724187049413 × 10^276 |
| 142 | ov_142 | 3.504011472998438 × 10^276 |
| 143 | ov_143 | 2.7670040561863923 × 10^276 |
| 144 | ov_144 | 2.1548708631434474 × 10^276 |
| 145 | ov_145 | 1.6526853046801207 × 10^276 |
| 146 | ov_146 | 1.2464139162425937 × 10^276 |
| 147 | ov_147 | 9.229083102938311 × 10^275 |
| 148 | ov_148 | 6.698998015415587 × 10^275 |
| 149 | ov_149 | 4.759960357310494 × 10^275 |
| 150 | ov_150 | 3.3067897172208564 × 10^275 |
| 151 | ov_151 | 2.243036625641596 × 10^275 |
| 152 | ov_152 | 1.4809745236279517 × 10^275 |
| 153 | ov_153 | 9.415940701749736 × 10^274 |
| 154 | ov_154 | 5.54599169216186 × 10^274 |
| 155 | ov_155 | 2.870196733167635 × 10^274 |
| 156 | aaa_76_25 | 1.1024030679013558 × 10^274 |
| 157 | aaa_76_26 | 6.36082748039653 × 10^273 |
| 158 | aaa_76_27 | 3.252939379471877 × 10^273 |
| 159 | aaa_76_28 | 1.264981124189004 × 10^273 |
| 160 | aaa_76_29 | 3.842211955426682 × 10^272 |

### Output Bits Sorted by Complexity

| Rank | Output Bit | Complexity |
|:----:|:----------:|:----------:|
| 160 | aaa_76_29 | 3.842211955426682 × 10^272 |
| 159 | aaa_76_28 | 1.264981124189004 × 10^273 |
| 158 | aaa_76_27 | 3.252939379471877 × 10^273 |
| 157 | aaa_76_26 | 6.36082748039653 × 10^273 |
| 156 | aaa_76_25 | 1.1024030679013558 × 10^274 |
| 155 | ov_155 | 2.870196733167635 × 10^274 |
| 154 | ov_154 | 5.54599169216186 × 10^274 |
| 153 | ov_153 | 9.415940701749736 × 10^274 |
| 152 | ov_152 | 1.4809745236279517 × 10^275 |
| 151 | ov_151 | 2.243036625641596 × 10^275 |
| 150 | ov_150 | 3.3067897172208564 × 10^275 |
| 149 | ov_149 | 4.759960357310494 × 10^275 |
| 148 | ov_148 | 6.698998015415587 × 10^275 |
| 147 | ov_147 | 9.229083102938311 × 10^275 |
| 146 | ov_146 | 1.2464139162425937 × 10^276 |
| 145 | ov_145 | 1.6526853046801207 × 10^276 |
| 144 | ov_144 | 2.1548708631434474 × 10^276 |
| 143 | ov_143 | 2.7670040561863923 × 10^276 |
| 142 | ov_142 | 3.504011472998438 × 10^276 |
| 141 | ov_141 | 4.381724187049413 × 10^276 |
| 140 | ov_140 | 5.416893135242163 × 10^276 |
| 139 | ov_139 | 6.627209390791891 × 10^276 |
| 138 | ov_138 | 8.031330321771163 × 10^276 |
| 137 | ov_137 | 9.648912696035598 × 10^276 |
| 136 | ov_136 | 1.1500653862362645 × 10^277 |
| 135 | ov_135 | 1.3608342207282298 × 10^277 |
| 134 | ov_134 | 1.5994918157506276 × 10^277 |
| 133 | ov_133 | 1.8684547069389089 × 10^277 |
| 132 | ov_132 | 2.1702705419873035 × 10^277 |
| 131 | ov_131 | 2.5076281788354045 × 10^277 |
| 130 | ov_130 | 2.5076299828857316 × 10^277 |
| 129 | ov_129 | 2.5076374566184256 × 10^277 |
| 128 | aaa_77_29 | 2.726863873549745 × 10^277 |
| 127 | aaa_77_28 | 7.278405042336613 × 10^277 |
| 126 | ov_126 | 2.280317601335808 × 10^278 |
| 125 | ov_125 | 5.124567059144939 × 10^278 |
| 124 | ov_124 | 9.761461518368086 × 10^278 |
| 123 | ov_123 | 1.6691879138674898 × 10^279 |
| 122 | ov_122 | 2.6416719163717233 × 10^279 |
| 121 | ov_121 | 3.943694251169381 × 10^279 |
| 120 | ov_120 | 5.625365142238934 × 10^279 |
| 119 | ov_119 | 7.736821812931503 × 10^279 |
| 118 | ov_118 | 1.0328247574694993 × 10^280 |
| 117 | ov_117 | 1.3449898878932865 × 10^280 |
| 116 | ov_116 | 1.7152142073647155 × 10^280 |
| 115 | ov_115 | 2.1485501606587663 × 10^280 |
| 114 | ov_114 | 2.6500724713880916 × 10^280 |
| 113 | ov_113 | 3.224887136622152 × 10^280 |
| 112 | ov_112 | 3.878143581967602 × 10^280 |
| 111 | ov_111 | 4.615050325819276 × 10^280 |
| 110 | ov_110 | 5.440894501725022 × 10^280 |
| 109 | ov_109 | 6.361065588147106 × 10^280 |
| 108 | ov_108 | 7.381083695428846 × 10^280 |
| 107 | ov_107 | 8.50663276063774 × 10^280 |
| 106 | ov_106 | 9.743599002369957 × 10^280 |
| 105 | ov_105 | 1.1098114989818002 × 10^281 |
| 104 | ov_104 | 1.2576609683686362 × 10^281 |
| 103 | ov_103 | 1.4185864811154813 × 10^281 |
| 102 | ov_102 | 1.5933077943328197 × 10^281 |
| 101 | ov_101 | 1.7825932651820133 × 10^281 |
| 100 | ov_100 | 1.9872676131675873 × 10^281 |
| 99 | ov_099 | 2.208220469118217 × 10^281 |
| 98 | ov_098 | 2.2082415460016644 × 10^281 |
| 97 | ov_097 | 2.2083075655280665 × 10^281 |
| 96 | aaa_78_29 | 3.3434408217948095 × 10^281 |
| 95 | aaa_78_28 | 1.0886396420781567 × 10^282 |
| 94 | ov_094 | 3.525374243525277 × 10^282 |
| 93 | ov_093 | 8.22994874675662 × 10^282 |
| 92 | ov_092 | 1.647015976700628 × 10^283 |
| 91 | ov_091 | 2.9861898218646707 × 10^283 |
| 90 | ov_090 | 5.036928331160754 × 10^283 |
| 89 | ov_089 | 8.030499074571896 × 10^283 |
| 88 | ov_088 | 1.2233092057322357 × 10^284 |
| 87 | ov_087 | 1.8212128526084986 × 10^284 |
| 86 | ov_086 | 2.660530271581419 × 10^284 |
| 85 | ov_085 | 3.8121054634703874 × 10^284 |
| 84 | ov_084 | 5.353924639561474 × 10^284 |
| 83 | ov_083 | 7.37120821769469 × 10^284 |
| 82 | ov_082 | 9.956531190563284 × 10^284 |
| 81 | ov_081 | 1.3209975877319002 × 10^285 |
| 80 | ov_080 | 1.7239321072712553 × 10^285 |
| 64 | lv_79_m31 | 1.7284995619238466 × 10^285 |
| 79 | ov_079 | 2.216027161301476 × 10^285 |
| 78 | ov_078 | 2.809673238556726 × 10^285 |
| 77 | ov_077 | 3.518113081988228 × 10^285 |
| 76 | ov_076 | 4.355479191393556 × 10^285 |
| 75 | ov_075 | 5.3368369871359553 × 10^285 |
| 74 | ov_074 | 6.478234045586588 × 10^285 |
| 73 | ov_073 | 7.796755821104789 × 10^285 |
| 63 | ov_063 | 8.877769565797626 × 10^285 |
| 72 | ov_072 | 9.310588274968277 × 10^285 |
| 71 | ov_071 | 1.1039087838999457 × 10^286 |
| 70 | ov_070 | 1.300285915105626 × 10^286 |
| 69 | ov_069 | 1.5223841011444934 × 10^286 |
| 68 | ov_068 | 1.7725401024074857 × 10^286 |
| 67 | ov_067 | 2.0532439404246604 × 10^286 |
| 66 | ov_066 | 2.0532455496797857 × 10^286 |
| 65 | ov_065 | 2.0532521246583022 × 10^286 |
| 62 | ov_062 | 4.558714541478093 × 10^286 |
| 61 | ov_061 | 1.6631334808507351 × 10^287 |
| 60 | ov_060 | 4.764974194079567 × 10^287 |
| 59 | ov_059 | 1.1507115162353919 × 10^288 |
| 58 | ov_058 | 2.3369839309166973 × 10^288 |
| 57 | ov_057 | 4.224773961427795 × 10^288 |
| 56 | ov_056 | 7.04497373727122 × 10^288 |
| 55 | ov_055 | 1.1069913171774333 × 10^289 |
| 54 | ov_054 | 1.661337063403117 × 10^289 |
| 53 | ov_053 | 2.4030593041774315 × 10^289 |
| 52 | ov_052 | 3.407357736433904 × 10^289 |
| 51 | ov_051 | 4.757738238029062 × 10^289 |
| 50 | ov_050 | 6.5460268573668 × 10^289 |
| 49 | ov_049 | 8.872390490832845 × 10^289 |
| 48 | ov_048 | 1.1845366504285556 × 10^290 |
| 47 | ov_047 | 1.5525539023258902 × 10^290 |
| 32 | lv_80_m31 | 1.8492365039575178 × 10^290 |
| 46 | ov_046 | 2.003832906261592 × 10^290 |
| 45 | ov_045 | 2.5517710010298137 × 10^290 |
| 44 | ov_044 | 3.210631700073836 × 10^290 |
| 43 | ov_043 | 3.995559106318732 × 10^290 |
| 42 | ov_042 | 4.922596515954469 × 10^290 |
| 41 | ov_041 | 6.008709982144951 × 10^290 |
| 40 | ov_040 | 7.2631006742137 × 10^290 |
| 39 | ov_039 | 8.695473742693294 × 10^290 |
| 31 | ov_031 | 9.487294104370905 × 10^290 |
| 38 | ov_038 | 1.0325767348671001 × 10^291 |
| 37 | ov_037 | 1.2175003852789205 × 10^291 |
| 36 | ov_036 | 1.426535194069941 × 10^291 |
| 35 | ov_035 | 1.6620199684492696 × 10^291 |
| 34 | ov_034 | 1.926423978568204 × 10^291 |
| 33 | ov_033 | 2.2210884361261777 × 10^291 |
| 30 | ov_030 | 4.866541651781813 × 10^291 |
| 29 | ov_029 | 1.592652385788985 × 10^292 |
| 28 | ov_028 | 4.1352641640603656 × 10^292 |
| 27 | ov_027 | 9.24583974049784 × 10^292 |
| 26 | ov_026 | 1.849415054331456 × 10^293 |
| 25 | ov_025 | 3.3888394465530914 × 10^293 |
| 24 | ov_024 | 5.78752159999506 × 10^293 |
| 23 | ov_023 | 9.578640957498442 × 10^293 |
| 22 | ov_022 | 1.538309220477355 × 10^294 |
| 21 | ov_021 | 2.3909527875293157 × 10^294 |
| 20 | ov_020 | 3.5954436148822234 × 10^294 |
| 19 | ov_019 | 5.2402268023313784 × 10^294 |
| 18 | ov_018 | 7.422563067483423 × 10^294 |
| 17 | ov_017 | 1.024855671351518 × 10^295 |
| 16 | ov_016 | 1.383319457322798 × 10^295 |
| 15 | ov_015 | 1.8300398960871396 × 10^295 |
| 14 | ov_014 | 2.3783099102382247 × 10^295 |
| 13 | ov_013 | 3.0423327078796735 × 10^295 |
| 12 | ov_012 | 3.8372345296548894 × 10^295 |
| 11 | ov_011 | 4.779081316497196 × 10^295 |
| 10 | ov_010 | 5.8849000766335 × 10^295 |
| 9 | ov_009 | 7.172705684804811 × 10^295 |
| 8 | ov_008 | 8.661533914241483 × 10^295 |
| 7 | ov_007 | 1.0371481682808125 × 10^296 |
| 6 | ov_006 | 1.2323755620019005 × 10^296 |
| 5 | ov_005 | 1.4540730131572977 × 10^296 |
| 4 | ov_004 | 1.7046016209340538 × 10^296 |
| 3 | ov_003 | 1.9864542220552277 × 10^296 |
| 2 | ov_002 | 2.3022647718706852 × 10^296 |
| 1 | ov_001 | 2.6548191212448354 × 10^296 |

