# Results for F001-F002-F003-F004-F005-F006-F007-F008-F009-F010-F011-F012-F013-F014-F015-F016-F017-F018-F019-F020-F021-F022-F023-F024-F025-F026-F027-F028-F029-F030-F031-F032-F033-F034-F035-F036-F037-F038-F039-F040-F041-F042-F043-F044-F045-F046-F047-F048-F049-F050-F051-F052-F053-F054-F055-F056-F057-F058-F059-F060-F061-F062-F063-F064-F065-F066-F067-F068-F069-F070-F071-F072-F073-F074-F075-F076-F077-F078-F079-F080-F081-F082-F083-F084-F085-F086-F087-F088-F089-F090-F091-F092-F093-F094-F095-F096-F097-F098-F099-F100-F101-F102-F103-F104-F105-F106-F107-F108-F109-F110-F111-F112-F113-F114-F115-F116-F117-F118-F119-F120-F121-F122-F123-F124-F125-F126-F127-F128-F129-F130-F131-F132-F133-F134-F135-F136-F137-F138-F139-F140-F141-F142-F143-F144-F145-F146-F147-F148-F149-F150-F151-F152-F153-F154-F155-F156-F157-F158-F159-F160-F161-F162-F163-F164-F165-F166-F167-F168-F169-F170-F171-F172-F173-F174-F175-F176-F177-F178-F179-F180-F181-F182-F183-F184-F185-F186-F187-F188-F189-F190-F191-F192-F193-F194-F195-F196-F197-F198-F199-F200-F201-F202-F203-F204-F205-F206-F207-F208-F209-F210-F211-F212-F213-F214-F215-F216-F217-F218-F219-F220-F221-F222-F223-F224-F225-F226-F227-F228-F229-F230-F231-F232-F233-F234-F235-F236-F237-F238-F239-F240-F241-F242-F243-F244-F245-F246-F247-F248-F249-F250-F251-F252-F253-F254-F255-F256-F257-F258-F259-F260-F261-F262-F263-F264-F265-F266-F267-F268-F269-F270-F271-F272-F273-F274-F275-F276-F277-F278-F279-F280-F281-F282-F283-F284-F285-F286-F287-F288-F289-F290-F291-F292-F293-F294-F295-F296-F297-F298-F299-F300-F301-F302-F303-F304-F305-F306-F307-F308-F309-F310-F311-F312-F313-F314-F315-F316-F317-F318-F319-F320-F321-F322-F323-F324-F325-F326-F327-F328-F329-F330-F331-F332-F333-F334-F335-F336-F337-F338-F339-F340-F341-F342-F343-F344-F345-F346-F347-F348-F349-F350-F351-F352-F353-F354-F355-F356-F357-F358-F359-F360-F361-F362-F363-F364-F365-F366-F367-F368-F369-F370-F371-F372-F373-F374-F375-F376-F377-F378-F379-F380-F381-F382-F383-F384-F385-F386-F387-F388-F389-F390-F391-F392-F393-F394-F395-F396-F397-F398-F399-F400-F401-F402-F403-F404-F405-F406-F407-F408-F409-F410-F411-F412-F413-F414-F415-F416-F417-F418-F419-F420-F421-F422-F423-F424-F425-F426-F427-F428-F429-F430-F431-F432-F433-F434-F435-F436-F437-F438-F439-F440-F441-F442-F443-F444-F445-F446-F447-F448-F449-F450-F451-F452-F453-F454-F455-F456-F457-F458-F459-F460-F461-F462-F463-F464-F465-F466-F467-F468-F469-F470-F471-F472-F473-F474-F475-F476-F477-F478-F479-F480-F481-F482-F483-F484-F485-F486-F487-F488-F489-F490-F491-F492-F493-F494-F495-F496-E497501-F507-F508-F509-F510-F511-F512

## Summary

Number of input bits: 512  
Number of free input bits: 9  
Number of output bits: 160

Number of direct occurrences: 35779  
Number of assignments: 30484  
Number of operations: 10552316
(xor: 10524566,
and: 14704,
or: 13046)

Total complexity: 7.988274841468982 × 10^293

Least occurring input variable: iv_502 (3802)  
Most occurring input variable: iv_497 (4183)

Most co-occurring input variables: iv_497-iv_505 (1972)  
Least co-occurring input variables: iv_499-iv_506 (1758)

Potentially most occurring input variable: iv_497/iv_504 (4430)  
Potentially least occurring input variable: iv_499/iv_504 (4035)

Least output occurring input variable: iv_497 (65)  
Most output occurring input variable: iv_504 (83)

Most output co-occurring input variables: iv_500-iv_505 (46)  
Least output co-occurring input variables: iv_497-iv_502 (27)

Potentially most output occurring input variable: iv_499/iv_503 (94)  
Potentially least output occurring input variable: iv_500/iv_505 (67)

Least complex input bit: iv_498 (1.0192941798571228 × 10^292)  
Most complex input bit: iv_505 (2.5208405026893763 × 10^293)

Least complex output bit: aaa_76_29 (2.293175695788519 × 10^269)  
Most complex output bit: ov_001 (1.2999378317866246 × 10^293)

Least complex input/output complexity: iv_498/aaa_76_29 (2.926064371211854 × 10^267)  
Most complex input/output complexity: iv_505/ov_001 (4.1021822638532593 × 10^292)

## Input Bits

### Input Bits in Regular Order

| Input Bit | Complexity | Occurrences | Output Occurrences |
|:---------:|:----------:|:-----------:|:------------------:|
| iv_497 | 5.406965690514981 × 10^292 | 4183 | 65 |
| iv_498 | 1.0192941798571228 × 10^292 | 3938 | 74 |
| iv_499 | 1.782463425135803 × 10^292 | 3856 | 81 |
| iv_500 | 2.9745761284947505 × 10^292 | 4039 | 76 |
| iv_502 | 7.862352751690598 × 10^292 | 3802 | 70 |
| iv_503 | 1.249304759364201 × 10^293 | 3993 | 79 |
| iv_504 | 1.949374815927245 × 10^293 | 4011 | 83 |
| iv_505 | 2.5208405026893763 × 10^293 | 4010 | 83 |
| iv_506 | 3.641895459188501 × 10^292 | 3947 | 77 |

### Input Bits Sorted by Complexity

| Input Bit | Complexity | Occurrences | Output Occurrences |
|:---------:|:----------:|:-----------:|:------------------:|
| iv_498 | 1.0192941798571228 × 10^292 | 3938 | 74 |
| iv_499 | 1.782463425135803 × 10^292 | 3856 | 81 |
| iv_500 | 2.9745761284947505 × 10^292 | 4039 | 76 |
| iv_506 | 3.641895459188501 × 10^292 | 3947 | 77 |
| iv_497 | 5.406965690514981 × 10^292 | 4183 | 65 |
| iv_502 | 7.862352751690598 × 10^292 | 3802 | 70 |
| iv_503 | 1.249304759364201 × 10^293 | 3993 | 79 |
| iv_504 | 1.949374815927245 × 10^293 | 4011 | 83 |
| iv_505 | 2.5208405026893763 × 10^293 | 4010 | 83 |

### Input Bits Sorted by Occurrences

| Input Bit | Complexity | Occurrences | Output Occurrences |
|:---------:|:----------:|:-----------:|:------------------:|
| iv_502 | 7.862352751690598 × 10^292 | 3802 | 70 |
| iv_499 | 1.782463425135803 × 10^292 | 3856 | 81 |
| iv_498 | 1.0192941798571228 × 10^292 | 3938 | 74 |
| iv_506 | 3.641895459188501 × 10^292 | 3947 | 77 |
| iv_503 | 1.249304759364201 × 10^293 | 3993 | 79 |
| iv_505 | 2.5208405026893763 × 10^293 | 4010 | 83 |
| iv_504 | 1.949374815927245 × 10^293 | 4011 | 83 |
| iv_500 | 2.9745761284947505 × 10^292 | 4039 | 76 |
| iv_497 | 5.406965690514981 × 10^292 | 4183 | 65 |

### Input Bits Sorted by Output Occurrences

| Input Bit | Complexity | Occurrences | Output Occurrences |
|:---------:|:----------:|:-----------:|:------------------:|
| iv_497 | 5.406965690514981 × 10^292 | 4183 | 65 |
| iv_502 | 7.862352751690598 × 10^292 | 3802 | 70 |
| iv_498 | 1.0192941798571228 × 10^292 | 3938 | 74 |
| iv_500 | 2.9745761284947505 × 10^292 | 4039 | 76 |
| iv_506 | 3.641895459188501 × 10^292 | 3947 | 77 |
| iv_503 | 1.249304759364201 × 10^293 | 3993 | 79 |
| iv_499 | 1.782463425135803 × 10^292 | 3856 | 81 |
| iv_505 | 2.5208405026893763 × 10^293 | 4010 | 83 |
| iv_504 | 1.949374815927245 × 10^293 | 4011 | 83 |

## Input Bit Co-occurrences

### Input Bit Co-occurrences Sorted by Co-occurrences

| Input Bits | Co-occurrences | Potential Occurrences | Output Co-occurrences | Potential Output Occurrences |
|:----------:|:--------------:|:---------------------:|:---------------------:|:----------------------------:|
| iv_497-iv_505 | 1972 | 4249 | 30 | 88 |
| iv_497-iv_500 | 1957 | 4308 | 34 | 73 |
| iv_498-iv_504 | 1944 | 4061 | 39 | 79 |
| iv_500-iv_504 | 1940 | 4170 | 39 | 81 |
| iv_500-iv_506 | 1922 | 4142 | 37 | 79 |
| iv_500-iv_505 | 1918 | 4213 | 46 | 67 |
| iv_499-iv_504 | 1916 | 4035 | 42 | 80 |
| iv_498-iv_505 | 1899 | 4150 | 39 | 79 |
| iv_503-iv_504 | 1898 | 4208 | 39 | 84 |

### Input Bit Co-occurrences Sorted by Potential Occurrences

| Input Bits | Co-occurrences | Potential Occurrences | Output Co-occurrences | Potential Output Occurrences |
|:----------:|:--------------:|:---------------------:|:---------------------:|:----------------------------:|
| iv_499-iv_504 | 1916 | 4035 | 42 | 80 |
| iv_499-iv_502 | 1811 | 4036 | 37 | 77 |
| iv_498-iv_504 | 1944 | 4061 | 39 | 79 |
| iv_498-iv_499 | 1856 | 4082 | 39 | 77 |
| iv_500-iv_502 | 1871 | 4099 | 33 | 80 |
| iv_500-iv_506 | 1922 | 4142 | 37 | 79 |
| iv_502-iv_506 | 1802 | 4145 | 34 | 79 |
| iv_502-iv_505 | 1832 | 4148 | 42 | 69 |
| iv_502-iv_504 | 1832 | 4149 | 37 | 79 |

### Input Bit Output Co-occurrences Sorted by Output Co-occurrences

| Input Bits | Co-occurrences | Potential Occurrences | Output Co-occurrences | Potential Output Occurrences |
|:----------:|:--------------:|:---------------------:|:---------------------:|:----------------------------:|
| iv_500-iv_505 | 1918 | 4213 | 46 | 67 |
| iv_504-iv_505 | 1890 | 4241 | 44 | 78 |
| iv_499-iv_505 | 1806 | 4254 | 43 | 78 |
| iv_502-iv_505 | 1832 | 4148 | 42 | 69 |
| iv_499-iv_500 | 1851 | 4193 | 42 | 73 |
| iv_499-iv_504 | 1916 | 4035 | 42 | 80 |
| iv_499-iv_506 | 1758 | 4287 | 41 | 76 |
| iv_504-iv_506 | 1860 | 4238 | 41 | 78 |
| iv_500-iv_504 | 1940 | 4170 | 39 | 81 |

### Input Bit Output Co-occurrences Sorted by Potential Output Occurrences

| Input Bits | Co-occurrences | Potential Occurrences | Output Co-occurrences | Potential Output Occurrences |
|:----------:|:--------------:|:---------------------:|:---------------------:|:----------------------------:|
| iv_500-iv_505 | 1918 | 4213 | 46 | 67 |
| iv_497-iv_506 | 1880 | 4370 | 37 | 68 |
| iv_502-iv_505 | 1832 | 4148 | 42 | 69 |
| iv_497-iv_500 | 1957 | 4308 | 34 | 73 |
| iv_499-iv_500 | 1851 | 4193 | 42 | 73 |
| iv_498-iv_506 | 1857 | 4171 | 39 | 73 |
| iv_497-iv_498 | 1891 | 4339 | 32 | 75 |
| iv_499-iv_506 | 1758 | 4287 | 41 | 76 |
| iv_498-iv_499 | 1856 | 4082 | 39 | 77 |

## Output Bits

### Output Bits in Regular Order

| Rank | Output Bit | Complexity |
|:----:|:----------:|:----------:|
| 1 | ov_001 | 1.2999378317866246 × 10^293 |
| 2 | ov_002 | 1.1238899602208882 × 10^293 |
| 3 | ov_003 | 9.665506613799352 × 10^292 |
| 4 | ov_004 | 8.264821947015088 × 10^292 |
| 5 | ov_005 | 7.023251916620724 × 10^292 |
| 6 | ov_006 | 5.927929939083541 × 10^292 |
| 7 | ov_007 | 4.966667399749016 × 10^292 |
| 8 | ov_008 | 4.127911548139448 × 10^292 |
| 9 | ov_009 | 3.4007098524363524 × 10^292 |
| 10 | ov_010 | 2.774680139620548 × 10^292 |
| 11 | ov_011 | 2.2399858398387242 × 10^292 |
| 12 | ov_012 | 1.7873156923721134 × 10^292 |
| 13 | ov_013 | 1.4078673087177188 × 10^292 |
| 14 | ov_014 | 1.0933340259107921 × 10^292 |
| 15 | ov_015 | 8.358945204434289 × 10^291 |
| 16 | ov_016 | 6.282046900651639 × 10^291 |
| 17 | ov_017 | 4.6339134746201236 × 10^291 |
| 18 | ov_018 | 3.350473280236805 × 10^291 |
| 19 | ov_019 | 2.3722771306762957 × 10^291 |
| 20 | ov_020 | 1.6444696216467457 × 10^291 |
| 21 | ov_021 | 1.1167679030538252 × 10^291 |
| 22 | ov_022 | 7.434464378336794 × 10^290 |
| 23 | ov_023 | 4.833264679521758 × 10^290 |
| 24 | ov_024 | 2.9976908873028816 × 10^290 |
| 25 | ov_025 | 1.7558913946985778 × 10^290 |
| 26 | ov_026 | 9.586849448278925 × 10^289 |
| 27 | ov_027 | 4.795529328367072 × 10^289 |
| 28 | ov_028 | 2.1463620796735397 × 10^289 |
| 29 | ov_029 | 8.273398009686594 × 10^288 |
| 30 | ov_030 | 2.5303533365533546 × 10^288 |
| 31 | ov_031 | 4.938487995736892 × 10^287 |
| 32 | lv_80_m31 | 9.637629651018329 × 10^286 |
| 33 | ov_033 | 1.1486942672609833 × 10^288 |
| 34 | ov_034 | 9.96526211067922 × 10^287 |
| 35 | ov_035 | 8.603595336165711 × 10^287 |
| 36 | ov_036 | 7.387758496260405 × 10^287 |
| 37 | ov_037 | 6.304322361292236 × 10^287 |
| 38 | ov_038 | 5.340559396098323 × 10^287 |
| 39 | ov_039 | 4.484398308222193 × 10^287 |
| 40 | ov_040 | 3.729962273451043 × 10^287 |
| 41 | ov_041 | 3.0716743314906214 × 10^287 |
| 42 | ov_042 | 2.504242434947645 × 10^287 |
| 43 | ov_043 | 2.0226470033803904 × 10^287 |
| 44 | ov_044 | 1.617627216213528 × 10^287 |
| 45 | ov_045 | 1.2804233687307045 × 10^287 |
| 46 | ov_046 | 1.0027649273815383 × 10^287 |
| 47 | ov_047 | 7.768611659334014 × 10^286 |
| 48 | ov_048 | 5.953939408945869 × 10^286 |
| 49 | ov_049 | 4.515121987224851 × 10^286 |
| 50 | ov_050 | 3.3882784078683496 × 10^286 |
| 51 | ov_051 | 2.5141262227656643 × 10^286 |
| 52 | ov_052 | 1.8379584358646674 × 10^286 |
| 53 | ov_053 | 1.3096266878590136 × 10^286 |
| 54 | ov_054 | 9.05194705153471 × 10^285 |
| 55 | ov_055 | 6.029971941057806 × 10^285 |
| 56 | ov_056 | 3.836366593153072 × 10^285 |
| 57 | ov_057 | 2.299814223347515 × 10^285 |
| 58 | ov_058 | 1.2716447056408658 × 10^285 |
| 59 | ov_059 | 6.258284583708351 × 10^284 |
| 60 | ov_060 | 2.589736068388944 × 10^284 |
| 61 | ov_061 | 9.032493713644946 × 10^283 |
| 62 | ov_062 | 2.47398689129677 × 10^283 |
| 63 | ov_063 | 4.813955046095004 × 10^282 |
| 64 | lv_79_m31 | 9.3648993271175 × 10^281 |
| 65 | ov_065 | 1.1045754757758481 × 10^283 |
| 66 | ov_066 | 1.1045717082854431 × 10^283 |
| 67 | ov_067 | 1.1045707861268078 × 10^283 |
| 68 | ov_068 | 9.504461461707141 × 10^282 |
| 69 | ov_069 | 8.134936381477636 × 10^282 |
| 70 | ov_070 | 6.92286892461447 × 10^282 |
| 71 | ov_071 | 5.854873612804034 × 10^282 |
| 72 | ov_072 | 4.918383678892402 × 10^282 |
| 73 | ov_073 | 4.101596809723573 × 10^282 |
| 74 | ov_074 | 3.3934258644850734 × 10^282 |
| 75 | ov_075 | 2.783454304549799 × 10^282 |
| 76 | ov_076 | 2.261896078755156 × 10^282 |
| 77 | ov_077 | 1.8195597144155002 × 10^282 |
| 78 | ov_078 | 1.4478163693670954 × 10^282 |
| 79 | ov_079 | 1.13857160422471 × 10^282 |
| 80 | ov_080 | 8.842406369971415 × 10^281 |
| 81 | ov_081 | 6.777268444577883 × 10^281 |
| 82 | ov_082 | 5.1240327636039796 × 10^281 |
| 83 | ov_083 | 3.8209694985612 × 10^281 |
| 84 | ov_084 | 2.8107569239752805 × 10^281 |
| 85 | ov_085 | 2.040373020787702 × 10^281 |
| 86 | ov_086 | 1.4610079481782884 × 10^281 |
| 87 | ov_087 | 1.0279950808805963 × 10^281 |
| 88 | ov_088 | 7.007583109431399 × 10^280 |
| 89 | ov_089 | 4.600265710812786 × 10^280 |
| 90 | ov_090 | 2.885466041983411 × 10^280 |
| 91 | ov_091 | 1.7107205798093262 × 10^280 |
| 92 | ov_092 | 9.435668784582718 × 10^279 |
| 93 | ov_093 | 4.7150538291250227 × 10^279 |
| 94 | ov_094 | 2.019806780645175 × 10^279 |
| 95 | aaa_78_28 | 6.237383910033465 × 10^278 |
| 96 | aaa_78_29 | 1.9157217797722594 × 10^278 |
| 97 | ov_097 | 1.2654407761937587 × 10^278 |
| 98 | ov_098 | 1.2654031387835459 × 10^278 |
| 99 | ov_099 | 1.265391137854509 × 10^278 |
| 100 | ov_100 | 1.1388958051642826 × 10^278 |
| 101 | ov_101 | 1.021688800735227 × 10^278 |
| 102 | ov_102 | 9.132675343271367 × 10^277 |
| 103 | ov_103 | 8.13166084824347 × 10^277 |
| 104 | ov_104 | 7.209502211914792 × 10^277 |
| 105 | ov_105 | 6.362128953698945 × 10^277 |
| 106 | ov_106 | 5.585701836456609 × 10^277 |
| 107 | ov_107 | 4.87657653708079 × 10^277 |
| 108 | ov_108 | 4.231271351414014 × 10^277 |
| 109 | ov_109 | 3.646438714796652 × 10^277 |
| 110 | ov_110 | 3.118840322305839 × 10^277 |
| 111 | ov_111 | 2.6453256346324277 × 10^277 |
| 112 | ov_112 | 2.2228135567816934 × 10^277 |
| 113 | ov_113 | 1.8482770775743024 × 10^277 |
| 114 | ov_114 | 1.5187306584383166 × 10^277 |
| 115 | ov_115 | 1.231220160341747 × 10^277 |
| 116 | ov_116 | 9.828150979831388 × 10^276 |
| 117 | ov_117 | 7.706027854652753 × 10^276 |
| 118 | ov_118 | 5.916837390276768 × 10^276 |
| 119 | ov_119 | 4.431679802008052 × 10^276 |
| 120 | ov_120 | 3.2217213418980616 × 10^276 |
| 121 | ov_121 | 2.2581721832238187 × 10^276 |
| 122 | ov_122 | 1.5122701540836725 × 10^276 |
| 123 | ov_123 | 9.552692686220766 × 10^275 |
| 124 | ov_124 | 5.584320044403604 × 10^275 |
| 125 | ov_125 | 2.930245283395953 × 10^275 |
| 126 | ov_126 | 1.3031426659704608 × 10^275 |
| 127 | aaa_77_28 | 4.1568974715593255 × 10^274 |
| 128 | aaa_77_29 | 1.5559765386360112 × 10^274 |
| 129 | ov_129 | 1.4174108318205463 × 10^274 |
| 130 | ov_130 | 1.4174063780591074 × 10^274 |
| 131 | ov_131 | 1.4174053051146408 × 10^274 |
| 132 | ov_132 | 1.223052731033181 × 10^274 |
| 133 | ov_133 | 1.0496044699439088 × 10^274 |
| 134 | ov_134 | 8.954612805662128 × 10^273 |
| 135 | ov_135 | 7.591057592090486 × 10^273 |
| 136 | ov_136 | 6.390964688284533 × 10^273 |
| 137 | ov_137 | 5.340629883528791 × 10^273 |
| 138 | ov_138 | 4.4270178569659677 × 10^273 |
| 139 | ov_139 | 3.637728226372635 × 10^273 |
| 140 | ov_140 | 2.9609680439365585 × 10^273 |
| 141 | ov_141 | 2.385529913312573 × 10^273 |
| 142 | ov_142 | 1.9007749476823882 × 10^273 |
| 143 | ov_143 | 1.4966198336787116 × 10^273 |
| 144 | ov_144 | 1.1635273109587113 × 10^273 |
| 145 | ov_145 | 8.92499421987931 × 10^272 |
| 146 | ov_146 | 6.750729312591955 × 10^272 |
| 147 | ov_147 | 5.033163577449143 × 10^272 |
| 148 | ov_148 | 3.698281088837367 × 10^272 |
| 149 | ov_149 | 2.677352725029816 × 10^272 |
| 150 | ov_150 | 1.9069275655339328 × 10^272 |
| 151 | ov_151 | 1.3288263065479943 × 10^272 |
| 152 | ov_152 | 8.90136236202399 × 10^271 |
| 153 | ov_153 | 5.657171090073276 × 10^271 |
| 154 | ov_154 | 3.330593638195865 × 10^271 |
| 155 | ov_155 | 1.7228308317382805 × 10^271 |
| 156 | aaa_76_25 | 6.613738603488108 × 10^270 |
| 157 | aaa_76_26 | 3.812284466129253 × 10^270 |
| 158 | aaa_76_27 | 1.947367584138032 × 10^270 |
| 159 | aaa_76_28 | 7.561497885910861 × 10^269 |
| 160 | aaa_76_29 | 2.293175695788519 × 10^269 |

### Output Bits Sorted by Complexity

| Rank | Output Bit | Complexity |
|:----:|:----------:|:----------:|
| 160 | aaa_76_29 | 2.293175695788519 × 10^269 |
| 159 | aaa_76_28 | 7.561497885910861 × 10^269 |
| 158 | aaa_76_27 | 1.947367584138032 × 10^270 |
| 157 | aaa_76_26 | 3.812284466129253 × 10^270 |
| 156 | aaa_76_25 | 6.613738603488108 × 10^270 |
| 155 | ov_155 | 1.7228308317382805 × 10^271 |
| 154 | ov_154 | 3.330593638195865 × 10^271 |
| 153 | ov_153 | 5.657171090073276 × 10^271 |
| 152 | ov_152 | 8.90136236202399 × 10^271 |
| 151 | ov_151 | 1.3288263065479943 × 10^272 |
| 150 | ov_150 | 1.9069275655339328 × 10^272 |
| 149 | ov_149 | 2.677352725029816 × 10^272 |
| 148 | ov_148 | 3.698281088837367 × 10^272 |
| 147 | ov_147 | 5.033163577449143 × 10^272 |
| 146 | ov_146 | 6.750729312591955 × 10^272 |
| 145 | ov_145 | 8.92499421987931 × 10^272 |
| 144 | ov_144 | 1.1635273109587113 × 10^273 |
| 143 | ov_143 | 1.4966198336787116 × 10^273 |
| 142 | ov_142 | 1.9007749476823882 × 10^273 |
| 141 | ov_141 | 2.385529913312573 × 10^273 |
| 140 | ov_140 | 2.9609680439365585 × 10^273 |
| 139 | ov_139 | 3.637728226372635 × 10^273 |
| 138 | ov_138 | 4.4270178569659677 × 10^273 |
| 137 | ov_137 | 5.340629883528791 × 10^273 |
| 136 | ov_136 | 6.390964688284533 × 10^273 |
| 135 | ov_135 | 7.591057592090486 × 10^273 |
| 134 | ov_134 | 8.954612805662128 × 10^273 |
| 133 | ov_133 | 1.0496044699439088 × 10^274 |
| 132 | ov_132 | 1.223052731033181 × 10^274 |
| 131 | ov_131 | 1.4174053051146408 × 10^274 |
| 130 | ov_130 | 1.4174063780591074 × 10^274 |
| 129 | ov_129 | 1.4174108318205463 × 10^274 |
| 128 | aaa_77_29 | 1.5559765386360112 × 10^274 |
| 127 | aaa_77_28 | 4.1568974715593255 × 10^274 |
| 126 | ov_126 | 1.3031426659704608 × 10^275 |
| 125 | ov_125 | 2.930245283395953 × 10^275 |
| 124 | ov_124 | 5.584320044403604 × 10^275 |
| 123 | ov_123 | 9.552692686220766 × 10^275 |
| 122 | ov_122 | 1.5122701540836725 × 10^276 |
| 121 | ov_121 | 2.2581721832238187 × 10^276 |
| 120 | ov_120 | 3.2217213418980616 × 10^276 |
| 119 | ov_119 | 4.431679802008052 × 10^276 |
| 118 | ov_118 | 5.916837390276768 × 10^276 |
| 117 | ov_117 | 7.706027854652753 × 10^276 |
| 116 | ov_116 | 9.828150979831388 × 10^276 |
| 115 | ov_115 | 1.231220160341747 × 10^277 |
| 114 | ov_114 | 1.5187306584383166 × 10^277 |
| 113 | ov_113 | 1.8482770775743024 × 10^277 |
| 112 | ov_112 | 2.2228135567816934 × 10^277 |
| 111 | ov_111 | 2.6453256346324277 × 10^277 |
| 110 | ov_110 | 3.118840322305839 × 10^277 |
| 109 | ov_109 | 3.646438714796652 × 10^277 |
| 108 | ov_108 | 4.231271351414014 × 10^277 |
| 107 | ov_107 | 4.87657653708079 × 10^277 |
| 106 | ov_106 | 5.585701836456609 × 10^277 |
| 105 | ov_105 | 6.362128953698945 × 10^277 |
| 104 | ov_104 | 7.209502211914792 × 10^277 |
| 103 | ov_103 | 8.13166084824347 × 10^277 |
| 102 | ov_102 | 9.132675343271367 × 10^277 |
| 101 | ov_101 | 1.021688800735227 × 10^278 |
| 100 | ov_100 | 1.1388958051642826 × 10^278 |
| 99 | ov_099 | 1.265391137854509 × 10^278 |
| 98 | ov_098 | 1.2654031387835459 × 10^278 |
| 97 | ov_097 | 1.2654407761937587 × 10^278 |
| 96 | aaa_78_29 | 1.9157217797722594 × 10^278 |
| 95 | aaa_78_28 | 6.237383910033465 × 10^278 |
| 94 | ov_094 | 2.019806780645175 × 10^279 |
| 93 | ov_093 | 4.7150538291250227 × 10^279 |
| 92 | ov_092 | 9.435668784582718 × 10^279 |
| 91 | ov_091 | 1.7107205798093262 × 10^280 |
| 90 | ov_090 | 2.885466041983411 × 10^280 |
| 89 | ov_089 | 4.600265710812786 × 10^280 |
| 88 | ov_088 | 7.007583109431399 × 10^280 |
| 87 | ov_087 | 1.0279950808805963 × 10^281 |
| 86 | ov_086 | 1.4610079481782884 × 10^281 |
| 85 | ov_085 | 2.040373020787702 × 10^281 |
| 84 | ov_084 | 2.8107569239752805 × 10^281 |
| 83 | ov_083 | 3.8209694985612 × 10^281 |
| 82 | ov_082 | 5.1240327636039796 × 10^281 |
| 81 | ov_081 | 6.777268444577883 × 10^281 |
| 80 | ov_080 | 8.842406369971415 × 10^281 |
| 64 | lv_79_m31 | 9.3648993271175 × 10^281 |
| 79 | ov_079 | 1.13857160422471 × 10^282 |
| 78 | ov_078 | 1.4478163693670954 × 10^282 |
| 77 | ov_077 | 1.8195597144155002 × 10^282 |
| 76 | ov_076 | 2.261896078755156 × 10^282 |
| 75 | ov_075 | 2.783454304549799 × 10^282 |
| 74 | ov_074 | 3.3934258644850734 × 10^282 |
| 73 | ov_073 | 4.101596809723573 × 10^282 |
| 63 | ov_063 | 4.813955046095004 × 10^282 |
| 72 | ov_072 | 4.918383678892402 × 10^282 |
| 71 | ov_071 | 5.854873612804034 × 10^282 |
| 70 | ov_070 | 6.92286892461447 × 10^282 |
| 69 | ov_069 | 8.134936381477636 × 10^282 |
| 68 | ov_068 | 9.504461461707141 × 10^282 |
| 67 | ov_067 | 1.1045707861268078 × 10^283 |
| 66 | ov_066 | 1.1045717082854431 × 10^283 |
| 65 | ov_065 | 1.1045754757758481 × 10^283 |
| 62 | ov_062 | 2.47398689129677 × 10^283 |
| 61 | ov_061 | 9.032493713644946 × 10^283 |
| 60 | ov_060 | 2.589736068388944 × 10^284 |
| 59 | ov_059 | 6.258284583708351 × 10^284 |
| 58 | ov_058 | 1.2716447056408658 × 10^285 |
| 57 | ov_057 | 2.299814223347515 × 10^285 |
| 56 | ov_056 | 3.836366593153072 × 10^285 |
| 55 | ov_055 | 6.029971941057806 × 10^285 |
| 54 | ov_054 | 9.05194705153471 × 10^285 |
| 53 | ov_053 | 1.3096266878590136 × 10^286 |
| 52 | ov_052 | 1.8379584358646674 × 10^286 |
| 51 | ov_051 | 2.5141262227656643 × 10^286 |
| 50 | ov_050 | 3.3882784078683496 × 10^286 |
| 49 | ov_049 | 4.515121987224851 × 10^286 |
| 48 | ov_048 | 5.953939408945869 × 10^286 |
| 47 | ov_047 | 7.768611659334014 × 10^286 |
| 32 | lv_80_m31 | 9.637629651018329 × 10^286 |
| 46 | ov_046 | 1.0027649273815383 × 10^287 |
| 45 | ov_045 | 1.2804233687307045 × 10^287 |
| 44 | ov_044 | 1.617627216213528 × 10^287 |
| 43 | ov_043 | 2.0226470033803904 × 10^287 |
| 42 | ov_042 | 2.504242434947645 × 10^287 |
| 41 | ov_041 | 3.0716743314906214 × 10^287 |
| 40 | ov_040 | 3.729962273451043 × 10^287 |
| 39 | ov_039 | 4.484398308222193 × 10^287 |
| 31 | ov_031 | 4.938487995736892 × 10^287 |
| 38 | ov_038 | 5.340559396098323 × 10^287 |
| 37 | ov_037 | 6.304322361292236 × 10^287 |
| 36 | ov_036 | 7.387758496260405 × 10^287 |
| 35 | ov_035 | 8.603595336165711 × 10^287 |
| 34 | ov_034 | 9.96526211067922 × 10^287 |
| 33 | ov_033 | 1.1486942672609833 × 10^288 |
| 30 | ov_030 | 2.5303533365533546 × 10^288 |
| 29 | ov_029 | 8.273398009686594 × 10^288 |
| 28 | ov_028 | 2.1463620796735397 × 10^289 |
| 27 | ov_027 | 4.795529328367072 × 10^289 |
| 26 | ov_026 | 9.586849448278925 × 10^289 |
| 25 | ov_025 | 1.7558913946985778 × 10^290 |
| 24 | ov_024 | 2.9976908873028816 × 10^290 |
| 23 | ov_023 | 4.833264679521758 × 10^290 |
| 22 | ov_022 | 7.434464378336794 × 10^290 |
| 21 | ov_021 | 1.1167679030538252 × 10^291 |
| 20 | ov_020 | 1.6444696216467457 × 10^291 |
| 19 | ov_019 | 2.3722771306762957 × 10^291 |
| 18 | ov_018 | 3.350473280236805 × 10^291 |
| 17 | ov_017 | 4.6339134746201236 × 10^291 |
| 16 | ov_016 | 6.282046900651639 × 10^291 |
| 15 | ov_015 | 8.358945204434289 × 10^291 |
| 14 | ov_014 | 1.0933340259107921 × 10^292 |
| 13 | ov_013 | 1.4078673087177188 × 10^292 |
| 12 | ov_012 | 1.7873156923721134 × 10^292 |
| 11 | ov_011 | 2.2399858398387242 × 10^292 |
| 10 | ov_010 | 2.774680139620548 × 10^292 |
| 9 | ov_009 | 3.4007098524363524 × 10^292 |
| 8 | ov_008 | 4.127911548139448 × 10^292 |
| 7 | ov_007 | 4.966667399749016 × 10^292 |
| 6 | ov_006 | 5.927929939083541 × 10^292 |
| 5 | ov_005 | 7.023251916620724 × 10^292 |
| 4 | ov_004 | 8.264821947015088 × 10^292 |
| 3 | ov_003 | 9.665506613799352 × 10^292 |
| 2 | ov_002 | 1.1238899602208882 × 10^293 |
| 1 | ov_001 | 1.2999378317866246 × 10^293 |

