# Results for F001-F002-F003-F004-F005-F006-F007-F008-F009-F010-F011-F012-F013-F014-F015-F016-F017-F018-F019-F020-F021-F022-F023-F024-F025-F026-F027-F028-F029-F030-F031-F032-F033-F034-F035-F036-F037-F038-F039-F040-F041-F042-F043-F044-F045-F046-F047-F048-F049-F050-F051-F052-F053-F054-F055-F056-F057-F058-F059-F060-F061-F062-F063-F064-F065-F066-F067-F068-F069-F070-F071-F072-F073-F074-F075-F076-F077-F078-F079-F080-F081-F082-F083-F084-F085-F086-F087-F088-F089-F090-F091-F092-F093-F094-F095-F096-F097-F098-F099-F100-F101-F102-F103-F104-F105-F106-F107-F108-F109-F110-F111-F112-F113-F114-F115-F116-F117-F118-F119-F120-F121-F122-F123-F124-F125-F126-F127-F128-F129-F130-F131-F132-F133-F134-F135-F136-F137-F138-F139-F140-F141-F142-F143-F144-F145-F146-F147-F148-F149-F150-F151-F152-F153-F154-F155-F156-F157-F158-F159-F160-F161-F162-F163-F164-F165-F166-F167-F168-F169-F170-F171-F172-F173-F174-F175-F176-F177-F178-F179-F180-F181-F182-F183-F184-F185-F186-F187-F188-F189-F190-F191-F192-F193-F194-F195-F196-F197-F198-F199-F200-F201-F202-F203-F204-F205-F206-F207-F208-F209-F210-F211-F212-F213-F214-F215-F216-F217-F218-F219-F220-F221-F222-F223-F224-F225-F226-F227-F228-F229-F230-F231-F232-F233-F234-F235-F236-F237-F238-F239-F240-F241-F242-F243-F244-F245-F246-F247-F248-F249-F250-F251-F252-F253-F254-F255-F256-F257-F258-F259-F260-F261-F262-F263-F264-F265-F266-F267-F268-F269-F270-F271-F272-F273-F274-F275-F276-F277-F278-F279-F280-F281-F282-F283-F284-F285-F286-F287-F288-F289-F290-F291-F292-F293-F294-F295-F296-F297-F298-F299-F300-F301-F302-F303-F304-F305-F306-F307-F308-F309-F310-F311-F312-F313-F314-F315-F316-F317-F318-F319-F320-F321-F322-F323-F324-F325-F326-F327-F328-F329-F330-F331-F332-F333-F334-F335-F336-F337-F338-F339-F340-F341-F342-F343-F344-F345-F346-F347-F348-F349-F350-F351-F352-F353-F354-F355-F356-F357-F358-F359-F360-F361-F362-F363-F364-F365-F366-F367-F368-F369-F370-F371-F372-F373-F374-F375-F376-F377-F378-F379-F380-F381-F382-F383-F384-F385-F386-F387-F388-F389-F390-F391-F392-F393-F394-F395-F396-F397-F398-F399-F400-F401-F402-F403-F404-F405-F406-F407-F408-F409-F410-F411-F412-F413-F414-F415-F416-F417-F418-F419-F420-F421-F422-F423-F424-F425-F426-F427-F428-F429-F430-F431-F432-F433-F434-F435-F436-F437-F438-F439-F440-F441-F442-F443-F444-F445-F446-F447-F448-F449-F450-F451-F452-F453-F454-F455-F456-F457-F458-F459-F460-F461-F462-F463-F464-F465-F466-F467-F468-F469-F470-F471-F472-F473-F474-F475-F476-F477-F478-F479-F480-F481-F482-F483-F484-F485-F486-F487-F488-F489-F490-F491-F492-F493-F494-F495-F496-O499505-O499508-E504506-F509-F510-F511-F512

## Summary

Number of input bits: 512  
Number of free input bits: 9  
Number of output bits: 160

Number of direct occurrences: 36582  
Number of assignments: 31094  
Number of operations: 10902563
(xor: 10874536,
and: 14741,
or: 13286)

Total complexity: 6.624152995060178 × 10^298

Least occurring input variable: iv_502 (3787)  
Most occurring input variable: iv_499 (4369)

Most co-occurring input variables: iv_499-iv_507 (2024)  
Least co-occurring input variables: iv_498-iv_502 (1718)

Potentially most occurring input variable: iv_499/iv_502 (4620)  
Potentially least occurring input variable: iv_501/iv_503 (4162)

Least output occurring input variable: iv_499 (68)  
Most output occurring input variable: iv_497 (89)

Most output co-occurring input variables: iv_498-iv_503 (51)  
Least output co-occurring input variables: iv_499-iv_507 (26)

Potentially most output occurring input variable: iv_499/iv_507 (92)  
Potentially least output occurring input variable: iv_501/iv_503 (67)

Least complex input bit: iv_497 (2.350965160571993 × 10^296)  
Most complex input bit: iv_499 (2.6242909078174563 × 10^298)

Least complex output bit: aaa_76_29 (4.3109769838344866 × 10^273)  
Most complex output bit: ov_001 (1.0595938117450443 × 10^298)

Least complex input/output complexity: iv_497/aaa_76_29 (1.5300003947041305 × 10^271)  
Most complex input/output complexity: iv_499/ov_001 (4.19779314912533 × 10^297)

## Input Bits

### Input Bits in Regular Order

| Input Bit | Complexity | Occurrences | Output Occurrences |
|:---------:|:----------:|:-----------:|:------------------:|
| iv_497 | 2.350965160571993 × 10^296 | 4093 | 89 |
| iv_498 | 4.704653383494667 × 10^296 | 3907 | 88 |
| iv_499 | 2.6242909078174563 × 10^298 | 4369 | 68 |
| iv_500 | 1.3984292239272759 × 10^297 | 4079 | 76 |
| iv_501 | 2.3018676090403087 × 10^297 | 4054 | 81 |
| iv_502 | 3.710830868140889 × 10^297 | 3787 | 71 |
| iv_503 | 5.8770690927754907 × 10^297 | 4032 | 82 |
| iv_504 | 1.6093144527311225 × 10^298 | 4114 | 80 |
| iv_507 | 9.911717696825306 × 10^297 | 4147 | 76 |

### Input Bits Sorted by Complexity

| Input Bit | Complexity | Occurrences | Output Occurrences |
|:---------:|:----------:|:-----------:|:------------------:|
| iv_497 | 2.350965160571993 × 10^296 | 4093 | 89 |
| iv_498 | 4.704653383494667 × 10^296 | 3907 | 88 |
| iv_500 | 1.3984292239272759 × 10^297 | 4079 | 76 |
| iv_501 | 2.3018676090403087 × 10^297 | 4054 | 81 |
| iv_502 | 3.710830868140889 × 10^297 | 3787 | 71 |
| iv_503 | 5.8770690927754907 × 10^297 | 4032 | 82 |
| iv_507 | 9.911717696825306 × 10^297 | 4147 | 76 |
| iv_504 | 1.6093144527311225 × 10^298 | 4114 | 80 |
| iv_499 | 2.6242909078174563 × 10^298 | 4369 | 68 |

### Input Bits Sorted by Occurrences

| Input Bit | Complexity | Occurrences | Output Occurrences |
|:---------:|:----------:|:-----------:|:------------------:|
| iv_502 | 3.710830868140889 × 10^297 | 3787 | 71 |
| iv_498 | 4.704653383494667 × 10^296 | 3907 | 88 |
| iv_503 | 5.8770690927754907 × 10^297 | 4032 | 82 |
| iv_501 | 2.3018676090403087 × 10^297 | 4054 | 81 |
| iv_500 | 1.3984292239272759 × 10^297 | 4079 | 76 |
| iv_497 | 2.350965160571993 × 10^296 | 4093 | 89 |
| iv_504 | 1.6093144527311225 × 10^298 | 4114 | 80 |
| iv_507 | 9.911717696825306 × 10^297 | 4147 | 76 |
| iv_499 | 2.6242909078174563 × 10^298 | 4369 | 68 |

### Input Bits Sorted by Output Occurrences

| Input Bit | Complexity | Occurrences | Output Occurrences |
|:---------:|:----------:|:-----------:|:------------------:|
| iv_499 | 2.6242909078174563 × 10^298 | 4369 | 68 |
| iv_502 | 3.710830868140889 × 10^297 | 3787 | 71 |
| iv_500 | 1.3984292239272759 × 10^297 | 4079 | 76 |
| iv_507 | 9.911717696825306 × 10^297 | 4147 | 76 |
| iv_504 | 1.6093144527311225 × 10^298 | 4114 | 80 |
| iv_501 | 2.3018676090403087 × 10^297 | 4054 | 81 |
| iv_503 | 5.8770690927754907 × 10^297 | 4032 | 82 |
| iv_498 | 4.704653383494667 × 10^296 | 3907 | 88 |
| iv_497 | 2.350965160571993 × 10^296 | 4093 | 89 |

## Input Bit Co-occurrences

### Input Bit Co-occurrences Sorted by Co-occurrences

| Input Bits | Co-occurrences | Potential Occurrences | Output Co-occurrences | Potential Output Occurrences |
|:----------:|:--------------:|:---------------------:|:---------------------:|:----------------------------:|
| iv_499-iv_507 | 2024 | 4468 | 26 | 92 |
| iv_497-iv_507 | 2010 | 4220 | 42 | 81 |
| iv_499-iv_500 | 2004 | 4440 | 37 | 70 |
| iv_497-iv_499 | 2000 | 4462 | 43 | 71 |
| iv_497-iv_501 | 1981 | 4185 | 45 | 80 |
| iv_499-iv_503 | 1980 | 4441 | 38 | 74 |
| iv_497-iv_500 | 1968 | 4236 | 38 | 89 |
| iv_500-iv_507 | 1964 | 4298 | 35 | 82 |
| iv_501-iv_503 | 1962 | 4162 | 48 | 67 |

### Input Bit Co-occurrences Sorted by Potential Occurrences

| Input Bits | Co-occurrences | Potential Occurrences | Output Co-occurrences | Potential Output Occurrences |
|:----------:|:--------------:|:---------------------:|:---------------------:|:----------------------------:|
| iv_501-iv_503 | 1962 | 4162 | 48 | 67 |
| iv_500-iv_502 | 1848 | 4170 | 33 | 81 |
| iv_497-iv_501 | 1981 | 4185 | 45 | 80 |
| iv_497-iv_502 | 1840 | 4200 | 38 | 84 |
| iv_502-iv_507 | 1858 | 4218 | 36 | 75 |
| iv_498-iv_500 | 1883 | 4220 | 39 | 86 |
| iv_497-iv_507 | 2010 | 4220 | 42 | 81 |
| iv_500-iv_503 | 1945 | 4221 | 43 | 72 |
| iv_500-iv_501 | 1955 | 4223 | 40 | 77 |

### Input Bit Output Co-occurrences Sorted by Output Co-occurrences

| Input Bits | Co-occurrences | Potential Occurrences | Output Co-occurrences | Potential Output Occurrences |
|:----------:|:--------------:|:---------------------:|:---------------------:|:----------------------------:|
| iv_498-iv_503 | 1851 | 4237 | 51 | 68 |
| iv_498-iv_501 | 1855 | 4251 | 48 | 73 |
| iv_501-iv_503 | 1962 | 4162 | 48 | 67 |
| iv_497-iv_498 | 1864 | 4272 | 46 | 85 |
| iv_497-iv_501 | 1981 | 4185 | 45 | 80 |
| iv_498-iv_507 | 1880 | 4294 | 43 | 78 |
| iv_500-iv_503 | 1945 | 4221 | 43 | 72 |
| iv_497-iv_499 | 2000 | 4462 | 43 | 71 |
| iv_497-iv_504 | 1935 | 4337 | 43 | 83 |

### Input Bit Output Co-occurrences Sorted by Potential Output Occurrences

| Input Bits | Co-occurrences | Potential Occurrences | Output Co-occurrences | Potential Output Occurrences |
|:----------:|:--------------:|:---------------------:|:---------------------:|:----------------------------:|
| iv_501-iv_503 | 1962 | 4162 | 48 | 67 |
| iv_498-iv_503 | 1851 | 4237 | 51 | 68 |
| iv_499-iv_500 | 2004 | 4440 | 37 | 70 |
| iv_497-iv_499 | 2000 | 4462 | 43 | 71 |
| iv_500-iv_503 | 1945 | 4221 | 43 | 72 |
| iv_498-iv_501 | 1855 | 4251 | 48 | 73 |
| iv_503-iv_507 | 1917 | 4345 | 42 | 74 |
| iv_499-iv_503 | 1980 | 4441 | 38 | 74 |
| iv_499-iv_502 | 1768 | 4620 | 32 | 75 |

## Output Bits

### Output Bits in Regular Order

| Rank | Output Bit | Complexity |
|:----:|:----------:|:----------:|
| 1 | ov_001 | 1.0595938117450443 × 10^298 |
| 2 | ov_002 | 9.189053761069213 × 10^297 |
| 3 | ov_003 | 7.92874981840188 × 10^297 |
| 4 | ov_004 | 6.803919213618796 × 10^297 |
| 5 | ov_005 | 5.8040605262556267 × 10^297 |
| 6 | ov_006 | 4.919234808076575 × 10^297 |
| 7 | ov_007 | 4.1400279739843154 × 10^297 |
| 8 | ov_008 | 3.457518404865625 × 10^297 |
| 9 | ov_009 | 2.863249359178475 × 10^297 |
| 10 | ov_010 | 2.349205716132352 × 10^297 |
| 11 | ov_011 | 1.9077945678237124 × 10^297 |
| 12 | ov_012 | 1.531829205246545 × 10^297 |
| 13 | ov_013 | 1.2145160701359065 × 10^297 |
| 14 | ov_014 | 9.49444271241149 × 10^296 |
| 15 | ov_015 | 7.305772899649185 × 10^296 |
| 16 | ov_016 | 5.522465264235376 × 10^296 |
| 17 | ov_017 | 4.091463629459766 × 10^296 |
| 18 | ov_018 | 2.9633044787852562 × 10^296 |
| 19 | ov_019 | 2.0920892833435137 × 10^296 |
| 20 | ov_020 | 1.4354639838900075 × 10^296 |
| 21 | ov_021 | 9.546038973278814 × 10^295 |
| 22 | ov_022 | 6.14202874706599 × 10^295 |
| 23 | ov_023 | 3.824658033356172 × 10^295 |
| 24 | ov_024 | 2.311036738755724 × 10^295 |
| 25 | ov_025 | 1.35330561467817 × 10^295 |
| 26 | ov_026 | 7.386197178660704 × 10^294 |
| 27 | ov_027 | 3.69308778856238 × 10^294 |
| 28 | ov_028 | 1.6520464604991973 × 10^294 |
| 29 | ov_029 | 6.364050288389726 × 10^293 |
| 30 | ov_030 | 1.9450662556727355 × 10^293 |
| 31 | ov_031 | 3.792869821107813 × 10^292 |
| 32 | lv_80_m31 | 7.394834116469275 × 10^291 |
| 33 | ov_033 | 8.86118592798617 × 10^292 |
| 34 | ov_034 | 7.68352907510938 × 10^292 |
| 35 | ov_035 | 6.630031978023176 × 10^292 |
| 36 | ov_036 | 5.690593404598627 × 10^292 |
| 37 | ov_037 | 4.855657230264709 × 10^292 |
| 38 | ov_038 | 4.116173818568458 × 10^292 |
| 39 | ov_039 | 3.463566644001039 × 10^292 |
| 40 | ov_040 | 2.8897036601363297 × 10^292 |
| 41 | ov_041 | 2.386872941471529 × 10^292 |
| 42 | ov_042 | 1.9513207634767542 × 10^292 |
| 43 | ov_043 | 1.5794885149058872 × 10^292 |
| 44 | ov_044 | 1.2648146663830524 × 10^292 |
| 45 | ov_045 | 1.0010945437886737 × 10^292 |
| 46 | ov_046 | 7.824711215255495 × 10^291 |
| 47 | ov_047 | 6.034277693817666 × 10^291 |
| 48 | ov_048 | 4.5878264848934044 × 10^291 |
| 49 | ov_049 | 3.4368447482634574 × 10^291 |
| 50 | ov_050 | 2.5360939153590477 × 10^291 |
| 51 | ov_051 | 1.8435871406305438 × 10^291 |
| 52 | ov_052 | 1.3205733476485495 × 10^291 |
| 53 | ov_053 | 9.315260535281359 × 10^290 |
| 54 | ov_054 | 6.441356398993998 × 10^290 |
| 55 | ov_055 | 4.293041808163932 × 10^290 |
| 56 | ov_056 | 2.7328512695462145 × 10^290 |
| 57 | ov_057 | 1.6393550713125176 × 10^290 |
| 58 | ov_058 | 9.071521637210492 × 10^289 |
| 59 | ov_059 | 4.468664604514062 × 10^289 |
| 60 | ov_060 | 1.851451615173273 × 10^289 |
| 61 | ov_061 | 6.465814907308571 × 10^288 |
| 62 | ov_062 | 1.7732728723951476 × 10^288 |
| 63 | ov_063 | 3.455260864125232 × 10^287 |
| 64 | lv_79_m31 | 6.731046767866279 × 10^286 |
| 65 | ov_065 | 7.980703122994357 × 10^287 |
| 66 | ov_066 | 7.980682252806812 × 10^287 |
| 67 | ov_067 | 7.980677317752079 × 10^287 |
| 68 | ov_068 | 6.900670833346456 × 10^287 |
| 69 | ov_069 | 5.934765880488749 × 10^287 |
| 70 | ov_070 | 5.074449243054916 × 10^287 |
| 71 | ov_071 | 4.311607086752338 × 10^287 |
| 72 | ov_072 | 3.6385024097300185 × 10^287 |
| 73 | ov_073 | 3.047757507685687 × 10^287 |
| 74 | ov_074 | 2.532340428495989 × 10^287 |
| 75 | ov_075 | 2.0855544452740467 × 10^287 |
| 76 | ov_076 | 1.7010296286162056 × 10^287 |
| 77 | ov_077 | 1.3727157425638044 × 10^287 |
| 78 | ov_078 | 1.0948760125288642 × 10^287 |
| 79 | ov_079 | 8.620816186921118 × 10^286 |
| 80 | ov_080 | 6.692068684783152 × 10^286 |
| 81 | ov_081 | 5.114250021819139 × 10^286 |
| 82 | ov_082 | 3.842045861586278 × 10^286 |
| 83 | ov_083 | 2.833064482456736 × 10^286 |
| 84 | ov_084 | 2.0478111024924796 × 10^286 |
| 85 | ov_085 | 1.4496667246187514 × 10^286 |
| 86 | ov_086 | 1.004871052573644 × 10^286 |
| 87 | ov_087 | 6.825090286729846 × 10^285 |
| 88 | ov_088 | 4.545005447810022 × 10^285 |
| 89 | ov_089 | 2.95592878081868 × 10^285 |
| 90 | ov_090 | 1.8335540335591393 × 10^285 |
| 91 | ov_091 | 1.0727779970028212 × 10^285 |
| 92 | ov_092 | 5.8258400931111035 × 10^284 |
| 93 | ov_093 | 2.8603448631828167 × 10^284 |
| 94 | ov_094 | 1.2026725093256222 × 10^284 |
| 95 | aaa_78_28 | 3.649403448796297 × 10^283 |
| 96 | aaa_78_29 | 1.090337057333772 × 10^283 |
| 97 | ov_097 | 5.771928296329174 × 10^282 |
| 98 | ov_098 | 5.771854458349391 × 10^282 |
| 99 | ov_099 | 5.771830885326459 × 10^282 |
| 100 | ov_100 | 4.7248394322915176 × 10^282 |
| 101 | ov_101 | 3.842552862975389 × 10^282 |
| 102 | ov_102 | 3.106764315090095 × 10^282 |
| 103 | ov_103 | 2.500261981210295 × 10^282 |
| 104 | ov_104 | 2.0067565076969523 × 10^282 |
| 105 | ov_105 | 1.6108179540414013 × 10^282 |
| 106 | ov_106 | 1.2978214329617068 × 10^282 |
| 107 | ov_107 | 1.0539005964187039 × 10^282 |
| 108 | ov_108 | 8.659081760302159 × 10^281 |
| 109 | ov_109 | 7.213828284679858 × 10^281 |
| 110 | ov_110 | 6.085215775946567 × 10^281 |
| 111 | ov_111 | 5.161571855679044 × 10^281 |
| 112 | ov_112 | 4.337398250956833 × 10^281 |
| 113 | ov_113 | 3.606781511844958 × 10^281 |
| 114 | ov_114 | 2.9638961517685395 × 10^281 |
| 115 | ov_115 | 2.402982808950987 × 10^281 |
| 116 | ov_116 | 1.918330722851937 × 10^281 |
| 117 | ov_117 | 1.5042641354547807 × 10^281 |
| 118 | ov_118 | 1.1551322275074135 × 10^281 |
| 119 | ov_119 | 8.653018798966415 × 10^280 |
| 120 | ov_120 | 6.291522790407681 × 10^280 |
| 121 | ov_121 | 4.410708027264483 × 10^280 |
| 122 | ov_122 | 2.9544999163433143 × 10^280 |
| 123 | ov_123 | 1.8668541181117937 × 10^280 |
| 124 | ov_124 | 1.0917421334887505 × 10^280 |
| 125 | ov_125 | 5.731423787928583 × 10^279 |
| 126 | ov_126 | 2.5503563536944965 × 10^279 |
| 127 | aaa_77_28 | 8.140330388114621 × 10^278 |
| 128 | aaa_77_29 | 3.0497901635443336 × 10^278 |
| 129 | ov_129 | 2.804780406282244 × 10^278 |
| 130 | ov_130 | 2.804772017058087 × 10^278 |
| 131 | ov_131 | 2.804769990900308 × 10^278 |
| 132 | ov_132 | 2.427460942353479 × 10^278 |
| 133 | ov_133 | 2.089905175133225 × 10^278 |
| 134 | ov_134 | 1.789093083539347 × 10^278 |
| 135 | ov_135 | 1.5221737444278416 × 10^278 |
| 136 | ov_136 | 1.2864435150828573 × 10^278 |
| 137 | ov_137 | 1.079336277986501 × 10^278 |
| 138 | ov_138 | 8.98415171016638 × 10^277 |
| 139 | ov_139 | 7.413656497110281 × 10^277 |
| 140 | ov_140 | 6.059897361344794 × 10^277 |
| 141 | ov_141 | 4.902013166264093 × 10^277 |
| 142 | ov_142 | 3.920223583322116 × 10^277 |
| 143 | ov_143 | 3.0957992196749902 × 10^277 |
| 144 | ov_144 | 2.4110385575590473 × 10^277 |
| 145 | ov_145 | 1.8492506293766772 × 10^277 |
| 146 | ov_146 | 1.3947424268019468 × 10^277 |
| 147 | ov_147 | 1.032810116406646 × 10^277 |
| 148 | ov_148 | 7.497332083876212 × 10^276 |
| 149 | ov_149 | 5.327708989749617 × 10^276 |
| 150 | ov_150 | 3.7015988103814867 × 10^276 |
| 151 | ov_151 | 2.5111302154244618 × 10^276 |
| 152 | ov_152 | 1.6581849010947954 × 10^276 |
| 153 | ov_153 | 1.0543914131648978 × 10^276 |
| 154 | ov_154 | 6.211208357096406 × 10^275 |
| 155 | ov_155 | 3.214938997307266 × 10^275 |
| 156 | aaa_76_25 | 1.2350070548510075 × 10^275 |
| 157 | aaa_76_26 | 7.128100111772746 × 10^274 |
| 158 | aaa_76_27 | 3.646579176580845 × 10^274 |
| 159 | aaa_76_28 | 1.4186814373257806 × 10^274 |
| 160 | aaa_76_29 | 4.3109769838344866 × 10^273 |

### Output Bits Sorted by Complexity

| Rank | Output Bit | Complexity |
|:----:|:----------:|:----------:|
| 160 | aaa_76_29 | 4.3109769838344866 × 10^273 |
| 159 | aaa_76_28 | 1.4186814373257806 × 10^274 |
| 158 | aaa_76_27 | 3.646579176580845 × 10^274 |
| 157 | aaa_76_26 | 7.128100111772746 × 10^274 |
| 156 | aaa_76_25 | 1.2350070548510075 × 10^275 |
| 155 | ov_155 | 3.214938997307266 × 10^275 |
| 154 | ov_154 | 6.211208357096406 × 10^275 |
| 153 | ov_153 | 1.0543914131648978 × 10^276 |
| 152 | ov_152 | 1.6581849010947954 × 10^276 |
| 151 | ov_151 | 2.5111302154244618 × 10^276 |
| 150 | ov_150 | 3.7015988103814867 × 10^276 |
| 149 | ov_149 | 5.327708989749617 × 10^276 |
| 148 | ov_148 | 7.497332083876212 × 10^276 |
| 147 | ov_147 | 1.032810116406646 × 10^277 |
| 146 | ov_146 | 1.3947424268019468 × 10^277 |
| 145 | ov_145 | 1.8492506293766772 × 10^277 |
| 144 | ov_144 | 2.4110385575590473 × 10^277 |
| 143 | ov_143 | 3.0957992196749902 × 10^277 |
| 142 | ov_142 | 3.920223583322116 × 10^277 |
| 141 | ov_141 | 4.902013166264093 × 10^277 |
| 140 | ov_140 | 6.059897361344794 × 10^277 |
| 139 | ov_139 | 7.413656497110281 × 10^277 |
| 138 | ov_138 | 8.98415171016638 × 10^277 |
| 137 | ov_137 | 1.079336277986501 × 10^278 |
| 136 | ov_136 | 1.2864435150828573 × 10^278 |
| 135 | ov_135 | 1.5221737444278416 × 10^278 |
| 134 | ov_134 | 1.789093083539347 × 10^278 |
| 133 | ov_133 | 2.089905175133225 × 10^278 |
| 132 | ov_132 | 2.427460942353479 × 10^278 |
| 131 | ov_131 | 2.804769990900308 × 10^278 |
| 130 | ov_130 | 2.804772017058087 × 10^278 |
| 129 | ov_129 | 2.804780406282244 × 10^278 |
| 128 | aaa_77_29 | 3.0497901635443336 × 10^278 |
| 127 | aaa_77_28 | 8.140330388114621 × 10^278 |
| 126 | ov_126 | 2.5503563536944965 × 10^279 |
| 125 | ov_125 | 5.731423787928583 × 10^279 |
| 124 | ov_124 | 1.0917421334887505 × 10^280 |
| 123 | ov_123 | 1.8668541181117937 × 10^280 |
| 122 | ov_122 | 2.9544999163433143 × 10^280 |
| 121 | ov_121 | 4.410708027264483 × 10^280 |
| 120 | ov_120 | 6.291522790407681 × 10^280 |
| 119 | ov_119 | 8.653018798966415 × 10^280 |
| 118 | ov_118 | 1.1551322275074135 × 10^281 |
| 117 | ov_117 | 1.5042641354547807 × 10^281 |
| 116 | ov_116 | 1.918330722851937 × 10^281 |
| 115 | ov_115 | 2.402982808950987 × 10^281 |
| 114 | ov_114 | 2.9638961517685395 × 10^281 |
| 113 | ov_113 | 3.606781511844958 × 10^281 |
| 112 | ov_112 | 4.337398250956833 × 10^281 |
| 111 | ov_111 | 5.161571855679044 × 10^281 |
| 110 | ov_110 | 6.085215775946567 × 10^281 |
| 109 | ov_109 | 7.213828284679858 × 10^281 |
| 108 | ov_108 | 8.659081760302159 × 10^281 |
| 107 | ov_107 | 1.0539005964187039 × 10^282 |
| 106 | ov_106 | 1.2978214329617068 × 10^282 |
| 105 | ov_105 | 1.6108179540414013 × 10^282 |
| 104 | ov_104 | 2.0067565076969523 × 10^282 |
| 103 | ov_103 | 2.500261981210295 × 10^282 |
| 102 | ov_102 | 3.106764315090095 × 10^282 |
| 101 | ov_101 | 3.842552862975389 × 10^282 |
| 100 | ov_100 | 4.7248394322915176 × 10^282 |
| 99 | ov_099 | 5.771830885326459 × 10^282 |
| 98 | ov_098 | 5.771854458349391 × 10^282 |
| 97 | ov_097 | 5.771928296329174 × 10^282 |
| 96 | aaa_78_29 | 1.090337057333772 × 10^283 |
| 95 | aaa_78_28 | 3.649403448796297 × 10^283 |
| 94 | ov_094 | 1.2026725093256222 × 10^284 |
| 93 | ov_093 | 2.8603448631828167 × 10^284 |
| 92 | ov_092 | 5.8258400931111035 × 10^284 |
| 91 | ov_091 | 1.0727779970028212 × 10^285 |
| 90 | ov_090 | 1.8335540335591393 × 10^285 |
| 89 | ov_089 | 2.95592878081868 × 10^285 |
| 88 | ov_088 | 4.545005447810022 × 10^285 |
| 87 | ov_087 | 6.825090286729846 × 10^285 |
| 86 | ov_086 | 1.004871052573644 × 10^286 |
| 85 | ov_085 | 1.4496667246187514 × 10^286 |
| 84 | ov_084 | 2.0478111024924796 × 10^286 |
| 83 | ov_083 | 2.833064482456736 × 10^286 |
| 82 | ov_082 | 3.842045861586278 × 10^286 |
| 81 | ov_081 | 5.114250021819139 × 10^286 |
| 80 | ov_080 | 6.692068684783152 × 10^286 |
| 64 | lv_79_m31 | 6.731046767866279 × 10^286 |
| 79 | ov_079 | 8.620816186921118 × 10^286 |
| 78 | ov_078 | 1.0948760125288642 × 10^287 |
| 77 | ov_077 | 1.3727157425638044 × 10^287 |
| 76 | ov_076 | 1.7010296286162056 × 10^287 |
| 75 | ov_075 | 2.0855544452740467 × 10^287 |
| 74 | ov_074 | 2.532340428495989 × 10^287 |
| 73 | ov_073 | 3.047757507685687 × 10^287 |
| 63 | ov_063 | 3.455260864125232 × 10^287 |
| 72 | ov_072 | 3.6385024097300185 × 10^287 |
| 71 | ov_071 | 4.311607086752338 × 10^287 |
| 70 | ov_070 | 5.074449243054916 × 10^287 |
| 69 | ov_069 | 5.934765880488749 × 10^287 |
| 68 | ov_068 | 6.900670833346456 × 10^287 |
| 67 | ov_067 | 7.980677317752079 × 10^287 |
| 66 | ov_066 | 7.980682252806812 × 10^287 |
| 65 | ov_065 | 7.980703122994357 × 10^287 |
| 62 | ov_062 | 1.7732728723951476 × 10^288 |
| 61 | ov_061 | 6.465814907308571 × 10^288 |
| 60 | ov_060 | 1.851451615173273 × 10^289 |
| 59 | ov_059 | 4.468664604514062 × 10^289 |
| 58 | ov_058 | 9.071521637210492 × 10^289 |
| 57 | ov_057 | 1.6393550713125176 × 10^290 |
| 56 | ov_056 | 2.7328512695462145 × 10^290 |
| 55 | ov_055 | 4.293041808163932 × 10^290 |
| 54 | ov_054 | 6.441356398993998 × 10^290 |
| 53 | ov_053 | 9.315260535281359 × 10^290 |
| 52 | ov_052 | 1.3205733476485495 × 10^291 |
| 51 | ov_051 | 1.8435871406305438 × 10^291 |
| 50 | ov_050 | 2.5360939153590477 × 10^291 |
| 49 | ov_049 | 3.4368447482634574 × 10^291 |
| 48 | ov_048 | 4.5878264848934044 × 10^291 |
| 47 | ov_047 | 6.034277693817666 × 10^291 |
| 32 | lv_80_m31 | 7.394834116469275 × 10^291 |
| 46 | ov_046 | 7.824711215255495 × 10^291 |
| 45 | ov_045 | 1.0010945437886737 × 10^292 |
| 44 | ov_044 | 1.2648146663830524 × 10^292 |
| 43 | ov_043 | 1.5794885149058872 × 10^292 |
| 42 | ov_042 | 1.9513207634767542 × 10^292 |
| 41 | ov_041 | 2.386872941471529 × 10^292 |
| 40 | ov_040 | 2.8897036601363297 × 10^292 |
| 39 | ov_039 | 3.463566644001039 × 10^292 |
| 31 | ov_031 | 3.792869821107813 × 10^292 |
| 38 | ov_038 | 4.116173818568458 × 10^292 |
| 37 | ov_037 | 4.855657230264709 × 10^292 |
| 36 | ov_036 | 5.690593404598627 × 10^292 |
| 35 | ov_035 | 6.630031978023176 × 10^292 |
| 34 | ov_034 | 7.68352907510938 × 10^292 |
| 33 | ov_033 | 8.86118592798617 × 10^292 |
| 30 | ov_030 | 1.9450662556727355 × 10^293 |
| 29 | ov_029 | 6.364050288389726 × 10^293 |
| 28 | ov_028 | 1.6520464604991973 × 10^294 |
| 27 | ov_027 | 3.69308778856238 × 10^294 |
| 26 | ov_026 | 7.386197178660704 × 10^294 |
| 25 | ov_025 | 1.35330561467817 × 10^295 |
| 24 | ov_024 | 2.311036738755724 × 10^295 |
| 23 | ov_023 | 3.824658033356172 × 10^295 |
| 22 | ov_022 | 6.14202874706599 × 10^295 |
| 21 | ov_021 | 9.546038973278814 × 10^295 |
| 20 | ov_020 | 1.4354639838900075 × 10^296 |
| 19 | ov_019 | 2.0920892833435137 × 10^296 |
| 18 | ov_018 | 2.9633044787852562 × 10^296 |
| 17 | ov_017 | 4.091463629459766 × 10^296 |
| 16 | ov_016 | 5.522465264235376 × 10^296 |
| 15 | ov_015 | 7.305772899649185 × 10^296 |
| 14 | ov_014 | 9.49444271241149 × 10^296 |
| 13 | ov_013 | 1.2145160701359065 × 10^297 |
| 12 | ov_012 | 1.531829205246545 × 10^297 |
| 11 | ov_011 | 1.9077945678237124 × 10^297 |
| 10 | ov_010 | 2.349205716132352 × 10^297 |
| 9 | ov_009 | 2.863249359178475 × 10^297 |
| 8 | ov_008 | 3.457518404865625 × 10^297 |
| 7 | ov_007 | 4.1400279739843154 × 10^297 |
| 6 | ov_006 | 4.919234808076575 × 10^297 |
| 5 | ov_005 | 5.8040605262556267 × 10^297 |
| 4 | ov_004 | 6.803919213618796 × 10^297 |
| 3 | ov_003 | 7.92874981840188 × 10^297 |
| 2 | ov_002 | 9.189053761069213 × 10^297 |
| 1 | ov_001 | 1.0595938117450443 × 10^298 |

