# Results for F001-F002-F003-F004-F005-F006-F007-F008-F009-F010-F011-F012-F013-F014-F015-F016-F017-F018-F019-F020-F021-F022-F023-F024-F025-F026-F027-F028-F029-F030-F031-F032-F033-F034-F035-F036-F037-F038-F039-F040-F041-F042-F043-F044-F045-F046-F047-F048-F049-F050-F051-F052-F053-F054-F055-F056-F057-F058-F059-F060-F061-F062-F063-F064-F065-F066-F067-F068-F069-F070-F071-F072-F073-F074-F075-F076-F077-F078-F079-F080-F081-F082-F083-F084-F085-F086-F087-F088-F089-F090-F091-F092-F093-F094-F095-F096-F097-F098-F099-F100-F101-F102-F103-F104-F105-F106-F107-F108-F109-F110-F111-F112-F113-F114-F115-F116-F117-F118-F119-F120-F121-F122-F123-F124-F125-F126-F127-F128-F129-F130-F131-F132-F133-F134-F135-F136-F137-F138-F139-F140-F141-F142-F143-F144-F145-F146-F147-F148-F149-F150-F151-F152-F153-F154-F155-F156-F157-F158-F159-F160-F161-F162-F163-F164-F165-F166-F167-F168-F169-F170-F171-F172-F173-F174-F175-F176-F177-F178-F179-F180-F181-F182-F183-F184-F185-F186-F187-F188-F189-F190-F191-F192-F193-F194-F195-F196-F197-F198-F199-F200-F201-F202-F203-F204-F205-F206-F207-F208-F209-F210-F211-F212-F213-F214-F215-F216-F217-F218-F219-F220-F221-F222-F223-F224-F225-F226-F227-F228-F229-F230-F231-F232-F233-F234-F235-F236-F237-F238-F239-F240-F241-F242-F243-F244-F245-F246-F247-F248-F249-F250-F251-F252-F253-F254-F255-F256-F257-F258-F259-F260-F261-F262-F263-F264-F265-F266-F267-F268-F269-F270-F271-F272-F273-F274-F275-F276-F277-F278-F279-F280-F281-F282-F283-F284-F285-F286-F287-F288-F289-F290-F291-F292-F293-F294-F295-F296-F297-F298-F299-F300-F301-F302-F303-F304-F305-F306-F307-F308-F309-F310-F311-F312-F313-F314-F315-F316-F317-F318-F319-F320-F321-F322-F323-F324-F325-F326-F327-F328-F329-F330-F331-F332-F333-F334-F335-F336-F337-F338-F339-F340-F341-F342-F343-F344-F345-F346-F347-F348-F349-F350-F351-F352-F353-F354-F355-F356-F357-F358-F359-F360-F361-F362-F363-F364-F365-F366-F367-F368-F369-F370-F371-F372-F373-F374-F375-F376-F377-F378-F379-F380-F381-F382-F383-F384-F385-F386-F387-F388-F389-F390-F391-F392-F393-F394-F395-F396-F397-F398-F399-F400-F401-F402-F403-F404-F405-F406-F407-F408-F409-F410-F411-F412-F413-F414-F415-F416-F417-F418-F419-F420-F421-F422-F423-F424-F425-F426-F427-F428-F429-F430-F431-F432-F433-F434-F435-F436-F437-F438-F439-F440-F441-F442-F443-F444-F445-F446-F447-F448-F449-F450-F451-F452-F453-F454-F455-F456-F457-F458-F459-F460-F461-F462-F463-F464-F465-F466-F467-F468-F469-F470-F471-F472-F473-F474-F475-F476-F477-F478-F479-F480-F481-F482-F483-F484-F485-F486-F487-F488-F489-F490-F491-F492-F493-F494-F495-F496-O500505-E506507-F508-F509-F510-F511-F512

## Summary

Number of input bits: 512  
Number of free input bits: 9  
Number of output bits: 160

Number of direct occurrences: 36060  
Number of assignments: 30807  
Number of operations: 10748880
(xor: 10721032,
and: 14673,
or: 13175)

Total complexity: 1.0417006490159459 × 10^297

Least occurring input variable: iv_502 (3780)  
Most occurring input variable: iv_506 (4324)

Most co-occurring input variables: iv_500-iv_506 (2092)  
Least co-occurring input variables: iv_498-iv_502 (1715)

Potentially most occurring input variable: iv_501/iv_506 (4474)  
Potentially least occurring input variable: iv_501/iv_504 (4067)

Least output occurring input variable: iv_502 (71)  
Most output occurring input variable: iv_506 (89)

Most output co-occurring input variables: iv_498-iv_503 (51)  
Least output co-occurring input variables: iv_499-iv_504 (30)

Potentially most output occurring input variable: iv_501/iv_503 (92)  
Potentially least output occurring input variable: iv_498/iv_503 (68)

Least complex input bit: iv_497 (6.704777010450224 × 10^294)  
Most complex input bit: iv_500 (3.663049147934932 × 10^296)

Least complex output bit: aaa_76_29 (8.444209366665717 × 10^271)  
Most complex output bit: ov_001 (1.6931608312546466 × 10^296)

Least complex input/output complexity: iv_497/aaa_76_29 (5.435010613320823 × 10^269)  
Most complex input/output complexity: iv_500/ov_001 (5.953851853796029 × 10^295)

## Input Bits

### Input Bits in Regular Order

| Input Bit | Complexity | Occurrences | Output Occurrences |
|:---------:|:----------:|:-----------:|:------------------:|
| iv_497 | 6.704777010450224 × 10^294 | 3999 | 77 |
| iv_498 | 1.3375019975632866 × 10^295 | 3895 | 88 |
| iv_499 | 2.3507416966432377 × 10^295 | 3848 | 72 |
| iv_500 | 3.663049147934932 × 10^296 | 4308 | 86 |
| iv_501 | 6.447926481781074 × 10^295 | 4014 | 80 |
| iv_502 | 1.035699428779638 × 10^296 | 3780 | 71 |
| iv_503 | 1.6363107655961013 × 10^296 | 4017 | 82 |
| iv_504 | 2.5385130241413556 × 10^296 | 3875 | 71 |
| iv_506 | 4.6276933600419946 × 10^295 | 4324 | 89 |

### Input Bits Sorted by Complexity

| Input Bit | Complexity | Occurrences | Output Occurrences |
|:---------:|:----------:|:-----------:|:------------------:|
| iv_497 | 6.704777010450224 × 10^294 | 3999 | 77 |
| iv_498 | 1.3375019975632866 × 10^295 | 3895 | 88 |
| iv_499 | 2.3507416966432377 × 10^295 | 3848 | 72 |
| iv_506 | 4.6276933600419946 × 10^295 | 4324 | 89 |
| iv_501 | 6.447926481781074 × 10^295 | 4014 | 80 |
| iv_502 | 1.035699428779638 × 10^296 | 3780 | 71 |
| iv_503 | 1.6363107655961013 × 10^296 | 4017 | 82 |
| iv_504 | 2.5385130241413556 × 10^296 | 3875 | 71 |
| iv_500 | 3.663049147934932 × 10^296 | 4308 | 86 |

### Input Bits Sorted by Occurrences

| Input Bit | Complexity | Occurrences | Output Occurrences |
|:---------:|:----------:|:-----------:|:------------------:|
| iv_502 | 1.035699428779638 × 10^296 | 3780 | 71 |
| iv_499 | 2.3507416966432377 × 10^295 | 3848 | 72 |
| iv_504 | 2.5385130241413556 × 10^296 | 3875 | 71 |
| iv_498 | 1.3375019975632866 × 10^295 | 3895 | 88 |
| iv_497 | 6.704777010450224 × 10^294 | 3999 | 77 |
| iv_501 | 6.447926481781074 × 10^295 | 4014 | 80 |
| iv_503 | 1.6363107655961013 × 10^296 | 4017 | 82 |
| iv_500 | 3.663049147934932 × 10^296 | 4308 | 86 |
| iv_506 | 4.6276933600419946 × 10^295 | 4324 | 89 |

### Input Bits Sorted by Output Occurrences

| Input Bit | Complexity | Occurrences | Output Occurrences |
|:---------:|:----------:|:-----------:|:------------------:|
| iv_502 | 1.035699428779638 × 10^296 | 3780 | 71 |
| iv_504 | 2.5385130241413556 × 10^296 | 3875 | 71 |
| iv_499 | 2.3507416966432377 × 10^295 | 3848 | 72 |
| iv_497 | 6.704777010450224 × 10^294 | 3999 | 77 |
| iv_501 | 6.447926481781074 × 10^295 | 4014 | 80 |
| iv_503 | 1.6363107655961013 × 10^296 | 4017 | 82 |
| iv_500 | 3.663049147934932 × 10^296 | 4308 | 86 |
| iv_498 | 1.3375019975632866 × 10^295 | 3895 | 88 |
| iv_506 | 4.6276933600419946 × 10^295 | 4324 | 89 |

## Input Bit Co-occurrences

### Input Bit Co-occurrences Sorted by Co-occurrences

| Input Bits | Co-occurrences | Potential Occurrences | Output Co-occurrences | Potential Output Occurrences |
|:----------:|:--------------:|:---------------------:|:---------------------:|:----------------------------:|
| iv_500-iv_506 | 2092 | 4448 | 50 | 75 |
| iv_500-iv_503 | 2036 | 4253 | 46 | 76 |
| iv_500-iv_501 | 1991 | 4340 | 45 | 76 |
| iv_498-iv_500 | 1968 | 4267 | 46 | 82 |
| iv_503-iv_506 | 1968 | 4405 | 46 | 79 |
| iv_497-iv_500 | 1966 | 4375 | 44 | 75 |
| iv_497-iv_503 | 1960 | 4096 | 43 | 73 |
| iv_497-iv_506 | 1941 | 4441 | 44 | 78 |
| iv_500-iv_504 | 1938 | 4307 | 37 | 83 |

### Input Bit Co-occurrences Sorted by Potential Occurrences

| Input Bits | Co-occurrences | Potential Occurrences | Output Co-occurrences | Potential Output Occurrences |
|:----------:|:--------------:|:---------------------:|:---------------------:|:----------------------------:|
| iv_501-iv_504 | 1911 | 4067 | 39 | 73 |
| iv_497-iv_503 | 1960 | 4096 | 43 | 73 |
| iv_499-iv_504 | 1810 | 4103 | 30 | 83 |
| iv_498-iv_504 | 1810 | 4150 | 42 | 75 |
| iv_498-iv_499 | 1795 | 4153 | 44 | 72 |
| iv_497-iv_499 | 1834 | 4179 | 35 | 79 |
| iv_502-iv_504 | 1737 | 4181 | 33 | 76 |
| iv_499-iv_502 | 1719 | 4190 | 32 | 79 |
| iv_503-iv_504 | 1846 | 4200 | 34 | 85 |

### Input Bit Output Co-occurrences Sorted by Output Co-occurrences

| Input Bits | Co-occurrences | Potential Occurrences | Output Co-occurrences | Potential Output Occurrences |
|:----------:|:--------------:|:---------------------:|:---------------------:|:----------------------------:|
| iv_498-iv_503 | 1847 | 4218 | 51 | 68 |
| iv_500-iv_506 | 2092 | 4448 | 50 | 75 |
| iv_500-iv_503 | 2036 | 4253 | 46 | 76 |
| iv_503-iv_506 | 1968 | 4405 | 46 | 79 |
| iv_497-iv_498 | 1832 | 4230 | 46 | 73 |
| iv_498-iv_500 | 1968 | 4267 | 46 | 82 |
| iv_500-iv_501 | 1991 | 4340 | 45 | 76 |
| iv_498-iv_501 | 1840 | 4229 | 44 | 80 |
| iv_497-iv_506 | 1941 | 4441 | 44 | 78 |

### Input Bit Output Co-occurrences Sorted by Potential Output Occurrences

| Input Bits | Co-occurrences | Potential Occurrences | Output Co-occurrences | Potential Output Occurrences |
|:----------:|:--------------:|:---------------------:|:---------------------:|:----------------------------:|
| iv_498-iv_503 | 1847 | 4218 | 51 | 68 |
| iv_498-iv_499 | 1795 | 4153 | 44 | 72 |
| iv_501-iv_504 | 1911 | 4067 | 39 | 73 |
| iv_497-iv_498 | 1832 | 4230 | 46 | 73 |
| iv_497-iv_503 | 1960 | 4096 | 43 | 73 |
| iv_500-iv_502 | 1887 | 4314 | 41 | 75 |
| iv_500-iv_506 | 2092 | 4448 | 50 | 75 |
| iv_497-iv_500 | 1966 | 4375 | 44 | 75 |
| iv_498-iv_504 | 1810 | 4150 | 42 | 75 |

## Output Bits

### Output Bits in Regular Order

| Rank | Output Bit | Complexity |
|:----:|:----------:|:----------:|
| 1 | ov_001 | 1.6931608312546466 × 10^296 |
| 2 | ov_002 | 1.4639371083625426 × 10^296 |
| 3 | ov_003 | 1.2590899794806155 × 10^296 |
| 4 | ov_004 | 1.0767433878603344 × 10^296 |
| 5 | ov_005 | 9.151235822079246 × 10^295 |
| 6 | ov_006 | 7.725517679030875 × 10^295 |
| 7 | ov_007 | 6.474377155119354 × 10^295 |
| 8 | ov_008 | 5.382742693820671 × 10^295 |
| 9 | ov_009 | 4.4363268521627046 × 10^295 |
| 10 | ov_010 | 3.621587124556213 × 10^295 |
| 11 | ov_011 | 2.925693363180097 × 10^295 |
| 12 | ov_012 | 2.3365009918935966 × 10^295 |
| 13 | ov_013 | 1.8425292583054587 × 10^295 |
| 14 | ov_014 | 1.4329438156289868 × 10^295 |
| 15 | ov_015 | 1.0975429724504227 × 10^295 |
| 16 | ov_016 | 8.267469946614204 × 10^294 |
| 17 | ov_017 | 6.115898896527 × 10^294 |
| 18 | ov_018 | 4.437131485111874 × 10^294 |
| 19 | ov_019 | 3.153609917145809 × 10^294 |
| 20 | ov_020 | 2.1937677913834453 × 10^294 |
| 21 | ov_021 | 1.4920035195565986 × 10^294 |
| 22 | ov_022 | 9.886612374995505 × 10^293 |
| 23 | ov_023 | 6.300176080143521 × 10^293 |
| 24 | ov_024 | 3.906927663607666 × 10^293 |
| 25 | ov_025 | 2.2880576085996644 × 10^293 |
| 26 | ov_026 | 1.2489526476956863 × 10^293 |
| 27 | ov_027 | 6.245728365499637 × 10^292 |
| 28 | ov_028 | 2.7944753893942227 × 10^292 |
| 29 | ov_029 | 1.0767405313367157 × 10^292 |
| 30 | ov_030 | 3.2917251957935996 × 10^291 |
| 31 | ov_031 | 6.421000795844733 × 10^290 |
| 32 | lv_80_m31 | 1.2523469540258757 × 10^290 |
| 33 | ov_033 | 1.497998895330585 × 10^291 |
| 34 | ov_034 | 1.2991479412637289 × 10^291 |
| 35 | ov_035 | 1.121269971373944 × 10^291 |
| 36 | ov_036 | 9.625902859615242 × 10^290 |
| 37 | ov_037 | 8.214289880219509 × 10^290 |
| 38 | ov_038 | 6.96194292610211 × 10^290 |
| 39 | ov_039 | 5.853767732880388 × 10^290 |
| 40 | ov_040 | 4.875444534664176 × 10^290 |
| 41 | ov_041 | 4.020001437302398 × 10^290 |
| 42 | ov_042 | 3.2808235550640198 × 10^290 |
| 43 | ov_043 | 2.6516372126896626 × 10^290 |
| 44 | ov_044 | 2.120869095033026 × 10^290 |
| 45 | ov_045 | 1.6775726660889747 × 10^290 |
| 46 | ov_046 | 1.3114129939929784 × 10^290 |
| 47 | ov_047 | 1.012654846217276 × 10^290 |
| 48 | ov_048 | 7.721534901023159 × 10^289 |
| 49 | ov_049 | 5.813476764328354 × 10^289 |
| 50 | ov_050 | 4.3225435084219864 × 10^289 |
| 51 | ov_051 | 3.1746472945330154 × 10^289 |
| 52 | ov_052 | 2.3014143668569106 × 10^289 |
| 53 | ov_053 | 1.6401645149969116 × 10^289 |
| 54 | ov_054 | 1.1338967351734346 × 10^289 |
| 55 | ov_055 | 7.555288734802215 × 10^288 |
| 56 | ov_056 | 4.8081169133377784 × 10^288 |
| 57 | ov_057 | 2.8832654795599475 × 10^288 |
| 58 | ov_058 | 1.5948407951564788 × 10^288 |
| 59 | ov_059 | 7.852351289116178 × 10^287 |
| 60 | ov_060 | 3.2512354500946214 × 10^287 |
| 61 | ov_061 | 1.1346278197267799 × 10^287 |
| 62 | ov_062 | 3.109487604296253 × 10^286 |
| 63 | ov_063 | 6.054059580284525 × 10^285 |
| 64 | lv_79_m31 | 1.1784029037498743 × 10^285 |
| 65 | ov_065 | 1.3884389253087035 × 10^286 |
| 66 | ov_066 | 1.3884350527349684 × 10^286 |
| 67 | ov_067 | 1.3884341369774875 × 10^286 |
| 68 | ov_068 | 1.1968802789070052 × 10^286 |
| 69 | ov_069 | 1.0260507059781016 × 10^286 |
| 70 | ov_070 | 8.743661202999093 × 10^285 |
| 71 | ov_071 | 7.40321323897181 × 10^285 |
| 72 | ov_072 | 6.224810334783764 × 10^285 |
| 73 | ov_073 | 5.194766256768626 × 10^285 |
| 74 | ov_074 | 4.300036226770115 × 10^285 |
| 75 | ov_075 | 3.5281973807183065 × 10^285 |
| 76 | ov_076 | 2.867433123738883 × 10^285 |
| 77 | ov_077 | 2.306519942535183 × 10^285 |
| 78 | ov_078 | 1.8348158365407605 × 10^285 |
| 79 | ov_079 | 1.4422500959297654 × 10^285 |
| 80 | ov_080 | 1.1193143403401108 × 10^285 |
| 81 | ov_081 | 8.570547330066785 × 10^284 |
| 82 | ov_082 | 6.470652856344485 × 10^284 |
| 83 | ov_083 | 4.814821698098614 × 10^284 |
| 84 | ov_084 | 3.529789510900037 × 10^284 |
| 85 | ov_085 | 2.547626621523034 × 10^284 |
| 86 | ov_086 | 1.805706315548532 × 10^284 |
| 87 | ov_087 | 1.2466798476792205 × 10^284 |
| 88 | ov_088 | 8.431896079756652 × 10^283 |
| 89 | ov_089 | 5.483905480669101 × 10^283 |
| 90 | ov_090 | 3.4016988549535057 × 10^283 |
| 91 | ov_091 | 1.9903036552002392 × 10^283 |
| 92 | ov_092 | 1.080877942477718 × 10^283 |
| 93 | ov_093 | 5.3069651696310366 × 10^282 |
| 94 | ov_094 | 2.2314410140316906 × 10^282 |
| 95 | aaa_78_28 | 6.771255747237468 × 10^281 |
| 96 | aaa_78_29 | 2.023119836422218 × 10^281 |
| 97 | ov_097 | 1.0709379347593135 × 10^281 |
| 98 | ov_098 | 1.0709242144422576 × 10^281 |
| 99 | ov_099 | 1.0709198319426345 × 10^281 |
| 100 | ov_100 | 8.767428431309201 × 10^280 |
| 101 | ov_101 | 7.130882047367906 × 10^280 |
| 102 | ov_102 | 5.765882507325824 × 10^280 |
| 103 | ov_103 | 4.640581216140797 × 10^280 |
| 104 | ov_104 | 3.7248237349831625 × 10^280 |
| 105 | ov_105 | 2.990034043923276 × 10^280 |
| 106 | ov_106 | 2.4091152472628772 × 10^280 |
| 107 | ov_107 | 1.9563650794916064 × 10^280 |
| 108 | ov_108 | 1.6074046541265442 × 10^280 |
| 109 | ov_109 | 1.3391189798168812 × 10^280 |
| 110 | ov_110 | 1.1296078485878008 × 10^280 |
| 111 | ov_111 | 9.581457803910663 × 10^279 |
| 112 | ov_112 | 8.051497865752038 × 10^279 |
| 113 | ov_113 | 6.695229526080786 × 10^279 |
| 114 | ov_114 | 5.501837910563315 × 10^279 |
| 115 | ov_115 | 4.460625965721503 × 10^279 |
| 116 | ov_116 | 3.5609855958743516 × 10^279 |
| 117 | ov_117 | 2.792374698673643 × 10^279 |
| 118 | ov_118 | 2.1442995223826753 × 10^279 |
| 119 | ov_119 | 1.6063011376338472 × 10^279 |
| 120 | ov_120 | 1.1679448165480123 × 10^279 |
| 121 | ov_121 | 8.188119350600334 × 10^278 |
| 122 | ov_122 | 5.484940143482348 × 10^278 |
| 123 | ov_123 | 3.4658851728537625 × 10^278 |
| 124 | ov_124 | 2.026960158280692 × 10^278 |
| 125 | ov_125 | 1.064184382981547 × 10^278 |
| 126 | ov_126 | 4.735817651298725 × 10^277 |
| 127 | aaa_77_28 | 1.5117743563749848 × 10^277 |
| 128 | aaa_77_29 | 5.665270198385441 × 10^276 |
| 129 | ov_129 | 5.15784050171835 × 10^276 |
| 130 | ov_130 | 5.157824084051016 × 10^276 |
| 131 | ov_131 | 5.157820123487866 × 10^276 |
| 132 | ov_132 | 4.4574970263099507 × 10^276 |
| 133 | ov_133 | 3.8312237636421995 × 10^276 |
| 134 | ov_134 | 3.273112244185222 × 10^276 |
| 135 | ov_135 | 2.777580463361178 × 10^276 |
| 136 | ov_136 | 2.339330501003375 × 10^276 |
| 137 | ov_137 | 1.9557818849556145 × 10^276 |
| 138 | ov_138 | 1.6221517334627293 × 10^276 |
| 139 | ov_139 | 1.3338937387048024 × 10^276 |
| 140 | ov_140 | 1.0866874371651008 × 10^276 |
| 141 | ov_141 | 8.764295448912252 × 10^275 |
| 142 | ov_142 | 6.992270881553584 × 10^275 |
| 143 | ov_143 | 5.513920756186453 × 10^275 |
| 144 | ov_144 | 4.294374736151025 × 10^275 |
| 145 | ov_145 | 3.300742616223681 × 10^275 |
| 146 | ov_146 | 2.5020936039828156 × 10^275 |
| 147 | ov_147 | 1.8694424064420344 × 10^275 |
| 148 | ov_148 | 1.3757403541480964 × 10^275 |
| 149 | ov_149 | 9.9586994835041 × 10^274 |
| 150 | ov_150 | 7.066414422979073 × 10^274 |
| 151 | ov_151 | 4.867904904615511 × 10^274 |
| 152 | ov_152 | 3.2616602164792182 × 10^274 |
| 153 | ov_153 | 2.073497371393653 × 10^274 |
| 154 | ov_154 | 1.2211295075486857 × 10^274 |
| 155 | ov_155 | 6.318754187594792 × 10^273 |
| 156 | aaa_76_25 | 2.426574480931958 × 10^273 |
| 157 | aaa_76_26 | 1.399708273781406 × 10^273 |
| 158 | aaa_76_27 | 7.15567828810015 × 10^272 |
| 159 | aaa_76_28 | 2.7814043009203903 × 10^272 |
| 160 | aaa_76_29 | 8.444209366665717 × 10^271 |

### Output Bits Sorted by Complexity

| Rank | Output Bit | Complexity |
|:----:|:----------:|:----------:|
| 160 | aaa_76_29 | 8.444209366665717 × 10^271 |
| 159 | aaa_76_28 | 2.7814043009203903 × 10^272 |
| 158 | aaa_76_27 | 7.15567828810015 × 10^272 |
| 157 | aaa_76_26 | 1.399708273781406 × 10^273 |
| 156 | aaa_76_25 | 2.426574480931958 × 10^273 |
| 155 | ov_155 | 6.318754187594792 × 10^273 |
| 154 | ov_154 | 1.2211295075486857 × 10^274 |
| 153 | ov_153 | 2.073497371393653 × 10^274 |
| 152 | ov_152 | 3.2616602164792182 × 10^274 |
| 151 | ov_151 | 4.867904904615511 × 10^274 |
| 150 | ov_150 | 7.066414422979073 × 10^274 |
| 149 | ov_149 | 9.9586994835041 × 10^274 |
| 148 | ov_148 | 1.3757403541480964 × 10^275 |
| 147 | ov_147 | 1.8694424064420344 × 10^275 |
| 146 | ov_146 | 2.5020936039828156 × 10^275 |
| 145 | ov_145 | 3.300742616223681 × 10^275 |
| 144 | ov_144 | 4.294374736151025 × 10^275 |
| 143 | ov_143 | 5.513920756186453 × 10^275 |
| 142 | ov_142 | 6.992270881553584 × 10^275 |
| 141 | ov_141 | 8.764295448912252 × 10^275 |
| 140 | ov_140 | 1.0866874371651008 × 10^276 |
| 139 | ov_139 | 1.3338937387048024 × 10^276 |
| 138 | ov_138 | 1.6221517334627293 × 10^276 |
| 137 | ov_137 | 1.9557818849556145 × 10^276 |
| 136 | ov_136 | 2.339330501003375 × 10^276 |
| 135 | ov_135 | 2.777580463361178 × 10^276 |
| 134 | ov_134 | 3.273112244185222 × 10^276 |
| 133 | ov_133 | 3.8312237636421995 × 10^276 |
| 132 | ov_132 | 4.4574970263099507 × 10^276 |
| 131 | ov_131 | 5.157820123487866 × 10^276 |
| 130 | ov_130 | 5.157824084051016 × 10^276 |
| 129 | ov_129 | 5.15784050171835 × 10^276 |
| 128 | aaa_77_29 | 5.665270198385441 × 10^276 |
| 127 | aaa_77_28 | 1.5117743563749848 × 10^277 |
| 126 | ov_126 | 4.735817651298725 × 10^277 |
| 125 | ov_125 | 1.064184382981547 × 10^278 |
| 124 | ov_124 | 2.026960158280692 × 10^278 |
| 123 | ov_123 | 3.4658851728537625 × 10^278 |
| 122 | ov_122 | 5.484940143482348 × 10^278 |
| 121 | ov_121 | 8.188119350600334 × 10^278 |
| 120 | ov_120 | 1.1679448165480123 × 10^279 |
| 119 | ov_119 | 1.6063011376338472 × 10^279 |
| 118 | ov_118 | 2.1442995223826753 × 10^279 |
| 117 | ov_117 | 2.792374698673643 × 10^279 |
| 116 | ov_116 | 3.5609855958743516 × 10^279 |
| 115 | ov_115 | 4.460625965721503 × 10^279 |
| 114 | ov_114 | 5.501837910563315 × 10^279 |
| 113 | ov_113 | 6.695229526080786 × 10^279 |
| 112 | ov_112 | 8.051497865752038 × 10^279 |
| 111 | ov_111 | 9.581457803910663 × 10^279 |
| 110 | ov_110 | 1.1296078485878008 × 10^280 |
| 109 | ov_109 | 1.3391189798168812 × 10^280 |
| 108 | ov_108 | 1.6074046541265442 × 10^280 |
| 107 | ov_107 | 1.9563650794916064 × 10^280 |
| 106 | ov_106 | 2.4091152472628772 × 10^280 |
| 105 | ov_105 | 2.990034043923276 × 10^280 |
| 104 | ov_104 | 3.7248237349831625 × 10^280 |
| 103 | ov_103 | 4.640581216140797 × 10^280 |
| 102 | ov_102 | 5.765882507325824 × 10^280 |
| 101 | ov_101 | 7.130882047367906 × 10^280 |
| 100 | ov_100 | 8.767428431309201 × 10^280 |
| 99 | ov_099 | 1.0709198319426345 × 10^281 |
| 98 | ov_098 | 1.0709242144422576 × 10^281 |
| 97 | ov_097 | 1.0709379347593135 × 10^281 |
| 96 | aaa_78_29 | 2.023119836422218 × 10^281 |
| 95 | aaa_78_28 | 6.771255747237468 × 10^281 |
| 94 | ov_094 | 2.2314410140316906 × 10^282 |
| 93 | ov_093 | 5.3069651696310366 × 10^282 |
| 92 | ov_092 | 1.080877942477718 × 10^283 |
| 91 | ov_091 | 1.9903036552002392 × 10^283 |
| 90 | ov_090 | 3.4016988549535057 × 10^283 |
| 89 | ov_089 | 5.483905480669101 × 10^283 |
| 88 | ov_088 | 8.431896079756652 × 10^283 |
| 87 | ov_087 | 1.2466798476792205 × 10^284 |
| 86 | ov_086 | 1.805706315548532 × 10^284 |
| 85 | ov_085 | 2.547626621523034 × 10^284 |
| 84 | ov_084 | 3.529789510900037 × 10^284 |
| 83 | ov_083 | 4.814821698098614 × 10^284 |
| 82 | ov_082 | 6.470652856344485 × 10^284 |
| 81 | ov_081 | 8.570547330066785 × 10^284 |
| 80 | ov_080 | 1.1193143403401108 × 10^285 |
| 64 | lv_79_m31 | 1.1784029037498743 × 10^285 |
| 79 | ov_079 | 1.4422500959297654 × 10^285 |
| 78 | ov_078 | 1.8348158365407605 × 10^285 |
| 77 | ov_077 | 2.306519942535183 × 10^285 |
| 76 | ov_076 | 2.867433123738883 × 10^285 |
| 75 | ov_075 | 3.5281973807183065 × 10^285 |
| 74 | ov_074 | 4.300036226770115 × 10^285 |
| 73 | ov_073 | 5.194766256768626 × 10^285 |
| 63 | ov_063 | 6.054059580284525 × 10^285 |
| 72 | ov_072 | 6.224810334783764 × 10^285 |
| 71 | ov_071 | 7.40321323897181 × 10^285 |
| 70 | ov_070 | 8.743661202999093 × 10^285 |
| 69 | ov_069 | 1.0260507059781016 × 10^286 |
| 68 | ov_068 | 1.1968802789070052 × 10^286 |
| 67 | ov_067 | 1.3884341369774875 × 10^286 |
| 66 | ov_066 | 1.3884350527349684 × 10^286 |
| 65 | ov_065 | 1.3884389253087035 × 10^286 |
| 62 | ov_062 | 3.109487604296253 × 10^286 |
| 61 | ov_061 | 1.1346278197267799 × 10^287 |
| 60 | ov_060 | 3.2512354500946214 × 10^287 |
| 59 | ov_059 | 7.852351289116178 × 10^287 |
| 58 | ov_058 | 1.5948407951564788 × 10^288 |
| 57 | ov_057 | 2.8832654795599475 × 10^288 |
| 56 | ov_056 | 4.8081169133377784 × 10^288 |
| 55 | ov_055 | 7.555288734802215 × 10^288 |
| 54 | ov_054 | 1.1338967351734346 × 10^289 |
| 53 | ov_053 | 1.6401645149969116 × 10^289 |
| 52 | ov_052 | 2.3014143668569106 × 10^289 |
| 51 | ov_051 | 3.1746472945330154 × 10^289 |
| 50 | ov_050 | 4.3225435084219864 × 10^289 |
| 49 | ov_049 | 5.813476764328354 × 10^289 |
| 48 | ov_048 | 7.721534901023159 × 10^289 |
| 47 | ov_047 | 1.012654846217276 × 10^290 |
| 32 | lv_80_m31 | 1.2523469540258757 × 10^290 |
| 46 | ov_046 | 1.3114129939929784 × 10^290 |
| 45 | ov_045 | 1.6775726660889747 × 10^290 |
| 44 | ov_044 | 2.120869095033026 × 10^290 |
| 43 | ov_043 | 2.6516372126896626 × 10^290 |
| 42 | ov_042 | 3.2808235550640198 × 10^290 |
| 41 | ov_041 | 4.020001437302398 × 10^290 |
| 40 | ov_040 | 4.875444534664176 × 10^290 |
| 39 | ov_039 | 5.853767732880388 × 10^290 |
| 31 | ov_031 | 6.421000795844733 × 10^290 |
| 38 | ov_038 | 6.96194292610211 × 10^290 |
| 37 | ov_037 | 8.214289880219509 × 10^290 |
| 36 | ov_036 | 9.625902859615242 × 10^290 |
| 35 | ov_035 | 1.121269971373944 × 10^291 |
| 34 | ov_034 | 1.2991479412637289 × 10^291 |
| 33 | ov_033 | 1.497998895330585 × 10^291 |
| 30 | ov_030 | 3.2917251957935996 × 10^291 |
| 29 | ov_029 | 1.0767405313367157 × 10^292 |
| 28 | ov_028 | 2.7944753893942227 × 10^292 |
| 27 | ov_027 | 6.245728365499637 × 10^292 |
| 26 | ov_026 | 1.2489526476956863 × 10^293 |
| 25 | ov_025 | 2.2880576085996644 × 10^293 |
| 24 | ov_024 | 3.906927663607666 × 10^293 |
| 23 | ov_023 | 6.300176080143521 × 10^293 |
| 22 | ov_022 | 9.886612374995505 × 10^293 |
| 21 | ov_021 | 1.4920035195565986 × 10^294 |
| 20 | ov_020 | 2.1937677913834453 × 10^294 |
| 19 | ov_019 | 3.153609917145809 × 10^294 |
| 18 | ov_018 | 4.437131485111874 × 10^294 |
| 17 | ov_017 | 6.115898896527 × 10^294 |
| 16 | ov_016 | 8.267469946614204 × 10^294 |
| 15 | ov_015 | 1.0975429724504227 × 10^295 |
| 14 | ov_014 | 1.4329438156289868 × 10^295 |
| 13 | ov_013 | 1.8425292583054587 × 10^295 |
| 12 | ov_012 | 2.3365009918935966 × 10^295 |
| 11 | ov_011 | 2.925693363180097 × 10^295 |
| 10 | ov_010 | 3.621587124556213 × 10^295 |
| 9 | ov_009 | 4.4363268521627046 × 10^295 |
| 8 | ov_008 | 5.382742693820671 × 10^295 |
| 7 | ov_007 | 6.474377155119354 × 10^295 |
| 6 | ov_006 | 7.725517679030875 × 10^295 |
| 5 | ov_005 | 9.151235822079246 × 10^295 |
| 4 | ov_004 | 1.0767433878603344 × 10^296 |
| 3 | ov_003 | 1.2590899794806155 × 10^296 |
| 2 | ov_002 | 1.4639371083625426 × 10^296 |
| 1 | ov_001 | 1.6931608312546466 × 10^296 |

