# Results for E001006-E004005-E009012-F013-F014-F015-F016-F017-F018-F019-F020-F021-F022-F023-F024-F025-F026-F027-F028-F029-F030-F031-F032-F033-F034-F035-F036-F037-F038-F039-F040-F041-F042-F043-F044-F045-F046-F047-F048-F049-F050-F051-F052-F053-F054-F055-F056-F057-F058-F059-F060-F061-F062-F063-F064-F065-F066-F067-F068-F069-F070-F071-F072-F073-F074-F075-F076-F077-F078-F079-F080-F081-F082-F083-F084-F085-F086-F087-F088-F089-F090-F091-F092-F093-F094-F095-F096-F097-F098-F099-F100-F101-F102-F103-F104-F105-F106-F107-F108-F109-F110-F111-F112-F113-F114-F115-F116-F117-F118-F119-F120-F121-F122-F123-F124-F125-F126-F127-F128-F129-F130-F131-F132-F133-F134-F135-F136-F137-F138-F139-F140-F141-F142-F143-F144-F145-F146-F147-F148-F149-F150-F151-F152-F153-F154-F155-F156-F157-F158-F159-F160-F161-F162-F163-F164-F165-F166-F167-F168-F169-F170-F171-F172-F173-F174-F175-F176-F177-F178-F179-F180-F181-F182-F183-F184-F185-F186-F187-F188-F189-F190-F191-F192-F193-F194-F195-F196-F197-F198-F199-F200-F201-F202-F203-F204-F205-F206-F207-F208-F209-F210-F211-F212-F213-F214-F215-F216-F217-F218-F219-F220-F221-F222-F223-F224-F225-F226-F227-F228-F229-F230-F231-F232-F233-F234-F235-F236-F237-F238-F239-F240-F241-F242-F243-F244-F245-F246-F247-F248-F249-F250-F251-F252-F253-F254-F255-F256-F257-F258-F259-F260-F261-F262-F263-F264-F265-F266-F267-F268-F269-F270-F271-F272-F273-F274-F275-F276-F277-F278-F279-F280-F281-F282-F283-F284-F285-F286-F287-F288-F289-F290-F291-F292-F293-F294-F295-F296-F297-F298-F299-F300-F301-F302-F303-F304-F305-F306-F307-F308-F309-F310-F311-F312-F313-F314-F315-F316-F317-F318-F319-F320-F321-F322-F323-F324-F325-F326-F327-F328-F329-F330-F331-F332-F333-F334-F335-F336-F337-F338-F339-F340-F341-F342-F343-F344-F345-F346-F347-F348-F349-F350-F351-F352-F353-F354-F355-F356-F357-F358-F359-F360-F361-F362-F363-F364-F365-F366-F367-F368-F369-F370-F371-F372-F373-F374-F375-F376-F377-F378-F379-F380-F381-F382-F383-F384-F385-F386-F387-F388-F389-F390-F391-F392-F393-F394-F395-F396-F397-F398-F399-F400-F401-F402-F403-F404-F405-F406-F407-F408-F409-F410-F411-F412-F413-F414-F415-F416-F417-F418-F419-F420-F421-F422-F423-F424-F425-F426-F427-F428-F429-F430-F431-F432-F433-F434-F435-F436-F437-F438-F439-F440-F441-F442-F443-F444-F445-F446-F447-F448-F449-F450-F451-F452-F453-F454-F455-F456-F457-F458-F459-F460-F461-F462-F463-F464-F465-F466-F467-F468-F469-F470-F471-F472-F473-F474-F475-F476-F477-F478-F479-F480-F481-F482-F483-F484-F485-F486-F487-F488-F489-F490-F491-F492-F493-F494-F495-F496-F497-F498-F499-F500-F501-F502-F503-F504-F505-F506-F507-F508-F509-F510-F511-F512

## Summary

Number of input bits: 512  
Number of free input bits: 9  
Number of output bits: 160

Number of direct occurrences: 41375  
Number of assignments: 38272  
Number of operations: 18839929
(xor: 18800791,
and: 22961,
or: 16177)

Total complexity: 1.6668092333725545 × 10^353

Least occurring input variable: iv_007 (4322)  
Most occurring input variable: iv_009 (4960)

Most co-occurring input variables: iv_002-iv_009 (2337)  
Least co-occurring input variables: iv_007-iv_011 (1936)

Potentially most occurring input variable: iv_001/iv_009 (5277)  
Potentially least occurring input variable: iv_002/iv_007 (4537)

Least output occurring input variable: iv_011 (63)  
Most output occurring input variable: iv_003 (87)

Most output co-occurring input variables: iv_002-iv_010 (46)  
Least output co-occurring input variables: iv_009-iv_011 (20)

Potentially most output occurring input variable: iv_003/iv_008 (98)  
Potentially least output occurring input variable: iv_002/iv_007 (69)

Least complex input bit: iv_002 (9.192379150170749 × 10^350)  
Most complex input bit: iv_009 (5.2021929312167204 × 10^352)

Least complex output bit: aaa_76_29 (4.9600167143146074 × 10^328)  
Most complex output bit: ov_001 (2.539870416111138 × 10^352)

Least complex input/output complexity: iv_002/aaa_76_29 (2.735427265237199 × 10^326)  
Most complex input/output complexity: iv_009/ov_001 (7.927059474085944 × 10^351)

## Input Bits

### Input Bits in Regular Order

| Input Bit | Complexity | Occurrences | Output Occurrences |
|:---------:|:----------:|:-----------:|:------------------:|
| iv_001 | 1.198879293880488 × 10^352 | 4717 | 68 |
| iv_002 | 9.192379150170749 × 10^350 | 4613 | 85 |
| iv_003 | 2.5987700531700725 × 10^351 | 4669 | 87 |
| iv_004 | 1.1197325998048878 × 10^352 | 4436 | 67 |
| iv_007 | 1.5368102511037689 × 10^352 | 4322 | 70 |
| iv_008 | 1.9482101817647267 × 10^352 | 4515 | 81 |
| iv_009 | 5.2021929312167204 × 10^352 | 4960 | 65 |
| iv_010 | 2.572320641189643 × 10^352 | 4482 | 83 |
| iv_011 | 2.7381456379465953 × 10^352 | 4661 | 63 |

### Input Bits Sorted by Complexity

| Input Bit | Complexity | Occurrences | Output Occurrences |
|:---------:|:----------:|:-----------:|:------------------:|
| iv_002 | 9.192379150170749 × 10^350 | 4613 | 85 |
| iv_003 | 2.5987700531700725 × 10^351 | 4669 | 87 |
| iv_004 | 1.1197325998048878 × 10^352 | 4436 | 67 |
| iv_001 | 1.198879293880488 × 10^352 | 4717 | 68 |
| iv_007 | 1.5368102511037689 × 10^352 | 4322 | 70 |
| iv_008 | 1.9482101817647267 × 10^352 | 4515 | 81 |
| iv_010 | 2.572320641189643 × 10^352 | 4482 | 83 |
| iv_011 | 2.7381456379465953 × 10^352 | 4661 | 63 |
| iv_009 | 5.2021929312167204 × 10^352 | 4960 | 65 |

### Input Bits Sorted by Occurrences

| Input Bit | Complexity | Occurrences | Output Occurrences |
|:---------:|:----------:|:-----------:|:------------------:|
| iv_007 | 1.5368102511037689 × 10^352 | 4322 | 70 |
| iv_004 | 1.1197325998048878 × 10^352 | 4436 | 67 |
| iv_010 | 2.572320641189643 × 10^352 | 4482 | 83 |
| iv_008 | 1.9482101817647267 × 10^352 | 4515 | 81 |
| iv_002 | 9.192379150170749 × 10^350 | 4613 | 85 |
| iv_011 | 2.7381456379465953 × 10^352 | 4661 | 63 |
| iv_003 | 2.5987700531700725 × 10^351 | 4669 | 87 |
| iv_001 | 1.198879293880488 × 10^352 | 4717 | 68 |
| iv_009 | 5.2021929312167204 × 10^352 | 4960 | 65 |

### Input Bits Sorted by Output Occurrences

| Input Bit | Complexity | Occurrences | Output Occurrences |
|:---------:|:----------:|:-----------:|:------------------:|
| iv_011 | 2.7381456379465953 × 10^352 | 4661 | 63 |
| iv_009 | 5.2021929312167204 × 10^352 | 4960 | 65 |
| iv_004 | 1.1197325998048878 × 10^352 | 4436 | 67 |
| iv_001 | 1.198879293880488 × 10^352 | 4717 | 68 |
| iv_007 | 1.5368102511037689 × 10^352 | 4322 | 70 |
| iv_008 | 1.9482101817647267 × 10^352 | 4515 | 81 |
| iv_010 | 2.572320641189643 × 10^352 | 4482 | 83 |
| iv_002 | 9.192379150170749 × 10^350 | 4613 | 85 |
| iv_003 | 2.5987700531700725 × 10^351 | 4669 | 87 |

## Input Bit Co-occurrences

### Input Bit Co-occurrences Sorted by Co-occurrences

| Input Bits | Co-occurrences | Potential Occurrences | Output Co-occurrences | Potential Output Occurrences |
|:----------:|:--------------:|:---------------------:|:---------------------:|:----------------------------:|
| iv_002-iv_009 | 2337 | 4899 | 31 | 88 |
| iv_002-iv_003 | 2315 | 4652 | 43 | 86 |
| iv_009-iv_011 | 2235 | 5151 | 20 | 88 |
| iv_003-iv_009 | 2232 | 5165 | 38 | 76 |
| iv_001-iv_002 | 2214 | 4902 | 37 | 79 |
| iv_001-iv_011 | 2212 | 4954 | 25 | 81 |
| iv_008-iv_009 | 2211 | 5053 | 32 | 82 |
| iv_001-iv_009 | 2200 | 5277 | 24 | 85 |
| iv_002-iv_007 | 2199 | 4537 | 43 | 69 |

### Input Bit Co-occurrences Sorted by Potential Occurrences

| Input Bits | Co-occurrences | Potential Occurrences | Output Co-occurrences | Potential Output Occurrences |
|:----------:|:--------------:|:---------------------:|:---------------------:|:----------------------------:|
| iv_002-iv_007 | 2199 | 4537 | 43 | 69 |
| iv_004-iv_010 | 2138 | 4642 | 33 | 84 |
| iv_002-iv_003 | 2315 | 4652 | 43 | 86 |
| iv_007-iv_010 | 2027 | 4750 | 32 | 89 |
| iv_004-iv_011 | 2153 | 4791 | 28 | 74 |
| iv_010-iv_011 | 2171 | 4801 | 35 | 76 |
| iv_002-iv_008 | 2160 | 4808 | 44 | 78 |
| iv_003-iv_008 | 2183 | 4818 | 35 | 98 |
| iv_007-iv_008 | 1999 | 4839 | 38 | 75 |

### Input Bit Output Co-occurrences Sorted by Output Co-occurrences

| Input Bits | Co-occurrences | Potential Occurrences | Output Co-occurrences | Potential Output Occurrences |
|:----------:|:--------------:|:---------------------:|:---------------------:|:----------------------------:|
| iv_008-iv_010 | 2064 | 4869 | 46 | 72 |
| iv_002-iv_010 | 2113 | 4869 | 46 | 76 |
| iv_002-iv_008 | 2160 | 4808 | 44 | 78 |
| iv_002-iv_003 | 2315 | 4652 | 43 | 86 |
| iv_002-iv_007 | 2199 | 4537 | 43 | 69 |
| iv_001-iv_010 | 2077 | 5045 | 40 | 71 |
| iv_003-iv_007 | 2030 | 4931 | 40 | 77 |
| iv_002-iv_004 | 2065 | 4919 | 40 | 72 |
| iv_002-iv_011 | 2125 | 5024 | 39 | 70 |

### Input Bit Output Co-occurrences Sorted by Potential Output Occurrences

| Input Bits | Co-occurrences | Potential Occurrences | Output Co-occurrences | Potential Output Occurrences |
|:----------:|:--------------:|:---------------------:|:---------------------:|:----------------------------:|
| iv_002-iv_007 | 2199 | 4537 | 43 | 69 |
| iv_002-iv_011 | 2125 | 5024 | 39 | 70 |
| iv_001-iv_010 | 2077 | 5045 | 40 | 71 |
| iv_008-iv_010 | 2064 | 4869 | 46 | 72 |
| iv_002-iv_004 | 2065 | 4919 | 40 | 72 |
| iv_007-iv_009 | 2069 | 5144 | 31 | 73 |
| iv_004-iv_008 | 2023 | 4905 | 37 | 74 |
| iv_008-iv_011 | 2002 | 5172 | 35 | 74 |
| iv_004-iv_011 | 2153 | 4791 | 28 | 74 |

## Output Bits

### Output Bits in Regular Order

| Rank | Output Bit | Complexity |
|:----:|:----------:|:----------:|
| 1 | ov_001 | 2.539870416111138 × 10^352 |
| 2 | ov_002 | 2.2252543571527494 × 10^352 |
| 3 | ov_003 | 1.9412999292574827 × 10^352 |
| 4 | ov_004 | 1.6851845053320492 × 10^352 |
| 5 | ov_005 | 1.4542464977208646 × 10^352 |
| 6 | ov_006 | 1.2459738562310976 × 10^352 |
| 7 | ov_007 | 1.0591465849861812 × 10^352 |
| 8 | ov_008 | 8.926119478661475 × 10^351 |
| 9 | ov_009 | 7.45280255170879 × 10^351 |
| 10 | ov_010 | 6.161212013003631 × 10^351 |
| 11 | ov_011 | 5.041607212322983 × 10^351 |
| 12 | ov_012 | 4.084783289784852 × 10^351 |
| 13 | ov_013 | 3.273852639237198 × 10^351 |
| 14 | ov_014 | 2.5929027251942825 × 10^351 |
| 15 | ov_015 | 2.0269688274495916 × 10^351 |
| 16 | ov_016 | 1.5620122042159743 × 10^351 |
| 17 | ov_017 | 1.1849028884498146 × 10^351 |
| 18 | ov_018 | 8.834063964978947 × 10^350 |
| 19 | ov_019 | 6.461736917472188 × 10^350 |
| 20 | ov_020 | 4.627338087901667 × 10^350 |
| 21 | ov_021 | 3.2348860593571456 × 10^350 |
| 22 | ov_022 | 2.1970917586295248 × 10^350 |
| 23 | ov_023 | 1.4353350595195327 × 10^350 |
| 24 | ov_024 | 8.796504143214928 × 10^349 |
| 25 | ov_025 | 4.972173632270244 × 10^349 |
| 26 | ov_026 | 2.5953720323442686 × 10^349 |
| 27 | ov_027 | 1.2257305225748033 × 10^349 |
| 28 | ov_028 | 5.092740005713839 × 10^348 |
| 29 | ov_029 | 1.784185385311608 × 10^348 |
| 30 | ov_030 | 4.91032500615359 × 10^347 |
| 31 | ov_031 | 9.606700251572475 × 10^346 |
| 32 | lv_80_m31 | 1.879517607956441 × 10^346 |
| 33 | ov_033 | 2.3478922965908498 × 10^347 |
| 34 | ov_034 | 2.0611431697256916 × 10^347 |
| 35 | ov_035 | 1.8030443148624488 × 10^347 |
| 36 | ov_036 | 1.570851339322273 × 10^347 |
| 37 | ov_037 | 1.3619883580346337 × 10^347 |
| 38 | ov_038 | 1.1740365970012216 × 10^347 |
| 39 | ov_039 | 1.0047240117863748 × 10^347 |
| 40 | ov_040 | 8.529500265332343 × 10^346 |
| 41 | ov_041 | 7.176804801058687 × 10^346 |
| 42 | ov_042 | 5.979435881687269 × 10^346 |
| 43 | ov_043 | 4.928263202411473 × 10^346 |
| 44 | ov_044 | 4.0147116738917705 × 10^346 |
| 45 | ov_045 | 3.2307327684055405 × 10^346 |
| 46 | ov_046 | 2.5687793030671077 × 10^346 |
| 47 | ov_047 | 2.0151758981975648 × 10^346 |
| 48 | ov_048 | 1.5571515347836112 × 10^346 |
| 49 | ov_049 | 1.1828095651923589 × 10^346 |
| 50 | ov_050 | 8.811025812843573 × 10^345 |
| 51 | ov_051 | 6.418116999174364 × 10^345 |
| 52 | ov_052 | 4.555298270739173 × 10^345 |
| 53 | ov_053 | 3.136484626235472 × 10^345 |
| 54 | ov_054 | 2.0834760818134553 × 10^345 |
| 55 | ov_055 | 1.325883407480245 × 10^345 |
| 56 | ov_056 | 8.010761493379308 × 10^344 |
| 57 | ov_057 | 4.5414856621103485 × 10^344 |
| 58 | ov_058 | 2.378991456925789 × 10^344 |
| 59 | ov_059 | 1.1281957854393365 × 10^344 |
| 60 | ov_060 | 4.708962533465685 × 10^343 |
| 61 | ov_061 | 1.6575147538027785 × 10^343 |
| 62 | ov_062 | 4.582975770325112 × 10^342 |
| 63 | ov_063 | 9.009909723599532 × 10^341 |
| 64 | lv_79_m31 | 1.7711367459374496 × 10^341 |
| 65 | ov_065 | 2.4279200417197707 × 10^342 |
| 66 | ov_066 | 2.42784604427119 × 10^342 |
| 67 | ov_067 | 2.427822263278502 × 10^342 |
| 68 | ov_068 | 2.183289109760702 × 10^342 |
| 69 | ov_069 | 1.9571156223245074 × 10^342 |
| 70 | ov_070 | 1.7482488405859863 × 10^342 |
| 71 | ov_071 | 1.5557125674281896 × 10^342 |
| 72 | ov_072 | 1.3785988926214356 × 10^342 |
| 73 | ov_073 | 1.2160601953671033 × 10^342 |
| 74 | ov_074 | 1.0673015989955764 × 10^342 |
| 75 | ov_075 | 9.315738523558906 × 10^341 |
| 76 | ov_076 | 8.0816670261588 × 10^341 |
| 77 | ov_077 | 6.964029087371713 × 10^341 |
| 78 | ov_078 | 5.956329458345152 × 10^341 |
| 79 | ov_079 | 5.0523035713977183 × 10^341 |
| 80 | ov_080 | 4.2458771124851995 × 10^341 |
| 81 | ov_081 | 3.5311306029468144 × 10^341 |
| 82 | ov_082 | 2.9022679526188436 × 10^341 |
| 83 | ov_083 | 2.3535892060869698 × 10^341 |
| 84 | ov_084 | 1.8794677068098405 × 10^341 |
| 85 | ov_085 | 1.474331278113473 × 10^341 |
| 86 | ov_086 | 1.1326470213910069 × 10^341 |
| 87 | ov_087 | 8.489093326702126 × 10^340 |
| 88 | ov_088 | 6.176307391961567 × 10^340 |
| 89 | ov_089 | 4.3333515793653424 × 10^340 |
| 90 | ov_090 | 2.9055317803258147 × 10^340 |
| 91 | ov_091 | 1.8381896926363447 × 10^340 |
| 92 | ov_092 | 1.0766842194828807 × 10^340 |
| 93 | ov_093 | 5.66381433769412 × 10^339 |
| 94 | ov_094 | 2.526498682199986 × 10^339 |
| 95 | aaa_78_28 | 8.085870219223005 × 10^338 |
| 96 | aaa_78_29 | 3.0424600181557506 × 10^338 |
| 97 | ov_097 | 2.9596551530176327 × 10^338 |
| 98 | ov_098 | 2.959646378732287 × 10^338 |
| 99 | ov_099 | 2.959644248178638 × 10^338 |
| 100 | ov_100 | 2.597368827194186 × 10^338 |
| 101 | ov_101 | 2.2709644326692395 × 10^338 |
| 102 | ov_102 | 1.9771371363802574 × 10^338 |
| 103 | ov_103 | 1.71278250442824 × 10^338 |
| 104 | ov_104 | 1.4749725775225934 × 10^338 |
| 105 | ov_105 | 1.2609442440161184 × 10^338 |
| 106 | ov_106 | 1.069355790440469 × 10^338 |
| 107 | ov_107 | 8.989403315186147 × 10^337 |
| 108 | ov_108 | 7.48501529279453 × 10^337 |
| 109 | ov_109 | 6.169098443593913 × 10^337 |
| 110 | ov_110 | 5.030992785610685 × 10^337 |
| 111 | ov_111 | 4.06064570169073 × 10^337 |
| 112 | ov_112 | 3.239682357006847 × 10^337 |
| 113 | ov_113 | 2.5508382382030796 × 10^337 |
| 114 | ov_114 | 1.977929289881671 × 10^337 |
| 115 | ov_115 | 1.50582815932063 × 10^337 |
| 116 | ov_116 | 1.1204458054670482 × 10^337 |
| 117 | ov_117 | 8.1499529614181 × 10^336 |
| 118 | ov_118 | 5.774262722005938 × 10^336 |
| 119 | ov_119 | 3.966953819985741 × 10^336 |
| 120 | ov_120 | 2.6276133718393123 × 10^336 |
| 121 | ov_121 | 1.6658169603943562 × 10^336 |
| 122 | ov_122 | 1.0011089271039453 × 10^336 |
| 123 | ov_123 | 5.629911659760791 × 10^335 |
| 124 | ov_124 | 2.90917317727983 × 10^335 |
| 125 | ov_125 | 1.3429009404793486 × 10^335 |
| 126 | ov_126 | 5.24602179288902 × 10^334 |
| 127 | aaa_77_28 | 1.4726080978049763 × 10^334 |
| 128 | aaa_77_29 | 4.491135759593102 × 10^333 |
| 129 | ov_129 | 2.745527426116438 × 10^333 |
| 130 | ov_130 | 2.7455177077303276 × 10^333 |
| 131 | ov_131 | 2.745515339165477 × 10^333 |
| 132 | ov_132 | 2.4118579002872098 × 10^333 |
| 133 | ov_133 | 2.113494345226891 × 10^333 |
| 134 | ov_134 | 1.8468600439312063 × 10^333 |
| 135 | ov_135 | 1.6085976041741876 × 10^333 |
| 136 | ov_136 | 1.3955422392361011 × 10^333 |
| 137 | ov_137 | 1.2047086866146438 × 10^333 |
| 138 | ov_138 | 1.033279575523909 × 10^333 |
| 139 | ov_139 | 8.798868268774915 × 10^332 |
| 140 | ov_140 | 7.432387601148819 × 10^332 |
| 141 | ov_141 | 6.221158869292967 × 10^332 |
| 142 | ov_142 | 5.153672706734323 × 10^332 |
| 143 | ov_143 | 4.2190741169560025 × 10^332 |
| 144 | ov_144 | 3.4071362120177293 × 10^332 |
| 145 | ov_145 | 2.708238485479358 × 10^332 |
| 146 | ov_146 | 2.1133492208097703 × 10^332 |
| 147 | ov_147 | 1.6140115233557367 × 10^332 |
| 148 | ov_148 | 1.2023324326847577 × 10^332 |
| 149 | ov_149 | 8.709746171059353 × 10^331 |
| 150 | ov_150 | 6.13150197105283 × 10^331 |
| 151 | ov_151 | 4.169153031683823 × 10^331 |
| 152 | ov_152 | 2.714077996214089 × 10^331 |
| 153 | ov_153 | 1.668439281605276 × 10^331 |
| 154 | ov_154 | 9.45162516895274 × 10^330 |
| 155 | ov_155 | 4.679248339654616 × 10^330 |
| 156 | aaa_76_25 | 1.7114891454526687 × 10^330 |
| 157 | aaa_76_26 | 8.961501023161686 × 10^329 |
| 158 | aaa_76_27 | 4.1433005665344847 × 10^329 |
| 159 | aaa_76_28 | 1.621605971170094 × 10^329 |
| 160 | aaa_76_29 | 4.9600167143146074 × 10^328 |

### Output Bits Sorted by Complexity

| Rank | Output Bit | Complexity |
|:----:|:----------:|:----------:|
| 160 | aaa_76_29 | 4.9600167143146074 × 10^328 |
| 159 | aaa_76_28 | 1.621605971170094 × 10^329 |
| 158 | aaa_76_27 | 4.1433005665344847 × 10^329 |
| 157 | aaa_76_26 | 8.961501023161686 × 10^329 |
| 156 | aaa_76_25 | 1.7114891454526687 × 10^330 |
| 155 | ov_155 | 4.679248339654616 × 10^330 |
| 154 | ov_154 | 9.45162516895274 × 10^330 |
| 153 | ov_153 | 1.668439281605276 × 10^331 |
| 152 | ov_152 | 2.714077996214089 × 10^331 |
| 151 | ov_151 | 4.169153031683823 × 10^331 |
| 150 | ov_150 | 6.13150197105283 × 10^331 |
| 149 | ov_149 | 8.709746171059353 × 10^331 |
| 148 | ov_148 | 1.2023324326847577 × 10^332 |
| 147 | ov_147 | 1.6140115233557367 × 10^332 |
| 146 | ov_146 | 2.1133492208097703 × 10^332 |
| 145 | ov_145 | 2.708238485479358 × 10^332 |
| 144 | ov_144 | 3.4071362120177293 × 10^332 |
| 143 | ov_143 | 4.2190741169560025 × 10^332 |
| 142 | ov_142 | 5.153672706734323 × 10^332 |
| 141 | ov_141 | 6.221158869292967 × 10^332 |
| 140 | ov_140 | 7.432387601148819 × 10^332 |
| 139 | ov_139 | 8.798868268774915 × 10^332 |
| 138 | ov_138 | 1.033279575523909 × 10^333 |
| 137 | ov_137 | 1.2047086866146438 × 10^333 |
| 136 | ov_136 | 1.3955422392361011 × 10^333 |
| 135 | ov_135 | 1.6085976041741876 × 10^333 |
| 134 | ov_134 | 1.8468600439312063 × 10^333 |
| 133 | ov_133 | 2.113494345226891 × 10^333 |
| 132 | ov_132 | 2.4118579002872098 × 10^333 |
| 131 | ov_131 | 2.745515339165477 × 10^333 |
| 130 | ov_130 | 2.7455177077303276 × 10^333 |
| 129 | ov_129 | 2.745527426116438 × 10^333 |
| 128 | aaa_77_29 | 4.491135759593102 × 10^333 |
| 127 | aaa_77_28 | 1.4726080978049763 × 10^334 |
| 126 | ov_126 | 5.24602179288902 × 10^334 |
| 125 | ov_125 | 1.3429009404793486 × 10^335 |
| 124 | ov_124 | 2.90917317727983 × 10^335 |
| 123 | ov_123 | 5.629911659760791 × 10^335 |
| 122 | ov_122 | 1.0011089271039453 × 10^336 |
| 121 | ov_121 | 1.6658169603943562 × 10^336 |
| 120 | ov_120 | 2.6276133718393123 × 10^336 |
| 119 | ov_119 | 3.966953819985741 × 10^336 |
| 118 | ov_118 | 5.774262722005938 × 10^336 |
| 117 | ov_117 | 8.1499529614181 × 10^336 |
| 116 | ov_116 | 1.1204458054670482 × 10^337 |
| 115 | ov_115 | 1.50582815932063 × 10^337 |
| 114 | ov_114 | 1.977929289881671 × 10^337 |
| 113 | ov_113 | 2.5508382382030796 × 10^337 |
| 112 | ov_112 | 3.239682357006847 × 10^337 |
| 111 | ov_111 | 4.06064570169073 × 10^337 |
| 110 | ov_110 | 5.030992785610685 × 10^337 |
| 109 | ov_109 | 6.169098443593913 × 10^337 |
| 108 | ov_108 | 7.48501529279453 × 10^337 |
| 107 | ov_107 | 8.989403315186147 × 10^337 |
| 106 | ov_106 | 1.069355790440469 × 10^338 |
| 105 | ov_105 | 1.2609442440161184 × 10^338 |
| 104 | ov_104 | 1.4749725775225934 × 10^338 |
| 103 | ov_103 | 1.71278250442824 × 10^338 |
| 102 | ov_102 | 1.9771371363802574 × 10^338 |
| 101 | ov_101 | 2.2709644326692395 × 10^338 |
| 100 | ov_100 | 2.597368827194186 × 10^338 |
| 99 | ov_099 | 2.959644248178638 × 10^338 |
| 98 | ov_098 | 2.959646378732287 × 10^338 |
| 97 | ov_097 | 2.9596551530176327 × 10^338 |
| 96 | aaa_78_29 | 3.0424600181557506 × 10^338 |
| 95 | aaa_78_28 | 8.085870219223005 × 10^338 |
| 94 | ov_094 | 2.526498682199986 × 10^339 |
| 93 | ov_093 | 5.66381433769412 × 10^339 |
| 92 | ov_092 | 1.0766842194828807 × 10^340 |
| 91 | ov_091 | 1.8381896926363447 × 10^340 |
| 90 | ov_090 | 2.9055317803258147 × 10^340 |
| 89 | ov_089 | 4.3333515793653424 × 10^340 |
| 88 | ov_088 | 6.176307391961567 × 10^340 |
| 87 | ov_087 | 8.489093326702126 × 10^340 |
| 86 | ov_086 | 1.1326470213910069 × 10^341 |
| 85 | ov_085 | 1.474331278113473 × 10^341 |
| 64 | lv_79_m31 | 1.7711367459374496 × 10^341 |
| 84 | ov_084 | 1.8794677068098405 × 10^341 |
| 83 | ov_083 | 2.3535892060869698 × 10^341 |
| 82 | ov_082 | 2.9022679526188436 × 10^341 |
| 81 | ov_081 | 3.5311306029468144 × 10^341 |
| 80 | ov_080 | 4.2458771124851995 × 10^341 |
| 79 | ov_079 | 5.0523035713977183 × 10^341 |
| 78 | ov_078 | 5.956329458345152 × 10^341 |
| 77 | ov_077 | 6.964029087371713 × 10^341 |
| 76 | ov_076 | 8.0816670261588 × 10^341 |
| 63 | ov_063 | 9.009909723599532 × 10^341 |
| 75 | ov_075 | 9.315738523558906 × 10^341 |
| 74 | ov_074 | 1.0673015989955764 × 10^342 |
| 73 | ov_073 | 1.2160601953671033 × 10^342 |
| 72 | ov_072 | 1.3785988926214356 × 10^342 |
| 71 | ov_071 | 1.5557125674281896 × 10^342 |
| 70 | ov_070 | 1.7482488405859863 × 10^342 |
| 69 | ov_069 | 1.9571156223245074 × 10^342 |
| 68 | ov_068 | 2.183289109760702 × 10^342 |
| 67 | ov_067 | 2.427822263278502 × 10^342 |
| 66 | ov_066 | 2.42784604427119 × 10^342 |
| 65 | ov_065 | 2.4279200417197707 × 10^342 |
| 62 | ov_062 | 4.582975770325112 × 10^342 |
| 61 | ov_061 | 1.6575147538027785 × 10^343 |
| 60 | ov_060 | 4.708962533465685 × 10^343 |
| 59 | ov_059 | 1.1281957854393365 × 10^344 |
| 58 | ov_058 | 2.378991456925789 × 10^344 |
| 57 | ov_057 | 4.5414856621103485 × 10^344 |
| 56 | ov_056 | 8.010761493379308 × 10^344 |
| 55 | ov_055 | 1.325883407480245 × 10^345 |
| 54 | ov_054 | 2.0834760818134553 × 10^345 |
| 53 | ov_053 | 3.136484626235472 × 10^345 |
| 52 | ov_052 | 4.555298270739173 × 10^345 |
| 51 | ov_051 | 6.418116999174364 × 10^345 |
| 50 | ov_050 | 8.811025812843573 × 10^345 |
| 49 | ov_049 | 1.1828095651923589 × 10^346 |
| 48 | ov_048 | 1.5571515347836112 × 10^346 |
| 32 | lv_80_m31 | 1.879517607956441 × 10^346 |
| 47 | ov_047 | 2.0151758981975648 × 10^346 |
| 46 | ov_046 | 2.5687793030671077 × 10^346 |
| 45 | ov_045 | 3.2307327684055405 × 10^346 |
| 44 | ov_044 | 4.0147116738917705 × 10^346 |
| 43 | ov_043 | 4.928263202411473 × 10^346 |
| 42 | ov_042 | 5.979435881687269 × 10^346 |
| 41 | ov_041 | 7.176804801058687 × 10^346 |
| 40 | ov_040 | 8.529500265332343 × 10^346 |
| 31 | ov_031 | 9.606700251572475 × 10^346 |
| 39 | ov_039 | 1.0047240117863748 × 10^347 |
| 38 | ov_038 | 1.1740365970012216 × 10^347 |
| 37 | ov_037 | 1.3619883580346337 × 10^347 |
| 36 | ov_036 | 1.570851339322273 × 10^347 |
| 35 | ov_035 | 1.8030443148624488 × 10^347 |
| 34 | ov_034 | 2.0611431697256916 × 10^347 |
| 33 | ov_033 | 2.3478922965908498 × 10^347 |
| 30 | ov_030 | 4.91032500615359 × 10^347 |
| 29 | ov_029 | 1.784185385311608 × 10^348 |
| 28 | ov_028 | 5.092740005713839 × 10^348 |
| 27 | ov_027 | 1.2257305225748033 × 10^349 |
| 26 | ov_026 | 2.5953720323442686 × 10^349 |
| 25 | ov_025 | 4.972173632270244 × 10^349 |
| 24 | ov_024 | 8.796504143214928 × 10^349 |
| 23 | ov_023 | 1.4353350595195327 × 10^350 |
| 22 | ov_022 | 2.1970917586295248 × 10^350 |
| 21 | ov_021 | 3.2348860593571456 × 10^350 |
| 20 | ov_020 | 4.627338087901667 × 10^350 |
| 19 | ov_019 | 6.461736917472188 × 10^350 |
| 18 | ov_018 | 8.834063964978947 × 10^350 |
| 17 | ov_017 | 1.1849028884498146 × 10^351 |
| 16 | ov_016 | 1.5620122042159743 × 10^351 |
| 15 | ov_015 | 2.0269688274495916 × 10^351 |
| 14 | ov_014 | 2.5929027251942825 × 10^351 |
| 13 | ov_013 | 3.273852639237198 × 10^351 |
| 12 | ov_012 | 4.084783289784852 × 10^351 |
| 11 | ov_011 | 5.041607212322983 × 10^351 |
| 10 | ov_010 | 6.161212013003631 × 10^351 |
| 9 | ov_009 | 7.45280255170879 × 10^351 |
| 8 | ov_008 | 8.926119478661475 × 10^351 |
| 7 | ov_007 | 1.0591465849861812 × 10^352 |
| 6 | ov_006 | 1.2459738562310976 × 10^352 |
| 5 | ov_005 | 1.4542464977208646 × 10^352 |
| 4 | ov_004 | 1.6851845053320492 × 10^352 |
| 3 | ov_003 | 1.9412999292574827 × 10^352 |
| 2 | ov_002 | 2.2252543571527494 × 10^352 |
| 1 | ov_001 | 2.539870416111138 × 10^352 |

