# Results for F001-F002-F003-F004-F005-F006-F007-F008-F009-F010-F011-F012-F013-F014-F015-F016-F017-F018-F019-F020-F021-F022-F023-F024-F025-F026-F027-F028-F029-F030-F031-F032-F033-F034-F035-F036-F037-F038-F039-F040-F041-F042-F043-F044-F045-F046-F047-F048-F049-F050-F051-F052-F053-F054-F055-F056-F057-F058-F059-F060-F061-F062-F063-F064-F065-F066-F067-F068-F069-F070-F071-F072-F073-F074-F075-F076-F077-F078-F079-F080-F081-F082-F083-F084-F085-F086-F087-F088-F089-F090-F091-F092-F093-F094-F095-F096-F097-F098-F099-F100-F101-F102-F103-F104-F105-F106-F107-F108-F109-F110-F111-F112-F113-F114-F115-F116-F117-F118-F119-F120-F121-F122-F123-F124-F125-F126-F127-F128-F129-F130-F131-F132-F133-F134-F135-F136-F137-F138-F139-F140-F141-F142-F143-F144-F145-F146-F147-F148-F149-F150-F151-F152-F153-F154-F155-F156-F157-F158-F159-F160-F161-F162-F163-F164-F165-F166-F167-F168-F169-F170-F171-F172-F173-F174-F175-F176-F177-F178-F179-F180-F181-F182-F183-F184-F185-F186-F187-F188-F189-F190-F191-F192-F193-F194-F195-F196-F197-F198-F199-F200-F201-F202-F203-F204-F205-F206-F207-F208-F209-F210-F211-F212-F213-F214-F215-F216-F217-F218-F219-F220-F221-F222-F223-F224-F225-F226-F227-F228-F229-F230-F231-F232-F233-F234-F235-F236-F237-F238-F239-F240-F241-F242-F243-F244-F245-F246-F247-F248-F249-F250-F251-F252-F253-F254-F255-F256-F257-F258-F259-F260-F261-F262-F263-F264-F265-F266-F267-F268-F269-F270-F271-F272-F273-F274-F275-F276-F277-F278-F279-F280-F281-F282-F283-F284-F285-F286-F287-F288-F289-F290-F291-F292-F293-F294-F295-F296-F297-F298-F299-F300-F301-F302-F303-F304-F305-F306-F307-F308-F309-F310-F311-F312-F313-F314-F315-F316-F317-F318-F319-F320-F321-F322-F323-F324-F325-F326-F327-F328-F329-F330-F331-F332-F333-F334-F335-F336-F337-F338-F339-F340-F341-F342-F343-F344-F345-F346-F347-F348-F349-F350-F351-F352-F353-F354-F355-F356-F357-F358-F359-F360-F361-F362-F363-F364-F365-F366-F367-F368-F369-F370-F371-F372-F373-F374-F375-F376-F377-F378-F379-F380-F381-F382-F383-F384-F385-F386-F387-F388-F389-F390-F391-F392-F393-F394-F395-F396-F397-F398-F399-F400-F401-F402-F403-F404-F405-F406-F407-F408-F409-F410-F411-F412-F413-F414-F415-F416-F417-F418-F419-F420-F421-F422-F423-F424-F425-F426-F427-F428-F429-F430-F431-F432-F433-F434-F435-F436-F437-F438-F439-F440-F441-F442-F443-F444-F445-F446-F447-F448-F449-F450-F451-F452-F453-F454-F455-F456-F457-F458-F459-F460-F461-F462-F463-F464-F465-F466-F467-F468-F469-F470-F471-F472-F473-F474-F475-F476-F477-F478-F479-F480-F481-F482-F483-F484-F485-F486-F487-F488-F489-F490-F491-F492-F493-F494-F495-F496-F497-F498-F499-F500-F501-F510-E511512

## Summary

Number of input bits: 512  
Number of free input bits: 9  
Number of output bits: 160

Number of direct occurrences: 36710  
Number of assignments: 31035  
Number of operations: 11077433
(xor: 11048192,
and: 16088,
or: 13153)

Total complexity: 2.4747247397765986 × 10^299

Least occurring input variable: iv_502 (3896)  
Most occurring input variable: iv_511 (4350)

Most co-occurring input variables: iv_503-iv_505 (2048)  
Least co-occurring input variables: iv_502-iv_511 (1759)

Potentially most occurring input variable: iv_502/iv_511 (4728)  
Potentially least occurring input variable: iv_503/iv_505 (4097)

Least output occurring input variable: iv_503 (61)  
Most output occurring input variable: iv_511 (85)

Most output co-occurring input variables: iv_506-iv_511 (47)  
Least output co-occurring input variables: iv_503-iv_504 (28)

Potentially most output occurring input variable: iv_504/iv_508 (93)  
Potentially least output occurring input variable: iv_505/iv_507 (61)

Least complex input bit: iv_502 (7.414894734734746 × 10^297)  
Most complex input bit: iv_511 (5.020487776341939 × 10^298)

Least complex output bit: aaa_76_29 (3.6679163106204976 × 10^274)  
Most complex output bit: ov_001 (3.9450357337594373 × 10^298)

Least complex input/output complexity: iv_502/aaa_76_29 (1.0989995332378961 × 10^273)  
Most complex input/output complexity: iv_511/ov_001 (8.00331582750465 × 10^297)

## Input Bits

### Input Bits in Regular Order

| Input Bit | Complexity | Occurrences | Output Occurrences |
|:---------:|:----------:|:-----------:|:------------------:|
| iv_502 | 7.414894734734746 × 10^297 | 3896 | 82 |
| iv_503 | 1.3136410659318585 × 10^298 | 4074 | 61 |
| iv_504 | 2.1751491434526247 × 10^298 | 3918 | 78 |
| iv_505 | 3.4420653700463083 × 10^298 | 4119 | 79 |
| iv_506 | 1.8231427995046491 × 10^298 | 3954 | 82 |
| iv_507 | 2.578720977538546 × 10^298 | 4161 | 76 |
| iv_508 | 3.3911237903530643 × 10^298 | 4005 | 75 |
| iv_509 | 4.261427001123557 × 10^298 | 4233 | 77 |
| iv_511 | 5.020487776341939 × 10^298 | 4350 | 85 |

### Input Bits Sorted by Complexity

| Input Bit | Complexity | Occurrences | Output Occurrences |
|:---------:|:----------:|:-----------:|:------------------:|
| iv_502 | 7.414894734734746 × 10^297 | 3896 | 82 |
| iv_503 | 1.3136410659318585 × 10^298 | 4074 | 61 |
| iv_506 | 1.8231427995046491 × 10^298 | 3954 | 82 |
| iv_504 | 2.1751491434526247 × 10^298 | 3918 | 78 |
| iv_507 | 2.578720977538546 × 10^298 | 4161 | 76 |
| iv_508 | 3.3911237903530643 × 10^298 | 4005 | 75 |
| iv_505 | 3.4420653700463083 × 10^298 | 4119 | 79 |
| iv_509 | 4.261427001123557 × 10^298 | 4233 | 77 |
| iv_511 | 5.020487776341939 × 10^298 | 4350 | 85 |

### Input Bits Sorted by Occurrences

| Input Bit | Complexity | Occurrences | Output Occurrences |
|:---------:|:----------:|:-----------:|:------------------:|
| iv_502 | 7.414894734734746 × 10^297 | 3896 | 82 |
| iv_504 | 2.1751491434526247 × 10^298 | 3918 | 78 |
| iv_506 | 1.8231427995046491 × 10^298 | 3954 | 82 |
| iv_508 | 3.3911237903530643 × 10^298 | 4005 | 75 |
| iv_503 | 1.3136410659318585 × 10^298 | 4074 | 61 |
| iv_505 | 3.4420653700463083 × 10^298 | 4119 | 79 |
| iv_507 | 2.578720977538546 × 10^298 | 4161 | 76 |
| iv_509 | 4.261427001123557 × 10^298 | 4233 | 77 |
| iv_511 | 5.020487776341939 × 10^298 | 4350 | 85 |

### Input Bits Sorted by Output Occurrences

| Input Bit | Complexity | Occurrences | Output Occurrences |
|:---------:|:----------:|:-----------:|:------------------:|
| iv_503 | 1.3136410659318585 × 10^298 | 4074 | 61 |
| iv_508 | 3.3911237903530643 × 10^298 | 4005 | 75 |
| iv_507 | 2.578720977538546 × 10^298 | 4161 | 76 |
| iv_509 | 4.261427001123557 × 10^298 | 4233 | 77 |
| iv_504 | 2.1751491434526247 × 10^298 | 3918 | 78 |
| iv_505 | 3.4420653700463083 × 10^298 | 4119 | 79 |
| iv_502 | 7.414894734734746 × 10^297 | 3896 | 82 |
| iv_506 | 1.8231427995046491 × 10^298 | 3954 | 82 |
| iv_511 | 5.020487776341939 × 10^298 | 4350 | 85 |

## Input Bit Co-occurrences

### Input Bit Co-occurrences Sorted by Co-occurrences

| Input Bits | Co-occurrences | Potential Occurrences | Output Co-occurrences | Potential Output Occurrences |
|:----------:|:--------------:|:---------------------:|:---------------------:|:----------------------------:|
| iv_503-iv_505 | 2048 | 4097 | 33 | 74 |
| iv_509-iv_511 | 2030 | 4523 | 46 | 70 |
| iv_507-iv_509 | 2019 | 4356 | 36 | 81 |
| iv_503-iv_509 | 2017 | 4273 | 30 | 78 |
| iv_507-iv_511 | 1993 | 4525 | 38 | 85 |
| iv_508-iv_509 | 1987 | 4264 | 37 | 78 |
| iv_506-iv_507 | 1987 | 4141 | 39 | 80 |
| iv_505-iv_509 | 1984 | 4384 | 39 | 78 |
| iv_506-iv_511 | 1975 | 4354 | 47 | 73 |

### Input Bit Co-occurrences Sorted by Potential Occurrences

| Input Bits | Co-occurrences | Potential Occurrences | Output Co-occurrences | Potential Output Occurrences |
|:----------:|:--------------:|:---------------------:|:---------------------:|:----------------------------:|
| iv_503-iv_505 | 2048 | 4097 | 33 | 74 |
| iv_506-iv_507 | 1987 | 4141 | 39 | 80 |
| iv_504-iv_506 | 1861 | 4150 | 42 | 76 |
| iv_502-iv_508 | 1871 | 4159 | 34 | 89 |
| iv_502-iv_505 | 1927 | 4161 | 43 | 75 |
| iv_502-iv_504 | 1794 | 4226 | 42 | 76 |
| iv_503-iv_504 | 1881 | 4230 | 28 | 83 |
| iv_504-iv_505 | 1900 | 4237 | 34 | 89 |
| iv_502-iv_506 | 1805 | 4240 | 44 | 76 |

### Input Bit Output Co-occurrences Sorted by Output Co-occurrences

| Input Bits | Co-occurrences | Potential Occurrences | Output Co-occurrences | Potential Output Occurrences |
|:----------:|:--------------:|:---------------------:|:---------------------:|:----------------------------:|
| iv_505-iv_507 | 1938 | 4404 | 47 | 61 |
| iv_506-iv_511 | 1975 | 4354 | 47 | 73 |
| iv_509-iv_511 | 2030 | 4523 | 46 | 70 |
| iv_502-iv_506 | 1805 | 4240 | 44 | 76 |
| iv_502-iv_511 | 1759 | 4728 | 44 | 79 |
| iv_502-iv_505 | 1927 | 4161 | 43 | 75 |
| iv_502-iv_509 | 1899 | 4331 | 43 | 73 |
| iv_502-iv_504 | 1794 | 4226 | 42 | 76 |
| iv_502-iv_507 | 1885 | 4287 | 42 | 74 |

### Input Bit Output Co-occurrences Sorted by Potential Output Occurrences

| Input Bits | Co-occurrences | Potential Occurrences | Output Co-occurrences | Potential Output Occurrences |
|:----------:|:--------------:|:---------------------:|:---------------------:|:----------------------------:|
| iv_505-iv_507 | 1938 | 4404 | 47 | 61 |
| iv_509-iv_511 | 2030 | 4523 | 46 | 70 |
| iv_502-iv_509 | 1899 | 4331 | 43 | 73 |
| iv_506-iv_511 | 1975 | 4354 | 47 | 73 |
| iv_502-iv_507 | 1885 | 4287 | 42 | 74 |
| iv_503-iv_505 | 2048 | 4097 | 33 | 74 |
| iv_502-iv_505 | 1927 | 4161 | 43 | 75 |
| iv_502-iv_504 | 1794 | 4226 | 42 | 76 |
| iv_502-iv_506 | 1805 | 4240 | 44 | 76 |

## Output Bits

### Output Bits in Regular Order

| Rank | Output Bit | Complexity |
|:----:|:----------:|:----------:|
| 1 | ov_001 | 3.9450357337594373 × 10^298 |
| 2 | ov_002 | 3.4280956386066024 × 10^298 |
| 3 | ov_003 | 2.961450301265132 × 10^298 |
| 4 | ov_004 | 2.5430018064577017 × 10^298 |
| 5 | ov_005 | 2.17076730957753 × 10^298 |
| 6 | ov_006 | 1.841093968112927 × 10^298 |
| 7 | ov_007 | 1.550521448539069 × 10^298 |
| 8 | ov_008 | 1.2957701411210295 × 10^298 |
| 9 | ov_009 | 1.0737310393417875 × 10^298 |
| 10 | ov_010 | 8.81457105300453 × 10^297 |
| 11 | ov_011 | 7.16155973506327 × 10^297 |
| 12 | ov_012 | 5.751838877327604 × 10^297 |
| 13 | ov_013 | 4.5604077367182325 × 10^297 |
| 14 | ov_014 | 3.563663280835971 × 10^297 |
| 15 | ov_015 | 2.7393698495958502 × 10^297 |
| 16 | ov_016 | 2.0666361960646913 × 10^297 |
| 17 | ov_017 | 1.5258986187804968 × 10^297 |
| 18 | ov_018 | 1.098909000672159 × 10^297 |
| 19 | ov_019 | 7.68726672305018 × 10^296 |
| 20 | ov_020 | 5.197131196478812 × 10^296 |
| 21 | ov_021 | 3.3752870099476592 × 10^296 |
| 22 | ov_022 | 2.0913072411404994 × 10^296 |
| 23 | ov_023 | 1.2277236627966734 × 10^296 |
| 24 | ov_024 | 6.800204230087741 × 10^295 |
| 25 | ov_025 | 3.566301031900298 × 10^295 |
| 26 | ov_026 | 1.789313538859032 × 10^295 |
| 27 | ov_027 | 8.124762661830794 × 10^294 |
| 28 | ov_028 | 3.397674297835856 × 10^294 |
| 29 | ov_029 | 1.3988545835614277 × 10^294 |
| 30 | ov_030 | 4.624845193850923 × 10^293 |
| 31 | ov_031 | 1.1190220775139384 × 10^293 |
| 32 | lv_80_k31 | 2.7068321814535896 × 10^292 |
| 33 | ov_033 | 3.2424768813055396 × 10^293 |
| 34 | ov_034 | 2.804216994086762 × 10^293 |
| 35 | ov_035 | 2.413664931760578 × 10^293 |
| 36 | ov_036 | 2.066803239896184 × 10^293 |
| 37 | ov_037 | 1.7598308168899512 × 10^293 |
| 38 | ov_038 | 1.4891475987200896 × 10^293 |
| 39 | ov_039 | 1.2513413275780295 × 10^293 |
| 40 | ov_040 | 1.0431762021194983 × 10^293 |
| 41 | ov_041 | 8.61583219424278 × 10^292 |
| 42 | ov_042 | 7.036520304571973 × 10^292 |
| 43 | ov_043 | 5.679661953075613 × 10^292 |
| 44 | ov_044 | 4.519134683940018 × 10^292 |
| 45 | ov_045 | 3.530232875058514 × 10^292 |
| 46 | ov_046 | 2.7009528266702426 × 10^292 |
| 47 | ov_047 | 2.0199728814523797 × 10^292 |
| 48 | ov_048 | 1.476640842176237 × 10^292 |
| 49 | ov_049 | 1.0516250107265069 × 10^292 |
| 50 | ov_050 | 7.268944398909773 × 10^291 |
| 51 | ov_051 | 4.857105416759579 × 10^291 |
| 52 | ov_052 | 3.1262151754567534 × 10^291 |
| 53 | ov_053 | 1.9345887560800064 × 10^291 |
| 54 | ov_054 | 1.1533538532489564 × 10^291 |
| 55 | ov_055 | 6.664393020144025 × 10^290 |
| 56 | ov_056 | 3.705687255892733 × 10^290 |
| 57 | ov_057 | 2.1730206506512683 × 10^290 |
| 58 | ov_058 | 1.2894332968138976 × 10^290 |
| 59 | ov_059 | 6.984163219689733 × 10^289 |
| 60 | ov_060 | 3.360327475529017 × 10^289 |
| 61 | ov_061 | 1.3834608317239215 × 10^289 |
| 62 | ov_062 | 4.5733632412137516 × 10^288 |
| 63 | ov_063 | 1.1063279003932317 × 10^288 |
| 64 | lv_79_k31 | 2.675378430020071 × 10^287 |
| 65 | ov_065 | 3.167658826105098 × 10^288 |
| 66 | ov_066 | 3.167651254375136 × 10^288 |
| 67 | ov_067 | 3.167648800463028 × 10^288 |
| 68 | ov_068 | 2.736282064750778 × 10^288 |
| 69 | ov_069 | 2.34996007961334 × 10^288 |
| 70 | ov_070 | 2.0067236566118386 × 10^288 |
| 71 | ov_071 | 1.7030092861481374 × 10^288 |
| 72 | ov_072 | 1.4354714428241512 × 10^288 |
| 73 | ov_073 | 1.2009681460939163 × 10^288 |
| 74 | ov_074 | 9.965478437603053 × 10^287 |
| 75 | ov_075 | 8.194375479416679 × 10^287 |
| 76 | ov_076 | 6.67032155381414 × 10^287 |
| 77 | ov_077 | 5.368848857778862 × 10^287 |
| 78 | ov_078 | 4.266987732340744 × 10^287 |
| 79 | ov_079 | 3.3431914702379077 × 10^287 |
| 80 | ov_080 | 2.577270386956867 × 10^287 |
| 81 | ov_081 | 1.950334531374788 × 10^287 |
| 82 | ov_082 | 1.4447444164437104 × 10^287 |
| 83 | ov_083 | 1.0440691531806283 × 10^287 |
| 84 | ov_084 | 7.330513730193867 × 10^286 |
| 85 | ov_085 | 4.975783246553412 × 10^286 |
| 86 | ov_086 | 3.2465853213068134 × 10^286 |
| 87 | ov_087 | 2.024034012563113 × 10^286 |
| 88 | ov_088 | 1.2001316166510917 × 10^286 |
| 89 | ov_089 | 6.776653190769626 × 10^285 |
| 90 | ov_090 | 3.7013495069683553 × 10^285 |
| 91 | ov_091 | 2.0170572427839743 × 10^285 |
| 92 | ov_092 | 1.0717987842150849 × 10^285 |
| 93 | ov_093 | 5.6615237916245564 × 10^284 |
| 94 | ov_094 | 2.537802479668767 × 10^284 |
| 95 | aaa_78_28 | 8.162539312519568 × 10^283 |
| 96 | aaa_78_29 | 3.09285784852104 × 10^283 |
| 97 | ov_097 | 3.3689076814949945 × 10^283 |
| 98 | ov_098 | 3.368806815825804 × 10^283 |
| 99 | ov_099 | 3.3687746146906938 × 10^283 |
| 100 | ov_100 | 3.032021754304909 × 10^283 |
| 101 | ov_101 | 2.7200430108592466 × 10^283 |
| 102 | ov_102 | 2.4314853023609214 × 10^283 |
| 103 | ov_103 | 2.1650947286624466 × 10^283 |
| 104 | ov_104 | 1.9197035175631754 × 10^283 |
| 105 | ov_105 | 1.694218170149904 × 10^283 |
| 106 | ov_106 | 1.4876087415027662 × 10^283 |
| 107 | ov_107 | 1.2988991954989113 × 10^283 |
| 108 | ov_108 | 1.1271587745873698 × 10^283 |
| 109 | ov_109 | 9.714943271424839 × 10^282 |
| 110 | ov_110 | 8.310435363861568 × 10^282 |
| 111 | ov_111 | 7.049689959505223 × 10^282 |
| 112 | ov_112 | 5.924530779770664 × 10^282 |
| 113 | ov_113 | 4.9269354026165246 × 10^282 |
| 114 | ov_114 | 4.048998193981194 × 10^282 |
| 115 | ov_115 | 3.2828995718067053 × 10^282 |
| 116 | ov_116 | 2.6208810772926524 × 10^282 |
| 117 | ov_117 | 2.0552257293075928 × 10^282 |
| 118 | ov_118 | 1.578243138649015 × 10^282 |
| 119 | ov_119 | 1.1822588592655362 × 10^282 |
| 120 | ov_120 | 8.596074537718939 × 10^281 |
| 121 | ov_121 | 6.02628449703263 × 10^281 |
| 122 | ov_122 | 4.036641273260903 × 10^281 |
| 123 | ov_123 | 2.5505834108209006 × 10^281 |
| 124 | ov_124 | 1.4915583371124021 × 10^281 |
| 125 | ov_125 | 7.830178637370779 × 10^280 |
| 126 | ov_126 | 3.484156000242203 × 10^280 |
| 127 | aaa_77_28 | 1.1120572948943766 × 10^280 |
| 128 | aaa_77_29 | 4.1662218741475094 × 10^279 |
| 129 | ov_129 | 3.8169395866415636 × 10^279 |
| 130 | ov_130 | 3.816930665682796 × 10^279 |
| 131 | ov_131 | 3.8169278007505695 × 10^279 |
| 132 | ov_132 | 3.301186031967807 × 10^279 |
| 133 | ov_133 | 2.839910258970325 × 10^279 |
| 134 | ov_134 | 2.428926440117155 × 10^279 |
| 135 | ov_135 | 2.0642924505000957 × 10^279 |
| 136 | ov_136 | 1.7422810993707318 × 10^279 |
| 137 | ov_137 | 1.4593653281115027 × 10^279 |
| 138 | ov_138 | 1.21220543427777 × 10^279 |
| 139 | ov_139 | 9.976381386340406 × 10^278 |
| 140 | ov_140 | 8.126673096590099 × 10^278 |
| 141 | ov_141 | 6.544561701599065 × 10^278 |
| 142 | ov_142 | 5.2032082056856876 × 10^278 |
| 143 | ov_143 | 4.077249232441816 × 10^278 |
| 144 | ov_144 | 3.1427540172568837 × 10^278 |
| 145 | ov_145 | 2.377190183973424 × 10^278 |
| 146 | ov_146 | 1.7593970348293615 × 10^278 |
| 147 | ov_147 | 1.2695651769037046 × 10^278 |
| 148 | ov_148 | 8.892214020482056 × 10^277 |
| 149 | ov_149 | 6.012178308725696 × 10^277 |
| 150 | ov_150 | 3.8972442483017434 × 10^277 |
| 151 | ov_151 | 2.4022406387012944 × 10^277 |
| 152 | ov_152 | 1.3950948050515004 × 10^277 |
| 153 | ov_153 | 7.568146132508024 × 10^276 |
| 154 | ov_154 | 3.814787397197825 × 10^276 |
| 155 | ov_155 | 1.7623184518660133 × 10^276 |
| 156 | aaa_76_25 | 6.128231767652052 × 10^275 |
| 157 | aaa_76_26 | 3.771415116789145 × 10^275 |
| 158 | aaa_76_27 | 2.067682661711559 × 10^275 |
| 159 | aaa_76_28 | 9.742879860106369 × 10^274 |
| 160 | aaa_76_29 | 3.6679163106204976 × 10^274 |

### Output Bits Sorted by Complexity

| Rank | Output Bit | Complexity |
|:----:|:----------:|:----------:|
| 160 | aaa_76_29 | 3.6679163106204976 × 10^274 |
| 159 | aaa_76_28 | 9.742879860106369 × 10^274 |
| 158 | aaa_76_27 | 2.067682661711559 × 10^275 |
| 157 | aaa_76_26 | 3.771415116789145 × 10^275 |
| 156 | aaa_76_25 | 6.128231767652052 × 10^275 |
| 155 | ov_155 | 1.7623184518660133 × 10^276 |
| 154 | ov_154 | 3.814787397197825 × 10^276 |
| 153 | ov_153 | 7.568146132508024 × 10^276 |
| 152 | ov_152 | 1.3950948050515004 × 10^277 |
| 151 | ov_151 | 2.4022406387012944 × 10^277 |
| 150 | ov_150 | 3.8972442483017434 × 10^277 |
| 149 | ov_149 | 6.012178308725696 × 10^277 |
| 148 | ov_148 | 8.892214020482056 × 10^277 |
| 147 | ov_147 | 1.2695651769037046 × 10^278 |
| 146 | ov_146 | 1.7593970348293615 × 10^278 |
| 145 | ov_145 | 2.377190183973424 × 10^278 |
| 144 | ov_144 | 3.1427540172568837 × 10^278 |
| 143 | ov_143 | 4.077249232441816 × 10^278 |
| 142 | ov_142 | 5.2032082056856876 × 10^278 |
| 141 | ov_141 | 6.544561701599065 × 10^278 |
| 140 | ov_140 | 8.126673096590099 × 10^278 |
| 139 | ov_139 | 9.976381386340406 × 10^278 |
| 138 | ov_138 | 1.21220543427777 × 10^279 |
| 137 | ov_137 | 1.4593653281115027 × 10^279 |
| 136 | ov_136 | 1.7422810993707318 × 10^279 |
| 135 | ov_135 | 2.0642924505000957 × 10^279 |
| 134 | ov_134 | 2.428926440117155 × 10^279 |
| 133 | ov_133 | 2.839910258970325 × 10^279 |
| 132 | ov_132 | 3.301186031967807 × 10^279 |
| 131 | ov_131 | 3.8169278007505695 × 10^279 |
| 130 | ov_130 | 3.816930665682796 × 10^279 |
| 129 | ov_129 | 3.8169395866415636 × 10^279 |
| 128 | aaa_77_29 | 4.1662218741475094 × 10^279 |
| 127 | aaa_77_28 | 1.1120572948943766 × 10^280 |
| 126 | ov_126 | 3.484156000242203 × 10^280 |
| 125 | ov_125 | 7.830178637370779 × 10^280 |
| 124 | ov_124 | 1.4915583371124021 × 10^281 |
| 123 | ov_123 | 2.5505834108209006 × 10^281 |
| 122 | ov_122 | 4.036641273260903 × 10^281 |
| 121 | ov_121 | 6.02628449703263 × 10^281 |
| 120 | ov_120 | 8.596074537718939 × 10^281 |
| 119 | ov_119 | 1.1822588592655362 × 10^282 |
| 118 | ov_118 | 1.578243138649015 × 10^282 |
| 117 | ov_117 | 2.0552257293075928 × 10^282 |
| 116 | ov_116 | 2.6208810772926524 × 10^282 |
| 115 | ov_115 | 3.2828995718067053 × 10^282 |
| 114 | ov_114 | 4.048998193981194 × 10^282 |
| 113 | ov_113 | 4.9269354026165246 × 10^282 |
| 112 | ov_112 | 5.924530779770664 × 10^282 |
| 111 | ov_111 | 7.049689959505223 × 10^282 |
| 110 | ov_110 | 8.310435363861568 × 10^282 |
| 109 | ov_109 | 9.714943271424839 × 10^282 |
| 108 | ov_108 | 1.1271587745873698 × 10^283 |
| 107 | ov_107 | 1.2988991954989113 × 10^283 |
| 106 | ov_106 | 1.4876087415027662 × 10^283 |
| 105 | ov_105 | 1.694218170149904 × 10^283 |
| 104 | ov_104 | 1.9197035175631754 × 10^283 |
| 103 | ov_103 | 2.1650947286624466 × 10^283 |
| 102 | ov_102 | 2.4314853023609214 × 10^283 |
| 101 | ov_101 | 2.7200430108592466 × 10^283 |
| 100 | ov_100 | 3.032021754304909 × 10^283 |
| 96 | aaa_78_29 | 3.09285784852104 × 10^283 |
| 99 | ov_099 | 3.3687746146906938 × 10^283 |
| 98 | ov_098 | 3.368806815825804 × 10^283 |
| 97 | ov_097 | 3.3689076814949945 × 10^283 |
| 95 | aaa_78_28 | 8.162539312519568 × 10^283 |
| 94 | ov_094 | 2.537802479668767 × 10^284 |
| 93 | ov_093 | 5.6615237916245564 × 10^284 |
| 92 | ov_092 | 1.0717987842150849 × 10^285 |
| 91 | ov_091 | 2.0170572427839743 × 10^285 |
| 90 | ov_090 | 3.7013495069683553 × 10^285 |
| 89 | ov_089 | 6.776653190769626 × 10^285 |
| 88 | ov_088 | 1.2001316166510917 × 10^286 |
| 87 | ov_087 | 2.024034012563113 × 10^286 |
| 86 | ov_086 | 3.2465853213068134 × 10^286 |
| 85 | ov_085 | 4.975783246553412 × 10^286 |
| 84 | ov_084 | 7.330513730193867 × 10^286 |
| 83 | ov_083 | 1.0440691531806283 × 10^287 |
| 82 | ov_082 | 1.4447444164437104 × 10^287 |
| 81 | ov_081 | 1.950334531374788 × 10^287 |
| 80 | ov_080 | 2.577270386956867 × 10^287 |
| 64 | lv_79_k31 | 2.675378430020071 × 10^287 |
| 79 | ov_079 | 3.3431914702379077 × 10^287 |
| 78 | ov_078 | 4.266987732340744 × 10^287 |
| 77 | ov_077 | 5.368848857778862 × 10^287 |
| 76 | ov_076 | 6.67032155381414 × 10^287 |
| 75 | ov_075 | 8.194375479416679 × 10^287 |
| 74 | ov_074 | 9.965478437603053 × 10^287 |
| 63 | ov_063 | 1.1063279003932317 × 10^288 |
| 73 | ov_073 | 1.2009681460939163 × 10^288 |
| 72 | ov_072 | 1.4354714428241512 × 10^288 |
| 71 | ov_071 | 1.7030092861481374 × 10^288 |
| 70 | ov_070 | 2.0067236566118386 × 10^288 |
| 69 | ov_069 | 2.34996007961334 × 10^288 |
| 68 | ov_068 | 2.736282064750778 × 10^288 |
| 67 | ov_067 | 3.167648800463028 × 10^288 |
| 66 | ov_066 | 3.167651254375136 × 10^288 |
| 65 | ov_065 | 3.167658826105098 × 10^288 |
| 62 | ov_062 | 4.5733632412137516 × 10^288 |
| 61 | ov_061 | 1.3834608317239215 × 10^289 |
| 60 | ov_060 | 3.360327475529017 × 10^289 |
| 59 | ov_059 | 6.984163219689733 × 10^289 |
| 58 | ov_058 | 1.2894332968138976 × 10^290 |
| 57 | ov_057 | 2.1730206506512683 × 10^290 |
| 56 | ov_056 | 3.705687255892733 × 10^290 |
| 55 | ov_055 | 6.664393020144025 × 10^290 |
| 54 | ov_054 | 1.1533538532489564 × 10^291 |
| 53 | ov_053 | 1.9345887560800064 × 10^291 |
| 52 | ov_052 | 3.1262151754567534 × 10^291 |
| 51 | ov_051 | 4.857105416759579 × 10^291 |
| 50 | ov_050 | 7.268944398909773 × 10^291 |
| 49 | ov_049 | 1.0516250107265069 × 10^292 |
| 48 | ov_048 | 1.476640842176237 × 10^292 |
| 47 | ov_047 | 2.0199728814523797 × 10^292 |
| 46 | ov_046 | 2.7009528266702426 × 10^292 |
| 32 | lv_80_k31 | 2.7068321814535896 × 10^292 |
| 45 | ov_045 | 3.530232875058514 × 10^292 |
| 44 | ov_044 | 4.519134683940018 × 10^292 |
| 43 | ov_043 | 5.679661953075613 × 10^292 |
| 42 | ov_042 | 7.036520304571973 × 10^292 |
| 41 | ov_041 | 8.61583219424278 × 10^292 |
| 40 | ov_040 | 1.0431762021194983 × 10^293 |
| 31 | ov_031 | 1.1190220775139384 × 10^293 |
| 39 | ov_039 | 1.2513413275780295 × 10^293 |
| 38 | ov_038 | 1.4891475987200896 × 10^293 |
| 37 | ov_037 | 1.7598308168899512 × 10^293 |
| 36 | ov_036 | 2.066803239896184 × 10^293 |
| 35 | ov_035 | 2.413664931760578 × 10^293 |
| 34 | ov_034 | 2.804216994086762 × 10^293 |
| 33 | ov_033 | 3.2424768813055396 × 10^293 |
| 30 | ov_030 | 4.624845193850923 × 10^293 |
| 29 | ov_029 | 1.3988545835614277 × 10^294 |
| 28 | ov_028 | 3.397674297835856 × 10^294 |
| 27 | ov_027 | 8.124762661830794 × 10^294 |
| 26 | ov_026 | 1.789313538859032 × 10^295 |
| 25 | ov_025 | 3.566301031900298 × 10^295 |
| 24 | ov_024 | 6.800204230087741 × 10^295 |
| 23 | ov_023 | 1.2277236627966734 × 10^296 |
| 22 | ov_022 | 2.0913072411404994 × 10^296 |
| 21 | ov_021 | 3.3752870099476592 × 10^296 |
| 20 | ov_020 | 5.197131196478812 × 10^296 |
| 19 | ov_019 | 7.68726672305018 × 10^296 |
| 18 | ov_018 | 1.098909000672159 × 10^297 |
| 17 | ov_017 | 1.5258986187804968 × 10^297 |
| 16 | ov_016 | 2.0666361960646913 × 10^297 |
| 15 | ov_015 | 2.7393698495958502 × 10^297 |
| 14 | ov_014 | 3.563663280835971 × 10^297 |
| 13 | ov_013 | 4.5604077367182325 × 10^297 |
| 12 | ov_012 | 5.751838877327604 × 10^297 |
| 11 | ov_011 | 7.16155973506327 × 10^297 |
| 10 | ov_010 | 8.81457105300453 × 10^297 |
| 9 | ov_009 | 1.0737310393417875 × 10^298 |
| 8 | ov_008 | 1.2957701411210295 × 10^298 |
| 7 | ov_007 | 1.550521448539069 × 10^298 |
| 6 | ov_006 | 1.841093968112927 × 10^298 |
| 5 | ov_005 | 2.17076730957753 × 10^298 |
| 4 | ov_004 | 2.5430018064577017 × 10^298 |
| 3 | ov_003 | 2.961450301265132 × 10^298 |
| 2 | ov_002 | 3.4280956386066024 × 10^298 |
| 1 | ov_001 | 3.9450357337594373 × 10^298 |

