# Results for F001-F002-F003-F004-F005-F006-F007-F008-F009-F010-F011-F012-F013-F014-F015-F016-F017-F018-F019-F020-F021-F022-F023-F024-F025-F026-F027-F028-F029-F030-F031-F032-F033-F034-F035-F036-F037-F038-F039-F040-F041-F042-F043-F044-F045-F046-F047-F048-F049-F050-F051-F052-F053-F054-F055-F056-F057-F058-F059-F060-F061-F062-F063-F064-F065-F066-F067-F068-F069-F070-F071-F072-F073-F074-F075-F076-F077-F078-F079-F080-F081-F082-F083-F084-F085-F086-F087-F088-F089-F090-F091-F092-F093-F094-F095-F096-F097-F098-F099-F100-F101-F102-F103-F104-F105-F106-F107-F108-F109-F110-F111-F112-F113-F114-F115-F116-F117-F118-F119-F120-F121-F122-F123-F124-F125-F126-F127-F128-F129-F130-F131-F132-F133-F134-F135-F136-F137-F138-F139-F140-F141-F142-F143-F144-F145-F146-F147-F148-F149-F150-F151-F152-F153-F154-F155-F156-F157-F158-F159-F160-F161-F162-F163-F164-F165-F166-F167-F168-F169-F170-F171-F172-F173-F174-F175-F176-F177-F178-F179-F180-F181-F182-F183-F184-F185-F186-F187-F188-F189-F190-F191-F192-F193-F194-F195-F196-F197-F198-F199-F200-F201-F202-F203-F204-F205-F206-F207-F208-F209-F210-F211-F212-F213-F214-F215-F216-F217-F218-F219-F220-F221-F222-F223-F224-F225-F226-F227-F228-F229-F230-F231-F232-F233-F234-F235-F236-F237-F238-F239-F240-F241-F242-F243-F244-F245-F246-F247-F248-F249-F250-F251-F252-F253-F254-F255-F256-F257-F258-F259-F260-F261-F262-F263-F264-F265-F266-F267-F268-F269-F270-F271-F272-F273-F274-F275-F276-F277-F278-F279-F280-F281-F282-F283-F284-F285-F286-F287-F288-F289-F290-F291-F292-F293-F294-F295-F296-F297-F298-F299-F300-F301-F302-F303-F304-F305-F306-F307-F308-F309-F310-F311-F312-F313-F314-F315-F316-F317-F318-F319-F320-F321-F322-F323-F324-F325-F326-F327-F328-F329-F330-F331-F332-F333-F334-F335-F336-F337-F338-F339-F340-F341-F342-F343-F344-F345-F346-F347-F348-F349-F350-F351-F352-F353-F354-F355-F356-F357-F358-F359-F360-F361-F362-F363-F364-F365-F366-F367-F368-F369-F370-F371-F372-F373-F374-F375-F376-F377-F378-F379-F380-F381-F382-F383-F384-F385-F386-F387-F388-F389-F390-F391-F392-F393-F394-F395-F396-F397-F398-F399-F400-F401-F402-F403-F404-F405-F406-F407-F408-F409-F410-F411-F412-F413-F414-F415-F416-F417-F418-F419-F420-F421-F422-F423-F424-F425-F426-F427-F428-F429-F430-F431-F432-F433-F434-F435-F436-F437-F438-F439-F440-F441-F442-F443-F444-F445-F446-F447-F448-F449-F450-F451-F452-F453-F454-F455-F456-F457-F458-F459-F460-F461-F462-F463-F464-F465-F466-F467-F468-F469-F470-F471-F472-F473-F474-F475-F476-F477-F478-F479-F480-F481-F482-F483-F484-F485-F486-F487-F488-F489-F490-F491-F492-F493-F494-F495-F496-F500-O501504-F508-F509-F510-F511-F512

## Summary

Number of input bits: 512  
Number of free input bits: 9  
Number of output bits: 160

Number of direct occurrences: 35744  
Number of assignments: 30754  
Number of operations: 10846022
(xor: 10818166,
and: 14741,
or: 13115)

Total complexity: 1.4631298169044247 × 10^297

Least occurring input variable: iv_502 (3863)  
Most occurring input variable: iv_501 (4065)

Most co-occurring input variables: iv_497-iv_503 (1949)  
Least co-occurring input variables: iv_501-iv_502 (1719)

Potentially most occurring input variable: iv_501/iv_507 (4498)  
Potentially least occurring input variable: iv_499/iv_505 (4123)

Least output occurring input variable: iv_507 (70)  
Most output occurring input variable: iv_502 (88)

Most output co-occurring input variables: iv_502-iv_506 (47)  
Least output co-occurring input variables: iv_501-iv_507 (30)

Potentially most output occurring input variable: iv_498/iv_505 (97)  
Potentially least output occurring input variable: iv_506/iv_507 (69)

Least complex input bit: iv_497 (9.017748009572677 × 10^294)  
Most complex input bit: iv_505 (4.398036266718405 × 10^296)

Least complex output bit: aaa_76_29 (9.51773999151088 × 10^271)  
Most complex output bit: ov_001 (2.3611491143035336 × 10^296)

Least complex input/output complexity: iv_497/aaa_76_29 (5.866094715072302 × 10^269)  
Most complex input/output complexity: iv_505/ov_001 (7.097401280364534 × 10^295)

## Input Bits

### Input Bits in Regular Order

| Input Bit | Complexity | Occurrences | Output Occurrences |
|:---------:|:----------:|:-----------:|:------------------:|
| iv_497 | 9.017748009572677 × 10^294 | 4027 | 82 |
| iv_498 | 1.7988666654582372 × 10^295 | 3900 | 85 |
| iv_499 | 3.1631944789285473 × 10^295 | 3901 | 81 |
| iv_501 | 4.282776266302048 × 10^296 | 4065 | 74 |
| iv_502 | 1.393575729354215 × 10^296 | 3863 | 88 |
| iv_503 | 2.201522556120036 × 10^296 | 4001 | 72 |
| iv_505 | 4.398036266718405 × 10^296 | 3942 | 82 |
| iv_506 | 8.157980931399868 × 10^295 | 4010 | 81 |
| iv_507 | 9.532056628751453 × 10^295 | 4035 | 70 |

### Input Bits Sorted by Complexity

| Input Bit | Complexity | Occurrences | Output Occurrences |
|:---------:|:----------:|:-----------:|:------------------:|
| iv_497 | 9.017748009572677 × 10^294 | 4027 | 82 |
| iv_498 | 1.7988666654582372 × 10^295 | 3900 | 85 |
| iv_499 | 3.1631944789285473 × 10^295 | 3901 | 81 |
| iv_506 | 8.157980931399868 × 10^295 | 4010 | 81 |
| iv_507 | 9.532056628751453 × 10^295 | 4035 | 70 |
| iv_502 | 1.393575729354215 × 10^296 | 3863 | 88 |
| iv_503 | 2.201522556120036 × 10^296 | 4001 | 72 |
| iv_501 | 4.282776266302048 × 10^296 | 4065 | 74 |
| iv_505 | 4.398036266718405 × 10^296 | 3942 | 82 |

### Input Bits Sorted by Occurrences

| Input Bit | Complexity | Occurrences | Output Occurrences |
|:---------:|:----------:|:-----------:|:------------------:|
| iv_502 | 1.393575729354215 × 10^296 | 3863 | 88 |
| iv_498 | 1.7988666654582372 × 10^295 | 3900 | 85 |
| iv_499 | 3.1631944789285473 × 10^295 | 3901 | 81 |
| iv_505 | 4.398036266718405 × 10^296 | 3942 | 82 |
| iv_503 | 2.201522556120036 × 10^296 | 4001 | 72 |
| iv_506 | 8.157980931399868 × 10^295 | 4010 | 81 |
| iv_497 | 9.017748009572677 × 10^294 | 4027 | 82 |
| iv_507 | 9.532056628751453 × 10^295 | 4035 | 70 |
| iv_501 | 4.282776266302048 × 10^296 | 4065 | 74 |

### Input Bits Sorted by Output Occurrences

| Input Bit | Complexity | Occurrences | Output Occurrences |
|:---------:|:----------:|:-----------:|:------------------:|
| iv_507 | 9.532056628751453 × 10^295 | 4035 | 70 |
| iv_503 | 2.201522556120036 × 10^296 | 4001 | 72 |
| iv_501 | 4.282776266302048 × 10^296 | 4065 | 74 |
| iv_499 | 3.1631944789285473 × 10^295 | 3901 | 81 |
| iv_506 | 8.157980931399868 × 10^295 | 4010 | 81 |
| iv_497 | 9.017748009572677 × 10^294 | 4027 | 82 |
| iv_505 | 4.398036266718405 × 10^296 | 3942 | 82 |
| iv_498 | 1.7988666654582372 × 10^295 | 3900 | 85 |
| iv_502 | 1.393575729354215 × 10^296 | 3863 | 88 |

## Input Bit Co-occurrences

### Input Bit Co-occurrences Sorted by Co-occurrences

| Input Bits | Co-occurrences | Potential Occurrences | Output Co-occurrences | Potential Output Occurrences |
|:----------:|:--------------:|:---------------------:|:---------------------:|:----------------------------:|
| iv_497-iv_503 | 1949 | 4130 | 36 | 82 |
| iv_501-iv_506 | 1937 | 4201 | 33 | 89 |
| iv_497-iv_505 | 1905 | 4159 | 45 | 74 |
| iv_497-iv_506 | 1901 | 4235 | 44 | 75 |
| iv_505-iv_506 | 1886 | 4180 | 37 | 89 |
| iv_503-iv_507 | 1885 | 4266 | 32 | 78 |
| iv_501-iv_503 | 1882 | 4302 | 35 | 76 |
| iv_506-iv_507 | 1882 | 4281 | 41 | 69 |
| iv_497-iv_507 | 1878 | 4306 | 37 | 78 |

### Input Bit Co-occurrences Sorted by Potential Occurrences

| Input Bits | Co-occurrences | Potential Occurrences | Output Co-occurrences | Potential Output Occurrences |
|:----------:|:--------------:|:---------------------:|:---------------------:|:----------------------------:|
| iv_499-iv_505 | 1860 | 4123 | 37 | 89 |
| iv_497-iv_503 | 1949 | 4130 | 36 | 82 |
| iv_502-iv_506 | 1859 | 4155 | 47 | 75 |
| iv_497-iv_505 | 1905 | 4159 | 45 | 74 |
| iv_505-iv_506 | 1886 | 4180 | 37 | 89 |
| iv_499-iv_503 | 1856 | 4190 | 39 | 75 |
| iv_501-iv_506 | 1937 | 4201 | 33 | 89 |
| iv_498-iv_499 | 1791 | 4219 | 45 | 76 |
| iv_499-iv_507 | 1856 | 4224 | 36 | 79 |

### Input Bit Output Co-occurrences Sorted by Output Co-occurrences

| Input Bits | Co-occurrences | Potential Occurrences | Output Co-occurrences | Potential Output Occurrences |
|:----------:|:--------------:|:---------------------:|:---------------------:|:----------------------------:|
| iv_502-iv_506 | 1859 | 4155 | 47 | 75 |
| iv_498-iv_502 | 1752 | 4259 | 46 | 81 |
| iv_497-iv_502 | 1822 | 4246 | 46 | 78 |
| iv_498-iv_499 | 1791 | 4219 | 45 | 76 |
| iv_499-iv_506 | 1820 | 4271 | 45 | 72 |
| iv_497-iv_505 | 1905 | 4159 | 45 | 74 |
| iv_497-iv_506 | 1901 | 4235 | 44 | 75 |
| iv_499-iv_502 | 1765 | 4234 | 43 | 83 |
| iv_501-iv_505 | 1854 | 4299 | 43 | 70 |

### Input Bit Output Co-occurrences Sorted by Potential Output Occurrences

| Input Bits | Co-occurrences | Potential Occurrences | Output Co-occurrences | Potential Output Occurrences |
|:----------:|:--------------:|:---------------------:|:---------------------:|:----------------------------:|
| iv_506-iv_507 | 1882 | 4281 | 41 | 69 |
| iv_501-iv_505 | 1854 | 4299 | 43 | 70 |
| iv_499-iv_506 | 1820 | 4271 | 45 | 72 |
| iv_498-iv_507 | 1833 | 4269 | 41 | 73 |
| iv_497-iv_505 | 1905 | 4159 | 45 | 74 |
| iv_502-iv_506 | 1859 | 4155 | 47 | 75 |
| iv_499-iv_503 | 1856 | 4190 | 39 | 75 |
| iv_497-iv_506 | 1901 | 4235 | 44 | 75 |
| iv_498-iv_499 | 1791 | 4219 | 45 | 76 |

## Output Bits

### Output Bits in Regular Order

| Rank | Output Bit | Complexity |
|:----:|:----------:|:----------:|
| 1 | ov_001 | 2.3611491143035336 × 10^296 |
| 2 | ov_002 | 2.0445406539871878 × 10^296 |
| 3 | ov_003 | 1.7612443761150041 × 10^296 |
| 4 | ov_004 | 1.5087163742258063 × 10^296 |
| 5 | ov_005 | 1.2845518993517712 × 10^296 |
| 6 | ov_006 | 1.0864754086551297 × 10^296 |
| 7 | ov_007 | 9.123318961629771 × 10^295 |
| 8 | ov_008 | 7.600794257983071 × 10^295 |
| 9 | ov_009 | 6.277827675433801 × 10^295 |
| 10 | ov_010 | 5.136080193583867 × 10^295 |
| 11 | ov_011 | 4.158181026899166 × 10^295 |
| 12 | ov_012 | 3.3276903933074964 × 10^295 |
| 13 | ov_013 | 2.6290692403612933 × 10^295 |
| 14 | ov_014 | 2.0476550069072422 × 10^295 |
| 15 | ov_015 | 1.5696424972007173 × 10^295 |
| 16 | ov_016 | 1.1820690086878706 × 10^295 |
| 17 | ov_017 | 8.728029185862996 × 10^294 |
| 18 | ov_018 | 6.305349980316308 × 10^294 |
| 19 | ov_019 | 4.447718198274029 × 10^294 |
| 20 | ov_020 | 3.058307866783851 × 10^294 |
| 21 | ov_021 | 2.0483645570241955 × 10^294 |
| 22 | ov_022 | 1.337179043876039 × 10^294 |
| 23 | ov_023 | 8.52069147359326 × 10^293 |
| 24 | ov_024 | 5.283678389723188 × 10^293 |
| 25 | ov_025 | 3.094160115427421 × 10^293 |
| 26 | ov_026 | 1.6888543440476664 × 10^293 |
| 27 | ov_027 | 8.444923511222339 × 10^292 |
| 28 | ov_028 | 3.778137960341689 × 10^292 |
| 29 | ov_029 | 1.4556500820939903 × 10^292 |
| 30 | ov_030 | 4.449853539498794 × 10^291 |
| 31 | ov_031 | 8.679737295471876 × 10^290 |
| 32 | lv_80_m31 | 1.6928423262159008 × 10^290 |
| 33 | ov_033 | 2.035888210921969 × 10^291 |
| 34 | ov_034 | 1.7665577123747832 × 10^291 |
| 35 | ov_035 | 1.525826043725754 × 10^291 |
| 36 | ov_036 | 1.3112146188544607 × 10^291 |
| 37 | ov_037 | 1.1203778198391162 × 10^291 |
| 38 | ov_038 | 9.51093587205434 × 10^290 |
| 39 | ov_039 | 8.012553096309319 × 10^290 |
| 40 | ov_040 | 6.688648875628858 × 10^290 |
| 41 | ov_041 | 5.529496016683791 × 10^290 |
| 42 | ov_042 | 4.525867019656625 × 10^290 |
| 43 | ov_043 | 3.669011599593315 × 10^290 |
| 44 | ov_044 | 2.9427900282548368 × 10^290 |
| 45 | ov_045 | 2.3319374875144025 × 10^290 |
| 46 | ov_046 | 1.8220423191577988 × 10^290 |
| 47 | ov_047 | 1.406109583929263 × 10^290 |
| 48 | ov_048 | 1.0713867286703038 × 10^290 |
| 49 | ov_049 | 8.059343049792554 × 10^289 |
| 50 | ov_050 | 5.986186537826975 × 10^289 |
| 51 | ov_051 | 4.3910657084093086 × 10^289 |
| 52 | ov_052 | 3.178614430739967 × 10^289 |
| 53 | ov_053 | 2.261404782590522 × 10^289 |
| 54 | ov_054 | 1.559927725678802 × 10^289 |
| 55 | ov_055 | 1.0364065038756864 × 10^289 |
| 56 | ov_056 | 6.570148012249911 × 10^288 |
| 57 | ov_057 | 3.918736292323347 × 10^288 |
| 58 | ov_058 | 2.1504955621312858 × 10^288 |
| 59 | ov_059 | 1.0455378942531222 × 10^288 |
| 60 | ov_060 | 4.234175983641244 × 10^287 |
| 61 | ov_061 | 1.4312972861881624 × 10^287 |
| 62 | ov_062 | 3.831973281499533 × 10^286 |
| 63 | ov_063 | 8.47072458754497 × 10^285 |
| 64 | lv_79_m31 | 1.6494083457073253 × 10^285 |
| 65 | ov_065 | 1.9473677323986827 × 10^286 |
| 66 | ov_066 | 1.947362598465094 × 10^286 |
| 67 | ov_067 | 1.9473613884800077 × 10^286 |
| 68 | ov_068 | 1.6807948777378696 × 10^286 |
| 69 | ov_069 | 1.44277188524958 × 10^286 |
| 70 | ov_070 | 1.231134131640419 × 10^286 |
| 71 | ov_071 | 1.0438250113611696 × 10^286 |
| 72 | ov_072 | 8.788841767233488 × 10^285 |
| 73 | ov_073 | 7.344433261095941 × 10^285 |
| 74 | ov_074 | 6.087229039062026 × 10^285 |
| 75 | ov_075 | 5.0002943500614776 × 10^285 |
| 76 | ov_076 | 4.0675325987908503 × 10^285 |
| 77 | ov_077 | 3.273665340260713 × 10^285 |
| 78 | ov_078 | 2.6042144805776512 × 10^285 |
| 79 | ov_079 | 2.0454865498344532 × 10^285 |
| 80 | ov_080 | 1.5845589146835186 × 10^285 |
| 81 | ov_081 | 1.2092677994420825 × 10^285 |
| 82 | ov_082 | 9.081979855190066 × 10^284 |
| 83 | ov_083 | 6.706740596425656 × 10^284 |
| 84 | ov_084 | 4.867530818688916 × 10^284 |
| 85 | ov_085 | 3.47218544705871 × 10^284 |
| 86 | ov_086 | 2.4357549493078458 × 10^284 |
| 87 | ov_087 | 1.6804668983957822 × 10^284 |
| 88 | ov_088 | 1.1356965976449212 × 10^284 |
| 89 | ov_089 | 7.379454875357515 × 10^283 |
| 90 | ov_090 | 4.572435697715731 × 10^283 |
| 91 | ov_091 | 2.6717332793257157 × 10^283 |
| 92 | ov_092 | 1.448659363996397 × 10^283 |
| 93 | ov_093 | 7.099912981080378 × 10^282 |
| 94 | ov_094 | 2.9796156493771513 × 10^282 |
| 95 | aaa_78_28 | 9.025351342370551 × 10^281 |
| 96 | aaa_78_29 | 2.6892054809476754 × 10^281 |
| 97 | ov_097 | 1.4601373979451034 × 10^281 |
| 98 | ov_098 | 1.4601163679757724 × 10^281 |
| 99 | ov_099 | 1.4601096582880338 × 10^281 |
| 100 | ov_100 | 1.1925998511488852 × 10^281 |
| 101 | ov_101 | 9.692179317325311 × 10^280 |
| 102 | ov_102 | 7.847793859164536 × 10^280 |
| 103 | ov_103 | 6.343815531043558 × 10^280 |
| 104 | ov_104 | 5.133830444158487 × 10^280 |
| 105 | ov_105 | 4.173859143761997 × 10^280 |
| 106 | ov_106 | 3.4222032920951875 × 10^280 |
| 107 | ov_107 | 2.839314877717908 × 10^280 |
| 108 | ov_108 | 2.3876856368159293 × 10^280 |
| 109 | ov_109 | 2.031754494080337 × 10^280 |
| 110 | ov_110 | 1.7378309503464178 × 10^280 |
| 111 | ov_111 | 1.474032461990507 × 10^280 |
| 112 | ov_112 | 1.2386415775067135 × 10^280 |
| 113 | ov_113 | 1.0299720591788592 × 10^280 |
| 114 | ov_114 | 8.463615529342789 × 10^279 |
| 115 | ov_115 | 6.861656364173502 × 10^279 |
| 116 | ov_116 | 5.477531308452154 × 10^279 |
| 117 | ov_117 | 4.2950256231383223 × 10^279 |
| 118 | ov_118 | 3.2979955031399566 × 10^279 |
| 119 | ov_119 | 2.4703480755391684 × 10^279 |
| 120 | ov_120 | 1.7960257174114538 × 10^279 |
| 121 | ov_121 | 1.2589941224772165 × 10^279 |
| 122 | ov_122 | 8.432335459038413 × 10^278 |
| 123 | ov_123 | 5.327326566062776 × 10^278 |
| 124 | ov_124 | 3.1148442639312972 × 10^278 |
| 125 | ov_125 | 1.6348362352959485 × 10^278 |
| 126 | ov_126 | 7.272558378119452 × 10^277 |
| 127 | aaa_77_28 | 2.320578104205246 × 10^277 |
| 128 | aaa_77_29 | 8.690130952461657 × 10^276 |
| 129 | ov_129 | 7.947829590845627 × 10^276 |
| 130 | ov_130 | 7.947811083891896 × 10^276 |
| 131 | ov_131 | 7.947805199921992 × 10^276 |
| 132 | ov_132 | 6.867524714459271 × 10^276 |
| 133 | ov_133 | 5.902247883653739 × 10^276 |
| 134 | ov_134 | 5.0432265018252654 × 10^276 |
| 135 | ov_135 | 4.282167116606387 × 10^276 |
| 136 | ov_136 | 3.6111983426816365 × 10^276 |
| 137 | ov_137 | 3.0228430820520485 × 10^276 |
| 138 | ov_138 | 2.5099951545127586 × 10^276 |
| 139 | ov_139 | 2.0658998667651537 × 10^276 |
| 140 | ov_140 | 1.6841380727233064 × 10^276 |
| 141 | ov_141 | 1.358613301275706 × 10^276 |
| 142 | ov_142 | 1.0835415511567379 × 10^276 |
| 143 | ov_143 | 8.534433757667461 × 10^275 |
| 144 | ov_144 | 6.631379038257146 × 10^275 |
| 145 | ov_145 | 5.0773846470088165 × 10^275 |
| 146 | ov_146 | 3.826495101415867 × 10^275 |
| 147 | ov_147 | 2.8356454700158215 × 10^275 |
| 148 | ov_148 | 2.0646481833952407 × 10^275 |
| 149 | ov_149 | 1.4761849307046482 × 10^275 |
| 150 | ov_150 | 1.0358015782612421 × 10^275 |
| 151 | ov_151 | 7.119046748143056 × 10^274 |
| 152 | ov_152 | 4.7575886518688674 × 10^274 |
| 153 | ov_153 | 3.014849913957013 × 10^274 |
| 154 | ov_154 | 1.7685732580331838 × 10^274 |
| 155 | ov_155 | 9.107730660417532 × 10^273 |
| 156 | aaa_76_25 | 3.477322431885575 × 10^273 |
| 157 | aaa_76_26 | 1.976086948967803 × 10^273 |
| 158 | aaa_76_27 | 9.840496955835402 × 10^272 |
| 159 | aaa_76_28 | 3.585593949074294 × 10^272 |
| 160 | aaa_76_29 | 9.51773999151088 × 10^271 |

### Output Bits Sorted by Complexity

| Rank | Output Bit | Complexity |
|:----:|:----------:|:----------:|
| 160 | aaa_76_29 | 9.51773999151088 × 10^271 |
| 159 | aaa_76_28 | 3.585593949074294 × 10^272 |
| 158 | aaa_76_27 | 9.840496955835402 × 10^272 |
| 157 | aaa_76_26 | 1.976086948967803 × 10^273 |
| 156 | aaa_76_25 | 3.477322431885575 × 10^273 |
| 155 | ov_155 | 9.107730660417532 × 10^273 |
| 154 | ov_154 | 1.7685732580331838 × 10^274 |
| 153 | ov_153 | 3.014849913957013 × 10^274 |
| 152 | ov_152 | 4.7575886518688674 × 10^274 |
| 151 | ov_151 | 7.119046748143056 × 10^274 |
| 150 | ov_150 | 1.0358015782612421 × 10^275 |
| 149 | ov_149 | 1.4761849307046482 × 10^275 |
| 148 | ov_148 | 2.0646481833952407 × 10^275 |
| 147 | ov_147 | 2.8356454700158215 × 10^275 |
| 146 | ov_146 | 3.826495101415867 × 10^275 |
| 145 | ov_145 | 5.0773846470088165 × 10^275 |
| 144 | ov_144 | 6.631379038257146 × 10^275 |
| 143 | ov_143 | 8.534433757667461 × 10^275 |
| 142 | ov_142 | 1.0835415511567379 × 10^276 |
| 141 | ov_141 | 1.358613301275706 × 10^276 |
| 140 | ov_140 | 1.6841380727233064 × 10^276 |
| 139 | ov_139 | 2.0658998667651537 × 10^276 |
| 138 | ov_138 | 2.5099951545127586 × 10^276 |
| 137 | ov_137 | 3.0228430820520485 × 10^276 |
| 136 | ov_136 | 3.6111983426816365 × 10^276 |
| 135 | ov_135 | 4.282167116606387 × 10^276 |
| 134 | ov_134 | 5.0432265018252654 × 10^276 |
| 133 | ov_133 | 5.902247883653739 × 10^276 |
| 132 | ov_132 | 6.867524714459271 × 10^276 |
| 131 | ov_131 | 7.947805199921992 × 10^276 |
| 130 | ov_130 | 7.947811083891896 × 10^276 |
| 129 | ov_129 | 7.947829590845627 × 10^276 |
| 128 | aaa_77_29 | 8.690130952461657 × 10^276 |
| 127 | aaa_77_28 | 2.320578104205246 × 10^277 |
| 126 | ov_126 | 7.272558378119452 × 10^277 |
| 125 | ov_125 | 1.6348362352959485 × 10^278 |
| 124 | ov_124 | 3.1148442639312972 × 10^278 |
| 123 | ov_123 | 5.327326566062776 × 10^278 |
| 122 | ov_122 | 8.432335459038413 × 10^278 |
| 121 | ov_121 | 1.2589941224772165 × 10^279 |
| 120 | ov_120 | 1.7960257174114538 × 10^279 |
| 119 | ov_119 | 2.4703480755391684 × 10^279 |
| 118 | ov_118 | 3.2979955031399566 × 10^279 |
| 117 | ov_117 | 4.2950256231383223 × 10^279 |
| 116 | ov_116 | 5.477531308452154 × 10^279 |
| 115 | ov_115 | 6.861656364173502 × 10^279 |
| 114 | ov_114 | 8.463615529342789 × 10^279 |
| 113 | ov_113 | 1.0299720591788592 × 10^280 |
| 112 | ov_112 | 1.2386415775067135 × 10^280 |
| 111 | ov_111 | 1.474032461990507 × 10^280 |
| 110 | ov_110 | 1.7378309503464178 × 10^280 |
| 109 | ov_109 | 2.031754494080337 × 10^280 |
| 108 | ov_108 | 2.3876856368159293 × 10^280 |
| 107 | ov_107 | 2.839314877717908 × 10^280 |
| 106 | ov_106 | 3.4222032920951875 × 10^280 |
| 105 | ov_105 | 4.173859143761997 × 10^280 |
| 104 | ov_104 | 5.133830444158487 × 10^280 |
| 103 | ov_103 | 6.343815531043558 × 10^280 |
| 102 | ov_102 | 7.847793859164536 × 10^280 |
| 101 | ov_101 | 9.692179317325311 × 10^280 |
| 100 | ov_100 | 1.1925998511488852 × 10^281 |
| 99 | ov_099 | 1.4601096582880338 × 10^281 |
| 98 | ov_098 | 1.4601163679757724 × 10^281 |
| 97 | ov_097 | 1.4601373979451034 × 10^281 |
| 96 | aaa_78_29 | 2.6892054809476754 × 10^281 |
| 95 | aaa_78_28 | 9.025351342370551 × 10^281 |
| 94 | ov_094 | 2.9796156493771513 × 10^282 |
| 93 | ov_093 | 7.099912981080378 × 10^282 |
| 92 | ov_092 | 1.448659363996397 × 10^283 |
| 91 | ov_091 | 2.6717332793257157 × 10^283 |
| 90 | ov_090 | 4.572435697715731 × 10^283 |
| 89 | ov_089 | 7.379454875357515 × 10^283 |
| 88 | ov_088 | 1.1356965976449212 × 10^284 |
| 87 | ov_087 | 1.6804668983957822 × 10^284 |
| 86 | ov_086 | 2.4357549493078458 × 10^284 |
| 85 | ov_085 | 3.47218544705871 × 10^284 |
| 84 | ov_084 | 4.867530818688916 × 10^284 |
| 83 | ov_083 | 6.706740596425656 × 10^284 |
| 82 | ov_082 | 9.081979855190066 × 10^284 |
| 81 | ov_081 | 1.2092677994420825 × 10^285 |
| 80 | ov_080 | 1.5845589146835186 × 10^285 |
| 64 | lv_79_m31 | 1.6494083457073253 × 10^285 |
| 79 | ov_079 | 2.0454865498344532 × 10^285 |
| 78 | ov_078 | 2.6042144805776512 × 10^285 |
| 77 | ov_077 | 3.273665340260713 × 10^285 |
| 76 | ov_076 | 4.0675325987908503 × 10^285 |
| 75 | ov_075 | 5.0002943500614776 × 10^285 |
| 74 | ov_074 | 6.087229039062026 × 10^285 |
| 73 | ov_073 | 7.344433261095941 × 10^285 |
| 63 | ov_063 | 8.47072458754497 × 10^285 |
| 72 | ov_072 | 8.788841767233488 × 10^285 |
| 71 | ov_071 | 1.0438250113611696 × 10^286 |
| 70 | ov_070 | 1.231134131640419 × 10^286 |
| 69 | ov_069 | 1.44277188524958 × 10^286 |
| 68 | ov_068 | 1.6807948777378696 × 10^286 |
| 67 | ov_067 | 1.9473613884800077 × 10^286 |
| 66 | ov_066 | 1.947362598465094 × 10^286 |
| 65 | ov_065 | 1.9473677323986827 × 10^286 |
| 62 | ov_062 | 3.831973281499533 × 10^286 |
| 61 | ov_061 | 1.4312972861881624 × 10^287 |
| 60 | ov_060 | 4.234175983641244 × 10^287 |
| 59 | ov_059 | 1.0455378942531222 × 10^288 |
| 58 | ov_058 | 2.1504955621312858 × 10^288 |
| 57 | ov_057 | 3.918736292323347 × 10^288 |
| 56 | ov_056 | 6.570148012249911 × 10^288 |
| 55 | ov_055 | 1.0364065038756864 × 10^289 |
| 54 | ov_054 | 1.559927725678802 × 10^289 |
| 53 | ov_053 | 2.261404782590522 × 10^289 |
| 52 | ov_052 | 3.178614430739967 × 10^289 |
| 51 | ov_051 | 4.3910657084093086 × 10^289 |
| 50 | ov_050 | 5.986186537826975 × 10^289 |
| 49 | ov_049 | 8.059343049792554 × 10^289 |
| 48 | ov_048 | 1.0713867286703038 × 10^290 |
| 47 | ov_047 | 1.406109583929263 × 10^290 |
| 32 | lv_80_m31 | 1.6928423262159008 × 10^290 |
| 46 | ov_046 | 1.8220423191577988 × 10^290 |
| 45 | ov_045 | 2.3319374875144025 × 10^290 |
| 44 | ov_044 | 2.9427900282548368 × 10^290 |
| 43 | ov_043 | 3.669011599593315 × 10^290 |
| 42 | ov_042 | 4.525867019656625 × 10^290 |
| 41 | ov_041 | 5.529496016683791 × 10^290 |
| 40 | ov_040 | 6.688648875628858 × 10^290 |
| 39 | ov_039 | 8.012553096309319 × 10^290 |
| 31 | ov_031 | 8.679737295471876 × 10^290 |
| 38 | ov_038 | 9.51093587205434 × 10^290 |
| 37 | ov_037 | 1.1203778198391162 × 10^291 |
| 36 | ov_036 | 1.3112146188544607 × 10^291 |
| 35 | ov_035 | 1.525826043725754 × 10^291 |
| 34 | ov_034 | 1.7665577123747832 × 10^291 |
| 33 | ov_033 | 2.035888210921969 × 10^291 |
| 30 | ov_030 | 4.449853539498794 × 10^291 |
| 29 | ov_029 | 1.4556500820939903 × 10^292 |
| 28 | ov_028 | 3.778137960341689 × 10^292 |
| 27 | ov_027 | 8.444923511222339 × 10^292 |
| 26 | ov_026 | 1.6888543440476664 × 10^293 |
| 25 | ov_025 | 3.094160115427421 × 10^293 |
| 24 | ov_024 | 5.283678389723188 × 10^293 |
| 23 | ov_023 | 8.52069147359326 × 10^293 |
| 22 | ov_022 | 1.337179043876039 × 10^294 |
| 21 | ov_021 | 2.0483645570241955 × 10^294 |
| 20 | ov_020 | 3.058307866783851 × 10^294 |
| 19 | ov_019 | 4.447718198274029 × 10^294 |
| 18 | ov_018 | 6.305349980316308 × 10^294 |
| 17 | ov_017 | 8.728029185862996 × 10^294 |
| 16 | ov_016 | 1.1820690086878706 × 10^295 |
| 15 | ov_015 | 1.5696424972007173 × 10^295 |
| 14 | ov_014 | 2.0476550069072422 × 10^295 |
| 13 | ov_013 | 2.6290692403612933 × 10^295 |
| 12 | ov_012 | 3.3276903933074964 × 10^295 |
| 11 | ov_011 | 4.158181026899166 × 10^295 |
| 10 | ov_010 | 5.136080193583867 × 10^295 |
| 9 | ov_009 | 6.277827675433801 × 10^295 |
| 8 | ov_008 | 7.600794257983071 × 10^295 |
| 7 | ov_007 | 9.123318961629771 × 10^295 |
| 6 | ov_006 | 1.0864754086551297 × 10^296 |
| 5 | ov_005 | 1.2845518993517712 × 10^296 |
| 4 | ov_004 | 1.5087163742258063 × 10^296 |
| 3 | ov_003 | 1.7612443761150041 × 10^296 |
| 2 | ov_002 | 2.0445406539871878 × 10^296 |
| 1 | ov_001 | 2.3611491143035336 × 10^296 |

