# Results for F001-F002-F003-F004-F005-F006-F007-F008-F009-F010-F011-F012-F013-F014-F015-F016-F017-F018-F019-F020-F021-F022-F023-F024-F025-F026-F027-F028-F029-F030-F031-F032-F033-F034-F035-F036-F037-F038-F039-F040-F041-F042-F043-F044-F045-F046-F047-F048-F049-F050-F051-F052-F053-F054-F055-F056-F057-F058-F059-F060-F061-F062-F063-F064-F065-F066-F067-F068-F069-F070-F071-F072-F073-F074-F075-F076-F077-F078-F079-F080-F081-F082-F083-F084-F085-F086-F087-F088-F089-F090-F091-F092-F093-F094-F095-F096-F097-F098-F099-F100-F101-F102-F103-F104-F105-F106-F107-F108-F109-F110-F111-F112-F113-F114-F115-F116-F117-F118-F119-F120-F121-F122-F123-F124-F125-F126-F127-F128-F129-F130-F131-F132-F133-F134-F135-F136-F137-F138-F139-F140-F141-F142-F143-F144-F145-F146-F147-F148-F149-F150-F151-F152-F153-F154-F155-F156-F157-F158-F159-F160-F161-F162-F163-F164-F165-F166-F167-F168-F169-F170-F171-F172-F173-F174-F175-F176-F177-F178-F179-F180-F181-F182-F183-F184-F185-F186-F187-F188-F189-F190-F191-F192-F193-F194-F195-F196-F197-F198-F199-F200-F201-F202-F203-F204-F205-F206-F207-F208-F209-F210-F211-F212-F213-F214-F215-F216-F217-F218-F219-F220-F221-F222-F223-F224-F225-F226-F227-F228-F229-F230-F231-F232-F233-F234-F235-F236-F237-F238-F239-F240-F241-F242-F243-F244-F245-F246-F247-F248-F249-F250-F251-F252-F253-F254-F255-F256-F257-F258-F259-F260-F261-F262-F263-F264-F265-F266-F267-F268-F269-F270-F271-F272-F273-F274-F275-F276-F277-F278-F279-F280-F281-F282-F283-F284-F285-F286-F287-F288-F289-F290-F291-F292-F293-F294-F295-F296-F297-F298-F299-F300-F301-F302-F303-F304-F305-F306-F307-F308-F309-F310-F311-F312-F313-F314-F315-F316-F317-F318-F319-F320-F321-F322-F323-F324-F325-F326-F327-F328-F329-F330-F331-F332-F333-F334-F335-F336-F337-F338-F339-F340-F341-F342-F343-F344-F345-F346-F347-F348-F349-F350-F351-F352-F353-F354-F355-F356-F357-F358-F359-F360-F361-F362-F363-F364-F365-F366-F367-F368-F369-F370-F371-F372-F373-F374-F375-F376-F377-F378-F379-F380-F381-F382-F383-F384-F385-F386-F387-F388-F389-F390-F391-F392-F393-F394-F395-F396-F397-F398-F399-F400-F401-F402-F403-F404-F405-F406-F407-F408-F409-F410-F411-F412-F413-F414-F415-F416-F417-F418-F419-F420-F421-F422-F423-F424-F425-F426-F427-F428-F429-F430-F431-F432-F433-F434-F435-F436-F437-F438-F439-F440-F441-F442-F443-F444-F445-F446-F447-F448-F449-F450-F451-F452-F453-F454-F455-F456-F457-F458-F459-F460-F461-F462-F463-F464-F465-F466-F467-F468-F469-F470-F471-F472-F473-F474-F475-F476-F477-F478-F479-F480-F481-F482-F483-F484-F485-F486-F487-F488-F489-F490-F491-F492-F493-F494-F495-F496-F500-F505-F508-F509-F510-F511-F512

## Summary

Number of input bits: 512  
Number of free input bits: 9  
Number of output bits: 160

Number of direct occurrences: 36059  
Number of assignments: 30523  
Number of operations: 10638419
(xor: 10610695,
and: 14706,
or: 13018)

Total complexity: 3.969126439529017 × 10^294

Least occurring input variable: iv_504 (3873)  
Most occurring input variable: iv_507 (4214)

Most co-occurring input variables: iv_501-iv_502 (2031)  
Least co-occurring input variables: iv_498-iv_499 (1791)

Potentially most occurring input variable: iv_506/iv_507 (4576)  
Potentially least occurring input variable: iv_501/iv_502 (4066)

Least output occurring input variable: iv_503 (72)  
Most output occurring input variable: iv_506 (93)

Most output co-occurring input variables: iv_498-iv_506 (54)  
Least output co-occurring input variables: iv_497-iv_502 (28)

Potentially most output occurring input variable: iv_497/iv_502 (97)  
Potentially least output occurring input variable: iv_501/iv_507 (71)

Least complex input bit: iv_497 (6.139203888041164 × 10^292)  
Most complex input bit: iv_502 (9.487276573711283 × 10^293)

Least complex output bit: aaa_76_29 (8.224850619741215 × 10^269)  
Most complex output bit: ov_001 (6.405171244209321 × 10^293)

Least complex input/output complexity: iv_497/aaa_76_29 (1.272169976758533 × 10^268)  
Most complex input/output complexity: iv_502/ov_001 (1.5310076920353038 × 10^293)

## Input Bits

### Input Bits in Regular Order

| Input Bit | Complexity | Occurrences | Output Occurrences |
|:---------:|:----------:|:-----------:|:------------------:|
| iv_497 | 6.139203888041164 × 10^292 | 3983 | 77 |
| iv_498 | 1.2246526241643616 × 10^293 | 3898 | 88 |
| iv_499 | 2.153473536868437 × 10^293 | 3880 | 81 |
| iv_501 | 5.906999158103675 × 10^293 | 4013 | 82 |
| iv_502 | 9.487276573711283 × 10^293 | 4115 | 76 |
| iv_503 | 5.5003948004973114 × 10^293 | 4043 | 72 |
| iv_504 | 2.7615254797703474 × 10^293 | 3873 | 78 |
| iv_506 | 5.553789115088775 × 10^293 | 4040 | 93 |
| iv_507 | 6.489232718281853 × 10^293 | 4214 | 83 |

### Input Bits Sorted by Complexity

| Input Bit | Complexity | Occurrences | Output Occurrences |
|:---------:|:----------:|:-----------:|:------------------:|
| iv_497 | 6.139203888041164 × 10^292 | 3983 | 77 |
| iv_498 | 1.2246526241643616 × 10^293 | 3898 | 88 |
| iv_499 | 2.153473536868437 × 10^293 | 3880 | 81 |
| iv_504 | 2.7615254797703474 × 10^293 | 3873 | 78 |
| iv_503 | 5.5003948004973114 × 10^293 | 4043 | 72 |
| iv_506 | 5.553789115088775 × 10^293 | 4040 | 93 |
| iv_501 | 5.906999158103675 × 10^293 | 4013 | 82 |
| iv_507 | 6.489232718281853 × 10^293 | 4214 | 83 |
| iv_502 | 9.487276573711283 × 10^293 | 4115 | 76 |

### Input Bits Sorted by Occurrences

| Input Bit | Complexity | Occurrences | Output Occurrences |
|:---------:|:----------:|:-----------:|:------------------:|
| iv_504 | 2.7615254797703474 × 10^293 | 3873 | 78 |
| iv_499 | 2.153473536868437 × 10^293 | 3880 | 81 |
| iv_498 | 1.2246526241643616 × 10^293 | 3898 | 88 |
| iv_497 | 6.139203888041164 × 10^292 | 3983 | 77 |
| iv_501 | 5.906999158103675 × 10^293 | 4013 | 82 |
| iv_506 | 5.553789115088775 × 10^293 | 4040 | 93 |
| iv_503 | 5.5003948004973114 × 10^293 | 4043 | 72 |
| iv_502 | 9.487276573711283 × 10^293 | 4115 | 76 |
| iv_507 | 6.489232718281853 × 10^293 | 4214 | 83 |

### Input Bits Sorted by Output Occurrences

| Input Bit | Complexity | Occurrences | Output Occurrences |
|:---------:|:----------:|:-----------:|:------------------:|
| iv_503 | 5.5003948004973114 × 10^293 | 4043 | 72 |
| iv_502 | 9.487276573711283 × 10^293 | 4115 | 76 |
| iv_497 | 6.139203888041164 × 10^292 | 3983 | 77 |
| iv_504 | 2.7615254797703474 × 10^293 | 3873 | 78 |
| iv_499 | 2.153473536868437 × 10^293 | 3880 | 81 |
| iv_501 | 5.906999158103675 × 10^293 | 4013 | 82 |
| iv_507 | 6.489232718281853 × 10^293 | 4214 | 83 |
| iv_498 | 1.2246526241643616 × 10^293 | 3898 | 88 |
| iv_506 | 5.553789115088775 × 10^293 | 4040 | 93 |

## Input Bit Co-occurrences

### Input Bit Co-occurrences Sorted by Co-occurrences

| Input Bits | Co-occurrences | Potential Occurrences | Output Co-occurrences | Potential Output Occurrences |
|:----------:|:--------------:|:---------------------:|:---------------------:|:----------------------------:|
| iv_501-iv_502 | 2031 | 4066 | 39 | 80 |
| iv_502-iv_503 | 2028 | 4102 | 32 | 84 |
| iv_502-iv_506 | 1982 | 4191 | 48 | 73 |
| iv_501-iv_507 | 1975 | 4277 | 47 | 71 |
| iv_502-iv_507 | 1972 | 4385 | 42 | 75 |
| iv_497-iv_507 | 1971 | 4255 | 41 | 78 |
| iv_503-iv_507 | 1961 | 4335 | 36 | 83 |
| iv_499-iv_507 | 1957 | 4180 | 41 | 82 |
| iv_499-iv_502 | 1901 | 4193 | 42 | 73 |

### Input Bit Co-occurrences Sorted by Potential Occurrences

| Input Bits | Co-occurrences | Potential Occurrences | Output Co-occurrences | Potential Output Occurrences |
|:----------:|:--------------:|:---------------------:|:---------------------:|:----------------------------:|
| iv_501-iv_502 | 2031 | 4066 | 39 | 80 |
| iv_501-iv_504 | 1895 | 4096 | 40 | 80 |
| iv_499-iv_504 | 1826 | 4101 | 38 | 83 |
| iv_502-iv_503 | 2028 | 4102 | 32 | 84 |
| iv_497-iv_499 | 1859 | 4145 | 40 | 78 |
| iv_499-iv_503 | 1881 | 4161 | 36 | 81 |
| iv_498-iv_504 | 1804 | 4163 | 46 | 74 |
| iv_504-iv_506 | 1873 | 4167 | 45 | 81 |
| iv_499-iv_507 | 1957 | 4180 | 41 | 82 |

### Input Bit Output Co-occurrences Sorted by Output Co-occurrences

| Input Bits | Co-occurrences | Potential Occurrences | Output Co-occurrences | Potential Output Occurrences |
|:----------:|:--------------:|:---------------------:|:---------------------:|:----------------------------:|
| iv_498-iv_506 | 1873 | 4192 | 54 | 73 |
| iv_499-iv_506 | 1829 | 4262 | 49 | 76 |
| iv_498-iv_499 | 1791 | 4196 | 48 | 73 |
| iv_502-iv_506 | 1982 | 4191 | 48 | 73 |
| iv_501-iv_507 | 1975 | 4277 | 47 | 71 |
| iv_498-iv_501 | 1833 | 4245 | 46 | 78 |
| iv_498-iv_504 | 1804 | 4163 | 46 | 74 |
| iv_497-iv_498 | 1823 | 4235 | 46 | 73 |
| iv_501-iv_506 | 1864 | 4325 | 45 | 85 |

### Input Bit Output Co-occurrences Sorted by Potential Output Occurrences

| Input Bits | Co-occurrences | Potential Occurrences | Output Co-occurrences | Potential Output Occurrences |
|:----------:|:--------------:|:---------------------:|:---------------------:|:----------------------------:|
| iv_501-iv_507 | 1975 | 4277 | 47 | 71 |
| iv_504-iv_507 | 1881 | 4325 | 44 | 73 |
| iv_498-iv_499 | 1791 | 4196 | 48 | 73 |
| iv_498-iv_506 | 1873 | 4192 | 54 | 73 |
| iv_499-iv_502 | 1901 | 4193 | 42 | 73 |
| iv_502-iv_506 | 1982 | 4191 | 48 | 73 |
| iv_497-iv_498 | 1823 | 4235 | 46 | 73 |
| iv_498-iv_504 | 1804 | 4163 | 46 | 74 |
| iv_502-iv_507 | 1972 | 4385 | 42 | 75 |

## Output Bits

### Output Bits in Regular Order

| Rank | Output Bit | Complexity |
|:----:|:----------:|:----------:|
| 1 | ov_001 | 6.405171244209321 × 10^293 |
| 2 | ov_002 | 5.546264438014101 × 10^293 |
| 3 | ov_003 | 4.7777372189469296 × 10^293 |
| 4 | ov_004 | 4.092687230240008 × 10^293 |
| 5 | ov_005 | 3.484589365886197 × 10^293 |
| 6 | ov_006 | 2.947268816795758 × 10^293 |
| 7 | ov_007 | 2.4748776268524703 × 10^293 |
| 8 | ov_008 | 2.061874533923082 × 10^293 |
| 9 | ov_009 | 1.7030078162932894 × 10^293 |
| 10 | ov_010 | 1.393300813667304 × 10^293 |
| 11 | ov_011 | 1.1280398065650579 × 10^293 |
| 12 | ov_012 | 9.02763994129228 × 10^292 |
| 13 | ov_013 | 7.132573290946213 × 10^292 |
| 14 | ov_014 | 5.555419500548684 × 10^292 |
| 15 | ov_015 | 4.258729508925837 × 10^292 |
| 16 | ov_016 | 3.2073425824565173 × 10^292 |
| 17 | ov_017 | 2.3683543165602437 × 10^292 |
| 18 | ov_018 | 1.7110921899193473 × 10^292 |
| 19 | ov_019 | 1.2070970140114447 × 10^292 |
| 20 | ov_020 | 8.30108945011605 × 10^291 |
| 21 | ov_021 | 5.5605714472353543 × 10^291 |
| 22 | ov_022 | 3.630523726909506 × 10^291 |
| 23 | ov_023 | 2.313818806422086 × 10^291 |
| 24 | ov_024 | 1.4350606938697992 × 10^291 |
| 25 | ov_025 | 8.405645723125366 × 10^290 |
| 26 | ov_026 | 4.589139802191844 × 10^290 |
| 27 | ov_027 | 2.2954073442895042 × 10^290 |
| 28 | ov_028 | 1.0272347130317404 × 10^290 |
| 29 | ov_029 | 3.958716602883115 × 10^289 |
| 30 | ov_030 | 1.2103005983768456 × 10^289 |
| 31 | ov_031 | 2.3605087403934564 × 10^288 |
| 32 | lv_80_m31 | 4.602118391917173 × 10^287 |
| 33 | ov_033 | 5.5201774594342044 × 10^288 |
| 34 | ov_034 | 4.792323870976396 × 10^288 |
| 35 | ov_035 | 4.140725470948788 × 10^288 |
| 36 | ov_036 | 3.5583999839131174 × 10^288 |
| 37 | ov_037 | 3.0387386004596256 × 10^288 |
| 38 | ov_038 | 2.5785267612238053 × 10^288 |
| 39 | ov_039 | 2.1718274834647642 × 10^288 |
| 40 | ov_040 | 1.8130090778669804 × 10^288 |
| 41 | ov_041 | 1.4993298025728682 × 10^288 |
| 42 | ov_042 | 1.2281886276228224 × 10^288 |
| 43 | ov_043 | 9.971189745246797 × 10^287 |
| 44 | ov_044 | 8.015713019048395 × 10^287 |
| 45 | ov_045 | 6.372427879555703 × 10^287 |
| 46 | ov_046 | 5.000712441229561 × 10^287 |
| 47 | ov_047 | 3.880850619371931 × 10^287 |
| 48 | ov_048 | 2.9769005931530714 × 10^287 |
| 49 | ov_049 | 2.2552141426407947 × 10^287 |
| 50 | ov_050 | 1.6844158467664711 × 10^287 |
| 51 | ov_051 | 1.2353878134360633 × 10^287 |
| 52 | ov_052 | 8.941338672568685 × 10^286 |
| 53 | ov_053 | 6.36020833239442 × 10^286 |
| 54 | ov_054 | 4.386481927595617 × 10^286 |
| 55 | ov_055 | 2.9137327187254887 × 10^286 |
| 56 | ov_056 | 1.8466704315922626 × 10^286 |
| 57 | ov_057 | 1.1011317659899773 × 10^286 |
| 58 | ov_058 | 6.040748814867964 × 10^285 |
| 59 | ov_059 | 2.9357646859807826 × 10^285 |
| 60 | ov_060 | 1.1883038964024409 × 10^285 |
| 61 | ov_061 | 4.014717760649349 × 10^284 |
| 62 | ov_062 | 1.0742517686122013 × 10^284 |
| 63 | ov_063 | 2.3733776790220785 × 10^283 |
| 64 | lv_79_m31 | 4.6190880407899076 × 10^282 |
| 65 | ov_065 | 5.465704963090571 × 10^283 |
| 66 | ov_066 | 5.465686917236951 × 10^283 |
| 67 | ov_067 | 5.465682500311925 × 10^283 |
| 68 | ov_068 | 4.710715266573921 × 10^283 |
| 69 | ov_069 | 4.0388500652562724 × 10^283 |
| 70 | ov_070 | 3.443252880355978 × 10^283 |
| 71 | ov_071 | 2.9175104193206206 × 10^283 |
| 72 | ov_072 | 2.4556016146599054 × 10^283 |
| 73 | ov_073 | 2.0518716400971898 × 10^283 |
| 74 | ov_074 | 1.7010083095587132 × 10^283 |
| 75 | ov_075 | 1.3980207321688566 × 10^283 |
| 76 | ov_076 | 1.138220100375062 × 10^283 |
| 77 | ov_077 | 9.172024914895003 × 10^282 |
| 78 | ov_078 | 7.308335654313179 × 10^282 |
| 79 | ov_079 | 5.752350433908246 × 10^282 |
| 80 | ov_080 | 4.467728536118313 × 10^282 |
| 81 | ov_081 | 3.4204683159213504 × 10^282 |
| 82 | ov_082 | 2.5788186281769233 × 10^282 |
| 83 | ov_083 | 1.9132035674360532 × 10^282 |
| 84 | ov_084 | 1.3961594116842746 × 10^282 |
| 85 | ov_085 | 1.0022826645589907 × 10^282 |
| 86 | ov_086 | 7.081880926911388 × 10^281 |
| 87 | ov_087 | 4.924756562030741 × 10^281 |
| 88 | ov_088 | 3.357052312502284 × 10^281 |
| 89 | ov_089 | 2.203780239856669 × 10^281 |
| 90 | ov_090 | 1.3822803055582673 × 10^281 |
| 91 | ov_091 | 8.195079598740113 × 10^280 |
| 92 | ov_092 | 4.520014729111078 × 10^280 |
| 93 | ov_093 | 2.258635610805115 × 10^280 |
| 94 | ov_094 | 9.675235327344205 × 10^279 |
| 95 | aaa_78_28 | 2.9877700284156816 × 10^279 |
| 96 | aaa_78_29 | 9.176286288825781 × 10^278 |
| 97 | ov_097 | 6.062067301539051 × 10^278 |
| 98 | ov_098 | 6.061885267465327 × 10^278 |
| 99 | ov_099 | 6.061827087636051 × 10^278 |
| 100 | ov_100 | 5.4556425189169376 × 10^278 |
| 101 | ov_101 | 4.894055164103553 × 10^278 |
| 102 | ov_102 | 4.374633891696551 × 10^278 |
| 103 | ov_103 | 3.895126039016293 × 10^278 |
| 104 | ov_104 | 3.453433535897013 × 10^278 |
| 105 | ov_105 | 3.0475912549929456 × 10^278 |
| 106 | ov_106 | 2.6757474770789164 × 10^278 |
| 107 | ov_107 | 2.3361463631541325 × 10^278 |
| 108 | ov_108 | 2.0271123278022676 × 10^278 |
| 109 | ov_109 | 1.7470362102535248 × 10^278 |
| 110 | ov_110 | 1.4943631410499535 × 10^278 |
| 111 | ov_111 | 1.2675820032442006 × 10^278 |
| 112 | ov_112 | 1.0652163877648963 × 10^278 |
| 113 | ov_113 | 8.858169430468003 × 10^277 |
| 114 | ov_114 | 7.2795501932342915 × 10^277 |
| 115 | ov_115 | 5.9021750817304815 × 10^277 |
| 116 | ov_116 | 4.712027780398412 × 10^277 |
| 117 | ov_117 | 3.6951760654642877 × 10^277 |
| 118 | ov_118 | 2.837749168493018 × 10^277 |
| 119 | ov_119 | 2.1259204408099472 × 10^277 |
| 120 | ov_120 | 1.545893763411775 × 10^277 |
| 121 | ov_121 | 1.0838932072370526 × 10^277 |
| 122 | ov_122 | 7.26155448737457 × 10^276 |
| 123 | ov_123 | 4.589244457417048 × 10^276 |
| 124 | ov_124 | 2.684478786030655 × 10^276 |
| 125 | ov_125 | 1.409749812422091 × 10^276 |
| 126 | ov_126 | 6.2755478138634896 × 10^275 |
| 127 | aaa_77_28 | 2.0039213114648404 × 10^275 |
| 128 | aaa_77_29 | 7.513014399272071 × 10^274 |
| 129 | ov_129 | 6.85952938704207 × 10^274 |
| 130 | ov_130 | 6.859513402436264 × 10^274 |
| 131 | ov_131 | 6.859508324932085 × 10^274 |
| 132 | ov_132 | 5.935564486849428 × 10^274 |
| 133 | ov_133 | 5.10812428113986 × 10^274 |
| 134 | ov_134 | 4.369620397451754 × 10^274 |
| 135 | ov_135 | 3.7128762458779396 × 10^274 |
| 136 | ov_136 | 3.13107795307208 × 10^274 |
| 137 | ov_137 | 2.6209060432869862 × 10^274 |
| 138 | ov_138 | 2.176204776760355 × 10^274 |
| 139 | ov_139 | 1.791121099794609 × 10^274 |
| 140 | ov_140 | 1.4600912225729627 × 10^274 |
| 141 | ov_141 | 1.177829841866312 × 10^274 |
| 142 | ov_142 | 9.393216507195401 × 10^273 |
| 143 | ov_143 | 7.398147979443835 × 10^273 |
| 144 | ov_144 | 5.74815980861573 × 10^273 |
| 145 | ov_145 | 4.4008687526756045 × 10^273 |
| 146 | ov_146 | 3.3164162707605874 × 10^273 |
| 147 | ov_147 | 2.4574515051679863 × 10^273 |
| 148 | ov_148 | 1.7891201029622318 × 10^273 |
| 149 | ov_149 | 1.2790570974482256 × 10^273 |
| 150 | ov_150 | 8.973823691107186 × 10^272 |
| 151 | ov_151 | 6.166975244291254 × 10^272 |
| 152 | ov_152 | 4.120835863809683 × 10^272 |
| 153 | ov_153 | 2.6109929918462044 × 10^272 |
| 154 | ov_154 | 1.531432885668242 × 10^272 |
| 155 | ov_155 | 7.885220842496517 × 10^271 |
| 156 | aaa_76_25 | 3.0100461148736253 × 10^271 |
| 157 | aaa_76_26 | 1.7099719694630722 × 10^271 |
| 158 | aaa_76_27 | 8.512069756888668 × 10^270 |
| 159 | aaa_76_28 | 3.100065361189325 × 10^270 |
| 160 | aaa_76_29 | 8.224850619741215 × 10^269 |

### Output Bits Sorted by Complexity

| Rank | Output Bit | Complexity |
|:----:|:----------:|:----------:|
| 160 | aaa_76_29 | 8.224850619741215 × 10^269 |
| 159 | aaa_76_28 | 3.100065361189325 × 10^270 |
| 158 | aaa_76_27 | 8.512069756888668 × 10^270 |
| 157 | aaa_76_26 | 1.7099719694630722 × 10^271 |
| 156 | aaa_76_25 | 3.0100461148736253 × 10^271 |
| 155 | ov_155 | 7.885220842496517 × 10^271 |
| 154 | ov_154 | 1.531432885668242 × 10^272 |
| 153 | ov_153 | 2.6109929918462044 × 10^272 |
| 152 | ov_152 | 4.120835863809683 × 10^272 |
| 151 | ov_151 | 6.166975244291254 × 10^272 |
| 150 | ov_150 | 8.973823691107186 × 10^272 |
| 149 | ov_149 | 1.2790570974482256 × 10^273 |
| 148 | ov_148 | 1.7891201029622318 × 10^273 |
| 147 | ov_147 | 2.4574515051679863 × 10^273 |
| 146 | ov_146 | 3.3164162707605874 × 10^273 |
| 145 | ov_145 | 4.4008687526756045 × 10^273 |
| 144 | ov_144 | 5.74815980861573 × 10^273 |
| 143 | ov_143 | 7.398147979443835 × 10^273 |
| 142 | ov_142 | 9.393216507195401 × 10^273 |
| 141 | ov_141 | 1.177829841866312 × 10^274 |
| 140 | ov_140 | 1.4600912225729627 × 10^274 |
| 139 | ov_139 | 1.791121099794609 × 10^274 |
| 138 | ov_138 | 2.176204776760355 × 10^274 |
| 137 | ov_137 | 2.6209060432869862 × 10^274 |
| 136 | ov_136 | 3.13107795307208 × 10^274 |
| 135 | ov_135 | 3.7128762458779396 × 10^274 |
| 134 | ov_134 | 4.369620397451754 × 10^274 |
| 133 | ov_133 | 5.10812428113986 × 10^274 |
| 132 | ov_132 | 5.935564486849428 × 10^274 |
| 131 | ov_131 | 6.859508324932085 × 10^274 |
| 130 | ov_130 | 6.859513402436264 × 10^274 |
| 129 | ov_129 | 6.85952938704207 × 10^274 |
| 128 | aaa_77_29 | 7.513014399272071 × 10^274 |
| 127 | aaa_77_28 | 2.0039213114648404 × 10^275 |
| 126 | ov_126 | 6.2755478138634896 × 10^275 |
| 125 | ov_125 | 1.409749812422091 × 10^276 |
| 124 | ov_124 | 2.684478786030655 × 10^276 |
| 123 | ov_123 | 4.589244457417048 × 10^276 |
| 122 | ov_122 | 7.26155448737457 × 10^276 |
| 121 | ov_121 | 1.0838932072370526 × 10^277 |
| 120 | ov_120 | 1.545893763411775 × 10^277 |
| 119 | ov_119 | 2.1259204408099472 × 10^277 |
| 118 | ov_118 | 2.837749168493018 × 10^277 |
| 117 | ov_117 | 3.6951760654642877 × 10^277 |
| 116 | ov_116 | 4.712027780398412 × 10^277 |
| 115 | ov_115 | 5.9021750817304815 × 10^277 |
| 114 | ov_114 | 7.2795501932342915 × 10^277 |
| 113 | ov_113 | 8.858169430468003 × 10^277 |
| 112 | ov_112 | 1.0652163877648963 × 10^278 |
| 111 | ov_111 | 1.2675820032442006 × 10^278 |
| 110 | ov_110 | 1.4943631410499535 × 10^278 |
| 109 | ov_109 | 1.7470362102535248 × 10^278 |
| 108 | ov_108 | 2.0271123278022676 × 10^278 |
| 107 | ov_107 | 2.3361463631541325 × 10^278 |
| 106 | ov_106 | 2.6757474770789164 × 10^278 |
| 105 | ov_105 | 3.0475912549929456 × 10^278 |
| 104 | ov_104 | 3.453433535897013 × 10^278 |
| 103 | ov_103 | 3.895126039016293 × 10^278 |
| 102 | ov_102 | 4.374633891696551 × 10^278 |
| 101 | ov_101 | 4.894055164103553 × 10^278 |
| 100 | ov_100 | 5.4556425189169376 × 10^278 |
| 99 | ov_099 | 6.061827087636051 × 10^278 |
| 98 | ov_098 | 6.061885267465327 × 10^278 |
| 97 | ov_097 | 6.062067301539051 × 10^278 |
| 96 | aaa_78_29 | 9.176286288825781 × 10^278 |
| 95 | aaa_78_28 | 2.9877700284156816 × 10^279 |
| 94 | ov_094 | 9.675235327344205 × 10^279 |
| 93 | ov_093 | 2.258635610805115 × 10^280 |
| 92 | ov_092 | 4.520014729111078 × 10^280 |
| 91 | ov_091 | 8.195079598740113 × 10^280 |
| 90 | ov_090 | 1.3822803055582673 × 10^281 |
| 89 | ov_089 | 2.203780239856669 × 10^281 |
| 88 | ov_088 | 3.357052312502284 × 10^281 |
| 87 | ov_087 | 4.924756562030741 × 10^281 |
| 86 | ov_086 | 7.081880926911388 × 10^281 |
| 85 | ov_085 | 1.0022826645589907 × 10^282 |
| 84 | ov_084 | 1.3961594116842746 × 10^282 |
| 83 | ov_083 | 1.9132035674360532 × 10^282 |
| 82 | ov_082 | 2.5788186281769233 × 10^282 |
| 81 | ov_081 | 3.4204683159213504 × 10^282 |
| 80 | ov_080 | 4.467728536118313 × 10^282 |
| 64 | lv_79_m31 | 4.6190880407899076 × 10^282 |
| 79 | ov_079 | 5.752350433908246 × 10^282 |
| 78 | ov_078 | 7.308335654313179 × 10^282 |
| 77 | ov_077 | 9.172024914895003 × 10^282 |
| 76 | ov_076 | 1.138220100375062 × 10^283 |
| 75 | ov_075 | 1.3980207321688566 × 10^283 |
| 74 | ov_074 | 1.7010083095587132 × 10^283 |
| 73 | ov_073 | 2.0518716400971898 × 10^283 |
| 63 | ov_063 | 2.3733776790220785 × 10^283 |
| 72 | ov_072 | 2.4556016146599054 × 10^283 |
| 71 | ov_071 | 2.9175104193206206 × 10^283 |
| 70 | ov_070 | 3.443252880355978 × 10^283 |
| 69 | ov_069 | 4.0388500652562724 × 10^283 |
| 68 | ov_068 | 4.710715266573921 × 10^283 |
| 67 | ov_067 | 5.465682500311925 × 10^283 |
| 66 | ov_066 | 5.465686917236951 × 10^283 |
| 65 | ov_065 | 5.465704963090571 × 10^283 |
| 62 | ov_062 | 1.0742517686122013 × 10^284 |
| 61 | ov_061 | 4.014717760649349 × 10^284 |
| 60 | ov_060 | 1.1883038964024409 × 10^285 |
| 59 | ov_059 | 2.9357646859807826 × 10^285 |
| 58 | ov_058 | 6.040748814867964 × 10^285 |
| 57 | ov_057 | 1.1011317659899773 × 10^286 |
| 56 | ov_056 | 1.8466704315922626 × 10^286 |
| 55 | ov_055 | 2.9137327187254887 × 10^286 |
| 54 | ov_054 | 4.386481927595617 × 10^286 |
| 53 | ov_053 | 6.36020833239442 × 10^286 |
| 52 | ov_052 | 8.941338672568685 × 10^286 |
| 51 | ov_051 | 1.2353878134360633 × 10^287 |
| 50 | ov_050 | 1.6844158467664711 × 10^287 |
| 49 | ov_049 | 2.2552141426407947 × 10^287 |
| 48 | ov_048 | 2.9769005931530714 × 10^287 |
| 47 | ov_047 | 3.880850619371931 × 10^287 |
| 32 | lv_80_m31 | 4.602118391917173 × 10^287 |
| 46 | ov_046 | 5.000712441229561 × 10^287 |
| 45 | ov_045 | 6.372427879555703 × 10^287 |
| 44 | ov_044 | 8.015713019048395 × 10^287 |
| 43 | ov_043 | 9.971189745246797 × 10^287 |
| 42 | ov_042 | 1.2281886276228224 × 10^288 |
| 41 | ov_041 | 1.4993298025728682 × 10^288 |
| 40 | ov_040 | 1.8130090778669804 × 10^288 |
| 39 | ov_039 | 2.1718274834647642 × 10^288 |
| 31 | ov_031 | 2.3605087403934564 × 10^288 |
| 38 | ov_038 | 2.5785267612238053 × 10^288 |
| 37 | ov_037 | 3.0387386004596256 × 10^288 |
| 36 | ov_036 | 3.5583999839131174 × 10^288 |
| 35 | ov_035 | 4.140725470948788 × 10^288 |
| 34 | ov_034 | 4.792323870976396 × 10^288 |
| 33 | ov_033 | 5.5201774594342044 × 10^288 |
| 30 | ov_030 | 1.2103005983768456 × 10^289 |
| 29 | ov_029 | 3.958716602883115 × 10^289 |
| 28 | ov_028 | 1.0272347130317404 × 10^290 |
| 27 | ov_027 | 2.2954073442895042 × 10^290 |
| 26 | ov_026 | 4.589139802191844 × 10^290 |
| 25 | ov_025 | 8.405645723125366 × 10^290 |
| 24 | ov_024 | 1.4350606938697992 × 10^291 |
| 23 | ov_023 | 2.313818806422086 × 10^291 |
| 22 | ov_022 | 3.630523726909506 × 10^291 |
| 21 | ov_021 | 5.5605714472353543 × 10^291 |
| 20 | ov_020 | 8.30108945011605 × 10^291 |
| 19 | ov_019 | 1.2070970140114447 × 10^292 |
| 18 | ov_018 | 1.7110921899193473 × 10^292 |
| 17 | ov_017 | 2.3683543165602437 × 10^292 |
| 16 | ov_016 | 3.2073425824565173 × 10^292 |
| 15 | ov_015 | 4.258729508925837 × 10^292 |
| 14 | ov_014 | 5.555419500548684 × 10^292 |
| 13 | ov_013 | 7.132573290946213 × 10^292 |
| 12 | ov_012 | 9.02763994129228 × 10^292 |
| 11 | ov_011 | 1.1280398065650579 × 10^293 |
| 10 | ov_010 | 1.393300813667304 × 10^293 |
| 9 | ov_009 | 1.7030078162932894 × 10^293 |
| 8 | ov_008 | 2.061874533923082 × 10^293 |
| 7 | ov_007 | 2.4748776268524703 × 10^293 |
| 6 | ov_006 | 2.947268816795758 × 10^293 |
| 5 | ov_005 | 3.484589365886197 × 10^293 |
| 4 | ov_004 | 4.092687230240008 × 10^293 |
| 3 | ov_003 | 4.7777372189469296 × 10^293 |
| 2 | ov_002 | 5.546264438014101 × 10^293 |
| 1 | ov_001 | 6.405171244209321 × 10^293 |

