# Results for F001-F002-F003-F004-F005-F006-F007-F008-F009-F010-F011-F012-F013-F014-F015-F016-F017-F018-F019-F020-F021-F022-F023-F024-F025-F026-F027-F028-F029-F030-F031-F032-F033-F034-F035-F036-F037-F038-F039-F040-F041-F042-F043-F044-F045-F046-F047-F048-F049-F050-F051-F052-F053-F054-F055-F056-F057-F058-F059-F060-F061-F062-F063-F064-F065-F066-F067-F068-F069-F070-F071-F072-F073-F074-F075-F076-F077-F078-F079-F080-F081-F082-F083-F084-F085-F086-F087-F088-F089-F090-F091-F092-F093-F094-F095-F096-F097-F098-F099-F100-F101-F102-F103-F104-F105-F106-F107-F108-F109-F110-F111-F112-F113-F114-F115-F116-F117-F118-F119-F120-F121-F122-F123-F124-F125-F126-F127-F128-F129-F130-F131-F132-F133-F134-F135-F136-F137-F138-F139-F140-F141-F142-F143-F144-F145-F146-F147-F148-F149-F150-F151-F152-F153-F154-F155-F156-F157-F158-F159-F160-F161-F162-F163-F164-F165-F166-F167-F168-F169-F170-F171-F172-F173-F174-F175-F176-F177-F178-F179-F180-F181-F182-F183-F184-F185-F186-F187-F188-F189-F190-F191-F192-F193-F194-F195-F196-F197-F198-F199-F200-F201-F202-F203-F204-F205-F206-F207-F208-F209-F210-F211-F212-F213-F214-F215-F216-F217-F218-F219-F220-F221-F222-F223-F224-F225-F226-F227-F228-F229-F230-F231-F232-F233-F234-F235-F236-F237-F238-F239-F240-F241-F242-F243-F244-F245-F246-F247-F248-F249-F250-F251-F252-F253-F254-F255-F256-F257-F258-F259-F260-F261-F262-F263-F264-F265-F266-F267-F268-F269-F270-F271-F272-F273-F274-F275-F276-F277-F278-F279-F280-F281-F282-F283-F284-F285-F286-F287-F288-F289-F290-F291-F292-F293-F294-F295-F296-F297-F298-F299-F300-F301-F302-F303-F304-F305-F306-F307-F308-F309-F310-F311-F312-F313-F314-F315-F316-F317-F318-F319-F320-F321-F322-F323-F324-F325-F326-F327-F328-F329-F330-F331-F332-F333-F334-F335-F336-F337-F338-F339-F340-F341-F342-F343-F344-F345-F346-F347-F348-F349-F350-F351-F352-F353-F354-F355-F356-F357-F358-F359-F360-F361-F362-F363-F364-F365-F366-F367-F368-F369-F370-F371-F372-F373-F374-F375-F376-F377-F378-F379-F380-F381-F382-F383-F384-F385-F386-F387-F388-F389-F390-F391-F392-F393-F394-F395-F396-F397-F398-F399-F400-F401-F402-F403-F404-F405-F406-F407-F408-F409-F410-F411-F412-F413-F414-F415-F416-F417-F418-F419-F420-F421-F422-F423-F424-F425-F426-F427-F428-F429-F430-F431-F432-F433-F434-F435-F436-F437-F438-F439-F440-F441-F442-F443-F444-F445-F446-F447-F448-F449-F450-F451-F452-F453-F454-F455-F456-F457-F458-F459-F460-F461-F462-F463-F464-F465-F466-F467-F468-F469-F470-F471-F472-F473-F474-F475-F476-F477-F478-F479-F480-F481-F482-F483-F484-F485-F486-F487-F488-F489-F490-F491-F492-F493-F494-F495-F496-O497498-E499505-E504506-F509-F510-F511-F512

## Summary

Number of input bits: 512  
Number of free input bits: 9  
Number of output bits: 160

Number of direct occurrences: 36880  
Number of assignments: 31114  
Number of operations: 10956269
(xor: 10928249,
and: 14717,
or: 13303)

Total complexity: 9.7697235712959 × 10^298

Least occurring input variable: iv_502 (3837)  
Most occurring input variable: iv_497 (4274)

Most co-occurring input variables: iv_497-iv_499 (2034)  
Least co-occurring input variables: iv_502-iv_503 (1757)

Potentially most occurring input variable: iv_497/iv_507 (4563)  
Potentially least occurring input variable: iv_500/iv_502 (4209)

Least output occurring input variable: iv_499 (66)  
Most output occurring input variable: iv_508 (88)

Most output co-occurring input variables: iv_497-iv_504 (50)  
Least output co-occurring input variables: iv_499-iv_501 (27)

Potentially most output occurring input variable: iv_499/iv_501 (92)  
Potentially least output occurring input variable: iv_497/iv_504 (63)

Least complex input bit: iv_497 (1.0406076497431428 × 10^297)  
Most complex input bit: iv_504 (2.3735196565615044 × 10^298)

Least complex output bit: aaa_76_29 (9.506494044740999 × 10^273)  
Most complex output bit: ov_001 (1.5627550469129475 × 10^298)

Least complex input/output complexity: iv_497/aaa_76_29 (1.0125701462280893 × 10^272)  
Most complex input/output complexity: iv_504/ov_001 (3.7966579045660376 × 10^297)

## Input Bits

### Input Bits in Regular Order

| Input Bit | Complexity | Occurrences | Output Occurrences |
|:---------:|:----------:|:-----------:|:------------------:|
| iv_497 | 1.0406076497431428 × 10^297 | 4274 | 81 |
| iv_499 | 2.1764157280310205 × 10^298 | 4195 | 66 |
| iv_500 | 2.062492663051967 × 10^297 | 4068 | 75 |
| iv_501 | 3.3949412481739386 × 10^297 | 4035 | 80 |
| iv_502 | 5.47297017855041 × 10^297 | 3837 | 74 |
| iv_503 | 8.66787655513792 × 10^297 | 4025 | 72 |
| iv_504 | 2.3735196565615044 × 10^298 | 4131 | 82 |
| iv_507 | 1.4618433795693898 × 10^298 | 4137 | 77 |
| iv_508 | 1.6940559776682614 × 10^298 | 4178 | 88 |

### Input Bits Sorted by Complexity

| Input Bit | Complexity | Occurrences | Output Occurrences |
|:---------:|:----------:|:-----------:|:------------------:|
| iv_497 | 1.0406076497431428 × 10^297 | 4274 | 81 |
| iv_500 | 2.062492663051967 × 10^297 | 4068 | 75 |
| iv_501 | 3.3949412481739386 × 10^297 | 4035 | 80 |
| iv_502 | 5.47297017855041 × 10^297 | 3837 | 74 |
| iv_503 | 8.66787655513792 × 10^297 | 4025 | 72 |
| iv_507 | 1.4618433795693898 × 10^298 | 4137 | 77 |
| iv_508 | 1.6940559776682614 × 10^298 | 4178 | 88 |
| iv_499 | 2.1764157280310205 × 10^298 | 4195 | 66 |
| iv_504 | 2.3735196565615044 × 10^298 | 4131 | 82 |

### Input Bits Sorted by Occurrences

| Input Bit | Complexity | Occurrences | Output Occurrences |
|:---------:|:----------:|:-----------:|:------------------:|
| iv_502 | 5.47297017855041 × 10^297 | 3837 | 74 |
| iv_503 | 8.66787655513792 × 10^297 | 4025 | 72 |
| iv_501 | 3.3949412481739386 × 10^297 | 4035 | 80 |
| iv_500 | 2.062492663051967 × 10^297 | 4068 | 75 |
| iv_504 | 2.3735196565615044 × 10^298 | 4131 | 82 |
| iv_507 | 1.4618433795693898 × 10^298 | 4137 | 77 |
| iv_508 | 1.6940559776682614 × 10^298 | 4178 | 88 |
| iv_499 | 2.1764157280310205 × 10^298 | 4195 | 66 |
| iv_497 | 1.0406076497431428 × 10^297 | 4274 | 81 |

### Input Bits Sorted by Output Occurrences

| Input Bit | Complexity | Occurrences | Output Occurrences |
|:---------:|:----------:|:-----------:|:------------------:|
| iv_499 | 2.1764157280310205 × 10^298 | 4195 | 66 |
| iv_503 | 8.66787655513792 × 10^297 | 4025 | 72 |
| iv_502 | 5.47297017855041 × 10^297 | 3837 | 74 |
| iv_500 | 2.062492663051967 × 10^297 | 4068 | 75 |
| iv_507 | 1.4618433795693898 × 10^298 | 4137 | 77 |
| iv_501 | 3.3949412481739386 × 10^297 | 4035 | 80 |
| iv_497 | 1.0406076497431428 × 10^297 | 4274 | 81 |
| iv_504 | 2.3735196565615044 × 10^298 | 4131 | 82 |
| iv_508 | 1.6940559776682614 × 10^298 | 4178 | 88 |

## Input Bit Co-occurrences

### Input Bit Co-occurrences Sorted by Co-occurrences

| Input Bits | Co-occurrences | Potential Occurrences | Output Co-occurrences | Potential Output Occurrences |
|:----------:|:--------------:|:---------------------:|:---------------------:|:----------------------------:|
| iv_497-iv_499 | 2034 | 4401 | 34 | 79 |
| iv_507-iv_508 | 2026 | 4263 | 48 | 69 |
| iv_497-iv_501 | 2020 | 4269 | 40 | 81 |
| iv_499-iv_504 | 2001 | 4324 | 35 | 78 |
| iv_499-iv_508 | 1989 | 4395 | 38 | 78 |
| iv_497-iv_504 | 1989 | 4427 | 50 | 63 |
| iv_499-iv_507 | 1988 | 4356 | 31 | 81 |
| iv_504-iv_508 | 1979 | 4351 | 41 | 88 |
| iv_497-iv_508 | 1972 | 4508 | 40 | 89 |

### Input Bit Co-occurrences Sorted by Potential Occurrences

| Input Bits | Co-occurrences | Potential Occurrences | Output Co-occurrences | Potential Output Occurrences |
|:----------:|:--------------:|:---------------------:|:---------------------:|:----------------------------:|
| iv_500-iv_502 | 1848 | 4209 | 35 | 79 |
| iv_500-iv_501 | 1942 | 4219 | 39 | 77 |
| iv_501-iv_502 | 1817 | 4238 | 34 | 86 |
| iv_503-iv_504 | 1951 | 4254 | 39 | 76 |
| iv_507-iv_508 | 2026 | 4263 | 48 | 69 |
| iv_501-iv_503 | 1898 | 4264 | 36 | 80 |
| iv_497-iv_501 | 2020 | 4269 | 40 | 81 |
| iv_500-iv_503 | 1908 | 4277 | 33 | 81 |
| iv_501-iv_507 | 1947 | 4278 | 40 | 77 |

### Input Bit Output Co-occurrences Sorted by Output Co-occurrences

| Input Bits | Co-occurrences | Potential Occurrences | Output Co-occurrences | Potential Output Occurrences |
|:----------:|:--------------:|:---------------------:|:---------------------:|:----------------------------:|
| iv_497-iv_504 | 1989 | 4427 | 50 | 63 |
| iv_507-iv_508 | 2026 | 4263 | 48 | 69 |
| iv_497-iv_507 | 1924 | 4563 | 47 | 64 |
| iv_501-iv_504 | 1901 | 4364 | 43 | 76 |
| iv_501-iv_508 | 1917 | 4379 | 42 | 84 |
| iv_504-iv_507 | 1938 | 4392 | 41 | 77 |
| iv_504-iv_508 | 1979 | 4351 | 41 | 88 |
| iv_497-iv_500 | 1957 | 4428 | 40 | 76 |
| iv_497-iv_501 | 2020 | 4269 | 40 | 81 |

### Input Bit Output Co-occurrences Sorted by Potential Output Occurrences

| Input Bits | Co-occurrences | Potential Occurrences | Output Co-occurrences | Potential Output Occurrences |
|:----------:|:--------------:|:---------------------:|:---------------------:|:----------------------------:|
| iv_497-iv_504 | 1989 | 4427 | 50 | 63 |
| iv_497-iv_507 | 1924 | 4563 | 47 | 64 |
| iv_507-iv_508 | 2026 | 4263 | 48 | 69 |
| iv_499-iv_503 | 1913 | 4394 | 33 | 72 |
| iv_499-iv_502 | 1862 | 4308 | 34 | 72 |
| iv_497-iv_503 | 1915 | 4469 | 40 | 73 |
| iv_501-iv_504 | 1901 | 4364 | 43 | 76 |
| iv_497-iv_500 | 1957 | 4428 | 40 | 76 |
| iv_503-iv_504 | 1951 | 4254 | 39 | 76 |

## Output Bits

### Output Bits in Regular Order

| Rank | Output Bit | Complexity |
|:----:|:----------:|:----------:|
| 1 | ov_001 | 1.5627550469129475 × 10^298 |
| 2 | ov_002 | 1.3552592698934446 × 10^298 |
| 3 | ov_003 | 1.1693820179013801 × 10^298 |
| 4 | ov_004 | 1.0034851563881388 × 10^298 |
| 5 | ov_005 | 8.560198773644418 × 10^297 |
| 6 | ov_006 | 7.255203301561163 × 10^297 |
| 7 | ov_007 | 6.10598074283025 × 10^297 |
| 8 | ov_008 | 5.099373010652045 × 10^297 |
| 9 | ov_009 | 4.222907644968468 × 10^297 |
| 10 | ov_010 | 3.4647635101870004 × 10^297 |
| 11 | ov_011 | 2.8137421700659924 × 10^297 |
| 12 | ov_012 | 2.2592442685549057 × 10^297 |
| 13 | ov_013 | 1.7912502852404673 × 10^297 |
| 14 | ov_014 | 1.4003050733251065 × 10^297 |
| 15 | ov_015 | 1.0775056269033378 × 10^297 |
| 16 | ov_016 | 8.144915628214262 × 10^296 |
| 17 | ov_017 | 6.034378406960963 × 10^296 |
| 18 | ov_018 | 4.370492827967898 × 10^296 |
| 19 | ov_019 | 3.085564935122613 × 10^296 |
| 20 | ov_020 | 2.1171283397325368 × 10^296 |
| 21 | ov_021 | 1.4079219666136184 × 10^296 |
| 22 | ov_022 | 9.05874069675403 × 10^295 |
| 23 | ov_023 | 5.640911786386681 × 10^295 |
| 24 | ov_024 | 3.408508276878248 × 10^295 |
| 25 | ov_025 | 1.9959710599271363 × 10^295 |
| 26 | ov_026 | 1.0893822028869949 × 10^295 |
| 27 | ov_027 | 5.446910084482332 × 10^294 |
| 28 | ov_028 | 2.4365994872506727 × 10^294 |
| 29 | ov_029 | 9.386351213895889 × 10^293 |
| 30 | ov_030 | 2.868790110351967 × 10^293 |
| 31 | ov_031 | 3.412793463160065 × 10^292 |
| 32 | lv_80_k31 | 1.0906746376687339 × 10^292 |
| 33 | ov_033 | 1.3069204099376617 × 10^293 |
| 34 | ov_034 | 1.1332375703859326 × 10^293 |
| 35 | ov_035 | 9.778628226652158 × 10^292 |
| 36 | ov_036 | 8.393074829512024 × 10^292 |
| 37 | ov_037 | 7.161630641940475 × 10^292 |
| 38 | ov_038 | 6.070956004204599 × 10^292 |
| 39 | ov_039 | 5.108407448549844 × 10^292 |
| 40 | ov_040 | 4.261995677656994 × 10^292 |
| 41 | ov_041 | 3.520349838821894 × 10^292 |
| 42 | ov_042 | 2.8779350232862585 × 10^292 |
| 43 | ov_043 | 2.3295036384891766 × 10^292 |
| 44 | ov_044 | 1.8653790449416182 × 10^292 |
| 45 | ov_045 | 1.4764103965140192 × 10^292 |
| 46 | ov_046 | 1.1539591844279806 × 10^292 |
| 47 | ov_047 | 8.898886459404612 × 10^291 |
| 48 | ov_048 | 6.765555895222499 × 10^291 |
| 49 | ov_049 | 5.068042224747416 × 10^291 |
| 50 | ov_050 | 3.739616007998915 × 10^291 |
| 51 | ov_051 | 2.7183435479755376 × 10^291 |
| 52 | ov_052 | 1.9470637736429945 × 10^291 |
| 53 | ov_053 | 1.3733720866901709 × 10^291 |
| 54 | ov_054 | 9.496092205988242 × 10^290 |
| 55 | ov_055 | 6.32853809582666 × 10^290 |
| 56 | ov_056 | 4.028289156227576 × 10^290 |
| 57 | ov_057 | 2.4162330816943995 × 10^290 |
| 58 | ov_058 | 1.3369045420201606 × 10^290 |
| 59 | ov_059 | 6.584799701175509 × 10^289 |
| 60 | ov_060 | 2.7277521475505665 × 10^289 |
| 61 | ov_061 | 9.524470035352355 × 10^288 |
| 62 | ov_062 | 2.6116703915126956 × 10^288 |
| 63 | ov_063 | 5.087971649878261 × 10^287 |
| 64 | lv_79_m31 | 9.909875983694103 × 10^286 |
| 65 | ov_065 | 1.1741183777663711 × 10^288 |
| 66 | ov_066 | 1.174115510372906 × 10^288 |
| 67 | ov_067 | 1.1741148383629512 × 10^288 |
| 68 | ov_068 | 1.014553831826443 × 10^288 |
| 69 | ov_069 | 8.719818545654058 × 10^287 |
| 70 | ov_070 | 7.451085739723051 × 10^287 |
| 71 | ov_071 | 6.327064484813451 × 10^287 |
| 72 | ov_072 | 5.336076885924299 × 10^287 |
| 73 | ov_073 | 4.46701765082489 × 10^287 |
| 74 | ov_074 | 3.709332630044655 × 10^287 |
| 75 | ov_075 | 3.052999644712848 × 10^287 |
| 76 | ov_076 | 2.4885112312129926 × 10^287 |
| 77 | ov_077 | 2.006859194827348 × 10^287 |
| 78 | ov_078 | 1.5995208668713033 × 10^287 |
| 79 | ov_079 | 1.2584469616271765 × 10^287 |
| 80 | ov_080 | 9.760509307679027 × 10^286 |
| 81 | ov_081 | 7.451997139931134 × 10^286 |
| 82 | ov_082 | 5.59205785355846 × 10^286 |
| 83 | ov_083 | 4.1182039530267473 × 10^286 |
| 84 | ov_084 | 2.972279088382263 × 10^286 |
| 85 | ov_085 | 2.1004114049836374 × 10^286 |
| 86 | ov_086 | 1.4529758700407787 × 10^286 |
| 87 | ov_087 | 9.845645859200891 × 10^285 |
| 88 | ov_088 | 6.539641009497705 × 10^285 |
| 89 | ov_089 | 4.241387289102686 × 10^285 |
| 90 | ov_090 | 2.6221888863458996 × 10^285 |
| 91 | ov_091 | 1.5281014111878467 × 10^285 |
| 92 | ov_092 | 8.259582050219522 × 10^284 |
| 93 | ov_093 | 4.033538690209479 × 10^284 |
| 94 | ov_094 | 1.6863616979375023 × 10^284 |
| 95 | aaa_78_28 | 5.090273459168251 × 10^283 |
| 96 | aaa_78_29 | 1.5090302924667846 × 10^283 |
| 97 | ov_097 | 8.892749717328164 × 10^282 |
| 98 | ov_098 | 8.892586891055209 × 10^282 |
| 99 | ov_099 | 8.892534908220932 × 10^282 |
| 100 | ov_100 | 7.279287503507873 × 10^282 |
| 101 | ov_101 | 5.959419408021895 × 10^282 |
| 102 | ov_102 | 4.892781154817663 × 10^282 |
| 103 | ov_103 | 4.041417555221637 × 10^282 |
| 104 | ov_104 | 3.3694076001578476 × 10^282 |
| 105 | ov_105 | 2.842725443952139 × 10^282 |
| 106 | ov_106 | 2.4291205307856184 × 10^282 |
| 107 | ov_107 | 2.0980150228383832 × 10^282 |
| 108 | ov_108 | 1.8204167846736597 × 10^282 |
| 109 | ov_109 | 1.568846271263926 × 10^282 |
| 110 | ov_110 | 1.3419015631977743 × 10^282 |
| 111 | ov_111 | 1.1382211570987299 × 10^282 |
| 112 | ov_112 | 9.564757779299782 × 10^281 |
| 113 | ov_113 | 7.953614016431026 × 10^281 |
| 114 | ov_114 | 6.535934017221273 × 10^281 |
| 115 | ov_115 | 5.299017333805422 × 10^281 |
| 116 | ov_116 | 4.23027069294828 × 10^281 |
| 117 | ov_117 | 3.3171780083921907 × 10^281 |
| 118 | ov_118 | 2.5472781884241507 × 10^281 |
| 119 | ov_119 | 1.908149173380224 × 10^281 |
| 120 | ov_120 | 1.3873960395478673 × 10^281 |
| 121 | ov_121 | 9.726419266824586 × 10^280 |
| 122 | ov_122 | 6.515213596665041 × 10^280 |
| 123 | ov_123 | 4.116755348690532 × 10^280 |
| 124 | ov_124 | 2.407491417688523 × 10^280 |
| 125 | ov_125 | 1.263883948170079 × 10^280 |
| 126 | ov_126 | 5.624002999633368 × 10^279 |
| 127 | aaa_77_28 | 1.7950919860451478 × 10^279 |
| 128 | aaa_77_29 | 6.725346049456491 × 10^278 |
| 129 | ov_129 | 6.1850546475172066 × 10^278 |
| 130 | ov_130 | 6.185036147740988 × 10^278 |
| 131 | ov_131 | 6.185031679691882 × 10^278 |
| 132 | ov_132 | 5.352996102490169 × 10^278 |
| 133 | ov_133 | 4.6086237936399895 × 10^278 |
| 134 | ov_134 | 3.9452780211955805 × 10^278 |
| 135 | ov_135 | 3.35667197731914 × 10^278 |
| 136 | ov_136 | 2.836843634499547 × 10^278 |
| 137 | ov_137 | 2.3801342334825736 × 10^278 |
| 138 | ov_138 | 1.9811700468419617 × 10^278 |
| 139 | ov_139 | 1.6348470800008084 × 10^278 |
| 140 | ov_140 | 1.3363183889299992 × 10^278 |
| 141 | ov_141 | 1.0809837108201045 × 10^278 |
| 142 | ov_142 | 8.644811208398873 × 10^277 |
| 143 | ov_143 | 6.826804447341822 × 10^277 |
| 144 | ov_144 | 5.316781735342627 × 10^277 |
| 145 | ov_145 | 4.077936430968695 × 10^277 |
| 146 | ov_146 | 3.0756625758132806 × 10^277 |
| 147 | ov_147 | 2.277535523341567 × 10^277 |
| 148 | ov_148 | 1.6532990798661078 × 10^277 |
| 149 | ov_149 | 1.1748574388867985 × 10^277 |
| 150 | ov_150 | 8.162703530763133 × 10^276 |
| 151 | ov_151 | 5.537502178291563 × 10^276 |
| 152 | ov_152 | 3.6566014957808355 × 10^276 |
| 153 | ov_153 | 2.325126236507912 × 10^276 |
| 154 | ov_154 | 1.369685235594917 × 10^276 |
| 155 | ov_155 | 7.089529484095403 × 10^275 |
| 156 | aaa_76_25 | 2.723416816233277 × 10^275 |
| 157 | aaa_76_26 | 1.57187666547644 × 10^275 |
| 158 | aaa_76_27 | 8.0413751583133 × 10^274 |
| 159 | aaa_76_28 | 3.1284524797742633 × 10^274 |
| 160 | aaa_76_29 | 9.506494044740999 × 10^273 |

### Output Bits Sorted by Complexity

| Rank | Output Bit | Complexity |
|:----:|:----------:|:----------:|
| 160 | aaa_76_29 | 9.506494044740999 × 10^273 |
| 159 | aaa_76_28 | 3.1284524797742633 × 10^274 |
| 158 | aaa_76_27 | 8.0413751583133 × 10^274 |
| 157 | aaa_76_26 | 1.57187666547644 × 10^275 |
| 156 | aaa_76_25 | 2.723416816233277 × 10^275 |
| 155 | ov_155 | 7.089529484095403 × 10^275 |
| 154 | ov_154 | 1.369685235594917 × 10^276 |
| 153 | ov_153 | 2.325126236507912 × 10^276 |
| 152 | ov_152 | 3.6566014957808355 × 10^276 |
| 151 | ov_151 | 5.537502178291563 × 10^276 |
| 150 | ov_150 | 8.162703530763133 × 10^276 |
| 149 | ov_149 | 1.1748574388867985 × 10^277 |
| 148 | ov_148 | 1.6532990798661078 × 10^277 |
| 147 | ov_147 | 2.277535523341567 × 10^277 |
| 146 | ov_146 | 3.0756625758132806 × 10^277 |
| 145 | ov_145 | 4.077936430968695 × 10^277 |
| 144 | ov_144 | 5.316781735342627 × 10^277 |
| 143 | ov_143 | 6.826804447341822 × 10^277 |
| 142 | ov_142 | 8.644811208398873 × 10^277 |
| 141 | ov_141 | 1.0809837108201045 × 10^278 |
| 140 | ov_140 | 1.3363183889299992 × 10^278 |
| 139 | ov_139 | 1.6348470800008084 × 10^278 |
| 138 | ov_138 | 1.9811700468419617 × 10^278 |
| 137 | ov_137 | 2.3801342334825736 × 10^278 |
| 136 | ov_136 | 2.836843634499547 × 10^278 |
| 135 | ov_135 | 3.35667197731914 × 10^278 |
| 134 | ov_134 | 3.9452780211955805 × 10^278 |
| 133 | ov_133 | 4.6086237936399895 × 10^278 |
| 132 | ov_132 | 5.352996102490169 × 10^278 |
| 131 | ov_131 | 6.185031679691882 × 10^278 |
| 130 | ov_130 | 6.185036147740988 × 10^278 |
| 129 | ov_129 | 6.1850546475172066 × 10^278 |
| 128 | aaa_77_29 | 6.725346049456491 × 10^278 |
| 127 | aaa_77_28 | 1.7950919860451478 × 10^279 |
| 126 | ov_126 | 5.624002999633368 × 10^279 |
| 125 | ov_125 | 1.263883948170079 × 10^280 |
| 124 | ov_124 | 2.407491417688523 × 10^280 |
| 123 | ov_123 | 4.116755348690532 × 10^280 |
| 122 | ov_122 | 6.515213596665041 × 10^280 |
| 121 | ov_121 | 9.726419266824586 × 10^280 |
| 120 | ov_120 | 1.3873960395478673 × 10^281 |
| 119 | ov_119 | 1.908149173380224 × 10^281 |
| 118 | ov_118 | 2.5472781884241507 × 10^281 |
| 117 | ov_117 | 3.3171780083921907 × 10^281 |
| 116 | ov_116 | 4.23027069294828 × 10^281 |
| 115 | ov_115 | 5.299017333805422 × 10^281 |
| 114 | ov_114 | 6.535934017221273 × 10^281 |
| 113 | ov_113 | 7.953614016431026 × 10^281 |
| 112 | ov_112 | 9.564757779299782 × 10^281 |
| 111 | ov_111 | 1.1382211570987299 × 10^282 |
| 110 | ov_110 | 1.3419015631977743 × 10^282 |
| 109 | ov_109 | 1.568846271263926 × 10^282 |
| 108 | ov_108 | 1.8204167846736597 × 10^282 |
| 107 | ov_107 | 2.0980150228383832 × 10^282 |
| 106 | ov_106 | 2.4291205307856184 × 10^282 |
| 105 | ov_105 | 2.842725443952139 × 10^282 |
| 104 | ov_104 | 3.3694076001578476 × 10^282 |
| 103 | ov_103 | 4.041417555221637 × 10^282 |
| 102 | ov_102 | 4.892781154817663 × 10^282 |
| 101 | ov_101 | 5.959419408021895 × 10^282 |
| 100 | ov_100 | 7.279287503507873 × 10^282 |
| 99 | ov_099 | 8.892534908220932 × 10^282 |
| 98 | ov_098 | 8.892586891055209 × 10^282 |
| 97 | ov_097 | 8.892749717328164 × 10^282 |
| 96 | aaa_78_29 | 1.5090302924667846 × 10^283 |
| 95 | aaa_78_28 | 5.090273459168251 × 10^283 |
| 94 | ov_094 | 1.6863616979375023 × 10^284 |
| 93 | ov_093 | 4.033538690209479 × 10^284 |
| 92 | ov_092 | 8.259582050219522 × 10^284 |
| 91 | ov_091 | 1.5281014111878467 × 10^285 |
| 90 | ov_090 | 2.6221888863458996 × 10^285 |
| 89 | ov_089 | 4.241387289102686 × 10^285 |
| 88 | ov_088 | 6.539641009497705 × 10^285 |
| 87 | ov_087 | 9.845645859200891 × 10^285 |
| 86 | ov_086 | 1.4529758700407787 × 10^286 |
| 85 | ov_085 | 2.1004114049836374 × 10^286 |
| 84 | ov_084 | 2.972279088382263 × 10^286 |
| 83 | ov_083 | 4.1182039530267473 × 10^286 |
| 82 | ov_082 | 5.59205785355846 × 10^286 |
| 81 | ov_081 | 7.451997139931134 × 10^286 |
| 80 | ov_080 | 9.760509307679027 × 10^286 |
| 64 | lv_79_m31 | 9.909875983694103 × 10^286 |
| 79 | ov_079 | 1.2584469616271765 × 10^287 |
| 78 | ov_078 | 1.5995208668713033 × 10^287 |
| 77 | ov_077 | 2.006859194827348 × 10^287 |
| 76 | ov_076 | 2.4885112312129926 × 10^287 |
| 75 | ov_075 | 3.052999644712848 × 10^287 |
| 74 | ov_074 | 3.709332630044655 × 10^287 |
| 73 | ov_073 | 4.46701765082489 × 10^287 |
| 63 | ov_063 | 5.087971649878261 × 10^287 |
| 72 | ov_072 | 5.336076885924299 × 10^287 |
| 71 | ov_071 | 6.327064484813451 × 10^287 |
| 70 | ov_070 | 7.451085739723051 × 10^287 |
| 69 | ov_069 | 8.719818545654058 × 10^287 |
| 68 | ov_068 | 1.014553831826443 × 10^288 |
| 67 | ov_067 | 1.1741148383629512 × 10^288 |
| 66 | ov_066 | 1.174115510372906 × 10^288 |
| 65 | ov_065 | 1.1741183777663711 × 10^288 |
| 62 | ov_062 | 2.6116703915126956 × 10^288 |
| 61 | ov_061 | 9.524470035352355 × 10^288 |
| 60 | ov_060 | 2.7277521475505665 × 10^289 |
| 59 | ov_059 | 6.584799701175509 × 10^289 |
| 58 | ov_058 | 1.3369045420201606 × 10^290 |
| 57 | ov_057 | 2.4162330816943995 × 10^290 |
| 56 | ov_056 | 4.028289156227576 × 10^290 |
| 55 | ov_055 | 6.32853809582666 × 10^290 |
| 54 | ov_054 | 9.496092205988242 × 10^290 |
| 53 | ov_053 | 1.3733720866901709 × 10^291 |
| 52 | ov_052 | 1.9470637736429945 × 10^291 |
| 51 | ov_051 | 2.7183435479755376 × 10^291 |
| 50 | ov_050 | 3.739616007998915 × 10^291 |
| 49 | ov_049 | 5.068042224747416 × 10^291 |
| 48 | ov_048 | 6.765555895222499 × 10^291 |
| 47 | ov_047 | 8.898886459404612 × 10^291 |
| 32 | lv_80_k31 | 1.0906746376687339 × 10^292 |
| 46 | ov_046 | 1.1539591844279806 × 10^292 |
| 45 | ov_045 | 1.4764103965140192 × 10^292 |
| 44 | ov_044 | 1.8653790449416182 × 10^292 |
| 43 | ov_043 | 2.3295036384891766 × 10^292 |
| 42 | ov_042 | 2.8779350232862585 × 10^292 |
| 31 | ov_031 | 3.412793463160065 × 10^292 |
| 41 | ov_041 | 3.520349838821894 × 10^292 |
| 40 | ov_040 | 4.261995677656994 × 10^292 |
| 39 | ov_039 | 5.108407448549844 × 10^292 |
| 38 | ov_038 | 6.070956004204599 × 10^292 |
| 37 | ov_037 | 7.161630641940475 × 10^292 |
| 36 | ov_036 | 8.393074829512024 × 10^292 |
| 35 | ov_035 | 9.778628226652158 × 10^292 |
| 34 | ov_034 | 1.1332375703859326 × 10^293 |
| 33 | ov_033 | 1.3069204099376617 × 10^293 |
| 30 | ov_030 | 2.868790110351967 × 10^293 |
| 29 | ov_029 | 9.386351213895889 × 10^293 |
| 28 | ov_028 | 2.4365994872506727 × 10^294 |
| 27 | ov_027 | 5.446910084482332 × 10^294 |
| 26 | ov_026 | 1.0893822028869949 × 10^295 |
| 25 | ov_025 | 1.9959710599271363 × 10^295 |
| 24 | ov_024 | 3.408508276878248 × 10^295 |
| 23 | ov_023 | 5.640911786386681 × 10^295 |
| 22 | ov_022 | 9.05874069675403 × 10^295 |
| 21 | ov_021 | 1.4079219666136184 × 10^296 |
| 20 | ov_020 | 2.1171283397325368 × 10^296 |
| 19 | ov_019 | 3.085564935122613 × 10^296 |
| 18 | ov_018 | 4.370492827967898 × 10^296 |
| 17 | ov_017 | 6.034378406960963 × 10^296 |
| 16 | ov_016 | 8.144915628214262 × 10^296 |
| 15 | ov_015 | 1.0775056269033378 × 10^297 |
| 14 | ov_014 | 1.4003050733251065 × 10^297 |
| 13 | ov_013 | 1.7912502852404673 × 10^297 |
| 12 | ov_012 | 2.2592442685549057 × 10^297 |
| 11 | ov_011 | 2.8137421700659924 × 10^297 |
| 10 | ov_010 | 3.4647635101870004 × 10^297 |
| 9 | ov_009 | 4.222907644968468 × 10^297 |
| 8 | ov_008 | 5.099373010652045 × 10^297 |
| 7 | ov_007 | 6.10598074283025 × 10^297 |
| 6 | ov_006 | 7.255203301561163 × 10^297 |
| 5 | ov_005 | 8.560198773644418 × 10^297 |
| 4 | ov_004 | 1.0034851563881388 × 10^298 |
| 3 | ov_003 | 1.1693820179013801 × 10^298 |
| 2 | ov_002 | 1.3552592698934446 × 10^298 |
| 1 | ov_001 | 1.5627550469129475 × 10^298 |

