# Results for F001-F002-F003-F004-F005-F006-F007-F008-F009-F010-F011-F012-F013-F014-F015-F016-F017-F018-F019-F020-F021-F022-F023-F024-F025-F026-F027-F028-F029-F030-F031-F032-F033-F034-F035-F036-F037-F038-F039-F040-F041-F042-F043-F044-F045-F046-F047-F048-F049-F050-F051-F052-F053-F054-F055-F056-F057-F058-F059-F060-F061-F062-F063-F064-F065-F066-F067-F068-F069-F070-F071-F072-F073-F074-F075-F076-F077-F078-F079-F080-F081-F082-F083-F084-F085-F086-F087-F088-F089-F090-F091-F092-F093-F094-F095-F096-F097-F098-F099-F100-F101-F102-F103-F104-F105-F106-F107-F108-F109-F110-F111-F112-F113-F114-F115-F116-F117-F118-F119-F120-F121-F122-F123-F124-F125-F126-F127-F128-F129-F130-F131-F132-F133-F134-F135-F136-F137-F138-F139-F140-F141-F142-F143-F144-F145-F146-F147-F148-F149-F150-F151-F152-F153-F154-F155-F156-F157-F158-F159-F160-F161-F162-F163-F164-F165-F166-F167-F168-F169-F170-F171-F172-F173-F174-F175-F176-F177-F178-F179-F180-F181-F182-F183-F184-F185-F186-F187-F188-F189-F190-F191-F192-F193-F194-F195-F196-F197-F198-F199-F200-F201-F202-F203-F204-F205-F206-F207-F208-F209-F210-F211-F212-F213-F214-F215-F216-F217-F218-F219-F220-F221-F222-F223-F224-F225-F226-F227-F228-F229-F230-F231-F232-F233-F234-F235-F236-F237-F238-F239-F240-F241-F242-F243-F244-F245-F246-F247-F248-F249-F250-F251-F252-F253-F254-F255-F256-F257-F258-F259-F260-F261-F262-F263-F264-F265-F266-F267-F268-F269-F270-F271-F272-F273-F274-F275-F276-F277-F278-F279-F280-F281-F282-F283-F284-F285-F286-F287-F288-F289-F290-F291-F292-F293-F294-F295-F296-F297-F298-F299-F300-F301-F302-F303-F304-F305-F306-F307-F308-F309-F310-F311-F312-F313-F314-F315-F316-F317-F318-F319-F320-F321-F322-F323-F324-F325-F326-F327-F328-F329-F330-F331-F332-F333-F334-F335-F336-F337-F338-F339-F340-F341-F342-F343-F344-F345-F346-F347-F348-F349-F350-F351-F352-F353-F354-F355-F356-F357-F358-F359-F360-F361-F362-F363-F364-F365-F366-F367-F368-F369-F370-F371-F372-F373-F374-F375-F376-F377-F378-F379-F380-F381-F382-F383-F384-F385-F386-F387-F388-F389-F390-F391-F392-F393-F394-F395-F396-F397-F398-F399-F400-F401-F402-F403-F404-F405-F406-F407-F408-F409-F410-F411-F412-F413-F414-F415-F416-F417-F418-F419-F420-F421-F422-F423-F424-F425-F426-F427-F428-F429-F430-F431-F432-F433-F434-F435-F436-F437-F438-F439-F440-F441-F442-F443-F444-F445-F446-F447-F448-F449-F450-F451-F452-F453-F454-F455-F456-F457-F458-F459-F460-F461-F462-F463-F464-F465-F466-F467-F468-F469-F470-F471-F472-F473-F474-F475-F476-F477-F478-F479-F480-F481-F482-F483-F484-F485-F486-F487-F488-F489-F490-F491-F492-F493-F494-F495-F496-E500501-T507-F508-F509-F510-F511-F512

## Summary

Number of input bits: 512  
Number of free input bits: 9  
Number of output bits: 160

Number of direct occurrences: 36898  
Number of assignments: 31033  
Number of operations: 11750375
(xor: 11721718,
and: 15469,
or: 13188)

Total complexity: 1.192417166354823 × 10^303

Least occurring input variable: iv_499 (3937)  
Most occurring input variable: iv_503 (4329)

Most co-occurring input variables: iv_502-iv_503 (2095)  
Least co-occurring input variables: iv_498-iv_499 (1795)

Potentially most occurring input variable: iv_500/iv_503 (4556)  
Potentially least occurring input variable: iv_499/iv_504 (4215)

Least output occurring input variable: iv_498 (70)  
Most output occurring input variable: iv_506 (89)

Most output co-occurring input variables: iv_502-iv_506 (48)  
Least output co-occurring input variables: iv_498-iv_505 (30)

Potentially most output occurring input variable: iv_497/iv_503 (89)  
Potentially least output occurring input variable: iv_500/iv_502 (71)

Least complex input bit: iv_497 (7.175643839724024 × 10^300)  
Most complex input bit: iv_505 (3.873579630434467 × 10^302)

Least complex output bit: aaa_76_29 (5.097809361113642 × 10^277)  
Most complex output bit: ov_001 (1.9404383030291624 × 10^302)

Least complex input/output complexity: iv_497/aaa_76_29 (3.067723727090117 × 10^275)  
Most complex input/output complexity: iv_505/ov_001 (6.303534112735121 × 10^301)

## Input Bits

### Input Bits in Regular Order

| Input Bit | Complexity | Occurrences | Output Occurrences |
|:---------:|:----------:|:-----------:|:------------------:|
| iv_497 | 7.175643839724024 × 10^300 | 4189 | 80 |
| iv_498 | 1.4243779948552942 × 10^301 | 3991 | 70 |
| iv_499 | 2.6002613599054413 × 10^301 | 3937 | 78 |
| iv_500 | 9.728480440680197 × 10^301 | 4177 | 78 |
| iv_502 | 1.2901835196748366 × 10^302 | 4151 | 85 |
| iv_503 | 2.091083516330949 × 10^302 | 4329 | 85 |
| iv_504 | 3.021206237433808 × 10^302 | 4004 | 72 |
| iv_505 | 3.873579630434467 × 10^302 | 4047 | 75 |
| iv_506 | 2.010503417328553 × 10^301 | 4073 | 89 |

### Input Bits Sorted by Complexity

| Input Bit | Complexity | Occurrences | Output Occurrences |
|:---------:|:----------:|:-----------:|:------------------:|
| iv_497 | 7.175643839724024 × 10^300 | 4189 | 80 |
| iv_498 | 1.4243779948552942 × 10^301 | 3991 | 70 |
| iv_506 | 2.010503417328553 × 10^301 | 4073 | 89 |
| iv_499 | 2.6002613599054413 × 10^301 | 3937 | 78 |
| iv_500 | 9.728480440680197 × 10^301 | 4177 | 78 |
| iv_502 | 1.2901835196748366 × 10^302 | 4151 | 85 |
| iv_503 | 2.091083516330949 × 10^302 | 4329 | 85 |
| iv_504 | 3.021206237433808 × 10^302 | 4004 | 72 |
| iv_505 | 3.873579630434467 × 10^302 | 4047 | 75 |

### Input Bits Sorted by Occurrences

| Input Bit | Complexity | Occurrences | Output Occurrences |
|:---------:|:----------:|:-----------:|:------------------:|
| iv_499 | 2.6002613599054413 × 10^301 | 3937 | 78 |
| iv_498 | 1.4243779948552942 × 10^301 | 3991 | 70 |
| iv_504 | 3.021206237433808 × 10^302 | 4004 | 72 |
| iv_505 | 3.873579630434467 × 10^302 | 4047 | 75 |
| iv_506 | 2.010503417328553 × 10^301 | 4073 | 89 |
| iv_502 | 1.2901835196748366 × 10^302 | 4151 | 85 |
| iv_500 | 9.728480440680197 × 10^301 | 4177 | 78 |
| iv_497 | 7.175643839724024 × 10^300 | 4189 | 80 |
| iv_503 | 2.091083516330949 × 10^302 | 4329 | 85 |

### Input Bits Sorted by Output Occurrences

| Input Bit | Complexity | Occurrences | Output Occurrences |
|:---------:|:----------:|:-----------:|:------------------:|
| iv_498 | 1.4243779948552942 × 10^301 | 3991 | 70 |
| iv_504 | 3.021206237433808 × 10^302 | 4004 | 72 |
| iv_505 | 3.873579630434467 × 10^302 | 4047 | 75 |
| iv_499 | 2.6002613599054413 × 10^301 | 3937 | 78 |
| iv_500 | 9.728480440680197 × 10^301 | 4177 | 78 |
| iv_497 | 7.175643839724024 × 10^300 | 4189 | 80 |
| iv_502 | 1.2901835196748366 × 10^302 | 4151 | 85 |
| iv_503 | 2.091083516330949 × 10^302 | 4329 | 85 |
| iv_506 | 2.010503417328553 × 10^301 | 4073 | 89 |

## Input Bit Co-occurrences

### Input Bit Co-occurrences Sorted by Co-occurrences

| Input Bits | Co-occurrences | Potential Occurrences | Output Co-occurrences | Potential Output Occurrences |
|:----------:|:--------------:|:---------------------:|:---------------------:|:----------------------------:|
| iv_502-iv_503 | 2095 | 4290 | 47 | 76 |
| iv_503-iv_505 | 2055 | 4266 | 43 | 74 |
| iv_497-iv_502 | 2053 | 4234 | 43 | 79 |
| iv_500-iv_502 | 2050 | 4228 | 46 | 71 |
| iv_503-iv_504 | 2047 | 4239 | 39 | 79 |
| iv_497-iv_503 | 2041 | 4436 | 38 | 89 |
| iv_498-iv_503 | 2006 | 4308 | 33 | 89 |
| iv_503-iv_506 | 1996 | 4410 | 44 | 86 |
| iv_502-iv_505 | 1985 | 4228 | 40 | 80 |

### Input Bit Co-occurrences Sorted by Potential Occurrences

| Input Bits | Co-occurrences | Potential Occurrences | Output Co-occurrences | Potential Output Occurrences |
|:----------:|:--------------:|:---------------------:|:---------------------:|:----------------------------:|
| iv_499-iv_504 | 1863 | 4215 | 36 | 78 |
| iv_504-iv_506 | 1928 | 4221 | 44 | 73 |
| iv_500-iv_502 | 2050 | 4228 | 46 | 71 |
| iv_502-iv_505 | 1985 | 4228 | 40 | 80 |
| iv_497-iv_502 | 2053 | 4234 | 43 | 79 |
| iv_503-iv_504 | 2047 | 4239 | 39 | 79 |
| iv_502-iv_504 | 1953 | 4249 | 41 | 75 |
| iv_503-iv_505 | 2055 | 4266 | 43 | 74 |
| iv_499-iv_502 | 1910 | 4268 | 38 | 87 |

### Input Bit Output Co-occurrences Sorted by Output Co-occurrences

| Input Bits | Co-occurrences | Potential Occurrences | Output Co-occurrences | Potential Output Occurrences |
|:----------:|:--------------:|:---------------------:|:---------------------:|:----------------------------:|
| iv_502-iv_506 | 1939 | 4346 | 48 | 78 |
| iv_502-iv_503 | 2095 | 4290 | 47 | 76 |
| iv_500-iv_502 | 2050 | 4228 | 46 | 71 |
| iv_497-iv_506 | 1907 | 4448 | 44 | 81 |
| iv_503-iv_506 | 1996 | 4410 | 44 | 86 |
| iv_504-iv_506 | 1928 | 4221 | 44 | 73 |
| iv_499-iv_506 | 1837 | 4336 | 44 | 79 |
| iv_500-iv_506 | 1859 | 4532 | 44 | 79 |
| iv_499-iv_503 | 1936 | 4394 | 43 | 77 |

### Input Bit Output Co-occurrences Sorted by Potential Output Occurrences

| Input Bits | Co-occurrences | Potential Occurrences | Output Co-occurrences | Potential Output Occurrences |
|:----------:|:--------------:|:---------------------:|:---------------------:|:----------------------------:|
| iv_500-iv_502 | 2050 | 4228 | 46 | 71 |
| iv_498-iv_499 | 1795 | 4338 | 38 | 72 |
| iv_498-iv_502 | 1895 | 4352 | 41 | 73 |
| iv_504-iv_506 | 1928 | 4221 | 44 | 73 |
| iv_503-iv_505 | 2055 | 4266 | 43 | 74 |
| iv_497-iv_499 | 1889 | 4348 | 42 | 74 |
| iv_502-iv_504 | 1953 | 4249 | 41 | 75 |
| iv_498-iv_506 | 1892 | 4280 | 42 | 75 |
| iv_502-iv_503 | 2095 | 4290 | 47 | 76 |

## Output Bits

### Output Bits in Regular Order

| Rank | Output Bit | Complexity |
|:----:|:----------:|:----------:|
| 1 | ov_001 | 1.9404383030291624 × 10^302 |
| 2 | ov_002 | 1.6776472845428873 × 10^302 |
| 3 | ov_003 | 1.4427832179137162 × 10^302 |
| 4 | ov_004 | 1.233699923477289 × 10^302 |
| 5 | ov_005 | 1.0483682074718653 × 10^302 |
| 6 | ov_006 | 8.848674118521709 × 10^301 |
| 7 | ov_007 | 7.413780813703727 × 10^301 |
| 8 | ov_008 | 6.16175679551596 × 10^301 |
| 9 | ov_009 | 5.076252686126169 × 10^301 |
| 10 | ov_010 | 4.1417705277948595 × 10^301 |
| 11 | ov_011 | 3.343626832968077 × 10^301 |
| 12 | ov_012 | 2.6679222922655663 × 10^301 |
| 13 | ov_013 | 2.101517238341232 × 10^301 |
| 14 | ov_014 | 1.632012019782656 × 10^301 |
| 15 | ov_015 | 1.247731494793631 × 10^301 |
| 16 | ov_016 | 9.377129095208959 × 10^300 |
| 17 | ov_017 | 6.91696480661179 × 10^300 |
| 18 | ov_018 | 5.001180888354368 × 10^300 |
| 19 | ov_019 | 3.5410363715840966 × 10^300 |
| 20 | ov_020 | 2.4546476710243285 × 10^300 |
| 21 | ov_021 | 1.66695686551479 × 10^300 |
| 22 | ov_022 | 1.1097089199168219 × 10^300 |
| 23 | ov_023 | 7.214359381492625 × 10^299 |
| 24 | ov_024 | 4.474468073133243 × 10^299 |
| 25 | ov_025 | 2.6208916218376064 × 10^299 |
| 26 | ov_026 | 1.4309470358077772 × 10^299 |
| 27 | ov_027 | 7.157804612271417 × 10^298 |
| 28 | ov_028 | 3.203623930280872 × 10^298 |
| 29 | ov_029 | 1.2348603646027458 × 10^298 |
| 30 | ov_030 | 3.776687777699707 × 10^297 |
| 31 | ov_031 | 7.370889295007773 × 10^296 |
| 32 | lv_80_m31 | 1.438442230261156 × 10^296 |
| 33 | ov_033 | 1.7146210834792235 × 10^297 |
| 34 | ov_034 | 1.4874502322826685 × 10^297 |
| 35 | ov_035 | 1.2841846330270343 × 10^297 |
| 36 | ov_036 | 1.1027007231146173 × 10^297 |
| 37 | ov_037 | 9.40988685768253 × 10^296 |
| 38 | ov_038 | 7.971444627291692 × 10^296 |
| 39 | ov_039 | 6.6936287732587216 × 10^296 |
| 40 | ov_040 | 5.56765267806819 × 10^296 |
| 41 | ov_041 | 4.585181221481229 × 10^296 |
| 42 | ov_042 | 3.738307946053113 × 10^296 |
| 43 | ov_043 | 3.0195359317654024 × 10^296 |
| 44 | ov_044 | 2.415039287474831 × 10^296 |
| 45 | ov_045 | 1.9117429139354175 × 10^296 |
| 46 | ov_046 | 1.4973037600122263 × 10^296 |
| 47 | ov_047 | 1.1600961400604306 × 10^296 |
| 48 | ov_048 | 8.892004195395787 × 10^295 |
| 49 | ov_049 | 6.743944274227708 × 10^295 |
| 50 | ov_050 | 5.061470053104082 × 10^295 |
| 51 | ov_051 | 3.756131816847452 × 10^295 |
| 52 | ov_052 | 2.74630589565763 × 10^295 |
| 53 | ov_053 | 1.9571686602324157 × 10^295 |
| 54 | ov_054 | 1.3530056008789416 × 10^295 |
| 55 | ov_055 | 9.014893968833889 × 10^294 |
| 56 | ov_056 | 5.736750590592461 × 10^294 |
| 57 | ov_057 | 3.439969270882981 × 10^294 |
| 58 | ov_058 | 1.9026694049677095 × 10^294 |
| 59 | ov_059 | 9.367372962969836 × 10^293 |
| 60 | ov_060 | 3.878219830928888 × 10^293 |
| 61 | ov_061 | 1.3533371634491765 × 10^293 |
| 62 | ov_062 | 3.7086447556413245 × 10^292 |
| 63 | ov_063 | 7.220227803535449 × 10^291 |
| 64 | lv_79_m31 | 1.4053372208493398 × 10^291 |
| 65 | ov_065 | 1.6644487463024519 × 10^292 |
| 66 | ov_066 | 1.6644433635049747 × 10^292 |
| 67 | ov_067 | 1.6644420663916504 × 10^292 |
| 68 | ov_068 | 1.4355505702951075 × 10^292 |
| 69 | ov_069 | 1.231580841278076 × 10^292 |
| 70 | ov_070 | 1.0505787753431296 × 10^292 |
| 71 | ov_071 | 8.906908834052097 × 10^291 |
| 72 | ov_072 | 7.501571612937858 × 10^291 |
| 73 | ov_073 | 6.273050598758474 × 10^291 |
| 74 | ov_074 | 5.205444394022463 × 10^291 |
| 75 | ov_075 | 4.2836339822466034 × 10^291 |
| 76 | ov_076 | 3.493248718587025 × 10^291 |
| 77 | ov_077 | 2.820639040214933 × 10^291 |
| 78 | ov_078 | 2.252854967845982 × 10^291 |
| 79 | ov_079 | 1.777629523854288 × 10^291 |
| 80 | ov_080 | 1.383366245568107 × 10^291 |
| 81 | ov_081 | 1.0591300248555311 × 10^291 |
| 82 | ov_082 | 7.996176859151128 × 10^290 |
| 83 | ov_083 | 5.951991208726252 × 10^290 |
| 84 | ov_084 | 4.368911420596177 × 10^290 |
| 85 | ov_085 | 3.1635502751240644 × 10^290 |
| 86 | ov_086 | 2.258945880941973 × 10^290 |
| 87 | ov_087 | 1.58454644608001 × 10^290 |
| 88 | ov_088 | 1.0761986408356256 × 10^290 |
| 89 | ov_089 | 7.034241698914507 × 10^289 |
| 90 | ov_090 | 4.3893790781399784 × 10^289 |
| 91 | ov_091 | 2.586454909456658 × 10^289 |
| 92 | ov_092 | 1.4164181652931686 × 10^289 |
| 93 | ov_093 | 7.021019952749356 × 10^288 |
| 94 | ov_094 | 2.982195860504107 × 10^288 |
| 95 | aaa_78_28 | 9.13624723206193 × 10^287 |
| 96 | aaa_78_29 | 2.7709737619936047 × 10^287 |
| 97 | ov_097 | 1.4786748858201136 × 10^287 |
| 98 | ov_098 | 1.4786665762155646 × 10^287 |
| 99 | ov_099 | 1.4786639267461518 × 10^287 |
| 100 | ov_100 | 1.2597711874602872 × 10^287 |
| 101 | ov_101 | 1.0661416637925154 × 10^287 |
| 102 | ov_102 | 8.957241440452744 × 10^286 |
| 103 | ov_103 | 7.465783937660228 × 10^286 |
| 104 | ov_104 | 6.168670613020593 × 10^286 |
| 105 | ov_105 | 5.048486827103099 × 10^286 |
| 106 | ov_106 | 4.088716816376082 × 10^286 |
| 107 | ov_107 | 3.2736926504204306 × 10^286 |
| 108 | ov_108 | 2.5885512071376994 × 10^286 |
| 109 | ov_109 | 2.0191982751155097 × 10^286 |
| 110 | ov_110 | 1.5522789409063164 × 10^286 |
| 111 | ov_111 | 1.1751534668453452 × 10^286 |
| 112 | ov_112 | 8.758779123913832 × 10^285 |
| 113 | ov_113 | 6.431887989852674 × 10^285 |
| 114 | ov_114 | 4.66491165208 × 10^285 |
| 115 | ov_115 | 3.3584940566745374 × 10^285 |
| 116 | ov_116 | 2.4198033360124314 × 10^285 |
| 117 | ov_117 | 1.7624795368245302 × 10^285 |
| 118 | ov_118 | 1.3065952764807067 × 10^285 |
| 119 | ov_119 | 9.786265534981363 × 10^284 |
| 120 | ov_120 | 7.11431725113031 × 10^284 |
| 121 | ov_121 | 4.986527651076239 × 10^284 |
| 122 | ov_122 | 3.33937771995598 × 10^284 |
| 123 | ov_123 | 2.1093843131970637 × 10^284 |
| 124 | ov_124 | 1.2330830559136942 × 10^284 |
| 125 | ov_125 | 6.470177616613774 × 10^283 |
| 126 | ov_126 | 2.877350421400602 × 10^283 |
| 127 | aaa_77_28 | 9.178224118554866 × 10^282 |
| 128 | aaa_77_29 | 3.435399091320784 × 10^282 |
| 129 | ov_129 | 3.129702303496374 × 10^282 |
| 130 | ov_130 | 3.1296923920725064 × 10^282 |
| 131 | ov_131 | 3.12969000106171 × 10^282 |
| 132 | ov_132 | 2.7003749713961423 × 10^282 |
| 133 | ov_133 | 2.317302499302127 × 10^282 |
| 134 | ov_134 | 1.9769179177075 × 10^282 |
| 135 | ov_135 | 1.675851345393522 × 10^282 |
| 136 | ov_136 | 1.4109044041006848 × 10^282 |
| 137 | ov_137 | 1.1790389294454192 × 10^282 |
| 138 | ov_138 | 9.773674740289822 × 10^281 |
| 139 | ov_139 | 8.031454111387407 × 10^281 |
| 140 | ov_140 | 6.537644572296183 × 10^281 |
| 141 | ov_141 | 5.267474409916764 × 10^281 |
| 142 | ov_142 | 4.197441563084643 × 10^281 |
| 143 | ov_143 | 3.305281458281461 × 10^281 |
| 144 | ov_144 | 2.569942712331673 × 10^281 |
| 145 | ov_145 | 1.971569356227312 × 10^281 |
| 146 | ov_146 | 1.491488327265603 × 10^281 |
| 147 | ov_147 | 1.112201069546547 × 10^281 |
| 148 | ov_148 | 8.173781756006889 × 10^280 |
| 149 | ov_149 | 5.918560945322685 × 10^280 |
| 150 | ov_150 | 4.216350681683213 × 10^280 |
| 151 | ov_151 | 2.9387771191551064 × 10^280 |
| 152 | ov_152 | 1.9690796469147595 × 10^280 |
| 153 | ov_153 | 1.251780144739123 × 10^280 |
| 154 | ov_154 | 7.372016493772646 × 10^279 |
| 155 | ov_155 | 3.8146617652990694 × 10^279 |
| 156 | aaa_76_25 | 1.4649344929251517 × 10^279 |
| 157 | aaa_76_26 | 8.450105173572207 × 10^278 |
| 158 | aaa_76_27 | 4.319916945728887 × 10^278 |
| 159 | aaa_76_28 | 1.6791469972144575 × 10^278 |
| 160 | aaa_76_29 | 5.097809361113642 × 10^277 |

### Output Bits Sorted by Complexity

| Rank | Output Bit | Complexity |
|:----:|:----------:|:----------:|
| 160 | aaa_76_29 | 5.097809361113642 × 10^277 |
| 159 | aaa_76_28 | 1.6791469972144575 × 10^278 |
| 158 | aaa_76_27 | 4.319916945728887 × 10^278 |
| 157 | aaa_76_26 | 8.450105173572207 × 10^278 |
| 156 | aaa_76_25 | 1.4649344929251517 × 10^279 |
| 155 | ov_155 | 3.8146617652990694 × 10^279 |
| 154 | ov_154 | 7.372016493772646 × 10^279 |
| 153 | ov_153 | 1.251780144739123 × 10^280 |
| 152 | ov_152 | 1.9690796469147595 × 10^280 |
| 151 | ov_151 | 2.9387771191551064 × 10^280 |
| 150 | ov_150 | 4.216350681683213 × 10^280 |
| 149 | ov_149 | 5.918560945322685 × 10^280 |
| 148 | ov_148 | 8.173781756006889 × 10^280 |
| 147 | ov_147 | 1.112201069546547 × 10^281 |
| 146 | ov_146 | 1.491488327265603 × 10^281 |
| 145 | ov_145 | 1.971569356227312 × 10^281 |
| 144 | ov_144 | 2.569942712331673 × 10^281 |
| 143 | ov_143 | 3.305281458281461 × 10^281 |
| 142 | ov_142 | 4.197441563084643 × 10^281 |
| 141 | ov_141 | 5.267474409916764 × 10^281 |
| 140 | ov_140 | 6.537644572296183 × 10^281 |
| 139 | ov_139 | 8.031454111387407 × 10^281 |
| 138 | ov_138 | 9.773674740289822 × 10^281 |
| 137 | ov_137 | 1.1790389294454192 × 10^282 |
| 136 | ov_136 | 1.4109044041006848 × 10^282 |
| 135 | ov_135 | 1.675851345393522 × 10^282 |
| 134 | ov_134 | 1.9769179177075 × 10^282 |
| 133 | ov_133 | 2.317302499302127 × 10^282 |
| 132 | ov_132 | 2.7003749713961423 × 10^282 |
| 131 | ov_131 | 3.12969000106171 × 10^282 |
| 130 | ov_130 | 3.1296923920725064 × 10^282 |
| 129 | ov_129 | 3.129702303496374 × 10^282 |
| 128 | aaa_77_29 | 3.435399091320784 × 10^282 |
| 127 | aaa_77_28 | 9.178224118554866 × 10^282 |
| 126 | ov_126 | 2.877350421400602 × 10^283 |
| 125 | ov_125 | 6.470177616613774 × 10^283 |
| 124 | ov_124 | 1.2330830559136942 × 10^284 |
| 123 | ov_123 | 2.1093843131970637 × 10^284 |
| 122 | ov_122 | 3.33937771995598 × 10^284 |
| 121 | ov_121 | 4.986527651076239 × 10^284 |
| 120 | ov_120 | 7.11431725113031 × 10^284 |
| 119 | ov_119 | 9.786265534981363 × 10^284 |
| 118 | ov_118 | 1.3065952764807067 × 10^285 |
| 117 | ov_117 | 1.7624795368245302 × 10^285 |
| 116 | ov_116 | 2.4198033360124314 × 10^285 |
| 115 | ov_115 | 3.3584940566745374 × 10^285 |
| 114 | ov_114 | 4.66491165208 × 10^285 |
| 113 | ov_113 | 6.431887989852674 × 10^285 |
| 112 | ov_112 | 8.758779123913832 × 10^285 |
| 111 | ov_111 | 1.1751534668453452 × 10^286 |
| 110 | ov_110 | 1.5522789409063164 × 10^286 |
| 109 | ov_109 | 2.0191982751155097 × 10^286 |
| 108 | ov_108 | 2.5885512071376994 × 10^286 |
| 107 | ov_107 | 3.2736926504204306 × 10^286 |
| 106 | ov_106 | 4.088716816376082 × 10^286 |
| 105 | ov_105 | 5.048486827103099 × 10^286 |
| 104 | ov_104 | 6.168670613020593 × 10^286 |
| 103 | ov_103 | 7.465783937660228 × 10^286 |
| 102 | ov_102 | 8.957241440452744 × 10^286 |
| 101 | ov_101 | 1.0661416637925154 × 10^287 |
| 100 | ov_100 | 1.2597711874602872 × 10^287 |
| 99 | ov_099 | 1.4786639267461518 × 10^287 |
| 98 | ov_098 | 1.4786665762155646 × 10^287 |
| 97 | ov_097 | 1.4786748858201136 × 10^287 |
| 96 | aaa_78_29 | 2.7709737619936047 × 10^287 |
| 95 | aaa_78_28 | 9.13624723206193 × 10^287 |
| 94 | ov_094 | 2.982195860504107 × 10^288 |
| 93 | ov_093 | 7.021019952749356 × 10^288 |
| 92 | ov_092 | 1.4164181652931686 × 10^289 |
| 91 | ov_091 | 2.586454909456658 × 10^289 |
| 90 | ov_090 | 4.3893790781399784 × 10^289 |
| 89 | ov_089 | 7.034241698914507 × 10^289 |
| 88 | ov_088 | 1.0761986408356256 × 10^290 |
| 87 | ov_087 | 1.58454644608001 × 10^290 |
| 86 | ov_086 | 2.258945880941973 × 10^290 |
| 85 | ov_085 | 3.1635502751240644 × 10^290 |
| 84 | ov_084 | 4.368911420596177 × 10^290 |
| 83 | ov_083 | 5.951991208726252 × 10^290 |
| 82 | ov_082 | 7.996176859151128 × 10^290 |
| 81 | ov_081 | 1.0591300248555311 × 10^291 |
| 80 | ov_080 | 1.383366245568107 × 10^291 |
| 64 | lv_79_m31 | 1.4053372208493398 × 10^291 |
| 79 | ov_079 | 1.777629523854288 × 10^291 |
| 78 | ov_078 | 2.252854967845982 × 10^291 |
| 77 | ov_077 | 2.820639040214933 × 10^291 |
| 76 | ov_076 | 3.493248718587025 × 10^291 |
| 75 | ov_075 | 4.2836339822466034 × 10^291 |
| 74 | ov_074 | 5.205444394022463 × 10^291 |
| 73 | ov_073 | 6.273050598758474 × 10^291 |
| 63 | ov_063 | 7.220227803535449 × 10^291 |
| 72 | ov_072 | 7.501571612937858 × 10^291 |
| 71 | ov_071 | 8.906908834052097 × 10^291 |
| 70 | ov_070 | 1.0505787753431296 × 10^292 |
| 69 | ov_069 | 1.231580841278076 × 10^292 |
| 68 | ov_068 | 1.4355505702951075 × 10^292 |
| 67 | ov_067 | 1.6644420663916504 × 10^292 |
| 66 | ov_066 | 1.6644433635049747 × 10^292 |
| 65 | ov_065 | 1.6644487463024519 × 10^292 |
| 62 | ov_062 | 3.7086447556413245 × 10^292 |
| 61 | ov_061 | 1.3533371634491765 × 10^293 |
| 60 | ov_060 | 3.878219830928888 × 10^293 |
| 59 | ov_059 | 9.367372962969836 × 10^293 |
| 58 | ov_058 | 1.9026694049677095 × 10^294 |
| 57 | ov_057 | 3.439969270882981 × 10^294 |
| 56 | ov_056 | 5.736750590592461 × 10^294 |
| 55 | ov_055 | 9.014893968833889 × 10^294 |
| 54 | ov_054 | 1.3530056008789416 × 10^295 |
| 53 | ov_053 | 1.9571686602324157 × 10^295 |
| 52 | ov_052 | 2.74630589565763 × 10^295 |
| 51 | ov_051 | 3.756131816847452 × 10^295 |
| 50 | ov_050 | 5.061470053104082 × 10^295 |
| 49 | ov_049 | 6.743944274227708 × 10^295 |
| 48 | ov_048 | 8.892004195395787 × 10^295 |
| 47 | ov_047 | 1.1600961400604306 × 10^296 |
| 32 | lv_80_m31 | 1.438442230261156 × 10^296 |
| 46 | ov_046 | 1.4973037600122263 × 10^296 |
| 45 | ov_045 | 1.9117429139354175 × 10^296 |
| 44 | ov_044 | 2.415039287474831 × 10^296 |
| 43 | ov_043 | 3.0195359317654024 × 10^296 |
| 42 | ov_042 | 3.738307946053113 × 10^296 |
| 41 | ov_041 | 4.585181221481229 × 10^296 |
| 40 | ov_040 | 5.56765267806819 × 10^296 |
| 39 | ov_039 | 6.6936287732587216 × 10^296 |
| 31 | ov_031 | 7.370889295007773 × 10^296 |
| 38 | ov_038 | 7.971444627291692 × 10^296 |
| 37 | ov_037 | 9.40988685768253 × 10^296 |
| 36 | ov_036 | 1.1027007231146173 × 10^297 |
| 35 | ov_035 | 1.2841846330270343 × 10^297 |
| 34 | ov_034 | 1.4874502322826685 × 10^297 |
| 33 | ov_033 | 1.7146210834792235 × 10^297 |
| 30 | ov_030 | 3.776687777699707 × 10^297 |
| 29 | ov_029 | 1.2348603646027458 × 10^298 |
| 28 | ov_028 | 3.203623930280872 × 10^298 |
| 27 | ov_027 | 7.157804612271417 × 10^298 |
| 26 | ov_026 | 1.4309470358077772 × 10^299 |
| 25 | ov_025 | 2.6208916218376064 × 10^299 |
| 24 | ov_024 | 4.474468073133243 × 10^299 |
| 23 | ov_023 | 7.214359381492625 × 10^299 |
| 22 | ov_022 | 1.1097089199168219 × 10^300 |
| 21 | ov_021 | 1.66695686551479 × 10^300 |
| 20 | ov_020 | 2.4546476710243285 × 10^300 |
| 19 | ov_019 | 3.5410363715840966 × 10^300 |
| 18 | ov_018 | 5.001180888354368 × 10^300 |
| 17 | ov_017 | 6.91696480661179 × 10^300 |
| 16 | ov_016 | 9.377129095208959 × 10^300 |
| 15 | ov_015 | 1.247731494793631 × 10^301 |
| 14 | ov_014 | 1.632012019782656 × 10^301 |
| 13 | ov_013 | 2.101517238341232 × 10^301 |
| 12 | ov_012 | 2.6679222922655663 × 10^301 |
| 11 | ov_011 | 3.343626832968077 × 10^301 |
| 10 | ov_010 | 4.1417705277948595 × 10^301 |
| 9 | ov_009 | 5.076252686126169 × 10^301 |
| 8 | ov_008 | 6.16175679551596 × 10^301 |
| 7 | ov_007 | 7.413780813703727 × 10^301 |
| 6 | ov_006 | 8.848674118521709 × 10^301 |
| 5 | ov_005 | 1.0483682074718653 × 10^302 |
| 4 | ov_004 | 1.233699923477289 × 10^302 |
| 3 | ov_003 | 1.4427832179137162 × 10^302 |
| 2 | ov_002 | 1.6776472845428873 × 10^302 |
| 1 | ov_001 | 1.9404383030291624 × 10^302 |

