# Results for F001-F002-F003-F004-F005-F006-F007-F008-F009-F010-F011-F012-F013-F014-F015-F016-F017-F018-F019-F020-F021-F022-F023-F024-F025-F026-F027-F028-F029-F030-F031-F032-F033-F034-F035-F036-F037-F038-F039-F040-F041-F042-F043-F044-F045-F046-F047-F048-F049-F050-F051-F052-F053-F054-F055-F056-F057-F058-F059-F060-F061-F062-F063-F064-F065-F066-F067-F068-F069-F070-F071-F072-F073-F074-F075-F076-F077-F078-F079-F080-F081-F082-F083-F084-F085-F086-F087-F088-F089-F090-F091-F092-F093-F094-F095-F096-F097-F098-F099-F100-F101-F102-F103-F104-F105-F106-F107-F108-F109-F110-F111-F112-F113-F114-F115-F116-F117-F118-F119-F120-F121-F122-F123-F124-F125-F126-F127-F128-F129-F130-F131-F132-F133-F134-F135-F136-F137-F138-F139-F140-F141-F142-F143-F144-F145-F146-F147-F148-F149-F150-F151-F152-F153-F154-F155-F156-F157-F158-F159-F160-F161-F162-F163-F164-F165-F166-F167-F168-F169-F170-F171-F172-F173-F174-F175-F176-F177-F178-F179-F180-F181-F182-F183-F184-F185-F186-F187-F188-F189-F190-F191-F192-F193-F194-F195-F196-F197-F198-F199-F200-F201-F202-F203-F204-F205-F206-F207-F208-F209-F210-F211-F212-F213-F214-F215-F216-F217-F218-F219-F220-F221-F222-F223-F224-F225-F226-F227-F228-F229-F230-F231-F232-F233-F234-F235-F236-F237-F238-F239-F240-F241-F242-F243-F244-F245-F246-F247-F248-F249-F250-F251-F252-F253-F254-F255-F256-F257-F258-F259-F260-F261-F262-F263-F264-F265-F266-F267-F268-F269-F270-F271-F272-F273-F274-F275-F276-F277-F278-F279-F280-F281-F282-F283-F284-F285-F286-F287-F288-F289-F290-F291-F292-F293-F294-F295-F296-F297-F298-F299-F300-F301-F302-F303-F304-F305-F306-F307-F308-F309-F310-F311-F312-F313-F314-F315-F316-F317-F318-F319-F320-F321-F322-F323-F324-F325-F326-F327-F328-F329-F330-F331-F332-F333-F334-F335-F336-F337-F338-F339-F340-F341-F342-F343-F344-F345-F346-F347-F348-F349-F350-F351-F352-F353-F354-F355-F356-F357-F358-F359-F360-F361-F362-F363-F364-F365-F366-F367-F368-F369-F370-F371-F372-F373-F374-F375-F376-F377-F378-F379-F380-F381-F382-F383-F384-F385-F386-F387-F388-F389-F390-F391-F392-F393-F394-F395-F396-F397-F398-F399-F400-F401-F402-F403-F404-F405-F406-F407-F408-F409-F410-F411-F412-F413-F414-F415-F416-F417-F418-F419-F420-F421-F422-F423-F424-F425-F426-F427-F428-F429-F430-F431-F432-F433-F434-F435-F436-F437-F438-F439-F440-F441-F442-F443-F444-F445-F446-F447-F448-F449-F450-F451-F452-F453-F454-F455-F456-F457-F458-F459-F460-F461-F462-F463-F464-F465-F466-F467-F468-F469-F470-F471-F472-F473-F474-F475-F476-F477-F478-F479-F480-F481-F482-F483-F484-F485-F486-F487-F488-F489-F490-F491-F492-F493-F494-F495-F496-F497-F498-F499-F500-E501509-F510-F512

## Summary

Number of input bits: 512  
Number of free input bits: 9  
Number of output bits: 160

Number of direct occurrences: 36652  
Number of assignments: 30896  
Number of operations: 10928057
(xor: 10899271,
and: 15653,
or: 13133)

Total complexity: 3.8703588529667007 × 10^298

Least occurring input variable: iv_502 (3881)  
Most occurring input variable: iv_501 (4364)

Most co-occurring input variables: iv_501-iv_511 (2046)  
Least co-occurring input variables: iv_502-iv_504 (1790)

Potentially most occurring input variable: iv_501/iv_503 (4597)  
Potentially least occurring input variable: iv_504/iv_505 (3990)

Least output occurring input variable: iv_503 (72)  
Most output occurring input variable: iv_506 (82)

Most output co-occurring input variables: iv_502-iv_511 (45)  
Least output co-occurring input variables: iv_501-iv_503 (28)

Potentially most output occurring input variable: iv_506/iv_511 (90)  
Potentially least output occurring input variable: iv_505/iv_508 (66)

Least complex input bit: iv_511 (5.272052094624189 × 10^294)  
Most complex input bit: iv_501 (7.759602869567606 × 10^297)

Least complex output bit: aaa_76_29 (5.544715164187833 × 10^273)  
Most complex output bit: ov_001 (6.163197003786842 × 10^297)

Least complex input/output complexity: iv_511/aaa_76_29 (7.552795052335797 × 10^269)  
Most complex input/output complexity:  (1.2356466925447198 × 10^297)

## Input Bits

### Input Bits in Regular Order

| Input Bit | Complexity | Occurrences | Output Occurrences |
|:---------:|:----------:|:-----------:|:------------------:|
| iv_501 | 7.759602869567606 × 10^297 | 4364 | 72 |
| iv_502 | 1.554381177637966 × 10^297 | 3881 | 82 |
| iv_503 | 2.6548256845570728 × 10^297 | 4025 | 72 |
| iv_504 | 4.329618037741833 × 10^297 | 3902 | 78 |
| iv_505 | 6.81726305830799 × 10^297 | 4058 | 72 |
| iv_506 | 3.6129411281964933 × 10^297 | 3939 | 82 |
| iv_507 | 5.1547961731405195 × 10^297 | 4153 | 76 |
| iv_508 | 6.814888348422941 × 10^297 | 4101 | 74 |
| iv_511 | 5.272052094624189 × 10^294 | 4229 | 80 |

### Input Bits Sorted by Complexity

| Input Bit | Complexity | Occurrences | Output Occurrences |
|:---------:|:----------:|:-----------:|:------------------:|
| iv_511 | 5.272052094624189 × 10^294 | 4229 | 80 |
| iv_502 | 1.554381177637966 × 10^297 | 3881 | 82 |
| iv_503 | 2.6548256845570728 × 10^297 | 4025 | 72 |
| iv_506 | 3.6129411281964933 × 10^297 | 3939 | 82 |
| iv_504 | 4.329618037741833 × 10^297 | 3902 | 78 |
| iv_507 | 5.1547961731405195 × 10^297 | 4153 | 76 |
| iv_508 | 6.814888348422941 × 10^297 | 4101 | 74 |
| iv_505 | 6.81726305830799 × 10^297 | 4058 | 72 |
| iv_501 | 7.759602869567606 × 10^297 | 4364 | 72 |

### Input Bits Sorted by Occurrences

| Input Bit | Complexity | Occurrences | Output Occurrences |
|:---------:|:----------:|:-----------:|:------------------:|
| iv_502 | 1.554381177637966 × 10^297 | 3881 | 82 |
| iv_504 | 4.329618037741833 × 10^297 | 3902 | 78 |
| iv_506 | 3.6129411281964933 × 10^297 | 3939 | 82 |
| iv_503 | 2.6548256845570728 × 10^297 | 4025 | 72 |
| iv_505 | 6.81726305830799 × 10^297 | 4058 | 72 |
| iv_508 | 6.814888348422941 × 10^297 | 4101 | 74 |
| iv_507 | 5.1547961731405195 × 10^297 | 4153 | 76 |
| iv_511 | 5.272052094624189 × 10^294 | 4229 | 80 |
| iv_501 | 7.759602869567606 × 10^297 | 4364 | 72 |

### Input Bits Sorted by Output Occurrences

| Input Bit | Complexity | Occurrences | Output Occurrences |
|:---------:|:----------:|:-----------:|:------------------:|
| iv_503 | 2.6548256845570728 × 10^297 | 4025 | 72 |
| iv_501 | 7.759602869567606 × 10^297 | 4364 | 72 |
| iv_505 | 6.81726305830799 × 10^297 | 4058 | 72 |
| iv_508 | 6.814888348422941 × 10^297 | 4101 | 74 |
| iv_507 | 5.1547961731405195 × 10^297 | 4153 | 76 |
| iv_504 | 4.329618037741833 × 10^297 | 3902 | 78 |
| iv_511 | 5.272052094624189 × 10^294 | 4229 | 80 |
| iv_502 | 1.554381177637966 × 10^297 | 3881 | 82 |
| iv_506 | 3.6129411281964933 × 10^297 | 3939 | 82 |

## Input Bit Co-occurrences

### Input Bit Co-occurrences Sorted by Co-occurrences

| Input Bits | Co-occurrences | Potential Occurrences | Output Co-occurrences | Potential Output Occurrences |
|:----------:|:--------------:|:---------------------:|:---------------------:|:----------------------------:|
| iv_501-iv_511 | 2046 | 4501 | 38 | 76 |
| iv_501-iv_507 | 2045 | 4427 | 36 | 76 |
| iv_505-iv_507 | 2032 | 4147 | 31 | 86 |
| iv_503-iv_511 | 2013 | 4228 | 35 | 82 |
| iv_501-iv_508 | 2011 | 4443 | 32 | 82 |
| iv_507-iv_511 | 1995 | 4392 | 39 | 78 |
| iv_504-iv_505 | 1985 | 3990 | 39 | 72 |
| iv_506-iv_507 | 1981 | 4130 | 39 | 80 |
| iv_505-iv_511 | 1980 | 4327 | 36 | 80 |

### Input Bit Co-occurrences Sorted by Potential Occurrences

| Input Bits | Co-occurrences | Potential Occurrences | Output Co-occurrences | Potential Output Occurrences |
|:----------:|:--------------:|:---------------------:|:---------------------:|:----------------------------:|
| iv_504-iv_505 | 1985 | 3990 | 39 | 72 |
| iv_502-iv_505 | 1911 | 4117 | 37 | 80 |
| iv_506-iv_507 | 1981 | 4130 | 39 | 80 |
| iv_504-iv_506 | 1855 | 4131 | 42 | 76 |
| iv_505-iv_507 | 2032 | 4147 | 31 | 86 |
| iv_503-iv_506 | 1902 | 4160 | 39 | 76 |
| iv_502-iv_504 | 1790 | 4203 | 42 | 76 |
| iv_502-iv_506 | 1803 | 4214 | 44 | 76 |
| iv_504-iv_508 | 1891 | 4221 | 40 | 72 |

### Input Bit Output Co-occurrences Sorted by Output Co-occurrences

| Input Bits | Co-occurrences | Potential Occurrences | Output Co-occurrences | Potential Output Occurrences |
|:----------:|:--------------:|:---------------------:|:---------------------:|:----------------------------:|
| iv_502-iv_511 | 1905 | 4300 | 45 | 72 |
| iv_502-iv_506 | 1803 | 4214 | 44 | 76 |
| iv_502-iv_504 | 1790 | 4203 | 42 | 76 |
| iv_502-iv_507 | 1885 | 4264 | 42 | 74 |
| iv_504-iv_506 | 1855 | 4131 | 42 | 76 |
| iv_504-iv_508 | 1891 | 4221 | 40 | 72 |
| iv_504-iv_511 | 1905 | 4321 | 40 | 78 |
| iv_505-iv_508 | 1964 | 4231 | 40 | 66 |
| iv_508-iv_511 | 1938 | 4454 | 40 | 74 |

### Input Bit Output Co-occurrences Sorted by Potential Output Occurrences

| Input Bits | Co-occurrences | Potential Occurrences | Output Co-occurrences | Potential Output Occurrences |
|:----------:|:--------------:|:---------------------:|:---------------------:|:----------------------------:|
| iv_505-iv_508 | 1964 | 4231 | 40 | 66 |
| iv_504-iv_508 | 1891 | 4221 | 40 | 72 |
| iv_502-iv_511 | 1905 | 4300 | 45 | 72 |
| iv_504-iv_505 | 1985 | 3990 | 39 | 72 |
| iv_502-iv_507 | 1885 | 4264 | 42 | 74 |
| iv_508-iv_511 | 1938 | 4454 | 40 | 74 |
| iv_502-iv_504 | 1790 | 4203 | 42 | 76 |
| iv_501-iv_507 | 2045 | 4427 | 36 | 76 |
| iv_501-iv_511 | 2046 | 4501 | 38 | 76 |

## Output Bits

### Output Bits in Regular Order

| Rank | Output Bit | Complexity |
|:----:|:----------:|:----------:|
| 1 | ov_001 | 6.163197003786842 × 10^297 |
| 2 | ov_002 | 5.352587275475752 × 10^297 |
| 3 | ov_003 | 4.6231411222954736 × 10^297 |
| 4 | ov_004 | 3.971578004484082 × 10^297 |
| 5 | ov_005 | 3.391871847223839 × 10^297 |
| 6 | ov_006 | 2.8783240668484922 × 10^297 |
| 7 | ov_007 | 2.4255418281660903 × 10^297 |
| 8 | ov_008 | 2.0284190659735962 × 10^297 |
| 9 | ov_009 | 1.6821200306180796 × 10^297 |
| 10 | ov_010 | 1.3820651469779308 × 10^297 |
| 11 | ov_011 | 1.1239190220999431 × 10^297 |
| 12 | ov_012 | 9.035804488551476 × 10^296 |
| 13 | ov_013 | 7.171742176100419 × 10^296 |
| 14 | ov_014 | 5.6104451530035105 × 10^296 |
| 15 | ov_015 | 4.3174969098990875 × 10^296 |
| 16 | ov_016 | 3.260581823189142 × 10^296 |
| 17 | ov_017 | 2.4094541249084195 × 10^296 |
| 18 | ov_018 | 1.7359148264348132 × 10^296 |
| 19 | ov_019 | 1.2137949961644713 × 10^296 |
| 20 | ov_020 | 8.189439427762627 × 10^295 |
| 21 | ov_021 | 5.292210692586295 × 10^295 |
| 22 | ov_022 | 3.2449043850670874 × 10^295 |
| 23 | ov_023 | 1.8661728584514253 × 10^295 |
| 24 | ov_024 | 9.946586108333376 × 10^294 |
| 25 | ov_025 | 4.889816372859193 × 10^294 |
| 26 | ov_026 | 2.277326331092391 × 10^294 |
| 27 | ov_027 | 1.09469717723576 × 10^294 |
| 28 | ov_028 | 5.27170609753061 × 10^293 |
| 29 | ov_029 | 2.1728167652424443 × 10^293 |
| 30 | ov_030 | 7.192143256721901 × 10^292 |
| 31 | ov_031 | 1.7425396454411283 × 10^292 |
| 32 | lv_80_k31 | 4.220925468374001 × 10^291 |
| 33 | ov_033 | 5.141150714230467 × 10^292 |
| 34 | ov_034 | 4.4693376326809296 × 10^292 |
| 35 | ov_035 | 3.8685213931116257 × 10^292 |
| 36 | ov_036 | 3.3327830878157835 × 10^292 |
| 37 | ov_037 | 2.8565210829940436 × 10^292 |
| 38 | ov_038 | 2.434428536119978 × 10^292 |
| 39 | ov_039 | 2.061474007555779 × 10^292 |
| 40 | ov_040 | 1.7328848638347317 × 10^292 |
| 41 | ov_041 | 1.44413318850161 × 10^292 |
| 42 | ov_042 | 1.1909239339146156 × 10^292 |
| 43 | ov_043 | 9.711664444269844 × 10^291 |
| 44 | ov_044 | 7.810035955451802 × 10^291 |
| 45 | ov_045 | 6.185596431249604 × 10^291 |
| 46 | ov_046 | 4.8206155647986875 × 10^291 |
| 47 | ov_047 | 3.6983671360864654 × 10^291 |
| 48 | ov_048 | 2.7883442617221595 × 10^291 |
| 49 | ov_049 | 2.0619762337285676 × 10^291 |
| 50 | ov_050 | 1.4926120200294707 × 10^291 |
| 51 | ov_051 | 1.055508983197191 × 10^291 |
| 52 | ov_052 | 7.278255892822037 × 10^290 |
| 53 | ov_053 | 4.886170072619244 × 10^290 |
| 54 | ov_054 | 3.188326276269998 × 10^290 |
| 55 | ov_055 | 2.013146929850057 × 10^290 |
| 56 | ov_056 | 1.2079749232345362 × 10^290 |
| 57 | ov_057 | 7.012110405163144 × 10^289 |
| 58 | ov_058 | 3.780259282878903 × 10^289 |
| 59 | ov_059 | 1.8573272098241847 × 10^289 |
| 60 | ov_060 | 8.109962630955149 × 10^288 |
| 61 | ov_061 | 3.034969859988057 × 10^288 |
| 62 | ov_062 | 9.16076576131293 × 10^287 |
| 63 | ov_063 | 2.0245771128028538 × 10^287 |
| 64 | lv_79_m31 | 3.9414929097972028 × 10^286 |
| 65 | ov_065 | 4.647421275614298 × 10^287 |
| 66 | ov_066 | 4.647409946034093 × 10^287 |
| 67 | ov_067 | 4.6474062740674256 × 10^287 |
| 68 | ov_068 | 4.006573052621046 × 10^287 |
| 69 | ov_069 | 3.435589235887753 × 10^287 |
| 70 | ov_070 | 2.928773194774103 × 10^287 |
| 71 | ov_071 | 2.4807932472700924 × 10^287 |
| 72 | ov_072 | 2.0866439558090623 × 10^287 |
| 73 | ov_073 | 1.7416245118253636 × 10^287 |
| 74 | ov_074 | 1.4413190986806463 × 10^287 |
| 75 | ov_075 | 1.1815791281747112 × 10^287 |
| 76 | ov_076 | 9.585072491401205 × 10^286 |
| 77 | ov_077 | 7.684430292408153 × 10^286 |
| 78 | ov_078 | 6.079502131468611 × 10^286 |
| 79 | ov_079 | 4.738054618268274 × 10^286 |
| 80 | ov_080 | 3.629884788663445 × 10^286 |
| 81 | ov_081 | 2.7267343055991024 × 10^286 |
| 82 | ov_082 | 2.0022156710046478 × 10^286 |
| 83 | ov_083 | 1.4317495256864913 × 10^286 |
| 84 | ov_084 | 9.925121165573779 × 10^285 |
| 85 | ov_085 | 6.633920118883543 × 10^285 |
| 86 | ov_086 | 4.249551460304965 × 10^285 |
| 87 | ov_087 | 2.594172754992994 × 10^285 |
| 88 | ov_088 | 1.5062292859132787 × 10^285 |
| 89 | ov_089 | 8.402993087548778 × 10^284 |
| 90 | ov_090 | 4.6698589004085005 × 10^284 |
| 91 | ov_091 | 2.7284615347145785 × 10^284 |
| 92 | ov_092 | 1.6034883721666103 × 10^284 |
| 93 | ov_093 | 8.470239620568395 × 10^283 |
| 94 | ov_094 | 3.7969222236097394 × 10^283 |
| 95 | aaa_78_28 | 1.2212680467720857 × 10^283 |
| 96 | aaa_78_29 | 4.6276720208531037 × 10^282 |
| 97 | ov_097 | 5.0420598713847026 × 10^282 |
| 98 | ov_098 | 5.041909037483566 × 10^282 |
| 99 | ov_099 | 5.041860901580457 × 10^282 |
| 100 | ov_100 | 4.5382443075981104 × 10^282 |
| 101 | ov_101 | 4.0716077221750157 × 10^282 |
| 102 | ov_102 | 3.639939140617218 × 10^282 |
| 103 | ov_103 | 3.241374454793088 × 10^282 |
| 104 | ov_104 | 2.874177787671386 × 10^282 |
| 105 | ov_105 | 2.5367236430976298 × 10^282 |
| 106 | ov_106 | 2.2274807751994915 × 10^282 |
| 107 | ov_107 | 1.9449976855682333 × 10^282 |
| 108 | ov_108 | 1.687889659425581 × 10^282 |
| 109 | ov_109 | 1.4548272544451528 × 10^282 |
| 110 | ov_110 | 1.2445261578362344 × 10^282 |
| 111 | ov_111 | 1.0557383287889756 × 10^282 |
| 112 | ov_112 | 8.87244344500219 × 10^281 |
| 113 | ov_113 | 7.37846868816342 × 10^281 |
| 114 | ov_114 | 6.0636516310215925 × 10^281 |
| 115 | ov_115 | 4.916305593279245 × 10^281 |
| 116 | ov_116 | 3.924828156088327 × 10^281 |
| 117 | ov_117 | 3.077672745761607 × 10^281 |
| 118 | ov_118 | 2.3633274504154382 × 10^281 |
| 119 | ov_119 | 1.770300274616605 × 10^281 |
| 120 | ov_120 | 1.2871100373610454 × 10^281 |
| 121 | ov_121 | 9.022816617220636 × 10^280 |
| 122 | ov_122 | 6.043438889150662 × 10^280 |
| 123 | ov_123 | 3.8182784675818353 × 10^280 |
| 124 | ov_124 | 2.232660088562609 × 10^280 |
| 125 | ov_125 | 1.1719151245221071 × 10^280 |
| 126 | ov_126 | 5.213776665604473 × 10^279 |
| 127 | aaa_77_28 | 1.6638267324166697 × 10^279 |
| 128 | aaa_77_29 | 6.231767735317905 × 10^278 |
| 129 | ov_129 | 5.678512573277937 × 10^278 |
| 130 | ov_130 | 5.678499102112169 × 10^278 |
| 131 | ov_131 | 5.678494782488742 × 10^278 |
| 132 | ov_132 | 4.9050272272682765 × 10^278 |
| 133 | ov_133 | 4.213684631843011 × 10^278 |
| 134 | ov_134 | 3.598175829358385 × 10^278 |
| 135 | ov_135 | 3.0525548802712275 × 10^278 |
| 136 | ov_136 | 2.571195849147132 × 10^278 |
| 137 | ov_137 | 2.148770948152515 × 10^278 |
| 138 | ov_138 | 1.7802317525466124 × 10^278 |
| 139 | ov_139 | 1.4607931890908575 × 10^278 |
| 140 | ov_140 | 1.18592001412196 × 10^278 |
| 141 | ov_141 | 9.513155134373075 × 10^277 |
| 142 | ov_142 | 7.5291217121404895 × 10^277 |
| 143 | ov_143 | 5.868640700078197 × 10^277 |
| 144 | ov_144 | 4.495407985206479 × 10^277 |
| 145 | ov_145 | 3.3752265834402367 × 10^277 |
| 146 | ov_146 | 2.4759697531411066 × 10^277 |
| 147 | ov_147 | 1.7675533549231753 × 10^277 |
| 148 | ov_148 | 1.22191580126915 × 10^277 |
| 149 | ov_149 | 8.130040827293769 × 10^276 |
| 150 | ov_150 | 5.1676450056155 × 10^276 |
| 151 | ov_151 | 3.1113687867429484 × 10^276 |
| 152 | ov_152 | 1.7605117069182253 × 10^276 |
| 153 | ov_153 | 9.342556184362821 × 10^275 |
| 154 | ov_154 | 4.716542225222188 × 10^275 |
| 155 | ov_155 | 2.316271899498277 × 10^275 |
| 156 | aaa_76_25 | 9.295695602521863 × 10^274 |
| 157 | aaa_76_26 | 5.717356206380375 × 10^274 |
| 158 | aaa_76_27 | 3.1319999277269406 × 10^274 |
| 159 | aaa_76_28 | 1.4743425056468546 × 10^274 |
| 160 | aaa_76_29 | 5.544715164187833 × 10^273 |

### Output Bits Sorted by Complexity

| Rank | Output Bit | Complexity |
|:----:|:----------:|:----------:|
| 160 | aaa_76_29 | 5.544715164187833 × 10^273 |
| 159 | aaa_76_28 | 1.4743425056468546 × 10^274 |
| 158 | aaa_76_27 | 3.1319999277269406 × 10^274 |
| 157 | aaa_76_26 | 5.717356206380375 × 10^274 |
| 156 | aaa_76_25 | 9.295695602521863 × 10^274 |
| 155 | ov_155 | 2.316271899498277 × 10^275 |
| 154 | ov_154 | 4.716542225222188 × 10^275 |
| 153 | ov_153 | 9.342556184362821 × 10^275 |
| 152 | ov_152 | 1.7605117069182253 × 10^276 |
| 151 | ov_151 | 3.1113687867429484 × 10^276 |
| 150 | ov_150 | 5.1676450056155 × 10^276 |
| 149 | ov_149 | 8.130040827293769 × 10^276 |
| 148 | ov_148 | 1.22191580126915 × 10^277 |
| 147 | ov_147 | 1.7675533549231753 × 10^277 |
| 146 | ov_146 | 2.4759697531411066 × 10^277 |
| 145 | ov_145 | 3.3752265834402367 × 10^277 |
| 144 | ov_144 | 4.495407985206479 × 10^277 |
| 143 | ov_143 | 5.868640700078197 × 10^277 |
| 142 | ov_142 | 7.5291217121404895 × 10^277 |
| 141 | ov_141 | 9.513155134373075 × 10^277 |
| 140 | ov_140 | 1.18592001412196 × 10^278 |
| 139 | ov_139 | 1.4607931890908575 × 10^278 |
| 138 | ov_138 | 1.7802317525466124 × 10^278 |
| 137 | ov_137 | 2.148770948152515 × 10^278 |
| 136 | ov_136 | 2.571195849147132 × 10^278 |
| 135 | ov_135 | 3.0525548802712275 × 10^278 |
| 134 | ov_134 | 3.598175829358385 × 10^278 |
| 133 | ov_133 | 4.213684631843011 × 10^278 |
| 132 | ov_132 | 4.9050272272682765 × 10^278 |
| 131 | ov_131 | 5.678494782488742 × 10^278 |
| 130 | ov_130 | 5.678499102112169 × 10^278 |
| 129 | ov_129 | 5.678512573277937 × 10^278 |
| 128 | aaa_77_29 | 6.231767735317905 × 10^278 |
| 127 | aaa_77_28 | 1.6638267324166697 × 10^279 |
| 126 | ov_126 | 5.213776665604473 × 10^279 |
| 125 | ov_125 | 1.1719151245221071 × 10^280 |
| 124 | ov_124 | 2.232660088562609 × 10^280 |
| 123 | ov_123 | 3.8182784675818353 × 10^280 |
| 122 | ov_122 | 6.043438889150662 × 10^280 |
| 121 | ov_121 | 9.022816617220636 × 10^280 |
| 120 | ov_120 | 1.2871100373610454 × 10^281 |
| 119 | ov_119 | 1.770300274616605 × 10^281 |
| 118 | ov_118 | 2.3633274504154382 × 10^281 |
| 117 | ov_117 | 3.077672745761607 × 10^281 |
| 116 | ov_116 | 3.924828156088327 × 10^281 |
| 115 | ov_115 | 4.916305593279245 × 10^281 |
| 114 | ov_114 | 6.0636516310215925 × 10^281 |
| 113 | ov_113 | 7.37846868816342 × 10^281 |
| 112 | ov_112 | 8.87244344500219 × 10^281 |
| 111 | ov_111 | 1.0557383287889756 × 10^282 |
| 110 | ov_110 | 1.2445261578362344 × 10^282 |
| 109 | ov_109 | 1.4548272544451528 × 10^282 |
| 108 | ov_108 | 1.687889659425581 × 10^282 |
| 107 | ov_107 | 1.9449976855682333 × 10^282 |
| 106 | ov_106 | 2.2274807751994915 × 10^282 |
| 105 | ov_105 | 2.5367236430976298 × 10^282 |
| 104 | ov_104 | 2.874177787671386 × 10^282 |
| 103 | ov_103 | 3.241374454793088 × 10^282 |
| 102 | ov_102 | 3.639939140617218 × 10^282 |
| 101 | ov_101 | 4.0716077221750157 × 10^282 |
| 100 | ov_100 | 4.5382443075981104 × 10^282 |
| 96 | aaa_78_29 | 4.6276720208531037 × 10^282 |
| 99 | ov_099 | 5.041860901580457 × 10^282 |
| 98 | ov_098 | 5.041909037483566 × 10^282 |
| 97 | ov_097 | 5.0420598713847026 × 10^282 |
| 95 | aaa_78_28 | 1.2212680467720857 × 10^283 |
| 94 | ov_094 | 3.7969222236097394 × 10^283 |
| 93 | ov_093 | 8.470239620568395 × 10^283 |
| 92 | ov_092 | 1.6034883721666103 × 10^284 |
| 91 | ov_091 | 2.7284615347145785 × 10^284 |
| 90 | ov_090 | 4.6698589004085005 × 10^284 |
| 89 | ov_089 | 8.402993087548778 × 10^284 |
| 88 | ov_088 | 1.5062292859132787 × 10^285 |
| 87 | ov_087 | 2.594172754992994 × 10^285 |
| 86 | ov_086 | 4.249551460304965 × 10^285 |
| 85 | ov_085 | 6.633920118883543 × 10^285 |
| 84 | ov_084 | 9.925121165573779 × 10^285 |
| 83 | ov_083 | 1.4317495256864913 × 10^286 |
| 82 | ov_082 | 2.0022156710046478 × 10^286 |
| 81 | ov_081 | 2.7267343055991024 × 10^286 |
| 80 | ov_080 | 3.629884788663445 × 10^286 |
| 64 | lv_79_m31 | 3.9414929097972028 × 10^286 |
| 79 | ov_079 | 4.738054618268274 × 10^286 |
| 78 | ov_078 | 6.079502131468611 × 10^286 |
| 77 | ov_077 | 7.684430292408153 × 10^286 |
| 76 | ov_076 | 9.585072491401205 × 10^286 |
| 75 | ov_075 | 1.1815791281747112 × 10^287 |
| 74 | ov_074 | 1.4413190986806463 × 10^287 |
| 73 | ov_073 | 1.7416245118253636 × 10^287 |
| 63 | ov_063 | 2.0245771128028538 × 10^287 |
| 72 | ov_072 | 2.0866439558090623 × 10^287 |
| 71 | ov_071 | 2.4807932472700924 × 10^287 |
| 70 | ov_070 | 2.928773194774103 × 10^287 |
| 69 | ov_069 | 3.435589235887753 × 10^287 |
| 68 | ov_068 | 4.006573052621046 × 10^287 |
| 67 | ov_067 | 4.6474062740674256 × 10^287 |
| 66 | ov_066 | 4.647409946034093 × 10^287 |
| 65 | ov_065 | 4.647421275614298 × 10^287 |
| 62 | ov_062 | 9.16076576131293 × 10^287 |
| 61 | ov_061 | 3.034969859988057 × 10^288 |
| 60 | ov_060 | 8.109962630955149 × 10^288 |
| 59 | ov_059 | 1.8573272098241847 × 10^289 |
| 58 | ov_058 | 3.780259282878903 × 10^289 |
| 57 | ov_057 | 7.012110405163144 × 10^289 |
| 56 | ov_056 | 1.2079749232345362 × 10^290 |
| 55 | ov_055 | 2.013146929850057 × 10^290 |
| 54 | ov_054 | 3.188326276269998 × 10^290 |
| 53 | ov_053 | 4.886170072619244 × 10^290 |
| 52 | ov_052 | 7.278255892822037 × 10^290 |
| 51 | ov_051 | 1.055508983197191 × 10^291 |
| 50 | ov_050 | 1.4926120200294707 × 10^291 |
| 49 | ov_049 | 2.0619762337285676 × 10^291 |
| 48 | ov_048 | 2.7883442617221595 × 10^291 |
| 47 | ov_047 | 3.6983671360864654 × 10^291 |
| 32 | lv_80_k31 | 4.220925468374001 × 10^291 |
| 46 | ov_046 | 4.8206155647986875 × 10^291 |
| 45 | ov_045 | 6.185596431249604 × 10^291 |
| 44 | ov_044 | 7.810035955451802 × 10^291 |
| 43 | ov_043 | 9.711664444269844 × 10^291 |
| 42 | ov_042 | 1.1909239339146156 × 10^292 |
| 41 | ov_041 | 1.44413318850161 × 10^292 |
| 40 | ov_040 | 1.7328848638347317 × 10^292 |
| 31 | ov_031 | 1.7425396454411283 × 10^292 |
| 39 | ov_039 | 2.061474007555779 × 10^292 |
| 38 | ov_038 | 2.434428536119978 × 10^292 |
| 37 | ov_037 | 2.8565210829940436 × 10^292 |
| 36 | ov_036 | 3.3327830878157835 × 10^292 |
| 35 | ov_035 | 3.8685213931116257 × 10^292 |
| 34 | ov_034 | 4.4693376326809296 × 10^292 |
| 33 | ov_033 | 5.141150714230467 × 10^292 |
| 30 | ov_030 | 7.192143256721901 × 10^292 |
| 29 | ov_029 | 2.1728167652424443 × 10^293 |
| 28 | ov_028 | 5.27170609753061 × 10^293 |
| 27 | ov_027 | 1.09469717723576 × 10^294 |
| 26 | ov_026 | 2.277326331092391 × 10^294 |
| 25 | ov_025 | 4.889816372859193 × 10^294 |
| 24 | ov_024 | 9.946586108333376 × 10^294 |
| 23 | ov_023 | 1.8661728584514253 × 10^295 |
| 22 | ov_022 | 3.2449043850670874 × 10^295 |
| 21 | ov_021 | 5.292210692586295 × 10^295 |
| 20 | ov_020 | 8.189439427762627 × 10^295 |
| 19 | ov_019 | 1.2137949961644713 × 10^296 |
| 18 | ov_018 | 1.7359148264348132 × 10^296 |
| 17 | ov_017 | 2.4094541249084195 × 10^296 |
| 16 | ov_016 | 3.260581823189142 × 10^296 |
| 15 | ov_015 | 4.3174969098990875 × 10^296 |
| 14 | ov_014 | 5.6104451530035105 × 10^296 |
| 13 | ov_013 | 7.171742176100419 × 10^296 |
| 12 | ov_012 | 9.035804488551476 × 10^296 |
| 11 | ov_011 | 1.1239190220999431 × 10^297 |
| 10 | ov_010 | 1.3820651469779308 × 10^297 |
| 9 | ov_009 | 1.6821200306180796 × 10^297 |
| 8 | ov_008 | 2.0284190659735962 × 10^297 |
| 7 | ov_007 | 2.4255418281660903 × 10^297 |
| 6 | ov_006 | 2.8783240668484922 × 10^297 |
| 5 | ov_005 | 3.391871847223839 × 10^297 |
| 4 | ov_004 | 3.971578004484082 × 10^297 |
| 3 | ov_003 | 4.6231411222954736 × 10^297 |
| 2 | ov_002 | 5.352587275475752 × 10^297 |
| 1 | ov_001 | 6.163197003786842 × 10^297 |

