# Results for F001-F002-F003-F004-F005-F006-F007-F008-F009-F010-F011-F012-F013-F014-F015-F016-F017-F018-F019-F020-F021-F022-F023-F024-F025-F026-F027-F028-F029-F030-F031-F032-F033-F034-F035-F036-F037-F038-F039-F040-F041-F042-F043-F044-F045-F046-F047-F048-F049-F050-F051-F052-F053-F054-F055-F056-F057-F058-F059-F060-F061-F062-F063-F064-F065-F066-F067-F068-F069-F070-F071-F072-F073-F074-F075-F076-F077-F078-F079-F080-F081-F082-F083-F084-F085-F086-F087-F088-F089-F090-F091-F092-F093-F094-F095-F096-F097-F098-F099-F100-F101-F102-F103-F104-F105-F106-F107-F108-F109-F110-F111-F112-F113-F114-F115-F116-F117-F118-F119-F120-F121-F122-F123-F124-F125-F126-F127-F128-F129-F130-F131-F132-F133-F134-F135-F136-F137-F138-F139-F140-F141-F142-F143-F144-F145-F146-F147-F148-F149-F150-F151-F152-F153-F154-F155-F156-F157-F158-F159-F160-F161-F162-F163-F164-F165-F166-F167-F168-F169-F170-F171-F172-F173-F174-F175-F176-F177-F178-F179-F180-F181-F182-F183-F184-F185-F186-F187-F188-F189-F190-F191-F192-F193-F194-F195-F196-F197-F198-F199-F200-F201-F202-F203-F204-F205-F206-F207-F208-F209-F210-F211-F212-F213-F214-F215-F216-F217-F218-F219-F220-F221-F222-F223-F224-F225-F226-F227-F228-F229-F230-F231-F232-F233-F234-F235-F236-F237-F238-F239-F240-F241-F242-F243-F244-F245-F246-F247-F248-F249-F250-F251-F252-F253-F254-F255-F256-F257-F258-F259-F260-F261-F262-F263-F264-F265-F266-F267-F268-F269-F270-F271-F272-F273-F274-F275-F276-F277-F278-F279-F280-F281-F282-F283-F284-F285-F286-F287-F288-F289-F290-F291-F292-F293-F294-F295-F296-F297-F298-F299-F300-F301-F302-F303-F304-F305-F306-F307-F308-F309-F310-F311-F312-F313-F314-F315-F316-F317-F318-F319-F320-F321-F322-F323-F324-F325-F326-F327-F328-F329-F330-F331-F332-F333-F334-F335-F336-F337-F338-F339-F340-F341-F342-F343-F344-F345-F346-F347-F348-F349-F350-F351-F352-F353-F354-F355-F356-F357-F358-F359-F360-F361-F362-F363-F364-F365-F366-F367-F368-F369-F370-F371-F372-F373-F374-F375-F376-F377-F378-F379-F380-F381-F382-F383-F384-F385-F386-F387-F388-F389-F390-F391-F392-F393-F394-F395-F396-F397-F398-F399-F400-F401-F402-F403-F404-F405-F406-F407-F408-F409-F410-F411-F412-F413-F414-F415-F416-F417-F418-F419-F420-F421-F422-F423-F424-F425-F426-F427-F428-F429-F430-F431-F432-F433-F434-F435-F436-F437-F438-F439-F440-F441-F442-F443-F444-F445-F446-F447-F448-F449-F450-F451-F452-F453-F454-F455-F456-F457-F458-F459-F460-F461-F462-F463-F464-F465-F466-F467-F468-F469-F470-F471-F472-F473-F474-F475-F476-F477-F478-F479-F480-F481-F482-F483-F484-F485-F486-F487-F488-F489-F490-F491-F492-F493-F494-F495-F496-O500505-O501504-F508-F509-F510-F511-F512

## Summary

Number of input bits: 512  
Number of free input bits: 9  
Number of output bits: 160

Number of direct occurrences: 36103  
Number of assignments: 30879  
Number of operations: 10893092
(xor: 10865146,
and: 14751,
or: 13195)

Total complexity: 7.739066106749257 × 10^297

Least occurring input variable: iv_499 (3811)  
Most occurring input variable: iv_500 (4222)

Most co-occurring input variables: iv_501-iv_506 (1988)  
Least co-occurring input variables: iv_499-iv_502 (1699)

Potentially most occurring input variable: iv_500/iv_501 (4566)  
Potentially least occurring input variable: iv_497/iv_503 (4125)

Least output occurring input variable: iv_497 (72)  
Most output occurring input variable: iv_501 (84)

Most output co-occurring input variables: iv_498-iv_500 (44)  
Least output co-occurring input variables: iv_497-iv_498 (31)

Potentially most output occurring input variable: iv_501/iv_507 (88)  
Potentially least output occurring input variable: iv_498/iv_499 (68)

Least complex input bit: iv_497 (4.602894858105929 × 10^295)  
Most complex input bit: iv_500 (2.5154864930595134 × 10^297)

Least complex output bit: aaa_76_29 (5.097260132189925 × 10^272)  
Most complex output bit: ov_001 (1.248775070531598 × 10^297)

Least complex input/output complexity: iv_497/aaa_76_29 (3.0316516397791125 × 10^270)  
Most complex input/output complexity: iv_500/ov_001 (4.058986936488573 × 10^296)

## Input Bits

### Input Bits in Regular Order

| Input Bit | Complexity | Occurrences | Output Occurrences |
|:---------:|:----------:|:-----------:|:------------------:|
| iv_497 | 4.602894858105929 × 10^295 | 4059 | 72 |
| iv_498 | 9.182081757074154 × 10^295 | 3927 | 78 |
| iv_499 | 1.6146598971235627 × 10^296 | 3811 | 72 |
| iv_500 | 2.5154864930595134 × 10^297 | 4222 | 79 |
| iv_501 | 2.186137731760198 × 10^297 | 4122 | 84 |
| iv_502 | 7.113588779649839 × 10^296 | 3817 | 80 |
| iv_503 | 1.1237697006686167 × 10^297 | 4010 | 82 |
| iv_506 | 4.1642888035745375 × 10^296 | 4057 | 80 |
| iv_507 | 4.865686670743436 × 10^296 | 4078 | 74 |

### Input Bits Sorted by Complexity

| Input Bit | Complexity | Occurrences | Output Occurrences |
|:---------:|:----------:|:-----------:|:------------------:|
| iv_497 | 4.602894858105929 × 10^295 | 4059 | 72 |
| iv_498 | 9.182081757074154 × 10^295 | 3927 | 78 |
| iv_499 | 1.6146598971235627 × 10^296 | 3811 | 72 |
| iv_506 | 4.1642888035745375 × 10^296 | 4057 | 80 |
| iv_507 | 4.865686670743436 × 10^296 | 4078 | 74 |
| iv_502 | 7.113588779649839 × 10^296 | 3817 | 80 |
| iv_503 | 1.1237697006686167 × 10^297 | 4010 | 82 |
| iv_501 | 2.186137731760198 × 10^297 | 4122 | 84 |
| iv_500 | 2.5154864930595134 × 10^297 | 4222 | 79 |

### Input Bits Sorted by Occurrences

| Input Bit | Complexity | Occurrences | Output Occurrences |
|:---------:|:----------:|:-----------:|:------------------:|
| iv_499 | 1.6146598971235627 × 10^296 | 3811 | 72 |
| iv_502 | 7.113588779649839 × 10^296 | 3817 | 80 |
| iv_498 | 9.182081757074154 × 10^295 | 3927 | 78 |
| iv_503 | 1.1237697006686167 × 10^297 | 4010 | 82 |
| iv_506 | 4.1642888035745375 × 10^296 | 4057 | 80 |
| iv_497 | 4.602894858105929 × 10^295 | 4059 | 72 |
| iv_507 | 4.865686670743436 × 10^296 | 4078 | 74 |
| iv_501 | 2.186137731760198 × 10^297 | 4122 | 84 |
| iv_500 | 2.5154864930595134 × 10^297 | 4222 | 79 |

### Input Bits Sorted by Output Occurrences

| Input Bit | Complexity | Occurrences | Output Occurrences |
|:---------:|:----------:|:-----------:|:------------------:|
| iv_497 | 4.602894858105929 × 10^295 | 4059 | 72 |
| iv_499 | 1.6146598971235627 × 10^296 | 3811 | 72 |
| iv_507 | 4.865686670743436 × 10^296 | 4078 | 74 |
| iv_498 | 9.182081757074154 × 10^295 | 3927 | 78 |
| iv_500 | 2.5154864930595134 × 10^297 | 4222 | 79 |
| iv_502 | 7.113588779649839 × 10^296 | 3817 | 80 |
| iv_506 | 4.1642888035745375 × 10^296 | 4057 | 80 |
| iv_503 | 1.1237697006686167 × 10^297 | 4010 | 82 |
| iv_501 | 2.186137731760198 × 10^297 | 4122 | 84 |

## Input Bit Co-occurrences

### Input Bit Co-occurrences Sorted by Co-occurrences

| Input Bits | Co-occurrences | Potential Occurrences | Output Co-occurrences | Potential Output Occurrences |
|:----------:|:--------------:|:---------------------:|:---------------------:|:----------------------------:|
| iv_501-iv_506 | 1988 | 4203 | 38 | 88 |
| iv_497-iv_503 | 1972 | 4125 | 38 | 78 |
| iv_500-iv_507 | 1965 | 4370 | 40 | 73 |
| iv_500-iv_506 | 1961 | 4357 | 37 | 85 |
| iv_500-iv_503 | 1936 | 4360 | 41 | 79 |
| iv_497-iv_506 | 1934 | 4248 | 37 | 78 |
| iv_498-iv_500 | 1915 | 4319 | 44 | 69 |
| iv_506-iv_507 | 1913 | 4309 | 41 | 72 |
| iv_503-iv_507 | 1913 | 4262 | 38 | 80 |

### Input Bit Co-occurrences Sorted by Potential Occurrences

| Input Bits | Co-occurrences | Potential Occurrences | Output Co-occurrences | Potential Output Occurrences |
|:----------:|:--------------:|:---------------------:|:---------------------:|:----------------------------:|
| iv_497-iv_503 | 1972 | 4125 | 38 | 78 |
| iv_498-iv_499 | 1785 | 4168 | 41 | 68 |
| iv_502-iv_506 | 1847 | 4180 | 40 | 80 |
| iv_498-iv_506 | 1898 | 4188 | 43 | 72 |
| iv_502-iv_507 | 1853 | 4189 | 40 | 74 |
| iv_499-iv_507 | 1849 | 4191 | 36 | 74 |
| iv_501-iv_506 | 1988 | 4203 | 38 | 88 |
| iv_497-iv_499 | 1821 | 4228 | 34 | 76 |
| iv_499-iv_502 | 1699 | 4230 | 36 | 80 |

### Input Bit Output Co-occurrences Sorted by Output Co-occurrences

| Input Bits | Co-occurrences | Potential Occurrences | Output Co-occurrences | Potential Output Occurrences |
|:----------:|:--------------:|:---------------------:|:---------------------:|:----------------------------:|
| iv_498-iv_500 | 1915 | 4319 | 44 | 69 |
| iv_498-iv_506 | 1898 | 4188 | 43 | 72 |
| iv_500-iv_502 | 1823 | 4393 | 42 | 75 |
| iv_498-iv_499 | 1785 | 4168 | 41 | 68 |
| iv_503-iv_506 | 1881 | 4305 | 41 | 80 |
| iv_500-iv_501 | 1889 | 4566 | 41 | 81 |
| iv_500-iv_503 | 1936 | 4360 | 41 | 79 |
| iv_501-iv_502 | 1741 | 4457 | 41 | 82 |
| iv_501-iv_503 | 1899 | 4334 | 41 | 84 |

### Input Bit Output Co-occurrences Sorted by Potential Output Occurrences

| Input Bits | Co-occurrences | Potential Occurrences | Output Co-occurrences | Potential Output Occurrences |
|:----------:|:--------------:|:---------------------:|:---------------------:|:----------------------------:|
| iv_498-iv_499 | 1785 | 4168 | 41 | 68 |
| iv_498-iv_500 | 1915 | 4319 | 44 | 69 |
| iv_498-iv_506 | 1898 | 4188 | 43 | 72 |
| iv_506-iv_507 | 1913 | 4309 | 41 | 72 |
| iv_500-iv_507 | 1965 | 4370 | 40 | 73 |
| iv_497-iv_502 | 1818 | 4240 | 39 | 74 |
| iv_499-iv_507 | 1849 | 4191 | 36 | 74 |
| iv_502-iv_507 | 1853 | 4189 | 40 | 74 |
| iv_497-iv_507 | 1908 | 4321 | 36 | 74 |

## Output Bits

### Output Bits in Regular Order

| Rank | Output Bit | Complexity |
|:----:|:----------:|:----------:|
| 1 | ov_001 | 1.248775070531598 × 10^297 |
| 2 | ov_002 | 1.0813607672919217 × 10^297 |
| 3 | ov_003 | 9.315522646061117 × 10^296 |
| 4 | ov_004 | 7.980069234904926 × 10^296 |
| 5 | ov_005 | 6.79455323130246 × 10^296 |
| 6 | ov_006 | 5.746960019209546 × 10^296 |
| 7 | ov_007 | 4.825908835058083 × 10^296 |
| 8 | ov_008 | 4.0206134686091675 × 10^296 |
| 9 | ov_009 | 3.320848895487072 × 10^296 |
| 10 | ov_010 | 2.7169232391639652 × 10^296 |
| 11 | ov_011 | 2.1996544531572125 × 10^296 |
| 12 | ov_012 | 1.760351148927784 × 10^296 |
| 13 | ov_013 | 1.3907970290645162 × 10^296 |
| 14 | ov_014 | 1.0832384189528018 × 10^296 |
| 15 | ov_015 | 8.303744233779055 × 10^295 |
| 16 | ov_016 | 6.253492674970716 × 10^295 |
| 17 | ov_017 | 4.617464144033547 × 10^295 |
| 18 | ov_018 | 3.3358408415186395 × 10^295 |
| 19 | ov_019 | 2.353118490200867 × 10^295 |
| 20 | ov_020 | 1.6180806228757344 × 10^295 |
| 21 | ov_021 | 1.0837795421446589 × 10^295 |
| 22 | ov_022 | 7.075226448585584 × 10^294 |
| 23 | ov_023 | 4.5086296585823414 × 10^294 |
| 24 | ov_024 | 2.7959295755766588 × 10^294 |
| 25 | ov_025 | 1.6374068379408717 × 10^294 |
| 26 | ov_026 | 8.93787313198105 × 10^293 |
| 27 | ov_027 | 4.469610380129741 × 10^293 |
| 28 | ov_028 | 1.9997933739778687 × 10^293 |
| 29 | ov_029 | 7.705383870288404 × 10^292 |
| 30 | ov_030 | 2.3556213142710885 × 10^292 |
| 31 | ov_031 | 4.594977921132313 × 10^291 |
| 32 | lv_80_m31 | 8.961988024684569 × 10^290 |
| 33 | ov_033 | 1.0720762982344347 × 10^292 |
| 34 | ov_034 | 9.297617163386635 × 10^291 |
| 35 | ov_035 | 8.024619892296529 × 10^291 |
| 36 | ov_036 | 6.889049280189743 × 10^291 |
| 37 | ov_037 | 5.878866569178954 × 10^291 |
| 38 | ov_038 | 4.9826677666451075 × 10^291 |
| 39 | ov_039 | 4.189641942501691 × 10^291 |
| 40 | ov_040 | 3.4895355490157997 × 10^291 |
| 41 | ov_041 | 2.877357054793254 × 10^291 |
| 42 | ov_042 | 2.348371560138329 × 10^291 |
| 43 | ov_043 | 1.8980892227649697 × 10^291 |
| 44 | ov_044 | 1.518229055032964 × 10^291 |
| 45 | ov_045 | 1.2009592092567548 × 10^291 |
| 46 | ov_046 | 9.388857603858197 × 10^290 |
| 47 | ov_047 | 7.250439076489192 × 10^290 |
| 48 | ov_048 | 5.52891201587849 × 10^290 |
| 49 | ov_049 | 4.163024324849795 × 10^290 |
| 50 | ov_050 | 3.095658456276736 × 10^290 |
| 51 | ov_051 | 2.2738037818079343 × 10^290 |
| 52 | ov_052 | 1.6485365528434118 × 10^290 |
| 53 | ov_053 | 1.1750055116502234 × 10^290 |
| 54 | ov_054 | 8.124218372402691 × 10^289 |
| 55 | ov_055 | 5.414057084538164 × 10^289 |
| 56 | ov_056 | 3.4460382732766997 × 10^289 |
| 57 | ov_057 | 2.0668778892683016 × 10^289 |
| 58 | ov_058 | 1.143531505691542 × 10^289 |
| 59 | ov_059 | 5.631894724500136 × 10^288 |
| 60 | ov_060 | 2.332747140963005 × 10^288 |
| 61 | ov_061 | 8.144193480200428 × 10^287 |
| 62 | ov_062 | 2.232875524238709 × 10^287 |
| 63 | ov_063 | 4.3493072717849026 × 10^286 |
| 64 | lv_79_m31 | 8.469708128754115 × 10^285 |
| 65 | ov_065 | 1.00045837421121 × 10^287 |
| 66 | ov_066 | 1.0004556166402092 × 10^287 |
| 67 | ov_067 | 1.00045496244188 × 10^287 |
| 68 | ov_068 | 8.638080820859029 × 10^286 |
| 69 | ov_069 | 7.417407503224351 × 10^286 |
| 70 | ov_070 | 6.33157743153598 × 10^286 |
| 71 | ov_071 | 5.370153412036357 × 10^286 |
| 72 | ov_072 | 4.523182598888127 × 10^286 |
| 73 | ov_073 | 3.781172428860878 × 10^286 |
| 74 | ov_074 | 3.135072009738847 × 10^286 |
| 75 | ov_075 | 2.576257844972987 × 10^286 |
| 76 | ov_076 | 2.096522836604204 × 10^286 |
| 77 | ov_077 | 1.6880675661272197 × 10^286 |
| 78 | ov_078 | 1.3434930101347238 × 10^286 |
| 79 | ov_079 | 1.0557941989788194 × 10^286 |
| 80 | ov_080 | 8.183546573379324 × 10^285 |
| 81 | ov_081 | 6.249415738168963 × 10^285 |
| 82 | ov_082 | 4.6970164709371314 × 10^285 |
| 83 | ov_083 | 3.4715755640979233 × 10^285 |
| 84 | ov_084 | 2.5220500440648635 × 10^285 |
| 85 | ov_085 | 1.8011028045747922 × 10^285 |
| 86 | ov_086 | 1.2650829274766148 × 10^285 |
| 87 | ov_087 | 8.740101741578095 × 10^284 |
| 88 | ov_088 | 5.915631311982838 × 10^284 |
| 89 | ov_089 | 3.8507049408376275 × 10^284 |
| 90 | ov_090 | 2.3910822824890805 × 10^284 |
| 91 | ov_091 | 1.4007307838453838 × 10^284 |
| 92 | ov_092 | 7.61810363467116 × 10^283 |
| 93 | ov_093 | 3.746647947774638 × 10^283 |
| 94 | ov_094 | 1.5781746934522425 × 10^283 |
| 95 | aaa_78_28 | 4.796966603285884 × 10^282 |
| 96 | aaa_78_29 | 1.4369691040541177 × 10^282 |
| 97 | ov_097 | 7.483635617072153 × 10^281 |
| 98 | ov_098 | 7.483550244070493 × 10^281 |
| 99 | ov_099 | 7.48352295748001 × 10^281 |
| 100 | ov_100 | 6.149549517680535 × 10^281 |
| 101 | ov_101 | 5.015785027760523 × 10^281 |
| 102 | ov_102 | 4.061306034775383 × 10^281 |
| 103 | ov_103 | 3.266330022258807 × 10^281 |
| 104 | ov_104 | 2.6121316928671095 × 10^281 |
| 105 | ov_105 | 2.080970442077709 × 10^281 |
| 106 | ov_106 | 1.6560279792090557 × 10^281 |
| 107 | ov_107 | 1.321355104574298 × 10^281 |
| 108 | ov_108 | 1.061826702453686 × 10^281 |
| 109 | ov_109 | 8.631040591441413 × 10^280 |
| 110 | ov_110 | 7.116036639325857 × 10^280 |
| 111 | ov_111 | 5.944716987042677 × 10^280 |
| 112 | ov_112 | 4.995634692500858 × 10^280 |
| 113 | ov_113 | 4.154270783430379 × 10^280 |
| 114 | ov_114 | 3.4139222348996535 × 10^280 |
| 115 | ov_115 | 2.767959362210697 × 10^280 |
| 116 | ov_116 | 2.2098067338463083 × 10^280 |
| 117 | ov_117 | 1.732928754485846 × 10^280 |
| 118 | ov_118 | 1.3308190151580094 × 10^280 |
| 119 | ov_119 | 9.969921270564414 × 10^279 |
| 120 | ov_120 | 7.249773103543707 × 10^279 |
| 121 | ov_121 | 5.083135061267176 × 10^279 |
| 122 | ov_122 | 3.4054577952027035 × 10^279 |
| 123 | ov_123 | 2.152227823245506 × 10^279 |
| 124 | ov_124 | 1.25895043095569 × 10^279 |
| 125 | ov_125 | 6.611390914525618 × 10^278 |
| 126 | ov_126 | 2.943100756984237 × 10^278 |
| 127 | aaa_77_28 | 9.398038671256874 × 10^277 |
| 128 | aaa_77_29 | 3.5235150079129254 × 10^277 |
| 129 | ov_129 | 3.2188744551580876 × 10^277 |
| 130 | ov_130 | 3.2188645448020622 × 10^277 |
| 131 | ov_131 | 3.2188621540488547 × 10^277 |
| 132 | ov_132 | 2.785579610863682 × 10^277 |
| 133 | ov_133 | 2.397551210158119 × 10^277 |
| 134 | ov_134 | 2.0512226661806005 × 10^277 |
| 135 | ov_135 | 1.7432244592808039 × 10^277 |
| 136 | ov_136 | 1.470358554441277 × 10^277 |
| 137 | ov_137 | 1.231067276186091 × 10^277 |
| 138 | ov_138 | 1.0224634871375389 × 10^277 |
| 139 | ov_139 | 8.418028553406723 × 10^276 |
| 140 | ov_140 | 6.864773774312628 × 10^276 |
| 141 | ov_141 | 5.540101482553157 × 10^276 |
| 142 | ov_142 | 4.420512142627824 × 10^276 |
| 143 | ov_143 | 3.483743574143876 × 10^276 |
| 144 | ov_144 | 2.7087466570315743 × 10^276 |
| 145 | ov_145 | 2.075667557196226 × 10^276 |
| 146 | ov_146 | 1.5658352199277528 × 10^276 |
| 147 | ov_147 | 1.1617529712399224 × 10^276 |
| 148 | ov_148 | 8.470931600233652 × 10^275 |
| 149 | ov_149 | 6.0669386650052526 × 10^275 |
| 150 | ov_150 | 4.265568385606799 × 10^275 |
| 151 | ov_151 | 2.938460727372864 × 10^275 |
| 152 | ov_152 | 1.9688676422314455 × 10^275 |
| 153 | ov_153 | 1.2516453615131641 × 10^275 |
| 154 | ov_154 | 7.37122267438704 × 10^274 |
| 155 | ov_155 | 3.8142509744905427 × 10^274 |
| 156 | aaa_76_25 | 1.4647767271493925 × 10^274 |
| 157 | aaa_76_26 | 8.449195029221525 × 10^273 |
| 158 | aaa_76_27 | 4.319451599665135 × 10^273 |
| 159 | aaa_76_28 | 1.678966098419851 × 10^273 |
| 160 | aaa_76_29 | 5.097260132189925 × 10^272 |

### Output Bits Sorted by Complexity

| Rank | Output Bit | Complexity |
|:----:|:----------:|:----------:|
| 160 | aaa_76_29 | 5.097260132189925 × 10^272 |
| 159 | aaa_76_28 | 1.678966098419851 × 10^273 |
| 158 | aaa_76_27 | 4.319451599665135 × 10^273 |
| 157 | aaa_76_26 | 8.449195029221525 × 10^273 |
| 156 | aaa_76_25 | 1.4647767271493925 × 10^274 |
| 155 | ov_155 | 3.8142509744905427 × 10^274 |
| 154 | ov_154 | 7.37122267438704 × 10^274 |
| 153 | ov_153 | 1.2516453615131641 × 10^275 |
| 152 | ov_152 | 1.9688676422314455 × 10^275 |
| 151 | ov_151 | 2.938460727372864 × 10^275 |
| 150 | ov_150 | 4.265568385606799 × 10^275 |
| 149 | ov_149 | 6.0669386650052526 × 10^275 |
| 148 | ov_148 | 8.470931600233652 × 10^275 |
| 147 | ov_147 | 1.1617529712399224 × 10^276 |
| 146 | ov_146 | 1.5658352199277528 × 10^276 |
| 145 | ov_145 | 2.075667557196226 × 10^276 |
| 144 | ov_144 | 2.7087466570315743 × 10^276 |
| 143 | ov_143 | 3.483743574143876 × 10^276 |
| 142 | ov_142 | 4.420512142627824 × 10^276 |
| 141 | ov_141 | 5.540101482553157 × 10^276 |
| 140 | ov_140 | 6.864773774312628 × 10^276 |
| 139 | ov_139 | 8.418028553406723 × 10^276 |
| 138 | ov_138 | 1.0224634871375389 × 10^277 |
| 137 | ov_137 | 1.231067276186091 × 10^277 |
| 136 | ov_136 | 1.470358554441277 × 10^277 |
| 135 | ov_135 | 1.7432244592808039 × 10^277 |
| 134 | ov_134 | 2.0512226661806005 × 10^277 |
| 133 | ov_133 | 2.397551210158119 × 10^277 |
| 132 | ov_132 | 2.785579610863682 × 10^277 |
| 131 | ov_131 | 3.2188621540488547 × 10^277 |
| 130 | ov_130 | 3.2188645448020622 × 10^277 |
| 129 | ov_129 | 3.2188744551580876 × 10^277 |
| 128 | aaa_77_29 | 3.5235150079129254 × 10^277 |
| 127 | aaa_77_28 | 9.398038671256874 × 10^277 |
| 126 | ov_126 | 2.943100756984237 × 10^278 |
| 125 | ov_125 | 6.611390914525618 × 10^278 |
| 124 | ov_124 | 1.25895043095569 × 10^279 |
| 123 | ov_123 | 2.152227823245506 × 10^279 |
| 122 | ov_122 | 3.4054577952027035 × 10^279 |
| 121 | ov_121 | 5.083135061267176 × 10^279 |
| 120 | ov_120 | 7.249773103543707 × 10^279 |
| 119 | ov_119 | 9.969921270564414 × 10^279 |
| 118 | ov_118 | 1.3308190151580094 × 10^280 |
| 117 | ov_117 | 1.732928754485846 × 10^280 |
| 116 | ov_116 | 2.2098067338463083 × 10^280 |
| 115 | ov_115 | 2.767959362210697 × 10^280 |
| 114 | ov_114 | 3.4139222348996535 × 10^280 |
| 113 | ov_113 | 4.154270783430379 × 10^280 |
| 112 | ov_112 | 4.995634692500858 × 10^280 |
| 111 | ov_111 | 5.944716987042677 × 10^280 |
| 110 | ov_110 | 7.116036639325857 × 10^280 |
| 109 | ov_109 | 8.631040591441413 × 10^280 |
| 108 | ov_108 | 1.061826702453686 × 10^281 |
| 107 | ov_107 | 1.321355104574298 × 10^281 |
| 106 | ov_106 | 1.6560279792090557 × 10^281 |
| 105 | ov_105 | 2.080970442077709 × 10^281 |
| 104 | ov_104 | 2.6121316928671095 × 10^281 |
| 103 | ov_103 | 3.266330022258807 × 10^281 |
| 102 | ov_102 | 4.061306034775383 × 10^281 |
| 101 | ov_101 | 5.015785027760523 × 10^281 |
| 100 | ov_100 | 6.149549517680535 × 10^281 |
| 99 | ov_099 | 7.48352295748001 × 10^281 |
| 98 | ov_098 | 7.483550244070493 × 10^281 |
| 97 | ov_097 | 7.483635617072153 × 10^281 |
| 96 | aaa_78_29 | 1.4369691040541177 × 10^282 |
| 95 | aaa_78_28 | 4.796966603285884 × 10^282 |
| 94 | ov_094 | 1.5781746934522425 × 10^283 |
| 93 | ov_093 | 3.746647947774638 × 10^283 |
| 92 | ov_092 | 7.61810363467116 × 10^283 |
| 91 | ov_091 | 1.4007307838453838 × 10^284 |
| 90 | ov_090 | 2.3910822824890805 × 10^284 |
| 89 | ov_089 | 3.8507049408376275 × 10^284 |
| 88 | ov_088 | 5.915631311982838 × 10^284 |
| 87 | ov_087 | 8.740101741578095 × 10^284 |
| 86 | ov_086 | 1.2650829274766148 × 10^285 |
| 85 | ov_085 | 1.8011028045747922 × 10^285 |
| 84 | ov_084 | 2.5220500440648635 × 10^285 |
| 83 | ov_083 | 3.4715755640979233 × 10^285 |
| 82 | ov_082 | 4.6970164709371314 × 10^285 |
| 81 | ov_081 | 6.249415738168963 × 10^285 |
| 80 | ov_080 | 8.183546573379324 × 10^285 |
| 64 | lv_79_m31 | 8.469708128754115 × 10^285 |
| 79 | ov_079 | 1.0557941989788194 × 10^286 |
| 78 | ov_078 | 1.3434930101347238 × 10^286 |
| 77 | ov_077 | 1.6880675661272197 × 10^286 |
| 76 | ov_076 | 2.096522836604204 × 10^286 |
| 75 | ov_075 | 2.576257844972987 × 10^286 |
| 74 | ov_074 | 3.135072009738847 × 10^286 |
| 73 | ov_073 | 3.781172428860878 × 10^286 |
| 63 | ov_063 | 4.3493072717849026 × 10^286 |
| 72 | ov_072 | 4.523182598888127 × 10^286 |
| 71 | ov_071 | 5.370153412036357 × 10^286 |
| 70 | ov_070 | 6.33157743153598 × 10^286 |
| 69 | ov_069 | 7.417407503224351 × 10^286 |
| 68 | ov_068 | 8.638080820859029 × 10^286 |
| 67 | ov_067 | 1.00045496244188 × 10^287 |
| 66 | ov_066 | 1.0004556166402092 × 10^287 |
| 65 | ov_065 | 1.00045837421121 × 10^287 |
| 62 | ov_062 | 2.232875524238709 × 10^287 |
| 61 | ov_061 | 8.144193480200428 × 10^287 |
| 60 | ov_060 | 2.332747140963005 × 10^288 |
| 59 | ov_059 | 5.631894724500136 × 10^288 |
| 58 | ov_058 | 1.143531505691542 × 10^289 |
| 57 | ov_057 | 2.0668778892683016 × 10^289 |
| 56 | ov_056 | 3.4460382732766997 × 10^289 |
| 55 | ov_055 | 5.414057084538164 × 10^289 |
| 54 | ov_054 | 8.124218372402691 × 10^289 |
| 53 | ov_053 | 1.1750055116502234 × 10^290 |
| 52 | ov_052 | 1.6485365528434118 × 10^290 |
| 51 | ov_051 | 2.2738037818079343 × 10^290 |
| 50 | ov_050 | 3.095658456276736 × 10^290 |
| 49 | ov_049 | 4.163024324849795 × 10^290 |
| 48 | ov_048 | 5.52891201587849 × 10^290 |
| 47 | ov_047 | 7.250439076489192 × 10^290 |
| 32 | lv_80_m31 | 8.961988024684569 × 10^290 |
| 46 | ov_046 | 9.388857603858197 × 10^290 |
| 45 | ov_045 | 1.2009592092567548 × 10^291 |
| 44 | ov_044 | 1.518229055032964 × 10^291 |
| 43 | ov_043 | 1.8980892227649697 × 10^291 |
| 42 | ov_042 | 2.348371560138329 × 10^291 |
| 41 | ov_041 | 2.877357054793254 × 10^291 |
| 40 | ov_040 | 3.4895355490157997 × 10^291 |
| 39 | ov_039 | 4.189641942501691 × 10^291 |
| 31 | ov_031 | 4.594977921132313 × 10^291 |
| 38 | ov_038 | 4.9826677666451075 × 10^291 |
| 37 | ov_037 | 5.878866569178954 × 10^291 |
| 36 | ov_036 | 6.889049280189743 × 10^291 |
| 35 | ov_035 | 8.024619892296529 × 10^291 |
| 34 | ov_034 | 9.297617163386635 × 10^291 |
| 33 | ov_033 | 1.0720762982344347 × 10^292 |
| 30 | ov_030 | 2.3556213142710885 × 10^292 |
| 29 | ov_029 | 7.705383870288404 × 10^292 |
| 28 | ov_028 | 1.9997933739778687 × 10^293 |
| 27 | ov_027 | 4.469610380129741 × 10^293 |
| 26 | ov_026 | 8.93787313198105 × 10^293 |
| 25 | ov_025 | 1.6374068379408717 × 10^294 |
| 24 | ov_024 | 2.7959295755766588 × 10^294 |
| 23 | ov_023 | 4.5086296585823414 × 10^294 |
| 22 | ov_022 | 7.075226448585584 × 10^294 |
| 21 | ov_021 | 1.0837795421446589 × 10^295 |
| 20 | ov_020 | 1.6180806228757344 × 10^295 |
| 19 | ov_019 | 2.353118490200867 × 10^295 |
| 18 | ov_018 | 3.3358408415186395 × 10^295 |
| 17 | ov_017 | 4.617464144033547 × 10^295 |
| 16 | ov_016 | 6.253492674970716 × 10^295 |
| 15 | ov_015 | 8.303744233779055 × 10^295 |
| 14 | ov_014 | 1.0832384189528018 × 10^296 |
| 13 | ov_013 | 1.3907970290645162 × 10^296 |
| 12 | ov_012 | 1.760351148927784 × 10^296 |
| 11 | ov_011 | 2.1996544531572125 × 10^296 |
| 10 | ov_010 | 2.7169232391639652 × 10^296 |
| 9 | ov_009 | 3.320848895487072 × 10^296 |
| 8 | ov_008 | 4.0206134686091675 × 10^296 |
| 7 | ov_007 | 4.825908835058083 × 10^296 |
| 6 | ov_006 | 5.746960019209546 × 10^296 |
| 5 | ov_005 | 6.79455323130246 × 10^296 |
| 4 | ov_004 | 7.980069234904926 × 10^296 |
| 3 | ov_003 | 9.315522646061117 × 10^296 |
| 2 | ov_002 | 1.0813607672919217 × 10^297 |
| 1 | ov_001 | 1.248775070531598 × 10^297 |

