# Results for F001-F002-F003-F004-F005-F006-F007-F008-F009-F010-F011-F012-F013-F014-F015-F016-F017-F018-F019-F020-F021-F022-F023-F024-F025-F026-F027-F028-F029-F030-F031-F032-F033-F034-F035-F036-F037-F038-F039-F040-F041-F042-F043-F044-F045-F046-F047-F048-F049-F050-F051-F052-F053-F054-F055-F056-F057-F058-F059-F060-F061-F062-F063-F064-F065-F066-F067-F068-F069-F070-F071-F072-F073-F074-F075-F076-F077-F078-F079-F080-F081-F082-F083-F084-F085-F086-F087-F088-F089-F090-F091-F092-F093-F094-F095-F096-F097-F098-F099-F100-F101-F102-F103-F104-F105-F106-F107-F108-F109-F110-F111-F112-F113-F114-F115-F116-F117-F118-F119-F120-F121-F122-F123-F124-F125-F126-F127-F128-F129-F130-F131-F132-F133-F134-F135-F136-F137-F138-F139-F140-F141-F142-F143-F144-F145-F146-F147-F148-F149-F150-F151-F152-F153-F154-F155-F156-F157-F158-F159-F160-F161-F162-F163-F164-F165-F166-F167-F168-F169-F170-F171-F172-F173-F174-F175-F176-F177-F178-F179-F180-F181-F182-F183-F184-F185-F186-F187-F188-F189-F190-F191-F192-F193-F194-F195-F196-F197-F198-F199-F200-F201-F202-F203-F204-F205-F206-F207-F208-F209-F210-F211-F212-F213-F214-F215-F216-F217-F218-F219-F220-F221-F222-F223-F224-F225-F226-F227-F228-F229-F230-F231-F232-F233-F234-F235-F236-F237-F238-F239-F240-F241-F242-F243-F244-F245-F246-F247-F248-F249-F250-F251-F252-F253-F254-F255-F256-F257-F258-F259-F260-F261-F262-F263-F264-F265-F266-F267-F268-F269-F270-F271-F272-F273-F274-F275-F276-F277-F278-F279-F280-F281-F282-F283-F284-F285-F286-F287-F288-F289-F290-F291-F292-F293-F294-F295-F296-F297-F298-F299-F300-F301-F302-F303-F304-F305-F306-F307-F308-F309-F310-F311-F312-F313-F314-F315-F316-F317-F318-F319-F320-F321-F322-F323-F324-F325-F326-F327-F328-F329-F330-F331-F332-F333-F334-F335-F336-F337-F338-F339-F340-F341-F342-F343-F344-F345-F346-F347-F348-F349-F350-F351-F352-F353-F354-F355-F356-F357-F358-F359-F360-F361-F362-F363-F364-F365-F366-F367-F368-F369-F370-F371-F372-F373-F374-F375-F376-F377-F378-F379-F380-F381-F382-F383-F384-F385-F386-F387-F388-F389-F390-F391-F392-F393-F394-F395-F396-F397-F398-F399-F400-F401-F402-F403-F404-F405-F406-F407-F408-F409-F410-F411-F412-F413-F414-F415-F416-F417-F418-F419-F420-F421-F422-F423-F424-F425-F426-F427-F428-F429-F430-F431-F432-F433-F434-F435-F436-F437-F438-F439-F440-F441-F442-F443-F444-F445-F446-F447-F448-F449-F450-F451-F452-F453-F454-F455-F456-F457-F458-F459-F460-F461-F462-F463-F464-F465-F466-F467-F468-F469-F470-F471-F472-F473-F474-F475-F476-F477-F478-F479-F480-F481-F482-F483-F484-F485-F486-F487-F488-F489-F490-F491-F492-F493-F494-F495-F496-E499505-E504506-T507-F509-F510-F511-F512

## Summary

Number of input bits: 512  
Number of free input bits: 9  
Number of output bits: 160

Number of direct occurrences: 37172  
Number of assignments: 31275  
Number of operations: 11511949
(xor: 11483093,
and: 15547,
or: 13309)

Total complexity: 3.081054936056725 × 10^304

Least occurring input variable: iv_498 (3927)  
Most occurring input variable: iv_504 (4311)

Most co-occurring input variables: iv_504-iv_508 (2106)  
Least co-occurring input variables: iv_497-iv_498 (1799)

Potentially most occurring input variable: iv_499/iv_503 (4572)  
Potentially least occurring input variable: iv_501/iv_502 (4175)

Least output occurring input variable: iv_508 (66)  
Most output occurring input variable: iv_504 (90)

Most output co-occurring input variables: iv_497-iv_504 (51)  
Least output co-occurring input variables: iv_501-iv_508 (28)

Potentially most output occurring input variable: iv_500/iv_504 (94)  
Potentially least output occurring input variable: iv_501/iv_504 (66)

Least complex input bit: iv_497 (1.3745452465602998 × 10^302)  
Most complex input bit: iv_504 (9.356323293596265 × 10^303)

Least complex output bit: aaa_76_29 (1.0325949564410089 × 10^279)  
Most complex output bit: ov_001 (4.9283726439443043 × 10^303)

Least complex input/output complexity: iv_497/aaa_76_29 (4.6066964674595333 × 10^276)  
Most complex input/output complexity: iv_504/ov_001 (1.4966123202942376 × 10^303)

## Input Bits

### Input Bits in Regular Order

| Input Bit | Complexity | Occurrences | Output Occurrences |
|:---------:|:----------:|:-----------:|:------------------:|
| iv_497 | 1.3745452465602998 × 10^302 | 4095 | 90 |
| iv_498 | 2.7484568935611153 × 10^302 | 3927 | 81 |
| iv_499 | 8.580181103172871 × 10^303 | 4300 | 81 |
| iv_500 | 8.151058968304483 × 10^302 | 4079 | 82 |
| iv_501 | 1.3405520794493005 × 10^303 | 3973 | 76 |
| iv_502 | 2.159286420902853 × 10^303 | 4154 | 88 |
| iv_503 | 3.418152183747865 × 10^303 | 4084 | 76 |
| iv_504 | 9.356323293596265 × 10^303 | 4311 | 90 |
| iv_508 | 4.7286481688555296 × 10^303 | 4249 | 66 |

### Input Bits Sorted by Complexity

| Input Bit | Complexity | Occurrences | Output Occurrences |
|:---------:|:----------:|:-----------:|:------------------:|
| iv_497 | 1.3745452465602998 × 10^302 | 4095 | 90 |
| iv_498 | 2.7484568935611153 × 10^302 | 3927 | 81 |
| iv_500 | 8.151058968304483 × 10^302 | 4079 | 82 |
| iv_501 | 1.3405520794493005 × 10^303 | 3973 | 76 |
| iv_502 | 2.159286420902853 × 10^303 | 4154 | 88 |
| iv_503 | 3.418152183747865 × 10^303 | 4084 | 76 |
| iv_508 | 4.7286481688555296 × 10^303 | 4249 | 66 |
| iv_499 | 8.580181103172871 × 10^303 | 4300 | 81 |
| iv_504 | 9.356323293596265 × 10^303 | 4311 | 90 |

### Input Bits Sorted by Occurrences

| Input Bit | Complexity | Occurrences | Output Occurrences |
|:---------:|:----------:|:-----------:|:------------------:|
| iv_498 | 2.7484568935611153 × 10^302 | 3927 | 81 |
| iv_501 | 1.3405520794493005 × 10^303 | 3973 | 76 |
| iv_500 | 8.151058968304483 × 10^302 | 4079 | 82 |
| iv_503 | 3.418152183747865 × 10^303 | 4084 | 76 |
| iv_497 | 1.3745452465602998 × 10^302 | 4095 | 90 |
| iv_502 | 2.159286420902853 × 10^303 | 4154 | 88 |
| iv_508 | 4.7286481688555296 × 10^303 | 4249 | 66 |
| iv_499 | 8.580181103172871 × 10^303 | 4300 | 81 |
| iv_504 | 9.356323293596265 × 10^303 | 4311 | 90 |

### Input Bits Sorted by Output Occurrences

| Input Bit | Complexity | Occurrences | Output Occurrences |
|:---------:|:----------:|:-----------:|:------------------:|
| iv_508 | 4.7286481688555296 × 10^303 | 4249 | 66 |
| iv_503 | 3.418152183747865 × 10^303 | 4084 | 76 |
| iv_501 | 1.3405520794493005 × 10^303 | 3973 | 76 |
| iv_498 | 2.7484568935611153 × 10^302 | 3927 | 81 |
| iv_499 | 8.580181103172871 × 10^303 | 4300 | 81 |
| iv_500 | 8.151058968304483 × 10^302 | 4079 | 82 |
| iv_502 | 2.159286420902853 × 10^303 | 4154 | 88 |
| iv_497 | 1.3745452465602998 × 10^302 | 4095 | 90 |
| iv_504 | 9.356323293596265 × 10^303 | 4311 | 90 |

## Input Bit Co-occurrences

### Input Bit Co-occurrences Sorted by Co-occurrences

| Input Bits | Co-occurrences | Potential Occurrences | Output Co-occurrences | Potential Output Occurrences |
|:----------:|:--------------:|:---------------------:|:---------------------:|:----------------------------:|
| iv_504-iv_508 | 2106 | 4348 | 33 | 90 |
| iv_502-iv_504 | 2058 | 4349 | 51 | 76 |
| iv_499-iv_504 | 2049 | 4513 | 43 | 85 |
| iv_499-iv_502 | 2047 | 4360 | 45 | 79 |
| iv_499-iv_500 | 2026 | 4327 | 45 | 73 |
| iv_502-iv_508 | 2026 | 4351 | 35 | 84 |
| iv_499-iv_508 | 1989 | 4571 | 37 | 73 |
| iv_500-iv_502 | 1980 | 4273 | 39 | 92 |
| iv_500-iv_504 | 1978 | 4434 | 39 | 94 |

### Input Bit Co-occurrences Sorted by Potential Occurrences

| Input Bits | Co-occurrences | Potential Occurrences | Output Co-occurrences | Potential Output Occurrences |
|:----------:|:--------------:|:---------------------:|:---------------------:|:----------------------------:|
| iv_501-iv_502 | 1976 | 4175 | 42 | 80 |
| iv_497-iv_501 | 1920 | 4228 | 42 | 82 |
| iv_498-iv_503 | 1875 | 4261 | 43 | 71 |
| iv_500-iv_502 | 1980 | 4273 | 39 | 92 |
| iv_498-iv_501 | 1812 | 4276 | 36 | 85 |
| iv_501-iv_503 | 1879 | 4299 | 43 | 66 |
| iv_498-iv_500 | 1852 | 4302 | 42 | 79 |
| iv_497-iv_500 | 1931 | 4312 | 47 | 78 |
| iv_498-iv_499 | 1957 | 4313 | 43 | 76 |

### Input Bit Output Co-occurrences Sorted by Output Co-occurrences

| Input Bits | Co-occurrences | Potential Occurrences | Output Co-occurrences | Potential Output Occurrences |
|:----------:|:--------------:|:---------------------:|:---------------------:|:----------------------------:|
| iv_502-iv_504 | 2058 | 4349 | 51 | 76 |
| iv_497-iv_504 | 1922 | 4562 | 51 | 78 |
| iv_501-iv_504 | 1890 | 4504 | 50 | 66 |
| iv_497-iv_502 | 1917 | 4415 | 49 | 80 |
| iv_497-iv_499 | 1948 | 4499 | 47 | 77 |
| iv_497-iv_500 | 1931 | 4312 | 47 | 78 |
| iv_499-iv_500 | 2026 | 4327 | 45 | 73 |
| iv_499-iv_502 | 2047 | 4360 | 45 | 79 |
| iv_498-iv_499 | 1957 | 4313 | 43 | 76 |

### Input Bit Output Co-occurrences Sorted by Potential Output Occurrences

| Input Bits | Co-occurrences | Potential Occurrences | Output Co-occurrences | Potential Output Occurrences |
|:----------:|:--------------:|:---------------------:|:---------------------:|:----------------------------:|
| iv_501-iv_504 | 1890 | 4504 | 50 | 66 |
| iv_501-iv_503 | 1879 | 4299 | 43 | 66 |
| iv_498-iv_503 | 1875 | 4261 | 43 | 71 |
| iv_498-iv_508 | 1922 | 4332 | 37 | 73 |
| iv_499-iv_500 | 2026 | 4327 | 45 | 73 |
| iv_499-iv_508 | 1989 | 4571 | 37 | 73 |
| iv_499-iv_501 | 1875 | 4523 | 42 | 73 |
| iv_498-iv_499 | 1957 | 4313 | 43 | 76 |
| iv_502-iv_504 | 2058 | 4349 | 51 | 76 |

## Output Bits

### Output Bits in Regular Order

| Rank | Output Bit | Complexity |
|:----:|:----------:|:----------:|
| 1 | ov_001 | 4.9283726439443043 × 10^303 |
| 2 | ov_002 | 4.274006942560871 × 10^303 |
| 3 | ov_003 | 3.687816139466869 × 10^303 |
| 4 | ov_004 | 3.1646353185624834 × 10^303 |
| 5 | ov_005 | 2.6995811018961567 × 10^303 |
| 6 | ov_006 | 2.2880314737576703 × 10^303 |
| 7 | ov_007 | 1.9256082457759214 × 10^303 |
| 8 | ov_008 | 1.6081619875240098 × 10^303 |
| 9 | ov_009 | 1.3317592272456352 × 10^303 |
| 10 | ov_010 | 1.0926716914965842 × 10^303 |
| 11 | ov_011 | 8.87367349849791 × 10^302 |
| 12 | ov_012 | 7.125030441784491 × 10^302 |
| 13 | ov_013 | 5.649184951424337 × 10^302 |
| 14 | ov_014 | 4.416314914179338 × 10^302 |
| 15 | ov_015 | 3.3983407997724124 × 10^302 |
| 16 | ov_016 | 2.5688958838410387 × 10^302 |
| 17 | ov_017 | 1.90330322650188 × 10^302 |
| 18 | ov_018 | 1.3785580415871241 × 10^302 |
| 19 | ov_019 | 9.733143651887502 × 10^301 |
| 20 | ov_020 | 6.678751155546608 × 10^301 |
| 21 | ov_021 | 4.44184780765532 × 10^301 |
| 22 | ov_022 | 2.8582416596469764 × 10^301 |
| 23 | ov_023 | 1.7800676062853587 × 10^301 |
| 24 | ov_024 | 1.0757634846995009 × 10^301 |
| 25 | ov_025 | 6.300554466020512 × 10^300 |
| 26 | ov_026 | 3.439499436775237 × 10^300 |
| 27 | ov_027 | 1.7201961084144432 × 10^300 |
| 28 | ov_028 | 7.697479303094573 × 10^299 |
| 29 | ov_029 | 2.9663165770848207 × 10^299 |
| 30 | ov_030 | 9.069635665949242 × 10^298 |
| 31 | ov_031 | 1.7694603475206934 × 10^298 |
| 32 | lv_80_m31 | 3.451742185429081 × 10^297 |
| 33 | ov_033 | 4.122808080240288 × 10^298 |
| 34 | ov_034 | 3.575948077744954 × 10^298 |
| 35 | ov_035 | 3.0865971115822706 × 10^298 |
| 36 | ov_036 | 2.6498567295349607 × 10^298 |
| 37 | ov_037 | 2.2610932562920875 × 10^298 |
| 38 | ov_038 | 1.9159190377216098 × 10^298 |
| 39 | ov_039 | 1.6101762183602215 × 10^298 |
| 40 | ov_040 | 1.3418414430123845 × 10^298 |
| 41 | ov_041 | 1.1071767387861173 × 10^298 |
| 42 | ov_042 | 9.04362762123667 × 10^297 |
| 43 | ov_043 | 7.316748899160624 × 10^297 |
| 44 | ov_044 | 5.859335634469317 × 10^297 |
| 45 | ov_045 | 4.641323635840769 × 10^297 |
| 46 | ov_046 | 3.6343350339749485 × 10^297 |
| 47 | ov_047 | 2.8116427175752785 × 10^297 |
| 48 | ov_048 | 2.1481428056509455 × 10^297 |
| 49 | ov_049 | 1.62033379215211 × 10^297 |
| 50 | ov_050 | 1.2063011081452164 × 10^297 |
| 51 | ov_051 | 8.857059556998842 × 10^296 |
| 52 | ov_052 | 6.3977737644906125 × 10^296 |
| 53 | ov_053 | 4.5130667090132805 × 10^296 |
| 54 | ov_054 | 3.120794788296141 × 10^296 |
| 55 | ov_055 | 2.0800125037733326 × 10^296 |
| 56 | ov_056 | 1.3241339477687824 × 10^296 |
| 57 | ov_057 | 7.9434051151337 × 10^295 |
| 58 | ov_058 | 4.395772089351175 × 10^295 |
| 59 | ov_059 | 2.165507439522966 × 10^295 |
| 60 | ov_060 | 8.97286231700298 × 10^294 |
| 61 | ov_061 | 3.133883229585166 × 10^294 |
| 62 | ov_062 | 8.595663451612433 × 10^293 |
| 63 | ov_063 | 1.6750776473579995 × 10^293 |
| 64 | lv_79_m31 | 3.263542221525488 × 10^292 |
| 65 | ov_065 | 3.875836494598168 × 10^293 |
| 66 | ov_066 | 3.8758250509470596 × 10^293 |
| 67 | ov_067 | 3.875822293396465 × 10^293 |
| 68 | ov_068 | 3.3529765059874503 × 10^293 |
| 69 | ov_069 | 2.885276311028366 × 10^293 |
| 70 | ov_070 | 2.468566484344999 × 10^293 |
| 71 | ov_071 | 2.0989057257599265 × 10^293 |
| 72 | ov_072 | 1.772551503550653 × 10^293 |
| 73 | ov_073 | 1.4859472377986789 × 10^293 |
| 74 | ov_074 | 1.235711575962962 × 10^293 |
| 75 | ov_075 | 1.0186295269768173 × 10^293 |
| 76 | ov_076 | 8.316452326466816 × 10^292 |
| 77 | ov_077 | 6.71856167213408 × 10^292 |
| 78 | ov_078 | 5.365085676991643 × 10^292 |
| 79 | ov_079 | 4.229939091720531 × 10^292 |
| 80 | ov_080 | 3.28846250372377 × 10^292 |
| 81 | ov_081 | 2.51740286305862 × 10^292 |
| 82 | ov_082 | 1.8948995545817468 × 10^292 |
| 83 | ov_083 | 1.4004746025187564 × 10^292 |
| 84 | ov_084 | 1.0150257027457618 × 10^292 |
| 85 | ov_085 | 7.208210024076117 × 10^291 |
| 86 | ov_086 | 5.01494988407104 × 10^291 |
| 87 | ov_087 | 3.420452475290452 × 10^291 |
| 88 | ov_088 | 2.2882999023654496 × 10^291 |
| 89 | ov_089 | 1.4956623022605078 × 10^291 |
| 90 | ov_090 | 9.33285118537146 × 10^290 |
| 91 | ov_091 | 5.499336176158055 × 10^290 |
| 92 | ov_092 | 3.0115495746251836 × 10^290 |
| 93 | ov_093 | 1.4927638991045343 × 10^290 |
| 94 | ov_094 | 6.340437725643602 × 10^289 |
| 95 | aaa_78_28 | 1.9424231579153504 × 10^289 |
| 96 | aaa_78_29 | 5.891125157771917 × 10^288 |
| 97 | ov_097 | 3.1438177984530675 × 10^288 |
| 98 | ov_098 | 3.1438000275971595 × 10^288 |
| 99 | ov_099 | 3.1437943541590096 × 10^288 |
| 100 | ov_100 | 2.6782337035227167 × 10^288 |
| 101 | ov_101 | 2.266461702949395 × 10^288 |
| 102 | ov_102 | 1.904096787068104 × 10^288 |
| 103 | ov_103 | 1.5869968546523388 × 10^288 |
| 104 | ov_104 | 1.3112417951929228 × 10^288 |
| 105 | ov_105 | 1.0731183165148058 × 10^288 |
| 106 | ov_106 | 8.69106861793644 × 10^287 |
| 107 | ov_107 | 6.958704150847683 × 10^287 |
| 108 | ov_108 | 5.502450048738826 × 10^287 |
| 109 | ov_109 | 4.292317252711828 × 10^287 |
| 110 | ov_110 | 3.2999010436384693 × 10^287 |
| 111 | ov_111 | 2.498326589716404 × 10^287 |
| 112 | ov_112 | 1.8622048466232077 × 10^287 |
| 113 | ov_113 | 1.3675973941371373 × 10^287 |
| 114 | ov_114 | 9.919888878523603 × 10^286 |
| 115 | ov_115 | 7.142658990283314 × 10^286 |
| 116 | ov_116 | 5.147010098088006 × 10^286 |
| 117 | ov_117 | 3.7494112510269934 × 10^286 |
| 118 | ov_118 | 2.779990563793503 × 10^286 |
| 119 | ov_119 | 2.082475265260571 × 10^286 |
| 120 | ov_120 | 1.5141491580081515 × 10^286 |
| 121 | ov_121 | 1.0615049119606116 × 10^286 |
| 122 | ov_122 | 7.110475940076795 × 10^285 |
| 123 | ov_123 | 4.492895323384167 × 10^285 |
| 124 | ov_124 | 2.627468552421247 × 10^285 |
| 125 | ov_125 | 1.3793734910086623 × 10^285 |
| 126 | ov_126 | 6.137936700808543 × 10^284 |
| 127 | aaa_77_28 | 1.959141036867936 × 10^284 |
| 128 | aaa_77_29 | 7.340003842834004 × 10^283 |
| 129 | ov_129 | 6.749902999463119 × 10^283 |
| 130 | ov_130 | 6.749882918481853 × 10^283 |
| 131 | ov_131 | 6.749878072631898 × 10^283 |
| 132 | ov_132 | 5.841888460465672 × 10^283 |
| 133 | ov_133 | 5.029533108581647 × 10^283 |
| 134 | ov_134 | 4.305581960373667 × 10^283 |
| 135 | ov_135 | 3.6631839996343263 × 10^283 |
| 136 | ov_136 | 3.095840184615827 × 10^283 |
| 137 | ov_137 | 2.5973803600242533 × 10^283 |
| 138 | ov_138 | 2.1619437357870986 × 10^283 |
| 139 | ov_139 | 1.7839625419891906 × 10^283 |
| 140 | ov_140 | 1.4581484894219415 × 10^283 |
| 141 | ov_141 | 1.1794816848647065 × 10^283 |
| 142 | ov_142 | 9.432016879409226 × 10^282 |
| 143 | ov_143 | 7.448004522481317 × 10^282 |
| 144 | ov_144 | 5.800169125494213 × 10^282 |
| 145 | ov_145 | 4.4483296217724114 × 10^282 |
| 146 | ov_146 | 3.3547056542896113 × 10^282 |
| 147 | ov_147 | 2.4838976864393098 × 10^282 |
| 148 | ov_148 | 1.8028739253379547 × 10^282 |
| 149 | ov_149 | 1.2809620719836699 × 10^282 |
| 150 | ov_150 | 8.898441898260865 × 10^281 |
| 151 | ov_151 | 6.035534262333315 × 10^281 |
| 152 | ov_152 | 3.9847179417622765 × 10^281 |
| 153 | ov_153 | 2.533286001526937 × 10^281 |
| 154 | ov_154 | 1.4919934723171488 × 10^281 |
| 155 | ov_155 | 7.720822274021512 × 10^280 |
| 156 | aaa_76_25 | 2.965202904280299 × 10^280 |
| 157 | aaa_76_26 | 1.7106244343649666 × 10^280 |
| 158 | aaa_76_27 | 8.746498880828654 × 10^279 |
| 159 | aaa_76_28 | 3.400458612443071 × 10^279 |
| 160 | aaa_76_29 | 1.0325949564410089 × 10^279 |

### Output Bits Sorted by Complexity

| Rank | Output Bit | Complexity |
|:----:|:----------:|:----------:|
| 160 | aaa_76_29 | 1.0325949564410089 × 10^279 |
| 159 | aaa_76_28 | 3.400458612443071 × 10^279 |
| 158 | aaa_76_27 | 8.746498880828654 × 10^279 |
| 157 | aaa_76_26 | 1.7106244343649666 × 10^280 |
| 156 | aaa_76_25 | 2.965202904280299 × 10^280 |
| 155 | ov_155 | 7.720822274021512 × 10^280 |
| 154 | ov_154 | 1.4919934723171488 × 10^281 |
| 153 | ov_153 | 2.533286001526937 × 10^281 |
| 152 | ov_152 | 3.9847179417622765 × 10^281 |
| 151 | ov_151 | 6.035534262333315 × 10^281 |
| 150 | ov_150 | 8.898441898260865 × 10^281 |
| 149 | ov_149 | 1.2809620719836699 × 10^282 |
| 148 | ov_148 | 1.8028739253379547 × 10^282 |
| 147 | ov_147 | 2.4838976864393098 × 10^282 |
| 146 | ov_146 | 3.3547056542896113 × 10^282 |
| 145 | ov_145 | 4.4483296217724114 × 10^282 |
| 144 | ov_144 | 5.800169125494213 × 10^282 |
| 143 | ov_143 | 7.448004522481317 × 10^282 |
| 142 | ov_142 | 9.432016879409226 × 10^282 |
| 141 | ov_141 | 1.1794816848647065 × 10^283 |
| 140 | ov_140 | 1.4581484894219415 × 10^283 |
| 139 | ov_139 | 1.7839625419891906 × 10^283 |
| 138 | ov_138 | 2.1619437357870986 × 10^283 |
| 137 | ov_137 | 2.5973803600242533 × 10^283 |
| 136 | ov_136 | 3.095840184615827 × 10^283 |
| 135 | ov_135 | 3.6631839996343263 × 10^283 |
| 134 | ov_134 | 4.305581960373667 × 10^283 |
| 133 | ov_133 | 5.029533108581647 × 10^283 |
| 132 | ov_132 | 5.841888460465672 × 10^283 |
| 131 | ov_131 | 6.749878072631898 × 10^283 |
| 130 | ov_130 | 6.749882918481853 × 10^283 |
| 129 | ov_129 | 6.749902999463119 × 10^283 |
| 128 | aaa_77_29 | 7.340003842834004 × 10^283 |
| 127 | aaa_77_28 | 1.959141036867936 × 10^284 |
| 126 | ov_126 | 6.137936700808543 × 10^284 |
| 125 | ov_125 | 1.3793734910086623 × 10^285 |
| 124 | ov_124 | 2.627468552421247 × 10^285 |
| 123 | ov_123 | 4.492895323384167 × 10^285 |
| 122 | ov_122 | 7.110475940076795 × 10^285 |
| 121 | ov_121 | 1.0615049119606116 × 10^286 |
| 120 | ov_120 | 1.5141491580081515 × 10^286 |
| 119 | ov_119 | 2.082475265260571 × 10^286 |
| 118 | ov_118 | 2.779990563793503 × 10^286 |
| 117 | ov_117 | 3.7494112510269934 × 10^286 |
| 116 | ov_116 | 5.147010098088006 × 10^286 |
| 115 | ov_115 | 7.142658990283314 × 10^286 |
| 114 | ov_114 | 9.919888878523603 × 10^286 |
| 113 | ov_113 | 1.3675973941371373 × 10^287 |
| 112 | ov_112 | 1.8622048466232077 × 10^287 |
| 111 | ov_111 | 2.498326589716404 × 10^287 |
| 110 | ov_110 | 3.2999010436384693 × 10^287 |
| 109 | ov_109 | 4.292317252711828 × 10^287 |
| 108 | ov_108 | 5.502450048738826 × 10^287 |
| 107 | ov_107 | 6.958704150847683 × 10^287 |
| 106 | ov_106 | 8.69106861793644 × 10^287 |
| 105 | ov_105 | 1.0731183165148058 × 10^288 |
| 104 | ov_104 | 1.3112417951929228 × 10^288 |
| 103 | ov_103 | 1.5869968546523388 × 10^288 |
| 102 | ov_102 | 1.904096787068104 × 10^288 |
| 101 | ov_101 | 2.266461702949395 × 10^288 |
| 100 | ov_100 | 2.6782337035227167 × 10^288 |
| 99 | ov_099 | 3.1437943541590096 × 10^288 |
| 98 | ov_098 | 3.1438000275971595 × 10^288 |
| 97 | ov_097 | 3.1438177984530675 × 10^288 |
| 96 | aaa_78_29 | 5.891125157771917 × 10^288 |
| 95 | aaa_78_28 | 1.9424231579153504 × 10^289 |
| 94 | ov_094 | 6.340437725643602 × 10^289 |
| 93 | ov_093 | 1.4927638991045343 × 10^290 |
| 92 | ov_092 | 3.0115495746251836 × 10^290 |
| 91 | ov_091 | 5.499336176158055 × 10^290 |
| 90 | ov_090 | 9.33285118537146 × 10^290 |
| 89 | ov_089 | 1.4956623022605078 × 10^291 |
| 88 | ov_088 | 2.2882999023654496 × 10^291 |
| 87 | ov_087 | 3.420452475290452 × 10^291 |
| 86 | ov_086 | 5.01494988407104 × 10^291 |
| 85 | ov_085 | 7.208210024076117 × 10^291 |
| 84 | ov_084 | 1.0150257027457618 × 10^292 |
| 83 | ov_083 | 1.4004746025187564 × 10^292 |
| 82 | ov_082 | 1.8948995545817468 × 10^292 |
| 81 | ov_081 | 2.51740286305862 × 10^292 |
| 64 | lv_79_m31 | 3.263542221525488 × 10^292 |
| 80 | ov_080 | 3.28846250372377 × 10^292 |
| 79 | ov_079 | 4.229939091720531 × 10^292 |
| 78 | ov_078 | 5.365085676991643 × 10^292 |
| 77 | ov_077 | 6.71856167213408 × 10^292 |
| 76 | ov_076 | 8.316452326466816 × 10^292 |
| 75 | ov_075 | 1.0186295269768173 × 10^293 |
| 74 | ov_074 | 1.235711575962962 × 10^293 |
| 73 | ov_073 | 1.4859472377986789 × 10^293 |
| 63 | ov_063 | 1.6750776473579995 × 10^293 |
| 72 | ov_072 | 1.772551503550653 × 10^293 |
| 71 | ov_071 | 2.0989057257599265 × 10^293 |
| 70 | ov_070 | 2.468566484344999 × 10^293 |
| 69 | ov_069 | 2.885276311028366 × 10^293 |
| 68 | ov_068 | 3.3529765059874503 × 10^293 |
| 67 | ov_067 | 3.875822293396465 × 10^293 |
| 66 | ov_066 | 3.8758250509470596 × 10^293 |
| 65 | ov_065 | 3.875836494598168 × 10^293 |
| 62 | ov_062 | 8.595663451612433 × 10^293 |
| 61 | ov_061 | 3.133883229585166 × 10^294 |
| 60 | ov_060 | 8.97286231700298 × 10^294 |
| 59 | ov_059 | 2.165507439522966 × 10^295 |
| 58 | ov_058 | 4.395772089351175 × 10^295 |
| 57 | ov_057 | 7.9434051151337 × 10^295 |
| 56 | ov_056 | 1.3241339477687824 × 10^296 |
| 55 | ov_055 | 2.0800125037733326 × 10^296 |
| 54 | ov_054 | 3.120794788296141 × 10^296 |
| 53 | ov_053 | 4.5130667090132805 × 10^296 |
| 52 | ov_052 | 6.3977737644906125 × 10^296 |
| 51 | ov_051 | 8.857059556998842 × 10^296 |
| 50 | ov_050 | 1.2063011081452164 × 10^297 |
| 49 | ov_049 | 1.62033379215211 × 10^297 |
| 48 | ov_048 | 2.1481428056509455 × 10^297 |
| 47 | ov_047 | 2.8116427175752785 × 10^297 |
| 32 | lv_80_m31 | 3.451742185429081 × 10^297 |
| 46 | ov_046 | 3.6343350339749485 × 10^297 |
| 45 | ov_045 | 4.641323635840769 × 10^297 |
| 44 | ov_044 | 5.859335634469317 × 10^297 |
| 43 | ov_043 | 7.316748899160624 × 10^297 |
| 42 | ov_042 | 9.04362762123667 × 10^297 |
| 41 | ov_041 | 1.1071767387861173 × 10^298 |
| 40 | ov_040 | 1.3418414430123845 × 10^298 |
| 39 | ov_039 | 1.6101762183602215 × 10^298 |
| 31 | ov_031 | 1.7694603475206934 × 10^298 |
| 38 | ov_038 | 1.9159190377216098 × 10^298 |
| 37 | ov_037 | 2.2610932562920875 × 10^298 |
| 36 | ov_036 | 2.6498567295349607 × 10^298 |
| 35 | ov_035 | 3.0865971115822706 × 10^298 |
| 34 | ov_034 | 3.575948077744954 × 10^298 |
| 33 | ov_033 | 4.122808080240288 × 10^298 |
| 30 | ov_030 | 9.069635665949242 × 10^298 |
| 29 | ov_029 | 2.9663165770848207 × 10^299 |
| 28 | ov_028 | 7.697479303094573 × 10^299 |
| 27 | ov_027 | 1.7201961084144432 × 10^300 |
| 26 | ov_026 | 3.439499436775237 × 10^300 |
| 25 | ov_025 | 6.300554466020512 × 10^300 |
| 24 | ov_024 | 1.0757634846995009 × 10^301 |
| 23 | ov_023 | 1.7800676062853587 × 10^301 |
| 22 | ov_022 | 2.8582416596469764 × 10^301 |
| 21 | ov_021 | 4.44184780765532 × 10^301 |
| 20 | ov_020 | 6.678751155546608 × 10^301 |
| 19 | ov_019 | 9.733143651887502 × 10^301 |
| 18 | ov_018 | 1.3785580415871241 × 10^302 |
| 17 | ov_017 | 1.90330322650188 × 10^302 |
| 16 | ov_016 | 2.5688958838410387 × 10^302 |
| 15 | ov_015 | 3.3983407997724124 × 10^302 |
| 14 | ov_014 | 4.416314914179338 × 10^302 |
| 13 | ov_013 | 5.649184951424337 × 10^302 |
| 12 | ov_012 | 7.125030441784491 × 10^302 |
| 11 | ov_011 | 8.87367349849791 × 10^302 |
| 10 | ov_010 | 1.0926716914965842 × 10^303 |
| 9 | ov_009 | 1.3317592272456352 × 10^303 |
| 8 | ov_008 | 1.6081619875240098 × 10^303 |
| 7 | ov_007 | 1.9256082457759214 × 10^303 |
| 6 | ov_006 | 2.2880314737576703 × 10^303 |
| 5 | ov_005 | 2.6995811018961567 × 10^303 |
| 4 | ov_004 | 3.1646353185624834 × 10^303 |
| 3 | ov_003 | 3.687816139466869 × 10^303 |
| 2 | ov_002 | 4.274006942560871 × 10^303 |
| 1 | ov_001 | 4.9283726439443043 × 10^303 |

