# Results for F001-F002-F003-F004-F005-F006-F007-F008-F009-F010-F011-F012-F013-F014-F015-F016-F017-F018-F019-F020-F021-F022-F023-F024-F025-F026-F027-F028-F029-F030-F031-F032-F033-F034-F035-F036-F037-F038-F039-F040-F041-F042-F043-F044-F045-F046-F047-F048-F049-F050-F051-F052-F053-F054-F055-F056-F057-F058-F059-F060-F061-F062-F063-F064-F065-F066-F067-F068-F069-F070-F071-F072-F073-F074-F075-F076-F077-F078-F079-F080-F081-F082-F083-F084-F085-F086-F087-F088-F089-F090-F091-F092-F093-F094-F095-F096-F097-F098-F099-F100-F101-F102-F103-F104-F105-F106-F107-F108-F109-F110-F111-F112-F113-F114-F115-F116-F117-F118-F119-F120-F121-F122-F123-F124-F125-F126-F127-F128-F129-F130-F131-F132-F133-F134-F135-F136-F137-F138-F139-F140-F141-F142-F143-F144-F145-F146-F147-F148-F149-F150-F151-F152-F153-F154-F155-F156-F157-F158-F159-F160-F161-F162-F163-F164-F165-F166-F167-F168-F169-F170-F171-F172-F173-F174-F175-F176-F177-F178-F179-F180-F181-F182-F183-F184-F185-F186-F187-F188-F189-F190-F191-F192-F193-F194-F195-F196-F197-F198-F199-F200-F201-F202-F203-F204-F205-F206-F207-F208-F209-F210-F211-F212-F213-F214-F215-F216-F217-F218-F219-F220-F221-F222-F223-F224-F225-F226-F227-F228-F229-F230-F231-F232-F233-F234-F235-F236-F237-F238-F239-F240-F241-F242-F243-F244-F245-F246-F247-F248-F249-F250-F251-F252-F253-F254-F255-F256-F257-F258-F259-F260-F261-F262-F263-F264-F265-F266-F267-F268-F269-F270-F271-F272-F273-F274-F275-F276-F277-F278-F279-F280-F281-F282-F283-F284-F285-F286-F287-F288-F289-F290-F291-F292-F293-F294-F295-F296-F297-F298-F299-F300-F301-F302-F303-F304-F305-F306-F307-F308-F309-F310-F311-F312-F313-F314-F315-F316-F317-F318-F319-F320-F321-F322-F323-F324-F325-F326-F327-F328-F329-F330-F331-F332-F333-F334-F335-F336-F337-F338-F339-F340-F341-F342-F343-F344-F345-F346-F347-F348-F349-F350-F351-F352-F353-F354-F355-F356-F357-F358-F359-F360-F361-F362-F363-F364-F365-F366-F367-F368-F369-F370-F371-F372-F373-F374-F375-F376-F377-F378-F379-F380-F381-F382-F383-F384-F385-F386-F387-F388-F389-F390-F391-F392-F393-F394-F395-F396-F397-F398-F399-F400-F401-F402-F403-F404-F405-F406-F407-F408-F409-F410-F411-F412-F413-F414-F415-F416-F417-F418-F419-F420-F421-F422-F423-F424-F425-F426-F427-F428-F429-F430-F431-F432-F433-F434-F435-F436-F437-F438-F439-F440-F441-F442-F443-F444-F445-F446-F447-F448-F449-F450-F451-F452-F453-F454-F455-F456-F457-F458-F459-F460-F461-F462-F463-F464-F465-F466-F467-F468-F469-F470-F471-F472-F473-F474-F475-F476-F477-F478-F479-F480-F481-F482-F483-F484-F485-F486-F487-F488-F489-F490-F491-F492-F493-F494-F495-F496-E497507-F499-F505-F509-F510-F511-F512

## Summary

Number of input bits: 512  
Number of free input bits: 9  
Number of output bits: 160

Number of direct occurrences: 36340  
Number of assignments: 30825  
Number of operations: 10779207
(xor: 10751328,
and: 14731,
or: 13148)

Total complexity: 4.5583210329089524 × 10^296

Least occurring input variable: iv_504 (3882)  
Most occurring input variable: iv_497 (4217)

Most co-occurring input variables: iv_501-iv_502 (2030)  
Least co-occurring input variables: iv_497-iv_498 (1762)

Potentially most occurring input variable: iv_497/iv_498 (4590)  
Potentially least occurring input variable: iv_501/iv_502 (4078)

Least output occurring input variable: iv_503 (72)  
Most output occurring input variable: iv_498 (88)

Most output co-occurring input variables: iv_497-iv_498 (49)  
Least output co-occurring input variables: iv_500-iv_502 (32)

Potentially most output occurring input variable: iv_500/iv_502 (95)  
Potentially least output occurring input variable: iv_501/iv_503 (67)

Least complex input bit: iv_498 (7.155501946517566 × 10^294)  
Most complex input bit: iv_508 (1.2525608702358285 × 10^296)

Least complex output bit: aaa_76_29 (9.317575055983134 × 10^271)  
Most complex output bit: ov_001 (7.291759153790522 × 10^295)

Least complex input/output complexity: iv_498/aaa_76_29 (1.4626421870809575 × 10^270)  
Most complex input/output complexity: iv_508/ov_001 (2.0036702385117733 × 10^295)

## Input Bits

### Input Bits in Regular Order

| Input Bit | Complexity | Occurrences | Output Occurrences |
|:---------:|:----------:|:-----------:|:------------------:|
| iv_497 | 1.0476148771517509 × 10^296 | 4217 | 81 |
| iv_498 | 7.155501946517566 × 10^294 | 3897 | 88 |
| iv_500 | 2.1268968748437663 × 10^295 | 4075 | 76 |
| iv_501 | 3.5009600769875275 × 10^295 | 4054 | 83 |
| iv_502 | 5.643927433062485 × 10^295 | 4084 | 83 |
| iv_503 | 3.2947655366630416 × 10^295 | 4063 | 72 |
| iv_504 | 1.6493334784646944 × 10^295 | 3882 | 78 |
| iv_506 | 5.650019260540509 × 10^295 | 3912 | 82 |
| iv_508 | 1.2525608702358285 × 10^296 | 4156 | 81 |

### Input Bits Sorted by Complexity

| Input Bit | Complexity | Occurrences | Output Occurrences |
|:---------:|:----------:|:-----------:|:------------------:|
| iv_498 | 7.155501946517566 × 10^294 | 3897 | 88 |
| iv_504 | 1.6493334784646944 × 10^295 | 3882 | 78 |
| iv_500 | 2.1268968748437663 × 10^295 | 4075 | 76 |
| iv_503 | 3.2947655366630416 × 10^295 | 4063 | 72 |
| iv_501 | 3.5009600769875275 × 10^295 | 4054 | 83 |
| iv_502 | 5.643927433062485 × 10^295 | 4084 | 83 |
| iv_506 | 5.650019260540509 × 10^295 | 3912 | 82 |
| iv_497 | 1.0476148771517509 × 10^296 | 4217 | 81 |
| iv_508 | 1.2525608702358285 × 10^296 | 4156 | 81 |

### Input Bits Sorted by Occurrences

| Input Bit | Complexity | Occurrences | Output Occurrences |
|:---------:|:----------:|:-----------:|:------------------:|
| iv_504 | 1.6493334784646944 × 10^295 | 3882 | 78 |
| iv_498 | 7.155501946517566 × 10^294 | 3897 | 88 |
| iv_506 | 5.650019260540509 × 10^295 | 3912 | 82 |
| iv_501 | 3.5009600769875275 × 10^295 | 4054 | 83 |
| iv_503 | 3.2947655366630416 × 10^295 | 4063 | 72 |
| iv_500 | 2.1268968748437663 × 10^295 | 4075 | 76 |
| iv_502 | 5.643927433062485 × 10^295 | 4084 | 83 |
| iv_508 | 1.2525608702358285 × 10^296 | 4156 | 81 |
| iv_497 | 1.0476148771517509 × 10^296 | 4217 | 81 |

### Input Bits Sorted by Output Occurrences

| Input Bit | Complexity | Occurrences | Output Occurrences |
|:---------:|:----------:|:-----------:|:------------------:|
| iv_503 | 3.2947655366630416 × 10^295 | 4063 | 72 |
| iv_500 | 2.1268968748437663 × 10^295 | 4075 | 76 |
| iv_504 | 1.6493334784646944 × 10^295 | 3882 | 78 |
| iv_497 | 1.0476148771517509 × 10^296 | 4217 | 81 |
| iv_508 | 1.2525608702358285 × 10^296 | 4156 | 81 |
| iv_506 | 5.650019260540509 × 10^295 | 3912 | 82 |
| iv_501 | 3.5009600769875275 × 10^295 | 4054 | 83 |
| iv_502 | 5.643927433062485 × 10^295 | 4084 | 83 |
| iv_498 | 7.155501946517566 × 10^294 | 3897 | 88 |

## Input Bit Co-occurrences

### Input Bit Co-occurrences Sorted by Co-occurrences

| Input Bits | Co-occurrences | Potential Occurrences | Output Co-occurrences | Potential Output Occurrences |
|:----------:|:--------------:|:---------------------:|:---------------------:|:----------------------------:|
| iv_501-iv_502 | 2030 | 4078 | 43 | 80 |
| iv_497-iv_508 | 2011 | 4351 | 45 | 72 |
| iv_500-iv_502 | 1971 | 4217 | 32 | 95 |
| iv_500-iv_508 | 1963 | 4305 | 36 | 85 |
| iv_500-iv_501 | 1941 | 4247 | 41 | 77 |
| iv_502-iv_508 | 1934 | 4372 | 39 | 86 |
| iv_500-iv_503 | 1933 | 4272 | 36 | 76 |
| iv_501-iv_503 | 1925 | 4267 | 44 | 67 |
| iv_503-iv_508 | 1925 | 4369 | 36 | 81 |

### Input Bit Co-occurrences Sorted by Potential Occurrences

| Input Bits | Co-occurrences | Potential Occurrences | Output Co-occurrences | Potential Output Occurrences |
|:----------:|:--------------:|:---------------------:|:---------------------:|:----------------------------:|
| iv_501-iv_502 | 2030 | 4078 | 43 | 80 |
| iv_504-iv_506 | 1843 | 4108 | 42 | 76 |
| iv_498-iv_504 | 1810 | 4159 | 46 | 74 |
| iv_503-iv_506 | 1902 | 4171 | 35 | 84 |
| iv_498-iv_506 | 1817 | 4175 | 41 | 88 |
| iv_500-iv_504 | 1880 | 4197 | 38 | 78 |
| iv_500-iv_506 | 1895 | 4197 | 36 | 86 |
| iv_500-iv_502 | 1971 | 4217 | 32 | 95 |
| iv_498-iv_500 | 1870 | 4232 | 39 | 86 |

### Input Bit Output Co-occurrences Sorted by Output Co-occurrences

| Input Bits | Co-occurrences | Potential Occurrences | Output Co-occurrences | Potential Output Occurrences |
|:----------:|:--------------:|:---------------------:|:---------------------:|:----------------------------:|
| iv_497-iv_498 | 1762 | 4590 | 49 | 71 |
| iv_498-iv_501 | 1843 | 4265 | 48 | 75 |
| iv_498-iv_504 | 1810 | 4159 | 46 | 74 |
| iv_497-iv_501 | 1918 | 4435 | 45 | 74 |
| iv_497-iv_508 | 2011 | 4351 | 45 | 72 |
| iv_498-iv_508 | 1837 | 4379 | 45 | 79 |
| iv_498-iv_502 | 1842 | 4297 | 44 | 83 |
| iv_501-iv_506 | 1835 | 4296 | 44 | 77 |
| iv_501-iv_503 | 1925 | 4267 | 44 | 67 |

### Input Bit Output Co-occurrences Sorted by Potential Output Occurrences

| Input Bits | Co-occurrences | Potential Occurrences | Output Co-occurrences | Potential Output Occurrences |
|:----------:|:--------------:|:---------------------:|:---------------------:|:----------------------------:|
| iv_501-iv_503 | 1925 | 4267 | 44 | 67 |
| iv_497-iv_498 | 1762 | 4590 | 49 | 71 |
| iv_497-iv_508 | 2011 | 4351 | 45 | 72 |
| iv_497-iv_501 | 1918 | 4435 | 45 | 74 |
| iv_498-iv_504 | 1810 | 4159 | 46 | 74 |
| iv_498-iv_501 | 1843 | 4265 | 48 | 75 |
| iv_504-iv_506 | 1843 | 4108 | 42 | 76 |
| iv_500-iv_503 | 1933 | 4272 | 36 | 76 |
| iv_497-iv_504 | 1822 | 4455 | 41 | 77 |

## Output Bits

### Output Bits in Regular Order

| Rank | Output Bit | Complexity |
|:----:|:----------:|:----------:|
| 1 | ov_001 | 7.291759153790522 × 10^295 |
| 2 | ov_002 | 6.323430080202667 × 10^295 |
| 3 | ov_003 | 5.456036889000818 × 10^295 |
| 4 | ov_004 | 4.681921299897763 × 10^295 |
| 5 | ov_005 | 3.993843748663874 × 10^295 |
| 6 | ov_006 | 3.384953646698406 × 10^295 |
| 7 | ov_007 | 2.8487634565294685 × 10^295 |
| 8 | ov_008 | 2.3791263170898613 × 10^295 |
| 9 | ov_009 | 1.9702169224065256 × 10^295 |
| 10 | ov_010 | 1.616515323872902 × 10^295 |
| 11 | ov_011 | 1.3127933640292024 × 10^295 |
| 12 | ov_012 | 1.0541034700398078 × 10^295 |
| 13 | ov_013 | 8.357695131538054 × 10^294 |
| 14 | ov_014 | 6.533794391331769 × 10^294 |
| 15 | ov_015 | 5.027793940053221 × 10^294 |
| 16 | ov_016 | 3.8006910235021616 × 10^294 |
| 17 | ov_017 | 2.8159830171253755 × 10^294 |
| 18 | ov_018 | 2.0396405573780408 × 10^294 |
| 19 | ov_019 | 1.4400876029375674 × 10^294 |
| 20 | ov_020 | 9.88186710236782 × 10^293 |
| 21 | ov_021 | 6.572282524218579 × 10^293 |
| 22 | ov_022 | 4.2292271996157755 × 10^293 |
| 23 | ov_023 | 2.6339543641600032 × 10^293 |
| 24 | ov_024 | 1.5918311712862285 × 10^293 |
| 25 | ov_025 | 9.323179284257163 × 10^292 |
| 26 | ov_026 | 5.089569514606281 × 10^292 |
| 27 | ov_027 | 2.5453899111204424 × 10^292 |
| 28 | ov_028 | 1.138925040941034 × 10^292 |
| 29 | ov_029 | 4.388312902517447 × 10^291 |
| 30 | ov_030 | 1.3413536413033022 × 10^291 |
| 31 | ov_031 | 2.6153821676624085 × 10^290 |
| 32 | lv_80_m31 | 5.097479620681317 × 10^289 |
| 33 | ov_033 | 6.122824418467292 × 10^290 |
| 34 | ov_034 | 5.3148081392111095 × 10^290 |
| 35 | ov_035 | 4.5912860037741386 × 10^290 |
| 36 | ov_036 | 3.94483953962626 × 10^290 |
| 37 | ov_037 | 3.368449220415654 × 10^290 |
| 38 | ov_038 | 2.858701258301842 × 10^290 |
| 39 | ov_039 | 2.4092936419817766 × 10^290 |
| 40 | ov_040 | 2.014250231944554 × 10^290 |
| 41 | ov_041 | 1.6679030997787426 × 10^290 |
| 42 | ov_042 | 1.3674933100527912 × 10^290 |
| 43 | ov_043 | 1.1104051967430695 × 10^290 |
| 44 | ov_044 | 8.9181572833715 × 10^289 |
| 45 | ov_045 | 7.07164190394252 × 10^289 |
| 46 | ov_046 | 5.542348724013963 × 10^289 |
| 47 | ov_047 | 4.289730083467387 × 10^289 |
| 48 | ov_048 | 3.2757006436770174 × 10^289 |
| 49 | ov_049 | 2.464606295400716 × 10^289 |
| 50 | ov_050 | 1.8232010958572457 × 10^289 |
| 51 | ov_051 | 1.320630542180148 × 10^289 |
| 52 | ov_052 | 9.420634977599592 × 10^288 |
| 53 | ov_053 | 6.613960765092418 × 10^288 |
| 54 | ov_054 | 4.548896123051254 × 10^288 |
| 55 | ov_055 | 3.0116668207470576 × 10^288 |
| 56 | ov_056 | 1.90128490315932 × 10^288 |
| 57 | ov_057 | 1.1285509041839807 × 10^288 |
| 58 | ov_058 | 6.160481346910593 × 10^287 |
| 59 | ov_059 | 2.9813964873086004 × 10^287 |
| 60 | ov_060 | 1.2096683570392484 × 10^287 |
| 61 | ov_061 | 4.244890129661118 × 10^286 |
| 62 | ov_062 | 1.2959292273289498 × 10^286 |
| 63 | ov_063 | 2.5237289670868937 × 10^285 |
| 64 | lv_79_m31 | 4.913693657157105 × 10^284 |
| 65 | ov_065 | 5.836884867237522 × 10^285 |
| 66 | ov_066 | 5.836866175916365 × 10^285 |
| 67 | ov_067 | 5.836861601120566 × 10^285 |
| 68 | ov_068 | 5.038888953959534 × 10^285 |
| 69 | ov_069 | 4.3277567568442044 × 10^285 |
| 70 | ov_070 | 3.696386374141358 × 10^285 |
| 71 | ov_071 | 3.1381348716359666 × 10^285 |
| 72 | ov_072 | 2.646765505321127 × 10^285 |
| 73 | ov_073 | 2.2164208158934915 × 10^285 |
| 74 | ov_074 | 1.8415981920132408 × 10^285 |
| 75 | ov_075 | 1.517127770520262 × 10^285 |
| 76 | ov_076 | 1.2381525459900167 × 10^285 |
| 77 | ov_077 | 1.00011056538729 × 10^285 |
| 78 | ov_078 | 7.987190862493704 × 10^284 |
| 79 | ov_079 | 6.299605789100014 × 10^284 |
| 80 | ov_080 | 4.900704548614076 × 10^284 |
| 81 | ov_081 | 3.755264045356807 × 10^284 |
| 82 | ov_082 | 2.830392286526462 × 10^284 |
| 83 | ov_083 | 2.095450479041498 × 10^284 |
| 84 | ov_084 | 1.5219877618771221 × 10^284 |
| 85 | ov_085 | 1.0836874291359955 × 10^284 |
| 86 | ov_086 | 7.563235012233181 × 10^283 |
| 87 | ov_087 | 5.177265028952788 × 10^283 |
| 88 | ov_088 | 3.477573078186636 × 10^283 |
| 89 | ov_089 | 2.2828790978097563 × 10^283 |
| 90 | ov_090 | 1.4318798095346014 × 10^283 |
| 91 | ov_091 | 8.489042288162333 × 10^282 |
| 92 | ov_092 | 4.6820890417614795 × 10^282 |
| 93 | ov_093 | 2.339589293890972 × 10^282 |
| 94 | ov_094 | 1.002186127433377 × 10^282 |
| 95 | aaa_78_28 | 3.0947667491218355 × 10^281 |
| 96 | aaa_78_29 | 9.504699232997933 × 10^280 |
| 97 | ov_097 | 6.277919713242917 × 10^280 |
| 98 | ov_098 | 6.277732018281314 × 10^280 |
| 99 | ov_099 | 6.277672096881479 × 10^280 |
| 100 | ov_100 | 5.64957139070952 × 10^280 |
| 101 | ov_101 | 5.067739821096572 × 10^280 |
| 102 | ov_102 | 4.52964918711191 × 10^280 |
| 103 | ov_103 | 4.0329558125223817 × 10^280 |
| 104 | ov_104 | 3.5754762322755807 × 10^280 |
| 105 | ov_105 | 3.1551651158913745 × 10^280 |
| 106 | ov_106 | 2.770095314160056 × 10^280 |
| 107 | ov_107 | 2.4184399192965417 × 10^280 |
| 108 | ov_108 | 2.0984562316522255 × 10^280 |
| 109 | ov_109 | 1.808471528363429 × 10^280 |
| 110 | ov_110 | 1.5468705310268722 × 10^280 |
| 111 | ov_111 | 1.3120844707433197 × 10^280 |
| 112 | ov_112 | 1.1025816497564604 × 10^280 |
| 113 | ov_113 | 9.168593995187192 × 10^279 |
| 114 | ov_114 | 7.534373354092563 × 10^279 |
| 115 | ov_115 | 6.108518085733545 × 10^279 |
| 116 | ov_116 | 4.8765145550185487 × 10^279 |
| 117 | ov_117 | 3.823937460657756 × 10^279 |
| 118 | ov_118 | 2.936424307877542 × 10^279 |
| 119 | ov_119 | 2.1996570676015472 × 10^279 |
| 120 | ov_120 | 1.599348526214383 × 10^279 |
| 121 | ov_121 | 1.1212318921542486 × 10^279 |
| 122 | ov_122 | 7.510531637361048 × 10^278 |
| 123 | ov_123 | 4.7456576266465155 × 10^278 |
| 124 | ov_124 | 2.7752693770354257 × 10^278 |
| 125 | ov_125 | 1.4569556319554766 × 10^278 |
| 126 | ov_126 | 6.483104878235869 × 10^277 |
| 127 | aaa_77_28 | 2.0692944980584984 × 10^277 |
| 128 | aaa_77_29 | 7.752588964704614 × 10^276 |
| 129 | ov_129 | 7.126793902540869 × 10^276 |
| 130 | ov_130 | 7.126772641619399 × 10^276 |
| 131 | ov_131 | 7.126767509769321 × 10^276 |
| 132 | ov_132 | 6.167601369683365 × 10^276 |
| 133 | ov_133 | 5.309489812984513 × 10^276 |
| 134 | ov_134 | 4.5447929355057943 × 10^276 |
| 135 | ov_135 | 3.866271316303209 × 10^276 |
| 136 | ov_136 | 3.26705731790892 × 10^276 |
| 137 | ov_137 | 2.7406306062439727 × 10^276 |
| 138 | ov_138 | 2.2807974674537783 × 10^276 |
| 139 | ov_139 | 1.8816735201288702 × 10^276 |
| 140 | ov_140 | 1.537669442038266 × 10^276 |
| 141 | ov_141 | 1.2434793507673362 × 10^276 |
| 142 | ov_142 | 9.940714976236824 × 10^275 |
| 143 | ov_143 | 7.846809539380003 × 10^275 |
| 144 | ov_144 | 6.108039885074795 × 10^275 |
| 145 | ov_145 | 4.681938544554636 × 10^275 |
| 146 | ov_146 | 3.528577232458457 × 10^275 |
| 147 | ov_147 | 2.6105452301424305 × 10^275 |
| 148 | ov_148 | 1.8929346931624457 × 10^275 |
| 149 | ov_149 | 1.3433311885327776 × 10^275 |
| 150 | ov_150 | 9.318079609168401 × 10^274 |
| 151 | ov_151 | 6.309224686432246 × 10^274 |
| 152 | ov_152 | 4.157141009566666 × 10^274 |
| 153 | ov_153 | 2.6370255973097886 × 10^274 |
| 154 | ov_154 | 1.5488672980799812 × 10^274 |
| 155 | ov_155 | 7.988573257258552 × 10^273 |
| 156 | aaa_76_25 | 3.055778295938528 × 10^273 |
| 157 | aaa_76_26 | 1.745163990789055 × 10^273 |
| 158 | aaa_76_27 | 8.770710105619773 × 10^272 |
| 159 | aaa_76_28 | 3.2761901053067216 × 10^272 |
| 160 | aaa_76_29 | 9.317575055983134 × 10^271 |

### Output Bits Sorted by Complexity

| Rank | Output Bit | Complexity |
|:----:|:----------:|:----------:|
| 160 | aaa_76_29 | 9.317575055983134 × 10^271 |
| 159 | aaa_76_28 | 3.2761901053067216 × 10^272 |
| 158 | aaa_76_27 | 8.770710105619773 × 10^272 |
| 157 | aaa_76_26 | 1.745163990789055 × 10^273 |
| 156 | aaa_76_25 | 3.055778295938528 × 10^273 |
| 155 | ov_155 | 7.988573257258552 × 10^273 |
| 154 | ov_154 | 1.5488672980799812 × 10^274 |
| 153 | ov_153 | 2.6370255973097886 × 10^274 |
| 152 | ov_152 | 4.157141009566666 × 10^274 |
| 151 | ov_151 | 6.309224686432246 × 10^274 |
| 150 | ov_150 | 9.318079609168401 × 10^274 |
| 149 | ov_149 | 1.3433311885327776 × 10^275 |
| 148 | ov_148 | 1.8929346931624457 × 10^275 |
| 147 | ov_147 | 2.6105452301424305 × 10^275 |
| 146 | ov_146 | 3.528577232458457 × 10^275 |
| 145 | ov_145 | 4.681938544554636 × 10^275 |
| 144 | ov_144 | 6.108039885074795 × 10^275 |
| 143 | ov_143 | 7.846809539380003 × 10^275 |
| 142 | ov_142 | 9.940714976236824 × 10^275 |
| 141 | ov_141 | 1.2434793507673362 × 10^276 |
| 140 | ov_140 | 1.537669442038266 × 10^276 |
| 139 | ov_139 | 1.8816735201288702 × 10^276 |
| 138 | ov_138 | 2.2807974674537783 × 10^276 |
| 137 | ov_137 | 2.7406306062439727 × 10^276 |
| 136 | ov_136 | 3.26705731790892 × 10^276 |
| 135 | ov_135 | 3.866271316303209 × 10^276 |
| 134 | ov_134 | 4.5447929355057943 × 10^276 |
| 133 | ov_133 | 5.309489812984513 × 10^276 |
| 132 | ov_132 | 6.167601369683365 × 10^276 |
| 131 | ov_131 | 7.126767509769321 × 10^276 |
| 130 | ov_130 | 7.126772641619399 × 10^276 |
| 129 | ov_129 | 7.126793902540869 × 10^276 |
| 128 | aaa_77_29 | 7.752588964704614 × 10^276 |
| 127 | aaa_77_28 | 2.0692944980584984 × 10^277 |
| 126 | ov_126 | 6.483104878235869 × 10^277 |
| 125 | ov_125 | 1.4569556319554766 × 10^278 |
| 124 | ov_124 | 2.7752693770354257 × 10^278 |
| 123 | ov_123 | 4.7456576266465155 × 10^278 |
| 122 | ov_122 | 7.510531637361048 × 10^278 |
| 121 | ov_121 | 1.1212318921542486 × 10^279 |
| 120 | ov_120 | 1.599348526214383 × 10^279 |
| 119 | ov_119 | 2.1996570676015472 × 10^279 |
| 118 | ov_118 | 2.936424307877542 × 10^279 |
| 117 | ov_117 | 3.823937460657756 × 10^279 |
| 116 | ov_116 | 4.8765145550185487 × 10^279 |
| 115 | ov_115 | 6.108518085733545 × 10^279 |
| 114 | ov_114 | 7.534373354092563 × 10^279 |
| 113 | ov_113 | 9.168593995187192 × 10^279 |
| 112 | ov_112 | 1.1025816497564604 × 10^280 |
| 111 | ov_111 | 1.3120844707433197 × 10^280 |
| 110 | ov_110 | 1.5468705310268722 × 10^280 |
| 109 | ov_109 | 1.808471528363429 × 10^280 |
| 108 | ov_108 | 2.0984562316522255 × 10^280 |
| 107 | ov_107 | 2.4184399192965417 × 10^280 |
| 106 | ov_106 | 2.770095314160056 × 10^280 |
| 105 | ov_105 | 3.1551651158913745 × 10^280 |
| 104 | ov_104 | 3.5754762322755807 × 10^280 |
| 103 | ov_103 | 4.0329558125223817 × 10^280 |
| 102 | ov_102 | 4.52964918711191 × 10^280 |
| 101 | ov_101 | 5.067739821096572 × 10^280 |
| 100 | ov_100 | 5.64957139070952 × 10^280 |
| 99 | ov_099 | 6.277672096881479 × 10^280 |
| 98 | ov_098 | 6.277732018281314 × 10^280 |
| 97 | ov_097 | 6.277919713242917 × 10^280 |
| 96 | aaa_78_29 | 9.504699232997933 × 10^280 |
| 95 | aaa_78_28 | 3.0947667491218355 × 10^281 |
| 94 | ov_094 | 1.002186127433377 × 10^282 |
| 93 | ov_093 | 2.339589293890972 × 10^282 |
| 92 | ov_092 | 4.6820890417614795 × 10^282 |
| 91 | ov_091 | 8.489042288162333 × 10^282 |
| 90 | ov_090 | 1.4318798095346014 × 10^283 |
| 89 | ov_089 | 2.2828790978097563 × 10^283 |
| 88 | ov_088 | 3.477573078186636 × 10^283 |
| 87 | ov_087 | 5.177265028952788 × 10^283 |
| 86 | ov_086 | 7.563235012233181 × 10^283 |
| 85 | ov_085 | 1.0836874291359955 × 10^284 |
| 84 | ov_084 | 1.5219877618771221 × 10^284 |
| 83 | ov_083 | 2.095450479041498 × 10^284 |
| 82 | ov_082 | 2.830392286526462 × 10^284 |
| 81 | ov_081 | 3.755264045356807 × 10^284 |
| 80 | ov_080 | 4.900704548614076 × 10^284 |
| 64 | lv_79_m31 | 4.913693657157105 × 10^284 |
| 79 | ov_079 | 6.299605789100014 × 10^284 |
| 78 | ov_078 | 7.987190862493704 × 10^284 |
| 77 | ov_077 | 1.00011056538729 × 10^285 |
| 76 | ov_076 | 1.2381525459900167 × 10^285 |
| 75 | ov_075 | 1.517127770520262 × 10^285 |
| 74 | ov_074 | 1.8415981920132408 × 10^285 |
| 73 | ov_073 | 2.2164208158934915 × 10^285 |
| 63 | ov_063 | 2.5237289670868937 × 10^285 |
| 72 | ov_072 | 2.646765505321127 × 10^285 |
| 71 | ov_071 | 3.1381348716359666 × 10^285 |
| 70 | ov_070 | 3.696386374141358 × 10^285 |
| 69 | ov_069 | 4.3277567568442044 × 10^285 |
| 68 | ov_068 | 5.038888953959534 × 10^285 |
| 67 | ov_067 | 5.836861601120566 × 10^285 |
| 66 | ov_066 | 5.836866175916365 × 10^285 |
| 65 | ov_065 | 5.836884867237522 × 10^285 |
| 62 | ov_062 | 1.2959292273289498 × 10^286 |
| 61 | ov_061 | 4.244890129661118 × 10^286 |
| 60 | ov_060 | 1.2096683570392484 × 10^287 |
| 59 | ov_059 | 2.9813964873086004 × 10^287 |
| 58 | ov_058 | 6.160481346910593 × 10^287 |
| 57 | ov_057 | 1.1285509041839807 × 10^288 |
| 56 | ov_056 | 1.90128490315932 × 10^288 |
| 55 | ov_055 | 3.0116668207470576 × 10^288 |
| 54 | ov_054 | 4.548896123051254 × 10^288 |
| 53 | ov_053 | 6.613960765092418 × 10^288 |
| 52 | ov_052 | 9.420634977599592 × 10^288 |
| 51 | ov_051 | 1.320630542180148 × 10^289 |
| 50 | ov_050 | 1.8232010958572457 × 10^289 |
| 49 | ov_049 | 2.464606295400716 × 10^289 |
| 48 | ov_048 | 3.2757006436770174 × 10^289 |
| 47 | ov_047 | 4.289730083467387 × 10^289 |
| 32 | lv_80_m31 | 5.097479620681317 × 10^289 |
| 46 | ov_046 | 5.542348724013963 × 10^289 |
| 45 | ov_045 | 7.07164190394252 × 10^289 |
| 44 | ov_044 | 8.9181572833715 × 10^289 |
| 43 | ov_043 | 1.1104051967430695 × 10^290 |
| 42 | ov_042 | 1.3674933100527912 × 10^290 |
| 41 | ov_041 | 1.6679030997787426 × 10^290 |
| 40 | ov_040 | 2.014250231944554 × 10^290 |
| 39 | ov_039 | 2.4092936419817766 × 10^290 |
| 31 | ov_031 | 2.6153821676624085 × 10^290 |
| 38 | ov_038 | 2.858701258301842 × 10^290 |
| 37 | ov_037 | 3.368449220415654 × 10^290 |
| 36 | ov_036 | 3.94483953962626 × 10^290 |
| 35 | ov_035 | 4.5912860037741386 × 10^290 |
| 34 | ov_034 | 5.3148081392111095 × 10^290 |
| 33 | ov_033 | 6.122824418467292 × 10^290 |
| 30 | ov_030 | 1.3413536413033022 × 10^291 |
| 29 | ov_029 | 4.388312902517447 × 10^291 |
| 28 | ov_028 | 1.138925040941034 × 10^292 |
| 27 | ov_027 | 2.5453899111204424 × 10^292 |
| 26 | ov_026 | 5.089569514606281 × 10^292 |
| 25 | ov_025 | 9.323179284257163 × 10^292 |
| 24 | ov_024 | 1.5918311712862285 × 10^293 |
| 23 | ov_023 | 2.6339543641600032 × 10^293 |
| 22 | ov_022 | 4.2292271996157755 × 10^293 |
| 21 | ov_021 | 6.572282524218579 × 10^293 |
| 20 | ov_020 | 9.88186710236782 × 10^293 |
| 19 | ov_019 | 1.4400876029375674 × 10^294 |
| 18 | ov_018 | 2.0396405573780408 × 10^294 |
| 17 | ov_017 | 2.8159830171253755 × 10^294 |
| 16 | ov_016 | 3.8006910235021616 × 10^294 |
| 15 | ov_015 | 5.027793940053221 × 10^294 |
| 14 | ov_014 | 6.533794391331769 × 10^294 |
| 13 | ov_013 | 8.357695131538054 × 10^294 |
| 12 | ov_012 | 1.0541034700398078 × 10^295 |
| 11 | ov_011 | 1.3127933640292024 × 10^295 |
| 10 | ov_010 | 1.616515323872902 × 10^295 |
| 9 | ov_009 | 1.9702169224065256 × 10^295 |
| 8 | ov_008 | 2.3791263170898613 × 10^295 |
| 7 | ov_007 | 2.8487634565294685 × 10^295 |
| 6 | ov_006 | 3.384953646698406 × 10^295 |
| 5 | ov_005 | 3.993843748663874 × 10^295 |
| 4 | ov_004 | 4.681921299897763 × 10^295 |
| 3 | ov_003 | 5.456036889000818 × 10^295 |
| 2 | ov_002 | 6.323430080202667 × 10^295 |
| 1 | ov_001 | 7.291759153790522 × 10^295 |

