# Results for F001-F002-F003-F004-F005-F006-F007-F008-F009-F010-F011-F012-F013-F014-F015-F016-F017-F018-F019-F020-F021-F022-F023-F024-F025-F026-F027-F028-F029-F030-F031-F032-F033-F034-F035-F036-F037-F038-F039-F040-F041-F042-F043-F044-F045-F046-F047-F048-F049-F050-F051-F052-F053-F054-F055-F056-F057-F058-F059-F060-F061-F062-F063-F064-F065-F066-F067-F068-F069-F070-F071-F072-F073-F074-F075-F076-F077-F078-F079-F080-F081-F082-F083-F084-F085-F086-F087-F088-F089-F090-F091-F092-F093-F094-F095-F096-F097-F098-F099-F100-F101-F102-F103-F104-F105-F106-F107-F108-F109-F110-F111-F112-F113-F114-F115-F116-F117-F118-F119-F120-F121-F122-F123-F124-F125-F126-F127-F128-F129-F130-F131-F132-F133-F134-F135-F136-F137-F138-F139-F140-F141-F142-F143-F144-F145-F146-F147-F148-F149-F150-F151-F152-F153-F154-F155-F156-F157-F158-F159-F160-F161-F162-F163-F164-F165-F166-F167-F168-F169-F170-F171-F172-F173-F174-F175-F176-F177-F178-F179-F180-F181-F182-F183-F184-F185-F186-F187-F188-F189-F190-F191-F192-F193-F194-F195-F196-F197-F198-F199-F200-F201-F202-F203-F204-F205-F206-F207-F208-F209-F210-F211-F212-F213-F214-F215-F216-F217-F218-F219-F220-F221-F222-F223-F224-F225-F226-F227-F228-F229-F230-F231-F232-F233-F234-F235-F236-F237-F238-F239-F240-F241-F242-F243-F244-F245-F246-F247-F248-F249-F250-F251-F252-F253-F254-F255-F256-F257-F258-F259-F260-F261-F262-F263-F264-F265-F266-F267-F268-F269-F270-F271-F272-F273-F274-F275-F276-F277-F278-F279-F280-F281-F282-F283-F284-F285-F286-F287-F288-F289-F290-F291-F292-F293-F294-F295-F296-F297-F298-F299-F300-F301-F302-F303-F304-F305-F306-F307-F308-F309-F310-F311-F312-F313-F314-F315-F316-F317-F318-F319-F320-F321-F322-F323-F324-F325-F326-F327-F328-F329-F330-F331-F332-F333-F334-F335-F336-F337-F338-F339-F340-F341-F342-F343-F344-F345-F346-F347-F348-F349-F350-F351-F352-F353-F354-F355-F356-F357-F358-F359-F360-F361-F362-F363-F364-F365-F366-F367-F368-F369-F370-F371-F372-F373-F374-F375-F376-F377-F378-F379-F380-F381-F382-F383-F384-F385-F386-F387-F388-F389-F390-F391-F392-F393-F394-F395-F396-F397-F398-F399-F400-F401-F402-F403-F404-F405-F406-F407-F408-F409-F410-F411-F412-F413-F414-F415-F416-F417-F418-F419-F420-F421-F422-F423-F424-F425-F426-F427-F428-F429-F430-F431-F432-F433-F434-F435-F436-F437-F438-F439-F440-F441-F442-F443-F444-F445-F446-F447-F448-F449-F450-F451-F452-F453-F454-F455-F456-F457-F458-F459-F460-F461-F462-F463-F464-F465-F466-F467-F468-F469-F470-F471-F472-F473-F474-F475-F476-F477-F478-F479-F480-F481-F482-F483-F484-F485-F486-F487-F488-F489-F490-F491-F492-F493-F494-F495-F496-O500505-T507-F508-F509-F510-F511-F512

## Summary

Number of input bits: 512  
Number of free input bits: 9  
Number of output bits: 160

Number of direct occurrences: 36549  
Number of assignments: 30816  
Number of operations: 11458566
(xor: 11430659,
and: 14723,
or: 13184)

Total complexity: 7.801500239413015 × 10^298

Least occurring input variable: iv_499 (3848)  
Most occurring input variable: iv_500 (4233)

Most co-occurring input variables: iv_501-iv_503 (2031)  
Least co-occurring input variables: iv_499-iv_504 (1809)

Potentially most occurring input variable: iv_500/iv_501 (4468)  
Potentially least occurring input variable: iv_498/iv_506 (4136)

Least output occurring input variable: iv_501 (73)  
Most output occurring input variable: iv_506 (86)

Most output co-occurring input variables: iv_497-iv_503 (45)  
Least output co-occurring input variables: iv_497-iv_501 (32)

Potentially most output occurring input variable: iv_497/iv_501 (91)  
Potentially least output occurring input variable: iv_498/iv_499 (68)

Least complex input bit: iv_497 (4.594541786520355 × 10^296)  
Most complex input bit: iv_500 (2.77200151378994 × 10^298)

Least complex output bit: aaa_76_29 (4.015076717602333 × 10^273)  
Most complex output bit: ov_001 (1.2695498028347046 × 10^298)

Least complex input/output complexity: iv_497/aaa_76_29 (2.3646013188479834 × 10^271)  
Most complex input/output complexity: iv_500/ov_001 (4.5109195248250094 × 10^297)

## Input Bits

### Input Bits in Regular Order

| Input Bit | Complexity | Occurrences | Output Occurrences |
|:---------:|:----------:|:-----------:|:------------------:|
| iv_497 | 4.594541786520355 × 10^296 | 4134 | 82 |
| iv_498 | 9.120246717003188 × 10^296 | 3977 | 76 |
| iv_499 | 1.6649390271882918 × 10^297 | 3848 | 82 |
| iv_500 | 2.77200151378994 × 10^298 | 4233 | 73 |
| iv_501 | 4.976419001479866 × 10^297 | 4061 | 73 |
| iv_502 | 8.261003787143275 × 10^297 | 4051 | 74 |
| iv_503 | 1.3389140834706176 × 10^298 | 4194 | 86 |
| iv_504 | 1.934468685141521 × 10^298 | 4016 | 82 |
| iv_506 | 1.287318903945666 × 10^297 | 4035 | 86 |

### Input Bits Sorted by Complexity

| Input Bit | Complexity | Occurrences | Output Occurrences |
|:---------:|:----------:|:-----------:|:------------------:|
| iv_497 | 4.594541786520355 × 10^296 | 4134 | 82 |
| iv_498 | 9.120246717003188 × 10^296 | 3977 | 76 |
| iv_506 | 1.287318903945666 × 10^297 | 4035 | 86 |
| iv_499 | 1.6649390271882918 × 10^297 | 3848 | 82 |
| iv_501 | 4.976419001479866 × 10^297 | 4061 | 73 |
| iv_502 | 8.261003787143275 × 10^297 | 4051 | 74 |
| iv_503 | 1.3389140834706176 × 10^298 | 4194 | 86 |
| iv_504 | 1.934468685141521 × 10^298 | 4016 | 82 |
| iv_500 | 2.77200151378994 × 10^298 | 4233 | 73 |

### Input Bits Sorted by Occurrences

| Input Bit | Complexity | Occurrences | Output Occurrences |
|:---------:|:----------:|:-----------:|:------------------:|
| iv_499 | 1.6649390271882918 × 10^297 | 3848 | 82 |
| iv_498 | 9.120246717003188 × 10^296 | 3977 | 76 |
| iv_504 | 1.934468685141521 × 10^298 | 4016 | 82 |
| iv_506 | 1.287318903945666 × 10^297 | 4035 | 86 |
| iv_502 | 8.261003787143275 × 10^297 | 4051 | 74 |
| iv_501 | 4.976419001479866 × 10^297 | 4061 | 73 |
| iv_497 | 4.594541786520355 × 10^296 | 4134 | 82 |
| iv_503 | 1.3389140834706176 × 10^298 | 4194 | 86 |
| iv_500 | 2.77200151378994 × 10^298 | 4233 | 73 |

### Input Bits Sorted by Output Occurrences

| Input Bit | Complexity | Occurrences | Output Occurrences |
|:---------:|:----------:|:-----------:|:------------------:|
| iv_501 | 4.976419001479866 × 10^297 | 4061 | 73 |
| iv_500 | 2.77200151378994 × 10^298 | 4233 | 73 |
| iv_502 | 8.261003787143275 × 10^297 | 4051 | 74 |
| iv_498 | 9.120246717003188 × 10^296 | 3977 | 76 |
| iv_497 | 4.594541786520355 × 10^296 | 4134 | 82 |
| iv_504 | 1.934468685141521 × 10^298 | 4016 | 82 |
| iv_499 | 1.6649390271882918 × 10^297 | 3848 | 82 |
| iv_503 | 1.3389140834706176 × 10^298 | 4194 | 86 |
| iv_506 | 1.287318903945666 × 10^297 | 4035 | 86 |

## Input Bit Co-occurrences

### Input Bit Co-occurrences Sorted by Co-occurrences

| Input Bits | Co-occurrences | Potential Occurrences | Output Co-occurrences | Potential Output Occurrences |
|:----------:|:--------------:|:---------------------:|:---------------------:|:----------------------------:|
| iv_501-iv_503 | 2031 | 4193 | 39 | 81 |
| iv_500-iv_503 | 2009 | 4409 | 38 | 83 |
| iv_497-iv_500 | 2001 | 4365 | 40 | 75 |
| iv_497-iv_504 | 2000 | 4150 | 45 | 74 |
| iv_498-iv_503 | 1993 | 4185 | 41 | 80 |
| iv_502-iv_503 | 1989 | 4267 | 39 | 82 |
| iv_497-iv_503 | 1986 | 4356 | 45 | 78 |
| iv_500-iv_502 | 1975 | 4334 | 32 | 83 |
| iv_503-iv_504 | 1974 | 4262 | 45 | 78 |

### Input Bit Co-occurrences Sorted by Potential Occurrences

| Input Bits | Co-occurrences | Potential Occurrences | Output Co-occurrences | Potential Output Occurrences |
|:----------:|:--------------:|:---------------------:|:---------------------:|:----------------------------:|
| iv_498-iv_506 | 1938 | 4136 | 39 | 84 |
| iv_497-iv_504 | 2000 | 4150 | 45 | 74 |
| iv_498-iv_501 | 1937 | 4164 | 40 | 69 |
| iv_501-iv_504 | 1952 | 4173 | 36 | 83 |
| iv_499-iv_502 | 1858 | 4183 | 36 | 84 |
| iv_498-iv_503 | 1993 | 4185 | 41 | 80 |
| iv_502-iv_506 | 1950 | 4186 | 41 | 78 |
| iv_501-iv_503 | 2031 | 4193 | 39 | 81 |
| iv_498-iv_499 | 1815 | 4195 | 45 | 68 |

### Input Bit Output Co-occurrences Sorted by Output Co-occurrences

| Input Bits | Co-occurrences | Potential Occurrences | Output Co-occurrences | Potential Output Occurrences |
|:----------:|:--------------:|:---------------------:|:---------------------:|:----------------------------:|
| iv_497-iv_504 | 2000 | 4150 | 45 | 74 |
| iv_498-iv_499 | 1815 | 4195 | 45 | 68 |
| iv_503-iv_504 | 1974 | 4262 | 45 | 78 |
| iv_497-iv_503 | 1986 | 4356 | 45 | 78 |
| iv_499-iv_506 | 1823 | 4237 | 44 | 80 |
| iv_503-iv_506 | 1959 | 4311 | 44 | 84 |
| iv_497-iv_506 | 1912 | 4345 | 44 | 80 |
| iv_497-iv_499 | 1820 | 4342 | 42 | 80 |
| iv_499-iv_504 | 1809 | 4246 | 42 | 80 |

### Input Bit Output Co-occurrences Sorted by Potential Output Occurrences

| Input Bits | Co-occurrences | Potential Occurrences | Output Co-occurrences | Potential Output Occurrences |
|:----------:|:--------------:|:---------------------:|:---------------------:|:----------------------------:|
| iv_498-iv_499 | 1815 | 4195 | 45 | 68 |
| iv_498-iv_501 | 1937 | 4164 | 40 | 69 |
| iv_497-iv_504 | 2000 | 4150 | 45 | 74 |
| iv_497-iv_500 | 2001 | 4365 | 40 | 75 |
| iv_498-iv_502 | 1866 | 4296 | 37 | 76 |
| iv_500-iv_504 | 1942 | 4365 | 39 | 77 |
| iv_502-iv_506 | 1950 | 4186 | 41 | 78 |
| iv_503-iv_504 | 1974 | 4262 | 45 | 78 |
| iv_497-iv_503 | 1986 | 4356 | 45 | 78 |

## Output Bits

### Output Bits in Regular Order

| Rank | Output Bit | Complexity |
|:----:|:----------:|:----------:|
| 1 | ov_001 | 1.2695498028347046 × 10^298 |
| 2 | ov_002 | 1.0976158895963683 × 10^298 |
| 3 | ov_003 | 9.439536606236941 × 10^297 |
| 4 | ov_004 | 8.071588989989535 × 10^297 |
| 5 | ov_005 | 6.859039374752609 × 10^297 |
| 6 | ov_006 | 5.7893212876332614 × 10^297 |
| 7 | ov_007 | 4.850530467773509 × 10^297 |
| 8 | ov_008 | 4.031383741426751 × 10^297 |
| 9 | ov_009 | 3.321184204156873 × 10^297 |
| 10 | ov_010 | 2.7097920525916992 × 10^297 |
| 11 | ov_011 | 2.1876004004681168 × 10^297 |
| 12 | ov_012 | 1.7455154516036327 × 10^297 |
| 13 | ov_013 | 1.3749404396591325 × 10^297 |
| 14 | ov_014 | 1.0677627812756923 × 10^297 |
| 15 | ov_015 | 8.16343925498655 × 10^296 |
| 16 | ov_016 | 6.135114184416792 × 10^296 |
| 17 | ov_017 | 4.525527379664073 × 10^296 |
| 18 | ov_018 | 3.27210509974153 × 10^296 |
| 19 | ov_019 | 2.316788147134741 × 10^296 |
| 20 | ov_020 | 1.6060038159873655 × 10^296 |
| 21 | ov_021 | 1.0906451212742277 × 10^296 |
| 22 | ov_022 | 7.260558818305566 × 10^295 |
| 23 | ov_023 | 4.720204069721526 × 10^295 |
| 24 | ov_024 | 2.9275671323828473 × 10^295 |
| 25 | ov_025 | 1.7148157764619855 × 10^295 |
| 26 | ov_026 | 9.362579710253744 × 10^294 |
| 27 | ov_027 | 4.683343337159132 × 10^294 |
| 28 | ov_028 | 2.0961499189563108 × 10^294 |
| 29 | ov_029 | 8.079850862141385 × 10^293 |
| 30 | ov_030 | 2.4711601176821776 × 10^293 |
| 31 | ov_031 | 4.822966984547928 × 10^292 |
| 32 | lv_80_m31 | 9.41220248932139 × 10^291 |
| 33 | ov_033 | 1.1219636084761352 × 10^293 |
| 34 | ov_034 | 9.7335186687451 × 10^292 |
| 35 | ov_035 | 8.403699419132735 × 10^292 |
| 36 | ov_036 | 7.216310137012037 × 10^292 |
| 37 | ov_037 | 6.158224148496498 × 10^292 |
| 38 | ov_038 | 5.21700389948504 × 10^292 |
| 39 | ov_039 | 4.38085586606022 × 10^292 |
| 40 | ov_040 | 3.6440390920025176 × 10^292 |
| 41 | ov_041 | 3.0011065531250543 × 10^292 |
| 42 | ov_042 | 2.4468902758119254 × 10^292 |
| 43 | ov_043 | 1.9764889410130298 × 10^292 |
| 44 | ov_044 | 1.5808609615769847 × 10^292 |
| 45 | ov_045 | 1.2514544129611993 × 10^292 |
| 46 | ov_046 | 9.801951472296643 × 10^291 |
| 47 | ov_047 | 7.594774869501816 × 10^291 |
| 48 | ov_048 | 5.821570581016844 × 10^291 |
| 49 | ov_049 | 4.415453539795387 × 10^291 |
| 50 | ov_050 | 3.314056548551659 × 10^291 |
| 51 | ov_051 | 2.4594997816411363 × 10^291 |
| 52 | ov_052 | 1.7983681658531687 × 10^291 |
| 53 | ov_053 | 1.2816949781797846 × 10^291 |
| 54 | ov_054 | 8.861072396119825 × 10^290 |
| 55 | ov_055 | 5.9044806564834594 × 10^290 |
| 56 | ov_056 | 3.7577361481132404 × 10^290 |
| 57 | ov_057 | 2.2535120668973337 × 10^290 |
| 58 | ov_058 | 1.2465824128984766 × 10^290 |
| 59 | ov_059 | 6.138163272595007 × 10^289 |
| 60 | ov_060 | 2.5417550100676183 × 10^289 |
| 61 | ov_061 | 8.87132332105961 × 10^288 |
| 62 | ov_062 | 2.431504548123689 × 10^288 |
| 63 | ov_063 | 4.7346595561043414 × 10^287 |
| 64 | lv_79_m31 | 9.217060077552379 × 10^286 |
| 65 | ov_065 | 1.0860982149891905 × 10^288 |
| 66 | ov_066 | 1.0860949053868749 × 10^288 |
| 67 | ov_067 | 1.086094111984708 × 10^288 |
| 68 | ov_068 | 9.365825672951103 × 10^287 |
| 69 | ov_069 | 8.031868419473004 × 10^287 |
| 70 | ov_070 | 6.8468032648452255 × 10^287 |
| 71 | ov_071 | 5.798967740360709 × 10^287 |
| 72 | ov_072 | 4.877261732396833 × 10^287 |
| 73 | ov_073 | 4.071113541271357 × 10^287 |
| 74 | ov_074 | 3.370452364934955 × 10^287 |
| 75 | ov_075 | 2.765686349943071 × 10^287 |
| 76 | ov_076 | 2.2476853976805058 × 10^287 |
| 77 | ov_077 | 1.8077679579586597 × 10^287 |
| 78 | ov_078 | 1.4376910851485995 × 10^287 |
| 79 | ov_079 | 1.1296430741882184 × 10^287 |
| 80 | ov_080 | 8.76238035302658 × 10^286 |
| 81 | ov_081 | 6.705118072624211 × 10^286 |
| 82 | ov_082 | 5.059187069934019 × 10^286 |
| 83 | ov_083 | 3.763288208587795 × 10^286 |
| 84 | ov_084 | 2.760257352897971 × 10^286 |
| 85 | ov_085 | 1.9970466694986752 × 10^286 |
| 86 | ov_086 | 1.4247095269605443 × 10^286 |
| 87 | ov_087 | 9.983885965449275 × 10^285 |
| 88 | ov_088 | 6.773067575912665 × 10^285 |
| 89 | ov_089 | 4.420945278648337 × 10^285 |
| 90 | ov_090 | 2.754177907233695 × 10^285 |
| 91 | ov_091 | 1.6197591152958676 × 10^285 |
| 92 | ov_092 | 8.850056301114962 × 10^284 |
| 93 | ov_093 | 4.375506484881787 × 10^284 |
| 94 | ov_094 | 1.8534059096972668 × 10^284 |
| 95 | aaa_78_28 | 5.663377636934454 × 10^283 |
| 96 | aaa_78_29 | 1.7106336051250055 × 10^283 |
| 97 | ov_097 | 8.867473692846523 × 10^282 |
| 98 | ov_098 | 8.867408362306767 × 10^282 |
| 99 | ov_099 | 8.867387494867046 × 10^282 |
| 100 | ov_100 | 7.440625116614677 × 10^282 |
| 101 | ov_101 | 6.195386722436228 × 10^282 |
| 102 | ov_102 | 5.115647382063591 × 10^282 |
| 103 | ov_103 | 4.186251567513604 × 10^282 |
| 104 | ov_104 | 3.3928494005698627 × 10^282 |
| 105 | ov_105 | 2.7218415588750086 × 10^282 |
| 106 | ov_106 | 2.160332018492696 × 10^282 |
| 107 | ov_107 | 1.69608785218774 × 10^282 |
| 108 | ov_108 | 1.3175053427449963 × 10^282 |
| 109 | ov_109 | 1.0135817096961397 × 10^282 |
| 110 | ov_110 | 7.738917860960616 × 10^281 |
| 111 | ov_111 | 5.8856901969323205 × 10^281 |
| 112 | ov_112 | 4.482902101377995 × 10^281 |
| 113 | ov_113 | 3.44263430897594 × 10^281 |
| 114 | ov_114 | 2.6821862140209664 × 10^281 |
| 115 | ov_115 | 2.1240037167401254 × 10^281 |
| 116 | ov_116 | 1.6956245837804816 × 10^281 |
| 117 | ov_117 | 1.3296372783956955 × 10^281 |
| 118 | ov_118 | 1.021045081298829 × 10^281 |
| 119 | ov_119 | 7.648678306409155 × 10^280 |
| 120 | ov_120 | 5.561368719648656 × 10^280 |
| 121 | ov_121 | 3.8989120790049453 × 10^280 |
| 122 | ov_122 | 2.611746649666465 × 10^280 |
| 123 | ov_123 | 1.650338948558598 × 10^280 |
| 124 | ov_124 | 9.651702757668312 × 10^279 |
| 125 | ov_125 | 5.067283806605885 × 10^279 |
| 126 | ov_126 | 2.2550321645094367 × 10^279 |
| 127 | aaa_77_28 | 7.198531298521542 × 10^278 |
| 128 | aaa_77_29 | 2.6975872771221037 × 10^278 |
| 129 | ov_129 | 2.4533202237201597 × 10^278 |
| 130 | ov_130 | 2.4533124174009377 × 10^278 |
| 131 | ov_131 | 2.4533105342211052 × 10^278 |
| 132 | ov_132 | 2.1198421286238676 × 10^278 |
| 133 | ov_133 | 1.821628829363313 × 10^278 |
| 134 | ov_134 | 1.5558709513207892 × 10^278 |
| 135 | ov_135 | 1.3199143482406636 × 10^278 |
| 136 | ov_136 | 1.1112399510132463 × 10^278 |
| 137 | ov_137 | 9.28620789889238 × 10^277 |
| 138 | ov_138 | 7.697826874707143 × 10^277 |
| 139 | ov_139 | 6.325639531106983 × 10^277 |
| 140 | ov_140 | 5.149102811660921 × 10^277 |
| 141 | ov_141 | 4.148706310721341 × 10^277 |
| 142 | ov_142 | 3.3059396109817112 × 10^277 |
| 143 | ov_143 | 2.603266950617294 × 10^277 |
| 144 | ov_144 | 2.024108086528513 × 10^277 |
| 145 | ov_145 | 1.5528242936786038 × 10^277 |
| 146 | ov_146 | 1.1747085137979418 × 10^277 |
| 147 | ov_147 | 8.759787398666012 × 10^276 |
| 148 | ov_148 | 6.437737958161384 × 10^276 |
| 149 | ov_149 | 4.6615074383595234 × 10^276 |
| 150 | ov_150 | 3.320832588672649 × 10^276 |
| 151 | ov_151 | 2.314605108742336 × 10^276 |
| 152 | ov_152 | 1.550863378012013 × 10^276 |
| 153 | ov_153 | 9.859123712061133 × 10^275 |
| 154 | ov_154 | 5.8062610214984734 × 10^275 |
| 155 | ov_155 | 3.0044590834225024 × 10^275 |
| 156 | aaa_76_25 | 1.1537944946743041 × 10^275 |
| 157 | aaa_76_26 | 6.655372561438161 × 10^274 |
| 158 | aaa_76_27 | 3.4024022325426363 × 10^274 |
| 159 | aaa_76_28 | 1.322510030576555 × 10^274 |
| 160 | aaa_76_29 | 4.015076717602333 × 10^273 |

### Output Bits Sorted by Complexity

| Rank | Output Bit | Complexity |
|:----:|:----------:|:----------:|
| 160 | aaa_76_29 | 4.015076717602333 × 10^273 |
| 159 | aaa_76_28 | 1.322510030576555 × 10^274 |
| 158 | aaa_76_27 | 3.4024022325426363 × 10^274 |
| 157 | aaa_76_26 | 6.655372561438161 × 10^274 |
| 156 | aaa_76_25 | 1.1537944946743041 × 10^275 |
| 155 | ov_155 | 3.0044590834225024 × 10^275 |
| 154 | ov_154 | 5.8062610214984734 × 10^275 |
| 153 | ov_153 | 9.859123712061133 × 10^275 |
| 152 | ov_152 | 1.550863378012013 × 10^276 |
| 151 | ov_151 | 2.314605108742336 × 10^276 |
| 150 | ov_150 | 3.320832588672649 × 10^276 |
| 149 | ov_149 | 4.6615074383595234 × 10^276 |
| 148 | ov_148 | 6.437737958161384 × 10^276 |
| 147 | ov_147 | 8.759787398666012 × 10^276 |
| 146 | ov_146 | 1.1747085137979418 × 10^277 |
| 145 | ov_145 | 1.5528242936786038 × 10^277 |
| 144 | ov_144 | 2.024108086528513 × 10^277 |
| 143 | ov_143 | 2.603266950617294 × 10^277 |
| 142 | ov_142 | 3.3059396109817112 × 10^277 |
| 141 | ov_141 | 4.148706310721341 × 10^277 |
| 140 | ov_140 | 5.149102811660921 × 10^277 |
| 139 | ov_139 | 6.325639531106983 × 10^277 |
| 138 | ov_138 | 7.697826874707143 × 10^277 |
| 137 | ov_137 | 9.28620789889238 × 10^277 |
| 136 | ov_136 | 1.1112399510132463 × 10^278 |
| 135 | ov_135 | 1.3199143482406636 × 10^278 |
| 134 | ov_134 | 1.5558709513207892 × 10^278 |
| 133 | ov_133 | 1.821628829363313 × 10^278 |
| 132 | ov_132 | 2.1198421286238676 × 10^278 |
| 131 | ov_131 | 2.4533105342211052 × 10^278 |
| 130 | ov_130 | 2.4533124174009377 × 10^278 |
| 129 | ov_129 | 2.4533202237201597 × 10^278 |
| 128 | aaa_77_29 | 2.6975872771221037 × 10^278 |
| 127 | aaa_77_28 | 7.198531298521542 × 10^278 |
| 126 | ov_126 | 2.2550321645094367 × 10^279 |
| 125 | ov_125 | 5.067283806605885 × 10^279 |
| 124 | ov_124 | 9.651702757668312 × 10^279 |
| 123 | ov_123 | 1.650338948558598 × 10^280 |
| 122 | ov_122 | 2.611746649666465 × 10^280 |
| 121 | ov_121 | 3.8989120790049453 × 10^280 |
| 120 | ov_120 | 5.561368719648656 × 10^280 |
| 119 | ov_119 | 7.648678306409155 × 10^280 |
| 118 | ov_118 | 1.021045081298829 × 10^281 |
| 117 | ov_117 | 1.3296372783956955 × 10^281 |
| 116 | ov_116 | 1.6956245837804816 × 10^281 |
| 115 | ov_115 | 2.1240037167401254 × 10^281 |
| 114 | ov_114 | 2.6821862140209664 × 10^281 |
| 113 | ov_113 | 3.44263430897594 × 10^281 |
| 112 | ov_112 | 4.482902101377995 × 10^281 |
| 111 | ov_111 | 5.8856901969323205 × 10^281 |
| 110 | ov_110 | 7.738917860960616 × 10^281 |
| 109 | ov_109 | 1.0135817096961397 × 10^282 |
| 108 | ov_108 | 1.3175053427449963 × 10^282 |
| 107 | ov_107 | 1.69608785218774 × 10^282 |
| 106 | ov_106 | 2.160332018492696 × 10^282 |
| 105 | ov_105 | 2.7218415588750086 × 10^282 |
| 104 | ov_104 | 3.3928494005698627 × 10^282 |
| 103 | ov_103 | 4.186251567513604 × 10^282 |
| 102 | ov_102 | 5.115647382063591 × 10^282 |
| 101 | ov_101 | 6.195386722436228 × 10^282 |
| 100 | ov_100 | 7.440625116614677 × 10^282 |
| 99 | ov_099 | 8.867387494867046 × 10^282 |
| 98 | ov_098 | 8.867408362306767 × 10^282 |
| 97 | ov_097 | 8.867473692846523 × 10^282 |
| 96 | aaa_78_29 | 1.7106336051250055 × 10^283 |
| 95 | aaa_78_28 | 5.663377636934454 × 10^283 |
| 94 | ov_094 | 1.8534059096972668 × 10^284 |
| 93 | ov_093 | 4.375506484881787 × 10^284 |
| 92 | ov_092 | 8.850056301114962 × 10^284 |
| 91 | ov_091 | 1.6197591152958676 × 10^285 |
| 90 | ov_090 | 2.754177907233695 × 10^285 |
| 89 | ov_089 | 4.420945278648337 × 10^285 |
| 88 | ov_088 | 6.773067575912665 × 10^285 |
| 87 | ov_087 | 9.983885965449275 × 10^285 |
| 86 | ov_086 | 1.4247095269605443 × 10^286 |
| 85 | ov_085 | 1.9970466694986752 × 10^286 |
| 84 | ov_084 | 2.760257352897971 × 10^286 |
| 83 | ov_083 | 3.763288208587795 × 10^286 |
| 82 | ov_082 | 5.059187069934019 × 10^286 |
| 81 | ov_081 | 6.705118072624211 × 10^286 |
| 80 | ov_080 | 8.76238035302658 × 10^286 |
| 64 | lv_79_m31 | 9.217060077552379 × 10^286 |
| 79 | ov_079 | 1.1296430741882184 × 10^287 |
| 78 | ov_078 | 1.4376910851485995 × 10^287 |
| 77 | ov_077 | 1.8077679579586597 × 10^287 |
| 76 | ov_076 | 2.2476853976805058 × 10^287 |
| 75 | ov_075 | 2.765686349943071 × 10^287 |
| 74 | ov_074 | 3.370452364934955 × 10^287 |
| 73 | ov_073 | 4.071113541271357 × 10^287 |
| 63 | ov_063 | 4.7346595561043414 × 10^287 |
| 72 | ov_072 | 4.877261732396833 × 10^287 |
| 71 | ov_071 | 5.798967740360709 × 10^287 |
| 70 | ov_070 | 6.8468032648452255 × 10^287 |
| 69 | ov_069 | 8.031868419473004 × 10^287 |
| 68 | ov_068 | 9.365825672951103 × 10^287 |
| 67 | ov_067 | 1.086094111984708 × 10^288 |
| 66 | ov_066 | 1.0860949053868749 × 10^288 |
| 65 | ov_065 | 1.0860982149891905 × 10^288 |
| 62 | ov_062 | 2.431504548123689 × 10^288 |
| 61 | ov_061 | 8.87132332105961 × 10^288 |
| 60 | ov_060 | 2.5417550100676183 × 10^289 |
| 59 | ov_059 | 6.138163272595007 × 10^289 |
| 58 | ov_058 | 1.2465824128984766 × 10^290 |
| 57 | ov_057 | 2.2535120668973337 × 10^290 |
| 56 | ov_056 | 3.7577361481132404 × 10^290 |
| 55 | ov_055 | 5.9044806564834594 × 10^290 |
| 54 | ov_054 | 8.861072396119825 × 10^290 |
| 53 | ov_053 | 1.2816949781797846 × 10^291 |
| 52 | ov_052 | 1.7983681658531687 × 10^291 |
| 51 | ov_051 | 2.4594997816411363 × 10^291 |
| 50 | ov_050 | 3.314056548551659 × 10^291 |
| 49 | ov_049 | 4.415453539795387 × 10^291 |
| 48 | ov_048 | 5.821570581016844 × 10^291 |
| 47 | ov_047 | 7.594774869501816 × 10^291 |
| 32 | lv_80_m31 | 9.41220248932139 × 10^291 |
| 46 | ov_046 | 9.801951472296643 × 10^291 |
| 45 | ov_045 | 1.2514544129611993 × 10^292 |
| 44 | ov_044 | 1.5808609615769847 × 10^292 |
| 43 | ov_043 | 1.9764889410130298 × 10^292 |
| 42 | ov_042 | 2.4468902758119254 × 10^292 |
| 41 | ov_041 | 3.0011065531250543 × 10^292 |
| 40 | ov_040 | 3.6440390920025176 × 10^292 |
| 39 | ov_039 | 4.38085586606022 × 10^292 |
| 31 | ov_031 | 4.822966984547928 × 10^292 |
| 38 | ov_038 | 5.21700389948504 × 10^292 |
| 37 | ov_037 | 6.158224148496498 × 10^292 |
| 36 | ov_036 | 7.216310137012037 × 10^292 |
| 35 | ov_035 | 8.403699419132735 × 10^292 |
| 34 | ov_034 | 9.7335186687451 × 10^292 |
| 33 | ov_033 | 1.1219636084761352 × 10^293 |
| 30 | ov_030 | 2.4711601176821776 × 10^293 |
| 29 | ov_029 | 8.079850862141385 × 10^293 |
| 28 | ov_028 | 2.0961499189563108 × 10^294 |
| 27 | ov_027 | 4.683343337159132 × 10^294 |
| 26 | ov_026 | 9.362579710253744 × 10^294 |
| 25 | ov_025 | 1.7148157764619855 × 10^295 |
| 24 | ov_024 | 2.9275671323828473 × 10^295 |
| 23 | ov_023 | 4.720204069721526 × 10^295 |
| 22 | ov_022 | 7.260558818305566 × 10^295 |
| 21 | ov_021 | 1.0906451212742277 × 10^296 |
| 20 | ov_020 | 1.6060038159873655 × 10^296 |
| 19 | ov_019 | 2.316788147134741 × 10^296 |
| 18 | ov_018 | 3.27210509974153 × 10^296 |
| 17 | ov_017 | 4.525527379664073 × 10^296 |
| 16 | ov_016 | 6.135114184416792 × 10^296 |
| 15 | ov_015 | 8.16343925498655 × 10^296 |
| 14 | ov_014 | 1.0677627812756923 × 10^297 |
| 13 | ov_013 | 1.3749404396591325 × 10^297 |
| 12 | ov_012 | 1.7455154516036327 × 10^297 |
| 11 | ov_011 | 2.1876004004681168 × 10^297 |
| 10 | ov_010 | 2.7097920525916992 × 10^297 |
| 9 | ov_009 | 3.321184204156873 × 10^297 |
| 8 | ov_008 | 4.031383741426751 × 10^297 |
| 7 | ov_007 | 4.850530467773509 × 10^297 |
| 6 | ov_006 | 5.7893212876332614 × 10^297 |
| 5 | ov_005 | 6.859039374752609 × 10^297 |
| 4 | ov_004 | 8.071588989989535 × 10^297 |
| 3 | ov_003 | 9.439536606236941 × 10^297 |
| 2 | ov_002 | 1.0976158895963683 × 10^298 |
| 1 | ov_001 | 1.2695498028347046 × 10^298 |

