# Results for F001-F002-F003-F004-F005-F006-F007-F008-F009-F010-F011-F012-F013-F014-F015-F016-F017-F018-F019-F020-F021-F022-F023-F024-F025-F026-F027-F028-F029-F030-F031-F032-F033-F034-F035-F036-F037-F038-F039-F040-F041-F042-F043-F044-F045-F046-F047-F048-F049-F050-F051-F052-F053-F054-F055-F056-F057-F058-F059-F060-F061-F062-F063-F064-F065-F066-F067-F068-F069-F070-F071-F072-F073-F074-F075-F076-F077-F078-F079-F080-F081-F082-F083-F084-F085-F086-F087-F088-F089-F090-F091-F092-F093-F094-F095-F096-F097-F098-F099-F100-F101-F102-F103-F104-F105-F106-F107-F108-F109-F110-F111-F112-F113-F114-F115-F116-F117-F118-F119-F120-F121-F122-F123-F124-F125-F126-F127-F128-F129-F130-F131-F132-F133-F134-F135-F136-F137-F138-F139-F140-F141-F142-F143-F144-F145-F146-F147-F148-F149-F150-F151-F152-F153-F154-F155-F156-F157-F158-F159-F160-F161-F162-F163-F164-F165-F166-F167-F168-F169-F170-F171-F172-F173-F174-F175-F176-F177-F178-F179-F180-F181-F182-F183-F184-F185-F186-F187-F188-F189-F190-F191-F192-F193-F194-F195-F196-F197-F198-F199-F200-F201-F202-F203-F204-F205-F206-F207-F208-F209-F210-F211-F212-F213-F214-F215-F216-F217-F218-F219-F220-F221-F222-F223-F224-F225-F226-F227-F228-F229-F230-F231-F232-F233-F234-F235-F236-F237-F238-F239-F240-F241-F242-F243-F244-F245-F246-F247-F248-F249-F250-F251-F252-F253-F254-F255-F256-F257-F258-F259-F260-F261-F262-F263-F264-F265-F266-F267-F268-F269-F270-F271-F272-F273-F274-F275-F276-F277-F278-F279-F280-F281-F282-F283-F284-F285-F286-F287-F288-F289-F290-F291-F292-F293-F294-F295-F296-F297-F298-F299-F300-F301-F302-F303-F304-F305-F306-F307-F308-F309-F310-F311-F312-F313-F314-F315-F316-F317-F318-F319-F320-F321-F322-F323-F324-F325-F326-F327-F328-F329-F330-F331-F332-F333-F334-F335-F336-F337-F338-F339-F340-F341-F342-F343-F344-F345-F346-F347-F348-F349-F350-F351-F352-F353-F354-F355-F356-F357-F358-F359-F360-F361-F362-F363-F364-F365-F366-F367-F368-F369-F370-F371-F372-F373-F374-F375-F376-F377-F378-F379-F380-F381-F382-F383-F384-F385-F386-F387-F388-F389-F390-F391-F392-F393-F394-F395-F396-F397-F398-F399-F400-F401-F402-F403-F404-F405-F406-F407-F408-F409-F410-F411-F412-F413-F414-F415-F416-F417-F418-F419-F420-F421-F422-F423-F424-F425-F426-F427-F428-F429-F430-F431-F432-F433-F434-F435-F436-F437-F438-F439-F440-F441-F442-F443-F444-F445-F446-F447-F448-F449-F450-F451-F452-F453-F454-F455-F456-F457-F458-F459-F460-F461-F462-F463-F464-F465-F466-F467-F468-F469-F470-F471-F472-F473-F474-F475-F476-F477-F478-F479-F480-F481-F482-F483-F484-F485-F486-F487-F488-F489-F490-F491-F492-F493-F494-F495-F496-F497-F498-F499-F500-F501-T510-E511512

## Summary

Number of input bits: 512  
Number of free input bits: 9  
Number of output bits: 160

Number of direct occurrences: 37747  
Number of assignments: 31506  
Number of operations: 11938730
(xor: 11907876,
and: 17585,
or: 13269)

Total complexity: 5.762313508334961 × 10^307

Least occurring input variable: iv_505 (4013)  
Most occurring input variable: iv_511 (4563)

Most co-occurring input variables: iv_507-iv_511 (2148)  
Least co-occurring input variables: iv_505-iv_506 (1842)

Potentially most occurring input variable: iv_505/iv_511 (4748)  
Potentially least occurring input variable: iv_508/iv_509 (4203)

Least output occurring input variable: iv_508 (71)  
Most output occurring input variable: iv_511 (86)

Most output co-occurring input variables: iv_503-iv_509 (45)  
Least output co-occurring input variables: iv_502-iv_505 (27)

Potentially most output occurring input variable: iv_503/iv_511 (94)  
Potentially least output occurring input variable: iv_503/iv_509 (67)

Least complex input bit: iv_511 (4.091965398571741 × 10^304)  
Most complex input bit: iv_509 (1.7065464522561215 × 10^307)

Least complex output bit: aaa_76_29 (1.0552961498745624 × 10^282)  
Most complex output bit: ov_001 (9.185898046771804 × 10^306)

Least complex input/output complexity: iv_511/aaa_76_29 (7.493926396553255 × 10^278)  
Most complex input/output complexity: iv_509/ov_001 (2.7204631785184678 × 10^306)

## Input Bits

### Input Bits in Regular Order

| Input Bit | Complexity | Occurrences | Output Occurrences |
|:---------:|:----------:|:-----------:|:------------------:|
| iv_502 | 9.778258521856307 × 10^305 | 4168 | 75 |
| iv_503 | 1.7195985319406107 × 10^306 | 4186 | 74 |
| iv_504 | 2.8246595871197257 × 10^306 | 4078 | 74 |
| iv_505 | 4.438715829083502 × 10^306 | 4013 | 72 |
| iv_506 | 6.751124169032552 × 10^306 | 4023 | 78 |
| iv_507 | 1.0012174166542572 × 10^307 | 4307 | 77 |
| iv_508 | 1.3792652770898172 × 10^307 | 4219 | 71 |
| iv_509 | 1.7065464522561215 × 10^307 | 4190 | 83 |
| iv_511 | 4.091965398571741 × 10^304 | 4563 | 86 |

### Input Bits Sorted by Complexity

| Input Bit | Complexity | Occurrences | Output Occurrences |
|:---------:|:----------:|:-----------:|:------------------:|
| iv_511 | 4.091965398571741 × 10^304 | 4563 | 86 |
| iv_502 | 9.778258521856307 × 10^305 | 4168 | 75 |
| iv_503 | 1.7195985319406107 × 10^306 | 4186 | 74 |
| iv_504 | 2.8246595871197257 × 10^306 | 4078 | 74 |
| iv_505 | 4.438715829083502 × 10^306 | 4013 | 72 |
| iv_506 | 6.751124169032552 × 10^306 | 4023 | 78 |
| iv_507 | 1.0012174166542572 × 10^307 | 4307 | 77 |
| iv_508 | 1.3792652770898172 × 10^307 | 4219 | 71 |
| iv_509 | 1.7065464522561215 × 10^307 | 4190 | 83 |

### Input Bits Sorted by Occurrences

| Input Bit | Complexity | Occurrences | Output Occurrences |
|:---------:|:----------:|:-----------:|:------------------:|
| iv_505 | 4.438715829083502 × 10^306 | 4013 | 72 |
| iv_506 | 6.751124169032552 × 10^306 | 4023 | 78 |
| iv_504 | 2.8246595871197257 × 10^306 | 4078 | 74 |
| iv_502 | 9.778258521856307 × 10^305 | 4168 | 75 |
| iv_503 | 1.7195985319406107 × 10^306 | 4186 | 74 |
| iv_509 | 1.7065464522561215 × 10^307 | 4190 | 83 |
| iv_508 | 1.3792652770898172 × 10^307 | 4219 | 71 |
| iv_507 | 1.0012174166542572 × 10^307 | 4307 | 77 |
| iv_511 | 4.091965398571741 × 10^304 | 4563 | 86 |

### Input Bits Sorted by Output Occurrences

| Input Bit | Complexity | Occurrences | Output Occurrences |
|:---------:|:----------:|:-----------:|:------------------:|
| iv_508 | 1.3792652770898172 × 10^307 | 4219 | 71 |
| iv_505 | 4.438715829083502 × 10^306 | 4013 | 72 |
| iv_503 | 1.7195985319406107 × 10^306 | 4186 | 74 |
| iv_504 | 2.8246595871197257 × 10^306 | 4078 | 74 |
| iv_502 | 9.778258521856307 × 10^305 | 4168 | 75 |
| iv_507 | 1.0012174166542572 × 10^307 | 4307 | 77 |
| iv_506 | 6.751124169032552 × 10^306 | 4023 | 78 |
| iv_509 | 1.7065464522561215 × 10^307 | 4190 | 83 |
| iv_511 | 4.091965398571741 × 10^304 | 4563 | 86 |

## Input Bit Co-occurrences

### Input Bit Co-occurrences Sorted by Co-occurrences

| Input Bits | Co-occurrences | Potential Occurrences | Output Co-occurrences | Potential Output Occurrences |
|:----------:|:--------------:|:---------------------:|:---------------------:|:----------------------------:|
| iv_507-iv_511 | 2148 | 4574 | 39 | 85 |
| iv_508-iv_509 | 2103 | 4203 | 40 | 74 |
| iv_503-iv_507 | 2102 | 4289 | 36 | 79 |
| iv_507-iv_508 | 2079 | 4368 | 33 | 82 |
| iv_508-iv_511 | 2067 | 4648 | 37 | 83 |
| iv_503-iv_511 | 2047 | 4655 | 33 | 94 |
| iv_509-iv_511 | 2046 | 4661 | 41 | 87 |
| iv_506-iv_507 | 2037 | 4256 | 39 | 77 |
| iv_506-iv_511 | 2037 | 4512 | 39 | 86 |

### Input Bit Co-occurrences Sorted by Potential Occurrences

| Input Bits | Co-occurrences | Potential Occurrences | Output Co-occurrences | Potential Output Occurrences |
|:----------:|:--------------:|:---------------------:|:---------------------:|:----------------------------:|
| iv_508-iv_509 | 2103 | 4203 | 40 | 74 |
| iv_506-iv_507 | 2037 | 4256 | 39 | 77 |
| iv_504-iv_505 | 1914 | 4263 | 32 | 82 |
| iv_503-iv_507 | 2102 | 4289 | 36 | 79 |
| iv_504-iv_506 | 1904 | 4293 | 36 | 80 |
| iv_503-iv_505 | 1945 | 4309 | 35 | 76 |
| iv_502-iv_508 | 2037 | 4313 | 34 | 78 |
| iv_502-iv_503 | 2009 | 4336 | 39 | 71 |
| iv_502-iv_504 | 1949 | 4348 | 34 | 81 |

### Input Bit Output Co-occurrences Sorted by Output Co-occurrences

| Input Bits | Co-occurrences | Potential Occurrences | Output Co-occurrences | Potential Output Occurrences |
|:----------:|:--------------:|:---------------------:|:---------------------:|:----------------------------:|
| iv_503-iv_509 | 1946 | 4484 | 45 | 67 |
| iv_502-iv_511 | 2000 | 4731 | 44 | 73 |
| iv_502-iv_509 | 1939 | 4480 | 41 | 76 |
| iv_509-iv_511 | 2046 | 4661 | 41 | 87 |
| iv_507-iv_509 | 2029 | 4439 | 41 | 78 |
| iv_508-iv_509 | 2103 | 4203 | 40 | 74 |
| iv_502-iv_506 | 1918 | 4355 | 40 | 73 |
| iv_502-iv_503 | 2009 | 4336 | 39 | 71 |
| iv_505-iv_506 | 1842 | 4352 | 39 | 72 |

### Input Bit Output Co-occurrences Sorted by Potential Output Occurrences

| Input Bits | Co-occurrences | Potential Occurrences | Output Co-occurrences | Potential Output Occurrences |
|:----------:|:--------------:|:---------------------:|:---------------------:|:----------------------------:|
| iv_503-iv_509 | 1946 | 4484 | 45 | 67 |
| iv_502-iv_503 | 2009 | 4336 | 39 | 71 |
| iv_506-iv_508 | 1942 | 4358 | 39 | 71 |
| iv_505-iv_506 | 1842 | 4352 | 39 | 72 |
| iv_502-iv_511 | 2000 | 4731 | 44 | 73 |
| iv_502-iv_506 | 1918 | 4355 | 40 | 73 |
| iv_508-iv_509 | 2103 | 4203 | 40 | 74 |
| iv_503-iv_508 | 1987 | 4431 | 35 | 75 |
| iv_504-iv_508 | 1967 | 4363 | 35 | 75 |

## Output Bits

### Output Bits in Regular Order

| Rank | Output Bit | Complexity |
|:----:|:----------:|:----------:|
| 1 | ov_001 | 9.185898046771804 × 10^306 |
| 2 | ov_002 | 7.982216099964685 × 10^306 |
| 3 | ov_003 | 6.895644488844961 × 10^306 |
| 4 | ov_004 | 5.921298258153251 × 10^306 |
| 5 | ov_005 | 5.054560386956164 × 10^306 |
| 6 | ov_006 | 4.286925281262522 × 10^306 |
| 7 | ov_007 | 3.610335597587465 × 10^306 |
| 8 | ov_008 | 3.017154803777167 × 10^306 |
| 9 | ov_009 | 2.500143615355473 × 10^306 |
| 10 | ov_010 | 2.0524398914247667 × 10^306 |
| 11 | ov_011 | 1.667541646538891 × 10^306 |
| 12 | ov_012 | 1.3392929333184462 × 10^306 |
| 13 | ov_013 | 1.0618723693940958 × 10^306 |
| 14 | ov_014 | 8.297840309456396 × 10^305 |
| 15 | ov_015 | 6.378503881423047 × 10^305 |
| 16 | ov_016 | 4.8120695868714375 × 10^305 |
| 17 | ov_017 | 3.5529837969026866 × 10^305 |
| 18 | ov_018 | 2.558756220282265 × 10^305 |
| 19 | ov_019 | 1.7899409522419505 × 10^305 |
| 20 | ov_020 | 1.2101241472865794 × 10^305 |
| 21 | ov_021 | 7.859163709833238 × 10^304 |
| 22 | ov_022 | 4.86948119704926 × 10^304 |
| 23 | ov_023 | 2.858673035635836 × 10^304 |
| 24 | ov_024 | 1.583377728907073 × 10^304 |
| 25 | ov_025 | 8.303839867785487 × 10^303 |
| 26 | ov_026 | 4.166252077922282 × 10^303 |
| 27 | ov_027 | 1.8917651727408026 × 10^303 |
| 28 | ov_028 | 7.911066559427761 × 10^302 |
| 29 | ov_029 | 3.2570380093028147 × 10^302 |
| 30 | ov_030 | 1.0768238367579818 × 10^302 |
| 31 | ov_031 | 2.605453687813525 × 10^301 |
| 32 | lv_80_k31 | 6.302364338048725 × 10^300 |
| 33 | ov_033 | 7.54983806949172 × 10^301 |
| 34 | ov_034 | 6.529298649403443 × 10^301 |
| 35 | ov_035 | 5.619891880414792 × 10^301 |
| 36 | ov_036 | 4.812247735949838 × 10^301 |
| 37 | ov_037 | 4.0975033497040306 × 10^301 |
| 38 | ov_038 | 3.467266915845733 × 10^301 |
| 39 | ov_039 | 2.913586438273569 × 10^301 |
| 40 | ov_040 | 2.4289228763107172 × 10^301 |
| 41 | ov_041 | 2.0061272578811997 × 10^301 |
| 42 | ov_042 | 1.638421354089069 × 10^301 |
| 43 | ov_043 | 1.3225065308534068 × 10^301 |
| 44 | ov_044 | 1.0523004175689268 × 10^301 |
| 45 | ov_045 | 8.220510489982657 × 10^300 |
| 46 | ov_046 | 6.289638310226926 × 10^300 |
| 47 | ov_047 | 4.7040309543999906 × 10^300 |
| 48 | ov_048 | 3.438891049884239 × 10^300 |
| 49 | ov_049 | 2.4492168585075655 × 10^300 |
| 50 | ov_050 | 1.6930344416272258 × 10^300 |
| 51 | ov_051 | 1.1313777137288395 × 10^300 |
| 52 | ov_052 | 7.282752168861823 × 10^299 |
| 53 | ov_053 | 4.5074186286206265 × 10^299 |
| 54 | ov_054 | 2.687740942323233 × 10^299 |
| 55 | ov_055 | 1.5534717887608129 × 10^299 |
| 56 | ov_056 | 8.641371920685597 × 10^298 |
| 57 | ov_057 | 5.069421738139022 × 10^298 |
| 58 | ov_058 | 3.009380650704482 × 10^298 |
| 59 | ov_059 | 1.6309017978507338 × 10^298 |
| 60 | ov_060 | 7.852039572267153 × 10^297 |
| 61 | ov_061 | 3.2350698835459276 × 10^297 |
| 62 | ov_062 | 1.0702095416144095 × 10^297 |
| 63 | ov_063 | 2.590928369206575 × 10^296 |
| 64 | lv_79_k31 | 6.270312814060886 × 10^295 |
| 65 | ov_065 | 7.4280349242823156 × 10^296 |
| 66 | ov_066 | 7.428018170075732 × 10^296 |
| 67 | ov_067 | 7.428012826568044 × 10^296 |
| 68 | ov_068 | 6.429019979815898 × 10^296 |
| 69 | ov_069 | 5.531674435044794 × 10^296 |
| 70 | ov_070 | 4.731867702311352 × 10^296 |
| 71 | ov_071 | 4.022033177588748 × 10^296 |
| 72 | ov_072 | 3.3950018960900226 × 10^296 |
| 73 | ov_073 | 2.84397625129365 × 10^296 |
| 74 | ov_074 | 2.362507525513221 × 10^296 |
| 75 | ov_075 | 1.9444768515063094 × 10^296 |
| 76 | ov_076 | 1.5840792448573803 × 10^296 |
| 77 | ov_077 | 1.2758103664631058 × 10^296 |
| 78 | ov_078 | 1.014455693523206 × 10^296 |
| 79 | ov_079 | 7.950817961059104 × 10^295 |
| 80 | ov_080 | 6.130294347078115 × 10^295 |
| 81 | ov_081 | 4.6390821234160237 × 10^295 |
| 82 | ov_082 | 3.4359253262636444 × 10^295 |
| 83 | ov_083 | 2.4821863317523444 × 10^295 |
| 84 | ov_084 | 1.7418248131453048 × 10^295 |
| 85 | ov_085 | 1.181383368564166 × 10^295 |
| 86 | ov_086 | 7.699780430456295 × 10^294 |
| 87 | ov_087 | 4.7929214512197614 × 10^294 |
| 88 | ov_088 | 2.8357205728443324 × 10^294 |
| 89 | ov_089 | 1.5962426250071796 × 10^294 |
| 90 | ov_090 | 8.681326566886121 × 10^293 |
| 91 | ov_091 | 4.7060233788362726 × 10^293 |
| 92 | ov_092 | 2.4842180119937074 × 10^293 |
| 93 | ov_093 | 1.303649946467252 × 10^293 |
| 94 | ov_094 | 5.798218713581116 × 10^292 |
| 95 | aaa_78_28 | 1.849783387048933 × 10^292 |
| 96 | aaa_78_29 | 6.925165454771701 × 10^291 |
| 97 | ov_097 | 6.275898573714175 × 10^291 |
| 98 | ov_098 | 6.275869553382616 × 10^291 |
| 99 | ov_099 | 6.275860288707571 × 10^291 |
| 100 | ov_100 | 5.412297938539708 × 10^291 |
| 101 | ov_101 | 4.641348058012232 × 10^291 |
| 102 | ov_102 | 3.9558828210300605 × 10^291 |
| 103 | ov_103 | 3.349163700312662 × 10^291 |
| 104 | ov_104 | 2.814812931515533 × 10^291 |
| 105 | ov_105 | 2.346788733123263 × 10^291 |
| 106 | ov_106 | 1.939363937078485 × 10^291 |
| 107 | ov_107 | 1.5871077034880545 × 10^291 |
| 108 | ov_108 | 1.2848700103751432 × 10^291 |
| 109 | ov_109 | 1.0277686264572436 × 10^291 |
| 110 | ov_110 | 8.111782914426154 × 10^290 |
| 111 | ov_111 | 6.307218444523325 × 10^290 |
| 112 | ov_112 | 4.822630569786694 × 10^290 |
| 113 | ov_113 | 3.619009423569243 × 10^290 |
| 114 | ov_114 | 2.6596532911769408 × 10^290 |
| 115 | ov_115 | 1.9101350084899373 × 10^290 |
| 116 | ov_116 | 1.3382772037153764 × 10^290 |
| 117 | ov_117 | 9.141347114572023 × 10^289 |
| 118 | ov_118 | 6.09982639070869 × 10^289 |
| 119 | ov_119 | 4.0030871583366056 × 10^289 |
| 120 | ov_120 | 2.618087059025796 × 10^289 |
| 121 | ov_121 | 1.7338381641061455 × 10^289 |
| 122 | ov_122 | 1.1613926899912955 × 10^289 |
| 123 | ov_123 | 7.33835078245216 × 10^288 |
| 124 | ov_124 | 4.291401885333882 × 10^288 |
| 125 | ov_125 | 2.252841419029193 × 10^288 |
| 126 | ov_126 | 1.0024357662551865 × 10^288 |
| 127 | aaa_77_28 | 3.199529617191011 × 10^287 |
| 128 | aaa_77_29 | 1.1986748106737095 × 10^287 |
| 129 | ov_129 | 1.098181848570892 × 10^287 |
| 130 | ov_130 | 1.0981792819260557 × 10^287 |
| 131 | ov_131 | 1.098178457659467 × 10^287 |
| 132 | ov_132 | 9.497930785954788 × 10^286 |
| 133 | ov_133 | 8.170782307459174 × 10^286 |
| 134 | ov_134 | 6.988329963135547 × 10^286 |
| 135 | ov_135 | 5.939231816294109 × 10^286 |
| 136 | ov_136 | 5.01276431180059 × 10^286 |
| 137 | ov_137 | 4.1987796901227654 × 10^286 |
| 138 | ov_138 | 3.4876692306546785 × 10^286 |
| 139 | ov_139 | 2.8703317975301977 × 10^286 |
| 140 | ov_140 | 2.338147154105032 × 10^286 |
| 141 | ov_141 | 1.8829535415485687 × 10^286 |
| 142 | ov_142 | 1.4970290455736595 × 10^286 |
| 143 | ov_143 | 1.1730763034004824 × 10^286 |
| 144 | ov_144 | 9.042101307298271 × 10^285 |
| 145 | ov_145 | 6.839476758976308 × 10^285 |
| 146 | ov_146 | 5.062007355809366 × 10^285 |
| 147 | ov_147 | 3.6526989349039906 × 10^285 |
| 148 | ov_148 | 2.5584017046356426 × 10^285 |
| 149 | ov_149 | 1.7297790129954397 × 10^285 |
| 150 | ov_150 | 1.121285805711744 × 10^285 |
| 151 | ov_151 | 6.911544652844385 × 10^284 |
| 152 | ov_152 | 4.013859907421773 × 10^284 |
| 153 | ov_153 | 2.1774482369417257 × 10^284 |
| 154 | ov_154 | 1.0975604912462607 × 10^284 |
| 155 | ov_155 | 5.070400700399138 × 10^283 |
| 156 | aaa_76_25 | 1.7631643012077039 × 10^283 |
| 157 | aaa_76_26 | 1.085079201232426 × 10^283 |
| 158 | aaa_76_27 | 5.948949965519883 × 10^282 |
| 159 | aaa_76_28 | 2.803128548629336 × 10^282 |
| 160 | aaa_76_29 | 1.0552961498745624 × 10^282 |

### Output Bits Sorted by Complexity

| Rank | Output Bit | Complexity |
|:----:|:----------:|:----------:|
| 160 | aaa_76_29 | 1.0552961498745624 × 10^282 |
| 159 | aaa_76_28 | 2.803128548629336 × 10^282 |
| 158 | aaa_76_27 | 5.948949965519883 × 10^282 |
| 157 | aaa_76_26 | 1.085079201232426 × 10^283 |
| 156 | aaa_76_25 | 1.7631643012077039 × 10^283 |
| 155 | ov_155 | 5.070400700399138 × 10^283 |
| 154 | ov_154 | 1.0975604912462607 × 10^284 |
| 153 | ov_153 | 2.1774482369417257 × 10^284 |
| 152 | ov_152 | 4.013859907421773 × 10^284 |
| 151 | ov_151 | 6.911544652844385 × 10^284 |
| 150 | ov_150 | 1.121285805711744 × 10^285 |
| 149 | ov_149 | 1.7297790129954397 × 10^285 |
| 148 | ov_148 | 2.5584017046356426 × 10^285 |
| 147 | ov_147 | 3.6526989349039906 × 10^285 |
| 146 | ov_146 | 5.062007355809366 × 10^285 |
| 145 | ov_145 | 6.839476758976308 × 10^285 |
| 144 | ov_144 | 9.042101307298271 × 10^285 |
| 143 | ov_143 | 1.1730763034004824 × 10^286 |
| 142 | ov_142 | 1.4970290455736595 × 10^286 |
| 141 | ov_141 | 1.8829535415485687 × 10^286 |
| 140 | ov_140 | 2.338147154105032 × 10^286 |
| 139 | ov_139 | 2.8703317975301977 × 10^286 |
| 138 | ov_138 | 3.4876692306546785 × 10^286 |
| 137 | ov_137 | 4.1987796901227654 × 10^286 |
| 136 | ov_136 | 5.01276431180059 × 10^286 |
| 135 | ov_135 | 5.939231816294109 × 10^286 |
| 134 | ov_134 | 6.988329963135547 × 10^286 |
| 133 | ov_133 | 8.170782307459174 × 10^286 |
| 132 | ov_132 | 9.497930785954788 × 10^286 |
| 131 | ov_131 | 1.098178457659467 × 10^287 |
| 130 | ov_130 | 1.0981792819260557 × 10^287 |
| 129 | ov_129 | 1.098181848570892 × 10^287 |
| 128 | aaa_77_29 | 1.1986748106737095 × 10^287 |
| 127 | aaa_77_28 | 3.199529617191011 × 10^287 |
| 126 | ov_126 | 1.0024357662551865 × 10^288 |
| 125 | ov_125 | 2.252841419029193 × 10^288 |
| 124 | ov_124 | 4.291401885333882 × 10^288 |
| 123 | ov_123 | 7.33835078245216 × 10^288 |
| 122 | ov_122 | 1.1613926899912955 × 10^289 |
| 121 | ov_121 | 1.7338381641061455 × 10^289 |
| 120 | ov_120 | 2.618087059025796 × 10^289 |
| 119 | ov_119 | 4.0030871583366056 × 10^289 |
| 118 | ov_118 | 6.09982639070869 × 10^289 |
| 117 | ov_117 | 9.141347114572023 × 10^289 |
| 116 | ov_116 | 1.3382772037153764 × 10^290 |
| 115 | ov_115 | 1.9101350084899373 × 10^290 |
| 114 | ov_114 | 2.6596532911769408 × 10^290 |
| 113 | ov_113 | 3.619009423569243 × 10^290 |
| 112 | ov_112 | 4.822630569786694 × 10^290 |
| 111 | ov_111 | 6.307218444523325 × 10^290 |
| 110 | ov_110 | 8.111782914426154 × 10^290 |
| 109 | ov_109 | 1.0277686264572436 × 10^291 |
| 108 | ov_108 | 1.2848700103751432 × 10^291 |
| 107 | ov_107 | 1.5871077034880545 × 10^291 |
| 106 | ov_106 | 1.939363937078485 × 10^291 |
| 105 | ov_105 | 2.346788733123263 × 10^291 |
| 104 | ov_104 | 2.814812931515533 × 10^291 |
| 103 | ov_103 | 3.349163700312662 × 10^291 |
| 102 | ov_102 | 3.9558828210300605 × 10^291 |
| 101 | ov_101 | 4.641348058012232 × 10^291 |
| 100 | ov_100 | 5.412297938539708 × 10^291 |
| 99 | ov_099 | 6.275860288707571 × 10^291 |
| 98 | ov_098 | 6.275869553382616 × 10^291 |
| 97 | ov_097 | 6.275898573714175 × 10^291 |
| 96 | aaa_78_29 | 6.925165454771701 × 10^291 |
| 95 | aaa_78_28 | 1.849783387048933 × 10^292 |
| 94 | ov_094 | 5.798218713581116 × 10^292 |
| 93 | ov_093 | 1.303649946467252 × 10^293 |
| 92 | ov_092 | 2.4842180119937074 × 10^293 |
| 91 | ov_091 | 4.7060233788362726 × 10^293 |
| 90 | ov_090 | 8.681326566886121 × 10^293 |
| 89 | ov_089 | 1.5962426250071796 × 10^294 |
| 88 | ov_088 | 2.8357205728443324 × 10^294 |
| 87 | ov_087 | 4.7929214512197614 × 10^294 |
| 86 | ov_086 | 7.699780430456295 × 10^294 |
| 85 | ov_085 | 1.181383368564166 × 10^295 |
| 84 | ov_084 | 1.7418248131453048 × 10^295 |
| 83 | ov_083 | 2.4821863317523444 × 10^295 |
| 82 | ov_082 | 3.4359253262636444 × 10^295 |
| 81 | ov_081 | 4.6390821234160237 × 10^295 |
| 80 | ov_080 | 6.130294347078115 × 10^295 |
| 64 | lv_79_k31 | 6.270312814060886 × 10^295 |
| 79 | ov_079 | 7.950817961059104 × 10^295 |
| 78 | ov_078 | 1.014455693523206 × 10^296 |
| 77 | ov_077 | 1.2758103664631058 × 10^296 |
| 76 | ov_076 | 1.5840792448573803 × 10^296 |
| 75 | ov_075 | 1.9444768515063094 × 10^296 |
| 74 | ov_074 | 2.362507525513221 × 10^296 |
| 63 | ov_063 | 2.590928369206575 × 10^296 |
| 73 | ov_073 | 2.84397625129365 × 10^296 |
| 72 | ov_072 | 3.3950018960900226 × 10^296 |
| 71 | ov_071 | 4.022033177588748 × 10^296 |
| 70 | ov_070 | 4.731867702311352 × 10^296 |
| 69 | ov_069 | 5.531674435044794 × 10^296 |
| 68 | ov_068 | 6.429019979815898 × 10^296 |
| 67 | ov_067 | 7.428012826568044 × 10^296 |
| 66 | ov_066 | 7.428018170075732 × 10^296 |
| 65 | ov_065 | 7.4280349242823156 × 10^296 |
| 62 | ov_062 | 1.0702095416144095 × 10^297 |
| 61 | ov_061 | 3.2350698835459276 × 10^297 |
| 60 | ov_060 | 7.852039572267153 × 10^297 |
| 59 | ov_059 | 1.6309017978507338 × 10^298 |
| 58 | ov_058 | 3.009380650704482 × 10^298 |
| 57 | ov_057 | 5.069421738139022 × 10^298 |
| 56 | ov_056 | 8.641371920685597 × 10^298 |
| 55 | ov_055 | 1.5534717887608129 × 10^299 |
| 54 | ov_054 | 2.687740942323233 × 10^299 |
| 53 | ov_053 | 4.5074186286206265 × 10^299 |
| 52 | ov_052 | 7.282752168861823 × 10^299 |
| 51 | ov_051 | 1.1313777137288395 × 10^300 |
| 50 | ov_050 | 1.6930344416272258 × 10^300 |
| 49 | ov_049 | 2.4492168585075655 × 10^300 |
| 48 | ov_048 | 3.438891049884239 × 10^300 |
| 47 | ov_047 | 4.7040309543999906 × 10^300 |
| 46 | ov_046 | 6.289638310226926 × 10^300 |
| 32 | lv_80_k31 | 6.302364338048725 × 10^300 |
| 45 | ov_045 | 8.220510489982657 × 10^300 |
| 44 | ov_044 | 1.0523004175689268 × 10^301 |
| 43 | ov_043 | 1.3225065308534068 × 10^301 |
| 42 | ov_042 | 1.638421354089069 × 10^301 |
| 41 | ov_041 | 2.0061272578811997 × 10^301 |
| 40 | ov_040 | 2.4289228763107172 × 10^301 |
| 31 | ov_031 | 2.605453687813525 × 10^301 |
| 39 | ov_039 | 2.913586438273569 × 10^301 |
| 38 | ov_038 | 3.467266915845733 × 10^301 |
| 37 | ov_037 | 4.0975033497040306 × 10^301 |
| 36 | ov_036 | 4.812247735949838 × 10^301 |
| 35 | ov_035 | 5.619891880414792 × 10^301 |
| 34 | ov_034 | 6.529298649403443 × 10^301 |
| 33 | ov_033 | 7.54983806949172 × 10^301 |
| 30 | ov_030 | 1.0768238367579818 × 10^302 |
| 29 | ov_029 | 3.2570380093028147 × 10^302 |
| 28 | ov_028 | 7.911066559427761 × 10^302 |
| 27 | ov_027 | 1.8917651727408026 × 10^303 |
| 26 | ov_026 | 4.166252077922282 × 10^303 |
| 25 | ov_025 | 8.303839867785487 × 10^303 |
| 24 | ov_024 | 1.583377728907073 × 10^304 |
| 23 | ov_023 | 2.858673035635836 × 10^304 |
| 22 | ov_022 | 4.86948119704926 × 10^304 |
| 21 | ov_021 | 7.859163709833238 × 10^304 |
| 20 | ov_020 | 1.2101241472865794 × 10^305 |
| 19 | ov_019 | 1.7899409522419505 × 10^305 |
| 18 | ov_018 | 2.558756220282265 × 10^305 |
| 17 | ov_017 | 3.5529837969026866 × 10^305 |
| 16 | ov_016 | 4.8120695868714375 × 10^305 |
| 15 | ov_015 | 6.378503881423047 × 10^305 |
| 14 | ov_014 | 8.297840309456396 × 10^305 |
| 13 | ov_013 | 1.0618723693940958 × 10^306 |
| 12 | ov_012 | 1.3392929333184462 × 10^306 |
| 11 | ov_011 | 1.667541646538891 × 10^306 |
| 10 | ov_010 | 2.0524398914247667 × 10^306 |
| 9 | ov_009 | 2.500143615355473 × 10^306 |
| 8 | ov_008 | 3.017154803777167 × 10^306 |
| 7 | ov_007 | 3.610335597587465 × 10^306 |
| 6 | ov_006 | 4.286925281262522 × 10^306 |
| 5 | ov_005 | 5.054560386956164 × 10^306 |
| 4 | ov_004 | 5.921298258153251 × 10^306 |
| 3 | ov_003 | 6.895644488844961 × 10^306 |
| 2 | ov_002 | 7.982216099964685 × 10^306 |
| 1 | ov_001 | 9.185898046771804 × 10^306 |

