# Results for F001-F002-F003-F004-F005-F006-F007-F008-F009-F010-F011-F012-F013-F014-F015-F016-F017-F018-F019-F020-F021-F022-F023-F024-F025-F026-F027-F028-F029-F030-F031-F032-F033-F034-F035-F036-F037-F038-F039-F040-F041-F042-F043-F044-F045-F046-F047-F048-F049-F050-F051-F052-F053-F054-F055-F056-F057-F058-F059-F060-F061-F062-F063-F064-F065-F066-F067-F068-F069-F070-F071-F072-F073-F074-F075-F076-F077-F078-F079-F080-F081-F082-F083-F084-F085-F086-F087-F088-F089-F090-F091-F092-F093-F094-F095-F096-F097-F098-F099-F100-F101-F102-F103-F104-F105-F106-F107-F108-F109-F110-F111-F112-F113-F114-F115-F116-F117-F118-F119-F120-F121-F122-F123-F124-F125-F126-F127-F128-F129-F130-F131-F132-F133-F134-F135-F136-F137-F138-F139-F140-F141-F142-F143-F144-F145-F146-F147-F148-F149-F150-F151-F152-F153-F154-F155-F156-F157-F158-F159-F160-F161-F162-F163-F164-F165-F166-F167-F168-F169-F170-F171-F172-F173-F174-F175-F176-F177-F178-F179-F180-F181-F182-F183-F184-F185-F186-F187-F188-F189-F190-F191-F192-F193-F194-F195-F196-F197-F198-F199-F200-F201-F202-F203-F204-F205-F206-F207-F208-F209-F210-F211-F212-F213-F214-F215-F216-F217-F218-F219-F220-F221-F222-F223-F224-F225-F226-F227-F228-F229-F230-F231-F232-F233-F234-F235-F236-F237-F238-F239-F240-F241-F242-F243-F244-F245-F246-F247-F248-F249-F250-F251-F252-F253-F254-F255-F256-F257-F258-F259-F260-F261-F262-F263-F264-F265-F266-F267-F268-F269-F270-F271-F272-F273-F274-F275-F276-F277-F278-F279-F280-F281-F282-F283-F284-F285-F286-F287-F288-F289-F290-F291-F292-F293-F294-F295-F296-F297-F298-F299-F300-F301-F302-F303-F304-F305-F306-F307-F308-F309-F310-F311-F312-F313-F314-F315-F316-F317-F318-F319-F320-F321-F322-F323-F324-F325-F326-F327-F328-F329-F330-F331-F332-F333-F334-F335-F336-F337-F338-F339-F340-F341-F342-F343-F344-F345-F346-F347-F348-F349-F350-F351-F352-F353-F354-F355-F356-F357-F358-F359-F360-F361-F362-F363-F364-F365-F366-F367-F368-F369-F370-F371-F372-F373-F374-F375-F376-F377-F378-F379-F380-F381-F382-F383-F384-F385-F386-F387-F388-F389-F390-F391-F392-F393-F394-F395-F396-F397-F398-F399-F400-F401-F402-F403-F404-F405-F406-F407-F408-F409-F410-F411-F412-F413-F414-F415-F416-F417-F418-F419-F420-F421-F422-F423-F424-F425-F426-F427-F428-F429-F430-F431-F432-F433-F434-F435-F436-F437-F438-F439-F440-F441-F442-F443-F444-F445-F446-F447-F448-F449-F450-F451-F452-F453-F454-F455-F456-F457-F458-F459-F460-F461-F462-F463-F464-F465-F466-F467-F468-F469-F470-F471-F472-F473-F474-F475-F476-F477-F478-F479-F480-F481-F482-F483-F484-F485-F486-F487-F488-F489-F490-F491-F492-F493-F494-F495-F496-F497-F498-F499-F500-F501-E506508-E507509

## Summary

Number of input bits: 512  
Number of free input bits: 9  
Number of output bits: 160

Number of direct occurrences: 36792  
Number of assignments: 31172  
Number of operations: 11133064
(xor: 11103730,
and: 16105,
or: 13229)

Total complexity: 1.738962264807994 × 10^300

Least occurring input variable: iv_502 (3895)  
Most occurring input variable: iv_512 (4357)

Most co-occurring input variables: iv_511-iv_512 (2148)  
Least co-occurring input variables: iv_502-iv_503 (1770)

Potentially most occurring input variable: iv_506/iv_512 (4544)  
Potentially least occurring input variable: iv_502/iv_505 (4162)

Least output occurring input variable: iv_507 (66)  
Most output occurring input variable: iv_502 (82)

Most output co-occurring input variables: iv_505-iv_506 (46)  
Least output co-occurring input variables: iv_507-iv_511 (30)

Potentially most output occurring input variable: iv_504/iv_510 (93)  
Potentially least output occurring input variable: iv_505/iv_506 (65)

Least complex input bit: iv_502 (1.8409795712127415 × 10^298)  
Most complex input bit: iv_510 (4.927625514787315 × 10^299)

Least complex output bit: aaa_76_29 (2.2661342180299587 × 10^275)  
Most complex output bit: ov_001 (2.7312573156057094 × 10^299)

Least complex input/output complexity: iv_502/aaa_76_29 (2.399078396034051 × 10^273)  
Most complex input/output complexity: iv_510/ov_001 (7.739450997985973 × 10^298)

Input variable with highest collision probability: iv_505 (½^160.00000000000043)

## Input Bits

### Input Bits in Regular Order

| Input Bit | Complexity | Occurrences | Output Occurrences | Collision Probability |
|:---------:|:----------:|:-----------:|:------------------:|:---------------------:|
| iv_502 | 1.8409795712127415 × 10^298 | 3895 | 82 | ½^160.0000000000005 |
| iv_503 | 3.237900196828404 × 10^298 | 4042 | 74 | ½^160.00000000000054 |
| iv_504 | 5.319274814088545 × 10^298 | 3921 | 78 | ½^160.0000000000006 |
| iv_505 | 8.359800547700734 × 10^298 | 3911 | 79 | ½^160.00000000000043 |
| iv_506 | 3.1121209925136275 × 10^299 | 4141 | 78 | ½^160.00000000000057 |
| iv_507 | 4.3056828078373816 × 10^299 | 4218 | 66 | ½^160.00000000000063 |
| iv_510 | 4.927625514787315 × 10^299 | 4110 | 79 | ½^160.00000000000063 |
| iv_511 | 1.4722331333026513 × 10^299 | 4197 | 80 | ½^160.0000000000007 |
| iv_512 | 1.696164686655954 × 10^299 | 4357 | 80 | ½^160.00000000000068 |

### Input Bits Sorted by Complexity

| Input Bit | Complexity | Occurrences | Output Occurrences | Collision Probability |
|:---------:|:----------:|:-----------:|:------------------:|:---------------------:|
| iv_502 | 1.8409795712127415 × 10^298 | 3895 | 82 | ½^160.0000000000005 |
| iv_503 | 3.237900196828404 × 10^298 | 4042 | 74 | ½^160.00000000000054 |
| iv_504 | 5.319274814088545 × 10^298 | 3921 | 78 | ½^160.0000000000006 |
| iv_505 | 8.359800547700734 × 10^298 | 3911 | 79 | ½^160.00000000000043 |
| iv_511 | 1.4722331333026513 × 10^299 | 4197 | 80 | ½^160.0000000000007 |
| iv_512 | 1.696164686655954 × 10^299 | 4357 | 80 | ½^160.00000000000068 |
| iv_506 | 3.1121209925136275 × 10^299 | 4141 | 78 | ½^160.00000000000057 |
| iv_507 | 4.3056828078373816 × 10^299 | 4218 | 66 | ½^160.00000000000063 |
| iv_510 | 4.927625514787315 × 10^299 | 4110 | 79 | ½^160.00000000000063 |

### Input Bits Sorted by Occurrences

| Input Bit | Complexity | Occurrences | Output Occurrences | Collision Probability |
|:---------:|:----------:|:-----------:|:------------------:|:---------------------:|
| iv_502 | 1.8409795712127415 × 10^298 | 3895 | 82 | ½^160.0000000000005 |
| iv_505 | 8.359800547700734 × 10^298 | 3911 | 79 | ½^160.00000000000043 |
| iv_504 | 5.319274814088545 × 10^298 | 3921 | 78 | ½^160.0000000000006 |
| iv_503 | 3.237900196828404 × 10^298 | 4042 | 74 | ½^160.00000000000054 |
| iv_510 | 4.927625514787315 × 10^299 | 4110 | 79 | ½^160.00000000000063 |
| iv_506 | 3.1121209925136275 × 10^299 | 4141 | 78 | ½^160.00000000000057 |
| iv_511 | 1.4722331333026513 × 10^299 | 4197 | 80 | ½^160.0000000000007 |
| iv_507 | 4.3056828078373816 × 10^299 | 4218 | 66 | ½^160.00000000000063 |
| iv_512 | 1.696164686655954 × 10^299 | 4357 | 80 | ½^160.00000000000068 |

### Input Bits Sorted by Output Occurrences

| Input Bit | Complexity | Occurrences | Output Occurrences | Collision Probability |
|:---------:|:----------:|:-----------:|:------------------:|:---------------------:|
| iv_507 | 4.3056828078373816 × 10^299 | 4218 | 66 | ½^160.00000000000063 |
| iv_503 | 3.237900196828404 × 10^298 | 4042 | 74 | ½^160.00000000000054 |
| iv_504 | 5.319274814088545 × 10^298 | 3921 | 78 | ½^160.0000000000006 |
| iv_506 | 3.1121209925136275 × 10^299 | 4141 | 78 | ½^160.00000000000057 |
| iv_505 | 8.359800547700734 × 10^298 | 3911 | 79 | ½^160.00000000000043 |
| iv_510 | 4.927625514787315 × 10^299 | 4110 | 79 | ½^160.00000000000063 |
| iv_511 | 1.4722331333026513 × 10^299 | 4197 | 80 | ½^160.0000000000007 |
| iv_512 | 1.696164686655954 × 10^299 | 4357 | 80 | ½^160.00000000000068 |
| iv_502 | 1.8409795712127415 × 10^298 | 3895 | 82 | ½^160.0000000000005 |

### Input Bits Sorted by Collision Probability

| Input Bit | Complexity | Occurrences | Output Occurrences | Collision Probability |
|:---------:|:----------:|:-----------:|:------------------:|:---------------------:|
| iv_505 | 8.359800547700734 × 10^298 | 3911 | 79 | ½^160.00000000000043 |
| iv_502 | 1.8409795712127415 × 10^298 | 3895 | 82 | ½^160.0000000000005 |
| iv_503 | 3.237900196828404 × 10^298 | 4042 | 74 | ½^160.00000000000054 |
| iv_506 | 3.1121209925136275 × 10^299 | 4141 | 78 | ½^160.00000000000057 |
| iv_504 | 5.319274814088545 × 10^298 | 3921 | 78 | ½^160.0000000000006 |
| iv_507 | 4.3056828078373816 × 10^299 | 4218 | 66 | ½^160.00000000000063 |
| iv_510 | 4.927625514787315 × 10^299 | 4110 | 79 | ½^160.00000000000063 |
| iv_512 | 1.696164686655954 × 10^299 | 4357 | 80 | ½^160.00000000000068 |
| iv_511 | 1.4722331333026513 × 10^299 | 4197 | 80 | ½^160.0000000000007 |

## Input Bit/Output Bit Collision Probabilities

| Input Bit | Output Bit | Collision Probability |
|:---------:|:----------:|:---------------------:|
| iv_505 | ov_113 | 0.5000000000000042 |
| iv_504 | ov_140 | 0.500000000000004 |
| iv_502 | ov_052 | 0.5000000000000038 |
| iv_502 | ov_060 | 0.5000000000000038 |
| iv_505 | ov_102 | 0.5000000000000027 |
| iv_505 | ov_108 | 0.5000000000000027 |
| iv_502 | ov_139 | 0.5000000000000023 |
| iv_503 | ov_026 | 0.5000000000000022 |
| iv_505 | ov_139 | 0.5000000000000022 |

## Input Bit Co-occurrences

### Input Bit Co-occurrences Sorted by Co-occurrences

| Input Bits | Co-occurrences | Potential Occurrences | Output Co-occurrences | Potential Output Occurrences |
|:----------:|:--------------:|:---------------------:|:---------------------:|:----------------------------:|
| iv_511-iv_512 | 2148 | 4258 | 43 | 74 |
| iv_510-iv_512 | 2081 | 4305 | 42 | 75 |
| iv_503-iv_512 | 2038 | 4323 | 34 | 86 |
| iv_507-iv_512 | 2031 | 4513 | 33 | 80 |
| iv_503-iv_511 | 2002 | 4235 | 37 | 80 |
| iv_506-iv_510 | 1998 | 4255 | 35 | 87 |
| iv_510-iv_511 | 1990 | 4327 | 38 | 83 |
| iv_506-iv_512 | 1977 | 4544 | 34 | 90 |
| iv_506-iv_507 | 1963 | 4433 | 36 | 72 |

### Input Bit Co-occurrences Sorted by Potential Occurrences

| Input Bits | Co-occurrences | Potential Occurrences | Output Co-occurrences | Potential Output Occurrences |
|:----------:|:--------------:|:---------------------:|:---------------------:|:----------------------------:|
| iv_502-iv_505 | 1822 | 4162 | 36 | 89 |
| iv_504-iv_505 | 1834 | 4164 | 41 | 75 |
| iv_503-iv_505 | 1867 | 4219 | 40 | 73 |
| iv_502-iv_504 | 1795 | 4226 | 42 | 76 |
| iv_503-iv_511 | 2002 | 4235 | 37 | 80 |
| iv_506-iv_510 | 1998 | 4255 | 35 | 87 |
| iv_511-iv_512 | 2148 | 4258 | 43 | 74 |
| iv_505-iv_506 | 1896 | 4260 | 46 | 65 |
| iv_503-iv_504 | 1847 | 4269 | 41 | 70 |

### Input Bit Output Co-occurrences Sorted by Output Co-occurrences

| Input Bits | Co-occurrences | Potential Occurrences | Output Co-occurrences | Potential Output Occurrences |
|:----------:|:--------------:|:---------------------:|:---------------------:|:----------------------------:|
| iv_505-iv_506 | 1896 | 4260 | 46 | 65 |
| iv_502-iv_511 | 1908 | 4276 | 45 | 72 |
| iv_511-iv_512 | 2148 | 4258 | 43 | 74 |
| iv_502-iv_504 | 1795 | 4226 | 42 | 76 |
| iv_502-iv_510 | 1862 | 4281 | 42 | 77 |
| iv_510-iv_512 | 2081 | 4305 | 42 | 75 |
| iv_503-iv_504 | 1847 | 4269 | 41 | 70 |
| iv_504-iv_505 | 1834 | 4164 | 41 | 75 |
| iv_503-iv_505 | 1867 | 4219 | 40 | 73 |

### Input Bit Output Co-occurrences Sorted by Potential Output Occurrences

| Input Bits | Co-occurrences | Potential Occurrences | Output Co-occurrences | Potential Output Occurrences |
|:----------:|:--------------:|:---------------------:|:---------------------:|:----------------------------:|
| iv_505-iv_506 | 1896 | 4260 | 46 | 65 |
| iv_503-iv_504 | 1847 | 4269 | 41 | 70 |
| iv_506-iv_507 | 1963 | 4433 | 36 | 72 |
| iv_502-iv_511 | 1908 | 4276 | 45 | 72 |
| iv_503-iv_505 | 1867 | 4219 | 40 | 73 |
| iv_511-iv_512 | 2148 | 4258 | 43 | 74 |
| iv_504-iv_505 | 1834 | 4164 | 41 | 75 |
| iv_510-iv_512 | 2081 | 4305 | 42 | 75 |
| iv_502-iv_504 | 1795 | 4226 | 42 | 76 |

## Output Bits

### Output Bits in Regular Order

| Rank | Output Bit | Complexity |
|:----:|:----------:|:----------:|
| 1 | ov_001 | 2.7312573156057094 × 10^299 |
| 2 | ov_002 | 2.378283867328456 × 10^299 |
| 3 | ov_003 | 2.059267516297074 × 10^299 |
| 4 | ov_004 | 1.7728022144014944 × 10^299 |
| 5 | ov_005 | 1.5175590066555434 × 10^299 |
| 6 | ov_006 | 1.2910896533334395 × 10^299 |
| 7 | ov_007 | 1.0910750111133708 × 10^299 |
| 8 | ov_008 | 9.153172005402693 × 10^298 |
| 9 | ov_009 | 7.617328678702073 × 10^298 |
| 10 | ov_010 | 6.283474184039179 × 10^298 |
| 11 | ov_011 | 5.132901269053658 × 10^298 |
| 12 | ov_012 | 4.147900577334098 × 10^298 |
| 13 | ov_013 | 3.3117273249465965 × 10^298 |
| 14 | ov_014 | 2.608574689417358 × 10^298 |
| 15 | ov_015 | 2.0235530195297506 × 10^298 |
| 16 | ov_016 | 1.5426739768326953 × 10^298 |
| 17 | ov_017 | 1.1528387857750792 × 10^298 |
| 18 | ov_018 | 8.418298351322139 × 10^297 |
| 19 | ov_019 | 5.983049389750868 × 10^297 |
| 20 | ov_020 | 4.117936309204812 × 10^297 |
| 21 | ov_021 | 2.7269493083392435 × 10^297 |
| 22 | ov_022 | 1.7227608856281462 × 10^297 |
| 23 | ov_023 | 1.0267189337128413 × 10^297 |
| 24 | ov_024 | 5.688426977513144 × 10^296 |
| 25 | ov_025 | 2.8782025390927522 × 10^296 |
| 26 | ov_026 | 1.310069967876087 × 10^296 |
| 27 | ov_027 | 5.442482785798918 × 10^295 |
| 28 | ov_028 | 2.276177903316451 × 10^295 |
| 29 | ov_029 | 9.371868894900974 × 10^294 |
| 30 | ov_030 | 3.098594731644157 × 10^294 |
| 31 | ov_031 | 7.497262787383445 × 10^293 |
| 32 | lv_80_k31 | 1.8134518805618395 × 10^293 |
| 33 | ov_033 | 2.1721475541388114 × 10^294 |
| 34 | ov_034 | 1.8790471068256873 × 10^294 |
| 35 | ov_035 | 1.6176132490689986 × 10^294 |
| 36 | ov_036 | 1.385269497482104 × 10^294 |
| 37 | ov_037 | 1.1795787829573748 × 10^294 |
| 38 | ov_038 | 9.982335948857749 × 10^293 |
| 39 | ov_039 | 8.390474492626832 × 10^293 |
| 40 | ov_040 | 6.999475533961038 × 10^293 |
| 41 | ov_041 | 5.789685477011943 × 10^293 |
| 42 | ov_042 | 4.742472124289565 × 10^293 |
| 43 | ov_043 | 3.840180341851684 × 10^293 |
| 44 | ov_044 | 3.0660953379322134 × 10^293 |
| 45 | ov_045 | 2.4044126348337223 × 10^293 |
| 46 | ov_046 | 1.8474542092698464 × 10^293 |
| 47 | ov_047 | 1.387979727868598 × 10^293 |
| 48 | ov_048 | 1.0191781322908602 × 10^293 |
| 49 | ov_049 | 7.286909987481586 × 10^292 |
| 50 | ov_050 | 5.049925091207717 × 10^292 |
| 51 | ov_051 | 3.373836115289635 × 10^292 |
| 52 | ov_052 | 2.159880809249448 × 10^292 |
| 53 | ov_053 | 1.317500171388383 × 10^292 |
| 54 | ov_054 | 7.643237165905314 × 10^291 |
| 55 | ov_055 | 4.26161480768815 × 10^291 |
| 56 | ov_056 | 2.3699986821561464 × 10^291 |
| 57 | ov_057 | 1.3899940258638793 × 10^291 |
| 58 | ov_058 | 8.249344145824917 × 10^290 |
| 59 | ov_059 | 4.4691755824114946 × 10^290 |
| 60 | ov_060 | 2.1508487490103812 × 10^290 |
| 61 | ov_061 | 8.857808978334445 × 10^289 |
| 62 | ov_062 | 2.9290984493259075 × 10^289 |
| 63 | ov_063 | 7.088261916458205 × 10^288 |
| 64 | lv_79_k31 | 1.7147601967381428 × 10^288 |
| 65 | ov_065 | 2.040078016029278 × 10^289 |
| 66 | ov_066 | 2.0400732519385527 × 10^289 |
| 67 | ov_067 | 2.0400717080263458 × 10^289 |
| 68 | ov_068 | 1.7648740363661845 × 10^289 |
| 69 | ov_069 | 1.5181788611368825 × 10^289 |
| 70 | ov_070 | 1.2987533864286814 × 10^289 |
| 71 | ov_071 | 1.1043552543864786 × 10^289 |
| 72 | ov_072 | 9.328792345097841 × 10^288 |
| 73 | ov_073 | 7.823481425691329 × 10^288 |
| 74 | ov_074 | 6.509045922282662 × 10^288 |
| 75 | ov_075 | 5.368035348724109 × 10^288 |
| 76 | ov_076 | 4.384055445947751 × 10^288 |
| 77 | ov_077 | 3.541708064651329 × 10^288 |
| 78 | ov_078 | 2.8265376713396766 × 10^288 |
| 79 | ov_079 | 2.2249840754834377 × 10^288 |
| 80 | ov_080 | 1.724340981041076 × 10^288 |
| 81 | ov_081 | 1.3127199696320312 × 10^288 |
| 82 | ov_082 | 9.790195255224958 × 10^287 |
| 83 | ov_083 | 7.128987145390758 × 10^287 |
| 84 | ov_084 | 5.047551302819392 × 10^287 |
| 85 | ov_085 | 3.457067217646369 × 10^287 |
| 86 | ov_086 | 2.2757711703184362 × 10^287 |
| 87 | ov_087 | 1.428840575343783 × 10^287 |
| 88 | ov_088 | 8.483055816565866 × 10^286 |
| 89 | ov_089 | 4.72984079356283 × 10^286 |
| 90 | ov_090 | 2.484362630011386 × 10^286 |
| 91 | ov_091 | 1.2693490187349423 × 10^286 |
| 92 | ov_092 | 6.744750014042013 × 10^285 |
| 93 | ov_093 | 3.562672074599074 × 10^285 |
| 94 | ov_094 | 1.5969395961489755 × 10^285 |
| 95 | aaa_78_28 | 5.136222507698126 × 10^284 |
| 96 | aaa_78_29 | 1.94608245524987 × 10^284 |
| 97 | ov_097 | 2.1192628905664603 × 10^284 |
| 98 | ov_098 | 2.1191993619059134 × 10^284 |
| 99 | ov_099 | 2.119179071879855 × 10^284 |
| 100 | ov_100 | 1.907180383776185 × 10^284 |
| 101 | ov_101 | 1.7108086151062015 × 10^284 |
| 102 | ov_102 | 1.5292066415363827 × 10^284 |
| 103 | ov_103 | 1.3615800108361556 × 10^284 |
| 104 | ov_104 | 1.2071887899811299 × 10^284 |
| 105 | ov_105 | 1.0653401562629346 × 10^284 |
| 106 | ov_106 | 9.35381692343403 × 10^283 |
| 107 | ov_107 | 8.166953468663481 × 10^283 |
| 108 | ov_108 | 7.086920236404193 × 10^283 |
| 109 | ov_109 | 6.108067635610464 × 10^283 |
| 110 | ov_110 | 5.224944843737017 × 10^283 |
| 111 | ov_111 | 4.432262441186747 × 10^283 |
| 112 | ov_112 | 3.724859946649096 × 10^283 |
| 113 | ov_113 | 3.097677921662909 × 10^283 |
| 114 | ov_114 | 2.5457343158435273 × 10^283 |
| 115 | ov_115 | 2.0641047263900752 × 10^283 |
| 116 | ov_116 | 1.6479062469367974 × 10^283 |
| 117 | ov_117 | 1.2922845817205093 × 10^283 |
| 118 | ov_118 | 9.924041015793658 × 10^282 |
| 119 | ov_119 | 7.434405185929677 × 10^282 |
| 120 | ov_120 | 5.405758563099271 × 10^282 |
| 121 | ov_121 | 3.789953925726536 × 10^282 |
| 122 | ov_122 | 2.5388610633212952 × 10^282 |
| 123 | ov_123 | 1.6043594929211544 × 10^282 |
| 124 | ov_124 | 9.383342204939073 × 10^281 |
| 125 | ov_125 | 4.926729609373554 × 10^281 |
| 126 | ov_126 | 2.1926453988658364 × 10^281 |
| 127 | aaa_77_28 | 6.999813773155583 × 10^280 |
| 128 | aaa_77_29 | 2.623221343955947 × 10^280 |
| 129 | ov_129 | 2.416725150961918 × 10^280 |
| 130 | ov_130 | 2.416719639423957 × 10^280 |
| 131 | ov_131 | 2.416717869389734 × 10^280 |
| 132 | ov_132 | 2.0930204172567393 × 10^280 |
| 133 | ov_133 | 1.8032756626649063 × 10^280 |
| 134 | ov_134 | 1.54488630384382 × 10^280 |
| 135 | ov_135 | 1.3154002195966996 × 10^280 |
| 136 | ov_136 | 1.1124999589934516 × 10^280 |
| 137 | ov_137 | 9.339935656767167 × 10^279 |
| 138 | ov_138 | 7.778066371116096 × 10^279 |
| 139 | ov_139 | 6.419755006866347 × 10^279 |
| 140 | ov_140 | 5.24641387021067 × 10^279 |
| 141 | ov_141 | 4.2404548741378526 × 10^279 |
| 142 | ov_142 | 3.385247887908023 × 10^279 |
| 143 | ov_143 | 2.6650859130728476 × 10^279 |
| 144 | ov_144 | 2.0651563608216926 × 10^279 |
| 145 | ov_145 | 1.5715178692012153 × 10^279 |
| 146 | ov_146 | 1.1710820497356131 × 10^279 |
| 147 | ov_147 | 8.51599456263807 × 10^278 |
| 148 | ov_148 | 6.01649078052811 × 10^278 |
| 149 | ov_149 | 4.1063071954495465 × 10^278 |
| 150 | ov_150 | 2.6875968932649157 × 10^278 |
| 151 | ov_151 | 1.6706328109656622 × 10^278 |
| 152 | ov_152 | 9.737858958465292 × 10^277 |
| 153 | ov_153 | 5.235126452044488 × 10^277 |
| 154 | ov_154 | 2.5434865908418377 × 10^277 |
| 155 | ov_155 | 1.0890552759769499 × 10^277 |
| 156 | aaa_76_25 | 3.786937494102891 × 10^276 |
| 157 | aaa_76_26 | 2.3304301125627158 × 10^276 |
| 158 | aaa_76_27 | 1.2775834880943406 × 10^276 |
| 159 | aaa_76_28 | 6.019607266276189 × 10^275 |
| 160 | aaa_76_29 | 2.2661342180299587 × 10^275 |

### Output Bits Sorted by Complexity

| Rank | Output Bit | Complexity |
|:----:|:----------:|:----------:|
| 160 | aaa_76_29 | 2.2661342180299587 × 10^275 |
| 159 | aaa_76_28 | 6.019607266276189 × 10^275 |
| 158 | aaa_76_27 | 1.2775834880943406 × 10^276 |
| 157 | aaa_76_26 | 2.3304301125627158 × 10^276 |
| 156 | aaa_76_25 | 3.786937494102891 × 10^276 |
| 155 | ov_155 | 1.0890552759769499 × 10^277 |
| 154 | ov_154 | 2.5434865908418377 × 10^277 |
| 153 | ov_153 | 5.235126452044488 × 10^277 |
| 152 | ov_152 | 9.737858958465292 × 10^277 |
| 151 | ov_151 | 1.6706328109656622 × 10^278 |
| 150 | ov_150 | 2.6875968932649157 × 10^278 |
| 149 | ov_149 | 4.1063071954495465 × 10^278 |
| 148 | ov_148 | 6.01649078052811 × 10^278 |
| 147 | ov_147 | 8.51599456263807 × 10^278 |
| 146 | ov_146 | 1.1710820497356131 × 10^279 |
| 145 | ov_145 | 1.5715178692012153 × 10^279 |
| 144 | ov_144 | 2.0651563608216926 × 10^279 |
| 143 | ov_143 | 2.6650859130728476 × 10^279 |
| 142 | ov_142 | 3.385247887908023 × 10^279 |
| 141 | ov_141 | 4.2404548741378526 × 10^279 |
| 140 | ov_140 | 5.24641387021067 × 10^279 |
| 139 | ov_139 | 6.419755006866347 × 10^279 |
| 138 | ov_138 | 7.778066371116096 × 10^279 |
| 137 | ov_137 | 9.339935656767167 × 10^279 |
| 136 | ov_136 | 1.1124999589934516 × 10^280 |
| 135 | ov_135 | 1.3154002195966996 × 10^280 |
| 134 | ov_134 | 1.54488630384382 × 10^280 |
| 133 | ov_133 | 1.8032756626649063 × 10^280 |
| 132 | ov_132 | 2.0930204172567393 × 10^280 |
| 131 | ov_131 | 2.416717869389734 × 10^280 |
| 130 | ov_130 | 2.416719639423957 × 10^280 |
| 129 | ov_129 | 2.416725150961918 × 10^280 |
| 128 | aaa_77_29 | 2.623221343955947 × 10^280 |
| 127 | aaa_77_28 | 6.999813773155583 × 10^280 |
| 126 | ov_126 | 2.1926453988658364 × 10^281 |
| 125 | ov_125 | 4.926729609373554 × 10^281 |
| 124 | ov_124 | 9.383342204939073 × 10^281 |
| 123 | ov_123 | 1.6043594929211544 × 10^282 |
| 122 | ov_122 | 2.5388610633212952 × 10^282 |
| 121 | ov_121 | 3.789953925726536 × 10^282 |
| 120 | ov_120 | 5.405758563099271 × 10^282 |
| 119 | ov_119 | 7.434405185929677 × 10^282 |
| 118 | ov_118 | 9.924041015793658 × 10^282 |
| 117 | ov_117 | 1.2922845817205093 × 10^283 |
| 116 | ov_116 | 1.6479062469367974 × 10^283 |
| 115 | ov_115 | 2.0641047263900752 × 10^283 |
| 114 | ov_114 | 2.5457343158435273 × 10^283 |
| 113 | ov_113 | 3.097677921662909 × 10^283 |
| 112 | ov_112 | 3.724859946649096 × 10^283 |
| 111 | ov_111 | 4.432262441186747 × 10^283 |
| 110 | ov_110 | 5.224944843737017 × 10^283 |
| 109 | ov_109 | 6.108067635610464 × 10^283 |
| 108 | ov_108 | 7.086920236404193 × 10^283 |
| 107 | ov_107 | 8.166953468663481 × 10^283 |
| 106 | ov_106 | 9.35381692343403 × 10^283 |
| 105 | ov_105 | 1.0653401562629346 × 10^284 |
| 104 | ov_104 | 1.2071887899811299 × 10^284 |
| 103 | ov_103 | 1.3615800108361556 × 10^284 |
| 102 | ov_102 | 1.5292066415363827 × 10^284 |
| 101 | ov_101 | 1.7108086151062015 × 10^284 |
| 100 | ov_100 | 1.907180383776185 × 10^284 |
| 96 | aaa_78_29 | 1.94608245524987 × 10^284 |
| 99 | ov_099 | 2.119179071879855 × 10^284 |
| 98 | ov_098 | 2.1191993619059134 × 10^284 |
| 97 | ov_097 | 2.1192628905664603 × 10^284 |
| 95 | aaa_78_28 | 5.136222507698126 × 10^284 |
| 94 | ov_094 | 1.5969395961489755 × 10^285 |
| 93 | ov_093 | 3.562672074599074 × 10^285 |
| 92 | ov_092 | 6.744750014042013 × 10^285 |
| 91 | ov_091 | 1.2693490187349423 × 10^286 |
| 90 | ov_090 | 2.484362630011386 × 10^286 |
| 89 | ov_089 | 4.72984079356283 × 10^286 |
| 88 | ov_088 | 8.483055816565866 × 10^286 |
| 87 | ov_087 | 1.428840575343783 × 10^287 |
| 86 | ov_086 | 2.2757711703184362 × 10^287 |
| 85 | ov_085 | 3.457067217646369 × 10^287 |
| 84 | ov_084 | 5.047551302819392 × 10^287 |
| 83 | ov_083 | 7.128987145390758 × 10^287 |
| 82 | ov_082 | 9.790195255224958 × 10^287 |
| 81 | ov_081 | 1.3127199696320312 × 10^288 |
| 64 | lv_79_k31 | 1.7147601967381428 × 10^288 |
| 80 | ov_080 | 1.724340981041076 × 10^288 |
| 79 | ov_079 | 2.2249840754834377 × 10^288 |
| 78 | ov_078 | 2.8265376713396766 × 10^288 |
| 77 | ov_077 | 3.541708064651329 × 10^288 |
| 76 | ov_076 | 4.384055445947751 × 10^288 |
| 75 | ov_075 | 5.368035348724109 × 10^288 |
| 74 | ov_074 | 6.509045922282662 × 10^288 |
| 63 | ov_063 | 7.088261916458205 × 10^288 |
| 73 | ov_073 | 7.823481425691329 × 10^288 |
| 72 | ov_072 | 9.328792345097841 × 10^288 |
| 71 | ov_071 | 1.1043552543864786 × 10^289 |
| 70 | ov_070 | 1.2987533864286814 × 10^289 |
| 69 | ov_069 | 1.5181788611368825 × 10^289 |
| 68 | ov_068 | 1.7648740363661845 × 10^289 |
| 67 | ov_067 | 2.0400717080263458 × 10^289 |
| 66 | ov_066 | 2.0400732519385527 × 10^289 |
| 65 | ov_065 | 2.040078016029278 × 10^289 |
| 62 | ov_062 | 2.9290984493259075 × 10^289 |
| 61 | ov_061 | 8.857808978334445 × 10^289 |
| 60 | ov_060 | 2.1508487490103812 × 10^290 |
| 59 | ov_059 | 4.4691755824114946 × 10^290 |
| 58 | ov_058 | 8.249344145824917 × 10^290 |
| 57 | ov_057 | 1.3899940258638793 × 10^291 |
| 56 | ov_056 | 2.3699986821561464 × 10^291 |
| 55 | ov_055 | 4.26161480768815 × 10^291 |
| 54 | ov_054 | 7.643237165905314 × 10^291 |
| 53 | ov_053 | 1.317500171388383 × 10^292 |
| 52 | ov_052 | 2.159880809249448 × 10^292 |
| 51 | ov_051 | 3.373836115289635 × 10^292 |
| 50 | ov_050 | 5.049925091207717 × 10^292 |
| 49 | ov_049 | 7.286909987481586 × 10^292 |
| 48 | ov_048 | 1.0191781322908602 × 10^293 |
| 47 | ov_047 | 1.387979727868598 × 10^293 |
| 32 | lv_80_k31 | 1.8134518805618395 × 10^293 |
| 46 | ov_046 | 1.8474542092698464 × 10^293 |
| 45 | ov_045 | 2.4044126348337223 × 10^293 |
| 44 | ov_044 | 3.0660953379322134 × 10^293 |
| 43 | ov_043 | 3.840180341851684 × 10^293 |
| 42 | ov_042 | 4.742472124289565 × 10^293 |
| 41 | ov_041 | 5.789685477011943 × 10^293 |
| 40 | ov_040 | 6.999475533961038 × 10^293 |
| 31 | ov_031 | 7.497262787383445 × 10^293 |
| 39 | ov_039 | 8.390474492626832 × 10^293 |
| 38 | ov_038 | 9.982335948857749 × 10^293 |
| 37 | ov_037 | 1.1795787829573748 × 10^294 |
| 36 | ov_036 | 1.385269497482104 × 10^294 |
| 35 | ov_035 | 1.6176132490689986 × 10^294 |
| 34 | ov_034 | 1.8790471068256873 × 10^294 |
| 33 | ov_033 | 2.1721475541388114 × 10^294 |
| 30 | ov_030 | 3.098594731644157 × 10^294 |
| 29 | ov_029 | 9.371868894900974 × 10^294 |
| 28 | ov_028 | 2.276177903316451 × 10^295 |
| 27 | ov_027 | 5.442482785798918 × 10^295 |
| 26 | ov_026 | 1.310069967876087 × 10^296 |
| 25 | ov_025 | 2.8782025390927522 × 10^296 |
| 24 | ov_024 | 5.688426977513144 × 10^296 |
| 23 | ov_023 | 1.0267189337128413 × 10^297 |
| 22 | ov_022 | 1.7227608856281462 × 10^297 |
| 21 | ov_021 | 2.7269493083392435 × 10^297 |
| 20 | ov_020 | 4.117936309204812 × 10^297 |
| 19 | ov_019 | 5.983049389750868 × 10^297 |
| 18 | ov_018 | 8.418298351322139 × 10^297 |
| 17 | ov_017 | 1.1528387857750792 × 10^298 |
| 16 | ov_016 | 1.5426739768326953 × 10^298 |
| 15 | ov_015 | 2.0235530195297506 × 10^298 |
| 14 | ov_014 | 2.608574689417358 × 10^298 |
| 13 | ov_013 | 3.3117273249465965 × 10^298 |
| 12 | ov_012 | 4.147900577334098 × 10^298 |
| 11 | ov_011 | 5.132901269053658 × 10^298 |
| 10 | ov_010 | 6.283474184039179 × 10^298 |
| 9 | ov_009 | 7.617328678702073 × 10^298 |
| 8 | ov_008 | 9.153172005402693 × 10^298 |
| 7 | ov_007 | 1.0910750111133708 × 10^299 |
| 6 | ov_006 | 1.2910896533334395 × 10^299 |
| 5 | ov_005 | 1.5175590066555434 × 10^299 |
| 4 | ov_004 | 1.7728022144014944 × 10^299 |
| 3 | ov_003 | 2.059267516297074 × 10^299 |
| 2 | ov_002 | 2.378283867328456 × 10^299 |
| 1 | ov_001 | 2.7312573156057094 × 10^299 |

