# Results for F001-F002-F003-F004-F005-F006-F007-F008-F009-F010-F011-F012-F013-F014-F015-F016-F017-F018-F019-F020-F021-F022-F023-F024-F025-F026-F027-F028-F029-F030-F031-F032-F033-F034-F035-F036-F037-F038-F039-F040-F041-F042-F043-F044-F045-F046-F047-F048-F049-F050-F051-F052-F053-F054-F055-F056-F057-F058-F059-F060-F061-F062-F063-F064-F065-F066-F067-F068-F069-F070-F071-F072-F073-F074-F075-F076-F077-F078-F079-F080-F081-F082-F083-F084-F085-F086-F087-F088-F089-F090-F091-F092-F093-F094-F095-F096-F097-F098-F099-F100-F101-F102-F103-F104-F105-F106-F107-F108-F109-F110-F111-F112-F113-F114-F115-F116-F117-F118-F119-F120-F121-F122-F123-F124-F125-F126-F127-F128-F129-F130-F131-F132-F133-F134-F135-F136-F137-F138-F139-F140-F141-F142-F143-F144-F145-F146-F147-F148-F149-F150-F151-F152-F153-F154-F155-F156-F157-F158-F159-F160-F161-F162-F163-F164-F165-F166-F167-F168-F169-F170-F171-F172-F173-F174-F175-F176-F177-F178-F179-F180-F181-F182-F183-F184-F185-F186-F187-F188-F189-F190-F191-F192-F193-F194-F195-F196-F197-F198-F199-F200-F201-F202-F203-F204-F205-F206-F207-F208-F209-F210-F211-F212-F213-F214-F215-F216-F217-F218-F219-F220-F221-F222-F223-F224-F225-F226-F227-F228-F229-F230-F231-F232-F233-F234-F235-F236-F237-F238-F239-F240-F241-F242-F243-F244-F245-F246-F247-F248-F249-F250-F251-F252-F253-F254-F255-F256-F257-F258-F259-F260-F261-F262-F263-F264-F265-F266-F267-F268-F269-F270-F271-F272-F273-F274-F275-F276-F277-F278-F279-F280-F281-F282-F283-F284-F285-F286-F287-F288-F289-F290-F291-F292-F293-F294-F295-F296-F297-F298-F299-F300-F301-F302-F303-F304-F305-F306-F307-F308-F309-F310-F311-F312-F313-F314-F315-F316-F317-F318-F319-F320-F321-F322-F323-F324-F325-F326-F327-F328-F329-F330-F331-F332-F333-F334-F335-F336-F337-F338-F339-F340-F341-F342-F343-F344-F345-F346-F347-F348-F349-F350-F351-F352-F353-F354-F355-F356-F357-F358-F359-F360-F361-F362-F363-F364-F365-F366-F367-F368-F369-F370-F371-F372-F373-F374-F375-F376-F377-F378-F379-F380-F381-F382-F383-F384-F385-F386-F387-F388-F389-F390-F391-F392-F393-F394-F395-F396-F397-F398-F399-F400-F401-F402-F403-F404-F405-F406-F407-F408-F409-F410-F411-F412-F413-F414-F415-F416-F417-F418-F419-F420-F421-F422-F423-F424-F425-F426-F427-F428-F429-F430-F431-F432-F433-F434-F435-F436-F437-F438-F439-F440-F441-F442-F443-F444-F445-F446-F447-F448-F449-F450-F451-F452-F453-F454-F455-F456-F457-F458-F459-F460-F461-F462-F463-F464-F465-F466-F467-F468-F469-F470-F471-F472-F473-F474-F475-F476-F477-F478-F479-F480-F481-F482-F483-F484-F485-F486-F487-F488-F489-F490-F491-F492-F493-F494-F495-F496-E497507-O497508-E499505-F509-F510-F511-F512

## Summary

Number of input bits: 512  
Number of free input bits: 9  
Number of output bits: 160

Number of direct occurrences: 36331  
Number of assignments: 31057  
Number of operations: 10897425
(xor: 10869412,
and: 14735,
or: 13278)

Total complexity: 3.004906310395113 × 10^298

Least occurring input variable: iv_502 (3856)  
Most occurring input variable: iv_497 (4419)

Most co-occurring input variables: iv_499-iv_501 (1975)  
Least co-occurring input variables: iv_498-iv_502 (1751)

Potentially most occurring input variable: iv_497/iv_501 (4670)  
Potentially least occurring input variable: iv_504/iv_506 (4145)

Least output occurring input variable: iv_500 (75)  
Most output occurring input variable: iv_506 (91)

Most output co-occurring input variables: iv_501-iv_506 (52)  
Least output co-occurring input variables: iv_503-iv_504 (33)

Potentially most output occurring input variable: iv_500/iv_506 (94)  
Potentially least output occurring input variable: iv_499/iv_502 (70)

Least complex input bit: iv_498 (3.2182591424935805 × 10^296)  
Most complex input bit: iv_499 (9.404128378539271 × 10^297)

Least complex output bit: aaa_76_29 (2.415627262496745 × 10^273)  
Most complex output bit: ov_001 (4.844923210722166 × 10^297)

Least complex input/output complexity: iv_498/aaa_76_29 (2.587140402844932 × 10^271)  
Most complex input/output complexity: iv_499/ov_001 (1.516262909767891 × 10^297)

## Input Bits

### Input Bits in Regular Order

| Input Bit | Complexity | Occurrences | Output Occurrences |
|:---------:|:----------:|:-----------:|:------------------:|
| iv_497 | 2.097563672403698 × 10^297 | 4419 | 82 |
| iv_498 | 3.2182591424935805 × 10^296 | 3888 | 85 |
| iv_499 | 9.404128378539271 × 10^297 | 4156 | 86 |
| iv_500 | 9.897529515392922 × 10^296 | 3914 | 75 |
| iv_501 | 1.659272619371475 × 10^297 | 4047 | 83 |
| iv_502 | 2.7159958224897514 × 10^297 | 3856 | 88 |
| iv_503 | 4.354714367313469 × 10^297 | 4018 | 75 |
| iv_504 | 6.828608028399577 × 10^297 | 3905 | 81 |
| iv_506 | 1.6772013496452437 × 10^297 | 4128 | 91 |

### Input Bits Sorted by Complexity

| Input Bit | Complexity | Occurrences | Output Occurrences |
|:---------:|:----------:|:-----------:|:------------------:|
| iv_498 | 3.2182591424935805 × 10^296 | 3888 | 85 |
| iv_500 | 9.897529515392922 × 10^296 | 3914 | 75 |
| iv_501 | 1.659272619371475 × 10^297 | 4047 | 83 |
| iv_506 | 1.6772013496452437 × 10^297 | 4128 | 91 |
| iv_497 | 2.097563672403698 × 10^297 | 4419 | 82 |
| iv_502 | 2.7159958224897514 × 10^297 | 3856 | 88 |
| iv_503 | 4.354714367313469 × 10^297 | 4018 | 75 |
| iv_504 | 6.828608028399577 × 10^297 | 3905 | 81 |
| iv_499 | 9.404128378539271 × 10^297 | 4156 | 86 |

### Input Bits Sorted by Occurrences

| Input Bit | Complexity | Occurrences | Output Occurrences |
|:---------:|:----------:|:-----------:|:------------------:|
| iv_502 | 2.7159958224897514 × 10^297 | 3856 | 88 |
| iv_498 | 3.2182591424935805 × 10^296 | 3888 | 85 |
| iv_504 | 6.828608028399577 × 10^297 | 3905 | 81 |
| iv_500 | 9.897529515392922 × 10^296 | 3914 | 75 |
| iv_503 | 4.354714367313469 × 10^297 | 4018 | 75 |
| iv_501 | 1.659272619371475 × 10^297 | 4047 | 83 |
| iv_506 | 1.6772013496452437 × 10^297 | 4128 | 91 |
| iv_499 | 9.404128378539271 × 10^297 | 4156 | 86 |
| iv_497 | 2.097563672403698 × 10^297 | 4419 | 82 |

### Input Bits Sorted by Output Occurrences

| Input Bit | Complexity | Occurrences | Output Occurrences |
|:---------:|:----------:|:-----------:|:------------------:|
| iv_500 | 9.897529515392922 × 10^296 | 3914 | 75 |
| iv_503 | 4.354714367313469 × 10^297 | 4018 | 75 |
| iv_504 | 6.828608028399577 × 10^297 | 3905 | 81 |
| iv_497 | 2.097563672403698 × 10^297 | 4419 | 82 |
| iv_501 | 1.659272619371475 × 10^297 | 4047 | 83 |
| iv_498 | 3.2182591424935805 × 10^296 | 3888 | 85 |
| iv_499 | 9.404128378539271 × 10^297 | 4156 | 86 |
| iv_502 | 2.7159958224897514 × 10^297 | 3856 | 88 |
| iv_506 | 1.6772013496452437 × 10^297 | 4128 | 91 |

## Input Bit Co-occurrences

### Input Bit Co-occurrences Sorted by Co-occurrences

| Input Bits | Co-occurrences | Potential Occurrences | Output Co-occurrences | Potential Output Occurrences |
|:----------:|:--------------:|:---------------------:|:---------------------:|:----------------------------:|
| iv_499-iv_501 | 1975 | 4253 | 43 | 83 |
| iv_497-iv_499 | 1963 | 4649 | 47 | 74 |
| iv_497-iv_503 | 1960 | 4517 | 36 | 85 |
| iv_499-iv_506 | 1956 | 4372 | 43 | 91 |
| iv_501-iv_506 | 1951 | 4273 | 52 | 70 |
| iv_504-iv_506 | 1944 | 4145 | 47 | 78 |
| iv_497-iv_506 | 1942 | 4663 | 44 | 85 |
| iv_501-iv_503 | 1911 | 4243 | 39 | 80 |
| iv_497-iv_498 | 1906 | 4495 | 45 | 77 |

### Input Bit Co-occurrences Sorted by Potential Occurrences

| Input Bits | Co-occurrences | Potential Occurrences | Output Co-occurrences | Potential Output Occurrences |
|:----------:|:--------------:|:---------------------:|:---------------------:|:----------------------------:|
| iv_504-iv_506 | 1944 | 4145 | 47 | 78 |
| iv_498-iv_504 | 1818 | 4157 | 42 | 82 |
| iv_501-iv_502 | 1870 | 4163 | 47 | 77 |
| iv_500-iv_502 | 1803 | 4164 | 42 | 79 |
| iv_502-iv_504 | 1791 | 4179 | 47 | 75 |
| iv_499-iv_502 | 1903 | 4206 | 52 | 70 |
| iv_498-iv_506 | 1902 | 4212 | 45 | 86 |
| iv_498-iv_500 | 1793 | 4216 | 43 | 74 |
| iv_502-iv_506 | 1883 | 4218 | 50 | 79 |

### Input Bit Output Co-occurrences Sorted by Output Co-occurrences

| Input Bits | Co-occurrences | Potential Occurrences | Output Co-occurrences | Potential Output Occurrences |
|:----------:|:--------------:|:---------------------:|:---------------------:|:----------------------------:|
| iv_499-iv_502 | 1903 | 4206 | 52 | 70 |
| iv_501-iv_506 | 1951 | 4273 | 52 | 70 |
| iv_502-iv_506 | 1883 | 4218 | 50 | 79 |
| iv_498-iv_499 | 1881 | 4282 | 50 | 71 |
| iv_501-iv_502 | 1870 | 4163 | 47 | 77 |
| iv_502-iv_504 | 1791 | 4179 | 47 | 75 |
| iv_504-iv_506 | 1944 | 4145 | 47 | 78 |
| iv_498-iv_501 | 1845 | 4245 | 47 | 74 |
| iv_497-iv_499 | 1963 | 4649 | 47 | 74 |

### Input Bit Output Co-occurrences Sorted by Potential Output Occurrences

| Input Bits | Co-occurrences | Potential Occurrences | Output Co-occurrences | Potential Output Occurrences |
|:----------:|:--------------:|:---------------------:|:---------------------:|:----------------------------:|
| iv_499-iv_502 | 1903 | 4206 | 52 | 70 |
| iv_501-iv_506 | 1951 | 4273 | 52 | 70 |
| iv_498-iv_499 | 1881 | 4282 | 50 | 71 |
| iv_500-iv_503 | 1836 | 4260 | 39 | 72 |
| iv_498-iv_500 | 1793 | 4216 | 43 | 74 |
| iv_498-iv_501 | 1845 | 4245 | 47 | 74 |
| iv_497-iv_499 | 1963 | 4649 | 47 | 74 |
| iv_502-iv_504 | 1791 | 4179 | 47 | 75 |
| iv_499-iv_504 | 1904 | 4253 | 45 | 77 |

## Output Bits

### Output Bits in Regular Order

| Rank | Output Bit | Complexity |
|:----:|:----------:|:----------:|
| 1 | ov_001 | 4.844923210722166 × 10^297 |
| 2 | ov_002 | 4.195359875142561 × 10^297 |
| 3 | ov_003 | 3.6141725193710887 × 10^297 |
| 4 | ov_004 | 3.0961389860964435 × 10^297 |
| 5 | ov_005 | 2.6363218789838383 × 10^297 |
| 6 | ov_006 | 2.230048257088797 × 10^297 |
| 7 | ov_007 | 1.872891950388842 × 10^297 |
| 8 | ov_008 | 1.5606583262365635 × 10^297 |
| 9 | ov_009 | 1.2893713171758634 × 10^297 |
| 10 | ov_010 | 1.0552624857585874 × 10^297 |
| 11 | ov_011 | 8.547618993923985 × 10^296 |
| 12 | ov_012 | 6.844906011932276 × 10^296 |
| 13 | ov_013 | 5.412544755227896 × 10^296 |
| 14 | ov_014 | 4.220393194181024 × 10^296 |
| 15 | ov_015 | 3.2400694350997444 × 10^296 |
| 16 | ov_016 | 2.4449213831605573 × 10^296 |
| 17 | ov_017 | 1.8100035400863901 × 10^296 |
| 18 | ov_018 | 1.312059539189138 × 10^296 |
| 19 | ov_019 | 9.295091416366396 × 10^295 |
| 20 | ov_020 | 6.424385958908275 × 10^295 |
| 21 | ov_021 | 4.3259354683965835 × 10^295 |
| 22 | ov_022 | 2.8337394299810777 × 10^295 |
| 23 | ov_023 | 1.798305151339085 × 10^295 |
| 24 | ov_024 | 1.0866245999080665 × 10^295 |
| 25 | ov_025 | 6.363126771329687 × 10^294 |
| 26 | ov_026 | 3.472945637206771 × 10^294 |
| 27 | ov_027 | 1.736478866268727 × 10^294 |
| 28 | ov_028 | 7.767927360715816 × 10^293 |
| 29 | ov_029 | 2.9923986201703175 × 10^293 |
| 30 | ov_030 | 9.14582353520441 × 10^292 |
| 31 | ov_031 | 1.7834418264028722 × 10^292 |
| 32 | lv_80_m31 | 3.477137311818031 × 10^291 |
| 33 | ov_033 | 4.1663253764519606 × 10^292 |
| 34 | ov_034 | 3.612664257725819 × 10^292 |
| 35 | ov_035 | 3.1173490082148323 × 10^292 |
| 36 | ov_036 | 2.675640385698674 × 10^292 |
| 37 | ov_037 | 2.283053484110076 × 10^292 |
| 38 | ov_038 | 1.9353397529051257 × 10^292 |
| 39 | ov_039 | 1.6284714986102958 × 10^292 |
| 40 | ov_040 | 1.358628628216842 × 10^292 |
| 41 | ov_041 | 1.1221874064946192 × 10^292 |
| 42 | ov_042 | 9.173837688762867 × 10^291 |
| 43 | ov_043 | 7.425449579272195 × 10^291 |
| 44 | ov_044 | 5.945858293847848 × 10^291 |
| 45 | ov_045 | 4.7058862714964826 × 10^291 |
| 46 | ov_046 | 3.677988089915622 × 10^291 |
| 47 | ov_047 | 2.8362176667528 × 10^291 |
| 48 | ov_048 | 2.156202937705877 × 10^291 |
| 49 | ov_049 | 1.6151266550423696 × 10^291 |
| 50 | ov_050 | 1.1917120603693442 × 10^291 |
| 51 | ov_051 | 8.662123525829258 × 10^290 |
| 52 | ov_052 | 6.204030960024142 × 10^290 |
| 53 | ov_053 | 4.375768665165998 × 10^290 |
| 54 | ov_054 | 3.0253955221844296 × 10^290 |
| 55 | ov_055 | 2.016078805343895 × 10^290 |
| 56 | ov_056 | 1.2831768161299438 × 10^290 |
| 57 | ov_057 | 7.695912260566008 × 10^289 |
| 58 | ov_058 | 4.2576368712092597 × 10^289 |
| 59 | ov_059 | 2.0967407475032772 × 10^289 |
| 60 | ov_060 | 8.68396929379044 × 10^288 |
| 61 | ov_061 | 3.0314988518809347 × 10^288 |
| 62 | ov_062 | 8.310601388434648 × 10^287 |
| 63 | ov_063 | 1.6186171053857908 × 10^287 |
| 64 | lv_79_m31 | 3.151728951900254 × 10^286 |
| 65 | ov_065 | 3.724289312110507 × 10^287 |
| 66 | ov_066 | 3.724279484636519 × 10^287 |
| 67 | ov_067 | 3.7242771684872786 × 10^287 |
| 68 | ov_068 | 3.2148300956809917 × 10^287 |
| 69 | ov_069 | 2.759956918556107 × 10^287 |
| 70 | ov_070 | 2.3555260513135403 × 10^287 |
| 71 | ov_071 | 1.9976005270557286 × 10^287 |
| 72 | ov_072 | 1.6824276317373785 × 10^287 |
| 73 | ov_073 | 1.406430843338081 × 10^287 |
| 74 | ov_074 | 1.1662035163321581 × 10^287 |
| 75 | ov_075 | 9.585037808642305 × 10^286 |
| 76 | ov_076 | 7.802502086663802 × 10^286 |
| 77 | ov_077 | 6.285179850137955 × 10^286 |
| 78 | ov_078 | 5.005355029267418 × 10^286 |
| 79 | ov_079 | 3.9368135392209174 × 10^286 |
| 80 | ov_080 | 3.0548168994985354 × 10^286 |
| 81 | ov_081 | 2.3360793140091015 × 10^286 |
| 82 | ov_082 | 1.7587479625883712 × 10^286 |
| 83 | ov_083 | 1.302386256054014 × 10^286 |
| 84 | ov_084 | 9.479598078774512 × 10^285 |
| 85 | ov_085 | 6.778248762470982 × 10^285 |
| 86 | ov_086 | 4.7571903077464844 × 10^285 |
| 87 | ov_087 | 3.267537984108515 × 10^285 |
| 88 | ov_088 | 2.1740904333402986 × 10^285 |
| 89 | ov_089 | 1.4126618013826022 × 10^285 |
| 90 | ov_090 | 8.75305974663913 × 10^284 |
| 91 | ov_091 | 5.114502841027048 × 10^284 |
| 92 | ov_092 | 2.7731558316559175 × 10^284 |
| 93 | ov_093 | 1.3591217195131129 × 10^284 |
| 94 | ov_094 | 5.703779506715384 × 10^283 |
| 95 | aaa_78_28 | 1.7276824540359236 × 10^283 |
| 96 | aaa_78_29 | 5.14777632509207 × 10^282 |
| 97 | ov_097 | 2.794914091402749 × 10^282 |
| 98 | ov_098 | 2.794873863095211 × 10^282 |
| 99 | ov_099 | 2.7948610284149884 × 10^282 |
| 100 | ov_100 | 2.2827220932172996 × 10^282 |
| 101 | ov_101 | 1.8550778258182726 × 10^282 |
| 102 | ov_102 | 1.5019989779995737 × 10^282 |
| 103 | ov_103 | 1.2140963516994514 × 10^282 |
| 104 | ov_104 | 9.824814275548238 × 10^281 |
| 105 | ov_105 | 7.987322569847272 × 10^281 |
| 106 | ov_106 | 6.548641248989729 × 10^281 |
| 107 | ov_107 | 5.433045152391036 × 10^281 |
| 108 | ov_108 | 4.56871935827847 × 10^281 |
| 109 | ov_109 | 3.8875818259710054 × 10^281 |
| 110 | ov_110 | 3.325136463353792 × 10^281 |
| 111 | ov_111 | 2.82035287772632 × 10^281 |
| 112 | ov_112 | 2.369939667679818 × 10^281 |
| 113 | ov_113 | 1.970665852224597 × 10^281 |
| 114 | ov_114 | 1.6193469327571808 × 10^281 |
| 115 | ov_115 | 1.3128335917332644 × 10^281 |
| 116 | ov_116 | 1.0480028092220782 × 10^281 |
| 117 | ov_117 | 8.2175094478265535 × 10^280 |
| 118 | ov_118 | 6.309883322447466 × 10^280 |
| 119 | ov_119 | 4.726352235931432 × 10^280 |
| 120 | ov_120 | 3.436187661353155 × 10^280 |
| 121 | ov_121 | 2.408706971574742 × 10^280 |
| 122 | ov_122 | 1.6132564693911989 × 10^280 |
| 123 | ov_123 | 1.019199410035199 × 10^280 |
| 124 | ov_124 | 5.95907924830829 × 10^279 |
| 125 | ov_125 | 3.127580201004555 × 10^279 |
| 126 | ov_126 | 1.3912702739339422 × 10^279 |
| 127 | aaa_77_28 | 4.43926252892817 × 10^278 |
| 128 | aaa_77_29 | 1.662375275821079 × 10^278 |
| 129 | ov_129 | 1.5225123331528413 × 10^278 |
| 130 | ov_130 | 1.5225076323069167 × 10^278 |
| 131 | ov_131 | 1.52250649696289 × 10^278 |
| 132 | ov_132 | 1.3157627113556851 × 10^278 |
| 133 | ov_133 | 1.1310604709399402 × 10^278 |
| 134 | ov_134 | 9.667133631910623 × 10^277 |
| 135 | ov_135 | 8.211238922987607 × 10^277 |
| 136 | ov_136 | 6.927770900604791 × 10^277 |
| 137 | ov_137 | 5.802350496030796 × 10^277 |
| 138 | ov_138 | 4.821322914542186 × 10^277 |
| 139 | ov_139 | 3.971718760282254 × 10^277 |
| 140 | ov_140 | 3.2412218101708834 × 10^277 |
| 141 | ov_141 | 2.6181426651459447 × 10^277 |
| 142 | ov_142 | 2.0913975497486053 × 10^277 |
| 143 | ov_143 | 1.6504915733465743 × 10^277 |
| 144 | ov_144 | 1.285505808268043 × 10^277 |
| 145 | ov_145 | 9.870875819013431 × 10^276 |
| 146 | ov_146 | 7.464434214710787 × 10^276 |
| 147 | ov_147 | 5.553341317726384 × 10^276 |
| 148 | ov_148 | 4.06071527657368 × 10^276 |
| 149 | ov_149 | 2.915163845253393 × 10^276 |
| 150 | ov_150 | 2.050772115130753 × 10^276 |
| 151 | ov_151 | 1.4070951041504175 × 10^276 |
| 152 | ov_152 | 9.291528737836643 × 10^275 |
| 153 | ov_153 | 5.90821211185891 × 10^275 |
| 154 | ov_154 | 3.480409266092643 × 10^275 |
| 155 | ov_155 | 1.801469671093362 × 10^275 |
| 156 | aaa_76_25 | 6.920279839722846 × 10^274 |
| 157 | aaa_76_26 | 3.994183458731591 × 10^274 |
| 158 | aaa_76_27 | 2.043336372899506 × 10^274 |
| 159 | aaa_76_28 | 7.949487018030889 × 10^273 |
| 160 | aaa_76_29 | 2.415627262496745 × 10^273 |

### Output Bits Sorted by Complexity

| Rank | Output Bit | Complexity |
|:----:|:----------:|:----------:|
| 160 | aaa_76_29 | 2.415627262496745 × 10^273 |
| 159 | aaa_76_28 | 7.949487018030889 × 10^273 |
| 158 | aaa_76_27 | 2.043336372899506 × 10^274 |
| 157 | aaa_76_26 | 3.994183458731591 × 10^274 |
| 156 | aaa_76_25 | 6.920279839722846 × 10^274 |
| 155 | ov_155 | 1.801469671093362 × 10^275 |
| 154 | ov_154 | 3.480409266092643 × 10^275 |
| 153 | ov_153 | 5.90821211185891 × 10^275 |
| 152 | ov_152 | 9.291528737836643 × 10^275 |
| 151 | ov_151 | 1.4070951041504175 × 10^276 |
| 150 | ov_150 | 2.050772115130753 × 10^276 |
| 149 | ov_149 | 2.915163845253393 × 10^276 |
| 148 | ov_148 | 4.06071527657368 × 10^276 |
| 147 | ov_147 | 5.553341317726384 × 10^276 |
| 146 | ov_146 | 7.464434214710787 × 10^276 |
| 145 | ov_145 | 9.870875819013431 × 10^276 |
| 144 | ov_144 | 1.285505808268043 × 10^277 |
| 143 | ov_143 | 1.6504915733465743 × 10^277 |
| 142 | ov_142 | 2.0913975497486053 × 10^277 |
| 141 | ov_141 | 2.6181426651459447 × 10^277 |
| 140 | ov_140 | 3.2412218101708834 × 10^277 |
| 139 | ov_139 | 3.971718760282254 × 10^277 |
| 138 | ov_138 | 4.821322914542186 × 10^277 |
| 137 | ov_137 | 5.802350496030796 × 10^277 |
| 136 | ov_136 | 6.927770900604791 × 10^277 |
| 135 | ov_135 | 8.211238922987607 × 10^277 |
| 134 | ov_134 | 9.667133631910623 × 10^277 |
| 133 | ov_133 | 1.1310604709399402 × 10^278 |
| 132 | ov_132 | 1.3157627113556851 × 10^278 |
| 131 | ov_131 | 1.52250649696289 × 10^278 |
| 130 | ov_130 | 1.5225076323069167 × 10^278 |
| 129 | ov_129 | 1.5225123331528413 × 10^278 |
| 128 | aaa_77_29 | 1.662375275821079 × 10^278 |
| 127 | aaa_77_28 | 4.43926252892817 × 10^278 |
| 126 | ov_126 | 1.3912702739339422 × 10^279 |
| 125 | ov_125 | 3.127580201004555 × 10^279 |
| 124 | ov_124 | 5.95907924830829 × 10^279 |
| 123 | ov_123 | 1.019199410035199 × 10^280 |
| 122 | ov_122 | 1.6132564693911989 × 10^280 |
| 121 | ov_121 | 2.408706971574742 × 10^280 |
| 120 | ov_120 | 3.436187661353155 × 10^280 |
| 119 | ov_119 | 4.726352235931432 × 10^280 |
| 118 | ov_118 | 6.309883322447466 × 10^280 |
| 117 | ov_117 | 8.2175094478265535 × 10^280 |
| 116 | ov_116 | 1.0480028092220782 × 10^281 |
| 115 | ov_115 | 1.3128335917332644 × 10^281 |
| 114 | ov_114 | 1.6193469327571808 × 10^281 |
| 113 | ov_113 | 1.970665852224597 × 10^281 |
| 112 | ov_112 | 2.369939667679818 × 10^281 |
| 111 | ov_111 | 2.82035287772632 × 10^281 |
| 110 | ov_110 | 3.325136463353792 × 10^281 |
| 109 | ov_109 | 3.8875818259710054 × 10^281 |
| 108 | ov_108 | 4.56871935827847 × 10^281 |
| 107 | ov_107 | 5.433045152391036 × 10^281 |
| 106 | ov_106 | 6.548641248989729 × 10^281 |
| 105 | ov_105 | 7.987322569847272 × 10^281 |
| 104 | ov_104 | 9.824814275548238 × 10^281 |
| 103 | ov_103 | 1.2140963516994514 × 10^282 |
| 102 | ov_102 | 1.5019989779995737 × 10^282 |
| 101 | ov_101 | 1.8550778258182726 × 10^282 |
| 100 | ov_100 | 2.2827220932172996 × 10^282 |
| 99 | ov_099 | 2.7948610284149884 × 10^282 |
| 98 | ov_098 | 2.794873863095211 × 10^282 |
| 97 | ov_097 | 2.794914091402749 × 10^282 |
| 96 | aaa_78_29 | 5.14777632509207 × 10^282 |
| 95 | aaa_78_28 | 1.7276824540359236 × 10^283 |
| 94 | ov_094 | 5.703779506715384 × 10^283 |
| 93 | ov_093 | 1.3591217195131129 × 10^284 |
| 92 | ov_092 | 2.7731558316559175 × 10^284 |
| 91 | ov_091 | 5.114502841027048 × 10^284 |
| 90 | ov_090 | 8.75305974663913 × 10^284 |
| 89 | ov_089 | 1.4126618013826022 × 10^285 |
| 88 | ov_088 | 2.1740904333402986 × 10^285 |
| 87 | ov_087 | 3.267537984108515 × 10^285 |
| 86 | ov_086 | 4.7571903077464844 × 10^285 |
| 85 | ov_085 | 6.778248762470982 × 10^285 |
| 84 | ov_084 | 9.479598078774512 × 10^285 |
| 83 | ov_083 | 1.302386256054014 × 10^286 |
| 82 | ov_082 | 1.7587479625883712 × 10^286 |
| 81 | ov_081 | 2.3360793140091015 × 10^286 |
| 80 | ov_080 | 3.0548168994985354 × 10^286 |
| 64 | lv_79_m31 | 3.151728951900254 × 10^286 |
| 79 | ov_079 | 3.9368135392209174 × 10^286 |
| 78 | ov_078 | 5.005355029267418 × 10^286 |
| 77 | ov_077 | 6.285179850137955 × 10^286 |
| 76 | ov_076 | 7.802502086663802 × 10^286 |
| 75 | ov_075 | 9.585037808642305 × 10^286 |
| 74 | ov_074 | 1.1662035163321581 × 10^287 |
| 73 | ov_073 | 1.406430843338081 × 10^287 |
| 63 | ov_063 | 1.6186171053857908 × 10^287 |
| 72 | ov_072 | 1.6824276317373785 × 10^287 |
| 71 | ov_071 | 1.9976005270557286 × 10^287 |
| 70 | ov_070 | 2.3555260513135403 × 10^287 |
| 69 | ov_069 | 2.759956918556107 × 10^287 |
| 68 | ov_068 | 3.2148300956809917 × 10^287 |
| 67 | ov_067 | 3.7242771684872786 × 10^287 |
| 66 | ov_066 | 3.724279484636519 × 10^287 |
| 65 | ov_065 | 3.724289312110507 × 10^287 |
| 62 | ov_062 | 8.310601388434648 × 10^287 |
| 61 | ov_061 | 3.0314988518809347 × 10^288 |
| 60 | ov_060 | 8.68396929379044 × 10^288 |
| 59 | ov_059 | 2.0967407475032772 × 10^289 |
| 58 | ov_058 | 4.2576368712092597 × 10^289 |
| 57 | ov_057 | 7.695912260566008 × 10^289 |
| 56 | ov_056 | 1.2831768161299438 × 10^290 |
| 55 | ov_055 | 2.016078805343895 × 10^290 |
| 54 | ov_054 | 3.0253955221844296 × 10^290 |
| 53 | ov_053 | 4.375768665165998 × 10^290 |
| 52 | ov_052 | 6.204030960024142 × 10^290 |
| 51 | ov_051 | 8.662123525829258 × 10^290 |
| 50 | ov_050 | 1.1917120603693442 × 10^291 |
| 49 | ov_049 | 1.6151266550423696 × 10^291 |
| 48 | ov_048 | 2.156202937705877 × 10^291 |
| 47 | ov_047 | 2.8362176667528 × 10^291 |
| 32 | lv_80_m31 | 3.477137311818031 × 10^291 |
| 46 | ov_046 | 3.677988089915622 × 10^291 |
| 45 | ov_045 | 4.7058862714964826 × 10^291 |
| 44 | ov_044 | 5.945858293847848 × 10^291 |
| 43 | ov_043 | 7.425449579272195 × 10^291 |
| 42 | ov_042 | 9.173837688762867 × 10^291 |
| 41 | ov_041 | 1.1221874064946192 × 10^292 |
| 40 | ov_040 | 1.358628628216842 × 10^292 |
| 39 | ov_039 | 1.6284714986102958 × 10^292 |
| 31 | ov_031 | 1.7834418264028722 × 10^292 |
| 38 | ov_038 | 1.9353397529051257 × 10^292 |
| 37 | ov_037 | 2.283053484110076 × 10^292 |
| 36 | ov_036 | 2.675640385698674 × 10^292 |
| 35 | ov_035 | 3.1173490082148323 × 10^292 |
| 34 | ov_034 | 3.612664257725819 × 10^292 |
| 33 | ov_033 | 4.1663253764519606 × 10^292 |
| 30 | ov_030 | 9.14582353520441 × 10^292 |
| 29 | ov_029 | 2.9923986201703175 × 10^293 |
| 28 | ov_028 | 7.767927360715816 × 10^293 |
| 27 | ov_027 | 1.736478866268727 × 10^294 |
| 26 | ov_026 | 3.472945637206771 × 10^294 |
| 25 | ov_025 | 6.363126771329687 × 10^294 |
| 24 | ov_024 | 1.0866245999080665 × 10^295 |
| 23 | ov_023 | 1.798305151339085 × 10^295 |
| 22 | ov_022 | 2.8337394299810777 × 10^295 |
| 21 | ov_021 | 4.3259354683965835 × 10^295 |
| 20 | ov_020 | 6.424385958908275 × 10^295 |
| 19 | ov_019 | 9.295091416366396 × 10^295 |
| 18 | ov_018 | 1.312059539189138 × 10^296 |
| 17 | ov_017 | 1.8100035400863901 × 10^296 |
| 16 | ov_016 | 2.4449213831605573 × 10^296 |
| 15 | ov_015 | 3.2400694350997444 × 10^296 |
| 14 | ov_014 | 4.220393194181024 × 10^296 |
| 13 | ov_013 | 5.412544755227896 × 10^296 |
| 12 | ov_012 | 6.844906011932276 × 10^296 |
| 11 | ov_011 | 8.547618993923985 × 10^296 |
| 10 | ov_010 | 1.0552624857585874 × 10^297 |
| 9 | ov_009 | 1.2893713171758634 × 10^297 |
| 8 | ov_008 | 1.5606583262365635 × 10^297 |
| 7 | ov_007 | 1.872891950388842 × 10^297 |
| 6 | ov_006 | 2.230048257088797 × 10^297 |
| 5 | ov_005 | 2.6363218789838383 × 10^297 |
| 4 | ov_004 | 3.0961389860964435 × 10^297 |
| 3 | ov_003 | 3.6141725193710887 × 10^297 |
| 2 | ov_002 | 4.195359875142561 × 10^297 |
| 1 | ov_001 | 4.844923210722166 × 10^297 |

