# Results for F001-F002-F003-F004-F005-F006-F007-F008-F009-F010-F011-F012-F013-F014-F015-F016-F017-F018-F019-F020-F021-F022-F023-F024-F025-F026-F027-F028-F029-F030-F031-F032-F033-F034-F035-F036-F037-F038-F039-F040-F041-F042-F043-F044-F045-F046-F047-F048-F049-F050-F051-F052-F053-F054-F055-F056-F057-F058-F059-F060-F061-F062-F063-F064-F065-F066-F067-F068-F069-F070-F071-F072-F073-F074-F075-F076-F077-F078-F079-F080-F081-F082-F083-F084-F085-F086-F087-F088-F089-F090-F091-F092-F093-F094-F095-F096-F097-F098-F099-F100-F101-F102-F103-F104-F105-F106-F107-F108-F109-F110-F111-F112-F113-F114-F115-F116-F117-F118-F119-F120-F121-F122-F123-F124-F125-F126-F127-F128-F129-F130-F131-F132-F133-F134-F135-F136-F137-F138-F139-F140-F141-F142-F143-F144-F145-F146-F147-F148-F149-F150-F151-F152-F153-F154-F155-F156-F157-F158-F159-F160-F161-F162-F163-F164-F165-F166-F167-F168-F169-F170-F171-F172-F173-F174-F175-F176-F177-F178-F179-F180-F181-F182-F183-F184-F185-F186-F187-F188-F189-F190-F191-F192-F193-F194-F195-F196-F197-F198-F199-F200-F201-F202-F203-F204-F205-F206-F207-F208-F209-F210-F211-F212-F213-F214-F215-F216-F217-F218-F219-F220-F221-F222-F223-F224-F225-F226-F227-F228-F229-F230-F231-F232-F233-F234-F235-F236-F237-F238-F239-F240-F241-F242-F243-F244-F245-F246-F247-F248-F249-F250-F251-F252-F253-F254-F255-F256-F257-F258-F259-F260-F261-F262-F263-F264-F265-F266-F267-F268-F269-F270-F271-F272-F273-F274-F275-F276-F277-F278-F279-F280-F281-F282-F283-F284-F285-F286-F287-F288-F289-F290-F291-F292-F293-F294-F295-F296-F297-F298-F299-F300-F301-F302-F303-F304-F305-F306-F307-F308-F309-F310-F311-F312-F313-F314-F315-F316-F317-F318-F319-F320-F321-F322-F323-F324-F325-F326-F327-F328-F329-F330-F331-F332-F333-F334-F335-F336-F337-F338-F339-F340-F341-F342-F343-F344-F345-F346-F347-F348-F349-F350-F351-F352-F353-F354-F355-F356-F357-F358-F359-F360-F361-F362-F363-F364-F365-F366-F367-F368-F369-F370-F371-F372-F373-F374-F375-F376-F377-F378-F379-F380-F381-F382-F383-F384-F385-F386-F387-F388-F389-F390-F391-F392-F393-F394-F395-F396-F397-F398-F399-F400-F401-F402-F403-F404-F405-F406-F407-F408-F409-F410-F411-F412-F413-F414-F415-F416-F417-F418-F419-F420-F421-F422-F423-F424-F425-F426-F427-F428-F429-F430-F431-F432-F433-F434-F435-F436-F437-F438-F439-F440-F441-F442-F443-F444-F445-F446-F447-F448-F449-F450-F451-F452-F453-F454-F455-F456-F457-F458-F459-F460-F461-F462-F463-F464-F465-F466-F467-F468-F469-F470-F471-F472-F473-F474-F475-F476-F477-F478-F479-F480-F481-F482-F483-F484-F485-F486-F487-F488-F489-F490-F491-F492-F493-F494-F495-F496-F497-F498-F499-F500-O501503-F510-F512

## Summary

Number of input bits: 512  
Number of free input bits: 9  
Number of output bits: 160

Number of direct occurrences: 37112  
Number of assignments: 31154  
Number of operations: 11399220
(xor: 11369894,
and: 16155,
or: 13171)

Total complexity: 3.331197671336477 × 10^304

Least occurring input variable: iv_504 (3952)  
Most occurring input variable: iv_501 (4330)

Most co-occurring input variables: iv_506-iv_507 (2057)  
Least co-occurring input variables: iv_502-iv_509 (1802)

Potentially most occurring input variable: iv_501/iv_509 (4631)  
Potentially least occurring input variable: iv_504/iv_505 (4114)

Least output occurring input variable: iv_505 (74)  
Most output occurring input variable: iv_507 (86)

Most output co-occurring input variables: iv_508-iv_509 (46)  
Least output co-occurring input variables: iv_501-iv_505 (33)

Potentially most output occurring input variable: iv_502/iv_506 (92)  
Potentially least output occurring input variable: iv_508/iv_509 (67)

Least complex input bit: iv_511 (4.5376677003243645 × 10^300)  
Most complex input bit: iv_509 (5.94506063684377 × 10^303)

Least complex output bit: aaa_76_29 (1.0054582880455369 × 10^279)  
Most complex output bit: ov_001 (5.304659655347988 × 10^303)

Least complex input/output complexity: iv_511/aaa_76_29 (1.3696081853519068 × 10^275)  
Most complex input/output complexity: iv_509/ov_001 (9.4670225007122 × 10^302)

## Input Bits

### Input Bits in Regular Order

| Input Bit | Complexity | Occurrences | Output Occurrences |
|:---------:|:----------:|:-----------:|:------------------:|
| iv_501 | 3.0183692134844666 × 10^303 | 4330 | 82 |
| iv_502 | 1.3378595539585153 × 10^303 | 3973 | 79 |
| iv_504 | 3.726512479767781 × 10^303 | 3952 | 76 |
| iv_505 | 5.8676344294552665 × 10^303 | 4098 | 74 |
| iv_506 | 3.109666969586186 × 10^303 | 4066 | 83 |
| iv_507 | 4.436745251524817 × 10^303 | 4250 | 86 |
| iv_508 | 5.865590511043706 × 10^303 | 4176 | 79 |
| iv_509 | 5.94506063684377 × 10^303 | 4099 | 80 |
| iv_511 | 4.5376677003243645 × 10^300 | 4168 | 82 |

### Input Bits Sorted by Complexity

| Input Bit | Complexity | Occurrences | Output Occurrences |
|:---------:|:----------:|:-----------:|:------------------:|
| iv_511 | 4.5376677003243645 × 10^300 | 4168 | 82 |
| iv_502 | 1.3378595539585153 × 10^303 | 3973 | 79 |
| iv_501 | 3.0183692134844666 × 10^303 | 4330 | 82 |
| iv_506 | 3.109666969586186 × 10^303 | 4066 | 83 |
| iv_504 | 3.726512479767781 × 10^303 | 3952 | 76 |
| iv_507 | 4.436745251524817 × 10^303 | 4250 | 86 |
| iv_508 | 5.865590511043706 × 10^303 | 4176 | 79 |
| iv_505 | 5.8676344294552665 × 10^303 | 4098 | 74 |
| iv_509 | 5.94506063684377 × 10^303 | 4099 | 80 |

### Input Bits Sorted by Occurrences

| Input Bit | Complexity | Occurrences | Output Occurrences |
|:---------:|:----------:|:-----------:|:------------------:|
| iv_504 | 3.726512479767781 × 10^303 | 3952 | 76 |
| iv_502 | 1.3378595539585153 × 10^303 | 3973 | 79 |
| iv_506 | 3.109666969586186 × 10^303 | 4066 | 83 |
| iv_505 | 5.8676344294552665 × 10^303 | 4098 | 74 |
| iv_509 | 5.94506063684377 × 10^303 | 4099 | 80 |
| iv_511 | 4.5376677003243645 × 10^300 | 4168 | 82 |
| iv_508 | 5.865590511043706 × 10^303 | 4176 | 79 |
| iv_507 | 4.436745251524817 × 10^303 | 4250 | 86 |
| iv_501 | 3.0183692134844666 × 10^303 | 4330 | 82 |

### Input Bits Sorted by Output Occurrences

| Input Bit | Complexity | Occurrences | Output Occurrences |
|:---------:|:----------:|:-----------:|:------------------:|
| iv_505 | 5.8676344294552665 × 10^303 | 4098 | 74 |
| iv_504 | 3.726512479767781 × 10^303 | 3952 | 76 |
| iv_502 | 1.3378595539585153 × 10^303 | 3973 | 79 |
| iv_508 | 5.865590511043706 × 10^303 | 4176 | 79 |
| iv_509 | 5.94506063684377 × 10^303 | 4099 | 80 |
| iv_511 | 4.5376677003243645 × 10^300 | 4168 | 82 |
| iv_501 | 3.0183692134844666 × 10^303 | 4330 | 82 |
| iv_506 | 3.109666969586186 × 10^303 | 4066 | 83 |
| iv_507 | 4.436745251524817 × 10^303 | 4250 | 86 |

## Input Bit Co-occurrences

### Input Bit Co-occurrences Sorted by Co-occurrences

| Input Bits | Co-occurrences | Potential Occurrences | Output Co-occurrences | Potential Output Occurrences |
|:----------:|:--------------:|:---------------------:|:---------------------:|:----------------------------:|
| iv_506-iv_507 | 2057 | 4202 | 46 | 77 |
| iv_507-iv_509 | 2051 | 4247 | 41 | 84 |
| iv_507-iv_508 | 2048 | 4330 | 40 | 85 |
| iv_505-iv_507 | 2027 | 4294 | 40 | 80 |
| iv_507-iv_511 | 2008 | 4402 | 45 | 78 |
| iv_501-iv_511 | 1999 | 4500 | 40 | 84 |
| iv_501-iv_507 | 1988 | 4604 | 43 | 82 |
| iv_501-iv_505 | 1982 | 4464 | 33 | 90 |
| iv_508-iv_509 | 1973 | 4329 | 46 | 67 |

### Input Bit Co-occurrences Sorted by Potential Occurrences

| Input Bits | Co-occurrences | Potential Occurrences | Output Co-occurrences | Potential Output Occurrences |
|:----------:|:--------------:|:---------------------:|:---------------------:|:----------------------------:|
| iv_504-iv_505 | 1968 | 4114 | 38 | 74 |
| iv_506-iv_507 | 2057 | 4202 | 46 | 77 |
| iv_507-iv_509 | 2051 | 4247 | 41 | 84 |
| iv_504-iv_506 | 1873 | 4272 | 40 | 79 |
| iv_502-iv_505 | 1894 | 4283 | 35 | 83 |
| iv_505-iv_507 | 2027 | 4294 | 40 | 80 |
| iv_506-iv_509 | 1935 | 4295 | 46 | 71 |
| iv_502-iv_504 | 1811 | 4303 | 33 | 89 |
| iv_504-iv_507 | 1939 | 4324 | 40 | 82 |

### Input Bit Output Co-occurrences Sorted by Output Co-occurrences

| Input Bits | Co-occurrences | Potential Occurrences | Output Co-occurrences | Potential Output Occurrences |
|:----------:|:--------------:|:---------------------:|:---------------------:|:----------------------------:|
| iv_506-iv_507 | 2057 | 4202 | 46 | 77 |
| iv_501-iv_506 | 1951 | 4494 | 46 | 73 |
| iv_506-iv_509 | 1935 | 4295 | 46 | 71 |
| iv_508-iv_509 | 1973 | 4329 | 46 | 67 |
| iv_501-iv_504 | 1910 | 4462 | 45 | 68 |
| iv_501-iv_508 | 1968 | 4570 | 45 | 71 |
| iv_507-iv_511 | 2008 | 4402 | 45 | 78 |
| iv_506-iv_511 | 1911 | 4412 | 45 | 75 |
| iv_506-iv_508 | 1958 | 4326 | 44 | 74 |

### Input Bit Output Co-occurrences Sorted by Potential Output Occurrences

| Input Bits | Co-occurrences | Potential Occurrences | Output Co-occurrences | Potential Output Occurrences |
|:----------:|:--------------:|:---------------------:|:---------------------:|:----------------------------:|
| iv_508-iv_509 | 1973 | 4329 | 46 | 67 |
| iv_501-iv_504 | 1910 | 4462 | 45 | 68 |
| iv_506-iv_509 | 1935 | 4295 | 46 | 71 |
| iv_501-iv_508 | 1968 | 4570 | 45 | 71 |
| iv_501-iv_506 | 1951 | 4494 | 46 | 73 |
| iv_504-iv_505 | 1968 | 4114 | 38 | 74 |
| iv_506-iv_508 | 1958 | 4326 | 44 | 74 |
| iv_501-iv_509 | 1899 | 4631 | 44 | 74 |
| iv_506-iv_511 | 1911 | 4412 | 45 | 75 |

## Output Bits

### Output Bits in Regular Order

| Rank | Output Bit | Complexity |
|:----:|:----------:|:----------:|
| 1 | ov_001 | 5.304659655347988 × 10^303 |
| 2 | ov_002 | 4.606961732243089 × 10^303 |
| 3 | ov_003 | 3.9791231875254175 × 10^303 |
| 4 | ov_004 | 3.4183202546552806 × 10^303 |
| 5 | ov_005 | 2.919365943787189 × 10^303 |
| 6 | ov_006 | 2.477355179068252 × 10^303 |
| 7 | ov_007 | 2.0876460834390862 × 10^303 |
| 8 | ov_008 | 1.745843642037512 × 10^303 |
| 9 | ov_009 | 1.4477855375811364 × 10^303 |
| 10 | ov_010 | 1.1895299765205432 × 10^303 |
| 11 | ov_011 | 9.673453642207585 × 10^302 |
| 12 | ov_012 | 7.777016978689927 × 10^302 |
| 13 | ov_013 | 6.17263515387382 × 10^302 |
| 14 | ov_014 | 4.828842105775422 × 10^302 |
| 15 | ov_015 | 3.7160152445703874 × 10^302 |
| 16 | ov_016 | 2.8063403592037963 × 10^302 |
| 17 | ov_017 | 2.073784879622844 × 10^302 |
| 18 | ov_018 | 1.4940779876327197 × 10^302 |
| 19 | ov_019 | 1.0446961997428529 × 10^302 |
| 20 | ov_020 | 7.048531755917464 × 10^301 |
| 21 | ov_021 | 4.5549268918375644 × 10^301 |
| 22 | ov_022 | 2.792839372746765 × 10^301 |
| 23 | ov_023 | 1.6061852655696784 × 10^301 |
| 24 | ov_024 | 8.560860795659066 × 10^300 |
| 25 | ov_025 | 4.208578213118605 × 10^300 |
| 26 | ov_026 | 1.960051065574521 × 10^300 |
| 27 | ov_027 | 9.421831853659185 × 10^299 |
| 28 | ov_028 | 4.537241489458974 × 10^299 |
| 29 | ov_029 | 1.870093743376208 × 10^299 |
| 30 | ov_030 | 6.190113256911558 × 10^298 |
| 31 | ov_031 | 1.49976554338072 × 10^298 |
| 32 | lv_80_k31 | 3.63286420063212 × 10^297 |
| 33 | ov_033 | 4.425523803087596 × 10^298 |
| 34 | ov_034 | 3.8472857708154153 × 10^298 |
| 35 | ov_035 | 3.330169203678753 × 10^298 |
| 36 | ov_036 | 2.8690714267371787 × 10^298 |
| 37 | ov_037 | 2.459165143621189 × 10^298 |
| 38 | ov_038 | 2.0958787235310504 × 10^298 |
| 39 | ov_039 | 1.7748791681354655 × 10^298 |
| 40 | ov_040 | 1.49205750716738 × 10^298 |
| 41 | ov_041 | 1.2435163840516163 × 10^298 |
| 42 | ov_042 | 1.0255596052275366 × 10^298 |
| 43 | ov_043 | 8.36388174182912 × 10^297 |
| 44 | ov_044 | 6.726836672918592 × 10^297 |
| 45 | ov_045 | 5.328323961184137 × 10^297 |
| 46 | ov_046 | 4.153091369031296 × 10^297 |
| 47 | ov_047 | 3.1867509470462474 × 10^297 |
| 48 | ov_048 | 2.4030607700319038 × 10^297 |
| 49 | ov_049 | 1.777443944604573 × 10^297 |
| 50 | ov_050 | 1.2869740712816233 × 10^297 |
| 51 | ov_051 | 9.103653192872314 × 10^296 |
| 52 | ov_052 | 6.2796602533246726 × 10^296 |
| 53 | ov_053 | 4.217548423639191 × 10^296 |
| 54 | ov_054 | 2.753385788738528 × 10^296 |
| 55 | ov_055 | 1.7395101612516715 × 10^296 |
| 56 | ov_056 | 1.0445221980143202 × 10^296 |
| 57 | ov_057 | 6.06787279629988 × 10^295 |
| 58 | ov_058 | 3.2742067771846357 × 10^295 |
| 59 | ov_059 | 1.6104381037258565 × 10^295 |
| 60 | ov_060 | 7.040521897055348 × 10^294 |
| 61 | ov_061 | 2.6380390152349012 × 10^294 |
| 62 | ov_062 | 7.971699875798077 × 10^293 |
| 63 | ov_063 | 1.7635043248938159 × 10^293 |
| 64 | lv_79_m31 | 3.435581140979253 × 10^292 |
| 65 | ov_065 | 4.0378859417504255 × 10^293 |
| 66 | ov_066 | 4.037877346808003 × 10^293 |
| 67 | ov_067 | 4.037874653134876 × 10^293 |
| 68 | ov_068 | 3.492979592870706 × 10^293 |
| 69 | ov_069 | 3.004190640664893 × 10^293 |
| 70 | ov_070 | 2.5672074425302755 × 10^293 |
| 71 | ov_071 | 2.177935574278001 × 10^293 |
| 72 | ov_072 | 1.834377460092934 × 10^293 |
| 73 | ov_073 | 1.5328130905973967 × 10^293 |
| 74 | ov_074 | 1.2696958215165689 × 10^293 |
| 75 | ov_075 | 1.0416457888575595 × 10^293 |
| 76 | ov_076 | 8.454448779285617 × 10^292 |
| 77 | ov_077 | 6.780329254058869 × 10^292 |
| 78 | ov_078 | 5.365048515537596 × 10^292 |
| 79 | ov_079 | 4.1810843722771703 × 10^292 |
| 80 | ov_080 | 3.2024250575738785 × 10^292 |
| 81 | ov_081 | 2.4045536941313935 × 10^292 |
| 82 | ov_082 | 1.7644349335241422 × 10^292 |
| 83 | ov_083 | 1.2605036033347958 × 10^292 |
| 84 | ov_084 | 8.726551952632627 × 10^291 |
| 85 | ov_085 | 5.822380277483072 × 10^291 |
| 86 | ov_086 | 3.720469167807541 × 10^291 |
| 87 | ov_087 | 2.2631818866797798 × 10^291 |
| 88 | ov_088 | 1.3072586855948844 × 10^291 |
| 89 | ov_089 | 7.23788785747234 × 10^290 |
| 90 | ov_090 | 3.981907939278689 × 10^290 |
| 91 | ov_091 | 2.3019989174430994 × 10^290 |
| 92 | ov_092 | 1.3386015093271768 × 10^290 |
| 93 | ov_093 | 6.977013865058951 × 10^289 |
| 94 | ov_094 | 3.0778704908111354 × 10^289 |
| 95 | aaa_78_28 | 9.734875946114611 × 10^288 |
| 96 | aaa_78_29 | 3.598147860439929 × 10^288 |
| 97 | ov_097 | 3.014485505619488 × 10^288 |
| 98 | ov_098 | 3.014458196775975 × 10^288 |
| 99 | ov_099 | 3.014449481761138 × 10^288 |
| 100 | ov_100 | 2.5021722695310662 × 10^288 |
| 101 | ov_101 | 2.060308599524857 × 10^288 |
| 102 | ov_102 | 1.682162700041828 × 10^288 |
| 103 | ov_103 | 1.3614030834394998 × 10^288 |
| 104 | ov_104 | 1.0920357706737787 × 10^288 |
| 105 | ov_105 | 8.683810764997722 × 10^287 |
| 106 | ov_106 | 6.8505362649844975 × 10^287 |
| 107 | ov_107 | 5.369452944694856 × 10^287 |
| 108 | ov_108 | 4.192107654096433 × 10^287 |
| 109 | ov_109 | 3.272554454075249 × 10^287 |
| 110 | ov_110 | 2.5672545544112543 × 10^287 |
| 111 | ov_111 | 2.0349946136095974 × 10^287 |
| 112 | ov_112 | 1.6368210736179515 × 10^287 |
| 113 | ov_113 | 1.3359883505869396 × 10^287 |
| 114 | ov_114 | 1.0979188494363226 × 10^287 |
| 115 | ov_115 | 8.90172915533854 × 10^286 |
| 116 | ov_116 | 7.106497167690513 × 10^286 |
| 117 | ov_117 | 5.572585318615607 × 10^286 |
| 118 | ov_118 | 4.2791491529695956 × 10^286 |
| 119 | ov_119 | 3.205380277592038 × 10^286 |
| 120 | ov_120 | 2.3304898822436196 × 10^286 |
| 121 | ov_121 | 1.6337002113809283 × 10^286 |
| 122 | ov_122 | 1.0942404252215857 × 10^286 |
| 123 | ov_123 | 6.913440075370867 × 10^285 |
| 124 | ov_124 | 4.042468806649858 × 10^285 |
| 125 | ov_125 | 2.1218616978840268 × 10^285 |
| 126 | ov_126 | 9.439949300117075 × 10^284 |
| 127 | aaa_77_28 | 3.0124625727206358 × 10^284 |
| 128 | aaa_77_29 | 1.1282879414582952 × 10^284 |
| 129 | ov_129 | 1.0281187247965948 × 10^284 |
| 130 | ov_130 | 1.0281162810582895 × 10^284 |
| 131 | ov_131 | 1.0281154970223247 × 10^284 |
| 132 | ov_132 | 8.880538518408805 × 10^283 |
| 133 | ov_133 | 7.628706552694596 × 10^283 |
| 134 | ov_134 | 6.514242961295837 × 10^283 |
| 135 | ov_135 | 5.526361577349754 × 10^283 |
| 136 | ov_136 | 4.654860093642813 × 10^283 |
| 137 | ov_137 | 3.890079953151981 × 10^283 |
| 138 | ov_138 | 3.2228717023813387 × 10^283 |
| 139 | ov_139 | 2.6445653518199595 × 10^283 |
| 140 | ov_140 | 2.1469453171038647 × 10^283 |
| 141 | ov_141 | 1.7222294774075372 × 10^283 |
| 142 | ov_142 | 1.363051882710325 × 10^283 |
| 143 | ov_143 | 1.0624486690272578 × 10^283 |
| 144 | ov_144 | 8.138467678112925 × 10^282 |
| 145 | ov_145 | 6.11055022622146 × 10^282 |
| 146 | ov_146 | 4.482573528906497 × 10^282 |
| 147 | ov_147 | 3.200076312421792 × 10^282 |
| 148 | ov_148 | 2.2122596741598583 × 10^282 |
| 149 | ov_149 | 1.4719611835313933 × 10^282 |
| 150 | ov_150 | 9.356377053855336 × 10^281 |
| 151 | ov_151 | 5.633546718050158 × 10^281 |
| 152 | ov_152 | 3.1877979299354976 × 10^281 |
| 153 | ov_153 | 1.6917953872513075 × 10^281 |
| 154 | ov_154 | 8.541719785458758 × 10^280 |
| 155 | ov_155 | 4.195178819390324 × 10^280 |
| 156 | aaa_76_25 | 1.6837462178717 × 10^280 |
| 157 | aaa_76_26 | 1.0357887713105494 × 10^280 |
| 158 | aaa_76_27 | 5.67559282697074 × 10^279 |
| 159 | aaa_76_28 | 2.672567633015477 × 10^279 |
| 160 | aaa_76_29 | 1.0054582880455369 × 10^279 |

### Output Bits Sorted by Complexity

| Rank | Output Bit | Complexity |
|:----:|:----------:|:----------:|
| 160 | aaa_76_29 | 1.0054582880455369 × 10^279 |
| 159 | aaa_76_28 | 2.672567633015477 × 10^279 |
| 158 | aaa_76_27 | 5.67559282697074 × 10^279 |
| 157 | aaa_76_26 | 1.0357887713105494 × 10^280 |
| 156 | aaa_76_25 | 1.6837462178717 × 10^280 |
| 155 | ov_155 | 4.195178819390324 × 10^280 |
| 154 | ov_154 | 8.541719785458758 × 10^280 |
| 153 | ov_153 | 1.6917953872513075 × 10^281 |
| 152 | ov_152 | 3.1877979299354976 × 10^281 |
| 151 | ov_151 | 5.633546718050158 × 10^281 |
| 150 | ov_150 | 9.356377053855336 × 10^281 |
| 149 | ov_149 | 1.4719611835313933 × 10^282 |
| 148 | ov_148 | 2.2122596741598583 × 10^282 |
| 147 | ov_147 | 3.200076312421792 × 10^282 |
| 146 | ov_146 | 4.482573528906497 × 10^282 |
| 145 | ov_145 | 6.11055022622146 × 10^282 |
| 144 | ov_144 | 8.138467678112925 × 10^282 |
| 143 | ov_143 | 1.0624486690272578 × 10^283 |
| 142 | ov_142 | 1.363051882710325 × 10^283 |
| 141 | ov_141 | 1.7222294774075372 × 10^283 |
| 140 | ov_140 | 2.1469453171038647 × 10^283 |
| 139 | ov_139 | 2.6445653518199595 × 10^283 |
| 138 | ov_138 | 3.2228717023813387 × 10^283 |
| 137 | ov_137 | 3.890079953151981 × 10^283 |
| 136 | ov_136 | 4.654860093642813 × 10^283 |
| 135 | ov_135 | 5.526361577349754 × 10^283 |
| 134 | ov_134 | 6.514242961295837 × 10^283 |
| 133 | ov_133 | 7.628706552694596 × 10^283 |
| 132 | ov_132 | 8.880538518408805 × 10^283 |
| 131 | ov_131 | 1.0281154970223247 × 10^284 |
| 130 | ov_130 | 1.0281162810582895 × 10^284 |
| 129 | ov_129 | 1.0281187247965948 × 10^284 |
| 128 | aaa_77_29 | 1.1282879414582952 × 10^284 |
| 127 | aaa_77_28 | 3.0124625727206358 × 10^284 |
| 126 | ov_126 | 9.439949300117075 × 10^284 |
| 125 | ov_125 | 2.1218616978840268 × 10^285 |
| 124 | ov_124 | 4.042468806649858 × 10^285 |
| 123 | ov_123 | 6.913440075370867 × 10^285 |
| 122 | ov_122 | 1.0942404252215857 × 10^286 |
| 121 | ov_121 | 1.6337002113809283 × 10^286 |
| 120 | ov_120 | 2.3304898822436196 × 10^286 |
| 119 | ov_119 | 3.205380277592038 × 10^286 |
| 118 | ov_118 | 4.2791491529695956 × 10^286 |
| 117 | ov_117 | 5.572585318615607 × 10^286 |
| 116 | ov_116 | 7.106497167690513 × 10^286 |
| 115 | ov_115 | 8.90172915533854 × 10^286 |
| 114 | ov_114 | 1.0979188494363226 × 10^287 |
| 113 | ov_113 | 1.3359883505869396 × 10^287 |
| 112 | ov_112 | 1.6368210736179515 × 10^287 |
| 111 | ov_111 | 2.0349946136095974 × 10^287 |
| 110 | ov_110 | 2.5672545544112543 × 10^287 |
| 109 | ov_109 | 3.272554454075249 × 10^287 |
| 108 | ov_108 | 4.192107654096433 × 10^287 |
| 107 | ov_107 | 5.369452944694856 × 10^287 |
| 106 | ov_106 | 6.8505362649844975 × 10^287 |
| 105 | ov_105 | 8.683810764997722 × 10^287 |
| 104 | ov_104 | 1.0920357706737787 × 10^288 |
| 103 | ov_103 | 1.3614030834394998 × 10^288 |
| 102 | ov_102 | 1.682162700041828 × 10^288 |
| 101 | ov_101 | 2.060308599524857 × 10^288 |
| 100 | ov_100 | 2.5021722695310662 × 10^288 |
| 99 | ov_099 | 3.014449481761138 × 10^288 |
| 98 | ov_098 | 3.014458196775975 × 10^288 |
| 97 | ov_097 | 3.014485505619488 × 10^288 |
| 96 | aaa_78_29 | 3.598147860439929 × 10^288 |
| 95 | aaa_78_28 | 9.734875946114611 × 10^288 |
| 94 | ov_094 | 3.0778704908111354 × 10^289 |
| 93 | ov_093 | 6.977013865058951 × 10^289 |
| 92 | ov_092 | 1.3386015093271768 × 10^290 |
| 91 | ov_091 | 2.3019989174430994 × 10^290 |
| 90 | ov_090 | 3.981907939278689 × 10^290 |
| 89 | ov_089 | 7.23788785747234 × 10^290 |
| 88 | ov_088 | 1.3072586855948844 × 10^291 |
| 87 | ov_087 | 2.2631818866797798 × 10^291 |
| 86 | ov_086 | 3.720469167807541 × 10^291 |
| 85 | ov_085 | 5.822380277483072 × 10^291 |
| 84 | ov_084 | 8.726551952632627 × 10^291 |
| 83 | ov_083 | 1.2605036033347958 × 10^292 |
| 82 | ov_082 | 1.7644349335241422 × 10^292 |
| 81 | ov_081 | 2.4045536941313935 × 10^292 |
| 80 | ov_080 | 3.2024250575738785 × 10^292 |
| 64 | lv_79_m31 | 3.435581140979253 × 10^292 |
| 79 | ov_079 | 4.1810843722771703 × 10^292 |
| 78 | ov_078 | 5.365048515537596 × 10^292 |
| 77 | ov_077 | 6.780329254058869 × 10^292 |
| 76 | ov_076 | 8.454448779285617 × 10^292 |
| 75 | ov_075 | 1.0416457888575595 × 10^293 |
| 74 | ov_074 | 1.2696958215165689 × 10^293 |
| 73 | ov_073 | 1.5328130905973967 × 10^293 |
| 63 | ov_063 | 1.7635043248938159 × 10^293 |
| 72 | ov_072 | 1.834377460092934 × 10^293 |
| 71 | ov_071 | 2.177935574278001 × 10^293 |
| 70 | ov_070 | 2.5672074425302755 × 10^293 |
| 69 | ov_069 | 3.004190640664893 × 10^293 |
| 68 | ov_068 | 3.492979592870706 × 10^293 |
| 67 | ov_067 | 4.037874653134876 × 10^293 |
| 66 | ov_066 | 4.037877346808003 × 10^293 |
| 65 | ov_065 | 4.0378859417504255 × 10^293 |
| 62 | ov_062 | 7.971699875798077 × 10^293 |
| 61 | ov_061 | 2.6380390152349012 × 10^294 |
| 60 | ov_060 | 7.040521897055348 × 10^294 |
| 59 | ov_059 | 1.6104381037258565 × 10^295 |
| 58 | ov_058 | 3.2742067771846357 × 10^295 |
| 57 | ov_057 | 6.06787279629988 × 10^295 |
| 56 | ov_056 | 1.0445221980143202 × 10^296 |
| 55 | ov_055 | 1.7395101612516715 × 10^296 |
| 54 | ov_054 | 2.753385788738528 × 10^296 |
| 53 | ov_053 | 4.217548423639191 × 10^296 |
| 52 | ov_052 | 6.2796602533246726 × 10^296 |
| 51 | ov_051 | 9.103653192872314 × 10^296 |
| 50 | ov_050 | 1.2869740712816233 × 10^297 |
| 49 | ov_049 | 1.777443944604573 × 10^297 |
| 48 | ov_048 | 2.4030607700319038 × 10^297 |
| 47 | ov_047 | 3.1867509470462474 × 10^297 |
| 32 | lv_80_k31 | 3.63286420063212 × 10^297 |
| 46 | ov_046 | 4.153091369031296 × 10^297 |
| 45 | ov_045 | 5.328323961184137 × 10^297 |
| 44 | ov_044 | 6.726836672918592 × 10^297 |
| 43 | ov_043 | 8.36388174182912 × 10^297 |
| 42 | ov_042 | 1.0255596052275366 × 10^298 |
| 41 | ov_041 | 1.2435163840516163 × 10^298 |
| 40 | ov_040 | 1.49205750716738 × 10^298 |
| 31 | ov_031 | 1.49976554338072 × 10^298 |
| 39 | ov_039 | 1.7748791681354655 × 10^298 |
| 38 | ov_038 | 2.0958787235310504 × 10^298 |
| 37 | ov_037 | 2.459165143621189 × 10^298 |
| 36 | ov_036 | 2.8690714267371787 × 10^298 |
| 35 | ov_035 | 3.330169203678753 × 10^298 |
| 34 | ov_034 | 3.8472857708154153 × 10^298 |
| 33 | ov_033 | 4.425523803087596 × 10^298 |
| 30 | ov_030 | 6.190113256911558 × 10^298 |
| 29 | ov_029 | 1.870093743376208 × 10^299 |
| 28 | ov_028 | 4.537241489458974 × 10^299 |
| 27 | ov_027 | 9.421831853659185 × 10^299 |
| 26 | ov_026 | 1.960051065574521 × 10^300 |
| 25 | ov_025 | 4.208578213118605 × 10^300 |
| 24 | ov_024 | 8.560860795659066 × 10^300 |
| 23 | ov_023 | 1.6061852655696784 × 10^301 |
| 22 | ov_022 | 2.792839372746765 × 10^301 |
| 21 | ov_021 | 4.5549268918375644 × 10^301 |
| 20 | ov_020 | 7.048531755917464 × 10^301 |
| 19 | ov_019 | 1.0446961997428529 × 10^302 |
| 18 | ov_018 | 1.4940779876327197 × 10^302 |
| 17 | ov_017 | 2.073784879622844 × 10^302 |
| 16 | ov_016 | 2.8063403592037963 × 10^302 |
| 15 | ov_015 | 3.7160152445703874 × 10^302 |
| 14 | ov_014 | 4.828842105775422 × 10^302 |
| 13 | ov_013 | 6.17263515387382 × 10^302 |
| 12 | ov_012 | 7.777016978689927 × 10^302 |
| 11 | ov_011 | 9.673453642207585 × 10^302 |
| 10 | ov_010 | 1.1895299765205432 × 10^303 |
| 9 | ov_009 | 1.4477855375811364 × 10^303 |
| 8 | ov_008 | 1.745843642037512 × 10^303 |
| 7 | ov_007 | 2.0876460834390862 × 10^303 |
| 6 | ov_006 | 2.477355179068252 × 10^303 |
| 5 | ov_005 | 2.919365943787189 × 10^303 |
| 4 | ov_004 | 3.4183202546552806 × 10^303 |
| 3 | ov_003 | 3.9791231875254175 × 10^303 |
| 2 | ov_002 | 4.606961732243089 × 10^303 |
| 1 | ov_001 | 5.304659655347988 × 10^303 |

