# Results for F001-F002-F003-F004-F005-F006-F007-F008-F009-F010-F011-F012-F013-F014-F015-F016-F017-F018-F019-F020-F021-F022-F023-F024-F025-F026-F027-F028-F029-F030-F031-F032-F033-F034-F035-F036-F037-F038-F039-F040-F041-F042-F043-F044-F045-F046-F047-F048-F049-F050-F051-F052-F053-F054-F055-F056-F057-F058-F059-F060-F061-F062-F063-F064-F065-F066-F067-F068-F069-F070-F071-F072-F073-F074-F075-F076-F077-F078-F079-F080-F081-F082-F083-F084-F085-F086-F087-F088-F089-F090-F091-F092-F093-F094-F095-F096-F097-F098-F099-F100-F101-F102-F103-F104-F105-F106-F107-F108-F109-F110-F111-F112-F113-F114-F115-F116-F117-F118-F119-F120-F121-F122-F123-F124-F125-F126-F127-F128-F129-F130-F131-F132-F133-F134-F135-F136-F137-F138-F139-F140-F141-F142-F143-F144-F145-F146-F147-F148-F149-F150-F151-F152-F153-F154-F155-F156-F157-F158-F159-F160-F161-F162-F163-F164-F165-F166-F167-F168-F169-F170-F171-F172-F173-F174-F175-F176-F177-F178-F179-F180-F181-F182-F183-F184-F185-F186-F187-F188-F189-F190-F191-F192-F193-F194-F195-F196-F197-F198-F199-F200-F201-F202-F203-F204-F205-F206-F207-F208-F209-F210-F211-F212-F213-F214-F215-F216-F217-F218-F219-F220-F221-F222-F223-F224-F225-F226-F227-F228-F229-F230-F231-F232-F233-F234-F235-F236-F237-F238-F239-F240-F241-F242-F243-F244-F245-F246-F247-F248-F249-F250-F251-F252-F253-F254-F255-F256-F257-F258-F259-F260-F261-F262-F263-F264-F265-F266-F267-F268-F269-F270-F271-F272-F273-F274-F275-F276-F277-F278-F279-F280-F281-F282-F283-F284-F285-F286-F287-F288-F289-F290-F291-F292-F293-F294-F295-F296-F297-F298-F299-F300-F301-F302-F303-F304-F305-F306-F307-F308-F309-F310-F311-F312-F313-F314-F315-F316-F317-F318-F319-F320-F321-F322-F323-F324-F325-F326-F327-F328-F329-F330-F331-F332-F333-F334-F335-F336-F337-F338-F339-F340-F341-F342-F343-F344-F345-F346-F347-F348-F349-F350-F351-F352-F353-F354-F355-F356-F357-F358-F359-F360-F361-F362-F363-F364-F365-F366-F367-F368-F369-F370-F371-F372-F373-F374-F375-F376-F377-F378-F379-F380-F381-F382-F383-F384-F385-F386-F387-F388-F389-F390-F391-F392-F393-F394-F395-F396-F397-F398-F399-F400-F401-F402-F403-F404-F405-F406-F407-F408-F409-F410-F411-F412-F413-F414-F415-F416-F417-F418-F419-F420-F421-F422-F423-F424-F425-F426-F427-F428-F429-F430-F431-F432-F433-F434-F435-F436-F437-F438-F439-F440-F441-F442-F443-F444-F445-F446-F447-F448-F449-F450-F451-F452-F453-F454-F455-F456-F457-F458-F459-F460-F461-F462-F463-F464-F465-F466-F467-F468-F469-F470-F471-F472-F473-F474-F475-F476-F477-F478-F479-F480-F481-F482-F483-F484-F485-F486-F487-F488-F489-F490-F491-F492-F493-F494-F495-F496-E499505-E504506-F507-F509-F510-F511-F512

## Summary

Number of input bits: 512  
Number of free input bits: 9  
Number of output bits: 160

Number of direct occurrences: 36598  
Number of assignments: 30862  
Number of operations: 10775563
(xor: 10747617,
and: 14766,
or: 13180)

Total complexity: 5.344224311054641 × 10^296

Least occurring input variable: iv_502 (3830)  
Most occurring input variable: iv_499 (4273)

Most co-occurring input variables: iv_499-iv_500 (2030)  
Least co-occurring input variables: iv_498-iv_502 (1737)

Potentially most occurring input variable: iv_497/iv_504 (4484)  
Potentially least occurring input variable: iv_497/iv_502 (4157)

Least output occurring input variable: iv_503 (75)  
Most output occurring input variable: iv_497 (93)

Most output co-occurring input variables: iv_497-iv_502 (52)  
Least output co-occurring input variables: iv_499-iv_504 (33)

Potentially most output occurring input variable: iv_497/iv_500 (91)  
Potentially least output occurring input variable: iv_497/iv_502 (71)

Least complex input bit: iv_508 (1.2424704738864553 × 10^294)  
Most complex input bit: iv_499 (1.8431067727616172 × 10^296)

Least complex output bit: aaa_76_29 (1.2473322452183544 × 10^272)  
Most complex output bit: ov_001 (8.548441178805717 × 10^295)

Least complex input/output complexity: iv_508/aaa_76_29 (2.8999035137888285 × 10^269)  
Most complex input/output complexity: iv_499/ov_001 (2.9481715055672603 × 10^295)

## Input Bits

### Input Bits in Regular Order

| Input Bit | Complexity | Occurrences | Output Occurrences |
|:---------:|:----------:|:-----------:|:------------------:|
| iv_497 | 3.460793346040296 × 10^294 | 4091 | 93 |
| iv_498 | 6.919991432015432 × 10^294 | 3888 | 88 |
| iv_499 | 1.8431067727616172 × 10^296 | 4273 | 78 |
| iv_500 | 2.0522518783053123 × 10^295 | 4062 | 76 |
| iv_501 | 3.375206256897184 × 10^295 | 4032 | 83 |
| iv_502 | 5.43659373626005 × 10^295 | 3830 | 82 |
| iv_503 | 8.606132364773114 × 10^295 | 4002 | 75 |
| iv_504 | 1.4378665621500393 × 10^296 | 4205 | 77 |
| iv_508 | 1.2424704738864553 × 10^294 | 4215 | 81 |

### Input Bits Sorted by Complexity

| Input Bit | Complexity | Occurrences | Output Occurrences |
|:---------:|:----------:|:-----------:|:------------------:|
| iv_508 | 1.2424704738864553 × 10^294 | 4215 | 81 |
| iv_497 | 3.460793346040296 × 10^294 | 4091 | 93 |
| iv_498 | 6.919991432015432 × 10^294 | 3888 | 88 |
| iv_500 | 2.0522518783053123 × 10^295 | 4062 | 76 |
| iv_501 | 3.375206256897184 × 10^295 | 4032 | 83 |
| iv_502 | 5.43659373626005 × 10^295 | 3830 | 82 |
| iv_503 | 8.606132364773114 × 10^295 | 4002 | 75 |
| iv_504 | 1.4378665621500393 × 10^296 | 4205 | 77 |
| iv_499 | 1.8431067727616172 × 10^296 | 4273 | 78 |

### Input Bits Sorted by Occurrences

| Input Bit | Complexity | Occurrences | Output Occurrences |
|:---------:|:----------:|:-----------:|:------------------:|
| iv_502 | 5.43659373626005 × 10^295 | 3830 | 82 |
| iv_498 | 6.919991432015432 × 10^294 | 3888 | 88 |
| iv_503 | 8.606132364773114 × 10^295 | 4002 | 75 |
| iv_501 | 3.375206256897184 × 10^295 | 4032 | 83 |
| iv_500 | 2.0522518783053123 × 10^295 | 4062 | 76 |
| iv_497 | 3.460793346040296 × 10^294 | 4091 | 93 |
| iv_504 | 1.4378665621500393 × 10^296 | 4205 | 77 |
| iv_508 | 1.2424704738864553 × 10^294 | 4215 | 81 |
| iv_499 | 1.8431067727616172 × 10^296 | 4273 | 78 |

### Input Bits Sorted by Output Occurrences

| Input Bit | Complexity | Occurrences | Output Occurrences |
|:---------:|:----------:|:-----------:|:------------------:|
| iv_503 | 8.606132364773114 × 10^295 | 4002 | 75 |
| iv_500 | 2.0522518783053123 × 10^295 | 4062 | 76 |
| iv_504 | 1.4378665621500393 × 10^296 | 4205 | 77 |
| iv_499 | 1.8431067727616172 × 10^296 | 4273 | 78 |
| iv_508 | 1.2424704738864553 × 10^294 | 4215 | 81 |
| iv_502 | 5.43659373626005 × 10^295 | 3830 | 82 |
| iv_501 | 3.375206256897184 × 10^295 | 4032 | 83 |
| iv_498 | 6.919991432015432 × 10^294 | 3888 | 88 |
| iv_497 | 3.460793346040296 × 10^294 | 4091 | 93 |

## Input Bit Co-occurrences

### Input Bit Co-occurrences Sorted by Co-occurrences

| Input Bits | Co-occurrences | Potential Occurrences | Output Co-occurrences | Potential Output Occurrences |
|:----------:|:--------------:|:---------------------:|:---------------------:|:----------------------------:|
| iv_499-iv_500 | 2030 | 4275 | 38 | 78 |
| iv_504-iv_508 | 2004 | 4412 | 39 | 80 |
| iv_499-iv_508 | 2004 | 4480 | 39 | 81 |
| iv_499-iv_504 | 1998 | 4482 | 33 | 89 |
| iv_499-iv_501 | 1996 | 4313 | 38 | 85 |
| iv_501-iv_504 | 1990 | 4257 | 41 | 78 |
| iv_497-iv_499 | 1981 | 4402 | 47 | 77 |
| iv_497-iv_501 | 1981 | 4161 | 48 | 80 |
| iv_503-iv_504 | 1972 | 4263 | 37 | 78 |

### Input Bit Co-occurrences Sorted by Potential Occurrences

| Input Bits | Co-occurrences | Potential Occurrences | Output Co-occurrences | Potential Output Occurrences |
|:----------:|:--------------:|:---------------------:|:---------------------:|:----------------------------:|
| iv_497-iv_502 | 1882 | 4157 | 52 | 71 |
| iv_497-iv_501 | 1981 | 4161 | 48 | 80 |
| iv_497-iv_503 | 1959 | 4175 | 46 | 76 |
| iv_500-iv_502 | 1851 | 4190 | 37 | 84 |
| iv_500-iv_501 | 1943 | 4208 | 41 | 77 |
| iv_498-iv_500 | 1871 | 4208 | 39 | 86 |
| iv_501-iv_502 | 1821 | 4220 | 38 | 89 |
| iv_500-iv_503 | 1918 | 4228 | 39 | 73 |
| iv_497-iv_500 | 1961 | 4231 | 39 | 91 |

### Input Bit Output Co-occurrences Sorted by Output Co-occurrences

| Input Bits | Co-occurrences | Potential Occurrences | Output Co-occurrences | Potential Output Occurrences |
|:----------:|:--------------:|:---------------------:|:---------------------:|:----------------------------:|
| iv_497-iv_502 | 1882 | 4157 | 52 | 71 |
| iv_497-iv_498 | 1868 | 4243 | 50 | 81 |
| iv_498-iv_501 | 1843 | 4234 | 48 | 75 |
| iv_497-iv_501 | 1981 | 4161 | 48 | 80 |
| iv_497-iv_499 | 1981 | 4402 | 47 | 77 |
| iv_498-iv_502 | 1737 | 4244 | 46 | 78 |
| iv_497-iv_503 | 1959 | 4175 | 46 | 76 |
| iv_498-iv_504 | 1908 | 4277 | 46 | 73 |
| iv_497-iv_508 | 1930 | 4446 | 46 | 82 |

### Input Bit Output Co-occurrences Sorted by Potential Output Occurrences

| Input Bits | Co-occurrences | Potential Occurrences | Output Co-occurrences | Potential Output Occurrences |
|:----------:|:--------------:|:---------------------:|:---------------------:|:----------------------------:|
| iv_497-iv_502 | 1882 | 4157 | 52 | 71 |
| iv_498-iv_504 | 1908 | 4277 | 46 | 73 |
| iv_500-iv_503 | 1918 | 4228 | 39 | 73 |
| iv_498-iv_501 | 1843 | 4234 | 48 | 75 |
| iv_499-iv_502 | 1929 | 4245 | 42 | 76 |
| iv_497-iv_503 | 1959 | 4175 | 46 | 76 |
| iv_500-iv_501 | 1943 | 4208 | 41 | 77 |
| iv_497-iv_499 | 1981 | 4402 | 47 | 77 |
| iv_498-iv_503 | 1828 | 4234 | 43 | 77 |

## Output Bits

### Output Bits in Regular Order

| Rank | Output Bit | Complexity |
|:----:|:----------:|:----------:|
| 1 | ov_001 | 8.548441178805717 × 10^295 |
| 2 | ov_002 | 7.413428445681809 × 10^295 |
| 3 | ov_003 | 6.396665011484071 × 10^295 |
| 4 | ov_004 | 5.489192599320197 × 10^295 |
| 5 | ov_005 | 4.682541222877304 × 10^295 |
| 6 | ov_006 | 3.968694190714954 × 10^295 |
| 7 | ov_007 | 3.340057692202538 × 10^295 |
| 8 | ov_008 | 2.789434660693043 × 10^295 |
| 9 | ov_009 | 2.310002574973533 × 10^295 |
| 10 | ov_010 | 1.8952947978567925 × 10^295 |
| 11 | ov_011 | 1.53918504616696 × 10^295 |
| 12 | ov_012 | 1.2358746095488773 × 10^295 |
| 13 | ov_013 | 9.798819582734628 × 10^294 |
| 14 | ov_014 | 7.660344026198628 × 10^294 |
| 15 | ov_015 | 5.894614885717339 × 10^294 |
| 16 | ov_016 | 4.455898365358851 × 10^294 |
| 17 | ov_017 | 3.301391516280617 × 10^294 |
| 18 | ov_018 | 2.391191687113001 × 10^294 |
| 19 | ov_019 | 1.6882734284543123 × 10^294 |
| 20 | ov_020 | 1.158471276356106 × 10^294 |
| 21 | ov_021 | 7.70467090230841 × 10^293 |
| 22 | ov_022 | 4.957809595422442 × 10^293 |
| 23 | ov_023 | 3.0876491698884954 × 10^293 |
| 24 | ov_024 | 1.86598803694965 × 10^293 |
| 25 | ov_025 | 1.0928773970476227 × 10^293 |
| 26 | ov_026 | 5.966073874621718 × 10^292 |
| 27 | ov_027 | 2.983816605258658 × 10^292 |
| 28 | ov_028 | 1.3351912276156207 × 10^292 |
| 29 | ov_029 | 5.145328022299303 × 10^291 |
| 30 | ov_030 | 1.5732066917560913 × 10^291 |
| 31 | ov_031 | 3.0692830452228202 × 10^290 |
| 32 | lv_80_m31 | 5.987347130442016 × 10^289 |
| 33 | ov_033 | 7.150585467121733 × 10^290 |
| 34 | ov_034 | 6.202058255890948 × 10^290 |
| 35 | ov_035 | 5.3532580489466796 × 10^290 |
| 36 | ov_036 | 4.595700085234236 × 10^290 |
| 37 | ov_037 | 3.921355892393262 × 10^290 |
| 38 | ov_038 | 3.3226211792968165 × 10^290 |
| 39 | ov_039 | 2.7922881205406795 × 10^290 |
| 40 | ov_040 | 2.3268487160109613 × 10^290 |
| 41 | ov_041 | 1.919820362853186 × 10^290 |
| 42 | ov_042 | 1.5680475726368673 × 10^290 |
| 43 | ov_043 | 1.2685387190784243 × 10^290 |
| 44 | ov_044 | 1.015777536913829 × 10^290 |
| 45 | ov_045 | 8.045477818707452 × 10^289 |
| 46 | ov_046 | 6.29925569273972 × 10^289 |
| 47 | ov_047 | 4.872733252982255 × 10^289 |
| 48 | ov_048 | 3.7223510019680593 × 10^289 |
| 49 | ov_049 | 2.807330121856402 × 10^289 |
| 50 | ov_050 | 2.0896460965528163 × 10^289 |
| 51 | ov_051 | 1.5340095809775725 × 10^289 |
| 52 | ov_052 | 1.1078527663923058 × 10^289 |
| 53 | ov_053 | 7.81319749407968 × 10^288 |
| 54 | ov_054 | 5.401595595941459 × 10^288 |
| 55 | ov_055 | 3.599221098129943 × 10^288 |
| 56 | ov_056 | 2.2905706349951044 × 10^288 |
| 57 | ov_057 | 1.3736237360870693 × 10^288 |
| 58 | ov_058 | 7.598362932552303 × 10^287 |
| 59 | ov_059 | 3.741370908239184 × 10^287 |
| 60 | ov_060 | 1.5492619542580466 × 10^287 |
| 61 | ov_061 | 5.407436233749934 × 10^286 |
| 62 | ov_062 | 1.482199614330794 × 10^286 |
| 63 | ov_063 | 2.8864774093979934 × 10^285 |
| 64 | lv_79_m31 | 5.6199644153886786 × 10^284 |
| 65 | ov_065 | 6.675849867709447 × 10^285 |
| 66 | ov_066 | 6.675828490139909 × 10^285 |
| 67 | ov_067 | 6.675823257885137 × 10^285 |
| 68 | ov_068 | 5.763155529066204 × 10^285 |
| 69 | ov_069 | 4.9498096755229605 × 10^285 |
| 70 | ov_070 | 4.2276897488875405 × 10^285 |
| 71 | ov_071 | 3.589198107610751 × 10^285 |
| 72 | ov_072 | 3.02720166538667 × 10^285 |
| 73 | ov_073 | 2.5350011199651996 × 10^285 |
| 74 | ov_074 | 2.10630300567227 × 10^285 |
| 75 | ov_075 | 1.735194418833755 × 10^285 |
| 76 | ov_076 | 1.4161202700994684 × 10^285 |
| 77 | ov_077 | 1.1438629215294725 × 10^285 |
| 78 | ov_078 | 9.135240693686078 × 10^284 |
| 79 | ov_079 | 7.205087358198147 × 10^284 |
| 80 | ov_080 | 5.605112349465379 × 10^284 |
| 81 | ov_081 | 4.2950297919416385 × 10^284 |
| 82 | ov_082 | 3.237219940159727 × 10^284 |
| 83 | ov_083 | 2.3966400880627053 × 10^284 |
| 84 | ov_084 | 1.7407499285450706 × 10^284 |
| 85 | ov_085 | 1.2394500539399393 × 10^284 |
| 86 | ov_086 | 8.65032290659476 × 10^283 |
| 87 | ov_087 | 5.921405628258458 × 10^283 |
| 88 | ov_088 | 3.977409807486981 × 10^283 |
| 89 | ov_089 | 2.6109985069859116 × 10^283 |
| 90 | ov_090 | 1.63768302740807 × 10^283 |
| 91 | ov_091 | 9.70915592418138 × 10^282 |
| 92 | ov_092 | 5.3550294504834 × 10^282 |
| 93 | ov_093 | 2.675846324819697 × 10^282 |
| 94 | ov_094 | 1.1462233490259882 × 10^282 |
| 95 | aaa_78_28 | 3.539550860633453 × 10^281 |
| 96 | aaa_78_29 | 1.087070323518378 × 10^281 |
| 97 | ov_097 | 7.179996535626248 × 10^280 |
| 98 | ov_098 | 7.179781870994581 × 10^280 |
| 99 | ov_099 | 7.179713338194754 × 10^280 |
| 100 | ov_100 | 6.461317107631737 × 10^280 |
| 101 | ov_101 | 5.795848384968928 × 10^280 |
| 102 | ov_102 | 5.180414541813583 × 10^280 |
| 103 | ov_103 | 4.612334021587017 × 10^280 |
| 104 | ov_104 | 4.0891085438604886 × 10^280 |
| 105 | ov_105 | 3.6083978652649803 × 10^280 |
| 106 | ov_106 | 3.1679969670381967 × 10^280 |
| 107 | ov_107 | 2.7658155436202854 × 10^280 |
| 108 | ov_108 | 2.399859670145403 × 10^280 |
| 109 | ov_109 | 2.068215529322594 × 10^280 |
| 110 | ov_110 | 1.769035080173992 × 10^280 |
| 111 | ov_111 | 1.500523552522185 × 10^280 |
| 112 | ov_112 | 1.2609286521059041 × 10^280 |
| 113 | ov_113 | 1.048531361859046 × 10^280 |
| 114 | ov_114 | 8.616382253073199 × 10^279 |
| 115 | ov_115 | 6.985749982978401 × 10^279 |
| 116 | ov_116 | 5.576815554449746 × 10^279 |
| 117 | ov_117 | 4.37307937792389 × 10^279 |
| 118 | ov_118 | 3.3581142826924993 × 10^279 |
| 119 | ov_119 | 2.5155444851891448 × 10^279 |
| 120 | ov_120 | 1.8290299182529408 × 10^279 |
| 121 | ov_121 | 1.2822542825990707 × 10^279 |
| 122 | ov_122 | 8.589162539670921 × 10^278 |
| 123 | ov_123 | 5.427232794475593 × 10^278 |
| 124 | ov_124 | 3.1738739649584974 × 10^278 |
| 125 | ov_125 | 1.6662264547521278 × 10^278 |
| 126 | ov_126 | 7.414375131294232 × 10^277 |
| 127 | aaa_77_28 | 2.3665618090468414 × 10^277 |
| 128 | aaa_77_29 | 8.866422807684141 × 10^276 |
| 129 | ov_129 | 8.153605254993009 × 10^276 |
| 130 | ov_130 | 8.153580997993406 × 10^276 |
| 131 | ov_131 | 8.15357514440593 × 10^276 |
| 132 | ov_132 | 7.056761031150498 × 10^276 |
| 133 | ov_133 | 6.07546917164416 × 10^276 |
| 134 | ov_134 | 5.200965954823232 × 10^276 |
| 135 | ov_135 | 4.424975634838409 × 10^276 |
| 136 | ov_136 | 3.7396476365133103 × 10^276 |
| 137 | ov_137 | 3.1375286659830213 × 10^276 |
| 138 | ov_138 | 2.6115391298480437 × 10^276 |
| 139 | ov_139 | 2.1549533910090775 × 10^276 |
| 140 | ov_140 | 1.761383413567321 × 10^276 |
| 141 | ov_141 | 1.424765372940222 × 10^276 |
| 142 | ov_142 | 1.1393488529114877 × 10^276 |
| 143 | ov_143 | 8.996883188064669 × 10^275 |
| 144 | ov_144 | 7.006365790420276 × 10^275 |
| 145 | ov_145 | 5.373399259958156 × 10^275 |
| 146 | ov_146 | 4.0523464789885524 × 10^275 |
| 147 | ov_147 | 3.0004462629844844 × 10^275 |
| 148 | ov_148 | 2.177797564469854 × 10^275 |
| 149 | ov_149 | 1.547349507550568 × 10^275 |
| 150 | ov_150 | 1.074895189358019 × 10^275 |
| 151 | ov_151 | 7.290677197161154 × 10^274 |
| 152 | ov_152 | 4.813375415070934 × 10^274 |
| 153 | ov_153 | 3.060105316689046 × 10^274 |
| 154 | ov_154 | 1.8022667611750044 × 10^274 |
| 155 | ov_155 | 9.326435813281956 × 10^273 |
| 156 | aaa_76_25 | 3.581843174030269 × 10^273 |
| 157 | aaa_76_26 | 2.066363972832545 × 10^273 |
| 158 | aaa_76_27 | 1.0565410976593927 × 10^273 |
| 159 | aaa_76_28 | 4.1076141709310434 × 10^272 |
| 160 | aaa_76_29 | 1.2473322452183544 × 10^272 |

### Output Bits Sorted by Complexity

| Rank | Output Bit | Complexity |
|:----:|:----------:|:----------:|
| 160 | aaa_76_29 | 1.2473322452183544 × 10^272 |
| 159 | aaa_76_28 | 4.1076141709310434 × 10^272 |
| 158 | aaa_76_27 | 1.0565410976593927 × 10^273 |
| 157 | aaa_76_26 | 2.066363972832545 × 10^273 |
| 156 | aaa_76_25 | 3.581843174030269 × 10^273 |
| 155 | ov_155 | 9.326435813281956 × 10^273 |
| 154 | ov_154 | 1.8022667611750044 × 10^274 |
| 153 | ov_153 | 3.060105316689046 × 10^274 |
| 152 | ov_152 | 4.813375415070934 × 10^274 |
| 151 | ov_151 | 7.290677197161154 × 10^274 |
| 150 | ov_150 | 1.074895189358019 × 10^275 |
| 149 | ov_149 | 1.547349507550568 × 10^275 |
| 148 | ov_148 | 2.177797564469854 × 10^275 |
| 147 | ov_147 | 3.0004462629844844 × 10^275 |
| 146 | ov_146 | 4.0523464789885524 × 10^275 |
| 145 | ov_145 | 5.373399259958156 × 10^275 |
| 144 | ov_144 | 7.006365790420276 × 10^275 |
| 143 | ov_143 | 8.996883188064669 × 10^275 |
| 142 | ov_142 | 1.1393488529114877 × 10^276 |
| 141 | ov_141 | 1.424765372940222 × 10^276 |
| 140 | ov_140 | 1.761383413567321 × 10^276 |
| 139 | ov_139 | 2.1549533910090775 × 10^276 |
| 138 | ov_138 | 2.6115391298480437 × 10^276 |
| 137 | ov_137 | 3.1375286659830213 × 10^276 |
| 136 | ov_136 | 3.7396476365133103 × 10^276 |
| 135 | ov_135 | 4.424975634838409 × 10^276 |
| 134 | ov_134 | 5.200965954823232 × 10^276 |
| 133 | ov_133 | 6.07546917164416 × 10^276 |
| 132 | ov_132 | 7.056761031150498 × 10^276 |
| 131 | ov_131 | 8.15357514440593 × 10^276 |
| 130 | ov_130 | 8.153580997993406 × 10^276 |
| 129 | ov_129 | 8.153605254993009 × 10^276 |
| 128 | aaa_77_29 | 8.866422807684141 × 10^276 |
| 127 | aaa_77_28 | 2.3665618090468414 × 10^277 |
| 126 | ov_126 | 7.414375131294232 × 10^277 |
| 125 | ov_125 | 1.6662264547521278 × 10^278 |
| 124 | ov_124 | 3.1738739649584974 × 10^278 |
| 123 | ov_123 | 5.427232794475593 × 10^278 |
| 122 | ov_122 | 8.589162539670921 × 10^278 |
| 121 | ov_121 | 1.2822542825990707 × 10^279 |
| 120 | ov_120 | 1.8290299182529408 × 10^279 |
| 119 | ov_119 | 2.5155444851891448 × 10^279 |
| 118 | ov_118 | 3.3581142826924993 × 10^279 |
| 117 | ov_117 | 4.37307937792389 × 10^279 |
| 116 | ov_116 | 5.576815554449746 × 10^279 |
| 115 | ov_115 | 6.985749982978401 × 10^279 |
| 114 | ov_114 | 8.616382253073199 × 10^279 |
| 113 | ov_113 | 1.048531361859046 × 10^280 |
| 112 | ov_112 | 1.2609286521059041 × 10^280 |
| 111 | ov_111 | 1.500523552522185 × 10^280 |
| 110 | ov_110 | 1.769035080173992 × 10^280 |
| 109 | ov_109 | 2.068215529322594 × 10^280 |
| 108 | ov_108 | 2.399859670145403 × 10^280 |
| 107 | ov_107 | 2.7658155436202854 × 10^280 |
| 106 | ov_106 | 3.1679969670381967 × 10^280 |
| 105 | ov_105 | 3.6083978652649803 × 10^280 |
| 104 | ov_104 | 4.0891085438604886 × 10^280 |
| 103 | ov_103 | 4.612334021587017 × 10^280 |
| 102 | ov_102 | 5.180414541813583 × 10^280 |
| 101 | ov_101 | 5.795848384968928 × 10^280 |
| 100 | ov_100 | 6.461317107631737 × 10^280 |
| 99 | ov_099 | 7.179713338194754 × 10^280 |
| 98 | ov_098 | 7.179781870994581 × 10^280 |
| 97 | ov_097 | 7.179996535626248 × 10^280 |
| 96 | aaa_78_29 | 1.087070323518378 × 10^281 |
| 95 | aaa_78_28 | 3.539550860633453 × 10^281 |
| 94 | ov_094 | 1.1462233490259882 × 10^282 |
| 93 | ov_093 | 2.675846324819697 × 10^282 |
| 92 | ov_092 | 5.3550294504834 × 10^282 |
| 91 | ov_091 | 9.70915592418138 × 10^282 |
| 90 | ov_090 | 1.63768302740807 × 10^283 |
| 89 | ov_089 | 2.6109985069859116 × 10^283 |
| 88 | ov_088 | 3.977409807486981 × 10^283 |
| 87 | ov_087 | 5.921405628258458 × 10^283 |
| 86 | ov_086 | 8.65032290659476 × 10^283 |
| 85 | ov_085 | 1.2394500539399393 × 10^284 |
| 84 | ov_084 | 1.7407499285450706 × 10^284 |
| 83 | ov_083 | 2.3966400880627053 × 10^284 |
| 82 | ov_082 | 3.237219940159727 × 10^284 |
| 81 | ov_081 | 4.2950297919416385 × 10^284 |
| 80 | ov_080 | 5.605112349465379 × 10^284 |
| 64 | lv_79_m31 | 5.6199644153886786 × 10^284 |
| 79 | ov_079 | 7.205087358198147 × 10^284 |
| 78 | ov_078 | 9.135240693686078 × 10^284 |
| 77 | ov_077 | 1.1438629215294725 × 10^285 |
| 76 | ov_076 | 1.4161202700994684 × 10^285 |
| 75 | ov_075 | 1.735194418833755 × 10^285 |
| 74 | ov_074 | 2.10630300567227 × 10^285 |
| 73 | ov_073 | 2.5350011199651996 × 10^285 |
| 63 | ov_063 | 2.8864774093979934 × 10^285 |
| 72 | ov_072 | 3.02720166538667 × 10^285 |
| 71 | ov_071 | 3.589198107610751 × 10^285 |
| 70 | ov_070 | 4.2276897488875405 × 10^285 |
| 69 | ov_069 | 4.9498096755229605 × 10^285 |
| 68 | ov_068 | 5.763155529066204 × 10^285 |
| 67 | ov_067 | 6.675823257885137 × 10^285 |
| 66 | ov_066 | 6.675828490139909 × 10^285 |
| 65 | ov_065 | 6.675849867709447 × 10^285 |
| 62 | ov_062 | 1.482199614330794 × 10^286 |
| 61 | ov_061 | 5.407436233749934 × 10^286 |
| 60 | ov_060 | 1.5492619542580466 × 10^287 |
| 59 | ov_059 | 3.741370908239184 × 10^287 |
| 58 | ov_058 | 7.598362932552303 × 10^287 |
| 57 | ov_057 | 1.3736237360870693 × 10^288 |
| 56 | ov_056 | 2.2905706349951044 × 10^288 |
| 55 | ov_055 | 3.599221098129943 × 10^288 |
| 54 | ov_054 | 5.401595595941459 × 10^288 |
| 53 | ov_053 | 7.81319749407968 × 10^288 |
| 52 | ov_052 | 1.1078527663923058 × 10^289 |
| 51 | ov_051 | 1.5340095809775725 × 10^289 |
| 50 | ov_050 | 2.0896460965528163 × 10^289 |
| 49 | ov_049 | 2.807330121856402 × 10^289 |
| 48 | ov_048 | 3.7223510019680593 × 10^289 |
| 47 | ov_047 | 4.872733252982255 × 10^289 |
| 32 | lv_80_m31 | 5.987347130442016 × 10^289 |
| 46 | ov_046 | 6.29925569273972 × 10^289 |
| 45 | ov_045 | 8.045477818707452 × 10^289 |
| 44 | ov_044 | 1.015777536913829 × 10^290 |
| 43 | ov_043 | 1.2685387190784243 × 10^290 |
| 42 | ov_042 | 1.5680475726368673 × 10^290 |
| 41 | ov_041 | 1.919820362853186 × 10^290 |
| 40 | ov_040 | 2.3268487160109613 × 10^290 |
| 39 | ov_039 | 2.7922881205406795 × 10^290 |
| 31 | ov_031 | 3.0692830452228202 × 10^290 |
| 38 | ov_038 | 3.3226211792968165 × 10^290 |
| 37 | ov_037 | 3.921355892393262 × 10^290 |
| 36 | ov_036 | 4.595700085234236 × 10^290 |
| 35 | ov_035 | 5.3532580489466796 × 10^290 |
| 34 | ov_034 | 6.202058255890948 × 10^290 |
| 33 | ov_033 | 7.150585467121733 × 10^290 |
| 30 | ov_030 | 1.5732066917560913 × 10^291 |
| 29 | ov_029 | 5.145328022299303 × 10^291 |
| 28 | ov_028 | 1.3351912276156207 × 10^292 |
| 27 | ov_027 | 2.983816605258658 × 10^292 |
| 26 | ov_026 | 5.966073874621718 × 10^292 |
| 25 | ov_025 | 1.0928773970476227 × 10^293 |
| 24 | ov_024 | 1.86598803694965 × 10^293 |
| 23 | ov_023 | 3.0876491698884954 × 10^293 |
| 22 | ov_022 | 4.957809595422442 × 10^293 |
| 21 | ov_021 | 7.70467090230841 × 10^293 |
| 20 | ov_020 | 1.158471276356106 × 10^294 |
| 19 | ov_019 | 1.6882734284543123 × 10^294 |
| 18 | ov_018 | 2.391191687113001 × 10^294 |
| 17 | ov_017 | 3.301391516280617 × 10^294 |
| 16 | ov_016 | 4.455898365358851 × 10^294 |
| 15 | ov_015 | 5.894614885717339 × 10^294 |
| 14 | ov_014 | 7.660344026198628 × 10^294 |
| 13 | ov_013 | 9.798819582734628 × 10^294 |
| 12 | ov_012 | 1.2358746095488773 × 10^295 |
| 11 | ov_011 | 1.53918504616696 × 10^295 |
| 10 | ov_010 | 1.8952947978567925 × 10^295 |
| 9 | ov_009 | 2.310002574973533 × 10^295 |
| 8 | ov_008 | 2.789434660693043 × 10^295 |
| 7 | ov_007 | 3.340057692202538 × 10^295 |
| 6 | ov_006 | 3.968694190714954 × 10^295 |
| 5 | ov_005 | 4.682541222877304 × 10^295 |
| 4 | ov_004 | 5.489192599320197 × 10^295 |
| 3 | ov_003 | 6.396665011484071 × 10^295 |
| 2 | ov_002 | 7.413428445681809 × 10^295 |
| 1 | ov_001 | 8.548441178805717 × 10^295 |

