# Results for F001-F002-F003-F004-F005-F006-F007-F008-F009-F010-F011-F012-F013-F014-F015-F016-F017-F018-F019-F020-F021-F022-F023-F024-F025-F026-F027-F028-F029-F030-F031-F032-F033-F034-F035-F036-F037-F038-F039-F040-F041-F042-F043-F044-F045-F046-F047-F048-F049-F050-F051-F052-F053-F054-F055-F056-F057-F058-F059-F060-F061-F062-F063-F064-F065-F066-F067-F068-F069-F070-F071-F072-F073-F074-F075-F076-F077-F078-F079-F080-F081-F082-F083-F084-F085-F086-F087-F088-F089-F090-F091-F092-F093-F094-F095-F096-F097-F098-F099-F100-F101-F102-F103-F104-F105-F106-F107-F108-F109-F110-F111-F112-F113-F114-F115-F116-F117-F118-F119-F120-F121-F122-F123-F124-F125-F126-F127-F128-F129-F130-F131-F132-F133-F134-F135-F136-F137-F138-F139-F140-F141-F142-F143-F144-F145-F146-F147-F148-F149-F150-F151-F152-F153-F154-F155-F156-F157-F158-F159-F160-F161-F162-F163-F164-F165-F166-F167-F168-F169-F170-F171-F172-F173-F174-F175-F176-F177-F178-F179-F180-F181-F182-F183-F184-F185-F186-F187-F188-F189-F190-F191-F192-F193-F194-F195-F196-F197-F198-F199-F200-F201-F202-F203-F204-F205-F206-F207-F208-F209-F210-F211-F212-F213-F214-F215-F216-F217-F218-F219-F220-F221-F222-F223-F224-F225-F226-F227-F228-F229-F230-F231-F232-F233-F234-F235-F236-F237-F238-F239-F240-F241-F242-F243-F244-F245-F246-F247-F248-F249-F250-F251-F252-F253-F254-F255-F256-F257-F258-F259-F260-F261-F262-F263-F264-F265-F266-F267-F268-F269-F270-F271-F272-F273-F274-F275-F276-F277-F278-F279-F280-F281-F282-F283-F284-F285-F286-F287-F288-F289-F290-F291-F292-F293-F294-F295-F296-F297-F298-F299-F300-F301-F302-F303-F304-F305-F306-F307-F308-F309-F310-F311-F312-F313-F314-F315-F316-F317-F318-F319-F320-F321-F322-F323-F324-F325-F326-F327-F328-F329-F330-F331-F332-F333-F334-F335-F336-F337-F338-F339-F340-F341-F342-F343-F344-F345-F346-F347-F348-F349-F350-F351-F352-F353-F354-F355-F356-F357-F358-F359-F360-F361-F362-F363-F364-F365-F366-F367-F368-F369-F370-F371-F372-F373-F374-F375-F376-F377-F378-F379-F380-F381-F382-F383-F384-F385-F386-F387-F388-F389-F390-F391-F392-F393-F394-F395-F396-F397-F398-F399-F400-F401-F402-F403-F404-F405-F406-F407-F408-F409-F410-F411-F412-F413-F414-F415-F416-F417-F418-F419-F420-F421-F422-F423-F424-F425-F426-F427-F428-F429-F430-F431-F432-F433-F434-F435-F436-F437-F438-F439-F440-F441-F442-F443-F444-F445-F446-F447-F448-F449-F450-F451-F452-F453-F454-F455-F456-F457-F458-F459-F460-F461-F462-F463-F464-F465-F466-F467-F468-F469-F470-F471-F472-F473-F474-F475-F476-F477-F478-F479-F480-F481-F482-F483-F484-F485-F486-F487-F488-F489-F490-F491-F492-F493-F494-F495-F496-O498503-O499505-O499508-F509-F510-F511-F512

## Summary

Number of input bits: 512  
Number of free input bits: 9  
Number of output bits: 160

Number of direct occurrences: 36727  
Number of assignments: 31110  
Number of operations: 10923825
(xor: 10895807,
and: 14729,
or: 13289)

Total complexity: 7.14448118595129 × 10^298

Least occurring input variable: iv_502 (3837)  
Most occurring input variable: iv_499 (4400)

Most co-occurring input variables: iv_499-iv_507 (2064)  
Least co-occurring input variables: iv_502-iv_504 (1768)

Potentially most occurring input variable: iv_498/iv_499 (4708)  
Potentially least occurring input variable: iv_504/iv_506 (4090)

Least output occurring input variable: iv_499 (72)  
Most output occurring input variable: iv_502 (84)

Most output co-occurring input variables: iv_502-iv_506 (47)  
Least output co-occurring input variables: iv_499-iv_504 (29)

Potentially most output occurring input variable: iv_498/iv_506 (91)  
Potentially least output occurring input variable: iv_498/iv_507 (71)

Least complex input bit: iv_497 (2.5356338294499566 × 10^296)  
Most complex input bit: iv_499 (2.8304293554741135 × 10^298)

Least complex output bit: aaa_76_29 (4.1522865477153047 × 10^273)  
Most complex output bit: ov_001 (1.1428253749300571 × 10^298)

Least complex input/output complexity: iv_497/aaa_76_29 (1.4736798888434605 × 10^271)  
Most complex input/output complexity: iv_499/ov_001 (4.5275316782180636 × 10^297)

## Input Bits

### Input Bits in Regular Order

| Input Bit | Complexity | Occurrences | Output Occurrences |
|:---------:|:----------:|:-----------:|:------------------:|
| iv_497 | 2.5356338294499566 × 10^296 | 4060 | 75 |
| iv_498 | 6.84613393474829 × 10^297 | 4328 | 83 |
| iv_499 | 2.8304293554741135 × 10^298 | 4400 | 72 |
| iv_500 | 1.508276050938467 × 10^297 | 4081 | 80 |
| iv_501 | 2.482679657820877 × 10^297 | 4062 | 81 |
| iv_502 | 4.002317193988516 × 10^297 | 3837 | 84 |
| iv_504 | 9.844669467532748 × 10^297 | 3888 | 76 |
| iv_506 | 7.51259399602833 × 10^297 | 3922 | 82 |
| iv_507 | 1.0690284620769606 × 10^298 | 4149 | 76 |

### Input Bits Sorted by Complexity

| Input Bit | Complexity | Occurrences | Output Occurrences |
|:---------:|:----------:|:-----------:|:------------------:|
| iv_497 | 2.5356338294499566 × 10^296 | 4060 | 75 |
| iv_500 | 1.508276050938467 × 10^297 | 4081 | 80 |
| iv_501 | 2.482679657820877 × 10^297 | 4062 | 81 |
| iv_502 | 4.002317193988516 × 10^297 | 3837 | 84 |
| iv_498 | 6.84613393474829 × 10^297 | 4328 | 83 |
| iv_506 | 7.51259399602833 × 10^297 | 3922 | 82 |
| iv_504 | 9.844669467532748 × 10^297 | 3888 | 76 |
| iv_507 | 1.0690284620769606 × 10^298 | 4149 | 76 |
| iv_499 | 2.8304293554741135 × 10^298 | 4400 | 72 |

### Input Bits Sorted by Occurrences

| Input Bit | Complexity | Occurrences | Output Occurrences |
|:---------:|:----------:|:-----------:|:------------------:|
| iv_502 | 4.002317193988516 × 10^297 | 3837 | 84 |
| iv_504 | 9.844669467532748 × 10^297 | 3888 | 76 |
| iv_506 | 7.51259399602833 × 10^297 | 3922 | 82 |
| iv_497 | 2.5356338294499566 × 10^296 | 4060 | 75 |
| iv_501 | 2.482679657820877 × 10^297 | 4062 | 81 |
| iv_500 | 1.508276050938467 × 10^297 | 4081 | 80 |
| iv_507 | 1.0690284620769606 × 10^298 | 4149 | 76 |
| iv_498 | 6.84613393474829 × 10^297 | 4328 | 83 |
| iv_499 | 2.8304293554741135 × 10^298 | 4400 | 72 |

### Input Bits Sorted by Output Occurrences

| Input Bit | Complexity | Occurrences | Output Occurrences |
|:---------:|:----------:|:-----------:|:------------------:|
| iv_499 | 2.8304293554741135 × 10^298 | 4400 | 72 |
| iv_497 | 2.5356338294499566 × 10^296 | 4060 | 75 |
| iv_504 | 9.844669467532748 × 10^297 | 3888 | 76 |
| iv_507 | 1.0690284620769606 × 10^298 | 4149 | 76 |
| iv_500 | 1.508276050938467 × 10^297 | 4081 | 80 |
| iv_501 | 2.482679657820877 × 10^297 | 4062 | 81 |
| iv_506 | 7.51259399602833 × 10^297 | 3922 | 82 |
| iv_498 | 6.84613393474829 × 10^297 | 4328 | 83 |
| iv_502 | 4.002317193988516 × 10^297 | 3837 | 84 |

## Input Bit Co-occurrences

### Input Bit Co-occurrences Sorted by Co-occurrences

| Input Bits | Co-occurrences | Potential Occurrences | Output Co-occurrences | Potential Output Occurrences |
|:----------:|:--------------:|:---------------------:|:---------------------:|:----------------------------:|
| iv_498-iv_501 | 2064 | 4262 | 45 | 74 |
| iv_499-iv_507 | 2064 | 4421 | 37 | 74 |
| iv_498-iv_507 | 2024 | 4429 | 44 | 71 |
| iv_497-iv_507 | 2019 | 4171 | 39 | 73 |
| iv_498-iv_499 | 2010 | 4708 | 36 | 83 |
| iv_499-iv_500 | 2009 | 4463 | 39 | 74 |
| iv_497-iv_499 | 1990 | 4480 | 36 | 75 |
| iv_497-iv_501 | 1967 | 4188 | 37 | 82 |
| iv_498-iv_500 | 1966 | 4477 | 39 | 85 |

### Input Bit Co-occurrences Sorted by Potential Occurrences

| Input Bits | Co-occurrences | Potential Occurrences | Output Co-occurrences | Potential Output Occurrences |
|:----------:|:--------------:|:---------------------:|:---------------------:|:----------------------------:|
| iv_504-iv_506 | 1860 | 4090 | 42 | 74 |
| iv_502-iv_506 | 1813 | 4133 | 47 | 72 |
| iv_506-iv_507 | 1950 | 4171 | 37 | 84 |
| iv_497-iv_507 | 2019 | 4171 | 39 | 73 |
| iv_497-iv_502 | 1857 | 4183 | 44 | 71 |
| iv_497-iv_501 | 1967 | 4188 | 37 | 82 |
| iv_502-iv_504 | 1768 | 4189 | 43 | 74 |
| iv_500-iv_506 | 1907 | 4189 | 40 | 82 |
| iv_500-iv_504 | 1887 | 4195 | 39 | 78 |

### Input Bit Output Co-occurrences Sorted by Output Co-occurrences

| Input Bits | Co-occurrences | Potential Occurrences | Output Co-occurrences | Potential Output Occurrences |
|:----------:|:--------------:|:---------------------:|:---------------------:|:----------------------------:|
| iv_502-iv_506 | 1813 | 4133 | 47 | 72 |
| iv_498-iv_501 | 2064 | 4262 | 45 | 74 |
| iv_498-iv_507 | 2024 | 4429 | 44 | 71 |
| iv_497-iv_502 | 1857 | 4183 | 44 | 71 |
| iv_502-iv_504 | 1768 | 4189 | 43 | 74 |
| iv_500-iv_501 | 1956 | 4231 | 42 | 77 |
| iv_504-iv_506 | 1860 | 4090 | 42 | 74 |
| iv_498-iv_502 | 1850 | 4465 | 41 | 85 |
| iv_500-iv_502 | 1851 | 4216 | 41 | 82 |

### Input Bit Output Co-occurrences Sorted by Potential Output Occurrences

| Input Bits | Co-occurrences | Potential Occurrences | Output Co-occurrences | Potential Output Occurrences |
|:----------:|:--------------:|:---------------------:|:---------------------:|:----------------------------:|
| iv_498-iv_507 | 2024 | 4429 | 44 | 71 |
| iv_497-iv_502 | 1857 | 4183 | 44 | 71 |
| iv_502-iv_506 | 1813 | 4133 | 47 | 72 |
| iv_497-iv_507 | 2019 | 4171 | 39 | 73 |
| iv_499-iv_500 | 2009 | 4463 | 39 | 74 |
| iv_498-iv_501 | 2064 | 4262 | 45 | 74 |
| iv_502-iv_504 | 1768 | 4189 | 43 | 74 |
| iv_504-iv_506 | 1860 | 4090 | 42 | 74 |
| iv_499-iv_502 | 1817 | 4603 | 41 | 74 |

## Output Bits

### Output Bits in Regular Order

| Rank | Output Bit | Complexity |
|:----:|:----------:|:----------:|
| 1 | ov_001 | 1.1428253749300571 × 10^298 |
| 2 | ov_002 | 9.91085756625273 × 10^297 |
| 3 | ov_003 | 8.551555833796018 × 10^297 |
| 4 | ov_004 | 7.338369009416275 × 10^297 |
| 5 | ov_005 | 6.259970777504115 × 10^297 |
| 6 | ov_006 | 5.3056414748905836 × 10^297 |
| 7 | ov_007 | 4.465227528231113 × 10^297 |
| 8 | ov_008 | 3.729106512659686 × 10^297 |
| 9 | ov_009 | 3.0881573968325945 × 10^297 |
| 10 | ov_010 | 2.5337354597232696 × 10^297 |
| 11 | ov_011 | 2.057651358615046 × 10^297 |
| 12 | ov_012 | 1.652153857467383 × 10^297 |
| 13 | ov_013 | 1.3099157539971895 × 10^297 |
| 14 | ov_014 | 1.0240225725513625 × 10^297 |
| 15 | ov_015 | 7.879636182569109 × 10^296 |
| 16 | ov_016 | 5.956250161073234 × 10^296 |
| 17 | ov_017 | 4.4128438664497056 × 10^296 |
| 18 | ov_018 | 3.19606837779402 × 10^296 |
| 19 | ov_019 | 2.2564198007699572 × 10^296 |
| 20 | ov_020 | 1.5482171369164086 × 10^296 |
| 21 | ov_021 | 1.0295860036628583 × 10^296 |
| 22 | ov_022 | 6.624469398584941 × 10^295 |
| 23 | ov_023 | 4.125073182127445 × 10^295 |
| 24 | ov_024 | 2.492560243291464 × 10^295 |
| 25 | ov_025 | 1.4596020027249218 × 10^295 |
| 26 | ov_026 | 7.96634604175143 × 10^294 |
| 27 | ov_027 | 3.983158179123862 × 10^294 |
| 28 | ov_028 | 1.781803443813775 × 10^294 |
| 29 | ov_029 | 6.863896965835491 × 10^293 |
| 30 | ov_030 | 2.097834398514527 × 10^293 |
| 31 | ov_031 | 4.0907634777429247 × 10^292 |
| 32 | lv_80_m31 | 7.975621099366936 × 10^291 |
| 33 | ov_033 | 9.557181072654405 × 10^292 |
| 34 | ov_034 | 8.287007400664513 × 10^292 |
| 35 | ov_035 | 7.150754032741016 × 10^292 |
| 36 | ov_036 | 6.137524111420753 × 10^292 |
| 37 | ov_037 | 5.23700907363131 × 10^292 |
| 38 | ov_038 | 4.439446963640048 × 10^292 |
| 39 | ov_039 | 3.735586398323409 × 10^292 |
| 40 | ov_040 | 3.1166556501964207 × 10^292 |
| 41 | ov_041 | 2.574336340641541 × 10^292 |
| 42 | ov_042 | 2.104579601914646 × 10^292 |
| 43 | ov_043 | 1.7035470944160586 × 10^292 |
| 44 | ov_044 | 1.3641616886610064 × 10^292 |
| 45 | ov_045 | 1.0797312485639821 × 10^292 |
| 46 | ov_046 | 8.43938678198887 × 10^291 |
| 47 | ov_047 | 6.508340784566964 × 10^291 |
| 48 | ov_048 | 4.9482868508988 × 10^291 |
| 49 | ov_049 | 3.706902843217844 × 10^291 |
| 50 | ov_050 | 2.7353982677148027 × 10^291 |
| 51 | ov_051 | 1.9884898492451138 × 10^291 |
| 52 | ov_052 | 1.4243842378854578 × 10^291 |
| 53 | ov_053 | 1.004765885661498 × 10^291 |
| 54 | ov_054 | 6.9478865489532464 × 10^290 |
| 55 | ov_055 | 4.630701969956718 × 10^290 |
| 56 | ov_056 | 2.9478473084979715 × 10^290 |
| 57 | ov_057 | 1.7683590112721507 × 10^290 |
| 58 | ov_058 | 9.785600143944161 × 10^289 |
| 59 | ov_059 | 4.820556990761029 × 10^289 |
| 60 | ov_060 | 1.9973205379381312 × 10^289 |
| 61 | ov_061 | 6.975501077522461 × 10^288 |
| 62 | ov_062 | 1.9131307424114602 × 10^288 |
| 63 | ov_063 | 3.727932615875271 × 10^287 |
| 64 | lv_79_m31 | 7.262530440431815 × 10^286 |
| 65 | ov_065 | 8.612910293685969 × 10^287 |
| 66 | ov_066 | 8.61288728022392 × 10^287 |
| 67 | ov_067 | 8.612881820684975 × 10^287 |
| 68 | ov_068 | 7.44847242620219 × 10^287 |
| 69 | ov_069 | 6.4068908597524636 × 10^287 |
| 70 | ov_070 | 5.478995659973576 × 10^287 |
| 71 | ov_071 | 4.656075220922285 × 10^287 |
| 72 | ov_072 | 3.92982217665209 × 10^287 |
| 73 | ov_073 | 3.29231332147229 × 10^287 |
| 74 | ov_074 | 2.735994081321165 × 10^287 |
| 75 | ov_075 | 2.2536666034498493 × 10^287 |
| 76 | ov_076 | 1.8384805814326236 × 10^287 |
| 77 | ov_077 | 1.4839259807499226 × 10^287 |
| 78 | ov_078 | 1.1838269614129463 × 10^287 |
| 79 | ov_079 | 9.323365873196722 × 10^286 |
| 80 | ov_080 | 7.239321879162594 × 10^286 |
| 81 | ov_081 | 5.53411328055725 × 10^286 |
| 82 | ov_082 | 4.158883422758474 × 10^286 |
| 83 | ov_083 | 3.067913899561142 × 10^286 |
| 84 | ov_084 | 2.218599879830734 × 10^286 |
| 85 | ov_085 | 1.571429776728334 × 10^286 |
| 86 | ov_086 | 1.0899688278146181 × 10^286 |
| 87 | ov_087 | 7.408461548814676 × 10^285 |
| 88 | ov_088 | 4.9374487269813304 × 10^285 |
| 89 | ov_089 | 3.2139481605600506 × 10^285 |
| 90 | ov_090 | 1.9956745460071447 × 10^285 |
| 91 | ov_091 | 1.1690841950696266 × 10^285 |
| 92 | ov_092 | 6.3581856258274334 × 10^284 |
| 93 | ov_093 | 3.1269705698943893 × 10^284 |
| 94 | ov_094 | 1.317135060616691 × 10^284 |
| 95 | aaa_78_28 | 4.0034713552267913 × 10^283 |
| 96 | aaa_78_29 | 1.199250263728308 × 10^283 |
| 97 | ov_097 | 6.245697821794061 × 10^282 |
| 98 | ov_098 | 6.245626701848092 × 10^282 |
| 99 | ov_099 | 6.245603996566581 × 10^282 |
| 100 | ov_100 | 5.1320154510878895 × 10^282 |
| 101 | ov_101 | 4.1856354641604446 × 10^282 |
| 102 | ov_102 | 3.3889712115345916 × 10^282 |
| 103 | ov_103 | 2.725486691568212 × 10^282 |
| 104 | ov_104 | 2.1795327966528252 × 10^282 |
| 105 | ov_105 | 1.7362865931335237 × 10^282 |
| 106 | ov_106 | 1.3816989624359288 × 10^282 |
| 107 | ov_107 | 1.1024497992983739 × 10^282 |
| 108 | ov_108 | 8.859100047243507 × 10^281 |
| 109 | ov_109 | 7.20109551826328 × 10^281 |
| 110 | ov_110 | 5.937109423892287 × 10^281 |
| 111 | ov_111 | 4.9598741096193005 × 10^281 |
| 112 | ov_112 | 4.168052717711336 × 10^281 |
| 113 | ov_113 | 3.466098418912955 × 10^281 |
| 114 | ov_114 | 2.848416202438289 × 10^281 |
| 115 | ov_115 | 2.309474748194183 × 10^281 |
| 116 | ov_116 | 1.8437895482741775 × 10^281 |
| 117 | ov_117 | 1.4459098088252788 × 10^281 |
| 118 | ov_118 | 1.11040875674356 × 10^281 |
| 119 | ov_119 | 8.318766675080414 × 10^280 |
| 120 | ov_120 | 6.0491566915299745 × 10^280 |
| 121 | ov_121 | 4.241357795503753 × 10^280 |
| 122 | ov_122 | 2.841519894159488 × 10^280 |
| 123 | ov_123 | 1.7958220346551013 × 10^280 |
| 124 | ov_124 | 1.050458521500321 × 10^280 |
| 125 | ov_125 | 5.516303200434397 × 10^279 |
| 126 | ov_126 | 2.4554067360092875 × 10^279 |
| 127 | aaa_77_28 | 7.839342200899308 × 10^278 |
| 128 | aaa_77_29 | 2.937525001160107 × 10^278 |
| 129 | ov_129 | 2.6975254773492595 × 10^278 |
| 130 | ov_130 | 2.697517396939009 × 10^278 |
| 131 | ov_131 | 2.697515445365683 × 10^278 |
| 132 | ov_132 | 2.3367679497632617 × 10^278 |
| 133 | ov_133 | 2.0129741302834716 × 10^278 |
| 134 | ov_134 | 1.7232351671669566 × 10^278 |
| 135 | ov_135 | 1.4661413377928227 × 10^278 |
| 136 | ov_136 | 1.239088522649191 × 10^278 |
| 137 | ov_137 | 1.0396050650119925 × 10^278 |
| 138 | ov_138 | 8.653438055606556 × 10^277 |
| 139 | ov_139 | 7.140754000257283 × 10^277 |
| 140 | ov_140 | 5.836827797597338 × 10^277 |
| 141 | ov_141 | 4.721566225783214 × 10^277 |
| 142 | ov_142 | 3.7759170856407605 × 10^277 |
| 143 | ov_143 | 2.9818404279324573 × 10^277 |
| 144 | ov_144 | 2.322286341614974 × 10^277 |
| 145 | ov_145 | 1.7811782666686687 × 10^277 |
| 146 | ov_146 | 1.3434008666838832 × 10^277 |
| 147 | ov_147 | 9.947915678466649 × 10^276 |
| 148 | ov_148 | 7.221349423198122 × 10^276 |
| 149 | ov_149 | 5.131591852898787 × 10^276 |
| 150 | ov_150 | 3.565340061666202 × 10^276 |
| 151 | ov_151 | 2.4186935472325302 × 10^276 |
| 152 | ov_152 | 1.5971458173539858 × 10^276 |
| 153 | ov_153 | 1.0155784401838568 × 10^276 |
| 154 | ov_154 | 5.9825689171943115 × 10^275 |
| 155 | ov_155 | 3.0965945771230817 × 10^275 |
| 156 | aaa_76_25 | 1.1895454787675619 × 10^275 |
| 157 | aaa_76_26 | 6.865709168912208 × 10^274 |
| 158 | aaa_76_27 | 3.512345743638685 × 10^274 |
| 159 | aaa_76_28 | 1.3664586634980323 × 10^274 |
| 160 | aaa_76_29 | 4.1522865477153047 × 10^273 |

### Output Bits Sorted by Complexity

| Rank | Output Bit | Complexity |
|:----:|:----------:|:----------:|
| 160 | aaa_76_29 | 4.1522865477153047 × 10^273 |
| 159 | aaa_76_28 | 1.3664586634980323 × 10^274 |
| 158 | aaa_76_27 | 3.512345743638685 × 10^274 |
| 157 | aaa_76_26 | 6.865709168912208 × 10^274 |
| 156 | aaa_76_25 | 1.1895454787675619 × 10^275 |
| 155 | ov_155 | 3.0965945771230817 × 10^275 |
| 154 | ov_154 | 5.9825689171943115 × 10^275 |
| 153 | ov_153 | 1.0155784401838568 × 10^276 |
| 152 | ov_152 | 1.5971458173539858 × 10^276 |
| 151 | ov_151 | 2.4186935472325302 × 10^276 |
| 150 | ov_150 | 3.565340061666202 × 10^276 |
| 149 | ov_149 | 5.131591852898787 × 10^276 |
| 148 | ov_148 | 7.221349423198122 × 10^276 |
| 147 | ov_147 | 9.947915678466649 × 10^276 |
| 146 | ov_146 | 1.3434008666838832 × 10^277 |
| 145 | ov_145 | 1.7811782666686687 × 10^277 |
| 144 | ov_144 | 2.322286341614974 × 10^277 |
| 143 | ov_143 | 2.9818404279324573 × 10^277 |
| 142 | ov_142 | 3.7759170856407605 × 10^277 |
| 141 | ov_141 | 4.721566225783214 × 10^277 |
| 140 | ov_140 | 5.836827797597338 × 10^277 |
| 139 | ov_139 | 7.140754000257283 × 10^277 |
| 138 | ov_138 | 8.653438055606556 × 10^277 |
| 137 | ov_137 | 1.0396050650119925 × 10^278 |
| 136 | ov_136 | 1.239088522649191 × 10^278 |
| 135 | ov_135 | 1.4661413377928227 × 10^278 |
| 134 | ov_134 | 1.7232351671669566 × 10^278 |
| 133 | ov_133 | 2.0129741302834716 × 10^278 |
| 132 | ov_132 | 2.3367679497632617 × 10^278 |
| 131 | ov_131 | 2.697515445365683 × 10^278 |
| 130 | ov_130 | 2.697517396939009 × 10^278 |
| 129 | ov_129 | 2.6975254773492595 × 10^278 |
| 128 | aaa_77_29 | 2.937525001160107 × 10^278 |
| 127 | aaa_77_28 | 7.839342200899308 × 10^278 |
| 126 | ov_126 | 2.4554067360092875 × 10^279 |
| 125 | ov_125 | 5.516303200434397 × 10^279 |
| 124 | ov_124 | 1.050458521500321 × 10^280 |
| 123 | ov_123 | 1.7958220346551013 × 10^280 |
| 122 | ov_122 | 2.841519894159488 × 10^280 |
| 121 | ov_121 | 4.241357795503753 × 10^280 |
| 120 | ov_120 | 6.0491566915299745 × 10^280 |
| 119 | ov_119 | 8.318766675080414 × 10^280 |
| 118 | ov_118 | 1.11040875674356 × 10^281 |
| 117 | ov_117 | 1.4459098088252788 × 10^281 |
| 116 | ov_116 | 1.8437895482741775 × 10^281 |
| 115 | ov_115 | 2.309474748194183 × 10^281 |
| 114 | ov_114 | 2.848416202438289 × 10^281 |
| 113 | ov_113 | 3.466098418912955 × 10^281 |
| 112 | ov_112 | 4.168052717711336 × 10^281 |
| 111 | ov_111 | 4.9598741096193005 × 10^281 |
| 110 | ov_110 | 5.937109423892287 × 10^281 |
| 109 | ov_109 | 7.20109551826328 × 10^281 |
| 108 | ov_108 | 8.859100047243507 × 10^281 |
| 107 | ov_107 | 1.1024497992983739 × 10^282 |
| 106 | ov_106 | 1.3816989624359288 × 10^282 |
| 105 | ov_105 | 1.7362865931335237 × 10^282 |
| 104 | ov_104 | 2.1795327966528252 × 10^282 |
| 103 | ov_103 | 2.725486691568212 × 10^282 |
| 102 | ov_102 | 3.3889712115345916 × 10^282 |
| 101 | ov_101 | 4.1856354641604446 × 10^282 |
| 100 | ov_100 | 5.1320154510878895 × 10^282 |
| 99 | ov_099 | 6.245603996566581 × 10^282 |
| 98 | ov_098 | 6.245626701848092 × 10^282 |
| 97 | ov_097 | 6.245697821794061 × 10^282 |
| 96 | aaa_78_29 | 1.199250263728308 × 10^283 |
| 95 | aaa_78_28 | 4.0034713552267913 × 10^283 |
| 94 | ov_094 | 1.317135060616691 × 10^284 |
| 93 | ov_093 | 3.1269705698943893 × 10^284 |
| 92 | ov_092 | 6.3581856258274334 × 10^284 |
| 91 | ov_091 | 1.1690841950696266 × 10^285 |
| 90 | ov_090 | 1.9956745460071447 × 10^285 |
| 89 | ov_089 | 3.2139481605600506 × 10^285 |
| 88 | ov_088 | 4.9374487269813304 × 10^285 |
| 87 | ov_087 | 7.408461548814676 × 10^285 |
| 86 | ov_086 | 1.0899688278146181 × 10^286 |
| 85 | ov_085 | 1.571429776728334 × 10^286 |
| 84 | ov_084 | 2.218599879830734 × 10^286 |
| 83 | ov_083 | 3.067913899561142 × 10^286 |
| 82 | ov_082 | 4.158883422758474 × 10^286 |
| 81 | ov_081 | 5.53411328055725 × 10^286 |
| 80 | ov_080 | 7.239321879162594 × 10^286 |
| 64 | lv_79_m31 | 7.262530440431815 × 10^286 |
| 79 | ov_079 | 9.323365873196722 × 10^286 |
| 78 | ov_078 | 1.1838269614129463 × 10^287 |
| 77 | ov_077 | 1.4839259807499226 × 10^287 |
| 76 | ov_076 | 1.8384805814326236 × 10^287 |
| 75 | ov_075 | 2.2536666034498493 × 10^287 |
| 74 | ov_074 | 2.735994081321165 × 10^287 |
| 73 | ov_073 | 3.29231332147229 × 10^287 |
| 63 | ov_063 | 3.727932615875271 × 10^287 |
| 72 | ov_072 | 3.92982217665209 × 10^287 |
| 71 | ov_071 | 4.656075220922285 × 10^287 |
| 70 | ov_070 | 5.478995659973576 × 10^287 |
| 69 | ov_069 | 6.4068908597524636 × 10^287 |
| 68 | ov_068 | 7.44847242620219 × 10^287 |
| 67 | ov_067 | 8.612881820684975 × 10^287 |
| 66 | ov_066 | 8.61288728022392 × 10^287 |
| 65 | ov_065 | 8.612910293685969 × 10^287 |
| 62 | ov_062 | 1.9131307424114602 × 10^288 |
| 61 | ov_061 | 6.975501077522461 × 10^288 |
| 60 | ov_060 | 1.9973205379381312 × 10^289 |
| 59 | ov_059 | 4.820556990761029 × 10^289 |
| 58 | ov_058 | 9.785600143944161 × 10^289 |
| 57 | ov_057 | 1.7683590112721507 × 10^290 |
| 56 | ov_056 | 2.9478473084979715 × 10^290 |
| 55 | ov_055 | 4.630701969956718 × 10^290 |
| 54 | ov_054 | 6.9478865489532464 × 10^290 |
| 53 | ov_053 | 1.004765885661498 × 10^291 |
| 52 | ov_052 | 1.4243842378854578 × 10^291 |
| 51 | ov_051 | 1.9884898492451138 × 10^291 |
| 50 | ov_050 | 2.7353982677148027 × 10^291 |
| 49 | ov_049 | 3.706902843217844 × 10^291 |
| 48 | ov_048 | 4.9482868508988 × 10^291 |
| 47 | ov_047 | 6.508340784566964 × 10^291 |
| 32 | lv_80_m31 | 7.975621099366936 × 10^291 |
| 46 | ov_046 | 8.43938678198887 × 10^291 |
| 45 | ov_045 | 1.0797312485639821 × 10^292 |
| 44 | ov_044 | 1.3641616886610064 × 10^292 |
| 43 | ov_043 | 1.7035470944160586 × 10^292 |
| 42 | ov_042 | 2.104579601914646 × 10^292 |
| 41 | ov_041 | 2.574336340641541 × 10^292 |
| 40 | ov_040 | 3.1166556501964207 × 10^292 |
| 39 | ov_039 | 3.735586398323409 × 10^292 |
| 31 | ov_031 | 4.0907634777429247 × 10^292 |
| 38 | ov_038 | 4.439446963640048 × 10^292 |
| 37 | ov_037 | 5.23700907363131 × 10^292 |
| 36 | ov_036 | 6.137524111420753 × 10^292 |
| 35 | ov_035 | 7.150754032741016 × 10^292 |
| 34 | ov_034 | 8.287007400664513 × 10^292 |
| 33 | ov_033 | 9.557181072654405 × 10^292 |
| 30 | ov_030 | 2.097834398514527 × 10^293 |
| 29 | ov_029 | 6.863896965835491 × 10^293 |
| 28 | ov_028 | 1.781803443813775 × 10^294 |
| 27 | ov_027 | 3.983158179123862 × 10^294 |
| 26 | ov_026 | 7.96634604175143 × 10^294 |
| 25 | ov_025 | 1.4596020027249218 × 10^295 |
| 24 | ov_024 | 2.492560243291464 × 10^295 |
| 23 | ov_023 | 4.125073182127445 × 10^295 |
| 22 | ov_022 | 6.624469398584941 × 10^295 |
| 21 | ov_021 | 1.0295860036628583 × 10^296 |
| 20 | ov_020 | 1.5482171369164086 × 10^296 |
| 19 | ov_019 | 2.2564198007699572 × 10^296 |
| 18 | ov_018 | 3.19606837779402 × 10^296 |
| 17 | ov_017 | 4.4128438664497056 × 10^296 |
| 16 | ov_016 | 5.956250161073234 × 10^296 |
| 15 | ov_015 | 7.879636182569109 × 10^296 |
| 14 | ov_014 | 1.0240225725513625 × 10^297 |
| 13 | ov_013 | 1.3099157539971895 × 10^297 |
| 12 | ov_012 | 1.652153857467383 × 10^297 |
| 11 | ov_011 | 2.057651358615046 × 10^297 |
| 10 | ov_010 | 2.5337354597232696 × 10^297 |
| 9 | ov_009 | 3.0881573968325945 × 10^297 |
| 8 | ov_008 | 3.729106512659686 × 10^297 |
| 7 | ov_007 | 4.465227528231113 × 10^297 |
| 6 | ov_006 | 5.3056414748905836 × 10^297 |
| 5 | ov_005 | 6.259970777504115 × 10^297 |
| 4 | ov_004 | 7.338369009416275 × 10^297 |
| 3 | ov_003 | 8.551555833796018 × 10^297 |
| 2 | ov_002 | 9.91085756625273 × 10^297 |
| 1 | ov_001 | 1.1428253749300571 × 10^298 |

