# Results for F001-F002-F003-F004-F005-F006-F007-F008-F009-F010-F011-F012-F013-F014-F015-F016-F017-F018-F019-F020-F021-F022-F023-F024-F025-F026-F027-F028-F029-F030-F031-F032-F033-F034-F035-F036-F037-F038-F039-F040-F041-F042-F043-F044-F045-F046-F047-F048-F049-F050-F051-F052-F053-F054-F055-F056-F057-F058-F059-F060-F061-F062-F063-F064-F065-F066-F067-F068-F069-F070-F071-F072-F073-F074-F075-F076-F077-F078-F079-F080-F081-F082-F083-F084-F085-F086-F087-F088-F089-F090-F091-F092-F093-F094-F095-F096-F097-F098-F099-F100-F101-F102-F103-F104-F105-F106-F107-F108-F109-F110-F111-F112-F113-F114-F115-F116-F117-F118-F119-F120-F121-F122-F123-F124-F125-F126-F127-F128-F129-F130-F131-F132-F133-F134-F135-F136-F137-F138-F139-F140-F141-F142-F143-F144-F145-F146-F147-F148-F149-F150-F151-F152-F153-F154-F155-F156-F157-F158-F159-F160-F161-F162-F163-F164-F165-F166-F167-F168-F169-F170-F171-F172-F173-F174-F175-F176-F177-F178-F179-F180-F181-F182-F183-F184-F185-F186-F187-F188-F189-F190-F191-F192-F193-F194-F195-F196-F197-F198-F199-F200-F201-F202-F203-F204-F205-F206-F207-F208-F209-F210-F211-F212-F213-F214-F215-F216-F217-F218-F219-F220-F221-F222-F223-F224-F225-F226-F227-F228-F229-F230-F231-F232-F233-F234-F235-F236-F237-F238-F239-F240-F241-F242-F243-F244-F245-F246-F247-F248-F249-F250-F251-F252-F253-F254-F255-F256-F257-F258-F259-F260-F261-F262-F263-F264-F265-F266-F267-F268-F269-F270-F271-F272-F273-F274-F275-F276-F277-F278-F279-F280-F281-F282-F283-F284-F285-F286-F287-F288-F289-F290-F291-F292-F293-F294-F295-F296-F297-F298-F299-F300-F301-F302-F303-F304-F305-F306-F307-F308-F309-F310-F311-F312-F313-F314-F315-F316-F317-F318-F319-F320-F321-F322-F323-F324-F325-F326-F327-F328-F329-F330-F331-F332-F333-F334-F335-F336-F337-F338-F339-F340-F341-F342-F343-F344-F345-F346-F347-F348-F349-F350-F351-F352-F353-F354-F355-F356-F357-F358-F359-F360-F361-F362-F363-F364-F365-F366-F367-F368-F369-F370-F371-F372-F373-F374-F375-F376-F377-F378-F379-F380-F381-F382-F383-F384-F385-F386-F387-F388-F389-F390-F391-F392-F393-F394-F395-F396-F397-F398-F399-F400-F401-F402-F403-F404-F405-F406-F407-F408-F409-F410-F411-F412-F413-F414-F415-F416-F417-F418-F419-F420-F421-F422-F423-F424-F425-F426-F427-F428-F429-F430-F431-F432-F433-F434-F435-F436-F437-F438-F439-F440-F441-F442-F443-F444-F445-F446-F447-F448-F449-F450-F451-F452-F453-F454-F455-F456-F457-F458-F459-F460-F461-F462-F463-F464-F465-F466-F467-F468-F469-F470-F471-F472-F473-F474-F475-F476-F477-F478-F479-F480-F481-F482-F483-F484-F485-F486-F487-F488-F489-F490-F491-F492-F493-F494-F495-F496-E498503-O500505-F508-F509-F510-F511-F512

## Summary

Number of input bits: 512  
Number of free input bits: 9  
Number of output bits: 160

Number of direct occurrences: 36130  
Number of assignments: 30825  
Number of operations: 10760241
(xor: 10732356,
and: 14706,
or: 13179)

Total complexity: 1.1943655314579617 × 10^297

Least occurring input variable: iv_502 (3778)  
Most occurring input variable: iv_498 (4214)

Most co-occurring input variables: iv_500-iv_501 (2001)  
Least co-occurring input variables: iv_499-iv_502 (1719)

Potentially most occurring input variable: iv_498/iv_500 (4527)  
Potentially least occurring input variable: iv_501/iv_504 (4071)

Least output occurring input variable: iv_498 (68)  
Most output occurring input variable: iv_506 (93)

Most output co-occurring input variables: iv_506-iv_507 (54)  
Least output co-occurring input variables: iv_498-iv_504 (28)

Potentially most output occurring input variable: iv_497/iv_506 (90)  
Potentially least output occurring input variable: iv_500/iv_502 (67)

Least complex input bit: iv_497 (7.103620579033282 × 10^294)  
Most complex input bit: iv_500 (3.882135518891867 × 10^296)

Least complex output bit: aaa_76_29 (8.856989692797436 × 10^271)  
Most complex output bit: ov_001 (1.9272266824374814 × 10^296)

Least complex input/output complexity: iv_497/aaa_76_29 (5.267792195345677 × 10^269)  
Most complex input/output complexity: iv_500/ov_001 (6.264208870557151 × 10^295)

## Input Bits

### Input Bits in Regular Order

| Input Bit | Complexity | Occurrences | Output Occurrences |
|:---------:|:----------:|:-----------:|:------------------:|
| iv_497 | 7.103620579033282 × 10^294 | 3997 | 77 |
| iv_498 | 1.8760135011357562 × 10^296 | 4214 | 68 |
| iv_499 | 2.491895128377204 × 10^295 | 3848 | 72 |
| iv_500 | 3.882135518891867 × 10^296 | 4209 | 82 |
| iv_501 | 6.83543918126302 × 10^295 | 4017 | 80 |
| iv_502 | 1.0978359750475467 × 10^296 | 3778 | 71 |
| iv_504 | 2.690309875552612 × 10^296 | 3876 | 71 |
| iv_506 | 6.426722433169474 × 10^295 | 4061 | 93 |
| iv_507 | 7.50918563880552 × 10^295 | 4130 | 84 |

### Input Bits Sorted by Complexity

| Input Bit | Complexity | Occurrences | Output Occurrences |
|:---------:|:----------:|:-----------:|:------------------:|
| iv_497 | 7.103620579033282 × 10^294 | 3997 | 77 |
| iv_499 | 2.491895128377204 × 10^295 | 3848 | 72 |
| iv_506 | 6.426722433169474 × 10^295 | 4061 | 93 |
| iv_501 | 6.83543918126302 × 10^295 | 4017 | 80 |
| iv_507 | 7.50918563880552 × 10^295 | 4130 | 84 |
| iv_502 | 1.0978359750475467 × 10^296 | 3778 | 71 |
| iv_498 | 1.8760135011357562 × 10^296 | 4214 | 68 |
| iv_504 | 2.690309875552612 × 10^296 | 3876 | 71 |
| iv_500 | 3.882135518891867 × 10^296 | 4209 | 82 |

### Input Bits Sorted by Occurrences

| Input Bit | Complexity | Occurrences | Output Occurrences |
|:---------:|:----------:|:-----------:|:------------------:|
| iv_502 | 1.0978359750475467 × 10^296 | 3778 | 71 |
| iv_499 | 2.491895128377204 × 10^295 | 3848 | 72 |
| iv_504 | 2.690309875552612 × 10^296 | 3876 | 71 |
| iv_497 | 7.103620579033282 × 10^294 | 3997 | 77 |
| iv_501 | 6.83543918126302 × 10^295 | 4017 | 80 |
| iv_506 | 6.426722433169474 × 10^295 | 4061 | 93 |
| iv_507 | 7.50918563880552 × 10^295 | 4130 | 84 |
| iv_500 | 3.882135518891867 × 10^296 | 4209 | 82 |
| iv_498 | 1.8760135011357562 × 10^296 | 4214 | 68 |

### Input Bits Sorted by Output Occurrences

| Input Bit | Complexity | Occurrences | Output Occurrences |
|:---------:|:----------:|:-----------:|:------------------:|
| iv_498 | 1.8760135011357562 × 10^296 | 4214 | 68 |
| iv_502 | 1.0978359750475467 × 10^296 | 3778 | 71 |
| iv_504 | 2.690309875552612 × 10^296 | 3876 | 71 |
| iv_499 | 2.491895128377204 × 10^295 | 3848 | 72 |
| iv_497 | 7.103620579033282 × 10^294 | 3997 | 77 |
| iv_501 | 6.83543918126302 × 10^295 | 4017 | 80 |
| iv_500 | 3.882135518891867 × 10^296 | 4209 | 82 |
| iv_507 | 7.50918563880552 × 10^295 | 4130 | 84 |
| iv_506 | 6.426722433169474 × 10^295 | 4061 | 93 |

## Input Bit Co-occurrences

### Input Bit Co-occurrences Sorted by Co-occurrences

| Input Bits | Co-occurrences | Potential Occurrences | Output Co-occurrences | Potential Output Occurrences |
|:----------:|:--------------:|:---------------------:|:---------------------:|:----------------------------:|
| iv_500-iv_501 | 2001 | 4224 | 43 | 76 |
| iv_500-iv_507 | 1988 | 4363 | 45 | 76 |
| iv_500-iv_506 | 1979 | 4312 | 48 | 79 |
| iv_498-iv_507 | 1974 | 4396 | 34 | 84 |
| iv_498-iv_501 | 1959 | 4313 | 35 | 78 |
| iv_506-iv_507 | 1958 | 4275 | 54 | 69 |
| iv_498-iv_500 | 1948 | 4527 | 31 | 88 |
| iv_498-iv_506 | 1940 | 4395 | 40 | 81 |
| iv_501-iv_507 | 1940 | 4267 | 43 | 78 |

### Input Bit Co-occurrences Sorted by Potential Occurrences

| Input Bits | Co-occurrences | Potential Occurrences | Output Co-occurrences | Potential Output Occurrences |
|:----------:|:--------------:|:---------------------:|:---------------------:|:----------------------------:|
| iv_501-iv_504 | 1911 | 4071 | 39 | 73 |
| iv_499-iv_504 | 1809 | 4106 | 30 | 83 |
| iv_504-iv_506 | 1890 | 4157 | 43 | 78 |
| iv_502-iv_506 | 1840 | 4159 | 41 | 82 |
| iv_497-iv_499 | 1833 | 4179 | 35 | 79 |
| iv_502-iv_504 | 1737 | 4180 | 33 | 76 |
| iv_499-iv_502 | 1719 | 4188 | 32 | 79 |
| iv_502-iv_507 | 1850 | 4208 | 37 | 81 |
| iv_499-iv_501 | 1828 | 4209 | 36 | 80 |

### Input Bit Output Co-occurrences Sorted by Output Co-occurrences

| Input Bits | Co-occurrences | Potential Occurrences | Output Co-occurrences | Potential Output Occurrences |
|:----------:|:--------------:|:---------------------:|:---------------------:|:----------------------------:|
| iv_506-iv_507 | 1958 | 4275 | 54 | 69 |
| iv_500-iv_506 | 1979 | 4312 | 48 | 79 |
| iv_500-iv_507 | 1988 | 4363 | 45 | 76 |
| iv_500-iv_501 | 2001 | 4224 | 43 | 76 |
| iv_501-iv_506 | 1870 | 4338 | 43 | 87 |
| iv_501-iv_507 | 1940 | 4267 | 43 | 78 |
| iv_500-iv_502 | 1838 | 4311 | 43 | 67 |
| iv_499-iv_506 | 1846 | 4217 | 43 | 79 |
| iv_504-iv_506 | 1890 | 4157 | 43 | 78 |

### Input Bit Output Co-occurrences Sorted by Potential Output Occurrences

| Input Bits | Co-occurrences | Potential Occurrences | Output Co-occurrences | Potential Output Occurrences |
|:----------:|:--------------:|:---------------------:|:---------------------:|:----------------------------:|
| iv_500-iv_502 | 1838 | 4311 | 43 | 67 |
| iv_506-iv_507 | 1958 | 4275 | 54 | 69 |
| iv_501-iv_504 | 1911 | 4071 | 39 | 73 |
| iv_500-iv_504 | 1884 | 4317 | 40 | 73 |
| iv_498-iv_499 | 1879 | 4304 | 33 | 74 |
| iv_502-iv_504 | 1737 | 4180 | 33 | 76 |
| iv_500-iv_501 | 2001 | 4224 | 43 | 76 |
| iv_500-iv_507 | 1988 | 4363 | 45 | 76 |
| iv_504-iv_507 | 1895 | 4216 | 39 | 77 |

## Output Bits

### Output Bits in Regular Order

| Rank | Output Bit | Complexity |
|:----:|:----------:|:----------:|
| 1 | ov_001 | 1.9272266824374814 × 10^296 |
| 2 | ov_002 | 1.6688573245414347 × 10^296 |
| 3 | ov_003 | 1.437658872116588 × 10^296 |
| 4 | ov_004 | 1.2315592394028403 × 10^296 |
| 5 | ov_005 | 1.0485993382378189 × 10^296 |
| 6 | ov_006 | 8.869249618182495 × 10^295 |
| 7 | ov_007 | 7.447797256180439 × 10^295 |
| 8 | ov_008 | 6.204990022727156 × 10^295 |
| 9 | ov_009 | 5.125047719101207 × 10^295 |
| 10 | ov_010 | 4.1930129498758974 × 10^295 |
| 11 | ov_011 | 3.394715136128072 × 10^295 |
| 12 | ov_012 | 2.716740926840522 × 10^295 |
| 13 | ov_013 | 2.1464101744665672 × 10^295 |
| 14 | ov_014 | 1.6717566924957366 × 10^295 |
| 15 | ov_015 | 1.2815130641727812 × 10^295 |
| 16 | ov_016 | 9.650988224242983 × 10^294 |
| 17 | ov_017 | 7.126113716493871 × 10^294 |
| 18 | ov_018 | 5.1481907241648994 × 10^294 |
| 19 | ov_019 | 3.6315598712303234 × 10^294 |
| 20 | ov_020 | 2.4971791202244107 × 10^294 |
| 21 | ov_021 | 1.67259438926941 × 10^294 |
| 22 | ov_022 | 1.0919184481927837 × 10^294 |
| 23 | ov_023 | 6.958163260476226 × 10^293 |
| 24 | ov_024 | 4.314957122395225 × 10^293 |
| 25 | ov_025 | 2.527010833071571 × 10^293 |
| 26 | ov_026 | 1.379383372841395 × 10^293 |
| 27 | ov_027 | 6.897962280939831 × 10^292 |
| 28 | ov_028 | 3.086289463694228 × 10^292 |
| 29 | ov_029 | 1.1891761506471675 × 10^292 |
| 30 | ov_030 | 3.635446265714259 × 10^291 |
| 31 | ov_031 | 7.09146628962432 × 10^290 |
| 32 | lv_80_m31 | 1.3831118910549322 × 10^290 |
| 33 | ov_033 | 1.6545373763245482 × 10^291 |
| 34 | ov_034 | 1.4349061656065782 × 10^291 |
| 35 | ov_035 | 1.2384459133403123 × 10^291 |
| 36 | ov_036 | 1.0631936537953988 × 10^291 |
| 37 | ov_037 | 9.072917812920742 × 10^290 |
| 38 | ov_038 | 7.689805921767435 × 10^290 |
| 39 | ov_039 | 6.4659185540129765 × 10^290 |
| 40 | ov_040 | 5.385433126058686 × 10^290 |
| 41 | ov_041 | 4.440646953697624 × 10^290 |
| 42 | ov_042 | 3.624253219821644 × 10^290 |
| 43 | ov_043 | 2.9293231416224597 × 10^290 |
| 44 | ov_044 | 2.3430770718057728 × 10^290 |
| 45 | ov_045 | 1.8534283228836266 × 10^290 |
| 46 | ov_046 | 1.4489658977749493 × 10^290 |
| 47 | ov_047 | 1.1189409484074683 × 10^290 |
| 48 | ov_048 | 8.532563551150679 × 10^289 |
| 49 | ov_049 | 6.424588653879978 × 10^289 |
| 50 | ov_050 | 4.777332760504894 × 10^289 |
| 51 | ov_051 | 3.508981882617968 × 10^289 |
| 52 | ov_052 | 2.5440293087025225 × 10^289 |
| 53 | ov_053 | 1.8132535278713906 × 10^289 |
| 54 | ov_054 | 1.253702816872733 × 10^289 |
| 55 | ov_055 | 8.354671984209896 × 10^288 |
| 56 | ov_056 | 5.317644000795323 × 10^288 |
| 57 | ov_057 | 3.1893736317264173 × 10^288 |
| 58 | ov_058 | 1.7645282301628678 × 10^288 |
| 59 | ov_059 | 8.690057130171725 × 10^287 |
| 60 | ov_060 | 3.59931216321868 × 10^287 |
| 61 | ov_061 | 1.2565589025992243 × 10^287 |
| 62 | ov_062 | 3.4449426478747547 × 10^286 |
| 63 | ov_063 | 6.709946577434747 × 10^285 |
| 64 | lv_79_m31 | 1.3066187391967055 × 10^285 |
| 65 | ov_065 | 1.5430310986772407 × 10^286 |
| 66 | ov_066 | 1.5430269363301483 × 10^286 |
| 67 | ov_067 | 1.5430259520613736 × 10^286 |
| 68 | ov_068 | 1.3320602832475802 × 10^286 |
| 69 | ov_069 | 1.1436386316991172 × 10^286 |
| 70 | ov_070 | 9.760632634789877 × 10^285 |
| 71 | ov_071 | 8.27716101550359 × 10^285 |
| 72 | ov_072 | 6.970542275832836 × 10^285 |
| 73 | ov_073 | 5.826063837630169 × 10^285 |
| 74 | ov_074 | 4.8297027026167345 × 10^285 |
| 75 | ov_075 | 3.96810444743672 × 10^285 |
| 76 | ov_076 | 3.228566405870741 × 10^285 |
| 77 | ov_077 | 2.5990234915622393 × 10^285 |
| 78 | ov_078 | 2.0680357602392492 × 10^285 |
| 79 | ov_079 | 1.6247774192911974 × 10^285 |
| 80 | ov_080 | 1.2590271921979963 × 10^285 |
| 81 | ov_081 | 9.611599462142673 × 10^284 |
| 82 | ov_082 | 7.221394923818848 × 10^284 |
| 83 | ov_083 | 5.335124674362813 × 10^284 |
| 84 | ov_084 | 3.87403207529942 × 10^284 |
| 85 | ov_085 | 2.765095239514816 × 10^284 |
| 86 | ov_086 | 1.940992911943217 × 10^284 |
| 87 | ov_087 | 1.3400775784482394 × 10^284 |
| 88 | ov_088 | 9.063549083212224 × 10^283 |
| 89 | ov_089 | 5.894686362406227 × 10^283 |
| 90 | ov_090 | 3.6564856816599733 × 10^283 |
| 91 | ov_091 | 2.139361256917203 × 10^283 |
| 92 | ov_092 | 1.1618168685295876 × 10^283 |
| 93 | ov_093 | 5.704308995699737 × 10^282 |
| 94 | ov_094 | 2.398489766860938 × 10^282 |
| 95 | aaa_78_28 | 7.2780962860483 × 10^281 |
| 96 | aaa_78_29 | 2.174527382438455 × 10^281 |
| 97 | ov_097 | 1.1512207257284792 × 10^281 |
| 98 | ov_098 | 1.151205891331644 × 10^281 |
| 99 | ov_099 | 1.1512011500187743 × 10^281 |
| 100 | ov_100 | 9.42447253227989 × 10^280 |
| 101 | ov_101 | 7.665203005662595 × 10^280 |
| 102 | ov_102 | 6.19793985691867 × 10^280 |
| 103 | ov_103 | 4.9883990913834665 × 10^280 |
| 104 | ov_104 | 4.004130316023914 × 10^280 |
| 105 | ov_105 | 3.2143907178723707 × 10^280 |
| 106 | ov_106 | 2.5900366744272557 × 10^280 |
| 107 | ov_107 | 2.103431273734591 × 10^280 |
| 108 | ov_108 | 1.7283661102608492 × 10^280 |
| 109 | ov_109 | 1.4399958088062063 × 10^280 |
| 110 | ov_110 | 1.2147838131340286 × 10^280 |
| 111 | ov_111 | 1.0304580591619065 × 10^280 |
| 112 | ov_112 | 8.659752348396492 × 10^279 |
| 113 | ov_113 | 7.201570918171129 × 10^279 |
| 114 | ov_114 | 5.918423340759738 × 10^279 |
| 115 | ov_115 | 4.7988240918321047 × 10^279 |
| 116 | ov_116 | 3.8313819172836914 × 10^279 |
| 117 | ov_117 | 3.0047747823107657 × 10^279 |
| 118 | ov_118 | 2.3077313662557322 × 10^279 |
| 119 | ov_119 | 1.7290168730603743 × 10^279 |
| 120 | ov_120 | 1.2574218912021382 × 10^279 |
| 121 | ov_121 | 8.8175390017911 × 10^278 |
| 122 | ov_122 | 5.908310206652223 × 10^278 |
| 123 | ov_123 | 3.7347760547812766 × 10^278 |
| 124 | ov_124 | 2.18521268501428 × 10^278 |
| 125 | ov_125 | 1.1479104628748349 × 10^278 |
| 126 | ov_126 | 5.111646154133096 × 10^277 |
| 127 | aaa_77_28 | 1.632716417009358 × 10^277 |
| 128 | aaa_77_29 | 6.122453101871607 × 10^276 |
| 129 | ov_129 | 5.584559388916832 × 10^276 |
| 130 | ov_130 | 5.584542168700698 × 10^276 |
| 131 | ov_131 | 5.584538014532384 × 10^276 |
| 132 | ov_132 | 4.837367647477801 × 10^276 |
| 133 | ov_133 | 4.1659805082607704 × 10^276 |
| 134 | ov_134 | 3.5642006765926705 × 10^276 |
| 135 | ov_135 | 3.029023567095553 × 10^276 |
| 136 | ov_136 | 2.5548922800915266 × 10^276 |
| 137 | ov_137 | 2.1391002015806794 × 10^276 |
| 138 | ov_138 | 1.7766306470437234 × 10^276 |
| 139 | ov_139 | 1.4627150703974402 × 10^276 |
| 140 | ov_140 | 1.1928218098634197 × 10^276 |
| 141 | ov_141 | 9.626469996686873 × 10^275 |
| 142 | ov_142 | 7.681073649103586 × 10^275 |
| 143 | ov_143 | 6.053346332781437 × 10^275 |
| 144 | ov_144 | 4.706713135970875 × 10^275 |
| 145 | ov_145 | 3.6066760736018505 × 10^275 |
| 146 | ov_146 | 2.7207923558556208 × 10^275 |
| 147 | ov_147 | 2.0186597946674685 × 10^275 |
| 148 | ov_148 | 1.471907493941785 × 10^275 |
| 149 | ov_149 | 1.0541901301695339 × 10^275 |
| 150 | ov_150 | 7.41184366607835 × 10^274 |
| 151 | ov_151 | 5.105863875888483 × 10^274 |
| 152 | ov_152 | 3.421100740680806 × 10^274 |
| 153 | ov_153 | 2.1748566442435027 × 10^274 |
| 154 | ov_154 | 1.280822276224558 × 10^274 |
| 155 | ov_155 | 6.627635374813794 × 10^273 |
| 156 | aaa_76_25 | 2.5451933074115654 × 10^273 |
| 157 | aaa_76_26 | 1.4681305514219344 × 10^273 |
| 158 | aaa_76_27 | 7.50547103827943 × 10^272 |
| 159 | aaa_76_28 | 2.9173683591980482 × 10^272 |
| 160 | aaa_76_29 | 8.856989692797436 × 10^271 |

### Output Bits Sorted by Complexity

| Rank | Output Bit | Complexity |
|:----:|:----------:|:----------:|
| 160 | aaa_76_29 | 8.856989692797436 × 10^271 |
| 159 | aaa_76_28 | 2.9173683591980482 × 10^272 |
| 158 | aaa_76_27 | 7.50547103827943 × 10^272 |
| 157 | aaa_76_26 | 1.4681305514219344 × 10^273 |
| 156 | aaa_76_25 | 2.5451933074115654 × 10^273 |
| 155 | ov_155 | 6.627635374813794 × 10^273 |
| 154 | ov_154 | 1.280822276224558 × 10^274 |
| 153 | ov_153 | 2.1748566442435027 × 10^274 |
| 152 | ov_152 | 3.421100740680806 × 10^274 |
| 151 | ov_151 | 5.105863875888483 × 10^274 |
| 150 | ov_150 | 7.41184366607835 × 10^274 |
| 149 | ov_149 | 1.0541901301695339 × 10^275 |
| 148 | ov_148 | 1.471907493941785 × 10^275 |
| 147 | ov_147 | 2.0186597946674685 × 10^275 |
| 146 | ov_146 | 2.7207923558556208 × 10^275 |
| 145 | ov_145 | 3.6066760736018505 × 10^275 |
| 144 | ov_144 | 4.706713135970875 × 10^275 |
| 143 | ov_143 | 6.053346332781437 × 10^275 |
| 142 | ov_142 | 7.681073649103586 × 10^275 |
| 141 | ov_141 | 9.626469996686873 × 10^275 |
| 140 | ov_140 | 1.1928218098634197 × 10^276 |
| 139 | ov_139 | 1.4627150703974402 × 10^276 |
| 138 | ov_138 | 1.7766306470437234 × 10^276 |
| 137 | ov_137 | 2.1391002015806794 × 10^276 |
| 136 | ov_136 | 2.5548922800915266 × 10^276 |
| 135 | ov_135 | 3.029023567095553 × 10^276 |
| 134 | ov_134 | 3.5642006765926705 × 10^276 |
| 133 | ov_133 | 4.1659805082607704 × 10^276 |
| 132 | ov_132 | 4.837367647477801 × 10^276 |
| 131 | ov_131 | 5.584538014532384 × 10^276 |
| 130 | ov_130 | 5.584542168700698 × 10^276 |
| 129 | ov_129 | 5.584559388916832 × 10^276 |
| 128 | aaa_77_29 | 6.122453101871607 × 10^276 |
| 127 | aaa_77_28 | 1.632716417009358 × 10^277 |
| 126 | ov_126 | 5.111646154133096 × 10^277 |
| 125 | ov_125 | 1.1479104628748349 × 10^278 |
| 124 | ov_124 | 2.18521268501428 × 10^278 |
| 123 | ov_123 | 3.7347760547812766 × 10^278 |
| 122 | ov_122 | 5.908310206652223 × 10^278 |
| 121 | ov_121 | 8.8175390017911 × 10^278 |
| 120 | ov_120 | 1.2574218912021382 × 10^279 |
| 119 | ov_119 | 1.7290168730603743 × 10^279 |
| 118 | ov_118 | 2.3077313662557322 × 10^279 |
| 117 | ov_117 | 3.0047747823107657 × 10^279 |
| 116 | ov_116 | 3.8313819172836914 × 10^279 |
| 115 | ov_115 | 4.7988240918321047 × 10^279 |
| 114 | ov_114 | 5.918423340759738 × 10^279 |
| 113 | ov_113 | 7.201570918171129 × 10^279 |
| 112 | ov_112 | 8.659752348396492 × 10^279 |
| 111 | ov_111 | 1.0304580591619065 × 10^280 |
| 110 | ov_110 | 1.2147838131340286 × 10^280 |
| 109 | ov_109 | 1.4399958088062063 × 10^280 |
| 108 | ov_108 | 1.7283661102608492 × 10^280 |
| 107 | ov_107 | 2.103431273734591 × 10^280 |
| 106 | ov_106 | 2.5900366744272557 × 10^280 |
| 105 | ov_105 | 3.2143907178723707 × 10^280 |
| 104 | ov_104 | 4.004130316023914 × 10^280 |
| 103 | ov_103 | 4.9883990913834665 × 10^280 |
| 102 | ov_102 | 6.19793985691867 × 10^280 |
| 101 | ov_101 | 7.665203005662595 × 10^280 |
| 100 | ov_100 | 9.42447253227989 × 10^280 |
| 99 | ov_099 | 1.1512011500187743 × 10^281 |
| 98 | ov_098 | 1.151205891331644 × 10^281 |
| 97 | ov_097 | 1.1512207257284792 × 10^281 |
| 96 | aaa_78_29 | 2.174527382438455 × 10^281 |
| 95 | aaa_78_28 | 7.2780962860483 × 10^281 |
| 94 | ov_094 | 2.398489766860938 × 10^282 |
| 93 | ov_093 | 5.704308995699737 × 10^282 |
| 92 | ov_092 | 1.1618168685295876 × 10^283 |
| 91 | ov_091 | 2.139361256917203 × 10^283 |
| 90 | ov_090 | 3.6564856816599733 × 10^283 |
| 89 | ov_089 | 5.894686362406227 × 10^283 |
| 88 | ov_088 | 9.063549083212224 × 10^283 |
| 87 | ov_087 | 1.3400775784482394 × 10^284 |
| 86 | ov_086 | 1.940992911943217 × 10^284 |
| 85 | ov_085 | 2.765095239514816 × 10^284 |
| 84 | ov_084 | 3.87403207529942 × 10^284 |
| 83 | ov_083 | 5.335124674362813 × 10^284 |
| 82 | ov_082 | 7.221394923818848 × 10^284 |
| 81 | ov_081 | 9.611599462142673 × 10^284 |
| 80 | ov_080 | 1.2590271921979963 × 10^285 |
| 64 | lv_79_m31 | 1.3066187391967055 × 10^285 |
| 79 | ov_079 | 1.6247774192911974 × 10^285 |
| 78 | ov_078 | 2.0680357602392492 × 10^285 |
| 77 | ov_077 | 2.5990234915622393 × 10^285 |
| 76 | ov_076 | 3.228566405870741 × 10^285 |
| 75 | ov_075 | 3.96810444743672 × 10^285 |
| 74 | ov_074 | 4.8297027026167345 × 10^285 |
| 73 | ov_073 | 5.826063837630169 × 10^285 |
| 63 | ov_063 | 6.709946577434747 × 10^285 |
| 72 | ov_072 | 6.970542275832836 × 10^285 |
| 71 | ov_071 | 8.27716101550359 × 10^285 |
| 70 | ov_070 | 9.760632634789877 × 10^285 |
| 69 | ov_069 | 1.1436386316991172 × 10^286 |
| 68 | ov_068 | 1.3320602832475802 × 10^286 |
| 67 | ov_067 | 1.5430259520613736 × 10^286 |
| 66 | ov_066 | 1.5430269363301483 × 10^286 |
| 65 | ov_065 | 1.5430310986772407 × 10^286 |
| 62 | ov_062 | 3.4449426478747547 × 10^286 |
| 61 | ov_061 | 1.2565589025992243 × 10^287 |
| 60 | ov_060 | 3.59931216321868 × 10^287 |
| 59 | ov_059 | 8.690057130171725 × 10^287 |
| 58 | ov_058 | 1.7645282301628678 × 10^288 |
| 57 | ov_057 | 3.1893736317264173 × 10^288 |
| 56 | ov_056 | 5.317644000795323 × 10^288 |
| 55 | ov_055 | 8.354671984209896 × 10^288 |
| 54 | ov_054 | 1.253702816872733 × 10^289 |
| 53 | ov_053 | 1.8132535278713906 × 10^289 |
| 52 | ov_052 | 2.5440293087025225 × 10^289 |
| 51 | ov_051 | 3.508981882617968 × 10^289 |
| 50 | ov_050 | 4.777332760504894 × 10^289 |
| 49 | ov_049 | 6.424588653879978 × 10^289 |
| 48 | ov_048 | 8.532563551150679 × 10^289 |
| 47 | ov_047 | 1.1189409484074683 × 10^290 |
| 32 | lv_80_m31 | 1.3831118910549322 × 10^290 |
| 46 | ov_046 | 1.4489658977749493 × 10^290 |
| 45 | ov_045 | 1.8534283228836266 × 10^290 |
| 44 | ov_044 | 2.3430770718057728 × 10^290 |
| 43 | ov_043 | 2.9293231416224597 × 10^290 |
| 42 | ov_042 | 3.624253219821644 × 10^290 |
| 41 | ov_041 | 4.440646953697624 × 10^290 |
| 40 | ov_040 | 5.385433126058686 × 10^290 |
| 39 | ov_039 | 6.4659185540129765 × 10^290 |
| 31 | ov_031 | 7.09146628962432 × 10^290 |
| 38 | ov_038 | 7.689805921767435 × 10^290 |
| 37 | ov_037 | 9.072917812920742 × 10^290 |
| 36 | ov_036 | 1.0631936537953988 × 10^291 |
| 35 | ov_035 | 1.2384459133403123 × 10^291 |
| 34 | ov_034 | 1.4349061656065782 × 10^291 |
| 33 | ov_033 | 1.6545373763245482 × 10^291 |
| 30 | ov_030 | 3.635446265714259 × 10^291 |
| 29 | ov_029 | 1.1891761506471675 × 10^292 |
| 28 | ov_028 | 3.086289463694228 × 10^292 |
| 27 | ov_027 | 6.897962280939831 × 10^292 |
| 26 | ov_026 | 1.379383372841395 × 10^293 |
| 25 | ov_025 | 2.527010833071571 × 10^293 |
| 24 | ov_024 | 4.314957122395225 × 10^293 |
| 23 | ov_023 | 6.958163260476226 × 10^293 |
| 22 | ov_022 | 1.0919184481927837 × 10^294 |
| 21 | ov_021 | 1.67259438926941 × 10^294 |
| 20 | ov_020 | 2.4971791202244107 × 10^294 |
| 19 | ov_019 | 3.6315598712303234 × 10^294 |
| 18 | ov_018 | 5.1481907241648994 × 10^294 |
| 17 | ov_017 | 7.126113716493871 × 10^294 |
| 16 | ov_016 | 9.650988224242983 × 10^294 |
| 15 | ov_015 | 1.2815130641727812 × 10^295 |
| 14 | ov_014 | 1.6717566924957366 × 10^295 |
| 13 | ov_013 | 2.1464101744665672 × 10^295 |
| 12 | ov_012 | 2.716740926840522 × 10^295 |
| 11 | ov_011 | 3.394715136128072 × 10^295 |
| 10 | ov_010 | 4.1930129498758974 × 10^295 |
| 9 | ov_009 | 5.125047719101207 × 10^295 |
| 8 | ov_008 | 6.204990022727156 × 10^295 |
| 7 | ov_007 | 7.447797256180439 × 10^295 |
| 6 | ov_006 | 8.869249618182495 × 10^295 |
| 5 | ov_005 | 1.0485993382378189 × 10^296 |
| 4 | ov_004 | 1.2315592394028403 × 10^296 |
| 3 | ov_003 | 1.437658872116588 × 10^296 |
| 2 | ov_002 | 1.6688573245414347 × 10^296 |
| 1 | ov_001 | 1.9272266824374814 × 10^296 |

