# Results for F001-F002-F003-F004-F005-F006-F007-F008-F009-F010-F011-F012-F013-F014-F015-F016-F017-F018-F019-F020-F021-F022-F023-F024-F025-F026-F027-F028-F029-F030-F031-F032-F033-F034-F035-F036-F037-F038-F039-F040-F041-F042-F043-F044-F045-F046-F047-F048-F049-F050-F051-F052-F053-F054-F055-F056-F057-F058-F059-F060-F061-F062-F063-F064-F065-F066-F067-F068-F069-F070-F071-F072-F073-F074-F075-F076-F077-F078-F079-F080-F081-F082-F083-F084-F085-F086-F087-F088-F089-F090-F091-F092-F093-F094-F095-F096-F097-F098-F099-F100-F101-F102-F103-F104-F105-F106-F107-F108-F109-F110-F111-F112-F113-F114-F115-F116-F117-F118-F119-F120-F121-F122-F123-F124-F125-F126-F127-F128-F129-F130-F131-F132-F133-F134-F135-F136-F137-F138-F139-F140-F141-F142-F143-F144-F145-F146-F147-F148-F149-F150-F151-F152-F153-F154-F155-F156-F157-F158-F159-F160-F161-F162-F163-F164-F165-F166-F167-F168-F169-F170-F171-F172-F173-F174-F175-F176-F177-F178-F179-F180-F181-F182-F183-F184-F185-F186-F187-F188-F189-F190-F191-F192-F193-F194-F195-F196-F197-F198-F199-F200-F201-F202-F203-F204-F205-F206-F207-F208-F209-F210-F211-F212-F213-F214-F215-F216-F217-F218-F219-F220-F221-F222-F223-F224-F225-F226-F227-F228-F229-F230-F231-F232-F233-F234-F235-F236-F237-F238-F239-F240-F241-F242-F243-F244-F245-F246-F247-F248-F249-F250-F251-F252-F253-F254-F255-F256-F257-F258-F259-F260-F261-F262-F263-F264-F265-F266-F267-F268-F269-F270-F271-F272-F273-F274-F275-F276-F277-F278-F279-F280-F281-F282-F283-F284-F285-F286-F287-F288-F289-F290-F291-F292-F293-F294-F295-F296-F297-F298-F299-F300-F301-F302-F303-F304-F305-F306-F307-F308-F309-F310-F311-F312-F313-F314-F315-F316-F317-F318-F319-F320-F321-F322-F323-F324-F325-F326-F327-F328-F329-F330-F331-F332-F333-F334-F335-F336-F337-F338-F339-F340-F341-F342-F343-F344-F345-F346-F347-F348-F349-F350-F351-F352-F353-F354-F355-F356-F357-F358-F359-F360-F361-F362-F363-F364-F365-F366-F367-F368-F369-F370-F371-F372-F373-F374-F375-F376-F377-F378-F379-F380-F381-F382-F383-F384-F385-F386-F387-F388-F389-F390-F391-F392-F393-F394-F395-F396-F397-F398-F399-F400-F401-F402-F403-F404-F405-F406-F407-F408-F409-F410-F411-F412-F413-F414-F415-F416-F417-F418-F419-F420-F421-F422-F423-F424-F425-F426-F427-F428-F429-F430-F431-F432-F433-F434-F435-F436-F437-F438-F439-F440-F441-F442-F443-F444-F445-F446-F447-F448-F449-F450-F451-F452-F453-F454-F455-F456-F457-F458-F459-F460-F461-F462-F463-F464-F465-F466-F467-F468-F469-F470-F471-F472-F473-F474-F475-F476-F477-F478-F479-F480-F481-F482-F483-F484-F485-F486-F487-F488-F489-F490-F491-F492-F493-F494-F495-F496-F497-F498-F499-F500-F501-E507509-F512

## Summary

Number of input bits: 512  
Number of free input bits: 9  
Number of output bits: 160

Number of direct occurrences: 36982  
Number of assignments: 31072  
Number of operations: 10956999
(xor: 10927900,
and: 15976,
or: 13123)

Total complexity: 8.191039014527784 × 10^298

Least occurring input variable: iv_502 (3918)  
Most occurring input variable: iv_507 (4391)

Most co-occurring input variables: iv_507-iv_510 (2098)  
Least co-occurring input variables: iv_505-iv_506 (1784)

Potentially most occurring input variable: iv_505/iv_507 (4519)  
Potentially least occurring input variable: iv_504/iv_508 (4156)

Least output occurring input variable: iv_510 (74)  
Most output occurring input variable: iv_508 (86)

Most output co-occurring input variables: iv_506-iv_508 (48)  
Least output co-occurring input variables: iv_502-iv_503 (32)

Potentially most output occurring input variable: iv_502/iv_503 (96)  
Potentially least output occurring input variable: iv_502/iv_511 (72)

Least complex input bit: iv_511 (1.8295676776433452 × 10^295)  
Most complex input bit: iv_507 (2.540783362330957 × 10^298)

Least complex output bit: aaa_76_29 (1.2579389872926196 × 10^274)  
Most complex output bit: ov_001 (1.3019905238244838 × 10^298)

Least complex input/output complexity: iv_511/aaa_76_29 (2.8097589420780695 × 10^270)  
Most complex input/output complexity: iv_507/ov_001 (4.038652306476069 × 10^297)

Input variable with highest collision probability: iv_504 (½^160.00000000000026)

## Input Bits

### Input Bits in Regular Order

| Input Bit | Complexity | Occurrences | Output Occurrences | Collision Probability |
|:---------:|:----------:|:-----------:|:------------------:|:---------------------:|
| iv_502 | 1.0086207934805436 × 10^297 | 3918 | 82 | ½^160.0000000000007 |
| iv_503 | 1.7936470512338875 × 10^297 | 4179 | 78 | ½^160.00000000000043 |
| iv_504 | 2.9812798290746402 × 10^297 | 3948 | 78 | ½^160.00000000000026 |
| iv_505 | 4.73894838289198 × 10^297 | 3938 | 79 | ½^160.0000000000006 |
| iv_506 | 7.286056778695804 × 10^297 | 3977 | 82 | ½^160.00000000000074 |
| iv_507 | 2.540783362330957 × 10^298 | 4391 | 80 | ½^160.00000000000068 |
| iv_508 | 1.5712518927973728 × 10^298 | 4154 | 86 | ½^160.00000000000082 |
| iv_510 | 2.2963189081841348 × 10^298 | 4265 | 74 | ½^160.0000000000009 |
| iv_511 | 1.8295676776433452 × 10^295 | 4212 | 80 | ½^160.00000000000085 |

### Input Bits Sorted by Complexity

| Input Bit | Complexity | Occurrences | Output Occurrences | Collision Probability |
|:---------:|:----------:|:-----------:|:------------------:|:---------------------:|
| iv_511 | 1.8295676776433452 × 10^295 | 4212 | 80 | ½^160.00000000000085 |
| iv_502 | 1.0086207934805436 × 10^297 | 3918 | 82 | ½^160.0000000000007 |
| iv_503 | 1.7936470512338875 × 10^297 | 4179 | 78 | ½^160.00000000000043 |
| iv_504 | 2.9812798290746402 × 10^297 | 3948 | 78 | ½^160.00000000000026 |
| iv_505 | 4.73894838289198 × 10^297 | 3938 | 79 | ½^160.0000000000006 |
| iv_506 | 7.286056778695804 × 10^297 | 3977 | 82 | ½^160.00000000000074 |
| iv_508 | 1.5712518927973728 × 10^298 | 4154 | 86 | ½^160.00000000000082 |
| iv_510 | 2.2963189081841348 × 10^298 | 4265 | 74 | ½^160.0000000000009 |
| iv_507 | 2.540783362330957 × 10^298 | 4391 | 80 | ½^160.00000000000068 |

### Input Bits Sorted by Occurrences

| Input Bit | Complexity | Occurrences | Output Occurrences | Collision Probability |
|:---------:|:----------:|:-----------:|:------------------:|:---------------------:|
| iv_502 | 1.0086207934805436 × 10^297 | 3918 | 82 | ½^160.0000000000007 |
| iv_505 | 4.73894838289198 × 10^297 | 3938 | 79 | ½^160.0000000000006 |
| iv_504 | 2.9812798290746402 × 10^297 | 3948 | 78 | ½^160.00000000000026 |
| iv_506 | 7.286056778695804 × 10^297 | 3977 | 82 | ½^160.00000000000074 |
| iv_508 | 1.5712518927973728 × 10^298 | 4154 | 86 | ½^160.00000000000082 |
| iv_503 | 1.7936470512338875 × 10^297 | 4179 | 78 | ½^160.00000000000043 |
| iv_511 | 1.8295676776433452 × 10^295 | 4212 | 80 | ½^160.00000000000085 |
| iv_510 | 2.2963189081841348 × 10^298 | 4265 | 74 | ½^160.0000000000009 |
| iv_507 | 2.540783362330957 × 10^298 | 4391 | 80 | ½^160.00000000000068 |

### Input Bits Sorted by Output Occurrences

| Input Bit | Complexity | Occurrences | Output Occurrences | Collision Probability |
|:---------:|:----------:|:-----------:|:------------------:|:---------------------:|
| iv_510 | 2.2963189081841348 × 10^298 | 4265 | 74 | ½^160.0000000000009 |
| iv_503 | 1.7936470512338875 × 10^297 | 4179 | 78 | ½^160.00000000000043 |
| iv_504 | 2.9812798290746402 × 10^297 | 3948 | 78 | ½^160.00000000000026 |
| iv_505 | 4.73894838289198 × 10^297 | 3938 | 79 | ½^160.0000000000006 |
| iv_507 | 2.540783362330957 × 10^298 | 4391 | 80 | ½^160.00000000000068 |
| iv_511 | 1.8295676776433452 × 10^295 | 4212 | 80 | ½^160.00000000000085 |
| iv_502 | 1.0086207934805436 × 10^297 | 3918 | 82 | ½^160.0000000000007 |
| iv_506 | 7.286056778695804 × 10^297 | 3977 | 82 | ½^160.00000000000074 |
| iv_508 | 1.5712518927973728 × 10^298 | 4154 | 86 | ½^160.00000000000082 |

### Input Bits Sorted by Collision Probability

| Input Bit | Complexity | Occurrences | Output Occurrences | Collision Probability |
|:---------:|:----------:|:-----------:|:------------------:|:---------------------:|
| iv_504 | 2.9812798290746402 × 10^297 | 3948 | 78 | ½^160.00000000000026 |
| iv_503 | 1.7936470512338875 × 10^297 | 4179 | 78 | ½^160.00000000000043 |
| iv_505 | 4.73894838289198 × 10^297 | 3938 | 79 | ½^160.0000000000006 |
| iv_507 | 2.540783362330957 × 10^298 | 4391 | 80 | ½^160.00000000000068 |
| iv_502 | 1.0086207934805436 × 10^297 | 3918 | 82 | ½^160.0000000000007 |
| iv_506 | 7.286056778695804 × 10^297 | 3977 | 82 | ½^160.00000000000074 |
| iv_508 | 1.5712518927973728 × 10^298 | 4154 | 86 | ½^160.00000000000082 |
| iv_511 | 1.8295676776433452 × 10^295 | 4212 | 80 | ½^160.00000000000085 |
| iv_510 | 2.2963189081841348 × 10^298 | 4265 | 74 | ½^160.0000000000009 |

## Input Bit/Output Bit Collision Probabilities

| Input Bit | Output Bit | Collision Probability |
|:---------:|:----------:|:---------------------:|
| iv_510 | ov_059 | 0.5000000000000038 |
| iv_504 | ov_020 | 0.5000000000000022 |
| iv_504 | ov_116 | 0.5000000000000022 |
| iv_505 | ov_012 | 0.5000000000000022 |
| iv_505 | ov_137 | 0.5000000000000022 |
| iv_503 | ov_152 | 0.500000000000002 |
| iv_504 | ov_026 | 0.500000000000002 |
| iv_504 | ov_094 | 0.500000000000002 |
| iv_504 | aaa_76_27 | 0.500000000000002 |

## Input Bit Co-occurrences

### Input Bit Co-occurrences Sorted by Co-occurrences

| Input Bits | Co-occurrences | Potential Occurrences | Output Co-occurrences | Potential Output Occurrences |
|:----------:|:--------------:|:---------------------:|:---------------------:|:----------------------------:|
| iv_507-iv_510 | 2098 | 4460 | 36 | 82 |
| iv_507-iv_508 | 2068 | 4409 | 45 | 76 |
| iv_507-iv_511 | 2068 | 4467 | 40 | 80 |
| iv_510-iv_511 | 2059 | 4359 | 39 | 76 |
| iv_508-iv_511 | 2049 | 4268 | 43 | 80 |
| iv_508-iv_510 | 2036 | 4347 | 36 | 88 |
| iv_503-iv_507 | 2027 | 4516 | 33 | 92 |
| iv_503-iv_508 | 2012 | 4309 | 42 | 80 |
| iv_503-iv_511 | 2008 | 4375 | 37 | 84 |

### Input Bit Co-occurrences Sorted by Potential Occurrences

| Input Bits | Co-occurrences | Potential Occurrences | Output Co-occurrences | Potential Output Occurrences |
|:----------:|:--------------:|:---------------------:|:---------------------:|:----------------------------:|
| iv_504-iv_508 | 1973 | 4156 | 43 | 78 |
| iv_504-iv_506 | 1863 | 4199 | 42 | 76 |
| iv_502-iv_505 | 1820 | 4216 | 36 | 89 |
| iv_504-iv_505 | 1830 | 4226 | 41 | 75 |
| iv_506-iv_508 | 1948 | 4235 | 48 | 72 |
| iv_502-iv_508 | 1914 | 4244 | 41 | 86 |
| iv_505-iv_510 | 1975 | 4253 | 40 | 73 |
| iv_502-iv_504 | 1801 | 4264 | 42 | 76 |
| iv_508-iv_511 | 2049 | 4268 | 43 | 80 |

### Input Bit Output Co-occurrences Sorted by Output Co-occurrences

| Input Bits | Co-occurrences | Potential Occurrences | Output Co-occurrences | Potential Output Occurrences |
|:----------:|:--------------:|:---------------------:|:---------------------:|:----------------------------:|
| iv_506-iv_508 | 1948 | 4235 | 48 | 72 |
| iv_507-iv_508 | 2068 | 4409 | 45 | 76 |
| iv_502-iv_511 | 1902 | 4326 | 45 | 72 |
| iv_505-iv_508 | 1902 | 4288 | 44 | 77 |
| iv_502-iv_506 | 1811 | 4273 | 44 | 76 |
| iv_504-iv_508 | 1973 | 4156 | 43 | 78 |
| iv_508-iv_511 | 2049 | 4268 | 43 | 80 |
| iv_502-iv_504 | 1801 | 4264 | 42 | 76 |
| iv_503-iv_505 | 1914 | 4289 | 42 | 73 |

### Input Bit Output Co-occurrences Sorted by Potential Output Occurrences

| Input Bits | Co-occurrences | Potential Occurrences | Output Co-occurrences | Potential Output Occurrences |
|:----------:|:--------------:|:---------------------:|:---------------------:|:----------------------------:|
| iv_502-iv_511 | 1902 | 4326 | 45 | 72 |
| iv_506-iv_508 | 1948 | 4235 | 48 | 72 |
| iv_503-iv_505 | 1914 | 4289 | 42 | 73 |
| iv_505-iv_510 | 1975 | 4253 | 40 | 73 |
| iv_504-iv_505 | 1830 | 4226 | 41 | 75 |
| iv_502-iv_504 | 1801 | 4264 | 42 | 76 |
| iv_507-iv_508 | 2068 | 4409 | 45 | 76 |
| iv_502-iv_506 | 1811 | 4273 | 44 | 76 |
| iv_502-iv_510 | 1896 | 4391 | 40 | 76 |

## Output Bits

### Output Bits in Regular Order

| Rank | Output Bit | Complexity |
|:----:|:----------:|:----------:|
| 1 | ov_001 | 1.3019905238244838 × 10^298 |
| 2 | ov_002 | 1.1319875332858371 × 10^298 |
| 3 | ov_003 | 9.784603791156269 × 10^297 |
| 4 | ov_004 | 8.407253389321824 × 10^297 |
| 5 | ov_005 | 7.181359646698186 × 10^297 |
| 6 | ov_006 | 6.09500727398846 × 10^297 |
| 7 | ov_007 | 5.136905127577672 × 10^297 |
| 8 | ov_008 | 4.2963483426111885 × 10^297 |
| 9 | ov_009 | 3.563185730331405 × 10^297 |
| 10 | ov_010 | 2.9277919187351796 × 10^297 |
| 11 | ov_011 | 2.3810438640832597 × 10^297 |
| 12 | ov_012 | 1.9143014215894492 × 10^297 |
| 13 | ov_013 | 1.5193916504312287 × 10^297 |
| 14 | ov_014 | 1.1885964545027082 × 10^297 |
| 15 | ov_015 | 9.14643092873412 × 10^296 |
| 16 | ov_016 | 6.906970951666448 × 10^296 |
| 17 | ov_017 | 5.1035715153097655 × 10^296 |
| 18 | ov_018 | 3.6765158122757206 × 10^296 |
| 19 | ov_019 | 2.5703601813899894 × 10^296 |
| 20 | ov_020 | 1.7339198575008284 × 10^296 |
| 21 | ov_021 | 1.1202606837480042 × 10^296 |
| 22 | ov_022 | 6.866943152701504 × 10^295 |
| 23 | ov_023 | 3.9477521913893676 × 10^295 |
| 24 | ov_024 | 2.1029866110470344 × 10^295 |
| 25 | ov_025 | 1.032993890198328 × 10^295 |
| 26 | ov_026 | 4.8050843387380293 × 10^294 |
| 27 | ov_027 | 2.306473399860877 × 10^294 |
| 28 | ov_028 | 1.1090843674574915 × 10^294 |
| 29 | ov_029 | 4.56356786985967 × 10^293 |
| 30 | ov_030 | 1.5078567947691068 × 10^293 |
| 31 | ov_031 | 3.6457869097372914 × 10^292 |
| 32 | lv_80_m31 | 8.812327839983109 × 10^291 |
| 33 | ov_033 | 1.0506182819342963 × 10^293 |
| 34 | ov_034 | 9.066826315907059 × 10^292 |
| 35 | ov_035 | 7.786367954304639 × 10^292 |
| 36 | ov_036 | 6.651426409767388 × 10^292 |
| 37 | ov_037 | 5.649337852267598 × 10^292 |
| 38 | ov_038 | 4.768105068186314 × 10^292 |
| 39 | ov_039 | 3.9963535842837506 × 10^292 |
| 40 | ov_040 | 3.323294109225032 × 10^292 |
| 41 | ov_041 | 2.738690649722089 × 10^292 |
| 42 | ov_042 | 2.2328336979833514 × 10^292 |
| 43 | ov_043 | 1.7965179248762345 × 10^292 |
| 44 | ov_044 | 1.4210238492462184 × 10^292 |
| 45 | ov_045 | 1.1021111336875357 × 10^292 |
| 46 | ov_046 | 8.357716329388867 × 10^291 |
| 47 | ov_047 | 6.182241781656609 × 10^291 |
| 48 | ov_048 | 4.4591055302274585 × 10^291 |
| 49 | ov_049 | 3.1237191355485255 × 10^291 |
| 50 | ov_050 | 2.1158334153669377 × 10^291 |
| 51 | ov_051 | 1.3795129151593137 × 10^291 |
| 52 | ov_052 | 8.631194081489289 × 10^290 |
| 53 | ov_053 | 5.193019368179401 × 10^290 |
| 54 | ov_054 | 3.0499119744407267 × 10^290 |
| 55 | ov_055 | 1.8139644114239447 × 10^290 |
| 56 | ov_056 | 1.1400365047318922 × 10^290 |
| 57 | ov_057 | 7.257439494086997 × 10^289 |
| 58 | ov_058 | 4.3058245697954017 × 10^289 |
| 59 | ov_059 | 2.3318004425374285 × 10^289 |
| 60 | ov_060 | 1.1216524096630833 × 10^289 |
| 61 | ov_061 | 4.616674215135517 × 10^288 |
| 62 | ov_062 | 1.5257270616728876 × 10^288 |
| 63 | ov_063 | 3.689666825316772 × 10^287 |
| 64 | lv_79_m31 | 8.919619568733765 × 10^286 |
| 65 | ov_065 | 1.0510916718980645 × 10^288 |
| 66 | ov_066 | 1.0510891079900028 × 10^288 |
| 67 | ov_067 | 1.0510882770154116 × 10^288 |
| 68 | ov_068 | 9.066897873268976 × 10^287 |
| 69 | ov_069 | 7.77475867473057 × 10^287 |
| 70 | ov_070 | 6.627831407760403 × 10^287 |
| 71 | ov_071 | 5.6140504561854555 × 10^287 |
| 72 | ov_072 | 4.7220884982232224 × 10^287 |
| 73 | ov_073 | 3.941307590034946 × 10^287 |
| 74 | ov_074 | 3.261714726386733 × 10^287 |
| 75 | ov_075 | 2.6739216413070086 × 10^287 |
| 76 | ov_076 | 2.1691086190524247 × 10^287 |
| 77 | ov_077 | 1.7389920916206733 × 10^287 |
| 78 | ov_078 | 1.375795803688182 × 10^287 |
| 79 | ov_079 | 1.0722253293992315 × 10^287 |
| 80 | ov_080 | 8.21445728071963 × 10^286 |
| 81 | ov_081 | 6.17062127782879 × 10^286 |
| 82 | ov_082 | 4.531030270972642 × 10^286 |
| 83 | ov_083 | 3.2400610606645064 × 10^286 |
| 84 | ov_084 | 2.2460633813772265 × 10^286 |
| 85 | ov_085 | 1.5012619492713038 × 10^286 |
| 86 | ov_086 | 9.616773597769202 × 10^285 |
| 87 | ov_087 | 5.870637572634936 × 10^285 |
| 88 | ov_088 | 3.408611996567088 × 10^285 |
| 89 | ov_089 | 1.9016064125413914 × 10^285 |
| 90 | ov_090 | 1.0567945722340368 × 10^285 |
| 91 | ov_091 | 6.174543339884957 × 10^284 |
| 92 | ov_092 | 3.628716257751879 × 10^284 |
| 93 | ov_093 | 1.916827905237582 × 10^284 |
| 94 | ov_094 | 8.592497112041233 × 10^283 |
| 95 | aaa_78_28 | 2.763751262472949 × 10^283 |
| 96 | aaa_78_29 | 1.0472512456357767 × 10^283 |
| 97 | ov_097 | 1.1410249959805518 × 10^283 |
| 98 | ov_098 | 1.1409908714797179 × 10^283 |
| 99 | ov_099 | 1.14097998179495 × 10^283 |
| 100 | ov_100 | 1.0270119496188515 × 10^283 |
| 101 | ov_101 | 9.214120013846379 × 10^282 |
| 102 | ov_102 | 8.237249509433725 × 10^282 |
| 103 | ov_103 | 7.335290633037163 × 10^282 |
| 104 | ov_104 | 6.504316040862461 × 10^282 |
| 105 | ov_105 | 5.740648006553162 × 10^282 |
| 106 | ov_106 | 5.040821930255786 × 10^282 |
| 107 | ov_107 | 4.401553535291011 × 10^282 |
| 108 | ov_108 | 3.819709549617324 × 10^282 |
| 109 | ov_109 | 3.292281675233428 × 10^282 |
| 110 | ov_110 | 2.816363653429357 × 10^282 |
| 111 | ov_111 | 2.38913123751186 × 10^282 |
| 112 | ov_112 | 2.007824887442496 × 10^282 |
| 113 | ov_113 | 1.669735002897609 × 10^282 |
| 114 | ov_114 | 1.37218951273377 × 10^282 |
| 115 | ov_115 | 1.1125436398433311 × 10^282 |
| 116 | ov_116 | 8.881716610271585 × 10^281 |
| 117 | ov_117 | 6.96460481893616 × 10^281 |
| 118 | ov_118 | 5.348048470072798 × 10^281 |
| 119 | ov_119 | 4.0060400563022 × 10^281 |
| 120 | ov_120 | 2.9125965345930384 × 10^281 |
| 121 | ov_121 | 2.0417486740679893 × 10^281 |
| 122 | ov_122 | 1.3675358859955628 × 10^281 |
| 123 | ov_123 | 8.640029854745005 × 10^280 |
| 124 | ov_124 | 5.051978362030766 × 10^280 |
| 125 | ov_125 | 2.6516980606724654 × 10^280 |
| 126 | ov_126 | 1.1796887953879862 × 10^280 |
| 127 | aaa_77_28 | 3.764523796014407 × 10^279 |
| 128 | aaa_77_29 | 1.409922409430769 × 10^279 |
| 129 | ov_129 | 1.2846605620537213 × 10^279 |
| 130 | ov_130 | 1.2846575034947056 × 10^279 |
| 131 | ov_131 | 1.2846565216604476 × 10^279 |
| 132 | ov_132 | 1.1095678162636138 × 10^279 |
| 133 | ov_133 | 9.530970538955762 × 10^278 |
| 134 | ov_134 | 8.138122955213746 × 10^278 |
| 135 | ov_135 | 6.903609825665615 × 10^278 |
| 136 | ov_136 | 5.8146413487848555 × 10^278 |
| 137 | ov_137 | 4.859113006465298 × 10^278 |
| 138 | ov_138 | 4.025562032915666 × 10^278 |
| 139 | ov_139 | 3.3031302013119515 × 10^278 |
| 140 | ov_140 | 2.6815322673644933 × 10^278 |
| 141 | ov_141 | 2.1510294449888156 × 10^278 |
| 142 | ov_142 | 1.7024073245044508 × 10^278 |
| 143 | ov_143 | 1.326957678416286 × 10^278 |
| 144 | ov_144 | 1.0164636623405627 × 10^278 |
| 145 | ov_145 | 7.631880091508588 × 10^277 |
| 146 | ov_146 | 5.598638480699987 × 10^277 |
| 147 | ov_147 | 3.996877572983528 × 10^277 |
| 148 | ov_148 | 2.7631466387153403 × 10^277 |
| 149 | ov_149 | 1.8385423781617332 × 10^277 |
| 150 | ov_150 | 1.168684610184423 × 10^277 |
| 151 | ov_151 | 7.037008454754041 × 10^276 |
| 152 | ov_152 | 3.9821721492022504 × 10^276 |
| 153 | ov_153 | 2.1135355675052104 × 10^276 |
| 154 | ov_154 | 1.0672087401368441 × 10^276 |
| 155 | ov_155 | 5.241995900749585 × 10^275 |
| 156 | aaa_76_25 | 2.104064285488272 × 10^275 |
| 157 | aaa_76_26 | 1.2946137402823125 × 10^275 |
| 158 | aaa_76_27 | 7.095787383906404 × 10^274 |
| 159 | aaa_76_28 | 3.3424540975678285 × 10^274 |
| 160 | aaa_76_29 | 1.2579389872926196 × 10^274 |

### Output Bits Sorted by Complexity

| Rank | Output Bit | Complexity |
|:----:|:----------:|:----------:|
| 160 | aaa_76_29 | 1.2579389872926196 × 10^274 |
| 159 | aaa_76_28 | 3.3424540975678285 × 10^274 |
| 158 | aaa_76_27 | 7.095787383906404 × 10^274 |
| 157 | aaa_76_26 | 1.2946137402823125 × 10^275 |
| 156 | aaa_76_25 | 2.104064285488272 × 10^275 |
| 155 | ov_155 | 5.241995900749585 × 10^275 |
| 154 | ov_154 | 1.0672087401368441 × 10^276 |
| 153 | ov_153 | 2.1135355675052104 × 10^276 |
| 152 | ov_152 | 3.9821721492022504 × 10^276 |
| 151 | ov_151 | 7.037008454754041 × 10^276 |
| 150 | ov_150 | 1.168684610184423 × 10^277 |
| 149 | ov_149 | 1.8385423781617332 × 10^277 |
| 148 | ov_148 | 2.7631466387153403 × 10^277 |
| 147 | ov_147 | 3.996877572983528 × 10^277 |
| 146 | ov_146 | 5.598638480699987 × 10^277 |
| 145 | ov_145 | 7.631880091508588 × 10^277 |
| 144 | ov_144 | 1.0164636623405627 × 10^278 |
| 143 | ov_143 | 1.326957678416286 × 10^278 |
| 142 | ov_142 | 1.7024073245044508 × 10^278 |
| 141 | ov_141 | 2.1510294449888156 × 10^278 |
| 140 | ov_140 | 2.6815322673644933 × 10^278 |
| 139 | ov_139 | 3.3031302013119515 × 10^278 |
| 138 | ov_138 | 4.025562032915666 × 10^278 |
| 137 | ov_137 | 4.859113006465298 × 10^278 |
| 136 | ov_136 | 5.8146413487848555 × 10^278 |
| 135 | ov_135 | 6.903609825665615 × 10^278 |
| 134 | ov_134 | 8.138122955213746 × 10^278 |
| 133 | ov_133 | 9.530970538955762 × 10^278 |
| 132 | ov_132 | 1.1095678162636138 × 10^279 |
| 131 | ov_131 | 1.2846565216604476 × 10^279 |
| 130 | ov_130 | 1.2846575034947056 × 10^279 |
| 129 | ov_129 | 1.2846605620537213 × 10^279 |
| 128 | aaa_77_29 | 1.409922409430769 × 10^279 |
| 127 | aaa_77_28 | 3.764523796014407 × 10^279 |
| 126 | ov_126 | 1.1796887953879862 × 10^280 |
| 125 | ov_125 | 2.6516980606724654 × 10^280 |
| 124 | ov_124 | 5.051978362030766 × 10^280 |
| 123 | ov_123 | 8.640029854745005 × 10^280 |
| 122 | ov_122 | 1.3675358859955628 × 10^281 |
| 121 | ov_121 | 2.0417486740679893 × 10^281 |
| 120 | ov_120 | 2.9125965345930384 × 10^281 |
| 119 | ov_119 | 4.0060400563022 × 10^281 |
| 118 | ov_118 | 5.348048470072798 × 10^281 |
| 117 | ov_117 | 6.96460481893616 × 10^281 |
| 116 | ov_116 | 8.881716610271585 × 10^281 |
| 115 | ov_115 | 1.1125436398433311 × 10^282 |
| 114 | ov_114 | 1.37218951273377 × 10^282 |
| 113 | ov_113 | 1.669735002897609 × 10^282 |
| 112 | ov_112 | 2.007824887442496 × 10^282 |
| 111 | ov_111 | 2.38913123751186 × 10^282 |
| 110 | ov_110 | 2.816363653429357 × 10^282 |
| 109 | ov_109 | 3.292281675233428 × 10^282 |
| 108 | ov_108 | 3.819709549617324 × 10^282 |
| 107 | ov_107 | 4.401553535291011 × 10^282 |
| 106 | ov_106 | 5.040821930255786 × 10^282 |
| 105 | ov_105 | 5.740648006553162 × 10^282 |
| 104 | ov_104 | 6.504316040862461 × 10^282 |
| 103 | ov_103 | 7.335290633037163 × 10^282 |
| 102 | ov_102 | 8.237249509433725 × 10^282 |
| 101 | ov_101 | 9.214120013846379 × 10^282 |
| 100 | ov_100 | 1.0270119496188515 × 10^283 |
| 96 | aaa_78_29 | 1.0472512456357767 × 10^283 |
| 99 | ov_099 | 1.14097998179495 × 10^283 |
| 98 | ov_098 | 1.1409908714797179 × 10^283 |
| 97 | ov_097 | 1.1410249959805518 × 10^283 |
| 95 | aaa_78_28 | 2.763751262472949 × 10^283 |
| 94 | ov_094 | 8.592497112041233 × 10^283 |
| 93 | ov_093 | 1.916827905237582 × 10^284 |
| 92 | ov_092 | 3.628716257751879 × 10^284 |
| 91 | ov_091 | 6.174543339884957 × 10^284 |
| 90 | ov_090 | 1.0567945722340368 × 10^285 |
| 89 | ov_089 | 1.9016064125413914 × 10^285 |
| 88 | ov_088 | 3.408611996567088 × 10^285 |
| 87 | ov_087 | 5.870637572634936 × 10^285 |
| 86 | ov_086 | 9.616773597769202 × 10^285 |
| 85 | ov_085 | 1.5012619492713038 × 10^286 |
| 84 | ov_084 | 2.2460633813772265 × 10^286 |
| 83 | ov_083 | 3.2400610606645064 × 10^286 |
| 82 | ov_082 | 4.531030270972642 × 10^286 |
| 81 | ov_081 | 6.17062127782879 × 10^286 |
| 80 | ov_080 | 8.21445728071963 × 10^286 |
| 64 | lv_79_m31 | 8.919619568733765 × 10^286 |
| 79 | ov_079 | 1.0722253293992315 × 10^287 |
| 78 | ov_078 | 1.375795803688182 × 10^287 |
| 77 | ov_077 | 1.7389920916206733 × 10^287 |
| 76 | ov_076 | 2.1691086190524247 × 10^287 |
| 75 | ov_075 | 2.6739216413070086 × 10^287 |
| 74 | ov_074 | 3.261714726386733 × 10^287 |
| 63 | ov_063 | 3.689666825316772 × 10^287 |
| 73 | ov_073 | 3.941307590034946 × 10^287 |
| 72 | ov_072 | 4.7220884982232224 × 10^287 |
| 71 | ov_071 | 5.6140504561854555 × 10^287 |
| 70 | ov_070 | 6.627831407760403 × 10^287 |
| 69 | ov_069 | 7.77475867473057 × 10^287 |
| 68 | ov_068 | 9.066897873268976 × 10^287 |
| 67 | ov_067 | 1.0510882770154116 × 10^288 |
| 66 | ov_066 | 1.0510891079900028 × 10^288 |
| 65 | ov_065 | 1.0510916718980645 × 10^288 |
| 62 | ov_062 | 1.5257270616728876 × 10^288 |
| 61 | ov_061 | 4.616674215135517 × 10^288 |
| 60 | ov_060 | 1.1216524096630833 × 10^289 |
| 59 | ov_059 | 2.3318004425374285 × 10^289 |
| 58 | ov_058 | 4.3058245697954017 × 10^289 |
| 57 | ov_057 | 7.257439494086997 × 10^289 |
| 56 | ov_056 | 1.1400365047318922 × 10^290 |
| 55 | ov_055 | 1.8139644114239447 × 10^290 |
| 54 | ov_054 | 3.0499119744407267 × 10^290 |
| 53 | ov_053 | 5.193019368179401 × 10^290 |
| 52 | ov_052 | 8.631194081489289 × 10^290 |
| 51 | ov_051 | 1.3795129151593137 × 10^291 |
| 50 | ov_050 | 2.1158334153669377 × 10^291 |
| 49 | ov_049 | 3.1237191355485255 × 10^291 |
| 48 | ov_048 | 4.4591055302274585 × 10^291 |
| 47 | ov_047 | 6.182241781656609 × 10^291 |
| 46 | ov_046 | 8.357716329388867 × 10^291 |
| 32 | lv_80_m31 | 8.812327839983109 × 10^291 |
| 45 | ov_045 | 1.1021111336875357 × 10^292 |
| 44 | ov_044 | 1.4210238492462184 × 10^292 |
| 43 | ov_043 | 1.7965179248762345 × 10^292 |
| 42 | ov_042 | 2.2328336979833514 × 10^292 |
| 41 | ov_041 | 2.738690649722089 × 10^292 |
| 40 | ov_040 | 3.323294109225032 × 10^292 |
| 31 | ov_031 | 3.6457869097372914 × 10^292 |
| 39 | ov_039 | 3.9963535842837506 × 10^292 |
| 38 | ov_038 | 4.768105068186314 × 10^292 |
| 37 | ov_037 | 5.649337852267598 × 10^292 |
| 36 | ov_036 | 6.651426409767388 × 10^292 |
| 35 | ov_035 | 7.786367954304639 × 10^292 |
| 34 | ov_034 | 9.066826315907059 × 10^292 |
| 33 | ov_033 | 1.0506182819342963 × 10^293 |
| 30 | ov_030 | 1.5078567947691068 × 10^293 |
| 29 | ov_029 | 4.56356786985967 × 10^293 |
| 28 | ov_028 | 1.1090843674574915 × 10^294 |
| 27 | ov_027 | 2.306473399860877 × 10^294 |
| 26 | ov_026 | 4.8050843387380293 × 10^294 |
| 25 | ov_025 | 1.032993890198328 × 10^295 |
| 24 | ov_024 | 2.1029866110470344 × 10^295 |
| 23 | ov_023 | 3.9477521913893676 × 10^295 |
| 22 | ov_022 | 6.866943152701504 × 10^295 |
| 21 | ov_021 | 1.1202606837480042 × 10^296 |
| 20 | ov_020 | 1.7339198575008284 × 10^296 |
| 19 | ov_019 | 2.5703601813899894 × 10^296 |
| 18 | ov_018 | 3.6765158122757206 × 10^296 |
| 17 | ov_017 | 5.1035715153097655 × 10^296 |
| 16 | ov_016 | 6.906970951666448 × 10^296 |
| 15 | ov_015 | 9.14643092873412 × 10^296 |
| 14 | ov_014 | 1.1885964545027082 × 10^297 |
| 13 | ov_013 | 1.5193916504312287 × 10^297 |
| 12 | ov_012 | 1.9143014215894492 × 10^297 |
| 11 | ov_011 | 2.3810438640832597 × 10^297 |
| 10 | ov_010 | 2.9277919187351796 × 10^297 |
| 9 | ov_009 | 3.563185730331405 × 10^297 |
| 8 | ov_008 | 4.2963483426111885 × 10^297 |
| 7 | ov_007 | 5.136905127577672 × 10^297 |
| 6 | ov_006 | 6.09500727398846 × 10^297 |
| 5 | ov_005 | 7.181359646698186 × 10^297 |
| 4 | ov_004 | 8.407253389321824 × 10^297 |
| 3 | ov_003 | 9.784603791156269 × 10^297 |
| 2 | ov_002 | 1.1319875332858371 × 10^298 |
| 1 | ov_001 | 1.3019905238244838 × 10^298 |

