# Results for F001-F002-F003-F004-F005-F006-F007-F008-F009-F010-F011-F012-F013-F014-F015-F016-F017-F018-F019-F020-F021-F022-F023-F024-F025-F026-F027-F028-F029-F030-F031-F032-F033-F034-F035-F036-F037-F038-F039-F040-F041-F042-F043-F044-F045-F046-F047-F048-F049-F050-F051-F052-F053-F054-F055-F056-F057-F058-F059-F060-F061-F062-F063-F064-F065-F066-F067-F068-F069-F070-F071-F072-F073-F074-F075-F076-F077-F078-F079-F080-F081-F082-F083-F084-F085-F086-F087-F088-F089-F090-F091-F092-F093-F094-F095-F096-F097-F098-F099-F100-F101-F102-F103-F104-F105-F106-F107-F108-F109-F110-F111-F112-F113-F114-F115-F116-F117-F118-F119-F120-F121-F122-F123-F124-F125-F126-F127-F128-F129-F130-F131-F132-F133-F134-F135-F136-F137-F138-F139-F140-F141-F142-F143-F144-F145-F146-F147-F148-F149-F150-F151-F152-F153-F154-F155-F156-F157-F158-F159-F160-F161-F162-F163-F164-F165-F166-F167-F168-F169-F170-F171-F172-F173-F174-F175-F176-F177-F178-F179-F180-F181-F182-F183-F184-F185-F186-F187-F188-F189-F190-F191-F192-F193-F194-F195-F196-F197-F198-F199-F200-F201-F202-F203-F204-F205-F206-F207-F208-F209-F210-F211-F212-F213-F214-F215-F216-F217-F218-F219-F220-F221-F222-F223-F224-F225-F226-F227-F228-F229-F230-F231-F232-F233-F234-F235-F236-F237-F238-F239-F240-F241-F242-F243-F244-F245-F246-F247-F248-F249-F250-F251-F252-F253-F254-F255-F256-F257-F258-F259-F260-F261-F262-F263-F264-F265-F266-F267-F268-F269-F270-F271-F272-F273-F274-F275-F276-F277-F278-F279-F280-F281-F282-F283-F284-F285-F286-F287-F288-F289-F290-F291-F292-F293-F294-F295-F296-F297-F298-F299-F300-F301-F302-F303-F304-F305-F306-F307-F308-F309-F310-F311-F312-F313-F314-F315-F316-F317-F318-F319-F320-F321-F322-F323-F324-F325-F326-F327-F328-F329-F330-F331-F332-F333-F334-F335-F336-F337-F338-F339-F340-F341-F342-F343-F344-F345-F346-F347-F348-F349-F350-F351-F352-F353-F354-F355-F356-F357-F358-F359-F360-F361-F362-F363-F364-F365-F366-F367-F368-F369-F370-F371-F372-F373-F374-F375-F376-F377-F378-F379-F380-F381-F382-F383-F384-F385-F386-F387-F388-F389-F390-F391-F392-F393-F394-F395-F396-F397-F398-F399-F400-F401-F402-F403-F404-F405-F406-F407-F408-F409-F410-F411-F412-F413-F414-F415-F416-F417-F418-F419-F420-F421-F422-F423-F424-F425-F426-F427-F428-F429-F430-F431-F432-F433-F434-F435-F436-F437-F438-F439-F440-F441-F442-F443-F444-F445-F446-F447-F448-F449-F450-F451-F452-F453-F454-F455-F456-F457-F458-F459-F460-F461-F462-F463-F464-F465-F466-F467-F468-F469-F470-F471-F472-F473-F474-F475-F476-F477-F478-F479-F480-F481-F482-F483-F484-F485-F486-F487-F488-F489-F490-F491-F492-F493-F494-F495-F496-T504-F507-F508-F509-F510-F511-F512

## Summary

Number of input bits: 512  
Number of free input bits: 9  
Number of output bits: 160

Number of direct occurrences: 36229  
Number of assignments: 30697  
Number of operations: 11097027
(xor: 11068717,
and: 15211,
or: 13099)

Total complexity: 9.484346185667964 × 10^299

Least occurring input variable: iv_499 (3900)  
Most occurring input variable: iv_503 (4167)

Most co-occurring input variables: iv_500-iv_503 (1982)  
Least co-occurring input variables: iv_499-iv_506 (1795)

Potentially most occurring input variable: iv_503/iv_506 (4406)  
Potentially least occurring input variable: iv_499/iv_500 (4154)

Least output occurring input variable: iv_503 (71)  
Most output occurring input variable: iv_501 (89)

Most output co-occurring input variables: iv_501-iv_502 (50)  
Least output co-occurring input variables: iv_498-iv_503 (31)

Potentially most output occurring input variable: iv_500/iv_506 (92)  
Potentially least output occurring input variable: iv_498/iv_499 (67)

Least complex input bit: iv_497 (1.0043666177468505 × 10^298)  
Most complex input bit: iv_505 (3.0167560725354904 × 10^299)

Least complex output bit: aaa_76_29 (6.508101199640399 × 10^274)  
Most complex output bit: ov_001 (1.5434673450638385 × 10^299)

Least complex input/output complexity: iv_497/aaa_76_29 (6.891903207534277 × 10^272)  
Most complex input/output complexity: iv_505/ov_001 (4.909420633567515 × 10^298)

## Input Bits

### Input Bits in Regular Order

| Input Bit | Complexity | Occurrences | Output Occurrences |
|:---------:|:----------:|:-----------:|:------------------:|
| iv_497 | 1.0043666177468505 × 10^298 | 3929 | 72 |
| iv_498 | 1.9639679106232215 × 10^298 | 3961 | 81 |
| iv_499 | 3.4344459078133566 × 10^298 | 3900 | 76 |
| iv_500 | 5.731269557663461 × 10^298 | 4038 | 76 |
| iv_501 | 9.413106793179903 × 10^298 | 4097 | 89 |
| iv_502 | 1.5147399765358665 × 10^299 | 3996 | 83 |
| iv_503 | 2.4067785148064124 × 10^299 | 4167 | 71 |
| iv_505 | 3.0167560725354904 × 10^299 | 4052 | 73 |
| iv_506 | 3.9135594308751556 × 10^298 | 4089 | 80 |

### Input Bits Sorted by Complexity

| Input Bit | Complexity | Occurrences | Output Occurrences |
|:---------:|:----------:|:-----------:|:------------------:|
| iv_497 | 1.0043666177468505 × 10^298 | 3929 | 72 |
| iv_498 | 1.9639679106232215 × 10^298 | 3961 | 81 |
| iv_499 | 3.4344459078133566 × 10^298 | 3900 | 76 |
| iv_506 | 3.9135594308751556 × 10^298 | 4089 | 80 |
| iv_500 | 5.731269557663461 × 10^298 | 4038 | 76 |
| iv_501 | 9.413106793179903 × 10^298 | 4097 | 89 |
| iv_502 | 1.5147399765358665 × 10^299 | 3996 | 83 |
| iv_503 | 2.4067785148064124 × 10^299 | 4167 | 71 |
| iv_505 | 3.0167560725354904 × 10^299 | 4052 | 73 |

### Input Bits Sorted by Occurrences

| Input Bit | Complexity | Occurrences | Output Occurrences |
|:---------:|:----------:|:-----------:|:------------------:|
| iv_499 | 3.4344459078133566 × 10^298 | 3900 | 76 |
| iv_497 | 1.0043666177468505 × 10^298 | 3929 | 72 |
| iv_498 | 1.9639679106232215 × 10^298 | 3961 | 81 |
| iv_502 | 1.5147399765358665 × 10^299 | 3996 | 83 |
| iv_500 | 5.731269557663461 × 10^298 | 4038 | 76 |
| iv_505 | 3.0167560725354904 × 10^299 | 4052 | 73 |
| iv_506 | 3.9135594308751556 × 10^298 | 4089 | 80 |
| iv_501 | 9.413106793179903 × 10^298 | 4097 | 89 |
| iv_503 | 2.4067785148064124 × 10^299 | 4167 | 71 |

### Input Bits Sorted by Output Occurrences

| Input Bit | Complexity | Occurrences | Output Occurrences |
|:---------:|:----------:|:-----------:|:------------------:|
| iv_503 | 2.4067785148064124 × 10^299 | 4167 | 71 |
| iv_497 | 1.0043666177468505 × 10^298 | 3929 | 72 |
| iv_505 | 3.0167560725354904 × 10^299 | 4052 | 73 |
| iv_499 | 3.4344459078133566 × 10^298 | 3900 | 76 |
| iv_500 | 5.731269557663461 × 10^298 | 4038 | 76 |
| iv_506 | 3.9135594308751556 × 10^298 | 4089 | 80 |
| iv_498 | 1.9639679106232215 × 10^298 | 3961 | 81 |
| iv_502 | 1.5147399765358665 × 10^299 | 3996 | 83 |
| iv_501 | 9.413106793179903 × 10^298 | 4097 | 89 |

## Input Bit Co-occurrences

### Input Bit Co-occurrences Sorted by Co-occurrences

| Input Bits | Co-occurrences | Potential Occurrences | Output Co-occurrences | Potential Output Occurrences |
|:----------:|:--------------:|:---------------------:|:---------------------:|:----------------------------:|
| iv_500-iv_503 | 1982 | 4241 | 32 | 83 |
| iv_502-iv_503 | 1965 | 4233 | 36 | 82 |
| iv_501-iv_503 | 1960 | 4344 | 36 | 88 |
| iv_500-iv_501 | 1929 | 4277 | 43 | 79 |
| iv_501-iv_505 | 1927 | 4295 | 47 | 68 |
| iv_500-iv_505 | 1926 | 4238 | 34 | 81 |
| iv_503-iv_505 | 1925 | 4369 | 35 | 74 |
| iv_503-iv_506 | 1925 | 4406 | 39 | 73 |
| iv_502-iv_506 | 1911 | 4263 | 43 | 77 |

### Input Bit Co-occurrences Sorted by Potential Occurrences

| Input Bits | Co-occurrences | Potential Occurrences | Output Co-occurrences | Potential Output Occurrences |
|:----------:|:--------------:|:---------------------:|:---------------------:|:----------------------------:|
| iv_499-iv_500 | 1892 | 4154 | 38 | 76 |
| iv_497-iv_502 | 1869 | 4187 | 37 | 81 |
| iv_498-iv_500 | 1903 | 4193 | 38 | 81 |
| iv_499-iv_502 | 1850 | 4196 | 38 | 83 |
| iv_499-iv_505 | 1871 | 4210 | 36 | 77 |
| iv_498-iv_505 | 1898 | 4217 | 42 | 70 |
| iv_497-iv_499 | 1805 | 4219 | 33 | 82 |
| iv_497-iv_505 | 1879 | 4223 | 33 | 79 |
| iv_502-iv_503 | 1965 | 4233 | 36 | 82 |

### Input Bit Output Co-occurrences Sorted by Output Co-occurrences

| Input Bits | Co-occurrences | Potential Occurrences | Output Co-occurrences | Potential Output Occurrences |
|:----------:|:--------------:|:---------------------:|:---------------------:|:----------------------------:|
| iv_501-iv_502 | 1898 | 4297 | 50 | 72 |
| iv_498-iv_502 | 1846 | 4265 | 48 | 68 |
| iv_498-iv_501 | 1886 | 4286 | 47 | 76 |
| iv_501-iv_506 | 1900 | 4386 | 47 | 75 |
| iv_501-iv_505 | 1927 | 4295 | 47 | 68 |
| iv_498-iv_499 | 1799 | 4263 | 45 | 67 |
| iv_499-iv_501 | 1838 | 4321 | 44 | 77 |
| iv_502-iv_506 | 1911 | 4263 | 43 | 77 |
| iv_500-iv_501 | 1929 | 4277 | 43 | 79 |

### Input Bit Output Co-occurrences Sorted by Potential Output Occurrences

| Input Bits | Co-occurrences | Potential Occurrences | Output Co-occurrences | Potential Output Occurrences |
|:----------:|:--------------:|:---------------------:|:---------------------:|:----------------------------:|
| iv_498-iv_499 | 1799 | 4263 | 45 | 67 |
| iv_498-iv_502 | 1846 | 4265 | 48 | 68 |
| iv_501-iv_505 | 1927 | 4295 | 47 | 68 |
| iv_498-iv_505 | 1898 | 4217 | 42 | 70 |
| iv_501-iv_502 | 1898 | 4297 | 50 | 72 |
| iv_503-iv_506 | 1925 | 4406 | 39 | 73 |
| iv_503-iv_505 | 1925 | 4369 | 35 | 74 |
| iv_501-iv_506 | 1900 | 4386 | 47 | 75 |
| iv_497-iv_503 | 1855 | 4386 | 34 | 75 |

## Output Bits

### Output Bits in Regular Order

| Rank | Output Bit | Complexity |
|:----:|:----------:|:----------:|
| 1 | ov_001 | 1.5434673450638385 × 10^299 |
| 2 | ov_002 | 1.3344142023435464 × 10^299 |
| 3 | ov_003 | 1.1475824307393563 × 10^299 |
| 4 | ov_004 | 9.812637332757509 × 10^298 |
| 5 | ov_005 | 8.338428790512375 × 10^298 |
| 6 | ov_006 | 7.037910013385891 × 10^298 |
| 7 | ov_007 | 5.896597887385271 × 10^298 |
| 8 | ov_008 | 4.900765130704604 × 10^298 |
| 9 | ov_009 | 4.037398240076839 × 10^298 |
| 10 | ov_010 | 3.294162276005464 × 10^298 |
| 11 | ov_011 | 2.659371648593869 × 10^298 |
| 12 | ov_012 | 2.1219661134243307 × 10^298 |
| 13 | ov_013 | 1.6714912338362661 × 10^298 |
| 14 | ov_014 | 1.2980826122101346 × 10^298 |
| 15 | ov_015 | 9.924532736958766 × 10^297 |
| 16 | ov_016 | 7.458837013546763 × 10^297 |
| 17 | ov_017 | 5.5021406682097006 × 10^297 |
| 18 | ov_018 | 3.978382020726511 × 10^297 |
| 19 | ov_019 | 2.8169894483343437 × 10^297 |
| 20 | ov_020 | 1.9528460366553275 × 10^297 |
| 21 | ov_021 | 1.326263405964798 × 10^297 |
| 22 | ov_022 | 8.829629142896304 × 10^296 |
| 23 | ov_023 | 5.740626617213187 × 10^296 |
| 24 | ov_024 | 3.560689431396658 × 10^296 |
| 25 | ov_025 | 2.0858112550363234 × 10^296 |
| 26 | ov_026 | 1.1388910262317956 × 10^296 |
| 27 | ov_027 | 5.697234385150036 × 10^295 |
| 28 | ov_028 | 2.5499498620303473 × 10^295 |
| 29 | ov_029 | 9.828261130109582 × 10^294 |
| 30 | ov_030 | 3.00533489183661 × 10^294 |
| 31 | ov_031 | 5.8637841760605486 × 10^293 |
| 32 | lv_80_m31 | 1.144006434252437 × 10^293 |
| 33 | ov_033 | 1.3637431384308091 × 10^294 |
| 34 | ov_034 | 1.1836959678828334 × 10^294 |
| 35 | ov_035 | 1.0221868998758983 × 10^294 |
| 36 | ov_036 | 8.774690542329288 × 10^293 |
| 37 | ov_037 | 7.486932103637611 × 10^293 |
| 38 | ov_038 | 6.342925669290678 × 10^293 |
| 39 | ov_039 | 5.327813903203735 × 10^293 |
| 40 | ov_040 | 4.434364262593605 × 10^293 |
| 41 | ov_041 | 3.655714222095521 × 10^293 |
| 42 | ov_042 | 2.9853525666662516 × 10^293 |
| 43 | ov_043 | 2.4171038153968105 × 10^293 |
| 44 | ov_044 | 1.9395753404003375 × 10^293 |
| 45 | ov_045 | 1.5419911821319123 × 10^293 |
| 46 | ov_046 | 1.214177140936176 × 10^293 |
| 47 | ov_047 | 9.465491126425564 × 10^292 |
| 48 | ov_048 | 7.301041125556274 × 10^292 |
| 49 | ov_049 | 5.564134738462207 × 10^292 |
| 50 | ov_050 | 4.1761774782852627 × 10^292 |
| 51 | ov_051 | 3.0992896947880257 × 10^292 |
| 52 | ov_052 | 2.2661569195352565 × 10^292 |
| 53 | ov_053 | 1.6150701745539733 × 10^292 |
| 54 | ov_054 | 1.116574222992716 × 10^292 |
| 55 | ov_055 | 7.440065359857691 × 10^291 |
| 56 | ov_056 | 4.7349351550151 × 10^291 |
| 57 | ov_057 | 2.839481724382296 × 10^291 |
| 58 | ov_058 | 1.570687986784121 × 10^291 |
| 59 | ov_059 | 7.733827439825938 × 10^290 |
| 60 | ov_060 | 3.2023752652917717 × 10^290 |
| 61 | ov_061 | 1.1176545275270513 × 10^290 |
| 62 | ov_062 | 3.063186717330385 × 10^289 |
| 63 | ov_063 | 5.964357959633963 × 10^288 |
| 64 | lv_79_m31 | 1.1610287560166474 × 10^288 |
| 65 | ov_065 | 1.3671860955231076 × 10^289 |
| 66 | ov_066 | 1.3671821227918925 × 10^289 |
| 67 | ov_067 | 1.3671811774442907 × 10^289 |
| 68 | ov_068 | 1.1787102372165015 × 10^289 |
| 69 | ov_069 | 1.010572678727518 × 10^289 |
| 70 | ov_070 | 8.612263197835195 × 10^288 |
| 71 | ov_071 | 7.292020263247462 × 10^288 |
| 72 | ov_072 | 6.130991506888873 × 10^288 |
| 73 | ov_073 | 5.115819139796403 × 10^288 |
| 74 | ov_074 | 4.23376582995418 × 10^288 |
| 75 | ov_075 | 3.4726929997244094 × 10^288 |
| 76 | ov_076 | 2.821044309163153 × 10^288 |
| 77 | ov_077 | 2.267833055896408 × 10^288 |
| 78 | ov_078 | 1.8026322933573432 × 10^288 |
| 79 | ov_079 | 1.415566658673834 × 10^288 |
| 80 | ov_080 | 1.0973053211027503 × 10^288 |
| 81 | ov_081 | 8.390558556695147 × 10^287 |
| 82 | ov_082 | 6.3255897535854065 × 10^287 |
| 83 | ov_083 | 4.700840555606134 × 10^287 |
| 84 | ov_084 | 3.444253847478865 × 10^287 |
| 85 | ov_085 | 2.4889907553599885 × 10^287 |
| 86 | ov_086 | 1.7734057042281983 × 10^287 |
| 87 | ov_087 | 1.2410267657900803 × 10^287 |
| 88 | ov_088 | 8.405406411907741 × 10^286 |
| 89 | ov_089 | 5.475787303918798 × 10^286 |
| 90 | ov_090 | 3.4034392612955 × 10^286 |
| 91 | ov_091 | 1.996075062053824 × 10^286 |
| 92 | ov_092 | 1.0870719652382981 × 10^286 |
| 93 | ov_093 | 5.354608288208502 × 10^285 |
| 94 | ov_094 | 2.2592076617491227 × 10^285 |
| 95 | aaa_78_28 | 6.877696611982794 × 10^284 |
| 96 | aaa_78_29 | 2.065272710925975 × 10^284 |
| 97 | ov_097 | 1.0659494858583105 × 10^284 |
| 98 | ov_098 | 1.0659387600184364 × 10^284 |
| 99 | ov_099 | 1.0659353399999416 × 10^284 |
| 100 | ov_100 | 8.800980723986112 × 10^283 |
| 101 | ov_101 | 7.20915966942414 × 10^283 |
| 102 | ov_102 | 5.857422656682679 × 10^283 |
| 103 | ov_103 | 4.720734247450931 × 10^283 |
| 104 | ov_104 | 3.775386645560718 × 10^283 |
| 105 | ov_105 | 2.998909388139429 × 10^283 |
| 106 | ov_106 | 2.3699918824088695 × 10^283 |
| 107 | ov_107 | 1.8684175100771364 × 10^283 |
| 108 | ov_108 | 1.4750080860262718 × 10^283 |
| 109 | ov_109 | 1.1715775213355859 × 10^283 |
| 110 | ov_110 | 9.408936029732294 × 10^282 |
| 111 | ov_111 | 7.66646864037061 × 10^282 |
| 112 | ov_112 | 6.334255794603754 × 10^282 |
| 113 | ov_113 | 5.266959827876933 × 10^282 |
| 114 | ov_114 | 4.327868600885481 × 10^282 |
| 115 | ov_115 | 3.508564138692766 × 10^282 |
| 116 | ov_116 | 2.80069582280302 × 10^282 |
| 117 | ov_117 | 2.1959637136768835 × 10^282 |
| 118 | ov_118 | 1.6861054557471873 × 10^282 |
| 119 | ov_119 | 1.2628857484320941 × 10^282 |
| 120 | ov_120 | 9.180880832316527 × 10^281 |
| 121 | ov_121 | 6.435084470725538 × 10^281 |
| 122 | ov_122 | 4.309506921212076 × 10^281 |
| 123 | ov_123 | 2.72223272295889 × 10^281 |
| 124 | ov_124 | 1.5913704671331765 × 10^281 |
| 125 | ov_125 | 8.350392241819604 × 10^280 |
| 126 | ov_126 | 3.7136164021982486 × 10^280 |
| 127 | aaa_77_28 | 1.1846129553171606 × 10^280 |
| 128 | aaa_77_29 | 4.434173539725446 × 10^279 |
| 129 | ov_129 | 4.0389920557036334 × 10^279 |
| 130 | ov_130 | 4.038979423347565 × 10^279 |
| 131 | ov_131 | 4.038976382444606 × 10^279 |
| 132 | ov_132 | 3.4851721558508836 × 10^279 |
| 133 | ov_133 | 2.990913551141135 × 10^279 |
| 134 | ov_134 | 2.5516525508078076 × 10^279 |
| 135 | ov_135 | 2.163072262442574 × 10^279 |
| 136 | ov_136 | 1.821070412940579 × 10^279 |
| 137 | ov_137 | 1.5217454855944824 × 10^279 |
| 138 | ov_138 | 1.2613852154094954 × 10^279 |
| 139 | ov_139 | 1.0364571719962084 × 10^279 |
| 140 | ov_140 | 8.436011731458846 × 10^278 |
| 141 | ov_141 | 6.796232857422271 × 10^278 |
| 142 | ov_142 | 5.4149118407474046 × 10^278 |
| 143 | ov_143 | 4.2633064893512204 × 10^278 |
| 144 | ov_144 | 3.31423004128596 × 10^278 |
| 145 | ov_145 | 2.542033002354338 × 10^278 |
| 146 | ov_146 | 1.922590686258425 × 10^278 |
| 147 | ov_147 | 1.4332949047321567 × 10^278 |
| 148 | ov_148 | 1.05304855831937 × 10^278 |
| 149 | ov_149 | 7.622620791267079 × 10^277 |
| 150 | ov_150 | 5.428508980500084 × 10^277 |
| 151 | ov_151 | 3.782335064008166 × 10^277 |
| 152 | ov_152 | 2.533299769093808 × 10^277 |
| 153 | ov_153 | 1.609755830899142 × 10^277 |
| 154 | ov_154 | 9.475562062127713 × 10^276 |
| 155 | ov_155 | 4.900510121835344 × 10^276 |
| 156 | aaa_76_25 | 1.880857404165523 × 10^276 |
| 157 | aaa_76_26 | 1.0837279402516046 × 10^276 |
| 158 | aaa_76_27 | 5.533293628692748 × 10^275 |
| 159 | aaa_76_28 | 2.1472716351920384 × 10^275 |
| 160 | aaa_76_29 | 6.508101199640399 × 10^274 |

### Output Bits Sorted by Complexity

| Rank | Output Bit | Complexity |
|:----:|:----------:|:----------:|
| 160 | aaa_76_29 | 6.508101199640399 × 10^274 |
| 159 | aaa_76_28 | 2.1472716351920384 × 10^275 |
| 158 | aaa_76_27 | 5.533293628692748 × 10^275 |
| 157 | aaa_76_26 | 1.0837279402516046 × 10^276 |
| 156 | aaa_76_25 | 1.880857404165523 × 10^276 |
| 155 | ov_155 | 4.900510121835344 × 10^276 |
| 154 | ov_154 | 9.475562062127713 × 10^276 |
| 153 | ov_153 | 1.609755830899142 × 10^277 |
| 152 | ov_152 | 2.533299769093808 × 10^277 |
| 151 | ov_151 | 3.782335064008166 × 10^277 |
| 150 | ov_150 | 5.428508980500084 × 10^277 |
| 149 | ov_149 | 7.622620791267079 × 10^277 |
| 148 | ov_148 | 1.05304855831937 × 10^278 |
| 147 | ov_147 | 1.4332949047321567 × 10^278 |
| 146 | ov_146 | 1.922590686258425 × 10^278 |
| 145 | ov_145 | 2.542033002354338 × 10^278 |
| 144 | ov_144 | 3.31423004128596 × 10^278 |
| 143 | ov_143 | 4.2633064893512204 × 10^278 |
| 142 | ov_142 | 5.4149118407474046 × 10^278 |
| 141 | ov_141 | 6.796232857422271 × 10^278 |
| 140 | ov_140 | 8.436011731458846 × 10^278 |
| 139 | ov_139 | 1.0364571719962084 × 10^279 |
| 138 | ov_138 | 1.2613852154094954 × 10^279 |
| 137 | ov_137 | 1.5217454855944824 × 10^279 |
| 136 | ov_136 | 1.821070412940579 × 10^279 |
| 135 | ov_135 | 2.163072262442574 × 10^279 |
| 134 | ov_134 | 2.5516525508078076 × 10^279 |
| 133 | ov_133 | 2.990913551141135 × 10^279 |
| 132 | ov_132 | 3.4851721558508836 × 10^279 |
| 131 | ov_131 | 4.038976382444606 × 10^279 |
| 130 | ov_130 | 4.038979423347565 × 10^279 |
| 129 | ov_129 | 4.0389920557036334 × 10^279 |
| 128 | aaa_77_29 | 4.434173539725446 × 10^279 |
| 127 | aaa_77_28 | 1.1846129553171606 × 10^280 |
| 126 | ov_126 | 3.7136164021982486 × 10^280 |
| 125 | ov_125 | 8.350392241819604 × 10^280 |
| 124 | ov_124 | 1.5913704671331765 × 10^281 |
| 123 | ov_123 | 2.72223272295889 × 10^281 |
| 122 | ov_122 | 4.309506921212076 × 10^281 |
| 121 | ov_121 | 6.435084470725538 × 10^281 |
| 120 | ov_120 | 9.180880832316527 × 10^281 |
| 119 | ov_119 | 1.2628857484320941 × 10^282 |
| 118 | ov_118 | 1.6861054557471873 × 10^282 |
| 117 | ov_117 | 2.1959637136768835 × 10^282 |
| 116 | ov_116 | 2.80069582280302 × 10^282 |
| 115 | ov_115 | 3.508564138692766 × 10^282 |
| 114 | ov_114 | 4.327868600885481 × 10^282 |
| 113 | ov_113 | 5.266959827876933 × 10^282 |
| 112 | ov_112 | 6.334255794603754 × 10^282 |
| 111 | ov_111 | 7.66646864037061 × 10^282 |
| 110 | ov_110 | 9.408936029732294 × 10^282 |
| 109 | ov_109 | 1.1715775213355859 × 10^283 |
| 108 | ov_108 | 1.4750080860262718 × 10^283 |
| 107 | ov_107 | 1.8684175100771364 × 10^283 |
| 106 | ov_106 | 2.3699918824088695 × 10^283 |
| 105 | ov_105 | 2.998909388139429 × 10^283 |
| 104 | ov_104 | 3.775386645560718 × 10^283 |
| 103 | ov_103 | 4.720734247450931 × 10^283 |
| 102 | ov_102 | 5.857422656682679 × 10^283 |
| 101 | ov_101 | 7.20915966942414 × 10^283 |
| 100 | ov_100 | 8.800980723986112 × 10^283 |
| 99 | ov_099 | 1.0659353399999416 × 10^284 |
| 98 | ov_098 | 1.0659387600184364 × 10^284 |
| 97 | ov_097 | 1.0659494858583105 × 10^284 |
| 96 | aaa_78_29 | 2.065272710925975 × 10^284 |
| 95 | aaa_78_28 | 6.877696611982794 × 10^284 |
| 94 | ov_094 | 2.2592076617491227 × 10^285 |
| 93 | ov_093 | 5.354608288208502 × 10^285 |
| 92 | ov_092 | 1.0870719652382981 × 10^286 |
| 91 | ov_091 | 1.996075062053824 × 10^286 |
| 90 | ov_090 | 3.4034392612955 × 10^286 |
| 89 | ov_089 | 5.475787303918798 × 10^286 |
| 88 | ov_088 | 8.405406411907741 × 10^286 |
| 87 | ov_087 | 1.2410267657900803 × 10^287 |
| 86 | ov_086 | 1.7734057042281983 × 10^287 |
| 85 | ov_085 | 2.4889907553599885 × 10^287 |
| 84 | ov_084 | 3.444253847478865 × 10^287 |
| 83 | ov_083 | 4.700840555606134 × 10^287 |
| 82 | ov_082 | 6.3255897535854065 × 10^287 |
| 81 | ov_081 | 8.390558556695147 × 10^287 |
| 80 | ov_080 | 1.0973053211027503 × 10^288 |
| 64 | lv_79_m31 | 1.1610287560166474 × 10^288 |
| 79 | ov_079 | 1.415566658673834 × 10^288 |
| 78 | ov_078 | 1.8026322933573432 × 10^288 |
| 77 | ov_077 | 2.267833055896408 × 10^288 |
| 76 | ov_076 | 2.821044309163153 × 10^288 |
| 75 | ov_075 | 3.4726929997244094 × 10^288 |
| 74 | ov_074 | 4.23376582995418 × 10^288 |
| 73 | ov_073 | 5.115819139796403 × 10^288 |
| 63 | ov_063 | 5.964357959633963 × 10^288 |
| 72 | ov_072 | 6.130991506888873 × 10^288 |
| 71 | ov_071 | 7.292020263247462 × 10^288 |
| 70 | ov_070 | 8.612263197835195 × 10^288 |
| 69 | ov_069 | 1.010572678727518 × 10^289 |
| 68 | ov_068 | 1.1787102372165015 × 10^289 |
| 67 | ov_067 | 1.3671811774442907 × 10^289 |
| 66 | ov_066 | 1.3671821227918925 × 10^289 |
| 65 | ov_065 | 1.3671860955231076 × 10^289 |
| 62 | ov_062 | 3.063186717330385 × 10^289 |
| 61 | ov_061 | 1.1176545275270513 × 10^290 |
| 60 | ov_060 | 3.2023752652917717 × 10^290 |
| 59 | ov_059 | 7.733827439825938 × 10^290 |
| 58 | ov_058 | 1.570687986784121 × 10^291 |
| 57 | ov_057 | 2.839481724382296 × 10^291 |
| 56 | ov_056 | 4.7349351550151 × 10^291 |
| 55 | ov_055 | 7.440065359857691 × 10^291 |
| 54 | ov_054 | 1.116574222992716 × 10^292 |
| 53 | ov_053 | 1.6150701745539733 × 10^292 |
| 52 | ov_052 | 2.2661569195352565 × 10^292 |
| 51 | ov_051 | 3.0992896947880257 × 10^292 |
| 50 | ov_050 | 4.1761774782852627 × 10^292 |
| 49 | ov_049 | 5.564134738462207 × 10^292 |
| 48 | ov_048 | 7.301041125556274 × 10^292 |
| 47 | ov_047 | 9.465491126425564 × 10^292 |
| 32 | lv_80_m31 | 1.144006434252437 × 10^293 |
| 46 | ov_046 | 1.214177140936176 × 10^293 |
| 45 | ov_045 | 1.5419911821319123 × 10^293 |
| 44 | ov_044 | 1.9395753404003375 × 10^293 |
| 43 | ov_043 | 2.4171038153968105 × 10^293 |
| 42 | ov_042 | 2.9853525666662516 × 10^293 |
| 41 | ov_041 | 3.655714222095521 × 10^293 |
| 40 | ov_040 | 4.434364262593605 × 10^293 |
| 39 | ov_039 | 5.327813903203735 × 10^293 |
| 31 | ov_031 | 5.8637841760605486 × 10^293 |
| 38 | ov_038 | 6.342925669290678 × 10^293 |
| 37 | ov_037 | 7.486932103637611 × 10^293 |
| 36 | ov_036 | 8.774690542329288 × 10^293 |
| 35 | ov_035 | 1.0221868998758983 × 10^294 |
| 34 | ov_034 | 1.1836959678828334 × 10^294 |
| 33 | ov_033 | 1.3637431384308091 × 10^294 |
| 30 | ov_030 | 3.00533489183661 × 10^294 |
| 29 | ov_029 | 9.828261130109582 × 10^294 |
| 28 | ov_028 | 2.5499498620303473 × 10^295 |
| 27 | ov_027 | 5.697234385150036 × 10^295 |
| 26 | ov_026 | 1.1388910262317956 × 10^296 |
| 25 | ov_025 | 2.0858112550363234 × 10^296 |
| 24 | ov_024 | 3.560689431396658 × 10^296 |
| 23 | ov_023 | 5.740626617213187 × 10^296 |
| 22 | ov_022 | 8.829629142896304 × 10^296 |
| 21 | ov_021 | 1.326263405964798 × 10^297 |
| 20 | ov_020 | 1.9528460366553275 × 10^297 |
| 19 | ov_019 | 2.8169894483343437 × 10^297 |
| 18 | ov_018 | 3.978382020726511 × 10^297 |
| 17 | ov_017 | 5.5021406682097006 × 10^297 |
| 16 | ov_016 | 7.458837013546763 × 10^297 |
| 15 | ov_015 | 9.924532736958766 × 10^297 |
| 14 | ov_014 | 1.2980826122101346 × 10^298 |
| 13 | ov_013 | 1.6714912338362661 × 10^298 |
| 12 | ov_012 | 2.1219661134243307 × 10^298 |
| 11 | ov_011 | 2.659371648593869 × 10^298 |
| 10 | ov_010 | 3.294162276005464 × 10^298 |
| 9 | ov_009 | 4.037398240076839 × 10^298 |
| 8 | ov_008 | 4.900765130704604 × 10^298 |
| 7 | ov_007 | 5.896597887385271 × 10^298 |
| 6 | ov_006 | 7.037910013385891 × 10^298 |
| 5 | ov_005 | 8.338428790512375 × 10^298 |
| 4 | ov_004 | 9.812637332757509 × 10^298 |
| 3 | ov_003 | 1.1475824307393563 × 10^299 |
| 2 | ov_002 | 1.3344142023435464 × 10^299 |
| 1 | ov_001 | 1.5434673450638385 × 10^299 |

