# Results for F001-F002-F003-F004-F005-F006-F007-F008-F009-F010-F011-F012-F013-F014-F015-F016-F017-F018-F019-F020-F021-F022-F023-F024-F025-F026-F027-F028-F029-F030-F031-F032-F033-F034-F035-F036-F037-F038-F039-F040-F041-F042-F043-F044-F045-F046-F047-F048-F049-F050-F051-F052-F053-F054-F055-F056-F057-F058-F059-F060-F061-F062-F063-F064-F065-F066-F067-F068-F069-F070-F071-F072-F073-F074-F075-F076-F077-F078-F079-F080-F081-F082-F083-F084-F085-F086-F087-F088-F089-F090-F091-F092-F093-F094-F095-F096-F097-F098-F099-F100-F101-F102-F103-F104-F105-F106-F107-F108-F109-F110-F111-F112-F113-F114-F115-F116-F117-F118-F119-F120-F121-F122-F123-F124-F125-F126-F127-F128-F129-F130-F131-F132-F133-F134-F135-F136-F137-F138-F139-F140-F141-F142-F143-F144-F145-F146-F147-F148-F149-F150-F151-F152-F153-F154-F155-F156-F157-F158-F159-F160-F161-F162-F163-F164-F165-F166-F167-F168-F169-F170-F171-F172-F173-F174-F175-F176-F177-F178-F179-F180-F181-F182-F183-F184-F185-F186-F187-F188-F189-F190-F191-F192-F193-F194-F195-F196-F197-F198-F199-F200-F201-F202-F203-F204-F205-F206-F207-F208-F209-F210-F211-F212-F213-F214-F215-F216-F217-F218-F219-F220-F221-F222-F223-F224-F225-F226-F227-F228-F229-F230-F231-F232-F233-F234-F235-F236-F237-F238-F239-F240-F241-F242-F243-F244-F245-F246-F247-F248-F249-F250-F251-F252-F253-F254-F255-F256-F257-F258-F259-F260-F261-F262-F263-F264-F265-F266-F267-F268-F269-F270-F271-F272-F273-F274-F275-F276-F277-F278-F279-F280-F281-F282-F283-F284-F285-F286-F287-F288-F289-F290-F291-F292-F293-F294-F295-F296-F297-F298-F299-F300-F301-F302-F303-F304-F305-F306-F307-F308-F309-F310-F311-F312-F313-F314-F315-F316-F317-F318-F319-F320-F321-F322-F323-F324-F325-F326-F327-F328-F329-F330-F331-F332-F333-F334-F335-F336-F337-F338-F339-F340-F341-F342-F343-F344-F345-F346-F347-F348-F349-F350-F351-F352-F353-F354-F355-F356-F357-F358-F359-F360-F361-F362-F363-F364-F365-F366-F367-F368-F369-F370-F371-F372-F373-F374-F375-F376-F377-F378-F379-F380-F381-F382-F383-F384-F385-F386-F387-F388-F389-F390-F391-F392-F393-F394-F395-F396-F397-F398-F399-F400-F401-F402-F403-F404-F405-F406-F407-F408-F409-F410-F411-F412-F413-F414-F415-F416-F417-F418-F419-F420-F421-F422-F423-F424-F425-F426-F427-F428-F429-F430-F431-F432-F433-F434-F435-F436-F437-F438-F439-F440-F441-F442-F443-F444-F445-F446-F447-F448-F449-F450-F451-F452-F453-F454-F455-F456-F457-F458-F459-F460-F461-F462-F463-F464-F465-F466-F467-F468-F469-F470-F471-F472-F473-F474-F475-F476-F477-F478-F479-F480-F481-F482-F483-F484-F485-F486-F487-F488-F489-F490-F491-F492-F493-F494-F495-F496-O497502-E499505-E504506-F509-F510-F511-F512

## Summary

Number of input bits: 512  
Number of free input bits: 9  
Number of output bits: 160

Number of direct occurrences: 36778  
Number of assignments: 31077  
Number of operations: 10855851
(xor: 10827848,
and: 14715,
or: 13288)

Total complexity: 1.6543709796954826 × 10^298

Least occurring input variable: iv_498 (3898)  
Most occurring input variable: iv_497 (4197)

Most co-occurring input variables: iv_497-iv_507 (2016)  
Least co-occurring input variables: iv_498-iv_504 (1788)

Potentially most occurring input variable: iv_497/iv_499 (4493)  
Potentially least occurring input variable: iv_500/iv_501 (4225)

Least output occurring input variable: iv_499 (57)  
Most output occurring input variable: iv_498 (88)

Most output co-occurring input variables: iv_498-iv_501 (48)  
Least output co-occurring input variables: iv_499-iv_501 (25)

Potentially most output occurring input variable: iv_504/iv_508 (89)  
Potentially least output occurring input variable: iv_499/iv_508 (68)

Least complex input bit: iv_498 (1.1749792060469765 × 10^296)  
Most complex input bit: iv_504 (4.019235560655385 × 10^297)

Least complex output bit: aaa_76_29 (1.0776542413108364 × 10^273)  
Most complex output bit: ov_001 (2.646317579197895 × 10^297)

Least complex input/output complexity: iv_498/aaa_76_29 (7.653793135815489 × 10^270)  
Most complex input/output complexity: iv_504/ov_001 (6.429134607436982 × 10^296)

## Input Bits

### Input Bits in Regular Order

| Input Bit | Complexity | Occurrences | Output Occurrences |
|:---------:|:----------:|:-----------:|:------------------:|
| iv_497 | 9.854886740990155 × 10^296 | 4197 | 73 |
| iv_498 | 1.1749792060469765 × 10^296 | 3898 | 88 |
| iv_499 | 3.685466629564143 × 10^297 | 4134 | 57 |
| iv_500 | 3.4925532771607344 × 10^296 | 4079 | 76 |
| iv_501 | 5.7488753266800546 × 10^296 | 4044 | 81 |
| iv_503 | 1.4677880416735687 × 10^297 | 4014 | 75 |
| iv_504 | 4.019235560655385 × 10^297 | 4111 | 80 |
| iv_507 | 2.475434690010415 × 10^297 | 4143 | 76 |
| iv_508 | 2.868655419963524 × 10^297 | 4158 | 81 |

### Input Bits Sorted by Complexity

| Input Bit | Complexity | Occurrences | Output Occurrences |
|:---------:|:----------:|:-----------:|:------------------:|
| iv_498 | 1.1749792060469765 × 10^296 | 3898 | 88 |
| iv_500 | 3.4925532771607344 × 10^296 | 4079 | 76 |
| iv_501 | 5.7488753266800546 × 10^296 | 4044 | 81 |
| iv_497 | 9.854886740990155 × 10^296 | 4197 | 73 |
| iv_503 | 1.4677880416735687 × 10^297 | 4014 | 75 |
| iv_507 | 2.475434690010415 × 10^297 | 4143 | 76 |
| iv_508 | 2.868655419963524 × 10^297 | 4158 | 81 |
| iv_499 | 3.685466629564143 × 10^297 | 4134 | 57 |
| iv_504 | 4.019235560655385 × 10^297 | 4111 | 80 |

### Input Bits Sorted by Occurrences

| Input Bit | Complexity | Occurrences | Output Occurrences |
|:---------:|:----------:|:-----------:|:------------------:|
| iv_498 | 1.1749792060469765 × 10^296 | 3898 | 88 |
| iv_503 | 1.4677880416735687 × 10^297 | 4014 | 75 |
| iv_501 | 5.7488753266800546 × 10^296 | 4044 | 81 |
| iv_500 | 3.4925532771607344 × 10^296 | 4079 | 76 |
| iv_504 | 4.019235560655385 × 10^297 | 4111 | 80 |
| iv_499 | 3.685466629564143 × 10^297 | 4134 | 57 |
| iv_507 | 2.475434690010415 × 10^297 | 4143 | 76 |
| iv_508 | 2.868655419963524 × 10^297 | 4158 | 81 |
| iv_497 | 9.854886740990155 × 10^296 | 4197 | 73 |

### Input Bits Sorted by Output Occurrences

| Input Bit | Complexity | Occurrences | Output Occurrences |
|:---------:|:----------:|:-----------:|:------------------:|
| iv_499 | 3.685466629564143 × 10^297 | 4134 | 57 |
| iv_497 | 9.854886740990155 × 10^296 | 4197 | 73 |
| iv_503 | 1.4677880416735687 × 10^297 | 4014 | 75 |
| iv_500 | 3.4925532771607344 × 10^296 | 4079 | 76 |
| iv_507 | 2.475434690010415 × 10^297 | 4143 | 76 |
| iv_504 | 4.019235560655385 × 10^297 | 4111 | 80 |
| iv_501 | 5.7488753266800546 × 10^296 | 4044 | 81 |
| iv_508 | 2.868655419963524 × 10^297 | 4158 | 81 |
| iv_498 | 1.1749792060469765 × 10^296 | 3898 | 88 |

## Input Bit Co-occurrences

### Input Bit Co-occurrences Sorted by Co-occurrences

| Input Bits | Co-occurrences | Potential Occurrences | Output Co-occurrences | Potential Output Occurrences |
|:----------:|:--------------:|:---------------------:|:---------------------:|:----------------------------:|
| iv_497-iv_507 | 2016 | 4308 | 36 | 77 |
| iv_507-iv_508 | 2015 | 4271 | 43 | 71 |
| iv_497-iv_501 | 1992 | 4257 | 36 | 82 |
| iv_497-iv_500 | 1977 | 4322 | 39 | 71 |
| iv_499-iv_507 | 1966 | 4345 | 29 | 75 |
| iv_500-iv_508 | 1966 | 4305 | 36 | 85 |
| iv_499-iv_508 | 1965 | 4362 | 35 | 68 |
| iv_497-iv_504 | 1964 | 4380 | 40 | 73 |
| iv_500-iv_507 | 1963 | 4296 | 35 | 82 |

### Input Bit Co-occurrences Sorted by Potential Occurrences

| Input Bits | Co-occurrences | Potential Occurrences | Output Co-occurrences | Potential Output Occurrences |
|:----------:|:--------------:|:---------------------:|:---------------------:|:----------------------------:|
| iv_500-iv_501 | 1949 | 4225 | 40 | 77 |
| iv_498-iv_500 | 1875 | 4227 | 39 | 86 |
| iv_501-iv_503 | 1912 | 4234 | 40 | 76 |
| iv_498-iv_501 | 1848 | 4246 | 48 | 73 |
| iv_500-iv_503 | 1923 | 4247 | 39 | 73 |
| iv_498-iv_503 | 1830 | 4252 | 43 | 77 |
| iv_497-iv_501 | 1992 | 4257 | 36 | 82 |
| iv_507-iv_508 | 2015 | 4271 | 43 | 71 |
| iv_503-iv_504 | 1925 | 4275 | 37 | 81 |

### Input Bit Output Co-occurrences Sorted by Output Co-occurrences

| Input Bits | Co-occurrences | Potential Occurrences | Output Co-occurrences | Potential Output Occurrences |
|:----------:|:--------------:|:---------------------:|:---------------------:|:----------------------------:|
| iv_498-iv_501 | 1848 | 4246 | 48 | 73 |
| iv_498-iv_508 | 1841 | 4374 | 45 | 79 |
| iv_498-iv_507 | 1878 | 4285 | 43 | 78 |
| iv_498-iv_503 | 1830 | 4252 | 43 | 77 |
| iv_507-iv_508 | 2015 | 4271 | 43 | 71 |
| iv_498-iv_504 | 1788 | 4433 | 41 | 86 |
| iv_497-iv_504 | 1964 | 4380 | 40 | 73 |
| iv_501-iv_504 | 1882 | 4391 | 40 | 81 |
| iv_497-iv_498 | 1824 | 4447 | 40 | 81 |

### Input Bit Output Co-occurrences Sorted by Potential Output Occurrences

| Input Bits | Co-occurrences | Potential Occurrences | Output Co-occurrences | Potential Output Occurrences |
|:----------:|:--------------:|:---------------------:|:---------------------:|:----------------------------:|
| iv_499-iv_508 | 1965 | 4362 | 35 | 68 |
| iv_497-iv_500 | 1977 | 4322 | 39 | 71 |
| iv_507-iv_508 | 2015 | 4271 | 43 | 71 |
| iv_499-iv_503 | 1885 | 4378 | 30 | 72 |
| iv_497-iv_504 | 1964 | 4380 | 40 | 73 |
| iv_498-iv_501 | 1848 | 4246 | 48 | 73 |
| iv_498-iv_499 | 1812 | 4408 | 36 | 73 |
| iv_500-iv_503 | 1923 | 4247 | 39 | 73 |
| iv_497-iv_499 | 1919 | 4493 | 28 | 74 |

## Output Bits

### Output Bits in Regular Order

| Rank | Output Bit | Complexity |
|:----:|:----------:|:----------:|
| 1 | ov_001 | 2.646317579197895 × 10^297 |
| 2 | ov_002 | 2.2949505967633892 × 10^297 |
| 3 | ov_003 | 1.980191824079218 × 10^297 |
| 4 | ov_004 | 1.6992672877954134 × 10^297 |
| 5 | ov_005 | 1.4495542759623576 × 10^297 |
| 6 | ov_006 | 1.2285705531155009 × 10^297 |
| 7 | ov_007 | 1.0339649674687967 × 10^297 |
| 8 | ov_008 | 8.635093597802676 × 10^296 |
| 9 | ov_009 | 7.150916731926165 × 10^296 |
| 10 | ov_010 | 5.867101448819195 × 10^296 |
| 11 | ov_011 | 4.764684589763614 × 10^296 |
| 12 | ov_012 | 3.825717470895381 × 10^296 |
| 13 | ov_013 | 3.0332332956552987 × 10^296 |
| 14 | ov_014 | 2.3712209718595357 × 10^296 |
| 15 | ov_015 | 1.8246043966741167 × 10^296 |
| 16 | ov_016 | 1.3792263380106583 × 10^296 |
| 17 | ov_017 | 1.0218361056992737 × 10^296 |
| 18 | ov_018 | 7.400802703542678 × 10^295 |
| 19 | ov_019 | 5.224957522135714 × 10^295 |
| 20 | ov_020 | 3.5850469679225094 × 10^295 |
| 21 | ov_021 | 2.3841070531283634 × 10^295 |
| 22 | ov_022 | 1.5339612693420562 × 10^295 |
| 23 | ov_023 | 9.552018616746782 × 10^294 |
| 24 | ov_024 | 5.7717750890566825 × 10^294 |
| 25 | ov_025 | 3.3798578390658194 × 10^294 |
| 26 | ov_026 | 1.844690229354865 × 10^294 |
| 27 | ov_027 | 9.223424177232726 × 10^293 |
| 28 | ov_028 | 4.125958045789582 × 10^293 |
| 29 | ov_029 | 1.5894107783713974 × 10^293 |
| 30 | ov_030 | 4.857770025282493 × 10^292 |
| 31 | ov_031 | 9.472628134287719 × 10^291 |
| 32 | lv_80_m31 | 1.846847296066895 × 10^291 |
| 33 | ov_033 | 2.2130661610591818 × 10^292 |
| 34 | ov_034 | 1.9189483606824175 × 10^292 |
| 35 | ov_035 | 1.6558392473786561 × 10^292 |
| 36 | ov_036 | 1.421216056016894 × 10^292 |
| 37 | ov_037 | 1.212692161061379 × 10^292 |
| 38 | ov_038 | 1.0280074314423712 × 10^292 |
| 39 | ov_039 | 8.650198946742797 × 10^291 |
| 40 | ov_040 | 7.216985861074757 × 10^291 |
| 41 | ov_041 | 5.96117465529504 × 10^291 |
| 42 | ov_042 | 4.8733904664508084 × 10^291 |
| 43 | ov_043 | 3.9447457235222494 × 10^291 |
| 44 | ov_044 | 3.158853118209901 × 10^291 |
| 45 | ov_045 | 2.5002165819809433 × 10^291 |
| 46 | ov_046 | 1.9542082924637075 × 10^291 |
| 47 | ov_047 | 1.5070505589073023 × 10^291 |
| 48 | ov_048 | 1.145801826220729 × 10^291 |
| 49 | ov_049 | 8.583460944205182 × 10^290 |
| 50 | ov_050 | 6.333851073226336 × 10^290 |
| 51 | ov_051 | 4.604327210764203 × 10^290 |
| 52 | ov_052 | 3.2981091971722294 × 10^290 |
| 53 | ov_053 | 2.3264702409369034 × 10^290 |
| 54 | ov_054 | 1.6087176156165098 × 10^290 |
| 55 | ov_055 | 1.0721797426709757 × 10^290 |
| 56 | ov_056 | 6.825248474481011 × 10^289 |
| 57 | ov_057 | 4.094260647968314 × 10^289 |
| 58 | ov_058 | 2.2655966103213825 × 10^289 |
| 59 | ov_059 | 1.116041102024959 × 10^289 |
| 60 | ov_060 | 4.623967524142635 × 10^288 |
| 61 | ov_061 | 1.6148257071582185 × 10^288 |
| 62 | ov_062 | 4.428717054317278 × 10^287 |
| 63 | ov_063 | 8.629451298817732 × 10^286 |
| 64 | lv_79_m31 | 1.6810666239983914 × 10^286 |
| 65 | ov_065 | 1.9931656852277613 × 10^287 |
| 66 | ov_066 | 1.9931604729475393 × 10^287 |
| 67 | ov_067 | 1.993159240428768 × 10^287 |
| 68 | ov_068 | 1.7234293234616748 × 10^287 |
| 69 | ov_069 | 1.4821961469438722 × 10^287 |
| 70 | ov_070 | 1.2673335338087663 × 10^287 |
| 71 | ov_071 | 1.0768150536953715 × 10^287 |
| 72 | ov_072 | 9.087083912366147 × 10^286 |
| 73 | ov_073 | 7.611709666872552 × 10^286 |
| 74 | ov_074 | 6.324465529097289 × 10^286 |
| 75 | ov_075 | 5.208626461925621 × 10^286 |
| 76 | ov_076 | 4.248283613276051 × 10^286 |
| 77 | ov_077 | 3.4283265727666246 × 10^286 |
| 78 | ov_078 | 2.7344278060601037 × 10^286 |
| 79 | ov_079 | 2.153028901040898 × 10^286 |
| 80 | ov_080 | 1.6713285099629356 × 10^286 |
| 81 | ov_081 | 1.2772718728776037 × 10^286 |
| 82 | ov_082 | 9.595418085075658 × 10^285 |
| 83 | ov_083 | 7.075510593495741 × 10^285 |
| 84 | ov_084 | 5.114358782294244 × 10^285 |
| 85 | ov_085 | 3.6205074384203664 × 10^285 |
| 86 | ov_086 | 2.509640930224813 × 10^285 |
| 87 | ov_087 | 1.7045495763421213 × 10^285 |
| 88 | ov_088 | 1.1351039404856201 × 10^285 |
| 89 | ov_089 | 7.382359324071889 × 10^284 |
| 90 | ov_090 | 4.579255955456791 × 10^284 |
| 91 | ov_091 | 2.679236539355325 × 10^284 |
| 92 | ov_092 | 1.4549891565932314 × 10^284 |
| 93 | ov_093 | 7.143640588054578 × 10^283 |
| 94 | ov_094 | 3.003644930710398 × 10^283 |
| 95 | aaa_78_28 | 9.114295560556257 × 10^282 |
| 96 | aaa_78_29 | 2.723090505431286 × 10^282 |
| 97 | ov_097 | 1.4415514634067533 × 10^282 |
| 98 | ov_098 | 1.4415330054533986 × 10^282 |
| 99 | ov_099 | 1.4415271126898233 × 10^282 |
| 100 | ov_100 | 1.1800432041541442 × 10^282 |
| 101 | ov_101 | 9.59694320140348 × 10^281 |
| 102 | ov_102 | 7.759330765864585 × 10^281 |
| 103 | ov_103 | 6.244606860237266 × 10^281 |
| 104 | ov_104 | 5.012088088233122 × 10^281 |
| 105 | ov_105 | 4.023237943484652 × 10^281 |
| 106 | ov_106 | 3.2415309211354337 × 10^281 |
| 107 | ov_107 | 2.632336242591408 × 10^281 |
| 108 | ov_108 | 2.162819214794806 × 10^281 |
| 109 | ov_109 | 1.8018583506385045 × 10^281 |
| 110 | ov_110 | 1.5199764800620077 × 10^281 |
| 111 | ov_111 | 1.2892841825362476 × 10^281 |
| 112 | ov_112 | 1.0834339715281646 × 10^281 |
| 113 | ov_113 | 9.009490714917297 × 10^280 |
| 114 | ov_114 | 7.40374695884439 × 10^280 |
| 115 | ov_115 | 6.002725879828043 × 10^280 |
| 116 | ov_116 | 4.792166403576983 × 10^280 |
| 117 | ov_117 | 3.757894954801483 × 10^280 |
| 118 | ov_118 | 2.885800299916361 × 10^280 |
| 119 | ov_119 | 2.161815451988271 × 10^280 |
| 120 | ov_120 | 1.5719041853434613 × 10^280 |
| 121 | ov_121 | 1.102050751018863 × 10^280 |
| 122 | ov_122 | 7.382523062084846 × 10^279 |
| 123 | ov_123 | 4.6651357088997774 × 10^279 |
| 124 | ov_124 | 2.728432248230805 × 10^279 |
| 125 | ov_125 | 1.432516764731119 × 10^279 |
| 126 | ov_126 | 6.374992551267886 × 10^278 |
| 127 | aaa_77_28 | 2.0349126430780276 × 10^278 |
| 128 | aaa_77_29 | 7.62383867317301 × 10^277 |
| 129 | ov_129 | 7.007706741666671 × 10^277 |
| 130 | ov_130 | 7.007685770357783 × 10^277 |
| 131 | ov_131 | 7.007680705386357 × 10^277 |
| 132 | ov_132 | 6.068145550192187 × 10^277 |
| 133 | ov_133 | 5.224326607089695 × 10^277 |
| 134 | ov_134 | 4.47235918170255 × 10^277 |
| 135 | ov_135 | 3.805116561386947 × 10^277 |
| 136 | ov_136 | 3.2158402038202205 × 10^277 |
| 137 | ov_137 | 2.6981153509620738 × 10^277 |
| 138 | ov_138 | 2.245850356275641 × 10^277 |
| 139 | ov_139 | 1.8532593418362926 × 10^277 |
| 140 | ov_140 | 1.5148478217002397 × 10^277 |
| 141 | ov_141 | 1.2254009472551767 × 10^277 |
| 142 | ov_142 | 9.7997404933861 × 10^276 |
| 143 | ov_143 | 7.738851707721407 × 10^276 |
| 144 | ov_144 | 6.027093016874284 × 10^276 |
| 145 | ov_145 | 4.6227404865936427 × 10^276 |
| 146 | ov_146 | 3.486564872453491 × 10^276 |
| 147 | ov_147 | 2.581809660752042 × 10^276 |
| 148 | ov_148 | 1.8741764915475108 × 10^276 |
| 149 | ov_149 | 1.3318160154422118 × 10^276 |
| 150 | ov_150 | 9.25322420555029 × 10^275 |
| 151 | ov_151 | 6.277301264385169 × 10^275 |
| 152 | ov_152 | 4.145116056622859 × 10^275 |
| 153 | ov_153 | 2.635758396901015 × 10^275 |
| 154 | ov_154 | 1.552672411564707 × 10^275 |
| 155 | ov_155 | 8.036676277779898 × 10^274 |
| 156 | aaa_76_25 | 3.0872597921531573 × 10^274 |
| 157 | aaa_76_26 | 1.781876207352783 × 10^274 |
| 158 | aaa_76_27 | 9.115686608056818 × 10^273 |
| 159 | aaa_76_28 | 3.546407400772562 × 10^273 |
| 160 | aaa_76_29 | 1.0776542413108364 × 10^273 |

### Output Bits Sorted by Complexity

| Rank | Output Bit | Complexity |
|:----:|:----------:|:----------:|
| 160 | aaa_76_29 | 1.0776542413108364 × 10^273 |
| 159 | aaa_76_28 | 3.546407400772562 × 10^273 |
| 158 | aaa_76_27 | 9.115686608056818 × 10^273 |
| 157 | aaa_76_26 | 1.781876207352783 × 10^274 |
| 156 | aaa_76_25 | 3.0872597921531573 × 10^274 |
| 155 | ov_155 | 8.036676277779898 × 10^274 |
| 154 | ov_154 | 1.552672411564707 × 10^275 |
| 153 | ov_153 | 2.635758396901015 × 10^275 |
| 152 | ov_152 | 4.145116056622859 × 10^275 |
| 151 | ov_151 | 6.277301264385169 × 10^275 |
| 150 | ov_150 | 9.25322420555029 × 10^275 |
| 149 | ov_149 | 1.3318160154422118 × 10^276 |
| 148 | ov_148 | 1.8741764915475108 × 10^276 |
| 147 | ov_147 | 2.581809660752042 × 10^276 |
| 146 | ov_146 | 3.486564872453491 × 10^276 |
| 145 | ov_145 | 4.6227404865936427 × 10^276 |
| 144 | ov_144 | 6.027093016874284 × 10^276 |
| 143 | ov_143 | 7.738851707721407 × 10^276 |
| 142 | ov_142 | 9.7997404933861 × 10^276 |
| 141 | ov_141 | 1.2254009472551767 × 10^277 |
| 140 | ov_140 | 1.5148478217002397 × 10^277 |
| 139 | ov_139 | 1.8532593418362926 × 10^277 |
| 138 | ov_138 | 2.245850356275641 × 10^277 |
| 137 | ov_137 | 2.6981153509620738 × 10^277 |
| 136 | ov_136 | 3.2158402038202205 × 10^277 |
| 135 | ov_135 | 3.805116561386947 × 10^277 |
| 134 | ov_134 | 4.47235918170255 × 10^277 |
| 133 | ov_133 | 5.224326607089695 × 10^277 |
| 132 | ov_132 | 6.068145550192187 × 10^277 |
| 131 | ov_131 | 7.007680705386357 × 10^277 |
| 130 | ov_130 | 7.007685770357783 × 10^277 |
| 129 | ov_129 | 7.007706741666671 × 10^277 |
| 128 | aaa_77_29 | 7.62383867317301 × 10^277 |
| 127 | aaa_77_28 | 2.0349126430780276 × 10^278 |
| 126 | ov_126 | 6.374992551267886 × 10^278 |
| 125 | ov_125 | 1.432516764731119 × 10^279 |
| 124 | ov_124 | 2.728432248230805 × 10^279 |
| 123 | ov_123 | 4.6651357088997774 × 10^279 |
| 122 | ov_122 | 7.382523062084846 × 10^279 |
| 121 | ov_121 | 1.102050751018863 × 10^280 |
| 120 | ov_120 | 1.5719041853434613 × 10^280 |
| 119 | ov_119 | 2.161815451988271 × 10^280 |
| 118 | ov_118 | 2.885800299916361 × 10^280 |
| 117 | ov_117 | 3.757894954801483 × 10^280 |
| 116 | ov_116 | 4.792166403576983 × 10^280 |
| 115 | ov_115 | 6.002725879828043 × 10^280 |
| 114 | ov_114 | 7.40374695884439 × 10^280 |
| 113 | ov_113 | 9.009490714917297 × 10^280 |
| 112 | ov_112 | 1.0834339715281646 × 10^281 |
| 111 | ov_111 | 1.2892841825362476 × 10^281 |
| 110 | ov_110 | 1.5199764800620077 × 10^281 |
| 109 | ov_109 | 1.8018583506385045 × 10^281 |
| 108 | ov_108 | 2.162819214794806 × 10^281 |
| 107 | ov_107 | 2.632336242591408 × 10^281 |
| 106 | ov_106 | 3.2415309211354337 × 10^281 |
| 105 | ov_105 | 4.023237943484652 × 10^281 |
| 104 | ov_104 | 5.012088088233122 × 10^281 |
| 103 | ov_103 | 6.244606860237266 × 10^281 |
| 102 | ov_102 | 7.759330765864585 × 10^281 |
| 101 | ov_101 | 9.59694320140348 × 10^281 |
| 100 | ov_100 | 1.1800432041541442 × 10^282 |
| 99 | ov_099 | 1.4415271126898233 × 10^282 |
| 98 | ov_098 | 1.4415330054533986 × 10^282 |
| 97 | ov_097 | 1.4415514634067533 × 10^282 |
| 96 | aaa_78_29 | 2.723090505431286 × 10^282 |
| 95 | aaa_78_28 | 9.114295560556257 × 10^282 |
| 94 | ov_094 | 3.003644930710398 × 10^283 |
| 93 | ov_093 | 7.143640588054578 × 10^283 |
| 92 | ov_092 | 1.4549891565932314 × 10^284 |
| 91 | ov_091 | 2.679236539355325 × 10^284 |
| 90 | ov_090 | 4.579255955456791 × 10^284 |
| 89 | ov_089 | 7.382359324071889 × 10^284 |
| 88 | ov_088 | 1.1351039404856201 × 10^285 |
| 87 | ov_087 | 1.7045495763421213 × 10^285 |
| 86 | ov_086 | 2.509640930224813 × 10^285 |
| 85 | ov_085 | 3.6205074384203664 × 10^285 |
| 84 | ov_084 | 5.114358782294244 × 10^285 |
| 83 | ov_083 | 7.075510593495741 × 10^285 |
| 82 | ov_082 | 9.595418085075658 × 10^285 |
| 81 | ov_081 | 1.2772718728776037 × 10^286 |
| 80 | ov_080 | 1.6713285099629356 × 10^286 |
| 64 | lv_79_m31 | 1.6810666239983914 × 10^286 |
| 79 | ov_079 | 2.153028901040898 × 10^286 |
| 78 | ov_078 | 2.7344278060601037 × 10^286 |
| 77 | ov_077 | 3.4283265727666246 × 10^286 |
| 76 | ov_076 | 4.248283613276051 × 10^286 |
| 75 | ov_075 | 5.208626461925621 × 10^286 |
| 74 | ov_074 | 6.324465529097289 × 10^286 |
| 73 | ov_073 | 7.611709666872552 × 10^286 |
| 63 | ov_063 | 8.629451298817732 × 10^286 |
| 72 | ov_072 | 9.087083912366147 × 10^286 |
| 71 | ov_071 | 1.0768150536953715 × 10^287 |
| 70 | ov_070 | 1.2673335338087663 × 10^287 |
| 69 | ov_069 | 1.4821961469438722 × 10^287 |
| 68 | ov_068 | 1.7234293234616748 × 10^287 |
| 67 | ov_067 | 1.993159240428768 × 10^287 |
| 66 | ov_066 | 1.9931604729475393 × 10^287 |
| 65 | ov_065 | 1.9931656852277613 × 10^287 |
| 62 | ov_062 | 4.428717054317278 × 10^287 |
| 61 | ov_061 | 1.6148257071582185 × 10^288 |
| 60 | ov_060 | 4.623967524142635 × 10^288 |
| 59 | ov_059 | 1.116041102024959 × 10^289 |
| 58 | ov_058 | 2.2655966103213825 × 10^289 |
| 57 | ov_057 | 4.094260647968314 × 10^289 |
| 56 | ov_056 | 6.825248474481011 × 10^289 |
| 55 | ov_055 | 1.0721797426709757 × 10^290 |
| 54 | ov_054 | 1.6087176156165098 × 10^290 |
| 53 | ov_053 | 2.3264702409369034 × 10^290 |
| 52 | ov_052 | 3.2981091971722294 × 10^290 |
| 51 | ov_051 | 4.604327210764203 × 10^290 |
| 50 | ov_050 | 6.333851073226336 × 10^290 |
| 49 | ov_049 | 8.583460944205182 × 10^290 |
| 48 | ov_048 | 1.145801826220729 × 10^291 |
| 47 | ov_047 | 1.5070505589073023 × 10^291 |
| 32 | lv_80_m31 | 1.846847296066895 × 10^291 |
| 46 | ov_046 | 1.9542082924637075 × 10^291 |
| 45 | ov_045 | 2.5002165819809433 × 10^291 |
| 44 | ov_044 | 3.158853118209901 × 10^291 |
| 43 | ov_043 | 3.9447457235222494 × 10^291 |
| 42 | ov_042 | 4.8733904664508084 × 10^291 |
| 41 | ov_041 | 5.96117465529504 × 10^291 |
| 40 | ov_040 | 7.216985861074757 × 10^291 |
| 39 | ov_039 | 8.650198946742797 × 10^291 |
| 31 | ov_031 | 9.472628134287719 × 10^291 |
| 38 | ov_038 | 1.0280074314423712 × 10^292 |
| 37 | ov_037 | 1.212692161061379 × 10^292 |
| 36 | ov_036 | 1.421216056016894 × 10^292 |
| 35 | ov_035 | 1.6558392473786561 × 10^292 |
| 34 | ov_034 | 1.9189483606824175 × 10^292 |
| 33 | ov_033 | 2.2130661610591818 × 10^292 |
| 30 | ov_030 | 4.857770025282493 × 10^292 |
| 29 | ov_029 | 1.5894107783713974 × 10^293 |
| 28 | ov_028 | 4.125958045789582 × 10^293 |
| 27 | ov_027 | 9.223424177232726 × 10^293 |
| 26 | ov_026 | 1.844690229354865 × 10^294 |
| 25 | ov_025 | 3.3798578390658194 × 10^294 |
| 24 | ov_024 | 5.7717750890566825 × 10^294 |
| 23 | ov_023 | 9.552018616746782 × 10^294 |
| 22 | ov_022 | 1.5339612693420562 × 10^295 |
| 21 | ov_021 | 2.3841070531283634 × 10^295 |
| 20 | ov_020 | 3.5850469679225094 × 10^295 |
| 19 | ov_019 | 5.224957522135714 × 10^295 |
| 18 | ov_018 | 7.400802703542678 × 10^295 |
| 17 | ov_017 | 1.0218361056992737 × 10^296 |
| 16 | ov_016 | 1.3792263380106583 × 10^296 |
| 15 | ov_015 | 1.8246043966741167 × 10^296 |
| 14 | ov_014 | 2.3712209718595357 × 10^296 |
| 13 | ov_013 | 3.0332332956552987 × 10^296 |
| 12 | ov_012 | 3.825717470895381 × 10^296 |
| 11 | ov_011 | 4.764684589763614 × 10^296 |
| 10 | ov_010 | 5.867101448819195 × 10^296 |
| 9 | ov_009 | 7.150916731926165 × 10^296 |
| 8 | ov_008 | 8.635093597802676 × 10^296 |
| 7 | ov_007 | 1.0339649674687967 × 10^297 |
| 6 | ov_006 | 1.2285705531155009 × 10^297 |
| 5 | ov_005 | 1.4495542759623576 × 10^297 |
| 4 | ov_004 | 1.6992672877954134 × 10^297 |
| 3 | ov_003 | 1.980191824079218 × 10^297 |
| 2 | ov_002 | 2.2949505967633892 × 10^297 |
| 1 | ov_001 | 2.646317579197895 × 10^297 |

