# Results for O002007-E004005-E009012-F013-F014-F015-F016-F017-F018-F019-F020-F021-F022-F023-F024-F025-F026-F027-F028-F029-F030-F031-F032-F033-F034-F035-F036-F037-F038-F039-F040-F041-F042-F043-F044-F045-F046-F047-F048-F049-F050-F051-F052-F053-F054-F055-F056-F057-F058-F059-F060-F061-F062-F063-F064-F065-F066-F067-F068-F069-F070-F071-F072-F073-F074-F075-F076-F077-F078-F079-F080-F081-F082-F083-F084-F085-F086-F087-F088-F089-F090-F091-F092-F093-F094-F095-F096-F097-F098-F099-F100-F101-F102-F103-F104-F105-F106-F107-F108-F109-F110-F111-F112-F113-F114-F115-F116-F117-F118-F119-F120-F121-F122-F123-F124-F125-F126-F127-F128-F129-F130-F131-F132-F133-F134-F135-F136-F137-F138-F139-F140-F141-F142-F143-F144-F145-F146-F147-F148-F149-F150-F151-F152-F153-F154-F155-F156-F157-F158-F159-F160-F161-F162-F163-F164-F165-F166-F167-F168-F169-F170-F171-F172-F173-F174-F175-F176-F177-F178-F179-F180-F181-F182-F183-F184-F185-F186-F187-F188-F189-F190-F191-F192-F193-F194-F195-F196-F197-F198-F199-F200-F201-F202-F203-F204-F205-F206-F207-F208-F209-F210-F211-F212-F213-F214-F215-F216-F217-F218-F219-F220-F221-F222-F223-F224-F225-F226-F227-F228-F229-F230-F231-F232-F233-F234-F235-F236-F237-F238-F239-F240-F241-F242-F243-F244-F245-F246-F247-F248-F249-F250-F251-F252-F253-F254-F255-F256-F257-F258-F259-F260-F261-F262-F263-F264-F265-F266-F267-F268-F269-F270-F271-F272-F273-F274-F275-F276-F277-F278-F279-F280-F281-F282-F283-F284-F285-F286-F287-F288-F289-F290-F291-F292-F293-F294-F295-F296-F297-F298-F299-F300-F301-F302-F303-F304-F305-F306-F307-F308-F309-F310-F311-F312-F313-F314-F315-F316-F317-F318-F319-F320-F321-F322-F323-F324-F325-F326-F327-F328-F329-F330-F331-F332-F333-F334-F335-F336-F337-F338-F339-F340-F341-F342-F343-F344-F345-F346-F347-F348-F349-F350-F351-F352-F353-F354-F355-F356-F357-F358-F359-F360-F361-F362-F363-F364-F365-F366-F367-F368-F369-F370-F371-F372-F373-F374-F375-F376-F377-F378-F379-F380-F381-F382-F383-F384-F385-F386-F387-F388-F389-F390-F391-F392-F393-F394-F395-F396-F397-F398-F399-F400-F401-F402-F403-F404-F405-F406-F407-F408-F409-F410-F411-F412-F413-F414-F415-F416-F417-F418-F419-F420-F421-F422-F423-F424-F425-F426-F427-F428-F429-F430-F431-F432-F433-F434-F435-F436-F437-F438-F439-F440-F441-F442-F443-F444-F445-F446-F447-F448-F449-F450-F451-F452-F453-F454-F455-F456-F457-F458-F459-F460-F461-F462-F463-F464-F465-F466-F467-F468-F469-F470-F471-F472-F473-F474-F475-F476-F477-F478-F479-F480-F481-F482-F483-F484-F485-F486-F487-F488-F489-F490-F491-F492-F493-F494-F495-F496-F497-F498-F499-F500-F501-F502-F503-F504-F505-F506-F507-F508-F509-F510-F511-F512

## Summary

Number of input bits: 512  
Number of free input bits: 9  
Number of output bits: 160

Number of direct occurrences: 41606  
Number of assignments: 38348  
Number of operations: 18965336
(xor: 18925982,
and: 23166,
or: 16188)

Total complexity: 1.4083777146250992 × 10^354

Least occurring input variable: iv_004 (4460)  
Most occurring input variable: iv_009 (5004)

Most co-occurring input variables: iv_003-iv_009 (2253)  
Least co-occurring input variables: iv_008-iv_011 (1995)

Potentially most occurring input variable: iv_001/iv_009 (5297)  
Potentially least occurring input variable: iv_004/iv_010 (4688)

Least output occurring input variable: iv_011 (63)  
Most output occurring input variable: iv_003 (91)

Most output co-occurring input variables: iv_003-iv_006 (49)  
Least output co-occurring input variables: iv_009-iv_011 (22)

Potentially most output occurring input variable: iv_003/iv_008 (98)  
Potentially least output occurring input variable: iv_001/iv_006 (68)

Least complex input bit: iv_001 (1.8150835087939837 × 10^351)  
Most complex input bit: iv_009 (4.3956155538455945 × 10^353)

Least complex output bit: aaa_76_29 (5.40862432964307 × 10^328)  
Most complex output bit: ov_001 (2.1458034509214343 × 10^353)

Least complex input/output complexity: iv_001/aaa_76_29 (6.97050565629711 × 10^325)  
Most complex input/output complexity: iv_009/ov_001 (6.697157251509468 × 10^352)

## Input Bits

### Input Bits in Regular Order

| Input Bit | Complexity | Occurrences | Output Occurrences |
|:---------:|:----------:|:-----------:|:------------------:|
| iv_001 | 1.8150835087939837 × 10^351 | 4605 | 77 |
| iv_002 | 1.3762059165075108 × 10^353 | 4556 | 69 |
| iv_003 | 2.1958420646100085 × 10^352 | 4681 | 91 |
| iv_004 | 9.461229325647362 × 10^352 | 4460 | 69 |
| iv_006 | 9.948474410318228 × 10^352 | 4620 | 87 |
| iv_008 | 1.6461486704458827 × 10^353 | 4525 | 81 |
| iv_009 | 4.3956155538455945 × 10^353 | 5004 | 73 |
| iv_010 | 2.1734935188662265 × 10^353 | 4484 | 77 |
| iv_011 | 2.3136080714402662 × 10^353 | 4671 | 63 |

### Input Bits Sorted by Complexity

| Input Bit | Complexity | Occurrences | Output Occurrences |
|:---------:|:----------:|:-----------:|:------------------:|
| iv_001 | 1.8150835087939837 × 10^351 | 4605 | 77 |
| iv_003 | 2.1958420646100085 × 10^352 | 4681 | 91 |
| iv_004 | 9.461229325647362 × 10^352 | 4460 | 69 |
| iv_006 | 9.948474410318228 × 10^352 | 4620 | 87 |
| iv_002 | 1.3762059165075108 × 10^353 | 4556 | 69 |
| iv_008 | 1.6461486704458827 × 10^353 | 4525 | 81 |
| iv_010 | 2.1734935188662265 × 10^353 | 4484 | 77 |
| iv_011 | 2.3136080714402662 × 10^353 | 4671 | 63 |
| iv_009 | 4.3956155538455945 × 10^353 | 5004 | 73 |

### Input Bits Sorted by Occurrences

| Input Bit | Complexity | Occurrences | Output Occurrences |
|:---------:|:----------:|:-----------:|:------------------:|
| iv_004 | 9.461229325647362 × 10^352 | 4460 | 69 |
| iv_010 | 2.1734935188662265 × 10^353 | 4484 | 77 |
| iv_008 | 1.6461486704458827 × 10^353 | 4525 | 81 |
| iv_002 | 1.3762059165075108 × 10^353 | 4556 | 69 |
| iv_001 | 1.8150835087939837 × 10^351 | 4605 | 77 |
| iv_006 | 9.948474410318228 × 10^352 | 4620 | 87 |
| iv_011 | 2.3136080714402662 × 10^353 | 4671 | 63 |
| iv_003 | 2.1958420646100085 × 10^352 | 4681 | 91 |
| iv_009 | 4.3956155538455945 × 10^353 | 5004 | 73 |

### Input Bits Sorted by Output Occurrences

| Input Bit | Complexity | Occurrences | Output Occurrences |
|:---------:|:----------:|:-----------:|:------------------:|
| iv_011 | 2.3136080714402662 × 10^353 | 4671 | 63 |
| iv_002 | 1.3762059165075108 × 10^353 | 4556 | 69 |
| iv_004 | 9.461229325647362 × 10^352 | 4460 | 69 |
| iv_009 | 4.3956155538455945 × 10^353 | 5004 | 73 |
| iv_010 | 2.1734935188662265 × 10^353 | 4484 | 77 |
| iv_001 | 1.8150835087939837 × 10^351 | 4605 | 77 |
| iv_008 | 1.6461486704458827 × 10^353 | 4525 | 81 |
| iv_006 | 9.948474410318228 × 10^352 | 4620 | 87 |
| iv_003 | 2.1958420646100085 × 10^352 | 4681 | 91 |

## Input Bit Co-occurrences

### Input Bit Co-occurrences Sorted by Co-occurrences

| Input Bits | Co-occurrences | Potential Occurrences | Output Co-occurrences | Potential Output Occurrences |
|:----------:|:--------------:|:---------------------:|:---------------------:|:----------------------------:|
| iv_003-iv_009 | 2253 | 5179 | 45 | 74 |
| iv_001-iv_003 | 2242 | 4802 | 47 | 74 |
| iv_001-iv_006 | 2241 | 4743 | 48 | 68 |
| iv_009-iv_011 | 2238 | 5199 | 22 | 92 |
| iv_008-iv_009 | 2223 | 5083 | 36 | 82 |
| iv_006-iv_009 | 2202 | 5220 | 43 | 74 |
| iv_002-iv_003 | 2189 | 4859 | 40 | 80 |
| iv_001-iv_011 | 2189 | 4898 | 31 | 78 |
| iv_002-iv_009 | 2187 | 5186 | 34 | 74 |

### Input Bit Co-occurrences Sorted by Potential Occurrences

| Input Bits | Co-occurrences | Potential Occurrences | Output Co-occurrences | Potential Output Occurrences |
|:----------:|:--------------:|:---------------------:|:---------------------:|:----------------------------:|
| iv_004-iv_010 | 2128 | 4688 | 31 | 84 |
| iv_001-iv_006 | 2241 | 4743 | 48 | 68 |
| iv_001-iv_003 | 2242 | 4802 | 47 | 74 |
| iv_004-iv_011 | 2159 | 4813 | 29 | 74 |
| iv_010-iv_011 | 2161 | 4833 | 30 | 80 |
| iv_001-iv_004 | 2116 | 4833 | 33 | 80 |
| iv_003-iv_008 | 2183 | 4840 | 37 | 98 |
| iv_001-iv_010 | 2118 | 4853 | 42 | 70 |
| iv_002-iv_003 | 2189 | 4859 | 40 | 80 |

### Input Bit Output Co-occurrences Sorted by Output Co-occurrences

| Input Bits | Co-occurrences | Potential Occurrences | Output Co-occurrences | Potential Output Occurrences |
|:----------:|:--------------:|:---------------------:|:---------------------:|:----------------------------:|
| iv_003-iv_006 | 2176 | 4949 | 49 | 80 |
| iv_001-iv_006 | 2241 | 4743 | 48 | 68 |
| iv_001-iv_003 | 2242 | 4802 | 47 | 74 |
| iv_006-iv_010 | 2111 | 4882 | 46 | 72 |
| iv_006-iv_008 | 2083 | 4979 | 45 | 78 |
| iv_003-iv_009 | 2253 | 5179 | 45 | 74 |
| iv_006-iv_009 | 2202 | 5220 | 43 | 74 |
| iv_008-iv_010 | 2059 | 4891 | 43 | 72 |
| iv_001-iv_010 | 2118 | 4853 | 42 | 70 |

### Input Bit Output Co-occurrences Sorted by Potential Output Occurrences

| Input Bits | Co-occurrences | Potential Occurrences | Output Co-occurrences | Potential Output Occurrences |
|:----------:|:--------------:|:---------------------:|:---------------------:|:----------------------------:|
| iv_001-iv_006 | 2241 | 4743 | 48 | 68 |
| iv_001-iv_010 | 2118 | 4853 | 42 | 70 |
| iv_006-iv_010 | 2111 | 4882 | 46 | 72 |
| iv_008-iv_010 | 2059 | 4891 | 43 | 72 |
| iv_002-iv_004 | 2060 | 4896 | 33 | 72 |
| iv_006-iv_009 | 2202 | 5220 | 43 | 74 |
| iv_002-iv_009 | 2187 | 5186 | 34 | 74 |
| iv_003-iv_009 | 2253 | 5179 | 45 | 74 |
| iv_001-iv_003 | 2242 | 4802 | 47 | 74 |

## Output Bits

### Output Bits in Regular Order

| Rank | Output Bit | Complexity |
|:----:|:----------:|:----------:|
| 1 | ov_001 | 2.1458034509214343 × 10^353 |
| 2 | ov_002 | 1.8800169154864026 × 10^353 |
| 3 | ov_003 | 1.640138098584076 × 10^353 |
| 4 | ov_004 | 1.4237797504581173 × 10^353 |
| 5 | ov_005 | 1.228691340854449 × 10^353 |
| 6 | ov_006 | 1.0527492513407756 × 10^353 |
| 7 | ov_007 | 8.949222443777059 × 10^352 |
| 8 | ov_008 | 7.542361269955772 × 10^352 |
| 9 | ov_009 | 6.2977014880644806 × 10^352 |
| 10 | ov_010 | 5.206538688023628 × 10^352 |
| 11 | ov_011 | 4.260644644086403 × 10^352 |
| 12 | ov_012 | 3.4522445213086203 × 10^352 |
| 13 | ov_013 | 2.7670757933655513 × 10^352 |
| 14 | ov_014 | 2.1917000543141833 × 10^352 |
| 15 | ov_015 | 1.7134796882967298 × 10^352 |
| 16 | ov_016 | 1.3205591915451604 × 10^352 |
| 17 | ov_017 | 1.001850472855223 × 10^352 |
| 18 | ov_018 | 7.470215125707944 × 10^351 |
| 19 | ov_019 | 5.4648781388499 × 10^351 |
| 20 | ov_020 | 3.9140613395215613 × 10^351 |
| 21 | ov_021 | 2.7367003593647345 × 10^351 |
| 22 | ov_022 | 1.8590685671598884 × 10^351 |
| 23 | ov_023 | 1.2147573852923493 × 10^351 |
| 24 | ov_024 | 7.446642640534313 × 10^350 |
| 25 | ov_025 | 4.2106332615985563 × 10^350 |
| 26 | ov_026 | 2.1987711309734245 × 10^350 |
| 27 | ov_027 | 1.038920743002175 × 10^350 |
| 28 | ov_028 | 4.318811084463225 × 10^349 |
| 29 | ov_029 | 1.513837128519703 × 10^349 |
| 30 | ov_030 | 4.168367553509477 × 10^348 |
| 31 | ov_031 | 8.159224472193674 × 10^347 |
| 32 | lv_80_m31 | 1.597089242800503 × 10^347 |
| 33 | ov_033 | 1.9940322391187354 × 10^348 |
| 34 | ov_034 | 1.7531990332764063 × 10^348 |
| 35 | ov_035 | 1.5356560579996854 × 10^348 |
| 36 | ov_036 | 1.3393252939919819 × 10^348 |
| 37 | ov_037 | 1.1622385439677818 × 10^348 |
| 38 | ov_038 | 1.0025296196617855 × 10^348 |
| 39 | ov_039 | 8.584276478808693 × 10^347 |
| 40 | ov_040 | 7.290702504352637 × 10^347 |
| 41 | ov_041 | 6.136385617384576 × 10^347 |
| 42 | ov_042 | 5.113550509676067 × 10^347 |
| 43 | ov_043 | 4.2148172256932344 × 10^347 |
| 44 | ov_044 | 3.4331864982342764 × 10^347 |
| 45 | ov_045 | 2.7620279883228204 × 10^347 |
| 46 | ov_046 | 2.1950710289104148 × 10^347 |
| 47 | ov_047 | 1.7208265697931165 × 10^347 |
| 48 | ov_048 | 1.3284960550287999 × 10^347 |
| 49 | ov_049 | 1.007964782154218 × 10^347 |
| 50 | ov_050 | 7.497972875646597 × 10^346 |
| 51 | ov_051 | 5.452342279230598 × 10^346 |
| 52 | ov_052 | 3.86190275484138 × 10^346 |
| 53 | ov_053 | 2.6525263245361898 × 10^346 |
| 54 | ov_054 | 1.7567992938794652 × 10^346 |
| 55 | ov_055 | 1.1140141458288308 × 10^346 |
| 56 | ov_056 | 6.701638672656827 × 10^345 |
| 57 | ov_057 | 3.779382309795403 × 10^345 |
| 58 | ov_058 | 1.9672155989749875 × 10^345 |
| 59 | ov_059 | 9.259152370400093 × 10^344 |
| 60 | ov_060 | 3.8318578583394353 × 10^344 |
| 61 | ov_061 | 1.3365752340529118 × 10^344 |
| 62 | ov_062 | 3.661044104827428 × 10^343 |
| 63 | ov_063 | 7.12396799690436 × 10^342 |
| 64 | lv_79_m31 | 1.3858822287513375 × 10^342 |
| 65 | ov_065 | 1.6112833676179505 × 10^343 |
| 66 | ov_066 | 1.6112752922438482 × 10^343 |
| 67 | ov_067 | 1.6112726971793446 × 10^343 |
| 68 | ov_068 | 1.3837377284840242 × 10^343 |
| 69 | ov_069 | 1.1813310223785675 × 10^343 |
| 70 | ov_070 | 1.0020497494223923 × 10^343 |
| 71 | ov_071 | 8.4400584132274535 × 10^342 |
| 72 | ov_072 | 7.054176184243701 × 10^342 |
| 73 | ov_073 | 5.846023442627708 × 10^342 |
| 74 | ov_074 | 4.799696549257994 × 10^342 |
| 75 | ov_075 | 3.900158138890738 × 10^342 |
| 76 | ov_076 | 3.1331874576891866 × 10^342 |
| 77 | ov_077 | 2.4853379537501366 × 10^342 |
| 78 | ov_078 | 1.943901421586593 × 10^342 |
| 79 | ov_079 | 1.496877946741739 × 10^342 |
| 80 | ov_080 | 1.1329509439315626 × 10^342 |
| 81 | ov_081 | 8.414666282908773 × 10^341 |
| 82 | ov_082 | 6.124173046629491 × 10^341 |
| 83 | ov_083 | 4.364279676098116 × 10^341 |
| 84 | ov_084 | 3.047458121045362 × 10^341 |
| 85 | ov_085 | 2.092322358559103 × 10^341 |
| 86 | ov_086 | 1.423568949832178 × 10^341 |
| 87 | ov_087 | 9.719341836641116 × 10^340 |
| 88 | ov_088 | 6.741642951424577 × 10^340 |
| 89 | ov_089 | 4.7299568257329786 × 10^340 |
| 90 | ov_090 | 3.1714248009051984 × 10^340 |
| 91 | ov_091 | 2.0063813877094765 × 10^340 |
| 92 | ov_092 | 1.1751798698307318 × 10^340 |
| 93 | ov_093 | 6.181813538822653 × 10^339 |
| 94 | ov_094 | 2.757496304042985 × 10^339 |
| 95 | aaa_78_28 | 8.824919548338744 × 10^338 |
| 96 | aaa_78_29 | 3.320398505641852 × 10^338 |
| 97 | ov_097 | 3.2260748796479245 × 10^338 |
| 98 | ov_098 | 3.2260653059602986 × 10^338 |
| 99 | ov_099 | 3.2260629812973004 × 10^338 |
| 100 | ov_100 | 2.8305317677341774 × 10^338 |
| 101 | ov_101 | 2.4741945294313532 × 10^338 |
| 102 | ov_102 | 2.1534572739500992 × 10^338 |
| 103 | ov_103 | 1.864932764512242 × 10^338 |
| 104 | ov_104 | 1.6054263141392868 × 10^338 |
| 105 | ov_105 | 1.3719230994586735 × 10^338 |
| 106 | ov_106 | 1.1629591803642447 × 10^338 |
| 107 | ov_107 | 9.77152260982292 × 10^337 |
| 108 | ov_108 | 8.13197018833474 × 10^337 |
| 109 | ov_109 | 6.69861014677517 × 10^337 |
| 110 | ov_110 | 5.459811383797913 × 10^337 |
| 111 | ov_111 | 4.404605487897868 × 10^337 |
| 112 | ov_112 | 3.512943660268921 × 10^337 |
| 113 | ov_113 | 2.765988565959863 × 10^337 |
| 114 | ov_114 | 2.1460817514225755 × 10^337 |
| 115 | ov_115 | 1.6367177267266157 × 10^337 |
| 116 | ov_116 | 1.2225239006684228 × 10^337 |
| 117 | ov_117 | 8.892454414017142 × 10^336 |
| 118 | ov_118 | 6.300327586335258 × 10^336 |
| 119 | ov_119 | 4.328364114163423 × 10^336 |
| 120 | ov_120 | 2.8670031166359286 × 10^336 |
| 121 | ov_121 | 1.8175821518463323 × 10^336 |
| 122 | ov_122 | 1.0923157192154205 × 10^336 |
| 123 | ov_123 | 6.142830363266519 × 10^335 |
| 124 | ov_124 | 3.1742170652922975 × 10^335 |
| 125 | ov_125 | 1.4652480072952743 × 10^335 |
| 126 | ov_126 | 5.7239701778616174 × 10^334 |
| 127 | aaa_77_28 | 1.6067730776788153 × 10^334 |
| 128 | aaa_77_29 | 4.900310857209247 × 10^333 |
| 129 | ov_129 | 2.995628107638102 × 10^333 |
| 130 | ov_130 | 2.9956175109363234 × 10^333 |
| 131 | ov_131 | 2.995614928491577 × 10^333 |
| 132 | ov_132 | 2.6315616063900707 × 10^333 |
| 133 | ov_133 | 2.306016225820752 × 10^333 |
| 134 | ov_134 | 2.0150900093725483 × 10^333 |
| 135 | ov_135 | 1.7551201461968109 × 10^333 |
| 136 | ov_136 | 1.5226538463871036 × 10^333 |
| 137 | ov_137 | 1.3144340878684657 × 10^333 |
| 138 | ov_138 | 1.127386943492753 × 10^333 |
| 139 | ov_139 | 9.600197346547919 × 10^332 |
| 140 | ov_140 | 8.109231087913542 × 10^332 |
| 141 | ov_141 | 6.787664578286424 × 10^332 |
| 142 | ov_142 | 5.622939528982634 × 10^332 |
| 143 | ov_143 | 4.60321151905782 × 10^332 |
| 144 | ov_144 | 3.7173213913330046 × 10^332 |
| 145 | ov_145 | 2.954771586074072 × 10^332 |
| 146 | ov_146 | 2.305706977798565 × 10^332 |
| 147 | ov_147 | 1.7608996577409567 × 10^332 |
| 148 | ov_148 | 1.3117370706260775 × 10^332 |
| 149 | ov_149 | 9.502129634692667 × 10^331 |
| 150 | ov_150 | 6.68920653062087 × 10^331 |
| 151 | ov_151 | 4.5482752761960904 × 10^331 |
| 152 | ov_152 | 2.960813906440104 × 10^331 |
| 153 | ov_153 | 1.8200679826856527 × 10^331 |
| 154 | ov_154 | 1.031028143885755 × 10^331 |
| 155 | ov_155 | 5.104173146589135 × 10^330 |
| 156 | aaa_76_25 | 1.8668419746362188 × 10^330 |
| 157 | aaa_76_26 | 9.774255169076207 × 10^329 |
| 158 | aaa_76_27 | 4.5187162933404263 × 10^329 |
| 159 | aaa_76_28 | 1.768397182160533 × 10^329 |
| 160 | aaa_76_29 | 5.40862432964307 × 10^328 |

### Output Bits Sorted by Complexity

| Rank | Output Bit | Complexity |
|:----:|:----------:|:----------:|
| 160 | aaa_76_29 | 5.40862432964307 × 10^328 |
| 159 | aaa_76_28 | 1.768397182160533 × 10^329 |
| 158 | aaa_76_27 | 4.5187162933404263 × 10^329 |
| 157 | aaa_76_26 | 9.774255169076207 × 10^329 |
| 156 | aaa_76_25 | 1.8668419746362188 × 10^330 |
| 155 | ov_155 | 5.104173146589135 × 10^330 |
| 154 | ov_154 | 1.031028143885755 × 10^331 |
| 153 | ov_153 | 1.8200679826856527 × 10^331 |
| 152 | ov_152 | 2.960813906440104 × 10^331 |
| 151 | ov_151 | 4.5482752761960904 × 10^331 |
| 150 | ov_150 | 6.68920653062087 × 10^331 |
| 149 | ov_149 | 9.502129634692667 × 10^331 |
| 148 | ov_148 | 1.3117370706260775 × 10^332 |
| 147 | ov_147 | 1.7608996577409567 × 10^332 |
| 146 | ov_146 | 2.305706977798565 × 10^332 |
| 145 | ov_145 | 2.954771586074072 × 10^332 |
| 144 | ov_144 | 3.7173213913330046 × 10^332 |
| 143 | ov_143 | 4.60321151905782 × 10^332 |
| 142 | ov_142 | 5.622939528982634 × 10^332 |
| 141 | ov_141 | 6.787664578286424 × 10^332 |
| 140 | ov_140 | 8.109231087913542 × 10^332 |
| 139 | ov_139 | 9.600197346547919 × 10^332 |
| 138 | ov_138 | 1.127386943492753 × 10^333 |
| 137 | ov_137 | 1.3144340878684657 × 10^333 |
| 136 | ov_136 | 1.5226538463871036 × 10^333 |
| 135 | ov_135 | 1.7551201461968109 × 10^333 |
| 134 | ov_134 | 2.0150900093725483 × 10^333 |
| 133 | ov_133 | 2.306016225820752 × 10^333 |
| 132 | ov_132 | 2.6315616063900707 × 10^333 |
| 131 | ov_131 | 2.995614928491577 × 10^333 |
| 130 | ov_130 | 2.9956175109363234 × 10^333 |
| 129 | ov_129 | 2.995628107638102 × 10^333 |
| 128 | aaa_77_29 | 4.900310857209247 × 10^333 |
| 127 | aaa_77_28 | 1.6067730776788153 × 10^334 |
| 126 | ov_126 | 5.7239701778616174 × 10^334 |
| 125 | ov_125 | 1.4652480072952743 × 10^335 |
| 124 | ov_124 | 3.1742170652922975 × 10^335 |
| 123 | ov_123 | 6.142830363266519 × 10^335 |
| 122 | ov_122 | 1.0923157192154205 × 10^336 |
| 121 | ov_121 | 1.8175821518463323 × 10^336 |
| 120 | ov_120 | 2.8670031166359286 × 10^336 |
| 119 | ov_119 | 4.328364114163423 × 10^336 |
| 118 | ov_118 | 6.300327586335258 × 10^336 |
| 117 | ov_117 | 8.892454414017142 × 10^336 |
| 116 | ov_116 | 1.2225239006684228 × 10^337 |
| 115 | ov_115 | 1.6367177267266157 × 10^337 |
| 114 | ov_114 | 2.1460817514225755 × 10^337 |
| 113 | ov_113 | 2.765988565959863 × 10^337 |
| 112 | ov_112 | 3.512943660268921 × 10^337 |
| 111 | ov_111 | 4.404605487897868 × 10^337 |
| 110 | ov_110 | 5.459811383797913 × 10^337 |
| 109 | ov_109 | 6.69861014677517 × 10^337 |
| 108 | ov_108 | 8.13197018833474 × 10^337 |
| 107 | ov_107 | 9.77152260982292 × 10^337 |
| 106 | ov_106 | 1.1629591803642447 × 10^338 |
| 105 | ov_105 | 1.3719230994586735 × 10^338 |
| 104 | ov_104 | 1.6054263141392868 × 10^338 |
| 103 | ov_103 | 1.864932764512242 × 10^338 |
| 102 | ov_102 | 2.1534572739500992 × 10^338 |
| 101 | ov_101 | 2.4741945294313532 × 10^338 |
| 100 | ov_100 | 2.8305317677341774 × 10^338 |
| 99 | ov_099 | 3.2260629812973004 × 10^338 |
| 98 | ov_098 | 3.2260653059602986 × 10^338 |
| 97 | ov_097 | 3.2260748796479245 × 10^338 |
| 96 | aaa_78_29 | 3.320398505641852 × 10^338 |
| 95 | aaa_78_28 | 8.824919548338744 × 10^338 |
| 94 | ov_094 | 2.757496304042985 × 10^339 |
| 93 | ov_093 | 6.181813538822653 × 10^339 |
| 92 | ov_092 | 1.1751798698307318 × 10^340 |
| 91 | ov_091 | 2.0063813877094765 × 10^340 |
| 90 | ov_090 | 3.1714248009051984 × 10^340 |
| 89 | ov_089 | 4.7299568257329786 × 10^340 |
| 88 | ov_088 | 6.741642951424577 × 10^340 |
| 87 | ov_087 | 9.719341836641116 × 10^340 |
| 86 | ov_086 | 1.423568949832178 × 10^341 |
| 85 | ov_085 | 2.092322358559103 × 10^341 |
| 84 | ov_084 | 3.047458121045362 × 10^341 |
| 83 | ov_083 | 4.364279676098116 × 10^341 |
| 82 | ov_082 | 6.124173046629491 × 10^341 |
| 81 | ov_081 | 8.414666282908773 × 10^341 |
| 80 | ov_080 | 1.1329509439315626 × 10^342 |
| 64 | lv_79_m31 | 1.3858822287513375 × 10^342 |
| 79 | ov_079 | 1.496877946741739 × 10^342 |
| 78 | ov_078 | 1.943901421586593 × 10^342 |
| 77 | ov_077 | 2.4853379537501366 × 10^342 |
| 76 | ov_076 | 3.1331874576891866 × 10^342 |
| 75 | ov_075 | 3.900158138890738 × 10^342 |
| 74 | ov_074 | 4.799696549257994 × 10^342 |
| 73 | ov_073 | 5.846023442627708 × 10^342 |
| 72 | ov_072 | 7.054176184243701 × 10^342 |
| 63 | ov_063 | 7.12396799690436 × 10^342 |
| 71 | ov_071 | 8.4400584132274535 × 10^342 |
| 70 | ov_070 | 1.0020497494223923 × 10^343 |
| 69 | ov_069 | 1.1813310223785675 × 10^343 |
| 68 | ov_068 | 1.3837377284840242 × 10^343 |
| 67 | ov_067 | 1.6112726971793446 × 10^343 |
| 66 | ov_066 | 1.6112752922438482 × 10^343 |
| 65 | ov_065 | 1.6112833676179505 × 10^343 |
| 62 | ov_062 | 3.661044104827428 × 10^343 |
| 61 | ov_061 | 1.3365752340529118 × 10^344 |
| 60 | ov_060 | 3.8318578583394353 × 10^344 |
| 59 | ov_059 | 9.259152370400093 × 10^344 |
| 58 | ov_058 | 1.9672155989749875 × 10^345 |
| 57 | ov_057 | 3.779382309795403 × 10^345 |
| 56 | ov_056 | 6.701638672656827 × 10^345 |
| 55 | ov_055 | 1.1140141458288308 × 10^346 |
| 54 | ov_054 | 1.7567992938794652 × 10^346 |
| 53 | ov_053 | 2.6525263245361898 × 10^346 |
| 52 | ov_052 | 3.86190275484138 × 10^346 |
| 51 | ov_051 | 5.452342279230598 × 10^346 |
| 50 | ov_050 | 7.497972875646597 × 10^346 |
| 49 | ov_049 | 1.007964782154218 × 10^347 |
| 48 | ov_048 | 1.3284960550287999 × 10^347 |
| 32 | lv_80_m31 | 1.597089242800503 × 10^347 |
| 47 | ov_047 | 1.7208265697931165 × 10^347 |
| 46 | ov_046 | 2.1950710289104148 × 10^347 |
| 45 | ov_045 | 2.7620279883228204 × 10^347 |
| 44 | ov_044 | 3.4331864982342764 × 10^347 |
| 43 | ov_043 | 4.2148172256932344 × 10^347 |
| 42 | ov_042 | 5.113550509676067 × 10^347 |
| 41 | ov_041 | 6.136385617384576 × 10^347 |
| 40 | ov_040 | 7.290702504352637 × 10^347 |
| 31 | ov_031 | 8.159224472193674 × 10^347 |
| 39 | ov_039 | 8.584276478808693 × 10^347 |
| 38 | ov_038 | 1.0025296196617855 × 10^348 |
| 37 | ov_037 | 1.1622385439677818 × 10^348 |
| 36 | ov_036 | 1.3393252939919819 × 10^348 |
| 35 | ov_035 | 1.5356560579996854 × 10^348 |
| 34 | ov_034 | 1.7531990332764063 × 10^348 |
| 33 | ov_033 | 1.9940322391187354 × 10^348 |
| 30 | ov_030 | 4.168367553509477 × 10^348 |
| 29 | ov_029 | 1.513837128519703 × 10^349 |
| 28 | ov_028 | 4.318811084463225 × 10^349 |
| 27 | ov_027 | 1.038920743002175 × 10^350 |
| 26 | ov_026 | 2.1987711309734245 × 10^350 |
| 25 | ov_025 | 4.2106332615985563 × 10^350 |
| 24 | ov_024 | 7.446642640534313 × 10^350 |
| 23 | ov_023 | 1.2147573852923493 × 10^351 |
| 22 | ov_022 | 1.8590685671598884 × 10^351 |
| 21 | ov_021 | 2.7367003593647345 × 10^351 |
| 20 | ov_020 | 3.9140613395215613 × 10^351 |
| 19 | ov_019 | 5.4648781388499 × 10^351 |
| 18 | ov_018 | 7.470215125707944 × 10^351 |
| 17 | ov_017 | 1.001850472855223 × 10^352 |
| 16 | ov_016 | 1.3205591915451604 × 10^352 |
| 15 | ov_015 | 1.7134796882967298 × 10^352 |
| 14 | ov_014 | 2.1917000543141833 × 10^352 |
| 13 | ov_013 | 2.7670757933655513 × 10^352 |
| 12 | ov_012 | 3.4522445213086203 × 10^352 |
| 11 | ov_011 | 4.260644644086403 × 10^352 |
| 10 | ov_010 | 5.206538688023628 × 10^352 |
| 9 | ov_009 | 6.2977014880644806 × 10^352 |
| 8 | ov_008 | 7.542361269955772 × 10^352 |
| 7 | ov_007 | 8.949222443777059 × 10^352 |
| 6 | ov_006 | 1.0527492513407756 × 10^353 |
| 5 | ov_005 | 1.228691340854449 × 10^353 |
| 4 | ov_004 | 1.4237797504581173 × 10^353 |
| 3 | ov_003 | 1.640138098584076 × 10^353 |
| 2 | ov_002 | 1.8800169154864026 × 10^353 |
| 1 | ov_001 | 2.1458034509214343 × 10^353 |

