# Results for F001-F002-F003-F004-F005-F006-F007-F008-F009-F010-F011-F012-F013-F014-F015-F016-F017-F018-F019-F020-F021-F022-F023-F024-F025-F026-F027-F028-F029-F030-F031-F032-F033-F034-F035-F036-F037-F038-F039-F040-F041-F042-F043-F044-F045-F046-F047-F048-F049-F050-F051-F052-F053-F054-F055-F056-F057-F058-F059-F060-F061-F062-F063-F064-F065-F066-F067-F068-F069-F070-F071-F072-F073-F074-F075-F076-F077-F078-F079-F080-F081-F082-F083-F084-F085-F086-F087-F088-F089-F090-F091-F092-F093-F094-F095-F096-F097-F098-F099-F100-F101-F102-F103-F104-F105-F106-F107-F108-F109-F110-F111-F112-F113-F114-F115-F116-F117-F118-F119-F120-F121-F122-F123-F124-F125-F126-F127-F128-F129-F130-F131-F132-F133-F134-F135-F136-F137-F138-F139-F140-F141-F142-F143-F144-F145-F146-F147-F148-F149-F150-F151-F152-F153-F154-F155-F156-F157-F158-F159-F160-F161-F162-F163-F164-F165-F166-F167-F168-F169-F170-F171-F172-F173-F174-F175-F176-F177-F178-F179-F180-F181-F182-F183-F184-F185-F186-F187-F188-F189-F190-F191-F192-F193-F194-F195-F196-F197-F198-F199-F200-F201-F202-F203-F204-F205-F206-F207-F208-F209-F210-F211-F212-F213-F214-F215-F216-F217-F218-F219-F220-F221-F222-F223-F224-F225-F226-F227-F228-F229-F230-F231-F232-F233-F234-F235-F236-F237-F238-F239-F240-F241-F242-F243-F244-F245-F246-F247-F248-F249-F250-F251-F252-F253-F254-F255-F256-F257-F258-F259-F260-F261-F262-F263-F264-F265-F266-F267-F268-F269-F270-F271-F272-F273-F274-F275-F276-F277-F278-F279-F280-F281-F282-F283-F284-F285-F286-F287-F288-F289-F290-F291-F292-F293-F294-F295-F296-F297-F298-F299-F300-F301-F302-F303-F304-F305-F306-F307-F308-F309-F310-F311-F312-F313-F314-F315-F316-F317-F318-F319-F320-F321-F322-F323-F324-F325-F326-F327-F328-F329-F330-F331-F332-F333-F334-F335-F336-F337-F338-F339-F340-F341-F342-F343-F344-F345-F346-F347-F348-F349-F350-F351-F352-F353-F354-F355-F356-F357-F358-F359-F360-F361-F362-F363-F364-F365-F366-F367-F368-F369-F370-F371-F372-F373-F374-F375-F376-F377-F378-F379-F380-F381-F382-F383-F384-F385-F386-F387-F388-F389-F390-F391-F392-F393-F394-F395-F396-F397-F398-F399-F400-F401-F402-F403-F404-F405-F406-F407-F408-F409-F410-F411-F412-F413-F414-F415-F416-F417-F418-F419-F420-F421-F422-F423-F424-F425-F426-F427-F428-F429-F430-F431-F432-F433-F434-F435-F436-F437-F438-F439-F440-F441-F442-F443-F444-F445-F446-F447-F448-F449-F450-F451-F452-F453-F454-F455-F456-F457-F458-F459-F460-F461-F462-F463-F464-F465-F466-F467-F468-F469-F470-F471-F472-F473-F474-F475-F476-F477-F478-F479-F480-F481-F482-F483-F484-F485-F486-F487-F488-F489-F490-F491-F492-F493-F494-F495-F496-F497-F498-F499-F500-F501-O506509-E511512

## Summary

Number of input bits: 512  
Number of free input bits: 9  
Number of output bits: 160

Number of direct occurrences: 37057  
Number of assignments: 31284  
Number of operations: 11289526
(xor: 11259954,
and: 16332,
or: 13240)

Total complexity: 6.676180366810494 × 10^301

Least occurring input variable: iv_502 (3886)  
Most occurring input variable: iv_511 (4502)

Most co-occurring input variables: iv_505-iv_511 (2104)  
Least co-occurring input variables: iv_502-iv_503 (1789)

Potentially most occurring input variable: iv_506/iv_511 (4651)  
Potentially least occurring input variable: iv_505/iv_508 (4141)

Least output occurring input variable: iv_510 (71)  
Most output occurring input variable: iv_506 (84)

Most output co-occurring input variables: iv_505-iv_507 (47)  
Least output co-occurring input variables: iv_508-iv_510 (27)

Potentially most output occurring input variable: iv_502/iv_508 (92)  
Potentially least output occurring input variable: iv_505/iv_507 (61)

Least complex input bit: iv_502 (9.012927701174426 × 10^299)  
Most complex input bit: iv_510 (2.0112193859814924 × 10^301)

Least complex output bit: aaa_76_29 (2.1262604383295792 × 10^276)  
Most complex output bit: ov_001 (1.0557322475476882 × 10^301)

Least complex input/output complexity: iv_502/aaa_76_29 (2.870478410050401 × 10^274)  
Most complex input/output complexity: iv_510/ov_001 (3.18042510239746 × 10^300)

## Input Bits

### Input Bits in Regular Order

| Input Bit | Complexity | Occurrences | Output Occurrences |
|:---------:|:----------:|:-----------:|:------------------:|
| iv_502 | 9.012927701174426 × 10^299 | 3886 | 74 |
| iv_503 | 1.5851865406612566 × 10^300 | 4097 | 74 |
| iv_504 | 2.6041700884079048 × 10^300 | 3943 | 80 |
| iv_505 | 4.092727541530721 × 10^300 | 4129 | 79 |
| iv_506 | 1.6191879572422576 × 10^301 | 4169 | 84 |
| iv_507 | 5.1413132167910415 × 10^300 | 4181 | 76 |
| iv_508 | 9.091055558598325 × 10^300 | 4026 | 74 |
| iv_510 | 2.0112193859814924 × 10^301 | 4124 | 71 |
| iv_511 | 7.041984519760873 × 10^300 | 4502 | 76 |

### Input Bits Sorted by Complexity

| Input Bit | Complexity | Occurrences | Output Occurrences |
|:---------:|:----------:|:-----------:|:------------------:|
| iv_502 | 9.012927701174426 × 10^299 | 3886 | 74 |
| iv_503 | 1.5851865406612566 × 10^300 | 4097 | 74 |
| iv_504 | 2.6041700884079048 × 10^300 | 3943 | 80 |
| iv_505 | 4.092727541530721 × 10^300 | 4129 | 79 |
| iv_507 | 5.1413132167910415 × 10^300 | 4181 | 76 |
| iv_511 | 7.041984519760873 × 10^300 | 4502 | 76 |
| iv_508 | 9.091055558598325 × 10^300 | 4026 | 74 |
| iv_506 | 1.6191879572422576 × 10^301 | 4169 | 84 |
| iv_510 | 2.0112193859814924 × 10^301 | 4124 | 71 |

### Input Bits Sorted by Occurrences

| Input Bit | Complexity | Occurrences | Output Occurrences |
|:---------:|:----------:|:-----------:|:------------------:|
| iv_502 | 9.012927701174426 × 10^299 | 3886 | 74 |
| iv_504 | 2.6041700884079048 × 10^300 | 3943 | 80 |
| iv_508 | 9.091055558598325 × 10^300 | 4026 | 74 |
| iv_503 | 1.5851865406612566 × 10^300 | 4097 | 74 |
| iv_510 | 2.0112193859814924 × 10^301 | 4124 | 71 |
| iv_505 | 4.092727541530721 × 10^300 | 4129 | 79 |
| iv_506 | 1.6191879572422576 × 10^301 | 4169 | 84 |
| iv_507 | 5.1413132167910415 × 10^300 | 4181 | 76 |
| iv_511 | 7.041984519760873 × 10^300 | 4502 | 76 |

### Input Bits Sorted by Output Occurrences

| Input Bit | Complexity | Occurrences | Output Occurrences |
|:---------:|:----------:|:-----------:|:------------------:|
| iv_510 | 2.0112193859814924 × 10^301 | 4124 | 71 |
| iv_502 | 9.012927701174426 × 10^299 | 3886 | 74 |
| iv_503 | 1.5851865406612566 × 10^300 | 4097 | 74 |
| iv_508 | 9.091055558598325 × 10^300 | 4026 | 74 |
| iv_507 | 5.1413132167910415 × 10^300 | 4181 | 76 |
| iv_511 | 7.041984519760873 × 10^300 | 4502 | 76 |
| iv_505 | 4.092727541530721 × 10^300 | 4129 | 79 |
| iv_504 | 2.6041700884079048 × 10^300 | 3943 | 80 |
| iv_506 | 1.6191879572422576 × 10^301 | 4169 | 84 |

## Input Bit Co-occurrences

### Input Bit Co-occurrences Sorted by Co-occurrences

| Input Bits | Co-occurrences | Potential Occurrences | Output Co-occurrences | Potential Output Occurrences |
|:----------:|:--------------:|:---------------------:|:---------------------:|:----------------------------:|
| iv_510-iv_511 | 2104 | 4418 | 37 | 73 |
| iv_505-iv_511 | 2104 | 4423 | 37 | 81 |
| iv_507-iv_511 | 2069 | 4545 | 34 | 84 |
| iv_506-iv_507 | 2035 | 4280 | 44 | 72 |
| iv_503-iv_507 | 2034 | 4210 | 32 | 86 |
| iv_503-iv_511 | 2033 | 4533 | 42 | 66 |
| iv_507-iv_510 | 2032 | 4241 | 37 | 73 |
| iv_507-iv_508 | 2014 | 4179 | 32 | 86 |
| iv_506-iv_511 | 2010 | 4651 | 41 | 78 |

### Input Bit Co-occurrences Sorted by Potential Occurrences

| Input Bits | Co-occurrences | Potential Occurrences | Output Co-occurrences | Potential Output Occurrences |
|:----------:|:--------------:|:---------------------:|:---------------------:|:----------------------------:|
| iv_505-iv_508 | 2007 | 4141 | 39 | 75 |
| iv_507-iv_508 | 2014 | 4179 | 32 | 86 |
| iv_502-iv_505 | 1907 | 4201 | 33 | 87 |
| iv_503-iv_507 | 2034 | 4210 | 32 | 86 |
| iv_504-iv_508 | 1879 | 4211 | 44 | 66 |
| iv_507-iv_510 | 2032 | 4241 | 37 | 73 |
| iv_502-iv_504 | 1794 | 4241 | 36 | 82 |
| iv_504-iv_505 | 1908 | 4256 | 35 | 89 |
| iv_506-iv_507 | 2035 | 4280 | 44 | 72 |

### Input Bit Output Co-occurrences Sorted by Output Co-occurrences

| Input Bits | Co-occurrences | Potential Occurrences | Output Co-occurrences | Potential Output Occurrences |
|:----------:|:--------------:|:---------------------:|:---------------------:|:----------------------------:|
| iv_505-iv_507 | 1942 | 4426 | 47 | 61 |
| iv_502-iv_506 | 1870 | 4315 | 44 | 70 |
| iv_504-iv_508 | 1879 | 4211 | 44 | 66 |
| iv_506-iv_507 | 2035 | 4280 | 44 | 72 |
| iv_503-iv_511 | 2033 | 4533 | 42 | 66 |
| iv_505-iv_506 | 1924 | 4450 | 41 | 81 |
| iv_506-iv_511 | 2010 | 4651 | 41 | 78 |
| iv_504-iv_511 | 1973 | 4499 | 40 | 76 |
| iv_503-iv_504 | 1862 | 4316 | 39 | 76 |

### Input Bit Output Co-occurrences Sorted by Potential Output Occurrences

| Input Bits | Co-occurrences | Potential Occurrences | Output Co-occurrences | Potential Output Occurrences |
|:----------:|:--------------:|:---------------------:|:---------------------:|:----------------------------:|
| iv_505-iv_507 | 1942 | 4426 | 47 | 61 |
| iv_503-iv_511 | 2033 | 4533 | 42 | 66 |
| iv_504-iv_508 | 1879 | 4211 | 44 | 66 |
| iv_502-iv_506 | 1870 | 4315 | 44 | 70 |
| iv_506-iv_507 | 2035 | 4280 | 44 | 72 |
| iv_507-iv_510 | 2032 | 4241 | 37 | 73 |
| iv_510-iv_511 | 2104 | 4418 | 37 | 73 |
| iv_502-iv_511 | 1876 | 4636 | 38 | 74 |
| iv_505-iv_508 | 2007 | 4141 | 39 | 75 |

## Output Bits

### Output Bits in Regular Order

| Rank | Output Bit | Complexity |
|:----:|:----------:|:----------:|
| 1 | ov_001 | 1.0557322475476882 × 10^301 |
| 2 | ov_002 | 9.184475553903091 × 10^300 |
| 3 | ov_003 | 7.944358493104287 × 10^300 |
| 4 | ov_004 | 6.83145705209669 × 10^300 |
| 5 | ov_005 | 5.840559372043157 × 10^300 |
| 6 | ov_006 | 4.962064116590393 × 10^300 |
| 7 | ov_007 | 4.1868762922337395 × 10^300 |
| 8 | ov_008 | 3.506376520423498 × 10^300 |
| 9 | ov_009 | 2.9123946019381197 × 10^300 |
| 10 | ov_010 | 2.3971868918826432 × 10^300 |
| 11 | ov_011 | 1.953417115277176 × 10^300 |
| 12 | ov_012 | 1.5741403591202852 × 10^300 |
| 13 | ov_013 | 1.2527899970705238 × 10^300 |
| 14 | ov_014 | 9.831672476116288 × 10^299 |
| 15 | ov_015 | 7.594330159806568 × 10^299 |
| 16 | ov_016 | 5.761016711008993 × 10^299 |
| 17 | ov_017 | 4.280364346314752 × 10^299 |
| 18 | ov_018 | 3.1044608502030153 × 10^299 |
| 19 | ov_019 | 2.188827051631221 × 10^299 |
| 20 | ov_020 | 1.4924022795283728 × 10^299 |
| 21 | ov_021 | 9.775355966562852 × 10^298 |
| 22 | ov_022 | 6.099808678194223 × 10^298 |
| 23 | ov_023 | 3.5889404827981696 × 10^298 |
| 24 | ov_024 | 1.9683159628506212 × 10^298 |
| 25 | ov_025 | 9.974948234230326 × 10^297 |
| 26 | ov_026 | 4.700259467765682 × 10^297 |
| 27 | ov_027 | 2.1344420085168204 × 10^297 |
| 28 | ov_028 | 8.926895818262042 × 10^296 |
| 29 | ov_029 | 3.6755923836199408 × 10^296 |
| 30 | ov_030 | 1.2152703915353733 × 10^296 |
| 31 | ov_031 | 2.940482040485483 × 10^295 |
| 32 | lv_80_k31 | 7.112618007240649 × 10^294 |
| 33 | ov_033 | 8.519816658373066 × 10^295 |
| 34 | ov_034 | 7.370529808761579 × 10^295 |
| 35 | ov_035 | 6.345347192333741 × 10^295 |
| 36 | ov_036 | 5.434179313854999 × 10^295 |
| 37 | ov_037 | 4.627482675684732 × 10^295 |
| 38 | ov_038 | 3.9162208749095877 × 10^295 |
| 39 | ov_039 | 3.2918309338120115 × 10^295 |
| 40 | ov_040 | 2.7461943760365556 × 10^295 |
| 41 | ov_041 | 2.2716125852682013 × 10^295 |
| 42 | ov_042 | 1.8607860072888607 × 10^295 |
| 43 | ov_043 | 1.506796779996259 × 10^295 |
| 44 | ov_044 | 1.2030943994004766 × 10^295 |
| 45 | ov_045 | 9.434840527969068 × 10^294 |
| 46 | ov_046 | 7.24955953835133 × 10^294 |
| 47 | ov_047 | 5.4467142196600873 × 10^294 |
| 48 | ov_048 | 3.999596694736448 × 10^294 |
| 49 | ov_049 | 2.8597369764458824 × 10^294 |
| 50 | ov_050 | 1.981925633259685 × 10^294 |
| 51 | ov_051 | 1.3241924581766156 × 10^294 |
| 52 | ov_052 | 8.477923446452865 × 10^293 |
| 53 | ov_053 | 5.171964839633794 × 10^293 |
| 54 | ov_054 | 3.0008722084204337 × 10^293 |
| 55 | ov_055 | 1.6735518819636434 × 10^293 |
| 56 | ov_056 | 9.309773730841045 × 10^292 |
| 57 | ov_057 | 5.461806755850685 × 10^292 |
| 58 | ov_058 | 3.242473803394371 × 10^292 |
| 59 | ov_059 | 1.75733245902918 × 10^292 |
| 60 | ov_060 | 8.461353197497654 × 10^291 |
| 61 | ov_061 | 3.48636049526153 × 10^291 |
| 62 | ov_062 | 1.1534105186428652 × 10^291 |
| 63 | ov_063 | 2.792500626795422 × 10^290 |
| 64 | lv_79_k31 | 6.758420320328479 × 10^289 |
| 65 | ov_065 | 7.99822800600515 × 10^290 |
| 66 | ov_066 | 7.998211641464749 × 10^290 |
| 67 | ov_067 | 7.998206531427111 × 10^290 |
| 68 | ov_068 | 6.922959268167321 × 10^290 |
| 69 | ov_069 | 5.956631365309217 × 10^290 |
| 70 | ov_070 | 5.094951653020122 × 10^290 |
| 71 | ov_071 | 4.329977122858035 × 10^290 |
| 72 | ov_072 | 3.654135090638729 × 10^290 |
| 73 | ov_073 | 3.0602036383257073 × 10^290 |
| 74 | ov_074 | 2.5412963495935712 × 10^290 |
| 75 | ov_075 | 2.090850573064528 × 10^290 |
| 76 | ov_076 | 1.7026184879610393 × 10^290 |
| 77 | ov_077 | 1.3706602863604142 × 10^290 |
| 78 | ov_078 | 1.0893388246361703 × 10^290 |
| 79 | ov_079 | 8.533151990246428 × 10^289 |
| 80 | ov_080 | 6.575449270352071 × 10^289 |
| 81 | ov_081 | 4.972746292683874 × 10^289 |
| 82 | ov_082 | 3.6803917575654567 × 10^289 |
| 83 | ov_083 | 2.656592611053648 × 10^289 |
| 84 | ov_084 | 1.8623937281809292 × 10^289 |
| 85 | ov_085 | 1.261661172467623 × 10^289 |
| 86 | ov_086 | 8.210686765032234 × 10^288 |
| 87 | ov_087 | 5.100869885977948 × 10^288 |
| 88 | ov_088 | 3.009757306195767 × 10^288 |
| 89 | ov_089 | 1.6877741220231114 × 10^288 |
| 90 | ov_090 | 9.131324654510282 × 10^287 |
| 91 | ov_091 | 4.918041304991444 × 10^287 |
| 92 | ov_092 | 2.575041504221021 × 10^287 |
| 93 | ov_093 | 1.3402437424560275 × 10^287 |
| 94 | ov_094 | 5.902241210913417 × 10^286 |
| 95 | aaa_78_28 | 1.8634065103151727 × 10^286 |
| 96 | aaa_78_29 | 6.868983257471585 × 10^285 |
| 97 | ov_097 | 5.763525559238366 × 10^285 |
| 98 | ov_098 | 5.763467146208861 × 10^285 |
| 99 | ov_099 | 5.763448498446387 × 10^285 |
| 100 | ov_100 | 4.758678616776464 × 10^285 |
| 101 | ov_101 | 3.898103909944269 × 10^285 |
| 102 | ov_102 | 3.1673757998876427 × 10^285 |
| 103 | ov_103 | 2.552929287735301 × 10^285 |
| 104 | ov_104 | 2.0419255237700974 × 10^285 |
| 105 | ov_105 | 1.6222019385038086 × 10^285 |
| 106 | ov_106 | 1.282229239486471 × 10^285 |
| 107 | ov_107 | 1.0110746156883196 × 10^285 |
| 108 | ov_108 | 7.983705269673587 × 10^284 |
| 109 | ov_109 | 6.342884905404797 × 10^284 |
| 110 | ov_110 | 5.095173097472814 × 10^284 |
| 111 | ov_111 | 4.152452229381517 × 10^284 |
| 112 | ov_112 | 3.4314548220826656 × 10^284 |
| 113 | ov_113 | 2.8536490308810133 × 10^284 |
| 114 | ov_114 | 2.3451495731385075 × 10^284 |
| 115 | ov_115 | 1.9014273190563643 × 10^284 |
| 116 | ov_116 | 1.5179885264587092 × 10^284 |
| 117 | ov_117 | 1.1903634674046731 × 10^284 |
| 118 | ov_118 | 9.140978102682185 × 10^283 |
| 119 | ov_119 | 6.847464546354848 × 10^283 |
| 120 | ov_120 | 4.978695164945368 × 10^283 |
| 121 | ov_121 | 3.490299869839083 × 10^283 |
| 122 | ov_122 | 2.337924515284608 × 10^283 |
| 123 | ov_123 | 1.4772240741075043 × 10^283 |
| 124 | ov_124 | 8.63858665657643 × 10^282 |
| 125 | ov_125 | 4.534909499098788 × 10^282 |
| 126 | ov_126 | 2.017846288420756 × 10^282 |
| 127 | aaa_77_28 | 6.440373731725834 × 10^281 |
| 128 | aaa_77_29 | 2.412777073714975 × 10^281 |
| 129 | ov_129 | 2.2104022309999924 × 10^281 |
| 130 | ov_130 | 2.210397058241663 × 10^281 |
| 131 | ov_131 | 2.2103953964282322 × 10^281 |
| 132 | ov_132 | 1.9116349215248652 × 10^281 |
| 133 | ov_133 | 1.6444487669300061 × 10^281 |
| 134 | ov_134 | 1.4064126696583123 × 10^281 |
| 135 | ov_135 | 1.1952376241225248 × 10^281 |
| 136 | ov_136 | 1.008759999369665 × 10^281 |
| 137 | ov_137 | 8.449329102522879 × 10^280 |
| 138 | ov_138 | 7.0181875448529225 × 10^280 |
| 139 | ov_139 | 5.7758281126595825 × 10^280 |
| 140 | ov_140 | 4.704877957657851 × 10^280 |
| 141 | ov_141 | 3.78889269616922 × 10^280 |
| 142 | ov_142 | 3.0123181319063025 × 10^280 |
| 143 | ov_143 | 2.3604587103191673 × 10^280 |
| 144 | ov_144 | 1.8194518729968412 × 10^280 |
| 145 | ov_145 | 1.376247534872222 × 10^280 |
| 146 | ov_146 | 1.0185919608125734 × 10^280 |
| 147 | ov_147 | 7.350153717286276 × 10^279 |
| 148 | ov_148 | 5.148226637060494 × 10^279 |
| 149 | ov_149 | 3.48086676926156 × 10^279 |
| 150 | ov_150 | 2.2564350434465772 × 10^279 |
| 151 | ov_151 | 1.3908938326463386 × 10^279 |
| 152 | ov_152 | 8.07787660873083 × 10^278 |
| 153 | ov_153 | 4.382321965951691 × 10^278 |
| 154 | ov_154 | 2.2090855765135727 × 10^278 |
| 155 | ov_155 | 1.0206056166988564 × 10^278 |
| 156 | aaa_76_25 | 3.549343990702961 × 10^277 |
| 157 | aaa_76_26 | 2.1846671040309635 × 10^277 |
| 158 | aaa_76_27 | 1.1980026405488634 × 10^277 |
| 159 | aaa_76_28 | 5.646396774863034 × 10^276 |
| 160 | aaa_76_29 | 2.1262604383295792 × 10^276 |

### Output Bits Sorted by Complexity

| Rank | Output Bit | Complexity |
|:----:|:----------:|:----------:|
| 160 | aaa_76_29 | 2.1262604383295792 × 10^276 |
| 159 | aaa_76_28 | 5.646396774863034 × 10^276 |
| 158 | aaa_76_27 | 1.1980026405488634 × 10^277 |
| 157 | aaa_76_26 | 2.1846671040309635 × 10^277 |
| 156 | aaa_76_25 | 3.549343990702961 × 10^277 |
| 155 | ov_155 | 1.0206056166988564 × 10^278 |
| 154 | ov_154 | 2.2090855765135727 × 10^278 |
| 153 | ov_153 | 4.382321965951691 × 10^278 |
| 152 | ov_152 | 8.07787660873083 × 10^278 |
| 151 | ov_151 | 1.3908938326463386 × 10^279 |
| 150 | ov_150 | 2.2564350434465772 × 10^279 |
| 149 | ov_149 | 3.48086676926156 × 10^279 |
| 148 | ov_148 | 5.148226637060494 × 10^279 |
| 147 | ov_147 | 7.350153717286276 × 10^279 |
| 146 | ov_146 | 1.0185919608125734 × 10^280 |
| 145 | ov_145 | 1.376247534872222 × 10^280 |
| 144 | ov_144 | 1.8194518729968412 × 10^280 |
| 143 | ov_143 | 2.3604587103191673 × 10^280 |
| 142 | ov_142 | 3.0123181319063025 × 10^280 |
| 141 | ov_141 | 3.78889269616922 × 10^280 |
| 140 | ov_140 | 4.704877957657851 × 10^280 |
| 139 | ov_139 | 5.7758281126595825 × 10^280 |
| 138 | ov_138 | 7.0181875448529225 × 10^280 |
| 137 | ov_137 | 8.449329102522879 × 10^280 |
| 136 | ov_136 | 1.008759999369665 × 10^281 |
| 135 | ov_135 | 1.1952376241225248 × 10^281 |
| 134 | ov_134 | 1.4064126696583123 × 10^281 |
| 133 | ov_133 | 1.6444487669300061 × 10^281 |
| 132 | ov_132 | 1.9116349215248652 × 10^281 |
| 131 | ov_131 | 2.2103953964282322 × 10^281 |
| 130 | ov_130 | 2.210397058241663 × 10^281 |
| 129 | ov_129 | 2.2104022309999924 × 10^281 |
| 128 | aaa_77_29 | 2.412777073714975 × 10^281 |
| 127 | aaa_77_28 | 6.440373731725834 × 10^281 |
| 126 | ov_126 | 2.017846288420756 × 10^282 |
| 125 | ov_125 | 4.534909499098788 × 10^282 |
| 124 | ov_124 | 8.63858665657643 × 10^282 |
| 123 | ov_123 | 1.4772240741075043 × 10^283 |
| 122 | ov_122 | 2.337924515284608 × 10^283 |
| 121 | ov_121 | 3.490299869839083 × 10^283 |
| 120 | ov_120 | 4.978695164945368 × 10^283 |
| 119 | ov_119 | 6.847464546354848 × 10^283 |
| 118 | ov_118 | 9.140978102682185 × 10^283 |
| 117 | ov_117 | 1.1903634674046731 × 10^284 |
| 116 | ov_116 | 1.5179885264587092 × 10^284 |
| 115 | ov_115 | 1.9014273190563643 × 10^284 |
| 114 | ov_114 | 2.3451495731385075 × 10^284 |
| 113 | ov_113 | 2.8536490308810133 × 10^284 |
| 112 | ov_112 | 3.4314548220826656 × 10^284 |
| 111 | ov_111 | 4.152452229381517 × 10^284 |
| 110 | ov_110 | 5.095173097472814 × 10^284 |
| 109 | ov_109 | 6.342884905404797 × 10^284 |
| 108 | ov_108 | 7.983705269673587 × 10^284 |
| 107 | ov_107 | 1.0110746156883196 × 10^285 |
| 106 | ov_106 | 1.282229239486471 × 10^285 |
| 105 | ov_105 | 1.6222019385038086 × 10^285 |
| 104 | ov_104 | 2.0419255237700974 × 10^285 |
| 103 | ov_103 | 2.552929287735301 × 10^285 |
| 102 | ov_102 | 3.1673757998876427 × 10^285 |
| 101 | ov_101 | 3.898103909944269 × 10^285 |
| 100 | ov_100 | 4.758678616776464 × 10^285 |
| 99 | ov_099 | 5.763448498446387 × 10^285 |
| 98 | ov_098 | 5.763467146208861 × 10^285 |
| 97 | ov_097 | 5.763525559238366 × 10^285 |
| 96 | aaa_78_29 | 6.868983257471585 × 10^285 |
| 95 | aaa_78_28 | 1.8634065103151727 × 10^286 |
| 94 | ov_094 | 5.902241210913417 × 10^286 |
| 93 | ov_093 | 1.3402437424560275 × 10^287 |
| 92 | ov_092 | 2.575041504221021 × 10^287 |
| 91 | ov_091 | 4.918041304991444 × 10^287 |
| 90 | ov_090 | 9.131324654510282 × 10^287 |
| 89 | ov_089 | 1.6877741220231114 × 10^288 |
| 88 | ov_088 | 3.009757306195767 × 10^288 |
| 87 | ov_087 | 5.100869885977948 × 10^288 |
| 86 | ov_086 | 8.210686765032234 × 10^288 |
| 85 | ov_085 | 1.261661172467623 × 10^289 |
| 84 | ov_084 | 1.8623937281809292 × 10^289 |
| 83 | ov_083 | 2.656592611053648 × 10^289 |
| 82 | ov_082 | 3.6803917575654567 × 10^289 |
| 81 | ov_081 | 4.972746292683874 × 10^289 |
| 80 | ov_080 | 6.575449270352071 × 10^289 |
| 64 | lv_79_k31 | 6.758420320328479 × 10^289 |
| 79 | ov_079 | 8.533151990246428 × 10^289 |
| 78 | ov_078 | 1.0893388246361703 × 10^290 |
| 77 | ov_077 | 1.3706602863604142 × 10^290 |
| 76 | ov_076 | 1.7026184879610393 × 10^290 |
| 75 | ov_075 | 2.090850573064528 × 10^290 |
| 74 | ov_074 | 2.5412963495935712 × 10^290 |
| 63 | ov_063 | 2.792500626795422 × 10^290 |
| 73 | ov_073 | 3.0602036383257073 × 10^290 |
| 72 | ov_072 | 3.654135090638729 × 10^290 |
| 71 | ov_071 | 4.329977122858035 × 10^290 |
| 70 | ov_070 | 5.094951653020122 × 10^290 |
| 69 | ov_069 | 5.956631365309217 × 10^290 |
| 68 | ov_068 | 6.922959268167321 × 10^290 |
| 67 | ov_067 | 7.998206531427111 × 10^290 |
| 66 | ov_066 | 7.998211641464749 × 10^290 |
| 65 | ov_065 | 7.99822800600515 × 10^290 |
| 62 | ov_062 | 1.1534105186428652 × 10^291 |
| 61 | ov_061 | 3.48636049526153 × 10^291 |
| 60 | ov_060 | 8.461353197497654 × 10^291 |
| 59 | ov_059 | 1.75733245902918 × 10^292 |
| 58 | ov_058 | 3.242473803394371 × 10^292 |
| 57 | ov_057 | 5.461806755850685 × 10^292 |
| 56 | ov_056 | 9.309773730841045 × 10^292 |
| 55 | ov_055 | 1.6735518819636434 × 10^293 |
| 54 | ov_054 | 3.0008722084204337 × 10^293 |
| 53 | ov_053 | 5.171964839633794 × 10^293 |
| 52 | ov_052 | 8.477923446452865 × 10^293 |
| 51 | ov_051 | 1.3241924581766156 × 10^294 |
| 50 | ov_050 | 1.981925633259685 × 10^294 |
| 49 | ov_049 | 2.8597369764458824 × 10^294 |
| 48 | ov_048 | 3.999596694736448 × 10^294 |
| 47 | ov_047 | 5.4467142196600873 × 10^294 |
| 32 | lv_80_k31 | 7.112618007240649 × 10^294 |
| 46 | ov_046 | 7.24955953835133 × 10^294 |
| 45 | ov_045 | 9.434840527969068 × 10^294 |
| 44 | ov_044 | 1.2030943994004766 × 10^295 |
| 43 | ov_043 | 1.506796779996259 × 10^295 |
| 42 | ov_042 | 1.8607860072888607 × 10^295 |
| 41 | ov_041 | 2.2716125852682013 × 10^295 |
| 40 | ov_040 | 2.7461943760365556 × 10^295 |
| 31 | ov_031 | 2.940482040485483 × 10^295 |
| 39 | ov_039 | 3.2918309338120115 × 10^295 |
| 38 | ov_038 | 3.9162208749095877 × 10^295 |
| 37 | ov_037 | 4.627482675684732 × 10^295 |
| 36 | ov_036 | 5.434179313854999 × 10^295 |
| 35 | ov_035 | 6.345347192333741 × 10^295 |
| 34 | ov_034 | 7.370529808761579 × 10^295 |
| 33 | ov_033 | 8.519816658373066 × 10^295 |
| 30 | ov_030 | 1.2152703915353733 × 10^296 |
| 29 | ov_029 | 3.6755923836199408 × 10^296 |
| 28 | ov_028 | 8.926895818262042 × 10^296 |
| 27 | ov_027 | 2.1344420085168204 × 10^297 |
| 26 | ov_026 | 4.700259467765682 × 10^297 |
| 25 | ov_025 | 9.974948234230326 × 10^297 |
| 24 | ov_024 | 1.9683159628506212 × 10^298 |
| 23 | ov_023 | 3.5889404827981696 × 10^298 |
| 22 | ov_022 | 6.099808678194223 × 10^298 |
| 21 | ov_021 | 9.775355966562852 × 10^298 |
| 20 | ov_020 | 1.4924022795283728 × 10^299 |
| 19 | ov_019 | 2.188827051631221 × 10^299 |
| 18 | ov_018 | 3.1044608502030153 × 10^299 |
| 17 | ov_017 | 4.280364346314752 × 10^299 |
| 16 | ov_016 | 5.761016711008993 × 10^299 |
| 15 | ov_015 | 7.594330159806568 × 10^299 |
| 14 | ov_014 | 9.831672476116288 × 10^299 |
| 13 | ov_013 | 1.2527899970705238 × 10^300 |
| 12 | ov_012 | 1.5741403591202852 × 10^300 |
| 11 | ov_011 | 1.953417115277176 × 10^300 |
| 10 | ov_010 | 2.3971868918826432 × 10^300 |
| 9 | ov_009 | 2.9123946019381197 × 10^300 |
| 8 | ov_008 | 3.506376520423498 × 10^300 |
| 7 | ov_007 | 4.1868762922337395 × 10^300 |
| 6 | ov_006 | 4.962064116590393 × 10^300 |
| 5 | ov_005 | 5.840559372043157 × 10^300 |
| 4 | ov_004 | 6.83145705209669 × 10^300 |
| 3 | ov_003 | 7.944358493104287 × 10^300 |
| 2 | ov_002 | 9.184475553903091 × 10^300 |
| 1 | ov_001 | 1.0557322475476882 × 10^301 |

