# Results for F001-F002-F003-F004-F005-F006-F007-F008-F009-F010-F011-F012-F013-F014-F015-F016-F017-F018-F019-F020-F021-F022-F023-F024-F025-F026-F027-F028-F029-F030-F031-F032-F033-F034-F035-F036-F037-F038-F039-F040-F041-F042-F043-F044-F045-F046-F047-F048-F049-F050-F051-F052-F053-F054-F055-F056-F057-F058-F059-F060-F061-F062-F063-F064-F065-F066-F067-F068-F069-F070-F071-F072-F073-F074-F075-F076-F077-F078-F079-F080-F081-F082-F083-F084-F085-F086-F087-F088-F089-F090-F091-F092-F093-F094-F095-F096-F097-F098-F099-F100-F101-F102-F103-F104-F105-F106-F107-F108-F109-F110-F111-F112-F113-F114-F115-F116-F117-F118-F119-F120-F121-F122-F123-F124-F125-F126-F127-F128-F129-F130-F131-F132-F133-F134-F135-F136-F137-F138-F139-F140-F141-F142-F143-F144-F145-F146-F147-F148-F149-F150-F151-F152-F153-F154-F155-F156-F157-F158-F159-F160-F161-F162-F163-F164-F165-F166-F167-F168-F169-F170-F171-F172-F173-F174-F175-F176-F177-F178-F179-F180-F181-F182-F183-F184-F185-F186-F187-F188-F189-F190-F191-F192-F193-F194-F195-F196-F197-F198-F199-F200-F201-F202-F203-F204-F205-F206-F207-F208-F209-F210-F211-F212-F213-F214-F215-F216-F217-F218-F219-F220-F221-F222-F223-F224-F225-F226-F227-F228-F229-F230-F231-F232-F233-F234-F235-F236-F237-F238-F239-F240-F241-F242-F243-F244-F245-F246-F247-F248-F249-F250-F251-F252-F253-F254-F255-F256-F257-F258-F259-F260-F261-F262-F263-F264-F265-F266-F267-F268-F269-F270-F271-F272-F273-F274-F275-F276-F277-F278-F279-F280-F281-F282-F283-F284-F285-F286-F287-F288-F289-F290-F291-F292-F293-F294-F295-F296-F297-F298-F299-F300-F301-F302-F303-F304-F305-F306-F307-F308-F309-F310-F311-F312-F313-F314-F315-F316-F317-F318-F319-F320-F321-F322-F323-F324-F325-F326-F327-F328-F329-F330-F331-F332-F333-F334-F335-F336-F337-F338-F339-F340-F341-F342-F343-F344-F345-F346-F347-F348-F349-F350-F351-F352-F353-F354-F355-F356-F357-F358-F359-F360-F361-F362-F363-F364-F365-F366-F367-F368-F369-F370-F371-F372-F373-F374-F375-F376-F377-F378-F379-F380-F381-F382-F383-F384-F385-F386-F387-F388-F389-F390-F391-F392-F393-F394-F395-F396-F397-F398-F399-F400-F401-F402-F403-F404-F405-F406-F407-F408-F409-F410-F411-F412-F413-F414-F415-F416-F417-F418-F419-F420-F421-F422-F423-F424-F425-F426-F427-F428-F429-F430-F431-F432-F433-F434-F435-F436-F437-F438-F439-F440-F441-F442-F443-F444-F445-F446-F447-F448-F449-F450-F451-F452-F453-F454-F455-F456-F457-F458-F459-F460-F461-F462-F463-F464-F465-F466-F467-F468-F469-F470-F471-F472-F473-F474-F475-F476-F477-F478-F479-F480-F481-F482-F483-F484-F485-F486-F487-F488-F489-F490-F491-F492-F493-F494-F495-F496-E497507-E497508-E499505-F509-F510-F511-F512

## Summary

Number of input bits: 512  
Number of free input bits: 9  
Number of output bits: 160

Number of direct occurrences: 36545  
Number of assignments: 30987  
Number of operations: 10787562
(xor: 10759591,
and: 14718,
or: 13253)

Total complexity: 2.7444427710213837 × 10^297

Least occurring input variable: iv_502 (3833)  
Most occurring input variable: iv_497 (4442)

Most co-occurring input variables: iv_497-iv_506 (2062)  
Least co-occurring input variables: iv_498-iv_502 (1738)

Potentially most occurring input variable: iv_497/iv_501 (4691)  
Potentially least occurring input variable: iv_498/iv_504 (4053)

Least output occurring input variable: iv_503 (75)  
Most output occurring input variable: iv_506 (91)

Most output co-occurring input variables: iv_501-iv_506 (52)  
Least output co-occurring input variables: iv_497-iv_501 (30)

Potentially most output occurring input variable: iv_497/iv_501 (104)  
Potentially least output occurring input variable: iv_502/iv_504 (65)

Least complex input bit: iv_498 (2.2545948628639979 × 10^295)  
Most complex input bit: iv_499 (7.757502758992981 × 10^296)

Least complex output bit: aaa_76_29 (6.73190573004273 × 10^272)  
Most complex output bit: ov_001 (4.424954645794695 × 10^296)

Least complex input/output complexity: iv_498/aaa_76_29 (5.530346719742456 × 10^270)  
Most complex input/output complexity: iv_499/ov_001 (1.2507674867782356 × 10^296)

## Input Bits

### Input Bits in Regular Order

| Input Bit | Complexity | Occurrences | Output Occurrences |
|:---------:|:----------:|:-----------:|:------------------:|
| iv_497 | 4.125302435562594 × 10^296 | 4442 | 81 |
| iv_498 | 2.2545948628639979 × 10^295 | 3887 | 88 |
| iv_499 | 7.757502758992981 × 10^296 | 4161 | 84 |
| iv_500 | 6.932344504655673 × 10^295 | 4058 | 76 |
| iv_501 | 1.1621258934739864 × 10^296 | 4029 | 83 |
| iv_502 | 1.902279102761686 × 10^296 | 3833 | 82 |
| iv_503 | 3.0501592695518695 × 10^296 | 3998 | 75 |
| iv_504 | 4.783136670108879 × 10^296 | 4042 | 83 |
| iv_506 | 3.7452276430099005 × 10^296 | 4095 | 91 |

### Input Bits Sorted by Complexity

| Input Bit | Complexity | Occurrences | Output Occurrences |
|:---------:|:----------:|:-----------:|:------------------:|
| iv_498 | 2.2545948628639979 × 10^295 | 3887 | 88 |
| iv_500 | 6.932344504655673 × 10^295 | 4058 | 76 |
| iv_501 | 1.1621258934739864 × 10^296 | 4029 | 83 |
| iv_502 | 1.902279102761686 × 10^296 | 3833 | 82 |
| iv_503 | 3.0501592695518695 × 10^296 | 3998 | 75 |
| iv_506 | 3.7452276430099005 × 10^296 | 4095 | 91 |
| iv_497 | 4.125302435562594 × 10^296 | 4442 | 81 |
| iv_504 | 4.783136670108879 × 10^296 | 4042 | 83 |
| iv_499 | 7.757502758992981 × 10^296 | 4161 | 84 |

### Input Bits Sorted by Occurrences

| Input Bit | Complexity | Occurrences | Output Occurrences |
|:---------:|:----------:|:-----------:|:------------------:|
| iv_502 | 1.902279102761686 × 10^296 | 3833 | 82 |
| iv_498 | 2.2545948628639979 × 10^295 | 3887 | 88 |
| iv_503 | 3.0501592695518695 × 10^296 | 3998 | 75 |
| iv_501 | 1.1621258934739864 × 10^296 | 4029 | 83 |
| iv_504 | 4.783136670108879 × 10^296 | 4042 | 83 |
| iv_500 | 6.932344504655673 × 10^295 | 4058 | 76 |
| iv_506 | 3.7452276430099005 × 10^296 | 4095 | 91 |
| iv_499 | 7.757502758992981 × 10^296 | 4161 | 84 |
| iv_497 | 4.125302435562594 × 10^296 | 4442 | 81 |

### Input Bits Sorted by Output Occurrences

| Input Bit | Complexity | Occurrences | Output Occurrences |
|:---------:|:----------:|:-----------:|:------------------:|
| iv_503 | 3.0501592695518695 × 10^296 | 3998 | 75 |
| iv_500 | 6.932344504655673 × 10^295 | 4058 | 76 |
| iv_497 | 4.125302435562594 × 10^296 | 4442 | 81 |
| iv_502 | 1.902279102761686 × 10^296 | 3833 | 82 |
| iv_501 | 1.1621258934739864 × 10^296 | 4029 | 83 |
| iv_504 | 4.783136670108879 × 10^296 | 4042 | 83 |
| iv_499 | 7.757502758992981 × 10^296 | 4161 | 84 |
| iv_498 | 2.2545948628639979 × 10^295 | 3887 | 88 |
| iv_506 | 3.7452276430099005 × 10^296 | 4095 | 91 |

## Input Bit Co-occurrences

### Input Bit Co-occurrences Sorted by Co-occurrences

| Input Bits | Co-occurrences | Potential Occurrences | Output Co-occurrences | Potential Output Occurrences |
|:----------:|:--------------:|:---------------------:|:---------------------:|:----------------------------:|
| iv_497-iv_506 | 2062 | 4413 | 43 | 86 |
| iv_499-iv_504 | 2061 | 4081 | 43 | 81 |
| iv_497-iv_504 | 2008 | 4468 | 45 | 74 |
| iv_497-iv_499 | 2006 | 4591 | 41 | 83 |
| iv_499-iv_500 | 2001 | 4217 | 40 | 80 |
| iv_497-iv_500 | 1988 | 4524 | 42 | 73 |
| iv_500-iv_506 | 1988 | 4177 | 48 | 71 |
| iv_499-iv_506 | 1964 | 4328 | 48 | 79 |
| iv_500-iv_504 | 1959 | 4182 | 39 | 81 |

### Input Bit Co-occurrences Sorted by Potential Occurrences

| Input Bits | Co-occurrences | Potential Occurrences | Output Co-occurrences | Potential Output Occurrences |
|:----------:|:--------------:|:---------------------:|:---------------------:|:----------------------------:|
| iv_498-iv_504 | 1938 | 4053 | 48 | 75 |
| iv_499-iv_504 | 2061 | 4081 | 43 | 81 |
| iv_502-iv_504 | 1868 | 4139 | 50 | 65 |
| iv_498-iv_506 | 1911 | 4160 | 48 | 83 |
| iv_500-iv_506 | 1988 | 4177 | 48 | 71 |
| iv_500-iv_504 | 1959 | 4182 | 39 | 81 |
| iv_502-iv_506 | 1871 | 4186 | 50 | 73 |
| iv_500-iv_502 | 1851 | 4189 | 37 | 84 |
| iv_500-iv_501 | 1942 | 4203 | 41 | 77 |

### Input Bit Output Co-occurrences Sorted by Output Co-occurrences

| Input Bits | Co-occurrences | Potential Occurrences | Output Co-occurrences | Potential Output Occurrences |
|:----------:|:--------------:|:---------------------:|:---------------------:|:----------------------------:|
| iv_501-iv_506 | 1944 | 4236 | 52 | 70 |
| iv_502-iv_506 | 1871 | 4186 | 50 | 73 |
| iv_502-iv_504 | 1868 | 4139 | 50 | 65 |
| iv_504-iv_506 | 1935 | 4267 | 49 | 76 |
| iv_499-iv_506 | 1964 | 4328 | 48 | 79 |
| iv_498-iv_501 | 1843 | 4230 | 48 | 75 |
| iv_498-iv_504 | 1938 | 4053 | 48 | 75 |
| iv_498-iv_506 | 1911 | 4160 | 48 | 83 |
| iv_500-iv_506 | 1988 | 4177 | 48 | 71 |

### Input Bit Output Co-occurrences Sorted by Potential Output Occurrences

| Input Bits | Co-occurrences | Potential Occurrences | Output Co-occurrences | Potential Output Occurrences |
|:----------:|:--------------:|:---------------------:|:---------------------:|:----------------------------:|
| iv_502-iv_504 | 1868 | 4139 | 50 | 65 |
| iv_501-iv_506 | 1944 | 4236 | 52 | 70 |
| iv_500-iv_506 | 1988 | 4177 | 48 | 71 |
| iv_502-iv_506 | 1871 | 4186 | 50 | 73 |
| iv_497-iv_500 | 1988 | 4524 | 42 | 73 |
| iv_497-iv_502 | 1928 | 4419 | 45 | 73 |
| iv_500-iv_503 | 1918 | 4220 | 39 | 73 |
| iv_497-iv_504 | 2008 | 4468 | 45 | 74 |
| iv_498-iv_501 | 1843 | 4230 | 48 | 75 |

## Output Bits

### Output Bits in Regular Order

| Rank | Output Bit | Complexity |
|:----:|:----------:|:----------:|
| 1 | ov_001 | 4.424954645794695 × 10^296 |
| 2 | ov_002 | 3.831700743232923 × 10^296 |
| 3 | ov_003 | 3.3008945120995454 × 10^296 |
| 4 | ov_004 | 2.827766741252474 × 10^296 |
| 5 | ov_005 | 2.40780825939028 × 10^296 |
| 6 | ov_006 | 2.0367513916974823 × 10^296 |
| 7 | ov_007 | 1.7105538107327136 × 10^296 |
| 8 | ov_008 | 1.4253846260489106 × 10^296 |
| 9 | ov_009 | 1.1776125393415907 × 10^296 |
| 10 | ov_010 | 9.637958601216959 × 10^295 |
| 11 | ov_011 | 7.806741745334157 × 10^295 |
| 12 | ov_012 | 6.251614717704759 × 10^295 |
| 13 | ov_013 | 4.94340544163195 × 10^295 |
| 14 | ov_014 | 3.85458488462252 × 10^295 |
| 15 | ov_015 | 2.9592314717347996 × 10^295 |
| 16 | ov_016 | 2.2330034003281015 × 10^295 |
| 17 | ov_017 | 1.6531174687647977 × 10^295 |
| 18 | ov_018 | 1.1983331427792644 × 10^295 |
| 19 | ov_019 | 8.489406940393114 × 10^294 |
| 20 | ov_020 | 5.867524081288933 × 10^294 |
| 21 | ov_021 | 3.9509611910231315 × 10^294 |
| 22 | ov_022 | 2.5881056691259505 × 10^294 |
| 23 | ov_023 | 1.6424218817665154 × 10^294 |
| 24 | ov_024 | 9.924300585047694 × 10^293 |
| 25 | ov_025 | 5.811522329826533 × 10^293 |
| 26 | ov_026 | 3.1718747995682995 × 10^293 |
| 27 | ov_027 | 1.5859372229676553 × 10^293 |
| 28 | ov_028 | 7.094467839117376 × 10^292 |
| 29 | ov_029 | 2.732952848439281 × 10^292 |
| 30 | ov_030 | 8.352827259177263 × 10^291 |
| 31 | ov_031 | 1.6287980976103244 × 10^291 |
| 32 | lv_80_m31 | 3.175613786289302 × 10^290 |
| 33 | ov_033 | 3.8046735308391424 × 10^291 |
| 34 | ov_034 | 3.2989853877135104 × 10^291 |
| 35 | ov_035 | 2.8465928514471635 × 10^291 |
| 36 | ov_036 | 2.4431683154945578 × 10^291 |
| 37 | ov_037 | 2.0846157325073567 × 10^291 |
| 38 | ov_038 | 1.767054353851061 × 10^291 |
| 39 | ov_039 | 1.4868047281064082 × 10^291 |
| 40 | ov_040 | 1.2403767326901835 × 10^291 |
| 41 | ov_041 | 1.0244594265116831 × 10^291 |
| 42 | ov_042 | 8.374409733772489 × 10^290 |
| 43 | ov_043 | 6.7779292455584535 × 10^290 |
| 44 | ov_044 | 5.426962985043199 × 10^290 |
| 45 | ov_045 | 4.2948511906306544 × 10^290 |
| 46 | ov_046 | 3.3564262887104725 × 10^290 |
| 47 | ov_047 | 2.587983062804974 × 10^290 |
| 48 | ov_048 | 1.9672555449786806 × 10^290 |
| 49 | ov_049 | 1.4733994181125672 × 10^290 |
| 50 | ov_050 | 1.0869788171074487 × 10^290 |
| 51 | ov_051 | 7.8995656637427915 × 10^289 |
| 52 | ov_052 | 5.656870904528329 × 10^289 |
| 53 | ov_053 | 3.989113700843083 × 10^289 |
| 54 | ov_054 | 2.757534212416509 × 10^289 |
| 55 | ov_055 | 1.8371791294183251 × 10^289 |
| 56 | ov_056 | 1.169021065092016 × 10^289 |
| 57 | ov_057 | 7.009252796194256 × 10^288 |
| 58 | ov_058 | 3.87646258531489 × 10^288 |
| 59 | ov_059 | 1.9082589536416723 × 10^288 |
| 60 | ov_060 | 7.89926483075523 × 10^287 |
| 61 | ov_061 | 2.7561229259349097 × 10^287 |
| 62 | ov_062 | 7.551860395649145 × 10^286 |
| 63 | ov_063 | 1.4700780098992052 × 10^286 |
| 64 | lv_79_m31 | 2.861062129365316 × 10^285 |
| 65 | ov_065 | 3.3883855609283627 × 10^286 |
| 66 | ov_066 | 3.38837436355129 × 10^286 |
| 67 | ov_067 | 3.3883716228830527 × 10^286 |
| 68 | ov_068 | 2.9206729576326493 × 10^286 |
| 69 | ov_069 | 2.5044757351547644 × 10^286 |
| 70 | ov_070 | 2.1355400149088938 × 10^286 |
| 71 | ov_071 | 1.8098868577810203 × 10^286 |
| 72 | ov_072 | 1.523780644486872 × 10^286 |
| 73 | ov_073 | 1.2737129547830704 × 10^286 |
| 74 | ov_074 | 1.0563879257074043 × 10^286 |
| 75 | ov_075 | 8.687090100698239 × 10^285 |
| 76 | ov_076 | 7.077670588590734 × 10^285 |
| 77 | ov_077 | 5.708296531921508 × 10^285 |
| 78 | ov_078 | 4.553316129860606 × 10^285 |
| 79 | ov_079 | 3.588666107397365 × 10^285 |
| 80 | ov_080 | 2.791798197397982 × 10^285 |
| 81 | ov_081 | 2.1416152670267014 × 10^285 |
| 82 | ov_082 | 1.618416393857617 × 10^285 |
| 83 | ov_083 | 1.2038502008146127 × 10^285 |
| 84 | ov_084 | 8.808757618192664 × 10^284 |
| 85 | ov_085 | 6.337303919619959 × 10^284 |
| 86 | ov_086 | 4.479036373413011 × 10^284 |
| 87 | ov_087 | 3.101167805932415 × 10^284 |
| 88 | ov_088 | 2.083071786817563 × 10^284 |
| 89 | ov_089 | 1.3674585156014552 × 10^284 |
| 90 | ov_090 | 8.57712318895816 × 10^283 |
| 91 | ov_091 | 5.085085405137614 × 10^283 |
| 92 | ov_092 | 2.804686729046616 × 10^283 |
| 93 | ov_093 | 1.401489983311934 × 10^283 |
| 94 | ov_094 | 6.003500932180388 × 10^282 |
| 95 | aaa_78_28 | 1.8539131596123115 × 10^282 |
| 96 | aaa_78_29 | 5.693870433840816 × 10^281 |
| 97 | ov_097 | 3.76077651635567 × 10^281 |
| 98 | ov_098 | 3.7606644075141165 × 10^281 |
| 99 | ov_099 | 3.760628639637724 × 10^281 |
| 100 | ov_100 | 3.3844838164399415 × 10^281 |
| 101 | ov_101 | 3.03600996881599 × 10^281 |
| 102 | ov_102 | 2.713702077013829 × 10^281 |
| 103 | ov_103 | 2.416164842241794 × 10^281 |
| 104 | ov_104 | 2.14209801815378 × 10^281 |
| 105 | ov_105 | 1.8902831160004602 × 10^281 |
| 106 | ov_106 | 1.6595714134326938 × 10^281 |
| 107 | ov_107 | 1.4488731993236004 × 10^281 |
| 108 | ov_108 | 1.2571481888576838 × 10^281 |
| 109 | ov_109 | 1.0833970445926544 × 10^281 |
| 110 | ov_110 | 9.266539402974453 × 10^280 |
| 111 | ov_111 | 7.859801051708779 × 10^280 |
| 112 | ov_112 | 6.604582866074862 × 10^280 |
| 113 | ov_113 | 5.49188070053427 × 10^280 |
| 114 | ov_114 | 4.512819947348921 × 10^280 |
| 115 | ov_115 | 3.6586240418760164 × 10^280 |
| 116 | ov_116 | 2.9205897060505166 × 10^280 |
| 117 | ov_117 | 2.2900676688557774 × 10^280 |
| 118 | ov_118 | 1.7584476029791612 × 10^280 |
| 119 | ov_119 | 1.3171468211689778 × 10^280 |
| 120 | ov_120 | 9.57601852160608 × 10^279 |
| 121 | ov_121 | 6.712620161099759 × 10^279 |
| 122 | ov_122 | 4.4958469540942876 × 10^279 |
| 123 | ov_123 | 2.840319967816794 × 10^279 |
| 124 | ov_124 | 1.6606850055170443 × 10^279 |
| 125 | ov_125 | 8.715986693472384 × 10^278 |
| 126 | ov_126 | 3.877212546216096 × 10^278 |
| 127 | aaa_77_28 | 1.2371402376361362 × 10^278 |
| 128 | aaa_77_29 | 4.63273196925859 × 10^277 |
| 129 | ov_129 | 4.2429598550807655 × 10^277 |
| 130 | ov_130 | 4.242946754693919 × 10^277 |
| 131 | ov_131 | 4.242943590700418 × 10^277 |
| 132 | ov_132 | 3.6667869556981495 × 10^277 |
| 133 | ov_133 | 3.152056024353496 × 10^277 |
| 134 | ov_134 | 2.6940510773373334 × 10^277 |
| 135 | ov_135 | 2.2883201897331065 × 10^277 |
| 136 | ov_136 | 1.9306414257802948 × 10^277 |
| 137 | ov_137 | 1.6170076053692748 × 10^277 |
| 138 | ov_138 | 1.3436133901405903 × 10^277 |
| 139 | ov_139 | 1.1068444497031892 × 10^277 |
| 140 | ov_140 | 9.032684808200306 × 10^276 |
| 141 | ov_141 | 7.296278644971236 × 10^276 |
| 142 | ov_142 | 5.828337578206536 × 10^276 |
| 143 | ov_143 | 4.5996142916995316 × 10^276 |
| 144 | ov_144 | 3.5824665713278725 × 10^276 |
| 145 | ov_145 | 2.7508302509334794 × 10^276 |
| 146 | ov_146 | 2.0801995507204725 × 10^276 |
| 147 | ov_147 | 1.5476133598130253 × 10^276 |
| 148 | ov_148 | 1.1316461302967779 × 10^276 |
| 149 | ov_149 | 8.124021656218228 × 10^275 |
| 150 | ov_150 | 5.715122017041388 × 10^275 |
| 151 | ov_151 | 3.921313416770577 × 10^275 |
| 152 | ov_152 | 2.589376950748976 × 10^275 |
| 153 | ov_153 | 1.6465092768087783 × 10^275 |
| 154 | ov_154 | 9.699255942775835 × 10^274 |
| 155 | ov_155 | 5.020362284203163 × 10^274 |
| 156 | aaa_76_25 | 1.9285538058706267 × 10^274 |
| 157 | aaa_76_26 | 1.1131049450437853 × 10^274 |
| 158 | aaa_76_27 | 5.694399980777434 × 10^273 |
| 159 | aaa_76_28 | 2.2153747822944407 × 10^273 |
| 160 | aaa_76_29 | 6.73190573004273 × 10^272 |

### Output Bits Sorted by Complexity

| Rank | Output Bit | Complexity |
|:----:|:----------:|:----------:|
| 160 | aaa_76_29 | 6.73190573004273 × 10^272 |
| 159 | aaa_76_28 | 2.2153747822944407 × 10^273 |
| 158 | aaa_76_27 | 5.694399980777434 × 10^273 |
| 157 | aaa_76_26 | 1.1131049450437853 × 10^274 |
| 156 | aaa_76_25 | 1.9285538058706267 × 10^274 |
| 155 | ov_155 | 5.020362284203163 × 10^274 |
| 154 | ov_154 | 9.699255942775835 × 10^274 |
| 153 | ov_153 | 1.6465092768087783 × 10^275 |
| 152 | ov_152 | 2.589376950748976 × 10^275 |
| 151 | ov_151 | 3.921313416770577 × 10^275 |
| 150 | ov_150 | 5.715122017041388 × 10^275 |
| 149 | ov_149 | 8.124021656218228 × 10^275 |
| 148 | ov_148 | 1.1316461302967779 × 10^276 |
| 147 | ov_147 | 1.5476133598130253 × 10^276 |
| 146 | ov_146 | 2.0801995507204725 × 10^276 |
| 145 | ov_145 | 2.7508302509334794 × 10^276 |
| 144 | ov_144 | 3.5824665713278725 × 10^276 |
| 143 | ov_143 | 4.5996142916995316 × 10^276 |
| 142 | ov_142 | 5.828337578206536 × 10^276 |
| 141 | ov_141 | 7.296278644971236 × 10^276 |
| 140 | ov_140 | 9.032684808200306 × 10^276 |
| 139 | ov_139 | 1.1068444497031892 × 10^277 |
| 138 | ov_138 | 1.3436133901405903 × 10^277 |
| 137 | ov_137 | 1.6170076053692748 × 10^277 |
| 136 | ov_136 | 1.9306414257802948 × 10^277 |
| 135 | ov_135 | 2.2883201897331065 × 10^277 |
| 134 | ov_134 | 2.6940510773373334 × 10^277 |
| 133 | ov_133 | 3.152056024353496 × 10^277 |
| 132 | ov_132 | 3.6667869556981495 × 10^277 |
| 131 | ov_131 | 4.242943590700418 × 10^277 |
| 130 | ov_130 | 4.242946754693919 × 10^277 |
| 129 | ov_129 | 4.2429598550807655 × 10^277 |
| 128 | aaa_77_29 | 4.63273196925859 × 10^277 |
| 127 | aaa_77_28 | 1.2371402376361362 × 10^278 |
| 126 | ov_126 | 3.877212546216096 × 10^278 |
| 125 | ov_125 | 8.715986693472384 × 10^278 |
| 124 | ov_124 | 1.6606850055170443 × 10^279 |
| 123 | ov_123 | 2.840319967816794 × 10^279 |
| 122 | ov_122 | 4.4958469540942876 × 10^279 |
| 121 | ov_121 | 6.712620161099759 × 10^279 |
| 120 | ov_120 | 9.57601852160608 × 10^279 |
| 119 | ov_119 | 1.3171468211689778 × 10^280 |
| 118 | ov_118 | 1.7584476029791612 × 10^280 |
| 117 | ov_117 | 2.2900676688557774 × 10^280 |
| 116 | ov_116 | 2.9205897060505166 × 10^280 |
| 115 | ov_115 | 3.6586240418760164 × 10^280 |
| 114 | ov_114 | 4.512819947348921 × 10^280 |
| 113 | ov_113 | 5.49188070053427 × 10^280 |
| 112 | ov_112 | 6.604582866074862 × 10^280 |
| 111 | ov_111 | 7.859801051708779 × 10^280 |
| 110 | ov_110 | 9.266539402974453 × 10^280 |
| 109 | ov_109 | 1.0833970445926544 × 10^281 |
| 108 | ov_108 | 1.2571481888576838 × 10^281 |
| 107 | ov_107 | 1.4488731993236004 × 10^281 |
| 106 | ov_106 | 1.6595714134326938 × 10^281 |
| 105 | ov_105 | 1.8902831160004602 × 10^281 |
| 104 | ov_104 | 2.14209801815378 × 10^281 |
| 103 | ov_103 | 2.416164842241794 × 10^281 |
| 102 | ov_102 | 2.713702077013829 × 10^281 |
| 101 | ov_101 | 3.03600996881599 × 10^281 |
| 100 | ov_100 | 3.3844838164399415 × 10^281 |
| 99 | ov_099 | 3.760628639637724 × 10^281 |
| 98 | ov_098 | 3.7606644075141165 × 10^281 |
| 97 | ov_097 | 3.76077651635567 × 10^281 |
| 96 | aaa_78_29 | 5.693870433840816 × 10^281 |
| 95 | aaa_78_28 | 1.8539131596123115 × 10^282 |
| 94 | ov_094 | 6.003500932180388 × 10^282 |
| 93 | ov_093 | 1.401489983311934 × 10^283 |
| 92 | ov_092 | 2.804686729046616 × 10^283 |
| 91 | ov_091 | 5.085085405137614 × 10^283 |
| 90 | ov_090 | 8.57712318895816 × 10^283 |
| 89 | ov_089 | 1.3674585156014552 × 10^284 |
| 88 | ov_088 | 2.083071786817563 × 10^284 |
| 87 | ov_087 | 3.101167805932415 × 10^284 |
| 86 | ov_086 | 4.479036373413011 × 10^284 |
| 85 | ov_085 | 6.337303919619959 × 10^284 |
| 84 | ov_084 | 8.808757618192664 × 10^284 |
| 83 | ov_083 | 1.2038502008146127 × 10^285 |
| 82 | ov_082 | 1.618416393857617 × 10^285 |
| 81 | ov_081 | 2.1416152670267014 × 10^285 |
| 80 | ov_080 | 2.791798197397982 × 10^285 |
| 64 | lv_79_m31 | 2.861062129365316 × 10^285 |
| 79 | ov_079 | 3.588666107397365 × 10^285 |
| 78 | ov_078 | 4.553316129860606 × 10^285 |
| 77 | ov_077 | 5.708296531921508 × 10^285 |
| 76 | ov_076 | 7.077670588590734 × 10^285 |
| 75 | ov_075 | 8.687090100698239 × 10^285 |
| 74 | ov_074 | 1.0563879257074043 × 10^286 |
| 73 | ov_073 | 1.2737129547830704 × 10^286 |
| 63 | ov_063 | 1.4700780098992052 × 10^286 |
| 72 | ov_072 | 1.523780644486872 × 10^286 |
| 71 | ov_071 | 1.8098868577810203 × 10^286 |
| 70 | ov_070 | 2.1355400149088938 × 10^286 |
| 69 | ov_069 | 2.5044757351547644 × 10^286 |
| 68 | ov_068 | 2.9206729576326493 × 10^286 |
| 67 | ov_067 | 3.3883716228830527 × 10^286 |
| 66 | ov_066 | 3.38837436355129 × 10^286 |
| 65 | ov_065 | 3.3883855609283627 × 10^286 |
| 62 | ov_062 | 7.551860395649145 × 10^286 |
| 61 | ov_061 | 2.7561229259349097 × 10^287 |
| 60 | ov_060 | 7.89926483075523 × 10^287 |
| 59 | ov_059 | 1.9082589536416723 × 10^288 |
| 58 | ov_058 | 3.87646258531489 × 10^288 |
| 57 | ov_057 | 7.009252796194256 × 10^288 |
| 56 | ov_056 | 1.169021065092016 × 10^289 |
| 55 | ov_055 | 1.8371791294183251 × 10^289 |
| 54 | ov_054 | 2.757534212416509 × 10^289 |
| 53 | ov_053 | 3.989113700843083 × 10^289 |
| 52 | ov_052 | 5.656870904528329 × 10^289 |
| 51 | ov_051 | 7.8995656637427915 × 10^289 |
| 50 | ov_050 | 1.0869788171074487 × 10^290 |
| 49 | ov_049 | 1.4733994181125672 × 10^290 |
| 48 | ov_048 | 1.9672555449786806 × 10^290 |
| 47 | ov_047 | 2.587983062804974 × 10^290 |
| 32 | lv_80_m31 | 3.175613786289302 × 10^290 |
| 46 | ov_046 | 3.3564262887104725 × 10^290 |
| 45 | ov_045 | 4.2948511906306544 × 10^290 |
| 44 | ov_044 | 5.426962985043199 × 10^290 |
| 43 | ov_043 | 6.7779292455584535 × 10^290 |
| 42 | ov_042 | 8.374409733772489 × 10^290 |
| 41 | ov_041 | 1.0244594265116831 × 10^291 |
| 40 | ov_040 | 1.2403767326901835 × 10^291 |
| 39 | ov_039 | 1.4868047281064082 × 10^291 |
| 31 | ov_031 | 1.6287980976103244 × 10^291 |
| 38 | ov_038 | 1.767054353851061 × 10^291 |
| 37 | ov_037 | 2.0846157325073567 × 10^291 |
| 36 | ov_036 | 2.4431683154945578 × 10^291 |
| 35 | ov_035 | 2.8465928514471635 × 10^291 |
| 34 | ov_034 | 3.2989853877135104 × 10^291 |
| 33 | ov_033 | 3.8046735308391424 × 10^291 |
| 30 | ov_030 | 8.352827259177263 × 10^291 |
| 29 | ov_029 | 2.732952848439281 × 10^292 |
| 28 | ov_028 | 7.094467839117376 × 10^292 |
| 27 | ov_027 | 1.5859372229676553 × 10^293 |
| 26 | ov_026 | 3.1718747995682995 × 10^293 |
| 25 | ov_025 | 5.811522329826533 × 10^293 |
| 24 | ov_024 | 9.924300585047694 × 10^293 |
| 23 | ov_023 | 1.6424218817665154 × 10^294 |
| 22 | ov_022 | 2.5881056691259505 × 10^294 |
| 21 | ov_021 | 3.9509611910231315 × 10^294 |
| 20 | ov_020 | 5.867524081288933 × 10^294 |
| 19 | ov_019 | 8.489406940393114 × 10^294 |
| 18 | ov_018 | 1.1983331427792644 × 10^295 |
| 17 | ov_017 | 1.6531174687647977 × 10^295 |
| 16 | ov_016 | 2.2330034003281015 × 10^295 |
| 15 | ov_015 | 2.9592314717347996 × 10^295 |
| 14 | ov_014 | 3.85458488462252 × 10^295 |
| 13 | ov_013 | 4.94340544163195 × 10^295 |
| 12 | ov_012 | 6.251614717704759 × 10^295 |
| 11 | ov_011 | 7.806741745334157 × 10^295 |
| 10 | ov_010 | 9.637958601216959 × 10^295 |
| 9 | ov_009 | 1.1776125393415907 × 10^296 |
| 8 | ov_008 | 1.4253846260489106 × 10^296 |
| 7 | ov_007 | 1.7105538107327136 × 10^296 |
| 6 | ov_006 | 2.0367513916974823 × 10^296 |
| 5 | ov_005 | 2.40780825939028 × 10^296 |
| 4 | ov_004 | 2.827766741252474 × 10^296 |
| 3 | ov_003 | 3.3008945120995454 × 10^296 |
| 2 | ov_002 | 3.831700743232923 × 10^296 |
| 1 | ov_001 | 4.424954645794695 × 10^296 |

