# Results for F001-F002-F003-F004-F005-F006-F007-F008-F009-F010-F011-F012-F013-F014-F015-F016-F017-F018-F019-F020-F021-F022-F023-F024-F025-F026-F027-F028-F029-F030-F031-F032-F033-F034-F035-F036-F037-F038-F039-F040-F041-F042-F043-F044-F045-F046-F047-F048-F049-F050-F051-F052-F053-F054-F055-F056-F057-F058-F059-F060-F061-F062-F063-F064-F065-F066-F067-F068-F069-F070-F071-F072-F073-F074-F075-F076-F077-F078-F079-F080-F081-F082-F083-F084-F085-F086-F087-F088-F089-F090-F091-F092-F093-F094-F095-F096-F097-F098-F099-F100-F101-F102-F103-F104-F105-F106-F107-F108-F109-F110-F111-F112-F113-F114-F115-F116-F117-F118-F119-F120-F121-F122-F123-F124-F125-F126-F127-F128-F129-F130-F131-F132-F133-F134-F135-F136-F137-F138-F139-F140-F141-F142-F143-F144-F145-F146-F147-F148-F149-F150-F151-F152-F153-F154-F155-F156-F157-F158-F159-F160-F161-F162-F163-F164-F165-F166-F167-F168-F169-F170-F171-F172-F173-F174-F175-F176-F177-F178-F179-F180-F181-F182-F183-F184-F185-F186-F187-F188-F189-F190-F191-F192-F193-F194-F195-F196-F197-F198-F199-F200-F201-F202-F203-F204-F205-F206-F207-F208-F209-F210-F211-F212-F213-F214-F215-F216-F217-F218-F219-F220-F221-F222-F223-F224-F225-F226-F227-F228-F229-F230-F231-F232-F233-F234-F235-F236-F237-F238-F239-F240-F241-F242-F243-F244-F245-F246-F247-F248-F249-F250-F251-F252-F253-F254-F255-F256-F257-F258-F259-F260-F261-F262-F263-F264-F265-F266-F267-F268-F269-F270-F271-F272-F273-F274-F275-F276-F277-F278-F279-F280-F281-F282-F283-F284-F285-F286-F287-F288-F289-F290-F291-F292-F293-F294-F295-F296-F297-F298-F299-F300-F301-F302-F303-F304-F305-F306-F307-F308-F309-F310-F311-F312-F313-F314-F315-F316-F317-F318-F319-F320-F321-F322-F323-F324-F325-F326-F327-F328-F329-F330-F331-F332-F333-F334-F335-F336-F337-F338-F339-F340-F341-F342-F343-F344-F345-F346-F347-F348-F349-F350-F351-F352-F353-F354-F355-F356-F357-F358-F359-F360-F361-F362-F363-F364-F365-F366-F367-F368-F369-F370-F371-F372-F373-F374-F375-F376-F377-F378-F379-F380-F381-F382-F383-F384-F385-F386-F387-F388-F389-F390-F391-F392-F393-F394-F395-F396-F397-F398-F399-F400-F401-F402-F403-F404-F405-F406-F407-F408-F409-F410-F411-F412-F413-F414-F415-F416-F417-F418-F419-F420-F421-F422-F423-F424-F425-F426-F427-F428-F429-F430-F431-F432-F433-F434-F435-F436-F437-F438-F439-F440-F441-F442-F443-F444-F445-F446-F447-F448-F449-F450-F451-F452-F453-F454-F455-F456-F457-F458-F459-F460-F461-F462-F463-F464-F465-F466-F467-F468-F469-F470-F471-F472-F473-F474-F475-F476-F477-F478-F479-F480-F481-F482-F483-F484-F485-F486-F487-F488-F489-F490-F491-F492-F493-F494-F495-F496-F500-O506507-F508-F509-F510-F511-F512

## Summary

Number of input bits: 512  
Number of free input bits: 9  
Number of output bits: 160

Number of direct occurrences: 36275  
Number of assignments: 30897  
Number of operations: 11183936
(xor: 11155670,
and: 15142,
or: 13124)

Total complexity: 2.0265163894528642 × 10^300

Least occurring input variable: iv_502 (3891)  
Most occurring input variable: iv_506 (4348)

Most co-occurring input variables: iv_501-iv_506 (1983)  
Least co-occurring input variables: iv_498-iv_502 (1726)

Potentially most occurring input variable: iv_498/iv_506 (4577)  
Potentially least occurring input variable: iv_504/iv_505 (4150)

Least output occurring input variable: iv_504 (64)  
Most output occurring input variable: iv_501 (88)

Most output co-occurring input variables: iv_501-iv_506 (47)  
Least output co-occurring input variables: iv_502-iv_504 (26)

Potentially most output occurring input variable: iv_501/iv_502 (92)  
Potentially least output occurring input variable: iv_497/iv_498 (61)

Least complex input bit: iv_506 (1.216012308110933 × 10^298)  
Most complex input bit: iv_505 (6.605009983277329 × 10^299)

Least complex output bit: aaa_76_29 (6.735649974267149 × 10^274)  
Most complex output bit: ov_001 (3.294216094540918 × 10^299)

Least complex input/output complexity: iv_506/aaa_76_29 (4.041730584793011 × 10^272)  
Most complex input/output complexity: iv_505/ov_001 (1.0736814320751753 × 10^299)

## Input Bits

### Input Bits in Regular Order

| Input Bit | Complexity | Occurrences | Output Occurrences |
|:---------:|:----------:|:-----------:|:------------------:|
| iv_497 | 1.4923198094710288 × 10^298 | 4049 | 80 |
| iv_498 | 2.976889969214864 × 10^298 | 3929 | 73 |
| iv_499 | 5.231972910226372 × 10^298 | 3936 | 77 |
| iv_501 | 1.4350712007476842 × 10^299 | 4051 | 88 |
| iv_502 | 2.305105536054251 × 10^299 | 3891 | 76 |
| iv_503 | 3.641882088319856 × 10^299 | 4145 | 71 |
| iv_504 | 5.186375586427182 × 10^299 | 3892 | 64 |
| iv_505 | 6.605009983277329 × 10^299 | 4034 | 74 |
| iv_506 | 1.216012308110933 × 10^298 | 4348 | 84 |

### Input Bits Sorted by Complexity

| Input Bit | Complexity | Occurrences | Output Occurrences |
|:---------:|:----------:|:-----------:|:------------------:|
| iv_506 | 1.216012308110933 × 10^298 | 4348 | 84 |
| iv_497 | 1.4923198094710288 × 10^298 | 4049 | 80 |
| iv_498 | 2.976889969214864 × 10^298 | 3929 | 73 |
| iv_499 | 5.231972910226372 × 10^298 | 3936 | 77 |
| iv_501 | 1.4350712007476842 × 10^299 | 4051 | 88 |
| iv_502 | 2.305105536054251 × 10^299 | 3891 | 76 |
| iv_503 | 3.641882088319856 × 10^299 | 4145 | 71 |
| iv_504 | 5.186375586427182 × 10^299 | 3892 | 64 |
| iv_505 | 6.605009983277329 × 10^299 | 4034 | 74 |

### Input Bits Sorted by Occurrences

| Input Bit | Complexity | Occurrences | Output Occurrences |
|:---------:|:----------:|:-----------:|:------------------:|
| iv_502 | 2.305105536054251 × 10^299 | 3891 | 76 |
| iv_504 | 5.186375586427182 × 10^299 | 3892 | 64 |
| iv_498 | 2.976889969214864 × 10^298 | 3929 | 73 |
| iv_499 | 5.231972910226372 × 10^298 | 3936 | 77 |
| iv_505 | 6.605009983277329 × 10^299 | 4034 | 74 |
| iv_497 | 1.4923198094710288 × 10^298 | 4049 | 80 |
| iv_501 | 1.4350712007476842 × 10^299 | 4051 | 88 |
| iv_503 | 3.641882088319856 × 10^299 | 4145 | 71 |
| iv_506 | 1.216012308110933 × 10^298 | 4348 | 84 |

### Input Bits Sorted by Output Occurrences

| Input Bit | Complexity | Occurrences | Output Occurrences |
|:---------:|:----------:|:-----------:|:------------------:|
| iv_504 | 5.186375586427182 × 10^299 | 3892 | 64 |
| iv_503 | 3.641882088319856 × 10^299 | 4145 | 71 |
| iv_498 | 2.976889969214864 × 10^298 | 3929 | 73 |
| iv_505 | 6.605009983277329 × 10^299 | 4034 | 74 |
| iv_502 | 2.305105536054251 × 10^299 | 3891 | 76 |
| iv_499 | 5.231972910226372 × 10^298 | 3936 | 77 |
| iv_497 | 1.4923198094710288 × 10^298 | 4049 | 80 |
| iv_506 | 1.216012308110933 × 10^298 | 4348 | 84 |
| iv_501 | 1.4350712007476842 × 10^299 | 4051 | 88 |

## Input Bit Co-occurrences

### Input Bit Co-occurrences Sorted by Co-occurrences

| Input Bits | Co-occurrences | Potential Occurrences | Output Co-occurrences | Potential Output Occurrences |
|:----------:|:--------------:|:---------------------:|:---------------------:|:----------------------------:|
| iv_501-iv_506 | 1983 | 4433 | 47 | 78 |
| iv_503-iv_506 | 1971 | 4551 | 34 | 87 |
| iv_505-iv_506 | 1957 | 4468 | 44 | 70 |
| iv_503-iv_505 | 1952 | 4275 | 34 | 77 |
| iv_501-iv_503 | 1936 | 4324 | 41 | 77 |
| iv_497-iv_503 | 1936 | 4322 | 35 | 81 |
| iv_501-iv_505 | 1914 | 4257 | 45 | 72 |
| iv_497-iv_506 | 1910 | 4577 | 40 | 84 |
| iv_497-iv_505 | 1905 | 4273 | 35 | 84 |

### Input Bit Co-occurrences Sorted by Potential Occurrences

| Input Bits | Co-occurrences | Potential Occurrences | Output Co-occurrences | Potential Output Occurrences |
|:----------:|:--------------:|:---------------------:|:---------------------:|:----------------------------:|
| iv_504-iv_505 | 1888 | 4150 | 31 | 76 |
| iv_498-iv_504 | 1827 | 4167 | 28 | 81 |
| iv_501-iv_504 | 1878 | 4187 | 33 | 86 |
| iv_502-iv_505 | 1855 | 4215 | 40 | 70 |
| iv_499-iv_501 | 1877 | 4233 | 43 | 79 |
| iv_502-iv_503 | 1898 | 4240 | 30 | 87 |
| iv_499-iv_504 | 1791 | 4246 | 30 | 81 |
| iv_502-iv_504 | 1768 | 4247 | 26 | 88 |
| iv_501-iv_502 | 1846 | 4250 | 36 | 92 |

### Input Bit Output Co-occurrences Sorted by Output Co-occurrences

| Input Bits | Co-occurrences | Potential Occurrences | Output Co-occurrences | Potential Output Occurrences |
|:----------:|:--------------:|:---------------------:|:---------------------:|:----------------------------:|
| iv_501-iv_506 | 1983 | 4433 | 47 | 78 |
| iv_497-iv_501 | 1901 | 4298 | 46 | 76 |
| iv_497-iv_498 | 1828 | 4322 | 46 | 61 |
| iv_501-iv_505 | 1914 | 4257 | 45 | 72 |
| iv_505-iv_506 | 1957 | 4468 | 44 | 70 |
| iv_499-iv_501 | 1877 | 4233 | 43 | 79 |
| iv_498-iv_501 | 1814 | 4352 | 41 | 79 |
| iv_501-iv_503 | 1936 | 4324 | 41 | 77 |
| iv_497-iv_506 | 1910 | 4577 | 40 | 84 |

### Input Bit Output Co-occurrences Sorted by Potential Output Occurrences

| Input Bits | Co-occurrences | Potential Occurrences | Output Co-occurrences | Potential Output Occurrences |
|:----------:|:--------------:|:---------------------:|:---------------------:|:----------------------------:|
| iv_497-iv_498 | 1828 | 4322 | 46 | 61 |
| iv_505-iv_506 | 1957 | 4468 | 44 | 70 |
| iv_502-iv_505 | 1855 | 4215 | 40 | 70 |
| iv_501-iv_505 | 1914 | 4257 | 45 | 72 |
| iv_504-iv_505 | 1888 | 4150 | 31 | 76 |
| iv_497-iv_501 | 1901 | 4298 | 46 | 76 |
| iv_498-iv_505 | 1826 | 4311 | 35 | 77 |
| iv_503-iv_505 | 1952 | 4275 | 34 | 77 |
| iv_501-iv_503 | 1936 | 4324 | 41 | 77 |

## Output Bits

### Output Bits in Regular Order

| Rank | Output Bit | Complexity |
|:----:|:----------:|:----------:|
| 1 | ov_001 | 3.294216094540918 × 10^299 |
| 2 | ov_002 | 2.8481432640203334 × 10^299 |
| 3 | ov_003 | 2.449531394147601 × 10^299 |
| 4 | ov_004 | 2.0947228749548052 × 10^299 |
| 5 | ov_005 | 1.7802601649201522 × 10^299 |
| 6 | ov_006 | 1.5028714835993804 × 10^299 |
| 7 | ov_007 | 1.2594583479093546 × 10^299 |
| 8 | ov_008 | 1.0470848372794 × 10^299 |
| 9 | ov_009 | 8.629684450308452 × 10^298 |
| 10 | ov_010 | 7.044723471468659 × 10^298 |
| 11 | ov_011 | 5.690989270942823 × 10^298 |
| 12 | ov_012 | 4.544844240277099 × 10^298 |
| 13 | ov_013 | 3.583945812728538 × 10^298 |
| 14 | ov_014 | 2.7872116248943524 × 10^298 |
| 15 | ov_015 | 2.1347920278013204 × 10^298 |
| 16 | ov_016 | 1.6080487126531845 × 10^298 |
| 17 | ov_017 | 1.1895383083996809 × 10^298 |
| 18 | ov_018 | 8.629998998425466 × 10^297 |
| 19 | ov_019 | 6.133455548759066 × 10^297 |
| 20 | ov_020 | 4.2665318071134625 × 10^297 |
| 21 | ov_021 | 2.9016124303044006 × 10^297 |
| 22 | ov_022 | 1.922649817456752 × 10^297 |
| 23 | ov_023 | 1.225138024506802 × 10^297 |
| 24 | ov_024 | 7.597068745488806 × 10^296 |
| 25 | ov_025 | 4.4488918508790556 × 10^296 |
| 26 | ov_026 | 2.4282896795058547 × 10^296 |
| 27 | ov_027 | 1.214235922717744 × 10^296 |
| 28 | ov_028 | 5.432303823642942 × 10^295 |
| 29 | ov_029 | 2.092965110257392 × 10^295 |
| 30 | ov_030 | 6.398076379894306 × 10^294 |
| 31 | ov_031 | 1.2479831352884078 × 10^294 |
| 32 | lv_80_m31 | 2.4339799419751718 × 10^293 |
| 33 | ov_033 | 2.927040383756973 × 10^294 |
| 34 | ov_034 | 2.5397782350040028 × 10^294 |
| 35 | ov_035 | 2.1936389148354784 × 10^294 |
| 36 | ov_036 | 1.8850597104107084 × 10^294 |
| 37 | ov_037 | 1.6106685519929384 × 10^294 |
| 38 | ov_038 | 1.3672705577744701 × 10^294 |
| 39 | ov_039 | 1.1518364538215843 × 10^294 |
| 40 | ov_040 | 9.614926860501877 × 10^293 |
| 41 | ov_041 | 7.948402715541083 × 10^293 |
| 42 | ov_042 | 6.505519891453985 × 10^293 |
| 43 | ov_043 | 5.273691893428472 × 10^293 |
| 44 | ov_044 | 4.229702602840449 × 10^293 |
| 45 | ov_045 | 3.3515947655637686 × 10^293 |
| 46 | ov_046 | 2.618639219170274 × 10^293 |
| 47 | ov_047 | 2.0207750075186834 × 10^293 |
| 48 | ov_048 | 1.5396620711724227 × 10^293 |
| 49 | ov_049 | 1.1581312339563939 × 10^293 |
| 50 | ov_050 | 8.601733921233559 × 10^292 |
| 51 | ov_051 | 6.309314698161507 × 10^292 |
| 52 | ov_052 | 4.566945327714306 × 10^292 |
| 53 | ov_053 | 3.2489354903746444 × 10^292 |
| 54 | ov_054 | 2.2409841638801592 × 10^292 |
| 55 | ov_055 | 1.488785138968333 × 10^292 |
| 56 | ov_056 | 9.437129008941971 × 10^291 |
| 57 | ov_057 | 5.6281774359712156 × 10^291 |
| 58 | ov_058 | 3.088229586016567 × 10^291 |
| 59 | ov_059 | 1.5012335849567073 × 10^291 |
| 60 | ov_060 | 6.078459971649251 × 10^290 |
| 61 | ov_061 | 2.054293581835316 × 10^290 |
| 62 | ov_062 | 5.498622927519575 × 10^289 |
| 63 | ov_063 | 1.2151979466425732 × 10^289 |
| 64 | lv_79_m31 | 2.3656626300502152 × 10^288 |
| 65 | ov_065 | 2.79166743630951 × 10^289 |
| 66 | ov_066 | 2.7916587266273766 × 10^289 |
| 67 | ov_067 | 2.791656631001715 × 10^289 |
| 68 | ov_068 | 2.4078205629471934 × 10^289 |
| 69 | ov_069 | 2.0654082340796443 × 10^289 |
| 70 | ov_070 | 1.761243251399524 × 10^289 |
| 71 | ov_071 | 1.4923103569088873 × 10^289 |
| 72 | ov_072 | 1.2557440938578373 × 10^289 |
| 73 | ov_073 | 1.048819300245366 × 10^289 |
| 74 | ov_074 | 8.689432281496696 × 10^288 |
| 75 | ov_075 | 7.13649097974735 × 10^288 |
| 76 | ov_076 | 5.805909068349996 × 10^288 |
| 77 | ov_077 | 4.675393201292183 × 10^288 |
| 78 | ov_078 | 3.723784849393641 × 10^288 |
| 79 | ov_079 | 2.931036132819985 × 10^288 |
| 80 | ov_080 | 2.2781919248089616 × 10^288 |
| 81 | ov_081 | 1.7473768905552315 × 10^288 |
| 82 | ov_082 | 1.3217862155806586 × 10^288 |
| 83 | ov_083 | 9.856788676403099 × 10^287 |
| 84 | ov_084 | 7.24372431060777 × 10^287 |
| 85 | ov_085 | 5.24238947070617 × 10^287 |
| 86 | ov_086 | 3.727015549630109 × 10^287 |
| 87 | ov_087 | 2.5823184571656828 × 10^287 |
| 88 | ov_088 | 1.753274387128671 × 10^287 |
| 89 | ov_089 | 1.145512975169103 × 10^287 |
| 90 | ov_090 | 7.144598463641503 × 10^286 |
| 91 | ov_091 | 4.207580557164459 × 10^286 |
| 92 | ov_092 | 2.302654801152389 × 10^286 |
| 93 | ov_093 | 1.1405335318401113 × 10^286 |
| 94 | ov_094 | 4.840554587843148 × 10^285 |
| 95 | aaa_78_28 | 1.4818273015956548 × 10^285 |
| 96 | aaa_78_29 | 4.4889064662242386 × 10^284 |
| 97 | ov_097 | 2.368897539332157 × 10^284 |
| 98 | ov_098 | 2.368883101016374 × 10^284 |
| 99 | ov_099 | 2.3688784975456586 × 10^284 |
| 100 | ov_100 | 2.008552916159062 × 10^284 |
| 101 | ov_101 | 1.6910768065023755 × 10^284 |
| 102 | ov_102 | 1.4128847378255966 × 10^284 |
| 103 | ov_103 | 1.1706042233460064 × 10^284 |
| 104 | ov_104 | 9.610416570666873 × 10^283 |
| 105 | ov_105 | 7.8117016058142 × 10^283 |
| 106 | ov_106 | 6.281191580617024 × 10^283 |
| 107 | ov_107 | 4.991655067742454 × 10^283 |
| 108 | ov_108 | 3.9172601933866587 × 10^283 |
| 109 | ov_109 | 3.0335122257015056 × 10^283 |
| 110 | ov_110 | 2.3172020621532603 × 10^283 |
| 111 | ov_111 | 1.7463642322699767 × 10^283 |
| 112 | ov_112 | 1.3002431147168973 × 10^283 |
| 113 | ov_113 | 9.592661495180779 × 10^282 |
| 114 | ov_114 | 7.050229077309799 × 10^282 |
| 115 | ov_115 | 5.202489621253071 × 10^282 |
| 116 | ov_116 | 3.888135835078959 × 10^282 |
| 117 | ov_117 | 2.957104649467834 × 10^282 |
| 118 | ov_118 | 2.2705085368414638 × 10^282 |
| 119 | ov_119 | 1.7005853118146685 × 10^282 |
| 120 | ov_120 | 1.2362706228199323 × 10^282 |
| 121 | ov_121 | 8.665166193455644 × 10^281 |
| 122 | ov_122 | 5.802857559323561 × 10^281 |
| 123 | ov_123 | 3.665464414819742 × 10^281 |
| 124 | ov_124 | 2.142701300292355 × 10^281 |
| 125 | ov_125 | 1.124295469509792 × 10^281 |
| 126 | ov_126 | 4.999781924076718 × 10^280 |
| 127 | aaa_77_28 | 1.594817164498074 × 10^280 |
| 128 | aaa_77_29 | 5.969267938779205 × 10^279 |
| 129 | ov_129 | 5.441046785053836 × 10^279 |
| 130 | ov_130 | 5.441033687788884 × 10^279 |
| 131 | ov_131 | 5.441029523737148 × 10^279 |
| 132 | ov_132 | 4.694879882709237 × 10^279 |
| 133 | ov_133 | 4.0291514232253504 × 10^279 |
| 134 | ov_134 | 3.4376530902680497 × 10^279 |
| 135 | ov_135 | 2.9145156551348576 × 10^279 |
| 136 | ov_136 | 2.454168583559004 × 10^279 |
| 137 | ov_137 | 2.0513203761497958 × 10^279 |
| 138 | ov_138 | 1.700942029915444 × 10^279 |
| 139 | ov_139 | 1.3982532871348975 × 10^279 |
| 140 | ov_140 | 1.1387113549278182 × 10^279 |
| 141 | ov_141 | 9.180017956450486 × 10^278 |
| 142 | ov_142 | 7.320313047573549 × 10^278 |
| 143 | ov_143 | 5.769221093276578 × 10^278 |
| 144 | ov_144 | 4.490077364616353 × 10^278 |
| 145 | ov_145 | 3.4482991737689905 × 10^278 |
| 146 | ov_146 | 2.6113640893216773 × 10^278 |
| 147 | ov_147 | 1.9487953062650875 × 10^278 |
| 148 | ov_148 | 1.432152312215603 × 10^278 |
| 149 | ov_149 | 1.0350251526240748 × 10^278 |
| 150 | ov_150 | 7.330308346989897 × 10^277 |
| 151 | ov_151 | 5.038108542018461 × 10^277 |
| 152 | ov_152 | 3.366918194364507 × 10^277 |
| 153 | ov_153 | 2.1335919873927337 × 10^277 |
| 154 | ov_154 | 1.2516091478792848 × 10^277 |
| 155 | ov_155 | 6.445488733401047 × 10^276 |
| 156 | aaa_76_25 | 2.4608811336676152 × 10^276 |
| 157 | aaa_76_26 | 1.3984653953503718 × 10^276 |
| 158 | aaa_76_27 | 6.964063230085735 × 10^275 |
| 159 | aaa_76_28 | 2.537504262412813 × 10^275 |
| 160 | aaa_76_29 | 6.735649974267149 × 10^274 |

### Output Bits Sorted by Complexity

| Rank | Output Bit | Complexity |
|:----:|:----------:|:----------:|
| 160 | aaa_76_29 | 6.735649974267149 × 10^274 |
| 159 | aaa_76_28 | 2.537504262412813 × 10^275 |
| 158 | aaa_76_27 | 6.964063230085735 × 10^275 |
| 157 | aaa_76_26 | 1.3984653953503718 × 10^276 |
| 156 | aaa_76_25 | 2.4608811336676152 × 10^276 |
| 155 | ov_155 | 6.445488733401047 × 10^276 |
| 154 | ov_154 | 1.2516091478792848 × 10^277 |
| 153 | ov_153 | 2.1335919873927337 × 10^277 |
| 152 | ov_152 | 3.366918194364507 × 10^277 |
| 151 | ov_151 | 5.038108542018461 × 10^277 |
| 150 | ov_150 | 7.330308346989897 × 10^277 |
| 149 | ov_149 | 1.0350251526240748 × 10^278 |
| 148 | ov_148 | 1.432152312215603 × 10^278 |
| 147 | ov_147 | 1.9487953062650875 × 10^278 |
| 146 | ov_146 | 2.6113640893216773 × 10^278 |
| 145 | ov_145 | 3.4482991737689905 × 10^278 |
| 144 | ov_144 | 4.490077364616353 × 10^278 |
| 143 | ov_143 | 5.769221093276578 × 10^278 |
| 142 | ov_142 | 7.320313047573549 × 10^278 |
| 141 | ov_141 | 9.180017956450486 × 10^278 |
| 140 | ov_140 | 1.1387113549278182 × 10^279 |
| 139 | ov_139 | 1.3982532871348975 × 10^279 |
| 138 | ov_138 | 1.700942029915444 × 10^279 |
| 137 | ov_137 | 2.0513203761497958 × 10^279 |
| 136 | ov_136 | 2.454168583559004 × 10^279 |
| 135 | ov_135 | 2.9145156551348576 × 10^279 |
| 134 | ov_134 | 3.4376530902680497 × 10^279 |
| 133 | ov_133 | 4.0291514232253504 × 10^279 |
| 132 | ov_132 | 4.694879882709237 × 10^279 |
| 131 | ov_131 | 5.441029523737148 × 10^279 |
| 130 | ov_130 | 5.441033687788884 × 10^279 |
| 129 | ov_129 | 5.441046785053836 × 10^279 |
| 128 | aaa_77_29 | 5.969267938779205 × 10^279 |
| 127 | aaa_77_28 | 1.594817164498074 × 10^280 |
| 126 | ov_126 | 4.999781924076718 × 10^280 |
| 125 | ov_125 | 1.124295469509792 × 10^281 |
| 124 | ov_124 | 2.142701300292355 × 10^281 |
| 123 | ov_123 | 3.665464414819742 × 10^281 |
| 122 | ov_122 | 5.802857559323561 × 10^281 |
| 121 | ov_121 | 8.665166193455644 × 10^281 |
| 120 | ov_120 | 1.2362706228199323 × 10^282 |
| 119 | ov_119 | 1.7005853118146685 × 10^282 |
| 118 | ov_118 | 2.2705085368414638 × 10^282 |
| 117 | ov_117 | 2.957104649467834 × 10^282 |
| 116 | ov_116 | 3.888135835078959 × 10^282 |
| 115 | ov_115 | 5.202489621253071 × 10^282 |
| 114 | ov_114 | 7.050229077309799 × 10^282 |
| 113 | ov_113 | 9.592661495180779 × 10^282 |
| 112 | ov_112 | 1.3002431147168973 × 10^283 |
| 111 | ov_111 | 1.7463642322699767 × 10^283 |
| 110 | ov_110 | 2.3172020621532603 × 10^283 |
| 109 | ov_109 | 3.0335122257015056 × 10^283 |
| 108 | ov_108 | 3.9172601933866587 × 10^283 |
| 107 | ov_107 | 4.991655067742454 × 10^283 |
| 106 | ov_106 | 6.281191580617024 × 10^283 |
| 105 | ov_105 | 7.8117016058142 × 10^283 |
| 104 | ov_104 | 9.610416570666873 × 10^283 |
| 103 | ov_103 | 1.1706042233460064 × 10^284 |
| 102 | ov_102 | 1.4128847378255966 × 10^284 |
| 101 | ov_101 | 1.6910768065023755 × 10^284 |
| 100 | ov_100 | 2.008552916159062 × 10^284 |
| 99 | ov_099 | 2.3688784975456586 × 10^284 |
| 98 | ov_098 | 2.368883101016374 × 10^284 |
| 97 | ov_097 | 2.368897539332157 × 10^284 |
| 96 | aaa_78_29 | 4.4889064662242386 × 10^284 |
| 95 | aaa_78_28 | 1.4818273015956548 × 10^285 |
| 94 | ov_094 | 4.840554587843148 × 10^285 |
| 93 | ov_093 | 1.1405335318401113 × 10^286 |
| 92 | ov_092 | 2.302654801152389 × 10^286 |
| 91 | ov_091 | 4.207580557164459 × 10^286 |
| 90 | ov_090 | 7.144598463641503 × 10^286 |
| 89 | ov_089 | 1.145512975169103 × 10^287 |
| 88 | ov_088 | 1.753274387128671 × 10^287 |
| 87 | ov_087 | 2.5823184571656828 × 10^287 |
| 86 | ov_086 | 3.727015549630109 × 10^287 |
| 85 | ov_085 | 5.24238947070617 × 10^287 |
| 84 | ov_084 | 7.24372431060777 × 10^287 |
| 83 | ov_083 | 9.856788676403099 × 10^287 |
| 82 | ov_082 | 1.3217862155806586 × 10^288 |
| 81 | ov_081 | 1.7473768905552315 × 10^288 |
| 80 | ov_080 | 2.2781919248089616 × 10^288 |
| 64 | lv_79_m31 | 2.3656626300502152 × 10^288 |
| 79 | ov_079 | 2.931036132819985 × 10^288 |
| 78 | ov_078 | 3.723784849393641 × 10^288 |
| 77 | ov_077 | 4.675393201292183 × 10^288 |
| 76 | ov_076 | 5.805909068349996 × 10^288 |
| 75 | ov_075 | 7.13649097974735 × 10^288 |
| 74 | ov_074 | 8.689432281496696 × 10^288 |
| 73 | ov_073 | 1.048819300245366 × 10^289 |
| 63 | ov_063 | 1.2151979466425732 × 10^289 |
| 72 | ov_072 | 1.2557440938578373 × 10^289 |
| 71 | ov_071 | 1.4923103569088873 × 10^289 |
| 70 | ov_070 | 1.761243251399524 × 10^289 |
| 69 | ov_069 | 2.0654082340796443 × 10^289 |
| 68 | ov_068 | 2.4078205629471934 × 10^289 |
| 67 | ov_067 | 2.791656631001715 × 10^289 |
| 66 | ov_066 | 2.7916587266273766 × 10^289 |
| 65 | ov_065 | 2.79166743630951 × 10^289 |
| 62 | ov_062 | 5.498622927519575 × 10^289 |
| 61 | ov_061 | 2.054293581835316 × 10^290 |
| 60 | ov_060 | 6.078459971649251 × 10^290 |
| 59 | ov_059 | 1.5012335849567073 × 10^291 |
| 58 | ov_058 | 3.088229586016567 × 10^291 |
| 57 | ov_057 | 5.6281774359712156 × 10^291 |
| 56 | ov_056 | 9.437129008941971 × 10^291 |
| 55 | ov_055 | 1.488785138968333 × 10^292 |
| 54 | ov_054 | 2.2409841638801592 × 10^292 |
| 53 | ov_053 | 3.2489354903746444 × 10^292 |
| 52 | ov_052 | 4.566945327714306 × 10^292 |
| 51 | ov_051 | 6.309314698161507 × 10^292 |
| 50 | ov_050 | 8.601733921233559 × 10^292 |
| 49 | ov_049 | 1.1581312339563939 × 10^293 |
| 48 | ov_048 | 1.5396620711724227 × 10^293 |
| 47 | ov_047 | 2.0207750075186834 × 10^293 |
| 32 | lv_80_m31 | 2.4339799419751718 × 10^293 |
| 46 | ov_046 | 2.618639219170274 × 10^293 |
| 45 | ov_045 | 3.3515947655637686 × 10^293 |
| 44 | ov_044 | 4.229702602840449 × 10^293 |
| 43 | ov_043 | 5.273691893428472 × 10^293 |
| 42 | ov_042 | 6.505519891453985 × 10^293 |
| 41 | ov_041 | 7.948402715541083 × 10^293 |
| 40 | ov_040 | 9.614926860501877 × 10^293 |
| 39 | ov_039 | 1.1518364538215843 × 10^294 |
| 31 | ov_031 | 1.2479831352884078 × 10^294 |
| 38 | ov_038 | 1.3672705577744701 × 10^294 |
| 37 | ov_037 | 1.6106685519929384 × 10^294 |
| 36 | ov_036 | 1.8850597104107084 × 10^294 |
| 35 | ov_035 | 2.1936389148354784 × 10^294 |
| 34 | ov_034 | 2.5397782350040028 × 10^294 |
| 33 | ov_033 | 2.927040383756973 × 10^294 |
| 30 | ov_030 | 6.398076379894306 × 10^294 |
| 29 | ov_029 | 2.092965110257392 × 10^295 |
| 28 | ov_028 | 5.432303823642942 × 10^295 |
| 27 | ov_027 | 1.214235922717744 × 10^296 |
| 26 | ov_026 | 2.4282896795058547 × 10^296 |
| 25 | ov_025 | 4.4488918508790556 × 10^296 |
| 24 | ov_024 | 7.597068745488806 × 10^296 |
| 23 | ov_023 | 1.225138024506802 × 10^297 |
| 22 | ov_022 | 1.922649817456752 × 10^297 |
| 21 | ov_021 | 2.9016124303044006 × 10^297 |
| 20 | ov_020 | 4.2665318071134625 × 10^297 |
| 19 | ov_019 | 6.133455548759066 × 10^297 |
| 18 | ov_018 | 8.629998998425466 × 10^297 |
| 17 | ov_017 | 1.1895383083996809 × 10^298 |
| 16 | ov_016 | 1.6080487126531845 × 10^298 |
| 15 | ov_015 | 2.1347920278013204 × 10^298 |
| 14 | ov_014 | 2.7872116248943524 × 10^298 |
| 13 | ov_013 | 3.583945812728538 × 10^298 |
| 12 | ov_012 | 4.544844240277099 × 10^298 |
| 11 | ov_011 | 5.690989270942823 × 10^298 |
| 10 | ov_010 | 7.044723471468659 × 10^298 |
| 9 | ov_009 | 8.629684450308452 × 10^298 |
| 8 | ov_008 | 1.0470848372794 × 10^299 |
| 7 | ov_007 | 1.2594583479093546 × 10^299 |
| 6 | ov_006 | 1.5028714835993804 × 10^299 |
| 5 | ov_005 | 1.7802601649201522 × 10^299 |
| 4 | ov_004 | 2.0947228749548052 × 10^299 |
| 3 | ov_003 | 2.449531394147601 × 10^299 |
| 2 | ov_002 | 2.8481432640203334 × 10^299 |
| 1 | ov_001 | 3.294216094540918 × 10^299 |

