# Results for F001-F002-F003-F004-F005-F006-F007-F008-F009-F010-F011-F012-F013-F014-F015-F016-F017-F018-F019-F020-F021-F022-F023-F024-F025-F026-F027-F028-F029-F030-F031-F032-F033-F034-F035-F036-F037-F038-F039-F040-F041-F042-F043-F044-F045-F046-F047-F048-F049-F050-F051-F052-F053-F054-F055-F056-F057-F058-F059-F060-F061-F062-F063-F064-F065-F066-F067-F068-F069-F070-F071-F072-F073-F074-F075-F076-F077-F078-F079-F080-F081-F082-F083-F084-F085-F086-F087-F088-F089-F090-F091-F092-F093-F094-F095-F096-F097-F098-F099-F100-F101-F102-F103-F104-F105-F106-F107-F108-F109-F110-F111-F112-F113-F114-F115-F116-F117-F118-F119-F120-F121-F122-F123-F124-F125-F126-F127-F128-F129-F130-F131-F132-F133-F134-F135-F136-F137-F138-F139-F140-F141-F142-F143-F144-F145-F146-F147-F148-F149-F150-F151-F152-F153-F154-F155-F156-F157-F158-F159-F160-F161-F162-F163-F164-F165-F166-F167-F168-F169-F170-F171-F172-F173-F174-F175-F176-F177-F178-F179-F180-F181-F182-F183-F184-F185-F186-F187-F188-F189-F190-F191-F192-F193-F194-F195-F196-F197-F198-F199-F200-F201-F202-F203-F204-F205-F206-F207-F208-F209-F210-F211-F212-F213-F214-F215-F216-F217-F218-F219-F220-F221-F222-F223-F224-F225-F226-F227-F228-F229-F230-F231-F232-F233-F234-F235-F236-F237-F238-F239-F240-F241-F242-F243-F244-F245-F246-F247-F248-F249-F250-F251-F252-F253-F254-F255-F256-F257-F258-F259-F260-F261-F262-F263-F264-F265-F266-F267-F268-F269-F270-F271-F272-F273-F274-F275-F276-F277-F278-F279-F280-F281-F282-F283-F284-F285-F286-F287-F288-F289-F290-F291-F292-F293-F294-F295-F296-F297-F298-F299-F300-F301-F302-F303-F304-F305-F306-F307-F308-F309-F310-F311-F312-F313-F314-F315-F316-F317-F318-F319-F320-F321-F322-F323-F324-F325-F326-F327-F328-F329-F330-F331-F332-F333-F334-F335-F336-F337-F338-F339-F340-F341-F342-F343-F344-F345-F346-F347-F348-F349-F350-F351-F352-F353-F354-F355-F356-F357-F358-F359-F360-F361-F362-F363-F364-F365-F366-F367-F368-F369-F370-F371-F372-F373-F374-F375-F376-F377-F378-F379-F380-F381-F382-F383-F384-F385-F386-F387-F388-F389-F390-F391-F392-F393-F394-F395-F396-F397-F398-F399-F400-F401-F402-F403-F404-F405-F406-F407-F408-F409-F410-F411-F412-F413-F414-F415-F416-F417-F418-F419-F420-F421-F422-F423-F424-F425-F426-F427-F428-F429-F430-F431-F432-F433-F434-F435-F436-F437-F438-F439-F440-F441-F442-F443-F444-F445-F446-F447-F448-F449-F450-F451-F452-F453-F454-F455-F456-F457-F458-F459-F460-F461-F462-F463-F464-F465-F466-F467-F468-F469-F470-F471-F472-F473-F474-F475-F476-F477-F478-F479-F480-F481-F482-F483-F484-F485-F486-F487-F488-F489-F490-F491-F492-F493-F494-F495-F496-F497-F498-F499-F500-F501-E507509-E511512

## Summary

Number of input bits: 512  
Number of free input bits: 9  
Number of output bits: 160

Number of direct occurrences: 36983  
Number of assignments: 31377  
Number of operations: 11139400
(xor: 11110061,
and: 16106,
or: 13233)

Total complexity: 1.85265739403588 × 10^300

Least occurring input variable: iv_502 (3934)  
Most occurring input variable: iv_511 (4546)

Most co-occurring input variables: iv_507-iv_511 (2132)  
Least co-occurring input variables: iv_502-iv_503 (1780)

Potentially most occurring input variable: iv_502/iv_511 (4714)  
Potentially least occurring input variable: iv_504/iv_506 (4216)

Least output occurring input variable: iv_507 (66)  
Most output occurring input variable: iv_511 (86)

Most output co-occurring input variables: iv_510-iv_511 (47)  
Least output co-occurring input variables: iv_502-iv_508 (30)

Potentially most output occurring input variable: iv_504/iv_510 (93)  
Potentially least output occurring input variable: iv_507/iv_508 (68)

Least complex input bit: iv_502 (2.0614705720294726 × 10^298)  
Most complex input bit: iv_510 (5.536240237978965 × 10^299)

Least complex output bit: aaa_76_29 (2.551539844515084 × 10^275)  
Most complex output bit: ov_001 (2.929679835283012 × 10^299)

Least complex input/output complexity: iv_502/aaa_76_29 (2.8391241250332515 × 10^273)  
Most complex input/output complexity: iv_510/ov_001 (8.754673929839 × 10^298)

Input variable with highest collision probability: iv_502 (½^160.00000000000034)

## Input Bits

### Input Bits in Regular Order

| Input Bit | Complexity | Occurrences | Output Occurrences | Collision Probability |
|:---------:|:----------:|:-----------:|:------------------:|:---------------------:|
| iv_502 | 2.0614705720294726 × 10^298 | 3934 | 82 | ½^160.00000000000034 |
| iv_503 | 3.625698011893022 × 10^298 | 4078 | 74 | ½^160.00000000000082 |
| iv_504 | 5.956355337351497 × 10^298 | 3969 | 78 | ½^160.00000000000063 |
| iv_505 | 9.361039682016776 × 10^298 | 3962 | 79 | ½^160.00000000000065 |
| iv_506 | 1.4239555491351668 × 10^299 | 3993 | 82 | ½^160.00000000000045 |
| iv_507 | 4.839808507464107 × 10^299 | 4302 | 66 | ½^160.0000000000007 |
| iv_508 | 3.015444217926943 × 10^299 | 4034 | 70 | ½^160.00000000000068 |
| iv_510 | 5.536240237978965 × 10^299 | 4165 | 79 | ½^160.00000000000068 |
| iv_511 | 1.6106690675245715 × 10^299 | 4546 | 86 | ½^160.0000000000007 |

### Input Bits Sorted by Complexity

| Input Bit | Complexity | Occurrences | Output Occurrences | Collision Probability |
|:---------:|:----------:|:-----------:|:------------------:|:---------------------:|
| iv_502 | 2.0614705720294726 × 10^298 | 3934 | 82 | ½^160.00000000000034 |
| iv_503 | 3.625698011893022 × 10^298 | 4078 | 74 | ½^160.00000000000082 |
| iv_504 | 5.956355337351497 × 10^298 | 3969 | 78 | ½^160.00000000000063 |
| iv_505 | 9.361039682016776 × 10^298 | 3962 | 79 | ½^160.00000000000065 |
| iv_506 | 1.4239555491351668 × 10^299 | 3993 | 82 | ½^160.00000000000045 |
| iv_511 | 1.6106690675245715 × 10^299 | 4546 | 86 | ½^160.0000000000007 |
| iv_508 | 3.015444217926943 × 10^299 | 4034 | 70 | ½^160.00000000000068 |
| iv_507 | 4.839808507464107 × 10^299 | 4302 | 66 | ½^160.0000000000007 |
| iv_510 | 5.536240237978965 × 10^299 | 4165 | 79 | ½^160.00000000000068 |

### Input Bits Sorted by Occurrences

| Input Bit | Complexity | Occurrences | Output Occurrences | Collision Probability |
|:---------:|:----------:|:-----------:|:------------------:|:---------------------:|
| iv_502 | 2.0614705720294726 × 10^298 | 3934 | 82 | ½^160.00000000000034 |
| iv_505 | 9.361039682016776 × 10^298 | 3962 | 79 | ½^160.00000000000065 |
| iv_504 | 5.956355337351497 × 10^298 | 3969 | 78 | ½^160.00000000000063 |
| iv_506 | 1.4239555491351668 × 10^299 | 3993 | 82 | ½^160.00000000000045 |
| iv_508 | 3.015444217926943 × 10^299 | 4034 | 70 | ½^160.00000000000068 |
| iv_503 | 3.625698011893022 × 10^298 | 4078 | 74 | ½^160.00000000000082 |
| iv_510 | 5.536240237978965 × 10^299 | 4165 | 79 | ½^160.00000000000068 |
| iv_507 | 4.839808507464107 × 10^299 | 4302 | 66 | ½^160.0000000000007 |
| iv_511 | 1.6106690675245715 × 10^299 | 4546 | 86 | ½^160.0000000000007 |

### Input Bits Sorted by Output Occurrences

| Input Bit | Complexity | Occurrences | Output Occurrences | Collision Probability |
|:---------:|:----------:|:-----------:|:------------------:|:---------------------:|
| iv_507 | 4.839808507464107 × 10^299 | 4302 | 66 | ½^160.0000000000007 |
| iv_508 | 3.015444217926943 × 10^299 | 4034 | 70 | ½^160.00000000000068 |
| iv_503 | 3.625698011893022 × 10^298 | 4078 | 74 | ½^160.00000000000082 |
| iv_504 | 5.956355337351497 × 10^298 | 3969 | 78 | ½^160.00000000000063 |
| iv_505 | 9.361039682016776 × 10^298 | 3962 | 79 | ½^160.00000000000065 |
| iv_510 | 5.536240237978965 × 10^299 | 4165 | 79 | ½^160.00000000000068 |
| iv_502 | 2.0614705720294726 × 10^298 | 3934 | 82 | ½^160.00000000000034 |
| iv_506 | 1.4239555491351668 × 10^299 | 3993 | 82 | ½^160.00000000000045 |
| iv_511 | 1.6106690675245715 × 10^299 | 4546 | 86 | ½^160.0000000000007 |

### Input Bits Sorted by Collision Probability

| Input Bit | Complexity | Occurrences | Output Occurrences | Collision Probability |
|:---------:|:----------:|:-----------:|:------------------:|:---------------------:|
| iv_502 | 2.0614705720294726 × 10^298 | 3934 | 82 | ½^160.00000000000034 |
| iv_506 | 1.4239555491351668 × 10^299 | 3993 | 82 | ½^160.00000000000045 |
| iv_504 | 5.956355337351497 × 10^298 | 3969 | 78 | ½^160.00000000000063 |
| iv_505 | 9.361039682016776 × 10^298 | 3962 | 79 | ½^160.00000000000065 |
| iv_508 | 3.015444217926943 × 10^299 | 4034 | 70 | ½^160.00000000000068 |
| iv_510 | 5.536240237978965 × 10^299 | 4165 | 79 | ½^160.00000000000068 |
| iv_507 | 4.839808507464107 × 10^299 | 4302 | 66 | ½^160.0000000000007 |
| iv_511 | 1.6106690675245715 × 10^299 | 4546 | 86 | ½^160.0000000000007 |
| iv_503 | 3.625698011893022 × 10^298 | 4078 | 74 | ½^160.00000000000082 |

## Input Bit/Output Bit Collision Probabilities

| Input Bit | Output Bit | Collision Probability |
|:---------:|:----------:|:---------------------:|
| iv_502 | ov_136 | 0.5000000000000044 |
| iv_502 | lv_79_m31 | 0.5000000000000042 |
| iv_502 | ov_088 | 0.5000000000000042 |
| iv_502 | ov_043 | 0.500000000000004 |
| iv_502 | ov_070 | 0.500000000000004 |
| iv_506 | ov_034 | 0.500000000000002 |
| iv_506 | ov_098 | 0.5000000000000019 |
| iv_502 | ov_017 | 0.5000000000000018 |
| iv_502 | ov_023 | 0.5000000000000018 |

## Input Bit Co-occurrences

### Input Bit Co-occurrences Sorted by Co-occurrences

| Input Bits | Co-occurrences | Potential Occurrences | Output Co-occurrences | Potential Output Occurrences |
|:----------:|:--------------:|:---------------------:|:---------------------:|:----------------------------:|
| iv_510-iv_511 | 2132 | 4447 | 47 | 71 |
| iv_507-iv_511 | 2132 | 4584 | 40 | 72 |
| iv_506-iv_511 | 2044 | 4451 | 42 | 84 |
| iv_503-iv_511 | 1999 | 4626 | 44 | 72 |
| iv_506-iv_507 | 1990 | 4315 | 34 | 80 |
| iv_508-iv_511 | 1974 | 4632 | 36 | 84 |
| iv_504-iv_511 | 1971 | 4573 | 43 | 78 |
| iv_507-iv_510 | 1964 | 4539 | 34 | 77 |
| iv_506-iv_510 | 1946 | 4266 | 44 | 73 |

### Input Bit Co-occurrences Sorted by Potential Occurrences

| Input Bits | Co-occurrences | Potential Occurrences | Output Co-occurrences | Potential Output Occurrences |
|:----------:|:--------------:|:---------------------:|:---------------------:|:----------------------------:|
| iv_504-iv_506 | 1873 | 4216 | 42 | 76 |
| iv_506-iv_508 | 1902 | 4223 | 37 | 78 |
| iv_502-iv_505 | 1829 | 4238 | 36 | 89 |
| iv_503-iv_506 | 1912 | 4247 | 38 | 80 |
| iv_504-iv_505 | 1842 | 4247 | 41 | 75 |
| iv_506-iv_510 | 1946 | 4266 | 44 | 73 |
| iv_504-iv_508 | 1867 | 4269 | 37 | 74 |
| iv_503-iv_505 | 1879 | 4282 | 40 | 73 |
| iv_502-iv_504 | 1807 | 4289 | 42 | 76 |

### Input Bit Output Co-occurrences Sorted by Output Co-occurrences

| Input Bits | Co-occurrences | Potential Occurrences | Output Co-occurrences | Potential Output Occurrences |
|:----------:|:--------------:|:---------------------:|:---------------------:|:----------------------------:|
| iv_510-iv_511 | 2132 | 4447 | 47 | 71 |
| iv_502-iv_506 | 1817 | 4293 | 44 | 76 |
| iv_503-iv_511 | 1999 | 4626 | 44 | 72 |
| iv_506-iv_510 | 1946 | 4266 | 44 | 73 |
| iv_502-iv_511 | 1883 | 4714 | 43 | 82 |
| iv_504-iv_511 | 1971 | 4573 | 43 | 78 |
| iv_502-iv_504 | 1807 | 4289 | 42 | 76 |
| iv_502-iv_510 | 1863 | 4373 | 42 | 77 |
| iv_504-iv_506 | 1873 | 4216 | 42 | 76 |

### Input Bit Output Co-occurrences Sorted by Potential Output Occurrences

| Input Bits | Co-occurrences | Potential Occurrences | Output Co-occurrences | Potential Output Occurrences |
|:----------:|:--------------:|:---------------------:|:---------------------:|:----------------------------:|
| iv_507-iv_508 | 1916 | 4504 | 34 | 68 |
| iv_503-iv_504 | 1854 | 4339 | 41 | 70 |
| iv_510-iv_511 | 2132 | 4447 | 47 | 71 |
| iv_503-iv_511 | 1999 | 4626 | 44 | 72 |
| iv_507-iv_511 | 2132 | 4584 | 40 | 72 |
| iv_503-iv_505 | 1879 | 4282 | 40 | 73 |
| iv_506-iv_510 | 1946 | 4266 | 44 | 73 |
| iv_504-iv_508 | 1867 | 4269 | 37 | 74 |
| iv_504-iv_505 | 1842 | 4247 | 41 | 75 |

## Output Bits

### Output Bits in Regular Order

| Rank | Output Bit | Complexity |
|:----:|:----------:|:----------:|
| 1 | ov_001 | 2.929679835283012 × 10^299 |
| 2 | ov_002 | 2.548712702794236 × 10^299 |
| 3 | ov_003 | 2.204578182676621 × 10^299 |
| 4 | ov_004 | 1.8957460803153185 × 10^299 |
| 5 | ov_005 | 1.6207701118028526 × 10^299 |
| 6 | ov_006 | 1.3769859179263621 × 10^299 |
| 7 | ov_007 | 1.1618696476330774 × 10^299 |
| 8 | ov_008 | 9.73029430768657 × 10^298 |
| 9 | ov_009 | 8.08198042059207 × 10^298 |
| 10 | ov_010 | 6.65226622662287 × 10^298 |
| 11 | ov_011 | 5.42079356582631 × 10^298 |
| 12 | ov_012 | 4.368290286440199 × 10^298 |
| 13 | ov_013 | 3.4765339632998703 × 10^298 |
| 14 | ov_014 | 2.7283229246229195 × 10^298 |
| 15 | ov_015 | 2.107453616457958 × 10^298 |
| 16 | ov_016 | 1.5987033367752265 × 10^298 |
| 17 | ov_017 | 1.1878174430100338 × 10^298 |
| 18 | ov_018 | 8.615002084415192 × 10^297 |
| 19 | ov_019 | 6.074085741985526 × 10^297 |
| 20 | ov_020 | 4.141481149985525 × 10^297 |
| 21 | ov_021 | 2.71270607985034 × 10^297 |
| 22 | ov_022 | 1.69272665259568 × 10^297 |
| 23 | ov_023 | 9.959498227820393 × 10^296 |
| 24 | ov_024 | 5.462189803220206 × 10^296 |
| 25 | ov_025 | 2.768112070253136 × 10^296 |
| 26 | ov_026 | 1.3043563124331607 × 10^296 |
| 27 | ov_027 | 5.923254529693733 × 10^295 |
| 28 | ov_028 | 2.4772996232144363 × 10^295 |
| 29 | ov_029 | 1.0200166608896625 × 10^295 |
| 30 | ov_030 | 3.37251937946402 × 10^294 |
| 31 | ov_031 | 8.16021417022684 × 10^293 |
| 32 | lv_80_m31 | 1.973848386900696 × 10^293 |
| 33 | ov_033 | 2.364254679484711 × 10^294 |
| 34 | ov_034 | 2.0453385116141718 × 10^294 |
| 35 | ov_035 | 1.76085118744415 × 10^294 |
| 36 | ov_036 | 1.5079967620525448 × 10^294 |
| 37 | ov_037 | 1.2841298611499193 × 10^294 |
| 38 | ov_038 | 1.086745022442797 × 10^294 |
| 39 | ov_039 | 9.134674872693115 × 10^293 |
| 40 | ov_040 | 7.620453017466651 × 10^293 |
| 41 | ov_041 | 6.303425952620308 × 10^293 |
| 42 | ov_042 | 5.163339122836287 × 10^293 |
| 43 | ov_043 | 4.18099481220081 × 10^293 |
| 44 | ov_044 | 3.3382131146362617 × 10^293 |
| 45 | ov_045 | 2.6178001686275854 × 10^293 |
| 46 | ov_046 | 2.01140200720825 × 10^293 |
| 47 | ov_047 | 1.5111393304226363 × 10^293 |
| 48 | ov_048 | 1.1095987486447912 × 10^293 |
| 49 | ov_049 | 7.933263793738551 × 10^292 |
| 50 | ov_050 | 5.497735968536029 × 10^292 |
| 51 | ov_051 | 3.672911918784314 × 10^292 |
| 52 | ov_052 | 2.3512549551726815 × 10^292 |
| 53 | ov_053 | 1.4341595524788103 × 10^292 |
| 54 | ov_054 | 8.319371153669541 × 10^291 |
| 55 | ov_055 | 4.638079936698816 × 10^291 |
| 56 | ov_056 | 2.5789706152146776 × 10^291 |
| 57 | ov_057 | 1.5123123016400488 × 10^291 |
| 58 | ov_058 | 8.973802633324187 × 10^290 |
| 59 | ov_059 | 4.860623867400691 × 10^290 |
| 60 | ov_060 | 2.338617742948723 × 10^290 |
| 61 | ov_061 | 9.628186817245018 × 10^289 |
| 62 | ov_062 | 3.182829249746242 × 10^289 |
| 63 | ov_063 | 7.699482083509575 × 10^288 |
| 64 | lv_79_m31 | 1.86192795855432 × 10^288 |
| 65 | ov_065 | 2.2045304196384088 × 10^289 |
| 66 | ov_066 | 2.2045251500636133 × 10^289 |
| 67 | ov_067 | 2.2045234422524442 × 10^289 |
| 68 | ov_068 | 1.9043140595695935 × 10^289 |
| 69 | ov_069 | 1.635453536388132 × 10^289 |
| 70 | ov_070 | 1.396578376046457 × 10^289 |
| 71 | ov_071 | 1.1852085559043236 × 10^289 |
| 72 | ov_072 | 9.990157598248661 × 10^288 |
| 73 | ov_073 | 8.35813328996918 × 10^288 |
| 74 | ov_074 | 6.935471333972389 × 10^288 |
| 75 | ov_075 | 5.702873149187749 × 10^288 |
| 76 | ov_076 | 4.642208547541933 × 10^288 |
| 77 | ov_077 | 3.736449188786767 × 10^288 |
| 78 | ov_078 | 2.969609364649589 × 10^288 |
| 79 | ov_079 | 2.3266936682649508 × 10^288 |
| 80 | ov_080 | 1.793651110581924 × 10^288 |
| 81 | ov_081 | 1.3573352496206493 × 10^288 |
| 82 | ov_082 | 1.0054699013837135 × 10^288 |
| 83 | ov_083 | 7.266200031918473 × 10^287 |
| 84 | ov_084 | 5.101672014596789 × 10^287 |
| 85 | ov_085 | 3.462897366748833 × 10^287 |
| 86 | ov_086 | 2.2594619877311738 × 10^287 |
| 87 | ov_087 | 1.4086272634317486 × 10^287 |
| 88 | ov_088 | 8.352322323513683 × 10^286 |
| 89 | ov_089 | 4.716216622519905 × 10^286 |
| 90 | ov_090 | 2.57595774380369 × 10^286 |
| 91 | ov_091 | 1.4037735254332274 × 10^286 |
| 92 | ov_092 | 7.459201036604049 × 10^285 |
| 93 | ov_093 | 3.94014869497721 × 10^285 |
| 94 | ov_094 | 1.7661897122925145 × 10^285 |
| 95 | aaa_78_28 | 5.68074216170257 × 10^284 |
| 96 | aaa_78_29 | 2.152484838625333 × 10^284 |
| 97 | ov_097 | 2.344600482293501 × 10^284 |
| 98 | ov_098 | 2.344530299495909 × 10^284 |
| 99 | ov_099 | 2.34450789468506 × 10^284 |
| 100 | ov_100 | 2.110146339470796 × 10^284 |
| 101 | ov_101 | 1.893025328159007 × 10^284 |
| 102 | ov_102 | 1.6922034215625033 × 10^284 |
| 103 | ov_103 | 1.5068081763451515 × 10^284 |
| 104 | ov_104 | 1.336027059260376 × 10^284 |
| 105 | ov_105 | 1.1790991975282802 × 10^284 |
| 106 | ov_106 | 1.0353079204868392 × 10^284 |
| 107 | ov_107 | 9.039740495122289 × 10^283 |
| 108 | ov_108 | 7.844498947465982 × 10^283 |
| 109 | ov_109 | 6.761139184368819 × 10^283 |
| 110 | ov_110 | 5.783660257092921 × 10^283 |
| 111 | ov_111 | 4.906234444101853 × 10^283 |
| 112 | ov_112 | 4.123171562637293 × 10^283 |
| 113 | ov_113 | 3.4288884206192086 × 10^283 |
| 114 | ov_114 | 2.817883039417631 × 10^283 |
| 115 | ov_115 | 2.2847132804211382 × 10^283 |
| 116 | ov_116 | 1.8239795099146926 × 10^283 |
| 117 | ov_117 | 1.4303109377714992 × 10^283 |
| 118 | ov_118 | 1.0983552660448149 × 10^283 |
| 119 | ov_119 | 8.227712838676444 × 10^282 |
| 120 | ov_120 | 5.982240452229458 × 10^282 |
| 121 | ov_121 | 4.1938205690666813 × 10^282 |
| 122 | ov_122 | 2.809157401459298 × 10^282 |
| 123 | ov_123 | 1.774966110031097 × 10^282 |
| 124 | ov_124 | 1.037968033823044 × 10^282 |
| 125 | ov_125 | 5.448875614293952 × 10^281 |
| 126 | ov_126 | 2.4245033198297023 × 10^281 |
| 127 | aaa_77_28 | 7.738238406184036 × 10^280 |
| 128 | aaa_77_29 | 2.898965505096094 × 10^280 |
| 129 | ov_129 | 2.6557053872748803 × 10^280 |
| 130 | ov_130 | 2.655699180920575 × 10^280 |
| 131 | ov_131 | 2.6556971874793923 × 10^280 |
| 132 | ov_132 | 2.2966830160870695 × 10^280 |
| 133 | ov_133 | 1.975625076219691 × 10^280 |
| 134 | ov_134 | 1.6896070169295875 × 10^280 |
| 135 | ov_135 | 1.4358752580384669 × 10^280 |
| 136 | ov_136 | 1.211827149531001 × 10^280 |
| 137 | ov_137 | 1.015000636773412 × 10^280 |
| 138 | ov_138 | 8.430653226894796 × 10^279 |
| 139 | ov_139 | 6.938147979029307 × 10^279 |
| 140 | ov_140 | 5.651601081597412 × 10^279 |
| 141 | ov_141 | 4.5512423553079877 × 10^279 |
| 142 | ov_142 | 3.618374769103277 × 10^279 |
| 143 | ov_143 | 2.8353361020747955 × 10^279 |
| 144 | ov_144 | 2.1854675100005964 × 10^279 |
| 145 | ov_145 | 1.653088203073638 × 10^279 |
| 146 | ov_146 | 1.2234755079550828 × 10^279 |
| 147 | ov_147 | 8.828495417042657 × 10^278 |
| 148 | ov_148 | 6.183617352330605 × 10^278 |
| 149 | ov_149 | 4.180865097956173 × 10^278 |
| 150 | ov_150 | 2.710154758127828 × 10^278 |
| 151 | ov_151 | 1.670535890769176 × 10^278 |
| 152 | ov_152 | 9.701676510483785 × 10^277 |
| 153 | ov_153 | 5.263051811414339 × 10^277 |
| 154 | ov_154 | 2.6529256797394545 × 10^277 |
| 155 | ov_155 | 1.225594432775832 × 10^277 |
| 156 | aaa_76_25 | 4.2619393237277397 × 10^276 |
| 157 | aaa_76_26 | 2.6229705578737185 × 10^276 |
| 158 | aaa_76_27 | 1.4381274814247685 × 10^276 |
| 159 | aaa_76_28 | 6.776926357366287 × 10^275 |
| 160 | aaa_76_29 | 2.551539844515084 × 10^275 |

### Output Bits Sorted by Complexity

| Rank | Output Bit | Complexity |
|:----:|:----------:|:----------:|
| 160 | aaa_76_29 | 2.551539844515084 × 10^275 |
| 159 | aaa_76_28 | 6.776926357366287 × 10^275 |
| 158 | aaa_76_27 | 1.4381274814247685 × 10^276 |
| 157 | aaa_76_26 | 2.6229705578737185 × 10^276 |
| 156 | aaa_76_25 | 4.2619393237277397 × 10^276 |
| 155 | ov_155 | 1.225594432775832 × 10^277 |
| 154 | ov_154 | 2.6529256797394545 × 10^277 |
| 153 | ov_153 | 5.263051811414339 × 10^277 |
| 152 | ov_152 | 9.701676510483785 × 10^277 |
| 151 | ov_151 | 1.670535890769176 × 10^278 |
| 150 | ov_150 | 2.710154758127828 × 10^278 |
| 149 | ov_149 | 4.180865097956173 × 10^278 |
| 148 | ov_148 | 6.183617352330605 × 10^278 |
| 147 | ov_147 | 8.828495417042657 × 10^278 |
| 146 | ov_146 | 1.2234755079550828 × 10^279 |
| 145 | ov_145 | 1.653088203073638 × 10^279 |
| 144 | ov_144 | 2.1854675100005964 × 10^279 |
| 143 | ov_143 | 2.8353361020747955 × 10^279 |
| 142 | ov_142 | 3.618374769103277 × 10^279 |
| 141 | ov_141 | 4.5512423553079877 × 10^279 |
| 140 | ov_140 | 5.651601081597412 × 10^279 |
| 139 | ov_139 | 6.938147979029307 × 10^279 |
| 138 | ov_138 | 8.430653226894796 × 10^279 |
| 137 | ov_137 | 1.015000636773412 × 10^280 |
| 136 | ov_136 | 1.211827149531001 × 10^280 |
| 135 | ov_135 | 1.4358752580384669 × 10^280 |
| 134 | ov_134 | 1.6896070169295875 × 10^280 |
| 133 | ov_133 | 1.975625076219691 × 10^280 |
| 132 | ov_132 | 2.2966830160870695 × 10^280 |
| 131 | ov_131 | 2.6556971874793923 × 10^280 |
| 130 | ov_130 | 2.655699180920575 × 10^280 |
| 129 | ov_129 | 2.6557053872748803 × 10^280 |
| 128 | aaa_77_29 | 2.898965505096094 × 10^280 |
| 127 | aaa_77_28 | 7.738238406184036 × 10^280 |
| 126 | ov_126 | 2.4245033198297023 × 10^281 |
| 125 | ov_125 | 5.448875614293952 × 10^281 |
| 124 | ov_124 | 1.037968033823044 × 10^282 |
| 123 | ov_123 | 1.774966110031097 × 10^282 |
| 122 | ov_122 | 2.809157401459298 × 10^282 |
| 121 | ov_121 | 4.1938205690666813 × 10^282 |
| 120 | ov_120 | 5.982240452229458 × 10^282 |
| 119 | ov_119 | 8.227712838676444 × 10^282 |
| 118 | ov_118 | 1.0983552660448149 × 10^283 |
| 117 | ov_117 | 1.4303109377714992 × 10^283 |
| 116 | ov_116 | 1.8239795099146926 × 10^283 |
| 115 | ov_115 | 2.2847132804211382 × 10^283 |
| 114 | ov_114 | 2.817883039417631 × 10^283 |
| 113 | ov_113 | 3.4288884206192086 × 10^283 |
| 112 | ov_112 | 4.123171562637293 × 10^283 |
| 111 | ov_111 | 4.906234444101853 × 10^283 |
| 110 | ov_110 | 5.783660257092921 × 10^283 |
| 109 | ov_109 | 6.761139184368819 × 10^283 |
| 108 | ov_108 | 7.844498947465982 × 10^283 |
| 107 | ov_107 | 9.039740495122289 × 10^283 |
| 106 | ov_106 | 1.0353079204868392 × 10^284 |
| 105 | ov_105 | 1.1790991975282802 × 10^284 |
| 104 | ov_104 | 1.336027059260376 × 10^284 |
| 103 | ov_103 | 1.5068081763451515 × 10^284 |
| 102 | ov_102 | 1.6922034215625033 × 10^284 |
| 101 | ov_101 | 1.893025328159007 × 10^284 |
| 100 | ov_100 | 2.110146339470796 × 10^284 |
| 96 | aaa_78_29 | 2.152484838625333 × 10^284 |
| 99 | ov_099 | 2.34450789468506 × 10^284 |
| 98 | ov_098 | 2.344530299495909 × 10^284 |
| 97 | ov_097 | 2.344600482293501 × 10^284 |
| 95 | aaa_78_28 | 5.68074216170257 × 10^284 |
| 94 | ov_094 | 1.7661897122925145 × 10^285 |
| 93 | ov_093 | 3.94014869497721 × 10^285 |
| 92 | ov_092 | 7.459201036604049 × 10^285 |
| 91 | ov_091 | 1.4037735254332274 × 10^286 |
| 90 | ov_090 | 2.57595774380369 × 10^286 |
| 89 | ov_089 | 4.716216622519905 × 10^286 |
| 88 | ov_088 | 8.352322323513683 × 10^286 |
| 87 | ov_087 | 1.4086272634317486 × 10^287 |
| 86 | ov_086 | 2.2594619877311738 × 10^287 |
| 85 | ov_085 | 3.462897366748833 × 10^287 |
| 84 | ov_084 | 5.101672014596789 × 10^287 |
| 83 | ov_083 | 7.266200031918473 × 10^287 |
| 82 | ov_082 | 1.0054699013837135 × 10^288 |
| 81 | ov_081 | 1.3573352496206493 × 10^288 |
| 80 | ov_080 | 1.793651110581924 × 10^288 |
| 64 | lv_79_m31 | 1.86192795855432 × 10^288 |
| 79 | ov_079 | 2.3266936682649508 × 10^288 |
| 78 | ov_078 | 2.969609364649589 × 10^288 |
| 77 | ov_077 | 3.736449188786767 × 10^288 |
| 76 | ov_076 | 4.642208547541933 × 10^288 |
| 75 | ov_075 | 5.702873149187749 × 10^288 |
| 74 | ov_074 | 6.935471333972389 × 10^288 |
| 63 | ov_063 | 7.699482083509575 × 10^288 |
| 73 | ov_073 | 8.35813328996918 × 10^288 |
| 72 | ov_072 | 9.990157598248661 × 10^288 |
| 71 | ov_071 | 1.1852085559043236 × 10^289 |
| 70 | ov_070 | 1.396578376046457 × 10^289 |
| 69 | ov_069 | 1.635453536388132 × 10^289 |
| 68 | ov_068 | 1.9043140595695935 × 10^289 |
| 67 | ov_067 | 2.2045234422524442 × 10^289 |
| 66 | ov_066 | 2.2045251500636133 × 10^289 |
| 65 | ov_065 | 2.2045304196384088 × 10^289 |
| 62 | ov_062 | 3.182829249746242 × 10^289 |
| 61 | ov_061 | 9.628186817245018 × 10^289 |
| 60 | ov_060 | 2.338617742948723 × 10^290 |
| 59 | ov_059 | 4.860623867400691 × 10^290 |
| 58 | ov_058 | 8.973802633324187 × 10^290 |
| 57 | ov_057 | 1.5123123016400488 × 10^291 |
| 56 | ov_056 | 2.5789706152146776 × 10^291 |
| 55 | ov_055 | 4.638079936698816 × 10^291 |
| 54 | ov_054 | 8.319371153669541 × 10^291 |
| 53 | ov_053 | 1.4341595524788103 × 10^292 |
| 52 | ov_052 | 2.3512549551726815 × 10^292 |
| 51 | ov_051 | 3.672911918784314 × 10^292 |
| 50 | ov_050 | 5.497735968536029 × 10^292 |
| 49 | ov_049 | 7.933263793738551 × 10^292 |
| 48 | ov_048 | 1.1095987486447912 × 10^293 |
| 47 | ov_047 | 1.5111393304226363 × 10^293 |
| 32 | lv_80_m31 | 1.973848386900696 × 10^293 |
| 46 | ov_046 | 2.01140200720825 × 10^293 |
| 45 | ov_045 | 2.6178001686275854 × 10^293 |
| 44 | ov_044 | 3.3382131146362617 × 10^293 |
| 43 | ov_043 | 4.18099481220081 × 10^293 |
| 42 | ov_042 | 5.163339122836287 × 10^293 |
| 41 | ov_041 | 6.303425952620308 × 10^293 |
| 40 | ov_040 | 7.620453017466651 × 10^293 |
| 31 | ov_031 | 8.16021417022684 × 10^293 |
| 39 | ov_039 | 9.134674872693115 × 10^293 |
| 38 | ov_038 | 1.086745022442797 × 10^294 |
| 37 | ov_037 | 1.2841298611499193 × 10^294 |
| 36 | ov_036 | 1.5079967620525448 × 10^294 |
| 35 | ov_035 | 1.76085118744415 × 10^294 |
| 34 | ov_034 | 2.0453385116141718 × 10^294 |
| 33 | ov_033 | 2.364254679484711 × 10^294 |
| 30 | ov_030 | 3.37251937946402 × 10^294 |
| 29 | ov_029 | 1.0200166608896625 × 10^295 |
| 28 | ov_028 | 2.4772996232144363 × 10^295 |
| 27 | ov_027 | 5.923254529693733 × 10^295 |
| 26 | ov_026 | 1.3043563124331607 × 10^296 |
| 25 | ov_025 | 2.768112070253136 × 10^296 |
| 24 | ov_024 | 5.462189803220206 × 10^296 |
| 23 | ov_023 | 9.959498227820393 × 10^296 |
| 22 | ov_022 | 1.69272665259568 × 10^297 |
| 21 | ov_021 | 2.71270607985034 × 10^297 |
| 20 | ov_020 | 4.141481149985525 × 10^297 |
| 19 | ov_019 | 6.074085741985526 × 10^297 |
| 18 | ov_018 | 8.615002084415192 × 10^297 |
| 17 | ov_017 | 1.1878174430100338 × 10^298 |
| 16 | ov_016 | 1.5987033367752265 × 10^298 |
| 15 | ov_015 | 2.107453616457958 × 10^298 |
| 14 | ov_014 | 2.7283229246229195 × 10^298 |
| 13 | ov_013 | 3.4765339632998703 × 10^298 |
| 12 | ov_012 | 4.368290286440199 × 10^298 |
| 11 | ov_011 | 5.42079356582631 × 10^298 |
| 10 | ov_010 | 6.65226622662287 × 10^298 |
| 9 | ov_009 | 8.08198042059207 × 10^298 |
| 8 | ov_008 | 9.73029430768657 × 10^298 |
| 7 | ov_007 | 1.1618696476330774 × 10^299 |
| 6 | ov_006 | 1.3769859179263621 × 10^299 |
| 5 | ov_005 | 1.6207701118028526 × 10^299 |
| 4 | ov_004 | 1.8957460803153185 × 10^299 |
| 3 | ov_003 | 2.204578182676621 × 10^299 |
| 2 | ov_002 | 2.548712702794236 × 10^299 |
| 1 | ov_001 | 2.929679835283012 × 10^299 |

