# Results for F001-F002-F003-F004-F005-F006-F007-F008-F009-F010-F011-F012-F013-F014-F015-F016-F017-F018-F019-F020-F021-F022-F023-F024-F025-F026-F027-F028-F029-F030-F031-F032-F033-F034-F035-F036-F037-F038-F039-F040-F041-F042-F043-F044-F045-F046-F047-F048-F049-F050-F051-F052-F053-F054-F055-F056-F057-F058-F059-F060-F061-F062-F063-F064-F065-F066-F067-F068-F069-F070-F071-F072-F073-F074-F075-F076-F077-F078-F079-F080-F081-F082-F083-F084-F085-F086-F087-F088-F089-F090-F091-F092-F093-F094-F095-F096-F097-F098-F099-F100-F101-F102-F103-F104-F105-F106-F107-F108-F109-F110-F111-F112-F113-F114-F115-F116-F117-F118-F119-F120-F121-F122-F123-F124-F125-F126-F127-F128-F129-F130-F131-F132-F133-F134-F135-F136-F137-F138-F139-F140-F141-F142-F143-F144-F145-F146-F147-F148-F149-F150-F151-F152-F153-F154-F155-F156-F157-F158-F159-F160-F161-F162-F163-F164-F165-F166-F167-F168-F169-F170-F171-F172-F173-F174-F175-F176-F177-F178-F179-F180-F181-F182-F183-F184-F185-F186-F187-F188-F189-F190-F191-F192-F193-F194-F195-F196-F197-F198-F199-F200-F201-F202-F203-F204-F205-F206-F207-F208-F209-F210-F211-F212-F213-F214-F215-F216-F217-F218-F219-F220-F221-F222-F223-F224-F225-F226-F227-F228-F229-F230-F231-F232-F233-F234-F235-F236-F237-F238-F239-F240-F241-F242-F243-F244-F245-F246-F247-F248-F249-F250-F251-F252-F253-F254-F255-F256-F257-F258-F259-F260-F261-F262-F263-F264-F265-F266-F267-F268-F269-F270-F271-F272-F273-F274-F275-F276-F277-F278-F279-F280-F281-F282-F283-F284-F285-F286-F287-F288-F289-F290-F291-F292-F293-F294-F295-F296-F297-F298-F299-F300-F301-F302-F303-F304-F305-F306-F307-F308-F309-F310-F311-F312-F313-F314-F315-F316-F317-F318-F319-F320-F321-F322-F323-F324-F325-F326-F327-F328-F329-F330-F331-F332-F333-F334-F335-F336-F337-F338-F339-F340-F341-F342-F343-F344-F345-F346-F347-F348-F349-F350-F351-F352-F353-F354-F355-F356-F357-F358-F359-F360-F361-F362-F363-F364-F365-F366-F367-F368-F369-F370-F371-F372-F373-F374-F375-F376-F377-F378-F379-F380-F381-F382-F383-F384-F385-F386-F387-F388-F389-F390-F391-F392-F393-F394-F395-F396-F397-F398-F399-F400-F401-F402-F403-F404-F405-F406-F407-F408-F409-F410-F411-F412-F413-F414-F415-F416-F417-F418-F419-F420-F421-F422-F423-F424-F425-F426-F427-F428-F429-F430-F431-F432-F433-F434-F435-F436-F437-F438-F439-F440-F441-F442-F443-F444-F445-F446-F447-F448-F449-F450-F451-F452-F453-F454-F455-F456-F457-F458-F459-F460-F461-F462-F463-F464-F465-F466-F467-F468-F469-F470-F471-F472-F473-F474-F475-F476-F477-F478-F479-F480-F481-F482-F483-F484-F485-F486-F487-F488-F489-F490-F491-F492-F493-F494-F495-F496-F497-F498-F499-F500-F501-E507509-E511512

## Summary

Number of input bits: 512  
Number of free input bits: 9  
Number of output bits: 160

Number of direct occurrences: 36524  
Number of assignments: 31170  
Number of operations: 11124623
(xor: 11095292,
and: 16104,
or: 13227)

Total complexity: 1.8471249828137512 × 10^300

Least occurring input variable: iv_502 (3896)  
Most occurring input variable: iv_511 (4481)

Most co-occurring input variables: iv_510-iv_511 (2110)  
Least co-occurring input variables: iv_502-iv_503 (1771)

Potentially most occurring input variable: iv_502/iv_511 (4617)  
Potentially least occurring input variable: iv_504/iv_506 (4147)

Least output occurring input variable: iv_507 (66)  
Most output occurring input variable: iv_511 (86)

Most output co-occurring input variables: iv_510-iv_511 (47)  
Least output co-occurring input variables: iv_502-iv_508 (30)

Potentially most output occurring input variable: iv_504/iv_510 (93)  
Potentially least output occurring input variable: iv_507/iv_508 (68)

Least complex input bit: iv_502 (2.061470572020801 × 10^298)  
Most complex input bit: iv_510 (5.517798867241297 × 10^299)

Least complex output bit: aaa_76_29 (2.54392042836456 × 10^275)  
Most complex output bit: ov_001 (2.920931216326187 × 10^299)

Least complex input/output complexity: iv_502/aaa_76_29 (2.839124125021307 × 10^273)  
Most complex input/output complexity: iv_510/ov_001 (8.72551186665395 × 10^298)

Input variable with highest collision probability: iv_506 (½^160.00000000000045)

## Input Bits

### Input Bits in Regular Order

| Input Bit | Complexity | Occurrences | Output Occurrences | Collision Probability |
|:---------:|:----------:|:-----------:|:------------------:|:---------------------:|
| iv_502 | 2.061470572020801 × 10^298 | 3896 | 82 | ½^160.00000000000057 |
| iv_503 | 3.6256980118800075 × 10^298 | 4039 | 74 | ½^160.00000000000065 |
| iv_504 | 5.956355337334142 × 10^298 | 3923 | 78 | ½^160.00000000000065 |
| iv_505 | 9.3610396819951 × 10^298 | 3914 | 79 | ½^160.0000000000008 |
| iv_506 | 1.4239555491325708 × 10^299 | 3946 | 82 | ½^160.00000000000045 |
| iv_507 | 4.821367136726416 × 10^299 | 4221 | 66 | ½^160.00000000000074 |
| iv_508 | 2.9970028471901063 × 10^299 | 3987 | 70 | ½^160.00000000000063 |
| iv_510 | 5.517798867241297 × 10^299 | 4117 | 79 | ½^160.00000000000065 |
| iv_511 | 1.6106690675241395 × 10^299 | 4481 | 86 | ½^160.00000000000085 |

### Input Bits Sorted by Complexity

| Input Bit | Complexity | Occurrences | Output Occurrences | Collision Probability |
|:---------:|:----------:|:-----------:|:------------------:|:---------------------:|
| iv_502 | 2.061470572020801 × 10^298 | 3896 | 82 | ½^160.00000000000057 |
| iv_503 | 3.6256980118800075 × 10^298 | 4039 | 74 | ½^160.00000000000065 |
| iv_504 | 5.956355337334142 × 10^298 | 3923 | 78 | ½^160.00000000000065 |
| iv_505 | 9.3610396819951 × 10^298 | 3914 | 79 | ½^160.0000000000008 |
| iv_506 | 1.4239555491325708 × 10^299 | 3946 | 82 | ½^160.00000000000045 |
| iv_511 | 1.6106690675241395 × 10^299 | 4481 | 86 | ½^160.00000000000085 |
| iv_508 | 2.9970028471901063 × 10^299 | 3987 | 70 | ½^160.00000000000063 |
| iv_507 | 4.821367136726416 × 10^299 | 4221 | 66 | ½^160.00000000000074 |
| iv_510 | 5.517798867241297 × 10^299 | 4117 | 79 | ½^160.00000000000065 |

### Input Bits Sorted by Occurrences

| Input Bit | Complexity | Occurrences | Output Occurrences | Collision Probability |
|:---------:|:----------:|:-----------:|:------------------:|:---------------------:|
| iv_502 | 2.061470572020801 × 10^298 | 3896 | 82 | ½^160.00000000000057 |
| iv_505 | 9.3610396819951 × 10^298 | 3914 | 79 | ½^160.0000000000008 |
| iv_504 | 5.956355337334142 × 10^298 | 3923 | 78 | ½^160.00000000000065 |
| iv_506 | 1.4239555491325708 × 10^299 | 3946 | 82 | ½^160.00000000000045 |
| iv_508 | 2.9970028471901063 × 10^299 | 3987 | 70 | ½^160.00000000000063 |
| iv_503 | 3.6256980118800075 × 10^298 | 4039 | 74 | ½^160.00000000000065 |
| iv_510 | 5.517798867241297 × 10^299 | 4117 | 79 | ½^160.00000000000065 |
| iv_507 | 4.821367136726416 × 10^299 | 4221 | 66 | ½^160.00000000000074 |
| iv_511 | 1.6106690675241395 × 10^299 | 4481 | 86 | ½^160.00000000000085 |

### Input Bits Sorted by Output Occurrences

| Input Bit | Complexity | Occurrences | Output Occurrences | Collision Probability |
|:---------:|:----------:|:-----------:|:------------------:|:---------------------:|
| iv_507 | 4.821367136726416 × 10^299 | 4221 | 66 | ½^160.00000000000074 |
| iv_508 | 2.9970028471901063 × 10^299 | 3987 | 70 | ½^160.00000000000063 |
| iv_503 | 3.6256980118800075 × 10^298 | 4039 | 74 | ½^160.00000000000065 |
| iv_504 | 5.956355337334142 × 10^298 | 3923 | 78 | ½^160.00000000000065 |
| iv_505 | 9.3610396819951 × 10^298 | 3914 | 79 | ½^160.0000000000008 |
| iv_510 | 5.517798867241297 × 10^299 | 4117 | 79 | ½^160.00000000000065 |
| iv_502 | 2.061470572020801 × 10^298 | 3896 | 82 | ½^160.00000000000057 |
| iv_506 | 1.4239555491325708 × 10^299 | 3946 | 82 | ½^160.00000000000045 |
| iv_511 | 1.6106690675241395 × 10^299 | 4481 | 86 | ½^160.00000000000085 |

### Input Bits Sorted by Collision Probability

| Input Bit | Complexity | Occurrences | Output Occurrences | Collision Probability |
|:---------:|:----------:|:-----------:|:------------------:|:---------------------:|
| iv_506 | 1.4239555491325708 × 10^299 | 3946 | 82 | ½^160.00000000000045 |
| iv_502 | 2.061470572020801 × 10^298 | 3896 | 82 | ½^160.00000000000057 |
| iv_508 | 2.9970028471901063 × 10^299 | 3987 | 70 | ½^160.00000000000063 |
| iv_510 | 5.517798867241297 × 10^299 | 4117 | 79 | ½^160.00000000000065 |
| iv_503 | 3.6256980118800075 × 10^298 | 4039 | 74 | ½^160.00000000000065 |
| iv_504 | 5.956355337334142 × 10^298 | 3923 | 78 | ½^160.00000000000065 |
| iv_507 | 4.821367136726416 × 10^299 | 4221 | 66 | ½^160.00000000000074 |
| iv_505 | 9.3610396819951 × 10^298 | 3914 | 79 | ½^160.0000000000008 |
| iv_511 | 1.6106690675241395 × 10^299 | 4481 | 86 | ½^160.00000000000085 |

## Input Bit/Output Bit Collision Probabilities

| Input Bit | Output Bit | Collision Probability |
|:---------:|:----------:|:---------------------:|
| iv_506 | ov_004 | 0.5000000000000042 |
| iv_506 | ov_108 | 0.5000000000000022 |
| iv_506 | ov_125 | 0.5000000000000022 |
| iv_503 | ov_008 | 0.500000000000002 |
| iv_503 | ov_073 | 0.500000000000002 |
| iv_506 | ov_031 | 0.500000000000002 |
| iv_510 | ov_126 | 0.500000000000002 |
| iv_503 | ov_129 | 0.5000000000000019 |
| iv_502 | ov_081 | 0.5000000000000018 |

## Input Bit Co-occurrences

### Input Bit Co-occurrences Sorted by Co-occurrences

| Input Bits | Co-occurrences | Potential Occurrences | Output Co-occurrences | Potential Output Occurrences |
|:----------:|:--------------:|:---------------------:|:---------------------:|:----------------------------:|
| iv_510-iv_511 | 2110 | 4378 | 47 | 71 |
| iv_507-iv_511 | 2101 | 4500 | 40 | 72 |
| iv_506-iv_511 | 2033 | 4361 | 42 | 84 |
| iv_503-iv_511 | 1996 | 4528 | 44 | 72 |
| iv_506-iv_507 | 1977 | 4213 | 34 | 80 |
| iv_504-iv_511 | 1966 | 4472 | 43 | 78 |
| iv_508-iv_511 | 1962 | 4544 | 36 | 84 |
| iv_507-iv_510 | 1947 | 4444 | 34 | 77 |
| iv_506-iv_510 | 1936 | 4191 | 44 | 73 |

### Input Bit Co-occurrences Sorted by Potential Occurrences

| Input Bits | Co-occurrences | Potential Occurrences | Output Co-occurrences | Potential Output Occurrences |
|:----------:|:--------------:|:---------------------:|:---------------------:|:----------------------------:|
| iv_504-iv_506 | 1861 | 4147 | 42 | 76 |
| iv_506-iv_508 | 1892 | 4149 | 37 | 78 |
| iv_502-iv_505 | 1822 | 4166 | 36 | 89 |
| iv_504-iv_505 | 1835 | 4167 | 41 | 75 |
| iv_503-iv_506 | 1907 | 4171 | 38 | 80 |
| iv_506-iv_510 | 1936 | 4191 | 44 | 73 |
| iv_504-iv_508 | 1858 | 4194 | 37 | 74 |
| iv_506-iv_507 | 1977 | 4213 | 34 | 80 |
| iv_503-iv_505 | 1867 | 4219 | 40 | 73 |

### Input Bit Output Co-occurrences Sorted by Output Co-occurrences

| Input Bits | Co-occurrences | Potential Occurrences | Output Co-occurrences | Potential Output Occurrences |
|:----------:|:--------------:|:---------------------:|:---------------------:|:----------------------------:|
| iv_510-iv_511 | 2110 | 4378 | 47 | 71 |
| iv_502-iv_506 | 1806 | 4230 | 44 | 76 |
| iv_503-iv_511 | 1996 | 4528 | 44 | 72 |
| iv_506-iv_510 | 1936 | 4191 | 44 | 73 |
| iv_502-iv_511 | 1880 | 4617 | 43 | 82 |
| iv_504-iv_511 | 1966 | 4472 | 43 | 78 |
| iv_502-iv_504 | 1795 | 4229 | 42 | 76 |
| iv_502-iv_510 | 1863 | 4287 | 42 | 77 |
| iv_504-iv_506 | 1861 | 4147 | 42 | 76 |

### Input Bit Output Co-occurrences Sorted by Potential Output Occurrences

| Input Bits | Co-occurrences | Potential Occurrences | Output Co-occurrences | Potential Output Occurrences |
|:----------:|:--------------:|:---------------------:|:---------------------:|:----------------------------:|
| iv_507-iv_508 | 1902 | 4404 | 34 | 68 |
| iv_503-iv_504 | 1847 | 4268 | 41 | 70 |
| iv_510-iv_511 | 2110 | 4378 | 47 | 71 |
| iv_503-iv_511 | 1996 | 4528 | 44 | 72 |
| iv_507-iv_511 | 2101 | 4500 | 40 | 72 |
| iv_503-iv_505 | 1867 | 4219 | 40 | 73 |
| iv_506-iv_510 | 1936 | 4191 | 44 | 73 |
| iv_504-iv_508 | 1858 | 4194 | 37 | 74 |
| iv_504-iv_505 | 1835 | 4167 | 41 | 75 |

## Output Bits

### Output Bits in Regular Order

| Rank | Output Bit | Complexity |
|:----:|:----------:|:----------:|
| 1 | ov_001 | 2.920931216326187 × 10^299 |
| 2 | ov_002 | 2.541101729063035 × 10^299 |
| 3 | ov_003 | 2.1979948645104214 × 10^299 |
| 4 | ov_004 | 1.890084997525372 × 10^299 |
| 5 | ov_005 | 1.6159301630978758 × 10^299 |
| 6 | ov_006 | 1.3728739583327679 × 10^299 |
| 7 | ov_007 | 1.1584000689090728 × 10^299 |
| 8 | ov_008 | 9.7012376728248 × 10^298 |
| 9 | ov_009 | 8.05784598574197 × 10^298 |
| 10 | ov_010 | 6.632401208706856 × 10^298 |
| 11 | ov_011 | 5.404605975366808 × 10^298 |
| 12 | ov_012 | 4.355245684518647 × 10^298 |
| 13 | ov_013 | 3.4661523268599167 × 10^298 |
| 14 | ov_014 | 2.720175598293525 × 10^298 |
| 15 | ov_015 | 2.101160331970852 × 10^298 |
| 16 | ov_016 | 1.5939292839418733 × 10^298 |
| 17 | ov_017 | 1.1842703788994732 × 10^298 |
| 18 | ov_018 | 8.589275938629188 × 10^297 |
| 19 | ov_019 | 6.055947288415365 × 10^297 |
| 20 | ov_020 | 4.129113846206545 × 10^297 |
| 21 | ov_021 | 2.7046053885909544 × 10^297 |
| 22 | ov_022 | 1.6876718270467333 × 10^297 |
| 23 | ov_023 | 9.929757143505643 × 10^296 |
| 24 | ov_024 | 5.445878595188967 × 10^296 |
| 25 | ov_025 | 2.759845925454384 × 10^296 |
| 26 | ov_026 | 1.3004612395914199 × 10^296 |
| 27 | ov_027 | 5.905566488754756 × 10^295 |
| 28 | ov_028 | 2.469901903441656 × 10^295 |
| 29 | ov_029 | 1.0169706839920281 × 10^295 |
| 30 | ov_030 | 3.362448351695011 × 10^294 |
| 31 | ov_031 | 8.135846113512376 × 10^293 |
| 32 | lv_80_k31 | 1.967954074762021 × 10^293 |
| 33 | ov_033 | 2.357194534871433 × 10^294 |
| 34 | ov_034 | 2.0392307154446617 × 10^294 |
| 35 | ov_035 | 1.7555929281991995 × 10^294 |
| 36 | ov_036 | 1.503493577472292 × 10^294 |
| 37 | ov_037 | 1.2802951885993617 × 10^294 |
| 38 | ov_038 | 1.083499781106158 × 10^294 |
| 39 | ov_039 | 9.107396878424518 × 10^293 |
| 40 | ov_040 | 7.597696797170735 × 10^293 |
| 41 | ov_041 | 6.2846026426060546 × 10^293 |
| 42 | ov_042 | 5.147920343628217 × 10^293 |
| 43 | ov_043 | 4.168509512601894 × 10^293 |
| 44 | ov_044 | 3.3282445323410537 × 10^293 |
| 45 | ov_045 | 2.6099828856929046 × 10^293 |
| 46 | ov_046 | 2.005395552332829 × 10^293 |
| 47 | ov_047 | 1.5066267614950276 × 10^293 |
| 48 | ov_048 | 1.1062852614405056 × 10^293 |
| 49 | ov_049 | 7.909573456938081 × 10^292 |
| 50 | ov_050 | 5.481318612436327 × 10^292 |
| 51 | ov_051 | 3.661943857888226 × 10^292 |
| 52 | ov_052 | 2.3442336303762236 × 10^292 |
| 53 | ov_053 | 1.4298768608014394 × 10^292 |
| 54 | ov_054 | 8.294527821880411 × 10^291 |
| 55 | ov_055 | 4.624229688091854 × 10^291 |
| 56 | ov_056 | 2.5712692852121165 × 10^291 |
| 57 | ov_057 | 1.5077962299821742 × 10^291 |
| 58 | ov_058 | 8.94700503623279 × 10^290 |
| 59 | ov_059 | 4.846109057421726 × 10^290 |
| 60 | ov_060 | 2.3316341554343717 × 10^290 |
| 61 | ov_061 | 9.599435096086017 × 10^289 |
| 62 | ov_062 | 3.1733246752274435 × 10^289 |
| 63 | ov_063 | 7.676489866372982 × 10^288 |
| 64 | lv_79_k31 | 1.8563678635438436 × 10^288 |
| 65 | ov_065 | 2.1979472441023408 × 10^289 |
| 66 | ov_066 | 2.197941990263566 × 10^289 |
| 67 | ov_067 | 2.197940287552268 × 10^289 |
| 68 | ov_068 | 1.8986273910535816 × 10^289 |
| 69 | ov_069 | 1.6305697399953875 × 10^289 |
| 70 | ov_070 | 1.3924079093940176 × 10^289 |
| 71 | ov_071 | 1.181669282460482 × 10^289 |
| 72 | ov_072 | 9.96032495882741 × 10^288 |
| 73 | ov_073 | 8.333174206569122 × 10^288 |
| 74 | ov_074 | 6.914760608091636 × 10^288 |
| 75 | ov_075 | 5.685843211806712 × 10^288 |
| 76 | ov_076 | 4.628345970064542 × 10^288 |
| 77 | ov_077 | 3.725291392699102 × 10^288 |
| 78 | ov_078 | 2.96074150800906 × 10^288 |
| 79 | ov_079 | 2.3197456884591844 × 10^288 |
| 80 | ov_080 | 1.7882949041053714 × 10^288 |
| 81 | ov_081 | 1.353281970913336 × 10^288 |
| 82 | ov_082 | 1.0024673640641662 × 10^288 |
| 83 | ov_083 | 7.244501682980223 × 10^287 |
| 84 | ov_084 | 5.0864373858974756 × 10^287 |
| 85 | ov_085 | 3.4525564519555443 × 10^287 |
| 86 | ov_086 | 2.2527147753771044 × 10^287 |
| 87 | ov_087 | 1.4044208163546506 × 10^287 |
| 88 | ov_088 | 8.327380592839573 × 10^286 |
| 89 | ov_089 | 4.702133041900836 × 10^286 |
| 90 | ov_090 | 2.5682654108470273 × 10^286 |
| 91 | ov_091 | 1.3995815726035058 × 10^286 |
| 92 | ov_092 | 7.436926347470552 × 10^285 |
| 93 | ov_093 | 3.9283826107961185 × 10^285 |
| 94 | ov_094 | 1.760915511128203 × 10^285 |
| 95 | aaa_78_28 | 5.663778311944597 × 10^284 |
| 96 | aaa_78_29 | 2.1460570817637523 × 10^284 |
| 97 | ov_097 | 2.3375990291044728 × 10^284 |
| 98 | ov_098 | 2.337529055886967 × 10^284 |
| 99 | ov_099 | 2.337506717981433 × 10^284 |
| 100 | ov_100 | 2.1038450139659276 × 10^284 |
| 101 | ov_101 | 1.8873723700875384 × 10^284 |
| 102 | ov_102 | 1.6871501584876818 × 10^284 |
| 103 | ov_103 | 1.502308541123203 × 10^284 |
| 104 | ov_104 | 1.3320374111368136 × 10^284 |
| 105 | ov_105 | 1.1755781678692573 × 10^284 |
| 106 | ov_106 | 1.0322162807826503 × 10^284 |
| 107 | ov_107 | 9.012745994184692 × 10^283 |
| 108 | ov_108 | 7.821073680523131 × 10^283 |
| 109 | ov_109 | 6.740949049690712 × 10^283 |
| 110 | ov_110 | 5.766389073001179 × 10^283 |
| 111 | ov_111 | 4.8915834316781185 × 10^283 |
| 112 | ov_112 | 4.110858935004503 × 10^283 |
| 113 | ov_113 | 3.4186490634457076 × 10^283 |
| 114 | ov_114 | 2.809468268397307 × 10^283 |
| 115 | ov_115 | 2.2778906625789835 × 10^283 |
| 116 | ov_116 | 1.8185327366785448 × 10^283 |
| 117 | ov_117 | 1.426039738839233 × 10^283 |
| 118 | ov_118 | 1.095075354162935 × 10^283 |
| 119 | ov_119 | 8.203143217230144 × 10^282 |
| 120 | ov_120 | 5.964376267346743 × 10^282 |
| 121 | ov_121 | 4.18129696915307 × 10^282 |
| 122 | ov_122 | 2.8007686869659493 × 10^282 |
| 123 | ov_123 | 1.769665700760799 × 10^282 |
| 124 | ov_124 | 1.0348684504802093 × 10^282 |
| 125 | ov_125 | 5.432604165134735 × 10^281 |
| 126 | ov_126 | 2.4172632605408697 × 10^281 |
| 127 | aaa_77_28 | 7.715130454797181 × 10^280 |
| 128 | aaa_77_29 | 2.890308605366771 × 10^280 |
| 129 | ov_129 | 2.647774911659406 × 10^280 |
| 130 | ov_130 | 2.647768723838536 × 10^280 |
| 131 | ov_131 | 2.6477667363501737 × 10^280 |
| 132 | ov_132 | 2.289824654183364 × 10^280 |
| 133 | ov_133 | 1.969725458525894 × 10^280 |
| 134 | ov_134 | 1.6845615072462857 × 10^280 |
| 135 | ov_135 | 1.4315874429158636 × 10^280 |
| 136 | ov_136 | 1.2082083875608012 × 10^280 |
| 137 | ov_137 | 1.0119696387424589 × 10^280 |
| 138 | ov_138 | 8.405477584235498 × 10^279 |
| 139 | ov_139 | 6.917429260142833 × 10^279 |
| 140 | ov_140 | 5.634724253022694 × 10^279 |
| 141 | ov_141 | 4.5376514213543086 × 10^279 |
| 142 | ov_142 | 3.6075695672117125 × 10^279 |
| 143 | ov_143 | 2.8268692126649535 × 10^279 |
| 144 | ov_144 | 2.178941260184063 × 10^279 |
| 145 | ov_145 | 1.648151745984866 × 10^279 |
| 146 | ov_146 | 1.2198219616210433 × 10^279 |
| 147 | ov_147 | 8.802131736808522 × 10^278 |
| 148 | ov_148 | 6.1651518151279276 × 10^278 |
| 149 | ov_149 | 4.1683801857103346 × 10^278 |
| 150 | ov_150 | 2.7020616856332363 × 10^278 |
| 151 | ov_151 | 1.6655473313416135 × 10^278 |
| 152 | ov_152 | 9.67270533417625 × 10^277 |
| 153 | ov_153 | 5.2473352698682055 × 10^277 |
| 154 | ov_154 | 2.645003504895194 × 10^277 |
| 155 | ov_155 | 1.2219345589019594 × 10^277 |
| 156 | aaa_76_25 | 4.249212307378937 × 10^276 |
| 157 | aaa_76_26 | 2.61513783510673 × 10^276 |
| 158 | aaa_76_27 | 1.433832940705745 × 10^276 |
| 159 | aaa_76_28 | 6.756689078983498 × 10^275 |
| 160 | aaa_76_29 | 2.54392042836456 × 10^275 |

### Output Bits Sorted by Complexity

| Rank | Output Bit | Complexity |
|:----:|:----------:|:----------:|
| 160 | aaa_76_29 | 2.54392042836456 × 10^275 |
| 159 | aaa_76_28 | 6.756689078983498 × 10^275 |
| 158 | aaa_76_27 | 1.433832940705745 × 10^276 |
| 157 | aaa_76_26 | 2.61513783510673 × 10^276 |
| 156 | aaa_76_25 | 4.249212307378937 × 10^276 |
| 155 | ov_155 | 1.2219345589019594 × 10^277 |
| 154 | ov_154 | 2.645003504895194 × 10^277 |
| 153 | ov_153 | 5.2473352698682055 × 10^277 |
| 152 | ov_152 | 9.67270533417625 × 10^277 |
| 151 | ov_151 | 1.6655473313416135 × 10^278 |
| 150 | ov_150 | 2.7020616856332363 × 10^278 |
| 149 | ov_149 | 4.1683801857103346 × 10^278 |
| 148 | ov_148 | 6.1651518151279276 × 10^278 |
| 147 | ov_147 | 8.802131736808522 × 10^278 |
| 146 | ov_146 | 1.2198219616210433 × 10^279 |
| 145 | ov_145 | 1.648151745984866 × 10^279 |
| 144 | ov_144 | 2.178941260184063 × 10^279 |
| 143 | ov_143 | 2.8268692126649535 × 10^279 |
| 142 | ov_142 | 3.6075695672117125 × 10^279 |
| 141 | ov_141 | 4.5376514213543086 × 10^279 |
| 140 | ov_140 | 5.634724253022694 × 10^279 |
| 139 | ov_139 | 6.917429260142833 × 10^279 |
| 138 | ov_138 | 8.405477584235498 × 10^279 |
| 137 | ov_137 | 1.0119696387424589 × 10^280 |
| 136 | ov_136 | 1.2082083875608012 × 10^280 |
| 135 | ov_135 | 1.4315874429158636 × 10^280 |
| 134 | ov_134 | 1.6845615072462857 × 10^280 |
| 133 | ov_133 | 1.969725458525894 × 10^280 |
| 132 | ov_132 | 2.289824654183364 × 10^280 |
| 131 | ov_131 | 2.6477667363501737 × 10^280 |
| 130 | ov_130 | 2.647768723838536 × 10^280 |
| 129 | ov_129 | 2.647774911659406 × 10^280 |
| 128 | aaa_77_29 | 2.890308605366771 × 10^280 |
| 127 | aaa_77_28 | 7.715130454797181 × 10^280 |
| 126 | ov_126 | 2.4172632605408697 × 10^281 |
| 125 | ov_125 | 5.432604165134735 × 10^281 |
| 124 | ov_124 | 1.0348684504802093 × 10^282 |
| 123 | ov_123 | 1.769665700760799 × 10^282 |
| 122 | ov_122 | 2.8007686869659493 × 10^282 |
| 121 | ov_121 | 4.18129696915307 × 10^282 |
| 120 | ov_120 | 5.964376267346743 × 10^282 |
| 119 | ov_119 | 8.203143217230144 × 10^282 |
| 118 | ov_118 | 1.095075354162935 × 10^283 |
| 117 | ov_117 | 1.426039738839233 × 10^283 |
| 116 | ov_116 | 1.8185327366785448 × 10^283 |
| 115 | ov_115 | 2.2778906625789835 × 10^283 |
| 114 | ov_114 | 2.809468268397307 × 10^283 |
| 113 | ov_113 | 3.4186490634457076 × 10^283 |
| 112 | ov_112 | 4.110858935004503 × 10^283 |
| 111 | ov_111 | 4.8915834316781185 × 10^283 |
| 110 | ov_110 | 5.766389073001179 × 10^283 |
| 109 | ov_109 | 6.740949049690712 × 10^283 |
| 108 | ov_108 | 7.821073680523131 × 10^283 |
| 107 | ov_107 | 9.012745994184692 × 10^283 |
| 106 | ov_106 | 1.0322162807826503 × 10^284 |
| 105 | ov_105 | 1.1755781678692573 × 10^284 |
| 104 | ov_104 | 1.3320374111368136 × 10^284 |
| 103 | ov_103 | 1.502308541123203 × 10^284 |
| 102 | ov_102 | 1.6871501584876818 × 10^284 |
| 101 | ov_101 | 1.8873723700875384 × 10^284 |
| 100 | ov_100 | 2.1038450139659276 × 10^284 |
| 96 | aaa_78_29 | 2.1460570817637523 × 10^284 |
| 99 | ov_099 | 2.337506717981433 × 10^284 |
| 98 | ov_098 | 2.337529055886967 × 10^284 |
| 97 | ov_097 | 2.3375990291044728 × 10^284 |
| 95 | aaa_78_28 | 5.663778311944597 × 10^284 |
| 94 | ov_094 | 1.760915511128203 × 10^285 |
| 93 | ov_093 | 3.9283826107961185 × 10^285 |
| 92 | ov_092 | 7.436926347470552 × 10^285 |
| 91 | ov_091 | 1.3995815726035058 × 10^286 |
| 90 | ov_090 | 2.5682654108470273 × 10^286 |
| 89 | ov_089 | 4.702133041900836 × 10^286 |
| 88 | ov_088 | 8.327380592839573 × 10^286 |
| 87 | ov_087 | 1.4044208163546506 × 10^287 |
| 86 | ov_086 | 2.2527147753771044 × 10^287 |
| 85 | ov_085 | 3.4525564519555443 × 10^287 |
| 84 | ov_084 | 5.0864373858974756 × 10^287 |
| 83 | ov_083 | 7.244501682980223 × 10^287 |
| 82 | ov_082 | 1.0024673640641662 × 10^288 |
| 81 | ov_081 | 1.353281970913336 × 10^288 |
| 80 | ov_080 | 1.7882949041053714 × 10^288 |
| 64 | lv_79_k31 | 1.8563678635438436 × 10^288 |
| 79 | ov_079 | 2.3197456884591844 × 10^288 |
| 78 | ov_078 | 2.96074150800906 × 10^288 |
| 77 | ov_077 | 3.725291392699102 × 10^288 |
| 76 | ov_076 | 4.628345970064542 × 10^288 |
| 75 | ov_075 | 5.685843211806712 × 10^288 |
| 74 | ov_074 | 6.914760608091636 × 10^288 |
| 63 | ov_063 | 7.676489866372982 × 10^288 |
| 73 | ov_073 | 8.333174206569122 × 10^288 |
| 72 | ov_072 | 9.96032495882741 × 10^288 |
| 71 | ov_071 | 1.181669282460482 × 10^289 |
| 70 | ov_070 | 1.3924079093940176 × 10^289 |
| 69 | ov_069 | 1.6305697399953875 × 10^289 |
| 68 | ov_068 | 1.8986273910535816 × 10^289 |
| 67 | ov_067 | 2.197940287552268 × 10^289 |
| 66 | ov_066 | 2.197941990263566 × 10^289 |
| 65 | ov_065 | 2.1979472441023408 × 10^289 |
| 62 | ov_062 | 3.1733246752274435 × 10^289 |
| 61 | ov_061 | 9.599435096086017 × 10^289 |
| 60 | ov_060 | 2.3316341554343717 × 10^290 |
| 59 | ov_059 | 4.846109057421726 × 10^290 |
| 58 | ov_058 | 8.94700503623279 × 10^290 |
| 57 | ov_057 | 1.5077962299821742 × 10^291 |
| 56 | ov_056 | 2.5712692852121165 × 10^291 |
| 55 | ov_055 | 4.624229688091854 × 10^291 |
| 54 | ov_054 | 8.294527821880411 × 10^291 |
| 53 | ov_053 | 1.4298768608014394 × 10^292 |
| 52 | ov_052 | 2.3442336303762236 × 10^292 |
| 51 | ov_051 | 3.661943857888226 × 10^292 |
| 50 | ov_050 | 5.481318612436327 × 10^292 |
| 49 | ov_049 | 7.909573456938081 × 10^292 |
| 48 | ov_048 | 1.1062852614405056 × 10^293 |
| 47 | ov_047 | 1.5066267614950276 × 10^293 |
| 32 | lv_80_k31 | 1.967954074762021 × 10^293 |
| 46 | ov_046 | 2.005395552332829 × 10^293 |
| 45 | ov_045 | 2.6099828856929046 × 10^293 |
| 44 | ov_044 | 3.3282445323410537 × 10^293 |
| 43 | ov_043 | 4.168509512601894 × 10^293 |
| 42 | ov_042 | 5.147920343628217 × 10^293 |
| 41 | ov_041 | 6.2846026426060546 × 10^293 |
| 40 | ov_040 | 7.597696797170735 × 10^293 |
| 31 | ov_031 | 8.135846113512376 × 10^293 |
| 39 | ov_039 | 9.107396878424518 × 10^293 |
| 38 | ov_038 | 1.083499781106158 × 10^294 |
| 37 | ov_037 | 1.2802951885993617 × 10^294 |
| 36 | ov_036 | 1.503493577472292 × 10^294 |
| 35 | ov_035 | 1.7555929281991995 × 10^294 |
| 34 | ov_034 | 2.0392307154446617 × 10^294 |
| 33 | ov_033 | 2.357194534871433 × 10^294 |
| 30 | ov_030 | 3.362448351695011 × 10^294 |
| 29 | ov_029 | 1.0169706839920281 × 10^295 |
| 28 | ov_028 | 2.469901903441656 × 10^295 |
| 27 | ov_027 | 5.905566488754756 × 10^295 |
| 26 | ov_026 | 1.3004612395914199 × 10^296 |
| 25 | ov_025 | 2.759845925454384 × 10^296 |
| 24 | ov_024 | 5.445878595188967 × 10^296 |
| 23 | ov_023 | 9.929757143505643 × 10^296 |
| 22 | ov_022 | 1.6876718270467333 × 10^297 |
| 21 | ov_021 | 2.7046053885909544 × 10^297 |
| 20 | ov_020 | 4.129113846206545 × 10^297 |
| 19 | ov_019 | 6.055947288415365 × 10^297 |
| 18 | ov_018 | 8.589275938629188 × 10^297 |
| 17 | ov_017 | 1.1842703788994732 × 10^298 |
| 16 | ov_016 | 1.5939292839418733 × 10^298 |
| 15 | ov_015 | 2.101160331970852 × 10^298 |
| 14 | ov_014 | 2.720175598293525 × 10^298 |
| 13 | ov_013 | 3.4661523268599167 × 10^298 |
| 12 | ov_012 | 4.355245684518647 × 10^298 |
| 11 | ov_011 | 5.404605975366808 × 10^298 |
| 10 | ov_010 | 6.632401208706856 × 10^298 |
| 9 | ov_009 | 8.05784598574197 × 10^298 |
| 8 | ov_008 | 9.7012376728248 × 10^298 |
| 7 | ov_007 | 1.1584000689090728 × 10^299 |
| 6 | ov_006 | 1.3728739583327679 × 10^299 |
| 5 | ov_005 | 1.6159301630978758 × 10^299 |
| 4 | ov_004 | 1.890084997525372 × 10^299 |
| 3 | ov_003 | 2.1979948645104214 × 10^299 |
| 2 | ov_002 | 2.541101729063035 × 10^299 |
| 1 | ov_001 | 2.920931216326187 × 10^299 |

