# Results for F001-F002-F003-F004-F005-F006-F007-F008-F009-F010-F011-F012-F013-F014-F015-F016-F017-F018-F019-F020-F021-F022-F023-F024-F025-F026-F027-F028-F029-F030-F031-F032-F033-F034-F035-F036-F037-F038-F039-F040-F041-F042-F043-F044-F045-F046-F047-F048-F049-F050-F051-F052-F053-F054-F055-F056-F057-F058-F059-F060-F061-F062-F063-F064-F065-F066-F067-F068-F069-F070-F071-F072-F073-F074-F075-F076-F077-F078-F079-F080-F081-F082-F083-F084-F085-F086-F087-F088-F089-F090-F091-F092-F093-F094-F095-F096-F097-F098-F099-F100-F101-F102-F103-F104-F105-F106-F107-F108-F109-F110-F111-F112-F113-F114-F115-F116-F117-F118-F119-F120-F121-F122-F123-F124-F125-F126-F127-F128-F129-F130-F131-F132-F133-F134-F135-F136-F137-F138-F139-F140-F141-F142-F143-F144-F145-F146-F147-F148-F149-F150-F151-F152-F153-F154-F155-F156-F157-F158-F159-F160-F161-F162-F163-F164-F165-F166-F167-F168-F169-F170-F171-F172-F173-F174-F175-F176-F177-F178-F179-F180-F181-F182-F183-F184-F185-F186-F187-F188-F189-F190-F191-F192-F193-F194-F195-F196-F197-F198-F199-F200-F201-F202-F203-F204-F205-F206-F207-F208-F209-F210-F211-F212-F213-F214-F215-F216-F217-F218-F219-F220-F221-F222-F223-F224-F225-F226-F227-F228-F229-F230-F231-F232-F233-F234-F235-F236-F237-F238-F239-F240-F241-F242-F243-F244-F245-F246-F247-F248-F249-F250-F251-F252-F253-F254-F255-F256-F257-F258-F259-F260-F261-F262-F263-F264-F265-F266-F267-F268-F269-F270-F271-F272-F273-F274-F275-F276-F277-F278-F279-F280-F281-F282-F283-F284-F285-F286-F287-F288-F289-F290-F291-F292-F293-F294-F295-F296-F297-F298-F299-F300-F301-F302-F303-F304-F305-F306-F307-F308-F309-F310-F311-F312-F313-F314-F315-F316-F317-F318-F319-F320-F321-F322-F323-F324-F325-F326-F327-F328-F329-F330-F331-F332-F333-F334-F335-F336-F337-F338-F339-F340-F341-F342-F343-F344-F345-F346-F347-F348-F349-F350-F351-F352-F353-F354-F355-F356-F357-F358-F359-F360-F361-F362-F363-F364-F365-F366-F367-F368-F369-F370-F371-F372-F373-F374-F375-F376-F377-F378-F379-F380-F381-F382-F383-F384-F385-F386-F387-F388-F389-F390-F391-F392-F393-F394-F395-F396-F397-F398-F399-F400-F401-F402-F403-F404-F405-F406-F407-F408-F409-F410-F411-F412-F413-F414-F415-F416-F417-F418-F419-F420-F421-F422-F423-F424-F425-F426-F427-F428-F429-F430-F431-F432-F433-F434-F435-F436-F437-F438-F439-F440-F441-F442-F443-F444-F445-F446-F447-F448-F449-F450-F451-F452-F453-F454-F455-F456-F457-F458-F459-F460-F461-F462-F463-F464-F465-F466-F467-F468-F469-F470-F471-F472-F473-F474-F475-F476-F477-F478-F479-F480-F481-F482-F483-F484-F485-F486-F487-F488-F489-F490-F491-F492-F493-F494-F495-F496-O497501-F507-F508-F509-F510-F511-F512

## Summary

Number of input bits: 512  
Number of free input bits: 9  
Number of output bits: 160

Number of direct occurrences: 36043  
Number of assignments: 30575  
Number of operations: 10709649
(xor: 10681871,
and: 14715,
or: 13063)

Total complexity: 2.1967099017170322 × 10^295

Least occurring input variable: iv_502 (3839)  
Most occurring input variable: iv_497 (4215)

Most co-occurring input variables: iv_497-iv_505 (1990)  
Least co-occurring input variables: iv_499-iv_506 (1760)

Potentially most occurring input variable: iv_497/iv_499 (4471)  
Potentially least occurring input variable: iv_499/iv_502 (4055)

Least output occurring input variable: iv_497 (65)  
Most output occurring input variable: iv_499 (92)

Most output co-occurring input variables: iv_499-iv_505 (53)  
Least output co-occurring input variables: iv_497-iv_502 (29)

Potentially most output occurring input variable: iv_503/iv_506 (91)  
Potentially least output occurring input variable: iv_497/iv_506 (67)

Least complex input bit: iv_498 (2.8029751881232545 × 10^293)  
Most complex input bit: iv_505 (6.932104118601878 × 10^294)

Least complex output bit: aaa_76_29 (2.0676726394778603 × 10^270)  
Most complex output bit: ov_001 (3.574734345044208 × 10^294)

Least complex input/output complexity: iv_498/aaa_76_29 (2.6383252067501835 × 10^268)  
Most complex input/output complexity: iv_505/ov_001 (1.1280702407185941 × 10^294)

## Input Bits

### Input Bits in Regular Order

| Input Bit | Complexity | Occurrences | Output Occurrences |
|:---------:|:----------:|:-----------:|:------------------:|
| iv_497 | 1.486871108757985 × 10^294 | 4215 | 65 |
| iv_498 | 2.8029751881232545 × 10^293 | 3969 | 82 |
| iv_499 | 4.901627864777157 × 10^293 | 3906 | 92 |
| iv_500 | 8.179839783371702 × 10^293 | 4085 | 85 |
| iv_502 | 2.1620823623608314 × 10^294 | 3839 | 74 |
| iv_503 | 3.4354853702716056 × 10^294 | 4037 | 79 |
| iv_504 | 5.36062046598001 × 10^294 | 4000 | 83 |
| iv_505 | 6.932104118601878 × 10^294 | 4038 | 83 |
| iv_506 | 1.0014913075707949 × 10^294 | 3954 | 72 |

### Input Bits Sorted by Complexity

| Input Bit | Complexity | Occurrences | Output Occurrences |
|:---------:|:----------:|:-----------:|:------------------:|
| iv_498 | 2.8029751881232545 × 10^293 | 3969 | 82 |
| iv_499 | 4.901627864777157 × 10^293 | 3906 | 92 |
| iv_500 | 8.179839783371702 × 10^293 | 4085 | 85 |
| iv_506 | 1.0014913075707949 × 10^294 | 3954 | 72 |
| iv_497 | 1.486871108757985 × 10^294 | 4215 | 65 |
| iv_502 | 2.1620823623608314 × 10^294 | 3839 | 74 |
| iv_503 | 3.4354853702716056 × 10^294 | 4037 | 79 |
| iv_504 | 5.36062046598001 × 10^294 | 4000 | 83 |
| iv_505 | 6.932104118601878 × 10^294 | 4038 | 83 |

### Input Bits Sorted by Occurrences

| Input Bit | Complexity | Occurrences | Output Occurrences |
|:---------:|:----------:|:-----------:|:------------------:|
| iv_502 | 2.1620823623608314 × 10^294 | 3839 | 74 |
| iv_499 | 4.901627864777157 × 10^293 | 3906 | 92 |
| iv_506 | 1.0014913075707949 × 10^294 | 3954 | 72 |
| iv_498 | 2.8029751881232545 × 10^293 | 3969 | 82 |
| iv_504 | 5.36062046598001 × 10^294 | 4000 | 83 |
| iv_503 | 3.4354853702716056 × 10^294 | 4037 | 79 |
| iv_505 | 6.932104118601878 × 10^294 | 4038 | 83 |
| iv_500 | 8.179839783371702 × 10^293 | 4085 | 85 |
| iv_497 | 1.486871108757985 × 10^294 | 4215 | 65 |

### Input Bits Sorted by Output Occurrences

| Input Bit | Complexity | Occurrences | Output Occurrences |
|:---------:|:----------:|:-----------:|:------------------:|
| iv_497 | 1.486871108757985 × 10^294 | 4215 | 65 |
| iv_506 | 1.0014913075707949 × 10^294 | 3954 | 72 |
| iv_502 | 2.1620823623608314 × 10^294 | 3839 | 74 |
| iv_503 | 3.4354853702716056 × 10^294 | 4037 | 79 |
| iv_498 | 2.8029751881232545 × 10^293 | 3969 | 82 |
| iv_504 | 5.36062046598001 × 10^294 | 4000 | 83 |
| iv_505 | 6.932104118601878 × 10^294 | 4038 | 83 |
| iv_500 | 8.179839783371702 × 10^293 | 4085 | 85 |
| iv_499 | 4.901627864777157 × 10^293 | 3906 | 92 |

## Input Bit Co-occurrences

### Input Bit Co-occurrences Sorted by Co-occurrences

| Input Bits | Co-occurrences | Potential Occurrences | Output Co-occurrences | Potential Output Occurrences |
|:----------:|:--------------:|:---------------------:|:---------------------:|:----------------------------:|
| iv_497-iv_505 | 1990 | 4273 | 30 | 88 |
| iv_497-iv_500 | 1982 | 4336 | 35 | 80 |
| iv_500-iv_505 | 1944 | 4235 | 48 | 72 |
| iv_500-iv_504 | 1944 | 4197 | 42 | 84 |
| iv_498-iv_504 | 1927 | 4115 | 38 | 89 |
| iv_497-iv_498 | 1920 | 4344 | 36 | 75 |
| iv_499-iv_504 | 1920 | 4066 | 47 | 81 |
| iv_497-iv_503 | 1916 | 4420 | 36 | 72 |
| iv_500-iv_506 | 1916 | 4207 | 39 | 79 |

### Input Bit Co-occurrences Sorted by Potential Occurrences

| Input Bits | Co-occurrences | Potential Occurrences | Output Co-occurrences | Potential Output Occurrences |
|:----------:|:--------------:|:---------------------:|:---------------------:|:----------------------------:|
| iv_499-iv_502 | 1845 | 4055 | 46 | 74 |
| iv_499-iv_504 | 1920 | 4066 | 47 | 81 |
| iv_498-iv_504 | 1927 | 4115 | 38 | 89 |
| iv_498-iv_499 | 1867 | 4141 | 45 | 84 |
| iv_500-iv_502 | 1889 | 4146 | 42 | 75 |
| iv_502-iv_506 | 1811 | 4171 | 31 | 84 |
| iv_498-iv_505 | 1912 | 4183 | 42 | 81 |
| iv_500-iv_504 | 1944 | 4197 | 42 | 84 |
| iv_502-iv_505 | 1836 | 4205 | 41 | 75 |

### Input Bit Output Co-occurrences Sorted by Output Co-occurrences

| Input Bits | Co-occurrences | Potential Occurrences | Output Co-occurrences | Potential Output Occurrences |
|:----------:|:--------------:|:---------------------:|:---------------------:|:----------------------------:|
| iv_499-iv_505 | 1869 | 4206 | 53 | 69 |
| iv_499-iv_500 | 1886 | 4219 | 52 | 73 |
| iv_500-iv_505 | 1944 | 4235 | 48 | 72 |
| iv_499-iv_504 | 1920 | 4066 | 47 | 81 |
| iv_498-iv_500 | 1906 | 4242 | 47 | 73 |
| iv_499-iv_502 | 1845 | 4055 | 46 | 74 |
| iv_498-iv_499 | 1867 | 4141 | 45 | 84 |
| iv_499-iv_506 | 1760 | 4340 | 44 | 76 |
| iv_499-iv_503 | 1850 | 4243 | 43 | 85 |

### Input Bit Output Co-occurrences Sorted by Potential Output Occurrences

| Input Bits | Co-occurrences | Potential Occurrences | Output Co-occurrences | Potential Output Occurrences |
|:----------:|:--------------:|:---------------------:|:---------------------:|:----------------------------:|
| iv_497-iv_506 | 1882 | 4405 | 35 | 67 |
| iv_499-iv_505 | 1869 | 4206 | 53 | 69 |
| iv_500-iv_505 | 1944 | 4235 | 48 | 72 |
| iv_497-iv_503 | 1916 | 4420 | 36 | 72 |
| iv_499-iv_500 | 1886 | 4219 | 52 | 73 |
| iv_502-iv_504 | 1813 | 4213 | 42 | 73 |
| iv_498-iv_500 | 1906 | 4242 | 47 | 73 |
| iv_499-iv_502 | 1845 | 4055 | 46 | 74 |
| iv_500-iv_502 | 1889 | 4146 | 42 | 75 |

## Output Bits

### Output Bits in Regular Order

| Rank | Output Bit | Complexity |
|:----:|:----------:|:----------:|
| 1 | ov_001 | 3.574734345044208 × 10^294 |
| 2 | ov_002 | 3.0906120515488386 × 10^294 |
| 3 | ov_003 | 2.657938163892333 × 10^294 |
| 4 | ov_004 | 2.2727587513367546 × 10^294 |
| 5 | ov_005 | 1.9313354336575514 × 10^294 |
| 6 | ov_006 | 1.6301298096712526 × 10^294 |
| 7 | ov_007 | 1.3657899440043749 × 10^294 |
| 8 | ov_008 | 1.1351387862870135 × 10^294 |
| 9 | ov_009 | 9.351643663896043 × 10^293 |
| 10 | ov_010 | 7.63011580571332 × 10^293 |
| 11 | ov_011 | 6.159753812302644 × 10^293 |
| 12 | ov_012 | 4.914951936048991 × 10^293 |
| 13 | ov_013 | 3.8715039325118594 × 10^293 |
| 14 | ov_014 | 3.0065668845168985 × 10^293 |
| 15 | ov_015 | 2.298632619390351 × 10^293 |
| 16 | ov_016 | 1.7275053646106512 × 10^293 |
| 17 | ov_017 | 1.2742843880094586 × 10^293 |
| 18 | ov_018 | 9.213505286613274 × 10^292 |
| 19 | ov_019 | 6.523557972337426 × 10^292 |
| 20 | ov_020 | 4.522154782932182 × 10^292 |
| 21 | ov_021 | 3.071022827946576 × 10^292 |
| 22 | ov_022 | 2.0444214883125056 × 10^292 |
| 23 | ov_023 | 1.329113385388111 × 10^292 |
| 24 | ov_024 | 8.243452884682114 × 10^291 |
| 25 | ov_025 | 4.8285976708626657 × 10^291 |
| 26 | ov_026 | 2.63633489737325 × 10^291 |
| 27 | ov_027 | 1.3187509938366054 × 10^291 |
| 28 | ov_028 | 5.902433040015005 × 10^290 |
| 29 | ov_029 | 2.2751706472393265 × 10^290 |
| 30 | ov_030 | 6.958461440366768 × 10^289 |
| 31 | ov_031 | 1.3580895181839257 × 10^289 |
| 32 | lv_80_m31 | 2.650373259268726 × 10^288 |
| 33 | ov_033 | 3.1592701724141424 × 10^289 |
| 34 | ov_034 | 2.7408363253985826 × 10^289 |
| 35 | ov_035 | 2.3663986579092746 × 10^289 |
| 36 | ov_036 | 2.0320561485002305 × 10^289 |
| 37 | ov_037 | 1.734115934097403 × 10^289 |
| 38 | ov_038 | 1.469078608150961 × 10^289 |
| 39 | ov_039 | 1.2336255825837325 × 10^289 |
| 40 | ov_040 | 1.0261413106926264 × 10^289 |
| 41 | ov_041 | 8.450927921882877 × 10^288 |
| 42 | ov_042 | 6.890254120780084 × 10^288 |
| 43 | ov_043 | 5.565594780370533 × 10^288 |
| 44 | ov_044 | 4.451495183031172 × 10^288 |
| 45 | ov_045 | 3.523877378846967 × 10^288 |
| 46 | ov_046 | 2.7600071257546133 × 10^288 |
| 47 | ov_047 | 2.138468047596089 × 10^288 |
| 48 | ov_048 | 1.6391417698419815 × 10^288 |
| 49 | ov_049 | 1.2431928865105554 × 10^288 |
| 50 | ov_050 | 9.330577049959143 × 10^287 |
| 51 | ov_051 | 6.924358567516716 × 10^287 |
| 52 | ov_052 | 5.062840939145288 × 10^287 |
| 53 | ov_053 | 3.60811806610644 × 10^287 |
| 54 | ov_054 | 2.4943638448238504 × 10^287 |
| 55 | ov_055 | 1.6619933901863353 × 10^287 |
| 56 | ov_056 | 1.0576548058457312 × 10^287 |
| 57 | ov_057 | 6.34224147306411 × 10^286 |
| 58 | ov_058 | 3.5080255666138356 × 10^286 |
| 59 | ov_059 | 1.7271477727885188 × 10^286 |
| 60 | ov_060 | 7.15084818522755 × 10^285 |
| 61 | ov_061 | 2.4954030854439818 × 10^285 |
| 62 | ov_062 | 6.838388220334205 × 10^284 |
| 63 | ov_063 | 1.3313350998657428 × 10^284 |
| 64 | lv_79_m31 | 2.5912538904920404 × 10^283 |
| 65 | ov_065 | 3.049129737799745 × 10^284 |
| 66 | ov_066 | 3.049121429485816 × 10^284 |
| 67 | ov_067 | 3.049119471314155 × 10^284 |
| 68 | ov_068 | 2.6274979856860983 × 10^284 |
| 69 | ov_069 | 2.251576533943748 × 10^284 |
| 70 | ov_070 | 1.9178628887159324 × 10^284 |
| 71 | ov_071 | 1.6230293453569588 × 10^284 |
| 72 | ov_072 | 1.3639039561995656 × 10^284 |
| 73 | ov_073 | 1.13746371363318 × 10^284 |
| 74 | ov_074 | 9.408292088178281 × 10^283 |
| 75 | ov_075 | 7.712603175234981 × 10^283 |
| 76 | ov_076 | 6.261525343672043 × 10^283 |
| 77 | ov_077 | 5.030337350309352 × 10^283 |
| 78 | ov_078 | 3.9956129563141453 × 10^283 |
| 79 | ov_079 | 3.135195475277369 × 10^283 |
| 80 | ov_080 | 2.4281754612056924 × 10^283 |
| 81 | ov_081 | 1.8548713239937837 × 10^283 |
| 82 | ov_082 | 1.396812661468869 × 10^283 |
| 83 | ov_083 | 1.0367260982411043 × 10^283 |
| 84 | ov_084 | 7.585234224314263 × 10^282 |
| 85 | ov_085 | 5.472918119467854 × 10^282 |
| 86 | ov_086 | 3.892859423845706 × 10^282 |
| 87 | ov_087 | 2.719217689196081 × 10^282 |
| 88 | ov_088 | 1.8377177469674228 × 10^282 |
| 89 | ov_089 | 1.194108245049055 × 10^282 |
| 90 | ov_090 | 7.398957218995142 × 10^281 |
| 91 | ov_091 | 4.323347735420652 × 10^281 |
| 92 | ov_092 | 2.3442192491055187 × 10^281 |
| 93 | ov_093 | 1.1489218671353699 × 10^281 |
| 94 | ov_094 | 4.8217364733856235 × 10^280 |
| 95 | aaa_78_28 | 1.4605370090660164 × 10^280 |
| 96 | aaa_78_29 | 4.35190955365596 × 10^279 |
| 97 | ov_097 | 2.3627637790594072 × 10^279 |
| 98 | ov_098 | 2.3627298427834118 × 10^279 |
| 99 | ov_099 | 2.3627190219846992 × 10^279 |
| 100 | ov_100 | 1.9299274170586827 × 10^279 |
| 101 | ov_101 | 1.568496939113557 × 10^279 |
| 102 | ov_102 | 1.2700526423274782 × 10^279 |
| 103 | ov_103 | 1.0266727481132157 × 10^279 |
| 104 | ov_104 | 8.308555819099296 × 10^278 |
| 105 | ov_105 | 6.754909993970126 × 10^278 |
| 106 | ov_106 | 5.5383587659833 × 10^278 |
| 107 | ov_107 | 4.5949325950649595 × 10^278 |
| 108 | ov_108 | 3.863947893975833 × 10^278 |
| 109 | ov_109 | 3.2878604007531314 × 10^278 |
| 110 | ov_110 | 2.81214423003222 × 10^278 |
| 111 | ov_111 | 2.3851933575387512 × 10^278 |
| 112 | ov_112 | 2.004229672623833 × 10^278 |
| 113 | ov_113 | 1.666523830036499 × 10^278 |
| 114 | ov_114 | 1.3693838788587853 × 10^278 |
| 115 | ov_115 | 1.1101461799892907 × 10^278 |
| 116 | ov_116 | 8.86168422030173 × 10^277 |
| 117 | ov_117 | 6.948243426552801 × 10^277 |
| 118 | ov_118 | 5.3349958342221645 × 10^277 |
| 119 | ov_119 | 3.995883564617201 × 10^277 |
| 120 | ov_120 | 2.9049082819642643 × 10^277 |
| 121 | ov_121 | 2.03611125265214 × 10^277 |
| 122 | ov_122 | 1.3635586784103801 × 10^277 |
| 123 | ov_123 | 8.613313553342136 × 10^276 |
| 124 | ov_124 | 5.03517710708339 × 10^276 |
| 125 | ov_125 | 2.6420949823390946 × 10^276 |
| 126 | ov_126 | 1.17499607235689 × 10^276 |
| 127 | aaa_77_28 | 3.748122388913641 × 10^275 |
| 128 | aaa_77_29 | 1.4029671265618927 × 10^275 |
| 129 | ov_129 | 1.2780274975225749 × 10^275 |
| 130 | ov_130 | 1.2780234817288062 × 10^275 |
| 131 | ov_131 | 1.2780225142940298 × 10^275 |
| 132 | ov_132 | 1.1027819077499262 × 10^275 |
| 133 | ov_133 | 9.463899555416435 × 10^274 |
| 134 | ov_134 | 8.074046803074252 × 10^274 |
| 135 | ov_135 | 6.844578946463716 × 10^274 |
| 136 | ov_136 | 5.762499075043614 × 10^274 |
| 137 | ov_137 | 4.815450603318035 × 10^274 |
| 138 | ov_138 | 3.9916800593078975 × 10^274 |
| 139 | ov_139 | 3.2800064719739344 × 10^274 |
| 140 | ov_140 | 2.6697965716652215 × 10^274 |
| 141 | ov_141 | 2.150945059068955 × 10^274 |
| 142 | ov_142 | 1.7138592391163766 × 10^274 |
| 143 | ov_143 | 1.3494473569963643 × 10^274 |
| 144 | ov_144 | 1.0491100139350858 × 10^274 |
| 145 | ov_145 | 8.047340807730798 × 10^273 |
| 146 | ov_146 | 6.086885676425115 × 10^273 |
| 147 | ov_147 | 4.5382194823796737 × 10^273 |
| 148 | ov_148 | 3.3346047730048294 × 10^273 |
| 149 | ov_149 | 2.414071013381894 × 10^273 |
| 150 | ov_150 | 1.7194068295661184 × 10^273 |
| 151 | ov_151 | 1.1981540715447544 × 10^273 |
| 152 | ov_152 | 8.026032825959347 × 10^272 |
| 153 | ov_153 | 5.1008642300304996 × 10^272 |
| 154 | ov_154 | 3.003074448932196 × 10^272 |
| 155 | ov_155 | 1.5534135390432212 × 10^272 |
| 156 | aaa_76_25 | 5.963366165198477 × 10^271 |
| 157 | aaa_76_26 | 3.4373974480071926 × 10^271 |
| 158 | aaa_76_27 | 1.755870115023486 × 10^271 |
| 159 | aaa_76_28 | 6.817926040682613 × 10^270 |
| 160 | aaa_76_29 | 2.0676726394778603 × 10^270 |

### Output Bits Sorted by Complexity

| Rank | Output Bit | Complexity |
|:----:|:----------:|:----------:|
| 160 | aaa_76_29 | 2.0676726394778603 × 10^270 |
| 159 | aaa_76_28 | 6.817926040682613 × 10^270 |
| 158 | aaa_76_27 | 1.755870115023486 × 10^271 |
| 157 | aaa_76_26 | 3.4373974480071926 × 10^271 |
| 156 | aaa_76_25 | 5.963366165198477 × 10^271 |
| 155 | ov_155 | 1.5534135390432212 × 10^272 |
| 154 | ov_154 | 3.003074448932196 × 10^272 |
| 153 | ov_153 | 5.1008642300304996 × 10^272 |
| 152 | ov_152 | 8.026032825959347 × 10^272 |
| 151 | ov_151 | 1.1981540715447544 × 10^273 |
| 150 | ov_150 | 1.7194068295661184 × 10^273 |
| 149 | ov_149 | 2.414071013381894 × 10^273 |
| 148 | ov_148 | 3.3346047730048294 × 10^273 |
| 147 | ov_147 | 4.5382194823796737 × 10^273 |
| 146 | ov_146 | 6.086885676425115 × 10^273 |
| 145 | ov_145 | 8.047340807730798 × 10^273 |
| 144 | ov_144 | 1.0491100139350858 × 10^274 |
| 143 | ov_143 | 1.3494473569963643 × 10^274 |
| 142 | ov_142 | 1.7138592391163766 × 10^274 |
| 141 | ov_141 | 2.150945059068955 × 10^274 |
| 140 | ov_140 | 2.6697965716652215 × 10^274 |
| 139 | ov_139 | 3.2800064719739344 × 10^274 |
| 138 | ov_138 | 3.9916800593078975 × 10^274 |
| 137 | ov_137 | 4.815450603318035 × 10^274 |
| 136 | ov_136 | 5.762499075043614 × 10^274 |
| 135 | ov_135 | 6.844578946463716 × 10^274 |
| 134 | ov_134 | 8.074046803074252 × 10^274 |
| 133 | ov_133 | 9.463899555416435 × 10^274 |
| 132 | ov_132 | 1.1027819077499262 × 10^275 |
| 131 | ov_131 | 1.2780225142940298 × 10^275 |
| 130 | ov_130 | 1.2780234817288062 × 10^275 |
| 129 | ov_129 | 1.2780274975225749 × 10^275 |
| 128 | aaa_77_29 | 1.4029671265618927 × 10^275 |
| 127 | aaa_77_28 | 3.748122388913641 × 10^275 |
| 126 | ov_126 | 1.17499607235689 × 10^276 |
| 125 | ov_125 | 2.6420949823390946 × 10^276 |
| 124 | ov_124 | 5.03517710708339 × 10^276 |
| 123 | ov_123 | 8.613313553342136 × 10^276 |
| 122 | ov_122 | 1.3635586784103801 × 10^277 |
| 121 | ov_121 | 2.03611125265214 × 10^277 |
| 120 | ov_120 | 2.9049082819642643 × 10^277 |
| 119 | ov_119 | 3.995883564617201 × 10^277 |
| 118 | ov_118 | 5.3349958342221645 × 10^277 |
| 117 | ov_117 | 6.948243426552801 × 10^277 |
| 116 | ov_116 | 8.86168422030173 × 10^277 |
| 115 | ov_115 | 1.1101461799892907 × 10^278 |
| 114 | ov_114 | 1.3693838788587853 × 10^278 |
| 113 | ov_113 | 1.666523830036499 × 10^278 |
| 112 | ov_112 | 2.004229672623833 × 10^278 |
| 111 | ov_111 | 2.3851933575387512 × 10^278 |
| 110 | ov_110 | 2.81214423003222 × 10^278 |
| 109 | ov_109 | 3.2878604007531314 × 10^278 |
| 108 | ov_108 | 3.863947893975833 × 10^278 |
| 107 | ov_107 | 4.5949325950649595 × 10^278 |
| 106 | ov_106 | 5.5383587659833 × 10^278 |
| 105 | ov_105 | 6.754909993970126 × 10^278 |
| 104 | ov_104 | 8.308555819099296 × 10^278 |
| 103 | ov_103 | 1.0266727481132157 × 10^279 |
| 102 | ov_102 | 1.2700526423274782 × 10^279 |
| 101 | ov_101 | 1.568496939113557 × 10^279 |
| 100 | ov_100 | 1.9299274170586827 × 10^279 |
| 99 | ov_099 | 2.3627190219846992 × 10^279 |
| 98 | ov_098 | 2.3627298427834118 × 10^279 |
| 97 | ov_097 | 2.3627637790594072 × 10^279 |
| 96 | aaa_78_29 | 4.35190955365596 × 10^279 |
| 95 | aaa_78_28 | 1.4605370090660164 × 10^280 |
| 94 | ov_094 | 4.8217364733856235 × 10^280 |
| 93 | ov_093 | 1.1489218671353699 × 10^281 |
| 92 | ov_092 | 2.3442192491055187 × 10^281 |
| 91 | ov_091 | 4.323347735420652 × 10^281 |
| 90 | ov_090 | 7.398957218995142 × 10^281 |
| 89 | ov_089 | 1.194108245049055 × 10^282 |
| 88 | ov_088 | 1.8377177469674228 × 10^282 |
| 87 | ov_087 | 2.719217689196081 × 10^282 |
| 86 | ov_086 | 3.892859423845706 × 10^282 |
| 85 | ov_085 | 5.472918119467854 × 10^282 |
| 84 | ov_084 | 7.585234224314263 × 10^282 |
| 83 | ov_083 | 1.0367260982411043 × 10^283 |
| 82 | ov_082 | 1.396812661468869 × 10^283 |
| 81 | ov_081 | 1.8548713239937837 × 10^283 |
| 80 | ov_080 | 2.4281754612056924 × 10^283 |
| 64 | lv_79_m31 | 2.5912538904920404 × 10^283 |
| 79 | ov_079 | 3.135195475277369 × 10^283 |
| 78 | ov_078 | 3.9956129563141453 × 10^283 |
| 77 | ov_077 | 5.030337350309352 × 10^283 |
| 76 | ov_076 | 6.261525343672043 × 10^283 |
| 75 | ov_075 | 7.712603175234981 × 10^283 |
| 74 | ov_074 | 9.408292088178281 × 10^283 |
| 73 | ov_073 | 1.13746371363318 × 10^284 |
| 63 | ov_063 | 1.3313350998657428 × 10^284 |
| 72 | ov_072 | 1.3639039561995656 × 10^284 |
| 71 | ov_071 | 1.6230293453569588 × 10^284 |
| 70 | ov_070 | 1.9178628887159324 × 10^284 |
| 69 | ov_069 | 2.251576533943748 × 10^284 |
| 68 | ov_068 | 2.6274979856860983 × 10^284 |
| 67 | ov_067 | 3.049119471314155 × 10^284 |
| 66 | ov_066 | 3.049121429485816 × 10^284 |
| 65 | ov_065 | 3.049129737799745 × 10^284 |
| 62 | ov_062 | 6.838388220334205 × 10^284 |
| 61 | ov_061 | 2.4954030854439818 × 10^285 |
| 60 | ov_060 | 7.15084818522755 × 10^285 |
| 59 | ov_059 | 1.7271477727885188 × 10^286 |
| 58 | ov_058 | 3.5080255666138356 × 10^286 |
| 57 | ov_057 | 6.34224147306411 × 10^286 |
| 56 | ov_056 | 1.0576548058457312 × 10^287 |
| 55 | ov_055 | 1.6619933901863353 × 10^287 |
| 54 | ov_054 | 2.4943638448238504 × 10^287 |
| 53 | ov_053 | 3.60811806610644 × 10^287 |
| 52 | ov_052 | 5.062840939145288 × 10^287 |
| 51 | ov_051 | 6.924358567516716 × 10^287 |
| 50 | ov_050 | 9.330577049959143 × 10^287 |
| 49 | ov_049 | 1.2431928865105554 × 10^288 |
| 48 | ov_048 | 1.6391417698419815 × 10^288 |
| 47 | ov_047 | 2.138468047596089 × 10^288 |
| 32 | lv_80_m31 | 2.650373259268726 × 10^288 |
| 46 | ov_046 | 2.7600071257546133 × 10^288 |
| 45 | ov_045 | 3.523877378846967 × 10^288 |
| 44 | ov_044 | 4.451495183031172 × 10^288 |
| 43 | ov_043 | 5.565594780370533 × 10^288 |
| 42 | ov_042 | 6.890254120780084 × 10^288 |
| 41 | ov_041 | 8.450927921882877 × 10^288 |
| 40 | ov_040 | 1.0261413106926264 × 10^289 |
| 39 | ov_039 | 1.2336255825837325 × 10^289 |
| 31 | ov_031 | 1.3580895181839257 × 10^289 |
| 38 | ov_038 | 1.469078608150961 × 10^289 |
| 37 | ov_037 | 1.734115934097403 × 10^289 |
| 36 | ov_036 | 2.0320561485002305 × 10^289 |
| 35 | ov_035 | 2.3663986579092746 × 10^289 |
| 34 | ov_034 | 2.7408363253985826 × 10^289 |
| 33 | ov_033 | 3.1592701724141424 × 10^289 |
| 30 | ov_030 | 6.958461440366768 × 10^289 |
| 29 | ov_029 | 2.2751706472393265 × 10^290 |
| 28 | ov_028 | 5.902433040015005 × 10^290 |
| 27 | ov_027 | 1.3187509938366054 × 10^291 |
| 26 | ov_026 | 2.63633489737325 × 10^291 |
| 25 | ov_025 | 4.8285976708626657 × 10^291 |
| 24 | ov_024 | 8.243452884682114 × 10^291 |
| 23 | ov_023 | 1.329113385388111 × 10^292 |
| 22 | ov_022 | 2.0444214883125056 × 10^292 |
| 21 | ov_021 | 3.071022827946576 × 10^292 |
| 20 | ov_020 | 4.522154782932182 × 10^292 |
| 19 | ov_019 | 6.523557972337426 × 10^292 |
| 18 | ov_018 | 9.213505286613274 × 10^292 |
| 17 | ov_017 | 1.2742843880094586 × 10^293 |
| 16 | ov_016 | 1.7275053646106512 × 10^293 |
| 15 | ov_015 | 2.298632619390351 × 10^293 |
| 14 | ov_014 | 3.0065668845168985 × 10^293 |
| 13 | ov_013 | 3.8715039325118594 × 10^293 |
| 12 | ov_012 | 4.914951936048991 × 10^293 |
| 11 | ov_011 | 6.159753812302644 × 10^293 |
| 10 | ov_010 | 7.63011580571332 × 10^293 |
| 9 | ov_009 | 9.351643663896043 × 10^293 |
| 8 | ov_008 | 1.1351387862870135 × 10^294 |
| 7 | ov_007 | 1.3657899440043749 × 10^294 |
| 6 | ov_006 | 1.6301298096712526 × 10^294 |
| 5 | ov_005 | 1.9313354336575514 × 10^294 |
| 4 | ov_004 | 2.2727587513367546 × 10^294 |
| 3 | ov_003 | 2.657938163892333 × 10^294 |
| 2 | ov_002 | 3.0906120515488386 × 10^294 |
| 1 | ov_001 | 3.574734345044208 × 10^294 |

