# Results for F001-F002-F003-F004-F005-F006-F007-F008-F009-F010-F011-F012-F013-F014-F015-F016-F017-F018-F019-F020-F021-F022-F023-F024-F025-F026-F027-F028-F029-F030-F031-F032-F033-F034-F035-F036-F037-F038-F039-F040-F041-F042-F043-F044-F045-F046-F047-F048-F049-F050-F051-F052-F053-F054-F055-F056-F057-F058-F059-F060-F061-F062-F063-F064-F065-F066-F067-F068-F069-F070-F071-F072-F073-F074-F075-F076-F077-F078-F079-F080-F081-F082-F083-F084-F085-F086-F087-F088-F089-F090-F091-F092-F093-F094-F095-F096-F097-F098-F099-F100-F101-F102-F103-F104-F105-F106-F107-F108-F109-F110-F111-F112-F113-F114-F115-F116-F117-F118-F119-F120-F121-F122-F123-F124-F125-F126-F127-F128-F129-F130-F131-F132-F133-F134-F135-F136-F137-F138-F139-F140-F141-F142-F143-F144-F145-F146-F147-F148-F149-F150-F151-F152-F153-F154-F155-F156-F157-F158-F159-F160-F161-F162-F163-F164-F165-F166-F167-F168-F169-F170-F171-F172-F173-F174-F175-F176-F177-F178-F179-F180-F181-F182-F183-F184-F185-F186-F187-F188-F189-F190-F191-F192-F193-F194-F195-F196-F197-F198-F199-F200-F201-F202-F203-F204-F205-F206-F207-F208-F209-F210-F211-F212-F213-F214-F215-F216-F217-F218-F219-F220-F221-F222-F223-F224-F225-F226-F227-F228-F229-F230-F231-F232-F233-F234-F235-F236-F237-F238-F239-F240-F241-F242-F243-F244-F245-F246-F247-F248-F249-F250-F251-F252-F253-F254-F255-F256-F257-F258-F259-F260-F261-F262-F263-F264-F265-F266-F267-F268-F269-F270-F271-F272-F273-F274-F275-F276-F277-F278-F279-F280-F281-F282-F283-F284-F285-F286-F287-F288-F289-F290-F291-F292-F293-F294-F295-F296-F297-F298-F299-F300-F301-F302-F303-F304-F305-F306-F307-F308-F309-F310-F311-F312-F313-F314-F315-F316-F317-F318-F319-F320-F321-F322-F323-F324-F325-F326-F327-F328-F329-F330-F331-F332-F333-F334-F335-F336-F337-F338-F339-F340-F341-F342-F343-F344-F345-F346-F347-F348-F349-F350-F351-F352-F353-F354-F355-F356-F357-F358-F359-F360-F361-F362-F363-F364-F365-F366-F367-F368-F369-F370-F371-F372-F373-F374-F375-F376-F377-F378-F379-F380-F381-F382-F383-F384-F385-F386-F387-F388-F389-F390-F391-F392-F393-F394-F395-F396-F397-F398-F399-F400-F401-F402-F403-F404-F405-F406-F407-F408-F409-F410-F411-F412-F413-F414-F415-F416-F417-F418-F419-F420-F421-F422-F423-F424-F425-F426-F427-F428-F429-F430-F431-F432-F433-F434-F435-F436-F437-F438-F439-F440-F441-F442-F443-F444-F445-F446-F447-F448-F449-F450-F451-F452-F453-F454-F455-F456-F457-F458-F459-F460-F461-F462-F463-F464-F465-F466-F467-F468-F469-F470-F471-F472-F473-F474-F475-F476-F477-F478-F479-F480-F481-F482-F483-F484-F485-F486-F487-F488-F489-F490-F491-F492-F493-F494-F495-F496-O500505-O506507-F508-F509-F510-F511-F512

## Summary

Number of input bits: 512  
Number of free input bits: 9  
Number of output bits: 160

Number of direct occurrences: 36701  
Number of assignments: 30992  
Number of operations: 11102355
(xor: 11074137,
and: 14991,
or: 13227)

Total complexity: 2.9205850102396504 × 10^300

Least occurring input variable: iv_502 (3875)  
Most occurring input variable: iv_506 (4372)

Most co-occurring input variables: iv_500-iv_506 (2048)  
Least co-occurring input variables: iv_498-iv_502 (1789)

Potentially most occurring input variable: iv_500/iv_506 (4602)  
Potentially least occurring input variable: iv_501/iv_504 (4155)

Least output occurring input variable: iv_502 (76)  
Most output occurring input variable: iv_506 (91)

Most output co-occurring input variables: iv_499-iv_506 (54)  
Least output co-occurring input variables: iv_497-iv_502 (33)

Potentially most output occurring input variable: iv_497/iv_506 (91)  
Potentially least output occurring input variable: iv_498/iv_502 (67)

Least complex input bit: iv_506 (1.6807372452594998 × 10^298)  
Most complex input bit: iv_500 (1.0335169610215049 × 10^300)

Least complex output bit: aaa_76_29 (1.3397260705437289 × 10^275)  
Most complex output bit: ov_001 (4.747068940508944 × 10^299)

Least complex input/output complexity: iv_506/aaa_76_29 (7.70985092819891 × 10^272)  
Most complex input/output complexity: iv_500/ov_001 (1.6798607977351083 × 10^299)

## Input Bits

### Input Bits in Regular Order

| Input Bit | Complexity | Occurrences | Output Occurrences |
|:---------:|:----------:|:-----------:|:------------------:|
| iv_497 | 2.0614567302663672 × 10^298 | 4038 | 80 |
| iv_498 | 4.112295592119054 × 10^298 | 3953 | 81 |
| iv_499 | 7.227611424078672 × 10^298 | 4003 | 85 |
| iv_500 | 1.0335169610215049 × 10^300 | 4326 | 83 |
| iv_501 | 1.9824852372290567 × 10^299 | 4077 | 90 |
| iv_502 | 3.184370717569109 × 10^299 | 3875 | 76 |
| iv_503 | 5.031015700131056 × 10^299 | 4139 | 80 |
| iv_504 | 7.164598738079875 × 10^299 | 3918 | 85 |
| iv_506 | 1.6807372452594998 × 10^298 | 4372 | 91 |

### Input Bits Sorted by Complexity

| Input Bit | Complexity | Occurrences | Output Occurrences |
|:---------:|:----------:|:-----------:|:------------------:|
| iv_506 | 1.6807372452594998 × 10^298 | 4372 | 91 |
| iv_497 | 2.0614567302663672 × 10^298 | 4038 | 80 |
| iv_498 | 4.112295592119054 × 10^298 | 3953 | 81 |
| iv_499 | 7.227611424078672 × 10^298 | 4003 | 85 |
| iv_501 | 1.9824852372290567 × 10^299 | 4077 | 90 |
| iv_502 | 3.184370717569109 × 10^299 | 3875 | 76 |
| iv_503 | 5.031015700131056 × 10^299 | 4139 | 80 |
| iv_504 | 7.164598738079875 × 10^299 | 3918 | 85 |
| iv_500 | 1.0335169610215049 × 10^300 | 4326 | 83 |

### Input Bits Sorted by Occurrences

| Input Bit | Complexity | Occurrences | Output Occurrences |
|:---------:|:----------:|:-----------:|:------------------:|
| iv_502 | 3.184370717569109 × 10^299 | 3875 | 76 |
| iv_504 | 7.164598738079875 × 10^299 | 3918 | 85 |
| iv_498 | 4.112295592119054 × 10^298 | 3953 | 81 |
| iv_499 | 7.227611424078672 × 10^298 | 4003 | 85 |
| iv_497 | 2.0614567302663672 × 10^298 | 4038 | 80 |
| iv_501 | 1.9824852372290567 × 10^299 | 4077 | 90 |
| iv_503 | 5.031015700131056 × 10^299 | 4139 | 80 |
| iv_500 | 1.0335169610215049 × 10^300 | 4326 | 83 |
| iv_506 | 1.6807372452594998 × 10^298 | 4372 | 91 |

### Input Bits Sorted by Output Occurrences

| Input Bit | Complexity | Occurrences | Output Occurrences |
|:---------:|:----------:|:-----------:|:------------------:|
| iv_502 | 3.184370717569109 × 10^299 | 3875 | 76 |
| iv_503 | 5.031015700131056 × 10^299 | 4139 | 80 |
| iv_497 | 2.0614567302663672 × 10^298 | 4038 | 80 |
| iv_498 | 4.112295592119054 × 10^298 | 3953 | 81 |
| iv_500 | 1.0335169610215049 × 10^300 | 4326 | 83 |
| iv_499 | 7.227611424078672 × 10^298 | 4003 | 85 |
| iv_504 | 7.164598738079875 × 10^299 | 3918 | 85 |
| iv_501 | 1.9824852372290567 × 10^299 | 4077 | 90 |
| iv_506 | 1.6807372452594998 × 10^298 | 4372 | 91 |

## Input Bit Co-occurrences

### Input Bit Co-occurrences Sorted by Co-occurrences

| Input Bits | Co-occurrences | Potential Occurrences | Output Co-occurrences | Potential Output Occurrences |
|:----------:|:--------------:|:---------------------:|:---------------------:|:----------------------------:|
| iv_500-iv_506 | 2048 | 4602 | 44 | 86 |
| iv_500-iv_503 | 2026 | 4413 | 40 | 83 |
| iv_500-iv_501 | 2008 | 4387 | 45 | 83 |
| iv_501-iv_506 | 2003 | 4443 | 47 | 87 |
| iv_499-iv_500 | 1987 | 4355 | 43 | 82 |
| iv_497-iv_500 | 1987 | 4390 | 41 | 81 |
| iv_503-iv_506 | 1984 | 4543 | 42 | 87 |
| iv_504-iv_506 | 1959 | 4372 | 53 | 70 |
| iv_498-iv_500 | 1957 | 4365 | 40 | 84 |

### Input Bit Co-occurrences Sorted by Potential Occurrences

| Input Bits | Co-occurrences | Potential Occurrences | Output Co-occurrences | Potential Output Occurrences |
|:----------:|:--------------:|:---------------------:|:---------------------:|:----------------------------:|
| iv_501-iv_504 | 1920 | 4155 | 48 | 79 |
| iv_497-iv_499 | 1941 | 4159 | 47 | 71 |
| iv_501-iv_502 | 1885 | 4182 | 47 | 72 |
| iv_502-iv_504 | 1795 | 4203 | 37 | 87 |
| iv_499-iv_504 | 1854 | 4213 | 50 | 70 |
| iv_499-iv_501 | 1926 | 4228 | 48 | 79 |
| iv_498-iv_504 | 1814 | 4243 | 48 | 70 |
| iv_498-iv_502 | 1789 | 4250 | 45 | 67 |
| iv_502-iv_503 | 1881 | 4252 | 37 | 82 |

### Input Bit Output Co-occurrences Sorted by Output Co-occurrences

| Input Bits | Co-occurrences | Potential Occurrences | Output Co-occurrences | Potential Output Occurrences |
|:----------:|:--------------:|:---------------------:|:---------------------:|:----------------------------:|
| iv_499-iv_506 | 1952 | 4471 | 54 | 68 |
| iv_504-iv_506 | 1959 | 4372 | 53 | 70 |
| iv_498-iv_501 | 1888 | 4254 | 51 | 69 |
| iv_499-iv_504 | 1854 | 4213 | 50 | 70 |
| iv_502-iv_506 | 1918 | 4411 | 49 | 69 |
| iv_498-iv_504 | 1814 | 4243 | 48 | 70 |
| iv_499-iv_501 | 1926 | 4228 | 48 | 79 |
| iv_501-iv_504 | 1920 | 4155 | 48 | 79 |
| iv_501-iv_502 | 1885 | 4182 | 47 | 72 |

### Input Bit Output Co-occurrences Sorted by Potential Output Occurrences

| Input Bits | Co-occurrences | Potential Occurrences | Output Co-occurrences | Potential Output Occurrences |
|:----------:|:--------------:|:---------------------:|:---------------------:|:----------------------------:|
| iv_498-iv_502 | 1789 | 4250 | 45 | 67 |
| iv_499-iv_506 | 1952 | 4471 | 54 | 68 |
| iv_498-iv_501 | 1888 | 4254 | 51 | 69 |
| iv_502-iv_506 | 1918 | 4411 | 49 | 69 |
| iv_498-iv_504 | 1814 | 4243 | 48 | 70 |
| iv_499-iv_504 | 1854 | 4213 | 50 | 70 |
| iv_504-iv_506 | 1959 | 4372 | 53 | 70 |
| iv_500-iv_502 | 1938 | 4325 | 44 | 71 |
| iv_497-iv_499 | 1941 | 4159 | 47 | 71 |

## Output Bits

### Output Bits in Regular Order

| Rank | Output Bit | Complexity |
|:----:|:----------:|:----------:|
| 1 | ov_001 | 4.747068940508944 × 10^299 |
| 2 | ov_002 | 4.104400227321281 × 10^299 |
| 3 | ov_003 | 3.5300755163600132 × 10^299 |
| 4 | ov_004 | 3.0188349855922223 × 10^299 |
| 5 | ov_005 | 2.5657056346677565 × 10^299 |
| 6 | ov_006 | 2.1659806828961593 × 10^299 |
| 7 | ov_007 | 1.8152016511214798 × 10^299 |
| 8 | ov_008 | 1.509142967043703 × 10^299 |
| 9 | ov_009 | 1.2437988945967932 × 10^299 |
| 10 | ov_010 | 1.0153725513703954 × 10^299 |
| 11 | ov_011 | 8.202667753146114 × 10^298 |
| 12 | ov_012 | 6.550766155816507 × 10^298 |
| 13 | ov_013 | 5.16583235729851 × 10^298 |
| 14 | ov_014 | 4.017490307000126 × 10^298 |
| 15 | ov_015 | 3.0771377201588597 × 10^298 |
| 16 | ov_016 | 2.317916085953983 × 10^298 |
| 17 | ov_017 | 1.7146876341464724 × 10^298 |
| 18 | ov_018 | 1.2440177906438807 × 10^298 |
| 19 | ov_019 | 8.841618479274014 × 10^297 |
| 20 | ov_020 | 6.150548995485705 × 10^297 |
| 21 | ov_021 | 4.1830438718535295 × 10^297 |
| 22 | ov_022 | 2.7718474817216338 × 10^297 |
| 23 | ov_023 | 1.7663371488307223 × 10^297 |
| 24 | ov_024 | 1.0953560490074111 × 10^297 |
| 25 | ov_025 | 6.414838376170601 × 10^296 |
| 26 | ov_026 | 3.5015741116030104 × 10^296 |
| 27 | ov_027 | 1.7510509460619068 × 10^296 |
| 28 | ov_028 | 7.834551512233068 × 10^295 |
| 29 | ov_029 | 3.018721669741239 × 10^295 |
| 30 | ov_030 | 9.228559145112662 × 10^294 |
| 31 | ov_031 | 1.8001606621694176 × 10^294 |
| 32 | lv_80_m31 | 3.5110053344242533 × 10^293 |
| 33 | ov_033 | 4.199744588373051 × 10^294 |
| 34 | ov_034 | 3.642207481619867 × 10^294 |
| 35 | ov_035 | 3.143487728761794 × 10^294 |
| 36 | ov_036 | 2.6986053463727064 × 10^294 |
| 37 | ov_037 | 2.3028468180839916 × 10^294 |
| 38 | ov_038 | 1.951746284612649 × 10^294 |
| 39 | ov_039 | 1.6410693558929516 × 10^294 |
| 40 | ov_040 | 1.3667992893450366 × 10^294 |
| 41 | ov_041 | 1.126980537921392 × 10^294 |
| 42 | ov_042 | 9.197578548298157 × 10^293 |
| 43 | ov_043 | 7.43371835383007 × 10^293 |
| 44 | ov_044 | 5.945771838106038 × 10^293 |
| 45 | ov_045 | 4.703045594685707 × 10^293 |
| 46 | ov_046 | 3.676562780289035 × 10^293 |
| 47 | ov_047 | 2.839029341713426 × 10^293 |
| 48 | ov_048 | 2.164807873929449 × 10^293 |
| 49 | ov_049 | 1.6298976434623422 × 10^293 |
| 50 | ov_050 | 1.211919498366432 × 10^293 |
| 51 | ov_051 | 8.901046426304154 × 10^292 |
| 52 | ov_052 | 6.452864249482495 × 10^292 |
| 53 | ov_053 | 4.598944272210438 × 10^292 |
| 54 | ov_054 | 3.179503212075253 × 10^292 |
| 55 | ov_055 | 2.1186254408992062 × 10^292 |
| 56 | ov_056 | 1.3483363422580106 × 10^292 |
| 57 | ov_057 | 8.085955127334693 × 10^291 |
| 58 | ov_058 | 4.472928538668154 × 10^291 |
| 59 | ov_059 | 2.20246521681522 × 10^291 |
| 60 | ov_060 | 9.120198728132173 × 10^290 |
| 61 | ov_061 | 3.1831694973189015 × 10^290 |
| 62 | ov_062 | 8.724652892013712 × 10^289 |
| 63 | ov_063 | 1.6988876615825252 × 10^289 |
| 64 | lv_79_m31 | 3.307287688659264 × 10^288 |
| 65 | ov_065 | 3.9021118386942243 × 10^289 |
| 66 | ov_066 | 3.9020997962256813 × 10^289 |
| 67 | ov_067 | 3.9020969037012206 × 10^289 |
| 68 | ov_068 | 3.3655822514380885 × 10^289 |
| 69 | ov_069 | 2.8869299708609993 × 10^289 |
| 70 | ov_070 | 2.4617180702718037 × 10^289 |
| 71 | ov_071 | 2.0857454843525331 × 10^289 |
| 72 | ov_072 | 1.7550167154170881 × 10^289 |
| 73 | ov_073 | 1.4657290702478981 × 10^289 |
| 74 | ov_074 | 1.2142621909308407 × 10^289 |
| 75 | ov_075 | 9.97169593863951 × 10^288 |
| 76 | ov_076 | 8.111719463069968 × 10^288 |
| 77 | ov_077 | 6.531518245671402 × 10^288 |
| 78 | ov_078 | 5.201497122739688 × 10^288 |
| 79 | ov_079 | 4.093610112630775 × 10^288 |
| 80 | ov_080 | 3.1813385142536374 × 10^288 |
| 81 | ov_081 | 2.4396749954183382 × 10^288 |
| 82 | ov_082 | 1.845111806529668 × 10^288 |
| 83 | ov_083 | 1.3756315640518612 × 10^288 |
| 84 | ov_084 | 1.0106996890961645 × 10^288 |
| 85 | ov_085 | 7.312581772298212 × 10^287 |
| 86 | ov_086 | 5.197205671080812 × 10^287 |
| 87 | ov_087 | 3.599679757060499 × 10^287 |
| 88 | ov_088 | 2.443074230278781 × 10^287 |
| 89 | ov_089 | 1.5954689428012914 × 10^287 |
| 90 | ov_090 | 9.94557296605448 × 10^286 |
| 91 | ov_091 | 5.853333695329841 × 10^286 |
| 92 | ov_092 | 3.200880014498828 × 10^286 |
| 93 | ov_093 | 1.5840659378511055 × 10^286 |
| 94 | ov_094 | 6.71680280445004 × 10^285 |
| 95 | aaa_78_28 | 2.0544224168735074 × 10^285 |
| 96 | aaa_78_29 | 6.214966740152811 × 10^284 |
| 97 | ov_097 | 3.2475802906321234 × 10^284 |
| 98 | ov_098 | 3.247558522500064 × 10^284 |
| 99 | ov_099 | 3.247551569393211 × 10^284 |
| 100 | ov_100 | 2.739549315699616 × 10^284 |
| 101 | ov_101 | 2.293964307233781 × 10^284 |
| 102 | ov_102 | 1.905453533442305 × 10^284 |
| 103 | ov_103 | 1.568964017633799 × 10^284 |
| 104 | ov_104 | 1.2797115714838835 × 10^284 |
| 105 | ov_105 | 1.0331624325943517 × 10^284 |
| 106 | ov_106 | 8.250175107795275 × 10^283 |
| 107 | ov_107 | 6.511989825633976 × 10^283 |
| 108 | ov_108 | 5.0783898674208435 × 10^283 |
| 109 | ov_109 | 3.912701868957488 × 10^283 |
| 110 | ov_110 | 2.9801797950456798 × 10^283 |
| 111 | ov_111 | 2.2479413890381187 × 10^283 |
| 112 | ov_112 | 1.6849170275890076 × 10^283 |
| 113 | ov_113 | 1.2618091409606207 × 10^283 |
| 114 | ov_114 | 9.510604822005952 × 10^282 |
| 115 | ov_115 | 7.268296510950557 × 10^282 |
| 116 | ov_116 | 5.649724011607926 × 10^282 |
| 117 | ov_117 | 4.4302752594025584 × 10^282 |
| 118 | ov_118 | 3.4020638875092715 × 10^282 |
| 119 | ov_119 | 2.5484961572584262 × 10^282 |
| 120 | ov_120 | 1.8530167271394636 × 10^282 |
| 121 | ov_121 | 1.2990958053392877 × 10^282 |
| 122 | ov_122 | 8.70219696101365 × 10^281 |
| 123 | ov_123 | 5.498841305350676 × 10^281 |
| 124 | ov_124 | 3.2158977250369595 × 10^281 |
| 125 | ov_125 | 1.6883943782792157 × 10^281 |
| 126 | ov_126 | 7.513667769273027 × 10^280 |
| 127 | aaa_77_28 | 2.3985235691541235 × 10^280 |
| 128 | aaa_77_29 | 8.988301752221096 × 10^279 |
| 129 | ov_129 | 8.183233137085419 × 10^279 |
| 130 | ov_130 | 8.183207089440231 × 10^279 |
| 131 | ov_131 | 8.18320080576171 × 10^279 |
| 132 | ov_132 | 7.072094874081468 × 10^279 |
| 133 | ov_133 | 6.078473587294726 × 10^279 |
| 134 | ov_134 | 5.192995124175671 × 10^279 |
| 135 | ov_135 | 4.406803289024774 × 10^279 |
| 136 | ov_136 | 3.711492603641747 × 10^279 |
| 137 | ov_137 | 3.102968989261336 × 10^279 |
| 138 | ov_138 | 2.5736441079969877 × 10^279 |
| 139 | ov_139 | 2.116304961151082 × 10^279 |
| 140 | ov_140 | 1.724096865989575 × 10^279 |
| 141 | ov_141 | 1.39050970859753 × 10^279 |
| 142 | ov_142 | 1.10936704524641 × 10^279 |
| 143 | ov_143 | 8.748176494530775 × 10^278 |
| 144 | ov_144 | 6.813291265185778 × 10^278 |
| 145 | ov_145 | 5.236832418501951 × 10^278 |
| 146 | ov_146 | 3.969726338218655 × 10^278 |
| 147 | ov_147 | 2.965986063323833 × 10^278 |
| 148 | ov_148 | 2.1826972058857223 × 10^278 |
| 149 | ov_149 | 1.5800092997994982 × 10^278 |
| 150 | ov_150 | 1.1211303768029212 × 10^278 |
| 151 | ov_151 | 7.723232368221306 × 10^277 |
| 152 | ov_152 | 5.174825772347287 × 10^277 |
| 153 | ov_153 | 3.2897318923743137 × 10^277 |
| 154 | ov_154 | 1.9373975299257936 × 10^277 |
| 155 | ov_155 | 1.002509453698222 × 10^277 |
| 156 | aaa_76_25 | 3.8499105756907905 × 10^276 |
| 157 | aaa_76_26 | 2.2207237932816832 × 10^276 |
| 158 | aaa_76_27 | 1.1352926412418298 × 10^276 |
| 159 | aaa_76_28 | 4.412870042469508 × 10^275 |
| 160 | aaa_76_29 | 1.3397260705437289 × 10^275 |

### Output Bits Sorted by Complexity

| Rank | Output Bit | Complexity |
|:----:|:----------:|:----------:|
| 160 | aaa_76_29 | 1.3397260705437289 × 10^275 |
| 159 | aaa_76_28 | 4.412870042469508 × 10^275 |
| 158 | aaa_76_27 | 1.1352926412418298 × 10^276 |
| 157 | aaa_76_26 | 2.2207237932816832 × 10^276 |
| 156 | aaa_76_25 | 3.8499105756907905 × 10^276 |
| 155 | ov_155 | 1.002509453698222 × 10^277 |
| 154 | ov_154 | 1.9373975299257936 × 10^277 |
| 153 | ov_153 | 3.2897318923743137 × 10^277 |
| 152 | ov_152 | 5.174825772347287 × 10^277 |
| 151 | ov_151 | 7.723232368221306 × 10^277 |
| 150 | ov_150 | 1.1211303768029212 × 10^278 |
| 149 | ov_149 | 1.5800092997994982 × 10^278 |
| 148 | ov_148 | 2.1826972058857223 × 10^278 |
| 147 | ov_147 | 2.965986063323833 × 10^278 |
| 146 | ov_146 | 3.969726338218655 × 10^278 |
| 145 | ov_145 | 5.236832418501951 × 10^278 |
| 144 | ov_144 | 6.813291265185778 × 10^278 |
| 143 | ov_143 | 8.748176494530775 × 10^278 |
| 142 | ov_142 | 1.10936704524641 × 10^279 |
| 141 | ov_141 | 1.39050970859753 × 10^279 |
| 140 | ov_140 | 1.724096865989575 × 10^279 |
| 139 | ov_139 | 2.116304961151082 × 10^279 |
| 138 | ov_138 | 2.5736441079969877 × 10^279 |
| 137 | ov_137 | 3.102968989261336 × 10^279 |
| 136 | ov_136 | 3.711492603641747 × 10^279 |
| 135 | ov_135 | 4.406803289024774 × 10^279 |
| 134 | ov_134 | 5.192995124175671 × 10^279 |
| 133 | ov_133 | 6.078473587294726 × 10^279 |
| 132 | ov_132 | 7.072094874081468 × 10^279 |
| 131 | ov_131 | 8.18320080576171 × 10^279 |
| 130 | ov_130 | 8.183207089440231 × 10^279 |
| 129 | ov_129 | 8.183233137085419 × 10^279 |
| 128 | aaa_77_29 | 8.988301752221096 × 10^279 |
| 127 | aaa_77_28 | 2.3985235691541235 × 10^280 |
| 126 | ov_126 | 7.513667769273027 × 10^280 |
| 125 | ov_125 | 1.6883943782792157 × 10^281 |
| 124 | ov_124 | 3.2158977250369595 × 10^281 |
| 123 | ov_123 | 5.498841305350676 × 10^281 |
| 122 | ov_122 | 8.70219696101365 × 10^281 |
| 121 | ov_121 | 1.2990958053392877 × 10^282 |
| 120 | ov_120 | 1.8530167271394636 × 10^282 |
| 119 | ov_119 | 2.5484961572584262 × 10^282 |
| 118 | ov_118 | 3.4020638875092715 × 10^282 |
| 117 | ov_117 | 4.4302752594025584 × 10^282 |
| 116 | ov_116 | 5.649724011607926 × 10^282 |
| 115 | ov_115 | 7.268296510950557 × 10^282 |
| 114 | ov_114 | 9.510604822005952 × 10^282 |
| 113 | ov_113 | 1.2618091409606207 × 10^283 |
| 112 | ov_112 | 1.6849170275890076 × 10^283 |
| 111 | ov_111 | 2.2479413890381187 × 10^283 |
| 110 | ov_110 | 2.9801797950456798 × 10^283 |
| 109 | ov_109 | 3.912701868957488 × 10^283 |
| 108 | ov_108 | 5.0783898674208435 × 10^283 |
| 107 | ov_107 | 6.511989825633976 × 10^283 |
| 106 | ov_106 | 8.250175107795275 × 10^283 |
| 105 | ov_105 | 1.0331624325943517 × 10^284 |
| 104 | ov_104 | 1.2797115714838835 × 10^284 |
| 103 | ov_103 | 1.568964017633799 × 10^284 |
| 102 | ov_102 | 1.905453533442305 × 10^284 |
| 101 | ov_101 | 2.293964307233781 × 10^284 |
| 100 | ov_100 | 2.739549315699616 × 10^284 |
| 99 | ov_099 | 3.247551569393211 × 10^284 |
| 98 | ov_098 | 3.247558522500064 × 10^284 |
| 97 | ov_097 | 3.2475802906321234 × 10^284 |
| 96 | aaa_78_29 | 6.214966740152811 × 10^284 |
| 95 | aaa_78_28 | 2.0544224168735074 × 10^285 |
| 94 | ov_094 | 6.71680280445004 × 10^285 |
| 93 | ov_093 | 1.5840659378511055 × 10^286 |
| 92 | ov_092 | 3.200880014498828 × 10^286 |
| 91 | ov_091 | 5.853333695329841 × 10^286 |
| 90 | ov_090 | 9.94557296605448 × 10^286 |
| 89 | ov_089 | 1.5954689428012914 × 10^287 |
| 88 | ov_088 | 2.443074230278781 × 10^287 |
| 87 | ov_087 | 3.599679757060499 × 10^287 |
| 86 | ov_086 | 5.197205671080812 × 10^287 |
| 85 | ov_085 | 7.312581772298212 × 10^287 |
| 84 | ov_084 | 1.0106996890961645 × 10^288 |
| 83 | ov_083 | 1.3756315640518612 × 10^288 |
| 82 | ov_082 | 1.845111806529668 × 10^288 |
| 81 | ov_081 | 2.4396749954183382 × 10^288 |
| 80 | ov_080 | 3.1813385142536374 × 10^288 |
| 64 | lv_79_m31 | 3.307287688659264 × 10^288 |
| 79 | ov_079 | 4.093610112630775 × 10^288 |
| 78 | ov_078 | 5.201497122739688 × 10^288 |
| 77 | ov_077 | 6.531518245671402 × 10^288 |
| 76 | ov_076 | 8.111719463069968 × 10^288 |
| 75 | ov_075 | 9.97169593863951 × 10^288 |
| 74 | ov_074 | 1.2142621909308407 × 10^289 |
| 73 | ov_073 | 1.4657290702478981 × 10^289 |
| 63 | ov_063 | 1.6988876615825252 × 10^289 |
| 72 | ov_072 | 1.7550167154170881 × 10^289 |
| 71 | ov_071 | 2.0857454843525331 × 10^289 |
| 70 | ov_070 | 2.4617180702718037 × 10^289 |
| 69 | ov_069 | 2.8869299708609993 × 10^289 |
| 68 | ov_068 | 3.3655822514380885 × 10^289 |
| 67 | ov_067 | 3.9020969037012206 × 10^289 |
| 66 | ov_066 | 3.9020997962256813 × 10^289 |
| 65 | ov_065 | 3.9021118386942243 × 10^289 |
| 62 | ov_062 | 8.724652892013712 × 10^289 |
| 61 | ov_061 | 3.1831694973189015 × 10^290 |
| 60 | ov_060 | 9.120198728132173 × 10^290 |
| 59 | ov_059 | 2.20246521681522 × 10^291 |
| 58 | ov_058 | 4.472928538668154 × 10^291 |
| 57 | ov_057 | 8.085955127334693 × 10^291 |
| 56 | ov_056 | 1.3483363422580106 × 10^292 |
| 55 | ov_055 | 2.1186254408992062 × 10^292 |
| 54 | ov_054 | 3.179503212075253 × 10^292 |
| 53 | ov_053 | 4.598944272210438 × 10^292 |
| 52 | ov_052 | 6.452864249482495 × 10^292 |
| 51 | ov_051 | 8.901046426304154 × 10^292 |
| 50 | ov_050 | 1.211919498366432 × 10^293 |
| 49 | ov_049 | 1.6298976434623422 × 10^293 |
| 48 | ov_048 | 2.164807873929449 × 10^293 |
| 47 | ov_047 | 2.839029341713426 × 10^293 |
| 32 | lv_80_m31 | 3.5110053344242533 × 10^293 |
| 46 | ov_046 | 3.676562780289035 × 10^293 |
| 45 | ov_045 | 4.703045594685707 × 10^293 |
| 44 | ov_044 | 5.945771838106038 × 10^293 |
| 43 | ov_043 | 7.43371835383007 × 10^293 |
| 42 | ov_042 | 9.197578548298157 × 10^293 |
| 41 | ov_041 | 1.126980537921392 × 10^294 |
| 40 | ov_040 | 1.3667992893450366 × 10^294 |
| 39 | ov_039 | 1.6410693558929516 × 10^294 |
| 31 | ov_031 | 1.8001606621694176 × 10^294 |
| 38 | ov_038 | 1.951746284612649 × 10^294 |
| 37 | ov_037 | 2.3028468180839916 × 10^294 |
| 36 | ov_036 | 2.6986053463727064 × 10^294 |
| 35 | ov_035 | 3.143487728761794 × 10^294 |
| 34 | ov_034 | 3.642207481619867 × 10^294 |
| 33 | ov_033 | 4.199744588373051 × 10^294 |
| 30 | ov_030 | 9.228559145112662 × 10^294 |
| 29 | ov_029 | 3.018721669741239 × 10^295 |
| 28 | ov_028 | 7.834551512233068 × 10^295 |
| 27 | ov_027 | 1.7510509460619068 × 10^296 |
| 26 | ov_026 | 3.5015741116030104 × 10^296 |
| 25 | ov_025 | 6.414838376170601 × 10^296 |
| 24 | ov_024 | 1.0953560490074111 × 10^297 |
| 23 | ov_023 | 1.7663371488307223 × 10^297 |
| 22 | ov_022 | 2.7718474817216338 × 10^297 |
| 21 | ov_021 | 4.1830438718535295 × 10^297 |
| 20 | ov_020 | 6.150548995485705 × 10^297 |
| 19 | ov_019 | 8.841618479274014 × 10^297 |
| 18 | ov_018 | 1.2440177906438807 × 10^298 |
| 17 | ov_017 | 1.7146876341464724 × 10^298 |
| 16 | ov_016 | 2.317916085953983 × 10^298 |
| 15 | ov_015 | 3.0771377201588597 × 10^298 |
| 14 | ov_014 | 4.017490307000126 × 10^298 |
| 13 | ov_013 | 5.16583235729851 × 10^298 |
| 12 | ov_012 | 6.550766155816507 × 10^298 |
| 11 | ov_011 | 8.202667753146114 × 10^298 |
| 10 | ov_010 | 1.0153725513703954 × 10^299 |
| 9 | ov_009 | 1.2437988945967932 × 10^299 |
| 8 | ov_008 | 1.509142967043703 × 10^299 |
| 7 | ov_007 | 1.8152016511214798 × 10^299 |
| 6 | ov_006 | 2.1659806828961593 × 10^299 |
| 5 | ov_005 | 2.5657056346677565 × 10^299 |
| 4 | ov_004 | 3.0188349855922223 × 10^299 |
| 3 | ov_003 | 3.5300755163600132 × 10^299 |
| 2 | ov_002 | 4.104400227321281 × 10^299 |
| 1 | ov_001 | 4.747068940508944 × 10^299 |

