# Results for F001-F002-F003-F004-F005-F006-F007-F008-F009-F010-F011-F012-F013-F014-F015-F016-F017-F018-F019-F020-F021-F022-F023-F024-F025-F026-F027-F028-F029-F030-F031-F032-F033-F034-F035-F036-F037-F038-F039-F040-F041-F042-F043-F044-F045-F046-F047-F048-F049-F050-F051-F052-F053-F054-F055-F056-F057-F058-F059-F060-F061-F062-F063-F064-F065-F066-F067-F068-F069-F070-F071-F072-F073-F074-F075-F076-F077-F078-F079-F080-F081-F082-F083-F084-F085-F086-F087-F088-F089-F090-F091-F092-F093-F094-F095-F096-F097-F098-F099-F100-F101-F102-F103-F104-F105-F106-F107-F108-F109-F110-F111-F112-F113-F114-F115-F116-F117-F118-F119-F120-F121-F122-F123-F124-F125-F126-F127-F128-F129-F130-F131-F132-F133-F134-F135-F136-F137-F138-F139-F140-F141-F142-F143-F144-F145-F146-F147-F148-F149-F150-F151-F152-F153-F154-F155-F156-F157-F158-F159-F160-F161-F162-F163-F164-F165-F166-F167-F168-F169-F170-F171-F172-F173-F174-F175-F176-F177-F178-F179-F180-F181-F182-F183-F184-F185-F186-F187-F188-F189-F190-F191-F192-F193-F194-F195-F196-F197-F198-F199-F200-F201-F202-F203-F204-F205-F206-F207-F208-F209-F210-F211-F212-F213-F214-F215-F216-F217-F218-F219-F220-F221-F222-F223-F224-F225-F226-F227-F228-F229-F230-F231-F232-F233-F234-F235-F236-F237-F238-F239-F240-F241-F242-F243-F244-F245-F246-F247-F248-F249-F250-F251-F252-F253-F254-F255-F256-F257-F258-F259-F260-F261-F262-F263-F264-F265-F266-F267-F268-F269-F270-F271-F272-F273-F274-F275-F276-F277-F278-F279-F280-F281-F282-F283-F284-F285-F286-F287-F288-F289-F290-F291-F292-F293-F294-F295-F296-F297-F298-F299-F300-F301-F302-F303-F304-F305-F306-F307-F308-F309-F310-F311-F312-F313-F314-F315-F316-F317-F318-F319-F320-F321-F322-F323-F324-F325-F326-F327-F328-F329-F330-F331-F332-F333-F334-F335-F336-F337-F338-F339-F340-F341-F342-F343-F344-F345-F346-F347-F348-F349-F350-F351-F352-F353-F354-F355-F356-F357-F358-F359-F360-F361-F362-F363-F364-F365-F366-F367-F368-F369-F370-F371-F372-F373-F374-F375-F376-F377-F378-F379-F380-F381-F382-F383-F384-F385-F386-F387-F388-F389-F390-F391-F392-F393-F394-F395-F396-F397-F398-F399-F400-F401-F402-F403-F404-F405-F406-F407-F408-F409-F410-F411-F412-F413-F414-F415-F416-F417-F418-F419-F420-F421-F422-F423-F424-F425-F426-F427-F428-F429-F430-F431-F432-F433-F434-F435-F436-F437-F438-F439-F440-F441-F442-F443-F444-F445-F446-F447-F448-F449-F450-F451-F452-F453-F454-F455-F456-F457-F458-F459-F460-F461-F462-F463-F464-F465-F466-F467-F468-F469-F470-F471-F472-F473-F474-F475-F476-F477-F478-F479-F480-F481-F482-F483-F484-F485-F486-F487-F488-F489-F490-F491-F492-F493-F494-F495-F496-F504-F507-F508-F509-F510-F511-F512

## Summary

Number of input bits: 512  
Number of free input bits: 9  
Number of output bits: 160

Number of direct occurrences: 35907  
Number of assignments: 30360  
Number of operations: 10529594
(xor: 10501929,
and: 14698,
or: 12967)

Total complexity: 9.082746313162275 × 10^292

Least occurring input variable: iv_499 (3865)  
Most occurring input variable: iv_497 (4068)

Most co-occurring input variables: iv_501-iv_502 (2011)  
Least co-occurring input variables: iv_499-iv_506 (1758)

Potentially most occurring input variable: iv_498/iv_503 (4413)  
Potentially least occurring input variable: iv_501/iv_502 (3994)

Least output occurring input variable: iv_503 (72)  
Most output occurring input variable: iv_497 (93)

Most output co-occurring input variables: iv_497-iv_501 (55)  
Least output co-occurring input variables: iv_498-iv_503 (28)

Potentially most output occurring input variable: iv_498/iv_500 (92)  
Potentially least output occurring input variable: iv_497/iv_501 (65)

Least complex input bit: iv_497 (1.5387938523185444 × 10^291)  
Most complex input bit: iv_502 (2.3207387845918955 × 10^292)

Least complex output bit: aaa_76_29 (2.6916601232999764 × 10^268)  
Most complex output bit: ov_001 (1.4781051137765012 × 10^292)

Least complex input/output complexity: iv_497/aaa_76_29 (4.560195680311709 × 10^266)  
Most complex input/output complexity: iv_502/ov_001 (3.7767165865611816 × 10^291)

## Input Bits

### Input Bits in Regular Order

| Input Bit | Complexity | Occurrences | Output Occurrences |
|:---------:|:----------:|:-----------:|:------------------:|
| iv_497 | 1.5387938523185444 × 10^291 | 4068 | 93 |
| iv_498 | 3.0090025829389244 × 10^291 | 3938 | 74 |
| iv_499 | 5.261927423394146 × 10^291 | 3865 | 81 |
| iv_500 | 8.780899529593692 × 10^291 | 4041 | 76 |
| iv_501 | 1.4421856131636134 × 10^292 | 3984 | 82 |
| iv_502 | 2.3207387845918955 × 10^292 | 4032 | 78 |
| iv_503 | 1.3667305244829066 × 10^292 | 4023 | 72 |
| iv_505 | 1.0193045487505106 × 10^292 | 4006 | 83 |
| iv_506 | 1.0747245033488322 × 10^292 | 3950 | 77 |

### Input Bits Sorted by Complexity

| Input Bit | Complexity | Occurrences | Output Occurrences |
|:---------:|:----------:|:-----------:|:------------------:|
| iv_497 | 1.5387938523185444 × 10^291 | 4068 | 93 |
| iv_498 | 3.0090025829389244 × 10^291 | 3938 | 74 |
| iv_499 | 5.261927423394146 × 10^291 | 3865 | 81 |
| iv_500 | 8.780899529593692 × 10^291 | 4041 | 76 |
| iv_505 | 1.0193045487505106 × 10^292 | 4006 | 83 |
| iv_506 | 1.0747245033488322 × 10^292 | 3950 | 77 |
| iv_503 | 1.3667305244829066 × 10^292 | 4023 | 72 |
| iv_501 | 1.4421856131636134 × 10^292 | 3984 | 82 |
| iv_502 | 2.3207387845918955 × 10^292 | 4032 | 78 |

### Input Bits Sorted by Occurrences

| Input Bit | Complexity | Occurrences | Output Occurrences |
|:---------:|:----------:|:-----------:|:------------------:|
| iv_499 | 5.261927423394146 × 10^291 | 3865 | 81 |
| iv_498 | 3.0090025829389244 × 10^291 | 3938 | 74 |
| iv_506 | 1.0747245033488322 × 10^292 | 3950 | 77 |
| iv_501 | 1.4421856131636134 × 10^292 | 3984 | 82 |
| iv_505 | 1.0193045487505106 × 10^292 | 4006 | 83 |
| iv_503 | 1.3667305244829066 × 10^292 | 4023 | 72 |
| iv_502 | 2.3207387845918955 × 10^292 | 4032 | 78 |
| iv_500 | 8.780899529593692 × 10^291 | 4041 | 76 |
| iv_497 | 1.5387938523185444 × 10^291 | 4068 | 93 |

### Input Bits Sorted by Output Occurrences

| Input Bit | Complexity | Occurrences | Output Occurrences |
|:---------:|:----------:|:-----------:|:------------------:|
| iv_503 | 1.3667305244829066 × 10^292 | 4023 | 72 |
| iv_498 | 3.0090025829389244 × 10^291 | 3938 | 74 |
| iv_500 | 8.780899529593692 × 10^291 | 4041 | 76 |
| iv_506 | 1.0747245033488322 × 10^292 | 3950 | 77 |
| iv_502 | 2.3207387845918955 × 10^292 | 4032 | 78 |
| iv_499 | 5.261927423394146 × 10^291 | 3865 | 81 |
| iv_501 | 1.4421856131636134 × 10^292 | 3984 | 82 |
| iv_505 | 1.0193045487505106 × 10^292 | 4006 | 83 |
| iv_497 | 1.5387938523185444 × 10^291 | 4068 | 93 |

## Input Bit Co-occurrences

### Input Bit Co-occurrences Sorted by Co-occurrences

| Input Bits | Co-occurrences | Potential Occurrences | Output Co-occurrences | Potential Output Occurrences |
|:----------:|:--------------:|:---------------------:|:---------------------:|:----------------------------:|
| iv_501-iv_502 | 2011 | 3994 | 42 | 76 |
| iv_500-iv_501 | 1991 | 4043 | 39 | 80 |
| iv_497-iv_505 | 1960 | 4154 | 48 | 80 |
| iv_497-iv_502 | 1955 | 4190 | 47 | 77 |
| iv_502-iv_505 | 1950 | 4138 | 45 | 71 |
| iv_497-iv_500 | 1944 | 4221 | 39 | 91 |
| iv_497-iv_501 | 1930 | 4192 | 55 | 65 |
| iv_501-iv_505 | 1930 | 4130 | 48 | 69 |
| iv_502-iv_503 | 1924 | 4207 | 35 | 80 |

### Input Bit Co-occurrences Sorted by Potential Occurrences

| Input Bits | Co-occurrences | Potential Occurrences | Output Co-occurrences | Potential Output Occurrences |
|:----------:|:--------------:|:---------------------:|:---------------------:|:----------------------------:|
| iv_501-iv_502 | 2011 | 3994 | 42 | 76 |
| iv_500-iv_501 | 1991 | 4043 | 39 | 80 |
| iv_498-iv_499 | 1856 | 4091 | 39 | 77 |
| iv_501-iv_505 | 1930 | 4130 | 48 | 69 |
| iv_502-iv_505 | 1950 | 4138 | 45 | 71 |
| iv_499-iv_503 | 1872 | 4144 | 36 | 81 |
| iv_498-iv_505 | 1899 | 4146 | 39 | 79 |
| iv_500-iv_506 | 1922 | 4147 | 37 | 79 |
| iv_497-iv_505 | 1960 | 4154 | 48 | 80 |

### Input Bit Output Co-occurrences Sorted by Output Co-occurrences

| Input Bits | Co-occurrences | Potential Occurrences | Output Co-occurrences | Potential Output Occurrences |
|:----------:|:--------------:|:---------------------:|:---------------------:|:----------------------------:|
| iv_497-iv_501 | 1930 | 4192 | 55 | 65 |
| iv_497-iv_506 | 1914 | 4190 | 50 | 70 |
| iv_497-iv_505 | 1960 | 4154 | 48 | 80 |
| iv_501-iv_505 | 1930 | 4130 | 48 | 69 |
| iv_497-iv_502 | 1955 | 4190 | 47 | 77 |
| iv_500-iv_505 | 1919 | 4209 | 46 | 67 |
| iv_497-iv_499 | 1883 | 4167 | 45 | 84 |
| iv_499-iv_502 | 1852 | 4193 | 45 | 69 |
| iv_502-iv_505 | 1950 | 4138 | 45 | 71 |

### Input Bit Output Co-occurrences Sorted by Potential Output Occurrences

| Input Bits | Co-occurrences | Potential Occurrences | Output Co-occurrences | Potential Output Occurrences |
|:----------:|:--------------:|:---------------------:|:---------------------:|:----------------------------:|
| iv_497-iv_501 | 1930 | 4192 | 55 | 65 |
| iv_500-iv_505 | 1919 | 4209 | 46 | 67 |
| iv_499-iv_502 | 1852 | 4193 | 45 | 69 |
| iv_501-iv_505 | 1930 | 4130 | 48 | 69 |
| iv_497-iv_506 | 1914 | 4190 | 50 | 70 |
| iv_502-iv_505 | 1950 | 4138 | 45 | 71 |
| iv_499-iv_500 | 1850 | 4206 | 42 | 73 |
| iv_498-iv_506 | 1857 | 4174 | 39 | 73 |
| iv_499-iv_506 | 1758 | 4299 | 41 | 76 |

## Output Bits

### Output Bits in Regular Order

| Rank | Output Bit | Complexity |
|:----:|:----------:|:----------:|
| 1 | ov_001 | 1.4781051137765012 × 10^292 |
| 2 | ov_002 | 1.2779065569438638 × 10^292 |
| 3 | ov_003 | 1.098987798835067 × 10^292 |
| 4 | ov_004 | 9.397129933710572 × 10^291 |
| 5 | ov_005 | 7.985354061645654 × 10^291 |
| 6 | ov_006 | 6.739909969122218 × 10^291 |
| 7 | ov_007 | 5.646928571720629 × 10^291 |
| 8 | ov_008 | 4.693264495794832 × 10^291 |
| 9 | ov_009 | 3.866455814488633 × 10^291 |
| 10 | ov_010 | 3.154690333819479 × 10^291 |
| 11 | ov_011 | 2.5467776257238207 × 10^291 |
| 12 | ov_012 | 2.03212605069425 × 10^291 |
| 13 | ov_013 | 1.6007240575826454 × 10^291 |
| 14 | ov_014 | 1.2431250924789053 × 10^291 |
| 15 | ov_015 | 9.504355260308392 × 10^290 |
| 16 | ov_016 | 7.143051192619633 × 10^290 |
| 17 | ov_017 | 5.269195912094336 × 10^290 |
| 18 | ov_018 | 3.8099485314626456 × 10^290 |
| 19 | ov_019 | 2.6977255743363787 × 10^290 |
| 20 | ov_020 | 1.870167178016834 × 10^290 |
| 21 | ov_021 | 1.2701120746799468 × 10^290 |
| 22 | ov_022 | 8.455796287845306 × 10^289 |
| 23 | ov_023 | 5.49757422146762 × 10^289 |
| 24 | ov_024 | 3.409930916345463 × 10^289 |
| 25 | ov_025 | 1.9974967781074911 × 10^289 |
| 26 | ov_026 | 1.0906684076778773 × 10^289 |
| 27 | ov_027 | 5.4559952865412926 × 10^288 |
| 28 | ov_028 | 2.4419721836250038 × 10^288 |
| 29 | ov_029 | 9.412061915054859 × 10^287 |
| 30 | ov_030 | 2.878060088195812 × 10^287 |
| 31 | ov_031 | 5.615436719529486 × 10^286 |
| 32 | lv_80_m31 | 1.0955506578571424 × 10^286 |
| 33 | ov_033 | 1.3058196969291271 × 10^287 |
| 34 | ov_034 | 1.133394065985757 × 10^287 |
| 35 | ov_035 | 9.787211923394375 × 10^286 |
| 36 | ov_036 | 8.401294273563554 × 10^286 |
| 37 | ov_037 | 7.168060185888562 × 10^286 |
| 38 | ov_038 | 6.072509527922898 × 10^286 |
| 39 | ov_039 | 5.100415586914557 × 10^286 |
| 40 | ov_040 | 4.2448521873500337 × 10^286 |
| 41 | ov_041 | 3.4992465605647412 × 10^286 |
| 42 | ov_042 | 2.8573617241170344 × 10^286 |
| 43 | ov_043 | 2.313281813528216 × 10^286 |
| 44 | ov_044 | 1.8560924186527072 × 10^286 |
| 45 | ov_045 | 1.475469723212394 × 10^286 |
| 46 | ov_046 | 1.1616664272962927 × 10^286 |
| 47 | ov_047 | 9.055007115325087 × 10^285 |
| 48 | ov_048 | 6.98347722513063 × 10^285 |
| 49 | ov_049 | 5.3213309922572425 × 10^285 |
| 50 | ov_050 | 3.9932809967732456 × 10^285 |
| 51 | ov_051 | 2.9630423530142047 × 10^285 |
| 52 | ov_052 | 2.1661397167931013 × 10^285 |
| 53 | ov_053 | 1.5434703598214002 × 10^285 |
| 54 | ov_054 | 1.066824005766954 × 10^285 |
| 55 | ov_055 | 7.1066685894 × 10^284 |
| 56 | ov_056 | 4.521378544628268 × 10^284 |
| 57 | ov_057 | 2.7104632320681494 × 10^284 |
| 58 | ov_058 | 1.4987063514699616 × 10^284 |
| 59 | ov_059 | 7.375747877553071 × 10^283 |
| 60 | ov_060 | 3.0521526700479574 × 10^283 |
| 61 | ov_061 | 1.064531234803623 × 10^283 |
| 62 | ov_062 | 2.9157355216176464 × 10^282 |
| 63 | ov_063 | 5.673522173707563 × 10^281 |
| 64 | lv_79_m31 | 1.1037070885535085 × 10^281 |
| 65 | ov_065 | 1.3018055413316581 × 10^282 |
| 66 | ov_066 | 1.3018011011196624 × 10^282 |
| 67 | ov_067 | 1.3018000143003423 × 10^282 |
| 68 | ov_068 | 1.1201552263721042 × 10^282 |
| 69 | ov_069 | 9.587488023819667 × 10^281 |
| 70 | ov_070 | 8.158996793097147 × 10^281 |
| 71 | ov_071 | 6.900302977655278 × 10^281 |
| 72 | ov_072 | 5.796595887687544 × 10^281 |
| 73 | ov_073 | 4.833965791851679 × 10^281 |
| 74 | ov_074 | 3.999345835527973 × 10^281 |
| 75 | ov_075 | 3.2804595118263115 × 10^281 |
| 76 | ov_076 | 2.665773383575233 × 10^281 |
| 77 | ov_077 | 2.1444547620141034 × 10^281 |
| 78 | ov_078 | 1.706334053804207 × 10^281 |
| 79 | ov_079 | 1.3418714925453529 × 10^281 |
| 80 | ov_080 | 1.042127974481035 × 10^281 |
| 81 | ov_081 | 7.987397207238556 × 10^280 |
| 82 | ov_082 | 6.038964903279782 × 10^280 |
| 83 | ov_083 | 4.503230700260834 × 10^280 |
| 84 | ov_084 | 3.312637675427095 × 10^280 |
| 85 | ov_085 | 2.4046963617686893 × 10^280 |
| 86 | ov_086 | 1.721881588844676 × 10^280 |
| 87 | ov_087 | 1.211551204454323 × 10^280 |
| 88 | ov_088 | 8.258839652174354 × 10^279 |
| 89 | ov_089 | 5.42167826306295 × 10^279 |
| 90 | ov_090 | 3.400688468281654 × 10^279 |
| 91 | ov_091 | 2.016183367727312 × 10^279 |
| 92 | ov_092 | 1.1120484600427241 × 10^279 |
| 93 | ov_093 | 5.556966357600761 × 10^278 |
| 94 | ov_094 | 2.3804607722115484 × 10^278 |
| 95 | aaa_78_28 | 7.351124258427011 × 10^277 |
| 96 | aaa_78_29 | 2.2577916283761964 × 10^277 |
| 97 | ov_097 | 1.4914033127393864 × 10^277 |
| 98 | ov_098 | 1.4913589521577179 × 10^277 |
| 99 | ov_099 | 1.4913448074369758 × 10^277 |
| 100 | ov_100 | 1.3422632579532046 × 10^277 |
| 101 | ov_101 | 1.2041283312195673 × 10^277 |
| 102 | ov_102 | 1.0763477135083309 × 10^277 |
| 103 | ov_103 | 9.583723104978739 × 10^276 |
| 104 | ov_104 | 8.496903783494418 × 10^276 |
| 105 | ov_105 | 7.498222109267036 × 10^276 |
| 106 | ov_106 | 6.583153556001885 × 10^276 |
| 107 | ov_107 | 5.747403308545875 × 10^276 |
| 108 | ov_108 | 4.9868681950356104 × 10^276 |
| 109 | ov_109 | 4.2976031174866 × 10^276 |
| 110 | ov_110 | 3.675791726267733 × 10^276 |
| 111 | ov_111 | 3.117721086030699 × 10^276 |
| 112 | ov_112 | 2.6197600820905276 × 10^276 |
| 113 | ov_113 | 2.1783413171917111 × 10^276 |
| 114 | ov_114 | 1.789946249217111 × 10^276 |
| 115 | ov_115 | 1.4510933208336912 × 10^276 |
| 116 | ov_116 | 1.1583288323953752 × 10^276 |
| 117 | ov_117 | 9.082200443674719 × 10^275 |
| 118 | ov_118 | 6.973497614233664 × 10^275 |
| 119 | ov_119 | 5.2231197780201955 × 10^275 |
| 120 | ov_120 | 3.797084598860475 × 10^275 |
| 121 | ov_121 | 2.661461419927039 × 10^275 |
| 122 | ov_122 | 1.7823521139297955 × 10^275 |
| 123 | ov_123 | 1.1258775857842158 × 10^275 |
| 124 | ov_124 | 6.581686879719615 × 10^274 |
| 125 | ov_125 | 3.4536060705905288 × 10^274 |
| 126 | ov_126 | 1.5359000845787353 × 10^274 |
| 127 | aaa_77_28 | 4.8993943940673894 × 10^273 |
| 128 | aaa_77_29 | 1.8339124931346182 × 10^273 |
| 129 | ov_129 | 1.6704709286334085 × 10^273 |
| 130 | ov_130 | 1.6704657040666643 × 10^273 |
| 131 | ov_131 | 1.670464446391502 × 10^273 |
| 132 | ov_132 | 1.4414187221314638 × 10^273 |
| 133 | ov_133 | 1.2370002387554867 × 10^273 |
| 134 | ov_134 | 1.055327999488999 × 10^273 |
| 135 | ov_135 | 8.946165976833348 × 10^272 |
| 136 | ov_136 | 7.531693902482194 × 10^272 |
| 137 | ov_137 | 6.293727641467093 × 10^272 |
| 138 | ov_138 | 5.216913782175289 × 10^272 |
| 139 | ov_139 | 4.286642683905467 × 10^272 |
| 140 | ov_140 | 3.489017100470466 × 10^272 |
| 141 | ov_141 | 2.8108273688028894 × 10^272 |
| 142 | ov_142 | 2.2395322115848575 × 10^272 |
| 143 | ov_143 | 1.763244257997679 × 10^272 |
| 144 | ov_144 | 1.3707194414893382 × 10^272 |
| 145 | ov_145 | 1.0513494880647919 × 10^272 |
| 146 | ov_146 | 7.951567630648757 × 10^271 |
| 147 | ov_147 | 5.927908343207055 × 10^271 |
| 148 | ov_148 | 4.355262349747204 × 10^271 |
| 149 | ov_149 | 3.15260992252767 × 10^271 |
| 150 | ov_150 | 2.245155799441683 × 10^271 |
| 151 | ov_151 | 1.5643211671741166 × 10^271 |
| 152 | ov_152 | 1.0477375442756345 × 10^271 |
| 153 | ov_153 | 6.657726186717138 × 10^270 |
| 154 | ov_154 | 3.918960656267354 × 10^270 |
| 155 | ov_155 | 2.0267828163858325 × 10^270 |
| 156 | aaa_76_25 | 7.778964581361074 × 10^269 |
| 157 | aaa_76_26 | 4.4821480056823404 × 10^269 |
| 158 | aaa_76_27 | 2.288493272302076 × 10^269 |
| 159 | aaa_76_28 | 8.880816780559982 × 10^268 |
| 160 | aaa_76_29 | 2.6916601232999764 × 10^268 |

### Output Bits Sorted by Complexity

| Rank | Output Bit | Complexity |
|:----:|:----------:|:----------:|
| 160 | aaa_76_29 | 2.6916601232999764 × 10^268 |
| 159 | aaa_76_28 | 8.880816780559982 × 10^268 |
| 158 | aaa_76_27 | 2.288493272302076 × 10^269 |
| 157 | aaa_76_26 | 4.4821480056823404 × 10^269 |
| 156 | aaa_76_25 | 7.778964581361074 × 10^269 |
| 155 | ov_155 | 2.0267828163858325 × 10^270 |
| 154 | ov_154 | 3.918960656267354 × 10^270 |
| 153 | ov_153 | 6.657726186717138 × 10^270 |
| 152 | ov_152 | 1.0477375442756345 × 10^271 |
| 151 | ov_151 | 1.5643211671741166 × 10^271 |
| 150 | ov_150 | 2.245155799441683 × 10^271 |
| 149 | ov_149 | 3.15260992252767 × 10^271 |
| 148 | ov_148 | 4.355262349747204 × 10^271 |
| 147 | ov_147 | 5.927908343207055 × 10^271 |
| 146 | ov_146 | 7.951567630648757 × 10^271 |
| 145 | ov_145 | 1.0513494880647919 × 10^272 |
| 144 | ov_144 | 1.3707194414893382 × 10^272 |
| 143 | ov_143 | 1.763244257997679 × 10^272 |
| 142 | ov_142 | 2.2395322115848575 × 10^272 |
| 141 | ov_141 | 2.8108273688028894 × 10^272 |
| 140 | ov_140 | 3.489017100470466 × 10^272 |
| 139 | ov_139 | 4.286642683905467 × 10^272 |
| 138 | ov_138 | 5.216913782175289 × 10^272 |
| 137 | ov_137 | 6.293727641467093 × 10^272 |
| 136 | ov_136 | 7.531693902482194 × 10^272 |
| 135 | ov_135 | 8.946165976833348 × 10^272 |
| 134 | ov_134 | 1.055327999488999 × 10^273 |
| 133 | ov_133 | 1.2370002387554867 × 10^273 |
| 132 | ov_132 | 1.4414187221314638 × 10^273 |
| 131 | ov_131 | 1.670464446391502 × 10^273 |
| 130 | ov_130 | 1.6704657040666643 × 10^273 |
| 129 | ov_129 | 1.6704709286334085 × 10^273 |
| 128 | aaa_77_29 | 1.8339124931346182 × 10^273 |
| 127 | aaa_77_28 | 4.8993943940673894 × 10^273 |
| 126 | ov_126 | 1.5359000845787353 × 10^274 |
| 125 | ov_125 | 3.4536060705905288 × 10^274 |
| 124 | ov_124 | 6.581686879719615 × 10^274 |
| 123 | ov_123 | 1.1258775857842158 × 10^275 |
| 122 | ov_122 | 1.7823521139297955 × 10^275 |
| 121 | ov_121 | 2.661461419927039 × 10^275 |
| 120 | ov_120 | 3.797084598860475 × 10^275 |
| 119 | ov_119 | 5.2231197780201955 × 10^275 |
| 118 | ov_118 | 6.973497614233664 × 10^275 |
| 117 | ov_117 | 9.082200443674719 × 10^275 |
| 116 | ov_116 | 1.1583288323953752 × 10^276 |
| 115 | ov_115 | 1.4510933208336912 × 10^276 |
| 114 | ov_114 | 1.789946249217111 × 10^276 |
| 113 | ov_113 | 2.1783413171917111 × 10^276 |
| 112 | ov_112 | 2.6197600820905276 × 10^276 |
| 111 | ov_111 | 3.117721086030699 × 10^276 |
| 110 | ov_110 | 3.675791726267733 × 10^276 |
| 109 | ov_109 | 4.2976031174866 × 10^276 |
| 108 | ov_108 | 4.9868681950356104 × 10^276 |
| 107 | ov_107 | 5.747403308545875 × 10^276 |
| 106 | ov_106 | 6.583153556001885 × 10^276 |
| 105 | ov_105 | 7.498222109267036 × 10^276 |
| 104 | ov_104 | 8.496903783494418 × 10^276 |
| 103 | ov_103 | 9.583723104978739 × 10^276 |
| 102 | ov_102 | 1.0763477135083309 × 10^277 |
| 101 | ov_101 | 1.2041283312195673 × 10^277 |
| 100 | ov_100 | 1.3422632579532046 × 10^277 |
| 99 | ov_099 | 1.4913448074369758 × 10^277 |
| 98 | ov_098 | 1.4913589521577179 × 10^277 |
| 97 | ov_097 | 1.4914033127393864 × 10^277 |
| 96 | aaa_78_29 | 2.2577916283761964 × 10^277 |
| 95 | aaa_78_28 | 7.351124258427011 × 10^277 |
| 94 | ov_094 | 2.3804607722115484 × 10^278 |
| 93 | ov_093 | 5.556966357600761 × 10^278 |
| 92 | ov_092 | 1.1120484600427241 × 10^279 |
| 91 | ov_091 | 2.016183367727312 × 10^279 |
| 90 | ov_090 | 3.400688468281654 × 10^279 |
| 89 | ov_089 | 5.42167826306295 × 10^279 |
| 88 | ov_088 | 8.258839652174354 × 10^279 |
| 87 | ov_087 | 1.211551204454323 × 10^280 |
| 86 | ov_086 | 1.721881588844676 × 10^280 |
| 85 | ov_085 | 2.4046963617686893 × 10^280 |
| 84 | ov_084 | 3.312637675427095 × 10^280 |
| 83 | ov_083 | 4.503230700260834 × 10^280 |
| 82 | ov_082 | 6.038964903279782 × 10^280 |
| 81 | ov_081 | 7.987397207238556 × 10^280 |
| 80 | ov_080 | 1.042127974481035 × 10^281 |
| 64 | lv_79_m31 | 1.1037070885535085 × 10^281 |
| 79 | ov_079 | 1.3418714925453529 × 10^281 |
| 78 | ov_078 | 1.706334053804207 × 10^281 |
| 77 | ov_077 | 2.1444547620141034 × 10^281 |
| 76 | ov_076 | 2.665773383575233 × 10^281 |
| 75 | ov_075 | 3.2804595118263115 × 10^281 |
| 74 | ov_074 | 3.999345835527973 × 10^281 |
| 73 | ov_073 | 4.833965791851679 × 10^281 |
| 63 | ov_063 | 5.673522173707563 × 10^281 |
| 72 | ov_072 | 5.796595887687544 × 10^281 |
| 71 | ov_071 | 6.900302977655278 × 10^281 |
| 70 | ov_070 | 8.158996793097147 × 10^281 |
| 69 | ov_069 | 9.587488023819667 × 10^281 |
| 68 | ov_068 | 1.1201552263721042 × 10^282 |
| 67 | ov_067 | 1.3018000143003423 × 10^282 |
| 66 | ov_066 | 1.3018011011196624 × 10^282 |
| 65 | ov_065 | 1.3018055413316581 × 10^282 |
| 62 | ov_062 | 2.9157355216176464 × 10^282 |
| 61 | ov_061 | 1.064531234803623 × 10^283 |
| 60 | ov_060 | 3.0521526700479574 × 10^283 |
| 59 | ov_059 | 7.375747877553071 × 10^283 |
| 58 | ov_058 | 1.4987063514699616 × 10^284 |
| 57 | ov_057 | 2.7104632320681494 × 10^284 |
| 56 | ov_056 | 4.521378544628268 × 10^284 |
| 55 | ov_055 | 7.1066685894 × 10^284 |
| 54 | ov_054 | 1.066824005766954 × 10^285 |
| 53 | ov_053 | 1.5434703598214002 × 10^285 |
| 52 | ov_052 | 2.1661397167931013 × 10^285 |
| 51 | ov_051 | 2.9630423530142047 × 10^285 |
| 50 | ov_050 | 3.9932809967732456 × 10^285 |
| 49 | ov_049 | 5.3213309922572425 × 10^285 |
| 48 | ov_048 | 6.98347722513063 × 10^285 |
| 47 | ov_047 | 9.055007115325087 × 10^285 |
| 32 | lv_80_m31 | 1.0955506578571424 × 10^286 |
| 46 | ov_046 | 1.1616664272962927 × 10^286 |
| 45 | ov_045 | 1.475469723212394 × 10^286 |
| 44 | ov_044 | 1.8560924186527072 × 10^286 |
| 43 | ov_043 | 2.313281813528216 × 10^286 |
| 42 | ov_042 | 2.8573617241170344 × 10^286 |
| 41 | ov_041 | 3.4992465605647412 × 10^286 |
| 40 | ov_040 | 4.2448521873500337 × 10^286 |
| 39 | ov_039 | 5.100415586914557 × 10^286 |
| 31 | ov_031 | 5.615436719529486 × 10^286 |
| 38 | ov_038 | 6.072509527922898 × 10^286 |
| 37 | ov_037 | 7.168060185888562 × 10^286 |
| 36 | ov_036 | 8.401294273563554 × 10^286 |
| 35 | ov_035 | 9.787211923394375 × 10^286 |
| 34 | ov_034 | 1.133394065985757 × 10^287 |
| 33 | ov_033 | 1.3058196969291271 × 10^287 |
| 30 | ov_030 | 2.878060088195812 × 10^287 |
| 29 | ov_029 | 9.412061915054859 × 10^287 |
| 28 | ov_028 | 2.4419721836250038 × 10^288 |
| 27 | ov_027 | 5.4559952865412926 × 10^288 |
| 26 | ov_026 | 1.0906684076778773 × 10^289 |
| 25 | ov_025 | 1.9974967781074911 × 10^289 |
| 24 | ov_024 | 3.409930916345463 × 10^289 |
| 23 | ov_023 | 5.49757422146762 × 10^289 |
| 22 | ov_022 | 8.455796287845306 × 10^289 |
| 21 | ov_021 | 1.2701120746799468 × 10^290 |
| 20 | ov_020 | 1.870167178016834 × 10^290 |
| 19 | ov_019 | 2.6977255743363787 × 10^290 |
| 18 | ov_018 | 3.8099485314626456 × 10^290 |
| 17 | ov_017 | 5.269195912094336 × 10^290 |
| 16 | ov_016 | 7.143051192619633 × 10^290 |
| 15 | ov_015 | 9.504355260308392 × 10^290 |
| 14 | ov_014 | 1.2431250924789053 × 10^291 |
| 13 | ov_013 | 1.6007240575826454 × 10^291 |
| 12 | ov_012 | 2.03212605069425 × 10^291 |
| 11 | ov_011 | 2.5467776257238207 × 10^291 |
| 10 | ov_010 | 3.154690333819479 × 10^291 |
| 9 | ov_009 | 3.866455814488633 × 10^291 |
| 8 | ov_008 | 4.693264495794832 × 10^291 |
| 7 | ov_007 | 5.646928571720629 × 10^291 |
| 6 | ov_006 | 6.739909969122218 × 10^291 |
| 5 | ov_005 | 7.985354061645654 × 10^291 |
| 4 | ov_004 | 9.397129933710572 × 10^291 |
| 3 | ov_003 | 1.098987798835067 × 10^292 |
| 2 | ov_002 | 1.2779065569438638 × 10^292 |
| 1 | ov_001 | 1.4781051137765012 × 10^292 |

