# Results for F001-F002-F003-F004-F005-F006-F007-F008-F009-F010-F011-F012-F013-F014-F015-F016-F017-F018-F019-F020-F021-F022-F023-F024-F025-F026-F027-F028-F029-F030-F031-F032-F033-F034-F035-F036-F037-F038-F039-F040-F041-F042-F043-F044-F045-F046-F047-F048-F049-F050-F051-F052-F053-F054-F055-F056-F057-F058-F059-F060-F061-F062-F063-F064-F065-F066-F067-F068-F069-F070-F071-F072-F073-F074-F075-F076-F077-F078-F079-F080-F081-F082-F083-F084-F085-F086-F087-F088-F089-F090-F091-F092-F093-F094-F095-F096-F097-F098-F099-F100-F101-F102-F103-F104-F105-F106-F107-F108-F109-F110-F111-F112-F113-F114-F115-F116-F117-F118-F119-F120-F121-F122-F123-F124-F125-F126-F127-F128-F129-F130-F131-F132-F133-F134-F135-F136-F137-F138-F139-F140-F141-F142-F143-F144-F145-F146-F147-F148-F149-F150-F151-F152-F153-F154-F155-F156-F157-F158-F159-F160-F161-F162-F163-F164-F165-F166-F167-F168-F169-F170-F171-F172-F173-F174-F175-F176-F177-F178-F179-F180-F181-F182-F183-F184-F185-F186-F187-F188-F189-F190-F191-F192-F193-F194-F195-F196-F197-F198-F199-F200-F201-F202-F203-F204-F205-F206-F207-F208-F209-F210-F211-F212-F213-F214-F215-F216-F217-F218-F219-F220-F221-F222-F223-F224-F225-F226-F227-F228-F229-F230-F231-F232-F233-F234-F235-F236-F237-F238-F239-F240-F241-F242-F243-F244-F245-F246-F247-F248-F249-F250-F251-F252-F253-F254-F255-F256-F257-F258-F259-F260-F261-F262-F263-F264-F265-F266-F267-F268-F269-F270-F271-F272-F273-F274-F275-F276-F277-F278-F279-F280-F281-F282-F283-F284-F285-F286-F287-F288-F289-F290-F291-F292-F293-F294-F295-F296-F297-F298-F299-F300-F301-F302-F303-F304-F305-F306-F307-F308-F309-F310-F311-F312-F313-F314-F315-F316-F317-F318-F319-F320-F321-F322-F323-F324-F325-F326-F327-F328-F329-F330-F331-F332-F333-F334-F335-F336-F337-F338-F339-F340-F341-F342-F343-F344-F345-F346-F347-F348-F349-F350-F351-F352-F353-F354-F355-F356-F357-F358-F359-F360-F361-F362-F363-F364-F365-F366-F367-F368-F369-F370-F371-F372-F373-F374-F375-F376-F377-F378-F379-F380-F381-F382-F383-F384-F385-F386-F387-F388-F389-F390-F391-F392-F393-F394-F395-F396-F397-F398-F399-F400-F401-F402-F403-F404-F405-F406-F407-F408-F409-F410-F411-F412-F413-F414-F415-F416-F417-F418-F419-F420-F421-F422-F423-F424-F425-F426-F427-F428-F429-F430-F431-F432-F433-F434-F435-F436-F437-F438-F439-F440-F441-F442-F443-F444-F445-F446-F447-F448-F449-F450-F451-F452-F453-F454-F455-F456-F457-F458-F459-F460-F461-F462-F463-F464-F465-F466-F467-F468-F469-F470-F471-F472-F473-F474-F475-F476-F477-F478-F479-F480-F481-F482-F483-F484-F485-F486-F487-F488-F489-F490-F491-F492-F493-F494-F495-F496-E499504-F507-F508-F509-F510-F511-F512

## Summary

Number of input bits: 512  
Number of free input bits: 9  
Number of output bits: 160

Number of direct occurrences: 35801  
Number of assignments: 30489  
Number of operations: 10552350
(xor: 10524598,
and: 14704,
or: 13048)

Total complexity: 8.474046650717283 × 10^293

Least occurring input variable: iv_502 (3807)  
Most occurring input variable: iv_497 (4062)

Most co-occurring input variables: iv_500-iv_501 (1991)  
Least co-occurring input variables: iv_498-iv_502 (1763)

Potentially most occurring input variable: iv_499/iv_503 (4443)  
Potentially least occurring input variable: iv_500/iv_501 (4037)

Least output occurring input variable: iv_502 (70)  
Most output occurring input variable: iv_497 (93)

Most output co-occurring input variables: iv_497-iv_501 (55)  
Least output co-occurring input variables: iv_498-iv_500 (29)

Potentially most output occurring input variable: iv_499/iv_503 (95)  
Potentially least output occurring input variable: iv_497/iv_501 (65)

Least complex input bit: iv_497 (5.5297420848640234 × 10^291)  
Most complex input bit: iv_505 (2.6741341179463647 × 10^293)

Least complex output bit: aaa_76_29 (2.445561381619851 × 10^269)  
Most complex output bit: ov_001 (1.3789878302424171 × 10^293)

Least complex input/output complexity: iv_497/aaa_76_29 (1.595851928891234 × 10^267)  
Most complex input/output complexity: iv_505/ov_001 (4.35163807455785 × 10^292)

## Input Bits

### Input Bits in Regular Order

| Input Bit | Complexity | Occurrences | Output Occurrences |
|:---------:|:----------:|:-----------:|:------------------:|
| iv_497 | 5.5297420848640234 × 10^291 | 4062 | 93 |
| iv_498 | 1.081277986319301 × 10^292 | 3939 | 74 |
| iv_499 | 2.25700290191094 × 10^293 | 4030 | 80 |
| iv_500 | 3.15546164192079 × 10^292 | 4031 | 76 |
| iv_501 | 5.182798693225445 × 10^292 | 3988 | 82 |
| iv_502 | 8.340466490519602 × 10^292 | 3807 | 70 |
| iv_503 | 1.3252756281741793 × 10^293 | 3993 | 79 |
| iv_505 | 2.6741341179463647 × 10^293 | 4012 | 83 |
| iv_506 | 3.8633610063865256 × 10^292 | 3939 | 77 |

### Input Bits Sorted by Complexity

| Input Bit | Complexity | Occurrences | Output Occurrences |
|:---------:|:----------:|:-----------:|:------------------:|
| iv_497 | 5.5297420848640234 × 10^291 | 4062 | 93 |
| iv_498 | 1.081277986319301 × 10^292 | 3939 | 74 |
| iv_500 | 3.15546164192079 × 10^292 | 4031 | 76 |
| iv_506 | 3.8633610063865256 × 10^292 | 3939 | 77 |
| iv_501 | 5.182798693225445 × 10^292 | 3988 | 82 |
| iv_502 | 8.340466490519602 × 10^292 | 3807 | 70 |
| iv_503 | 1.3252756281741793 × 10^293 | 3993 | 79 |
| iv_499 | 2.25700290191094 × 10^293 | 4030 | 80 |
| iv_505 | 2.6741341179463647 × 10^293 | 4012 | 83 |

### Input Bits Sorted by Occurrences

| Input Bit | Complexity | Occurrences | Output Occurrences |
|:---------:|:----------:|:-----------:|:------------------:|
| iv_502 | 8.340466490519602 × 10^292 | 3807 | 70 |
| iv_498 | 1.081277986319301 × 10^292 | 3939 | 74 |
| iv_506 | 3.8633610063865256 × 10^292 | 3939 | 77 |
| iv_501 | 5.182798693225445 × 10^292 | 3988 | 82 |
| iv_503 | 1.3252756281741793 × 10^293 | 3993 | 79 |
| iv_505 | 2.6741341179463647 × 10^293 | 4012 | 83 |
| iv_499 | 2.25700290191094 × 10^293 | 4030 | 80 |
| iv_500 | 3.15546164192079 × 10^292 | 4031 | 76 |
| iv_497 | 5.5297420848640234 × 10^291 | 4062 | 93 |

### Input Bits Sorted by Output Occurrences

| Input Bit | Complexity | Occurrences | Output Occurrences |
|:---------:|:----------:|:-----------:|:------------------:|
| iv_502 | 8.340466490519602 × 10^292 | 3807 | 70 |
| iv_498 | 1.081277986319301 × 10^292 | 3939 | 74 |
| iv_500 | 3.15546164192079 × 10^292 | 4031 | 76 |
| iv_506 | 3.8633610063865256 × 10^292 | 3939 | 77 |
| iv_503 | 1.3252756281741793 × 10^293 | 3993 | 79 |
| iv_499 | 2.25700290191094 × 10^293 | 4030 | 80 |
| iv_501 | 5.182798693225445 × 10^292 | 3988 | 82 |
| iv_505 | 2.6741341179463647 × 10^293 | 4012 | 83 |
| iv_497 | 5.5297420848640234 × 10^291 | 4062 | 93 |

## Input Bit Co-occurrences

### Input Bit Co-occurrences Sorted by Co-occurrences

| Input Bits | Co-occurrences | Potential Occurrences | Output Co-occurrences | Potential Output Occurrences |
|:----------:|:--------------:|:---------------------:|:---------------------:|:----------------------------:|
| iv_500-iv_501 | 1991 | 4037 | 39 | 80 |
| iv_497-iv_505 | 1961 | 4152 | 48 | 80 |
| iv_497-iv_500 | 1944 | 4205 | 39 | 91 |
| iv_499-iv_505 | 1940 | 4162 | 37 | 89 |
| iv_497-iv_503 | 1940 | 4175 | 53 | 66 |
| iv_501-iv_505 | 1932 | 4136 | 48 | 69 |
| iv_497-iv_501 | 1931 | 4188 | 55 | 65 |
| iv_500-iv_506 | 1921 | 4128 | 37 | 79 |
| iv_500-iv_505 | 1919 | 4205 | 46 | 67 |

### Input Bit Co-occurrences Sorted by Potential Occurrences

| Input Bits | Co-occurrences | Potential Occurrences | Output Co-occurrences | Potential Output Occurrences |
|:----------:|:--------------:|:---------------------:|:---------------------:|:----------------------------:|
| iv_500-iv_501 | 1991 | 4037 | 39 | 80 |
| iv_500-iv_502 | 1871 | 4096 | 33 | 80 |
| iv_497-iv_502 | 1873 | 4123 | 39 | 85 |
| iv_500-iv_506 | 1921 | 4128 | 37 | 79 |
| iv_501-iv_505 | 1932 | 4136 | 48 | 69 |
| iv_501-iv_502 | 1828 | 4139 | 34 | 84 |
| iv_502-iv_506 | 1803 | 4140 | 34 | 79 |
| iv_503-iv_506 | 1891 | 4150 | 36 | 84 |
| iv_497-iv_505 | 1961 | 4152 | 48 | 80 |

### Input Bit Output Co-occurrences Sorted by Output Co-occurrences

| Input Bits | Co-occurrences | Potential Occurrences | Output Co-occurrences | Potential Output Occurrences |
|:----------:|:--------------:|:---------------------:|:---------------------:|:----------------------------:|
| iv_497-iv_501 | 1931 | 4188 | 55 | 65 |
| iv_497-iv_503 | 1940 | 4175 | 53 | 66 |
| iv_497-iv_506 | 1914 | 4173 | 50 | 70 |
| iv_497-iv_505 | 1961 | 4152 | 48 | 80 |
| iv_501-iv_505 | 1932 | 4136 | 48 | 69 |
| iv_500-iv_505 | 1919 | 4205 | 46 | 67 |
| iv_497-iv_499 | 1879 | 4334 | 46 | 81 |
| iv_501-iv_503 | 1907 | 4167 | 44 | 73 |
| iv_502-iv_505 | 1832 | 4155 | 42 | 69 |

### Input Bit Output Co-occurrences Sorted by Potential Output Occurrences

| Input Bits | Co-occurrences | Potential Occurrences | Output Co-occurrences | Potential Output Occurrences |
|:----------:|:--------------:|:---------------------:|:---------------------:|:----------------------------:|
| iv_497-iv_501 | 1931 | 4188 | 55 | 65 |
| iv_497-iv_503 | 1940 | 4175 | 53 | 66 |
| iv_500-iv_505 | 1919 | 4205 | 46 | 67 |
| iv_502-iv_505 | 1832 | 4155 | 42 | 69 |
| iv_501-iv_505 | 1932 | 4136 | 48 | 69 |
| iv_497-iv_506 | 1914 | 4173 | 50 | 70 |
| iv_501-iv_503 | 1907 | 4167 | 44 | 73 |
| iv_498-iv_506 | 1857 | 4164 | 39 | 73 |
| iv_501-iv_506 | 1837 | 4253 | 41 | 77 |

## Output Bits

### Output Bits in Regular Order

| Rank | Output Bit | Complexity |
|:----:|:----------:|:----------:|
| 1 | ov_001 | 1.3789878302424171 × 10^293 |
| 2 | ov_002 | 1.1922343829608629 × 10^293 |
| 3 | ov_003 | 1.0253271877107307 × 10^293 |
| 4 | ov_004 | 8.767410740910752 × 10^292 |
| 5 | ov_005 | 7.45034009590233 × 10^292 |
| 6 | ov_006 | 6.288410934151209 × 10^292 |
| 7 | ov_007 | 5.268693444285829 × 10^292 |
| 8 | ov_008 | 4.3789323463758054 × 10^292 |
| 9 | ov_009 | 3.6075090787855224 × 10^292 |
| 10 | ov_010 | 2.9434101225158965 × 10^292 |
| 11 | ov_011 | 2.376200740164794 × 10^292 |
| 12 | ov_012 | 1.8960034478032717 × 10^292 |
| 13 | ov_013 | 1.493480578518573 × 10^292 |
| 14 | ov_014 | 1.1598203362806234 × 10^292 |
| 15 | ov_015 | 8.867257782786713 × 10^291 |
| 16 | ov_016 | 6.664062030515434 × 10^291 |
| 17 | ov_017 | 4.915704606779305 × 10^291 |
| 18 | ov_018 | 3.554217630464113 × 10^291 |
| 19 | ov_019 | 2.5165367741383945 × 10^291 |
| 20 | ov_020 | 1.7444708434810787 × 10^291 |
| 21 | ov_021 | 1.1846792580570986 × 10^291 |
| 22 | ov_022 | 7.886558833427032 × 10^290 |
| 23 | ov_023 | 5.127178561598073 × 10^290 |
| 24 | ov_024 | 3.179982378579579 × 10^290 |
| 25 | ov_025 | 1.8626682770127545 × 10^290 |
| 26 | ov_026 | 1.016983197118142 × 10^290 |
| 27 | ov_027 | 5.087148605168974 × 10^289 |
| 28 | ov_028 | 2.276883778421411 × 10^289 |
| 29 | ov_029 | 8.776508878705488 × 10^288 |
| 30 | ov_030 | 2.6842258320197212 × 10^288 |
| 31 | ov_031 | 5.238800817330224 × 10^287 |
| 32 | lv_80_m31 | 1.022370053539858 × 10^287 |
| 33 | ov_033 | 1.2185470702488642 × 10^288 |
| 34 | ov_034 | 1.057125595714021 × 10^288 |
| 35 | ov_035 | 9.12678544172617 × 10^287 |
| 36 | ov_036 | 7.837012804978232 × 10^287 |
| 37 | ov_037 | 6.687692202190786 × 10^287 |
| 38 | ov_038 | 5.6653221485532564 × 10^287 |
| 39 | ov_039 | 4.7570973040093905 × 10^287 |
| 40 | ov_040 | 3.9567834775698206 × 10^287 |
| 41 | ov_041 | 3.258464575296741 × 10^287 |
| 42 | ov_042 | 2.6565267403982515 × 10^287 |
| 43 | ov_043 | 2.145645150705284 × 10^287 |
| 44 | ov_044 | 1.7159958308657104 × 10^287 |
| 45 | ov_045 | 1.358286393248123 × 10^287 |
| 46 | ov_046 | 1.0637433672347248 × 10^287 |
| 47 | ov_047 | 8.241022662449414 × 10^286 |
| 48 | ov_048 | 6.31599924067867 × 10^286 |
| 49 | ov_049 | 4.789686682432573 × 10^286 |
| 50 | ov_050 | 3.594319337229976 × 10^286 |
| 51 | ov_051 | 2.6670097331753326 × 10^286 |
| 52 | ov_052 | 1.9497240878595354 × 10^286 |
| 53 | ov_053 | 1.3892644711860592 × 10^286 |
| 54 | ov_054 | 9.602390215205628 × 10^285 |
| 55 | ov_055 | 6.396649582551126 × 10^285 |
| 56 | ov_056 | 4.0696520675720774 × 10^285 |
| 57 | ov_057 | 2.4396629669030743 × 10^285 |
| 58 | ov_058 | 1.3489714096422265 × 10^285 |
| 59 | ov_059 | 6.638838717220289 × 10^284 |
| 60 | ov_060 | 2.747211661413014 × 10^284 |
| 61 | ov_061 | 9.58173332281636 × 10^283 |
| 62 | ov_062 | 2.624421568929473 × 10^283 |
| 63 | ov_063 | 5.106672563130402 × 10^282 |
| 64 | lv_79_m31 | 9.934336604922124 × 10^281 |
| 65 | ov_065 | 1.1717370634028363 × 10^283 |
| 66 | ov_066 | 1.1717330670273688 × 10^283 |
| 67 | ov_067 | 1.1717320888466335 × 10^283 |
| 68 | ov_068 | 1.0082343442502282 × 10^283 |
| 69 | ov_069 | 8.629533752556805 × 10^282 |
| 70 | ov_070 | 7.343760011883075 × 10^282 |
| 71 | ov_071 | 6.210822094387527 × 10^282 |
| 72 | ov_072 | 5.2173884326156974 × 10^282 |
| 73 | ov_073 | 4.3509384634008185 × 10^282 |
| 74 | ov_074 | 3.599710350617024 × 10^282 |
| 75 | ov_075 | 2.9526537049428033 × 10^282 |
| 76 | ov_076 | 2.39938702900589 × 10^282 |
| 77 | ov_077 | 1.930159623050505 × 10^282 |
| 78 | ov_078 | 1.5358176916036036 × 10^282 |
| 79 | ov_079 | 1.2077743957544894 × 10^282 |
| 80 | ov_080 | 9.379835988275567 × 10^281 |
| 81 | ov_081 | 7.1891705562621 × 10^281 |
| 82 | ov_082 | 5.435447972325741 × 10^281 |
| 83 | ov_083 | 4.053184646977431 × 10^281 |
| 84 | ov_084 | 2.98157345948622 × 10^281 |
| 85 | ov_085 | 2.1643687094499576 × 10^281 |
| 86 | ov_086 | 1.5497932060764329 × 10^281 |
| 87 | ov_087 | 1.0904650535951533 × 10^281 |
| 88 | ov_088 | 7.433416932262979 × 10^280 |
| 89 | ov_089 | 4.879806873954295 × 10^280 |
| 90 | ov_090 | 3.060801120084312 × 10^280 |
| 91 | ov_091 | 1.8146696711261445 × 10^280 |
| 92 | ov_092 | 1.0008994974048253 × 10^280 |
| 93 | ov_093 | 5.0015390868326295 × 10^279 |
| 94 | ov_094 | 2.1425258793846905 × 10^279 |
| 95 | aaa_78_28 | 6.616344015560167 × 10^278 |
| 96 | aaa_78_29 | 2.032110033660715 × 10^278 |
| 97 | ov_097 | 1.3424544179129302 × 10^278 |
| 98 | ov_098 | 1.342414279428515 × 10^278 |
| 99 | ov_099 | 1.3424014810159679 × 10^278 |
| 100 | ov_100 | 1.208214173255758 × 10^278 |
| 101 | ov_101 | 1.0838826813849697 × 10^278 |
| 102 | ov_102 | 9.688728149120918 × 10^277 |
| 103 | ov_103 | 8.626894892000163 × 10^277 |
| 104 | ov_104 | 7.648714155552582 × 10^277 |
| 105 | ov_105 | 6.749862946192015 × 10^277 |
| 106 | ov_106 | 5.926264880326024 × 10^277 |
| 107 | ov_107 | 5.174051440785619 × 10^277 |
| 108 | ov_108 | 4.489527535675603 × 10^277 |
| 109 | ov_109 | 3.869141126411658 × 10^277 |
| 110 | ov_110 | 3.3094566946539906 × 10^277 |
| 111 | ov_111 | 2.8071323198608106 × 10^277 |
| 112 | ov_112 | 2.3589001405054524 × 10^277 |
| 113 | ov_113 | 1.9615499728443126 × 10^277 |
| 114 | ov_114 | 1.611915861671195 × 10^277 |
| 115 | ov_115 | 1.3068653378762596 × 10^277 |
| 116 | ov_116 | 1.0432911579135143 × 10^277 |
| 117 | ov_117 | 8.18105060443914 × 10^276 |
| 118 | ov_118 | 6.28232863571093 × 10^276 |
| 119 | ov_119 | 4.7061052233345705 × 10^276 |
| 120 | ov_120 | 3.4218103427026104 × 10^276 |
| 121 | ov_121 | 2.3989208090782983 × 10^276 |
| 122 | ov_122 | 1.6069429302592687 × 10^276 |
| 123 | ov_123 | 1.015400275681391 × 10^276 |
| 124 | ov_124 | 5.938254406494783 × 10^275 |
| 125 | ov_125 | 3.1175495482210228 × 10^275 |
| 126 | ov_126 | 1.3872669102850564 × 10^275 |
| 127 | aaa_77_28 | 4.427887320118692 × 10^274 |
| 128 | aaa_77_29 | 1.6586249270861722 × 10^274 |
| 129 | ov_129 | 1.507105898225128 × 10^274 |
| 130 | ov_130 | 1.50710114850316 × 10^274 |
| 131 | ov_131 | 1.5071000042595873 × 10^274 |
| 132 | ov_132 | 1.3020795766186268 × 10^274 |
| 133 | ov_133 | 1.1186035156180478 × 10^274 |
| 134 | ov_134 | 9.549663074925315 × 10^273 |
| 135 | ov_135 | 8.09549714322613 × 10^273 |
| 136 | ov_136 | 6.815655888376818 × 10^273 |
| 137 | ov_137 | 5.695524429994729 × 10^273 |
| 138 | ov_138 | 4.721201226499916 × 10^273 |
| 139 | ov_139 | 3.879461867770386 × 10^273 |
| 140 | ov_140 | 3.1577297432139574 × 10^273 |
| 141 | ov_141 | 2.5440527046628277 × 10^273 |
| 142 | ov_142 | 2.0270848919655567 × 10^273 |
| 143 | ov_143 | 1.5960729372855046 × 10^273 |
| 144 | ov_144 | 1.240845812024698 × 10^273 |
| 145 | ov_145 | 9.51807628043658 × 10^272 |
| 146 | ov_146 | 7.19932752479106 × 10^272 |
| 147 | ov_147 | 5.3676264299734935 × 10^272 |
| 148 | ov_148 | 3.9440385778097584 × 10^272 |
| 149 | ov_149 | 2.855267671723454 × 10^272 |
| 150 | ov_150 | 2.033646362421667 × 10^272 |
| 151 | ov_151 | 1.4171292257967693 × 10^272 |
| 152 | ov_152 | 9.49287404263428 × 10^271 |
| 153 | ov_153 | 6.033100374011318 × 10^271 |
| 154 | ov_154 | 3.5519176288427292 × 10^271 |
| 155 | ov_155 | 1.8373160665906016 × 10^271 |
| 156 | aaa_76_25 | 7.05323353431554 × 10^270 |
| 157 | aaa_76_26 | 4.0656176862583475 × 10^270 |
| 158 | aaa_76_27 | 2.0767736935635096 × 10^270 |
| 159 | aaa_76_28 | 8.063973140499972 × 10^269 |
| 160 | aaa_76_29 | 2.445561381619851 × 10^269 |

### Output Bits Sorted by Complexity

| Rank | Output Bit | Complexity |
|:----:|:----------:|:----------:|
| 160 | aaa_76_29 | 2.445561381619851 × 10^269 |
| 159 | aaa_76_28 | 8.063973140499972 × 10^269 |
| 158 | aaa_76_27 | 2.0767736935635096 × 10^270 |
| 157 | aaa_76_26 | 4.0656176862583475 × 10^270 |
| 156 | aaa_76_25 | 7.05323353431554 × 10^270 |
| 155 | ov_155 | 1.8373160665906016 × 10^271 |
| 154 | ov_154 | 3.5519176288427292 × 10^271 |
| 153 | ov_153 | 6.033100374011318 × 10^271 |
| 152 | ov_152 | 9.49287404263428 × 10^271 |
| 151 | ov_151 | 1.4171292257967693 × 10^272 |
| 150 | ov_150 | 2.033646362421667 × 10^272 |
| 149 | ov_149 | 2.855267671723454 × 10^272 |
| 148 | ov_148 | 3.9440385778097584 × 10^272 |
| 147 | ov_147 | 5.3676264299734935 × 10^272 |
| 146 | ov_146 | 7.19932752479106 × 10^272 |
| 145 | ov_145 | 9.51807628043658 × 10^272 |
| 144 | ov_144 | 1.240845812024698 × 10^273 |
| 143 | ov_143 | 1.5960729372855046 × 10^273 |
| 142 | ov_142 | 2.0270848919655567 × 10^273 |
| 141 | ov_141 | 2.5440527046628277 × 10^273 |
| 140 | ov_140 | 3.1577297432139574 × 10^273 |
| 139 | ov_139 | 3.879461867770386 × 10^273 |
| 138 | ov_138 | 4.721201226499916 × 10^273 |
| 137 | ov_137 | 5.695524429994729 × 10^273 |
| 136 | ov_136 | 6.815655888376818 × 10^273 |
| 135 | ov_135 | 8.09549714322613 × 10^273 |
| 134 | ov_134 | 9.549663074925315 × 10^273 |
| 133 | ov_133 | 1.1186035156180478 × 10^274 |
| 132 | ov_132 | 1.3020795766186268 × 10^274 |
| 131 | ov_131 | 1.5071000042595873 × 10^274 |
| 130 | ov_130 | 1.50710114850316 × 10^274 |
| 129 | ov_129 | 1.507105898225128 × 10^274 |
| 128 | aaa_77_29 | 1.6586249270861722 × 10^274 |
| 127 | aaa_77_28 | 4.427887320118692 × 10^274 |
| 126 | ov_126 | 1.3872669102850564 × 10^275 |
| 125 | ov_125 | 3.1175495482210228 × 10^275 |
| 124 | ov_124 | 5.938254406494783 × 10^275 |
| 123 | ov_123 | 1.015400275681391 × 10^276 |
| 122 | ov_122 | 1.6069429302592687 × 10^276 |
| 121 | ov_121 | 2.3989208090782983 × 10^276 |
| 120 | ov_120 | 3.4218103427026104 × 10^276 |
| 119 | ov_119 | 4.7061052233345705 × 10^276 |
| 118 | ov_118 | 6.28232863571093 × 10^276 |
| 117 | ov_117 | 8.18105060443914 × 10^276 |
| 116 | ov_116 | 1.0432911579135143 × 10^277 |
| 115 | ov_115 | 1.3068653378762596 × 10^277 |
| 114 | ov_114 | 1.611915861671195 × 10^277 |
| 113 | ov_113 | 1.9615499728443126 × 10^277 |
| 112 | ov_112 | 2.3589001405054524 × 10^277 |
| 111 | ov_111 | 2.8071323198608106 × 10^277 |
| 110 | ov_110 | 3.3094566946539906 × 10^277 |
| 109 | ov_109 | 3.869141126411658 × 10^277 |
| 108 | ov_108 | 4.489527535675603 × 10^277 |
| 107 | ov_107 | 5.174051440785619 × 10^277 |
| 106 | ov_106 | 5.926264880326024 × 10^277 |
| 105 | ov_105 | 6.749862946192015 × 10^277 |
| 104 | ov_104 | 7.648714155552582 × 10^277 |
| 103 | ov_103 | 8.626894892000163 × 10^277 |
| 102 | ov_102 | 9.688728149120918 × 10^277 |
| 101 | ov_101 | 1.0838826813849697 × 10^278 |
| 100 | ov_100 | 1.208214173255758 × 10^278 |
| 99 | ov_099 | 1.3424014810159679 × 10^278 |
| 98 | ov_098 | 1.342414279428515 × 10^278 |
| 97 | ov_097 | 1.3424544179129302 × 10^278 |
| 96 | aaa_78_29 | 2.032110033660715 × 10^278 |
| 95 | aaa_78_28 | 6.616344015560167 × 10^278 |
| 94 | ov_094 | 2.1425258793846905 × 10^279 |
| 93 | ov_093 | 5.0015390868326295 × 10^279 |
| 92 | ov_092 | 1.0008994974048253 × 10^280 |
| 91 | ov_091 | 1.8146696711261445 × 10^280 |
| 90 | ov_090 | 3.060801120084312 × 10^280 |
| 89 | ov_089 | 4.879806873954295 × 10^280 |
| 88 | ov_088 | 7.433416932262979 × 10^280 |
| 87 | ov_087 | 1.0904650535951533 × 10^281 |
| 86 | ov_086 | 1.5497932060764329 × 10^281 |
| 85 | ov_085 | 2.1643687094499576 × 10^281 |
| 84 | ov_084 | 2.98157345948622 × 10^281 |
| 83 | ov_083 | 4.053184646977431 × 10^281 |
| 82 | ov_082 | 5.435447972325741 × 10^281 |
| 81 | ov_081 | 7.1891705562621 × 10^281 |
| 80 | ov_080 | 9.379835988275567 × 10^281 |
| 64 | lv_79_m31 | 9.934336604922124 × 10^281 |
| 79 | ov_079 | 1.2077743957544894 × 10^282 |
| 78 | ov_078 | 1.5358176916036036 × 10^282 |
| 77 | ov_077 | 1.930159623050505 × 10^282 |
| 76 | ov_076 | 2.39938702900589 × 10^282 |
| 75 | ov_075 | 2.9526537049428033 × 10^282 |
| 74 | ov_074 | 3.599710350617024 × 10^282 |
| 73 | ov_073 | 4.3509384634008185 × 10^282 |
| 63 | ov_063 | 5.106672563130402 × 10^282 |
| 72 | ov_072 | 5.2173884326156974 × 10^282 |
| 71 | ov_071 | 6.210822094387527 × 10^282 |
| 70 | ov_070 | 7.343760011883075 × 10^282 |
| 69 | ov_069 | 8.629533752556805 × 10^282 |
| 68 | ov_068 | 1.0082343442502282 × 10^283 |
| 67 | ov_067 | 1.1717320888466335 × 10^283 |
| 66 | ov_066 | 1.1717330670273688 × 10^283 |
| 65 | ov_065 | 1.1717370634028363 × 10^283 |
| 62 | ov_062 | 2.624421568929473 × 10^283 |
| 61 | ov_061 | 9.58173332281636 × 10^283 |
| 60 | ov_060 | 2.747211661413014 × 10^284 |
| 59 | ov_059 | 6.638838717220289 × 10^284 |
| 58 | ov_058 | 1.3489714096422265 × 10^285 |
| 57 | ov_057 | 2.4396629669030743 × 10^285 |
| 56 | ov_056 | 4.0696520675720774 × 10^285 |
| 55 | ov_055 | 6.396649582551126 × 10^285 |
| 54 | ov_054 | 9.602390215205628 × 10^285 |
| 53 | ov_053 | 1.3892644711860592 × 10^286 |
| 52 | ov_052 | 1.9497240878595354 × 10^286 |
| 51 | ov_051 | 2.6670097331753326 × 10^286 |
| 50 | ov_050 | 3.594319337229976 × 10^286 |
| 49 | ov_049 | 4.789686682432573 × 10^286 |
| 48 | ov_048 | 6.31599924067867 × 10^286 |
| 47 | ov_047 | 8.241022662449414 × 10^286 |
| 32 | lv_80_m31 | 1.022370053539858 × 10^287 |
| 46 | ov_046 | 1.0637433672347248 × 10^287 |
| 45 | ov_045 | 1.358286393248123 × 10^287 |
| 44 | ov_044 | 1.7159958308657104 × 10^287 |
| 43 | ov_043 | 2.145645150705284 × 10^287 |
| 42 | ov_042 | 2.6565267403982515 × 10^287 |
| 41 | ov_041 | 3.258464575296741 × 10^287 |
| 40 | ov_040 | 3.9567834775698206 × 10^287 |
| 39 | ov_039 | 4.7570973040093905 × 10^287 |
| 31 | ov_031 | 5.238800817330224 × 10^287 |
| 38 | ov_038 | 5.6653221485532564 × 10^287 |
| 37 | ov_037 | 6.687692202190786 × 10^287 |
| 36 | ov_036 | 7.837012804978232 × 10^287 |
| 35 | ov_035 | 9.12678544172617 × 10^287 |
| 34 | ov_034 | 1.057125595714021 × 10^288 |
| 33 | ov_033 | 1.2185470702488642 × 10^288 |
| 30 | ov_030 | 2.6842258320197212 × 10^288 |
| 29 | ov_029 | 8.776508878705488 × 10^288 |
| 28 | ov_028 | 2.276883778421411 × 10^289 |
| 27 | ov_027 | 5.087148605168974 × 10^289 |
| 26 | ov_026 | 1.016983197118142 × 10^290 |
| 25 | ov_025 | 1.8626682770127545 × 10^290 |
| 24 | ov_024 | 3.179982378579579 × 10^290 |
| 23 | ov_023 | 5.127178561598073 × 10^290 |
| 22 | ov_022 | 7.886558833427032 × 10^290 |
| 21 | ov_021 | 1.1846792580570986 × 10^291 |
| 20 | ov_020 | 1.7444708434810787 × 10^291 |
| 19 | ov_019 | 2.5165367741383945 × 10^291 |
| 18 | ov_018 | 3.554217630464113 × 10^291 |
| 17 | ov_017 | 4.915704606779305 × 10^291 |
| 16 | ov_016 | 6.664062030515434 × 10^291 |
| 15 | ov_015 | 8.867257782786713 × 10^291 |
| 14 | ov_014 | 1.1598203362806234 × 10^292 |
| 13 | ov_013 | 1.493480578518573 × 10^292 |
| 12 | ov_012 | 1.8960034478032717 × 10^292 |
| 11 | ov_011 | 2.376200740164794 × 10^292 |
| 10 | ov_010 | 2.9434101225158965 × 10^292 |
| 9 | ov_009 | 3.6075090787855224 × 10^292 |
| 8 | ov_008 | 4.3789323463758054 × 10^292 |
| 7 | ov_007 | 5.268693444285829 × 10^292 |
| 6 | ov_006 | 6.288410934151209 × 10^292 |
| 5 | ov_005 | 7.45034009590233 × 10^292 |
| 4 | ov_004 | 8.767410740910752 × 10^292 |
| 3 | ov_003 | 1.0253271877107307 × 10^293 |
| 2 | ov_002 | 1.1922343829608629 × 10^293 |
| 1 | ov_001 | 1.3789878302424171 × 10^293 |

