# Results for F001-F002-F003-F004-F005-F006-F007-F008-F009-F010-F011-F012-F013-F014-F015-F016-F017-F018-F019-F020-F021-F022-F023-F024-F025-F026-F027-F028-F029-F030-F031-F032-F033-F034-F035-F036-F037-F038-F039-F040-F041-F042-F043-F044-F045-F046-F047-F048-F049-F050-F051-F052-F053-F054-F055-F056-F057-F058-F059-F060-F061-F062-F063-F064-F065-F066-F067-F068-F069-F070-F071-F072-F073-F074-F075-F076-F077-F078-F079-F080-F081-F082-F083-F084-F085-F086-F087-F088-F089-F090-F091-F092-F093-F094-F095-F096-F097-F098-F099-F100-F101-F102-F103-F104-F105-F106-F107-F108-F109-F110-F111-F112-F113-F114-F115-F116-F117-F118-F119-F120-F121-F122-F123-F124-F125-F126-F127-F128-F129-F130-F131-F132-F133-F134-F135-F136-F137-F138-F139-F140-F141-F142-F143-F144-F145-F146-F147-F148-F149-F150-F151-F152-F153-F154-F155-F156-F157-F158-F159-F160-F161-F162-F163-F164-F165-F166-F167-F168-F169-F170-F171-F172-F173-F174-F175-F176-F177-F178-F179-F180-F181-F182-F183-F184-F185-F186-F187-F188-F189-F190-F191-F192-F193-F194-F195-F196-F197-F198-F199-F200-F201-F202-F203-F204-F205-F206-F207-F208-F209-F210-F211-F212-F213-F214-F215-F216-F217-F218-F219-F220-F221-F222-F223-F224-F225-F226-F227-F228-F229-F230-F231-F232-F233-F234-F235-F236-F237-F238-F239-F240-F241-F242-F243-F244-F245-F246-F247-F248-F249-F250-F251-F252-F253-F254-F255-F256-F257-F258-F259-F260-F261-F262-F263-F264-F265-F266-F267-F268-F269-F270-F271-F272-F273-F274-F275-F276-F277-F278-F279-F280-F281-F282-F283-F284-F285-F286-F287-F288-F289-F290-F291-F292-F293-F294-F295-F296-F297-F298-F299-F300-F301-F302-F303-F304-F305-F306-F307-F308-F309-F310-F311-F312-F313-F314-F315-F316-F317-F318-F319-F320-F321-F322-F323-F324-F325-F326-F327-F328-F329-F330-F331-F332-F333-F334-F335-F336-F337-F338-F339-F340-F341-F342-F343-F344-F345-F346-F347-F348-F349-F350-F351-F352-F353-F354-F355-F356-F357-F358-F359-F360-F361-F362-F363-F364-F365-F366-F367-F368-F369-F370-F371-F372-F373-F374-F375-F376-F377-F378-F379-F380-F381-F382-F383-F384-F385-F386-F387-F388-F389-F390-F391-F392-F393-F394-F395-F396-F397-F398-F399-F400-F401-F402-F403-F404-F405-F406-F407-F408-F409-F410-F411-F412-F413-F414-F415-F416-F417-F418-F419-F420-F421-F422-F423-F424-F425-F426-F427-F428-F429-F430-F431-F432-F433-F434-F435-F436-F437-F438-F439-F440-F441-F442-F443-F444-F445-F446-F447-F448-F449-F450-F451-F452-F453-F454-F455-F456-F457-F458-F459-F460-F461-F462-F463-F464-F465-F466-F467-F468-F469-F470-F471-F472-F473-F474-F475-F476-F477-F478-F479-F480-F481-F482-F483-F484-F485-F486-F487-F488-F489-F490-F491-F492-F493-F494-F495-F496-T499-E504506-T505-F509-F510-F511-F512

## Summary

Number of input bits: 512  
Number of free input bits: 9  
Number of output bits: 160

Number of direct occurrences: 37138  
Number of assignments: 31133  
Number of operations: 11400859
(xor: 11372726,
and: 14751,
or: 13382)

Total complexity: 8.030357911219894 × 10^302

Least occurring input variable: iv_502 (3899)  
Most occurring input variable: iv_504 (4288)

Most co-occurring input variables: iv_504-iv_507 (2058)  
Least co-occurring input variables: iv_498-iv_502 (1755)

Potentially most occurring input variable: iv_504/iv_508 (4603)  
Potentially least occurring input variable: iv_500/iv_501 (4244)

Least output occurring input variable: iv_504 (63)  
Most output occurring input variable: iv_500 (90)

Most output co-occurring input variables: iv_497-iv_508 (54)  
Least output co-occurring input variables: iv_503-iv_504 (24)

Potentially most output occurring input variable: iv_501/iv_503 (94)  
Potentially least output occurring input variable: iv_497/iv_508 (67)

Least complex input bit: iv_497 (2.3044273423349716 × 10^300)  
Most complex input bit: iv_504 (2.5836528762373217 × 10^302)

Least complex output bit: aaa_76_29 (3.4420575075299975 × 10^277)  
Most complex output bit: ov_001 (1.2845884100224166 × 10^302)

Least complex input/output complexity: iv_497/aaa_76_29 (9.877481828249576 × 10^274)  
Most complex input/output complexity: iv_504/ov_001 (4.132979596959655 × 10^301)

## Input Bits

### Input Bits in Regular Order

| Input Bit | Complexity | Occurrences | Output Occurrences |
|:---------:|:----------:|:-----------:|:------------------:|
| iv_497 | 2.3044273423349716 × 10^300 | 4153 | 90 |
| iv_498 | 3.188560949269396 × 10^300 | 3950 | 80 |
| iv_500 | 1.4100874572288388 × 10^301 | 4098 | 90 |
| iv_501 | 2.864881592472195 × 10^301 | 4152 | 78 |
| iv_502 | 5.170111848037909 × 10^301 | 3899 | 75 |
| iv_503 | 8.764737507304219 × 10^301 | 4066 | 68 |
| iv_504 | 2.5836528762373217 × 10^302 | 4288 | 63 |
| iv_507 | 1.6527093800228761 × 10^302 | 4249 | 78 |
| iv_508 | 1.9180839315393486 × 10^302 | 4283 | 85 |

### Input Bits Sorted by Complexity

| Input Bit | Complexity | Occurrences | Output Occurrences |
|:---------:|:----------:|:-----------:|:------------------:|
| iv_497 | 2.3044273423349716 × 10^300 | 4153 | 90 |
| iv_498 | 3.188560949269396 × 10^300 | 3950 | 80 |
| iv_500 | 1.4100874572288388 × 10^301 | 4098 | 90 |
| iv_501 | 2.864881592472195 × 10^301 | 4152 | 78 |
| iv_502 | 5.170111848037909 × 10^301 | 3899 | 75 |
| iv_503 | 8.764737507304219 × 10^301 | 4066 | 68 |
| iv_507 | 1.6527093800228761 × 10^302 | 4249 | 78 |
| iv_508 | 1.9180839315393486 × 10^302 | 4283 | 85 |
| iv_504 | 2.5836528762373217 × 10^302 | 4288 | 63 |

### Input Bits Sorted by Occurrences

| Input Bit | Complexity | Occurrences | Output Occurrences |
|:---------:|:----------:|:-----------:|:------------------:|
| iv_502 | 5.170111848037909 × 10^301 | 3899 | 75 |
| iv_498 | 3.188560949269396 × 10^300 | 3950 | 80 |
| iv_503 | 8.764737507304219 × 10^301 | 4066 | 68 |
| iv_500 | 1.4100874572288388 × 10^301 | 4098 | 90 |
| iv_501 | 2.864881592472195 × 10^301 | 4152 | 78 |
| iv_497 | 2.3044273423349716 × 10^300 | 4153 | 90 |
| iv_507 | 1.6527093800228761 × 10^302 | 4249 | 78 |
| iv_508 | 1.9180839315393486 × 10^302 | 4283 | 85 |
| iv_504 | 2.5836528762373217 × 10^302 | 4288 | 63 |

### Input Bits Sorted by Output Occurrences

| Input Bit | Complexity | Occurrences | Output Occurrences |
|:---------:|:----------:|:-----------:|:------------------:|
| iv_504 | 2.5836528762373217 × 10^302 | 4288 | 63 |
| iv_503 | 8.764737507304219 × 10^301 | 4066 | 68 |
| iv_502 | 5.170111848037909 × 10^301 | 3899 | 75 |
| iv_507 | 1.6527093800228761 × 10^302 | 4249 | 78 |
| iv_501 | 2.864881592472195 × 10^301 | 4152 | 78 |
| iv_498 | 3.188560949269396 × 10^300 | 3950 | 80 |
| iv_508 | 1.9180839315393486 × 10^302 | 4283 | 85 |
| iv_497 | 2.3044273423349716 × 10^300 | 4153 | 90 |
| iv_500 | 1.4100874572288388 × 10^301 | 4098 | 90 |

## Input Bit Co-occurrences

### Input Bit Co-occurrences Sorted by Co-occurrences

| Input Bits | Co-occurrences | Potential Occurrences | Output Co-occurrences | Potential Output Occurrences |
|:----------:|:--------------:|:---------------------:|:---------------------:|:----------------------------:|
| iv_504-iv_507 | 2058 | 4421 | 37 | 67 |
| iv_507-iv_508 | 2041 | 4450 | 46 | 71 |
| iv_497-iv_504 | 2029 | 4383 | 38 | 77 |
| iv_501-iv_507 | 2023 | 4355 | 38 | 80 |
| iv_501-iv_508 | 2021 | 4393 | 42 | 79 |
| iv_500-iv_501 | 2003 | 4244 | 49 | 70 |
| iv_497-iv_507 | 2003 | 4396 | 48 | 72 |
| iv_500-iv_507 | 2003 | 4341 | 45 | 78 |
| iv_501-iv_504 | 1992 | 4456 | 29 | 83 |

### Input Bit Co-occurrences Sorted by Potential Occurrences

| Input Bits | Co-occurrences | Potential Occurrences | Output Co-occurrences | Potential Output Occurrences |
|:----------:|:--------------:|:---------------------:|:---------------------:|:----------------------------:|
| iv_500-iv_501 | 2003 | 4244 | 49 | 70 |
| iv_498-iv_500 | 1899 | 4250 | 48 | 74 |
| iv_501-iv_502 | 1891 | 4269 | 36 | 81 |
| iv_500-iv_503 | 1942 | 4280 | 39 | 80 |
| iv_500-iv_502 | 1840 | 4317 | 47 | 71 |
| iv_498-iv_503 | 1847 | 4322 | 36 | 76 |
| iv_497-iv_501 | 1986 | 4333 | 39 | 90 |
| iv_498-iv_502 | 1755 | 4339 | 36 | 83 |
| iv_497-iv_502 | 1856 | 4340 | 38 | 89 |

### Input Bit Output Co-occurrences Sorted by Output Co-occurrences

| Input Bits | Co-occurrences | Potential Occurrences | Output Co-occurrences | Potential Output Occurrences |
|:----------:|:--------------:|:---------------------:|:---------------------:|:----------------------------:|
| iv_497-iv_508 | 1952 | 4532 | 54 | 67 |
| iv_497-iv_500 | 1926 | 4399 | 52 | 76 |
| iv_500-iv_501 | 2003 | 4244 | 49 | 70 |
| iv_500-iv_508 | 1962 | 4457 | 49 | 77 |
| iv_497-iv_507 | 2003 | 4396 | 48 | 72 |
| iv_498-iv_500 | 1899 | 4250 | 48 | 74 |
| iv_500-iv_502 | 1840 | 4317 | 47 | 71 |
| iv_507-iv_508 | 2041 | 4450 | 46 | 71 |
| iv_500-iv_507 | 2003 | 4341 | 45 | 78 |

### Input Bit Output Co-occurrences Sorted by Potential Output Occurrences

| Input Bits | Co-occurrences | Potential Occurrences | Output Co-occurrences | Potential Output Occurrences |
|:----------:|:--------------:|:---------------------:|:---------------------:|:----------------------------:|
| iv_497-iv_508 | 1952 | 4532 | 54 | 67 |
| iv_504-iv_507 | 2058 | 4421 | 37 | 67 |
| iv_500-iv_501 | 2003 | 4244 | 49 | 70 |
| iv_507-iv_508 | 2041 | 4450 | 46 | 71 |
| iv_500-iv_502 | 1840 | 4317 | 47 | 71 |
| iv_497-iv_507 | 2003 | 4396 | 48 | 72 |
| iv_502-iv_504 | 1908 | 4371 | 33 | 72 |
| iv_503-iv_507 | 1982 | 4351 | 36 | 74 |
| iv_498-iv_500 | 1899 | 4250 | 48 | 74 |

## Output Bits

### Output Bits in Regular Order

| Rank | Output Bit | Complexity |
|:----:|:----------:|:----------:|
| 1 | ov_001 | 1.2845884100224166 × 10^302 |
| 2 | ov_002 | 1.1139967418133032 × 10^302 |
| 3 | ov_003 | 9.611873334468269 × 10^301 |
| 4 | ov_004 | 8.248109504453338 × 10^301 |
| 5 | ov_005 | 7.03592132409729 × 10^301 |
| 6 | ov_006 | 5.963239533884243 × 10^301 |
| 7 | ov_007 | 5.018634543906144 × 10^301 |
| 8 | ov_008 | 4.191277011647567 × 10^301 |
| 9 | ov_009 | 3.47090415047771 × 10^301 |
| 10 | ov_010 | 2.8477911879894897 × 10^301 |
| 11 | ov_011 | 2.3127274598287275 × 10^301 |
| 12 | ov_012 | 1.8569966603468906 × 10^301 |
| 13 | ov_013 | 1.4723607328343505 × 10^301 |
| 14 | ov_014 | 1.1510468797883901 × 10^301 |
| 15 | ov_015 | 8.857372077705196 × 10^300 |
| 16 | ov_016 | 6.695605792525883 × 10^300 |
| 17 | ov_017 | 4.960863255212582 × 10^300 |
| 18 | ov_018 | 3.593195081697074 × 10^300 |
| 19 | ov_019 | 2.5369740199815833 × 10^300 |
| 20 | ov_020 | 1.7408689711581296 × 10^300 |
| 21 | ov_021 | 1.1578259635167555 × 10^300 |
| 22 | ov_022 | 7.450545614482836 × 10^299 |
| 23 | ov_023 | 4.640185347657639 × 10^299 |
| 24 | ov_024 | 2.804297800088779 × 10^299 |
| 25 | ov_025 | 1.6424465120364533 × 10^299 |
| 26 | ov_026 | 8.966198931046492 × 10^298 |
| 27 | ov_027 | 4.4841675706059445 × 10^298 |
| 28 | ov_028 | 2.0064251665836688 × 10^298 |
| 29 | ov_029 | 7.730825527668626 × 10^297 |
| 30 | ov_030 | 2.3630461028188132 × 10^297 |
| 31 | ov_031 | 4.607495625184927 × 10^296 |
| 32 | lv_80_m31 | 8.980205122031292 × 10^295 |
| 33 | ov_033 | 1.0787714273782708 × 10^297 |
| 34 | ov_034 | 9.364236713999207 × 10^296 |
| 35 | ov_035 | 8.08962673790078 × 10^296 |
| 36 | ov_036 | 6.950802517029356 × 10^296 |
| 37 | ov_037 | 5.935388940916309 × 10^296 |
| 38 | ov_038 | 5.037368428644727 × 10^296 |
| 39 | ov_039 | 4.245635820405978 × 10^296 |
| 40 | ov_040 | 3.549662108431809 × 10^296 |
| 41 | ov_041 | 2.9394628014927127 × 10^296 |
| 42 | ov_042 | 2.410178156025779 × 10^296 |
| 43 | ov_043 | 1.9572012630426925 × 10^296 |
| 44 | ov_044 | 1.572038251403101 × 10^296 |
| 45 | ov_045 | 1.2466575065066548 × 10^296 |
| 46 | ov_046 | 9.771571150870569 × 10^295 |
| 47 | ov_047 | 7.56396543085521 × 10^295 |
| 48 | ov_048 | 5.776687605692315 × 10^295 |
| 49 | ov_049 | 4.346947100165524 × 10^295 |
| 50 | ov_050 | 3.2161921725168214 × 10^295 |
| 51 | ov_051 | 2.3300803889488857 × 10^295 |
| 52 | ov_052 | 1.662489788093266 × 10^295 |
| 53 | ov_053 | 1.1674400013154733 × 10^295 |
| 54 | ov_054 | 8.031141615358901 × 10^294 |
| 55 | ov_055 | 5.318520685997302 × 10^294 |
| 56 | ov_056 | 3.3586211463002376 × 10^294 |
| 57 | ov_057 | 1.9942801557321116 × 10^294 |
| 58 | ov_058 | 1.0890786009022605 × 10^294 |
| 59 | ov_059 | 5.273361259304827 × 10^293 |
| 60 | ov_060 | 2.1410886552102157 × 10^293 |
| 61 | ov_061 | 7.518862347274211 × 10^292 |
| 62 | ov_062 | 2.2968566388702404 × 10^292 |
| 63 | ov_063 | 4.4759253471670703 × 10^291 |
| 64 | lv_79_m31 | 8.720243878826308 × 10^290 |
| 65 | ov_065 | 1.0346383574235882 × 10^292 |
| 66 | ov_066 | 1.0346354875228519 × 10^292 |
| 67 | ov_067 | 1.0346348027509012 × 10^292 |
| 68 | ov_068 | 8.949582247756888 × 10^291 |
| 69 | ov_069 | 7.699890262736956 × 10^291 |
| 70 | ov_070 | 6.586336447222754 × 10^291 |
| 71 | ov_071 | 5.598508652221108 × 10^291 |
| 72 | ov_072 | 4.7264842641171494 × 10^291 |
| 73 | ov_073 | 3.960802949715954 × 10^291 |
| 74 | ov_074 | 3.292445124837508 × 10^291 |
| 75 | ov_075 | 2.7128152346901094 × 10^291 |
| 76 | ov_076 | 2.213728982920485 × 10^291 |
| 77 | ov_077 | 1.7874036933646205 × 10^291 |
| 78 | ov_078 | 1.4264510344031507 × 10^291 |
| 79 | ov_079 | 1.1238713807183446 × 10^291 |
| 80 | ov_080 | 8.730492029872345 × 10^290 |
| 81 | ov_081 | 6.67749129092625 × 10^290 |
| 82 | ov_082 | 5.0211255708073775 × 10^290 |
| 83 | ov_083 | 3.7065477729771265 × 10^290 |
| 84 | ov_084 | 2.6826256130085284 × 10^290 |
| 85 | ov_085 | 1.9019217525541728 × 10^290 |
| 86 | ov_086 | 1.3206777560644445 × 10^290 |
| 87 | ov_087 | 8.988014486676465 × 10^289 |
| 88 | ov_088 | 5.998572539444894 × 10^289 |
| 89 | ov_089 | 3.9105909051475935 × 10^289 |
| 90 | ov_090 | 2.4326540645111924 × 10^289 |
| 91 | ov_091 | 1.4281605791425125 × 10^289 |
| 92 | ov_092 | 7.78709175708437 × 10^288 |
| 93 | ov_093 | 3.8409173154310644 × 10^288 |
| 94 | ov_094 | 1.6228982772787573 × 10^288 |
| 95 | aaa_78_28 | 4.947334178465138 × 10^287 |
| 96 | aaa_78_29 | 1.4888048209449244 × 10^287 |
| 97 | ov_097 | 7.662687526413365 × 10^286 |
| 98 | ov_098 | 7.662618188982163 × 10^286 |
| 99 | ov_099 | 7.662596053087279 × 10^286 |
| 100 | ov_100 | 6.359284301417907 × 10^286 |
| 101 | ov_101 | 5.235329390391368 × 10^286 |
| 102 | ov_102 | 4.273638783015709 × 10^286 |
| 103 | ov_103 | 3.4580538989558027 × 10^286 |
| 104 | ov_104 | 2.773281948246625 × 10^286 |
| 105 | ov_105 | 2.20483674679685 × 10^286 |
| 106 | ov_106 | 1.738987687334125 × 10^286 |
| 107 | ov_107 | 1.3627160814096121 × 10^286 |
| 108 | ov_108 | 1.063678128659927 × 10^286 |
| 109 | ov_109 | 8.301738090144946 × 10^285 |
| 110 | ov_110 | 6.511210321849969 × 10^285 |
| 111 | ov_111 | 5.160344167899775 × 10^285 |
| 112 | ov_112 | 4.150081090220186 × 10^285 |
| 113 | ov_113 | 3.3870208799199417 × 10^285 |
| 114 | ov_114 | 2.7833144188862747 × 10^285 |
| 115 | ov_115 | 2.2565813594991505 × 10^285 |
| 116 | ov_116 | 1.8014601397598658 × 10^285 |
| 117 | ov_117 | 1.4126218295484592 × 10^285 |
| 118 | ov_118 | 1.084760700448028 × 10^285 |
| 119 | ov_119 | 8.125874503613732 × 10^284 |
| 120 | ov_120 | 5.908241609016647 × 10^284 |
| 121 | ov_121 | 4.142004579062664 × 10^284 |
| 122 | ov_122 | 2.774506919919928 × 10^284 |
| 123 | ov_123 | 1.753119560913646 × 10^284 |
| 124 | ov_124 | 1.0252275691206998 × 10^284 |
| 125 | ov_125 | 5.382220167604643 × 10^283 |
| 126 | ov_126 | 2.3949595352996763 × 10^283 |
| 127 | aaa_77_28 | 7.644294954015215 × 10^282 |
| 128 | aaa_77_29 | 2.863926656215143 × 10^282 |
| 129 | ov_129 | 2.632748261351772 × 10^282 |
| 130 | ov_130 | 2.6327404072356898 × 10^282 |
| 131 | ov_131 | 2.6327385114501624 × 10^282 |
| 132 | ov_132 | 2.2784076578454727 × 10^282 |
| 133 | ov_133 | 1.961407934888348 × 10^282 |
| 134 | ov_134 | 1.6789170434743987 × 10^282 |
| 135 | ov_135 | 1.4282606292249383 × 10^282 |
| 136 | ov_136 | 1.2069016803514516 × 10^282 |
| 137 | ov_137 | 1.012431484328232 × 10^282 |
| 138 | ov_138 | 8.425619872078051 × 10^281 |
| 139 | ov_139 | 6.951194072449671 × 10^281 |
| 140 | ov_140 | 5.680389621291535 × 10^281 |
| 141 | ov_141 | 4.593605766108365 × 10^281 |
| 142 | ov_142 | 3.67225444685471 × 10^281 |
| 143 | ov_143 | 2.8987332779941563 × 10^281 |
| 144 | ov_144 | 2.256404777904135 × 10^281 |
| 145 | ov_145 | 1.7295808048849048 × 10^281 |
| 146 | ov_146 | 1.3035112309371963 × 10^281 |
| 147 | ov_147 | 9.643759562268193 × 10^280 |
| 148 | ov_148 | 6.992794814453753 × 10^280 |
| 149 | ov_149 | 4.962474121311761 × 10^280 |
| 150 | ov_150 | 3.4422434051514384 × 10^280 |
| 151 | ov_151 | 2.3307256587503267 × 10^280 |
| 152 | ov_152 | 1.5357125125587389 × 10^280 |
| 153 | ov_153 | 9.741582565270458 × 10^279 |
| 154 | ov_154 | 5.721756669898618 × 10^279 |
| 155 | ov_155 | 2.95110322317744 × 10^279 |
| 156 | aaa_76_25 | 1.1288520464259395 × 10^279 |
| 157 | aaa_76_26 | 6.446907430011603 × 10^278 |
| 158 | aaa_76_27 | 3.2400369042841364 × 10^278 |
| 159 | aaa_76_28 | 1.2102756776527186 × 10^278 |
| 160 | aaa_76_29 | 3.4420575075299975 × 10^277 |

### Output Bits Sorted by Complexity

| Rank | Output Bit | Complexity |
|:----:|:----------:|:----------:|
| 160 | aaa_76_29 | 3.4420575075299975 × 10^277 |
| 159 | aaa_76_28 | 1.2102756776527186 × 10^278 |
| 158 | aaa_76_27 | 3.2400369042841364 × 10^278 |
| 157 | aaa_76_26 | 6.446907430011603 × 10^278 |
| 156 | aaa_76_25 | 1.1288520464259395 × 10^279 |
| 155 | ov_155 | 2.95110322317744 × 10^279 |
| 154 | ov_154 | 5.721756669898618 × 10^279 |
| 153 | ov_153 | 9.741582565270458 × 10^279 |
| 152 | ov_152 | 1.5357125125587389 × 10^280 |
| 151 | ov_151 | 2.3307256587503267 × 10^280 |
| 150 | ov_150 | 3.4422434051514384 × 10^280 |
| 149 | ov_149 | 4.962474121311761 × 10^280 |
| 148 | ov_148 | 6.992794814453753 × 10^280 |
| 147 | ov_147 | 9.643759562268193 × 10^280 |
| 146 | ov_146 | 1.3035112309371963 × 10^281 |
| 145 | ov_145 | 1.7295808048849048 × 10^281 |
| 144 | ov_144 | 2.256404777904135 × 10^281 |
| 143 | ov_143 | 2.8987332779941563 × 10^281 |
| 142 | ov_142 | 3.67225444685471 × 10^281 |
| 141 | ov_141 | 4.593605766108365 × 10^281 |
| 140 | ov_140 | 5.680389621291535 × 10^281 |
| 139 | ov_139 | 6.951194072449671 × 10^281 |
| 138 | ov_138 | 8.425619872078051 × 10^281 |
| 137 | ov_137 | 1.012431484328232 × 10^282 |
| 136 | ov_136 | 1.2069016803514516 × 10^282 |
| 135 | ov_135 | 1.4282606292249383 × 10^282 |
| 134 | ov_134 | 1.6789170434743987 × 10^282 |
| 133 | ov_133 | 1.961407934888348 × 10^282 |
| 132 | ov_132 | 2.2784076578454727 × 10^282 |
| 131 | ov_131 | 2.6327385114501624 × 10^282 |
| 130 | ov_130 | 2.6327404072356898 × 10^282 |
| 129 | ov_129 | 2.632748261351772 × 10^282 |
| 128 | aaa_77_29 | 2.863926656215143 × 10^282 |
| 127 | aaa_77_28 | 7.644294954015215 × 10^282 |
| 126 | ov_126 | 2.3949595352996763 × 10^283 |
| 125 | ov_125 | 5.382220167604643 × 10^283 |
| 124 | ov_124 | 1.0252275691206998 × 10^284 |
| 123 | ov_123 | 1.753119560913646 × 10^284 |
| 122 | ov_122 | 2.774506919919928 × 10^284 |
| 121 | ov_121 | 4.142004579062664 × 10^284 |
| 120 | ov_120 | 5.908241609016647 × 10^284 |
| 119 | ov_119 | 8.125874503613732 × 10^284 |
| 118 | ov_118 | 1.084760700448028 × 10^285 |
| 117 | ov_117 | 1.4126218295484592 × 10^285 |
| 116 | ov_116 | 1.8014601397598658 × 10^285 |
| 115 | ov_115 | 2.2565813594991505 × 10^285 |
| 114 | ov_114 | 2.7833144188862747 × 10^285 |
| 113 | ov_113 | 3.3870208799199417 × 10^285 |
| 112 | ov_112 | 4.150081090220186 × 10^285 |
| 111 | ov_111 | 5.160344167899775 × 10^285 |
| 110 | ov_110 | 6.511210321849969 × 10^285 |
| 109 | ov_109 | 8.301738090144946 × 10^285 |
| 108 | ov_108 | 1.063678128659927 × 10^286 |
| 107 | ov_107 | 1.3627160814096121 × 10^286 |
| 106 | ov_106 | 1.738987687334125 × 10^286 |
| 105 | ov_105 | 2.20483674679685 × 10^286 |
| 104 | ov_104 | 2.773281948246625 × 10^286 |
| 103 | ov_103 | 3.4580538989558027 × 10^286 |
| 102 | ov_102 | 4.273638783015709 × 10^286 |
| 101 | ov_101 | 5.235329390391368 × 10^286 |
| 100 | ov_100 | 6.359284301417907 × 10^286 |
| 99 | ov_099 | 7.662596053087279 × 10^286 |
| 98 | ov_098 | 7.662618188982163 × 10^286 |
| 97 | ov_097 | 7.662687526413365 × 10^286 |
| 96 | aaa_78_29 | 1.4888048209449244 × 10^287 |
| 95 | aaa_78_28 | 4.947334178465138 × 10^287 |
| 94 | ov_094 | 1.6228982772787573 × 10^288 |
| 93 | ov_093 | 3.8409173154310644 × 10^288 |
| 92 | ov_092 | 7.78709175708437 × 10^288 |
| 91 | ov_091 | 1.4281605791425125 × 10^289 |
| 90 | ov_090 | 2.4326540645111924 × 10^289 |
| 89 | ov_089 | 3.9105909051475935 × 10^289 |
| 88 | ov_088 | 5.998572539444894 × 10^289 |
| 87 | ov_087 | 8.988014486676465 × 10^289 |
| 86 | ov_086 | 1.3206777560644445 × 10^290 |
| 85 | ov_085 | 1.9019217525541728 × 10^290 |
| 84 | ov_084 | 2.6826256130085284 × 10^290 |
| 83 | ov_083 | 3.7065477729771265 × 10^290 |
| 82 | ov_082 | 5.0211255708073775 × 10^290 |
| 81 | ov_081 | 6.67749129092625 × 10^290 |
| 64 | lv_79_m31 | 8.720243878826308 × 10^290 |
| 80 | ov_080 | 8.730492029872345 × 10^290 |
| 79 | ov_079 | 1.1238713807183446 × 10^291 |
| 78 | ov_078 | 1.4264510344031507 × 10^291 |
| 77 | ov_077 | 1.7874036933646205 × 10^291 |
| 76 | ov_076 | 2.213728982920485 × 10^291 |
| 75 | ov_075 | 2.7128152346901094 × 10^291 |
| 74 | ov_074 | 3.292445124837508 × 10^291 |
| 73 | ov_073 | 3.960802949715954 × 10^291 |
| 63 | ov_063 | 4.4759253471670703 × 10^291 |
| 72 | ov_072 | 4.7264842641171494 × 10^291 |
| 71 | ov_071 | 5.598508652221108 × 10^291 |
| 70 | ov_070 | 6.586336447222754 × 10^291 |
| 69 | ov_069 | 7.699890262736956 × 10^291 |
| 68 | ov_068 | 8.949582247756888 × 10^291 |
| 67 | ov_067 | 1.0346348027509012 × 10^292 |
| 66 | ov_066 | 1.0346354875228519 × 10^292 |
| 65 | ov_065 | 1.0346383574235882 × 10^292 |
| 62 | ov_062 | 2.2968566388702404 × 10^292 |
| 61 | ov_061 | 7.518862347274211 × 10^292 |
| 60 | ov_060 | 2.1410886552102157 × 10^293 |
| 59 | ov_059 | 5.273361259304827 × 10^293 |
| 58 | ov_058 | 1.0890786009022605 × 10^294 |
| 57 | ov_057 | 1.9942801557321116 × 10^294 |
| 56 | ov_056 | 3.3586211463002376 × 10^294 |
| 55 | ov_055 | 5.318520685997302 × 10^294 |
| 54 | ov_054 | 8.031141615358901 × 10^294 |
| 53 | ov_053 | 1.1674400013154733 × 10^295 |
| 52 | ov_052 | 1.662489788093266 × 10^295 |
| 51 | ov_051 | 2.3300803889488857 × 10^295 |
| 50 | ov_050 | 3.2161921725168214 × 10^295 |
| 49 | ov_049 | 4.346947100165524 × 10^295 |
| 48 | ov_048 | 5.776687605692315 × 10^295 |
| 47 | ov_047 | 7.56396543085521 × 10^295 |
| 32 | lv_80_m31 | 8.980205122031292 × 10^295 |
| 46 | ov_046 | 9.771571150870569 × 10^295 |
| 45 | ov_045 | 1.2466575065066548 × 10^296 |
| 44 | ov_044 | 1.572038251403101 × 10^296 |
| 43 | ov_043 | 1.9572012630426925 × 10^296 |
| 42 | ov_042 | 2.410178156025779 × 10^296 |
| 41 | ov_041 | 2.9394628014927127 × 10^296 |
| 40 | ov_040 | 3.549662108431809 × 10^296 |
| 39 | ov_039 | 4.245635820405978 × 10^296 |
| 31 | ov_031 | 4.607495625184927 × 10^296 |
| 38 | ov_038 | 5.037368428644727 × 10^296 |
| 37 | ov_037 | 5.935388940916309 × 10^296 |
| 36 | ov_036 | 6.950802517029356 × 10^296 |
| 35 | ov_035 | 8.08962673790078 × 10^296 |
| 34 | ov_034 | 9.364236713999207 × 10^296 |
| 33 | ov_033 | 1.0787714273782708 × 10^297 |
| 30 | ov_030 | 2.3630461028188132 × 10^297 |
| 29 | ov_029 | 7.730825527668626 × 10^297 |
| 28 | ov_028 | 2.0064251665836688 × 10^298 |
| 27 | ov_027 | 4.4841675706059445 × 10^298 |
| 26 | ov_026 | 8.966198931046492 × 10^298 |
| 25 | ov_025 | 1.6424465120364533 × 10^299 |
| 24 | ov_024 | 2.804297800088779 × 10^299 |
| 23 | ov_023 | 4.640185347657639 × 10^299 |
| 22 | ov_022 | 7.450545614482836 × 10^299 |
| 21 | ov_021 | 1.1578259635167555 × 10^300 |
| 20 | ov_020 | 1.7408689711581296 × 10^300 |
| 19 | ov_019 | 2.5369740199815833 × 10^300 |
| 18 | ov_018 | 3.593195081697074 × 10^300 |
| 17 | ov_017 | 4.960863255212582 × 10^300 |
| 16 | ov_016 | 6.695605792525883 × 10^300 |
| 15 | ov_015 | 8.857372077705196 × 10^300 |
| 14 | ov_014 | 1.1510468797883901 × 10^301 |
| 13 | ov_013 | 1.4723607328343505 × 10^301 |
| 12 | ov_012 | 1.8569966603468906 × 10^301 |
| 11 | ov_011 | 2.3127274598287275 × 10^301 |
| 10 | ov_010 | 2.8477911879894897 × 10^301 |
| 9 | ov_009 | 3.47090415047771 × 10^301 |
| 8 | ov_008 | 4.191277011647567 × 10^301 |
| 7 | ov_007 | 5.018634543906144 × 10^301 |
| 6 | ov_006 | 5.963239533884243 × 10^301 |
| 5 | ov_005 | 7.03592132409729 × 10^301 |
| 4 | ov_004 | 8.248109504453338 × 10^301 |
| 3 | ov_003 | 9.611873334468269 × 10^301 |
| 2 | ov_002 | 1.1139967418133032 × 10^302 |
| 1 | ov_001 | 1.2845884100224166 × 10^302 |

