# Results for F001-F002-F003-F004-F005-F006-F007-F008-F009-F010-F011-F012-F013-F014-F015-F016-F017-F018-F019-F020-F021-F022-F023-F024-F025-F026-F027-F028-F029-F030-F031-F032-F033-F034-F035-F036-F037-F038-F039-F040-F041-F042-F043-F044-F045-F046-F047-F048-F049-F050-F051-F052-F053-F054-F055-F056-F057-F058-F059-F060-F061-F062-F063-F064-F065-F066-F067-F068-F069-F070-F071-F072-F073-F074-F075-F076-F077-F078-F079-F080-F081-F082-F083-F084-F085-F086-F087-F088-F089-F090-F091-F092-F093-F094-F095-F096-F097-F098-F099-F100-F101-F102-F103-F104-F105-F106-F107-F108-F109-F110-F111-F112-F113-F114-F115-F116-F117-F118-F119-F120-F121-F122-F123-F124-F125-F126-F127-F128-F129-F130-F131-F132-F133-F134-F135-F136-F137-F138-F139-F140-F141-F142-F143-F144-F145-F146-F147-F148-F149-F150-F151-F152-F153-F154-F155-F156-F157-F158-F159-F160-F161-F162-F163-F164-F165-F166-F167-F168-F169-F170-F171-F172-F173-F174-F175-F176-F177-F178-F179-F180-F181-F182-F183-F184-F185-F186-F187-F188-F189-F190-F191-F192-F193-F194-F195-F196-F197-F198-F199-F200-F201-F202-F203-F204-F205-F206-F207-F208-F209-F210-F211-F212-F213-F214-F215-F216-F217-F218-F219-F220-F221-F222-F223-F224-F225-F226-F227-F228-F229-F230-F231-F232-F233-F234-F235-F236-F237-F238-F239-F240-F241-F242-F243-F244-F245-F246-F247-F248-F249-F250-F251-F252-F253-F254-F255-F256-F257-F258-F259-F260-F261-F262-F263-F264-F265-F266-F267-F268-F269-F270-F271-F272-F273-F274-F275-F276-F277-F278-F279-F280-F281-F282-F283-F284-F285-F286-F287-F288-F289-F290-F291-F292-F293-F294-F295-F296-F297-F298-F299-F300-F301-F302-F303-F304-F305-F306-F307-F308-F309-F310-F311-F312-F313-F314-F315-F316-F317-F318-F319-F320-F321-F322-F323-F324-F325-F326-F327-F328-F329-F330-F331-F332-F333-F334-F335-F336-F337-F338-F339-F340-F341-F342-F343-F344-F345-F346-F347-F348-F349-F350-F351-F352-F353-F354-F355-F356-F357-F358-F359-F360-F361-F362-F363-F364-F365-F366-F367-F368-F369-F370-F371-F372-F373-F374-F375-F376-F377-F378-F379-F380-F381-F382-F383-F384-F385-F386-F387-F388-F389-F390-F391-F392-F393-F394-F395-F396-F397-F398-F399-F400-F401-F402-F403-F404-F405-F406-F407-F408-F409-F410-F411-F412-F413-F414-F415-F416-F417-F418-F419-F420-F421-F422-F423-F424-F425-F426-F427-F428-F429-F430-F431-F432-F433-F434-F435-F436-F437-F438-F439-F440-F441-F442-F443-F444-F445-F446-F447-F448-F449-F450-F451-F452-F453-F454-F455-F456-F457-F458-F459-F460-F461-F462-F463-F464-F465-F466-F467-F468-F469-F470-F471-F472-F473-F474-F475-F476-F477-F478-F479-F480-F481-F482-F483-F484-F485-F486-F487-F488-F489-F490-F491-F492-F493-F494-F495-F496-O500505-T504-F508-F509-F510-F511-F512

## Summary

Number of input bits: 512  
Number of free input bits: 9  
Number of output bits: 160

Number of direct occurrences: 36906  
Number of assignments: 30982  
Number of operations: 11141522
(xor: 11113073,
and: 15205,
or: 13244)

Total complexity: 8.929419125405239 × 10^301

Least occurring input variable: iv_498 (3931)  
Most occurring input variable: iv_500 (4246)

Most co-occurring input variables: iv_501-iv_507 (2058)  
Least co-occurring input variables: iv_498-iv_499 (1752)

Potentially most occurring input variable: iv_500/iv_503 (4537)  
Potentially least occurring input variable: iv_502/iv_506 (4188)

Least output occurring input variable: iv_506 (72)  
Most output occurring input variable: iv_503 (87)

Most output co-occurring input variables: iv_497-iv_503 (53)  
Least output co-occurring input variables: iv_499-iv_506 (32)

Potentially most output occurring input variable: iv_499/iv_506 (90)  
Potentially least output occurring input variable: iv_497/iv_503 (65)

Least complex input bit: iv_497 (8.445701299156458 × 10^299)  
Most complex input bit: iv_500 (3.0681778272151197 × 10^301)

Least complex output bit: aaa_76_29 (4.513103723067978 × 10^276)  
Most complex output bit: ov_001 (1.4409101695926464 × 10^301)

Least complex input/output complexity: iv_497/aaa_76_29 (4.26862323761886 × 10^274)  
Most complex input/output complexity: iv_500/ov_001 (4.9510148098824954 × 10^300)

## Input Bits

### Input Bits in Regular Order

| Input Bit | Complexity | Occurrences | Output Occurrences |
|:---------:|:----------:|:-----------:|:------------------:|
| iv_497 | 8.445701299156458 × 10^299 | 4186 | 84 |
| iv_498 | 1.6847900958462324 × 10^300 | 3931 | 84 |
| iv_499 | 2.962684618471303 × 10^300 | 3932 | 82 |
| iv_500 | 3.0681778272151197 × 10^301 | 4246 | 82 |
| iv_501 | 8.126795045670428 × 10^300 | 4176 | 78 |
| iv_502 | 1.3052359730310788 × 10^301 | 3957 | 79 |
| iv_503 | 2.0619439758698455 × 10^301 | 4221 | 87 |
| iv_506 | 5.017410472907992 × 10^300 | 4069 | 72 |
| iv_507 | 6.30436313008037 × 10^300 | 4188 | 77 |

### Input Bits Sorted by Complexity

| Input Bit | Complexity | Occurrences | Output Occurrences |
|:---------:|:----------:|:-----------:|:------------------:|
| iv_497 | 8.445701299156458 × 10^299 | 4186 | 84 |
| iv_498 | 1.6847900958462324 × 10^300 | 3931 | 84 |
| iv_499 | 2.962684618471303 × 10^300 | 3932 | 82 |
| iv_506 | 5.017410472907992 × 10^300 | 4069 | 72 |
| iv_507 | 6.30436313008037 × 10^300 | 4188 | 77 |
| iv_501 | 8.126795045670428 × 10^300 | 4176 | 78 |
| iv_502 | 1.3052359730310788 × 10^301 | 3957 | 79 |
| iv_503 | 2.0619439758698455 × 10^301 | 4221 | 87 |
| iv_500 | 3.0681778272151197 × 10^301 | 4246 | 82 |

### Input Bits Sorted by Occurrences

| Input Bit | Complexity | Occurrences | Output Occurrences |
|:---------:|:----------:|:-----------:|:------------------:|
| iv_498 | 1.6847900958462324 × 10^300 | 3931 | 84 |
| iv_499 | 2.962684618471303 × 10^300 | 3932 | 82 |
| iv_502 | 1.3052359730310788 × 10^301 | 3957 | 79 |
| iv_506 | 5.017410472907992 × 10^300 | 4069 | 72 |
| iv_501 | 8.126795045670428 × 10^300 | 4176 | 78 |
| iv_497 | 8.445701299156458 × 10^299 | 4186 | 84 |
| iv_507 | 6.30436313008037 × 10^300 | 4188 | 77 |
| iv_503 | 2.0619439758698455 × 10^301 | 4221 | 87 |
| iv_500 | 3.0681778272151197 × 10^301 | 4246 | 82 |

### Input Bits Sorted by Output Occurrences

| Input Bit | Complexity | Occurrences | Output Occurrences |
|:---------:|:----------:|:-----------:|:------------------:|
| iv_506 | 5.017410472907992 × 10^300 | 4069 | 72 |
| iv_507 | 6.30436313008037 × 10^300 | 4188 | 77 |
| iv_501 | 8.126795045670428 × 10^300 | 4176 | 78 |
| iv_502 | 1.3052359730310788 × 10^301 | 3957 | 79 |
| iv_500 | 3.0681778272151197 × 10^301 | 4246 | 82 |
| iv_499 | 2.962684618471303 × 10^300 | 3932 | 82 |
| iv_498 | 1.6847900958462324 × 10^300 | 3931 | 84 |
| iv_497 | 8.445701299156458 × 10^299 | 4186 | 84 |
| iv_503 | 2.0619439758698455 × 10^301 | 4221 | 87 |

## Input Bit Co-occurrences

### Input Bit Co-occurrences Sorted by Co-occurrences

| Input Bits | Co-occurrences | Potential Occurrences | Output Co-occurrences | Potential Output Occurrences |
|:----------:|:--------------:|:---------------------:|:---------------------:|:----------------------------:|
| iv_501-iv_507 | 2058 | 4248 | 41 | 73 |
| iv_497-iv_507 | 2033 | 4308 | 41 | 79 |
| iv_501-iv_503 | 2033 | 4331 | 46 | 73 |
| iv_500-iv_501 | 2029 | 4364 | 39 | 82 |
| iv_500-iv_507 | 2027 | 4380 | 38 | 83 |
| iv_497-iv_501 | 2002 | 4358 | 47 | 68 |
| iv_503-iv_507 | 1986 | 4437 | 44 | 76 |
| iv_497-iv_500 | 1983 | 4466 | 44 | 78 |
| iv_502-iv_507 | 1975 | 4195 | 45 | 66 |

### Input Bit Co-occurrences Sorted by Potential Occurrences

| Input Bits | Co-occurrences | Potential Occurrences | Output Co-occurrences | Potential Output Occurrences |
|:----------:|:--------------:|:---------------------:|:---------------------:|:----------------------------:|
| iv_502-iv_506 | 1919 | 4188 | 34 | 83 |
| iv_502-iv_507 | 1975 | 4195 | 45 | 66 |
| iv_501-iv_507 | 2058 | 4248 | 41 | 73 |
| iv_499-iv_502 | 1818 | 4253 | 38 | 85 |
| iv_498-iv_506 | 1872 | 4256 | 39 | 78 |
| iv_497-iv_502 | 1942 | 4259 | 39 | 85 |
| iv_498-iv_501 | 1917 | 4273 | 39 | 84 |
| iv_499-iv_507 | 1912 | 4296 | 41 | 77 |
| iv_497-iv_499 | 1908 | 4302 | 42 | 82 |

### Input Bit Output Co-occurrences Sorted by Output Co-occurrences

| Input Bits | Co-occurrences | Potential Occurrences | Output Co-occurrences | Potential Output Occurrences |
|:----------:|:--------------:|:---------------------:|:---------------------:|:----------------------------:|
| iv_497-iv_503 | 1975 | 4457 | 53 | 65 |
| iv_499-iv_503 | 1915 | 4323 | 48 | 73 |
| iv_497-iv_501 | 2002 | 4358 | 47 | 68 |
| iv_498-iv_503 | 1901 | 4350 | 46 | 79 |
| iv_501-iv_503 | 2033 | 4331 | 46 | 73 |
| iv_502-iv_507 | 1975 | 4195 | 45 | 66 |
| iv_497-iv_500 | 1983 | 4466 | 44 | 78 |
| iv_503-iv_507 | 1986 | 4437 | 44 | 76 |
| iv_500-iv_502 | 1910 | 4383 | 43 | 75 |

### Input Bit Output Co-occurrences Sorted by Potential Output Occurrences

| Input Bits | Co-occurrences | Potential Occurrences | Output Co-occurrences | Potential Output Occurrences |
|:----------:|:--------------:|:---------------------:|:---------------------:|:----------------------------:|
| iv_497-iv_503 | 1975 | 4457 | 53 | 65 |
| iv_502-iv_507 | 1975 | 4195 | 45 | 66 |
| iv_497-iv_501 | 2002 | 4358 | 47 | 68 |
| iv_499-iv_503 | 1915 | 4323 | 48 | 73 |
| iv_501-iv_503 | 2033 | 4331 | 46 | 73 |
| iv_501-iv_507 | 2058 | 4248 | 41 | 73 |
| iv_501-iv_506 | 1916 | 4413 | 38 | 74 |
| iv_500-iv_502 | 1910 | 4383 | 43 | 75 |
| iv_506-iv_507 | 1903 | 4451 | 37 | 75 |

## Output Bits

### Output Bits in Regular Order

| Rank | Output Bit | Complexity |
|:----:|:----------:|:----------:|
| 1 | ov_001 | 1.4409101695926464 × 10^301 |
| 2 | ov_002 | 1.2477174541173864 × 10^301 |
| 3 | ov_003 | 1.0748458580923289 × 10^301 |
| 4 | ov_004 | 9.207451919849273 × 10^300 |
| 5 | ov_005 | 7.839497493996617 × 10^300 |
| 6 | ov_006 | 6.63072258585628 × 10^300 |
| 7 | ov_007 | 5.567986275809506 × 10^300 |
| 8 | ov_008 | 4.6388343408925054 × 10^300 |
| 9 | ov_009 | 3.831460993239893 × 10^300 |
| 10 | ov_010 | 3.13467673901088 × 10^300 |
| 11 | ov_011 | 2.5378816302547034 × 10^300 |
| 12 | ov_012 | 2.0310432236611182 × 10^300 |
| 13 | ov_013 | 1.6046786008733297 × 10^300 |
| 14 | ov_014 | 1.2498398451922033 × 10^300 |
| 15 | ov_015 | 9.581024396418722 × 10^299 |
| 16 | ov_016 | 7.21556151611709 × 10^299 |
| 17 | ov_017 | 5.327980084464394 × 10^299 |
| 18 | ov_018 | 3.849269464902391 × 10^299 |
| 19 | ov_019 | 2.7153974525002254 × 10^299 |
| 20 | ov_020 | 1.8672795686803328 × 10^299 |
| 21 | ov_021 | 1.2507563231113722 × 10^299 |
| 22 | ov_022 | 8.16576881764783 × 10^298 |
| 23 | ov_023 | 5.203877735198934 × 10^298 |
| 24 | ov_024 | 3.227254610159727 × 10^298 |
| 25 | ov_025 | 1.8901179472610078 × 10^298 |
| 26 | ov_026 | 1.0317863116860843 × 10^298 |
| 27 | ov_027 | 5.1598861955895796 × 10^297 |
| 28 | ov_028 | 2.3086069669671564 × 10^297 |
| 29 | ov_029 | 8.894410068744347 × 10^296 |
| 30 | ov_030 | 2.71858120833178 × 10^296 |
| 31 | ov_031 | 5.301359128734195 × 10^295 |
| 32 | lv_80_m31 | 1.033656082559045 × 10^295 |
| 33 | ov_033 | 1.23671673790523 × 10^296 |
| 34 | ov_034 | 1.0730354307067273 × 10^296 |
| 35 | ov_035 | 9.262828955760648 × 10^295 |
| 36 | ov_036 | 7.949392582669984 × 10^295 |
| 37 | ov_037 | 6.782657784489752 × 10^295 |
| 38 | ov_038 | 5.749001701847553 × 10^295 |
| 39 | ov_039 | 4.835510597562368 × 10^295 |
| 40 | ov_040 | 4.029937148385789 × 10^295 |
| 41 | ov_041 | 3.326319383748306 × 10^295 |
| 42 | ov_042 | 2.719002122364584 × 10^295 |
| 43 | ov_043 | 2.2026231028122016 × 10^295 |
| 44 | ov_044 | 1.7672928277285067 × 10^295 |
| 45 | ov_045 | 1.4036584977014021 × 10^295 |
| 46 | ov_046 | 1.102890544181499 × 10^295 |
| 47 | ov_047 | 8.566720589107439 × 10^294 |
| 48 | ov_048 | 6.571906498013591 × 10^294 |
| 49 | ov_049 | 4.971322883066239 × 10^294 |
| 50 | ov_050 | 3.6967674830671634 × 10^294 |
| 51 | ov_051 | 2.7153688472531704 × 10^294 |
| 52 | ov_052 | 1.968709846573882 × 10^294 |
| 53 | ov_053 | 1.4032363836673754 × 10^294 |
| 54 | ov_054 | 9.702451936977165 × 10^293 |
| 55 | ov_055 | 6.4659611323041675 × 10^293 |
| 56 | ov_056 | 4.115686809208645 × 10^293 |
| 57 | ov_057 | 2.4686014378790944 × 10^293 |
| 58 | ov_058 | 1.3658431375614087 × 10^293 |
| 59 | ov_059 | 6.727096925986833 × 10^292 |
| 60 | ov_060 | 2.786558183763866 × 10^292 |
| 61 | ov_061 | 9.72921689701597 × 10^291 |
| 62 | ov_062 | 2.667625508726596 × 10^291 |
| 63 | ov_063 | 5.196536343667992 × 10^290 |
| 64 | lv_79_m31 | 1.0120373113694796 × 10^290 |
| 65 | ov_065 | 1.1962527209573023 × 10^291 |
| 66 | ov_066 | 1.1962492434247539 × 10^291 |
| 67 | ov_067 | 1.196248411607094 × 10^291 |
| 68 | ov_068 | 1.033169657178604 × 10^291 |
| 69 | ov_069 | 8.874546050007204 × 10^290 |
| 70 | ov_070 | 7.577984732329438 × 10^290 |
| 71 | ov_071 | 6.429597634835739 × 10^290 |
| 72 | ov_072 | 5.417560323223819 × 10^290 |
| 73 | ov_073 | 4.5306045353683764 × 10^290 |
| 74 | ov_074 | 3.7579906634212726 × 10^290 |
| 75 | ov_075 | 3.0894861024566043 × 10^290 |
| 76 | ov_076 | 2.5153485255404666 × 10^290 |
| 77 | ov_077 | 2.0263131963249043 × 10^290 |
| 78 | ov_078 | 1.6135834801633381 × 10^290 |
| 79 | ov_079 | 1.2688237635998591 × 10^290 |
| 80 | ov_080 | 9.841540401301892 × 10^289 |
| 81 | ov_081 | 7.521455397827745 × 10^289 |
| 82 | ov_082 | 5.658170379194756 × 10^289 |
| 83 | ov_083 | 4.1863171883837995 × 10^289 |
| 84 | ov_084 | 3.0449454797368 × 10^289 |
| 85 | ov_085 | 2.1775010661781786 × 10^289 |
| 86 | ov_086 | 1.5318084318079012 × 10^289 |
| 87 | ov_087 | 1.0600569506065943 × 10^289 |
| 88 | ov_088 | 7.1879035236276 × 10^288 |
| 89 | ov_089 | 4.688989771472699 × 10^288 |
| 90 | ov_090 | 2.9191383932847295 × 10^288 |
| 91 | ov_091 | 1.7153545935247244 × 10^288 |
| 92 | ov_092 | 9.363250227717256 × 10^287 |
| 93 | ov_093 | 4.624101205329387 × 10^287 |
| 94 | ov_094 | 1.9564035032939566 × 10^287 |
| 95 | aaa_78_28 | 5.971466158760718 × 10^286 |
| 96 | aaa_78_29 | 1.800534955172874 × 10^286 |
| 97 | ov_097 | 9.283882154724367 × 10^285 |
| 98 | ov_098 | 9.283806288288036 × 10^285 |
| 99 | ov_099 | 9.283782040103549 × 10^285 |
| 100 | ov_100 | 7.747249643743326 × 10^285 |
| 101 | ov_101 | 6.413789321231496 × 10^285 |
| 102 | ov_102 | 5.264808671422169 × 10^285 |
| 103 | ov_103 | 4.2827291037819346 × 10^285 |
| 104 | ov_104 | 3.450911443612406 × 10^285 |
| 105 | ov_105 | 2.753591482923754 × 10^285 |
| 106 | ov_106 | 2.1758245495539398 × 10^285 |
| 107 | ov_107 | 1.7034382136805203 × 10^285 |
| 108 | ov_108 | 1.3229922959890061 × 10^285 |
| 109 | ov_109 | 1.021745385768112 × 10^285 |
| 110 | ov_110 | 7.876271203677736 × 10^284 |
| 111 | ov_111 | 6.0921552000267814 × 10^284 |
| 112 | ov_112 | 4.757187139890258 × 10^284 |
| 113 | ov_113 | 3.769604363022677 × 10^284 |
| 114 | ov_114 | 3.0336870994209527 × 10^284 |
| 115 | ov_115 | 2.459671810616748 × 10^284 |
| 116 | ov_116 | 1.963686052078216 × 10^284 |
| 117 | ov_117 | 1.5399222815045464 × 10^284 |
| 118 | ov_118 | 1.1825988685555138 × 10^284 |
| 119 | ov_119 | 8.85952841908188 × 10^283 |
| 120 | ov_120 | 6.442341957755798 × 10^283 |
| 121 | ov_121 | 4.517015497362596 × 10^283 |
| 122 | ov_122 | 3.026189557646156 × 10^283 |
| 123 | ov_123 | 1.9125364636240095 × 10^283 |
| 124 | ov_124 | 1.1187451768624153 × 10^283 |
| 125 | ov_125 | 5.875119137730255 × 10^282 |
| 126 | ov_126 | 2.6153536872248905 × 10^282 |
| 127 | aaa_77_28 | 8.351488412909402 × 10^281 |
| 128 | aaa_77_29 | 3.131152738400425 × 10^281 |
| 129 | ov_129 | 2.860249025667538 × 10^281 |
| 130 | ov_130 | 2.860240255638478 × 10^281 |
| 131 | ov_131 | 2.860238141383454 × 10^281 |
| 132 | ov_132 | 2.4752313934183814 × 10^281 |
| 133 | ov_133 | 2.1304253832756995 × 10^281 |
| 134 | ov_134 | 1.8226670821047625 × 10^281 |
| 135 | ov_135 | 1.548966408591765 × 10^281 |
| 136 | ov_136 | 1.3064845637084919 × 10^281 |
| 137 | ov_137 | 1.0938386277619914 × 10^281 |
| 138 | ov_138 | 9.084643203605535 × 10^280 |
| 139 | ov_139 | 7.479236191960572 × 10^280 |
| 140 | ov_140 | 6.098991564487641 × 10^280 |
| 141 | ov_141 | 4.921897134968034 × 10^280 |
| 142 | ov_142 | 3.927066647273923 × 10^280 |
| 143 | ov_143 | 3.0947122989300473 × 10^280 |
| 144 | ov_144 | 2.406124030498352 × 10^280 |
| 145 | ov_145 | 1.8436543467534507 × 10^280 |
| 146 | ov_146 | 1.3907075209751581 × 10^280 |
| 147 | ov_147 | 1.0317321747085107 × 10^280 |
| 148 | ov_148 | 7.522164220699612 × 10^279 |
| 149 | ov_149 | 5.386848526202672 × 10^279 |
| 150 | ov_150 | 3.7869663994709853 × 10^279 |
| 151 | ov_151 | 2.6084424123553313 × 10^279 |
| 152 | ov_152 | 1.7475243514608094 × 10^279 |
| 153 | ov_153 | 1.1107761568511628 × 10^279 |
| 154 | ov_154 | 6.540581010152631 × 10^278 |
| 155 | ov_155 | 3.383850666186062 × 10^278 |
| 156 | aaa_76_25 | 1.2992538214617686 × 10^278 |
| 157 | aaa_76_26 | 7.491770669975501 × 10^277 |
| 158 | aaa_76_27 | 3.828444057511065 × 10^277 |
| 159 | aaa_76_28 | 1.4873396046730212 × 10^277 |
| 160 | aaa_76_29 | 4.513103723067978 × 10^276 |

### Output Bits Sorted by Complexity

| Rank | Output Bit | Complexity |
|:----:|:----------:|:----------:|
| 160 | aaa_76_29 | 4.513103723067978 × 10^276 |
| 159 | aaa_76_28 | 1.4873396046730212 × 10^277 |
| 158 | aaa_76_27 | 3.828444057511065 × 10^277 |
| 157 | aaa_76_26 | 7.491770669975501 × 10^277 |
| 156 | aaa_76_25 | 1.2992538214617686 × 10^278 |
| 155 | ov_155 | 3.383850666186062 × 10^278 |
| 154 | ov_154 | 6.540581010152631 × 10^278 |
| 153 | ov_153 | 1.1107761568511628 × 10^279 |
| 152 | ov_152 | 1.7475243514608094 × 10^279 |
| 151 | ov_151 | 2.6084424123553313 × 10^279 |
| 150 | ov_150 | 3.7869663994709853 × 10^279 |
| 149 | ov_149 | 5.386848526202672 × 10^279 |
| 148 | ov_148 | 7.522164220699612 × 10^279 |
| 147 | ov_147 | 1.0317321747085107 × 10^280 |
| 146 | ov_146 | 1.3907075209751581 × 10^280 |
| 145 | ov_145 | 1.8436543467534507 × 10^280 |
| 144 | ov_144 | 2.406124030498352 × 10^280 |
| 143 | ov_143 | 3.0947122989300473 × 10^280 |
| 142 | ov_142 | 3.927066647273923 × 10^280 |
| 141 | ov_141 | 4.921897134968034 × 10^280 |
| 140 | ov_140 | 6.098991564487641 × 10^280 |
| 139 | ov_139 | 7.479236191960572 × 10^280 |
| 138 | ov_138 | 9.084643203605535 × 10^280 |
| 137 | ov_137 | 1.0938386277619914 × 10^281 |
| 136 | ov_136 | 1.3064845637084919 × 10^281 |
| 135 | ov_135 | 1.548966408591765 × 10^281 |
| 134 | ov_134 | 1.8226670821047625 × 10^281 |
| 133 | ov_133 | 2.1304253832756995 × 10^281 |
| 132 | ov_132 | 2.4752313934183814 × 10^281 |
| 131 | ov_131 | 2.860238141383454 × 10^281 |
| 130 | ov_130 | 2.860240255638478 × 10^281 |
| 129 | ov_129 | 2.860249025667538 × 10^281 |
| 128 | aaa_77_29 | 3.131152738400425 × 10^281 |
| 127 | aaa_77_28 | 8.351488412909402 × 10^281 |
| 126 | ov_126 | 2.6153536872248905 × 10^282 |
| 125 | ov_125 | 5.875119137730255 × 10^282 |
| 124 | ov_124 | 1.1187451768624153 × 10^283 |
| 123 | ov_123 | 1.9125364636240095 × 10^283 |
| 122 | ov_122 | 3.026189557646156 × 10^283 |
| 121 | ov_121 | 4.517015497362596 × 10^283 |
| 120 | ov_120 | 6.442341957755798 × 10^283 |
| 119 | ov_119 | 8.85952841908188 × 10^283 |
| 118 | ov_118 | 1.1825988685555138 × 10^284 |
| 117 | ov_117 | 1.5399222815045464 × 10^284 |
| 116 | ov_116 | 1.963686052078216 × 10^284 |
| 115 | ov_115 | 2.459671810616748 × 10^284 |
| 114 | ov_114 | 3.0336870994209527 × 10^284 |
| 113 | ov_113 | 3.769604363022677 × 10^284 |
| 112 | ov_112 | 4.757187139890258 × 10^284 |
| 111 | ov_111 | 6.0921552000267814 × 10^284 |
| 110 | ov_110 | 7.876271203677736 × 10^284 |
| 109 | ov_109 | 1.021745385768112 × 10^285 |
| 108 | ov_108 | 1.3229922959890061 × 10^285 |
| 107 | ov_107 | 1.7034382136805203 × 10^285 |
| 106 | ov_106 | 2.1758245495539398 × 10^285 |
| 105 | ov_105 | 2.753591482923754 × 10^285 |
| 104 | ov_104 | 3.450911443612406 × 10^285 |
| 103 | ov_103 | 4.2827291037819346 × 10^285 |
| 102 | ov_102 | 5.264808671422169 × 10^285 |
| 101 | ov_101 | 6.413789321231496 × 10^285 |
| 100 | ov_100 | 7.747249643743326 × 10^285 |
| 99 | ov_099 | 9.283782040103549 × 10^285 |
| 98 | ov_098 | 9.283806288288036 × 10^285 |
| 97 | ov_097 | 9.283882154724367 × 10^285 |
| 96 | aaa_78_29 | 1.800534955172874 × 10^286 |
| 95 | aaa_78_28 | 5.971466158760718 × 10^286 |
| 94 | ov_094 | 1.9564035032939566 × 10^287 |
| 93 | ov_093 | 4.624101205329387 × 10^287 |
| 92 | ov_092 | 9.363250227717256 × 10^287 |
| 91 | ov_091 | 1.7153545935247244 × 10^288 |
| 90 | ov_090 | 2.9191383932847295 × 10^288 |
| 89 | ov_089 | 4.688989771472699 × 10^288 |
| 88 | ov_088 | 7.1879035236276 × 10^288 |
| 87 | ov_087 | 1.0600569506065943 × 10^289 |
| 86 | ov_086 | 1.5318084318079012 × 10^289 |
| 85 | ov_085 | 2.1775010661781786 × 10^289 |
| 84 | ov_084 | 3.0449454797368 × 10^289 |
| 83 | ov_083 | 4.1863171883837995 × 10^289 |
| 82 | ov_082 | 5.658170379194756 × 10^289 |
| 81 | ov_081 | 7.521455397827745 × 10^289 |
| 80 | ov_080 | 9.841540401301892 × 10^289 |
| 64 | lv_79_m31 | 1.0120373113694796 × 10^290 |
| 79 | ov_079 | 1.2688237635998591 × 10^290 |
| 78 | ov_078 | 1.6135834801633381 × 10^290 |
| 77 | ov_077 | 2.0263131963249043 × 10^290 |
| 76 | ov_076 | 2.5153485255404666 × 10^290 |
| 75 | ov_075 | 3.0894861024566043 × 10^290 |
| 74 | ov_074 | 3.7579906634212726 × 10^290 |
| 73 | ov_073 | 4.5306045353683764 × 10^290 |
| 63 | ov_063 | 5.196536343667992 × 10^290 |
| 72 | ov_072 | 5.417560323223819 × 10^290 |
| 71 | ov_071 | 6.429597634835739 × 10^290 |
| 70 | ov_070 | 7.577984732329438 × 10^290 |
| 69 | ov_069 | 8.874546050007204 × 10^290 |
| 68 | ov_068 | 1.033169657178604 × 10^291 |
| 67 | ov_067 | 1.196248411607094 × 10^291 |
| 66 | ov_066 | 1.1962492434247539 × 10^291 |
| 65 | ov_065 | 1.1962527209573023 × 10^291 |
| 62 | ov_062 | 2.667625508726596 × 10^291 |
| 61 | ov_061 | 9.72921689701597 × 10^291 |
| 60 | ov_060 | 2.786558183763866 × 10^292 |
| 59 | ov_059 | 6.727096925986833 × 10^292 |
| 58 | ov_058 | 1.3658431375614087 × 10^293 |
| 57 | ov_057 | 2.4686014378790944 × 10^293 |
| 56 | ov_056 | 4.115686809208645 × 10^293 |
| 55 | ov_055 | 6.4659611323041675 × 10^293 |
| 54 | ov_054 | 9.702451936977165 × 10^293 |
| 53 | ov_053 | 1.4032363836673754 × 10^294 |
| 52 | ov_052 | 1.968709846573882 × 10^294 |
| 51 | ov_051 | 2.7153688472531704 × 10^294 |
| 50 | ov_050 | 3.6967674830671634 × 10^294 |
| 49 | ov_049 | 4.971322883066239 × 10^294 |
| 48 | ov_048 | 6.571906498013591 × 10^294 |
| 47 | ov_047 | 8.566720589107439 × 10^294 |
| 32 | lv_80_m31 | 1.033656082559045 × 10^295 |
| 46 | ov_046 | 1.102890544181499 × 10^295 |
| 45 | ov_045 | 1.4036584977014021 × 10^295 |
| 44 | ov_044 | 1.7672928277285067 × 10^295 |
| 43 | ov_043 | 2.2026231028122016 × 10^295 |
| 42 | ov_042 | 2.719002122364584 × 10^295 |
| 41 | ov_041 | 3.326319383748306 × 10^295 |
| 40 | ov_040 | 4.029937148385789 × 10^295 |
| 39 | ov_039 | 4.835510597562368 × 10^295 |
| 31 | ov_031 | 5.301359128734195 × 10^295 |
| 38 | ov_038 | 5.749001701847553 × 10^295 |
| 37 | ov_037 | 6.782657784489752 × 10^295 |
| 36 | ov_036 | 7.949392582669984 × 10^295 |
| 35 | ov_035 | 9.262828955760648 × 10^295 |
| 34 | ov_034 | 1.0730354307067273 × 10^296 |
| 33 | ov_033 | 1.23671673790523 × 10^296 |
| 30 | ov_030 | 2.71858120833178 × 10^296 |
| 29 | ov_029 | 8.894410068744347 × 10^296 |
| 28 | ov_028 | 2.3086069669671564 × 10^297 |
| 27 | ov_027 | 5.1598861955895796 × 10^297 |
| 26 | ov_026 | 1.0317863116860843 × 10^298 |
| 25 | ov_025 | 1.8901179472610078 × 10^298 |
| 24 | ov_024 | 3.227254610159727 × 10^298 |
| 23 | ov_023 | 5.203877735198934 × 10^298 |
| 22 | ov_022 | 8.16576881764783 × 10^298 |
| 21 | ov_021 | 1.2507563231113722 × 10^299 |
| 20 | ov_020 | 1.8672795686803328 × 10^299 |
| 19 | ov_019 | 2.7153974525002254 × 10^299 |
| 18 | ov_018 | 3.849269464902391 × 10^299 |
| 17 | ov_017 | 5.327980084464394 × 10^299 |
| 16 | ov_016 | 7.21556151611709 × 10^299 |
| 15 | ov_015 | 9.581024396418722 × 10^299 |
| 14 | ov_014 | 1.2498398451922033 × 10^300 |
| 13 | ov_013 | 1.6046786008733297 × 10^300 |
| 12 | ov_012 | 2.0310432236611182 × 10^300 |
| 11 | ov_011 | 2.5378816302547034 × 10^300 |
| 10 | ov_010 | 3.13467673901088 × 10^300 |
| 9 | ov_009 | 3.831460993239893 × 10^300 |
| 8 | ov_008 | 4.6388343408925054 × 10^300 |
| 7 | ov_007 | 5.567986275809506 × 10^300 |
| 6 | ov_006 | 6.63072258585628 × 10^300 |
| 5 | ov_005 | 7.839497493996617 × 10^300 |
| 4 | ov_004 | 9.207451919849273 × 10^300 |
| 3 | ov_003 | 1.0748458580923289 × 10^301 |
| 2 | ov_002 | 1.2477174541173864 × 10^301 |
| 1 | ov_001 | 1.4409101695926464 × 10^301 |

