# Results for E004005-F009-F012-F013-F014-F015-F016-F017-F018-F019-F020-F021-F022-F023-F024-F025-F026-F027-F028-F029-F030-F031-F032-F033-F034-F035-F036-F037-F038-F039-F040-F041-F042-F043-F044-F045-F046-F047-F048-F049-F050-F051-F052-F053-F054-F055-F056-F057-F058-F059-F060-F061-F062-F063-F064-F065-F066-F067-F068-F069-F070-F071-F072-F073-F074-F075-F076-F077-F078-F079-F080-F081-F082-F083-F084-F085-F086-F087-F088-F089-F090-F091-F092-F093-F094-F095-F096-F097-F098-F099-F100-F101-F102-F103-F104-F105-F106-F107-F108-F109-F110-F111-F112-F113-F114-F115-F116-F117-F118-F119-F120-F121-F122-F123-F124-F125-F126-F127-F128-F129-F130-F131-F132-F133-F134-F135-F136-F137-F138-F139-F140-F141-F142-F143-F144-F145-F146-F147-F148-F149-F150-F151-F152-F153-F154-F155-F156-F157-F158-F159-F160-F161-F162-F163-F164-F165-F166-F167-F168-F169-F170-F171-F172-F173-F174-F175-F176-F177-F178-F179-F180-F181-F182-F183-F184-F185-F186-F187-F188-F189-F190-F191-F192-F193-F194-F195-F196-F197-F198-F199-F200-F201-F202-F203-F204-F205-F206-F207-F208-F209-F210-F211-F212-F213-F214-F215-F216-F217-F218-F219-F220-F221-F222-F223-F224-F225-F226-F227-F228-F229-F230-F231-F232-F233-F234-F235-F236-F237-F238-F239-F240-F241-F242-F243-F244-F245-F246-F247-F248-F249-F250-F251-F252-F253-F254-F255-F256-F257-F258-F259-F260-F261-F262-F263-F264-F265-F266-F267-F268-F269-F270-F271-F272-F273-F274-F275-F276-F277-F278-F279-F280-F281-F282-F283-F284-F285-F286-F287-F288-F289-F290-F291-F292-F293-F294-F295-F296-F297-F298-F299-F300-F301-F302-F303-F304-F305-F306-F307-F308-F309-F310-F311-F312-F313-F314-F315-F316-F317-F318-F319-F320-F321-F322-F323-F324-F325-F326-F327-F328-F329-F330-F331-F332-F333-F334-F335-F336-F337-F338-F339-F340-F341-F342-F343-F344-F345-F346-F347-F348-F349-F350-F351-F352-F353-F354-F355-F356-F357-F358-F359-F360-F361-F362-F363-F364-F365-F366-F367-F368-F369-F370-F371-F372-F373-F374-F375-F376-F377-F378-F379-F380-F381-F382-F383-F384-F385-F386-F387-F388-F389-F390-F391-F392-F393-F394-F395-F396-F397-F398-F399-F400-F401-F402-F403-F404-F405-F406-F407-F408-F409-F410-F411-F412-F413-F414-F415-F416-F417-F418-F419-F420-F421-F422-F423-F424-F425-F426-F427-F428-F429-F430-F431-F432-F433-F434-F435-F436-F437-F438-F439-F440-F441-F442-F443-F444-F445-F446-F447-F448-F449-F450-F451-F452-F453-F454-F455-F456-F457-F458-F459-F460-F461-F462-F463-F464-F465-F466-F467-F468-F469-F470-F471-F472-F473-F474-F475-F476-F477-F478-F479-F480-F481-F482-F483-F484-F485-F486-F487-F488-F489-F490-F491-F492-F493-F494-F495-F496-F497-F498-F499-F500-F501-F502-F503-F504-F505-F506-F507-F508-F509-F510-F511-F512

## Summary

Number of input bits: 512  
Number of free input bits: 9  
Number of output bits: 160

Number of direct occurrences: 41059  
Number of assignments: 37990  
Number of operations: 18767055
(xor: 18727501,
and: 23534,
or: 16020)

Total complexity: 1.2880666708784748 × 10^352

Least occurring input variable: iv_007 (4323)  
Most occurring input variable: iv_011 (4997)

Most co-occurring input variables: iv_010-iv_011 (2370)  
Least co-occurring input variables: iv_004-iv_007 (1936)

Potentially most occurring input variable: iv_008/iv_011 (5232)  
Potentially least occurring input variable: iv_002/iv_007 (4544)

Least output occurring input variable: iv_004 (67)  
Most output occurring input variable: iv_011 (90)

Most output co-occurring input variables: iv_002-iv_011 (50)  
Least output co-occurring input variables: iv_004-iv_007 (30)

Potentially most output occurring input variable: iv_003/iv_006 (91)  
Potentially least output occurring input variable: iv_008/iv_010 (68)

Least complex input bit: iv_001 (3.706731774038436 × 10^349)  
Most complex input bit: iv_008 (3.351022707718889 × 10^351)

Least complex output bit: aaa_76_29 (4.202354254021996 × 10^327)  
Most complex output bit: ov_001 (1.969348243205881 × 10^351)

Least complex input/output complexity: iv_001/aaa_76_29 (1.2093318142084393 × 10^325)  
Most complex input/output complexity: iv_008/ov_001 (5.123438740859888 × 10^350)

## Input Bits

### Input Bits in Regular Order

| Input Bit | Complexity | Occurrences | Output Occurrences |
|:---------:|:----------:|:-----------:|:------------------:|
| iv_001 | 3.706731774038436 × 10^349 | 4566 | 75 |
| iv_002 | 1.5818514180959156 × 10^350 | 4617 | 85 |
| iv_003 | 4.4668887059057584 × 10^350 | 4431 | 72 |
| iv_004 | 1.9210733767388331 × 10^351 | 4437 | 67 |
| iv_006 | 2.0198391818384774 × 10^351 | 4592 | 87 |
| iv_007 | 2.6381097468339434 × 10^351 | 4323 | 70 |
| iv_008 | 3.351022707718889 × 10^351 | 4597 | 81 |
| iv_010 | 1.1027459756170952 × 10^351 | 4499 | 83 |
| iv_011 | 1.205934389896974 × 10^351 | 4997 | 90 |

### Input Bits Sorted by Complexity

| Input Bit | Complexity | Occurrences | Output Occurrences |
|:---------:|:----------:|:-----------:|:------------------:|
| iv_001 | 3.706731774038436 × 10^349 | 4566 | 75 |
| iv_002 | 1.5818514180959156 × 10^350 | 4617 | 85 |
| iv_003 | 4.4668887059057584 × 10^350 | 4431 | 72 |
| iv_010 | 1.1027459756170952 × 10^351 | 4499 | 83 |
| iv_011 | 1.205934389896974 × 10^351 | 4997 | 90 |
| iv_004 | 1.9210733767388331 × 10^351 | 4437 | 67 |
| iv_006 | 2.0198391818384774 × 10^351 | 4592 | 87 |
| iv_007 | 2.6381097468339434 × 10^351 | 4323 | 70 |
| iv_008 | 3.351022707718889 × 10^351 | 4597 | 81 |

### Input Bits Sorted by Occurrences

| Input Bit | Complexity | Occurrences | Output Occurrences |
|:---------:|:----------:|:-----------:|:------------------:|
| iv_007 | 2.6381097468339434 × 10^351 | 4323 | 70 |
| iv_003 | 4.4668887059057584 × 10^350 | 4431 | 72 |
| iv_004 | 1.9210733767388331 × 10^351 | 4437 | 67 |
| iv_010 | 1.1027459756170952 × 10^351 | 4499 | 83 |
| iv_001 | 3.706731774038436 × 10^349 | 4566 | 75 |
| iv_006 | 2.0198391818384774 × 10^351 | 4592 | 87 |
| iv_008 | 3.351022707718889 × 10^351 | 4597 | 81 |
| iv_002 | 1.5818514180959156 × 10^350 | 4617 | 85 |
| iv_011 | 1.205934389896974 × 10^351 | 4997 | 90 |

### Input Bits Sorted by Output Occurrences

| Input Bit | Complexity | Occurrences | Output Occurrences |
|:---------:|:----------:|:-----------:|:------------------:|
| iv_004 | 1.9210733767388331 × 10^351 | 4437 | 67 |
| iv_007 | 2.6381097468339434 × 10^351 | 4323 | 70 |
| iv_003 | 4.4668887059057584 × 10^350 | 4431 | 72 |
| iv_001 | 3.706731774038436 × 10^349 | 4566 | 75 |
| iv_008 | 3.351022707718889 × 10^351 | 4597 | 81 |
| iv_010 | 1.1027459756170952 × 10^351 | 4499 | 83 |
| iv_002 | 1.5818514180959156 × 10^350 | 4617 | 85 |
| iv_006 | 2.0198391818384774 × 10^351 | 4592 | 87 |
| iv_011 | 1.205934389896974 × 10^351 | 4997 | 90 |

## Input Bit Co-occurrences

### Input Bit Co-occurrences Sorted by Co-occurrences

| Input Bits | Co-occurrences | Potential Occurrences | Output Co-occurrences | Potential Output Occurrences |
|:----------:|:--------------:|:---------------------:|:---------------------:|:----------------------------:|
| iv_010-iv_011 | 2370 | 4756 | 45 | 83 |
| iv_002-iv_011 | 2312 | 4990 | 50 | 75 |
| iv_001-iv_011 | 2303 | 4957 | 43 | 79 |
| iv_004-iv_011 | 2241 | 4952 | 36 | 85 |
| iv_001-iv_006 | 2221 | 4716 | 47 | 68 |
| iv_001-iv_002 | 2213 | 4757 | 40 | 80 |
| iv_002-iv_006 | 2211 | 4787 | 45 | 82 |
| iv_006-iv_011 | 2210 | 5169 | 47 | 83 |
| iv_002-iv_007 | 2198 | 4544 | 43 | 69 |

### Input Bit Co-occurrences Sorted by Potential Occurrences

| Input Bits | Co-occurrences | Potential Occurrences | Output Co-occurrences | Potential Output Occurrences |
|:----------:|:--------------:|:---------------------:|:---------------------:|:----------------------------:|
| iv_002-iv_007 | 2198 | 4544 | 43 | 69 |
| iv_007-iv_008 | 2142 | 4636 | 31 | 89 |
| iv_004-iv_010 | 2136 | 4664 | 33 | 84 |
| iv_006-iv_007 | 2112 | 4691 | 37 | 83 |
| iv_001-iv_006 | 2221 | 4716 | 47 | 68 |
| iv_001-iv_007 | 2083 | 4723 | 34 | 77 |
| iv_002-iv_003 | 2157 | 4734 | 42 | 73 |
| iv_010-iv_011 | 2370 | 4756 | 45 | 83 |
| iv_001-iv_002 | 2213 | 4757 | 40 | 80 |

### Input Bit Output Co-occurrences Sorted by Output Co-occurrences

| Input Bits | Co-occurrences | Potential Occurrences | Output Co-occurrences | Potential Output Occurrences |
|:----------:|:--------------:|:---------------------:|:---------------------:|:----------------------------:|
| iv_002-iv_011 | 2312 | 4990 | 50 | 75 |
| iv_006-iv_010 | 2101 | 4889 | 48 | 74 |
| iv_008-iv_010 | 2024 | 5048 | 48 | 68 |
| iv_006-iv_011 | 2210 | 5169 | 47 | 83 |
| iv_001-iv_006 | 2221 | 4716 | 47 | 68 |
| iv_002-iv_010 | 2110 | 4896 | 46 | 76 |
| iv_010-iv_011 | 2370 | 4756 | 45 | 83 |
| iv_002-iv_006 | 2211 | 4787 | 45 | 82 |
| iv_006-iv_008 | 2148 | 4893 | 44 | 80 |

### Input Bit Output Co-occurrences Sorted by Potential Output Occurrences

| Input Bits | Co-occurrences | Potential Occurrences | Output Co-occurrences | Potential Output Occurrences |
|:----------:|:--------------:|:---------------------:|:---------------------:|:----------------------------:|
| iv_008-iv_010 | 2024 | 5048 | 48 | 68 |
| iv_001-iv_006 | 2221 | 4716 | 47 | 68 |
| iv_002-iv_007 | 2198 | 4544 | 43 | 69 |
| iv_001-iv_010 | 2107 | 4851 | 44 | 70 |
| iv_003-iv_004 | 2011 | 4846 | 34 | 71 |
| iv_001-iv_008 | 2153 | 4857 | 42 | 72 |
| iv_002-iv_004 | 2062 | 4930 | 40 | 72 |
| iv_004-iv_008 | 1986 | 5062 | 38 | 72 |
| iv_002-iv_003 | 2157 | 4734 | 42 | 73 |

## Output Bits

### Output Bits in Regular Order

| Rank | Output Bit | Complexity |
|:----:|:----------:|:----------:|
| 1 | ov_001 | 1.969348243205881 × 10^351 |
| 2 | ov_002 | 1.7244665396024795 × 10^351 |
| 3 | ov_003 | 1.503300504530006 × 10^351 |
| 4 | ov_004 | 1.3035141009724264 × 10^351 |
| 5 | ov_005 | 1.1229048370929503 × 10^351 |
| 6 | ov_006 | 9.604035839177795 × 10^350 |
| 7 | ov_007 | 8.15000922402596 × 10^350 |
| 8 | ov_008 | 6.857431402512292 × 10^350 |
| 9 | ov_009 | 5.7172871882681965 × 10^350 |
| 10 | ov_010 | 4.7210528133760384 × 10^350 |
| 11 | ov_011 | 3.860669752509661 × 10^350 |
| 12 | ov_012 | 3.128522580296547 × 10^350 |
| 13 | ov_013 | 2.510638911685208 × 10^350 |
| 14 | ov_014 | 1.993852430285893 × 10^350 |
| 15 | ov_015 | 1.565780319443373 × 10^350 |
| 16 | ov_016 | 1.2148052166898778 × 10^350 |
| 17 | ov_017 | 9.300610323982646 × 10^349 |
| 18 | ov_018 | 7.014220275835859 × 10^349 |
| 19 | ov_019 | 5.194945991383703 × 10^349 |
| 20 | ov_020 | 3.756112735269936 × 10^349 |
| 21 | ov_021 | 2.6561921884223905 × 10^349 |
| 22 | ov_022 | 1.822918542873697 × 10^349 |
| 23 | ov_023 | 1.1911975366699602 × 10^349 |
| 24 | ov_024 | 7.302731501241772 × 10^348 |
| 25 | ov_025 | 4.1296748787470627 × 10^348 |
| 26 | ov_026 | 2.1567861488056893 × 10^348 |
| 27 | ov_027 | 1.0192695774271809 × 10^348 |
| 28 | ov_028 | 4.238169473927719 × 10^347 |
| 29 | ov_029 | 1.4860542287158975 × 10^347 |
| 30 | ov_030 | 4.093564078119122 × 10^346 |
| 31 | ov_031 | 8.017082647460912 × 10^345 |
| 32 | lv_80_m31 | 1.5702196955609452 × 10^345 |
| 33 | ov_033 | 1.94900915878919 × 10^346 |
| 34 | ov_034 | 1.712872179391166 × 10^346 |
| 35 | ov_035 | 1.4998310134081629 × 10^346 |
| 36 | ov_036 | 1.3075815421226616 × 10^346 |
| 37 | ov_037 | 1.1339611561855095 × 10^346 |
| 38 | ov_038 | 9.76939186427532 × 10^345 |
| 39 | ov_039 | 8.355321418574999 × 10^345 |
| 40 | ov_040 | 7.088160666007557 × 10^345 |
| 41 | ov_041 | 5.959227788495652 × 10^345 |
| 42 | ov_042 | 4.960364790589018 × 10^345 |
| 43 | ov_043 | 4.0839070639047127 × 10^345 |
| 44 | ov_044 | 3.3226562304270944 × 10^345 |
| 45 | ov_045 | 2.6698560661632698 × 10^345 |
| 46 | ov_046 | 2.1191713107098047 × 10^345 |
| 47 | ov_047 | 1.6591228565540027 × 10^345 |
| 48 | ov_048 | 1.27899088021313 × 10^345 |
| 49 | ov_049 | 9.687896322044249 × 10^344 |
| 50 | ov_050 | 7.192463077079449 × 10^344 |
| 51 | ov_051 | 5.217836286555127 × 10^344 |
| 52 | ov_052 | 3.6850576894782337 × 10^344 |
| 53 | ov_053 | 2.5218725509615254 × 10^344 |
| 54 | ov_054 | 1.6626447492600577 × 10^344 |
| 55 | ov_055 | 1.0482942716182861 × 10^344 |
| 56 | ov_056 | 6.2625344802550395 × 10^343 |
| 57 | ov_057 | 3.5043825240631865 × 10^343 |
| 58 | ov_058 | 1.812310312056373 × 10^343 |
| 59 | ov_059 | 8.547119792194958 × 10^342 |
| 60 | ov_060 | 3.6450895876248886 × 10^342 |
| 61 | ov_061 | 1.3913332791564795 × 10^342 |
| 62 | ov_062 | 3.847051251734785 × 10^341 |
| 63 | ov_063 | 7.563247744745416 × 10^340 |
| 64 | lv_79_m31 | 1.4867834539356814 × 10^340 |
| 65 | ov_065 | 2.038838702653464 × 10^341 |
| 66 | ov_066 | 2.0387759956902707 × 10^341 |
| 67 | ov_067 | 2.0387558038868177 × 10^341 |
| 68 | ov_068 | 1.8335332004979216 × 10^341 |
| 69 | ov_069 | 1.6437112857488818 × 10^341 |
| 70 | ov_070 | 1.468404706187725 × 10^341 |
| 71 | ov_071 | 1.3067933139806722 × 10^341 |
| 72 | ov_072 | 1.1581149684088551 × 10^341 |
| 73 | ov_073 | 1.0216587333833333 × 10^341 |
| 74 | ov_074 | 8.967584487642612 × 10^340 |
| 75 | ov_075 | 7.82786654369925 × 10^340 |
| 76 | ov_076 | 6.791489200917586 × 10^340 |
| 77 | ov_077 | 5.852787054019909 × 10^340 |
| 78 | ov_078 | 5.006327897018568 × 10^340 |
| 79 | ov_079 | 4.246872377231669 × 10^340 |
| 80 | ov_080 | 3.569338650031727 × 10^340 |
| 81 | ov_081 | 2.9687716907995022 × 10^340 |
| 82 | ov_082 | 2.440316925304601 × 10^340 |
| 83 | ov_083 | 1.9791978432334556 × 10^340 |
| 84 | ov_084 | 1.5806972620829087 × 10^340 |
| 85 | ov_085 | 1.2401419103541983 × 10^340 |
| 86 | ov_086 | 9.528900001087694 × 10^339 |
| 87 | ov_087 | 7.143214596464229 × 10^339 |
| 88 | ov_088 | 5.19830497475998 × 10^339 |
| 89 | ov_089 | 3.648201689686529 × 10^339 |
| 90 | ov_090 | 2.4469861718143295 × 10^339 |
| 91 | ov_091 | 1.5487665937706107 × 10^339 |
| 92 | ov_092 | 9.076639350636642 × 10^338 |
| 93 | ov_093 | 4.7780477138757237 × 10^338 |
| 94 | ov_094 | 2.133177305281216 × 10^338 |
| 95 | aaa_78_28 | 6.833198027070826 × 10^337 |
| 96 | aaa_78_29 | 2.5746486418946644 × 10^337 |
| 97 | ov_097 | 2.491306409584604 × 10^337 |
| 98 | ov_098 | 2.491299077313173 × 10^337 |
| 99 | ov_099 | 2.4912972944306637 × 10^337 |
| 100 | ov_100 | 2.1889770657191696 × 10^337 |
| 101 | ov_101 | 1.915694874121756 × 10^337 |
| 102 | ov_102 | 1.6687222540470086 × 10^337 |
| 103 | ov_103 | 1.445488691261771 × 10^337 |
| 104 | ov_104 | 1.2435706567078766 × 10^337 |
| 105 | ov_105 | 1.0617918373969618 × 10^337 |
| 106 | ov_106 | 8.990422090303975 × 10^336 |
| 107 | ov_107 | 7.542739451285688 × 10^336 |
| 108 | ov_108 | 6.264978108970566 × 10^336 |
| 109 | ov_109 | 5.147800052548628 × 10^336 |
| 110 | ov_110 | 4.182394165697312 × 10^336 |
| 111 | ov_111 | 3.360452596915082 × 10^336 |
| 112 | ov_112 | 2.6667921778848446 × 10^336 |
| 113 | ov_113 | 2.0871482950791953 × 10^336 |
| 114 | ov_114 | 1.608149722745349 × 10^336 |
| 115 | ov_115 | 1.2172986011328685 × 10^336 |
| 116 | ov_116 | 9.029549336409649 × 10^335 |
| 117 | ov_117 | 6.543248873284697 × 10^335 |
| 118 | ov_118 | 4.61452201398647 × 10^335 |
| 119 | ov_119 | 3.1521208080550043 × 10^335 |
| 120 | ov_120 | 2.0730702454760398 × 10^335 |
| 121 | ov_121 | 1.3026411057148075 × 10^335 |
| 122 | ov_122 | 7.743333153000728 × 10^334 |
| 123 | ov_123 | 4.298664794950995 × 10^334 |
| 124 | ov_124 | 2.1917497365165595 × 10^334 |
| 125 | ov_125 | 1.0040567943106952 × 10^334 |
| 126 | ov_126 | 3.991708770656893 × 10^333 |
| 127 | aaa_77_28 | 1.2279008290837848 × 10^333 |
| 128 | aaa_77_29 | 3.749097848743128 × 10^332 |
| 129 | ov_129 | 2.2912088897253602 × 10^332 |
| 130 | ov_130 | 2.2912006530583466 × 10^332 |
| 131 | ov_131 | 2.291198645548161 × 10^332 |
| 132 | ov_132 | 2.0187015644356116 × 10^332 |
| 133 | ov_133 | 1.7734035499727278 × 10^332 |
| 134 | ov_134 | 1.5523014450228868 × 10^332 |
| 135 | ov_135 | 1.3539390547499558 × 10^332 |
| 136 | ov_136 | 1.1756508038116121 × 10^332 |
| 137 | ov_137 | 1.0149226155263458 × 10^332 |
| 138 | ov_138 | 8.705340193378782 × 10^331 |
| 139 | ov_139 | 7.41333045706336 × 10^331 |
| 140 | ov_140 | 6.262321446764264 × 10^331 |
| 141 | ov_141 | 5.242046198250407 × 10^331 |
| 142 | ov_142 | 4.342815418963581 × 10^331 |
| 143 | ov_143 | 3.555491084372399 × 10^331 |
| 144 | ov_144 | 2.8714641771753614 × 10^331 |
| 145 | ov_145 | 2.2826362716838452 × 10^331 |
| 146 | ov_146 | 1.7814046250494538 × 10^331 |
| 147 | ov_147 | 1.3606503410125517 × 10^331 |
| 148 | ov_148 | 1.013729145329813 × 10^331 |
| 149 | ov_149 | 7.344643502289609 × 10^330 |
| 150 | ov_150 | 5.171416233856602 × 10^330 |
| 151 | ov_151 | 3.5170542477415124 × 10^330 |
| 152 | ov_152 | 2.2901038995633147 × 10^330 |
| 153 | ov_153 | 1.4081849071232703 × 10^330 |
| 154 | ov_154 | 7.979729656214421 × 10^329 |
| 155 | ov_155 | 3.951898539761873 × 10^329 |
| 156 | aaa_76_25 | 1.4459840830642295 × 10^329 |
| 157 | aaa_76_26 | 7.57662245418874 × 10^328 |
| 158 | aaa_76_27 | 3.5057504276553036 × 10^328 |
| 159 | aaa_76_28 | 1.373104627892891 × 10^328 |
| 160 | aaa_76_29 | 4.202354254021996 × 10^327 |

### Output Bits Sorted by Complexity

| Rank | Output Bit | Complexity |
|:----:|:----------:|:----------:|
| 160 | aaa_76_29 | 4.202354254021996 × 10^327 |
| 159 | aaa_76_28 | 1.373104627892891 × 10^328 |
| 158 | aaa_76_27 | 3.5057504276553036 × 10^328 |
| 157 | aaa_76_26 | 7.57662245418874 × 10^328 |
| 156 | aaa_76_25 | 1.4459840830642295 × 10^329 |
| 155 | ov_155 | 3.951898539761873 × 10^329 |
| 154 | ov_154 | 7.979729656214421 × 10^329 |
| 153 | ov_153 | 1.4081849071232703 × 10^330 |
| 152 | ov_152 | 2.2901038995633147 × 10^330 |
| 151 | ov_151 | 3.5170542477415124 × 10^330 |
| 150 | ov_150 | 5.171416233856602 × 10^330 |
| 149 | ov_149 | 7.344643502289609 × 10^330 |
| 148 | ov_148 | 1.013729145329813 × 10^331 |
| 147 | ov_147 | 1.3606503410125517 × 10^331 |
| 146 | ov_146 | 1.7814046250494538 × 10^331 |
| 145 | ov_145 | 2.2826362716838452 × 10^331 |
| 144 | ov_144 | 2.8714641771753614 × 10^331 |
| 143 | ov_143 | 3.555491084372399 × 10^331 |
| 142 | ov_142 | 4.342815418963581 × 10^331 |
| 141 | ov_141 | 5.242046198250407 × 10^331 |
| 140 | ov_140 | 6.262321446764264 × 10^331 |
| 139 | ov_139 | 7.41333045706336 × 10^331 |
| 138 | ov_138 | 8.705340193378782 × 10^331 |
| 137 | ov_137 | 1.0149226155263458 × 10^332 |
| 136 | ov_136 | 1.1756508038116121 × 10^332 |
| 135 | ov_135 | 1.3539390547499558 × 10^332 |
| 134 | ov_134 | 1.5523014450228868 × 10^332 |
| 133 | ov_133 | 1.7734035499727278 × 10^332 |
| 132 | ov_132 | 2.0187015644356116 × 10^332 |
| 131 | ov_131 | 2.291198645548161 × 10^332 |
| 130 | ov_130 | 2.2912006530583466 × 10^332 |
| 129 | ov_129 | 2.2912088897253602 × 10^332 |
| 128 | aaa_77_29 | 3.749097848743128 × 10^332 |
| 127 | aaa_77_28 | 1.2279008290837848 × 10^333 |
| 126 | ov_126 | 3.991708770656893 × 10^333 |
| 125 | ov_125 | 1.0040567943106952 × 10^334 |
| 124 | ov_124 | 2.1917497365165595 × 10^334 |
| 123 | ov_123 | 4.298664794950995 × 10^334 |
| 122 | ov_122 | 7.743333153000728 × 10^334 |
| 121 | ov_121 | 1.3026411057148075 × 10^335 |
| 120 | ov_120 | 2.0730702454760398 × 10^335 |
| 119 | ov_119 | 3.1521208080550043 × 10^335 |
| 118 | ov_118 | 4.61452201398647 × 10^335 |
| 117 | ov_117 | 6.543248873284697 × 10^335 |
| 116 | ov_116 | 9.029549336409649 × 10^335 |
| 115 | ov_115 | 1.2172986011328685 × 10^336 |
| 114 | ov_114 | 1.608149722745349 × 10^336 |
| 113 | ov_113 | 2.0871482950791953 × 10^336 |
| 112 | ov_112 | 2.6667921778848446 × 10^336 |
| 111 | ov_111 | 3.360452596915082 × 10^336 |
| 110 | ov_110 | 4.182394165697312 × 10^336 |
| 109 | ov_109 | 5.147800052548628 × 10^336 |
| 108 | ov_108 | 6.264978108970566 × 10^336 |
| 107 | ov_107 | 7.542739451285688 × 10^336 |
| 106 | ov_106 | 8.990422090303975 × 10^336 |
| 105 | ov_105 | 1.0617918373969618 × 10^337 |
| 104 | ov_104 | 1.2435706567078766 × 10^337 |
| 103 | ov_103 | 1.445488691261771 × 10^337 |
| 102 | ov_102 | 1.6687222540470086 × 10^337 |
| 101 | ov_101 | 1.915694874121756 × 10^337 |
| 100 | ov_100 | 2.1889770657191696 × 10^337 |
| 99 | ov_099 | 2.4912972944306637 × 10^337 |
| 98 | ov_098 | 2.491299077313173 × 10^337 |
| 97 | ov_097 | 2.491306409584604 × 10^337 |
| 96 | aaa_78_29 | 2.5746486418946644 × 10^337 |
| 95 | aaa_78_28 | 6.833198027070826 × 10^337 |
| 94 | ov_094 | 2.133177305281216 × 10^338 |
| 93 | ov_093 | 4.7780477138757237 × 10^338 |
| 92 | ov_092 | 9.076639350636642 × 10^338 |
| 91 | ov_091 | 1.5487665937706107 × 10^339 |
| 90 | ov_090 | 2.4469861718143295 × 10^339 |
| 89 | ov_089 | 3.648201689686529 × 10^339 |
| 88 | ov_088 | 5.19830497475998 × 10^339 |
| 87 | ov_087 | 7.143214596464229 × 10^339 |
| 86 | ov_086 | 9.528900001087694 × 10^339 |
| 85 | ov_085 | 1.2401419103541983 × 10^340 |
| 64 | lv_79_m31 | 1.4867834539356814 × 10^340 |
| 84 | ov_084 | 1.5806972620829087 × 10^340 |
| 83 | ov_083 | 1.9791978432334556 × 10^340 |
| 82 | ov_082 | 2.440316925304601 × 10^340 |
| 81 | ov_081 | 2.9687716907995022 × 10^340 |
| 80 | ov_080 | 3.569338650031727 × 10^340 |
| 79 | ov_079 | 4.246872377231669 × 10^340 |
| 78 | ov_078 | 5.006327897018568 × 10^340 |
| 77 | ov_077 | 5.852787054019909 × 10^340 |
| 76 | ov_076 | 6.791489200917586 × 10^340 |
| 63 | ov_063 | 7.563247744745416 × 10^340 |
| 75 | ov_075 | 7.82786654369925 × 10^340 |
| 74 | ov_074 | 8.967584487642612 × 10^340 |
| 73 | ov_073 | 1.0216587333833333 × 10^341 |
| 72 | ov_072 | 1.1581149684088551 × 10^341 |
| 71 | ov_071 | 1.3067933139806722 × 10^341 |
| 70 | ov_070 | 1.468404706187725 × 10^341 |
| 69 | ov_069 | 1.6437112857488818 × 10^341 |
| 68 | ov_068 | 1.8335332004979216 × 10^341 |
| 67 | ov_067 | 2.0387558038868177 × 10^341 |
| 66 | ov_066 | 2.0387759956902707 × 10^341 |
| 65 | ov_065 | 2.038838702653464 × 10^341 |
| 62 | ov_062 | 3.847051251734785 × 10^341 |
| 61 | ov_061 | 1.3913332791564795 × 10^342 |
| 60 | ov_060 | 3.6450895876248886 × 10^342 |
| 59 | ov_059 | 8.547119792194958 × 10^342 |
| 58 | ov_058 | 1.812310312056373 × 10^343 |
| 57 | ov_057 | 3.5043825240631865 × 10^343 |
| 56 | ov_056 | 6.2625344802550395 × 10^343 |
| 55 | ov_055 | 1.0482942716182861 × 10^344 |
| 54 | ov_054 | 1.6626447492600577 × 10^344 |
| 53 | ov_053 | 2.5218725509615254 × 10^344 |
| 52 | ov_052 | 3.6850576894782337 × 10^344 |
| 51 | ov_051 | 5.217836286555127 × 10^344 |
| 50 | ov_050 | 7.192463077079449 × 10^344 |
| 49 | ov_049 | 9.687896322044249 × 10^344 |
| 48 | ov_048 | 1.27899088021313 × 10^345 |
| 32 | lv_80_m31 | 1.5702196955609452 × 10^345 |
| 47 | ov_047 | 1.6591228565540027 × 10^345 |
| 46 | ov_046 | 2.1191713107098047 × 10^345 |
| 45 | ov_045 | 2.6698560661632698 × 10^345 |
| 44 | ov_044 | 3.3226562304270944 × 10^345 |
| 43 | ov_043 | 4.0839070639047127 × 10^345 |
| 42 | ov_042 | 4.960364790589018 × 10^345 |
| 41 | ov_041 | 5.959227788495652 × 10^345 |
| 40 | ov_040 | 7.088160666007557 × 10^345 |
| 31 | ov_031 | 8.017082647460912 × 10^345 |
| 39 | ov_039 | 8.355321418574999 × 10^345 |
| 38 | ov_038 | 9.76939186427532 × 10^345 |
| 37 | ov_037 | 1.1339611561855095 × 10^346 |
| 36 | ov_036 | 1.3075815421226616 × 10^346 |
| 35 | ov_035 | 1.4998310134081629 × 10^346 |
| 34 | ov_034 | 1.712872179391166 × 10^346 |
| 33 | ov_033 | 1.94900915878919 × 10^346 |
| 30 | ov_030 | 4.093564078119122 × 10^346 |
| 29 | ov_029 | 1.4860542287158975 × 10^347 |
| 28 | ov_028 | 4.238169473927719 × 10^347 |
| 27 | ov_027 | 1.0192695774271809 × 10^348 |
| 26 | ov_026 | 2.1567861488056893 × 10^348 |
| 25 | ov_025 | 4.1296748787470627 × 10^348 |
| 24 | ov_024 | 7.302731501241772 × 10^348 |
| 23 | ov_023 | 1.1911975366699602 × 10^349 |
| 22 | ov_022 | 1.822918542873697 × 10^349 |
| 21 | ov_021 | 2.6561921884223905 × 10^349 |
| 20 | ov_020 | 3.756112735269936 × 10^349 |
| 19 | ov_019 | 5.194945991383703 × 10^349 |
| 18 | ov_018 | 7.014220275835859 × 10^349 |
| 17 | ov_017 | 9.300610323982646 × 10^349 |
| 16 | ov_016 | 1.2148052166898778 × 10^350 |
| 15 | ov_015 | 1.565780319443373 × 10^350 |
| 14 | ov_014 | 1.993852430285893 × 10^350 |
| 13 | ov_013 | 2.510638911685208 × 10^350 |
| 12 | ov_012 | 3.128522580296547 × 10^350 |
| 11 | ov_011 | 3.860669752509661 × 10^350 |
| 10 | ov_010 | 4.7210528133760384 × 10^350 |
| 9 | ov_009 | 5.7172871882681965 × 10^350 |
| 8 | ov_008 | 6.857431402512292 × 10^350 |
| 7 | ov_007 | 8.15000922402596 × 10^350 |
| 6 | ov_006 | 9.604035839177795 × 10^350 |
| 5 | ov_005 | 1.1229048370929503 × 10^351 |
| 4 | ov_004 | 1.3035141009724264 × 10^351 |
| 3 | ov_003 | 1.503300504530006 × 10^351 |
| 2 | ov_002 | 1.7244665396024795 × 10^351 |
| 1 | ov_001 | 1.969348243205881 × 10^351 |

