# Results for F001-F002-F003-F004-F005-F006-F007-F008-F009-F010-F011-F012-F013-F014-F015-F016-F017-F018-F019-F020-F021-F022-F023-F024-F025-F026-F027-F028-F029-F030-F031-F032-F033-F034-F035-F036-F037-F038-F039-F040-F041-F042-F043-F044-F045-F046-F047-F048-F049-F050-F051-F052-F053-F054-F055-F056-F057-F058-F059-F060-F061-F062-F063-F064-F065-F066-F067-F068-F069-F070-F071-F072-F073-F074-F075-F076-F077-F078-F079-F080-F081-F082-F083-F084-F085-F086-F087-F088-F089-F090-F091-F092-F093-F094-F095-F096-F097-F098-F099-F100-F101-F102-F103-F104-F105-F106-F107-F108-F109-F110-F111-F112-F113-F114-F115-F116-F117-F118-F119-F120-F121-F122-F123-F124-F125-F126-F127-F128-F129-F130-F131-F132-F133-F134-F135-F136-F137-F138-F139-F140-F141-F142-F143-F144-F145-F146-F147-F148-F149-F150-F151-F152-F153-F154-F155-F156-F157-F158-F159-F160-F161-F162-F163-F164-F165-F166-F167-F168-F169-F170-F171-F172-F173-F174-F175-F176-F177-F178-F179-F180-F181-F182-F183-F184-F185-F186-F187-F188-F189-F190-F191-F192-F193-F194-F195-F196-F197-F198-F199-F200-F201-F202-F203-F204-F205-F206-F207-F208-F209-F210-F211-F212-F213-F214-F215-F216-F217-F218-F219-F220-F221-F222-F223-F224-F225-F226-F227-F228-F229-F230-F231-F232-F233-F234-F235-F236-F237-F238-F239-F240-F241-F242-F243-F244-F245-F246-F247-F248-F249-F250-F251-F252-F253-F254-F255-F256-F257-F258-F259-F260-F261-F262-F263-F264-F265-F266-F267-F268-F269-F270-F271-F272-F273-F274-F275-F276-F277-F278-F279-F280-F281-F282-F283-F284-F285-F286-F287-F288-F289-F290-F291-F292-F293-F294-F295-F296-F297-F298-F299-F300-F301-F302-F303-F304-F305-F306-F307-F308-F309-F310-F311-F312-F313-F314-F315-F316-F317-F318-F319-F320-F321-F322-F323-F324-F325-F326-F327-F328-F329-F330-F331-F332-F333-F334-F335-F336-F337-F338-F339-F340-F341-F342-F343-F344-F345-F346-F347-F348-F349-F350-F351-F352-F353-F354-F355-F356-F357-F358-F359-F360-F361-F362-F363-F364-F365-F366-F367-F368-F369-F370-F371-F372-F373-F374-F375-F376-F377-F378-F379-F380-F381-F382-F383-F384-F385-F386-F387-F388-F389-F390-F391-F392-F393-F394-F395-F396-F397-F398-F399-F400-F401-F402-F403-F404-F405-F406-F407-F408-F409-F410-F411-F412-F413-F414-F415-F416-F417-F418-F419-F420-F421-F422-F423-F424-F425-F426-F427-F428-F429-F430-F431-F432-F433-F434-F435-F436-F437-F438-F439-F440-F441-F442-F443-F444-F445-F446-F447-F448-F449-F450-F451-F452-F453-F454-F455-F456-F457-F458-F459-F460-F461-F462-F463-F464-F465-F466-F467-F468-F469-F470-F471-F472-F473-F474-F475-F476-F477-F478-F479-F480-F481-F482-F483-F484-F485-F486-F487-F488-F489-F490-F491-F492-F493-F494-F495-F496-O497503-O500505-F508-F509-F510-F511-F512

## Summary

Number of input bits: 512  
Number of free input bits: 9  
Number of output bits: 160

Number of direct occurrences: 35943  
Number of assignments: 30851  
Number of operations: 10763073
(xor: 10735226,
and: 14654,
or: 13193)

Total complexity: 1.2885864244935418 × 10^297

Least occurring input variable: iv_502 (3786)  
Most occurring input variable: iv_500 (4212)

Most co-occurring input variables: iv_500-iv_501 (1999)  
Least co-occurring input variables: iv_498-iv_502 (1716)

Potentially most occurring input variable: iv_497/iv_500 (4603)  
Potentially least occurring input variable: iv_501/iv_504 (4074)

Least output occurring input variable: iv_502 (71)  
Most output occurring input variable: iv_506 (93)

Most output co-occurring input variables: iv_506-iv_507 (54)  
Least output co-occurring input variables: iv_497-iv_499 (30)

Potentially most output occurring input variable: iv_497/iv_506 (94)  
Potentially least output occurring input variable: iv_500/iv_502 (67)

Least complex input bit: iv_498 (1.5288544701979318 × 10^295)  
Most complex input bit: iv_500 (4.188388724238523 × 10^296)

Least complex output bit: aaa_76_29 (9.529385725707644 × 10^271)  
Most complex output bit: ov_001 (2.079261395822898 × 10^296)

Least complex input/output complexity: iv_498/aaa_76_29 (1.1306221831969564 × 10^270)  
Most complex input/output complexity: iv_500/ov_001 (6.75837865390512 × 10^295)

## Input Bits

### Input Bits in Regular Order

| Input Bit | Complexity | Occurrences | Output Occurrences |
|:---------:|:----------:|:-----------:|:------------------:|
| iv_497 | 1.9477627733840653 × 10^296 | 4103 | 73 |
| iv_498 | 1.5288544701979318 × 10^295 | 3897 | 88 |
| iv_499 | 2.68847530100113 × 10^295 | 3853 | 72 |
| iv_500 | 4.188388724238523 × 10^296 | 4212 | 82 |
| iv_501 | 7.374672072290863 × 10^295 | 4016 | 80 |
| iv_502 | 1.184441861077808 × 10^296 | 3786 | 71 |
| iv_504 | 2.9025425548999217 × 10^296 | 3880 | 71 |
| iv_506 | 6.933712551225255 × 10^295 | 4064 | 93 |
| iv_507 | 8.101568918635931 × 10^295 | 4132 | 84 |

### Input Bits Sorted by Complexity

| Input Bit | Complexity | Occurrences | Output Occurrences |
|:---------:|:----------:|:-----------:|:------------------:|
| iv_498 | 1.5288544701979318 × 10^295 | 3897 | 88 |
| iv_499 | 2.68847530100113 × 10^295 | 3853 | 72 |
| iv_506 | 6.933712551225255 × 10^295 | 4064 | 93 |
| iv_501 | 7.374672072290863 × 10^295 | 4016 | 80 |
| iv_507 | 8.101568918635931 × 10^295 | 4132 | 84 |
| iv_502 | 1.184441861077808 × 10^296 | 3786 | 71 |
| iv_497 | 1.9477627733840653 × 10^296 | 4103 | 73 |
| iv_504 | 2.9025425548999217 × 10^296 | 3880 | 71 |
| iv_500 | 4.188388724238523 × 10^296 | 4212 | 82 |

### Input Bits Sorted by Occurrences

| Input Bit | Complexity | Occurrences | Output Occurrences |
|:---------:|:----------:|:-----------:|:------------------:|
| iv_502 | 1.184441861077808 × 10^296 | 3786 | 71 |
| iv_499 | 2.68847530100113 × 10^295 | 3853 | 72 |
| iv_504 | 2.9025425548999217 × 10^296 | 3880 | 71 |
| iv_498 | 1.5288544701979318 × 10^295 | 3897 | 88 |
| iv_501 | 7.374672072290863 × 10^295 | 4016 | 80 |
| iv_506 | 6.933712551225255 × 10^295 | 4064 | 93 |
| iv_497 | 1.9477627733840653 × 10^296 | 4103 | 73 |
| iv_507 | 8.101568918635931 × 10^295 | 4132 | 84 |
| iv_500 | 4.188388724238523 × 10^296 | 4212 | 82 |

### Input Bits Sorted by Output Occurrences

| Input Bit | Complexity | Occurrences | Output Occurrences |
|:---------:|:----------:|:-----------:|:------------------:|
| iv_502 | 1.184441861077808 × 10^296 | 3786 | 71 |
| iv_504 | 2.9025425548999217 × 10^296 | 3880 | 71 |
| iv_499 | 2.68847530100113 × 10^295 | 3853 | 72 |
| iv_497 | 1.9477627733840653 × 10^296 | 4103 | 73 |
| iv_501 | 7.374672072290863 × 10^295 | 4016 | 80 |
| iv_500 | 4.188388724238523 × 10^296 | 4212 | 82 |
| iv_507 | 8.101568918635931 × 10^295 | 4132 | 84 |
| iv_498 | 1.5288544701979318 × 10^295 | 3897 | 88 |
| iv_506 | 6.933712551225255 × 10^295 | 4064 | 93 |

## Input Bit Co-occurrences

### Input Bit Co-occurrences Sorted by Co-occurrences

| Input Bits | Co-occurrences | Potential Occurrences | Output Co-occurrences | Potential Output Occurrences |
|:----------:|:--------------:|:---------------------:|:---------------------:|:----------------------------:|
| iv_500-iv_501 | 1999 | 4230 | 43 | 76 |
| iv_500-iv_507 | 1989 | 4366 | 45 | 76 |
| iv_500-iv_506 | 1979 | 4318 | 48 | 79 |
| iv_506-iv_507 | 1958 | 4280 | 54 | 69 |
| iv_501-iv_507 | 1941 | 4266 | 43 | 78 |
| iv_501-iv_504 | 1911 | 4074 | 39 | 73 |
| iv_504-iv_507 | 1897 | 4218 | 39 | 77 |
| iv_498-iv_500 | 1895 | 4319 | 47 | 76 |
| iv_504-iv_506 | 1890 | 4164 | 43 | 78 |

### Input Bit Co-occurrences Sorted by Potential Occurrences

| Input Bits | Co-occurrences | Potential Occurrences | Output Co-occurrences | Potential Output Occurrences |
|:----------:|:--------------:|:---------------------:|:---------------------:|:----------------------------:|
| iv_501-iv_504 | 1911 | 4074 | 39 | 73 |
| iv_499-iv_504 | 1811 | 4111 | 30 | 83 |
| iv_498-iv_504 | 1810 | 4157 | 42 | 75 |
| iv_498-iv_499 | 1796 | 4158 | 44 | 72 |
| iv_504-iv_506 | 1890 | 4164 | 43 | 78 |
| iv_502-iv_506 | 1842 | 4166 | 41 | 82 |
| iv_502-iv_504 | 1739 | 4188 | 33 | 76 |
| iv_498-iv_506 | 1886 | 4189 | 54 | 73 |
| iv_499-iv_502 | 1721 | 4197 | 32 | 79 |

### Input Bit Output Co-occurrences Sorted by Output Co-occurrences

| Input Bits | Co-occurrences | Potential Occurrences | Output Co-occurrences | Potential Output Occurrences |
|:----------:|:--------------:|:---------------------:|:---------------------:|:----------------------------:|
| iv_498-iv_506 | 1886 | 4189 | 54 | 73 |
| iv_506-iv_507 | 1958 | 4280 | 54 | 69 |
| iv_500-iv_506 | 1979 | 4318 | 48 | 79 |
| iv_498-iv_500 | 1895 | 4319 | 47 | 76 |
| iv_498-iv_507 | 1878 | 4273 | 46 | 80 |
| iv_500-iv_507 | 1989 | 4366 | 45 | 76 |
| iv_498-iv_501 | 1841 | 4231 | 44 | 80 |
| iv_498-iv_499 | 1796 | 4158 | 44 | 72 |
| iv_500-iv_501 | 1999 | 4230 | 43 | 76 |

### Input Bit Output Co-occurrences Sorted by Potential Output Occurrences

| Input Bits | Co-occurrences | Potential Occurrences | Output Co-occurrences | Potential Output Occurrences |
|:----------:|:--------------:|:---------------------:|:---------------------:|:----------------------------:|
| iv_500-iv_502 | 1838 | 4322 | 43 | 67 |
| iv_497-iv_502 | 1778 | 4333 | 38 | 68 |
| iv_506-iv_507 | 1958 | 4280 | 54 | 69 |
| iv_498-iv_499 | 1796 | 4158 | 44 | 72 |
| iv_497-iv_507 | 1881 | 4473 | 42 | 73 |
| iv_498-iv_506 | 1886 | 4189 | 54 | 73 |
| iv_501-iv_504 | 1911 | 4074 | 39 | 73 |
| iv_500-iv_504 | 1887 | 4318 | 40 | 73 |
| iv_497-iv_501 | 1886 | 4347 | 39 | 75 |

## Output Bits

### Output Bits in Regular Order

| Rank | Output Bit | Complexity |
|:----:|:----------:|:----------:|
| 1 | ov_001 | 2.079261395822898 × 10^296 |
| 2 | ov_002 | 1.8005098419614434 × 10^296 |
| 3 | ov_003 | 1.5510726471820808 × 10^296 |
| 4 | ov_004 | 1.3287142633825745 × 10^296 |
| 5 | ov_005 | 1.1313210541930422 × 10^296 |
| 6 | ov_006 | 9.568925384651416 × 10^295 |
| 7 | ov_007 | 8.035337743147459 × 10^295 |
| 8 | ov_008 | 6.694488155427386 × 10^295 |
| 9 | ov_009 | 5.529351557196647 × 10^295 |
| 10 | ov_010 | 4.523790596624661 × 10^295 |
| 11 | ov_011 | 3.662516808634243 × 10^295 |
| 12 | ov_012 | 2.9310586921238123 × 10^295 |
| 13 | ov_013 | 2.315735790296157 × 10^295 |
| 14 | ov_014 | 1.8036379302296948 × 10^295 |
| 15 | ov_015 | 1.3826088331895653 × 10^295 |
| 16 | ov_016 | 1.0412333620934483 × 10^295 |
| 17 | ov_017 | 7.688277271410543 × 10^294 |
| 18 | ov_018 | 5.554320249767574 × 10^294 |
| 19 | ov_019 | 3.918045698448159 × 10^294 |
| 20 | ov_020 | 2.6941761259076974 × 10^294 |
| 21 | ov_021 | 1.8045417056759553 × 10^294 |
| 22 | ov_022 | 1.1780575076283017 × 10^294 |
| 23 | ov_023 | 7.507077543317134 × 10^293 |
| 24 | ov_024 | 4.65535464933194 × 10^293 |
| 25 | ov_025 | 2.726361186117656 × 10^293 |
| 26 | ov_026 | 1.4881999058137902 × 10^293 |
| 27 | ov_027 | 7.442127405585237 × 10^292 |
| 28 | ov_028 | 3.3297600693397864 × 10^292 |
| 29 | ov_029 | 1.2829876465929499 × 10^292 |
| 30 | ov_030 | 3.922238635492482 × 10^291 |
| 31 | ov_031 | 7.650896476736965 × 10^290 |
| 32 | lv_80_m31 | 1.4922225459127725 × 10^290 |
| 33 | ov_033 | 1.7850602234480014 × 10^291 |
| 34 | ov_034 | 1.5481027811413483 × 10^291 |
| 35 | ov_035 | 1.3361442066912282 × 10^291 |
| 36 | ov_036 | 1.1470666792981132 × 10^291 |
| 37 | ov_037 | 9.788660500295899 × 10^290 |
| 38 | ov_038 | 8.296437954276992 × 10^290 |
| 39 | ov_039 | 6.976000808635474 × 10^290 |
| 40 | ov_040 | 5.810278267219789 × 10^290 |
| 41 | ov_041 | 4.790959996436929 × 10^290 |
| 42 | ov_042 | 3.910162759368393 × 10^290 |
| 43 | ov_043 | 3.1604111760874353 × 10^290 |
| 44 | ov_044 | 2.5279174405344295 × 10^290 |
| 45 | ov_045 | 1.9996413729463795 × 10^290 |
| 46 | ov_046 | 1.5632717879958614 × 10^290 |
| 47 | ov_047 | 1.2072118850450749 × 10^290 |
| 48 | ov_048 | 9.205680054064453 × 10^289 |
| 49 | ov_049 | 6.93141150874228 × 10^289 |
| 50 | ov_050 | 5.154207068990931 × 10^289 |
| 51 | ov_051 | 3.7857986267425545 × 10^289 |
| 52 | ov_052 | 2.7447229175248125 × 10^289 |
| 53 | ov_053 | 1.9562977024506863 × 10^289 |
| 54 | ov_054 | 1.3526051391824038 × 10^289 |
| 55 | ov_055 | 9.013757198373976 × 10^288 |
| 56 | ov_056 | 5.737143786470366 × 10^288 |
| 57 | ov_057 | 3.440978043266084 × 10^288 |
| 58 | ov_058 | 1.903729082884929 × 10^288 |
| 59 | ov_059 | 9.375602882867618 × 10^287 |
| 60 | ov_060 | 3.883257027463455 × 10^287 |
| 61 | ov_061 | 1.355687298129692 × 10^287 |
| 62 | ov_062 | 3.7167104151741656 × 10^286 |
| 63 | ov_063 | 7.239287883654439 × 10^285 |
| 64 | lv_79_m31 | 1.4096968319977902 × 10^285 |
| 65 | ov_065 | 1.6647603074763965 × 10^286 |
| 66 | ov_066 | 1.664755816722542 × 10^286 |
| 67 | ov_067 | 1.66475475479593 × 10^286 |
| 68 | ov_068 | 1.4371467234384963 × 10^286 |
| 69 | ov_069 | 1.2338610049677323 × 10^286 |
| 70 | ov_070 | 1.0530659659742129 × 10^286 |
| 71 | ov_071 | 8.930159105543863 × 10^285 |
| 72 | ov_072 | 7.520462273036034 × 10^285 |
| 73 | ov_073 | 6.285696152491477 × 10^285 |
| 74 | ov_074 | 5.210731682579975 × 10^285 |
| 75 | ov_075 | 4.281161090058039 × 10^285 |
| 76 | ov_076 | 3.4832797471779013 × 10^285 |
| 77 | ov_077 | 2.804070878067191 × 10^285 |
| 78 | ov_078 | 2.2311921419236534 × 10^285 |
| 79 | ov_079 | 1.7529637778106842 × 10^285 |
| 80 | ov_080 | 1.3583582112340112 × 10^285 |
| 81 | ov_081 | 1.0369910236541703 × 10^285 |
| 82 | ov_082 | 7.791131868106896 × 10^284 |
| 83 | ov_083 | 5.7560446426348945 × 10^284 |
| 84 | ov_084 | 4.179678829421913 × 10^284 |
| 85 | ov_085 | 2.983251777683377 × 10^284 |
| 86 | ov_086 | 2.0941311260448855 × 10^284 |
| 87 | ov_087 | 1.4458058090879073 × 10^284 |
| 88 | ov_088 | 9.77863895514979 × 10^283 |
| 89 | ov_089 | 6.359762929528628 × 10^283 |
| 90 | ov_090 | 3.944974645606253 × 10^283 |
| 91 | ov_091 | 2.3081530043055045 × 10^283 |
| 92 | ov_092 | 1.2534825332676154 × 10^283 |
| 93 | ov_093 | 6.154372776658221 × 10^282 |
| 94 | ov_094 | 2.5877287961480884 × 10^282 |
| 95 | aaa_78_28 | 7.852334232332886 × 10^281 |
| 96 | aaa_78_29 | 2.3460966053103485 × 10^281 |
| 97 | ov_097 | 1.2419971991500576 × 10^281 |
| 98 | ov_098 | 1.2419812385704077 × 10^281 |
| 99 | ov_099 | 1.2419761373113175 × 10^281 |
| 100 | ov_100 | 1.016753976698715 × 10^281 |
| 101 | ov_101 | 8.26947299263868 × 10^280 |
| 102 | ov_102 | 6.686444417082396 × 10^280 |
| 103 | ov_103 | 5.381470401040921 × 10^280 |
| 104 | ov_104 | 4.319543788397396 × 10^280 |
| 105 | ov_105 | 3.4674983174508324 × 10^280 |
| 106 | ov_106 | 2.793892002704201 × 10^280 |
| 107 | ov_107 | 2.2689076341485576 × 10^280 |
| 108 | ov_108 | 1.8642686361136409 × 10^280 |
| 109 | ov_109 | 1.5531686204334512 × 10^280 |
| 110 | ov_110 | 1.3102130595114414 × 10^280 |
| 111 | ov_111 | 1.1113715943534696 × 10^280 |
| 112 | ov_112 | 9.339395811631633 × 10^279 |
| 113 | ov_113 | 7.766456425125537 × 10^279 |
| 114 | ov_114 | 6.382366402755623 × 10^279 |
| 115 | ov_115 | 5.174731473661026 × 10^279 |
| 116 | ov_116 | 4.131258793918707 × 10^279 |
| 117 | ov_117 | 3.239729993827668 × 10^279 |
| 118 | ov_118 | 2.4879812678985777 × 10^279 |
| 119 | ov_119 | 1.8638881080792727 × 10^279 |
| 120 | ov_120 | 1.3553533179708937 × 10^279 |
| 121 | ov_121 | 9.502978745107296 × 10^278 |
| 122 | ov_122 | 6.366542036580016 × 10^278 |
| 123 | ov_123 | 4.0236143664126645 × 10^278 |
| 124 | ov_124 | 2.3536221332535444 × 10^278 |
| 125 | ov_125 | 1.2360070424858953 × 10^278 |
| 126 | ov_126 | 5.50216030092223 × 10^277 |
| 127 | aaa_77_28 | 1.7569740064389613 × 10^277 |
| 128 | aaa_77_29 | 6.587251336956495 × 10^276 |
| 129 | ov_129 | 6.017722362646012 × 10^276 |
| 130 | ov_130 | 6.017703835122834 × 10^276 |
| 131 | ov_131 | 6.017699365582551 × 10^276 |
| 132 | ov_132 | 5.207672728696684 × 10^276 |
| 133 | ov_133 | 4.482249225296056 × 10^276 |
| 134 | ov_134 | 3.834784077788869 × 10^276 |
| 135 | ov_135 | 3.258977930908672 × 10^276 |
| 136 | ov_136 | 2.7488520218583554 × 10^276 |
| 137 | ov_137 | 2.3014942586393586 × 10^276 |
| 138 | ov_138 | 1.9115071051240977 × 10^276 |
| 139 | ov_139 | 1.5737600015452124 × 10^276 |
| 140 | ov_140 | 1.2833772559844837 × 10^276 |
| 141 | ov_141 | 1.0357282661170964 × 10^276 |
| 142 | ov_142 | 8.264197670840723 × 10^275 |
| 143 | ov_143 | 6.512898189695502 × 10^275 |
| 144 | ov_144 | 5.064032648631796 × 10^275 |
| 145 | ov_145 | 3.880484079255755 × 10^275 |
| 146 | ov_146 | 2.9273467326702925 × 10^275 |
| 147 | ov_147 | 2.17191037808336 × 10^275 |
| 148 | ov_148 | 1.583650286252145 × 10^275 |
| 149 | ov_149 | 1.1342210759022043 × 10^275 |
| 150 | ov_150 | 7.9745285568234 × 10^274 |
| 151 | ov_151 | 5.493485712856278 × 10^274 |
| 152 | ov_152 | 3.6808204249083484 × 10^274 |
| 153 | ov_153 | 2.339965222943437 × 10^274 |
| 154 | ov_154 | 1.378058453217828 × 10^274 |
| 155 | ov_155 | 7.13078552945653 × 10^273 |
| 156 | aaa_76_25 | 2.738416732328143 × 10^273 |
| 157 | aaa_76_26 | 1.579586609609871 × 10^273 |
| 158 | aaa_76_27 | 8.075263837673284 × 10^272 |
| 159 | aaa_76_28 | 3.138846195268891 × 10^272 |
| 160 | aaa_76_29 | 9.529385725707644 × 10^271 |

### Output Bits Sorted by Complexity

| Rank | Output Bit | Complexity |
|:----:|:----------:|:----------:|
| 160 | aaa_76_29 | 9.529385725707644 × 10^271 |
| 159 | aaa_76_28 | 3.138846195268891 × 10^272 |
| 158 | aaa_76_27 | 8.075263837673284 × 10^272 |
| 157 | aaa_76_26 | 1.579586609609871 × 10^273 |
| 156 | aaa_76_25 | 2.738416732328143 × 10^273 |
| 155 | ov_155 | 7.13078552945653 × 10^273 |
| 154 | ov_154 | 1.378058453217828 × 10^274 |
| 153 | ov_153 | 2.339965222943437 × 10^274 |
| 152 | ov_152 | 3.6808204249083484 × 10^274 |
| 151 | ov_151 | 5.493485712856278 × 10^274 |
| 150 | ov_150 | 7.9745285568234 × 10^274 |
| 149 | ov_149 | 1.1342210759022043 × 10^275 |
| 148 | ov_148 | 1.583650286252145 × 10^275 |
| 147 | ov_147 | 2.17191037808336 × 10^275 |
| 146 | ov_146 | 2.9273467326702925 × 10^275 |
| 145 | ov_145 | 3.880484079255755 × 10^275 |
| 144 | ov_144 | 5.064032648631796 × 10^275 |
| 143 | ov_143 | 6.512898189695502 × 10^275 |
| 142 | ov_142 | 8.264197670840723 × 10^275 |
| 141 | ov_141 | 1.0357282661170964 × 10^276 |
| 140 | ov_140 | 1.2833772559844837 × 10^276 |
| 139 | ov_139 | 1.5737600015452124 × 10^276 |
| 138 | ov_138 | 1.9115071051240977 × 10^276 |
| 137 | ov_137 | 2.3014942586393586 × 10^276 |
| 136 | ov_136 | 2.7488520218583554 × 10^276 |
| 135 | ov_135 | 3.258977930908672 × 10^276 |
| 134 | ov_134 | 3.834784077788869 × 10^276 |
| 133 | ov_133 | 4.482249225296056 × 10^276 |
| 132 | ov_132 | 5.207672728696684 × 10^276 |
| 131 | ov_131 | 6.017699365582551 × 10^276 |
| 130 | ov_130 | 6.017703835122834 × 10^276 |
| 129 | ov_129 | 6.017722362646012 × 10^276 |
| 128 | aaa_77_29 | 6.587251336956495 × 10^276 |
| 127 | aaa_77_28 | 1.7569740064389613 × 10^277 |
| 126 | ov_126 | 5.50216030092223 × 10^277 |
| 125 | ov_125 | 1.2360070424858953 × 10^278 |
| 124 | ov_124 | 2.3536221332535444 × 10^278 |
| 123 | ov_123 | 4.0236143664126645 × 10^278 |
| 122 | ov_122 | 6.366542036580016 × 10^278 |
| 121 | ov_121 | 9.502978745107296 × 10^278 |
| 120 | ov_120 | 1.3553533179708937 × 10^279 |
| 119 | ov_119 | 1.8638881080792727 × 10^279 |
| 118 | ov_118 | 2.4879812678985777 × 10^279 |
| 117 | ov_117 | 3.239729993827668 × 10^279 |
| 116 | ov_116 | 4.131258793918707 × 10^279 |
| 115 | ov_115 | 5.174731473661026 × 10^279 |
| 114 | ov_114 | 6.382366402755623 × 10^279 |
| 113 | ov_113 | 7.766456425125537 × 10^279 |
| 112 | ov_112 | 9.339395811631633 × 10^279 |
| 111 | ov_111 | 1.1113715943534696 × 10^280 |
| 110 | ov_110 | 1.3102130595114414 × 10^280 |
| 109 | ov_109 | 1.5531686204334512 × 10^280 |
| 108 | ov_108 | 1.8642686361136409 × 10^280 |
| 107 | ov_107 | 2.2689076341485576 × 10^280 |
| 106 | ov_106 | 2.793892002704201 × 10^280 |
| 105 | ov_105 | 3.4674983174508324 × 10^280 |
| 104 | ov_104 | 4.319543788397396 × 10^280 |
| 103 | ov_103 | 5.381470401040921 × 10^280 |
| 102 | ov_102 | 6.686444417082396 × 10^280 |
| 101 | ov_101 | 8.26947299263868 × 10^280 |
| 100 | ov_100 | 1.016753976698715 × 10^281 |
| 99 | ov_099 | 1.2419761373113175 × 10^281 |
| 98 | ov_098 | 1.2419812385704077 × 10^281 |
| 97 | ov_097 | 1.2419971991500576 × 10^281 |
| 96 | aaa_78_29 | 2.3460966053103485 × 10^281 |
| 95 | aaa_78_28 | 7.852334232332886 × 10^281 |
| 94 | ov_094 | 2.5877287961480884 × 10^282 |
| 93 | ov_093 | 6.154372776658221 × 10^282 |
| 92 | ov_092 | 1.2534825332676154 × 10^283 |
| 91 | ov_091 | 2.3081530043055045 × 10^283 |
| 90 | ov_090 | 3.944974645606253 × 10^283 |
| 89 | ov_089 | 6.359762929528628 × 10^283 |
| 88 | ov_088 | 9.77863895514979 × 10^283 |
| 87 | ov_087 | 1.4458058090879073 × 10^284 |
| 86 | ov_086 | 2.0941311260448855 × 10^284 |
| 85 | ov_085 | 2.983251777683377 × 10^284 |
| 84 | ov_084 | 4.179678829421913 × 10^284 |
| 83 | ov_083 | 5.7560446426348945 × 10^284 |
| 82 | ov_082 | 7.791131868106896 × 10^284 |
| 81 | ov_081 | 1.0369910236541703 × 10^285 |
| 80 | ov_080 | 1.3583582112340112 × 10^285 |
| 64 | lv_79_m31 | 1.4096968319977902 × 10^285 |
| 79 | ov_079 | 1.7529637778106842 × 10^285 |
| 78 | ov_078 | 2.2311921419236534 × 10^285 |
| 77 | ov_077 | 2.804070878067191 × 10^285 |
| 76 | ov_076 | 3.4832797471779013 × 10^285 |
| 75 | ov_075 | 4.281161090058039 × 10^285 |
| 74 | ov_074 | 5.210731682579975 × 10^285 |
| 73 | ov_073 | 6.285696152491477 × 10^285 |
| 63 | ov_063 | 7.239287883654439 × 10^285 |
| 72 | ov_072 | 7.520462273036034 × 10^285 |
| 71 | ov_071 | 8.930159105543863 × 10^285 |
| 70 | ov_070 | 1.0530659659742129 × 10^286 |
| 69 | ov_069 | 1.2338610049677323 × 10^286 |
| 68 | ov_068 | 1.4371467234384963 × 10^286 |
| 67 | ov_067 | 1.66475475479593 × 10^286 |
| 66 | ov_066 | 1.664755816722542 × 10^286 |
| 65 | ov_065 | 1.6647603074763965 × 10^286 |
| 62 | ov_062 | 3.7167104151741656 × 10^286 |
| 61 | ov_061 | 1.355687298129692 × 10^287 |
| 60 | ov_060 | 3.883257027463455 × 10^287 |
| 59 | ov_059 | 9.375602882867618 × 10^287 |
| 58 | ov_058 | 1.903729082884929 × 10^288 |
| 57 | ov_057 | 3.440978043266084 × 10^288 |
| 56 | ov_056 | 5.737143786470366 × 10^288 |
| 55 | ov_055 | 9.013757198373976 × 10^288 |
| 54 | ov_054 | 1.3526051391824038 × 10^289 |
| 53 | ov_053 | 1.9562977024506863 × 10^289 |
| 52 | ov_052 | 2.7447229175248125 × 10^289 |
| 51 | ov_051 | 3.7857986267425545 × 10^289 |
| 50 | ov_050 | 5.154207068990931 × 10^289 |
| 49 | ov_049 | 6.93141150874228 × 10^289 |
| 48 | ov_048 | 9.205680054064453 × 10^289 |
| 47 | ov_047 | 1.2072118850450749 × 10^290 |
| 32 | lv_80_m31 | 1.4922225459127725 × 10^290 |
| 46 | ov_046 | 1.5632717879958614 × 10^290 |
| 45 | ov_045 | 1.9996413729463795 × 10^290 |
| 44 | ov_044 | 2.5279174405344295 × 10^290 |
| 43 | ov_043 | 3.1604111760874353 × 10^290 |
| 42 | ov_042 | 3.910162759368393 × 10^290 |
| 41 | ov_041 | 4.790959996436929 × 10^290 |
| 40 | ov_040 | 5.810278267219789 × 10^290 |
| 39 | ov_039 | 6.976000808635474 × 10^290 |
| 31 | ov_031 | 7.650896476736965 × 10^290 |
| 38 | ov_038 | 8.296437954276992 × 10^290 |
| 37 | ov_037 | 9.788660500295899 × 10^290 |
| 36 | ov_036 | 1.1470666792981132 × 10^291 |
| 35 | ov_035 | 1.3361442066912282 × 10^291 |
| 34 | ov_034 | 1.5481027811413483 × 10^291 |
| 33 | ov_033 | 1.7850602234480014 × 10^291 |
| 30 | ov_030 | 3.922238635492482 × 10^291 |
| 29 | ov_029 | 1.2829876465929499 × 10^292 |
| 28 | ov_028 | 3.3297600693397864 × 10^292 |
| 27 | ov_027 | 7.442127405585237 × 10^292 |
| 26 | ov_026 | 1.4881999058137902 × 10^293 |
| 25 | ov_025 | 2.726361186117656 × 10^293 |
| 24 | ov_024 | 4.65535464933194 × 10^293 |
| 23 | ov_023 | 7.507077543317134 × 10^293 |
| 22 | ov_022 | 1.1780575076283017 × 10^294 |
| 21 | ov_021 | 1.8045417056759553 × 10^294 |
| 20 | ov_020 | 2.6941761259076974 × 10^294 |
| 19 | ov_019 | 3.918045698448159 × 10^294 |
| 18 | ov_018 | 5.554320249767574 × 10^294 |
| 17 | ov_017 | 7.688277271410543 × 10^294 |
| 16 | ov_016 | 1.0412333620934483 × 10^295 |
| 15 | ov_015 | 1.3826088331895653 × 10^295 |
| 14 | ov_014 | 1.8036379302296948 × 10^295 |
| 13 | ov_013 | 2.315735790296157 × 10^295 |
| 12 | ov_012 | 2.9310586921238123 × 10^295 |
| 11 | ov_011 | 3.662516808634243 × 10^295 |
| 10 | ov_010 | 4.523790596624661 × 10^295 |
| 9 | ov_009 | 5.529351557196647 × 10^295 |
| 8 | ov_008 | 6.694488155427386 × 10^295 |
| 7 | ov_007 | 8.035337743147459 × 10^295 |
| 6 | ov_006 | 9.568925384651416 × 10^295 |
| 5 | ov_005 | 1.1313210541930422 × 10^296 |
| 4 | ov_004 | 1.3287142633825745 × 10^296 |
| 3 | ov_003 | 1.5510726471820808 × 10^296 |
| 2 | ov_002 | 1.8005098419614434 × 10^296 |
| 1 | ov_001 | 2.079261395822898 × 10^296 |

