# Results for F001-F002-F003-F004-F005-F006-F007-F008-F009-F010-F011-F012-F013-F014-F015-F016-F017-F018-F019-F020-F021-F022-F023-F024-F025-F026-F027-F028-F029-F030-F031-F032-F033-F034-F035-F036-F037-F038-F039-F040-F041-F042-F043-F044-F045-F046-F047-F048-F049-F050-F051-F052-F053-F054-F055-F056-F057-F058-F059-F060-F061-F062-F063-F064-F065-F066-F067-F068-F069-F070-F071-F072-F073-F074-F075-F076-F077-F078-F079-F080-F081-F082-F083-F084-F085-F086-F087-F088-F089-F090-F091-F092-F093-F094-F095-F096-F097-F098-F099-F100-F101-F102-F103-F104-F105-F106-F107-F108-F109-F110-F111-F112-F113-F114-F115-F116-F117-F118-F119-F120-F121-F122-F123-F124-F125-F126-F127-F128-F129-F130-F131-F132-F133-F134-F135-F136-F137-F138-F139-F140-F141-F142-F143-F144-F145-F146-F147-F148-F149-F150-F151-F152-F153-F154-F155-F156-F157-F158-F159-F160-F161-F162-F163-F164-F165-F166-F167-F168-F169-F170-F171-F172-F173-F174-F175-F176-F177-F178-F179-F180-F181-F182-F183-F184-F185-F186-F187-F188-F189-F190-F191-F192-F193-F194-F195-F196-F197-F198-F199-F200-F201-F202-F203-F204-F205-F206-F207-F208-F209-F210-F211-F212-F213-F214-F215-F216-F217-F218-F219-F220-F221-F222-F223-F224-F225-F226-F227-F228-F229-F230-F231-F232-F233-F234-F235-F236-F237-F238-F239-F240-F241-F242-F243-F244-F245-F246-F247-F248-F249-F250-F251-F252-F253-F254-F255-F256-F257-F258-F259-F260-F261-F262-F263-F264-F265-F266-F267-F268-F269-F270-F271-F272-F273-F274-F275-F276-F277-F278-F279-F280-F281-F282-F283-F284-F285-F286-F287-F288-F289-F290-F291-F292-F293-F294-F295-F296-F297-F298-F299-F300-F301-F302-F303-F304-F305-F306-F307-F308-F309-F310-F311-F312-F313-F314-F315-F316-F317-F318-F319-F320-F321-F322-F323-F324-F325-F326-F327-F328-F329-F330-F331-F332-F333-F334-F335-F336-F337-F338-F339-F340-F341-F342-F343-F344-F345-F346-F347-F348-F349-F350-F351-F352-F353-F354-F355-F356-F357-F358-F359-F360-F361-F362-F363-F364-F365-F366-F367-F368-F369-F370-F371-F372-F373-F374-F375-F376-F377-F378-F379-F380-F381-F382-F383-F384-F385-F386-F387-F388-F389-F390-F391-F392-F393-F394-F395-F396-F397-F398-F399-F400-F401-F402-F403-F404-F405-F406-F407-F408-F409-F410-F411-F412-F413-F414-F415-F416-F417-F418-F419-F420-F421-F422-F423-F424-F425-F426-F427-F428-F429-F430-F431-F432-F433-F434-F435-F436-F437-F438-F439-F440-F441-F442-F443-F444-F445-F446-F447-F448-F449-F450-F451-F452-F453-F454-F455-F456-F457-F458-F459-F460-F461-F462-F463-F464-F465-F466-F467-F468-F469-F470-F471-F472-F473-F474-F475-F476-F477-F478-F479-F480-F481-F482-F483-F484-F485-F486-F487-F488-F489-F490-F491-F492-F493-F494-F495-F496-F497-F498-F499-F500-F501-E504506-E507509

## Summary

Number of input bits: 512  
Number of free input bits: 9  
Number of output bits: 160

Number of direct occurrences: 37311  
Number of assignments: 31369  
Number of operations: 11151260
(xor: 11121932,
and: 16104,
or: 13224)

Total complexity: 1.598839603545668 × 10^300

Least occurring input variable: iv_502 (3934)  
Most occurring input variable: iv_512 (4397)

Most co-occurring input variables: iv_511-iv_512 (2158)  
Least co-occurring input variables: iv_502-iv_503 (1780)

Potentially most occurring input variable: iv_504/iv_512 (4629)  
Potentially least occurring input variable: iv_502/iv_505 (4237)

Least output occurring input variable: iv_507 (66)  
Most output occurring input variable: iv_502 (82)

Most output co-occurring input variables: iv_502-iv_511 (45)  
Least output co-occurring input variables: iv_502-iv_508 (30)

Potentially most output occurring input variable: iv_502/iv_508 (92)  
Potentially least output occurring input variable: iv_507/iv_508 (68)

Least complex input bit: iv_502 (1.6106317526639184 × 10^298)  
Most complex input bit: iv_510 (4.325477372873639 × 10^299)

Least complex output bit: aaa_76_29 (2.117636703892943 × 10^275)  
Most complex output bit: ov_001 (2.511180272258144 × 10^299)

Least complex input/output complexity: iv_502/aaa_76_29 (2.1332552110497624 × 10^273)  
Most complex input/output complexity: iv_510/ov_001 (6.793710527792167 × 10^298)

Input variable with highest collision probability: iv_505 (½^160.00000000000037)

## Input Bits

### Input Bits in Regular Order

| Input Bit | Complexity | Occurrences | Output Occurrences | Collision Probability |
|:---------:|:----------:|:-----------:|:------------------:|:---------------------:|
| iv_502 | 1.6106317526639184 × 10^298 | 3934 | 82 | ½^160.00000000000068 |
| iv_503 | 2.8327662894868304 × 10^298 | 4078 | 74 | ½^160.00000000000085 |
| iv_504 | 1.5779112100832072 × 10^299 | 4216 | 76 | ½^160.0000000000009 |
| iv_505 | 7.313802075038148 × 10^298 | 3961 | 79 | ½^160.00000000000037 |
| iv_507 | 3.7813536423277255 × 10^299 | 4300 | 66 | ½^160.00000000000097 |
| iv_508 | 2.3559735802773154 × 10^299 | 4031 | 70 | ½^160.00000000000054 |
| iv_510 | 4.325477372873639 × 10^299 | 4157 | 79 | ½^160.00000000000074 |
| iv_511 | 1.2880237613118964 × 10^299 | 4237 | 80 | ½^160.0000000000007 |
| iv_512 | 1.4839364568640103 × 10^299 | 4397 | 80 | ½^160.0000000000008 |

### Input Bits Sorted by Complexity

| Input Bit | Complexity | Occurrences | Output Occurrences | Collision Probability |
|:---------:|:----------:|:-----------:|:------------------:|:---------------------:|
| iv_502 | 1.6106317526639184 × 10^298 | 3934 | 82 | ½^160.00000000000068 |
| iv_503 | 2.8327662894868304 × 10^298 | 4078 | 74 | ½^160.00000000000085 |
| iv_505 | 7.313802075038148 × 10^298 | 3961 | 79 | ½^160.00000000000037 |
| iv_511 | 1.2880237613118964 × 10^299 | 4237 | 80 | ½^160.0000000000007 |
| iv_512 | 1.4839364568640103 × 10^299 | 4397 | 80 | ½^160.0000000000008 |
| iv_504 | 1.5779112100832072 × 10^299 | 4216 | 76 | ½^160.0000000000009 |
| iv_508 | 2.3559735802773154 × 10^299 | 4031 | 70 | ½^160.00000000000054 |
| iv_507 | 3.7813536423277255 × 10^299 | 4300 | 66 | ½^160.00000000000097 |
| iv_510 | 4.325477372873639 × 10^299 | 4157 | 79 | ½^160.00000000000074 |

### Input Bits Sorted by Occurrences

| Input Bit | Complexity | Occurrences | Output Occurrences | Collision Probability |
|:---------:|:----------:|:-----------:|:------------------:|:---------------------:|
| iv_502 | 1.6106317526639184 × 10^298 | 3934 | 82 | ½^160.00000000000068 |
| iv_505 | 7.313802075038148 × 10^298 | 3961 | 79 | ½^160.00000000000037 |
| iv_508 | 2.3559735802773154 × 10^299 | 4031 | 70 | ½^160.00000000000054 |
| iv_503 | 2.8327662894868304 × 10^298 | 4078 | 74 | ½^160.00000000000085 |
| iv_510 | 4.325477372873639 × 10^299 | 4157 | 79 | ½^160.00000000000074 |
| iv_504 | 1.5779112100832072 × 10^299 | 4216 | 76 | ½^160.0000000000009 |
| iv_511 | 1.2880237613118964 × 10^299 | 4237 | 80 | ½^160.0000000000007 |
| iv_507 | 3.7813536423277255 × 10^299 | 4300 | 66 | ½^160.00000000000097 |
| iv_512 | 1.4839364568640103 × 10^299 | 4397 | 80 | ½^160.0000000000008 |

### Input Bits Sorted by Output Occurrences

| Input Bit | Complexity | Occurrences | Output Occurrences | Collision Probability |
|:---------:|:----------:|:-----------:|:------------------:|:---------------------:|
| iv_507 | 3.7813536423277255 × 10^299 | 4300 | 66 | ½^160.00000000000097 |
| iv_508 | 2.3559735802773154 × 10^299 | 4031 | 70 | ½^160.00000000000054 |
| iv_503 | 2.8327662894868304 × 10^298 | 4078 | 74 | ½^160.00000000000085 |
| iv_504 | 1.5779112100832072 × 10^299 | 4216 | 76 | ½^160.0000000000009 |
| iv_505 | 7.313802075038148 × 10^298 | 3961 | 79 | ½^160.00000000000037 |
| iv_510 | 4.325477372873639 × 10^299 | 4157 | 79 | ½^160.00000000000074 |
| iv_511 | 1.2880237613118964 × 10^299 | 4237 | 80 | ½^160.0000000000007 |
| iv_512 | 1.4839364568640103 × 10^299 | 4397 | 80 | ½^160.0000000000008 |
| iv_502 | 1.6106317526639184 × 10^298 | 3934 | 82 | ½^160.00000000000068 |

### Input Bits Sorted by Collision Probability

| Input Bit | Complexity | Occurrences | Output Occurrences | Collision Probability |
|:---------:|:----------:|:-----------:|:------------------:|:---------------------:|
| iv_505 | 7.313802075038148 × 10^298 | 3961 | 79 | ½^160.00000000000037 |
| iv_508 | 2.3559735802773154 × 10^299 | 4031 | 70 | ½^160.00000000000054 |
| iv_502 | 1.6106317526639184 × 10^298 | 3934 | 82 | ½^160.00000000000068 |
| iv_511 | 1.2880237613118964 × 10^299 | 4237 | 80 | ½^160.0000000000007 |
| iv_510 | 4.325477372873639 × 10^299 | 4157 | 79 | ½^160.00000000000074 |
| iv_512 | 1.4839364568640103 × 10^299 | 4397 | 80 | ½^160.0000000000008 |
| iv_503 | 2.8327662894868304 × 10^298 | 4078 | 74 | ½^160.00000000000085 |
| iv_504 | 1.5779112100832072 × 10^299 | 4216 | 76 | ½^160.0000000000009 |
| iv_507 | 3.7813536423277255 × 10^299 | 4300 | 66 | ½^160.00000000000097 |

## Input Bit/Output Bit Collision Probabilities

| Input Bit | Output Bit | Collision Probability |
|:---------:|:----------:|:---------------------:|
| iv_508 | ov_139 | 0.500000000000004 |
| iv_507 | ov_024 | 0.5000000000000037 |
| iv_502 | ov_084 | 0.5000000000000033 |
| iv_505 | ov_113 | 0.5000000000000027 |
| iv_510 | ov_078 | 0.5000000000000024 |
| iv_505 | ov_111 | 0.5000000000000022 |
| iv_502 | ov_015 | 0.500000000000002 |
| iv_511 | ov_106 | 0.500000000000002 |
| iv_505 | ov_067 | 0.5000000000000019 |

## Input Bit Co-occurrences

### Input Bit Co-occurrences Sorted by Co-occurrences

| Input Bits | Co-occurrences | Potential Occurrences | Output Co-occurrences | Potential Output Occurrences |
|:----------:|:--------------:|:---------------------:|:---------------------:|:----------------------------:|
| iv_511-iv_512 | 2158 | 4318 | 43 | 74 |
| iv_510-iv_512 | 2092 | 4370 | 42 | 75 |
| iv_507-iv_512 | 2042 | 4613 | 33 | 80 |
| iv_503-iv_512 | 2040 | 4395 | 34 | 86 |
| iv_508-iv_512 | 2032 | 4364 | 32 | 86 |
| iv_503-iv_511 | 2002 | 4311 | 37 | 80 |
| iv_510-iv_511 | 1999 | 4396 | 38 | 83 |
| iv_504-iv_512 | 1992 | 4629 | 40 | 76 |
| iv_504-iv_510 | 1985 | 4403 | 40 | 75 |

### Input Bit Co-occurrences Sorted by Potential Occurrences

| Input Bits | Co-occurrences | Potential Occurrences | Output Co-occurrences | Potential Output Occurrences |
|:----------:|:--------------:|:---------------------:|:---------------------:|:----------------------------:|
| iv_502-iv_505 | 1829 | 4237 | 36 | 89 |
| iv_503-iv_505 | 1879 | 4281 | 40 | 73 |
| iv_503-iv_511 | 2002 | 4311 | 37 | 80 |
| iv_511-iv_512 | 2158 | 4318 | 43 | 74 |
| iv_508-iv_510 | 1933 | 4322 | 31 | 87 |
| iv_505-iv_508 | 1832 | 4328 | 31 | 87 |
| iv_508-iv_511 | 1960 | 4348 | 36 | 78 |
| iv_505-iv_510 | 1884 | 4350 | 39 | 80 |
| iv_502-iv_511 | 1910 | 4351 | 45 | 72 |

### Input Bit Output Co-occurrences Sorted by Output Co-occurrences

| Input Bits | Co-occurrences | Potential Occurrences | Output Co-occurrences | Potential Output Occurrences |
|:----------:|:--------------:|:---------------------:|:---------------------:|:----------------------------:|
| iv_502-iv_511 | 1910 | 4351 | 45 | 72 |
| iv_511-iv_512 | 2158 | 4318 | 43 | 74 |
| iv_502-iv_510 | 1863 | 4365 | 42 | 77 |
| iv_510-iv_512 | 2092 | 4370 | 42 | 75 |
| iv_502-iv_504 | 1836 | 4478 | 40 | 78 |
| iv_503-iv_505 | 1879 | 4281 | 40 | 73 |
| iv_502-iv_512 | 1921 | 4489 | 40 | 82 |
| iv_505-iv_511 | 1887 | 4424 | 40 | 79 |
| iv_504-iv_512 | 1992 | 4629 | 40 | 76 |

### Input Bit Output Co-occurrences Sorted by Potential Output Occurrences

| Input Bits | Co-occurrences | Potential Occurrences | Output Co-occurrences | Potential Output Occurrences |
|:----------:|:--------------:|:---------------------:|:---------------------:|:----------------------------:|
| iv_507-iv_508 | 1916 | 4499 | 34 | 68 |
| iv_502-iv_511 | 1910 | 4351 | 45 | 72 |
| iv_503-iv_505 | 1879 | 4281 | 40 | 73 |
| iv_511-iv_512 | 2158 | 4318 | 43 | 74 |
| iv_510-iv_512 | 2092 | 4370 | 42 | 75 |
| iv_504-iv_510 | 1985 | 4403 | 40 | 75 |
| iv_503-iv_507 | 1938 | 4502 | 32 | 76 |
| iv_504-iv_507 | 1979 | 4558 | 33 | 76 |
| iv_504-iv_512 | 1992 | 4629 | 40 | 76 |

## Output Bits

### Output Bits in Regular Order

| Rank | Output Bit | Complexity |
|:----:|:----------:|:----------:|
| 1 | ov_001 | 2.511180272258144 × 10^299 |
| 2 | ov_002 | 2.1866479828363754 × 10^299 |
| 3 | ov_003 | 1.893336707342727 × 10^299 |
| 4 | ov_004 | 1.629953691669708 × 10^299 |
| 5 | ov_005 | 1.395277061549415 × 10^299 |
| 6 | ov_006 | 1.1870558414758314 × 10^299 |
| 7 | ov_007 | 1.003157749148089 × 10^299 |
| 8 | ov_008 | 8.415619945986308 × 10^298 |
| 9 | ov_009 | 7.003530854227887 × 10^298 |
| 10 | ov_010 | 5.777155251215159 × 10^298 |
| 11 | ov_011 | 4.7192931776589574 × 10^298 |
| 12 | ov_012 | 3.813662170470297 × 10^298 |
| 13 | ov_013 | 3.0448666253932875 × 10^298 |
| 14 | ov_014 | 2.39837333059783 × 10^298 |
| 15 | ov_015 | 1.8604923515886895 × 10^298 |
| 16 | ov_016 | 1.4183624501179165 × 10^298 |
| 17 | ov_017 | 1.0599402804677166 × 10^298 |
| 18 | ov_018 | 7.739926669022695 × 10^297 |
| 19 | ov_019 | 5.500913263628107 × 10^297 |
| 20 | ov_020 | 3.7860946066512726 × 10^297 |
| 21 | ov_021 | 2.5071970259362746 × 10^297 |
| 22 | ov_022 | 1.5839296039448195 × 10^297 |
| 23 | ov_023 | 9.439778246616899 × 10^296 |
| 24 | ov_024 | 5.229998542941339 × 10^296 |
| 25 | ov_025 | 2.6462422012279204 × 10^296 |
| 26 | ov_026 | 1.2044841757050777 × 10^296 |
| 27 | ov_027 | 5.003816245580847 × 10^295 |
| 28 | ov_028 | 2.09270439613242 × 10^295 |
| 29 | ov_029 | 8.616392005896219 × 10^294 |
| 30 | ov_030 | 2.8487987309641673 × 10^294 |
| 31 | ov_031 | 6.8928286537717776 × 10^293 |
| 32 | lv_80_m31 | 1.667242280674301 × 10^293 |
| 33 | ov_033 | 1.9970747111165908 × 10^294 |
| 34 | ov_034 | 1.7275776652801386 × 10^294 |
| 35 | ov_035 | 1.4872054397361636 × 10^294 |
| 36 | ov_036 | 1.2735858485522326 × 10^294 |
| 37 | ov_037 | 1.0844756674194204 × 10^294 |
| 38 | ov_038 | 9.177514393375967 × 10^293 |
| 39 | ov_039 | 7.714015085024472 × 10^293 |
| 40 | ov_040 | 6.435191714437386 × 10^293 |
| 41 | ov_041 | 5.322968338243252 × 10^293 |
| 42 | ov_042 | 4.360210681849759 × 10^293 |
| 43 | ov_043 | 3.530684744635927 × 10^293 |
| 44 | ov_044 | 2.8190225137083275 × 10^293 |
| 45 | ov_045 | 2.210693927066595 × 10^293 |
| 46 | ov_046 | 1.6986403014887632 × 10^293 |
| 47 | ov_047 | 1.2762056203876473 × 10^293 |
| 48 | ov_048 | 9.371286769506905 × 10^292 |
| 49 | ov_049 | 6.700489549621943 × 10^292 |
| 50 | ov_050 | 4.643713338258946 × 10^292 |
| 51 | ov_051 | 3.1026063636992813 × 10^292 |
| 52 | ov_052 | 1.9863795067526322 × 10^292 |
| 53 | ov_053 | 1.2117829403534212 × 10^292 |
| 54 | ov_054 | 7.030923743102023 × 10^291 |
| 55 | ov_055 | 3.92101589966049 × 10^291 |
| 56 | ov_056 | 2.181185629266218 × 10^291 |
| 57 | ov_057 | 1.2796336318438135 × 10^291 |
| 58 | ov_058 | 7.596695491958222 × 10^290 |
| 59 | ov_059 | 4.117243520394655 × 10^290 |
| 60 | ov_060 | 1.98248786565762 × 10^290 |
| 61 | ov_061 | 8.169388575675782 × 10^289 |
| 62 | ov_062 | 2.703288376630589 × 10^289 |
| 63 | ov_063 | 6.547178947632366 × 10^288 |
| 64 | lv_79_m31 | 1.5852627538440714 × 10^288 |
| 65 | ov_065 | 1.88821828581316 × 10^289 |
| 66 | ov_066 | 1.8882138376477766 × 10^289 |
| 67 | ov_067 | 1.8882123961184628 × 10^289 |
| 68 | ov_068 | 1.6359997173716877 × 10^289 |
| 69 | ov_069 | 1.4096101576941668 × 10^289 |
| 70 | ov_070 | 1.2078926728705887 × 10^289 |
| 71 | ov_071 | 1.028753604804135 × 10^289 |
| 72 | ov_072 | 8.702273292303039 × 10^288 |
| 73 | ov_073 | 7.304677768403991 × 10^288 |
| 74 | ov_074 | 6.077407318915418 × 10^288 |
| 75 | ov_075 | 5.012061345011347 × 10^288 |
| 76 | ov_076 | 4.093332754448073 × 10^288 |
| 77 | ov_077 | 3.3068445083984946 × 10^288 |
| 78 | ov_078 | 2.6390996749522714 × 10^288 |
| 79 | ov_079 | 2.0774372911852492 × 10^288 |
| 80 | ov_080 | 1.6099936633535634 × 10^288 |
| 81 | ov_081 | 1.2256687385418916 × 10^288 |
| 82 | ov_082 | 9.140971837785386 × 10^287 |
| 83 | ov_083 | 6.6562381045440826 × 10^287 |
| 84 | ov_084 | 4.712829830560612 × 10^287 |
| 85 | ov_085 | 3.2278165192860847 × 10^287 |
| 86 | ov_086 | 2.124856501801916 × 10^287 |
| 87 | ov_087 | 1.3340889505282567 × 10^287 |
| 88 | ov_088 | 7.920513420093413 × 10^286 |
| 89 | ov_089 | 4.416187738603835 × 10^286 |
| 90 | ov_090 | 2.3196154135227106 × 10^286 |
| 91 | ov_091 | 1.1851737933237068 × 10^286 |
| 92 | ov_092 | 6.2974805530991 × 10^285 |
| 93 | ov_093 | 3.326417955754393 × 10^285 |
| 94 | ov_094 | 1.491040511310359 × 10^285 |
| 95 | aaa_78_28 | 4.795620084845289 × 10^284 |
| 96 | aaa_78_29 | 1.817030255047474 × 10^284 |
| 97 | ov_097 | 1.9787252926344395 × 10^284 |
| 98 | ov_098 | 1.978665977529421 × 10^284 |
| 99 | ov_099 | 1.9786470332597856 × 10^284 |
| 100 | ov_100 | 1.780706688183725 × 10^284 |
| 101 | ov_101 | 1.5973570158260862 × 10^284 |
| 102 | ov_102 | 1.427797728319569 × 10^284 |
| 103 | ov_103 | 1.271287053258212 × 10^284 |
| 104 | ov_104 | 1.1271341216941664 × 10^284 |
| 105 | ov_105 | 9.946920507845238 × 10^283 |
| 106 | ov_106 | 8.733516836596243 × 10^283 |
| 107 | ov_107 | 7.62535950667417 × 10^283 |
| 108 | ov_108 | 6.61694817465083 × 10^283 |
| 109 | ov_109 | 5.703007865090954 × 10^283 |
| 110 | ov_110 | 4.878449193663878 × 10^283 |
| 111 | ov_111 | 4.1383334795730523 × 10^283 |
| 112 | ov_112 | 3.4778424336996837 × 10^283 |
| 113 | ov_113 | 2.892252112826876 × 10^283 |
| 114 | ov_114 | 2.3769108332004313 × 10^283 |
| 115 | ov_115 | 1.9272207387114261 × 10^283 |
| 116 | ov_116 | 1.5386227203522825 × 10^283 |
| 117 | ov_117 | 1.2065843844448778 × 10^283 |
| 118 | ov_118 | 9.265907676294528 × 10^282 |
| 119 | ov_119 | 6.941374968779569 × 10^282 |
| 120 | ov_120 | 5.0472609292748863 × 10^282 |
| 121 | ov_121 | 3.538611155888095 × 10^282 |
| 122 | ov_122 | 2.3704871340499334 × 10^282 |
| 123 | ov_123 | 1.4979594349928866 × 10^282 |
| 124 | ov_124 | 8.76103757347963 × 10^281 |
| 125 | ov_125 | 4.599983305917147 × 10^281 |
| 126 | ov_126 | 2.0472242206758224 × 10^281 |
| 127 | aaa_77_28 | 6.535563065088071 × 10^280 |
| 128 | aaa_77_29 | 2.4492376354323687 × 10^280 |
| 129 | ov_129 | 2.2564662000905504 × 10^280 |
| 130 | ov_130 | 2.256461048846645 × 10^280 |
| 131 | ov_131 | 2.256459394125761 × 10^280 |
| 132 | ov_132 | 1.9542233858615016 × 10^280 |
| 133 | ov_133 | 1.6836920747127115 × 10^280 |
| 134 | ov_134 | 1.4424389048957872 × 10^280 |
| 135 | ov_135 | 1.2281732474709534 × 10^280 |
| 136 | ov_136 | 1.038730551099213 × 10^280 |
| 137 | ov_137 | 8.72063731322068 × 10^279 |
| 138 | ov_138 | 7.26235705441618 × 10^279 |
| 139 | ov_139 | 5.994129629025223 × 10^279 |
| 140 | ov_140 | 4.898600596301967 × 10^279 |
| 141 | ov_141 | 3.9593493675808734 × 10^279 |
| 142 | ov_142 | 3.160849818527132 × 10^279 |
| 143 | ov_143 | 2.488437566192004 × 10^279 |
| 144 | ov_144 | 1.928283139412775 × 10^279 |
| 145 | ov_145 | 1.4673703653358385 × 10^279 |
| 146 | ov_146 | 1.0934793516563102 × 10^279 |
| 147 | ov_147 | 7.95173405261569 × 10^278 |
| 148 | ov_148 | 5.61789236583449 × 10^278 |
| 149 | ov_149 | 3.8342985518043584 × 10^278 |
| 150 | ov_150 | 2.5095961822397294 × 10^278 |
| 151 | ov_151 | 1.5600094967990654 × 10^278 |
| 152 | ov_152 | 9.09323040722258 × 10^277 |
| 153 | ov_153 | 4.88870048000151 × 10^277 |
| 154 | ov_154 | 2.3752643055183402 × 10^277 |
| 155 | ov_155 | 1.017078762495906 × 10^277 |
| 156 | aaa_76_25 | 3.536849149513747 × 10^276 |
| 157 | aaa_76_26 | 2.1767352577899828 × 10^276 |
| 158 | aaa_76_27 | 1.1934808095428362 × 10^276 |
| 159 | aaa_76_28 | 5.624221786716262 × 10^275 |
| 160 | aaa_76_29 | 2.117636703892943 × 10^275 |

### Output Bits Sorted by Complexity

| Rank | Output Bit | Complexity |
|:----:|:----------:|:----------:|
| 160 | aaa_76_29 | 2.117636703892943 × 10^275 |
| 159 | aaa_76_28 | 5.624221786716262 × 10^275 |
| 158 | aaa_76_27 | 1.1934808095428362 × 10^276 |
| 157 | aaa_76_26 | 2.1767352577899828 × 10^276 |
| 156 | aaa_76_25 | 3.536849149513747 × 10^276 |
| 155 | ov_155 | 1.017078762495906 × 10^277 |
| 154 | ov_154 | 2.3752643055183402 × 10^277 |
| 153 | ov_153 | 4.88870048000151 × 10^277 |
| 152 | ov_152 | 9.09323040722258 × 10^277 |
| 151 | ov_151 | 1.5600094967990654 × 10^278 |
| 150 | ov_150 | 2.5095961822397294 × 10^278 |
| 149 | ov_149 | 3.8342985518043584 × 10^278 |
| 148 | ov_148 | 5.61789236583449 × 10^278 |
| 147 | ov_147 | 7.95173405261569 × 10^278 |
| 146 | ov_146 | 1.0934793516563102 × 10^279 |
| 145 | ov_145 | 1.4673703653358385 × 10^279 |
| 144 | ov_144 | 1.928283139412775 × 10^279 |
| 143 | ov_143 | 2.488437566192004 × 10^279 |
| 142 | ov_142 | 3.160849818527132 × 10^279 |
| 141 | ov_141 | 3.9593493675808734 × 10^279 |
| 140 | ov_140 | 4.898600596301967 × 10^279 |
| 139 | ov_139 | 5.994129629025223 × 10^279 |
| 138 | ov_138 | 7.26235705441618 × 10^279 |
| 137 | ov_137 | 8.72063731322068 × 10^279 |
| 136 | ov_136 | 1.038730551099213 × 10^280 |
| 135 | ov_135 | 1.2281732474709534 × 10^280 |
| 134 | ov_134 | 1.4424389048957872 × 10^280 |
| 133 | ov_133 | 1.6836920747127115 × 10^280 |
| 132 | ov_132 | 1.9542233858615016 × 10^280 |
| 131 | ov_131 | 2.256459394125761 × 10^280 |
| 130 | ov_130 | 2.256461048846645 × 10^280 |
| 129 | ov_129 | 2.2564662000905504 × 10^280 |
| 128 | aaa_77_29 | 2.4492376354323687 × 10^280 |
| 127 | aaa_77_28 | 6.535563065088071 × 10^280 |
| 126 | ov_126 | 2.0472242206758224 × 10^281 |
| 125 | ov_125 | 4.599983305917147 × 10^281 |
| 124 | ov_124 | 8.76103757347963 × 10^281 |
| 123 | ov_123 | 1.4979594349928866 × 10^282 |
| 122 | ov_122 | 2.3704871340499334 × 10^282 |
| 121 | ov_121 | 3.538611155888095 × 10^282 |
| 120 | ov_120 | 5.0472609292748863 × 10^282 |
| 119 | ov_119 | 6.941374968779569 × 10^282 |
| 118 | ov_118 | 9.265907676294528 × 10^282 |
| 117 | ov_117 | 1.2065843844448778 × 10^283 |
| 116 | ov_116 | 1.5386227203522825 × 10^283 |
| 115 | ov_115 | 1.9272207387114261 × 10^283 |
| 114 | ov_114 | 2.3769108332004313 × 10^283 |
| 113 | ov_113 | 2.892252112826876 × 10^283 |
| 112 | ov_112 | 3.4778424336996837 × 10^283 |
| 111 | ov_111 | 4.1383334795730523 × 10^283 |
| 110 | ov_110 | 4.878449193663878 × 10^283 |
| 109 | ov_109 | 5.703007865090954 × 10^283 |
| 108 | ov_108 | 6.61694817465083 × 10^283 |
| 107 | ov_107 | 7.62535950667417 × 10^283 |
| 106 | ov_106 | 8.733516836596243 × 10^283 |
| 105 | ov_105 | 9.946920507845238 × 10^283 |
| 104 | ov_104 | 1.1271341216941664 × 10^284 |
| 103 | ov_103 | 1.271287053258212 × 10^284 |
| 102 | ov_102 | 1.427797728319569 × 10^284 |
| 101 | ov_101 | 1.5973570158260862 × 10^284 |
| 100 | ov_100 | 1.780706688183725 × 10^284 |
| 96 | aaa_78_29 | 1.817030255047474 × 10^284 |
| 99 | ov_099 | 1.9786470332597856 × 10^284 |
| 98 | ov_098 | 1.978665977529421 × 10^284 |
| 97 | ov_097 | 1.9787252926344395 × 10^284 |
| 95 | aaa_78_28 | 4.795620084845289 × 10^284 |
| 94 | ov_094 | 1.491040511310359 × 10^285 |
| 93 | ov_093 | 3.326417955754393 × 10^285 |
| 92 | ov_092 | 6.2974805530991 × 10^285 |
| 91 | ov_091 | 1.1851737933237068 × 10^286 |
| 90 | ov_090 | 2.3196154135227106 × 10^286 |
| 89 | ov_089 | 4.416187738603835 × 10^286 |
| 88 | ov_088 | 7.920513420093413 × 10^286 |
| 87 | ov_087 | 1.3340889505282567 × 10^287 |
| 86 | ov_086 | 2.124856501801916 × 10^287 |
| 85 | ov_085 | 3.2278165192860847 × 10^287 |
| 84 | ov_084 | 4.712829830560612 × 10^287 |
| 83 | ov_083 | 6.6562381045440826 × 10^287 |
| 82 | ov_082 | 9.140971837785386 × 10^287 |
| 81 | ov_081 | 1.2256687385418916 × 10^288 |
| 64 | lv_79_m31 | 1.5852627538440714 × 10^288 |
| 80 | ov_080 | 1.6099936633535634 × 10^288 |
| 79 | ov_079 | 2.0774372911852492 × 10^288 |
| 78 | ov_078 | 2.6390996749522714 × 10^288 |
| 77 | ov_077 | 3.3068445083984946 × 10^288 |
| 76 | ov_076 | 4.093332754448073 × 10^288 |
| 75 | ov_075 | 5.012061345011347 × 10^288 |
| 74 | ov_074 | 6.077407318915418 × 10^288 |
| 63 | ov_063 | 6.547178947632366 × 10^288 |
| 73 | ov_073 | 7.304677768403991 × 10^288 |
| 72 | ov_072 | 8.702273292303039 × 10^288 |
| 71 | ov_071 | 1.028753604804135 × 10^289 |
| 70 | ov_070 | 1.2078926728705887 × 10^289 |
| 69 | ov_069 | 1.4096101576941668 × 10^289 |
| 68 | ov_068 | 1.6359997173716877 × 10^289 |
| 67 | ov_067 | 1.8882123961184628 × 10^289 |
| 66 | ov_066 | 1.8882138376477766 × 10^289 |
| 65 | ov_065 | 1.88821828581316 × 10^289 |
| 62 | ov_062 | 2.703288376630589 × 10^289 |
| 61 | ov_061 | 8.169388575675782 × 10^289 |
| 60 | ov_060 | 1.98248786565762 × 10^290 |
| 59 | ov_059 | 4.117243520394655 × 10^290 |
| 58 | ov_058 | 7.596695491958222 × 10^290 |
| 57 | ov_057 | 1.2796336318438135 × 10^291 |
| 56 | ov_056 | 2.181185629266218 × 10^291 |
| 55 | ov_055 | 3.92101589966049 × 10^291 |
| 54 | ov_054 | 7.030923743102023 × 10^291 |
| 53 | ov_053 | 1.2117829403534212 × 10^292 |
| 52 | ov_052 | 1.9863795067526322 × 10^292 |
| 51 | ov_051 | 3.1026063636992813 × 10^292 |
| 50 | ov_050 | 4.643713338258946 × 10^292 |
| 49 | ov_049 | 6.700489549621943 × 10^292 |
| 48 | ov_048 | 9.371286769506905 × 10^292 |
| 47 | ov_047 | 1.2762056203876473 × 10^293 |
| 32 | lv_80_m31 | 1.667242280674301 × 10^293 |
| 46 | ov_046 | 1.6986403014887632 × 10^293 |
| 45 | ov_045 | 2.210693927066595 × 10^293 |
| 44 | ov_044 | 2.8190225137083275 × 10^293 |
| 43 | ov_043 | 3.530684744635927 × 10^293 |
| 42 | ov_042 | 4.360210681849759 × 10^293 |
| 41 | ov_041 | 5.322968338243252 × 10^293 |
| 40 | ov_040 | 6.435191714437386 × 10^293 |
| 31 | ov_031 | 6.8928286537717776 × 10^293 |
| 39 | ov_039 | 7.714015085024472 × 10^293 |
| 38 | ov_038 | 9.177514393375967 × 10^293 |
| 37 | ov_037 | 1.0844756674194204 × 10^294 |
| 36 | ov_036 | 1.2735858485522326 × 10^294 |
| 35 | ov_035 | 1.4872054397361636 × 10^294 |
| 34 | ov_034 | 1.7275776652801386 × 10^294 |
| 33 | ov_033 | 1.9970747111165908 × 10^294 |
| 30 | ov_030 | 2.8487987309641673 × 10^294 |
| 29 | ov_029 | 8.616392005896219 × 10^294 |
| 28 | ov_028 | 2.09270439613242 × 10^295 |
| 27 | ov_027 | 5.003816245580847 × 10^295 |
| 26 | ov_026 | 1.2044841757050777 × 10^296 |
| 25 | ov_025 | 2.6462422012279204 × 10^296 |
| 24 | ov_024 | 5.229998542941339 × 10^296 |
| 23 | ov_023 | 9.439778246616899 × 10^296 |
| 22 | ov_022 | 1.5839296039448195 × 10^297 |
| 21 | ov_021 | 2.5071970259362746 × 10^297 |
| 20 | ov_020 | 3.7860946066512726 × 10^297 |
| 19 | ov_019 | 5.500913263628107 × 10^297 |
| 18 | ov_018 | 7.739926669022695 × 10^297 |
| 17 | ov_017 | 1.0599402804677166 × 10^298 |
| 16 | ov_016 | 1.4183624501179165 × 10^298 |
| 15 | ov_015 | 1.8604923515886895 × 10^298 |
| 14 | ov_014 | 2.39837333059783 × 10^298 |
| 13 | ov_013 | 3.0448666253932875 × 10^298 |
| 12 | ov_012 | 3.813662170470297 × 10^298 |
| 11 | ov_011 | 4.7192931776589574 × 10^298 |
| 10 | ov_010 | 5.777155251215159 × 10^298 |
| 9 | ov_009 | 7.003530854227887 × 10^298 |
| 8 | ov_008 | 8.415619945986308 × 10^298 |
| 7 | ov_007 | 1.003157749148089 × 10^299 |
| 6 | ov_006 | 1.1870558414758314 × 10^299 |
| 5 | ov_005 | 1.395277061549415 × 10^299 |
| 4 | ov_004 | 1.629953691669708 × 10^299 |
| 3 | ov_003 | 1.893336707342727 × 10^299 |
| 2 | ov_002 | 2.1866479828363754 × 10^299 |
| 1 | ov_001 | 2.511180272258144 × 10^299 |

