# Results for F001-F002-F003-F004-F005-F006-F007-F008-F009-F010-F011-F012-F013-F014-F015-F016-F017-F018-F019-F020-F021-F022-F023-F024-F025-F026-F027-F028-F029-F030-F031-F032-F033-F034-F035-F036-F037-F038-F039-F040-F041-F042-F043-F044-F045-F046-F047-F048-F049-F050-F051-F052-F053-F054-F055-F056-F057-F058-F059-F060-F061-F062-F063-F064-F065-F066-F067-F068-F069-F070-F071-F072-F073-F074-F075-F076-F077-F078-F079-F080-F081-F082-F083-F084-F085-F086-F087-F088-F089-F090-F091-F092-F093-F094-F095-F096-F097-F098-F099-F100-F101-F102-F103-F104-F105-F106-F107-F108-F109-F110-F111-F112-F113-F114-F115-F116-F117-F118-F119-F120-F121-F122-F123-F124-F125-F126-F127-F128-F129-F130-F131-F132-F133-F134-F135-F136-F137-F138-F139-F140-F141-F142-F143-F144-F145-F146-F147-F148-F149-F150-F151-F152-F153-F154-F155-F156-F157-F158-F159-F160-F161-F162-F163-F164-F165-F166-F167-F168-F169-F170-F171-F172-F173-F174-F175-F176-F177-F178-F179-F180-F181-F182-F183-F184-F185-F186-F187-F188-F189-F190-F191-F192-F193-F194-F195-F196-F197-F198-F199-F200-F201-F202-F203-F204-F205-F206-F207-F208-F209-F210-F211-F212-F213-F214-F215-F216-F217-F218-F219-F220-F221-F222-F223-F224-F225-F226-F227-F228-F229-F230-F231-F232-F233-F234-F235-F236-F237-F238-F239-F240-F241-F242-F243-F244-F245-F246-F247-F248-F249-F250-F251-F252-F253-F254-F255-F256-F257-F258-F259-F260-F261-F262-F263-F264-F265-F266-F267-F268-F269-F270-F271-F272-F273-F274-F275-F276-F277-F278-F279-F280-F281-F282-F283-F284-F285-F286-F287-F288-F289-F290-F291-F292-F293-F294-F295-F296-F297-F298-F299-F300-F301-F302-F303-F304-F305-F306-F307-F308-F309-F310-F311-F312-F313-F314-F315-F316-F317-F318-F319-F320-F321-F322-F323-F324-F325-F326-F327-F328-F329-F330-F331-F332-F333-F334-F335-F336-F337-F338-F339-F340-F341-F342-F343-F344-F345-F346-F347-F348-F349-F350-F351-F352-F353-F354-F355-F356-F357-F358-F359-F360-F361-F362-F363-F364-F365-F366-F367-F368-F369-F370-F371-F372-F373-F374-F375-F376-F377-F378-F379-F380-F381-F382-F383-F384-F385-F386-F387-F388-F389-F390-F391-F392-F393-F394-F395-F396-F397-F398-F399-F400-F401-F402-F403-F404-F405-F406-F407-F408-F409-F410-F411-F412-F413-F414-F415-F416-F417-F418-F419-F420-F421-F422-F423-F424-F425-F426-F427-F428-F429-F430-F431-F432-F433-F434-F435-F436-F437-F438-F439-F440-F441-F442-F443-F444-F445-F446-F447-F448-F449-F450-F451-F452-F453-F454-F455-F456-F457-F458-F459-F460-F461-F462-F463-F464-F465-F466-F467-F468-F469-F470-F471-F472-F473-F474-F475-F476-F477-F478-F479-F480-F481-F482-F483-F484-F485-F486-F487-F488-F489-F490-F491-F492-F493-F494-F495-F496-O498507-F500-F508-F509-F510-F511-F512

## Summary

Number of input bits: 512  
Number of free input bits: 9  
Number of output bits: 160

Number of direct occurrences: 35792  
Number of assignments: 30700  
Number of operations: 10699903
(xor: 10672044,
and: 14743,
or: 13116)

Total complexity: 1.0347183050864513 × 10^296

Least occurring input variable: iv_502 (3837)  
Most occurring input variable: iv_498 (4248)

Most co-occurring input variables: iv_497-iv_503 (1946)  
Least co-occurring input variables: iv_502-iv_505 (1743)

Potentially most occurring input variable: iv_498/iv_505 (4556)  
Potentially least occurring input variable: iv_497/iv_503 (4087)

Least output occurring input variable: iv_498 (61)  
Most output occurring input variable: iv_506 (93)

Most output co-occurring input variables: iv_502-iv_506 (51)  
Least output co-occurring input variables: iv_498-iv_502 (26)

Potentially most output occurring input variable: iv_498/iv_502 (91)  
Potentially least output occurring input variable: iv_498/iv_499 (72)

Least complex input bit: iv_497 (6.3773074677855585 × 10^293)  
Most complex input bit: iv_505 (3.1102698254111097 × 10^295)

Least complex output bit: aaa_76_29 (7.698309585276098 × 10^270)  
Most complex output bit: ov_001 (1.669792492368172 × 10^295)

Least complex input/output complexity: iv_497/aaa_76_29 (4.744720081414286 × 10^268)  
Most complex input/output complexity: iv_505/ov_001 (5.019245506898435 × 10^294)

## Input Bits

### Input Bits in Regular Order

| Input Bit | Complexity | Occurrences | Output Occurrences |
|:---------:|:----------:|:-----------:|:------------------:|
| iv_497 | 6.3773074677855585 × 10^293 | 3990 | 77 |
| iv_498 | 8.013173761826249 × 10^294 | 4248 | 61 |
| iv_499 | 2.236995727881849 × 10^294 | 3875 | 77 |
| iv_501 | 6.136124019118201 × 10^294 | 4010 | 82 |
| iv_502 | 9.855299678258007 × 10^294 | 3837 | 82 |
| iv_503 | 1.5569060282832173 × 10^295 | 3989 | 75 |
| iv_504 | 2.4151463659894397 × 10^295 | 3881 | 78 |
| iv_505 | 3.1102698254111097 × 10^295 | 3912 | 82 |
| iv_506 | 5.7692843779445913 × 10^294 | 4050 | 93 |

### Input Bits Sorted by Complexity

| Input Bit | Complexity | Occurrences | Output Occurrences |
|:---------:|:----------:|:-----------:|:------------------:|
| iv_497 | 6.3773074677855585 × 10^293 | 3990 | 77 |
| iv_499 | 2.236995727881849 × 10^294 | 3875 | 77 |
| iv_506 | 5.7692843779445913 × 10^294 | 4050 | 93 |
| iv_501 | 6.136124019118201 × 10^294 | 4010 | 82 |
| iv_498 | 8.013173761826249 × 10^294 | 4248 | 61 |
| iv_502 | 9.855299678258007 × 10^294 | 3837 | 82 |
| iv_503 | 1.5569060282832173 × 10^295 | 3989 | 75 |
| iv_504 | 2.4151463659894397 × 10^295 | 3881 | 78 |
| iv_505 | 3.1102698254111097 × 10^295 | 3912 | 82 |

### Input Bits Sorted by Occurrences

| Input Bit | Complexity | Occurrences | Output Occurrences |
|:---------:|:----------:|:-----------:|:------------------:|
| iv_502 | 9.855299678258007 × 10^294 | 3837 | 82 |
| iv_499 | 2.236995727881849 × 10^294 | 3875 | 77 |
| iv_504 | 2.4151463659894397 × 10^295 | 3881 | 78 |
| iv_505 | 3.1102698254111097 × 10^295 | 3912 | 82 |
| iv_503 | 1.5569060282832173 × 10^295 | 3989 | 75 |
| iv_497 | 6.3773074677855585 × 10^293 | 3990 | 77 |
| iv_501 | 6.136124019118201 × 10^294 | 4010 | 82 |
| iv_506 | 5.7692843779445913 × 10^294 | 4050 | 93 |
| iv_498 | 8.013173761826249 × 10^294 | 4248 | 61 |

### Input Bits Sorted by Output Occurrences

| Input Bit | Complexity | Occurrences | Output Occurrences |
|:---------:|:----------:|:-----------:|:------------------:|
| iv_498 | 8.013173761826249 × 10^294 | 4248 | 61 |
| iv_503 | 1.5569060282832173 × 10^295 | 3989 | 75 |
| iv_499 | 2.236995727881849 × 10^294 | 3875 | 77 |
| iv_497 | 6.3773074677855585 × 10^293 | 3990 | 77 |
| iv_504 | 2.4151463659894397 × 10^295 | 3881 | 78 |
| iv_502 | 9.855299678258007 × 10^294 | 3837 | 82 |
| iv_501 | 6.136124019118201 × 10^294 | 4010 | 82 |
| iv_505 | 3.1102698254111097 × 10^295 | 3912 | 82 |
| iv_506 | 5.7692843779445913 × 10^294 | 4050 | 93 |

## Input Bit Co-occurrences

### Input Bit Co-occurrences Sorted by Co-occurrences

| Input Bits | Co-occurrences | Potential Occurrences | Output Co-occurrences | Potential Output Occurrences |
|:----------:|:--------------:|:---------------------:|:---------------------:|:----------------------------:|
| iv_497-iv_503 | 1946 | 4087 | 37 | 78 |
| iv_498-iv_501 | 1941 | 4376 | 34 | 75 |
| iv_498-iv_503 | 1920 | 4397 | 28 | 80 |
| iv_497-iv_506 | 1909 | 4222 | 42 | 86 |
| iv_498-iv_506 | 1908 | 4482 | 37 | 80 |
| iv_501-iv_503 | 1899 | 4201 | 35 | 87 |
| iv_501-iv_504 | 1896 | 4099 | 40 | 80 |
| iv_497-iv_505 | 1895 | 4112 | 43 | 73 |
| iv_503-iv_506 | 1888 | 4263 | 45 | 78 |

### Input Bit Co-occurrences Sorted by Potential Occurrences

| Input Bits | Co-occurrences | Potential Occurrences | Output Co-occurrences | Potential Output Occurrences |
|:----------:|:--------------:|:---------------------:|:---------------------:|:----------------------------:|
| iv_497-iv_503 | 1946 | 4087 | 37 | 78 |
| iv_501-iv_504 | 1896 | 4099 | 40 | 80 |
| iv_499-iv_505 | 1840 | 4107 | 35 | 89 |
| iv_497-iv_505 | 1895 | 4112 | 43 | 73 |
| iv_499-iv_504 | 1821 | 4114 | 35 | 85 |
| iv_504-iv_505 | 1828 | 4137 | 39 | 82 |
| iv_497-iv_499 | 1864 | 4137 | 40 | 74 |
| iv_502-iv_506 | 1863 | 4161 | 51 | 73 |
| iv_504-iv_506 | 1884 | 4163 | 46 | 79 |

### Input Bit Output Co-occurrences Sorted by Output Co-occurrences

| Input Bits | Co-occurrences | Potential Occurrences | Output Co-occurrences | Potential Output Occurrences |
|:----------:|:--------------:|:---------------------:|:---------------------:|:----------------------------:|
| iv_502-iv_506 | 1863 | 4161 | 51 | 73 |
| iv_499-iv_506 | 1826 | 4273 | 47 | 76 |
| iv_504-iv_506 | 1884 | 4163 | 46 | 79 |
| iv_505-iv_506 | 1883 | 4196 | 45 | 85 |
| iv_503-iv_506 | 1888 | 4263 | 45 | 78 |
| iv_501-iv_502 | 1796 | 4255 | 44 | 76 |
| iv_501-iv_506 | 1869 | 4322 | 44 | 87 |
| iv_501-iv_505 | 1837 | 4248 | 44 | 76 |
| iv_497-iv_505 | 1895 | 4112 | 43 | 73 |

### Input Bit Output Co-occurrences Sorted by Potential Output Occurrences

| Input Bits | Co-occurrences | Potential Occurrences | Output Co-occurrences | Potential Output Occurrences |
|:----------:|:--------------:|:---------------------:|:---------------------:|:----------------------------:|
| iv_498-iv_499 | 1846 | 4431 | 33 | 72 |
| iv_497-iv_498 | 1863 | 4512 | 33 | 72 |
| iv_502-iv_506 | 1863 | 4161 | 51 | 73 |
| iv_497-iv_505 | 1895 | 4112 | 43 | 73 |
| iv_497-iv_499 | 1864 | 4137 | 40 | 74 |
| iv_498-iv_501 | 1941 | 4376 | 34 | 75 |
| iv_502-iv_503 | 1771 | 4284 | 41 | 75 |
| iv_499-iv_506 | 1826 | 4273 | 47 | 76 |
| iv_501-iv_502 | 1796 | 4255 | 44 | 76 |

## Output Bits

### Output Bits in Regular Order

| Rank | Output Bit | Complexity |
|:----:|:----------:|:----------:|
| 1 | ov_001 | 1.669792492368172 × 10^295 |
| 2 | ov_002 | 1.4458887327431468 × 10^295 |
| 3 | ov_003 | 1.2455431512995582 × 10^295 |
| 4 | ov_004 | 1.0669567128686904 × 10^295 |
| 5 | ov_005 | 9.084287940082487 × 10^294 |
| 6 | ov_006 | 7.683501453294996 × 10^294 |
| 7 | ov_007 | 6.451967605276701 × 10^294 |
| 8 | ov_008 | 5.3752459568375714 × 10^294 |
| 9 | ov_009 | 4.4396506871206784 × 10^294 |
| 10 | ov_010 | 3.6322125594642976 × 10^294 |
| 11 | ov_011 | 2.9406470654244475 × 10^294 |
| 12 | ov_012 | 2.353328094645707 × 10^294 |
| 13 | ov_013 | 1.8592665252435926 × 10^294 |
| 14 | ov_014 | 1.448093082601737 × 10^294 |
| 15 | ov_015 | 1.1100448137725692 × 10^294 |
| 16 | ov_016 | 8.359545701308494 × 10^293 |
| 17 | ov_017 | 6.172429361250396 × 10^293 |
| 18 | ov_018 | 4.459120869762189 × 10^293 |
| 19 | ov_019 | 3.1454112696658172 × 10^293 |
| 20 | ov_020 | 2.162825737128227 × 10^293 |
| 21 | ov_021 | 1.4485975913749313 × 10^293 |
| 22 | ov_022 | 9.45649669140163 × 10^292 |
| 23 | ov_023 | 6.025814849237244 × 10^292 |
| 24 | ov_024 | 3.736608213568892 × 10^292 |
| 25 | ov_025 | 2.1881861717263835 × 10^292 |
| 26 | ov_026 | 1.1943566595587908 × 10^292 |
| 27 | ov_027 | 5.972249939309407 × 10^291 |
| 28 | ov_028 | 2.6719019776165976 × 10^291 |
| 29 | ov_029 | 1.0294378853223479 × 10^291 |
| 30 | ov_030 | 3.1469458985291915 × 10^290 |
| 31 | ov_031 | 6.138334575495615 × 10^289 |
| 32 | lv_80_m31 | 1.1971839265742677 × 10^289 |
| 33 | ov_033 | 1.4397760601671376 × 10^290 |
| 34 | ov_034 | 1.2493089706083719 × 10^290 |
| 35 | ov_035 | 1.0790653678116317 × 10^290 |
| 36 | ov_036 | 9.27292847295524 × 10^289 |
| 37 | ov_037 | 7.923329604068534 × 10^289 |
| 38 | ov_038 | 6.72614567741108 × 10^289 |
| 39 | ov_039 | 5.666481117843795 × 10^289 |
| 40 | ov_040 | 4.730207196781092 × 10^289 |
| 41 | ov_041 | 3.91044563174555 × 10^289 |
| 42 | ov_042 | 3.200671307702585 × 10^289 |
| 43 | ov_043 | 2.5946964158290124 × 10^289 |
| 44 | ov_044 | 2.081107312182281 × 10^289 |
| 45 | ov_045 | 1.6491088783533287 × 10^289 |
| 46 | ov_046 | 1.2885091880313863 × 10^289 |
| 47 | ov_047 | 9.943613843369445 × 10^288 |
| 48 | ov_048 | 7.576466541050022 × 10^288 |
| 49 | ov_049 | 5.699211567344166 × 10^288 |
| 50 | ov_050 | 4.2331087569443956 × 10^288 |
| 51 | ov_051 | 3.1050786653700485 × 10^288 |
| 52 | ov_052 | 2.247675412908306 × 10^288 |
| 53 | ov_053 | 1.599067228209475 × 10^288 |
| 54 | ov_054 | 1.1030228883461893 × 10^288 |
| 55 | ov_055 | 7.328255458983313 × 10^287 |
| 56 | ov_056 | 4.645523195562504 × 10^287 |
| 57 | ov_057 | 2.7707211756982462 × 10^287 |
| 58 | ov_058 | 1.5204440206762084 × 10^287 |
| 59 | ov_059 | 7.391854996405478 × 10^286 |
| 60 | ov_060 | 2.99335645200169 × 10^286 |
| 61 | ov_061 | 1.0117971890070228 × 10^286 |
| 62 | ov_062 | 2.708684374802401 × 10^285 |
| 63 | ov_063 | 5.98726503112963 × 10^284 |
| 64 | lv_79_m31 | 1.1657615659718423 × 10^284 |
| 65 | ov_065 | 1.3760133959986848 × 10^285 |
| 66 | ov_066 | 1.3760098526354366 × 10^285 |
| 67 | ov_067 | 1.3760090201512775 × 10^285 |
| 68 | ov_068 | 1.1873852991274843 × 10^285 |
| 69 | ov_069 | 1.0190111566610667 × 10^285 |
| 70 | ov_070 | 8.693464728028124 × 10^284 |
| 71 | ov_071 | 7.369245446585156 × 10^284 |
| 72 | ov_072 | 6.203483880070679 × 10^284 |
| 73 | ov_073 | 5.1828781797083354 × 10^284 |
| 74 | ov_074 | 4.294770721912202 × 10^284 |
| 75 | ov_075 | 3.527127767049285 × 10^284 |
| 76 | ov_076 | 2.8685213834883962 × 10^284 |
| 77 | ov_077 | 2.3081132664301412 × 10^284 |
| 78 | ov_078 | 1.8356403412233793 × 10^284 |
| 79 | ov_079 | 1.4414020426815034 × 10^284 |
| 80 | ov_080 | 1.116249163288171 × 10^284 |
| 81 | ov_081 | 8.515741642122559 × 10^283 |
| 82 | ov_082 | 6.393028438130249 × 10^283 |
| 83 | ov_083 | 4.71887258874382 × 10^283 |
| 84 | ov_084 | 3.422997942116317 × 10^283 |
| 85 | ov_085 | 2.44028276581458 × 10^283 |
| 86 | ov_086 | 1.7107202902275884 × 10^283 |
| 87 | ov_087 | 1.1793876188507281 × 10^283 |
| 88 | ov_088 | 7.964219688127313 × 10^282 |
| 89 | ov_089 | 5.1700320547148436 × 10^282 |
| 90 | ov_090 | 3.199801013916125 × 10^282 |
| 91 | ov_091 | 1.8671419032553454 × 10^282 |
| 92 | ov_092 | 1.0107670084706678 × 10^282 |
| 93 | ov_093 | 4.944683308686257 × 10^281 |
| 94 | ov_094 | 2.0710912228909347 × 10^281 |
| 95 | aaa_78_28 | 6.262043036769941 × 10^280 |
| 96 | aaa_78_29 | 1.8608064008153601 × 10^280 |
| 97 | ov_097 | 1.0469999938138442 × 10^280 |
| 98 | ov_098 | 1.0469829839759391 × 10^280 |
| 99 | ov_099 | 1.0469775569256647 × 10^280 |
| 100 | ov_100 | 8.549717539193738 × 10^279 |
| 101 | ov_101 | 6.962216335707618 × 10^279 |
| 102 | ov_102 | 5.665337639516768 × 10^279 |
| 103 | ov_103 | 4.6194268697066346 × 10^279 |
| 104 | ov_104 | 3.786942710230929 × 10^279 |
| 105 | ov_105 | 3.1323129077671743 × 10^279 |
| 106 | ov_106 | 2.621810263049091 × 10^279 |
| 107 | ov_107 | 2.2234468424055685 × 10^279 |
| 108 | ov_108 | 1.9068845375141742 × 10^279 |
| 109 | ov_109 | 1.6433602000690506 × 10^279 |
| 110 | ov_110 | 1.4056236747935315 × 10^279 |
| 111 | ov_111 | 1.1922534384458024 × 10^279 |
| 112 | ov_112 | 1.0018603510197475 × 10^279 |
| 113 | ov_113 | 8.3308051940786 × 10^278 |
| 114 | ov_114 | 6.845693685005978 × 10^278 |
| 115 | ov_115 | 5.5499682704220285 × 10^278 |
| 116 | ov_116 | 4.43043535681555 × 10^278 |
| 117 | ov_117 | 3.4739798474210735 × 10^278 |
| 118 | ov_118 | 2.6675440195446208 × 10^278 |
| 119 | ov_119 | 1.998111346369057 × 10^278 |
| 120 | ov_120 | 1.452693812610681 × 10^278 |
| 121 | ov_121 | 1.0183222623737491 × 10^278 |
| 122 | ov_122 | 6.820393176138744 × 10^277 |
| 123 | ov_123 | 4.308944056452501 × 10^277 |
| 124 | ov_124 | 2.51940434125881 × 10^277 |
| 125 | ov_125 | 1.322317637560925 × 10^277 |
| 126 | ov_126 | 5.882321425202556 × 10^276 |
| 127 | aaa_77_28 | 1.8769717053481006 × 10^276 |
| 128 | aaa_77_29 | 7.028907962193579 × 10^275 |
| 129 | ov_129 | 6.428506428597775 × 10^275 |
| 130 | ov_130 | 6.42849145947071 × 10^275 |
| 131 | ov_131 | 6.42848670029238 × 10^275 |
| 132 | ov_132 | 5.554714815011404 × 10^275 |
| 133 | ov_133 | 4.773962253411875 × 10^275 |
| 134 | ov_134 | 4.079153134486206 × 10^275 |
| 135 | ov_135 | 3.463579398977449 × 10^275 |
| 136 | ov_136 | 2.9208743714902584 × 10^275 |
| 137 | ov_137 | 2.4449902911857555 × 10^275 |
| 138 | ov_138 | 2.030179409624248 × 10^275 |
| 139 | ov_139 | 1.6709782743251542 × 10^275 |
| 140 | ov_140 | 1.3621948361374719 × 10^275 |
| 141 | ov_141 | 1.0988980376845755 × 10^275 |
| 142 | ov_142 | 8.76409559068686 × 10^274 |
| 143 | ov_143 | 6.90297415772721 × 10^274 |
| 144 | ov_144 | 5.363711223378998 × 10^274 |
| 145 | ov_145 | 4.106781539625678 × 10^274 |
| 146 | ov_146 | 3.095014566844302 × 10^274 |
| 147 | ov_147 | 2.2935777528784337 × 10^274 |
| 148 | ov_148 | 1.669965865278007 × 10^274 |
| 149 | ov_149 | 1.1939944368928246 × 10^274 |
| 150 | ov_150 | 8.377956558454476 × 10^273 |
| 151 | ov_151 | 5.75815538857127 × 10^273 |
| 152 | ov_152 | 3.848118393029683 × 10^273 |
| 153 | ov_153 | 2.438525113255888 × 10^273 |
| 154 | ov_154 | 1.4304892208338379 × 10^273 |
| 155 | ov_155 | 7.366678466277437 × 10^272 |
| 156 | aaa_76_25 | 2.8125904502873022 × 10^272 |
| 157 | aaa_76_26 | 1.5983341753534726 × 10^272 |
| 158 | aaa_76_27 | 7.95936767620201 × 10^271 |
| 159 | aaa_76_28 | 2.9001645655035335 × 10^271 |
| 160 | aaa_76_29 | 7.698309585276098 × 10^270 |

### Output Bits Sorted by Complexity

| Rank | Output Bit | Complexity |
|:----:|:----------:|:----------:|
| 160 | aaa_76_29 | 7.698309585276098 × 10^270 |
| 159 | aaa_76_28 | 2.9001645655035335 × 10^271 |
| 158 | aaa_76_27 | 7.95936767620201 × 10^271 |
| 157 | aaa_76_26 | 1.5983341753534726 × 10^272 |
| 156 | aaa_76_25 | 2.8125904502873022 × 10^272 |
| 155 | ov_155 | 7.366678466277437 × 10^272 |
| 154 | ov_154 | 1.4304892208338379 × 10^273 |
| 153 | ov_153 | 2.438525113255888 × 10^273 |
| 152 | ov_152 | 3.848118393029683 × 10^273 |
| 151 | ov_151 | 5.75815538857127 × 10^273 |
| 150 | ov_150 | 8.377956558454476 × 10^273 |
| 149 | ov_149 | 1.1939944368928246 × 10^274 |
| 148 | ov_148 | 1.669965865278007 × 10^274 |
| 147 | ov_147 | 2.2935777528784337 × 10^274 |
| 146 | ov_146 | 3.095014566844302 × 10^274 |
| 145 | ov_145 | 4.106781539625678 × 10^274 |
| 144 | ov_144 | 5.363711223378998 × 10^274 |
| 143 | ov_143 | 6.90297415772721 × 10^274 |
| 142 | ov_142 | 8.76409559068686 × 10^274 |
| 141 | ov_141 | 1.0988980376845755 × 10^275 |
| 140 | ov_140 | 1.3621948361374719 × 10^275 |
| 139 | ov_139 | 1.6709782743251542 × 10^275 |
| 138 | ov_138 | 2.030179409624248 × 10^275 |
| 137 | ov_137 | 2.4449902911857555 × 10^275 |
| 136 | ov_136 | 2.9208743714902584 × 10^275 |
| 135 | ov_135 | 3.463579398977449 × 10^275 |
| 134 | ov_134 | 4.079153134486206 × 10^275 |
| 133 | ov_133 | 4.773962253411875 × 10^275 |
| 132 | ov_132 | 5.554714815011404 × 10^275 |
| 131 | ov_131 | 6.42848670029238 × 10^275 |
| 130 | ov_130 | 6.42849145947071 × 10^275 |
| 129 | ov_129 | 6.428506428597775 × 10^275 |
| 128 | aaa_77_29 | 7.028907962193579 × 10^275 |
| 127 | aaa_77_28 | 1.8769717053481006 × 10^276 |
| 126 | ov_126 | 5.882321425202556 × 10^276 |
| 125 | ov_125 | 1.322317637560925 × 10^277 |
| 124 | ov_124 | 2.51940434125881 × 10^277 |
| 123 | ov_123 | 4.308944056452501 × 10^277 |
| 122 | ov_122 | 6.820393176138744 × 10^277 |
| 121 | ov_121 | 1.0183222623737491 × 10^278 |
| 120 | ov_120 | 1.452693812610681 × 10^278 |
| 119 | ov_119 | 1.998111346369057 × 10^278 |
| 118 | ov_118 | 2.6675440195446208 × 10^278 |
| 117 | ov_117 | 3.4739798474210735 × 10^278 |
| 116 | ov_116 | 4.43043535681555 × 10^278 |
| 115 | ov_115 | 5.5499682704220285 × 10^278 |
| 114 | ov_114 | 6.845693685005978 × 10^278 |
| 113 | ov_113 | 8.3308051940786 × 10^278 |
| 112 | ov_112 | 1.0018603510197475 × 10^279 |
| 111 | ov_111 | 1.1922534384458024 × 10^279 |
| 110 | ov_110 | 1.4056236747935315 × 10^279 |
| 109 | ov_109 | 1.6433602000690506 × 10^279 |
| 108 | ov_108 | 1.9068845375141742 × 10^279 |
| 107 | ov_107 | 2.2234468424055685 × 10^279 |
| 106 | ov_106 | 2.621810263049091 × 10^279 |
| 105 | ov_105 | 3.1323129077671743 × 10^279 |
| 104 | ov_104 | 3.786942710230929 × 10^279 |
| 103 | ov_103 | 4.6194268697066346 × 10^279 |
| 102 | ov_102 | 5.665337639516768 × 10^279 |
| 101 | ov_101 | 6.962216335707618 × 10^279 |
| 100 | ov_100 | 8.549717539193738 × 10^279 |
| 99 | ov_099 | 1.0469775569256647 × 10^280 |
| 98 | ov_098 | 1.0469829839759391 × 10^280 |
| 97 | ov_097 | 1.0469999938138442 × 10^280 |
| 96 | aaa_78_29 | 1.8608064008153601 × 10^280 |
| 95 | aaa_78_28 | 6.262043036769941 × 10^280 |
| 94 | ov_094 | 2.0710912228909347 × 10^281 |
| 93 | ov_093 | 4.944683308686257 × 10^281 |
| 92 | ov_092 | 1.0107670084706678 × 10^282 |
| 91 | ov_091 | 1.8671419032553454 × 10^282 |
| 90 | ov_090 | 3.199801013916125 × 10^282 |
| 89 | ov_089 | 5.1700320547148436 × 10^282 |
| 88 | ov_088 | 7.964219688127313 × 10^282 |
| 87 | ov_087 | 1.1793876188507281 × 10^283 |
| 86 | ov_086 | 1.7107202902275884 × 10^283 |
| 85 | ov_085 | 2.44028276581458 × 10^283 |
| 84 | ov_084 | 3.422997942116317 × 10^283 |
| 83 | ov_083 | 4.71887258874382 × 10^283 |
| 82 | ov_082 | 6.393028438130249 × 10^283 |
| 81 | ov_081 | 8.515741642122559 × 10^283 |
| 80 | ov_080 | 1.116249163288171 × 10^284 |
| 64 | lv_79_m31 | 1.1657615659718423 × 10^284 |
| 79 | ov_079 | 1.4414020426815034 × 10^284 |
| 78 | ov_078 | 1.8356403412233793 × 10^284 |
| 77 | ov_077 | 2.3081132664301412 × 10^284 |
| 76 | ov_076 | 2.8685213834883962 × 10^284 |
| 75 | ov_075 | 3.527127767049285 × 10^284 |
| 74 | ov_074 | 4.294770721912202 × 10^284 |
| 73 | ov_073 | 5.1828781797083354 × 10^284 |
| 63 | ov_063 | 5.98726503112963 × 10^284 |
| 72 | ov_072 | 6.203483880070679 × 10^284 |
| 71 | ov_071 | 7.369245446585156 × 10^284 |
| 70 | ov_070 | 8.693464728028124 × 10^284 |
| 69 | ov_069 | 1.0190111566610667 × 10^285 |
| 68 | ov_068 | 1.1873852991274843 × 10^285 |
| 67 | ov_067 | 1.3760090201512775 × 10^285 |
| 66 | ov_066 | 1.3760098526354366 × 10^285 |
| 65 | ov_065 | 1.3760133959986848 × 10^285 |
| 62 | ov_062 | 2.708684374802401 × 10^285 |
| 61 | ov_061 | 1.0117971890070228 × 10^286 |
| 60 | ov_060 | 2.99335645200169 × 10^286 |
| 59 | ov_059 | 7.391854996405478 × 10^286 |
| 58 | ov_058 | 1.5204440206762084 × 10^287 |
| 57 | ov_057 | 2.7707211756982462 × 10^287 |
| 56 | ov_056 | 4.645523195562504 × 10^287 |
| 55 | ov_055 | 7.328255458983313 × 10^287 |
| 54 | ov_054 | 1.1030228883461893 × 10^288 |
| 53 | ov_053 | 1.599067228209475 × 10^288 |
| 52 | ov_052 | 2.247675412908306 × 10^288 |
| 51 | ov_051 | 3.1050786653700485 × 10^288 |
| 50 | ov_050 | 4.2331087569443956 × 10^288 |
| 49 | ov_049 | 5.699211567344166 × 10^288 |
| 48 | ov_048 | 7.576466541050022 × 10^288 |
| 47 | ov_047 | 9.943613843369445 × 10^288 |
| 32 | lv_80_m31 | 1.1971839265742677 × 10^289 |
| 46 | ov_046 | 1.2885091880313863 × 10^289 |
| 45 | ov_045 | 1.6491088783533287 × 10^289 |
| 44 | ov_044 | 2.081107312182281 × 10^289 |
| 43 | ov_043 | 2.5946964158290124 × 10^289 |
| 42 | ov_042 | 3.200671307702585 × 10^289 |
| 41 | ov_041 | 3.91044563174555 × 10^289 |
| 40 | ov_040 | 4.730207196781092 × 10^289 |
| 39 | ov_039 | 5.666481117843795 × 10^289 |
| 31 | ov_031 | 6.138334575495615 × 10^289 |
| 38 | ov_038 | 6.72614567741108 × 10^289 |
| 37 | ov_037 | 7.923329604068534 × 10^289 |
| 36 | ov_036 | 9.27292847295524 × 10^289 |
| 35 | ov_035 | 1.0790653678116317 × 10^290 |
| 34 | ov_034 | 1.2493089706083719 × 10^290 |
| 33 | ov_033 | 1.4397760601671376 × 10^290 |
| 30 | ov_030 | 3.1469458985291915 × 10^290 |
| 29 | ov_029 | 1.0294378853223479 × 10^291 |
| 28 | ov_028 | 2.6719019776165976 × 10^291 |
| 27 | ov_027 | 5.972249939309407 × 10^291 |
| 26 | ov_026 | 1.1943566595587908 × 10^292 |
| 25 | ov_025 | 2.1881861717263835 × 10^292 |
| 24 | ov_024 | 3.736608213568892 × 10^292 |
| 23 | ov_023 | 6.025814849237244 × 10^292 |
| 22 | ov_022 | 9.45649669140163 × 10^292 |
| 21 | ov_021 | 1.4485975913749313 × 10^293 |
| 20 | ov_020 | 2.162825737128227 × 10^293 |
| 19 | ov_019 | 3.1454112696658172 × 10^293 |
| 18 | ov_018 | 4.459120869762189 × 10^293 |
| 17 | ov_017 | 6.172429361250396 × 10^293 |
| 16 | ov_016 | 8.359545701308494 × 10^293 |
| 15 | ov_015 | 1.1100448137725692 × 10^294 |
| 14 | ov_014 | 1.448093082601737 × 10^294 |
| 13 | ov_013 | 1.8592665252435926 × 10^294 |
| 12 | ov_012 | 2.353328094645707 × 10^294 |
| 11 | ov_011 | 2.9406470654244475 × 10^294 |
| 10 | ov_010 | 3.6322125594642976 × 10^294 |
| 9 | ov_009 | 4.4396506871206784 × 10^294 |
| 8 | ov_008 | 5.3752459568375714 × 10^294 |
| 7 | ov_007 | 6.451967605276701 × 10^294 |
| 6 | ov_006 | 7.683501453294996 × 10^294 |
| 5 | ov_005 | 9.084287940082487 × 10^294 |
| 4 | ov_004 | 1.0669567128686904 × 10^295 |
| 3 | ov_003 | 1.2455431512995582 × 10^295 |
| 2 | ov_002 | 1.4458887327431468 × 10^295 |
| 1 | ov_001 | 1.669792492368172 × 10^295 |

