# Results for F001-F002-F003-F004-F005-F006-F007-F008-F009-F010-F011-F012-F013-F014-F015-F016-F017-F018-F019-F020-F021-F022-F023-F024-F025-F026-F027-F028-F029-F030-F031-F032-F033-F034-F035-F036-F037-F038-F039-F040-F041-F042-F043-F044-F045-F046-F047-F048-F049-F050-F051-F052-F053-F054-F055-F056-F057-F058-F059-F060-F061-F062-F063-F064-F065-F066-F067-F068-F069-F070-F071-F072-F073-F074-F075-F076-F077-F078-F079-F080-F081-F082-F083-F084-F085-F086-F087-F088-F089-F090-F091-F092-F093-F094-F095-F096-F097-F098-F099-F100-F101-F102-F103-F104-F105-F106-F107-F108-F109-F110-F111-F112-F113-F114-F115-F116-F117-F118-F119-F120-F121-F122-F123-F124-F125-F126-F127-F128-F129-F130-F131-F132-F133-F134-F135-F136-F137-F138-F139-F140-F141-F142-F143-F144-F145-F146-F147-F148-F149-F150-F151-F152-F153-F154-F155-F156-F157-F158-F159-F160-F161-F162-F163-F164-F165-F166-F167-F168-F169-F170-F171-F172-F173-F174-F175-F176-F177-F178-F179-F180-F181-F182-F183-F184-F185-F186-F187-F188-F189-F190-F191-F192-F193-F194-F195-F196-F197-F198-F199-F200-F201-F202-F203-F204-F205-F206-F207-F208-F209-F210-F211-F212-F213-F214-F215-F216-F217-F218-F219-F220-F221-F222-F223-F224-F225-F226-F227-F228-F229-F230-F231-F232-F233-F234-F235-F236-F237-F238-F239-F240-F241-F242-F243-F244-F245-F246-F247-F248-F249-F250-F251-F252-F253-F254-F255-F256-F257-F258-F259-F260-F261-F262-F263-F264-F265-F266-F267-F268-F269-F270-F271-F272-F273-F274-F275-F276-F277-F278-F279-F280-F281-F282-F283-F284-F285-F286-F287-F288-F289-F290-F291-F292-F293-F294-F295-F296-F297-F298-F299-F300-F301-F302-F303-F304-F305-F306-F307-F308-F309-F310-F311-F312-F313-F314-F315-F316-F317-F318-F319-F320-F321-F322-F323-F324-F325-F326-F327-F328-F329-F330-F331-F332-F333-F334-F335-F336-F337-F338-F339-F340-F341-F342-F343-F344-F345-F346-F347-F348-F349-F350-F351-F352-F353-F354-F355-F356-F357-F358-F359-F360-F361-F362-F363-F364-F365-F366-F367-F368-F369-F370-F371-F372-F373-F374-F375-F376-F377-F378-F379-F380-F381-F382-F383-F384-F385-F386-F387-F388-F389-F390-F391-F392-F393-F394-F395-F396-F397-F398-F399-F400-F401-F402-F403-F404-F405-F406-F407-F408-F409-F410-F411-F412-F413-F414-F415-F416-F417-F418-F419-F420-F421-F422-F423-F424-F425-F426-F427-F428-F429-F430-F431-F432-F433-F434-F435-F436-F437-F438-F439-F440-F441-F442-F443-F444-F445-F446-F447-F448-F449-F450-F451-F452-F453-F454-F455-F456-F457-F458-F459-F460-F461-F462-F463-F464-F465-F466-F467-F468-F469-F470-F471-F472-F473-F474-F475-F476-F477-F478-F479-F480-F481-F482-F483-F484-F485-F486-F487-F488-F489-F490-F491-F492-F493-F494-F495-F496-O500505-O500507-F508-F509-F510-F511-F512

## Summary

Number of input bits: 512  
Number of free input bits: 9  
Number of output bits: 160

Number of direct occurrences: 35998  
Number of assignments: 30787  
Number of operations: 10786271
(xor: 10758420,
and: 14678,
or: 13173)

Total complexity: 7.689637388098779 × 10^296

Least occurring input variable: iv_502 (3857)  
Most occurring input variable: iv_500 (4410)

Most co-occurring input variables: iv_500-iv_506 (2023)  
Least co-occurring input variables: iv_498-iv_502 (1750)

Potentially most occurring input variable: iv_498/iv_500 (4563)  
Potentially least occurring input variable: iv_497/iv_503 (4071)

Least output occurring input variable: iv_503 (75)  
Most output occurring input variable: iv_506 (93)

Most output co-occurring input variables: iv_500-iv_506 (57)  
Least output co-occurring input variables: iv_499-iv_504 (32)

Potentially most output occurring input variable: iv_499/iv_504 (94)  
Potentially least output occurring input variable: iv_499/iv_500 (67)

Least complex input bit: iv_497 (4.699165233453096 × 10^294)  
Most complex input bit: iv_500 (2.853493591767895 × 10^296)

Least complex output bit: aaa_76_29 (7.370057394461622 × 10^271)  
Most complex output bit: ov_001 (1.240797941732425 × 10^296)

Least complex input/output complexity: iv_497/aaa_76_29 (4.503868742914908 × 10^269)  
Most complex input/output complexity: iv_500/ov_001 (4.604390033907258 × 10^295)

## Input Bits

### Input Bits in Regular Order

| Input Bit | Complexity | Occurrences | Output Occurrences |
|:---------:|:----------:|:-----------:|:------------------:|
| iv_497 | 4.699165233453096 × 10^294 | 4025 | 82 |
| iv_498 | 9.374178463773605 × 10^294 | 3879 | 84 |
| iv_499 | 1.6484489767430574 × 10^295 | 3881 | 77 |
| iv_500 | 2.853493591767895 × 10^296 | 4410 | 92 |
| iv_501 | 4.521833228202225 × 10^295 | 3996 | 77 |
| iv_502 | 7.262489313485792 × 10^295 | 3857 | 89 |
| iv_503 | 1.1472905823096738 × 10^296 | 4002 | 75 |
| iv_504 | 1.7797077614909865 × 10^296 | 3889 | 81 |
| iv_506 | 4.251348637148557 × 10^295 | 4059 | 93 |

### Input Bits Sorted by Complexity

| Input Bit | Complexity | Occurrences | Output Occurrences |
|:---------:|:----------:|:-----------:|:------------------:|
| iv_497 | 4.699165233453096 × 10^294 | 4025 | 82 |
| iv_498 | 9.374178463773605 × 10^294 | 3879 | 84 |
| iv_499 | 1.6484489767430574 × 10^295 | 3881 | 77 |
| iv_506 | 4.251348637148557 × 10^295 | 4059 | 93 |
| iv_501 | 4.521833228202225 × 10^295 | 3996 | 77 |
| iv_502 | 7.262489313485792 × 10^295 | 3857 | 89 |
| iv_503 | 1.1472905823096738 × 10^296 | 4002 | 75 |
| iv_504 | 1.7797077614909865 × 10^296 | 3889 | 81 |
| iv_500 | 2.853493591767895 × 10^296 | 4410 | 92 |

### Input Bits Sorted by Occurrences

| Input Bit | Complexity | Occurrences | Output Occurrences |
|:---------:|:----------:|:-----------:|:------------------:|
| iv_502 | 7.262489313485792 × 10^295 | 3857 | 89 |
| iv_498 | 9.374178463773605 × 10^294 | 3879 | 84 |
| iv_499 | 1.6484489767430574 × 10^295 | 3881 | 77 |
| iv_504 | 1.7797077614909865 × 10^296 | 3889 | 81 |
| iv_501 | 4.521833228202225 × 10^295 | 3996 | 77 |
| iv_503 | 1.1472905823096738 × 10^296 | 4002 | 75 |
| iv_497 | 4.699165233453096 × 10^294 | 4025 | 82 |
| iv_506 | 4.251348637148557 × 10^295 | 4059 | 93 |
| iv_500 | 2.853493591767895 × 10^296 | 4410 | 92 |

### Input Bits Sorted by Output Occurrences

| Input Bit | Complexity | Occurrences | Output Occurrences |
|:---------:|:----------:|:-----------:|:------------------:|
| iv_503 | 1.1472905823096738 × 10^296 | 4002 | 75 |
| iv_499 | 1.6484489767430574 × 10^295 | 3881 | 77 |
| iv_501 | 4.521833228202225 × 10^295 | 3996 | 77 |
| iv_504 | 1.7797077614909865 × 10^296 | 3889 | 81 |
| iv_497 | 4.699165233453096 × 10^294 | 4025 | 82 |
| iv_498 | 9.374178463773605 × 10^294 | 3879 | 84 |
| iv_502 | 7.262489313485792 × 10^295 | 3857 | 89 |
| iv_500 | 2.853493591767895 × 10^296 | 4410 | 92 |
| iv_506 | 4.251348637148557 × 10^295 | 4059 | 93 |

## Input Bit Co-occurrences

### Input Bit Co-occurrences Sorted by Co-occurrences

| Input Bits | Co-occurrences | Potential Occurrences | Output Co-occurrences | Potential Output Occurrences |
|:----------:|:--------------:|:---------------------:|:---------------------:|:----------------------------:|
| iv_500-iv_506 | 2023 | 4423 | 57 | 71 |
| iv_497-iv_500 | 1992 | 4451 | 44 | 86 |
| iv_497-iv_503 | 1978 | 4071 | 42 | 73 |
| iv_500-iv_501 | 1955 | 4496 | 43 | 83 |
| iv_500-iv_503 | 1941 | 4530 | 45 | 77 |
| iv_499-iv_500 | 1934 | 4423 | 51 | 67 |
| iv_501-iv_503 | 1926 | 4146 | 36 | 80 |
| iv_497-iv_506 | 1926 | 4232 | 48 | 79 |
| iv_500-iv_502 | 1894 | 4479 | 53 | 75 |

### Input Bit Co-occurrences Sorted by Potential Occurrences

| Input Bits | Co-occurrences | Potential Occurrences | Output Co-occurrences | Potential Output Occurrences |
|:----------:|:--------------:|:---------------------:|:---------------------:|:----------------------------:|
| iv_497-iv_503 | 1978 | 4071 | 42 | 73 |
| iv_501-iv_504 | 1894 | 4097 | 39 | 80 |
| iv_499-iv_504 | 1814 | 4142 | 32 | 94 |
| iv_501-iv_503 | 1926 | 4146 | 36 | 80 |
| iv_502-iv_506 | 1880 | 4156 | 53 | 76 |
| iv_498-iv_504 | 1801 | 4166 | 39 | 87 |
| iv_502-iv_504 | 1786 | 4174 | 46 | 78 |
| iv_498-iv_499 | 1790 | 4180 | 44 | 73 |
| iv_498-iv_506 | 1878 | 4182 | 52 | 73 |

### Input Bit Output Co-occurrences Sorted by Output Co-occurrences

| Input Bits | Co-occurrences | Potential Occurrences | Output Co-occurrences | Potential Output Occurrences |
|:----------:|:--------------:|:---------------------:|:---------------------:|:----------------------------:|
| iv_500-iv_506 | 2023 | 4423 | 57 | 71 |
| iv_500-iv_502 | 1894 | 4479 | 53 | 75 |
| iv_502-iv_506 | 1880 | 4156 | 53 | 76 |
| iv_498-iv_500 | 1863 | 4563 | 52 | 72 |
| iv_498-iv_506 | 1878 | 4182 | 52 | 73 |
| iv_499-iv_500 | 1934 | 4423 | 51 | 67 |
| iv_497-iv_506 | 1926 | 4232 | 48 | 79 |
| iv_499-iv_506 | 1832 | 4276 | 47 | 76 |
| iv_502-iv_504 | 1786 | 4174 | 46 | 78 |

### Input Bit Output Co-occurrences Sorted by Potential Output Occurrences

| Input Bits | Co-occurrences | Potential Occurrences | Output Co-occurrences | Potential Output Occurrences |
|:----------:|:--------------:|:---------------------:|:---------------------:|:----------------------------:|
| iv_499-iv_500 | 1934 | 4423 | 51 | 67 |
| iv_500-iv_506 | 2023 | 4423 | 57 | 71 |
| iv_498-iv_503 | 1832 | 4217 | 44 | 71 |
| iv_498-iv_500 | 1863 | 4563 | 52 | 72 |
| iv_498-iv_499 | 1790 | 4180 | 44 | 73 |
| iv_498-iv_506 | 1878 | 4182 | 52 | 73 |
| iv_497-iv_503 | 1978 | 4071 | 42 | 73 |
| iv_500-iv_502 | 1894 | 4479 | 53 | 75 |
| iv_499-iv_501 | 1840 | 4197 | 39 | 76 |

## Output Bits

### Output Bits in Regular Order

| Rank | Output Bit | Complexity |
|:----:|:----------:|:----------:|
| 1 | ov_001 | 1.240797941732425 × 10^296 |
| 2 | ov_002 | 1.0744532779165395 × 10^296 |
| 3 | ov_003 | 9.256019054572424 × 10^295 |
| 4 | ov_004 | 7.929097654217324 × 10^295 |
| 5 | ov_005 | 6.751155500315866 × 10^295 |
| 6 | ov_006 | 5.710254770518122 × 10^295 |
| 7 | ov_007 | 4.795087448180851 × 10^295 |
| 8 | ov_008 | 3.9949362722375826 × 10^295 |
| 9 | ov_009 | 3.299641581171262 × 10^295 |
| 10 | ov_010 | 2.699573452739961 × 10^295 |
| 11 | ov_011 | 2.1856085341178663 × 10^295 |
| 12 | ov_012 | 1.7491109915960564 × 10^295 |
| 13 | ov_013 | 1.3819170428494326 × 10^295 |
| 14 | ov_014 | 1.0763225681639573 × 10^295 |
| 15 | ov_015 | 8.250733300504917 × 10^294 |
| 16 | ov_016 | 6.213573634414383 × 10^294 |
| 17 | ov_017 | 4.587991312452998 × 10^294 |
| 18 | ov_018 | 3.3145507247554874 × 10^294 |
| 19 | ov_019 | 2.338102197585953 × 10^294 |
| 20 | ov_020 | 1.607756450237655 × 10^294 |
| 21 | ov_021 | 1.0768656809566845 × 10^294 |
| 22 | ov_022 | 7.030099827571535 × 10^293 |
| 23 | ov_023 | 4.479879509690887 × 10^293 |
| 24 | ov_024 | 2.7781050527537735 × 10^293 |
| 25 | ov_025 | 1.6269710988096012 × 10^293 |
| 26 | ov_026 | 8.880928742581398 × 10^292 |
| 27 | ov_027 | 4.4411453795083903 × 10^292 |
| 28 | ov_028 | 1.9870632130991505 × 10^292 |
| 29 | ov_029 | 7.65635496269876 × 10^291 |
| 30 | ov_030 | 2.3406385545632498 × 10^291 |
| 31 | ov_031 | 4.565763906857973 × 10^290 |
| 32 | lv_80_m31 | 8.90503157768172 × 10^289 |
| 33 | ov_033 | 1.065242969875586 × 10^291 |
| 34 | ov_034 | 9.238416195159069 × 10^290 |
| 35 | ov_035 | 7.9735630620302 × 10^290 |
| 36 | ov_036 | 6.845238247946823 × 10^290 |
| 37 | ov_037 | 5.841486972386301 × 10^290 |
| 38 | ov_038 | 4.950983814558171 × 10^290 |
| 39 | ov_039 | 4.162991428383953 × 10^290 |
| 40 | ov_040 | 3.4673252413575325 × 10^290 |
| 41 | ov_041 | 2.8590271024299067 × 10^290 |
| 42 | ov_042 | 2.3333934378044756 × 10^290 |
| 43 | ov_043 | 1.885963817586374 × 10^290 |
| 44 | ov_044 | 1.5085108116251856 × 10^290 |
| 45 | ov_045 | 1.193252848191687 × 10^290 |
| 46 | ov_046 | 9.328431611298745 × 10^289 |
| 47 | ov_047 | 7.203611285552008 × 10^289 |
| 48 | ov_048 | 5.493056126307236 × 10^289 |
| 49 | ov_049 | 4.1358993957858803 × 10^289 |
| 50 | ov_050 | 3.07538188503115 × 10^289 |
| 51 | ov_051 | 2.2588248686085377 × 10^289 |
| 52 | ov_052 | 1.6376105298685045 × 10^289 |
| 53 | ov_053 | 1.1671679363451062 × 10^289 |
| 54 | ov_054 | 8.069632654872668 × 10^288 |
| 55 | ov_055 | 5.3773789377062127 × 10^288 |
| 56 | ov_056 | 3.42247205648963 × 10^288 |
| 57 | ov_057 | 2.0525902467402672 × 10^288 |
| 58 | ov_058 | 1.1355272281034791 × 10^288 |
| 59 | ov_059 | 5.591875977751211 × 10^287 |
| 60 | ov_060 | 2.315847514487077 × 10^287 |
| 61 | ov_061 | 8.084013763931611 × 10^286 |
| 62 | ov_062 | 2.216051910994385 × 10^286 |
| 63 | ov_063 | 4.3158659385483976 × 10^285 |
| 64 | lv_79_m31 | 8.403285658451005 × 10^284 |
| 65 | ov_065 | 9.918851876101871 × 10^285 |
| 66 | ov_066 | 9.918826336289179 × 10^285 |
| 67 | ov_067 | 9.91882033597515 × 10^285 |
| 68 | ov_068 | 8.55914004451795 × 10^285 |
| 69 | ov_069 | 7.345428022819955 × 10^285 |
| 70 | ov_070 | 6.266582344874557 × 10^285 |
| 71 | ov_071 | 5.3120302991364756 × 10^285 |
| 72 | ov_072 | 4.47170173289691 × 10^285 |
| 73 | ov_073 | 3.736008011776523 × 10^285 |
| 74 | ov_074 | 3.095824889250864 × 10^285 |
| 75 | ov_075 | 2.5424778460628167 × 10^285 |
| 76 | ov_076 | 2.0677290621900685 × 10^285 |
| 77 | ov_077 | 1.6637657542916282 × 10^285 |
| 78 | ov_078 | 1.323189799107716 × 10^285 |
| 79 | ov_079 | 1.0390085646067216 × 10^285 |
| 80 | ov_080 | 8.046268716783666 × 10^284 |
| 81 | ov_081 | 6.1384000992578026 × 10^284 |
| 82 | ov_082 | 4.6082773166698555 × 10^284 |
| 83 | ov_083 | 3.401491486659186 × 10^284 |
| 84 | ov_084 | 2.4673845641098384 × 10^284 |
| 85 | ov_085 | 1.759014109713111 × 10^284 |
| 86 | ov_086 | 1.2331248360702238 × 10^284 |
| 87 | ov_087 | 8.501261840620278 × 10^283 |
| 88 | ov_088 | 5.740751828151063 × 10^283 |
| 89 | ov_089 | 3.7266384694442255 × 10^283 |
| 90 | ov_090 | 2.30645615046071 × 10^283 |
| 91 | ov_091 | 1.345852370129281 × 10^283 |
| 92 | ov_092 | 7.285655880574484 × 10^282 |
| 93 | ov_093 | 3.564127656351904 × 10^282 |
| 94 | ov_094 | 1.4928324022488917 × 10^282 |
| 95 | aaa_78_28 | 4.513622254662004 × 10^281 |
| 96 | aaa_78_29 | 1.3412403626301316 × 10^281 |
| 97 | ov_097 | 7.547017480958738 × 10^280 |
| 98 | ov_098 | 7.5468940413253155 × 10^280 |
| 99 | ov_099 | 7.5468545880243805 × 10^280 |
| 100 | ov_100 | 6.162717161412604 × 10^280 |
| 101 | ov_101 | 5.018366231519062 × 10^280 |
| 102 | ov_102 | 4.083548869301015 × 10^280 |
| 103 | ov_103 | 3.3296618098706305 × 10^280 |
| 104 | ov_104 | 2.729630406737056 × 10^280 |
| 105 | ov_105 | 2.2578037670377066 × 10^280 |
| 106 | ov_106 | 1.8898645586402334 × 10^280 |
| 107 | ov_107 | 1.602752055970676 × 10^280 |
| 108 | ov_108 | 1.3745970649794367 × 10^280 |
| 109 | ov_109 | 1.1846674393342547 × 10^280 |
| 110 | ov_110 | 1.0133229701822999 × 10^280 |
| 111 | ov_111 | 8.59538345150087 × 10^279 |
| 112 | ov_112 | 7.223118587353747 × 10^279 |
| 113 | ov_113 | 6.00660223569609 × 10^279 |
| 114 | ov_114 | 4.9361425861864545 × 10^279 |
| 115 | ov_115 | 4.0021538701051675 × 10^279 |
| 116 | ov_116 | 3.1951287626506214 × 10^279 |
| 117 | ov_117 | 2.505617537622701 × 10^279 |
| 118 | ov_118 | 1.9242126689570838 × 10^279 |
| 119 | ov_119 | 1.4415370233530226 × 10^279 |
| 120 | ov_120 | 1.0482345904297781 × 10^279 |
| 121 | ov_121 | 7.349634151229038 × 10^278 |
| 122 | ov_122 | 4.923903970781283 × 10^278 |
| 123 | ov_123 | 3.111876218179281 × 10^278 |
| 124 | ov_124 | 1.8202988845529357 × 10^278 |
| 125 | ov_125 | 9.559317993099001 × 10^277 |
| 126 | ov_126 | 4.255388372200283 × 10^277 |
| 127 | aaa_77_28 | 1.358849315241761 × 10^277 |
| 128 | aaa_77_29 | 5.094601249503339 × 10^276 |
| 129 | ov_129 | 4.654125719463738 × 10^276 |
| 130 | ov_130 | 4.6541113902180626 × 10^276 |
| 131 | ov_131 | 4.654107933461314 × 10^276 |
| 132 | ov_132 | 4.027630742093711 × 10^276 |
| 133 | ov_133 | 3.466585884717577 × 10^276 |
| 134 | ov_134 | 2.965834269093963 × 10^276 |
| 135 | ov_135 | 2.520503953714972 × 10^276 |
| 136 | ov_136 | 2.1259709443137254 × 10^276 |
| 137 | ov_137 | 1.7799830196259008 × 10^276 |
| 138 | ov_138 | 1.4783657079495447 × 10^276 |
| 139 | ov_139 | 1.2171510179534662 × 10^276 |
| 140 | ov_140 | 9.925680739160458 × 10^275 |
| 141 | ov_141 | 8.010355531909778 × 10^275 |
| 142 | ov_142 | 6.391556906870228 × 10^275 |
| 143 | ov_143 | 5.0370962876370405 × 10^275 |
| 144 | ov_144 | 3.916539044822408 × 10^275 |
| 145 | ov_145 | 3.001178796373443 × 10^275 |
| 146 | ov_146 | 2.264019324467352 × 10^275 |
| 147 | ov_147 | 1.6797624320048695 × 10^275 |
| 148 | ov_148 | 1.2248001957739644 × 10^275 |
| 149 | ov_149 | 8.772102072507226 × 10^274 |
| 150 | ov_150 | 6.167525887749105 × 10^274 |
| 151 | ov_151 | 4.248679418048924 × 10^274 |
| 152 | ov_152 | 2.8467582875918875 × 10^274 |
| 153 | ov_153 | 1.8097365864449694 × 10^274 |
| 154 | ov_154 | 1.0657948146386421 × 10^274 |
| 155 | ov_155 | 5.514972332159162 × 10^273 |
| 156 | aaa_76_25 | 2.1179002580184188 × 10^273 |
| 157 | aaa_76_26 | 1.2216573352626179 × 10^273 |
| 158 | aaa_76_27 | 6.245434876096402 × 10^272 |
| 159 | aaa_76_28 | 2.427593685196207 × 10^272 |
| 160 | aaa_76_29 | 7.370057394461622 × 10^271 |

### Output Bits Sorted by Complexity

| Rank | Output Bit | Complexity |
|:----:|:----------:|:----------:|
| 160 | aaa_76_29 | 7.370057394461622 × 10^271 |
| 159 | aaa_76_28 | 2.427593685196207 × 10^272 |
| 158 | aaa_76_27 | 6.245434876096402 × 10^272 |
| 157 | aaa_76_26 | 1.2216573352626179 × 10^273 |
| 156 | aaa_76_25 | 2.1179002580184188 × 10^273 |
| 155 | ov_155 | 5.514972332159162 × 10^273 |
| 154 | ov_154 | 1.0657948146386421 × 10^274 |
| 153 | ov_153 | 1.8097365864449694 × 10^274 |
| 152 | ov_152 | 2.8467582875918875 × 10^274 |
| 151 | ov_151 | 4.248679418048924 × 10^274 |
| 150 | ov_150 | 6.167525887749105 × 10^274 |
| 149 | ov_149 | 8.772102072507226 × 10^274 |
| 148 | ov_148 | 1.2248001957739644 × 10^275 |
| 147 | ov_147 | 1.6797624320048695 × 10^275 |
| 146 | ov_146 | 2.264019324467352 × 10^275 |
| 145 | ov_145 | 3.001178796373443 × 10^275 |
| 144 | ov_144 | 3.916539044822408 × 10^275 |
| 143 | ov_143 | 5.0370962876370405 × 10^275 |
| 142 | ov_142 | 6.391556906870228 × 10^275 |
| 141 | ov_141 | 8.010355531909778 × 10^275 |
| 140 | ov_140 | 9.925680739160458 × 10^275 |
| 139 | ov_139 | 1.2171510179534662 × 10^276 |
| 138 | ov_138 | 1.4783657079495447 × 10^276 |
| 137 | ov_137 | 1.7799830196259008 × 10^276 |
| 136 | ov_136 | 2.1259709443137254 × 10^276 |
| 135 | ov_135 | 2.520503953714972 × 10^276 |
| 134 | ov_134 | 2.965834269093963 × 10^276 |
| 133 | ov_133 | 3.466585884717577 × 10^276 |
| 132 | ov_132 | 4.027630742093711 × 10^276 |
| 131 | ov_131 | 4.654107933461314 × 10^276 |
| 130 | ov_130 | 4.6541113902180626 × 10^276 |
| 129 | ov_129 | 4.654125719463738 × 10^276 |
| 128 | aaa_77_29 | 5.094601249503339 × 10^276 |
| 127 | aaa_77_28 | 1.358849315241761 × 10^277 |
| 126 | ov_126 | 4.255388372200283 × 10^277 |
| 125 | ov_125 | 9.559317993099001 × 10^277 |
| 124 | ov_124 | 1.8202988845529357 × 10^278 |
| 123 | ov_123 | 3.111876218179281 × 10^278 |
| 122 | ov_122 | 4.923903970781283 × 10^278 |
| 121 | ov_121 | 7.349634151229038 × 10^278 |
| 120 | ov_120 | 1.0482345904297781 × 10^279 |
| 119 | ov_119 | 1.4415370233530226 × 10^279 |
| 118 | ov_118 | 1.9242126689570838 × 10^279 |
| 117 | ov_117 | 2.505617537622701 × 10^279 |
| 116 | ov_116 | 3.1951287626506214 × 10^279 |
| 115 | ov_115 | 4.0021538701051675 × 10^279 |
| 114 | ov_114 | 4.9361425861864545 × 10^279 |
| 113 | ov_113 | 6.00660223569609 × 10^279 |
| 112 | ov_112 | 7.223118587353747 × 10^279 |
| 111 | ov_111 | 8.59538345150087 × 10^279 |
| 110 | ov_110 | 1.0133229701822999 × 10^280 |
| 109 | ov_109 | 1.1846674393342547 × 10^280 |
| 108 | ov_108 | 1.3745970649794367 × 10^280 |
| 107 | ov_107 | 1.602752055970676 × 10^280 |
| 106 | ov_106 | 1.8898645586402334 × 10^280 |
| 105 | ov_105 | 2.2578037670377066 × 10^280 |
| 104 | ov_104 | 2.729630406737056 × 10^280 |
| 103 | ov_103 | 3.3296618098706305 × 10^280 |
| 102 | ov_102 | 4.083548869301015 × 10^280 |
| 101 | ov_101 | 5.018366231519062 × 10^280 |
| 100 | ov_100 | 6.162717161412604 × 10^280 |
| 99 | ov_099 | 7.5468545880243805 × 10^280 |
| 98 | ov_098 | 7.5468940413253155 × 10^280 |
| 97 | ov_097 | 7.547017480958738 × 10^280 |
| 96 | aaa_78_29 | 1.3412403626301316 × 10^281 |
| 95 | aaa_78_28 | 4.513622254662004 × 10^281 |
| 94 | ov_094 | 1.4928324022488917 × 10^282 |
| 93 | ov_093 | 3.564127656351904 × 10^282 |
| 92 | ov_092 | 7.285655880574484 × 10^282 |
| 91 | ov_091 | 1.345852370129281 × 10^283 |
| 90 | ov_090 | 2.30645615046071 × 10^283 |
| 89 | ov_089 | 3.7266384694442255 × 10^283 |
| 88 | ov_088 | 5.740751828151063 × 10^283 |
| 87 | ov_087 | 8.501261840620278 × 10^283 |
| 86 | ov_086 | 1.2331248360702238 × 10^284 |
| 85 | ov_085 | 1.759014109713111 × 10^284 |
| 84 | ov_084 | 2.4673845641098384 × 10^284 |
| 83 | ov_083 | 3.401491486659186 × 10^284 |
| 82 | ov_082 | 4.6082773166698555 × 10^284 |
| 81 | ov_081 | 6.1384000992578026 × 10^284 |
| 80 | ov_080 | 8.046268716783666 × 10^284 |
| 64 | lv_79_m31 | 8.403285658451005 × 10^284 |
| 79 | ov_079 | 1.0390085646067216 × 10^285 |
| 78 | ov_078 | 1.323189799107716 × 10^285 |
| 77 | ov_077 | 1.6637657542916282 × 10^285 |
| 76 | ov_076 | 2.0677290621900685 × 10^285 |
| 75 | ov_075 | 2.5424778460628167 × 10^285 |
| 74 | ov_074 | 3.095824889250864 × 10^285 |
| 73 | ov_073 | 3.736008011776523 × 10^285 |
| 63 | ov_063 | 4.3158659385483976 × 10^285 |
| 72 | ov_072 | 4.47170173289691 × 10^285 |
| 71 | ov_071 | 5.3120302991364756 × 10^285 |
| 70 | ov_070 | 6.266582344874557 × 10^285 |
| 69 | ov_069 | 7.345428022819955 × 10^285 |
| 68 | ov_068 | 8.55914004451795 × 10^285 |
| 67 | ov_067 | 9.91882033597515 × 10^285 |
| 66 | ov_066 | 9.918826336289179 × 10^285 |
| 65 | ov_065 | 9.918851876101871 × 10^285 |
| 62 | ov_062 | 2.216051910994385 × 10^286 |
| 61 | ov_061 | 8.084013763931611 × 10^286 |
| 60 | ov_060 | 2.315847514487077 × 10^287 |
| 59 | ov_059 | 5.591875977751211 × 10^287 |
| 58 | ov_058 | 1.1355272281034791 × 10^288 |
| 57 | ov_057 | 2.0525902467402672 × 10^288 |
| 56 | ov_056 | 3.42247205648963 × 10^288 |
| 55 | ov_055 | 5.3773789377062127 × 10^288 |
| 54 | ov_054 | 8.069632654872668 × 10^288 |
| 53 | ov_053 | 1.1671679363451062 × 10^289 |
| 52 | ov_052 | 1.6376105298685045 × 10^289 |
| 51 | ov_051 | 2.2588248686085377 × 10^289 |
| 50 | ov_050 | 3.07538188503115 × 10^289 |
| 49 | ov_049 | 4.1358993957858803 × 10^289 |
| 48 | ov_048 | 5.493056126307236 × 10^289 |
| 47 | ov_047 | 7.203611285552008 × 10^289 |
| 32 | lv_80_m31 | 8.90503157768172 × 10^289 |
| 46 | ov_046 | 9.328431611298745 × 10^289 |
| 45 | ov_045 | 1.193252848191687 × 10^290 |
| 44 | ov_044 | 1.5085108116251856 × 10^290 |
| 43 | ov_043 | 1.885963817586374 × 10^290 |
| 42 | ov_042 | 2.3333934378044756 × 10^290 |
| 41 | ov_041 | 2.8590271024299067 × 10^290 |
| 40 | ov_040 | 3.4673252413575325 × 10^290 |
| 39 | ov_039 | 4.162991428383953 × 10^290 |
| 31 | ov_031 | 4.565763906857973 × 10^290 |
| 38 | ov_038 | 4.950983814558171 × 10^290 |
| 37 | ov_037 | 5.841486972386301 × 10^290 |
| 36 | ov_036 | 6.845238247946823 × 10^290 |
| 35 | ov_035 | 7.9735630620302 × 10^290 |
| 34 | ov_034 | 9.238416195159069 × 10^290 |
| 33 | ov_033 | 1.065242969875586 × 10^291 |
| 30 | ov_030 | 2.3406385545632498 × 10^291 |
| 29 | ov_029 | 7.65635496269876 × 10^291 |
| 28 | ov_028 | 1.9870632130991505 × 10^292 |
| 27 | ov_027 | 4.4411453795083903 × 10^292 |
| 26 | ov_026 | 8.880928742581398 × 10^292 |
| 25 | ov_025 | 1.6269710988096012 × 10^293 |
| 24 | ov_024 | 2.7781050527537735 × 10^293 |
| 23 | ov_023 | 4.479879509690887 × 10^293 |
| 22 | ov_022 | 7.030099827571535 × 10^293 |
| 21 | ov_021 | 1.0768656809566845 × 10^294 |
| 20 | ov_020 | 1.607756450237655 × 10^294 |
| 19 | ov_019 | 2.338102197585953 × 10^294 |
| 18 | ov_018 | 3.3145507247554874 × 10^294 |
| 17 | ov_017 | 4.587991312452998 × 10^294 |
| 16 | ov_016 | 6.213573634414383 × 10^294 |
| 15 | ov_015 | 8.250733300504917 × 10^294 |
| 14 | ov_014 | 1.0763225681639573 × 10^295 |
| 13 | ov_013 | 1.3819170428494326 × 10^295 |
| 12 | ov_012 | 1.7491109915960564 × 10^295 |
| 11 | ov_011 | 2.1856085341178663 × 10^295 |
| 10 | ov_010 | 2.699573452739961 × 10^295 |
| 9 | ov_009 | 3.299641581171262 × 10^295 |
| 8 | ov_008 | 3.9949362722375826 × 10^295 |
| 7 | ov_007 | 4.795087448180851 × 10^295 |
| 6 | ov_006 | 5.710254770518122 × 10^295 |
| 5 | ov_005 | 6.751155500315866 × 10^295 |
| 4 | ov_004 | 7.929097654217324 × 10^295 |
| 3 | ov_003 | 9.256019054572424 × 10^295 |
| 2 | ov_002 | 1.0744532779165395 × 10^296 |
| 1 | ov_001 | 1.240797941732425 × 10^296 |

