# Results for F001-F002-F003-F004-F005-F006-F007-F008-F009-F010-F011-F012-F013-F014-F015-F016-F017-F018-F019-F020-F021-F022-F023-F024-F025-F026-F027-F028-F029-F030-F031-F032-F033-F034-F035-F036-F037-F038-F039-F040-F041-F042-F043-F044-F045-F046-F047-F048-F049-F050-F051-F052-F053-F054-F055-F056-F057-F058-F059-F060-F061-F062-F063-F064-F065-F066-F067-F068-F069-F070-F071-F072-F073-F074-F075-F076-F077-F078-F079-F080-F081-F082-F083-F084-F085-F086-F087-F088-F089-F090-F091-F092-F093-F094-F095-F096-F097-F098-F099-F100-F101-F102-F103-F104-F105-F106-F107-F108-F109-F110-F111-F112-F113-F114-F115-F116-F117-F118-F119-F120-F121-F122-F123-F124-F125-F126-F127-F128-F129-F130-F131-F132-F133-F134-F135-F136-F137-F138-F139-F140-F141-F142-F143-F144-F145-F146-F147-F148-F149-F150-F151-F152-F153-F154-F155-F156-F157-F158-F159-F160-F161-F162-F163-F164-F165-F166-F167-F168-F169-F170-F171-F172-F173-F174-F175-F176-F177-F178-F179-F180-F181-F182-F183-F184-F185-F186-F187-F188-F189-F190-F191-F192-F193-F194-F195-F196-F197-F198-F199-F200-F201-F202-F203-F204-F205-F206-F207-F208-F209-F210-F211-F212-F213-F214-F215-F216-F217-F218-F219-F220-F221-F222-F223-F224-F225-F226-F227-F228-F229-F230-F231-F232-F233-F234-F235-F236-F237-F238-F239-F240-F241-F242-F243-F244-F245-F246-F247-F248-F249-F250-F251-F252-F253-F254-F255-F256-F257-F258-F259-F260-F261-F262-F263-F264-F265-F266-F267-F268-F269-F270-F271-F272-F273-F274-F275-F276-F277-F278-F279-F280-F281-F282-F283-F284-F285-F286-F287-F288-F289-F290-F291-F292-F293-F294-F295-F296-F297-F298-F299-F300-F301-F302-F303-F304-F305-F306-F307-F308-F309-F310-F311-F312-F313-F314-F315-F316-F317-F318-F319-F320-F321-F322-F323-F324-F325-F326-F327-F328-F329-F330-F331-F332-F333-F334-F335-F336-F337-F338-F339-F340-F341-F342-F343-F344-F345-F346-F347-F348-F349-F350-F351-F352-F353-F354-F355-F356-F357-F358-F359-F360-F361-F362-F363-F364-F365-F366-F367-F368-F369-F370-F371-F372-F373-F374-F375-F376-F377-F378-F379-F380-F381-F382-F383-F384-F385-F386-F387-F388-F389-F390-F391-F392-F393-F394-F395-F396-F397-F398-F399-F400-F401-F402-F403-F404-F405-F406-F407-F408-F409-F410-F411-F412-F413-F414-F415-F416-F417-F418-F419-F420-F421-F422-F423-F424-F425-F426-F427-F428-F429-F430-F431-F432-F433-F434-F435-F436-F437-F438-F439-F440-F441-F442-F443-F444-F445-F446-F447-F448-F449-F450-F451-F452-F453-F454-F455-F456-F457-F458-F459-F460-F461-F462-F463-F464-F465-F466-F467-F468-F469-F470-F471-F472-F473-F474-F475-F476-F477-F478-F479-F480-F481-F482-F483-F484-F485-F486-F487-F488-F489-F490-F491-F492-F493-F494-F495-F496-E497498-E497507-E499505-F509-F510-F511-F512

## Summary

Number of input bits: 512  
Number of free input bits: 9  
Number of output bits: 160

Number of direct occurrences: 36493  
Number of assignments: 31030  
Number of operations: 10808257
(xor: 10780237,
and: 14738,
or: 13282)

Total complexity: 5.359694913709872 × 10^297

Least occurring input variable: iv_502 (3831)  
Most occurring input variable: iv_497 (4547)

Most co-occurring input variables: iv_497-iv_508 (2095)  
Least co-occurring input variables: iv_502-iv_504 (1771)

Potentially most occurring input variable: iv_497/iv_499 (4645)  
Potentially least occurring input variable: iv_499/iv_504 (4071)

Least output occurring input variable: iv_499 (57)  
Most output occurring input variable: iv_501 (83)

Most output co-occurring input variables: iv_502-iv_506 (44)  
Least output co-occurring input variables: iv_497-iv_499 (24)

Potentially most output occurring input variable: iv_499/iv_501 (90)  
Potentially least output occurring input variable: iv_499/iv_508 (68)

Least complex input bit: iv_500 (1.131627530782328 × 10^296)  
Most complex input bit: iv_499 (1.1941336812433153 × 10^297)

Least complex output bit: aaa_76_29 (1.2094681161727146 × 10^273)  
Most complex output bit: ov_001 (8.581715278077659 × 10^296)

Least complex input/output complexity: iv_500/aaa_76_29 (2.5536293387959217 × 10^271)  
Most complex input/output complexity: iv_499/ov_001 (1.9119960037612666 × 10^296)

## Input Bits

### Input Bits in Regular Order

| Input Bit | Complexity | Occurrences | Output Occurrences |
|:---------:|:----------:|:-----------:|:------------------:|
| iv_497 | 8.585065763202132 × 10^296 | 4547 | 71 |
| iv_499 | 1.1941336812433153 × 10^297 | 4116 | 57 |
| iv_500 | 1.131627530782328 × 10^296 | 4059 | 76 |
| iv_501 | 1.8627018901183708 × 10^296 | 4024 | 83 |
| iv_502 | 3.0028537022932806 × 10^296 | 3831 | 82 |
| iv_503 | 4.755802490323641 × 10^296 | 3994 | 75 |
| iv_504 | 7.386246697997065 × 10^296 | 3871 | 78 |
| iv_506 | 5.63653993458689 × 10^296 | 3903 | 82 |
| iv_508 | 9.294774315361924 × 10^296 | 4148 | 81 |

### Input Bits Sorted by Complexity

| Input Bit | Complexity | Occurrences | Output Occurrences |
|:---------:|:----------:|:-----------:|:------------------:|
| iv_500 | 1.131627530782328 × 10^296 | 4059 | 76 |
| iv_501 | 1.8627018901183708 × 10^296 | 4024 | 83 |
| iv_502 | 3.0028537022932806 × 10^296 | 3831 | 82 |
| iv_503 | 4.755802490323641 × 10^296 | 3994 | 75 |
| iv_506 | 5.63653993458689 × 10^296 | 3903 | 82 |
| iv_504 | 7.386246697997065 × 10^296 | 3871 | 78 |
| iv_497 | 8.585065763202132 × 10^296 | 4547 | 71 |
| iv_508 | 9.294774315361924 × 10^296 | 4148 | 81 |
| iv_499 | 1.1941336812433153 × 10^297 | 4116 | 57 |

### Input Bits Sorted by Occurrences

| Input Bit | Complexity | Occurrences | Output Occurrences |
|:---------:|:----------:|:-----------:|:------------------:|
| iv_502 | 3.0028537022932806 × 10^296 | 3831 | 82 |
| iv_504 | 7.386246697997065 × 10^296 | 3871 | 78 |
| iv_506 | 5.63653993458689 × 10^296 | 3903 | 82 |
| iv_503 | 4.755802490323641 × 10^296 | 3994 | 75 |
| iv_501 | 1.8627018901183708 × 10^296 | 4024 | 83 |
| iv_500 | 1.131627530782328 × 10^296 | 4059 | 76 |
| iv_499 | 1.1941336812433153 × 10^297 | 4116 | 57 |
| iv_508 | 9.294774315361924 × 10^296 | 4148 | 81 |
| iv_497 | 8.585065763202132 × 10^296 | 4547 | 71 |

### Input Bits Sorted by Output Occurrences

| Input Bit | Complexity | Occurrences | Output Occurrences |
|:---------:|:----------:|:-----------:|:------------------:|
| iv_499 | 1.1941336812433153 × 10^297 | 4116 | 57 |
| iv_497 | 8.585065763202132 × 10^296 | 4547 | 71 |
| iv_503 | 4.755802490323641 × 10^296 | 3994 | 75 |
| iv_500 | 1.131627530782328 × 10^296 | 4059 | 76 |
| iv_504 | 7.386246697997065 × 10^296 | 3871 | 78 |
| iv_508 | 9.294774315361924 × 10^296 | 4148 | 81 |
| iv_502 | 3.0028537022932806 × 10^296 | 3831 | 82 |
| iv_506 | 5.63653993458689 × 10^296 | 3903 | 82 |
| iv_501 | 1.8627018901183708 × 10^296 | 4024 | 83 |

## Input Bit Co-occurrences

### Input Bit Co-occurrences Sorted by Co-occurrences

| Input Bits | Co-occurrences | Potential Occurrences | Output Co-occurrences | Potential Output Occurrences |
|:----------:|:--------------:|:---------------------:|:---------------------:|:----------------------------:|
| iv_497-iv_508 | 2095 | 4505 | 34 | 84 |
| iv_497-iv_500 | 2080 | 4446 | 39 | 69 |
| iv_497-iv_503 | 2053 | 4435 | 35 | 76 |
| iv_497-iv_501 | 2015 | 4541 | 37 | 80 |
| iv_497-iv_499 | 2009 | 4645 | 24 | 80 |
| iv_500-iv_508 | 1962 | 4283 | 36 | 85 |
| iv_499-iv_508 | 1960 | 4344 | 35 | 68 |
| iv_499-iv_504 | 1958 | 4071 | 27 | 81 |
| iv_499-iv_500 | 1948 | 4279 | 27 | 79 |

### Input Bit Co-occurrences Sorted by Potential Occurrences

| Input Bits | Co-occurrences | Potential Occurrences | Output Co-occurrences | Potential Output Occurrences |
|:----------:|:--------------:|:---------------------:|:---------------------:|:----------------------------:|
| iv_499-iv_504 | 1958 | 4071 | 27 | 81 |
| iv_504-iv_506 | 1845 | 4084 | 42 | 76 |
| iv_502-iv_504 | 1771 | 4160 | 42 | 76 |
| iv_502-iv_506 | 1785 | 4164 | 44 | 76 |
| iv_500-iv_504 | 1880 | 4170 | 38 | 78 |
| iv_500-iv_506 | 1894 | 4174 | 36 | 86 |
| iv_503-iv_504 | 1842 | 4181 | 34 | 85 |
| iv_503-iv_506 | 1858 | 4181 | 38 | 81 |
| iv_500-iv_502 | 1851 | 4188 | 37 | 84 |

### Input Bit Output Co-occurrences Sorted by Output Co-occurrences

| Input Bits | Co-occurrences | Potential Occurrences | Output Co-occurrences | Potential Output Occurrences |
|:----------:|:--------------:|:---------------------:|:---------------------:|:----------------------------:|
| iv_501-iv_506 | 1835 | 4257 | 44 | 77 |
| iv_502-iv_506 | 1785 | 4164 | 44 | 76 |
| iv_502-iv_508 | 1847 | 4285 | 43 | 77 |
| iv_502-iv_504 | 1771 | 4160 | 42 | 76 |
| iv_504-iv_506 | 1845 | 4084 | 42 | 76 |
| iv_500-iv_501 | 1943 | 4197 | 41 | 77 |
| iv_506-iv_508 | 1867 | 4317 | 41 | 81 |
| iv_501-iv_508 | 1916 | 4340 | 40 | 84 |
| iv_502-iv_503 | 1776 | 4273 | 40 | 77 |

### Input Bit Output Co-occurrences Sorted by Potential Output Occurrences

| Input Bits | Co-occurrences | Potential Occurrences | Output Co-occurrences | Potential Output Occurrences |
|:----------:|:--------------:|:---------------------:|:---------------------:|:----------------------------:|
| iv_499-iv_508 | 1960 | 4344 | 35 | 68 |
| iv_497-iv_500 | 2080 | 4446 | 39 | 69 |
| iv_499-iv_503 | 1877 | 4356 | 30 | 72 |
| iv_497-iv_502 | 1929 | 4520 | 40 | 73 |
| iv_500-iv_503 | 1918 | 4217 | 39 | 73 |
| iv_497-iv_504 | 1937 | 4544 | 37 | 75 |
| iv_502-iv_504 | 1771 | 4160 | 42 | 76 |
| iv_502-iv_506 | 1785 | 4164 | 44 | 76 |
| iv_504-iv_506 | 1845 | 4084 | 42 | 76 |

## Output Bits

### Output Bits in Regular Order

| Rank | Output Bit | Complexity |
|:----:|:----------:|:----------:|
| 1 | ov_001 | 8.581715278077659 × 10^296 |
| 2 | ov_002 | 7.441474062810382 × 10^296 |
| 3 | ov_003 | 6.4200837408615275 × 10^296 |
| 4 | ov_004 | 5.5085368815604286 × 10^296 |
| 5 | ov_005 | 4.698317179745532 × 10^296 |
| 6 | ov_006 | 3.981364437023315 × 10^296 |
| 7 | ov_007 | 3.3500440642948834 × 10^296 |
| 8 | ov_008 | 2.7971208117708655 × 10^296 |
| 9 | ov_009 | 2.315736399350022 × 10^296 |
| 10 | ov_010 | 1.8993906602318928 × 10^296 |
| 11 | ov_011 | 1.5419258061833124 × 10^296 |
| 12 | ov_012 | 1.2375134452462227 × 10^296 |
| 13 | ov_013 | 9.80644004622746 × 10^295 |
| 14 | ov_014 | 7.661182330995085 × 10^295 |
| 15 | ov_015 | 5.890404787562018 × 10^295 |
| 16 | ov_016 | 4.4481345890709825 × 10^295 |
| 17 | ov_017 | 3.2913426029836984 × 10^295 |
| 18 | ov_018 | 2.379913285658427 × 10^295 |
| 19 | ov_019 | 1.6766222687471974 × 10^295 |
| 20 | ov_020 | 1.1471197438076539 × 10^295 |
| 21 | ov_021 | 7.599182423163496 × 10^294 |
| 22 | ov_022 | 4.8638385985820966 × 10^294 |
| 23 | ov_023 | 3.007301888184927 × 10^294 |
| 24 | ov_024 | 1.8001432794336345 × 10^294 |
| 25 | ov_025 | 1.0413444115333399 × 10^294 |
| 26 | ov_026 | 5.582842067361154 × 10^293 |
| 27 | ov_027 | 2.717503365839369 × 10^293 |
| 28 | ov_028 | 1.1672504705595223 × 10^293 |
| 29 | ov_029 | 4.2384526766895265 × 10^292 |
| 30 | ov_030 | 1.2098741380598297 × 10^292 |
| 31 | ov_031 | 2.4762830833316747 × 10^291 |
| 32 | lv_80_k31 | 5.997144206851712 × 10^290 |
| 33 | ov_033 | 7.185619364651502 × 10^291 |
| 34 | ov_034 | 6.230502181546234 × 10^291 |
| 35 | ov_035 | 5.3760858431950635 × 10^291 |
| 36 | ov_036 | 4.614181839812911 × 10^291 |
| 37 | ov_037 | 3.937042018734632 × 10^291 |
| 38 | ov_038 | 3.3373275979990395 × 10^291 |
| 39 | ov_039 | 2.8080824185350353 × 10^291 |
| 40 | ov_040 | 2.3427100187132832 × 10^291 |
| 41 | ov_041 | 1.934954140423132 × 10^291 |
| 42 | ov_042 | 1.5817694713909754 × 10^291 |
| 43 | ov_043 | 1.2802688401364426 × 10^291 |
| 44 | ov_044 | 1.0251285858245735 × 10^291 |
| 45 | ov_045 | 8.113145931707614 × 10^290 |
| 46 | ov_046 | 6.34074898545145 × 10^290 |
| 47 | ov_047 | 4.889338524185014 × 10^290 |
| 48 | ov_048 | 3.716875962304694 × 10^290 |
| 49 | ov_049 | 2.7840063043618178 × 10^290 |
| 50 | ov_050 | 2.0540326881733856 × 10^290 |
| 51 | ov_051 | 1.4928979220461991 × 10^290 |
| 52 | ov_052 | 1.069171326163495 × 10^290 |
| 53 | ov_053 | 7.540394378636023 × 10^289 |
| 54 | ov_054 | 5.212995234125534 × 10^289 |
| 55 | ov_055 | 3.473551882984283 × 10^289 |
| 56 | ov_056 | 2.210593843715045 × 10^289 |
| 57 | ov_057 | 1.3256627646924724 × 10^289 |
| 58 | ov_058 | 7.333061193658167 × 10^288 |
| 59 | ov_059 | 3.6107385758820986 × 10^288 |
| 60 | ov_060 | 1.4951685167159404 × 10^288 |
| 61 | ov_061 | 5.21863234512058 × 10^287 |
| 62 | ov_062 | 1.430447746505065 × 10^287 |
| 63 | ov_063 | 2.7856944072024188 × 10^286 |
| 64 | lv_79_m31 | 5.42374024916582 × 10^285 |
| 65 | ov_065 | 6.442758914572171 × 10^286 |
| 66 | ov_066 | 6.442738283447986 × 10^286 |
| 67 | ov_067 | 6.442733233890796 × 10^286 |
| 68 | ov_068 | 5.561932099185495 × 10^286 |
| 69 | ov_069 | 4.776984857690041 × 10^286 |
| 70 | ov_070 | 4.0800782574902146 × 10^286 |
| 71 | ov_071 | 3.4638799518510797 × 10^286 |
| 72 | ov_072 | 2.921505926273256 × 10^286 |
| 73 | ov_073 | 2.446490801900337 × 10^286 |
| 74 | ov_074 | 2.032760864060388 × 10^286 |
| 75 | ov_075 | 1.674609670396017 × 10^286 |
| 76 | ov_076 | 1.366676097670922 × 10^286 |
| 77 | ov_077 | 1.1039246900723872 × 10^286 |
| 78 | ov_078 | 8.81628174786745 × 10^285 |
| 79 | ov_079 | 6.953520129270558 × 10^285 |
| 80 | ov_080 | 5.409408556492437 × 10^285 |
| 81 | ov_081 | 4.1450677660592944 × 10^285 |
| 82 | ov_082 | 3.124191528486796 × 10^285 |
| 83 | ov_083 | 2.312960669822023 × 10^285 |
| 84 | ov_084 | 1.679971038678807 × 10^285 |
| 85 | ov_085 | 1.1961741552175885 × 10^285 |
| 86 | ov_086 | 8.348292809097286 × 10^284 |
| 87 | ov_087 | 5.714656495023163 × 10^284 |
| 88 | ov_088 | 3.838536005849354 × 10^284 |
| 89 | ov_089 | 2.5198335773397596 × 10^284 |
| 90 | ov_090 | 1.5805019351503094 × 10^284 |
| 91 | ov_091 | 9.370151196154496 × 10^283 |
| 92 | ov_092 | 5.16805248820593 × 10^283 |
| 93 | ov_093 | 2.5824156246437265 × 10^283 |
| 94 | ov_094 | 1.106201237930429 × 10^283 |
| 95 | aaa_78_28 | 3.415961506126069 × 10^282 |
| 96 | aaa_78_29 | 1.0491131398529044 × 10^282 |
| 97 | ov_097 | 6.929262514611595 × 10^281 |
| 98 | ov_098 | 6.92905535813026 × 10^281 |
| 99 | ov_099 | 6.928989222728132 × 10^281 |
| 100 | ov_100 | 6.2356742821314224 × 10^281 |
| 101 | ov_101 | 5.593439687162695 × 10^281 |
| 102 | ov_102 | 4.999493757108477 × 10^281 |
| 103 | ov_103 | 4.4512484975365025 × 10^281 |
| 104 | ov_104 | 3.946292778014624 × 10^281 |
| 105 | ov_105 | 3.482367977786557 × 10^281 |
| 106 | ov_106 | 3.057345973616118 × 10^281 |
| 107 | ov_107 | 2.669209348288191 × 10^281 |
| 108 | ov_108 | 2.316033701635688 × 10^281 |
| 109 | ov_109 | 1.995971948579952 × 10^281 |
| 110 | ov_110 | 1.707240490644452 × 10^281 |
| 111 | ov_111 | 1.4481071488406436 × 10^281 |
| 112 | ov_112 | 1.2168807468346633 × 10^281 |
| 113 | ov_113 | 1.0119022339798118 × 10^281 |
| 114 | ov_114 | 8.315372382300478 × 10^280 |
| 115 | ov_115 | 6.741699392123068 × 10^280 |
| 116 | ov_116 | 5.381981518955467 × 10^280 |
| 117 | ov_117 | 4.220295113977603 × 10^280 |
| 118 | ov_118 | 3.2407864954340312 × 10^280 |
| 119 | ov_119 | 2.4276516402748516 × 10^280 |
| 120 | ov_120 | 1.7651210492902455 × 10^280 |
| 121 | ov_121 | 1.2374482046012756 × 10^280 |
| 122 | ov_122 | 8.289010731098259 × 10^279 |
| 123 | ov_123 | 5.237561095474917 × 10^279 |
| 124 | ov_124 | 3.062942127708902 × 10^279 |
| 125 | ov_125 | 1.607982217898003 × 10^279 |
| 126 | ov_126 | 7.155163913513492 × 10^278 |
| 127 | aaa_77_28 | 2.2838141090651736 × 10^278 |
| 128 | aaa_77_29 | 8.556352719246235 × 10^277 |
| 129 | ov_129 | 7.868964475999034 × 10^277 |
| 130 | ov_130 | 7.868940939572894 × 10^277 |
| 131 | ov_131 | 7.868935255076686 × 10^277 |
| 132 | ov_132 | 6.81037413106218 × 10^277 |
| 133 | ov_133 | 5.863343006994394 × 10^277 |
| 134 | ov_134 | 5.019398269858706 × 10^277 |
| 135 | ov_135 | 4.27054149921061 × 10^277 |
| 136 | ov_136 | 3.609187477883307 × 10^277 |
| 137 | ov_137 | 3.028136823157099 × 10^277 |
| 138 | ov_138 | 2.5205527853780616 × 10^277 |
| 139 | ov_139 | 2.07994178376151 × 10^277 |
| 140 | ov_140 | 1.7001372712749879 × 10^277 |
| 141 | ov_141 | 1.375286542212461 × 10^277 |
| 142 | ov_142 | 1.0998401174666198 × 10^277 |
| 143 | ov_143 | 8.685433636759586 × 10^276 |
| 144 | ov_144 | 6.76430023441447 × 10^276 |
| 145 | ov_145 | 5.188173547273275 × 10^276 |
| 146 | ov_146 | 3.9130259841699623 × 10^276 |
| 147 | ov_147 | 2.897605138089552 × 10^276 |
| 148 | ov_148 | 2.103417426214471 × 10^276 |
| 149 | ov_149 | 1.4947178283511481 × 10^276 |
| 150 | ov_150 | 1.0385037444660873 × 10^276 |
| 151 | ov_151 | 7.045112842176094 × 10^275 |
| 152 | ov_152 | 4.652128220850063 × 10^275 |
| 153 | ov_153 | 2.9581526437539207 × 10^275 |
| 154 | ov_154 | 1.742588396779526 × 10^275 |
| 155 | ov_155 | 9.019686783910432 × 10^274 |
| 156 | aaa_76_25 | 3.464879682011317 × 10^274 |
| 157 | aaa_76_26 | 1.9998273816827385 × 10^274 |
| 158 | aaa_76_27 | 1.0230676859821538 × 10^274 |
| 159 | aaa_76_28 | 3.980188184455142 × 10^273 |
| 160 | aaa_76_29 | 1.2094681161727146 × 10^273 |

### Output Bits Sorted by Complexity

| Rank | Output Bit | Complexity |
|:----:|:----------:|:----------:|
| 160 | aaa_76_29 | 1.2094681161727146 × 10^273 |
| 159 | aaa_76_28 | 3.980188184455142 × 10^273 |
| 158 | aaa_76_27 | 1.0230676859821538 × 10^274 |
| 157 | aaa_76_26 | 1.9998273816827385 × 10^274 |
| 156 | aaa_76_25 | 3.464879682011317 × 10^274 |
| 155 | ov_155 | 9.019686783910432 × 10^274 |
| 154 | ov_154 | 1.742588396779526 × 10^275 |
| 153 | ov_153 | 2.9581526437539207 × 10^275 |
| 152 | ov_152 | 4.652128220850063 × 10^275 |
| 151 | ov_151 | 7.045112842176094 × 10^275 |
| 150 | ov_150 | 1.0385037444660873 × 10^276 |
| 149 | ov_149 | 1.4947178283511481 × 10^276 |
| 148 | ov_148 | 2.103417426214471 × 10^276 |
| 147 | ov_147 | 2.897605138089552 × 10^276 |
| 146 | ov_146 | 3.9130259841699623 × 10^276 |
| 145 | ov_145 | 5.188173547273275 × 10^276 |
| 144 | ov_144 | 6.76430023441447 × 10^276 |
| 143 | ov_143 | 8.685433636759586 × 10^276 |
| 142 | ov_142 | 1.0998401174666198 × 10^277 |
| 141 | ov_141 | 1.375286542212461 × 10^277 |
| 140 | ov_140 | 1.7001372712749879 × 10^277 |
| 139 | ov_139 | 2.07994178376151 × 10^277 |
| 138 | ov_138 | 2.5205527853780616 × 10^277 |
| 137 | ov_137 | 3.028136823157099 × 10^277 |
| 136 | ov_136 | 3.609187477883307 × 10^277 |
| 135 | ov_135 | 4.27054149921061 × 10^277 |
| 134 | ov_134 | 5.019398269858706 × 10^277 |
| 133 | ov_133 | 5.863343006994394 × 10^277 |
| 132 | ov_132 | 6.81037413106218 × 10^277 |
| 131 | ov_131 | 7.868935255076686 × 10^277 |
| 130 | ov_130 | 7.868940939572894 × 10^277 |
| 129 | ov_129 | 7.868964475999034 × 10^277 |
| 128 | aaa_77_29 | 8.556352719246235 × 10^277 |
| 127 | aaa_77_28 | 2.2838141090651736 × 10^278 |
| 126 | ov_126 | 7.155163913513492 × 10^278 |
| 125 | ov_125 | 1.607982217898003 × 10^279 |
| 124 | ov_124 | 3.062942127708902 × 10^279 |
| 123 | ov_123 | 5.237561095474917 × 10^279 |
| 122 | ov_122 | 8.289010731098259 × 10^279 |
| 121 | ov_121 | 1.2374482046012756 × 10^280 |
| 120 | ov_120 | 1.7651210492902455 × 10^280 |
| 119 | ov_119 | 2.4276516402748516 × 10^280 |
| 118 | ov_118 | 3.2407864954340312 × 10^280 |
| 117 | ov_117 | 4.220295113977603 × 10^280 |
| 116 | ov_116 | 5.381981518955467 × 10^280 |
| 115 | ov_115 | 6.741699392123068 × 10^280 |
| 114 | ov_114 | 8.315372382300478 × 10^280 |
| 113 | ov_113 | 1.0119022339798118 × 10^281 |
| 112 | ov_112 | 1.2168807468346633 × 10^281 |
| 111 | ov_111 | 1.4481071488406436 × 10^281 |
| 110 | ov_110 | 1.707240490644452 × 10^281 |
| 109 | ov_109 | 1.995971948579952 × 10^281 |
| 108 | ov_108 | 2.316033701635688 × 10^281 |
| 107 | ov_107 | 2.669209348288191 × 10^281 |
| 106 | ov_106 | 3.057345973616118 × 10^281 |
| 105 | ov_105 | 3.482367977786557 × 10^281 |
| 104 | ov_104 | 3.946292778014624 × 10^281 |
| 103 | ov_103 | 4.4512484975365025 × 10^281 |
| 102 | ov_102 | 4.999493757108477 × 10^281 |
| 101 | ov_101 | 5.593439687162695 × 10^281 |
| 100 | ov_100 | 6.2356742821314224 × 10^281 |
| 99 | ov_099 | 6.928989222728132 × 10^281 |
| 98 | ov_098 | 6.92905535813026 × 10^281 |
| 97 | ov_097 | 6.929262514611595 × 10^281 |
| 96 | aaa_78_29 | 1.0491131398529044 × 10^282 |
| 95 | aaa_78_28 | 3.415961506126069 × 10^282 |
| 94 | ov_094 | 1.106201237930429 × 10^283 |
| 93 | ov_093 | 2.5824156246437265 × 10^283 |
| 92 | ov_092 | 5.16805248820593 × 10^283 |
| 91 | ov_091 | 9.370151196154496 × 10^283 |
| 90 | ov_090 | 1.5805019351503094 × 10^284 |
| 89 | ov_089 | 2.5198335773397596 × 10^284 |
| 88 | ov_088 | 3.838536005849354 × 10^284 |
| 87 | ov_087 | 5.714656495023163 × 10^284 |
| 86 | ov_086 | 8.348292809097286 × 10^284 |
| 85 | ov_085 | 1.1961741552175885 × 10^285 |
| 84 | ov_084 | 1.679971038678807 × 10^285 |
| 83 | ov_083 | 2.312960669822023 × 10^285 |
| 82 | ov_082 | 3.124191528486796 × 10^285 |
| 81 | ov_081 | 4.1450677660592944 × 10^285 |
| 80 | ov_080 | 5.409408556492437 × 10^285 |
| 64 | lv_79_m31 | 5.42374024916582 × 10^285 |
| 79 | ov_079 | 6.953520129270558 × 10^285 |
| 78 | ov_078 | 8.81628174786745 × 10^285 |
| 77 | ov_077 | 1.1039246900723872 × 10^286 |
| 76 | ov_076 | 1.366676097670922 × 10^286 |
| 75 | ov_075 | 1.674609670396017 × 10^286 |
| 74 | ov_074 | 2.032760864060388 × 10^286 |
| 73 | ov_073 | 2.446490801900337 × 10^286 |
| 63 | ov_063 | 2.7856944072024188 × 10^286 |
| 72 | ov_072 | 2.921505926273256 × 10^286 |
| 71 | ov_071 | 3.4638799518510797 × 10^286 |
| 70 | ov_070 | 4.0800782574902146 × 10^286 |
| 69 | ov_069 | 4.776984857690041 × 10^286 |
| 68 | ov_068 | 5.561932099185495 × 10^286 |
| 67 | ov_067 | 6.442733233890796 × 10^286 |
| 66 | ov_066 | 6.442738283447986 × 10^286 |
| 65 | ov_065 | 6.442758914572171 × 10^286 |
| 62 | ov_062 | 1.430447746505065 × 10^287 |
| 61 | ov_061 | 5.21863234512058 × 10^287 |
| 60 | ov_060 | 1.4951685167159404 × 10^288 |
| 59 | ov_059 | 3.6107385758820986 × 10^288 |
| 58 | ov_058 | 7.333061193658167 × 10^288 |
| 57 | ov_057 | 1.3256627646924724 × 10^289 |
| 56 | ov_056 | 2.210593843715045 × 10^289 |
| 55 | ov_055 | 3.473551882984283 × 10^289 |
| 54 | ov_054 | 5.212995234125534 × 10^289 |
| 53 | ov_053 | 7.540394378636023 × 10^289 |
| 52 | ov_052 | 1.069171326163495 × 10^290 |
| 51 | ov_051 | 1.4928979220461991 × 10^290 |
| 50 | ov_050 | 2.0540326881733856 × 10^290 |
| 49 | ov_049 | 2.7840063043618178 × 10^290 |
| 48 | ov_048 | 3.716875962304694 × 10^290 |
| 47 | ov_047 | 4.889338524185014 × 10^290 |
| 32 | lv_80_k31 | 5.997144206851712 × 10^290 |
| 46 | ov_046 | 6.34074898545145 × 10^290 |
| 45 | ov_045 | 8.113145931707614 × 10^290 |
| 44 | ov_044 | 1.0251285858245735 × 10^291 |
| 43 | ov_043 | 1.2802688401364426 × 10^291 |
| 42 | ov_042 | 1.5817694713909754 × 10^291 |
| 41 | ov_041 | 1.934954140423132 × 10^291 |
| 40 | ov_040 | 2.3427100187132832 × 10^291 |
| 31 | ov_031 | 2.4762830833316747 × 10^291 |
| 39 | ov_039 | 2.8080824185350353 × 10^291 |
| 38 | ov_038 | 3.3373275979990395 × 10^291 |
| 37 | ov_037 | 3.937042018734632 × 10^291 |
| 36 | ov_036 | 4.614181839812911 × 10^291 |
| 35 | ov_035 | 5.3760858431950635 × 10^291 |
| 34 | ov_034 | 6.230502181546234 × 10^291 |
| 33 | ov_033 | 7.185619364651502 × 10^291 |
| 30 | ov_030 | 1.2098741380598297 × 10^292 |
| 29 | ov_029 | 4.2384526766895265 × 10^292 |
| 28 | ov_028 | 1.1672504705595223 × 10^293 |
| 27 | ov_027 | 2.717503365839369 × 10^293 |
| 26 | ov_026 | 5.582842067361154 × 10^293 |
| 25 | ov_025 | 1.0413444115333399 × 10^294 |
| 24 | ov_024 | 1.8001432794336345 × 10^294 |
| 23 | ov_023 | 3.007301888184927 × 10^294 |
| 22 | ov_022 | 4.8638385985820966 × 10^294 |
| 21 | ov_021 | 7.599182423163496 × 10^294 |
| 20 | ov_020 | 1.1471197438076539 × 10^295 |
| 19 | ov_019 | 1.6766222687471974 × 10^295 |
| 18 | ov_018 | 2.379913285658427 × 10^295 |
| 17 | ov_017 | 3.2913426029836984 × 10^295 |
| 16 | ov_016 | 4.4481345890709825 × 10^295 |
| 15 | ov_015 | 5.890404787562018 × 10^295 |
| 14 | ov_014 | 7.661182330995085 × 10^295 |
| 13 | ov_013 | 9.80644004622746 × 10^295 |
| 12 | ov_012 | 1.2375134452462227 × 10^296 |
| 11 | ov_011 | 1.5419258061833124 × 10^296 |
| 10 | ov_010 | 1.8993906602318928 × 10^296 |
| 9 | ov_009 | 2.315736399350022 × 10^296 |
| 8 | ov_008 | 2.7971208117708655 × 10^296 |
| 7 | ov_007 | 3.3500440642948834 × 10^296 |
| 6 | ov_006 | 3.981364437023315 × 10^296 |
| 5 | ov_005 | 4.698317179745532 × 10^296 |
| 4 | ov_004 | 5.5085368815604286 × 10^296 |
| 3 | ov_003 | 6.4200837408615275 × 10^296 |
| 2 | ov_002 | 7.441474062810382 × 10^296 |
| 1 | ov_001 | 8.581715278077659 × 10^296 |

