# Results for F001-F002-F003-F004-F005-F006-F007-F008-F009-F010-F011-F012-F013-F014-F015-F016-F017-F018-F019-F020-F021-F022-F023-F024-F025-F026-F027-F028-F029-F030-F031-F032-F033-F034-F035-F036-F037-F038-F039-F040-F041-F042-F043-F044-F045-F046-F047-F048-F049-F050-F051-F052-F053-F054-F055-F056-F057-F058-F059-F060-F061-F062-F063-F064-F065-F066-F067-F068-F069-F070-F071-F072-F073-F074-F075-F076-F077-F078-F079-F080-F081-F082-F083-F084-F085-F086-F087-F088-F089-F090-F091-F092-F093-F094-F095-F096-F097-F098-F099-F100-F101-F102-F103-F104-F105-F106-F107-F108-F109-F110-F111-F112-F113-F114-F115-F116-F117-F118-F119-F120-F121-F122-F123-F124-F125-F126-F127-F128-F129-F130-F131-F132-F133-F134-F135-F136-F137-F138-F139-F140-F141-F142-F143-F144-F145-F146-F147-F148-F149-F150-F151-F152-F153-F154-F155-F156-F157-F158-F159-F160-F161-F162-F163-F164-F165-F166-F167-F168-F169-F170-F171-F172-F173-F174-F175-F176-F177-F178-F179-F180-F181-F182-F183-F184-F185-F186-F187-F188-F189-F190-F191-F192-F193-F194-F195-F196-F197-F198-F199-F200-F201-F202-F203-F204-F205-F206-F207-F208-F209-F210-F211-F212-F213-F214-F215-F216-F217-F218-F219-F220-F221-F222-F223-F224-F225-F226-F227-F228-F229-F230-F231-F232-F233-F234-F235-F236-F237-F238-F239-F240-F241-F242-F243-F244-F245-F246-F247-F248-F249-F250-F251-F252-F253-F254-F255-F256-F257-F258-F259-F260-F261-F262-F263-F264-F265-F266-F267-F268-F269-F270-F271-F272-F273-F274-F275-F276-F277-F278-F279-F280-F281-F282-F283-F284-F285-F286-F287-F288-F289-F290-F291-F292-F293-F294-F295-F296-F297-F298-F299-F300-F301-F302-F303-F304-F305-F306-F307-F308-F309-F310-F311-F312-F313-F314-F315-F316-F317-F318-F319-F320-F321-F322-F323-F324-F325-F326-F327-F328-F329-F330-F331-F332-F333-F334-F335-F336-F337-F338-F339-F340-F341-F342-F343-F344-F345-F346-F347-F348-F349-F350-F351-F352-F353-F354-F355-F356-F357-F358-F359-F360-F361-F362-F363-F364-F365-F366-F367-F368-F369-F370-F371-F372-F373-F374-F375-F376-F377-F378-F379-F380-F381-F382-F383-F384-F385-F386-F387-F388-F389-F390-F391-F392-F393-F394-F395-F396-F397-F398-F399-F400-F401-F402-F403-F404-F405-F406-F407-F408-F409-F410-F411-F412-F413-F414-F415-F416-F417-F418-F419-F420-F421-F422-F423-F424-F425-F426-F427-F428-F429-F430-F431-F432-F433-F434-F435-F436-F437-F438-F439-F440-F441-F442-F443-F444-F445-F446-F447-F448-F449-F450-F451-F452-F453-F454-F455-F456-F457-F458-F459-F460-F461-F462-F463-F464-F465-F466-F467-F468-F469-F470-F471-F472-F473-F474-F475-F476-F477-F478-F479-F480-F481-F482-F483-F484-F485-F486-F487-F488-F489-F490-F491-F492-F493-F494-F495-F496-O497505-F507-F508-F509-F510-F511-F512

## Summary

Number of input bits: 512  
Number of free input bits: 9  
Number of output bits: 160

Number of direct occurrences: 35775  
Number of assignments: 30542  
Number of operations: 10609567
(xor: 10581764,
and: 14747,
or: 13056)

Total complexity: 4.080811715683191 × 10^294

Least occurring input variable: iv_502 (3787)  
Most occurring input variable: iv_497 (4157)

Most co-occurring input variables: iv_500-iv_501 (1997)  
Least co-occurring input variables: iv_498-iv_502 (1748)

Potentially most occurring input variable: iv_497/iv_498 (4469)  
Potentially least occurring input variable: iv_499/iv_504 (4028)

Least output occurring input variable: iv_498 (70)  
Most output occurring input variable: iv_503 (89)

Most output co-occurring input variables: iv_501-iv_503 (50)  
Least output co-occurring input variables: iv_500-iv_502 (32)

Potentially most output occurring input variable: iv_499/iv_503 (94)  
Potentially least output occurring input variable: iv_497/iv_506 (63)

Least complex input bit: iv_498 (5.209949143231498 × 10^292)  
Most complex input bit: iv_497 (1.3128692476700485 × 10^294)

Least complex output bit: aaa_76_29 (5.888909271839861 × 10^269)  
Most complex output bit: ov_001 (6.640747330614913 × 10^293)

Least complex input/output complexity: iv_498/aaa_76_29 (7.51833702532233 × 10^267)  
Most complex input/output complexity:  (2.1364457758256747 × 10^293)

## Input Bits

### Input Bits in Regular Order

| Input Bit | Complexity | Occurrences | Output Occurrences |
|:---------:|:----------:|:-----------:|:------------------:|
| iv_497 | 1.3128692476700485 × 10^294 | 4157 | 78 |
| iv_498 | 5.209949143231498 × 10^292 | 3936 | 70 |
| iv_499 | 9.110759168593963 × 10^292 | 3867 | 81 |
| iv_500 | 1.5204040853348518 × 10^293 | 4045 | 76 |
| iv_501 | 2.497241038192888 × 10^293 | 3998 | 82 |
| iv_502 | 4.018708120966212 × 10^293 | 3787 | 72 |
| iv_503 | 6.385609168882779 × 10^293 | 4054 | 89 |
| iv_504 | 9.963898404188675 × 10^293 | 3981 | 79 |
| iv_506 | 1.8614930313834828 × 10^293 | 3950 | 75 |

### Input Bits Sorted by Complexity

| Input Bit | Complexity | Occurrences | Output Occurrences |
|:---------:|:----------:|:-----------:|:------------------:|
| iv_498 | 5.209949143231498 × 10^292 | 3936 | 70 |
| iv_499 | 9.110759168593963 × 10^292 | 3867 | 81 |
| iv_500 | 1.5204040853348518 × 10^293 | 4045 | 76 |
| iv_506 | 1.8614930313834828 × 10^293 | 3950 | 75 |
| iv_501 | 2.497241038192888 × 10^293 | 3998 | 82 |
| iv_502 | 4.018708120966212 × 10^293 | 3787 | 72 |
| iv_503 | 6.385609168882779 × 10^293 | 4054 | 89 |
| iv_504 | 9.963898404188675 × 10^293 | 3981 | 79 |
| iv_497 | 1.3128692476700485 × 10^294 | 4157 | 78 |

### Input Bits Sorted by Occurrences

| Input Bit | Complexity | Occurrences | Output Occurrences |
|:---------:|:----------:|:-----------:|:------------------:|
| iv_502 | 4.018708120966212 × 10^293 | 3787 | 72 |
| iv_499 | 9.110759168593963 × 10^292 | 3867 | 81 |
| iv_498 | 5.209949143231498 × 10^292 | 3936 | 70 |
| iv_506 | 1.8614930313834828 × 10^293 | 3950 | 75 |
| iv_504 | 9.963898404188675 × 10^293 | 3981 | 79 |
| iv_501 | 2.497241038192888 × 10^293 | 3998 | 82 |
| iv_500 | 1.5204040853348518 × 10^293 | 4045 | 76 |
| iv_503 | 6.385609168882779 × 10^293 | 4054 | 89 |
| iv_497 | 1.3128692476700485 × 10^294 | 4157 | 78 |

### Input Bits Sorted by Output Occurrences

| Input Bit | Complexity | Occurrences | Output Occurrences |
|:---------:|:----------:|:-----------:|:------------------:|
| iv_498 | 5.209949143231498 × 10^292 | 3936 | 70 |
| iv_502 | 4.018708120966212 × 10^293 | 3787 | 72 |
| iv_506 | 1.8614930313834828 × 10^293 | 3950 | 75 |
| iv_500 | 1.5204040853348518 × 10^293 | 4045 | 76 |
| iv_497 | 1.3128692476700485 × 10^294 | 4157 | 78 |
| iv_504 | 9.963898404188675 × 10^293 | 3981 | 79 |
| iv_499 | 9.110759168593963 × 10^292 | 3867 | 81 |
| iv_501 | 2.497241038192888 × 10^293 | 3998 | 82 |
| iv_503 | 6.385609168882779 × 10^293 | 4054 | 89 |

## Input Bit Co-occurrences

### Input Bit Co-occurrences Sorted by Co-occurrences

| Input Bits | Co-occurrences | Potential Occurrences | Output Co-occurrences | Potential Output Occurrences |
|:----------:|:--------------:|:---------------------:|:---------------------:|:----------------------------:|
| iv_500-iv_501 | 1997 | 4049 | 39 | 80 |
| iv_500-iv_504 | 1949 | 4128 | 41 | 73 |
| iv_497-iv_500 | 1946 | 4310 | 42 | 70 |
| iv_501-iv_503 | 1939 | 4174 | 50 | 71 |
| iv_497-iv_501 | 1936 | 4283 | 34 | 92 |
| iv_500-iv_506 | 1930 | 4135 | 36 | 79 |
| iv_503-iv_506 | 1925 | 4154 | 42 | 80 |
| iv_498-iv_504 | 1920 | 4077 | 35 | 79 |
| iv_497-iv_503 | 1910 | 4391 | 41 | 85 |

### Input Bit Co-occurrences Sorted by Potential Occurrences

| Input Bits | Co-occurrences | Potential Occurrences | Output Co-occurrences | Potential Output Occurrences |
|:----------:|:--------------:|:---------------------:|:---------------------:|:----------------------------:|
| iv_499-iv_504 | 1910 | 4028 | 41 | 78 |
| iv_500-iv_501 | 1997 | 4049 | 39 | 80 |
| iv_499-iv_502 | 1801 | 4052 | 35 | 83 |
| iv_498-iv_504 | 1920 | 4077 | 35 | 79 |
| iv_498-iv_499 | 1859 | 4085 | 34 | 83 |
| iv_500-iv_502 | 1855 | 4122 | 32 | 84 |
| iv_500-iv_504 | 1949 | 4128 | 41 | 73 |
| iv_500-iv_506 | 1930 | 4135 | 36 | 79 |
| iv_502-iv_506 | 1794 | 4149 | 34 | 79 |

### Input Bit Output Co-occurrences Sorted by Output Co-occurrences

| Input Bits | Co-occurrences | Potential Occurrences | Output Co-occurrences | Potential Output Occurrences |
|:----------:|:--------------:|:---------------------:|:---------------------:|:----------------------------:|
| iv_501-iv_503 | 1939 | 4174 | 50 | 71 |
| iv_497-iv_506 | 1872 | 4363 | 45 | 63 |
| iv_501-iv_506 | 1851 | 4246 | 44 | 69 |
| iv_499-iv_501 | 1841 | 4183 | 43 | 77 |
| iv_501-iv_504 | 1895 | 4189 | 43 | 75 |
| iv_497-iv_499 | 1811 | 4402 | 43 | 73 |
| iv_499-iv_500 | 1855 | 4202 | 42 | 73 |
| iv_503-iv_504 | 1906 | 4223 | 42 | 84 |
| iv_503-iv_506 | 1925 | 4154 | 42 | 80 |

### Input Bit Output Co-occurrences Sorted by Potential Output Occurrences

| Input Bits | Co-occurrences | Potential Occurrences | Output Co-occurrences | Potential Output Occurrences |
|:----------:|:--------------:|:---------------------:|:---------------------:|:----------------------------:|
| iv_497-iv_506 | 1872 | 4363 | 45 | 63 |
| iv_501-iv_506 | 1851 | 4246 | 44 | 69 |
| iv_497-iv_500 | 1946 | 4310 | 42 | 70 |
| iv_501-iv_503 | 1939 | 4174 | 50 | 71 |
| iv_499-iv_500 | 1855 | 4202 | 42 | 73 |
| iv_500-iv_504 | 1949 | 4128 | 41 | 73 |
| iv_497-iv_499 | 1811 | 4402 | 43 | 73 |
| iv_501-iv_504 | 1895 | 4189 | 43 | 75 |
| iv_498-iv_506 | 1850 | 4186 | 35 | 75 |

## Output Bits

### Output Bits in Regular Order

| Rank | Output Bit | Complexity |
|:----:|:----------:|:----------:|
| 1 | ov_001 | 6.640747330614913 × 10^293 |
| 2 | ov_002 | 5.741400119781752 × 10^293 |
| 3 | ov_003 | 4.9376276240869726 × 10^293 |
| 4 | ov_004 | 4.2220847263961384 × 10^293 |
| 5 | ov_005 | 3.5878267348220833 × 10^293 |
| 6 | ov_006 | 3.0282804544958745 × 10^293 |
| 7 | ov_007 | 2.5372190830611656 × 10^293 |
| 8 | ov_008 | 2.1087406962077685 × 10^293 |
| 9 | ov_009 | 1.7372500327641758 × 10^293 |
| 10 | ov_010 | 1.4174432354445084 × 10^293 |
| 11 | ov_011 | 1.1442951992821985 × 10^293 |
| 12 | ov_012 | 9.130491995711002 × 10^292 |
| 13 | ov_013 | 7.192084905831638 × 10^292 |
| 14 | ov_014 | 5.58529585520264 × 10^292 |
| 15 | ov_015 | 4.270169471501184 × 10^292 |
| 16 | ov_016 | 3.209188374219926 × 10^292 |
| 17 | ov_017 | 2.3672409309502867 × 10^292 |
| 18 | ov_018 | 1.711596241404838 × 10^292 |
| 19 | ov_019 | 1.2118848233423791 × 10^292 |
| 20 | ov_020 | 8.400839459826786 × 10^291 |
| 21 | ov_021 | 5.705067715361057 × 10^291 |
| 22 | ov_022 | 3.7979455810735447 × 10^291 |
| 23 | ov_023 | 2.4691126980639697 × 10^291 |
| 24 | ov_024 | 1.5314003244106466 × 10^291 |
| 25 | ov_025 | 8.970185554515278 × 10^290 |
| 26 | ov_026 | 4.8975849265079154 × 10^290 |
| 27 | ov_027 | 2.4498830134860627 × 10^290 |
| 28 | ov_028 | 1.096515725121283 × 10^290 |
| 29 | ov_029 | 4.226676239668124 × 10^289 |
| 30 | ov_030 | 1.2927045758787887 × 10^289 |
| 31 | ov_031 | 2.522989907354208 × 10^288 |
| 32 | lv_80_m31 | 4.923740138924099 × 10^287 |
| 33 | ov_033 | 5.868968887239737 × 10^288 |
| 34 | ov_034 | 5.091672476761917 × 10^288 |
| 35 | ov_035 | 4.396089438606921 × 10^288 |
| 36 | ov_036 | 3.774978716928731 × 10^288 |
| 37 | ov_037 | 3.221484865270648 × 10^288 |
| 38 | ov_038 | 2.729110851344395 × 10^288 |
| 39 | ov_039 | 2.291694698259318 × 10^288 |
| 40 | ov_040 | 1.906236489086416 × 10^288 |
| 41 | ov_041 | 1.569889314993561 × 10^288 |
| 42 | ov_042 | 1.2799515991957849 × 10^288 |
| 43 | ov_043 | 1.0338607141897901 × 10^288 |
| 44 | ov_044 | 8.268882619184132 × 10^287 |
| 45 | ov_045 | 6.5456134175914135 × 10^287 |
| 46 | ov_046 | 5.126564737783045 × 10^287 |
| 47 | ov_047 | 3.971948534691554 × 10^287 |
| 48 | ov_048 | 3.044387083166297 × 10^287 |
| 49 | ov_049 | 2.3088854410469343 × 10^287 |
| 50 | ov_050 | 1.7328108629336516 × 10^287 |
| 51 | ov_051 | 1.2858774801836539 × 10^287 |
| 52 | ov_052 | 9.401349921219876 × 10^286 |
| 53 | ov_053 | 6.699605102451709 × 10^286 |
| 54 | ov_054 | 4.631235985777785 × 10^286 |
| 55 | ov_055 | 3.085535413042315 × 10^286 |
| 56 | ov_056 | 1.9633785666051343 × 10^286 |
| 57 | ov_057 | 1.1772139128120465 × 10^286 |
| 58 | ov_058 | 6.510580771097493 × 10^285 |
| 59 | ov_059 | 3.204932031863388 × 10^285 |
| 60 | ov_060 | 1.3266576540154628 × 10^285 |
| 61 | ov_061 | 4.628614418725137 × 10^284 |
| 62 | ov_062 | 1.2681590655221647 × 10^284 |
| 63 | ov_063 | 2.4683817014306267 × 10^283 |
| 64 | lv_79_m31 | 4.8033139413079004 × 10^282 |
| 65 | ov_065 | 5.648219571353883 × 10^283 |
| 66 | ov_066 | 5.648205106574451 × 10^283 |
| 67 | ov_067 | 5.648201718757832 × 10^283 |
| 68 | ov_068 | 4.863321533350965 × 10^283 |
| 69 | ov_069 | 4.1643198103617463 × 10^283 |
| 70 | ov_070 | 3.5444804632487313 × 10^283 |
| 71 | ov_071 | 2.997424339224083 × 10^283 |
| 72 | ov_072 | 2.5170929447851458 × 10^283 |
| 73 | ov_073 | 2.0977343477879479 × 10^283 |
| 74 | ov_074 | 1.733890521202354 × 10^283 |
| 75 | ov_075 | 1.4203858968477388 × 10^283 |
| 76 | ov_076 | 1.1523170633495733 × 10^283 |
| 77 | ov_077 | 9.250435441893418 × 10^282 |
| 78 | ov_078 | 7.341795930051163 × 10^282 |
| 79 | ov_079 | 5.755869442965058 × 10^282 |
| 80 | ov_080 | 4.453684584499773 × 10^282 |
| 81 | ov_081 | 3.398626005780602 × 10^282 |
| 82 | ov_082 | 2.5563869310099725 × 10^282 |
| 83 | ov_083 | 1.8949288232452008 × 10^282 |
| 84 | ov_084 | 1.3844475950614782 × 10^282 |
| 85 | ov_085 | 9.973457707279712 × 10^281 |
| 86 | ov_086 | 7.082100076980913 × 10^281 |
| 87 | ov_087 | 4.937933859884591 × 10^281 |
| 88 | ov_088 | 3.330018745042401 × 10^281 |
| 89 | ov_089 | 2.1582523080868608 × 10^281 |
| 90 | ov_090 | 1.3332260774286794 × 10^281 |
| 91 | ov_091 | 7.761975275902897 × 10^280 |
| 92 | ov_092 | 4.190726233841865 × 10^280 |
| 93 | ov_093 | 2.0439601306723313 × 10^280 |
| 94 | ov_094 | 8.534621283555519 × 10^279 |
| 95 | aaa_78_28 | 2.573364229165894 × 10^279 |
| 96 | aaa_78_29 | 7.619161393181295 × 10^278 |
| 97 | ov_097 | 4.745249391859201 × 10^278 |
| 98 | ov_098 | 4.745152733513805 × 10^278 |
| 99 | ov_099 | 4.745121913382745 × 10^278 |
| 100 | ov_100 | 3.9078557467550584 × 10^278 |
| 101 | ov_101 | 3.229724175483259 × 10^278 |
| 102 | ov_102 | 2.6868734329203187 × 10^278 |
| 103 | ov_103 | 2.2567404760863283 × 10^278 |
| 104 | ov_104 | 1.9179588140501712 × 10^278 |
| 105 | ov_105 | 1.6502771232344376 × 10^278 |
| 106 | ov_106 | 1.4344894376301679 × 10^278 |
| 107 | ov_107 | 1.2523757621796883 × 10^278 |
| 108 | ov_108 | 1.0866520160901928 × 10^278 |
| 109 | ov_109 | 9.36458496821389 × 10^277 |
| 110 | ov_110 | 8.009635612381075 × 10^277 |
| 111 | ov_111 | 6.793581056070333 × 10^277 |
| 112 | ov_112 | 5.708508604225647 × 10^277 |
| 113 | ov_113 | 4.746644456108365 × 10^277 |
| 114 | ov_114 | 3.900321317930038 × 10^277 |
| 115 | ov_115 | 3.16195253380982 × 10^277 |
| 116 | ov_116 | 2.524012193476587 × 10^277 |
| 117 | ov_117 | 1.9790200975793957 × 10^277 |
| 118 | ov_118 | 1.519529951309667 × 10^277 |
| 119 | ov_119 | 1.1381198704372488 × 10^277 |
| 120 | ov_120 | 8.273849296100049 × 10^276 |
| 121 | ov_121 | 5.799314828352884 × 10^276 |
| 122 | ov_122 | 3.883729860949999 × 10^276 |
| 123 | ov_123 | 2.4532705205522585 × 10^276 |
| 124 | ov_124 | 1.434134668430227 × 10^276 |
| 125 | ov_125 | 7.525296398645481 × 10^275 |
| 126 | ov_126 | 3.346660045011118 × 10^275 |
| 127 | aaa_77_28 | 1.0675517744037042 × 10^275 |
| 128 | aaa_77_29 | 3.995974188902381 × 10^274 |
| 129 | ov_129 | 3.6401142702167434 × 10^274 |
| 130 | ov_130 | 3.64010283295789 × 10^274 |
| 131 | ov_131 | 3.640100077655452 × 10^274 |
| 132 | ov_132 | 3.1409744203753324 × 10^274 |
| 133 | ov_133 | 2.6955340383175928 × 10^274 |
| 134 | ov_134 | 2.2996718771472817 × 10^274 |
| 135 | ov_135 | 1.9494910444432854 × 10^274 |
| 136 | ov_136 | 1.6412897338221678 × 10^274 |
| 137 | ov_137 | 1.3715485123512507 × 10^274 |
| 138 | ov_138 | 1.1369197231714586 × 10^274 |
| 139 | ov_139 | 9.342187674883641 × 10^273 |
| 140 | ov_140 | 7.604170420736812 × 10^273 |
| 141 | ov_141 | 6.126363202225596 × 10^273 |
| 142 | ov_142 | 4.881443757910183 × 10^273 |
| 143 | ov_143 | 3.843516615340196 × 10^273 |
| 144 | ov_144 | 2.988088645052542 × 10^273 |
| 145 | ov_145 | 2.2920517278060282 × 10^273 |
| 146 | ov_146 | 1.733670992379376 × 10^273 |
| 147 | ov_147 | 1.2925771957306443 × 10^273 |
| 148 | ov_148 | 9.49761931600441 × 10^272 |
| 149 | ov_149 | 6.875745285135876 × 10^272 |
| 150 | ov_150 | 4.897198408659272 × 10^272 |
| 151 | ov_151 | 3.412565582041579 × 10^272 |
| 152 | ov_152 | 2.2859591501283855 × 10^272 |
| 153 | ov_153 | 1.4528152674439265 × 10^272 |
| 154 | ov_154 | 8.553261073045959 × 10^271 |
| 155 | ov_155 | 4.424371896540064 × 10^271 |
| 156 | aaa_76_25 | 1.698458218320104 × 10^271 |
| 157 | aaa_76_26 | 9.790186290378232 × 10^270 |
| 158 | aaa_76_27 | 5.000934521281937 × 10^270 |
| 159 | aaa_76_28 | 1.9418162714007131 × 10^270 |
| 160 | aaa_76_29 | 5.888909271839861 × 10^269 |

### Output Bits Sorted by Complexity

| Rank | Output Bit | Complexity |
|:----:|:----------:|:----------:|
| 160 | aaa_76_29 | 5.888909271839861 × 10^269 |
| 159 | aaa_76_28 | 1.9418162714007131 × 10^270 |
| 158 | aaa_76_27 | 5.000934521281937 × 10^270 |
| 157 | aaa_76_26 | 9.790186290378232 × 10^270 |
| 156 | aaa_76_25 | 1.698458218320104 × 10^271 |
| 155 | ov_155 | 4.424371896540064 × 10^271 |
| 154 | ov_154 | 8.553261073045959 × 10^271 |
| 153 | ov_153 | 1.4528152674439265 × 10^272 |
| 152 | ov_152 | 2.2859591501283855 × 10^272 |
| 151 | ov_151 | 3.412565582041579 × 10^272 |
| 150 | ov_150 | 4.897198408659272 × 10^272 |
| 149 | ov_149 | 6.875745285135876 × 10^272 |
| 148 | ov_148 | 9.49761931600441 × 10^272 |
| 147 | ov_147 | 1.2925771957306443 × 10^273 |
| 146 | ov_146 | 1.733670992379376 × 10^273 |
| 145 | ov_145 | 2.2920517278060282 × 10^273 |
| 144 | ov_144 | 2.988088645052542 × 10^273 |
| 143 | ov_143 | 3.843516615340196 × 10^273 |
| 142 | ov_142 | 4.881443757910183 × 10^273 |
| 141 | ov_141 | 6.126363202225596 × 10^273 |
| 140 | ov_140 | 7.604170420736812 × 10^273 |
| 139 | ov_139 | 9.342187674883641 × 10^273 |
| 138 | ov_138 | 1.1369197231714586 × 10^274 |
| 137 | ov_137 | 1.3715485123512507 × 10^274 |
| 136 | ov_136 | 1.6412897338221678 × 10^274 |
| 135 | ov_135 | 1.9494910444432854 × 10^274 |
| 134 | ov_134 | 2.2996718771472817 × 10^274 |
| 133 | ov_133 | 2.6955340383175928 × 10^274 |
| 132 | ov_132 | 3.1409744203753324 × 10^274 |
| 131 | ov_131 | 3.640100077655452 × 10^274 |
| 130 | ov_130 | 3.64010283295789 × 10^274 |
| 129 | ov_129 | 3.6401142702167434 × 10^274 |
| 128 | aaa_77_29 | 3.995974188902381 × 10^274 |
| 127 | aaa_77_28 | 1.0675517744037042 × 10^275 |
| 126 | ov_126 | 3.346660045011118 × 10^275 |
| 125 | ov_125 | 7.525296398645481 × 10^275 |
| 124 | ov_124 | 1.434134668430227 × 10^276 |
| 123 | ov_123 | 2.4532705205522585 × 10^276 |
| 122 | ov_122 | 3.883729860949999 × 10^276 |
| 121 | ov_121 | 5.799314828352884 × 10^276 |
| 120 | ov_120 | 8.273849296100049 × 10^276 |
| 119 | ov_119 | 1.1381198704372488 × 10^277 |
| 118 | ov_118 | 1.519529951309667 × 10^277 |
| 117 | ov_117 | 1.9790200975793957 × 10^277 |
| 116 | ov_116 | 2.524012193476587 × 10^277 |
| 115 | ov_115 | 3.16195253380982 × 10^277 |
| 114 | ov_114 | 3.900321317930038 × 10^277 |
| 113 | ov_113 | 4.746644456108365 × 10^277 |
| 112 | ov_112 | 5.708508604225647 × 10^277 |
| 111 | ov_111 | 6.793581056070333 × 10^277 |
| 110 | ov_110 | 8.009635612381075 × 10^277 |
| 109 | ov_109 | 9.36458496821389 × 10^277 |
| 108 | ov_108 | 1.0866520160901928 × 10^278 |
| 107 | ov_107 | 1.2523757621796883 × 10^278 |
| 106 | ov_106 | 1.4344894376301679 × 10^278 |
| 105 | ov_105 | 1.6502771232344376 × 10^278 |
| 104 | ov_104 | 1.9179588140501712 × 10^278 |
| 103 | ov_103 | 2.2567404760863283 × 10^278 |
| 102 | ov_102 | 2.6868734329203187 × 10^278 |
| 101 | ov_101 | 3.229724175483259 × 10^278 |
| 100 | ov_100 | 3.9078557467550584 × 10^278 |
| 99 | ov_099 | 4.745121913382745 × 10^278 |
| 98 | ov_098 | 4.745152733513805 × 10^278 |
| 97 | ov_097 | 4.745249391859201 × 10^278 |
| 96 | aaa_78_29 | 7.619161393181295 × 10^278 |
| 95 | aaa_78_28 | 2.573364229165894 × 10^279 |
| 94 | ov_094 | 8.534621283555519 × 10^279 |
| 93 | ov_093 | 2.0439601306723313 × 10^280 |
| 92 | ov_092 | 4.190726233841865 × 10^280 |
| 91 | ov_091 | 7.761975275902897 × 10^280 |
| 90 | ov_090 | 1.3332260774286794 × 10^281 |
| 89 | ov_089 | 2.1582523080868608 × 10^281 |
| 88 | ov_088 | 3.330018745042401 × 10^281 |
| 87 | ov_087 | 4.937933859884591 × 10^281 |
| 86 | ov_086 | 7.082100076980913 × 10^281 |
| 85 | ov_085 | 9.973457707279712 × 10^281 |
| 84 | ov_084 | 1.3844475950614782 × 10^282 |
| 83 | ov_083 | 1.8949288232452008 × 10^282 |
| 82 | ov_082 | 2.5563869310099725 × 10^282 |
| 81 | ov_081 | 3.398626005780602 × 10^282 |
| 80 | ov_080 | 4.453684584499773 × 10^282 |
| 64 | lv_79_m31 | 4.8033139413079004 × 10^282 |
| 79 | ov_079 | 5.755869442965058 × 10^282 |
| 78 | ov_078 | 7.341795930051163 × 10^282 |
| 77 | ov_077 | 9.250435441893418 × 10^282 |
| 76 | ov_076 | 1.1523170633495733 × 10^283 |
| 75 | ov_075 | 1.4203858968477388 × 10^283 |
| 74 | ov_074 | 1.733890521202354 × 10^283 |
| 73 | ov_073 | 2.0977343477879479 × 10^283 |
| 63 | ov_063 | 2.4683817014306267 × 10^283 |
| 72 | ov_072 | 2.5170929447851458 × 10^283 |
| 71 | ov_071 | 2.997424339224083 × 10^283 |
| 70 | ov_070 | 3.5444804632487313 × 10^283 |
| 69 | ov_069 | 4.1643198103617463 × 10^283 |
| 68 | ov_068 | 4.863321533350965 × 10^283 |
| 67 | ov_067 | 5.648201718757832 × 10^283 |
| 66 | ov_066 | 5.648205106574451 × 10^283 |
| 65 | ov_065 | 5.648219571353883 × 10^283 |
| 62 | ov_062 | 1.2681590655221647 × 10^284 |
| 61 | ov_061 | 4.628614418725137 × 10^284 |
| 60 | ov_060 | 1.3266576540154628 × 10^285 |
| 59 | ov_059 | 3.204932031863388 × 10^285 |
| 58 | ov_058 | 6.510580771097493 × 10^285 |
| 57 | ov_057 | 1.1772139128120465 × 10^286 |
| 56 | ov_056 | 1.9633785666051343 × 10^286 |
| 55 | ov_055 | 3.085535413042315 × 10^286 |
| 54 | ov_054 | 4.631235985777785 × 10^286 |
| 53 | ov_053 | 6.699605102451709 × 10^286 |
| 52 | ov_052 | 9.401349921219876 × 10^286 |
| 51 | ov_051 | 1.2858774801836539 × 10^287 |
| 50 | ov_050 | 1.7328108629336516 × 10^287 |
| 49 | ov_049 | 2.3088854410469343 × 10^287 |
| 48 | ov_048 | 3.044387083166297 × 10^287 |
| 47 | ov_047 | 3.971948534691554 × 10^287 |
| 32 | lv_80_m31 | 4.923740138924099 × 10^287 |
| 46 | ov_046 | 5.126564737783045 × 10^287 |
| 45 | ov_045 | 6.5456134175914135 × 10^287 |
| 44 | ov_044 | 8.268882619184132 × 10^287 |
| 43 | ov_043 | 1.0338607141897901 × 10^288 |
| 42 | ov_042 | 1.2799515991957849 × 10^288 |
| 41 | ov_041 | 1.569889314993561 × 10^288 |
| 40 | ov_040 | 1.906236489086416 × 10^288 |
| 39 | ov_039 | 2.291694698259318 × 10^288 |
| 31 | ov_031 | 2.522989907354208 × 10^288 |
| 38 | ov_038 | 2.729110851344395 × 10^288 |
| 37 | ov_037 | 3.221484865270648 × 10^288 |
| 36 | ov_036 | 3.774978716928731 × 10^288 |
| 35 | ov_035 | 4.396089438606921 × 10^288 |
| 34 | ov_034 | 5.091672476761917 × 10^288 |
| 33 | ov_033 | 5.868968887239737 × 10^288 |
| 30 | ov_030 | 1.2927045758787887 × 10^289 |
| 29 | ov_029 | 4.226676239668124 × 10^289 |
| 28 | ov_028 | 1.096515725121283 × 10^290 |
| 27 | ov_027 | 2.4498830134860627 × 10^290 |
| 26 | ov_026 | 4.8975849265079154 × 10^290 |
| 25 | ov_025 | 8.970185554515278 × 10^290 |
| 24 | ov_024 | 1.5314003244106466 × 10^291 |
| 23 | ov_023 | 2.4691126980639697 × 10^291 |
| 22 | ov_022 | 3.7979455810735447 × 10^291 |
| 21 | ov_021 | 5.705067715361057 × 10^291 |
| 20 | ov_020 | 8.400839459826786 × 10^291 |
| 19 | ov_019 | 1.2118848233423791 × 10^292 |
| 18 | ov_018 | 1.711596241404838 × 10^292 |
| 17 | ov_017 | 2.3672409309502867 × 10^292 |
| 16 | ov_016 | 3.209188374219926 × 10^292 |
| 15 | ov_015 | 4.270169471501184 × 10^292 |
| 14 | ov_014 | 5.58529585520264 × 10^292 |
| 13 | ov_013 | 7.192084905831638 × 10^292 |
| 12 | ov_012 | 9.130491995711002 × 10^292 |
| 11 | ov_011 | 1.1442951992821985 × 10^293 |
| 10 | ov_010 | 1.4174432354445084 × 10^293 |
| 9 | ov_009 | 1.7372500327641758 × 10^293 |
| 8 | ov_008 | 2.1087406962077685 × 10^293 |
| 7 | ov_007 | 2.5372190830611656 × 10^293 |
| 6 | ov_006 | 3.0282804544958745 × 10^293 |
| 5 | ov_005 | 3.5878267348220833 × 10^293 |
| 4 | ov_004 | 4.2220847263961384 × 10^293 |
| 3 | ov_003 | 4.9376276240869726 × 10^293 |
| 2 | ov_002 | 5.741400119781752 × 10^293 |
| 1 | ov_001 | 6.640747330614913 × 10^293 |

