# Results for F001-F002-F003-F004-F005-F006-F007-F008-F009-F010-F011-F012-F013-F014-F015-F016-F017-F018-F019-F020-F021-F022-F023-F024-F025-F026-F027-F028-F029-F030-F031-F032-F033-F034-F035-F036-F037-F038-F039-F040-F041-F042-F043-F044-F045-F046-F047-F048-F049-F050-F051-F052-F053-F054-F055-F056-F057-F058-F059-F060-F061-F062-F063-F064-F065-F066-F067-F068-F069-F070-F071-F072-F073-F074-F075-F076-F077-F078-F079-F080-F081-F082-F083-F084-F085-F086-F087-F088-F089-F090-F091-F092-F093-F094-F095-F096-F097-F098-F099-F100-F101-F102-F103-F104-F105-F106-F107-F108-F109-F110-F111-F112-F113-F114-F115-F116-F117-F118-F119-F120-F121-F122-F123-F124-F125-F126-F127-F128-F129-F130-F131-F132-F133-F134-F135-F136-F137-F138-F139-F140-F141-F142-F143-F144-F145-F146-F147-F148-F149-F150-F151-F152-F153-F154-F155-F156-F157-F158-F159-F160-F161-F162-F163-F164-F165-F166-F167-F168-F169-F170-F171-F172-F173-F174-F175-F176-F177-F178-F179-F180-F181-F182-F183-F184-F185-F186-F187-F188-F189-F190-F191-F192-F193-F194-F195-F196-F197-F198-F199-F200-F201-F202-F203-F204-F205-F206-F207-F208-F209-F210-F211-F212-F213-F214-F215-F216-F217-F218-F219-F220-F221-F222-F223-F224-F225-F226-F227-F228-F229-F230-F231-F232-F233-F234-F235-F236-F237-F238-F239-F240-F241-F242-F243-F244-F245-F246-F247-F248-F249-F250-F251-F252-F253-F254-F255-F256-F257-F258-F259-F260-F261-F262-F263-F264-F265-F266-F267-F268-F269-F270-F271-F272-F273-F274-F275-F276-F277-F278-F279-F280-F281-F282-F283-F284-F285-F286-F287-F288-F289-F290-F291-F292-F293-F294-F295-F296-F297-F298-F299-F300-F301-F302-F303-F304-F305-F306-F307-F308-F309-F310-F311-F312-F313-F314-F315-F316-F317-F318-F319-F320-F321-F322-F323-F324-F325-F326-F327-F328-F329-F330-F331-F332-F333-F334-F335-F336-F337-F338-F339-F340-F341-F342-F343-F344-F345-F346-F347-F348-F349-F350-F351-F352-F353-F354-F355-F356-F357-F358-F359-F360-F361-F362-F363-F364-F365-F366-F367-F368-F369-F370-F371-F372-F373-F374-F375-F376-F377-F378-F379-F380-F381-F382-F383-F384-F385-F386-F387-F388-F389-F390-F391-F392-F393-F394-F395-F396-F397-F398-F399-F400-F401-F402-F403-F404-F405-F406-F407-F408-F409-F410-F411-F412-F413-F414-F415-F416-F417-F418-F419-F420-F421-F422-F423-F424-F425-F426-F427-F428-F429-F430-F431-F432-F433-F434-F435-F436-F437-F438-F439-F440-F441-F442-F443-F444-F445-F446-F447-F448-F449-F450-F451-F452-F453-F454-F455-F456-F457-F458-F459-F460-F461-F462-F463-F464-F465-F466-F467-F468-F469-F470-F471-F472-F473-F474-F475-F476-F477-F478-F479-F480-F481-F482-F483-F484-F485-F486-F487-F488-F489-F490-F491-F492-F493-F494-F495-F496-F497-F498-F499-F500-F501-E507509-E507508

## Summary

Number of input bits: 512  
Number of free input bits: 9  
Number of output bits: 160

Number of direct occurrences: 37235  
Number of assignments: 31386  
Number of operations: 11151185
(xor: 11121846,
and: 16103,
or: 13236)

Total complexity: 1.7584236937537202 × 10^300

Least occurring input variable: iv_502 (3934)  
Most occurring input variable: iv_507 (4502)

Most co-occurring input variables: iv_511-iv_512 (2158)  
Least co-occurring input variables: iv_502-iv_503 (1780)

Potentially most occurring input variable: iv_507/iv_512 (4700)  
Potentially least occurring input variable: iv_504/iv_506 (4218)

Least output occurring input variable: iv_507 (68)  
Most output occurring input variable: iv_506 (82)

Most output co-occurring input variables: iv_502-iv_511 (45)  
Least output co-occurring input variables: iv_504-iv_510 (32)

Potentially most output occurring input variable: iv_504/iv_510 (93)  
Potentially least output occurring input variable: iv_503/iv_507 (68)

Least complex input bit: iv_502 (1.9752569955925432 × 10^298)  
Most complex input bit: iv_507 (5.503019393883709 × 10^299)

Least complex output bit: aaa_76_29 (2.460169137651805 × 10^275)  
Most complex output bit: ov_001 (2.761814752714188 × 10^299)

Least complex input/output complexity: iv_502/aaa_76_29 (2.7635354987250297 × 10^273)  
Most complex input/output complexity: iv_507/ov_001 (8.643150226244009 × 10^298)

Input variable with highest collision probability: iv_502 (½^160.00000000000028)

## Input Bits

### Input Bits in Regular Order

| Input Bit | Complexity | Occurrences | Output Occurrences | Collision Probability |
|:---------:|:----------:|:-----------:|:------------------:|:---------------------:|
| iv_502 | 1.9752569955925432 × 10^298 | 3934 | 82 | ½^160.00000000000028 |
| iv_503 | 3.474066260604239 × 10^298 | 4078 | 74 | ½^160.00000000000065 |
| iv_504 | 5.707252243474175 × 10^298 | 3971 | 78 | ½^160.00000000000063 |
| iv_505 | 8.969547936208376 × 10^298 | 3964 | 79 | ½^160.00000000000037 |
| iv_506 | 1.3644037404117544 × 10^299 | 3993 | 82 | ½^160.00000000000077 |
| iv_507 | 5.503019393883709 × 10^299 | 4502 | 68 | ½^160.00000000000068 |
| iv_510 | 5.3047069424246815 × 10^299 | 4158 | 79 | ½^160.00000000000074 |
| iv_511 | 1.5796149186881236 × 10^299 | 4237 | 80 | ½^160.0000000000009 |
| iv_512 | 1.8198795985410285 × 10^299 | 4398 | 80 | ½^160.0000000000008 |

### Input Bits Sorted by Complexity

| Input Bit | Complexity | Occurrences | Output Occurrences | Collision Probability |
|:---------:|:----------:|:-----------:|:------------------:|:---------------------:|
| iv_502 | 1.9752569955925432 × 10^298 | 3934 | 82 | ½^160.00000000000028 |
| iv_503 | 3.474066260604239 × 10^298 | 4078 | 74 | ½^160.00000000000065 |
| iv_504 | 5.707252243474175 × 10^298 | 3971 | 78 | ½^160.00000000000063 |
| iv_505 | 8.969547936208376 × 10^298 | 3964 | 79 | ½^160.00000000000037 |
| iv_506 | 1.3644037404117544 × 10^299 | 3993 | 82 | ½^160.00000000000077 |
| iv_511 | 1.5796149186881236 × 10^299 | 4237 | 80 | ½^160.0000000000009 |
| iv_512 | 1.8198795985410285 × 10^299 | 4398 | 80 | ½^160.0000000000008 |
| iv_510 | 5.3047069424246815 × 10^299 | 4158 | 79 | ½^160.00000000000074 |
| iv_507 | 5.503019393883709 × 10^299 | 4502 | 68 | ½^160.00000000000068 |

### Input Bits Sorted by Occurrences

| Input Bit | Complexity | Occurrences | Output Occurrences | Collision Probability |
|:---------:|:----------:|:-----------:|:------------------:|:---------------------:|
| iv_502 | 1.9752569955925432 × 10^298 | 3934 | 82 | ½^160.00000000000028 |
| iv_505 | 8.969547936208376 × 10^298 | 3964 | 79 | ½^160.00000000000037 |
| iv_504 | 5.707252243474175 × 10^298 | 3971 | 78 | ½^160.00000000000063 |
| iv_506 | 1.3644037404117544 × 10^299 | 3993 | 82 | ½^160.00000000000077 |
| iv_503 | 3.474066260604239 × 10^298 | 4078 | 74 | ½^160.00000000000065 |
| iv_510 | 5.3047069424246815 × 10^299 | 4158 | 79 | ½^160.00000000000074 |
| iv_511 | 1.5796149186881236 × 10^299 | 4237 | 80 | ½^160.0000000000009 |
| iv_512 | 1.8198795985410285 × 10^299 | 4398 | 80 | ½^160.0000000000008 |
| iv_507 | 5.503019393883709 × 10^299 | 4502 | 68 | ½^160.00000000000068 |

### Input Bits Sorted by Output Occurrences

| Input Bit | Complexity | Occurrences | Output Occurrences | Collision Probability |
|:---------:|:----------:|:-----------:|:------------------:|:---------------------:|
| iv_507 | 5.503019393883709 × 10^299 | 4502 | 68 | ½^160.00000000000068 |
| iv_503 | 3.474066260604239 × 10^298 | 4078 | 74 | ½^160.00000000000065 |
| iv_504 | 5.707252243474175 × 10^298 | 3971 | 78 | ½^160.00000000000063 |
| iv_505 | 8.969547936208376 × 10^298 | 3964 | 79 | ½^160.00000000000037 |
| iv_510 | 5.3047069424246815 × 10^299 | 4158 | 79 | ½^160.00000000000074 |
| iv_511 | 1.5796149186881236 × 10^299 | 4237 | 80 | ½^160.0000000000009 |
| iv_512 | 1.8198795985410285 × 10^299 | 4398 | 80 | ½^160.0000000000008 |
| iv_502 | 1.9752569955925432 × 10^298 | 3934 | 82 | ½^160.00000000000028 |
| iv_506 | 1.3644037404117544 × 10^299 | 3993 | 82 | ½^160.00000000000077 |

### Input Bits Sorted by Collision Probability

| Input Bit | Complexity | Occurrences | Output Occurrences | Collision Probability |
|:---------:|:----------:|:-----------:|:------------------:|:---------------------:|
| iv_502 | 1.9752569955925432 × 10^298 | 3934 | 82 | ½^160.00000000000028 |
| iv_505 | 8.969547936208376 × 10^298 | 3964 | 79 | ½^160.00000000000037 |
| iv_504 | 5.707252243474175 × 10^298 | 3971 | 78 | ½^160.00000000000063 |
| iv_503 | 3.474066260604239 × 10^298 | 4078 | 74 | ½^160.00000000000065 |
| iv_507 | 5.503019393883709 × 10^299 | 4502 | 68 | ½^160.00000000000068 |
| iv_510 | 5.3047069424246815 × 10^299 | 4158 | 79 | ½^160.00000000000074 |
| iv_506 | 1.3644037404117544 × 10^299 | 3993 | 82 | ½^160.00000000000077 |
| iv_512 | 1.8198795985410285 × 10^299 | 4398 | 80 | ½^160.0000000000008 |
| iv_511 | 1.5796149186881236 × 10^299 | 4237 | 80 | ½^160.0000000000009 |

## Input Bit/Output Bit Collision Probabilities

| Input Bit | Output Bit | Collision Probability |
|:---------:|:----------:|:---------------------:|
| iv_502 | ov_106 | 0.500000000000004 |
| iv_505 | ov_078 | 0.500000000000004 |
| iv_502 | ov_077 | 0.5000000000000038 |
| iv_505 | ov_028 | 0.5000000000000033 |
| iv_505 | ov_148 | 0.5000000000000032 |
| iv_502 | ov_016 | 0.5000000000000027 |
| iv_504 | aaa_76_25 | 0.5000000000000022 |
| iv_505 | ov_075 | 0.5000000000000022 |
| iv_502 | ov_026 | 0.500000000000002 |

## Input Bit Co-occurrences

### Input Bit Co-occurrences Sorted by Co-occurrences

| Input Bits | Co-occurrences | Potential Occurrences | Output Co-occurrences | Potential Output Occurrences |
|:----------:|:--------------:|:---------------------:|:---------------------:|:----------------------------:|
| iv_511-iv_512 | 2158 | 4319 | 43 | 74 |
| iv_507-iv_512 | 2100 | 4700 | 33 | 82 |
| iv_510-iv_512 | 2092 | 4372 | 42 | 75 |
| iv_503-iv_512 | 2040 | 4396 | 34 | 86 |
| iv_507-iv_511 | 2038 | 4663 | 34 | 80 |
| iv_507-iv_510 | 2012 | 4636 | 33 | 81 |
| iv_503-iv_507 | 2005 | 4570 | 37 | 68 |
| iv_503-iv_511 | 2002 | 4311 | 37 | 80 |
| iv_510-iv_511 | 1999 | 4397 | 38 | 83 |

### Input Bit Co-occurrences Sorted by Potential Occurrences

| Input Bits | Co-occurrences | Potential Occurrences | Output Co-occurrences | Potential Output Occurrences |
|:----------:|:--------------:|:---------------------:|:---------------------:|:----------------------------:|
| iv_504-iv_506 | 1873 | 4218 | 42 | 76 |
| iv_502-iv_505 | 1829 | 4240 | 36 | 89 |
| iv_503-iv_506 | 1912 | 4247 | 38 | 80 |
| iv_504-iv_505 | 1842 | 4251 | 41 | 75 |
| iv_506-iv_510 | 1946 | 4259 | 44 | 73 |
| iv_503-iv_505 | 1879 | 4284 | 40 | 73 |
| iv_502-iv_504 | 1807 | 4291 | 42 | 76 |
| iv_502-iv_506 | 1817 | 4293 | 44 | 76 |
| iv_503-iv_511 | 2002 | 4311 | 37 | 80 |

### Input Bit Output Co-occurrences Sorted by Output Co-occurrences

| Input Bits | Co-occurrences | Potential Occurrences | Output Co-occurrences | Potential Output Occurrences |
|:----------:|:--------------:|:---------------------:|:---------------------:|:----------------------------:|
| iv_502-iv_511 | 1910 | 4351 | 45 | 72 |
| iv_502-iv_506 | 1817 | 4293 | 44 | 76 |
| iv_506-iv_510 | 1946 | 4259 | 44 | 73 |
| iv_511-iv_512 | 2158 | 4319 | 43 | 74 |
| iv_502-iv_504 | 1807 | 4291 | 42 | 76 |
| iv_502-iv_510 | 1863 | 4366 | 42 | 77 |
| iv_504-iv_506 | 1873 | 4218 | 42 | 76 |
| iv_510-iv_512 | 2092 | 4372 | 42 | 75 |
| iv_503-iv_504 | 1854 | 4341 | 41 | 70 |

### Input Bit Output Co-occurrences Sorted by Potential Output Occurrences

| Input Bits | Co-occurrences | Potential Occurrences | Output Co-occurrences | Potential Output Occurrences |
|:----------:|:--------------:|:---------------------:|:---------------------:|:----------------------------:|
| iv_503-iv_507 | 2005 | 4570 | 37 | 68 |
| iv_503-iv_504 | 1854 | 4341 | 41 | 70 |
| iv_505-iv_507 | 1915 | 4636 | 38 | 71 |
| iv_502-iv_511 | 1910 | 4351 | 45 | 72 |
| iv_506-iv_507 | 1973 | 4549 | 39 | 72 |
| iv_503-iv_505 | 1879 | 4284 | 40 | 73 |
| iv_506-iv_510 | 1946 | 4259 | 44 | 73 |
| iv_511-iv_512 | 2158 | 4319 | 43 | 74 |
| iv_504-iv_505 | 1842 | 4251 | 41 | 75 |

## Output Bits

### Output Bits in Regular Order

| Rank | Output Bit | Complexity |
|:----:|:----------:|:----------:|
| 1 | ov_001 | 2.761814752714188 × 10^299 |
| 2 | ov_002 | 2.404893276459889 × 10^299 |
| 3 | ov_003 | 2.08230868535278 × 10^299 |
| 4 | ov_004 | 1.7926391798540702 × 10^299 |
| 5 | ov_005 | 1.5345409245204495 × 10^299 |
| 6 | ov_006 | 1.3055382835998307 × 10^299 |
| 7 | ov_007 | 1.1032861714224916 × 10^299 |
| 8 | ov_008 | 9.255621296732494 × 10^298 |
| 9 | ov_009 | 7.702595116546747 × 10^298 |
| 10 | ov_010 | 6.353816492786957 × 10^298 |
| 11 | ov_011 | 5.190369073107319 × 10^298 |
| 12 | ov_012 | 4.194345567174788 × 10^298 |
| 13 | ov_013 | 3.3488140419921903 × 10^298 |
| 14 | ov_014 | 2.637791007333088 × 10^298 |
| 15 | ov_015 | 2.046220389151119 × 10^298 |
| 16 | ov_016 | 1.5599574914180335 × 10^298 |
| 17 | ov_017 | 1.1657571136759233 × 10^298 |
| 18 | ov_018 | 8.512650581487112 × 10^297 |
| 19 | ov_019 | 6.050123266434288 × 10^297 |
| 20 | ov_020 | 4.164113737543415 × 10^297 |
| 21 | ov_021 | 2.7575384910891066 × 10^297 |
| 22 | ov_022 | 1.742093275902918 × 10^297 |
| 23 | ov_023 | 1.0382461155939307 × 10^297 |
| 24 | ov_024 | 5.75233226357891 × 10^296 |
| 25 | ov_025 | 2.9105647136102814 × 10^296 |
| 26 | ov_026 | 1.3248183456432723 × 10^296 |
| 27 | ov_027 | 5.503860243638116 × 10^295 |
| 28 | ov_028 | 2.30189847052495 × 10^295 |
| 29 | ov_029 | 9.477969627228495 × 10^294 |
| 30 | ov_030 | 3.133737240725703 × 10^294 |
| 31 | ov_031 | 7.58244735897002 × 10^293 |
| 32 | lv_80_m31 | 1.834091860726784 × 10^293 |
| 33 | ov_033 | 2.1967185432596676 × 10^294 |
| 34 | ov_034 | 1.9003928480759392 × 10^294 |
| 35 | ov_035 | 1.636051505129722 × 10^294 |
| 36 | ov_036 | 1.4011000052727112 × 10^294 |
| 37 | ov_037 | 1.1930828276415051 × 10^294 |
| 38 | ov_038 | 1.0096736415524885 × 10^294 |
| 39 | ov_039 | 8.486668649798952 × 10^293 |
| 40 | ov_040 | 7.079704447506694 × 10^293 |
| 41 | ov_041 | 5.8559973182115284 × 10^293 |
| 42 | ov_042 | 4.7967233280388084 × 10^293 |
| 43 | ov_043 | 3.8840382633892294 × 10^293 |
| 44 | ov_044 | 3.101042400010539 × 10^293 |
| 45 | ov_045 | 2.4317519024596414 × 10^293 |
| 46 | ov_046 | 1.8684006351254794 × 10^293 |
| 47 | ov_047 | 1.4036639075514257 × 10^293 |
| 48 | ov_048 | 1.0306505895080988 × 10^293 |
| 49 | ov_049 | 7.368565025806636 × 10^292 |
| 50 | ov_050 | 5.10620178254514 × 10^292 |
| 51 | ov_051 | 3.4111714846536533 × 10^292 |
| 52 | ov_052 | 2.1835593743140293 × 10^292 |
| 53 | ov_053 | 1.331754376995533 × 10^292 |
| 54 | ov_054 | 7.724334914621081 × 10^291 |
| 55 | ov_055 | 4.305533177378114 × 10^291 |
| 56 | ov_056 | 2.3934565692347817 × 10^291 |
| 57 | ov_057 | 1.403151280702602 × 10^291 |
| 58 | ov_058 | 8.323780605452456 × 10^290 |
| 59 | ov_059 | 4.5069469056204805 × 10^290 |
| 60 | ov_060 | 2.167498128556915 × 10^290 |
| 61 | ov_061 | 8.919239504502934 × 10^289 |
| 62 | ov_062 | 2.9469305844632496 × 10^289 |
| 63 | ov_063 | 7.124643219722269 × 10^288 |
| 64 | lv_79_m31 | 1.7218842073964433 × 10^288 |
| 65 | ov_065 | 2.0347626406423624 × 10^289 |
| 66 | ov_066 | 2.0347575917496384 × 10^289 |
| 67 | ov_067 | 2.0347559554800473 × 10^289 |
| 68 | ov_068 | 1.7549742889554607 × 10^289 |
| 69 | ov_069 | 1.50481640265094 × 10^289 |
| 70 | ov_070 | 1.2829759652764806 × 10^289 |
| 71 | ov_071 | 1.0870769061379536 × 10^289 |
| 72 | ov_072 | 9.14888485183934 × 10^288 |
| 73 | ov_073 | 7.643156662396697 × 10^288 |
| 74 | ov_074 | 6.333903726002072 × 10^288 |
| 75 | ov_075 | 5.202635779915957 × 10^288 |
| 76 | ov_076 | 4.231981874040646 × 10^288 |
| 77 | ov_077 | 3.405626635029388 × 10^288 |
| 78 | ov_078 | 2.708253552728798 × 10^288 |
| 79 | ov_079 | 2.1254948628709452 × 10^288 |
| 80 | ov_080 | 1.643887605508075 × 10^288 |
| 81 | ov_081 | 1.2508354428012674 × 10^288 |
| 82 | ov_082 | 9.345758227286371 × 10^287 |
| 83 | ov_083 | 6.841520773216857 × 10^287 |
| 84 | ov_084 | 4.893900453781227 × 10^287 |
| 85 | ov_085 | 3.4087881041589066 × 10^287 |
| 86 | ov_086 | 2.2995514509322055 × 10^287 |
| 87 | ov_087 | 1.4869125356704498 × 10^287 |
| 88 | ov_088 | 8.98854033975123 × 10^286 |
| 89 | ov_089 | 5.011724103947106 × 10^286 |
| 90 | ov_090 | 2.6324564137792564 × 10^286 |
| 91 | ov_091 | 1.345039289309902 × 10^286 |
| 92 | ov_092 | 7.147071736152707 × 10^285 |
| 93 | ov_093 | 3.7752555486622296 × 10^285 |
| 94 | ov_094 | 1.6922658883400164 × 10^285 |
| 95 | aaa_78_28 | 5.4429418308996456 × 10^284 |
| 96 | aaa_78_29 | 2.0623610933184556 × 10^284 |
| 97 | ov_097 | 2.246097481119317 × 10^284 |
| 98 | ov_098 | 2.246030313080894 × 10^284 |
| 99 | ov_099 | 2.246008873378228 × 10^284 |
| 100 | ov_100 | 2.0214376350996485 × 10^284 |
| 101 | ov_101 | 1.8133917671088513 × 10^284 |
| 102 | ov_102 | 1.620969200991053 × 10^284 |
| 103 | ov_103 | 1.4433338473731271 × 10^284 |
| 104 | ov_104 | 1.2797068880730335 × 10^284 |
| 105 | ov_105 | 1.129358874445705 × 10^284 |
| 106 | ov_106 | 9.916025886674718 × 10^283 |
| 107 | ov_107 | 8.657866264940806 × 10^283 |
| 108 | ov_108 | 7.51289661515364 × 10^283 |
| 109 | ov_109 | 6.475153521495947 × 10^283 |
| 110 | ov_110 | 5.538878536050295 × 10^283 |
| 111 | ov_111 | 4.698478978133461 × 10^283 |
| 112 | ov_112 | 3.948494049372124 × 10^283 |
| 113 | ov_113 | 3.2835659050269435 × 10^283 |
| 114 | ov_114 | 2.698415325343198 × 10^283 |
| 115 | ov_115 | 2.1878216329980734 × 10^283 |
| 116 | ov_116 | 1.7466065042453276 × 10^283 |
| 117 | ov_117 | 1.3696213223146186 × 10^283 |
| 118 | ov_118 | 1.051737388994839 × 10^283 |
| 119 | ov_119 | 7.878383106413231 × 10^282 |
| 120 | ov_120 | 5.728145413725744 × 10^282 |
| 121 | ov_121 | 4.0156006628917775 × 10^282 |
| 122 | ov_122 | 2.6897071636705923 × 10^282 |
| 123 | ov_123 | 1.6994337821132632 × 10^282 |
| 124 | ov_124 | 9.937553414387685 × 10^281 |
| 125 | ov_125 | 5.216496052147941 × 10^281 |
| 126 | ov_126 | 2.320955427657722 × 10^281 |
| 127 | aaa_77_28 | 7.407250855724212 × 10^280 |
| 128 | aaa_77_29 | 2.7746988987704288 × 10^280 |
| 129 | ov_129 | 2.5441823292435377 × 10^280 |
| 130 | ov_130 | 2.5441763451389394 × 10^280 |
| 131 | ov_131 | 2.544174423082936 × 10^280 |
| 132 | ov_132 | 2.2001699673445365 × 10^280 |
| 133 | ov_133 | 1.8926311555954208 × 10^280 |
| 134 | ov_134 | 1.6187460714896866 × 10^280 |
| 135 | ov_135 | 1.375859740625405 × 10^280 |
| 136 | ov_136 | 1.1614627139506317 × 10^280 |
| 137 | ov_137 | 9.731811030707751 × 10^279 |
| 138 | ov_138 | 8.087679624883085 × 10^279 |
| 139 | ov_139 | 6.660958944029586 × 10^279 |
| 140 | ov_140 | 5.431507500657789 × 10^279 |
| 141 | ov_141 | 4.380263086100867 × 10^279 |
| 142 | ov_142 | 3.4891982104597774 × 10^279 |
| 143 | ov_143 | 2.741283137406923 × 10^279 |
| 144 | ov_144 | 2.1204555763565326 × 10^279 |
| 145 | ov_145 | 1.6115962669842092 × 10^279 |
| 146 | ov_146 | 1.2005097552586169 × 10^279 |
| 147 | ov_147 | 8.739096161984046 × 10^278 |
| 148 | ov_148 | 6.194073883019641 × 10^278 |
| 149 | ov_149 | 4.255045481022813 × 10^278 |
| 150 | ov_150 | 2.815869167316042 × 10^278 |
| 151 | ov_151 | 1.779209537726616 × 10^278 |
| 152 | ov_152 | 1.0565145704168758 × 10^278 |
| 153 | ov_153 | 5.680025030304188 × 10^277 |
| 154 | ov_154 | 2.7597387563315 × 10^277 |
| 155 | ov_155 | 1.181705864901357 × 10^277 |
| 156 | aaa_76_25 | 4.1093191679208375 × 10^276 |
| 157 | aaa_76_26 | 2.5290419153445094 × 10^276 |
| 158 | aaa_76_27 | 1.386628099661337 × 10^276 |
| 159 | aaa_76_28 | 6.534244451785217 × 10^275 |
| 160 | aaa_76_29 | 2.460169137651805 × 10^275 |

### Output Bits Sorted by Complexity

| Rank | Output Bit | Complexity |
|:----:|:----------:|:----------:|
| 160 | aaa_76_29 | 2.460169137651805 × 10^275 |
| 159 | aaa_76_28 | 6.534244451785217 × 10^275 |
| 158 | aaa_76_27 | 1.386628099661337 × 10^276 |
| 157 | aaa_76_26 | 2.5290419153445094 × 10^276 |
| 156 | aaa_76_25 | 4.1093191679208375 × 10^276 |
| 155 | ov_155 | 1.181705864901357 × 10^277 |
| 154 | ov_154 | 2.7597387563315 × 10^277 |
| 153 | ov_153 | 5.680025030304188 × 10^277 |
| 152 | ov_152 | 1.0565145704168758 × 10^278 |
| 151 | ov_151 | 1.779209537726616 × 10^278 |
| 150 | ov_150 | 2.815869167316042 × 10^278 |
| 149 | ov_149 | 4.255045481022813 × 10^278 |
| 148 | ov_148 | 6.194073883019641 × 10^278 |
| 147 | ov_147 | 8.739096161984046 × 10^278 |
| 146 | ov_146 | 1.2005097552586169 × 10^279 |
| 145 | ov_145 | 1.6115962669842092 × 10^279 |
| 144 | ov_144 | 2.1204555763565326 × 10^279 |
| 143 | ov_143 | 2.741283137406923 × 10^279 |
| 142 | ov_142 | 3.4891982104597774 × 10^279 |
| 141 | ov_141 | 4.380263086100867 × 10^279 |
| 140 | ov_140 | 5.431507500657789 × 10^279 |
| 139 | ov_139 | 6.660958944029586 × 10^279 |
| 138 | ov_138 | 8.087679624883085 × 10^279 |
| 137 | ov_137 | 9.731811030707751 × 10^279 |
| 136 | ov_136 | 1.1614627139506317 × 10^280 |
| 135 | ov_135 | 1.375859740625405 × 10^280 |
| 134 | ov_134 | 1.6187460714896866 × 10^280 |
| 133 | ov_133 | 1.8926311555954208 × 10^280 |
| 132 | ov_132 | 2.2001699673445365 × 10^280 |
| 131 | ov_131 | 2.544174423082936 × 10^280 |
| 130 | ov_130 | 2.5441763451389394 × 10^280 |
| 129 | ov_129 | 2.5441823292435377 × 10^280 |
| 128 | aaa_77_29 | 2.7746988987704288 × 10^280 |
| 127 | aaa_77_28 | 7.407250855724212 × 10^280 |
| 126 | ov_126 | 2.320955427657722 × 10^281 |
| 125 | ov_125 | 5.216496052147941 × 10^281 |
| 124 | ov_124 | 9.937553414387685 × 10^281 |
| 123 | ov_123 | 1.6994337821132632 × 10^282 |
| 122 | ov_122 | 2.6897071636705923 × 10^282 |
| 121 | ov_121 | 4.0156006628917775 × 10^282 |
| 120 | ov_120 | 5.728145413725744 × 10^282 |
| 119 | ov_119 | 7.878383106413231 × 10^282 |
| 118 | ov_118 | 1.051737388994839 × 10^283 |
| 117 | ov_117 | 1.3696213223146186 × 10^283 |
| 116 | ov_116 | 1.7466065042453276 × 10^283 |
| 115 | ov_115 | 2.1878216329980734 × 10^283 |
| 114 | ov_114 | 2.698415325343198 × 10^283 |
| 113 | ov_113 | 3.2835659050269435 × 10^283 |
| 112 | ov_112 | 3.948494049372124 × 10^283 |
| 111 | ov_111 | 4.698478978133461 × 10^283 |
| 110 | ov_110 | 5.538878536050295 × 10^283 |
| 109 | ov_109 | 6.475153521495947 × 10^283 |
| 108 | ov_108 | 7.51289661515364 × 10^283 |
| 107 | ov_107 | 8.657866264940806 × 10^283 |
| 106 | ov_106 | 9.916025886674718 × 10^283 |
| 105 | ov_105 | 1.129358874445705 × 10^284 |
| 104 | ov_104 | 1.2797068880730335 × 10^284 |
| 103 | ov_103 | 1.4433338473731271 × 10^284 |
| 102 | ov_102 | 1.620969200991053 × 10^284 |
| 101 | ov_101 | 1.8133917671088513 × 10^284 |
| 100 | ov_100 | 2.0214376350996485 × 10^284 |
| 96 | aaa_78_29 | 2.0623610933184556 × 10^284 |
| 99 | ov_099 | 2.246008873378228 × 10^284 |
| 98 | ov_098 | 2.246030313080894 × 10^284 |
| 97 | ov_097 | 2.246097481119317 × 10^284 |
| 95 | aaa_78_28 | 5.4429418308996456 × 10^284 |
| 94 | ov_094 | 1.6922658883400164 × 10^285 |
| 93 | ov_093 | 3.7752555486622296 × 10^285 |
| 92 | ov_092 | 7.147071736152707 × 10^285 |
| 91 | ov_091 | 1.345039289309902 × 10^286 |
| 90 | ov_090 | 2.6324564137792564 × 10^286 |
| 89 | ov_089 | 5.011724103947106 × 10^286 |
| 88 | ov_088 | 8.98854033975123 × 10^286 |
| 87 | ov_087 | 1.4869125356704498 × 10^287 |
| 86 | ov_086 | 2.2995514509322055 × 10^287 |
| 85 | ov_085 | 3.4087881041589066 × 10^287 |
| 84 | ov_084 | 4.893900453781227 × 10^287 |
| 83 | ov_083 | 6.841520773216857 × 10^287 |
| 82 | ov_082 | 9.345758227286371 × 10^287 |
| 81 | ov_081 | 1.2508354428012674 × 10^288 |
| 80 | ov_080 | 1.643887605508075 × 10^288 |
| 64 | lv_79_m31 | 1.7218842073964433 × 10^288 |
| 79 | ov_079 | 2.1254948628709452 × 10^288 |
| 78 | ov_078 | 2.708253552728798 × 10^288 |
| 77 | ov_077 | 3.405626635029388 × 10^288 |
| 76 | ov_076 | 4.231981874040646 × 10^288 |
| 75 | ov_075 | 5.202635779915957 × 10^288 |
| 74 | ov_074 | 6.333903726002072 × 10^288 |
| 63 | ov_063 | 7.124643219722269 × 10^288 |
| 73 | ov_073 | 7.643156662396697 × 10^288 |
| 72 | ov_072 | 9.14888485183934 × 10^288 |
| 71 | ov_071 | 1.0870769061379536 × 10^289 |
| 70 | ov_070 | 1.2829759652764806 × 10^289 |
| 69 | ov_069 | 1.50481640265094 × 10^289 |
| 68 | ov_068 | 1.7549742889554607 × 10^289 |
| 67 | ov_067 | 2.0347559554800473 × 10^289 |
| 66 | ov_066 | 2.0347575917496384 × 10^289 |
| 65 | ov_065 | 2.0347626406423624 × 10^289 |
| 62 | ov_062 | 2.9469305844632496 × 10^289 |
| 61 | ov_061 | 8.919239504502934 × 10^289 |
| 60 | ov_060 | 2.167498128556915 × 10^290 |
| 59 | ov_059 | 4.5069469056204805 × 10^290 |
| 58 | ov_058 | 8.323780605452456 × 10^290 |
| 57 | ov_057 | 1.403151280702602 × 10^291 |
| 56 | ov_056 | 2.3934565692347817 × 10^291 |
| 55 | ov_055 | 4.305533177378114 × 10^291 |
| 54 | ov_054 | 7.724334914621081 × 10^291 |
| 53 | ov_053 | 1.331754376995533 × 10^292 |
| 52 | ov_052 | 2.1835593743140293 × 10^292 |
| 51 | ov_051 | 3.4111714846536533 × 10^292 |
| 50 | ov_050 | 5.10620178254514 × 10^292 |
| 49 | ov_049 | 7.368565025806636 × 10^292 |
| 48 | ov_048 | 1.0306505895080988 × 10^293 |
| 47 | ov_047 | 1.4036639075514257 × 10^293 |
| 32 | lv_80_m31 | 1.834091860726784 × 10^293 |
| 46 | ov_046 | 1.8684006351254794 × 10^293 |
| 45 | ov_045 | 2.4317519024596414 × 10^293 |
| 44 | ov_044 | 3.101042400010539 × 10^293 |
| 43 | ov_043 | 3.8840382633892294 × 10^293 |
| 42 | ov_042 | 4.7967233280388084 × 10^293 |
| 41 | ov_041 | 5.8559973182115284 × 10^293 |
| 40 | ov_040 | 7.079704447506694 × 10^293 |
| 31 | ov_031 | 7.58244735897002 × 10^293 |
| 39 | ov_039 | 8.486668649798952 × 10^293 |
| 38 | ov_038 | 1.0096736415524885 × 10^294 |
| 37 | ov_037 | 1.1930828276415051 × 10^294 |
| 36 | ov_036 | 1.4011000052727112 × 10^294 |
| 35 | ov_035 | 1.636051505129722 × 10^294 |
| 34 | ov_034 | 1.9003928480759392 × 10^294 |
| 33 | ov_033 | 2.1967185432596676 × 10^294 |
| 30 | ov_030 | 3.133737240725703 × 10^294 |
| 29 | ov_029 | 9.477969627228495 × 10^294 |
| 28 | ov_028 | 2.30189847052495 × 10^295 |
| 27 | ov_027 | 5.503860243638116 × 10^295 |
| 26 | ov_026 | 1.3248183456432723 × 10^296 |
| 25 | ov_025 | 2.9105647136102814 × 10^296 |
| 24 | ov_024 | 5.75233226357891 × 10^296 |
| 23 | ov_023 | 1.0382461155939307 × 10^297 |
| 22 | ov_022 | 1.742093275902918 × 10^297 |
| 21 | ov_021 | 2.7575384910891066 × 10^297 |
| 20 | ov_020 | 4.164113737543415 × 10^297 |
| 19 | ov_019 | 6.050123266434288 × 10^297 |
| 18 | ov_018 | 8.512650581487112 × 10^297 |
| 17 | ov_017 | 1.1657571136759233 × 10^298 |
| 16 | ov_016 | 1.5599574914180335 × 10^298 |
| 15 | ov_015 | 2.046220389151119 × 10^298 |
| 14 | ov_014 | 2.637791007333088 × 10^298 |
| 13 | ov_013 | 3.3488140419921903 × 10^298 |
| 12 | ov_012 | 4.194345567174788 × 10^298 |
| 11 | ov_011 | 5.190369073107319 × 10^298 |
| 10 | ov_010 | 6.353816492786957 × 10^298 |
| 9 | ov_009 | 7.702595116546747 × 10^298 |
| 8 | ov_008 | 9.255621296732494 × 10^298 |
| 7 | ov_007 | 1.1032861714224916 × 10^299 |
| 6 | ov_006 | 1.3055382835998307 × 10^299 |
| 5 | ov_005 | 1.5345409245204495 × 10^299 |
| 4 | ov_004 | 1.7926391798540702 × 10^299 |
| 3 | ov_003 | 2.08230868535278 × 10^299 |
| 2 | ov_002 | 2.404893276459889 × 10^299 |
| 1 | ov_001 | 2.761814752714188 × 10^299 |

