# Results for E004005-T009-T012-F013-F014-F015-F016-F017-F018-F019-F020-F021-F022-F023-F024-F025-F026-F027-F028-F029-F030-F031-F032-F033-F034-F035-F036-F037-F038-F039-F040-F041-F042-F043-F044-F045-F046-F047-F048-F049-F050-F051-F052-F053-F054-F055-F056-F057-F058-F059-F060-F061-F062-F063-F064-F065-F066-F067-F068-F069-F070-F071-F072-F073-F074-F075-F076-F077-F078-F079-F080-F081-F082-F083-F084-F085-F086-F087-F088-F089-F090-F091-F092-F093-F094-F095-F096-F097-F098-F099-F100-F101-F102-F103-F104-F105-F106-F107-F108-F109-F110-F111-F112-F113-F114-F115-F116-F117-F118-F119-F120-F121-F122-F123-F124-F125-F126-F127-F128-F129-F130-F131-F132-F133-F134-F135-F136-F137-F138-F139-F140-F141-F142-F143-F144-F145-F146-F147-F148-F149-F150-F151-F152-F153-F154-F155-F156-F157-F158-F159-F160-F161-F162-F163-F164-F165-F166-F167-F168-F169-F170-F171-F172-F173-F174-F175-F176-F177-F178-F179-F180-F181-F182-F183-F184-F185-F186-F187-F188-F189-F190-F191-F192-F193-F194-F195-F196-F197-F198-F199-F200-F201-F202-F203-F204-F205-F206-F207-F208-F209-F210-F211-F212-F213-F214-F215-F216-F217-F218-F219-F220-F221-F222-F223-F224-F225-F226-F227-F228-F229-F230-F231-F232-F233-F234-F235-F236-F237-F238-F239-F240-F241-F242-F243-F244-F245-F246-F247-F248-F249-F250-F251-F252-F253-F254-F255-F256-F257-F258-F259-F260-F261-F262-F263-F264-F265-F266-F267-F268-F269-F270-F271-F272-F273-F274-F275-F276-F277-F278-F279-F280-F281-F282-F283-F284-F285-F286-F287-F288-F289-F290-F291-F292-F293-F294-F295-F296-F297-F298-F299-F300-F301-F302-F303-F304-F305-F306-F307-F308-F309-F310-F311-F312-F313-F314-F315-F316-F317-F318-F319-F320-F321-F322-F323-F324-F325-F326-F327-F328-F329-F330-F331-F332-F333-F334-F335-F336-F337-F338-F339-F340-F341-F342-F343-F344-F345-F346-F347-F348-F349-F350-F351-F352-F353-F354-F355-F356-F357-F358-F359-F360-F361-F362-F363-F364-F365-F366-F367-F368-F369-F370-F371-F372-F373-F374-F375-F376-F377-F378-F379-F380-F381-F382-F383-F384-F385-F386-F387-F388-F389-F390-F391-F392-F393-F394-F395-F396-F397-F398-F399-F400-F401-F402-F403-F404-F405-F406-F407-F408-F409-F410-F411-F412-F413-F414-F415-F416-F417-F418-F419-F420-F421-F422-F423-F424-F425-F426-F427-F428-F429-F430-F431-F432-F433-F434-F435-F436-F437-F438-F439-F440-F441-F442-F443-F444-F445-F446-F447-F448-F449-F450-F451-F452-F453-F454-F455-F456-F457-F458-F459-F460-F461-F462-F463-F464-F465-F466-F467-F468-F469-F470-F471-F472-F473-F474-F475-F476-F477-F478-F479-F480-F481-F482-F483-F484-F485-F486-F487-F488-F489-F490-F491-F492-F493-F494-F495-F496-F497-F498-F499-F500-F501-F502-F503-F504-F505-F506-F507-F508-F509-F510-F511-F512

## Summary

Number of input bits: 512  
Number of free input bits: 9  
Number of output bits: 160

Number of direct occurrences: 42777  
Number of assignments: 38390  
Number of operations: 19589381
(xor: 19549863,
and: 23335,
or: 16183)

Total complexity: 6.227015928254958 × 10^357

Least occurring input variable: iv_007 (4422)  
Most occurring input variable: iv_011 (5115)

Most co-occurring input variables: iv_004-iv_011 (2438)  
Least co-occurring input variables: iv_004-iv_007 (2062)

Potentially most occurring input variable: iv_003/iv_004 (5289)  
Potentially least occurring input variable: iv_002/iv_003 (4725)

Least output occurring input variable: iv_006 (66)  
Most output occurring input variable: iv_002 (91)

Most output co-occurring input variables: iv_003-iv_011 (51)  
Least output co-occurring input variables: iv_006-iv_011 (30)

Potentially most output occurring input variable: iv_001/iv_003 (95)  
Potentially least output occurring input variable: iv_001/iv_004 (63)

Least complex input bit: iv_001 (1.5612466888564898 × 10^355)  
Most complex input bit: iv_010 (1.719551401752507 × 10^357)

Least complex output bit: aaa_76_29 (2.190243191357139 × 10^332)  
Most complex output bit: ov_001 (9.519769522916457 × 10^356)

Least complex input/output complexity: iv_001/aaa_76_29 (5.491410283344287 × 10^329)  
Most complex input/output complexity: iv_010/ov_001 (2.6288246595314524 × 10^356)

## Input Bits

### Input Bits in Regular Order

| Input Bit | Complexity | Occurrences | Output Occurrences |
|:---------:|:----------:|:-----------:|:------------------:|
| iv_001 | 1.5612466888564898 × 10^355 | 4664 | 83 |
| iv_002 | 6.681073220459487 × 10^355 | 4704 | 91 |
| iv_003 | 1.887086107802309 × 10^356 | 4815 | 84 |
| iv_004 | 8.131575977326726 × 10^356 | 4890 | 82 |
| iv_006 | 8.550735372077307 × 10^356 | 4629 | 66 |
| iv_007 | 1.1127812272362697 × 10^357 | 4422 | 76 |
| iv_008 | 1.39406335115403 × 10^357 | 4687 | 74 |
| iv_010 | 1.719551401752507 × 10^357 | 4851 | 78 |
| iv_011 | 6.125700329836891 × 10^355 | 5115 | 81 |

### Input Bits Sorted by Complexity

| Input Bit | Complexity | Occurrences | Output Occurrences |
|:---------:|:----------:|:-----------:|:------------------:|
| iv_001 | 1.5612466888564898 × 10^355 | 4664 | 83 |
| iv_011 | 6.125700329836891 × 10^355 | 5115 | 81 |
| iv_002 | 6.681073220459487 × 10^355 | 4704 | 91 |
| iv_003 | 1.887086107802309 × 10^356 | 4815 | 84 |
| iv_004 | 8.131575977326726 × 10^356 | 4890 | 82 |
| iv_006 | 8.550735372077307 × 10^356 | 4629 | 66 |
| iv_007 | 1.1127812272362697 × 10^357 | 4422 | 76 |
| iv_008 | 1.39406335115403 × 10^357 | 4687 | 74 |
| iv_010 | 1.719551401752507 × 10^357 | 4851 | 78 |

### Input Bits Sorted by Occurrences

| Input Bit | Complexity | Occurrences | Output Occurrences |
|:---------:|:----------:|:-----------:|:------------------:|
| iv_007 | 1.1127812272362697 × 10^357 | 4422 | 76 |
| iv_006 | 8.550735372077307 × 10^356 | 4629 | 66 |
| iv_001 | 1.5612466888564898 × 10^355 | 4664 | 83 |
| iv_008 | 1.39406335115403 × 10^357 | 4687 | 74 |
| iv_002 | 6.681073220459487 × 10^355 | 4704 | 91 |
| iv_003 | 1.887086107802309 × 10^356 | 4815 | 84 |
| iv_010 | 1.719551401752507 × 10^357 | 4851 | 78 |
| iv_004 | 8.131575977326726 × 10^356 | 4890 | 82 |
| iv_011 | 6.125700329836891 × 10^355 | 5115 | 81 |

### Input Bits Sorted by Output Occurrences

| Input Bit | Complexity | Occurrences | Output Occurrences |
|:---------:|:----------:|:-----------:|:------------------:|
| iv_006 | 8.550735372077307 × 10^356 | 4629 | 66 |
| iv_008 | 1.39406335115403 × 10^357 | 4687 | 74 |
| iv_007 | 1.1127812272362697 × 10^357 | 4422 | 76 |
| iv_010 | 1.719551401752507 × 10^357 | 4851 | 78 |
| iv_011 | 6.125700329836891 × 10^355 | 5115 | 81 |
| iv_004 | 8.131575977326726 × 10^356 | 4890 | 82 |
| iv_001 | 1.5612466888564898 × 10^355 | 4664 | 83 |
| iv_003 | 1.887086107802309 × 10^356 | 4815 | 84 |
| iv_002 | 6.681073220459487 × 10^355 | 4704 | 91 |

## Input Bit Co-occurrences

### Input Bit Co-occurrences Sorted by Co-occurrences

| Input Bits | Co-occurrences | Potential Occurrences | Output Co-occurrences | Potential Output Occurrences |
|:----------:|:--------------:|:---------------------:|:---------------------:|:----------------------------:|
| iv_004-iv_011 | 2438 | 5129 | 42 | 79 |
| iv_003-iv_011 | 2418 | 5094 | 51 | 63 |
| iv_010-iv_011 | 2400 | 5166 | 35 | 89 |
| iv_002-iv_003 | 2397 | 4725 | 47 | 81 |
| iv_006-iv_011 | 2357 | 5030 | 30 | 87 |
| iv_008-iv_011 | 2355 | 5092 | 38 | 79 |
| iv_001-iv_011 | 2335 | 5109 | 42 | 80 |
| iv_008-iv_010 | 2309 | 4920 | 40 | 72 |
| iv_002-iv_004 | 2309 | 4976 | 45 | 83 |

### Input Bit Co-occurrences Sorted by Potential Occurrences

| Input Bits | Co-occurrences | Potential Occurrences | Output Co-occurrences | Potential Output Occurrences |
|:----------:|:--------------:|:---------------------:|:---------------------:|:----------------------------:|
| iv_002-iv_003 | 2397 | 4725 | 47 | 81 |
| iv_001-iv_006 | 2278 | 4737 | 39 | 71 |
| iv_002-iv_007 | 2180 | 4766 | 43 | 81 |
| iv_001-iv_007 | 2138 | 4810 | 41 | 77 |
| iv_001-iv_002 | 2270 | 4828 | 48 | 78 |
| iv_006-iv_007 | 2105 | 4841 | 35 | 72 |
| iv_007-iv_008 | 2132 | 4845 | 35 | 80 |
| iv_003-iv_006 | 2268 | 4908 | 34 | 82 |
| iv_008-iv_010 | 2309 | 4920 | 40 | 72 |

### Input Bit Output Co-occurrences Sorted by Output Co-occurrences

| Input Bits | Co-occurrences | Potential Occurrences | Output Co-occurrences | Potential Output Occurrences |
|:----------:|:--------------:|:---------------------:|:---------------------:|:----------------------------:|
| iv_001-iv_004 | 2240 | 5074 | 51 | 63 |
| iv_003-iv_011 | 2418 | 5094 | 51 | 63 |
| iv_001-iv_002 | 2270 | 4828 | 48 | 78 |
| iv_002-iv_003 | 2397 | 4725 | 47 | 81 |
| iv_002-iv_008 | 2225 | 4941 | 45 | 75 |
| iv_002-iv_004 | 2309 | 4976 | 45 | 83 |
| iv_002-iv_011 | 2308 | 5203 | 44 | 84 |
| iv_001-iv_008 | 2183 | 4985 | 43 | 71 |
| iv_002-iv_007 | 2180 | 4766 | 43 | 81 |

### Input Bit Output Co-occurrences Sorted by Potential Output Occurrences

| Input Bits | Co-occurrences | Potential Occurrences | Output Co-occurrences | Potential Output Occurrences |
|:----------:|:--------------:|:---------------------:|:---------------------:|:----------------------------:|
| iv_001-iv_004 | 2240 | 5074 | 51 | 63 |
| iv_003-iv_011 | 2418 | 5094 | 51 | 63 |
| iv_001-iv_008 | 2183 | 4985 | 43 | 71 |
| iv_001-iv_006 | 2278 | 4737 | 39 | 71 |
| iv_008-iv_010 | 2309 | 4920 | 40 | 72 |
| iv_006-iv_007 | 2105 | 4841 | 35 | 72 |
| iv_003-iv_007 | 2093 | 5051 | 43 | 74 |
| iv_002-iv_008 | 2225 | 4941 | 45 | 75 |
| iv_007-iv_011 | 2158 | 5221 | 41 | 75 |

## Output Bits

### Output Bits in Regular Order

| Rank | Output Bit | Complexity |
|:----:|:----------:|:----------:|
| 1 | ov_001 | 9.519769522916457 × 10^356 |
| 2 | ov_002 | 8.336062394851839 × 10^356 |
| 3 | ov_003 | 7.26700945424119 × 10^356 |
| 4 | ov_004 | 6.301308912443409 × 10^356 |
| 5 | ov_005 | 5.428306840714339 × 10^356 |
| 6 | ov_006 | 4.642832067421026 × 10^356 |
| 7 | ov_007 | 3.940002987799038 × 10^356 |
| 8 | ov_008 | 3.315208063987057 × 10^356 |
| 9 | ov_009 | 2.764088700196259 × 10^356 |
| 10 | ov_010 | 2.282524357323641 × 10^356 |
| 11 | ov_011 | 1.866619778835757 × 10^356 |
| 12 | ov_012 | 1.5126941802853746 × 10^356 |
| 13 | ov_013 | 1.2139948163586388 × 10^356 |
| 14 | ov_014 | 9.641587526720211 × 10^355 |
| 15 | ov_015 | 7.572018462430283 × 10^355 |
| 16 | ov_016 | 5.875099382197525 × 10^355 |
| 17 | ov_017 | 4.49831936936994 × 10^355 |
| 18 | ov_018 | 3.392744952273503 × 10^355 |
| 19 | ov_019 | 2.5129801164472313 × 10^355 |
| 20 | ov_020 | 1.8171371089639625 × 10^355 |
| 21 | ov_021 | 1.2851460713194609 × 10^355 |
| 22 | ov_022 | 8.82080654169683 × 10^354 |
| 23 | ov_023 | 5.764792996746531 × 10^354 |
| 24 | ov_024 | 3.5347657161224064 × 10^354 |
| 25 | ov_025 | 1.9993575342059644 × 10^354 |
| 26 | ov_026 | 1.0444781597868934 × 10^354 |
| 27 | ov_027 | 4.937606677976134 × 10^353 |
| 28 | ov_028 | 2.0537690987137285 × 10^353 |
| 29 | ov_029 | 7.203651809480359 × 10^352 |
| 30 | ov_030 | 1.9849776063521624 × 10^352 |
| 31 | ov_031 | 3.8887048620633687 × 10^351 |
| 32 | lv_80_m31 | 7.618589404452237 × 10^350 |
| 33 | ov_033 | 9.456960290314935 × 10^351 |
| 34 | ov_034 | 8.320080486437134 × 10^351 |
| 35 | ov_035 | 7.291854620196444 × 10^351 |
| 36 | ov_036 | 6.36197440707168 × 10^351 |
| 37 | ov_037 | 5.520705307094119 × 10^351 |
| 38 | ov_038 | 4.758846366543591 × 10^351 |
| 39 | ov_039 | 4.0719258114959383 × 10^351 |
| 40 | ov_040 | 3.455712880494403 × 10^351 |
| 41 | ov_041 | 2.9062035964819157 × 10^351 |
| 42 | ov_042 | 2.4196085001522217 × 10^351 |
| 43 | ov_043 | 1.9923421521576895 × 10^351 |
| 44 | ov_044 | 1.6210142225618283 × 10^351 |
| 45 | ov_045 | 1.3024219965435874 × 10^351 |
| 46 | ov_046 | 1.0335441357127542 × 10^351 |
| 47 | ov_047 | 8.088625228730691 × 10^350 |
| 48 | ov_048 | 6.231998534913392 × 10^350 |
| 49 | ov_049 | 4.7171367853697675 × 10^350 |
| 50 | ov_050 | 3.4989176207806405 × 10^350 |
| 51 | ov_051 | 2.5354854082067973 × 10^350 |
| 52 | ov_052 | 1.7882249203447407 × 10^350 |
| 53 | ov_053 | 1.2217423551356574 × 10^350 |
| 54 | ov_054 | 8.038521439726111 × 10^349 |
| 55 | ov_055 | 5.055681883309736 × 10^349 |
| 56 | ov_056 | 3.0109835613569056 × 10^349 |
| 57 | ov_057 | 1.6784126062378208 × 10^349 |
| 58 | ov_058 | 8.638453588630302 × 10^348 |
| 59 | ov_059 | 4.0504019657581963 × 10^348 |
| 60 | ov_060 | 1.7163434449210604 × 10^348 |
| 61 | ov_061 | 6.514293792222782 × 10^347 |
| 62 | ov_062 | 1.7895189517687826 × 10^347 |
| 63 | ov_063 | 3.493311177342462 × 10^346 |
| 64 | lv_79_m31 | 6.818026318190257 × 10^345 |
| 65 | ov_065 | 8.366245961448812 × 10^346 |
| 66 | ov_066 | 8.366213252897166 × 10^346 |
| 67 | ov_067 | 8.366202720658726 × 10^346 |
| 68 | ov_068 | 7.30260158247099 × 10^346 |
| 69 | ov_069 | 6.346046482636318 × 10^346 |
| 70 | ov_070 | 5.488504275978766 × 10^346 |
| 71 | ov_071 | 4.722403626273996 × 10^346 |
| 72 | ov_072 | 4.040600994361994 × 10^346 |
| 73 | ov_073 | 3.4363503810645622 × 10^346 |
| 74 | ov_074 | 2.903276618341825 × 10^346 |
| 75 | ov_075 | 2.4353520137088585 × 10^346 |
| 76 | ov_076 | 2.026876163946825 × 10^346 |
| 77 | ov_077 | 1.6724587262805365 × 10^346 |
| 78 | ov_078 | 1.3670048708868567 × 10^346 |
| 79 | ov_079 | 1.1057031169786117 × 10^346 |
| 80 | ov_080 | 8.84015273375398 × 10^345 |
| 81 | ov_081 | 6.976682227184674 × 10^345 |
| 82 | ov_082 | 5.426473064054634 × 10^345 |
| 83 | ov_083 | 4.151910849916935 × 10^345 |
| 84 | ov_084 | 3.117872662930415 × 10^345 |
| 85 | ov_085 | 2.291696107837924 × 10^345 |
| 86 | ov_086 | 1.6431564115129252 × 10^345 |
| 87 | ov_087 | 1.1444500007926691 × 10^345 |
| 88 | ov_088 | 7.701831750506245 × 10^344 |
| 89 | ov_089 | 4.973646574816994 × 10^344 |
| 90 | ov_090 | 3.05400980480025 × 10^344 |
| 91 | ov_091 | 1.76093831844377 × 10^344 |
| 92 | ov_092 | 9.363865988172099 × 10^343 |
| 93 | ov_093 | 4.4624005385305686 × 10^343 |
| 94 | ov_094 | 1.8031209730967344 × 10^343 |
| 95 | aaa_78_28 | 5.234307837573382 × 10^342 |
| 96 | aaa_78_29 | 1.0158757653826785 × 10^342 |
| 97 | ov_097 | 1.2994895872580995 × 10^342 |
| 98 | ov_098 | 1.2994857626560018 × 10^342 |
| 99 | ov_099 | 1.2994848326827152 × 10^342 |
| 100 | ov_100 | 1.1417918471820885 × 10^342 |
| 101 | ov_101 | 9.992453267807649 × 10^341 |
| 102 | ov_102 | 8.704220897652835 × 10^341 |
| 103 | ov_103 | 7.539813421798042 × 10^341 |
| 104 | ov_104 | 6.486589577585202 × 10^341 |
| 105 | ov_105 | 5.538413649363396 × 10^341 |
| 106 | ov_106 | 4.6894956838499363 × 10^341 |
| 107 | ov_107 | 3.93437015195972 × 10^341 |
| 108 | ov_108 | 3.267877139142431 × 10^341 |
| 109 | ov_109 | 2.685145873438997 × 10^341 |
| 110 | ov_110 | 2.1815804115248245 × 10^341 |
| 111 | ov_111 | 1.752847313678304 × 10^341 |
| 112 | ov_112 | 1.391026913655968 × 10^341 |
| 113 | ov_113 | 1.0886786662084194 × 10^341 |
| 114 | ov_114 | 8.388280206561116 × 10^340 |
| 115 | ov_115 | 6.349559782473734 × 10^340 |
| 116 | ov_116 | 4.709910065811284 × 10^340 |
| 117 | ov_117 | 3.413029378315147 × 10^340 |
| 118 | ov_118 | 2.4069848803584037 × 10^340 |
| 119 | ov_119 | 1.6441807254762598 × 10^340 |
| 120 | ov_120 | 1.0813363053663252 × 10^340 |
| 121 | ov_121 | 6.794720916480595 × 10^339 |
| 122 | ov_122 | 4.039009579705052 × 10^339 |
| 123 | ov_123 | 2.2422324327729323 × 10^339 |
| 124 | ov_124 | 1.143241926793403 × 10^339 |
| 125 | ov_125 | 5.237277733816235 × 10^338 |
| 126 | ov_126 | 2.0821226847377785 × 10^338 |
| 127 | aaa_77_28 | 6.404877938706494 × 10^337 |
| 128 | aaa_77_29 | 1.9555748394145437 × 10^337 |
| 129 | ov_129 | 1.195102660859017 × 10^337 |
| 130 | ov_130 | 1.1950983683243175 × 10^337 |
| 131 | ov_131 | 1.1950973222201717 × 10^337 |
| 132 | ov_132 | 1.0529608102649509 × 10^337 |
| 133 | ov_133 | 9.250109583432147 × 10^336 |
| 134 | ov_134 | 8.096816296881478 × 10^336 |
| 135 | ov_135 | 7.06213405901524 × 10^336 |
| 136 | ov_136 | 6.132160772411392 × 10^336 |
| 137 | ov_137 | 5.293783944469385 × 10^336 |
| 138 | ov_138 | 4.540637927245335 × 10^336 |
| 139 | ov_139 | 3.8667141486453387 × 10^336 |
| 140 | ov_140 | 3.266339872832373 × 10^336 |
| 141 | ov_141 | 2.73415964408572 × 10^336 |
| 142 | ov_142 | 2.265119227361793 × 10^336 |
| 143 | ov_143 | 1.8544518695678869 × 10^336 |
| 144 | ov_144 | 1.4976667160849444 × 10^336 |
| 145 | ov_145 | 1.190539227416473 × 10^336 |
| 146 | ov_146 | 9.291034198473328 × 10^335 |
| 147 | ov_147 | 7.096457041957328 × 10^335 |
| 148 | ov_148 | 5.287000830375819 × 10^335 |
| 149 | ov_149 | 3.830444866914276 × 10^335 |
| 150 | ov_150 | 2.696980481028223 × 10^335 |
| 151 | ov_151 | 1.834153745710014 × 10^335 |
| 152 | ov_152 | 1.1942590118826171 × 10^335 |
| 153 | ov_153 | 7.343240906313427 × 10^334 |
| 154 | ov_154 | 4.1610117334609794 × 10^334 |
| 155 | ov_155 | 2.0606165919367053 × 10^334 |
| 156 | aaa_76_25 | 7.539352440224436 × 10^333 |
| 157 | aaa_76_26 | 3.9500826915858958 × 10^333 |
| 158 | aaa_76_27 | 1.827538869242712 × 10^333 |
| 159 | aaa_76_28 | 7.157220167083858 × 10^332 |
| 160 | aaa_76_29 | 2.190243191357139 × 10^332 |

### Output Bits Sorted by Complexity

| Rank | Output Bit | Complexity |
|:----:|:----------:|:----------:|
| 160 | aaa_76_29 | 2.190243191357139 × 10^332 |
| 159 | aaa_76_28 | 7.157220167083858 × 10^332 |
| 158 | aaa_76_27 | 1.827538869242712 × 10^333 |
| 157 | aaa_76_26 | 3.9500826915858958 × 10^333 |
| 156 | aaa_76_25 | 7.539352440224436 × 10^333 |
| 155 | ov_155 | 2.0606165919367053 × 10^334 |
| 154 | ov_154 | 4.1610117334609794 × 10^334 |
| 153 | ov_153 | 7.343240906313427 × 10^334 |
| 152 | ov_152 | 1.1942590118826171 × 10^335 |
| 151 | ov_151 | 1.834153745710014 × 10^335 |
| 150 | ov_150 | 2.696980481028223 × 10^335 |
| 149 | ov_149 | 3.830444866914276 × 10^335 |
| 148 | ov_148 | 5.287000830375819 × 10^335 |
| 147 | ov_147 | 7.096457041957328 × 10^335 |
| 146 | ov_146 | 9.291034198473328 × 10^335 |
| 145 | ov_145 | 1.190539227416473 × 10^336 |
| 144 | ov_144 | 1.4976667160849444 × 10^336 |
| 143 | ov_143 | 1.8544518695678869 × 10^336 |
| 142 | ov_142 | 2.265119227361793 × 10^336 |
| 141 | ov_141 | 2.73415964408572 × 10^336 |
| 140 | ov_140 | 3.266339872832373 × 10^336 |
| 139 | ov_139 | 3.8667141486453387 × 10^336 |
| 138 | ov_138 | 4.540637927245335 × 10^336 |
| 137 | ov_137 | 5.293783944469385 × 10^336 |
| 136 | ov_136 | 6.132160772411392 × 10^336 |
| 135 | ov_135 | 7.06213405901524 × 10^336 |
| 134 | ov_134 | 8.096816296881478 × 10^336 |
| 133 | ov_133 | 9.250109583432147 × 10^336 |
| 132 | ov_132 | 1.0529608102649509 × 10^337 |
| 131 | ov_131 | 1.1950973222201717 × 10^337 |
| 130 | ov_130 | 1.1950983683243175 × 10^337 |
| 129 | ov_129 | 1.195102660859017 × 10^337 |
| 128 | aaa_77_29 | 1.9555748394145437 × 10^337 |
| 127 | aaa_77_28 | 6.404877938706494 × 10^337 |
| 126 | ov_126 | 2.0821226847377785 × 10^338 |
| 125 | ov_125 | 5.237277733816235 × 10^338 |
| 124 | ov_124 | 1.143241926793403 × 10^339 |
| 123 | ov_123 | 2.2422324327729323 × 10^339 |
| 122 | ov_122 | 4.039009579705052 × 10^339 |
| 121 | ov_121 | 6.794720916480595 × 10^339 |
| 120 | ov_120 | 1.0813363053663252 × 10^340 |
| 119 | ov_119 | 1.6441807254762598 × 10^340 |
| 118 | ov_118 | 2.4069848803584037 × 10^340 |
| 117 | ov_117 | 3.413029378315147 × 10^340 |
| 116 | ov_116 | 4.709910065811284 × 10^340 |
| 115 | ov_115 | 6.349559782473734 × 10^340 |
| 114 | ov_114 | 8.388280206561116 × 10^340 |
| 113 | ov_113 | 1.0886786662084194 × 10^341 |
| 112 | ov_112 | 1.391026913655968 × 10^341 |
| 111 | ov_111 | 1.752847313678304 × 10^341 |
| 110 | ov_110 | 2.1815804115248245 × 10^341 |
| 109 | ov_109 | 2.685145873438997 × 10^341 |
| 108 | ov_108 | 3.267877139142431 × 10^341 |
| 107 | ov_107 | 3.93437015195972 × 10^341 |
| 106 | ov_106 | 4.6894956838499363 × 10^341 |
| 105 | ov_105 | 5.538413649363396 × 10^341 |
| 104 | ov_104 | 6.486589577585202 × 10^341 |
| 103 | ov_103 | 7.539813421798042 × 10^341 |
| 102 | ov_102 | 8.704220897652835 × 10^341 |
| 101 | ov_101 | 9.992453267807649 × 10^341 |
| 96 | aaa_78_29 | 1.0158757653826785 × 10^342 |
| 100 | ov_100 | 1.1417918471820885 × 10^342 |
| 99 | ov_099 | 1.2994848326827152 × 10^342 |
| 98 | ov_098 | 1.2994857626560018 × 10^342 |
| 97 | ov_097 | 1.2994895872580995 × 10^342 |
| 95 | aaa_78_28 | 5.234307837573382 × 10^342 |
| 94 | ov_094 | 1.8031209730967344 × 10^343 |
| 93 | ov_093 | 4.4624005385305686 × 10^343 |
| 92 | ov_092 | 9.363865988172099 × 10^343 |
| 91 | ov_091 | 1.76093831844377 × 10^344 |
| 90 | ov_090 | 3.05400980480025 × 10^344 |
| 89 | ov_089 | 4.973646574816994 × 10^344 |
| 88 | ov_088 | 7.701831750506245 × 10^344 |
| 87 | ov_087 | 1.1444500007926691 × 10^345 |
| 86 | ov_086 | 1.6431564115129252 × 10^345 |
| 85 | ov_085 | 2.291696107837924 × 10^345 |
| 84 | ov_084 | 3.117872662930415 × 10^345 |
| 83 | ov_083 | 4.151910849916935 × 10^345 |
| 82 | ov_082 | 5.426473064054634 × 10^345 |
| 64 | lv_79_m31 | 6.818026318190257 × 10^345 |
| 81 | ov_081 | 6.976682227184674 × 10^345 |
| 80 | ov_080 | 8.84015273375398 × 10^345 |
| 79 | ov_079 | 1.1057031169786117 × 10^346 |
| 78 | ov_078 | 1.3670048708868567 × 10^346 |
| 77 | ov_077 | 1.6724587262805365 × 10^346 |
| 76 | ov_076 | 2.026876163946825 × 10^346 |
| 75 | ov_075 | 2.4353520137088585 × 10^346 |
| 74 | ov_074 | 2.903276618341825 × 10^346 |
| 73 | ov_073 | 3.4363503810645622 × 10^346 |
| 63 | ov_063 | 3.493311177342462 × 10^346 |
| 72 | ov_072 | 4.040600994361994 × 10^346 |
| 71 | ov_071 | 4.722403626273996 × 10^346 |
| 70 | ov_070 | 5.488504275978766 × 10^346 |
| 69 | ov_069 | 6.346046482636318 × 10^346 |
| 68 | ov_068 | 7.30260158247099 × 10^346 |
| 67 | ov_067 | 8.366202720658726 × 10^346 |
| 66 | ov_066 | 8.366213252897166 × 10^346 |
| 65 | ov_065 | 8.366245961448812 × 10^346 |
| 62 | ov_062 | 1.7895189517687826 × 10^347 |
| 61 | ov_061 | 6.514293792222782 × 10^347 |
| 60 | ov_060 | 1.7163434449210604 × 10^348 |
| 59 | ov_059 | 4.0504019657581963 × 10^348 |
| 58 | ov_058 | 8.638453588630302 × 10^348 |
| 57 | ov_057 | 1.6784126062378208 × 10^349 |
| 56 | ov_056 | 3.0109835613569056 × 10^349 |
| 55 | ov_055 | 5.055681883309736 × 10^349 |
| 54 | ov_054 | 8.038521439726111 × 10^349 |
| 53 | ov_053 | 1.2217423551356574 × 10^350 |
| 52 | ov_052 | 1.7882249203447407 × 10^350 |
| 51 | ov_051 | 2.5354854082067973 × 10^350 |
| 50 | ov_050 | 3.4989176207806405 × 10^350 |
| 49 | ov_049 | 4.7171367853697675 × 10^350 |
| 48 | ov_048 | 6.231998534913392 × 10^350 |
| 32 | lv_80_m31 | 7.618589404452237 × 10^350 |
| 47 | ov_047 | 8.088625228730691 × 10^350 |
| 46 | ov_046 | 1.0335441357127542 × 10^351 |
| 45 | ov_045 | 1.3024219965435874 × 10^351 |
| 44 | ov_044 | 1.6210142225618283 × 10^351 |
| 43 | ov_043 | 1.9923421521576895 × 10^351 |
| 42 | ov_042 | 2.4196085001522217 × 10^351 |
| 41 | ov_041 | 2.9062035964819157 × 10^351 |
| 40 | ov_040 | 3.455712880494403 × 10^351 |
| 31 | ov_031 | 3.8887048620633687 × 10^351 |
| 39 | ov_039 | 4.0719258114959383 × 10^351 |
| 38 | ov_038 | 4.758846366543591 × 10^351 |
| 37 | ov_037 | 5.520705307094119 × 10^351 |
| 36 | ov_036 | 6.36197440707168 × 10^351 |
| 35 | ov_035 | 7.291854620196444 × 10^351 |
| 34 | ov_034 | 8.320080486437134 × 10^351 |
| 33 | ov_033 | 9.456960290314935 × 10^351 |
| 30 | ov_030 | 1.9849776063521624 × 10^352 |
| 29 | ov_029 | 7.203651809480359 × 10^352 |
| 28 | ov_028 | 2.0537690987137285 × 10^353 |
| 27 | ov_027 | 4.937606677976134 × 10^353 |
| 26 | ov_026 | 1.0444781597868934 × 10^354 |
| 25 | ov_025 | 1.9993575342059644 × 10^354 |
| 24 | ov_024 | 3.5347657161224064 × 10^354 |
| 23 | ov_023 | 5.764792996746531 × 10^354 |
| 22 | ov_022 | 8.82080654169683 × 10^354 |
| 21 | ov_021 | 1.2851460713194609 × 10^355 |
| 20 | ov_020 | 1.8171371089639625 × 10^355 |
| 19 | ov_019 | 2.5129801164472313 × 10^355 |
| 18 | ov_018 | 3.392744952273503 × 10^355 |
| 17 | ov_017 | 4.49831936936994 × 10^355 |
| 16 | ov_016 | 5.875099382197525 × 10^355 |
| 15 | ov_015 | 7.572018462430283 × 10^355 |
| 14 | ov_014 | 9.641587526720211 × 10^355 |
| 13 | ov_013 | 1.2139948163586388 × 10^356 |
| 12 | ov_012 | 1.5126941802853746 × 10^356 |
| 11 | ov_011 | 1.866619778835757 × 10^356 |
| 10 | ov_010 | 2.282524357323641 × 10^356 |
| 9 | ov_009 | 2.764088700196259 × 10^356 |
| 8 | ov_008 | 3.315208063987057 × 10^356 |
| 7 | ov_007 | 3.940002987799038 × 10^356 |
| 6 | ov_006 | 4.642832067421026 × 10^356 |
| 5 | ov_005 | 5.428306840714339 × 10^356 |
| 4 | ov_004 | 6.301308912443409 × 10^356 |
| 3 | ov_003 | 7.26700945424119 × 10^356 |
| 2 | ov_002 | 8.336062394851839 × 10^356 |
| 1 | ov_001 | 9.519769522916457 × 10^356 |

