# Results for F001-F002-F003-F004-F005-F006-F007-F008-F009-F010-F011-F012-F013-F014-F015-F016-F017-F018-F019-F020-F021-F022-F023-F024-F025-F026-F027-F028-F029-F030-F031-F032-F033-F034-F035-F036-F037-F038-F039-F040-F041-F042-F043-F044-F045-F046-F047-F048-F049-F050-F051-F052-F053-F054-F055-F056-F057-F058-F059-F060-F061-F062-F063-F064-F065-F066-F067-F068-F069-F070-F071-F072-F073-F074-F075-F076-F077-F078-F079-F080-F081-F082-F083-F084-F085-F086-F087-F088-F089-F090-F091-F092-F093-F094-F095-F096-F097-F098-F099-F100-F101-F102-F103-F104-F105-F106-F107-F108-F109-F110-F111-F112-F113-F114-F115-F116-F117-F118-F119-F120-F121-F122-F123-F124-F125-F126-F127-F128-F129-F130-F131-F132-F133-F134-F135-F136-F137-F138-F139-F140-F141-F142-F143-F144-F145-F146-F147-F148-F149-F150-F151-F152-F153-F154-F155-F156-F157-F158-F159-F160-F161-F162-F163-F164-F165-F166-F167-F168-F169-F170-F171-F172-F173-F174-F175-F176-F177-F178-F179-F180-F181-F182-F183-F184-F185-F186-F187-F188-F189-F190-F191-F192-F193-F194-F195-F196-F197-F198-F199-F200-F201-F202-F203-F204-F205-F206-F207-F208-F209-F210-F211-F212-F213-F214-F215-F216-F217-F218-F219-F220-F221-F222-F223-F224-F225-F226-F227-F228-F229-F230-F231-F232-F233-F234-F235-F236-F237-F238-F239-F240-F241-F242-F243-F244-F245-F246-F247-F248-F249-F250-F251-F252-F253-F254-F255-F256-F257-F258-F259-F260-F261-F262-F263-F264-F265-F266-F267-F268-F269-F270-F271-F272-F273-F274-F275-F276-F277-F278-F279-F280-F281-F282-F283-F284-F285-F286-F287-F288-F289-F290-F291-F292-F293-F294-F295-F296-F297-F298-F299-F300-F301-F302-F303-F304-F305-F306-F307-F308-F309-F310-F311-F312-F313-F314-F315-F316-F317-F318-F319-F320-F321-F322-F323-F324-F325-F326-F327-F328-F329-F330-F331-F332-F333-F334-F335-F336-F337-F338-F339-F340-F341-F342-F343-F344-F345-F346-F347-F348-F349-F350-F351-F352-F353-F354-F355-F356-F357-F358-F359-F360-F361-F362-F363-F364-F365-F366-F367-F368-F369-F370-F371-F372-F373-F374-F375-F376-F377-F378-F379-F380-F381-F382-F383-F384-F385-F386-F387-F388-F389-F390-F391-F392-F393-F394-F395-F396-F397-F398-F399-F400-F401-F402-F403-F404-F405-F406-F407-F408-F409-F410-F411-F412-F413-F414-F415-F416-F417-F418-F419-F420-F421-F422-F423-F424-F425-F426-F427-F428-F429-F430-F431-F432-F433-F434-F435-F436-F437-F438-F439-F440-F441-F442-F443-F444-F445-F446-F447-F448-F449-F450-F451-F452-F453-F454-F455-F456-F457-F458-F459-F460-F461-F462-F463-F464-F465-F466-F467-F468-F469-F470-F471-F472-F473-F474-F475-F476-F477-F478-F479-F480-F481-F482-F483-F484-F485-F486-F487-F488-F489-F490-F491-F492-F493-F494-F495-F496-O499505-O499508-O504506-F509-F510-F511-F512

## Summary

Number of input bits: 512  
Number of free input bits: 9  
Number of output bits: 160

Number of direct occurrences: 37211  
Number of assignments: 31342  
Number of operations: 11405971
(xor: 11377262,
and: 15385,
or: 13324)

Total complexity: 6.35085144209314 × 10^303

Least occurring input variable: iv_502 (3870)  
Most occurring input variable: iv_499 (4522)

Most co-occurring input variables: iv_499-iv_507 (2081)  
Least co-occurring input variables: iv_498-iv_502 (1758)

Potentially most occurring input variable: iv_499/iv_502 (4690)  
Potentially least occurring input variable: iv_501/iv_502 (4142)

Least output occurring input variable: iv_499 (72)  
Most output occurring input variable: iv_500 (90)

Most output co-occurring input variables: iv_500-iv_502 (54)  
Least output co-occurring input variables: iv_499-iv_507 (32)

Potentially most output occurring input variable: iv_497/iv_501 (93)  
Potentially least output occurring input variable: iv_497/iv_499 (67)

Least complex input bit: iv_497 (2.2539682418965302 × 10^301)  
Most complex input bit: iv_499 (2.516017022676415 × 10^303)

Least complex output bit: aaa_76_29 (2.184198674584933 × 10^278)  
Most complex output bit: ov_001 (1.0158775910353347 × 10^303)

Least complex input/output complexity: iv_497/aaa_76_29 (7.751896720299206 × 10^275)  
Most complex input/output complexity: iv_499/ov_001 (4.024602583300241 × 10^302)

## Input Bits

### Input Bits in Regular Order

| Input Bit | Complexity | Occurrences | Output Occurrences |
|:---------:|:----------:|:-----------:|:------------------:|
| iv_497 | 2.2539682418965302 × 10^301 | 4052 | 81 |
| iv_498 | 4.510547197112866 × 10^301 | 3944 | 76 |
| iv_499 | 2.516017022676415 × 10^303 | 4522 | 72 |
| iv_500 | 1.3407323562826423 × 10^302 | 4128 | 90 |
| iv_501 | 2.206896373813034 × 10^302 | 4054 | 80 |
| iv_502 | 3.5577281484698573 × 10^302 | 3870 | 89 |
| iv_503 | 5.634590981060997 × 10^302 | 4132 | 88 |
| iv_504 | 1.5429168107274373 × 10^303 | 4295 | 85 |
| iv_507 | 9.502776683365396 × 10^302 | 4214 | 84 |

### Input Bits Sorted by Complexity

| Input Bit | Complexity | Occurrences | Output Occurrences |
|:---------:|:----------:|:-----------:|:------------------:|
| iv_497 | 2.2539682418965302 × 10^301 | 4052 | 81 |
| iv_498 | 4.510547197112866 × 10^301 | 3944 | 76 |
| iv_500 | 1.3407323562826423 × 10^302 | 4128 | 90 |
| iv_501 | 2.206896373813034 × 10^302 | 4054 | 80 |
| iv_502 | 3.5577281484698573 × 10^302 | 3870 | 89 |
| iv_503 | 5.634590981060997 × 10^302 | 4132 | 88 |
| iv_507 | 9.502776683365396 × 10^302 | 4214 | 84 |
| iv_504 | 1.5429168107274373 × 10^303 | 4295 | 85 |
| iv_499 | 2.516017022676415 × 10^303 | 4522 | 72 |

### Input Bits Sorted by Occurrences

| Input Bit | Complexity | Occurrences | Output Occurrences |
|:---------:|:----------:|:-----------:|:------------------:|
| iv_502 | 3.5577281484698573 × 10^302 | 3870 | 89 |
| iv_498 | 4.510547197112866 × 10^301 | 3944 | 76 |
| iv_497 | 2.2539682418965302 × 10^301 | 4052 | 81 |
| iv_501 | 2.206896373813034 × 10^302 | 4054 | 80 |
| iv_500 | 1.3407323562826423 × 10^302 | 4128 | 90 |
| iv_503 | 5.634590981060997 × 10^302 | 4132 | 88 |
| iv_507 | 9.502776683365396 × 10^302 | 4214 | 84 |
| iv_504 | 1.5429168107274373 × 10^303 | 4295 | 85 |
| iv_499 | 2.516017022676415 × 10^303 | 4522 | 72 |

### Input Bits Sorted by Output Occurrences

| Input Bit | Complexity | Occurrences | Output Occurrences |
|:---------:|:----------:|:-----------:|:------------------:|
| iv_499 | 2.516017022676415 × 10^303 | 4522 | 72 |
| iv_498 | 4.510547197112866 × 10^301 | 3944 | 76 |
| iv_501 | 2.206896373813034 × 10^302 | 4054 | 80 |
| iv_497 | 2.2539682418965302 × 10^301 | 4052 | 81 |
| iv_507 | 9.502776683365396 × 10^302 | 4214 | 84 |
| iv_504 | 1.5429168107274373 × 10^303 | 4295 | 85 |
| iv_503 | 5.634590981060997 × 10^302 | 4132 | 88 |
| iv_502 | 3.5577281484698573 × 10^302 | 3870 | 89 |
| iv_500 | 1.3407323562826423 × 10^302 | 4128 | 90 |

## Input Bit Co-occurrences

### Input Bit Co-occurrences Sorted by Co-occurrences

| Input Bits | Co-occurrences | Potential Occurrences | Output Co-occurrences | Potential Output Occurrences |
|:----------:|:--------------:|:---------------------:|:---------------------:|:----------------------------:|
| iv_499-iv_507 | 2081 | 4574 | 32 | 92 |
| iv_499-iv_503 | 2072 | 4510 | 36 | 88 |
| iv_499-iv_504 | 2071 | 4675 | 39 | 79 |
| iv_499-iv_500 | 2064 | 4522 | 45 | 72 |
| iv_503-iv_504 | 2042 | 4343 | 50 | 73 |
| iv_499-iv_501 | 2031 | 4514 | 34 | 84 |
| iv_500-iv_507 | 2027 | 4288 | 52 | 70 |
| iv_500-iv_504 | 2023 | 4377 | 47 | 81 |
| iv_497-iv_499 | 2016 | 4542 | 43 | 67 |

### Input Bit Co-occurrences Sorted by Potential Occurrences

| Input Bits | Co-occurrences | Potential Occurrences | Output Co-occurrences | Potential Output Occurrences |
|:----------:|:--------------:|:---------------------:|:---------------------:|:----------------------------:|
| iv_501-iv_502 | 1891 | 4142 | 45 | 79 |
| iv_497-iv_503 | 1977 | 4230 | 46 | 77 |
| iv_497-iv_500 | 1963 | 4254 | 43 | 85 |
| iv_497-iv_501 | 1925 | 4256 | 34 | 93 |
| iv_500-iv_502 | 1865 | 4268 | 54 | 71 |
| iv_501-iv_503 | 1953 | 4280 | 38 | 92 |
| iv_502-iv_507 | 1902 | 4280 | 47 | 79 |
| iv_498-iv_501 | 1855 | 4288 | 40 | 76 |
| iv_500-iv_507 | 2027 | 4288 | 52 | 70 |

### Input Bit Output Co-occurrences Sorted by Output Co-occurrences

| Input Bits | Co-occurrences | Potential Occurrences | Output Co-occurrences | Potential Output Occurrences |
|:----------:|:--------------:|:---------------------:|:---------------------:|:----------------------------:|
| iv_500-iv_502 | 1865 | 4268 | 54 | 71 |
| iv_500-iv_507 | 2027 | 4288 | 52 | 70 |
| iv_502-iv_503 | 1810 | 4382 | 50 | 77 |
| iv_503-iv_504 | 2042 | 4343 | 50 | 73 |
| iv_500-iv_503 | 1961 | 4338 | 50 | 78 |
| iv_500-iv_501 | 1917 | 4348 | 47 | 76 |
| iv_500-iv_504 | 2023 | 4377 | 47 | 81 |
| iv_502-iv_507 | 1902 | 4280 | 47 | 79 |
| iv_497-iv_503 | 1977 | 4230 | 46 | 77 |

### Input Bit Output Co-occurrences Sorted by Potential Output Occurrences

| Input Bits | Co-occurrences | Potential Occurrences | Output Co-occurrences | Potential Output Occurrences |
|:----------:|:--------------:|:---------------------:|:---------------------:|:----------------------------:|
| iv_497-iv_499 | 2016 | 4542 | 43 | 67 |
| iv_500-iv_507 | 2027 | 4288 | 52 | 70 |
| iv_500-iv_502 | 1865 | 4268 | 54 | 71 |
| iv_499-iv_500 | 2064 | 4522 | 45 | 72 |
| iv_503-iv_504 | 2042 | 4343 | 50 | 73 |
| iv_497-iv_504 | 1977 | 4393 | 46 | 74 |
| iv_501-iv_507 | 1980 | 4308 | 45 | 74 |
| iv_501-iv_504 | 1983 | 4383 | 45 | 75 |
| iv_498-iv_501 | 1855 | 4288 | 40 | 76 |

## Output Bits

### Output Bits in Regular Order

| Rank | Output Bit | Complexity |
|:----:|:----------:|:----------:|
| 1 | ov_001 | 1.0158775910353347 × 10^303 |
| 2 | ov_002 | 8.809935514936371 × 10^302 |
| 3 | ov_003 | 7.601627918543922 × 10^302 |
| 4 | ov_004 | 6.523204373397265 × 10^302 |
| 5 | ov_005 | 5.5645967765153 × 10^302 |
| 6 | ov_006 | 4.716276271736134 × 10^302 |
| 7 | ov_007 | 3.969217195732804 × 10^302 |
| 8 | ov_008 | 3.3148660207404456 × 10^302 |
| 9 | ov_009 | 2.745114907353856 × 10^302 |
| 10 | ov_010 | 2.252279409869492 × 10^302 |
| 11 | ov_011 | 1.8290798714096742 × 10^302 |
| 12 | ov_012 | 1.4686260725146982 × 10^302 |
| 13 | ov_013 | 1.1644047228318126 × 10^302 |
| 14 | ov_014 | 9.102694110852844 × 10^301 |
| 15 | ov_015 | 7.004326537753066 × 10^301 |
| 16 | ov_016 | 5.294597081023258 × 10^301 |
| 17 | ov_017 | 3.9226383950743416 × 10^301 |
| 18 | ov_018 | 2.84102759003744 × 10^301 |
| 19 | ov_019 | 2.0057597018105136 × 10^301 |
| 20 | ov_020 | 1.3762280206057795 × 10^301 |
| 21 | ov_021 | 9.152096197935864 × 10^300 |
| 22 | ov_022 | 5.8885496055899494 × 10^300 |
| 23 | ov_023 | 3.666807026032431 × 10^300 |
| 24 | ov_024 | 2.2156497402195103 × 10^300 |
| 25 | ov_025 | 1.2974447636705045 × 10^300 |
| 26 | ov_026 | 7.081289848377213 × 10^299 |
| 27 | ov_027 | 3.540619982556025 × 10^299 |
| 28 | ov_028 | 1.5838350595000987 × 10^299 |
| 29 | ov_029 | 6.101256647953814 × 10^298 |
| 30 | ov_030 | 1.8647397992444046 × 10^298 |
| 31 | ov_031 | 3.6362169961790306 × 10^297 |
| 32 | lv_80_m31 | 7.089381751724594 × 10^296 |
| 33 | ov_033 | 8.495227870621375 × 10^297 |
| 34 | ov_034 | 7.36610632478573 × 10^297 |
| 35 | ov_035 | 6.356055732989515 × 10^297 |
| 36 | ov_036 | 5.455382908049165 × 10^297 |
| 37 | ov_037 | 4.65491861276748 × 10^297 |
| 38 | ov_038 | 3.9459804375410594 × 10^297 |
| 39 | ov_039 | 3.320340692453331 × 10^297 |
| 40 | ov_040 | 2.770198842170181 × 10^297 |
| 41 | ov_041 | 2.288158035715852 × 10^297 |
| 42 | ov_042 | 1.8706180772125602 × 10^297 |
| 43 | ov_043 | 1.5141661958303993 × 10^297 |
| 44 | ov_044 | 1.212510486017683 × 10^297 |
| 45 | ov_045 | 9.597016387311026 × 10^296 |
| 46 | ov_046 | 7.501240247670654 × 10^296 |
| 47 | ov_047 | 5.7848866023057505 × 10^296 |
| 48 | ov_048 | 4.398277623811959 × 10^296 |
| 49 | ov_049 | 3.2949062579782753 × 10^296 |
| 50 | ov_050 | 2.431405704438391 × 10^296 |
| 51 | ov_051 | 1.7675273480533982 × 10^296 |
| 52 | ov_052 | 1.2661250882995144 × 10^296 |
| 53 | ov_053 | 8.931443171718833 × 10^295 |
| 54 | ov_054 | 6.176142616533219 × 10^295 |
| 55 | ov_055 | 4.116428319296374 × 10^295 |
| 56 | ov_056 | 2.6205314454052226 × 10^295 |
| 57 | ov_057 | 1.5720538034810433 × 10^295 |
| 58 | ov_058 | 8.699606042281251 × 10^294 |
| 59 | ov_059 | 4.285766571260115 × 10^294 |
| 60 | ov_060 | 1.775846260613233 × 10^294 |
| 61 | ov_061 | 6.202439380625822 × 10^293 |
| 62 | ov_062 | 1.701233720549818 × 10^293 |
| 63 | ov_063 | 3.315310237648644 × 10^292 |
| 64 | lv_79_m31 | 6.459258888555434 × 10^291 |
| 65 | ov_065 | 7.66988177942556 × 10^292 |
| 66 | ov_066 | 7.669859346227166 × 10^292 |
| 67 | ov_067 | 7.669853948737542 × 10^292 |
| 68 | ov_068 | 6.635339868110924 × 10^292 |
| 69 | ov_069 | 5.709839566952969 × 10^292 |
| 70 | ov_070 | 4.88517004202016 × 10^292 |
| 71 | ov_071 | 4.1535633601362637 × 10^292 |
| 72 | ov_072 | 3.5076374711613056 × 10^292 |
| 73 | ov_073 | 2.9403717274464064 × 10^292 |
| 74 | ov_074 | 2.4450865904614553 × 10^292 |
| 75 | ov_075 | 2.015427032580458 × 10^292 |
| 76 | ov_076 | 1.6453491682835561 × 10^292 |
| 77 | ov_077 | 1.3291096744726337 × 10^292 |
| 78 | ov_078 | 1.0612575843619293 × 10^292 |
| 79 | ov_079 | 8.36628063635945 × 10^291 |
| 80 | ov_080 | 6.503378013824872 × 10^291 |
| 81 | ov_081 | 4.977816718073608 × 10^291 |
| 82 | ov_082 | 3.7463034599922536 × 10^291 |
| 83 | ov_083 | 2.7682855610188874 × 10^291 |
| 84 | ov_084 | 2.005937644132499 × 10^291 |
| 85 | ov_085 | 1.4241509155531174 × 10^291 |
| 86 | ov_086 | 9.9052450894048 × 10^290 |
| 87 | ov_087 | 6.753586646208807 × 10^290 |
| 88 | ov_088 | 4.5164951654976815 × 10^290 |
| 89 | ov_089 | 2.950852598213792 × 10^290 |
| 90 | ov_090 | 1.8404347159173976 × 10^290 |
| 91 | ov_091 | 1.0838501606066294 × 10^290 |
| 92 | ov_092 | 5.931423547526112 × 10^289 |
| 93 | ov_093 | 2.9378571679553855 × 10^289 |
| 94 | ov_094 | 1.24683801399807 × 10^289 |
| 95 | aaa_78_28 | 3.816854014925302 × 10^288 |
| 96 | aaa_78_29 | 1.1562148316649558 × 10^288 |
| 97 | ov_097 | 6.101900746844854 × 10^287 |
| 98 | ov_098 | 6.1018633361098455 × 10^287 |
| 99 | ov_099 | 6.1018513926070985 × 10^287 |
| 100 | ov_100 | 5.1733812462369935 × 10^287 |
| 101 | ov_101 | 4.355433464959611 × 10^287 |
| 102 | ov_102 | 3.638783363830679 × 10^287 |
| 103 | ov_103 | 3.0147104121893385 × 10^287 |
| 104 | ov_104 | 2.474961449612377 × 10^287 |
| 105 | ov_105 | 2.0117187457490057 × 10^287 |
| 106 | ov_106 | 1.6175724583437308 × 10^287 |
| 107 | ov_107 | 1.2854970664712122 × 10^287 |
| 108 | ov_108 | 1.0088313779509875 × 10^287 |
| 109 | ov_109 | 7.812617312433898 × 10^286 |
| 110 | ov_110 | 5.968080329885746 × 10^286 |
| 111 | ov_111 | 4.498122928549922 × 10^286 |
| 112 | ov_112 | 3.349293376081577 × 10^286 |
| 113 | ov_113 | 2.4711940637274936 × 10^286 |
| 114 | ov_114 | 1.8164234900109866 × 10^286 |
| 115 | ov_115 | 1.340531693234737 × 10^286 |
| 116 | ov_116 | 1.0019867487046625 × 10^286 |
| 117 | ov_117 | 7.621501444379882 × 10^285 |
| 118 | ov_118 | 5.852590467920627 × 10^285 |
| 119 | ov_119 | 4.384136649952821 × 10^285 |
| 120 | ov_120 | 3.1876615884313715 × 10^285 |
| 121 | ov_121 | 2.2347283836805228 × 10^285 |
| 122 | ov_122 | 1.4969262943321637 × 10^285 |
| 123 | ov_123 | 9.458599073316436 × 10^284 |
| 124 | ov_124 | 5.531418353439265 × 10^284 |
| 125 | ov_125 | 2.903881947889793 × 10^284 |
| 126 | ov_126 | 1.2921630035066963 × 10^284 |
| 127 | aaa_77_28 | 4.1243780496029813 × 10^283 |
| 128 | aaa_77_29 | 1.5452060305540894 × 10^283 |
| 129 | ov_129 | 1.4210694394562387 × 10^283 |
| 130 | ov_130 | 1.4210651889737256 × 10^283 |
| 131 | ov_131 | 1.4210641624010594 × 10^283 |
| 132 | ov_132 | 1.2298968407386528 × 10^283 |
| 133 | ov_133 | 1.0588709080722428 × 10^283 |
| 134 | ov_134 | 9.064615182228623 × 10^282 |
| 135 | ov_135 | 7.712242230814546 × 10^282 |
| 136 | ov_136 | 6.517891956091199 × 10^282 |
| 137 | ov_137 | 5.468562872542783 × 10^282 |
| 138 | ov_138 | 4.551908379764595 × 10^282 |
| 139 | ov_139 | 3.7562016117453626 × 10^282 |
| 140 | ov_140 | 3.070306298189903 × 10^282 |
| 141 | ov_141 | 2.483652940096991 × 10^282 |
| 142 | ov_142 | 1.9862196404452944 × 10^282 |
| 143 | ov_143 | 1.568516969071088 × 10^282 |
| 144 | ov_144 | 1.2215762787784636 × 10^282 |
| 145 | ov_145 | 9.369409275020389 × 10^281 |
| 146 | ov_146 | 7.066598990071142 × 10^281 |
| 147 | ov_147 | 5.232833522006436 × 10^281 |
| 148 | ov_148 | 3.7985966665987804 × 10^281 |
| 149 | ov_149 | 2.69933589477681 × 10^281 |
| 150 | ov_150 | 1.875451259847083 × 10^281 |
| 151 | ov_151 | 1.272288696697476 × 10^281 |
| 152 | ov_152 | 8.401356065640737 × 10^280 |
| 153 | ov_153 | 5.3421772738989785 × 10^280 |
| 154 | ov_154 | 3.146969494860329 × 10^280 |
| 155 | ov_155 | 1.6288803032668688 × 10^280 |
| 156 | aaa_76_25 | 6.257284096920496 × 10^279 |
| 157 | aaa_76_26 | 3.61152167474999 × 10^279 |
| 158 | aaa_76_27 | 1.8475750239754515 × 10^279 |
| 159 | aaa_76_28 | 7.187888329458729 × 10^278 |
| 160 | aaa_76_29 | 2.184198674584933 × 10^278 |

### Output Bits Sorted by Complexity

| Rank | Output Bit | Complexity |
|:----:|:----------:|:----------:|
| 160 | aaa_76_29 | 2.184198674584933 × 10^278 |
| 159 | aaa_76_28 | 7.187888329458729 × 10^278 |
| 158 | aaa_76_27 | 1.8475750239754515 × 10^279 |
| 157 | aaa_76_26 | 3.61152167474999 × 10^279 |
| 156 | aaa_76_25 | 6.257284096920496 × 10^279 |
| 155 | ov_155 | 1.6288803032668688 × 10^280 |
| 154 | ov_154 | 3.146969494860329 × 10^280 |
| 153 | ov_153 | 5.3421772738989785 × 10^280 |
| 152 | ov_152 | 8.401356065640737 × 10^280 |
| 151 | ov_151 | 1.272288696697476 × 10^281 |
| 150 | ov_150 | 1.875451259847083 × 10^281 |
| 149 | ov_149 | 2.69933589477681 × 10^281 |
| 148 | ov_148 | 3.7985966665987804 × 10^281 |
| 147 | ov_147 | 5.232833522006436 × 10^281 |
| 146 | ov_146 | 7.066598990071142 × 10^281 |
| 145 | ov_145 | 9.369409275020389 × 10^281 |
| 144 | ov_144 | 1.2215762787784636 × 10^282 |
| 143 | ov_143 | 1.568516969071088 × 10^282 |
| 142 | ov_142 | 1.9862196404452944 × 10^282 |
| 141 | ov_141 | 2.483652940096991 × 10^282 |
| 140 | ov_140 | 3.070306298189903 × 10^282 |
| 139 | ov_139 | 3.7562016117453626 × 10^282 |
| 138 | ov_138 | 4.551908379764595 × 10^282 |
| 137 | ov_137 | 5.468562872542783 × 10^282 |
| 136 | ov_136 | 6.517891956091199 × 10^282 |
| 135 | ov_135 | 7.712242230814546 × 10^282 |
| 134 | ov_134 | 9.064615182228623 × 10^282 |
| 133 | ov_133 | 1.0588709080722428 × 10^283 |
| 132 | ov_132 | 1.2298968407386528 × 10^283 |
| 131 | ov_131 | 1.4210641624010594 × 10^283 |
| 130 | ov_130 | 1.4210651889737256 × 10^283 |
| 129 | ov_129 | 1.4210694394562387 × 10^283 |
| 128 | aaa_77_29 | 1.5452060305540894 × 10^283 |
| 127 | aaa_77_28 | 4.1243780496029813 × 10^283 |
| 126 | ov_126 | 1.2921630035066963 × 10^284 |
| 125 | ov_125 | 2.903881947889793 × 10^284 |
| 124 | ov_124 | 5.531418353439265 × 10^284 |
| 123 | ov_123 | 9.458599073316436 × 10^284 |
| 122 | ov_122 | 1.4969262943321637 × 10^285 |
| 121 | ov_121 | 2.2347283836805228 × 10^285 |
| 120 | ov_120 | 3.1876615884313715 × 10^285 |
| 119 | ov_119 | 4.384136649952821 × 10^285 |
| 118 | ov_118 | 5.852590467920627 × 10^285 |
| 117 | ov_117 | 7.621501444379882 × 10^285 |
| 116 | ov_116 | 1.0019867487046625 × 10^286 |
| 115 | ov_115 | 1.340531693234737 × 10^286 |
| 114 | ov_114 | 1.8164234900109866 × 10^286 |
| 113 | ov_113 | 2.4711940637274936 × 10^286 |
| 112 | ov_112 | 3.349293376081577 × 10^286 |
| 111 | ov_111 | 4.498122928549922 × 10^286 |
| 110 | ov_110 | 5.968080329885746 × 10^286 |
| 109 | ov_109 | 7.812617312433898 × 10^286 |
| 108 | ov_108 | 1.0088313779509875 × 10^287 |
| 107 | ov_107 | 1.2854970664712122 × 10^287 |
| 106 | ov_106 | 1.6175724583437308 × 10^287 |
| 105 | ov_105 | 2.0117187457490057 × 10^287 |
| 104 | ov_104 | 2.474961449612377 × 10^287 |
| 103 | ov_103 | 3.0147104121893385 × 10^287 |
| 102 | ov_102 | 3.638783363830679 × 10^287 |
| 101 | ov_101 | 4.355433464959611 × 10^287 |
| 100 | ov_100 | 5.1733812462369935 × 10^287 |
| 99 | ov_099 | 6.1018513926070985 × 10^287 |
| 98 | ov_098 | 6.1018633361098455 × 10^287 |
| 97 | ov_097 | 6.101900746844854 × 10^287 |
| 96 | aaa_78_29 | 1.1562148316649558 × 10^288 |
| 95 | aaa_78_28 | 3.816854014925302 × 10^288 |
| 94 | ov_094 | 1.24683801399807 × 10^289 |
| 93 | ov_093 | 2.9378571679553855 × 10^289 |
| 92 | ov_092 | 5.931423547526112 × 10^289 |
| 91 | ov_091 | 1.0838501606066294 × 10^290 |
| 90 | ov_090 | 1.8404347159173976 × 10^290 |
| 89 | ov_089 | 2.950852598213792 × 10^290 |
| 88 | ov_088 | 4.5164951654976815 × 10^290 |
| 87 | ov_087 | 6.753586646208807 × 10^290 |
| 86 | ov_086 | 9.9052450894048 × 10^290 |
| 85 | ov_085 | 1.4241509155531174 × 10^291 |
| 84 | ov_084 | 2.005937644132499 × 10^291 |
| 83 | ov_083 | 2.7682855610188874 × 10^291 |
| 82 | ov_082 | 3.7463034599922536 × 10^291 |
| 81 | ov_081 | 4.977816718073608 × 10^291 |
| 64 | lv_79_m31 | 6.459258888555434 × 10^291 |
| 80 | ov_080 | 6.503378013824872 × 10^291 |
| 79 | ov_079 | 8.36628063635945 × 10^291 |
| 78 | ov_078 | 1.0612575843619293 × 10^292 |
| 77 | ov_077 | 1.3291096744726337 × 10^292 |
| 76 | ov_076 | 1.6453491682835561 × 10^292 |
| 75 | ov_075 | 2.015427032580458 × 10^292 |
| 74 | ov_074 | 2.4450865904614553 × 10^292 |
| 73 | ov_073 | 2.9403717274464064 × 10^292 |
| 63 | ov_063 | 3.315310237648644 × 10^292 |
| 72 | ov_072 | 3.5076374711613056 × 10^292 |
| 71 | ov_071 | 4.1535633601362637 × 10^292 |
| 70 | ov_070 | 4.88517004202016 × 10^292 |
| 69 | ov_069 | 5.709839566952969 × 10^292 |
| 68 | ov_068 | 6.635339868110924 × 10^292 |
| 67 | ov_067 | 7.669853948737542 × 10^292 |
| 66 | ov_066 | 7.669859346227166 × 10^292 |
| 65 | ov_065 | 7.66988177942556 × 10^292 |
| 62 | ov_062 | 1.701233720549818 × 10^293 |
| 61 | ov_061 | 6.202439380625822 × 10^293 |
| 60 | ov_060 | 1.775846260613233 × 10^294 |
| 59 | ov_059 | 4.285766571260115 × 10^294 |
| 58 | ov_058 | 8.699606042281251 × 10^294 |
| 57 | ov_057 | 1.5720538034810433 × 10^295 |
| 56 | ov_056 | 2.6205314454052226 × 10^295 |
| 55 | ov_055 | 4.116428319296374 × 10^295 |
| 54 | ov_054 | 6.176142616533219 × 10^295 |
| 53 | ov_053 | 8.931443171718833 × 10^295 |
| 52 | ov_052 | 1.2661250882995144 × 10^296 |
| 51 | ov_051 | 1.7675273480533982 × 10^296 |
| 50 | ov_050 | 2.431405704438391 × 10^296 |
| 49 | ov_049 | 3.2949062579782753 × 10^296 |
| 48 | ov_048 | 4.398277623811959 × 10^296 |
| 47 | ov_047 | 5.7848866023057505 × 10^296 |
| 32 | lv_80_m31 | 7.089381751724594 × 10^296 |
| 46 | ov_046 | 7.501240247670654 × 10^296 |
| 45 | ov_045 | 9.597016387311026 × 10^296 |
| 44 | ov_044 | 1.212510486017683 × 10^297 |
| 43 | ov_043 | 1.5141661958303993 × 10^297 |
| 42 | ov_042 | 1.8706180772125602 × 10^297 |
| 41 | ov_041 | 2.288158035715852 × 10^297 |
| 40 | ov_040 | 2.770198842170181 × 10^297 |
| 39 | ov_039 | 3.320340692453331 × 10^297 |
| 31 | ov_031 | 3.6362169961790306 × 10^297 |
| 38 | ov_038 | 3.9459804375410594 × 10^297 |
| 37 | ov_037 | 4.65491861276748 × 10^297 |
| 36 | ov_036 | 5.455382908049165 × 10^297 |
| 35 | ov_035 | 6.356055732989515 × 10^297 |
| 34 | ov_034 | 7.36610632478573 × 10^297 |
| 33 | ov_033 | 8.495227870621375 × 10^297 |
| 30 | ov_030 | 1.8647397992444046 × 10^298 |
| 29 | ov_029 | 6.101256647953814 × 10^298 |
| 28 | ov_028 | 1.5838350595000987 × 10^299 |
| 27 | ov_027 | 3.540619982556025 × 10^299 |
| 26 | ov_026 | 7.081289848377213 × 10^299 |
| 25 | ov_025 | 1.2974447636705045 × 10^300 |
| 24 | ov_024 | 2.2156497402195103 × 10^300 |
| 23 | ov_023 | 3.666807026032431 × 10^300 |
| 22 | ov_022 | 5.8885496055899494 × 10^300 |
| 21 | ov_021 | 9.152096197935864 × 10^300 |
| 20 | ov_020 | 1.3762280206057795 × 10^301 |
| 19 | ov_019 | 2.0057597018105136 × 10^301 |
| 18 | ov_018 | 2.84102759003744 × 10^301 |
| 17 | ov_017 | 3.9226383950743416 × 10^301 |
| 16 | ov_016 | 5.294597081023258 × 10^301 |
| 15 | ov_015 | 7.004326537753066 × 10^301 |
| 14 | ov_014 | 9.102694110852844 × 10^301 |
| 13 | ov_013 | 1.1644047228318126 × 10^302 |
| 12 | ov_012 | 1.4686260725146982 × 10^302 |
| 11 | ov_011 | 1.8290798714096742 × 10^302 |
| 10 | ov_010 | 2.252279409869492 × 10^302 |
| 9 | ov_009 | 2.745114907353856 × 10^302 |
| 8 | ov_008 | 3.3148660207404456 × 10^302 |
| 7 | ov_007 | 3.969217195732804 × 10^302 |
| 6 | ov_006 | 4.716276271736134 × 10^302 |
| 5 | ov_005 | 5.5645967765153 × 10^302 |
| 4 | ov_004 | 6.523204373397265 × 10^302 |
| 3 | ov_003 | 7.601627918543922 × 10^302 |
| 2 | ov_002 | 8.809935514936371 × 10^302 |
| 1 | ov_001 | 1.0158775910353347 × 10^303 |

