# Results for F001-F002-F003-F004-F005-F006-F007-F008-F009-F010-F011-F012-F013-F014-F015-F016-F017-F018-F019-F020-F021-F022-F023-F024-F025-F026-F027-F028-F029-F030-F031-F032-F033-F034-F035-F036-F037-F038-F039-F040-F041-F042-F043-F044-F045-F046-F047-F048-F049-F050-F051-F052-F053-F054-F055-F056-F057-F058-F059-F060-F061-F062-F063-F064-F065-F066-F067-F068-F069-F070-F071-F072-F073-F074-F075-F076-F077-F078-F079-F080-F081-F082-F083-F084-F085-F086-F087-F088-F089-F090-F091-F092-F093-F094-F095-F096-F097-F098-F099-F100-F101-F102-F103-F104-F105-F106-F107-F108-F109-F110-F111-F112-F113-F114-F115-F116-F117-F118-F119-F120-F121-F122-F123-F124-F125-F126-F127-F128-F129-F130-F131-F132-F133-F134-F135-F136-F137-F138-F139-F140-F141-F142-F143-F144-F145-F146-F147-F148-F149-F150-F151-F152-F153-F154-F155-F156-F157-F158-F159-F160-F161-F162-F163-F164-F165-F166-F167-F168-F169-F170-F171-F172-F173-F174-F175-F176-F177-F178-F179-F180-F181-F182-F183-F184-F185-F186-F187-F188-F189-F190-F191-F192-F193-F194-F195-F196-F197-F198-F199-F200-F201-F202-F203-F204-F205-F206-F207-F208-F209-F210-F211-F212-F213-F214-F215-F216-F217-F218-F219-F220-F221-F222-F223-F224-F225-F226-F227-F228-F229-F230-F231-F232-F233-F234-F235-F236-F237-F238-F239-F240-F241-F242-F243-F244-F245-F246-F247-F248-F249-F250-F251-F252-F253-F254-F255-F256-F257-F258-F259-F260-F261-F262-F263-F264-F265-F266-F267-F268-F269-F270-F271-F272-F273-F274-F275-F276-F277-F278-F279-F280-F281-F282-F283-F284-F285-F286-F287-F288-F289-F290-F291-F292-F293-F294-F295-F296-F297-F298-F299-F300-F301-F302-F303-F304-F305-F306-F307-F308-F309-F310-F311-F312-F313-F314-F315-F316-F317-F318-F319-F320-F321-F322-F323-F324-F325-F326-F327-F328-F329-F330-F331-F332-F333-F334-F335-F336-F337-F338-F339-F340-F341-F342-F343-F344-F345-F346-F347-F348-F349-F350-F351-F352-F353-F354-F355-F356-F357-F358-F359-F360-F361-F362-F363-F364-F365-F366-F367-F368-F369-F370-F371-F372-F373-F374-F375-F376-F377-F378-F379-F380-F381-F382-F383-F384-F385-F386-F387-F388-F389-F390-F391-F392-F393-F394-F395-F396-F397-F398-F399-F400-F401-F402-F403-F404-F405-F406-F407-F408-F409-F410-F411-F412-F413-F414-F415-F416-F417-F418-F419-F420-F421-F422-F423-F424-F425-F426-F427-F428-F429-F430-F431-F432-F433-F434-F435-F436-F437-F438-F439-F440-F441-F442-F443-F444-F445-F446-F447-F448-F449-F450-F451-F452-F453-F454-F455-F456-F457-F458-F459-F460-F461-F462-F463-F464-F465-F466-F467-F468-F469-F470-F471-F472-F473-F474-F475-F476-F477-F478-F479-F480-F481-F482-F483-F484-F485-F486-F487-F488-F489-F490-F491-F492-F493-F494-F495-F496-E498506-F500-F508-F509-F510-F511-F512

## Summary

Number of input bits: 512  
Number of free input bits: 9  
Number of output bits: 160

Number of direct occurrences: 35746  
Number of assignments: 30667  
Number of operations: 10666326
(xor: 10638505,
and: 14711,
or: 13110)

Total complexity: 3.7539576667868705 × 10^295

Least occurring input variable: iv_502 (3832)  
Most occurring input variable: iv_498 (4184)

Most co-occurring input variables: iv_497-iv_503 (1944)  
Least co-occurring input variables: iv_502-iv_505 (1747)

Potentially most occurring input variable: iv_497/iv_498 (4512)  
Potentially least occurring input variable: iv_497/iv_503 (4079)

Least output occurring input variable: iv_498 (73)  
Most output occurring input variable: iv_505 (82)

Most output co-occurring input variables: iv_498-iv_499 (43)  
Least output co-occurring input variables: iv_498-iv_501 (31)

Potentially most output occurring input variable: iv_505/iv_507 (95)  
Potentially least output occurring input variable: iv_498/iv_499 (68)

Least complex input bit: iv_497 (2.3136869372539275 × 10^293)  
Most complex input bit: iv_505 (1.1284057892362412 × 10^295)

Least complex output bit: aaa_76_29 (7.450677412107444 × 10^270)  
Most complex output bit: ov_001 (6.057990140949128 × 10^294)

Least complex input/output complexity: iv_497/aaa_76_29 (4.592096270718168 × 10^268)  
Most complex input/output complexity: iv_505/ov_001 (1.820977153435536 × 10^294)

## Input Bits

### Input Bits in Regular Order

| Input Bit | Complexity | Occurrences | Output Occurrences |
|:---------:|:----------:|:-----------:|:------------------:|
| iv_497 | 2.3136869372539275 × 10^293 | 3984 | 77 |
| iv_498 | 2.5546320651771957 × 10^294 | 4184 | 73 |
| iv_499 | 8.115819756907959 × 10^293 | 3881 | 81 |
| iv_501 | 2.2261855900972604 × 10^294 | 4002 | 82 |
| iv_502 | 3.575502395562895 × 10^294 | 3832 | 82 |
| iv_503 | 5.648454552908018 × 10^294 | 3983 | 75 |
| iv_504 | 8.76215021272353 × 10^294 | 3875 | 78 |
| iv_505 | 1.1284057892362412 × 10^295 | 3912 | 82 |
| iv_507 | 2.4456432896212687 × 10^294 | 4093 | 81 |

### Input Bits Sorted by Complexity

| Input Bit | Complexity | Occurrences | Output Occurrences |
|:---------:|:----------:|:-----------:|:------------------:|
| iv_497 | 2.3136869372539275 × 10^293 | 3984 | 77 |
| iv_499 | 8.115819756907959 × 10^293 | 3881 | 81 |
| iv_501 | 2.2261855900972604 × 10^294 | 4002 | 82 |
| iv_507 | 2.4456432896212687 × 10^294 | 4093 | 81 |
| iv_498 | 2.5546320651771957 × 10^294 | 4184 | 73 |
| iv_502 | 3.575502395562895 × 10^294 | 3832 | 82 |
| iv_503 | 5.648454552908018 × 10^294 | 3983 | 75 |
| iv_504 | 8.76215021272353 × 10^294 | 3875 | 78 |
| iv_505 | 1.1284057892362412 × 10^295 | 3912 | 82 |

### Input Bits Sorted by Occurrences

| Input Bit | Complexity | Occurrences | Output Occurrences |
|:---------:|:----------:|:-----------:|:------------------:|
| iv_502 | 3.575502395562895 × 10^294 | 3832 | 82 |
| iv_504 | 8.76215021272353 × 10^294 | 3875 | 78 |
| iv_499 | 8.115819756907959 × 10^293 | 3881 | 81 |
| iv_505 | 1.1284057892362412 × 10^295 | 3912 | 82 |
| iv_503 | 5.648454552908018 × 10^294 | 3983 | 75 |
| iv_497 | 2.3136869372539275 × 10^293 | 3984 | 77 |
| iv_501 | 2.2261855900972604 × 10^294 | 4002 | 82 |
| iv_507 | 2.4456432896212687 × 10^294 | 4093 | 81 |
| iv_498 | 2.5546320651771957 × 10^294 | 4184 | 73 |

### Input Bits Sorted by Output Occurrences

| Input Bit | Complexity | Occurrences | Output Occurrences |
|:---------:|:----------:|:-----------:|:------------------:|
| iv_498 | 2.5546320651771957 × 10^294 | 4184 | 73 |
| iv_503 | 5.648454552908018 × 10^294 | 3983 | 75 |
| iv_497 | 2.3136869372539275 × 10^293 | 3984 | 77 |
| iv_504 | 8.76215021272353 × 10^294 | 3875 | 78 |
| iv_499 | 8.115819756907959 × 10^293 | 3881 | 81 |
| iv_507 | 2.4456432896212687 × 10^294 | 4093 | 81 |
| iv_502 | 3.575502395562895 × 10^294 | 3832 | 82 |
| iv_501 | 2.2261855900972604 × 10^294 | 4002 | 82 |
| iv_505 | 1.1284057892362412 × 10^295 | 3912 | 82 |

## Input Bit Co-occurrences

### Input Bit Co-occurrences Sorted by Co-occurrences

| Input Bits | Co-occurrences | Potential Occurrences | Output Co-occurrences | Potential Output Occurrences |
|:----------:|:--------------:|:---------------------:|:---------------------:|:----------------------------:|
| iv_497-iv_503 | 1944 | 4079 | 37 | 78 |
| iv_503-iv_507 | 1936 | 4204 | 39 | 78 |
| iv_501-iv_507 | 1925 | 4245 | 38 | 87 |
| iv_498-iv_507 | 1909 | 4459 | 38 | 78 |
| iv_498-iv_503 | 1898 | 4371 | 35 | 78 |
| iv_501-iv_503 | 1896 | 4193 | 35 | 87 |
| iv_501-iv_504 | 1895 | 4087 | 40 | 80 |
| iv_497-iv_505 | 1895 | 4106 | 43 | 73 |
| iv_498-iv_501 | 1882 | 4422 | 31 | 93 |

### Input Bit Co-occurrences Sorted by Potential Occurrences

| Input Bits | Co-occurrences | Potential Occurrences | Output Co-occurrences | Potential Output Occurrences |
|:----------:|:--------------:|:---------------------:|:---------------------:|:----------------------------:|
| iv_497-iv_503 | 1944 | 4079 | 37 | 78 |
| iv_501-iv_504 | 1895 | 4087 | 40 | 80 |
| iv_499-iv_505 | 1848 | 4097 | 37 | 89 |
| iv_499-iv_504 | 1826 | 4104 | 38 | 83 |
| iv_497-iv_505 | 1895 | 4106 | 43 | 73 |
| iv_497-iv_499 | 1860 | 4145 | 40 | 78 |
| iv_504-iv_505 | 1819 | 4149 | 36 | 88 |
| iv_502-iv_504 | 1767 | 4173 | 42 | 76 |
| iv_503-iv_504 | 1834 | 4190 | 34 | 85 |

### Input Bit Output Co-occurrences Sorted by Output Co-occurrences

| Input Bits | Co-occurrences | Potential Occurrences | Output Co-occurrences | Potential Output Occurrences |
|:----------:|:--------------:|:---------------------:|:---------------------:|:----------------------------:|
| iv_499-iv_501 | 1846 | 4191 | 43 | 77 |
| iv_501-iv_502 | 1790 | 4254 | 43 | 78 |
| iv_497-iv_505 | 1895 | 4106 | 43 | 73 |
| iv_501-iv_505 | 1831 | 4252 | 43 | 78 |
| iv_498-iv_499 | 1863 | 4339 | 43 | 68 |
| iv_502-iv_504 | 1767 | 4173 | 42 | 76 |
| iv_499-iv_507 | 1881 | 4212 | 42 | 78 |
| iv_502-iv_505 | 1747 | 4250 | 42 | 80 |
| iv_502-iv_507 | 1859 | 4207 | 41 | 81 |

### Input Bit Output Co-occurrences Sorted by Potential Output Occurrences

| Input Bits | Co-occurrences | Potential Occurrences | Output Co-occurrences | Potential Output Occurrences |
|:----------:|:--------------:|:---------------------:|:---------------------:|:----------------------------:|
| iv_498-iv_499 | 1863 | 4339 | 43 | 68 |
| iv_497-iv_498 | 1828 | 4512 | 40 | 70 |
| iv_497-iv_505 | 1895 | 4106 | 43 | 73 |
| iv_502-iv_504 | 1767 | 4173 | 42 | 76 |
| iv_499-iv_501 | 1846 | 4191 | 43 | 77 |
| iv_502-iv_503 | 1769 | 4277 | 40 | 77 |
| iv_504-iv_507 | 1881 | 4206 | 41 | 77 |
| iv_501-iv_502 | 1790 | 4254 | 43 | 78 |
| iv_497-iv_499 | 1860 | 4145 | 40 | 78 |

## Output Bits

### Output Bits in Regular Order

| Rank | Output Bit | Complexity |
|:----:|:----------:|:----------:|
| 1 | ov_001 | 6.057990140949128 × 10^294 |
| 2 | ov_002 | 5.245674619190829 × 10^294 |
| 3 | ov_003 | 4.518826151121536 × 10^294 |
| 4 | ov_004 | 3.870918236736142 × 10^294 |
| 5 | ov_005 | 3.295781359696883 × 10^294 |
| 6 | ov_006 | 2.787577458012624 × 10^294 |
| 7 | ov_007 | 2.3407776846670886 × 10^294 |
| 8 | ov_008 | 1.9501432533575205 × 10^294 |
| 9 | ov_009 | 1.610709114803455 × 10^294 |
| 10 | ov_010 | 1.3177701623380393 × 10^294 |
| 11 | ov_011 | 1.066869678877647 × 10^294 |
| 12 | ov_012 | 8.537897885219585 × 10^293 |
| 13 | ov_013 | 6.745436931019056 × 10^293 |
| 14 | ov_014 | 5.2536945703950434 × 10^293 |
| 15 | ov_015 | 4.027251036388453 × 10^293 |
| 16 | ov_016 | 3.0328480243796694 × 10^293 |
| 17 | ov_017 | 2.23935943663332 × 10^293 |
| 18 | ov_018 | 1.6177691216911674 × 10^293 |
| 19 | ov_019 | 1.1411539821006975 × 10^293 |
| 20 | ov_020 | 7.84671236689128 × 10^292 |
| 21 | ov_021 | 5.255490056848129 × 10^292 |
| 22 | ov_022 | 3.430795650050276 × 10^292 |
| 23 | ov_023 | 2.1861469707519266 × 10^292 |
| 24 | ov_024 | 1.3556264655770387 × 10^292 |
| 25 | ov_025 | 7.93862703650993 × 10^291 |
| 26 | ov_026 | 4.3330481844055244 × 10^291 |
| 27 | ov_027 | 2.1666834889225587 × 10^291 |
| 28 | ov_028 | 9.693391098564843 × 10^290 |
| 29 | ov_029 | 3.734676000439341 × 10^290 |
| 30 | ov_030 | 1.141667522084167 × 10^290 |
| 31 | ov_031 | 2.2268867895159675 × 10^289 |
| 32 | lv_80_m31 | 4.343157824712973 × 10^288 |
| 33 | ov_033 | 5.222767112190853 × 10^289 |
| 34 | ov_034 | 4.531719874287219 × 10^289 |
| 35 | ov_035 | 3.914058619397419 × 10^289 |
| 36 | ov_036 | 3.3634251957370544 × 10^289 |
| 37 | ov_037 | 2.873801536263912 × 10^289 |
| 38 | ov_038 | 2.43948575375245 × 10^289 |
| 39 | ov_039 | 2.0550715581373914 × 10^289 |
| 40 | ov_040 | 1.7154306646412332 × 10^289 |
| 41 | ov_041 | 1.4180664101029767 × 10^289 |
| 42 | ov_042 | 1.1606102658482065 × 10^289 |
| 43 | ov_043 | 9.408161367581705 × 10^288 |
| 44 | ov_044 | 7.545411584932977 × 10^288 |
| 45 | ov_045 | 5.978671329253294 × 10^288 |
| 46 | ov_046 | 4.670949857211582 × 10^288 |
| 47 | ov_047 | 3.6042934825366154 × 10^288 |
| 48 | ov_048 | 2.7459731867560362 × 10^288 |
| 49 | ov_049 | 2.0653485314082904 × 10^288 |
| 50 | ov_050 | 1.533848714779608 × 10^288 |
| 51 | ov_051 | 1.1249586664246332 × 10^288 |
| 52 | ov_052 | 8.142089001806868 × 10^287 |
| 53 | ov_053 | 5.791681782520012 × 10^287 |
| 54 | ov_054 | 3.9943834384260825 × 10^287 |
| 55 | ov_055 | 2.6532806178643033 × 10^287 |
| 56 | ov_056 | 1.681600953469984 × 10^287 |
| 57 | ov_057 | 1.0027044188352058 × 10^287 |
| 58 | ov_058 | 5.500783069019999 × 10^286 |
| 59 | ov_059 | 2.6733456276516794 × 10^286 |
| 60 | ov_060 | 1.0820854593196311 × 10^286 |
| 61 | ov_061 | 3.6558573959332665 × 10^285 |
| 62 | ov_062 | 9.78228947748951 × 10^284 |
| 63 | ov_063 | 2.161232542966444 × 10^284 |
| 64 | lv_79_m31 | 4.2062113273519507 × 10^283 |
| 65 | ov_065 | 4.977166813403079 × 10^284 |
| 66 | ov_066 | 4.97715037928893 × 10^284 |
| 67 | ov_067 | 4.977146356835256 × 10^284 |
| 68 | ov_068 | 4.289667302110298 × 10^284 |
| 69 | ov_069 | 3.6778604585499354 × 10^284 |
| 70 | ov_070 | 3.1355029282233265 × 10^284 |
| 71 | ov_071 | 2.6567549177032473 × 10^284 |
| 72 | ov_072 | 2.2361337844428414 × 10^284 |
| 73 | ov_073 | 1.8684903732521488 × 10^284 |
| 74 | ov_074 | 1.5489875230377888 × 10^284 |
| 75 | ov_075 | 1.273080628361425 × 10^284 |
| 76 | ov_076 | 1.0365001439442332 × 10^284 |
| 77 | ov_077 | 8.35235923106989 × 10^283 |
| 78 | ov_078 | 6.655232833930006 × 10^283 |
| 79 | ov_079 | 5.238306943710026 × 10^283 |
| 80 | ov_080 | 4.0684898394721426 × 10^283 |
| 81 | ov_081 | 3.1148196051282825 × 10^283 |
| 82 | ov_082 | 2.348383489899601 × 10^283 |
| 83 | ov_083 | 1.74224939379013 × 10^283 |
| 84 | ov_084 | 1.271408468020265 × 10^283 |
| 85 | ov_085 | 9.12727823145868 × 10^282 |
| 86 | ov_086 | 6.44912339494965 × 10^282 |
| 87 | ov_087 | 4.4847457580345657 × 10^282 |
| 88 | ov_088 | 3.057117727049889 × 10^282 |
| 89 | ov_089 | 2.0068894817478367 × 10^282 |
| 90 | ov_090 | 1.2587879187769811 × 10^282 |
| 91 | ov_091 | 7.462959419471244 × 10^281 |
| 92 | ov_092 | 4.116227832343651 × 10^281 |
| 93 | ov_093 | 2.0568732350855924 × 10^281 |
| 94 | ov_094 | 8.81098993265947 × 10^280 |
| 95 | aaa_78_28 | 2.720895913296068 × 10^280 |
| 96 | aaa_78_29 | 8.356682686644614 × 10^279 |
| 97 | ov_097 | 5.520127274595048 × 10^279 |
| 98 | ov_098 | 5.519962638393792 × 10^279 |
| 99 | ov_099 | 5.519910110619054 × 10^279 |
| 100 | ov_100 | 4.967930146137368 × 10^279 |
| 101 | ov_101 | 4.456537886391915 × 10^279 |
| 102 | ov_102 | 3.983526801890528 × 10^279 |
| 103 | ov_103 | 3.5468514908259945 × 10^279 |
| 104 | ov_104 | 3.1446061228746135 × 10^279 |
| 105 | ov_105 | 2.775004894147723 × 10^279 |
| 106 | ov_106 | 2.4363643920499378 × 10^279 |
| 107 | ov_107 | 2.1270877720193043 × 10^279 |
| 108 | ov_108 | 1.8456506506273364 × 10^279 |
| 109 | ov_109 | 1.5905886214149496 × 10^279 |
| 110 | ov_110 | 1.3604863012340963 × 10^279 |
| 111 | ov_111 | 1.153967815851028 × 10^279 |
| 112 | ov_112 | 9.696886342349182 × 10^278 |
| 113 | ov_113 | 8.06328661387282 × 10^278 |
| 114 | ov_114 | 6.625864998374892 × 10^278 |
| 115 | ov_115 | 5.371747900999931 × 10^278 |
| 116 | ov_116 | 4.28816540503624 × 10^278 |
| 117 | ov_117 | 3.362423568859846 × 10^278 |
| 118 | ov_118 | 2.581883981682915 × 10^278 |
| 119 | ov_119 | 1.9339481050061944 × 10^278 |
| 120 | ov_120 | 1.4060449957262265 × 10^278 |
| 121 | ov_121 | 9.856219640654734 × 10^277 |
| 122 | ov_122 | 6.601377195556183 × 10^277 |
| 123 | ov_123 | 4.170575583275447 × 10^277 |
| 124 | ov_124 | 2.4385014496074404 × 10^277 |
| 125 | ov_125 | 1.2798555035231887 × 10^277 |
| 126 | ov_126 | 5.693428965190128 × 10^276 |
| 127 | aaa_77_28 | 1.8166986138654432 × 10^276 |
| 128 | aaa_77_29 | 6.803196552972679 × 10^275 |
| 129 | ov_129 | 6.222069584217733 × 10^275 |
| 130 | ov_130 | 6.2220550967073904 × 10^275 |
| 131 | ov_131 | 6.2220504907012754 × 10^275 |
| 132 | ov_132 | 5.376337308064048 × 10^275 |
| 133 | ov_133 | 4.620656270520105 × 10^275 |
| 134 | ov_134 | 3.948158791122448 × 10^275 |
| 135 | ov_135 | 3.352352273483179 × 10^275 |
| 136 | ov_136 | 2.8270745260492244 × 10^275 |
| 137 | ov_137 | 2.366472017370345 × 10^275 |
| 138 | ov_138 | 1.964981583708732 × 10^275 |
| 139 | ov_139 | 1.617315219752163 × 10^275 |
| 140 | ov_140 | 1.3184476021238208 × 10^275 |
| 141 | ov_141 | 1.0636060139595721 × 10^275 |
| 142 | ov_142 | 8.482623571521842 × 10^274 |
| 143 | ov_143 | 6.681269570215891 × 10^274 |
| 144 | ov_144 | 5.191438822183556 × 10^274 |
| 145 | ov_145 | 3.974875206423539 × 10^274 |
| 146 | ov_146 | 2.995601700824892 × 10^274 |
| 147 | ov_147 | 2.219904201695484 × 10^274 |
| 148 | ov_148 | 1.6163212009112725 × 10^274 |
| 149 | ov_149 | 1.1556374435183476 × 10^274 |
| 150 | ov_150 | 8.108799507268564 × 10^273 |
| 151 | ov_151 | 5.573152847815274 × 10^273 |
| 152 | ov_152 | 3.7244752480909865 × 10^273 |
| 153 | ov_153 | 2.3601678073976245 × 10^273 |
| 154 | ov_154 | 1.3845196032925698 × 10^273 |
| 155 | ov_155 | 7.129925677265259 × 10^272 |
| 156 | aaa_76_25 | 2.72219033752402 × 10^272 |
| 157 | aaa_76_26 | 1.5469529749150813 × 10^272 |
| 158 | aaa_76_27 | 7.703451789039744 × 10^271 |
| 159 | aaa_76_28 | 2.8068950823260053 × 10^271 |
| 160 | aaa_76_29 | 7.450677412107444 × 10^270 |

### Output Bits Sorted by Complexity

| Rank | Output Bit | Complexity |
|:----:|:----------:|:----------:|
| 160 | aaa_76_29 | 7.450677412107444 × 10^270 |
| 159 | aaa_76_28 | 2.8068950823260053 × 10^271 |
| 158 | aaa_76_27 | 7.703451789039744 × 10^271 |
| 157 | aaa_76_26 | 1.5469529749150813 × 10^272 |
| 156 | aaa_76_25 | 2.72219033752402 × 10^272 |
| 155 | ov_155 | 7.129925677265259 × 10^272 |
| 154 | ov_154 | 1.3845196032925698 × 10^273 |
| 153 | ov_153 | 2.3601678073976245 × 10^273 |
| 152 | ov_152 | 3.7244752480909865 × 10^273 |
| 151 | ov_151 | 5.573152847815274 × 10^273 |
| 150 | ov_150 | 8.108799507268564 × 10^273 |
| 149 | ov_149 | 1.1556374435183476 × 10^274 |
| 148 | ov_148 | 1.6163212009112725 × 10^274 |
| 147 | ov_147 | 2.219904201695484 × 10^274 |
| 146 | ov_146 | 2.995601700824892 × 10^274 |
| 145 | ov_145 | 3.974875206423539 × 10^274 |
| 144 | ov_144 | 5.191438822183556 × 10^274 |
| 143 | ov_143 | 6.681269570215891 × 10^274 |
| 142 | ov_142 | 8.482623571521842 × 10^274 |
| 141 | ov_141 | 1.0636060139595721 × 10^275 |
| 140 | ov_140 | 1.3184476021238208 × 10^275 |
| 139 | ov_139 | 1.617315219752163 × 10^275 |
| 138 | ov_138 | 1.964981583708732 × 10^275 |
| 137 | ov_137 | 2.366472017370345 × 10^275 |
| 136 | ov_136 | 2.8270745260492244 × 10^275 |
| 135 | ov_135 | 3.352352273483179 × 10^275 |
| 134 | ov_134 | 3.948158791122448 × 10^275 |
| 133 | ov_133 | 4.620656270520105 × 10^275 |
| 132 | ov_132 | 5.376337308064048 × 10^275 |
| 131 | ov_131 | 6.2220504907012754 × 10^275 |
| 130 | ov_130 | 6.2220550967073904 × 10^275 |
| 129 | ov_129 | 6.222069584217733 × 10^275 |
| 128 | aaa_77_29 | 6.803196552972679 × 10^275 |
| 127 | aaa_77_28 | 1.8166986138654432 × 10^276 |
| 126 | ov_126 | 5.693428965190128 × 10^276 |
| 125 | ov_125 | 1.2798555035231887 × 10^277 |
| 124 | ov_124 | 2.4385014496074404 × 10^277 |
| 123 | ov_123 | 4.170575583275447 × 10^277 |
| 122 | ov_122 | 6.601377195556183 × 10^277 |
| 121 | ov_121 | 9.856219640654734 × 10^277 |
| 120 | ov_120 | 1.4060449957262265 × 10^278 |
| 119 | ov_119 | 1.9339481050061944 × 10^278 |
| 118 | ov_118 | 2.581883981682915 × 10^278 |
| 117 | ov_117 | 3.362423568859846 × 10^278 |
| 116 | ov_116 | 4.28816540503624 × 10^278 |
| 115 | ov_115 | 5.371747900999931 × 10^278 |
| 114 | ov_114 | 6.625864998374892 × 10^278 |
| 113 | ov_113 | 8.06328661387282 × 10^278 |
| 112 | ov_112 | 9.696886342349182 × 10^278 |
| 111 | ov_111 | 1.153967815851028 × 10^279 |
| 110 | ov_110 | 1.3604863012340963 × 10^279 |
| 109 | ov_109 | 1.5905886214149496 × 10^279 |
| 108 | ov_108 | 1.8456506506273364 × 10^279 |
| 107 | ov_107 | 2.1270877720193043 × 10^279 |
| 106 | ov_106 | 2.4363643920499378 × 10^279 |
| 105 | ov_105 | 2.775004894147723 × 10^279 |
| 104 | ov_104 | 3.1446061228746135 × 10^279 |
| 103 | ov_103 | 3.5468514908259945 × 10^279 |
| 102 | ov_102 | 3.983526801890528 × 10^279 |
| 101 | ov_101 | 4.456537886391915 × 10^279 |
| 100 | ov_100 | 4.967930146137368 × 10^279 |
| 99 | ov_099 | 5.519910110619054 × 10^279 |
| 98 | ov_098 | 5.519962638393792 × 10^279 |
| 97 | ov_097 | 5.520127274595048 × 10^279 |
| 96 | aaa_78_29 | 8.356682686644614 × 10^279 |
| 95 | aaa_78_28 | 2.720895913296068 × 10^280 |
| 94 | ov_094 | 8.81098993265947 × 10^280 |
| 93 | ov_093 | 2.0568732350855924 × 10^281 |
| 92 | ov_092 | 4.116227832343651 × 10^281 |
| 91 | ov_091 | 7.462959419471244 × 10^281 |
| 90 | ov_090 | 1.2587879187769811 × 10^282 |
| 89 | ov_089 | 2.0068894817478367 × 10^282 |
| 88 | ov_088 | 3.057117727049889 × 10^282 |
| 87 | ov_087 | 4.4847457580345657 × 10^282 |
| 86 | ov_086 | 6.44912339494965 × 10^282 |
| 85 | ov_085 | 9.12727823145868 × 10^282 |
| 84 | ov_084 | 1.271408468020265 × 10^283 |
| 83 | ov_083 | 1.74224939379013 × 10^283 |
| 82 | ov_082 | 2.348383489899601 × 10^283 |
| 81 | ov_081 | 3.1148196051282825 × 10^283 |
| 80 | ov_080 | 4.0684898394721426 × 10^283 |
| 64 | lv_79_m31 | 4.2062113273519507 × 10^283 |
| 79 | ov_079 | 5.238306943710026 × 10^283 |
| 78 | ov_078 | 6.655232833930006 × 10^283 |
| 77 | ov_077 | 8.35235923106989 × 10^283 |
| 76 | ov_076 | 1.0365001439442332 × 10^284 |
| 75 | ov_075 | 1.273080628361425 × 10^284 |
| 74 | ov_074 | 1.5489875230377888 × 10^284 |
| 73 | ov_073 | 1.8684903732521488 × 10^284 |
| 63 | ov_063 | 2.161232542966444 × 10^284 |
| 72 | ov_072 | 2.2361337844428414 × 10^284 |
| 71 | ov_071 | 2.6567549177032473 × 10^284 |
| 70 | ov_070 | 3.1355029282233265 × 10^284 |
| 69 | ov_069 | 3.6778604585499354 × 10^284 |
| 68 | ov_068 | 4.289667302110298 × 10^284 |
| 67 | ov_067 | 4.977146356835256 × 10^284 |
| 66 | ov_066 | 4.97715037928893 × 10^284 |
| 65 | ov_065 | 4.977166813403079 × 10^284 |
| 62 | ov_062 | 9.78228947748951 × 10^284 |
| 61 | ov_061 | 3.6558573959332665 × 10^285 |
| 60 | ov_060 | 1.0820854593196311 × 10^286 |
| 59 | ov_059 | 2.6733456276516794 × 10^286 |
| 58 | ov_058 | 5.500783069019999 × 10^286 |
| 57 | ov_057 | 1.0027044188352058 × 10^287 |
| 56 | ov_056 | 1.681600953469984 × 10^287 |
| 55 | ov_055 | 2.6532806178643033 × 10^287 |
| 54 | ov_054 | 3.9943834384260825 × 10^287 |
| 53 | ov_053 | 5.791681782520012 × 10^287 |
| 52 | ov_052 | 8.142089001806868 × 10^287 |
| 51 | ov_051 | 1.1249586664246332 × 10^288 |
| 50 | ov_050 | 1.533848714779608 × 10^288 |
| 49 | ov_049 | 2.0653485314082904 × 10^288 |
| 48 | ov_048 | 2.7459731867560362 × 10^288 |
| 47 | ov_047 | 3.6042934825366154 × 10^288 |
| 32 | lv_80_m31 | 4.343157824712973 × 10^288 |
| 46 | ov_046 | 4.670949857211582 × 10^288 |
| 45 | ov_045 | 5.978671329253294 × 10^288 |
| 44 | ov_044 | 7.545411584932977 × 10^288 |
| 43 | ov_043 | 9.408161367581705 × 10^288 |
| 42 | ov_042 | 1.1606102658482065 × 10^289 |
| 41 | ov_041 | 1.4180664101029767 × 10^289 |
| 40 | ov_040 | 1.7154306646412332 × 10^289 |
| 39 | ov_039 | 2.0550715581373914 × 10^289 |
| 31 | ov_031 | 2.2268867895159675 × 10^289 |
| 38 | ov_038 | 2.43948575375245 × 10^289 |
| 37 | ov_037 | 2.873801536263912 × 10^289 |
| 36 | ov_036 | 3.3634251957370544 × 10^289 |
| 35 | ov_035 | 3.914058619397419 × 10^289 |
| 34 | ov_034 | 4.531719874287219 × 10^289 |
| 33 | ov_033 | 5.222767112190853 × 10^289 |
| 30 | ov_030 | 1.141667522084167 × 10^290 |
| 29 | ov_029 | 3.734676000439341 × 10^290 |
| 28 | ov_028 | 9.693391098564843 × 10^290 |
| 27 | ov_027 | 2.1666834889225587 × 10^291 |
| 26 | ov_026 | 4.3330481844055244 × 10^291 |
| 25 | ov_025 | 7.93862703650993 × 10^291 |
| 24 | ov_024 | 1.3556264655770387 × 10^292 |
| 23 | ov_023 | 2.1861469707519266 × 10^292 |
| 22 | ov_022 | 3.430795650050276 × 10^292 |
| 21 | ov_021 | 5.255490056848129 × 10^292 |
| 20 | ov_020 | 7.84671236689128 × 10^292 |
| 19 | ov_019 | 1.1411539821006975 × 10^293 |
| 18 | ov_018 | 1.6177691216911674 × 10^293 |
| 17 | ov_017 | 2.23935943663332 × 10^293 |
| 16 | ov_016 | 3.0328480243796694 × 10^293 |
| 15 | ov_015 | 4.027251036388453 × 10^293 |
| 14 | ov_014 | 5.2536945703950434 × 10^293 |
| 13 | ov_013 | 6.745436931019056 × 10^293 |
| 12 | ov_012 | 8.537897885219585 × 10^293 |
| 11 | ov_011 | 1.066869678877647 × 10^294 |
| 10 | ov_010 | 1.3177701623380393 × 10^294 |
| 9 | ov_009 | 1.610709114803455 × 10^294 |
| 8 | ov_008 | 1.9501432533575205 × 10^294 |
| 7 | ov_007 | 2.3407776846670886 × 10^294 |
| 6 | ov_006 | 2.787577458012624 × 10^294 |
| 5 | ov_005 | 3.295781359696883 × 10^294 |
| 4 | ov_004 | 3.870918236736142 × 10^294 |
| 3 | ov_003 | 4.518826151121536 × 10^294 |
| 2 | ov_002 | 5.245674619190829 × 10^294 |
| 1 | ov_001 | 6.057990140949128 × 10^294 |

