# Results for F001-F002-F003-F004-F005-F006-F007-F008-F009-F010-F011-F012-F013-F014-F015-F016-F017-F018-F019-F020-F021-F022-F023-F024-F025-F026-F027-F028-F029-F030-F031-F032-F033-F034-F035-F036-F037-F038-F039-F040-F041-F042-F043-F044-F045-F046-F047-F048-F049-F050-F051-F052-F053-F054-F055-F056-F057-F058-F059-F060-F061-F062-F063-F064-F065-F066-F067-F068-F069-F070-F071-F072-F073-F074-F075-F076-F077-F078-F079-F080-F081-F082-F083-F084-F085-F086-F087-F088-F089-F090-F091-F092-F093-F094-F095-F096-F097-F098-F099-F100-F101-F102-F103-F104-F105-F106-F107-F108-F109-F110-F111-F112-F113-F114-F115-F116-F117-F118-F119-F120-F121-F122-F123-F124-F125-F126-F127-F128-F129-F130-F131-F132-F133-F134-F135-F136-F137-F138-F139-F140-F141-F142-F143-F144-F145-F146-F147-F148-F149-F150-F151-F152-F153-F154-F155-F156-F157-F158-F159-F160-F161-F162-F163-F164-F165-F166-F167-F168-F169-F170-F171-F172-F173-F174-F175-F176-F177-F178-F179-F180-F181-F182-F183-F184-F185-F186-F187-F188-F189-F190-F191-F192-F193-F194-F195-F196-F197-F198-F199-F200-F201-F202-F203-F204-F205-F206-F207-F208-F209-F210-F211-F212-F213-F214-F215-F216-F217-F218-F219-F220-F221-F222-F223-F224-F225-F226-F227-F228-F229-F230-F231-F232-F233-F234-F235-F236-F237-F238-F239-F240-F241-F242-F243-F244-F245-F246-F247-F248-F249-F250-F251-F252-F253-F254-F255-F256-F257-F258-F259-F260-F261-F262-F263-F264-F265-F266-F267-F268-F269-F270-F271-F272-F273-F274-F275-F276-F277-F278-F279-F280-F281-F282-F283-F284-F285-F286-F287-F288-F289-F290-F291-F292-F293-F294-F295-F296-F297-F298-F299-F300-F301-F302-F303-F304-F305-F306-F307-F308-F309-F310-F311-F312-F313-F314-F315-F316-F317-F318-F319-F320-F321-F322-F323-F324-F325-F326-F327-F328-F329-F330-F331-F332-F333-F334-F335-F336-F337-F338-F339-F340-F341-F342-F343-F344-F345-F346-F347-F348-F349-F350-F351-F352-F353-F354-F355-F356-F357-F358-F359-F360-F361-F362-F363-F364-F365-F366-F367-F368-F369-F370-F371-F372-F373-F374-F375-F376-F377-F378-F379-F380-F381-F382-F383-F384-F385-F386-F387-F388-F389-F390-F391-F392-F393-F394-F395-F396-F397-F398-F399-F400-F401-F402-F403-F404-F405-F406-F407-F408-F409-F410-F411-F412-F413-F414-F415-F416-F417-F418-F419-F420-F421-F422-F423-F424-F425-F426-F427-F428-F429-F430-F431-F432-F433-F434-F435-F436-F437-F438-F439-F440-F441-F442-F443-F444-F445-F446-F447-F448-F449-F450-F451-F452-F453-F454-F455-F456-F457-F458-F459-F460-F461-F462-F463-F464-F465-F466-F467-F468-F469-F470-F471-F472-F473-F474-F475-F476-F477-F478-F479-F480-F481-F482-F483-F484-F485-F486-F487-F488-F489-F490-F491-F492-F493-F494-F495-F496-F500-E506507-F508-F509-F510-F511-F512

## Summary

Number of input bits: 512  
Number of free input bits: 9  
Number of output bits: 160

Number of direct occurrences: 35787  
Number of assignments: 30638  
Number of operations: 10652123
(xor: 10624323,
and: 14709,
or: 13091)

Total complexity: 3.0417322401332203 × 10^295

Least occurring input variable: iv_502 (3829)  
Most occurring input variable: iv_506 (4317)

Most co-occurring input variables: iv_503-iv_506 (1956)  
Least co-occurring input variables: iv_498-iv_502 (1732)

Potentially most occurring input variable: iv_505/iv_506 (4461)  
Potentially least occurring input variable: iv_504/iv_505 (4052)

Least output occurring input variable: iv_503 (75)  
Most output occurring input variable: iv_498 (88)

Most output co-occurring input variables: iv_505-iv_506 (48)  
Least output co-occurring input variables: iv_497-iv_504 (33)

Potentially most output occurring input variable: iv_497/iv_504 (89)  
Potentially least output occurring input variable: iv_501/iv_505 (69)

Least complex input bit: iv_497 (2.03477031545655 × 10^293)  
Most complex input bit: iv_505 (9.92117784750535 × 10^294)

Least complex output bit: aaa_76_29 (6.613130618642575 × 10^270)  
Most complex output bit: ov_001 (4.944484179274229 × 10^294)

Least complex input/output complexity: iv_497/aaa_76_29 (4.4238614094649385 × 10^268)  
Most complex input/output complexity: iv_505/ov_001 (1.6127358700254156 × 10^294)

## Input Bits

### Input Bits in Regular Order

| Input Bit | Complexity | Occurrences | Output Occurrences |
|:---------:|:----------:|:-----------:|:------------------:|
| iv_497 | 2.03477031545655 × 10^293 | 3984 | 77 |
| iv_498 | 4.058974023728769 × 10^293 | 3894 | 88 |
| iv_499 | 7.133767910495656 × 10^293 | 3880 | 81 |
| iv_501 | 1.9567121345678634 × 10^294 | 4002 | 82 |
| iv_502 | 3.142999435503225 × 10^294 | 3829 | 82 |
| iv_503 | 4.965687326989989 × 10^294 | 3983 | 75 |
| iv_504 | 7.703656344342674 × 10^294 | 3878 | 78 |
| iv_505 | 9.92117784750535 × 10^294 | 4020 | 83 |
| iv_506 | 1.4043380874550703 × 10^294 | 4317 | 84 |

### Input Bits Sorted by Complexity

| Input Bit | Complexity | Occurrences | Output Occurrences |
|:---------:|:----------:|:-----------:|:------------------:|
| iv_497 | 2.03477031545655 × 10^293 | 3984 | 77 |
| iv_498 | 4.058974023728769 × 10^293 | 3894 | 88 |
| iv_499 | 7.133767910495656 × 10^293 | 3880 | 81 |
| iv_506 | 1.4043380874550703 × 10^294 | 4317 | 84 |
| iv_501 | 1.9567121345678634 × 10^294 | 4002 | 82 |
| iv_502 | 3.142999435503225 × 10^294 | 3829 | 82 |
| iv_503 | 4.965687326989989 × 10^294 | 3983 | 75 |
| iv_504 | 7.703656344342674 × 10^294 | 3878 | 78 |
| iv_505 | 9.92117784750535 × 10^294 | 4020 | 83 |

### Input Bits Sorted by Occurrences

| Input Bit | Complexity | Occurrences | Output Occurrences |
|:---------:|:----------:|:-----------:|:------------------:|
| iv_502 | 3.142999435503225 × 10^294 | 3829 | 82 |
| iv_504 | 7.703656344342674 × 10^294 | 3878 | 78 |
| iv_499 | 7.133767910495656 × 10^293 | 3880 | 81 |
| iv_498 | 4.058974023728769 × 10^293 | 3894 | 88 |
| iv_503 | 4.965687326989989 × 10^294 | 3983 | 75 |
| iv_497 | 2.03477031545655 × 10^293 | 3984 | 77 |
| iv_501 | 1.9567121345678634 × 10^294 | 4002 | 82 |
| iv_505 | 9.92117784750535 × 10^294 | 4020 | 83 |
| iv_506 | 1.4043380874550703 × 10^294 | 4317 | 84 |

### Input Bits Sorted by Output Occurrences

| Input Bit | Complexity | Occurrences | Output Occurrences |
|:---------:|:----------:|:-----------:|:------------------:|
| iv_503 | 4.965687326989989 × 10^294 | 3983 | 75 |
| iv_497 | 2.03477031545655 × 10^293 | 3984 | 77 |
| iv_504 | 7.703656344342674 × 10^294 | 3878 | 78 |
| iv_499 | 7.133767910495656 × 10^293 | 3880 | 81 |
| iv_502 | 3.142999435503225 × 10^294 | 3829 | 82 |
| iv_501 | 1.9567121345678634 × 10^294 | 4002 | 82 |
| iv_505 | 9.92117784750535 × 10^294 | 4020 | 83 |
| iv_506 | 1.4043380874550703 × 10^294 | 4317 | 84 |
| iv_498 | 4.058974023728769 × 10^293 | 3894 | 88 |

## Input Bit Co-occurrences

### Input Bit Co-occurrences Sorted by Co-occurrences

| Input Bits | Co-occurrences | Potential Occurrences | Output Co-occurrences | Potential Output Occurrences |
|:----------:|:--------------:|:---------------------:|:---------------------:|:----------------------------:|
| iv_503-iv_506 | 1956 | 4388 | 40 | 79 |
| iv_501-iv_506 | 1950 | 4419 | 43 | 80 |
| iv_497-iv_503 | 1944 | 4079 | 37 | 78 |
| iv_505-iv_506 | 1938 | 4461 | 48 | 71 |
| iv_501-iv_505 | 1937 | 4148 | 48 | 69 |
| iv_497-iv_506 | 1935 | 4431 | 39 | 83 |
| iv_497-iv_505 | 1932 | 4140 | 43 | 74 |
| iv_504-iv_505 | 1923 | 4052 | 43 | 75 |
| iv_499-iv_506 | 1918 | 4361 | 43 | 79 |

### Input Bit Co-occurrences Sorted by Potential Occurrences

| Input Bits | Co-occurrences | Potential Occurrences | Output Co-occurrences | Potential Output Occurrences |
|:----------:|:--------------:|:---------------------:|:---------------------:|:----------------------------:|
| iv_504-iv_505 | 1923 | 4052 | 43 | 75 |
| iv_497-iv_503 | 1944 | 4079 | 37 | 78 |
| iv_501-iv_504 | 1895 | 4090 | 40 | 80 |
| iv_499-iv_504 | 1827 | 4104 | 38 | 83 |
| iv_502-iv_505 | 1861 | 4127 | 44 | 77 |
| iv_497-iv_505 | 1932 | 4140 | 43 | 74 |
| iv_497-iv_499 | 1860 | 4144 | 40 | 78 |
| iv_501-iv_505 | 1937 | 4148 | 48 | 69 |
| iv_498-iv_504 | 1806 | 4160 | 46 | 74 |

### Input Bit Output Co-occurrences Sorted by Output Co-occurrences

| Input Bits | Co-occurrences | Potential Occurrences | Output Co-occurrences | Potential Output Occurrences |
|:----------:|:--------------:|:---------------------:|:---------------------:|:----------------------------:|
| iv_498-iv_499 | 1792 | 4190 | 48 | 73 |
| iv_501-iv_505 | 1937 | 4148 | 48 | 69 |
| iv_505-iv_506 | 1938 | 4461 | 48 | 71 |
| iv_498-iv_501 | 1833 | 4230 | 46 | 78 |
| iv_498-iv_502 | 1732 | 4259 | 46 | 78 |
| iv_498-iv_504 | 1806 | 4160 | 46 | 74 |
| iv_497-iv_498 | 1824 | 4230 | 46 | 73 |
| iv_502-iv_505 | 1861 | 4127 | 44 | 77 |
| iv_498-iv_506 | 1893 | 4425 | 44 | 84 |

### Input Bit Output Co-occurrences Sorted by Potential Output Occurrences

| Input Bits | Co-occurrences | Potential Occurrences | Output Co-occurrences | Potential Output Occurrences |
|:----------:|:--------------:|:---------------------:|:---------------------:|:----------------------------:|
| iv_501-iv_505 | 1937 | 4148 | 48 | 69 |
| iv_505-iv_506 | 1938 | 4461 | 48 | 71 |
| iv_498-iv_499 | 1792 | 4190 | 48 | 73 |
| iv_497-iv_498 | 1824 | 4230 | 46 | 73 |
| iv_498-iv_504 | 1806 | 4160 | 46 | 74 |
| iv_497-iv_505 | 1932 | 4140 | 43 | 74 |
| iv_504-iv_505 | 1923 | 4052 | 43 | 75 |
| iv_502-iv_504 | 1767 | 4173 | 42 | 76 |
| iv_502-iv_505 | 1861 | 4127 | 44 | 77 |

## Output Bits

### Output Bits in Regular Order

| Rank | Output Bit | Complexity |
|:----:|:----------:|:----------:|
| 1 | ov_001 | 4.944484179274229 × 10^294 |
| 2 | ov_002 | 4.274952171903546 × 10^294 |
| 3 | ov_003 | 3.676655540165134 × 10^294 |
| 4 | ov_004 | 3.144104653192015 × 10^294 |
| 5 | ov_005 | 2.6721101434737564 × 10^294 |
| 6 | ov_006 | 2.2557614323189205 × 10^294 |
| 7 | ov_007 | 1.8904080230274716 × 10^294 |
| 8 | ov_008 | 1.5716433894749794 × 10^294 |
| 9 | ov_009 | 1.2952912459684211 × 10^294 |
| 10 | ov_010 | 1.0573939448827787 × 10^294 |
| 11 | ov_011 | 8.542027598365044 × 10^293 |
| 12 | ov_012 | 6.821698552028155 × 10^293 |
| 13 | ov_013 | 5.379417571148944 × 10^293 |
| 14 | ov_014 | 4.183541268644824 × 10^293 |
| 15 | ov_015 | 3.204276373948428 × 10^293 |
| 16 | ov_016 | 2.4136476748778303 × 10^293 |
| 17 | ov_017 | 1.7854734205870462 × 10^293 |
| 18 | ov_018 | 1.295346607262171 × 10^293 |
| 19 | ov_019 | 9.206207783014342 × 10^292 |
| 20 | ov_020 | 6.403993179353456 × 10^292 |
| 21 | ov_021 | 4.355275386823482 × 10^292 |
| 22 | ov_022 | 2.8858701280349497 × 10^292 |
| 23 | ov_023 | 1.838916661163886 × 10^292 |
| 24 | ov_024 | 1.1403115780721742 × 10^292 |
| 25 | ov_025 | 6.677745248464844 × 10^291 |
| 26 | ov_026 | 3.644845186700575 × 10^291 |
| 27 | ov_027 | 1.8225620117967548 × 10^291 |
| 28 | ov_028 | 8.153872368222794 × 10^290 |
| 29 | ov_029 | 3.1415379972755027 × 10^290 |
| 30 | ov_030 | 9.603509644781404 × 10^289 |
| 31 | ov_031 | 1.8732221115924633 × 10^289 |
| 32 | lv_80_m31 | 3.653401317233581 × 10^288 |
| 33 | ov_033 | 4.3929871445994213 × 10^289 |
| 34 | ov_034 | 3.811732846982855 × 10^289 |
| 35 | ov_035 | 3.2921885155075997 × 10^289 |
| 36 | ov_036 | 2.8290136564055367 × 10^289 |
| 37 | ov_037 | 2.417152071842676 × 10^289 |
| 38 | ov_038 | 2.0518119400846228 × 10^289 |
| 39 | ov_039 | 1.728448706893201 × 10^289 |
| 40 | ov_040 | 1.4427505018650315 × 10^289 |
| 41 | ov_041 | 1.192617886942289 × 10^289 |
| 42 | ov_042 | 9.760587860757608 × 10^288 |
| 43 | ov_043 | 7.911837938310181 × 10^288 |
| 44 | ov_044 | 6.345073709968095 × 10^288 |
| 45 | ov_045 | 5.0273277290802335 × 10^288 |
| 46 | ov_046 | 3.927475239666653 × 10^288 |
| 47 | ov_047 | 3.030409537579138 × 10^288 |
| 48 | ov_048 | 2.3085924758559243 × 10^288 |
| 49 | ov_049 | 1.7362442906472778 × 10^288 |
| 50 | ov_050 | 1.2893276030776089 × 10^288 |
| 51 | ov_051 | 9.455354817003004 × 10^287 |
| 52 | ov_052 | 6.84282678501395 × 10^287 |
| 53 | ov_053 | 4.866992928009937 × 10^287 |
| 54 | ov_054 | 3.3562630812145638 × 10^287 |
| 55 | ov_055 | 2.2291148207925476 × 10^287 |
| 56 | ov_056 | 1.4125590511994618 × 10^287 |
| 57 | ov_057 | 8.421325396231433 × 10^286 |
| 58 | ov_058 | 4.618935785888825 × 10^286 |
| 59 | ov_059 | 2.244196821451934 × 10^286 |
| 60 | ov_060 | 9.080651674035153 × 10^285 |
| 61 | ov_061 | 3.0667507024887915 × 10^285 |
| 62 | ov_062 | 8.202486469173806 × 10^284 |
| 63 | ov_063 | 1.8114005473436306 × 10^284 |
| 64 | lv_79_m31 | 3.523849401210034 × 10^283 |
| 65 | ov_065 | 4.160665324946108 × 10^284 |
| 66 | ov_066 | 4.160651129138634 × 10^284 |
| 67 | ov_067 | 4.160647654482281 × 10^284 |
| 68 | ov_068 | 3.580692003266161 × 10^284 |
| 69 | ov_069 | 3.0653655530073515 × 10^284 |
| 70 | ov_070 | 2.6092937575874457 × 10^284 |
| 71 | ov_071 | 2.20743297202235 × 10^284 |
| 72 | ov_072 | 1.8550480314494322 × 10^284 |
| 73 | ov_073 | 1.547691808241002 × 10^284 |
| 74 | ov_074 | 1.2811866439961651 × 10^284 |
| 75 | ov_075 | 1.0516075568641126 × 10^284 |
| 76 | ov_076 | 8.552671276548163 × 10^283 |
| 77 | ov_077 | 6.887019705970375 × 10^283 |
| 78 | ov_078 | 5.486606965009978 × 10^283 |
| 79 | ov_079 | 4.320932775602764 × 10^283 |
| 80 | ov_080 | 3.36141724163301 × 10^283 |
| 81 | ov_081 | 2.58131984947921 × 10^283 |
| 82 | ov_082 | 1.9556698197981974 × 10^283 |
| 83 | ov_083 | 1.4612069341378294 × 10^283 |
| 84 | ov_084 | 1.0763319634442455 × 10^283 |
| 85 | ov_085 | 7.810658279970962 × 10^282 |
| 86 | ov_086 | 5.570166199980881 × 10^282 |
| 87 | ov_087 | 3.8735362114708295 × 10^282 |
| 88 | ov_088 | 2.640489319511935 × 10^282 |
| 89 | ov_089 | 1.733399112942628 × 10^282 |
| 90 | ov_090 | 1.0872540178456931 × 10^282 |
| 91 | ov_091 | 6.446046390042966 × 10^281 |
| 92 | ov_092 | 3.555381539075853 × 10^281 |
| 93 | ov_093 | 1.77663927733471 × 10^281 |
| 94 | ov_094 | 7.610645018514127 × 10^280 |
| 95 | aaa_78_28 | 2.350245416841202 × 10^280 |
| 96 | aaa_78_29 | 7.218413511518627 × 10^279 |
| 97 | ov_097 | 4.76802324886397 × 10^279 |
| 98 | ov_098 | 4.767881491990392 × 10^279 |
| 99 | ov_099 | 4.7678362946400907 × 10^279 |
| 100 | ov_100 | 4.2911801114772673 × 10^279 |
| 101 | ov_101 | 3.84952969516915 × 10^279 |
| 102 | ov_102 | 3.4409907019440037 × 10^279 |
| 103 | ov_103 | 3.0638068617964373 × 10^279 |
| 104 | ov_104 | 2.7163412260440986 × 10^279 |
| 105 | ov_105 | 2.3970591998573654 × 10^279 |
| 106 | ov_106 | 2.1045132699006557 × 10^279 |
| 107 | ov_107 | 1.837329340083652 × 10^279 |
| 108 | ov_108 | 1.594194590642493 × 10^279 |
| 109 | ov_109 | 1.3738467774558642 × 10^279 |
| 110 | ov_110 | 1.1750648897382421 × 10^279 |
| 111 | ov_111 | 9.966610851279205 × 10^278 |
| 112 | ov_112 | 8.374738217803024 × 10^278 |
| 113 | ov_113 | 6.963621074601592 × 10^278 |
| 114 | ov_114 | 5.722007858661428 × 10^278 |
| 115 | ov_115 | 4.6387678057203376 × 10^278 |
| 116 | ov_116 | 3.702861222040946 × 10^278 |
| 117 | ov_117 | 2.9033158454730573 × 10^278 |
| 118 | ov_118 | 2.2292087003008053 × 10^278 |
| 119 | ov_119 | 1.6696521995793366 × 10^278 |
| 120 | ov_120 | 1.213783248818019 × 10^278 |
| 121 | ov_121 | 8.507549544330283 × 10^277 |
| 122 | ov_122 | 5.6973054044735745 × 10^277 |
| 123 | ov_123 | 3.598790769369216 × 10^277 |
| 124 | ov_124 | 2.103726237207713 × 10^277 |
| 125 | ov_125 | 1.1038448883466798 × 10^277 |
| 126 | ov_126 | 4.9088374625813686 × 10^276 |
| 127 | aaa_77_28 | 1.5658079416136874 × 10^276 |
| 128 | aaa_77_29 | 5.8606888314385554 × 10^275 |
| 129 | ov_129 | 5.342075854451033 × 10^275 |
| 130 | ov_130 | 5.342062995421214 × 10^275 |
| 131 | ov_131 | 5.342058907112271 × 10^275 |
| 132 | ov_132 | 4.60948149349913 × 10^275 |
| 133 | ov_133 | 3.9558624254185214 × 10^275 |
| 134 | ov_134 | 3.3751232611975766 × 10^275 |
| 135 | ov_135 | 2.8615015315588912 × 10^275 |
| 136 | ov_136 | 2.4095280285028736 × 10^275 |
| 137 | ov_137 | 2.0140075033493387 × 10^275 |
| 138 | ov_138 | 1.6700024290900244 × 10^275 |
| 139 | ov_139 | 1.3728194993891271 × 10^275 |
| 140 | ov_140 | 1.117998553340753 × 10^275 |
| 141 | ov_141 | 9.0130363156032 × 10^274 |
| 142 | ov_142 | 7.187158854412318 × 10^274 |
| 143 | ov_143 | 5.664280775171396 × 10^274 |
| 144 | ov_144 | 4.408404268830977 × 10^274 |
| 145 | ov_145 | 3.385575695787476 × 10^274 |
| 146 | ov_146 | 2.5638641974319176 × 10^274 |
| 147 | ov_147 | 1.9133473322575832 × 10^274 |
| 148 | ov_148 | 1.4061019118607192 × 10^274 |
| 149 | ov_149 | 1.0161983704633464 × 10^274 |
| 150 | ov_150 | 7.196972342479344 × 10^273 |
| 151 | ov_151 | 4.946466931395907 × 10^273 |
| 152 | ov_152 | 3.305675010818503 × 10^273 |
| 153 | ov_153 | 2.0947826198489275 × 10^273 |
| 154 | ov_154 | 1.2288427709300931 × 10^273 |
| 155 | ov_155 | 6.32824731951922 × 10^272 |
| 156 | aaa_76_25 | 2.4161184794397223 × 10^272 |
| 157 | aaa_76_26 | 1.373027749425931 × 10^272 |
| 158 | aaa_76_27 | 6.837389109133608 × 10^271 |
| 159 | aaa_76_28 | 2.491347857563569 × 10^271 |
| 160 | aaa_76_29 | 6.613130618642575 × 10^270 |

### Output Bits Sorted by Complexity

| Rank | Output Bit | Complexity |
|:----:|:----------:|:----------:|
| 160 | aaa_76_29 | 6.613130618642575 × 10^270 |
| 159 | aaa_76_28 | 2.491347857563569 × 10^271 |
| 158 | aaa_76_27 | 6.837389109133608 × 10^271 |
| 157 | aaa_76_26 | 1.373027749425931 × 10^272 |
| 156 | aaa_76_25 | 2.4161184794397223 × 10^272 |
| 155 | ov_155 | 6.32824731951922 × 10^272 |
| 154 | ov_154 | 1.2288427709300931 × 10^273 |
| 153 | ov_153 | 2.0947826198489275 × 10^273 |
| 152 | ov_152 | 3.305675010818503 × 10^273 |
| 151 | ov_151 | 4.946466931395907 × 10^273 |
| 150 | ov_150 | 7.196972342479344 × 10^273 |
| 149 | ov_149 | 1.0161983704633464 × 10^274 |
| 148 | ov_148 | 1.4061019118607192 × 10^274 |
| 147 | ov_147 | 1.9133473322575832 × 10^274 |
| 146 | ov_146 | 2.5638641974319176 × 10^274 |
| 145 | ov_145 | 3.385575695787476 × 10^274 |
| 144 | ov_144 | 4.408404268830977 × 10^274 |
| 143 | ov_143 | 5.664280775171396 × 10^274 |
| 142 | ov_142 | 7.187158854412318 × 10^274 |
| 141 | ov_141 | 9.0130363156032 × 10^274 |
| 140 | ov_140 | 1.117998553340753 × 10^275 |
| 139 | ov_139 | 1.3728194993891271 × 10^275 |
| 138 | ov_138 | 1.6700024290900244 × 10^275 |
| 137 | ov_137 | 2.0140075033493387 × 10^275 |
| 136 | ov_136 | 2.4095280285028736 × 10^275 |
| 135 | ov_135 | 2.8615015315588912 × 10^275 |
| 134 | ov_134 | 3.3751232611975766 × 10^275 |
| 133 | ov_133 | 3.9558624254185214 × 10^275 |
| 132 | ov_132 | 4.60948149349913 × 10^275 |
| 131 | ov_131 | 5.342058907112271 × 10^275 |
| 130 | ov_130 | 5.342062995421214 × 10^275 |
| 129 | ov_129 | 5.342075854451033 × 10^275 |
| 128 | aaa_77_29 | 5.8606888314385554 × 10^275 |
| 127 | aaa_77_28 | 1.5658079416136874 × 10^276 |
| 126 | ov_126 | 4.9088374625813686 × 10^276 |
| 125 | ov_125 | 1.1038448883466798 × 10^277 |
| 124 | ov_124 | 2.103726237207713 × 10^277 |
| 123 | ov_123 | 3.598790769369216 × 10^277 |
| 122 | ov_122 | 5.6973054044735745 × 10^277 |
| 121 | ov_121 | 8.507549544330283 × 10^277 |
| 120 | ov_120 | 1.213783248818019 × 10^278 |
| 119 | ov_119 | 1.6696521995793366 × 10^278 |
| 118 | ov_118 | 2.2292087003008053 × 10^278 |
| 117 | ov_117 | 2.9033158454730573 × 10^278 |
| 116 | ov_116 | 3.702861222040946 × 10^278 |
| 115 | ov_115 | 4.6387678057203376 × 10^278 |
| 114 | ov_114 | 5.722007858661428 × 10^278 |
| 113 | ov_113 | 6.963621074601592 × 10^278 |
| 112 | ov_112 | 8.374738217803024 × 10^278 |
| 111 | ov_111 | 9.966610851279205 × 10^278 |
| 110 | ov_110 | 1.1750648897382421 × 10^279 |
| 109 | ov_109 | 1.3738467774558642 × 10^279 |
| 108 | ov_108 | 1.594194590642493 × 10^279 |
| 107 | ov_107 | 1.837329340083652 × 10^279 |
| 106 | ov_106 | 2.1045132699006557 × 10^279 |
| 105 | ov_105 | 2.3970591998573654 × 10^279 |
| 104 | ov_104 | 2.7163412260440986 × 10^279 |
| 103 | ov_103 | 3.0638068617964373 × 10^279 |
| 102 | ov_102 | 3.4409907019440037 × 10^279 |
| 101 | ov_101 | 3.84952969516915 × 10^279 |
| 100 | ov_100 | 4.2911801114772673 × 10^279 |
| 99 | ov_099 | 4.7678362946400907 × 10^279 |
| 98 | ov_098 | 4.767881491990392 × 10^279 |
| 97 | ov_097 | 4.76802324886397 × 10^279 |
| 96 | aaa_78_29 | 7.218413511518627 × 10^279 |
| 95 | aaa_78_28 | 2.350245416841202 × 10^280 |
| 94 | ov_094 | 7.610645018514127 × 10^280 |
| 93 | ov_093 | 1.77663927733471 × 10^281 |
| 92 | ov_092 | 3.555381539075853 × 10^281 |
| 91 | ov_091 | 6.446046390042966 × 10^281 |
| 90 | ov_090 | 1.0872540178456931 × 10^282 |
| 89 | ov_089 | 1.733399112942628 × 10^282 |
| 88 | ov_088 | 2.640489319511935 × 10^282 |
| 87 | ov_087 | 3.8735362114708295 × 10^282 |
| 86 | ov_086 | 5.570166199980881 × 10^282 |
| 85 | ov_085 | 7.810658279970962 × 10^282 |
| 84 | ov_084 | 1.0763319634442455 × 10^283 |
| 83 | ov_083 | 1.4612069341378294 × 10^283 |
| 82 | ov_082 | 1.9556698197981974 × 10^283 |
| 81 | ov_081 | 2.58131984947921 × 10^283 |
| 80 | ov_080 | 3.36141724163301 × 10^283 |
| 64 | lv_79_m31 | 3.523849401210034 × 10^283 |
| 79 | ov_079 | 4.320932775602764 × 10^283 |
| 78 | ov_078 | 5.486606965009978 × 10^283 |
| 77 | ov_077 | 6.887019705970375 × 10^283 |
| 76 | ov_076 | 8.552671276548163 × 10^283 |
| 75 | ov_075 | 1.0516075568641126 × 10^284 |
| 74 | ov_074 | 1.2811866439961651 × 10^284 |
| 73 | ov_073 | 1.547691808241002 × 10^284 |
| 63 | ov_063 | 1.8114005473436306 × 10^284 |
| 72 | ov_072 | 1.8550480314494322 × 10^284 |
| 71 | ov_071 | 2.20743297202235 × 10^284 |
| 70 | ov_070 | 2.6092937575874457 × 10^284 |
| 69 | ov_069 | 3.0653655530073515 × 10^284 |
| 68 | ov_068 | 3.580692003266161 × 10^284 |
| 67 | ov_067 | 4.160647654482281 × 10^284 |
| 66 | ov_066 | 4.160651129138634 × 10^284 |
| 65 | ov_065 | 4.160665324946108 × 10^284 |
| 62 | ov_062 | 8.202486469173806 × 10^284 |
| 61 | ov_061 | 3.0667507024887915 × 10^285 |
| 60 | ov_060 | 9.080651674035153 × 10^285 |
| 59 | ov_059 | 2.244196821451934 × 10^286 |
| 58 | ov_058 | 4.618935785888825 × 10^286 |
| 57 | ov_057 | 8.421325396231433 × 10^286 |
| 56 | ov_056 | 1.4125590511994618 × 10^287 |
| 55 | ov_055 | 2.2291148207925476 × 10^287 |
| 54 | ov_054 | 3.3562630812145638 × 10^287 |
| 53 | ov_053 | 4.866992928009937 × 10^287 |
| 52 | ov_052 | 6.84282678501395 × 10^287 |
| 51 | ov_051 | 9.455354817003004 × 10^287 |
| 50 | ov_050 | 1.2893276030776089 × 10^288 |
| 49 | ov_049 | 1.7362442906472778 × 10^288 |
| 48 | ov_048 | 2.3085924758559243 × 10^288 |
| 47 | ov_047 | 3.030409537579138 × 10^288 |
| 32 | lv_80_m31 | 3.653401317233581 × 10^288 |
| 46 | ov_046 | 3.927475239666653 × 10^288 |
| 45 | ov_045 | 5.0273277290802335 × 10^288 |
| 44 | ov_044 | 6.345073709968095 × 10^288 |
| 43 | ov_043 | 7.911837938310181 × 10^288 |
| 42 | ov_042 | 9.760587860757608 × 10^288 |
| 41 | ov_041 | 1.192617886942289 × 10^289 |
| 40 | ov_040 | 1.4427505018650315 × 10^289 |
| 39 | ov_039 | 1.728448706893201 × 10^289 |
| 31 | ov_031 | 1.8732221115924633 × 10^289 |
| 38 | ov_038 | 2.0518119400846228 × 10^289 |
| 37 | ov_037 | 2.417152071842676 × 10^289 |
| 36 | ov_036 | 2.8290136564055367 × 10^289 |
| 35 | ov_035 | 3.2921885155075997 × 10^289 |
| 34 | ov_034 | 3.811732846982855 × 10^289 |
| 33 | ov_033 | 4.3929871445994213 × 10^289 |
| 30 | ov_030 | 9.603509644781404 × 10^289 |
| 29 | ov_029 | 3.1415379972755027 × 10^290 |
| 28 | ov_028 | 8.153872368222794 × 10^290 |
| 27 | ov_027 | 1.8225620117967548 × 10^291 |
| 26 | ov_026 | 3.644845186700575 × 10^291 |
| 25 | ov_025 | 6.677745248464844 × 10^291 |
| 24 | ov_024 | 1.1403115780721742 × 10^292 |
| 23 | ov_023 | 1.838916661163886 × 10^292 |
| 22 | ov_022 | 2.8858701280349497 × 10^292 |
| 21 | ov_021 | 4.355275386823482 × 10^292 |
| 20 | ov_020 | 6.403993179353456 × 10^292 |
| 19 | ov_019 | 9.206207783014342 × 10^292 |
| 18 | ov_018 | 1.295346607262171 × 10^293 |
| 17 | ov_017 | 1.7854734205870462 × 10^293 |
| 16 | ov_016 | 2.4136476748778303 × 10^293 |
| 15 | ov_015 | 3.204276373948428 × 10^293 |
| 14 | ov_014 | 4.183541268644824 × 10^293 |
| 13 | ov_013 | 5.379417571148944 × 10^293 |
| 12 | ov_012 | 6.821698552028155 × 10^293 |
| 11 | ov_011 | 8.542027598365044 × 10^293 |
| 10 | ov_010 | 1.0573939448827787 × 10^294 |
| 9 | ov_009 | 1.2952912459684211 × 10^294 |
| 8 | ov_008 | 1.5716433894749794 × 10^294 |
| 7 | ov_007 | 1.8904080230274716 × 10^294 |
| 6 | ov_006 | 2.2557614323189205 × 10^294 |
| 5 | ov_005 | 2.6721101434737564 × 10^294 |
| 4 | ov_004 | 3.144104653192015 × 10^294 |
| 3 | ov_003 | 3.676655540165134 × 10^294 |
| 2 | ov_002 | 4.274952171903546 × 10^294 |
| 1 | ov_001 | 4.944484179274229 × 10^294 |

