# Results for F001-F002-F003-F004-F005-F006-F007-F008-F009-F010-F011-F012-F013-F014-F015-F016-F017-F018-F019-F020-F021-F022-F023-F024-F025-F026-F027-F028-F029-F030-F031-F032-F033-F034-F035-F036-F037-F038-F039-F040-F041-F042-F043-F044-F045-F046-F047-F048-F049-F050-F051-F052-F053-F054-F055-F056-F057-F058-F059-F060-F061-F062-F063-F064-F065-F066-F067-F068-F069-F070-F071-F072-F073-F074-F075-F076-F077-F078-F079-F080-F081-F082-F083-F084-F085-F086-F087-F088-F089-F090-F091-F092-F093-F094-F095-F096-F097-F098-F099-F100-F101-F102-F103-F104-F105-F106-F107-F108-F109-F110-F111-F112-F113-F114-F115-F116-F117-F118-F119-F120-F121-F122-F123-F124-F125-F126-F127-F128-F129-F130-F131-F132-F133-F134-F135-F136-F137-F138-F139-F140-F141-F142-F143-F144-F145-F146-F147-F148-F149-F150-F151-F152-F153-F154-F155-F156-F157-F158-F159-F160-F161-F162-F163-F164-F165-F166-F167-F168-F169-F170-F171-F172-F173-F174-F175-F176-F177-F178-F179-F180-F181-F182-F183-F184-F185-F186-F187-F188-F189-F190-F191-F192-F193-F194-F195-F196-F197-F198-F199-F200-F201-F202-F203-F204-F205-F206-F207-F208-F209-F210-F211-F212-F213-F214-F215-F216-F217-F218-F219-F220-F221-F222-F223-F224-F225-F226-F227-F228-F229-F230-F231-F232-F233-F234-F235-F236-F237-F238-F239-F240-F241-F242-F243-F244-F245-F246-F247-F248-F249-F250-F251-F252-F253-F254-F255-F256-F257-F258-F259-F260-F261-F262-F263-F264-F265-F266-F267-F268-F269-F270-F271-F272-F273-F274-F275-F276-F277-F278-F279-F280-F281-F282-F283-F284-F285-F286-F287-F288-F289-F290-F291-F292-F293-F294-F295-F296-F297-F298-F299-F300-F301-F302-F303-F304-F305-F306-F307-F308-F309-F310-F311-F312-F313-F314-F315-F316-F317-F318-F319-F320-F321-F322-F323-F324-F325-F326-F327-F328-F329-F330-F331-F332-F333-F334-F335-F336-F337-F338-F339-F340-F341-F342-F343-F344-F345-F346-F347-F348-F349-F350-F351-F352-F353-F354-F355-F356-F357-F358-F359-F360-F361-F362-F363-F364-F365-F366-F367-F368-F369-F370-F371-F372-F373-F374-F375-F376-F377-F378-F379-F380-F381-F382-F383-F384-F385-F386-F387-F388-F389-F390-F391-F392-F393-F394-F395-F396-F397-F398-F399-F400-F401-F402-F403-F404-F405-F406-F407-F408-F409-F410-F411-F412-F413-F414-F415-F416-F417-F418-F419-F420-F421-F422-F423-F424-F425-F426-F427-F428-F429-F430-F431-F432-F433-F434-F435-F436-F437-F438-F439-F440-F441-F442-F443-F444-F445-F446-F447-F448-F449-F450-F451-F452-F453-F454-F455-F456-F457-F458-F459-F460-F461-F462-F463-F464-F465-F466-F467-F468-F469-F470-F471-F472-F473-F474-F475-F476-F477-F478-F479-F480-F481-F482-F483-F484-F485-F486-F487-F488-F489-F490-F491-F492-F493-F494-F495-F496-F497-F498-F499-F500-F501-E507509-O507508

## Summary

Number of input bits: 512  
Number of free input bits: 9  
Number of output bits: 160

Number of direct occurrences: 37872  
Number of assignments: 31606  
Number of operations: 11565584
(xor: 11535539,
and: 16752,
or: 13293)

Total complexity: 5.001516215467007 × 10^304

Least occurring input variable: iv_504 (3979)  
Most occurring input variable: iv_507 (4570)

Most co-occurring input variables: iv_511-iv_512 (2171)  
Least co-occurring input variables: iv_502-iv_504 (1790)

Potentially most occurring input variable: iv_507/iv_512 (4795)  
Potentially least occurring input variable: iv_504/iv_506 (4236)

Least output occurring input variable: iv_504 (72)  
Most output occurring input variable: iv_511 (85)

Most output co-occurring input variables: iv_511-iv_512 (46)  
Least output co-occurring input variables: iv_503-iv_504 (30)

Potentially most output occurring input variable: iv_503/iv_504 (95)  
Potentially least output occurring input variable: iv_504/iv_505 (68)

Least complex input bit: iv_502 (7.81597826928795 × 10^302)  
Most complex input bit: iv_507 (1.3767404520308124 × 10^304)

Least complex output bit: aaa_76_29 (1.1438517410106712 × 10^279)  
Most complex output bit: ov_001 (7.855493698039132 × 10^303)

Least complex input/output complexity: iv_502/aaa_76_29 (1.7875220164995105 × 10^277)  
Most complex input/output complexity: iv_507/ov_001 (2.1623394744415038 × 10^303)

Input variable with highest collision probability: iv_502 (½^160.00000000000045)

## Input Bits

### Input Bits in Regular Order

| Input Bit | Complexity | Occurrences | Output Occurrences | Collision Probability |
|:---------:|:----------:|:-----------:|:------------------:|:---------------------:|
| iv_502 | 7.81597826928795 × 10^302 | 3981 | 77 | ½^160.00000000000045 |
| iv_503 | 1.3746680284913324 × 10^303 | 4188 | 83 | ½^160.00000000000068 |
| iv_504 | 2.25832687148426 × 10^303 | 3979 | 72 | ½^160.00000000000077 |
| iv_505 | 3.549198504861409 × 10^303 | 4193 | 78 | ½^160.0000000000007 |
| iv_506 | 1.8496686537500518 × 10^303 | 4085 | 79 | ½^160.00000000000063 |
| iv_507 | 1.3767404520308124 × 10^304 | 4570 | 76 | ½^160.00000000000065 |
| iv_510 | 1.2982693561384008 × 10^304 | 4199 | 74 | ½^160.00000000000074 |
| iv_511 | 6.250445337420894 × 10^303 | 4258 | 85 | ½^160.00000000000068 |
| iv_512 | 7.201158850041234 × 10^303 | 4419 | 77 | ½^160.000000000001 |

### Input Bits Sorted by Complexity

| Input Bit | Complexity | Occurrences | Output Occurrences | Collision Probability |
|:---------:|:----------:|:-----------:|:------------------:|:---------------------:|
| iv_502 | 7.81597826928795 × 10^302 | 3981 | 77 | ½^160.00000000000045 |
| iv_503 | 1.3746680284913324 × 10^303 | 4188 | 83 | ½^160.00000000000068 |
| iv_506 | 1.8496686537500518 × 10^303 | 4085 | 79 | ½^160.00000000000063 |
| iv_504 | 2.25832687148426 × 10^303 | 3979 | 72 | ½^160.00000000000077 |
| iv_505 | 3.549198504861409 × 10^303 | 4193 | 78 | ½^160.0000000000007 |
| iv_511 | 6.250445337420894 × 10^303 | 4258 | 85 | ½^160.00000000000068 |
| iv_512 | 7.201158850041234 × 10^303 | 4419 | 77 | ½^160.000000000001 |
| iv_510 | 1.2982693561384008 × 10^304 | 4199 | 74 | ½^160.00000000000074 |
| iv_507 | 1.3767404520308124 × 10^304 | 4570 | 76 | ½^160.00000000000065 |

### Input Bits Sorted by Occurrences

| Input Bit | Complexity | Occurrences | Output Occurrences | Collision Probability |
|:---------:|:----------:|:-----------:|:------------------:|:---------------------:|
| iv_504 | 2.25832687148426 × 10^303 | 3979 | 72 | ½^160.00000000000077 |
| iv_502 | 7.81597826928795 × 10^302 | 3981 | 77 | ½^160.00000000000045 |
| iv_506 | 1.8496686537500518 × 10^303 | 4085 | 79 | ½^160.00000000000063 |
| iv_503 | 1.3746680284913324 × 10^303 | 4188 | 83 | ½^160.00000000000068 |
| iv_505 | 3.549198504861409 × 10^303 | 4193 | 78 | ½^160.0000000000007 |
| iv_510 | 1.2982693561384008 × 10^304 | 4199 | 74 | ½^160.00000000000074 |
| iv_511 | 6.250445337420894 × 10^303 | 4258 | 85 | ½^160.00000000000068 |
| iv_512 | 7.201158850041234 × 10^303 | 4419 | 77 | ½^160.000000000001 |
| iv_507 | 1.3767404520308124 × 10^304 | 4570 | 76 | ½^160.00000000000065 |

### Input Bits Sorted by Output Occurrences

| Input Bit | Complexity | Occurrences | Output Occurrences | Collision Probability |
|:---------:|:----------:|:-----------:|:------------------:|:---------------------:|
| iv_504 | 2.25832687148426 × 10^303 | 3979 | 72 | ½^160.00000000000077 |
| iv_510 | 1.2982693561384008 × 10^304 | 4199 | 74 | ½^160.00000000000074 |
| iv_507 | 1.3767404520308124 × 10^304 | 4570 | 76 | ½^160.00000000000065 |
| iv_502 | 7.81597826928795 × 10^302 | 3981 | 77 | ½^160.00000000000045 |
| iv_512 | 7.201158850041234 × 10^303 | 4419 | 77 | ½^160.000000000001 |
| iv_505 | 3.549198504861409 × 10^303 | 4193 | 78 | ½^160.0000000000007 |
| iv_506 | 1.8496686537500518 × 10^303 | 4085 | 79 | ½^160.00000000000063 |
| iv_503 | 1.3746680284913324 × 10^303 | 4188 | 83 | ½^160.00000000000068 |
| iv_511 | 6.250445337420894 × 10^303 | 4258 | 85 | ½^160.00000000000068 |

### Input Bits Sorted by Collision Probability

| Input Bit | Complexity | Occurrences | Output Occurrences | Collision Probability |
|:---------:|:----------:|:-----------:|:------------------:|:---------------------:|
| iv_502 | 7.81597826928795 × 10^302 | 3981 | 77 | ½^160.00000000000045 |
| iv_506 | 1.8496686537500518 × 10^303 | 4085 | 79 | ½^160.00000000000063 |
| iv_507 | 1.3767404520308124 × 10^304 | 4570 | 76 | ½^160.00000000000065 |
| iv_511 | 6.250445337420894 × 10^303 | 4258 | 85 | ½^160.00000000000068 |
| iv_503 | 1.3746680284913324 × 10^303 | 4188 | 83 | ½^160.00000000000068 |
| iv_505 | 3.549198504861409 × 10^303 | 4193 | 78 | ½^160.0000000000007 |
| iv_510 | 1.2982693561384008 × 10^304 | 4199 | 74 | ½^160.00000000000074 |
| iv_504 | 2.25832687148426 × 10^303 | 3979 | 72 | ½^160.00000000000077 |
| iv_512 | 7.201158850041234 × 10^303 | 4419 | 77 | ½^160.000000000001 |

## Input Bit/Output Bit Collision Probabilities

| Input Bit | Output Bit | Collision Probability |
|:---------:|:----------:|:---------------------:|
| iv_507 | ov_023 | 0.5000000000000038 |
| iv_507 | ov_008 | 0.5000000000000033 |
| iv_506 | ov_154 | 0.5000000000000027 |
| iv_502 | ov_021 | 0.5000000000000022 |
| iv_502 | ov_059 | 0.5000000000000022 |
| iv_502 | ov_121 | 0.500000000000002 |
| iv_502 | ov_151 | 0.500000000000002 |
| iv_502 | ov_043 | 0.5000000000000018 |
| iv_502 | ov_143 | 0.5000000000000018 |

## Input Bit Co-occurrences

### Input Bit Co-occurrences Sorted by Co-occurrences

| Input Bits | Co-occurrences | Potential Occurrences | Output Co-occurrences | Potential Output Occurrences |
|:----------:|:--------------:|:---------------------:|:---------------------:|:----------------------------:|
| iv_511-iv_512 | 2171 | 4335 | 46 | 70 |
| iv_507-iv_512 | 2097 | 4795 | 33 | 87 |
| iv_505-iv_507 | 2095 | 4573 | 37 | 80 |
| iv_503-iv_512 | 2087 | 4433 | 38 | 84 |
| iv_510-iv_512 | 2082 | 4454 | 39 | 73 |
| iv_503-iv_507 | 2068 | 4622 | 41 | 77 |
| iv_505-iv_512 | 2068 | 4476 | 36 | 83 |
| iv_507-iv_511 | 2063 | 4702 | 43 | 75 |
| iv_507-iv_510 | 2037 | 4695 | 34 | 82 |

### Input Bit Co-occurrences Sorted by Potential Occurrences

| Input Bits | Co-occurrences | Potential Occurrences | Output Co-occurrences | Potential Output Occurrences |
|:----------:|:--------------:|:---------------------:|:---------------------:|:----------------------------:|
| iv_504-iv_506 | 1914 | 4236 | 41 | 69 |
| iv_503-iv_506 | 2015 | 4243 | 41 | 80 |
| iv_502-iv_505 | 1951 | 4272 | 41 | 73 |
| iv_504-iv_505 | 1944 | 4284 | 41 | 68 |
| iv_511-iv_512 | 2171 | 4335 | 46 | 70 |
| iv_506-iv_510 | 1967 | 4350 | 38 | 77 |
| iv_502-iv_506 | 1850 | 4366 | 33 | 90 |
| iv_502-iv_504 | 1790 | 4380 | 32 | 85 |
| iv_510-iv_511 | 2036 | 4385 | 42 | 75 |

### Input Bit Output Co-occurrences Sorted by Output Co-occurrences

| Input Bits | Co-occurrences | Potential Occurrences | Output Co-occurrences | Potential Output Occurrences |
|:----------:|:--------------:|:---------------------:|:---------------------:|:----------------------------:|
| iv_511-iv_512 | 2171 | 4335 | 46 | 70 |
| iv_502-iv_511 | 1912 | 4415 | 45 | 72 |
| iv_503-iv_505 | 1989 | 4403 | 45 | 71 |
| iv_503-iv_510 | 1960 | 4467 | 44 | 69 |
| iv_507-iv_511 | 2063 | 4702 | 43 | 75 |
| iv_502-iv_503 | 1869 | 4431 | 42 | 76 |
| iv_510-iv_511 | 2036 | 4385 | 42 | 75 |
| iv_506-iv_511 | 1947 | 4449 | 42 | 80 |
| iv_505-iv_506 | 1888 | 4502 | 42 | 73 |

### Input Bit Output Co-occurrences Sorted by Potential Output Occurrences

| Input Bits | Co-occurrences | Potential Occurrences | Output Co-occurrences | Potential Output Occurrences |
|:----------:|:--------------:|:---------------------:|:---------------------:|:----------------------------:|
| iv_504-iv_505 | 1944 | 4284 | 41 | 68 |
| iv_503-iv_510 | 1960 | 4467 | 44 | 69 |
| iv_504-iv_506 | 1914 | 4236 | 41 | 69 |
| iv_511-iv_512 | 2171 | 4335 | 46 | 70 |
| iv_503-iv_505 | 1989 | 4403 | 45 | 71 |
| iv_502-iv_511 | 1912 | 4415 | 45 | 72 |
| iv_502-iv_505 | 1951 | 4272 | 41 | 73 |
| iv_510-iv_512 | 2082 | 4454 | 39 | 73 |
| iv_505-iv_506 | 1888 | 4502 | 42 | 73 |

## Output Bits

### Output Bits in Regular Order

| Rank | Output Bit | Complexity |
|:----:|:----------:|:----------:|
| 1 | ov_001 | 7.855493698039132 × 10^303 |
| 2 | ov_002 | 6.840291257572405 × 10^303 |
| 3 | ov_003 | 5.9227545567967525 × 10^303 |
| 4 | ov_004 | 5.098839501073331 × 10^303 |
| 5 | ov_005 | 4.3647237501332035 × 10^303 |
| 6 | ov_006 | 3.713365722217681 × 10^303 |
| 7 | ov_007 | 3.138095165878707 × 10^303 |
| 8 | ov_008 | 2.6325906265650827 × 10^303 |
| 9 | ov_009 | 2.1908600614360533 × 10^303 |
| 10 | ov_010 | 1.807224248992357 × 10^303 |
| 11 | ov_011 | 1.4763027220028396 × 10^303 |
| 12 | ov_012 | 1.1930020299293998 × 10^303 |
| 13 | ov_013 | 9.525061519330995 × 10^302 |
| 14 | ov_014 | 7.5026884101524335 × 10^302 |
| 15 | ov_015 | 5.82007642766286 × 10^302 |
| 16 | ov_016 | 4.436993329289491 × 10^302 |
| 17 | ov_017 | 3.315765369799932 × 10^302 |
| 18 | ov_018 | 2.4212531385447037 × 10^302 |
| 19 | ov_019 | 1.7208350480536726 × 10^302 |
| 20 | ov_020 | 1.1843966723096705 × 10^302 |
| 21 | ov_021 | 7.843243212546725 × 10^301 |
| 22 | ov_022 | 4.955014262299232 × 10^301 |
| 23 | ov_023 | 2.953065529666731 × 10^301 |
| 24 | ov_024 | 1.6361223857422918 × 10^301 |
| 25 | ov_025 | 8.278426590163748 × 10^300 |
| 26 | ov_026 | 3.7681228213007065 × 10^300 |
| 27 | ov_027 | 1.5654295595247497 × 10^300 |
| 28 | ov_028 | 6.547106602659008 × 10^299 |
| 29 | ov_029 | 2.6957268705622334 × 10^299 |
| 30 | ov_030 | 8.912934912012303 × 10^298 |
| 31 | ov_031 | 2.1565782581284062 × 10^298 |
| 32 | lv_80_m31 | 5.216446979541957 × 10^297 |
| 33 | ov_033 | 6.248112937500178 × 10^298 |
| 34 | ov_034 | 5.405218358986553 × 10^298 |
| 35 | ov_035 | 4.653333302715465 × 10^298 |
| 36 | ov_036 | 3.985065658264897 × 10^298 |
| 37 | ov_037 | 3.3934214941169093 × 10^298 |
| 38 | ov_038 | 2.8717767961211986 × 10^298 |
| 39 | ov_039 | 2.4138530668299203 × 10^298 |
| 40 | ov_040 | 2.0136964182163223 × 10^298 |
| 41 | ov_041 | 1.6656598086897876 × 10^298 |
| 42 | ov_042 | 1.3643880933118429 × 10^298 |
| 43 | ov_043 | 1.1048055738060477 × 10^298 |
| 44 | ov_044 | 8.821057524201463 × 10^297 |
| 45 | ov_045 | 6.917430110001562 × 10^297 |
| 46 | ov_046 | 5.3150883214039074 × 10^297 |
| 47 | ov_047 | 3.993203375135314 × 10^297 |
| 48 | ov_048 | 2.9321799432160676 × 10^297 |
| 49 | ov_049 | 2.0964620467571935 × 10^297 |
| 50 | ov_050 | 1.4528896879713673 × 10^297 |
| 51 | ov_051 | 9.70682288345316 × 10^296 |
| 52 | ov_052 | 6.214270766478812 × 10^296 |
| 53 | ov_053 | 3.790715007221643 × 10^296 |
| 54 | ov_054 | 2.199187258409362 × 10^296 |
| 55 | ov_055 | 1.2262520265440989 × 10^296 |
| 56 | ov_056 | 6.819941345168247 × 10^295 |
| 57 | ov_057 | 4.0001200382634113 × 10^295 |
| 58 | ov_058 | 2.3741386264570524 × 10^295 |
| 59 | ov_059 | 1.2863093670860973 × 10^295 |
| 60 | ov_060 | 6.190993647073976 × 10^294 |
| 61 | ov_061 | 2.549765754909465 × 10^294 |
| 62 | ov_062 | 8.431625721440468 × 10^293 |
| 63 | ov_063 | 2.040311857169825 × 10^293 |
| 64 | lv_79_m31 | 4.935378448020682 × 10^292 |
| 65 | ov_065 | 5.832160712503682 × 10^293 |
| 66 | ov_066 | 5.8321475765986465 × 10^293 |
| 67 | ov_067 | 5.832143424003304 × 10^293 |
| 68 | ov_068 | 5.041434760877636 × 10^293 |
| 69 | ov_069 | 4.331911180384884 × 10^293 |
| 70 | ov_070 | 3.700315999633844 × 10^293 |
| 71 | ov_071 | 3.1406176771560615 × 10^293 |
| 72 | ov_072 | 2.6470798322543186 × 10^293 |
| 73 | ov_073 | 2.2142429193277516 × 10^293 |
| 74 | ov_074 | 1.836909194925299 × 10^293 |
| 75 | ov_075 | 1.5101305673741351 × 10^293 |
| 76 | ov_076 | 1.2291989406697164 × 10^293 |
| 77 | ov_077 | 9.896386854594907 × 10^292 |
| 78 | ov_078 | 7.872008905393004 × 10^292 |
| 79 | ov_079 | 6.1785906842731 × 10^292 |
| 80 | ov_080 | 4.778060083842524 × 10^292 |
| 81 | ov_081 | 3.6345148979383465 × 10^292 |
| 82 | ov_082 | 2.7142058817108307 × 10^292 |
| 83 | ov_083 | 1.9855235038373302 × 10^292 |
| 84 | ov_084 | 1.418987077195273 × 10^292 |
| 85 | ov_085 | 9.872358029266095 × 10^291 |
| 86 | ov_086 | 6.650215378327071 × 10^291 |
| 87 | ov_087 | 4.292030951537588 × 10^291 |
| 88 | ov_088 | 2.5874188884972818 × 10^291 |
| 89 | ov_089 | 1.4364380965137327 × 10^291 |
| 90 | ov_090 | 7.496377944344097 × 10^290 |
| 91 | ov_091 | 3.795546746490605 × 10^290 |
| 92 | ov_092 | 1.9967360754630013 × 10^290 |
| 93 | ov_093 | 1.0442292792195404 × 10^290 |
| 94 | ov_094 | 4.625228105956078 × 10^289 |
| 95 | aaa_78_28 | 1.4691546529091928 × 10^289 |
| 96 | aaa_78_29 | 5.46467306627157 × 10^288 |
| 97 | ov_097 | 4.66288510560944 × 10^288 |
| 98 | ov_098 | 4.662853875660027 × 10^288 |
| 99 | ov_099 | 4.662843907215752 × 10^288 |
| 100 | ov_100 | 3.9334990239123733 × 10^288 |
| 101 | ov_101 | 3.293788995264943 × 10^288 |
| 102 | ov_102 | 2.7360303098676733 × 10^288 |
| 103 | ov_103 | 2.2529588752759008 × 10^288 |
| 104 | ov_104 | 1.8376993408798597 × 10^288 |
| 105 | ov_105 | 1.4837384695152875 × 10^288 |
| 106 | ov_106 | 1.1849021829682756 × 10^288 |
| 107 | ov_107 | 9.353359266444838 × 10^287 |
| 108 | ov_108 | 7.294880179519124 × 10^287 |
| 109 | ov_109 | 5.620956615337058 × 10^287 |
| 110 | ov_110 | 4.28173332507536 × 10^287 |
| 111 | ov_111 | 3.2300324643047157 × 10^287 |
| 112 | ov_112 | 2.421276519092645 × 10^287 |
| 113 | ov_113 | 1.8134269869920246 × 10^287 |
| 114 | ov_114 | 1.3669365084938224 × 10^287 |
| 115 | ov_115 | 1.0447123101489094 × 10^287 |
| 116 | ov_116 | 8.120889851245223 × 10^286 |
| 117 | ov_117 | 6.368088008100627 × 10^286 |
| 118 | ov_118 | 4.890078864912798 × 10^286 |
| 119 | ov_119 | 3.6630736248342114 × 10^286 |
| 120 | ov_120 | 2.6633153298233593 × 10^286 |
| 121 | ov_121 | 1.867063439197748 × 10^286 |
| 122 | ov_122 | 1.250585994694632 × 10^286 |
| 123 | ov_123 | 7.901559462064591 × 10^285 |
| 124 | ov_124 | 4.6204901341154916 × 10^285 |
| 125 | ov_125 | 2.4254228310170348 × 10^285 |
| 126 | ov_126 | 1.0791340268383435 × 10^285 |
| 127 | aaa_77_28 | 3.4440198635481274 × 10^284 |
| 128 | aaa_77_29 | 1.2901032446506143 × 10^284 |
| 129 | ov_129 | 1.1829239454257894 × 10^284 |
| 130 | ov_130 | 1.1829211631299578 × 10^284 |
| 131 | ov_131 | 1.182920269476103 × 10^284 |
| 132 | ov_132 | 1.0229745874124872 × 10^284 |
| 133 | ov_133 | 8.799836744588149 × 10^283 |
| 134 | ov_134 | 7.526401295434569 × 10^283 |
| 135 | ov_135 | 6.3970952093061 × 10^283 |
| 136 | ov_136 | 5.400250781749378 × 10^283 |
| 137 | ov_137 | 4.524830591477324 × 10^283 |
| 138 | ov_138 | 3.760387433232866 × 10^283 |
| 139 | ov_139 | 3.0970299349327924 × 10^283 |
| 140 | ov_140 | 2.5253932731818 × 10^283 |
| 141 | ov_141 | 2.0366144334802375 × 10^283 |
| 142 | ov_142 | 1.6223114929085907 × 10^283 |
| 143 | ov_143 | 1.274566433932706 × 10^283 |
| 144 | ov_144 | 9.859110534417152 × 10^282 |
| 145 | ov_145 | 7.49315611326381 × 10^282 |
| 146 | ov_146 | 5.581798927495894 × 10^282 |
| 147 | ov_147 | 4.0632633782937864 × 10^282 |
| 148 | ov_148 | 2.8799489698266825 × 10^282 |
| 149 | ov_149 | 1.9783929970492568 × 10^282 |
| 150 | ov_150 | 1.3092445405403785 × 10^282 |
| 151 | ov_151 | 8.27247235804994 × 10^281 |
| 152 | ov_152 | 4.912285790867709 × 10^281 |
| 153 | ov_153 | 2.640938262982894 × 10^281 |
| 154 | ov_154 | 1.2831451362024629 × 10^281 |
| 155 | ov_155 | 5.494357857260876 × 10^280 |
| 156 | aaa_76_25 | 1.9106324542710297 × 10^280 |
| 157 | aaa_76_26 | 1.1758795329457958 × 10^280 |
| 158 | aaa_76_27 | 6.447126153128944 × 10^279 |
| 159 | aaa_76_28 | 3.0380913815965184 × 10^279 |
| 160 | aaa_76_29 | 1.1438517410106712 × 10^279 |

### Output Bits Sorted by Complexity

| Rank | Output Bit | Complexity |
|:----:|:----------:|:----------:|
| 160 | aaa_76_29 | 1.1438517410106712 × 10^279 |
| 159 | aaa_76_28 | 3.0380913815965184 × 10^279 |
| 158 | aaa_76_27 | 6.447126153128944 × 10^279 |
| 157 | aaa_76_26 | 1.1758795329457958 × 10^280 |
| 156 | aaa_76_25 | 1.9106324542710297 × 10^280 |
| 155 | ov_155 | 5.494357857260876 × 10^280 |
| 154 | ov_154 | 1.2831451362024629 × 10^281 |
| 153 | ov_153 | 2.640938262982894 × 10^281 |
| 152 | ov_152 | 4.912285790867709 × 10^281 |
| 151 | ov_151 | 8.27247235804994 × 10^281 |
| 150 | ov_150 | 1.3092445405403785 × 10^282 |
| 149 | ov_149 | 1.9783929970492568 × 10^282 |
| 148 | ov_148 | 2.8799489698266825 × 10^282 |
| 147 | ov_147 | 4.0632633782937864 × 10^282 |
| 146 | ov_146 | 5.581798927495894 × 10^282 |
| 145 | ov_145 | 7.49315611326381 × 10^282 |
| 144 | ov_144 | 9.859110534417152 × 10^282 |
| 143 | ov_143 | 1.274566433932706 × 10^283 |
| 142 | ov_142 | 1.6223114929085907 × 10^283 |
| 141 | ov_141 | 2.0366144334802375 × 10^283 |
| 140 | ov_140 | 2.5253932731818 × 10^283 |
| 139 | ov_139 | 3.0970299349327924 × 10^283 |
| 138 | ov_138 | 3.760387433232866 × 10^283 |
| 137 | ov_137 | 4.524830591477324 × 10^283 |
| 136 | ov_136 | 5.400250781749378 × 10^283 |
| 135 | ov_135 | 6.3970952093061 × 10^283 |
| 134 | ov_134 | 7.526401295434569 × 10^283 |
| 133 | ov_133 | 8.799836744588149 × 10^283 |
| 132 | ov_132 | 1.0229745874124872 × 10^284 |
| 131 | ov_131 | 1.182920269476103 × 10^284 |
| 130 | ov_130 | 1.1829211631299578 × 10^284 |
| 129 | ov_129 | 1.1829239454257894 × 10^284 |
| 128 | aaa_77_29 | 1.2901032446506143 × 10^284 |
| 127 | aaa_77_28 | 3.4440198635481274 × 10^284 |
| 126 | ov_126 | 1.0791340268383435 × 10^285 |
| 125 | ov_125 | 2.4254228310170348 × 10^285 |
| 124 | ov_124 | 4.6204901341154916 × 10^285 |
| 123 | ov_123 | 7.901559462064591 × 10^285 |
| 122 | ov_122 | 1.250585994694632 × 10^286 |
| 121 | ov_121 | 1.867063439197748 × 10^286 |
| 120 | ov_120 | 2.6633153298233593 × 10^286 |
| 119 | ov_119 | 3.6630736248342114 × 10^286 |
| 118 | ov_118 | 4.890078864912798 × 10^286 |
| 117 | ov_117 | 6.368088008100627 × 10^286 |
| 116 | ov_116 | 8.120889851245223 × 10^286 |
| 115 | ov_115 | 1.0447123101489094 × 10^287 |
| 114 | ov_114 | 1.3669365084938224 × 10^287 |
| 113 | ov_113 | 1.8134269869920246 × 10^287 |
| 112 | ov_112 | 2.421276519092645 × 10^287 |
| 111 | ov_111 | 3.2300324643047157 × 10^287 |
| 110 | ov_110 | 4.28173332507536 × 10^287 |
| 109 | ov_109 | 5.620956615337058 × 10^287 |
| 108 | ov_108 | 7.294880179519124 × 10^287 |
| 107 | ov_107 | 9.353359266444838 × 10^287 |
| 106 | ov_106 | 1.1849021829682756 × 10^288 |
| 105 | ov_105 | 1.4837384695152875 × 10^288 |
| 104 | ov_104 | 1.8376993408798597 × 10^288 |
| 103 | ov_103 | 2.2529588752759008 × 10^288 |
| 102 | ov_102 | 2.7360303098676733 × 10^288 |
| 101 | ov_101 | 3.293788995264943 × 10^288 |
| 100 | ov_100 | 3.9334990239123733 × 10^288 |
| 99 | ov_099 | 4.662843907215752 × 10^288 |
| 98 | ov_098 | 4.662853875660027 × 10^288 |
| 97 | ov_097 | 4.66288510560944 × 10^288 |
| 96 | aaa_78_29 | 5.46467306627157 × 10^288 |
| 95 | aaa_78_28 | 1.4691546529091928 × 10^289 |
| 94 | ov_094 | 4.625228105956078 × 10^289 |
| 93 | ov_093 | 1.0442292792195404 × 10^290 |
| 92 | ov_092 | 1.9967360754630013 × 10^290 |
| 91 | ov_091 | 3.795546746490605 × 10^290 |
| 90 | ov_090 | 7.496377944344097 × 10^290 |
| 89 | ov_089 | 1.4364380965137327 × 10^291 |
| 88 | ov_088 | 2.5874188884972818 × 10^291 |
| 87 | ov_087 | 4.292030951537588 × 10^291 |
| 86 | ov_086 | 6.650215378327071 × 10^291 |
| 85 | ov_085 | 9.872358029266095 × 10^291 |
| 84 | ov_084 | 1.418987077195273 × 10^292 |
| 83 | ov_083 | 1.9855235038373302 × 10^292 |
| 82 | ov_082 | 2.7142058817108307 × 10^292 |
| 81 | ov_081 | 3.6345148979383465 × 10^292 |
| 80 | ov_080 | 4.778060083842524 × 10^292 |
| 64 | lv_79_m31 | 4.935378448020682 × 10^292 |
| 79 | ov_079 | 6.1785906842731 × 10^292 |
| 78 | ov_078 | 7.872008905393004 × 10^292 |
| 77 | ov_077 | 9.896386854594907 × 10^292 |
| 76 | ov_076 | 1.2291989406697164 × 10^293 |
| 75 | ov_075 | 1.5101305673741351 × 10^293 |
| 74 | ov_074 | 1.836909194925299 × 10^293 |
| 63 | ov_063 | 2.040311857169825 × 10^293 |
| 73 | ov_073 | 2.2142429193277516 × 10^293 |
| 72 | ov_072 | 2.6470798322543186 × 10^293 |
| 71 | ov_071 | 3.1406176771560615 × 10^293 |
| 70 | ov_070 | 3.700315999633844 × 10^293 |
| 69 | ov_069 | 4.331911180384884 × 10^293 |
| 68 | ov_068 | 5.041434760877636 × 10^293 |
| 67 | ov_067 | 5.832143424003304 × 10^293 |
| 66 | ov_066 | 5.8321475765986465 × 10^293 |
| 65 | ov_065 | 5.832160712503682 × 10^293 |
| 62 | ov_062 | 8.431625721440468 × 10^293 |
| 61 | ov_061 | 2.549765754909465 × 10^294 |
| 60 | ov_060 | 6.190993647073976 × 10^294 |
| 59 | ov_059 | 1.2863093670860973 × 10^295 |
| 58 | ov_058 | 2.3741386264570524 × 10^295 |
| 57 | ov_057 | 4.0001200382634113 × 10^295 |
| 56 | ov_056 | 6.819941345168247 × 10^295 |
| 55 | ov_055 | 1.2262520265440989 × 10^296 |
| 54 | ov_054 | 2.199187258409362 × 10^296 |
| 53 | ov_053 | 3.790715007221643 × 10^296 |
| 52 | ov_052 | 6.214270766478812 × 10^296 |
| 51 | ov_051 | 9.70682288345316 × 10^296 |
| 50 | ov_050 | 1.4528896879713673 × 10^297 |
| 49 | ov_049 | 2.0964620467571935 × 10^297 |
| 48 | ov_048 | 2.9321799432160676 × 10^297 |
| 47 | ov_047 | 3.993203375135314 × 10^297 |
| 32 | lv_80_m31 | 5.216446979541957 × 10^297 |
| 46 | ov_046 | 5.3150883214039074 × 10^297 |
| 45 | ov_045 | 6.917430110001562 × 10^297 |
| 44 | ov_044 | 8.821057524201463 × 10^297 |
| 43 | ov_043 | 1.1048055738060477 × 10^298 |
| 42 | ov_042 | 1.3643880933118429 × 10^298 |
| 41 | ov_041 | 1.6656598086897876 × 10^298 |
| 40 | ov_040 | 2.0136964182163223 × 10^298 |
| 31 | ov_031 | 2.1565782581284062 × 10^298 |
| 39 | ov_039 | 2.4138530668299203 × 10^298 |
| 38 | ov_038 | 2.8717767961211986 × 10^298 |
| 37 | ov_037 | 3.3934214941169093 × 10^298 |
| 36 | ov_036 | 3.985065658264897 × 10^298 |
| 35 | ov_035 | 4.653333302715465 × 10^298 |
| 34 | ov_034 | 5.405218358986553 × 10^298 |
| 33 | ov_033 | 6.248112937500178 × 10^298 |
| 30 | ov_030 | 8.912934912012303 × 10^298 |
| 29 | ov_029 | 2.6957268705622334 × 10^299 |
| 28 | ov_028 | 6.547106602659008 × 10^299 |
| 27 | ov_027 | 1.5654295595247497 × 10^300 |
| 26 | ov_026 | 3.7681228213007065 × 10^300 |
| 25 | ov_025 | 8.278426590163748 × 10^300 |
| 24 | ov_024 | 1.6361223857422918 × 10^301 |
| 23 | ov_023 | 2.953065529666731 × 10^301 |
| 22 | ov_022 | 4.955014262299232 × 10^301 |
| 21 | ov_021 | 7.843243212546725 × 10^301 |
| 20 | ov_020 | 1.1843966723096705 × 10^302 |
| 19 | ov_019 | 1.7208350480536726 × 10^302 |
| 18 | ov_018 | 2.4212531385447037 × 10^302 |
| 17 | ov_017 | 3.315765369799932 × 10^302 |
| 16 | ov_016 | 4.436993329289491 × 10^302 |
| 15 | ov_015 | 5.82007642766286 × 10^302 |
| 14 | ov_014 | 7.5026884101524335 × 10^302 |
| 13 | ov_013 | 9.525061519330995 × 10^302 |
| 12 | ov_012 | 1.1930020299293998 × 10^303 |
| 11 | ov_011 | 1.4763027220028396 × 10^303 |
| 10 | ov_010 | 1.807224248992357 × 10^303 |
| 9 | ov_009 | 2.1908600614360533 × 10^303 |
| 8 | ov_008 | 2.6325906265650827 × 10^303 |
| 7 | ov_007 | 3.138095165878707 × 10^303 |
| 6 | ov_006 | 3.713365722217681 × 10^303 |
| 5 | ov_005 | 4.3647237501332035 × 10^303 |
| 4 | ov_004 | 5.098839501073331 × 10^303 |
| 3 | ov_003 | 5.9227545567967525 × 10^303 |
| 2 | ov_002 | 6.840291257572405 × 10^303 |
| 1 | ov_001 | 7.855493698039132 × 10^303 |

