# Results for F001-F002-F003-F004-F005-F006-F007-F008-F009-F010-F011-F012-F013-F014-F015-F016-F017-F018-F019-F020-F021-F022-F023-F024-F025-F026-F027-F028-F029-F030-F031-F032-F033-F034-F035-F036-F037-F038-F039-F040-F041-F042-F043-F044-F045-F046-F047-F048-F049-F050-F051-F052-F053-F054-F055-F056-F057-F058-F059-F060-F061-F062-F063-F064-F065-F066-F067-F068-F069-F070-F071-F072-F073-F074-F075-F076-F077-F078-F079-F080-F081-F082-F083-F084-F085-F086-F087-F088-F089-F090-F091-F092-F093-F094-F095-F096-F097-F098-F099-F100-F101-F102-F103-F104-F105-F106-F107-F108-F109-F110-F111-F112-F113-F114-F115-F116-F117-F118-F119-F120-F121-F122-F123-F124-F125-F126-F127-F128-F129-F130-F131-F132-F133-F134-F135-F136-F137-F138-F139-F140-F141-F142-F143-F144-F145-F146-F147-F148-F149-F150-F151-F152-F153-F154-F155-F156-F157-F158-F159-F160-F161-F162-F163-F164-F165-F166-F167-F168-F169-F170-F171-F172-F173-F174-F175-F176-F177-F178-F179-F180-F181-F182-F183-F184-F185-F186-F187-F188-F189-F190-F191-F192-F193-F194-F195-F196-F197-F198-F199-F200-F201-F202-F203-F204-F205-F206-F207-F208-F209-F210-F211-F212-F213-F214-F215-F216-F217-F218-F219-F220-F221-F222-F223-F224-F225-F226-F227-F228-F229-F230-F231-F232-F233-F234-F235-F236-F237-F238-F239-F240-F241-F242-F243-F244-F245-F246-F247-F248-F249-F250-F251-F252-F253-F254-F255-F256-F257-F258-F259-F260-F261-F262-F263-F264-F265-F266-F267-F268-F269-F270-F271-F272-F273-F274-F275-F276-F277-F278-F279-F280-F281-F282-F283-F284-F285-F286-F287-F288-F289-F290-F291-F292-F293-F294-F295-F296-F297-F298-F299-F300-F301-F302-F303-F304-F305-F306-F307-F308-F309-F310-F311-F312-F313-F314-F315-F316-F317-F318-F319-F320-F321-F322-F323-F324-F325-F326-F327-F328-F329-F330-F331-F332-F333-F334-F335-F336-F337-F338-F339-F340-F341-F342-F343-F344-F345-F346-F347-F348-F349-F350-F351-F352-F353-F354-F355-F356-F357-F358-F359-F360-F361-F362-F363-F364-F365-F366-F367-F368-F369-F370-F371-F372-F373-F374-F375-F376-F377-F378-F379-F380-F381-F382-F383-F384-F385-F386-F387-F388-F389-F390-F391-F392-F393-F394-F395-F396-F397-F398-F399-F400-F401-F402-F403-F404-F405-F406-F407-F408-F409-F410-F411-F412-F413-F414-F415-F416-F417-F418-F419-F420-F421-F422-F423-F424-F425-F426-F427-F428-F429-F430-F431-F432-F433-F434-F435-F436-F437-F438-F439-F440-F441-F442-F443-F444-F445-F446-F447-F448-F449-F450-F451-F452-F453-F454-F455-F456-F457-F458-F459-F460-F461-F462-F463-F464-F465-F466-F467-F468-F469-F470-F471-F472-F473-F474-F475-F476-F477-F478-F479-F480-F481-F482-F483-F484-F485-F486-F487-F488-F489-F490-F491-F492-F493-F494-F495-F496-O500505-F504-F508-F509-F510-F511-F512

## Summary

Number of input bits: 512  
Number of free input bits: 9  
Number of output bits: 160

Number of direct occurrences: 36329  
Number of assignments: 30709  
Number of operations: 10737922
(xor: 10710119,
and: 14698,
or: 13105)

Total complexity: 1.7786498680200265 × 10^296

Least occurring input variable: iv_499 (3856)  
Most occurring input variable: iv_500 (4214)

Most co-occurring input variables: iv_502-iv_503 (2010)  
Least co-occurring input variables: iv_498-iv_499 (1795)

Potentially most occurring input variable: iv_497/iv_500 (4473)  
Potentially least occurring input variable: iv_501/iv_502 (4104)

Least output occurring input variable: iv_503 (72)  
Most output occurring input variable: iv_506 (93)

Most output co-occurring input variables: iv_506-iv_507 (54)  
Least output co-occurring input variables: iv_499-iv_503 (32)

Potentially most output occurring input variable: iv_497/iv_506 (90)  
Potentially least output occurring input variable: iv_506/iv_507 (69)

Least complex input bit: iv_497 (2.4542150771467516 × 10^294)  
Most complex input bit: iv_502 (3.7929283975467045 × 10^295)

Least complex output bit: aaa_76_29 (1.356424924109665 × 10^271)  
Most complex output bit: ov_001 (2.870144933116589 × 10^295)

Least complex input/output complexity: iv_497/aaa_76_29 (1.8716210309977096 × 10^269)  
Most complex input/output complexity: iv_502/ov_001 (6.120515576239396 × 10^294)

## Input Bits

### Input Bits in Regular Order

| Input Bit | Complexity | Occurrences | Output Occurrences |
|:---------:|:----------:|:-----------:|:------------------:|
| iv_497 | 2.4542150771467516 × 10^294 | 4003 | 77 |
| iv_498 | 4.8958284299617917 × 10^294 | 3894 | 88 |
| iv_499 | 8.609326064536664 × 10^294 | 3856 | 72 |
| iv_500 | 3.0226113124451843 × 10^295 | 4214 | 82 |
| iv_501 | 2.3615960672139774 × 10^295 | 4013 | 80 |
| iv_502 | 3.7929283975467045 × 10^295 | 4095 | 75 |
| iv_503 | 2.1989342600793173 × 10^295 | 4055 | 72 |
| iv_506 | 2.22026558042182 × 10^295 | 4066 | 93 |
| iv_507 | 2.594226105328712 × 10^295 | 4133 | 84 |

### Input Bits Sorted by Complexity

| Input Bit | Complexity | Occurrences | Output Occurrences |
|:---------:|:----------:|:-----------:|:------------------:|
| iv_497 | 2.4542150771467516 × 10^294 | 4003 | 77 |
| iv_498 | 4.8958284299617917 × 10^294 | 3894 | 88 |
| iv_499 | 8.609326064536664 × 10^294 | 3856 | 72 |
| iv_503 | 2.1989342600793173 × 10^295 | 4055 | 72 |
| iv_506 | 2.22026558042182 × 10^295 | 4066 | 93 |
| iv_501 | 2.3615960672139774 × 10^295 | 4013 | 80 |
| iv_507 | 2.594226105328712 × 10^295 | 4133 | 84 |
| iv_500 | 3.0226113124451843 × 10^295 | 4214 | 82 |
| iv_502 | 3.7929283975467045 × 10^295 | 4095 | 75 |

### Input Bits Sorted by Occurrences

| Input Bit | Complexity | Occurrences | Output Occurrences |
|:---------:|:----------:|:-----------:|:------------------:|
| iv_499 | 8.609326064536664 × 10^294 | 3856 | 72 |
| iv_498 | 4.8958284299617917 × 10^294 | 3894 | 88 |
| iv_497 | 2.4542150771467516 × 10^294 | 4003 | 77 |
| iv_501 | 2.3615960672139774 × 10^295 | 4013 | 80 |
| iv_503 | 2.1989342600793173 × 10^295 | 4055 | 72 |
| iv_506 | 2.22026558042182 × 10^295 | 4066 | 93 |
| iv_502 | 3.7929283975467045 × 10^295 | 4095 | 75 |
| iv_507 | 2.594226105328712 × 10^295 | 4133 | 84 |
| iv_500 | 3.0226113124451843 × 10^295 | 4214 | 82 |

### Input Bits Sorted by Output Occurrences

| Input Bit | Complexity | Occurrences | Output Occurrences |
|:---------:|:----------:|:-----------:|:------------------:|
| iv_503 | 2.1989342600793173 × 10^295 | 4055 | 72 |
| iv_499 | 8.609326064536664 × 10^294 | 3856 | 72 |
| iv_502 | 3.7929283975467045 × 10^295 | 4095 | 75 |
| iv_497 | 2.4542150771467516 × 10^294 | 4003 | 77 |
| iv_501 | 2.3615960672139774 × 10^295 | 4013 | 80 |
| iv_500 | 3.0226113124451843 × 10^295 | 4214 | 82 |
| iv_507 | 2.594226105328712 × 10^295 | 4133 | 84 |
| iv_498 | 4.8958284299617917 × 10^294 | 3894 | 88 |
| iv_506 | 2.22026558042182 × 10^295 | 4066 | 93 |

## Input Bit Co-occurrences

### Input Bit Co-occurrences Sorted by Co-occurrences

| Input Bits | Co-occurrences | Potential Occurrences | Output Co-occurrences | Potential Output Occurrences |
|:----------:|:--------------:|:---------------------:|:---------------------:|:----------------------------:|
| iv_502-iv_503 | 2010 | 4130 | 34 | 79 |
| iv_501-iv_502 | 2002 | 4104 | 34 | 87 |
| iv_500-iv_501 | 1999 | 4229 | 43 | 76 |
| iv_500-iv_507 | 1987 | 4373 | 45 | 76 |
| iv_503-iv_507 | 1982 | 4224 | 39 | 78 |
| iv_500-iv_506 | 1975 | 4330 | 48 | 79 |
| iv_502-iv_507 | 1965 | 4298 | 40 | 79 |
| iv_500-iv_502 | 1962 | 4385 | 38 | 81 |
| iv_502-iv_506 | 1958 | 4245 | 42 | 84 |

### Input Bit Co-occurrences Sorted by Potential Occurrences

| Input Bits | Co-occurrences | Potential Occurrences | Output Co-occurrences | Potential Output Occurrences |
|:----------:|:--------------:|:---------------------:|:---------------------:|:----------------------------:|
| iv_501-iv_502 | 2002 | 4104 | 34 | 87 |
| iv_502-iv_503 | 2010 | 4130 | 34 | 79 |
| iv_498-iv_499 | 1795 | 4160 | 44 | 72 |
| iv_499-iv_503 | 1867 | 4177 | 32 | 80 |
| iv_498-iv_506 | 1886 | 4188 | 54 | 73 |
| iv_497-iv_499 | 1834 | 4191 | 35 | 79 |
| iv_499-iv_501 | 1829 | 4211 | 36 | 80 |
| iv_499-iv_502 | 1868 | 4215 | 37 | 73 |
| iv_499-iv_507 | 1884 | 4221 | 39 | 78 |

### Input Bit Output Co-occurrences Sorted by Output Co-occurrences

| Input Bits | Co-occurrences | Potential Occurrences | Output Co-occurrences | Potential Output Occurrences |
|:----------:|:--------------:|:---------------------:|:---------------------:|:----------------------------:|
| iv_498-iv_506 | 1886 | 4188 | 54 | 73 |
| iv_506-iv_507 | 1954 | 4291 | 54 | 69 |
| iv_500-iv_506 | 1975 | 4330 | 48 | 79 |
| iv_498-iv_500 | 1894 | 4320 | 47 | 76 |
| iv_498-iv_507 | 1878 | 4271 | 46 | 80 |
| iv_497-iv_498 | 1832 | 4233 | 46 | 73 |
| iv_500-iv_507 | 1987 | 4373 | 45 | 76 |
| iv_498-iv_501 | 1840 | 4227 | 44 | 80 |
| iv_498-iv_499 | 1795 | 4160 | 44 | 72 |

### Input Bit Output Co-occurrences Sorted by Potential Output Occurrences

| Input Bits | Co-occurrences | Potential Occurrences | Output Co-occurrences | Potential Output Occurrences |
|:----------:|:--------------:|:---------------------:|:---------------------:|:----------------------------:|
| iv_506-iv_507 | 1954 | 4291 | 54 | 69 |
| iv_497-iv_502 | 1879 | 4340 | 41 | 70 |
| iv_498-iv_499 | 1795 | 4160 | 44 | 72 |
| iv_498-iv_506 | 1886 | 4188 | 54 | 73 |
| iv_499-iv_502 | 1868 | 4215 | 37 | 73 |
| iv_497-iv_498 | 1832 | 4233 | 46 | 73 |
| iv_498-iv_500 | 1894 | 4320 | 47 | 76 |
| iv_500-iv_501 | 1999 | 4229 | 43 | 76 |
| iv_500-iv_507 | 1987 | 4373 | 45 | 76 |

## Output Bits

### Output Bits in Regular Order

| Rank | Output Bit | Complexity |
|:----:|:----------:|:----------:|
| 1 | ov_001 | 2.870144933116589 × 10^295 |
| 2 | ov_002 | 2.4853251644272504 × 10^295 |
| 3 | ov_003 | 2.1409829429716253 × 10^295 |
| 4 | ov_004 | 1.8340304448490738 × 10^295 |
| 5 | ov_005 | 1.5615481311543502 × 10^295 |
| 6 | ov_006 | 1.3207726993642148 × 10^295 |
| 7 | ov_007 | 1.1090866155920351 × 10^295 |
| 8 | ov_008 | 9.240091303172299 × 10^294 |
| 9 | ov_009 | 7.631886565694162 × 10^294 |
| 10 | ov_010 | 6.24396367322201 × 10^294 |
| 11 | ov_011 | 5.055208671828057 × 10^294 |
| 12 | ov_012 | 4.045638017222221 × 10^294 |
| 13 | ov_013 | 3.196362758995599 × 10^294 |
| 14 | ov_014 | 2.4895596102884777 × 10^294 |
| 15 | ov_015 | 1.9084478370661528 × 10^294 |
| 16 | ov_016 | 1.4372711008658285 × 10^294 |
| 17 | ov_017 | 1.061283466869198 × 10^294 |
| 18 | ov_018 | 7.667387455865608 × 10^293 |
| 19 | ov_019 | 5.40882394524781 × 10^293 |
| 20 | ov_020 | 3.719454024883348 × 10^293 |
| 21 | ov_021 | 2.4913976088369588 × 10^293 |
| 22 | ov_022 | 1.6265521105090026 × 10^293 |
| 23 | ov_023 | 1.036569951750332 × 10^293 |
| 24 | ov_024 | 6.428437684495442 × 10^292 |
| 25 | ov_025 | 3.764973583413642 × 10^292 |
| 26 | ov_026 | 2.0552458306569364 × 10^292 |
| 27 | ov_027 | 1.0278158231254178 × 10^292 |
| 28 | ov_028 | 4.5986088744285364 × 10^291 |
| 29 | ov_029 | 1.7717193523767264 × 10^291 |
| 30 | ov_030 | 5.4152848521888156 × 10^290 |
| 31 | ov_031 | 1.056008763601569 × 10^290 |
| 32 | lv_80_m31 | 2.0590059817715152 × 10^289 |
| 33 | ov_033 | 2.463469066230837 × 10^290 |
| 34 | ov_034 | 2.137442238242315 × 10^290 |
| 35 | ov_035 | 1.845129393123309 × 10^290 |
| 36 | ov_036 | 1.5835050791558074 × 10^290 |
| 37 | ov_037 | 1.3510987083200788 × 10^290 |
| 38 | ov_038 | 1.1451981101277653 × 10^290 |
| 39 | ov_039 | 9.632320978238547 × 10^289 |
| 40 | ov_040 | 8.027619915268129 × 10^289 |
| 41 | ov_041 | 6.626006032947958 × 10^289 |
| 42 | ov_042 | 5.416217588639684 × 10^289 |
| 43 | ov_043 | 4.387575491286192 × 10^289 |
| 44 | ov_044 | 3.5203829177389404 × 10^289 |
| 45 | ov_045 | 2.796011080106732 × 10^289 |
| 46 | ov_046 | 2.1968726088706168 × 10^289 |
| 47 | ov_047 | 1.706400681864258 × 10^289 |
| 48 | ov_048 | 1.3090329632525924 × 10^289 |
| 49 | ov_049 | 9.901994871742981 × 10^288 |
| 50 | ov_050 | 7.363136908670848 × 10^288 |
| 51 | ov_051 | 5.408271959519831 × 10^288 |
| 52 | ov_052 | 3.92102418456753 × 10^288 |
| 53 | ov_053 | 2.79470490254535 × 10^288 |
| 54 | ov_054 | 1.9322888349155228 × 10^288 |
| 55 | ov_055 | 1.2876767847375092 × 10^288 |
| 56 | ov_056 | 8.195901762251559 × 10^287 |
| 57 | ov_057 | 4.915672152808424 × 10^287 |
| 58 | ov_058 | 2.719607012313504 × 10^287 |
| 59 | ov_059 | 1.3393688995263403 × 10^287 |
| 60 | ov_060 | 5.547497836720851 × 10^286 |
| 61 | ov_061 | 1.9366918724201985 × 10^286 |
| 62 | ov_062 | 5.3095745863680395 × 10^285 |
| 63 | ov_063 | 1.0341816962427595 × 10^285 |
| 64 | lv_79_m31 | 2.0138481555632078 × 10^284 |
| 65 | ov_065 | 2.378223779272877 × 10^285 |
| 66 | ov_066 | 2.3782173639112213 × 10^285 |
| 67 | ov_067 | 2.37821584687293 × 10^285 |
| 68 | ov_068 | 2.0530622091301688 × 10^285 |
| 69 | ov_069 | 1.7626546657990764 × 10^285 |
| 70 | ov_070 | 1.5043766011199505 × 10^285 |
| 71 | ov_071 | 1.2757341673117716 × 10^285 |
| 72 | ov_072 | 1.0743493516825847 × 10^285 |
| 73 | ov_073 | 8.979545850796411 × 10^284 |
| 74 | ov_074 | 7.443885767309679 × 10^284 |
| 75 | ov_075 | 6.115930770317711 × 10^284 |
| 76 | ov_076 | 4.976102857201191 × 10^284 |
| 77 | ov_077 | 4.0058066704940546 × 10^284 |
| 78 | ov_078 | 3.1874103307829906 × 10^284 |
| 79 | ov_079 | 2.504228500478179 × 10^284 |
| 80 | ov_080 | 1.9405075358582845 × 10^284 |
| 81 | ov_081 | 1.4814125861838476 × 10^284 |
| 82 | ov_082 | 1.1130164997028934 × 10^284 |
| 83 | ov_083 | 8.222903971285616 × 10^283 |
| 84 | ov_084 | 5.970957737183022 × 10^283 |
| 85 | ov_085 | 4.261779914756239 × 10^283 |
| 86 | ov_086 | 2.991610232649862 × 10^283 |
| 87 | ov_087 | 2.0654331080820202 × 10^283 |
| 88 | ov_088 | 1.3969459864178339 × 10^283 |
| 89 | ov_089 | 9.085360617934408 × 10^282 |
| 90 | ov_090 | 5.63566939290541 × 10^282 |
| 91 | ov_091 | 3.2973568019355205 × 10^282 |
| 92 | ov_092 | 1.7906871006869165 × 10^282 |
| 93 | ov_093 | 8.791951737588691 × 10^281 |
| 94 | ov_094 | 3.696752191409417 × 10^281 |
| 95 | aaa_78_28 | 1.121761253888165 × 10^281 |
| 96 | aaa_78_29 | 3.3515651702317626 × 10^280 |
| 97 | ov_097 | 1.7742834616127307 × 10^280 |
| 98 | ov_098 | 1.7742606597602903 × 10^280 |
| 99 | ov_099 | 1.7742533719061174 × 10^280 |
| 100 | ov_100 | 1.452508733272105 × 10^280 |
| 101 | ov_101 | 1.1813571744161968 × 10^280 |
| 102 | ov_102 | 9.552107013855166 × 10^279 |
| 103 | ov_103 | 7.687860236125877 × 10^279 |
| 104 | ov_104 | 6.170821943737537 × 10^279 |
| 105 | ov_105 | 4.9536124043856065 × 10^279 |
| 106 | ov_106 | 3.991315021760713 × 10^279 |
| 107 | ov_107 | 3.2413341937542494 × 10^279 |
| 108 | ov_108 | 2.663275115980468 × 10^279 |
| 109 | ov_109 | 2.2188431510511665 × 10^279 |
| 110 | ov_110 | 1.871760513774244 × 10^279 |
| 111 | ov_111 | 1.5876981503231458 × 10^279 |
| 112 | ov_112 | 1.3342208159717565 × 10^279 |
| 113 | ov_113 | 1.1095123045255395 × 10^279 |
| 114 | ov_114 | 9.117824552872871 × 10^278 |
| 115 | ov_115 | 7.392606848323713 × 10^278 |
| 116 | ov_116 | 5.901908902599151 × 10^278 |
| 117 | ov_117 | 4.628275998041495 × 10^278 |
| 118 | ov_118 | 3.5543312960566095 × 10^278 |
| 119 | ov_119 | 2.66275403820644 × 10^278 |
| 120 | ov_120 | 1.9362624343044575 × 10^278 |
| 121 | ov_121 | 1.3576006179220225 × 10^278 |
| 122 | ov_122 | 9.095290498357552 × 10^277 |
| 123 | ov_123 | 5.74817749979022 × 10^277 |
| 124 | ov_124 | 3.362417384426703 × 10^277 |
| 125 | ov_125 | 1.7657821577997808 × 10^277 |
| 126 | ov_126 | 7.86051272999664 × 10^276 |
| 127 | aaa_77_28 | 2.5100613085242166 × 10^276 |
| 128 | aaa_77_29 | 9.410760036007201 × 10^275 |
| 129 | ov_129 | 8.59655196428804 × 10^275 |
| 130 | ov_130 | 8.59652560574028 × 10^275 |
| 131 | ov_131 | 8.596519251292465 × 10^275 |
| 132 | ov_132 | 7.439371574365612 × 10^275 |
| 133 | ov_133 | 6.4030482482529 × 10^275 |
| 134 | ov_134 | 5.478072763700656 × 10^275 |
| 135 | ov_135 | 4.6554583544654744 × 10^275 |
| 136 | ov_136 | 3.926672937101733 × 10^275 |
| 137 | ov_137 | 3.287560110926752 × 10^275 |
| 138 | ov_138 | 2.7304128653129505 × 10^275 |
| 139 | ov_139 | 2.2479036615482137 × 10^275 |
| 140 | ov_140 | 1.8330675910864713 × 10^275 |
| 141 | ov_141 | 1.479288834781258 × 10^275 |
| 142 | ov_142 | 1.1802899746689251 × 10^275 |
| 143 | ov_143 | 9.301237358544865 × 10^274 |
| 144 | ov_144 | 7.2316676188293595 × 10^274 |
| 145 | ov_145 | 5.541150527045183 × 10^274 |
| 146 | ov_146 | 4.17980719997102 × 10^274 |
| 147 | ov_147 | 3.100897569939802 × 10^274 |
| 148 | ov_148 | 2.260805790926174 × 10^274 |
| 149 | ov_149 | 1.6190311704934037 × 10^274 |
| 150 | ov_150 | 1.1381824850897986 × 10^274 |
| 151 | ov_151 | 7.839740715744013 × 10^273 |
| 152 | ov_152 | 5.252229355346623 × 10^273 |
| 153 | ov_153 | 3.338466289958739 × 10^273 |
| 154 | ov_154 | 1.9657884340120387 × 10^273 |
| 155 | ov_155 | 1.0170250153141735 × 10^273 |
| 156 | aaa_76_25 | 3.904940755434712 × 10^272 |
| 157 | aaa_76_26 | 2.251670931139358 × 10^272 |
| 158 | aaa_76_27 | 1.1506487018273597 × 10^272 |
| 159 | aaa_76_28 | 4.470237411297645 × 10^271 |
| 160 | aaa_76_29 | 1.356424924109665 × 10^271 |

### Output Bits Sorted by Complexity

| Rank | Output Bit | Complexity |
|:----:|:----------:|:----------:|
| 160 | aaa_76_29 | 1.356424924109665 × 10^271 |
| 159 | aaa_76_28 | 4.470237411297645 × 10^271 |
| 158 | aaa_76_27 | 1.1506487018273597 × 10^272 |
| 157 | aaa_76_26 | 2.251670931139358 × 10^272 |
| 156 | aaa_76_25 | 3.904940755434712 × 10^272 |
| 155 | ov_155 | 1.0170250153141735 × 10^273 |
| 154 | ov_154 | 1.9657884340120387 × 10^273 |
| 153 | ov_153 | 3.338466289958739 × 10^273 |
| 152 | ov_152 | 5.252229355346623 × 10^273 |
| 151 | ov_151 | 7.839740715744013 × 10^273 |
| 150 | ov_150 | 1.1381824850897986 × 10^274 |
| 149 | ov_149 | 1.6190311704934037 × 10^274 |
| 148 | ov_148 | 2.260805790926174 × 10^274 |
| 147 | ov_147 | 3.100897569939802 × 10^274 |
| 146 | ov_146 | 4.17980719997102 × 10^274 |
| 145 | ov_145 | 5.541150527045183 × 10^274 |
| 144 | ov_144 | 7.2316676188293595 × 10^274 |
| 143 | ov_143 | 9.301237358544865 × 10^274 |
| 142 | ov_142 | 1.1802899746689251 × 10^275 |
| 141 | ov_141 | 1.479288834781258 × 10^275 |
| 140 | ov_140 | 1.8330675910864713 × 10^275 |
| 139 | ov_139 | 2.2479036615482137 × 10^275 |
| 138 | ov_138 | 2.7304128653129505 × 10^275 |
| 137 | ov_137 | 3.287560110926752 × 10^275 |
| 136 | ov_136 | 3.926672937101733 × 10^275 |
| 135 | ov_135 | 4.6554583544654744 × 10^275 |
| 134 | ov_134 | 5.478072763700656 × 10^275 |
| 133 | ov_133 | 6.4030482482529 × 10^275 |
| 132 | ov_132 | 7.439371574365612 × 10^275 |
| 131 | ov_131 | 8.596519251292465 × 10^275 |
| 130 | ov_130 | 8.59652560574028 × 10^275 |
| 129 | ov_129 | 8.59655196428804 × 10^275 |
| 128 | aaa_77_29 | 9.410760036007201 × 10^275 |
| 127 | aaa_77_28 | 2.5100613085242166 × 10^276 |
| 126 | ov_126 | 7.86051272999664 × 10^276 |
| 125 | ov_125 | 1.7657821577997808 × 10^277 |
| 124 | ov_124 | 3.362417384426703 × 10^277 |
| 123 | ov_123 | 5.74817749979022 × 10^277 |
| 122 | ov_122 | 9.095290498357552 × 10^277 |
| 121 | ov_121 | 1.3576006179220225 × 10^278 |
| 120 | ov_120 | 1.9362624343044575 × 10^278 |
| 119 | ov_119 | 2.66275403820644 × 10^278 |
| 118 | ov_118 | 3.5543312960566095 × 10^278 |
| 117 | ov_117 | 4.628275998041495 × 10^278 |
| 116 | ov_116 | 5.901908902599151 × 10^278 |
| 115 | ov_115 | 7.392606848323713 × 10^278 |
| 114 | ov_114 | 9.117824552872871 × 10^278 |
| 113 | ov_113 | 1.1095123045255395 × 10^279 |
| 112 | ov_112 | 1.3342208159717565 × 10^279 |
| 111 | ov_111 | 1.5876981503231458 × 10^279 |
| 110 | ov_110 | 1.871760513774244 × 10^279 |
| 109 | ov_109 | 2.2188431510511665 × 10^279 |
| 108 | ov_108 | 2.663275115980468 × 10^279 |
| 107 | ov_107 | 3.2413341937542494 × 10^279 |
| 106 | ov_106 | 3.991315021760713 × 10^279 |
| 105 | ov_105 | 4.9536124043856065 × 10^279 |
| 104 | ov_104 | 6.170821943737537 × 10^279 |
| 103 | ov_103 | 7.687860236125877 × 10^279 |
| 102 | ov_102 | 9.552107013855166 × 10^279 |
| 101 | ov_101 | 1.1813571744161968 × 10^280 |
| 100 | ov_100 | 1.452508733272105 × 10^280 |
| 99 | ov_099 | 1.7742533719061174 × 10^280 |
| 98 | ov_098 | 1.7742606597602903 × 10^280 |
| 97 | ov_097 | 1.7742834616127307 × 10^280 |
| 96 | aaa_78_29 | 3.3515651702317626 × 10^280 |
| 95 | aaa_78_28 | 1.121761253888165 × 10^281 |
| 94 | ov_094 | 3.696752191409417 × 10^281 |
| 93 | ov_093 | 8.791951737588691 × 10^281 |
| 92 | ov_092 | 1.7906871006869165 × 10^282 |
| 91 | ov_091 | 3.2973568019355205 × 10^282 |
| 90 | ov_090 | 5.63566939290541 × 10^282 |
| 89 | ov_089 | 9.085360617934408 × 10^282 |
| 88 | ov_088 | 1.3969459864178339 × 10^283 |
| 87 | ov_087 | 2.0654331080820202 × 10^283 |
| 86 | ov_086 | 2.991610232649862 × 10^283 |
| 85 | ov_085 | 4.261779914756239 × 10^283 |
| 84 | ov_084 | 5.970957737183022 × 10^283 |
| 83 | ov_083 | 8.222903971285616 × 10^283 |
| 82 | ov_082 | 1.1130164997028934 × 10^284 |
| 81 | ov_081 | 1.4814125861838476 × 10^284 |
| 80 | ov_080 | 1.9405075358582845 × 10^284 |
| 64 | lv_79_m31 | 2.0138481555632078 × 10^284 |
| 79 | ov_079 | 2.504228500478179 × 10^284 |
| 78 | ov_078 | 3.1874103307829906 × 10^284 |
| 77 | ov_077 | 4.0058066704940546 × 10^284 |
| 76 | ov_076 | 4.976102857201191 × 10^284 |
| 75 | ov_075 | 6.115930770317711 × 10^284 |
| 74 | ov_074 | 7.443885767309679 × 10^284 |
| 73 | ov_073 | 8.979545850796411 × 10^284 |
| 63 | ov_063 | 1.0341816962427595 × 10^285 |
| 72 | ov_072 | 1.0743493516825847 × 10^285 |
| 71 | ov_071 | 1.2757341673117716 × 10^285 |
| 70 | ov_070 | 1.5043766011199505 × 10^285 |
| 69 | ov_069 | 1.7626546657990764 × 10^285 |
| 68 | ov_068 | 2.0530622091301688 × 10^285 |
| 67 | ov_067 | 2.37821584687293 × 10^285 |
| 66 | ov_066 | 2.3782173639112213 × 10^285 |
| 65 | ov_065 | 2.378223779272877 × 10^285 |
| 62 | ov_062 | 5.3095745863680395 × 10^285 |
| 61 | ov_061 | 1.9366918724201985 × 10^286 |
| 60 | ov_060 | 5.547497836720851 × 10^286 |
| 59 | ov_059 | 1.3393688995263403 × 10^287 |
| 58 | ov_058 | 2.719607012313504 × 10^287 |
| 57 | ov_057 | 4.915672152808424 × 10^287 |
| 56 | ov_056 | 8.195901762251559 × 10^287 |
| 55 | ov_055 | 1.2876767847375092 × 10^288 |
| 54 | ov_054 | 1.9322888349155228 × 10^288 |
| 53 | ov_053 | 2.79470490254535 × 10^288 |
| 52 | ov_052 | 3.92102418456753 × 10^288 |
| 51 | ov_051 | 5.408271959519831 × 10^288 |
| 50 | ov_050 | 7.363136908670848 × 10^288 |
| 49 | ov_049 | 9.901994871742981 × 10^288 |
| 48 | ov_048 | 1.3090329632525924 × 10^289 |
| 47 | ov_047 | 1.706400681864258 × 10^289 |
| 32 | lv_80_m31 | 2.0590059817715152 × 10^289 |
| 46 | ov_046 | 2.1968726088706168 × 10^289 |
| 45 | ov_045 | 2.796011080106732 × 10^289 |
| 44 | ov_044 | 3.5203829177389404 × 10^289 |
| 43 | ov_043 | 4.387575491286192 × 10^289 |
| 42 | ov_042 | 5.416217588639684 × 10^289 |
| 41 | ov_041 | 6.626006032947958 × 10^289 |
| 40 | ov_040 | 8.027619915268129 × 10^289 |
| 39 | ov_039 | 9.632320978238547 × 10^289 |
| 31 | ov_031 | 1.056008763601569 × 10^290 |
| 38 | ov_038 | 1.1451981101277653 × 10^290 |
| 37 | ov_037 | 1.3510987083200788 × 10^290 |
| 36 | ov_036 | 1.5835050791558074 × 10^290 |
| 35 | ov_035 | 1.845129393123309 × 10^290 |
| 34 | ov_034 | 2.137442238242315 × 10^290 |
| 33 | ov_033 | 2.463469066230837 × 10^290 |
| 30 | ov_030 | 5.4152848521888156 × 10^290 |
| 29 | ov_029 | 1.7717193523767264 × 10^291 |
| 28 | ov_028 | 4.5986088744285364 × 10^291 |
| 27 | ov_027 | 1.0278158231254178 × 10^292 |
| 26 | ov_026 | 2.0552458306569364 × 10^292 |
| 25 | ov_025 | 3.764973583413642 × 10^292 |
| 24 | ov_024 | 6.428437684495442 × 10^292 |
| 23 | ov_023 | 1.036569951750332 × 10^293 |
| 22 | ov_022 | 1.6265521105090026 × 10^293 |
| 21 | ov_021 | 2.4913976088369588 × 10^293 |
| 20 | ov_020 | 3.719454024883348 × 10^293 |
| 19 | ov_019 | 5.40882394524781 × 10^293 |
| 18 | ov_018 | 7.667387455865608 × 10^293 |
| 17 | ov_017 | 1.061283466869198 × 10^294 |
| 16 | ov_016 | 1.4372711008658285 × 10^294 |
| 15 | ov_015 | 1.9084478370661528 × 10^294 |
| 14 | ov_014 | 2.4895596102884777 × 10^294 |
| 13 | ov_013 | 3.196362758995599 × 10^294 |
| 12 | ov_012 | 4.045638017222221 × 10^294 |
| 11 | ov_011 | 5.055208671828057 × 10^294 |
| 10 | ov_010 | 6.24396367322201 × 10^294 |
| 9 | ov_009 | 7.631886565694162 × 10^294 |
| 8 | ov_008 | 9.240091303172299 × 10^294 |
| 7 | ov_007 | 1.1090866155920351 × 10^295 |
| 6 | ov_006 | 1.3207726993642148 × 10^295 |
| 5 | ov_005 | 1.5615481311543502 × 10^295 |
| 4 | ov_004 | 1.8340304448490738 × 10^295 |
| 3 | ov_003 | 2.1409829429716253 × 10^295 |
| 2 | ov_002 | 2.4853251644272504 × 10^295 |
| 1 | ov_001 | 2.870144933116589 × 10^295 |

