# Results for F001-F002-F003-F004-F005-F006-F007-F008-F009-F010-F011-F012-F013-F014-F015-F016-F017-F018-F019-F020-F021-F022-F023-F024-F025-F026-F027-F028-F029-F030-F031-F032-F033-F034-F035-F036-F037-F038-F039-F040-F041-F042-F043-F044-F045-F046-F047-F048-F049-F050-F051-F052-F053-F054-F055-F056-F057-F058-F059-F060-F061-F062-F063-F064-F065-F066-F067-F068-F069-F070-F071-F072-F073-F074-F075-F076-F077-F078-F079-F080-F081-F082-F083-F084-F085-F086-F087-F088-F089-F090-F091-F092-F093-F094-F095-F096-F097-F098-F099-F100-F101-F102-F103-F104-F105-F106-F107-F108-F109-F110-F111-F112-F113-F114-F115-F116-F117-F118-F119-F120-F121-F122-F123-F124-F125-F126-F127-F128-F129-F130-F131-F132-F133-F134-F135-F136-F137-F138-F139-F140-F141-F142-F143-F144-F145-F146-F147-F148-F149-F150-F151-F152-F153-F154-F155-F156-F157-F158-F159-F160-F161-F162-F163-F164-F165-F166-F167-F168-F169-F170-F171-F172-F173-F174-F175-F176-F177-F178-F179-F180-F181-F182-F183-F184-F185-F186-F187-F188-F189-F190-F191-F192-F193-F194-F195-F196-F197-F198-F199-F200-F201-F202-F203-F204-F205-F206-F207-F208-F209-F210-F211-F212-F213-F214-F215-F216-F217-F218-F219-F220-F221-F222-F223-F224-F225-F226-F227-F228-F229-F230-F231-F232-F233-F234-F235-F236-F237-F238-F239-F240-F241-F242-F243-F244-F245-F246-F247-F248-F249-F250-F251-F252-F253-F254-F255-F256-F257-F258-F259-F260-F261-F262-F263-F264-F265-F266-F267-F268-F269-F270-F271-F272-F273-F274-F275-F276-F277-F278-F279-F280-F281-F282-F283-F284-F285-F286-F287-F288-F289-F290-F291-F292-F293-F294-F295-F296-F297-F298-F299-F300-F301-F302-F303-F304-F305-F306-F307-F308-F309-F310-F311-F312-F313-F314-F315-F316-F317-F318-F319-F320-F321-F322-F323-F324-F325-F326-F327-F328-F329-F330-F331-F332-F333-F334-F335-F336-F337-F338-F339-F340-F341-F342-F343-F344-F345-F346-F347-F348-F349-F350-F351-F352-F353-F354-F355-F356-F357-F358-F359-F360-F361-F362-F363-F364-F365-F366-F367-F368-F369-F370-F371-F372-F373-F374-F375-F376-F377-F378-F379-F380-F381-F382-F383-F384-F385-F386-F387-F388-F389-F390-F391-F392-F393-F394-F395-F396-F397-F398-F399-F400-F401-F402-F403-F404-F405-F406-F407-F408-F409-F410-F411-F412-F413-F414-F415-F416-F417-F418-F419-F420-F421-F422-F423-F424-F425-F426-F427-F428-F429-F430-F431-F432-F433-F434-F435-F436-F437-F438-F439-F440-F441-F442-F443-F444-F445-F446-F447-F448-F449-F450-F451-F452-F453-F454-F455-F456-F457-F458-F459-F460-F461-F462-F463-F464-F465-F466-F467-F468-F469-F470-F471-F472-F473-F474-F475-F476-F477-F478-F479-F480-F481-F482-F483-F484-F485-F486-F487-F488-F489-F490-F491-F492-F493-F494-F495-F496-O498507-E500501-F508-F509-F510-F511-F512

## Summary

Number of input bits: 512  
Number of free input bits: 9  
Number of output bits: 160

Number of direct occurrences: 35845  
Number of assignments: 30813  
Number of operations: 10710120
(xor: 10682176,
and: 14768,
or: 13176)

Total complexity: 3.063730955984484 × 10^296

Least occurring input variable: iv_502 (3833)  
Most occurring input variable: iv_498 (4226)

Most co-occurring input variables: iv_497-iv_503 (1947)  
Least co-occurring input variables: iv_502-iv_505 (1753)

Potentially most occurring input variable: iv_498/iv_500 (4601)  
Potentially least occurring input variable: iv_499/iv_505 (4093)

Least output occurring input variable: iv_498 (63)  
Most output occurring input variable: iv_506 (93)

Most output co-occurring input variables: iv_502-iv_506 (51)  
Least output co-occurring input variables: iv_498-iv_503 (27)

Potentially most output occurring input variable: iv_500/iv_506 (93)  
Potentially least output occurring input variable: iv_500/iv_503 (69)

Least complex input bit: iv_497 (1.8610150199134153 × 10^294)  
Most complex input bit: iv_505 (9.076682147891245 × 10^295)

Least complex output bit: aaa_76_29 (2.3114247341955075 × 10^271)  
Most complex output bit: ov_001 (4.943633420807856 × 10^295)

Least complex input/output complexity: iv_497/aaa_76_29 (1.404038477769978 × 10^269)  
Most complex input/output complexity: iv_505/ov_001 (1.4646125871044802 × 10^295)

## Input Bits

### Input Bits in Regular Order

| Input Bit | Complexity | Occurrences | Output Occurrences |
|:---------:|:----------:|:-----------:|:------------------:|
| iv_497 | 1.8610150199134153 × 10^294 | 4001 | 77 |
| iv_498 | 2.3385098975026456 × 10^295 | 4226 | 63 |
| iv_499 | 6.528296676833713 × 10^294 | 3893 | 83 |
| iv_500 | 2.2317173934254656 × 10^295 | 4051 | 76 |
| iv_502 | 2.876123824763235 × 10^295 | 3833 | 82 |
| iv_503 | 4.5435586871405406 × 10^295 | 3992 | 75 |
| iv_504 | 7.048106005803883 × 10^295 | 3875 | 80 |
| iv_505 | 9.076682147891245 × 10^295 | 3924 | 84 |
| iv_506 | 1.683680433643124 × 10^295 | 4050 | 93 |

### Input Bits Sorted by Complexity

| Input Bit | Complexity | Occurrences | Output Occurrences |
|:---------:|:----------:|:-----------:|:------------------:|
| iv_497 | 1.8610150199134153 × 10^294 | 4001 | 77 |
| iv_499 | 6.528296676833713 × 10^294 | 3893 | 83 |
| iv_506 | 1.683680433643124 × 10^295 | 4050 | 93 |
| iv_500 | 2.2317173934254656 × 10^295 | 4051 | 76 |
| iv_498 | 2.3385098975026456 × 10^295 | 4226 | 63 |
| iv_502 | 2.876123824763235 × 10^295 | 3833 | 82 |
| iv_503 | 4.5435586871405406 × 10^295 | 3992 | 75 |
| iv_504 | 7.048106005803883 × 10^295 | 3875 | 80 |
| iv_505 | 9.076682147891245 × 10^295 | 3924 | 84 |

### Input Bits Sorted by Occurrences

| Input Bit | Complexity | Occurrences | Output Occurrences |
|:---------:|:----------:|:-----------:|:------------------:|
| iv_502 | 2.876123824763235 × 10^295 | 3833 | 82 |
| iv_504 | 7.048106005803883 × 10^295 | 3875 | 80 |
| iv_499 | 6.528296676833713 × 10^294 | 3893 | 83 |
| iv_505 | 9.076682147891245 × 10^295 | 3924 | 84 |
| iv_503 | 4.5435586871405406 × 10^295 | 3992 | 75 |
| iv_497 | 1.8610150199134153 × 10^294 | 4001 | 77 |
| iv_506 | 1.683680433643124 × 10^295 | 4050 | 93 |
| iv_500 | 2.2317173934254656 × 10^295 | 4051 | 76 |
| iv_498 | 2.3385098975026456 × 10^295 | 4226 | 63 |

### Input Bits Sorted by Output Occurrences

| Input Bit | Complexity | Occurrences | Output Occurrences |
|:---------:|:----------:|:-----------:|:------------------:|
| iv_498 | 2.3385098975026456 × 10^295 | 4226 | 63 |
| iv_503 | 4.5435586871405406 × 10^295 | 3992 | 75 |
| iv_500 | 2.2317173934254656 × 10^295 | 4051 | 76 |
| iv_497 | 1.8610150199134153 × 10^294 | 4001 | 77 |
| iv_504 | 7.048106005803883 × 10^295 | 3875 | 80 |
| iv_502 | 2.876123824763235 × 10^295 | 3833 | 82 |
| iv_499 | 6.528296676833713 × 10^294 | 3893 | 83 |
| iv_505 | 9.076682147891245 × 10^295 | 3924 | 84 |
| iv_506 | 1.683680433643124 × 10^295 | 4050 | 93 |

## Input Bit Co-occurrences

### Input Bit Co-occurrences Sorted by Co-occurrences

| Input Bits | Co-occurrences | Potential Occurrences | Output Co-occurrences | Potential Output Occurrences |
|:----------:|:--------------:|:---------------------:|:---------------------:|:----------------------------:|
| iv_497-iv_503 | 1947 | 4099 | 37 | 78 |
| iv_498-iv_503 | 1916 | 4386 | 27 | 84 |
| iv_498-iv_506 | 1915 | 4446 | 40 | 76 |
| iv_497-iv_506 | 1904 | 4243 | 40 | 90 |
| iv_497-iv_505 | 1901 | 4123 | 44 | 73 |
| iv_505-iv_506 | 1896 | 4182 | 47 | 83 |
| iv_499-iv_500 | 1892 | 4160 | 42 | 75 |
| iv_503-iv_506 | 1883 | 4276 | 44 | 80 |
| iv_504-iv_506 | 1882 | 4161 | 47 | 79 |

### Input Bit Co-occurrences Sorted by Potential Occurrences

| Input Bits | Co-occurrences | Potential Occurrences | Output Co-occurrences | Potential Output Occurrences |
|:----------:|:--------------:|:---------------------:|:---------------------:|:----------------------------:|
| iv_499-iv_505 | 1862 | 4093 | 39 | 89 |
| iv_499-iv_504 | 1836 | 4096 | 40 | 83 |
| iv_497-iv_503 | 1947 | 4099 | 37 | 78 |
| iv_497-iv_505 | 1901 | 4123 | 44 | 73 |
| iv_504-iv_505 | 1827 | 4145 | 38 | 88 |
| iv_497-iv_499 | 1873 | 4148 | 41 | 78 |
| iv_502-iv_506 | 1867 | 4149 | 51 | 73 |
| iv_499-iv_500 | 1892 | 4160 | 42 | 75 |
| iv_504-iv_506 | 1882 | 4161 | 47 | 79 |

### Input Bit Output Co-occurrences Sorted by Output Co-occurrences

| Input Bits | Co-occurrences | Potential Occurrences | Output Co-occurrences | Potential Output Occurrences |
|:----------:|:--------------:|:---------------------:|:---------------------:|:----------------------------:|
| iv_499-iv_506 | 1843 | 4257 | 51 | 74 |
| iv_502-iv_506 | 1867 | 4149 | 51 | 73 |
| iv_504-iv_506 | 1882 | 4161 | 47 | 79 |
| iv_505-iv_506 | 1896 | 4182 | 47 | 83 |
| iv_497-iv_505 | 1901 | 4123 | 44 | 73 |
| iv_503-iv_506 | 1883 | 4276 | 44 | 80 |
| iv_502-iv_504 | 1768 | 4172 | 43 | 76 |
| iv_499-iv_502 | 1772 | 4182 | 43 | 79 |
| iv_502-iv_505 | 1753 | 4251 | 43 | 80 |

### Input Bit Output Co-occurrences Sorted by Potential Output Occurrences

| Input Bits | Co-occurrences | Potential Occurrences | Output Co-occurrences | Potential Output Occurrences |
|:----------:|:--------------:|:---------------------:|:---------------------:|:----------------------------:|
| iv_500-iv_503 | 1857 | 4329 | 41 | 69 |
| iv_497-iv_500 | 1866 | 4320 | 41 | 71 |
| iv_497-iv_498 | 1863 | 4501 | 34 | 72 |
| iv_502-iv_506 | 1867 | 4149 | 51 | 73 |
| iv_497-iv_505 | 1901 | 4123 | 44 | 73 |
| iv_498-iv_499 | 1859 | 4401 | 36 | 74 |
| iv_499-iv_506 | 1843 | 4257 | 51 | 74 |
| iv_499-iv_500 | 1892 | 4160 | 42 | 75 |
| iv_502-iv_504 | 1768 | 4172 | 43 | 76 |

## Output Bits

### Output Bits in Regular Order

| Rank | Output Bit | Complexity |
|:----:|:----------:|:----------:|
| 1 | ov_001 | 4.943633420807856 × 10^295 |
| 2 | ov_002 | 4.280877429489393 × 10^295 |
| 3 | ov_003 | 3.687818359783901 × 10^295 |
| 4 | ov_004 | 3.15914117303638 × 10^295 |
| 5 | ov_005 | 2.689820653312627 × 10^295 |
| 6 | ov_006 | 2.2751005917204568 × 10^295 |
| 7 | ov_007 | 1.9104756825172628 × 10^295 |
| 8 | ov_008 | 1.5916759688005468 × 10^295 |
| 9 | ov_009 | 1.3146536362744988 × 10^295 |
| 10 | ov_010 | 1.0755719166159786 × 10^295 |
| 11 | ov_011 | 8.707958592130973 × 10^294 |
| 12 | ov_012 | 6.968847438198009 × 10^294 |
| 13 | ov_013 | 5.505859201839229 × 10^294 |
| 14 | ov_014 | 4.288298740244215 × 10^294 |
| 15 | ov_015 | 3.287263319046859 × 10^294 |
| 16 | ov_016 | 2.4756123061144515 × 10^294 |
| 17 | ov_017 | 1.8279438963238644 × 10^294 |
| 18 | ov_018 | 1.320577382521769 × 10^294 |
| 19 | ov_019 | 9.315396854055523 × 10^293 |
| 20 | ov_020 | 6.405551816670158 × 10^293 |
| 21 | ov_021 | 4.290381721189567 × 10^293 |
| 22 | ov_022 | 2.800874723904332 × 10^293 |
| 23 | ov_023 | 1.7848267289453156 × 10^293 |
| 24 | ov_024 | 1.1068167886591284 × 10^293 |
| 25 | ov_025 | 6.481920534686941 × 10^292 |
| 26 | ov_026 | 3.5381674709173203 × 10^292 |
| 27 | ov_027 | 1.7693365172096077 × 10^292 |
| 28 | ov_028 | 7.916296944369635 × 10^291 |
| 29 | ov_029 | 3.050193261598275 × 10^291 |
| 30 | ov_030 | 9.32470174403842 × 10^290 |
| 31 | ov_031 | 1.818900790146552 × 10^290 |
| 32 | lv_80_m31 | 3.5475305774987425 × 10^289 |
| 33 | ov_033 | 4.243638414281417 × 10^290 |
| 34 | ov_034 | 3.680194282699168 × 10^290 |
| 35 | ov_035 | 3.1762217961165032 × 10^290 |
| 36 | ov_036 | 2.7266774496690027 × 10^290 |
| 37 | ov_037 | 2.3267888906199696 × 10^290 |
| 38 | ov_038 | 1.9720358328441284 × 10^290 |
| 39 | ov_039 | 1.6581335939880539 × 10^290 |
| 40 | ov_040 | 1.3810189937377766 × 10^290 |
| 41 | ov_041 | 1.1387141943352698 × 10^290 |
| 42 | ov_042 | 9.293433664088261 × 10^289 |
| 43 | ov_043 | 7.511280742678473 × 10^289 |
| 44 | ov_044 | 6.007889474810235 × 10^289 |
| 45 | ov_045 | 4.752248605891659 × 10^289 |
| 46 | ov_046 | 3.71508374777936 × 10^289 |
| 47 | ov_047 | 2.868821635665867 × 10^289 |
| 48 | ov_048 | 2.1875626224034696 × 10^289 |
| 49 | ov_049 | 1.647059928329536 × 10^289 |
| 50 | ov_050 | 1.2247042847982345 × 10^289 |
| 51 | ov_051 | 8.995127292477145 × 10^288 |
| 52 | ov_052 | 6.521204841910962 × 10^288 |
| 53 | ov_053 | 4.647751300313082 × 10^288 |
| 54 | ov_054 | 3.213325366837838 × 10^288 |
| 55 | ov_055 | 2.1412229903193132 × 10^288 |
| 56 | ov_056 | 1.3627625912661044 × 10^288 |
| 57 | ov_057 | 8.17278486393907 × 10^287 |
| 58 | ov_058 | 4.521171409921506 × 10^287 |
| 59 | ov_059 | 2.22635221897534 × 10^287 |
| 60 | ov_060 | 9.219871463463358 × 10^286 |
| 61 | ov_061 | 3.218260534751102 × 10^286 |
| 62 | ov_062 | 8.8217649327912 × 10^285 |
| 63 | ov_063 | 1.7180125810259164 × 10^285 |
| 64 | lv_79_m31 | 3.3449733091070327 × 10^284 |
| 65 | ov_065 | 3.967836654270498 × 10^285 |
| 66 | ov_066 | 3.9678256671015886 × 10^285 |
| 67 | ov_067 | 3.967823068960407 × 10^285 |
| 68 | ov_068 | 3.425982326155666 × 10^285 |
| 69 | ov_069 | 2.942491666038911 × 10^285 |
| 70 | ov_070 | 2.5128700879886324 × 10^285 |
| 71 | ov_071 | 2.132846830960207 × 10^285 |
| 72 | ov_072 | 1.79834949992579 × 10^285 |
| 73 | ov_073 | 1.5054948321911474 × 10^285 |
| 74 | ov_074 | 1.2505815642156837 × 10^285 |
| 75 | ov_075 | 1.030084887795006 × 10^285 |
| 76 | ov_076 | 8.406520116627848 × 10^284 |
| 77 | ov_077 | 6.790984201997057 × 10^284 |
| 78 | ov_078 | 5.424045913784917 × 10^284 |
| 79 | ov_079 | 4.27713096816193 × 10^284 |
| 80 | ov_080 | 3.32326059506946 × 10^284 |
| 81 | ov_081 | 2.5370294504472693 × 10^284 |
| 82 | ov_082 | 1.9061256586964975 × 10^284 |
| 83 | ov_083 | 1.4082366045443826 × 10^284 |
| 84 | ov_084 | 1.022574449318883 × 10^284 |
| 85 | ov_085 | 7.298649923991451 × 10^283 |
| 86 | ov_086 | 5.123386765198911 × 10^283 |
| 87 | ov_087 | 3.5372350041934006 × 10^283 |
| 88 | ov_088 | 2.392396025092013 × 10^283 |
| 89 | ov_089 | 1.555952793553001 × 10^283 |
| 90 | ov_090 | 9.651630338443536 × 10^282 |
| 91 | ov_091 | 5.647057402798706 × 10^282 |
| 92 | ov_092 | 3.0667418677924935 × 10^282 |
| 93 | ov_093 | 1.50571998252888 × 10^282 |
| 94 | ov_094 | 6.331122074412048 × 10^281 |
| 95 | aaa_78_28 | 1.9211533797987785 × 10^281 |
| 96 | aaa_78_29 | 5.7399871841236975 × 10^280 |
| 97 | ov_097 | 3.0384899816384424 × 10^280 |
| 98 | ov_098 | 3.0384512009227183 × 10^280 |
| 99 | ov_099 | 3.0384388274321536 × 10^280 |
| 100 | ov_100 | 2.4874503572136104 × 10^280 |
| 101 | ov_101 | 2.023089722520778 × 10^280 |
| 102 | ov_102 | 1.6357937130599511 × 10^280 |
| 103 | ov_103 | 1.3165191771310143 × 10^280 |
| 104 | ov_104 | 1.0567050588078978 × 10^280 |
| 105 | ov_105 | 8.482395098608978 × 10^279 |
| 106 | ov_106 | 6.834316031254836 × 10^279 |
| 107 | ov_107 | 5.549871978495153 × 10^279 |
| 108 | ov_108 | 4.559885306197216 × 10^279 |
| 109 | ov_109 | 3.798771279480706 × 10^279 |
| 110 | ov_110 | 3.2043965863165234 × 10^279 |
| 111 | ov_111 | 2.7179636570459823 × 10^279 |
| 112 | ov_112 | 2.2839173927333487 × 10^279 |
| 113 | ov_113 | 1.8991471230347625 × 10^279 |
| 114 | ov_114 | 1.5605864184155168 × 10^279 |
| 115 | ov_115 | 1.26520210650761 × 10^279 |
| 116 | ov_116 | 1.0099856168155599 × 10^279 |
| 117 | ov_117 | 7.919464431309056 × 10^278 |
| 118 | ov_118 | 6.081073142082862 × 10^278 |
| 119 | ov_119 | 4.555004906935748 × 10^278 |
| 120 | ov_120 | 3.311648578811569 × 10^278 |
| 121 | ov_121 | 2.3214370914584353 × 10^278 |
| 122 | ov_122 | 1.5548311490949067 × 10^278 |
| 123 | ov_123 | 9.823077200785348 × 10^277 |
| 124 | ov_124 | 5.743522832300825 × 10^277 |
| 125 | ov_125 | 3.0145403013488723 × 10^277 |
| 126 | ov_126 | 1.3410342109978306 × 10^277 |
| 127 | aaa_77_28 | 4.279124839320526 × 10^276 |
| 128 | aaa_77_29 | 1.602486144086183 × 10^276 |
| 129 | ov_129 | 1.4663561769909394 × 10^276 |
| 130 | ov_130 | 1.4663516829997663 × 10^276 |
| 131 | ov_131 | 1.4663505988788943 × 10^276 |
| 132 | ov_132 | 1.2671876956030945 × 10^276 |
| 133 | ov_133 | 1.0892171243483756 × 10^276 |
| 134 | ov_134 | 9.308271439468399 × 10^275 |
| 135 | ov_135 | 7.904897980336733 × 10^275 |
| 136 | ov_136 | 6.667548923773794 × 10^275 |
| 137 | ov_137 | 5.582448762333973 × 10^275 |
| 138 | ov_138 | 4.6365053630423716 × 10^275 |
| 139 | ov_139 | 3.817274164320846 × 10^275 |
| 140 | ov_140 | 3.1129288058766358 × 10^275 |
| 141 | ov_141 | 2.51223741080195 × 10^275 |
| 142 | ov_142 | 2.0045437822009925 × 10^275 |
| 143 | ov_143 | 1.5797528193603925 × 10^275 |
| 144 | ov_144 | 1.2283195009352934 × 10^275 |
| 145 | ov_145 | 9.412408249197586 × 10^274 |
| 146 | ov_146 | 7.100501373563672 × 10^274 |
| 147 | ov_147 | 5.268133238446488 × 10^274 |
| 148 | ov_148 | 3.841263799495512 × 10^274 |
| 149 | ov_149 | 2.7511391860376314 × 10^274 |
| 150 | ov_150 | 1.9342823430962782 × 10^274 |
| 151 | ov_151 | 1.3324865966324092 × 10^274 |
| 152 | ov_152 | 8.928108922396865 × 10^273 |
| 153 | ov_153 | 5.675763002097516 × 10^273 |
| 154 | ov_154 | 3.342585225973055 × 10^273 |
| 155 | ov_155 | 1.7296260767957608 × 10^273 |
| 156 | aaa_76_25 | 6.64223733809251 × 10^272 |
| 157 | aaa_76_26 | 3.8314070437999314 × 10^272 |
| 158 | aaa_76_27 | 1.9587164489730516 × 10^272 |
| 159 | aaa_76_28 | 7.613509350353442 × 10^271 |
| 160 | aaa_76_29 | 2.3114247341955075 × 10^271 |

### Output Bits Sorted by Complexity

| Rank | Output Bit | Complexity |
|:----:|:----------:|:----------:|
| 160 | aaa_76_29 | 2.3114247341955075 × 10^271 |
| 159 | aaa_76_28 | 7.613509350353442 × 10^271 |
| 158 | aaa_76_27 | 1.9587164489730516 × 10^272 |
| 157 | aaa_76_26 | 3.8314070437999314 × 10^272 |
| 156 | aaa_76_25 | 6.64223733809251 × 10^272 |
| 155 | ov_155 | 1.7296260767957608 × 10^273 |
| 154 | ov_154 | 3.342585225973055 × 10^273 |
| 153 | ov_153 | 5.675763002097516 × 10^273 |
| 152 | ov_152 | 8.928108922396865 × 10^273 |
| 151 | ov_151 | 1.3324865966324092 × 10^274 |
| 150 | ov_150 | 1.9342823430962782 × 10^274 |
| 149 | ov_149 | 2.7511391860376314 × 10^274 |
| 148 | ov_148 | 3.841263799495512 × 10^274 |
| 147 | ov_147 | 5.268133238446488 × 10^274 |
| 146 | ov_146 | 7.100501373563672 × 10^274 |
| 145 | ov_145 | 9.412408249197586 × 10^274 |
| 144 | ov_144 | 1.2283195009352934 × 10^275 |
| 143 | ov_143 | 1.5797528193603925 × 10^275 |
| 142 | ov_142 | 2.0045437822009925 × 10^275 |
| 141 | ov_141 | 2.51223741080195 × 10^275 |
| 140 | ov_140 | 3.1129288058766358 × 10^275 |
| 139 | ov_139 | 3.817274164320846 × 10^275 |
| 138 | ov_138 | 4.6365053630423716 × 10^275 |
| 137 | ov_137 | 5.582448762333973 × 10^275 |
| 136 | ov_136 | 6.667548923773794 × 10^275 |
| 135 | ov_135 | 7.904897980336733 × 10^275 |
| 134 | ov_134 | 9.308271439468399 × 10^275 |
| 133 | ov_133 | 1.0892171243483756 × 10^276 |
| 132 | ov_132 | 1.2671876956030945 × 10^276 |
| 131 | ov_131 | 1.4663505988788943 × 10^276 |
| 130 | ov_130 | 1.4663516829997663 × 10^276 |
| 129 | ov_129 | 1.4663561769909394 × 10^276 |
| 128 | aaa_77_29 | 1.602486144086183 × 10^276 |
| 127 | aaa_77_28 | 4.279124839320526 × 10^276 |
| 126 | ov_126 | 1.3410342109978306 × 10^277 |
| 125 | ov_125 | 3.0145403013488723 × 10^277 |
| 124 | ov_124 | 5.743522832300825 × 10^277 |
| 123 | ov_123 | 9.823077200785348 × 10^277 |
| 122 | ov_122 | 1.5548311490949067 × 10^278 |
| 121 | ov_121 | 2.3214370914584353 × 10^278 |
| 120 | ov_120 | 3.311648578811569 × 10^278 |
| 119 | ov_119 | 4.555004906935748 × 10^278 |
| 118 | ov_118 | 6.081073142082862 × 10^278 |
| 117 | ov_117 | 7.919464431309056 × 10^278 |
| 116 | ov_116 | 1.0099856168155599 × 10^279 |
| 115 | ov_115 | 1.26520210650761 × 10^279 |
| 114 | ov_114 | 1.5605864184155168 × 10^279 |
| 113 | ov_113 | 1.8991471230347625 × 10^279 |
| 112 | ov_112 | 2.2839173927333487 × 10^279 |
| 111 | ov_111 | 2.7179636570459823 × 10^279 |
| 110 | ov_110 | 3.2043965863165234 × 10^279 |
| 109 | ov_109 | 3.798771279480706 × 10^279 |
| 108 | ov_108 | 4.559885306197216 × 10^279 |
| 107 | ov_107 | 5.549871978495153 × 10^279 |
| 106 | ov_106 | 6.834316031254836 × 10^279 |
| 105 | ov_105 | 8.482395098608978 × 10^279 |
| 104 | ov_104 | 1.0567050588078978 × 10^280 |
| 103 | ov_103 | 1.3165191771310143 × 10^280 |
| 102 | ov_102 | 1.6357937130599511 × 10^280 |
| 101 | ov_101 | 2.023089722520778 × 10^280 |
| 100 | ov_100 | 2.4874503572136104 × 10^280 |
| 99 | ov_099 | 3.0384388274321536 × 10^280 |
| 98 | ov_098 | 3.0384512009227183 × 10^280 |
| 97 | ov_097 | 3.0384899816384424 × 10^280 |
| 96 | aaa_78_29 | 5.7399871841236975 × 10^280 |
| 95 | aaa_78_28 | 1.9211533797987785 × 10^281 |
| 94 | ov_094 | 6.331122074412048 × 10^281 |
| 93 | ov_093 | 1.50571998252888 × 10^282 |
| 92 | ov_092 | 3.0667418677924935 × 10^282 |
| 91 | ov_091 | 5.647057402798706 × 10^282 |
| 90 | ov_090 | 9.651630338443536 × 10^282 |
| 89 | ov_089 | 1.555952793553001 × 10^283 |
| 88 | ov_088 | 2.392396025092013 × 10^283 |
| 87 | ov_087 | 3.5372350041934006 × 10^283 |
| 86 | ov_086 | 5.123386765198911 × 10^283 |
| 85 | ov_085 | 7.298649923991451 × 10^283 |
| 84 | ov_084 | 1.022574449318883 × 10^284 |
| 83 | ov_083 | 1.4082366045443826 × 10^284 |
| 82 | ov_082 | 1.9061256586964975 × 10^284 |
| 81 | ov_081 | 2.5370294504472693 × 10^284 |
| 80 | ov_080 | 3.32326059506946 × 10^284 |
| 64 | lv_79_m31 | 3.3449733091070327 × 10^284 |
| 79 | ov_079 | 4.27713096816193 × 10^284 |
| 78 | ov_078 | 5.424045913784917 × 10^284 |
| 77 | ov_077 | 6.790984201997057 × 10^284 |
| 76 | ov_076 | 8.406520116627848 × 10^284 |
| 75 | ov_075 | 1.030084887795006 × 10^285 |
| 74 | ov_074 | 1.2505815642156837 × 10^285 |
| 73 | ov_073 | 1.5054948321911474 × 10^285 |
| 63 | ov_063 | 1.7180125810259164 × 10^285 |
| 72 | ov_072 | 1.79834949992579 × 10^285 |
| 71 | ov_071 | 2.132846830960207 × 10^285 |
| 70 | ov_070 | 2.5128700879886324 × 10^285 |
| 69 | ov_069 | 2.942491666038911 × 10^285 |
| 68 | ov_068 | 3.425982326155666 × 10^285 |
| 67 | ov_067 | 3.967823068960407 × 10^285 |
| 66 | ov_066 | 3.9678256671015886 × 10^285 |
| 65 | ov_065 | 3.967836654270498 × 10^285 |
| 62 | ov_062 | 8.8217649327912 × 10^285 |
| 61 | ov_061 | 3.218260534751102 × 10^286 |
| 60 | ov_060 | 9.219871463463358 × 10^286 |
| 59 | ov_059 | 2.22635221897534 × 10^287 |
| 58 | ov_058 | 4.521171409921506 × 10^287 |
| 57 | ov_057 | 8.17278486393907 × 10^287 |
| 56 | ov_056 | 1.3627625912661044 × 10^288 |
| 55 | ov_055 | 2.1412229903193132 × 10^288 |
| 54 | ov_054 | 3.213325366837838 × 10^288 |
| 53 | ov_053 | 4.647751300313082 × 10^288 |
| 52 | ov_052 | 6.521204841910962 × 10^288 |
| 51 | ov_051 | 8.995127292477145 × 10^288 |
| 50 | ov_050 | 1.2247042847982345 × 10^289 |
| 49 | ov_049 | 1.647059928329536 × 10^289 |
| 48 | ov_048 | 2.1875626224034696 × 10^289 |
| 47 | ov_047 | 2.868821635665867 × 10^289 |
| 32 | lv_80_m31 | 3.5475305774987425 × 10^289 |
| 46 | ov_046 | 3.71508374777936 × 10^289 |
| 45 | ov_045 | 4.752248605891659 × 10^289 |
| 44 | ov_044 | 6.007889474810235 × 10^289 |
| 43 | ov_043 | 7.511280742678473 × 10^289 |
| 42 | ov_042 | 9.293433664088261 × 10^289 |
| 41 | ov_041 | 1.1387141943352698 × 10^290 |
| 40 | ov_040 | 1.3810189937377766 × 10^290 |
| 39 | ov_039 | 1.6581335939880539 × 10^290 |
| 31 | ov_031 | 1.818900790146552 × 10^290 |
| 38 | ov_038 | 1.9720358328441284 × 10^290 |
| 37 | ov_037 | 2.3267888906199696 × 10^290 |
| 36 | ov_036 | 2.7266774496690027 × 10^290 |
| 35 | ov_035 | 3.1762217961165032 × 10^290 |
| 34 | ov_034 | 3.680194282699168 × 10^290 |
| 33 | ov_033 | 4.243638414281417 × 10^290 |
| 30 | ov_030 | 9.32470174403842 × 10^290 |
| 29 | ov_029 | 3.050193261598275 × 10^291 |
| 28 | ov_028 | 7.916296944369635 × 10^291 |
| 27 | ov_027 | 1.7693365172096077 × 10^292 |
| 26 | ov_026 | 3.5381674709173203 × 10^292 |
| 25 | ov_025 | 6.481920534686941 × 10^292 |
| 24 | ov_024 | 1.1068167886591284 × 10^293 |
| 23 | ov_023 | 1.7848267289453156 × 10^293 |
| 22 | ov_022 | 2.800874723904332 × 10^293 |
| 21 | ov_021 | 4.290381721189567 × 10^293 |
| 20 | ov_020 | 6.405551816670158 × 10^293 |
| 19 | ov_019 | 9.315396854055523 × 10^293 |
| 18 | ov_018 | 1.320577382521769 × 10^294 |
| 17 | ov_017 | 1.8279438963238644 × 10^294 |
| 16 | ov_016 | 2.4756123061144515 × 10^294 |
| 15 | ov_015 | 3.287263319046859 × 10^294 |
| 14 | ov_014 | 4.288298740244215 × 10^294 |
| 13 | ov_013 | 5.505859201839229 × 10^294 |
| 12 | ov_012 | 6.968847438198009 × 10^294 |
| 11 | ov_011 | 8.707958592130973 × 10^294 |
| 10 | ov_010 | 1.0755719166159786 × 10^295 |
| 9 | ov_009 | 1.3146536362744988 × 10^295 |
| 8 | ov_008 | 1.5916759688005468 × 10^295 |
| 7 | ov_007 | 1.9104756825172628 × 10^295 |
| 6 | ov_006 | 2.2751005917204568 × 10^295 |
| 5 | ov_005 | 2.689820653312627 × 10^295 |
| 4 | ov_004 | 3.15914117303638 × 10^295 |
| 3 | ov_003 | 3.687818359783901 × 10^295 |
| 2 | ov_002 | 4.280877429489393 × 10^295 |
| 1 | ov_001 | 4.943633420807856 × 10^295 |

