# Results for F001-F002-F003-F004-F005-F006-F007-F008-F009-F010-F011-F012-F013-F014-F015-F016-F017-F018-F019-F020-F021-F022-F023-F024-F025-F026-F027-F028-F029-F030-F031-F032-F033-F034-F035-F036-F037-F038-F039-F040-F041-F042-F043-F044-F045-F046-F047-F048-F049-F050-F051-F052-F053-F054-F055-F056-F057-F058-F059-F060-F061-F062-F063-F064-F065-F066-F067-F068-F069-F070-F071-F072-F073-F074-F075-F076-F077-F078-F079-F080-F081-F082-F083-F084-F085-F086-F087-F088-F089-F090-F091-F092-F093-F094-F095-F096-F097-F098-F099-F100-F101-F102-F103-F104-F105-F106-F107-F108-F109-F110-F111-F112-F113-F114-F115-F116-F117-F118-F119-F120-F121-F122-F123-F124-F125-F126-F127-F128-F129-F130-F131-F132-F133-F134-F135-F136-F137-F138-F139-F140-F141-F142-F143-F144-F145-F146-F147-F148-F149-F150-F151-F152-F153-F154-F155-F156-F157-F158-F159-F160-F161-F162-F163-F164-F165-F166-F167-F168-F169-F170-F171-F172-F173-F174-F175-F176-F177-F178-F179-F180-F181-F182-F183-F184-F185-F186-F187-F188-F189-F190-F191-F192-F193-F194-F195-F196-F197-F198-F199-F200-F201-F202-F203-F204-F205-F206-F207-F208-F209-F210-F211-F212-F213-F214-F215-F216-F217-F218-F219-F220-F221-F222-F223-F224-F225-F226-F227-F228-F229-F230-F231-F232-F233-F234-F235-F236-F237-F238-F239-F240-F241-F242-F243-F244-F245-F246-F247-F248-F249-F250-F251-F252-F253-F254-F255-F256-F257-F258-F259-F260-F261-F262-F263-F264-F265-F266-F267-F268-F269-F270-F271-F272-F273-F274-F275-F276-F277-F278-F279-F280-F281-F282-F283-F284-F285-F286-F287-F288-F289-F290-F291-F292-F293-F294-F295-F296-F297-F298-F299-F300-F301-F302-F303-F304-F305-F306-F307-F308-F309-F310-F311-F312-F313-F314-F315-F316-F317-F318-F319-F320-F321-F322-F323-F324-F325-F326-F327-F328-F329-F330-F331-F332-F333-F334-F335-F336-F337-F338-F339-F340-F341-F342-F343-F344-F345-F346-F347-F348-F349-F350-F351-F352-F353-F354-F355-F356-F357-F358-F359-F360-F361-F362-F363-F364-F365-F366-F367-F368-F369-F370-F371-F372-F373-F374-F375-F376-F377-F378-F379-F380-F381-F382-F383-F384-F385-F386-F387-F388-F389-F390-F391-F392-F393-F394-F395-F396-F397-F398-F399-F400-F401-F402-F403-F404-F405-F406-F407-F408-F409-F410-F411-F412-F413-F414-F415-F416-F417-F418-F419-F420-F421-F422-F423-F424-F425-F426-F427-F428-F429-F430-F431-F432-F433-F434-F435-F436-F437-F438-F439-F440-F441-F442-F443-F444-F445-F446-F447-F448-F449-F450-F451-F452-F453-F454-F455-F456-F457-F458-F459-F460-F461-F462-F463-F464-F465-F466-F467-F468-F469-F470-F471-F472-F473-F474-F475-F476-F477-F478-F479-F480-F481-F482-F483-F484-F485-F486-F487-F488-F489-F490-F491-F492-F493-F494-F495-F496-F497-E499505-F507-F509-F510-F511-F512

## Summary

Number of input bits: 512  
Number of free input bits: 9  
Number of output bits: 160

Number of direct occurrences: 36324  
Number of assignments: 30665  
Number of operations: 10699433
(xor: 10671376,
and: 14956,
or: 13101)

Total complexity: 1.872672079237508 × 10^296

Least occurring input variable: iv_502 (3826)  
Most occurring input variable: iv_499 (4292)

Most co-occurring input variables: iv_499-iv_506 (2113)  
Least co-occurring input variables: iv_498-iv_502 (1730)

Potentially most occurring input variable: iv_499/iv_508 (4501)  
Potentially least occurring input variable: iv_498/iv_501 (4120)

Least output occurring input variable: iv_503 (75)  
Most output occurring input variable: iv_506 (97)

Most output co-occurring input variables: iv_506-iv_508 (54)  
Least output co-occurring input variables: iv_501-iv_504 (33)

Potentially most output occurring input variable: iv_501/iv_502 (93)  
Potentially least output occurring input variable: iv_506/iv_508 (70)

Least complex input bit: iv_508 (4.688190049012096 × 10^293)  
Most complex input bit: iv_499 (6.44880919386172 × 10^295)

Least complex output bit: aaa_76_29 (4.5769823267862215 × 10^271)  
Most complex output bit: ov_001 (2.9974366616311094 × 10^295)

Least complex input/output complexity: iv_508/aaa_76_29 (1.1458366489706135 × 10^269)  
Most complex input/output complexity: iv_499/ov_001 (1.0322093929768722 × 10^295)

## Input Bits

### Input Bits in Regular Order

| Input Bit | Complexity | Occurrences | Output Occurrences |
|:---------:|:----------:|:-----------:|:------------------:|
| iv_498 | 1.5979416664115375 × 10^294 | 3906 | 88 |
| iv_499 | 6.44880919386172 × 10^295 | 4292 | 78 |
| iv_500 | 6.069514778933431 × 10^294 | 4051 | 76 |
| iv_501 | 1.0712981960574561 × 10^295 | 4002 | 79 |
| iv_502 | 1.8125679475879413 × 10^295 | 3826 | 82 |
| iv_503 | 2.9693570752479503 × 10^295 | 3987 | 75 |
| iv_504 | 4.720853473087668 × 10^295 | 3874 | 78 |
| iv_506 | 8.902073615077467 × 10^294 | 4179 | 97 |
| iv_508 | 4.688190049012096 × 10^293 | 4207 | 81 |

### Input Bits Sorted by Complexity

| Input Bit | Complexity | Occurrences | Output Occurrences |
|:---------:|:----------:|:-----------:|:------------------:|
| iv_508 | 4.688190049012096 × 10^293 | 4207 | 81 |
| iv_498 | 1.5979416664115375 × 10^294 | 3906 | 88 |
| iv_500 | 6.069514778933431 × 10^294 | 4051 | 76 |
| iv_506 | 8.902073615077467 × 10^294 | 4179 | 97 |
| iv_501 | 1.0712981960574561 × 10^295 | 4002 | 79 |
| iv_502 | 1.8125679475879413 × 10^295 | 3826 | 82 |
| iv_503 | 2.9693570752479503 × 10^295 | 3987 | 75 |
| iv_504 | 4.720853473087668 × 10^295 | 3874 | 78 |
| iv_499 | 6.44880919386172 × 10^295 | 4292 | 78 |

### Input Bits Sorted by Occurrences

| Input Bit | Complexity | Occurrences | Output Occurrences |
|:---------:|:----------:|:-----------:|:------------------:|
| iv_502 | 1.8125679475879413 × 10^295 | 3826 | 82 |
| iv_504 | 4.720853473087668 × 10^295 | 3874 | 78 |
| iv_498 | 1.5979416664115375 × 10^294 | 3906 | 88 |
| iv_503 | 2.9693570752479503 × 10^295 | 3987 | 75 |
| iv_501 | 1.0712981960574561 × 10^295 | 4002 | 79 |
| iv_500 | 6.069514778933431 × 10^294 | 4051 | 76 |
| iv_506 | 8.902073615077467 × 10^294 | 4179 | 97 |
| iv_508 | 4.688190049012096 × 10^293 | 4207 | 81 |
| iv_499 | 6.44880919386172 × 10^295 | 4292 | 78 |

### Input Bits Sorted by Output Occurrences

| Input Bit | Complexity | Occurrences | Output Occurrences |
|:---------:|:----------:|:-----------:|:------------------:|
| iv_503 | 2.9693570752479503 × 10^295 | 3987 | 75 |
| iv_500 | 6.069514778933431 × 10^294 | 4051 | 76 |
| iv_499 | 6.44880919386172 × 10^295 | 4292 | 78 |
| iv_504 | 4.720853473087668 × 10^295 | 3874 | 78 |
| iv_501 | 1.0712981960574561 × 10^295 | 4002 | 79 |
| iv_508 | 4.688190049012096 × 10^293 | 4207 | 81 |
| iv_502 | 1.8125679475879413 × 10^295 | 3826 | 82 |
| iv_498 | 1.5979416664115375 × 10^294 | 3906 | 88 |
| iv_506 | 8.902073615077467 × 10^294 | 4179 | 97 |

## Input Bit Co-occurrences

### Input Bit Co-occurrences Sorted by Co-occurrences

| Input Bits | Co-occurrences | Potential Occurrences | Output Co-occurrences | Potential Output Occurrences |
|:----------:|:--------------:|:---------------------:|:---------------------:|:----------------------------:|
| iv_499-iv_506 | 2113 | 4245 | 50 | 75 |
| iv_499-iv_500 | 2026 | 4291 | 38 | 78 |
| iv_506-iv_508 | 2026 | 4334 | 54 | 70 |
| iv_500-iv_506 | 2008 | 4214 | 50 | 73 |
| iv_499-iv_508 | 1999 | 4501 | 39 | 81 |
| iv_499-iv_501 | 1969 | 4356 | 39 | 79 |
| iv_498-iv_506 | 1969 | 4147 | 54 | 77 |
| iv_500-iv_508 | 1957 | 4344 | 36 | 85 |
| iv_503-iv_506 | 1950 | 4266 | 43 | 86 |

### Input Bit Co-occurrences Sorted by Potential Occurrences

| Input Bits | Co-occurrences | Potential Occurrences | Output Co-occurrences | Potential Output Occurrences |
|:----------:|:--------------:|:---------------------:|:---------------------:|:----------------------------:|
| iv_498-iv_501 | 1894 | 4120 | 40 | 87 |
| iv_498-iv_506 | 1969 | 4147 | 54 | 77 |
| iv_498-iv_504 | 1810 | 4160 | 46 | 74 |
| iv_502-iv_504 | 1769 | 4162 | 42 | 76 |
| iv_500-iv_504 | 1877 | 4171 | 38 | 78 |
| iv_500-iv_501 | 1936 | 4181 | 41 | 73 |
| iv_500-iv_502 | 1844 | 4189 | 37 | 84 |
| iv_503-iv_504 | 1834 | 4193 | 34 | 85 |
| iv_501-iv_504 | 1839 | 4198 | 33 | 91 |

### Input Bit Output Co-occurrences Sorted by Output Co-occurrences

| Input Bits | Co-occurrences | Potential Occurrences | Output Co-occurrences | Potential Output Occurrences |
|:----------:|:--------------:|:---------------------:|:---------------------:|:----------------------------:|
| iv_498-iv_506 | 1969 | 4147 | 54 | 77 |
| iv_506-iv_508 | 2026 | 4334 | 54 | 70 |
| iv_501-iv_506 | 1938 | 4305 | 51 | 74 |
| iv_499-iv_506 | 2113 | 4245 | 50 | 75 |
| iv_500-iv_506 | 2008 | 4214 | 50 | 73 |
| iv_504-iv_506 | 1924 | 4205 | 49 | 77 |
| iv_502-iv_506 | 1881 | 4243 | 48 | 83 |
| iv_498-iv_502 | 1730 | 4272 | 46 | 78 |
| iv_498-iv_504 | 1810 | 4160 | 46 | 74 |

### Input Bit Output Co-occurrences Sorted by Potential Output Occurrences

| Input Bits | Co-occurrences | Potential Occurrences | Output Co-occurrences | Potential Output Occurrences |
|:----------:|:--------------:|:---------------------:|:---------------------:|:----------------------------:|
| iv_506-iv_508 | 2026 | 4334 | 54 | 70 |
| iv_500-iv_501 | 1936 | 4181 | 41 | 73 |
| iv_500-iv_506 | 2008 | 4214 | 50 | 73 |
| iv_500-iv_503 | 1911 | 4216 | 39 | 73 |
| iv_499-iv_504 | 1934 | 4298 | 41 | 74 |
| iv_501-iv_506 | 1938 | 4305 | 51 | 74 |
| iv_498-iv_504 | 1810 | 4160 | 46 | 74 |
| iv_499-iv_506 | 2113 | 4245 | 50 | 75 |
| iv_499-iv_502 | 1927 | 4264 | 42 | 76 |

## Output Bits

### Output Bits in Regular Order

| Rank | Output Bit | Complexity |
|:----:|:----------:|:----------:|
| 1 | ov_001 | 2.9974366616311094 × 10^295 |
| 2 | ov_002 | 2.5992748680559144 × 10^295 |
| 3 | ov_003 | 2.2426079530078306 × 10^295 |
| 4 | ov_004 | 1.9242903928726352 × 10^295 |
| 5 | ov_005 | 1.641348679217341 × 10^295 |
| 6 | ov_006 | 1.390968954773879 × 10^295 |
| 7 | ov_007 | 1.170486226453066 × 10^295 |
| 8 | ov_008 | 9.773750547696345 × 10^294 |
| 9 | ov_009 | 8.092416259721834 × 10^294 |
| 10 | ov_010 | 6.638170906250724 × 10^294 |
| 11 | ov_011 | 5.3895203126424415 × 10^294 |
| 12 | ov_012 | 4.3261192042181077 × 10^294 |
| 13 | ov_013 | 3.4287343855403694 × 10^294 |
| 14 | ov_014 | 2.6792152952712213 × 10^294 |
| 15 | ov_015 | 2.0604707934472822 × 10^294 |
| 16 | ov_016 | 1.55645111764425 × 10^294 |
| 17 | ov_017 | 1.1521340236568595 × 10^294 |
| 18 | ov_018 | 8.335142519181753 × 10^293 |
| 19 | ov_019 | 5.8759563302442464 × 10^293 |
| 20 | ov_020 | 4.023852611485784 × 10^293 |
| 21 | ov_021 | 2.6688925498359504 × 10^293 |
| 22 | ov_022 | 1.7110974876752493 × 10^293 |
| 23 | ov_023 | 1.0604283694083776 × 10^293 |
| 24 | ov_024 | 6.367723508246212 × 10^292 |
| 25 | ov_025 | 3.699345885990394 × 10^292 |
| 26 | ov_026 | 1.996336181464787 × 10^292 |
| 27 | ov_027 | 9.820665472679471 × 10^291 |
| 28 | ov_028 | 4.29461150228771 × 10^291 |
| 29 | ov_029 | 1.6099379786530513 × 10^291 |
| 30 | ov_030 | 4.8687316354446934 × 10^290 |
| 31 | ov_031 | 1.0783457776258073 × 10^290 |
| 32 | lv_80_m31 | 2.103972254599687 × 10^289 |
| 33 | ov_033 | 2.5187804020140627 × 10^290 |
| 34 | ov_034 | 2.1857836499463675 × 10^290 |
| 35 | ov_035 | 1.88788641718067 × 10^290 |
| 36 | ov_036 | 1.6220140689579862 × 10^290 |
| 37 | ov_037 | 1.3852571932465607 × 10^290 |
| 38 | ov_038 | 1.174859967767608 × 10^290 |
| 39 | ov_039 | 9.882101213038562 × 10^289 |
| 40 | ov_040 | 8.240362457676544 × 10^289 |
| 41 | ov_041 | 6.799886591480704 × 10^289 |
| 42 | ov_042 | 5.549235926181242 × 10^289 |
| 43 | ov_043 | 4.477566139208589 × 10^289 |
| 44 | ov_044 | 3.5746029972183784 × 10^289 |
| 45 | ov_045 | 2.821435725876459 × 10^289 |
| 46 | ov_046 | 2.2002125888820921 × 10^289 |
| 47 | ov_047 | 1.6941191066188386 × 10^289 |
| 48 | ov_048 | 1.2873612087447618 × 10^289 |
| 49 | ov_049 | 9.65152480275411 × 10^288 |
| 50 | ov_050 | 7.137047297206471 × 10^288 |
| 51 | ov_051 | 5.202211758303784 × 10^288 |
| 52 | ov_052 | 3.728916167341668 × 10^288 |
| 53 | ov_053 | 2.6088903925649315 × 10^288 |
| 54 | ov_054 | 1.790453851063997 × 10^288 |
| 55 | ov_055 | 1.18493748301505 × 10^288 |
| 56 | ov_056 | 7.504533763677217 × 10^287 |
| 57 | ov_057 | 4.500030586162576 × 10^287 |
| 58 | ov_058 | 2.5147534026920352 × 10^287 |
| 59 | ov_059 | 1.2764519887108904 × 10^287 |
| 60 | ov_060 | 5.617326633324226 × 10^286 |
| 61 | ov_061 | 1.9605631319197263 × 10^286 |
| 62 | ov_062 | 5.373782082970712 × 10^285 |
| 63 | ov_063 | 1.0464627434435538 × 10^285 |
| 64 | lv_79_m31 | 2.0373748743885272 × 10^284 |
| 65 | ov_065 | 2.417663332294249 × 10^285 |
| 66 | ov_066 | 2.417655564467567 × 10^285 |
| 67 | ov_067 | 2.41765366323005 × 10^285 |
| 68 | ov_068 | 2.0865763993331947 × 10^285 |
| 69 | ov_069 | 1.791568672522285 × 10^285 |
| 70 | ov_070 | 1.5296887402988858 × 10^285 |
| 71 | ov_071 | 1.2981759473247888 × 10^285 |
| 72 | ov_072 | 1.0944384596370014 × 10^285 |
| 73 | ov_073 | 9.16042081454105 × 10^284 |
| 74 | ov_074 | 7.607000977605746 × 10^284 |
| 75 | ov_075 | 6.2626408797758375 × 10^284 |
| 76 | ov_076 | 5.1071565775953996 × 10^284 |
| 77 | ov_077 | 4.121590373468127 × 10^284 |
| 78 | ov_078 | 3.2881449600503545 × 10^284 |
| 79 | ov_079 | 2.5901252293496064 × 10^284 |
| 80 | ov_080 | 2.011887256857135 × 10^284 |
| 81 | ov_081 | 1.5387939758673198 × 10^284 |
| 82 | ov_082 | 1.1571770606466372 × 10^284 |
| 83 | ov_083 | 8.543045396235119 × 10^283 |
| 84 | ov_084 | 6.1835366154140255 × 10^283 |
| 85 | ov_085 | 4.383885387507096 × 10^283 |
| 86 | ov_086 | 3.043420926515376 × 10^283 |
| 87 | ov_087 | 2.0700182684331314 × 10^283 |
| 88 | ov_088 | 1.3799895387273676 × 10^283 |
| 89 | ov_089 | 8.980040166587571 × 10^282 |
| 90 | ov_090 | 5.570322583485826 × 10^282 |
| 91 | ov_091 | 3.256292320731944 × 10^282 |
| 92 | ov_092 | 1.7647524677604553 × 10^282 |
| 93 | ov_093 | 8.636805984125933 × 10^281 |
| 94 | ov_094 | 3.6218999080270135 × 10^281 |
| 95 | aaa_78_28 | 1.1051379552374066 × 10^281 |
| 96 | aaa_78_29 | 3.949969640796387 × 10^280 |
| 97 | ov_097 | 2.6092315187337996 × 10^280 |
| 98 | ov_098 | 2.609153522340429 × 10^280 |
| 99 | ov_099 | 2.609128624683197 × 10^280 |
| 100 | ov_100 | 2.3481442100701407 × 10^280 |
| 101 | ov_101 | 2.1063740235518363 × 10^280 |
| 102 | ov_102 | 1.88276929818496 × 10^280 |
| 103 | ov_103 | 1.6763578858927341 × 10^280 |
| 104 | ov_104 | 1.486234133986331 × 10^280 |
| 105 | ov_105 | 1.3115496944376918 × 10^280 |
| 106 | ov_106 | 1.151505218475048 × 10^280 |
| 107 | ov_107 | 1.0053428906712918 × 10^280 |
| 108 | ov_108 | 8.723397579564466 × 10^279 |
| 109 | ov_109 | 7.51801809955546 × 10^279 |
| 110 | ov_110 | 6.430587677780231 × 10^279 |
| 111 | ov_111 | 5.454595389073993 × 10^279 |
| 112 | ov_112 | 4.583682962024921 × 10^279 |
| 113 | ov_113 | 3.811611392621313 × 10^279 |
| 114 | ov_114 | 3.132232965592998 × 10^279 |
| 115 | ov_115 | 2.5394682684644474 × 10^279 |
| 116 | ov_116 | 2.027287783953911 × 10^279 |
| 117 | ov_117 | 1.5896976467810843 × 10^279 |
| 118 | ov_118 | 1.2207291512323867 × 10^279 |
| 119 | ov_119 | 9.1443125636521 × 10^278 |
| 120 | ov_120 | 6.648650478563734 × 10^278 |
| 121 | ov_121 | 4.660995585372369 × 10^278 |
| 122 | ov_122 | 3.1220874100343154 × 10^278 |
| 123 | ov_123 | 1.972693856980787 × 10^278 |
| 124 | ov_124 | 1.1535977787043733 × 10^278 |
| 125 | ov_125 | 6.055889029282855 × 10^277 |
| 126 | ov_126 | 2.694594685605203 × 10^277 |
| 127 | aaa_77_28 | 8.600237196121236 × 10^276 |
| 128 | aaa_77_29 | 3.2218231878957874 × 10^276 |
| 129 | ov_129 | 2.956913467525284 × 10^276 |
| 130 | ov_130 | 2.956904563913483 × 10^276 |
| 131 | ov_131 | 2.956902415333008 × 10^276 |
| 132 | ov_132 | 2.5579665774060847 × 10^276 |
| 133 | ov_133 | 2.2011375513566262 × 10^276 |
| 134 | ov_134 | 1.883227742903151 × 10^276 |
| 135 | ov_135 | 1.6012169538973422 × 10^276 |
| 136 | ov_136 | 1.3522403815556761 × 10^276 |
| 137 | ov_137 | 1.1335783814166876 × 10^276 |
| 138 | ov_138 | 9.426478117308051 × 10^275 |
| 139 | ov_139 | 7.769947861031495 × 10^275 |
| 140 | ov_140 | 6.342886700988713 × 10^275 |
| 141 | ov_141 | 5.1231716624285294 × 10^275 |
| 142 | ov_142 | 4.089823485705601 × 10^275 |
| 143 | ov_143 | 3.2229753265109566 × 10^275 |
| 144 | ov_144 | 2.503848754658256 × 10^275 |
| 145 | ov_145 | 1.9147359170537187 × 10^275 |
| 146 | ov_146 | 1.4389867332533977 × 10^275 |
| 147 | ov_147 | 1.0610000758439207 × 10^275 |
| 148 | ov_148 | 7.662179715892175 × 10^274 |
| 149 | ov_149 | 5.411219428968641 × 10^274 |
| 150 | ov_150 | 3.732307320688871 × 10^274 |
| 151 | ov_151 | 2.5109884719044216 × 10^274 |
| 152 | ov_152 | 1.6431557816574493 × 10^274 |
| 153 | ov_153 | 1.0350429933726357 × 10^274 |
| 154 | ov_154 | 6.032198281769888 × 10^273 |
| 155 | ov_155 | 3.085546381321466 × 10^273 |
| 156 | aaa_76_25 | 1.1708161987997818 × 10^273 |
| 157 | aaa_76_26 | 6.632616611652615 × 10^272 |
| 158 | aaa_76_27 | 3.404202997655051 × 10^272 |
| 159 | aaa_76_28 | 1.5064614116188047 × 10^272 |
| 160 | aaa_76_29 | 4.5769823267862215 × 10^271 |

### Output Bits Sorted by Complexity

| Rank | Output Bit | Complexity |
|:----:|:----------:|:----------:|
| 160 | aaa_76_29 | 4.5769823267862215 × 10^271 |
| 159 | aaa_76_28 | 1.5064614116188047 × 10^272 |
| 158 | aaa_76_27 | 3.404202997655051 × 10^272 |
| 157 | aaa_76_26 | 6.632616611652615 × 10^272 |
| 156 | aaa_76_25 | 1.1708161987997818 × 10^273 |
| 155 | ov_155 | 3.085546381321466 × 10^273 |
| 154 | ov_154 | 6.032198281769888 × 10^273 |
| 153 | ov_153 | 1.0350429933726357 × 10^274 |
| 152 | ov_152 | 1.6431557816574493 × 10^274 |
| 151 | ov_151 | 2.5109884719044216 × 10^274 |
| 150 | ov_150 | 3.732307320688871 × 10^274 |
| 149 | ov_149 | 5.411219428968641 × 10^274 |
| 148 | ov_148 | 7.662179715892175 × 10^274 |
| 147 | ov_147 | 1.0610000758439207 × 10^275 |
| 146 | ov_146 | 1.4389867332533977 × 10^275 |
| 145 | ov_145 | 1.9147359170537187 × 10^275 |
| 144 | ov_144 | 2.503848754658256 × 10^275 |
| 143 | ov_143 | 3.2229753265109566 × 10^275 |
| 142 | ov_142 | 4.089823485705601 × 10^275 |
| 141 | ov_141 | 5.1231716624285294 × 10^275 |
| 140 | ov_140 | 6.342886700988713 × 10^275 |
| 139 | ov_139 | 7.769947861031495 × 10^275 |
| 138 | ov_138 | 9.426478117308051 × 10^275 |
| 137 | ov_137 | 1.1335783814166876 × 10^276 |
| 136 | ov_136 | 1.3522403815556761 × 10^276 |
| 135 | ov_135 | 1.6012169538973422 × 10^276 |
| 134 | ov_134 | 1.883227742903151 × 10^276 |
| 133 | ov_133 | 2.2011375513566262 × 10^276 |
| 132 | ov_132 | 2.5579665774060847 × 10^276 |
| 131 | ov_131 | 2.956902415333008 × 10^276 |
| 130 | ov_130 | 2.956904563913483 × 10^276 |
| 129 | ov_129 | 2.956913467525284 × 10^276 |
| 128 | aaa_77_29 | 3.2218231878957874 × 10^276 |
| 127 | aaa_77_28 | 8.600237196121236 × 10^276 |
| 126 | ov_126 | 2.694594685605203 × 10^277 |
| 125 | ov_125 | 6.055889029282855 × 10^277 |
| 124 | ov_124 | 1.1535977787043733 × 10^278 |
| 123 | ov_123 | 1.972693856980787 × 10^278 |
| 122 | ov_122 | 3.1220874100343154 × 10^278 |
| 121 | ov_121 | 4.660995585372369 × 10^278 |
| 120 | ov_120 | 6.648650478563734 × 10^278 |
| 119 | ov_119 | 9.1443125636521 × 10^278 |
| 118 | ov_118 | 1.2207291512323867 × 10^279 |
| 117 | ov_117 | 1.5896976467810843 × 10^279 |
| 116 | ov_116 | 2.027287783953911 × 10^279 |
| 115 | ov_115 | 2.5394682684644474 × 10^279 |
| 114 | ov_114 | 3.132232965592998 × 10^279 |
| 113 | ov_113 | 3.811611392621313 × 10^279 |
| 112 | ov_112 | 4.583682962024921 × 10^279 |
| 111 | ov_111 | 5.454595389073993 × 10^279 |
| 110 | ov_110 | 6.430587677780231 × 10^279 |
| 109 | ov_109 | 7.51801809955546 × 10^279 |
| 108 | ov_108 | 8.723397579564466 × 10^279 |
| 107 | ov_107 | 1.0053428906712918 × 10^280 |
| 106 | ov_106 | 1.151505218475048 × 10^280 |
| 105 | ov_105 | 1.3115496944376918 × 10^280 |
| 104 | ov_104 | 1.486234133986331 × 10^280 |
| 103 | ov_103 | 1.6763578858927341 × 10^280 |
| 102 | ov_102 | 1.88276929818496 × 10^280 |
| 101 | ov_101 | 2.1063740235518363 × 10^280 |
| 100 | ov_100 | 2.3481442100701407 × 10^280 |
| 99 | ov_099 | 2.609128624683197 × 10^280 |
| 98 | ov_098 | 2.609153522340429 × 10^280 |
| 97 | ov_097 | 2.6092315187337996 × 10^280 |
| 96 | aaa_78_29 | 3.949969640796387 × 10^280 |
| 95 | aaa_78_28 | 1.1051379552374066 × 10^281 |
| 94 | ov_094 | 3.6218999080270135 × 10^281 |
| 93 | ov_093 | 8.636805984125933 × 10^281 |
| 92 | ov_092 | 1.7647524677604553 × 10^282 |
| 91 | ov_091 | 3.256292320731944 × 10^282 |
| 90 | ov_090 | 5.570322583485826 × 10^282 |
| 89 | ov_089 | 8.980040166587571 × 10^282 |
| 88 | ov_088 | 1.3799895387273676 × 10^283 |
| 87 | ov_087 | 2.0700182684331314 × 10^283 |
| 86 | ov_086 | 3.043420926515376 × 10^283 |
| 85 | ov_085 | 4.383885387507096 × 10^283 |
| 84 | ov_084 | 6.1835366154140255 × 10^283 |
| 83 | ov_083 | 8.543045396235119 × 10^283 |
| 82 | ov_082 | 1.1571770606466372 × 10^284 |
| 81 | ov_081 | 1.5387939758673198 × 10^284 |
| 80 | ov_080 | 2.011887256857135 × 10^284 |
| 64 | lv_79_m31 | 2.0373748743885272 × 10^284 |
| 79 | ov_079 | 2.5901252293496064 × 10^284 |
| 78 | ov_078 | 3.2881449600503545 × 10^284 |
| 77 | ov_077 | 4.121590373468127 × 10^284 |
| 76 | ov_076 | 5.1071565775953996 × 10^284 |
| 75 | ov_075 | 6.2626408797758375 × 10^284 |
| 74 | ov_074 | 7.607000977605746 × 10^284 |
| 73 | ov_073 | 9.16042081454105 × 10^284 |
| 63 | ov_063 | 1.0464627434435538 × 10^285 |
| 72 | ov_072 | 1.0944384596370014 × 10^285 |
| 71 | ov_071 | 1.2981759473247888 × 10^285 |
| 70 | ov_070 | 1.5296887402988858 × 10^285 |
| 69 | ov_069 | 1.791568672522285 × 10^285 |
| 68 | ov_068 | 2.0865763993331947 × 10^285 |
| 67 | ov_067 | 2.41765366323005 × 10^285 |
| 66 | ov_066 | 2.417655564467567 × 10^285 |
| 65 | ov_065 | 2.417663332294249 × 10^285 |
| 62 | ov_062 | 5.373782082970712 × 10^285 |
| 61 | ov_061 | 1.9605631319197263 × 10^286 |
| 60 | ov_060 | 5.617326633324226 × 10^286 |
| 59 | ov_059 | 1.2764519887108904 × 10^287 |
| 58 | ov_058 | 2.5147534026920352 × 10^287 |
| 57 | ov_057 | 4.500030586162576 × 10^287 |
| 56 | ov_056 | 7.504533763677217 × 10^287 |
| 55 | ov_055 | 1.18493748301505 × 10^288 |
| 54 | ov_054 | 1.790453851063997 × 10^288 |
| 53 | ov_053 | 2.6088903925649315 × 10^288 |
| 52 | ov_052 | 3.728916167341668 × 10^288 |
| 51 | ov_051 | 5.202211758303784 × 10^288 |
| 50 | ov_050 | 7.137047297206471 × 10^288 |
| 49 | ov_049 | 9.65152480275411 × 10^288 |
| 48 | ov_048 | 1.2873612087447618 × 10^289 |
| 47 | ov_047 | 1.6941191066188386 × 10^289 |
| 32 | lv_80_m31 | 2.103972254599687 × 10^289 |
| 46 | ov_046 | 2.2002125888820921 × 10^289 |
| 45 | ov_045 | 2.821435725876459 × 10^289 |
| 44 | ov_044 | 3.5746029972183784 × 10^289 |
| 43 | ov_043 | 4.477566139208589 × 10^289 |
| 42 | ov_042 | 5.549235926181242 × 10^289 |
| 41 | ov_041 | 6.799886591480704 × 10^289 |
| 40 | ov_040 | 8.240362457676544 × 10^289 |
| 39 | ov_039 | 9.882101213038562 × 10^289 |
| 31 | ov_031 | 1.0783457776258073 × 10^290 |
| 38 | ov_038 | 1.174859967767608 × 10^290 |
| 37 | ov_037 | 1.3852571932465607 × 10^290 |
| 36 | ov_036 | 1.6220140689579862 × 10^290 |
| 35 | ov_035 | 1.88788641718067 × 10^290 |
| 34 | ov_034 | 2.1857836499463675 × 10^290 |
| 33 | ov_033 | 2.5187804020140627 × 10^290 |
| 30 | ov_030 | 4.8687316354446934 × 10^290 |
| 29 | ov_029 | 1.6099379786530513 × 10^291 |
| 28 | ov_028 | 4.29461150228771 × 10^291 |
| 27 | ov_027 | 9.820665472679471 × 10^291 |
| 26 | ov_026 | 1.996336181464787 × 10^292 |
| 25 | ov_025 | 3.699345885990394 × 10^292 |
| 24 | ov_024 | 6.367723508246212 × 10^292 |
| 23 | ov_023 | 1.0604283694083776 × 10^293 |
| 22 | ov_022 | 1.7110974876752493 × 10^293 |
| 21 | ov_021 | 2.6688925498359504 × 10^293 |
| 20 | ov_020 | 4.023852611485784 × 10^293 |
| 19 | ov_019 | 5.8759563302442464 × 10^293 |
| 18 | ov_018 | 8.335142519181753 × 10^293 |
| 17 | ov_017 | 1.1521340236568595 × 10^294 |
| 16 | ov_016 | 1.55645111764425 × 10^294 |
| 15 | ov_015 | 2.0604707934472822 × 10^294 |
| 14 | ov_014 | 2.6792152952712213 × 10^294 |
| 13 | ov_013 | 3.4287343855403694 × 10^294 |
| 12 | ov_012 | 4.3261192042181077 × 10^294 |
| 11 | ov_011 | 5.3895203126424415 × 10^294 |
| 10 | ov_010 | 6.638170906250724 × 10^294 |
| 9 | ov_009 | 8.092416259721834 × 10^294 |
| 8 | ov_008 | 9.773750547696345 × 10^294 |
| 7 | ov_007 | 1.170486226453066 × 10^295 |
| 6 | ov_006 | 1.390968954773879 × 10^295 |
| 5 | ov_005 | 1.641348679217341 × 10^295 |
| 4 | ov_004 | 1.9242903928726352 × 10^295 |
| 3 | ov_003 | 2.2426079530078306 × 10^295 |
| 2 | ov_002 | 2.5992748680559144 × 10^295 |
| 1 | ov_001 | 2.9974366616311094 × 10^295 |

