# Results for F001-F002-F003-F004-F005-F006-F007-F008-F009-F010-F011-F012-F013-F014-F015-F016-F017-F018-F019-F020-F021-F022-F023-F024-F025-F026-F027-F028-F029-F030-F031-F032-F033-F034-F035-F036-F037-F038-F039-F040-F041-F042-F043-F044-F045-F046-F047-F048-F049-F050-F051-F052-F053-F054-F055-F056-F057-F058-F059-F060-F061-F062-F063-F064-F065-F066-F067-F068-F069-F070-F071-F072-F073-F074-F075-F076-F077-F078-F079-F080-F081-F082-F083-F084-F085-F086-F087-F088-F089-F090-F091-F092-F093-F094-F095-F096-F097-F098-F099-F100-F101-F102-F103-F104-F105-F106-F107-F108-F109-F110-F111-F112-F113-F114-F115-F116-F117-F118-F119-F120-F121-F122-F123-F124-F125-F126-F127-F128-F129-F130-F131-F132-F133-F134-F135-F136-F137-F138-F139-F140-F141-F142-F143-F144-F145-F146-F147-F148-F149-F150-F151-F152-F153-F154-F155-F156-F157-F158-F159-F160-F161-F162-F163-F164-F165-F166-F167-F168-F169-F170-F171-F172-F173-F174-F175-F176-F177-F178-F179-F180-F181-F182-F183-F184-F185-F186-F187-F188-F189-F190-F191-F192-F193-F194-F195-F196-F197-F198-F199-F200-F201-F202-F203-F204-F205-F206-F207-F208-F209-F210-F211-F212-F213-F214-F215-F216-F217-F218-F219-F220-F221-F222-F223-F224-F225-F226-F227-F228-F229-F230-F231-F232-F233-F234-F235-F236-F237-F238-F239-F240-F241-F242-F243-F244-F245-F246-F247-F248-F249-F250-F251-F252-F253-F254-F255-F256-F257-F258-F259-F260-F261-F262-F263-F264-F265-F266-F267-F268-F269-F270-F271-F272-F273-F274-F275-F276-F277-F278-F279-F280-F281-F282-F283-F284-F285-F286-F287-F288-F289-F290-F291-F292-F293-F294-F295-F296-F297-F298-F299-F300-F301-F302-F303-F304-F305-F306-F307-F308-F309-F310-F311-F312-F313-F314-F315-F316-F317-F318-F319-F320-F321-F322-F323-F324-F325-F326-F327-F328-F329-F330-F331-F332-F333-F334-F335-F336-F337-F338-F339-F340-F341-F342-F343-F344-F345-F346-F347-F348-F349-F350-F351-F352-F353-F354-F355-F356-F357-F358-F359-F360-F361-F362-F363-F364-F365-F366-F367-F368-F369-F370-F371-F372-F373-F374-F375-F376-F377-F378-F379-F380-F381-F382-F383-F384-F385-F386-F387-F388-F389-F390-F391-F392-F393-F394-F395-F396-F397-F398-F399-F400-F401-F402-F403-F404-F405-F406-F407-F408-F409-F410-F411-F412-F413-F414-F415-F416-F417-F418-F419-F420-F421-F422-F423-F424-F425-F426-F427-F428-F429-F430-F431-F432-F433-F434-F435-F436-F437-F438-F439-F440-F441-F442-F443-F444-F445-F446-F447-F448-F449-F450-F451-F452-F453-F454-F455-F456-F457-F458-F459-F460-F461-F462-F463-F464-F465-F466-F467-F468-F469-F470-F471-F472-F473-F474-F475-F476-F477-F478-F479-F480-F481-F482-F483-F484-F485-F486-F487-F488-F489-F490-F491-F492-F493-F494-F495-F496-T497-F507-F508-F509-F510-F511-F512

## Summary

Number of input bits: 512  
Number of free input bits: 9  
Number of output bits: 160

Number of direct occurrences: 36073  
Number of assignments: 30465  
Number of operations: 10723095
(xor: 10695441,
and: 14550,
or: 13104)

Total complexity: 1.7263030818959903 × 10^295

Least occurring input variable: iv_502 (3877)  
Most occurring input variable: iv_501 (4133)

Most co-occurring input variables: iv_500-iv_501 (2022)  
Least co-occurring input variables: iv_499-iv_506 (1771)

Potentially most occurring input variable: iv_501/iv_506 (4367)  
Potentially least occurring input variable: iv_499/iv_502 (4121)

Least output occurring input variable: iv_502 (68)  
Most output occurring input variable: iv_504 (88)

Most output co-occurring input variables: iv_499-iv_504 (46)  
Least output co-occurring input variables: iv_499-iv_502 (31)

Potentially most output occurring input variable: iv_501/iv_505 (90)  
Potentially least output occurring input variable: iv_498/iv_502 (67)

Least complex input bit: iv_498 (2.2159928017668197 × 10^293)  
Most complex input bit: iv_505 (5.483545261419567 × 10^294)

Least complex output bit: aaa_76_29 (1.950031556218604 × 10^270)  
Most complex output bit: ov_001 (2.8112794301556173 × 10^294)

Least complex input/output complexity: iv_498/aaa_76_29 (2.5031849488750032 × 10^268)  
Most complex input/output complexity: iv_505/ov_001 (8.929937135271215 × 10^293)

## Input Bits

### Input Bits in Regular Order

| Input Bit | Complexity | Occurrences | Output Occurrences |
|:---------:|:----------:|:-----------:|:------------------:|
| iv_498 | 2.2159928017668197 × 10^293 | 3987 | 77 |
| iv_499 | 3.8756659604249425 × 10^293 | 3888 | 75 |
| iv_500 | 6.469318377436461 × 10^293 | 4048 | 72 |
| iv_501 | 1.0627597270729662 × 10^294 | 4133 | 82 |
| iv_502 | 1.710494462677542 × 10^294 | 3877 | 68 |
| iv_503 | 2.717927110900042 × 10^294 | 4062 | 80 |
| iv_504 | 4.2407304538853356 × 10^294 | 4031 | 88 |
| iv_505 | 5.483545261419567 × 10^294 | 4029 | 80 |
| iv_506 | 7.914760890416093 × 10^293 | 4018 | 80 |

### Input Bits Sorted by Complexity

| Input Bit | Complexity | Occurrences | Output Occurrences |
|:---------:|:----------:|:-----------:|:------------------:|
| iv_498 | 2.2159928017668197 × 10^293 | 3987 | 77 |
| iv_499 | 3.8756659604249425 × 10^293 | 3888 | 75 |
| iv_500 | 6.469318377436461 × 10^293 | 4048 | 72 |
| iv_506 | 7.914760890416093 × 10^293 | 4018 | 80 |
| iv_501 | 1.0627597270729662 × 10^294 | 4133 | 82 |
| iv_502 | 1.710494462677542 × 10^294 | 3877 | 68 |
| iv_503 | 2.717927110900042 × 10^294 | 4062 | 80 |
| iv_504 | 4.2407304538853356 × 10^294 | 4031 | 88 |
| iv_505 | 5.483545261419567 × 10^294 | 4029 | 80 |

### Input Bits Sorted by Occurrences

| Input Bit | Complexity | Occurrences | Output Occurrences |
|:---------:|:----------:|:-----------:|:------------------:|
| iv_502 | 1.710494462677542 × 10^294 | 3877 | 68 |
| iv_499 | 3.8756659604249425 × 10^293 | 3888 | 75 |
| iv_498 | 2.2159928017668197 × 10^293 | 3987 | 77 |
| iv_506 | 7.914760890416093 × 10^293 | 4018 | 80 |
| iv_505 | 5.483545261419567 × 10^294 | 4029 | 80 |
| iv_504 | 4.2407304538853356 × 10^294 | 4031 | 88 |
| iv_500 | 6.469318377436461 × 10^293 | 4048 | 72 |
| iv_503 | 2.717927110900042 × 10^294 | 4062 | 80 |
| iv_501 | 1.0627597270729662 × 10^294 | 4133 | 82 |

### Input Bits Sorted by Output Occurrences

| Input Bit | Complexity | Occurrences | Output Occurrences |
|:---------:|:----------:|:-----------:|:------------------:|
| iv_502 | 1.710494462677542 × 10^294 | 3877 | 68 |
| iv_500 | 6.469318377436461 × 10^293 | 4048 | 72 |
| iv_499 | 3.8756659604249425 × 10^293 | 3888 | 75 |
| iv_498 | 2.2159928017668197 × 10^293 | 3987 | 77 |
| iv_503 | 2.717927110900042 × 10^294 | 4062 | 80 |
| iv_505 | 5.483545261419567 × 10^294 | 4029 | 80 |
| iv_506 | 7.914760890416093 × 10^293 | 4018 | 80 |
| iv_501 | 1.0627597270729662 × 10^294 | 4133 | 82 |
| iv_504 | 4.2407304538853356 × 10^294 | 4031 | 88 |

## Input Bit Co-occurrences

### Input Bit Co-occurrences Sorted by Co-occurrences

| Input Bits | Co-occurrences | Potential Occurrences | Output Co-occurrences | Potential Output Occurrences |
|:----------:|:--------------:|:---------------------:|:---------------------:|:----------------------------:|
| iv_500-iv_501 | 2022 | 4137 | 36 | 82 |
| iv_501-iv_503 | 1976 | 4243 | 41 | 80 |
| iv_503-iv_506 | 1968 | 4144 | 40 | 80 |
| iv_501-iv_505 | 1960 | 4242 | 36 | 90 |
| iv_501-iv_504 | 1960 | 4244 | 41 | 88 |
| iv_500-iv_506 | 1935 | 4196 | 35 | 82 |
| iv_498-iv_504 | 1935 | 4148 | 40 | 85 |
| iv_500-iv_504 | 1934 | 4211 | 40 | 80 |
| iv_503-iv_504 | 1932 | 4229 | 43 | 82 |

### Input Bit Co-occurrences Sorted by Potential Occurrences

| Input Bits | Co-occurrences | Potential Occurrences | Output Co-occurrences | Potential Output Occurrences |
|:----------:|:--------------:|:---------------------:|:---------------------:|:----------------------------:|
| iv_499-iv_502 | 1822 | 4121 | 31 | 81 |
| iv_499-iv_504 | 1895 | 4129 | 46 | 71 |
| iv_500-iv_501 | 2022 | 4137 | 36 | 82 |
| iv_500-iv_502 | 1893 | 4139 | 31 | 78 |
| iv_503-iv_506 | 1968 | 4144 | 40 | 80 |
| iv_498-iv_504 | 1935 | 4148 | 40 | 85 |
| iv_502-iv_506 | 1872 | 4151 | 36 | 76 |
| iv_498-iv_505 | 1928 | 4160 | 38 | 81 |
| iv_501-iv_502 | 1913 | 4184 | 38 | 74 |

### Input Bit Output Co-occurrences Sorted by Output Co-occurrences

| Input Bits | Co-occurrences | Potential Occurrences | Output Co-occurrences | Potential Output Occurrences |
|:----------:|:--------------:|:---------------------:|:---------------------:|:----------------------------:|
| iv_499-iv_504 | 1895 | 4129 | 46 | 71 |
| iv_504-iv_505 | 1881 | 4298 | 45 | 78 |
| iv_504-iv_506 | 1917 | 4215 | 45 | 78 |
| iv_503-iv_504 | 1932 | 4229 | 43 | 82 |
| iv_498-iv_501 | 1930 | 4260 | 43 | 73 |
| iv_503-iv_505 | 1891 | 4309 | 41 | 78 |
| iv_501-iv_504 | 1960 | 4244 | 41 | 88 |
| iv_501-iv_503 | 1976 | 4243 | 41 | 80 |
| iv_505-iv_506 | 1864 | 4319 | 41 | 78 |

### Input Bit Output Co-occurrences Sorted by Potential Output Occurrences

| Input Bits | Co-occurrences | Potential Occurrences | Output Co-occurrences | Potential Output Occurrences |
|:----------:|:--------------:|:---------------------:|:---------------------:|:----------------------------:|
| iv_498-iv_502 | 1797 | 4270 | 39 | 67 |
| iv_500-iv_503 | 1915 | 4280 | 41 | 70 |
| iv_499-iv_504 | 1895 | 4129 | 46 | 71 |
| iv_498-iv_501 | 1930 | 4260 | 43 | 73 |
| iv_499-iv_500 | 1831 | 4274 | 37 | 73 |
| iv_501-iv_502 | 1913 | 4184 | 38 | 74 |
| iv_502-iv_506 | 1872 | 4151 | 36 | 76 |
| iv_499-iv_501 | 1892 | 4237 | 40 | 77 |
| iv_499-iv_505 | 1844 | 4229 | 39 | 77 |

## Output Bits

### Output Bits in Regular Order

| Rank | Output Bit | Complexity |
|:----:|:----------:|:----------:|
| 1 | ov_001 | 2.8112794301556173 × 10^294 |
| 2 | ov_002 | 2.4303652504181273 × 10^294 |
| 3 | ov_003 | 2.089944800537873 × 10^294 |
| 4 | ov_004 | 1.7869040364268326 × 10^294 |
| 5 | ov_005 | 1.5182992599876872 × 10^294 |
| 6 | ov_006 | 1.2813447731248432 × 10^294 |
| 7 | ov_007 | 1.0734021208952383 × 10^294 |
| 8 | ov_008 | 8.919708314348384 × 10^293 |
| 9 | ov_009 | 7.346805555593345 × 10^293 |
| 10 | ov_010 | 5.992844855161848 × 10^293 |
| 11 | ov_011 | 4.836539104211303 × 10^293 |
| 12 | ov_012 | 3.857737645048635 × 10^293 |
| 13 | ov_013 | 3.0373903281959384 × 10^293 |
| 14 | ov_014 | 2.3575188746534453 × 10^293 |
| 15 | ov_015 | 1.8011943572007733 × 10^293 |
| 16 | ov_016 | 1.3525196971797243 × 10^293 |
| 17 | ov_017 | 9.966161553308635 × 10^292 |
| 18 | ov_018 | 7.196129255820535 × 10^292 |
| 19 | ov_019 | 5.086391627744846 × 10^292 |
| 20 | ov_020 | 3.5181798200269843 × 10^292 |
| 21 | ov_021 | 2.3826206152377173 × 10^292 |
| 22 | ov_022 | 1.5807052180136697 × 10^292 |
| 23 | ov_023 | 1.0232679383577235 × 10^292 |
| 24 | ov_024 | 6.309723050307532 × 10^291 |
| 25 | ov_025 | 3.6660604503455746 × 10^291 |
| 26 | ov_026 | 1.978656652594477 × 10^291 |
| 27 | ov_027 | 9.73548057100557 × 10^290 |
| 28 | ov_028 | 4.2583520537796 × 10^290 |
| 29 | ov_029 | 1.5968032100000868 × 10^290 |
| 30 | ov_030 | 4.830666526756575 × 10^289 |
| 31 | ov_031 | 1.0703577349104616 × 10^289 |
| 32 | lv_80_m31 | 2.0893050149132672 × 10^288 |
| 33 | ov_033 | 2.4965499190350184 × 10^289 |
| 34 | ov_034 | 2.1670668996878856 × 10^289 |
| 35 | ov_035 | 1.8723181318286734 × 10^289 |
| 36 | ov_036 | 1.6091287288196218 × 10^289 |
| 37 | ov_037 | 1.374492999932703 × 10^289 |
| 38 | ov_038 | 1.1655624984258419 × 10^289 |
| 39 | ov_039 | 9.796357527314587 × 10^288 |
| 40 | ov_040 | 8.153975871168898 × 10^288 |
| 41 | ov_041 | 6.715999288906122 × 10^288 |
| 42 | ov_042 | 5.4705843258642806 × 10^288 |
| 43 | ov_043 | 4.406496729330699 × 10^288 |
| 44 | ov_044 | 3.513088382695065 × 10^288 |
| 45 | ov_045 | 2.770750402261389 × 10^288 |
| 46 | ov_046 | 2.1609671250902613 × 10^288 |
| 47 | ov_047 | 1.6662952765931776 × 10^288 |
| 48 | ov_048 | 1.270347991483194 × 10^288 |
| 49 | ov_049 | 9.57782753587484 × 10^287 |
| 50 | ov_050 | 7.142923962125147 × 10^287 |
| 51 | ov_051 | 5.2659842000950215 × 10^287 |
| 52 | ov_052 | 3.824460745131514 × 10^287 |
| 53 | ov_053 | 2.7060082446001025 × 10^287 |
| 54 | ov_054 | 1.857000909853295 × 10^287 |
| 55 | ov_055 | 1.2288968685247618 × 10^287 |
| 56 | ov_056 | 7.78231843320919 × 10^286 |
| 57 | ov_057 | 4.666153515197524 × 10^286 |
| 58 | ov_058 | 2.6072859525233455 × 10^286 |
| 59 | ov_059 | 1.3232339982994708 × 10^286 |
| 60 | ov_060 | 5.822174097255654 × 10^285 |
| 61 | ov_061 | 2.0315568086431257 × 10^285 |
| 62 | ov_062 | 5.566754637399463 × 10^284 |
| 63 | ov_063 | 1.0836592403487119 × 10^284 |
| 64 | lv_79_m31 | 2.108978694137189 × 10^283 |
| 65 | ov_065 | 2.478703196318844 × 10^284 |
| 66 | ov_066 | 2.478696579581016 × 10^284 |
| 67 | ov_067 | 2.4786950249705786 × 10^284 |
| 68 | ov_068 | 2.134941539258744 × 10^284 |
| 69 | ov_069 | 1.8285795058644994 × 10^284 |
| 70 | ov_070 | 1.5567336522316883 × 10^284 |
| 71 | ov_071 | 1.3166657934904516 × 10^284 |
| 72 | ov_072 | 1.1057679239757624 × 10^284 |
| 73 | ov_073 | 9.215567634073674 × 10^283 |
| 74 | ov_074 | 7.61669316176608 × 10^283 |
| 75 | ov_075 | 6.238590706931421 × 10^283 |
| 76 | ov_076 | 5.059926218853675 × 10^283 |
| 77 | ov_077 | 4.0604664770257166 × 10^283 |
| 78 | ov_078 | 3.2210521905043943 × 10^283 |
| 79 | ov_079 | 2.5235742291248184 × 10^283 |
| 80 | ov_080 | 1.9509527865442385 × 10^283 |
| 81 | ov_081 | 1.4871192769285433 × 10^283 |
| 82 | ov_082 | 1.117000768474154 × 10^283 |
| 83 | ov_083 | 8.265067579821039 × 10^282 |
| 84 | ov_084 | 6.025180914467737 × 10^282 |
| 85 | ov_085 | 4.3287783614868636 × 10^282 |
| 86 | ov_086 | 3.0638391009909065 × 10^282 |
| 87 | ov_087 | 2.1278327491702226 × 10^282 |
| 88 | ov_088 | 1.427674983630883 × 10^282 |
| 89 | ov_089 | 9.191804071943279 × 10^281 |
| 90 | ov_090 | 5.628635410396423 × 10^281 |
| 91 | ov_091 | 3.2392964254235706 × 10^281 |
| 92 | ov_092 | 1.7226898259344494 × 10^281 |
| 93 | ov_093 | 8.245363078335078 × 10^280 |
| 94 | ov_094 | 3.3735876961531187 × 10^280 |
| 95 | aaa_78_28 | 1.0047587366976245 × 10^280 |
| 96 | aaa_78_29 | 3.474684332920085 × 10^279 |
| 97 | ov_097 | 1.9550617851165964 × 10^279 |
| 98 | ov_098 | 1.955030108874741 × 10^279 |
| 99 | ov_099 | 1.955020010077522 × 10^279 |
| 100 | ov_100 | 1.5966630498581338 × 10^279 |
| 101 | ov_101 | 1.3003310388397162 × 10^279 |
| 102 | ov_102 | 1.0582137931547234 × 10^279 |
| 103 | ov_103 | 8.629231419572617 × 10^278 |
| 104 | ov_104 | 7.074620981166385 × 10^278 |
| 105 | ov_105 | 5.851982300727747 × 10^278 |
| 106 | ov_106 | 4.8984083593744395 × 10^278 |
| 107 | ov_107 | 4.154215407701462 × 10^278 |
| 108 | ov_108 | 3.5627795721553614 × 10^278 |
| 109 | ov_109 | 3.070400685020506 × 10^278 |
| 110 | ov_110 | 2.626190112852501 × 10^278 |
| 111 | ov_111 | 2.22750065898443 × 10^278 |
| 112 | ov_112 | 1.8717428365358157 × 10^278 |
| 113 | ov_113 | 1.5563719591891389 × 10^278 |
| 114 | ov_114 | 1.2788775560464737 × 10^278 |
| 115 | ov_115 | 1.0367749321508935 × 10^278 |
| 116 | ov_116 | 8.275986964853268 × 10^277 |
| 117 | ov_117 | 6.488978891074853 × 10^277 |
| 118 | ov_118 | 4.9823217109897175 × 10^277 |
| 119 | ov_119 | 3.7316877585584905 × 10^277 |
| 120 | ov_120 | 2.7128013283901424 × 10^277 |
| 121 | ov_121 | 1.901420749255089 × 10^277 |
| 122 | ov_122 | 1.2733254051295366 × 10^277 |
| 123 | ov_123 | 8.043068153238294 × 10^276 |
| 124 | ov_124 | 4.7016288528590376 × 10^276 |
| 125 | ov_125 | 2.4669445477070792 × 10^276 |
| 126 | ov_126 | 1.0970343420159357 × 10^276 |
| 127 | aaa_77_28 | 3.499201399043695 × 10^275 |
| 128 | aaa_77_29 | 1.3096637911346619 × 10^275 |
| 129 | ov_129 | 1.1904685270312715 × 10^275 |
| 130 | ov_130 | 1.1904647385053309 × 10^275 |
| 131 | ov_131 | 1.1904638258203241 × 10^275 |
| 132 | ov_132 | 1.026707900124793 × 10^275 |
| 133 | ov_133 | 8.8060426776059 × 10^274 |
| 134 | ov_134 | 7.5080068072107566 × 10^274 |
| 135 | ov_135 | 6.360142065726033 × 10^274 |
| 136 | ov_136 | 5.350262343739596 × 10^274 |
| 137 | ov_137 | 4.466782633960823 × 10^274 |
| 138 | ov_138 | 3.6986839249179442 × 10^274 |
| 139 | ov_139 | 3.035484320104807 × 10^274 |
| 140 | ov_140 | 2.467215641161765 × 10^274 |
| 141 | ov_141 | 1.9844048127296222 × 10^274 |
| 142 | ov_142 | 1.578059365270662 × 10^274 |
| 143 | ov_143 | 1.2396564305388631 × 10^274 |
| 144 | ov_144 | 9.611346425901685 × 10^273 |
| 145 | ov_145 | 7.34888395305935 × 10^273 |
| 146 | ov_146 | 5.537639453889071 × 10^273 |
| 147 | ov_147 | 4.11056887700989 × 10^273 |
| 148 | ov_148 | 3.005105676612671 × 10^273 |
| 149 | ov_149 | 2.163150533469878 × 10^273 |
| 150 | ov_150 | 1.5310640348114042 × 10^273 |
| 151 | ov_151 | 1.0596610710687124 × 10^273 |
| 152 | ov_152 | 7.042065596331633 × 10^272 |
| 153 | ov_153 | 4.4344500845490775 × 10^272 |
| 154 | ov_154 | 2.5834371613585387 × 10^272 |
| 155 | ov_155 | 1.3209188601664932 × 10^272 |
| 156 | aaa_76_25 | 5.010010915495919 × 10^271 |
| 157 | aaa_76_26 | 2.8355893851758393 × 10^271 |
| 158 | aaa_76_27 | 1.453828766429399 × 10^271 |
| 159 | aaa_76_28 | 6.426460496872816 × 10^270 |
| 160 | aaa_76_29 | 1.950031556218604 × 10^270 |

### Output Bits Sorted by Complexity

| Rank | Output Bit | Complexity |
|:----:|:----------:|:----------:|
| 160 | aaa_76_29 | 1.950031556218604 × 10^270 |
| 159 | aaa_76_28 | 6.426460496872816 × 10^270 |
| 158 | aaa_76_27 | 1.453828766429399 × 10^271 |
| 157 | aaa_76_26 | 2.8355893851758393 × 10^271 |
| 156 | aaa_76_25 | 5.010010915495919 × 10^271 |
| 155 | ov_155 | 1.3209188601664932 × 10^272 |
| 154 | ov_154 | 2.5834371613585387 × 10^272 |
| 153 | ov_153 | 4.4344500845490775 × 10^272 |
| 152 | ov_152 | 7.042065596331633 × 10^272 |
| 151 | ov_151 | 1.0596610710687124 × 10^273 |
| 150 | ov_150 | 1.5310640348114042 × 10^273 |
| 149 | ov_149 | 2.163150533469878 × 10^273 |
| 148 | ov_148 | 3.005105676612671 × 10^273 |
| 147 | ov_147 | 4.11056887700989 × 10^273 |
| 146 | ov_146 | 5.537639453889071 × 10^273 |
| 145 | ov_145 | 7.34888395305935 × 10^273 |
| 144 | ov_144 | 9.611346425901685 × 10^273 |
| 143 | ov_143 | 1.2396564305388631 × 10^274 |
| 142 | ov_142 | 1.578059365270662 × 10^274 |
| 141 | ov_141 | 1.9844048127296222 × 10^274 |
| 140 | ov_140 | 2.467215641161765 × 10^274 |
| 139 | ov_139 | 3.035484320104807 × 10^274 |
| 138 | ov_138 | 3.6986839249179442 × 10^274 |
| 137 | ov_137 | 4.466782633960823 × 10^274 |
| 136 | ov_136 | 5.350262343739596 × 10^274 |
| 135 | ov_135 | 6.360142065726033 × 10^274 |
| 134 | ov_134 | 7.5080068072107566 × 10^274 |
| 133 | ov_133 | 8.8060426776059 × 10^274 |
| 132 | ov_132 | 1.026707900124793 × 10^275 |
| 131 | ov_131 | 1.1904638258203241 × 10^275 |
| 130 | ov_130 | 1.1904647385053309 × 10^275 |
| 129 | ov_129 | 1.1904685270312715 × 10^275 |
| 128 | aaa_77_29 | 1.3096637911346619 × 10^275 |
| 127 | aaa_77_28 | 3.499201399043695 × 10^275 |
| 126 | ov_126 | 1.0970343420159357 × 10^276 |
| 125 | ov_125 | 2.4669445477070792 × 10^276 |
| 124 | ov_124 | 4.7016288528590376 × 10^276 |
| 123 | ov_123 | 8.043068153238294 × 10^276 |
| 122 | ov_122 | 1.2733254051295366 × 10^277 |
| 121 | ov_121 | 1.901420749255089 × 10^277 |
| 120 | ov_120 | 2.7128013283901424 × 10^277 |
| 119 | ov_119 | 3.7316877585584905 × 10^277 |
| 118 | ov_118 | 4.9823217109897175 × 10^277 |
| 117 | ov_117 | 6.488978891074853 × 10^277 |
| 116 | ov_116 | 8.275986964853268 × 10^277 |
| 115 | ov_115 | 1.0367749321508935 × 10^278 |
| 114 | ov_114 | 1.2788775560464737 × 10^278 |
| 113 | ov_113 | 1.5563719591891389 × 10^278 |
| 112 | ov_112 | 1.8717428365358157 × 10^278 |
| 111 | ov_111 | 2.22750065898443 × 10^278 |
| 110 | ov_110 | 2.626190112852501 × 10^278 |
| 109 | ov_109 | 3.070400685020506 × 10^278 |
| 108 | ov_108 | 3.5627795721553614 × 10^278 |
| 107 | ov_107 | 4.154215407701462 × 10^278 |
| 106 | ov_106 | 4.8984083593744395 × 10^278 |
| 105 | ov_105 | 5.851982300727747 × 10^278 |
| 104 | ov_104 | 7.074620981166385 × 10^278 |
| 103 | ov_103 | 8.629231419572617 × 10^278 |
| 102 | ov_102 | 1.0582137931547234 × 10^279 |
| 101 | ov_101 | 1.3003310388397162 × 10^279 |
| 100 | ov_100 | 1.5966630498581338 × 10^279 |
| 99 | ov_099 | 1.955020010077522 × 10^279 |
| 98 | ov_098 | 1.955030108874741 × 10^279 |
| 97 | ov_097 | 1.9550617851165964 × 10^279 |
| 96 | aaa_78_29 | 3.474684332920085 × 10^279 |
| 95 | aaa_78_28 | 1.0047587366976245 × 10^280 |
| 94 | ov_094 | 3.3735876961531187 × 10^280 |
| 93 | ov_093 | 8.245363078335078 × 10^280 |
| 92 | ov_092 | 1.7226898259344494 × 10^281 |
| 91 | ov_091 | 3.2392964254235706 × 10^281 |
| 90 | ov_090 | 5.628635410396423 × 10^281 |
| 89 | ov_089 | 9.191804071943279 × 10^281 |
| 88 | ov_088 | 1.427674983630883 × 10^282 |
| 87 | ov_087 | 2.1278327491702226 × 10^282 |
| 86 | ov_086 | 3.0638391009909065 × 10^282 |
| 85 | ov_085 | 4.3287783614868636 × 10^282 |
| 84 | ov_084 | 6.025180914467737 × 10^282 |
| 83 | ov_083 | 8.265067579821039 × 10^282 |
| 82 | ov_082 | 1.117000768474154 × 10^283 |
| 81 | ov_081 | 1.4871192769285433 × 10^283 |
| 80 | ov_080 | 1.9509527865442385 × 10^283 |
| 64 | lv_79_m31 | 2.108978694137189 × 10^283 |
| 79 | ov_079 | 2.5235742291248184 × 10^283 |
| 78 | ov_078 | 3.2210521905043943 × 10^283 |
| 77 | ov_077 | 4.0604664770257166 × 10^283 |
| 76 | ov_076 | 5.059926218853675 × 10^283 |
| 75 | ov_075 | 6.238590706931421 × 10^283 |
| 74 | ov_074 | 7.61669316176608 × 10^283 |
| 73 | ov_073 | 9.215567634073674 × 10^283 |
| 63 | ov_063 | 1.0836592403487119 × 10^284 |
| 72 | ov_072 | 1.1057679239757624 × 10^284 |
| 71 | ov_071 | 1.3166657934904516 × 10^284 |
| 70 | ov_070 | 1.5567336522316883 × 10^284 |
| 69 | ov_069 | 1.8285795058644994 × 10^284 |
| 68 | ov_068 | 2.134941539258744 × 10^284 |
| 67 | ov_067 | 2.4786950249705786 × 10^284 |
| 66 | ov_066 | 2.478696579581016 × 10^284 |
| 65 | ov_065 | 2.478703196318844 × 10^284 |
| 62 | ov_062 | 5.566754637399463 × 10^284 |
| 61 | ov_061 | 2.0315568086431257 × 10^285 |
| 60 | ov_060 | 5.822174097255654 × 10^285 |
| 59 | ov_059 | 1.3232339982994708 × 10^286 |
| 58 | ov_058 | 2.6072859525233455 × 10^286 |
| 57 | ov_057 | 4.666153515197524 × 10^286 |
| 56 | ov_056 | 7.78231843320919 × 10^286 |
| 55 | ov_055 | 1.2288968685247618 × 10^287 |
| 54 | ov_054 | 1.857000909853295 × 10^287 |
| 53 | ov_053 | 2.7060082446001025 × 10^287 |
| 52 | ov_052 | 3.824460745131514 × 10^287 |
| 51 | ov_051 | 5.2659842000950215 × 10^287 |
| 50 | ov_050 | 7.142923962125147 × 10^287 |
| 49 | ov_049 | 9.57782753587484 × 10^287 |
| 48 | ov_048 | 1.270347991483194 × 10^288 |
| 47 | ov_047 | 1.6662952765931776 × 10^288 |
| 32 | lv_80_m31 | 2.0893050149132672 × 10^288 |
| 46 | ov_046 | 2.1609671250902613 × 10^288 |
| 45 | ov_045 | 2.770750402261389 × 10^288 |
| 44 | ov_044 | 3.513088382695065 × 10^288 |
| 43 | ov_043 | 4.406496729330699 × 10^288 |
| 42 | ov_042 | 5.4705843258642806 × 10^288 |
| 41 | ov_041 | 6.715999288906122 × 10^288 |
| 40 | ov_040 | 8.153975871168898 × 10^288 |
| 39 | ov_039 | 9.796357527314587 × 10^288 |
| 31 | ov_031 | 1.0703577349104616 × 10^289 |
| 38 | ov_038 | 1.1655624984258419 × 10^289 |
| 37 | ov_037 | 1.374492999932703 × 10^289 |
| 36 | ov_036 | 1.6091287288196218 × 10^289 |
| 35 | ov_035 | 1.8723181318286734 × 10^289 |
| 34 | ov_034 | 2.1670668996878856 × 10^289 |
| 33 | ov_033 | 2.4965499190350184 × 10^289 |
| 30 | ov_030 | 4.830666526756575 × 10^289 |
| 29 | ov_029 | 1.5968032100000868 × 10^290 |
| 28 | ov_028 | 4.2583520537796 × 10^290 |
| 27 | ov_027 | 9.73548057100557 × 10^290 |
| 26 | ov_026 | 1.978656652594477 × 10^291 |
| 25 | ov_025 | 3.6660604503455746 × 10^291 |
| 24 | ov_024 | 6.309723050307532 × 10^291 |
| 23 | ov_023 | 1.0232679383577235 × 10^292 |
| 22 | ov_022 | 1.5807052180136697 × 10^292 |
| 21 | ov_021 | 2.3826206152377173 × 10^292 |
| 20 | ov_020 | 3.5181798200269843 × 10^292 |
| 19 | ov_019 | 5.086391627744846 × 10^292 |
| 18 | ov_018 | 7.196129255820535 × 10^292 |
| 17 | ov_017 | 9.966161553308635 × 10^292 |
| 16 | ov_016 | 1.3525196971797243 × 10^293 |
| 15 | ov_015 | 1.8011943572007733 × 10^293 |
| 14 | ov_014 | 2.3575188746534453 × 10^293 |
| 13 | ov_013 | 3.0373903281959384 × 10^293 |
| 12 | ov_012 | 3.857737645048635 × 10^293 |
| 11 | ov_011 | 4.836539104211303 × 10^293 |
| 10 | ov_010 | 5.992844855161848 × 10^293 |
| 9 | ov_009 | 7.346805555593345 × 10^293 |
| 8 | ov_008 | 8.919708314348384 × 10^293 |
| 7 | ov_007 | 1.0734021208952383 × 10^294 |
| 6 | ov_006 | 1.2813447731248432 × 10^294 |
| 5 | ov_005 | 1.5182992599876872 × 10^294 |
| 4 | ov_004 | 1.7869040364268326 × 10^294 |
| 3 | ov_003 | 2.089944800537873 × 10^294 |
| 2 | ov_002 | 2.4303652504181273 × 10^294 |
| 1 | ov_001 | 2.8112794301556173 × 10^294 |

