# Results for F001-F002-F003-F004-F005-F006-F007-F008-F009-F010-F011-F012-F013-F014-F015-F016-F017-F018-F019-F020-F021-F022-F023-F024-F025-F026-F027-F028-F029-F030-F031-F032-F033-F034-F035-F036-F037-F038-F039-F040-F041-F042-F043-F044-F045-F046-F047-F048-F049-F050-F051-F052-F053-F054-F055-F056-F057-F058-F059-F060-F061-F062-F063-F064-F065-F066-F067-F068-F069-F070-F071-F072-F073-F074-F075-F076-F077-F078-F079-F080-F081-F082-F083-F084-F085-F086-F087-F088-F089-F090-F091-F092-F093-F094-F095-F096-F097-F098-F099-F100-F101-F102-F103-F104-F105-F106-F107-F108-F109-F110-F111-F112-F113-F114-F115-F116-F117-F118-F119-F120-F121-F122-F123-F124-F125-F126-F127-F128-F129-F130-F131-F132-F133-F134-F135-F136-F137-F138-F139-F140-F141-F142-F143-F144-F145-F146-F147-F148-F149-F150-F151-F152-F153-F154-F155-F156-F157-F158-F159-F160-F161-F162-F163-F164-F165-F166-F167-F168-F169-F170-F171-F172-F173-F174-F175-F176-F177-F178-F179-F180-F181-F182-F183-F184-F185-F186-F187-F188-F189-F190-F191-F192-F193-F194-F195-F196-F197-F198-F199-F200-F201-F202-F203-F204-F205-F206-F207-F208-F209-F210-F211-F212-F213-F214-F215-F216-F217-F218-F219-F220-F221-F222-F223-F224-F225-F226-F227-F228-F229-F230-F231-F232-F233-F234-F235-F236-F237-F238-F239-F240-F241-F242-F243-F244-F245-F246-F247-F248-F249-F250-F251-F252-F253-F254-F255-F256-F257-F258-F259-F260-F261-F262-F263-F264-F265-F266-F267-F268-F269-F270-F271-F272-F273-F274-F275-F276-F277-F278-F279-F280-F281-F282-F283-F284-F285-F286-F287-F288-F289-F290-F291-F292-F293-F294-F295-F296-F297-F298-F299-F300-F301-F302-F303-F304-F305-F306-F307-F308-F309-F310-F311-F312-F313-F314-F315-F316-F317-F318-F319-F320-F321-F322-F323-F324-F325-F326-F327-F328-F329-F330-F331-F332-F333-F334-F335-F336-F337-F338-F339-F340-F341-F342-F343-F344-F345-F346-F347-F348-F349-F350-F351-F352-F353-F354-F355-F356-F357-F358-F359-F360-F361-F362-F363-F364-F365-F366-F367-F368-F369-F370-F371-F372-F373-F374-F375-F376-F377-F378-F379-F380-F381-F382-F383-F384-F385-F386-F387-F388-F389-F390-F391-F392-F393-F394-F395-F396-F397-F398-F399-F400-F401-F402-F403-F404-F405-F406-F407-F408-F409-F410-F411-F412-F413-F414-F415-F416-F417-F418-F419-F420-F421-F422-F423-F424-F425-F426-F427-F428-F429-F430-F431-F432-F433-F434-F435-F436-F437-F438-F439-F440-F441-F442-F443-F444-F445-F446-F447-F448-F449-F450-F451-F452-F453-F454-F455-F456-F457-F458-F459-F460-F461-F462-F463-F464-F465-F466-F467-F468-F469-F470-F471-F472-F473-F474-F475-F476-F477-F478-F479-F480-F481-F482-F483-F484-F485-F486-F487-F488-F489-F490-F491-F492-F493-F494-F495-F496-O498506-O500505-F508-F509-F510-F511-F512

## Summary

Number of input bits: 512  
Number of free input bits: 9  
Number of output bits: 160

Number of direct occurrences: 36231  
Number of assignments: 30863  
Number of operations: 10846825
(xor: 10818938,
and: 14697,
or: 13190)

Total complexity: 2.9813972019849817 × 10^297

Least occurring input variable: iv_502 (3829)  
Most occurring input variable: iv_498 (4275)

Most co-occurring input variables: iv_500-iv_501 (1996)  
Least co-occurring input variables: iv_499-iv_502 (1761)

Potentially most occurring input variable: iv_497/iv_498 (4548)  
Potentially least occurring input variable: iv_501/iv_504 (4064)

Least output occurring input variable: iv_501 (67)  
Most output occurring input variable: iv_498 (92)

Most output co-occurring input variables: iv_498-iv_499 (52)  
Least output co-occurring input variables: iv_501-iv_507 (26)

Potentially most output occurring input variable: iv_498/iv_504 (94)  
Potentially least output occurring input variable: iv_499/iv_500 (68)

Least complex input bit: iv_497 (1.7732188015254797 × 10^295)  
Most complex input bit: iv_500 (9.690657905473006 × 10^296)

Least complex output bit: aaa_76_29 (2.2046893209544267 × 10^272)  
Most complex output bit: ov_001 (4.810778687301857 × 10^296)

Least complex input/output complexity: iv_497/aaa_76_29 (1.3112632402136802 × 10^270)  
Most complex input/output complexity: iv_500/ov_001 (1.5636833121914777 × 10^296)

## Input Bits

### Input Bits in Regular Order

| Input Bit | Complexity | Occurrences | Output Occurrences |
|:---------:|:----------:|:-----------:|:------------------:|
| iv_497 | 1.7732188015254797 × 10^295 | 4001 | 77 |
| iv_498 | 1.957980679579177 × 10^296 | 4275 | 92 |
| iv_499 | 6.220314336762538 × 10^295 | 3911 | 83 |
| iv_500 | 9.690657905473006 × 10^296 | 4209 | 79 |
| iv_501 | 1.706274868997725 × 10^296 | 4008 | 67 |
| iv_502 | 2.7404383022527525 × 10^296 | 3829 | 84 |
| iv_503 | 4.329209385048246 × 10^296 | 4030 | 80 |
| iv_504 | 6.7156008688583566 × 10^296 | 3882 | 76 |
| iv_507 | 1.874456695811757 × 10^296 | 4086 | 74 |

### Input Bits Sorted by Complexity

| Input Bit | Complexity | Occurrences | Output Occurrences |
|:---------:|:----------:|:-----------:|:------------------:|
| iv_497 | 1.7732188015254797 × 10^295 | 4001 | 77 |
| iv_499 | 6.220314336762538 × 10^295 | 3911 | 83 |
| iv_501 | 1.706274868997725 × 10^296 | 4008 | 67 |
| iv_507 | 1.874456695811757 × 10^296 | 4086 | 74 |
| iv_498 | 1.957980679579177 × 10^296 | 4275 | 92 |
| iv_502 | 2.7404383022527525 × 10^296 | 3829 | 84 |
| iv_503 | 4.329209385048246 × 10^296 | 4030 | 80 |
| iv_504 | 6.7156008688583566 × 10^296 | 3882 | 76 |
| iv_500 | 9.690657905473006 × 10^296 | 4209 | 79 |

### Input Bits Sorted by Occurrences

| Input Bit | Complexity | Occurrences | Output Occurrences |
|:---------:|:----------:|:-----------:|:------------------:|
| iv_502 | 2.7404383022527525 × 10^296 | 3829 | 84 |
| iv_504 | 6.7156008688583566 × 10^296 | 3882 | 76 |
| iv_499 | 6.220314336762538 × 10^295 | 3911 | 83 |
| iv_497 | 1.7732188015254797 × 10^295 | 4001 | 77 |
| iv_501 | 1.706274868997725 × 10^296 | 4008 | 67 |
| iv_503 | 4.329209385048246 × 10^296 | 4030 | 80 |
| iv_507 | 1.874456695811757 × 10^296 | 4086 | 74 |
| iv_500 | 9.690657905473006 × 10^296 | 4209 | 79 |
| iv_498 | 1.957980679579177 × 10^296 | 4275 | 92 |

### Input Bits Sorted by Output Occurrences

| Input Bit | Complexity | Occurrences | Output Occurrences |
|:---------:|:----------:|:-----------:|:------------------:|
| iv_501 | 1.706274868997725 × 10^296 | 4008 | 67 |
| iv_507 | 1.874456695811757 × 10^296 | 4086 | 74 |
| iv_504 | 6.7156008688583566 × 10^296 | 3882 | 76 |
| iv_497 | 1.7732188015254797 × 10^295 | 4001 | 77 |
| iv_500 | 9.690657905473006 × 10^296 | 4209 | 79 |
| iv_503 | 4.329209385048246 × 10^296 | 4030 | 80 |
| iv_499 | 6.220314336762538 × 10^295 | 3911 | 83 |
| iv_502 | 2.7404383022527525 × 10^296 | 3829 | 84 |
| iv_498 | 1.957980679579177 × 10^296 | 4275 | 92 |

## Input Bit Co-occurrences

### Input Bit Co-occurrences Sorted by Co-occurrences

| Input Bits | Co-occurrences | Potential Occurrences | Output Co-occurrences | Potential Output Occurrences |
|:----------:|:--------------:|:---------------------:|:---------------------:|:----------------------------:|
| iv_500-iv_501 | 1996 | 4225 | 35 | 76 |
| iv_498-iv_500 | 1991 | 4502 | 46 | 79 |
| iv_498-iv_507 | 1963 | 4435 | 45 | 76 |
| iv_498-iv_503 | 1960 | 4385 | 47 | 78 |
| iv_500-iv_507 | 1958 | 4379 | 36 | 81 |
| iv_503-iv_507 | 1941 | 4234 | 38 | 78 |
| iv_500-iv_503 | 1933 | 4373 | 41 | 77 |
| iv_498-iv_501 | 1925 | 4433 | 34 | 91 |
| iv_498-iv_502 | 1919 | 4266 | 45 | 86 |

### Input Bit Co-occurrences Sorted by Potential Occurrences

| Input Bits | Co-occurrences | Potential Occurrences | Output Co-occurrences | Potential Output Occurrences |
|:----------:|:--------------:|:---------------------:|:---------------------:|:----------------------------:|
| iv_501-iv_504 | 1913 | 4064 | 35 | 73 |
| iv_497-iv_499 | 1879 | 4154 | 41 | 78 |
| iv_499-iv_504 | 1818 | 4157 | 38 | 83 |
| iv_503-iv_504 | 1870 | 4172 | 39 | 78 |
| iv_502-iv_504 | 1761 | 4189 | 42 | 76 |
| iv_499-iv_507 | 1896 | 4205 | 43 | 71 |
| iv_504-iv_507 | 1880 | 4208 | 35 | 80 |
| iv_501-iv_503 | 1915 | 4208 | 32 | 83 |
| iv_497-iv_503 | 1911 | 4209 | 33 | 91 |

### Input Bit Output Co-occurrences Sorted by Output Co-occurrences

| Input Bits | Co-occurrences | Potential Occurrences | Output Co-occurrences | Potential Output Occurrences |
|:----------:|:--------------:|:---------------------:|:---------------------:|:----------------------------:|
| iv_498-iv_499 | 1910 | 4366 | 52 | 71 |
| iv_498-iv_503 | 1960 | 4385 | 47 | 78 |
| iv_499-iv_500 | 1904 | 4312 | 47 | 68 |
| iv_497-iv_498 | 1864 | 4548 | 46 | 77 |
| iv_498-iv_500 | 1991 | 4502 | 46 | 79 |
| iv_498-iv_502 | 1919 | 4266 | 45 | 86 |
| iv_497-iv_502 | 1789 | 4252 | 45 | 71 |
| iv_498-iv_507 | 1963 | 4435 | 45 | 76 |
| iv_500-iv_502 | 1856 | 4326 | 44 | 75 |

### Input Bit Output Co-occurrences Sorted by Potential Output Occurrences

| Input Bits | Co-occurrences | Potential Occurrences | Output Co-occurrences | Potential Output Occurrences |
|:----------:|:--------------:|:---------------------:|:---------------------:|:----------------------------:|
| iv_499-iv_500 | 1904 | 4312 | 47 | 68 |
| iv_500-iv_504 | 1893 | 4305 | 42 | 71 |
| iv_498-iv_499 | 1910 | 4366 | 52 | 71 |
| iv_497-iv_502 | 1789 | 4252 | 45 | 71 |
| iv_499-iv_507 | 1896 | 4205 | 43 | 71 |
| iv_501-iv_504 | 1913 | 4064 | 35 | 73 |
| iv_500-iv_502 | 1856 | 4326 | 44 | 75 |
| iv_500-iv_501 | 1996 | 4225 | 35 | 76 |
| iv_502-iv_504 | 1761 | 4189 | 42 | 76 |

## Output Bits

### Output Bits in Regular Order

| Rank | Output Bit | Complexity |
|:----:|:----------:|:----------:|
| 1 | ov_001 | 4.810778687301857 × 10^296 |
| 2 | ov_002 | 4.165832343825239 × 10^296 |
| 3 | ov_003 | 3.5887105144703335 × 10^296 |
| 4 | ov_004 | 3.074240820628944 × 10^296 |
| 5 | ov_005 | 2.617532950375255 × 10^296 |
| 6 | ov_006 | 2.213958398562164 × 10^296 |
| 7 | ov_007 | 1.859132845811594 × 10^296 |
| 8 | ov_008 | 1.5489010186617413 × 10^296 |
| 9 | ov_009 | 1.2793238348681884 × 10^296 |
| 10 | ov_010 | 1.0466676018604974 × 10^296 |
| 11 | ov_011 | 8.473950336532454 × 10^295 |
| 12 | ov_012 | 6.781578648858353 × 10^295 |
| 13 | ov_013 | 5.357908537986337 × 10^295 |
| 14 | ov_014 | 4.173069789009687 × 10^295 |
| 15 | ov_015 | 3.198936468954299 × 10^295 |
| 16 | ov_016 | 2.4090974212919133 × 10^295 |
| 17 | ov_017 | 1.778833604744641 × 10^295 |
| 18 | ov_018 | 1.2851008311757193 × 10^295 |
| 19 | ov_019 | 9.065166496062507 × 10^294 |
| 20 | ov_020 | 6.233504412860464 × 10^294 |
| 21 | ov_021 | 4.175160850603103 × 10^294 |
| 22 | ov_022 | 2.7256668937806836 × 10^294 |
| 23 | ov_023 | 1.7369094968930833 × 10^294 |
| 24 | ov_024 | 1.0771075235562995 × 10^294 |
| 25 | ov_025 | 6.307970856569358 × 10^293 |
| 26 | ov_026 | 3.4432421068853357 × 10^293 |
| 27 | ov_027 | 1.7218820097753725 × 10^293 |
| 28 | ov_028 | 7.704052413773387 × 10^292 |
| 29 | ov_029 | 2.968443332173417 × 10^292 |
| 30 | ov_030 | 9.074867677511299 × 10^291 |
| 31 | ov_031 | 1.7701848253797835 × 10^291 |
| 32 | lv_80_m31 | 3.452549273008662 × 10^290 |
| 33 | ov_033 | 4.130086623849997 × 10^291 |
| 34 | ov_034 | 3.5818391473452605 × 10^291 |
| 35 | ov_035 | 3.0914314503583377 × 10^291 |
| 36 | ov_036 | 2.6539635394653086 × 10^291 |
| 37 | ov_037 | 2.264798423381686 × 10^291 |
| 38 | ov_038 | 1.9195434960562638 × 10^291 |
| 39 | ov_039 | 1.6140344873827268 × 10^291 |
| 40 | ov_040 | 1.3443217341551282 × 10^291 |
| 41 | ov_041 | 1.1084824778489044 × 10^291 |
| 42 | ov_042 | 9.04692777124448 × 10^290 |
| 43 | ov_043 | 7.312230563494882 × 10^290 |
| 44 | ov_044 | 5.848832364087519 × 10^290 |
| 45 | ov_045 | 4.6265621618106046 × 10^290 |
| 46 | ov_046 | 3.616935616931681 × 10^290 |
| 47 | ov_047 | 2.7931212586874636 × 10^290 |
| 48 | ov_048 | 2.129914473003134 × 10^290 |
| 49 | ov_049 | 1.6037178789531541 × 10^290 |
| 50 | ov_050 | 1.1925268060956564 × 10^290 |
| 51 | ov_051 | 8.759186979441928 × 10^289 |
| 52 | ov_052 | 6.350454319246988 × 10^289 |
| 53 | ov_053 | 4.526278086120667 × 10^289 |
| 54 | ov_054 | 3.129517042767696 × 10^289 |
| 55 | ov_055 | 2.08550935923273 × 10^289 |
| 56 | ov_056 | 1.3274006386405383 × 10^289 |
| 57 | ov_057 | 7.961376988372208 × 10^288 |
| 58 | ov_058 | 4.404650283011681 × 10^288 |
| 59 | ov_059 | 2.1692294487258127 × 10^288 |
| 60 | ov_060 | 8.984676085137043 × 10^287 |
| 61 | ov_061 | 3.1366482207331953 × 10^287 |
| 62 | ov_062 | 8.599337860786612 × 10^286 |
| 63 | ov_063 | 1.6749511106896695 × 10^286 |
| 64 | lv_79_m31 | 3.2616098604299415 × 10^285 |
| 65 | ov_065 | 3.851749193464704 × 10^286 |
| 66 | ov_066 | 3.851738803225333 × 10^286 |
| 67 | ov_067 | 3.851736346249932 × 10^286 |
| 68 | ov_068 | 3.3251205638265874 × 10^286 |
| 69 | ov_069 | 2.854779218593471 × 10^286 |
| 70 | ov_070 | 2.4364744676857067 × 10^286 |
| 71 | ov_071 | 2.0661673015069723 × 10^286 |
| 72 | ov_072 | 1.7400063153459712 × 10^286 |
| 73 | ov_073 | 1.454318977332032 × 10^286 |
| 74 | ov_074 | 1.205604882640292 × 10^286 |
| 75 | ov_075 | 9.905305105840897 × 10^285 |
| 76 | ov_076 | 8.059250269702934 × 10^285 |
| 77 | ov_077 | 6.487767456198692 × 10^285 |
| 78 | ov_078 | 5.1623002412643286 × 10^285 |
| 79 | ov_079 | 4.055825209217955 × 10^285 |
| 80 | ov_080 | 3.1428279055327105 × 10^285 |
| 81 | ov_081 | 2.3992819430294545 × 10^285 |
| 82 | ov_082 | 1.8026310344597042 × 10^285 |
| 83 | ov_083 | 1.3317737256749125 × 10^285 |
| 84 | ov_084 | 9.670506044692395 × 10^284 |
| 85 | ov_085 | 6.902337608177063 × 10^284 |
| 86 | ov_086 | 4.845182746687828 × 10^284 |
| 87 | ov_087 | 3.345155077388093 × 10^284 |
| 88 | ov_088 | 2.2624797593586023 × 10^284 |
| 89 | ov_089 | 1.4714557914560374 × 10^284 |
| 90 | ov_090 | 9.127471988768738 × 10^283 |
| 91 | ov_091 | 5.3403643441854 × 10^283 |
| 92 | ov_092 | 2.9001775144749184 × 10^283 |
| 93 | ov_093 | 1.4239347672213129 × 10^283 |
| 94 | ov_094 | 5.987217780839554 × 10^282 |
| 95 | aaa_78_28 | 1.8167914402822423 × 10^282 |
| 96 | aaa_78_29 | 5.428154383493563 × 10^281 |
| 97 | ov_097 | 2.87360402798992 × 10^281 |
| 98 | ov_098 | 2.8735671000492564 × 10^281 |
| 99 | ov_099 | 2.8735552972830124 × 10^281 |
| 100 | ov_100 | 2.3524597095475296 × 10^281 |
| 101 | ov_101 | 1.9133047729773065 × 10^281 |
| 102 | ov_102 | 1.547040090293241 × 10^281 |
| 103 | ov_103 | 1.2451087738031715 × 10^281 |
| 104 | ov_104 | 9.994112336158605 × 10^280 |
| 105 | ov_105 | 8.022738065302386 × 10^280 |
| 106 | ov_106 | 6.464217741351946 × 10^280 |
| 107 | ov_107 | 5.249563413830655 × 10^280 |
| 108 | ov_108 | 4.313351689046218 × 10^280 |
| 109 | ov_109 | 3.5935607377609136 × 10^280 |
| 110 | ov_110 | 3.0314353446542352 × 10^280 |
| 111 | ov_111 | 2.57137656388741 × 10^280 |
| 112 | ov_112 | 2.1608527499031693 × 10^280 |
| 113 | ov_113 | 1.7969223229262792 × 10^280 |
| 114 | ov_114 | 1.4766859031094504 × 10^280 |
| 115 | ov_115 | 1.1972758335297643 × 10^280 |
| 116 | ov_116 | 9.558479241424482 × 10^279 |
| 117 | ov_117 | 7.495752157669419 × 10^279 |
| 118 | ov_118 | 5.756433735426315 × 10^279 |
| 119 | ov_119 | 4.312471546888599 × 10^279 |
| 120 | ov_120 | 3.135876353862642 × 10^279 |
| 121 | ov_121 | 2.198700964744962 × 10^279 |
| 122 | ov_122 | 1.47302467675288 × 10^279 |
| 123 | ov_123 | 9.309423005502075 × 10^278 |
| 124 | ov_124 | 5.4455676440770374 × 10^278 |
| 125 | ov_125 | 2.859745379523654 × 10^278 |
| 126 | ov_126 | 1.27303300951319 × 10^278 |
| 127 | aaa_77_28 | 4.065104980345607 × 10^277 |
| 128 | aaa_77_29 | 1.5240901807747855 × 10^277 |
| 129 | ov_129 | 1.392317292980202 × 10^277 |
| 130 | ov_130 | 1.3923130065374012 × 10^277 |
| 131 | ov_131 | 1.3923119724929954 × 10^277 |
| 132 | ov_132 | 1.204896423638212 × 10^277 |
| 133 | ov_133 | 1.0370554427071297 × 10^277 |
| 134 | ov_134 | 8.872516454492948 × 10^276 |
| 135 | ov_135 | 7.540275637204573 × 10^276 |
| 136 | ov_136 | 6.359999012704285 × 10^276 |
| 137 | ov_137 | 5.324948916090188 × 10^276 |
| 138 | ov_138 | 4.422637115943461 × 10^276 |
| 139 | ov_139 | 3.641193065650367 × 10^276 |
| 140 | ov_140 | 2.969335892442676 × 10^276 |
| 141 | ov_141 | 2.3963517772507317 × 10^276 |
| 142 | ov_142 | 1.9120760217420642 × 10^276 |
| 143 | ov_143 | 1.5068791396679758 × 10^276 |
| 144 | ov_144 | 1.1716563501513965 × 10^276 |
| 145 | ov_145 | 8.978198909032857 × 10^275 |
| 146 | ov_146 | 6.772936095993896 × 10^275 |
| 147 | ov_147 | 5.025093318124466 × 10^275 |
| 148 | ov_148 | 3.6640454399656506 × 10^275 |
| 149 | ov_149 | 2.6242097007449086 × 10^275 |
| 150 | ov_150 | 1.8450367903714044 × 10^275 |
| 151 | ov_151 | 1.271004713252209 × 10^275 |
| 152 | ov_152 | 8.5161424803197 × 10^274 |
| 153 | ov_153 | 5.413856150103409 × 10^274 |
| 154 | ov_154 | 3.188334374137138 × 10^274 |
| 155 | ov_155 | 1.6498042296697165 × 10^274 |
| 156 | aaa_76_25 | 6.335681416459326 × 10^273 |
| 157 | aaa_76_26 | 3.654557998512596 × 10^273 |
| 158 | aaa_76_27 | 1.8682951752782233 × 10^273 |
| 159 | aaa_76_28 | 7.261989059322598 × 10^272 |
| 160 | aaa_76_29 | 2.2046893209544267 × 10^272 |

### Output Bits Sorted by Complexity

| Rank | Output Bit | Complexity |
|:----:|:----------:|:----------:|
| 160 | aaa_76_29 | 2.2046893209544267 × 10^272 |
| 159 | aaa_76_28 | 7.261989059322598 × 10^272 |
| 158 | aaa_76_27 | 1.8682951752782233 × 10^273 |
| 157 | aaa_76_26 | 3.654557998512596 × 10^273 |
| 156 | aaa_76_25 | 6.335681416459326 × 10^273 |
| 155 | ov_155 | 1.6498042296697165 × 10^274 |
| 154 | ov_154 | 3.188334374137138 × 10^274 |
| 153 | ov_153 | 5.413856150103409 × 10^274 |
| 152 | ov_152 | 8.5161424803197 × 10^274 |
| 151 | ov_151 | 1.271004713252209 × 10^275 |
| 150 | ov_150 | 1.8450367903714044 × 10^275 |
| 149 | ov_149 | 2.6242097007449086 × 10^275 |
| 148 | ov_148 | 3.6640454399656506 × 10^275 |
| 147 | ov_147 | 5.025093318124466 × 10^275 |
| 146 | ov_146 | 6.772936095993896 × 10^275 |
| 145 | ov_145 | 8.978198909032857 × 10^275 |
| 144 | ov_144 | 1.1716563501513965 × 10^276 |
| 143 | ov_143 | 1.5068791396679758 × 10^276 |
| 142 | ov_142 | 1.9120760217420642 × 10^276 |
| 141 | ov_141 | 2.3963517772507317 × 10^276 |
| 140 | ov_140 | 2.969335892442676 × 10^276 |
| 139 | ov_139 | 3.641193065650367 × 10^276 |
| 138 | ov_138 | 4.422637115943461 × 10^276 |
| 137 | ov_137 | 5.324948916090188 × 10^276 |
| 136 | ov_136 | 6.359999012704285 × 10^276 |
| 135 | ov_135 | 7.540275637204573 × 10^276 |
| 134 | ov_134 | 8.872516454492948 × 10^276 |
| 133 | ov_133 | 1.0370554427071297 × 10^277 |
| 132 | ov_132 | 1.204896423638212 × 10^277 |
| 131 | ov_131 | 1.3923119724929954 × 10^277 |
| 130 | ov_130 | 1.3923130065374012 × 10^277 |
| 129 | ov_129 | 1.392317292980202 × 10^277 |
| 128 | aaa_77_29 | 1.5240901807747855 × 10^277 |
| 127 | aaa_77_28 | 4.065104980345607 × 10^277 |
| 126 | ov_126 | 1.27303300951319 × 10^278 |
| 125 | ov_125 | 2.859745379523654 × 10^278 |
| 124 | ov_124 | 5.4455676440770374 × 10^278 |
| 123 | ov_123 | 9.309423005502075 × 10^278 |
| 122 | ov_122 | 1.47302467675288 × 10^279 |
| 121 | ov_121 | 2.198700964744962 × 10^279 |
| 120 | ov_120 | 3.135876353862642 × 10^279 |
| 119 | ov_119 | 4.312471546888599 × 10^279 |
| 118 | ov_118 | 5.756433735426315 × 10^279 |
| 117 | ov_117 | 7.495752157669419 × 10^279 |
| 116 | ov_116 | 9.558479241424482 × 10^279 |
| 115 | ov_115 | 1.1972758335297643 × 10^280 |
| 114 | ov_114 | 1.4766859031094504 × 10^280 |
| 113 | ov_113 | 1.7969223229262792 × 10^280 |
| 112 | ov_112 | 2.1608527499031693 × 10^280 |
| 111 | ov_111 | 2.57137656388741 × 10^280 |
| 110 | ov_110 | 3.0314353446542352 × 10^280 |
| 109 | ov_109 | 3.5935607377609136 × 10^280 |
| 108 | ov_108 | 4.313351689046218 × 10^280 |
| 107 | ov_107 | 5.249563413830655 × 10^280 |
| 106 | ov_106 | 6.464217741351946 × 10^280 |
| 105 | ov_105 | 8.022738065302386 × 10^280 |
| 104 | ov_104 | 9.994112336158605 × 10^280 |
| 103 | ov_103 | 1.2451087738031715 × 10^281 |
| 102 | ov_102 | 1.547040090293241 × 10^281 |
| 101 | ov_101 | 1.9133047729773065 × 10^281 |
| 100 | ov_100 | 2.3524597095475296 × 10^281 |
| 99 | ov_099 | 2.8735552972830124 × 10^281 |
| 98 | ov_098 | 2.8735671000492564 × 10^281 |
| 97 | ov_097 | 2.87360402798992 × 10^281 |
| 96 | aaa_78_29 | 5.428154383493563 × 10^281 |
| 95 | aaa_78_28 | 1.8167914402822423 × 10^282 |
| 94 | ov_094 | 5.987217780839554 × 10^282 |
| 93 | ov_093 | 1.4239347672213129 × 10^283 |
| 92 | ov_092 | 2.9001775144749184 × 10^283 |
| 91 | ov_091 | 5.3403643441854 × 10^283 |
| 90 | ov_090 | 9.127471988768738 × 10^283 |
| 89 | ov_089 | 1.4714557914560374 × 10^284 |
| 88 | ov_088 | 2.2624797593586023 × 10^284 |
| 87 | ov_087 | 3.345155077388093 × 10^284 |
| 86 | ov_086 | 4.845182746687828 × 10^284 |
| 85 | ov_085 | 6.902337608177063 × 10^284 |
| 84 | ov_084 | 9.670506044692395 × 10^284 |
| 83 | ov_083 | 1.3317737256749125 × 10^285 |
| 82 | ov_082 | 1.8026310344597042 × 10^285 |
| 81 | ov_081 | 2.3992819430294545 × 10^285 |
| 80 | ov_080 | 3.1428279055327105 × 10^285 |
| 64 | lv_79_m31 | 3.2616098604299415 × 10^285 |
| 79 | ov_079 | 4.055825209217955 × 10^285 |
| 78 | ov_078 | 5.1623002412643286 × 10^285 |
| 77 | ov_077 | 6.487767456198692 × 10^285 |
| 76 | ov_076 | 8.059250269702934 × 10^285 |
| 75 | ov_075 | 9.905305105840897 × 10^285 |
| 74 | ov_074 | 1.205604882640292 × 10^286 |
| 73 | ov_073 | 1.454318977332032 × 10^286 |
| 63 | ov_063 | 1.6749511106896695 × 10^286 |
| 72 | ov_072 | 1.7400063153459712 × 10^286 |
| 71 | ov_071 | 2.0661673015069723 × 10^286 |
| 70 | ov_070 | 2.4364744676857067 × 10^286 |
| 69 | ov_069 | 2.854779218593471 × 10^286 |
| 68 | ov_068 | 3.3251205638265874 × 10^286 |
| 67 | ov_067 | 3.851736346249932 × 10^286 |
| 66 | ov_066 | 3.851738803225333 × 10^286 |
| 65 | ov_065 | 3.851749193464704 × 10^286 |
| 62 | ov_062 | 8.599337860786612 × 10^286 |
| 61 | ov_061 | 3.1366482207331953 × 10^287 |
| 60 | ov_060 | 8.984676085137043 × 10^287 |
| 59 | ov_059 | 2.1692294487258127 × 10^288 |
| 58 | ov_058 | 4.404650283011681 × 10^288 |
| 57 | ov_057 | 7.961376988372208 × 10^288 |
| 56 | ov_056 | 1.3274006386405383 × 10^289 |
| 55 | ov_055 | 2.08550935923273 × 10^289 |
| 54 | ov_054 | 3.129517042767696 × 10^289 |
| 53 | ov_053 | 4.526278086120667 × 10^289 |
| 52 | ov_052 | 6.350454319246988 × 10^289 |
| 51 | ov_051 | 8.759186979441928 × 10^289 |
| 50 | ov_050 | 1.1925268060956564 × 10^290 |
| 49 | ov_049 | 1.6037178789531541 × 10^290 |
| 48 | ov_048 | 2.129914473003134 × 10^290 |
| 47 | ov_047 | 2.7931212586874636 × 10^290 |
| 32 | lv_80_m31 | 3.452549273008662 × 10^290 |
| 46 | ov_046 | 3.616935616931681 × 10^290 |
| 45 | ov_045 | 4.6265621618106046 × 10^290 |
| 44 | ov_044 | 5.848832364087519 × 10^290 |
| 43 | ov_043 | 7.312230563494882 × 10^290 |
| 42 | ov_042 | 9.04692777124448 × 10^290 |
| 41 | ov_041 | 1.1084824778489044 × 10^291 |
| 40 | ov_040 | 1.3443217341551282 × 10^291 |
| 39 | ov_039 | 1.6140344873827268 × 10^291 |
| 31 | ov_031 | 1.7701848253797835 × 10^291 |
| 38 | ov_038 | 1.9195434960562638 × 10^291 |
| 37 | ov_037 | 2.264798423381686 × 10^291 |
| 36 | ov_036 | 2.6539635394653086 × 10^291 |
| 35 | ov_035 | 3.0914314503583377 × 10^291 |
| 34 | ov_034 | 3.5818391473452605 × 10^291 |
| 33 | ov_033 | 4.130086623849997 × 10^291 |
| 30 | ov_030 | 9.074867677511299 × 10^291 |
| 29 | ov_029 | 2.968443332173417 × 10^292 |
| 28 | ov_028 | 7.704052413773387 × 10^292 |
| 27 | ov_027 | 1.7218820097753725 × 10^293 |
| 26 | ov_026 | 3.4432421068853357 × 10^293 |
| 25 | ov_025 | 6.307970856569358 × 10^293 |
| 24 | ov_024 | 1.0771075235562995 × 10^294 |
| 23 | ov_023 | 1.7369094968930833 × 10^294 |
| 22 | ov_022 | 2.7256668937806836 × 10^294 |
| 21 | ov_021 | 4.175160850603103 × 10^294 |
| 20 | ov_020 | 6.233504412860464 × 10^294 |
| 19 | ov_019 | 9.065166496062507 × 10^294 |
| 18 | ov_018 | 1.2851008311757193 × 10^295 |
| 17 | ov_017 | 1.778833604744641 × 10^295 |
| 16 | ov_016 | 2.4090974212919133 × 10^295 |
| 15 | ov_015 | 3.198936468954299 × 10^295 |
| 14 | ov_014 | 4.173069789009687 × 10^295 |
| 13 | ov_013 | 5.357908537986337 × 10^295 |
| 12 | ov_012 | 6.781578648858353 × 10^295 |
| 11 | ov_011 | 8.473950336532454 × 10^295 |
| 10 | ov_010 | 1.0466676018604974 × 10^296 |
| 9 | ov_009 | 1.2793238348681884 × 10^296 |
| 8 | ov_008 | 1.5489010186617413 × 10^296 |
| 7 | ov_007 | 1.859132845811594 × 10^296 |
| 6 | ov_006 | 2.213958398562164 × 10^296 |
| 5 | ov_005 | 2.617532950375255 × 10^296 |
| 4 | ov_004 | 3.074240820628944 × 10^296 |
| 3 | ov_003 | 3.5887105144703335 × 10^296 |
| 2 | ov_002 | 4.165832343825239 × 10^296 |
| 1 | ov_001 | 4.810778687301857 × 10^296 |

