# Results for F001-F002-F003-F004-F005-F006-F007-F008-F009-F010-F011-F012-F013-F014-F015-F016-F017-F018-F019-F020-F021-F022-F023-F024-F025-F026-F027-F028-F029-F030-F031-F032-F033-F034-F035-F036-F037-F038-F039-F040-F041-F042-F043-F044-F045-F046-F047-F048-F049-F050-F051-F052-F053-F054-F055-F056-F057-F058-F059-F060-F061-F062-F063-F064-F065-F066-F067-F068-F069-F070-F071-F072-F073-F074-F075-F076-F077-F078-F079-F080-F081-F082-F083-F084-F085-F086-F087-F088-F089-F090-F091-F092-F093-F094-F095-F096-F097-F098-F099-F100-F101-F102-F103-F104-F105-F106-F107-F108-F109-F110-F111-F112-F113-F114-F115-F116-F117-F118-F119-F120-F121-F122-F123-F124-F125-F126-F127-F128-F129-F130-F131-F132-F133-F134-F135-F136-F137-F138-F139-F140-F141-F142-F143-F144-F145-F146-F147-F148-F149-F150-F151-F152-F153-F154-F155-F156-F157-F158-F159-F160-F161-F162-F163-F164-F165-F166-F167-F168-F169-F170-F171-F172-F173-F174-F175-F176-F177-F178-F179-F180-F181-F182-F183-F184-F185-F186-F187-F188-F189-F190-F191-F192-F193-F194-F195-F196-F197-F198-F199-F200-F201-F202-F203-F204-F205-F206-F207-F208-F209-F210-F211-F212-F213-F214-F215-F216-F217-F218-F219-F220-F221-F222-F223-F224-F225-F226-F227-F228-F229-F230-F231-F232-F233-F234-F235-F236-F237-F238-F239-F240-F241-F242-F243-F244-F245-F246-F247-F248-F249-F250-F251-F252-F253-F254-F255-F256-F257-F258-F259-F260-F261-F262-F263-F264-F265-F266-F267-F268-F269-F270-F271-F272-F273-F274-F275-F276-F277-F278-F279-F280-F281-F282-F283-F284-F285-F286-F287-F288-F289-F290-F291-F292-F293-F294-F295-F296-F297-F298-F299-F300-F301-F302-F303-F304-F305-F306-F307-F308-F309-F310-F311-F312-F313-F314-F315-F316-F317-F318-F319-F320-F321-F322-F323-F324-F325-F326-F327-F328-F329-F330-F331-F332-F333-F334-F335-F336-F337-F338-F339-F340-F341-F342-F343-F344-F345-F346-F347-F348-F349-F350-F351-F352-F353-F354-F355-F356-F357-F358-F359-F360-F361-F362-F363-F364-F365-F366-F367-F368-F369-F370-F371-F372-F373-F374-F375-F376-F377-F378-F379-F380-F381-F382-F383-F384-F385-F386-F387-F388-F389-F390-F391-F392-F393-F394-F395-F396-F397-F398-F399-F400-F401-F402-F403-F404-F405-F406-F407-F408-F409-F410-F411-F412-F413-F414-F415-F416-F417-F418-F419-F420-F421-F422-F423-F424-F425-F426-F427-F428-F429-F430-F431-F432-F433-F434-F435-F436-F437-F438-F439-F440-F441-F442-F443-F444-F445-F446-F447-F448-F449-F450-F451-F452-F453-F454-F455-F456-F457-F458-F459-F460-F461-F462-F463-F464-F465-F466-F467-F468-F469-F470-F471-F472-F473-F474-F475-F476-F477-F478-F479-F480-F481-F482-F483-F484-F485-F486-F487-F488-F489-F490-F491-F492-F493-F494-F495-F496-F497-F498-F499-F500-F501-O507509-E511512

## Summary

Number of input bits: 512  
Number of free input bits: 9  
Number of output bits: 160

Number of direct occurrences: 37850  
Number of assignments: 31592  
Number of operations: 11870606
(xor: 11839852,
and: 17480,
or: 13274)

Total complexity: 5.677691889746584 × 10^307

Least occurring input variable: iv_504 (3983)  
Most occurring input variable: iv_511 (4575)

Most co-occurring input variables: iv_505-iv_511 (2187)  
Least co-occurring input variables: iv_504-iv_506 (1823)

Potentially most occurring input variable: iv_507/iv_511 (4740)  
Potentially least occurring input variable: iv_504/iv_505 (4171)

Least output occurring input variable: iv_507 (72)  
Most output occurring input variable: iv_505 (85)

Most output co-occurring input variables: iv_504-iv_505 (47)  
Least output co-occurring input variables: iv_507-iv_510 (33)

Potentially most output occurring input variable: iv_510/iv_511 (91)  
Potentially least output occurring input variable: iv_503/iv_511 (72)

Least complex input bit: iv_502 (8.78800456365134 × 10^305)  
Most complex input bit: iv_510 (1.7530580972219417 × 10^307)

Least complex output bit: aaa_76_29 (1.376937328191237 × 10^282)  
Most complex output bit: ov_001 (8.978372396859173 × 10^306)

Least complex input/output complexity: iv_502/aaa_76_29 (2.131241314073237 × 10^280)  
Most complex input/output complexity: iv_510/ov_001 (2.7721843199368173 × 10^306)

## Input Bits

### Input Bits in Regular Order

| Input Bit | Complexity | Occurrences | Output Occurrences |
|:---------:|:----------:|:-----------:|:------------------:|
| iv_502 | 8.78800456365134 × 10^305 | 4155 | 84 |
| iv_503 | 1.5456272385003837 × 10^306 | 4195 | 78 |
| iv_504 | 2.5391814269708327 × 10^306 | 3983 | 83 |
| iv_505 | 3.990591016065399 × 10^306 | 4340 | 85 |
| iv_506 | 2.0797008404722436 × 10^306 | 4002 | 76 |
| iv_507 | 1.4561707533469828 × 10^307 | 4381 | 72 |
| iv_508 | 6.784481935487475 × 10^306 | 4041 | 77 |
| iv_510 | 1.7530580972219417 × 10^307 | 4178 | 79 |
| iv_511 | 6.866247477915184 × 10^306 | 4575 | 82 |

### Input Bits Sorted by Complexity

| Input Bit | Complexity | Occurrences | Output Occurrences |
|:---------:|:----------:|:-----------:|:------------------:|
| iv_502 | 8.78800456365134 × 10^305 | 4155 | 84 |
| iv_503 | 1.5456272385003837 × 10^306 | 4195 | 78 |
| iv_506 | 2.0797008404722436 × 10^306 | 4002 | 76 |
| iv_504 | 2.5391814269708327 × 10^306 | 3983 | 83 |
| iv_505 | 3.990591016065399 × 10^306 | 4340 | 85 |
| iv_508 | 6.784481935487475 × 10^306 | 4041 | 77 |
| iv_511 | 6.866247477915184 × 10^306 | 4575 | 82 |
| iv_507 | 1.4561707533469828 × 10^307 | 4381 | 72 |
| iv_510 | 1.7530580972219417 × 10^307 | 4178 | 79 |

### Input Bits Sorted by Occurrences

| Input Bit | Complexity | Occurrences | Output Occurrences |
|:---------:|:----------:|:-----------:|:------------------:|
| iv_504 | 2.5391814269708327 × 10^306 | 3983 | 83 |
| iv_506 | 2.0797008404722436 × 10^306 | 4002 | 76 |
| iv_508 | 6.784481935487475 × 10^306 | 4041 | 77 |
| iv_502 | 8.78800456365134 × 10^305 | 4155 | 84 |
| iv_510 | 1.7530580972219417 × 10^307 | 4178 | 79 |
| iv_503 | 1.5456272385003837 × 10^306 | 4195 | 78 |
| iv_505 | 3.990591016065399 × 10^306 | 4340 | 85 |
| iv_507 | 1.4561707533469828 × 10^307 | 4381 | 72 |
| iv_511 | 6.866247477915184 × 10^306 | 4575 | 82 |

### Input Bits Sorted by Output Occurrences

| Input Bit | Complexity | Occurrences | Output Occurrences |
|:---------:|:----------:|:-----------:|:------------------:|
| iv_507 | 1.4561707533469828 × 10^307 | 4381 | 72 |
| iv_506 | 2.0797008404722436 × 10^306 | 4002 | 76 |
| iv_508 | 6.784481935487475 × 10^306 | 4041 | 77 |
| iv_503 | 1.5456272385003837 × 10^306 | 4195 | 78 |
| iv_510 | 1.7530580972219417 × 10^307 | 4178 | 79 |
| iv_511 | 6.866247477915184 × 10^306 | 4575 | 82 |
| iv_504 | 2.5391814269708327 × 10^306 | 3983 | 83 |
| iv_502 | 8.78800456365134 × 10^305 | 4155 | 84 |
| iv_505 | 3.990591016065399 × 10^306 | 4340 | 85 |

## Input Bit Co-occurrences

### Input Bit Co-occurrences Sorted by Co-occurrences

| Input Bits | Co-occurrences | Potential Occurrences | Output Co-occurrences | Potential Output Occurrences |
|:----------:|:--------------:|:---------------------:|:---------------------:|:----------------------------:|
| iv_505-iv_511 | 2187 | 4541 | 43 | 81 |
| iv_505-iv_507 | 2119 | 4483 | 39 | 79 |
| iv_507-iv_511 | 2108 | 4740 | 35 | 84 |
| iv_503-iv_511 | 2102 | 4566 | 44 | 72 |
| iv_504-iv_505 | 2076 | 4171 | 47 | 74 |
| iv_506-iv_511 | 2070 | 4437 | 42 | 74 |
| iv_502-iv_505 | 2043 | 4409 | 46 | 77 |
| iv_510-iv_511 | 2036 | 4681 | 35 | 91 |
| iv_502-iv_511 | 2027 | 4676 | 45 | 76 |

### Input Bit Co-occurrences Sorted by Potential Occurrences

| Input Bits | Co-occurrences | Potential Occurrences | Output Co-occurrences | Potential Output Occurrences |
|:----------:|:--------------:|:---------------------:|:---------------------:|:----------------------------:|
| iv_504-iv_505 | 2076 | 4171 | 47 | 74 |
| iv_506-iv_508 | 1880 | 4283 | 38 | 77 |
| iv_504-iv_508 | 1862 | 4300 | 36 | 88 |
| iv_506-iv_510 | 1939 | 4302 | 37 | 81 |
| iv_506-iv_507 | 2026 | 4331 | 38 | 72 |
| iv_504-iv_506 | 1823 | 4339 | 41 | 77 |
| iv_502-iv_504 | 1899 | 4340 | 40 | 87 |
| iv_503-iv_506 | 1914 | 4369 | 34 | 86 |
| iv_502-iv_510 | 1980 | 4373 | 40 | 83 |

### Input Bit Output Co-occurrences Sorted by Output Co-occurrences

| Input Bits | Co-occurrences | Potential Occurrences | Output Co-occurrences | Potential Output Occurrences |
|:----------:|:--------------:|:---------------------:|:---------------------:|:----------------------------:|
| iv_504-iv_505 | 2076 | 4171 | 47 | 74 |
| iv_502-iv_505 | 2043 | 4409 | 46 | 77 |
| iv_502-iv_511 | 2027 | 4676 | 45 | 76 |
| iv_503-iv_511 | 2102 | 4566 | 44 | 72 |
| iv_505-iv_511 | 2187 | 4541 | 43 | 81 |
| iv_503-iv_504 | 1869 | 4440 | 42 | 77 |
| iv_505-iv_508 | 2004 | 4373 | 42 | 78 |
| iv_506-iv_511 | 2070 | 4437 | 42 | 74 |
| iv_504-iv_511 | 1940 | 4678 | 42 | 81 |

### Input Bit Output Co-occurrences Sorted by Potential Output Occurrences

| Input Bits | Co-occurrences | Potential Occurrences | Output Co-occurrences | Potential Output Occurrences |
|:----------:|:--------------:|:---------------------:|:---------------------:|:----------------------------:|
| iv_503-iv_511 | 2102 | 4566 | 44 | 72 |
| iv_506-iv_507 | 2026 | 4331 | 38 | 72 |
| iv_504-iv_505 | 2076 | 4171 | 47 | 74 |
| iv_506-iv_511 | 2070 | 4437 | 42 | 74 |
| iv_502-iv_511 | 2027 | 4676 | 45 | 76 |
| iv_503-iv_504 | 1869 | 4440 | 42 | 77 |
| iv_502-iv_505 | 2043 | 4409 | 46 | 77 |
| iv_506-iv_508 | 1880 | 4283 | 38 | 77 |
| iv_504-iv_506 | 1823 | 4339 | 41 | 77 |

## Output Bits

### Output Bits in Regular Order

| Rank | Output Bit | Complexity |
|:----:|:----------:|:----------:|
| 1 | ov_001 | 8.978372396859173 × 10^306 |
| 2 | ov_002 | 7.810847992599866 × 10^306 |
| 3 | ov_003 | 6.756202385907493 × 10^306 |
| 4 | ov_004 | 5.809746056478852 × 10^306 |
| 5 | ov_005 | 4.967046638930991 × 10^306 |
| 6 | ov_006 | 4.2199387812701904 × 10^306 |
| 7 | ov_007 | 3.560687741869724 × 10^306 |
| 8 | ov_008 | 2.9819632580070666 × 10^306 |
| 9 | ov_009 | 2.4768170646480036 × 10^306 |
| 10 | ov_010 | 2.038663653858865 × 10^306 |
| 11 | ov_011 | 1.661263960149335 × 10^306 |
| 12 | ov_012 | 1.3387117471311003 × 10^306 |
| 13 | ov_013 | 1.0654224881092412 × 10^306 |
| 14 | ov_014 | 8.361244862163879 × 10^305 |
| 15 | ov_015 | 6.45851936682004 × 10^305 |
| 16 | ov_016 | 4.899396346490112 × 10^305 |
| 17 | ov_017 | 3.6401905395095266 × 10^305 |
| 18 | ov_018 | 2.640155441824179 × 10^305 |
| 19 | ov_019 | 1.8614641526459766 × 10^305 |
| 20 | ov_020 | 1.2691970054749062 × 10^305 |
| 21 | ov_021 | 8.313341131335142 × 10^304 |
| 22 | ov_022 | 5.18751173598347 × 10^304 |
| 23 | ov_023 | 3.052171639382205 × 10^304 |
| 24 | ov_024 | 1.6739299022507543 × 10^304 |
| 25 | ov_025 | 8.483064493700164 × 10^303 |
| 26 | ov_026 | 3.997270129662584 × 10^303 |
| 27 | ov_027 | 1.8152041820882304 × 10^303 |
| 28 | ov_028 | 7.5917323437851595 × 10^302 |
| 29 | ov_029 | 3.1258424805112174 × 10^302 |
| 30 | ov_030 | 1.0335036258859763 × 10^302 |
| 31 | ov_031 | 2.5006731346243647 × 10^301 |
| 32 | lv_80_k31 | 6.04877200016981 × 10^300 |
| 33 | ov_033 | 7.245504846973497 × 10^301 |
| 34 | ov_034 | 6.268092547995906 × 10^301 |
| 35 | ov_035 | 5.396231610272954 × 10^301 |
| 36 | ov_036 | 4.621339359428798 × 10^301 |
| 37 | ov_037 | 3.9352978249854754 × 10^301 |
| 38 | ov_038 | 3.330420624922529 × 10^301 |
| 39 | ov_039 | 2.799424297536371 × 10^301 |
| 40 | ov_040 | 2.3354036675543068 × 10^301 |
| 41 | ov_041 | 1.9318108540598884 × 10^301 |
| 42 | ov_042 | 1.5824375479786452 × 10^301 |
| 43 | ov_043 | 1.2814002067616716 × 10^301 |
| 44 | ov_044 | 1.0231278335657682 × 10^301 |
| 45 | ov_045 | 8.023520277150918 × 10^300 |
| 46 | ov_046 | 6.165131266916559 × 10^300 |
| 47 | ov_047 | 4.631970163786519 × 10^300 |
| 48 | ov_048 | 3.401323889445743 × 10^300 |
| 49 | ov_049 | 2.4319727635226163 × 10^300 |
| 50 | ov_050 | 1.6854701394533143 × 10^300 |
| 51 | ov_051 | 1.1261241733751903 × 10^300 |
| 52 | ov_052 | 7.209857450751615 × 10^299 |
| 53 | ov_053 | 4.398409235864051 × 10^299 |
| 54 | ov_054 | 2.5520655862513863 × 10^299 |
| 55 | ov_055 | 1.4232782088601606 × 10^299 |
| 56 | ov_056 | 7.91768508874729 × 10^298 |
| 57 | ov_057 | 4.645200718196049 × 10^298 |
| 58 | ov_058 | 2.7577442510724926 × 10^298 |
| 59 | ov_059 | 1.494664381781068 × 10^298 |
| 60 | ov_060 | 7.196894024302461 × 10^297 |
| 61 | ov_061 | 2.9654855157892604 × 10^297 |
| 62 | ov_062 | 9.811322156128254 × 10^296 |
| 63 | ov_063 | 2.375529924012246 × 10^296 |
| 64 | lv_79_k31 | 5.749593983245363 × 10^295 |
| 65 | ov_065 | 6.807166918968753 × 10^296 |
| 66 | ov_066 | 6.807152337229663 × 10^296 |
| 67 | ov_067 | 6.80714773933276 × 10^296 |
| 68 | ov_068 | 5.892956207886911 × 10^296 |
| 69 | ov_069 | 5.0712944549565885 × 10^296 |
| 70 | ov_070 | 4.3385172590590565 × 10^296 |
| 71 | ov_071 | 3.6878655303671627 × 10^296 |
| 72 | ov_072 | 3.1129061319217303 × 10^296 |
| 73 | ov_073 | 2.6075122066361042 × 10^296 |
| 74 | ov_074 | 2.1658472267885786 × 10^296 |
| 75 | ov_075 | 1.7823522692984755 × 10^296 |
| 76 | ov_076 | 1.451736046500237 × 10^296 |
| 77 | ov_077 | 1.1689672477055181 × 10^296 |
| 78 | ov_078 | 9.292687717422744 × 10^295 |
| 79 | ov_079 | 7.281134550256249 × 10^295 |
| 80 | ov_080 | 5.612209236698305 × 10^295 |
| 81 | ov_081 | 4.245552217962315 × 10^295 |
| 82 | ov_082 | 3.1432292491600905 × 10^295 |
| 83 | ov_083 | 2.2697156755772732 × 10^295 |
| 84 | ov_084 | 1.591883258512835 × 10^295 |
| 85 | ov_085 | 1.0789893201226035 × 10^295 |
| 86 | ov_086 | 7.026679769382725 × 10^294 |
| 87 | ov_087 | 4.369232318639958 × 10^294 |
| 88 | ov_088 | 2.5812369452730578 × 10^294 |
| 89 | ov_089 | 1.4499869990476785 × 10^294 |
| 90 | ov_090 | 7.863559516823548 × 10^293 |
| 91 | ov_091 | 4.247796471201904 × 10^293 |
| 92 | ov_092 | 2.2324565267010693 × 10^293 |
| 93 | ov_093 | 1.1663472485208585 × 10^293 |
| 94 | ov_094 | 5.159968314410441 × 10^292 |
| 95 | aaa_78_28 | 1.6369477521169364 × 10^292 |
| 96 | aaa_78_29 | 6.077435214194125 × 10^291 |
| 97 | ov_097 | 5.139640528604194 × 10^291 |
| 98 | ov_098 | 5.13960265415176 × 10^291 |
| 99 | ov_099 | 5.1395905632975775 × 10^291 |
| 100 | ov_100 | 4.312710637139482 × 10^291 |
| 101 | ov_101 | 3.5910604258772636 × 10^291 |
| 102 | ov_102 | 2.965335996707484 × 10^291 |
| 103 | ov_103 | 2.426741468554634 × 10^291 |
| 104 | ov_104 | 1.966951778153424 × 10^291 |
| 105 | ov_105 | 1.5780803493011583 × 10^291 |
| 106 | ov_106 | 1.2526512140551085 × 10^291 |
| 107 | ov_107 | 9.835751588608753 × 10^290 |
| 108 | ov_108 | 7.641294918053396 × 10^290 |
| 109 | ov_109 | 5.8794104956262436 × 10^290 |
| 110 | ov_110 | 4.489720842935383 × 10^290 |
| 111 | ov_111 | 3.4150869190004665 × 10^290 |
| 112 | ov_112 | 2.601514637424204 × 10^290 |
| 113 | ov_113 | 1.998080642984094 × 10^290 |
| 114 | ov_114 | 1.5568745736448785 × 10^290 |
| 115 | ov_115 | 1.2329552333685423 × 10^290 |
| 116 | ov_116 | 9.843182991923663 × 10^289 |
| 117 | ov_117 | 7.718733832825629 × 10^289 |
| 118 | ov_118 | 5.927320954510443 × 10^289 |
| 119 | ov_119 | 4.440120286952007 × 10^289 |
| 120 | ov_120 | 3.2283415686153386 × 10^289 |
| 121 | ov_121 | 2.2632131711854297 × 10^289 |
| 122 | ov_122 | 1.5159737976297904 × 10^289 |
| 123 | ov_123 | 9.578680592190173 × 10^288 |
| 124 | ov_124 | 5.601439014161713 × 10^288 |
| 125 | ov_125 | 2.9405091537807553 × 10^288 |
| 126 | ov_126 | 1.3083936711464231 × 10^288 |
| 127 | aaa_77_28 | 4.1759738196079944 × 10^287 |
| 128 | aaa_77_29 | 1.56443931939249 × 10^287 |
| 129 | ov_129 | 1.433162921247454 × 10^287 |
| 130 | ov_130 | 1.4331595719962706 × 10^287 |
| 131 | ov_131 | 1.4331584962404259 × 10^287 |
| 132 | ov_132 | 1.2394150221785708 × 10^287 |
| 133 | ov_133 | 1.0661547589093938 × 10^287 |
| 134 | ov_134 | 9.118038939978188 × 10^286 |
| 135 | ov_135 | 7.748764533424169 × 10^286 |
| 136 | ov_136 | 6.539679115025792 × 10^286 |
| 137 | ov_137 | 5.477496146602648 × 10^286 |
| 138 | ov_138 | 4.549639574583143 × 10^286 |
| 139 | ov_139 | 3.7442024409810224 × 10^286 |
| 140 | ov_140 | 3.049911631658414 × 10^286 |
| 141 | ov_141 | 2.4560980953703904 × 10^286 |
| 142 | ov_142 | 1.952671904956578 × 10^286 |
| 143 | ov_143 | 1.5301015691953545 × 10^286 |
| 144 | ov_144 | 1.1793970706076406 × 10^286 |
| 145 | ov_145 | 8.920962010355837 × 10^285 |
| 146 | ov_146 | 6.602538027473733 × 10^285 |
| 147 | ov_147 | 4.7643349822509257 × 10^285 |
| 148 | ov_148 | 3.33701497243332 × 10^285 |
| 149 | ov_149 | 2.2562210539070354 × 10^285 |
| 150 | ov_150 | 1.4625459368978016 × 10^285 |
| 151 | ov_151 | 9.015112445127178 × 10^284 |
| 152 | ov_152 | 5.235546396503249 × 10^284 |
| 153 | ov_153 | 2.84022480891595 × 10^284 |
| 154 | ov_154 | 1.4316602252421366 × 10^284 |
| 155 | ov_155 | 6.613957997623575 × 10^283 |
| 156 | aaa_76_25 | 2.2999671698892793 × 10^283 |
| 157 | aaa_76_26 | 1.4154916469295689 × 10^283 |
| 158 | aaa_76_27 | 7.760874090383193 × 10^282 |
| 159 | aaa_76_28 | 3.6571711695824676 × 10^282 |
| 160 | aaa_76_29 | 1.376937328191237 × 10^282 |

### Output Bits Sorted by Complexity

| Rank | Output Bit | Complexity |
|:----:|:----------:|:----------:|
| 160 | aaa_76_29 | 1.376937328191237 × 10^282 |
| 159 | aaa_76_28 | 3.6571711695824676 × 10^282 |
| 158 | aaa_76_27 | 7.760874090383193 × 10^282 |
| 157 | aaa_76_26 | 1.4154916469295689 × 10^283 |
| 156 | aaa_76_25 | 2.2999671698892793 × 10^283 |
| 155 | ov_155 | 6.613957997623575 × 10^283 |
| 154 | ov_154 | 1.4316602252421366 × 10^284 |
| 153 | ov_153 | 2.84022480891595 × 10^284 |
| 152 | ov_152 | 5.235546396503249 × 10^284 |
| 151 | ov_151 | 9.015112445127178 × 10^284 |
| 150 | ov_150 | 1.4625459368978016 × 10^285 |
| 149 | ov_149 | 2.2562210539070354 × 10^285 |
| 148 | ov_148 | 3.33701497243332 × 10^285 |
| 147 | ov_147 | 4.7643349822509257 × 10^285 |
| 146 | ov_146 | 6.602538027473733 × 10^285 |
| 145 | ov_145 | 8.920962010355837 × 10^285 |
| 144 | ov_144 | 1.1793970706076406 × 10^286 |
| 143 | ov_143 | 1.5301015691953545 × 10^286 |
| 142 | ov_142 | 1.952671904956578 × 10^286 |
| 141 | ov_141 | 2.4560980953703904 × 10^286 |
| 140 | ov_140 | 3.049911631658414 × 10^286 |
| 139 | ov_139 | 3.7442024409810224 × 10^286 |
| 138 | ov_138 | 4.549639574583143 × 10^286 |
| 137 | ov_137 | 5.477496146602648 × 10^286 |
| 136 | ov_136 | 6.539679115025792 × 10^286 |
| 135 | ov_135 | 7.748764533424169 × 10^286 |
| 134 | ov_134 | 9.118038939978188 × 10^286 |
| 133 | ov_133 | 1.0661547589093938 × 10^287 |
| 132 | ov_132 | 1.2394150221785708 × 10^287 |
| 131 | ov_131 | 1.4331584962404259 × 10^287 |
| 130 | ov_130 | 1.4331595719962706 × 10^287 |
| 129 | ov_129 | 1.433162921247454 × 10^287 |
| 128 | aaa_77_29 | 1.56443931939249 × 10^287 |
| 127 | aaa_77_28 | 4.1759738196079944 × 10^287 |
| 126 | ov_126 | 1.3083936711464231 × 10^288 |
| 125 | ov_125 | 2.9405091537807553 × 10^288 |
| 124 | ov_124 | 5.601439014161713 × 10^288 |
| 123 | ov_123 | 9.578680592190173 × 10^288 |
| 122 | ov_122 | 1.5159737976297904 × 10^289 |
| 121 | ov_121 | 2.2632131711854297 × 10^289 |
| 120 | ov_120 | 3.2283415686153386 × 10^289 |
| 119 | ov_119 | 4.440120286952007 × 10^289 |
| 118 | ov_118 | 5.927320954510443 × 10^289 |
| 117 | ov_117 | 7.718733832825629 × 10^289 |
| 116 | ov_116 | 9.843182991923663 × 10^289 |
| 115 | ov_115 | 1.2329552333685423 × 10^290 |
| 114 | ov_114 | 1.5568745736448785 × 10^290 |
| 113 | ov_113 | 1.998080642984094 × 10^290 |
| 112 | ov_112 | 2.601514637424204 × 10^290 |
| 111 | ov_111 | 3.4150869190004665 × 10^290 |
| 110 | ov_110 | 4.489720842935383 × 10^290 |
| 109 | ov_109 | 5.8794104956262436 × 10^290 |
| 108 | ov_108 | 7.641294918053396 × 10^290 |
| 107 | ov_107 | 9.835751588608753 × 10^290 |
| 106 | ov_106 | 1.2526512140551085 × 10^291 |
| 105 | ov_105 | 1.5780803493011583 × 10^291 |
| 104 | ov_104 | 1.966951778153424 × 10^291 |
| 103 | ov_103 | 2.426741468554634 × 10^291 |
| 102 | ov_102 | 2.965335996707484 × 10^291 |
| 101 | ov_101 | 3.5910604258772636 × 10^291 |
| 100 | ov_100 | 4.312710637139482 × 10^291 |
| 99 | ov_099 | 5.1395905632975775 × 10^291 |
| 98 | ov_098 | 5.13960265415176 × 10^291 |
| 97 | ov_097 | 5.139640528604194 × 10^291 |
| 96 | aaa_78_29 | 6.077435214194125 × 10^291 |
| 95 | aaa_78_28 | 1.6369477521169364 × 10^292 |
| 94 | ov_094 | 5.159968314410441 × 10^292 |
| 93 | ov_093 | 1.1663472485208585 × 10^293 |
| 92 | ov_092 | 2.2324565267010693 × 10^293 |
| 91 | ov_091 | 4.247796471201904 × 10^293 |
| 90 | ov_090 | 7.863559516823548 × 10^293 |
| 89 | ov_089 | 1.4499869990476785 × 10^294 |
| 88 | ov_088 | 2.5812369452730578 × 10^294 |
| 87 | ov_087 | 4.369232318639958 × 10^294 |
| 86 | ov_086 | 7.026679769382725 × 10^294 |
| 85 | ov_085 | 1.0789893201226035 × 10^295 |
| 84 | ov_084 | 1.591883258512835 × 10^295 |
| 83 | ov_083 | 2.2697156755772732 × 10^295 |
| 82 | ov_082 | 3.1432292491600905 × 10^295 |
| 81 | ov_081 | 4.245552217962315 × 10^295 |
| 80 | ov_080 | 5.612209236698305 × 10^295 |
| 64 | lv_79_k31 | 5.749593983245363 × 10^295 |
| 79 | ov_079 | 7.281134550256249 × 10^295 |
| 78 | ov_078 | 9.292687717422744 × 10^295 |
| 77 | ov_077 | 1.1689672477055181 × 10^296 |
| 76 | ov_076 | 1.451736046500237 × 10^296 |
| 75 | ov_075 | 1.7823522692984755 × 10^296 |
| 74 | ov_074 | 2.1658472267885786 × 10^296 |
| 63 | ov_063 | 2.375529924012246 × 10^296 |
| 73 | ov_073 | 2.6075122066361042 × 10^296 |
| 72 | ov_072 | 3.1129061319217303 × 10^296 |
| 71 | ov_071 | 3.6878655303671627 × 10^296 |
| 70 | ov_070 | 4.3385172590590565 × 10^296 |
| 69 | ov_069 | 5.0712944549565885 × 10^296 |
| 68 | ov_068 | 5.892956207886911 × 10^296 |
| 67 | ov_067 | 6.80714773933276 × 10^296 |
| 66 | ov_066 | 6.807152337229663 × 10^296 |
| 65 | ov_065 | 6.807166918968753 × 10^296 |
| 62 | ov_062 | 9.811322156128254 × 10^296 |
| 61 | ov_061 | 2.9654855157892604 × 10^297 |
| 60 | ov_060 | 7.196894024302461 × 10^297 |
| 59 | ov_059 | 1.494664381781068 × 10^298 |
| 58 | ov_058 | 2.7577442510724926 × 10^298 |
| 57 | ov_057 | 4.645200718196049 × 10^298 |
| 56 | ov_056 | 7.91768508874729 × 10^298 |
| 55 | ov_055 | 1.4232782088601606 × 10^299 |
| 54 | ov_054 | 2.5520655862513863 × 10^299 |
| 53 | ov_053 | 4.398409235864051 × 10^299 |
| 52 | ov_052 | 7.209857450751615 × 10^299 |
| 51 | ov_051 | 1.1261241733751903 × 10^300 |
| 50 | ov_050 | 1.6854701394533143 × 10^300 |
| 49 | ov_049 | 2.4319727635226163 × 10^300 |
| 48 | ov_048 | 3.401323889445743 × 10^300 |
| 47 | ov_047 | 4.631970163786519 × 10^300 |
| 32 | lv_80_k31 | 6.04877200016981 × 10^300 |
| 46 | ov_046 | 6.165131266916559 × 10^300 |
| 45 | ov_045 | 8.023520277150918 × 10^300 |
| 44 | ov_044 | 1.0231278335657682 × 10^301 |
| 43 | ov_043 | 1.2814002067616716 × 10^301 |
| 42 | ov_042 | 1.5824375479786452 × 10^301 |
| 41 | ov_041 | 1.9318108540598884 × 10^301 |
| 40 | ov_040 | 2.3354036675543068 × 10^301 |
| 31 | ov_031 | 2.5006731346243647 × 10^301 |
| 39 | ov_039 | 2.799424297536371 × 10^301 |
| 38 | ov_038 | 3.330420624922529 × 10^301 |
| 37 | ov_037 | 3.9352978249854754 × 10^301 |
| 36 | ov_036 | 4.621339359428798 × 10^301 |
| 35 | ov_035 | 5.396231610272954 × 10^301 |
| 34 | ov_034 | 6.268092547995906 × 10^301 |
| 33 | ov_033 | 7.245504846973497 × 10^301 |
| 30 | ov_030 | 1.0335036258859763 × 10^302 |
| 29 | ov_029 | 3.1258424805112174 × 10^302 |
| 28 | ov_028 | 7.5917323437851595 × 10^302 |
| 27 | ov_027 | 1.8152041820882304 × 10^303 |
| 26 | ov_026 | 3.997270129662584 × 10^303 |
| 25 | ov_025 | 8.483064493700164 × 10^303 |
| 24 | ov_024 | 1.6739299022507543 × 10^304 |
| 23 | ov_023 | 3.052171639382205 × 10^304 |
| 22 | ov_022 | 5.18751173598347 × 10^304 |
| 21 | ov_021 | 8.313341131335142 × 10^304 |
| 20 | ov_020 | 1.2691970054749062 × 10^305 |
| 19 | ov_019 | 1.8614641526459766 × 10^305 |
| 18 | ov_018 | 2.640155441824179 × 10^305 |
| 17 | ov_017 | 3.6401905395095266 × 10^305 |
| 16 | ov_016 | 4.899396346490112 × 10^305 |
| 15 | ov_015 | 6.45851936682004 × 10^305 |
| 14 | ov_014 | 8.361244862163879 × 10^305 |
| 13 | ov_013 | 1.0654224881092412 × 10^306 |
| 12 | ov_012 | 1.3387117471311003 × 10^306 |
| 11 | ov_011 | 1.661263960149335 × 10^306 |
| 10 | ov_010 | 2.038663653858865 × 10^306 |
| 9 | ov_009 | 2.4768170646480036 × 10^306 |
| 8 | ov_008 | 2.9819632580070666 × 10^306 |
| 7 | ov_007 | 3.560687741869724 × 10^306 |
| 6 | ov_006 | 4.2199387812701904 × 10^306 |
| 5 | ov_005 | 4.967046638930991 × 10^306 |
| 4 | ov_004 | 5.809746056478852 × 10^306 |
| 3 | ov_003 | 6.756202385907493 × 10^306 |
| 2 | ov_002 | 7.810847992599866 × 10^306 |
| 1 | ov_001 | 8.978372396859173 × 10^306 |

