# Results for F001-F002-F003-F004-F005-F006-F007-F008-F009-F010-F011-F012-F013-F014-F015-F016-F017-F018-F019-F020-F021-F022-F023-F024-F025-F026-F027-F028-F029-F030-F031-F032-F033-F034-F035-F036-F037-F038-F039-F040-F041-F042-F043-F044-F045-F046-F047-F048-F049-F050-F051-F052-F053-F054-F055-F056-F057-F058-F059-F060-F061-F062-F063-F064-F065-F066-F067-F068-F069-F070-F071-F072-F073-F074-F075-F076-F077-F078-F079-F080-F081-F082-F083-F084-F085-F086-F087-F088-F089-F090-F091-F092-F093-F094-F095-F096-F097-F098-F099-F100-F101-F102-F103-F104-F105-F106-F107-F108-F109-F110-F111-F112-F113-F114-F115-F116-F117-F118-F119-F120-F121-F122-F123-F124-F125-F126-F127-F128-F129-F130-F131-F132-F133-F134-F135-F136-F137-F138-F139-F140-F141-F142-F143-F144-F145-F146-F147-F148-F149-F150-F151-F152-F153-F154-F155-F156-F157-F158-F159-F160-F161-F162-F163-F164-F165-F166-F167-F168-F169-F170-F171-F172-F173-F174-F175-F176-F177-F178-F179-F180-F181-F182-F183-F184-F185-F186-F187-F188-F189-F190-F191-F192-F193-F194-F195-F196-F197-F198-F199-F200-F201-F202-F203-F204-F205-F206-F207-F208-F209-F210-F211-F212-F213-F214-F215-F216-F217-F218-F219-F220-F221-F222-F223-F224-F225-F226-F227-F228-F229-F230-F231-F232-F233-F234-F235-F236-F237-F238-F239-F240-F241-F242-F243-F244-F245-F246-F247-F248-F249-F250-F251-F252-F253-F254-F255-F256-F257-F258-F259-F260-F261-F262-F263-F264-F265-F266-F267-F268-F269-F270-F271-F272-F273-F274-F275-F276-F277-F278-F279-F280-F281-F282-F283-F284-F285-F286-F287-F288-F289-F290-F291-F292-F293-F294-F295-F296-F297-F298-F299-F300-F301-F302-F303-F304-F305-F306-F307-F308-F309-F310-F311-F312-F313-F314-F315-F316-F317-F318-F319-F320-F321-F322-F323-F324-F325-F326-F327-F328-F329-F330-F331-F332-F333-F334-F335-F336-F337-F338-F339-F340-F341-F342-F343-F344-F345-F346-F347-F348-F349-F350-F351-F352-F353-F354-F355-F356-F357-F358-F359-F360-F361-F362-F363-F364-F365-F366-F367-F368-F369-F370-F371-F372-F373-F374-F375-F376-F377-F378-F379-F380-F381-F382-F383-F384-F385-F386-F387-F388-F389-F390-F391-F392-F393-F394-F395-F396-F397-F398-F399-F400-F401-F402-F403-F404-F405-F406-F407-F408-F409-F410-F411-F412-F413-F414-F415-F416-F417-F418-F419-F420-F421-F422-F423-F424-F425-F426-F427-F428-F429-F430-F431-F432-F433-F434-F435-F436-F437-F438-F439-F440-F441-F442-F443-F444-F445-F446-F447-F448-F449-F450-F451-F452-F453-F454-F455-F456-F457-F458-F459-F460-F461-F462-F463-F464-F465-F466-F467-F468-F469-F470-F471-F472-F473-F474-F475-F476-F477-F478-F479-F480-F481-F482-F483-F484-F485-F486-F487-F488-F489-F490-F491-F492-F493-F494-F495-F496-F497-F498-F499-F500-O504505-F510-F512

## Summary

Number of input bits: 512  
Number of free input bits: 9  
Number of output bits: 160

Number of direct occurrences: 37682  
Number of assignments: 31103  
Number of operations: 11317883
(xor: 11288636,
and: 16089,
or: 13158)

Total complexity: 3.137590093745312 × 10^302

Least occurring input variable: iv_506 (3970)  
Most occurring input variable: iv_511 (4307)

Most co-occurring input variables: iv_501-iv_511 (2144)  
Least co-occurring input variables: iv_504-iv_506 (1826)

Potentially most occurring input variable: iv_509/iv_511 (4535)  
Potentially least occurring input variable: iv_501/iv_502 (4151)

Least output occurring input variable: iv_506 (68)  
Most output occurring input variable: iv_501 (87)

Most output co-occurring input variables: iv_501-iv_508 (48)  
Least output co-occurring input variables: iv_506-iv_509 (28)

Potentially most output occurring input variable: iv_502/iv_503 (96)  
Potentially least output occurring input variable: iv_502/iv_504 (69)

Least complex input bit: iv_511 (7.195805788758765 × 10^298)  
Most complex input bit: iv_509 (7.925648036945657 × 10^301)

Least complex output bit: aaa_76_29 (8.140833835351547 × 10^276)  
Most complex output bit: ov_001 (4.996338672701757 × 10^301)

Least complex input/output complexity: iv_511/aaa_76_29 (1.867033534894281 × 10^273)  
Most complex input/output complexity: iv_509/ov_001 (1.262090349920283 × 10^301)

## Input Bits

### Input Bits in Regular Order

| Input Bit | Complexity | Occurrences | Output Occurrences |
|:---------:|:----------:|:-----------:|:------------------:|
| iv_501 | 1.16341436255572 × 10^301 | 4212 | 87 |
| iv_502 | 2.121569528379693 × 10^301 | 4155 | 71 |
| iv_503 | 1.5019933855610928 × 10^301 | 4255 | 83 |
| iv_504 | 1.8933862956786274 × 10^301 | 4102 | 84 |
| iv_506 | 3.4292980369657726 × 10^301 | 3970 | 68 |
| iv_507 | 5.533770689872305 × 10^301 | 4229 | 84 |
| iv_508 | 7.799624795705491 × 10^301 | 4254 | 85 |
| iv_509 | 7.925648036945657 × 10^301 | 4198 | 78 |
| iv_511 | 7.195805788758765 × 10^298 | 4307 | 86 |

### Input Bits Sorted by Complexity

| Input Bit | Complexity | Occurrences | Output Occurrences |
|:---------:|:----------:|:-----------:|:------------------:|
| iv_511 | 7.195805788758765 × 10^298 | 4307 | 86 |
| iv_501 | 1.16341436255572 × 10^301 | 4212 | 87 |
| iv_503 | 1.5019933855610928 × 10^301 | 4255 | 83 |
| iv_504 | 1.8933862956786274 × 10^301 | 4102 | 84 |
| iv_502 | 2.121569528379693 × 10^301 | 4155 | 71 |
| iv_506 | 3.4292980369657726 × 10^301 | 3970 | 68 |
| iv_507 | 5.533770689872305 × 10^301 | 4229 | 84 |
| iv_508 | 7.799624795705491 × 10^301 | 4254 | 85 |
| iv_509 | 7.925648036945657 × 10^301 | 4198 | 78 |

### Input Bits Sorted by Occurrences

| Input Bit | Complexity | Occurrences | Output Occurrences |
|:---------:|:----------:|:-----------:|:------------------:|
| iv_506 | 3.4292980369657726 × 10^301 | 3970 | 68 |
| iv_504 | 1.8933862956786274 × 10^301 | 4102 | 84 |
| iv_502 | 2.121569528379693 × 10^301 | 4155 | 71 |
| iv_509 | 7.925648036945657 × 10^301 | 4198 | 78 |
| iv_501 | 1.16341436255572 × 10^301 | 4212 | 87 |
| iv_507 | 5.533770689872305 × 10^301 | 4229 | 84 |
| iv_508 | 7.799624795705491 × 10^301 | 4254 | 85 |
| iv_503 | 1.5019933855610928 × 10^301 | 4255 | 83 |
| iv_511 | 7.195805788758765 × 10^298 | 4307 | 86 |

### Input Bits Sorted by Output Occurrences

| Input Bit | Complexity | Occurrences | Output Occurrences |
|:---------:|:----------:|:-----------:|:------------------:|
| iv_506 | 3.4292980369657726 × 10^301 | 3970 | 68 |
| iv_502 | 2.121569528379693 × 10^301 | 4155 | 71 |
| iv_509 | 7.925648036945657 × 10^301 | 4198 | 78 |
| iv_503 | 1.5019933855610928 × 10^301 | 4255 | 83 |
| iv_504 | 1.8933862956786274 × 10^301 | 4102 | 84 |
| iv_507 | 5.533770689872305 × 10^301 | 4229 | 84 |
| iv_508 | 7.799624795705491 × 10^301 | 4254 | 85 |
| iv_511 | 7.195805788758765 × 10^298 | 4307 | 86 |
| iv_501 | 1.16341436255572 × 10^301 | 4212 | 87 |

## Input Bit Co-occurrences

### Input Bit Co-occurrences Sorted by Co-occurrences

| Input Bits | Co-occurrences | Potential Occurrences | Output Co-occurrences | Potential Output Occurrences |
|:----------:|:--------------:|:---------------------:|:---------------------:|:----------------------------:|
| iv_501-iv_511 | 2144 | 4231 | 42 | 89 |
| iv_503-iv_507 | 2111 | 4262 | 43 | 81 |
| iv_503-iv_511 | 2109 | 4344 | 45 | 79 |
| iv_501-iv_502 | 2108 | 4151 | 44 | 70 |
| iv_507-iv_509 | 2097 | 4233 | 41 | 80 |
| iv_508-iv_509 | 2095 | 4262 | 39 | 85 |
| iv_504-iv_508 | 2082 | 4192 | 46 | 77 |
| iv_507-iv_511 | 2082 | 4372 | 47 | 76 |
| iv_508-iv_511 | 2056 | 4449 | 45 | 81 |

### Input Bit Co-occurrences Sorted by Potential Occurrences

| Input Bits | Co-occurrences | Potential Occurrences | Output Co-occurrences | Potential Output Occurrences |
|:----------:|:--------------:|:---------------------:|:---------------------:|:----------------------------:|
| iv_501-iv_502 | 2108 | 4151 | 44 | 70 |
| iv_506-iv_507 | 2021 | 4157 | 36 | 80 |
| iv_504-iv_508 | 2082 | 4192 | 46 | 77 |
| iv_501-iv_511 | 2144 | 4231 | 42 | 89 |
| iv_507-iv_509 | 2097 | 4233 | 41 | 80 |
| iv_508-iv_509 | 2095 | 4262 | 39 | 85 |
| iv_503-iv_507 | 2111 | 4262 | 43 | 81 |
| iv_501-iv_506 | 1950 | 4282 | 38 | 79 |
| iv_506-iv_509 | 1932 | 4304 | 28 | 90 |

### Input Bit Output Co-occurrences Sorted by Output Co-occurrences

| Input Bits | Co-occurrences | Potential Occurrences | Output Co-occurrences | Potential Output Occurrences |
|:----------:|:--------------:|:---------------------:|:---------------------:|:----------------------------:|
| iv_501-iv_508 | 2024 | 4418 | 48 | 76 |
| iv_507-iv_508 | 2046 | 4391 | 47 | 75 |
| iv_507-iv_511 | 2082 | 4372 | 47 | 76 |
| iv_504-iv_508 | 2082 | 4192 | 46 | 77 |
| iv_509-iv_511 | 1985 | 4535 | 46 | 72 |
| iv_501-iv_504 | 1955 | 4404 | 45 | 81 |
| iv_504-iv_507 | 1960 | 4411 | 45 | 78 |
| iv_503-iv_511 | 2109 | 4344 | 45 | 79 |
| iv_508-iv_511 | 2056 | 4449 | 45 | 81 |

### Input Bit Output Co-occurrences Sorted by Potential Output Occurrences

| Input Bits | Co-occurrences | Potential Occurrences | Output Co-occurrences | Potential Output Occurrences |
|:----------:|:--------------:|:---------------------:|:---------------------:|:----------------------------:|
| iv_502-iv_504 | 1893 | 4471 | 43 | 69 |
| iv_501-iv_502 | 2108 | 4151 | 44 | 70 |
| iv_509-iv_511 | 1985 | 4535 | 46 | 72 |
| iv_507-iv_508 | 2046 | 4391 | 47 | 75 |
| iv_501-iv_508 | 2024 | 4418 | 48 | 76 |
| iv_507-iv_511 | 2082 | 4372 | 47 | 76 |
| iv_502-iv_506 | 1880 | 4365 | 31 | 77 |
| iv_502-iv_509 | 1972 | 4409 | 36 | 77 |
| iv_504-iv_508 | 2082 | 4192 | 46 | 77 |

## Output Bits

### Output Bits in Regular Order

| Rank | Output Bit | Complexity |
|:----:|:----------:|:----------:|
| 1 | ov_001 | 4.996338672701757 × 10^301 |
| 2 | ov_002 | 4.339197381199098 × 10^301 |
| 3 | ov_003 | 3.747853608429465 × 10^301 |
| 4 | ov_004 | 3.219647891399075 × 10^301 |
| 5 | ov_005 | 2.749695010475756 × 10^301 |
| 6 | ov_006 | 2.3333752316950622 × 10^301 |
| 7 | ov_007 | 1.9663166824887616 × 10^301 |
| 8 | ov_008 | 1.6443799680255274 × 10^301 |
| 9 | ov_009 | 1.3636448334355724 × 10^301 |
| 10 | ov_010 | 1.1203987011445894 × 10^301 |
| 11 | ov_011 | 9.111269497402816 × 10^300 |
| 12 | ov_012 | 7.325048106436243 × 10^300 |
| 13 | ov_013 | 5.813907302066334 × 10^300 |
| 14 | ov_014 | 4.548210184396117 × 10^300 |
| 15 | ov_015 | 3.500056053302072 × 10^300 |
| 16 | ov_016 | 2.6432473813639933 × 10^300 |
| 17 | ov_017 | 1.953264653901788 × 10^300 |
| 18 | ov_018 | 1.4072476566189777 × 10^300 |
| 19 | ov_019 | 9.839819142368558 × 10^299 |
| 20 | ov_020 | 6.638891062462824 × 10^299 |
| 21 | ov_021 | 4.290204589423174 × 10^299 |
| 22 | ov_022 | 2.6305233627341205 × 10^299 |
| 23 | ov_023 | 1.5128340967932863 × 10^299 |
| 24 | ov_024 | 8.063290641560525 × 10^298 |
| 25 | ov_025 | 3.9639582572628727 × 10^298 |
| 26 | ov_026 | 1.8461170992211338 × 10^298 |
| 27 | ov_027 | 8.87411504759092 × 10^297 |
| 28 | ov_028 | 4.2734569676956535 × 10^297 |
| 29 | ov_029 | 1.761360038992653 × 10^297 |
| 30 | ov_030 | 5.830158680193551 × 10^296 |
| 31 | ov_031 | 1.4125428405736005 × 10^296 |
| 32 | lv_80_k31 | 3.4215564235199595 × 10^295 |
| 33 | ov_033 | 4.167681904013311 × 10^296 |
| 34 | ov_034 | 3.6230299165927108 × 10^296 |
| 35 | ov_035 | 3.1359548818977647 × 10^296 |
| 36 | ov_036 | 2.701652464224881 × 10^296 |
| 37 | ov_037 | 2.3155765507833888 × 10^296 |
| 38 | ov_038 | 1.9734209084044997 × 10^296 |
| 39 | ov_039 | 1.6711033586584874 × 10^296 |
| 40 | ov_040 | 1.4047522297672426 × 10^296 |
| 41 | ov_041 | 1.1706948557510144 × 10^296 |
| 42 | ov_042 | 9.654479050601997 × 10^295 |
| 43 | ov_043 | 7.873159443276291 × 10^295 |
| 44 | ov_044 | 6.331715956254019 × 10^295 |
| 45 | ov_045 | 5.014940927761111 × 10^295 |
| 46 | ov_046 | 3.908461175175477 × 10^295 |
| 47 | ov_047 | 2.998718971007703 × 10^295 |
| 48 | ov_048 | 2.2609893764506453 × 10^295 |
| 49 | ov_049 | 1.6721177746711728 × 10^295 |
| 50 | ov_050 | 1.2105058216443864 × 10^295 |
| 51 | ov_051 | 8.561018517914967 × 10^294 |
| 52 | ov_052 | 5.903946877397066 × 10^294 |
| 53 | ov_053 | 3.964099139458383 × 10^294 |
| 54 | ov_054 | 2.5870778424478122 × 10^294 |
| 55 | ov_055 | 1.633820748397171 × 10^294 |
| 56 | ov_056 | 9.805941550924076 × 10^293 |
| 57 | ov_057 | 5.693627044208993 × 10^293 |
| 58 | ov_058 | 3.070389768470285 × 10^293 |
| 59 | ov_059 | 1.5090951585220148 × 10^293 |
| 60 | ov_060 | 6.592093809526404 × 10^292 |
| 61 | ov_061 | 2.4679757909031485 × 10^292 |
| 62 | ov_062 | 7.452331928107062 × 10^291 |
| 63 | ov_063 | 1.6476527191532864 × 10^291 |
| 64 | lv_79_m31 | 3.2088285728557213 × 10^290 |
| 65 | ov_065 | 3.783237867978965 × 10^291 |
| 66 | ov_066 | 3.7832293367930707 × 10^291 |
| 67 | ov_067 | 3.783226646658996 × 10^291 |
| 68 | ov_068 | 3.2660342282170917 × 10^291 |
| 69 | ov_069 | 2.8039558553805557 × 10^291 |
| 70 | ov_070 | 2.3928329599791258 × 10^291 |
| 71 | ov_071 | 2.0287116701707295 × 10^291 |
| 72 | ov_072 | 1.707828812814493 × 10^291 |
| 73 | ov_073 | 1.4266004000948907 × 10^291 |
| 74 | ov_074 | 1.1816122940399356 × 10^291 |
| 75 | ov_075 | 9.69612758547848 × 10^290 |
| 76 | ov_076 | 7.875066239146098 × 10^290 |
| 77 | ov_077 | 6.323508037510668 × 10^290 |
| 78 | ov_078 | 5.013509186899923 × 10^290 |
| 79 | ov_079 | 3.918587954942992 × 10^290 |
| 80 | ov_080 | 3.013706241582432 × 10^290 |
| 81 | ov_081 | 2.2752556940301854 × 10^290 |
| 82 | ov_082 | 1.681046661536475 × 10^290 |
| 83 | ov_083 | 1.2102989899534302 × 10^290 |
| 84 | ov_084 | 8.436343090357961 × 10^289 |
| 85 | ov_085 | 5.630696775078636 × 10^289 |
| 86 | ov_086 | 3.599617682523023 × 10^289 |
| 87 | ov_087 | 2.1910418996799726 × 10^289 |
| 88 | ov_088 | 1.266737138327088 × 10^289 |
| 89 | ov_089 | 7.022800158363617 × 10^288 |
| 90 | ov_090 | 3.8704017518113715 × 10^288 |
| 91 | ov_091 | 2.2416989710417232 × 10^288 |
| 92 | ov_092 | 1.3059786881161299 × 10^288 |
| 93 | ov_093 | 6.82319750088439 × 10^287 |
| 94 | ov_094 | 3.0186684389125906 × 10^287 |
| 95 | aaa_78_28 | 9.576608551695171 × 10^286 |
| 96 | aaa_78_29 | 3.5555696699720325 × 10^286 |
| 97 | ov_097 | 3.007050671086748 × 10^286 |
| 98 | ov_098 | 3.007028526130074 × 10^286 |
| 99 | ov_099 | 3.007021458969498 × 10^286 |
| 100 | ov_100 | 2.523416869262443 × 10^286 |
| 101 | ov_101 | 2.1013140434819298 × 10^286 |
| 102 | ov_102 | 1.7352836908213076 × 10^286 |
| 103 | ov_103 | 1.4201919167066237 × 10^286 |
| 104 | ov_104 | 1.151178509099128 × 10^286 |
| 105 | ov_105 | 9.236381120194846 × 10^285 |
| 106 | ov_106 | 7.332040197850739 × 10^285 |
| 107 | ov_107 | 5.757343394892112 × 10^285 |
| 108 | ov_108 | 4.4730028273698124 × 10^285 |
| 109 | ov_109 | 3.441763606885672 × 10^285 |
| 110 | ov_110 | 2.628322691359405 × 10^285 |
| 111 | ov_111 | 1.9992626272909406 × 10^285 |
| 112 | ov_112 | 1.5229982963931806 × 10^285 |
| 113 | ov_113 | 1.1697348995385086 × 10^285 |
| 114 | ov_114 | 9.114355298307015 × 10^284 |
| 115 | ov_115 | 7.217968046412284 × 10^284 |
| 116 | ov_116 | 5.762311439138473 × 10^284 |
| 117 | ov_117 | 4.5185439915037125 × 10^284 |
| 118 | ov_118 | 3.4697642676509465 × 10^284 |
| 119 | ov_119 | 2.599100072527486 × 10^284 |
| 120 | ov_120 | 1.8896950885667547 × 10^284 |
| 121 | ov_121 | 1.3247019600855425 × 10^284 |
| 122 | ov_122 | 8.87278937136459 × 10^283 |
| 123 | ov_123 | 5.605877737565749 × 10^283 |
| 124 | ov_124 | 3.277921998613505 × 10^283 |
| 125 | ov_125 | 1.7205691972189007 × 10^283 |
| 126 | ov_126 | 7.65470367675659 × 10^282 |
| 127 | aaa_77_28 | 2.4427781790421082 × 10^282 |
| 128 | aaa_77_29 | 9.14928506543446 × 10^281 |
| 129 | ov_129 | 8.337014010397503 × 10^281 |
| 130 | ov_130 | 8.336994231724444 × 10^281 |
| 131 | ov_131 | 8.33698788951059 × 10^281 |
| 132 | ov_132 | 7.201405966531675 × 10^281 |
| 133 | ov_133 | 6.1863978439486634 × 10^281 |
| 134 | ov_134 | 5.2827268852039104 × 10^281 |
| 135 | ov_135 | 4.481663333287332 × 10^281 |
| 136 | ov_136 | 3.77494727559627 × 10^281 |
| 137 | ov_137 | 3.154756551579738 × 10^281 |
| 138 | ov_138 | 2.6136791706741697 × 10^281 |
| 139 | ov_139 | 2.1446898015473095 × 10^281 |
| 140 | ov_140 | 1.7411299168561248 × 10^281 |
| 141 | ov_141 | 1.396691200301719 × 10^281 |
| 142 | ov_142 | 1.1054018448690418 × 10^281 |
| 143 | ov_143 | 8.616153928883721 × 10^280 |
| 144 | ov_144 | 6.600017900450532 × 10^280 |
| 145 | ov_145 | 4.955403467709674 × 10^280 |
| 146 | ov_146 | 3.6351432163538232 × 10^280 |
| 147 | ov_147 | 2.5950686245792538 × 10^280 |
| 148 | ov_148 | 1.7939806192263235 × 10^280 |
| 149 | ov_149 | 1.1936290549830002 × 10^280 |
| 150 | ov_150 | 7.58699104781314 × 10^279 |
| 151 | ov_151 | 4.5680275947494857 × 10^279 |
| 152 | ov_152 | 2.58473844766851 × 10^279 |
| 153 | ov_153 | 1.3716523334898457 × 10^279 |
| 154 | ov_154 | 6.924730739327821 × 10^278 |
| 155 | ov_155 | 3.4007094815161274 × 10^278 |
| 156 | aaa_76_25 | 1.3647798367253624 × 10^278 |
| 157 | aaa_76_26 | 8.39416748459151 × 10^277 |
| 158 | aaa_76_27 | 4.598396041777777 × 10^277 |
| 159 | aaa_76_28 | 2.1646394901119398 × 10^277 |
| 160 | aaa_76_29 | 8.140833835351547 × 10^276 |

### Output Bits Sorted by Complexity

| Rank | Output Bit | Complexity |
|:----:|:----------:|:----------:|
| 160 | aaa_76_29 | 8.140833835351547 × 10^276 |
| 159 | aaa_76_28 | 2.1646394901119398 × 10^277 |
| 158 | aaa_76_27 | 4.598396041777777 × 10^277 |
| 157 | aaa_76_26 | 8.39416748459151 × 10^277 |
| 156 | aaa_76_25 | 1.3647798367253624 × 10^278 |
| 155 | ov_155 | 3.4007094815161274 × 10^278 |
| 154 | ov_154 | 6.924730739327821 × 10^278 |
| 153 | ov_153 | 1.3716523334898457 × 10^279 |
| 152 | ov_152 | 2.58473844766851 × 10^279 |
| 151 | ov_151 | 4.5680275947494857 × 10^279 |
| 150 | ov_150 | 7.58699104781314 × 10^279 |
| 149 | ov_149 | 1.1936290549830002 × 10^280 |
| 148 | ov_148 | 1.7939806192263235 × 10^280 |
| 147 | ov_147 | 2.5950686245792538 × 10^280 |
| 146 | ov_146 | 3.6351432163538232 × 10^280 |
| 145 | ov_145 | 4.955403467709674 × 10^280 |
| 144 | ov_144 | 6.600017900450532 × 10^280 |
| 143 | ov_143 | 8.616153928883721 × 10^280 |
| 142 | ov_142 | 1.1054018448690418 × 10^281 |
| 141 | ov_141 | 1.396691200301719 × 10^281 |
| 140 | ov_140 | 1.7411299168561248 × 10^281 |
| 139 | ov_139 | 2.1446898015473095 × 10^281 |
| 138 | ov_138 | 2.6136791706741697 × 10^281 |
| 137 | ov_137 | 3.154756551579738 × 10^281 |
| 136 | ov_136 | 3.77494727559627 × 10^281 |
| 135 | ov_135 | 4.481663333287332 × 10^281 |
| 134 | ov_134 | 5.2827268852039104 × 10^281 |
| 133 | ov_133 | 6.1863978439486634 × 10^281 |
| 132 | ov_132 | 7.201405966531675 × 10^281 |
| 131 | ov_131 | 8.33698788951059 × 10^281 |
| 130 | ov_130 | 8.336994231724444 × 10^281 |
| 129 | ov_129 | 8.337014010397503 × 10^281 |
| 128 | aaa_77_29 | 9.14928506543446 × 10^281 |
| 127 | aaa_77_28 | 2.4427781790421082 × 10^282 |
| 126 | ov_126 | 7.65470367675659 × 10^282 |
| 125 | ov_125 | 1.7205691972189007 × 10^283 |
| 124 | ov_124 | 3.277921998613505 × 10^283 |
| 123 | ov_123 | 5.605877737565749 × 10^283 |
| 122 | ov_122 | 8.87278937136459 × 10^283 |
| 121 | ov_121 | 1.3247019600855425 × 10^284 |
| 120 | ov_120 | 1.8896950885667547 × 10^284 |
| 119 | ov_119 | 2.599100072527486 × 10^284 |
| 118 | ov_118 | 3.4697642676509465 × 10^284 |
| 117 | ov_117 | 4.5185439915037125 × 10^284 |
| 116 | ov_116 | 5.762311439138473 × 10^284 |
| 115 | ov_115 | 7.217968046412284 × 10^284 |
| 114 | ov_114 | 9.114355298307015 × 10^284 |
| 113 | ov_113 | 1.1697348995385086 × 10^285 |
| 112 | ov_112 | 1.5229982963931806 × 10^285 |
| 111 | ov_111 | 1.9992626272909406 × 10^285 |
| 110 | ov_110 | 2.628322691359405 × 10^285 |
| 109 | ov_109 | 3.441763606885672 × 10^285 |
| 108 | ov_108 | 4.4730028273698124 × 10^285 |
| 107 | ov_107 | 5.757343394892112 × 10^285 |
| 106 | ov_106 | 7.332040197850739 × 10^285 |
| 105 | ov_105 | 9.236381120194846 × 10^285 |
| 104 | ov_104 | 1.151178509099128 × 10^286 |
| 103 | ov_103 | 1.4201919167066237 × 10^286 |
| 102 | ov_102 | 1.7352836908213076 × 10^286 |
| 101 | ov_101 | 2.1013140434819298 × 10^286 |
| 100 | ov_100 | 2.523416869262443 × 10^286 |
| 99 | ov_099 | 3.007021458969498 × 10^286 |
| 98 | ov_098 | 3.007028526130074 × 10^286 |
| 97 | ov_097 | 3.007050671086748 × 10^286 |
| 96 | aaa_78_29 | 3.5555696699720325 × 10^286 |
| 95 | aaa_78_28 | 9.576608551695171 × 10^286 |
| 94 | ov_094 | 3.0186684389125906 × 10^287 |
| 93 | ov_093 | 6.82319750088439 × 10^287 |
| 92 | ov_092 | 1.3059786881161299 × 10^288 |
| 91 | ov_091 | 2.2416989710417232 × 10^288 |
| 90 | ov_090 | 3.8704017518113715 × 10^288 |
| 89 | ov_089 | 7.022800158363617 × 10^288 |
| 88 | ov_088 | 1.266737138327088 × 10^289 |
| 87 | ov_087 | 2.1910418996799726 × 10^289 |
| 86 | ov_086 | 3.599617682523023 × 10^289 |
| 85 | ov_085 | 5.630696775078636 × 10^289 |
| 84 | ov_084 | 8.436343090357961 × 10^289 |
| 83 | ov_083 | 1.2102989899534302 × 10^290 |
| 82 | ov_082 | 1.681046661536475 × 10^290 |
| 81 | ov_081 | 2.2752556940301854 × 10^290 |
| 80 | ov_080 | 3.013706241582432 × 10^290 |
| 64 | lv_79_m31 | 3.2088285728557213 × 10^290 |
| 79 | ov_079 | 3.918587954942992 × 10^290 |
| 78 | ov_078 | 5.013509186899923 × 10^290 |
| 77 | ov_077 | 6.323508037510668 × 10^290 |
| 76 | ov_076 | 7.875066239146098 × 10^290 |
| 75 | ov_075 | 9.69612758547848 × 10^290 |
| 74 | ov_074 | 1.1816122940399356 × 10^291 |
| 73 | ov_073 | 1.4266004000948907 × 10^291 |
| 63 | ov_063 | 1.6476527191532864 × 10^291 |
| 72 | ov_072 | 1.707828812814493 × 10^291 |
| 71 | ov_071 | 2.0287116701707295 × 10^291 |
| 70 | ov_070 | 2.3928329599791258 × 10^291 |
| 69 | ov_069 | 2.8039558553805557 × 10^291 |
| 68 | ov_068 | 3.2660342282170917 × 10^291 |
| 67 | ov_067 | 3.783226646658996 × 10^291 |
| 66 | ov_066 | 3.7832293367930707 × 10^291 |
| 65 | ov_065 | 3.783237867978965 × 10^291 |
| 62 | ov_062 | 7.452331928107062 × 10^291 |
| 61 | ov_061 | 2.4679757909031485 × 10^292 |
| 60 | ov_060 | 6.592093809526404 × 10^292 |
| 59 | ov_059 | 1.5090951585220148 × 10^293 |
| 58 | ov_058 | 3.070389768470285 × 10^293 |
| 57 | ov_057 | 5.693627044208993 × 10^293 |
| 56 | ov_056 | 9.805941550924076 × 10^293 |
| 55 | ov_055 | 1.633820748397171 × 10^294 |
| 54 | ov_054 | 2.5870778424478122 × 10^294 |
| 53 | ov_053 | 3.964099139458383 × 10^294 |
| 52 | ov_052 | 5.903946877397066 × 10^294 |
| 51 | ov_051 | 8.561018517914967 × 10^294 |
| 50 | ov_050 | 1.2105058216443864 × 10^295 |
| 49 | ov_049 | 1.6721177746711728 × 10^295 |
| 48 | ov_048 | 2.2609893764506453 × 10^295 |
| 47 | ov_047 | 2.998718971007703 × 10^295 |
| 32 | lv_80_k31 | 3.4215564235199595 × 10^295 |
| 46 | ov_046 | 3.908461175175477 × 10^295 |
| 45 | ov_045 | 5.014940927761111 × 10^295 |
| 44 | ov_044 | 6.331715956254019 × 10^295 |
| 43 | ov_043 | 7.873159443276291 × 10^295 |
| 42 | ov_042 | 9.654479050601997 × 10^295 |
| 41 | ov_041 | 1.1706948557510144 × 10^296 |
| 40 | ov_040 | 1.4047522297672426 × 10^296 |
| 31 | ov_031 | 1.4125428405736005 × 10^296 |
| 39 | ov_039 | 1.6711033586584874 × 10^296 |
| 38 | ov_038 | 1.9734209084044997 × 10^296 |
| 37 | ov_037 | 2.3155765507833888 × 10^296 |
| 36 | ov_036 | 2.701652464224881 × 10^296 |
| 35 | ov_035 | 3.1359548818977647 × 10^296 |
| 34 | ov_034 | 3.6230299165927108 × 10^296 |
| 33 | ov_033 | 4.167681904013311 × 10^296 |
| 30 | ov_030 | 5.830158680193551 × 10^296 |
| 29 | ov_029 | 1.761360038992653 × 10^297 |
| 28 | ov_028 | 4.2734569676956535 × 10^297 |
| 27 | ov_027 | 8.87411504759092 × 10^297 |
| 26 | ov_026 | 1.8461170992211338 × 10^298 |
| 25 | ov_025 | 3.9639582572628727 × 10^298 |
| 24 | ov_024 | 8.063290641560525 × 10^298 |
| 23 | ov_023 | 1.5128340967932863 × 10^299 |
| 22 | ov_022 | 2.6305233627341205 × 10^299 |
| 21 | ov_021 | 4.290204589423174 × 10^299 |
| 20 | ov_020 | 6.638891062462824 × 10^299 |
| 19 | ov_019 | 9.839819142368558 × 10^299 |
| 18 | ov_018 | 1.4072476566189777 × 10^300 |
| 17 | ov_017 | 1.953264653901788 × 10^300 |
| 16 | ov_016 | 2.6432473813639933 × 10^300 |
| 15 | ov_015 | 3.500056053302072 × 10^300 |
| 14 | ov_014 | 4.548210184396117 × 10^300 |
| 13 | ov_013 | 5.813907302066334 × 10^300 |
| 12 | ov_012 | 7.325048106436243 × 10^300 |
| 11 | ov_011 | 9.111269497402816 × 10^300 |
| 10 | ov_010 | 1.1203987011445894 × 10^301 |
| 9 | ov_009 | 1.3636448334355724 × 10^301 |
| 8 | ov_008 | 1.6443799680255274 × 10^301 |
| 7 | ov_007 | 1.9663166824887616 × 10^301 |
| 6 | ov_006 | 2.3333752316950622 × 10^301 |
| 5 | ov_005 | 2.749695010475756 × 10^301 |
| 4 | ov_004 | 3.219647891399075 × 10^301 |
| 3 | ov_003 | 3.747853608429465 × 10^301 |
| 2 | ov_002 | 4.339197381199098 × 10^301 |
| 1 | ov_001 | 4.996338672701757 × 10^301 |

