# Results for F010-F011-F012-F013-F014-F015-F016-F017-F018-F019-F020-F021-F022-F023-F024-F025-F026-F027-F028-F029-F030-F031-F032-F033-F034-F035-F036-F037-F038-F039-F040-F041-F042-F043-F044-F045-F046-F047-F048-F049-F050-F051-F052-F053-F054-F055-F056-F057-F058-F059-F060-F061-F062-F063-F064-F065-F066-F067-F068-F069-F070-F071-F072-F073-F074-F075-F076-F077-F078-F079-F080-F081-F082-F083-F084-F085-F086-F087-F088-F089-F090-F091-F092-F093-F094-F095-F096-F097-F098-F099-F100-F101-F102-F103-F104-F105-F106-F107-F108-F109-F110-F111-F112-F113-F114-F115-F116-F117-F118-F119-F120-F121-F122-F123-F124-F125-F126-F127-F128-F129-F130-F131-F132-F133-F134-F135-F136-F137-F138-F139-F140-F141-F142-F143-F144-F145-F146-F147-F148-F149-F150-F151-F152-F153-F154-F155-F156-F157-F158-F159-F160-F161-F162-F163-F164-F165-F166-F167-F168-F169-F170-F171-F172-F173-F174-F175-F176-F177-F178-F179-F180-F181-F182-F183-F184-F185-F186-F187-F188-F189-F190-F191-F192-F193-F194-F195-F196-F197-F198-F199-F200-F201-F202-F203-F204-F205-F206-F207-F208-F209-F210-F211-F212-F213-F214-F215-F216-F217-F218-F219-F220-F221-F222-F223-F224-F225-F226-F227-F228-F229-F230-F231-F232-F233-F234-F235-F236-F237-F238-F239-F240-F241-F242-F243-F244-F245-F246-F247-F248-F249-F250-F251-F252-F253-F254-F255-F256-F257-F258-F259-F260-F261-F262-F263-F264-F265-F266-F267-F268-F269-F270-F271-F272-F273-F274-F275-F276-F277-F278-F279-F280-F281-F282-F283-F284-F285-F286-F287-F288-F289-F290-F291-F292-F293-F294-F295-F296-F297-F298-F299-F300-F301-F302-F303-F304-F305-F306-F307-F308-F309-F310-F311-F312-F313-F314-F315-F316-F317-F318-F319-F320-F321-F322-F323-F324-F325-F326-F327-F328-F329-F330-F331-F332-F333-F334-F335-F336-F337-F338-F339-F340-F341-F342-F343-F344-F345-F346-F347-F348-F349-F350-F351-F352-F353-F354-F355-F356-F357-F358-F359-F360-F361-F362-F363-F364-F365-F366-F367-F368-F369-F370-F371-F372-F373-F374-F375-F376-F377-F378-F379-F380-F381-F382-F383-F384-F385-F386-F387-F388-F389-F390-F391-F392-F393-F394-F395-F396-F397-F398-F399-F400-F401-F402-F403-F404-F405-F406-F407-F408-F409-F410-F411-F412-F413-F414-F415-F416-F417-F418-F419-F420-F421-F422-F423-F424-F425-F426-F427-F428-F429-F430-F431-F432-F433-F434-F435-F436-F437-F438-F439-F440-F441-F442-F443-F444-F445-F446-F447-F448-F449-F450-F451-F452-F453-F454-F455-F456-F457-F458-F459-F460-F461-F462-F463-F464-F465-F466-F467-F468-F469-F470-F471-F472-F473-F474-F475-F476-F477-F478-F479-F480-F481-F482-F483-F484-F485-F486-F487-F488-F489-F490-F491-F492-F493-F494-F495-F496-F497-F498-F499-F500-F501-F502-F503-F504-F505-F506-F507-F508-F509-F510-F511-F512

## Summary

Number of input bits: 512  
Number of free input bits: 9  
Number of output bits: 160

Number of direct occurrences: 41331  
Number of assignments: 37683  
Number of operations: 18640497
(xor: 18599996,
and: 24653,
or: 15848)

Total complexity: 2.5571035628039127 × 10^351

Least occurring input variable: iv_007 (4326)  
Most occurring input variable: iv_009 (4810)

Most co-occurring input variables: iv_004-iv_009 (2461)  
Least co-occurring input variables: iv_006-iv_007 (1968)

Potentially most occurring input variable: iv_004/iv_006 (5125)  
Potentially least occurring input variable: iv_002/iv_007 (4542)

Least output occurring input variable: iv_004 (69)  
Most output occurring input variable: iv_002 (85)

Most output co-occurring input variables: iv_002-iv_003 (46)  
Least output co-occurring input variables: iv_005-iv_007 (25)

Potentially most output occurring input variable: iv_002/iv_005 (100)  
Potentially least output occurring input variable: iv_006/iv_007 (66)

Least complex input bit: iv_001 (7.760733687824685 × 10^348)  
Most complex input bit: iv_008 (7.190125257953463 × 10^350)

Least complex output bit: aaa_76_29 (8.912700269958602 × 10^326)  
Most complex output bit: ov_001 (3.924362873805034 × 10^350)

Least complex input/output complexity: iv_001/aaa_76_29 (2.7049781729882933 × 10^324)  
Most complex input/output complexity: iv_008/ov_001 (1.1034617850745272 × 10^350)

## Input Bits

### Input Bits in Regular Order

| Input Bit | Complexity | Occurrences | Output Occurrences |
|:---------:|:----------:|:-----------:|:------------------:|
| iv_001 | 7.760733687824685 × 10^348 | 4554 | 75 |
| iv_002 | 3.318988341536439 × 10^349 | 4606 | 85 |
| iv_003 | 9.398890703269227 × 10^349 | 4641 | 79 |
| iv_004 | 2.031726815446207 × 10^350 | 4769 | 69 |
| iv_005 | 3.2467041816808716 × 10^350 | 4603 | 73 |
| iv_006 | 4.4797113437384486 × 10^350 | 4422 | 80 |
| iv_007 | 5.771457241818788 × 10^350 | 4326 | 70 |
| iv_008 | 7.190125257953463 × 10^350 | 4600 | 81 |
| iv_009 | 1.5019155460425356 × 10^350 | 4810 | 82 |

### Input Bits Sorted by Complexity

| Input Bit | Complexity | Occurrences | Output Occurrences |
|:---------:|:----------:|:-----------:|:------------------:|
| iv_001 | 7.760733687824685 × 10^348 | 4554 | 75 |
| iv_002 | 3.318988341536439 × 10^349 | 4606 | 85 |
| iv_003 | 9.398890703269227 × 10^349 | 4641 | 79 |
| iv_009 | 1.5019155460425356 × 10^350 | 4810 | 82 |
| iv_004 | 2.031726815446207 × 10^350 | 4769 | 69 |
| iv_005 | 3.2467041816808716 × 10^350 | 4603 | 73 |
| iv_006 | 4.4797113437384486 × 10^350 | 4422 | 80 |
| iv_007 | 5.771457241818788 × 10^350 | 4326 | 70 |
| iv_008 | 7.190125257953463 × 10^350 | 4600 | 81 |

### Input Bits Sorted by Occurrences

| Input Bit | Complexity | Occurrences | Output Occurrences |
|:---------:|:----------:|:-----------:|:------------------:|
| iv_007 | 5.771457241818788 × 10^350 | 4326 | 70 |
| iv_006 | 4.4797113437384486 × 10^350 | 4422 | 80 |
| iv_001 | 7.760733687824685 × 10^348 | 4554 | 75 |
| iv_008 | 7.190125257953463 × 10^350 | 4600 | 81 |
| iv_005 | 3.2467041816808716 × 10^350 | 4603 | 73 |
| iv_002 | 3.318988341536439 × 10^349 | 4606 | 85 |
| iv_003 | 9.398890703269227 × 10^349 | 4641 | 79 |
| iv_004 | 2.031726815446207 × 10^350 | 4769 | 69 |
| iv_009 | 1.5019155460425356 × 10^350 | 4810 | 82 |

### Input Bits Sorted by Output Occurrences

| Input Bit | Complexity | Occurrences | Output Occurrences |
|:---------:|:----------:|:-----------:|:------------------:|
| iv_004 | 2.031726815446207 × 10^350 | 4769 | 69 |
| iv_007 | 5.771457241818788 × 10^350 | 4326 | 70 |
| iv_005 | 3.2467041816808716 × 10^350 | 4603 | 73 |
| iv_001 | 7.760733687824685 × 10^348 | 4554 | 75 |
| iv_003 | 9.398890703269227 × 10^349 | 4641 | 79 |
| iv_006 | 4.4797113437384486 × 10^350 | 4422 | 80 |
| iv_008 | 7.190125257953463 × 10^350 | 4600 | 81 |
| iv_009 | 1.5019155460425356 × 10^350 | 4810 | 82 |
| iv_002 | 3.318988341536439 × 10^349 | 4606 | 85 |

## Input Bit Co-occurrences

### Input Bit Co-occurrences Sorted by Co-occurrences

| Input Bits | Co-occurrences | Potential Occurrences | Output Co-occurrences | Potential Output Occurrences |
|:----------:|:--------------:|:---------------------:|:---------------------:|:----------------------------:|
| iv_004-iv_009 | 2461 | 4657 | 40 | 71 |
| iv_008-iv_009 | 2368 | 4674 | 40 | 83 |
| iv_004-iv_005 | 2334 | 4704 | 31 | 80 |
| iv_005-iv_009 | 2271 | 4871 | 35 | 85 |
| iv_003-iv_009 | 2244 | 4963 | 41 | 79 |
| iv_001-iv_002 | 2210 | 4740 | 40 | 80 |
| iv_003-iv_004 | 2204 | 5002 | 38 | 72 |
| iv_002-iv_007 | 2195 | 4542 | 43 | 69 |
| iv_002-iv_009 | 2189 | 5038 | 40 | 87 |

### Input Bit Co-occurrences Sorted by Potential Occurrences

| Input Bits | Co-occurrences | Potential Occurrences | Output Co-occurrences | Potential Output Occurrences |
|:----------:|:--------------:|:---------------------:|:---------------------:|:----------------------------:|
| iv_002-iv_007 | 2195 | 4542 | 43 | 69 |
| iv_007-iv_008 | 2139 | 4648 | 31 | 89 |
| iv_004-iv_009 | 2461 | 4657 | 40 | 71 |
| iv_008-iv_009 | 2368 | 4674 | 40 | 83 |
| iv_004-iv_005 | 2334 | 4704 | 31 | 80 |
| iv_001-iv_007 | 2082 | 4716 | 34 | 77 |
| iv_001-iv_006 | 2122 | 4732 | 36 | 83 |
| iv_001-iv_002 | 2210 | 4740 | 40 | 80 |
| iv_003-iv_006 | 2142 | 4779 | 41 | 77 |

### Input Bit Output Co-occurrences Sorted by Output Co-occurrences

| Input Bits | Co-occurrences | Potential Occurrences | Output Co-occurrences | Potential Output Occurrences |
|:----------:|:--------------:|:---------------------:|:---------------------:|:----------------------------:|
| iv_002-iv_003 | 2136 | 4975 | 46 | 72 |
| iv_002-iv_006 | 2066 | 4896 | 45 | 75 |
| iv_002-iv_007 | 2195 | 4542 | 43 | 69 |
| iv_006-iv_007 | 1968 | 4812 | 42 | 66 |
| iv_001-iv_008 | 2145 | 4864 | 42 | 72 |
| iv_001-iv_009 | 2178 | 5008 | 42 | 73 |
| iv_003-iv_006 | 2142 | 4779 | 41 | 77 |
| iv_003-iv_009 | 2244 | 4963 | 41 | 79 |
| iv_006-iv_009 | 2054 | 5124 | 41 | 80 |

### Input Bit Output Co-occurrences Sorted by Potential Output Occurrences

| Input Bits | Co-occurrences | Potential Occurrences | Output Co-occurrences | Potential Output Occurrences |
|:----------:|:--------------:|:---------------------:|:---------------------:|:----------------------------:|
| iv_006-iv_007 | 1968 | 4812 | 42 | 66 |
| iv_002-iv_007 | 2195 | 4542 | 43 | 69 |
| iv_001-iv_004 | 2156 | 5011 | 37 | 70 |
| iv_004-iv_009 | 2461 | 4657 | 40 | 71 |
| iv_002-iv_003 | 2136 | 4975 | 46 | 72 |
| iv_001-iv_008 | 2145 | 4864 | 42 | 72 |
| iv_003-iv_004 | 2204 | 5002 | 38 | 72 |
| iv_001-iv_009 | 2178 | 5008 | 42 | 73 |
| iv_002-iv_006 | 2066 | 4896 | 45 | 75 |

## Output Bits

### Output Bits in Regular Order

| Rank | Output Bit | Complexity |
|:----:|:----------:|:----------:|
| 1 | ov_001 | 3.924362873805034 × 10^350 |
| 2 | ov_002 | 3.437490340710313 × 10^350 |
| 3 | ov_003 | 2.9944908168045477 × 10^350 |
| 4 | ov_004 | 2.59287666623904 × 10^350 |
| 5 | ov_005 | 2.230304208925388 × 10^350 |
| 6 | ov_006 | 1.9045631333276382 × 10^350 |
| 7 | ov_007 | 1.6135670597209926 × 10^350 |
| 8 | ov_008 | 1.355345186168141 × 10^350 |
| 9 | ov_009 | 1.1280349535644878 × 10^350 |
| 10 | ov_010 | 9.29875669978174 × 10^349 |
| 11 | ov_011 | 7.592030381852903 × 10^349 |
| 12 | ov_012 | 6.1444452229500314 × 10^349 |
| 13 | ov_013 | 4.927154925051966 × 10^349 |
| 14 | ov_014 | 3.912980407940206 × 10^349 |
| 15 | ov_015 | 3.0763623622295833 × 10^349 |
| 16 | ov_016 | 2.3933232352863824 × 10^349 |
| 17 | ov_017 | 1.84143728280602 × 10^349 |
| 18 | ov_018 | 1.3998074310994639 × 10^349 |
| 19 | ov_019 | 1.0490478057725845 × 10^349 |
| 20 | ov_020 | 7.712708918776278 × 10^348 |
| 21 | ov_021 | 5.500783991124736 × 10^348 |
| 22 | ov_022 | 3.7764255094155445 × 10^348 |
| 23 | ov_023 | 2.468758099452022 × 10^348 |
| 24 | ov_024 | 1.5142930307333382 × 10^348 |
| 25 | ov_025 | 8.569189514932371 × 10^347 |
| 26 | ov_026 | 4.4789689045693455 × 10^347 |
| 27 | ov_027 | 2.118577840036337 × 10^347 |
| 28 | ov_028 | 8.817011965518797 × 10^346 |
| 29 | ov_029 | 3.0939493243364687 × 10^346 |
| 30 | ov_030 | 8.52739711379984 × 10^345 |
| 31 | ov_031 | 1.6705536671717108 × 10^345 |
| 32 | lv_80_m31 | 3.272124626831415 × 10^344 |
| 33 | ov_033 | 4.0495894167055993 × 10^345 |
| 34 | ov_034 | 3.5684893652553083 × 10^345 |
| 35 | ov_035 | 3.1311452713383905 × 10^345 |
| 36 | ov_036 | 2.7327780956692584 × 10^345 |
| 37 | ov_037 | 2.3710742804526974 × 10^345 |
| 38 | ov_038 | 2.0438618173473708 × 10^345 |
| 39 | ov_039 | 1.7491007809113725 × 10^345 |
| 40 | ov_040 | 1.4848747201418547 × 10^345 |
| 41 | ov_041 | 1.2493828608747784 × 10^345 |
| 42 | ov_042 | 1.040933073784306 × 10^345 |
| 43 | ov_043 | 8.579355643568556 × 10^344 |
| 44 | ov_044 | 6.988972425540129 × 10^344 |
| 45 | ov_045 | 5.624167309600804 × 10^344 |
| 46 | ov_046 | 4.471799710700372 × 10^344 |
| 47 | ov_047 | 3.508059809354204 × 10^344 |
| 48 | ov_048 | 2.710712786543899 × 10^344 |
| 49 | ov_049 | 2.0590465357107394 × 10^344 |
| 50 | ov_050 | 1.5338278320844725 × 10^344 |
| 51 | ov_051 | 1.1172661944528761 × 10^344 |
| 52 | ov_052 | 7.929846766147873 × 10^343 |
| 53 | ov_053 | 5.459968270900952 × 10^343 |
| 54 | ov_054 | 3.626890564365197 × 10^343 |
| 55 | ov_055 | 2.3080765194239604 × 10^343 |
| 56 | ov_056 | 1.3944967967285755 × 10^343 |
| 57 | ov_057 | 7.905701394228266 × 10^342 |
| 58 | ov_058 | 4.1412740519390916 × 10^342 |
| 59 | ov_059 | 1.9639216482571696 × 10^342 |
| 60 | ov_060 | 8.197164881466533 × 10^341 |
| 61 | ov_061 | 2.885326771081953 × 10^341 |
| 62 | ov_062 | 7.97783237923409 × 10^340 |
| 63 | ov_063 | 1.5684045554188183 × 10^340 |
| 64 | lv_79_m31 | 3.0831206049025165 × 10^339 |
| 65 | ov_065 | 4.228206069453905 × 10^340 |
| 66 | ov_066 | 4.228074946672148 × 10^340 |
| 67 | ov_067 | 4.228032720789342 × 10^340 |
| 68 | ov_068 | 3.802312897980223 × 10^340 |
| 69 | ov_069 | 3.408581645655202 × 10^340 |
| 70 | ov_070 | 3.0449927475549063 × 10^340 |
| 71 | ov_071 | 2.709836435563629 × 10^340 |
| 72 | ov_072 | 2.401524374696948 × 10^340 |
| 73 | ov_073 | 2.1185754726350505 × 10^340 |
| 74 | ov_074 | 1.8596024674112872 × 10^340 |
| 75 | ov_075 | 1.6232992491943088 × 10^340 |
| 76 | ov_076 | 1.408429027225609 × 10^340 |
| 77 | ov_077 | 1.21381359837958 × 10^340 |
| 78 | ov_078 | 1.0383238035294957 × 10^340 |
| 79 | ov_079 | 8.808710972106327 × 10^339 |
| 80 | ov_080 | 7.404001577774777 × 10^339 |
| 81 | ov_081 | 6.158824665777901 × 10^339 |
| 82 | ov_082 | 5.063107856702867 × 10^339 |
| 83 | ov_083 | 4.1069446435250487 × 10^339 |
| 84 | ov_084 | 3.280555052936096 × 10^339 |
| 85 | ov_085 | 2.5742532143001295 × 10^339 |
| 86 | ov_086 | 1.9784211502007495 × 10^339 |
| 87 | ov_087 | 1.483488104021285 × 10^339 |
| 88 | ov_088 | 1.0799147208682583 × 10^339 |
| 89 | ov_089 | 7.581813986137718 × 10^338 |
| 90 | ov_090 | 5.087801260394793 × 10^338 |
| 91 | ov_091 | 3.222091251459402 × 10^338 |
| 92 | ov_092 | 1.8896962035118858 × 10^338 |
| 93 | ov_093 | 9.956409052466953 × 10^337 |
| 94 | ov_094 | 4.4495446051566406 × 10^337 |
| 95 | aaa_78_28 | 1.4266711043705972 × 10^337 |
| 96 | aaa_78_29 | 5.3808644391570905 × 10^336 |
| 97 | ov_097 | 5.196884677850502 × 10^336 |
| 98 | ov_098 | 5.196869219287234 × 10^336 |
| 99 | ov_099 | 5.19686545416259 × 10^336 |
| 100 | ov_100 | 4.577798126178233 × 10^336 |
| 101 | ov_101 | 4.014228439988152 × 10^336 |
| 102 | ov_102 | 3.5004677770660204 × 10^336 |
| 103 | ov_103 | 3.0337576157821826 × 10^336 |
| 104 | ov_104 | 2.6114987876811763 × 10^336 |
| 105 | ov_105 | 2.231240539437905 × 10^336 |
| 106 | ov_106 | 1.8906707869559479 × 10^336 |
| 107 | ov_107 | 1.587607474853552 × 10^336 |
| 108 | ov_108 | 1.3199909594725755 × 10^336 |
| 109 | ov_109 | 1.0858773382106905 × 10^336 |
| 110 | ov_110 | 8.834326524526771 × 10^335 |
| 111 | ov_111 | 7.109278956952095 × 10^335 |
| 112 | ov_112 | 5.652035885372624 × 10^335 |
| 113 | ov_113 | 4.432915686249859 × 10^335 |
| 114 | ov_114 | 3.42409672626579 × 10^335 |
| 115 | ov_115 | 2.599575049696653 × 10^335 |
| 116 | ov_116 | 1.9351316112324398 × 10^335 |
| 117 | ov_117 | 1.408307543605228 × 10^335 |
| 118 | ov_118 | 9.98385991874325 × 10^334 |
| 119 | ov_119 | 6.863791992441209 × 10^334 |
| 120 | ov_120 | 4.5501968207502065 × 10^334 |
| 121 | ov_121 | 2.8875448439843024 × 10^334 |
| 122 | ov_122 | 1.737416548287207 × 10^334 |
| 123 | ov_123 | 9.784824131483643 × 10^333 |
| 124 | ov_124 | 5.06492510923341 × 10^333 |
| 125 | ov_125 | 2.3427170832015074 × 10^333 |
| 126 | ov_126 | 9.171776422818309 × 10^332 |
| 127 | aaa_77_28 | 2.580071412309379 × 10^332 |
| 128 | aaa_77_29 | 7.891404470044671 × 10^331 |
| 129 | ov_129 | 4.8056738198712215 × 10^331 |
| 130 | ov_130 | 4.805656350292816 × 10^331 |
| 131 | ov_131 | 4.805652092294214 × 10^331 |
| 132 | ov_132 | 4.2429365440237236 × 10^331 |
| 133 | ov_133 | 3.735238696766294 × 10^331 |
| 134 | ov_134 | 3.276216335299344 × 10^331 |
| 135 | ov_135 | 2.8598974018674893 × 10^331 |
| 136 | ov_136 | 2.4833849374300815 × 10^331 |
| 137 | ov_137 | 2.1439476848848006 × 10^331 |
| 138 | ov_138 | 1.839008998155173 × 10^331 |
| 139 | ov_139 | 1.5661370092467206 × 10^331 |
| 140 | ov_140 | 1.3230359689409574 × 10^331 |
| 141 | ov_141 | 1.10753868118044 × 10^331 |
| 142 | ov_142 | 9.17599955477322 × 10^330 |
| 143 | ov_143 | 7.512910058811367 × 10^330 |
| 144 | ov_144 | 6.067947291919486 × 10^330 |
| 145 | ov_145 | 4.8240179922013005 × 10^330 |
| 146 | ov_146 | 3.7650750524730278 × 10^330 |
| 147 | ov_147 | 2.876092424575699 × 10^330 |
| 148 | ov_148 | 2.1430455648115604 × 10^330 |
| 149 | ov_149 | 1.5528965230937696 × 10^330 |
| 150 | ov_150 | 1.0935828594729753 × 10^330 |
| 151 | ov_151 | 7.438766964092142 × 10^329 |
| 152 | ov_152 | 4.8447039668810846 × 10^329 |
| 153 | ov_153 | 2.979705559467744 × 10^329 |
| 154 | ov_154 | 1.6889432682234186 × 10^329 |
| 155 | ov_155 | 8.366732870826835 × 10^328 |
| 156 | aaa_76_25 | 3.062258669995523 × 10^328 |
| 157 | aaa_76_26 | 1.605381830363104 × 10^328 |
| 158 | aaa_76_27 | 7.431803875176436 × 10^327 |
| 159 | aaa_76_28 | 2.9117978547150804 × 10^327 |
| 160 | aaa_76_29 | 8.912700269958602 × 10^326 |

### Output Bits Sorted by Complexity

| Rank | Output Bit | Complexity |
|:----:|:----------:|:----------:|
| 160 | aaa_76_29 | 8.912700269958602 × 10^326 |
| 159 | aaa_76_28 | 2.9117978547150804 × 10^327 |
| 158 | aaa_76_27 | 7.431803875176436 × 10^327 |
| 157 | aaa_76_26 | 1.605381830363104 × 10^328 |
| 156 | aaa_76_25 | 3.062258669995523 × 10^328 |
| 155 | ov_155 | 8.366732870826835 × 10^328 |
| 154 | ov_154 | 1.6889432682234186 × 10^329 |
| 153 | ov_153 | 2.979705559467744 × 10^329 |
| 152 | ov_152 | 4.8447039668810846 × 10^329 |
| 151 | ov_151 | 7.438766964092142 × 10^329 |
| 150 | ov_150 | 1.0935828594729753 × 10^330 |
| 149 | ov_149 | 1.5528965230937696 × 10^330 |
| 148 | ov_148 | 2.1430455648115604 × 10^330 |
| 147 | ov_147 | 2.876092424575699 × 10^330 |
| 146 | ov_146 | 3.7650750524730278 × 10^330 |
| 145 | ov_145 | 4.8240179922013005 × 10^330 |
| 144 | ov_144 | 6.067947291919486 × 10^330 |
| 143 | ov_143 | 7.512910058811367 × 10^330 |
| 142 | ov_142 | 9.17599955477322 × 10^330 |
| 141 | ov_141 | 1.10753868118044 × 10^331 |
| 140 | ov_140 | 1.3230359689409574 × 10^331 |
| 139 | ov_139 | 1.5661370092467206 × 10^331 |
| 138 | ov_138 | 1.839008998155173 × 10^331 |
| 137 | ov_137 | 2.1439476848848006 × 10^331 |
| 136 | ov_136 | 2.4833849374300815 × 10^331 |
| 135 | ov_135 | 2.8598974018674893 × 10^331 |
| 134 | ov_134 | 3.276216335299344 × 10^331 |
| 133 | ov_133 | 3.735238696766294 × 10^331 |
| 132 | ov_132 | 4.2429365440237236 × 10^331 |
| 131 | ov_131 | 4.805652092294214 × 10^331 |
| 130 | ov_130 | 4.805656350292816 × 10^331 |
| 129 | ov_129 | 4.8056738198712215 × 10^331 |
| 128 | aaa_77_29 | 7.891404470044671 × 10^331 |
| 127 | aaa_77_28 | 2.580071412309379 × 10^332 |
| 126 | ov_126 | 9.171776422818309 × 10^332 |
| 125 | ov_125 | 2.3427170832015074 × 10^333 |
| 124 | ov_124 | 5.06492510923341 × 10^333 |
| 123 | ov_123 | 9.784824131483643 × 10^333 |
| 122 | ov_122 | 1.737416548287207 × 10^334 |
| 121 | ov_121 | 2.8875448439843024 × 10^334 |
| 120 | ov_120 | 4.5501968207502065 × 10^334 |
| 119 | ov_119 | 6.863791992441209 × 10^334 |
| 118 | ov_118 | 9.98385991874325 × 10^334 |
| 117 | ov_117 | 1.408307543605228 × 10^335 |
| 116 | ov_116 | 1.9351316112324398 × 10^335 |
| 115 | ov_115 | 2.599575049696653 × 10^335 |
| 114 | ov_114 | 3.42409672626579 × 10^335 |
| 113 | ov_113 | 4.432915686249859 × 10^335 |
| 112 | ov_112 | 5.652035885372624 × 10^335 |
| 111 | ov_111 | 7.109278956952095 × 10^335 |
| 110 | ov_110 | 8.834326524526771 × 10^335 |
| 109 | ov_109 | 1.0858773382106905 × 10^336 |
| 108 | ov_108 | 1.3199909594725755 × 10^336 |
| 107 | ov_107 | 1.587607474853552 × 10^336 |
| 106 | ov_106 | 1.8906707869559479 × 10^336 |
| 105 | ov_105 | 2.231240539437905 × 10^336 |
| 104 | ov_104 | 2.6114987876811763 × 10^336 |
| 103 | ov_103 | 3.0337576157821826 × 10^336 |
| 102 | ov_102 | 3.5004677770660204 × 10^336 |
| 101 | ov_101 | 4.014228439988152 × 10^336 |
| 100 | ov_100 | 4.577798126178233 × 10^336 |
| 99 | ov_099 | 5.19686545416259 × 10^336 |
| 98 | ov_098 | 5.196869219287234 × 10^336 |
| 97 | ov_097 | 5.196884677850502 × 10^336 |
| 96 | aaa_78_29 | 5.3808644391570905 × 10^336 |
| 95 | aaa_78_28 | 1.4266711043705972 × 10^337 |
| 94 | ov_094 | 4.4495446051566406 × 10^337 |
| 93 | ov_093 | 9.956409052466953 × 10^337 |
| 92 | ov_092 | 1.8896962035118858 × 10^338 |
| 91 | ov_091 | 3.222091251459402 × 10^338 |
| 90 | ov_090 | 5.087801260394793 × 10^338 |
| 89 | ov_089 | 7.581813986137718 × 10^338 |
| 88 | ov_088 | 1.0799147208682583 × 10^339 |
| 87 | ov_087 | 1.483488104021285 × 10^339 |
| 86 | ov_086 | 1.9784211502007495 × 10^339 |
| 85 | ov_085 | 2.5742532143001295 × 10^339 |
| 64 | lv_79_m31 | 3.0831206049025165 × 10^339 |
| 84 | ov_084 | 3.280555052936096 × 10^339 |
| 83 | ov_083 | 4.1069446435250487 × 10^339 |
| 82 | ov_082 | 5.063107856702867 × 10^339 |
| 81 | ov_081 | 6.158824665777901 × 10^339 |
| 80 | ov_080 | 7.404001577774777 × 10^339 |
| 79 | ov_079 | 8.808710972106327 × 10^339 |
| 78 | ov_078 | 1.0383238035294957 × 10^340 |
| 77 | ov_077 | 1.21381359837958 × 10^340 |
| 76 | ov_076 | 1.408429027225609 × 10^340 |
| 63 | ov_063 | 1.5684045554188183 × 10^340 |
| 75 | ov_075 | 1.6232992491943088 × 10^340 |
| 74 | ov_074 | 1.8596024674112872 × 10^340 |
| 73 | ov_073 | 2.1185754726350505 × 10^340 |
| 72 | ov_072 | 2.401524374696948 × 10^340 |
| 71 | ov_071 | 2.709836435563629 × 10^340 |
| 70 | ov_070 | 3.0449927475549063 × 10^340 |
| 69 | ov_069 | 3.408581645655202 × 10^340 |
| 68 | ov_068 | 3.802312897980223 × 10^340 |
| 67 | ov_067 | 4.228032720789342 × 10^340 |
| 66 | ov_066 | 4.228074946672148 × 10^340 |
| 65 | ov_065 | 4.228206069453905 × 10^340 |
| 62 | ov_062 | 7.97783237923409 × 10^340 |
| 61 | ov_061 | 2.885326771081953 × 10^341 |
| 60 | ov_060 | 8.197164881466533 × 10^341 |
| 59 | ov_059 | 1.9639216482571696 × 10^342 |
| 58 | ov_058 | 4.1412740519390916 × 10^342 |
| 57 | ov_057 | 7.905701394228266 × 10^342 |
| 56 | ov_056 | 1.3944967967285755 × 10^343 |
| 55 | ov_055 | 2.3080765194239604 × 10^343 |
| 54 | ov_054 | 3.626890564365197 × 10^343 |
| 53 | ov_053 | 5.459968270900952 × 10^343 |
| 52 | ov_052 | 7.929846766147873 × 10^343 |
| 51 | ov_051 | 1.1172661944528761 × 10^344 |
| 50 | ov_050 | 1.5338278320844725 × 10^344 |
| 49 | ov_049 | 2.0590465357107394 × 10^344 |
| 48 | ov_048 | 2.710712786543899 × 10^344 |
| 32 | lv_80_m31 | 3.272124626831415 × 10^344 |
| 47 | ov_047 | 3.508059809354204 × 10^344 |
| 46 | ov_046 | 4.471799710700372 × 10^344 |
| 45 | ov_045 | 5.624167309600804 × 10^344 |
| 44 | ov_044 | 6.988972425540129 × 10^344 |
| 43 | ov_043 | 8.579355643568556 × 10^344 |
| 42 | ov_042 | 1.040933073784306 × 10^345 |
| 41 | ov_041 | 1.2493828608747784 × 10^345 |
| 40 | ov_040 | 1.4848747201418547 × 10^345 |
| 31 | ov_031 | 1.6705536671717108 × 10^345 |
| 39 | ov_039 | 1.7491007809113725 × 10^345 |
| 38 | ov_038 | 2.0438618173473708 × 10^345 |
| 37 | ov_037 | 2.3710742804526974 × 10^345 |
| 36 | ov_036 | 2.7327780956692584 × 10^345 |
| 35 | ov_035 | 3.1311452713383905 × 10^345 |
| 34 | ov_034 | 3.5684893652553083 × 10^345 |
| 33 | ov_033 | 4.0495894167055993 × 10^345 |
| 30 | ov_030 | 8.52739711379984 × 10^345 |
| 29 | ov_029 | 3.0939493243364687 × 10^346 |
| 28 | ov_028 | 8.817011965518797 × 10^346 |
| 27 | ov_027 | 2.118577840036337 × 10^347 |
| 26 | ov_026 | 4.4789689045693455 × 10^347 |
| 25 | ov_025 | 8.569189514932371 × 10^347 |
| 24 | ov_024 | 1.5142930307333382 × 10^348 |
| 23 | ov_023 | 2.468758099452022 × 10^348 |
| 22 | ov_022 | 3.7764255094155445 × 10^348 |
| 21 | ov_021 | 5.500783991124736 × 10^348 |
| 20 | ov_020 | 7.712708918776278 × 10^348 |
| 19 | ov_019 | 1.0490478057725845 × 10^349 |
| 18 | ov_018 | 1.3998074310994639 × 10^349 |
| 17 | ov_017 | 1.84143728280602 × 10^349 |
| 16 | ov_016 | 2.3933232352863824 × 10^349 |
| 15 | ov_015 | 3.0763623622295833 × 10^349 |
| 14 | ov_014 | 3.912980407940206 × 10^349 |
| 13 | ov_013 | 4.927154925051966 × 10^349 |
| 12 | ov_012 | 6.1444452229500314 × 10^349 |
| 11 | ov_011 | 7.592030381852903 × 10^349 |
| 10 | ov_010 | 9.29875669978174 × 10^349 |
| 9 | ov_009 | 1.1280349535644878 × 10^350 |
| 8 | ov_008 | 1.355345186168141 × 10^350 |
| 7 | ov_007 | 1.6135670597209926 × 10^350 |
| 6 | ov_006 | 1.9045631333276382 × 10^350 |
| 5 | ov_005 | 2.230304208925388 × 10^350 |
| 4 | ov_004 | 2.59287666623904 × 10^350 |
| 3 | ov_003 | 2.9944908168045477 × 10^350 |
| 2 | ov_002 | 3.437490340710313 × 10^350 |
| 1 | ov_001 | 3.924362873805034 × 10^350 |

