# Results for F001-F002-F003-F004-F005-F006-F007-F008-F009-F010-F011-F012-F013-F014-F015-F016-F017-F018-F019-F020-F021-F022-F023-F024-F025-F026-F027-F028-F029-F030-F031-F032-F033-F034-F035-F036-F037-F038-F039-F040-F041-F042-F043-F044-F045-F046-F047-F048-F049-F050-F051-F052-F053-F054-F055-F056-F057-F058-F059-F060-F061-F062-F063-F064-F065-F066-F067-F068-F069-F070-F071-F072-F073-F074-F075-F076-F077-F078-F079-F080-F081-F082-F083-F084-F085-F086-F087-F088-F089-F090-F091-F092-F093-F094-F095-F096-F097-F098-F099-F100-F101-F102-F103-F104-F105-F106-F107-F108-F109-F110-F111-F112-F113-F114-F115-F116-F117-F118-F119-F120-F121-F122-F123-F124-F125-F126-F127-F128-F129-F130-F131-F132-F133-F134-F135-F136-F137-F138-F139-F140-F141-F142-F143-F144-F145-F146-F147-F148-F149-F150-F151-F152-F153-F154-F155-F156-F157-F158-F159-F160-F161-F162-F163-F164-F165-F166-F167-F168-F169-F170-F171-F172-F173-F174-F175-F176-F177-F178-F179-F180-F181-F182-F183-F184-F185-F186-F187-F188-F189-F190-F191-F192-F193-F194-F195-F196-F197-F198-F199-F200-F201-F202-F203-F204-F205-F206-F207-F208-F209-F210-F211-F212-F213-F214-F215-F216-F217-F218-F219-F220-F221-F222-F223-F224-F225-F226-F227-F228-F229-F230-F231-F232-F233-F234-F235-F236-F237-F238-F239-F240-F241-F242-F243-F244-F245-F246-F247-F248-F249-F250-F251-F252-F253-F254-F255-F256-F257-F258-F259-F260-F261-F262-F263-F264-F265-F266-F267-F268-F269-F270-F271-F272-F273-F274-F275-F276-F277-F278-F279-F280-F281-F282-F283-F284-F285-F286-F287-F288-F289-F290-F291-F292-F293-F294-F295-F296-F297-F298-F299-F300-F301-F302-F303-F304-F305-F306-F307-F308-F309-F310-F311-F312-F313-F314-F315-F316-F317-F318-F319-F320-F321-F322-F323-F324-F325-F326-F327-F328-F329-F330-F331-F332-F333-F334-F335-F336-F337-F338-F339-F340-F341-F342-F343-F344-F345-F346-F347-F348-F349-F350-F351-F352-F353-F354-F355-F356-F357-F358-F359-F360-F361-F362-F363-F364-F365-F366-F367-F368-F369-F370-F371-F372-F373-F374-F375-F376-F377-F378-F379-F380-F381-F382-F383-F384-F385-F386-F387-F388-F389-F390-F391-F392-F393-F394-F395-F396-F397-F398-F399-F400-F401-F402-F403-F404-F405-F406-F407-F408-F409-F410-F411-F412-F413-F414-F415-F416-F417-F418-F419-F420-F421-F422-F423-F424-F425-F426-F427-F428-F429-F430-F431-F432-F433-F434-F435-F436-F437-F438-F439-F440-F441-F442-F443-F444-F445-F446-F447-F448-F449-F450-F451-F452-F453-F454-F455-F456-F457-F458-F459-F460-F461-F462-F463-F464-F465-F466-F467-F468-F469-F470-F471-F472-F473-F474-F475-F476-F477-F478-F479-F480-F481-F482-F483-F484-F485-F486-F487-F488-F489-F490-F491-F492-F493-F494-F495-F496-O500505-T503-F508-F509-F510-F511-F512

## Summary

Number of input bits: 512  
Number of free input bits: 9  
Number of output bits: 160

Number of direct occurrences: 36691  
Number of assignments: 30947  
Number of operations: 11150209
(xor: 11121881,
and: 15116,
or: 13212)

Total complexity: 2.512993596026778 × 10^301

Least occurring input variable: iv_502 (3923)  
Most occurring input variable: iv_507 (4196)

Most co-occurring input variables: iv_497-iv_506 (2025)  
Least co-occurring input variables: iv_502-iv_504 (1793)

Potentially most occurring input variable: iv_500/iv_507 (4455)  
Potentially least occurring input variable: iv_501/iv_504 (4103)

Least output occurring input variable: iv_501 (77)  
Most output occurring input variable: iv_499 (98)

Most output co-occurring input variables: iv_499-iv_507 (58)  
Least output co-occurring input variables: iv_501-iv_507 (36)

Potentially most output occurring input variable: iv_498/iv_506 (91)  
Potentially least output occurring input variable: iv_499/iv_500 (67)

Least complex input bit: iv_497 (1.7485484498347131 × 10^299)  
Most complex input bit: iv_500 (9.55571599267534 × 10^300)

Least complex output bit: aaa_76_29 (2.194700323048845 × 10^276)  
Most complex output bit: ov_001 (4.055381075389017 × 10^300)

Least complex input/output complexity: iv_497/aaa_76_29 (1.5270790398297198 × 10^274)  
Most complex input/output complexity: iv_500/ov_001 (1.542067988543923 × 10^300)

## Input Bits

### Input Bits in Regular Order

| Input Bit | Complexity | Occurrences | Output Occurrences |
|:---------:|:----------:|:-----------:|:------------------:|
| iv_497 | 1.7485484498347131 × 10^299 | 4166 | 87 |
| iv_498 | 3.488090662220721 × 10^299 | 4049 | 81 |
| iv_499 | 6.133772473033932 × 10^299 | 3992 | 98 |
| iv_500 | 9.55571599267534 × 10^300 | 4191 | 79 |
| iv_501 | 1.6825176367764744 × 10^300 | 4108 | 77 |
| iv_502 | 2.7022793641624063 × 10^300 | 3923 | 82 |
| iv_504 | 6.622082002694583 × 10^300 | 3943 | 90 |
| iv_506 | 1.5819308725485917 × 10^300 | 4123 | 82 |
| iv_507 | 1.8483689329014422 × 10^300 | 4196 | 86 |

### Input Bits Sorted by Complexity

| Input Bit | Complexity | Occurrences | Output Occurrences |
|:---------:|:----------:|:-----------:|:------------------:|
| iv_497 | 1.7485484498347131 × 10^299 | 4166 | 87 |
| iv_498 | 3.488090662220721 × 10^299 | 4049 | 81 |
| iv_499 | 6.133772473033932 × 10^299 | 3992 | 98 |
| iv_506 | 1.5819308725485917 × 10^300 | 4123 | 82 |
| iv_501 | 1.6825176367764744 × 10^300 | 4108 | 77 |
| iv_507 | 1.8483689329014422 × 10^300 | 4196 | 86 |
| iv_502 | 2.7022793641624063 × 10^300 | 3923 | 82 |
| iv_504 | 6.622082002694583 × 10^300 | 3943 | 90 |
| iv_500 | 9.55571599267534 × 10^300 | 4191 | 79 |

### Input Bits Sorted by Occurrences

| Input Bit | Complexity | Occurrences | Output Occurrences |
|:---------:|:----------:|:-----------:|:------------------:|
| iv_502 | 2.7022793641624063 × 10^300 | 3923 | 82 |
| iv_504 | 6.622082002694583 × 10^300 | 3943 | 90 |
| iv_499 | 6.133772473033932 × 10^299 | 3992 | 98 |
| iv_498 | 3.488090662220721 × 10^299 | 4049 | 81 |
| iv_501 | 1.6825176367764744 × 10^300 | 4108 | 77 |
| iv_506 | 1.5819308725485917 × 10^300 | 4123 | 82 |
| iv_497 | 1.7485484498347131 × 10^299 | 4166 | 87 |
| iv_500 | 9.55571599267534 × 10^300 | 4191 | 79 |
| iv_507 | 1.8483689329014422 × 10^300 | 4196 | 86 |

### Input Bits Sorted by Output Occurrences

| Input Bit | Complexity | Occurrences | Output Occurrences |
|:---------:|:----------:|:-----------:|:------------------:|
| iv_501 | 1.6825176367764744 × 10^300 | 4108 | 77 |
| iv_500 | 9.55571599267534 × 10^300 | 4191 | 79 |
| iv_498 | 3.488090662220721 × 10^299 | 4049 | 81 |
| iv_502 | 2.7022793641624063 × 10^300 | 3923 | 82 |
| iv_506 | 1.5819308725485917 × 10^300 | 4123 | 82 |
| iv_507 | 1.8483689329014422 × 10^300 | 4196 | 86 |
| iv_497 | 1.7485484498347131 × 10^299 | 4166 | 87 |
| iv_504 | 6.622082002694583 × 10^300 | 3943 | 90 |
| iv_499 | 6.133772473033932 × 10^299 | 3992 | 98 |

## Input Bit Co-occurrences

### Input Bit Co-occurrences Sorted by Co-occurrences

| Input Bits | Co-occurrences | Potential Occurrences | Output Co-occurrences | Potential Output Occurrences |
|:----------:|:--------------:|:---------------------:|:---------------------:|:----------------------------:|
| iv_497-iv_506 | 2025 | 4239 | 49 | 71 |
| iv_497-iv_507 | 2011 | 4340 | 50 | 73 |
| iv_501-iv_507 | 2002 | 4300 | 36 | 91 |
| iv_497-iv_501 | 2000 | 4274 | 43 | 78 |
| iv_497-iv_500 | 1985 | 4387 | 45 | 76 |
| iv_501-iv_504 | 1974 | 4103 | 44 | 79 |
| iv_500-iv_507 | 1966 | 4455 | 43 | 79 |
| iv_498-iv_507 | 1963 | 4319 | 48 | 71 |
| iv_497-iv_504 | 1959 | 4191 | 54 | 69 |

### Input Bit Co-occurrences Sorted by Potential Occurrences

| Input Bits | Co-occurrences | Potential Occurrences | Output Co-occurrences | Potential Output Occurrences |
|:----------:|:--------------:|:---------------------:|:---------------------:|:----------------------------:|
| iv_501-iv_504 | 1974 | 4103 | 44 | 79 |
| iv_498-iv_504 | 1906 | 4180 | 43 | 85 |
| iv_504-iv_506 | 1939 | 4188 | 51 | 70 |
| iv_497-iv_504 | 1959 | 4191 | 54 | 69 |
| iv_499-iv_504 | 1864 | 4207 | 54 | 80 |
| iv_497-iv_502 | 1932 | 4225 | 45 | 79 |
| iv_497-iv_506 | 2025 | 4239 | 49 | 71 |
| iv_497-iv_499 | 1956 | 4246 | 54 | 77 |
| iv_498-iv_499 | 1896 | 4249 | 54 | 71 |

### Input Bit Output Co-occurrences Sorted by Output Co-occurrences

| Input Bits | Co-occurrences | Potential Occurrences | Output Co-occurrences | Potential Output Occurrences |
|:----------:|:--------------:|:---------------------:|:---------------------:|:----------------------------:|
| iv_499-iv_507 | 1931 | 4326 | 58 | 68 |
| iv_499-iv_500 | 1946 | 4291 | 55 | 67 |
| iv_497-iv_499 | 1956 | 4246 | 54 | 77 |
| iv_497-iv_504 | 1959 | 4191 | 54 | 69 |
| iv_499-iv_504 | 1864 | 4207 | 54 | 80 |
| iv_498-iv_499 | 1896 | 4249 | 54 | 71 |
| iv_504-iv_507 | 1904 | 4331 | 51 | 74 |
| iv_504-iv_506 | 1939 | 4188 | 51 | 70 |
| iv_497-iv_507 | 2011 | 4340 | 50 | 73 |

### Input Bit Output Co-occurrences Sorted by Potential Output Occurrences

| Input Bits | Co-occurrences | Potential Occurrences | Output Co-occurrences | Potential Output Occurrences |
|:----------:|:--------------:|:---------------------:|:---------------------:|:----------------------------:|
| iv_499-iv_500 | 1946 | 4291 | 55 | 67 |
| iv_499-iv_507 | 1931 | 4326 | 58 | 68 |
| iv_497-iv_504 | 1959 | 4191 | 54 | 69 |
| iv_504-iv_506 | 1939 | 4188 | 51 | 70 |
| iv_498-iv_499 | 1896 | 4249 | 54 | 71 |
| iv_498-iv_507 | 1963 | 4319 | 48 | 71 |
| iv_497-iv_506 | 2025 | 4239 | 49 | 71 |
| iv_497-iv_507 | 2011 | 4340 | 50 | 73 |
| iv_501-iv_506 | 1917 | 4397 | 43 | 73 |

## Output Bits

### Output Bits in Regular Order

| Rank | Output Bit | Complexity |
|:----:|:----------:|:----------:|
| 1 | ov_001 | 4.055381075389017 × 10^300 |
| 2 | ov_002 | 3.511604244811982 × 10^300 |
| 3 | ov_003 | 3.025033223986445 × 10^300 |
| 4 | ov_004 | 2.5913025964114666 × 10^300 |
| 5 | ov_005 | 2.2062850138115138 × 10^300 |
| 6 | ov_006 | 1.866074181544454 × 10^300 |
| 7 | ov_007 | 1.5669700678325276 × 10^300 |
| 8 | ov_008 | 1.3054661994693543 × 10^300 |
| 9 | ov_009 | 1.0782388733485444 × 10^300 |
| 10 | ov_010 | 8.821380818274384 × 10^299 |
| 11 | ov_011 | 7.141799475913911 × 10^299 |
| 12 | ov_012 | 5.715404753315715 × 10^299 |
| 13 | ov_013 | 4.515504389841947 × 10^299 |
| 14 | ov_014 | 3.516912437849671 × 10^299 |
| 15 | ov_015 | 2.695916320097829 × 10^299 |
| 16 | ov_016 | 2.0302511233293343 × 10^299 |
| 17 | ov_017 | 1.4990798526170094 × 10^299 |
| 18 | ov_018 | 1.0829783881995665 × 10^299 |
| 19 | ov_019 | 7.639240538843119 × 10^298 |
| 20 | ov_020 | 5.252869828503381 × 10^298 |
| 21 | ov_021 | 3.518237229241066 × 10^298 |
| 22 | ov_022 | 2.2967264275557486 × 10^298 |
| 23 | ov_023 | 1.4635075463426355 × 10^298 |
| 24 | ov_024 | 9.075162397567524 × 10^297 |
| 25 | ov_025 | 5.314408978964316 × 10^297 |
| 26 | ov_026 | 2.9006272957416374 × 10^297 |
| 27 | ov_027 | 1.4503464069063023 × 10^297 |
| 28 | ov_028 | 6.4880264571980235 × 10^296 |
| 29 | ov_029 | 2.4993629880075283 × 10^296 |
| 30 | ov_030 | 7.639073501412301 × 10^295 |
| 31 | ov_031 | 1.489737876749702 × 10^295 |
| 32 | lv_80_m31 | 2.9048526683935956 × 10^294 |
| 33 | ov_033 | 3.4837950255457354 × 10^295 |
| 34 | ov_034 | 3.02230991273148 × 10^295 |
| 35 | ov_035 | 2.6081972793548995 × 10^295 |
| 36 | ov_036 | 2.239262522850961 × 10^295 |
| 37 | ov_037 | 1.911465713537936 × 10^295 |
| 38 | ov_038 | 1.6209804466775094 × 10^295 |
| 39 | ov_039 | 1.3641797117074467 × 10^295 |
| 40 | ov_040 | 1.137623806823337 × 10^295 |
| 41 | ov_041 | 9.396383188122318 × 10^294 |
| 42 | ov_042 | 7.686350203216315 × 10^294 |
| 43 | ov_043 | 6.231079533622149 × 10^294 |
| 44 | ov_044 | 5.0027967393410154 × 10^294 |
| 45 | ov_045 | 3.975234219364377 × 10^294 |
| 46 | ov_046 | 3.123593316039381 × 10^294 |
| 47 | ov_047 | 2.424514609356463 × 10^294 |
| 48 | ov_048 | 1.8560550656607997 × 10^294 |
| 49 | ov_049 | 1.3976708062605275 × 10^294 |
| 50 | ov_050 | 1.0394378408632983 × 10^294 |
| 51 | ov_051 | 7.635758150834661 × 10^293 |
| 52 | ov_052 | 5.536747579037199 × 10^293 |
| 53 | ov_053 | 3.946902550107432 × 10^293 |
| 54 | ov_054 | 2.729400818994581 × 10^293 |
| 55 | ov_055 | 1.8192333263555748 × 10^293 |
| 56 | ov_056 | 1.1581862782765229 × 10^293 |
| 57 | ov_057 | 6.948357231111766 × 10^292 |
| 58 | ov_058 | 3.8454446655843774 × 10^292 |
| 59 | ov_059 | 1.894604725171641 × 10^292 |
| 60 | ov_060 | 7.851613965566617 × 10^291 |
| 61 | ov_061 | 2.7428041365407548 × 10^291 |
| 62 | ov_062 | 7.524748115659063 × 10^290 |
| 63 | ov_063 | 1.466805635762528 × 10^290 |
| 64 | lv_79_m31 | 2.858689543102541 × 10^289 |
| 65 | ov_065 | 3.3702669284101017 × 10^290 |
| 66 | ov_066 | 3.370257984085674 × 10^290 |
| 67 | ov_067 | 3.370255876069786 × 10^290 |
| 68 | ov_068 | 2.9133694829548385 × 10^290 |
| 69 | ov_069 | 2.504703376851711 × 10^290 |
| 70 | ov_070 | 2.140497079377128 × 10^290 |
| 71 | ov_071 | 1.8171672611942227 × 10^290 |
| 72 | ov_072 | 1.5312983067660833 × 10^290 |
| 73 | ov_073 | 1.2796349769595392 × 10^290 |
| 74 | ov_074 | 1.0605889439009594 × 10^290 |
| 75 | ov_075 | 8.712095794202067 × 10^289 |
| 76 | ov_076 | 7.086922931385523 × 10^289 |
| 77 | ov_077 | 5.703750471468637 × 10^289 |
| 78 | ov_078 | 4.537352549850351 × 10^289 |
| 79 | ov_079 | 3.563870415517123 × 10^289 |
| 80 | ov_080 | 2.7607884087368947 × 10^289 |
| 81 | ov_081 | 2.106913088894123 × 10^289 |
| 82 | ov_082 | 1.5823552856760102 × 10^289 |
| 83 | ov_083 | 1.1685148480431357 × 10^289 |
| 84 | ov_084 | 8.480678663070594 × 10^288 |
| 85 | ov_085 | 6.049561432707605 × 10^288 |
| 86 | ov_086 | 4.243786908239535 × 10^288 |
| 87 | ov_087 | 2.927850286729296 × 10^288 |
| 88 | ov_088 | 1.9787006206427777 × 10^288 |
| 89 | ov_089 | 1.2857031546647074 × 10^288 |
| 90 | ov_090 | 7.966406290806685 × 10^287 |
| 91 | ov_091 | 4.654854070984153 × 10^287 |
| 92 | ov_092 | 2.5239285465624026 × 10^287 |
| 93 | ov_093 | 1.2369761709133371 × 10^287 |
| 94 | ov_094 | 5.191178844586913 × 10^286 |
| 95 | aaa_78_28 | 1.5724163562844533 × 10^286 |
| 96 | aaa_78_29 | 4.6851575041047364 × 10^285 |
| 97 | ov_097 | 2.544001826050013 × 10^285 |
| 98 | ov_098 | 2.54396493625132 × 10^285 |
| 99 | ov_099 | 2.5439531457053066 × 10^285 |
| 100 | ov_100 | 2.0778382370516387 × 10^285 |
| 101 | ov_101 | 1.68862877734008 × 10^285 |
| 102 | ov_102 | 1.3672840743373718 × 10^285 |
| 103 | ov_103 | 1.1052563984745074 × 10^285 |
| 104 | ov_104 | 8.944548095621866 × 10^284 |
| 105 | ov_105 | 7.272138196733917 × 10^284 |
| 106 | ov_106 | 5.962664411286445 × 10^284 |
| 107 | ov_107 | 4.947211911932412 × 10^284 |
| 108 | ov_108 | 4.160426470662234 × 10^284 |
| 109 | ov_109 | 3.5403516616492306 × 10^284 |
| 110 | ov_110 | 3.028294077172053 × 10^284 |
| 111 | ov_111 | 2.5687131237359373 × 10^284 |
| 112 | ov_112 | 2.1586153633875804 × 10^284 |
| 113 | ov_113 | 1.7950623779721048 × 10^284 |
| 114 | ov_114 | 1.4751578853635425 × 10^284 |
| 115 | ov_115 | 1.196037275383983 × 10^284 |
| 116 | ov_116 | 9.548593644331306 × 10^283 |
| 117 | ov_117 | 7.488001680413518 × 10^283 |
| 118 | ov_118 | 5.750483011446119 × 10^283 |
| 119 | ov_119 | 4.308014514770065 × 10^283 |
| 120 | ov_120 | 3.132636112052036 × 10^283 |
| 121 | ov_121 | 2.1964296657686153 × 10^283 |
| 122 | ov_122 | 1.4715034536943732 × 10^283 |
| 123 | ov_123 | 9.299812192817563 × 10^282 |
| 124 | ov_124 | 5.439947958187957 × 10^282 |
| 125 | ov_125 | 2.856795444628981 × 10^282 |
| 126 | ov_126 | 1.2717203137191463 × 10^282 |
| 127 | aaa_77_28 | 4.0609137851087446 × 10^281 |
| 128 | aaa_77_29 | 1.5225178986093328 × 10^281 |
| 129 | ov_129 | 1.3907859222013113 × 10^281 |
| 130 | ov_130 | 1.3907816572653919 × 10^281 |
| 131 | ov_131 | 1.3907806290486762 × 10^281 |
| 132 | ov_132 | 1.2035614770141936 × 10^281 |
| 133 | ov_133 | 1.0358941031595146 × 10^281 |
| 134 | ov_134 | 8.862442987568334 × 10^280 |
| 135 | ov_135 | 7.531572321254182 × 10^280 |
| 136 | ov_136 | 6.352517719801504 × 10^280 |
| 137 | ov_137 | 5.31855125199726 × 10^280 |
| 138 | ov_138 | 4.417199050102624 × 10^280 |
| 139 | ov_139 | 3.6366023505164525 × 10^280 |
| 140 | ov_140 | 2.965490141826527 × 10^280 |
| 141 | ov_141 | 2.3931571367612427 × 10^280 |
| 142 | ov_142 | 1.909446342017326 × 10^280 |
| 143 | ov_143 | 1.5047355420075935 × 10^280 |
| 144 | ov_144 | 1.169927054385992 × 10^280 |
| 145 | ov_145 | 8.964401568537448 × 10^279 |
| 146 | ov_146 | 6.762056560388604 × 10^279 |
| 147 | ov_147 | 5.0166217020096503 × 10^279 |
| 148 | ov_148 | 3.657537388939618 × 10^279 |
| 149 | ov_149 | 2.6192835453580994 × 10^279 |
| 150 | ov_150 | 1.8413704180714737 × 10^279 |
| 151 | ov_151 | 1.2683322465936653 × 10^279 |
| 152 | ov_152 | 8.49722579666592 × 10^278 |
| 153 | ov_153 | 5.4011083766180485 × 10^278 |
| 154 | ov_154 | 3.1803534039770232 × 10^278 |
| 155 | ov_155 | 1.6454065569935998 × 10^278 |
| 156 | aaa_76_25 | 6.317703241440735 × 10^277 |
| 157 | aaa_76_26 | 3.642973042872859 × 10^277 |
| 158 | aaa_76_27 | 1.8616634699823105 × 10^277 |
| 159 | aaa_76_28 | 7.232677142178531 × 10^276 |
| 160 | aaa_76_29 | 2.194700323048845 × 10^276 |

### Output Bits Sorted by Complexity

| Rank | Output Bit | Complexity |
|:----:|:----------:|:----------:|
| 160 | aaa_76_29 | 2.194700323048845 × 10^276 |
| 159 | aaa_76_28 | 7.232677142178531 × 10^276 |
| 158 | aaa_76_27 | 1.8616634699823105 × 10^277 |
| 157 | aaa_76_26 | 3.642973042872859 × 10^277 |
| 156 | aaa_76_25 | 6.317703241440735 × 10^277 |
| 155 | ov_155 | 1.6454065569935998 × 10^278 |
| 154 | ov_154 | 3.1803534039770232 × 10^278 |
| 153 | ov_153 | 5.4011083766180485 × 10^278 |
| 152 | ov_152 | 8.49722579666592 × 10^278 |
| 151 | ov_151 | 1.2683322465936653 × 10^279 |
| 150 | ov_150 | 1.8413704180714737 × 10^279 |
| 149 | ov_149 | 2.6192835453580994 × 10^279 |
| 148 | ov_148 | 3.657537388939618 × 10^279 |
| 147 | ov_147 | 5.0166217020096503 × 10^279 |
| 146 | ov_146 | 6.762056560388604 × 10^279 |
| 145 | ov_145 | 8.964401568537448 × 10^279 |
| 144 | ov_144 | 1.169927054385992 × 10^280 |
| 143 | ov_143 | 1.5047355420075935 × 10^280 |
| 142 | ov_142 | 1.909446342017326 × 10^280 |
| 141 | ov_141 | 2.3931571367612427 × 10^280 |
| 140 | ov_140 | 2.965490141826527 × 10^280 |
| 139 | ov_139 | 3.6366023505164525 × 10^280 |
| 138 | ov_138 | 4.417199050102624 × 10^280 |
| 137 | ov_137 | 5.31855125199726 × 10^280 |
| 136 | ov_136 | 6.352517719801504 × 10^280 |
| 135 | ov_135 | 7.531572321254182 × 10^280 |
| 134 | ov_134 | 8.862442987568334 × 10^280 |
| 133 | ov_133 | 1.0358941031595146 × 10^281 |
| 132 | ov_132 | 1.2035614770141936 × 10^281 |
| 131 | ov_131 | 1.3907806290486762 × 10^281 |
| 130 | ov_130 | 1.3907816572653919 × 10^281 |
| 129 | ov_129 | 1.3907859222013113 × 10^281 |
| 128 | aaa_77_29 | 1.5225178986093328 × 10^281 |
| 127 | aaa_77_28 | 4.0609137851087446 × 10^281 |
| 126 | ov_126 | 1.2717203137191463 × 10^282 |
| 125 | ov_125 | 2.856795444628981 × 10^282 |
| 124 | ov_124 | 5.439947958187957 × 10^282 |
| 123 | ov_123 | 9.299812192817563 × 10^282 |
| 122 | ov_122 | 1.4715034536943732 × 10^283 |
| 121 | ov_121 | 2.1964296657686153 × 10^283 |
| 120 | ov_120 | 3.132636112052036 × 10^283 |
| 119 | ov_119 | 4.308014514770065 × 10^283 |
| 118 | ov_118 | 5.750483011446119 × 10^283 |
| 117 | ov_117 | 7.488001680413518 × 10^283 |
| 116 | ov_116 | 9.548593644331306 × 10^283 |
| 115 | ov_115 | 1.196037275383983 × 10^284 |
| 114 | ov_114 | 1.4751578853635425 × 10^284 |
| 113 | ov_113 | 1.7950623779721048 × 10^284 |
| 112 | ov_112 | 2.1586153633875804 × 10^284 |
| 111 | ov_111 | 2.5687131237359373 × 10^284 |
| 110 | ov_110 | 3.028294077172053 × 10^284 |
| 109 | ov_109 | 3.5403516616492306 × 10^284 |
| 108 | ov_108 | 4.160426470662234 × 10^284 |
| 107 | ov_107 | 4.947211911932412 × 10^284 |
| 106 | ov_106 | 5.962664411286445 × 10^284 |
| 105 | ov_105 | 7.272138196733917 × 10^284 |
| 104 | ov_104 | 8.944548095621866 × 10^284 |
| 103 | ov_103 | 1.1052563984745074 × 10^285 |
| 102 | ov_102 | 1.3672840743373718 × 10^285 |
| 101 | ov_101 | 1.68862877734008 × 10^285 |
| 100 | ov_100 | 2.0778382370516387 × 10^285 |
| 99 | ov_099 | 2.5439531457053066 × 10^285 |
| 98 | ov_098 | 2.54396493625132 × 10^285 |
| 97 | ov_097 | 2.544001826050013 × 10^285 |
| 96 | aaa_78_29 | 4.6851575041047364 × 10^285 |
| 95 | aaa_78_28 | 1.5724163562844533 × 10^286 |
| 94 | ov_094 | 5.191178844586913 × 10^286 |
| 93 | ov_093 | 1.2369761709133371 × 10^287 |
| 92 | ov_092 | 2.5239285465624026 × 10^287 |
| 91 | ov_091 | 4.654854070984153 × 10^287 |
| 90 | ov_090 | 7.966406290806685 × 10^287 |
| 89 | ov_089 | 1.2857031546647074 × 10^288 |
| 88 | ov_088 | 1.9787006206427777 × 10^288 |
| 87 | ov_087 | 2.927850286729296 × 10^288 |
| 86 | ov_086 | 4.243786908239535 × 10^288 |
| 85 | ov_085 | 6.049561432707605 × 10^288 |
| 84 | ov_084 | 8.480678663070594 × 10^288 |
| 83 | ov_083 | 1.1685148480431357 × 10^289 |
| 82 | ov_082 | 1.5823552856760102 × 10^289 |
| 81 | ov_081 | 2.106913088894123 × 10^289 |
| 80 | ov_080 | 2.7607884087368947 × 10^289 |
| 64 | lv_79_m31 | 2.858689543102541 × 10^289 |
| 79 | ov_079 | 3.563870415517123 × 10^289 |
| 78 | ov_078 | 4.537352549850351 × 10^289 |
| 77 | ov_077 | 5.703750471468637 × 10^289 |
| 76 | ov_076 | 7.086922931385523 × 10^289 |
| 75 | ov_075 | 8.712095794202067 × 10^289 |
| 74 | ov_074 | 1.0605889439009594 × 10^290 |
| 73 | ov_073 | 1.2796349769595392 × 10^290 |
| 63 | ov_063 | 1.466805635762528 × 10^290 |
| 72 | ov_072 | 1.5312983067660833 × 10^290 |
| 71 | ov_071 | 1.8171672611942227 × 10^290 |
| 70 | ov_070 | 2.140497079377128 × 10^290 |
| 69 | ov_069 | 2.504703376851711 × 10^290 |
| 68 | ov_068 | 2.9133694829548385 × 10^290 |
| 67 | ov_067 | 3.370255876069786 × 10^290 |
| 66 | ov_066 | 3.370257984085674 × 10^290 |
| 65 | ov_065 | 3.3702669284101017 × 10^290 |
| 62 | ov_062 | 7.524748115659063 × 10^290 |
| 61 | ov_061 | 2.7428041365407548 × 10^291 |
| 60 | ov_060 | 7.851613965566617 × 10^291 |
| 59 | ov_059 | 1.894604725171641 × 10^292 |
| 58 | ov_058 | 3.8454446655843774 × 10^292 |
| 57 | ov_057 | 6.948357231111766 × 10^292 |
| 56 | ov_056 | 1.1581862782765229 × 10^293 |
| 55 | ov_055 | 1.8192333263555748 × 10^293 |
| 54 | ov_054 | 2.729400818994581 × 10^293 |
| 53 | ov_053 | 3.946902550107432 × 10^293 |
| 52 | ov_052 | 5.536747579037199 × 10^293 |
| 51 | ov_051 | 7.635758150834661 × 10^293 |
| 50 | ov_050 | 1.0394378408632983 × 10^294 |
| 49 | ov_049 | 1.3976708062605275 × 10^294 |
| 48 | ov_048 | 1.8560550656607997 × 10^294 |
| 47 | ov_047 | 2.424514609356463 × 10^294 |
| 32 | lv_80_m31 | 2.9048526683935956 × 10^294 |
| 46 | ov_046 | 3.123593316039381 × 10^294 |
| 45 | ov_045 | 3.975234219364377 × 10^294 |
| 44 | ov_044 | 5.0027967393410154 × 10^294 |
| 43 | ov_043 | 6.231079533622149 × 10^294 |
| 42 | ov_042 | 7.686350203216315 × 10^294 |
| 41 | ov_041 | 9.396383188122318 × 10^294 |
| 40 | ov_040 | 1.137623806823337 × 10^295 |
| 39 | ov_039 | 1.3641797117074467 × 10^295 |
| 31 | ov_031 | 1.489737876749702 × 10^295 |
| 38 | ov_038 | 1.6209804466775094 × 10^295 |
| 37 | ov_037 | 1.911465713537936 × 10^295 |
| 36 | ov_036 | 2.239262522850961 × 10^295 |
| 35 | ov_035 | 2.6081972793548995 × 10^295 |
| 34 | ov_034 | 3.02230991273148 × 10^295 |
| 33 | ov_033 | 3.4837950255457354 × 10^295 |
| 30 | ov_030 | 7.639073501412301 × 10^295 |
| 29 | ov_029 | 2.4993629880075283 × 10^296 |
| 28 | ov_028 | 6.4880264571980235 × 10^296 |
| 27 | ov_027 | 1.4503464069063023 × 10^297 |
| 26 | ov_026 | 2.9006272957416374 × 10^297 |
| 25 | ov_025 | 5.314408978964316 × 10^297 |
| 24 | ov_024 | 9.075162397567524 × 10^297 |
| 23 | ov_023 | 1.4635075463426355 × 10^298 |
| 22 | ov_022 | 2.2967264275557486 × 10^298 |
| 21 | ov_021 | 3.518237229241066 × 10^298 |
| 20 | ov_020 | 5.252869828503381 × 10^298 |
| 19 | ov_019 | 7.639240538843119 × 10^298 |
| 18 | ov_018 | 1.0829783881995665 × 10^299 |
| 17 | ov_017 | 1.4990798526170094 × 10^299 |
| 16 | ov_016 | 2.0302511233293343 × 10^299 |
| 15 | ov_015 | 2.695916320097829 × 10^299 |
| 14 | ov_014 | 3.516912437849671 × 10^299 |
| 13 | ov_013 | 4.515504389841947 × 10^299 |
| 12 | ov_012 | 5.715404753315715 × 10^299 |
| 11 | ov_011 | 7.141799475913911 × 10^299 |
| 10 | ov_010 | 8.821380818274384 × 10^299 |
| 9 | ov_009 | 1.0782388733485444 × 10^300 |
| 8 | ov_008 | 1.3054661994693543 × 10^300 |
| 7 | ov_007 | 1.5669700678325276 × 10^300 |
| 6 | ov_006 | 1.866074181544454 × 10^300 |
| 5 | ov_005 | 2.2062850138115138 × 10^300 |
| 4 | ov_004 | 2.5913025964114666 × 10^300 |
| 3 | ov_003 | 3.025033223986445 × 10^300 |
| 2 | ov_002 | 3.511604244811982 × 10^300 |
| 1 | ov_001 | 4.055381075389017 × 10^300 |

