# Results for F001-F002-F003-F004-F005-F006-F007-F008-F009-F010-F011-F012-F013-F014-F015-F016-F017-F018-F019-F020-F021-F022-F023-F024-F025-F026-F027-F028-F029-F030-F031-F032-F033-F034-F035-F036-F037-F038-F039-F040-F041-F042-F043-F044-F045-F046-F047-F048-F049-F050-F051-F052-F053-F054-F055-F056-F057-F058-F059-F060-F061-F062-F063-F064-F065-F066-F067-F068-F069-F070-F071-F072-F073-F074-F075-F076-F077-F078-F079-F080-F081-F082-F083-F084-F085-F086-F087-F088-F089-F090-F091-F092-F093-F094-F095-F096-F097-F098-F099-F100-F101-F102-F103-F104-F105-F106-F107-F108-F109-F110-F111-F112-F113-F114-F115-F116-F117-F118-F119-F120-F121-F122-F123-F124-F125-F126-F127-F128-F129-F130-F131-F132-F133-F134-F135-F136-F137-F138-F139-F140-F141-F142-F143-F144-F145-F146-F147-F148-F149-F150-F151-F152-F153-F154-F155-F156-F157-F158-F159-F160-F161-F162-F163-F164-F165-F166-F167-F168-F169-F170-F171-F172-F173-F174-F175-F176-F177-F178-F179-F180-F181-F182-F183-F184-F185-F186-F187-F188-F189-F190-F191-F192-F193-F194-F195-F196-F197-F198-F199-F200-F201-F202-F203-F204-F205-F206-F207-F208-F209-F210-F211-F212-F213-F214-F215-F216-F217-F218-F219-F220-F221-F222-F223-F224-F225-F226-F227-F228-F229-F230-F231-F232-F233-F234-F235-F236-F237-F238-F239-F240-F241-F242-F243-F244-F245-F246-F247-F248-F249-F250-F251-F252-F253-F254-F255-F256-F257-F258-F259-F260-F261-F262-F263-F264-F265-F266-F267-F268-F269-F270-F271-F272-F273-F274-F275-F276-F277-F278-F279-F280-F281-F282-F283-F284-F285-F286-F287-F288-F289-F290-F291-F292-F293-F294-F295-F296-F297-F298-F299-F300-F301-F302-F303-F304-F305-F306-F307-F308-F309-F310-F311-F312-F313-F314-F315-F316-F317-F318-F319-F320-F321-F322-F323-F324-F325-F326-F327-F328-F329-F330-F331-F332-F333-F334-F335-F336-F337-F338-F339-F340-F341-F342-F343-F344-F345-F346-F347-F348-F349-F350-F351-F352-F353-F354-F355-F356-F357-F358-F359-F360-F361-F362-F363-F364-F365-F366-F367-F368-F369-F370-F371-F372-F373-F374-F375-F376-F377-F378-F379-F380-F381-F382-F383-F384-F385-F386-F387-F388-F389-F390-F391-F392-F393-F394-F395-F396-F397-F398-F399-F400-F401-F402-F403-F404-F405-F406-F407-F408-F409-F410-F411-F412-F413-F414-F415-F416-F417-F418-F419-F420-F421-F422-F423-F424-F425-F426-F427-F428-F429-F430-F431-F432-F433-F434-F435-F436-F437-F438-F439-F440-F441-F442-F443-F444-F445-F446-F447-F448-F449-F450-F451-F452-F453-F454-F455-F456-F457-F458-F459-F460-F461-F462-F463-F464-F465-F466-F467-F468-F469-F470-F471-F472-F473-F474-F475-F476-F477-F478-F479-F480-F481-F482-F483-F484-F485-F486-F487-F488-F489-F490-F491-F492-F493-F494-F495-F496-O500501-O500505-F508-F509-F510-F511-F512

## Summary

Number of input bits: 512  
Number of free input bits: 9  
Number of output bits: 160

Number of direct occurrences: 36527  
Number of assignments: 30867  
Number of operations: 10900340
(xor: 10872324,
and: 14811,
or: 13205)

Total complexity: 6.3118212777291 × 10^298

Least occurring input variable: iv_504 (3859)  
Most occurring input variable: iv_500 (4467)

Most co-occurring input variables: iv_500-iv_506 (2095)  
Least co-occurring input variables: iv_502-iv_504 (1792)

Potentially most occurring input variable: iv_497/iv_507 (4550)  
Potentially least occurring input variable: iv_499/iv_504 (4118)

Least output occurring input variable: iv_504 (64)  
Most output occurring input variable: iv_502 (89)

Most output co-occurring input variables: iv_500-iv_507 (48)  
Least output co-occurring input variables: iv_497-iv_504 (32)

Potentially most output occurring input variable: iv_499/iv_502 (94)  
Potentially least output occurring input variable: iv_499/iv_504 (69)

Least complex input bit: iv_497 (2.4950008666396586 × 10^296)  
Most complex input bit: iv_500 (2.363624421179536 × 10^298)

Least complex output bit: aaa_76_29 (4.277682654094332 × 10^273)  
Most complex output bit: ov_001 (1.0184751948598045 × 10^298)

Least complex input/output complexity: iv_497/aaa_76_29 (1.6909258769466782 × 10^271)  
Most complex input/output complexity: iv_500/ov_001 (3.813943293087549 × 10^297)

## Input Bits

### Input Bits in Regular Order

| Input Bit | Complexity | Occurrences | Output Occurrences |
|:---------:|:----------:|:-----------:|:------------------:|
| iv_497 | 2.4950008666396586 × 10^296 | 4114 | 78 |
| iv_498 | 3.489064545848645 × 10^296 | 3949 | 83 |
| iv_499 | 5.850566655341407 × 10^296 | 3929 | 77 |
| iv_500 | 2.363624421179536 × 10^298 | 4467 | 84 |
| iv_502 | 5.154117043601188 × 10^297 | 3939 | 89 |
| iv_503 | 9.155597102255798 × 10^297 | 4022 | 82 |
| iv_504 | 1.521838154707146 × 10^298 | 3859 | 64 |
| iv_506 | 4.036266266608223 × 10^297 | 4088 | 80 |
| iv_507 | 4.734143399176068 × 10^297 | 4160 | 87 |

### Input Bits Sorted by Complexity

| Input Bit | Complexity | Occurrences | Output Occurrences |
|:---------:|:----------:|:-----------:|:------------------:|
| iv_497 | 2.4950008666396586 × 10^296 | 4114 | 78 |
| iv_498 | 3.489064545848645 × 10^296 | 3949 | 83 |
| iv_499 | 5.850566655341407 × 10^296 | 3929 | 77 |
| iv_506 | 4.036266266608223 × 10^297 | 4088 | 80 |
| iv_507 | 4.734143399176068 × 10^297 | 4160 | 87 |
| iv_502 | 5.154117043601188 × 10^297 | 3939 | 89 |
| iv_503 | 9.155597102255798 × 10^297 | 4022 | 82 |
| iv_504 | 1.521838154707146 × 10^298 | 3859 | 64 |
| iv_500 | 2.363624421179536 × 10^298 | 4467 | 84 |

### Input Bits Sorted by Occurrences

| Input Bit | Complexity | Occurrences | Output Occurrences |
|:---------:|:----------:|:-----------:|:------------------:|
| iv_504 | 1.521838154707146 × 10^298 | 3859 | 64 |
| iv_499 | 5.850566655341407 × 10^296 | 3929 | 77 |
| iv_502 | 5.154117043601188 × 10^297 | 3939 | 89 |
| iv_498 | 3.489064545848645 × 10^296 | 3949 | 83 |
| iv_503 | 9.155597102255798 × 10^297 | 4022 | 82 |
| iv_506 | 4.036266266608223 × 10^297 | 4088 | 80 |
| iv_497 | 2.4950008666396586 × 10^296 | 4114 | 78 |
| iv_507 | 4.734143399176068 × 10^297 | 4160 | 87 |
| iv_500 | 2.363624421179536 × 10^298 | 4467 | 84 |

### Input Bits Sorted by Output Occurrences

| Input Bit | Complexity | Occurrences | Output Occurrences |
|:---------:|:----------:|:-----------:|:------------------:|
| iv_504 | 1.521838154707146 × 10^298 | 3859 | 64 |
| iv_499 | 5.850566655341407 × 10^296 | 3929 | 77 |
| iv_497 | 2.4950008666396586 × 10^296 | 4114 | 78 |
| iv_506 | 4.036266266608223 × 10^297 | 4088 | 80 |
| iv_503 | 9.155597102255798 × 10^297 | 4022 | 82 |
| iv_498 | 3.489064545848645 × 10^296 | 3949 | 83 |
| iv_500 | 2.363624421179536 × 10^298 | 4467 | 84 |
| iv_507 | 4.734143399176068 × 10^297 | 4160 | 87 |
| iv_502 | 5.154117043601188 × 10^297 | 3939 | 89 |

## Input Bit Co-occurrences

### Input Bit Co-occurrences Sorted by Co-occurrences

| Input Bits | Co-occurrences | Potential Occurrences | Output Co-occurrences | Potential Output Occurrences |
|:----------:|:--------------:|:---------------------:|:---------------------:|:----------------------------:|
| iv_500-iv_506 | 2095 | 4365 | 47 | 70 |
| iv_497-iv_500 | 2057 | 4467 | 38 | 86 |
| iv_500-iv_507 | 2052 | 4523 | 48 | 75 |
| iv_500-iv_502 | 2036 | 4334 | 46 | 81 |
| iv_499-iv_500 | 2030 | 4336 | 39 | 83 |
| iv_498-iv_500 | 1993 | 4430 | 41 | 85 |
| iv_500-iv_503 | 1989 | 4511 | 44 | 78 |
| iv_503-iv_507 | 1966 | 4250 | 44 | 81 |
| iv_500-iv_504 | 1963 | 4400 | 39 | 70 |

### Input Bit Co-occurrences Sorted by Potential Occurrences

| Input Bits | Co-occurrences | Potential Occurrences | Output Co-occurrences | Potential Output Occurrences |
|:----------:|:--------------:|:---------------------:|:---------------------:|:----------------------------:|
| iv_499-iv_504 | 1835 | 4118 | 36 | 69 |
| iv_504-iv_507 | 1938 | 4143 | 38 | 75 |
| iv_498-iv_504 | 1828 | 4152 | 33 | 81 |
| iv_498-iv_506 | 1942 | 4153 | 46 | 71 |
| iv_503-iv_504 | 1856 | 4169 | 33 | 80 |
| iv_502-iv_506 | 1927 | 4173 | 42 | 85 |
| iv_497-iv_499 | 1929 | 4185 | 39 | 77 |
| iv_504-iv_506 | 1872 | 4203 | 32 | 80 |
| iv_499-iv_507 | 1938 | 4213 | 43 | 78 |

### Input Bit Output Co-occurrences Sorted by Output Co-occurrences

| Input Bits | Co-occurrences | Potential Occurrences | Output Co-occurrences | Potential Output Occurrences |
|:----------:|:--------------:|:---------------------:|:---------------------:|:----------------------------:|
| iv_500-iv_507 | 2052 | 4523 | 48 | 75 |
| iv_500-iv_506 | 2095 | 4365 | 47 | 70 |
| iv_500-iv_502 | 2036 | 4334 | 46 | 81 |
| iv_502-iv_507 | 1927 | 4245 | 46 | 84 |
| iv_498-iv_506 | 1942 | 4153 | 46 | 71 |
| iv_497-iv_502 | 1901 | 4251 | 44 | 79 |
| iv_500-iv_503 | 1989 | 4511 | 44 | 78 |
| iv_502-iv_503 | 1821 | 4319 | 44 | 83 |
| iv_503-iv_507 | 1966 | 4250 | 44 | 81 |

### Input Bit Output Co-occurrences Sorted by Potential Output Occurrences

| Input Bits | Co-occurrences | Potential Occurrences | Output Co-occurrences | Potential Output Occurrences |
|:----------:|:--------------:|:---------------------:|:---------------------:|:----------------------------:|
| iv_499-iv_504 | 1835 | 4118 | 36 | 69 |
| iv_500-iv_504 | 1963 | 4400 | 39 | 70 |
| iv_500-iv_506 | 2095 | 4365 | 47 | 70 |
| iv_498-iv_506 | 1942 | 4153 | 46 | 71 |
| iv_499-iv_503 | 1852 | 4247 | 43 | 73 |
| iv_497-iv_498 | 1884 | 4295 | 43 | 75 |
| iv_500-iv_507 | 2052 | 4523 | 48 | 75 |
| iv_504-iv_507 | 1938 | 4143 | 38 | 75 |
| iv_497-iv_503 | 1925 | 4286 | 42 | 76 |

## Output Bits

### Output Bits in Regular Order

| Rank | Output Bit | Complexity |
|:----:|:----------:|:----------:|
| 1 | ov_001 | 1.0184751948598045 × 10^298 |
| 2 | ov_002 | 8.819357932352596 × 10^297 |
| 3 | ov_003 | 7.597551882253644 × 10^297 |
| 4 | ov_004 | 6.50838388370057 × 10^297 |
| 5 | ov_005 | 5.5415011052469 × 10^297 |
| 6 | ov_006 | 4.68710491530559 × 10^297 |
| 7 | ov_007 | 3.93591358557081 × 10^297 |
| 8 | ov_008 | 3.279130246968752 × 10^297 |
| 9 | ov_009 | 2.7084156829826973 × 10^297 |
| 10 | ov_010 | 2.2158654690385454 × 10^297 |
| 11 | ov_011 | 1.7939909609775193 × 10^297 |
| 12 | ov_012 | 1.4357036640176419 × 10^297 |
| 13 | ov_013 | 1.1343025414513214 × 10^297 |
| 14 | ov_014 | 8.834638497673322 × 10^296 |
| 15 | ov_015 | 6.7723311402241986 × 10^296 |
| 16 | ov_016 | 5.100188842001301 × 10^296 |
| 17 | ov_017 | 3.765879400432061 × 10^296 |
| 18 | ov_018 | 2.720616384765891 × 10^296 |
| 19 | ov_019 | 1.919131384332929 × 10^296 |
| 20 | ov_020 | 1.3196530517905686 × 10^296 |
| 21 | ov_021 | 8.838915852407883 × 10^295 |
| 22 | ov_022 | 5.77027583294374 × 10^295 |
| 23 | ov_023 | 3.677043392431416 × 10^295 |
| 24 | ov_024 | 2.2802277253512238 × 10^295 |
| 25 | ov_025 | 1.335383277564315 × 10^295 |
| 26 | ov_026 | 7.289207495793806 × 10^294 |
| 27 | ov_027 | 3.645121541217899 × 10^294 |
| 28 | ov_028 | 1.6308846991352945 × 10^294 |
| 29 | ov_029 | 6.283883875487871 × 10^293 |
| 30 | ov_030 | 1.9210355075006518 × 10^293 |
| 31 | ov_031 | 3.7472191021578133 × 10^292 |
| 32 | lv_80_m31 | 7.308459988730442 × 10^291 |
| 33 | ov_033 | 8.742591964751564 × 10^292 |
| 34 | ov_034 | 7.581787513463993 × 10^292 |
| 35 | ov_035 | 6.54351248739415 × 10^292 |
| 36 | ov_036 | 5.617374248554974 × 10^292 |
| 37 | ov_037 | 4.793539142097204 × 10^292 |
| 38 | ov_038 | 4.062693143169286 × 10^292 |
| 39 | ov_039 | 3.416007905293087 × 10^292 |
| 40 | ov_040 | 2.845111672793735 × 10^292 |
| 41 | ov_041 | 2.345929367224082 × 10^292 |
| 42 | ov_042 | 1.914596168328276 × 10^292 |
| 43 | ov_043 | 1.547447990906746 × 10^292 |
| 44 | ov_044 | 1.2377285682083385 × 10^292 |
| 45 | ov_045 | 9.790489546760155 × 10^291 |
| 46 | ov_046 | 7.65378112235892 × 10^291 |
| 47 | ov_047 | 5.910355266101537 × 10^291 |
| 48 | ov_048 | 4.5068552336146314 × 10^291 |
| 49 | ov_049 | 3.393329781992253 × 10^291 |
| 50 | ov_050 | 2.523201407834864 × 10^291 |
| 51 | ov_051 | 1.853243158747593 × 10^291 |
| 52 | ov_052 | 1.3435618163480787 × 10^291 |
| 53 | ov_053 | 9.57585820939824 × 10^290 |
| 54 | ov_054 | 6.620568339706605 × 10^290 |
| 55 | ov_055 | 4.411731355784817 × 10^290 |
| 56 | ov_056 | 2.8078567622467648 × 10^290 |
| 57 | ov_057 | 1.6839670863704434 × 10^290 |
| 58 | ov_058 | 9.315900669181789 × 10^289 |
| 59 | ov_059 | 4.587545874794026 × 10^289 |
| 60 | ov_060 | 1.8998882846167536 × 10^289 |
| 61 | ov_061 | 6.631959989187588 × 10^288 |
| 62 | ov_062 | 1.8180000666779618 × 10^288 |
| 63 | ov_063 | 3.5406559607669914 × 10^287 |
| 64 | lv_79_m31 | 6.893964596230338 × 10^286 |
| 65 | ov_065 | 8.17967400579392 × 10^287 |
| 66 | ov_066 | 8.179650863922925 × 10^287 |
| 67 | ov_067 | 8.179645373811036 × 10^287 |
| 68 | ov_068 | 7.063787326702539 × 10^287 |
| 69 | ov_069 | 6.0679057633121326 × 10^287 |
| 70 | ov_070 | 5.182809430735908 × 10^287 |
| 71 | ov_071 | 4.399739309118685 × 10^287 |
| 72 | ov_072 | 3.710342849266698 × 10^287 |
| 73 | ov_073 | 3.106653776744209 × 10^287 |
| 74 | ov_074 | 2.5810764727990466 × 10^287 |
| 75 | ov_075 | 2.1263739943171275 × 10^287 |
| 76 | ov_076 | 1.7356588449419673 × 10^287 |
| 77 | ov_077 | 1.4023856578696715 × 10^287 |
| 78 | ov_078 | 1.1203450827289671 × 10^287 |
| 79 | ov_079 | 8.83658463852817 × 10^286 |
| 80 | ov_080 | 6.867731747346011 × 10^286 |
| 81 | ov_081 | 5.244585642977985 × 10^286 |
| 82 | ov_082 | 3.9417933100295936 × 10^286 |
| 83 | ov_083 | 2.9133884069802352 × 10^286 |
| 84 | ov_084 | 2.1165350500189585 × 10^286 |
| 85 | ov_085 | 1.511507364233717 × 10^286 |
| 86 | ov_086 | 1.0616729685781008 × 10^286 |
| 87 | ov_087 | 7.334799608879729 × 10^285 |
| 88 | ov_088 | 4.964469695701079 × 10^285 |
| 89 | ov_089 | 3.2315583878852826 × 10^285 |
| 90 | ov_090 | 2.006625312720205 × 10^285 |
| 91 | ov_091 | 1.1755102983092035 × 10^285 |
| 92 | ov_092 | 6.393205160779366 × 10^284 |
| 93 | ov_093 | 3.144232494596475 × 10^284 |
| 94 | ov_094 | 1.3244233839076784 × 10^284 |
| 95 | aaa_78_28 | 4.025672675892743 × 10^283 |
| 96 | aaa_78_29 | 1.2059219370696343 × 10^283 |
| 97 | ov_097 | 6.280357966084376 × 10^282 |
| 98 | ov_098 | 6.280286320023757 × 10^282 |
| 99 | ov_099 | 6.280263420785383 × 10^282 |
| 100 | ov_100 | 5.160776696969664 × 10^282 |
| 101 | ov_101 | 4.209307757235709 × 10^282 |
| 102 | ov_102 | 3.40829738556844 × 10^282 |
| 103 | ov_103 | 2.741143853712309 × 10^282 |
| 104 | ov_104 | 2.192132664548928 × 10^282 |
| 105 | ov_105 | 1.74637568714335 × 10^282 |
| 106 | ov_106 | 1.389758807545835 × 10^282 |
| 107 | ov_107 | 1.1088972635323381 × 10^282 |
| 108 | ov_108 | 8.910978741599343 × 10^281 |
| 109 | ov_109 | 7.243274166160302 × 10^281 |
| 110 | ov_110 | 5.97186443615988 × 10^281 |
| 111 | ov_111 | 4.9888787477238036 × 10^281 |
| 112 | ov_112 | 4.1923973509810426 × 10^281 |
| 113 | ov_113 | 3.4863145325369914 × 10^281 |
| 114 | ov_114 | 2.8650050324003893 × 10^281 |
| 115 | ov_115 | 2.322905138595392 × 10^281 |
| 116 | ov_116 | 1.8544966690748557 × 10^281 |
| 117 | ov_117 | 1.4542948728119622 × 10^281 |
| 118 | ov_118 | 1.1168394923189876 × 10^281 |
| 119 | ov_119 | 8.366879104861066 × 10^280 |
| 120 | ov_120 | 6.084097702367194 × 10^280 |
| 121 | ov_121 | 4.265828723930728 × 10^280 |
| 122 | ov_122 | 2.8579015717295687 × 10^280 |
| 123 | ov_123 | 1.806175747483349 × 10^280 |
| 124 | ov_124 | 1.056526502964179 × 10^280 |
| 125 | ov_125 | 5.548359610433587 × 10^279 |
| 126 | ov_126 | 2.4698859257603542 × 10^279 |
| 127 | aaa_77_28 | 7.886948276848036 × 10^278 |
| 128 | aaa_77_29 | 2.9569766195042082 × 10^278 |
| 129 | ov_129 | 2.701318565013833 × 10^278 |
| 130 | ov_130 | 2.7013102481226085 × 10^278 |
| 131 | ov_131 | 2.7013082417734594 × 10^278 |
| 132 | ov_132 | 2.3376922654084524 × 10^278 |
| 133 | ov_133 | 2.012054115431997 × 10^278 |
| 134 | ov_134 | 1.7214109920426067 × 10^278 |
| 135 | ov_135 | 1.4629351533965763 × 10^278 |
| 136 | ov_136 | 1.2339427696383097 × 10^278 |
| 137 | ov_137 | 1.033126620576399 × 10^278 |
| 138 | ov_138 | 8.580637854331453 × 10^277 |
| 139 | ov_139 | 7.064511874772797 × 10^277 |
| 140 | ov_140 | 5.761001585877977 × 10^277 |
| 141 | ov_141 | 4.649320498550913 × 10^277 |
| 142 | ov_142 | 3.7097475169855476 × 10^277 |
| 143 | ov_143 | 2.9235999488210763 × 10^277 |
| 144 | ov_144 | 2.273213116663343 × 10^277 |
| 145 | ov_145 | 1.7419254416360055 × 10^277 |
| 146 | ov_146 | 1.3140679476978422 × 10^277 |
| 147 | ov_147 | 9.749572133845633 × 10^276 |
| 148 | ov_148 | 7.10890875438499 × 10^276 |
| 149 | ov_149 | 5.091448665039904 × 10^276 |
| 150 | ov_150 | 3.5797168327465596 × 10^276 |
| 151 | ov_151 | 2.46599195632329 × 10^276 |
| 152 | ov_152 | 1.652297654870213 × 10^276 |
| 153 | ov_153 | 1.050395999801017 × 10^276 |
| 154 | ov_154 | 6.186019657657672 × 10^275 |
| 155 | ov_155 | 3.200965775888443 × 10^275 |
| 156 | aaa_76_25 | 1.2292584321859694 × 10^275 |
| 157 | aaa_76_26 | 7.090667159100931 × 10^274 |
| 158 | aaa_76_27 | 3.6249362804805833 × 10^274 |
| 159 | aaa_76_28 | 1.4090087556808268 × 10^274 |
| 160 | aaa_76_29 | 4.277682654094332 × 10^273 |

### Output Bits Sorted by Complexity

| Rank | Output Bit | Complexity |
|:----:|:----------:|:----------:|
| 160 | aaa_76_29 | 4.277682654094332 × 10^273 |
| 159 | aaa_76_28 | 1.4090087556808268 × 10^274 |
| 158 | aaa_76_27 | 3.6249362804805833 × 10^274 |
| 157 | aaa_76_26 | 7.090667159100931 × 10^274 |
| 156 | aaa_76_25 | 1.2292584321859694 × 10^275 |
| 155 | ov_155 | 3.200965775888443 × 10^275 |
| 154 | ov_154 | 6.186019657657672 × 10^275 |
| 153 | ov_153 | 1.050395999801017 × 10^276 |
| 152 | ov_152 | 1.652297654870213 × 10^276 |
| 151 | ov_151 | 2.46599195632329 × 10^276 |
| 150 | ov_150 | 3.5797168327465596 × 10^276 |
| 149 | ov_149 | 5.091448665039904 × 10^276 |
| 148 | ov_148 | 7.10890875438499 × 10^276 |
| 147 | ov_147 | 9.749572133845633 × 10^276 |
| 146 | ov_146 | 1.3140679476978422 × 10^277 |
| 145 | ov_145 | 1.7419254416360055 × 10^277 |
| 144 | ov_144 | 2.273213116663343 × 10^277 |
| 143 | ov_143 | 2.9235999488210763 × 10^277 |
| 142 | ov_142 | 3.7097475169855476 × 10^277 |
| 141 | ov_141 | 4.649320498550913 × 10^277 |
| 140 | ov_140 | 5.761001585877977 × 10^277 |
| 139 | ov_139 | 7.064511874772797 × 10^277 |
| 138 | ov_138 | 8.580637854331453 × 10^277 |
| 137 | ov_137 | 1.033126620576399 × 10^278 |
| 136 | ov_136 | 1.2339427696383097 × 10^278 |
| 135 | ov_135 | 1.4629351533965763 × 10^278 |
| 134 | ov_134 | 1.7214109920426067 × 10^278 |
| 133 | ov_133 | 2.012054115431997 × 10^278 |
| 132 | ov_132 | 2.3376922654084524 × 10^278 |
| 131 | ov_131 | 2.7013082417734594 × 10^278 |
| 130 | ov_130 | 2.7013102481226085 × 10^278 |
| 129 | ov_129 | 2.701318565013833 × 10^278 |
| 128 | aaa_77_29 | 2.9569766195042082 × 10^278 |
| 127 | aaa_77_28 | 7.886948276848036 × 10^278 |
| 126 | ov_126 | 2.4698859257603542 × 10^279 |
| 125 | ov_125 | 5.548359610433587 × 10^279 |
| 124 | ov_124 | 1.056526502964179 × 10^280 |
| 123 | ov_123 | 1.806175747483349 × 10^280 |
| 122 | ov_122 | 2.8579015717295687 × 10^280 |
| 121 | ov_121 | 4.265828723930728 × 10^280 |
| 120 | ov_120 | 6.084097702367194 × 10^280 |
| 119 | ov_119 | 8.366879104861066 × 10^280 |
| 118 | ov_118 | 1.1168394923189876 × 10^281 |
| 117 | ov_117 | 1.4542948728119622 × 10^281 |
| 116 | ov_116 | 1.8544966690748557 × 10^281 |
| 115 | ov_115 | 2.322905138595392 × 10^281 |
| 114 | ov_114 | 2.8650050324003893 × 10^281 |
| 113 | ov_113 | 3.4863145325369914 × 10^281 |
| 112 | ov_112 | 4.1923973509810426 × 10^281 |
| 111 | ov_111 | 4.9888787477238036 × 10^281 |
| 110 | ov_110 | 5.97186443615988 × 10^281 |
| 109 | ov_109 | 7.243274166160302 × 10^281 |
| 108 | ov_108 | 8.910978741599343 × 10^281 |
| 107 | ov_107 | 1.1088972635323381 × 10^282 |
| 106 | ov_106 | 1.389758807545835 × 10^282 |
| 105 | ov_105 | 1.74637568714335 × 10^282 |
| 104 | ov_104 | 2.192132664548928 × 10^282 |
| 103 | ov_103 | 2.741143853712309 × 10^282 |
| 102 | ov_102 | 3.40829738556844 × 10^282 |
| 101 | ov_101 | 4.209307757235709 × 10^282 |
| 100 | ov_100 | 5.160776696969664 × 10^282 |
| 99 | ov_099 | 6.280263420785383 × 10^282 |
| 98 | ov_098 | 6.280286320023757 × 10^282 |
| 97 | ov_097 | 6.280357966084376 × 10^282 |
| 96 | aaa_78_29 | 1.2059219370696343 × 10^283 |
| 95 | aaa_78_28 | 4.025672675892743 × 10^283 |
| 94 | ov_094 | 1.3244233839076784 × 10^284 |
| 93 | ov_093 | 3.144232494596475 × 10^284 |
| 92 | ov_092 | 6.393205160779366 × 10^284 |
| 91 | ov_091 | 1.1755102983092035 × 10^285 |
| 90 | ov_090 | 2.006625312720205 × 10^285 |
| 89 | ov_089 | 3.2315583878852826 × 10^285 |
| 88 | ov_088 | 4.964469695701079 × 10^285 |
| 87 | ov_087 | 7.334799608879729 × 10^285 |
| 86 | ov_086 | 1.0616729685781008 × 10^286 |
| 85 | ov_085 | 1.511507364233717 × 10^286 |
| 84 | ov_084 | 2.1165350500189585 × 10^286 |
| 83 | ov_083 | 2.9133884069802352 × 10^286 |
| 82 | ov_082 | 3.9417933100295936 × 10^286 |
| 81 | ov_081 | 5.244585642977985 × 10^286 |
| 80 | ov_080 | 6.867731747346011 × 10^286 |
| 64 | lv_79_m31 | 6.893964596230338 × 10^286 |
| 79 | ov_079 | 8.83658463852817 × 10^286 |
| 78 | ov_078 | 1.1203450827289671 × 10^287 |
| 77 | ov_077 | 1.4023856578696715 × 10^287 |
| 76 | ov_076 | 1.7356588449419673 × 10^287 |
| 75 | ov_075 | 2.1263739943171275 × 10^287 |
| 74 | ov_074 | 2.5810764727990466 × 10^287 |
| 73 | ov_073 | 3.106653776744209 × 10^287 |
| 63 | ov_063 | 3.5406559607669914 × 10^287 |
| 72 | ov_072 | 3.710342849266698 × 10^287 |
| 71 | ov_071 | 4.399739309118685 × 10^287 |
| 70 | ov_070 | 5.182809430735908 × 10^287 |
| 69 | ov_069 | 6.0679057633121326 × 10^287 |
| 68 | ov_068 | 7.063787326702539 × 10^287 |
| 67 | ov_067 | 8.179645373811036 × 10^287 |
| 66 | ov_066 | 8.179650863922925 × 10^287 |
| 65 | ov_065 | 8.17967400579392 × 10^287 |
| 62 | ov_062 | 1.8180000666779618 × 10^288 |
| 61 | ov_061 | 6.631959989187588 × 10^288 |
| 60 | ov_060 | 1.8998882846167536 × 10^289 |
| 59 | ov_059 | 4.587545874794026 × 10^289 |
| 58 | ov_058 | 9.315900669181789 × 10^289 |
| 57 | ov_057 | 1.6839670863704434 × 10^290 |
| 56 | ov_056 | 2.8078567622467648 × 10^290 |
| 55 | ov_055 | 4.411731355784817 × 10^290 |
| 54 | ov_054 | 6.620568339706605 × 10^290 |
| 53 | ov_053 | 9.57585820939824 × 10^290 |
| 52 | ov_052 | 1.3435618163480787 × 10^291 |
| 51 | ov_051 | 1.853243158747593 × 10^291 |
| 50 | ov_050 | 2.523201407834864 × 10^291 |
| 49 | ov_049 | 3.393329781992253 × 10^291 |
| 48 | ov_048 | 4.5068552336146314 × 10^291 |
| 47 | ov_047 | 5.910355266101537 × 10^291 |
| 32 | lv_80_m31 | 7.308459988730442 × 10^291 |
| 46 | ov_046 | 7.65378112235892 × 10^291 |
| 45 | ov_045 | 9.790489546760155 × 10^291 |
| 44 | ov_044 | 1.2377285682083385 × 10^292 |
| 43 | ov_043 | 1.547447990906746 × 10^292 |
| 42 | ov_042 | 1.914596168328276 × 10^292 |
| 41 | ov_041 | 2.345929367224082 × 10^292 |
| 40 | ov_040 | 2.845111672793735 × 10^292 |
| 39 | ov_039 | 3.416007905293087 × 10^292 |
| 31 | ov_031 | 3.7472191021578133 × 10^292 |
| 38 | ov_038 | 4.062693143169286 × 10^292 |
| 37 | ov_037 | 4.793539142097204 × 10^292 |
| 36 | ov_036 | 5.617374248554974 × 10^292 |
| 35 | ov_035 | 6.54351248739415 × 10^292 |
| 34 | ov_034 | 7.581787513463993 × 10^292 |
| 33 | ov_033 | 8.742591964751564 × 10^292 |
| 30 | ov_030 | 1.9210355075006518 × 10^293 |
| 29 | ov_029 | 6.283883875487871 × 10^293 |
| 28 | ov_028 | 1.6308846991352945 × 10^294 |
| 27 | ov_027 | 3.645121541217899 × 10^294 |
| 26 | ov_026 | 7.289207495793806 × 10^294 |
| 25 | ov_025 | 1.335383277564315 × 10^295 |
| 24 | ov_024 | 2.2802277253512238 × 10^295 |
| 23 | ov_023 | 3.677043392431416 × 10^295 |
| 22 | ov_022 | 5.77027583294374 × 10^295 |
| 21 | ov_021 | 8.838915852407883 × 10^295 |
| 20 | ov_020 | 1.3196530517905686 × 10^296 |
| 19 | ov_019 | 1.919131384332929 × 10^296 |
| 18 | ov_018 | 2.720616384765891 × 10^296 |
| 17 | ov_017 | 3.765879400432061 × 10^296 |
| 16 | ov_016 | 5.100188842001301 × 10^296 |
| 15 | ov_015 | 6.7723311402241986 × 10^296 |
| 14 | ov_014 | 8.834638497673322 × 10^296 |
| 13 | ov_013 | 1.1343025414513214 × 10^297 |
| 12 | ov_012 | 1.4357036640176419 × 10^297 |
| 11 | ov_011 | 1.7939909609775193 × 10^297 |
| 10 | ov_010 | 2.2158654690385454 × 10^297 |
| 9 | ov_009 | 2.7084156829826973 × 10^297 |
| 8 | ov_008 | 3.279130246968752 × 10^297 |
| 7 | ov_007 | 3.93591358557081 × 10^297 |
| 6 | ov_006 | 4.68710491530559 × 10^297 |
| 5 | ov_005 | 5.5415011052469 × 10^297 |
| 4 | ov_004 | 6.50838388370057 × 10^297 |
| 3 | ov_003 | 7.597551882253644 × 10^297 |
| 2 | ov_002 | 8.819357932352596 × 10^297 |
| 1 | ov_001 | 1.0184751948598045 × 10^298 |

