# Results for F001-F002-F003-F004-F005-F006-F007-F008-F009-F010-F011-F012-F013-F014-F015-F016-F017-F018-F019-F020-F021-F022-F023-F024-F025-F026-F027-F028-F029-F030-F031-F032-F033-F034-F035-F036-F037-F038-F039-F040-F041-F042-F043-F044-F045-F046-F047-F048-F049-F050-F051-F052-F053-F054-F055-F056-F057-F058-F059-F060-F061-F062-F063-F064-F065-F066-F067-F068-F069-F070-F071-F072-F073-F074-F075-F076-F077-F078-F079-F080-F081-F082-F083-F084-F085-F086-F087-F088-F089-F090-F091-F092-F093-F094-F095-F096-F097-F098-F099-F100-F101-F102-F103-F104-F105-F106-F107-F108-F109-F110-F111-F112-F113-F114-F115-F116-F117-F118-F119-F120-F121-F122-F123-F124-F125-F126-F127-F128-F129-F130-F131-F132-F133-F134-F135-F136-F137-F138-F139-F140-F141-F142-F143-F144-F145-F146-F147-F148-F149-F150-F151-F152-F153-F154-F155-F156-F157-F158-F159-F160-F161-F162-F163-F164-F165-F166-F167-F168-F169-F170-F171-F172-F173-F174-F175-F176-F177-F178-F179-F180-F181-F182-F183-F184-F185-F186-F187-F188-F189-F190-F191-F192-F193-F194-F195-F196-F197-F198-F199-F200-F201-F202-F203-F204-F205-F206-F207-F208-F209-F210-F211-F212-F213-F214-F215-F216-F217-F218-F219-F220-F221-F222-F223-F224-F225-F226-F227-F228-F229-F230-F231-F232-F233-F234-F235-F236-F237-F238-F239-F240-F241-F242-F243-F244-F245-F246-F247-F248-F249-F250-F251-F252-F253-F254-F255-F256-F257-F258-F259-F260-F261-F262-F263-F264-F265-F266-F267-F268-F269-F270-F271-F272-F273-F274-F275-F276-F277-F278-F279-F280-F281-F282-F283-F284-F285-F286-F287-F288-F289-F290-F291-F292-F293-F294-F295-F296-F297-F298-F299-F300-F301-F302-F303-F304-F305-F306-F307-F308-F309-F310-F311-F312-F313-F314-F315-F316-F317-F318-F319-F320-F321-F322-F323-F324-F325-F326-F327-F328-F329-F330-F331-F332-F333-F334-F335-F336-F337-F338-F339-F340-F341-F342-F343-F344-F345-F346-F347-F348-F349-F350-F351-F352-F353-F354-F355-F356-F357-F358-F359-F360-F361-F362-F363-F364-F365-F366-F367-F368-F369-F370-F371-F372-F373-F374-F375-F376-F377-F378-F379-F380-F381-F382-F383-F384-F385-F386-F387-F388-F389-F390-F391-F392-F393-F394-F395-F396-F397-F398-F399-F400-F401-F402-F403-F404-F405-F406-F407-F408-F409-F410-F411-F412-F413-F414-F415-F416-F417-F418-F419-F420-F421-F422-F423-F424-F425-F426-F427-F428-F429-F430-F431-F432-F433-F434-F435-F436-F437-F438-F439-F440-F441-F442-F443-F444-F445-F446-F447-F448-F449-F450-F451-F452-F453-F454-F455-F456-F457-F458-F459-F460-F461-F462-F463-F464-F465-F466-F467-F468-F469-F470-F471-F472-F473-F474-F475-F476-F477-F478-F479-F480-F481-F482-F483-F484-F485-F486-F487-F488-F489-F490-F491-F492-F493-F494-F495-F496-F497-F498-F499-F500-E508509-F510-F512

## Summary

Number of input bits: 512  
Number of free input bits: 9  
Number of output bits: 160

Number of direct occurrences: 36650  
Number of assignments: 30856  
Number of operations: 10903286
(xor: 10874528,
and: 15643,
or: 13115)

Total complexity: 2.3429933964478 × 10^298

Least occurring input variable: iv_502 (3882)  
Most occurring input variable: iv_508 (4332)

Most co-occurring input variables: iv_501-iv_511 (2043)  
Least co-occurring input variables: iv_502-iv_504 (1790)

Potentially most occurring input variable: iv_508/iv_511 (4480)  
Potentially least occurring input variable: iv_504/iv_505 (3992)

Least output occurring input variable: iv_503 (72)  
Most output occurring input variable: iv_506 (93)

Most output co-occurring input variables: iv_502-iv_506 (51)  
Least output co-occurring input variables: iv_501-iv_505 (32)

Potentially most output occurring input variable: iv_506/iv_511 (93)  
Potentially least output occurring input variable: iv_501/iv_503 (63)

Least complex input bit: iv_511 (4.161229006471019 × 10^294)  
Most complex input bit: iv_505 (5.376225146818587 × 10^297)

Least complex output bit: aaa_76_29 (3.5184081201624325 × 10^273)  
Most complex output bit: ov_001 (3.730997558045318 × 10^297)

Least complex input/output complexity: iv_511/aaa_76_29 (6.24880204460673 × 10^269)  
Most complex input/output complexity: iv_505/ov_001 (8.561135052575406 × 10^296)

## Input Bits

### Input Bits in Regular Order

| Input Bit | Complexity | Occurrences | Output Occurrences |
|:---------:|:----------:|:-----------:|:------------------:|
| iv_501 | 6.721585476094655 × 10^296 | 4062 | 79 |
| iv_502 | 1.2257416713806358 × 10^297 | 3882 | 82 |
| iv_503 | 2.0935594388556048 × 10^297 | 4027 | 72 |
| iv_504 | 3.4143476837781725 × 10^297 | 3901 | 78 |
| iv_505 | 5.376225146818587 × 10^297 | 4063 | 72 |
| iv_506 | 2.8494101064387235 × 10^297 | 4062 | 93 |
| iv_507 | 3.890588835068348 × 10^297 | 4093 | 87 |
| iv_508 | 3.903741305522018 × 10^297 | 4332 | 79 |
| iv_511 | 4.161229006471019 × 10^294 | 4228 | 80 |

### Input Bits Sorted by Complexity

| Input Bit | Complexity | Occurrences | Output Occurrences |
|:---------:|:----------:|:-----------:|:------------------:|
| iv_511 | 4.161229006471019 × 10^294 | 4228 | 80 |
| iv_501 | 6.721585476094655 × 10^296 | 4062 | 79 |
| iv_502 | 1.2257416713806358 × 10^297 | 3882 | 82 |
| iv_503 | 2.0935594388556048 × 10^297 | 4027 | 72 |
| iv_506 | 2.8494101064387235 × 10^297 | 4062 | 93 |
| iv_504 | 3.4143476837781725 × 10^297 | 3901 | 78 |
| iv_507 | 3.890588835068348 × 10^297 | 4093 | 87 |
| iv_508 | 3.903741305522018 × 10^297 | 4332 | 79 |
| iv_505 | 5.376225146818587 × 10^297 | 4063 | 72 |

### Input Bits Sorted by Occurrences

| Input Bit | Complexity | Occurrences | Output Occurrences |
|:---------:|:----------:|:-----------:|:------------------:|
| iv_502 | 1.2257416713806358 × 10^297 | 3882 | 82 |
| iv_504 | 3.4143476837781725 × 10^297 | 3901 | 78 |
| iv_503 | 2.0935594388556048 × 10^297 | 4027 | 72 |
| iv_501 | 6.721585476094655 × 10^296 | 4062 | 79 |
| iv_506 | 2.8494101064387235 × 10^297 | 4062 | 93 |
| iv_505 | 5.376225146818587 × 10^297 | 4063 | 72 |
| iv_507 | 3.890588835068348 × 10^297 | 4093 | 87 |
| iv_511 | 4.161229006471019 × 10^294 | 4228 | 80 |
| iv_508 | 3.903741305522018 × 10^297 | 4332 | 79 |

### Input Bits Sorted by Output Occurrences

| Input Bit | Complexity | Occurrences | Output Occurrences |
|:---------:|:----------:|:-----------:|:------------------:|
| iv_503 | 2.0935594388556048 × 10^297 | 4027 | 72 |
| iv_505 | 5.376225146818587 × 10^297 | 4063 | 72 |
| iv_504 | 3.4143476837781725 × 10^297 | 3901 | 78 |
| iv_501 | 6.721585476094655 × 10^296 | 4062 | 79 |
| iv_508 | 3.903741305522018 × 10^297 | 4332 | 79 |
| iv_511 | 4.161229006471019 × 10^294 | 4228 | 80 |
| iv_502 | 1.2257416713806358 × 10^297 | 3882 | 82 |
| iv_507 | 3.890588835068348 × 10^297 | 4093 | 87 |
| iv_506 | 2.8494101064387235 × 10^297 | 4062 | 93 |

## Input Bit Co-occurrences

### Input Bit Co-occurrences Sorted by Co-occurrences

| Input Bits | Co-occurrences | Potential Occurrences | Output Co-occurrences | Potential Output Occurrences |
|:----------:|:--------------:|:---------------------:|:---------------------:|:----------------------------:|
| iv_501-iv_511 | 2043 | 4204 | 41 | 77 |
| iv_506-iv_508 | 2041 | 4312 | 48 | 76 |
| iv_508-iv_511 | 2040 | 4480 | 34 | 91 |
| iv_507-iv_511 | 2021 | 4279 | 45 | 77 |
| iv_506-iv_511 | 2014 | 4262 | 40 | 93 |
| iv_503-iv_511 | 2013 | 4229 | 35 | 82 |
| iv_507-iv_508 | 2002 | 4421 | 42 | 82 |
| iv_504-iv_505 | 1986 | 3992 | 39 | 72 |
| iv_505-iv_511 | 1980 | 4331 | 36 | 80 |

### Input Bit Co-occurrences Sorted by Potential Occurrences

| Input Bits | Co-occurrences | Potential Occurrences | Output Co-occurrences | Potential Output Occurrences |
|:----------:|:--------------:|:---------------------:|:---------------------:|:----------------------------:|
| iv_504-iv_505 | 1986 | 3992 | 39 | 72 |
| iv_502-iv_505 | 1911 | 4123 | 37 | 80 |
| iv_504-iv_506 | 1900 | 4163 | 45 | 81 |
| iv_503-iv_507 | 1975 | 4170 | 41 | 77 |
| iv_502-iv_506 | 1887 | 4170 | 51 | 73 |
| iv_502-iv_504 | 1790 | 4203 | 42 | 76 |
| iv_501-iv_511 | 2043 | 4204 | 41 | 77 |
| iv_501-iv_503 | 1941 | 4207 | 44 | 63 |
| iv_503-iv_511 | 2013 | 4229 | 35 | 82 |

### Input Bit Output Co-occurrences Sorted by Output Co-occurrences

| Input Bits | Co-occurrences | Potential Occurrences | Output Co-occurrences | Potential Output Occurrences |
|:----------:|:--------------:|:---------------------:|:---------------------:|:----------------------------:|
| iv_502-iv_506 | 1887 | 4170 | 51 | 73 |
| iv_506-iv_507 | 1937 | 4281 | 49 | 82 |
| iv_506-iv_508 | 2041 | 4312 | 48 | 76 |
| iv_501-iv_506 | 1899 | 4326 | 47 | 78 |
| iv_501-iv_508 | 1971 | 4452 | 45 | 68 |
| iv_502-iv_511 | 1905 | 4300 | 45 | 72 |
| iv_504-iv_506 | 1900 | 4163 | 45 | 81 |
| iv_507-iv_511 | 2021 | 4279 | 45 | 77 |
| iv_501-iv_503 | 1941 | 4207 | 44 | 63 |

### Input Bit Output Co-occurrences Sorted by Potential Output Occurrences

| Input Bits | Co-occurrences | Potential Occurrences | Output Co-occurrences | Potential Output Occurrences |
|:----------:|:--------------:|:---------------------:|:---------------------:|:----------------------------:|
| iv_501-iv_503 | 1941 | 4207 | 44 | 63 |
| iv_501-iv_508 | 1971 | 4452 | 45 | 68 |
| iv_502-iv_511 | 1905 | 4300 | 45 | 72 |
| iv_504-iv_505 | 1986 | 3992 | 39 | 72 |
| iv_502-iv_506 | 1887 | 4170 | 51 | 73 |
| iv_505-iv_507 | 1945 | 4266 | 42 | 75 |
| iv_502-iv_504 | 1790 | 4203 | 42 | 76 |
| iv_506-iv_508 | 2041 | 4312 | 48 | 76 |
| iv_501-iv_511 | 2043 | 4204 | 41 | 77 |

## Output Bits

### Output Bits in Regular Order

| Rank | Output Bit | Complexity |
|:----:|:----------:|:----------:|
| 1 | ov_001 | 3.730997558045318 × 10^297 |
| 2 | ov_002 | 3.240282059030936 × 10^297 |
| 3 | ov_003 | 2.7987001569216503 × 10^297 |
| 4 | ov_004 | 2.4042659108192818 × 10^297 |
| 5 | ov_005 | 2.053331331571245 × 10^297 |
| 6 | ov_006 | 1.7424466915099497 × 10^297 |
| 7 | ov_007 | 1.4683473596486336 × 10^297 |
| 8 | ov_008 | 1.2279423105065673 × 10^297 |
| 9 | ov_009 | 1.018304161231684 × 10^297 |
| 10 | ov_010 | 8.366606095305242 × 10^296 |
| 11 | ov_011 | 6.803871726614646 × 10^296 |
| 12 | ov_012 | 5.470011350730337 × 10^296 |
| 13 | ov_013 | 4.341565908424213 × 10^296 |
| 14 | ov_014 | 3.3964044731548304 × 10^296 |
| 15 | ov_015 | 2.61369256162479 × 10^296 |
| 16 | ov_016 | 1.973867473425808 × 10^296 |
| 17 | ov_017 | 1.4586195070423372 × 10^296 |
| 18 | ov_018 | 1.0508779915337321 × 10^296 |
| 19 | ov_019 | 7.348011650855293 × 10^295 |
| 20 | ov_020 | 4.957690233875543 × 10^295 |
| 21 | ov_021 | 3.2037839012930385 × 10^295 |
| 22 | ov_022 | 1.9643962882566055 × 10^295 |
| 23 | ov_023 | 1.1297453300867325 × 10^295 |
| 24 | ov_024 | 6.021502099625828 × 10^294 |
| 25 | ov_025 | 2.960237106185133 × 10^294 |
| 26 | ov_026 | 1.3786810543076538 × 10^294 |
| 27 | ov_027 | 6.627317853469523 × 10^293 |
| 28 | ov_028 | 3.191539494862262 × 10^293 |
| 29 | ov_029 | 1.3154601391227926 × 10^293 |
| 30 | ov_030 | 4.3542986267523506 × 10^292 |
| 31 | ov_031 | 1.0549890647329558 × 10^292 |
| 32 | lv_80_k31 | 2.5555129375006985 × 10^291 |
| 33 | ov_033 | 3.1124981874357964 × 10^292 |
| 34 | ov_034 | 2.7058487783471633 × 10^292 |
| 35 | ov_035 | 2.342148335882365 × 10^292 |
| 36 | ov_036 | 2.0178224539728378 × 10^292 |
| 37 | ov_037 | 1.7294872705565108 × 10^292 |
| 38 | ov_038 | 1.473935976783722 × 10^292 |
| 39 | ov_039 | 1.2481272128953929 × 10^292 |
| 40 | ov_040 | 1.0491751633322677 × 10^292 |
| 41 | ov_041 | 8.743411750798385 × 10^291 |
| 42 | ov_042 | 7.210267341030537 × 10^291 |
| 43 | ov_043 | 5.879668200685431 × 10^291 |
| 44 | ov_044 | 4.728267943211185 × 10^291 |
| 45 | ov_045 | 3.7447119322491035 × 10^291 |
| 46 | ov_046 | 2.9182655929829785 × 10^291 |
| 47 | ov_047 | 2.238801037504644 × 10^291 |
| 48 | ov_048 | 1.6878440881623513 × 10^291 |
| 49 | ov_049 | 1.2480924996964067 × 10^291 |
| 50 | ov_050 | 9.034064904656057 × 10^290 |
| 51 | ov_051 | 6.388022053460755 × 10^290 |
| 52 | ov_052 | 4.404473871058537 × 10^290 |
| 53 | ov_053 | 2.956586879956557 × 10^290 |
| 54 | ov_054 | 1.929001325726227 × 10^290 |
| 55 | ov_055 | 1.2178226938071228 × 10^290 |
| 56 | ov_056 | 7.306167180027218 × 10^289 |
| 57 | ov_057 | 4.2403084607944685 × 10^289 |
| 58 | ov_058 | 2.2854314905845103 × 10^289 |
| 59 | ov_059 | 1.1225629667311473 × 10^289 |
| 60 | ov_060 | 4.899988696926085 × 10^288 |
| 61 | ov_061 | 1.8330305875521233 × 10^288 |
| 62 | ov_062 | 5.530681946174067 × 10^287 |
| 63 | ov_063 | 1.221799640782001 × 10^287 |
| 64 | lv_79_m31 | 2.377658996046096 × 10^286 |
| 65 | ov_065 | 2.79201879926273 × 10^287 |
| 66 | ov_066 | 2.7920117794120263 × 10^287 |
| 67 | ov_067 | 2.792009504153797 × 10^287 |
| 68 | ov_068 | 2.402934522156601 × 10^287 |
| 69 | ov_069 | 2.056753436950376 × 10^287 |
| 70 | ov_070 | 1.749946384442799 × 10^287 |
| 71 | ov_071 | 1.4792103429309025 × 10^287 |
| 72 | ov_072 | 1.2414444430290344 × 10^287 |
| 73 | ov_073 | 1.0337365702910998 × 10^287 |
| 74 | ov_074 | 8.533511934269423 × 10^286 |
| 75 | ov_075 | 6.9771835344913995 × 10^286 |
| 76 | ov_076 | 5.644237510548051 × 10^286 |
| 77 | ov_077 | 4.511998711104389 × 10^286 |
| 78 | ov_078 | 3.559180843255491 × 10^286 |
| 79 | ov_079 | 2.7658166712754795 × 10^286 |
| 80 | ov_080 | 2.1131968143731544 × 10^286 |
| 81 | ov_081 | 1.583816565385474 × 10^286 |
| 82 | ov_082 | 1.1613301557693455 × 10^286 |
| 83 | ov_083 | 8.305118945367318 × 10^285 |
| 84 | ov_084 | 5.77223610217079 × 10^285 |
| 85 | ov_085 | 3.8838782578037574 × 10^285 |
| 86 | ov_086 | 2.519660969371592 × 10^285 |
| 87 | ov_087 | 1.569419445146519 × 10^285 |
| 88 | ov_088 | 9.330781178378435 × 10^284 |
| 89 | ov_089 | 5.205547772148311 × 10^284 |
| 90 | ov_090 | 2.8929665616009226 × 10^284 |
| 91 | ov_091 | 1.690304467406657 × 10^284 |
| 92 | ov_092 | 9.933910708199662 × 10^283 |
| 93 | ov_093 | 5.247581966078413 × 10^283 |
| 94 | ov_094 | 2.352371266501693 × 10^283 |
| 95 | aaa_78_28 | 7.566515999227251 × 10^282 |
| 96 | aaa_78_29 | 2.867230480531717 × 10^282 |
| 97 | ov_097 | 3.1243162050326707 × 10^282 |
| 98 | ov_098 | 3.1242229884795117 × 10^282 |
| 99 | ov_099 | 3.124193259521313 × 10^282 |
| 100 | ov_100 | 2.81230565418673 × 10^282 |
| 101 | ov_101 | 2.5232761654997147 × 10^282 |
| 102 | ov_102 | 2.2558677475414225 × 10^282 |
| 103 | ov_103 | 2.0089343238060768 × 10^282 |
| 104 | ov_104 | 1.7814085006106178 × 10^282 |
| 105 | ov_105 | 1.5722904323239513 × 10^282 |
| 106 | ov_106 | 1.380637777747265 × 10^282 |
| 107 | ov_107 | 1.205556689360819 × 10^282 |
| 108 | ov_108 | 1.0461937790961529 × 10^282 |
| 109 | ov_109 | 9.01729005853788 × 10^281 |
| 110 | ov_110 | 7.713694312168941 × 10^281 |
| 111 | ov_111 | 6.543437907578848 × 10^281 |
| 112 | ov_112 | 5.4989782904583 × 10^281 |
| 113 | ov_113 | 4.572903469812332 × 10^281 |
| 114 | ov_114 | 3.757899104481833 × 10^281 |
| 115 | ov_115 | 3.046721695169848 × 10^281 |
| 116 | ov_116 | 2.4321773758420046 × 10^281 |
| 117 | ov_117 | 1.9071057992891474 × 10^281 |
| 118 | ov_118 | 1.4643681330576517 × 10^281 |
| 119 | ov_119 | 1.0968381822435215 × 10^281 |
| 120 | ov_120 | 7.97396614019008 × 10^280 |
| 121 | ov_121 | 5.589279687876529 × 10^280 |
| 122 | ov_122 | 3.743192096950019 × 10^280 |
| 123 | ov_123 | 2.3645881427465844 × 10^280 |
| 124 | ov_124 | 1.3823611401684965 × 10^280 |
| 125 | ov_125 | 7.254086152008804 × 10^279 |
| 126 | ov_126 | 3.2262981895989084 × 10^279 |
| 127 | aaa_77_28 | 1.0292455301407828 × 10^279 |
| 128 | aaa_77_29 | 3.8531223293260875 × 10^278 |
| 129 | ov_129 | 3.492486450060637 × 10^278 |
| 130 | ov_130 | 3.4924779018510544 × 10^278 |
| 131 | ov_131 | 3.492475160783275 × 10^278 |
| 132 | ov_132 | 3.011751097906999 × 10^278 |
| 133 | ov_133 | 2.5826585572377376 × 10^278 |
| 134 | ov_134 | 2.201205558144195 × 10^278 |
| 135 | ov_135 | 1.863619190593601 × 10^278 |
| 136 | ov_136 | 1.566329608582828 × 10^278 |
| 137 | ov_137 | 1.3059561597743195 × 10^278 |
| 138 | ov_138 | 1.0792954644395494 × 10^278 |
| 139 | ov_139 | 8.833112540022327 × 10^277 |
| 140 | ov_140 | 7.151257894897297 × 10^277 |
| 141 | ov_141 | 5.720126899540354 × 10^277 |
| 142 | ov_142 | 4.51391010473676 × 10^277 |
| 143 | ov_143 | 3.508204187450318 × 10^277 |
| 144 | ov_144 | 2.67997328557313 × 10^277 |
| 145 | ov_145 | 2.0075185765288748 × 10^277 |
| 146 | ov_146 | 1.4704548662949192 × 10^277 |
| 147 | ov_147 | 1.049693046619175 × 10^277 |
| 148 | ov_148 | 7.274273692093102 × 10^276 |
| 149 | ov_149 | 4.8712657654661125 × 10^276 |
| 150 | ov_150 | 3.135280197730152 × 10^276 |
| 151 | ov_151 | 1.9263398484592914 × 10^276 |
| 152 | ov_152 | 1.1170953886909096 × 10^276 |
| 153 | ov_153 | 5.928132520304097 × 10^275 |
| 154 | ov_154 | 2.9927952653172908 × 10^275 |
| 155 | ov_155 | 1.4697514840322223 × 10^275 |
| 156 | aaa_76_25 | 5.898440367551053 × 10^274 |
| 157 | aaa_76_26 | 3.627878590357919 × 10^274 |
| 158 | aaa_76_27 | 1.987385789093302 × 10^274 |
| 159 | aaa_76_28 | 9.355395775969721 × 10^273 |
| 160 | aaa_76_29 | 3.5184081201624325 × 10^273 |

### Output Bits Sorted by Complexity

| Rank | Output Bit | Complexity |
|:----:|:----------:|:----------:|
| 160 | aaa_76_29 | 3.5184081201624325 × 10^273 |
| 159 | aaa_76_28 | 9.355395775969721 × 10^273 |
| 158 | aaa_76_27 | 1.987385789093302 × 10^274 |
| 157 | aaa_76_26 | 3.627878590357919 × 10^274 |
| 156 | aaa_76_25 | 5.898440367551053 × 10^274 |
| 155 | ov_155 | 1.4697514840322223 × 10^275 |
| 154 | ov_154 | 2.9927952653172908 × 10^275 |
| 153 | ov_153 | 5.928132520304097 × 10^275 |
| 152 | ov_152 | 1.1170953886909096 × 10^276 |
| 151 | ov_151 | 1.9263398484592914 × 10^276 |
| 150 | ov_150 | 3.135280197730152 × 10^276 |
| 149 | ov_149 | 4.8712657654661125 × 10^276 |
| 148 | ov_148 | 7.274273692093102 × 10^276 |
| 147 | ov_147 | 1.049693046619175 × 10^277 |
| 146 | ov_146 | 1.4704548662949192 × 10^277 |
| 145 | ov_145 | 2.0075185765288748 × 10^277 |
| 144 | ov_144 | 2.67997328557313 × 10^277 |
| 143 | ov_143 | 3.508204187450318 × 10^277 |
| 142 | ov_142 | 4.51391010473676 × 10^277 |
| 141 | ov_141 | 5.720126899540354 × 10^277 |
| 140 | ov_140 | 7.151257894897297 × 10^277 |
| 139 | ov_139 | 8.833112540022327 × 10^277 |
| 138 | ov_138 | 1.0792954644395494 × 10^278 |
| 137 | ov_137 | 1.3059561597743195 × 10^278 |
| 136 | ov_136 | 1.566329608582828 × 10^278 |
| 135 | ov_135 | 1.863619190593601 × 10^278 |
| 134 | ov_134 | 2.201205558144195 × 10^278 |
| 133 | ov_133 | 2.5826585572377376 × 10^278 |
| 132 | ov_132 | 3.011751097906999 × 10^278 |
| 131 | ov_131 | 3.492475160783275 × 10^278 |
| 130 | ov_130 | 3.4924779018510544 × 10^278 |
| 129 | ov_129 | 3.492486450060637 × 10^278 |
| 128 | aaa_77_29 | 3.8531223293260875 × 10^278 |
| 127 | aaa_77_28 | 1.0292455301407828 × 10^279 |
| 126 | ov_126 | 3.2262981895989084 × 10^279 |
| 125 | ov_125 | 7.254086152008804 × 10^279 |
| 124 | ov_124 | 1.3823611401684965 × 10^280 |
| 123 | ov_123 | 2.3645881427465844 × 10^280 |
| 122 | ov_122 | 3.743192096950019 × 10^280 |
| 121 | ov_121 | 5.589279687876529 × 10^280 |
| 120 | ov_120 | 7.97396614019008 × 10^280 |
| 119 | ov_119 | 1.0968381822435215 × 10^281 |
| 118 | ov_118 | 1.4643681330576517 × 10^281 |
| 117 | ov_117 | 1.9071057992891474 × 10^281 |
| 116 | ov_116 | 2.4321773758420046 × 10^281 |
| 115 | ov_115 | 3.046721695169848 × 10^281 |
| 114 | ov_114 | 3.757899104481833 × 10^281 |
| 113 | ov_113 | 4.572903469812332 × 10^281 |
| 112 | ov_112 | 5.4989782904583 × 10^281 |
| 111 | ov_111 | 6.543437907578848 × 10^281 |
| 110 | ov_110 | 7.713694312168941 × 10^281 |
| 109 | ov_109 | 9.01729005853788 × 10^281 |
| 108 | ov_108 | 1.0461937790961529 × 10^282 |
| 107 | ov_107 | 1.205556689360819 × 10^282 |
| 106 | ov_106 | 1.380637777747265 × 10^282 |
| 105 | ov_105 | 1.5722904323239513 × 10^282 |
| 104 | ov_104 | 1.7814085006106178 × 10^282 |
| 103 | ov_103 | 2.0089343238060768 × 10^282 |
| 102 | ov_102 | 2.2558677475414225 × 10^282 |
| 101 | ov_101 | 2.5232761654997147 × 10^282 |
| 100 | ov_100 | 2.81230565418673 × 10^282 |
| 96 | aaa_78_29 | 2.867230480531717 × 10^282 |
| 99 | ov_099 | 3.124193259521313 × 10^282 |
| 98 | ov_098 | 3.1242229884795117 × 10^282 |
| 97 | ov_097 | 3.1243162050326707 × 10^282 |
| 95 | aaa_78_28 | 7.566515999227251 × 10^282 |
| 94 | ov_094 | 2.352371266501693 × 10^283 |
| 93 | ov_093 | 5.247581966078413 × 10^283 |
| 92 | ov_092 | 9.933910708199662 × 10^283 |
| 91 | ov_091 | 1.690304467406657 × 10^284 |
| 90 | ov_090 | 2.8929665616009226 × 10^284 |
| 89 | ov_089 | 5.205547772148311 × 10^284 |
| 88 | ov_088 | 9.330781178378435 × 10^284 |
| 87 | ov_087 | 1.569419445146519 × 10^285 |
| 86 | ov_086 | 2.519660969371592 × 10^285 |
| 85 | ov_085 | 3.8838782578037574 × 10^285 |
| 84 | ov_084 | 5.77223610217079 × 10^285 |
| 83 | ov_083 | 8.305118945367318 × 10^285 |
| 82 | ov_082 | 1.1613301557693455 × 10^286 |
| 81 | ov_081 | 1.583816565385474 × 10^286 |
| 80 | ov_080 | 2.1131968143731544 × 10^286 |
| 64 | lv_79_m31 | 2.377658996046096 × 10^286 |
| 79 | ov_079 | 2.7658166712754795 × 10^286 |
| 78 | ov_078 | 3.559180843255491 × 10^286 |
| 77 | ov_077 | 4.511998711104389 × 10^286 |
| 76 | ov_076 | 5.644237510548051 × 10^286 |
| 75 | ov_075 | 6.9771835344913995 × 10^286 |
| 74 | ov_074 | 8.533511934269423 × 10^286 |
| 73 | ov_073 | 1.0337365702910998 × 10^287 |
| 63 | ov_063 | 1.221799640782001 × 10^287 |
| 72 | ov_072 | 1.2414444430290344 × 10^287 |
| 71 | ov_071 | 1.4792103429309025 × 10^287 |
| 70 | ov_070 | 1.749946384442799 × 10^287 |
| 69 | ov_069 | 2.056753436950376 × 10^287 |
| 68 | ov_068 | 2.402934522156601 × 10^287 |
| 67 | ov_067 | 2.792009504153797 × 10^287 |
| 66 | ov_066 | 2.7920117794120263 × 10^287 |
| 65 | ov_065 | 2.79201879926273 × 10^287 |
| 62 | ov_062 | 5.530681946174067 × 10^287 |
| 61 | ov_061 | 1.8330305875521233 × 10^288 |
| 60 | ov_060 | 4.899988696926085 × 10^288 |
| 59 | ov_059 | 1.1225629667311473 × 10^289 |
| 58 | ov_058 | 2.2854314905845103 × 10^289 |
| 57 | ov_057 | 4.2403084607944685 × 10^289 |
| 56 | ov_056 | 7.306167180027218 × 10^289 |
| 55 | ov_055 | 1.2178226938071228 × 10^290 |
| 54 | ov_054 | 1.929001325726227 × 10^290 |
| 53 | ov_053 | 2.956586879956557 × 10^290 |
| 52 | ov_052 | 4.404473871058537 × 10^290 |
| 51 | ov_051 | 6.388022053460755 × 10^290 |
| 50 | ov_050 | 9.034064904656057 × 10^290 |
| 49 | ov_049 | 1.2480924996964067 × 10^291 |
| 48 | ov_048 | 1.6878440881623513 × 10^291 |
| 47 | ov_047 | 2.238801037504644 × 10^291 |
| 32 | lv_80_k31 | 2.5555129375006985 × 10^291 |
| 46 | ov_046 | 2.9182655929829785 × 10^291 |
| 45 | ov_045 | 3.7447119322491035 × 10^291 |
| 44 | ov_044 | 4.728267943211185 × 10^291 |
| 43 | ov_043 | 5.879668200685431 × 10^291 |
| 42 | ov_042 | 7.210267341030537 × 10^291 |
| 41 | ov_041 | 8.743411750798385 × 10^291 |
| 40 | ov_040 | 1.0491751633322677 × 10^292 |
| 31 | ov_031 | 1.0549890647329558 × 10^292 |
| 39 | ov_039 | 1.2481272128953929 × 10^292 |
| 38 | ov_038 | 1.473935976783722 × 10^292 |
| 37 | ov_037 | 1.7294872705565108 × 10^292 |
| 36 | ov_036 | 2.0178224539728378 × 10^292 |
| 35 | ov_035 | 2.342148335882365 × 10^292 |
| 34 | ov_034 | 2.7058487783471633 × 10^292 |
| 33 | ov_033 | 3.1124981874357964 × 10^292 |
| 30 | ov_030 | 4.3542986267523506 × 10^292 |
| 29 | ov_029 | 1.3154601391227926 × 10^293 |
| 28 | ov_028 | 3.191539494862262 × 10^293 |
| 27 | ov_027 | 6.627317853469523 × 10^293 |
| 26 | ov_026 | 1.3786810543076538 × 10^294 |
| 25 | ov_025 | 2.960237106185133 × 10^294 |
| 24 | ov_024 | 6.021502099625828 × 10^294 |
| 23 | ov_023 | 1.1297453300867325 × 10^295 |
| 22 | ov_022 | 1.9643962882566055 × 10^295 |
| 21 | ov_021 | 3.2037839012930385 × 10^295 |
| 20 | ov_020 | 4.957690233875543 × 10^295 |
| 19 | ov_019 | 7.348011650855293 × 10^295 |
| 18 | ov_018 | 1.0508779915337321 × 10^296 |
| 17 | ov_017 | 1.4586195070423372 × 10^296 |
| 16 | ov_016 | 1.973867473425808 × 10^296 |
| 15 | ov_015 | 2.61369256162479 × 10^296 |
| 14 | ov_014 | 3.3964044731548304 × 10^296 |
| 13 | ov_013 | 4.341565908424213 × 10^296 |
| 12 | ov_012 | 5.470011350730337 × 10^296 |
| 11 | ov_011 | 6.803871726614646 × 10^296 |
| 10 | ov_010 | 8.366606095305242 × 10^296 |
| 9 | ov_009 | 1.018304161231684 × 10^297 |
| 8 | ov_008 | 1.2279423105065673 × 10^297 |
| 7 | ov_007 | 1.4683473596486336 × 10^297 |
| 6 | ov_006 | 1.7424466915099497 × 10^297 |
| 5 | ov_005 | 2.053331331571245 × 10^297 |
| 4 | ov_004 | 2.4042659108192818 × 10^297 |
| 3 | ov_003 | 2.7987001569216503 × 10^297 |
| 2 | ov_002 | 3.240282059030936 × 10^297 |
| 1 | ov_001 | 3.730997558045318 × 10^297 |

