# Results for F001-F002-F003-F004-F005-F006-F007-F008-F009-F010-F011-F012-F013-F014-F015-F016-F017-F018-F019-F020-F021-F022-F023-F024-F025-F026-F027-F028-F029-F030-F031-F032-F033-F034-F035-F036-F037-F038-F039-F040-F041-F042-F043-F044-F045-F046-F047-F048-F049-F050-F051-F052-F053-F054-F055-F056-F057-F058-F059-F060-F061-F062-F063-F064-F065-F066-F067-F068-F069-F070-F071-F072-F073-F074-F075-F076-F077-F078-F079-F080-F081-F082-F083-F084-F085-F086-F087-F088-F089-F090-F091-F092-F093-F094-F095-F096-F097-F098-F099-F100-F101-F102-F103-F104-F105-F106-F107-F108-F109-F110-F111-F112-F113-F114-F115-F116-F117-F118-F119-F120-F121-F122-F123-F124-F125-F126-F127-F128-F129-F130-F131-F132-F133-F134-F135-F136-F137-F138-F139-F140-F141-F142-F143-F144-F145-F146-F147-F148-F149-F150-F151-F152-F153-F154-F155-F156-F157-F158-F159-F160-F161-F162-F163-F164-F165-F166-F167-F168-F169-F170-F171-F172-F173-F174-F175-F176-F177-F178-F179-F180-F181-F182-F183-F184-F185-F186-F187-F188-F189-F190-F191-F192-F193-F194-F195-F196-F197-F198-F199-F200-F201-F202-F203-F204-F205-F206-F207-F208-F209-F210-F211-F212-F213-F214-F215-F216-F217-F218-F219-F220-F221-F222-F223-F224-F225-F226-F227-F228-F229-F230-F231-F232-F233-F234-F235-F236-F237-F238-F239-F240-F241-F242-F243-F244-F245-F246-F247-F248-F249-F250-F251-F252-F253-F254-F255-F256-F257-F258-F259-F260-F261-F262-F263-F264-F265-F266-F267-F268-F269-F270-F271-F272-F273-F274-F275-F276-F277-F278-F279-F280-F281-F282-F283-F284-F285-F286-F287-F288-F289-F290-F291-F292-F293-F294-F295-F296-F297-F298-F299-F300-F301-F302-F303-F304-F305-F306-F307-F308-F309-F310-F311-F312-F313-F314-F315-F316-F317-F318-F319-F320-F321-F322-F323-F324-F325-F326-F327-F328-F329-F330-F331-F332-F333-F334-F335-F336-F337-F338-F339-F340-F341-F342-F343-F344-F345-F346-F347-F348-F349-F350-F351-F352-F353-F354-F355-F356-F357-F358-F359-F360-F361-F362-F363-F364-F365-F366-F367-F368-F369-F370-F371-F372-F373-F374-F375-F376-F377-F378-F379-F380-F381-F382-F383-F384-F385-F386-F387-F388-F389-F390-F391-F392-F393-F394-F395-F396-F397-F398-F399-F400-F401-F402-F403-F404-F405-F406-F407-F408-F409-F410-F411-F412-F413-F414-F415-F416-F417-F418-F419-F420-F421-F422-F423-F424-F425-F426-F427-F428-F429-F430-F431-F432-F433-F434-F435-F436-F437-F438-F439-F440-F441-F442-F443-F444-F445-F446-F447-F448-F449-F450-F451-F452-F453-F454-F455-F456-F457-F458-F459-F460-F461-F462-F463-F464-F465-F466-F467-F468-F469-F470-F471-F472-F473-F474-F475-F476-F477-F478-F479-F480-F481-F482-F483-F484-F485-F486-F487-F488-F489-F490-F491-F492-F493-F494-F495-F496-E497507-E499505-E499508-F509-F510-F511-F512

## Summary

Number of input bits: 512  
Number of free input bits: 9  
Number of output bits: 160

Number of direct occurrences: 36097  
Number of assignments: 31034  
Number of operations: 10811295
(xor: 10783277,
and: 14734,
or: 13284)

Total complexity: 5.188367091495524 × 10^297

Least occurring input variable: iv_502 (3832)  
Most occurring input variable: iv_499 (4338)

Most co-occurring input variables: iv_497-iv_499 (2010)  
Least co-occurring input variables: iv_498-iv_502 (1737)

Potentially most occurring input variable: iv_499/iv_506 (4624)  
Potentially least occurring input variable: iv_504/iv_506 (4081)

Least output occurring input variable: iv_499 (68)  
Most output occurring input variable: iv_498 (88)

Most output co-occurring input variables: iv_497-iv_498 (49)  
Least output co-occurring input variables: iv_499-iv_504 (30)

Potentially most output occurring input variable: iv_497/iv_500 (89)  
Potentially least output occurring input variable: iv_499/iv_500 (70)

Least complex input bit: iv_498 (3.685371495050203 × 10^295)  
Most complex input bit: iv_499 (2.0557278332810396 × 10^297)

Least complex output bit: aaa_76_29 (1.1680647175266669 × 10^273)  
Most complex output bit: ov_001 (8.299239796796805 × 10^296)

Least complex input/output complexity: iv_498/aaa_76_29 (8.296931073752954 × 10^270)  
Most complex input/output complexity: iv_499/ov_001 (3.2883136340360893 × 10^296)

## Input Bits

### Input Bits in Regular Order

| Input Bit | Complexity | Occurrences | Output Occurrences |
|:---------:|:----------:|:-----------:|:------------------:|
| iv_497 | 7.942098698808928 × 10^296 | 4186 | 81 |
| iv_498 | 3.685371495050203 × 10^295 | 3886 | 88 |
| iv_499 | 2.0557278332810396 × 10^297 | 4338 | 68 |
| iv_500 | 1.095453964321276 × 10^296 | 4058 | 76 |
| iv_501 | 1.8031588260036738 × 10^296 | 4025 | 83 |
| iv_502 | 2.9068645848337384 × 10^296 | 3832 | 82 |
| iv_503 | 4.603778672610016 × 10^296 | 4001 | 75 |
| iv_504 | 7.150138191832477 × 10^296 | 3869 | 78 |
| iv_506 | 5.4563624942296316 × 10^296 | 3902 | 82 |

### Input Bits Sorted by Complexity

| Input Bit | Complexity | Occurrences | Output Occurrences |
|:---------:|:----------:|:-----------:|:------------------:|
| iv_498 | 3.685371495050203 × 10^295 | 3886 | 88 |
| iv_500 | 1.095453964321276 × 10^296 | 4058 | 76 |
| iv_501 | 1.8031588260036738 × 10^296 | 4025 | 83 |
| iv_502 | 2.9068645848337384 × 10^296 | 3832 | 82 |
| iv_503 | 4.603778672610016 × 10^296 | 4001 | 75 |
| iv_506 | 5.4563624942296316 × 10^296 | 3902 | 82 |
| iv_504 | 7.150138191832477 × 10^296 | 3869 | 78 |
| iv_497 | 7.942098698808928 × 10^296 | 4186 | 81 |
| iv_499 | 2.0557278332810396 × 10^297 | 4338 | 68 |

### Input Bits Sorted by Occurrences

| Input Bit | Complexity | Occurrences | Output Occurrences |
|:---------:|:----------:|:-----------:|:------------------:|
| iv_502 | 2.9068645848337384 × 10^296 | 3832 | 82 |
| iv_504 | 7.150138191832477 × 10^296 | 3869 | 78 |
| iv_498 | 3.685371495050203 × 10^295 | 3886 | 88 |
| iv_506 | 5.4563624942296316 × 10^296 | 3902 | 82 |
| iv_503 | 4.603778672610016 × 10^296 | 4001 | 75 |
| iv_501 | 1.8031588260036738 × 10^296 | 4025 | 83 |
| iv_500 | 1.095453964321276 × 10^296 | 4058 | 76 |
| iv_497 | 7.942098698808928 × 10^296 | 4186 | 81 |
| iv_499 | 2.0557278332810396 × 10^297 | 4338 | 68 |

### Input Bits Sorted by Output Occurrences

| Input Bit | Complexity | Occurrences | Output Occurrences |
|:---------:|:----------:|:-----------:|:------------------:|
| iv_499 | 2.0557278332810396 × 10^297 | 4338 | 68 |
| iv_503 | 4.603778672610016 × 10^296 | 4001 | 75 |
| iv_500 | 1.095453964321276 × 10^296 | 4058 | 76 |
| iv_504 | 7.150138191832477 × 10^296 | 3869 | 78 |
| iv_497 | 7.942098698808928 × 10^296 | 4186 | 81 |
| iv_502 | 2.9068645848337384 × 10^296 | 3832 | 82 |
| iv_506 | 5.4563624942296316 × 10^296 | 3902 | 82 |
| iv_501 | 1.8031588260036738 × 10^296 | 4025 | 83 |
| iv_498 | 3.685371495050203 × 10^295 | 3886 | 88 |

## Input Bit Co-occurrences

### Input Bit Co-occurrences Sorted by Co-occurrences

| Input Bits | Co-occurrences | Potential Occurrences | Output Co-occurrences | Potential Output Occurrences |
|:----------:|:--------------:|:---------------------:|:---------------------:|:----------------------------:|
| iv_497-iv_499 | 2010 | 4504 | 37 | 75 |
| iv_499-iv_500 | 1992 | 4412 | 37 | 70 |
| iv_500-iv_501 | 1942 | 4199 | 41 | 77 |
| iv_499-iv_503 | 1937 | 4465 | 32 | 79 |
| iv_497-iv_501 | 1919 | 4373 | 45 | 74 |
| iv_499-iv_501 | 1918 | 4527 | 35 | 81 |
| iv_500-iv_503 | 1918 | 4223 | 39 | 73 |
| iv_501-iv_503 | 1901 | 4224 | 39 | 80 |
| iv_500-iv_506 | 1895 | 4170 | 36 | 86 |

### Input Bit Co-occurrences Sorted by Potential Occurrences

| Input Bits | Co-occurrences | Potential Occurrences | Output Co-occurrences | Potential Output Occurrences |
|:----------:|:--------------:|:---------------------:|:---------------------:|:----------------------------:|
| iv_504-iv_506 | 1845 | 4081 | 42 | 76 |
| iv_498-iv_504 | 1813 | 4129 | 46 | 74 |
| iv_498-iv_506 | 1819 | 4150 | 41 | 88 |
| iv_502-iv_504 | 1771 | 4159 | 42 | 76 |
| iv_502-iv_506 | 1786 | 4162 | 44 | 76 |
| iv_500-iv_504 | 1880 | 4167 | 38 | 78 |
| iv_500-iv_506 | 1895 | 4170 | 36 | 86 |
| iv_503-iv_504 | 1842 | 4186 | 34 | 85 |
| iv_500-iv_502 | 1851 | 4188 | 37 | 84 |

### Input Bit Output Co-occurrences Sorted by Output Co-occurrences

| Input Bits | Co-occurrences | Potential Occurrences | Output Co-occurrences | Potential Output Occurrences |
|:----------:|:--------------:|:---------------------:|:---------------------:|:----------------------------:|
| iv_497-iv_498 | 1761 | 4550 | 49 | 71 |
| iv_498-iv_501 | 1843 | 4225 | 48 | 75 |
| iv_498-iv_502 | 1737 | 4244 | 46 | 78 |
| iv_498-iv_504 | 1813 | 4129 | 46 | 74 |
| iv_497-iv_501 | 1919 | 4373 | 45 | 74 |
| iv_501-iv_506 | 1835 | 4257 | 44 | 77 |
| iv_502-iv_506 | 1786 | 4162 | 44 | 76 |
| iv_498-iv_503 | 1828 | 4231 | 43 | 77 |
| iv_502-iv_504 | 1771 | 4159 | 42 | 76 |

### Input Bit Output Co-occurrences Sorted by Potential Output Occurrences

| Input Bits | Co-occurrences | Potential Occurrences | Output Co-occurrences | Potential Output Occurrences |
|:----------:|:--------------:|:---------------------:|:---------------------:|:----------------------------:|
| iv_499-iv_500 | 1992 | 4412 | 37 | 70 |
| iv_497-iv_498 | 1761 | 4550 | 49 | 71 |
| iv_500-iv_503 | 1918 | 4223 | 39 | 73 |
| iv_497-iv_501 | 1919 | 4373 | 45 | 74 |
| iv_498-iv_504 | 1813 | 4129 | 46 | 74 |
| iv_499-iv_506 | 1808 | 4624 | 38 | 74 |
| iv_499-iv_502 | 1805 | 4560 | 38 | 74 |
| iv_498-iv_501 | 1843 | 4225 | 48 | 75 |
| iv_497-iv_499 | 2010 | 4504 | 37 | 75 |

## Output Bits

### Output Bits in Regular Order

| Rank | Output Bit | Complexity |
|:----:|:----------:|:----------:|
| 1 | ov_001 | 8.299239796796805 × 10^296 |
| 2 | ov_002 | 7.197308908396476 × 10^296 |
| 3 | ov_003 | 6.210184237592169 × 10^296 |
| 4 | ov_004 | 5.329166702679059 × 10^296 |
| 5 | ov_005 | 4.546031534893184 × 10^296 |
| 6 | ov_006 | 3.852994458457578 × 10^296 |
| 7 | ov_007 | 3.242682237120709 × 10^296 |
| 8 | ov_008 | 2.7081073034647635 × 10^296 |
| 9 | ov_009 | 2.242646155057511 × 10^296 |
| 10 | ov_010 | 1.8400211435706258 × 10^296 |
| 11 | ov_011 | 1.4942852786891235 × 10^296 |
| 12 | ov_012 | 1.1998096902385116 × 10^296 |
| 13 | ov_013 | 9.512734131534102 × 10^295 |
| 14 | ov_014 | 7.436551807971122 × 10^295 |
| 15 | ov_015 | 5.722269327925486 × 10^295 |
| 16 | ov_016 | 4.32548764002999 × 10^295 |
| 17 | ov_017 | 3.204650616535863 × 10^295 |
| 18 | ov_018 | 2.3210159784811766 × 10^295 |
| 19 | ov_019 | 1.6386336493669573 × 10^295 |
| 20 | ov_020 | 1.1243297085591629 × 10^295 |
| 21 | ov_021 | 7.476945896255223 × 10^294 |
| 22 | ov_022 | 4.8107460494496797 × 10^294 |
| 23 | ov_023 | 2.995660861001351 × 10^294 |
| 24 | ov_024 | 1.8101153004157846 × 10^294 |
| 25 | ov_025 | 1.0599724146970112 × 10^294 |
| 26 | ov_026 | 5.785204172980364 × 10^293 |
| 27 | ov_027 | 2.8925863422197586 × 10^293 |
| 28 | ov_028 | 1.2939504683760909 × 10^293 |
| 29 | ov_029 | 4.984568170608377 × 10^292 |
| 30 | ov_030 | 1.5234450662907858 × 10^292 |
| 31 | ov_031 | 2.97069770388979 × 10^291 |
| 32 | lv_80_m31 | 5.791845572672081 × 10^290 |
| 33 | ov_033 | 6.939635978156934 × 10^291 |
| 34 | ov_034 | 6.017215066211693 × 10^291 |
| 35 | ov_035 | 5.1920477339264177 × 10^291 |
| 36 | ov_036 | 4.4562257865821454 × 10^291 |
| 37 | ov_037 | 3.802266311952294 × 10^291 |
| 38 | ov_038 | 3.2230817546363916 × 10^291 |
| 39 | ov_039 | 2.711954083896953 × 10^291 |
| 40 | ov_040 | 2.2625126530119072 × 10^291 |
| 41 | ov_041 | 1.8687153726817726 × 10^291 |
| 42 | ov_042 | 1.5276211799937805 × 10^291 |
| 43 | ov_043 | 1.2364417392369073 × 10^291 |
| 44 | ov_044 | 9.90035633034171 × 10^290 |
| 45 | ov_045 | 7.835410776235341 × 10^290 |
| 46 | ov_046 | 6.123687820755454 × 10^290 |
| 47 | ov_047 | 4.721963105746647 × 10^290 |
| 48 | ov_048 | 3.589637141266431 × 10^290 |
| 49 | ov_049 | 2.6887021609030086 × 10^290 |
| 50 | ov_050 | 1.9837175363448646 × 10^290 |
| 51 | ov_051 | 1.441791946636181 × 10^290 |
| 52 | ov_052 | 1.0325706700187564 × 10^290 |
| 53 | ov_053 | 7.282266073943744 × 10^289 |
| 54 | ov_054 | 5.034540162071708 × 10^289 |
| 55 | ov_055 | 3.3546427100959554 × 10^289 |
| 56 | ov_056 | 2.1349191757085462 × 10^289 |
| 57 | ov_057 | 1.280281705710562 × 10^289 |
| 58 | ov_058 | 7.082030470452664 × 10^288 |
| 59 | ov_059 | 3.487133127615339 × 10^288 |
| 60 | ov_060 | 1.443984812645681 × 10^288 |
| 61 | ov_061 | 5.039984299353253 × 10^287 |
| 62 | ov_062 | 1.3814796112570734 × 10^287 |
| 63 | ov_063 | 2.6903324753704136 × 10^286 |
| 64 | lv_79_m31 | 5.2380707993589123 × 10^285 |
| 65 | ov_065 | 6.2222056712469305 × 10^286 |
| 66 | ov_066 | 6.222185746382504 × 10^286 |
| 67 | ov_067 | 6.222180869685455 × 10^286 |
| 68 | ov_068 | 5.371531964725152 × 10^286 |
| 69 | ov_069 | 4.61345561227685 × 10^286 |
| 70 | ov_070 | 3.9404060293900873 × 10^286 |
| 71 | ov_071 | 3.345301875595256 × 10^286 |
| 72 | ov_072 | 2.8214947950207586 × 10^286 |
| 73 | ov_073 | 2.362740736395936 × 10^286 |
| 74 | ov_074 | 1.9631739048992898 × 10^286 |
| 75 | ov_075 | 1.6172832052889212 × 10^286 |
| 76 | ov_076 | 1.3198910402268753 × 10^286 |
| 77 | ov_077 | 1.0661343313129453 × 10^286 |
| 78 | ov_078 | 8.514476331997656 × 10^285 |
| 79 | ov_079 | 6.715482133844525 × 10^285 |
| 80 | ov_080 | 5.224229719688958 × 10^285 |
| 81 | ov_081 | 4.003170769488535 × 10^285 |
| 82 | ov_082 | 3.017241915205673 × 10^285 |
| 83 | ov_083 | 2.233781705627172 × 10^285 |
| 84 | ov_084 | 1.622461039284753 × 10^285 |
| 85 | ov_085 | 1.1552258451825257 × 10^285 |
| 86 | ov_086 | 8.062507933442435 × 10^284 |
| 87 | ov_087 | 5.519028187153956 × 10^284 |
| 88 | ov_088 | 3.707132429068614 × 10^284 |
| 89 | ov_089 | 2.433572788213363 × 10^284 |
| 90 | ov_090 | 1.5263970349823413 × 10^284 |
| 91 | ov_091 | 9.0493853155493 × 10^283 |
| 92 | ov_092 | 4.99113592915685 × 10^283 |
| 93 | ov_093 | 2.4940124810245053 × 10^283 |
| 94 | ov_094 | 1.0683329467168423 × 10^283 |
| 95 | aaa_78_28 | 3.2990238092108187 × 10^282 |
| 96 | aaa_78_29 | 1.0131991302371887 × 10^282 |
| 97 | ov_097 | 6.692054923622438 × 10^281 |
| 98 | ov_098 | 6.691854858673541 × 10^281 |
| 99 | ov_099 | 6.691790987266951 × 10^281 |
| 100 | ov_100 | 6.022210111660411 × 10^281 |
| 101 | ov_101 | 5.401960961867297 × 10^281 |
| 102 | ov_102 | 4.8283474240335906 × 10^281 |
| 103 | ov_103 | 4.2988700978484765 × 10^281 |
| 104 | ov_104 | 3.811200392463226 × 10^281 |
| 105 | ov_105 | 3.363157005882018 × 10^281 |
| 106 | ov_106 | 2.9526846663424196 × 10^281 |
| 107 | ov_107 | 2.5778350183334437 × 10^281 |
| 108 | ov_108 | 2.2367495391643946 × 10^281 |
| 109 | ov_109 | 1.9276443745262614 × 10^281 |
| 110 | ov_110 | 1.6487969833922783 × 10^281 |
| 111 | ov_111 | 1.3985344839940846 × 10^281 |
| 112 | ov_112 | 1.1752235935850845 × 10^281 |
| 113 | ov_113 | 9.77262055355788 × 10^280 |
| 114 | ov_114 | 8.030714462814246 × 10^280 |
| 115 | ov_115 | 6.510912599357399 × 10^280 |
| 116 | ov_116 | 5.197741584594838 × 10^280 |
| 117 | ov_117 | 4.0758228797190542 × 10^280 |
| 118 | ov_118 | 3.129845517823344 × 10^280 |
| 119 | ov_119 | 2.344546490753359 × 10^280 |
| 120 | ov_120 | 1.7046961323494472 × 10^280 |
| 121 | ov_121 | 1.1950869710690834 × 10^280 |
| 122 | ov_122 | 8.005255242969332 × 10^279 |
| 123 | ov_123 | 5.0582650668576805 × 10^279 |
| 124 | ov_124 | 2.958089248788387 × 10^279 |
| 125 | ov_125 | 1.5529365925581227 × 10^279 |
| 126 | ov_126 | 6.910223100334873 × 10^278 |
| 127 | aaa_77_28 | 2.205632911291811 × 10^278 |
| 128 | aaa_77_29 | 8.263445384316137 × 10^277 |
| 129 | ov_129 | 7.599588319013355 × 10^277 |
| 130 | ov_130 | 7.599565588303399 × 10^277 |
| 131 | ov_131 | 7.5995600984030285 × 10^277 |
| 132 | ov_132 | 6.5772364143199405 × 10^277 |
| 133 | ov_133 | 5.662624753515117 × 10^277 |
| 134 | ov_134 | 4.847570550920701 × 10^277 |
| 135 | ov_135 | 4.124349193880733 × 10^277 |
| 136 | ov_136 | 3.485635127939626 × 10^277 |
| 137 | ov_137 | 2.92447542492143 × 10^277 |
| 138 | ov_138 | 2.4342673757951847 × 10^277 |
| 139 | ov_139 | 2.0087396927910237 × 10^277 |
| 140 | ov_140 | 1.6419369266323051 × 10^277 |
| 141 | ov_141 | 1.3282067257225947 × 10^277 |
| 142 | ov_142 | 1.0621895847891013 × 10^277 |
| 143 | ov_143 | 8.388107509292556 × 10^276 |
| 144 | ov_144 | 6.532739753057417 × 10^276 |
| 145 | ov_145 | 5.010568189388902 × 10^276 |
| 146 | ov_146 | 3.7790724118777215 × 10^276 |
| 147 | ov_147 | 2.7984121961286045 × 10^276 |
| 148 | ov_148 | 2.031411699852562 × 10^276 |
| 149 | ov_149 | 1.44354955257518 × 10^276 |
| 150 | ov_150 | 1.0029529234460189 × 10^276 |
| 151 | ov_151 | 6.803939377898259 × 10^275 |
| 152 | ov_152 | 4.4928731593029525 × 10^275 |
| 153 | ov_153 | 2.8568869952201187 × 10^275 |
| 154 | ov_154 | 1.68293483410758 × 10^275 |
| 155 | ov_155 | 8.710918257826067 × 10^274 |
| 156 | aaa_76_25 | 3.3462673822602065 × 10^274 |
| 157 | aaa_76_26 | 1.9313678256184594 × 10^274 |
| 158 | aaa_76_27 | 9.88045283425031 × 10^273 |
| 159 | aaa_76_28 | 3.843935466517643 × 10^273 |
| 160 | aaa_76_29 | 1.1680647175266669 × 10^273 |

### Output Bits Sorted by Complexity

| Rank | Output Bit | Complexity |
|:----:|:----------:|:----------:|
| 160 | aaa_76_29 | 1.1680647175266669 × 10^273 |
| 159 | aaa_76_28 | 3.843935466517643 × 10^273 |
| 158 | aaa_76_27 | 9.88045283425031 × 10^273 |
| 157 | aaa_76_26 | 1.9313678256184594 × 10^274 |
| 156 | aaa_76_25 | 3.3462673822602065 × 10^274 |
| 155 | ov_155 | 8.710918257826067 × 10^274 |
| 154 | ov_154 | 1.68293483410758 × 10^275 |
| 153 | ov_153 | 2.8568869952201187 × 10^275 |
| 152 | ov_152 | 4.4928731593029525 × 10^275 |
| 151 | ov_151 | 6.803939377898259 × 10^275 |
| 150 | ov_150 | 1.0029529234460189 × 10^276 |
| 149 | ov_149 | 1.44354955257518 × 10^276 |
| 148 | ov_148 | 2.031411699852562 × 10^276 |
| 147 | ov_147 | 2.7984121961286045 × 10^276 |
| 146 | ov_146 | 3.7790724118777215 × 10^276 |
| 145 | ov_145 | 5.010568189388902 × 10^276 |
| 144 | ov_144 | 6.532739753057417 × 10^276 |
| 143 | ov_143 | 8.388107509292556 × 10^276 |
| 142 | ov_142 | 1.0621895847891013 × 10^277 |
| 141 | ov_141 | 1.3282067257225947 × 10^277 |
| 140 | ov_140 | 1.6419369266323051 × 10^277 |
| 139 | ov_139 | 2.0087396927910237 × 10^277 |
| 138 | ov_138 | 2.4342673757951847 × 10^277 |
| 137 | ov_137 | 2.92447542492143 × 10^277 |
| 136 | ov_136 | 3.485635127939626 × 10^277 |
| 135 | ov_135 | 4.124349193880733 × 10^277 |
| 134 | ov_134 | 4.847570550920701 × 10^277 |
| 133 | ov_133 | 5.662624753515117 × 10^277 |
| 132 | ov_132 | 6.5772364143199405 × 10^277 |
| 131 | ov_131 | 7.5995600984030285 × 10^277 |
| 130 | ov_130 | 7.599565588303399 × 10^277 |
| 129 | ov_129 | 7.599588319013355 × 10^277 |
| 128 | aaa_77_29 | 8.263445384316137 × 10^277 |
| 127 | aaa_77_28 | 2.205632911291811 × 10^278 |
| 126 | ov_126 | 6.910223100334873 × 10^278 |
| 125 | ov_125 | 1.5529365925581227 × 10^279 |
| 124 | ov_124 | 2.958089248788387 × 10^279 |
| 123 | ov_123 | 5.0582650668576805 × 10^279 |
| 122 | ov_122 | 8.005255242969332 × 10^279 |
| 121 | ov_121 | 1.1950869710690834 × 10^280 |
| 120 | ov_120 | 1.7046961323494472 × 10^280 |
| 119 | ov_119 | 2.344546490753359 × 10^280 |
| 118 | ov_118 | 3.129845517823344 × 10^280 |
| 117 | ov_117 | 4.0758228797190542 × 10^280 |
| 116 | ov_116 | 5.197741584594838 × 10^280 |
| 115 | ov_115 | 6.510912599357399 × 10^280 |
| 114 | ov_114 | 8.030714462814246 × 10^280 |
| 113 | ov_113 | 9.77262055355788 × 10^280 |
| 112 | ov_112 | 1.1752235935850845 × 10^281 |
| 111 | ov_111 | 1.3985344839940846 × 10^281 |
| 110 | ov_110 | 1.6487969833922783 × 10^281 |
| 109 | ov_109 | 1.9276443745262614 × 10^281 |
| 108 | ov_108 | 2.2367495391643946 × 10^281 |
| 107 | ov_107 | 2.5778350183334437 × 10^281 |
| 106 | ov_106 | 2.9526846663424196 × 10^281 |
| 105 | ov_105 | 3.363157005882018 × 10^281 |
| 104 | ov_104 | 3.811200392463226 × 10^281 |
| 103 | ov_103 | 4.2988700978484765 × 10^281 |
| 102 | ov_102 | 4.8283474240335906 × 10^281 |
| 101 | ov_101 | 5.401960961867297 × 10^281 |
| 100 | ov_100 | 6.022210111660411 × 10^281 |
| 99 | ov_099 | 6.691790987266951 × 10^281 |
| 98 | ov_098 | 6.691854858673541 × 10^281 |
| 97 | ov_097 | 6.692054923622438 × 10^281 |
| 96 | aaa_78_29 | 1.0131991302371887 × 10^282 |
| 95 | aaa_78_28 | 3.2990238092108187 × 10^282 |
| 94 | ov_094 | 1.0683329467168423 × 10^283 |
| 93 | ov_093 | 2.4940124810245053 × 10^283 |
| 92 | ov_092 | 4.99113592915685 × 10^283 |
| 91 | ov_091 | 9.0493853155493 × 10^283 |
| 90 | ov_090 | 1.5263970349823413 × 10^284 |
| 89 | ov_089 | 2.433572788213363 × 10^284 |
| 88 | ov_088 | 3.707132429068614 × 10^284 |
| 87 | ov_087 | 5.519028187153956 × 10^284 |
| 86 | ov_086 | 8.062507933442435 × 10^284 |
| 85 | ov_085 | 1.1552258451825257 × 10^285 |
| 84 | ov_084 | 1.622461039284753 × 10^285 |
| 83 | ov_083 | 2.233781705627172 × 10^285 |
| 82 | ov_082 | 3.017241915205673 × 10^285 |
| 81 | ov_081 | 4.003170769488535 × 10^285 |
| 80 | ov_080 | 5.224229719688958 × 10^285 |
| 64 | lv_79_m31 | 5.2380707993589123 × 10^285 |
| 79 | ov_079 | 6.715482133844525 × 10^285 |
| 78 | ov_078 | 8.514476331997656 × 10^285 |
| 77 | ov_077 | 1.0661343313129453 × 10^286 |
| 76 | ov_076 | 1.3198910402268753 × 10^286 |
| 75 | ov_075 | 1.6172832052889212 × 10^286 |
| 74 | ov_074 | 1.9631739048992898 × 10^286 |
| 73 | ov_073 | 2.362740736395936 × 10^286 |
| 63 | ov_063 | 2.6903324753704136 × 10^286 |
| 72 | ov_072 | 2.8214947950207586 × 10^286 |
| 71 | ov_071 | 3.345301875595256 × 10^286 |
| 70 | ov_070 | 3.9404060293900873 × 10^286 |
| 69 | ov_069 | 4.61345561227685 × 10^286 |
| 68 | ov_068 | 5.371531964725152 × 10^286 |
| 67 | ov_067 | 6.222180869685455 × 10^286 |
| 66 | ov_066 | 6.222185746382504 × 10^286 |
| 65 | ov_065 | 6.2222056712469305 × 10^286 |
| 62 | ov_062 | 1.3814796112570734 × 10^287 |
| 61 | ov_061 | 5.039984299353253 × 10^287 |
| 60 | ov_060 | 1.443984812645681 × 10^288 |
| 59 | ov_059 | 3.487133127615339 × 10^288 |
| 58 | ov_058 | 7.082030470452664 × 10^288 |
| 57 | ov_057 | 1.280281705710562 × 10^289 |
| 56 | ov_056 | 2.1349191757085462 × 10^289 |
| 55 | ov_055 | 3.3546427100959554 × 10^289 |
| 54 | ov_054 | 5.034540162071708 × 10^289 |
| 53 | ov_053 | 7.282266073943744 × 10^289 |
| 52 | ov_052 | 1.0325706700187564 × 10^290 |
| 51 | ov_051 | 1.441791946636181 × 10^290 |
| 50 | ov_050 | 1.9837175363448646 × 10^290 |
| 49 | ov_049 | 2.6887021609030086 × 10^290 |
| 48 | ov_048 | 3.589637141266431 × 10^290 |
| 47 | ov_047 | 4.721963105746647 × 10^290 |
| 32 | lv_80_m31 | 5.791845572672081 × 10^290 |
| 46 | ov_046 | 6.123687820755454 × 10^290 |
| 45 | ov_045 | 7.835410776235341 × 10^290 |
| 44 | ov_044 | 9.90035633034171 × 10^290 |
| 43 | ov_043 | 1.2364417392369073 × 10^291 |
| 42 | ov_042 | 1.5276211799937805 × 10^291 |
| 41 | ov_041 | 1.8687153726817726 × 10^291 |
| 40 | ov_040 | 2.2625126530119072 × 10^291 |
| 39 | ov_039 | 2.711954083896953 × 10^291 |
| 31 | ov_031 | 2.97069770388979 × 10^291 |
| 38 | ov_038 | 3.2230817546363916 × 10^291 |
| 37 | ov_037 | 3.802266311952294 × 10^291 |
| 36 | ov_036 | 4.4562257865821454 × 10^291 |
| 35 | ov_035 | 5.1920477339264177 × 10^291 |
| 34 | ov_034 | 6.017215066211693 × 10^291 |
| 33 | ov_033 | 6.939635978156934 × 10^291 |
| 30 | ov_030 | 1.5234450662907858 × 10^292 |
| 29 | ov_029 | 4.984568170608377 × 10^292 |
| 28 | ov_028 | 1.2939504683760909 × 10^293 |
| 27 | ov_027 | 2.8925863422197586 × 10^293 |
| 26 | ov_026 | 5.785204172980364 × 10^293 |
| 25 | ov_025 | 1.0599724146970112 × 10^294 |
| 24 | ov_024 | 1.8101153004157846 × 10^294 |
| 23 | ov_023 | 2.995660861001351 × 10^294 |
| 22 | ov_022 | 4.8107460494496797 × 10^294 |
| 21 | ov_021 | 7.476945896255223 × 10^294 |
| 20 | ov_020 | 1.1243297085591629 × 10^295 |
| 19 | ov_019 | 1.6386336493669573 × 10^295 |
| 18 | ov_018 | 2.3210159784811766 × 10^295 |
| 17 | ov_017 | 3.204650616535863 × 10^295 |
| 16 | ov_016 | 4.32548764002999 × 10^295 |
| 15 | ov_015 | 5.722269327925486 × 10^295 |
| 14 | ov_014 | 7.436551807971122 × 10^295 |
| 13 | ov_013 | 9.512734131534102 × 10^295 |
| 12 | ov_012 | 1.1998096902385116 × 10^296 |
| 11 | ov_011 | 1.4942852786891235 × 10^296 |
| 10 | ov_010 | 1.8400211435706258 × 10^296 |
| 9 | ov_009 | 2.242646155057511 × 10^296 |
| 8 | ov_008 | 2.7081073034647635 × 10^296 |
| 7 | ov_007 | 3.242682237120709 × 10^296 |
| 6 | ov_006 | 3.852994458457578 × 10^296 |
| 5 | ov_005 | 4.546031534893184 × 10^296 |
| 4 | ov_004 | 5.329166702679059 × 10^296 |
| 3 | ov_003 | 6.210184237592169 × 10^296 |
| 2 | ov_002 | 7.197308908396476 × 10^296 |
| 1 | ov_001 | 8.299239796796805 × 10^296 |

