# Results for F001-F002-F003-F004-F005-F006-F007-F008-F009-F010-F011-F012-F013-F014-F015-F016-F017-F018-F019-F020-F021-F022-F023-F024-F025-F026-F027-F028-F029-F030-F031-F032-F033-F034-F035-F036-F037-F038-F039-F040-F041-F042-F043-F044-F045-F046-F047-F048-F049-F050-F051-F052-F053-F054-F055-F056-F057-F058-F059-F060-F061-F062-F063-F064-F065-F066-F067-F068-F069-F070-F071-F072-F073-F074-F075-F076-F077-F078-F079-F080-F081-F082-F083-F084-F085-F086-F087-F088-F089-F090-F091-F092-F093-F094-F095-F096-F097-F098-F099-F100-F101-F102-F103-F104-F105-F106-F107-F108-F109-F110-F111-F112-F113-F114-F115-F116-F117-F118-F119-F120-F121-F122-F123-F124-F125-F126-F127-F128-F129-F130-F131-F132-F133-F134-F135-F136-F137-F138-F139-F140-F141-F142-F143-F144-F145-F146-F147-F148-F149-F150-F151-F152-F153-F154-F155-F156-F157-F158-F159-F160-F161-F162-F163-F164-F165-F166-F167-F168-F169-F170-F171-F172-F173-F174-F175-F176-F177-F178-F179-F180-F181-F182-F183-F184-F185-F186-F187-F188-F189-F190-F191-F192-F193-F194-F195-F196-F197-F198-F199-F200-F201-F202-F203-F204-F205-F206-F207-F208-F209-F210-F211-F212-F213-F214-F215-F216-F217-F218-F219-F220-F221-F222-F223-F224-F225-F226-F227-F228-F229-F230-F231-F232-F233-F234-F235-F236-F237-F238-F239-F240-F241-F242-F243-F244-F245-F246-F247-F248-F249-F250-F251-F252-F253-F254-F255-F256-F257-F258-F259-F260-F261-F262-F263-F264-F265-F266-F267-F268-F269-F270-F271-F272-F273-F274-F275-F276-F277-F278-F279-F280-F281-F282-F283-F284-F285-F286-F287-F288-F289-F290-F291-F292-F293-F294-F295-F296-F297-F298-F299-F300-F301-F302-F303-F304-F305-F306-F307-F308-F309-F310-F311-F312-F313-F314-F315-F316-F317-F318-F319-F320-F321-F322-F323-F324-F325-F326-F327-F328-F329-F330-F331-F332-F333-F334-F335-F336-F337-F338-F339-F340-F341-F342-F343-F344-F345-F346-F347-F348-F349-F350-F351-F352-F353-F354-F355-F356-F357-F358-F359-F360-F361-F362-F363-F364-F365-F366-F367-F368-F369-F370-F371-F372-F373-F374-F375-F376-F377-F378-F379-F380-F381-F382-F383-F384-F385-F386-F387-F388-F389-F390-F391-F392-F393-F394-F395-F396-F397-F398-F399-F400-F401-F402-F403-F404-F405-F406-F407-F408-F409-F410-F411-F412-F413-F414-F415-F416-F417-F418-F419-F420-F421-F422-F423-F424-F425-F426-F427-F428-F429-F430-F431-F432-F433-F434-F435-F436-F437-F438-F439-F440-F441-F442-F443-F444-F445-F446-F447-F448-F449-F450-F451-F452-F453-F454-F455-F456-F457-F458-F459-F460-F461-F462-F463-F464-F465-F466-F467-F468-F469-F470-F471-F472-F473-F474-F475-F476-F477-F478-F479-F480-F481-F482-F483-F484-F485-F486-F487-F488-F489-F490-F491-F492-F493-F494-F495-F496-E500501-O500505-F508-F509-F510-F511-F512

## Summary

Number of input bits: 512  
Number of free input bits: 9  
Number of output bits: 160

Number of direct occurrences: 35950  
Number of assignments: 30849  
Number of operations: 10849292
(xor: 10821405,
and: 14701,
or: 13186)

Total complexity: 5.459458312628806 × 10^297

Least occurring input variable: iv_502 (3786)  
Most occurring input variable: iv_500 (4245)

Most co-occurring input variables: iv_497-iv_503 (1971)  
Least co-occurring input variables: iv_499-iv_502 (1700)

Potentially most occurring input variable: iv_500/iv_504 (4559)  
Potentially least occurring input variable: iv_497/iv_503 (4111)

Least output occurring input variable: iv_502 (71)  
Most output occurring input variable: iv_507 (85)

Most output co-occurring input variables: iv_497-iv_500 (48)  
Least output co-occurring input variables: iv_499-iv_502 (29)

Potentially most output occurring input variable: iv_499/iv_502 (94)  
Potentially least output occurring input variable: iv_497/iv_500 (67)

Least complex input bit: iv_497 (3.3162617952977585 × 10^295)  
Most complex input bit: iv_500 (2.0151161040325897 × 10^297)

Least complex output bit: aaa_76_29 (3.700014480303169 × 10^272)  
Most complex output bit: ov_001 (8.8093794550281 × 10^296)

Least complex input/output complexity: iv_497/aaa_76_29 (2.2475154054559716 × 10^270)  
Most complex input/output complexity: iv_500/ov_001 (3.251590430738753 × 10^296)

## Input Bits

### Input Bits in Regular Order

| Input Bit | Complexity | Occurrences | Output Occurrences |
|:---------:|:----------:|:-----------:|:------------------:|
| iv_497 | 3.3162617952977585 × 10^295 | 4078 | 82 |
| iv_498 | 6.615442644461248 × 10^295 | 3924 | 78 |
| iv_499 | 1.1633189751880793 × 10^296 | 3850 | 81 |
| iv_500 | 2.0151161040325897 × 10^297 | 4245 | 81 |
| iv_502 | 5.125149155997529 × 10^296 | 3786 | 71 |
| iv_503 | 8.096458076710458 × 10^296 | 3975 | 73 |
| iv_504 | 1.2559471270330542 × 10^297 | 3894 | 71 |
| iv_506 | 3.0002579440980607 × 10^296 | 4052 | 80 |
| iv_507 | 3.505596219661594 × 10^296 | 4146 | 85 |

### Input Bits Sorted by Complexity

| Input Bit | Complexity | Occurrences | Output Occurrences |
|:---------:|:----------:|:-----------:|:------------------:|
| iv_497 | 3.3162617952977585 × 10^295 | 4078 | 82 |
| iv_498 | 6.615442644461248 × 10^295 | 3924 | 78 |
| iv_499 | 1.1633189751880793 × 10^296 | 3850 | 81 |
| iv_506 | 3.0002579440980607 × 10^296 | 4052 | 80 |
| iv_507 | 3.505596219661594 × 10^296 | 4146 | 85 |
| iv_502 | 5.125149155997529 × 10^296 | 3786 | 71 |
| iv_503 | 8.096458076710458 × 10^296 | 3975 | 73 |
| iv_504 | 1.2559471270330542 × 10^297 | 3894 | 71 |
| iv_500 | 2.0151161040325897 × 10^297 | 4245 | 81 |

### Input Bits Sorted by Occurrences

| Input Bit | Complexity | Occurrences | Output Occurrences |
|:---------:|:----------:|:-----------:|:------------------:|
| iv_502 | 5.125149155997529 × 10^296 | 3786 | 71 |
| iv_499 | 1.1633189751880793 × 10^296 | 3850 | 81 |
| iv_504 | 1.2559471270330542 × 10^297 | 3894 | 71 |
| iv_498 | 6.615442644461248 × 10^295 | 3924 | 78 |
| iv_503 | 8.096458076710458 × 10^296 | 3975 | 73 |
| iv_506 | 3.0002579440980607 × 10^296 | 4052 | 80 |
| iv_497 | 3.3162617952977585 × 10^295 | 4078 | 82 |
| iv_507 | 3.505596219661594 × 10^296 | 4146 | 85 |
| iv_500 | 2.0151161040325897 × 10^297 | 4245 | 81 |

### Input Bits Sorted by Output Occurrences

| Input Bit | Complexity | Occurrences | Output Occurrences |
|:---------:|:----------:|:-----------:|:------------------:|
| iv_502 | 5.125149155997529 × 10^296 | 3786 | 71 |
| iv_504 | 1.2559471270330542 × 10^297 | 3894 | 71 |
| iv_503 | 8.096458076710458 × 10^296 | 3975 | 73 |
| iv_498 | 6.615442644461248 × 10^295 | 3924 | 78 |
| iv_506 | 3.0002579440980607 × 10^296 | 4052 | 80 |
| iv_499 | 1.1633189751880793 × 10^296 | 3850 | 81 |
| iv_500 | 2.0151161040325897 × 10^297 | 4245 | 81 |
| iv_497 | 3.3162617952977585 × 10^295 | 4078 | 82 |
| iv_507 | 3.505596219661594 × 10^296 | 4146 | 85 |

## Input Bit Co-occurrences

### Input Bit Co-occurrences Sorted by Co-occurrences

| Input Bits | Co-occurrences | Potential Occurrences | Output Co-occurrences | Potential Output Occurrences |
|:----------:|:--------------:|:---------------------:|:---------------------:|:----------------------------:|
| iv_497-iv_503 | 1971 | 4111 | 41 | 73 |
| iv_497-iv_500 | 1958 | 4407 | 48 | 67 |
| iv_506-iv_507 | 1948 | 4302 | 44 | 77 |
| iv_500-iv_507 | 1943 | 4505 | 41 | 84 |
| iv_497-iv_507 | 1927 | 4370 | 40 | 87 |
| iv_497-iv_506 | 1927 | 4276 | 34 | 94 |
| iv_500-iv_506 | 1916 | 4465 | 36 | 89 |
| iv_503-iv_507 | 1905 | 4311 | 37 | 84 |
| iv_504-iv_507 | 1899 | 4242 | 39 | 78 |

### Input Bit Co-occurrences Sorted by Potential Occurrences

| Input Bits | Co-occurrences | Potential Occurrences | Output Co-occurrences | Potential Output Occurrences |
|:----------:|:--------------:|:---------------------:|:---------------------:|:----------------------------:|
| iv_497-iv_503 | 1971 | 4111 | 41 | 73 |
| iv_499-iv_504 | 1806 | 4132 | 31 | 90 |
| iv_498-iv_504 | 1843 | 4132 | 36 | 77 |
| iv_504-iv_506 | 1891 | 4164 | 35 | 81 |
| iv_498-iv_499 | 1797 | 4180 | 42 | 75 |
| iv_498-iv_506 | 1898 | 4180 | 43 | 72 |
| iv_502-iv_507 | 1872 | 4188 | 41 | 74 |
| iv_497-iv_499 | 1869 | 4190 | 43 | 77 |
| iv_502-iv_504 | 1744 | 4192 | 34 | 74 |

### Input Bit Output Co-occurrences Sorted by Output Co-occurrences

| Input Bits | Co-occurrences | Potential Occurrences | Output Co-occurrences | Potential Output Occurrences |
|:----------:|:--------------:|:---------------------:|:---------------------:|:----------------------------:|
| iv_497-iv_500 | 1958 | 4407 | 48 | 67 |
| iv_499-iv_500 | 1888 | 4319 | 45 | 72 |
| iv_506-iv_507 | 1948 | 4302 | 44 | 77 |
| iv_497-iv_498 | 1871 | 4260 | 43 | 74 |
| iv_497-iv_499 | 1869 | 4190 | 43 | 77 |
| iv_498-iv_506 | 1898 | 4180 | 43 | 72 |
| iv_498-iv_499 | 1797 | 4180 | 42 | 75 |
| iv_499-iv_506 | 1839 | 4224 | 42 | 77 |
| iv_499-iv_507 | 1881 | 4234 | 42 | 82 |

### Input Bit Output Co-occurrences Sorted by Potential Output Occurrences

| Input Bits | Co-occurrences | Potential Occurrences | Output Co-occurrences | Potential Output Occurrences |
|:----------:|:--------------:|:---------------------:|:---------------------:|:----------------------------:|
| iv_497-iv_500 | 1958 | 4407 | 48 | 67 |
| iv_498-iv_506 | 1898 | 4180 | 43 | 72 |
| iv_499-iv_500 | 1888 | 4319 | 45 | 72 |
| iv_497-iv_503 | 1971 | 4111 | 41 | 73 |
| iv_498-iv_503 | 1826 | 4247 | 39 | 73 |
| iv_497-iv_498 | 1871 | 4260 | 43 | 74 |
| iv_502-iv_504 | 1744 | 4192 | 34 | 74 |
| iv_502-iv_507 | 1872 | 4188 | 41 | 74 |
| iv_498-iv_499 | 1797 | 4180 | 42 | 75 |

## Output Bits

### Output Bits in Regular Order

| Rank | Output Bit | Complexity |
|:----:|:----------:|:----------:|
| 1 | ov_001 | 8.8093794550281 × 10^296 |
| 2 | ov_002 | 7.62837140933027 × 10^296 |
| 3 | ov_003 | 6.57156087824489 × 10^296 |
| 4 | ov_004 | 5.6294766490017535 × 10^296 |
| 5 | ov_005 | 4.793163960492662 × 10^296 |
| 6 | ov_006 | 4.054147411036164 × 10^296 |
| 7 | ov_007 | 3.404398698415655 × 10^296 |
| 8 | ov_008 | 2.836308903132798 × 10^296 |
| 9 | ov_009 | 2.342664955785004 × 10^296 |
| 10 | ov_010 | 1.916629863601283 × 10^296 |
| 11 | ov_011 | 1.551726266275629 × 10^296 |
| 12 | ov_012 | 1.2418229157801497 × 10^296 |
| 13 | ov_013 | 9.811236989255223 × 10^295 |
| 14 | ov_014 | 7.641588451716477 × 10^295 |
| 15 | ov_015 | 5.857779856636612 × 10^295 |
| 16 | ov_016 | 4.4114475274652585 × 10^295 |
| 17 | ov_017 | 3.257326323479716 × 10^295 |
| 18 | ov_018 | 2.353218046539521 × 10^295 |
| 19 | ov_019 | 1.659967437004624 × 10^295 |
| 20 | ov_020 | 1.141444047030446 × 10^295 |
| 21 | ov_021 | 7.645288182560263 × 10^294 |
| 22 | ov_022 | 4.9910444190618694 × 10^294 |
| 23 | ov_023 | 3.180486935765879 × 10^294 |
| 24 | ov_024 | 1.9723004917424238 × 10^294 |
| 25 | ov_025 | 1.1550500266805706 × 10^294 |
| 26 | ov_026 | 6.304856031935262 × 10^293 |
| 27 | ov_027 | 3.1528758852792213 × 10^293 |
| 28 | ov_028 | 1.4106462518274504 × 10^293 |
| 29 | ov_029 | 5.435293641896233 × 10^292 |
| 30 | ov_030 | 1.6616144229693523 × 10^292 |
| 31 | ov_031 | 3.2411859551063387 × 10^291 |
| 32 | lv_80_m31 | 6.321508623632149 × 10^290 |
| 33 | ov_033 | 7.561972095803251 × 10^291 |
| 34 | ov_034 | 6.557925366330814 × 10^291 |
| 35 | ov_035 | 5.659861404685927 × 10^291 |
| 36 | ov_036 | 4.858791018787248 × 10^291 |
| 37 | ov_037 | 4.1462085133135667 × 10^291 |
| 38 | ov_038 | 3.5140576509028874 × 10^291 |
| 39 | ov_039 | 2.954702285434145 × 10^291 |
| 40 | ov_040 | 2.4609012025098794 × 10^291 |
| 41 | ov_041 | 2.029129631715346 × 10^291 |
| 42 | ov_042 | 1.6560446670739334 × 10^291 |
| 43 | ov_043 | 1.3384770299383567 × 10^291 |
| 44 | ov_044 | 1.0705828354687416 × 10^291 |
| 45 | ov_045 | 8.468359161144675 × 10^290 |
| 46 | ov_046 | 6.620196791525378 × 10^290 |
| 47 | ov_047 | 5.112207201107055 × 10^290 |
| 48 | ov_048 | 3.898239063864071 × 10^290 |
| 49 | ov_049 | 2.935086668432058 × 10^290 |
| 50 | ov_050 | 2.1824624453556916 × 10^290 |
| 51 | ov_051 | 1.6029769100159316 × 10^290 |
| 52 | ov_052 | 1.162124116643435 × 10^290 |
| 53 | ov_053 | 8.282712136719935 × 10^289 |
| 54 | ov_054 | 5.726511456221495 × 10^289 |
| 55 | ov_055 | 3.8159609348270726 × 10^289 |
| 56 | ov_056 | 2.4286772813748567 × 10^289 |
| 57 | ov_057 | 1.456560270538287 × 10^289 |
| 58 | ov_058 | 8.057859864860957 × 10^288 |
| 59 | ov_059 | 3.9680330539589053 × 10^288 |
| 60 | ov_060 | 1.6433229700459494 × 10^288 |
| 61 | ov_061 | 5.736364750970659 × 10^287 |
| 62 | ov_062 | 1.5724931267311936 × 10^287 |
| 63 | ov_063 | 3.0625175787808003 × 10^286 |
| 64 | lv_79_m31 | 5.962987649010195 × 10^285 |
| 65 | ov_065 | 7.075071881881945 × 10^286 |
| 66 | ov_066 | 7.075051865142812 × 10^286 |
| 67 | ov_067 | 7.075047116428349 × 10^286 |
| 68 | ov_068 | 6.109877124607536 × 10^286 |
| 69 | ov_069 | 5.248481714247999 × 10^286 |
| 70 | ov_070 | 4.48291084052721 × 10^286 |
| 71 | ov_071 | 3.8055883219193123 × 10^286 |
| 72 | ov_072 | 3.2092895568202586 × 10^286 |
| 73 | ov_073 | 2.687124054945995 × 10^286 |
| 74 | ov_074 | 2.232521927493995 × 10^286 |
| 75 | ov_075 | 1.8392235249108701 × 10^286 |
| 76 | ov_076 | 1.501271454301279 × 10^286 |
| 77 | ov_077 | 1.2130042503552317 × 10^286 |
| 78 | ov_078 | 9.690510877579977 × 10^285 |
| 79 | ov_079 | 7.643271781202537 × 10^285 |
| 80 | ov_080 | 5.940297344801041 × 10^285 |
| 81 | ov_081 | 4.5363446499789686 × 10^285 |
| 82 | ov_082 | 3.4094844112646126 × 10^285 |
| 83 | ov_083 | 2.5199576883658525 × 10^285 |
| 84 | ov_084 | 1.83071325444018 × 10^285 |
| 85 | ov_085 | 1.3073899087387285 × 10^285 |
| 86 | ov_086 | 9.183021918013463 × 10^284 |
| 87 | ov_087 | 6.34429128046733 × 10^284 |
| 88 | ov_088 | 4.2940562090408854 × 10^284 |
| 89 | ov_089 | 2.7951612580882768 × 10^284 |
| 90 | ov_090 | 1.735645982644674 × 10^284 |
| 91 | ov_091 | 1.0167666648498506 × 10^284 |
| 92 | ov_092 | 5.529851927606541 × 10^283 |
| 93 | ov_093 | 2.7196280556977865 × 10^283 |
| 94 | ov_094 | 1.1455701824491794 × 10^283 |
| 95 | aaa_78_28 | 3.4820365132760237 × 10^282 |
| 96 | aaa_78_29 | 1.0430714454711159 × 10^282 |
| 97 | ov_097 | 5.432243879465472 × 10^281 |
| 98 | ov_098 | 5.43218190865483 × 10^281 |
| 99 | ov_099 | 5.432162101782646 × 10^281 |
| 100 | ov_100 | 4.463853458162076 × 10^281 |
| 101 | ov_101 | 3.640873087889685 × 10^281 |
| 102 | ov_102 | 2.9480330121526043 × 10^281 |
| 103 | ov_103 | 2.370973438532665 × 10^281 |
| 104 | ov_104 | 1.896101992001051 × 10^281 |
| 105 | ov_105 | 1.5105410693089013 × 10^281 |
| 106 | ov_106 | 1.2020825591460669 × 10^281 |
| 107 | ov_107 | 9.59149208581692 × 10^280 |
| 108 | ov_108 | 7.70761953227964 × 10^280 |
| 109 | ov_109 | 6.265125645528538 × 10^280 |
| 110 | ov_110 | 5.165410030370104 × 10^280 |
| 111 | ov_111 | 4.3151690061409955 × 10^280 |
| 112 | ov_112 | 3.6262463020643783 × 10^280 |
| 113 | ov_113 | 3.01551454288731 × 10^280 |
| 114 | ov_114 | 2.4781081167572575 × 10^280 |
| 115 | ov_115 | 2.0092146482505427 × 10^280 |
| 116 | ov_116 | 1.6040611434051572 × 10^280 |
| 117 | ov_117 | 1.2579035246769982 × 10^280 |
| 118 | ov_118 | 9.660189003968054 × 10^279 |
| 119 | ov_119 | 7.236996370757259 × 10^279 |
| 120 | ov_120 | 5.262487056348486 × 10^279 |
| 121 | ov_121 | 3.689761332325524 × 10^279 |
| 122 | ov_122 | 2.4719639238688143 × 10^279 |
| 123 | ov_123 | 1.5622655909886997 × 10^279 |
| 124 | ov_124 | 9.13850716824429 × 10^278 |
| 125 | ov_125 | 4.799096277252926 × 10^278 |
| 126 | ov_126 | 2.1363468094725056 × 10^278 |
| 127 | aaa_77_28 | 6.82187651339887 × 10^277 |
| 128 | aaa_77_29 | 2.557659647709391 × 10^277 |
| 129 | ov_129 | 2.336526249065354 × 10^277 |
| 130 | ov_130 | 2.3365190553063846 × 10^277 |
| 131 | ov_131 | 2.3365173198992717 × 10^277 |
| 132 | ov_132 | 2.0220048872080847 × 10^277 |
| 133 | ov_133 | 1.7403416672638012 × 10^277 |
| 134 | ov_134 | 1.4889476644590364 × 10^277 |
| 135 | ov_135 | 1.2653770017584158 × 10^277 |
| 136 | ov_136 | 1.0673082799064647 × 10^277 |
| 137 | ov_137 | 8.936108087542712 × 10^276 |
| 138 | ov_138 | 7.421888643580471 × 10^276 |
| 139 | ov_139 | 6.110503828028149 × 10^276 |
| 140 | ov_140 | 4.983022587801336 × 10^276 |
| 141 | ov_141 | 4.0214654894381906 × 10^276 |
| 142 | ov_142 | 3.208774619589291 × 10^276 |
| 143 | ov_143 | 2.528790239944021 × 10^276 |
| 144 | ov_144 | 1.9662331520593408 × 10^276 |
| 145 | ov_145 | 1.5066917952627496 × 10^276 |
| 146 | ov_146 | 1.136613168330898 × 10^276 |
| 147 | ov_147 | 8.432967330445079 × 10^275 |
| 148 | ov_148 | 6.1489052501832416 × 10^275 |
| 149 | ov_149 | 4.403887644245164 × 10^275 |
| 150 | ov_150 | 3.0963035801335036 × 10^275 |
| 151 | ov_151 | 2.1329786906876287 × 10^275 |
| 152 | ov_152 | 1.429167552422167 × 10^275 |
| 153 | ov_153 | 9.08548091008198 × 10^274 |
| 154 | ov_154 | 5.350645234719813 × 10^274 |
| 155 | ov_155 | 2.7686999432756255 × 10^274 |
| 156 | aaa_76_25 | 1.063256526233785 × 10^274 |
| 157 | aaa_76_26 | 6.133127042178437 × 10^273 |
| 158 | aaa_76_27 | 3.1354164889059804 × 10^273 |
| 159 | aaa_76_28 | 1.2187329496972179 × 10^273 |
| 160 | aaa_76_29 | 3.700014480303169 × 10^272 |

### Output Bits Sorted by Complexity

| Rank | Output Bit | Complexity |
|:----:|:----------:|:----------:|
| 160 | aaa_76_29 | 3.700014480303169 × 10^272 |
| 159 | aaa_76_28 | 1.2187329496972179 × 10^273 |
| 158 | aaa_76_27 | 3.1354164889059804 × 10^273 |
| 157 | aaa_76_26 | 6.133127042178437 × 10^273 |
| 156 | aaa_76_25 | 1.063256526233785 × 10^274 |
| 155 | ov_155 | 2.7686999432756255 × 10^274 |
| 154 | ov_154 | 5.350645234719813 × 10^274 |
| 153 | ov_153 | 9.08548091008198 × 10^274 |
| 152 | ov_152 | 1.429167552422167 × 10^275 |
| 151 | ov_151 | 2.1329786906876287 × 10^275 |
| 150 | ov_150 | 3.0963035801335036 × 10^275 |
| 149 | ov_149 | 4.403887644245164 × 10^275 |
| 148 | ov_148 | 6.1489052501832416 × 10^275 |
| 147 | ov_147 | 8.432967330445079 × 10^275 |
| 146 | ov_146 | 1.136613168330898 × 10^276 |
| 145 | ov_145 | 1.5066917952627496 × 10^276 |
| 144 | ov_144 | 1.9662331520593408 × 10^276 |
| 143 | ov_143 | 2.528790239944021 × 10^276 |
| 142 | ov_142 | 3.208774619589291 × 10^276 |
| 141 | ov_141 | 4.0214654894381906 × 10^276 |
| 140 | ov_140 | 4.983022587801336 × 10^276 |
| 139 | ov_139 | 6.110503828028149 × 10^276 |
| 138 | ov_138 | 7.421888643580471 × 10^276 |
| 137 | ov_137 | 8.936108087542712 × 10^276 |
| 136 | ov_136 | 1.0673082799064647 × 10^277 |
| 135 | ov_135 | 1.2653770017584158 × 10^277 |
| 134 | ov_134 | 1.4889476644590364 × 10^277 |
| 133 | ov_133 | 1.7403416672638012 × 10^277 |
| 132 | ov_132 | 2.0220048872080847 × 10^277 |
| 131 | ov_131 | 2.3365173198992717 × 10^277 |
| 130 | ov_130 | 2.3365190553063846 × 10^277 |
| 129 | ov_129 | 2.336526249065354 × 10^277 |
| 128 | aaa_77_29 | 2.557659647709391 × 10^277 |
| 127 | aaa_77_28 | 6.82187651339887 × 10^277 |
| 126 | ov_126 | 2.1363468094725056 × 10^278 |
| 125 | ov_125 | 4.799096277252926 × 10^278 |
| 124 | ov_124 | 9.13850716824429 × 10^278 |
| 123 | ov_123 | 1.5622655909886997 × 10^279 |
| 122 | ov_122 | 2.4719639238688143 × 10^279 |
| 121 | ov_121 | 3.689761332325524 × 10^279 |
| 120 | ov_120 | 5.262487056348486 × 10^279 |
| 119 | ov_119 | 7.236996370757259 × 10^279 |
| 118 | ov_118 | 9.660189003968054 × 10^279 |
| 117 | ov_117 | 1.2579035246769982 × 10^280 |
| 116 | ov_116 | 1.6040611434051572 × 10^280 |
| 115 | ov_115 | 2.0092146482505427 × 10^280 |
| 114 | ov_114 | 2.4781081167572575 × 10^280 |
| 113 | ov_113 | 3.01551454288731 × 10^280 |
| 112 | ov_112 | 3.6262463020643783 × 10^280 |
| 111 | ov_111 | 4.3151690061409955 × 10^280 |
| 110 | ov_110 | 5.165410030370104 × 10^280 |
| 109 | ov_109 | 6.265125645528538 × 10^280 |
| 108 | ov_108 | 7.70761953227964 × 10^280 |
| 107 | ov_107 | 9.59149208581692 × 10^280 |
| 106 | ov_106 | 1.2020825591460669 × 10^281 |
| 105 | ov_105 | 1.5105410693089013 × 10^281 |
| 104 | ov_104 | 1.896101992001051 × 10^281 |
| 103 | ov_103 | 2.370973438532665 × 10^281 |
| 102 | ov_102 | 2.9480330121526043 × 10^281 |
| 101 | ov_101 | 3.640873087889685 × 10^281 |
| 100 | ov_100 | 4.463853458162076 × 10^281 |
| 99 | ov_099 | 5.432162101782646 × 10^281 |
| 98 | ov_098 | 5.43218190865483 × 10^281 |
| 97 | ov_097 | 5.432243879465472 × 10^281 |
| 96 | aaa_78_29 | 1.0430714454711159 × 10^282 |
| 95 | aaa_78_28 | 3.4820365132760237 × 10^282 |
| 94 | ov_094 | 1.1455701824491794 × 10^283 |
| 93 | ov_093 | 2.7196280556977865 × 10^283 |
| 92 | ov_092 | 5.529851927606541 × 10^283 |
| 91 | ov_091 | 1.0167666648498506 × 10^284 |
| 90 | ov_090 | 1.735645982644674 × 10^284 |
| 89 | ov_089 | 2.7951612580882768 × 10^284 |
| 88 | ov_088 | 4.2940562090408854 × 10^284 |
| 87 | ov_087 | 6.34429128046733 × 10^284 |
| 86 | ov_086 | 9.183021918013463 × 10^284 |
| 85 | ov_085 | 1.3073899087387285 × 10^285 |
| 84 | ov_084 | 1.83071325444018 × 10^285 |
| 83 | ov_083 | 2.5199576883658525 × 10^285 |
| 82 | ov_082 | 3.4094844112646126 × 10^285 |
| 81 | ov_081 | 4.5363446499789686 × 10^285 |
| 80 | ov_080 | 5.940297344801041 × 10^285 |
| 64 | lv_79_m31 | 5.962987649010195 × 10^285 |
| 79 | ov_079 | 7.643271781202537 × 10^285 |
| 78 | ov_078 | 9.690510877579977 × 10^285 |
| 77 | ov_077 | 1.2130042503552317 × 10^286 |
| 76 | ov_076 | 1.501271454301279 × 10^286 |
| 75 | ov_075 | 1.8392235249108701 × 10^286 |
| 74 | ov_074 | 2.232521927493995 × 10^286 |
| 73 | ov_073 | 2.687124054945995 × 10^286 |
| 63 | ov_063 | 3.0625175787808003 × 10^286 |
| 72 | ov_072 | 3.2092895568202586 × 10^286 |
| 71 | ov_071 | 3.8055883219193123 × 10^286 |
| 70 | ov_070 | 4.48291084052721 × 10^286 |
| 69 | ov_069 | 5.248481714247999 × 10^286 |
| 68 | ov_068 | 6.109877124607536 × 10^286 |
| 67 | ov_067 | 7.075047116428349 × 10^286 |
| 66 | ov_066 | 7.075051865142812 × 10^286 |
| 65 | ov_065 | 7.075071881881945 × 10^286 |
| 62 | ov_062 | 1.5724931267311936 × 10^287 |
| 61 | ov_061 | 5.736364750970659 × 10^287 |
| 60 | ov_060 | 1.6433229700459494 × 10^288 |
| 59 | ov_059 | 3.9680330539589053 × 10^288 |
| 58 | ov_058 | 8.057859864860957 × 10^288 |
| 57 | ov_057 | 1.456560270538287 × 10^289 |
| 56 | ov_056 | 2.4286772813748567 × 10^289 |
| 55 | ov_055 | 3.8159609348270726 × 10^289 |
| 54 | ov_054 | 5.726511456221495 × 10^289 |
| 53 | ov_053 | 8.282712136719935 × 10^289 |
| 52 | ov_052 | 1.162124116643435 × 10^290 |
| 51 | ov_051 | 1.6029769100159316 × 10^290 |
| 50 | ov_050 | 2.1824624453556916 × 10^290 |
| 49 | ov_049 | 2.935086668432058 × 10^290 |
| 48 | ov_048 | 3.898239063864071 × 10^290 |
| 47 | ov_047 | 5.112207201107055 × 10^290 |
| 32 | lv_80_m31 | 6.321508623632149 × 10^290 |
| 46 | ov_046 | 6.620196791525378 × 10^290 |
| 45 | ov_045 | 8.468359161144675 × 10^290 |
| 44 | ov_044 | 1.0705828354687416 × 10^291 |
| 43 | ov_043 | 1.3384770299383567 × 10^291 |
| 42 | ov_042 | 1.6560446670739334 × 10^291 |
| 41 | ov_041 | 2.029129631715346 × 10^291 |
| 40 | ov_040 | 2.4609012025098794 × 10^291 |
| 39 | ov_039 | 2.954702285434145 × 10^291 |
| 31 | ov_031 | 3.2411859551063387 × 10^291 |
| 38 | ov_038 | 3.5140576509028874 × 10^291 |
| 37 | ov_037 | 4.1462085133135667 × 10^291 |
| 36 | ov_036 | 4.858791018787248 × 10^291 |
| 35 | ov_035 | 5.659861404685927 × 10^291 |
| 34 | ov_034 | 6.557925366330814 × 10^291 |
| 33 | ov_033 | 7.561972095803251 × 10^291 |
| 30 | ov_030 | 1.6616144229693523 × 10^292 |
| 29 | ov_029 | 5.435293641896233 × 10^292 |
| 28 | ov_028 | 1.4106462518274504 × 10^293 |
| 27 | ov_027 | 3.1528758852792213 × 10^293 |
| 26 | ov_026 | 6.304856031935262 × 10^293 |
| 25 | ov_025 | 1.1550500266805706 × 10^294 |
| 24 | ov_024 | 1.9723004917424238 × 10^294 |
| 23 | ov_023 | 3.180486935765879 × 10^294 |
| 22 | ov_022 | 4.9910444190618694 × 10^294 |
| 21 | ov_021 | 7.645288182560263 × 10^294 |
| 20 | ov_020 | 1.141444047030446 × 10^295 |
| 19 | ov_019 | 1.659967437004624 × 10^295 |
| 18 | ov_018 | 2.353218046539521 × 10^295 |
| 17 | ov_017 | 3.257326323479716 × 10^295 |
| 16 | ov_016 | 4.4114475274652585 × 10^295 |
| 15 | ov_015 | 5.857779856636612 × 10^295 |
| 14 | ov_014 | 7.641588451716477 × 10^295 |
| 13 | ov_013 | 9.811236989255223 × 10^295 |
| 12 | ov_012 | 1.2418229157801497 × 10^296 |
| 11 | ov_011 | 1.551726266275629 × 10^296 |
| 10 | ov_010 | 1.916629863601283 × 10^296 |
| 9 | ov_009 | 2.342664955785004 × 10^296 |
| 8 | ov_008 | 2.836308903132798 × 10^296 |
| 7 | ov_007 | 3.404398698415655 × 10^296 |
| 6 | ov_006 | 4.054147411036164 × 10^296 |
| 5 | ov_005 | 4.793163960492662 × 10^296 |
| 4 | ov_004 | 5.6294766490017535 × 10^296 |
| 3 | ov_003 | 6.57156087824489 × 10^296 |
| 2 | ov_002 | 7.62837140933027 × 10^296 |
| 1 | ov_001 | 8.8093794550281 × 10^296 |

