# Results for F001-F002-F003-F004-F005-F006-F007-F008-F009-F010-F011-F012-F013-F014-F015-F016-F017-F018-F019-F020-F021-F022-F023-F024-F025-F026-F027-F028-F029-F030-F031-F032-F033-F034-F035-F036-F037-F038-F039-F040-F041-F042-F043-F044-F045-F046-F047-F048-F049-F050-F051-F052-F053-F054-F055-F056-F057-F058-F059-F060-F061-F062-F063-F064-F065-F066-F067-F068-F069-F070-F071-F072-F073-F074-F075-F076-F077-F078-F079-F080-F081-F082-F083-F084-F085-F086-F087-F088-F089-F090-F091-F092-F093-F094-F095-F096-F097-F098-F099-F100-F101-F102-F103-F104-F105-F106-F107-F108-F109-F110-F111-F112-F113-F114-F115-F116-F117-F118-F119-F120-F121-F122-F123-F124-F125-F126-F127-F128-F129-F130-F131-F132-F133-F134-F135-F136-F137-F138-F139-F140-F141-F142-F143-F144-F145-F146-F147-F148-F149-F150-F151-F152-F153-F154-F155-F156-F157-F158-F159-F160-F161-F162-F163-F164-F165-F166-F167-F168-F169-F170-F171-F172-F173-F174-F175-F176-F177-F178-F179-F180-F181-F182-F183-F184-F185-F186-F187-F188-F189-F190-F191-F192-F193-F194-F195-F196-F197-F198-F199-F200-F201-F202-F203-F204-F205-F206-F207-F208-F209-F210-F211-F212-F213-F214-F215-F216-F217-F218-F219-F220-F221-F222-F223-F224-F225-F226-F227-F228-F229-F230-F231-F232-F233-F234-F235-F236-F237-F238-F239-F240-F241-F242-F243-F244-F245-F246-F247-F248-F249-F250-F251-F252-F253-F254-F255-F256-F257-F258-F259-F260-F261-F262-F263-F264-F265-F266-F267-F268-F269-F270-F271-F272-F273-F274-F275-F276-F277-F278-F279-F280-F281-F282-F283-F284-F285-F286-F287-F288-F289-F290-F291-F292-F293-F294-F295-F296-F297-F298-F299-F300-F301-F302-F303-F304-F305-F306-F307-F308-F309-F310-F311-F312-F313-F314-F315-F316-F317-F318-F319-F320-F321-F322-F323-F324-F325-F326-F327-F328-F329-F330-F331-F332-F333-F334-F335-F336-F337-F338-F339-F340-F341-F342-F343-F344-F345-F346-F347-F348-F349-F350-F351-F352-F353-F354-F355-F356-F357-F358-F359-F360-F361-F362-F363-F364-F365-F366-F367-F368-F369-F370-F371-F372-F373-F374-F375-F376-F377-F378-F379-F380-F381-F382-F383-F384-F385-F386-F387-F388-F389-F390-F391-F392-F393-F394-F395-F396-F397-F398-F399-F400-F401-F402-F403-F404-F405-F406-F407-F408-F409-F410-F411-F412-F413-F414-F415-F416-F417-F418-F419-F420-F421-F422-F423-F424-F425-F426-F427-F428-F429-F430-F431-F432-F433-F434-F435-F436-F437-F438-F439-F440-F441-F442-F443-F444-F445-F446-F447-F448-F449-F450-F451-F452-F453-F454-F455-F456-F457-F458-F459-F460-F461-F462-F463-F464-F465-F466-F467-F468-F469-F470-F471-F472-F473-F474-F475-F476-F477-F478-F479-F480-F481-F482-F483-F484-F485-F486-F487-F488-F489-F490-F491-F492-F493-F494-F495-F496-O499505-E500501-F508-F509-F510-F511-F512

## Summary

Number of input bits: 512  
Number of free input bits: 9  
Number of output bits: 160

Number of direct occurrences: 35797  
Number of assignments: 30817  
Number of operations: 10740202
(xor: 10712367,
and: 14655,
or: 13180)

Total complexity: 3.3706228276602855 × 10^296

Least occurring input variable: iv_502 (3812)  
Most occurring input variable: iv_507 (4097)

Most co-occurring input variables: iv_503-iv_507 (1935)  
Least co-occurring input variables: iv_498-iv_502 (1722)

Potentially most occurring input variable: iv_498/iv_499 (4402)  
Potentially least occurring input variable: iv_502/iv_506 (4144)

Least output occurring input variable: iv_504 (76)  
Most output occurring input variable: iv_498 (88)

Most output co-occurring input variables: iv_498-iv_507 (54)  
Least output co-occurring input variables: iv_504-iv_507 (33)

Potentially most output occurring input variable: iv_504/iv_507 (91)  
Potentially least output occurring input variable: iv_498/iv_507 (61)

Least complex input bit: iv_497 (2.0474316442460504 × 10^294)  
Most complex input bit: iv_499 (1.0704110477947715 × 10^296)

Least complex output bit: aaa_76_29 (8.789393089024396 × 10^271)  
Most complex output bit: ov_001 (5.43881408350039 × 10^295)

Least complex input/output complexity: iv_497/aaa_76_29 (5.3389781249057004 × 10^269)  
Most complex input/output complexity: iv_499/ov_001 (1.7272079907919512 × 10^295)

## Input Bits

### Input Bits in Regular Order

| Input Bit | Complexity | Occurrences | Output Occurrences |
|:---------:|:----------:|:-----------:|:------------------:|
| iv_497 | 2.0474316442460504 × 10^294 | 4002 | 77 |
| iv_498 | 4.084317658566709 × 10^294 | 3888 | 88 |
| iv_499 | 1.0704110477947715 × 10^296 | 4060 | 77 |
| iv_500 | 2.4552670254784844 × 10^295 | 4065 | 80 |
| iv_502 | 3.164223216137281 × 10^295 | 3812 | 84 |
| iv_503 | 4.998683908512123 × 10^295 | 3992 | 79 |
| iv_504 | 7.754110049555039 × 10^295 | 3867 | 76 |
| iv_506 | 1.852333571600738 × 10^295 | 4014 | 77 |
| iv_507 | 2.1643250970902363 × 10^295 | 4097 | 81 |

### Input Bits Sorted by Complexity

| Input Bit | Complexity | Occurrences | Output Occurrences |
|:---------:|:----------:|:-----------:|:------------------:|
| iv_497 | 2.0474316442460504 × 10^294 | 4002 | 77 |
| iv_498 | 4.084317658566709 × 10^294 | 3888 | 88 |
| iv_506 | 1.852333571600738 × 10^295 | 4014 | 77 |
| iv_507 | 2.1643250970902363 × 10^295 | 4097 | 81 |
| iv_500 | 2.4552670254784844 × 10^295 | 4065 | 80 |
| iv_502 | 3.164223216137281 × 10^295 | 3812 | 84 |
| iv_503 | 4.998683908512123 × 10^295 | 3992 | 79 |
| iv_504 | 7.754110049555039 × 10^295 | 3867 | 76 |
| iv_499 | 1.0704110477947715 × 10^296 | 4060 | 77 |

### Input Bits Sorted by Occurrences

| Input Bit | Complexity | Occurrences | Output Occurrences |
|:---------:|:----------:|:-----------:|:------------------:|
| iv_502 | 3.164223216137281 × 10^295 | 3812 | 84 |
| iv_504 | 7.754110049555039 × 10^295 | 3867 | 76 |
| iv_498 | 4.084317658566709 × 10^294 | 3888 | 88 |
| iv_503 | 4.998683908512123 × 10^295 | 3992 | 79 |
| iv_497 | 2.0474316442460504 × 10^294 | 4002 | 77 |
| iv_506 | 1.852333571600738 × 10^295 | 4014 | 77 |
| iv_499 | 1.0704110477947715 × 10^296 | 4060 | 77 |
| iv_500 | 2.4552670254784844 × 10^295 | 4065 | 80 |
| iv_507 | 2.1643250970902363 × 10^295 | 4097 | 81 |

### Input Bits Sorted by Output Occurrences

| Input Bit | Complexity | Occurrences | Output Occurrences |
|:---------:|:----------:|:-----------:|:------------------:|
| iv_504 | 7.754110049555039 × 10^295 | 3867 | 76 |
| iv_499 | 1.0704110477947715 × 10^296 | 4060 | 77 |
| iv_506 | 1.852333571600738 × 10^295 | 4014 | 77 |
| iv_497 | 2.0474316442460504 × 10^294 | 4002 | 77 |
| iv_503 | 4.998683908512123 × 10^295 | 3992 | 79 |
| iv_500 | 2.4552670254784844 × 10^295 | 4065 | 80 |
| iv_507 | 2.1643250970902363 × 10^295 | 4097 | 81 |
| iv_502 | 3.164223216137281 × 10^295 | 3812 | 84 |
| iv_498 | 4.084317658566709 × 10^294 | 3888 | 88 |

## Input Bit Co-occurrences

### Input Bit Co-occurrences Sorted by Co-occurrences

| Input Bits | Co-occurrences | Potential Occurrences | Output Co-occurrences | Potential Output Occurrences |
|:----------:|:--------------:|:---------------------:|:---------------------:|:----------------------------:|
| iv_503-iv_507 | 1935 | 4219 | 41 | 78 |
| iv_497-iv_503 | 1916 | 4162 | 35 | 86 |
| iv_499-iv_503 | 1910 | 4232 | 43 | 70 |
| iv_506-iv_507 | 1899 | 4313 | 36 | 86 |
| iv_500-iv_507 | 1898 | 4366 | 41 | 79 |
| iv_499-iv_507 | 1895 | 4367 | 38 | 82 |
| iv_497-iv_506 | 1895 | 4226 | 36 | 82 |
| iv_499-iv_500 | 1880 | 4365 | 40 | 77 |
| iv_497-iv_507 | 1880 | 4339 | 37 | 84 |

### Input Bit Co-occurrences Sorted by Potential Occurrences

| Input Bits | Co-occurrences | Potential Occurrences | Output Co-occurrences | Potential Output Occurrences |
|:----------:|:--------------:|:---------------------:|:---------------------:|:----------------------------:|
| iv_502-iv_506 | 1841 | 4144 | 44 | 73 |
| iv_498-iv_504 | 1805 | 4145 | 43 | 78 |
| iv_497-iv_503 | 1916 | 4162 | 35 | 86 |
| iv_502-iv_504 | 1757 | 4165 | 42 | 76 |
| iv_504-iv_506 | 1857 | 4167 | 36 | 81 |
| iv_503-iv_504 | 1834 | 4191 | 35 | 85 |
| iv_499-iv_502 | 1840 | 4192 | 39 | 83 |
| iv_503-iv_507 | 1935 | 4219 | 41 | 78 |
| iv_497-iv_504 | 1823 | 4223 | 37 | 79 |

### Input Bit Output Co-occurrences Sorted by Output Co-occurrences

| Input Bits | Co-occurrences | Potential Occurrences | Output Co-occurrences | Potential Output Occurrences |
|:----------:|:--------------:|:---------------------:|:---------------------:|:----------------------------:|
| iv_498-iv_507 | 1877 | 4231 | 54 | 61 |
| iv_498-iv_502 | 1722 | 4256 | 49 | 74 |
| iv_498-iv_500 | 1830 | 4293 | 47 | 74 |
| iv_497-iv_498 | 1830 | 4230 | 46 | 73 |
| iv_502-iv_506 | 1841 | 4144 | 44 | 73 |
| iv_500-iv_502 | 1788 | 4301 | 44 | 76 |
| iv_497-iv_500 | 1871 | 4325 | 44 | 69 |
| iv_497-iv_502 | 1783 | 4248 | 44 | 73 |
| iv_498-iv_503 | 1799 | 4282 | 44 | 79 |

### Input Bit Output Co-occurrences Sorted by Potential Output Occurrences

| Input Bits | Co-occurrences | Potential Occurrences | Output Co-occurrences | Potential Output Occurrences |
|:----------:|:--------------:|:---------------------:|:---------------------:|:----------------------------:|
| iv_498-iv_507 | 1877 | 4231 | 54 | 61 |
| iv_497-iv_499 | 1845 | 4372 | 43 | 68 |
| iv_497-iv_500 | 1871 | 4325 | 44 | 69 |
| iv_499-iv_503 | 1910 | 4232 | 43 | 70 |
| iv_502-iv_506 | 1841 | 4144 | 44 | 73 |
| iv_497-iv_502 | 1783 | 4248 | 44 | 73 |
| iv_497-iv_498 | 1830 | 4230 | 46 | 73 |
| iv_498-iv_502 | 1722 | 4256 | 49 | 74 |
| iv_498-iv_500 | 1830 | 4293 | 47 | 74 |

## Output Bits

### Output Bits in Regular Order

| Rank | Output Bit | Complexity |
|:----:|:----------:|:----------:|
| 1 | ov_001 | 5.43881408350039 × 10^295 |
| 2 | ov_002 | 4.709678270203229 × 10^295 |
| 3 | ov_003 | 4.0572188030063306 × 10^295 |
| 4 | ov_004 | 3.4755886235877016 × 10^295 |
| 5 | ov_005 | 2.9592594800762 × 10^295 |
| 6 | ov_006 | 2.502999028515991 × 10^295 |
| 7 | ov_007 | 2.101850918213728 × 10^295 |
| 8 | ov_008 | 1.751117682450675 × 10^295 |
| 9 | ov_009 | 1.4463462127761788 × 10^295 |
| 10 | ov_010 | 1.183315554406872 × 10^295 |
| 11 | ov_011 | 9.58026757231924 × 10^294 |
| 12 | ov_012 | 7.6669453208704 × 10^294 |
| 13 | ov_013 | 6.057404768423016 × 10^294 |
| 14 | ov_014 | 4.717876515165581 × 10^294 |
| 15 | ov_015 | 3.616562961367657 × 10^294 |
| 16 | ov_016 | 2.723604994461566 × 10^294 |
| 17 | ov_017 | 2.0110564086255382 × 10^294 |
| 18 | ov_018 | 1.4528644232163625 × 10^294 |
| 19 | ov_019 | 1.024854883823858 × 10^294 |
| 20 | ov_020 | 7.0472108909928855 × 10^293 |
| 21 | ov_021 | 4.720155192111841 × 10^293 |
| 22 | ov_022 | 3.0814389679355932 × 10^293 |
| 23 | ov_023 | 1.9636108182978773 × 10^293 |
| 24 | ov_024 | 1.2176837246414728 × 10^293 |
| 25 | ov_025 | 7.131185426697631 × 10^292 |
| 26 | ov_026 | 3.892561599741402 × 10^292 |
| 27 | ov_027 | 1.9465538236718187 × 10^292 |
| 28 | ov_028 | 8.709168684964348 × 10^291 |
| 29 | ov_029 | 3.3556795123845754 × 10^291 |
| 30 | ov_030 | 1.0258561873898084 × 10^291 |
| 31 | ov_031 | 2.0010531028423697 × 10^290 |
| 32 | lv_80_m31 | 3.9027767587535284 × 10^289 |
| 33 | ov_033 | 4.6680879603508274 × 10^290 |
| 34 | ov_034 | 4.0481887822430284 × 10^290 |
| 35 | ov_035 | 3.493722361807136 × 10^290 |
| 36 | ov_036 | 2.9991424971747285 × 10^290 |
| 37 | ov_037 | 2.55920009797497 × 10^290 |
| 38 | ov_038 | 2.1689224220636397 × 10^290 |
| 39 | ov_039 | 1.8235951882291856 × 10^290 |
| 40 | ov_040 | 1.5187472679457147 × 10^290 |
| 41 | ov_041 | 1.2522021237931111 × 10^290 |
| 42 | ov_042 | 1.0218953093399398 × 10^290 |
| 43 | ov_043 | 8.258694624302087 × 10^289 |
| 44 | ov_044 | 6.605151728622522 × 10^289 |
| 45 | ov_045 | 5.22419228678756 × 10^289 |
| 46 | ov_046 | 4.0835965145543125 × 10^289 |
| 47 | ov_047 | 3.153017941485874 × 10^289 |
| 48 | ov_048 | 2.403953289288576 × 10^289 |
| 49 | ov_049 | 1.809719657502108 × 10^289 |
| 50 | ov_050 | 1.345437554788677 × 10^289 |
| 51 | ov_051 | 9.880184429021914 × 10^288 |
| 52 | ov_052 | 7.16155647389848 × 10^288 |
| 53 | ov_053 | 5.1031778635392344 × 10^288 |
| 54 | ov_054 | 3.527441417235822 × 10^288 |
| 55 | ov_055 | 2.3499654833806007 × 10^288 |
| 56 | ov_056 | 1.4951998544142714 × 10^288 |
| 57 | ov_057 | 8.96418024490447 × 10^287 |
| 58 | ov_058 | 4.957126913450147 × 10^287 |
| 59 | ov_059 | 2.439933671468654 × 10^287 |
| 60 | ov_060 | 1.0098526979172644 × 10^287 |
| 61 | ov_061 | 3.5228914116268553 × 10^286 |
| 62 | ov_062 | 9.651304173472772 × 10^285 |
| 63 | ov_063 | 1.878460754527461 × 10^285 |
| 64 | lv_79_m31 | 3.655285773568061 × 10^284 |
| 65 | ov_065 | 4.344629832542869 × 10^285 |
| 66 | ov_066 | 4.344615111792888 × 10^285 |
| 67 | ov_067 | 4.3446115087204143 × 10^285 |
| 68 | ov_068 | 3.745042236459785 × 10^285 |
| 69 | ov_069 | 3.212006973274482 × 10^285 |
| 70 | ov_070 | 2.739931602513757 × 10^285 |
| 71 | ov_071 | 2.3235851587622146 × 10^285 |
| 72 | ov_072 | 1.9580565809349766 × 10^285 |
| 73 | ov_073 | 1.6387335169159902 × 10^285 |
| 74 | ov_074 | 1.3612830723377024 × 10^285 |
| 75 | ov_075 | 1.1216344000406192 × 10^285 |
| 76 | ov_076 | 9.159630299565867 × 10^284 |
| 77 | ov_077 | 7.40676841729831 × 10^284 |
| 78 | ov_078 | 5.924035844181495 × 10^284 |
| 79 | ov_079 | 4.679798491901556 × 10^284 |
| 80 | ov_080 | 3.64441402133521 × 10^284 |
| 81 | ov_081 | 2.790147851878705 × 10^284 |
| 82 | ov_082 | 2.1035998979780604 × 10^284 |
| 83 | ov_083 | 1.5606452878694131 × 10^284 |
| 84 | ov_084 | 1.1388819147529641 × 10^284 |
| 85 | ov_085 | 8.175880814920048 × 10^283 |
| 86 | ov_086 | 5.776882975024791 × 10^283 |
| 87 | ov_087 | 4.017263284818156 × 10^283 |
| 88 | ov_088 | 2.7384460034415877 × 10^283 |
| 89 | ov_089 | 1.7976905914751425 × 10^283 |
| 90 | ov_090 | 1.1275697838268235 × 10^283 |
| 91 | ov_091 | 6.684996868744031 × 10^282 |
| 92 | ov_092 | 3.687131967111786 × 10^282 |
| 93 | ov_093 | 1.8424506024583212 × 10^282 |
| 94 | ov_094 | 7.892453675085471 × 10^281 |
| 95 | aaa_78_28 | 2.437240282646016 × 10^281 |
| 96 | aaa_78_29 | 7.485467179042873 × 10^280 |
| 97 | ov_097 | 4.944453676305786 × 10^280 |
| 98 | ov_098 | 4.944306209269664 × 10^280 |
| 99 | ov_099 | 4.944259157998281 × 10^280 |
| 100 | ov_100 | 4.4497994399009715 × 10^280 |
| 101 | ov_101 | 3.9917046586414744 × 10^280 |
| 102 | ov_102 | 3.5679972462978307 × 10^280 |
| 103 | ov_103 | 3.176843991862999 × 10^280 |
| 104 | ov_104 | 2.816536744098679 × 10^280 |
| 105 | ov_105 | 2.4854749141357924 × 10^280 |
| 106 | ov_106 | 2.1821496872163724 × 10^280 |
| 107 | ov_107 | 1.9051298558551908 × 10^280 |
| 108 | ov_108 | 1.6530491889398393 × 10^280 |
| 109 | ov_109 | 1.4245952529868878 × 10^280 |
| 110 | ov_110 | 1.2184996030193715 × 10^280 |
| 111 | ov_111 | 1.0335292614134845 × 10^280 |
| 112 | ov_112 | 8.684794036600964 × 10^279 |
| 113 | ov_113 | 7.221671703730421 × 10^279 |
| 114 | ov_114 | 5.934265251176672 × 10^279 |
| 115 | ov_115 | 4.8110407778549373 × 10^279 |
| 116 | ov_116 | 3.840557933435122 × 10^279 |
| 117 | ov_117 | 3.011445058605777 × 10^279 |
| 118 | ov_118 | 2.312380821150895 × 10^279 |
| 119 | ov_119 | 1.7320801346978627 × 10^279 |
| 120 | ov_120 | 1.2592831036747861 × 10^279 |
| 121 | ov_121 | 8.827465946180287 × 10^278 |
| 122 | ov_122 | 5.912380340262777 × 10^278 |
| 123 | ov_123 | 3.73531032978178 × 10^278 |
| 124 | ov_124 | 2.1840243872984687 × 10^278 |
| 125 | ov_125 | 1.1463051034834251 × 10^278 |
| 126 | ov_126 | 5.099398934307953 × 10^277 |
| 127 | aaa_77_28 | 1.6271743454751492 × 10^277 |
| 128 | aaa_77_29 | 6.093592593223979 × 10^276 |
| 129 | ov_129 | 5.575946582824036 × 10^276 |
| 130 | ov_130 | 5.575929494032706 × 10^276 |
| 131 | ov_131 | 5.575925371569032 × 10^276 |
| 132 | ov_132 | 4.818591152658538 × 10^276 |
| 133 | ov_133 | 4.1418426148869257 × 10^276 |
| 134 | ov_134 | 3.539550972629967 × 10^276 |
| 135 | ov_135 | 3.005906039246259 × 10^276 |
| 136 | ov_136 | 2.5353933253529223 × 10^276 |
| 137 | ov_137 | 2.1227745747286284 × 10^276 |
| 138 | ov_138 | 1.7630713902234395 × 10^276 |
| 139 | ov_139 | 1.4515516193293072 × 10^276 |
| 140 | ov_140 | 1.1837181859404127 × 10^276 |
| 141 | ov_141 | 9.553000714157589 × 10^275 |
| 142 | ov_142 | 7.622451644334608 × 10^275 |
| 143 | ov_143 | 6.007147153630224 × 10^275 |
| 144 | ov_144 | 4.670791470262682 × 10^275 |
| 145 | ov_145 | 3.579149898011601 × 10^275 |
| 146 | ov_146 | 2.7000272506441914 × 10^275 |
| 147 | ov_147 | 2.0032533697956337 × 10^275 |
| 148 | ov_148 | 1.46067388623651 × 10^275 |
| 149 | ov_149 | 1.0461445441406297 × 10^275 |
| 150 | ov_150 | 7.355276426316173 × 10^274 |
| 151 | ov_151 | 5.0668958890996785 × 10^274 |
| 152 | ov_152 | 3.3949908772558195 × 10^274 |
| 153 | ov_153 | 2.158258123985131 × 10^274 |
| 154 | ov_154 | 1.2710470321616638 × 10^274 |
| 155 | ov_155 | 6.577053217904681 × 10^273 |
| 156 | aaa_76_25 | 2.5257683752964467 × 10^273 |
| 157 | aaa_76_26 | 1.4569257693668906 × 10^273 |
| 158 | aaa_76_27 | 7.448189233794868 × 10^272 |
| 159 | aaa_76_28 | 2.8951029846321188 × 10^272 |
| 160 | aaa_76_29 | 8.789393089024396 × 10^271 |

### Output Bits Sorted by Complexity

| Rank | Output Bit | Complexity |
|:----:|:----------:|:----------:|
| 160 | aaa_76_29 | 8.789393089024396 × 10^271 |
| 159 | aaa_76_28 | 2.8951029846321188 × 10^272 |
| 158 | aaa_76_27 | 7.448189233794868 × 10^272 |
| 157 | aaa_76_26 | 1.4569257693668906 × 10^273 |
| 156 | aaa_76_25 | 2.5257683752964467 × 10^273 |
| 155 | ov_155 | 6.577053217904681 × 10^273 |
| 154 | ov_154 | 1.2710470321616638 × 10^274 |
| 153 | ov_153 | 2.158258123985131 × 10^274 |
| 152 | ov_152 | 3.3949908772558195 × 10^274 |
| 151 | ov_151 | 5.0668958890996785 × 10^274 |
| 150 | ov_150 | 7.355276426316173 × 10^274 |
| 149 | ov_149 | 1.0461445441406297 × 10^275 |
| 148 | ov_148 | 1.46067388623651 × 10^275 |
| 147 | ov_147 | 2.0032533697956337 × 10^275 |
| 146 | ov_146 | 2.7000272506441914 × 10^275 |
| 145 | ov_145 | 3.579149898011601 × 10^275 |
| 144 | ov_144 | 4.670791470262682 × 10^275 |
| 143 | ov_143 | 6.007147153630224 × 10^275 |
| 142 | ov_142 | 7.622451644334608 × 10^275 |
| 141 | ov_141 | 9.553000714157589 × 10^275 |
| 140 | ov_140 | 1.1837181859404127 × 10^276 |
| 139 | ov_139 | 1.4515516193293072 × 10^276 |
| 138 | ov_138 | 1.7630713902234395 × 10^276 |
| 137 | ov_137 | 2.1227745747286284 × 10^276 |
| 136 | ov_136 | 2.5353933253529223 × 10^276 |
| 135 | ov_135 | 3.005906039246259 × 10^276 |
| 134 | ov_134 | 3.539550972629967 × 10^276 |
| 133 | ov_133 | 4.1418426148869257 × 10^276 |
| 132 | ov_132 | 4.818591152658538 × 10^276 |
| 131 | ov_131 | 5.575925371569032 × 10^276 |
| 130 | ov_130 | 5.575929494032706 × 10^276 |
| 129 | ov_129 | 5.575946582824036 × 10^276 |
| 128 | aaa_77_29 | 6.093592593223979 × 10^276 |
| 127 | aaa_77_28 | 1.6271743454751492 × 10^277 |
| 126 | ov_126 | 5.099398934307953 × 10^277 |
| 125 | ov_125 | 1.1463051034834251 × 10^278 |
| 124 | ov_124 | 2.1840243872984687 × 10^278 |
| 123 | ov_123 | 3.73531032978178 × 10^278 |
| 122 | ov_122 | 5.912380340262777 × 10^278 |
| 121 | ov_121 | 8.827465946180287 × 10^278 |
| 120 | ov_120 | 1.2592831036747861 × 10^279 |
| 119 | ov_119 | 1.7320801346978627 × 10^279 |
| 118 | ov_118 | 2.312380821150895 × 10^279 |
| 117 | ov_117 | 3.011445058605777 × 10^279 |
| 116 | ov_116 | 3.840557933435122 × 10^279 |
| 115 | ov_115 | 4.8110407778549373 × 10^279 |
| 114 | ov_114 | 5.934265251176672 × 10^279 |
| 113 | ov_113 | 7.221671703730421 × 10^279 |
| 112 | ov_112 | 8.684794036600964 × 10^279 |
| 111 | ov_111 | 1.0335292614134845 × 10^280 |
| 110 | ov_110 | 1.2184996030193715 × 10^280 |
| 109 | ov_109 | 1.4245952529868878 × 10^280 |
| 108 | ov_108 | 1.6530491889398393 × 10^280 |
| 107 | ov_107 | 1.9051298558551908 × 10^280 |
| 106 | ov_106 | 2.1821496872163724 × 10^280 |
| 105 | ov_105 | 2.4854749141357924 × 10^280 |
| 104 | ov_104 | 2.816536744098679 × 10^280 |
| 103 | ov_103 | 3.176843991862999 × 10^280 |
| 102 | ov_102 | 3.5679972462978307 × 10^280 |
| 101 | ov_101 | 3.9917046586414744 × 10^280 |
| 100 | ov_100 | 4.4497994399009715 × 10^280 |
| 99 | ov_099 | 4.944259157998281 × 10^280 |
| 98 | ov_098 | 4.944306209269664 × 10^280 |
| 97 | ov_097 | 4.944453676305786 × 10^280 |
| 96 | aaa_78_29 | 7.485467179042873 × 10^280 |
| 95 | aaa_78_28 | 2.437240282646016 × 10^281 |
| 94 | ov_094 | 7.892453675085471 × 10^281 |
| 93 | ov_093 | 1.8424506024583212 × 10^282 |
| 92 | ov_092 | 3.687131967111786 × 10^282 |
| 91 | ov_091 | 6.684996868744031 × 10^282 |
| 90 | ov_090 | 1.1275697838268235 × 10^283 |
| 89 | ov_089 | 1.7976905914751425 × 10^283 |
| 88 | ov_088 | 2.7384460034415877 × 10^283 |
| 87 | ov_087 | 4.017263284818156 × 10^283 |
| 86 | ov_086 | 5.776882975024791 × 10^283 |
| 85 | ov_085 | 8.175880814920048 × 10^283 |
| 84 | ov_084 | 1.1388819147529641 × 10^284 |
| 83 | ov_083 | 1.5606452878694131 × 10^284 |
| 82 | ov_082 | 2.1035998979780604 × 10^284 |
| 81 | ov_081 | 2.790147851878705 × 10^284 |
| 80 | ov_080 | 3.64441402133521 × 10^284 |
| 64 | lv_79_m31 | 3.655285773568061 × 10^284 |
| 79 | ov_079 | 4.679798491901556 × 10^284 |
| 78 | ov_078 | 5.924035844181495 × 10^284 |
| 77 | ov_077 | 7.40676841729831 × 10^284 |
| 76 | ov_076 | 9.159630299565867 × 10^284 |
| 75 | ov_075 | 1.1216344000406192 × 10^285 |
| 74 | ov_074 | 1.3612830723377024 × 10^285 |
| 73 | ov_073 | 1.6387335169159902 × 10^285 |
| 63 | ov_063 | 1.878460754527461 × 10^285 |
| 72 | ov_072 | 1.9580565809349766 × 10^285 |
| 71 | ov_071 | 2.3235851587622146 × 10^285 |
| 70 | ov_070 | 2.739931602513757 × 10^285 |
| 69 | ov_069 | 3.212006973274482 × 10^285 |
| 68 | ov_068 | 3.745042236459785 × 10^285 |
| 67 | ov_067 | 4.3446115087204143 × 10^285 |
| 66 | ov_066 | 4.344615111792888 × 10^285 |
| 65 | ov_065 | 4.344629832542869 × 10^285 |
| 62 | ov_062 | 9.651304173472772 × 10^285 |
| 61 | ov_061 | 3.5228914116268553 × 10^286 |
| 60 | ov_060 | 1.0098526979172644 × 10^287 |
| 59 | ov_059 | 2.439933671468654 × 10^287 |
| 58 | ov_058 | 4.957126913450147 × 10^287 |
| 57 | ov_057 | 8.96418024490447 × 10^287 |
| 56 | ov_056 | 1.4951998544142714 × 10^288 |
| 55 | ov_055 | 2.3499654833806007 × 10^288 |
| 54 | ov_054 | 3.527441417235822 × 10^288 |
| 53 | ov_053 | 5.1031778635392344 × 10^288 |
| 52 | ov_052 | 7.16155647389848 × 10^288 |
| 51 | ov_051 | 9.880184429021914 × 10^288 |
| 50 | ov_050 | 1.345437554788677 × 10^289 |
| 49 | ov_049 | 1.809719657502108 × 10^289 |
| 48 | ov_048 | 2.403953289288576 × 10^289 |
| 47 | ov_047 | 3.153017941485874 × 10^289 |
| 32 | lv_80_m31 | 3.9027767587535284 × 10^289 |
| 46 | ov_046 | 4.0835965145543125 × 10^289 |
| 45 | ov_045 | 5.22419228678756 × 10^289 |
| 44 | ov_044 | 6.605151728622522 × 10^289 |
| 43 | ov_043 | 8.258694624302087 × 10^289 |
| 42 | ov_042 | 1.0218953093399398 × 10^290 |
| 41 | ov_041 | 1.2522021237931111 × 10^290 |
| 40 | ov_040 | 1.5187472679457147 × 10^290 |
| 39 | ov_039 | 1.8235951882291856 × 10^290 |
| 31 | ov_031 | 2.0010531028423697 × 10^290 |
| 38 | ov_038 | 2.1689224220636397 × 10^290 |
| 37 | ov_037 | 2.55920009797497 × 10^290 |
| 36 | ov_036 | 2.9991424971747285 × 10^290 |
| 35 | ov_035 | 3.493722361807136 × 10^290 |
| 34 | ov_034 | 4.0481887822430284 × 10^290 |
| 33 | ov_033 | 4.6680879603508274 × 10^290 |
| 30 | ov_030 | 1.0258561873898084 × 10^291 |
| 29 | ov_029 | 3.3556795123845754 × 10^291 |
| 28 | ov_028 | 8.709168684964348 × 10^291 |
| 27 | ov_027 | 1.9465538236718187 × 10^292 |
| 26 | ov_026 | 3.892561599741402 × 10^292 |
| 25 | ov_025 | 7.131185426697631 × 10^292 |
| 24 | ov_024 | 1.2176837246414728 × 10^293 |
| 23 | ov_023 | 1.9636108182978773 × 10^293 |
| 22 | ov_022 | 3.0814389679355932 × 10^293 |
| 21 | ov_021 | 4.720155192111841 × 10^293 |
| 20 | ov_020 | 7.0472108909928855 × 10^293 |
| 19 | ov_019 | 1.024854883823858 × 10^294 |
| 18 | ov_018 | 1.4528644232163625 × 10^294 |
| 17 | ov_017 | 2.0110564086255382 × 10^294 |
| 16 | ov_016 | 2.723604994461566 × 10^294 |
| 15 | ov_015 | 3.616562961367657 × 10^294 |
| 14 | ov_014 | 4.717876515165581 × 10^294 |
| 13 | ov_013 | 6.057404768423016 × 10^294 |
| 12 | ov_012 | 7.6669453208704 × 10^294 |
| 11 | ov_011 | 9.58026757231924 × 10^294 |
| 10 | ov_010 | 1.183315554406872 × 10^295 |
| 9 | ov_009 | 1.4463462127761788 × 10^295 |
| 8 | ov_008 | 1.751117682450675 × 10^295 |
| 7 | ov_007 | 2.101850918213728 × 10^295 |
| 6 | ov_006 | 2.502999028515991 × 10^295 |
| 5 | ov_005 | 2.9592594800762 × 10^295 |
| 4 | ov_004 | 3.4755886235877016 × 10^295 |
| 3 | ov_003 | 4.0572188030063306 × 10^295 |
| 2 | ov_002 | 4.709678270203229 × 10^295 |
| 1 | ov_001 | 5.43881408350039 × 10^295 |

