# Results for F001-F002-F003-F004-F005-F006-F007-F008-F009-F010-F011-F012-F013-F014-F015-F016-F017-F018-F019-F020-F021-F022-F023-F024-F025-F026-F027-F028-F029-F030-F031-F032-F033-F034-F035-F036-F037-F038-F039-F040-F041-F042-F043-F044-F045-F046-F047-F048-F049-F050-F051-F052-F053-F054-F055-F056-F057-F058-F059-F060-F061-F062-F063-F064-F065-F066-F067-F068-F069-F070-F071-F072-F073-F074-F075-F076-F077-F078-F079-F080-F081-F082-F083-F084-F085-F086-F087-F088-F089-F090-F091-F092-F093-F094-F095-F096-F097-F098-F099-F100-F101-F102-F103-F104-F105-F106-F107-F108-F109-F110-F111-F112-F113-F114-F115-F116-F117-F118-F119-F120-F121-F122-F123-F124-F125-F126-F127-F128-F129-F130-F131-F132-F133-F134-F135-F136-F137-F138-F139-F140-F141-F142-F143-F144-F145-F146-F147-F148-F149-F150-F151-F152-F153-F154-F155-F156-F157-F158-F159-F160-F161-F162-F163-F164-F165-F166-F167-F168-F169-F170-F171-F172-F173-F174-F175-F176-F177-F178-F179-F180-F181-F182-F183-F184-F185-F186-F187-F188-F189-F190-F191-F192-F193-F194-F195-F196-F197-F198-F199-F200-F201-F202-F203-F204-F205-F206-F207-F208-F209-F210-F211-F212-F213-F214-F215-F216-F217-F218-F219-F220-F221-F222-F223-F224-F225-F226-F227-F228-F229-F230-F231-F232-F233-F234-F235-F236-F237-F238-F239-F240-F241-F242-F243-F244-F245-F246-F247-F248-F249-F250-F251-F252-F253-F254-F255-F256-F257-F258-F259-F260-F261-F262-F263-F264-F265-F266-F267-F268-F269-F270-F271-F272-F273-F274-F275-F276-F277-F278-F279-F280-F281-F282-F283-F284-F285-F286-F287-F288-F289-F290-F291-F292-F293-F294-F295-F296-F297-F298-F299-F300-F301-F302-F303-F304-F305-F306-F307-F308-F309-F310-F311-F312-F313-F314-F315-F316-F317-F318-F319-F320-F321-F322-F323-F324-F325-F326-F327-F328-F329-F330-F331-F332-F333-F334-F335-F336-F337-F338-F339-F340-F341-F342-F343-F344-F345-F346-F347-F348-F349-F350-F351-F352-F353-F354-F355-F356-F357-F358-F359-F360-F361-F362-F363-F364-F365-F366-F367-F368-F369-F370-F371-F372-F373-F374-F375-F376-F377-F378-F379-F380-F381-F382-F383-F384-F385-F386-F387-F388-F389-F390-F391-F392-F393-F394-F395-F396-F397-F398-F399-F400-F401-F402-F403-F404-F405-F406-F407-F408-F409-F410-F411-F412-F413-F414-F415-F416-F417-F418-F419-F420-F421-F422-F423-F424-F425-F426-F427-F428-F429-F430-F431-F432-F433-F434-F435-F436-F437-F438-F439-F440-F441-F442-F443-F444-F445-F446-F447-F448-F449-F450-F451-F452-F453-F454-F455-F456-F457-F458-F459-F460-F461-F462-F463-F464-F465-F466-F467-F468-F469-F470-F471-F472-F473-F474-F475-F476-F477-F478-F479-F480-F481-F482-F483-F484-F485-F486-F487-F488-F489-F490-F491-F492-F493-F494-F495-F496-E498503-O499505-O499508-F509-F510-F511-F512

## Summary

Number of input bits: 512  
Number of free input bits: 9  
Number of output bits: 160

Number of direct occurrences: 36618  
Number of assignments: 31110  
Number of operations: 10932841
(xor: 10904795,
and: 14760,
or: 13286)

Total complexity: 1.6259330002093074 × 10^299

Least occurring input variable: iv_502 (3791)  
Most occurring input variable: iv_499 (4390)

Most co-occurring input variables: iv_499-iv_507 (2051)  
Least co-occurring input variables: iv_502-iv_504 (1733)

Potentially most occurring input variable: iv_498/iv_499 (4757)  
Potentially least occurring input variable: iv_506/iv_507 (4150)

Least output occurring input variable: iv_498 (68)  
Most output occurring input variable: iv_497 (89)

Most output co-occurring input variables: iv_497-iv_506 (51)  
Least output co-occurring input variables: iv_498-iv_499 (26)

Potentially most output occurring input variable: iv_497/iv_498 (93)  
Potentially least output occurring input variable: iv_499/iv_506 (65)

Least complex input bit: iv_497 (5.770566976726988 × 10^296)  
Most complex input bit: iv_499 (6.441459322303112 × 10^298)

Least complex output bit: aaa_76_29 (1.0609955134364434 × 10^274)  
Most complex output bit: ov_001 (2.600828430793504 × 10^298)

Least complex input/output complexity: iv_497/aaa_76_29 (3.7655584033928054 × 10^271)  
Most complex input/output complexity: iv_499/ov_001 (1.0303702882645925 × 10^298)

## Input Bits

### Input Bits in Regular Order

| Input Bit | Complexity | Occurrences | Output Occurrences |
|:---------:|:----------:|:-----------:|:------------------:|
| iv_497 | 5.770566976726988 × 10^296 | 4094 | 89 |
| iv_498 | 1.5580354680264863 × 10^298 | 4231 | 68 |
| iv_499 | 6.441459322303112 × 10^298 | 4390 | 74 |
| iv_500 | 3.432517688574053 × 10^297 | 4084 | 76 |
| iv_501 | 5.6500544679674105 × 10^297 | 4061 | 79 |
| iv_502 | 9.108428496959604 × 10^297 | 3791 | 71 |
| iv_504 | 2.2404388151920373 × 10^298 | 3885 | 69 |
| iv_506 | 1.709707699886731 × 10^298 | 3932 | 81 |
| iv_507 | 2.432882961567341 × 10^298 | 4150 | 76 |

### Input Bits Sorted by Complexity

| Input Bit | Complexity | Occurrences | Output Occurrences |
|:---------:|:----------:|:-----------:|:------------------:|
| iv_497 | 5.770566976726988 × 10^296 | 4094 | 89 |
| iv_500 | 3.432517688574053 × 10^297 | 4084 | 76 |
| iv_501 | 5.6500544679674105 × 10^297 | 4061 | 79 |
| iv_502 | 9.108428496959604 × 10^297 | 3791 | 71 |
| iv_498 | 1.5580354680264863 × 10^298 | 4231 | 68 |
| iv_506 | 1.709707699886731 × 10^298 | 3932 | 81 |
| iv_504 | 2.2404388151920373 × 10^298 | 3885 | 69 |
| iv_507 | 2.432882961567341 × 10^298 | 4150 | 76 |
| iv_499 | 6.441459322303112 × 10^298 | 4390 | 74 |

### Input Bits Sorted by Occurrences

| Input Bit | Complexity | Occurrences | Output Occurrences |
|:---------:|:----------:|:-----------:|:------------------:|
| iv_502 | 9.108428496959604 × 10^297 | 3791 | 71 |
| iv_504 | 2.2404388151920373 × 10^298 | 3885 | 69 |
| iv_506 | 1.709707699886731 × 10^298 | 3932 | 81 |
| iv_501 | 5.6500544679674105 × 10^297 | 4061 | 79 |
| iv_500 | 3.432517688574053 × 10^297 | 4084 | 76 |
| iv_497 | 5.770566976726988 × 10^296 | 4094 | 89 |
| iv_507 | 2.432882961567341 × 10^298 | 4150 | 76 |
| iv_498 | 1.5580354680264863 × 10^298 | 4231 | 68 |
| iv_499 | 6.441459322303112 × 10^298 | 4390 | 74 |

### Input Bits Sorted by Output Occurrences

| Input Bit | Complexity | Occurrences | Output Occurrences |
|:---------:|:----------:|:-----------:|:------------------:|
| iv_498 | 1.5580354680264863 × 10^298 | 4231 | 68 |
| iv_504 | 2.2404388151920373 × 10^298 | 3885 | 69 |
| iv_502 | 9.108428496959604 × 10^297 | 3791 | 71 |
| iv_499 | 6.441459322303112 × 10^298 | 4390 | 74 |
| iv_500 | 3.432517688574053 × 10^297 | 4084 | 76 |
| iv_507 | 2.432882961567341 × 10^298 | 4150 | 76 |
| iv_501 | 5.6500544679674105 × 10^297 | 4061 | 79 |
| iv_506 | 1.709707699886731 × 10^298 | 3932 | 81 |
| iv_497 | 5.770566976726988 × 10^296 | 4094 | 89 |

## Input Bit Co-occurrences

### Input Bit Co-occurrences Sorted by Co-occurrences

| Input Bits | Co-occurrences | Potential Occurrences | Output Co-occurrences | Potential Output Occurrences |
|:----------:|:--------------:|:---------------------:|:---------------------:|:----------------------------:|
| iv_499-iv_507 | 2051 | 4438 | 35 | 80 |
| iv_498-iv_501 | 2024 | 4244 | 37 | 73 |
| iv_497-iv_507 | 2011 | 4222 | 42 | 81 |
| iv_497-iv_499 | 1995 | 4494 | 45 | 73 |
| iv_499-iv_500 | 1991 | 4492 | 35 | 80 |
| iv_497-iv_501 | 1973 | 4209 | 41 | 86 |
| iv_497-iv_500 | 1968 | 4242 | 38 | 89 |
| iv_506-iv_507 | 1966 | 4150 | 39 | 79 |
| iv_500-iv_507 | 1966 | 4302 | 35 | 82 |

### Input Bit Co-occurrences Sorted by Potential Occurrences

| Input Bits | Co-occurrences | Potential Occurrences | Output Co-occurrences | Potential Output Occurrences |
|:----------:|:--------------:|:---------------------:|:---------------------:|:----------------------------:|
| iv_506-iv_507 | 1966 | 4150 | 39 | 79 |
| iv_504-iv_506 | 1824 | 4169 | 29 | 92 |
| iv_500-iv_502 | 1852 | 4171 | 33 | 81 |
| iv_497-iv_506 | 1923 | 4180 | 51 | 68 |
| iv_502-iv_506 | 1771 | 4181 | 38 | 76 |
| iv_501-iv_502 | 1827 | 4198 | 37 | 76 |
| iv_500-iv_506 | 1907 | 4202 | 34 | 89 |
| iv_497-iv_502 | 1841 | 4203 | 38 | 84 |
| iv_497-iv_501 | 1973 | 4209 | 41 | 86 |

### Input Bit Output Co-occurrences Sorted by Output Co-occurrences

| Input Bits | Co-occurrences | Potential Occurrences | Output Co-occurrences | Potential Output Occurrences |
|:----------:|:--------------:|:---------------------:|:---------------------:|:----------------------------:|
| iv_497-iv_506 | 1923 | 4180 | 51 | 68 |
| iv_499-iv_506 | 1851 | 4620 | 45 | 65 |
| iv_497-iv_499 | 1995 | 4494 | 45 | 73 |
| iv_500-iv_501 | 1964 | 4217 | 42 | 71 |
| iv_497-iv_507 | 2011 | 4222 | 42 | 81 |
| iv_497-iv_501 | 1973 | 4209 | 41 | 86 |
| iv_506-iv_507 | 1966 | 4150 | 39 | 79 |
| iv_501-iv_507 | 1913 | 4385 | 38 | 79 |
| iv_497-iv_504 | 1884 | 4211 | 38 | 82 |

### Input Bit Output Co-occurrences Sorted by Potential Output Occurrences

| Input Bits | Co-occurrences | Potential Occurrences | Output Co-occurrences | Potential Output Occurrences |
|:----------:|:--------------:|:---------------------:|:---------------------:|:----------------------------:|
| iv_499-iv_506 | 1851 | 4620 | 45 | 65 |
| iv_497-iv_506 | 1923 | 4180 | 51 | 68 |
| iv_500-iv_501 | 1964 | 4217 | 42 | 71 |
| iv_498-iv_501 | 2024 | 4244 | 37 | 73 |
| iv_504-iv_507 | 1885 | 4265 | 36 | 73 |
| iv_499-iv_502 | 1777 | 4627 | 36 | 73 |
| iv_497-iv_499 | 1995 | 4494 | 45 | 73 |
| iv_498-iv_507 | 1946 | 4489 | 35 | 74 |
| iv_498-iv_504 | 1895 | 4326 | 31 | 75 |

## Output Bits

### Output Bits in Regular Order

| Rank | Output Bit | Complexity |
|:----:|:----------:|:----------:|
| 1 | ov_001 | 2.600828430793504 × 10^298 |
| 2 | ov_002 | 2.2555013074785247 × 10^298 |
| 3 | ov_003 | 1.9461531132723494 × 10^298 |
| 4 | ov_004 | 1.6700575583317827 × 10^298 |
| 5 | ov_005 | 1.424637014090596 × 10^298 |
| 6 | ov_006 | 1.207451913732488 × 10^298 |
| 7 | ov_007 | 1.0161915208429959 × 10^298 |
| 8 | ov_008 | 8.48665977358331 × 10^297 |
| 9 | ov_009 | 7.027995318450027 × 10^297 |
| 10 | ov_010 | 5.766248309917055 × 10^297 |
| 11 | ov_011 | 4.682781558474205 × 10^297 |
| 12 | ov_012 | 3.759954911039545 × 10^297 |
| 13 | ov_013 | 2.981093223577293 × 10^297 |
| 14 | ov_014 | 2.3304606282427954 × 10^297 |
| 15 | ov_015 | 1.793240174440511 × 10^297 |
| 16 | ov_016 | 1.3555179872926792 × 10^297 |
| 17 | ov_017 | 1.0042711507404396 × 10^297 |
| 18 | ov_018 | 7.273585859491324 × 10^296 |
| 19 | ov_019 | 5.135142589484142 × 10^296 |
| 20 | ov_020 | 3.5234214437178432 × 10^296 |
| 21 | ov_021 | 2.343125206847999 × 10^296 |
| 22 | ov_022 | 1.507593089598835 × 10^296 |
| 23 | ov_023 | 9.387823248152429 × 10^295 |
| 24 | ov_024 | 5.672560593848947 × 10^295 |
| 25 | ov_025 | 3.3217594426626863 × 10^295 |
| 26 | ov_026 | 1.8129807478949323 × 10^295 |
| 27 | ov_027 | 9.064877241634482 × 10^294 |
| 28 | ov_028 | 4.055034497724945 × 10^294 |
| 29 | ov_029 | 1.5620894522001535 × 10^294 |
| 30 | ov_030 | 4.7742669342957094 × 10^293 |
| 31 | ov_031 | 9.30979751752784 × 10^292 |
| 32 | lv_80_m31 | 1.8151007452840693 × 10^292 |
| 33 | ov_033 | 2.175024437191771 × 10^293 |
| 34 | ov_034 | 1.8859624079478645 × 10^293 |
| 35 | ov_035 | 1.6273760366245247 × 10^293 |
| 36 | ov_036 | 1.3967859240907646 × 10^293 |
| 37 | ov_037 | 1.191846470497308 × 10^293 |
| 38 | ov_038 | 1.0103363959567943 × 10^293 |
| 39 | ov_039 | 8.501505479665058 × 10^292 |
| 40 | ov_040 | 7.092928735927829 × 10^292 |
| 41 | ov_041 | 5.858704406570782 × 10^292 |
| 42 | ov_042 | 4.789618779484892 × 10^292 |
| 43 | ov_043 | 3.8769370578710467 × 10^292 |
| 44 | ov_044 | 3.1045536249728187 × 10^292 |
| 45 | ov_045 | 2.4572387834600565 × 10^292 |
| 46 | ov_046 | 1.920616157153555 × 10^292 |
| 47 | ov_047 | 1.4811448879327599 × 10^292 |
| 48 | ov_048 | 1.1261058804140968 × 10^292 |
| 49 | ov_049 | 8.435914033173246 × 10^291 |
| 50 | ov_050 | 6.224974124643312 × 10^291 |
| 51 | ov_051 | 4.525180161412487 × 10^291 |
| 52 | ov_052 | 3.2414155916113287 × 10^291 |
| 53 | ov_053 | 2.2864787978267186 × 10^291 |
| 54 | ov_054 | 1.5810641259538512 × 10^291 |
| 55 | ov_055 | 1.0537491901382796 × 10^291 |
| 56 | ov_056 | 6.707923640363519 × 10^290 |
| 57 | ov_057 | 4.023880883828557 × 10^290 |
| 58 | ov_058 | 2.2266512353105087 × 10^290 |
| 59 | ov_059 | 1.0968564160506271 × 10^290 |
| 60 | ov_060 | 4.544481485427357 × 10^289 |
| 61 | ov_061 | 1.587066735234797 × 10^289 |
| 62 | ov_062 | 4.352586794403086 × 10^288 |
| 63 | ov_063 | 8.481109232466958 × 10^287 |
| 64 | lv_79_m31 | 1.6521686211973299 × 10^287 |
| 65 | ov_065 | 1.9589020702702978 × 10^288 |
| 66 | ov_066 | 1.9588969476284686 × 10^288 |
| 67 | ov_067 | 1.9588957363060777 × 10^288 |
| 68 | ov_068 | 1.6938022040988496 × 10^288 |
| 69 | ov_069 | 1.4567156610882094 × 10^288 |
| 70 | ov_070 | 1.2455464592602524 × 10^288 |
| 71 | ov_071 | 1.0583029846588976 × 10^288 |
| 72 | ov_072 | 8.930861224811575 × 10^287 |
| 73 | ov_073 | 7.480849529507614 × 10^287 |
| 74 | ov_074 | 6.2157342639273376 × 10^287 |
| 75 | ov_075 | 5.119077791582905 × 10^287 |
| 76 | ov_076 | 4.175244647791922 × 10^287 |
| 77 | ov_077 | 3.369384100175652 × 10^287 |
| 78 | ov_078 | 2.6874148493308823 × 10^287 |
| 79 | ov_079 | 2.116011510134931 × 10^287 |
| 80 | ov_080 | 1.6425927598265152 × 10^287 |
| 81 | ov_081 | 1.2553110401570453 × 10^287 |
| 82 | ov_082 | 9.43043701750362 × 10^286 |
| 83 | ov_083 | 6.953854794166819 × 10^286 |
| 84 | ov_084 | 5.026421875997676 × 10^286 |
| 85 | ov_085 | 3.558255254413595 × 10^286 |
| 86 | ov_086 | 2.4664888115647823 × 10^286 |
| 87 | ov_087 | 1.6752402555145403 × 10^286 |
| 88 | ov_088 | 1.1155858460299458 × 10^286 |
| 89 | ov_089 | 7.255418106696304 × 10^285 |
| 90 | ov_090 | 4.5005135112290534 × 10^285 |
| 91 | ov_091 | 2.633165025765305 × 10^285 |
| 92 | ov_092 | 1.4299690233668105 × 10^285 |
| 93 | ov_093 | 7.020795276724466 × 10^284 |
| 94 | ov_094 | 2.951991820816206 × 10^284 |
| 95 | aaa_78_28 | 8.957556169980297 × 10^283 |
| 96 | aaa_78_29 | 2.676260493949538 × 10^283 |
| 97 | ov_097 | 1.4167949045366305 × 10^283 |
| 98 | ov_098 | 1.4167767319122894 × 10^283 |
| 99 | ov_099 | 1.4167709302409597 × 10^283 |
| 100 | ov_100 | 1.159781404302955 × 10^283 |
| 101 | ov_101 | 9.432208493049192 × 10^282 |
| 102 | ov_102 | 7.626194850828418 × 10^282 |
| 103 | ov_103 | 6.137520195353949 × 10^282 |
| 104 | ov_104 | 4.926197804199171 × 10^282 |
| 105 | ov_105 | 3.9543520010995997 × 10^282 |
| 106 | ov_106 | 3.1860843681500617 × 10^282 |
| 107 | ov_107 | 2.5873592679763884 × 10^282 |
| 108 | ov_108 | 2.125906727829598 × 10^282 |
| 109 | ov_109 | 1.7711408411796917 × 10^282 |
| 110 | ov_110 | 1.4940919437186017 × 10^282 |
| 111 | ov_111 | 1.2673509202839402 × 10^282 |
| 112 | ov_112 | 1.0650240975549465 × 10^282 |
| 113 | ov_113 | 8.856601848995749 × 10^281 |
| 114 | ov_114 | 7.27829540776174 × 10^281 |
| 115 | ov_115 | 5.901187979388201 × 10^281 |
| 116 | ov_116 | 4.711265506282265 × 10^281 |
| 117 | ov_117 | 3.6946000772647505 × 10^281 |
| 118 | ov_118 | 2.8373251591627797 × 10^281 |
| 119 | ov_119 | 2.1256177814762563 × 10^281 |
| 120 | ov_120 | 1.5456852594471748 × 10^281 |
| 121 | ov_121 | 1.0837550684925951 × 10^281 |
| 122 | ov_122 | 7.26067390679103 × 10^280 |
| 123 | ov_123 | 4.588698539489726 × 10^280 |
| 124 | ov_124 | 2.6841398481497093 × 10^280 |
| 125 | ov_125 | 1.4095301177255635 × 10^280 |
| 126 | ov_126 | 6.274074538540146 × 10^279 |
| 127 | aaa_77_28 | 2.0031148640369034 × 10^279 |
| 128 | aaa_77_29 | 7.505986908734224 × 10^278 |
| 129 | ov_129 | 6.892738244257676 × 10^278 |
| 130 | ov_130 | 6.892717597130065 × 10^278 |
| 131 | ov_131 | 6.892712610454605 × 10^278 |
| 132 | ov_132 | 5.970927781974421 × 10^278 |
| 133 | ov_133 | 5.143567276383948 × 10^278 |
| 134 | ov_134 | 4.4032240067116966 × 10^278 |
| 135 | ov_135 | 3.7462958386666555 × 10^278 |
| 136 | ov_136 | 3.1661287056596956 × 10^278 |
| 137 | ov_137 | 2.6564070110554077 × 10^278 |
| 138 | ov_138 | 2.2111332749596732 × 10^278 |
| 139 | ov_139 | 1.8246110594204855 × 10^278 |
| 140 | ov_140 | 1.4914308140351804 × 10^278 |
| 141 | ov_141 | 1.2064583030082464 × 10^278 |
| 142 | ov_142 | 9.648252934726478 × 10^277 |
| 143 | ov_143 | 7.61922203458611 × 10^277 |
| 144 | ov_144 | 5.933924263317825 × 10^277 |
| 145 | ov_145 | 4.5512806687434095 × 10^277 |
| 146 | ov_146 | 3.432668424787439 × 10^277 |
| 147 | ov_147 | 2.541899211827263 × 10^277 |
| 148 | ov_148 | 1.8452048650642156 × 10^277 |
| 149 | ov_149 | 1.3112283726465205 × 10^277 |
| 150 | ov_150 | 9.110184872455794 × 10^276 |
| 151 | ov_151 | 6.180264710795773 × 10^276 |
| 152 | ov_152 | 4.081039511715342 × 10^276 |
| 153 | ov_153 | 2.5950139909595575 × 10^276 |
| 154 | ov_154 | 1.528670699152169 × 10^276 |
| 155 | ov_155 | 7.912442736089636 × 10^275 |
| 156 | aaa_76_25 | 3.0395359315864824 × 10^275 |
| 157 | aaa_76_26 | 1.7543313885188656 × 10^275 |
| 158 | aaa_76_27 | 8.974773375625836 × 10^274 |
| 159 | aaa_76_28 | 3.491585887939034 × 10^274 |
| 160 | aaa_76_29 | 1.0609955134364434 × 10^274 |

### Output Bits Sorted by Complexity

| Rank | Output Bit | Complexity |
|:----:|:----------:|:----------:|
| 160 | aaa_76_29 | 1.0609955134364434 × 10^274 |
| 159 | aaa_76_28 | 3.491585887939034 × 10^274 |
| 158 | aaa_76_27 | 8.974773375625836 × 10^274 |
| 157 | aaa_76_26 | 1.7543313885188656 × 10^275 |
| 156 | aaa_76_25 | 3.0395359315864824 × 10^275 |
| 155 | ov_155 | 7.912442736089636 × 10^275 |
| 154 | ov_154 | 1.528670699152169 × 10^276 |
| 153 | ov_153 | 2.5950139909595575 × 10^276 |
| 152 | ov_152 | 4.081039511715342 × 10^276 |
| 151 | ov_151 | 6.180264710795773 × 10^276 |
| 150 | ov_150 | 9.110184872455794 × 10^276 |
| 149 | ov_149 | 1.3112283726465205 × 10^277 |
| 148 | ov_148 | 1.8452048650642156 × 10^277 |
| 147 | ov_147 | 2.541899211827263 × 10^277 |
| 146 | ov_146 | 3.432668424787439 × 10^277 |
| 145 | ov_145 | 4.5512806687434095 × 10^277 |
| 144 | ov_144 | 5.933924263317825 × 10^277 |
| 143 | ov_143 | 7.61922203458611 × 10^277 |
| 142 | ov_142 | 9.648252934726478 × 10^277 |
| 141 | ov_141 | 1.2064583030082464 × 10^278 |
| 140 | ov_140 | 1.4914308140351804 × 10^278 |
| 139 | ov_139 | 1.8246110594204855 × 10^278 |
| 138 | ov_138 | 2.2111332749596732 × 10^278 |
| 137 | ov_137 | 2.6564070110554077 × 10^278 |
| 136 | ov_136 | 3.1661287056596956 × 10^278 |
| 135 | ov_135 | 3.7462958386666555 × 10^278 |
| 134 | ov_134 | 4.4032240067116966 × 10^278 |
| 133 | ov_133 | 5.143567276383948 × 10^278 |
| 132 | ov_132 | 5.970927781974421 × 10^278 |
| 131 | ov_131 | 6.892712610454605 × 10^278 |
| 130 | ov_130 | 6.892717597130065 × 10^278 |
| 129 | ov_129 | 6.892738244257676 × 10^278 |
| 128 | aaa_77_29 | 7.505986908734224 × 10^278 |
| 127 | aaa_77_28 | 2.0031148640369034 × 10^279 |
| 126 | ov_126 | 6.274074538540146 × 10^279 |
| 125 | ov_125 | 1.4095301177255635 × 10^280 |
| 124 | ov_124 | 2.6841398481497093 × 10^280 |
| 123 | ov_123 | 4.588698539489726 × 10^280 |
| 122 | ov_122 | 7.26067390679103 × 10^280 |
| 121 | ov_121 | 1.0837550684925951 × 10^281 |
| 120 | ov_120 | 1.5456852594471748 × 10^281 |
| 119 | ov_119 | 2.1256177814762563 × 10^281 |
| 118 | ov_118 | 2.8373251591627797 × 10^281 |
| 117 | ov_117 | 3.6946000772647505 × 10^281 |
| 116 | ov_116 | 4.711265506282265 × 10^281 |
| 115 | ov_115 | 5.901187979388201 × 10^281 |
| 114 | ov_114 | 7.27829540776174 × 10^281 |
| 113 | ov_113 | 8.856601848995749 × 10^281 |
| 112 | ov_112 | 1.0650240975549465 × 10^282 |
| 111 | ov_111 | 1.2673509202839402 × 10^282 |
| 110 | ov_110 | 1.4940919437186017 × 10^282 |
| 109 | ov_109 | 1.7711408411796917 × 10^282 |
| 108 | ov_108 | 2.125906727829598 × 10^282 |
| 107 | ov_107 | 2.5873592679763884 × 10^282 |
| 106 | ov_106 | 3.1860843681500617 × 10^282 |
| 105 | ov_105 | 3.9543520010995997 × 10^282 |
| 104 | ov_104 | 4.926197804199171 × 10^282 |
| 103 | ov_103 | 6.137520195353949 × 10^282 |
| 102 | ov_102 | 7.626194850828418 × 10^282 |
| 101 | ov_101 | 9.432208493049192 × 10^282 |
| 100 | ov_100 | 1.159781404302955 × 10^283 |
| 99 | ov_099 | 1.4167709302409597 × 10^283 |
| 98 | ov_098 | 1.4167767319122894 × 10^283 |
| 97 | ov_097 | 1.4167949045366305 × 10^283 |
| 96 | aaa_78_29 | 2.676260493949538 × 10^283 |
| 95 | aaa_78_28 | 8.957556169980297 × 10^283 |
| 94 | ov_094 | 2.951991820816206 × 10^284 |
| 93 | ov_093 | 7.020795276724466 × 10^284 |
| 92 | ov_092 | 1.4299690233668105 × 10^285 |
| 91 | ov_091 | 2.633165025765305 × 10^285 |
| 90 | ov_090 | 4.5005135112290534 × 10^285 |
| 89 | ov_089 | 7.255418106696304 × 10^285 |
| 88 | ov_088 | 1.1155858460299458 × 10^286 |
| 87 | ov_087 | 1.6752402555145403 × 10^286 |
| 86 | ov_086 | 2.4664888115647823 × 10^286 |
| 85 | ov_085 | 3.558255254413595 × 10^286 |
| 84 | ov_084 | 5.026421875997676 × 10^286 |
| 83 | ov_083 | 6.953854794166819 × 10^286 |
| 82 | ov_082 | 9.43043701750362 × 10^286 |
| 81 | ov_081 | 1.2553110401570453 × 10^287 |
| 80 | ov_080 | 1.6425927598265152 × 10^287 |
| 64 | lv_79_m31 | 1.6521686211973299 × 10^287 |
| 79 | ov_079 | 2.116011510134931 × 10^287 |
| 78 | ov_078 | 2.6874148493308823 × 10^287 |
| 77 | ov_077 | 3.369384100175652 × 10^287 |
| 76 | ov_076 | 4.175244647791922 × 10^287 |
| 75 | ov_075 | 5.119077791582905 × 10^287 |
| 74 | ov_074 | 6.2157342639273376 × 10^287 |
| 73 | ov_073 | 7.480849529507614 × 10^287 |
| 63 | ov_063 | 8.481109232466958 × 10^287 |
| 72 | ov_072 | 8.930861224811575 × 10^287 |
| 71 | ov_071 | 1.0583029846588976 × 10^288 |
| 70 | ov_070 | 1.2455464592602524 × 10^288 |
| 69 | ov_069 | 1.4567156610882094 × 10^288 |
| 68 | ov_068 | 1.6938022040988496 × 10^288 |
| 67 | ov_067 | 1.9588957363060777 × 10^288 |
| 66 | ov_066 | 1.9588969476284686 × 10^288 |
| 65 | ov_065 | 1.9589020702702978 × 10^288 |
| 62 | ov_062 | 4.352586794403086 × 10^288 |
| 61 | ov_061 | 1.587066735234797 × 10^289 |
| 60 | ov_060 | 4.544481485427357 × 10^289 |
| 59 | ov_059 | 1.0968564160506271 × 10^290 |
| 58 | ov_058 | 2.2266512353105087 × 10^290 |
| 57 | ov_057 | 4.023880883828557 × 10^290 |
| 56 | ov_056 | 6.707923640363519 × 10^290 |
| 55 | ov_055 | 1.0537491901382796 × 10^291 |
| 54 | ov_054 | 1.5810641259538512 × 10^291 |
| 53 | ov_053 | 2.2864787978267186 × 10^291 |
| 52 | ov_052 | 3.2414155916113287 × 10^291 |
| 51 | ov_051 | 4.525180161412487 × 10^291 |
| 50 | ov_050 | 6.224974124643312 × 10^291 |
| 49 | ov_049 | 8.435914033173246 × 10^291 |
| 48 | ov_048 | 1.1261058804140968 × 10^292 |
| 47 | ov_047 | 1.4811448879327599 × 10^292 |
| 32 | lv_80_m31 | 1.8151007452840693 × 10^292 |
| 46 | ov_046 | 1.920616157153555 × 10^292 |
| 45 | ov_045 | 2.4572387834600565 × 10^292 |
| 44 | ov_044 | 3.1045536249728187 × 10^292 |
| 43 | ov_043 | 3.8769370578710467 × 10^292 |
| 42 | ov_042 | 4.789618779484892 × 10^292 |
| 41 | ov_041 | 5.858704406570782 × 10^292 |
| 40 | ov_040 | 7.092928735927829 × 10^292 |
| 39 | ov_039 | 8.501505479665058 × 10^292 |
| 31 | ov_031 | 9.30979751752784 × 10^292 |
| 38 | ov_038 | 1.0103363959567943 × 10^293 |
| 37 | ov_037 | 1.191846470497308 × 10^293 |
| 36 | ov_036 | 1.3967859240907646 × 10^293 |
| 35 | ov_035 | 1.6273760366245247 × 10^293 |
| 34 | ov_034 | 1.8859624079478645 × 10^293 |
| 33 | ov_033 | 2.175024437191771 × 10^293 |
| 30 | ov_030 | 4.7742669342957094 × 10^293 |
| 29 | ov_029 | 1.5620894522001535 × 10^294 |
| 28 | ov_028 | 4.055034497724945 × 10^294 |
| 27 | ov_027 | 9.064877241634482 × 10^294 |
| 26 | ov_026 | 1.8129807478949323 × 10^295 |
| 25 | ov_025 | 3.3217594426626863 × 10^295 |
| 24 | ov_024 | 5.672560593848947 × 10^295 |
| 23 | ov_023 | 9.387823248152429 × 10^295 |
| 22 | ov_022 | 1.507593089598835 × 10^296 |
| 21 | ov_021 | 2.343125206847999 × 10^296 |
| 20 | ov_020 | 3.5234214437178432 × 10^296 |
| 19 | ov_019 | 5.135142589484142 × 10^296 |
| 18 | ov_018 | 7.273585859491324 × 10^296 |
| 17 | ov_017 | 1.0042711507404396 × 10^297 |
| 16 | ov_016 | 1.3555179872926792 × 10^297 |
| 15 | ov_015 | 1.793240174440511 × 10^297 |
| 14 | ov_014 | 2.3304606282427954 × 10^297 |
| 13 | ov_013 | 2.981093223577293 × 10^297 |
| 12 | ov_012 | 3.759954911039545 × 10^297 |
| 11 | ov_011 | 4.682781558474205 × 10^297 |
| 10 | ov_010 | 5.766248309917055 × 10^297 |
| 9 | ov_009 | 7.027995318450027 × 10^297 |
| 8 | ov_008 | 8.48665977358331 × 10^297 |
| 7 | ov_007 | 1.0161915208429959 × 10^298 |
| 6 | ov_006 | 1.207451913732488 × 10^298 |
| 5 | ov_005 | 1.424637014090596 × 10^298 |
| 4 | ov_004 | 1.6700575583317827 × 10^298 |
| 3 | ov_003 | 1.9461531132723494 × 10^298 |
| 2 | ov_002 | 2.2555013074785247 × 10^298 |
| 1 | ov_001 | 2.600828430793504 × 10^298 |

