# Results for F001-F002-F003-F004-F005-F006-F007-F008-F009-F010-F011-F012-F013-F014-F015-F016-F017-F018-F019-F020-F021-F022-F023-F024-F025-F026-F027-F028-F029-F030-F031-F032-F033-F034-F035-F036-F037-F038-F039-F040-F041-F042-F043-F044-F045-F046-F047-F048-F049-F050-F051-F052-F053-F054-F055-F056-F057-F058-F059-F060-F061-F062-F063-F064-F065-F066-F067-F068-F069-F070-F071-F072-F073-F074-F075-F076-F077-F078-F079-F080-F081-F082-F083-F084-F085-F086-F087-F088-F089-F090-F091-F092-F093-F094-F095-F096-F097-F098-F099-F100-F101-F102-F103-F104-F105-F106-F107-F108-F109-F110-F111-F112-F113-F114-F115-F116-F117-F118-F119-F120-F121-F122-F123-F124-F125-F126-F127-F128-F129-F130-F131-F132-F133-F134-F135-F136-F137-F138-F139-F140-F141-F142-F143-F144-F145-F146-F147-F148-F149-F150-F151-F152-F153-F154-F155-F156-F157-F158-F159-F160-F161-F162-F163-F164-F165-F166-F167-F168-F169-F170-F171-F172-F173-F174-F175-F176-F177-F178-F179-F180-F181-F182-F183-F184-F185-F186-F187-F188-F189-F190-F191-F192-F193-F194-F195-F196-F197-F198-F199-F200-F201-F202-F203-F204-F205-F206-F207-F208-F209-F210-F211-F212-F213-F214-F215-F216-F217-F218-F219-F220-F221-F222-F223-F224-F225-F226-F227-F228-F229-F230-F231-F232-F233-F234-F235-F236-F237-F238-F239-F240-F241-F242-F243-F244-F245-F246-F247-F248-F249-F250-F251-F252-F253-F254-F255-F256-F257-F258-F259-F260-F261-F262-F263-F264-F265-F266-F267-F268-F269-F270-F271-F272-F273-F274-F275-F276-F277-F278-F279-F280-F281-F282-F283-F284-F285-F286-F287-F288-F289-F290-F291-F292-F293-F294-F295-F296-F297-F298-F299-F300-F301-F302-F303-F304-F305-F306-F307-F308-F309-F310-F311-F312-F313-F314-F315-F316-F317-F318-F319-F320-F321-F322-F323-F324-F325-F326-F327-F328-F329-F330-F331-F332-F333-F334-F335-F336-F337-F338-F339-F340-F341-F342-F343-F344-F345-F346-F347-F348-F349-F350-F351-F352-F353-F354-F355-F356-F357-F358-F359-F360-F361-F362-F363-F364-F365-F366-F367-F368-F369-F370-F371-F372-F373-F374-F375-F376-F377-F378-F379-F380-F381-F382-F383-F384-F385-F386-F387-F388-F389-F390-F391-F392-F393-F394-F395-F396-F397-F398-F399-F400-F401-F402-F403-F404-F405-F406-F407-F408-F409-F410-F411-F412-F413-F414-F415-F416-F417-F418-F419-F420-F421-F422-F423-F424-F425-F426-F427-F428-F429-F430-F431-F432-F433-F434-F435-F436-F437-F438-F439-F440-F441-F442-F443-F444-F445-F446-F447-F448-F449-F450-F451-F452-F453-F454-F455-F456-F457-F458-F459-F460-F461-F462-F463-F464-F465-F466-F467-F468-F469-F470-F471-F472-F473-F474-F475-F476-F477-F478-F479-F480-F481-F482-F483-F484-F485-F486-F487-F488-F489-F490-F491-F492-F493-F494-F495-F496-O500505-F503-F508-F509-F510-F511-F512

## Summary

Number of input bits: 512  
Number of free input bits: 9  
Number of output bits: 160

Number of direct occurrences: 36090  
Number of assignments: 30696  
Number of operations: 10712431
(xor: 10684670,
and: 14645,
or: 13116)

Total complexity: 8.911514979801719 × 10^295

Least occurring input variable: iv_499 (3848)  
Most occurring input variable: iv_500 (4191)

Most co-occurring input variables: iv_501-iv_502 (2011)  
Least co-occurring input variables: iv_498-iv_499 (1788)

Potentially most occurring input variable: iv_497/iv_500 (4469)  
Potentially least occurring input variable: iv_501/iv_504 (4072)

Least output occurring input variable: iv_504 (71)  
Most output occurring input variable: iv_506 (93)

Most output co-occurring input variables: iv_506-iv_507 (54)  
Least output co-occurring input variables: iv_499-iv_504 (30)

Potentially most output occurring input variable: iv_497/iv_506 (90)  
Potentially least output occurring input variable: iv_506/iv_507 (65)

Least complex input bit: iv_497 (7.899571001611745 × 10^293)  
Most complex input bit: iv_500 (3.0962412729543316 × 10^295)

Least complex output bit: aaa_76_29 (2.3761135824484886 × 10^271)  
Most complex output bit: ov_001 (1.4381045792751295 × 10^295)

Least complex input/output complexity: iv_497/aaa_76_29 (2.106294832583394 × 10^269)  
Most complex input/output complexity: iv_500/ov_001 (4.996590100862237 × 10^294)

## Input Bits

### Input Bits in Regular Order

| Input Bit | Complexity | Occurrences | Output Occurrences |
|:---------:|:----------:|:-----------:|:------------------:|
| iv_497 | 7.899571001611745 × 10^293 | 3992 | 77 |
| iv_498 | 1.575845373279544 × 10^294 | 3897 | 88 |
| iv_499 | 2.771108296315352 × 10^294 | 3848 | 72 |
| iv_500 | 3.0962412729543316 × 10^295 | 4191 | 78 |
| iv_501 | 7.601257794392925 × 10^294 | 4026 | 82 |
| iv_502 | 1.2208324971154817 × 10^295 | 4097 | 79 |
| iv_504 | 1.7708876632911205 × 10^295 | 3876 | 71 |
| iv_506 | 7.146828129652653 × 10^294 | 4050 | 93 |
| iv_507 | 8.35053877060626 × 10^294 | 4113 | 80 |

### Input Bits Sorted by Complexity

| Input Bit | Complexity | Occurrences | Output Occurrences |
|:---------:|:----------:|:-----------:|:------------------:|
| iv_497 | 7.899571001611745 × 10^293 | 3992 | 77 |
| iv_498 | 1.575845373279544 × 10^294 | 3897 | 88 |
| iv_499 | 2.771108296315352 × 10^294 | 3848 | 72 |
| iv_506 | 7.146828129652653 × 10^294 | 4050 | 93 |
| iv_501 | 7.601257794392925 × 10^294 | 4026 | 82 |
| iv_507 | 8.35053877060626 × 10^294 | 4113 | 80 |
| iv_502 | 1.2208324971154817 × 10^295 | 4097 | 79 |
| iv_504 | 1.7708876632911205 × 10^295 | 3876 | 71 |
| iv_500 | 3.0962412729543316 × 10^295 | 4191 | 78 |

### Input Bits Sorted by Occurrences

| Input Bit | Complexity | Occurrences | Output Occurrences |
|:---------:|:----------:|:-----------:|:------------------:|
| iv_499 | 2.771108296315352 × 10^294 | 3848 | 72 |
| iv_504 | 1.7708876632911205 × 10^295 | 3876 | 71 |
| iv_498 | 1.575845373279544 × 10^294 | 3897 | 88 |
| iv_497 | 7.899571001611745 × 10^293 | 3992 | 77 |
| iv_501 | 7.601257794392925 × 10^294 | 4026 | 82 |
| iv_506 | 7.146828129652653 × 10^294 | 4050 | 93 |
| iv_502 | 1.2208324971154817 × 10^295 | 4097 | 79 |
| iv_507 | 8.35053877060626 × 10^294 | 4113 | 80 |
| iv_500 | 3.0962412729543316 × 10^295 | 4191 | 78 |

### Input Bits Sorted by Output Occurrences

| Input Bit | Complexity | Occurrences | Output Occurrences |
|:---------:|:----------:|:-----------:|:------------------:|
| iv_504 | 1.7708876632911205 × 10^295 | 3876 | 71 |
| iv_499 | 2.771108296315352 × 10^294 | 3848 | 72 |
| iv_497 | 7.899571001611745 × 10^293 | 3992 | 77 |
| iv_500 | 3.0962412729543316 × 10^295 | 4191 | 78 |
| iv_502 | 1.2208324971154817 × 10^295 | 4097 | 79 |
| iv_507 | 8.35053877060626 × 10^294 | 4113 | 80 |
| iv_501 | 7.601257794392925 × 10^294 | 4026 | 82 |
| iv_498 | 1.575845373279544 × 10^294 | 3897 | 88 |
| iv_506 | 7.146828129652653 × 10^294 | 4050 | 93 |

## Input Bit Co-occurrences

### Input Bit Co-occurrences Sorted by Co-occurrences

| Input Bits | Co-occurrences | Potential Occurrences | Output Co-occurrences | Potential Output Occurrences |
|:----------:|:--------------:|:---------------------:|:---------------------:|:----------------------------:|
| iv_501-iv_502 | 2011 | 4101 | 37 | 87 |
| iv_500-iv_501 | 1993 | 4231 | 42 | 76 |
| iv_500-iv_507 | 1969 | 4366 | 41 | 76 |
| iv_500-iv_506 | 1968 | 4305 | 46 | 79 |
| iv_502-iv_506 | 1965 | 4217 | 44 | 84 |
| iv_500-iv_502 | 1962 | 4364 | 38 | 81 |
| iv_502-iv_507 | 1961 | 4288 | 40 | 79 |
| iv_506-iv_507 | 1948 | 4267 | 54 | 65 |
| iv_501-iv_507 | 1934 | 4271 | 42 | 78 |

### Input Bit Co-occurrences Sorted by Potential Occurrences

| Input Bits | Co-occurrences | Potential Occurrences | Output Co-occurrences | Potential Output Occurrences |
|:----------:|:--------------:|:---------------------:|:---------------------:|:----------------------------:|
| iv_501-iv_504 | 1915 | 4072 | 40 | 73 |
| iv_501-iv_502 | 2011 | 4101 | 37 | 87 |
| iv_499-iv_504 | 1808 | 4108 | 30 | 83 |
| iv_504-iv_506 | 1891 | 4144 | 43 | 78 |
| iv_498-iv_504 | 1803 | 4167 | 40 | 79 |
| iv_498-iv_499 | 1788 | 4169 | 44 | 72 |
| iv_497-iv_499 | 1832 | 4176 | 36 | 77 |
| iv_498-iv_506 | 1880 | 4187 | 54 | 73 |
| iv_499-iv_502 | 1871 | 4203 | 39 | 73 |

### Input Bit Output Co-occurrences Sorted by Output Co-occurrences

| Input Bits | Co-occurrences | Potential Occurrences | Output Co-occurrences | Potential Output Occurrences |
|:----------:|:--------------:|:---------------------:|:---------------------:|:----------------------------:|
| iv_498-iv_506 | 1880 | 4187 | 54 | 73 |
| iv_506-iv_507 | 1948 | 4267 | 54 | 65 |
| iv_498-iv_501 | 1841 | 4241 | 46 | 78 |
| iv_500-iv_506 | 1968 | 4305 | 46 | 79 |
| iv_497-iv_498 | 1830 | 4229 | 46 | 73 |
| iv_501-iv_506 | 1870 | 4336 | 45 | 85 |
| iv_498-iv_507 | 1866 | 4278 | 44 | 80 |
| iv_497-iv_502 | 1888 | 4313 | 44 | 68 |
| iv_498-iv_499 | 1788 | 4169 | 44 | 72 |

### Input Bit Output Co-occurrences Sorted by Potential Output Occurrences

| Input Bits | Co-occurrences | Potential Occurrences | Output Co-occurrences | Potential Output Occurrences |
|:----------:|:--------------:|:---------------------:|:---------------------:|:----------------------------:|
| iv_506-iv_507 | 1948 | 4267 | 54 | 65 |
| iv_497-iv_502 | 1888 | 4313 | 44 | 68 |
| iv_498-iv_499 | 1788 | 4169 | 44 | 72 |
| iv_498-iv_506 | 1880 | 4187 | 54 | 73 |
| iv_499-iv_502 | 1871 | 4203 | 39 | 73 |
| iv_501-iv_504 | 1915 | 4072 | 40 | 73 |
| iv_500-iv_504 | 1870 | 4327 | 38 | 73 |
| iv_497-iv_498 | 1830 | 4229 | 46 | 73 |
| iv_500-iv_501 | 1993 | 4231 | 42 | 76 |

## Output Bits

### Output Bits in Regular Order

| Rank | Output Bit | Complexity |
|:----:|:----------:|:----------:|
| 1 | ov_001 | 1.4381045792751295 × 10^295 |
| 2 | ov_002 | 1.2452737046774711 × 10^295 |
| 3 | ov_003 | 1.0727284998089125 × 10^295 |
| 4 | ov_004 | 9.189210101893332 × 10^294 |
| 5 | ov_005 | 7.823876916270873 × 10^294 |
| 6 | ov_006 | 6.617433772652915 × 10^294 |
| 7 | ov_007 | 5.556760333463169 × 10^294 |
| 8 | ov_008 | 4.62942254967147 × 10^294 |
| 9 | ov_009 | 3.823634412812269 × 10^294 |
| 10 | ov_010 | 3.128225784875799 × 10^294 |
| 11 | ov_011 | 2.5326155811699046 × 10^294 |
| 12 | ov_012 | 2.026789622600373 × 10^294 |
| 13 | ov_013 | 1.601282514415066 × 10^294 |
| 14 | ov_014 | 1.2471629812252988 × 10^294 |
| 15 | ov_015 | 9.560221931984588 × 10^293 |
| 16 | ov_016 | 7.199646575771053 × 10^293 |
| 17 | ov_017 | 5.316012232079296 × 10^293 |
| 18 | ov_018 | 3.840437518676882 × 10^293 |
| 19 | ov_019 | 2.7090106954132385 × 10^293 |
| 20 | ov_020 | 1.8627590896034236 × 10^293 |
| 21 | ov_021 | 1.2476264557973021 × 10^293 |
| 22 | ov_022 | 8.144567150387679 × 10^292 |
| 23 | ov_023 | 5.189827113967373 × 10^292 |
| 24 | ov_024 | 3.2181881614731597 × 10^292 |
| 25 | ov_025 | 1.8845640254433878 × 10^292 |
| 26 | ov_026 | 1.0285999394256334 × 10^292 |
| 27 | ov_027 | 5.1430963530183015 × 10^291 |
| 28 | ov_028 | 2.300719181034918 × 10^291 |
| 29 | ov_029 | 8.862949352856263 × 10^290 |
| 30 | ov_030 | 2.7088660516931722 × 10^290 |
| 31 | ov_031 | 5.282679275045693 × 10^289 |
| 32 | lv_80_m31 | 1.030068138596319 × 10^289 |
| 33 | ov_033 | 1.2352406001584124 × 10^290 |
| 34 | ov_034 | 1.0715835966444734 × 10^290 |
| 35 | ov_035 | 9.247283045456215 × 10^289 |
| 36 | ov_036 | 7.938966512780943 × 10^289 |
| 37 | ov_037 | 6.776559792500338 × 10^289 |
| 38 | ov_038 | 5.746491653807245 × 10^289 |
| 39 | ov_039 | 4.835896613360436 × 10^289 |
| 40 | ov_040 | 4.032572544557781 × 10^289 |
| 41 | ov_041 | 3.3305793506947725 × 10^289 |
| 42 | ov_042 | 2.7242824247518743 × 10^289 |
| 43 | ov_043 | 2.2083389120656474 × 10^289 |
| 44 | ov_044 | 1.7728950473363101 × 10^289 |
| 45 | ov_045 | 1.4086318927739386 × 10^289 |
| 46 | ov_046 | 1.1067519828418215 × 10^289 |
| 47 | ov_047 | 8.589688273456858 × 10^288 |
| 48 | ov_048 | 6.574988086314907 × 10^288 |
| 49 | ov_049 | 4.950550444936177 × 10^288 |
| 50 | ov_050 | 3.6811762057853814 × 10^288 |
| 51 | ov_051 | 2.703806456909613 × 10^288 |
| 52 | ov_052 | 1.9602460378100088 × 10^288 |
| 53 | ov_053 | 1.3971458628605667 × 10^288 |
| 54 | ov_054 | 9.65990470095961 × 10^287 |
| 55 | ov_055 | 6.4372926455683275 × 10^287 |
| 56 | ov_056 | 4.097225787681641 × 10^287 |
| 57 | ov_057 | 2.457395900805553 × 10^287 |
| 58 | ov_058 | 1.3595711069566338 × 10^287 |
| 59 | ov_059 | 6.69589450001394 × 10^286 |
| 60 | ov_060 | 2.773559133199011 × 10^286 |
| 61 | ov_061 | 9.684132020575493 × 10^285 |
| 62 | ov_062 | 2.655551102576556 × 10^285 |
| 63 | ov_063 | 5.174036399781768 × 10^284 |
| 64 | lv_79_m31 | 1.007922590780131 × 10^284 |
| 65 | ov_065 | 1.1908728057146761 × 10^285 |
| 66 | ov_066 | 1.1908688459922332 × 10^285 |
| 67 | ov_067 | 1.1908678768094107 × 10^285 |
| 68 | ov_068 | 1.0280286669725987 × 10^285 |
| 69 | ov_069 | 8.828597759758503 × 10^284 |
| 70 | ov_070 | 7.538616491114714 × 10^284 |
| 71 | ov_071 | 6.396270458119431 × 10^284 |
| 72 | ov_072 | 5.388347866063003 × 10^284 |
| 73 | ov_073 | 4.5024405188505955 × 10^284 |
| 74 | ov_074 | 3.732538427205445 × 10^284 |
| 75 | ov_075 | 3.0676901925466635 × 10^284 |
| 76 | ov_076 | 2.4976072464552006 × 10^284 |
| 77 | ov_077 | 2.0126261164993484 × 10^284 |
| 78 | ov_078 | 1.6036748527348927 × 10^284 |
| 79 | ov_079 | 1.262243361852104 × 10^284 |
| 80 | ov_080 | 9.803573991932081 × 10^283 |
| 81 | ov_081 | 7.505559713006326 × 10^283 |
| 82 | ov_082 | 5.658719034597575 × 10^283 |
| 83 | ov_083 | 4.198153280241181 × 10^283 |
| 84 | ov_084 | 3.063598502738348 × 10^283 |
| 85 | ov_085 | 2.1993114924373353 × 10^283 |
| 86 | ov_086 | 1.5539777142982351 × 10^283 |
| 87 | ov_087 | 1.0806387559419096 × 10^283 |
| 88 | ov_088 | 7.366368708292503 × 10^282 |
| 89 | ov_089 | 4.835742018497232 × 10^282 |
| 90 | ov_090 | 3.033125378319004 × 10^282 |
| 91 | ov_091 | 1.798236121433662 × 10^282 |
| 92 | ov_092 | 9.918193527606795 × 10^281 |
| 93 | ov_093 | 4.956076374521552 × 10^281 |
| 94 | ov_094 | 2.1230118070766416 × 10^281 |
| 95 | aaa_78_28 | 6.555973051737624 × 10^280 |
| 96 | aaa_78_29 | 2.013518303643558 × 10^280 |
| 97 | ov_097 | 1.3301274981952896 × 10^280 |
| 98 | ov_098 | 1.330087559097087 × 10^280 |
| 99 | ov_099 | 1.3300747939481354 × 10^280 |
| 100 | ov_100 | 1.197055386561226 × 10^280 |
| 101 | ov_101 | 1.0738239722704535 × 10^280 |
| 102 | ov_102 | 9.598468402680757 × 10^279 |
| 103 | ov_103 | 8.546294431035673 × 10^279 |
| 104 | ov_104 | 7.577111607603939 × 10^279 |
| 105 | ov_105 | 6.686605530820847 × 10^279 |
| 106 | ov_106 | 5.870710759996473 × 10^279 |
| 107 | ov_107 | 5.1255723777379946 × 10^279 |
| 108 | ov_108 | 4.4475117205702955 × 10^279 |
| 109 | ov_109 | 3.83299605030657 × 10^279 |
| 110 | ov_110 | 3.278611942057773 × 10^279 |
| 111 | ov_111 | 2.781042167168192 × 10^279 |
| 112 | ov_112 | 2.3370458510162038 × 10^279 |
| 113 | ov_113 | 1.9434416866983754 × 10^279 |
| 114 | ov_114 | 1.5970939862914783 × 10^279 |
| 115 | ov_115 | 1.2949013518139113 × 10^279 |
| 116 | ov_116 | 1.0337877482954496 × 10^279 |
| 117 | ov_117 | 8.106957615714238 × 10^278 |
| 118 | ov_118 | 6.225816183457895 × 10^278 |
| 119 | ov_119 | 4.664113680753591 × 10^278 |
| 120 | ov_120 | 3.3915788577199034 × 10^278 |
| 121 | ov_121 | 2.377985872099873 × 10^278 |
| 122 | ov_122 | 1.5931374804150043 × 10^278 |
| 123 | ov_123 | 1.0068531832528939 × 10^278 |
| 124 | ov_124 | 5.889612397400654 × 10^277 |
| 125 | ov_125 | 3.092937284850245 × 10^277 |
| 126 | ov_126 | 1.3768403270169077 × 10^277 |
| 127 | aaa_77_28 | 4.3965876801362224 × 10^276 |
| 128 | aaa_77_29 | 1.648368763788812 × 10^276 |
| 129 | ov_129 | 1.5057478623850464 × 10^276 |
| 130 | ov_130 | 1.5057432449108244 × 10^276 |
| 131 | ov_131 | 1.5057421317020287 × 10^276 |
| 132 | ov_132 | 1.3030475016562486 × 10^276 |
| 133 | ov_133 | 1.1215207938119522 × 10^276 |
| 134 | ov_134 | 9.595009822157749 × 10^275 |
| 135 | ov_135 | 8.154129792439317 × 10^275 |
| 136 | ov_136 | 6.877614897204752 × 10^275 |
| 137 | ov_137 | 5.7581810764987414 × 10^275 |
| 138 | ov_138 | 4.782323376479291 × 10^275 |
| 139 | ov_139 | 3.937202791762529 × 10^275 |
| 140 | ov_140 | 3.210616652570198 × 10^275 |
| 141 | ov_141 | 2.5909747758495934 × 10^275 |
| 142 | ov_142 | 2.0672805943285523 × 10^275 |
| 143 | ov_143 | 1.629116523013925 × 10^275 |
| 144 | ov_144 | 1.2666328679114403 × 10^275 |
| 145 | ov_145 | 9.70539626833952 × 10^274 |
| 146 | ov_146 | 7.321006093461905 × 10^274 |
| 147 | ov_147 | 5.431294121991048 × 10^274 |
| 148 | ov_148 | 3.959868314079695 × 10^274 |
| 149 | ov_149 | 2.835792724421679 × 10^274 |
| 150 | ov_150 | 1.9935775352718624 × 10^274 |
| 151 | ov_151 | 1.373172203297698 × 10^274 |
| 152 | ov_152 | 9.199603889646847 × 10^273 |
| 153 | ov_153 | 5.84756234787177 × 10^273 |
| 154 | ov_154 | 3.443240446448955 × 10^273 |
| 155 | ov_155 | 1.7814153612014207 × 10^273 |
| 156 | aaa_76_25 | 6.839922664694271 × 10^272 |
| 157 | aaa_76_26 | 3.9441000836159584 × 10^272 |
| 158 | aaa_76_27 | 2.015548004669079 × 10^272 |
| 159 | aaa_76_28 | 7.830528029043384 × 10^271 |
| 160 | aaa_76_29 | 2.3761135824484886 × 10^271 |

### Output Bits Sorted by Complexity

| Rank | Output Bit | Complexity |
|:----:|:----------:|:----------:|
| 160 | aaa_76_29 | 2.3761135824484886 × 10^271 |
| 159 | aaa_76_28 | 7.830528029043384 × 10^271 |
| 158 | aaa_76_27 | 2.015548004669079 × 10^272 |
| 157 | aaa_76_26 | 3.9441000836159584 × 10^272 |
| 156 | aaa_76_25 | 6.839922664694271 × 10^272 |
| 155 | ov_155 | 1.7814153612014207 × 10^273 |
| 154 | ov_154 | 3.443240446448955 × 10^273 |
| 153 | ov_153 | 5.84756234787177 × 10^273 |
| 152 | ov_152 | 9.199603889646847 × 10^273 |
| 151 | ov_151 | 1.373172203297698 × 10^274 |
| 150 | ov_150 | 1.9935775352718624 × 10^274 |
| 149 | ov_149 | 2.835792724421679 × 10^274 |
| 148 | ov_148 | 3.959868314079695 × 10^274 |
| 147 | ov_147 | 5.431294121991048 × 10^274 |
| 146 | ov_146 | 7.321006093461905 × 10^274 |
| 145 | ov_145 | 9.70539626833952 × 10^274 |
| 144 | ov_144 | 1.2666328679114403 × 10^275 |
| 143 | ov_143 | 1.629116523013925 × 10^275 |
| 142 | ov_142 | 2.0672805943285523 × 10^275 |
| 141 | ov_141 | 2.5909747758495934 × 10^275 |
| 140 | ov_140 | 3.210616652570198 × 10^275 |
| 139 | ov_139 | 3.937202791762529 × 10^275 |
| 138 | ov_138 | 4.782323376479291 × 10^275 |
| 137 | ov_137 | 5.7581810764987414 × 10^275 |
| 136 | ov_136 | 6.877614897204752 × 10^275 |
| 135 | ov_135 | 8.154129792439317 × 10^275 |
| 134 | ov_134 | 9.595009822157749 × 10^275 |
| 133 | ov_133 | 1.1215207938119522 × 10^276 |
| 132 | ov_132 | 1.3030475016562486 × 10^276 |
| 131 | ov_131 | 1.5057421317020287 × 10^276 |
| 130 | ov_130 | 1.5057432449108244 × 10^276 |
| 129 | ov_129 | 1.5057478623850464 × 10^276 |
| 128 | aaa_77_29 | 1.648368763788812 × 10^276 |
| 127 | aaa_77_28 | 4.3965876801362224 × 10^276 |
| 126 | ov_126 | 1.3768403270169077 × 10^277 |
| 125 | ov_125 | 3.092937284850245 × 10^277 |
| 124 | ov_124 | 5.889612397400654 × 10^277 |
| 123 | ov_123 | 1.0068531832528939 × 10^278 |
| 122 | ov_122 | 1.5931374804150043 × 10^278 |
| 121 | ov_121 | 2.377985872099873 × 10^278 |
| 120 | ov_120 | 3.3915788577199034 × 10^278 |
| 119 | ov_119 | 4.664113680753591 × 10^278 |
| 118 | ov_118 | 6.225816183457895 × 10^278 |
| 117 | ov_117 | 8.106957615714238 × 10^278 |
| 116 | ov_116 | 1.0337877482954496 × 10^279 |
| 115 | ov_115 | 1.2949013518139113 × 10^279 |
| 114 | ov_114 | 1.5970939862914783 × 10^279 |
| 113 | ov_113 | 1.9434416866983754 × 10^279 |
| 112 | ov_112 | 2.3370458510162038 × 10^279 |
| 111 | ov_111 | 2.781042167168192 × 10^279 |
| 110 | ov_110 | 3.278611942057773 × 10^279 |
| 109 | ov_109 | 3.83299605030657 × 10^279 |
| 108 | ov_108 | 4.4475117205702955 × 10^279 |
| 107 | ov_107 | 5.1255723777379946 × 10^279 |
| 106 | ov_106 | 5.870710759996473 × 10^279 |
| 105 | ov_105 | 6.686605530820847 × 10^279 |
| 104 | ov_104 | 7.577111607603939 × 10^279 |
| 103 | ov_103 | 8.546294431035673 × 10^279 |
| 102 | ov_102 | 9.598468402680757 × 10^279 |
| 101 | ov_101 | 1.0738239722704535 × 10^280 |
| 100 | ov_100 | 1.197055386561226 × 10^280 |
| 99 | ov_099 | 1.3300747939481354 × 10^280 |
| 98 | ov_098 | 1.330087559097087 × 10^280 |
| 97 | ov_097 | 1.3301274981952896 × 10^280 |
| 96 | aaa_78_29 | 2.013518303643558 × 10^280 |
| 95 | aaa_78_28 | 6.555973051737624 × 10^280 |
| 94 | ov_094 | 2.1230118070766416 × 10^281 |
| 93 | ov_093 | 4.956076374521552 × 10^281 |
| 92 | ov_092 | 9.918193527606795 × 10^281 |
| 91 | ov_091 | 1.798236121433662 × 10^282 |
| 90 | ov_090 | 3.033125378319004 × 10^282 |
| 89 | ov_089 | 4.835742018497232 × 10^282 |
| 88 | ov_088 | 7.366368708292503 × 10^282 |
| 87 | ov_087 | 1.0806387559419096 × 10^283 |
| 86 | ov_086 | 1.5539777142982351 × 10^283 |
| 85 | ov_085 | 2.1993114924373353 × 10^283 |
| 84 | ov_084 | 3.063598502738348 × 10^283 |
| 83 | ov_083 | 4.198153280241181 × 10^283 |
| 82 | ov_082 | 5.658719034597575 × 10^283 |
| 81 | ov_081 | 7.505559713006326 × 10^283 |
| 80 | ov_080 | 9.803573991932081 × 10^283 |
| 64 | lv_79_m31 | 1.007922590780131 × 10^284 |
| 79 | ov_079 | 1.262243361852104 × 10^284 |
| 78 | ov_078 | 1.6036748527348927 × 10^284 |
| 77 | ov_077 | 2.0126261164993484 × 10^284 |
| 76 | ov_076 | 2.4976072464552006 × 10^284 |
| 75 | ov_075 | 3.0676901925466635 × 10^284 |
| 74 | ov_074 | 3.732538427205445 × 10^284 |
| 73 | ov_073 | 4.5024405188505955 × 10^284 |
| 63 | ov_063 | 5.174036399781768 × 10^284 |
| 72 | ov_072 | 5.388347866063003 × 10^284 |
| 71 | ov_071 | 6.396270458119431 × 10^284 |
| 70 | ov_070 | 7.538616491114714 × 10^284 |
| 69 | ov_069 | 8.828597759758503 × 10^284 |
| 68 | ov_068 | 1.0280286669725987 × 10^285 |
| 67 | ov_067 | 1.1908678768094107 × 10^285 |
| 66 | ov_066 | 1.1908688459922332 × 10^285 |
| 65 | ov_065 | 1.1908728057146761 × 10^285 |
| 62 | ov_062 | 2.655551102576556 × 10^285 |
| 61 | ov_061 | 9.684132020575493 × 10^285 |
| 60 | ov_060 | 2.773559133199011 × 10^286 |
| 59 | ov_059 | 6.69589450001394 × 10^286 |
| 58 | ov_058 | 1.3595711069566338 × 10^287 |
| 57 | ov_057 | 2.457395900805553 × 10^287 |
| 56 | ov_056 | 4.097225787681641 × 10^287 |
| 55 | ov_055 | 6.4372926455683275 × 10^287 |
| 54 | ov_054 | 9.65990470095961 × 10^287 |
| 53 | ov_053 | 1.3971458628605667 × 10^288 |
| 52 | ov_052 | 1.9602460378100088 × 10^288 |
| 51 | ov_051 | 2.703806456909613 × 10^288 |
| 50 | ov_050 | 3.6811762057853814 × 10^288 |
| 49 | ov_049 | 4.950550444936177 × 10^288 |
| 48 | ov_048 | 6.574988086314907 × 10^288 |
| 47 | ov_047 | 8.589688273456858 × 10^288 |
| 32 | lv_80_m31 | 1.030068138596319 × 10^289 |
| 46 | ov_046 | 1.1067519828418215 × 10^289 |
| 45 | ov_045 | 1.4086318927739386 × 10^289 |
| 44 | ov_044 | 1.7728950473363101 × 10^289 |
| 43 | ov_043 | 2.2083389120656474 × 10^289 |
| 42 | ov_042 | 2.7242824247518743 × 10^289 |
| 41 | ov_041 | 3.3305793506947725 × 10^289 |
| 40 | ov_040 | 4.032572544557781 × 10^289 |
| 39 | ov_039 | 4.835896613360436 × 10^289 |
| 31 | ov_031 | 5.282679275045693 × 10^289 |
| 38 | ov_038 | 5.746491653807245 × 10^289 |
| 37 | ov_037 | 6.776559792500338 × 10^289 |
| 36 | ov_036 | 7.938966512780943 × 10^289 |
| 35 | ov_035 | 9.247283045456215 × 10^289 |
| 34 | ov_034 | 1.0715835966444734 × 10^290 |
| 33 | ov_033 | 1.2352406001584124 × 10^290 |
| 30 | ov_030 | 2.7088660516931722 × 10^290 |
| 29 | ov_029 | 8.862949352856263 × 10^290 |
| 28 | ov_028 | 2.300719181034918 × 10^291 |
| 27 | ov_027 | 5.1430963530183015 × 10^291 |
| 26 | ov_026 | 1.0285999394256334 × 10^292 |
| 25 | ov_025 | 1.8845640254433878 × 10^292 |
| 24 | ov_024 | 3.2181881614731597 × 10^292 |
| 23 | ov_023 | 5.189827113967373 × 10^292 |
| 22 | ov_022 | 8.144567150387679 × 10^292 |
| 21 | ov_021 | 1.2476264557973021 × 10^293 |
| 20 | ov_020 | 1.8627590896034236 × 10^293 |
| 19 | ov_019 | 2.7090106954132385 × 10^293 |
| 18 | ov_018 | 3.840437518676882 × 10^293 |
| 17 | ov_017 | 5.316012232079296 × 10^293 |
| 16 | ov_016 | 7.199646575771053 × 10^293 |
| 15 | ov_015 | 9.560221931984588 × 10^293 |
| 14 | ov_014 | 1.2471629812252988 × 10^294 |
| 13 | ov_013 | 1.601282514415066 × 10^294 |
| 12 | ov_012 | 2.026789622600373 × 10^294 |
| 11 | ov_011 | 2.5326155811699046 × 10^294 |
| 10 | ov_010 | 3.128225784875799 × 10^294 |
| 9 | ov_009 | 3.823634412812269 × 10^294 |
| 8 | ov_008 | 4.62942254967147 × 10^294 |
| 7 | ov_007 | 5.556760333463169 × 10^294 |
| 6 | ov_006 | 6.617433772652915 × 10^294 |
| 5 | ov_005 | 7.823876916270873 × 10^294 |
| 4 | ov_004 | 9.189210101893332 × 10^294 |
| 3 | ov_003 | 1.0727284998089125 × 10^295 |
| 2 | ov_002 | 1.2452737046774711 × 10^295 |
| 1 | ov_001 | 1.4381045792751295 × 10^295 |

