# Results for F001-F002-F003-F004-F005-F006-F007-F008-F009-F010-F011-F012-F013-F014-F015-F016-F017-F018-F019-F020-F021-F022-F023-F024-F025-F026-F027-F028-F029-F030-F031-F032-F033-F034-F035-F036-F037-F038-F039-F040-F041-F042-F043-F044-F045-F046-F047-F048-F049-F050-F051-F052-F053-F054-F055-F056-F057-F058-F059-F060-F061-F062-F063-F064-F065-F066-F067-F068-F069-F070-F071-F072-F073-F074-F075-F076-F077-F078-F079-F080-F081-F082-F083-F084-F085-F086-F087-F088-F089-F090-F091-F092-F093-F094-F095-F096-F097-F098-F099-F100-F101-F102-F103-F104-F105-F106-F107-F108-F109-F110-F111-F112-F113-F114-F115-F116-F117-F118-F119-F120-F121-F122-F123-F124-F125-F126-F127-F128-F129-F130-F131-F132-F133-F134-F135-F136-F137-F138-F139-F140-F141-F142-F143-F144-F145-F146-F147-F148-F149-F150-F151-F152-F153-F154-F155-F156-F157-F158-F159-F160-F161-F162-F163-F164-F165-F166-F167-F168-F169-F170-F171-F172-F173-F174-F175-F176-F177-F178-F179-F180-F181-F182-F183-F184-F185-F186-F187-F188-F189-F190-F191-F192-F193-F194-F195-F196-F197-F198-F199-F200-F201-F202-F203-F204-F205-F206-F207-F208-F209-F210-F211-F212-F213-F214-F215-F216-F217-F218-F219-F220-F221-F222-F223-F224-F225-F226-F227-F228-F229-F230-F231-F232-F233-F234-F235-F236-F237-F238-F239-F240-F241-F242-F243-F244-F245-F246-F247-F248-F249-F250-F251-F252-F253-F254-F255-F256-F257-F258-F259-F260-F261-F262-F263-F264-F265-F266-F267-F268-F269-F270-F271-F272-F273-F274-F275-F276-F277-F278-F279-F280-F281-F282-F283-F284-F285-F286-F287-F288-F289-F290-F291-F292-F293-F294-F295-F296-F297-F298-F299-F300-F301-F302-F303-F304-F305-F306-F307-F308-F309-F310-F311-F312-F313-F314-F315-F316-F317-F318-F319-F320-F321-F322-F323-F324-F325-F326-F327-F328-F329-F330-F331-F332-F333-F334-F335-F336-F337-F338-F339-F340-F341-F342-F343-F344-F345-F346-F347-F348-F349-F350-F351-F352-F353-F354-F355-F356-F357-F358-F359-F360-F361-F362-F363-F364-F365-F366-F367-F368-F369-F370-F371-F372-F373-F374-F375-F376-F377-F378-F379-F380-F381-F382-F383-F384-F385-F386-F387-F388-F389-F390-F391-F392-F393-F394-F395-F396-F397-F398-F399-F400-F401-F402-F403-F404-F405-F406-F407-F408-F409-F410-F411-F412-F413-F414-F415-F416-F417-F418-F419-F420-F421-F422-F423-F424-F425-F426-F427-F428-F429-F430-F431-F432-F433-F434-F435-F436-F437-F438-F439-F440-F441-F442-F443-F444-F445-F446-F447-F448-F449-F450-F451-F452-F453-F454-F455-F456-F457-F458-F459-F460-F461-F462-F463-F464-F465-F466-F467-F468-F469-F470-F471-F472-F473-F474-F475-F476-F477-F478-F479-F480-F481-F482-F483-F484-F485-F486-F487-F488-F489-F490-F491-F492-F493-F494-F495-F496-E499505-E504506-T508-F509-F510-F511-F512

## Summary

Number of input bits: 512  
Number of free input bits: 9  
Number of output bits: 160

Number of direct occurrences: 37166  
Number of assignments: 31321  
Number of operations: 11729842
(xor: 11700860,
and: 15692,
or: 13290)

Total complexity: 1.0721191821927801 × 10^305

Least occurring input variable: iv_501 (3962)  
Most occurring input variable: iv_504 (4333)

Most co-occurring input variables: iv_499-iv_504 (2113)  
Least co-occurring input variables: iv_501-iv_502 (1754)

Potentially most occurring input variable: iv_504/iv_507 (4657)  
Potentially least occurring input variable: iv_500/iv_501 (4142)

Least output occurring input variable: iv_498 (72)  
Most output occurring input variable: iv_500 (91)

Most output co-occurring input variables: iv_499-iv_500 (49)  
Least output co-occurring input variables: iv_498-iv_504 (25)

Potentially most output occurring input variable: iv_498/iv_504 (100)  
Potentially least output occurring input variable: iv_497/iv_498 (69)

Least complex input bit: iv_497 (4.388203700939625 × 10^302)  
Most complex input bit: iv_504 (3.3288345139700867 × 10^304)

Least complex output bit: aaa_76_29 (3.712772674392823 × 10^279)  
Most complex output bit: ov_001 (1.7299713603496632 × 10^304)

Least complex input/output complexity: iv_497/aaa_76_29 (1.5196447429655739 × 10^277)  
Most complex input/output complexity: iv_504/ov_001 (5.371406899682023 × 10^303)

## Input Bits

### Input Bits in Regular Order

| Input Bit | Complexity | Occurrences | Output Occurrences |
|:---------:|:----------:|:-----------:|:------------------:|
| iv_497 | 4.388203700939625 × 10^302 | 4007 | 73 |
| iv_498 | 8.782606362212248 × 10^302 | 4003 | 72 |
| iv_499 | 3.031695417214201 × 10^304 | 4302 | 83 |
| iv_500 | 2.716674602519568 × 10^303 | 4062 | 91 |
| iv_501 | 4.556900967408679 × 10^303 | 3962 | 75 |
| iv_502 | 7.458768607892047 × 10^303 | 4010 | 87 |
| iv_503 | 1.1949795979227747 × 10^304 | 4191 | 78 |
| iv_504 | 3.3288345139700867 × 10^304 | 4333 | 78 |
| iv_507 | 1.560739774407181 × 10^304 | 4296 | 73 |

### Input Bits Sorted by Complexity

| Input Bit | Complexity | Occurrences | Output Occurrences |
|:---------:|:----------:|:-----------:|:------------------:|
| iv_497 | 4.388203700939625 × 10^302 | 4007 | 73 |
| iv_498 | 8.782606362212248 × 10^302 | 4003 | 72 |
| iv_500 | 2.716674602519568 × 10^303 | 4062 | 91 |
| iv_501 | 4.556900967408679 × 10^303 | 3962 | 75 |
| iv_502 | 7.458768607892047 × 10^303 | 4010 | 87 |
| iv_503 | 1.1949795979227747 × 10^304 | 4191 | 78 |
| iv_507 | 1.560739774407181 × 10^304 | 4296 | 73 |
| iv_499 | 3.031695417214201 × 10^304 | 4302 | 83 |
| iv_504 | 3.3288345139700867 × 10^304 | 4333 | 78 |

### Input Bits Sorted by Occurrences

| Input Bit | Complexity | Occurrences | Output Occurrences |
|:---------:|:----------:|:-----------:|:------------------:|
| iv_501 | 4.556900967408679 × 10^303 | 3962 | 75 |
| iv_498 | 8.782606362212248 × 10^302 | 4003 | 72 |
| iv_497 | 4.388203700939625 × 10^302 | 4007 | 73 |
| iv_502 | 7.458768607892047 × 10^303 | 4010 | 87 |
| iv_500 | 2.716674602519568 × 10^303 | 4062 | 91 |
| iv_503 | 1.1949795979227747 × 10^304 | 4191 | 78 |
| iv_507 | 1.560739774407181 × 10^304 | 4296 | 73 |
| iv_499 | 3.031695417214201 × 10^304 | 4302 | 83 |
| iv_504 | 3.3288345139700867 × 10^304 | 4333 | 78 |

### Input Bits Sorted by Output Occurrences

| Input Bit | Complexity | Occurrences | Output Occurrences |
|:---------:|:----------:|:-----------:|:------------------:|
| iv_498 | 8.782606362212248 × 10^302 | 4003 | 72 |
| iv_507 | 1.560739774407181 × 10^304 | 4296 | 73 |
| iv_497 | 4.388203700939625 × 10^302 | 4007 | 73 |
| iv_501 | 4.556900967408679 × 10^303 | 3962 | 75 |
| iv_504 | 3.3288345139700867 × 10^304 | 4333 | 78 |
| iv_503 | 1.1949795979227747 × 10^304 | 4191 | 78 |
| iv_499 | 3.031695417214201 × 10^304 | 4302 | 83 |
| iv_502 | 7.458768607892047 × 10^303 | 4010 | 87 |
| iv_500 | 2.716674602519568 × 10^303 | 4062 | 91 |

## Input Bit Co-occurrences

### Input Bit Co-occurrences Sorted by Co-occurrences

| Input Bits | Co-occurrences | Potential Occurrences | Output Co-occurrences | Potential Output Occurrences |
|:----------:|:--------------:|:---------------------:|:---------------------:|:----------------------------:|
| iv_499-iv_504 | 2113 | 4409 | 46 | 69 |
| iv_499-iv_507 | 2079 | 4440 | 36 | 84 |
| iv_499-iv_503 | 2034 | 4425 | 43 | 75 |
| iv_503-iv_504 | 2022 | 4480 | 40 | 76 |
| iv_500-iv_507 | 1998 | 4362 | 38 | 88 |
| iv_503-iv_507 | 1997 | 4493 | 36 | 79 |
| iv_504-iv_507 | 1986 | 4657 | 29 | 93 |
| iv_499-iv_502 | 1976 | 4360 | 42 | 86 |
| iv_499-iv_500 | 1975 | 4414 | 49 | 76 |

### Input Bit Co-occurrences Sorted by Potential Occurrences

| Input Bits | Co-occurrences | Potential Occurrences | Output Co-occurrences | Potential Output Occurrences |
|:----------:|:--------------:|:---------------------:|:---------------------:|:----------------------------:|
| iv_500-iv_501 | 1941 | 4142 | 43 | 80 |
| iv_497-iv_502 | 1911 | 4195 | 35 | 90 |
| iv_498-iv_500 | 1918 | 4229 | 39 | 85 |
| iv_501-iv_503 | 1958 | 4237 | 40 | 73 |
| iv_502-iv_503 | 1975 | 4251 | 44 | 77 |
| iv_498-iv_501 | 1853 | 4259 | 35 | 77 |
| iv_500-iv_502 | 1896 | 4280 | 49 | 80 |
| iv_497-iv_503 | 1956 | 4286 | 31 | 89 |
| iv_498-iv_503 | 1935 | 4324 | 32 | 86 |

### Input Bit Output Co-occurrences Sorted by Output Co-occurrences

| Input Bits | Co-occurrences | Potential Occurrences | Output Co-occurrences | Potential Output Occurrences |
|:----------:|:--------------:|:---------------------:|:---------------------:|:----------------------------:|
| iv_500-iv_502 | 1896 | 4280 | 49 | 80 |
| iv_499-iv_500 | 1975 | 4414 | 49 | 76 |
| iv_500-iv_504 | 1957 | 4481 | 48 | 73 |
| iv_499-iv_504 | 2113 | 4409 | 46 | 69 |
| iv_498-iv_502 | 1814 | 4385 | 45 | 69 |
| iv_500-iv_503 | 1947 | 4359 | 44 | 81 |
| iv_502-iv_503 | 1975 | 4251 | 44 | 77 |
| iv_500-iv_501 | 1941 | 4142 | 43 | 80 |
| iv_499-iv_503 | 2034 | 4425 | 43 | 75 |

### Input Bit Output Co-occurrences Sorted by Potential Output Occurrences

| Input Bits | Co-occurrences | Potential Occurrences | Output Co-occurrences | Potential Output Occurrences |
|:----------:|:--------------:|:---------------------:|:---------------------:|:----------------------------:|
| iv_497-iv_498 | 1837 | 4336 | 38 | 69 |
| iv_498-iv_502 | 1814 | 4385 | 45 | 69 |
| iv_499-iv_504 | 2113 | 4409 | 46 | 69 |
| iv_500-iv_504 | 1957 | 4481 | 48 | 73 |
| iv_501-iv_503 | 1958 | 4237 | 40 | 73 |
| iv_497-iv_501 | 1760 | 4449 | 37 | 74 |
| iv_499-iv_501 | 1914 | 4436 | 42 | 74 |
| iv_498-iv_507 | 1936 | 4427 | 35 | 75 |
| iv_501-iv_504 | 1956 | 4383 | 39 | 75 |

## Output Bits

### Output Bits in Regular Order

| Rank | Output Bit | Complexity |
|:----:|:----------:|:----------:|
| 1 | ov_001 | 1.7299713603496632 × 10^304 |
| 2 | ov_002 | 1.498046592770298 × 10^304 |
| 3 | ov_003 | 1.2905116876356173 × 10^304 |
| 4 | ov_004 | 1.1055066628865411 × 10^304 |
| 5 | ov_005 | 9.41272963377269 × 10^303 |
| 6 | ov_006 | 7.961461760457807 × 10^303 |
| 7 | ov_007 | 6.685496940349438 × 10^303 |
| 8 | ov_008 | 5.56989273020346 × 10^303 |
| 9 | ov_009 | 4.600484092431385 × 10^303 |
| 10 | ov_010 | 3.7638445580537486 × 10^303 |
| 11 | ov_011 | 3.0472539281886885 × 10^303 |
| 12 | ov_012 | 2.4386717181408683 × 10^303 |
| 13 | ov_013 | 1.9267155954280445 × 10^303 |
| 14 | ov_014 | 1.5006441096780262 × 10^303 |
| 15 | ov_015 | 1.1503430584149985 × 10^303 |
| 16 | ov_016 | 8.663148784631562 × 10^302 |
| 17 | ov_017 | 6.396704981285462 × 10^302 |
| 18 | ov_018 | 4.62123130552986 × 10^302 |
| 19 | ov_019 | 3.2598355776017486 × 10^302 |
| 20 | ov_020 | 2.241565692085154 × 10^302 |
| 21 | ov_021 | 1.5013832448102101 × 10^302 |
| 22 | ov_022 | 9.801445903592093 × 10^301 |
| 23 | ov_023 | 6.245877437614834 × 10^301 |
| 24 | ov_024 | 3.87323764215239 × 10^301 |
| 25 | ov_025 | 2.268314828863695 × 10^301 |
| 26 | ov_026 | 1.2381677627157597 × 10^301 |
| 27 | ov_027 | 6.19174830741387 × 10^300 |
| 28 | ov_028 | 2.770300513428592 × 10^300 |
| 29 | ov_029 | 1.0674170833299948 × 10^300 |
| 30 | ov_030 | 3.2631992836898325 × 10^299 |
| 31 | ov_031 | 6.365311634142957 × 10^298 |
| 32 | lv_80_m31 | 1.2414772708808133 × 10^298 |
| 33 | ov_033 | 1.4851114484531422 × 10^299 |
| 34 | ov_034 | 1.2879494956096556 × 10^299 |
| 35 | ov_035 | 1.1115935934769713 × 10^299 |
| 36 | ov_036 | 9.542799838494677 × 10^298 |
| 37 | ov_037 | 8.143397288271679 × 10^298 |
| 38 | ov_038 | 6.901920017288015 × 10^298 |
| 39 | ov_039 | 5.803382986986427 × 10^298 |
| 40 | ov_040 | 4.833574828271036 × 10^298 |
| 41 | ov_041 | 3.985577572592455 × 10^298 |
| 42 | ov_042 | 3.2528294185938086 × 10^298 |
| 43 | ov_043 | 2.629108622409562 × 10^298 |
| 44 | ov_044 | 2.1029410401329012 × 10^298 |
| 45 | ov_045 | 1.6634755139721181 × 10^298 |
| 46 | ov_046 | 1.3004681992182468 × 10^298 |
| 47 | ov_047 | 1.0042702527360944 × 10^298 |
| 48 | ov_048 | 7.658183388928971 × 10^297 |
| 49 | ov_049 | 5.7662744923661506 × 10^297 |
| 50 | ov_050 | 4.287855725263686 × 10^297 |
| 51 | ov_051 | 3.149497919269958 × 10^297 |
| 52 | ov_052 | 2.2834344525622684 × 10^297 |
| 53 | ov_053 | 1.6275407855811086 × 10^297 |
| 54 | ov_054 | 1.1253201012239935 × 10^297 |
| 55 | ov_055 | 7.49929460784986 × 10^296 |
| 56 | ov_056 | 4.773330388110743 × 10^296 |
| 57 | ov_057 | 2.8629975639317492 × 10^296 |
| 58 | ov_058 | 1.5840191737338499 × 10^296 |
| 59 | ov_059 | 7.801449075007748 × 10^295 |
| 60 | ov_060 | 3.2314780941798306 × 10^295 |
| 61 | ov_061 | 1.1282307434140424 × 10^295 |
| 62 | ov_062 | 3.093387938083764 × 10^294 |
| 63 | ov_063 | 6.025802486510208 × 10^293 |
| 64 | lv_79_m31 | 1.1735211210078364 × 10^293 |
| 65 | ov_065 | 1.3883865302586236 × 10^294 |
| 66 | ov_066 | 1.3883822668552442 × 10^294 |
| 67 | ov_067 | 1.388381238135234 × 10^294 |
| 68 | ov_068 | 1.1991156035361143 × 10^294 |
| 69 | ov_069 | 1.0300647874489643 × 10^294 |
| 70 | ov_070 | 8.796850451373036 × 10^293 |
| 71 | ov_071 | 7.465132449460612 × 10^293 |
| 72 | ov_072 | 6.29161132825519 × 10^293 |
| 73 | ov_073 | 5.263104468247693 × 10^293 |
| 74 | ov_074 | 4.3670879538053015 × 10^293 |
| 75 | ov_075 | 3.591662177377505 × 10^293 |
| 76 | ov_076 | 2.925523491836581 × 10^293 |
| 77 | ov_077 | 2.3579411798758867 × 10^293 |
| 78 | ov_078 | 1.8787390504177484 × 10^293 |
| 79 | ov_079 | 1.4782810121597822 × 10^293 |
| 80 | ov_080 | 1.1474600139053912 × 10^293 |
| 81 | ov_081 | 8.776897803380043 × 10^292 |
| 82 | ov_082 | 6.608988105355284 × 10^292 |
| 83 | ov_083 | 4.895261448795115 × 10^292 |
| 84 | ov_084 | 3.56518444166833 × 10^292 |
| 85 | ov_085 | 2.5532796273640746 × 10^292 |
| 86 | ov_086 | 1.7991107104608487 × 10^292 |
| 87 | ov_087 | 1.247271234157913 × 10^292 |
| 88 | ov_088 | 8.473759273690702 × 10^291 |
| 89 | ov_089 | 5.540543440877685 × 10^291 |
| 90 | ov_090 | 3.458743039767269 × 10^291 |
| 91 | ov_091 | 2.0390792078530097 × 10^291 |
| 92 | ov_092 | 1.117304856582905 × 10^291 |
| 93 | ov_093 | 5.541983957808234 × 10^290 |
| 94 | ov_094 | 2.355606510026412 × 10^290 |
| 95 | aaa_78_28 | 7.221360546488422 × 10^289 |
| 96 | aaa_78_29 | 2.1924787699674972 × 10^289 |
| 97 | ov_097 | 1.1839284640494406 × 10^289 |
| 98 | ov_098 | 1.1839222700133515 × 10^289 |
| 99 | ov_099 | 1.1839202938132694 × 10^289 |
| 100 | ov_100 | 1.0131183906531515 × 10^289 |
| 101 | ov_101 | 8.615091448381727 × 10^288 |
| 102 | ov_102 | 7.275647314585734 × 10^288 |
| 103 | ov_103 | 6.098403966769077 × 10^288 |
| 104 | ov_104 | 5.0696839562790936 × 10^288 |
| 105 | ov_105 | 4.176527409920522 × 10^288 |
| 106 | ov_106 | 3.406646864825729 × 10^288 |
| 107 | ov_107 | 2.7483887334712226 × 10^288 |
| 108 | ov_108 | 2.1907007171532273 × 10^288 |
| 109 | ov_109 | 1.7231045224983025 × 10^288 |
| 110 | ov_110 | 1.3356732710445236 × 10^288 |
| 111 | ov_111 | 1.0190130267827717 × 10^288 |
| 112 | ov_112 | 7.642479009599685 × 10^287 |
| 113 | ov_113 | 5.630082275484117 × 10^287 |
| 114 | ov_114 | 4.074213366800814 × 10^287 |
| 115 | ov_115 | 2.9010448710741066 × 10^287 |
| 116 | ov_116 | 2.041595524340427 × 10^287 |
| 117 | ov_117 | 1.431690894919796 × 10^287 |
| 118 | ov_118 | 1.0119345084268356 × 10^287 |
| 119 | ov_119 | 7.276866872076523 × 10^286 |
| 120 | ov_120 | 5.290493063291394 × 10^286 |
| 121 | ov_121 | 3.70855195602795 × 10^286 |
| 122 | ov_122 | 2.483849014666619 × 10^286 |
| 123 | ov_123 | 1.569215759155901 × 10^286 |
| 124 | ov_124 | 9.174973518251423 × 10^285 |
| 125 | ov_125 | 4.8154491080128325 × 10^285 |
| 126 | ov_126 | 2.1421159105957076 × 10^285 |
| 127 | aaa_77_28 | 6.8351080954182 × 10^284 |
| 128 | aaa_77_29 | 2.559573664292207 × 10^284 |
| 129 | ov_129 | 2.342209964668402 × 10^284 |
| 130 | ov_130 | 2.3422027395584068 × 10^284 |
| 131 | ov_131 | 2.3422009945563864 × 10^284 |
| 132 | ov_132 | 2.023918602949286 × 10^284 |
| 133 | ov_133 | 1.7395555719685065 × 10^284 |
| 134 | ov_134 | 1.4865199196457525 × 10^284 |
| 135 | ov_135 | 1.2623563271691396 × 10^284 |
| 136 | ov_136 | 1.0647363189511002 × 10^284 |
| 137 | ov_137 | 8.914498610671386 × 10^283 |
| 138 | ov_138 | 7.403982390015706 × 10^283 |
| 139 | ov_139 | 6.095880826192959 × 10^283 |
| 140 | ov_140 | 4.971264130848908 × 10^283 |
| 141 | ov_141 | 4.0121659311684794 × 10^283 |
| 142 | ov_142 | 3.2015506853259804 × 10^283 |
| 143 | ov_143 | 2.5232879553858356 × 10^283 |
| 144 | ov_144 | 1.9621325467176434 × 10^283 |
| 145 | ov_145 | 1.5037095872084397 × 10^283 |
| 146 | ov_146 | 1.1345036835798366 × 10^283 |
| 147 | ov_147 | 8.418513560124834 × 10^282 |
| 148 | ov_148 | 6.139360160816883 × 10^282 |
| 149 | ov_149 | 4.397848167391869 × 10^282 |
| 150 | ov_150 | 3.092667667545686 × 10^282 |
| 151 | ov_151 | 2.130915917154629 × 10^282 |
| 152 | ov_152 | 1.4280898353233078 × 10^282 |
| 153 | ov_153 | 9.080806847008603 × 10^281 |
| 154 | ov_154 | 5.349321279009685 × 10^281 |
| 155 | ov_155 | 2.768823855103585 × 10^281 |
| 156 | aaa_76_25 | 1.0636335728979971 × 10^281 |
| 157 | aaa_76_26 | 6.138982605244347 × 10^280 |
| 158 | aaa_76_27 | 3.140568527803211 × 10^280 |
| 159 | aaa_76_28 | 1.2218208402249783 × 10^280 |
| 160 | aaa_76_29 | 3.712772674392823 × 10^279 |

### Output Bits Sorted by Complexity

| Rank | Output Bit | Complexity |
|:----:|:----------:|:----------:|
| 160 | aaa_76_29 | 3.712772674392823 × 10^279 |
| 159 | aaa_76_28 | 1.2218208402249783 × 10^280 |
| 158 | aaa_76_27 | 3.140568527803211 × 10^280 |
| 157 | aaa_76_26 | 6.138982605244347 × 10^280 |
| 156 | aaa_76_25 | 1.0636335728979971 × 10^281 |
| 155 | ov_155 | 2.768823855103585 × 10^281 |
| 154 | ov_154 | 5.349321279009685 × 10^281 |
| 153 | ov_153 | 9.080806847008603 × 10^281 |
| 152 | ov_152 | 1.4280898353233078 × 10^282 |
| 151 | ov_151 | 2.130915917154629 × 10^282 |
| 150 | ov_150 | 3.092667667545686 × 10^282 |
| 149 | ov_149 | 4.397848167391869 × 10^282 |
| 148 | ov_148 | 6.139360160816883 × 10^282 |
| 147 | ov_147 | 8.418513560124834 × 10^282 |
| 146 | ov_146 | 1.1345036835798366 × 10^283 |
| 145 | ov_145 | 1.5037095872084397 × 10^283 |
| 144 | ov_144 | 1.9621325467176434 × 10^283 |
| 143 | ov_143 | 2.5232879553858356 × 10^283 |
| 142 | ov_142 | 3.2015506853259804 × 10^283 |
| 141 | ov_141 | 4.0121659311684794 × 10^283 |
| 140 | ov_140 | 4.971264130848908 × 10^283 |
| 139 | ov_139 | 6.095880826192959 × 10^283 |
| 138 | ov_138 | 7.403982390015706 × 10^283 |
| 137 | ov_137 | 8.914498610671386 × 10^283 |
| 136 | ov_136 | 1.0647363189511002 × 10^284 |
| 135 | ov_135 | 1.2623563271691396 × 10^284 |
| 134 | ov_134 | 1.4865199196457525 × 10^284 |
| 133 | ov_133 | 1.7395555719685065 × 10^284 |
| 132 | ov_132 | 2.023918602949286 × 10^284 |
| 131 | ov_131 | 2.3422009945563864 × 10^284 |
| 130 | ov_130 | 2.3422027395584068 × 10^284 |
| 129 | ov_129 | 2.342209964668402 × 10^284 |
| 128 | aaa_77_29 | 2.559573664292207 × 10^284 |
| 127 | aaa_77_28 | 6.8351080954182 × 10^284 |
| 126 | ov_126 | 2.1421159105957076 × 10^285 |
| 125 | ov_125 | 4.8154491080128325 × 10^285 |
| 124 | ov_124 | 9.174973518251423 × 10^285 |
| 123 | ov_123 | 1.569215759155901 × 10^286 |
| 122 | ov_122 | 2.483849014666619 × 10^286 |
| 121 | ov_121 | 3.70855195602795 × 10^286 |
| 120 | ov_120 | 5.290493063291394 × 10^286 |
| 119 | ov_119 | 7.276866872076523 × 10^286 |
| 118 | ov_118 | 1.0119345084268356 × 10^287 |
| 117 | ov_117 | 1.431690894919796 × 10^287 |
| 116 | ov_116 | 2.041595524340427 × 10^287 |
| 115 | ov_115 | 2.9010448710741066 × 10^287 |
| 114 | ov_114 | 4.074213366800814 × 10^287 |
| 113 | ov_113 | 5.630082275484117 × 10^287 |
| 112 | ov_112 | 7.642479009599685 × 10^287 |
| 111 | ov_111 | 1.0190130267827717 × 10^288 |
| 110 | ov_110 | 1.3356732710445236 × 10^288 |
| 109 | ov_109 | 1.7231045224983025 × 10^288 |
| 108 | ov_108 | 2.1907007171532273 × 10^288 |
| 107 | ov_107 | 2.7483887334712226 × 10^288 |
| 106 | ov_106 | 3.406646864825729 × 10^288 |
| 105 | ov_105 | 4.176527409920522 × 10^288 |
| 104 | ov_104 | 5.0696839562790936 × 10^288 |
| 103 | ov_103 | 6.098403966769077 × 10^288 |
| 102 | ov_102 | 7.275647314585734 × 10^288 |
| 101 | ov_101 | 8.615091448381727 × 10^288 |
| 100 | ov_100 | 1.0131183906531515 × 10^289 |
| 99 | ov_099 | 1.1839202938132694 × 10^289 |
| 98 | ov_098 | 1.1839222700133515 × 10^289 |
| 97 | ov_097 | 1.1839284640494406 × 10^289 |
| 96 | aaa_78_29 | 2.1924787699674972 × 10^289 |
| 95 | aaa_78_28 | 7.221360546488422 × 10^289 |
| 94 | ov_094 | 2.355606510026412 × 10^290 |
| 93 | ov_093 | 5.541983957808234 × 10^290 |
| 92 | ov_092 | 1.117304856582905 × 10^291 |
| 91 | ov_091 | 2.0390792078530097 × 10^291 |
| 90 | ov_090 | 3.458743039767269 × 10^291 |
| 89 | ov_089 | 5.540543440877685 × 10^291 |
| 88 | ov_088 | 8.473759273690702 × 10^291 |
| 87 | ov_087 | 1.247271234157913 × 10^292 |
| 86 | ov_086 | 1.7991107104608487 × 10^292 |
| 85 | ov_085 | 2.5532796273640746 × 10^292 |
| 84 | ov_084 | 3.56518444166833 × 10^292 |
| 83 | ov_083 | 4.895261448795115 × 10^292 |
| 82 | ov_082 | 6.608988105355284 × 10^292 |
| 81 | ov_081 | 8.776897803380043 × 10^292 |
| 80 | ov_080 | 1.1474600139053912 × 10^293 |
| 64 | lv_79_m31 | 1.1735211210078364 × 10^293 |
| 79 | ov_079 | 1.4782810121597822 × 10^293 |
| 78 | ov_078 | 1.8787390504177484 × 10^293 |
| 77 | ov_077 | 2.3579411798758867 × 10^293 |
| 76 | ov_076 | 2.925523491836581 × 10^293 |
| 75 | ov_075 | 3.591662177377505 × 10^293 |
| 74 | ov_074 | 4.3670879538053015 × 10^293 |
| 73 | ov_073 | 5.263104468247693 × 10^293 |
| 63 | ov_063 | 6.025802486510208 × 10^293 |
| 72 | ov_072 | 6.29161132825519 × 10^293 |
| 71 | ov_071 | 7.465132449460612 × 10^293 |
| 70 | ov_070 | 8.796850451373036 × 10^293 |
| 69 | ov_069 | 1.0300647874489643 × 10^294 |
| 68 | ov_068 | 1.1991156035361143 × 10^294 |
| 67 | ov_067 | 1.388381238135234 × 10^294 |
| 66 | ov_066 | 1.3883822668552442 × 10^294 |
| 65 | ov_065 | 1.3883865302586236 × 10^294 |
| 62 | ov_062 | 3.093387938083764 × 10^294 |
| 61 | ov_061 | 1.1282307434140424 × 10^295 |
| 60 | ov_060 | 3.2314780941798306 × 10^295 |
| 59 | ov_059 | 7.801449075007748 × 10^295 |
| 58 | ov_058 | 1.5840191737338499 × 10^296 |
| 57 | ov_057 | 2.8629975639317492 × 10^296 |
| 56 | ov_056 | 4.773330388110743 × 10^296 |
| 55 | ov_055 | 7.49929460784986 × 10^296 |
| 54 | ov_054 | 1.1253201012239935 × 10^297 |
| 53 | ov_053 | 1.6275407855811086 × 10^297 |
| 52 | ov_052 | 2.2834344525622684 × 10^297 |
| 51 | ov_051 | 3.149497919269958 × 10^297 |
| 50 | ov_050 | 4.287855725263686 × 10^297 |
| 49 | ov_049 | 5.7662744923661506 × 10^297 |
| 48 | ov_048 | 7.658183388928971 × 10^297 |
| 47 | ov_047 | 1.0042702527360944 × 10^298 |
| 32 | lv_80_m31 | 1.2414772708808133 × 10^298 |
| 46 | ov_046 | 1.3004681992182468 × 10^298 |
| 45 | ov_045 | 1.6634755139721181 × 10^298 |
| 44 | ov_044 | 2.1029410401329012 × 10^298 |
| 43 | ov_043 | 2.629108622409562 × 10^298 |
| 42 | ov_042 | 3.2528294185938086 × 10^298 |
| 41 | ov_041 | 3.985577572592455 × 10^298 |
| 40 | ov_040 | 4.833574828271036 × 10^298 |
| 39 | ov_039 | 5.803382986986427 × 10^298 |
| 31 | ov_031 | 6.365311634142957 × 10^298 |
| 38 | ov_038 | 6.901920017288015 × 10^298 |
| 37 | ov_037 | 8.143397288271679 × 10^298 |
| 36 | ov_036 | 9.542799838494677 × 10^298 |
| 35 | ov_035 | 1.1115935934769713 × 10^299 |
| 34 | ov_034 | 1.2879494956096556 × 10^299 |
| 33 | ov_033 | 1.4851114484531422 × 10^299 |
| 30 | ov_030 | 3.2631992836898325 × 10^299 |
| 29 | ov_029 | 1.0674170833299948 × 10^300 |
| 28 | ov_028 | 2.770300513428592 × 10^300 |
| 27 | ov_027 | 6.19174830741387 × 10^300 |
| 26 | ov_026 | 1.2381677627157597 × 10^301 |
| 25 | ov_025 | 2.268314828863695 × 10^301 |
| 24 | ov_024 | 3.87323764215239 × 10^301 |
| 23 | ov_023 | 6.245877437614834 × 10^301 |
| 22 | ov_022 | 9.801445903592093 × 10^301 |
| 21 | ov_021 | 1.5013832448102101 × 10^302 |
| 20 | ov_020 | 2.241565692085154 × 10^302 |
| 19 | ov_019 | 3.2598355776017486 × 10^302 |
| 18 | ov_018 | 4.62123130552986 × 10^302 |
| 17 | ov_017 | 6.396704981285462 × 10^302 |
| 16 | ov_016 | 8.663148784631562 × 10^302 |
| 15 | ov_015 | 1.1503430584149985 × 10^303 |
| 14 | ov_014 | 1.5006441096780262 × 10^303 |
| 13 | ov_013 | 1.9267155954280445 × 10^303 |
| 12 | ov_012 | 2.4386717181408683 × 10^303 |
| 11 | ov_011 | 3.0472539281886885 × 10^303 |
| 10 | ov_010 | 3.7638445580537486 × 10^303 |
| 9 | ov_009 | 4.600484092431385 × 10^303 |
| 8 | ov_008 | 5.56989273020346 × 10^303 |
| 7 | ov_007 | 6.685496940349438 × 10^303 |
| 6 | ov_006 | 7.961461760457807 × 10^303 |
| 5 | ov_005 | 9.41272963377269 × 10^303 |
| 4 | ov_004 | 1.1055066628865411 × 10^304 |
| 3 | ov_003 | 1.2905116876356173 × 10^304 |
| 2 | ov_002 | 1.498046592770298 × 10^304 |
| 1 | ov_001 | 1.7299713603496632 × 10^304 |

