# Results for F001-F002-F003-F004-F005-F006-F007-F008-F009-F010-F011-F012-F013-F014-F015-F016-F017-F018-F019-F020-F021-F022-F023-F024-F025-F026-F027-F028-F029-F030-F031-F032-F033-F034-F035-F036-F037-F038-F039-F040-F041-F042-F043-F044-F045-F046-F047-F048-F049-F050-F051-F052-F053-F054-F055-F056-F057-F058-F059-F060-F061-F062-F063-F064-F065-F066-F067-F068-F069-F070-F071-F072-F073-F074-F075-F076-F077-F078-F079-F080-F081-F082-F083-F084-F085-F086-F087-F088-F089-F090-F091-F092-F093-F094-F095-F096-F097-F098-F099-F100-F101-F102-F103-F104-F105-F106-F107-F108-F109-F110-F111-F112-F113-F114-F115-F116-F117-F118-F119-F120-F121-F122-F123-F124-F125-F126-F127-F128-F129-F130-F131-F132-F133-F134-F135-F136-F137-F138-F139-F140-F141-F142-F143-F144-F145-F146-F147-F148-F149-F150-F151-F152-F153-F154-F155-F156-F157-F158-F159-F160-F161-F162-F163-F164-F165-F166-F167-F168-F169-F170-F171-F172-F173-F174-F175-F176-F177-F178-F179-F180-F181-F182-F183-F184-F185-F186-F187-F188-F189-F190-F191-F192-F193-F194-F195-F196-F197-F198-F199-F200-F201-F202-F203-F204-F205-F206-F207-F208-F209-F210-F211-F212-F213-F214-F215-F216-F217-F218-F219-F220-F221-F222-F223-F224-F225-F226-F227-F228-F229-F230-F231-F232-F233-F234-F235-F236-F237-F238-F239-F240-F241-F242-F243-F244-F245-F246-F247-F248-F249-F250-F251-F252-F253-F254-F255-F256-F257-F258-F259-F260-F261-F262-F263-F264-F265-F266-F267-F268-F269-F270-F271-F272-F273-F274-F275-F276-F277-F278-F279-F280-F281-F282-F283-F284-F285-F286-F287-F288-F289-F290-F291-F292-F293-F294-F295-F296-F297-F298-F299-F300-F301-F302-F303-F304-F305-F306-F307-F308-F309-F310-F311-F312-F313-F314-F315-F316-F317-F318-F319-F320-F321-F322-F323-F324-F325-F326-F327-F328-F329-F330-F331-F332-F333-F334-F335-F336-F337-F338-F339-F340-F341-F342-F343-F344-F345-F346-F347-F348-F349-F350-F351-F352-F353-F354-F355-F356-F357-F358-F359-F360-F361-F362-F363-F364-F365-F366-F367-F368-F369-F370-F371-F372-F373-F374-F375-F376-F377-F378-F379-F380-F381-F382-F383-F384-F385-F386-F387-F388-F389-F390-F391-F392-F393-F394-F395-F396-F397-F398-F399-F400-F401-F402-F403-F404-F405-F406-F407-F408-F409-F410-F411-F412-F413-F414-F415-F416-F417-F418-F419-F420-F421-F422-F423-F424-F425-F426-F427-F428-F429-F430-F431-F432-F433-F434-F435-F436-F437-F438-F439-F440-F441-F442-F443-F444-F445-F446-F447-F448-F449-F450-F451-F452-F453-F454-F455-F456-F457-F458-F459-F460-F461-F462-F463-F464-F465-F466-F467-F468-F469-F470-F471-F472-F473-F474-F475-F476-F477-F478-F479-F480-F481-F482-F483-F484-F485-F486-F487-F488-F489-F490-F491-F492-F493-F494-F495-F496-E497498-E499505-E504506-F509-F510-F511-F512

## Summary

Number of input bits: 512  
Number of free input bits: 9  
Number of output bits: 160

Number of direct occurrences: 36623  
Number of assignments: 31012  
Number of operations: 10808348
(xor: 10780336,
and: 14738,
or: 13274)

Total complexity: 4.6642029613763455 × 10^297

Least occurring input variable: iv_502 (3828)  
Most occurring input variable: iv_497 (4246)

Most co-occurring input variables: iv_497-iv_501 (2029)  
Least co-occurring input variables: iv_502-iv_503 (1776)

Potentially most occurring input variable: iv_497/iv_507 (4554)  
Potentially least occurring input variable: iv_500/iv_502 (4183)

Least output occurring input variable: iv_499 (57)  
Most output occurring input variable: iv_501 (83)

Most output co-occurring input variables: iv_497-iv_504 (46)  
Least output co-occurring input variables: iv_499-iv_501 (25)

Potentially most output occurring input variable: iv_499/iv_501 (90)  
Potentially least output occurring input variable: iv_497/iv_504 (65)

Least complex input bit: iv_497 (4.96800676717514 × 10^295)  
Most complex input bit: iv_504 (1.133151550320749 × 10^297)

Least complex output bit: aaa_76_29 (1.05252348500529 × 10^273)  
Most complex output bit: ov_001 (7.468123178300954 × 10^296)

Least complex input/output complexity: iv_497/aaa_76_29 (1.1210798156549444 × 10^271)  
Most complex input/output complexity: iv_504/ov_001 (1.8143540123693207 × 10^296)

## Input Bits

### Input Bits in Regular Order

| Input Bit | Complexity | Occurrences | Output Occurrences |
|:---------:|:----------:|:-----------:|:------------------:|
| iv_497 | 4.96800676717514 × 10^295 | 4246 | 81 |
| iv_499 | 1.0390513723124556 × 10^297 | 4115 | 57 |
| iv_500 | 9.846629043924846 × 10^295 | 4057 | 76 |
| iv_501 | 1.6207925339827412 × 10^296 | 4029 | 83 |
| iv_502 | 2.612872670145898 × 10^296 | 3828 | 82 |
| iv_503 | 4.138165752826541 × 10^296 | 3994 | 75 |
| iv_504 | 1.133151550320749 × 10^297 | 4077 | 76 |
| iv_507 | 6.979045180038327 × 10^296 | 4132 | 76 |
| iv_508 | 8.087660669327939 × 10^296 | 4145 | 81 |

### Input Bits Sorted by Complexity

| Input Bit | Complexity | Occurrences | Output Occurrences |
|:---------:|:----------:|:-----------:|:------------------:|
| iv_497 | 4.96800676717514 × 10^295 | 4246 | 81 |
| iv_500 | 9.846629043924846 × 10^295 | 4057 | 76 |
| iv_501 | 1.6207925339827412 × 10^296 | 4029 | 83 |
| iv_502 | 2.612872670145898 × 10^296 | 3828 | 82 |
| iv_503 | 4.138165752826541 × 10^296 | 3994 | 75 |
| iv_507 | 6.979045180038327 × 10^296 | 4132 | 76 |
| iv_508 | 8.087660669327939 × 10^296 | 4145 | 81 |
| iv_499 | 1.0390513723124556 × 10^297 | 4115 | 57 |
| iv_504 | 1.133151550320749 × 10^297 | 4077 | 76 |

### Input Bits Sorted by Occurrences

| Input Bit | Complexity | Occurrences | Output Occurrences |
|:---------:|:----------:|:-----------:|:------------------:|
| iv_502 | 2.612872670145898 × 10^296 | 3828 | 82 |
| iv_503 | 4.138165752826541 × 10^296 | 3994 | 75 |
| iv_501 | 1.6207925339827412 × 10^296 | 4029 | 83 |
| iv_500 | 9.846629043924846 × 10^295 | 4057 | 76 |
| iv_504 | 1.133151550320749 × 10^297 | 4077 | 76 |
| iv_499 | 1.0390513723124556 × 10^297 | 4115 | 57 |
| iv_507 | 6.979045180038327 × 10^296 | 4132 | 76 |
| iv_508 | 8.087660669327939 × 10^296 | 4145 | 81 |
| iv_497 | 4.96800676717514 × 10^295 | 4246 | 81 |

### Input Bits Sorted by Output Occurrences

| Input Bit | Complexity | Occurrences | Output Occurrences |
|:---------:|:----------:|:-----------:|:------------------:|
| iv_499 | 1.0390513723124556 × 10^297 | 4115 | 57 |
| iv_503 | 4.138165752826541 × 10^296 | 3994 | 75 |
| iv_504 | 1.133151550320749 × 10^297 | 4077 | 76 |
| iv_500 | 9.846629043924846 × 10^295 | 4057 | 76 |
| iv_507 | 6.979045180038327 × 10^296 | 4132 | 76 |
| iv_497 | 4.96800676717514 × 10^295 | 4246 | 81 |
| iv_508 | 8.087660669327939 × 10^296 | 4145 | 81 |
| iv_502 | 2.612872670145898 × 10^296 | 3828 | 82 |
| iv_501 | 1.6207925339827412 × 10^296 | 4029 | 83 |

## Input Bit Co-occurrences

### Input Bit Co-occurrences Sorted by Co-occurrences

| Input Bits | Co-occurrences | Potential Occurrences | Output Co-occurrences | Potential Output Occurrences |
|:----------:|:--------------:|:---------------------:|:---------------------:|:----------------------------:|
| iv_497-iv_501 | 2029 | 4217 | 44 | 76 |
| iv_507-iv_508 | 2012 | 4253 | 43 | 71 |
| iv_497-iv_499 | 2008 | 4345 | 31 | 76 |
| iv_497-iv_508 | 1989 | 4413 | 43 | 76 |
| iv_497-iv_500 | 1963 | 4377 | 44 | 69 |
| iv_497-iv_504 | 1962 | 4399 | 46 | 65 |
| iv_499-iv_507 | 1962 | 4323 | 29 | 75 |
| iv_500-iv_508 | 1961 | 4280 | 36 | 85 |
| iv_499-iv_508 | 1959 | 4342 | 35 | 68 |

### Input Bit Co-occurrences Sorted by Potential Occurrences

| Input Bits | Co-occurrences | Potential Occurrences | Output Co-occurrences | Potential Output Occurrences |
|:----------:|:--------------:|:---------------------:|:---------------------:|:----------------------------:|
| iv_500-iv_502 | 1851 | 4183 | 37 | 84 |
| iv_500-iv_501 | 1943 | 4200 | 41 | 77 |
| iv_502-iv_507 | 1872 | 4216 | 42 | 74 |
| iv_501-iv_502 | 1820 | 4217 | 38 | 89 |
| iv_497-iv_501 | 2029 | 4217 | 44 | 76 |
| iv_500-iv_503 | 1917 | 4217 | 39 | 73 |
| iv_501-iv_503 | 1898 | 4227 | 39 | 80 |
| iv_499-iv_502 | 1852 | 4239 | 27 | 85 |
| iv_503-iv_504 | 1914 | 4243 | 36 | 79 |

### Input Bit Output Co-occurrences Sorted by Output Co-occurrences

| Input Bits | Co-occurrences | Potential Occurrences | Output Co-occurrences | Potential Output Occurrences |
|:----------:|:--------------:|:---------------------:|:---------------------:|:----------------------------:|
| iv_497-iv_504 | 1962 | 4399 | 46 | 65 |
| iv_497-iv_500 | 1963 | 4377 | 44 | 69 |
| iv_497-iv_501 | 2029 | 4217 | 44 | 76 |
| iv_497-iv_507 | 1912 | 4554 | 43 | 71 |
| iv_502-iv_508 | 1847 | 4279 | 43 | 77 |
| iv_497-iv_508 | 1989 | 4413 | 43 | 76 |
| iv_507-iv_508 | 2012 | 4253 | 43 | 71 |
| iv_502-iv_507 | 1872 | 4216 | 42 | 74 |
| iv_500-iv_501 | 1943 | 4200 | 41 | 77 |

### Input Bit Output Co-occurrences Sorted by Potential Output Occurrences

| Input Bits | Co-occurrences | Potential Occurrences | Output Co-occurrences | Potential Output Occurrences |
|:----------:|:--------------:|:---------------------:|:---------------------:|:----------------------------:|
| iv_497-iv_504 | 1962 | 4399 | 46 | 65 |
| iv_499-iv_508 | 1959 | 4342 | 35 | 68 |
| iv_497-iv_500 | 1963 | 4377 | 44 | 69 |
| iv_497-iv_507 | 1912 | 4554 | 43 | 71 |
| iv_507-iv_508 | 2012 | 4253 | 43 | 71 |
| iv_499-iv_503 | 1878 | 4353 | 30 | 72 |
| iv_499-iv_504 | 1943 | 4306 | 30 | 73 |
| iv_500-iv_503 | 1917 | 4217 | 39 | 73 |
| iv_502-iv_507 | 1872 | 4216 | 42 | 74 |

## Output Bits

### Output Bits in Regular Order

| Rank | Output Bit | Complexity |
|:----:|:----------:|:----------:|
| 1 | ov_001 | 7.468123178300954 × 10^296 |
| 2 | ov_002 | 6.475843479818683 × 10^296 |
| 3 | ov_003 | 5.586992184912149 × 10^296 |
| 4 | ov_004 | 4.793730697264787 × 10^296 |
| 5 | ov_005 | 4.088647815979156 × 10^296 |
| 6 | ov_006 | 3.4647292609849143 × 10^296 |
| 7 | ov_007 | 2.915331133019646 × 10^296 |
| 8 | ov_008 | 2.434157052524966 × 10^296 |
| 9 | ov_009 | 2.0152386927820647 × 10^296 |
| 10 | ov_010 | 1.6529193703923053 × 10^296 |
| 11 | ov_011 | 1.3418403523354194 × 10^296 |
| 12 | ov_012 | 1.076929558303012 × 10^296 |
| 13 | ov_013 | 8.533923561054693 × 10^295 |
| 14 | ov_014 | 6.667041667701479 × 10^295 |
| 15 | ov_015 | 5.126046145569726 × 10^295 |
| 16 | ov_016 | 3.870929755698496 × 10^295 |
| 17 | ov_017 | 2.8642469698176725 × 10^295 |
| 18 | ov_018 | 2.0710877715059095 × 10^295 |
| 19 | ov_019 | 1.459058151051975 × 10^295 |
| 20 | ov_020 | 9.982656461349766 × 10^294 |
| 21 | ov_021 | 6.61308707544037 × 10^294 |
| 22 | ov_022 | 4.232690621463087 × 10^294 |
| 23 | ov_023 | 2.6170643289313343 × 10^294 |
| 24 | ov_024 | 1.5665506619339237 × 10^294 |
| 25 | ov_025 | 9.06216075034869 × 10^293 |
| 26 | ov_026 | 4.8583937934367075 × 10^293 |
| 27 | ov_027 | 2.364871032878399 × 10^293 |
| 28 | ov_028 | 1.015784142400603 × 10^293 |
| 29 | ov_029 | 3.688456870129028 × 10^292 |
| 30 | ov_030 | 1.0528768201332698 × 10^292 |
| 31 | ov_031 | 2.1549523016576224 × 10^291 |
| 32 | lv_80_k31 | 5.218934700527042 × 10^290 |
| 33 | ov_033 | 6.253189343706918 × 10^291 |
| 34 | ov_034 | 5.422011363313728 × 10^291 |
| 35 | ov_035 | 4.6784669489867173 × 10^291 |
| 36 | ov_036 | 4.01543015937965 × 10^291 |
| 37 | ov_037 | 3.426158268052343 × 10^291 |
| 38 | ov_038 | 2.9042647979557615 × 10^291 |
| 39 | ov_039 | 2.4436962445039912 × 10^291 |
| 40 | ov_040 | 2.03871212500884 × 10^291 |
| 41 | ov_041 | 1.683868014353462 × 10^291 |
| 42 | ov_042 | 1.376513770178346 × 10^291 |
| 43 | ov_043 | 1.1141368700385498 × 10^291 |
| 44 | ov_044 | 8.92104469148772 × 10^290 |
| 45 | ov_045 | 7.060356958742652 × 10^290 |
| 46 | ov_046 | 5.517952172918701 × 10^290 |
| 47 | ov_047 | 4.254881591364707 × 10^290 |
| 48 | ov_048 | 3.2345616960593546 × 10^290 |
| 49 | ov_049 | 2.4227443274950755 × 10^290 |
| 50 | ov_050 | 1.7874945311599352 × 10^290 |
| 51 | ov_051 | 1.2991744905533624 × 10^290 |
| 52 | ov_052 | 9.30432076078499 × 10^289 |
| 53 | ov_053 | 6.56192756435007 × 10^289 |
| 54 | ov_054 | 4.536539523257882 × 10^289 |
| 55 | ov_055 | 3.0228121637422494 × 10^289 |
| 56 | ov_056 | 1.9237397871065014 × 10^289 |
| 57 | ov_057 | 1.1536403269985983 × 10^289 |
| 58 | ov_058 | 6.381498627454492 × 10^288 |
| 59 | ov_059 | 3.1421970521691386 × 10^288 |
| 60 | ov_060 | 1.3011504452584715 × 10^288 |
| 61 | ov_061 | 4.541445143861295 × 10^287 |
| 62 | ov_062 | 1.244828058827865 × 10^287 |
| 63 | ov_063 | 2.4242133764605487 × 10^286 |
| 64 | lv_79_m31 | 4.7199375597266823 × 10^285 |
| 65 | ov_065 | 5.606724952182236 × 10^286 |
| 66 | ov_066 | 5.606706998221782 × 10^286 |
| 67 | ov_067 | 5.606702603912036 × 10^286 |
| 68 | ov_068 | 4.840197172722768 × 10^286 |
| 69 | ov_069 | 4.1571073127118537 × 10^286 |
| 70 | ov_070 | 3.5506336456865024 × 10^286 |
| 71 | ov_071 | 3.0143952947674276 × 10^286 |
| 72 | ov_072 | 2.542401538219322 × 10^286 |
| 73 | ov_073 | 2.129025966387539 × 10^286 |
| 74 | ov_074 | 1.768983010146317 × 10^286 |
| 75 | ov_075 | 1.457306714199548 × 10^286 |
| 76 | ov_076 | 1.1893316326071832 × 10^286 |
| 77 | ov_077 | 9.606757271577806 × 10^285 |
| 78 | ov_078 | 7.67225151781419 × 10^285 |
| 79 | ov_079 | 6.05120808200714 × 10^285 |
| 80 | ov_080 | 4.707465595466599 × 10^285 |
| 81 | ov_081 | 3.6071898980864137 × 10^285 |
| 82 | ov_082 | 2.7187859782467814 × 10^285 |
| 83 | ov_083 | 2.0128231512087265 × 10^285 |
| 84 | ov_084 | 1.4619723733880314 × 10^285 |
| 85 | ov_085 | 1.0409545929221395 × 10^285 |
| 86 | ov_086 | 7.264990390222826 × 10^284 |
| 87 | ov_087 | 4.9731035397471925 × 10^284 |
| 88 | ov_088 | 3.340434725124996 × 10^284 |
| 89 | ov_089 | 2.192851537788081 × 10^284 |
| 90 | ov_090 | 1.3754107136830508 × 10^284 |
| 91 | ov_091 | 8.154249012542518 × 10^283 |
| 92 | ov_092 | 4.497428698484181 × 10^283 |
| 93 | ov_093 | 2.247312729155056 × 10^283 |
| 94 | ov_094 | 9.626568625455489 × 10^282 |
| 95 | aaa_78_28 | 2.972694906955531 × 10^282 |
| 96 | aaa_78_29 | 9.129767071636776 × 10^281 |
| 97 | ov_097 | 6.030098216623042 × 10^281 |
| 98 | ov_098 | 6.029917941460134 × 10^281 |
| 99 | ov_099 | 6.029860388009158 × 10^281 |
| 100 | ov_100 | 5.4265123148145786 × 10^281 |
| 101 | ov_101 | 4.8676162306197335 × 10^281 |
| 102 | ov_102 | 4.350742712545032 × 10^281 |
| 103 | ov_103 | 3.873639592978445 × 10^281 |
| 104 | ov_104 | 3.434208617843401 × 10^281 |
| 105 | ov_105 | 3.0304842525731553 × 10^281 |
| 106 | ov_106 | 2.6606145263260504 × 10^281 |
| 107 | ov_107 | 2.3228438086976383 × 10^281 |
| 108 | ov_108 | 2.0154974161279916 × 10^281 |
| 109 | ov_109 | 1.7369679474809495 × 10^281 |
| 110 | ov_110 | 1.4857032499884747 × 10^281 |
| 111 | ov_111 | 1.2601959180056418 × 10^281 |
| 112 | ov_112 | 1.0589742279004894 × 10^281 |
| 113 | ov_113 | 8.80594412991519 × 10^280 |
| 114 | ov_114 | 7.236341828200634 × 10^280 |
| 115 | ov_115 | 5.866873912732496 × 10^280 |
| 116 | ov_116 | 4.683597582126047 × 10^280 |
| 117 | ov_117 | 3.6726554935328145 × 10^280 |
| 118 | ov_118 | 2.8202511920084447 × 10^280 |
| 119 | ov_119 | 2.1126314374342823 × 10^280 |
| 120 | ov_120 | 1.536073033602699 × 10^280 |
| 121 | ov_121 | 1.076872783502531 × 10^280 |
| 122 | ov_122 | 7.213400953097904 × 10^279 |
| 123 | ov_123 | 4.557917636210068 × 10^279 |
| 124 | ov_124 | 2.6654845047319323 × 10^279 |
| 125 | ov_125 | 1.3993250629575568 × 10^279 |
| 126 | ov_126 | 6.226685893851102 × 10^278 |
| 127 | aaa_77_28 | 1.9874587457370103 × 10^278 |
| 128 | aaa_77_29 | 7.4460517499987525 × 10^277 |
| 129 | ov_129 | 6.84786130606737 × 10^277 |
| 130 | ov_130 | 6.847840823806668 × 10^277 |
| 131 | ov_131 | 6.847835876949716 × 10^277 |
| 132 | ov_132 | 5.926637187674173 × 10^277 |
| 133 | ov_133 | 5.102495992231563 × 10^277 |
| 134 | ov_134 | 4.368064349095068 × 10^277 |
| 135 | ov_135 | 3.716381739629913 × 10^277 |
| 136 | ov_136 | 3.1408472298386084 × 10^277 |
| 137 | ov_137 | 2.6351956530014225 × 10^277 |
| 138 | ov_138 | 2.193477418983951 × 10^277 |
| 139 | ov_139 | 1.81004157577988 × 10^277 |
| 140 | ov_140 | 1.4795217681407645 × 10^277 |
| 141 | ov_141 | 1.196824757043554 × 10^277 |
| 142 | ov_142 | 9.571211823654929 × 10^276 |
| 143 | ov_143 | 7.558382695587261 × 10^276 |
| 144 | ov_144 | 5.88654199407711 × 10^276 |
| 145 | ov_145 | 4.5149387815763873 × 10^276 |
| 146 | ov_146 | 3.405258634520867 × 10^276 |
| 147 | ov_147 | 2.5216021963126567 × 10^276 |
| 148 | ov_148 | 1.8304709402888986 × 10^276 |
| 149 | ov_149 | 1.3007582397244684 × 10^276 |
| 150 | ov_150 | 9.037440224347337 × 10^275 |
| 151 | ov_151 | 6.130915417900777 × 10^275 |
| 152 | ov_152 | 4.0484524909967464 × 10^275 |
| 153 | ov_153 | 2.574292854973343 × 10^275 |
| 154 | ov_154 | 1.5164642935045775 × 10^275 |
| 155 | ov_155 | 7.8492620355292456 × 10^274 |
| 156 | aaa_76_25 | 3.0152652965957075 × 10^274 |
| 157 | aaa_76_26 | 1.740323086679154 × 10^274 |
| 158 | aaa_76_27 | 8.903109985682867 × 10^273 |
| 159 | aaa_76_28 | 3.463705642887217 × 10^273 |
| 160 | aaa_76_29 | 1.05252348500529 × 10^273 |

### Output Bits Sorted by Complexity

| Rank | Output Bit | Complexity |
|:----:|:----------:|:----------:|
| 160 | aaa_76_29 | 1.05252348500529 × 10^273 |
| 159 | aaa_76_28 | 3.463705642887217 × 10^273 |
| 158 | aaa_76_27 | 8.903109985682867 × 10^273 |
| 157 | aaa_76_26 | 1.740323086679154 × 10^274 |
| 156 | aaa_76_25 | 3.0152652965957075 × 10^274 |
| 155 | ov_155 | 7.8492620355292456 × 10^274 |
| 154 | ov_154 | 1.5164642935045775 × 10^275 |
| 153 | ov_153 | 2.574292854973343 × 10^275 |
| 152 | ov_152 | 4.0484524909967464 × 10^275 |
| 151 | ov_151 | 6.130915417900777 × 10^275 |
| 150 | ov_150 | 9.037440224347337 × 10^275 |
| 149 | ov_149 | 1.3007582397244684 × 10^276 |
| 148 | ov_148 | 1.8304709402888986 × 10^276 |
| 147 | ov_147 | 2.5216021963126567 × 10^276 |
| 146 | ov_146 | 3.405258634520867 × 10^276 |
| 145 | ov_145 | 4.5149387815763873 × 10^276 |
| 144 | ov_144 | 5.88654199407711 × 10^276 |
| 143 | ov_143 | 7.558382695587261 × 10^276 |
| 142 | ov_142 | 9.571211823654929 × 10^276 |
| 141 | ov_141 | 1.196824757043554 × 10^277 |
| 140 | ov_140 | 1.4795217681407645 × 10^277 |
| 139 | ov_139 | 1.81004157577988 × 10^277 |
| 138 | ov_138 | 2.193477418983951 × 10^277 |
| 137 | ov_137 | 2.6351956530014225 × 10^277 |
| 136 | ov_136 | 3.1408472298386084 × 10^277 |
| 135 | ov_135 | 3.716381739629913 × 10^277 |
| 134 | ov_134 | 4.368064349095068 × 10^277 |
| 133 | ov_133 | 5.102495992231563 × 10^277 |
| 132 | ov_132 | 5.926637187674173 × 10^277 |
| 131 | ov_131 | 6.847835876949716 × 10^277 |
| 130 | ov_130 | 6.847840823806668 × 10^277 |
| 129 | ov_129 | 6.84786130606737 × 10^277 |
| 128 | aaa_77_29 | 7.4460517499987525 × 10^277 |
| 127 | aaa_77_28 | 1.9874587457370103 × 10^278 |
| 126 | ov_126 | 6.226685893851102 × 10^278 |
| 125 | ov_125 | 1.3993250629575568 × 10^279 |
| 124 | ov_124 | 2.6654845047319323 × 10^279 |
| 123 | ov_123 | 4.557917636210068 × 10^279 |
| 122 | ov_122 | 7.213400953097904 × 10^279 |
| 121 | ov_121 | 1.076872783502531 × 10^280 |
| 120 | ov_120 | 1.536073033602699 × 10^280 |
| 119 | ov_119 | 2.1126314374342823 × 10^280 |
| 118 | ov_118 | 2.8202511920084447 × 10^280 |
| 117 | ov_117 | 3.6726554935328145 × 10^280 |
| 116 | ov_116 | 4.683597582126047 × 10^280 |
| 115 | ov_115 | 5.866873912732496 × 10^280 |
| 114 | ov_114 | 7.236341828200634 × 10^280 |
| 113 | ov_113 | 8.80594412991519 × 10^280 |
| 112 | ov_112 | 1.0589742279004894 × 10^281 |
| 111 | ov_111 | 1.2601959180056418 × 10^281 |
| 110 | ov_110 | 1.4857032499884747 × 10^281 |
| 109 | ov_109 | 1.7369679474809495 × 10^281 |
| 108 | ov_108 | 2.0154974161279916 × 10^281 |
| 107 | ov_107 | 2.3228438086976383 × 10^281 |
| 106 | ov_106 | 2.6606145263260504 × 10^281 |
| 105 | ov_105 | 3.0304842525731553 × 10^281 |
| 104 | ov_104 | 3.434208617843401 × 10^281 |
| 103 | ov_103 | 3.873639592978445 × 10^281 |
| 102 | ov_102 | 4.350742712545032 × 10^281 |
| 101 | ov_101 | 4.8676162306197335 × 10^281 |
| 100 | ov_100 | 5.4265123148145786 × 10^281 |
| 99 | ov_099 | 6.029860388009158 × 10^281 |
| 98 | ov_098 | 6.029917941460134 × 10^281 |
| 97 | ov_097 | 6.030098216623042 × 10^281 |
| 96 | aaa_78_29 | 9.129767071636776 × 10^281 |
| 95 | aaa_78_28 | 2.972694906955531 × 10^282 |
| 94 | ov_094 | 9.626568625455489 × 10^282 |
| 93 | ov_093 | 2.247312729155056 × 10^283 |
| 92 | ov_092 | 4.497428698484181 × 10^283 |
| 91 | ov_091 | 8.154249012542518 × 10^283 |
| 90 | ov_090 | 1.3754107136830508 × 10^284 |
| 89 | ov_089 | 2.192851537788081 × 10^284 |
| 88 | ov_088 | 3.340434725124996 × 10^284 |
| 87 | ov_087 | 4.9731035397471925 × 10^284 |
| 86 | ov_086 | 7.264990390222826 × 10^284 |
| 85 | ov_085 | 1.0409545929221395 × 10^285 |
| 84 | ov_084 | 1.4619723733880314 × 10^285 |
| 83 | ov_083 | 2.0128231512087265 × 10^285 |
| 82 | ov_082 | 2.7187859782467814 × 10^285 |
| 81 | ov_081 | 3.6071898980864137 × 10^285 |
| 80 | ov_080 | 4.707465595466599 × 10^285 |
| 64 | lv_79_m31 | 4.7199375597266823 × 10^285 |
| 79 | ov_079 | 6.05120808200714 × 10^285 |
| 78 | ov_078 | 7.67225151781419 × 10^285 |
| 77 | ov_077 | 9.606757271577806 × 10^285 |
| 76 | ov_076 | 1.1893316326071832 × 10^286 |
| 75 | ov_075 | 1.457306714199548 × 10^286 |
| 74 | ov_074 | 1.768983010146317 × 10^286 |
| 73 | ov_073 | 2.129025966387539 × 10^286 |
| 63 | ov_063 | 2.4242133764605487 × 10^286 |
| 72 | ov_072 | 2.542401538219322 × 10^286 |
| 71 | ov_071 | 3.0143952947674276 × 10^286 |
| 70 | ov_070 | 3.5506336456865024 × 10^286 |
| 69 | ov_069 | 4.1571073127118537 × 10^286 |
| 68 | ov_068 | 4.840197172722768 × 10^286 |
| 67 | ov_067 | 5.606702603912036 × 10^286 |
| 66 | ov_066 | 5.606706998221782 × 10^286 |
| 65 | ov_065 | 5.606724952182236 × 10^286 |
| 62 | ov_062 | 1.244828058827865 × 10^287 |
| 61 | ov_061 | 4.541445143861295 × 10^287 |
| 60 | ov_060 | 1.3011504452584715 × 10^288 |
| 59 | ov_059 | 3.1421970521691386 × 10^288 |
| 58 | ov_058 | 6.381498627454492 × 10^288 |
| 57 | ov_057 | 1.1536403269985983 × 10^289 |
| 56 | ov_056 | 1.9237397871065014 × 10^289 |
| 55 | ov_055 | 3.0228121637422494 × 10^289 |
| 54 | ov_054 | 4.536539523257882 × 10^289 |
| 53 | ov_053 | 6.56192756435007 × 10^289 |
| 52 | ov_052 | 9.30432076078499 × 10^289 |
| 51 | ov_051 | 1.2991744905533624 × 10^290 |
| 50 | ov_050 | 1.7874945311599352 × 10^290 |
| 49 | ov_049 | 2.4227443274950755 × 10^290 |
| 48 | ov_048 | 3.2345616960593546 × 10^290 |
| 47 | ov_047 | 4.254881591364707 × 10^290 |
| 32 | lv_80_k31 | 5.218934700527042 × 10^290 |
| 46 | ov_046 | 5.517952172918701 × 10^290 |
| 45 | ov_045 | 7.060356958742652 × 10^290 |
| 44 | ov_044 | 8.92104469148772 × 10^290 |
| 43 | ov_043 | 1.1141368700385498 × 10^291 |
| 42 | ov_042 | 1.376513770178346 × 10^291 |
| 41 | ov_041 | 1.683868014353462 × 10^291 |
| 40 | ov_040 | 2.03871212500884 × 10^291 |
| 31 | ov_031 | 2.1549523016576224 × 10^291 |
| 39 | ov_039 | 2.4436962445039912 × 10^291 |
| 38 | ov_038 | 2.9042647979557615 × 10^291 |
| 37 | ov_037 | 3.426158268052343 × 10^291 |
| 36 | ov_036 | 4.01543015937965 × 10^291 |
| 35 | ov_035 | 4.6784669489867173 × 10^291 |
| 34 | ov_034 | 5.422011363313728 × 10^291 |
| 33 | ov_033 | 6.253189343706918 × 10^291 |
| 30 | ov_030 | 1.0528768201332698 × 10^292 |
| 29 | ov_029 | 3.688456870129028 × 10^292 |
| 28 | ov_028 | 1.015784142400603 × 10^293 |
| 27 | ov_027 | 2.364871032878399 × 10^293 |
| 26 | ov_026 | 4.8583937934367075 × 10^293 |
| 25 | ov_025 | 9.06216075034869 × 10^293 |
| 24 | ov_024 | 1.5665506619339237 × 10^294 |
| 23 | ov_023 | 2.6170643289313343 × 10^294 |
| 22 | ov_022 | 4.232690621463087 × 10^294 |
| 21 | ov_021 | 6.61308707544037 × 10^294 |
| 20 | ov_020 | 9.982656461349766 × 10^294 |
| 19 | ov_019 | 1.459058151051975 × 10^295 |
| 18 | ov_018 | 2.0710877715059095 × 10^295 |
| 17 | ov_017 | 2.8642469698176725 × 10^295 |
| 16 | ov_016 | 3.870929755698496 × 10^295 |
| 15 | ov_015 | 5.126046145569726 × 10^295 |
| 14 | ov_014 | 6.667041667701479 × 10^295 |
| 13 | ov_013 | 8.533923561054693 × 10^295 |
| 12 | ov_012 | 1.076929558303012 × 10^296 |
| 11 | ov_011 | 1.3418403523354194 × 10^296 |
| 10 | ov_010 | 1.6529193703923053 × 10^296 |
| 9 | ov_009 | 2.0152386927820647 × 10^296 |
| 8 | ov_008 | 2.434157052524966 × 10^296 |
| 7 | ov_007 | 2.915331133019646 × 10^296 |
| 6 | ov_006 | 3.4647292609849143 × 10^296 |
| 5 | ov_005 | 4.088647815979156 × 10^296 |
| 4 | ov_004 | 4.793730697264787 × 10^296 |
| 3 | ov_003 | 5.586992184912149 × 10^296 |
| 2 | ov_002 | 6.475843479818683 × 10^296 |
| 1 | ov_001 | 7.468123178300954 × 10^296 |

