# Results for F001-F002-F003-F004-F005-F006-F007-F008-F009-F010-F011-F012-F013-F014-F015-F016-F017-F018-F019-F020-F021-F022-F023-F024-F025-F026-F027-F028-F029-F030-F031-F032-F033-F034-F035-F036-F037-F038-F039-F040-F041-F042-F043-F044-F045-F046-F047-F048-F049-F050-F051-F052-F053-F054-F055-F056-F057-F058-F059-F060-F061-F062-F063-F064-F065-F066-F067-F068-F069-F070-F071-F072-F073-F074-F075-F076-F077-F078-F079-F080-F081-F082-F083-F084-F085-F086-F087-F088-F089-F090-F091-F092-F093-F094-F095-F096-F097-F098-F099-F100-F101-F102-F103-F104-F105-F106-F107-F108-F109-F110-F111-F112-F113-F114-F115-F116-F117-F118-F119-F120-F121-F122-F123-F124-F125-F126-F127-F128-F129-F130-F131-F132-F133-F134-F135-F136-F137-F138-F139-F140-F141-F142-F143-F144-F145-F146-F147-F148-F149-F150-F151-F152-F153-F154-F155-F156-F157-F158-F159-F160-F161-F162-F163-F164-F165-F166-F167-F168-F169-F170-F171-F172-F173-F174-F175-F176-F177-F178-F179-F180-F181-F182-F183-F184-F185-F186-F187-F188-F189-F190-F191-F192-F193-F194-F195-F196-F197-F198-F199-F200-F201-F202-F203-F204-F205-F206-F207-F208-F209-F210-F211-F212-F213-F214-F215-F216-F217-F218-F219-F220-F221-F222-F223-F224-F225-F226-F227-F228-F229-F230-F231-F232-F233-F234-F235-F236-F237-F238-F239-F240-F241-F242-F243-F244-F245-F246-F247-F248-F249-F250-F251-F252-F253-F254-F255-F256-F257-F258-F259-F260-F261-F262-F263-F264-F265-F266-F267-F268-F269-F270-F271-F272-F273-F274-F275-F276-F277-F278-F279-F280-F281-F282-F283-F284-F285-F286-F287-F288-F289-F290-F291-F292-F293-F294-F295-F296-F297-F298-F299-F300-F301-F302-F303-F304-F305-F306-F307-F308-F309-F310-F311-F312-F313-F314-F315-F316-F317-F318-F319-F320-F321-F322-F323-F324-F325-F326-F327-F328-F329-F330-F331-F332-F333-F334-F335-F336-F337-F338-F339-F340-F341-F342-F343-F344-F345-F346-F347-F348-F349-F350-F351-F352-F353-F354-F355-F356-F357-F358-F359-F360-F361-F362-F363-F364-F365-F366-F367-F368-F369-F370-F371-F372-F373-F374-F375-F376-F377-F378-F379-F380-F381-F382-F383-F384-F385-F386-F387-F388-F389-F390-F391-F392-F393-F394-F395-F396-F397-F398-F399-F400-F401-F402-F403-F404-F405-F406-F407-F408-F409-F410-F411-F412-F413-F414-F415-F416-F417-F418-F419-F420-F421-F422-F423-F424-F425-F426-F427-F428-F429-F430-F431-F432-F433-F434-F435-F436-F437-F438-F439-F440-F441-F442-F443-F444-F445-F446-F447-F448-F449-F450-F451-F452-F453-F454-F455-F456-F457-F458-F459-F460-F461-F462-F463-F464-F465-F466-F467-F468-F469-F470-F471-F472-F473-F474-F475-F476-F477-F478-F479-F480-F481-F482-F483-F484-F485-F486-F487-F488-F489-F490-F491-F492-F493-F494-F495-F496-F497-F507-F508-F509-F510-F511-F512

## Summary

Number of input bits: 512  
Number of free input bits: 9  
Number of output bits: 160

Number of direct occurrences: 35577  
Number of assignments: 30268  
Number of operations: 10458821
(xor: 10430997,
and: 14861,
or: 12963)

Total complexity: 2.044946776070571 × 10^293

Least occurring input variable: iv_502 (3800)  
Most occurring input variable: iv_500 (4019)

Most co-occurring input variables: iv_500-iv_501 (1983)  
Least co-occurring input variables: iv_499-iv_506 (1753)

Potentially most occurring input variable: iv_505/iv_506 (4314)  
Potentially least occurring input variable: iv_499/iv_502 (4055)

Least output occurring input variable: iv_502 (70)  
Most output occurring input variable: iv_504 (83)

Most output co-occurring input variables: iv_500-iv_505 (46)  
Least output co-occurring input variables: iv_498-iv_500 (29)

Potentially most output occurring input variable: iv_499/iv_503 (94)  
Potentially least output occurring input variable: iv_500/iv_505 (67)

Least complex input bit: iv_498 (1.6221691992055148 × 10^291)  
Most complex input bit: iv_505 (6.749714525258049 × 10^292)

Least complex output bit: aaa_76_29 (6.1608138798209176 × 10^268)  
Most complex output bit: ov_001 (3.3301802554807917 × 10^292)

Least complex input/output complexity: iv_498/aaa_76_29 (4.88711131009819 × 10^266)  
Most complex input/output complexity: iv_505/ov_001 (1.0991858714943176 × 10^292)

## Input Bits

### Input Bits in Regular Order

| Input Bit | Complexity | Occurrences | Output Occurrences |
|:---------:|:----------:|:-----------:|:------------------:|
| iv_498 | 1.6221691992055148 × 10^291 | 3959 | 74 |
| iv_499 | 3.406590820478053 × 10^291 | 3867 | 81 |
| iv_500 | 6.424629454747627 × 10^291 | 4019 | 76 |
| iv_501 | 1.1508388303295084 × 10^292 | 4016 | 74 |
| iv_502 | 1.9626315413532987 × 10^292 | 3800 | 70 |
| iv_503 | 3.2407970895421704 × 10^292 | 3976 | 79 |
| iv_504 | 5.183399152627169 × 10^292 | 4006 | 83 |
| iv_505 | 6.749714525258049 × 10^292 | 4004 | 83 |
| iv_506 | 1.0167476741524051 × 10^292 | 3930 | 77 |

### Input Bits Sorted by Complexity

| Input Bit | Complexity | Occurrences | Output Occurrences |
|:---------:|:----------:|:-----------:|:------------------:|
| iv_498 | 1.6221691992055148 × 10^291 | 3959 | 74 |
| iv_499 | 3.406590820478053 × 10^291 | 3867 | 81 |
| iv_500 | 6.424629454747627 × 10^291 | 4019 | 76 |
| iv_506 | 1.0167476741524051 × 10^292 | 3930 | 77 |
| iv_501 | 1.1508388303295084 × 10^292 | 4016 | 74 |
| iv_502 | 1.9626315413532987 × 10^292 | 3800 | 70 |
| iv_503 | 3.2407970895421704 × 10^292 | 3976 | 79 |
| iv_504 | 5.183399152627169 × 10^292 | 4006 | 83 |
| iv_505 | 6.749714525258049 × 10^292 | 4004 | 83 |

### Input Bits Sorted by Occurrences

| Input Bit | Complexity | Occurrences | Output Occurrences |
|:---------:|:----------:|:-----------:|:------------------:|
| iv_502 | 1.9626315413532987 × 10^292 | 3800 | 70 |
| iv_499 | 3.406590820478053 × 10^291 | 3867 | 81 |
| iv_506 | 1.0167476741524051 × 10^292 | 3930 | 77 |
| iv_498 | 1.6221691992055148 × 10^291 | 3959 | 74 |
| iv_503 | 3.2407970895421704 × 10^292 | 3976 | 79 |
| iv_505 | 6.749714525258049 × 10^292 | 4004 | 83 |
| iv_504 | 5.183399152627169 × 10^292 | 4006 | 83 |
| iv_501 | 1.1508388303295084 × 10^292 | 4016 | 74 |
| iv_500 | 6.424629454747627 × 10^291 | 4019 | 76 |

### Input Bits Sorted by Output Occurrences

| Input Bit | Complexity | Occurrences | Output Occurrences |
|:---------:|:----------:|:-----------:|:------------------:|
| iv_502 | 1.9626315413532987 × 10^292 | 3800 | 70 |
| iv_501 | 1.1508388303295084 × 10^292 | 4016 | 74 |
| iv_498 | 1.6221691992055148 × 10^291 | 3959 | 74 |
| iv_500 | 6.424629454747627 × 10^291 | 4019 | 76 |
| iv_506 | 1.0167476741524051 × 10^292 | 3930 | 77 |
| iv_503 | 3.2407970895421704 × 10^292 | 3976 | 79 |
| iv_499 | 3.406590820478053 × 10^291 | 3867 | 81 |
| iv_505 | 6.749714525258049 × 10^292 | 4004 | 83 |
| iv_504 | 5.183399152627169 × 10^292 | 4006 | 83 |

## Input Bit Co-occurrences

### Input Bit Co-occurrences Sorted by Co-occurrences

| Input Bits | Co-occurrences | Potential Occurrences | Output Co-occurrences | Potential Output Occurrences |
|:----------:|:--------------:|:---------------------:|:---------------------:|:----------------------------:|
| iv_500-iv_501 | 1983 | 4069 | 41 | 68 |
| iv_498-iv_504 | 1937 | 4091 | 39 | 79 |
| iv_501-iv_505 | 1936 | 4148 | 38 | 81 |
| iv_500-iv_504 | 1936 | 4153 | 39 | 81 |
| iv_501-iv_504 | 1919 | 4184 | 40 | 77 |
| iv_500-iv_506 | 1918 | 4113 | 37 | 79 |
| iv_500-iv_505 | 1916 | 4191 | 46 | 67 |
| iv_498-iv_501 | 1913 | 4149 | 33 | 82 |
| iv_499-iv_504 | 1909 | 4055 | 42 | 80 |

### Input Bit Co-occurrences Sorted by Potential Occurrences

| Input Bits | Co-occurrences | Potential Occurrences | Output Co-occurrences | Potential Output Occurrences |
|:----------:|:--------------:|:---------------------:|:---------------------:|:----------------------------:|
| iv_499-iv_502 | 1806 | 4055 | 37 | 77 |
| iv_499-iv_504 | 1909 | 4055 | 42 | 80 |
| iv_500-iv_501 | 1983 | 4069 | 41 | 68 |
| iv_500-iv_502 | 1864 | 4091 | 33 | 80 |
| iv_498-iv_504 | 1937 | 4091 | 39 | 79 |
| iv_500-iv_506 | 1918 | 4113 | 37 | 79 |
| iv_498-iv_499 | 1849 | 4128 | 39 | 77 |
| iv_502-iv_506 | 1798 | 4134 | 34 | 79 |
| iv_503-iv_506 | 1882 | 4142 | 36 | 84 |

### Input Bit Output Co-occurrences Sorted by Output Co-occurrences

| Input Bits | Co-occurrences | Potential Occurrences | Output Co-occurrences | Potential Output Occurrences |
|:----------:|:--------------:|:---------------------:|:---------------------:|:----------------------------:|
| iv_500-iv_505 | 1916 | 4191 | 46 | 67 |
| iv_504-iv_505 | 1887 | 4236 | 44 | 78 |
| iv_499-iv_505 | 1804 | 4263 | 43 | 78 |
| iv_502-iv_505 | 1830 | 4144 | 42 | 69 |
| iv_499-iv_500 | 1845 | 4196 | 42 | 73 |
| iv_499-iv_504 | 1909 | 4055 | 42 | 80 |
| iv_499-iv_506 | 1753 | 4291 | 41 | 76 |
| iv_500-iv_501 | 1983 | 4069 | 41 | 68 |
| iv_504-iv_506 | 1856 | 4224 | 41 | 78 |

### Input Bit Output Co-occurrences Sorted by Potential Output Occurrences

| Input Bits | Co-occurrences | Potential Occurrences | Output Co-occurrences | Potential Output Occurrences |
|:----------:|:--------------:|:---------------------:|:---------------------:|:----------------------------:|
| iv_500-iv_505 | 1916 | 4191 | 46 | 67 |
| iv_500-iv_501 | 1983 | 4069 | 41 | 68 |
| iv_502-iv_505 | 1830 | 4144 | 42 | 69 |
| iv_499-iv_500 | 1845 | 4196 | 42 | 73 |
| iv_498-iv_506 | 1852 | 4185 | 39 | 73 |
| iv_499-iv_501 | 1799 | 4285 | 40 | 75 |
| iv_499-iv_506 | 1753 | 4291 | 41 | 76 |
| iv_501-iv_502 | 1820 | 4176 | 34 | 76 |
| iv_501-iv_504 | 1919 | 4184 | 40 | 77 |

## Output Bits

### Output Bits in Regular Order

| Rank | Output Bit | Complexity |
|:----:|:----------:|:----------:|
| 1 | ov_001 | 3.3301802554807917 × 10^292 |
| 2 | ov_002 | 2.878960412098166 × 10^292 |
| 3 | ov_003 | 2.47570758825217 × 10^292 |
| 4 | ov_004 | 2.116733160349518 × 10^292 |
| 5 | ov_005 | 1.7985502650733998 × 10^292 |
| 6 | ov_006 | 1.5178591761794387 × 10^292 |
| 7 | ov_007 | 1.2715345639947938 × 10^292 |
| 8 | ov_008 | 1.0566145281561377 × 10^292 |
| 9 | ov_009 | 8.702912885088249 × 10^291 |
| 10 | ov_010 | 7.099033913369404 × 10^291 |
| 11 | ov_011 | 5.729292620947794 × 10^291 |
| 12 | ov_012 | 4.569819341501864 × 10^291 |
| 13 | ov_013 | 3.5980479315992017 × 10^291 |
| 14 | ov_014 | 2.7926818667138895 × 10^291 |
| 15 | ov_015 | 2.133667584166613 × 10^291 |
| 16 | ov_016 | 1.6021737655924988 × 10^291 |
| 17 | ov_017 | 1.1805753489146786 × 10^291 |
| 18 | ov_018 | 8.524412142478444 × 10^290 |
| 19 | ov_019 | 6.0252475127078335 × 10^290 |
| 20 | ov_020 | 4.167567604660346 × 10^290 |
| 21 | ov_021 | 2.822402523243515 × 10^290 |
| 22 | ov_022 | 1.8724675673845945 × 10^290 |
| 23 | ov_023 | 1.2121380290491871 × 10^290 |
| 24 | ov_024 | 7.47432781294548 × 10^289 |
| 25 | ov_025 | 4.3427057012814314 × 10^289 |
| 26 | ov_026 | 2.3438504541372427 × 10^289 |
| 27 | ov_027 | 1.1532281663479814 × 10^289 |
| 28 | ov_028 | 5.0442604445979864 × 10^288 |
| 29 | ov_029 | 1.891495057905551 × 10^288 |
| 30 | ov_030 | 5.722141874579418 × 10^287 |
| 31 | ov_031 | 1.2678797983476932 × 10^287 |
| 32 | lv_80_m31 | 2.4748484255648595 × 10^286 |
| 33 | ov_033 | 2.9569811351511904 × 10^287 |
| 34 | ov_034 | 2.5666659340773393 × 10^287 |
| 35 | ov_035 | 2.217503236635906 × 10^287 |
| 36 | ov_036 | 1.9057321550618257 × 10^287 |
| 37 | ov_037 | 1.6277917270361797 × 10^287 |
| 38 | ov_038 | 1.3803068844552075 × 10^287 |
| 39 | ov_039 | 1.160076408366537 × 10^287 |
| 40 | ov_040 | 9.655417635730105 × 10^286 |
| 41 | ov_041 | 7.952238545479943 × 10^286 |
| 42 | ov_042 | 6.477190678448326 × 10^286 |
| 43 | ov_043 | 5.21695979646215 × 10^286 |
| 44 | ov_044 | 4.158926477261576 × 10^286 |
| 45 | ov_045 | 3.2798527415884434 × 10^286 |
| 46 | ov_046 | 2.557797161972443 × 10^286 |
| 47 | ov_047 | 1.972090217165491 × 10^286 |
| 48 | ov_048 | 1.5033153159993994 × 10^286 |
| 49 | ov_049 | 1.1332944072070256 × 10^286 |
| 50 | ov_050 | 8.450771807049572 × 10^285 |
| 51 | ov_051 | 6.229329993611538 × 10^285 |
| 52 | ov_052 | 4.523449192238748 × 10^285 |
| 53 | ov_053 | 3.2000535843854524 × 10^285 |
| 54 | ov_054 | 2.1956241678916378 × 10^285 |
| 55 | ov_055 | 1.4526674663485945 × 10^285 |
| 56 | ov_056 | 9.197075357243602 × 10^284 |
| 57 | ov_057 | 5.5128106950835735 × 10^284 |
| 58 | ov_058 | 3.0793461793822727 × 10^284 |
| 59 | ov_059 | 1.5622314891846964 × 10^284 |
| 60 | ov_060 | 6.870938688917643 × 10^283 |
| 61 | ov_061 | 2.3963557973563594 × 10^283 |
| 62 | ov_062 | 6.56331625692176 × 10^282 |
| 63 | ov_063 | 1.2770514739335026 × 10^282 |
| 64 | lv_79_m31 | 2.4842160466755795 × 10^281 |
| 65 | ov_065 | 2.926827345210482 × 10^282 |
| 66 | ov_066 | 2.9268173267710517 × 10^282 |
| 67 | ov_067 | 2.926814874546479 × 10^282 |
| 68 | ov_068 | 2.5176829015316266 × 10^282 |
| 69 | ov_069 | 2.1541883120028766 × 10^282 |
| 70 | ov_070 | 1.8325381747224193 × 10^282 |
| 71 | ov_071 | 1.5491731203729232 × 10^282 |
| 72 | ov_072 | 1.3007515153863664 × 10^282 |
| 73 | ov_073 | 1.084135031158658 × 10^282 |
| 74 | ov_074 | 8.963755359980814 × 10^281 |
| 75 | ov_075 | 7.347032397460914 × 10^281 |
| 76 | ov_076 | 5.965160231047841 × 10^281 |
| 77 | ov_077 | 4.793698853765005 × 10^281 |
| 78 | ov_078 | 3.80970445633065 × 10^281 |
| 79 | ov_079 | 2.9916543334611747 × 10^281 |
| 80 | ov_080 | 2.3193810528235493 × 10^281 |
| 81 | ov_081 | 1.7740152604966493 × 10^281 |
| 82 | ov_082 | 1.3379365011604074 × 10^281 |
| 83 | ov_083 | 9.947314344668444 × 10^280 |
| 84 | ov_084 | 7.291588314029911 × 10^280 |
| 85 | ov_085 | 5.271207361203625 × 10^280 |
| 86 | ov_086 | 3.756391798378196 × 10^280 |
| 87 | ov_087 | 2.628378341605859 × 10^280 |
| 88 | ov_088 | 1.7792799161176221 × 10^280 |
| 89 | ov_089 | 1.1578570257350578 × 10^280 |
| 90 | ov_090 | 7.182352590759109 × 10^279 |
| 91 | ov_091 | 4.198762799767077 × 10^279 |
| 92 | ov_092 | 2.2755974759262359 × 10^279 |
| 93 | ov_093 | 1.1137315969791147 × 10^279 |
| 94 | ov_094 | 4.670686585439842 × 10^278 |
| 95 | aaa_78_28 | 1.4252033208310423 × 10^278 |
| 96 | aaa_78_29 | 5.09418792680316 × 10^277 |
| 97 | ov_097 | 3.365419388263217 × 10^277 |
| 98 | ov_098 | 3.3653193122167436 × 10^277 |
| 99 | ov_099 | 3.3652874066736313 × 10^277 |
| 100 | ov_100 | 3.028988185668129 × 10^277 |
| 101 | ov_101 | 2.7173639979420614 × 10^277 |
| 102 | ov_102 | 2.4290815604969225 × 10^277 |
| 103 | ov_103 | 2.162904990623177 × 10^277 |
| 104 | ov_104 | 1.917682532997759 × 10^277 |
| 105 | ov_105 | 1.6923345470933092 × 10^277 |
| 106 | ov_106 | 1.4858426922025323 × 10^277 |
| 107 | ov_107 | 1.2972402492347076 × 10^277 |
| 108 | ov_108 | 1.1256035198485844 × 10^277 |
| 109 | ov_109 | 9.700442445247872 × 10^276 |
| 110 | ov_110 | 8.297029819227489 × 10^276 |
| 111 | ov_111 | 7.037433923746094 × 10^276 |
| 112 | ov_112 | 5.913473687013562 × 10^276 |
| 113 | ov_113 | 4.9171095774903396 × 10^276 |
| 114 | ov_114 | 4.040410161810956 × 10^276 |
| 115 | ov_115 | 3.275525441594042 × 10^276 |
| 116 | ov_116 | 2.614666406184385 × 10^276 |
| 117 | ov_117 | 2.050089637611011 × 10^276 |
| 118 | ov_118 | 1.574085273337611 × 10^276 |
| 119 | ov_119 | 1.1789673743501877 × 10^276 |
| 120 | ov_120 | 8.570664177744883 × 10^275 |
| 121 | ov_121 | 6.007236332877498 × 10^275 |
| 122 | ov_122 | 4.022869026242302 × 10^275 |
| 123 | ov_123 | 2.541079414837477 × 10^275 |
| 124 | ov_124 | 1.4854048316456707 × 10^275 |
| 125 | ov_125 | 7.793918801250151 × 10^274 |
| 126 | ov_126 | 3.465905463398313 × 10^274 |
| 127 | aaa_77_28 | 1.1055170093355024 × 10^274 |
| 128 | aaa_77_29 | 4.1376743803441574 × 10^273 |
| 129 | ov_129 | 3.761095905342486 × 10^273 |
| 130 | ov_130 | 3.7610839360988226 × 10^273 |
| 131 | ov_131 | 3.761081052616119 × 10^273 |
| 132 | ov_132 | 3.243720261152468 × 10^273 |
| 133 | ov_133 | 2.7821290810664737 × 10^273 |
| 134 | ov_134 | 2.3720353001726424 × 10^273 |
| 135 | ov_135 | 2.0093856977640432 × 10^273 |
| 136 | ov_136 | 1.6903302666142222 × 10^273 |
| 137 | ov_137 | 1.411208908112339 × 10^273 |
| 138 | ov_138 | 1.1685403409906075 × 10^273 |
| 139 | ov_139 | 9.590129768832646 × 10^272 |
| 140 | ov_140 | 7.794775284785476 × 10^272 |
| 141 | ov_141 | 6.26941128363747 × 10^272 |
| 142 | ov_142 | 4.985627488759242 × 10^272 |
| 143 | ov_143 | 3.916497253990115 × 10^272 |
| 144 | ov_144 | 3.0365519761950423 × 10^272 |
| 145 | ov_145 | 2.3217629528446954 × 10^272 |
| 146 | ov_146 | 1.7495290700676135 × 10^272 |
| 147 | ov_147 | 1.2986688263939728 × 10^272 |
| 148 | ov_148 | 9.494153169891253 × 10^271 |
| 149 | ov_149 | 6.8341298617763636 × 10^271 |
| 150 | ov_150 | 4.837153147728336 × 10^271 |
| 151 | ov_151 | 3.347830498228226 × 10^271 |
| 152 | ov_152 | 2.2248285360481977 × 10^271 |
| 153 | ov_153 | 1.4009939153000662 × 10^271 |
| 154 | ov_154 | 8.161958435993153 × 10^270 |
| 155 | ov_155 | 4.1732328317939357 × 10^270 |
| 156 | aaa_76_25 | 1.582833174541081 × 10^270 |
| 157 | aaa_76_26 | 8.958593055408627 × 10^269 |
| 158 | aaa_76_27 | 4.593140386597995 × 10^269 |
| 159 | aaa_76_28 | 2.0303377908362407 × 10^269 |
| 160 | aaa_76_29 | 6.1608138798209176 × 10^268 |

### Output Bits Sorted by Complexity

| Rank | Output Bit | Complexity |
|:----:|:----------:|:----------:|
| 160 | aaa_76_29 | 6.1608138798209176 × 10^268 |
| 159 | aaa_76_28 | 2.0303377908362407 × 10^269 |
| 158 | aaa_76_27 | 4.593140386597995 × 10^269 |
| 157 | aaa_76_26 | 8.958593055408627 × 10^269 |
| 156 | aaa_76_25 | 1.582833174541081 × 10^270 |
| 155 | ov_155 | 4.1732328317939357 × 10^270 |
| 154 | ov_154 | 8.161958435993153 × 10^270 |
| 153 | ov_153 | 1.4009939153000662 × 10^271 |
| 152 | ov_152 | 2.2248285360481977 × 10^271 |
| 151 | ov_151 | 3.347830498228226 × 10^271 |
| 150 | ov_150 | 4.837153147728336 × 10^271 |
| 149 | ov_149 | 6.8341298617763636 × 10^271 |
| 148 | ov_148 | 9.494153169891253 × 10^271 |
| 147 | ov_147 | 1.2986688263939728 × 10^272 |
| 146 | ov_146 | 1.7495290700676135 × 10^272 |
| 145 | ov_145 | 2.3217629528446954 × 10^272 |
| 144 | ov_144 | 3.0365519761950423 × 10^272 |
| 143 | ov_143 | 3.916497253990115 × 10^272 |
| 142 | ov_142 | 4.985627488759242 × 10^272 |
| 141 | ov_141 | 6.26941128363747 × 10^272 |
| 140 | ov_140 | 7.794775284785476 × 10^272 |
| 139 | ov_139 | 9.590129768832646 × 10^272 |
| 138 | ov_138 | 1.1685403409906075 × 10^273 |
| 137 | ov_137 | 1.411208908112339 × 10^273 |
| 136 | ov_136 | 1.6903302666142222 × 10^273 |
| 135 | ov_135 | 2.0093856977640432 × 10^273 |
| 134 | ov_134 | 2.3720353001726424 × 10^273 |
| 133 | ov_133 | 2.7821290810664737 × 10^273 |
| 132 | ov_132 | 3.243720261152468 × 10^273 |
| 131 | ov_131 | 3.761081052616119 × 10^273 |
| 130 | ov_130 | 3.7610839360988226 × 10^273 |
| 129 | ov_129 | 3.761095905342486 × 10^273 |
| 128 | aaa_77_29 | 4.1376743803441574 × 10^273 |
| 127 | aaa_77_28 | 1.1055170093355024 × 10^274 |
| 126 | ov_126 | 3.465905463398313 × 10^274 |
| 125 | ov_125 | 7.793918801250151 × 10^274 |
| 124 | ov_124 | 1.4854048316456707 × 10^275 |
| 123 | ov_123 | 2.541079414837477 × 10^275 |
| 122 | ov_122 | 4.022869026242302 × 10^275 |
| 121 | ov_121 | 6.007236332877498 × 10^275 |
| 120 | ov_120 | 8.570664177744883 × 10^275 |
| 119 | ov_119 | 1.1789673743501877 × 10^276 |
| 118 | ov_118 | 1.574085273337611 × 10^276 |
| 117 | ov_117 | 2.050089637611011 × 10^276 |
| 116 | ov_116 | 2.614666406184385 × 10^276 |
| 115 | ov_115 | 3.275525441594042 × 10^276 |
| 114 | ov_114 | 4.040410161810956 × 10^276 |
| 113 | ov_113 | 4.9171095774903396 × 10^276 |
| 112 | ov_112 | 5.913473687013562 × 10^276 |
| 111 | ov_111 | 7.037433923746094 × 10^276 |
| 110 | ov_110 | 8.297029819227489 × 10^276 |
| 109 | ov_109 | 9.700442445247872 × 10^276 |
| 108 | ov_108 | 1.1256035198485844 × 10^277 |
| 107 | ov_107 | 1.2972402492347076 × 10^277 |
| 106 | ov_106 | 1.4858426922025323 × 10^277 |
| 105 | ov_105 | 1.6923345470933092 × 10^277 |
| 104 | ov_104 | 1.917682532997759 × 10^277 |
| 103 | ov_103 | 2.162904990623177 × 10^277 |
| 102 | ov_102 | 2.4290815604969225 × 10^277 |
| 101 | ov_101 | 2.7173639979420614 × 10^277 |
| 100 | ov_100 | 3.028988185668129 × 10^277 |
| 99 | ov_099 | 3.3652874066736313 × 10^277 |
| 98 | ov_098 | 3.3653193122167436 × 10^277 |
| 97 | ov_097 | 3.365419388263217 × 10^277 |
| 96 | aaa_78_29 | 5.09418792680316 × 10^277 |
| 95 | aaa_78_28 | 1.4252033208310423 × 10^278 |
| 94 | ov_094 | 4.670686585439842 × 10^278 |
| 93 | ov_093 | 1.1137315969791147 × 10^279 |
| 92 | ov_092 | 2.2755974759262359 × 10^279 |
| 91 | ov_091 | 4.198762799767077 × 10^279 |
| 90 | ov_090 | 7.182352590759109 × 10^279 |
| 89 | ov_089 | 1.1578570257350578 × 10^280 |
| 88 | ov_088 | 1.7792799161176221 × 10^280 |
| 87 | ov_087 | 2.628378341605859 × 10^280 |
| 86 | ov_086 | 3.756391798378196 × 10^280 |
| 85 | ov_085 | 5.271207361203625 × 10^280 |
| 84 | ov_084 | 7.291588314029911 × 10^280 |
| 83 | ov_083 | 9.947314344668444 × 10^280 |
| 82 | ov_082 | 1.3379365011604074 × 10^281 |
| 81 | ov_081 | 1.7740152604966493 × 10^281 |
| 80 | ov_080 | 2.3193810528235493 × 10^281 |
| 64 | lv_79_m31 | 2.4842160466755795 × 10^281 |
| 79 | ov_079 | 2.9916543334611747 × 10^281 |
| 78 | ov_078 | 3.80970445633065 × 10^281 |
| 77 | ov_077 | 4.793698853765005 × 10^281 |
| 76 | ov_076 | 5.965160231047841 × 10^281 |
| 75 | ov_075 | 7.347032397460914 × 10^281 |
| 74 | ov_074 | 8.963755359980814 × 10^281 |
| 73 | ov_073 | 1.084135031158658 × 10^282 |
| 63 | ov_063 | 1.2770514739335026 × 10^282 |
| 72 | ov_072 | 1.3007515153863664 × 10^282 |
| 71 | ov_071 | 1.5491731203729232 × 10^282 |
| 70 | ov_070 | 1.8325381747224193 × 10^282 |
| 69 | ov_069 | 2.1541883120028766 × 10^282 |
| 68 | ov_068 | 2.5176829015316266 × 10^282 |
| 67 | ov_067 | 2.926814874546479 × 10^282 |
| 66 | ov_066 | 2.9268173267710517 × 10^282 |
| 65 | ov_065 | 2.926827345210482 × 10^282 |
| 62 | ov_062 | 6.56331625692176 × 10^282 |
| 61 | ov_061 | 2.3963557973563594 × 10^283 |
| 60 | ov_060 | 6.870938688917643 × 10^283 |
| 59 | ov_059 | 1.5622314891846964 × 10^284 |
| 58 | ov_058 | 3.0793461793822727 × 10^284 |
| 57 | ov_057 | 5.5128106950835735 × 10^284 |
| 56 | ov_056 | 9.197075357243602 × 10^284 |
| 55 | ov_055 | 1.4526674663485945 × 10^285 |
| 54 | ov_054 | 2.1956241678916378 × 10^285 |
| 53 | ov_053 | 3.2000535843854524 × 10^285 |
| 52 | ov_052 | 4.523449192238748 × 10^285 |
| 51 | ov_051 | 6.229329993611538 × 10^285 |
| 50 | ov_050 | 8.450771807049572 × 10^285 |
| 49 | ov_049 | 1.1332944072070256 × 10^286 |
| 48 | ov_048 | 1.5033153159993994 × 10^286 |
| 47 | ov_047 | 1.972090217165491 × 10^286 |
| 32 | lv_80_m31 | 2.4748484255648595 × 10^286 |
| 46 | ov_046 | 2.557797161972443 × 10^286 |
| 45 | ov_045 | 3.2798527415884434 × 10^286 |
| 44 | ov_044 | 4.158926477261576 × 10^286 |
| 43 | ov_043 | 5.21695979646215 × 10^286 |
| 42 | ov_042 | 6.477190678448326 × 10^286 |
| 41 | ov_041 | 7.952238545479943 × 10^286 |
| 40 | ov_040 | 9.655417635730105 × 10^286 |
| 39 | ov_039 | 1.160076408366537 × 10^287 |
| 31 | ov_031 | 1.2678797983476932 × 10^287 |
| 38 | ov_038 | 1.3803068844552075 × 10^287 |
| 37 | ov_037 | 1.6277917270361797 × 10^287 |
| 36 | ov_036 | 1.9057321550618257 × 10^287 |
| 35 | ov_035 | 2.217503236635906 × 10^287 |
| 34 | ov_034 | 2.5666659340773393 × 10^287 |
| 33 | ov_033 | 2.9569811351511904 × 10^287 |
| 30 | ov_030 | 5.722141874579418 × 10^287 |
| 29 | ov_029 | 1.891495057905551 × 10^288 |
| 28 | ov_028 | 5.0442604445979864 × 10^288 |
| 27 | ov_027 | 1.1532281663479814 × 10^289 |
| 26 | ov_026 | 2.3438504541372427 × 10^289 |
| 25 | ov_025 | 4.3427057012814314 × 10^289 |
| 24 | ov_024 | 7.47432781294548 × 10^289 |
| 23 | ov_023 | 1.2121380290491871 × 10^290 |
| 22 | ov_022 | 1.8724675673845945 × 10^290 |
| 21 | ov_021 | 2.822402523243515 × 10^290 |
| 20 | ov_020 | 4.167567604660346 × 10^290 |
| 19 | ov_019 | 6.0252475127078335 × 10^290 |
| 18 | ov_018 | 8.524412142478444 × 10^290 |
| 17 | ov_017 | 1.1805753489146786 × 10^291 |
| 16 | ov_016 | 1.6021737655924988 × 10^291 |
| 15 | ov_015 | 2.133667584166613 × 10^291 |
| 14 | ov_014 | 2.7926818667138895 × 10^291 |
| 13 | ov_013 | 3.5980479315992017 × 10^291 |
| 12 | ov_012 | 4.569819341501864 × 10^291 |
| 11 | ov_011 | 5.729292620947794 × 10^291 |
| 10 | ov_010 | 7.099033913369404 × 10^291 |
| 9 | ov_009 | 8.702912885088249 × 10^291 |
| 8 | ov_008 | 1.0566145281561377 × 10^292 |
| 7 | ov_007 | 1.2715345639947938 × 10^292 |
| 6 | ov_006 | 1.5178591761794387 × 10^292 |
| 5 | ov_005 | 1.7985502650733998 × 10^292 |
| 4 | ov_004 | 2.116733160349518 × 10^292 |
| 3 | ov_003 | 2.47570758825217 × 10^292 |
| 2 | ov_002 | 2.878960412098166 × 10^292 |
| 1 | ov_001 | 3.3301802554807917 × 10^292 |

