# Results for F001-F002-F003-F004-F005-F006-F007-F008-F009-F010-F011-F012-F013-F014-F015-F016-F017-F018-F019-F020-F021-F022-F023-F024-F025-F026-F027-F028-F029-F030-F031-F032-F033-F034-F035-F036-F037-F038-F039-F040-F041-F042-F043-F044-F045-F046-F047-F048-F049-F050-F051-F052-F053-F054-F055-F056-F057-F058-F059-F060-F061-F062-F063-F064-F065-F066-F067-F068-F069-F070-F071-F072-F073-F074-F075-F076-F077-F078-F079-F080-F081-F082-F083-F084-F085-F086-F087-F088-F089-F090-F091-F092-F093-F094-F095-F096-F097-F098-F099-F100-F101-F102-F103-F104-F105-F106-F107-F108-F109-F110-F111-F112-F113-F114-F115-F116-F117-F118-F119-F120-F121-F122-F123-F124-F125-F126-F127-F128-F129-F130-F131-F132-F133-F134-F135-F136-F137-F138-F139-F140-F141-F142-F143-F144-F145-F146-F147-F148-F149-F150-F151-F152-F153-F154-F155-F156-F157-F158-F159-F160-F161-F162-F163-F164-F165-F166-F167-F168-F169-F170-F171-F172-F173-F174-F175-F176-F177-F178-F179-F180-F181-F182-F183-F184-F185-F186-F187-F188-F189-F190-F191-F192-F193-F194-F195-F196-F197-F198-F199-F200-F201-F202-F203-F204-F205-F206-F207-F208-F209-F210-F211-F212-F213-F214-F215-F216-F217-F218-F219-F220-F221-F222-F223-F224-F225-F226-F227-F228-F229-F230-F231-F232-F233-F234-F235-F236-F237-F238-F239-F240-F241-F242-F243-F244-F245-F246-F247-F248-F249-F250-F251-F252-F253-F254-F255-F256-F257-F258-F259-F260-F261-F262-F263-F264-F265-F266-F267-F268-F269-F270-F271-F272-F273-F274-F275-F276-F277-F278-F279-F280-F281-F282-F283-F284-F285-F286-F287-F288-F289-F290-F291-F292-F293-F294-F295-F296-F297-F298-F299-F300-F301-F302-F303-F304-F305-F306-F307-F308-F309-F310-F311-F312-F313-F314-F315-F316-F317-F318-F319-F320-F321-F322-F323-F324-F325-F326-F327-F328-F329-F330-F331-F332-F333-F334-F335-F336-F337-F338-F339-F340-F341-F342-F343-F344-F345-F346-F347-F348-F349-F350-F351-F352-F353-F354-F355-F356-F357-F358-F359-F360-F361-F362-F363-F364-F365-F366-F367-F368-F369-F370-F371-F372-F373-F374-F375-F376-F377-F378-F379-F380-F381-F382-F383-F384-F385-F386-F387-F388-F389-F390-F391-F392-F393-F394-F395-F396-F397-F398-F399-F400-F401-F402-F403-F404-F405-F406-F407-F408-F409-F410-F411-F412-F413-F414-F415-F416-F417-F418-F419-F420-F421-F422-F423-F424-F425-F426-F427-F428-F429-F430-F431-F432-F433-F434-F435-F436-F437-F438-F439-F440-F441-F442-F443-F444-F445-F446-F447-F448-F449-F450-F451-F452-F453-F454-F455-F456-F457-F458-F459-F460-F461-F462-F463-F464-F465-F466-F467-F468-F469-F470-F471-F472-F473-F474-F475-F476-F477-F478-F479-F480-F481-F482-F483-F484-F485-F486-F487-F488-F489-F490-F491-F492-F493-F494-F495-F496-E497503-F507-F508-F509-F510-F511-F512

## Summary

Number of input bits: 512  
Number of free input bits: 9  
Number of output bits: 160

Number of direct occurrences: 35758  
Number of assignments: 30502  
Number of operations: 10552312
(xor: 10524552,
and: 14704,
or: 13056)

Total complexity: 9.221069054019013 × 10^293

Least occurring input variable: iv_502 (3805)  
Most occurring input variable: iv_497 (4173)

Most co-occurring input variables: iv_500-iv_501 (1991)  
Least co-occurring input variables: iv_499-iv_506 (1758)

Potentially most occurring input variable: iv_497/iv_506 (4450)  
Potentially least occurring input variable: iv_499/iv_504 (4036)

Least output occurring input variable: iv_497 (66)  
Most output occurring input variable: iv_504 (83)

Most output co-occurring input variables: iv_501-iv_505 (48)  
Least output co-occurring input variables: iv_497-iv_502 (27)

Potentially most output occurring input variable: iv_498/iv_500 (92)  
Potentially least output occurring input variable: iv_500/iv_505 (67)

Least complex input bit: iv_498 (1.1765972259783276 × 10^292)  
Most complex input bit: iv_505 (2.909870380123126 × 10^293)

Least complex output bit: aaa_76_29 (2.6470710963671953 × 10^269)  
Most complex output bit: ov_001 (1.50055133939682 × 10^293)

Least complex input/output complexity: iv_498/aaa_76_29 (3.3776306095393304 × 10^267)  
Most complex input/output complexity: iv_505/ov_001 (4.735253440556093 × 10^292)

## Input Bits

### Input Bits in Regular Order

| Input Bit | Complexity | Occurrences | Output Occurrences |
|:---------:|:----------:|:-----------:|:------------------:|
| iv_497 | 1.5022756744115965 × 10^293 | 4173 | 66 |
| iv_498 | 1.1765972259783276 × 10^292 | 3940 | 74 |
| iv_499 | 2.057542918293319 × 10^292 | 3857 | 81 |
| iv_500 | 3.433628966407771 × 10^292 | 4032 | 76 |
| iv_501 | 5.639684375718372 × 10^292 | 3987 | 82 |
| iv_502 | 9.075713979450867 × 10^292 | 3805 | 70 |
| iv_504 | 2.2502129867292198 × 10^293 | 4009 | 83 |
| iv_505 | 2.909870380123126 × 10^293 | 4012 | 83 |
| iv_506 | 4.2039326617021335 × 10^292 | 3943 | 77 |

### Input Bits Sorted by Complexity

| Input Bit | Complexity | Occurrences | Output Occurrences |
|:---------:|:----------:|:-----------:|:------------------:|
| iv_498 | 1.1765972259783276 × 10^292 | 3940 | 74 |
| iv_499 | 2.057542918293319 × 10^292 | 3857 | 81 |
| iv_500 | 3.433628966407771 × 10^292 | 4032 | 76 |
| iv_506 | 4.2039326617021335 × 10^292 | 3943 | 77 |
| iv_501 | 5.639684375718372 × 10^292 | 3987 | 82 |
| iv_502 | 9.075713979450867 × 10^292 | 3805 | 70 |
| iv_497 | 1.5022756744115965 × 10^293 | 4173 | 66 |
| iv_504 | 2.2502129867292198 × 10^293 | 4009 | 83 |
| iv_505 | 2.909870380123126 × 10^293 | 4012 | 83 |

### Input Bits Sorted by Occurrences

| Input Bit | Complexity | Occurrences | Output Occurrences |
|:---------:|:----------:|:-----------:|:------------------:|
| iv_502 | 9.075713979450867 × 10^292 | 3805 | 70 |
| iv_499 | 2.057542918293319 × 10^292 | 3857 | 81 |
| iv_498 | 1.1765972259783276 × 10^292 | 3940 | 74 |
| iv_506 | 4.2039326617021335 × 10^292 | 3943 | 77 |
| iv_501 | 5.639684375718372 × 10^292 | 3987 | 82 |
| iv_504 | 2.2502129867292198 × 10^293 | 4009 | 83 |
| iv_505 | 2.909870380123126 × 10^293 | 4012 | 83 |
| iv_500 | 3.433628966407771 × 10^292 | 4032 | 76 |
| iv_497 | 1.5022756744115965 × 10^293 | 4173 | 66 |

### Input Bits Sorted by Output Occurrences

| Input Bit | Complexity | Occurrences | Output Occurrences |
|:---------:|:----------:|:-----------:|:------------------:|
| iv_497 | 1.5022756744115965 × 10^293 | 4173 | 66 |
| iv_502 | 9.075713979450867 × 10^292 | 3805 | 70 |
| iv_498 | 1.1765972259783276 × 10^292 | 3940 | 74 |
| iv_500 | 3.433628966407771 × 10^292 | 4032 | 76 |
| iv_506 | 4.2039326617021335 × 10^292 | 3943 | 77 |
| iv_499 | 2.057542918293319 × 10^292 | 3857 | 81 |
| iv_501 | 5.639684375718372 × 10^292 | 3987 | 82 |
| iv_505 | 2.909870380123126 × 10^293 | 4012 | 83 |
| iv_504 | 2.2502129867292198 × 10^293 | 4009 | 83 |

## Input Bit Co-occurrences

### Input Bit Co-occurrences Sorted by Co-occurrences

| Input Bits | Co-occurrences | Potential Occurrences | Output Co-occurrences | Potential Output Occurrences |
|:----------:|:--------------:|:---------------------:|:---------------------:|:----------------------------:|
| iv_500-iv_501 | 1991 | 4037 | 39 | 80 |
| iv_498-iv_504 | 1944 | 4061 | 39 | 79 |
| iv_500-iv_504 | 1939 | 4163 | 39 | 81 |
| iv_501-iv_505 | 1931 | 4137 | 48 | 69 |
| iv_500-iv_506 | 1922 | 4131 | 37 | 79 |
| iv_497-iv_505 | 1921 | 4343 | 34 | 81 |
| iv_500-iv_505 | 1919 | 4206 | 46 | 67 |
| iv_499-iv_504 | 1915 | 4036 | 42 | 80 |
| iv_501-iv_504 | 1912 | 4172 | 43 | 79 |

### Input Bit Co-occurrences Sorted by Potential Occurrences

| Input Bits | Co-occurrences | Potential Occurrences | Output Co-occurrences | Potential Output Occurrences |
|:----------:|:--------------:|:---------------------:|:---------------------:|:----------------------------:|
| iv_499-iv_504 | 1915 | 4036 | 42 | 80 |
| iv_500-iv_501 | 1991 | 4037 | 39 | 80 |
| iv_499-iv_502 | 1811 | 4040 | 37 | 77 |
| iv_498-iv_504 | 1944 | 4061 | 39 | 79 |
| iv_498-iv_499 | 1855 | 4087 | 39 | 77 |
| iv_500-iv_502 | 1871 | 4095 | 33 | 80 |
| iv_500-iv_506 | 1922 | 4131 | 37 | 79 |
| iv_501-iv_502 | 1828 | 4136 | 34 | 84 |
| iv_501-iv_505 | 1931 | 4137 | 48 | 69 |

### Input Bit Output Co-occurrences Sorted by Output Co-occurrences

| Input Bits | Co-occurrences | Potential Occurrences | Output Co-occurrences | Potential Output Occurrences |
|:----------:|:--------------:|:---------------------:|:---------------------:|:----------------------------:|
| iv_501-iv_505 | 1931 | 4137 | 48 | 69 |
| iv_500-iv_505 | 1919 | 4206 | 46 | 67 |
| iv_504-iv_505 | 1890 | 4241 | 44 | 78 |
| iv_499-iv_501 | 1838 | 4168 | 43 | 77 |
| iv_501-iv_504 | 1912 | 4172 | 43 | 79 |
| iv_499-iv_505 | 1807 | 4255 | 43 | 78 |
| iv_502-iv_505 | 1832 | 4153 | 42 | 69 |
| iv_499-iv_500 | 1850 | 4189 | 42 | 73 |
| iv_499-iv_504 | 1915 | 4036 | 42 | 80 |

### Input Bit Output Co-occurrences Sorted by Potential Output Occurrences

| Input Bits | Co-occurrences | Potential Occurrences | Output Co-occurrences | Potential Output Occurrences |
|:----------:|:--------------:|:---------------------:|:---------------------:|:----------------------------:|
| iv_500-iv_505 | 1919 | 4206 | 46 | 67 |
| iv_502-iv_505 | 1832 | 4153 | 42 | 69 |
| iv_501-iv_505 | 1931 | 4137 | 48 | 69 |
| iv_499-iv_500 | 1850 | 4189 | 42 | 73 |
| iv_498-iv_506 | 1858 | 4167 | 39 | 73 |
| iv_497-iv_500 | 1906 | 4393 | 34 | 74 |
| iv_497-iv_506 | 1833 | 4450 | 34 | 75 |
| iv_499-iv_506 | 1758 | 4284 | 41 | 76 |
| iv_499-iv_501 | 1838 | 4168 | 43 | 77 |

## Output Bits

### Output Bits in Regular Order

| Rank | Output Bit | Complexity |
|:----:|:----------:|:----------:|
| 1 | ov_001 | 1.50055133939682 × 10^293 |
| 2 | ov_002 | 1.2973347985620533 × 10^293 |
| 3 | ov_003 | 1.1157140395977107 × 10^293 |
| 4 | ov_004 | 9.540294419637592 × 10^292 |
| 5 | ov_005 | 8.107118519600383 × 10^292 |
| 6 | ov_006 | 6.842760470873344 × 10^292 |
| 7 | ov_007 | 5.733150645203485 × 10^292 |
| 8 | ov_008 | 4.764953408548059 × 10^292 |
| 9 | ov_009 | 3.9255259745459433 × 10^292 |
| 10 | ov_010 | 3.2028839365210394 × 10^292 |
| 11 | ov_011 | 2.585672691424237 × 10^292 |
| 12 | ov_012 | 2.063144013916316 × 10^292 |
| 13 | ov_013 | 1.6251370828140754 × 10^292 |
| 14 | ov_014 | 1.2620633055457145 × 10^292 |
| 15 | ov_015 | 9.648943292326111 × 10^291 |
| 16 | ov_016 | 7.251526696450322 × 10^291 |
| 17 | ov_017 | 5.349044316552788 × 10^291 |
| 18 | ov_018 | 3.867536620088023 × 10^291 |
| 19 | ov_019 | 2.7383798969557673 × 10^291 |
| 20 | ov_020 | 1.8982531572051718 × 10^291 |
| 21 | ov_021 | 1.2891136266260007 × 10^291 |
| 22 | ov_022 | 8.581791534814235 × 10^290 |
| 23 | ov_023 | 5.579160488427243 × 10^290 |
| 24 | ov_024 | 3.4603109210674364 × 10^290 |
| 25 | ov_025 | 2.0268701469585244 × 10^290 |
| 26 | ov_026 | 1.106634442697864 × 10^290 |
| 27 | ov_027 | 5.53560161173854 × 10^289 |
| 28 | ov_028 | 2.47760040113467 × 10^289 |
| 29 | ov_029 | 9.550193987150595 × 10^288 |
| 30 | ov_030 | 2.920851286475665 × 10^288 |
| 31 | ov_031 | 5.7006224416234104 × 10^287 |
| 32 | lv_80_m31 | 1.1124961308011117 × 10^287 |
| 33 | ov_033 | 1.3259670417676146 × 10^288 |
| 34 | ov_034 | 1.150315579866482 × 10^288 |
| 35 | ov_035 | 9.931349168881483 × 10^287 |
| 36 | ov_036 | 8.527877745867024 × 10^287 |
| 37 | ov_037 | 7.277239827865223 × 10^287 |
| 38 | ov_038 | 6.164743696957823 × 10^287 |
| 39 | ov_039 | 5.176455152892399 × 10^287 |
| 40 | ov_040 | 4.3055904278392274 × 10^287 |
| 41 | ov_041 | 3.545711894525162 × 10^287 |
| 42 | ov_042 | 2.8907108078933495 × 10^287 |
| 43 | ov_043 | 2.3347929384269178 × 10^287 |
| 44 | ov_044 | 1.8672682851285678 × 10^287 |
| 45 | ov_045 | 1.4780252977968728 × 10^287 |
| 46 | ov_046 | 1.1575170889629955 × 10^287 |
| 47 | ov_047 | 8.967506249622597 × 10^286 |
| 48 | ov_048 | 6.872783864211529 × 10^286 |
| 49 | ov_049 | 5.211920277878624 × 10^286 |
| 50 | ov_050 | 3.9111760415406733 × 10^286 |
| 51 | ov_051 | 2.902119915841426 × 10^286 |
| 52 | ov_052 | 2.1216022222400465 × 10^286 |
| 53 | ov_053 | 1.511735432667391 × 10^286 |
| 54 | ov_054 | 1.0448892970259393 × 10^286 |
| 55 | ov_055 | 6.960550152035838 × 10^285 |
| 56 | ov_056 | 4.4284156434320694 × 10^285 |
| 57 | ov_057 | 2.654734117911589 × 10^285 |
| 58 | ov_058 | 1.4678918634621955 × 10^285 |
| 59 | ov_059 | 7.22409724894557 × 10^284 |
| 60 | ov_060 | 2.9893982858890614 × 10^284 |
| 61 | ov_061 | 1.042643748699515 × 10^284 |
| 62 | ov_062 | 2.8557860634637565 × 10^283 |
| 63 | ov_063 | 5.556870886883782 × 10^282 |
| 64 | lv_79_m31 | 1.0810141750631905 × 10^282 |
| 65 | ov_065 | 1.275039597364668 × 10^283 |
| 66 | ov_066 | 1.2750352484545625 × 10^283 |
| 67 | ov_067 | 1.275034183983369 × 10^283 |
| 68 | ov_068 | 1.0971241876243037 × 10^283 |
| 69 | ov_069 | 9.3903642040766 × 10^282 |
| 70 | ov_070 | 7.991243875887041 × 10^282 |
| 71 | ov_071 | 6.758429693224097 × 10^282 |
| 72 | ov_072 | 5.677415516775852 × 10^282 |
| 73 | ov_073 | 4.734577635945412 × 10^282 |
| 74 | ov_074 | 3.917117881782367 × 10^282 |
| 75 | ov_075 | 3.2130121785143413 × 10^282 |
| 76 | ov_076 | 2.6109642381032687 × 10^282 |
| 77 | ov_077 | 2.1003641095867142 × 10^282 |
| 78 | ov_078 | 1.6712513007398748 × 10^282 |
| 79 | ov_079 | 1.3142821940726099 × 10^282 |
| 80 | ov_080 | 1.0207014826020549 × 10^282 |
| 81 | ov_081 | 7.823173534372525 × 10^281 |
| 82 | ov_082 | 5.914801491676923 × 10^281 |
| 83 | ov_083 | 4.41064238509003 × 10^281 |
| 84 | ov_084 | 3.2445282873204863 × 10^281 |
| 85 | ov_085 | 2.3552545316755536 × 10^281 |
| 86 | ov_086 | 1.6864786760572123 × 10^281 |
| 87 | ov_087 | 1.186640897579334 × 10^281 |
| 88 | ov_088 | 8.089031616488121 × 10^280 |
| 89 | ov_089 | 5.310203846020452 × 10^280 |
| 90 | ov_090 | 3.3307669245467116 × 10^280 |
| 91 | ov_091 | 1.9747283251524682 × 10^280 |
| 92 | ov_092 | 1.0891832737377277 × 10^280 |
| 93 | ov_093 | 5.442706693824518 × 10^279 |
| 94 | ov_094 | 2.3315143970030838 × 10^279 |
| 95 | aaa_78_28 | 7.199971069130194 × 10^278 |
| 96 | aaa_78_29 | 2.2113664301911883 × 10^278 |
| 97 | ov_097 | 1.4607305097313183 × 10^278 |
| 98 | ov_098 | 1.4606870639103524 × 10^278 |
| 99 | ov_099 | 1.4606732109323864 × 10^278 |
| 100 | ov_100 | 1.3146564274721225 × 10^278 |
| 101 | ov_101 | 1.1793613978313635 × 10^278 |
| 102 | ov_102 | 1.05420796929844 × 10^278 |
| 103 | ov_103 | 9.386583172658418 × 10^277 |
| 104 | ov_104 | 8.322111977926538 × 10^277 |
| 105 | ov_105 | 7.343967449401698 × 10^277 |
| 106 | ov_106 | 6.447717857895914 × 10^277 |
| 107 | ov_107 | 5.629156468451792 × 10^277 |
| 108 | ov_108 | 4.884264261306122 × 10^277 |
| 109 | ov_109 | 4.20917705733364 × 10^277 |
| 110 | ov_110 | 3.600156798705294 × 10^277 |
| 111 | ov_111 | 3.0535667376747194 × 10^277 |
| 112 | ov_112 | 2.5658502878359413 × 10^277 |
| 113 | ov_113 | 2.133513293108222 × 10^277 |
| 114 | ov_114 | 1.7531094702975537 × 10^277 |
| 115 | ov_115 | 1.4212287814984164 × 10^277 |
| 116 | ov_116 | 1.1344884929087372 × 10^277 |
| 117 | ov_117 | 8.895264170319805 × 10^276 |
| 118 | ov_118 | 6.829956059342102 × 10^276 |
| 119 | ov_119 | 5.11560083880857 × 10^276 |
| 120 | ov_120 | 3.7189149792718747 × 10^276 |
| 121 | ov_121 | 2.60666565067371 × 10^276 |
| 122 | ov_122 | 1.7456519456202042 × 10^276 |
| 123 | ov_123 | 1.1026916406826432 × 10^276 |
| 124 | ov_124 | 6.4461228201609 × 10^275 |
| 125 | ov_125 | 3.3824567431280744 × 10^275 |
| 126 | ov_126 | 1.5042507611049752 × 10^275 |
| 127 | aaa_77_28 | 4.798412598037402 × 10^274 |
| 128 | aaa_77_29 | 1.7961033382062038 × 10^274 |
| 129 | ov_129 | 1.6361534145488297 × 10^274 |
| 130 | ov_130 | 1.636148273458595 × 10^274 |
| 131 | ov_131 | 1.6361470349314775 × 10^274 |
| 132 | ov_132 | 1.411800909893827 × 10^274 |
| 133 | ov_133 | 1.2115851656261897 × 10^274 |
| 134 | ov_134 | 1.0336537571973037 × 10^274 |
| 135 | ov_135 | 8.762551068893255 × 10^273 |
| 136 | ov_136 | 7.37725327219434 × 10^273 |
| 137 | ov_137 | 6.164825062500045 × 10^273 |
| 138 | ov_138 | 5.11021943702901 × 10^273 |
| 139 | ov_139 | 4.19912231883206 × 10^273 |
| 140 | ov_140 | 3.417920807967679 × 10^273 |
| 141 | ov_141 | 2.7536779214624393 × 10^273 |
| 142 | ov_142 | 2.1941129213655266 × 10^273 |
| 143 | ov_143 | 1.7275863823070015 × 10^273 |
| 144 | ov_144 | 1.3430892018270488 × 10^273 |
| 145 | ov_145 | 1.0302348084296944 × 10^273 |
| 146 | ov_146 | 7.792538738705651 × 10^272 |
| 147 | ov_147 | 5.8099088764103266 × 10^272 |
| 148 | ov_148 | 4.269020029815084 × 10^272 |
| 149 | ov_149 | 3.0905364236675196 × 10^272 |
| 150 | ov_150 | 2.2012150447980345 × 10^272 |
| 151 | ov_151 | 1.5338980414137728 × 10^272 |
| 152 | ov_152 | 1.0275069228917711 × 10^272 |
| 153 | ov_153 | 6.530216637191704 × 10^271 |
| 154 | ov_154 | 3.8445890430928505 × 10^271 |
| 155 | ov_155 | 1.988707497311573 × 10^271 |
| 156 | aaa_76_25 | 7.634406874812485 × 10^270 |
| 157 | aaa_76_26 | 4.400617030943382 × 10^270 |
| 158 | aaa_76_27 | 2.2478959879086956 × 10^270 |
| 159 | aaa_76_28 | 8.728429546904327 × 10^269 |
| 160 | aaa_76_29 | 2.6470710963671953 × 10^269 |

### Output Bits Sorted by Complexity

| Rank | Output Bit | Complexity |
|:----:|:----------:|:----------:|
| 160 | aaa_76_29 | 2.6470710963671953 × 10^269 |
| 159 | aaa_76_28 | 8.728429546904327 × 10^269 |
| 158 | aaa_76_27 | 2.2478959879086956 × 10^270 |
| 157 | aaa_76_26 | 4.400617030943382 × 10^270 |
| 156 | aaa_76_25 | 7.634406874812485 × 10^270 |
| 155 | ov_155 | 1.988707497311573 × 10^271 |
| 154 | ov_154 | 3.8445890430928505 × 10^271 |
| 153 | ov_153 | 6.530216637191704 × 10^271 |
| 152 | ov_152 | 1.0275069228917711 × 10^272 |
| 151 | ov_151 | 1.5338980414137728 × 10^272 |
| 150 | ov_150 | 2.2012150447980345 × 10^272 |
| 149 | ov_149 | 3.0905364236675196 × 10^272 |
| 148 | ov_148 | 4.269020029815084 × 10^272 |
| 147 | ov_147 | 5.8099088764103266 × 10^272 |
| 146 | ov_146 | 7.792538738705651 × 10^272 |
| 145 | ov_145 | 1.0302348084296944 × 10^273 |
| 144 | ov_144 | 1.3430892018270488 × 10^273 |
| 143 | ov_143 | 1.7275863823070015 × 10^273 |
| 142 | ov_142 | 2.1941129213655266 × 10^273 |
| 141 | ov_141 | 2.7536779214624393 × 10^273 |
| 140 | ov_140 | 3.417920807967679 × 10^273 |
| 139 | ov_139 | 4.19912231883206 × 10^273 |
| 138 | ov_138 | 5.11021943702901 × 10^273 |
| 137 | ov_137 | 6.164825062500045 × 10^273 |
| 136 | ov_136 | 7.37725327219434 × 10^273 |
| 135 | ov_135 | 8.762551068893255 × 10^273 |
| 134 | ov_134 | 1.0336537571973037 × 10^274 |
| 133 | ov_133 | 1.2115851656261897 × 10^274 |
| 132 | ov_132 | 1.411800909893827 × 10^274 |
| 131 | ov_131 | 1.6361470349314775 × 10^274 |
| 130 | ov_130 | 1.636148273458595 × 10^274 |
| 129 | ov_129 | 1.6361534145488297 × 10^274 |
| 128 | aaa_77_29 | 1.7961033382062038 × 10^274 |
| 127 | aaa_77_28 | 4.798412598037402 × 10^274 |
| 126 | ov_126 | 1.5042507611049752 × 10^275 |
| 125 | ov_125 | 3.3824567431280744 × 10^275 |
| 124 | ov_124 | 6.4461228201609 × 10^275 |
| 123 | ov_123 | 1.1026916406826432 × 10^276 |
| 122 | ov_122 | 1.7456519456202042 × 10^276 |
| 121 | ov_121 | 2.60666565067371 × 10^276 |
| 120 | ov_120 | 3.7189149792718747 × 10^276 |
| 119 | ov_119 | 5.11560083880857 × 10^276 |
| 118 | ov_118 | 6.829956059342102 × 10^276 |
| 117 | ov_117 | 8.895264170319805 × 10^276 |
| 116 | ov_116 | 1.1344884929087372 × 10^277 |
| 115 | ov_115 | 1.4212287814984164 × 10^277 |
| 114 | ov_114 | 1.7531094702975537 × 10^277 |
| 113 | ov_113 | 2.133513293108222 × 10^277 |
| 112 | ov_112 | 2.5658502878359413 × 10^277 |
| 111 | ov_111 | 3.0535667376747194 × 10^277 |
| 110 | ov_110 | 3.600156798705294 × 10^277 |
| 109 | ov_109 | 4.20917705733364 × 10^277 |
| 108 | ov_108 | 4.884264261306122 × 10^277 |
| 107 | ov_107 | 5.629156468451792 × 10^277 |
| 106 | ov_106 | 6.447717857895914 × 10^277 |
| 105 | ov_105 | 7.343967449401698 × 10^277 |
| 104 | ov_104 | 8.322111977926538 × 10^277 |
| 103 | ov_103 | 9.386583172658418 × 10^277 |
| 102 | ov_102 | 1.05420796929844 × 10^278 |
| 101 | ov_101 | 1.1793613978313635 × 10^278 |
| 100 | ov_100 | 1.3146564274721225 × 10^278 |
| 99 | ov_099 | 1.4606732109323864 × 10^278 |
| 98 | ov_098 | 1.4606870639103524 × 10^278 |
| 97 | ov_097 | 1.4607305097313183 × 10^278 |
| 96 | aaa_78_29 | 2.2113664301911883 × 10^278 |
| 95 | aaa_78_28 | 7.199971069130194 × 10^278 |
| 94 | ov_094 | 2.3315143970030838 × 10^279 |
| 93 | ov_093 | 5.442706693824518 × 10^279 |
| 92 | ov_092 | 1.0891832737377277 × 10^280 |
| 91 | ov_091 | 1.9747283251524682 × 10^280 |
| 90 | ov_090 | 3.3307669245467116 × 10^280 |
| 89 | ov_089 | 5.310203846020452 × 10^280 |
| 88 | ov_088 | 8.089031616488121 × 10^280 |
| 87 | ov_087 | 1.186640897579334 × 10^281 |
| 86 | ov_086 | 1.6864786760572123 × 10^281 |
| 85 | ov_085 | 2.3552545316755536 × 10^281 |
| 84 | ov_084 | 3.2445282873204863 × 10^281 |
| 83 | ov_083 | 4.41064238509003 × 10^281 |
| 82 | ov_082 | 5.914801491676923 × 10^281 |
| 81 | ov_081 | 7.823173534372525 × 10^281 |
| 80 | ov_080 | 1.0207014826020549 × 10^282 |
| 64 | lv_79_m31 | 1.0810141750631905 × 10^282 |
| 79 | ov_079 | 1.3142821940726099 × 10^282 |
| 78 | ov_078 | 1.6712513007398748 × 10^282 |
| 77 | ov_077 | 2.1003641095867142 × 10^282 |
| 76 | ov_076 | 2.6109642381032687 × 10^282 |
| 75 | ov_075 | 3.2130121785143413 × 10^282 |
| 74 | ov_074 | 3.917117881782367 × 10^282 |
| 73 | ov_073 | 4.734577635945412 × 10^282 |
| 63 | ov_063 | 5.556870886883782 × 10^282 |
| 72 | ov_072 | 5.677415516775852 × 10^282 |
| 71 | ov_071 | 6.758429693224097 × 10^282 |
| 70 | ov_070 | 7.991243875887041 × 10^282 |
| 69 | ov_069 | 9.3903642040766 × 10^282 |
| 68 | ov_068 | 1.0971241876243037 × 10^283 |
| 67 | ov_067 | 1.275034183983369 × 10^283 |
| 66 | ov_066 | 1.2750352484545625 × 10^283 |
| 65 | ov_065 | 1.275039597364668 × 10^283 |
| 62 | ov_062 | 2.8557860634637565 × 10^283 |
| 61 | ov_061 | 1.042643748699515 × 10^284 |
| 60 | ov_060 | 2.9893982858890614 × 10^284 |
| 59 | ov_059 | 7.22409724894557 × 10^284 |
| 58 | ov_058 | 1.4678918634621955 × 10^285 |
| 57 | ov_057 | 2.654734117911589 × 10^285 |
| 56 | ov_056 | 4.4284156434320694 × 10^285 |
| 55 | ov_055 | 6.960550152035838 × 10^285 |
| 54 | ov_054 | 1.0448892970259393 × 10^286 |
| 53 | ov_053 | 1.511735432667391 × 10^286 |
| 52 | ov_052 | 2.1216022222400465 × 10^286 |
| 51 | ov_051 | 2.902119915841426 × 10^286 |
| 50 | ov_050 | 3.9111760415406733 × 10^286 |
| 49 | ov_049 | 5.211920277878624 × 10^286 |
| 48 | ov_048 | 6.872783864211529 × 10^286 |
| 47 | ov_047 | 8.967506249622597 × 10^286 |
| 32 | lv_80_m31 | 1.1124961308011117 × 10^287 |
| 46 | ov_046 | 1.1575170889629955 × 10^287 |
| 45 | ov_045 | 1.4780252977968728 × 10^287 |
| 44 | ov_044 | 1.8672682851285678 × 10^287 |
| 43 | ov_043 | 2.3347929384269178 × 10^287 |
| 42 | ov_042 | 2.8907108078933495 × 10^287 |
| 41 | ov_041 | 3.545711894525162 × 10^287 |
| 40 | ov_040 | 4.3055904278392274 × 10^287 |
| 39 | ov_039 | 5.176455152892399 × 10^287 |
| 31 | ov_031 | 5.7006224416234104 × 10^287 |
| 38 | ov_038 | 6.164743696957823 × 10^287 |
| 37 | ov_037 | 7.277239827865223 × 10^287 |
| 36 | ov_036 | 8.527877745867024 × 10^287 |
| 35 | ov_035 | 9.931349168881483 × 10^287 |
| 34 | ov_034 | 1.150315579866482 × 10^288 |
| 33 | ov_033 | 1.3259670417676146 × 10^288 |
| 30 | ov_030 | 2.920851286475665 × 10^288 |
| 29 | ov_029 | 9.550193987150595 × 10^288 |
| 28 | ov_028 | 2.47760040113467 × 10^289 |
| 27 | ov_027 | 5.53560161173854 × 10^289 |
| 26 | ov_026 | 1.106634442697864 × 10^290 |
| 25 | ov_025 | 2.0268701469585244 × 10^290 |
| 24 | ov_024 | 3.4603109210674364 × 10^290 |
| 23 | ov_023 | 5.579160488427243 × 10^290 |
| 22 | ov_022 | 8.581791534814235 × 10^290 |
| 21 | ov_021 | 1.2891136266260007 × 10^291 |
| 20 | ov_020 | 1.8982531572051718 × 10^291 |
| 19 | ov_019 | 2.7383798969557673 × 10^291 |
| 18 | ov_018 | 3.867536620088023 × 10^291 |
| 17 | ov_017 | 5.349044316552788 × 10^291 |
| 16 | ov_016 | 7.251526696450322 × 10^291 |
| 15 | ov_015 | 9.648943292326111 × 10^291 |
| 14 | ov_014 | 1.2620633055457145 × 10^292 |
| 13 | ov_013 | 1.6251370828140754 × 10^292 |
| 12 | ov_012 | 2.063144013916316 × 10^292 |
| 11 | ov_011 | 2.585672691424237 × 10^292 |
| 10 | ov_010 | 3.2028839365210394 × 10^292 |
| 9 | ov_009 | 3.9255259745459433 × 10^292 |
| 8 | ov_008 | 4.764953408548059 × 10^292 |
| 7 | ov_007 | 5.733150645203485 × 10^292 |
| 6 | ov_006 | 6.842760470873344 × 10^292 |
| 5 | ov_005 | 8.107118519600383 × 10^292 |
| 4 | ov_004 | 9.540294419637592 × 10^292 |
| 3 | ov_003 | 1.1157140395977107 × 10^293 |
| 2 | ov_002 | 1.2973347985620533 × 10^293 |
| 1 | ov_001 | 1.50055133939682 × 10^293 |

