# Results for F001-F002-F003-F004-F005-F006-F007-F008-F009-F010-F011-F012-F013-F014-F015-F016-F017-F018-F019-F020-F021-F022-F023-F024-F025-F026-F027-F028-F029-F030-F031-F032-F033-F034-F035-F036-F037-F038-F039-F040-F041-F042-F043-F044-F045-F046-F047-F048-F049-F050-F051-F052-F053-F054-F055-F056-F057-F058-F059-F060-F061-F062-F063-F064-F065-F066-F067-F068-F069-F070-F071-F072-F073-F074-F075-F076-F077-F078-F079-F080-F081-F082-F083-F084-F085-F086-F087-F088-F089-F090-F091-F092-F093-F094-F095-F096-F097-F098-F099-F100-F101-F102-F103-F104-F105-F106-F107-F108-F109-F110-F111-F112-F113-F114-F115-F116-F117-F118-F119-F120-F121-F122-F123-F124-F125-F126-F127-F128-F129-F130-F131-F132-F133-F134-F135-F136-F137-F138-F139-F140-F141-F142-F143-F144-F145-F146-F147-F148-F149-F150-F151-F152-F153-F154-F155-F156-F157-F158-F159-F160-F161-F162-F163-F164-F165-F166-F167-F168-F169-F170-F171-F172-F173-F174-F175-F176-F177-F178-F179-F180-F181-F182-F183-F184-F185-F186-F187-F188-F189-F190-F191-F192-F193-F194-F195-F196-F197-F198-F199-F200-F201-F202-F203-F204-F205-F206-F207-F208-F209-F210-F211-F212-F213-F214-F215-F216-F217-F218-F219-F220-F221-F222-F223-F224-F225-F226-F227-F228-F229-F230-F231-F232-F233-F234-F235-F236-F237-F238-F239-F240-F241-F242-F243-F244-F245-F246-F247-F248-F249-F250-F251-F252-F253-F254-F255-F256-F257-F258-F259-F260-F261-F262-F263-F264-F265-F266-F267-F268-F269-F270-F271-F272-F273-F274-F275-F276-F277-F278-F279-F280-F281-F282-F283-F284-F285-F286-F287-F288-F289-F290-F291-F292-F293-F294-F295-F296-F297-F298-F299-F300-F301-F302-F303-F304-F305-F306-F307-F308-F309-F310-F311-F312-F313-F314-F315-F316-F317-F318-F319-F320-F321-F322-F323-F324-F325-F326-F327-F328-F329-F330-F331-F332-F333-F334-F335-F336-F337-F338-F339-F340-F341-F342-F343-F344-F345-F346-F347-F348-F349-F350-F351-F352-F353-F354-F355-F356-F357-F358-F359-F360-F361-F362-F363-F364-F365-F366-F367-F368-F369-F370-F371-F372-F373-F374-F375-F376-F377-F378-F379-F380-F381-F382-F383-F384-F385-F386-F387-F388-F389-F390-F391-F392-F393-F394-F395-F396-F397-F398-F399-F400-F401-F402-F403-F404-F405-F406-F407-F408-F409-F410-F411-F412-F413-F414-F415-F416-F417-F418-F419-F420-F421-F422-F423-F424-F425-F426-F427-F428-F429-F430-F431-F432-F433-F434-F435-F436-F437-F438-F439-F440-F441-F442-F443-F444-F445-F446-F447-F448-F449-F450-F451-F452-F453-F454-F455-F456-F457-F458-F459-F460-F461-F462-F463-F464-F465-F466-F467-F468-F469-F470-F471-F472-F473-F474-F475-F476-F477-F478-F479-F480-F481-F482-F483-F484-F485-F486-F487-F488-F489-F490-F491-F492-F493-F494-F495-F496-T505-F507-F508-F509-F510-F511-F512

## Summary

Number of input bits: 512  
Number of free input bits: 9  
Number of output bits: 160

Number of direct occurrences: 36251  
Number of assignments: 30696  
Number of operations: 11143180
(xor: 11114850,
and: 15254,
or: 13076)

Total complexity: 2.0504978181420227 × 10^300

Least occurring input variable: iv_499 (3885)  
Most occurring input variable: iv_503 (4213)

Most co-occurring input variables: iv_501-iv_503 (1994)  
Least co-occurring input variables: iv_499-iv_502 (1737)

Potentially most occurring input variable: iv_497/iv_503 (4501)  
Potentially least occurring input variable: iv_502/iv_506 (4059)

Least output occurring input variable: iv_497 (61)  
Most output occurring input variable: iv_504 (85)

Most output co-occurring input variables: iv_500-iv_504 (47)  
Least output co-occurring input variables: iv_497-iv_502 (21)

Potentially most output occurring input variable: iv_501/iv_502 (88)  
Potentially least output occurring input variable: iv_499/iv_500 (64)

Least complex input bit: iv_497 (1.9672407893656785 × 10^298)  
Most complex input bit: iv_504 (6.442625949608932 × 10^299)

Least complex output bit: aaa_76_29 (9.973627257241909 × 10^274)  
Most complex output bit: ov_001 (3.3367608081933333 × 10^299)

Least complex input/output complexity: iv_497/aaa_76_29 (9.568664830940393 × 10^272)  
Most complex input/output complexity: iv_504/ov_001 (1.0484040304897042 × 10^299)

## Input Bits

### Input Bits in Regular Order

| Input Bit | Complexity | Occurrences | Output Occurrences |
|:---------:|:----------:|:-----------:|:------------------:|
| iv_497 | 1.9672407893656785 × 10^298 | 4036 | 61 |
| iv_498 | 4.0296324312683914 × 10^298 | 4036 | 83 |
| iv_499 | 7.296914276387596 × 10^298 | 3885 | 75 |
| iv_500 | 1.2513294828054473 × 10^299 | 4035 | 75 |
| iv_501 | 2.099691880640883 × 10^299 | 4159 | 76 |
| iv_502 | 3.4322213542593445 × 10^299 | 3893 | 66 |
| iv_503 | 5.516319525255833 × 10^299 | 4213 | 76 |
| iv_504 | 6.442625949608932 × 10^299 | 4034 | 85 |
| iv_506 | 4.334112391476469 × 10^298 | 3960 | 68 |

### Input Bits Sorted by Complexity

| Input Bit | Complexity | Occurrences | Output Occurrences |
|:---------:|:----------:|:-----------:|:------------------:|
| iv_497 | 1.9672407893656785 × 10^298 | 4036 | 61 |
| iv_498 | 4.0296324312683914 × 10^298 | 4036 | 83 |
| iv_506 | 4.334112391476469 × 10^298 | 3960 | 68 |
| iv_499 | 7.296914276387596 × 10^298 | 3885 | 75 |
| iv_500 | 1.2513294828054473 × 10^299 | 4035 | 75 |
| iv_501 | 2.099691880640883 × 10^299 | 4159 | 76 |
| iv_502 | 3.4322213542593445 × 10^299 | 3893 | 66 |
| iv_503 | 5.516319525255833 × 10^299 | 4213 | 76 |
| iv_504 | 6.442625949608932 × 10^299 | 4034 | 85 |

### Input Bits Sorted by Occurrences

| Input Bit | Complexity | Occurrences | Output Occurrences |
|:---------:|:----------:|:-----------:|:------------------:|
| iv_499 | 7.296914276387596 × 10^298 | 3885 | 75 |
| iv_502 | 3.4322213542593445 × 10^299 | 3893 | 66 |
| iv_506 | 4.334112391476469 × 10^298 | 3960 | 68 |
| iv_504 | 6.442625949608932 × 10^299 | 4034 | 85 |
| iv_500 | 1.2513294828054473 × 10^299 | 4035 | 75 |
| iv_498 | 4.0296324312683914 × 10^298 | 4036 | 83 |
| iv_497 | 1.9672407893656785 × 10^298 | 4036 | 61 |
| iv_501 | 2.099691880640883 × 10^299 | 4159 | 76 |
| iv_503 | 5.516319525255833 × 10^299 | 4213 | 76 |

### Input Bits Sorted by Output Occurrences

| Input Bit | Complexity | Occurrences | Output Occurrences |
|:---------:|:----------:|:-----------:|:------------------:|
| iv_497 | 1.9672407893656785 × 10^298 | 4036 | 61 |
| iv_502 | 3.4322213542593445 × 10^299 | 3893 | 66 |
| iv_506 | 4.334112391476469 × 10^298 | 3960 | 68 |
| iv_499 | 7.296914276387596 × 10^298 | 3885 | 75 |
| iv_500 | 1.2513294828054473 × 10^299 | 4035 | 75 |
| iv_501 | 2.099691880640883 × 10^299 | 4159 | 76 |
| iv_503 | 5.516319525255833 × 10^299 | 4213 | 76 |
| iv_498 | 4.0296324312683914 × 10^298 | 4036 | 83 |
| iv_504 | 6.442625949608932 × 10^299 | 4034 | 85 |

## Input Bit Co-occurrences

### Input Bit Co-occurrences Sorted by Co-occurrences

| Input Bits | Co-occurrences | Potential Occurrences | Output Co-occurrences | Potential Output Occurrences |
|:----------:|:--------------:|:---------------------:|:---------------------:|:----------------------------:|
| iv_501-iv_503 | 1994 | 4384 | 36 | 80 |
| iv_498-iv_500 | 1985 | 4101 | 39 | 80 |
| iv_500-iv_503 | 1978 | 4292 | 37 | 77 |
| iv_501-iv_504 | 1971 | 4251 | 43 | 75 |
| iv_497-iv_501 | 1962 | 4271 | 32 | 73 |
| iv_500-iv_501 | 1959 | 4276 | 40 | 71 |
| iv_503-iv_504 | 1952 | 4343 | 41 | 79 |
| iv_503-iv_506 | 1931 | 4311 | 30 | 84 |
| iv_498-iv_503 | 1927 | 4395 | 37 | 85 |

### Input Bit Co-occurrences Sorted by Potential Occurrences

| Input Bits | Co-occurrences | Potential Occurrences | Output Co-occurrences | Potential Output Occurrences |
|:----------:|:--------------:|:---------------------:|:---------------------:|:----------------------------:|
| iv_502-iv_506 | 1897 | 4059 | 32 | 70 |
| iv_498-iv_500 | 1985 | 4101 | 39 | 80 |
| iv_499-iv_506 | 1854 | 4137 | 35 | 73 |
| iv_499-iv_504 | 1879 | 4161 | 45 | 70 |
| iv_502-iv_504 | 1879 | 4169 | 42 | 67 |
| iv_500-iv_502 | 1874 | 4180 | 34 | 73 |
| iv_500-iv_506 | 1906 | 4183 | 37 | 69 |
| iv_497-iv_500 | 1927 | 4217 | 28 | 80 |
| iv_501-iv_502 | 1915 | 4222 | 27 | 88 |

### Input Bit Output Co-occurrences Sorted by Output Co-occurrences

| Input Bits | Co-occurrences | Potential Occurrences | Output Co-occurrences | Potential Output Occurrences |
|:----------:|:--------------:|:---------------------:|:---------------------:|:----------------------------:|
| iv_500-iv_504 | 1907 | 4255 | 47 | 66 |
| iv_499-iv_504 | 1879 | 4161 | 45 | 70 |
| iv_498-iv_504 | 1915 | 4240 | 44 | 80 |
| iv_501-iv_504 | 1971 | 4251 | 43 | 75 |
| iv_499-iv_500 | 1831 | 4258 | 43 | 64 |
| iv_502-iv_504 | 1879 | 4169 | 42 | 67 |
| iv_503-iv_504 | 1952 | 4343 | 41 | 79 |
| iv_500-iv_501 | 1959 | 4276 | 40 | 71 |
| iv_498-iv_499 | 1784 | 4353 | 39 | 80 |

### Input Bit Output Co-occurrences Sorted by Potential Output Occurrences

| Input Bits | Co-occurrences | Potential Occurrences | Output Co-occurrences | Potential Output Occurrences |
|:----------:|:--------------:|:---------------------:|:---------------------:|:----------------------------:|
| iv_499-iv_500 | 1831 | 4258 | 43 | 64 |
| iv_500-iv_504 | 1907 | 4255 | 47 | 66 |
| iv_502-iv_504 | 1879 | 4169 | 42 | 67 |
| iv_500-iv_506 | 1906 | 4183 | 37 | 69 |
| iv_499-iv_504 | 1879 | 4161 | 45 | 70 |
| iv_502-iv_506 | 1897 | 4059 | 32 | 70 |
| iv_500-iv_501 | 1959 | 4276 | 40 | 71 |
| iv_499-iv_506 | 1854 | 4137 | 35 | 73 |
| iv_497-iv_501 | 1962 | 4271 | 32 | 73 |

## Output Bits

### Output Bits in Regular Order

| Rank | Output Bit | Complexity |
|:----:|:----------:|:----------:|
| 1 | ov_001 | 3.3367608081933333 × 10^299 |
| 2 | ov_002 | 2.8848501763516285 × 10^299 |
| 3 | ov_003 | 2.480969399551474 × 10^299 |
| 4 | ov_004 | 2.1214271275042632 × 10^299 |
| 5 | ov_005 | 1.8027330549619027 × 10^299 |
| 6 | ov_006 | 1.5215834066212445 × 10^299 |
| 7 | ov_007 | 1.2748483624605863 × 10^299 |
| 8 | ov_008 | 1.0595613014289725 × 10^299 |
| 9 | ov_009 | 8.729097117709145 × 10^298 |
| 10 | ov_010 | 7.122275883920269 × 10^298 |
| 11 | ov_011 | 5.749891355707061 × 10^298 |
| 12 | ov_012 | 4.588036036724734 × 10^298 |
| 13 | ov_013 | 3.614110986926051 × 10^298 |
| 14 | ov_014 | 2.806792134816193 × 10^298 |
| 15 | ov_015 | 2.1460033943110437 × 10^298 |
| 16 | ov_016 | 1.6128953423054707 × 10^298 |
| 17 | ov_017 | 1.1898284506960588 × 10^298 |
| 18 | ov_018 | 8.603600217884333 × 10^297 |
| 19 | ov_019 | 6.092341006131985 × 10^297 |
| 20 | ov_020 | 4.2237381382370304 × 10^297 |
| 21 | ov_021 | 2.868756970770599 × 10^297 |
| 22 | ov_022 | 1.9100562113804912 × 10^297 |
| 23 | ov_023 | 1.241959752494003 × 10^297 |
| 24 | ov_024 | 7.704381459681401 × 10^296 |
| 25 | ov_025 | 4.513865354067044 × 10^296 |
| 26 | ov_026 | 2.465156551308795 × 10^296 |
| 27 | ov_027 | 1.2334976816439092 × 10^296 |
| 28 | ov_028 | 5.522580900244596 × 10^295 |
| 29 | ov_029 | 2.1293090292301236 × 10^295 |
| 30 | ov_030 | 6.513225963118426 × 10^294 |
| 31 | ov_031 | 1.271077336937545 × 10^294 |
| 32 | lv_80_m31 | 2.479716545631649 × 10^293 |
| 33 | ov_033 | 2.9473491857840684 × 10^294 |
| 34 | ov_034 | 2.5583107741675562 × 10^294 |
| 35 | ov_035 | 2.209608656690143 × 10^294 |
| 36 | ov_036 | 1.897454916401223 × 10^294 |
| 37 | ov_037 | 1.6182641978007094 × 10^294 |
| 38 | ov_038 | 1.3702925432155646 × 10^294 |
| 39 | ov_039 | 1.1503187760661254 × 10^294 |
| 40 | ov_040 | 9.56774869912197 × 10^293 |
| 41 | ov_041 | 7.881730921604688 × 10^293 |
| 42 | ov_042 | 6.431019381980319 × 10^293 |
| 43 | ov_043 | 5.202227442315521 × 10^293 |
| 44 | ov_044 | 4.17066070820078 × 10^293 |
| 45 | ov_045 | 3.312962314017086 × 10^293 |
| 46 | ov_046 | 2.6070804294534487 × 10^293 |
| 47 | ov_047 | 2.032242814142594 × 10^293 |
| 48 | ov_048 | 1.56893721665378 × 10^293 |
| 49 | ov_049 | 1.198896503724733 × 10^293 |
| 50 | ov_050 | 9.050874949823937 × 10^292 |
| 51 | ov_051 | 6.717026149102277 × 10^292 |
| 52 | ov_052 | 4.91143584651759 × 10^292 |
| 53 | ov_053 | 3.500371583653027 × 10^292 |
| 54 | ov_054 | 2.4199997553359555 × 10^292 |
| 55 | ov_055 | 1.6125392003542825 × 10^292 |
| 56 | ov_056 | 1.0262528300267533 × 10^292 |
| 57 | ov_057 | 6.154424607829745 × 10^291 |
| 58 | ov_058 | 3.404458438154344 × 10^291 |
| 59 | ov_059 | 1.6763510658383444 × 10^291 |
| 60 | ov_060 | 6.941603880359979 × 10^290 |
| 61 | ov_061 | 2.422783259365516 × 10^290 |
| 62 | ov_062 | 6.640515647872575 × 10^289 |
| 63 | ov_063 | 1.2930538553698026 × 10^289 |
| 64 | lv_79_m31 | 2.517223830329687 × 10^288 |
| 65 | ov_065 | 2.966795932316564 × 10^289 |
| 66 | ov_066 | 2.9667867790262924 × 10^289 |
| 67 | ov_067 | 2.9667845804452225 × 10^289 |
| 68 | ov_068 | 2.5584377805286477 × 10^289 |
| 69 | ov_069 | 2.1941233270751036 × 10^289 |
| 70 | ov_070 | 1.8704803941021198 × 10^289 |
| 71 | ov_071 | 1.5843160710143115 × 10^289 |
| 72 | ov_072 | 1.3325936879289444 × 10^289 |
| 73 | ov_073 | 1.1124231138393969 × 10^289 |
| 74 | ov_074 | 9.210527984665693 × 10^288 |
| 75 | ov_075 | 7.558633405993808 × 10^288 |
| 76 | ov_076 | 6.143623772483856 × 10^288 |
| 77 | ov_077 | 4.9418059911247066 × 10^288 |
| 78 | ov_078 | 3.9306870875728065 × 10^288 |
| 79 | ov_079 | 3.0889514858450145 × 10^288 |
| 80 | ov_080 | 2.3964443618244343 × 10^288 |
| 81 | ov_081 | 1.834159550303241 × 10^288 |
| 82 | ov_082 | 1.3842305881265553 × 10^288 |
| 83 | ov_083 | 1.029923710861303 × 10^288 |
| 84 | ov_084 | 7.556321076475895 × 10^287 |
| 85 | ov_085 | 5.468711879685579 × 10^287 |
| 86 | ov_086 | 3.902747596501176 × 10^287 |
| 87 | ov_087 | 2.7359201753322702 × 10^287 |
| 88 | ov_088 | 1.856852423434296 × 10^287 |
| 89 | ov_089 | 1.2126359952177053 × 10^287 |
| 90 | ov_090 | 7.559159887652216 × 10^286 |
| 91 | ov_091 | 4.448861838006059 × 10^286 |
| 92 | ov_092 | 2.4328607361585233 × 10^286 |
| 93 | ov_093 | 1.203991975631697 × 10^286 |
| 94 | ov_094 | 5.10523222410397 × 10^285 |
| 95 | aaa_78_28 | 1.561510744759009 × 10^285 |
| 96 | aaa_78_29 | 4.723864331691795 × 10^284 |
| 97 | ov_097 | 2.4683568963782275 × 10^284 |
| 98 | ov_098 | 2.4683404604579836 × 10^284 |
| 99 | ov_099 | 2.4683352197022463 × 10^284 |
| 100 | ov_100 | 2.0822641413402337 × 10^284 |
| 101 | ov_101 | 1.7436143999024854 × 10^284 |
| 102 | ov_102 | 1.44833029679232 × 10^284 |
| 103 | ov_103 | 1.1925755906368881 × 10^284 |
| 104 | ov_104 | 9.727174836300834 × 10^283 |
| 105 | ov_105 | 7.853127822660064 × 10^283 |
| 106 | ov_106 | 6.270960264726263 × 10^283 |
| 107 | ov_107 | 4.949693913479142 × 10^283 |
| 108 | ov_108 | 3.859941756077694 × 10^283 |
| 109 | ov_109 | 2.9738370054698476 × 10^283 |
| 110 | ov_110 | 2.264974528489471 × 10^283 |
| 111 | ov_111 | 1.708363140031105 × 10^283 |
| 112 | ov_112 | 1.280387284370295 × 10^283 |
| 113 | ov_113 | 9.587767176750419 × 10^282 |
| 114 | ov_114 | 7.225828984024491 × 10^282 |
| 115 | ov_115 | 5.521608846997933 × 10^282 |
| 116 | ov_116 | 4.291556301938872 × 10^282 |
| 117 | ov_117 | 3.3649166169654555 × 10^282 |
| 118 | ov_118 | 2.583653127105382 × 10^282 |
| 119 | ov_119 | 1.9351468240053826 × 10^282 |
| 120 | ov_120 | 1.4068074980201008 × 10^282 |
| 121 | ov_121 | 9.860640886721105 × 10^281 |
| 122 | ov_122 | 6.6035758893872166 × 10^281 |
| 123 | ov_123 | 4.171360439746138 × 10^281 |
| 124 | ov_124 | 2.438511848995845 × 10^281 |
| 125 | ov_125 | 1.279563487819871 × 10^281 |
| 126 | ov_126 | 5.690542065991958 × 10^280 |
| 127 | aaa_77_28 | 1.8152428732215131 × 10^280 |
| 128 | aaa_77_29 | 6.7947464772099 × 10^279 |
| 129 | ov_129 | 6.189246000869715 × 10^279 |
| 130 | ov_130 | 6.18922664195298 × 10^279 |
| 131 | ov_131 | 6.189221981852696 × 10^279 |
| 132 | ov_132 | 5.340651887723475 × 10^279 |
| 133 | ov_133 | 4.5833046941655763 × 10^279 |
| 134 | ov_134 | 3.910216044332209 × 10^279 |
| 135 | ov_135 | 3.314775167571308 × 10^279 |
| 136 | ov_136 | 2.790699593783605 × 10^279 |
| 137 | ov_137 | 2.332013922964585 × 10^279 |
| 138 | ov_138 | 1.9330322143911267 × 10^279 |
| 139 | ov_139 | 1.5883435813040563 × 10^279 |
| 140 | ov_140 | 1.2928005979241736 × 10^279 |
| 141 | ov_141 | 1.0415101463398864 × 10^279 |
| 142 | ov_142 | 8.2982635130856 × 10^278 |
| 143 | ov_143 | 6.533452713834519 × 10^278 |
| 144 | ov_144 | 5.079010350545879 × 10^278 |
| 145 | ov_145 | 3.895631308002019 × 10^278 |
| 146 | ov_146 | 2.9463458010097766 × 10^278 |
| 147 | ov_147 | 2.1965074258295005 × 10^278 |
| 148 | ov_148 | 1.6137853445102477 × 10^278 |
| 149 | ov_149 | 1.1681589592587657 × 10^278 |
| 150 | ov_150 | 8.319140358966237 × 10^277 |
| 151 | ov_151 | 5.796397371991869 × 10^277 |
| 152 | ov_152 | 3.8822635941194423 × 10^277 |
| 153 | ov_153 | 2.466940919121473 × 10^277 |
| 154 | ov_154 | 1.4521251470766465 × 10^277 |
| 155 | ov_155 | 7.510013003823593 × 10^276 |
| 156 | aaa_76_25 | 2.882408913420075 × 10^276 |
| 157 | aaa_76_26 | 1.6608120253606454 × 10^276 |
| 158 | aaa_76_27 | 8.479772476670884 × 10^275 |
| 159 | aaa_76_28 | 3.2906909638648225 × 10^275 |
| 160 | aaa_76_29 | 9.973627257241909 × 10^274 |

### Output Bits Sorted by Complexity

| Rank | Output Bit | Complexity |
|:----:|:----------:|:----------:|
| 160 | aaa_76_29 | 9.973627257241909 × 10^274 |
| 159 | aaa_76_28 | 3.2906909638648225 × 10^275 |
| 158 | aaa_76_27 | 8.479772476670884 × 10^275 |
| 157 | aaa_76_26 | 1.6608120253606454 × 10^276 |
| 156 | aaa_76_25 | 2.882408913420075 × 10^276 |
| 155 | ov_155 | 7.510013003823593 × 10^276 |
| 154 | ov_154 | 1.4521251470766465 × 10^277 |
| 153 | ov_153 | 2.466940919121473 × 10^277 |
| 152 | ov_152 | 3.8822635941194423 × 10^277 |
| 151 | ov_151 | 5.796397371991869 × 10^277 |
| 150 | ov_150 | 8.319140358966237 × 10^277 |
| 149 | ov_149 | 1.1681589592587657 × 10^278 |
| 148 | ov_148 | 1.6137853445102477 × 10^278 |
| 147 | ov_147 | 2.1965074258295005 × 10^278 |
| 146 | ov_146 | 2.9463458010097766 × 10^278 |
| 145 | ov_145 | 3.895631308002019 × 10^278 |
| 144 | ov_144 | 5.079010350545879 × 10^278 |
| 143 | ov_143 | 6.533452713834519 × 10^278 |
| 142 | ov_142 | 8.2982635130856 × 10^278 |
| 141 | ov_141 | 1.0415101463398864 × 10^279 |
| 140 | ov_140 | 1.2928005979241736 × 10^279 |
| 139 | ov_139 | 1.5883435813040563 × 10^279 |
| 138 | ov_138 | 1.9330322143911267 × 10^279 |
| 137 | ov_137 | 2.332013922964585 × 10^279 |
| 136 | ov_136 | 2.790699593783605 × 10^279 |
| 135 | ov_135 | 3.314775167571308 × 10^279 |
| 134 | ov_134 | 3.910216044332209 × 10^279 |
| 133 | ov_133 | 4.5833046941655763 × 10^279 |
| 132 | ov_132 | 5.340651887723475 × 10^279 |
| 131 | ov_131 | 6.189221981852696 × 10^279 |
| 130 | ov_130 | 6.18922664195298 × 10^279 |
| 129 | ov_129 | 6.189246000869715 × 10^279 |
| 128 | aaa_77_29 | 6.7947464772099 × 10^279 |
| 127 | aaa_77_28 | 1.8152428732215131 × 10^280 |
| 126 | ov_126 | 5.690542065991958 × 10^280 |
| 125 | ov_125 | 1.279563487819871 × 10^281 |
| 124 | ov_124 | 2.438511848995845 × 10^281 |
| 123 | ov_123 | 4.171360439746138 × 10^281 |
| 122 | ov_122 | 6.6035758893872166 × 10^281 |
| 121 | ov_121 | 9.860640886721105 × 10^281 |
| 120 | ov_120 | 1.4068074980201008 × 10^282 |
| 119 | ov_119 | 1.9351468240053826 × 10^282 |
| 118 | ov_118 | 2.583653127105382 × 10^282 |
| 117 | ov_117 | 3.3649166169654555 × 10^282 |
| 116 | ov_116 | 4.291556301938872 × 10^282 |
| 115 | ov_115 | 5.521608846997933 × 10^282 |
| 114 | ov_114 | 7.225828984024491 × 10^282 |
| 113 | ov_113 | 9.587767176750419 × 10^282 |
| 112 | ov_112 | 1.280387284370295 × 10^283 |
| 111 | ov_111 | 1.708363140031105 × 10^283 |
| 110 | ov_110 | 2.264974528489471 × 10^283 |
| 109 | ov_109 | 2.9738370054698476 × 10^283 |
| 108 | ov_108 | 3.859941756077694 × 10^283 |
| 107 | ov_107 | 4.949693913479142 × 10^283 |
| 106 | ov_106 | 6.270960264726263 × 10^283 |
| 105 | ov_105 | 7.853127822660064 × 10^283 |
| 104 | ov_104 | 9.727174836300834 × 10^283 |
| 103 | ov_103 | 1.1925755906368881 × 10^284 |
| 102 | ov_102 | 1.44833029679232 × 10^284 |
| 101 | ov_101 | 1.7436143999024854 × 10^284 |
| 100 | ov_100 | 2.0822641413402337 × 10^284 |
| 99 | ov_099 | 2.4683352197022463 × 10^284 |
| 98 | ov_098 | 2.4683404604579836 × 10^284 |
| 97 | ov_097 | 2.4683568963782275 × 10^284 |
| 96 | aaa_78_29 | 4.723864331691795 × 10^284 |
| 95 | aaa_78_28 | 1.561510744759009 × 10^285 |
| 94 | ov_094 | 5.10523222410397 × 10^285 |
| 93 | ov_093 | 1.203991975631697 × 10^286 |
| 92 | ov_092 | 2.4328607361585233 × 10^286 |
| 91 | ov_091 | 4.448861838006059 × 10^286 |
| 90 | ov_090 | 7.559159887652216 × 10^286 |
| 89 | ov_089 | 1.2126359952177053 × 10^287 |
| 88 | ov_088 | 1.856852423434296 × 10^287 |
| 87 | ov_087 | 2.7359201753322702 × 10^287 |
| 86 | ov_086 | 3.902747596501176 × 10^287 |
| 85 | ov_085 | 5.468711879685579 × 10^287 |
| 84 | ov_084 | 7.556321076475895 × 10^287 |
| 83 | ov_083 | 1.029923710861303 × 10^288 |
| 82 | ov_082 | 1.3842305881265553 × 10^288 |
| 81 | ov_081 | 1.834159550303241 × 10^288 |
| 80 | ov_080 | 2.3964443618244343 × 10^288 |
| 64 | lv_79_m31 | 2.517223830329687 × 10^288 |
| 79 | ov_079 | 3.0889514858450145 × 10^288 |
| 78 | ov_078 | 3.9306870875728065 × 10^288 |
| 77 | ov_077 | 4.9418059911247066 × 10^288 |
| 76 | ov_076 | 6.143623772483856 × 10^288 |
| 75 | ov_075 | 7.558633405993808 × 10^288 |
| 74 | ov_074 | 9.210527984665693 × 10^288 |
| 73 | ov_073 | 1.1124231138393969 × 10^289 |
| 63 | ov_063 | 1.2930538553698026 × 10^289 |
| 72 | ov_072 | 1.3325936879289444 × 10^289 |
| 71 | ov_071 | 1.5843160710143115 × 10^289 |
| 70 | ov_070 | 1.8704803941021198 × 10^289 |
| 69 | ov_069 | 2.1941233270751036 × 10^289 |
| 68 | ov_068 | 2.5584377805286477 × 10^289 |
| 67 | ov_067 | 2.9667845804452225 × 10^289 |
| 66 | ov_066 | 2.9667867790262924 × 10^289 |
| 65 | ov_065 | 2.966795932316564 × 10^289 |
| 62 | ov_062 | 6.640515647872575 × 10^289 |
| 61 | ov_061 | 2.422783259365516 × 10^290 |
| 60 | ov_060 | 6.941603880359979 × 10^290 |
| 59 | ov_059 | 1.6763510658383444 × 10^291 |
| 58 | ov_058 | 3.404458438154344 × 10^291 |
| 57 | ov_057 | 6.154424607829745 × 10^291 |
| 56 | ov_056 | 1.0262528300267533 × 10^292 |
| 55 | ov_055 | 1.6125392003542825 × 10^292 |
| 54 | ov_054 | 2.4199997553359555 × 10^292 |
| 53 | ov_053 | 3.500371583653027 × 10^292 |
| 52 | ov_052 | 4.91143584651759 × 10^292 |
| 51 | ov_051 | 6.717026149102277 × 10^292 |
| 50 | ov_050 | 9.050874949823937 × 10^292 |
| 49 | ov_049 | 1.198896503724733 × 10^293 |
| 48 | ov_048 | 1.56893721665378 × 10^293 |
| 47 | ov_047 | 2.032242814142594 × 10^293 |
| 32 | lv_80_m31 | 2.479716545631649 × 10^293 |
| 46 | ov_046 | 2.6070804294534487 × 10^293 |
| 45 | ov_045 | 3.312962314017086 × 10^293 |
| 44 | ov_044 | 4.17066070820078 × 10^293 |
| 43 | ov_043 | 5.202227442315521 × 10^293 |
| 42 | ov_042 | 6.431019381980319 × 10^293 |
| 41 | ov_041 | 7.881730921604688 × 10^293 |
| 40 | ov_040 | 9.56774869912197 × 10^293 |
| 39 | ov_039 | 1.1503187760661254 × 10^294 |
| 31 | ov_031 | 1.271077336937545 × 10^294 |
| 38 | ov_038 | 1.3702925432155646 × 10^294 |
| 37 | ov_037 | 1.6182641978007094 × 10^294 |
| 36 | ov_036 | 1.897454916401223 × 10^294 |
| 35 | ov_035 | 2.209608656690143 × 10^294 |
| 34 | ov_034 | 2.5583107741675562 × 10^294 |
| 33 | ov_033 | 2.9473491857840684 × 10^294 |
| 30 | ov_030 | 6.513225963118426 × 10^294 |
| 29 | ov_029 | 2.1293090292301236 × 10^295 |
| 28 | ov_028 | 5.522580900244596 × 10^295 |
| 27 | ov_027 | 1.2334976816439092 × 10^296 |
| 26 | ov_026 | 2.465156551308795 × 10^296 |
| 25 | ov_025 | 4.513865354067044 × 10^296 |
| 24 | ov_024 | 7.704381459681401 × 10^296 |
| 23 | ov_023 | 1.241959752494003 × 10^297 |
| 22 | ov_022 | 1.9100562113804912 × 10^297 |
| 21 | ov_021 | 2.868756970770599 × 10^297 |
| 20 | ov_020 | 4.2237381382370304 × 10^297 |
| 19 | ov_019 | 6.092341006131985 × 10^297 |
| 18 | ov_018 | 8.603600217884333 × 10^297 |
| 17 | ov_017 | 1.1898284506960588 × 10^298 |
| 16 | ov_016 | 1.6128953423054707 × 10^298 |
| 15 | ov_015 | 2.1460033943110437 × 10^298 |
| 14 | ov_014 | 2.806792134816193 × 10^298 |
| 13 | ov_013 | 3.614110986926051 × 10^298 |
| 12 | ov_012 | 4.588036036724734 × 10^298 |
| 11 | ov_011 | 5.749891355707061 × 10^298 |
| 10 | ov_010 | 7.122275883920269 × 10^298 |
| 9 | ov_009 | 8.729097117709145 × 10^298 |
| 8 | ov_008 | 1.0595613014289725 × 10^299 |
| 7 | ov_007 | 1.2748483624605863 × 10^299 |
| 6 | ov_006 | 1.5215834066212445 × 10^299 |
| 5 | ov_005 | 1.8027330549619027 × 10^299 |
| 4 | ov_004 | 2.1214271275042632 × 10^299 |
| 3 | ov_003 | 2.480969399551474 × 10^299 |
| 2 | ov_002 | 2.8848501763516285 × 10^299 |
| 1 | ov_001 | 3.3367608081933333 × 10^299 |

