# Results for F001-F002-F003-F004-F005-F006-F007-F008-F009-F010-F011-F012-F013-F014-F015-F016-F017-F018-F019-F020-F021-F022-F023-F024-F025-F026-F027-F028-F029-F030-F031-F032-F033-F034-F035-F036-F037-F038-F039-F040-F041-F042-F043-F044-F045-F046-F047-F048-F049-F050-F051-F052-F053-F054-F055-F056-F057-F058-F059-F060-F061-F062-F063-F064-F065-F066-F067-F068-F069-F070-F071-F072-F073-F074-F075-F076-F077-F078-F079-F080-F081-F082-F083-F084-F085-F086-F087-F088-F089-F090-F091-F092-F093-F094-F095-F096-F097-F098-F099-F100-F101-F102-F103-F104-F105-F106-F107-F108-F109-F110-F111-F112-F113-F114-F115-F116-F117-F118-F119-F120-F121-F122-F123-F124-F125-F126-F127-F128-F129-F130-F131-F132-F133-F134-F135-F136-F137-F138-F139-F140-F141-F142-F143-F144-F145-F146-F147-F148-F149-F150-F151-F152-F153-F154-F155-F156-F157-F158-F159-F160-F161-F162-F163-F164-F165-F166-F167-F168-F169-F170-F171-F172-F173-F174-F175-F176-F177-F178-F179-F180-F181-F182-F183-F184-F185-F186-F187-F188-F189-F190-F191-F192-F193-F194-F195-F196-F197-F198-F199-F200-F201-F202-F203-F204-F205-F206-F207-F208-F209-F210-F211-F212-F213-F214-F215-F216-F217-F218-F219-F220-F221-F222-F223-F224-F225-F226-F227-F228-F229-F230-F231-F232-F233-F234-F235-F236-F237-F238-F239-F240-F241-F242-F243-F244-F245-F246-F247-F248-F249-F250-F251-F252-F253-F254-F255-F256-F257-F258-F259-F260-F261-F262-F263-F264-F265-F266-F267-F268-F269-F270-F271-F272-F273-F274-F275-F276-F277-F278-F279-F280-F281-F282-F283-F284-F285-F286-F287-F288-F289-F290-F291-F292-F293-F294-F295-F296-F297-F298-F299-F300-F301-F302-F303-F304-F305-F306-F307-F308-F309-F310-F311-F312-F313-F314-F315-F316-F317-F318-F319-F320-F321-F322-F323-F324-F325-F326-F327-F328-F329-F330-F331-F332-F333-F334-F335-F336-F337-F338-F339-F340-F341-F342-F343-F344-F345-F346-F347-F348-F349-F350-F351-F352-F353-F354-F355-F356-F357-F358-F359-F360-F361-F362-F363-F364-F365-F366-F367-F368-F369-F370-F371-F372-F373-F374-F375-F376-F377-F378-F379-F380-F381-F382-F383-F384-F385-F386-F387-F388-F389-F390-F391-F392-F393-F394-F395-F396-F397-F398-F399-F400-F401-F402-F403-F404-F405-F406-F407-F408-F409-F410-F411-F412-F413-F414-F415-F416-F417-F418-F419-F420-F421-F422-F423-F424-F425-F426-F427-F428-F429-F430-F431-F432-F433-F434-F435-F436-F437-F438-F439-F440-F441-F442-F443-F444-F445-F446-F447-F448-F449-F450-F451-F452-F453-F454-F455-F456-F457-F458-F459-F460-F461-F462-F463-F464-F465-F466-F467-F468-F469-F470-F471-F472-F473-F474-F475-F476-F477-F478-F479-F480-F481-F482-F483-F484-F485-F486-F487-F488-F489-F490-F491-F492-F493-F494-F495-F496-O500502-O500505-F508-F509-F510-F511-F512

## Summary

Number of input bits: 512  
Number of free input bits: 9  
Number of output bits: 160

Number of direct occurrences: 36662  
Number of assignments: 30974  
Number of operations: 11196567
(xor: 11168185,
and: 15180,
or: 13202)

Total complexity: 3.165927574718834 × 10^301

Least occurring input variable: iv_504 (3893)  
Most occurring input variable: iv_500 (4265)

Most co-occurring input variables: iv_501-iv_507 (2048)  
Least co-occurring input variables: iv_499-iv_500 (1795)

Potentially most occurring input variable: iv_499/iv_500 (4574)  
Potentially least occurring input variable: iv_498/iv_504 (4071)

Least output occurring input variable: iv_499 (70)  
Most output occurring input variable: iv_503 (83)

Most output co-occurring input variables: iv_500-iv_504 (46)  
Least output co-occurring input variables: iv_497-iv_500 (32)

Potentially most output occurring input variable: iv_504/iv_507 (93)  
Potentially least output occurring input variable: iv_497/iv_498 (65)

Least complex input bit: iv_497 (1.251460029533923 × 10^299)  
Most complex input bit: iv_500 (1.3143393275147516 × 10^301)

Least complex output bit: aaa_76_29 (2.3458731525863124 × 10^276)  
Most complex output bit: ov_001 (5.108536659299549 × 10^300)

Least complex input/output complexity: iv_497/aaa_76_29 (9.273005826986518 × 10^273)  
Most complex input/output complexity: iv_500/ov_001 (2.1208162470250205 × 10^300)

## Input Bits

### Input Bits in Regular Order

| Input Bit | Complexity | Occurrences | Output Occurrences |
|:---------:|:----------:|:-----------:|:------------------:|
| iv_497 | 1.251460029533923 × 10^299 | 4138 | 74 |
| iv_498 | 1.7500694600857385 × 10^299 | 3944 | 77 |
| iv_499 | 2.934568246922044 × 10^299 | 3899 | 70 |
| iv_500 | 1.3143393275147516 × 10^301 | 4265 | 75 |
| iv_501 | 1.29747800018745 × 10^300 | 4101 | 77 |
| iv_503 | 4.592328593224733 × 10^300 | 4110 | 83 |
| iv_504 | 7.6333425270538 × 10^300 | 3893 | 83 |
| iv_506 | 2.0245387361405794 × 10^300 | 4120 | 77 |
| iv_507 | 2.3745848417800995 × 10^300 | 4192 | 80 |

### Input Bits Sorted by Complexity

| Input Bit | Complexity | Occurrences | Output Occurrences |
|:---------:|:----------:|:-----------:|:------------------:|
| iv_497 | 1.251460029533923 × 10^299 | 4138 | 74 |
| iv_498 | 1.7500694600857385 × 10^299 | 3944 | 77 |
| iv_499 | 2.934568246922044 × 10^299 | 3899 | 70 |
| iv_501 | 1.29747800018745 × 10^300 | 4101 | 77 |
| iv_506 | 2.0245387361405794 × 10^300 | 4120 | 77 |
| iv_507 | 2.3745848417800995 × 10^300 | 4192 | 80 |
| iv_503 | 4.592328593224733 × 10^300 | 4110 | 83 |
| iv_504 | 7.6333425270538 × 10^300 | 3893 | 83 |
| iv_500 | 1.3143393275147516 × 10^301 | 4265 | 75 |

### Input Bits Sorted by Occurrences

| Input Bit | Complexity | Occurrences | Output Occurrences |
|:---------:|:----------:|:-----------:|:------------------:|
| iv_504 | 7.6333425270538 × 10^300 | 3893 | 83 |
| iv_499 | 2.934568246922044 × 10^299 | 3899 | 70 |
| iv_498 | 1.7500694600857385 × 10^299 | 3944 | 77 |
| iv_501 | 1.29747800018745 × 10^300 | 4101 | 77 |
| iv_503 | 4.592328593224733 × 10^300 | 4110 | 83 |
| iv_506 | 2.0245387361405794 × 10^300 | 4120 | 77 |
| iv_497 | 1.251460029533923 × 10^299 | 4138 | 74 |
| iv_507 | 2.3745848417800995 × 10^300 | 4192 | 80 |
| iv_500 | 1.3143393275147516 × 10^301 | 4265 | 75 |

### Input Bits Sorted by Output Occurrences

| Input Bit | Complexity | Occurrences | Output Occurrences |
|:---------:|:----------:|:-----------:|:------------------:|
| iv_499 | 2.934568246922044 × 10^299 | 3899 | 70 |
| iv_497 | 1.251460029533923 × 10^299 | 4138 | 74 |
| iv_500 | 1.3143393275147516 × 10^301 | 4265 | 75 |
| iv_498 | 1.7500694600857385 × 10^299 | 3944 | 77 |
| iv_506 | 2.0245387361405794 × 10^300 | 4120 | 77 |
| iv_501 | 1.29747800018745 × 10^300 | 4101 | 77 |
| iv_507 | 2.3745848417800995 × 10^300 | 4192 | 80 |
| iv_504 | 7.6333425270538 × 10^300 | 3893 | 83 |
| iv_503 | 4.592328593224733 × 10^300 | 4110 | 83 |

## Input Bit Co-occurrences

### Input Bit Co-occurrences Sorted by Co-occurrences

| Input Bits | Co-occurrences | Potential Occurrences | Output Co-occurrences | Potential Output Occurrences |
|:----------:|:--------------:|:---------------------:|:---------------------:|:----------------------------:|
| iv_501-iv_507 | 2048 | 4197 | 41 | 75 |
| iv_500-iv_507 | 2030 | 4397 | 39 | 77 |
| iv_501-iv_503 | 1988 | 4235 | 36 | 88 |
| iv_497-iv_503 | 1986 | 4276 | 38 | 81 |
| iv_500-iv_506 | 1972 | 4441 | 37 | 78 |
| iv_503-iv_507 | 1971 | 4360 | 43 | 77 |
| iv_497-iv_507 | 1960 | 4410 | 38 | 78 |
| iv_497-iv_501 | 1958 | 4323 | 35 | 81 |
| iv_500-iv_501 | 1953 | 4460 | 38 | 76 |

### Input Bit Co-occurrences Sorted by Potential Occurrences

| Input Bits | Co-occurrences | Potential Occurrences | Output Co-occurrences | Potential Output Occurrences |
|:----------:|:--------------:|:---------------------:|:---------------------:|:----------------------------:|
| iv_498-iv_504 | 1883 | 4071 | 40 | 80 |
| iv_499-iv_504 | 1818 | 4156 | 38 | 77 |
| iv_504-iv_506 | 1914 | 4185 | 38 | 84 |
| iv_498-iv_501 | 1926 | 4193 | 36 | 82 |
| iv_501-iv_507 | 2048 | 4197 | 41 | 75 |
| iv_497-iv_499 | 1912 | 4213 | 33 | 78 |
| iv_504-iv_507 | 1934 | 4217 | 35 | 93 |
| iv_498-iv_506 | 1922 | 4220 | 38 | 78 |
| iv_501-iv_504 | 1883 | 4228 | 36 | 88 |

### Input Bit Output Co-occurrences Sorted by Output Co-occurrences

| Input Bits | Co-occurrences | Potential Occurrences | Output Co-occurrences | Potential Output Occurrences |
|:----------:|:--------------:|:---------------------:|:---------------------:|:----------------------------:|
| iv_500-iv_504 | 1885 | 4388 | 46 | 66 |
| iv_498-iv_503 | 1900 | 4254 | 45 | 70 |
| iv_497-iv_498 | 1881 | 4320 | 43 | 65 |
| iv_503-iv_506 | 1930 | 4370 | 43 | 74 |
| iv_503-iv_507 | 1971 | 4360 | 43 | 77 |
| iv_501-iv_506 | 1941 | 4339 | 41 | 72 |
| iv_501-iv_507 | 2048 | 4197 | 41 | 75 |
| iv_499-iv_503 | 1872 | 4265 | 40 | 73 |
| iv_503-iv_504 | 1872 | 4259 | 40 | 86 |

### Input Bit Output Co-occurrences Sorted by Potential Output Occurrences

| Input Bits | Co-occurrences | Potential Occurrences | Output Co-occurrences | Potential Output Occurrences |
|:----------:|:--------------:|:---------------------:|:---------------------:|:----------------------------:|
| iv_497-iv_498 | 1881 | 4320 | 43 | 65 |
| iv_500-iv_504 | 1885 | 4388 | 46 | 66 |
| iv_498-iv_503 | 1900 | 4254 | 45 | 70 |
| iv_501-iv_506 | 1941 | 4339 | 41 | 72 |
| iv_499-iv_500 | 1795 | 4574 | 36 | 73 |
| iv_499-iv_503 | 1872 | 4265 | 40 | 73 |
| iv_503-iv_506 | 1930 | 4370 | 43 | 74 |
| iv_501-iv_507 | 2048 | 4197 | 41 | 75 |
| iv_500-iv_501 | 1953 | 4460 | 38 | 76 |

## Output Bits

### Output Bits in Regular Order

| Rank | Output Bit | Complexity |
|:----:|:----------:|:----------:|
| 1 | ov_001 | 5.108536659299549 × 10^300 |
| 2 | ov_002 | 4.423672055627925 × 10^300 |
| 3 | ov_003 | 3.810829891428434 × 10^300 |
| 4 | ov_004 | 3.26451764928163 × 10^300 |
| 5 | ov_005 | 2.7795423366644523 × 10^300 |
| 6 | ov_006 | 2.350988972081612 × 10^300 |
| 7 | ov_007 | 1.9742018734224682 × 10^300 |
| 8 | ov_008 | 1.6447685810433692 × 10^300 |
| 9 | ov_009 | 1.3585062074410004 × 10^300 |
| 10 | ov_010 | 1.1114499671590633 × 10^300 |
| 11 | ov_011 | 8.998436377006719 × 10^299 |
| 12 | ov_012 | 7.201317164220958 × 10^299 |
| 13 | ov_013 | 5.689530523295492 × 10^299 |
| 14 | ov_014 | 4.431357454501094 × 10^299 |
| 15 | ov_015 | 3.3969312004956284 × 10^299 |
| 16 | ov_016 | 2.558205914626821 × 10^299 |
| 17 | ov_017 | 1.8889325971463859 × 10^299 |
| 18 | ov_018 | 1.3646407646810116 × 10^299 |
| 19 | ov_019 | 9.626245224493622 × 10^298 |
| 20 | ov_020 | 6.619320462779195 × 10^298 |
| 21 | ov_021 | 4.433577939983745 × 10^298 |
| 22 | ov_022 | 2.8943691139934146 × 10^298 |
| 23 | ov_023 | 1.8444136416847585 × 10^298 |
| 24 | ov_024 | 1.1437739349972447 × 10^298 |
| 25 | ov_025 | 6.698395926702848 × 10^297 |
| 26 | ov_026 | 3.6563578728625517 × 10^297 |
| 27 | ov_027 | 1.8284560443570145 × 10^297 |
| 28 | ov_028 | 8.18088644976276 × 10^296 |
| 29 | ov_029 | 3.1521719386840876 × 10^296 |
| 30 | ov_030 | 9.636546849353253 × 10^295 |
| 31 | ov_031 | 1.8797485107117094 × 10^295 |
| 32 | lv_80_m31 | 3.6662410958617824 × 10^294 |
| 33 | ov_033 | 4.385713894106948 × 10^295 |
| 34 | ov_034 | 3.803533229711909 × 10^295 |
| 35 | ov_035 | 3.282772275843519 × 10^295 |
| 36 | ov_036 | 2.8182277592233286 × 10^295 |
| 37 | ov_037 | 2.4049756869547657 × 10^295 |
| 38 | ov_038 | 2.0383515773425112 × 10^295 |
| 39 | ov_039 | 1.7139334172495743 × 10^295 |
| 40 | ov_040 | 1.4275270833072724 × 10^295 |
| 41 | ov_041 | 1.177090809917891 × 10^295 |
| 42 | ov_042 | 9.606877648536606 × 10^294 |
| 43 | ov_043 | 7.764813222593062 × 10^294 |
| 44 | ov_044 | 6.210839565070441 × 10^294 |
| 45 | ov_045 | 4.912918262509273 × 10^294 |
| 46 | ov_046 | 3.840801967650674 × 10^294 |
| 47 | ov_047 | 2.965998504752885 × 10^294 |
| 48 | ov_048 | 2.2617432473059795 × 10^294 |
| 49 | ov_049 | 1.7029782799131486 × 10^294 |
| 50 | ov_050 | 1.2663369767591869 × 10^294 |
| 51 | ov_051 | 9.301327492208596 × 10^293 |
| 52 | ov_052 | 6.7435089047548696 × 10^293 |
| 53 | ov_053 | 4.806427236545771 × 10^293 |
| 54 | ov_054 | 3.3232151625643184 × 10^293 |
| 55 | ov_055 | 2.2145897392522306 × 10^293 |
| 56 | ov_056 | 1.4095586887767655 × 10^293 |
| 57 | ov_057 | 8.454137957938276 × 10^292 |
| 58 | ov_058 | 4.677271440018129 × 10^292 |
| 59 | ov_059 | 2.3034916090803827 × 10^292 |
| 60 | ov_060 | 9.540773125149291 × 10^291 |
| 61 | ov_061 | 3.330787759605344 × 10^291 |
| 62 | ov_062 | 9.131584847422568 × 10^290 |
| 63 | ov_063 | 1.7786204558020603 × 10^290 |
| 64 | lv_79_m31 | 3.463483797026001 × 10^289 |
| 65 | ov_065 | 4.090149190447825 × 10^290 |
| 66 | ov_066 | 4.0901381571205406 × 10^290 |
| 67 | ov_067 | 4.0901355480746945 × 10^290 |
| 68 | ov_068 | 3.5309254627075703 × 10^290 |
| 69 | ov_069 | 3.031472851173281 × 10^290 |
| 70 | ov_070 | 2.5872775760398975 × 10^290 |
| 71 | ov_071 | 2.194050639408154 × 10^290 |
| 72 | ov_072 | 1.8477022595802497 × 10^290 |
| 73 | ov_073 | 1.5443325985778296 × 10^290 |
| 74 | ov_074 | 1.2802245988470938 × 10^290 |
| 75 | ov_075 | 1.0518384158707572 × 10^290 |
| 76 | ov_076 | 8.558069607379985 × 10^289 |
| 77 | ov_077 | 6.889321426774763 × 10^289 |
| 78 | ov_078 | 5.481815727043803 × 10^289 |
| 79 | ov_079 | 4.3068565093634125 × 10^289 |
| 80 | ov_080 | 3.337350130532873 × 10^289 |
| 81 | ov_081 | 2.5477831161575767 × 10^289 |
| 82 | ov_082 | 1.914203081334361 × 10^289 |
| 83 | ov_083 | 1.4142025190582192 × 10^289 |
| 84 | ov_084 | 1.0269052175162812 × 10^289 |
| 85 | ov_085 | 7.329550681092418 × 10^288 |
| 86 | ov_086 | 5.1450702650493123 × 10^288 |
| 87 | ov_087 | 3.552199893351411 × 10^288 |
| 88 | ov_088 | 2.4025134933833368 × 10^288 |
| 89 | ov_089 | 1.5625299186242038 × 10^288 |
| 90 | ov_090 | 9.692406497387851 × 10^287 |
| 91 | ov_091 | 5.6708999399862754 × 10^287 |
| 92 | ov_092 | 3.079680482616561 × 10^287 |
| 93 | ov_093 | 1.5120674122997472 × 10^287 |
| 94 | ov_094 | 6.357788751193703 × 10^286 |
| 95 | aaa_78_28 | 1.929239264028771 × 10^286 |
| 96 | aaa_78_29 | 5.76412212703836 × 10^285 |
| 97 | ov_097 | 3.051458417530865 × 10^285 |
| 98 | ov_098 | 3.05141920593367 × 10^285 |
| 99 | ov_099 | 3.05140667333671 × 10^285 |
| 100 | ov_100 | 2.498058159417686 × 10^285 |
| 101 | ov_101 | 2.0317220423168324 × 10^285 |
| 102 | ov_102 | 1.6427877559141834 × 10^285 |
| 103 | ov_103 | 1.322168781353962 × 10^285 |
| 104 | ov_104 | 1.061264196738975 × 10^285 |
| 105 | ov_105 | 8.519253668331475 × 10^284 |
| 106 | ov_106 | 6.864272932600562 × 10^284 |
| 107 | ov_107 | 5.574441698797591 × 10^284 |
| 108 | ov_108 | 4.580287114346159 × 10^284 |
| 109 | ov_109 | 3.8159484635248696 × 10^284 |
| 110 | ov_110 | 3.2190338693026473 × 10^284 |
| 111 | ov_111 | 2.7305031211573248 × 10^284 |
| 112 | ov_112 | 2.2945731986018727 × 10^284 |
| 113 | ov_113 | 1.908120420062562 × 10^284 |
| 114 | ov_114 | 1.5680659207978787 × 10^284 |
| 115 | ov_115 | 1.2713645279481906 × 10^284 |
| 116 | ov_116 | 1.014995993623588 × 10^284 |
| 117 | ov_117 | 7.959583727288573 × 10^283 |
| 118 | ov_118 | 6.112631308731081 × 10^283 |
| 119 | ov_119 | 4.579313929348963 × 10^283 |
| 120 | ov_120 | 3.3299099765388404 × 10^283 |
| 121 | ov_121 | 2.334742517698288 × 10^283 |
| 122 | ov_122 | 1.564162772448103 × 10^283 |
| 123 | ov_123 | 9.885384511025508 × 10^282 |
| 124 | ov_124 | 5.782458948012096 × 10^282 |
| 125 | ov_125 | 3.0366521090164576 × 10^282 |
| 126 | ov_126 | 1.3517779413901246 × 10^282 |
| 127 | aaa_77_28 | 4.316537620357939 × 10^281 |
| 128 | aaa_77_29 | 1.618348528398423 × 10^281 |
| 129 | ov_129 | 1.4784627049450194 × 10^281 |
| 130 | ov_130 | 1.478458142268442 × 10^281 |
| 131 | ov_131 | 1.4784570410097047 × 10^281 |
| 132 | ov_132 | 1.2794326911219725 × 10^281 |
| 133 | ov_133 | 1.1012018674600651 × 10^281 |
| 134 | ov_134 | 9.42129320552614 × 10^280 |
| 135 | ov_135 | 8.006652878216841 × 10^280 |
| 136 | ov_136 | 6.753393182135755 × 10^280 |
| 137 | ov_137 | 5.654353009519826 × 10^280 |
| 138 | ov_138 | 4.696263948489749 × 10^280 |
| 139 | ov_139 | 3.8665162351704947 × 10^280 |
| 140 | ov_140 | 3.153128309772564 × 10^280 |
| 141 | ov_141 | 2.544722231535972 × 10^280 |
| 142 | ov_142 | 2.03050418788285 × 10^280 |
| 143 | ov_143 | 1.6002493773851333 × 10^280 |
| 144 | ov_144 | 1.2442905901623922 × 10^280 |
| 145 | ov_145 | 9.535098531676466 × 10^279 |
| 146 | ov_146 | 7.193325515476156 × 10^279 |
| 147 | ov_147 | 5.337234809080151 × 10^279 |
| 148 | ov_148 | 3.8918432889317454 × 10^279 |
| 149 | ov_149 | 2.7875212801715386 × 10^279 |
| 150 | ov_150 | 1.9599828565172746 × 10^279 |
| 151 | ov_151 | 1.3502791702421274 × 10^279 |
| 152 | ov_152 | 9.047935167907275 × 10^278 |
| 153 | ov_153 | 5.752377120653215 × 10^278 |
| 154 | ov_154 | 3.3879941654782496 × 10^278 |
| 155 | ov_155 | 1.7532877207880534 × 10^278 |
| 156 | aaa_76_25 | 6.733780420178587 × 10^277 |
| 157 | aaa_76_26 | 3.8849796231145924 × 10^277 |
| 158 | aaa_76_27 | 1.9865691182748848 × 10^277 |
| 159 | aaa_76_28 | 7.724251609522361 × 10^276 |
| 160 | aaa_76_29 | 2.3458731525863124 × 10^276 |

### Output Bits Sorted by Complexity

| Rank | Output Bit | Complexity |
|:----:|:----------:|:----------:|
| 160 | aaa_76_29 | 2.3458731525863124 × 10^276 |
| 159 | aaa_76_28 | 7.724251609522361 × 10^276 |
| 158 | aaa_76_27 | 1.9865691182748848 × 10^277 |
| 157 | aaa_76_26 | 3.8849796231145924 × 10^277 |
| 156 | aaa_76_25 | 6.733780420178587 × 10^277 |
| 155 | ov_155 | 1.7532877207880534 × 10^278 |
| 154 | ov_154 | 3.3879941654782496 × 10^278 |
| 153 | ov_153 | 5.752377120653215 × 10^278 |
| 152 | ov_152 | 9.047935167907275 × 10^278 |
| 151 | ov_151 | 1.3502791702421274 × 10^279 |
| 150 | ov_150 | 1.9599828565172746 × 10^279 |
| 149 | ov_149 | 2.7875212801715386 × 10^279 |
| 148 | ov_148 | 3.8918432889317454 × 10^279 |
| 147 | ov_147 | 5.337234809080151 × 10^279 |
| 146 | ov_146 | 7.193325515476156 × 10^279 |
| 145 | ov_145 | 9.535098531676466 × 10^279 |
| 144 | ov_144 | 1.2442905901623922 × 10^280 |
| 143 | ov_143 | 1.6002493773851333 × 10^280 |
| 142 | ov_142 | 2.03050418788285 × 10^280 |
| 141 | ov_141 | 2.544722231535972 × 10^280 |
| 140 | ov_140 | 3.153128309772564 × 10^280 |
| 139 | ov_139 | 3.8665162351704947 × 10^280 |
| 138 | ov_138 | 4.696263948489749 × 10^280 |
| 137 | ov_137 | 5.654353009519826 × 10^280 |
| 136 | ov_136 | 6.753393182135755 × 10^280 |
| 135 | ov_135 | 8.006652878216841 × 10^280 |
| 134 | ov_134 | 9.42129320552614 × 10^280 |
| 133 | ov_133 | 1.1012018674600651 × 10^281 |
| 132 | ov_132 | 1.2794326911219725 × 10^281 |
| 131 | ov_131 | 1.4784570410097047 × 10^281 |
| 130 | ov_130 | 1.478458142268442 × 10^281 |
| 129 | ov_129 | 1.4784627049450194 × 10^281 |
| 128 | aaa_77_29 | 1.618348528398423 × 10^281 |
| 127 | aaa_77_28 | 4.316537620357939 × 10^281 |
| 126 | ov_126 | 1.3517779413901246 × 10^282 |
| 125 | ov_125 | 3.0366521090164576 × 10^282 |
| 124 | ov_124 | 5.782458948012096 × 10^282 |
| 123 | ov_123 | 9.885384511025508 × 10^282 |
| 122 | ov_122 | 1.564162772448103 × 10^283 |
| 121 | ov_121 | 2.334742517698288 × 10^283 |
| 120 | ov_120 | 3.3299099765388404 × 10^283 |
| 119 | ov_119 | 4.579313929348963 × 10^283 |
| 118 | ov_118 | 6.112631308731081 × 10^283 |
| 117 | ov_117 | 7.959583727288573 × 10^283 |
| 116 | ov_116 | 1.014995993623588 × 10^284 |
| 115 | ov_115 | 1.2713645279481906 × 10^284 |
| 114 | ov_114 | 1.5680659207978787 × 10^284 |
| 113 | ov_113 | 1.908120420062562 × 10^284 |
| 112 | ov_112 | 2.2945731986018727 × 10^284 |
| 111 | ov_111 | 2.7305031211573248 × 10^284 |
| 110 | ov_110 | 3.2190338693026473 × 10^284 |
| 109 | ov_109 | 3.8159484635248696 × 10^284 |
| 108 | ov_108 | 4.580287114346159 × 10^284 |
| 107 | ov_107 | 5.574441698797591 × 10^284 |
| 106 | ov_106 | 6.864272932600562 × 10^284 |
| 105 | ov_105 | 8.519253668331475 × 10^284 |
| 104 | ov_104 | 1.061264196738975 × 10^285 |
| 103 | ov_103 | 1.322168781353962 × 10^285 |
| 102 | ov_102 | 1.6427877559141834 × 10^285 |
| 101 | ov_101 | 2.0317220423168324 × 10^285 |
| 100 | ov_100 | 2.498058159417686 × 10^285 |
| 99 | ov_099 | 3.05140667333671 × 10^285 |
| 98 | ov_098 | 3.05141920593367 × 10^285 |
| 97 | ov_097 | 3.051458417530865 × 10^285 |
| 96 | aaa_78_29 | 5.76412212703836 × 10^285 |
| 95 | aaa_78_28 | 1.929239264028771 × 10^286 |
| 94 | ov_094 | 6.357788751193703 × 10^286 |
| 93 | ov_093 | 1.5120674122997472 × 10^287 |
| 92 | ov_092 | 3.079680482616561 × 10^287 |
| 91 | ov_091 | 5.6708999399862754 × 10^287 |
| 90 | ov_090 | 9.692406497387851 × 10^287 |
| 89 | ov_089 | 1.5625299186242038 × 10^288 |
| 88 | ov_088 | 2.4025134933833368 × 10^288 |
| 87 | ov_087 | 3.552199893351411 × 10^288 |
| 86 | ov_086 | 5.1450702650493123 × 10^288 |
| 85 | ov_085 | 7.329550681092418 × 10^288 |
| 84 | ov_084 | 1.0269052175162812 × 10^289 |
| 83 | ov_083 | 1.4142025190582192 × 10^289 |
| 82 | ov_082 | 1.914203081334361 × 10^289 |
| 81 | ov_081 | 2.5477831161575767 × 10^289 |
| 80 | ov_080 | 3.337350130532873 × 10^289 |
| 64 | lv_79_m31 | 3.463483797026001 × 10^289 |
| 79 | ov_079 | 4.3068565093634125 × 10^289 |
| 78 | ov_078 | 5.481815727043803 × 10^289 |
| 77 | ov_077 | 6.889321426774763 × 10^289 |
| 76 | ov_076 | 8.558069607379985 × 10^289 |
| 75 | ov_075 | 1.0518384158707572 × 10^290 |
| 74 | ov_074 | 1.2802245988470938 × 10^290 |
| 73 | ov_073 | 1.5443325985778296 × 10^290 |
| 63 | ov_063 | 1.7786204558020603 × 10^290 |
| 72 | ov_072 | 1.8477022595802497 × 10^290 |
| 71 | ov_071 | 2.194050639408154 × 10^290 |
| 70 | ov_070 | 2.5872775760398975 × 10^290 |
| 69 | ov_069 | 3.031472851173281 × 10^290 |
| 68 | ov_068 | 3.5309254627075703 × 10^290 |
| 67 | ov_067 | 4.0901355480746945 × 10^290 |
| 66 | ov_066 | 4.0901381571205406 × 10^290 |
| 65 | ov_065 | 4.090149190447825 × 10^290 |
| 62 | ov_062 | 9.131584847422568 × 10^290 |
| 61 | ov_061 | 3.330787759605344 × 10^291 |
| 60 | ov_060 | 9.540773125149291 × 10^291 |
| 59 | ov_059 | 2.3034916090803827 × 10^292 |
| 58 | ov_058 | 4.677271440018129 × 10^292 |
| 57 | ov_057 | 8.454137957938276 × 10^292 |
| 56 | ov_056 | 1.4095586887767655 × 10^293 |
| 55 | ov_055 | 2.2145897392522306 × 10^293 |
| 54 | ov_054 | 3.3232151625643184 × 10^293 |
| 53 | ov_053 | 4.806427236545771 × 10^293 |
| 52 | ov_052 | 6.7435089047548696 × 10^293 |
| 51 | ov_051 | 9.301327492208596 × 10^293 |
| 50 | ov_050 | 1.2663369767591869 × 10^294 |
| 49 | ov_049 | 1.7029782799131486 × 10^294 |
| 48 | ov_048 | 2.2617432473059795 × 10^294 |
| 47 | ov_047 | 2.965998504752885 × 10^294 |
| 32 | lv_80_m31 | 3.6662410958617824 × 10^294 |
| 46 | ov_046 | 3.840801967650674 × 10^294 |
| 45 | ov_045 | 4.912918262509273 × 10^294 |
| 44 | ov_044 | 6.210839565070441 × 10^294 |
| 43 | ov_043 | 7.764813222593062 × 10^294 |
| 42 | ov_042 | 9.606877648536606 × 10^294 |
| 41 | ov_041 | 1.177090809917891 × 10^295 |
| 40 | ov_040 | 1.4275270833072724 × 10^295 |
| 39 | ov_039 | 1.7139334172495743 × 10^295 |
| 31 | ov_031 | 1.8797485107117094 × 10^295 |
| 38 | ov_038 | 2.0383515773425112 × 10^295 |
| 37 | ov_037 | 2.4049756869547657 × 10^295 |
| 36 | ov_036 | 2.8182277592233286 × 10^295 |
| 35 | ov_035 | 3.282772275843519 × 10^295 |
| 34 | ov_034 | 3.803533229711909 × 10^295 |
| 33 | ov_033 | 4.385713894106948 × 10^295 |
| 30 | ov_030 | 9.636546849353253 × 10^295 |
| 29 | ov_029 | 3.1521719386840876 × 10^296 |
| 28 | ov_028 | 8.18088644976276 × 10^296 |
| 27 | ov_027 | 1.8284560443570145 × 10^297 |
| 26 | ov_026 | 3.6563578728625517 × 10^297 |
| 25 | ov_025 | 6.698395926702848 × 10^297 |
| 24 | ov_024 | 1.1437739349972447 × 10^298 |
| 23 | ov_023 | 1.8444136416847585 × 10^298 |
| 22 | ov_022 | 2.8943691139934146 × 10^298 |
| 21 | ov_021 | 4.433577939983745 × 10^298 |
| 20 | ov_020 | 6.619320462779195 × 10^298 |
| 19 | ov_019 | 9.626245224493622 × 10^298 |
| 18 | ov_018 | 1.3646407646810116 × 10^299 |
| 17 | ov_017 | 1.8889325971463859 × 10^299 |
| 16 | ov_016 | 2.558205914626821 × 10^299 |
| 15 | ov_015 | 3.3969312004956284 × 10^299 |
| 14 | ov_014 | 4.431357454501094 × 10^299 |
| 13 | ov_013 | 5.689530523295492 × 10^299 |
| 12 | ov_012 | 7.201317164220958 × 10^299 |
| 11 | ov_011 | 8.998436377006719 × 10^299 |
| 10 | ov_010 | 1.1114499671590633 × 10^300 |
| 9 | ov_009 | 1.3585062074410004 × 10^300 |
| 8 | ov_008 | 1.6447685810433692 × 10^300 |
| 7 | ov_007 | 1.9742018734224682 × 10^300 |
| 6 | ov_006 | 2.350988972081612 × 10^300 |
| 5 | ov_005 | 2.7795423366644523 × 10^300 |
| 4 | ov_004 | 3.26451764928163 × 10^300 |
| 3 | ov_003 | 3.810829891428434 × 10^300 |
| 2 | ov_002 | 4.423672055627925 × 10^300 |
| 1 | ov_001 | 5.108536659299549 × 10^300 |

