# Results for F001-F002-F003-F004-F005-F006-F007-F008-F009-F010-F011-F012-F013-F014-F015-F016-F017-F018-F019-F020-F021-F022-F023-F024-F025-F026-F027-F028-F029-F030-F031-F032-F033-F034-F035-F036-F037-F038-F039-F040-F041-F042-F043-F044-F045-F046-F047-F048-F049-F050-F051-F052-F053-F054-F055-F056-F057-F058-F059-F060-F061-F062-F063-F064-F065-F066-F067-F068-F069-F070-F071-F072-F073-F074-F075-F076-F077-F078-F079-F080-F081-F082-F083-F084-F085-F086-F087-F088-F089-F090-F091-F092-F093-F094-F095-F096-F097-F098-F099-F100-F101-F102-F103-F104-F105-F106-F107-F108-F109-F110-F111-F112-F113-F114-F115-F116-F117-F118-F119-F120-F121-F122-F123-F124-F125-F126-F127-F128-F129-F130-F131-F132-F133-F134-F135-F136-F137-F138-F139-F140-F141-F142-F143-F144-F145-F146-F147-F148-F149-F150-F151-F152-F153-F154-F155-F156-F157-F158-F159-F160-F161-F162-F163-F164-F165-F166-F167-F168-F169-F170-F171-F172-F173-F174-F175-F176-F177-F178-F179-F180-F181-F182-F183-F184-F185-F186-F187-F188-F189-F190-F191-F192-F193-F194-F195-F196-F197-F198-F199-F200-F201-F202-F203-F204-F205-F206-F207-F208-F209-F210-F211-F212-F213-F214-F215-F216-F217-F218-F219-F220-F221-F222-F223-F224-F225-F226-F227-F228-F229-F230-F231-F232-F233-F234-F235-F236-F237-F238-F239-F240-F241-F242-F243-F244-F245-F246-F247-F248-F249-F250-F251-F252-F253-F254-F255-F256-F257-F258-F259-F260-F261-F262-F263-F264-F265-F266-F267-F268-F269-F270-F271-F272-F273-F274-F275-F276-F277-F278-F279-F280-F281-F282-F283-F284-F285-F286-F287-F288-F289-F290-F291-F292-F293-F294-F295-F296-F297-F298-F299-F300-F301-F302-F303-F304-F305-F306-F307-F308-F309-F310-F311-F312-F313-F314-F315-F316-F317-F318-F319-F320-F321-F322-F323-F324-F325-F326-F327-F328-F329-F330-F331-F332-F333-F334-F335-F336-F337-F338-F339-F340-F341-F342-F343-F344-F345-F346-F347-F348-F349-F350-F351-F352-F353-F354-F355-F356-F357-F358-F359-F360-F361-F362-F363-F364-F365-F366-F367-F368-F369-F370-F371-F372-F373-F374-F375-F376-F377-F378-F379-F380-F381-F382-F383-F384-F385-F386-F387-F388-F389-F390-F391-F392-F393-F394-F395-F396-F397-F398-F399-F400-F401-F402-F403-F404-F405-F406-F407-F408-F409-F410-F411-F412-F413-F414-F415-F416-F417-F418-F419-F420-F421-F422-F423-F424-F425-F426-F427-F428-F429-F430-F431-F432-F433-F434-F435-F436-F437-F438-F439-F440-F441-F442-F443-F444-F445-F446-F447-F448-F449-F450-F451-F452-F453-F454-F455-F456-F457-F458-F459-F460-F461-F462-F463-F464-F465-F466-F467-F468-F469-F470-F471-F472-F473-F474-F475-F476-F477-F478-F479-F480-F481-F482-F483-F484-F485-F486-F487-F488-F489-F490-F491-F492-F493-F494-F495-F496-F497-F498-F499-F500-F501-E507509-F510

## Summary

Number of input bits: 512  
Number of free input bits: 9  
Number of output bits: 160

Number of direct occurrences: 37126  
Number of assignments: 31255  
Number of operations: 11132364
(xor: 11103100,
and: 16095,
or: 13169)

Total complexity: 4.035501258835927 × 10^299

Least occurring input variable: iv_502 (3935)  
Most occurring input variable: iv_512 (4405)

Most co-occurring input variables: iv_511-iv_512 (2158)  
Least co-occurring input variables: iv_502-iv_503 (1780)

Potentially most occurring input variable: iv_507/iv_512 (4622)  
Potentially least occurring input variable: iv_504/iv_506 (4220)

Least output occurring input variable: iv_507 (66)  
Most output occurring input variable: iv_506 (82)

Most output co-occurring input variables: iv_502-iv_511 (45)  
Least output co-occurring input variables: iv_502-iv_508 (30)

Potentially most output occurring input variable: iv_502/iv_508 (92)  
Potentially least output occurring input variable: iv_507/iv_508 (68)

Least complex input bit: iv_502 (9.393418768928404 × 10^297)  
Most complex input bit: iv_512 (8.644109438699753 × 10^298)

Least complex output bit: aaa_76_29 (5.507307423069862 × 10^274)  
Most complex output bit: ov_001 (6.33802394618742 × 10^298)

Least complex input/output complexity: iv_502/aaa_76_29 (1.2819335590802357 × 10^273)  
Most complex input/output complexity: iv_512/ov_001 (1.357615054535934 × 10^298)

Input variable with highest collision probability: iv_508 (½^160.00000000000054)

## Input Bits

### Input Bits in Regular Order

| Input Bit | Complexity | Occurrences | Output Occurrences | Collision Probability |
|:---------:|:----------:|:-----------:|:------------------:|:---------------------:|
| iv_502 | 9.393418768928404 × 10^297 | 3935 | 82 | ½^160.00000000000068 |
| iv_503 | 1.651929721996223 × 10^298 | 4081 | 74 | ½^160.00000000000074 |
| iv_504 | 2.713508096837658 × 10^298 | 3969 | 78 | ½^160.00000000000068 |
| iv_505 | 4.264049259085325 × 10^298 | 4164 | 79 | ½^160.00000000000077 |
| iv_506 | 2.2214084605380105 × 10^298 | 3997 | 82 | ½^160.0000000000007 |
| iv_507 | 8.304959704509935 × 10^298 | 4301 | 66 | ½^160.00000000000068 |
| iv_508 | 4.112553987748905 × 10^298 | 4033 | 70 | ½^160.00000000000054 |
| iv_511 | 7.503152042050662 × 10^298 | 4241 | 80 | ½^160.00000000000074 |
| iv_512 | 8.644109438699753 × 10^298 | 4405 | 80 | ½^160.0000000000006 |

### Input Bits Sorted by Complexity

| Input Bit | Complexity | Occurrences | Output Occurrences | Collision Probability |
|:---------:|:----------:|:-----------:|:------------------:|:---------------------:|
| iv_502 | 9.393418768928404 × 10^297 | 3935 | 82 | ½^160.00000000000068 |
| iv_503 | 1.651929721996223 × 10^298 | 4081 | 74 | ½^160.00000000000074 |
| iv_506 | 2.2214084605380105 × 10^298 | 3997 | 82 | ½^160.0000000000007 |
| iv_504 | 2.713508096837658 × 10^298 | 3969 | 78 | ½^160.00000000000068 |
| iv_508 | 4.112553987748905 × 10^298 | 4033 | 70 | ½^160.00000000000054 |
| iv_505 | 4.264049259085325 × 10^298 | 4164 | 79 | ½^160.00000000000077 |
| iv_511 | 7.503152042050662 × 10^298 | 4241 | 80 | ½^160.00000000000074 |
| iv_507 | 8.304959704509935 × 10^298 | 4301 | 66 | ½^160.00000000000068 |
| iv_512 | 8.644109438699753 × 10^298 | 4405 | 80 | ½^160.0000000000006 |

### Input Bits Sorted by Occurrences

| Input Bit | Complexity | Occurrences | Output Occurrences | Collision Probability |
|:---------:|:----------:|:-----------:|:------------------:|:---------------------:|
| iv_502 | 9.393418768928404 × 10^297 | 3935 | 82 | ½^160.00000000000068 |
| iv_504 | 2.713508096837658 × 10^298 | 3969 | 78 | ½^160.00000000000068 |
| iv_506 | 2.2214084605380105 × 10^298 | 3997 | 82 | ½^160.0000000000007 |
| iv_508 | 4.112553987748905 × 10^298 | 4033 | 70 | ½^160.00000000000054 |
| iv_503 | 1.651929721996223 × 10^298 | 4081 | 74 | ½^160.00000000000074 |
| iv_505 | 4.264049259085325 × 10^298 | 4164 | 79 | ½^160.00000000000077 |
| iv_511 | 7.503152042050662 × 10^298 | 4241 | 80 | ½^160.00000000000074 |
| iv_507 | 8.304959704509935 × 10^298 | 4301 | 66 | ½^160.00000000000068 |
| iv_512 | 8.644109438699753 × 10^298 | 4405 | 80 | ½^160.0000000000006 |

### Input Bits Sorted by Output Occurrences

| Input Bit | Complexity | Occurrences | Output Occurrences | Collision Probability |
|:---------:|:----------:|:-----------:|:------------------:|:---------------------:|
| iv_507 | 8.304959704509935 × 10^298 | 4301 | 66 | ½^160.00000000000068 |
| iv_508 | 4.112553987748905 × 10^298 | 4033 | 70 | ½^160.00000000000054 |
| iv_503 | 1.651929721996223 × 10^298 | 4081 | 74 | ½^160.00000000000074 |
| iv_504 | 2.713508096837658 × 10^298 | 3969 | 78 | ½^160.00000000000068 |
| iv_505 | 4.264049259085325 × 10^298 | 4164 | 79 | ½^160.00000000000077 |
| iv_511 | 7.503152042050662 × 10^298 | 4241 | 80 | ½^160.00000000000074 |
| iv_512 | 8.644109438699753 × 10^298 | 4405 | 80 | ½^160.0000000000006 |
| iv_502 | 9.393418768928404 × 10^297 | 3935 | 82 | ½^160.00000000000068 |
| iv_506 | 2.2214084605380105 × 10^298 | 3997 | 82 | ½^160.0000000000007 |

### Input Bits Sorted by Collision Probability

| Input Bit | Complexity | Occurrences | Output Occurrences | Collision Probability |
|:---------:|:----------:|:-----------:|:------------------:|:---------------------:|
| iv_508 | 4.112553987748905 × 10^298 | 4033 | 70 | ½^160.00000000000054 |
| iv_512 | 8.644109438699753 × 10^298 | 4405 | 80 | ½^160.0000000000006 |
| iv_502 | 9.393418768928404 × 10^297 | 3935 | 82 | ½^160.00000000000068 |
| iv_504 | 2.713508096837658 × 10^298 | 3969 | 78 | ½^160.00000000000068 |
| iv_507 | 8.304959704509935 × 10^298 | 4301 | 66 | ½^160.00000000000068 |
| iv_506 | 2.2214084605380105 × 10^298 | 3997 | 82 | ½^160.0000000000007 |
| iv_511 | 7.503152042050662 × 10^298 | 4241 | 80 | ½^160.00000000000074 |
| iv_503 | 1.651929721996223 × 10^298 | 4081 | 74 | ½^160.00000000000074 |
| iv_505 | 4.264049259085325 × 10^298 | 4164 | 79 | ½^160.00000000000077 |

## Input Bit/Output Bit Collision Probabilities

| Input Bit | Output Bit | Collision Probability |
|:---------:|:----------:|:---------------------:|
| iv_512 | ov_150 | 0.5000000000000042 |
| iv_503 | ov_047 | 0.5000000000000018 |
| iv_503 | ov_099 | 0.5000000000000018 |
| iv_504 | ov_131 | 0.5000000000000018 |
| iv_506 | ov_050 | 0.5000000000000018 |
| iv_506 | ov_142 | 0.5000000000000018 |
| iv_508 | ov_002 | 0.5000000000000018 |
| iv_508 | ov_027 | 0.5000000000000018 |
| iv_508 | ov_071 | 0.5000000000000018 |

## Input Bit Co-occurrences

### Input Bit Co-occurrences Sorted by Co-occurrences

| Input Bits | Co-occurrences | Potential Occurrences | Output Co-occurrences | Potential Output Occurrences |
|:----------:|:--------------:|:---------------------:|:---------------------:|:----------------------------:|
| iv_511-iv_512 | 2158 | 4330 | 43 | 74 |
| iv_505-iv_512 | 2060 | 4449 | 40 | 79 |
| iv_507-iv_512 | 2042 | 4622 | 33 | 80 |
| iv_503-iv_512 | 2040 | 4406 | 34 | 86 |
| iv_508-iv_512 | 2032 | 4374 | 32 | 86 |
| iv_505-iv_511 | 2009 | 4387 | 40 | 79 |
| iv_503-iv_511 | 2002 | 4318 | 37 | 80 |
| iv_505-iv_507 | 1998 | 4469 | 35 | 75 |
| iv_506-iv_507 | 1990 | 4318 | 34 | 80 |

### Input Bit Co-occurrences Sorted by Potential Occurrences

| Input Bits | Co-occurrences | Potential Occurrences | Output Co-occurrences | Potential Output Occurrences |
|:----------:|:--------------:|:---------------------:|:---------------------:|:----------------------------:|
| iv_504-iv_506 | 1873 | 4220 | 42 | 76 |
| iv_506-iv_508 | 1901 | 4228 | 37 | 78 |
| iv_502-iv_505 | 1934 | 4231 | 43 | 75 |
| iv_503-iv_506 | 1912 | 4254 | 38 | 80 |
| iv_505-iv_508 | 1968 | 4261 | 36 | 77 |
| iv_504-iv_508 | 1867 | 4268 | 37 | 74 |
| iv_502-iv_504 | 1807 | 4290 | 42 | 76 |
| iv_502-iv_506 | 1817 | 4298 | 44 | 76 |
| iv_504-iv_505 | 1908 | 4317 | 34 | 89 |

### Input Bit Output Co-occurrences Sorted by Output Co-occurrences

| Input Bits | Co-occurrences | Potential Occurrences | Output Co-occurrences | Potential Output Occurrences |
|:----------:|:--------------:|:---------------------:|:---------------------:|:----------------------------:|
| iv_502-iv_511 | 1910 | 4356 | 45 | 72 |
| iv_502-iv_506 | 1817 | 4298 | 44 | 76 |
| iv_502-iv_505 | 1934 | 4231 | 43 | 75 |
| iv_511-iv_512 | 2158 | 4330 | 43 | 74 |
| iv_502-iv_504 | 1807 | 4290 | 42 | 76 |
| iv_504-iv_506 | 1873 | 4220 | 42 | 76 |
| iv_503-iv_504 | 1854 | 4342 | 41 | 70 |
| iv_502-iv_512 | 1921 | 4498 | 40 | 82 |
| iv_504-iv_511 | 1918 | 4374 | 40 | 78 |

### Input Bit Output Co-occurrences Sorted by Potential Output Occurrences

| Input Bits | Co-occurrences | Potential Occurrences | Output Co-occurrences | Potential Output Occurrences |
|:----------:|:--------------:|:---------------------:|:---------------------:|:----------------------------:|
| iv_507-iv_508 | 1914 | 4506 | 34 | 68 |
| iv_503-iv_504 | 1854 | 4342 | 41 | 70 |
| iv_502-iv_511 | 1910 | 4356 | 45 | 72 |
| iv_504-iv_508 | 1867 | 4268 | 37 | 74 |
| iv_511-iv_512 | 2158 | 4330 | 43 | 74 |
| iv_502-iv_505 | 1934 | 4231 | 43 | 75 |
| iv_505-iv_507 | 1998 | 4469 | 35 | 75 |
| iv_502-iv_504 | 1807 | 4290 | 42 | 76 |
| iv_503-iv_507 | 1938 | 4506 | 32 | 76 |

## Output Bits

### Output Bits in Regular Order

| Rank | Output Bit | Complexity |
|:----:|:----------:|:----------:|
| 1 | ov_001 | 6.33802394618742 × 10^298 |
| 2 | ov_002 | 5.519013283845679 × 10^298 |
| 3 | ov_003 | 4.7787756953079334 × 10^298 |
| 4 | ov_004 | 4.114051268846988 × 10^298 |
| 5 | ov_005 | 3.521758876256728 × 10^298 |
| 6 | ov_006 | 2.9962223337529737 × 10^298 |
| 7 | ov_007 | 2.532064565852563 × 10^298 |
| 8 | ov_008 | 2.1241892992810116 × 10^298 |
| 9 | ov_009 | 1.7677653430029012 × 10^298 |
| 10 | ov_010 | 1.4582131766273862 × 10^298 |
| 11 | ov_011 | 1.1911936177964461 × 10^298 |
| 12 | ov_012 | 9.625984048488063 × 10^297 |
| 13 | ov_013 | 7.685425436394867 × 10^297 |
| 14 | ov_014 | 6.053582331724806 × 10^297 |
| 15 | ov_015 | 4.6959015338713646 × 10^297 |
| 16 | ov_016 | 3.5799189905513775 × 10^297 |
| 17 | ov_017 | 2.6752335978663792 × 10^297 |
| 18 | ov_018 | 1.9534886212102517 × 10^297 |
| 19 | ov_019 | 1.3883590561421583 × 10^297 |
| 20 | ov_020 | 9.555434074713488 × 10^296 |
| 21 | ov_021 | 6.327585891051832 × 10^296 |
| 22 | ov_022 | 3.997369367541678 × 10^296 |
| 23 | ov_023 | 2.382245299282408 × 10^296 |
| 24 | ov_024 | 1.319802098563814 × 10^296 |
| 25 | ov_025 | 6.677496678534671 × 10^295 |
| 26 | ov_026 | 3.039157243978554 × 10^295 |
| 27 | ov_027 | 1.262438282027309 × 10^295 |
| 28 | ov_028 | 5.2792467346851143 × 10^294 |
| 29 | ov_029 | 2.1734708630382583 × 10^294 |
| 30 | ov_030 | 7.185709067283206 × 10^293 |
| 31 | ov_031 | 1.738608285381153 × 10^293 |
| 32 | lv_80_m31 | 4.205477646161589 × 10^292 |
| 33 | ov_033 | 5.037745420450619 × 10^293 |
| 34 | ov_034 | 4.35660343585676 × 10^293 |
| 35 | ov_035 | 3.74966812277691 × 10^293 |
| 36 | ov_036 | 3.210678886558003 × 10^293 |
| 37 | ov_037 | 2.733713895134826 × 10^293 |
| 38 | ov_038 | 2.3131661304812083 × 10^293 |
| 39 | ov_039 | 1.9437226569720726 × 10^293 |
| 40 | ov_040 | 1.6203467973691888 × 10^293 |
| 41 | ov_041 | 1.338262926018399 × 10^293 |
| 42 | ov_042 | 1.0929436067396768 × 10^293 |
| 43 | ov_043 | 8.82185699347286 × 10^292 |
| 44 | ov_044 | 7.019276778788595 × 10^292 |
| 45 | ov_045 | 5.483292134995639 × 10^292 |
| 46 | ov_046 | 4.195246239103438 × 10^292 |
| 47 | ov_047 | 3.137545810451594 × 10^292 |
| 48 | ov_048 | 2.293640663414461 × 10^292 |
| 49 | ov_049 | 1.6335010730690832 × 10^292 |
| 50 | ov_050 | 1.1291204623585869 × 10^292 |
| 51 | ov_051 | 7.545012128862139 × 10^291 |
| 52 | ov_052 | 4.856450925636449 × 10^291 |
| 53 | ov_053 | 3.005471761238192 × 10^291 |
| 54 | ov_054 | 1.7919226535164717 × 10^291 |
| 55 | ov_055 | 1.0355294624869984 × 10^291 |
| 56 | ov_056 | 5.758857998363374 × 10^290 |
| 57 | ov_057 | 3.3775454144122596 × 10^290 |
| 58 | ov_058 | 2.004507491139941 × 10^290 |
| 59 | ov_059 | 1.0859646205335621 × 10^290 |
| 60 | ov_060 | 5.226345633937245 × 10^289 |
| 61 | ov_061 | 2.1523582688434248 × 10^289 |
| 62 | ov_062 | 7.117413827280213 × 10^288 |
| 63 | ov_063 | 1.7223761408014456 × 10^288 |
| 64 | lv_79_m31 | 4.166694249208506 × 10^287 |
| 65 | ov_065 | 4.9571831554678305 × 10^288 |
| 66 | ov_066 | 4.9571715792874834 × 10^288 |
| 67 | ov_067 | 4.957167827765913 × 10^288 |
| 68 | ov_068 | 4.288465175677737 × 10^288 |
| 69 | ov_069 | 3.6890207326098495 × 10^288 |
| 70 | ov_070 | 3.155838930242496 × 10^288 |
| 71 | ov_071 | 2.6834710656186733 × 10^288 |
| 72 | ov_072 | 2.2668016402047122 × 10^288 |
| 73 | ov_073 | 1.901026294058847 × 10^288 |
| 74 | ov_074 | 1.5816317633743418 × 10^288 |
| 75 | ov_075 | 1.3043777532595416 × 10^288 |
| 76 | ov_076 | 1.0652806211477433 × 10^288 |
| 77 | ov_077 | 8.605987690793069 × 10^287 |
| 78 | ov_078 | 6.868196453590873 × 10^287 |
| 79 | ov_079 | 5.406482578497545 × 10^287 |
| 80 | ov_080 | 4.189971024952819 × 10^287 |
| 81 | ov_081 | 3.1897741165177763 × 10^287 |
| 82 | ov_082 | 2.3789162750165124 × 10^287 |
| 83 | ov_083 | 1.732270063022092 × 10^287 |
| 84 | ov_084 | 1.2265025952529286 × 10^287 |
| 85 | ov_085 | 8.400313812829392 × 10^286 |
| 86 | ov_086 | 5.529886630000238 × 10^286 |
| 87 | ov_087 | 3.471933108020231 × 10^286 |
| 88 | ov_088 | 2.0612934282273443 × 10^286 |
| 89 | ov_089 | 1.1493013165531318 × 10^286 |
| 90 | ov_090 | 6.036736314230174 × 10^285 |
| 91 | ov_091 | 3.084381185932892 × 10^285 |
| 92 | ov_092 | 1.6389005816247203 × 10^285 |
| 93 | ov_093 | 8.656899278418076 × 10^284 |
| 94 | ov_094 | 3.88038422149594 × 10^284 |
| 95 | aaa_78_28 | 1.2480437095514255 × 10^284 |
| 96 | aaa_78_29 | 4.728755205462809 × 10^283 |
| 97 | ov_097 | 5.149569128816839 × 10^283 |
| 98 | ov_098 | 5.149414725693446 × 10^283 |
| 99 | ov_099 | 5.149365409747959 × 10^283 |
| 100 | ov_100 | 4.634226749060469 × 10^283 |
| 101 | ov_101 | 4.157062230716387 × 10^283 |
| 102 | ov_102 | 3.7157885739064494 × 10^283 |
| 103 | ov_103 | 3.3084748547007096 × 10^283 |
| 104 | ov_104 | 2.933322697164502 × 10^283 |
| 105 | ov_105 | 2.5886482687956925 × 10^283 |
| 106 | ov_106 | 2.2728659839395657 × 10^283 |
| 107 | ov_107 | 1.984473822774083 × 10^283 |
| 108 | ov_108 | 1.722040176712225 × 10^283 |
| 109 | ov_109 | 1.484192133724216 × 10^283 |
| 110 | ov_110 | 1.2696051192145873 × 10^283 |
| 111 | ov_111 | 1.0769938097618106 × 10^283 |
| 112 | ov_112 | 9.051042383045182 × 10^282 |
| 113 | ov_113 | 7.527070103079326 × 10^282 |
| 114 | ov_114 | 6.185915511302652 × 10^282 |
| 115 | ov_115 | 5.015613052849478 × 10^282 |
| 116 | ov_116 | 4.0042980861036496 × 10^282 |
| 117 | ov_117 | 3.140175545564908 × 10^282 |
| 118 | ov_118 | 2.4114957591606427 × 10^282 |
| 119 | ov_119 | 1.8065366339580325 × 10^282 |
| 120 | ov_120 | 1.3135914245673943 × 10^282 |
| 121 | ov_121 | 9.209612986802285 × 10^281 |
| 122 | ov_122 | 6.1695156008574644 × 10^281 |
| 123 | ov_123 | 3.898698775387677 × 10^281 |
| 124 | ov_124 | 2.2802525413888774 × 10^281 |
| 125 | ov_125 | 1.19727351442959 × 10^281 |
| 126 | ov_126 | 5.328610096116563 × 10^280 |
| 127 | aaa_77_28 | 1.701152041170488 × 10^280 |
| 128 | aaa_77_29 | 6.375393418412934 × 10^279 |
| 129 | ov_129 | 5.874018564687797 × 10^279 |
| 130 | ov_130 | 5.874005172408242 × 10^279 |
| 131 | ov_131 | 5.874000872524367 × 10^279 |
| 132 | ov_132 | 5.087650401434043 × 10^279 |
| 133 | ov_133 | 4.3836790058314255 × 10^279 |
| 134 | ov_134 | 3.7558039379919936 × 10^279 |
| 135 | ov_135 | 3.1980916138954823 × 10^279 |
| 136 | ov_136 | 2.7049321589920074 × 10^279 |
| 137 | ov_137 | 2.271017231252608 × 10^279 |
| 138 | ov_138 | 1.891320882369176 × 10^279 |
| 139 | ov_139 | 1.5610831736880649 × 10^279 |
| 140 | ov_140 | 1.27579625967123 × 10^279 |
| 141 | ov_141 | 1.0311926674161549 × 10^279 |
| 142 | ov_142 | 8.23235516141163 × 10^278 |
| 143 | ov_143 | 6.481104356402553 × 10^278 |
| 144 | ov_144 | 5.022189698947994 × 10^278 |
| 145 | ov_145 | 3.8217329135511986 × 10^278 |
| 146 | ov_146 | 2.847920660375075 × 10^278 |
| 147 | ov_147 | 2.070972995560977 × 10^278 |
| 148 | ov_148 | 1.4631199643096748 × 10^278 |
| 149 | ov_149 | 9.985847950142659 × 10^277 |
| 150 | ov_150 | 6.535723074472728 × 10^277 |
| 151 | ov_151 | 4.062612926231588 × 10^277 |
| 152 | ov_152 | 2.3679976652182777 × 10^277 |
| 153 | ov_153 | 1.2730218590628194 × 10^277 |
| 154 | ov_154 | 6.184794201227495 × 10^276 |
| 155 | ov_155 | 2.648061341667956 × 10^276 |
| 156 | aaa_76_25 | 9.207616636543818 × 10^275 |
| 157 | aaa_76_26 | 5.665809665538664 × 10^275 |
| 158 | aaa_76_27 | 3.105763499784411 × 10^275 |
| 159 | aaa_76_28 | 1.4631477650828234 × 10^275 |
| 160 | aaa_76_29 | 5.507307423069862 × 10^274 |

### Output Bits Sorted by Complexity

| Rank | Output Bit | Complexity |
|:----:|:----------:|:----------:|
| 160 | aaa_76_29 | 5.507307423069862 × 10^274 |
| 159 | aaa_76_28 | 1.4631477650828234 × 10^275 |
| 158 | aaa_76_27 | 3.105763499784411 × 10^275 |
| 157 | aaa_76_26 | 5.665809665538664 × 10^275 |
| 156 | aaa_76_25 | 9.207616636543818 × 10^275 |
| 155 | ov_155 | 2.648061341667956 × 10^276 |
| 154 | ov_154 | 6.184794201227495 × 10^276 |
| 153 | ov_153 | 1.2730218590628194 × 10^277 |
| 152 | ov_152 | 2.3679976652182777 × 10^277 |
| 151 | ov_151 | 4.062612926231588 × 10^277 |
| 150 | ov_150 | 6.535723074472728 × 10^277 |
| 149 | ov_149 | 9.985847950142659 × 10^277 |
| 148 | ov_148 | 1.4631199643096748 × 10^278 |
| 147 | ov_147 | 2.070972995560977 × 10^278 |
| 146 | ov_146 | 2.847920660375075 × 10^278 |
| 145 | ov_145 | 3.8217329135511986 × 10^278 |
| 144 | ov_144 | 5.022189698947994 × 10^278 |
| 143 | ov_143 | 6.481104356402553 × 10^278 |
| 142 | ov_142 | 8.23235516141163 × 10^278 |
| 141 | ov_141 | 1.0311926674161549 × 10^279 |
| 140 | ov_140 | 1.27579625967123 × 10^279 |
| 139 | ov_139 | 1.5610831736880649 × 10^279 |
| 138 | ov_138 | 1.891320882369176 × 10^279 |
| 137 | ov_137 | 2.271017231252608 × 10^279 |
| 136 | ov_136 | 2.7049321589920074 × 10^279 |
| 135 | ov_135 | 3.1980916138954823 × 10^279 |
| 134 | ov_134 | 3.7558039379919936 × 10^279 |
| 133 | ov_133 | 4.3836790058314255 × 10^279 |
| 132 | ov_132 | 5.087650401434043 × 10^279 |
| 131 | ov_131 | 5.874000872524367 × 10^279 |
| 130 | ov_130 | 5.874005172408242 × 10^279 |
| 129 | ov_129 | 5.874018564687797 × 10^279 |
| 128 | aaa_77_29 | 6.375393418412934 × 10^279 |
| 127 | aaa_77_28 | 1.701152041170488 × 10^280 |
| 126 | ov_126 | 5.328610096116563 × 10^280 |
| 125 | ov_125 | 1.19727351442959 × 10^281 |
| 124 | ov_124 | 2.2802525413888774 × 10^281 |
| 123 | ov_123 | 3.898698775387677 × 10^281 |
| 122 | ov_122 | 6.1695156008574644 × 10^281 |
| 121 | ov_121 | 9.209612986802285 × 10^281 |
| 120 | ov_120 | 1.3135914245673943 × 10^282 |
| 119 | ov_119 | 1.8065366339580325 × 10^282 |
| 118 | ov_118 | 2.4114957591606427 × 10^282 |
| 117 | ov_117 | 3.140175545564908 × 10^282 |
| 116 | ov_116 | 4.0042980861036496 × 10^282 |
| 115 | ov_115 | 5.015613052849478 × 10^282 |
| 114 | ov_114 | 6.185915511302652 × 10^282 |
| 113 | ov_113 | 7.527070103079326 × 10^282 |
| 112 | ov_112 | 9.051042383045182 × 10^282 |
| 111 | ov_111 | 1.0769938097618106 × 10^283 |
| 110 | ov_110 | 1.2696051192145873 × 10^283 |
| 109 | ov_109 | 1.484192133724216 × 10^283 |
| 108 | ov_108 | 1.722040176712225 × 10^283 |
| 107 | ov_107 | 1.984473822774083 × 10^283 |
| 106 | ov_106 | 2.2728659839395657 × 10^283 |
| 105 | ov_105 | 2.5886482687956925 × 10^283 |
| 104 | ov_104 | 2.933322697164502 × 10^283 |
| 103 | ov_103 | 3.3084748547007096 × 10^283 |
| 102 | ov_102 | 3.7157885739064494 × 10^283 |
| 101 | ov_101 | 4.157062230716387 × 10^283 |
| 100 | ov_100 | 4.634226749060469 × 10^283 |
| 96 | aaa_78_29 | 4.728755205462809 × 10^283 |
| 99 | ov_099 | 5.149365409747959 × 10^283 |
| 98 | ov_098 | 5.149414725693446 × 10^283 |
| 97 | ov_097 | 5.149569128816839 × 10^283 |
| 95 | aaa_78_28 | 1.2480437095514255 × 10^284 |
| 94 | ov_094 | 3.88038422149594 × 10^284 |
| 93 | ov_093 | 8.656899278418076 × 10^284 |
| 92 | ov_092 | 1.6389005816247203 × 10^285 |
| 91 | ov_091 | 3.084381185932892 × 10^285 |
| 90 | ov_090 | 6.036736314230174 × 10^285 |
| 89 | ov_089 | 1.1493013165531318 × 10^286 |
| 88 | ov_088 | 2.0612934282273443 × 10^286 |
| 87 | ov_087 | 3.471933108020231 × 10^286 |
| 86 | ov_086 | 5.529886630000238 × 10^286 |
| 85 | ov_085 | 8.400313812829392 × 10^286 |
| 84 | ov_084 | 1.2265025952529286 × 10^287 |
| 83 | ov_083 | 1.732270063022092 × 10^287 |
| 82 | ov_082 | 2.3789162750165124 × 10^287 |
| 81 | ov_081 | 3.1897741165177763 × 10^287 |
| 64 | lv_79_m31 | 4.166694249208506 × 10^287 |
| 80 | ov_080 | 4.189971024952819 × 10^287 |
| 79 | ov_079 | 5.406482578497545 × 10^287 |
| 78 | ov_078 | 6.868196453590873 × 10^287 |
| 77 | ov_077 | 8.605987690793069 × 10^287 |
| 76 | ov_076 | 1.0652806211477433 × 10^288 |
| 75 | ov_075 | 1.3043777532595416 × 10^288 |
| 74 | ov_074 | 1.5816317633743418 × 10^288 |
| 63 | ov_063 | 1.7223761408014456 × 10^288 |
| 73 | ov_073 | 1.901026294058847 × 10^288 |
| 72 | ov_072 | 2.2668016402047122 × 10^288 |
| 71 | ov_071 | 2.6834710656186733 × 10^288 |
| 70 | ov_070 | 3.155838930242496 × 10^288 |
| 69 | ov_069 | 3.6890207326098495 × 10^288 |
| 68 | ov_068 | 4.288465175677737 × 10^288 |
| 67 | ov_067 | 4.957167827765913 × 10^288 |
| 66 | ov_066 | 4.9571715792874834 × 10^288 |
| 65 | ov_065 | 4.9571831554678305 × 10^288 |
| 62 | ov_062 | 7.117413827280213 × 10^288 |
| 61 | ov_061 | 2.1523582688434248 × 10^289 |
| 60 | ov_060 | 5.226345633937245 × 10^289 |
| 59 | ov_059 | 1.0859646205335621 × 10^290 |
| 58 | ov_058 | 2.004507491139941 × 10^290 |
| 57 | ov_057 | 3.3775454144122596 × 10^290 |
| 56 | ov_056 | 5.758857998363374 × 10^290 |
| 55 | ov_055 | 1.0355294624869984 × 10^291 |
| 54 | ov_054 | 1.7919226535164717 × 10^291 |
| 53 | ov_053 | 3.005471761238192 × 10^291 |
| 52 | ov_052 | 4.856450925636449 × 10^291 |
| 51 | ov_051 | 7.545012128862139 × 10^291 |
| 50 | ov_050 | 1.1291204623585869 × 10^292 |
| 49 | ov_049 | 1.6335010730690832 × 10^292 |
| 48 | ov_048 | 2.293640663414461 × 10^292 |
| 47 | ov_047 | 3.137545810451594 × 10^292 |
| 46 | ov_046 | 4.195246239103438 × 10^292 |
| 32 | lv_80_m31 | 4.205477646161589 × 10^292 |
| 45 | ov_045 | 5.483292134995639 × 10^292 |
| 44 | ov_044 | 7.019276778788595 × 10^292 |
| 43 | ov_043 | 8.82185699347286 × 10^292 |
| 42 | ov_042 | 1.0929436067396768 × 10^293 |
| 41 | ov_041 | 1.338262926018399 × 10^293 |
| 40 | ov_040 | 1.6203467973691888 × 10^293 |
| 31 | ov_031 | 1.738608285381153 × 10^293 |
| 39 | ov_039 | 1.9437226569720726 × 10^293 |
| 38 | ov_038 | 2.3131661304812083 × 10^293 |
| 37 | ov_037 | 2.733713895134826 × 10^293 |
| 36 | ov_036 | 3.210678886558003 × 10^293 |
| 35 | ov_035 | 3.74966812277691 × 10^293 |
| 34 | ov_034 | 4.35660343585676 × 10^293 |
| 33 | ov_033 | 5.037745420450619 × 10^293 |
| 30 | ov_030 | 7.185709067283206 × 10^293 |
| 29 | ov_029 | 2.1734708630382583 × 10^294 |
| 28 | ov_028 | 5.2792467346851143 × 10^294 |
| 27 | ov_027 | 1.262438282027309 × 10^295 |
| 26 | ov_026 | 3.039157243978554 × 10^295 |
| 25 | ov_025 | 6.677496678534671 × 10^295 |
| 24 | ov_024 | 1.319802098563814 × 10^296 |
| 23 | ov_023 | 2.382245299282408 × 10^296 |
| 22 | ov_022 | 3.997369367541678 × 10^296 |
| 21 | ov_021 | 6.327585891051832 × 10^296 |
| 20 | ov_020 | 9.555434074713488 × 10^296 |
| 19 | ov_019 | 1.3883590561421583 × 10^297 |
| 18 | ov_018 | 1.9534886212102517 × 10^297 |
| 17 | ov_017 | 2.6752335978663792 × 10^297 |
| 16 | ov_016 | 3.5799189905513775 × 10^297 |
| 15 | ov_015 | 4.6959015338713646 × 10^297 |
| 14 | ov_014 | 6.053582331724806 × 10^297 |
| 13 | ov_013 | 7.685425436394867 × 10^297 |
| 12 | ov_012 | 9.625984048488063 × 10^297 |
| 11 | ov_011 | 1.1911936177964461 × 10^298 |
| 10 | ov_010 | 1.4582131766273862 × 10^298 |
| 9 | ov_009 | 1.7677653430029012 × 10^298 |
| 8 | ov_008 | 2.1241892992810116 × 10^298 |
| 7 | ov_007 | 2.532064565852563 × 10^298 |
| 6 | ov_006 | 2.9962223337529737 × 10^298 |
| 5 | ov_005 | 3.521758876256728 × 10^298 |
| 4 | ov_004 | 4.114051268846988 × 10^298 |
| 3 | ov_003 | 4.7787756953079334 × 10^298 |
| 2 | ov_002 | 5.519013283845679 × 10^298 |
| 1 | ov_001 | 6.33802394618742 × 10^298 |

