# Results for F001-F002-F003-F004-F005-F006-F007-F008-F009-F010-F011-F012-F013-F014-F015-F016-F017-F018-F019-F020-F021-F022-F023-F024-F025-F026-F027-F028-F029-F030-F031-F032-F033-F034-F035-F036-F037-F038-F039-F040-F041-F042-F043-F044-F045-F046-F047-F048-F049-F050-F051-F052-F053-F054-F055-F056-F057-F058-F059-F060-F061-F062-F063-F064-F065-F066-F067-F068-F069-F070-F071-F072-F073-F074-F075-F076-F077-F078-F079-F080-F081-F082-F083-F084-F085-F086-F087-F088-F089-F090-F091-F092-F093-F094-F095-F096-F097-F098-F099-F100-F101-F102-F103-F104-F105-F106-F107-F108-F109-F110-F111-F112-F113-F114-F115-F116-F117-F118-F119-F120-F121-F122-F123-F124-F125-F126-F127-F128-F129-F130-F131-F132-F133-F134-F135-F136-F137-F138-F139-F140-F141-F142-F143-F144-F145-F146-F147-F148-F149-F150-F151-F152-F153-F154-F155-F156-F157-F158-F159-F160-F161-F162-F163-F164-F165-F166-F167-F168-F169-F170-F171-F172-F173-F174-F175-F176-F177-F178-F179-F180-F181-F182-F183-F184-F185-F186-F187-F188-F189-F190-F191-F192-F193-F194-F195-F196-F197-F198-F199-F200-F201-F202-F203-F204-F205-F206-F207-F208-F209-F210-F211-F212-F213-F214-F215-F216-F217-F218-F219-F220-F221-F222-F223-F224-F225-F226-F227-F228-F229-F230-F231-F232-F233-F234-F235-F236-F237-F238-F239-F240-F241-F242-F243-F244-F245-F246-F247-F248-F249-F250-F251-F252-F253-F254-F255-F256-F257-F258-F259-F260-F261-F262-F263-F264-F265-F266-F267-F268-F269-F270-F271-F272-F273-F274-F275-F276-F277-F278-F279-F280-F281-F282-F283-F284-F285-F286-F287-F288-F289-F290-F291-F292-F293-F294-F295-F296-F297-F298-F299-F300-F301-F302-F303-F304-F305-F306-F307-F308-F309-F310-F311-F312-F313-F314-F315-F316-F317-F318-F319-F320-F321-F322-F323-F324-F325-F326-F327-F328-F329-F330-F331-F332-F333-F334-F335-F336-F337-F338-F339-F340-F341-F342-F343-F344-F345-F346-F347-F348-F349-F350-F351-F352-F353-F354-F355-F356-F357-F358-F359-F360-F361-F362-F363-F364-F365-F366-F367-F368-F369-F370-F371-F372-F373-F374-F375-F376-F377-F378-F379-F380-F381-F382-F383-F384-F385-F386-F387-F388-F389-F390-F391-F392-F393-F394-F395-F396-F397-F398-F399-F400-F401-F402-F403-F404-F405-F406-F407-F408-F409-F410-F411-F412-F413-F414-F415-F416-F417-F418-F419-F420-F421-F422-F423-F424-F425-F426-F427-F428-F429-F430-F431-F432-F433-F434-F435-F436-F437-F438-F439-F440-F441-F442-F443-F444-F445-F446-F447-F448-F449-F450-F451-F452-F453-F454-F455-F456-F457-F458-F459-F460-F461-F462-F463-F464-F465-F466-F467-F468-F469-F470-F471-F472-F473-F474-F475-F476-F477-F478-F479-F480-F481-F482-F483-F484-F485-F486-F487-F488-F489-F490-F491-F492-F493-F494-F495-F496-F500-T507-F508-F509-F510-F511-F512

## Summary

Number of input bits: 512  
Number of free input bits: 9  
Number of output bits: 160

Number of direct occurrences: 36977  
Number of assignments: 30922  
Number of operations: 11748169
(xor: 11719583,
and: 15464,
or: 13122)

Total complexity: 4.943805135447939 × 10^302

Least occurring input variable: iv_499 (3946)  
Most occurring input variable: iv_503 (4330)

Most co-occurring input variables: iv_501-iv_503 (2135)  
Least co-occurring input variables: iv_498-iv_499 (1795)

Potentially most occurring input variable: iv_497/iv_506 (4440)  
Potentially least occurring input variable: iv_501/iv_502 (4220)

Least output occurring input variable: iv_498 (70)  
Most output occurring input variable: iv_506 (89)

Most output co-occurring input variables: iv_502-iv_506 (48)  
Least output co-occurring input variables: iv_498-iv_505 (30)

Potentially most output occurring input variable: iv_497/iv_501 (91)  
Potentially least output occurring input variable: iv_498/iv_499 (72)

Least complex input bit: iv_497 (3.024802458941218 × 10^300)  
Most complex input bit: iv_505 (1.632799279049591 × 10^302)

Least complex output bit: aaa_76_29 (1.609156461972683 × 10^277)  
Most complex output bit: ov_001 (8.046015966176491 × 10^301)

Least complex input/output complexity: iv_497/aaa_76_29 (9.845413177991502 × 10^274)  
Most complex input/output complexity: iv_505/ov_001 (2.6573719450623405 × 10^301)

## Input Bits

### Input Bits in Regular Order

| Input Bit | Complexity | Occurrences | Output Occurrences |
|:---------:|:----------:|:-----------:|:------------------:|
| iv_497 | 3.024802458941218 × 10^300 | 4180 | 80 |
| iv_498 | 6.0041061211035516 × 10^300 | 4009 | 70 |
| iv_499 | 1.0960504832703791 × 10^301 | 3946 | 78 |
| iv_501 | 3.2759943790428946 × 10^301 | 4205 | 83 |
| iv_502 | 5.438321009694203 × 10^301 | 4163 | 85 |
| iv_503 | 8.814327243785599 × 10^301 | 4330 | 85 |
| iv_504 | 1.2735054075430442 × 10^302 | 4014 | 72 |
| iv_505 | 1.632799279049591 × 10^302 | 4054 | 75 |
| iv_506 | 8.474205147554865 × 10^300 | 4076 | 89 |

### Input Bits Sorted by Complexity

| Input Bit | Complexity | Occurrences | Output Occurrences |
|:---------:|:----------:|:-----------:|:------------------:|
| iv_497 | 3.024802458941218 × 10^300 | 4180 | 80 |
| iv_498 | 6.0041061211035516 × 10^300 | 4009 | 70 |
| iv_506 | 8.474205147554865 × 10^300 | 4076 | 89 |
| iv_499 | 1.0960504832703791 × 10^301 | 3946 | 78 |
| iv_501 | 3.2759943790428946 × 10^301 | 4205 | 83 |
| iv_502 | 5.438321009694203 × 10^301 | 4163 | 85 |
| iv_503 | 8.814327243785599 × 10^301 | 4330 | 85 |
| iv_504 | 1.2735054075430442 × 10^302 | 4014 | 72 |
| iv_505 | 1.632799279049591 × 10^302 | 4054 | 75 |

### Input Bits Sorted by Occurrences

| Input Bit | Complexity | Occurrences | Output Occurrences |
|:---------:|:----------:|:-----------:|:------------------:|
| iv_499 | 1.0960504832703791 × 10^301 | 3946 | 78 |
| iv_498 | 6.0041061211035516 × 10^300 | 4009 | 70 |
| iv_504 | 1.2735054075430442 × 10^302 | 4014 | 72 |
| iv_505 | 1.632799279049591 × 10^302 | 4054 | 75 |
| iv_506 | 8.474205147554865 × 10^300 | 4076 | 89 |
| iv_502 | 5.438321009694203 × 10^301 | 4163 | 85 |
| iv_497 | 3.024802458941218 × 10^300 | 4180 | 80 |
| iv_501 | 3.2759943790428946 × 10^301 | 4205 | 83 |
| iv_503 | 8.814327243785599 × 10^301 | 4330 | 85 |

### Input Bits Sorted by Output Occurrences

| Input Bit | Complexity | Occurrences | Output Occurrences |
|:---------:|:----------:|:-----------:|:------------------:|
| iv_498 | 6.0041061211035516 × 10^300 | 4009 | 70 |
| iv_504 | 1.2735054075430442 × 10^302 | 4014 | 72 |
| iv_505 | 1.632799279049591 × 10^302 | 4054 | 75 |
| iv_499 | 1.0960504832703791 × 10^301 | 3946 | 78 |
| iv_497 | 3.024802458941218 × 10^300 | 4180 | 80 |
| iv_501 | 3.2759943790428946 × 10^301 | 4205 | 83 |
| iv_502 | 5.438321009694203 × 10^301 | 4163 | 85 |
| iv_503 | 8.814327243785599 × 10^301 | 4330 | 85 |
| iv_506 | 8.474205147554865 × 10^300 | 4076 | 89 |

## Input Bit Co-occurrences

### Input Bit Co-occurrences Sorted by Co-occurrences

| Input Bits | Co-occurrences | Potential Occurrences | Output Co-occurrences | Potential Output Occurrences |
|:----------:|:--------------:|:---------------------:|:---------------------:|:----------------------------:|
| iv_501-iv_503 | 2135 | 4265 | 41 | 86 |
| iv_502-iv_503 | 2097 | 4299 | 47 | 76 |
| iv_501-iv_502 | 2074 | 4220 | 42 | 84 |
| iv_503-iv_505 | 2056 | 4272 | 43 | 74 |
| iv_497-iv_502 | 2053 | 4237 | 43 | 79 |
| iv_503-iv_504 | 2047 | 4250 | 39 | 79 |
| iv_497-iv_503 | 2042 | 4426 | 38 | 89 |
| iv_497-iv_501 | 2010 | 4365 | 36 | 91 |
| iv_498-iv_503 | 2006 | 4327 | 33 | 89 |

### Input Bit Co-occurrences Sorted by Potential Occurrences

| Input Bits | Co-occurrences | Potential Occurrences | Output Co-occurrences | Potential Output Occurrences |
|:----------:|:--------------:|:---------------------:|:---------------------:|:----------------------------:|
| iv_501-iv_502 | 2074 | 4220 | 42 | 84 |
| iv_501-iv_504 | 1996 | 4227 | 33 | 89 |
| iv_504-iv_506 | 1929 | 4232 | 44 | 73 |
| iv_499-iv_504 | 1863 | 4234 | 36 | 78 |
| iv_497-iv_502 | 2053 | 4237 | 43 | 79 |
| iv_502-iv_505 | 1985 | 4247 | 40 | 80 |
| iv_503-iv_504 | 2047 | 4250 | 39 | 79 |
| iv_498-iv_501 | 1980 | 4254 | 38 | 77 |
| iv_501-iv_503 | 2135 | 4265 | 41 | 86 |

### Input Bit Output Co-occurrences Sorted by Output Co-occurrences

| Input Bits | Co-occurrences | Potential Occurrences | Output Co-occurrences | Potential Output Occurrences |
|:----------:|:--------------:|:---------------------:|:---------------------:|:----------------------------:|
| iv_502-iv_506 | 1938 | 4363 | 48 | 78 |
| iv_502-iv_503 | 2097 | 4299 | 47 | 76 |
| iv_497-iv_506 | 1908 | 4440 | 44 | 81 |
| iv_503-iv_506 | 1997 | 4412 | 44 | 86 |
| iv_504-iv_506 | 1929 | 4232 | 44 | 73 |
| iv_499-iv_506 | 1837 | 4348 | 44 | 79 |
| iv_501-iv_506 | 1969 | 4343 | 44 | 84 |
| iv_499-iv_503 | 1935 | 4406 | 43 | 77 |
| iv_503-iv_505 | 2056 | 4272 | 43 | 74 |

### Input Bit Output Co-occurrences Sorted by Potential Output Occurrences

| Input Bits | Co-occurrences | Potential Occurrences | Output Co-occurrences | Potential Output Occurrences |
|:----------:|:--------------:|:---------------------:|:---------------------:|:----------------------------:|
| iv_498-iv_499 | 1795 | 4365 | 38 | 72 |
| iv_498-iv_502 | 1894 | 4384 | 41 | 73 |
| iv_504-iv_506 | 1929 | 4232 | 44 | 73 |
| iv_503-iv_505 | 2056 | 4272 | 43 | 74 |
| iv_497-iv_499 | 1889 | 4348 | 42 | 74 |
| iv_502-iv_504 | 1952 | 4273 | 41 | 75 |
| iv_498-iv_506 | 1892 | 4301 | 42 | 75 |
| iv_502-iv_503 | 2097 | 4299 | 47 | 76 |
| iv_497-iv_504 | 1945 | 4304 | 38 | 76 |

## Output Bits

### Output Bits in Regular Order

| Rank | Output Bit | Complexity |
|:----:|:----------:|:----------:|
| 1 | ov_001 | 8.046015966176491 × 10^301 |
| 2 | ov_002 | 6.956111641131247 × 10^301 |
| 3 | ov_003 | 5.982093470267969 × 10^301 |
| 4 | ov_004 | 5.115042776606495 × 10^301 |
| 5 | ov_005 | 4.3465286395102464 × 10^301 |
| 6 | ov_006 | 3.6685728167390284 × 10^301 |
| 7 | ov_007 | 3.073619254050396 × 10^301 |
| 8 | ov_008 | 2.5545078899073085 × 10^301 |
| 9 | ov_009 | 2.1044523918560127 × 10^301 |
| 10 | ov_010 | 1.7170213943630196 × 10^301 |
| 11 | ov_011 | 1.3861228269916878 × 10^301 |
| 12 | ov_012 | 1.1059909948374247 × 10^301 |
| 13 | ov_013 | 8.71176097502662 × 10^300 |
| 14 | ov_014 | 6.765358486804423 × 10^300 |
| 15 | ov_015 | 5.172288580677141 × 10^300 |
| 16 | ov_016 | 3.8870946090969025 × 10^300 |
| 17 | ov_017 | 2.8672370391442196 × 10^300 |
| 18 | ov_018 | 2.0730623345005462 × 10^300 |
| 19 | ov_019 | 1.467778952681917 × 10^300 |
| 20 | ov_020 | 1.0174391393348186 × 10^300 |
| 21 | ov_021 | 6.909254702208541 × 10^299 |
| 22 | ov_022 | 4.599412073050572 × 10^299 |
| 23 | ov_023 | 2.990036510680307 × 10^299 |
| 24 | ov_024 | 1.8543978682142772 × 10^299 |
| 25 | ov_025 | 1.0861510745602811 × 10^299 |
| 26 | ov_026 | 5.929814395919488 × 10^298 |
| 27 | ov_027 | 2.9659994269059133 × 10^298 |
| 28 | ov_028 | 1.3274133106132283 × 10^298 |
| 29 | ov_029 | 5.116349292116625 × 10^297 |
| 30 | ov_030 | 1.5647292320168423 × 10^297 |
| 31 | ov_031 | 3.053804596511716 × 10^296 |
| 32 | lv_80_m31 | 5.959556692206686 × 10^295 |
| 33 | ov_033 | 7.142874416340256 × 10^296 |
| 34 | ov_034 | 6.200146936565725 × 10^296 |
| 35 | ov_035 | 5.3572472560896195 × 10^296 |
| 36 | ov_036 | 4.605101001311136 × 10^296 |
| 37 | ov_037 | 3.9351190818897386 × 10^296 |
| 38 | ov_038 | 3.3391634126151614 × 10^296 |
| 39 | ov_039 | 2.809517416474294 × 10^296 |
| 40 | ov_040 | 2.342424778776448 × 10^296 |
| 41 | ov_041 | 1.9343215635436978 × 10^296 |
| 42 | ov_042 | 1.5818264732085482 × 10^296 |
| 43 | ov_043 | 1.2817327329040626 × 10^296 |
| 44 | ov_044 | 1.0281248749615425 × 10^296 |
| 45 | ov_045 | 8.154078857743217 × 10^295 |
| 46 | ov_046 | 6.382994142166379 × 10^295 |
| 47 | ov_047 | 4.942355912456569 × 10^295 |
| 48 | ov_048 | 3.7854248062709307 × 10^295 |
| 49 | ov_049 | 2.868444321706306 × 10^295 |
| 50 | ov_050 | 2.1506140016481732 × 10^295 |
| 51 | ov_051 | 1.594069373646825 × 10^295 |
| 52 | ov_052 | 1.1638670584751121 × 10^295 |
| 53 | ov_053 | 8.279739601556183 × 10^294 |
| 54 | ov_054 | 5.710999770005169 × 10^294 |
| 55 | ov_055 | 3.794048151085962 × 10^294 |
| 56 | ov_056 | 2.404959691650242 × 10^294 |
| 57 | ov_057 | 1.434274742603962 × 10^294 |
| 58 | ov_058 | 7.869918714828441 × 10^293 |
| 59 | ov_059 | 3.82564083692275 × 10^293 |
| 60 | ov_060 | 1.5489708764182714 × 10^293 |
| 61 | ov_061 | 5.234866205543055 × 10^292 |
| 62 | ov_062 | 1.401167402504761 × 10^292 |
| 63 | ov_063 | 3.096535606918363 × 10^291 |
| 64 | lv_79_m31 | 6.028027216584162 × 10^290 |
| 65 | ov_065 | 7.107194422697188 × 10^291 |
| 66 | ov_066 | 7.107172046589097 × 10^291 |
| 67 | ov_067 | 7.107166654517643 × 10^291 |
| 68 | ov_068 | 6.128794876277359 × 10^291 |
| 69 | ov_069 | 5.2560890629446866 × 10^291 |
| 70 | ov_070 | 4.4809261840928624 × 10^291 |
| 71 | ov_071 | 3.7956014641235986 × 10^291 |
| 72 | ov_072 | 3.192798742355065 × 10^291 |
| 73 | ov_073 | 2.665565406168254 × 10^291 |
| 74 | ov_074 | 2.207291415498309 × 10^291 |
| 75 | ov_075 | 1.8116919620698117 × 10^291 |
| 76 | ov_076 | 1.4727933309891457 × 10^291 |
| 77 | ov_077 | 1.1849215557931426 × 10^291 |
| 78 | ov_078 | 9.426934809581532 × 10^290 |
| 79 | ov_079 | 7.410098683211324 × 10^290 |
| 80 | ov_080 | 5.750502059575497 × 10^290 |
| 81 | ov_081 | 4.402688998833476 × 10^290 |
| 82 | ov_082 | 3.323925505658465 × 10^290 |
| 83 | ov_083 | 2.474180376921781 × 10^290 |
| 84 | ov_084 | 1.8161115799276564 × 10^290 |
| 85 | ov_085 | 1.3150560480527378 × 10^290 |
| 86 | ov_086 | 9.390216449796947 × 10^289 |
| 87 | ov_087 | 6.586808334364539 × 10^289 |
| 88 | ov_088 | 4.473658371803231 × 10^289 |
| 89 | ov_089 | 2.9240719032317013 × 10^289 |
| 90 | ov_090 | 1.8246278760410196 × 10^289 |
| 91 | ov_091 | 1.0751688326043566 × 10^289 |
| 92 | ov_092 | 5.887946707266242 × 10^288 |
| 93 | ov_093 | 2.918591383707413 × 10^288 |
| 94 | ov_094 | 1.2396811254067048 × 10^288 |
| 95 | aaa_78_28 | 3.79788971764479 × 10^287 |
| 96 | aaa_78_29 | 1.151881884671873 × 10^287 |
| 97 | ov_097 | 6.146838672596231 × 10^286 |
| 98 | ov_098 | 6.146804130234365 × 10^286 |
| 99 | ov_099 | 6.146793116941814 × 10^286 |
| 100 | ov_100 | 5.236898466203976 × 10^286 |
| 101 | ov_101 | 4.432009566249813 × 10^286 |
| 102 | ov_102 | 3.7236020770608286 × 10^286 |
| 103 | ov_103 | 3.1036127041790767 × 10^286 |
| 104 | ov_104 | 2.5644055587328847 × 10^286 |
| 105 | ov_105 | 2.0987430901016316 × 10^286 |
| 106 | ov_106 | 1.6997611568867388 × 10^286 |
| 107 | ov_107 | 1.36094782372175 × 10^286 |
| 108 | ov_108 | 1.0761254926242718 × 10^286 |
| 109 | ov_109 | 8.394359982218187 × 10^285 |
| 110 | ov_110 | 6.453283164029171 × 10^285 |
| 111 | ov_111 | 4.885485558630464 × 10^285 |
| 112 | ov_112 | 3.641319217202216 × 10^285 |
| 113 | ov_113 | 2.6739635993600037 × 10^285 |
| 114 | ov_114 | 1.9393761074541178 × 10^285 |
| 115 | ov_115 | 1.3962541870874162 × 10^285 |
| 116 | ov_116 | 1.006006663707386 × 10^285 |
| 117 | ov_117 | 7.327321786066453 × 10^284 |
| 118 | ov_118 | 5.432029876653414 × 10^284 |
| 119 | ov_119 | 4.068529686080988 × 10^284 |
| 120 | ov_120 | 2.9576900994406095 × 10^284 |
| 121 | ov_121 | 2.0730800270125065 × 10^284 |
| 122 | ov_122 | 1.388292997993968 × 10^284 |
| 123 | ov_123 | 8.769367666353715 × 10^283 |
| 124 | ov_124 | 5.1262636205373795 × 10^283 |
| 125 | ov_125 | 2.689798506203971 × 10^283 |
| 126 | ov_126 | 1.1961625817479375 × 10^283 |
| 127 | aaa_77_28 | 3.8154844089258957 × 10^282 |
| 128 | aaa_77_29 | 1.4280998089459549 × 10^282 |
| 129 | ov_129 | 1.3003258756931096 × 10^282 |
| 130 | ov_130 | 1.3003227467376691 × 10^282 |
| 131 | ov_131 | 1.3003217519397234 × 10^282 |
| 132 | ov_132 | 1.1218136497417769 × 10^282 |
| 133 | ov_133 | 9.625424154108327 × 10^281 |
| 134 | ov_134 | 8.210289977171652 × 10^281 |
| 135 | ov_135 | 6.958712301351298 × 10^281 |
| 136 | ov_136 | 5.857383046060119 × 10^281 |
| 137 | ov_137 | 4.893660748439219 × 10^281 |
| 138 | ov_138 | 4.055531052735383 × 10^281 |
| 139 | ov_139 | 3.33157385870107 × 10^281 |
| 140 | ov_140 | 2.7109363725312942 × 10^281 |
| 141 | ov_141 | 2.1833113439231396 × 10^281 |
| 142 | ov_142 | 1.738919812395081 × 10^281 |
| 143 | ov_143 | 1.3684977252011376 × 10^281 |
| 144 | ov_144 | 1.0632858281393403 × 10^281 |
| 145 | ov_145 | 8.150222693646889 × 10^280 |
| 146 | ov_146 | 6.1593739502218405 × 10^280 |
| 147 | ov_147 | 4.587502541430681 × 10^280 |
| 148 | ov_148 | 3.3666636881333503 × 10^280 |
| 149 | ov_149 | 2.433763641415073 × 10^280 |
| 150 | ov_150 | 1.7305510916570408 × 10^280 |
| 151 | ov_151 | 1.203611260148211 × 10^280 |
| 152 | ov_152 | 8.043615264689737 × 10^279 |
| 153 | ov_153 | 5.0971815205382496 × 10^279 |
| 154 | ov_154 | 2.990112030245183 × 10^279 |
| 155 | ov_155 | 1.5398364253947126 × 10^279 |
| 156 | aaa_76_25 | 5.879080078074977 × 10^278 |
| 157 | aaa_76_26 | 3.340953799365472 × 10^278 |
| 158 | aaa_76_27 | 1.6637246763242464 × 10^278 |
| 159 | aaa_76_28 | 6.062134103818175 × 10^277 |
| 160 | aaa_76_29 | 1.609156461972683 × 10^277 |

### Output Bits Sorted by Complexity

| Rank | Output Bit | Complexity |
|:----:|:----------:|:----------:|
| 160 | aaa_76_29 | 1.609156461972683 × 10^277 |
| 159 | aaa_76_28 | 6.062134103818175 × 10^277 |
| 158 | aaa_76_27 | 1.6637246763242464 × 10^278 |
| 157 | aaa_76_26 | 3.340953799365472 × 10^278 |
| 156 | aaa_76_25 | 5.879080078074977 × 10^278 |
| 155 | ov_155 | 1.5398364253947126 × 10^279 |
| 154 | ov_154 | 2.990112030245183 × 10^279 |
| 153 | ov_153 | 5.0971815205382496 × 10^279 |
| 152 | ov_152 | 8.043615264689737 × 10^279 |
| 151 | ov_151 | 1.203611260148211 × 10^280 |
| 150 | ov_150 | 1.7305510916570408 × 10^280 |
| 149 | ov_149 | 2.433763641415073 × 10^280 |
| 148 | ov_148 | 3.3666636881333503 × 10^280 |
| 147 | ov_147 | 4.587502541430681 × 10^280 |
| 146 | ov_146 | 6.1593739502218405 × 10^280 |
| 145 | ov_145 | 8.150222693646889 × 10^280 |
| 144 | ov_144 | 1.0632858281393403 × 10^281 |
| 143 | ov_143 | 1.3684977252011376 × 10^281 |
| 142 | ov_142 | 1.738919812395081 × 10^281 |
| 141 | ov_141 | 2.1833113439231396 × 10^281 |
| 140 | ov_140 | 2.7109363725312942 × 10^281 |
| 139 | ov_139 | 3.33157385870107 × 10^281 |
| 138 | ov_138 | 4.055531052735383 × 10^281 |
| 137 | ov_137 | 4.893660748439219 × 10^281 |
| 136 | ov_136 | 5.857383046060119 × 10^281 |
| 135 | ov_135 | 6.958712301351298 × 10^281 |
| 134 | ov_134 | 8.210289977171652 × 10^281 |
| 133 | ov_133 | 9.625424154108327 × 10^281 |
| 132 | ov_132 | 1.1218136497417769 × 10^282 |
| 131 | ov_131 | 1.3003217519397234 × 10^282 |
| 130 | ov_130 | 1.3003227467376691 × 10^282 |
| 129 | ov_129 | 1.3003258756931096 × 10^282 |
| 128 | aaa_77_29 | 1.4280998089459549 × 10^282 |
| 127 | aaa_77_28 | 3.8154844089258957 × 10^282 |
| 126 | ov_126 | 1.1961625817479375 × 10^283 |
| 125 | ov_125 | 2.689798506203971 × 10^283 |
| 124 | ov_124 | 5.1262636205373795 × 10^283 |
| 123 | ov_123 | 8.769367666353715 × 10^283 |
| 122 | ov_122 | 1.388292997993968 × 10^284 |
| 121 | ov_121 | 2.0730800270125065 × 10^284 |
| 120 | ov_120 | 2.9576900994406095 × 10^284 |
| 119 | ov_119 | 4.068529686080988 × 10^284 |
| 118 | ov_118 | 5.432029876653414 × 10^284 |
| 117 | ov_117 | 7.327321786066453 × 10^284 |
| 116 | ov_116 | 1.006006663707386 × 10^285 |
| 115 | ov_115 | 1.3962541870874162 × 10^285 |
| 114 | ov_114 | 1.9393761074541178 × 10^285 |
| 113 | ov_113 | 2.6739635993600037 × 10^285 |
| 112 | ov_112 | 3.641319217202216 × 10^285 |
| 111 | ov_111 | 4.885485558630464 × 10^285 |
| 110 | ov_110 | 6.453283164029171 × 10^285 |
| 109 | ov_109 | 8.394359982218187 × 10^285 |
| 108 | ov_108 | 1.0761254926242718 × 10^286 |
| 107 | ov_107 | 1.36094782372175 × 10^286 |
| 106 | ov_106 | 1.6997611568867388 × 10^286 |
| 105 | ov_105 | 2.0987430901016316 × 10^286 |
| 104 | ov_104 | 2.5644055587328847 × 10^286 |
| 103 | ov_103 | 3.1036127041790767 × 10^286 |
| 102 | ov_102 | 3.7236020770608286 × 10^286 |
| 101 | ov_101 | 4.432009566249813 × 10^286 |
| 100 | ov_100 | 5.236898466203976 × 10^286 |
| 99 | ov_099 | 6.146793116941814 × 10^286 |
| 98 | ov_098 | 6.146804130234365 × 10^286 |
| 97 | ov_097 | 6.146838672596231 × 10^286 |
| 96 | aaa_78_29 | 1.151881884671873 × 10^287 |
| 95 | aaa_78_28 | 3.79788971764479 × 10^287 |
| 94 | ov_094 | 1.2396811254067048 × 10^288 |
| 93 | ov_093 | 2.918591383707413 × 10^288 |
| 92 | ov_092 | 5.887946707266242 × 10^288 |
| 91 | ov_091 | 1.0751688326043566 × 10^289 |
| 90 | ov_090 | 1.8246278760410196 × 10^289 |
| 89 | ov_089 | 2.9240719032317013 × 10^289 |
| 88 | ov_088 | 4.473658371803231 × 10^289 |
| 87 | ov_087 | 6.586808334364539 × 10^289 |
| 86 | ov_086 | 9.390216449796947 × 10^289 |
| 85 | ov_085 | 1.3150560480527378 × 10^290 |
| 84 | ov_084 | 1.8161115799276564 × 10^290 |
| 83 | ov_083 | 2.474180376921781 × 10^290 |
| 82 | ov_082 | 3.323925505658465 × 10^290 |
| 81 | ov_081 | 4.402688998833476 × 10^290 |
| 80 | ov_080 | 5.750502059575497 × 10^290 |
| 64 | lv_79_m31 | 6.028027216584162 × 10^290 |
| 79 | ov_079 | 7.410098683211324 × 10^290 |
| 78 | ov_078 | 9.426934809581532 × 10^290 |
| 77 | ov_077 | 1.1849215557931426 × 10^291 |
| 76 | ov_076 | 1.4727933309891457 × 10^291 |
| 75 | ov_075 | 1.8116919620698117 × 10^291 |
| 74 | ov_074 | 2.207291415498309 × 10^291 |
| 73 | ov_073 | 2.665565406168254 × 10^291 |
| 63 | ov_063 | 3.096535606918363 × 10^291 |
| 72 | ov_072 | 3.192798742355065 × 10^291 |
| 71 | ov_071 | 3.7956014641235986 × 10^291 |
| 70 | ov_070 | 4.4809261840928624 × 10^291 |
| 69 | ov_069 | 5.2560890629446866 × 10^291 |
| 68 | ov_068 | 6.128794876277359 × 10^291 |
| 67 | ov_067 | 7.107166654517643 × 10^291 |
| 66 | ov_066 | 7.107172046589097 × 10^291 |
| 65 | ov_065 | 7.107194422697188 × 10^291 |
| 62 | ov_062 | 1.401167402504761 × 10^292 |
| 61 | ov_061 | 5.234866205543055 × 10^292 |
| 60 | ov_060 | 1.5489708764182714 × 10^293 |
| 59 | ov_059 | 3.82564083692275 × 10^293 |
| 58 | ov_058 | 7.869918714828441 × 10^293 |
| 57 | ov_057 | 1.434274742603962 × 10^294 |
| 56 | ov_056 | 2.404959691650242 × 10^294 |
| 55 | ov_055 | 3.794048151085962 × 10^294 |
| 54 | ov_054 | 5.710999770005169 × 10^294 |
| 53 | ov_053 | 8.279739601556183 × 10^294 |
| 52 | ov_052 | 1.1638670584751121 × 10^295 |
| 51 | ov_051 | 1.594069373646825 × 10^295 |
| 50 | ov_050 | 2.1506140016481732 × 10^295 |
| 49 | ov_049 | 2.868444321706306 × 10^295 |
| 48 | ov_048 | 3.7854248062709307 × 10^295 |
| 47 | ov_047 | 4.942355912456569 × 10^295 |
| 32 | lv_80_m31 | 5.959556692206686 × 10^295 |
| 46 | ov_046 | 6.382994142166379 × 10^295 |
| 45 | ov_045 | 8.154078857743217 × 10^295 |
| 44 | ov_044 | 1.0281248749615425 × 10^296 |
| 43 | ov_043 | 1.2817327329040626 × 10^296 |
| 42 | ov_042 | 1.5818264732085482 × 10^296 |
| 41 | ov_041 | 1.9343215635436978 × 10^296 |
| 40 | ov_040 | 2.342424778776448 × 10^296 |
| 39 | ov_039 | 2.809517416474294 × 10^296 |
| 31 | ov_031 | 3.053804596511716 × 10^296 |
| 38 | ov_038 | 3.3391634126151614 × 10^296 |
| 37 | ov_037 | 3.9351190818897386 × 10^296 |
| 36 | ov_036 | 4.605101001311136 × 10^296 |
| 35 | ov_035 | 5.3572472560896195 × 10^296 |
| 34 | ov_034 | 6.200146936565725 × 10^296 |
| 33 | ov_033 | 7.142874416340256 × 10^296 |
| 30 | ov_030 | 1.5647292320168423 × 10^297 |
| 29 | ov_029 | 5.116349292116625 × 10^297 |
| 28 | ov_028 | 1.3274133106132283 × 10^298 |
| 27 | ov_027 | 2.9659994269059133 × 10^298 |
| 26 | ov_026 | 5.929814395919488 × 10^298 |
| 25 | ov_025 | 1.0861510745602811 × 10^299 |
| 24 | ov_024 | 1.8543978682142772 × 10^299 |
| 23 | ov_023 | 2.990036510680307 × 10^299 |
| 22 | ov_022 | 4.599412073050572 × 10^299 |
| 21 | ov_021 | 6.909254702208541 × 10^299 |
| 20 | ov_020 | 1.0174391393348186 × 10^300 |
| 19 | ov_019 | 1.467778952681917 × 10^300 |
| 18 | ov_018 | 2.0730623345005462 × 10^300 |
| 17 | ov_017 | 2.8672370391442196 × 10^300 |
| 16 | ov_016 | 3.8870946090969025 × 10^300 |
| 15 | ov_015 | 5.172288580677141 × 10^300 |
| 14 | ov_014 | 6.765358486804423 × 10^300 |
| 13 | ov_013 | 8.71176097502662 × 10^300 |
| 12 | ov_012 | 1.1059909948374247 × 10^301 |
| 11 | ov_011 | 1.3861228269916878 × 10^301 |
| 10 | ov_010 | 1.7170213943630196 × 10^301 |
| 9 | ov_009 | 2.1044523918560127 × 10^301 |
| 8 | ov_008 | 2.5545078899073085 × 10^301 |
| 7 | ov_007 | 3.073619254050396 × 10^301 |
| 6 | ov_006 | 3.6685728167390284 × 10^301 |
| 5 | ov_005 | 4.3465286395102464 × 10^301 |
| 4 | ov_004 | 5.115042776606495 × 10^301 |
| 3 | ov_003 | 5.982093470267969 × 10^301 |
| 2 | ov_002 | 6.956111641131247 × 10^301 |
| 1 | ov_001 | 8.046015966176491 × 10^301 |

