# Results for F001-F002-F003-F004-F005-F006-F007-F008-F009-F010-F011-F012-F013-F014-F015-F016-F017-F018-F019-F020-F021-F022-F023-F024-F025-F026-F027-F028-F029-F030-F031-F032-F033-F034-F035-F036-F037-F038-F039-F040-F041-F042-F043-F044-F045-F046-F047-F048-F049-F050-F051-F052-F053-F054-F055-F056-F057-F058-F059-F060-F061-F062-F063-F064-F065-F066-F067-F068-F069-F070-F071-F072-F073-F074-F075-F076-F077-F078-F079-F080-F081-F082-F083-F084-F085-F086-F087-F088-F089-F090-F091-F092-F093-F094-F095-F096-F097-F098-F099-F100-F101-F102-F103-F104-F105-F106-F107-F108-F109-F110-F111-F112-F113-F114-F115-F116-F117-F118-F119-F120-F121-F122-F123-F124-F125-F126-F127-F128-F129-F130-F131-F132-F133-F134-F135-F136-F137-F138-F139-F140-F141-F142-F143-F144-F145-F146-F147-F148-F149-F150-F151-F152-F153-F154-F155-F156-F157-F158-F159-F160-F161-F162-F163-F164-F165-F166-F167-F168-F169-F170-F171-F172-F173-F174-F175-F176-F177-F178-F179-F180-F181-F182-F183-F184-F185-F186-F187-F188-F189-F190-F191-F192-F193-F194-F195-F196-F197-F198-F199-F200-F201-F202-F203-F204-F205-F206-F207-F208-F209-F210-F211-F212-F213-F214-F215-F216-F217-F218-F219-F220-F221-F222-F223-F224-F225-F226-F227-F228-F229-F230-F231-F232-F233-F234-F235-F236-F237-F238-F239-F240-F241-F242-F243-F244-F245-F246-F247-F248-F249-F250-F251-F252-F253-F254-F255-F256-F257-F258-F259-F260-F261-F262-F263-F264-F265-F266-F267-F268-F269-F270-F271-F272-F273-F274-F275-F276-F277-F278-F279-F280-F281-F282-F283-F284-F285-F286-F287-F288-F289-F290-F291-F292-F293-F294-F295-F296-F297-F298-F299-F300-F301-F302-F303-F304-F305-F306-F307-F308-F309-F310-F311-F312-F313-F314-F315-F316-F317-F318-F319-F320-F321-F322-F323-F324-F325-F326-F327-F328-F329-F330-F331-F332-F333-F334-F335-F336-F337-F338-F339-F340-F341-F342-F343-F344-F345-F346-F347-F348-F349-F350-F351-F352-F353-F354-F355-F356-F357-F358-F359-F360-F361-F362-F363-F364-F365-F366-F367-F368-F369-F370-F371-F372-F373-F374-F375-F376-F377-F378-F379-F380-F381-F382-F383-F384-F385-F386-F387-F388-F389-F390-F391-F392-F393-F394-F395-F396-F397-F398-F399-F400-F401-F402-F403-F404-F405-F406-F407-F408-F409-F410-F411-F412-F413-F414-F415-F416-F417-F418-F419-F420-F421-F422-F423-F424-F425-F426-F427-F428-F429-F430-F431-F432-F433-F434-F435-F436-F437-F438-F439-F440-F441-F442-F443-F444-F445-F446-F447-F448-F449-F450-F451-F452-F453-F454-F455-F456-F457-F458-F459-F460-F461-F462-F463-F464-F465-F466-F467-F468-F469-F470-F471-F472-F473-F474-F475-F476-F477-F478-F479-F480-F481-F482-F483-F484-F485-F486-F487-F488-F489-F490-F491-F492-F493-F494-F495-F496-F497-F498-F499-F500-F501-E504508-F512

## Summary

Number of input bits: 512  
Number of free input bits: 9  
Number of output bits: 160

Number of direct occurrences: 37081  
Number of assignments: 31073  
Number of operations: 10957099
(xor: 10927998,
and: 15978,
or: 13123)

Total complexity: 8.840264534105724 × 10^298

Least occurring input variable: iv_502 (3919)  
Most occurring input variable: iv_510 (4264)

Most co-occurring input variables: iv_509-iv_510 (2119)  
Least co-occurring input variables: iv_505-iv_506 (1784)

Potentially most occurring input variable: iv_507/iv_510 (4541)  
Potentially least occurring input variable: iv_506/iv_507 (4203)

Least output occurring input variable: iv_510 (74)  
Most output occurring input variable: iv_506 (82)

Most output co-occurring input variables: iv_502-iv_511 (45)  
Least output co-occurring input variables: iv_502-iv_503 (32)

Potentially most output occurring input variable: iv_502/iv_503 (96)  
Potentially least output occurring input variable: iv_504/iv_505 (71)

Least complex input bit: iv_511 (1.813285491843231 × 10^295)  
Most complex input bit: iv_510 (2.2758828830092986 × 10^298)

Least complex output bit: aaa_76_29 (1.3959326936203791 × 10^274)  
Most complex output bit: ov_001 (1.405186893318944 × 10^298)

Least complex input/output complexity: iv_511/aaa_76_29 (2.8632904492461877 × 10^270)  
Most complex input/output complexity: iv_510/ov_001 (3.6175849552867585 × 10^297)

Input variable with highest collision probability: iv_502 (½^160.00000000000045)

## Input Bits

### Input Bits in Regular Order

| Input Bit | Complexity | Occurrences | Output Occurrences | Collision Probability |
|:---------:|:----------:|:-----------:|:------------------:|:---------------------:|
| iv_502 | 9.996446012565604 × 10^296 | 3919 | 82 | ½^160.00000000000045 |
| iv_503 | 1.7776845400325245 × 10^297 | 4180 | 78 | ½^160.00000000000063 |
| iv_504 | 1.8527433805851766 × 10^298 | 4152 | 78 | ½^160.00000000000074 |
| iv_505 | 4.696774245793763 × 10^297 | 3937 | 79 | ½^160.00000000000068 |
| iv_506 | 7.221214722470964 × 10^297 | 3978 | 82 | ½^160.00000000000077 |
| iv_507 | 1.0818083070465616 × 10^298 | 4195 | 76 | ½^160.00000000000063 |
| iv_509 | 2.1584848670174692 × 10^298 | 4245 | 80 | ½^160.00000000000074 |
| iv_510 | 2.2758828830092986 × 10^298 | 4264 | 74 | ½^160.00000000000068 |
| iv_511 | 1.813285491843231 × 10^295 | 4211 | 80 | ½^160.0000000000008 |

### Input Bits Sorted by Complexity

| Input Bit | Complexity | Occurrences | Output Occurrences | Collision Probability |
|:---------:|:----------:|:-----------:|:------------------:|:---------------------:|
| iv_511 | 1.813285491843231 × 10^295 | 4211 | 80 | ½^160.0000000000008 |
| iv_502 | 9.996446012565604 × 10^296 | 3919 | 82 | ½^160.00000000000045 |
| iv_503 | 1.7776845400325245 × 10^297 | 4180 | 78 | ½^160.00000000000063 |
| iv_505 | 4.696774245793763 × 10^297 | 3937 | 79 | ½^160.00000000000068 |
| iv_506 | 7.221214722470964 × 10^297 | 3978 | 82 | ½^160.00000000000077 |
| iv_507 | 1.0818083070465616 × 10^298 | 4195 | 76 | ½^160.00000000000063 |
| iv_504 | 1.8527433805851766 × 10^298 | 4152 | 78 | ½^160.00000000000074 |
| iv_509 | 2.1584848670174692 × 10^298 | 4245 | 80 | ½^160.00000000000074 |
| iv_510 | 2.2758828830092986 × 10^298 | 4264 | 74 | ½^160.00000000000068 |

### Input Bits Sorted by Occurrences

| Input Bit | Complexity | Occurrences | Output Occurrences | Collision Probability |
|:---------:|:----------:|:-----------:|:------------------:|:---------------------:|
| iv_502 | 9.996446012565604 × 10^296 | 3919 | 82 | ½^160.00000000000045 |
| iv_505 | 4.696774245793763 × 10^297 | 3937 | 79 | ½^160.00000000000068 |
| iv_506 | 7.221214722470964 × 10^297 | 3978 | 82 | ½^160.00000000000077 |
| iv_504 | 1.8527433805851766 × 10^298 | 4152 | 78 | ½^160.00000000000074 |
| iv_503 | 1.7776845400325245 × 10^297 | 4180 | 78 | ½^160.00000000000063 |
| iv_507 | 1.0818083070465616 × 10^298 | 4195 | 76 | ½^160.00000000000063 |
| iv_511 | 1.813285491843231 × 10^295 | 4211 | 80 | ½^160.0000000000008 |
| iv_509 | 2.1584848670174692 × 10^298 | 4245 | 80 | ½^160.00000000000074 |
| iv_510 | 2.2758828830092986 × 10^298 | 4264 | 74 | ½^160.00000000000068 |

### Input Bits Sorted by Output Occurrences

| Input Bit | Complexity | Occurrences | Output Occurrences | Collision Probability |
|:---------:|:----------:|:-----------:|:------------------:|:---------------------:|
| iv_510 | 2.2758828830092986 × 10^298 | 4264 | 74 | ½^160.00000000000068 |
| iv_507 | 1.0818083070465616 × 10^298 | 4195 | 76 | ½^160.00000000000063 |
| iv_503 | 1.7776845400325245 × 10^297 | 4180 | 78 | ½^160.00000000000063 |
| iv_504 | 1.8527433805851766 × 10^298 | 4152 | 78 | ½^160.00000000000074 |
| iv_505 | 4.696774245793763 × 10^297 | 3937 | 79 | ½^160.00000000000068 |
| iv_509 | 2.1584848670174692 × 10^298 | 4245 | 80 | ½^160.00000000000074 |
| iv_511 | 1.813285491843231 × 10^295 | 4211 | 80 | ½^160.0000000000008 |
| iv_502 | 9.996446012565604 × 10^296 | 3919 | 82 | ½^160.00000000000045 |
| iv_506 | 7.221214722470964 × 10^297 | 3978 | 82 | ½^160.00000000000077 |

### Input Bits Sorted by Collision Probability

| Input Bit | Complexity | Occurrences | Output Occurrences | Collision Probability |
|:---------:|:----------:|:-----------:|:------------------:|:---------------------:|
| iv_502 | 9.996446012565604 × 10^296 | 3919 | 82 | ½^160.00000000000045 |
| iv_507 | 1.0818083070465616 × 10^298 | 4195 | 76 | ½^160.00000000000063 |
| iv_503 | 1.7776845400325245 × 10^297 | 4180 | 78 | ½^160.00000000000063 |
| iv_505 | 4.696774245793763 × 10^297 | 3937 | 79 | ½^160.00000000000068 |
| iv_510 | 2.2758828830092986 × 10^298 | 4264 | 74 | ½^160.00000000000068 |
| iv_509 | 2.1584848670174692 × 10^298 | 4245 | 80 | ½^160.00000000000074 |
| iv_504 | 1.8527433805851766 × 10^298 | 4152 | 78 | ½^160.00000000000074 |
| iv_506 | 7.221214722470964 × 10^297 | 3978 | 82 | ½^160.00000000000077 |
| iv_511 | 1.813285491843231 × 10^295 | 4211 | 80 | ½^160.0000000000008 |

## Input Bit/Output Bit Collision Probabilities

| Input Bit | Output Bit | Collision Probability |
|:---------:|:----------:|:---------------------:|
| iv_506 | ov_006 | 0.500000000000004 |
| iv_502 | ov_153 | 0.5000000000000031 |
| iv_509 | ov_126 | 0.5000000000000024 |
| iv_502 | ov_137 | 0.5000000000000022 |
| iv_507 | aaa_76_27 | 0.500000000000002 |
| iv_502 | ov_007 | 0.5000000000000019 |
| iv_502 | ov_037 | 0.5000000000000018 |
| iv_502 | ov_093 | 0.5000000000000018 |
| iv_502 | ov_123 | 0.5000000000000018 |

## Input Bit Co-occurrences

### Input Bit Co-occurrences Sorted by Co-occurrences

| Input Bits | Co-occurrences | Potential Occurrences | Output Co-occurrences | Potential Output Occurrences |
|:----------:|:--------------:|:---------------------:|:---------------------:|:----------------------------:|
| iv_509-iv_510 | 2119 | 4271 | 37 | 80 |
| iv_509-iv_511 | 2062 | 4332 | 37 | 86 |
| iv_510-iv_511 | 2059 | 4357 | 39 | 76 |
| iv_504-iv_511 | 2053 | 4257 | 39 | 80 |
| iv_504-iv_510 | 2026 | 4364 | 38 | 76 |
| iv_507-iv_509 | 2024 | 4392 | 38 | 80 |
| iv_504-iv_509 | 2021 | 4355 | 32 | 94 |
| iv_503-iv_509 | 2009 | 4407 | 38 | 82 |
| iv_503-iv_511 | 2008 | 4375 | 37 | 84 |

### Input Bit Co-occurrences Sorted by Potential Occurrences

| Input Bits | Co-occurrences | Potential Occurrences | Output Co-occurrences | Potential Output Occurrences |
|:----------:|:--------------:|:---------------------:|:---------------------:|:----------------------------:|
| iv_506-iv_507 | 1985 | 4203 | 39 | 80 |
| iv_502-iv_505 | 1820 | 4216 | 36 | 89 |
| iv_505-iv_510 | 1975 | 4251 | 40 | 73 |
| iv_504-iv_511 | 2053 | 4257 | 39 | 80 |
| iv_509-iv_510 | 2119 | 4271 | 37 | 80 |
| iv_502-iv_506 | 1811 | 4275 | 44 | 76 |
| iv_503-iv_505 | 1914 | 4289 | 42 | 73 |
| iv_506-iv_509 | 1963 | 4297 | 39 | 84 |
| iv_502-iv_511 | 1902 | 4326 | 45 | 72 |

### Input Bit Output Co-occurrences Sorted by Output Co-occurrences

| Input Bits | Co-occurrences | Potential Occurrences | Output Co-occurrences | Potential Output Occurrences |
|:----------:|:--------------:|:---------------------:|:---------------------:|:----------------------------:|
| iv_502-iv_511 | 1902 | 4326 | 45 | 72 |
| iv_502-iv_506 | 1811 | 4275 | 44 | 76 |
| iv_504-iv_505 | 1816 | 4457 | 43 | 71 |
| iv_503-iv_505 | 1914 | 4289 | 42 | 73 |
| iv_502-iv_507 | 1891 | 4332 | 42 | 74 |
| iv_504-iv_506 | 1845 | 4440 | 42 | 76 |
| iv_502-iv_509 | 1912 | 4340 | 41 | 80 |
| iv_502-iv_504 | 1821 | 4429 | 41 | 78 |
| iv_504-iv_507 | 1968 | 4411 | 41 | 72 |

### Input Bit Output Co-occurrences Sorted by Potential Output Occurrences

| Input Bits | Co-occurrences | Potential Occurrences | Output Co-occurrences | Potential Output Occurrences |
|:----------:|:--------------:|:---------------------:|:---------------------:|:----------------------------:|
| iv_504-iv_505 | 1816 | 4457 | 43 | 71 |
| iv_502-iv_511 | 1902 | 4326 | 45 | 72 |
| iv_504-iv_507 | 1968 | 4411 | 41 | 72 |
| iv_503-iv_505 | 1914 | 4289 | 42 | 73 |
| iv_505-iv_510 | 1975 | 4251 | 40 | 73 |
| iv_502-iv_507 | 1891 | 4332 | 42 | 74 |
| iv_502-iv_506 | 1811 | 4275 | 44 | 76 |
| iv_502-iv_510 | 1896 | 4391 | 40 | 76 |
| iv_503-iv_510 | 2007 | 4430 | 38 | 76 |

## Output Bits

### Output Bits in Regular Order

| Rank | Output Bit | Complexity |
|:----:|:----------:|:----------:|
| 1 | ov_001 | 1.405186893318944 × 10^298 |
| 2 | ov_002 | 1.221709387012114 × 10^298 |
| 3 | ov_003 | 1.0560135995403114 × 10^298 |
| 4 | ov_004 | 9.073616163643263 × 10^297 |
| 5 | ov_005 | 7.750557516405525 × 10^297 |
| 6 | ov_006 | 6.578100352955479 × 10^297 |
| 7 | ov_007 | 5.544058588323739 × 10^297 |
| 8 | ov_008 | 4.6368788850360176 × 10^297 |
| 9 | ov_009 | 3.845605466348488 × 10^297 |
| 10 | ov_010 | 3.159850048761198 × 10^297 |
| 11 | ov_011 | 2.569766491818792 × 10^297 |
| 12 | ov_012 | 2.0660298288230864 × 10^297 |
| 13 | ov_013 | 1.6398193278508453 × 10^297 |
| 14 | ov_014 | 1.282805152906177 × 10^297 |
| 15 | ov_015 | 9.871381222328589 × 10^296 |
| 16 | ov_016 | 7.454420621612771 × 10^296 |
| 17 | ov_017 | 5.508082920556956 × 10^296 |
| 18 | ov_018 | 3.967918129992964 × 10^296 |
| 19 | ov_019 | 2.774088098545832 × 10^296 |
| 20 | ov_020 | 1.8713511329593147 × 10^296 |
| 21 | ov_021 | 1.209053053470313 × 10^296 |
| 22 | ov_022 | 7.411220173556365 × 10^295 |
| 23 | ov_023 | 4.260652810759168 × 10^295 |
| 24 | ov_024 | 2.269670274466018 × 10^295 |
| 25 | ov_025 | 1.1148694470619956 × 10^295 |
| 26 | ov_026 | 5.1859374490584615 × 10^294 |
| 27 | ov_027 | 2.4892854913232674 × 10^294 |
| 28 | ov_028 | 1.1969908750478619 × 10^294 |
| 29 | ov_029 | 4.925278216182864 × 10^293 |
| 30 | ov_030 | 1.627370164888957 × 10^293 |
| 31 | ov_031 | 3.9347535153004925 × 10^292 |
| 32 | lv_80_m31 | 9.510796626095011 × 10^291 |
| 33 | ov_033 | 1.1338907693252178 × 10^293 |
| 34 | ov_034 | 9.785467066851648 × 10^292 |
| 35 | ov_035 | 8.403518969984359 × 10^292 |
| 36 | ov_036 | 7.178621450183674 × 10^292 |
| 37 | ov_037 | 6.09710692297342 × 10^292 |
| 38 | ov_038 | 5.146027260274387 × 10^292 |
| 39 | ov_039 | 4.3131064361267206 × 10^292 |
| 40 | ov_040 | 3.586699990732786 × 10^292 |
| 41 | ov_041 | 2.9557606189385266 × 10^292 |
| 42 | ov_042 | 2.4098092320367053 × 10^292 |
| 43 | ov_043 | 1.938910882472652 × 10^292 |
| 44 | ov_044 | 1.533654979924156 × 10^292 |
| 45 | ov_045 | 1.189465096493387 × 10^292 |
| 46 | ov_046 | 9.020154002425107 × 10^291 |
| 47 | ov_047 | 6.672250259798682 × 10^291 |
| 48 | ov_048 | 4.812537323121371 × 10^291 |
| 49 | ov_049 | 3.371307457619129 × 10^291 |
| 50 | ov_050 | 2.283536115269837 × 10^291 |
| 51 | ov_051 | 1.4888543814189907 × 10^291 |
| 52 | ov_052 | 9.315311668348113 × 10^290 |
| 53 | ov_053 | 5.604624598477761 × 10^290 |
| 54 | ov_054 | 3.291652658078404 × 10^290 |
| 55 | ov_055 | 1.9577426253699754 × 10^290 |
| 56 | ov_056 | 1.2303983246125362 × 10^290 |
| 57 | ov_057 | 7.832682744379304 × 10^289 |
| 58 | ov_058 | 4.647117170033884 × 10^289 |
| 59 | ov_059 | 2.51662727942119 × 10^289 |
| 60 | ov_060 | 1.210559364015384 × 10^289 |
| 61 | ov_061 | 4.982614990383462 × 10^288 |
| 62 | ov_062 | 1.6466649879441928 × 10^288 |
| 63 | ov_063 | 3.9821340101174525 × 10^287 |
| 64 | lv_79_m31 | 9.626653952220648 × 10^286 |
| 65 | ov_065 | 1.1344084817083278 × 10^288 |
| 66 | ov_066 | 1.1344057150152532 × 10^288 |
| 67 | ov_067 | 1.1344048183464543 × 10^288 |
| 68 | ov_068 | 9.785620542166915 × 10^287 |
| 69 | ov_069 | 8.391068920694343 × 10^287 |
| 70 | ov_070 | 7.153234555433689 × 10^287 |
| 71 | ov_071 | 6.059096734346536 × 10^287 |
| 72 | ov_072 | 5.096431337950985 × 10^287 |
| 73 | ov_073 | 4.253758068584857 × 10^287 |
| 74 | ov_074 | 3.5202925118718036 × 10^287 |
| 75 | ov_075 | 2.8859027737455054 × 10^287 |
| 76 | ov_076 | 2.3410704446119535 × 10^287 |
| 77 | ov_077 | 1.8768556487992194 × 10^287 |
| 78 | ov_078 | 1.4848659425870298 × 10^287 |
| 79 | ov_079 | 1.157228828042121 × 10^287 |
| 80 | ov_080 | 8.865676528106855 × 10^286 |
| 81 | ov_081 | 6.659806681211635 × 10^286 |
| 82 | ov_082 | 4.890230187023607 × 10^286 |
| 83 | ov_083 | 3.4969143927635845 × 10^286 |
| 84 | ov_084 | 2.4241143286754686 × 10^286 |
| 85 | ov_085 | 1.6202670649835398 × 10^286 |
| 86 | ov_086 | 1.0379064002901648 × 10^286 |
| 87 | ov_087 | 6.335956401059718 × 10^285 |
| 88 | ov_088 | 3.6787622489903416 × 10^285 |
| 89 | ov_089 | 2.052299674834007 × 10^285 |
| 90 | ov_090 | 1.1405265982553427 × 10^285 |
| 91 | ov_091 | 6.663680949367284 × 10^284 |
| 92 | ov_092 | 3.916128496186165 × 10^284 |
| 93 | ov_093 | 2.0686179352058403 × 10^284 |
| 94 | ov_094 | 9.272751387122712 × 10^283 |
| 95 | aaa_78_28 | 2.9824971515169914 × 10^283 |
| 96 | aaa_78_29 | 1.1301091327807612 × 10^283 |
| 97 | ov_097 | 1.2311166577702314 × 10^283 |
| 98 | ov_098 | 1.2310798785535765 × 10^283 |
| 99 | ov_099 | 1.2310681424588508 × 10^283 |
| 100 | ov_100 | 1.1080411838163876 × 10^283 |
| 101 | ov_101 | 9.940592918498376 × 10^282 |
| 102 | ov_102 | 8.886291778039926 × 10^282 |
| 103 | ov_103 | 7.912936304142215 × 10^282 |
| 104 | ov_104 | 7.01626750429477 × 10^282 |
| 105 | ov_105 | 6.192296410461733 × 10^282 |
| 106 | ov_106 | 5.437265300558986 × 10^282 |
| 107 | ov_107 | 4.7476130049072523 × 10^282 |
| 108 | ov_108 | 4.119944073531988 × 10^282 |
| 109 | ov_109 | 3.551001171076728 × 10^282 |
| 110 | ov_110 | 3.0376400712435595 × 10^282 |
| 111 | ov_111 | 2.5768074578502555 × 10^282 |
| 112 | ov_112 | 2.1655217426203183 × 10^282 |
| 113 | ov_113 | 1.800856696462989 × 10^282 |
| 114 | ov_114 | 1.4799276925867817 × 10^282 |
| 115 | ov_115 | 1.1998803608672629 × 10^282 |
| 116 | ov_116 | 9.57881453581065 × 10^281 |
| 117 | ov_117 | 7.511117230321973 × 10^281 |
| 118 | ov_118 | 5.7676061182745075 × 10^281 |
| 119 | ov_119 | 4.320225566800096 × 10^281 |
| 120 | ov_120 | 3.1409470668561202 × 10^281 |
| 121 | ov_121 | 2.2017574243440934 × 10^281 |
| 122 | ov_122 | 1.474653028530708 × 10^281 |
| 123 | ov_123 | 9.316362617337375 × 10^280 |
| 124 | ov_124 | 5.447128877834341 × 10^280 |
| 125 | ov_125 | 2.858903392442823 × 10^280 |
| 126 | ov_126 | 1.2717673283439444 × 10^280 |
| 127 | aaa_77_28 | 4.0580403752933456 × 10^279 |
| 128 | aaa_77_29 | 1.519712535127251 × 10^279 |
| 129 | ov_129 | 1.3913344245372198 × 10^279 |
| 130 | ov_130 | 1.3913310298395197 × 10^279 |
| 131 | ov_131 | 1.3913299398398477 × 10^279 |
| 132 | ov_132 | 1.2023042398299404 × 10^279 |
| 133 | ov_133 | 1.0334862256288606 × 10^279 |
| 134 | ov_134 | 8.832907343093295 × 10^278 |
| 135 | ov_135 | 7.502204623024184 × 10^278 |
| 136 | ov_136 | 6.32859515034517 × 10^278 |
| 137 | ov_137 | 5.298677900700724 × 10^278 |
| 138 | ov_138 | 4.399761345899306 × 10^278 |
| 139 | ov_139 | 3.61982207055681 × 10^278 |
| 140 | ov_140 | 2.9474697195181558 × 10^278 |
| 141 | ov_141 | 2.371917603746542 × 10^278 |
| 142 | ov_142 | 1.8829583302836582 × 10^278 |
| 143 | ov_143 | 1.4709438591471914 × 10^278 |
| 144 | ov_144 | 1.126769426815022 × 10^278 |
| 145 | ov_145 | 8.460166857989555 × 10^277 |
| 146 | ov_146 | 6.206320789586316 × 10^277 |
| 147 | ov_147 | 4.43075237386974 × 10^277 |
| 148 | ov_148 | 3.0631349254342727 × 10^277 |
| 149 | ov_149 | 2.038179962852224 × 10^277 |
| 150 | ov_150 | 1.2956110491573558 × 10^277 |
| 151 | ov_151 | 7.801471923018489 × 10^276 |
| 152 | ov_152 | 4.414930838730499 × 10^276 |
| 153 | ov_153 | 2.343338127601227 × 10^276 |
| 154 | ov_154 | 1.1833212933475827 × 10^276 |
| 155 | ov_155 | 5.812696531218622 × 10^275 |
| 156 | aaa_76_25 | 2.333262627689282 × 10^275 |
| 157 | aaa_76_26 | 1.4358222159299155 × 10^275 |
| 158 | aaa_76_27 | 7.871113326355721 × 10^274 |
| 159 | aaa_76_28 | 3.7084037849299013 × 10^274 |
| 160 | aaa_76_29 | 1.3959326936203791 × 10^274 |

### Output Bits Sorted by Complexity

| Rank | Output Bit | Complexity |
|:----:|:----------:|:----------:|
| 160 | aaa_76_29 | 1.3959326936203791 × 10^274 |
| 159 | aaa_76_28 | 3.7084037849299013 × 10^274 |
| 158 | aaa_76_27 | 7.871113326355721 × 10^274 |
| 157 | aaa_76_26 | 1.4358222159299155 × 10^275 |
| 156 | aaa_76_25 | 2.333262627689282 × 10^275 |
| 155 | ov_155 | 5.812696531218622 × 10^275 |
| 154 | ov_154 | 1.1833212933475827 × 10^276 |
| 153 | ov_153 | 2.343338127601227 × 10^276 |
| 152 | ov_152 | 4.414930838730499 × 10^276 |
| 151 | ov_151 | 7.801471923018489 × 10^276 |
| 150 | ov_150 | 1.2956110491573558 × 10^277 |
| 149 | ov_149 | 2.038179962852224 × 10^277 |
| 148 | ov_148 | 3.0631349254342727 × 10^277 |
| 147 | ov_147 | 4.43075237386974 × 10^277 |
| 146 | ov_146 | 6.206320789586316 × 10^277 |
| 145 | ov_145 | 8.460166857989555 × 10^277 |
| 144 | ov_144 | 1.126769426815022 × 10^278 |
| 143 | ov_143 | 1.4709438591471914 × 10^278 |
| 142 | ov_142 | 1.8829583302836582 × 10^278 |
| 141 | ov_141 | 2.371917603746542 × 10^278 |
| 140 | ov_140 | 2.9474697195181558 × 10^278 |
| 139 | ov_139 | 3.61982207055681 × 10^278 |
| 138 | ov_138 | 4.399761345899306 × 10^278 |
| 137 | ov_137 | 5.298677900700724 × 10^278 |
| 136 | ov_136 | 6.32859515034517 × 10^278 |
| 135 | ov_135 | 7.502204623024184 × 10^278 |
| 134 | ov_134 | 8.832907343093295 × 10^278 |
| 133 | ov_133 | 1.0334862256288606 × 10^279 |
| 132 | ov_132 | 1.2023042398299404 × 10^279 |
| 131 | ov_131 | 1.3913299398398477 × 10^279 |
| 130 | ov_130 | 1.3913310298395197 × 10^279 |
| 129 | ov_129 | 1.3913344245372198 × 10^279 |
| 128 | aaa_77_29 | 1.519712535127251 × 10^279 |
| 127 | aaa_77_28 | 4.0580403752933456 × 10^279 |
| 126 | ov_126 | 1.2717673283439444 × 10^280 |
| 125 | ov_125 | 2.858903392442823 × 10^280 |
| 124 | ov_124 | 5.447128877834341 × 10^280 |
| 123 | ov_123 | 9.316362617337375 × 10^280 |
| 122 | ov_122 | 1.474653028530708 × 10^281 |
| 121 | ov_121 | 2.2017574243440934 × 10^281 |
| 120 | ov_120 | 3.1409470668561202 × 10^281 |
| 119 | ov_119 | 4.320225566800096 × 10^281 |
| 118 | ov_118 | 5.7676061182745075 × 10^281 |
| 117 | ov_117 | 7.511117230321973 × 10^281 |
| 116 | ov_116 | 9.57881453581065 × 10^281 |
| 115 | ov_115 | 1.1998803608672629 × 10^282 |
| 114 | ov_114 | 1.4799276925867817 × 10^282 |
| 113 | ov_113 | 1.800856696462989 × 10^282 |
| 112 | ov_112 | 2.1655217426203183 × 10^282 |
| 111 | ov_111 | 2.5768074578502555 × 10^282 |
| 110 | ov_110 | 3.0376400712435595 × 10^282 |
| 109 | ov_109 | 3.551001171076728 × 10^282 |
| 108 | ov_108 | 4.119944073531988 × 10^282 |
| 107 | ov_107 | 4.7476130049072523 × 10^282 |
| 106 | ov_106 | 5.437265300558986 × 10^282 |
| 105 | ov_105 | 6.192296410461733 × 10^282 |
| 104 | ov_104 | 7.01626750429477 × 10^282 |
| 103 | ov_103 | 7.912936304142215 × 10^282 |
| 102 | ov_102 | 8.886291778039926 × 10^282 |
| 101 | ov_101 | 9.940592918498376 × 10^282 |
| 100 | ov_100 | 1.1080411838163876 × 10^283 |
| 96 | aaa_78_29 | 1.1301091327807612 × 10^283 |
| 99 | ov_099 | 1.2310681424588508 × 10^283 |
| 98 | ov_098 | 1.2310798785535765 × 10^283 |
| 97 | ov_097 | 1.2311166577702314 × 10^283 |
| 95 | aaa_78_28 | 2.9824971515169914 × 10^283 |
| 94 | ov_094 | 9.272751387122712 × 10^283 |
| 93 | ov_093 | 2.0686179352058403 × 10^284 |
| 92 | ov_092 | 3.916128496186165 × 10^284 |
| 91 | ov_091 | 6.663680949367284 × 10^284 |
| 90 | ov_090 | 1.1405265982553427 × 10^285 |
| 89 | ov_089 | 2.052299674834007 × 10^285 |
| 88 | ov_088 | 3.6787622489903416 × 10^285 |
| 87 | ov_087 | 6.335956401059718 × 10^285 |
| 86 | ov_086 | 1.0379064002901648 × 10^286 |
| 85 | ov_085 | 1.6202670649835398 × 10^286 |
| 84 | ov_084 | 2.4241143286754686 × 10^286 |
| 83 | ov_083 | 3.4969143927635845 × 10^286 |
| 82 | ov_082 | 4.890230187023607 × 10^286 |
| 81 | ov_081 | 6.659806681211635 × 10^286 |
| 80 | ov_080 | 8.865676528106855 × 10^286 |
| 64 | lv_79_m31 | 9.626653952220648 × 10^286 |
| 79 | ov_079 | 1.157228828042121 × 10^287 |
| 78 | ov_078 | 1.4848659425870298 × 10^287 |
| 77 | ov_077 | 1.8768556487992194 × 10^287 |
| 76 | ov_076 | 2.3410704446119535 × 10^287 |
| 75 | ov_075 | 2.8859027737455054 × 10^287 |
| 74 | ov_074 | 3.5202925118718036 × 10^287 |
| 63 | ov_063 | 3.9821340101174525 × 10^287 |
| 73 | ov_073 | 4.253758068584857 × 10^287 |
| 72 | ov_072 | 5.096431337950985 × 10^287 |
| 71 | ov_071 | 6.059096734346536 × 10^287 |
| 70 | ov_070 | 7.153234555433689 × 10^287 |
| 69 | ov_069 | 8.391068920694343 × 10^287 |
| 68 | ov_068 | 9.785620542166915 × 10^287 |
| 67 | ov_067 | 1.1344048183464543 × 10^288 |
| 66 | ov_066 | 1.1344057150152532 × 10^288 |
| 65 | ov_065 | 1.1344084817083278 × 10^288 |
| 62 | ov_062 | 1.6466649879441928 × 10^288 |
| 61 | ov_061 | 4.982614990383462 × 10^288 |
| 60 | ov_060 | 1.210559364015384 × 10^289 |
| 59 | ov_059 | 2.51662727942119 × 10^289 |
| 58 | ov_058 | 4.647117170033884 × 10^289 |
| 57 | ov_057 | 7.832682744379304 × 10^289 |
| 56 | ov_056 | 1.2303983246125362 × 10^290 |
| 55 | ov_055 | 1.9577426253699754 × 10^290 |
| 54 | ov_054 | 3.291652658078404 × 10^290 |
| 53 | ov_053 | 5.604624598477761 × 10^290 |
| 52 | ov_052 | 9.315311668348113 × 10^290 |
| 51 | ov_051 | 1.4888543814189907 × 10^291 |
| 50 | ov_050 | 2.283536115269837 × 10^291 |
| 49 | ov_049 | 3.371307457619129 × 10^291 |
| 48 | ov_048 | 4.812537323121371 × 10^291 |
| 47 | ov_047 | 6.672250259798682 × 10^291 |
| 46 | ov_046 | 9.020154002425107 × 10^291 |
| 32 | lv_80_m31 | 9.510796626095011 × 10^291 |
| 45 | ov_045 | 1.189465096493387 × 10^292 |
| 44 | ov_044 | 1.533654979924156 × 10^292 |
| 43 | ov_043 | 1.938910882472652 × 10^292 |
| 42 | ov_042 | 2.4098092320367053 × 10^292 |
| 41 | ov_041 | 2.9557606189385266 × 10^292 |
| 40 | ov_040 | 3.586699990732786 × 10^292 |
| 31 | ov_031 | 3.9347535153004925 × 10^292 |
| 39 | ov_039 | 4.3131064361267206 × 10^292 |
| 38 | ov_038 | 5.146027260274387 × 10^292 |
| 37 | ov_037 | 6.09710692297342 × 10^292 |
| 36 | ov_036 | 7.178621450183674 × 10^292 |
| 35 | ov_035 | 8.403518969984359 × 10^292 |
| 34 | ov_034 | 9.785467066851648 × 10^292 |
| 33 | ov_033 | 1.1338907693252178 × 10^293 |
| 30 | ov_030 | 1.627370164888957 × 10^293 |
| 29 | ov_029 | 4.925278216182864 × 10^293 |
| 28 | ov_028 | 1.1969908750478619 × 10^294 |
| 27 | ov_027 | 2.4892854913232674 × 10^294 |
| 26 | ov_026 | 5.1859374490584615 × 10^294 |
| 25 | ov_025 | 1.1148694470619956 × 10^295 |
| 24 | ov_024 | 2.269670274466018 × 10^295 |
| 23 | ov_023 | 4.260652810759168 × 10^295 |
| 22 | ov_022 | 7.411220173556365 × 10^295 |
| 21 | ov_021 | 1.209053053470313 × 10^296 |
| 20 | ov_020 | 1.8713511329593147 × 10^296 |
| 19 | ov_019 | 2.774088098545832 × 10^296 |
| 18 | ov_018 | 3.967918129992964 × 10^296 |
| 17 | ov_017 | 5.508082920556956 × 10^296 |
| 16 | ov_016 | 7.454420621612771 × 10^296 |
| 15 | ov_015 | 9.871381222328589 × 10^296 |
| 14 | ov_014 | 1.282805152906177 × 10^297 |
| 13 | ov_013 | 1.6398193278508453 × 10^297 |
| 12 | ov_012 | 2.0660298288230864 × 10^297 |
| 11 | ov_011 | 2.569766491818792 × 10^297 |
| 10 | ov_010 | 3.159850048761198 × 10^297 |
| 9 | ov_009 | 3.845605466348488 × 10^297 |
| 8 | ov_008 | 4.6368788850360176 × 10^297 |
| 7 | ov_007 | 5.544058588323739 × 10^297 |
| 6 | ov_006 | 6.578100352955479 × 10^297 |
| 5 | ov_005 | 7.750557516405525 × 10^297 |
| 4 | ov_004 | 9.073616163643263 × 10^297 |
| 3 | ov_003 | 1.0560135995403114 × 10^298 |
| 2 | ov_002 | 1.221709387012114 × 10^298 |
| 1 | ov_001 | 1.405186893318944 × 10^298 |

