# Results for F001-F002-F003-F004-F005-F006-F007-F008-F009-F010-F011-F012-F013-F014-F015-F016-F017-F018-F019-F020-F021-F022-F023-F024-F025-F026-F027-F028-F029-F030-F031-F032-F033-F034-F035-F036-F037-F038-F039-F040-F041-F042-F043-F044-F045-F046-F047-F048-F049-F050-F051-F052-F053-F054-F055-F056-F057-F058-F059-F060-F061-F062-F063-F064-F065-F066-F067-F068-F069-F070-F071-F072-F073-F074-F075-F076-F077-F078-F079-F080-F081-F082-F083-F084-F085-F086-F087-F088-F089-F090-F091-F092-F093-F094-F095-F096-F097-F098-F099-F100-F101-F102-F103-F104-F105-F106-F107-F108-F109-F110-F111-F112-F113-F114-F115-F116-F117-F118-F119-F120-F121-F122-F123-F124-F125-F126-F127-F128-F129-F130-F131-F132-F133-F134-F135-F136-F137-F138-F139-F140-F141-F142-F143-F144-F145-F146-F147-F148-F149-F150-F151-F152-F153-F154-F155-F156-F157-F158-F159-F160-F161-F162-F163-F164-F165-F166-F167-F168-F169-F170-F171-F172-F173-F174-F175-F176-F177-F178-F179-F180-F181-F182-F183-F184-F185-F186-F187-F188-F189-F190-F191-F192-F193-F194-F195-F196-F197-F198-F199-F200-F201-F202-F203-F204-F205-F206-F207-F208-F209-F210-F211-F212-F213-F214-F215-F216-F217-F218-F219-F220-F221-F222-F223-F224-F225-F226-F227-F228-F229-F230-F231-F232-F233-F234-F235-F236-F237-F238-F239-F240-F241-F242-F243-F244-F245-F246-F247-F248-F249-F250-F251-F252-F253-F254-F255-F256-F257-F258-F259-F260-F261-F262-F263-F264-F265-F266-F267-F268-F269-F270-F271-F272-F273-F274-F275-F276-F277-F278-F279-F280-F281-F282-F283-F284-F285-F286-F287-F288-F289-F290-F291-F292-F293-F294-F295-F296-F297-F298-F299-F300-F301-F302-F303-F304-F305-F306-F307-F308-F309-F310-F311-F312-F313-F314-F315-F316-F317-F318-F319-F320-F321-F322-F323-F324-F325-F326-F327-F328-F329-F330-F331-F332-F333-F334-F335-F336-F337-F338-F339-F340-F341-F342-F343-F344-F345-F346-F347-F348-F349-F350-F351-F352-F353-F354-F355-F356-F357-F358-F359-F360-F361-F362-F363-F364-F365-F366-F367-F368-F369-F370-F371-F372-F373-F374-F375-F376-F377-F378-F379-F380-F381-F382-F383-F384-F385-F386-F387-F388-F389-F390-F391-F392-F393-F394-F395-F396-F397-F398-F399-F400-F401-F402-F403-F404-F405-F406-F407-F408-F409-F410-F411-F412-F413-F414-F415-F416-F417-F418-F419-F420-F421-F422-F423-F424-F425-F426-F427-F428-F429-F430-F431-F432-F433-F434-F435-F436-F437-F438-F439-F440-F441-F442-F443-F444-F445-F446-F447-F448-F449-F450-F451-F452-F453-F454-F455-F456-F457-F458-F459-F460-F461-F462-F463-F464-F465-F466-F467-F468-F469-F470-F471-F472-F473-F474-F475-F476-F477-F478-F479-F480-F481-F482-F483-F484-F485-F486-F487-F488-F489-F490-F491-F492-F493-F494-F495-F496-O499504-F507-F508-F509-F510-F511-F512

## Summary

Number of input bits: 512  
Number of free input bits: 9  
Number of output bits: 160

Number of direct occurrences: 35977  
Number of assignments: 30556  
Number of operations: 10654143
(xor: 10626450,
and: 14631,
or: 13062)

Total complexity: 9.783264938532329 × 10^294

Least occurring input variable: iv_502 (3821)  
Most occurring input variable: iv_499 (4096)

Most co-occurring input variables: iv_500-iv_501 (1998)  
Least co-occurring input variables: iv_498-iv_502 (1773)

Potentially most occurring input variable: iv_499/iv_503 (4472)  
Potentially least occurring input variable: iv_500/iv_501 (4056)

Least output occurring input variable: iv_502 (70)  
Most output occurring input variable: iv_499 (87)

Most output co-occurring input variables: iv_500-iv_505 (47)  
Least output co-occurring input variables: iv_502-iv_506 (31)

Potentially most output occurring input variable: iv_499/iv_505 (94)  
Potentially least output occurring input variable: iv_497/iv_501 (65)

Least complex input bit: iv_497 (6.3840729332541 × 10^292)  
Most complex input bit: iv_505 (3.087280922016554 × 10^294)

Least complex output bit: aaa_76_29 (9.25852197023944 × 10^269)  
Most complex output bit: ov_001 (1.5920433146446822 × 10^294)

Least complex input/output complexity: iv_497/aaa_76_29 (6.041651727057407 × 10^267)  
Most complex input/output complexity: iv_505/ov_001 (5.023972041243605 × 10^293)

## Input Bits

### Input Bits in Regular Order

| Input Bit | Complexity | Occurrences | Output Occurrences |
|:---------:|:----------:|:-----------:|:------------------:|
| iv_497 | 6.3840729332541 × 10^292 | 4030 | 76 |
| iv_498 | 1.2483326382760736 × 10^293 | 3977 | 78 |
| iv_499 | 2.605704012092257 × 10^294 | 4096 | 87 |
| iv_500 | 3.642972303400545 × 10^293 | 4055 | 84 |
| iv_501 | 5.9835276850419 × 10^293 | 3997 | 75 |
| iv_502 | 9.629046989114367 × 10^293 | 3821 | 70 |
| iv_503 | 1.530027284651589 × 10^294 | 4030 | 84 |
| iv_505 | 3.087280922016554 × 10^294 | 4031 | 77 |
| iv_506 | 4.4602402885609315 × 10^293 | 3940 | 72 |

### Input Bits Sorted by Complexity

| Input Bit | Complexity | Occurrences | Output Occurrences |
|:---------:|:----------:|:-----------:|:------------------:|
| iv_497 | 6.3840729332541 × 10^292 | 4030 | 76 |
| iv_498 | 1.2483326382760736 × 10^293 | 3977 | 78 |
| iv_500 | 3.642972303400545 × 10^293 | 4055 | 84 |
| iv_506 | 4.4602402885609315 × 10^293 | 3940 | 72 |
| iv_501 | 5.9835276850419 × 10^293 | 3997 | 75 |
| iv_502 | 9.629046989114367 × 10^293 | 3821 | 70 |
| iv_503 | 1.530027284651589 × 10^294 | 4030 | 84 |
| iv_499 | 2.605704012092257 × 10^294 | 4096 | 87 |
| iv_505 | 3.087280922016554 × 10^294 | 4031 | 77 |

### Input Bits Sorted by Occurrences

| Input Bit | Complexity | Occurrences | Output Occurrences |
|:---------:|:----------:|:-----------:|:------------------:|
| iv_502 | 9.629046989114367 × 10^293 | 3821 | 70 |
| iv_506 | 4.4602402885609315 × 10^293 | 3940 | 72 |
| iv_498 | 1.2483326382760736 × 10^293 | 3977 | 78 |
| iv_501 | 5.9835276850419 × 10^293 | 3997 | 75 |
| iv_503 | 1.530027284651589 × 10^294 | 4030 | 84 |
| iv_497 | 6.3840729332541 × 10^292 | 4030 | 76 |
| iv_505 | 3.087280922016554 × 10^294 | 4031 | 77 |
| iv_500 | 3.642972303400545 × 10^293 | 4055 | 84 |
| iv_499 | 2.605704012092257 × 10^294 | 4096 | 87 |

### Input Bits Sorted by Output Occurrences

| Input Bit | Complexity | Occurrences | Output Occurrences |
|:---------:|:----------:|:-----------:|:------------------:|
| iv_502 | 9.629046989114367 × 10^293 | 3821 | 70 |
| iv_506 | 4.4602402885609315 × 10^293 | 3940 | 72 |
| iv_501 | 5.9835276850419 × 10^293 | 3997 | 75 |
| iv_497 | 6.3840729332541 × 10^292 | 4030 | 76 |
| iv_505 | 3.087280922016554 × 10^294 | 4031 | 77 |
| iv_498 | 1.2483326382760736 × 10^293 | 3977 | 78 |
| iv_500 | 3.642972303400545 × 10^293 | 4055 | 84 |
| iv_503 | 1.530027284651589 × 10^294 | 4030 | 84 |
| iv_499 | 2.605704012092257 × 10^294 | 4096 | 87 |

## Input Bit Co-occurrences

### Input Bit Co-occurrences Sorted by Co-occurrences

| Input Bits | Co-occurrences | Potential Occurrences | Output Co-occurrences | Potential Output Occurrences |
|:----------:|:--------------:|:---------------------:|:---------------------:|:----------------------------:|
| iv_500-iv_501 | 1998 | 4056 | 40 | 79 |
| iv_499-iv_505 | 1958 | 4211 | 35 | 94 |
| iv_497-iv_505 | 1953 | 4155 | 39 | 75 |
| iv_499-iv_500 | 1936 | 4279 | 40 | 91 |
| iv_501-iv_505 | 1936 | 4156 | 40 | 72 |
| iv_500-iv_505 | 1932 | 4222 | 47 | 67 |
| iv_497-iv_500 | 1928 | 4229 | 33 | 94 |
| iv_497-iv_503 | 1921 | 4218 | 39 | 82 |
| iv_500-iv_506 | 1920 | 4155 | 38 | 80 |

### Input Bit Co-occurrences Sorted by Potential Occurrences

| Input Bits | Co-occurrences | Potential Occurrences | Output Co-occurrences | Potential Output Occurrences |
|:----------:|:--------------:|:---------------------:|:---------------------:|:----------------------------:|
| iv_500-iv_501 | 1998 | 4056 | 40 | 79 |
| iv_500-iv_502 | 1898 | 4080 | 39 | 76 |
| iv_497-iv_502 | 1877 | 4097 | 32 | 82 |
| iv_501-iv_502 | 1833 | 4152 | 33 | 79 |
| iv_497-iv_505 | 1953 | 4155 | 39 | 75 |
| iv_500-iv_506 | 1920 | 4155 | 38 | 80 |
| iv_501-iv_505 | 1936 | 4156 | 40 | 72 |
| iv_502-iv_506 | 1799 | 4163 | 31 | 80 |
| iv_498-iv_506 | 1874 | 4169 | 38 | 74 |

### Input Bit Output Co-occurrences Sorted by Output Co-occurrences

| Input Bits | Co-occurrences | Potential Occurrences | Output Co-occurrences | Potential Output Occurrences |
|:----------:|:--------------:|:---------------------:|:---------------------:|:----------------------------:|
| iv_500-iv_505 | 1932 | 4222 | 47 | 67 |
| iv_500-iv_503 | 1908 | 4269 | 45 | 78 |
| iv_497-iv_501 | 1909 | 4209 | 43 | 65 |
| iv_499-iv_501 | 1867 | 4359 | 42 | 78 |
| iv_498-iv_503 | 1871 | 4265 | 42 | 78 |
| iv_497-iv_499 | 1883 | 4360 | 41 | 81 |
| iv_499-iv_503 | 1827 | 4472 | 41 | 89 |
| iv_499-iv_500 | 1936 | 4279 | 40 | 91 |
| iv_500-iv_501 | 1998 | 4056 | 40 | 79 |

### Input Bit Output Co-occurrences Sorted by Potential Output Occurrences

| Input Bits | Co-occurrences | Potential Occurrences | Output Co-occurrences | Potential Output Occurrences |
|:----------:|:--------------:|:---------------------:|:---------------------:|:----------------------------:|
| iv_497-iv_501 | 1909 | 4209 | 43 | 65 |
| iv_500-iv_505 | 1932 | 4222 | 47 | 67 |
| iv_501-iv_505 | 1936 | 4156 | 40 | 72 |
| iv_498-iv_502 | 1773 | 4252 | 37 | 74 |
| iv_498-iv_506 | 1874 | 4169 | 38 | 74 |
| iv_497-iv_505 | 1953 | 4155 | 39 | 75 |
| iv_502-iv_505 | 1830 | 4192 | 36 | 75 |
| iv_500-iv_502 | 1898 | 4080 | 39 | 76 |
| iv_497-iv_506 | 1888 | 4194 | 36 | 76 |

## Output Bits

### Output Bits in Regular Order

| Rank | Output Bit | Complexity |
|:----:|:----------:|:----------:|
| 1 | ov_001 | 1.5920433146446822 × 10^294 |
| 2 | ov_002 | 1.3764346609675263 × 10^294 |
| 3 | ov_003 | 1.183739063839812 × 10^294 |
| 4 | ov_004 | 1.0121956010943294 × 10^294 |
| 5 | ov_005 | 8.601393481178042 × 10^293 |
| 6 | ov_006 | 7.259944429413344 × 10^293 |
| 7 | ov_007 | 6.082680679889565 × 10^293 |
| 8 | ov_008 | 5.055452924507134 × 10^293 |
| 9 | ov_009 | 4.164847056341711 × 10^293 |
| 10 | ov_010 | 3.3981475884423774 × 10^293 |
| 11 | ov_011 | 2.7433073237094913 × 10^293 |
| 12 | ov_012 | 2.1889224891225446 × 10^293 |
| 13 | ov_013 | 1.7242125942369636 × 10^293 |
| 14 | ov_014 | 1.3390043198860843 × 10^293 |
| 15 | ov_015 | 1.0237187885646283 × 10^293 |
| 16 | ov_016 | 7.693616131531658 × 10^292 |
| 17 | ov_017 | 5.675151655610542 × 10^292 |
| 18 | ov_018 | 4.103325781260654 × 10^292 |
| 19 | ov_019 | 2.9053311202850996 × 10^292 |
| 20 | ov_020 | 2.0139863997616555 × 10^292 |
| 21 | ov_021 | 1.3677104195849892 × 10^292 |
| 22 | ov_022 | 9.105033506989955 × 10^291 |
| 23 | ov_023 | 5.919338058797864 × 10^291 |
| 24 | ov_024 | 3.6713033671186625 × 10^291 |
| 25 | ov_025 | 2.150463788399353 × 10^291 |
| 26 | ov_026 | 1.1741178556744495 × 10^291 |
| 27 | ov_027 | 5.8731881692954224 × 10^290 |
| 28 | ov_028 | 2.6287070233487012 × 10^290 |
| 29 | ov_029 | 1.0132697880658209 × 10^290 |
| 30 | ov_030 | 3.0990197476681373 × 10^289 |
| 31 | ov_031 | 6.048386244024698 × 10^288 |
| 32 | lv_80_m31 | 1.1803699963520728 × 10^288 |
| 33 | ov_033 | 1.4070122393129069 × 10^289 |
| 34 | ov_034 | 1.2206585904189779 × 10^289 |
| 35 | ov_035 | 1.0538990713036467 × 10^289 |
| 36 | ov_036 | 9.049963248328059 × 10^288 |
| 37 | ov_037 | 7.723056990039464 × 10^288 |
| 38 | ov_038 | 6.542686993600239 × 10^288 |
| 39 | ov_039 | 5.49407360536527 × 10^288 |
| 40 | ov_040 | 4.57002183112656 × 10^288 |
| 41 | ov_041 | 3.763704304492421 × 10^288 |
| 42 | ov_042 | 3.068642755074534 × 10^288 |
| 43 | ov_043 | 2.4786925874525204 × 10^288 |
| 44 | ov_044 | 1.9825172917888788 × 10^288 |
| 45 | ov_045 | 1.569393514781971 × 10^288 |
| 46 | ov_046 | 1.2291963362905038 × 10^288 |
| 47 | ov_047 | 9.523877604999094 × 10^287 |
| 48 | ov_048 | 7.300078692793027 × 10^287 |
| 49 | ov_049 | 5.536681271380167 × 10^287 |
| 50 | ov_050 | 4.15546368693173 × 10^287 |
| 51 | ov_051 | 3.0838306245936796 × 10^287 |
| 52 | ov_052 | 2.2547854815599678 × 10^287 |
| 53 | ov_053 | 1.6069104032737042 × 10^287 |
| 54 | ov_054 | 1.110889078994294 × 10^287 |
| 55 | ov_055 | 7.401847870555162 × 10^286 |
| 56 | ov_056 | 4.710367297540319 × 10^286 |
| 57 | ov_057 | 2.8245779015581657 × 10^286 |
| 58 | ov_058 | 1.5623325604965916 × 10^286 |
| 59 | ov_059 | 7.692015846322354 × 10^285 |
| 60 | ov_060 | 3.1846972410727933 × 10^285 |
| 61 | ov_061 | 1.1113509320745761 × 10^285 |
| 62 | ov_062 | 3.0455390937903073 × 10^284 |
| 63 | ov_063 | 5.929222098246186 × 10^283 |
| 64 | lv_79_m31 | 1.1540382773938446 × 10^283 |
| 65 | ov_065 | 1.3579562798903594 × 10^284 |
| 66 | ov_066 | 1.3579525798013236 × 10^284 |
| 67 | ov_067 | 1.3579517077344449 × 10^284 |
| 68 | ov_068 | 1.1701780715598963 × 10^284 |
| 69 | ov_069 | 1.0027575923856907 × 10^284 |
| 70 | ov_070 | 8.54134933795781 × 10^283 |
| 71 | ov_071 | 7.228280350674896 × 10^283 |
| 72 | ov_072 | 6.074242072796607 × 10^283 |
| 73 | ov_073 | 5.065770972762553 × 10^283 |
| 74 | ov_074 | 4.190043087562247 × 10^283 |
| 75 | ov_075 | 3.4348548075689823 × 10^283 |
| 76 | ov_076 | 2.788606548765055 × 10^283 |
| 77 | ov_077 | 2.240288330809056 × 10^283 |
| 78 | ov_078 | 1.7794669455372418 × 10^283 |
| 79 | ov_079 | 1.3962746192138752 × 10^283 |
| 80 | ov_080 | 1.0813990730438131 × 10^283 |
| 81 | ov_081 | 8.260748873685577 × 10^282 |
| 82 | ov_082 | 6.220760756509392 × 10^282 |
| 83 | ov_083 | 4.6170977486472577 × 10^282 |
| 84 | ov_084 | 3.378109592807614 × 10^282 |
| 85 | ov_085 | 2.4373808490910345 × 10^282 |
| 86 | ov_086 | 1.7336957204107456 × 10^282 |
| 87 | ov_087 | 1.2110103345674662 × 10^282 |
| 88 | ov_088 | 8.184315593932932 × 10^281 |
| 89 | ov_089 | 5.317982451687903 × 10^281 |
| 90 | ov_090 | 3.2951357454670344 × 10^281 |
| 91 | ov_091 | 1.9254067500521623 × 10^281 |
| 92 | ov_092 | 1.0439988275695325 × 10^281 |
| 93 | ov_093 | 5.116720454354396 × 10^280 |
| 94 | ov_094 | 2.1473561744877993 × 10^280 |
| 95 | aaa_78_28 | 6.504481786893737 × 10^279 |
| 96 | aaa_78_29 | 1.9381147204081048 × 10^279 |
| 97 | ov_097 | 1.0523251073909078 × 10^279 |
| 98 | ov_098 | 1.0523099115735956 × 10^279 |
| 99 | ov_099 | 1.0523050662900282 × 10^279 |
| 100 | ov_100 | 8.595556784240978 × 10^278 |
| 101 | ov_101 | 6.985903225128014 × 10^278 |
| 102 | ov_102 | 5.656777371520023 × 10^278 |
| 103 | ov_103 | 4.572888973009254 × 10^278 |
| 104 | ov_104 | 3.700822094027993 × 10^278 |
| 105 | ov_105 | 3.008907167566414 × 10^278 |
| 106 | ov_106 | 2.4671112459772437 × 10^278 |
| 107 | ov_107 | 2.046944638197704 × 10^278 |
| 108 | ov_108 | 1.7213822146955715 × 10^278 |
| 109 | ov_109 | 1.4647977513086088 × 10^278 |
| 110 | ov_110 | 1.2529097714453896 × 10^278 |
| 111 | ov_111 | 1.0627374332999064 × 10^278 |
| 112 | ov_112 | 8.93043574396185 × 10^277 |
| 113 | ov_113 | 7.42612868186217 × 10^277 |
| 114 | ov_114 | 6.102467323709174 × 10^277 |
| 115 | ov_115 | 4.947592619759713 × 10^277 |
| 116 | ov_116 | 3.9497410204035965 × 10^277 |
| 117 | ov_117 | 3.097220839767682 × 10^277 |
| 118 | ov_118 | 2.378393694598972 × 10^277 |
| 119 | ov_119 | 1.781659578531678 × 10^277 |
| 120 | ov_120 | 1.2954451470328828 × 10^277 |
| 121 | ov_121 | 9.081947884295017 × 10^276 |
| 122 | ov_122 | 6.083640564716392 × 10^276 |
| 123 | ov_123 | 3.8441503990206105 × 10^276 |
| 124 | ov_124 | 2.248132445196969 × 10^276 |
| 125 | ov_125 | 1.1802566560973411 × 10^276 |
| 126 | ov_126 | 5.251980696126694 × 10^275 |
| 127 | aaa_77_28 | 1.676330528572115 × 10^275 |
| 128 | aaa_77_29 | 6.27930071321399 × 10^274 |
| 129 | ov_129 | 5.7056728058702235 × 10^274 |
| 130 | ov_130 | 5.705654824148104 × 10^274 |
| 131 | ov_131 | 5.705650492216656 × 10^274 |
| 132 | ov_132 | 4.929474458391478 × 10^274 |
| 133 | ov_133 | 4.234862106988674 × 10^274 |
| 134 | ov_134 | 3.615356623313089 × 10^274 |
| 135 | ov_135 | 3.064831605695542 × 10^274 |
| 136 | ov_136 | 2.580303248914224 × 10^274 |
| 137 | ov_137 | 2.156238582415536 × 10^274 |
| 138 | ov_138 | 1.787374694824387 × 10^274 |
| 139 | ov_139 | 1.4687050263963292 × 10^274 |
| 140 | ov_140 | 1.1954682643974438 × 10^274 |
| 141 | ov_141 | 9.631395080325663 × 10^273 |
| 142 | ov_142 | 7.674233878919217 × 10^273 |
| 143 | ov_143 | 6.042488431091642 × 10^273 |
| 144 | ov_144 | 4.6976527756178296 × 10^273 |
| 145 | ov_145 | 3.6033983452285016 × 10^273 |
| 146 | ov_146 | 2.725555472055975 × 10^273 |
| 147 | ov_147 | 2.0321014063867197 × 10^273 |
| 148 | ov_148 | 1.4931527827748377 × 10^273 |
| 149 | ov_149 | 1.0809607425210508 × 10^273 |
| 150 | ov_150 | 7.699074604174186 × 10^272 |
| 151 | ov_151 | 5.365034862881766 × 10^272 |
| 152 | ov_152 | 3.5938571628175635 × 10^272 |
| 153 | ov_153 | 2.284039680265377 × 10^272 |
| 154 | ov_154 | 1.3447017789158503 × 10^272 |
| 155 | ov_155 | 6.955798082457304 × 10^271 |
| 156 | aaa_76_25 | 2.6702465180177157 × 10^271 |
| 157 | aaa_76_26 | 1.5391807768032595 × 10^271 |
| 158 | aaa_76_27 | 7.862348094627349 × 10^270 |
| 159 | aaa_76_28 | 3.052897099613477 × 10^270 |
| 160 | aaa_76_29 | 9.25852197023944 × 10^269 |

### Output Bits Sorted by Complexity

| Rank | Output Bit | Complexity |
|:----:|:----------:|:----------:|
| 160 | aaa_76_29 | 9.25852197023944 × 10^269 |
| 159 | aaa_76_28 | 3.052897099613477 × 10^270 |
| 158 | aaa_76_27 | 7.862348094627349 × 10^270 |
| 157 | aaa_76_26 | 1.5391807768032595 × 10^271 |
| 156 | aaa_76_25 | 2.6702465180177157 × 10^271 |
| 155 | ov_155 | 6.955798082457304 × 10^271 |
| 154 | ov_154 | 1.3447017789158503 × 10^272 |
| 153 | ov_153 | 2.284039680265377 × 10^272 |
| 152 | ov_152 | 3.5938571628175635 × 10^272 |
| 151 | ov_151 | 5.365034862881766 × 10^272 |
| 150 | ov_150 | 7.699074604174186 × 10^272 |
| 149 | ov_149 | 1.0809607425210508 × 10^273 |
| 148 | ov_148 | 1.4931527827748377 × 10^273 |
| 147 | ov_147 | 2.0321014063867197 × 10^273 |
| 146 | ov_146 | 2.725555472055975 × 10^273 |
| 145 | ov_145 | 3.6033983452285016 × 10^273 |
| 144 | ov_144 | 4.6976527756178296 × 10^273 |
| 143 | ov_143 | 6.042488431091642 × 10^273 |
| 142 | ov_142 | 7.674233878919217 × 10^273 |
| 141 | ov_141 | 9.631395080325663 × 10^273 |
| 140 | ov_140 | 1.1954682643974438 × 10^274 |
| 139 | ov_139 | 1.4687050263963292 × 10^274 |
| 138 | ov_138 | 1.787374694824387 × 10^274 |
| 137 | ov_137 | 2.156238582415536 × 10^274 |
| 136 | ov_136 | 2.580303248914224 × 10^274 |
| 135 | ov_135 | 3.064831605695542 × 10^274 |
| 134 | ov_134 | 3.615356623313089 × 10^274 |
| 133 | ov_133 | 4.234862106988674 × 10^274 |
| 132 | ov_132 | 4.929474458391478 × 10^274 |
| 131 | ov_131 | 5.705650492216656 × 10^274 |
| 130 | ov_130 | 5.705654824148104 × 10^274 |
| 129 | ov_129 | 5.7056728058702235 × 10^274 |
| 128 | aaa_77_29 | 6.27930071321399 × 10^274 |
| 127 | aaa_77_28 | 1.676330528572115 × 10^275 |
| 126 | ov_126 | 5.251980696126694 × 10^275 |
| 125 | ov_125 | 1.1802566560973411 × 10^276 |
| 124 | ov_124 | 2.248132445196969 × 10^276 |
| 123 | ov_123 | 3.8441503990206105 × 10^276 |
| 122 | ov_122 | 6.083640564716392 × 10^276 |
| 121 | ov_121 | 9.081947884295017 × 10^276 |
| 120 | ov_120 | 1.2954451470328828 × 10^277 |
| 119 | ov_119 | 1.781659578531678 × 10^277 |
| 118 | ov_118 | 2.378393694598972 × 10^277 |
| 117 | ov_117 | 3.097220839767682 × 10^277 |
| 116 | ov_116 | 3.9497410204035965 × 10^277 |
| 115 | ov_115 | 4.947592619759713 × 10^277 |
| 114 | ov_114 | 6.102467323709174 × 10^277 |
| 113 | ov_113 | 7.42612868186217 × 10^277 |
| 112 | ov_112 | 8.93043574396185 × 10^277 |
| 111 | ov_111 | 1.0627374332999064 × 10^278 |
| 110 | ov_110 | 1.2529097714453896 × 10^278 |
| 109 | ov_109 | 1.4647977513086088 × 10^278 |
| 108 | ov_108 | 1.7213822146955715 × 10^278 |
| 107 | ov_107 | 2.046944638197704 × 10^278 |
| 106 | ov_106 | 2.4671112459772437 × 10^278 |
| 105 | ov_105 | 3.008907167566414 × 10^278 |
| 104 | ov_104 | 3.700822094027993 × 10^278 |
| 103 | ov_103 | 4.572888973009254 × 10^278 |
| 102 | ov_102 | 5.656777371520023 × 10^278 |
| 101 | ov_101 | 6.985903225128014 × 10^278 |
| 100 | ov_100 | 8.595556784240978 × 10^278 |
| 99 | ov_099 | 1.0523050662900282 × 10^279 |
| 98 | ov_098 | 1.0523099115735956 × 10^279 |
| 97 | ov_097 | 1.0523251073909078 × 10^279 |
| 96 | aaa_78_29 | 1.9381147204081048 × 10^279 |
| 95 | aaa_78_28 | 6.504481786893737 × 10^279 |
| 94 | ov_094 | 2.1473561744877993 × 10^280 |
| 93 | ov_093 | 5.116720454354396 × 10^280 |
| 92 | ov_092 | 1.0439988275695325 × 10^281 |
| 91 | ov_091 | 1.9254067500521623 × 10^281 |
| 90 | ov_090 | 3.2951357454670344 × 10^281 |
| 89 | ov_089 | 5.317982451687903 × 10^281 |
| 88 | ov_088 | 8.184315593932932 × 10^281 |
| 87 | ov_087 | 1.2110103345674662 × 10^282 |
| 86 | ov_086 | 1.7336957204107456 × 10^282 |
| 85 | ov_085 | 2.4373808490910345 × 10^282 |
| 84 | ov_084 | 3.378109592807614 × 10^282 |
| 83 | ov_083 | 4.6170977486472577 × 10^282 |
| 82 | ov_082 | 6.220760756509392 × 10^282 |
| 81 | ov_081 | 8.260748873685577 × 10^282 |
| 80 | ov_080 | 1.0813990730438131 × 10^283 |
| 64 | lv_79_m31 | 1.1540382773938446 × 10^283 |
| 79 | ov_079 | 1.3962746192138752 × 10^283 |
| 78 | ov_078 | 1.7794669455372418 × 10^283 |
| 77 | ov_077 | 2.240288330809056 × 10^283 |
| 76 | ov_076 | 2.788606548765055 × 10^283 |
| 75 | ov_075 | 3.4348548075689823 × 10^283 |
| 74 | ov_074 | 4.190043087562247 × 10^283 |
| 73 | ov_073 | 5.065770972762553 × 10^283 |
| 63 | ov_063 | 5.929222098246186 × 10^283 |
| 72 | ov_072 | 6.074242072796607 × 10^283 |
| 71 | ov_071 | 7.228280350674896 × 10^283 |
| 70 | ov_070 | 8.54134933795781 × 10^283 |
| 69 | ov_069 | 1.0027575923856907 × 10^284 |
| 68 | ov_068 | 1.1701780715598963 × 10^284 |
| 67 | ov_067 | 1.3579517077344449 × 10^284 |
| 66 | ov_066 | 1.3579525798013236 × 10^284 |
| 65 | ov_065 | 1.3579562798903594 × 10^284 |
| 62 | ov_062 | 3.0455390937903073 × 10^284 |
| 61 | ov_061 | 1.1113509320745761 × 10^285 |
| 60 | ov_060 | 3.1846972410727933 × 10^285 |
| 59 | ov_059 | 7.692015846322354 × 10^285 |
| 58 | ov_058 | 1.5623325604965916 × 10^286 |
| 57 | ov_057 | 2.8245779015581657 × 10^286 |
| 56 | ov_056 | 4.710367297540319 × 10^286 |
| 55 | ov_055 | 7.401847870555162 × 10^286 |
| 54 | ov_054 | 1.110889078994294 × 10^287 |
| 53 | ov_053 | 1.6069104032737042 × 10^287 |
| 52 | ov_052 | 2.2547854815599678 × 10^287 |
| 51 | ov_051 | 3.0838306245936796 × 10^287 |
| 50 | ov_050 | 4.15546368693173 × 10^287 |
| 49 | ov_049 | 5.536681271380167 × 10^287 |
| 48 | ov_048 | 7.300078692793027 × 10^287 |
| 47 | ov_047 | 9.523877604999094 × 10^287 |
| 32 | lv_80_m31 | 1.1803699963520728 × 10^288 |
| 46 | ov_046 | 1.2291963362905038 × 10^288 |
| 45 | ov_045 | 1.569393514781971 × 10^288 |
| 44 | ov_044 | 1.9825172917888788 × 10^288 |
| 43 | ov_043 | 2.4786925874525204 × 10^288 |
| 42 | ov_042 | 3.068642755074534 × 10^288 |
| 41 | ov_041 | 3.763704304492421 × 10^288 |
| 40 | ov_040 | 4.57002183112656 × 10^288 |
| 39 | ov_039 | 5.49407360536527 × 10^288 |
| 31 | ov_031 | 6.048386244024698 × 10^288 |
| 38 | ov_038 | 6.542686993600239 × 10^288 |
| 37 | ov_037 | 7.723056990039464 × 10^288 |
| 36 | ov_036 | 9.049963248328059 × 10^288 |
| 35 | ov_035 | 1.0538990713036467 × 10^289 |
| 34 | ov_034 | 1.2206585904189779 × 10^289 |
| 33 | ov_033 | 1.4070122393129069 × 10^289 |
| 30 | ov_030 | 3.0990197476681373 × 10^289 |
| 29 | ov_029 | 1.0132697880658209 × 10^290 |
| 28 | ov_028 | 2.6287070233487012 × 10^290 |
| 27 | ov_027 | 5.8731881692954224 × 10^290 |
| 26 | ov_026 | 1.1741178556744495 × 10^291 |
| 25 | ov_025 | 2.150463788399353 × 10^291 |
| 24 | ov_024 | 3.6713033671186625 × 10^291 |
| 23 | ov_023 | 5.919338058797864 × 10^291 |
| 22 | ov_022 | 9.105033506989955 × 10^291 |
| 21 | ov_021 | 1.3677104195849892 × 10^292 |
| 20 | ov_020 | 2.0139863997616555 × 10^292 |
| 19 | ov_019 | 2.9053311202850996 × 10^292 |
| 18 | ov_018 | 4.103325781260654 × 10^292 |
| 17 | ov_017 | 5.675151655610542 × 10^292 |
| 16 | ov_016 | 7.693616131531658 × 10^292 |
| 15 | ov_015 | 1.0237187885646283 × 10^293 |
| 14 | ov_014 | 1.3390043198860843 × 10^293 |
| 13 | ov_013 | 1.7242125942369636 × 10^293 |
| 12 | ov_012 | 2.1889224891225446 × 10^293 |
| 11 | ov_011 | 2.7433073237094913 × 10^293 |
| 10 | ov_010 | 3.3981475884423774 × 10^293 |
| 9 | ov_009 | 4.164847056341711 × 10^293 |
| 8 | ov_008 | 5.055452924507134 × 10^293 |
| 7 | ov_007 | 6.082680679889565 × 10^293 |
| 6 | ov_006 | 7.259944429413344 × 10^293 |
| 5 | ov_005 | 8.601393481178042 × 10^293 |
| 4 | ov_004 | 1.0121956010943294 × 10^294 |
| 3 | ov_003 | 1.183739063839812 × 10^294 |
| 2 | ov_002 | 1.3764346609675263 × 10^294 |
| 1 | ov_001 | 1.5920433146446822 × 10^294 |

