# Results for F001-F002-F003-F004-F005-F006-F007-F008-F009-F010-F011-F012-F013-F014-F015-F016-F017-F018-F019-F020-F021-F022-F023-F024-F025-F026-F027-F028-F029-F030-F031-F032-F033-F034-F035-F036-F037-F038-F039-F040-F041-F042-F043-F044-F045-F046-F047-F048-F049-F050-F051-F052-F053-F054-F055-F056-F057-F058-F059-F060-F061-F062-F063-F064-F065-F066-F067-F068-F069-F070-F071-F072-F073-F074-F075-F076-F077-F078-F079-F080-F081-F082-F083-F084-F085-F086-F087-F088-F089-F090-F091-F092-F093-F094-F095-F096-F097-F098-F099-F100-F101-F102-F103-F104-F105-F106-F107-F108-F109-F110-F111-F112-F113-F114-F115-F116-F117-F118-F119-F120-F121-F122-F123-F124-F125-F126-F127-F128-F129-F130-F131-F132-F133-F134-F135-F136-F137-F138-F139-F140-F141-F142-F143-F144-F145-F146-F147-F148-F149-F150-F151-F152-F153-F154-F155-F156-F157-F158-F159-F160-F161-F162-F163-F164-F165-F166-F167-F168-F169-F170-F171-F172-F173-F174-F175-F176-F177-F178-F179-F180-F181-F182-F183-F184-F185-F186-F187-F188-F189-F190-F191-F192-F193-F194-F195-F196-F197-F198-F199-F200-F201-F202-F203-F204-F205-F206-F207-F208-F209-F210-F211-F212-F213-F214-F215-F216-F217-F218-F219-F220-F221-F222-F223-F224-F225-F226-F227-F228-F229-F230-F231-F232-F233-F234-F235-F236-F237-F238-F239-F240-F241-F242-F243-F244-F245-F246-F247-F248-F249-F250-F251-F252-F253-F254-F255-F256-F257-F258-F259-F260-F261-F262-F263-F264-F265-F266-F267-F268-F269-F270-F271-F272-F273-F274-F275-F276-F277-F278-F279-F280-F281-F282-F283-F284-F285-F286-F287-F288-F289-F290-F291-F292-F293-F294-F295-F296-F297-F298-F299-F300-F301-F302-F303-F304-F305-F306-F307-F308-F309-F310-F311-F312-F313-F314-F315-F316-F317-F318-F319-F320-F321-F322-F323-F324-F325-F326-F327-F328-F329-F330-F331-F332-F333-F334-F335-F336-F337-F338-F339-F340-F341-F342-F343-F344-F345-F346-F347-F348-F349-F350-F351-F352-F353-F354-F355-F356-F357-F358-F359-F360-F361-F362-F363-F364-F365-F366-F367-F368-F369-F370-F371-F372-F373-F374-F375-F376-F377-F378-F379-F380-F381-F382-F383-F384-F385-F386-F387-F388-F389-F390-F391-F392-F393-F394-F395-F396-F397-F398-F399-F400-F401-F402-F403-F404-F405-F406-F407-F408-F409-F410-F411-F412-F413-F414-F415-F416-F417-F418-F419-F420-F421-F422-F423-F424-F425-F426-F427-F428-F429-F430-F431-F432-F433-F434-F435-F436-F437-F438-F439-F440-F441-F442-F443-F444-F445-F446-F447-F448-F449-F450-F451-F452-F453-F454-F455-F456-F457-F458-F459-F460-F461-F462-F463-F464-F465-F466-F467-F468-F469-F470-F471-F472-F473-F474-F475-F476-F477-F478-F479-F480-F481-F482-F483-F484-F485-F486-F487-F488-F489-F490-F491-F492-F493-F494-F495-F496-E500502-O500505-F508-F509-F510-F511-F512

## Summary

Number of input bits: 512  
Number of free input bits: 9  
Number of output bits: 160

Number of direct occurrences: 36175  
Number of assignments: 30807  
Number of operations: 10752938
(xor: 10725149,
and: 14615,
or: 13174)

Total complexity: 7.869950815357538 × 10^296

Least occurring input variable: iv_499 (3846)  
Most occurring input variable: iv_500 (4338)

Most co-occurring input variables: iv_500-iv_507 (1989)  
Least co-occurring input variables: iv_498-iv_499 (1785)

Potentially most occurring input variable: iv_497/iv_500 (4597)  
Potentially least occurring input variable: iv_501/iv_504 (4069)

Least output occurring input variable: iv_504 (71)  
Most output occurring input variable: iv_506 (93)

Most output co-occurring input variables: iv_506-iv_507 (55)  
Least output co-occurring input variables: iv_497-iv_500 (28)

Potentially most output occurring input variable: iv_497/iv_500 (96)  
Potentially least output occurring input variable: iv_506/iv_507 (65)

Least complex input bit: iv_497 (4.7804774256569234 × 10^294)  
Most complex input bit: iv_500 (3.1836455866392285 × 10^296)

Least complex output bit: aaa_76_29 (7.557691251757178 × 10^271)  
Most complex output bit: ov_001 (1.2698932707249499 × 10^296)

Least complex input/output complexity: iv_497/aaa_76_29 (4.59080028157313 × 10^269)  
Most complex input/output complexity: iv_500/ov_001 (5.137122456924364 × 10^295)

## Input Bits

### Input Bits in Regular Order

| Input Bit | Complexity | Occurrences | Output Occurrences |
|:---------:|:----------:|:-----------:|:------------------:|
| iv_497 | 4.7804774256569234 × 10^294 | 4005 | 77 |
| iv_498 | 9.536332224258448 × 10^294 | 3878 | 84 |
| iv_499 | 1.6769544876132437 × 10^295 | 3846 | 72 |
| iv_500 | 3.1836455866392285 × 10^296 | 4338 | 75 |
| iv_501 | 4.600001131307857 × 10^295 | 4020 | 82 |
| iv_503 | 1.1671254398061376 × 10^296 | 4016 | 82 |
| iv_504 | 1.810480371939714 × 10^296 | 3883 | 71 |
| iv_506 | 4.3249496747348345 × 10^295 | 4065 | 93 |
| iv_507 | 5.053407911077091 × 10^295 | 4124 | 82 |

### Input Bits Sorted by Complexity

| Input Bit | Complexity | Occurrences | Output Occurrences |
|:---------:|:----------:|:-----------:|:------------------:|
| iv_497 | 4.7804774256569234 × 10^294 | 4005 | 77 |
| iv_498 | 9.536332224258448 × 10^294 | 3878 | 84 |
| iv_499 | 1.6769544876132437 × 10^295 | 3846 | 72 |
| iv_506 | 4.3249496747348345 × 10^295 | 4065 | 93 |
| iv_501 | 4.600001131307857 × 10^295 | 4020 | 82 |
| iv_507 | 5.053407911077091 × 10^295 | 4124 | 82 |
| iv_503 | 1.1671254398061376 × 10^296 | 4016 | 82 |
| iv_504 | 1.810480371939714 × 10^296 | 3883 | 71 |
| iv_500 | 3.1836455866392285 × 10^296 | 4338 | 75 |

### Input Bits Sorted by Occurrences

| Input Bit | Complexity | Occurrences | Output Occurrences |
|:---------:|:----------:|:-----------:|:------------------:|
| iv_499 | 1.6769544876132437 × 10^295 | 3846 | 72 |
| iv_498 | 9.536332224258448 × 10^294 | 3878 | 84 |
| iv_504 | 1.810480371939714 × 10^296 | 3883 | 71 |
| iv_497 | 4.7804774256569234 × 10^294 | 4005 | 77 |
| iv_503 | 1.1671254398061376 × 10^296 | 4016 | 82 |
| iv_501 | 4.600001131307857 × 10^295 | 4020 | 82 |
| iv_506 | 4.3249496747348345 × 10^295 | 4065 | 93 |
| iv_507 | 5.053407911077091 × 10^295 | 4124 | 82 |
| iv_500 | 3.1836455866392285 × 10^296 | 4338 | 75 |

### Input Bits Sorted by Output Occurrences

| Input Bit | Complexity | Occurrences | Output Occurrences |
|:---------:|:----------:|:-----------:|:------------------:|
| iv_504 | 1.810480371939714 × 10^296 | 3883 | 71 |
| iv_499 | 1.6769544876132437 × 10^295 | 3846 | 72 |
| iv_500 | 3.1836455866392285 × 10^296 | 4338 | 75 |
| iv_497 | 4.7804774256569234 × 10^294 | 4005 | 77 |
| iv_501 | 4.600001131307857 × 10^295 | 4020 | 82 |
| iv_503 | 1.1671254398061376 × 10^296 | 4016 | 82 |
| iv_507 | 5.053407911077091 × 10^295 | 4124 | 82 |
| iv_498 | 9.536332224258448 × 10^294 | 3878 | 84 |
| iv_506 | 4.3249496747348345 × 10^295 | 4065 | 93 |

## Input Bit Co-occurrences

### Input Bit Co-occurrences Sorted by Co-occurrences

| Input Bits | Co-occurrences | Potential Occurrences | Output Co-occurrences | Potential Output Occurrences |
|:----------:|:--------------:|:---------------------:|:---------------------:|:----------------------------:|
| iv_500-iv_507 | 1989 | 4484 | 41 | 75 |
| iv_500-iv_501 | 1970 | 4418 | 38 | 81 |
| iv_503-iv_507 | 1970 | 4200 | 45 | 74 |
| iv_500-iv_504 | 1964 | 4293 | 36 | 74 |
| iv_506-iv_507 | 1960 | 4269 | 55 | 65 |
| iv_497-iv_503 | 1960 | 4101 | 43 | 73 |
| iv_500-iv_503 | 1950 | 4454 | 31 | 95 |
| iv_501-iv_507 | 1942 | 4260 | 43 | 78 |
| iv_498-iv_500 | 1933 | 4350 | 37 | 85 |

### Input Bit Co-occurrences Sorted by Potential Occurrences

| Input Bits | Co-occurrences | Potential Occurrences | Output Co-occurrences | Potential Output Occurrences |
|:----------:|:--------------:|:---------------------:|:---------------------:|:----------------------------:|
| iv_501-iv_504 | 1917 | 4069 | 40 | 73 |
| iv_497-iv_503 | 1960 | 4101 | 43 | 73 |
| iv_499-iv_504 | 1809 | 4111 | 29 | 85 |
| iv_498-iv_499 | 1785 | 4154 | 42 | 72 |
| iv_497-iv_499 | 1847 | 4157 | 38 | 73 |
| iv_504-iv_506 | 1895 | 4158 | 42 | 80 |
| iv_498-iv_504 | 1794 | 4173 | 37 | 81 |
| iv_498-iv_506 | 1878 | 4187 | 52 | 73 |
| iv_503-iv_507 | 1970 | 4200 | 45 | 74 |

### Input Bit Output Co-occurrences Sorted by Output Co-occurrences

| Input Bits | Co-occurrences | Potential Occurrences | Output Co-occurrences | Potential Output Occurrences |
|:----------:|:--------------:|:---------------------:|:---------------------:|:----------------------------:|
| iv_506-iv_507 | 1960 | 4269 | 55 | 65 |
| iv_498-iv_506 | 1878 | 4187 | 52 | 73 |
| iv_498-iv_503 | 1837 | 4220 | 48 | 70 |
| iv_503-iv_506 | 1882 | 4317 | 47 | 81 |
| iv_498-iv_501 | 1834 | 4230 | 45 | 76 |
| iv_503-iv_507 | 1970 | 4200 | 45 | 74 |
| iv_501-iv_506 | 1877 | 4331 | 44 | 87 |
| iv_497-iv_498 | 1827 | 4229 | 44 | 73 |
| iv_498-iv_507 | 1866 | 4270 | 43 | 80 |

### Input Bit Output Co-occurrences Sorted by Potential Output Occurrences

| Input Bits | Co-occurrences | Potential Occurrences | Output Co-occurrences | Potential Output Occurrences |
|:----------:|:--------------:|:---------------------:|:---------------------:|:----------------------------:|
| iv_506-iv_507 | 1960 | 4269 | 55 | 65 |
| iv_498-iv_503 | 1837 | 4220 | 48 | 70 |
| iv_498-iv_499 | 1785 | 4154 | 42 | 72 |
| iv_498-iv_506 | 1878 | 4187 | 52 | 73 |
| iv_501-iv_504 | 1917 | 4069 | 40 | 73 |
| iv_497-iv_498 | 1827 | 4229 | 44 | 73 |
| iv_497-iv_499 | 1847 | 4157 | 38 | 73 |
| iv_497-iv_503 | 1960 | 4101 | 43 | 73 |
| iv_500-iv_504 | 1964 | 4293 | 36 | 74 |

## Output Bits

### Output Bits in Regular Order

| Rank | Output Bit | Complexity |
|:----:|:----------:|:----------:|
| 1 | ov_001 | 1.2698932707249499 × 10^296 |
| 2 | ov_002 | 1.0996480099098958 × 10^296 |
| 3 | ov_003 | 9.47306238641264 × 10^295 |
| 4 | ov_004 | 8.115026157906003 × 10^295 |
| 5 | ov_005 | 6.909462573173594 × 10^295 |
| 6 | ov_006 | 5.844153881232038 × 10^295 |
| 7 | ov_007 | 4.907526905046958 × 10^295 |
| 8 | ov_008 | 4.0886130757210304 × 10^295 |
| 9 | ov_009 | 3.3770144989947114 × 10^295 |
| 10 | ov_010 | 2.7628754416795526 × 10^295 |
| 11 | ov_011 | 2.2368586184917977 × 10^295 |
| 12 | ov_012 | 1.7901256950448353 × 10^295 |
| 13 | ov_013 | 1.4143214574150078 × 10^295 |
| 14 | ov_014 | 1.101561132865903 × 10^295 |
| 15 | ov_015 | 8.444203801230075 × 10^294 |
| 16 | ov_016 | 6.359275011289113 × 10^294 |
| 17 | ov_017 | 4.695574595521082 × 10^294 |
| 18 | ov_018 | 3.392273245244231 × 10^294 |
| 19 | ov_019 | 2.3929280883329017 × 10^294 |
| 20 | ov_020 | 1.6454565471598627 × 10^294 |
| 21 | ov_021 | 1.1021169810058032 × 10^294 |
| 22 | ov_022 | 7.194947833403907 × 10^293 |
| 23 | ov_023 | 4.584927691275098 × 10^293 |
| 24 | ov_024 | 2.8432485199577475 × 10^293 |
| 25 | ov_025 | 1.6651217577483872 × 10^293 |
| 26 | ov_026 | 9.089176623300441 × 10^292 |
| 27 | ov_027 | 4.54528528868233 × 10^292 |
| 28 | ov_028 | 2.033657630689489 × 10^292 |
| 29 | ov_029 | 7.835887952782149 × 10^291 |
| 30 | ov_030 | 2.3955239197610144 × 10^291 |
| 31 | ov_031 | 4.672825981373391 × 10^290 |
| 32 | lv_80_m31 | 9.113844642379596 × 10^289 |
| 33 | ov_033 | 1.0902217308105093 × 10^291 |
| 34 | ov_034 | 9.45504676335944 × 10^290 |
| 35 | ov_035 | 8.160534233801289 × 10^290 |
| 36 | ov_036 | 7.0057514603699 × 10^290 |
| 37 | ov_037 | 5.978463336178379 × 10^290 |
| 38 | ov_038 | 5.067078871879055 × 10^290 |
| 39 | ov_039 | 4.26060894255199 × 10^290 |
| 40 | ov_040 | 3.548630158789545 × 10^290 |
| 41 | ov_041 | 2.9260681064165113 × 10^290 |
| 42 | ov_042 | 2.388108918068427 × 10^290 |
| 43 | ov_043 | 1.930187571740219 × 10^290 |
| 44 | ov_044 | 1.5438837132211911 × 10^290 |
| 45 | ov_045 | 1.221233301608073 × 10^290 |
| 46 | ov_046 | 9.547172972786438 × 10^289 |
| 47 | ov_047 | 7.372527974909816 × 10^289 |
| 48 | ov_048 | 5.621862199839554 × 10^289 |
| 49 | ov_049 | 4.2328816527498133 × 10^289 |
| 50 | ov_050 | 3.1474961845974943 × 10^289 |
| 51 | ov_051 | 2.311791812638105 × 10^289 |
| 52 | ov_052 | 1.676010686681192 × 10^289 |
| 53 | ov_053 | 1.1945367356268926 × 10^289 |
| 54 | ov_054 | 8.25885664001201 × 10^288 |
| 55 | ov_055 | 5.5034725503801106 × 10^288 |
| 56 | ov_056 | 3.5027252618330086 × 10^288 |
| 57 | ov_057 | 2.100721234265321 × 10^288 |
| 58 | ov_058 | 1.1621540973005142 × 10^288 |
| 59 | ov_059 | 5.722999356952177 × 10^287 |
| 60 | ov_060 | 2.370151615354959 × 10^287 |
| 61 | ov_061 | 8.273575107575514 × 10^286 |
| 62 | ov_062 | 2.26801592964406 × 10^286 |
| 63 | ov_063 | 4.4170683395354625 × 10^285 |
| 64 | lv_79_m31 | 8.600333674201857 × 10^284 |
| 65 | ov_065 | 1.0151438306868101 × 10^286 |
| 66 | ov_066 | 1.015141216818848 × 10^286 |
| 67 | ov_067 | 1.0151406027177713 × 10^286 |
| 68 | ov_068 | 8.759842794911324 × 10^285 |
| 69 | ov_069 | 7.517670596251344 × 10^285 |
| 70 | ov_070 | 6.413527184315612 × 10^285 |
| 71 | ov_071 | 5.4365919352011606 × 10^285 |
| 72 | ov_072 | 4.576558567377281 × 10^285 |
| 73 | ov_073 | 3.8236136078711854 × 10^285 |
| 74 | ov_074 | 3.1684188601755475 × 10^285 |
| 75 | ov_075 | 2.6020963999606388 × 10^285 |
| 76 | ov_076 | 2.1162152416231197 × 10^285 |
| 77 | ov_077 | 1.7027794023318032 × 10^285 |
| 78 | ov_078 | 1.354217282179012 × 10^285 |
| 79 | ov_079 | 1.0633722803965265 × 10^285 |
| 80 | ov_080 | 8.234945686243184 × 10^284 |
| 81 | ov_081 | 6.2823394299160295 × 10^284 |
| 82 | ov_082 | 4.716336773407666 × 10^284 |
| 83 | ov_083 | 3.481253003440828 × 10^284 |
| 84 | ov_084 | 2.5252421956810995 × 10^284 |
| 85 | ov_085 | 1.800261157579072 × 10^284 |
| 86 | ov_086 | 1.2620403076285555 × 10^284 |
| 87 | ov_087 | 8.700607262458943 × 10^283 |
| 88 | ov_088 | 5.875366140924613 × 10^283 |
| 89 | ov_089 | 3.8140239402179673 × 10^283 |
| 90 | ov_090 | 2.360539871133091 × 10^283 |
| 91 | ov_091 | 1.377410992773985 × 10^283 |
| 92 | ov_092 | 7.456495414107983 × 10^282 |
| 93 | ov_093 | 3.647701798357673 × 10^282 |
| 94 | ov_094 | 1.5278372814185835 × 10^282 |
| 95 | aaa_78_28 | 4.619460253252184 × 10^281 |
| 96 | aaa_78_29 | 1.3726903994969893 × 10^281 |
| 97 | ov_097 | 7.723973326769966 × 10^280 |
| 98 | ov_098 | 7.72384699890575 × 10^280 |
| 99 | ov_099 | 7.72380662268238 × 10^280 |
| 100 | ov_100 | 6.307211913000781 × 10^280 |
| 101 | ov_101 | 5.136026749465038 × 10^280 |
| 102 | ov_102 | 4.179288805144176 × 10^280 |
| 103 | ov_103 | 3.407724074327684 × 10^280 |
| 104 | ov_104 | 2.7936229973117332 × 10^280 |
| 105 | ov_105 | 2.3107331447314687 × 10^280 |
| 106 | ov_106 | 1.9341669165967903 × 10^280 |
| 107 | ov_107 | 1.6403227891362032 × 10^280 |
| 108 | ov_108 | 1.406818717968057 × 10^280 |
| 109 | ov_109 | 1.2124363795657284 × 10^280 |
| 110 | ov_110 | 1.0370750049385068 × 10^280 |
| 111 | ov_111 | 8.796852263229804 × 10^279 |
| 112 | ov_112 | 7.392418371128578 × 10^279 |
| 113 | ov_113 | 6.147384819185929 × 10^279 |
| 114 | ov_114 | 5.051832439736495 × 10^279 |
| 115 | ov_115 | 4.095950610131791 × 10^279 |
| 116 | ov_116 | 3.270009008410273 × 10^279 |
| 117 | ov_117 | 2.5643362786594304 × 10^279 |
| 118 | ov_118 | 1.969304270185521 × 10^279 |
| 119 | ov_119 | 1.4753159515290633 × 10^279 |
| 120 | ov_120 | 1.0727959212531964 × 10^279 |
| 121 | ov_121 | 7.521831724611862 × 10^278 |
| 122 | ov_122 | 5.039257680481136 × 10^278 |
| 123 | ov_123 | 3.1847708370995162 × 10^278 |
| 124 | ov_124 | 1.8629327573261573 × 10^278 |
| 125 | ov_125 | 9.783171376314054 × 10^277 |
| 126 | ov_126 | 4.3550182202543785 × 10^277 |
| 127 | aaa_77_28 | 1.3906574008553784 × 10^277 |
| 128 | aaa_77_29 | 5.213827739080484 × 10^276 |
| 129 | ov_129 | 4.7631580756385684 × 10^276 |
| 130 | ov_130 | 4.763143376079551 × 10^276 |
| 131 | ov_131 | 4.763139828158165 × 10^276 |
| 132 | ov_132 | 4.121943782937848 × 10^276 |
| 133 | ov_133 | 3.5477381677312856 × 10^276 |
| 134 | ov_134 | 3.035254705091104 × 10^276 |
| 135 | ov_135 | 2.57950053039263 × 10^276 |
| 136 | ov_136 | 2.1757382966687446 × 10^276 |
| 137 | ov_137 | 1.8216609123602178 × 10^276 |
| 138 | ov_138 | 1.5129936978973554 × 10^276 |
| 139 | ov_139 | 1.2456741701054131 × 10^276 |
| 140 | ov_140 | 1.0158422340980455 × 10^276 |
| 141 | ov_141 | 8.198322627184909 × 10^275 |
| 142 | ov_142 | 6.541668171801473 × 10^275 |
| 143 | ov_143 | 5.1555177681761094 × 10^275 |
| 144 | ov_144 | 4.008726600374782 × 10^275 |
| 145 | ov_145 | 3.071919326830263 × 10^275 |
| 146 | ov_146 | 2.31747114114921 × 10^275 |
| 147 | ov_147 | 1.719495053709212 × 10^275 |
| 148 | ov_148 | 1.2538337780727407 × 10^275 |
| 149 | ov_149 | 8.980547464786155 × 10^274 |
| 150 | ov_150 | 6.314469847577227 × 10^274 |
| 151 | ov_151 | 4.350189634544716 × 10^274 |
| 152 | ov_152 | 2.91497007795884 × 10^274 |
| 153 | ov_153 | 1.8532413056315464 × 10^274 |
| 154 | ov_154 | 1.0915088838944545 × 10^274 |
| 155 | ov_155 | 5.64856085870349 × 10^273 |
| 156 | aaa_76_25 | 2.16941966007935 × 10^273 |
| 157 | aaa_76_26 | 1.2516225132824477 × 10^273 |
| 158 | aaa_76_27 | 6.40012271321085 × 10^272 |
| 159 | aaa_76_28 | 2.48851941339041 × 10^272 |
| 160 | aaa_76_29 | 7.557691251757178 × 10^271 |

### Output Bits Sorted by Complexity

| Rank | Output Bit | Complexity |
|:----:|:----------:|:----------:|
| 160 | aaa_76_29 | 7.557691251757178 × 10^271 |
| 159 | aaa_76_28 | 2.48851941339041 × 10^272 |
| 158 | aaa_76_27 | 6.40012271321085 × 10^272 |
| 157 | aaa_76_26 | 1.2516225132824477 × 10^273 |
| 156 | aaa_76_25 | 2.16941966007935 × 10^273 |
| 155 | ov_155 | 5.64856085870349 × 10^273 |
| 154 | ov_154 | 1.0915088838944545 × 10^274 |
| 153 | ov_153 | 1.8532413056315464 × 10^274 |
| 152 | ov_152 | 2.91497007795884 × 10^274 |
| 151 | ov_151 | 4.350189634544716 × 10^274 |
| 150 | ov_150 | 6.314469847577227 × 10^274 |
| 149 | ov_149 | 8.980547464786155 × 10^274 |
| 148 | ov_148 | 1.2538337780727407 × 10^275 |
| 147 | ov_147 | 1.719495053709212 × 10^275 |
| 146 | ov_146 | 2.31747114114921 × 10^275 |
| 145 | ov_145 | 3.071919326830263 × 10^275 |
| 144 | ov_144 | 4.008726600374782 × 10^275 |
| 143 | ov_143 | 5.1555177681761094 × 10^275 |
| 142 | ov_142 | 6.541668171801473 × 10^275 |
| 141 | ov_141 | 8.198322627184909 × 10^275 |
| 140 | ov_140 | 1.0158422340980455 × 10^276 |
| 139 | ov_139 | 1.2456741701054131 × 10^276 |
| 138 | ov_138 | 1.5129936978973554 × 10^276 |
| 137 | ov_137 | 1.8216609123602178 × 10^276 |
| 136 | ov_136 | 2.1757382966687446 × 10^276 |
| 135 | ov_135 | 2.57950053039263 × 10^276 |
| 134 | ov_134 | 3.035254705091104 × 10^276 |
| 133 | ov_133 | 3.5477381677312856 × 10^276 |
| 132 | ov_132 | 4.121943782937848 × 10^276 |
| 131 | ov_131 | 4.763139828158165 × 10^276 |
| 130 | ov_130 | 4.763143376079551 × 10^276 |
| 129 | ov_129 | 4.7631580756385684 × 10^276 |
| 128 | aaa_77_29 | 5.213827739080484 × 10^276 |
| 127 | aaa_77_28 | 1.3906574008553784 × 10^277 |
| 126 | ov_126 | 4.3550182202543785 × 10^277 |
| 125 | ov_125 | 9.783171376314054 × 10^277 |
| 124 | ov_124 | 1.8629327573261573 × 10^278 |
| 123 | ov_123 | 3.1847708370995162 × 10^278 |
| 122 | ov_122 | 5.039257680481136 × 10^278 |
| 121 | ov_121 | 7.521831724611862 × 10^278 |
| 120 | ov_120 | 1.0727959212531964 × 10^279 |
| 119 | ov_119 | 1.4753159515290633 × 10^279 |
| 118 | ov_118 | 1.969304270185521 × 10^279 |
| 117 | ov_117 | 2.5643362786594304 × 10^279 |
| 116 | ov_116 | 3.270009008410273 × 10^279 |
| 115 | ov_115 | 4.095950610131791 × 10^279 |
| 114 | ov_114 | 5.051832439736495 × 10^279 |
| 113 | ov_113 | 6.147384819185929 × 10^279 |
| 112 | ov_112 | 7.392418371128578 × 10^279 |
| 111 | ov_111 | 8.796852263229804 × 10^279 |
| 110 | ov_110 | 1.0370750049385068 × 10^280 |
| 109 | ov_109 | 1.2124363795657284 × 10^280 |
| 108 | ov_108 | 1.406818717968057 × 10^280 |
| 107 | ov_107 | 1.6403227891362032 × 10^280 |
| 106 | ov_106 | 1.9341669165967903 × 10^280 |
| 105 | ov_105 | 2.3107331447314687 × 10^280 |
| 104 | ov_104 | 2.7936229973117332 × 10^280 |
| 103 | ov_103 | 3.407724074327684 × 10^280 |
| 102 | ov_102 | 4.179288805144176 × 10^280 |
| 101 | ov_101 | 5.136026749465038 × 10^280 |
| 100 | ov_100 | 6.307211913000781 × 10^280 |
| 99 | ov_099 | 7.72380662268238 × 10^280 |
| 98 | ov_098 | 7.72384699890575 × 10^280 |
| 97 | ov_097 | 7.723973326769966 × 10^280 |
| 96 | aaa_78_29 | 1.3726903994969893 × 10^281 |
| 95 | aaa_78_28 | 4.619460253252184 × 10^281 |
| 94 | ov_094 | 1.5278372814185835 × 10^282 |
| 93 | ov_093 | 3.647701798357673 × 10^282 |
| 92 | ov_092 | 7.456495414107983 × 10^282 |
| 91 | ov_091 | 1.377410992773985 × 10^283 |
| 90 | ov_090 | 2.360539871133091 × 10^283 |
| 89 | ov_089 | 3.8140239402179673 × 10^283 |
| 88 | ov_088 | 5.875366140924613 × 10^283 |
| 87 | ov_087 | 8.700607262458943 × 10^283 |
| 86 | ov_086 | 1.2620403076285555 × 10^284 |
| 85 | ov_085 | 1.800261157579072 × 10^284 |
| 84 | ov_084 | 2.5252421956810995 × 10^284 |
| 83 | ov_083 | 3.481253003440828 × 10^284 |
| 82 | ov_082 | 4.716336773407666 × 10^284 |
| 81 | ov_081 | 6.2823394299160295 × 10^284 |
| 80 | ov_080 | 8.234945686243184 × 10^284 |
| 64 | lv_79_m31 | 8.600333674201857 × 10^284 |
| 79 | ov_079 | 1.0633722803965265 × 10^285 |
| 78 | ov_078 | 1.354217282179012 × 10^285 |
| 77 | ov_077 | 1.7027794023318032 × 10^285 |
| 76 | ov_076 | 2.1162152416231197 × 10^285 |
| 75 | ov_075 | 2.6020963999606388 × 10^285 |
| 74 | ov_074 | 3.1684188601755475 × 10^285 |
| 73 | ov_073 | 3.8236136078711854 × 10^285 |
| 63 | ov_063 | 4.4170683395354625 × 10^285 |
| 72 | ov_072 | 4.576558567377281 × 10^285 |
| 71 | ov_071 | 5.4365919352011606 × 10^285 |
| 70 | ov_070 | 6.413527184315612 × 10^285 |
| 69 | ov_069 | 7.517670596251344 × 10^285 |
| 68 | ov_068 | 8.759842794911324 × 10^285 |
| 67 | ov_067 | 1.0151406027177713 × 10^286 |
| 66 | ov_066 | 1.015141216818848 × 10^286 |
| 65 | ov_065 | 1.0151438306868101 × 10^286 |
| 62 | ov_062 | 2.26801592964406 × 10^286 |
| 61 | ov_061 | 8.273575107575514 × 10^286 |
| 60 | ov_060 | 2.370151615354959 × 10^287 |
| 59 | ov_059 | 5.722999356952177 × 10^287 |
| 58 | ov_058 | 1.1621540973005142 × 10^288 |
| 57 | ov_057 | 2.100721234265321 × 10^288 |
| 56 | ov_056 | 3.5027252618330086 × 10^288 |
| 55 | ov_055 | 5.5034725503801106 × 10^288 |
| 54 | ov_054 | 8.25885664001201 × 10^288 |
| 53 | ov_053 | 1.1945367356268926 × 10^289 |
| 52 | ov_052 | 1.676010686681192 × 10^289 |
| 51 | ov_051 | 2.311791812638105 × 10^289 |
| 50 | ov_050 | 3.1474961845974943 × 10^289 |
| 49 | ov_049 | 4.2328816527498133 × 10^289 |
| 48 | ov_048 | 5.621862199839554 × 10^289 |
| 47 | ov_047 | 7.372527974909816 × 10^289 |
| 32 | lv_80_m31 | 9.113844642379596 × 10^289 |
| 46 | ov_046 | 9.547172972786438 × 10^289 |
| 45 | ov_045 | 1.221233301608073 × 10^290 |
| 44 | ov_044 | 1.5438837132211911 × 10^290 |
| 43 | ov_043 | 1.930187571740219 × 10^290 |
| 42 | ov_042 | 2.388108918068427 × 10^290 |
| 41 | ov_041 | 2.9260681064165113 × 10^290 |
| 40 | ov_040 | 3.548630158789545 × 10^290 |
| 39 | ov_039 | 4.26060894255199 × 10^290 |
| 31 | ov_031 | 4.672825981373391 × 10^290 |
| 38 | ov_038 | 5.067078871879055 × 10^290 |
| 37 | ov_037 | 5.978463336178379 × 10^290 |
| 36 | ov_036 | 7.0057514603699 × 10^290 |
| 35 | ov_035 | 8.160534233801289 × 10^290 |
| 34 | ov_034 | 9.45504676335944 × 10^290 |
| 33 | ov_033 | 1.0902217308105093 × 10^291 |
| 30 | ov_030 | 2.3955239197610144 × 10^291 |
| 29 | ov_029 | 7.835887952782149 × 10^291 |
| 28 | ov_028 | 2.033657630689489 × 10^292 |
| 27 | ov_027 | 4.54528528868233 × 10^292 |
| 26 | ov_026 | 9.089176623300441 × 10^292 |
| 25 | ov_025 | 1.6651217577483872 × 10^293 |
| 24 | ov_024 | 2.8432485199577475 × 10^293 |
| 23 | ov_023 | 4.584927691275098 × 10^293 |
| 22 | ov_022 | 7.194947833403907 × 10^293 |
| 21 | ov_021 | 1.1021169810058032 × 10^294 |
| 20 | ov_020 | 1.6454565471598627 × 10^294 |
| 19 | ov_019 | 2.3929280883329017 × 10^294 |
| 18 | ov_018 | 3.392273245244231 × 10^294 |
| 17 | ov_017 | 4.695574595521082 × 10^294 |
| 16 | ov_016 | 6.359275011289113 × 10^294 |
| 15 | ov_015 | 8.444203801230075 × 10^294 |
| 14 | ov_014 | 1.101561132865903 × 10^295 |
| 13 | ov_013 | 1.4143214574150078 × 10^295 |
| 12 | ov_012 | 1.7901256950448353 × 10^295 |
| 11 | ov_011 | 2.2368586184917977 × 10^295 |
| 10 | ov_010 | 2.7628754416795526 × 10^295 |
| 9 | ov_009 | 3.3770144989947114 × 10^295 |
| 8 | ov_008 | 4.0886130757210304 × 10^295 |
| 7 | ov_007 | 4.907526905046958 × 10^295 |
| 6 | ov_006 | 5.844153881232038 × 10^295 |
| 5 | ov_005 | 6.909462573173594 × 10^295 |
| 4 | ov_004 | 8.115026157906003 × 10^295 |
| 3 | ov_003 | 9.47306238641264 × 10^295 |
| 2 | ov_002 | 1.0996480099098958 × 10^296 |
| 1 | ov_001 | 1.2698932707249499 × 10^296 |

