# Results for T001-T002-F003-F004-F005-T006-T007-F008-T009-F010-F011-T012-F013-F014-F015-T016-F017-F018-F019-F020-T021-F022-F023-T024-F025-T026-F027-T028-T029-F030-F031-F032-F033-F034-T035-F036-T037-T038-F039-F040-T041-T042-T043-F044-F045-F046-F047-F048-F049-F050-F051-F052-F053-F054-F055-F056-T057-F058-T059-F060-F061-T062-T063-T064-F065-T066-T067-T068-T069-T070-F071-T072-T073-T074-T075-T076-T077-T078-F079-F080-F081-F082-F083-F084-F085-F086-F087-T088-T089-F090-T091-F092-F093-F094-F095-T096-T097-F098-T099-F100-T101-F102-F103-T104-T105-T106-T107-F108-T109-T110-T111-T112-T113-T114-T115-T116-F117-T118-F119-T120-T121-F122-F123-F124-F125-T126-F127-F128-F129-T130-F131-F132-T133-F134-T135-T136-F137-F138-T139-T140-F141-T142-F143-T144-T145-T146-F147-F148-T149-T150-T151-F152-T153-T154-F155-F156-F157-T158-F159-T160-F161-F162-F163-T164-F165-T166-T167-F168-T169-F170-T171-T172-F173-F174-T175-F176-T177-T178-T179-T180-T181-F182-T183-T184-T185-F186-T187-F188-F189-T190-F191-T192-T193-F194-F195-F196-T197-F198-F199-T200-F201-T202-F203-F204-F205-F206-T207-F208-F209-F210-F211-T212-F213-T214-T215-T216-F217-T218-T219-F220-F221-F222-F223-F224-T225-F226-T227-T228-T229-T230-F231-F232-F233-F234-F235-T236-T237-T238-T239-T240-F241-T242-F243-F244-T245-T246-T247-T248-F249-T250-F251-T252-F253-T254-F255-F256-T257-F258-F259-F260-T261-F262-F263-T264-F265-F266-F267-T268-T269-F270-T271-F272-T273-F274-F275-F276-T277-F278-F279-T280-F281-F282-F283-T284-F285-T286-T287-F288-T289-T290-T291-F292-F293-T294-T295-F296-T297-F298-T299-T300-T301-T302-T303-F304-F305-F306-F307-F308-T309-T310-F311-T312-F313-T314-T315-F316-T317-F318-T319-F320-F321-F322-T323-F324-F325-F326-F327-F328-F329-T330-F331-F332-T333-T334-T335-F336-F337-T338-F339-T340-F341-F342-T343-T344-F345-T346-F347-T348-F349-F350-T351-T352-F353-T354-F355-F356-T357-F358-F359-F360-F361-T362-T363-T364-T365-T366-T367-F368-F369-T370-F371-F372-T373-F374-T375-T376-F377-T378-F379-F380-T381-F382-F383-F384-T385-F386-T387-F388-T389-F390-F391-F392-F393-T394-F395-T396-T397-T398-T399-T400-T401-T402-T403-F404-T405-F406-F407-F408-F409-F410-F411-T412-T413-F414-T415-F416-T417-T418-T419-T420-F421-F422-T423-F424-F425-T426-F427-F428-T429-F430-F431-T432-F433-T434-T435-T436-F437-F438-F439-F440-F441-T442-T443-T444-F445-F446-F447-F448-F449-F450-T451-F452-T453-T454-F456-T457-T458-F459-F460-F461-T462-F463-F464-F465-T466-F467-T468-F469-F470-F471-F472-F473-T474-T475-T476-F477-F478-F479-F480-F484-F487-T489-T491-F494-F496-F500-T505-T507-T509-F512

## Summary

Number of input bits: 512  
Number of free input bits: 22  
Number of output bits: 160

Number of assignments: 19435  
Number of operations: 46243
(xor: 19472,
and: 13724,
or: 13047)

Total complexity: 2.68264 × 10^323

Least complex input bit: iv_488 (2.18938 × 10^319)  
Most complex input bit: iv_455 (5.06519 × 10^322)

Least complex output bit: aaa_76_29 (2.28868 × 10^297)  
Most complex output bit: ov_001 (4.15453 × 10^322)

Least complex input/output complexity: iv_488/aaa_76_29 (1.86786 × 10^293)  
Most complex input/output complexity:  (7.84432 × 10^321)

## Input Bits

| Input Bit | Complexity | Occurrences |
|:---------:|:----------:|:-----------:|
| iv_455 | 5.06519 × 10^322 | 47 |
| iv_481 | 1.59938 × 10^322 | 61 |
| iv_482 | 5.06518 × 10^322 | 75 |
| iv_483 | 3.75456 × 10^322 | 69 |
| iv_485 | 3.36053 × 10^321 | 68 |
| iv_486 | 3.36215 × 10^321 | 71 |
| iv_488 | 2.18938 × 10^319 | 79 |
| iv_490 | 7.86547 × 10^319 | 67 |
| iv_492 | 4.24350 × 10^320 | 80 |
| iv_493 | 8.45387 × 10^320 | 70 |
| iv_495 | 2.34395 × 10^321 | 72 |
| iv_497 | 5.11454 × 10^321 | 81 |
| iv_498 | 2.03622 × 10^321 | 78 |
| iv_499 | 2.57632 × 10^321 | 86 |
| iv_501 | 7.13212 × 10^321 | 76 |
| iv_502 | 1.18849 × 10^322 | 64 |
| iv_503 | 1.75722 × 10^322 | 62 |
| iv_504 | 2.43104 × 10^322 | 67 |
| iv_506 | 2.47987 × 10^321 | 75 |
| iv_508 | 9.44252 × 10^321 | 96 |
| iv_510 | 9.17568 × 10^321 | 93 |
| iv_511 | 1.12593 × 10^322 | 73 |

## Input Bits Sorted by Complexity

| Input Bit | Complexity | Occurrences |
|:---------:|:----------:|:-----------:|
| iv_488 | 2.18938 × 10^319 | 79 |
| iv_490 | 7.86547 × 10^319 | 67 |
| iv_492 | 4.24350 × 10^320 | 80 |
| iv_493 | 8.45387 × 10^320 | 70 |
| iv_498 | 2.03622 × 10^321 | 78 |
| iv_495 | 2.34395 × 10^321 | 72 |
| iv_506 | 2.47987 × 10^321 | 75 |
| iv_499 | 2.57632 × 10^321 | 86 |
| iv_485 | 3.36053 × 10^321 | 68 |
| iv_486 | 3.36215 × 10^321 | 71 |
| iv_497 | 5.11454 × 10^321 | 81 |
| iv_501 | 7.13212 × 10^321 | 76 |
| iv_510 | 9.17568 × 10^321 | 93 |
| iv_508 | 9.44252 × 10^321 | 96 |
| iv_511 | 1.12593 × 10^322 | 73 |
| iv_502 | 1.18849 × 10^322 | 64 |
| iv_481 | 1.59938 × 10^322 | 61 |
| iv_503 | 1.75722 × 10^322 | 62 |
| iv_504 | 2.43104 × 10^322 | 67 |
| iv_483 | 3.75456 × 10^322 | 69 |
| iv_482 | 5.06518 × 10^322 | 75 |
| iv_455 | 5.06519 × 10^322 | 47 |

## Input Bits Sorted by Occurrences

| Input Bit | Complexity | Occurrences |
|:---------:|:----------:|:-----------:|
| iv_455 | 5.06519 × 10^322 | 47 |
| iv_481 | 1.59938 × 10^322 | 61 |
| iv_503 | 1.75722 × 10^322 | 62 |
| iv_502 | 1.18849 × 10^322 | 64 |
| iv_490 | 7.86547 × 10^319 | 67 |
| iv_504 | 2.43104 × 10^322 | 67 |
| iv_485 | 3.36053 × 10^321 | 68 |
| iv_483 | 3.75456 × 10^322 | 69 |
| iv_493 | 8.45387 × 10^320 | 70 |
| iv_486 | 3.36215 × 10^321 | 71 |
| iv_495 | 2.34395 × 10^321 | 72 |
| iv_511 | 1.12593 × 10^322 | 73 |
| iv_506 | 2.47987 × 10^321 | 75 |
| iv_482 | 5.06518 × 10^322 | 75 |
| iv_501 | 7.13212 × 10^321 | 76 |
| iv_498 | 2.03622 × 10^321 | 78 |
| iv_488 | 2.18938 × 10^319 | 79 |
| iv_492 | 4.24350 × 10^320 | 80 |
| iv_497 | 5.11454 × 10^321 | 81 |
| iv_499 | 2.57632 × 10^321 | 86 |
| iv_510 | 9.17568 × 10^321 | 93 |
| iv_508 | 9.44252 × 10^321 | 96 |

## Output Bits

| Rank | Output Bit | Complexity |
|:----:|:----------:|:----------:|
| 1 | ov_001 | 4.15453 × 10^322 |
| 2 | ov_002 | 3.61920 × 10^322 |
| 3 | ov_003 | 3.13835 × 10^322 |
| 4 | ov_004 | 2.70789 × 10^322 |
| 5 | ov_005 | 2.32396 × 10^322 |
| 6 | ov_006 | 1.98290 × 10^322 |
| 7 | ov_007 | 1.68126 × 10^322 |
| 8 | ov_008 | 1.41575 × 10^322 |
| 9 | ov_009 | 1.18329 × 10^322 |
| 10 | ov_010 | 9.80942 × 10^321 |
| 11 | ov_011 | 8.05919 × 10^321 |
| 12 | ov_012 | 6.55601 × 10^321 |
| 13 | ov_013 | 5.27510 × 10^321 |
| 14 | ov_014 | 4.19307 × 10^321 |
| 15 | ov_015 | 3.28794 × 10^321 |
| 16 | ov_016 | 2.53905 × 10^321 |
| 17 | ov_017 | 1.92710 × 10^321 |
| 18 | ov_018 | 1.43410 × 10^321 |
| 19 | ov_019 | 1.04333 × 10^321 |
| 20 | ov_020 | 7.39407 × 10^320 |
| 21 | ov_021 | 5.08191 × 10^320 |
| 22 | ov_022 | 3.36844 × 10^320 |
| 23 | ov_023 | 2.13799 × 10^320 |
| 24 | ov_024 | 1.28763 × 10^320 |
| 25 | ov_025 | 7.27166 × 10^319 |
| 26 | ov_026 | 3.79137 × 10^319 |
| 27 | ov_027 | 1.78807 × 10^319 |
| 28 | ov_028 | 7.41675 × 10^318 |
| 29 | ov_029 | 2.59333 × 10^318 |
| 30 | ov_030 | 7.12154 × 10^317 |
| 31 | ov_031 | 1.38964 × 10^317 |
| 32 | lv_80_m31 | 2.71113 × 10^316 |
| 33 | ov_033 | 3.30251 × 10^317 |
| 34 | ov_034 | 2.87696 × 10^317 |
| 35 | ov_035 | 2.49473 × 10^317 |
| 36 | ov_036 | 2.15255 × 10^317 |
| 37 | ov_037 | 1.84735 × 10^317 |
| 38 | ov_038 | 1.57624 × 10^317 |
| 39 | ov_039 | 1.33646 × 10^317 |
| 40 | ov_040 | 1.12541 × 10^317 |
| 41 | ov_041 | 9.40622 × 10^316 |
| 42 | ov_042 | 7.79768 × 10^316 |
| 43 | ov_043 | 6.40639 × 10^316 |
| 44 | ov_044 | 5.21149 × 10^316 |
| 45 | ov_045 | 4.19327 × 10^316 |
| 46 | ov_046 | 3.33314 × 10^316 |
| 47 | ov_047 | 2.61364 × 10^316 |
| 48 | ov_048 | 2.01833 × 10^316 |
| 49 | ov_049 | 1.53189 × 10^316 |
| 50 | ov_050 | 1.13999 × 10^316 |
| 51 | ov_051 | 8.29365 × 10^315 |
| 52 | ov_052 | 5.87767 × 10^315 |
| 53 | ov_053 | 4.03969 × 10^315 |
| 54 | ov_054 | 2.67763 × 10^315 |
| 55 | ov_055 | 1.69952 × 10^315 |
| 56 | ov_056 | 1.02355 × 10^315 |
| 57 | ov_057 | 5.78036 × 10^314 |
| 58 | ov_058 | 3.01382 × 10^314 |
| 59 | ov_059 | 1.42137 × 10^314 |
| 60 | ov_060 | 5.89570 × 10^313 |
| 61 | ov_061 | 2.06148 × 10^313 |
| 62 | ov_062 | 5.66103 × 10^312 |
| 63 | ov_063 | 1.10465 × 10^312 |
| 64 | lv_79_m31 | 2.15512 × 10^311 |
| 65 | ov_065 | 2.62518 × 10^312 |
| 66 | ov_066 | 2.62518 × 10^312 |
| 67 | ov_067 | 2.62518 × 10^312 |
| 68 | ov_068 | 2.28690 × 10^312 |
| 69 | ov_069 | 1.98305 × 10^312 |
| 70 | ov_070 | 1.71105 × 10^312 |
| 71 | ov_071 | 1.46845 × 10^312 |
| 72 | ov_072 | 1.25293 × 10^312 |
| 73 | ov_073 | 1.06233 × 10^312 |
| 74 | ov_074 | 8.94562 × 10^311 |
| 75 | ov_075 | 7.47672 × 10^311 |
| 76 | ov_076 | 6.19806 × 10^311 |
| 77 | ov_077 | 5.09210 × 10^311 |
| 78 | ov_078 | 4.14225 × 10^311 |
| 79 | ov_079 | 3.33285 × 10^311 |
| 80 | ov_080 | 2.64912 × 10^311 |
| 81 | ov_081 | 2.07717 × 10^311 |
| 82 | ov_082 | 1.60396 × 10^311 |
| 83 | ov_083 | 1.21727 × 10^311 |
| 84 | ov_084 | 9.05748 × 10^310 |
| 85 | ov_085 | 6.58826 × 10^310 |
| 86 | ov_086 | 4.66776 × 10^310 |
| 87 | ov_087 | 3.20672 × 10^310 |
| 88 | ov_088 | 2.12399 × 10^310 |
| 89 | ov_089 | 1.34648 × 10^310 |
| 90 | ov_090 | 8.09144 × 10^309 |
| 91 | ov_091 | 4.54991 × 10^309 |
| 92 | ov_092 | 2.35074 × 10^309 |
| 93 | ov_093 | 1.08487 × 10^309 |
| 94 | ov_094 | 4.23659 × 10^308 |
| 95 | aaa_78_28 | 1.18870 × 10^308 |
| 96 | aaa_78_29 | 3.62194 × 10^307 |
| 97 | ov_097 | 2.08680 × 10^307 |
| 98 | ov_098 | 2.08680 × 10^307 |
| 99 | ov_099 | 2.08680 × 10^307 |
| 100 | ov_100 | 1.81790 × 10^307 |
| 101 | ov_101 | 1.57636 × 10^307 |
| 102 | ov_102 | 1.36014 × 10^307 |
| 103 | ov_103 | 1.16729 × 10^307 |
| 104 | ov_104 | 9.95983 × 10^306 |
| 105 | ov_105 | 8.44466 × 10^306 |
| 106 | ov_106 | 7.11103 × 10^306 |
| 107 | ov_107 | 5.94337 × 10^306 |
| 108 | ov_108 | 4.92694 × 10^306 |
| 109 | ov_109 | 4.04779 × 10^306 |
| 110 | ov_110 | 3.29274 × 10^306 |
| 111 | ov_111 | 2.64934 × 10^306 |
| 112 | ov_112 | 2.10583 × 10^306 |
| 113 | ov_113 | 1.65118 × 10^306 |
| 114 | ov_114 | 1.27501 × 10^306 |
| 115 | ov_115 | 9.67633 × 10^305 |
| 116 | ov_116 | 7.19994 × 10^305 |
| 117 | ov_117 | 5.23712 × 10^305 |
| 118 | ov_118 | 3.71048 × 10^305 |
| 119 | ov_119 | 2.54908 × 10^305 |
| 120 | ov_120 | 1.68840 × 10^305 |
| 121 | ov_121 | 1.07034 × 10^305 |
| 122 | ov_122 | 6.43203 × 10^304 |
| 123 | ov_123 | 3.61680 × 10^304 |
| 124 | ov_124 | 1.86864 × 10^304 |
| 125 | ov_125 | 8.62383 × 10^303 |
| 126 | ov_126 | 3.36773 × 10^303 |
| 127 | aaa_77_28 | 9.44924 × 10^302 |
| 128 | aaa_77_29 | 2.87914 × 10^302 |
| 129 | ov_129 | 1.65815 × 10^302 |
| 130 | ov_130 | 1.65814 × 10^302 |
| 131 | ov_131 | 1.65814 × 10^302 |
| 132 | ov_132 | 1.44439 × 10^302 |
| 133 | ov_133 | 1.25239 × 10^302 |
| 134 | ov_134 | 1.08051 × 10^302 |
| 135 | ov_135 | 9.27219 × 10^301 |
| 136 | ov_136 | 7.91038 × 10^301 |
| 137 | ov_137 | 6.70595 × 10^301 |
| 138 | ov_138 | 5.64582 × 10^301 |
| 139 | ov_139 | 4.71763 × 10^301 |
| 140 | ov_140 | 3.90965 × 10^301 |
| 141 | ov_141 | 3.21080 × 10^301 |
| 142 | ov_142 | 2.61060 × 10^301 |
| 143 | ov_143 | 2.09915 × 10^301 |
| 144 | ov_144 | 1.66711 × 10^301 |
| 145 | ov_145 | 1.30569 × 10^301 |
| 146 | ov_146 | 1.00667 × 10^301 |
| 147 | ov_147 | 7.62333 × 10^300 |
| 148 | ov_148 | 5.65481 × 10^300 |
| 149 | ov_149 | 4.09453 × 10^300 |
| 150 | ov_150 | 2.88097 × 10^300 |
| 151 | ov_151 | 1.95775 × 10^300 |
| 152 | ov_152 | 1.27358 × 10^300 |
| 153 | ov_153 | 7.82281 × 10^299 |
| 154 | ov_154 | 4.42740 × 10^299 |
| 155 | ov_155 | 2.18953 × 10^299 |
| 156 | aaa_76_25 | 7.99894 × 10^298 |
| 157 | aaa_76_26 | 4.17816 × 10^298 |
| 158 | aaa_76_27 | 1.92593 × 10^298 |
| 159 | aaa_76_28 | 7.51136 × 10^297 |
| 160 | aaa_76_29 | 2.28868 × 10^297 |

## Output Bits Sorted by Complexity

| Rank | Output Bit | Complexity |
|:----:|:----------:|:----------:|
| 160 | aaa_76_29 | 2.28868 × 10^297 |
| 159 | aaa_76_28 | 7.51136 × 10^297 |
| 158 | aaa_76_27 | 1.92593 × 10^298 |
| 157 | aaa_76_26 | 4.17816 × 10^298 |
| 156 | aaa_76_25 | 7.99894 × 10^298 |
| 155 | ov_155 | 2.18953 × 10^299 |
| 154 | ov_154 | 4.42740 × 10^299 |
| 153 | ov_153 | 7.82281 × 10^299 |
| 152 | ov_152 | 1.27358 × 10^300 |
| 151 | ov_151 | 1.95775 × 10^300 |
| 150 | ov_150 | 2.88097 × 10^300 |
| 149 | ov_149 | 4.09453 × 10^300 |
| 148 | ov_148 | 5.65481 × 10^300 |
| 147 | ov_147 | 7.62333 × 10^300 |
| 146 | ov_146 | 1.00667 × 10^301 |
| 145 | ov_145 | 1.30569 × 10^301 |
| 144 | ov_144 | 1.66711 × 10^301 |
| 143 | ov_143 | 2.09915 × 10^301 |
| 142 | ov_142 | 2.61060 × 10^301 |
| 141 | ov_141 | 3.21080 × 10^301 |
| 140 | ov_140 | 3.90965 × 10^301 |
| 139 | ov_139 | 4.71763 × 10^301 |
| 138 | ov_138 | 5.64582 × 10^301 |
| 137 | ov_137 | 6.70595 × 10^301 |
| 136 | ov_136 | 7.91038 × 10^301 |
| 135 | ov_135 | 9.27219 × 10^301 |
| 134 | ov_134 | 1.08051 × 10^302 |
| 133 | ov_133 | 1.25239 × 10^302 |
| 132 | ov_132 | 1.44439 × 10^302 |
| 131 | ov_131 | 1.65814 × 10^302 |
| 130 | ov_130 | 1.65814 × 10^302 |
| 129 | ov_129 | 1.65815 × 10^302 |
| 128 | aaa_77_29 | 2.87914 × 10^302 |
| 127 | aaa_77_28 | 9.44924 × 10^302 |
| 126 | ov_126 | 3.36773 × 10^303 |
| 125 | ov_125 | 8.62383 × 10^303 |
| 124 | ov_124 | 1.86864 × 10^304 |
| 123 | ov_123 | 3.61680 × 10^304 |
| 122 | ov_122 | 6.43203 × 10^304 |
| 121 | ov_121 | 1.07034 × 10^305 |
| 120 | ov_120 | 1.68840 × 10^305 |
| 119 | ov_119 | 2.54908 × 10^305 |
| 118 | ov_118 | 3.71048 × 10^305 |
| 117 | ov_117 | 5.23712 × 10^305 |
| 116 | ov_116 | 7.19994 × 10^305 |
| 115 | ov_115 | 9.67633 × 10^305 |
| 114 | ov_114 | 1.27501 × 10^306 |
| 113 | ov_113 | 1.65118 × 10^306 |
| 112 | ov_112 | 2.10583 × 10^306 |
| 111 | ov_111 | 2.64934 × 10^306 |
| 110 | ov_110 | 3.29274 × 10^306 |
| 109 | ov_109 | 4.04779 × 10^306 |
| 108 | ov_108 | 4.92694 × 10^306 |
| 107 | ov_107 | 5.94337 × 10^306 |
| 106 | ov_106 | 7.11103 × 10^306 |
| 105 | ov_105 | 8.44466 × 10^306 |
| 104 | ov_104 | 9.95983 × 10^306 |
| 103 | ov_103 | 1.16729 × 10^307 |
| 102 | ov_102 | 1.36014 × 10^307 |
| 101 | ov_101 | 1.57636 × 10^307 |
| 100 | ov_100 | 1.81790 × 10^307 |
| 99 | ov_099 | 2.08680 × 10^307 |
| 98 | ov_098 | 2.08680 × 10^307 |
| 97 | ov_097 | 2.08680 × 10^307 |
| 96 | aaa_78_29 | 3.62194 × 10^307 |
| 95 | aaa_78_28 | 1.18870 × 10^308 |
| 94 | ov_094 | 4.23659 × 10^308 |
| 93 | ov_093 | 1.08487 × 10^309 |
| 92 | ov_092 | 2.35074 × 10^309 |
| 91 | ov_091 | 4.54991 × 10^309 |
| 90 | ov_090 | 8.09144 × 10^309 |
| 89 | ov_089 | 1.34648 × 10^310 |
| 88 | ov_088 | 2.12399 × 10^310 |
| 87 | ov_087 | 3.20672 × 10^310 |
| 86 | ov_086 | 4.66776 × 10^310 |
| 85 | ov_085 | 6.58826 × 10^310 |
| 84 | ov_084 | 9.05748 × 10^310 |
| 83 | ov_083 | 1.21727 × 10^311 |
| 82 | ov_082 | 1.60396 × 10^311 |
| 81 | ov_081 | 2.07717 × 10^311 |
| 64 | lv_79_m31 | 2.15512 × 10^311 |
| 80 | ov_080 | 2.64912 × 10^311 |
| 79 | ov_079 | 3.33285 × 10^311 |
| 78 | ov_078 | 4.14225 × 10^311 |
| 77 | ov_077 | 5.09210 × 10^311 |
| 76 | ov_076 | 6.19806 × 10^311 |
| 75 | ov_075 | 7.47672 × 10^311 |
| 74 | ov_074 | 8.94562 × 10^311 |
| 73 | ov_073 | 1.06233 × 10^312 |
| 63 | ov_063 | 1.10465 × 10^312 |
| 72 | ov_072 | 1.25293 × 10^312 |
| 71 | ov_071 | 1.46845 × 10^312 |
| 70 | ov_070 | 1.71105 × 10^312 |
| 69 | ov_069 | 1.98305 × 10^312 |
| 68 | ov_068 | 2.28690 × 10^312 |
| 67 | ov_067 | 2.62518 × 10^312 |
| 66 | ov_066 | 2.62518 × 10^312 |
| 65 | ov_065 | 2.62518 × 10^312 |
| 62 | ov_062 | 5.66103 × 10^312 |
| 61 | ov_061 | 2.06148 × 10^313 |
| 60 | ov_060 | 5.89570 × 10^313 |
| 59 | ov_059 | 1.42137 × 10^314 |
| 58 | ov_058 | 3.01382 × 10^314 |
| 57 | ov_057 | 5.78036 × 10^314 |
| 56 | ov_056 | 1.02355 × 10^315 |
| 55 | ov_055 | 1.69952 × 10^315 |
| 54 | ov_054 | 2.67763 × 10^315 |
| 53 | ov_053 | 4.03969 × 10^315 |
| 52 | ov_052 | 5.87767 × 10^315 |
| 51 | ov_051 | 8.29365 × 10^315 |
| 50 | ov_050 | 1.13999 × 10^316 |
| 49 | ov_049 | 1.53189 × 10^316 |
| 48 | ov_048 | 2.01833 × 10^316 |
| 47 | ov_047 | 2.61364 × 10^316 |
| 32 | lv_80_m31 | 2.71113 × 10^316 |
| 46 | ov_046 | 3.33314 × 10^316 |
| 45 | ov_045 | 4.19327 × 10^316 |
| 44 | ov_044 | 5.21149 × 10^316 |
| 43 | ov_043 | 6.40639 × 10^316 |
| 42 | ov_042 | 7.79768 × 10^316 |
| 41 | ov_041 | 9.40622 × 10^316 |
| 40 | ov_040 | 1.12541 × 10^317 |
| 39 | ov_039 | 1.33646 × 10^317 |
| 31 | ov_031 | 1.38964 × 10^317 |
| 38 | ov_038 | 1.57624 × 10^317 |
| 37 | ov_037 | 1.84735 × 10^317 |
| 36 | ov_036 | 2.15255 × 10^317 |
| 35 | ov_035 | 2.49473 × 10^317 |
| 34 | ov_034 | 2.87696 × 10^317 |
| 33 | ov_033 | 3.30251 × 10^317 |
| 30 | ov_030 | 7.12154 × 10^317 |
| 29 | ov_029 | 2.59333 × 10^318 |
| 28 | ov_028 | 7.41675 × 10^318 |
| 27 | ov_027 | 1.78807 × 10^319 |
| 26 | ov_026 | 3.79137 × 10^319 |
| 25 | ov_025 | 7.27166 × 10^319 |
| 24 | ov_024 | 1.28763 × 10^320 |
| 23 | ov_023 | 2.13799 × 10^320 |
| 22 | ov_022 | 3.36844 × 10^320 |
| 21 | ov_021 | 5.08191 × 10^320 |
| 20 | ov_020 | 7.39407 × 10^320 |
| 19 | ov_019 | 1.04333 × 10^321 |
| 18 | ov_018 | 1.43410 × 10^321 |
| 17 | ov_017 | 1.92710 × 10^321 |
| 16 | ov_016 | 2.53905 × 10^321 |
| 15 | ov_015 | 3.28794 × 10^321 |
| 14 | ov_014 | 4.19307 × 10^321 |
| 13 | ov_013 | 5.27510 × 10^321 |
| 12 | ov_012 | 6.55601 × 10^321 |
| 11 | ov_011 | 8.05919 × 10^321 |
| 10 | ov_010 | 9.80942 × 10^321 |
| 9 | ov_009 | 1.18329 × 10^322 |
| 8 | ov_008 | 1.41575 × 10^322 |
| 7 | ov_007 | 1.68126 × 10^322 |
| 6 | ov_006 | 1.98290 × 10^322 |
| 5 | ov_005 | 2.32396 × 10^322 |
| 4 | ov_004 | 2.70789 × 10^322 |
| 3 | ov_003 | 3.13835 × 10^322 |
| 2 | ov_002 | 3.61920 × 10^322 |
| 1 | ov_001 | 4.15453 × 10^322 |

