# Results for T001-T002-F003-F004-F005-T006-T007-F008-T009-F010-F011-T012-F013-F014-F015-T016-F017-F018-F019-F020-T021-F022-F023-T024-F025-T026-F027-T028-T029-F030-F031-F032-F033-F034-T035-F036-T037-T038-F039-F040-T041-T042-T043-F044-F045-F046-F047-F048-F049-F050-F051-F052-F053-F054-F055-F056-T057-F058-T059-F060-F061-T062-T063-T064-F065-T066-T067-T068-T069-T070-F071-T072-T073-T074-T075-T076-T077-T078-F079-F080-F081-F082-F083-F084-F085-F086-F087-T088-T089-F090-T091-F092-F093-F094-F095-T096-T097-F098-T099-F100-T101-F102-F103-T104-T105-T106-T107-F108-T109-T110-T111-T112-T113-T114-T115-T116-F117-T118-F119-T120-T121-F122-F123-F124-F125-T126-F127-F128-F129-T130-F131-F132-T133-F134-T135-T136-F137-F138-T139-T140-F141-T142-F143-T144-T145-T146-F147-F148-T149-T150-T151-F152-T153-T154-F155-F156-F157-T158-F159-T160-F161-F162-F163-T164-F165-T166-T167-F168-T169-F170-T171-T172-F173-F174-T175-F176-T177-T178-T179-T180-T181-F182-T183-T184-T185-F186-T187-F188-F189-T190-F191-T192-T193-F194-F195-F196-T197-F198-F199-T200-F201-T202-F203-F204-F205-F206-T207-F208-F209-F210-F211-T212-F213-T214-T215-T216-F217-T218-T219-F220-F221-F222-F223-F224-T225-F226-T227-T228-T229-T230-F231-F232-F233-F234-F235-T236-T237-T238-T239-T240-F241-T242-F243-F244-T245-T246-T247-T248-F249-T250-F251-T252-F253-T254-F255-F256-T257-F258-F259-F260-T261-F262-F263-T264-F265-F266-F267-T268-T269-F270-T271-F272-T273-F274-F275-F276-T277-F278-F279-T280-F281-F282-F283-T284-F285-T286-T287-F288-T289-T290-T291-F292-F293-T294-T295-F296-T297-F298-T299-T300-T301-T302-T303-F304-F305-F306-F307-F308-T309-T310-F311-T312-F313-T314-T315-F316-T317-F318-T319-F320-F321-F322-T323-F324-F325-F326-F327-F328-F329-T330-F331-F332-T333-T334-T335-F336-F337-T338-F339-T340-F341-F342-T343-T344-F345-T346-F347-T348-F349-F350-T351-T352-F353-T354-F355-F356-T357-F358-F359-F360-F361-T362-T363-T364-T365-T366-T367-F368-F369-T370-F371-F372-T373-F374-T375-T376-F377-T378-F379-F380-T381-F382-F383-F384-T385-F386-T387-F388-T389-F390-F391-F392-F393-T394-F395-T396-T397-T398-T399-T400-T401-T402-T403-F404-T405-F406-F407-F408-F409-F410-F411-T412-T413-F414-T415-F416-T417-T418-T419-T420-F421-F422-T423-F424-F425-T426-F427-F428-T429-F430-F431-T432-F433-T434-T435-T436-F437-F438-F439-F440-F441-T442-T443-T444-F445-F446-F447-F448-F449-F450-T451-F452-T453-T454-F456-T457-T458-F459-F460-F461-T462-F463-F464-F465-T466-F467-T468-F469-F470-F471-F472-F473-T474-T475-T476-F477-F478-F479-F480-F484-F487-T489-T491-F494-F496-F500-T505-T507-T509-T512

## Summary

Number of input bits: 512  
Number of free input bits: 22  
Number of output bits: 160

Number of assignments: 19436  
Number of operations: 46257
(xor: 19475,
and: 13738,
or: 13044)

Total complexity: 1.99977 × 10^323

Least complex input bit: iv_488 (2.47044 × 10^319)  
Most complex input bit: iv_511 (2.75818 × 10^322)

Least complex output bit: aaa_76_29 (1.70609 × 10^297)  
Most complex output bit: ov_001 (3.09700 × 10^322)

Least complex input/output complexity: iv_488/aaa_76_29 (2.10764 × 10^293)  
Most complex input/output complexity: iv_511/ov_001 (4.27152 × 10^321)

## Input Bits

| Input Bit | Complexity | Occurrences |
|:---------:|:----------:|:-----------:|
| iv_455 | 1.65718 × 10^322 | 47 |
| iv_481 | 4.64988 × 10^321 | 61 |
| iv_482 | 1.65717 × 10^322 | 75 |
| iv_483 | 1.47577 × 10^322 | 69 |
| iv_485 | 3.30273 × 10^321 | 68 |
| iv_486 | 3.30456 × 10^321 | 71 |
| iv_488 | 2.47044 × 10^319 | 79 |
| iv_490 | 8.75698 × 10^319 | 67 |
| iv_492 | 4.62146 × 10^320 | 80 |
| iv_493 | 9.13372 × 10^320 | 70 |
| iv_495 | 2.49566 × 10^321 | 72 |
| iv_497 | 5.37819 × 10^321 | 81 |
| iv_498 | 2.10043 × 10^321 | 78 |
| iv_499 | 2.64408 × 10^321 | 86 |
| iv_501 | 7.27050 × 10^321 | 76 |
| iv_502 | 1.20892 × 10^322 | 64 |
| iv_503 | 1.78368 × 10^322 | 62 |
| iv_504 | 2.46263 × 10^322 | 67 |
| iv_506 | 2.45190 × 10^321 | 75 |
| iv_508 | 9.32408 × 10^321 | 78 |
| iv_510 | 2.55323 × 10^322 | 86 |
| iv_511 | 2.75818 × 10^322 | 75 |

## Input Bits Sorted by Complexity

| Input Bit | Complexity | Occurrences |
|:---------:|:----------:|:-----------:|
| iv_488 | 2.47044 × 10^319 | 79 |
| iv_490 | 8.75698 × 10^319 | 67 |
| iv_492 | 4.62146 × 10^320 | 80 |
| iv_493 | 9.13372 × 10^320 | 70 |
| iv_498 | 2.10043 × 10^321 | 78 |
| iv_506 | 2.45190 × 10^321 | 75 |
| iv_495 | 2.49566 × 10^321 | 72 |
| iv_499 | 2.64408 × 10^321 | 86 |
| iv_485 | 3.30273 × 10^321 | 68 |
| iv_486 | 3.30456 × 10^321 | 71 |
| iv_481 | 4.64988 × 10^321 | 61 |
| iv_497 | 5.37819 × 10^321 | 81 |
| iv_501 | 7.27050 × 10^321 | 76 |
| iv_508 | 9.32408 × 10^321 | 78 |
| iv_502 | 1.20892 × 10^322 | 64 |
| iv_483 | 1.47577 × 10^322 | 69 |
| iv_482 | 1.65717 × 10^322 | 75 |
| iv_455 | 1.65718 × 10^322 | 47 |
| iv_503 | 1.78368 × 10^322 | 62 |
| iv_504 | 2.46263 × 10^322 | 67 |
| iv_510 | 2.55323 × 10^322 | 86 |
| iv_511 | 2.75818 × 10^322 | 75 |

## Input Bits Sorted by Occurrences

| Input Bit | Complexity | Occurrences |
|:---------:|:----------:|:-----------:|
| iv_455 | 1.65718 × 10^322 | 47 |
| iv_481 | 4.64988 × 10^321 | 61 |
| iv_503 | 1.78368 × 10^322 | 62 |
| iv_502 | 1.20892 × 10^322 | 64 |
| iv_490 | 8.75698 × 10^319 | 67 |
| iv_504 | 2.46263 × 10^322 | 67 |
| iv_485 | 3.30273 × 10^321 | 68 |
| iv_483 | 1.47577 × 10^322 | 69 |
| iv_493 | 9.13372 × 10^320 | 70 |
| iv_486 | 3.30456 × 10^321 | 71 |
| iv_495 | 2.49566 × 10^321 | 72 |
| iv_506 | 2.45190 × 10^321 | 75 |
| iv_511 | 2.75818 × 10^322 | 75 |
| iv_482 | 1.65717 × 10^322 | 75 |
| iv_501 | 7.27050 × 10^321 | 76 |
| iv_498 | 2.10043 × 10^321 | 78 |
| iv_508 | 9.32408 × 10^321 | 78 |
| iv_488 | 2.47044 × 10^319 | 79 |
| iv_492 | 4.62146 × 10^320 | 80 |
| iv_497 | 5.37819 × 10^321 | 81 |
| iv_510 | 2.55323 × 10^322 | 86 |
| iv_499 | 2.64408 × 10^321 | 86 |

## Output Bits

| Rank | Output Bit | Complexity |
|:----:|:----------:|:----------:|
| 1 | ov_001 | 3.09700 × 10^322 |
| 2 | ov_002 | 2.69793 × 10^322 |
| 3 | ov_003 | 2.33948 × 10^322 |
| 4 | ov_004 | 2.01859 × 10^322 |
| 5 | ov_005 | 1.73239 × 10^322 |
| 6 | ov_006 | 1.47815 × 10^322 |
| 7 | ov_007 | 1.25329 × 10^322 |
| 8 | ov_008 | 1.05537 × 10^322 |
| 9 | ov_009 | 8.82088 × 10^321 |
| 10 | ov_010 | 7.31243 × 10^321 |
| 11 | ov_011 | 6.00772 × 10^321 |
| 12 | ov_012 | 4.88718 × 10^321 |
| 13 | ov_013 | 3.93232 × 10^321 |
| 14 | ov_014 | 3.12572 × 10^321 |
| 15 | ov_015 | 2.45099 × 10^321 |
| 16 | ov_016 | 1.89273 × 10^321 |
| 17 | ov_017 | 1.43656 × 10^321 |
| 18 | ov_018 | 1.06904 × 10^321 |
| 19 | ov_019 | 7.77754 × 10^320 |
| 20 | ov_020 | 5.51191 × 10^320 |
| 21 | ov_021 | 3.78831 × 10^320 |
| 22 | ov_022 | 2.51100 × 10^320 |
| 23 | ov_023 | 1.59376 × 10^320 |
| 24 | ov_024 | 9.59863 × 10^319 |
| 25 | ov_025 | 5.42066 × 10^319 |
| 26 | ov_026 | 2.82627 × 10^319 |
| 27 | ov_027 | 1.33292 × 10^319 |
| 28 | ov_028 | 5.52881 × 10^318 |
| 29 | ov_029 | 1.93320 × 10^318 |
| 30 | ov_030 | 5.30875 × 10^317 |
| 31 | ov_031 | 1.03591 × 10^317 |
| 32 | lv_80_m31 | 2.02101 × 10^316 |
| 33 | ov_033 | 2.46185 × 10^317 |
| 34 | ov_034 | 2.14463 × 10^317 |
| 35 | ov_035 | 1.85969 × 10^317 |
| 36 | ov_036 | 1.60461 × 10^317 |
| 37 | ov_037 | 1.37711 × 10^317 |
| 38 | ov_038 | 1.17501 × 10^317 |
| 39 | ov_039 | 9.96266 × 10^316 |
| 40 | ov_040 | 8.38936 × 10^316 |
| 41 | ov_041 | 7.01187 × 10^316 |
| 42 | ov_042 | 5.81278 × 10^316 |
| 43 | ov_043 | 4.77564 × 10^316 |
| 44 | ov_044 | 3.88490 × 10^316 |
| 45 | ov_045 | 3.12587 × 10^316 |
| 46 | ov_046 | 2.48469 × 10^316 |
| 47 | ov_047 | 1.94833 × 10^316 |
| 48 | ov_048 | 1.50456 × 10^316 |
| 49 | ov_049 | 1.14194 × 10^316 |
| 50 | ov_050 | 8.49805 × 10^315 |
| 51 | ov_051 | 6.18250 × 10^315 |
| 52 | ov_052 | 4.38151 × 10^315 |
| 53 | ov_053 | 3.01139 × 10^315 |
| 54 | ov_054 | 1.99604 × 10^315 |
| 55 | ov_055 | 1.26691 × 10^315 |
| 56 | ov_056 | 7.63012 × 10^314 |
| 57 | ov_057 | 4.30897 × 10^314 |
| 58 | ov_058 | 2.24665 × 10^314 |
| 59 | ov_059 | 1.05956 × 10^314 |
| 60 | ov_060 | 4.39495 × 10^313 |
| 61 | ov_061 | 1.53673 × 10^313 |
| 62 | ov_062 | 4.22001 × 10^312 |
| 63 | ov_063 | 8.23464 × 10^311 |
| 64 | lv_79_m31 | 1.60653 × 10^311 |
| 65 | ov_065 | 1.95694 × 10^312 |
| 66 | ov_066 | 1.95694 × 10^312 |
| 67 | ov_067 | 1.95694 × 10^312 |
| 68 | ov_068 | 1.70477 × 10^312 |
| 69 | ov_069 | 1.47827 × 10^312 |
| 70 | ov_070 | 1.27550 × 10^312 |
| 71 | ov_071 | 1.09465 × 10^312 |
| 72 | ov_072 | 9.34003 × 10^311 |
| 73 | ov_073 | 7.91915 × 10^311 |
| 74 | ov_074 | 6.66851 × 10^311 |
| 75 | ov_075 | 5.57352 × 10^311 |
| 76 | ov_076 | 4.62034 × 10^311 |
| 77 | ov_077 | 3.79590 × 10^311 |
| 78 | ov_078 | 3.08784 × 10^311 |
| 79 | ov_079 | 2.48447 × 10^311 |
| 80 | ov_080 | 1.97479 × 10^311 |
| 81 | ov_081 | 1.54843 × 10^311 |
| 82 | ov_082 | 1.19567 × 10^311 |
| 83 | ov_083 | 9.07418 × 10^310 |
| 84 | ov_084 | 6.75189 × 10^310 |
| 85 | ov_085 | 4.91122 × 10^310 |
| 86 | ov_086 | 3.47958 × 10^310 |
| 87 | ov_087 | 2.39045 × 10^310 |
| 88 | ov_088 | 1.58333 × 10^310 |
| 89 | ov_089 | 1.00373 × 10^310 |
| 90 | ov_090 | 6.03176 × 10^309 |
| 91 | ov_091 | 3.39173 × 10^309 |
| 92 | ov_092 | 1.75236 × 10^309 |
| 93 | ov_093 | 8.08718 × 10^308 |
| 94 | ov_094 | 3.15816 × 10^308 |
| 95 | aaa_78_28 | 8.86122 × 10^307 |
| 96 | aaa_78_29 | 2.69997 × 10^307 |
| 97 | ov_097 | 1.55561 × 10^307 |
| 98 | ov_098 | 1.55560 × 10^307 |
| 99 | ov_099 | 1.55560 × 10^307 |
| 100 | ov_100 | 1.35515 × 10^307 |
| 101 | ov_101 | 1.17510 × 10^307 |
| 102 | ov_102 | 1.01392 × 10^307 |
| 103 | ov_103 | 8.70162 × 10^306 |
| 104 | ov_104 | 7.42455 × 10^306 |
| 105 | ov_105 | 6.29507 × 10^306 |
| 106 | ov_106 | 5.30092 × 10^306 |
| 107 | ov_107 | 4.43048 × 10^306 |
| 108 | ov_108 | 3.67279 × 10^306 |
| 109 | ov_109 | 3.01743 × 10^306 |
| 110 | ov_110 | 2.45457 × 10^306 |
| 111 | ov_111 | 1.97495 × 10^306 |
| 112 | ov_112 | 1.56979 × 10^306 |
| 113 | ov_113 | 1.23087 × 10^306 |
| 114 | ov_114 | 9.50460 × 10^305 |
| 115 | ov_115 | 7.21322 × 10^305 |
| 116 | ov_116 | 5.36720 × 10^305 |
| 117 | ov_117 | 3.90401 × 10^305 |
| 118 | ov_118 | 2.76598 × 10^305 |
| 119 | ov_119 | 1.90021 × 10^305 |
| 120 | ov_120 | 1.25861 × 10^305 |
| 121 | ov_121 | 7.97886 × 10^304 |
| 122 | ov_122 | 4.79475 × 10^304 |
| 123 | ov_123 | 2.69614 × 10^304 |
| 124 | ov_124 | 1.39298 × 10^304 |
| 125 | ov_125 | 6.42863 × 10^303 |
| 126 | ov_126 | 2.51048 × 10^303 |
| 127 | aaa_77_28 | 7.04393 × 10^302 |
| 128 | aaa_77_29 | 2.14626 × 10^302 |
| 129 | ov_129 | 1.23607 × 10^302 |
| 130 | ov_130 | 1.23606 × 10^302 |
| 131 | ov_131 | 1.23606 × 10^302 |
| 132 | ov_132 | 1.07672 × 10^302 |
| 133 | ov_133 | 9.33598 × 10^301 |
| 134 | ov_134 | 8.05472 × 10^301 |
| 135 | ov_135 | 6.91195 × 10^301 |
| 136 | ov_136 | 5.89679 × 10^301 |
| 137 | ov_137 | 4.99895 × 10^301 |
| 138 | ov_138 | 4.20868 × 10^301 |
| 139 | ov_139 | 3.51676 × 10^301 |
| 140 | ov_140 | 2.91445 × 10^301 |
| 141 | ov_141 | 2.39349 × 10^301 |
| 142 | ov_142 | 1.94607 × 10^301 |
| 143 | ov_143 | 1.56481 × 10^301 |
| 144 | ov_144 | 1.24274 × 10^301 |
| 145 | ov_145 | 9.73333 × 10^300 |
| 146 | ov_146 | 7.50427 × 10^300 |
| 147 | ov_147 | 5.68281 × 10^300 |
| 148 | ov_148 | 4.21537 × 10^300 |
| 149 | ov_149 | 3.05226 × 10^300 |
| 150 | ov_150 | 2.14762 × 10^300 |
| 151 | ov_151 | 1.45940 × 10^300 |
| 152 | ov_152 | 9.49395 × 10^299 |
| 153 | ov_153 | 5.83151 × 10^299 |
| 154 | ov_154 | 3.30041 × 10^299 |
| 155 | ov_155 | 1.63219 × 10^299 |
| 156 | aaa_76_25 | 5.96281 × 10^298 |
| 157 | aaa_76_26 | 3.11461 × 10^298 |
| 158 | aaa_76_27 | 1.43568 × 10^298 |
| 159 | aaa_76_28 | 5.59934 × 10^297 |
| 160 | aaa_76_29 | 1.70609 × 10^297 |

## Output Bits Sorted by Complexity

| Rank | Output Bit | Complexity |
|:----:|:----------:|:----------:|
| 160 | aaa_76_29 | 1.70609 × 10^297 |
| 159 | aaa_76_28 | 5.59934 × 10^297 |
| 158 | aaa_76_27 | 1.43568 × 10^298 |
| 157 | aaa_76_26 | 3.11461 × 10^298 |
| 156 | aaa_76_25 | 5.96281 × 10^298 |
| 155 | ov_155 | 1.63219 × 10^299 |
| 154 | ov_154 | 3.30041 × 10^299 |
| 153 | ov_153 | 5.83151 × 10^299 |
| 152 | ov_152 | 9.49395 × 10^299 |
| 151 | ov_151 | 1.45940 × 10^300 |
| 150 | ov_150 | 2.14762 × 10^300 |
| 149 | ov_149 | 3.05226 × 10^300 |
| 148 | ov_148 | 4.21537 × 10^300 |
| 147 | ov_147 | 5.68281 × 10^300 |
| 146 | ov_146 | 7.50427 × 10^300 |
| 145 | ov_145 | 9.73333 × 10^300 |
| 144 | ov_144 | 1.24274 × 10^301 |
| 143 | ov_143 | 1.56481 × 10^301 |
| 142 | ov_142 | 1.94607 × 10^301 |
| 141 | ov_141 | 2.39349 × 10^301 |
| 140 | ov_140 | 2.91445 × 10^301 |
| 139 | ov_139 | 3.51676 × 10^301 |
| 138 | ov_138 | 4.20868 × 10^301 |
| 137 | ov_137 | 4.99895 × 10^301 |
| 136 | ov_136 | 5.89679 × 10^301 |
| 135 | ov_135 | 6.91195 × 10^301 |
| 134 | ov_134 | 8.05472 × 10^301 |
| 133 | ov_133 | 9.33598 × 10^301 |
| 132 | ov_132 | 1.07672 × 10^302 |
| 131 | ov_131 | 1.23606 × 10^302 |
| 130 | ov_130 | 1.23606 × 10^302 |
| 129 | ov_129 | 1.23607 × 10^302 |
| 128 | aaa_77_29 | 2.14626 × 10^302 |
| 127 | aaa_77_28 | 7.04393 × 10^302 |
| 126 | ov_126 | 2.51048 × 10^303 |
| 125 | ov_125 | 6.42863 × 10^303 |
| 124 | ov_124 | 1.39298 × 10^304 |
| 123 | ov_123 | 2.69614 × 10^304 |
| 122 | ov_122 | 4.79475 × 10^304 |
| 121 | ov_121 | 7.97886 × 10^304 |
| 120 | ov_120 | 1.25861 × 10^305 |
| 119 | ov_119 | 1.90021 × 10^305 |
| 118 | ov_118 | 2.76598 × 10^305 |
| 117 | ov_117 | 3.90401 × 10^305 |
| 116 | ov_116 | 5.36720 × 10^305 |
| 115 | ov_115 | 7.21322 × 10^305 |
| 114 | ov_114 | 9.50460 × 10^305 |
| 113 | ov_113 | 1.23087 × 10^306 |
| 112 | ov_112 | 1.56979 × 10^306 |
| 111 | ov_111 | 1.97495 × 10^306 |
| 110 | ov_110 | 2.45457 × 10^306 |
| 109 | ov_109 | 3.01743 × 10^306 |
| 108 | ov_108 | 3.67279 × 10^306 |
| 107 | ov_107 | 4.43048 × 10^306 |
| 106 | ov_106 | 5.30092 × 10^306 |
| 105 | ov_105 | 6.29507 × 10^306 |
| 104 | ov_104 | 7.42455 × 10^306 |
| 103 | ov_103 | 8.70162 × 10^306 |
| 102 | ov_102 | 1.01392 × 10^307 |
| 101 | ov_101 | 1.17510 × 10^307 |
| 100 | ov_100 | 1.35515 × 10^307 |
| 99 | ov_099 | 1.55560 × 10^307 |
| 98 | ov_098 | 1.55560 × 10^307 |
| 97 | ov_097 | 1.55561 × 10^307 |
| 96 | aaa_78_29 | 2.69997 × 10^307 |
| 95 | aaa_78_28 | 8.86122 × 10^307 |
| 94 | ov_094 | 3.15816 × 10^308 |
| 93 | ov_093 | 8.08718 × 10^308 |
| 92 | ov_092 | 1.75236 × 10^309 |
| 91 | ov_091 | 3.39173 × 10^309 |
| 90 | ov_090 | 6.03176 × 10^309 |
| 89 | ov_089 | 1.00373 × 10^310 |
| 88 | ov_088 | 1.58333 × 10^310 |
| 87 | ov_087 | 2.39045 × 10^310 |
| 86 | ov_086 | 3.47958 × 10^310 |
| 85 | ov_085 | 4.91122 × 10^310 |
| 84 | ov_084 | 6.75189 × 10^310 |
| 83 | ov_083 | 9.07418 × 10^310 |
| 82 | ov_082 | 1.19567 × 10^311 |
| 81 | ov_081 | 1.54843 × 10^311 |
| 64 | lv_79_m31 | 1.60653 × 10^311 |
| 80 | ov_080 | 1.97479 × 10^311 |
| 79 | ov_079 | 2.48447 × 10^311 |
| 78 | ov_078 | 3.08784 × 10^311 |
| 77 | ov_077 | 3.79590 × 10^311 |
| 76 | ov_076 | 4.62034 × 10^311 |
| 75 | ov_075 | 5.57352 × 10^311 |
| 74 | ov_074 | 6.66851 × 10^311 |
| 73 | ov_073 | 7.91915 × 10^311 |
| 63 | ov_063 | 8.23464 × 10^311 |
| 72 | ov_072 | 9.34003 × 10^311 |
| 71 | ov_071 | 1.09465 × 10^312 |
| 70 | ov_070 | 1.27550 × 10^312 |
| 69 | ov_069 | 1.47827 × 10^312 |
| 68 | ov_068 | 1.70477 × 10^312 |
| 67 | ov_067 | 1.95694 × 10^312 |
| 66 | ov_066 | 1.95694 × 10^312 |
| 65 | ov_065 | 1.95694 × 10^312 |
| 62 | ov_062 | 4.22001 × 10^312 |
| 61 | ov_061 | 1.53673 × 10^313 |
| 60 | ov_060 | 4.39495 × 10^313 |
| 59 | ov_059 | 1.05956 × 10^314 |
| 58 | ov_058 | 2.24665 × 10^314 |
| 57 | ov_057 | 4.30897 × 10^314 |
| 56 | ov_056 | 7.63012 × 10^314 |
| 55 | ov_055 | 1.26691 × 10^315 |
| 54 | ov_054 | 1.99604 × 10^315 |
| 53 | ov_053 | 3.01139 × 10^315 |
| 52 | ov_052 | 4.38151 × 10^315 |
| 51 | ov_051 | 6.18250 × 10^315 |
| 50 | ov_050 | 8.49805 × 10^315 |
| 49 | ov_049 | 1.14194 × 10^316 |
| 48 | ov_048 | 1.50456 × 10^316 |
| 47 | ov_047 | 1.94833 × 10^316 |
| 32 | lv_80_m31 | 2.02101 × 10^316 |
| 46 | ov_046 | 2.48469 × 10^316 |
| 45 | ov_045 | 3.12587 × 10^316 |
| 44 | ov_044 | 3.88490 × 10^316 |
| 43 | ov_043 | 4.77564 × 10^316 |
| 42 | ov_042 | 5.81278 × 10^316 |
| 41 | ov_041 | 7.01187 × 10^316 |
| 40 | ov_040 | 8.38936 × 10^316 |
| 39 | ov_039 | 9.96266 × 10^316 |
| 31 | ov_031 | 1.03591 × 10^317 |
| 38 | ov_038 | 1.17501 × 10^317 |
| 37 | ov_037 | 1.37711 × 10^317 |
| 36 | ov_036 | 1.60461 × 10^317 |
| 35 | ov_035 | 1.85969 × 10^317 |
| 34 | ov_034 | 2.14463 × 10^317 |
| 33 | ov_033 | 2.46185 × 10^317 |
| 30 | ov_030 | 5.30875 × 10^317 |
| 29 | ov_029 | 1.93320 × 10^318 |
| 28 | ov_028 | 5.52881 × 10^318 |
| 27 | ov_027 | 1.33292 × 10^319 |
| 26 | ov_026 | 2.82627 × 10^319 |
| 25 | ov_025 | 5.42066 × 10^319 |
| 24 | ov_024 | 9.59863 × 10^319 |
| 23 | ov_023 | 1.59376 × 10^320 |
| 22 | ov_022 | 2.51100 × 10^320 |
| 21 | ov_021 | 3.78831 × 10^320 |
| 20 | ov_020 | 5.51191 × 10^320 |
| 19 | ov_019 | 7.77754 × 10^320 |
| 18 | ov_018 | 1.06904 × 10^321 |
| 17 | ov_017 | 1.43656 × 10^321 |
| 16 | ov_016 | 1.89273 × 10^321 |
| 15 | ov_015 | 2.45099 × 10^321 |
| 14 | ov_014 | 3.12572 × 10^321 |
| 13 | ov_013 | 3.93232 × 10^321 |
| 12 | ov_012 | 4.88718 × 10^321 |
| 11 | ov_011 | 6.00772 × 10^321 |
| 10 | ov_010 | 7.31243 × 10^321 |
| 9 | ov_009 | 8.82088 × 10^321 |
| 8 | ov_008 | 1.05537 × 10^322 |
| 7 | ov_007 | 1.25329 × 10^322 |
| 6 | ov_006 | 1.47815 × 10^322 |
| 5 | ov_005 | 1.73239 × 10^322 |
| 4 | ov_004 | 2.01859 × 10^322 |
| 3 | ov_003 | 2.33948 × 10^322 |
| 2 | ov_002 | 2.69793 × 10^322 |
| 1 | ov_001 | 3.09700 × 10^322 |

