# Results for F001-F002-F003-F004-F005-F006-F007-F008-F009-F010-F011-F012-F013-F014-F015-F016-F017-F018-F019-F020-F021-F022-F023-F024-F025-F026-F027-F028-F029-F030-F031-F032-F033-F034-F035-F036-F037-F038-F039-F040-F041-F042-F043-F044-F045-F046-F047-F048-F049-F050-F051-F052-F053-F054-F055-F056-F057-F058-F059-F060-F061-F062-F063-F064-F065-F066-F067-F068-F069-F070-F071-F072-F073-F074-F075-F076-F077-F078-F079-F080-F081-F082-F083-F084-F085-F086-F087-F088-F089-F090-F091-F092-F093-F094-F095-F096-F097-F098-F099-F100-F101-F102-F103-F104-F105-F106-F107-F108-F109-F110-F111-F112-F113-F114-F115-F116-F117-F118-F119-F120-F121-F122-F123-F124-F125-F126-F127-F128-F129-F130-F131-F132-F133-F134-F135-F136-F137-F138-F139-F140-F141-F142-F143-F144-F145-F146-F147-F148-F149-F150-F151-F152-F153-F154-F155-F156-F157-F158-F159-F160-F161-F162-F163-F164-F165-F166-F167-F168-F169-F170-F171-F172-F173-F174-F175-F176-F177-F178-F179-F180-F181-F182-F183-F184-F185-F186-F187-F188-F189-F190-F191-F192-F193-F194-F195-F196-F197-F198-F199-F200-F201-F202-F203-F204-F205-F206-F207-F208-F209-F210-F211-F212-F213-F214-F215-F216-F217-F218-F219-F220-F221-F222-F223-F224-F225-F226-F227-F228-F229-F230-F231-F232-F233-F234-F235-F236-F237-F238-F239-F240-F241-F242-F243-F244-F245-F246-F247-F248-F249-F250-F251-F252-F253-F254-F255-F256-F257-F258-F259-F260-F261-F262-F263-F264-F265-F266-F267-F268-F269-F270-F271-F272-F273-F274-F275-F276-F277-F278-F279-F280-F281-F282-F283-F284-F285-F286-F287-F288-F289-F290-F291-F292-F293-F294-F295-F296-F297-F298-F299-F300-F301-F302-F303-F304-F305-F306-F307-F308-F309-F310-F311-F312-F313-F314-F315-F316-F317-F318-F319-F320-F321-F322-F323-F324-F325-F326-F327-F328-F329-F330-F331-F332-F333-F334-F335-F336-F337-F338-F339-F340-F341-F342-F343-F344-F345-F346-F347-F348-F349-F350-F351-F352-F353-F354-F355-F356-F357-F358-F359-F360-F361-F362-F363-F364-F365-F366-F367-F368-F369-F370-F371-F372-F373-F374-F375-F376-F377-F378-F379-F380-F381-F382-F383-F384-F385-F386-F387-F388-F389-F390-F391-F392-F393-F394-F395-F396-F397-F398-F399-F400-F401-F402-F403-F404-F405-F406-F407-F408-F409-F410-F411-F412-F413-F414-F415-F416-F417-F418-F419-F420-F421-F422-F423-F424-F425-F426-F427-F428-F429-F430-F431-F432-F433-F434-F435-F436-F437-F438-F439-F440-F441-F442-F443-F444-F445-F446-F447-F448-F449-F450-F451-F452-F453-F454-F455-F456-F457-F458-F459-F460-F461-F462-F463-F464-F465-F466-F467-F468-F469-F470-F471-F472-F473-F474-F475-F476-F477-F478-F479-F480-F481-F482-F483-F484-F485-F486-F487-F488-F489-F490-F491-F492-F493-F494-F495-F496-F497-F498-F499-F500-F501-F502-F503-F504-F505-T510-E511512

## Summary

Number of input bits: 512  
Number of free input bits: 5  
Number of output bits: 160

Number of direct occurrences: 21550  
Number of assignments: 30557  
Number of operations: 11672367
(xor: 11640233,
and: 19317,
or: 12817)

Total complexity: 5.10422533879931 × 10^303

Least occurring input variable: iv_506 (4049)  
Most occurring input variable: iv_511 (4571)

Most co-occurring input variables: iv_508-iv_509 (2222)  
Least co-occurring input variables: iv_506-iv_508 (1906)

Potentially most occurring input variable: iv_508/iv_511 (4819)  
Potentially least occurring input variable: iv_508/iv_509 (4238)

Least output occurring input variable: iv_508 (78)  
Most output occurring input variable: iv_509 (90)

Most output co-occurring input variables: iv_506-iv_509 (50)  
Least output co-occurring input variables: iv_507-iv_511 (37)

Potentially most output occurring input variable: iv_507/iv_511 (93)  
Potentially least output occurring input variable: iv_506/iv_509 (70)

Least complex input bit: iv_511 (5.3556274939944635 × 10^300)  
Most complex input bit: iv_509 (2.0213412059359617 × 10^303)

Least complex output bit: aaa_76_29 (1.2097873596173226 × 10^278)  
Most complex output bit: ov_001 (8.029096706634197 × 10^302)

Least complex input/output complexity: iv_511/aaa_76_29 (1.2693739039698471 × 10^275)  
Most complex input/output complexity: iv_509/ov_001 (3.1796292174244326 × 10^302)

Input variable with highest collision probability: iv_507 (½^160.00000000000077)

## Input Bits

### Input Bits in Regular Order

| Input Bit | Complexity | Occurrences | Output Occurrences | Collision Probability |
|:---------:|:----------:|:-----------:|:------------------:|:---------------------:|
| iv_506 | 5.301634350235044 × 10^302 | 4049 | 80 | ½^160.00000000000077 |
| iv_507 | 9.975637294735927 × 10^302 | 4248 | 86 | ½^160.00000000000077 |
| iv_508 | 1.5498013408722602 × 10^303 | 4292 | 78 | ½^160.00000000000088 |
| iv_509 | 2.0213412059359617 × 10^303 | 4390 | 90 | ½^160.00000000000082 |
| iv_511 | 5.3556274939944635 × 10^300 | 4571 | 81 | ½^160.0000000000008 |

### Input Bits Sorted by Complexity

| Input Bit | Complexity | Occurrences | Output Occurrences | Collision Probability |
|:---------:|:----------:|:-----------:|:------------------:|:---------------------:|
| iv_511 | 5.3556274939944635 × 10^300 | 4571 | 81 | ½^160.0000000000008 |
| iv_506 | 5.301634350235044 × 10^302 | 4049 | 80 | ½^160.00000000000077 |
| iv_507 | 9.975637294735927 × 10^302 | 4248 | 86 | ½^160.00000000000077 |
| iv_508 | 1.5498013408722602 × 10^303 | 4292 | 78 | ½^160.00000000000088 |
| iv_509 | 2.0213412059359617 × 10^303 | 4390 | 90 | ½^160.00000000000082 |

### Input Bits Sorted by Occurrences

| Input Bit | Complexity | Occurrences | Output Occurrences | Collision Probability |
|:---------:|:----------:|:-----------:|:------------------:|:---------------------:|
| iv_506 | 5.301634350235044 × 10^302 | 4049 | 80 | ½^160.00000000000077 |
| iv_507 | 9.975637294735927 × 10^302 | 4248 | 86 | ½^160.00000000000077 |
| iv_508 | 1.5498013408722602 × 10^303 | 4292 | 78 | ½^160.00000000000088 |
| iv_509 | 2.0213412059359617 × 10^303 | 4390 | 90 | ½^160.00000000000082 |
| iv_511 | 5.3556274939944635 × 10^300 | 4571 | 81 | ½^160.0000000000008 |

### Input Bits Sorted by Output Occurrences

| Input Bit | Complexity | Occurrences | Output Occurrences | Collision Probability |
|:---------:|:----------:|:-----------:|:------------------:|:---------------------:|
| iv_508 | 1.5498013408722602 × 10^303 | 4292 | 78 | ½^160.00000000000088 |
| iv_506 | 5.301634350235044 × 10^302 | 4049 | 80 | ½^160.00000000000077 |
| iv_511 | 5.3556274939944635 × 10^300 | 4571 | 81 | ½^160.0000000000008 |
| iv_507 | 9.975637294735927 × 10^302 | 4248 | 86 | ½^160.00000000000077 |
| iv_509 | 2.0213412059359617 × 10^303 | 4390 | 90 | ½^160.00000000000082 |

### Input Bits Sorted by Collision Probability

| Input Bit | Complexity | Occurrences | Output Occurrences | Collision Probability |
|:---------:|:----------:|:-----------:|:------------------:|:---------------------:|
| iv_507 | 9.975637294735927 × 10^302 | 4248 | 86 | ½^160.00000000000077 |
| iv_506 | 5.301634350235044 × 10^302 | 4049 | 80 | ½^160.00000000000077 |
| iv_511 | 5.3556274939944635 × 10^300 | 4571 | 81 | ½^160.0000000000008 |
| iv_509 | 2.0213412059359617 × 10^303 | 4390 | 90 | ½^160.00000000000082 |
| iv_508 | 1.5498013408722602 × 10^303 | 4292 | 78 | ½^160.00000000000088 |

## Input Bit/Output Bit Collision Probabilities

| Input Bit | Output Bit | Collision Probability |
|:---------:|:----------:|:---------------------:|
| iv_511 | ov_031 | 0.500000000000002 |
| iv_506 | ov_138 | 0.5000000000000016 |
| iv_508 | ov_006 | 0.5000000000000016 |
| iv_508 | ov_102 | 0.5000000000000016 |
| iv_511 | ov_107 | 0.5000000000000014 |

## Input Bit Co-occurrences

### Input Bit Co-occurrences Sorted by Co-occurrences

| Input Bits | Co-occurrences | Potential Occurrences | Output Co-occurrences | Potential Output Occurrences |
|:----------:|:--------------:|:---------------------:|:---------------------:|:----------------------------:|
| iv_508-iv_509 | 2222 | 4238 | 46 | 76 |
| iv_509-iv_511 | 2150 | 4661 | 46 | 79 |
| iv_507-iv_509 | 2080 | 4478 | 48 | 80 |
| iv_507-iv_508 | 2069 | 4402 | 42 | 80 |
| iv_507-iv_511 | 2065 | 4689 | 37 | 93 |

### Input Bit Co-occurrences Sorted by Potential Occurrences

| Input Bits | Co-occurrences | Potential Occurrences | Output Co-occurrences | Potential Output Occurrences |
|:----------:|:--------------:|:---------------------:|:---------------------:|:----------------------------:|
| iv_508-iv_509 | 2222 | 4238 | 46 | 76 |
| iv_506-iv_507 | 1991 | 4315 | 46 | 74 |
| iv_506-iv_509 | 2019 | 4401 | 50 | 70 |
| iv_507-iv_508 | 2069 | 4402 | 42 | 80 |
| iv_507-iv_509 | 2080 | 4478 | 48 | 80 |

### Input Bit Output Co-occurrences Sorted by Output Co-occurrences

| Input Bits | Co-occurrences | Potential Occurrences | Output Co-occurrences | Potential Output Occurrences |
|:----------:|:--------------:|:---------------------:|:---------------------:|:----------------------------:|
| iv_506-iv_509 | 2019 | 4401 | 50 | 70 |
| iv_507-iv_509 | 2080 | 4478 | 48 | 80 |
| iv_508-iv_509 | 2222 | 4238 | 46 | 76 |
| iv_509-iv_511 | 2150 | 4661 | 46 | 79 |
| iv_506-iv_507 | 1991 | 4315 | 46 | 74 |

### Input Bit Output Co-occurrences Sorted by Potential Output Occurrences

| Input Bits | Co-occurrences | Potential Occurrences | Output Co-occurrences | Potential Output Occurrences |
|:----------:|:--------------:|:---------------------:|:---------------------:|:----------------------------:|
| iv_506-iv_509 | 2019 | 4401 | 50 | 70 |
| iv_506-iv_507 | 1991 | 4315 | 46 | 74 |
| iv_508-iv_509 | 2222 | 4238 | 46 | 76 |
| iv_508-iv_511 | 2022 | 4819 | 40 | 79 |
| iv_509-iv_511 | 2150 | 4661 | 46 | 79 |

## Output Bits

### Output Bits in Regular Order

| Rank | Output Bit | Complexity |
|:----:|:----------:|:----------:|
| 1 | ov_001 | 8.029096706634197 × 10^302 |
| 2 | ov_002 | 7.01445807578203 × 10^302 |
| 3 | ov_003 | 6.090848700015849 × 10^302 |
| 4 | ov_004 | 5.253890421972254 × 10^302 |
| 5 | ov_005 | 4.49944479537521 × 10^302 |
| 6 | ov_006 | 3.82359598349455 × 10^302 |
| 7 | ov_007 | 3.222635899585808 × 10^302 |
| 8 | ov_008 | 2.6930513407688016 × 10^302 |
| 9 | ov_009 | 2.2315129139355356 × 10^302 |
| 10 | ov_010 | 1.8318766174604366 × 10^302 |
| 11 | ov_011 | 1.4883238632839287 × 10^302 |
| 12 | ov_012 | 1.1953487391062164 × 10^302 |
| 13 | ov_013 | 9.477473839343554 × 10^301 |
| 14 | ov_014 | 7.406092781327553 × 10^301 |
| 15 | ov_015 | 5.693102617863585 × 10^301 |
| 16 | ov_016 | 4.2950710771702397 × 10^301 |
| 17 | ov_017 | 3.1713347164531243 × 10^301 |
| 18 | ov_018 | 2.2839700704050657 × 10^301 |
| 19 | ov_019 | 1.5977740183022186 × 10^301 |
| 20 | ov_020 | 1.0802510093999718 × 10^301 |
| 21 | ov_021 | 7.016051338183447 × 10^300 |
| 22 | ov_022 | 4.347354748687082 × 10^300 |
| 23 | ov_023 | 2.552334953506218 × 10^300 |
| 24 | ov_024 | 1.4138150535030584 × 10^300 |
| 25 | ov_025 | 7.41517045678272 × 10^299 |
| 26 | ov_026 | 3.720560658299895 × 10^299 |
| 27 | ov_027 | 1.6893729125692568 × 10^299 |
| 28 | ov_028 | 7.06355654014447 × 10^298 |
| 29 | ov_029 | 2.9069822869865266 × 10^298 |
| 30 | ov_030 | 9.602956055183153 × 10^297 |
| 31 | ov_031 | 2.3202131847919764 × 10^297 |
| 32 | lv_80_k31 | 5.602011679754152 × 10^296 |
| 33 | ov_033 | 6.74600516145249 × 10^297 |
| 34 | ov_034 | 5.840313252630767 × 10^297 |
| 35 | ov_035 | 5.028223599138954 × 10^297 |
| 36 | ov_036 | 4.304736141452207 × 10^297 |
| 37 | ov_037 | 3.6651264607542266 × 10^297 |
| 38 | ov_038 | 3.104925292720275 × 10^297 |
| 39 | ov_039 | 2.615890912829267 × 10^297 |
| 40 | ov_040 | 2.190212586869422 × 10^297 |
| 41 | ov_041 | 1.8204863287929346 × 10^297 |
| 42 | ov_042 | 1.4996944089451597 × 10^297 |
| 43 | ov_043 | 1.2244221860035783 × 10^297 |
| 44 | ov_044 | 9.883758900173933 × 10^296 |
| 45 | ov_045 | 7.856049469181141 × 10^296 |
| 46 | ov_046 | 6.132185586319837 × 10^296 |
| 47 | ov_047 | 4.684907039822557 × 10^296 |
| 48 | ov_048 | 3.488568567635998 × 10^296 |
| 49 | ov_049 | 2.519114952866776 × 10^296 |
| 50 | ov_050 | 1.75406268011127 × 10^296 |
| 51 | ov_051 | 1.1724869114080859 × 10^296 |
| 52 | ov_052 | 7.55012652915136 × 10^295 |
| 53 | ov_053 | 4.675190817593197 × 10^295 |
| 54 | ov_054 | 2.7896505259898437 × 10^295 |
| 55 | ov_055 | 1.6138613294659678 × 10^295 |
| 56 | ov_056 | 8.989296960570597 × 10^294 |
| 57 | ov_057 | 5.280951040879158 × 10^294 |
| 58 | ov_058 | 3.139421756696558 × 10^294 |
| 59 | ov_059 | 1.704468789664959 × 10^294 |
| 60 | ov_060 | 8.224318680091526 × 10^293 |
| 61 | ov_061 | 3.3965190538804936 × 10^293 |
| 62 | ov_062 | 1.1261939276161032 × 10^293 |
| 63 | ov_063 | 2.732708219612232 × 10^292 |
| 64 | lv_79_k31 | 6.62734977569241 × 10^291 |
| 65 | ov_065 | 7.788459680390657 × 10^292 |
| 66 | ov_066 | 7.788441322598735 × 10^292 |
| 67 | ov_067 | 7.788435467716826 × 10^292 |
| 68 | ov_068 | 6.773507863131847 × 10^292 |
| 69 | ov_069 | 5.853142849725107 × 10^292 |
| 70 | ov_070 | 5.022838094032636 × 10^292 |
| 71 | ov_071 | 4.2783348074255964 × 10^292 |
| 72 | ov_072 | 3.6155998297528844 × 10^292 |
| 73 | ov_073 | 3.0308101339022607 × 10^292 |
| 74 | ov_074 | 2.5203395253012204 × 10^292 |
| 75 | ov_075 | 2.0774826115623514 × 10^292 |
| 76 | ov_076 | 1.6958779868365603 × 10^292 |
| 77 | ov_077 | 1.3694937252934843 × 10^292 |
| 78 | ov_078 | 1.092615513215253 × 10^292 |
| 79 | ov_079 | 8.598370879148057 × 10^291 |
| 80 | ov_080 | 6.660526717976756 × 10^291 |
| 81 | ov_081 | 5.064511097229847 × 10^291 |
| 82 | ov_082 | 3.765114374586639 × 10^291 |
| 83 | ov_083 | 2.7199962852771487 × 10^291 |
| 84 | ov_084 | 1.9087006354250233 × 10^291 |
| 85 | ov_085 | 1.2945639852465562 × 10^291 |
| 86 | ov_086 | 8.437430192671119 × 10^290 |
| 87 | ov_087 | 5.2520775466452805 × 10^290 |
| 88 | ov_088 | 3.1073693602277127 × 10^290 |
| 89 | ov_089 | 1.7491476400333973 × 10^290 |
| 90 | ov_090 | 9.512860626023431 × 10^289 |
| 91 | ov_091 | 5.15674978371393 × 10^289 |
| 92 | ov_092 | 2.722123988733825 × 10^289 |
| 93 | ov_093 | 1.4284843326217129 × 10^289 |
| 94 | ov_094 | 6.353379806703118 × 10^288 |
| 95 | aaa_78_28 | 2.026874870813622 × 10^288 |
| 96 | aaa_78_29 | 7.588064900027189 × 10^287 |
| 97 | ov_097 | 6.877330399504508 × 10^287 |
| 98 | ov_098 | 6.877298054343717 × 10^287 |
| 99 | ov_099 | 6.877287706174902 × 10^287 |
| 100 | ov_100 | 5.93088140533989 × 10^287 |
| 101 | ov_101 | 5.086036042188251 × 10^287 |
| 102 | ov_102 | 4.334914340124164 × 10^287 |
| 103 | ov_103 | 3.670111530009903 × 10^287 |
| 104 | ov_104 | 3.0846233390499447 × 10^287 |
| 105 | ov_105 | 2.5718180916680896 × 10^287 |
| 106 | ov_106 | 2.125412527899032 × 10^287 |
| 107 | ov_107 | 1.7394510089668286 × 10^287 |
| 108 | ov_108 | 1.4082878429310515 × 10^287 |
| 109 | ov_109 | 1.126572440059284 × 10^287 |
| 110 | ov_110 | 8.892369837350853 × 10^286 |
| 111 | ov_111 | 6.914863211888873 × 10^286 |
| 112 | ov_112 | 5.287897964267347 × 10^286 |
| 113 | ov_113 | 3.9687476552035365 × 10^286 |
| 114 | ov_114 | 2.9172155198809277 × 10^286 |
| 115 | ov_115 | 2.0955961740157617 × 10^286 |
| 116 | ov_116 | 1.4686473964649475 × 10^286 |
| 117 | ov_117 | 1.0035700848610137 × 10^286 |
| 118 | ov_118 | 6.699946524992035 × 10^285 |
| 119 | ov_119 | 4.399723061646919 × 10^285 |
| 120 | ov_120 | 2.879698158975638 × 10^285 |
| 121 | ov_121 | 1.908665589242347 × 10^285 |
| 122 | ov_122 | 1.2795288990192801 × 10^285 |
| 123 | ov_123 | 8.092923685245357 × 10^284 |
| 124 | ov_124 | 4.738633595212679 × 10^284 |
| 125 | ov_125 | 2.491506773006076 × 10^284 |
| 126 | ov_126 | 1.1106371973767276 × 10^284 |
| 127 | aaa_77_28 | 3.5512074218152033 × 10^283 |
| 128 | aaa_77_29 | 1.333459462389876 × 10^283 |
| 129 | ov_129 | 1.2210098259733533 × 10^283 |
| 130 | ov_130 | 1.2210068794160157 × 10^283 |
| 131 | ov_131 | 1.2210059311747735 × 10^283 |
| 132 | ov_132 | 1.0615435926354222 × 10^283 |
| 133 | ov_133 | 9.171043173841756 × 10^282 |
| 134 | ov_134 | 7.869761419495283 × 10^282 |
| 135 | ov_135 | 6.704879103954348 × 10^282 |
| 136 | ov_136 | 5.670062222243985 × 10^282 |
| 137 | ov_137 | 4.759327217446045 × 10^282 |
| 138 | ov_138 | 3.9616657906300773 × 10^282 |
| 139 | ov_139 | 3.266663030070791 × 10^282 |
| 140 | ov_140 | 2.664464077182504 × 10^282 |
| 141 | ov_141 | 2.145745965718097 × 10^282 |
| 142 | ov_142 | 1.7059769767475998 × 10^282 |
| 143 | ov_143 | 1.3368318253675405 × 10^282 |
| 144 | ov_144 | 1.0304588877886226 × 10^282 |
| 145 | ov_145 | 7.794678168108559 × 10^281 |
| 146 | ov_146 | 5.769198755154315 × 10^281 |
| 147 | ov_147 | 4.163205635295083 × 10^281 |
| 148 | ov_148 | 2.9161414413855848 × 10^281 |
| 149 | ov_149 | 1.9717971436259175 × 10^281 |
| 150 | ov_150 | 1.2782849390823946 × 10^281 |
| 151 | ov_151 | 7.880204267784246 × 10^280 |
| 152 | ov_152 | 4.5771150271057025 × 10^280 |
| 153 | ov_153 | 2.483518436817085 × 10^280 |
| 154 | ov_154 | 1.2521738040858574 × 10^280 |
| 155 | ov_155 | 5.786454691023632 × 10^279 |
| 156 | aaa_76_25 | 2.012946113642113 × 10^279 |
| 157 | aaa_76_26 | 1.239639024326371 × 10^279 |
| 158 | aaa_76_27 | 6.802789477438386 × 10^278 |
| 159 | aaa_76_28 | 3.2092654962344914 × 10^278 |
| 160 | aaa_76_29 | 1.2097873596173226 × 10^278 |

### Output Bits Sorted by Complexity

| Rank | Output Bit | Complexity |
|:----:|:----------:|:----------:|
| 160 | aaa_76_29 | 1.2097873596173226 × 10^278 |
| 159 | aaa_76_28 | 3.2092654962344914 × 10^278 |
| 158 | aaa_76_27 | 6.802789477438386 × 10^278 |
| 157 | aaa_76_26 | 1.239639024326371 × 10^279 |
| 156 | aaa_76_25 | 2.012946113642113 × 10^279 |
| 155 | ov_155 | 5.786454691023632 × 10^279 |
| 154 | ov_154 | 1.2521738040858574 × 10^280 |
| 153 | ov_153 | 2.483518436817085 × 10^280 |
| 152 | ov_152 | 4.5771150271057025 × 10^280 |
| 151 | ov_151 | 7.880204267784246 × 10^280 |
| 150 | ov_150 | 1.2782849390823946 × 10^281 |
| 149 | ov_149 | 1.9717971436259175 × 10^281 |
| 148 | ov_148 | 2.9161414413855848 × 10^281 |
| 147 | ov_147 | 4.163205635295083 × 10^281 |
| 146 | ov_146 | 5.769198755154315 × 10^281 |
| 145 | ov_145 | 7.794678168108559 × 10^281 |
| 144 | ov_144 | 1.0304588877886226 × 10^282 |
| 143 | ov_143 | 1.3368318253675405 × 10^282 |
| 142 | ov_142 | 1.7059769767475998 × 10^282 |
| 141 | ov_141 | 2.145745965718097 × 10^282 |
| 140 | ov_140 | 2.664464077182504 × 10^282 |
| 139 | ov_139 | 3.266663030070791 × 10^282 |
| 138 | ov_138 | 3.9616657906300773 × 10^282 |
| 137 | ov_137 | 4.759327217446045 × 10^282 |
| 136 | ov_136 | 5.670062222243985 × 10^282 |
| 135 | ov_135 | 6.704879103954348 × 10^282 |
| 134 | ov_134 | 7.869761419495283 × 10^282 |
| 133 | ov_133 | 9.171043173841756 × 10^282 |
| 132 | ov_132 | 1.0615435926354222 × 10^283 |
| 131 | ov_131 | 1.2210059311747735 × 10^283 |
| 130 | ov_130 | 1.2210068794160157 × 10^283 |
| 129 | ov_129 | 1.2210098259733533 × 10^283 |
| 128 | aaa_77_29 | 1.333459462389876 × 10^283 |
| 127 | aaa_77_28 | 3.5512074218152033 × 10^283 |
| 126 | ov_126 | 1.1106371973767276 × 10^284 |
| 125 | ov_125 | 2.491506773006076 × 10^284 |
| 124 | ov_124 | 4.738633595212679 × 10^284 |
| 123 | ov_123 | 8.092923685245357 × 10^284 |
| 122 | ov_122 | 1.2795288990192801 × 10^285 |
| 121 | ov_121 | 1.908665589242347 × 10^285 |
| 120 | ov_120 | 2.879698158975638 × 10^285 |
| 119 | ov_119 | 4.399723061646919 × 10^285 |
| 118 | ov_118 | 6.699946524992035 × 10^285 |
| 117 | ov_117 | 1.0035700848610137 × 10^286 |
| 116 | ov_116 | 1.4686473964649475 × 10^286 |
| 115 | ov_115 | 2.0955961740157617 × 10^286 |
| 114 | ov_114 | 2.9172155198809277 × 10^286 |
| 113 | ov_113 | 3.9687476552035365 × 10^286 |
| 112 | ov_112 | 5.287897964267347 × 10^286 |
| 111 | ov_111 | 6.914863211888873 × 10^286 |
| 110 | ov_110 | 8.892369837350853 × 10^286 |
| 109 | ov_109 | 1.126572440059284 × 10^287 |
| 108 | ov_108 | 1.4082878429310515 × 10^287 |
| 107 | ov_107 | 1.7394510089668286 × 10^287 |
| 106 | ov_106 | 2.125412527899032 × 10^287 |
| 105 | ov_105 | 2.5718180916680896 × 10^287 |
| 104 | ov_104 | 3.0846233390499447 × 10^287 |
| 103 | ov_103 | 3.670111530009903 × 10^287 |
| 102 | ov_102 | 4.334914340124164 × 10^287 |
| 101 | ov_101 | 5.086036042188251 × 10^287 |
| 100 | ov_100 | 5.93088140533989 × 10^287 |
| 99 | ov_099 | 6.877287706174902 × 10^287 |
| 98 | ov_098 | 6.877298054343717 × 10^287 |
| 97 | ov_097 | 6.877330399504508 × 10^287 |
| 96 | aaa_78_29 | 7.588064900027189 × 10^287 |
| 95 | aaa_78_28 | 2.026874870813622 × 10^288 |
| 94 | ov_094 | 6.353379806703118 × 10^288 |
| 93 | ov_093 | 1.4284843326217129 × 10^289 |
| 92 | ov_092 | 2.722123988733825 × 10^289 |
| 91 | ov_091 | 5.15674978371393 × 10^289 |
| 90 | ov_090 | 9.512860626023431 × 10^289 |
| 89 | ov_089 | 1.7491476400333973 × 10^290 |
| 88 | ov_088 | 3.1073693602277127 × 10^290 |
| 87 | ov_087 | 5.2520775466452805 × 10^290 |
| 86 | ov_086 | 8.437430192671119 × 10^290 |
| 85 | ov_085 | 1.2945639852465562 × 10^291 |
| 84 | ov_084 | 1.9087006354250233 × 10^291 |
| 83 | ov_083 | 2.7199962852771487 × 10^291 |
| 82 | ov_082 | 3.765114374586639 × 10^291 |
| 81 | ov_081 | 5.064511097229847 × 10^291 |
| 64 | lv_79_k31 | 6.62734977569241 × 10^291 |
| 80 | ov_080 | 6.660526717976756 × 10^291 |
| 79 | ov_079 | 8.598370879148057 × 10^291 |
| 78 | ov_078 | 1.092615513215253 × 10^292 |
| 77 | ov_077 | 1.3694937252934843 × 10^292 |
| 76 | ov_076 | 1.6958779868365603 × 10^292 |
| 75 | ov_075 | 2.0774826115623514 × 10^292 |
| 74 | ov_074 | 2.5203395253012204 × 10^292 |
| 63 | ov_063 | 2.732708219612232 × 10^292 |
| 73 | ov_073 | 3.0308101339022607 × 10^292 |
| 72 | ov_072 | 3.6155998297528844 × 10^292 |
| 71 | ov_071 | 4.2783348074255964 × 10^292 |
| 70 | ov_070 | 5.022838094032636 × 10^292 |
| 69 | ov_069 | 5.853142849725107 × 10^292 |
| 68 | ov_068 | 6.773507863131847 × 10^292 |
| 67 | ov_067 | 7.788435467716826 × 10^292 |
| 66 | ov_066 | 7.788441322598735 × 10^292 |
| 65 | ov_065 | 7.788459680390657 × 10^292 |
| 62 | ov_062 | 1.1261939276161032 × 10^293 |
| 61 | ov_061 | 3.3965190538804936 × 10^293 |
| 60 | ov_060 | 8.224318680091526 × 10^293 |
| 59 | ov_059 | 1.704468789664959 × 10^294 |
| 58 | ov_058 | 3.139421756696558 × 10^294 |
| 57 | ov_057 | 5.280951040879158 × 10^294 |
| 56 | ov_056 | 8.989296960570597 × 10^294 |
| 55 | ov_055 | 1.6138613294659678 × 10^295 |
| 54 | ov_054 | 2.7896505259898437 × 10^295 |
| 53 | ov_053 | 4.675190817593197 × 10^295 |
| 52 | ov_052 | 7.55012652915136 × 10^295 |
| 51 | ov_051 | 1.1724869114080859 × 10^296 |
| 50 | ov_050 | 1.75406268011127 × 10^296 |
| 49 | ov_049 | 2.519114952866776 × 10^296 |
| 48 | ov_048 | 3.488568567635998 × 10^296 |
| 47 | ov_047 | 4.684907039822557 × 10^296 |
| 32 | lv_80_k31 | 5.602011679754152 × 10^296 |
| 46 | ov_046 | 6.132185586319837 × 10^296 |
| 45 | ov_045 | 7.856049469181141 × 10^296 |
| 44 | ov_044 | 9.883758900173933 × 10^296 |
| 43 | ov_043 | 1.2244221860035783 × 10^297 |
| 42 | ov_042 | 1.4996944089451597 × 10^297 |
| 41 | ov_041 | 1.8204863287929346 × 10^297 |
| 40 | ov_040 | 2.190212586869422 × 10^297 |
| 31 | ov_031 | 2.3202131847919764 × 10^297 |
| 39 | ov_039 | 2.615890912829267 × 10^297 |
| 38 | ov_038 | 3.104925292720275 × 10^297 |
| 37 | ov_037 | 3.6651264607542266 × 10^297 |
| 36 | ov_036 | 4.304736141452207 × 10^297 |
| 35 | ov_035 | 5.028223599138954 × 10^297 |
| 34 | ov_034 | 5.840313252630767 × 10^297 |
| 33 | ov_033 | 6.74600516145249 × 10^297 |
| 30 | ov_030 | 9.602956055183153 × 10^297 |
| 29 | ov_029 | 2.9069822869865266 × 10^298 |
| 28 | ov_028 | 7.06355654014447 × 10^298 |
| 27 | ov_027 | 1.6893729125692568 × 10^299 |
| 26 | ov_026 | 3.720560658299895 × 10^299 |
| 25 | ov_025 | 7.41517045678272 × 10^299 |
| 24 | ov_024 | 1.4138150535030584 × 10^300 |
| 23 | ov_023 | 2.552334953506218 × 10^300 |
| 22 | ov_022 | 4.347354748687082 × 10^300 |
| 21 | ov_021 | 7.016051338183447 × 10^300 |
| 20 | ov_020 | 1.0802510093999718 × 10^301 |
| 19 | ov_019 | 1.5977740183022186 × 10^301 |
| 18 | ov_018 | 2.2839700704050657 × 10^301 |
| 17 | ov_017 | 3.1713347164531243 × 10^301 |
| 16 | ov_016 | 4.2950710771702397 × 10^301 |
| 15 | ov_015 | 5.693102617863585 × 10^301 |
| 14 | ov_014 | 7.406092781327553 × 10^301 |
| 13 | ov_013 | 9.477473839343554 × 10^301 |
| 12 | ov_012 | 1.1953487391062164 × 10^302 |
| 11 | ov_011 | 1.4883238632839287 × 10^302 |
| 10 | ov_010 | 1.8318766174604366 × 10^302 |
| 9 | ov_009 | 2.2315129139355356 × 10^302 |
| 8 | ov_008 | 2.6930513407688016 × 10^302 |
| 7 | ov_007 | 3.222635899585808 × 10^302 |
| 6 | ov_006 | 3.82359598349455 × 10^302 |
| 5 | ov_005 | 4.49944479537521 × 10^302 |
| 4 | ov_004 | 5.253890421972254 × 10^302 |
| 3 | ov_003 | 6.090848700015849 × 10^302 |
| 2 | ov_002 | 7.01445807578203 × 10^302 |
| 1 | ov_001 | 8.029096706634197 × 10^302 |

