# Results for F001-F002-F003-F004-F005-F006-F007-F008-F009-F010-F011-F012-F013-F014-F015-F016-F017-F018-F019-F020-F021-F022-F023-F024-F025-F026-F027-F028-F029-F030-F031-F032-F033-F034-F035-F036-F037-F038-F039-F040-F041-F042-F043-F044-F045-F046-F047-F048-F049-F050-F051-F052-F053-F054-F055-F056-F057-F058-F059-F060-F061-F062-F063-F064-F065-F066-F067-F068-F069-F070-F071-F072-F073-F074-F075-F076-F077-F078-F079-F080-F081-F082-F083-F084-F085-F086-F087-F088-F089-F090-F091-F092-F093-F094-F095-F096-F097-F098-F099-F100-F101-F102-F103-F104-F105-F106-F107-F108-F109-F110-F111-F112-F113-F114-F115-F116-F117-F118-F119-F120-F121-F122-F123-F124-F125-F126-F127-F128-F129-F130-F131-F132-F133-F134-F135-F136-F137-F138-F139-F140-F141-F142-F143-F144-F145-F146-F147-F148-F149-F150-F151-F152-F153-F154-F155-F156-F157-F158-F159-F160-F161-F162-F163-F164-F165-F166-F167-F168-F169-F170-F171-F172-F173-F174-F175-F176-F177-F178-F179-F180-F181-F182-F183-F184-F185-F186-F187-F188-F189-F190-F191-F192-F193-F194-F195-F196-F197-F198-F199-F200-F201-F202-F203-F204-F205-F206-F207-F208-F209-F210-F211-F212-F213-F214-F215-F216-F217-F218-F219-F220-F221-F222-F223-F224-F225-F226-F227-F228-F229-F230-F231-F232-F233-F234-F235-F236-F237-F238-F239-F240-F241-F242-F243-F244-F245-F246-F247-F248-F249-F250-F251-F252-F253-F254-F255-F256-F257-F258-F259-F260-F261-F262-F263-F264-F265-F266-F267-F268-F269-F270-F271-F272-F273-F274-F275-F276-F277-F278-F279-F280-F281-F282-F283-F284-F285-F286-F287-F288-F289-F290-F291-F292-F293-F294-F295-F296-F297-F298-F299-F300-F301-F302-F303-F304-F305-F306-F307-F308-F309-F310-F311-F312-F313-F314-F315-F316-F317-F318-F319-F320-F321-F322-F323-F324-F325-F326-F327-F328-F329-F330-F331-F332-F333-F334-F335-F336-F337-F338-F339-F340-F341-F342-F343-F344-F345-F346-F347-F348-F349-F350-F351-F352-F353-F354-F355-F356-F357-F358-F359-F360-F361-F362-F363-F364-F365-F366-F367-F368-F369-F370-F371-F372-F373-F374-F375-F376-F377-F378-F379-F380-F381-F382-F383-F384-F385-F386-F387-F388-F389-F390-F391-F392-F393-F394-F395-F396-F397-F398-F399-F400-F401-F402-F403-F404-F405-F406-F407-F408-F409-F410-F411-F412-F413-F414-F415-F416-F417-F418-F419-F420-F421-F422-F423-F424-F425-F426-F427-F428-F429-F430-F431-F432-F433-F434-F435-F436-F437-F438-F439-F440-F441-F442-F443-F444-F445-F446-F447-F448-F449-F450-F451-F452-F453-F454-F455-F456-F457-F458-F459-F460-F461-F462-F463-F464-F465-F466-F467-F468-F469-F470-F471-F472-F473-F474-F475-F476-F477-F478-F479-F480-F481-F482-F483-F484-F485-F486-F487-F488-F489-F490-F491-F492-F493-F494-F495-F496-F497-F498-F499-F500-F501-F502-F503-F504-F505-T509-T510

## Summary

Number of input bits: 512  
Number of free input bits: 5  
Number of output bits: 160

Number of direct occurrences: 21300  
Number of assignments: 30440  
Number of operations: 11715035
(xor: 11683194,
and: 18998,
or: 12843)

Total complexity: 5.222961399996881 × 10^302

Least occurring input variable: iv_506 (4122)  
Most occurring input variable: iv_512 (4389)

Most co-occurring input variables: iv_511-iv_512 (2069)  
Least co-occurring input variables: iv_506-iv_511 (1905)

Potentially most occurring input variable: iv_508/iv_512 (4629)  
Potentially least occurring input variable: iv_506/iv_507 (4365)

Least output occurring input variable: iv_506 (70)  
Most output occurring input variable: iv_507 (87)

Most output co-occurring input variables: iv_507-iv_511 (50)  
Least output co-occurring input variables: iv_508-iv_512 (34)

Potentially most output occurring input variable: iv_508/iv_512 (94)  
Potentially least output occurring input variable: iv_506/iv_508 (65)

Least complex input bit: iv_511 (1.7967407028651235 × 10^301)  
Most complex input bit: iv_508 (2.1985525245985896 × 10^302)

Least complex output bit: aaa_76_29 (1.4946044067070733 × 10^277)  
Most complex output bit: ov_001 (8.096965635384632 × 10^301)

Least complex input/output complexity: iv_511/aaa_76_29 (5.141559292806138 × 10^275)  
Most complex input/output complexity: iv_508/ov_001 (3.408335401305767 × 10^301)

Input variable with highest collision probability: iv_511 (½^160.00000000000074)

## Input Bits

### Input Bits in Regular Order

| Input Bit | Complexity | Occurrences | Output Occurrences | Collision Probability |
|:---------:|:----------:|:-----------:|:------------------:|:---------------------:|
| iv_506 | 8.948554752020024 × 10^301 | 4122 | 70 | ½^160.00000000000085 |
| iv_507 | 1.6838013636952496 × 10^302 | 4207 | 87 | ½^160.00000000000094 |
| iv_508 | 2.1985525245985896 × 10^302 | 4364 | 79 | ½^160.00000000000082 |
| iv_511 | 1.7967407028651235 × 10^301 | 4218 | 81 | ½^160.00000000000074 |
| iv_512 | 2.660779662145308 × 10^301 | 4389 | 83 | ½^160.00000000000077 |

### Input Bits Sorted by Complexity

| Input Bit | Complexity | Occurrences | Output Occurrences | Collision Probability |
|:---------:|:----------:|:-----------:|:------------------:|:---------------------:|
| iv_511 | 1.7967407028651235 × 10^301 | 4218 | 81 | ½^160.00000000000074 |
| iv_512 | 2.660779662145308 × 10^301 | 4389 | 83 | ½^160.00000000000077 |
| iv_506 | 8.948554752020024 × 10^301 | 4122 | 70 | ½^160.00000000000085 |
| iv_507 | 1.6838013636952496 × 10^302 | 4207 | 87 | ½^160.00000000000094 |
| iv_508 | 2.1985525245985896 × 10^302 | 4364 | 79 | ½^160.00000000000082 |

### Input Bits Sorted by Occurrences

| Input Bit | Complexity | Occurrences | Output Occurrences | Collision Probability |
|:---------:|:----------:|:-----------:|:------------------:|:---------------------:|
| iv_506 | 8.948554752020024 × 10^301 | 4122 | 70 | ½^160.00000000000085 |
| iv_507 | 1.6838013636952496 × 10^302 | 4207 | 87 | ½^160.00000000000094 |
| iv_511 | 1.7967407028651235 × 10^301 | 4218 | 81 | ½^160.00000000000074 |
| iv_508 | 2.1985525245985896 × 10^302 | 4364 | 79 | ½^160.00000000000082 |
| iv_512 | 2.660779662145308 × 10^301 | 4389 | 83 | ½^160.00000000000077 |

### Input Bits Sorted by Output Occurrences

| Input Bit | Complexity | Occurrences | Output Occurrences | Collision Probability |
|:---------:|:----------:|:-----------:|:------------------:|:---------------------:|
| iv_506 | 8.948554752020024 × 10^301 | 4122 | 70 | ½^160.00000000000085 |
| iv_508 | 2.1985525245985896 × 10^302 | 4364 | 79 | ½^160.00000000000082 |
| iv_511 | 1.7967407028651235 × 10^301 | 4218 | 81 | ½^160.00000000000074 |
| iv_512 | 2.660779662145308 × 10^301 | 4389 | 83 | ½^160.00000000000077 |
| iv_507 | 1.6838013636952496 × 10^302 | 4207 | 87 | ½^160.00000000000094 |

### Input Bits Sorted by Collision Probability

| Input Bit | Complexity | Occurrences | Output Occurrences | Collision Probability |
|:---------:|:----------:|:-----------:|:------------------:|:---------------------:|
| iv_511 | 1.7967407028651235 × 10^301 | 4218 | 81 | ½^160.00000000000074 |
| iv_512 | 2.660779662145308 × 10^301 | 4389 | 83 | ½^160.00000000000077 |
| iv_508 | 2.1985525245985896 × 10^302 | 4364 | 79 | ½^160.00000000000082 |
| iv_506 | 8.948554752020024 × 10^301 | 4122 | 70 | ½^160.00000000000085 |
| iv_507 | 1.6838013636952496 × 10^302 | 4207 | 87 | ½^160.00000000000094 |

## Input Bit/Output Bit Collision Probabilities

| Input Bit | Output Bit | Collision Probability |
|:---------:|:----------:|:---------------------:|
| iv_511 | ov_116 | 0.5000000000000016 |
| iv_511 | aaa_76_26 | 0.5000000000000016 |
| iv_506 | ov_053 | 0.5000000000000013 |
| iv_507 | ov_084 | 0.5000000000000013 |
| iv_507 | ov_118 | 0.5000000000000011 |

## Input Bit Co-occurrences

### Input Bit Co-occurrences Sorted by Co-occurrences

| Input Bits | Co-occurrences | Potential Occurrences | Output Co-occurrences | Potential Output Occurrences |
|:----------:|:--------------:|:---------------------:|:---------------------:|:----------------------------:|
| iv_511-iv_512 | 2069 | 4469 | 45 | 74 |
| iv_508-iv_511 | 2065 | 4452 | 43 | 74 |
| iv_508-iv_512 | 2062 | 4629 | 34 | 94 |
| iv_507-iv_508 | 2055 | 4461 | 42 | 82 |
| iv_507-iv_511 | 2026 | 4373 | 50 | 68 |

### Input Bit Co-occurrences Sorted by Potential Occurrences

| Input Bits | Co-occurrences | Potential Occurrences | Output Co-occurrences | Potential Output Occurrences |
|:----------:|:--------------:|:---------------------:|:---------------------:|:----------------------------:|
| iv_506-iv_507 | 1982 | 4365 | 38 | 81 |
| iv_507-iv_511 | 2026 | 4373 | 50 | 68 |
| iv_508-iv_511 | 2065 | 4452 | 43 | 74 |
| iv_507-iv_508 | 2055 | 4461 | 42 | 82 |
| iv_506-iv_508 | 2010 | 4466 | 42 | 65 |

### Input Bit Output Co-occurrences Sorted by Output Co-occurrences

| Input Bits | Co-occurrences | Potential Occurrences | Output Co-occurrences | Potential Output Occurrences |
|:----------:|:--------------:|:---------------------:|:---------------------:|:----------------------------:|
| iv_507-iv_511 | 2026 | 4373 | 50 | 68 |
| iv_511-iv_512 | 2069 | 4469 | 45 | 74 |
| iv_508-iv_511 | 2065 | 4452 | 43 | 74 |
| iv_506-iv_508 | 2010 | 4466 | 42 | 65 |
| iv_507-iv_508 | 2055 | 4461 | 42 | 82 |

### Input Bit Output Co-occurrences Sorted by Potential Output Occurrences

| Input Bits | Co-occurrences | Potential Occurrences | Output Co-occurrences | Potential Output Occurrences |
|:----------:|:--------------:|:---------------------:|:---------------------:|:----------------------------:|
| iv_506-iv_508 | 2010 | 4466 | 42 | 65 |
| iv_507-iv_511 | 2026 | 4373 | 50 | 68 |
| iv_508-iv_511 | 2065 | 4452 | 43 | 74 |
| iv_511-iv_512 | 2069 | 4469 | 45 | 74 |
| iv_506-iv_512 | 1995 | 4521 | 37 | 79 |

## Output Bits

### Output Bits in Regular Order

| Rank | Output Bit | Complexity |
|:----:|:----------:|:----------:|
| 1 | ov_001 | 8.096965635384632 × 10^301 |
| 2 | ov_002 | 7.087527275937561 × 10^301 |
| 3 | ov_003 | 6.167605730349553 × 10^301 |
| 4 | ov_004 | 5.332936759867205 × 10^301 |
| 5 | ov_005 | 4.5794896598865317 × 10^301 |
| 6 | ov_006 | 3.9034505037235474 × 10^301 |
| 7 | ov_007 | 3.3012075427987813 × 10^301 |
| 8 | ov_008 | 2.769338577460156 × 10^301 |
| 9 | ov_009 | 2.3046001260592335 × 10^301 |
| 10 | ov_010 | 1.9010056983646322 × 10^301 |
| 11 | ov_011 | 1.5528852154217536 × 10^301 |
| 12 | ov_012 | 1.2548727058772105 × 10^301 |
| 13 | ov_013 | 1.0018960831978567 × 10^301 |
| 14 | ov_014 | 7.891687988934684 × 10^300 |
| 15 | ov_015 | 6.121831799075808 × 10^300 |
| 16 | ov_016 | 4.667052712630347 × 10^300 |
| 17 | ov_017 | 3.487710010957149 × 10^300 |
| 18 | ov_018 | 2.5468344921654782 × 10^300 |
| 19 | ov_019 | 1.8101096906096053 × 10^300 |
| 20 | ov_020 | 1.2458593191844755 × 10^300 |
| 21 | ov_021 | 8.250392218510429 × 10^299 |
| 22 | ov_022 | 5.212325860910132 × 10^299 |
| 23 | ov_023 | 3.1064725054744556 × 10^299 |
| 24 | ov_024 | 1.7211412671507423 × 10^299 |
| 25 | ov_025 | 8.708621244818766 × 10^298 |
| 26 | ov_026 | 3.96379988997761 × 10^298 |
| 27 | ov_027 | 1.6465151470426557 × 10^298 |
| 28 | ov_028 | 6.884361398679762 × 10^297 |
| 29 | ov_029 | 2.8332889222882944 × 10^297 |
| 30 | ov_030 | 9.360029753411601 × 10^296 |
| 31 | ov_031 | 2.26174986602809 × 10^296 |
| 32 | lv_80_k31 | 5.461609710245148 × 10^295 |
| 33 | ov_033 | 6.573773472576213 × 10^296 |
| 34 | ov_034 | 5.6904775408753686 × 10^296 |
| 35 | ov_035 | 4.898916597683301 × 10^296 |
| 36 | ov_036 | 4.1939373017570236 × 10^296 |
| 37 | ov_037 | 3.5706703489730385 × 10^296 |
| 38 | ov_038 | 3.0245093778888204 × 10^296 |
| 39 | ov_039 | 2.54695981465318 × 10^296 |
| 40 | ov_040 | 2.1299713290276213 × 10^296 |
| 41 | ov_041 | 1.7659128934959047 × 10^296 |
| 42 | ov_042 | 1.4510709578405626 × 10^296 |
| 43 | ov_043 | 1.1819262702455237 × 10^296 |
| 44 | ov_044 | 9.519925495581558 × 10^295 |
| 45 | ov_045 | 7.551374572674724 × 10^295 |
| 46 | ov_046 | 5.883819622145676 × 10^295 |
| 47 | ov_047 | 4.4891698459355777 × 10^295 |
| 48 | ov_048 | 3.3410001217005614 × 10^295 |
| 49 | ov_049 | 2.414525252057547 × 10^295 |
| 50 | ov_050 | 1.6865808970499013 × 10^295 |
| 51 | ov_051 | 1.1356099028417313 × 10^295 |
| 52 | ov_052 | 7.416528562956474 × 10^294 |
| 53 | ov_053 | 4.6956138962286307 × 10^294 |
| 54 | ov_054 | 2.873599388705697 × 10^294 |
| 55 | ov_055 | 1.6624234618266983 × 10^294 |
| 56 | ov_056 | 9.259759569459225 × 10^293 |
| 57 | ov_057 | 5.439819704691369 × 10^293 |
| 58 | ov_058 | 3.2338529210856984 × 10^293 |
| 59 | ov_059 | 1.7557277719646844 × 10^293 |
| 60 | ov_060 | 8.471582720335974 × 10^292 |
| 61 | ov_061 | 3.4985965011040184 × 10^292 |
| 62 | ov_062 | 1.160022986395216 × 10^292 |
| 63 | ov_063 | 2.8147385788907168 × 10^291 |
| 64 | lv_79_k31 | 6.826134028218854 × 10^290 |
| 65 | ov_065 | 8.025194747876893 × 10^291 |
| 66 | ov_066 | 8.025175970125262 × 10^291 |
| 67 | ov_067 | 8.025169998494837 × 10^291 |
| 68 | ov_068 | 6.979684422613187 × 10^291 |
| 69 | ov_069 | 6.031584011280556 × 10^291 |
| 70 | ov_070 | 5.176264996316944 × 10^291 |
| 71 | ov_071 | 4.4093666262291834 × 10^291 |
| 72 | ov_072 | 3.726753223289975 × 10^291 |
| 73 | ov_073 | 3.12449883588973 × 10^291 |
| 74 | ov_074 | 2.598874228963698 × 10^291 |
| 75 | ov_075 | 2.142969285272998 × 10^291 |
| 76 | ov_076 | 1.7502199820095185 × 10^291 |
| 77 | ov_077 | 1.4143950190011876 × 10^291 |
| 78 | ov_078 | 1.1295851319161264 × 10^291 |
| 79 | ov_079 | 8.901947135768981 × 10^290 |
| 80 | ov_080 | 6.909353894251306 × 10^290 |
| 81 | ov_081 | 5.268212157714521 × 10^290 |
| 82 | ov_082 | 3.931651918148649 × 10^290 |
| 83 | ov_083 | 2.855767985922007 × 10^290 |
| 84 | ov_084 | 2.019346450148203 × 10^290 |
| 85 | ov_085 | 1.3843659843733715 × 10^290 |
| 86 | ov_086 | 9.157326928328077 × 10^289 |
| 87 | ov_087 | 5.812735133695019 × 10^289 |
| 88 | ov_088 | 3.5173117252446146 × 10^289 |
| 89 | ov_089 | 2.0076047398817708 × 10^289 |
| 90 | ov_090 | 1.0492570162401599 × 10^289 |
| 91 | ov_091 | 5.323610560860498 × 10^288 |
| 92 | ov_092 | 2.807050544842835 × 10^288 |
| 93 | ov_093 | 1.4713927558096748 × 10^288 |
| 94 | ov_094 | 6.535391524020104 × 10^287 |
| 95 | aaa_78_28 | 2.081982428857847 × 10^287 |
| 96 | aaa_78_29 | 7.777942971774211 × 10^286 |
| 97 | ov_097 | 6.874265980669005 × 10^286 |
| 98 | ov_098 | 6.874229305263816 × 10^286 |
| 99 | ov_099 | 6.874217571681276 × 10^286 |
| 100 | ov_100 | 5.882131331256586 × 10^286 |
| 101 | ov_101 | 5.001698202727477 × 10^286 |
| 102 | ov_102 | 4.2239788787086447 × 10^286 |
| 103 | ov_103 | 3.5405298006840046 × 10^286 |
| 104 | ov_104 | 2.943366758081155 × 10^286 |
| 105 | ov_105 | 2.4249330391583555 × 10^286 |
| 106 | ov_106 | 1.978071702304849 × 10^286 |
| 107 | ov_107 | 1.5960016715429245 × 10^286 |
| 108 | ov_108 | 1.2722973820276332 × 10^286 |
| 109 | ov_109 | 1.0008716165019516 × 10^286 |
| 110 | ov_110 | 7.759611440936462 × 10^285 |
| 111 | ov_111 | 5.921148371735021 × 10^285 |
| 112 | ov_112 | 4.4418400586488876 × 10^285 |
| 113 | ov_113 | 3.273146702228794 × 10^285 |
| 114 | ov_114 | 2.3694147026965217 × 10^285 |
| 115 | ov_115 | 1.6878296637456014 × 10^285 |
| 116 | ov_116 | 1.1883813463972571 × 10^285 |
| 117 | ov_117 | 8.33838524902141 × 10^284 |
| 118 | ov_118 | 5.897316015112457 × 10^284 |
| 119 | ov_119 | 4.24341049176793 × 10^284 |
| 120 | ov_120 | 3.0869013840911347 × 10^284 |
| 121 | ov_121 | 2.165407915819338 × 10^284 |
| 122 | ov_122 | 1.4515761317560178 × 10^284 |
| 123 | ov_123 | 9.180584742048972 × 10^283 |
| 124 | ov_124 | 5.375109976779463 × 10^283 |
| 125 | ov_125 | 2.8259154083773578 × 10^283 |
| 126 | ov_126 | 1.2595867456185807 × 10^283 |
| 127 | aaa_77_28 | 4.027120382619852 × 10^282 |
| 128 | aaa_77_29 | 1.512037493822654 × 10^282 |
| 129 | ov_129 | 1.3979012713935487 × 10^282 |
| 130 | ov_130 | 1.3978976322775142 × 10^282 |
| 131 | ov_131 | 1.397896461662799 × 10^282 |
| 132 | ov_132 | 1.2166958098025268 × 10^282 |
| 133 | ov_133 | 1.0527292268978685 × 10^282 |
| 134 | ov_134 | 9.051186909014751 × 10^281 |
| 135 | ov_135 | 7.730362898847655 × 10^281 |
| 136 | ov_136 | 6.5570046446090965 × 10^281 |
| 137 | ov_137 | 5.52372676021416 × 10^281 |
| 138 | ov_138 | 4.616935628516182 × 10^281 |
| 139 | ov_139 | 3.823766357461512 × 10^281 |
| 140 | ov_140 | 3.1320421280232903 × 10^281 |
| 141 | ov_141 | 2.5358418841475137 × 10^281 |
| 142 | ov_142 | 2.0295637059486156 × 10^281 |
| 143 | ov_143 | 1.6029123758041534 × 10^281 |
| 144 | ov_144 | 1.2461763061183094 × 10^281 |
| 145 | ov_145 | 9.502127795403328 × 10^280 |
| 146 | ov_146 | 7.105910348021977 × 10^280 |
| 147 | ov_147 | 5.192745463329697 × 10^280 |
| 148 | ov_148 | 3.6876917267373857 × 10^280 |
| 149 | ov_149 | 2.5211860758108433 × 10^280 |
| 150 | ov_150 | 1.659786890945432 × 10^280 |
| 151 | ov_151 | 1.0446045285738525 × 10^280 |
| 152 | ov_152 | 6.220624022827492 × 10^279 |
| 153 | ov_153 | 3.438888993695388 × 10^279 |
| 154 | ov_154 | 1.6711292561308277 × 10^279 |
| 155 | ov_155 | 7.15736828122061 × 10^278 |
| 156 | aaa_76_25 | 2.489565787043483 × 10^278 |
| 157 | aaa_76_26 | 1.5328566209758343 × 10^278 |
| 158 | aaa_76_27 | 8.409642266090678 × 10^277 |
| 159 | aaa_76_28 | 3.9660686862103254 × 10^277 |
| 160 | aaa_76_29 | 1.4946044067070733 × 10^277 |

### Output Bits Sorted by Complexity

| Rank | Output Bit | Complexity |
|:----:|:----------:|:----------:|
| 160 | aaa_76_29 | 1.4946044067070733 × 10^277 |
| 159 | aaa_76_28 | 3.9660686862103254 × 10^277 |
| 158 | aaa_76_27 | 8.409642266090678 × 10^277 |
| 157 | aaa_76_26 | 1.5328566209758343 × 10^278 |
| 156 | aaa_76_25 | 2.489565787043483 × 10^278 |
| 155 | ov_155 | 7.15736828122061 × 10^278 |
| 154 | ov_154 | 1.6711292561308277 × 10^279 |
| 153 | ov_153 | 3.438888993695388 × 10^279 |
| 152 | ov_152 | 6.220624022827492 × 10^279 |
| 151 | ov_151 | 1.0446045285738525 × 10^280 |
| 150 | ov_150 | 1.659786890945432 × 10^280 |
| 149 | ov_149 | 2.5211860758108433 × 10^280 |
| 148 | ov_148 | 3.6876917267373857 × 10^280 |
| 147 | ov_147 | 5.192745463329697 × 10^280 |
| 146 | ov_146 | 7.105910348021977 × 10^280 |
| 145 | ov_145 | 9.502127795403328 × 10^280 |
| 144 | ov_144 | 1.2461763061183094 × 10^281 |
| 143 | ov_143 | 1.6029123758041534 × 10^281 |
| 142 | ov_142 | 2.0295637059486156 × 10^281 |
| 141 | ov_141 | 2.5358418841475137 × 10^281 |
| 140 | ov_140 | 3.1320421280232903 × 10^281 |
| 139 | ov_139 | 3.823766357461512 × 10^281 |
| 138 | ov_138 | 4.616935628516182 × 10^281 |
| 137 | ov_137 | 5.52372676021416 × 10^281 |
| 136 | ov_136 | 6.5570046446090965 × 10^281 |
| 135 | ov_135 | 7.730362898847655 × 10^281 |
| 134 | ov_134 | 9.051186909014751 × 10^281 |
| 133 | ov_133 | 1.0527292268978685 × 10^282 |
| 132 | ov_132 | 1.2166958098025268 × 10^282 |
| 131 | ov_131 | 1.397896461662799 × 10^282 |
| 130 | ov_130 | 1.3978976322775142 × 10^282 |
| 129 | ov_129 | 1.3979012713935487 × 10^282 |
| 128 | aaa_77_29 | 1.512037493822654 × 10^282 |
| 127 | aaa_77_28 | 4.027120382619852 × 10^282 |
| 126 | ov_126 | 1.2595867456185807 × 10^283 |
| 125 | ov_125 | 2.8259154083773578 × 10^283 |
| 124 | ov_124 | 5.375109976779463 × 10^283 |
| 123 | ov_123 | 9.180584742048972 × 10^283 |
| 122 | ov_122 | 1.4515761317560178 × 10^284 |
| 121 | ov_121 | 2.165407915819338 × 10^284 |
| 120 | ov_120 | 3.0869013840911347 × 10^284 |
| 119 | ov_119 | 4.24341049176793 × 10^284 |
| 118 | ov_118 | 5.897316015112457 × 10^284 |
| 117 | ov_117 | 8.33838524902141 × 10^284 |
| 116 | ov_116 | 1.1883813463972571 × 10^285 |
| 115 | ov_115 | 1.6878296637456014 × 10^285 |
| 114 | ov_114 | 2.3694147026965217 × 10^285 |
| 113 | ov_113 | 3.273146702228794 × 10^285 |
| 112 | ov_112 | 4.4418400586488876 × 10^285 |
| 111 | ov_111 | 5.921148371735021 × 10^285 |
| 110 | ov_110 | 7.759611440936462 × 10^285 |
| 109 | ov_109 | 1.0008716165019516 × 10^286 |
| 108 | ov_108 | 1.2722973820276332 × 10^286 |
| 107 | ov_107 | 1.5960016715429245 × 10^286 |
| 106 | ov_106 | 1.978071702304849 × 10^286 |
| 105 | ov_105 | 2.4249330391583555 × 10^286 |
| 104 | ov_104 | 2.943366758081155 × 10^286 |
| 103 | ov_103 | 3.5405298006840046 × 10^286 |
| 102 | ov_102 | 4.2239788787086447 × 10^286 |
| 101 | ov_101 | 5.001698202727477 × 10^286 |
| 100 | ov_100 | 5.882131331256586 × 10^286 |
| 99 | ov_099 | 6.874217571681276 × 10^286 |
| 98 | ov_098 | 6.874229305263816 × 10^286 |
| 97 | ov_097 | 6.874265980669005 × 10^286 |
| 96 | aaa_78_29 | 7.777942971774211 × 10^286 |
| 95 | aaa_78_28 | 2.081982428857847 × 10^287 |
| 94 | ov_094 | 6.535391524020104 × 10^287 |
| 93 | ov_093 | 1.4713927558096748 × 10^288 |
| 92 | ov_092 | 2.807050544842835 × 10^288 |
| 91 | ov_091 | 5.323610560860498 × 10^288 |
| 90 | ov_090 | 1.0492570162401599 × 10^289 |
| 89 | ov_089 | 2.0076047398817708 × 10^289 |
| 88 | ov_088 | 3.5173117252446146 × 10^289 |
| 87 | ov_087 | 5.812735133695019 × 10^289 |
| 86 | ov_086 | 9.157326928328077 × 10^289 |
| 85 | ov_085 | 1.3843659843733715 × 10^290 |
| 84 | ov_084 | 2.019346450148203 × 10^290 |
| 83 | ov_083 | 2.855767985922007 × 10^290 |
| 82 | ov_082 | 3.931651918148649 × 10^290 |
| 81 | ov_081 | 5.268212157714521 × 10^290 |
| 64 | lv_79_k31 | 6.826134028218854 × 10^290 |
| 80 | ov_080 | 6.909353894251306 × 10^290 |
| 79 | ov_079 | 8.901947135768981 × 10^290 |
| 78 | ov_078 | 1.1295851319161264 × 10^291 |
| 77 | ov_077 | 1.4143950190011876 × 10^291 |
| 76 | ov_076 | 1.7502199820095185 × 10^291 |
| 75 | ov_075 | 2.142969285272998 × 10^291 |
| 74 | ov_074 | 2.598874228963698 × 10^291 |
| 63 | ov_063 | 2.8147385788907168 × 10^291 |
| 73 | ov_073 | 3.12449883588973 × 10^291 |
| 72 | ov_072 | 3.726753223289975 × 10^291 |
| 71 | ov_071 | 4.4093666262291834 × 10^291 |
| 70 | ov_070 | 5.176264996316944 × 10^291 |
| 69 | ov_069 | 6.031584011280556 × 10^291 |
| 68 | ov_068 | 6.979684422613187 × 10^291 |
| 67 | ov_067 | 8.025169998494837 × 10^291 |
| 66 | ov_066 | 8.025175970125262 × 10^291 |
| 65 | ov_065 | 8.025194747876893 × 10^291 |
| 62 | ov_062 | 1.160022986395216 × 10^292 |
| 61 | ov_061 | 3.4985965011040184 × 10^292 |
| 60 | ov_060 | 8.471582720335974 × 10^292 |
| 59 | ov_059 | 1.7557277719646844 × 10^293 |
| 58 | ov_058 | 3.2338529210856984 × 10^293 |
| 57 | ov_057 | 5.439819704691369 × 10^293 |
| 56 | ov_056 | 9.259759569459225 × 10^293 |
| 55 | ov_055 | 1.6624234618266983 × 10^294 |
| 54 | ov_054 | 2.873599388705697 × 10^294 |
| 53 | ov_053 | 4.6956138962286307 × 10^294 |
| 52 | ov_052 | 7.416528562956474 × 10^294 |
| 51 | ov_051 | 1.1356099028417313 × 10^295 |
| 50 | ov_050 | 1.6865808970499013 × 10^295 |
| 49 | ov_049 | 2.414525252057547 × 10^295 |
| 48 | ov_048 | 3.3410001217005614 × 10^295 |
| 47 | ov_047 | 4.4891698459355777 × 10^295 |
| 32 | lv_80_k31 | 5.461609710245148 × 10^295 |
| 46 | ov_046 | 5.883819622145676 × 10^295 |
| 45 | ov_045 | 7.551374572674724 × 10^295 |
| 44 | ov_044 | 9.519925495581558 × 10^295 |
| 43 | ov_043 | 1.1819262702455237 × 10^296 |
| 42 | ov_042 | 1.4510709578405626 × 10^296 |
| 41 | ov_041 | 1.7659128934959047 × 10^296 |
| 40 | ov_040 | 2.1299713290276213 × 10^296 |
| 31 | ov_031 | 2.26174986602809 × 10^296 |
| 39 | ov_039 | 2.54695981465318 × 10^296 |
| 38 | ov_038 | 3.0245093778888204 × 10^296 |
| 37 | ov_037 | 3.5706703489730385 × 10^296 |
| 36 | ov_036 | 4.1939373017570236 × 10^296 |
| 35 | ov_035 | 4.898916597683301 × 10^296 |
| 34 | ov_034 | 5.6904775408753686 × 10^296 |
| 33 | ov_033 | 6.573773472576213 × 10^296 |
| 30 | ov_030 | 9.360029753411601 × 10^296 |
| 29 | ov_029 | 2.8332889222882944 × 10^297 |
| 28 | ov_028 | 6.884361398679762 × 10^297 |
| 27 | ov_027 | 1.6465151470426557 × 10^298 |
| 26 | ov_026 | 3.96379988997761 × 10^298 |
| 25 | ov_025 | 8.708621244818766 × 10^298 |
| 24 | ov_024 | 1.7211412671507423 × 10^299 |
| 23 | ov_023 | 3.1064725054744556 × 10^299 |
| 22 | ov_022 | 5.212325860910132 × 10^299 |
| 21 | ov_021 | 8.250392218510429 × 10^299 |
| 20 | ov_020 | 1.2458593191844755 × 10^300 |
| 19 | ov_019 | 1.8101096906096053 × 10^300 |
| 18 | ov_018 | 2.5468344921654782 × 10^300 |
| 17 | ov_017 | 3.487710010957149 × 10^300 |
| 16 | ov_016 | 4.667052712630347 × 10^300 |
| 15 | ov_015 | 6.121831799075808 × 10^300 |
| 14 | ov_014 | 7.891687988934684 × 10^300 |
| 13 | ov_013 | 1.0018960831978567 × 10^301 |
| 12 | ov_012 | 1.2548727058772105 × 10^301 |
| 11 | ov_011 | 1.5528852154217536 × 10^301 |
| 10 | ov_010 | 1.9010056983646322 × 10^301 |
| 9 | ov_009 | 2.3046001260592335 × 10^301 |
| 8 | ov_008 | 2.769338577460156 × 10^301 |
| 7 | ov_007 | 3.3012075427987813 × 10^301 |
| 6 | ov_006 | 3.9034505037235474 × 10^301 |
| 5 | ov_005 | 4.5794896598865317 × 10^301 |
| 4 | ov_004 | 5.332936759867205 × 10^301 |
| 3 | ov_003 | 6.167605730349553 × 10^301 |
| 2 | ov_002 | 7.087527275937561 × 10^301 |
| 1 | ov_001 | 8.096965635384632 × 10^301 |

