# Results for F001-F002-F003-F004-F005-F006-F007-F008-F009-F010-F011-F012-F013-F014-F015-F016-F017-F018-F019-F020-F021-F022-F023-F024-F025-F026-F027-F028-F029-F030-F031-F032-F033-F034-F035-F036-F037-F038-F039-F040-F041-F042-F043-F044-F045-F046-F047-F048-F049-F050-F051-F052-F053-F054-F055-F056-F057-F058-F059-F060-F061-F062-F063-F064-F065-F066-F067-F068-F069-F070-F071-F072-F073-F074-F075-F076-F077-F078-F079-F080-F081-F082-F083-F084-F085-F086-F087-F088-F089-F090-F091-F092-F093-F094-F095-F096-F097-F098-F099-F100-F101-F102-F103-F104-F105-F106-F107-F108-F109-F110-F111-F112-F113-F114-F115-F116-F117-F118-F119-F120-F121-F122-F123-F124-F125-F126-F127-F128-F129-F130-F131-F132-F133-F134-F135-F136-F137-F138-F139-F140-F141-F142-F143-F144-F145-F146-F147-F148-F149-F150-F151-F152-F153-F154-F155-F156-F157-F158-F159-F160-F161-F162-F163-F164-F165-F166-F167-F168-F169-F170-F171-F172-F173-F174-F175-F176-F177-F178-F179-F180-F181-F182-F183-F184-F185-F186-F187-F188-F189-F190-F191-F192-F193-F194-F195-F196-F197-F198-F199-F200-F201-F202-F203-F204-F205-F206-F207-F208-F209-F210-F211-F212-F213-F214-F215-F216-F217-F218-F219-F220-F221-F222-F223-F224-F225-F226-F227-F228-F229-F230-F231-F232-F233-F234-F235-F236-F237-F238-F239-F240-F241-F242-F243-F244-F245-F246-F247-F248-F249-F250-F251-F252-F253-F254-F255-F256-F257-F258-F259-F260-F261-F262-F263-F264-F265-F266-F267-F268-F269-F270-F271-F272-F273-F274-F275-F276-F277-F278-F279-F280-F281-F282-F283-F284-F285-F286-F287-F288-F289-F290-F291-F292-F293-F294-F295-F296-F297-F298-F299-F300-F301-F302-F303-F304-F305-F306-F307-F308-F309-F310-F311-F312-F313-F314-F315-F316-F317-F318-F319-F320-F321-F322-F323-F324-F325-F326-F327-F328-F329-F330-F331-F332-F333-F334-F335-F336-F337-F338-F339-F340-F341-F342-F343-F344-F345-F346-F347-F348-F349-F350-F351-F352-F353-F354-F355-F356-F357-F358-F359-F360-F361-F362-F363-F364-F365-F366-F367-F368-F369-F370-F371-F372-F373-F374-F375-F376-F377-F378-F379-F380-F381-F382-F383-F384-F385-F386-F387-F388-F389-F390-F391-F392-F393-F394-F395-F396-F397-F398-F399-F400-F401-F402-F403-F404-F405-F406-F407-F408-F409-F410-F411-F412-F413-F414-F415-F416-F417-F418-F419-F420-F421-F422-F423-F424-F425-F426-F427-F428-F429-F430-F431-F432-F433-F434-F435-F436-F437-F438-F439-F440-F441-F442-F443-F444-F445-F446-F447-F448-F449-F450-F451-F452-F453-F454-F455-F456-F457-F458-F459-F460-F461-F462-F463-F464-F465-F466-F467-F468-F469-F470-F471-F472-F473-F474-F475-F476-F477-F478-F479-F480-F481-F482-F483-F484-F485-F486-F487-F488-F489-F490-F491-F492-F493-F494-F495-F496-F497-F498-F499-F500-F501-F502-F503-F504-E505506-E505511-E506507

## Summary

Number of input bits: 512  
Number of free input bits: 5  
Number of output bits: 160

Number of direct occurrences: 21226  
Number of assignments: 30515  
Number of operations: 10905419
(xor: 10875240,
and: 17378,
or: 12801)

Total complexity: 8.592950591582995 × 10^296

Least occurring input variable: iv_508 (4044)  
Most occurring input variable: iv_505 (4689)

Most co-occurring input variables: iv_505-iv_512 (2061)  
Least co-occurring input variables: iv_508-iv_509 (1926)

Potentially most occurring input variable: iv_505/iv_508 (4845)  
Potentially least occurring input variable: iv_508/iv_509 (4245)

Least output occurring input variable: iv_508 (70)  
Most output occurring input variable: iv_510 (79)

Most output co-occurring input variables: iv_510-iv_512 (42)  
Least output co-occurring input variables: iv_508-iv_512 (29)

Potentially most output occurring input variable: iv_505/iv_510 (90)  
Potentially least output occurring input variable: iv_505/iv_509 (71)

Least complex input bit: iv_512 (1.1361991119361911 × 10^296)  
Most complex input bit: iv_510 (2.544110734834829 × 10^296)

Least complex output bit: aaa_76_29 (1.466389689788041 × 10^272)  
Most complex output bit: ov_001 (1.3232878629604569 × 10^296)

Least complex input/output complexity: iv_512/aaa_76_29 (1.9389273166792687 × 10^271)  
Most complex input/output complexity: iv_510/ov_001 (3.9178519898997094 × 10^295)

Input variable with highest collision probability: iv_505 (½^160.0000000000007)

## Input Bits

### Input Bits in Regular Order

| Input Bit | Complexity | Occurrences | Output Occurrences | Collision Probability |
|:---------:|:----------:|:-----------:|:------------------:|:---------------------:|
| iv_505 | 2.0007910699025004 × 10^296 | 4689 | 71 | ½^160.0000000000007 |
| iv_508 | 1.1488564273387252 × 10^296 | 4044 | 70 | ½^160.00000000000077 |
| iv_509 | 1.7629932475707664 × 10^296 | 4053 | 78 | ½^160.00000000000077 |
| iv_510 | 2.544110734834829 × 10^296 | 4166 | 79 | ½^160.00000000000094 |
| iv_512 | 1.1361991119361911 × 10^296 | 4274 | 78 | ½^160.00000000000074 |

### Input Bits Sorted by Complexity

| Input Bit | Complexity | Occurrences | Output Occurrences | Collision Probability |
|:---------:|:----------:|:-----------:|:------------------:|:---------------------:|
| iv_512 | 1.1361991119361911 × 10^296 | 4274 | 78 | ½^160.00000000000074 |
| iv_508 | 1.1488564273387252 × 10^296 | 4044 | 70 | ½^160.00000000000077 |
| iv_509 | 1.7629932475707664 × 10^296 | 4053 | 78 | ½^160.00000000000077 |
| iv_505 | 2.0007910699025004 × 10^296 | 4689 | 71 | ½^160.0000000000007 |
| iv_510 | 2.544110734834829 × 10^296 | 4166 | 79 | ½^160.00000000000094 |

### Input Bits Sorted by Occurrences

| Input Bit | Complexity | Occurrences | Output Occurrences | Collision Probability |
|:---------:|:----------:|:-----------:|:------------------:|:---------------------:|
| iv_508 | 1.1488564273387252 × 10^296 | 4044 | 70 | ½^160.00000000000077 |
| iv_509 | 1.7629932475707664 × 10^296 | 4053 | 78 | ½^160.00000000000077 |
| iv_510 | 2.544110734834829 × 10^296 | 4166 | 79 | ½^160.00000000000094 |
| iv_512 | 1.1361991119361911 × 10^296 | 4274 | 78 | ½^160.00000000000074 |
| iv_505 | 2.0007910699025004 × 10^296 | 4689 | 71 | ½^160.0000000000007 |

### Input Bits Sorted by Output Occurrences

| Input Bit | Complexity | Occurrences | Output Occurrences | Collision Probability |
|:---------:|:----------:|:-----------:|:------------------:|:---------------------:|
| iv_508 | 1.1488564273387252 × 10^296 | 4044 | 70 | ½^160.00000000000077 |
| iv_505 | 2.0007910699025004 × 10^296 | 4689 | 71 | ½^160.0000000000007 |
| iv_509 | 1.7629932475707664 × 10^296 | 4053 | 78 | ½^160.00000000000077 |
| iv_512 | 1.1361991119361911 × 10^296 | 4274 | 78 | ½^160.00000000000074 |
| iv_510 | 2.544110734834829 × 10^296 | 4166 | 79 | ½^160.00000000000094 |

### Input Bits Sorted by Collision Probability

| Input Bit | Complexity | Occurrences | Output Occurrences | Collision Probability |
|:---------:|:----------:|:-----------:|:------------------:|:---------------------:|
| iv_505 | 2.0007910699025004 × 10^296 | 4689 | 71 | ½^160.0000000000007 |
| iv_512 | 1.1361991119361911 × 10^296 | 4274 | 78 | ½^160.00000000000074 |
| iv_508 | 1.1488564273387252 × 10^296 | 4044 | 70 | ½^160.00000000000077 |
| iv_509 | 1.7629932475707664 × 10^296 | 4053 | 78 | ½^160.00000000000077 |
| iv_510 | 2.544110734834829 × 10^296 | 4166 | 79 | ½^160.00000000000094 |

## Input Bit/Output Bit Collision Probabilities

| Input Bit | Output Bit | Collision Probability |
|:---------:|:----------:|:---------------------:|
| iv_509 | ov_082 | 0.5000000000000041 |
| iv_505 | ov_007 | 0.5000000000000018 |
| iv_505 | ov_008 | 0.5000000000000018 |
| iv_509 | aaa_76_25 | 0.5000000000000018 |
| iv_505 | ov_063 | 0.5000000000000016 |

## Input Bit Co-occurrences

### Input Bit Co-occurrences Sorted by Co-occurrences

| Input Bits | Co-occurrences | Potential Occurrences | Output Co-occurrences | Potential Output Occurrences |
|:----------:|:--------------:|:---------------------:|:---------------------:|:----------------------------:|
| iv_505-iv_512 | 2061 | 4841 | 37 | 75 |
| iv_505-iv_510 | 2033 | 4789 | 30 | 90 |
| iv_505-iv_509 | 2025 | 4692 | 39 | 71 |
| iv_510-iv_512 | 1995 | 4450 | 42 | 73 |
| iv_509-iv_512 | 1981 | 4365 | 37 | 82 |

### Input Bit Co-occurrences Sorted by Potential Occurrences

| Input Bits | Co-occurrences | Potential Occurrences | Output Co-occurrences | Potential Output Occurrences |
|:----------:|:--------------:|:---------------------:|:---------------------:|:----------------------------:|
| iv_508-iv_509 | 1926 | 4245 | 35 | 78 |
| iv_508-iv_510 | 1933 | 4344 | 31 | 87 |
| iv_509-iv_510 | 1934 | 4351 | 37 | 83 |
| iv_509-iv_512 | 1981 | 4365 | 37 | 82 |
| iv_508-iv_512 | 1944 | 4430 | 29 | 90 |

### Input Bit Output Co-occurrences Sorted by Output Co-occurrences

| Input Bits | Co-occurrences | Potential Occurrences | Output Co-occurrences | Potential Output Occurrences |
|:----------:|:--------------:|:---------------------:|:---------------------:|:----------------------------:|
| iv_510-iv_512 | 1995 | 4450 | 42 | 73 |
| iv_505-iv_509 | 2025 | 4692 | 39 | 71 |
| iv_509-iv_512 | 1981 | 4365 | 37 | 82 |
| iv_505-iv_512 | 2061 | 4841 | 37 | 75 |
| iv_509-iv_510 | 1934 | 4351 | 37 | 83 |

### Input Bit Output Co-occurrences Sorted by Potential Output Occurrences

| Input Bits | Co-occurrences | Potential Occurrences | Output Co-occurrences | Potential Output Occurrences |
|:----------:|:--------------:|:---------------------:|:---------------------:|:----------------------------:|
| iv_505-iv_509 | 2025 | 4692 | 39 | 71 |
| iv_505-iv_508 | 1944 | 4845 | 34 | 73 |
| iv_510-iv_512 | 1995 | 4450 | 42 | 73 |
| iv_505-iv_512 | 2061 | 4841 | 37 | 75 |
| iv_508-iv_509 | 1926 | 4245 | 35 | 78 |

## Output Bits

### Output Bits in Regular Order

| Rank | Output Bit | Complexity |
|:----:|:----------:|:----------:|
| 1 | ov_001 | 1.3232878629604569 × 10^296 |
| 2 | ov_002 | 1.1598765972678495 × 10^296 |
| 3 | ov_003 | 1.0108828122884122 × 10^296 |
| 4 | ov_004 | 8.75598498213731 × 10^295 |
| 5 | ov_005 | 7.533544424177384 × 10^295 |
| 6 | ov_006 | 6.435174632715048 × 10^295 |
| 7 | ov_007 | 5.454880095867611 × 10^295 |
| 8 | ov_008 | 4.586980843176216 × 10^295 |
| 9 | ov_009 | 3.8209943881197484 × 10^295 |
| 10 | ov_010 | 3.151820585575886 × 10^295 |
| 11 | ov_011 | 2.5746282228659496 × 10^295 |
| 12 | ov_012 | 2.0805182357749856 × 10^295 |
| 13 | ov_013 | 1.6610799156899588 × 10^295 |
| 14 | ov_014 | 1.3083766752769913 × 10^295 |
| 15 | ov_015 | 1.0149346866589159 × 10^295 |
| 16 | ov_016 | 7.73734110195469 × 10^294 |
| 17 | ov_017 | 5.7820257385741795 × 10^294 |
| 18 | ov_018 | 4.222105117818867 × 10^294 |
| 19 | ov_019 | 3.000679784107586 × 10^294 |
| 20 | ov_020 | 2.0652259088715046 × 10^294 |
| 21 | ov_021 | 1.367582886256518 × 10^294 |
| 22 | ov_022 | 8.639463519566803 × 10^293 |
| 23 | ov_023 | 5.1486434261138395 × 10^293 |
| 24 | ov_024 | 2.852350456068066 × 10^293 |
| 25 | ov_025 | 1.44305393514226 × 10^293 |
| 26 | ov_026 | 6.567021972972255 × 10^292 |
| 27 | ov_027 | 2.727180465446844 × 10^292 |
| 28 | ov_028 | 1.1399664814686992 × 10^292 |
| 29 | ov_029 | 4.6904721826665024 × 10^291 |
| 30 | ov_030 | 1.549346735043282 × 10^291 |
| 31 | ov_031 | 3.744366663492993 × 10^290 |
| 32 | lv_80_m31 | 9.046418902318224 × 10^289 |
| 33 | ov_033 | 1.0916949869948826 × 10^291 |
| 34 | ov_034 | 9.44944803307241 × 10^290 |
| 35 | ov_035 | 8.134851058766938 × 10^290 |
| 36 | ov_036 | 6.965806678011146 × 10^290 |
| 37 | ov_037 | 5.935365685486787 × 10^290 |
| 38 | ov_038 | 5.03072379516151 × 10^290 |
| 39 | ov_039 | 4.2397494498003525 × 10^290 |
| 40 | ov_040 | 3.5509426252149977 × 10^290 |
| 41 | ov_041 | 2.9533998368546603 × 10^290 |
| 42 | ov_042 | 2.4367846685730864 × 10^290 |
| 43 | ov_043 | 1.991303185906362 × 10^290 |
| 44 | ov_044 | 1.6076836368138199 × 10^290 |
| 45 | ov_045 | 1.2771598818232331 × 10^290 |
| 46 | ov_046 | 9.954733993546099 × 10^289 |
| 47 | ov_047 | 7.58608823169883 × 10^289 |
| 48 | ov_048 | 5.62789247323117 × 10^289 |
| 49 | ov_049 | 4.044725614751662 × 10^289 |
| 50 | ov_050 | 2.803486397989546 × 10^289 |
| 51 | ov_051 | 1.873372647778198 × 10^289 |
| 52 | ov_052 | 1.1996244647440693 × 10^289 |
| 53 | ov_053 | 7.320265992607044 × 10^288 |
| 54 | ov_054 | 4.248995175741501 × 10^288 |
| 55 | ov_055 | 2.370945532191725 × 10^288 |
| 56 | ov_056 | 1.3199138886691202 × 10^288 |
| 57 | ov_057 | 7.749669257146187 × 10^287 |
| 58 | ov_058 | 4.604333833445133 × 10^287 |
| 59 | ov_059 | 2.4979244140577474 × 10^287 |
| 60 | ov_060 | 1.204164580880498 × 10^287 |
| 61 | ov_061 | 4.967797780291184 × 10^286 |
| 62 | ov_062 | 1.6453729400886227 × 10^286 |
| 63 | ov_063 | 3.987519463240065 × 10^285 |
| 64 | lv_79_m31 | 9.658131396185894 × 10^284 |
| 65 | ov_065 | 1.1380289117134366 × 10^286 |
| 66 | ov_066 | 1.1380260234996136 × 10^286 |
| 67 | ov_067 | 1.1380250875614205 × 10^286 |
| 68 | ov_068 | 9.87611473577433 × 10^285 |
| 69 | ov_069 | 8.517319043327382 × 10^285 |
| 70 | ov_070 | 7.296388176351334 × 10^285 |
| 71 | ov_071 | 6.206308135518592 × 10^285 |
| 72 | ov_072 | 5.240494994662129 × 10^285 |
| 73 | ov_073 | 4.39276608931633 × 10^285 |
| 74 | ov_074 | 3.6518574602909674 × 10^285 |
| 75 | ov_075 | 3.007186272238129 × 10^285 |
| 76 | ov_076 | 2.4536260285054318 × 10^285 |
| 77 | ov_077 | 1.981838344185605 × 10^285 |
| 78 | ov_078 | 1.583056434429371 × 10^285 |
| 79 | ov_079 | 1.2490564700462376 × 10^285 |
| 80 | ov_080 | 9.721324607995632 × 10^284 |
| 81 | ov_081 | 7.45074428445367 × 10^284 |
| 82 | ov_082 | 5.61149633414711 × 10^284 |
| 83 | ov_083 | 4.14086620287818 × 10^284 |
| 84 | ov_084 | 2.9806184801229403 × 10^284 |
| 85 | ov_085 | 2.0768867130804023 × 10^284 |
| 86 | ov_086 | 1.3800843998173013 × 10^284 |
| 87 | ov_087 | 8.66478402052422 × 10^283 |
| 88 | ov_088 | 5.144251479406237 × 10^283 |
| 89 | ov_089 | 2.8682077255543326 × 10^283 |
| 90 | ov_090 | 1.506505086699926 × 10^283 |
| 91 | ov_091 | 7.697061673349772 × 10^282 |
| 92 | ov_092 | 4.089753209922286 × 10^282 |
| 93 | ov_093 | 2.1602033686126935 × 10^282 |
| 94 | ov_094 | 9.682616117656011 × 10^281 |
| 95 | aaa_78_28 | 3.1141049259990913 × 10^281 |
| 96 | aaa_78_29 | 1.1798584414007825 × 10^281 |
| 97 | ov_097 | 1.2847382870742657 × 10^281 |
| 98 | ov_098 | 1.2846995184290114 × 10^281 |
| 99 | ov_099 | 1.2846871383795797 × 10^281 |
| 100 | ov_100 | 1.1560763735489453 × 10^281 |
| 101 | ov_101 | 1.0369699893581005 × 10^281 |
| 102 | ov_102 | 9.26843183044817 × 10^280 |
| 103 | ov_103 | 8.252094397475548 × 10^280 |
| 104 | ov_104 | 7.316156203102505 × 10^280 |
| 105 | ov_105 | 6.4563752879249635 × 10^280 |
| 106 | ov_106 | 5.668759336672755 × 10^280 |
| 107 | ov_107 | 4.949529687115407 × 10^280 |
| 108 | ov_108 | 4.2950884054167065 × 10^280 |
| 109 | ov_109 | 3.7019886875826095 × 10^280 |
| 110 | ov_110 | 3.166908852846222 × 10^280 |
| 111 | ov_111 | 2.6866297085309756 × 10^280 |
| 112 | ov_112 | 2.258014715445287 × 10^280 |
| 113 | ov_113 | 1.87799238575818 × 10^280 |
| 114 | ov_114 | 1.5435410560247652 × 10^280 |
| 115 | ov_115 | 1.2516761795232765 × 10^280 |
| 116 | ov_116 | 9.994399287727162 × 10^279 |
| 117 | ov_117 | 7.83892899739995 × 10^279 |
| 118 | ov_118 | 6.021077096136033 × 10^279 |
| 119 | ov_119 | 4.511642802137761 × 10^279 |
| 120 | ov_120 | 3.2814659920719466 × 10^279 |
| 121 | ov_121 | 2.3014075133944785 × 10^279 |
| 122 | ov_122 | 1.5423391809464256 × 10^279 |
| 123 | ov_123 | 9.751390848846817 × 10^278 |
| 124 | ov_124 | 5.706888588250515 × 10^278 |
| 125 | ov_125 | 2.9987188669767073 × 10^278 |
| 126 | ov_126 | 1.3357227080400322 × 10^278 |
| 127 | aaa_77_28 | 4.26743431321262 × 10^277 |
| 128 | aaa_77_29 | 1.6003712044452832 × 10^277 |
| 129 | ov_129 | 1.4791574266377165 × 10^277 |
| 130 | ov_130 | 1.479153855913375 × 10^277 |
| 131 | ov_131 | 1.4791527071664449 × 10^277 |
| 132 | ov_132 | 1.285402149355122 × 10^277 |
| 133 | ov_133 | 1.110389394330517 × 10^277 |
| 134 | ov_134 | 9.532484754484488 × 10^276 |
| 135 | ov_135 | 8.131630115679481 × 10^276 |
| 136 | ov_136 | 6.893625172404679 × 10^276 |
| 137 | ov_137 | 5.804310099994932 × 10^276 |
| 138 | ov_138 | 4.850294822118288 × 10^276 |
| 139 | ov_139 | 4.0189122772637425 × 10^276 |
| 140 | ov_140 | 3.298178388135453 × 10^276 |
| 141 | ov_141 | 2.676758150909715 × 10^276 |
| 142 | ov_142 | 2.1439371972334524 × 10^276 |
| 143 | ov_143 | 1.694510269303358 × 10^276 |
| 144 | ov_144 | 1.3189380341558163 × 10^276 |
| 145 | ov_145 | 1.0082437387600338 × 10^276 |
| 146 | ov_146 | 7.540010947227138 × 10^275 |
| 147 | ov_147 | 5.4832488038755295 × 10^275 |
| 148 | ov_148 | 3.874067309988702 × 10^275 |
| 149 | ov_149 | 2.6442404060226565 × 10^275 |
| 150 | ov_150 | 1.730792178178579 × 10^275 |
| 151 | ov_151 | 1.075972524067997 × 10^275 |
| 152 | ov_152 | 6.272420459631472 × 10^274 |
| 153 | ov_153 | 3.3726342943863036 × 10^274 |
| 154 | ov_154 | 1.6389698021000666 × 10^274 |
| 155 | ov_155 | 7.019846750691202 × 10^273 |
| 156 | aaa_76_25 | 2.4418114323889494 × 10^273 |
| 157 | aaa_76_26 | 1.5035386887505824 × 10^273 |
| 158 | aaa_76_27 | 8.249427733586532 × 10^272 |
| 159 | aaa_76_28 | 3.890855457440116 × 10^272 |
| 160 | aaa_76_29 | 1.466389689788041 × 10^272 |

### Output Bits Sorted by Complexity

| Rank | Output Bit | Complexity |
|:----:|:----------:|:----------:|
| 160 | aaa_76_29 | 1.466389689788041 × 10^272 |
| 159 | aaa_76_28 | 3.890855457440116 × 10^272 |
| 158 | aaa_76_27 | 8.249427733586532 × 10^272 |
| 157 | aaa_76_26 | 1.5035386887505824 × 10^273 |
| 156 | aaa_76_25 | 2.4418114323889494 × 10^273 |
| 155 | ov_155 | 7.019846750691202 × 10^273 |
| 154 | ov_154 | 1.6389698021000666 × 10^274 |
| 153 | ov_153 | 3.3726342943863036 × 10^274 |
| 152 | ov_152 | 6.272420459631472 × 10^274 |
| 151 | ov_151 | 1.075972524067997 × 10^275 |
| 150 | ov_150 | 1.730792178178579 × 10^275 |
| 149 | ov_149 | 2.6442404060226565 × 10^275 |
| 148 | ov_148 | 3.874067309988702 × 10^275 |
| 147 | ov_147 | 5.4832488038755295 × 10^275 |
| 146 | ov_146 | 7.540010947227138 × 10^275 |
| 145 | ov_145 | 1.0082437387600338 × 10^276 |
| 144 | ov_144 | 1.3189380341558163 × 10^276 |
| 143 | ov_143 | 1.694510269303358 × 10^276 |
| 142 | ov_142 | 2.1439371972334524 × 10^276 |
| 141 | ov_141 | 2.676758150909715 × 10^276 |
| 140 | ov_140 | 3.298178388135453 × 10^276 |
| 139 | ov_139 | 4.0189122772637425 × 10^276 |
| 138 | ov_138 | 4.850294822118288 × 10^276 |
| 137 | ov_137 | 5.804310099994932 × 10^276 |
| 136 | ov_136 | 6.893625172404679 × 10^276 |
| 135 | ov_135 | 8.131630115679481 × 10^276 |
| 134 | ov_134 | 9.532484754484488 × 10^276 |
| 133 | ov_133 | 1.110389394330517 × 10^277 |
| 132 | ov_132 | 1.285402149355122 × 10^277 |
| 131 | ov_131 | 1.4791527071664449 × 10^277 |
| 130 | ov_130 | 1.479153855913375 × 10^277 |
| 129 | ov_129 | 1.4791574266377165 × 10^277 |
| 128 | aaa_77_29 | 1.6003712044452832 × 10^277 |
| 127 | aaa_77_28 | 4.26743431321262 × 10^277 |
| 126 | ov_126 | 1.3357227080400322 × 10^278 |
| 125 | ov_125 | 2.9987188669767073 × 10^278 |
| 124 | ov_124 | 5.706888588250515 × 10^278 |
| 123 | ov_123 | 9.751390848846817 × 10^278 |
| 122 | ov_122 | 1.5423391809464256 × 10^279 |
| 121 | ov_121 | 2.3014075133944785 × 10^279 |
| 120 | ov_120 | 3.2814659920719466 × 10^279 |
| 119 | ov_119 | 4.511642802137761 × 10^279 |
| 118 | ov_118 | 6.021077096136033 × 10^279 |
| 117 | ov_117 | 7.83892899739995 × 10^279 |
| 116 | ov_116 | 9.994399287727162 × 10^279 |
| 115 | ov_115 | 1.2516761795232765 × 10^280 |
| 114 | ov_114 | 1.5435410560247652 × 10^280 |
| 113 | ov_113 | 1.87799238575818 × 10^280 |
| 112 | ov_112 | 2.258014715445287 × 10^280 |
| 111 | ov_111 | 2.6866297085309756 × 10^280 |
| 110 | ov_110 | 3.166908852846222 × 10^280 |
| 109 | ov_109 | 3.7019886875826095 × 10^280 |
| 108 | ov_108 | 4.2950884054167065 × 10^280 |
| 107 | ov_107 | 4.949529687115407 × 10^280 |
| 106 | ov_106 | 5.668759336672755 × 10^280 |
| 105 | ov_105 | 6.4563752879249635 × 10^280 |
| 104 | ov_104 | 7.316156203102505 × 10^280 |
| 103 | ov_103 | 8.252094397475548 × 10^280 |
| 102 | ov_102 | 9.26843183044817 × 10^280 |
| 101 | ov_101 | 1.0369699893581005 × 10^281 |
| 100 | ov_100 | 1.1560763735489453 × 10^281 |
| 96 | aaa_78_29 | 1.1798584414007825 × 10^281 |
| 99 | ov_099 | 1.2846871383795797 × 10^281 |
| 98 | ov_098 | 1.2846995184290114 × 10^281 |
| 97 | ov_097 | 1.2847382870742657 × 10^281 |
| 95 | aaa_78_28 | 3.1141049259990913 × 10^281 |
| 94 | ov_094 | 9.682616117656011 × 10^281 |
| 93 | ov_093 | 2.1602033686126935 × 10^282 |
| 92 | ov_092 | 4.089753209922286 × 10^282 |
| 91 | ov_091 | 7.697061673349772 × 10^282 |
| 90 | ov_090 | 1.506505086699926 × 10^283 |
| 89 | ov_089 | 2.8682077255543326 × 10^283 |
| 88 | ov_088 | 5.144251479406237 × 10^283 |
| 87 | ov_087 | 8.66478402052422 × 10^283 |
| 86 | ov_086 | 1.3800843998173013 × 10^284 |
| 85 | ov_085 | 2.0768867130804023 × 10^284 |
| 84 | ov_084 | 2.9806184801229403 × 10^284 |
| 83 | ov_083 | 4.14086620287818 × 10^284 |
| 82 | ov_082 | 5.61149633414711 × 10^284 |
| 81 | ov_081 | 7.45074428445367 × 10^284 |
| 64 | lv_79_m31 | 9.658131396185894 × 10^284 |
| 80 | ov_080 | 9.721324607995632 × 10^284 |
| 79 | ov_079 | 1.2490564700462376 × 10^285 |
| 78 | ov_078 | 1.583056434429371 × 10^285 |
| 77 | ov_077 | 1.981838344185605 × 10^285 |
| 76 | ov_076 | 2.4536260285054318 × 10^285 |
| 75 | ov_075 | 3.007186272238129 × 10^285 |
| 74 | ov_074 | 3.6518574602909674 × 10^285 |
| 63 | ov_063 | 3.987519463240065 × 10^285 |
| 73 | ov_073 | 4.39276608931633 × 10^285 |
| 72 | ov_072 | 5.240494994662129 × 10^285 |
| 71 | ov_071 | 6.206308135518592 × 10^285 |
| 70 | ov_070 | 7.296388176351334 × 10^285 |
| 69 | ov_069 | 8.517319043327382 × 10^285 |
| 68 | ov_068 | 9.87611473577433 × 10^285 |
| 67 | ov_067 | 1.1380250875614205 × 10^286 |
| 66 | ov_066 | 1.1380260234996136 × 10^286 |
| 65 | ov_065 | 1.1380289117134366 × 10^286 |
| 62 | ov_062 | 1.6453729400886227 × 10^286 |
| 61 | ov_061 | 4.967797780291184 × 10^286 |
| 60 | ov_060 | 1.204164580880498 × 10^287 |
| 59 | ov_059 | 2.4979244140577474 × 10^287 |
| 58 | ov_058 | 4.604333833445133 × 10^287 |
| 57 | ov_057 | 7.749669257146187 × 10^287 |
| 56 | ov_056 | 1.3199138886691202 × 10^288 |
| 55 | ov_055 | 2.370945532191725 × 10^288 |
| 54 | ov_054 | 4.248995175741501 × 10^288 |
| 53 | ov_053 | 7.320265992607044 × 10^288 |
| 52 | ov_052 | 1.1996244647440693 × 10^289 |
| 51 | ov_051 | 1.873372647778198 × 10^289 |
| 50 | ov_050 | 2.803486397989546 × 10^289 |
| 49 | ov_049 | 4.044725614751662 × 10^289 |
| 48 | ov_048 | 5.62789247323117 × 10^289 |
| 47 | ov_047 | 7.58608823169883 × 10^289 |
| 32 | lv_80_m31 | 9.046418902318224 × 10^289 |
| 46 | ov_046 | 9.954733993546099 × 10^289 |
| 45 | ov_045 | 1.2771598818232331 × 10^290 |
| 44 | ov_044 | 1.6076836368138199 × 10^290 |
| 43 | ov_043 | 1.991303185906362 × 10^290 |
| 42 | ov_042 | 2.4367846685730864 × 10^290 |
| 41 | ov_041 | 2.9533998368546603 × 10^290 |
| 40 | ov_040 | 3.5509426252149977 × 10^290 |
| 31 | ov_031 | 3.744366663492993 × 10^290 |
| 39 | ov_039 | 4.2397494498003525 × 10^290 |
| 38 | ov_038 | 5.03072379516151 × 10^290 |
| 37 | ov_037 | 5.935365685486787 × 10^290 |
| 36 | ov_036 | 6.965806678011146 × 10^290 |
| 35 | ov_035 | 8.134851058766938 × 10^290 |
| 34 | ov_034 | 9.44944803307241 × 10^290 |
| 33 | ov_033 | 1.0916949869948826 × 10^291 |
| 30 | ov_030 | 1.549346735043282 × 10^291 |
| 29 | ov_029 | 4.6904721826665024 × 10^291 |
| 28 | ov_028 | 1.1399664814686992 × 10^292 |
| 27 | ov_027 | 2.727180465446844 × 10^292 |
| 26 | ov_026 | 6.567021972972255 × 10^292 |
| 25 | ov_025 | 1.44305393514226 × 10^293 |
| 24 | ov_024 | 2.852350456068066 × 10^293 |
| 23 | ov_023 | 5.1486434261138395 × 10^293 |
| 22 | ov_022 | 8.639463519566803 × 10^293 |
| 21 | ov_021 | 1.367582886256518 × 10^294 |
| 20 | ov_020 | 2.0652259088715046 × 10^294 |
| 19 | ov_019 | 3.000679784107586 × 10^294 |
| 18 | ov_018 | 4.222105117818867 × 10^294 |
| 17 | ov_017 | 5.7820257385741795 × 10^294 |
| 16 | ov_016 | 7.73734110195469 × 10^294 |
| 15 | ov_015 | 1.0149346866589159 × 10^295 |
| 14 | ov_014 | 1.3083766752769913 × 10^295 |
| 13 | ov_013 | 1.6610799156899588 × 10^295 |
| 12 | ov_012 | 2.0805182357749856 × 10^295 |
| 11 | ov_011 | 2.5746282228659496 × 10^295 |
| 10 | ov_010 | 3.151820585575886 × 10^295 |
| 9 | ov_009 | 3.8209943881197484 × 10^295 |
| 8 | ov_008 | 4.586980843176216 × 10^295 |
| 7 | ov_007 | 5.454880095867611 × 10^295 |
| 6 | ov_006 | 6.435174632715048 × 10^295 |
| 5 | ov_005 | 7.533544424177384 × 10^295 |
| 4 | ov_004 | 8.75598498213731 × 10^295 |
| 3 | ov_003 | 1.0108828122884122 × 10^296 |
| 2 | ov_002 | 1.1598765972678495 × 10^296 |
| 1 | ov_001 | 1.3232878629604569 × 10^296 |

