# Results for F001-F002-F003-F004-F005-F006-F007-F008-F009-F010-F011-F012-F013-F014-F015-F016-F017-F018-F019-F020-F021-F022-F023-F024-F025-F026-F027-F028-F029-F030-F031-F032-F033-F034-F035-F036-F037-F038-F039-F040-F041-F042-F043-F044-F045-F046-F047-F048-F049-F050-F051-F052-F053-F054-F055-F056-F057-F058-F059-F060-F061-F062-F063-F064-F065-F066-F067-F068-F069-F070-F071-F072-F073-F074-F075-F076-F077-F078-F079-F080-F081-F082-F083-F084-F085-F086-F087-F088-F089-F090-F091-F092-F093-F094-F095-F096-F097-F098-F099-F100-F101-F102-F103-F104-F105-F106-F107-F108-F109-F110-F111-F112-F113-F114-F115-F116-F117-F118-F119-F120-F121-F122-F123-F124-F125-F126-F127-F128-F129-F130-F131-F132-F133-F134-F135-F136-F137-F138-F139-F140-F141-F142-F143-F144-F145-F146-F147-F148-F149-F150-F151-F152-F153-F154-F155-F156-F157-F158-F159-F160-F161-F162-F163-F164-F165-F166-F167-F168-F169-F170-F171-F172-F173-F174-F175-F176-F177-F178-F179-F180-F181-F182-F183-F184-F185-F186-F187-F188-F189-F190-F191-F192-F193-F194-F195-F196-F197-F198-F199-F200-F201-F202-F203-F204-F205-F206-F207-F208-F209-F210-F211-F212-F213-F214-F215-F216-F217-F218-F219-F220-F221-F222-F223-F224-F225-F226-F227-F228-F229-F230-F231-F232-F233-F234-F235-F236-F237-F238-F239-F240-F241-F242-F243-F244-F245-F246-F247-F248-F249-F250-F251-F252-F253-F254-F255-F256-F257-F258-F259-F260-F261-F262-F263-F264-F265-F266-F267-F268-F269-F270-F271-F272-F273-F274-F275-F276-F277-F278-F279-F280-F281-F282-F283-F284-F285-F286-F287-F288-F289-F290-F291-F292-F293-F294-F295-F296-F297-F298-F299-F300-F301-F302-F303-F304-F305-F306-F307-F308-F309-F310-F311-F312-F313-F314-F315-F316-F317-F318-F319-F320-F321-F322-F323-F324-F325-F326-F327-F328-F329-F330-F331-F332-F333-F334-F335-F336-F337-F338-F339-F340-F341-F342-F343-F344-F345-F346-F347-F348-F349-F350-F351-F352-F353-F354-F355-F356-F357-F358-F359-F360-F361-F362-F363-F364-F365-F366-F367-F368-F369-F370-F371-F372-F373-F374-F375-F376-F377-F378-F379-F380-F381-F382-F383-F384-F385-F386-F387-F388-F389-F390-F391-F392-F393-F394-F395-F396-F397-F398-F399-F400-F401-F402-F403-F404-F405-F406-F407-F408-F409-F410-F411-F412-F413-F414-F415-F416-F417-F418-F419-F420-F421-F422-F423-F424-F425-F426-F427-F428-F429-F430-F431-F432-F433-F434-F435-F436-F437-F438-F439-F440-F441-F442-F443-F444-F445-F446-F447-F448-F449-F450-F451-F452-F453-F454-F455-F456-F457-F458-F459-F460-F461-F462-F463-F464-F465-F466-F467-F468-F469-F470-F471-F472-F473-F474-F475-F476-F477-F478-F479-F480-F481-F482-F483-F484-F485-F486-F487-F488-F489-F490-F491-F492-F493-F494-F495-F496-F497-F498-F499-F500-F501-F502-F503-F504-E505506-E505509-E506510

## Summary

Number of input bits: 512  
Number of free input bits: 5  
Number of output bits: 160

Number of direct occurrences: 21120  
Number of assignments: 30517  
Number of operations: 10897995
(xor: 10867807,
and: 17375,
or: 12813)

Total complexity: 7.137872650155392 × 10^296

Least occurring input variable: iv_508 (4055)  
Most occurring input variable: iv_505 (4612)

Most co-occurring input variables: iv_505-iv_512 (2084)  
Least co-occurring input variables: iv_507-iv_508 (1897)

Potentially most occurring input variable: iv_505/iv_511 (4791)  
Potentially least occurring input variable: iv_507/iv_508 (4319)

Least output occurring input variable: iv_508 (70)  
Most output occurring input variable: iv_512 (78)

Most output co-occurring input variables: iv_505-iv_512 (39)  
Least output co-occurring input variables: iv_505-iv_508 (25)

Potentially most output occurring input variable: iv_505/iv_508 (92)  
Potentially least output occurring input variable: iv_507/iv_508 (72)

Least complex input bit: iv_507 (7.87696639929409 × 10^295)  
Most complex input bit: iv_505 (2.633490550150918 × 10^296)

Least complex output bit: aaa_76_29 (1.2992002016728482 × 10^272)  
Most complex output bit: ov_001 (1.0988375982280172 × 10^296)

Least complex input/output complexity: iv_507/aaa_76_29 (1.433726382651325 × 10^271)  
Most complex input/output complexity:  (4.054118885156931 × 10^295)

Input variable with highest collision probability: iv_508 (½^160.00000000000063)

## Input Bits

### Input Bits in Regular Order

| Input Bit | Complexity | Occurrences | Output Occurrences | Collision Probability |
|:---------:|:----------:|:-----------:|:------------------:|:---------------------:|
| iv_505 | 2.633490550150918 × 10^296 | 4612 | 72 | ½^160.00000000000085 |
| iv_507 | 7.87696639929409 × 10^295 | 4058 | 72 | ½^160.00000000000063 |
| iv_508 | 1.314568761755309 × 10^296 | 4055 | 70 | ½^160.00000000000063 |
| iv_511 | 1.1020309572795789 × 10^296 | 4119 | 74 | ½^160.0000000000007 |
| iv_512 | 1.3000857410401826 × 10^296 | 4276 | 78 | ½^160.00000000000085 |

### Input Bits Sorted by Complexity

| Input Bit | Complexity | Occurrences | Output Occurrences | Collision Probability |
|:---------:|:----------:|:-----------:|:------------------:|:---------------------:|
| iv_507 | 7.87696639929409 × 10^295 | 4058 | 72 | ½^160.00000000000063 |
| iv_511 | 1.1020309572795789 × 10^296 | 4119 | 74 | ½^160.0000000000007 |
| iv_512 | 1.3000857410401826 × 10^296 | 4276 | 78 | ½^160.00000000000085 |
| iv_508 | 1.314568761755309 × 10^296 | 4055 | 70 | ½^160.00000000000063 |
| iv_505 | 2.633490550150918 × 10^296 | 4612 | 72 | ½^160.00000000000085 |

### Input Bits Sorted by Occurrences

| Input Bit | Complexity | Occurrences | Output Occurrences | Collision Probability |
|:---------:|:----------:|:-----------:|:------------------:|:---------------------:|
| iv_508 | 1.314568761755309 × 10^296 | 4055 | 70 | ½^160.00000000000063 |
| iv_507 | 7.87696639929409 × 10^295 | 4058 | 72 | ½^160.00000000000063 |
| iv_511 | 1.1020309572795789 × 10^296 | 4119 | 74 | ½^160.0000000000007 |
| iv_512 | 1.3000857410401826 × 10^296 | 4276 | 78 | ½^160.00000000000085 |
| iv_505 | 2.633490550150918 × 10^296 | 4612 | 72 | ½^160.00000000000085 |

### Input Bits Sorted by Output Occurrences

| Input Bit | Complexity | Occurrences | Output Occurrences | Collision Probability |
|:---------:|:----------:|:-----------:|:------------------:|:---------------------:|
| iv_508 | 1.314568761755309 × 10^296 | 4055 | 70 | ½^160.00000000000063 |
| iv_507 | 7.87696639929409 × 10^295 | 4058 | 72 | ½^160.00000000000063 |
| iv_505 | 2.633490550150918 × 10^296 | 4612 | 72 | ½^160.00000000000085 |
| iv_511 | 1.1020309572795789 × 10^296 | 4119 | 74 | ½^160.0000000000007 |
| iv_512 | 1.3000857410401826 × 10^296 | 4276 | 78 | ½^160.00000000000085 |

### Input Bits Sorted by Collision Probability

| Input Bit | Complexity | Occurrences | Output Occurrences | Collision Probability |
|:---------:|:----------:|:-----------:|:------------------:|:---------------------:|
| iv_508 | 1.314568761755309 × 10^296 | 4055 | 70 | ½^160.00000000000063 |
| iv_507 | 7.87696639929409 × 10^295 | 4058 | 72 | ½^160.00000000000063 |
| iv_511 | 1.1020309572795789 × 10^296 | 4119 | 74 | ½^160.0000000000007 |
| iv_505 | 2.633490550150918 × 10^296 | 4612 | 72 | ½^160.00000000000085 |
| iv_512 | 1.3000857410401826 × 10^296 | 4276 | 78 | ½^160.00000000000085 |

## Input Bit/Output Bit Collision Probabilities

| Input Bit | Output Bit | Collision Probability |
|:---------:|:----------:|:---------------------:|
| iv_507 | aaa_76_25 | 0.5000000000000022 |
| iv_508 | ov_011 | 0.5000000000000019 |
| iv_507 | ov_076 | 0.5000000000000018 |
| iv_508 | aaa_76_28 | 0.5000000000000018 |
| iv_507 | ov_001 | 0.5000000000000016 |

## Input Bit Co-occurrences

### Input Bit Co-occurrences Sorted by Co-occurrences

| Input Bits | Co-occurrences | Potential Occurrences | Output Co-occurrences | Potential Output Occurrences |
|:----------:|:--------------:|:---------------------:|:---------------------:|:----------------------------:|
| iv_505-iv_512 | 2084 | 4720 | 39 | 72 |
| iv_511-iv_512 | 2035 | 4325 | 39 | 74 |
| iv_505-iv_511 | 1970 | 4791 | 35 | 76 |
| iv_508-iv_512 | 1944 | 4443 | 29 | 90 |
| iv_505-iv_508 | 1942 | 4783 | 25 | 92 |

### Input Bit Co-occurrences Sorted by Potential Occurrences

| Input Bits | Co-occurrences | Potential Occurrences | Output Co-occurrences | Potential Output Occurrences |
|:----------:|:--------------:|:---------------------:|:---------------------:|:----------------------------:|
| iv_507-iv_508 | 1897 | 4319 | 35 | 72 |
| iv_511-iv_512 | 2035 | 4325 | 39 | 74 |
| iv_507-iv_511 | 1919 | 4339 | 32 | 82 |
| iv_508-iv_511 | 1906 | 4362 | 35 | 74 |
| iv_508-iv_512 | 1944 | 4443 | 29 | 90 |

### Input Bit Output Co-occurrences Sorted by Output Co-occurrences

| Input Bits | Co-occurrences | Potential Occurrences | Output Co-occurrences | Potential Output Occurrences |
|:----------:|:--------------:|:---------------------:|:---------------------:|:----------------------------:|
| iv_511-iv_512 | 2035 | 4325 | 39 | 74 |
| iv_505-iv_512 | 2084 | 4720 | 39 | 72 |
| iv_508-iv_511 | 1906 | 4362 | 35 | 74 |
| iv_507-iv_508 | 1897 | 4319 | 35 | 72 |
| iv_505-iv_511 | 1970 | 4791 | 35 | 76 |

### Input Bit Output Co-occurrences Sorted by Potential Output Occurrences

| Input Bits | Co-occurrences | Potential Occurrences | Output Co-occurrences | Potential Output Occurrences |
|:----------:|:--------------:|:---------------------:|:---------------------:|:----------------------------:|
| iv_507-iv_508 | 1897 | 4319 | 35 | 72 |
| iv_505-iv_512 | 2084 | 4720 | 39 | 72 |
| iv_508-iv_511 | 1906 | 4362 | 35 | 74 |
| iv_511-iv_512 | 2035 | 4325 | 39 | 74 |
| iv_505-iv_511 | 1970 | 4791 | 35 | 76 |

## Output Bits

### Output Bits in Regular Order

| Rank | Output Bit | Complexity |
|:----:|:----------:|:----------:|
| 1 | ov_001 | 1.0988375982280172 × 10^296 |
| 2 | ov_002 | 9.627020104019943 × 10^295 |
| 3 | ov_003 | 8.386804605880621 × 10^295 |
| 4 | ov_004 | 7.261809993038584 × 10^295 |
| 5 | ov_005 | 6.246441186492851 × 10^295 |
| 6 | ov_006 | 5.335404389394129 × 10^295 |
| 7 | ov_007 | 4.523687010065723 × 10^295 |
| 8 | ov_008 | 3.806540296195238 × 10^295 |
| 9 | ov_009 | 3.1752004065556257 × 10^295 |
| 10 | ov_010 | 2.6254033949582003 × 10^295 |
| 11 | ov_011 | 2.1492864740495746 × 10^295 |
| 12 | ov_012 | 1.7394096919339914 × 10^295 |
| 13 | ov_013 | 1.3887413940380422 × 10^295 |
| 14 | ov_014 | 1.0938661820506747 × 10^295 |
| 15 | ov_015 | 8.485356805988165 × 10^294 |
| 16 | ov_016 | 6.468810659176576 × 10^294 |
| 17 | ov_017 | 4.834076120488752 × 10^294 |
| 18 | ov_018 | 3.529907921498433 × 10^294 |
| 19 | ov_019 | 2.5087361402736548 × 10^294 |
| 20 | ov_020 | 1.726648993590488 × 10^294 |
| 21 | ov_021 | 1.1433824638868215 × 10^294 |
| 22 | ov_022 | 7.2231446191289714 × 10^293 |
| 23 | ov_023 | 4.3046161593355246 × 10^293 |
| 24 | ov_024 | 2.3847739096225277 × 10^293 |
| 25 | ov_025 | 1.2065091426590491 × 10^293 |
| 26 | ov_026 | 5.490627003301861 × 10^292 |
| 27 | ov_027 | 2.280212042865974 × 10^292 |
| 28 | ov_028 | 9.5315295891332 × 10^291 |
| 29 | ov_029 | 3.9218963198369085 × 10^291 |
| 30 | ov_030 | 1.29549962913807 × 10^291 |
| 31 | ov_031 | 3.130955208342223 × 10^290 |
| 32 | lv_80_m31 | 7.564578458501724 × 10^289 |
| 33 | ov_033 | 9.128648654021607 × 10^290 |
| 34 | ov_034 | 7.901941984273386 × 10^290 |
| 35 | ov_035 | 6.80295922173115 × 10^290 |
| 36 | ov_036 | 5.8255735684097 × 10^290 |
| 37 | ov_037 | 4.963991897840967 × 10^290 |
| 38 | ov_038 | 4.207534051914512 × 10^290 |
| 39 | ov_039 | 3.5460773829895417 × 10^290 |
| 40 | ov_040 | 2.9700229738544676 × 10^290 |
| 41 | ov_041 | 2.4702669599351982 × 10^290 |
| 42 | ov_042 | 2.0381763986252593 × 10^290 |
| 43 | ov_043 | 1.66556916529479 × 10^290 |
| 44 | ov_044 | 1.3446973886833676 × 10^290 |
| 45 | ov_045 | 1.068233970200578 × 10^290 |
| 46 | ov_046 | 8.32619047629463 × 10^289 |
| 47 | ov_047 | 6.344953356806318 × 10^289 |
| 48 | ov_048 | 4.707043656755456 × 10^289 |
| 49 | ov_049 | 3.3828358620616514 × 10^289 |
| 50 | ov_050 | 2.3446418048843926 × 10^289 |
| 51 | ov_051 | 1.5666948754966292 × 10^289 |
| 52 | ov_052 | 1.0031865090859273 × 10^289 |
| 53 | ov_053 | 6.121103217258356 × 10^288 |
| 54 | ov_054 | 3.5525492820119204 × 10^288 |
| 55 | ov_055 | 1.9819998448947948 × 10^288 |
| 56 | ov_056 | 1.1031413238292683 × 10^288 |
| 57 | ov_057 | 6.475388635376746 × 10^287 |
| 58 | ov_058 | 3.846299735312708 × 10^287 |
| 59 | ov_059 | 2.0860092429187126 × 10^287 |
| 60 | ov_060 | 1.0051829878471436 × 10^287 |
| 61 | ov_061 | 4.144883197716673 × 10^286 |
| 62 | ov_062 | 1.3720661239400924 × 10^286 |
| 63 | ov_063 | 3.3229684031464873 × 10^285 |
| 64 | lv_79_m31 | 8.042787112379959 × 10^284 |
| 65 | ov_065 | 9.424303833387149 × 10^285 |
| 66 | ov_066 | 9.424280258269853 × 10^285 |
| 67 | ov_067 | 9.424272618623254 × 10^285 |
| 68 | ov_068 | 8.162909638877358 × 10^285 |
| 69 | ov_069 | 7.024599101397313 × 10^285 |
| 70 | ov_070 | 6.003239888706475 × 10^285 |
| 71 | ov_071 | 5.093107622149967 × 10^285 |
| 72 | ov_072 | 4.2888289099083364 × 10^285 |
| 73 | ov_073 | 3.5853578303586456 × 10^285 |
| 74 | ov_074 | 2.9735013597390834 × 10^285 |
| 75 | ov_075 | 2.4446223304148313 × 10^285 |
| 76 | ov_076 | 1.9906062256149905 × 10^285 |
| 77 | ov_077 | 1.60383145302355 × 10^285 |
| 78 | ov_078 | 1.2771428940344577 × 10^285 |
| 79 | ov_079 | 1.0038285292715935 × 10^285 |
| 80 | ov_080 | 7.775989438689917 × 10^284 |
| 81 | ov_081 | 5.925695181354734 × 10^284 |
| 82 | ov_082 | 4.432451107336558 × 10^284 |
| 83 | ov_083 | 3.245070425406439 × 10^284 |
| 84 | ov_084 | 2.316021900490054 × 10^284 |
| 85 | ov_085 | 1.6013399759319477 × 10^284 |
| 86 | ov_086 | 1.0605521791953993 × 10^284 |
| 87 | ov_087 | 6.742874914676294 × 10^283 |
| 88 | ov_088 | 4.0890144204763864 × 10^283 |
| 89 | ov_089 | 2.341095294524017 × 10^283 |
| 90 | ov_090 | 1.229647307150883 × 10^283 |
| 91 | ov_091 | 6.282563771570517 × 10^282 |
| 92 | ov_092 | 3.338190663137979 × 10^282 |
| 93 | ov_093 | 1.7632369754277887 × 10^282 |
| 94 | ov_094 | 7.903346265904569 × 10^281 |
| 95 | aaa_78_28 | 2.5418718181195634 × 10^281 |
| 96 | aaa_78_29 | 9.630585595172489 × 10^280 |
| 97 | ov_097 | 1.0485177575681463 × 10^281 |
| 98 | ov_098 | 1.0484862890603727 × 10^281 |
| 99 | ov_099 | 1.0484762515625899 × 10^281 |
| 100 | ov_100 | 9.435099136783067 × 10^280 |
| 101 | ov_101 | 8.462956191287972 × 10^280 |
| 102 | ov_102 | 7.564070613064714 × 10^280 |
| 103 | ov_103 | 6.73448820622237 × 10^280 |
| 104 | ov_104 | 5.970523545354276 × 10^280 |
| 105 | ov_105 | 5.268724111855658 × 10^280 |
| 106 | ov_106 | 4.62583797731649 × 10^280 |
| 107 | ov_107 | 4.0387843550790718 × 10^280 |
| 108 | ov_108 | 3.504627269001726 × 10^280 |
| 109 | ov_109 | 3.0205525952046116 × 10^280 |
| 110 | ov_110 | 2.5838479177690473 × 10^280 |
| 111 | ov_111 | 2.19188430693954 × 10^280 |
| 112 | ov_112 | 1.8420998523740134 × 10^280 |
| 113 | ov_113 | 1.5319854597853618 × 10^280 |
| 114 | ov_114 | 1.2590727939020767 × 10^280 |
| 115 | ov_115 | 1.0209239152559527 × 10^280 |
| 116 | ov_116 | 8.15122692827566 × 10^279 |
| 117 | ov_117 | 6.392680751064113 × 10^279 |
| 118 | ov_118 | 4.9096903558445667 × 10^279 |
| 119 | ov_119 | 3.678408569909086 × 10^279 |
| 120 | ov_120 | 2.675024186576741 × 10^279 |
| 121 | ov_121 | 1.8757445519483315 × 10^279 |
| 122 | ov_122 | 1.2567867167563591 × 10^279 |
| 123 | ov_123 | 7.94373285811237 × 10^278 |
| 124 | ov_124 | 4.6473000093973165 × 10^278 |
| 125 | ov_125 | 2.4408415397908256 × 10^278 |
| 126 | ov_126 | 1.0866367311472767 × 10^278 |
| 127 | aaa_77_28 | 3.4696690049490867 × 10^277 |
| 128 | aaa_77_29 | 1.3001007995495605 × 10^277 |
| 129 | ov_129 | 1.2009722534577872 × 10^277 |
| 130 | ov_130 | 1.2009690888928756 × 10^277 |
| 131 | ov_131 | 1.200968070421714 × 10^277 |
| 132 | ov_132 | 1.0421069263450992 × 10^277 |
| 133 | ov_133 | 8.989708538077883 × 10^276 |
| 134 | ov_134 | 7.707955316997523 × 10^276 |
| 135 | ov_135 | 6.568604096506028 × 10^276 |
| 136 | ov_136 | 5.564854318118273 × 10^276 |
| 137 | ov_137 | 4.68420690797348 × 10^276 |
| 138 | ov_138 | 3.914841095029267 × 10^276 |
| 139 | ov_139 | 3.245572957920952 × 10^276 |
| 140 | ov_140 | 2.6658199919252205 × 10^276 |
| 141 | ov_141 | 2.165571210362314 × 10^276 |
| 142 | ov_142 | 1.7399605907760626 × 10^276 |
| 143 | ov_143 | 1.3800497558746096 × 10^276 |
| 144 | ov_144 | 1.077409647041885 × 10^276 |
| 145 | ov_145 | 8.241071514933263 × 10^275 |
| 146 | ov_146 | 6.1629822097626776 × 10^275 |
| 147 | ov_147 | 4.503792297543636 × 10^275 |
| 148 | ov_148 | 3.198511773630952 × 10^275 |
| 149 | ov_149 | 2.186819876217849 × 10^275 |
| 150 | ov_150 | 1.4397189794417997 × 10^275 |
| 151 | ov_151 | 9.061453641470788 × 10^274 |
| 152 | ov_152 | 5.3964111378048415 × 10^274 |
| 153 | ov_153 | 2.983469329420933 × 10^274 |
| 154 | ov_154 | 1.4499842964547385 × 10^274 |
| 155 | ov_155 | 6.211182443938057 × 10^273 |
| 156 | aaa_76_25 | 2.160809819081517 × 10^273 |
| 157 | aaa_76_26 | 1.330816616801283 × 10^273 |
| 158 | aaa_76_27 | 7.303985076265826 × 10^272 |
| 159 | aaa_76_28 | 3.446121133802422 × 10^272 |
| 160 | aaa_76_29 | 1.2992002016728482 × 10^272 |

### Output Bits Sorted by Complexity

| Rank | Output Bit | Complexity |
|:----:|:----------:|:----------:|
| 160 | aaa_76_29 | 1.2992002016728482 × 10^272 |
| 159 | aaa_76_28 | 3.446121133802422 × 10^272 |
| 158 | aaa_76_27 | 7.303985076265826 × 10^272 |
| 157 | aaa_76_26 | 1.330816616801283 × 10^273 |
| 156 | aaa_76_25 | 2.160809819081517 × 10^273 |
| 155 | ov_155 | 6.211182443938057 × 10^273 |
| 154 | ov_154 | 1.4499842964547385 × 10^274 |
| 153 | ov_153 | 2.983469329420933 × 10^274 |
| 152 | ov_152 | 5.3964111378048415 × 10^274 |
| 151 | ov_151 | 9.061453641470788 × 10^274 |
| 150 | ov_150 | 1.4397189794417997 × 10^275 |
| 149 | ov_149 | 2.186819876217849 × 10^275 |
| 148 | ov_148 | 3.198511773630952 × 10^275 |
| 147 | ov_147 | 4.503792297543636 × 10^275 |
| 146 | ov_146 | 6.1629822097626776 × 10^275 |
| 145 | ov_145 | 8.241071514933263 × 10^275 |
| 144 | ov_144 | 1.077409647041885 × 10^276 |
| 143 | ov_143 | 1.3800497558746096 × 10^276 |
| 142 | ov_142 | 1.7399605907760626 × 10^276 |
| 141 | ov_141 | 2.165571210362314 × 10^276 |
| 140 | ov_140 | 2.6658199919252205 × 10^276 |
| 139 | ov_139 | 3.245572957920952 × 10^276 |
| 138 | ov_138 | 3.914841095029267 × 10^276 |
| 137 | ov_137 | 4.68420690797348 × 10^276 |
| 136 | ov_136 | 5.564854318118273 × 10^276 |
| 135 | ov_135 | 6.568604096506028 × 10^276 |
| 134 | ov_134 | 7.707955316997523 × 10^276 |
| 133 | ov_133 | 8.989708538077883 × 10^276 |
| 132 | ov_132 | 1.0421069263450992 × 10^277 |
| 131 | ov_131 | 1.200968070421714 × 10^277 |
| 130 | ov_130 | 1.2009690888928756 × 10^277 |
| 129 | ov_129 | 1.2009722534577872 × 10^277 |
| 128 | aaa_77_29 | 1.3001007995495605 × 10^277 |
| 127 | aaa_77_28 | 3.4696690049490867 × 10^277 |
| 126 | ov_126 | 1.0866367311472767 × 10^278 |
| 125 | ov_125 | 2.4408415397908256 × 10^278 |
| 124 | ov_124 | 4.6473000093973165 × 10^278 |
| 123 | ov_123 | 7.94373285811237 × 10^278 |
| 122 | ov_122 | 1.2567867167563591 × 10^279 |
| 121 | ov_121 | 1.8757445519483315 × 10^279 |
| 120 | ov_120 | 2.675024186576741 × 10^279 |
| 119 | ov_119 | 3.678408569909086 × 10^279 |
| 118 | ov_118 | 4.9096903558445667 × 10^279 |
| 117 | ov_117 | 6.392680751064113 × 10^279 |
| 116 | ov_116 | 8.15122692827566 × 10^279 |
| 115 | ov_115 | 1.0209239152559527 × 10^280 |
| 114 | ov_114 | 1.2590727939020767 × 10^280 |
| 113 | ov_113 | 1.5319854597853618 × 10^280 |
| 112 | ov_112 | 1.8420998523740134 × 10^280 |
| 111 | ov_111 | 2.19188430693954 × 10^280 |
| 110 | ov_110 | 2.5838479177690473 × 10^280 |
| 109 | ov_109 | 3.0205525952046116 × 10^280 |
| 108 | ov_108 | 3.504627269001726 × 10^280 |
| 107 | ov_107 | 4.0387843550790718 × 10^280 |
| 106 | ov_106 | 4.62583797731649 × 10^280 |
| 105 | ov_105 | 5.268724111855658 × 10^280 |
| 104 | ov_104 | 5.970523545354276 × 10^280 |
| 103 | ov_103 | 6.73448820622237 × 10^280 |
| 102 | ov_102 | 7.564070613064714 × 10^280 |
| 101 | ov_101 | 8.462956191287972 × 10^280 |
| 100 | ov_100 | 9.435099136783067 × 10^280 |
| 96 | aaa_78_29 | 9.630585595172489 × 10^280 |
| 99 | ov_099 | 1.0484762515625899 × 10^281 |
| 98 | ov_098 | 1.0484862890603727 × 10^281 |
| 97 | ov_097 | 1.0485177575681463 × 10^281 |
| 95 | aaa_78_28 | 2.5418718181195634 × 10^281 |
| 94 | ov_094 | 7.903346265904569 × 10^281 |
| 93 | ov_093 | 1.7632369754277887 × 10^282 |
| 92 | ov_092 | 3.338190663137979 × 10^282 |
| 91 | ov_091 | 6.282563771570517 × 10^282 |
| 90 | ov_090 | 1.229647307150883 × 10^283 |
| 89 | ov_089 | 2.341095294524017 × 10^283 |
| 88 | ov_088 | 4.0890144204763864 × 10^283 |
| 87 | ov_087 | 6.742874914676294 × 10^283 |
| 86 | ov_086 | 1.0605521791953993 × 10^284 |
| 85 | ov_085 | 1.6013399759319477 × 10^284 |
| 84 | ov_084 | 2.316021900490054 × 10^284 |
| 83 | ov_083 | 3.245070425406439 × 10^284 |
| 82 | ov_082 | 4.432451107336558 × 10^284 |
| 81 | ov_081 | 5.925695181354734 × 10^284 |
| 80 | ov_080 | 7.775989438689917 × 10^284 |
| 64 | lv_79_m31 | 8.042787112379959 × 10^284 |
| 79 | ov_079 | 1.0038285292715935 × 10^285 |
| 78 | ov_078 | 1.2771428940344577 × 10^285 |
| 77 | ov_077 | 1.60383145302355 × 10^285 |
| 76 | ov_076 | 1.9906062256149905 × 10^285 |
| 75 | ov_075 | 2.4446223304148313 × 10^285 |
| 74 | ov_074 | 2.9735013597390834 × 10^285 |
| 63 | ov_063 | 3.3229684031464873 × 10^285 |
| 73 | ov_073 | 3.5853578303586456 × 10^285 |
| 72 | ov_072 | 4.2888289099083364 × 10^285 |
| 71 | ov_071 | 5.093107622149967 × 10^285 |
| 70 | ov_070 | 6.003239888706475 × 10^285 |
| 69 | ov_069 | 7.024599101397313 × 10^285 |
| 68 | ov_068 | 8.162909638877358 × 10^285 |
| 67 | ov_067 | 9.424272618623254 × 10^285 |
| 66 | ov_066 | 9.424280258269853 × 10^285 |
| 65 | ov_065 | 9.424303833387149 × 10^285 |
| 62 | ov_062 | 1.3720661239400924 × 10^286 |
| 61 | ov_061 | 4.144883197716673 × 10^286 |
| 60 | ov_060 | 1.0051829878471436 × 10^287 |
| 59 | ov_059 | 2.0860092429187126 × 10^287 |
| 58 | ov_058 | 3.846299735312708 × 10^287 |
| 57 | ov_057 | 6.475388635376746 × 10^287 |
| 56 | ov_056 | 1.1031413238292683 × 10^288 |
| 55 | ov_055 | 1.9819998448947948 × 10^288 |
| 54 | ov_054 | 3.5525492820119204 × 10^288 |
| 53 | ov_053 | 6.121103217258356 × 10^288 |
| 52 | ov_052 | 1.0031865090859273 × 10^289 |
| 51 | ov_051 | 1.5666948754966292 × 10^289 |
| 50 | ov_050 | 2.3446418048843926 × 10^289 |
| 49 | ov_049 | 3.3828358620616514 × 10^289 |
| 48 | ov_048 | 4.707043656755456 × 10^289 |
| 47 | ov_047 | 6.344953356806318 × 10^289 |
| 32 | lv_80_m31 | 7.564578458501724 × 10^289 |
| 46 | ov_046 | 8.32619047629463 × 10^289 |
| 45 | ov_045 | 1.068233970200578 × 10^290 |
| 44 | ov_044 | 1.3446973886833676 × 10^290 |
| 43 | ov_043 | 1.66556916529479 × 10^290 |
| 42 | ov_042 | 2.0381763986252593 × 10^290 |
| 41 | ov_041 | 2.4702669599351982 × 10^290 |
| 40 | ov_040 | 2.9700229738544676 × 10^290 |
| 31 | ov_031 | 3.130955208342223 × 10^290 |
| 39 | ov_039 | 3.5460773829895417 × 10^290 |
| 38 | ov_038 | 4.207534051914512 × 10^290 |
| 37 | ov_037 | 4.963991897840967 × 10^290 |
| 36 | ov_036 | 5.8255735684097 × 10^290 |
| 35 | ov_035 | 6.80295922173115 × 10^290 |
| 34 | ov_034 | 7.901941984273386 × 10^290 |
| 33 | ov_033 | 9.128648654021607 × 10^290 |
| 30 | ov_030 | 1.29549962913807 × 10^291 |
| 29 | ov_029 | 3.9218963198369085 × 10^291 |
| 28 | ov_028 | 9.5315295891332 × 10^291 |
| 27 | ov_027 | 2.280212042865974 × 10^292 |
| 26 | ov_026 | 5.490627003301861 × 10^292 |
| 25 | ov_025 | 1.2065091426590491 × 10^293 |
| 24 | ov_024 | 2.3847739096225277 × 10^293 |
| 23 | ov_023 | 4.3046161593355246 × 10^293 |
| 22 | ov_022 | 7.2231446191289714 × 10^293 |
| 21 | ov_021 | 1.1433824638868215 × 10^294 |
| 20 | ov_020 | 1.726648993590488 × 10^294 |
| 19 | ov_019 | 2.5087361402736548 × 10^294 |
| 18 | ov_018 | 3.529907921498433 × 10^294 |
| 17 | ov_017 | 4.834076120488752 × 10^294 |
| 16 | ov_016 | 6.468810659176576 × 10^294 |
| 15 | ov_015 | 8.485356805988165 × 10^294 |
| 14 | ov_014 | 1.0938661820506747 × 10^295 |
| 13 | ov_013 | 1.3887413940380422 × 10^295 |
| 12 | ov_012 | 1.7394096919339914 × 10^295 |
| 11 | ov_011 | 2.1492864740495746 × 10^295 |
| 10 | ov_010 | 2.6254033949582003 × 10^295 |
| 9 | ov_009 | 3.1752004065556257 × 10^295 |
| 8 | ov_008 | 3.806540296195238 × 10^295 |
| 7 | ov_007 | 4.523687010065723 × 10^295 |
| 6 | ov_006 | 5.335404389394129 × 10^295 |
| 5 | ov_005 | 6.246441186492851 × 10^295 |
| 4 | ov_004 | 7.261809993038584 × 10^295 |
| 3 | ov_003 | 8.386804605880621 × 10^295 |
| 2 | ov_002 | 9.627020104019943 × 10^295 |
| 1 | ov_001 | 1.0988375982280172 × 10^296 |

