# Results for F001-F002-F003-F004-F005-F006-F007-F008-F009-F010-F011-F012-F013-F014-F015-F016-F017-F018-F019-F020-F021-F022-F023-F024-F025-F026-F027-F028-F029-F030-F031-F032-F033-F034-F035-F036-F037-F038-F039-F040-F041-F042-F043-F044-F045-F046-F047-F048-F049-F050-F051-F052-F053-F054-F055-F056-F057-F058-F059-F060-F061-F062-F063-F064-F065-F066-F067-F068-F069-F070-F071-F072-F073-F074-F075-F076-F077-F078-F079-F080-F081-F082-F083-F084-F085-F086-F087-F088-F089-F090-F091-F092-F093-F094-F095-F096-F097-F098-F099-F100-F101-F102-F103-F104-F105-F106-F107-F108-F109-F110-F111-F112-F113-F114-F115-F116-F117-F118-F119-F120-F121-F122-F123-F124-F125-F126-F127-F128-F129-F130-F131-F132-F133-F134-F135-F136-F137-F138-F139-F140-F141-F142-F143-F144-F145-F146-F147-F148-F149-F150-F151-F152-F153-F154-F155-F156-F157-F158-F159-F160-F161-F162-F163-F164-F165-F166-F167-F168-F169-F170-F171-F172-F173-F174-F175-F176-F177-F178-F179-F180-F181-F182-F183-F184-F185-F186-F187-F188-F189-F190-F191-F192-F193-F194-F195-F196-F197-F198-F199-F200-F201-F202-F203-F204-F205-F206-F207-F208-F209-F210-F211-F212-F213-F214-F215-F216-F217-F218-F219-F220-F221-F222-F223-F224-F225-F226-F227-F228-F229-F230-F231-F232-F233-F234-F235-F236-F237-F238-F239-F240-F241-F242-F243-F244-F245-F246-F247-F248-F249-F250-F251-F252-F253-F254-F255-F256-F257-F258-F259-F260-F261-F262-F263-F264-F265-F266-F267-F268-F269-F270-F271-F272-F273-F274-F275-F276-F277-F278-F279-F280-F281-F282-F283-F284-F285-F286-F287-F288-F289-F290-F291-F292-F293-F294-F295-F296-F297-F298-F299-F300-F301-F302-F303-F304-F305-F306-F307-F308-F309-F310-F311-F312-F313-F314-F315-F316-F317-F318-F319-F320-F321-F322-F323-F324-F325-F326-F327-F328-F329-F330-F331-F332-F333-F334-F335-F336-F337-F338-F339-F340-F341-F342-F343-F344-F345-F346-F347-F348-F349-F350-F351-F352-F353-F354-F355-F356-F357-F358-F359-F360-F361-F362-F363-F364-F365-F366-F367-F368-F369-F370-F371-F372-F373-F374-F375-F376-F377-F378-F379-F380-F381-F382-F383-F384-F385-F386-F387-F388-F389-F390-F391-F392-F393-F394-F395-F396-F397-F398-F399-F400-F401-F402-F403-F404-F405-F406-F407-F408-F409-F410-F411-F412-F413-F414-F415-F416-F417-F418-F419-F420-F421-F422-F423-F424-F425-F426-F427-F428-F429-F430-F431-F432-F433-F434-F435-F436-F437-F438-F439-F440-F441-F442-F443-F444-F445-F446-F447-F448-F449-F450-F451-F452-F453-F454-F455-F456-F457-F458-F459-F460-F461-F462-F463-F464-F465-F466-F467-F468-F469-F470-F471-F472-F473-F474-F475-F476-F477-F478-F479-F480-F481-F482-F483-F484-F485-F486-F487-F488-F489-F490-F491-F492-F493-F494-F495-F496-F497-F498-F499-F500-F501-F502-F503-F504-F505-T510-F512

## Summary

Number of input bits: 512  
Number of free input bits: 5  
Number of output bits: 160

Number of direct occurrences: 20961  
Number of assignments: 30234  
Number of operations: 11435603
(xor: 11403847,
and: 19110,
or: 12646)

Total complexity: 1.5789729676993807 × 10^302

Least occurring input variable: iv_506 (4033)  
Most occurring input variable: iv_508 (4319)

Most co-occurring input variables: iv_508-iv_509 (2059)  
Least co-occurring input variables: iv_506-iv_509 (1881)

Potentially most occurring input variable: iv_507/iv_508 (4572)  
Potentially least occurring input variable: iv_506/iv_507 (4304)

Least output occurring input variable: iv_511 (71)  
Most output occurring input variable: iv_508 (80)

Most output co-occurring input variables: iv_507-iv_508 (40)  
Least output co-occurring input variables: iv_506-iv_509 (33)

Potentially most output occurring input variable: iv_508/iv_509 (83)  
Potentially least output occurring input variable: iv_506/iv_507 (74)

Least complex input bit: iv_511 (5.612471903831322 × 10^297)  
Most complex input bit: iv_509 (6.259691944059255 × 10^301)

Least complex output bit: aaa_76_29 (4.243496356142889 × 10^276)  
Most complex output bit: ov_001 (2.4767939006589075 × 10^301)

Least complex input/output complexity: iv_511/aaa_76_29 (1.5083541365223016 × 10^272)  
Most complex input/output complexity: iv_509/ov_001 (9.819019795911687 × 10^300)

Input variable with highest collision probability: iv_511 (½^160.00000000000034)

## Input Bits

### Input Bits in Regular Order

| Input Bit | Complexity | Occurrences | Output Occurrences | Collision Probability |
|:---------:|:----------:|:-----------:|:------------------:|:---------------------:|
| iv_506 | 1.639302476015454 × 10^301 | 4033 | 75 | ½^160.00000000000088 |
| iv_507 | 3.08875737765365 × 10^301 | 4159 | 77 | ½^160.00000000000085 |
| iv_508 | 4.801416632075075 × 10^301 | 4319 | 80 | ½^160.00000000000082 |
| iv_509 | 6.259691944059255 × 10^301 | 4283 | 73 | ½^160.00000000000085 |
| iv_511 | 5.612471903831322 × 10^297 | 4167 | 71 | ½^160.00000000000034 |

### Input Bits Sorted by Complexity

| Input Bit | Complexity | Occurrences | Output Occurrences | Collision Probability |
|:---------:|:----------:|:-----------:|:------------------:|:---------------------:|
| iv_511 | 5.612471903831322 × 10^297 | 4167 | 71 | ½^160.00000000000034 |
| iv_506 | 1.639302476015454 × 10^301 | 4033 | 75 | ½^160.00000000000088 |
| iv_507 | 3.08875737765365 × 10^301 | 4159 | 77 | ½^160.00000000000085 |
| iv_508 | 4.801416632075075 × 10^301 | 4319 | 80 | ½^160.00000000000082 |
| iv_509 | 6.259691944059255 × 10^301 | 4283 | 73 | ½^160.00000000000085 |

### Input Bits Sorted by Occurrences

| Input Bit | Complexity | Occurrences | Output Occurrences | Collision Probability |
|:---------:|:----------:|:-----------:|:------------------:|:---------------------:|
| iv_506 | 1.639302476015454 × 10^301 | 4033 | 75 | ½^160.00000000000088 |
| iv_507 | 3.08875737765365 × 10^301 | 4159 | 77 | ½^160.00000000000085 |
| iv_511 | 5.612471903831322 × 10^297 | 4167 | 71 | ½^160.00000000000034 |
| iv_509 | 6.259691944059255 × 10^301 | 4283 | 73 | ½^160.00000000000085 |
| iv_508 | 4.801416632075075 × 10^301 | 4319 | 80 | ½^160.00000000000082 |

### Input Bits Sorted by Output Occurrences

| Input Bit | Complexity | Occurrences | Output Occurrences | Collision Probability |
|:---------:|:----------:|:-----------:|:------------------:|:---------------------:|
| iv_511 | 5.612471903831322 × 10^297 | 4167 | 71 | ½^160.00000000000034 |
| iv_509 | 6.259691944059255 × 10^301 | 4283 | 73 | ½^160.00000000000085 |
| iv_506 | 1.639302476015454 × 10^301 | 4033 | 75 | ½^160.00000000000088 |
| iv_507 | 3.08875737765365 × 10^301 | 4159 | 77 | ½^160.00000000000085 |
| iv_508 | 4.801416632075075 × 10^301 | 4319 | 80 | ½^160.00000000000082 |

### Input Bits Sorted by Collision Probability

| Input Bit | Complexity | Occurrences | Output Occurrences | Collision Probability |
|:---------:|:----------:|:-----------:|:------------------:|:---------------------:|
| iv_511 | 5.612471903831322 × 10^297 | 4167 | 71 | ½^160.00000000000034 |
| iv_508 | 4.801416632075075 × 10^301 | 4319 | 80 | ½^160.00000000000082 |
| iv_509 | 6.259691944059255 × 10^301 | 4283 | 73 | ½^160.00000000000085 |
| iv_507 | 3.08875737765365 × 10^301 | 4159 | 77 | ½^160.00000000000085 |
| iv_506 | 1.639302476015454 × 10^301 | 4033 | 75 | ½^160.00000000000088 |

## Input Bit/Output Bit Collision Probabilities

| Input Bit | Output Bit | Collision Probability |
|:---------:|:----------:|:---------------------:|
| iv_511 | ov_027 | 0.5000000000000022 |
| iv_511 | ov_012 | 0.5000000000000021 |
| iv_511 | ov_110 | 0.500000000000002 |
| iv_511 | ov_123 | 0.5000000000000019 |
| iv_506 | ov_091 | 0.5000000000000018 |

## Input Bit Co-occurrences

### Input Bit Co-occurrences Sorted by Co-occurrences

| Input Bits | Co-occurrences | Potential Occurrences | Output Co-occurrences | Potential Output Occurrences |
|:----------:|:--------------:|:---------------------:|:---------------------:|:----------------------------:|
| iv_508-iv_509 | 2059 | 4484 | 35 | 83 |
| iv_507-iv_509 | 2024 | 4394 | 37 | 76 |
| iv_508-iv_511 | 2004 | 4478 | 36 | 79 |
| iv_509-iv_511 | 2001 | 4448 | 34 | 76 |
| iv_507-iv_511 | 1982 | 4362 | 36 | 76 |

### Input Bit Co-occurrences Sorted by Potential Occurrences

| Input Bits | Co-occurrences | Potential Occurrences | Output Co-occurrences | Potential Output Occurrences |
|:----------:|:--------------:|:---------------------:|:---------------------:|:----------------------------:|
| iv_506-iv_507 | 1944 | 4304 | 39 | 74 |
| iv_507-iv_511 | 1982 | 4362 | 36 | 76 |
| iv_507-iv_509 | 2024 | 4394 | 37 | 76 |
| iv_506-iv_511 | 1882 | 4436 | 35 | 76 |
| iv_509-iv_511 | 2001 | 4448 | 34 | 76 |

### Input Bit Output Co-occurrences Sorted by Output Co-occurrences

| Input Bits | Co-occurrences | Potential Occurrences | Output Co-occurrences | Potential Output Occurrences |
|:----------:|:--------------:|:---------------------:|:---------------------:|:----------------------------:|
| iv_507-iv_508 | 1953 | 4572 | 40 | 77 |
| iv_506-iv_507 | 1944 | 4304 | 39 | 74 |
| iv_506-iv_508 | 1935 | 4482 | 37 | 81 |
| iv_507-iv_509 | 2024 | 4394 | 37 | 76 |
| iv_507-iv_511 | 1982 | 4362 | 36 | 76 |

### Input Bit Output Co-occurrences Sorted by Potential Output Occurrences

| Input Bits | Co-occurrences | Potential Occurrences | Output Co-occurrences | Potential Output Occurrences |
|:----------:|:--------------:|:---------------------:|:---------------------:|:----------------------------:|
| iv_506-iv_507 | 1944 | 4304 | 39 | 74 |
| iv_507-iv_511 | 1982 | 4362 | 36 | 76 |
| iv_506-iv_511 | 1882 | 4436 | 35 | 76 |
| iv_507-iv_509 | 2024 | 4394 | 37 | 76 |
| iv_509-iv_511 | 2001 | 4448 | 34 | 76 |

## Output Bits

### Output Bits in Regular Order

| Rank | Output Bit | Complexity |
|:----:|:----------:|:----------:|
| 1 | ov_001 | 2.4767939006589075 × 10^301 |
| 2 | ov_002 | 2.1648865600887933 × 10^301 |
| 3 | ov_003 | 1.8808463615747346 × 10^301 |
| 4 | ov_004 | 1.6233423068090522 × 10^301 |
| 5 | ov_005 | 1.391115732256562 × 10^301 |
| 6 | ov_006 | 1.1829751507857581 × 10^301 |
| 7 | ov_007 | 9.977917778769049 × 10^300 |
| 8 | ov_008 | 8.344956600350719 × 10^300 |
| 9 | ov_009 | 6.920723386375004 × 10^300 |
| 10 | ov_010 | 5.6864834680674096 × 10^300 |
| 11 | ov_011 | 4.624485352619456 × 10^300 |
| 12 | ov_012 | 3.7179230049552784 × 10^300 |
| 13 | ov_013 | 2.9509047272242442 × 10^300 |
| 14 | ov_014 | 2.3084279762068505 × 10^300 |
| 15 | ov_015 | 1.7763595007667487 × 10^300 |
| 16 | ov_016 | 1.3414202230206787 × 10^300 |
| 17 | ov_017 | 9.91174274088747 × 10^299 |
| 18 | ov_018 | 7.140214792679178 × 10^299 |
| 19 | ov_019 | 4.9919248666443184 × 10^299 |
| 20 | ov_020 | 3.3674575590214894 × 10^299 |
| 21 | ov_021 | 2.1756573887607192 × 10^299 |
| 22 | ov_022 | 1.3336176202885129 × 10^299 |
| 23 | ov_023 | 7.666730525149348 × 10^298 |
| 24 | ov_024 | 4.083951730454571 × 10^298 |
| 25 | ov_025 | 2.0058898392686127 × 10^298 |
| 26 | ov_026 | 9.329109409352314 × 10^297 |
| 27 | ov_027 | 4.476869365338788 × 10^297 |
| 28 | ov_028 | 2.1519077023113665 × 10^297 |
| 29 | ov_029 | 8.848382879839375 × 10^296 |
| 30 | ov_030 | 2.9203046426258833 × 10^296 |
| 31 | ov_031 | 7.048551367822198 × 10^295 |
| 32 | lv_80_k31 | 1.700009547484027 × 10^295 |
| 33 | ov_033 | 2.0363420030419786 × 10^296 |
| 34 | ov_034 | 1.7577209789250442 × 10^296 |
| 35 | ov_035 | 1.5086458161176058 × 10^296 |
| 36 | ov_036 | 1.2874634016308978 × 10^296 |
| 37 | ov_037 | 1.0926111291520702 × 10^296 |
| 38 | ov_038 | 9.226101743833646 × 10^295 |
| 39 | ov_039 | 7.747317959671002 × 10^295 |
| 40 | ov_040 | 6.463889430282599 × 10^295 |
| 41 | ov_041 | 5.351284013525954 × 10^295 |
| 42 | ov_042 | 4.386241812060229 × 10^295 |
| 43 | ov_043 | 3.557443402330308 × 10^295 |
| 44 | ov_044 | 2.8440174665664607 × 10^295 |
| 45 | ov_045 | 2.235816079960819 × 10^295 |
| 46 | ov_046 | 1.72325005340674 × 10^295 |
| 47 | ov_047 | 1.297275509671558 × 10^295 |
| 48 | ov_048 | 9.493833523568658 × 10^294 |
| 49 | ov_049 | 6.715912413093511 × 10^294 |
| 50 | ov_050 | 4.564377174957764 × 10^294 |
| 51 | ov_051 | 2.969781031484649 × 10^294 |
| 52 | ov_052 | 1.8678178571354043 × 10^294 |
| 53 | ov_053 | 1.1452371411209299 × 10^294 |
| 54 | ov_054 | 6.99011392360457 × 10^293 |
| 55 | ov_055 | 4.363279412880972 × 10^293 |
| 56 | ov_056 | 2.745841427207907 × 10^293 |
| 57 | ov_057 | 1.7503071935231665 × 10^293 |
| 58 | ov_058 | 1.0402133552563318 × 10^293 |
| 59 | ov_059 | 5.645401214058187 × 10^292 |
| 60 | ov_060 | 2.722689943915323 × 10^292 |
| 61 | ov_061 | 1.1238188776812356 × 10^292 |
| 62 | ov_062 | 3.72413008717638 × 10^291 |
| 63 | ov_063 | 9.030638932648072 × 10^290 |
| 64 | lv_79_k31 | 2.1886123052850827 × 10^290 |
| 65 | ov_065 | 2.55835960923506 × 10^291 |
| 66 | ov_066 | 2.558353242265033 × 10^291 |
| 67 | ov_067 | 2.5583512115773656 × 10^291 |
| 68 | ov_068 | 2.2203030818737747 × 10^291 |
| 69 | ov_069 | 1.9143107940694972 × 10^291 |
| 70 | ov_070 | 1.6388129920437344 × 10^291 |
| 71 | ov_071 | 1.3923327904674447 × 10^291 |
| 72 | ov_072 | 1.1734715599030982 × 10^291 |
| 73 | ov_073 | 9.809035513481092 × 10^290 |
| 74 | ov_074 | 8.133712819588058 × 10^290 |
| 75 | ov_075 | 6.685494921116834 × 10^290 |
| 76 | ov_076 | 5.4423221844124036 × 10^290 |
| 77 | ov_077 | 4.383277604694475 × 10^290 |
| 78 | ov_078 | 3.488545626606123 × 10^290 |
| 79 | ov_079 | 2.7393789684197436 × 10^290 |
| 80 | ov_080 | 2.1180723688472548 × 10^290 |
| 81 | ov_081 | 1.607942244056537 × 10^290 |
| 82 | ov_082 | 1.1933113105123243 × 10^290 |
| 83 | ov_083 | 8.594972968398536 × 10^289 |
| 84 | ov_084 | 5.994066385919207 × 10^289 |
| 85 | ov_085 | 4.0032559998954653 × 10^289 |
| 86 | ov_086 | 2.5614214864001503 × 10^289 |
| 87 | ov_087 | 1.5609603708073825 × 10^289 |
| 88 | ov_088 | 9.040098614590832 × 10^288 |
| 89 | ov_089 | 5.024355013040755 × 10^288 |
| 90 | ov_090 | 2.7782322761837762 × 10^288 |
| 91 | ov_091 | 1.6147417081569922 × 10^288 |
| 92 | ov_092 | 9.440152892308443 × 10^287 |
| 93 | ov_093 | 4.953963633731889 × 10^287 |
| 94 | ov_094 | 2.203380354713091 × 10^287 |
| 95 | aaa_78_28 | 7.029413282192699 × 10^286 |
| 96 | aaa_78_29 | 2.6316832835012315 × 10^286 |
| 97 | ov_097 | 2.3853389687077965 × 10^286 |
| 98 | ov_098 | 2.3853277616818565 × 10^286 |
| 99 | ov_099 | 2.38532417749073 × 10^286 |
| 100 | ov_100 | 2.0571908433574618 × 10^286 |
| 101 | ov_101 | 1.7642425478509814 × 10^286 |
| 102 | ov_102 | 1.5037692115162 × 10^286 |
| 103 | ov_103 | 1.273209742271064 × 10^286 |
| 104 | ov_104 | 1.0701409755428824 × 10^286 |
| 105 | ov_105 | 8.922680498635323 × 10^285 |
| 106 | ov_106 | 7.37416079474507 × 10^285 |
| 107 | ov_107 | 6.035230079549176 × 10^285 |
| 108 | ov_108 | 4.886335490304312 × 10^285 |
| 109 | ov_109 | 3.9089411250436085 × 10^285 |
| 110 | ov_110 | 3.085486048273389 × 10^285 |
| 111 | ov_111 | 2.3993500028407974 × 10^285 |
| 112 | ov_112 | 1.8348258510978852 × 10^285 |
| 113 | ov_113 | 1.377097830854947 × 10^285 |
| 114 | ov_114 | 1.0122247732659692 × 10^285 |
| 115 | ov_115 | 7.27127490932014 × 10^284 |
| 116 | ov_116 | 5.095796053111445 × 10^284 |
| 117 | ov_117 | 3.482011431132162 × 10^284 |
| 118 | ov_118 | 2.324542918208385 × 10^284 |
| 119 | ov_119 | 1.5264076486780075 × 10^284 |
| 120 | ov_120 | 9.990028735568155 × 10^283 |
| 121 | ov_121 | 6.620977351696727 × 10^283 |
| 122 | ov_122 | 4.4382862199467095 × 10^283 |
| 123 | ov_123 | 2.8069626132310993 × 10^283 |
| 124 | ov_124 | 1.6433915945439198 × 10^283 |
| 125 | ov_125 | 8.639632950188733 × 10^282 |
| 126 | ov_126 | 3.8506992488646927 × 10^282 |
| 127 | aaa_77_28 | 1.2310435882093877 × 10^282 |
| 128 | aaa_77_29 | 4.621363137109915 × 10^281 |
| 129 | ov_129 | 4.2082258101146256 × 10^281 |
| 130 | ov_130 | 4.2082154821514575 × 10^281 |
| 131 | ov_131 | 4.208212161753418 × 10^281 |
| 132 | ov_132 | 3.6541762991652036 × 10^281 |
| 133 | ov_133 | 3.1526396528666496 × 10^281 |
| 134 | ov_134 | 2.7011130352326646 × 10^281 |
| 135 | ov_135 | 2.297248666687116 × 10^281 |
| 136 | ov_136 | 1.9388295539936818 × 10^281 |
| 137 | ov_137 | 1.6237600907106074 × 10^281 |
| 138 | ov_138 | 1.3481812985909034 × 10^281 |
| 139 | ov_139 | 1.1084399656811236 × 10^281 |
| 140 | ov_140 | 9.010772757492077 × 10^280 |
| 141 | ov_141 | 7.228192647050537 × 10^280 |
| 142 | ov_142 | 5.720740802544297 × 10^280 |
| 143 | ov_143 | 4.459152757412142 × 10^280 |
| 144 | ov_144 | 3.4158179961391636 × 10^280 |
| 145 | ov_145 | 2.564739233586521 × 10^280 |
| 146 | ov_146 | 1.8815007923742008 × 10^280 |
| 147 | ov_147 | 1.343244570963868 × 10^280 |
| 148 | ov_148 | 9.286523890403758 × 10^279 |
| 149 | ov_149 | 6.179336233231206 × 10^279 |
| 150 | ov_150 | 3.9281700613308706 × 10^279 |
| 151 | ov_151 | 2.3654550174546777 × 10^279 |
| 152 | ov_152 | 1.3387330180240947 × 10^279 |
| 153 | ov_153 | 7.10641435243637 × 10^278 |
| 154 | ov_154 | 3.5890381533191586 × 10^278 |
| 155 | ov_155 | 1.7632465870972843 × 10^278 |
| 156 | aaa_76_25 | 7.0786571519215245 × 10^277 |
| 157 | aaa_76_26 | 4.357277269840729 × 10^277 |
| 158 | aaa_76_27 | 2.389664347746013 × 10^277 |
| 159 | aaa_76_28 | 1.1265206366472443 × 10^277 |
| 160 | aaa_76_29 | 4.243496356142889 × 10^276 |

### Output Bits Sorted by Complexity

| Rank | Output Bit | Complexity |
|:----:|:----------:|:----------:|
| 160 | aaa_76_29 | 4.243496356142889 × 10^276 |
| 159 | aaa_76_28 | 1.1265206366472443 × 10^277 |
| 158 | aaa_76_27 | 2.389664347746013 × 10^277 |
| 157 | aaa_76_26 | 4.357277269840729 × 10^277 |
| 156 | aaa_76_25 | 7.0786571519215245 × 10^277 |
| 155 | ov_155 | 1.7632465870972843 × 10^278 |
| 154 | ov_154 | 3.5890381533191586 × 10^278 |
| 153 | ov_153 | 7.10641435243637 × 10^278 |
| 152 | ov_152 | 1.3387330180240947 × 10^279 |
| 151 | ov_151 | 2.3654550174546777 × 10^279 |
| 150 | ov_150 | 3.9281700613308706 × 10^279 |
| 149 | ov_149 | 6.179336233231206 × 10^279 |
| 148 | ov_148 | 9.286523890403758 × 10^279 |
| 147 | ov_147 | 1.343244570963868 × 10^280 |
| 146 | ov_146 | 1.8815007923742008 × 10^280 |
| 145 | ov_145 | 2.564739233586521 × 10^280 |
| 144 | ov_144 | 3.4158179961391636 × 10^280 |
| 143 | ov_143 | 4.459152757412142 × 10^280 |
| 142 | ov_142 | 5.720740802544297 × 10^280 |
| 141 | ov_141 | 7.228192647050537 × 10^280 |
| 140 | ov_140 | 9.010772757492077 × 10^280 |
| 139 | ov_139 | 1.1084399656811236 × 10^281 |
| 138 | ov_138 | 1.3481812985909034 × 10^281 |
| 137 | ov_137 | 1.6237600907106074 × 10^281 |
| 136 | ov_136 | 1.9388295539936818 × 10^281 |
| 135 | ov_135 | 2.297248666687116 × 10^281 |
| 134 | ov_134 | 2.7011130352326646 × 10^281 |
| 133 | ov_133 | 3.1526396528666496 × 10^281 |
| 132 | ov_132 | 3.6541762991652036 × 10^281 |
| 131 | ov_131 | 4.208212161753418 × 10^281 |
| 130 | ov_130 | 4.2082154821514575 × 10^281 |
| 129 | ov_129 | 4.2082258101146256 × 10^281 |
| 128 | aaa_77_29 | 4.621363137109915 × 10^281 |
| 127 | aaa_77_28 | 1.2310435882093877 × 10^282 |
| 126 | ov_126 | 3.8506992488646927 × 10^282 |
| 125 | ov_125 | 8.639632950188733 × 10^282 |
| 124 | ov_124 | 1.6433915945439198 × 10^283 |
| 123 | ov_123 | 2.8069626132310993 × 10^283 |
| 122 | ov_122 | 4.4382862199467095 × 10^283 |
| 121 | ov_121 | 6.620977351696727 × 10^283 |
| 120 | ov_120 | 9.990028735568155 × 10^283 |
| 119 | ov_119 | 1.5264076486780075 × 10^284 |
| 118 | ov_118 | 2.324542918208385 × 10^284 |
| 117 | ov_117 | 3.482011431132162 × 10^284 |
| 116 | ov_116 | 5.095796053111445 × 10^284 |
| 115 | ov_115 | 7.27127490932014 × 10^284 |
| 114 | ov_114 | 1.0122247732659692 × 10^285 |
| 113 | ov_113 | 1.377097830854947 × 10^285 |
| 112 | ov_112 | 1.8348258510978852 × 10^285 |
| 111 | ov_111 | 2.3993500028407974 × 10^285 |
| 110 | ov_110 | 3.085486048273389 × 10^285 |
| 109 | ov_109 | 3.9089411250436085 × 10^285 |
| 108 | ov_108 | 4.886335490304312 × 10^285 |
| 107 | ov_107 | 6.035230079549176 × 10^285 |
| 106 | ov_106 | 7.37416079474507 × 10^285 |
| 105 | ov_105 | 8.922680498635323 × 10^285 |
| 104 | ov_104 | 1.0701409755428824 × 10^286 |
| 103 | ov_103 | 1.273209742271064 × 10^286 |
| 102 | ov_102 | 1.5037692115162 × 10^286 |
| 101 | ov_101 | 1.7642425478509814 × 10^286 |
| 100 | ov_100 | 2.0571908433574618 × 10^286 |
| 99 | ov_099 | 2.38532417749073 × 10^286 |
| 98 | ov_098 | 2.3853277616818565 × 10^286 |
| 97 | ov_097 | 2.3853389687077965 × 10^286 |
| 96 | aaa_78_29 | 2.6316832835012315 × 10^286 |
| 95 | aaa_78_28 | 7.029413282192699 × 10^286 |
| 94 | ov_094 | 2.203380354713091 × 10^287 |
| 93 | ov_093 | 4.953963633731889 × 10^287 |
| 92 | ov_092 | 9.440152892308443 × 10^287 |
| 91 | ov_091 | 1.6147417081569922 × 10^288 |
| 90 | ov_090 | 2.7782322761837762 × 10^288 |
| 89 | ov_089 | 5.024355013040755 × 10^288 |
| 88 | ov_088 | 9.040098614590832 × 10^288 |
| 87 | ov_087 | 1.5609603708073825 × 10^289 |
| 86 | ov_086 | 2.5614214864001503 × 10^289 |
| 85 | ov_085 | 4.0032559998954653 × 10^289 |
| 84 | ov_084 | 5.994066385919207 × 10^289 |
| 83 | ov_083 | 8.594972968398536 × 10^289 |
| 82 | ov_082 | 1.1933113105123243 × 10^290 |
| 81 | ov_081 | 1.607942244056537 × 10^290 |
| 80 | ov_080 | 2.1180723688472548 × 10^290 |
| 64 | lv_79_k31 | 2.1886123052850827 × 10^290 |
| 79 | ov_079 | 2.7393789684197436 × 10^290 |
| 78 | ov_078 | 3.488545626606123 × 10^290 |
| 77 | ov_077 | 4.383277604694475 × 10^290 |
| 76 | ov_076 | 5.4423221844124036 × 10^290 |
| 75 | ov_075 | 6.685494921116834 × 10^290 |
| 74 | ov_074 | 8.133712819588058 × 10^290 |
| 63 | ov_063 | 9.030638932648072 × 10^290 |
| 73 | ov_073 | 9.809035513481092 × 10^290 |
| 72 | ov_072 | 1.1734715599030982 × 10^291 |
| 71 | ov_071 | 1.3923327904674447 × 10^291 |
| 70 | ov_070 | 1.6388129920437344 × 10^291 |
| 69 | ov_069 | 1.9143107940694972 × 10^291 |
| 68 | ov_068 | 2.2203030818737747 × 10^291 |
| 67 | ov_067 | 2.5583512115773656 × 10^291 |
| 66 | ov_066 | 2.558353242265033 × 10^291 |
| 65 | ov_065 | 2.55835960923506 × 10^291 |
| 62 | ov_062 | 3.72413008717638 × 10^291 |
| 61 | ov_061 | 1.1238188776812356 × 10^292 |
| 60 | ov_060 | 2.722689943915323 × 10^292 |
| 59 | ov_059 | 5.645401214058187 × 10^292 |
| 58 | ov_058 | 1.0402133552563318 × 10^293 |
| 57 | ov_057 | 1.7503071935231665 × 10^293 |
| 56 | ov_056 | 2.745841427207907 × 10^293 |
| 55 | ov_055 | 4.363279412880972 × 10^293 |
| 54 | ov_054 | 6.99011392360457 × 10^293 |
| 53 | ov_053 | 1.1452371411209299 × 10^294 |
| 52 | ov_052 | 1.8678178571354043 × 10^294 |
| 51 | ov_051 | 2.969781031484649 × 10^294 |
| 50 | ov_050 | 4.564377174957764 × 10^294 |
| 49 | ov_049 | 6.715912413093511 × 10^294 |
| 48 | ov_048 | 9.493833523568658 × 10^294 |
| 47 | ov_047 | 1.297275509671558 × 10^295 |
| 32 | lv_80_k31 | 1.700009547484027 × 10^295 |
| 46 | ov_046 | 1.72325005340674 × 10^295 |
| 45 | ov_045 | 2.235816079960819 × 10^295 |
| 44 | ov_044 | 2.8440174665664607 × 10^295 |
| 43 | ov_043 | 3.557443402330308 × 10^295 |
| 42 | ov_042 | 4.386241812060229 × 10^295 |
| 41 | ov_041 | 5.351284013525954 × 10^295 |
| 40 | ov_040 | 6.463889430282599 × 10^295 |
| 31 | ov_031 | 7.048551367822198 × 10^295 |
| 39 | ov_039 | 7.747317959671002 × 10^295 |
| 38 | ov_038 | 9.226101743833646 × 10^295 |
| 37 | ov_037 | 1.0926111291520702 × 10^296 |
| 36 | ov_036 | 1.2874634016308978 × 10^296 |
| 35 | ov_035 | 1.5086458161176058 × 10^296 |
| 34 | ov_034 | 1.7577209789250442 × 10^296 |
| 33 | ov_033 | 2.0363420030419786 × 10^296 |
| 30 | ov_030 | 2.9203046426258833 × 10^296 |
| 29 | ov_029 | 8.848382879839375 × 10^296 |
| 28 | ov_028 | 2.1519077023113665 × 10^297 |
| 27 | ov_027 | 4.476869365338788 × 10^297 |
| 26 | ov_026 | 9.329109409352314 × 10^297 |
| 25 | ov_025 | 2.0058898392686127 × 10^298 |
| 24 | ov_024 | 4.083951730454571 × 10^298 |
| 23 | ov_023 | 7.666730525149348 × 10^298 |
| 22 | ov_022 | 1.3336176202885129 × 10^299 |
| 21 | ov_021 | 2.1756573887607192 × 10^299 |
| 20 | ov_020 | 3.3674575590214894 × 10^299 |
| 19 | ov_019 | 4.9919248666443184 × 10^299 |
| 18 | ov_018 | 7.140214792679178 × 10^299 |
| 17 | ov_017 | 9.91174274088747 × 10^299 |
| 16 | ov_016 | 1.3414202230206787 × 10^300 |
| 15 | ov_015 | 1.7763595007667487 × 10^300 |
| 14 | ov_014 | 2.3084279762068505 × 10^300 |
| 13 | ov_013 | 2.9509047272242442 × 10^300 |
| 12 | ov_012 | 3.7179230049552784 × 10^300 |
| 11 | ov_011 | 4.624485352619456 × 10^300 |
| 10 | ov_010 | 5.6864834680674096 × 10^300 |
| 9 | ov_009 | 6.920723386375004 × 10^300 |
| 8 | ov_008 | 8.344956600350719 × 10^300 |
| 7 | ov_007 | 9.977917778769049 × 10^300 |
| 6 | ov_006 | 1.1829751507857581 × 10^301 |
| 5 | ov_005 | 1.391115732256562 × 10^301 |
| 4 | ov_004 | 1.6233423068090522 × 10^301 |
| 3 | ov_003 | 1.8808463615747346 × 10^301 |
| 2 | ov_002 | 2.1648865600887933 × 10^301 |
| 1 | ov_001 | 2.4767939006589075 × 10^301 |

