# Results for F001-F002-F003-F004-F005-F006-F007-F008-F009-F010-F011-F012-F013-F014-F015-F016-F017-F018-F019-F020-F021-F022-F023-F024-F025-F026-F027-F028-F029-F030-F031-F032-F033-F034-F035-F036-F037-F038-F039-F040-F041-F042-F043-F044-F045-F046-F047-F048-F049-F050-F051-F052-F053-F054-F055-F056-F057-F058-F059-F060-F061-F062-F063-F064-F065-F066-F067-F068-F069-F070-F071-F072-F073-F074-F075-F076-F077-F078-F079-F080-F081-F082-F083-F084-F085-F086-F087-F088-F089-F090-F091-F092-F093-F094-F095-F096-F097-F098-F099-F100-F101-F102-F103-F104-F105-F106-F107-F108-F109-F110-F111-F112-F113-F114-F115-F116-F117-F118-F119-F120-F121-F122-F123-F124-F125-F126-F127-F128-F129-F130-F131-F132-F133-F134-F135-F136-F137-F138-F139-F140-F141-F142-F143-F144-F145-F146-F147-F148-F149-F150-F151-F152-F153-F154-F155-F156-F157-F158-F159-F160-F161-F162-F163-F164-F165-F166-F167-F168-F169-F170-F171-F172-F173-F174-F175-F176-F177-F178-F179-F180-F181-F182-F183-F184-F185-F186-F187-F188-F189-F190-F191-F192-F193-F194-F195-F196-F197-F198-F199-F200-F201-F202-F203-F204-F205-F206-F207-F208-F209-F210-F211-F212-F213-F214-F215-F216-F217-F218-F219-F220-F221-F222-F223-F224-F225-F226-F227-F228-F229-F230-F231-F232-F233-F234-F235-F236-F237-F238-F239-F240-F241-F242-F243-F244-F245-F246-F247-F248-F249-F250-F251-F252-F253-F254-F255-F256-F257-F258-F259-F260-F261-F262-F263-F264-F265-F266-F267-F268-F269-F270-F271-F272-F273-F274-F275-F276-F277-F278-F279-F280-F281-F282-F283-F284-F285-F286-F287-F288-F289-F290-F291-F292-F293-F294-F295-F296-F297-F298-F299-F300-F301-F302-F303-F304-F305-F306-F307-F308-F309-F310-F311-F312-F313-F314-F315-F316-F317-F318-F319-F320-F321-F322-F323-F324-F325-F326-F327-F328-F329-F330-F331-F332-F333-F334-F335-F336-F337-F338-F339-F340-F341-F342-F343-F344-F345-F346-F347-F348-F349-F350-F351-F352-F353-F354-F355-F356-F357-F358-F359-F360-F361-F362-F363-F364-F365-F366-F367-F368-F369-F370-F371-F372-F373-F374-F375-F376-F377-F378-F379-F380-F381-F382-F383-F384-F385-F386-F387-F388-F389-F390-F391-F392-F393-F394-F395-F396-F397-F398-F399-F400-F401-F402-F403-F404-F405-F406-F407-F408-F409-F410-F411-F412-F413-F414-F415-F416-F417-F418-F419-F420-F421-F422-F423-F424-F425-F426-F427-F428-F429-F430-F431-F432-F433-F434-F435-F436-F437-F438-F439-F440-F441-F442-F443-F444-F445-F446-F447-F448-F449-F450-F451-F452-F453-F454-F455-F456-F457-F458-F459-F460-F461-F462-F463-F464-F465-F466-F467-F468-F469-F470-F471-F472-F473-F474-F475-F476-F477-F478-F479-F480-F481-F482-F483-F484-F485-F486-F487-F488-F489-F490-F491-F492-F493-F494-F495-F496-F497-F498-F499-F500-F501-F502-F503-F504-E505506-E505510-E506508

## Summary

Number of input bits: 512  
Number of free input bits: 5  
Number of output bits: 160

Number of direct occurrences: 21002  
Number of assignments: 30510  
Number of operations: 10905184
(xor: 10875014,
and: 17369,
or: 12801)

Total complexity: 7.814337604759032 × 10^296

Least occurring input variable: iv_507 (4055)  
Most occurring input variable: iv_505 (4502)

Most co-occurring input variables: iv_511-iv_512 (2032)  
Least co-occurring input variables: iv_507-iv_509 (1893)

Potentially most occurring input variable: iv_505/iv_512 (4815)  
Potentially least occurring input variable: iv_509/iv_511 (4302)

Least output occurring input variable: iv_507 (72)  
Most output occurring input variable: iv_512 (78)

Most output co-occurring input variables: iv_511-iv_512 (39)  
Least output co-occurring input variables: iv_507-iv_512 (31)

Potentially most output occurring input variable: iv_507/iv_512 (88)  
Potentially least output occurring input variable: iv_509/iv_511 (74)

Least complex input bit: iv_507 (6.791196196216486 × 10^295)  
Most complex input bit: iv_505 (3.324987991569134 × 10^296)

Least complex output bit: aaa_76_29 (1.2904160595596187 × 10^272)  
Most complex output bit: ov_001 (1.2106259013630276 × 10^296)

Least complex input/output complexity: iv_507/aaa_76_29 (1.1214602028303552 × 10^271)  
Most complex input/output complexity:  (5.151193598115281 × 10^295)

Input variable with highest collision probability: iv_509 (½^160.00000000000065)

## Input Bits

### Input Bits in Regular Order

| Input Bit | Complexity | Occurrences | Output Occurrences | Collision Probability |
|:---------:|:----------:|:-----------:|:------------------:|:---------------------:|
| iv_505 | 3.324987991569134 × 10^296 | 4502 | 76 | ½^160.00000000000082 |
| iv_507 | 6.791196196216486 × 10^295 | 4055 | 72 | ½^160.00000000000068 |
| iv_509 | 1.739223852681417 × 10^296 | 4058 | 78 | ½^160.00000000000065 |
| iv_511 | 9.501257293493876 × 10^295 | 4112 | 74 | ½^160.0000000000007 |
| iv_512 | 1.1208804115374524 × 10^296 | 4275 | 78 | ½^160.0000000000007 |

### Input Bits Sorted by Complexity

| Input Bit | Complexity | Occurrences | Output Occurrences | Collision Probability |
|:---------:|:----------:|:-----------:|:------------------:|:---------------------:|
| iv_507 | 6.791196196216486 × 10^295 | 4055 | 72 | ½^160.00000000000068 |
| iv_511 | 9.501257293493876 × 10^295 | 4112 | 74 | ½^160.0000000000007 |
| iv_512 | 1.1208804115374524 × 10^296 | 4275 | 78 | ½^160.0000000000007 |
| iv_509 | 1.739223852681417 × 10^296 | 4058 | 78 | ½^160.00000000000065 |
| iv_505 | 3.324987991569134 × 10^296 | 4502 | 76 | ½^160.00000000000082 |

### Input Bits Sorted by Occurrences

| Input Bit | Complexity | Occurrences | Output Occurrences | Collision Probability |
|:---------:|:----------:|:-----------:|:------------------:|:---------------------:|
| iv_507 | 6.791196196216486 × 10^295 | 4055 | 72 | ½^160.00000000000068 |
| iv_509 | 1.739223852681417 × 10^296 | 4058 | 78 | ½^160.00000000000065 |
| iv_511 | 9.501257293493876 × 10^295 | 4112 | 74 | ½^160.0000000000007 |
| iv_512 | 1.1208804115374524 × 10^296 | 4275 | 78 | ½^160.0000000000007 |
| iv_505 | 3.324987991569134 × 10^296 | 4502 | 76 | ½^160.00000000000082 |

### Input Bits Sorted by Output Occurrences

| Input Bit | Complexity | Occurrences | Output Occurrences | Collision Probability |
|:---------:|:----------:|:-----------:|:------------------:|:---------------------:|
| iv_507 | 6.791196196216486 × 10^295 | 4055 | 72 | ½^160.00000000000068 |
| iv_511 | 9.501257293493876 × 10^295 | 4112 | 74 | ½^160.0000000000007 |
| iv_505 | 3.324987991569134 × 10^296 | 4502 | 76 | ½^160.00000000000082 |
| iv_509 | 1.739223852681417 × 10^296 | 4058 | 78 | ½^160.00000000000065 |
| iv_512 | 1.1208804115374524 × 10^296 | 4275 | 78 | ½^160.0000000000007 |

### Input Bits Sorted by Collision Probability

| Input Bit | Complexity | Occurrences | Output Occurrences | Collision Probability |
|:---------:|:----------:|:-----------:|:------------------:|:---------------------:|
| iv_509 | 1.739223852681417 × 10^296 | 4058 | 78 | ½^160.00000000000065 |
| iv_507 | 6.791196196216486 × 10^295 | 4055 | 72 | ½^160.00000000000068 |
| iv_511 | 9.501257293493876 × 10^295 | 4112 | 74 | ½^160.0000000000007 |
| iv_512 | 1.1208804115374524 × 10^296 | 4275 | 78 | ½^160.0000000000007 |
| iv_505 | 3.324987991569134 × 10^296 | 4502 | 76 | ½^160.00000000000082 |

## Input Bit/Output Bit Collision Probabilities

| Input Bit | Output Bit | Collision Probability |
|:---------:|:----------:|:---------------------:|
| iv_507 | ov_133 | 0.5000000000000042 |
| iv_505 | ov_013 | 0.5000000000000018 |
| iv_505 | ov_100 | 0.5000000000000018 |
| iv_509 | ov_098 | 0.5000000000000018 |
| iv_512 | ov_012 | 0.5000000000000018 |

## Input Bit Co-occurrences

### Input Bit Co-occurrences Sorted by Co-occurrences

| Input Bits | Co-occurrences | Potential Occurrences | Output Co-occurrences | Potential Output Occurrences |
|:----------:|:--------------:|:---------------------:|:---------------------:|:----------------------------:|
| iv_511-iv_512 | 2032 | 4323 | 39 | 74 |
| iv_505-iv_512 | 1981 | 4815 | 34 | 86 |
| iv_509-iv_512 | 1981 | 4371 | 37 | 82 |
| iv_509-iv_511 | 1934 | 4302 | 39 | 74 |
| iv_507-iv_512 | 1929 | 4472 | 31 | 88 |

### Input Bit Co-occurrences Sorted by Potential Occurrences

| Input Bits | Co-occurrences | Potential Occurrences | Output Co-occurrences | Potential Output Occurrences |
|:----------:|:--------------:|:---------------------:|:---------------------:|:----------------------------:|
| iv_509-iv_511 | 1934 | 4302 | 39 | 74 |
| iv_511-iv_512 | 2032 | 4323 | 39 | 74 |
| iv_507-iv_509 | 1893 | 4327 | 36 | 78 |
| iv_507-iv_511 | 1919 | 4329 | 32 | 82 |
| iv_509-iv_512 | 1981 | 4371 | 37 | 82 |

### Input Bit Output Co-occurrences Sorted by Output Co-occurrences

| Input Bits | Co-occurrences | Potential Occurrences | Output Co-occurrences | Potential Output Occurrences |
|:----------:|:--------------:|:---------------------:|:---------------------:|:----------------------------:|
| iv_509-iv_511 | 1934 | 4302 | 39 | 74 |
| iv_511-iv_512 | 2032 | 4323 | 39 | 74 |
| iv_509-iv_512 | 1981 | 4371 | 37 | 82 |
| iv_505-iv_509 | 1899 | 4762 | 36 | 82 |
| iv_507-iv_509 | 1893 | 4327 | 36 | 78 |

### Input Bit Output Co-occurrences Sorted by Potential Output Occurrences

| Input Bits | Co-occurrences | Potential Occurrences | Output Co-occurrences | Potential Output Occurrences |
|:----------:|:--------------:|:---------------------:|:---------------------:|:----------------------------:|
| iv_509-iv_511 | 1934 | 4302 | 39 | 74 |
| iv_511-iv_512 | 2032 | 4323 | 39 | 74 |
| iv_507-iv_509 | 1893 | 4327 | 36 | 78 |
| iv_505-iv_507 | 1898 | 4761 | 34 | 80 |
| iv_509-iv_512 | 1981 | 4371 | 37 | 82 |

## Output Bits

### Output Bits in Regular Order

| Rank | Output Bit | Complexity |
|:----:|:----------:|:----------:|
| 1 | ov_001 | 1.2106259013630276 × 10^296 |
| 2 | ov_002 | 1.0596580078653308 × 10^296 |
| 3 | ov_003 | 9.221313274983217 × 10^295 |
| 4 | ov_004 | 7.974060888807271 × 10^295 |
| 5 | ov_005 | 6.848775778955875 × 10^295 |
| 6 | ov_006 | 5.839736382899973 × 10^295 |
| 7 | ov_007 | 4.941525026417545 × 10^295 |
| 8 | ov_008 | 4.1490091630375847 × 10^295 |
| 9 | ov_009 | 3.4527165835453777 × 10^295 |
| 10 | ov_010 | 2.848038682413767 × 10^295 |
| 11 | ov_011 | 2.3264770706605803 × 10^295 |
| 12 | ov_012 | 1.8799903549834522 × 10^295 |
| 13 | ov_013 | 1.500978432348682 × 10^295 |
| 14 | ov_014 | 1.1822696277700805 × 10^295 |
| 15 | ov_015 | 9.171104276000046 × 10^294 |
| 16 | ov_016 | 6.991575536407931 × 10^294 |
| 17 | ov_017 | 5.224720708718231 × 10^294 |
| 18 | ov_018 | 3.815151751353776 × 10^294 |
| 19 | ov_019 | 2.711453141794388 × 10^294 |
| 20 | ov_020 | 1.8661632822467765 × 10^294 |
| 21 | ov_021 | 1.2357632896346383 × 10^294 |
| 22 | ov_022 | 7.806706862423766 × 10^293 |
| 23 | ov_023 | 4.652359284102128 × 10^293 |
| 24 | ov_024 | 2.5774037247788445 × 10^293 |
| 25 | ov_025 | 1.303950040696271 × 10^293 |
| 26 | ov_026 | 5.933967462102645 × 10^292 |
| 27 | ov_027 | 2.4642690954805093 × 10^292 |
| 28 | ov_028 | 1.0300624524929889 × 10^292 |
| 29 | ov_029 | 4.238238420946857 × 10^291 |
| 30 | ov_030 | 1.3999576886162043 × 10^291 |
| 31 | ov_031 | 3.3833126250334792 × 10^290 |
| 32 | lv_80_m31 | 8.174066520935959 × 10^289 |
| 33 | ov_033 | 9.864541392634046 × 10^290 |
| 34 | ov_034 | 8.538412079673785 × 10^290 |
| 35 | ov_035 | 7.350494303676497 × 10^290 |
| 36 | ov_036 | 6.294133299583279 × 10^290 |
| 37 | ov_037 | 5.363040631071478 × 10^290 |
| 38 | ov_038 | 4.545633978895471 × 10^290 |
| 39 | ov_039 | 3.830942398864631 × 10^290 |
| 40 | ov_040 | 3.208568581612296 × 10^290 |
| 41 | ov_041 | 2.668656680359757 × 10^290 |
| 42 | ov_042 | 2.2018651467273073 × 10^290 |
| 43 | ov_043 | 1.799344012241858 × 10^290 |
| 44 | ov_044 | 1.4527160890112152 × 10^290 |
| 45 | ov_045 | 1.1540615974193535 × 10^290 |
| 46 | ov_046 | 8.995332775253465 × 10^289 |
| 47 | ov_047 | 6.855036136558924 × 10^289 |
| 48 | ov_048 | 5.085604867535962 × 10^289 |
| 49 | ov_049 | 3.655038044442029 × 10^289 |
| 50 | ov_050 | 2.53342952928533 × 10^289 |
| 51 | ov_051 | 1.692949487569267 × 10^289 |
| 52 | ov_052 | 1.0841205990002074 × 10^289 |
| 53 | ov_053 | 6.615709552171609 × 10^288 |
| 54 | ov_054 | 3.840261812055044 × 10^288 |
| 55 | ov_055 | 2.1430515944458903 × 10^288 |
| 56 | ov_056 | 1.1931780921341304 × 10^288 |
| 57 | ov_057 | 7.006388393519341 × 10^287 |
| 58 | ov_058 | 4.163228381792311 × 10^287 |
| 59 | ov_059 | 2.2589683487579405 × 10^287 |
| 60 | ov_060 | 1.08918083207076 × 10^287 |
| 61 | ov_061 | 4.494400115965089 × 10^286 |
| 62 | ov_062 | 1.4889152786243026 × 10^286 |
| 63 | ov_063 | 3.609261876200531 × 10^285 |
| 64 | lv_79_m31 | 8.7442178300151 × 10^284 |
| 65 | ov_065 | 1.033947536156221 × 10^286 |
| 66 | ov_066 | 1.0339449891745312 × 10^286 |
| 67 | ov_067 | 1.0339441638174983 × 10^286 |
| 68 | ov_068 | 8.982338164948355 × 10^285 |
| 69 | ov_069 | 7.755393980601205 × 10^285 |
| 70 | ov_070 | 6.652016414287946 × 10^285 |
| 71 | ov_071 | 5.666019890229234 × 10^285 |
| 72 | ov_072 | 4.7915981061345674 × 10^285 |
| 73 | ov_073 | 4.0232986260988555 × 10^285 |
| 74 | ov_074 | 3.3511878631509127 × 10^285 |
| 75 | ov_075 | 2.7659329073701963 × 10^285 |
| 76 | ov_076 | 2.258765646588491 × 10^285 |
| 77 | ov_077 | 1.825438981013088 × 10^285 |
| 78 | ov_078 | 1.458221566511322 × 10^285 |
| 79 | ov_079 | 1.1498608902611517 × 10^285 |
| 80 | ov_080 | 8.93561120722358 × 10^284 |
| 81 | ov_081 | 6.82963858605941 × 10^284 |
| 82 | ov_082 | 5.1213158065163745 × 10^284 |
| 83 | ov_083 | 3.755335691259637 × 10^284 |
| 84 | ov_084 | 2.6803412066848407 × 10^284 |
| 85 | ov_085 | 1.8488282854893983 × 10^284 |
| 86 | ov_086 | 1.2170673263826374 × 10^284 |
| 87 | ov_087 | 7.641284357521168 × 10^283 |
| 88 | ov_088 | 4.536598739751748 × 10^283 |
| 89 | ov_089 | 2.5294037507816574 × 10^283 |
| 90 | ov_090 | 1.3285480307848954 × 10^283 |
| 91 | ov_091 | 6.787821128224099 × 10^282 |
| 92 | ov_092 | 3.6066267398711344 × 10^282 |
| 93 | ov_093 | 1.905010816706358 × 10^282 |
| 94 | ov_094 | 8.538744994343733 × 10^281 |
| 95 | aaa_78_28 | 2.74620609060982 × 10^281 |
| 96 | aaa_78_29 | 1.0404661242869977 × 10^281 |
| 97 | ov_097 | 1.1329783790130623 × 10^281 |
| 98 | ov_098 | 1.1329441521904452 × 10^281 |
| 99 | ov_099 | 1.1329332194764072 × 10^281 |
| 100 | ov_100 | 1.0195090331530472 × 10^281 |
| 101 | ov_101 | 9.144697613029816 × 10^280 |
| 102 | ov_102 | 8.173516696793537 × 10^280 |
| 103 | ov_103 | 7.277249075590875 × 10^280 |
| 104 | ov_104 | 6.451892041721094 × 10^280 |
| 105 | ov_105 | 5.693699876029842 × 10^280 |
| 106 | ov_106 | 4.999148573564314 × 10^280 |
| 107 | ov_107 | 4.364903427924338 × 10^280 |
| 108 | ov_108 | 3.787789721228317 × 10^280 |
| 109 | ov_109 | 3.2647667735836443 × 10^280 |
| 110 | ov_110 | 2.792905153398252 × 10^280 |
| 111 | ov_111 | 2.369366519253974 × 10^280 |
| 112 | ov_112 | 1.9913855675254923 × 10^280 |
| 113 | ov_113 | 1.6562542327257449 × 10^280 |
| 114 | ov_114 | 1.3613082894574228 × 10^280 |
| 115 | ov_115 | 1.1039161710783236 × 10^280 |
| 116 | ov_116 | 8.814698210676914 × 10^279 |
| 117 | ov_117 | 6.913773936382117 × 10^279 |
| 118 | ov_118 | 5.310576204670743 × 10^279 |
| 119 | ov_119 | 3.979356605933716 × 10^279 |
| 120 | ov_120 | 2.894402506180991 × 10^279 |
| 121 | ov_121 | 2.0300197238509085 × 10^279 |
| 122 | ov_122 | 1.360523727801134 × 10^279 |
| 123 | ov_123 | 8.602355087400744 × 10^278 |
| 124 | ov_124 | 5.034791754295251 × 10^278 |
| 125 | ov_125 | 2.6458037684535036 × 10^278 |
| 126 | ov_126 | 1.1786539411921485 × 10^278 |
| 127 | aaa_77_28 | 3.766071050892733 × 10^277 |
| 128 | aaa_77_29 | 1.4126123496991254 × 10^277 |
| 129 | ov_129 | 1.307059398825359 × 10^277 |
| 130 | ov_130 | 1.3070562565110909 × 10^277 |
| 131 | ov_131 | 1.3070552455442156 × 10^277 |
| 132 | ov_132 | 1.1363413431636577 × 10^277 |
| 133 | ov_133 | 9.820761695644285 × 10^276 |
| 134 | ov_134 | 8.434963892744688 × 10^276 |
| 135 | ov_135 | 7.198824438964083 × 10^276 |
| 136 | ov_136 | 6.105553035054043 × 10^276 |
| 137 | ov_137 | 5.142673088347213 × 10^276 |
| 138 | ov_138 | 4.298388042037646 × 10^276 |
| 139 | ov_139 | 3.5615401611716885 × 10^276 |
| 140 | ov_140 | 2.921575198198985 × 10^276 |
| 141 | ov_141 | 2.3685124234924797 × 10^276 |
| 142 | ov_142 | 1.8975014226154896 × 10^276 |
| 143 | ov_143 | 1.4996370472173664 × 10^276 |
| 144 | ov_144 | 1.1665240989822971 × 10^276 |
| 145 | ov_145 | 8.902633047288931 × 10^275 |
| 146 | ov_146 | 6.634402124760995 × 10^275 |
| 147 | ov_147 | 4.824675846937879 × 10^275 |
| 148 | ov_148 | 3.40877085302714 × 10^275 |
| 149 | ov_149 | 2.326655822228881 × 10^275 |
| 150 | ov_150 | 1.5229190656003629 × 10^275 |
| 151 | ov_151 | 9.467470487073061 × 10^274 |
| 152 | ov_152 | 5.519110584905777 × 10^274 |
| 153 | ov_153 | 2.9675959410318094 × 10^274 |
| 154 | ov_154 | 1.4421442774875596 × 10^274 |
| 155 | ov_155 | 6.176870125463569 × 10^273 |
| 156 | aaa_76_25 | 2.1486034872813668 × 10^273 |
| 157 | aaa_76_26 | 1.3230143275650653 × 10^273 |
| 158 | aaa_76_27 | 7.259086132992789 × 10^272 |
| 159 | aaa_76_28 | 3.423841375904901 × 10^272 |
| 160 | aaa_76_29 | 1.2904160595596187 × 10^272 |

### Output Bits Sorted by Complexity

| Rank | Output Bit | Complexity |
|:----:|:----------:|:----------:|
| 160 | aaa_76_29 | 1.2904160595596187 × 10^272 |
| 159 | aaa_76_28 | 3.423841375904901 × 10^272 |
| 158 | aaa_76_27 | 7.259086132992789 × 10^272 |
| 157 | aaa_76_26 | 1.3230143275650653 × 10^273 |
| 156 | aaa_76_25 | 2.1486034872813668 × 10^273 |
| 155 | ov_155 | 6.176870125463569 × 10^273 |
| 154 | ov_154 | 1.4421442774875596 × 10^274 |
| 153 | ov_153 | 2.9675959410318094 × 10^274 |
| 152 | ov_152 | 5.519110584905777 × 10^274 |
| 151 | ov_151 | 9.467470487073061 × 10^274 |
| 150 | ov_150 | 1.5229190656003629 × 10^275 |
| 149 | ov_149 | 2.326655822228881 × 10^275 |
| 148 | ov_148 | 3.40877085302714 × 10^275 |
| 147 | ov_147 | 4.824675846937879 × 10^275 |
| 146 | ov_146 | 6.634402124760995 × 10^275 |
| 145 | ov_145 | 8.902633047288931 × 10^275 |
| 144 | ov_144 | 1.1665240989822971 × 10^276 |
| 143 | ov_143 | 1.4996370472173664 × 10^276 |
| 142 | ov_142 | 1.8975014226154896 × 10^276 |
| 141 | ov_141 | 2.3685124234924797 × 10^276 |
| 140 | ov_140 | 2.921575198198985 × 10^276 |
| 139 | ov_139 | 3.5615401611716885 × 10^276 |
| 138 | ov_138 | 4.298388042037646 × 10^276 |
| 137 | ov_137 | 5.142673088347213 × 10^276 |
| 136 | ov_136 | 6.105553035054043 × 10^276 |
| 135 | ov_135 | 7.198824438964083 × 10^276 |
| 134 | ov_134 | 8.434963892744688 × 10^276 |
| 133 | ov_133 | 9.820761695644285 × 10^276 |
| 132 | ov_132 | 1.1363413431636577 × 10^277 |
| 131 | ov_131 | 1.3070552455442156 × 10^277 |
| 130 | ov_130 | 1.3070562565110909 × 10^277 |
| 129 | ov_129 | 1.307059398825359 × 10^277 |
| 128 | aaa_77_29 | 1.4126123496991254 × 10^277 |
| 127 | aaa_77_28 | 3.766071050892733 × 10^277 |
| 126 | ov_126 | 1.1786539411921485 × 10^278 |
| 125 | ov_125 | 2.6458037684535036 × 10^278 |
| 124 | ov_124 | 5.034791754295251 × 10^278 |
| 123 | ov_123 | 8.602355087400744 × 10^278 |
| 122 | ov_122 | 1.360523727801134 × 10^279 |
| 121 | ov_121 | 2.0300197238509085 × 10^279 |
| 120 | ov_120 | 2.894402506180991 × 10^279 |
| 119 | ov_119 | 3.979356605933716 × 10^279 |
| 118 | ov_118 | 5.310576204670743 × 10^279 |
| 117 | ov_117 | 6.913773936382117 × 10^279 |
| 116 | ov_116 | 8.814698210676914 × 10^279 |
| 115 | ov_115 | 1.1039161710783236 × 10^280 |
| 114 | ov_114 | 1.3613082894574228 × 10^280 |
| 113 | ov_113 | 1.6562542327257449 × 10^280 |
| 112 | ov_112 | 1.9913855675254923 × 10^280 |
| 111 | ov_111 | 2.369366519253974 × 10^280 |
| 110 | ov_110 | 2.792905153398252 × 10^280 |
| 109 | ov_109 | 3.2647667735836443 × 10^280 |
| 108 | ov_108 | 3.787789721228317 × 10^280 |
| 107 | ov_107 | 4.364903427924338 × 10^280 |
| 106 | ov_106 | 4.999148573564314 × 10^280 |
| 105 | ov_105 | 5.693699876029842 × 10^280 |
| 104 | ov_104 | 6.451892041721094 × 10^280 |
| 103 | ov_103 | 7.277249075590875 × 10^280 |
| 102 | ov_102 | 8.173516696793537 × 10^280 |
| 101 | ov_101 | 9.144697613029816 × 10^280 |
| 100 | ov_100 | 1.0195090331530472 × 10^281 |
| 96 | aaa_78_29 | 1.0404661242869977 × 10^281 |
| 99 | ov_099 | 1.1329332194764072 × 10^281 |
| 98 | ov_098 | 1.1329441521904452 × 10^281 |
| 97 | ov_097 | 1.1329783790130623 × 10^281 |
| 95 | aaa_78_28 | 2.74620609060982 × 10^281 |
| 94 | ov_094 | 8.538744994343733 × 10^281 |
| 93 | ov_093 | 1.905010816706358 × 10^282 |
| 92 | ov_092 | 3.6066267398711344 × 10^282 |
| 91 | ov_091 | 6.787821128224099 × 10^282 |
| 90 | ov_090 | 1.3285480307848954 × 10^283 |
| 89 | ov_089 | 2.5294037507816574 × 10^283 |
| 88 | ov_088 | 4.536598739751748 × 10^283 |
| 87 | ov_087 | 7.641284357521168 × 10^283 |
| 86 | ov_086 | 1.2170673263826374 × 10^284 |
| 85 | ov_085 | 1.8488282854893983 × 10^284 |
| 84 | ov_084 | 2.6803412066848407 × 10^284 |
| 83 | ov_083 | 3.755335691259637 × 10^284 |
| 82 | ov_082 | 5.1213158065163745 × 10^284 |
| 81 | ov_081 | 6.82963858605941 × 10^284 |
| 64 | lv_79_m31 | 8.7442178300151 × 10^284 |
| 80 | ov_080 | 8.93561120722358 × 10^284 |
| 79 | ov_079 | 1.1498608902611517 × 10^285 |
| 78 | ov_078 | 1.458221566511322 × 10^285 |
| 77 | ov_077 | 1.825438981013088 × 10^285 |
| 76 | ov_076 | 2.258765646588491 × 10^285 |
| 75 | ov_075 | 2.7659329073701963 × 10^285 |
| 74 | ov_074 | 3.3511878631509127 × 10^285 |
| 63 | ov_063 | 3.609261876200531 × 10^285 |
| 73 | ov_073 | 4.0232986260988555 × 10^285 |
| 72 | ov_072 | 4.7915981061345674 × 10^285 |
| 71 | ov_071 | 5.666019890229234 × 10^285 |
| 70 | ov_070 | 6.652016414287946 × 10^285 |
| 69 | ov_069 | 7.755393980601205 × 10^285 |
| 68 | ov_068 | 8.982338164948355 × 10^285 |
| 67 | ov_067 | 1.0339441638174983 × 10^286 |
| 66 | ov_066 | 1.0339449891745312 × 10^286 |
| 65 | ov_065 | 1.033947536156221 × 10^286 |
| 62 | ov_062 | 1.4889152786243026 × 10^286 |
| 61 | ov_061 | 4.494400115965089 × 10^286 |
| 60 | ov_060 | 1.08918083207076 × 10^287 |
| 59 | ov_059 | 2.2589683487579405 × 10^287 |
| 58 | ov_058 | 4.163228381792311 × 10^287 |
| 57 | ov_057 | 7.006388393519341 × 10^287 |
| 56 | ov_056 | 1.1931780921341304 × 10^288 |
| 55 | ov_055 | 2.1430515944458903 × 10^288 |
| 54 | ov_054 | 3.840261812055044 × 10^288 |
| 53 | ov_053 | 6.615709552171609 × 10^288 |
| 52 | ov_052 | 1.0841205990002074 × 10^289 |
| 51 | ov_051 | 1.692949487569267 × 10^289 |
| 50 | ov_050 | 2.53342952928533 × 10^289 |
| 49 | ov_049 | 3.655038044442029 × 10^289 |
| 48 | ov_048 | 5.085604867535962 × 10^289 |
| 47 | ov_047 | 6.855036136558924 × 10^289 |
| 32 | lv_80_m31 | 8.174066520935959 × 10^289 |
| 46 | ov_046 | 8.995332775253465 × 10^289 |
| 45 | ov_045 | 1.1540615974193535 × 10^290 |
| 44 | ov_044 | 1.4527160890112152 × 10^290 |
| 43 | ov_043 | 1.799344012241858 × 10^290 |
| 42 | ov_042 | 2.2018651467273073 × 10^290 |
| 41 | ov_041 | 2.668656680359757 × 10^290 |
| 40 | ov_040 | 3.208568581612296 × 10^290 |
| 31 | ov_031 | 3.3833126250334792 × 10^290 |
| 39 | ov_039 | 3.830942398864631 × 10^290 |
| 38 | ov_038 | 4.545633978895471 × 10^290 |
| 37 | ov_037 | 5.363040631071478 × 10^290 |
| 36 | ov_036 | 6.294133299583279 × 10^290 |
| 35 | ov_035 | 7.350494303676497 × 10^290 |
| 34 | ov_034 | 8.538412079673785 × 10^290 |
| 33 | ov_033 | 9.864541392634046 × 10^290 |
| 30 | ov_030 | 1.3999576886162043 × 10^291 |
| 29 | ov_029 | 4.238238420946857 × 10^291 |
| 28 | ov_028 | 1.0300624524929889 × 10^292 |
| 27 | ov_027 | 2.4642690954805093 × 10^292 |
| 26 | ov_026 | 5.933967462102645 × 10^292 |
| 25 | ov_025 | 1.303950040696271 × 10^293 |
| 24 | ov_024 | 2.5774037247788445 × 10^293 |
| 23 | ov_023 | 4.652359284102128 × 10^293 |
| 22 | ov_022 | 7.806706862423766 × 10^293 |
| 21 | ov_021 | 1.2357632896346383 × 10^294 |
| 20 | ov_020 | 1.8661632822467765 × 10^294 |
| 19 | ov_019 | 2.711453141794388 × 10^294 |
| 18 | ov_018 | 3.815151751353776 × 10^294 |
| 17 | ov_017 | 5.224720708718231 × 10^294 |
| 16 | ov_016 | 6.991575536407931 × 10^294 |
| 15 | ov_015 | 9.171104276000046 × 10^294 |
| 14 | ov_014 | 1.1822696277700805 × 10^295 |
| 13 | ov_013 | 1.500978432348682 × 10^295 |
| 12 | ov_012 | 1.8799903549834522 × 10^295 |
| 11 | ov_011 | 2.3264770706605803 × 10^295 |
| 10 | ov_010 | 2.848038682413767 × 10^295 |
| 9 | ov_009 | 3.4527165835453777 × 10^295 |
| 8 | ov_008 | 4.1490091630375847 × 10^295 |
| 7 | ov_007 | 4.941525026417545 × 10^295 |
| 6 | ov_006 | 5.839736382899973 × 10^295 |
| 5 | ov_005 | 6.848775778955875 × 10^295 |
| 4 | ov_004 | 7.974060888807271 × 10^295 |
| 3 | ov_003 | 9.221313274983217 × 10^295 |
| 2 | ov_002 | 1.0596580078653308 × 10^296 |
| 1 | ov_001 | 1.2106259013630276 × 10^296 |

