# Results for F001-F002-F003-F004-F005-F006-F007-F008-F009-F010-F011-F012-F013-F014-F015-F016-F017-F018-F019-F020-F021-F022-F023-F024-F025-F026-F027-F028-F029-F030-F031-F032-F033-F034-F035-F036-F037-F038-F039-F040-F041-F042-F043-F044-F045-F046-F047-F048-F049-F050-F051-F052-F053-F054-F055-F056-F057-F058-F059-F060-F061-F062-F063-F064-F065-F066-F067-F068-F069-F070-F071-F072-F073-F074-F075-F076-F077-F078-F079-F080-F081-F082-F083-F084-F085-F086-F087-F088-F089-F090-F091-F092-F093-F094-F095-F096-F097-F098-F099-F100-F101-F102-F103-F104-F105-F106-F107-F108-F109-F110-F111-F112-F113-F114-F115-F116-F117-F118-F119-F120-F121-F122-F123-F124-F125-F126-F127-F128-F129-F130-F131-F132-F133-F134-F135-F136-F137-F138-F139-F140-F141-F142-F143-F144-F145-F146-F147-F148-F149-F150-F151-F152-F153-F154-F155-F156-F157-F158-F159-F160-F161-F162-F163-F164-F165-F166-F167-F168-F169-F170-F171-F172-F173-F174-F175-F176-F177-F178-F179-F180-F181-F182-F183-F184-F185-F186-F187-F188-F189-F190-F191-F192-F193-F194-F195-F196-F197-F198-F199-F200-F201-F202-F203-F204-F205-F206-F207-F208-F209-F210-F211-F212-F213-F214-F215-F216-F217-F218-F219-F220-F221-F222-F223-F224-F225-F226-F227-F228-F229-F230-F231-F232-F233-F234-F235-F236-F237-F238-F239-F240-F241-F242-F243-F244-F245-F246-F247-F248-F249-F250-F251-F252-F253-F254-F255-F256-F257-F258-F259-F260-F261-F262-F263-F264-F265-F266-F267-F268-F269-F270-F271-F272-F273-F274-F275-F276-F277-F278-F279-F280-F281-F282-F283-F284-F285-F286-F287-F288-F289-F290-F291-F292-F293-F294-F295-F296-F297-F298-F299-F300-F301-F302-F303-F304-F305-F306-F307-F308-F309-F310-F311-F312-F313-F314-F315-F316-F317-F318-F319-F320-F321-F322-F323-F324-F325-F326-F327-F328-F329-F330-F331-F332-F333-F334-F335-F336-F337-F338-F339-F340-F341-F342-F343-F344-F345-F346-F347-F348-F349-F350-F351-F352-F353-F354-F355-F356-F357-F358-F359-F360-F361-F362-F363-F364-F365-F366-F367-F368-F369-F370-F371-F372-F373-F374-F375-F376-F377-F378-F379-F380-F381-F382-F383-F384-F385-F386-F387-F388-F389-F390-F391-F392-F393-F394-F395-F396-F397-F398-F399-F400-F401-F402-F403-F404-F405-F406-F407-F408-F409-F410-F411-F412-F413-F414-F415-F416-F417-F418-F419-F420-F421-F422-F423-F424-F425-F426-F427-F428-F429-F430-F431-F432-F433-F434-F435-F436-F437-F438-F439-F440-F441-F442-F443-F444-F445-F446-F447-F448-F449-F450-F451-F452-F453-F454-F455-F456-F457-F458-F459-F460-F461-F462-F463-F464-F465-F466-F467-F468-F469-F470-F471-F472-F473-F474-F475-F476-F477-F478-F479-F480-F481-F482-F483-F484-F485-F486-F487-F488-F489-F490-F491-F492-F493-F494-F495-F496-F497-F498-F499-F500-F501-E502508-E502510-E502511-E504506-E507509-F512

## Summary

Number of input bits: 512  
Number of free input bits: 5  
Number of output bits: 160

Number of direct occurrences: 20938  
Number of assignments: 30718  
Number of operations: 10923082
(xor: 10894042,
and: 15981,
or: 13059)

Total complexity: 3.230080215032205 × 10^298

Least occurring input variable: iv_505 (3879)  
Most occurring input variable: iv_502 (4527)

Most co-occurring input variables: iv_502-iv_507 (2016)  
Least co-occurring input variables: iv_504-iv_505 (1801)

Potentially most occurring input variable: iv_502/iv_507 (4793)  
Potentially least occurring input variable: iv_503/iv_505 (4204)

Least output occurring input variable: iv_502 (66)  
Most output occurring input variable: iv_507 (80)

Most output co-occurring input variables: iv_504-iv_507 (42)  
Least output co-occurring input variables: iv_502-iv_503 (29)

Potentially most output occurring input variable: iv_503/iv_507 (92)  
Potentially least output occurring input variable: iv_504/iv_507 (72)

Least complex input bit: iv_503 (8.463893017393736 × 10^296)  
Most complex input bit: iv_502 (1.2432768028883327 × 10^298)

Least complex output bit: aaa_76_29 (5.541733577809342 × 10^273)  
Most complex output bit: ov_001 (5.1772188555742056 × 10^297)

Least complex input/output complexity: iv_503/aaa_76_29 (1.4521199787915848 × 10^272)  
Most complex input/output complexity:  (1.992741875776392 × 10^297)

Input variable with highest collision probability: iv_504 (½^160.0000000000007)

## Input Bits

### Input Bits in Regular Order

| Input Bit | Complexity | Occurrences | Output Occurrences | Collision Probability |
|:---------:|:----------:|:-----------:|:------------------:|:---------------------:|
| iv_502 | 1.2432768028883327 × 10^298 | 4527 | 66 | ½^160.00000000000074 |
| iv_503 | 8.463893017393736 × 10^296 | 4121 | 78 | ½^160.00000000000074 |
| iv_504 | 4.844968722801904 × 10^297 | 4113 | 76 | ½^160.0000000000007 |
| iv_505 | 2.2362232359717588 × 10^297 | 3879 | 79 | ½^160.0000000000008 |
| iv_507 | 1.1940452860925713 × 10^298 | 4298 | 80 | ½^160.00000000000074 |

### Input Bits Sorted by Complexity

| Input Bit | Complexity | Occurrences | Output Occurrences | Collision Probability |
|:---------:|:----------:|:-----------:|:------------------:|:---------------------:|
| iv_503 | 8.463893017393736 × 10^296 | 4121 | 78 | ½^160.00000000000074 |
| iv_505 | 2.2362232359717588 × 10^297 | 3879 | 79 | ½^160.0000000000008 |
| iv_504 | 4.844968722801904 × 10^297 | 4113 | 76 | ½^160.0000000000007 |
| iv_507 | 1.1940452860925713 × 10^298 | 4298 | 80 | ½^160.00000000000074 |
| iv_502 | 1.2432768028883327 × 10^298 | 4527 | 66 | ½^160.00000000000074 |

### Input Bits Sorted by Occurrences

| Input Bit | Complexity | Occurrences | Output Occurrences | Collision Probability |
|:---------:|:----------:|:-----------:|:------------------:|:---------------------:|
| iv_505 | 2.2362232359717588 × 10^297 | 3879 | 79 | ½^160.0000000000008 |
| iv_504 | 4.844968722801904 × 10^297 | 4113 | 76 | ½^160.0000000000007 |
| iv_503 | 8.463893017393736 × 10^296 | 4121 | 78 | ½^160.00000000000074 |
| iv_507 | 1.1940452860925713 × 10^298 | 4298 | 80 | ½^160.00000000000074 |
| iv_502 | 1.2432768028883327 × 10^298 | 4527 | 66 | ½^160.00000000000074 |

### Input Bits Sorted by Output Occurrences

| Input Bit | Complexity | Occurrences | Output Occurrences | Collision Probability |
|:---------:|:----------:|:-----------:|:------------------:|:---------------------:|
| iv_502 | 1.2432768028883327 × 10^298 | 4527 | 66 | ½^160.00000000000074 |
| iv_504 | 4.844968722801904 × 10^297 | 4113 | 76 | ½^160.0000000000007 |
| iv_503 | 8.463893017393736 × 10^296 | 4121 | 78 | ½^160.00000000000074 |
| iv_505 | 2.2362232359717588 × 10^297 | 3879 | 79 | ½^160.0000000000008 |
| iv_507 | 1.1940452860925713 × 10^298 | 4298 | 80 | ½^160.00000000000074 |

### Input Bits Sorted by Collision Probability

| Input Bit | Complexity | Occurrences | Output Occurrences | Collision Probability |
|:---------:|:----------:|:-----------:|:------------------:|:---------------------:|
| iv_504 | 4.844968722801904 × 10^297 | 4113 | 76 | ½^160.0000000000007 |
| iv_503 | 8.463893017393736 × 10^296 | 4121 | 78 | ½^160.00000000000074 |
| iv_502 | 1.2432768028883327 × 10^298 | 4527 | 66 | ½^160.00000000000074 |
| iv_507 | 1.1940452860925713 × 10^298 | 4298 | 80 | ½^160.00000000000074 |
| iv_505 | 2.2362232359717588 × 10^297 | 3879 | 79 | ½^160.0000000000008 |

## Input Bit/Output Bit Collision Probabilities

| Input Bit | Output Bit | Collision Probability |
|:---------:|:----------:|:---------------------:|
| iv_504 | ov_040 | 0.5000000000000016 |
| iv_507 | ov_139 | 0.5000000000000016 |
| iv_502 | ov_049 | 0.5000000000000013 |
| iv_504 | ov_056 | 0.5000000000000013 |
| iv_507 | ov_083 | 0.5000000000000013 |

## Input Bit Co-occurrences

### Input Bit Co-occurrences Sorted by Co-occurrences

| Input Bits | Co-occurrences | Potential Occurrences | Output Co-occurrences | Potential Output Occurrences |
|:----------:|:--------------:|:---------------------:|:---------------------:|:----------------------------:|
| iv_502-iv_507 | 2016 | 4793 | 32 | 82 |
| iv_502-iv_503 | 2013 | 4622 | 29 | 86 |
| iv_503-iv_507 | 2008 | 4403 | 33 | 92 |
| iv_504-iv_507 | 1987 | 4437 | 42 | 72 |
| iv_502-iv_504 | 1962 | 4716 | 30 | 82 |

### Input Bit Co-occurrences Sorted by Potential Occurrences

| Input Bits | Co-occurrences | Potential Occurrences | Output Co-occurrences | Potential Output Occurrences |
|:----------:|:--------------:|:---------------------:|:---------------------:|:----------------------------:|
| iv_503-iv_505 | 1898 | 4204 | 42 | 73 |
| iv_503-iv_504 | 1940 | 4354 | 39 | 76 |
| iv_504-iv_505 | 1801 | 4390 | 36 | 83 |
| iv_503-iv_507 | 2008 | 4403 | 33 | 92 |
| iv_505-iv_507 | 1874 | 4429 | 34 | 91 |

### Input Bit Output Co-occurrences Sorted by Output Co-occurrences

| Input Bits | Co-occurrences | Potential Occurrences | Output Co-occurrences | Potential Output Occurrences |
|:----------:|:--------------:|:---------------------:|:---------------------:|:----------------------------:|
| iv_503-iv_505 | 1898 | 4204 | 42 | 73 |
| iv_504-iv_507 | 1987 | 4437 | 42 | 72 |
| iv_503-iv_504 | 1940 | 4354 | 39 | 76 |
| iv_504-iv_505 | 1801 | 4390 | 36 | 83 |
| iv_505-iv_507 | 1874 | 4429 | 34 | 91 |

### Input Bit Output Co-occurrences Sorted by Potential Output Occurrences

| Input Bits | Co-occurrences | Potential Occurrences | Output Co-occurrences | Potential Output Occurrences |
|:----------:|:--------------:|:---------------------:|:---------------------:|:----------------------------:|
| iv_504-iv_507 | 1987 | 4437 | 42 | 72 |
| iv_503-iv_505 | 1898 | 4204 | 42 | 73 |
| iv_503-iv_504 | 1940 | 4354 | 39 | 76 |
| iv_502-iv_505 | 1949 | 4508 | 34 | 77 |
| iv_502-iv_507 | 2016 | 4793 | 32 | 82 |

## Output Bits

### Output Bits in Regular Order

| Rank | Output Bit | Complexity |
|:----:|:----------:|:----------:|
| 1 | ov_001 | 5.1772188555742056 × 10^297 |
| 2 | ov_002 | 4.495874575923429 × 10^297 |
| 3 | ov_003 | 3.8809991635053175 × 10^297 |
| 4 | ov_004 | 3.3298215086963144 × 10^297 |
| 5 | ov_005 | 2.83972157876201 × 10^297 |
| 6 | ov_006 | 2.4058701593477 × 10^297 |
| 7 | ov_007 | 2.0236910073230522 × 10^297 |
| 8 | ov_008 | 1.6888455019348338 × 10^297 |
| 9 | ov_009 | 1.3972194296197617 × 10^297 |
| 10 | ov_010 | 1.144911691395266 × 10^297 |
| 11 | ov_011 | 9.28224781898091 × 10^296 |
| 12 | ov_012 | 7.436569137673774 × 10^296 |
| 13 | ov_013 | 5.878956557134957 × 10^296 |
| 14 | ov_014 | 4.578129227228315 × 10^296 |
| 15 | ov_015 | 3.5046112949775723 × 10^296 |
| 16 | ov_016 | 2.630703187319244 × 10^296 |
| 17 | ov_017 | 1.9304608978617487 × 10^296 |
| 18 | ov_018 | 1.379681672535715 × 10^296 |
| 19 | ov_019 | 9.558946279950347 × 10^295 |
| 20 | ov_020 | 6.383549754494946 × 10^295 |
| 21 | ov_021 | 4.0804066134287004 × 10^295 |
| 22 | ov_022 | 2.4765042325863373 × 10^295 |
| 23 | ov_023 | 1.4160257390912575 × 10^295 |
| 24 | ov_024 | 7.603418511570881 × 10^294 |
| 25 | ov_025 | 3.88005541735301 × 10^294 |
| 26 | ov_026 | 1.947488387130841 × 10^294 |
| 27 | ov_027 | 9.348110890835025 × 10^293 |
| 28 | ov_028 | 4.495122919702019 × 10^293 |
| 29 | ov_029 | 1.849623291711567 × 10^293 |
| 30 | ov_030 | 6.111400245742795 × 10^292 |
| 31 | ov_031 | 1.477658190822157 × 10^292 |
| 32 | lv_80_k31 | 3.571703944000138 × 10^291 |
| 33 | ov_033 | 4.2582737648966697 × 10^292 |
| 34 | ov_034 | 3.674928956846458 × 10^292 |
| 35 | ov_035 | 3.1559753713173995 × 10^292 |
| 36 | ov_036 | 2.695990721216257 × 10^292 |
| 37 | ov_037 | 2.2898437136989553 × 10^292 |
| 38 | ov_038 | 1.9326733192630904 × 10^292 |
| 39 | ov_039 | 1.6198709111067482 × 10^292 |
| 40 | ov_040 | 1.3470649986211448 × 10^292 |
| 41 | ov_041 | 1.1101082773032684 × 10^292 |
| 42 | ov_042 | 9.050667344961592 × 10^291 |
| 43 | ov_043 | 7.282105666569194 × 10^291 |
| 44 | ov_044 | 5.760066918682689 × 10^291 |
| 45 | ov_045 | 4.467369072127309 × 10^291 |
| 46 | ov_046 | 3.3877698662368855 × 10^291 |
| 47 | ov_047 | 2.5059456817888182 × 10^291 |
| 48 | ov_048 | 1.807475386403547 × 10^291 |
| 49 | ov_049 | 1.2661795308983418 × 10^291 |
| 50 | ov_050 | 8.576364512280798 × 10^290 |
| 51 | ov_051 | 5.591724673520845 × 10^290 |
| 52 | ov_052 | 3.49855631976682 × 10^290 |
| 53 | ov_053 | 2.1049195450457622 × 10^290 |
| 54 | ov_054 | 1.2362319439527088 × 10^290 |
| 55 | ov_055 | 7.352556635709279 × 10^289 |
| 56 | ov_056 | 4.620895271853866 × 10^289 |
| 57 | ov_057 | 2.941640903983075 × 10^289 |
| 58 | ov_058 | 1.7452708746665876 × 10^289 |
| 59 | ov_059 | 9.45152232248931 × 10^288 |
| 60 | ov_060 | 4.54654241040724 × 10^288 |
| 61 | ov_061 | 1.8714687951326568 × 10^288 |
| 62 | ov_062 | 6.185702544905675 × 10^287 |
| 63 | ov_063 | 1.4962306626374754 × 10^287 |
| 64 | lv_79_k31 | 3.6181474867188175 × 10^286 |
| 65 | ov_065 | 4.2646222720114915 × 10^287 |
| 66 | ov_066 | 4.264611194611355 × 10^287 |
| 67 | ov_067 | 4.2646076041841966 × 10^287 |
| 68 | ov_068 | 3.678936198394065 × 10^287 |
| 69 | ov_069 | 3.1552077532531162 × 10^287 |
| 70 | ov_070 | 2.6905564503196173 × 10^287 |
| 71 | ov_071 | 2.279770035042223 × 10^287 |
| 72 | ov_072 | 1.917955285901093 × 10^287 |
| 73 | ov_073 | 1.6005168701992287 × 10^287 |
| 74 | ov_074 | 1.3231381334082006 × 10^287 |
| 75 | ov_075 | 1.083728134083144 × 10^287 |
| 76 | ov_076 | 8.784771699012228 × 10^286 |
| 77 | ov_077 | 7.03807181963035 × 10^286 |
| 78 | ov_078 | 5.563592872820763 × 10^286 |
| 79 | ov_079 | 4.3298276039799604 × 10^286 |
| 80 | ov_080 | 3.307253722018386 × 10^286 |
| 81 | ov_081 | 2.4682499481698514 × 10^286 |
| 82 | ov_082 | 1.7994711651283688 × 10^286 |
| 83 | ov_083 | 1.2768923785916759 × 10^286 |
| 84 | ov_084 | 8.782046673468973 × 10^285 |
| 85 | ov_085 | 5.827728372320945 × 10^285 |
| 86 | ov_086 | 3.716012260350749 × 10^285 |
| 87 | ov_087 | 2.273067606281815 × 10^285 |
| 88 | ov_088 | 1.3409836791369054 × 10^285 |
| 89 | ov_089 | 7.776184132676602 × 10^284 |
| 90 | ov_090 | 4.564926474549555 × 10^284 |
| 91 | ov_091 | 2.6672095715701875 × 10^284 |
| 92 | ov_092 | 1.5675242472772025 × 10^284 |
| 93 | ov_093 | 8.2804800647500095 × 10^283 |
| 94 | ov_094 | 3.7119732728173046 × 10^283 |
| 95 | aaa_78_28 | 1.1939818634001457 × 10^283 |
| 96 | aaa_78_29 | 4.5244783626658957 × 10^282 |
| 97 | ov_097 | 4.930700293719851 × 10^282 |
| 98 | ov_098 | 4.9305531442836327 × 10^282 |
| 99 | ov_099 | 4.930506214564674 × 10^282 |
| 100 | ov_100 | 4.4384034920015747 × 10^282 |
| 101 | ov_101 | 3.9823528278833205 × 10^282 |
| 102 | ov_102 | 3.560403672889095 × 10^282 |
| 103 | ov_103 | 3.1707490925112094 × 10^282 |
| 104 | ov_104 | 2.8117063761228394 × 10^282 |
| 105 | ov_105 | 2.4816994615302008 × 10^282 |
| 106 | ov_106 | 2.179243078025275 × 10^282 |
| 107 | ov_107 | 1.9029285149735775 × 10^282 |
| 108 | ov_108 | 1.6514109262914754 × 10^282 |
| 109 | ov_109 | 1.4233980838693477 × 10^282 |
| 110 | ov_110 | 1.2176404951563203 × 10^282 |
| 111 | ov_111 | 1.0329228018067115 × 10^282 |
| 112 | ov_112 | 8.680563775633877 × 10^281 |
| 113 | ov_113 | 7.218730444919568 × 10^281 |
| 114 | ov_114 | 5.9321982734646424 × 10^281 |
| 115 | ov_115 | 4.8095466630105595 × 10^281 |
| 116 | ov_116 | 3.839430085764038 × 10^281 |
| 117 | ov_117 | 3.0105519966283715 × 10^281 |
| 118 | ov_118 | 2.311645949377366 × 10^281 |
| 119 | ov_119 | 1.7314631252883913 × 10^281 |
| 120 | ov_120 | 1.2587649287032076 × 10^281 |
| 121 | ov_121 | 8.823188486697304 × 10^280 |
| 122 | ov_122 | 5.908961813674363 × 10^280 |
| 123 | ov_123 | 3.732706035199185 × 10^280 |
| 124 | ov_124 | 2.1821713484518224 × 10^280 |
| 125 | ov_125 | 1.1451145770218793 × 10^280 |
| 126 | ov_126 | 5.0929526079795734 × 10^279 |
| 127 | aaa_77_28 | 1.6247380699228484 × 10^279 |
| 128 | aaa_77_29 | 6.082431951044974 × 10^278 |
| 129 | ov_129 | 5.5076269876487616 × 10^278 |
| 130 | ov_130 | 5.507613512858172 × 10^278 |
| 131 | ov_131 | 5.507609186928572 × 10^278 |
| 132 | ov_132 | 4.74869361797057 × 10^278 |
| 133 | ov_133 | 4.071323467463834 × 10^278 |
| 134 | ov_134 | 3.469174569349776 × 10^278 |
| 135 | ov_135 | 2.936274586457261 × 10^278 |
| 136 | ov_136 | 2.4669773968287442 × 10^278 |
| 137 | ov_137 | 2.055940764010977 × 10^278 |
| 138 | ov_138 | 1.6981070418364933 × 10^278 |
| 139 | ov_139 | 1.3886866179730019 × 10^278 |
| 140 | ov_140 | 1.123143796513731 × 10^278 |
| 141 | ov_141 | 8.97184851976471 × 10^277 |
| 142 | ov_142 | 7.067480345224381 × 10^277 |
| 143 | ov_143 | 5.479953219264408 × 10^277 |
| 144 | ov_144 | 4.1730571074219085 × 10^277 |
| 145 | ov_145 | 3.1126986443198726 × 10^277 |
| 146 | ov_146 | 2.2668595149232097 × 10^277 |
| 147 | ov_147 | 1.6055649612174547 × 10^277 |
| 148 | ov_148 | 1.1008606629358953 × 10^277 |
| 149 | ov_149 | 7.26796392301671 × 10^276 |
| 150 | ov_150 | 4.594149939508206 × 10^276 |
| 151 | ov_151 | 2.7674539231277154 × 10^276 |
| 152 | ov_152 | 1.5879847978107826 × 10^276 |
| 153 | ov_153 | 8.756489003001344 × 10^275 |
| 154 | ov_154 | 4.701384575082743 × 10^275 |
| 155 | ov_155 | 2.309253533503528 × 10^275 |
| 156 | aaa_76_25 | 9.268997483881205 × 10^274 |
| 157 | aaa_76_26 | 5.703110724948182 × 10^274 |
| 158 | aaa_76_27 | 3.1258719541249846 × 10^274 |
| 159 | aaa_76_28 | 1.472447350086203 × 10^274 |
| 160 | aaa_76_29 | 5.541733577809342 × 10^273 |

### Output Bits Sorted by Complexity

| Rank | Output Bit | Complexity |
|:----:|:----------:|:----------:|
| 160 | aaa_76_29 | 5.541733577809342 × 10^273 |
| 159 | aaa_76_28 | 1.472447350086203 × 10^274 |
| 158 | aaa_76_27 | 3.1258719541249846 × 10^274 |
| 157 | aaa_76_26 | 5.703110724948182 × 10^274 |
| 156 | aaa_76_25 | 9.268997483881205 × 10^274 |
| 155 | ov_155 | 2.309253533503528 × 10^275 |
| 154 | ov_154 | 4.701384575082743 × 10^275 |
| 153 | ov_153 | 8.756489003001344 × 10^275 |
| 152 | ov_152 | 1.5879847978107826 × 10^276 |
| 151 | ov_151 | 2.7674539231277154 × 10^276 |
| 150 | ov_150 | 4.594149939508206 × 10^276 |
| 149 | ov_149 | 7.26796392301671 × 10^276 |
| 148 | ov_148 | 1.1008606629358953 × 10^277 |
| 147 | ov_147 | 1.6055649612174547 × 10^277 |
| 146 | ov_146 | 2.2668595149232097 × 10^277 |
| 145 | ov_145 | 3.1126986443198726 × 10^277 |
| 144 | ov_144 | 4.1730571074219085 × 10^277 |
| 143 | ov_143 | 5.479953219264408 × 10^277 |
| 142 | ov_142 | 7.067480345224381 × 10^277 |
| 141 | ov_141 | 8.97184851976471 × 10^277 |
| 140 | ov_140 | 1.123143796513731 × 10^278 |
| 139 | ov_139 | 1.3886866179730019 × 10^278 |
| 138 | ov_138 | 1.6981070418364933 × 10^278 |
| 137 | ov_137 | 2.055940764010977 × 10^278 |
| 136 | ov_136 | 2.4669773968287442 × 10^278 |
| 135 | ov_135 | 2.936274586457261 × 10^278 |
| 134 | ov_134 | 3.469174569349776 × 10^278 |
| 133 | ov_133 | 4.071323467463834 × 10^278 |
| 132 | ov_132 | 4.74869361797057 × 10^278 |
| 131 | ov_131 | 5.507609186928572 × 10^278 |
| 130 | ov_130 | 5.507613512858172 × 10^278 |
| 129 | ov_129 | 5.5076269876487616 × 10^278 |
| 128 | aaa_77_29 | 6.082431951044974 × 10^278 |
| 127 | aaa_77_28 | 1.6247380699228484 × 10^279 |
| 126 | ov_126 | 5.0929526079795734 × 10^279 |
| 125 | ov_125 | 1.1451145770218793 × 10^280 |
| 124 | ov_124 | 2.1821713484518224 × 10^280 |
| 123 | ov_123 | 3.732706035199185 × 10^280 |
| 122 | ov_122 | 5.908961813674363 × 10^280 |
| 121 | ov_121 | 8.823188486697304 × 10^280 |
| 120 | ov_120 | 1.2587649287032076 × 10^281 |
| 119 | ov_119 | 1.7314631252883913 × 10^281 |
| 118 | ov_118 | 2.311645949377366 × 10^281 |
| 117 | ov_117 | 3.0105519966283715 × 10^281 |
| 116 | ov_116 | 3.839430085764038 × 10^281 |
| 115 | ov_115 | 4.8095466630105595 × 10^281 |
| 114 | ov_114 | 5.9321982734646424 × 10^281 |
| 113 | ov_113 | 7.218730444919568 × 10^281 |
| 112 | ov_112 | 8.680563775633877 × 10^281 |
| 111 | ov_111 | 1.0329228018067115 × 10^282 |
| 110 | ov_110 | 1.2176404951563203 × 10^282 |
| 109 | ov_109 | 1.4233980838693477 × 10^282 |
| 108 | ov_108 | 1.6514109262914754 × 10^282 |
| 107 | ov_107 | 1.9029285149735775 × 10^282 |
| 106 | ov_106 | 2.179243078025275 × 10^282 |
| 105 | ov_105 | 2.4816994615302008 × 10^282 |
| 104 | ov_104 | 2.8117063761228394 × 10^282 |
| 103 | ov_103 | 3.1707490925112094 × 10^282 |
| 102 | ov_102 | 3.560403672889095 × 10^282 |
| 101 | ov_101 | 3.9823528278833205 × 10^282 |
| 100 | ov_100 | 4.4384034920015747 × 10^282 |
| 96 | aaa_78_29 | 4.5244783626658957 × 10^282 |
| 99 | ov_099 | 4.930506214564674 × 10^282 |
| 98 | ov_098 | 4.9305531442836327 × 10^282 |
| 97 | ov_097 | 4.930700293719851 × 10^282 |
| 95 | aaa_78_28 | 1.1939818634001457 × 10^283 |
| 94 | ov_094 | 3.7119732728173046 × 10^283 |
| 93 | ov_093 | 8.2804800647500095 × 10^283 |
| 92 | ov_092 | 1.5675242472772025 × 10^284 |
| 91 | ov_091 | 2.6672095715701875 × 10^284 |
| 90 | ov_090 | 4.564926474549555 × 10^284 |
| 89 | ov_089 | 7.776184132676602 × 10^284 |
| 88 | ov_088 | 1.3409836791369054 × 10^285 |
| 87 | ov_087 | 2.273067606281815 × 10^285 |
| 86 | ov_086 | 3.716012260350749 × 10^285 |
| 85 | ov_085 | 5.827728372320945 × 10^285 |
| 84 | ov_084 | 8.782046673468973 × 10^285 |
| 83 | ov_083 | 1.2768923785916759 × 10^286 |
| 82 | ov_082 | 1.7994711651283688 × 10^286 |
| 81 | ov_081 | 2.4682499481698514 × 10^286 |
| 80 | ov_080 | 3.307253722018386 × 10^286 |
| 64 | lv_79_k31 | 3.6181474867188175 × 10^286 |
| 79 | ov_079 | 4.3298276039799604 × 10^286 |
| 78 | ov_078 | 5.563592872820763 × 10^286 |
| 77 | ov_077 | 7.03807181963035 × 10^286 |
| 76 | ov_076 | 8.784771699012228 × 10^286 |
| 75 | ov_075 | 1.083728134083144 × 10^287 |
| 74 | ov_074 | 1.3231381334082006 × 10^287 |
| 63 | ov_063 | 1.4962306626374754 × 10^287 |
| 73 | ov_073 | 1.6005168701992287 × 10^287 |
| 72 | ov_072 | 1.917955285901093 × 10^287 |
| 71 | ov_071 | 2.279770035042223 × 10^287 |
| 70 | ov_070 | 2.6905564503196173 × 10^287 |
| 69 | ov_069 | 3.1552077532531162 × 10^287 |
| 68 | ov_068 | 3.678936198394065 × 10^287 |
| 67 | ov_067 | 4.2646076041841966 × 10^287 |
| 66 | ov_066 | 4.264611194611355 × 10^287 |
| 65 | ov_065 | 4.2646222720114915 × 10^287 |
| 62 | ov_062 | 6.185702544905675 × 10^287 |
| 61 | ov_061 | 1.8714687951326568 × 10^288 |
| 60 | ov_060 | 4.54654241040724 × 10^288 |
| 59 | ov_059 | 9.45152232248931 × 10^288 |
| 58 | ov_058 | 1.7452708746665876 × 10^289 |
| 57 | ov_057 | 2.941640903983075 × 10^289 |
| 56 | ov_056 | 4.620895271853866 × 10^289 |
| 55 | ov_055 | 7.352556635709279 × 10^289 |
| 54 | ov_054 | 1.2362319439527088 × 10^290 |
| 53 | ov_053 | 2.1049195450457622 × 10^290 |
| 52 | ov_052 | 3.49855631976682 × 10^290 |
| 51 | ov_051 | 5.591724673520845 × 10^290 |
| 50 | ov_050 | 8.576364512280798 × 10^290 |
| 49 | ov_049 | 1.2661795308983418 × 10^291 |
| 48 | ov_048 | 1.807475386403547 × 10^291 |
| 47 | ov_047 | 2.5059456817888182 × 10^291 |
| 46 | ov_046 | 3.3877698662368855 × 10^291 |
| 32 | lv_80_k31 | 3.571703944000138 × 10^291 |
| 45 | ov_045 | 4.467369072127309 × 10^291 |
| 44 | ov_044 | 5.760066918682689 × 10^291 |
| 43 | ov_043 | 7.282105666569194 × 10^291 |
| 42 | ov_042 | 9.050667344961592 × 10^291 |
| 41 | ov_041 | 1.1101082773032684 × 10^292 |
| 40 | ov_040 | 1.3470649986211448 × 10^292 |
| 31 | ov_031 | 1.477658190822157 × 10^292 |
| 39 | ov_039 | 1.6198709111067482 × 10^292 |
| 38 | ov_038 | 1.9326733192630904 × 10^292 |
| 37 | ov_037 | 2.2898437136989553 × 10^292 |
| 36 | ov_036 | 2.695990721216257 × 10^292 |
| 35 | ov_035 | 3.1559753713173995 × 10^292 |
| 34 | ov_034 | 3.674928956846458 × 10^292 |
| 33 | ov_033 | 4.2582737648966697 × 10^292 |
| 30 | ov_030 | 6.111400245742795 × 10^292 |
| 29 | ov_029 | 1.849623291711567 × 10^293 |
| 28 | ov_028 | 4.495122919702019 × 10^293 |
| 27 | ov_027 | 9.348110890835025 × 10^293 |
| 26 | ov_026 | 1.947488387130841 × 10^294 |
| 25 | ov_025 | 3.88005541735301 × 10^294 |
| 24 | ov_024 | 7.603418511570881 × 10^294 |
| 23 | ov_023 | 1.4160257390912575 × 10^295 |
| 22 | ov_022 | 2.4765042325863373 × 10^295 |
| 21 | ov_021 | 4.0804066134287004 × 10^295 |
| 20 | ov_020 | 6.383549754494946 × 10^295 |
| 19 | ov_019 | 9.558946279950347 × 10^295 |
| 18 | ov_018 | 1.379681672535715 × 10^296 |
| 17 | ov_017 | 1.9304608978617487 × 10^296 |
| 16 | ov_016 | 2.630703187319244 × 10^296 |
| 15 | ov_015 | 3.5046112949775723 × 10^296 |
| 14 | ov_014 | 4.578129227228315 × 10^296 |
| 13 | ov_013 | 5.878956557134957 × 10^296 |
| 12 | ov_012 | 7.436569137673774 × 10^296 |
| 11 | ov_011 | 9.28224781898091 × 10^296 |
| 10 | ov_010 | 1.144911691395266 × 10^297 |
| 9 | ov_009 | 1.3972194296197617 × 10^297 |
| 8 | ov_008 | 1.6888455019348338 × 10^297 |
| 7 | ov_007 | 2.0236910073230522 × 10^297 |
| 6 | ov_006 | 2.4058701593477 × 10^297 |
| 5 | ov_005 | 2.83972157876201 × 10^297 |
| 4 | ov_004 | 3.3298215086963144 × 10^297 |
| 3 | ov_003 | 3.8809991635053175 × 10^297 |
| 2 | ov_002 | 4.495874575923429 × 10^297 |
| 1 | ov_001 | 5.1772188555742056 × 10^297 |

