# Results for F001-F002-F003-F004-F005-F006-F007-F008-F009-F010-F011-F012-F013-F014-F015-F016-F017-F018-F019-F020-F021-F022-F023-F024-F025-F026-F027-F028-F029-F030-F031-F032-F033-F034-F035-F036-F037-F038-F039-F040-F041-F042-F043-F044-F045-F046-F047-F048-F049-F050-F051-F052-F053-F054-F055-F056-F057-F058-F059-F060-F061-F062-F063-F064-F065-F066-F067-F068-F069-F070-F071-F072-F073-F074-F075-F076-F077-F078-F079-F080-F081-F082-F083-F084-F085-F086-F087-F088-F089-F090-F091-F092-F093-F094-F095-F096-F097-F098-F099-F100-F101-F102-F103-F104-F105-F106-F107-F108-F109-F110-F111-F112-F113-F114-F115-F116-F117-F118-F119-F120-F121-F122-F123-F124-F125-F126-F127-F128-F129-F130-F131-F132-F133-F134-F135-F136-F137-F138-F139-F140-F141-F142-F143-F144-F145-F146-F147-F148-F149-F150-F151-F152-F153-F154-F155-F156-F157-F158-F159-F160-F161-F162-F163-F164-F165-F166-F167-F168-F169-F170-F171-F172-F173-F174-F175-F176-F177-F178-F179-F180-F181-F182-F183-F184-F185-F186-F187-F188-F189-F190-F191-F192-F193-F194-F195-F196-F197-F198-F199-F200-F201-F202-F203-F204-F205-F206-F207-F208-F209-F210-F211-F212-F213-F214-F215-F216-F217-F218-F219-F220-F221-F222-F223-F224-F225-F226-F227-F228-F229-F230-F231-F232-F233-F234-F235-F236-F237-F238-F239-F240-F241-F242-F243-F244-F245-F246-F247-F248-F249-F250-F251-F252-F253-F254-F255-F256-F257-F258-F259-F260-F261-F262-F263-F264-F265-F266-F267-F268-F269-F270-F271-F272-F273-F274-F275-F276-F277-F278-F279-F280-F281-F282-F283-F284-F285-F286-F287-F288-F289-F290-F291-F292-F293-F294-F295-F296-F297-F298-F299-F300-F301-F302-F303-F304-F305-F306-F307-F308-F309-F310-F311-F312-F313-F314-F315-F316-F317-F318-F319-F320-F321-F322-F323-F324-F325-F326-F327-F328-F329-F330-F331-F332-F333-F334-F335-F336-F337-F338-F339-F340-F341-F342-F343-F344-F345-F346-F347-F348-F349-F350-F351-F352-F353-F354-F355-F356-F357-F358-F359-F360-F361-F362-F363-F364-F365-F366-F367-F368-F369-F370-F371-F372-F373-F374-F375-F376-F377-F378-F379-F380-F381-F382-F383-F384-F385-F386-F387-F388-F389-F390-F391-F392-F393-F394-F395-F396-F397-F398-F399-F400-F401-F402-F403-F404-F405-F406-F407-F408-F409-F410-F411-F412-F413-F414-F415-F416-F417-F418-F419-F420-F421-F422-F423-F424-F425-F426-F427-F428-F429-F430-F431-F432-F433-F434-F435-F436-F437-F438-F439-F440-F441-F442-F443-F444-F445-F446-F447-F448-F449-F450-F451-F452-F453-F454-F455-F456-F457-F458-F459-F460-F461-F462-F463-F464-F465-F466-F467-F468-F469-F470-F471-F472-F473-F474-F475-F476-F477-F478-F479-F480-F481-F482-F483-F484-F485-F486-F487-F488-F489-F490-F491-F492-F493-F494-F495-F496-F497-F498-F499-F500-F501-F502-F503-F504-F505-F509-F512

## Summary

Number of input bits: 512  
Number of free input bits: 5  
Number of output bits: 160

Number of direct occurrences: 20599  
Number of assignments: 29751  
Number of operations: 10623085
(xor: 10592825,
and: 17762,
or: 12498)

Total complexity: 7.1164245584797 × 10^293

Least occurring input variable: iv_507 (3992)  
Most occurring input variable: iv_510 (4252)

Most co-occurring input variables: iv_510-iv_511 (2050)  
Least co-occurring input variables: iv_507-iv_511 (1885)

Potentially most occurring input variable: iv_507/iv_510 (4468)  
Potentially least occurring input variable: iv_506/iv_507 (4095)

Least output occurring input variable: iv_511 (70)  
Most output occurring input variable: iv_508 (86)

Most output co-occurring input variables: iv_510-iv_511 (46)  
Least output co-occurring input variables: iv_508-iv_511 (32)

Potentially most output occurring input variable: iv_508/iv_511 (92)  
Potentially least output occurring input variable: iv_510/iv_511 (61)

Least complex input bit: iv_511 (2.4799194696805776 × 10^290)  
Most complex input bit: iv_510 (2.8326397248624134 × 10^293)

Least complex output bit: aaa_76_29 (1.6399590908561706 × 10^269)  
Most complex output bit: ov_001 (1.116305495043335 × 10^293)

Least complex input/output complexity: iv_511/aaa_76_29 (5.714901416397102 × 10^265)  
Most complex input/output complexity: iv_510/ov_001 (4.443370774687843 × 10^292)

Input variable with highest collision probability: iv_506 (½^160.00000000000068)

## Input Bits

### Input Bits in Regular Order

| Input Bit | Complexity | Occurrences | Output Occurrences | Collision Probability |
|:---------:|:----------:|:-----------:|:------------------:|:---------------------:|
| iv_506 | 7.306375813427831 × 10^292 | 4087 | 77 | ½^160.00000000000068 |
| iv_507 | 1.402746948514061 × 10^293 | 3992 | 79 | ½^160.00000000000077 |
| iv_508 | 2.1479203842907625 × 10^293 | 4122 | 86 | ½^160.00000000000077 |
| iv_510 | 2.8326397248624134 × 10^293 | 4252 | 83 | ½^160.00000000000077 |
| iv_511 | 2.4799194696805776 × 10^290 | 4146 | 70 | ½^160.00000000000074 |

### Input Bits Sorted by Complexity

| Input Bit | Complexity | Occurrences | Output Occurrences | Collision Probability |
|:---------:|:----------:|:-----------:|:------------------:|:---------------------:|
| iv_511 | 2.4799194696805776 × 10^290 | 4146 | 70 | ½^160.00000000000074 |
| iv_506 | 7.306375813427831 × 10^292 | 4087 | 77 | ½^160.00000000000068 |
| iv_507 | 1.402746948514061 × 10^293 | 3992 | 79 | ½^160.00000000000077 |
| iv_508 | 2.1479203842907625 × 10^293 | 4122 | 86 | ½^160.00000000000077 |
| iv_510 | 2.8326397248624134 × 10^293 | 4252 | 83 | ½^160.00000000000077 |

### Input Bits Sorted by Occurrences

| Input Bit | Complexity | Occurrences | Output Occurrences | Collision Probability |
|:---------:|:----------:|:-----------:|:------------------:|:---------------------:|
| iv_507 | 1.402746948514061 × 10^293 | 3992 | 79 | ½^160.00000000000077 |
| iv_506 | 7.306375813427831 × 10^292 | 4087 | 77 | ½^160.00000000000068 |
| iv_508 | 2.1479203842907625 × 10^293 | 4122 | 86 | ½^160.00000000000077 |
| iv_511 | 2.4799194696805776 × 10^290 | 4146 | 70 | ½^160.00000000000074 |
| iv_510 | 2.8326397248624134 × 10^293 | 4252 | 83 | ½^160.00000000000077 |

### Input Bits Sorted by Output Occurrences

| Input Bit | Complexity | Occurrences | Output Occurrences | Collision Probability |
|:---------:|:----------:|:-----------:|:------------------:|:---------------------:|
| iv_511 | 2.4799194696805776 × 10^290 | 4146 | 70 | ½^160.00000000000074 |
| iv_506 | 7.306375813427831 × 10^292 | 4087 | 77 | ½^160.00000000000068 |
| iv_507 | 1.402746948514061 × 10^293 | 3992 | 79 | ½^160.00000000000077 |
| iv_510 | 2.8326397248624134 × 10^293 | 4252 | 83 | ½^160.00000000000077 |
| iv_508 | 2.1479203842907625 × 10^293 | 4122 | 86 | ½^160.00000000000077 |

### Input Bits Sorted by Collision Probability

| Input Bit | Complexity | Occurrences | Output Occurrences | Collision Probability |
|:---------:|:----------:|:-----------:|:------------------:|:---------------------:|
| iv_506 | 7.306375813427831 × 10^292 | 4087 | 77 | ½^160.00000000000068 |
| iv_511 | 2.4799194696805776 × 10^290 | 4146 | 70 | ½^160.00000000000074 |
| iv_510 | 2.8326397248624134 × 10^293 | 4252 | 83 | ½^160.00000000000077 |
| iv_507 | 1.402746948514061 × 10^293 | 3992 | 79 | ½^160.00000000000077 |
| iv_508 | 2.1479203842907625 × 10^293 | 4122 | 86 | ½^160.00000000000077 |

## Input Bit/Output Bit Collision Probabilities

| Input Bit | Output Bit | Collision Probability |
|:---------:|:----------:|:---------------------:|
| iv_506 | ov_126 | 0.5000000000000018 |
| iv_508 | ov_058 | 0.5000000000000016 |
| iv_506 | ov_105 | 0.5000000000000014 |
| iv_507 | ov_072 | 0.5000000000000014 |
| iv_507 | ov_021 | 0.5000000000000013 |

## Input Bit Co-occurrences

### Input Bit Co-occurrences Sorted by Co-occurrences

| Input Bits | Co-occurrences | Potential Occurrences | Output Co-occurrences | Potential Output Occurrences |
|:----------:|:--------------:|:---------------------:|:---------------------:|:----------------------------:|
| iv_510-iv_511 | 2050 | 4298 | 46 | 61 |
| iv_506-iv_510 | 2031 | 4277 | 41 | 78 |
| iv_508-iv_510 | 2015 | 4344 | 42 | 85 |
| iv_506-iv_507 | 1992 | 4095 | 40 | 76 |
| iv_506-iv_508 | 1972 | 4265 | 41 | 81 |

### Input Bit Co-occurrences Sorted by Potential Occurrences

| Input Bits | Co-occurrences | Potential Occurrences | Output Co-occurrences | Potential Output Occurrences |
|:----------:|:--------------:|:---------------------:|:---------------------:|:----------------------------:|
| iv_506-iv_507 | 1992 | 4095 | 40 | 76 |
| iv_507-iv_508 | 1934 | 4246 | 43 | 79 |
| iv_506-iv_508 | 1972 | 4265 | 41 | 81 |
| iv_506-iv_510 | 2031 | 4277 | 41 | 78 |
| iv_510-iv_511 | 2050 | 4298 | 46 | 61 |

### Input Bit Output Co-occurrences Sorted by Output Co-occurrences

| Input Bits | Co-occurrences | Potential Occurrences | Output Co-occurrences | Potential Output Occurrences |
|:----------:|:--------------:|:---------------------:|:---------------------:|:----------------------------:|
| iv_510-iv_511 | 2050 | 4298 | 46 | 61 |
| iv_507-iv_508 | 1934 | 4246 | 43 | 79 |
| iv_508-iv_510 | 2015 | 4344 | 42 | 85 |
| iv_506-iv_508 | 1972 | 4265 | 41 | 81 |
| iv_506-iv_510 | 2031 | 4277 | 41 | 78 |

### Input Bit Output Co-occurrences Sorted by Potential Output Occurrences

| Input Bits | Co-occurrences | Potential Occurrences | Output Co-occurrences | Potential Output Occurrences |
|:----------:|:--------------:|:---------------------:|:---------------------:|:----------------------------:|
| iv_510-iv_511 | 2050 | 4298 | 46 | 61 |
| iv_506-iv_507 | 1992 | 4095 | 40 | 76 |
| iv_506-iv_511 | 1910 | 4413 | 35 | 77 |
| iv_506-iv_510 | 2031 | 4277 | 41 | 78 |
| iv_507-iv_508 | 1934 | 4246 | 43 | 79 |

## Output Bits

### Output Bits in Regular Order

| Rank | Output Bit | Complexity |
|:----:|:----------:|:----------:|
| 1 | ov_001 | 1.116305495043335 × 10^293 |
| 2 | ov_002 | 9.757224584183996 × 10^292 |
| 3 | ov_003 | 8.477005121463276 × 10^292 |
| 4 | ov_004 | 7.316396379566178 × 10^292 |
| 5 | ov_005 | 6.269724306037732 × 10^292 |
| 6 | ov_006 | 5.331617638770357 × 10^292 |
| 7 | ov_007 | 4.49698768054346 × 10^292 |
| 8 | ov_008 | 3.7610108707482214 × 10^292 |
| 9 | ov_009 | 3.119113807992807 × 10^292 |
| 10 | ov_010 | 2.562850618469942 × 10^292 |
| 11 | ov_011 | 2.0842188336869295 × 10^292 |
| 12 | ov_012 | 1.6756424364411273 × 10^292 |
| 13 | ov_013 | 1.3299578603368005 × 10^292 |
| 14 | ov_014 | 1.0404026456119355 × 10^292 |
| 15 | ov_015 | 8.006064729350024 × 10^291 |
| 16 | ov_016 | 6.045843155436896 × 10^291 |
| 17 | ov_017 | 4.4673144433069365 × 10^291 |
| 18 | ov_018 | 3.2181996822553824 × 10^291 |
| 19 | ov_019 | 2.249965468211564 × 10^291 |
| 20 | ov_020 | 1.5178093982946758 × 10^291 |
| 21 | ov_021 | 9.806512967238314 × 10^290 |
| 22 | ov_022 | 6.011280317131486 × 10^290 |
| 23 | ov_023 | 3.45590270043 × 10^290 |
| 24 | ov_024 | 1.84100296664936 × 10^290 |
| 25 | ov_025 | 9.043058684825927 × 10^289 |
| 26 | ov_026 | 4.206294845147504 × 10^289 |
| 27 | ov_027 | 2.0188060930471907 × 10^289 |
| 28 | ov_028 | 9.705261129681375 × 10^288 |
| 29 | ov_029 | 3.9913662782681614 × 10^288 |
| 30 | ov_030 | 1.3175510540679901 × 10^288 |
| 31 | ov_031 | 3.180796750734755 × 10^287 |
| 32 | lv_80_k31 | 7.673448876462129 × 10^286 |
| 33 | ov_033 | 9.183167278465092 × 10^287 |
| 34 | ov_034 | 7.928692657769513 × 10^287 |
| 35 | ov_035 | 6.806756339503616 × 10^287 |
| 36 | ov_036 | 5.809922315258122 × 10^287 |
| 37 | ov_037 | 4.9311602277475815 × 10^287 |
| 38 | ov_038 | 4.1638153400036815 × 10^287 |
| 39 | ov_039 | 3.495605033675864 × 10^287 |
| 40 | ov_040 | 2.9148826833789985 × 10^287 |
| 41 | ov_041 | 2.410602723903016 × 10^287 |
| 42 | ov_042 | 1.9773886377649856 × 10^287 |
| 43 | ov_043 | 1.605313606875867 × 10^287 |
| 44 | ov_044 | 1.2849775894327415 × 10^287 |
| 45 | ov_045 | 1.0118099642333695 × 10^287 |
| 46 | ov_046 | 7.814914476331924 × 10^286 |
| 47 | ov_047 | 5.899481482691164 × 10^286 |
| 48 | ov_048 | 4.333469264350935 × 10^286 |
| 49 | ov_049 | 3.0809185769918066 × 10^286 |
| 50 | ov_050 | 2.1082164305453274 × 10^286 |
| 51 | ov_051 | 1.3840780071260899 × 10^286 |
| 52 | ov_052 | 8.795346723546601 × 10^285 |
| 53 | ov_053 | 5.4357108599270073 × 10^285 |
| 54 | ov_054 | 3.297784848548086 × 10^285 |
| 55 | ov_055 | 1.963510328149648 × 10^285 |
| 56 | ov_056 | 1.235362137243797 × 10^285 |
| 57 | ov_057 | 7.872840255254059 × 10^284 |
| 58 | ov_058 | 4.677451473713307 × 10^284 |
| 59 | ov_059 | 2.5375535375731013 × 10^284 |
| 60 | ov_060 | 1.2232509964981415 × 10^284 |
| 61 | ov_061 | 5.046503465492884 × 10^283 |
| 62 | ov_062 | 1.671452370127197 × 10^283 |
| 63 | ov_063 | 4.050819742205562 × 10^282 |
| 64 | lv_79_k31 | 9.811822134532109 × 10^281 |
| 65 | ov_065 | 1.1464787584512224 × 10^283 |
| 66 | ov_066 | 1.1464757396166896 × 10^283 |
| 67 | ov_067 | 1.1464747612640058 × 10^283 |
| 68 | ov_068 | 9.936082777457653 × 10^282 |
| 69 | ov_069 | 8.555534625307197 × 10^282 |
| 70 | ov_070 | 7.315289467770504 × 10^282 |
| 71 | ov_071 | 6.20801636966507 × 10^282 |
| 72 | ov_072 | 5.22683415490963 × 10^282 |
| 73 | ov_073 | 4.3652812693632237 × 10^282 |
| 74 | ov_074 | 3.61728835138064 × 10^282 |
| 75 | ov_075 | 2.971796222554163 × 10^282 |
| 76 | ov_076 | 2.4184153380646917 × 10^282 |
| 77 | ov_077 | 1.947387657945041 × 10^282 |
| 78 | ov_078 | 1.5495527145575294 × 10^282 |
| 79 | ov_079 | 1.2163176221647816 × 10^282 |
| 80 | ov_080 | 9.396307778710506 × 10^281 |
| 81 | ov_081 | 7.119590056546546 × 10^281 |
| 82 | ov_082 | 5.262678968994401 × 10^281 |
| 83 | ov_083 | 3.7916267381154974 × 10^281 |
| 84 | ov_084 | 2.6455904346369197 × 10^281 |
| 85 | ov_085 | 1.76829229272135 × 10^281 |
| 86 | ov_086 | 1.132721757136384 × 10^281 |
| 87 | ov_087 | 6.914714427511381 × 10^280 |
| 88 | ov_088 | 4.014762140652855 × 10^280 |
| 89 | ov_089 | 2.2397184741961577 × 10^280 |
| 90 | ov_090 | 1.244661115544191 × 10^280 |
| 91 | ov_091 | 7.271982776345228 × 10^279 |
| 92 | ov_092 | 4.273549123022758 × 10^279 |
| 93 | ov_093 | 2.2573743318127942 × 10^279 |
| 94 | ov_094 | 1.0118638925580904 × 10^279 |
| 95 | aaa_78_28 | 3.254495635891962 × 10^278 |
| 96 | aaa_78_29 | 1.233135326560552 × 10^278 |
| 97 | ov_097 | 1.3435132783569488 × 10^278 |
| 98 | ov_098 | 1.3434725364527886 × 10^278 |
| 99 | ov_099 | 1.3434595126959942 × 10^278 |
| 100 | ov_100 | 1.2091574050706347 × 10^278 |
| 101 | ov_101 | 1.0847485799806437 × 10^278 |
| 102 | ov_102 | 9.69689447330081 × 10^277 |
| 103 | ov_103 | 8.634765312132255 × 10^277 |
| 104 | ov_104 | 7.656412626940277 × 10^277 |
| 105 | ov_105 | 6.757452453047895 × 10^277 |
| 106 | ov_106 | 5.933759032415103 × 10^277 |
| 107 | ov_107 | 5.18142546288425 × 10^277 |
| 108 | ov_108 | 4.496728865145607 × 10^277 |
| 109 | ov_109 | 3.876099811879523 × 10^277 |
| 110 | ov_110 | 3.3160953140535554 × 10^277 |
| 111 | ov_111 | 2.813374664285937 × 10^277 |
| 112 | ov_112 | 2.364678352638958 × 10^277 |
| 113 | ov_113 | 1.9668102729163308 × 10^277 |
| 114 | ov_114 | 1.6166226457320525 × 10^277 |
| 115 | ov_115 | 1.3110030859130454 × 10^277 |
| 116 | ov_116 | 1.046863918325438 × 10^277 |
| 117 | ov_117 | 8.211338467180216 × 10^276 |
| 118 | ov_118 | 6.307517426188997 × 10^276 |
| 119 | ov_119 | 4.7266232148135013 × 10^276 |
| 120 | ov_120 | 3.4381347336112794 × 10^276 |
| 121 | ov_121 | 2.4115488134570304 × 10^276 |
| 122 | ov_122 | 1.616373509191425 × 10^276 |
| 123 | ov_123 | 1.022123897706542 × 10^276 |
| 124 | ov_124 | 5.983190203507896 × 10^275 |
| 125 | ov_125 | 3.1447987635288023 × 10^275 |
| 126 | ov_126 | 1.4012826832826982 × 10^275 |
| 127 | aaa_77_28 | 4.478625570358078 × 10^274 |
| 128 | aaa_77_29 | 1.680650876653647 × 10^274 |
| 129 | ov_129 | 1.5344977849685943 × 10^274 |
| 130 | ov_130 | 1.5344937924425475 × 10^274 |
| 131 | ov_131 | 1.5344925083711325 × 10^274 |
| 132 | ov_132 | 1.3320888667070644 × 10^274 |
| 133 | ov_133 | 1.1491145887109364 × 10^274 |
| 134 | ov_134 | 9.846086484226308 × 10^273 |
| 135 | ov_135 | 8.376647427390383 × 10^273 |
| 136 | ov_136 | 7.074271747845418 × 10^273 |
| 137 | ov_137 | 5.93087206702045 × 10^273 |
| 138 | ov_138 | 4.9315583375719574 × 10^273 |
| 139 | ov_139 | 4.0622357972594236 × 10^273 |
| 140 | ov_140 | 3.309560660825095 × 10^273 |
| 141 | ov_141 | 2.6670437004727093 × 10^273 |
| 142 | ov_142 | 2.1227378321817337 × 10^273 |
| 143 | ov_143 | 1.665353857283128 × 10^273 |
| 144 | ov_144 | 1.2842403621420868 × 10^273 |
| 145 | ov_145 | 9.693678984903464 × 10^272 |
| 146 | ov_146 | 7.158755027504187 × 10^272 |
| 147 | ov_147 | 5.149441492193512 × 10^272 |
| 148 | ov_148 | 3.5834880172246665 × 10^272 |
| 149 | ov_149 | 2.384537535229127 × 10^272 |
| 150 | ov_150 | 1.5158801057954195 × 10^272 |
| 151 | ov_151 | 9.128628422847085 × 10^271 |
| 152 | ov_152 | 5.16662914660446 × 10^271 |
| 153 | ov_153 | 2.7428073148894474 × 10^271 |
| 154 | ov_154 | 1.3853632472117834 × 10^271 |
| 155 | ov_155 | 6.806739287647942 × 10^270 |
| 156 | aaa_76_25 | 2.732823312476938 × 10^270 |
| 157 | aaa_76_26 | 1.682510486365308 × 10^270 |
| 158 | aaa_76_27 | 9.229757248089011 × 10^269 |
| 159 | aaa_76_28 | 4.352321913277527 × 10^269 |
| 160 | aaa_76_29 | 1.6399590908561706 × 10^269 |

### Output Bits Sorted by Complexity

| Rank | Output Bit | Complexity |
|:----:|:----------:|:----------:|
| 160 | aaa_76_29 | 1.6399590908561706 × 10^269 |
| 159 | aaa_76_28 | 4.352321913277527 × 10^269 |
| 158 | aaa_76_27 | 9.229757248089011 × 10^269 |
| 157 | aaa_76_26 | 1.682510486365308 × 10^270 |
| 156 | aaa_76_25 | 2.732823312476938 × 10^270 |
| 155 | ov_155 | 6.806739287647942 × 10^270 |
| 154 | ov_154 | 1.3853632472117834 × 10^271 |
| 153 | ov_153 | 2.7428073148894474 × 10^271 |
| 152 | ov_152 | 5.16662914660446 × 10^271 |
| 151 | ov_151 | 9.128628422847085 × 10^271 |
| 150 | ov_150 | 1.5158801057954195 × 10^272 |
| 149 | ov_149 | 2.384537535229127 × 10^272 |
| 148 | ov_148 | 3.5834880172246665 × 10^272 |
| 147 | ov_147 | 5.149441492193512 × 10^272 |
| 146 | ov_146 | 7.158755027504187 × 10^272 |
| 145 | ov_145 | 9.693678984903464 × 10^272 |
| 144 | ov_144 | 1.2842403621420868 × 10^273 |
| 143 | ov_143 | 1.665353857283128 × 10^273 |
| 142 | ov_142 | 2.1227378321817337 × 10^273 |
| 141 | ov_141 | 2.6670437004727093 × 10^273 |
| 140 | ov_140 | 3.309560660825095 × 10^273 |
| 139 | ov_139 | 4.0622357972594236 × 10^273 |
| 138 | ov_138 | 4.9315583375719574 × 10^273 |
| 137 | ov_137 | 5.93087206702045 × 10^273 |
| 136 | ov_136 | 7.074271747845418 × 10^273 |
| 135 | ov_135 | 8.376647427390383 × 10^273 |
| 134 | ov_134 | 9.846086484226308 × 10^273 |
| 133 | ov_133 | 1.1491145887109364 × 10^274 |
| 132 | ov_132 | 1.3320888667070644 × 10^274 |
| 131 | ov_131 | 1.5344925083711325 × 10^274 |
| 130 | ov_130 | 1.5344937924425475 × 10^274 |
| 129 | ov_129 | 1.5344977849685943 × 10^274 |
| 128 | aaa_77_29 | 1.680650876653647 × 10^274 |
| 127 | aaa_77_28 | 4.478625570358078 × 10^274 |
| 126 | ov_126 | 1.4012826832826982 × 10^275 |
| 125 | ov_125 | 3.1447987635288023 × 10^275 |
| 124 | ov_124 | 5.983190203507896 × 10^275 |
| 123 | ov_123 | 1.022123897706542 × 10^276 |
| 122 | ov_122 | 1.616373509191425 × 10^276 |
| 121 | ov_121 | 2.4115488134570304 × 10^276 |
| 120 | ov_120 | 3.4381347336112794 × 10^276 |
| 119 | ov_119 | 4.7266232148135013 × 10^276 |
| 118 | ov_118 | 6.307517426188997 × 10^276 |
| 117 | ov_117 | 8.211338467180216 × 10^276 |
| 116 | ov_116 | 1.046863918325438 × 10^277 |
| 115 | ov_115 | 1.3110030859130454 × 10^277 |
| 114 | ov_114 | 1.6166226457320525 × 10^277 |
| 113 | ov_113 | 1.9668102729163308 × 10^277 |
| 112 | ov_112 | 2.364678352638958 × 10^277 |
| 111 | ov_111 | 2.813374664285937 × 10^277 |
| 110 | ov_110 | 3.3160953140535554 × 10^277 |
| 109 | ov_109 | 3.876099811879523 × 10^277 |
| 108 | ov_108 | 4.496728865145607 × 10^277 |
| 107 | ov_107 | 5.18142546288425 × 10^277 |
| 106 | ov_106 | 5.933759032415103 × 10^277 |
| 105 | ov_105 | 6.757452453047895 × 10^277 |
| 104 | ov_104 | 7.656412626940277 × 10^277 |
| 103 | ov_103 | 8.634765312132255 × 10^277 |
| 102 | ov_102 | 9.69689447330081 × 10^277 |
| 101 | ov_101 | 1.0847485799806437 × 10^278 |
| 100 | ov_100 | 1.2091574050706347 × 10^278 |
| 96 | aaa_78_29 | 1.233135326560552 × 10^278 |
| 99 | ov_099 | 1.3434595126959942 × 10^278 |
| 98 | ov_098 | 1.3434725364527886 × 10^278 |
| 97 | ov_097 | 1.3435132783569488 × 10^278 |
| 95 | aaa_78_28 | 3.254495635891962 × 10^278 |
| 94 | ov_094 | 1.0118638925580904 × 10^279 |
| 93 | ov_093 | 2.2573743318127942 × 10^279 |
| 92 | ov_092 | 4.273549123022758 × 10^279 |
| 91 | ov_091 | 7.271982776345228 × 10^279 |
| 90 | ov_090 | 1.244661115544191 × 10^280 |
| 89 | ov_089 | 2.2397184741961577 × 10^280 |
| 88 | ov_088 | 4.014762140652855 × 10^280 |
| 87 | ov_087 | 6.914714427511381 × 10^280 |
| 86 | ov_086 | 1.132721757136384 × 10^281 |
| 85 | ov_085 | 1.76829229272135 × 10^281 |
| 84 | ov_084 | 2.6455904346369197 × 10^281 |
| 83 | ov_083 | 3.7916267381154974 × 10^281 |
| 82 | ov_082 | 5.262678968994401 × 10^281 |
| 81 | ov_081 | 7.119590056546546 × 10^281 |
| 80 | ov_080 | 9.396307778710506 × 10^281 |
| 64 | lv_79_k31 | 9.811822134532109 × 10^281 |
| 79 | ov_079 | 1.2163176221647816 × 10^282 |
| 78 | ov_078 | 1.5495527145575294 × 10^282 |
| 77 | ov_077 | 1.947387657945041 × 10^282 |
| 76 | ov_076 | 2.4184153380646917 × 10^282 |
| 75 | ov_075 | 2.971796222554163 × 10^282 |
| 74 | ov_074 | 3.61728835138064 × 10^282 |
| 63 | ov_063 | 4.050819742205562 × 10^282 |
| 73 | ov_073 | 4.3652812693632237 × 10^282 |
| 72 | ov_072 | 5.22683415490963 × 10^282 |
| 71 | ov_071 | 6.20801636966507 × 10^282 |
| 70 | ov_070 | 7.315289467770504 × 10^282 |
| 69 | ov_069 | 8.555534625307197 × 10^282 |
| 68 | ov_068 | 9.936082777457653 × 10^282 |
| 67 | ov_067 | 1.1464747612640058 × 10^283 |
| 66 | ov_066 | 1.1464757396166896 × 10^283 |
| 65 | ov_065 | 1.1464787584512224 × 10^283 |
| 62 | ov_062 | 1.671452370127197 × 10^283 |
| 61 | ov_061 | 5.046503465492884 × 10^283 |
| 60 | ov_060 | 1.2232509964981415 × 10^284 |
| 59 | ov_059 | 2.5375535375731013 × 10^284 |
| 58 | ov_058 | 4.677451473713307 × 10^284 |
| 57 | ov_057 | 7.872840255254059 × 10^284 |
| 56 | ov_056 | 1.235362137243797 × 10^285 |
| 55 | ov_055 | 1.963510328149648 × 10^285 |
| 54 | ov_054 | 3.297784848548086 × 10^285 |
| 53 | ov_053 | 5.4357108599270073 × 10^285 |
| 52 | ov_052 | 8.795346723546601 × 10^285 |
| 51 | ov_051 | 1.3840780071260899 × 10^286 |
| 50 | ov_050 | 2.1082164305453274 × 10^286 |
| 49 | ov_049 | 3.0809185769918066 × 10^286 |
| 48 | ov_048 | 4.333469264350935 × 10^286 |
| 47 | ov_047 | 5.899481482691164 × 10^286 |
| 32 | lv_80_k31 | 7.673448876462129 × 10^286 |
| 46 | ov_046 | 7.814914476331924 × 10^286 |
| 45 | ov_045 | 1.0118099642333695 × 10^287 |
| 44 | ov_044 | 1.2849775894327415 × 10^287 |
| 43 | ov_043 | 1.605313606875867 × 10^287 |
| 42 | ov_042 | 1.9773886377649856 × 10^287 |
| 41 | ov_041 | 2.410602723903016 × 10^287 |
| 40 | ov_040 | 2.9148826833789985 × 10^287 |
| 31 | ov_031 | 3.180796750734755 × 10^287 |
| 39 | ov_039 | 3.495605033675864 × 10^287 |
| 38 | ov_038 | 4.1638153400036815 × 10^287 |
| 37 | ov_037 | 4.9311602277475815 × 10^287 |
| 36 | ov_036 | 5.809922315258122 × 10^287 |
| 35 | ov_035 | 6.806756339503616 × 10^287 |
| 34 | ov_034 | 7.928692657769513 × 10^287 |
| 33 | ov_033 | 9.183167278465092 × 10^287 |
| 30 | ov_030 | 1.3175510540679901 × 10^288 |
| 29 | ov_029 | 3.9913662782681614 × 10^288 |
| 28 | ov_028 | 9.705261129681375 × 10^288 |
| 27 | ov_027 | 2.0188060930471907 × 10^289 |
| 26 | ov_026 | 4.206294845147504 × 10^289 |
| 25 | ov_025 | 9.043058684825927 × 10^289 |
| 24 | ov_024 | 1.84100296664936 × 10^290 |
| 23 | ov_023 | 3.45590270043 × 10^290 |
| 22 | ov_022 | 6.011280317131486 × 10^290 |
| 21 | ov_021 | 9.806512967238314 × 10^290 |
| 20 | ov_020 | 1.5178093982946758 × 10^291 |
| 19 | ov_019 | 2.249965468211564 × 10^291 |
| 18 | ov_018 | 3.2181996822553824 × 10^291 |
| 17 | ov_017 | 4.4673144433069365 × 10^291 |
| 16 | ov_016 | 6.045843155436896 × 10^291 |
| 15 | ov_015 | 8.006064729350024 × 10^291 |
| 14 | ov_014 | 1.0404026456119355 × 10^292 |
| 13 | ov_013 | 1.3299578603368005 × 10^292 |
| 12 | ov_012 | 1.6756424364411273 × 10^292 |
| 11 | ov_011 | 2.0842188336869295 × 10^292 |
| 10 | ov_010 | 2.562850618469942 × 10^292 |
| 9 | ov_009 | 3.119113807992807 × 10^292 |
| 8 | ov_008 | 3.7610108707482214 × 10^292 |
| 7 | ov_007 | 4.49698768054346 × 10^292 |
| 6 | ov_006 | 5.331617638770357 × 10^292 |
| 5 | ov_005 | 6.269724306037732 × 10^292 |
| 4 | ov_004 | 7.316396379566178 × 10^292 |
| 3 | ov_003 | 8.477005121463276 × 10^292 |
| 2 | ov_002 | 9.757224584183996 × 10^292 |
| 1 | ov_001 | 1.116305495043335 × 10^293 |

