# Results for F001-F002-F003-F004-F005-F006-F007-F008-F009-F010-F011-F012-F013-F014-F015-F016-F017-F018-F019-F020-F021-F022-F023-F024-F025-F026-F027-F028-F029-F030-F031-F032-F033-F034-F035-F036-F037-F038-F039-F040-F041-F042-F043-F044-F045-F046-F047-F048-F049-F050-F051-F052-F053-F054-F055-F056-F057-F058-F059-F060-F061-F062-F063-F064-F065-F066-F067-F068-F069-F070-F071-F072-F073-F074-F075-F076-F077-F078-F079-F080-F081-F082-F083-F084-F085-F086-F087-F088-F089-F090-F091-F092-F093-F094-F095-F096-F097-F098-F099-F100-F101-F102-F103-F104-F105-F106-F107-F108-F109-F110-F111-F112-F113-F114-F115-F116-F117-F118-F119-F120-F121-F122-F123-F124-F125-F126-F127-F128-F129-F130-F131-F132-F133-F134-F135-F136-F137-F138-F139-F140-F141-F142-F143-F144-F145-F146-F147-F148-F149-F150-F151-F152-F153-F154-F155-F156-F157-F158-F159-F160-F161-F162-F163-F164-F165-F166-F167-F168-F169-F170-F171-F172-F173-F174-F175-F176-F177-F178-F179-F180-F181-F182-F183-F184-F185-F186-F187-F188-F189-F190-F191-F192-F193-F194-F195-F196-F197-F198-F199-F200-F201-F202-F203-F204-F205-F206-F207-F208-F209-F210-F211-F212-F213-F214-F215-F216-F217-F218-F219-F220-F221-F222-F223-F224-F225-F226-F227-F228-F229-F230-F231-F232-F233-F234-F235-F236-F237-F238-F239-F240-F241-F242-F243-F244-F245-F246-F247-F248-F249-F250-F251-F252-F253-F254-F255-F256-F257-F258-F259-F260-F261-F262-F263-F264-F265-F266-F267-F268-F269-F270-F271-F272-F273-F274-F275-F276-F277-F278-F279-F280-F281-F282-F283-F284-F285-F286-F287-F288-F289-F290-F291-F292-F293-F294-F295-F296-F297-F298-F299-F300-F301-F302-F303-F304-F305-F306-F307-F308-F309-F310-F311-F312-F313-F314-F315-F316-F317-F318-F319-F320-F321-F322-F323-F324-F325-F326-F327-F328-F329-F330-F331-F332-F333-F334-F335-F336-F337-F338-F339-F340-F341-F342-F343-F344-F345-F346-F347-F348-F349-F350-F351-F352-F353-F354-F355-F356-F357-F358-F359-F360-F361-F362-F363-F364-F365-F366-F367-F368-F369-F370-F371-F372-F373-F374-F375-F376-F377-F378-F379-F380-F381-F382-F383-F384-F385-F386-F387-F388-F389-F390-F391-F392-F393-F394-F395-F396-F397-F398-F399-F400-F401-F402-F403-F404-F405-F406-F407-F408-F409-F410-F411-F412-F413-F414-F415-F416-F417-F418-F419-F420-F421-F422-F423-F424-F425-F426-F427-F428-F429-F430-F431-F432-F433-F434-F435-F436-F437-F438-F439-F440-F441-F442-F443-F444-F445-F446-F447-F448-F449-F450-F451-F452-F453-F454-F455-F456-F457-F458-F459-F460-F461-F462-F463-F464-F465-F466-F467-F468-F469-F470-F471-F472-F473-F474-F475-F476-F477-F478-F479-F480-F481-F482-F483-F484-F485-F486-F487-F488-F489-F490-F491-F492-F493-F494-F495-F496-F497-F498-F499-F500-F501-F502-F503-F504-F505-T509-F512

## Summary

Number of input bits: 512  
Number of free input bits: 5  
Number of output bits: 160

Number of direct occurrences: 20911  
Number of assignments: 30228  
Number of operations: 11385710
(xor: 11354089,
and: 18937,
or: 12684)

Total complexity: 1.9673817674918686 × 10^302

Least occurring input variable: iv_507 (4049)  
Most occurring input variable: iv_508 (4348)

Most co-occurring input variables: iv_508-iv_511 (2110)  
Least co-occurring input variables: iv_506-iv_507 (1844)

Potentially most occurring input variable: iv_508/iv_510 (4531)  
Potentially least occurring input variable: iv_506/iv_510 (4368)

Least output occurring input variable: iv_507 (74)  
Most output occurring input variable: iv_508 (83)

Most output co-occurring input variables: iv_508-iv_511 (45)  
Least output co-occurring input variables: iv_506-iv_507 (32)

Potentially most output occurring input variable: iv_506/iv_510 (89)  
Potentially least output occurring input variable: iv_507/iv_510 (73)

Least complex input bit: iv_511 (5.679700776514946 × 10^297)  
Most complex input bit: iv_510 (7.428836127260865 × 10^301)

Least complex output bit: aaa_76_29 (6.908727472892853 × 10^276)  
Most complex output bit: ov_001 (3.0861030179621594 × 10^301)

Least complex input/output complexity: iv_511/aaa_76_29 (1.994503834532552 × 10^272)  
Most complex input/output complexity: iv_510/ov_001 (1.1653129032253685 × 10^301)

Input variable with highest collision probability: iv_507 (½^160.0000000000007)

## Input Bits

### Input Bits in Regular Order

| Input Bit | Complexity | Occurrences | Output Occurrences | Collision Probability |
|:---------:|:----------:|:-----------:|:------------------:|:---------------------:|
| iv_506 | 2.0352474199697635 × 10^301 | 4121 | 78 | ½^160.00000000000088 |
| iv_507 | 3.8329460833974633 × 10^301 | 4049 | 74 | ½^160.0000000000007 |
| iv_508 | 6.376220074212957 × 10^301 | 4348 | 83 | ½^160.00000000000077 |
| iv_510 | 7.428836127260865 × 10^301 | 4125 | 77 | ½^160.00000000000074 |
| iv_511 | 5.679700776514946 × 10^297 | 4268 | 81 | ½^160.0000000000008 |

### Input Bits Sorted by Complexity

| Input Bit | Complexity | Occurrences | Output Occurrences | Collision Probability |
|:---------:|:----------:|:-----------:|:------------------:|:---------------------:|
| iv_511 | 5.679700776514946 × 10^297 | 4268 | 81 | ½^160.0000000000008 |
| iv_506 | 2.0352474199697635 × 10^301 | 4121 | 78 | ½^160.00000000000088 |
| iv_507 | 3.8329460833974633 × 10^301 | 4049 | 74 | ½^160.0000000000007 |
| iv_508 | 6.376220074212957 × 10^301 | 4348 | 83 | ½^160.00000000000077 |
| iv_510 | 7.428836127260865 × 10^301 | 4125 | 77 | ½^160.00000000000074 |

### Input Bits Sorted by Occurrences

| Input Bit | Complexity | Occurrences | Output Occurrences | Collision Probability |
|:---------:|:----------:|:-----------:|:------------------:|:---------------------:|
| iv_507 | 3.8329460833974633 × 10^301 | 4049 | 74 | ½^160.0000000000007 |
| iv_506 | 2.0352474199697635 × 10^301 | 4121 | 78 | ½^160.00000000000088 |
| iv_510 | 7.428836127260865 × 10^301 | 4125 | 77 | ½^160.00000000000074 |
| iv_511 | 5.679700776514946 × 10^297 | 4268 | 81 | ½^160.0000000000008 |
| iv_508 | 6.376220074212957 × 10^301 | 4348 | 83 | ½^160.00000000000077 |

### Input Bits Sorted by Output Occurrences

| Input Bit | Complexity | Occurrences | Output Occurrences | Collision Probability |
|:---------:|:----------:|:-----------:|:------------------:|:---------------------:|
| iv_507 | 3.8329460833974633 × 10^301 | 4049 | 74 | ½^160.0000000000007 |
| iv_510 | 7.428836127260865 × 10^301 | 4125 | 77 | ½^160.00000000000074 |
| iv_506 | 2.0352474199697635 × 10^301 | 4121 | 78 | ½^160.00000000000088 |
| iv_511 | 5.679700776514946 × 10^297 | 4268 | 81 | ½^160.0000000000008 |
| iv_508 | 6.376220074212957 × 10^301 | 4348 | 83 | ½^160.00000000000077 |

### Input Bits Sorted by Collision Probability

| Input Bit | Complexity | Occurrences | Output Occurrences | Collision Probability |
|:---------:|:----------:|:-----------:|:------------------:|:---------------------:|
| iv_507 | 3.8329460833974633 × 10^301 | 4049 | 74 | ½^160.0000000000007 |
| iv_510 | 7.428836127260865 × 10^301 | 4125 | 77 | ½^160.00000000000074 |
| iv_508 | 6.376220074212957 × 10^301 | 4348 | 83 | ½^160.00000000000077 |
| iv_511 | 5.679700776514946 × 10^297 | 4268 | 81 | ½^160.0000000000008 |
| iv_506 | 2.0352474199697635 × 10^301 | 4121 | 78 | ½^160.00000000000088 |

## Input Bit/Output Bit Collision Probabilities

| Input Bit | Output Bit | Collision Probability |
|:---------:|:----------:|:---------------------:|
| iv_507 | aaa_76_27 | 0.5000000000000036 |
| iv_506 | ov_038 | 0.5000000000000016 |
| iv_507 | ov_151 | 0.5000000000000016 |
| iv_511 | ov_059 | 0.5000000000000012 |
| iv_507 | ov_125 | 0.4999999999999998 |

## Input Bit Co-occurrences

### Input Bit Co-occurrences Sorted by Co-occurrences

| Input Bits | Co-occurrences | Potential Occurrences | Output Co-occurrences | Potential Output Occurrences |
|:----------:|:--------------:|:---------------------:|:---------------------:|:----------------------------:|
| iv_508-iv_511 | 2110 | 4396 | 45 | 74 |
| iv_506-iv_508 | 2043 | 4383 | 40 | 81 |
| iv_506-iv_511 | 1999 | 4391 | 41 | 77 |
| iv_510-iv_511 | 1981 | 4431 | 36 | 86 |
| iv_508-iv_510 | 1971 | 4531 | 37 | 86 |

### Input Bit Co-occurrences Sorted by Potential Occurrences

| Input Bits | Co-occurrences | Potential Occurrences | Output Co-occurrences | Potential Output Occurrences |
|:----------:|:--------------:|:---------------------:|:---------------------:|:----------------------------:|
| iv_506-iv_510 | 1939 | 4368 | 33 | 89 |
| iv_506-iv_508 | 2043 | 4383 | 40 | 81 |
| iv_506-iv_511 | 1999 | 4391 | 41 | 77 |
| iv_508-iv_511 | 2110 | 4396 | 45 | 74 |
| iv_510-iv_511 | 1981 | 4431 | 36 | 86 |

### Input Bit Output Co-occurrences Sorted by Output Co-occurrences

| Input Bits | Co-occurrences | Potential Occurrences | Output Co-occurrences | Potential Output Occurrences |
|:----------:|:--------------:|:---------------------:|:---------------------:|:----------------------------:|
| iv_508-iv_511 | 2110 | 4396 | 45 | 74 |
| iv_506-iv_511 | 1999 | 4391 | 41 | 77 |
| iv_506-iv_508 | 2043 | 4383 | 40 | 81 |
| iv_507-iv_510 | 1849 | 4476 | 39 | 73 |
| iv_507-iv_508 | 1944 | 4509 | 37 | 83 |

### Input Bit Output Co-occurrences Sorted by Potential Output Occurrences

| Input Bits | Co-occurrences | Potential Occurrences | Output Co-occurrences | Potential Output Occurrences |
|:----------:|:--------------:|:---------------------:|:---------------------:|:----------------------------:|
| iv_507-iv_510 | 1849 | 4476 | 39 | 73 |
| iv_508-iv_511 | 2110 | 4396 | 45 | 74 |
| iv_506-iv_511 | 1999 | 4391 | 41 | 77 |
| iv_506-iv_508 | 2043 | 4383 | 40 | 81 |
| iv_507-iv_511 | 1916 | 4485 | 37 | 81 |

## Output Bits

### Output Bits in Regular Order

| Rank | Output Bit | Complexity |
|:----:|:----------:|:----------:|
| 1 | ov_001 | 3.0861030179621594 × 10^301 |
| 2 | ov_002 | 2.697451021581077 × 10^301 |
| 3 | ov_003 | 2.3435251151475192 × 10^301 |
| 4 | ov_004 | 2.0226665066396962 × 10^301 |
| 5 | ov_005 | 1.733306562457668 × 10^301 |
| 6 | ov_006 | 1.4739603556008955 × 10^301 |
| 7 | ov_007 | 1.2432210748015027 × 10^301 |
| 8 | ov_008 | 1.0397552068807218 × 10^301 |
| 9 | ov_009 | 8.622983965813413 × 10^300 |
| 10 | ov_010 | 7.085157103982267 × 10^300 |
| 11 | ov_011 | 5.76194798073857 × 10^300 |
| 12 | ov_012 | 4.63241205862858 × 10^300 |
| 13 | ov_013 | 3.676745062034262 × 10^300 |
| 14 | ov_014 | 2.8762516164467607 × 10^300 |
| 15 | ov_015 | 2.2133204610106146 × 10^300 |
| 16 | ov_016 | 1.6714055167650204 × 10^300 |
| 17 | ov_017 | 1.2350120770539565 × 10^300 |
| 18 | ov_018 | 8.896872421148628 × 10^299 |
| 19 | ov_019 | 6.2201359433312256 × 10^299 |
| 20 | ov_020 | 4.196051870040039 × 10^299 |
| 21 | ov_021 | 2.7110511766327284 × 10^299 |
| 22 | ov_022 | 1.6618409427314819 × 10^299 |
| 23 | ov_023 | 9.553953717854203 × 10^298 |
| 24 | ov_024 | 5.089497558470632 × 10^298 |
| 25 | ov_025 | 2.499965218804591 × 10^298 |
| 26 | ov_026 | 1.162828555763739 × 10^298 |
| 27 | ov_027 | 5.580942349705693 × 10^297 |
| 28 | ov_028 | 2.682977891030051 × 10^297 |
| 29 | ov_029 | 1.1033877000677238 × 10^297 |
| 30 | ov_030 | 3.642258331025728 × 10^296 |
| 31 | ov_031 | 8.79297298967596 × 10^295 |
| 32 | lv_80_k31 | 2.121226334355992 × 10^295 |
| 33 | ov_033 | 2.5386618697351433 × 10^296 |
| 34 | ov_034 | 2.1918331674953035 × 10^296 |
| 35 | ov_035 | 1.8816594737019416 × 10^296 |
| 36 | ov_036 | 1.606081235782886 × 10^296 |
| 37 | ov_037 | 1.3631518371914837 × 10^296 |
| 38 | ov_038 | 1.1510292037314956 × 10^296 |
| 39 | ov_039 | 9.663147801841052 × 10^295 |
| 40 | ov_040 | 8.057867568120879 × 10^295 |
| 41 | ov_041 | 6.663902355329085 × 10^295 |
| 42 | ov_042 | 5.466383682781904 × 10^295 |
| 43 | ov_043 | 4.4378656999590857 × 10^295 |
| 44 | ov_044 | 3.5523620856209013 × 10^295 |
| 45 | ov_045 | 2.7972380793660674 × 10^295 |
| 46 | ov_046 | 2.160554632458969 × 10^295 |
| 47 | ov_047 | 1.63105160267655 × 10^295 |
| 48 | ov_048 | 1.1981346375300467 × 10^295 |
| 49 | ov_049 | 8.518651813477263 × 10^294 |
| 50 | ov_050 | 5.8295316081652273 × 10^294 |
| 51 | ov_051 | 3.8275188225992305 × 10^294 |
| 52 | ov_052 | 2.4325465251314286 × 10^294 |
| 53 | ov_053 | 1.503606000525988 × 10^294 |
| 54 | ov_054 | 9.124161018742747 × 10^293 |
| 55 | ov_055 | 5.434130849854044 × 10^293 |
| 56 | ov_056 | 3.419935138693877 × 10^293 |
| 57 | ov_057 | 2.180128837554026 × 10^293 |
| 58 | ov_058 | 1.2957553143088205 × 10^293 |
| 59 | ov_059 | 7.032945928299904 × 10^292 |
| 60 | ov_060 | 3.3922827253942714 × 10^292 |
| 61 | ov_061 | 1.4003845150968656 × 10^292 |
| 62 | ov_062 | 4.641245315960972 × 10^291 |
| 63 | ov_063 | 1.1256239101006165 × 10^291 |
| 64 | lv_79_k31 | 2.7284101180145044 × 10^290 |
| 65 | ov_065 | 3.1922010719747585 × 10^291 |
| 66 | ov_066 | 3.1921933725417614 × 10^291 |
| 67 | ov_067 | 3.192190933015101 × 10^291 |
| 68 | ov_068 | 2.7716810077084645 × 10^291 |
| 69 | ov_069 | 2.390839496190582 × 10^291 |
| 70 | ov_070 | 2.04776853510813 × 10^291 |
| 71 | ov_071 | 1.7406676605694443 × 10^291 |
| 72 | ov_072 | 1.467826648713134 × 10^291 |
| 73 | ov_073 | 1.2276194795738588 × 10^291 |
| 74 | ov_074 | 1.0184993039165677 × 10^291 |
| 75 | ov_075 | 8.375941394138202 × 10^290 |
| 76 | ov_076 | 6.821726454363437 × 10^290 |
| 77 | ov_077 | 5.496393359433734 × 10^290 |
| 78 | ov_078 | 4.375308655845716 × 10^290 |
| 79 | ov_079 | 3.4351321227408675 × 10^290 |
| 80 | ov_080 | 2.6537959019952697 × 10^290 |
| 81 | ov_081 | 2.010489377873887 × 10^290 |
| 82 | ov_082 | 1.4856483560227282 × 10^290 |
| 83 | ov_083 | 1.0698012170002111 × 10^290 |
| 84 | ov_084 | 7.458548382379734 × 10^289 |
| 85 | ov_085 | 4.979437538929821 × 10^289 |
| 86 | ov_086 | 3.1844159911371444 × 10^289 |
| 87 | ov_087 | 1.9392727051976045 × 10^289 |
| 88 | ov_088 | 1.1219793056381032 × 10^289 |
| 89 | ov_089 | 6.226726605704887 × 10^288 |
| 90 | ov_090 | 3.4364269853558105 × 10^288 |
| 91 | ov_091 | 1.9932442954201794 × 10^288 |
| 92 | ov_092 | 1.162931514730537 × 10^288 |
| 93 | ov_093 | 6.0871153553929 × 10^287 |
| 94 | ov_094 | 2.6990352678736665 × 10^287 |
| 95 | aaa_78_28 | 8.582776405226548 × 10^286 |
| 96 | aaa_78_29 | 3.197755830282093 × 10^286 |
| 97 | ov_097 | 2.7584295937259105 × 10^286 |
| 98 | ov_098 | 2.7584124300116835 × 10^286 |
| 99 | ov_099 | 2.7584069433745086 × 10^286 |
| 100 | ov_100 | 2.3388874012496796 × 10^286 |
| 101 | ov_101 | 1.9692865491378417 × 10^286 |
| 102 | ov_102 | 1.6454365541501553 × 10^286 |
| 103 | ov_103 | 1.3633985865521722 × 10^286 |
| 104 | ov_104 | 1.1194459204899627 × 10^286 |
| 105 | ov_105 | 9.10049228409436 × 10^285 |
| 106 | ov_106 | 7.318638700224228 × 10^285 |
| 107 | ov_107 | 5.81719014597573 × 10^285 |
| 108 | ov_108 | 4.566084210168479 × 10^285 |
| 109 | ov_109 | 3.536826852755174 × 10^285 |
| 110 | ov_110 | 2.7024277586904587 × 10^285 |
| 111 | ov_111 | 2.037347072113062 × 10^285 |
| 112 | ov_112 | 1.5174523072183003 × 10^285 |
| 113 | ov_113 | 1.1199841414696197 × 10^285 |
| 114 | ov_114 | 8.235297049276744 × 10^284 |
| 115 | ov_115 | 6.080022211771107 × 10^284 |
| 116 | ov_116 | 4.546260964874496 × 10^284 |
| 117 | ov_117 | 3.459265099936132 × 10^284 |
| 118 | ov_118 | 2.6572251361863855 × 10^284 |
| 119 | ov_119 | 1.9912274860412945 × 10^284 |
| 120 | ov_120 | 1.448414249434008 × 10^284 |
| 121 | ov_121 | 1.0159350799448339 × 10^284 |
| 122 | ov_122 | 6.809443595583866 × 10^283 |
| 123 | ov_123 | 4.305994284878735 × 10^283 |
| 124 | ov_124 | 2.520592970780308 × 10^283 |
| 125 | ov_125 | 1.3248380048068015 × 10^283 |
| 126 | ov_126 | 5.903311229421458 × 10^282 |
| 127 | aaa_77_28 | 1.8867514304901972 × 10^282 |
| 128 | aaa_77_29 | 7.080231356838599 × 10^281 |
| 129 | ov_129 | 6.464518793233246 × 10^281 |
| 130 | ov_130 | 6.464501973774704 × 10^281 |
| 131 | ov_131 | 6.46449656433341 × 10^281 |
| 132 | ov_132 | 5.611812531690523 × 10^281 |
| 133 | ov_133 | 4.8409802472049216 × 10^281 |
| 134 | ov_134 | 4.1479511339719166 × 10^281 |
| 135 | ov_135 | 3.528907146557657 × 10^281 |
| 136 | ov_136 | 2.980243428956668 × 10^281 |
| 137 | ov_137 | 2.498552950144174 × 10^281 |
| 138 | ov_138 | 2.0775628607330766 × 10^281 |
| 139 | ov_139 | 1.7113353435860557 × 10^281 |
| 140 | ov_140 | 1.3942489485885028 × 10^281 |
| 141 | ov_141 | 1.123569902691234 × 10^281 |
| 142 | ov_142 | 8.942651513193499 × 10^280 |
| 143 | ov_143 | 7.015787914573858 × 10^280 |
| 144 | ov_144 | 5.410236043254497 × 10^280 |
| 145 | ov_145 | 4.0837439131541196 × 10^280 |
| 146 | ov_146 | 3.015833290711846 × 10^280 |
| 147 | ov_147 | 2.1693514401031543 × 10^280 |
| 148 | ov_148 | 1.509647979189034 × 10^280 |
| 149 | ov_149 | 1.0045552490622015 × 10^280 |
| 150 | ov_150 | 6.386081084512683 × 10^279 |
| 151 | ov_151 | 3.8456963101529523 × 10^279 |
| 152 | ov_152 | 2.176589751614079 × 10^279 |
| 153 | ov_153 | 1.1554851204763069 × 10^279 |
| 154 | ov_154 | 5.8362302734023165 × 10^278 |
| 155 | ov_155 | 2.867527392025074 × 10^278 |
| 156 | aaa_76_25 | 1.1512768117442809 × 10^278 |
| 157 | aaa_76_26 | 7.088027328033011 × 10^277 |
| 158 | aaa_76_27 | 3.8882759705212335 × 10^277 |
| 159 | aaa_76_28 | 1.8335253123501621 × 10^277 |
| 160 | aaa_76_29 | 6.908727472892853 × 10^276 |

### Output Bits Sorted by Complexity

| Rank | Output Bit | Complexity |
|:----:|:----------:|:----------:|
| 160 | aaa_76_29 | 6.908727472892853 × 10^276 |
| 159 | aaa_76_28 | 1.8335253123501621 × 10^277 |
| 158 | aaa_76_27 | 3.8882759705212335 × 10^277 |
| 157 | aaa_76_26 | 7.088027328033011 × 10^277 |
| 156 | aaa_76_25 | 1.1512768117442809 × 10^278 |
| 155 | ov_155 | 2.867527392025074 × 10^278 |
| 154 | ov_154 | 5.8362302734023165 × 10^278 |
| 153 | ov_153 | 1.1554851204763069 × 10^279 |
| 152 | ov_152 | 2.176589751614079 × 10^279 |
| 151 | ov_151 | 3.8456963101529523 × 10^279 |
| 150 | ov_150 | 6.386081084512683 × 10^279 |
| 149 | ov_149 | 1.0045552490622015 × 10^280 |
| 148 | ov_148 | 1.509647979189034 × 10^280 |
| 147 | ov_147 | 2.1693514401031543 × 10^280 |
| 146 | ov_146 | 3.015833290711846 × 10^280 |
| 145 | ov_145 | 4.0837439131541196 × 10^280 |
| 144 | ov_144 | 5.410236043254497 × 10^280 |
| 143 | ov_143 | 7.015787914573858 × 10^280 |
| 142 | ov_142 | 8.942651513193499 × 10^280 |
| 141 | ov_141 | 1.123569902691234 × 10^281 |
| 140 | ov_140 | 1.3942489485885028 × 10^281 |
| 139 | ov_139 | 1.7113353435860557 × 10^281 |
| 138 | ov_138 | 2.0775628607330766 × 10^281 |
| 137 | ov_137 | 2.498552950144174 × 10^281 |
| 136 | ov_136 | 2.980243428956668 × 10^281 |
| 135 | ov_135 | 3.528907146557657 × 10^281 |
| 134 | ov_134 | 4.1479511339719166 × 10^281 |
| 133 | ov_133 | 4.8409802472049216 × 10^281 |
| 132 | ov_132 | 5.611812531690523 × 10^281 |
| 131 | ov_131 | 6.46449656433341 × 10^281 |
| 130 | ov_130 | 6.464501973774704 × 10^281 |
| 129 | ov_129 | 6.464518793233246 × 10^281 |
| 128 | aaa_77_29 | 7.080231356838599 × 10^281 |
| 127 | aaa_77_28 | 1.8867514304901972 × 10^282 |
| 126 | ov_126 | 5.903311229421458 × 10^282 |
| 125 | ov_125 | 1.3248380048068015 × 10^283 |
| 124 | ov_124 | 2.520592970780308 × 10^283 |
| 123 | ov_123 | 4.305994284878735 × 10^283 |
| 122 | ov_122 | 6.809443595583866 × 10^283 |
| 121 | ov_121 | 1.0159350799448339 × 10^284 |
| 120 | ov_120 | 1.448414249434008 × 10^284 |
| 119 | ov_119 | 1.9912274860412945 × 10^284 |
| 118 | ov_118 | 2.6572251361863855 × 10^284 |
| 117 | ov_117 | 3.459265099936132 × 10^284 |
| 116 | ov_116 | 4.546260964874496 × 10^284 |
| 115 | ov_115 | 6.080022211771107 × 10^284 |
| 114 | ov_114 | 8.235297049276744 × 10^284 |
| 113 | ov_113 | 1.1199841414696197 × 10^285 |
| 112 | ov_112 | 1.5174523072183003 × 10^285 |
| 111 | ov_111 | 2.037347072113062 × 10^285 |
| 110 | ov_110 | 2.7024277586904587 × 10^285 |
| 109 | ov_109 | 3.536826852755174 × 10^285 |
| 108 | ov_108 | 4.566084210168479 × 10^285 |
| 107 | ov_107 | 5.81719014597573 × 10^285 |
| 106 | ov_106 | 7.318638700224228 × 10^285 |
| 105 | ov_105 | 9.10049228409436 × 10^285 |
| 104 | ov_104 | 1.1194459204899627 × 10^286 |
| 103 | ov_103 | 1.3633985865521722 × 10^286 |
| 102 | ov_102 | 1.6454365541501553 × 10^286 |
| 101 | ov_101 | 1.9692865491378417 × 10^286 |
| 100 | ov_100 | 2.3388874012496796 × 10^286 |
| 99 | ov_099 | 2.7584069433745086 × 10^286 |
| 98 | ov_098 | 2.7584124300116835 × 10^286 |
| 97 | ov_097 | 2.7584295937259105 × 10^286 |
| 96 | aaa_78_29 | 3.197755830282093 × 10^286 |
| 95 | aaa_78_28 | 8.582776405226548 × 10^286 |
| 94 | ov_094 | 2.6990352678736665 × 10^287 |
| 93 | ov_093 | 6.0871153553929 × 10^287 |
| 92 | ov_092 | 1.162931514730537 × 10^288 |
| 91 | ov_091 | 1.9932442954201794 × 10^288 |
| 90 | ov_090 | 3.4364269853558105 × 10^288 |
| 89 | ov_089 | 6.226726605704887 × 10^288 |
| 88 | ov_088 | 1.1219793056381032 × 10^289 |
| 87 | ov_087 | 1.9392727051976045 × 10^289 |
| 86 | ov_086 | 3.1844159911371444 × 10^289 |
| 85 | ov_085 | 4.979437538929821 × 10^289 |
| 84 | ov_084 | 7.458548382379734 × 10^289 |
| 83 | ov_083 | 1.0698012170002111 × 10^290 |
| 82 | ov_082 | 1.4856483560227282 × 10^290 |
| 81 | ov_081 | 2.010489377873887 × 10^290 |
| 80 | ov_080 | 2.6537959019952697 × 10^290 |
| 64 | lv_79_k31 | 2.7284101180145044 × 10^290 |
| 79 | ov_079 | 3.4351321227408675 × 10^290 |
| 78 | ov_078 | 4.375308655845716 × 10^290 |
| 77 | ov_077 | 5.496393359433734 × 10^290 |
| 76 | ov_076 | 6.821726454363437 × 10^290 |
| 75 | ov_075 | 8.375941394138202 × 10^290 |
| 74 | ov_074 | 1.0184993039165677 × 10^291 |
| 63 | ov_063 | 1.1256239101006165 × 10^291 |
| 73 | ov_073 | 1.2276194795738588 × 10^291 |
| 72 | ov_072 | 1.467826648713134 × 10^291 |
| 71 | ov_071 | 1.7406676605694443 × 10^291 |
| 70 | ov_070 | 2.04776853510813 × 10^291 |
| 69 | ov_069 | 2.390839496190582 × 10^291 |
| 68 | ov_068 | 2.7716810077084645 × 10^291 |
| 67 | ov_067 | 3.192190933015101 × 10^291 |
| 66 | ov_066 | 3.1921933725417614 × 10^291 |
| 65 | ov_065 | 3.1922010719747585 × 10^291 |
| 62 | ov_062 | 4.641245315960972 × 10^291 |
| 61 | ov_061 | 1.4003845150968656 × 10^292 |
| 60 | ov_060 | 3.3922827253942714 × 10^292 |
| 59 | ov_059 | 7.032945928299904 × 10^292 |
| 58 | ov_058 | 1.2957553143088205 × 10^293 |
| 57 | ov_057 | 2.180128837554026 × 10^293 |
| 56 | ov_056 | 3.419935138693877 × 10^293 |
| 55 | ov_055 | 5.434130849854044 × 10^293 |
| 54 | ov_054 | 9.124161018742747 × 10^293 |
| 53 | ov_053 | 1.503606000525988 × 10^294 |
| 52 | ov_052 | 2.4325465251314286 × 10^294 |
| 51 | ov_051 | 3.8275188225992305 × 10^294 |
| 50 | ov_050 | 5.8295316081652273 × 10^294 |
| 49 | ov_049 | 8.518651813477263 × 10^294 |
| 48 | ov_048 | 1.1981346375300467 × 10^295 |
| 47 | ov_047 | 1.63105160267655 × 10^295 |
| 32 | lv_80_k31 | 2.121226334355992 × 10^295 |
| 46 | ov_046 | 2.160554632458969 × 10^295 |
| 45 | ov_045 | 2.7972380793660674 × 10^295 |
| 44 | ov_044 | 3.5523620856209013 × 10^295 |
| 43 | ov_043 | 4.4378656999590857 × 10^295 |
| 42 | ov_042 | 5.466383682781904 × 10^295 |
| 41 | ov_041 | 6.663902355329085 × 10^295 |
| 40 | ov_040 | 8.057867568120879 × 10^295 |
| 31 | ov_031 | 8.79297298967596 × 10^295 |
| 39 | ov_039 | 9.663147801841052 × 10^295 |
| 38 | ov_038 | 1.1510292037314956 × 10^296 |
| 37 | ov_037 | 1.3631518371914837 × 10^296 |
| 36 | ov_036 | 1.606081235782886 × 10^296 |
| 35 | ov_035 | 1.8816594737019416 × 10^296 |
| 34 | ov_034 | 2.1918331674953035 × 10^296 |
| 33 | ov_033 | 2.5386618697351433 × 10^296 |
| 30 | ov_030 | 3.642258331025728 × 10^296 |
| 29 | ov_029 | 1.1033877000677238 × 10^297 |
| 28 | ov_028 | 2.682977891030051 × 10^297 |
| 27 | ov_027 | 5.580942349705693 × 10^297 |
| 26 | ov_026 | 1.162828555763739 × 10^298 |
| 25 | ov_025 | 2.499965218804591 × 10^298 |
| 24 | ov_024 | 5.089497558470632 × 10^298 |
| 23 | ov_023 | 9.553953717854203 × 10^298 |
| 22 | ov_022 | 1.6618409427314819 × 10^299 |
| 21 | ov_021 | 2.7110511766327284 × 10^299 |
| 20 | ov_020 | 4.196051870040039 × 10^299 |
| 19 | ov_019 | 6.2201359433312256 × 10^299 |
| 18 | ov_018 | 8.896872421148628 × 10^299 |
| 17 | ov_017 | 1.2350120770539565 × 10^300 |
| 16 | ov_016 | 1.6714055167650204 × 10^300 |
| 15 | ov_015 | 2.2133204610106146 × 10^300 |
| 14 | ov_014 | 2.8762516164467607 × 10^300 |
| 13 | ov_013 | 3.676745062034262 × 10^300 |
| 12 | ov_012 | 4.63241205862858 × 10^300 |
| 11 | ov_011 | 5.76194798073857 × 10^300 |
| 10 | ov_010 | 7.085157103982267 × 10^300 |
| 9 | ov_009 | 8.622983965813413 × 10^300 |
| 8 | ov_008 | 1.0397552068807218 × 10^301 |
| 7 | ov_007 | 1.2432210748015027 × 10^301 |
| 6 | ov_006 | 1.4739603556008955 × 10^301 |
| 5 | ov_005 | 1.733306562457668 × 10^301 |
| 4 | ov_004 | 2.0226665066396962 × 10^301 |
| 3 | ov_003 | 2.3435251151475192 × 10^301 |
| 2 | ov_002 | 2.697451021581077 × 10^301 |
| 1 | ov_001 | 3.0861030179621594 × 10^301 |

