# Results for F001-F002-F003-F004-F005-F006-F007-F008-F009-F010-F011-F012-F013-F014-F015-F016-F017-F018-F019-F020-F021-F022-F023-F024-F025-F026-F027-F028-F029-F030-F031-F032-F033-F034-F035-F036-F037-F038-F039-F040-F041-F042-F043-F044-F045-F046-F047-F048-F049-F050-F051-F052-F053-F054-F055-F056-F057-F058-F059-F060-F061-F062-F063-F064-F065-F066-F067-F068-F069-F070-F071-F072-F073-F074-F075-F076-F077-F078-F079-F080-F081-F082-F083-F084-F085-F086-F087-F088-F089-F090-F091-F092-F093-F094-F095-F096-F097-F098-F099-F100-F101-F102-F103-F104-F105-F106-F107-F108-F109-F110-F111-F112-F113-F114-F115-F116-F117-F118-F119-F120-F121-F122-F123-F124-F125-F126-F127-F128-F129-F130-F131-F132-F133-F134-F135-F136-F137-F138-F139-F140-F141-F142-F143-F144-F145-F146-F147-F148-F149-F150-F151-F152-F153-F154-F155-F156-F157-F158-F159-F160-F161-F162-F163-F164-F165-F166-F167-F168-F169-F170-F171-F172-F173-F174-F175-F176-F177-F178-F179-F180-F181-F182-F183-F184-F185-F186-F187-F188-F189-F190-F191-F192-F193-F194-F195-F196-F197-F198-F199-F200-F201-F202-F203-F204-F205-F206-F207-F208-F209-F210-F211-F212-F213-F214-F215-F216-F217-F218-F219-F220-F221-F222-F223-F224-F225-F226-F227-F228-F229-F230-F231-F232-F233-F234-F235-F236-F237-F238-F239-F240-F241-F242-F243-F244-F245-F246-F247-F248-F249-F250-F251-F252-F253-F254-F255-F256-F257-F258-F259-F260-F261-F262-F263-F264-F265-F266-F267-F268-F269-F270-F271-F272-F273-F274-F275-F276-F277-F278-F279-F280-F281-F282-F283-F284-F285-F286-F287-F288-F289-F290-F291-F292-F293-F294-F295-F296-F297-F298-F299-F300-F301-F302-F303-F304-F305-F306-F307-F308-F309-F310-F311-F312-F313-F314-F315-F316-F317-F318-F319-F320-F321-F322-F323-F324-F325-F326-F327-F328-F329-F330-F331-F332-F333-F334-F335-F336-F337-F338-F339-F340-F341-F342-F343-F344-F345-F346-F347-F348-F349-F350-F351-F352-F353-F354-F355-F356-F357-F358-F359-F360-F361-F362-F363-F364-F365-F366-F367-F368-F369-F370-F371-F372-F373-F374-F375-F376-F377-F378-F379-F380-F381-F382-F383-F384-F385-F386-F387-F388-F389-F390-F391-F392-F393-F394-F395-F396-F397-F398-F399-F400-F401-F402-F403-F404-F405-F406-F407-F408-F409-F410-F411-F412-F413-F414-F415-F416-F417-F418-F419-F420-F421-F422-F423-F424-F425-F426-F427-F428-F429-F430-F431-F432-F433-F434-F435-F436-F437-F438-F439-F440-F441-F442-F443-F444-F445-F446-F447-F448-F449-F450-F451-F452-F453-F454-F455-F456-F457-F458-F459-F460-F461-F462-F463-F464-F465-F466-F467-F468-F469-F470-F471-F472-F473-F474-F475-F476-F477-F478-F479-F480-F481-F482-F483-F484-F485-F486-F487-F488-F489-F490-F491-F492-F493-F494-F495-F496-F497-F498-F499-F500-F501-F502-F503-F504-F505-E508510-F512

## Summary

Number of input bits: 512  
Number of free input bits: 5  
Number of output bits: 160

Number of direct occurrences: 20407  
Number of assignments: 29938  
Number of operations: 10691270
(xor: 10660847,
and: 17800,
or: 12623)

Total complexity: 1.2782067950423503 × 10^295

Least occurring input variable: iv_506 (3957)  
Most occurring input variable: iv_509 (4217)

Most co-occurring input variables: iv_508-iv_509 (1979)  
Least co-occurring input variables: iv_506-iv_508 (1839)

Potentially most occurring input variable: iv_506/iv_508 (4456)  
Potentially least occurring input variable: iv_506/iv_507 (4077)

Least output occurring input variable: iv_507 (72)  
Most output occurring input variable: iv_506 (82)

Most output co-occurring input variables: iv_507-iv_508 (42)  
Least output co-occurring input variables: iv_507-iv_511 (32)

Potentially most output occurring input variable: iv_506/iv_508 (89)  
Potentially least output occurring input variable: iv_507/iv_508 (69)

Least complex input bit: iv_511 (1.1510161056827007 × 10^291)  
Most complex input bit: iv_508 (5.4406989371393234 × 10^294)

Least complex output bit: aaa_76_29 (2.562198556086184 × 10^270)  
Most complex output bit: ov_001 (2.0050830015281128 × 10^294)

Least complex input/output complexity: iv_511/aaa_76_29 (2.307241532004566 × 10^266)  
Most complex input/output complexity: iv_508/ov_001 (8.53465417145485 × 10^293)

Input variable with highest collision probability: iv_511 (½^160.00000000000063)

## Input Bits

### Input Bits in Regular Order

| Input Bit | Complexity | Occurrences | Output Occurrences | Collision Probability |
|:---------:|:----------:|:-----------:|:------------------:|:---------------------:|
| iv_506 | 9.53061976329074 × 10^293 | 3957 | 82 | ½^160.00000000000063 |
| iv_507 | 1.793398756998565 × 10^294 | 4004 | 72 | ½^160.00000000000074 |
| iv_508 | 5.4406989371393234 × 10^294 | 4177 | 81 | ½^160.00000000000077 |
| iv_509 | 4.59375726385086 × 10^294 | 4217 | 80 | ½^160.0000000000009 |
| iv_511 | 1.1510161056827007 × 10^291 | 4052 | 74 | ½^160.00000000000063 |

### Input Bits Sorted by Complexity

| Input Bit | Complexity | Occurrences | Output Occurrences | Collision Probability |
|:---------:|:----------:|:-----------:|:------------------:|:---------------------:|
| iv_511 | 1.1510161056827007 × 10^291 | 4052 | 74 | ½^160.00000000000063 |
| iv_506 | 9.53061976329074 × 10^293 | 3957 | 82 | ½^160.00000000000063 |
| iv_507 | 1.793398756998565 × 10^294 | 4004 | 72 | ½^160.00000000000074 |
| iv_509 | 4.59375726385086 × 10^294 | 4217 | 80 | ½^160.0000000000009 |
| iv_508 | 5.4406989371393234 × 10^294 | 4177 | 81 | ½^160.00000000000077 |

### Input Bits Sorted by Occurrences

| Input Bit | Complexity | Occurrences | Output Occurrences | Collision Probability |
|:---------:|:----------:|:-----------:|:------------------:|:---------------------:|
| iv_506 | 9.53061976329074 × 10^293 | 3957 | 82 | ½^160.00000000000063 |
| iv_507 | 1.793398756998565 × 10^294 | 4004 | 72 | ½^160.00000000000074 |
| iv_511 | 1.1510161056827007 × 10^291 | 4052 | 74 | ½^160.00000000000063 |
| iv_508 | 5.4406989371393234 × 10^294 | 4177 | 81 | ½^160.00000000000077 |
| iv_509 | 4.59375726385086 × 10^294 | 4217 | 80 | ½^160.0000000000009 |

### Input Bits Sorted by Output Occurrences

| Input Bit | Complexity | Occurrences | Output Occurrences | Collision Probability |
|:---------:|:----------:|:-----------:|:------------------:|:---------------------:|
| iv_507 | 1.793398756998565 × 10^294 | 4004 | 72 | ½^160.00000000000074 |
| iv_511 | 1.1510161056827007 × 10^291 | 4052 | 74 | ½^160.00000000000063 |
| iv_509 | 4.59375726385086 × 10^294 | 4217 | 80 | ½^160.0000000000009 |
| iv_508 | 5.4406989371393234 × 10^294 | 4177 | 81 | ½^160.00000000000077 |
| iv_506 | 9.53061976329074 × 10^293 | 3957 | 82 | ½^160.00000000000063 |

### Input Bits Sorted by Collision Probability

| Input Bit | Complexity | Occurrences | Output Occurrences | Collision Probability |
|:---------:|:----------:|:-----------:|:------------------:|:---------------------:|
| iv_511 | 1.1510161056827007 × 10^291 | 4052 | 74 | ½^160.00000000000063 |
| iv_506 | 9.53061976329074 × 10^293 | 3957 | 82 | ½^160.00000000000063 |
| iv_507 | 1.793398756998565 × 10^294 | 4004 | 72 | ½^160.00000000000074 |
| iv_508 | 5.4406989371393234 × 10^294 | 4177 | 81 | ½^160.00000000000077 |
| iv_509 | 4.59375726385086 × 10^294 | 4217 | 80 | ½^160.0000000000009 |

## Input Bit/Output Bit Collision Probabilities

| Input Bit | Output Bit | Collision Probability |
|:---------:|:----------:|:---------------------:|
| iv_506 | ov_057 | 0.5000000000000018 |
| iv_506 | ov_101 | 0.5000000000000018 |
| iv_506 | ov_143 | 0.5000000000000018 |
| iv_511 | ov_054 | 0.5000000000000018 |
| iv_511 | ov_037 | 0.5000000000000017 |

## Input Bit Co-occurrences

### Input Bit Co-occurrences Sorted by Co-occurrences

| Input Bits | Co-occurrences | Potential Occurrences | Output Co-occurrences | Potential Output Occurrences |
|:----------:|:--------------:|:---------------------:|:---------------------:|:----------------------------:|
| iv_508-iv_509 | 1979 | 4436 | 39 | 83 |
| iv_507-iv_509 | 1974 | 4273 | 34 | 84 |
| iv_506-iv_509 | 1958 | 4258 | 39 | 84 |
| iv_508-iv_511 | 1955 | 4319 | 38 | 79 |
| iv_507-iv_508 | 1947 | 4287 | 42 | 69 |

### Input Bit Co-occurrences Sorted by Potential Occurrences

| Input Bits | Co-occurrences | Potential Occurrences | Output Co-occurrences | Potential Output Occurrences |
|:----------:|:--------------:|:---------------------:|:---------------------:|:----------------------------:|
| iv_506-iv_507 | 1942 | 4077 | 39 | 76 |
| iv_506-iv_509 | 1958 | 4258 | 39 | 84 |
| iv_507-iv_511 | 1893 | 4270 | 32 | 82 |
| iv_507-iv_509 | 1974 | 4273 | 34 | 84 |
| iv_507-iv_508 | 1947 | 4287 | 42 | 69 |

### Input Bit Output Co-occurrences Sorted by Output Co-occurrences

| Input Bits | Co-occurrences | Potential Occurrences | Output Co-occurrences | Potential Output Occurrences |
|:----------:|:--------------:|:---------------------:|:---------------------:|:----------------------------:|
| iv_507-iv_508 | 1947 | 4287 | 42 | 69 |
| iv_508-iv_509 | 1979 | 4436 | 39 | 83 |
| iv_506-iv_507 | 1942 | 4077 | 39 | 76 |
| iv_506-iv_509 | 1958 | 4258 | 39 | 84 |
| iv_508-iv_511 | 1955 | 4319 | 38 | 79 |

### Input Bit Output Co-occurrences Sorted by Potential Output Occurrences

| Input Bits | Co-occurrences | Potential Occurrences | Output Co-occurrences | Potential Output Occurrences |
|:----------:|:--------------:|:---------------------:|:---------------------:|:----------------------------:|
| iv_507-iv_508 | 1947 | 4287 | 42 | 69 |
| iv_506-iv_507 | 1942 | 4077 | 39 | 76 |
| iv_508-iv_511 | 1955 | 4319 | 38 | 79 |
| iv_509-iv_511 | 1915 | 4439 | 37 | 80 |
| iv_507-iv_511 | 1893 | 4270 | 32 | 82 |

## Output Bits

### Output Bits in Regular Order

| Rank | Output Bit | Complexity |
|:----:|:----------:|:----------:|
| 1 | ov_001 | 2.0050830015281128 × 10^294 |
| 2 | ov_002 | 1.7525535175469444 × 10^294 |
| 3 | ov_003 | 1.5225920992302163 × 10^294 |
| 4 | ov_004 | 1.314119891226941 × 10^294 |
| 5 | ov_005 | 1.1261166855070638 × 10^294 |
| 6 | ov_006 | 9.57616748531934 × 10^293 |
| 7 | ov_007 | 8.077052146763414 × 10^293 |
| 8 | ov_008 | 6.755149747749181 × 10^293 |
| 9 | ov_009 | 5.602239923879226 × 10^293 |
| 10 | ov_010 | 4.6031449520943056 × 10^293 |
| 11 | ov_011 | 3.743485942563183 × 10^293 |
| 12 | ov_012 | 3.009652053983483 × 10^293 |
| 13 | ov_013 | 2.388774957730535 × 10^293 |
| 14 | ov_014 | 1.8687080465187867 × 10^293 |
| 15 | ov_015 | 1.4380099152898693 × 10^293 |
| 16 | ov_016 | 1.0859316737863628 × 10^293 |
| 17 | ov_017 | 8.024076404758286 × 10^292 |
| 18 | ov_018 | 5.780488788071737 × 10^292 |
| 19 | ov_019 | 4.041389597308696 × 10^292 |
| 20 | ov_020 | 2.726313516829501 × 10^292 |
| 21 | ov_021 | 1.761479016973615 × 10^292 |
| 22 | ov_022 | 1.0797795556669983 × 10^292 |
| 23 | ov_023 | 6.207780685658025 × 10^291 |
| 24 | ov_024 | 3.307032668277393 × 10^291 |
| 25 | ov_025 | 1.624472122611109 × 10^291 |
| 26 | ov_026 | 7.556386035953743 × 10^290 |
| 27 | ov_027 | 3.626827702415558 × 10^290 |
| 28 | ov_028 | 1.7436274480233462 × 10^290 |
| 29 | ov_029 | 7.170919001669081 × 10^289 |
| 30 | ov_030 | 2.3670805186446463 × 10^289 |
| 31 | ov_031 | 5.714204268182152 × 10^288 |
| 32 | lv_80_k31 | 1.3783829968845093 × 10^288 |
| 33 | ov_033 | 1.6509394788525513 × 10^289 |
| 34 | ov_034 | 1.4257914589474117 × 10^289 |
| 35 | ov_035 | 1.2242977085072923 × 10^289 |
| 36 | ov_036 | 1.045195053718236 × 10^289 |
| 37 | ov_037 | 8.872895260136773 × 10^288 |
| 38 | ov_038 | 7.494512263087041 × 10^288 |
| 39 | ov_039 | 6.29595389455198 × 10^288 |
| 40 | ov_040 | 5.2574555139671527 × 10^288 |
| 41 | ov_041 | 4.36027485980311 × 10^288 |
| 42 | ov_042 | 3.5866409012353563 × 10^288 |
| 43 | ov_043 | 2.919711257743519 × 10^288 |
| 44 | ov_044 | 2.3435372022059798 × 10^288 |
| 45 | ov_045 | 1.8503638519039344 × 10^288 |
| 46 | ov_046 | 1.432862616595167 × 10^288 |
| 47 | ov_047 | 1.084121146760713 × 10^288 |
| 48 | ov_048 | 7.976354876353221 × 10^287 |
| 49 | ov_049 | 5.67304100186004 × 10^287 |
| 50 | ov_050 | 3.874234824019613 × 10^287 |
| 51 | ov_051 | 2.5268511211367845 × 10^287 |
| 52 | ov_052 | 1.581734200286427 × 10^287 |
| 53 | ov_053 | 9.523162509228149 × 10^286 |
| 54 | ov_054 | 5.598449156323681 × 10^286 |
| 55 | ov_055 | 3.3337711873301845 × 10^286 |
| 56 | ov_056 | 2.0977543511358899 × 10^286 |
| 57 | ov_057 | 1.3370581105266343 × 10^286 |
| 58 | ov_058 | 7.945184281322632 × 10^285 |
| 59 | ov_059 | 4.311302988703425 × 10^285 |
| 60 | ov_060 | 2.078897390871624 × 10^285 |
| 61 | ov_061 | 8.579309430631129 × 10^284 |
| 62 | ov_062 | 2.8425869105724448 × 10^284 |
| 63 | ov_063 | 6.892053746131526 × 10^283 |
| 64 | lv_79_k31 | 1.6701373410464558 × 10^283 |
| 65 | ov_065 | 1.9557948006574053 × 10^284 |
| 66 | ov_066 | 1.955789695066907 × 10^284 |
| 67 | ov_067 | 1.955788040332579 × 10^284 |
| 68 | ov_068 | 1.6968806739161839 × 10^284 |
| 69 | ov_069 | 1.4628485641192187 × 10^284 |
| 70 | ov_070 | 1.2523702962458901 × 10^284 |
| 71 | ov_071 | 1.064206124580258 × 10^284 |
| 72 | ov_072 | 8.971923902550208 × 10^283 |
| 73 | ov_073 | 7.502364217891674 × 10^283 |
| 74 | ov_074 | 6.223118932378773 × 10^283 |
| 75 | ov_075 | 5.115487665857218 × 10^283 |
| 76 | ov_076 | 4.1619027244584763 × 10^283 |
| 77 | ov_077 | 3.345864557246332 × 10^283 |
| 78 | ov_078 | 2.651884313261622 × 10^283 |
| 79 | ov_079 | 2.0724634919244575 × 10^283 |
| 80 | ov_080 | 1.5939885757361833 × 10^283 |
| 81 | ov_081 | 1.203722756786383 × 10^283 |
| 82 | ov_082 | 8.897726524923414 × 10^282 |
| 83 | ov_083 | 6.410600170886275 × 10^282 |
| 84 | ov_084 | 4.472980345755191 × 10^282 |
| 85 | ov_085 | 2.989717794519523 × 10^282 |
| 86 | ov_086 | 1.9151456674983196 × 10^282 |
| 87 | ov_087 | 1.1691123888055403 × 10^282 |
| 88 | ov_088 | 6.788078535275929 × 10^281 |
| 89 | ov_089 | 3.7869343078610574 × 10^281 |
| 90 | ov_090 | 2.1045299243715552 × 10^281 |
| 91 | ov_091 | 1.2296083900524082 × 10^281 |
| 92 | ov_092 | 7.226242883469403 × 10^280 |
| 93 | ov_093 | 3.8171545031127 × 10^280 |
| 94 | ov_094 | 1.7110894406041352 × 10^280 |
| 95 | aaa_78_28 | 5.50362874321566 × 10^279 |
| 96 | aaa_78_29 | 2.0854382096027292 × 10^279 |
| 97 | ov_097 | 2.2728441113357606 × 10^279 |
| 98 | ov_098 | 2.272775094175671 × 10^279 |
| 99 | ov_099 | 2.2727530327191762 × 10^279 |
| 100 | ov_100 | 2.0457661094802415 × 10^279 |
| 101 | ov_101 | 1.835460424021987 × 10^279 |
| 102 | ov_102 | 1.6409237340764957 × 10^279 |
| 103 | ov_103 | 1.4613115504306784 × 10^279 |
| 104 | ov_104 | 1.2958381174350398 × 10^279 |
| 105 | ov_105 | 1.1437682298318949 × 10^279 |
| 106 | ov_106 | 1.0044098407728406 × 10^279 |
| 107 | ov_107 | 8.771074178734563 × 10^278 |
| 108 | ov_108 | 7.612360057811349 × 10^278 |
| 109 | ov_109 | 6.561959550548808 × 10^278 |
| 110 | ov_110 | 5.614082782146683 × 10^278 |
| 111 | ov_111 | 4.763105946472577 × 10^278 |
| 112 | ov_112 | 4.0035362668704924 × 10^278 |
| 113 | ov_113 | 3.3299820965628495 × 10^278 |
| 114 | ov_114 | 2.7371277898057 × 10^278 |
| 115 | ov_115 | 2.2197129772111865 × 10^278 |
| 116 | ov_116 | 1.7725158800845867 × 10^278 |
| 117 | ov_117 | 1.3903402994791574 × 10^278 |
| 118 | ov_118 | 1.0680059161476537 × 10^278 |
| 119 | ov_119 | 8.003415378248735 × 10^277 |
| 120 | ov_120 | 5.821809304236559 × 10^277 |
| 121 | ov_121 | 4.083606603547208 × 10^277 |
| 122 | ov_122 | 2.7371904713997275 × 10^277 |
| 123 | ov_123 | 1.7309550714593737 × 10^277 |
| 124 | ov_124 | 1.013300760199189 × 10^277 |
| 125 | ov_125 | 5.326309526497267 × 10^276 |
| 126 | ov_126 | 2.3735031896385678 × 10^276 |
| 127 | aaa_77_28 | 7.586393054513132 × 10^275 |
| 128 | aaa_77_29 | 2.847012148891457 × 10^275 |
| 129 | ov_129 | 2.5777639191238103 × 10^275 |
| 130 | ov_130 | 2.5777576807335532 × 10^275 |
| 131 | ov_131 | 2.577755674037965 × 10^275 |
| 132 | ov_132 | 2.235451816795199 × 10^275 |
| 133 | ov_133 | 1.9257476868132777 × 10^275 |
| 134 | ov_134 | 1.647135282766312 × 10^275 |
| 135 | ov_135 | 1.3981928118321305 × 10^275 |
| 136 | ov_136 | 1.1775782468614594 × 10^275 |
| 137 | ov_137 | 9.84023611694848 × 10^274 |
| 138 | ov_138 | 8.151956294341875 × 10^274 |
| 139 | ov_139 | 6.688865076712042 × 10^274 |
| 140 | ov_140 | 5.430069391723304 × 10^274 |
| 141 | ov_141 | 4.355801934261518 × 10^274 |
| 142 | ov_142 | 3.4473720028432444 × 10^274 |
| 143 | ov_143 | 2.6871250944231417 × 10^274 |
| 144 | ov_144 | 2.058410089349299 × 10^274 |
| 145 | ov_145 | 1.5455529931626333 × 10^274 |
| 146 | ov_146 | 1.133836395147828 × 10^274 |
| 147 | ov_147 | 8.094838787317475 × 10^273 |
| 148 | ov_148 | 5.596485761314619 × 10^273 |
| 149 | ov_149 | 3.7240507565831075 × 10^273 |
| 150 | ov_150 | 2.3674396484105914 × 10^273 |
| 151 | ov_151 | 1.4256836724030783 × 10^273 |
| 152 | ov_152 | 8.069190550325272 × 10^272 |
| 153 | ov_153 | 4.283759786254929 × 10^272 |
| 154 | ov_154 | 2.163728673017615 × 10^272 |
| 155 | ov_155 | 1.0631329299105098 × 10^272 |
| 156 | aaa_76_25 | 4.268428638443519 × 10^271 |
| 157 | aaa_76_26 | 2.6280502554098083 × 10^271 |
| 158 | aaa_76_27 | 1.4417627039193052 × 10^271 |
| 159 | aaa_76_28 | 6.799234055384492 × 10^270 |
| 160 | aaa_76_29 | 2.562198556086184 × 10^270 |

### Output Bits Sorted by Complexity

| Rank | Output Bit | Complexity |
|:----:|:----------:|:----------:|
| 160 | aaa_76_29 | 2.562198556086184 × 10^270 |
| 159 | aaa_76_28 | 6.799234055384492 × 10^270 |
| 158 | aaa_76_27 | 1.4417627039193052 × 10^271 |
| 157 | aaa_76_26 | 2.6280502554098083 × 10^271 |
| 156 | aaa_76_25 | 4.268428638443519 × 10^271 |
| 155 | ov_155 | 1.0631329299105098 × 10^272 |
| 154 | ov_154 | 2.163728673017615 × 10^272 |
| 153 | ov_153 | 4.283759786254929 × 10^272 |
| 152 | ov_152 | 8.069190550325272 × 10^272 |
| 151 | ov_151 | 1.4256836724030783 × 10^273 |
| 150 | ov_150 | 2.3674396484105914 × 10^273 |
| 149 | ov_149 | 3.7240507565831075 × 10^273 |
| 148 | ov_148 | 5.596485761314619 × 10^273 |
| 147 | ov_147 | 8.094838787317475 × 10^273 |
| 146 | ov_146 | 1.133836395147828 × 10^274 |
| 145 | ov_145 | 1.5455529931626333 × 10^274 |
| 144 | ov_144 | 2.058410089349299 × 10^274 |
| 143 | ov_143 | 2.6871250944231417 × 10^274 |
| 142 | ov_142 | 3.4473720028432444 × 10^274 |
| 141 | ov_141 | 4.355801934261518 × 10^274 |
| 140 | ov_140 | 5.430069391723304 × 10^274 |
| 139 | ov_139 | 6.688865076712042 × 10^274 |
| 138 | ov_138 | 8.151956294341875 × 10^274 |
| 137 | ov_137 | 9.84023611694848 × 10^274 |
| 136 | ov_136 | 1.1775782468614594 × 10^275 |
| 135 | ov_135 | 1.3981928118321305 × 10^275 |
| 134 | ov_134 | 1.647135282766312 × 10^275 |
| 133 | ov_133 | 1.9257476868132777 × 10^275 |
| 132 | ov_132 | 2.235451816795199 × 10^275 |
| 131 | ov_131 | 2.577755674037965 × 10^275 |
| 130 | ov_130 | 2.5777576807335532 × 10^275 |
| 129 | ov_129 | 2.5777639191238103 × 10^275 |
| 128 | aaa_77_29 | 2.847012148891457 × 10^275 |
| 127 | aaa_77_28 | 7.586393054513132 × 10^275 |
| 126 | ov_126 | 2.3735031896385678 × 10^276 |
| 125 | ov_125 | 5.326309526497267 × 10^276 |
| 124 | ov_124 | 1.013300760199189 × 10^277 |
| 123 | ov_123 | 1.7309550714593737 × 10^277 |
| 122 | ov_122 | 2.7371904713997275 × 10^277 |
| 121 | ov_121 | 4.083606603547208 × 10^277 |
| 120 | ov_120 | 5.821809304236559 × 10^277 |
| 119 | ov_119 | 8.003415378248735 × 10^277 |
| 118 | ov_118 | 1.0680059161476537 × 10^278 |
| 117 | ov_117 | 1.3903402994791574 × 10^278 |
| 116 | ov_116 | 1.7725158800845867 × 10^278 |
| 115 | ov_115 | 2.2197129772111865 × 10^278 |
| 114 | ov_114 | 2.7371277898057 × 10^278 |
| 113 | ov_113 | 3.3299820965628495 × 10^278 |
| 112 | ov_112 | 4.0035362668704924 × 10^278 |
| 111 | ov_111 | 4.763105946472577 × 10^278 |
| 110 | ov_110 | 5.614082782146683 × 10^278 |
| 109 | ov_109 | 6.561959550548808 × 10^278 |
| 108 | ov_108 | 7.612360057811349 × 10^278 |
| 107 | ov_107 | 8.771074178734563 × 10^278 |
| 106 | ov_106 | 1.0044098407728406 × 10^279 |
| 105 | ov_105 | 1.1437682298318949 × 10^279 |
| 104 | ov_104 | 1.2958381174350398 × 10^279 |
| 103 | ov_103 | 1.4613115504306784 × 10^279 |
| 102 | ov_102 | 1.6409237340764957 × 10^279 |
| 101 | ov_101 | 1.835460424021987 × 10^279 |
| 100 | ov_100 | 2.0457661094802415 × 10^279 |
| 96 | aaa_78_29 | 2.0854382096027292 × 10^279 |
| 99 | ov_099 | 2.2727530327191762 × 10^279 |
| 98 | ov_098 | 2.272775094175671 × 10^279 |
| 97 | ov_097 | 2.2728441113357606 × 10^279 |
| 95 | aaa_78_28 | 5.50362874321566 × 10^279 |
| 94 | ov_094 | 1.7110894406041352 × 10^280 |
| 93 | ov_093 | 3.8171545031127 × 10^280 |
| 92 | ov_092 | 7.226242883469403 × 10^280 |
| 91 | ov_091 | 1.2296083900524082 × 10^281 |
| 90 | ov_090 | 2.1045299243715552 × 10^281 |
| 89 | ov_089 | 3.7869343078610574 × 10^281 |
| 88 | ov_088 | 6.788078535275929 × 10^281 |
| 87 | ov_087 | 1.1691123888055403 × 10^282 |
| 86 | ov_086 | 1.9151456674983196 × 10^282 |
| 85 | ov_085 | 2.989717794519523 × 10^282 |
| 84 | ov_084 | 4.472980345755191 × 10^282 |
| 83 | ov_083 | 6.410600170886275 × 10^282 |
| 82 | ov_082 | 8.897726524923414 × 10^282 |
| 81 | ov_081 | 1.203722756786383 × 10^283 |
| 80 | ov_080 | 1.5939885757361833 × 10^283 |
| 64 | lv_79_k31 | 1.6701373410464558 × 10^283 |
| 79 | ov_079 | 2.0724634919244575 × 10^283 |
| 78 | ov_078 | 2.651884313261622 × 10^283 |
| 77 | ov_077 | 3.345864557246332 × 10^283 |
| 76 | ov_076 | 4.1619027244584763 × 10^283 |
| 75 | ov_075 | 5.115487665857218 × 10^283 |
| 74 | ov_074 | 6.223118932378773 × 10^283 |
| 63 | ov_063 | 6.892053746131526 × 10^283 |
| 73 | ov_073 | 7.502364217891674 × 10^283 |
| 72 | ov_072 | 8.971923902550208 × 10^283 |
| 71 | ov_071 | 1.064206124580258 × 10^284 |
| 70 | ov_070 | 1.2523702962458901 × 10^284 |
| 69 | ov_069 | 1.4628485641192187 × 10^284 |
| 68 | ov_068 | 1.6968806739161839 × 10^284 |
| 67 | ov_067 | 1.955788040332579 × 10^284 |
| 66 | ov_066 | 1.955789695066907 × 10^284 |
| 65 | ov_065 | 1.9557948006574053 × 10^284 |
| 62 | ov_062 | 2.8425869105724448 × 10^284 |
| 61 | ov_061 | 8.579309430631129 × 10^284 |
| 60 | ov_060 | 2.078897390871624 × 10^285 |
| 59 | ov_059 | 4.311302988703425 × 10^285 |
| 58 | ov_058 | 7.945184281322632 × 10^285 |
| 57 | ov_057 | 1.3370581105266343 × 10^286 |
| 56 | ov_056 | 2.0977543511358899 × 10^286 |
| 55 | ov_055 | 3.3337711873301845 × 10^286 |
| 54 | ov_054 | 5.598449156323681 × 10^286 |
| 53 | ov_053 | 9.523162509228149 × 10^286 |
| 52 | ov_052 | 1.581734200286427 × 10^287 |
| 51 | ov_051 | 2.5268511211367845 × 10^287 |
| 50 | ov_050 | 3.874234824019613 × 10^287 |
| 49 | ov_049 | 5.67304100186004 × 10^287 |
| 48 | ov_048 | 7.976354876353221 × 10^287 |
| 47 | ov_047 | 1.084121146760713 × 10^288 |
| 32 | lv_80_k31 | 1.3783829968845093 × 10^288 |
| 46 | ov_046 | 1.432862616595167 × 10^288 |
| 45 | ov_045 | 1.8503638519039344 × 10^288 |
| 44 | ov_044 | 2.3435372022059798 × 10^288 |
| 43 | ov_043 | 2.919711257743519 × 10^288 |
| 42 | ov_042 | 3.5866409012353563 × 10^288 |
| 41 | ov_041 | 4.36027485980311 × 10^288 |
| 40 | ov_040 | 5.2574555139671527 × 10^288 |
| 31 | ov_031 | 5.714204268182152 × 10^288 |
| 39 | ov_039 | 6.29595389455198 × 10^288 |
| 38 | ov_038 | 7.494512263087041 × 10^288 |
| 37 | ov_037 | 8.872895260136773 × 10^288 |
| 36 | ov_036 | 1.045195053718236 × 10^289 |
| 35 | ov_035 | 1.2242977085072923 × 10^289 |
| 34 | ov_034 | 1.4257914589474117 × 10^289 |
| 33 | ov_033 | 1.6509394788525513 × 10^289 |
| 30 | ov_030 | 2.3670805186446463 × 10^289 |
| 29 | ov_029 | 7.170919001669081 × 10^289 |
| 28 | ov_028 | 1.7436274480233462 × 10^290 |
| 27 | ov_027 | 3.626827702415558 × 10^290 |
| 26 | ov_026 | 7.556386035953743 × 10^290 |
| 25 | ov_025 | 1.624472122611109 × 10^291 |
| 24 | ov_024 | 3.307032668277393 × 10^291 |
| 23 | ov_023 | 6.207780685658025 × 10^291 |
| 22 | ov_022 | 1.0797795556669983 × 10^292 |
| 21 | ov_021 | 1.761479016973615 × 10^292 |
| 20 | ov_020 | 2.726313516829501 × 10^292 |
| 19 | ov_019 | 4.041389597308696 × 10^292 |
| 18 | ov_018 | 5.780488788071737 × 10^292 |
| 17 | ov_017 | 8.024076404758286 × 10^292 |
| 16 | ov_016 | 1.0859316737863628 × 10^293 |
| 15 | ov_015 | 1.4380099152898693 × 10^293 |
| 14 | ov_014 | 1.8687080465187867 × 10^293 |
| 13 | ov_013 | 2.388774957730535 × 10^293 |
| 12 | ov_012 | 3.009652053983483 × 10^293 |
| 11 | ov_011 | 3.743485942563183 × 10^293 |
| 10 | ov_010 | 4.6031449520943056 × 10^293 |
| 9 | ov_009 | 5.602239923879226 × 10^293 |
| 8 | ov_008 | 6.755149747749181 × 10^293 |
| 7 | ov_007 | 8.077052146763414 × 10^293 |
| 6 | ov_006 | 9.57616748531934 × 10^293 |
| 5 | ov_005 | 1.1261166855070638 × 10^294 |
| 4 | ov_004 | 1.314119891226941 × 10^294 |
| 3 | ov_003 | 1.5225920992302163 × 10^294 |
| 2 | ov_002 | 1.7525535175469444 × 10^294 |
| 1 | ov_001 | 2.0050830015281128 × 10^294 |

