# Results for F001-F002-F003-F004-F005-F006-F007-F008-F009-F010-F011-F012-F013-F014-F015-F016-F017-F018-F019-F020-F021-F022-F023-F024-F025-F026-F027-F028-F029-F030-F031-F032-F033-F034-F035-F036-F037-F038-F039-F040-F041-F042-F043-F044-F045-F046-F047-F048-F049-F050-F051-F052-F053-F054-F055-F056-F057-F058-F059-F060-F061-F062-F063-F064-F065-F066-F067-F068-F069-F070-F071-F072-F073-F074-F075-F076-F077-F078-F079-F080-F081-F082-F083-F084-F085-F086-F087-F088-F089-F090-F091-F092-F093-F094-F095-F096-F097-F098-F099-F100-F101-F102-F103-F104-F105-F106-F107-F108-F109-F110-F111-F112-F113-F114-F115-F116-F117-F118-F119-F120-F121-F122-F123-F124-F125-F126-F127-F128-F129-F130-F131-F132-F133-F134-F135-F136-F137-F138-F139-F140-F141-F142-F143-F144-F145-F146-F147-F148-F149-F150-F151-F152-F153-F154-F155-F156-F157-F158-F159-F160-F161-F162-F163-F164-F165-F166-F167-F168-F169-F170-F171-F172-F173-F174-F175-F176-F177-F178-F179-F180-F181-F182-F183-F184-F185-F186-F187-F188-F189-F190-F191-F192-F193-F194-F195-F196-F197-F198-F199-F200-F201-F202-F203-F204-F205-F206-F207-F208-F209-F210-F211-F212-F213-F214-F215-F216-F217-F218-F219-F220-F221-F222-F223-F224-F225-F226-F227-F228-F229-F230-F231-F232-F233-F234-F235-F236-F237-F238-F239-F240-F241-F242-F243-F244-F245-F246-F247-F248-F249-F250-F251-F252-F253-F254-F255-F256-F257-F258-F259-F260-F261-F262-F263-F264-F265-F266-F267-F268-F269-F270-F271-F272-F273-F274-F275-F276-F277-F278-F279-F280-F281-F282-F283-F284-F285-F286-F287-F288-F289-F290-F291-F292-F293-F294-F295-F296-F297-F298-F299-F300-F301-F302-F303-F304-F305-F306-F307-F308-F309-F310-F311-F312-F313-F314-F315-F316-F317-F318-F319-F320-F321-F322-F323-F324-F325-F326-F327-F328-F329-F330-F331-F332-F333-F334-F335-F336-F337-F338-F339-F340-F341-F342-F343-F344-F345-F346-F347-F348-F349-F350-F351-F352-F353-F354-F355-F356-F357-F358-F359-F360-F361-F362-F363-F364-F365-F366-F367-F368-F369-F370-F371-F372-F373-F374-F375-F376-F377-F378-F379-F380-F381-F382-F383-F384-F385-F386-F387-F388-F389-F390-F391-F392-F393-F394-F395-F396-F397-F398-F399-F400-F401-F402-F403-F404-F405-F406-F407-F408-F409-F410-F411-F412-F413-F414-F415-F416-F417-F418-F419-F420-F421-F422-F423-F424-F425-F426-F427-F428-F429-F430-F431-F432-F433-F434-F435-F436-F437-F438-F439-F440-F441-F442-F443-F444-F445-F446-F447-F448-F449-F450-F451-F452-F453-F454-F455-F456-F457-F458-F459-F460-F461-F462-F463-F464-F465-F466-F467-F468-F469-F470-F471-F472-F473-F474-F475-F476-F477-F478-F479-F480-F481-F482-F483-F484-F485-F486-F487-F488-F489-F490-F491-F492-F493-F494-F495-F496-F497-F498-F499-F500-F501-F502-F503-F504-F505-F509-T510

## Summary

Number of input bits: 512  
Number of free input bits: 5  
Number of output bits: 160

Number of direct occurrences: 21246  
Number of assignments: 30334  
Number of operations: 11505583
(xor: 11473828,
and: 19079,
or: 12676)

Total complexity: 2.746308738268162 × 10^301

Least occurring input variable: iv_508 (4143)  
Most occurring input variable: iv_512 (4354)

Most co-occurring input variables: iv_511-iv_512 (2117)  
Least co-occurring input variables: iv_508-iv_512 (1888)

Potentially most occurring input variable: iv_508/iv_512 (4721)  
Potentially least occurring input variable: iv_506/iv_508 (4390)

Least output occurring input variable: iv_507 (70)  
Most output occurring input variable: iv_506 (82)

Most output co-occurring input variables: iv_506-iv_511 (45)  
Least output co-occurring input variables: iv_507-iv_508 (34)

Potentially most output occurring input variable: iv_506/iv_507 (84)  
Potentially least output occurring input variable: iv_506/iv_511 (72)

Least complex input bit: iv_506 (2.6630609993372258 × 10^300)  
Most complex input bit: iv_512 (1.0373223410941774 × 10^301)

Least complex output bit: aaa_76_29 (7.163311755931038 × 10^275)  
Most complex output bit: ov_001 (4.257501459045212 × 10^300)

Least complex input/output complexity: iv_506/aaa_76_29 (6.946173202414024 × 10^274)  
Most complex input/output complexity: iv_512/ov_001 (1.6081226845214986 × 10^300)

Input variable with highest collision probability: iv_506 (½^160.00000000000063)

## Input Bits

### Input Bits in Regular Order

| Input Bit | Complexity | Occurrences | Output Occurrences | Collision Probability |
|:---------:|:----------:|:-----------:|:------------------:|:---------------------:|
| iv_506 | 2.6630609993372258 × 10^300 | 4235 | 82 | ½^160.00000000000063 |
| iv_507 | 4.770970083325912 × 10^300 | 4229 | 70 | ½^160.00000000000094 |
| iv_508 | 2.715223181788869 × 10^300 | 4143 | 80 | ½^160.0000000000007 |
| iv_511 | 6.940609707287882 × 10^300 | 4285 | 80 | ½^160.00000000000094 |
| iv_512 | 1.0373223410941774 × 10^301 | 4354 | 75 | ½^160.00000000000074 |

### Input Bits Sorted by Complexity

| Input Bit | Complexity | Occurrences | Output Occurrences | Collision Probability |
|:---------:|:----------:|:-----------:|:------------------:|:---------------------:|
| iv_506 | 2.6630609993372258 × 10^300 | 4235 | 82 | ½^160.00000000000063 |
| iv_508 | 2.715223181788869 × 10^300 | 4143 | 80 | ½^160.0000000000007 |
| iv_507 | 4.770970083325912 × 10^300 | 4229 | 70 | ½^160.00000000000094 |
| iv_511 | 6.940609707287882 × 10^300 | 4285 | 80 | ½^160.00000000000094 |
| iv_512 | 1.0373223410941774 × 10^301 | 4354 | 75 | ½^160.00000000000074 |

### Input Bits Sorted by Occurrences

| Input Bit | Complexity | Occurrences | Output Occurrences | Collision Probability |
|:---------:|:----------:|:-----------:|:------------------:|:---------------------:|
| iv_508 | 2.715223181788869 × 10^300 | 4143 | 80 | ½^160.0000000000007 |
| iv_507 | 4.770970083325912 × 10^300 | 4229 | 70 | ½^160.00000000000094 |
| iv_506 | 2.6630609993372258 × 10^300 | 4235 | 82 | ½^160.00000000000063 |
| iv_511 | 6.940609707287882 × 10^300 | 4285 | 80 | ½^160.00000000000094 |
| iv_512 | 1.0373223410941774 × 10^301 | 4354 | 75 | ½^160.00000000000074 |

### Input Bits Sorted by Output Occurrences

| Input Bit | Complexity | Occurrences | Output Occurrences | Collision Probability |
|:---------:|:----------:|:-----------:|:------------------:|:---------------------:|
| iv_507 | 4.770970083325912 × 10^300 | 4229 | 70 | ½^160.00000000000094 |
| iv_512 | 1.0373223410941774 × 10^301 | 4354 | 75 | ½^160.00000000000074 |
| iv_508 | 2.715223181788869 × 10^300 | 4143 | 80 | ½^160.0000000000007 |
| iv_511 | 6.940609707287882 × 10^300 | 4285 | 80 | ½^160.00000000000094 |
| iv_506 | 2.6630609993372258 × 10^300 | 4235 | 82 | ½^160.00000000000063 |

### Input Bits Sorted by Collision Probability

| Input Bit | Complexity | Occurrences | Output Occurrences | Collision Probability |
|:---------:|:----------:|:-----------:|:------------------:|:---------------------:|
| iv_506 | 2.6630609993372258 × 10^300 | 4235 | 82 | ½^160.00000000000063 |
| iv_508 | 2.715223181788869 × 10^300 | 4143 | 80 | ½^160.0000000000007 |
| iv_512 | 1.0373223410941774 × 10^301 | 4354 | 75 | ½^160.00000000000074 |
| iv_511 | 6.940609707287882 × 10^300 | 4285 | 80 | ½^160.00000000000094 |
| iv_507 | 4.770970083325912 × 10^300 | 4229 | 70 | ½^160.00000000000094 |

## Input Bit/Output Bit Collision Probabilities

| Input Bit | Output Bit | Collision Probability |
|:---------:|:----------:|:---------------------:|
| iv_511 | ov_144 | 0.5000000000000022 |
| iv_506 | ov_093 | 0.500000000000002 |
| iv_506 | ov_084 | 0.5000000000000018 |
| iv_508 | ov_124 | 0.5000000000000018 |
| iv_511 | ov_047 | 0.5000000000000018 |

## Input Bit Co-occurrences

### Input Bit Co-occurrences Sorted by Co-occurrences

| Input Bits | Co-occurrences | Potential Occurrences | Output Co-occurrences | Potential Output Occurrences |
|:----------:|:--------------:|:---------------------:|:---------------------:|:----------------------------:|
| iv_511-iv_512 | 2117 | 4405 | 41 | 73 |
| iv_507-iv_511 | 2026 | 4462 | 38 | 74 |
| iv_506-iv_511 | 2013 | 4494 | 45 | 72 |
| iv_506-iv_507 | 2001 | 4462 | 34 | 84 |
| iv_506-iv_508 | 1994 | 4390 | 40 | 82 |

### Input Bit Co-occurrences Sorted by Potential Occurrences

| Input Bits | Co-occurrences | Potential Occurrences | Output Co-occurrences | Potential Output Occurrences |
|:----------:|:--------------:|:---------------------:|:---------------------:|:----------------------------:|
| iv_506-iv_508 | 1994 | 4390 | 40 | 82 |
| iv_511-iv_512 | 2117 | 4405 | 41 | 73 |
| iv_506-iv_507 | 2001 | 4462 | 34 | 84 |
| iv_507-iv_511 | 2026 | 4462 | 38 | 74 |
| iv_506-iv_511 | 2013 | 4494 | 45 | 72 |

### Input Bit Output Co-occurrences Sorted by Output Co-occurrences

| Input Bits | Co-occurrences | Potential Occurrences | Output Co-occurrences | Potential Output Occurrences |
|:----------:|:--------------:|:---------------------:|:---------------------:|:----------------------------:|
| iv_506-iv_511 | 2013 | 4494 | 45 | 72 |
| iv_511-iv_512 | 2117 | 4405 | 41 | 73 |
| iv_508-iv_511 | 1964 | 4500 | 40 | 80 |
| iv_508-iv_512 | 1888 | 4721 | 40 | 75 |
| iv_506-iv_508 | 1994 | 4390 | 40 | 82 |

### Input Bit Output Co-occurrences Sorted by Potential Output Occurrences

| Input Bits | Co-occurrences | Potential Occurrences | Output Co-occurrences | Potential Output Occurrences |
|:----------:|:--------------:|:---------------------:|:---------------------:|:----------------------------:|
| iv_506-iv_511 | 2013 | 4494 | 45 | 72 |
| iv_511-iv_512 | 2117 | 4405 | 41 | 73 |
| iv_507-iv_512 | 1974 | 4635 | 36 | 73 |
| iv_507-iv_511 | 2026 | 4462 | 38 | 74 |
| iv_508-iv_512 | 1888 | 4721 | 40 | 75 |

## Output Bits

### Output Bits in Regular Order

| Rank | Output Bit | Complexity |
|:----:|:----------:|:----------:|
| 1 | ov_001 | 4.257501459045212 × 10^300 |
| 2 | ov_002 | 3.726724258857557 × 10^300 |
| 3 | ov_003 | 3.2430162743294804 × 10^300 |
| 4 | ov_004 | 2.8041353098830864 × 10^300 |
| 5 | ov_005 | 2.407961965276852 × 10^300 |
| 6 | ov_006 | 2.0524908249380246 × 10^300 |
| 7 | ov_007 | 1.735822781174625 × 10^300 |
| 8 | ov_008 | 1.4561583935834665 × 10^300 |
| 9 | ov_009 | 1.211792194010977 × 10^300 |
| 10 | ov_010 | 9.995764014279505 × 10^299 |
| 11 | ov_011 | 8.165296080208205 × 10^299 |
| 12 | ov_012 | 6.598303097904318 × 10^299 |
| 13 | ov_013 | 5.268115313152195 × 10^299 |
| 14 | ov_014 | 4.1495643694271986 × 10^299 |
| 15 | ov_015 | 3.218948275383064 × 10^299 |
| 16 | ov_016 | 2.4540042871488736 × 10^299 |
| 17 | ov_017 | 1.833888743889534 × 10^299 |
| 18 | ov_018 | 1.339162705827425 × 10^299 |
| 19 | ov_019 | 9.517820794467155 × 10^298 |
| 20 | ov_020 | 6.550910146860062 × 10^298 |
| 21 | ov_021 | 4.3381767362817563 × 10^298 |
| 22 | ov_022 | 2.7407171326766454 × 10^298 |
| 23 | ov_023 | 1.6334286992659774 × 10^298 |
| 24 | ov_024 | 9.050012943496016 × 10^297 |
| 25 | ov_025 | 4.57912084824949 × 10^297 |
| 26 | ov_026 | 2.0842242827576483 × 10^297 |
| 27 | ov_027 | 8.657619568668831 × 10^296 |
| 28 | ov_028 | 3.6198991272429197 × 10^296 |
| 29 | ov_029 | 1.4897853696429222 × 10^296 |
| 30 | ov_030 | 4.921642848749593 × 10^295 |
| 31 | ov_031 | 1.189261761221887 × 10^295 |
| 32 | lv_80_k31 | 2.871795775513449 × 10^294 |
| 33 | ov_033 | 3.45657798417323 × 10^295 |
| 34 | ov_034 | 2.992128650063105 × 10^295 |
| 35 | ov_035 | 2.5759145030149236 × 10^295 |
| 36 | ov_036 | 2.2052260239194016 × 10^295 |
| 37 | ov_037 | 1.8775029954428525 × 10^295 |
| 38 | ov_038 | 1.5903234178596452 × 10^295 |
| 39 | ov_039 | 1.3392208107611098 × 10^295 |
| 40 | ov_040 | 1.1199622369253585 × 10^295 |
| 41 | ov_041 | 9.285352002085502 × 10^294 |
| 42 | ov_042 | 7.629870592637001 × 10^294 |
| 43 | ov_043 | 6.214673279860157 × 10^294 |
| 44 | ov_044 | 5.0056538596800996 × 10^294 |
| 45 | ov_045 | 3.9705671723141616 × 10^294 |
| 46 | ov_046 | 3.0937488187731196 × 10^294 |
| 47 | ov_047 | 2.3604280371957618 × 10^294 |
| 48 | ov_048 | 1.7567099212743506 × 10^294 |
| 49 | ov_049 | 1.269561886897187 × 10^294 |
| 50 | ov_050 | 8.86803649909213 × 10^293 |
| 51 | ov_051 | 5.971000391746926 × 10^293 |
| 52 | ov_052 | 3.8995603030429014 × 10^293 |
| 53 | ov_053 | 2.468900429663347 × 10^293 |
| 54 | ov_054 | 1.510888624826388 × 10^293 |
| 55 | ov_055 | 8.740585140170033 × 10^292 |
| 56 | ov_056 | 4.868418340246502 × 10^292 |
| 57 | ov_057 | 2.8599700356534737 × 10^292 |
| 58 | ov_058 | 1.7001448169034196 × 10^292 |
| 59 | ov_059 | 9.230143041851749 × 10^291 |
| 60 | ov_060 | 4.4534685385053715 × 10^291 |
| 61 | ov_061 | 1.8391146752619732 × 10^291 |
| 62 | ov_062 | 6.0976556935637976 × 10^290 |
| 63 | ov_063 | 1.4794984527882645 × 10^290 |
| 64 | lv_79_k31 | 3.587829800925344 × 10^289 |
| 65 | ov_065 | 4.218282248810562 × 10^290 |
| 66 | ov_066 | 4.218272256181277 × 10^290 |
| 67 | ov_067 | 4.218269069353248 × 10^290 |
| 68 | ov_068 | 3.668344457472852 × 10^290 |
| 69 | ov_069 | 3.1697518135410233 × 10^290 |
| 70 | ov_070 | 2.7200400163730335 × 10^290 |
| 71 | ov_071 | 2.316890504024033 × 10^290 |
| 72 | ov_072 | 1.9581075238752682 × 10^290 |
| 73 | ov_073 | 1.6416097009579425 × 10^290 |
| 74 | ov_074 | 1.3654228012454864 × 10^290 |
| 75 | ov_075 | 1.1258961131302067 × 10^290 |
| 76 | ov_076 | 9.195661804046874 × 10^289 |
| 77 | ov_077 | 7.431489111044297 × 10^289 |
| 78 | ov_078 | 5.935331219712719 × 10^289 |
| 79 | ov_079 | 4.677753379029307 × 10^289 |
| 80 | ov_080 | 3.6309567674340626 × 10^289 |
| 81 | ov_081 | 2.768746605981209 × 10^289 |
| 82 | ov_082 | 2.0665080556915759 × 10^289 |
| 83 | ov_083 | 1.501188524346767 × 10^289 |
| 84 | ov_084 | 1.0616504251613907 × 10^289 |
| 85 | ov_085 | 7.279319777351728 × 10^288 |
| 86 | ov_086 | 4.816068615483689 × 10^288 |
| 87 | ov_087 | 3.057805224918474 × 10^288 |
| 88 | ov_088 | 1.8508766853006784 × 10^288 |
| 89 | ov_089 | 1.0569049083595992 × 10^288 |
| 90 | ov_090 | 5.527741911607616 × 10^287 |
| 91 | ov_091 | 2.8074102382834738 × 10^287 |
| 92 | ov_092 | 1.4819326745551886 × 10^287 |
| 93 | ov_093 | 7.776548042015852 × 10^286 |
| 94 | ov_094 | 3.458639888956268 × 10^286 |
| 95 | aaa_78_28 | 1.1033577837181644 × 10^286 |
| 96 | aaa_78_29 | 4.1305219322458276 × 10^285 |
| 97 | ov_097 | 3.7432408016567585 × 10^285 |
| 98 | ov_098 | 3.743223223926968 × 10^285 |
| 99 | ov_099 | 3.7432176002742555 × 10^285 |
| 100 | ov_100 | 3.227818692598152 × 10^285 |
| 101 | ov_101 | 2.767792196536022 × 10^285 |
| 102 | ov_102 | 2.3588536950062652 × 10^285 |
| 103 | ov_103 | 1.9969563726501893 × 10^285 |
| 104 | ov_104 | 1.6782735696552048 × 10^285 |
| 105 | ov_105 | 1.3991835171636338 × 10^285 |
| 106 | ov_106 | 1.1562560475067316 × 10^285 |
| 107 | ov_107 | 9.462411372960482 × 10^284 |
| 108 | ov_108 | 7.660591519519953 × 10^284 |
| 109 | ov_109 | 6.127926195884026 × 10^284 |
| 110 | ov_110 | 4.8367934799885876 × 10^284 |
| 111 | ov_111 | 3.761067293242599 × 10^284 |
| 112 | ov_112 | 2.8760710759265134 × 10^284 |
| 113 | ov_113 | 2.158540749421417 × 10^284 |
| 114 | ov_114 | 1.5865955283286496 × 10^284 |
| 115 | ov_115 | 1.1397153962102599 × 10^284 |
| 116 | ov_116 | 7.987243087320258 × 10^283 |
| 117 | ov_117 | 5.457781426424442 × 10^283 |
| 118 | ov_118 | 3.643563634095393 × 10^283 |
| 119 | ov_119 | 2.392564860581568 × 10^283 |
| 120 | ov_120 | 1.5659058931035404 × 10^283 |
| 121 | ov_121 | 1.0378332864383485 × 10^283 |
| 122 | ov_122 | 6.957091150997918 × 10^282 |
| 123 | ov_123 | 4.400056142110983 × 10^282 |
| 124 | ov_124 | 2.5761742059798304 × 10^282 |
| 125 | ov_125 | 1.3544002619057168 × 10^282 |
| 126 | ov_126 | 6.0369273853637996 × 10^281 |
| 127 | aaa_77_28 | 1.9301118650145193 × 10^281 |
| 128 | aaa_77_29 | 7.246869259942649 × 10^280 |
| 129 | ov_129 | 6.699838793059651 × 10^280 |
| 130 | ov_130 | 6.699821351573765 × 10^280 |
| 131 | ov_131 | 6.699815741074078 × 10^280 |
| 132 | ov_132 | 5.83136008079087 × 10^280 |
| 133 | ov_133 | 5.04550361258097 × 10^280 |
| 134 | ov_134 | 4.338038163249253 × 10^280 |
| 135 | ov_135 | 3.704995726877695 × 10^280 |
| 136 | ov_136 | 3.1426304555782934 × 10^280 |
| 137 | ov_137 | 2.647402691073147 × 10^280 |
| 138 | ov_138 | 2.212797302698607 × 10^280 |
| 139 | ov_139 | 1.832648422570744 × 10^280 |
| 140 | ov_140 | 1.5011199618930097 × 10^280 |
| 141 | ov_141 | 1.2153740852973864 × 10^280 |
| 142 | ov_142 | 9.727259127278287 × 10^279 |
| 143 | ov_143 | 7.68241167651453 × 10^279 |
| 144 | ov_144 | 5.97265295140279 × 10^279 |
| 145 | ov_145 | 4.554163877700943 × 10^279 |
| 146 | ov_146 | 3.4057087719298804 × 10^279 |
| 147 | ov_147 | 2.4887703021920952 × 10^279 |
| 148 | ov_148 | 1.7674306678332718 × 10^279 |
| 149 | ov_149 | 1.2083497971825377 × 10^279 |
| 150 | ov_150 | 7.95499845296582 × 10^278 |
| 151 | ov_151 | 5.00656280671554 × 10^278 |
| 152 | ov_152 | 2.981410055398174 × 10^278 |
| 153 | ov_153 | 1.6481848150913635 × 10^278 |
| 154 | ov_154 | 8.0093594171594895 × 10^277 |
| 155 | ov_155 | 3.430370984266756 × 10^277 |
| 156 | aaa_76_25 | 1.1931947052579767 × 10^277 |
| 157 | aaa_76_26 | 7.346647772518787 × 10^276 |
| 158 | aaa_76_27 | 4.030557984321924 × 10^276 |
| 159 | aaa_76_28 | 1.900850011512305 × 10^276 |
| 160 | aaa_76_29 | 7.163311755931038 × 10^275 |

### Output Bits Sorted by Complexity

| Rank | Output Bit | Complexity |
|:----:|:----------:|:----------:|
| 160 | aaa_76_29 | 7.163311755931038 × 10^275 |
| 159 | aaa_76_28 | 1.900850011512305 × 10^276 |
| 158 | aaa_76_27 | 4.030557984321924 × 10^276 |
| 157 | aaa_76_26 | 7.346647772518787 × 10^276 |
| 156 | aaa_76_25 | 1.1931947052579767 × 10^277 |
| 155 | ov_155 | 3.430370984266756 × 10^277 |
| 154 | ov_154 | 8.0093594171594895 × 10^277 |
| 153 | ov_153 | 1.6481848150913635 × 10^278 |
| 152 | ov_152 | 2.981410055398174 × 10^278 |
| 151 | ov_151 | 5.00656280671554 × 10^278 |
| 150 | ov_150 | 7.95499845296582 × 10^278 |
| 149 | ov_149 | 1.2083497971825377 × 10^279 |
| 148 | ov_148 | 1.7674306678332718 × 10^279 |
| 147 | ov_147 | 2.4887703021920952 × 10^279 |
| 146 | ov_146 | 3.4057087719298804 × 10^279 |
| 145 | ov_145 | 4.554163877700943 × 10^279 |
| 144 | ov_144 | 5.97265295140279 × 10^279 |
| 143 | ov_143 | 7.68241167651453 × 10^279 |
| 142 | ov_142 | 9.727259127278287 × 10^279 |
| 141 | ov_141 | 1.2153740852973864 × 10^280 |
| 140 | ov_140 | 1.5011199618930097 × 10^280 |
| 139 | ov_139 | 1.832648422570744 × 10^280 |
| 138 | ov_138 | 2.212797302698607 × 10^280 |
| 137 | ov_137 | 2.647402691073147 × 10^280 |
| 136 | ov_136 | 3.1426304555782934 × 10^280 |
| 135 | ov_135 | 3.704995726877695 × 10^280 |
| 134 | ov_134 | 4.338038163249253 × 10^280 |
| 133 | ov_133 | 5.04550361258097 × 10^280 |
| 132 | ov_132 | 5.83136008079087 × 10^280 |
| 131 | ov_131 | 6.699815741074078 × 10^280 |
| 130 | ov_130 | 6.699821351573765 × 10^280 |
| 129 | ov_129 | 6.699838793059651 × 10^280 |
| 128 | aaa_77_29 | 7.246869259942649 × 10^280 |
| 127 | aaa_77_28 | 1.9301118650145193 × 10^281 |
| 126 | ov_126 | 6.0369273853637996 × 10^281 |
| 125 | ov_125 | 1.3544002619057168 × 10^282 |
| 124 | ov_124 | 2.5761742059798304 × 10^282 |
| 123 | ov_123 | 4.400056142110983 × 10^282 |
| 122 | ov_122 | 6.957091150997918 × 10^282 |
| 121 | ov_121 | 1.0378332864383485 × 10^283 |
| 120 | ov_120 | 1.5659058931035404 × 10^283 |
| 119 | ov_119 | 2.392564860581568 × 10^283 |
| 118 | ov_118 | 3.643563634095393 × 10^283 |
| 117 | ov_117 | 5.457781426424442 × 10^283 |
| 116 | ov_116 | 7.987243087320258 × 10^283 |
| 115 | ov_115 | 1.1397153962102599 × 10^284 |
| 114 | ov_114 | 1.5865955283286496 × 10^284 |
| 113 | ov_113 | 2.158540749421417 × 10^284 |
| 112 | ov_112 | 2.8760710759265134 × 10^284 |
| 111 | ov_111 | 3.761067293242599 × 10^284 |
| 110 | ov_110 | 4.8367934799885876 × 10^284 |
| 109 | ov_109 | 6.127926195884026 × 10^284 |
| 108 | ov_108 | 7.660591519519953 × 10^284 |
| 107 | ov_107 | 9.462411372960482 × 10^284 |
| 106 | ov_106 | 1.1562560475067316 × 10^285 |
| 105 | ov_105 | 1.3991835171636338 × 10^285 |
| 104 | ov_104 | 1.6782735696552048 × 10^285 |
| 103 | ov_103 | 1.9969563726501893 × 10^285 |
| 102 | ov_102 | 2.3588536950062652 × 10^285 |
| 101 | ov_101 | 2.767792196536022 × 10^285 |
| 100 | ov_100 | 3.227818692598152 × 10^285 |
| 99 | ov_099 | 3.7432176002742555 × 10^285 |
| 98 | ov_098 | 3.743223223926968 × 10^285 |
| 97 | ov_097 | 3.7432408016567585 × 10^285 |
| 96 | aaa_78_29 | 4.1305219322458276 × 10^285 |
| 95 | aaa_78_28 | 1.1033577837181644 × 10^286 |
| 94 | ov_094 | 3.458639888956268 × 10^286 |
| 93 | ov_093 | 7.776548042015852 × 10^286 |
| 92 | ov_092 | 1.4819326745551886 × 10^287 |
| 91 | ov_091 | 2.8074102382834738 × 10^287 |
| 90 | ov_090 | 5.527741911607616 × 10^287 |
| 89 | ov_089 | 1.0569049083595992 × 10^288 |
| 88 | ov_088 | 1.8508766853006784 × 10^288 |
| 87 | ov_087 | 3.057805224918474 × 10^288 |
| 86 | ov_086 | 4.816068615483689 × 10^288 |
| 85 | ov_085 | 7.279319777351728 × 10^288 |
| 84 | ov_084 | 1.0616504251613907 × 10^289 |
| 83 | ov_083 | 1.501188524346767 × 10^289 |
| 82 | ov_082 | 2.0665080556915759 × 10^289 |
| 81 | ov_081 | 2.768746605981209 × 10^289 |
| 64 | lv_79_k31 | 3.587829800925344 × 10^289 |
| 80 | ov_080 | 3.6309567674340626 × 10^289 |
| 79 | ov_079 | 4.677753379029307 × 10^289 |
| 78 | ov_078 | 5.935331219712719 × 10^289 |
| 77 | ov_077 | 7.431489111044297 × 10^289 |
| 76 | ov_076 | 9.195661804046874 × 10^289 |
| 75 | ov_075 | 1.1258961131302067 × 10^290 |
| 74 | ov_074 | 1.3654228012454864 × 10^290 |
| 63 | ov_063 | 1.4794984527882645 × 10^290 |
| 73 | ov_073 | 1.6416097009579425 × 10^290 |
| 72 | ov_072 | 1.9581075238752682 × 10^290 |
| 71 | ov_071 | 2.316890504024033 × 10^290 |
| 70 | ov_070 | 2.7200400163730335 × 10^290 |
| 69 | ov_069 | 3.1697518135410233 × 10^290 |
| 68 | ov_068 | 3.668344457472852 × 10^290 |
| 67 | ov_067 | 4.218269069353248 × 10^290 |
| 66 | ov_066 | 4.218272256181277 × 10^290 |
| 65 | ov_065 | 4.218282248810562 × 10^290 |
| 62 | ov_062 | 6.0976556935637976 × 10^290 |
| 61 | ov_061 | 1.8391146752619732 × 10^291 |
| 60 | ov_060 | 4.4534685385053715 × 10^291 |
| 59 | ov_059 | 9.230143041851749 × 10^291 |
| 58 | ov_058 | 1.7001448169034196 × 10^292 |
| 57 | ov_057 | 2.8599700356534737 × 10^292 |
| 56 | ov_056 | 4.868418340246502 × 10^292 |
| 55 | ov_055 | 8.740585140170033 × 10^292 |
| 54 | ov_054 | 1.510888624826388 × 10^293 |
| 53 | ov_053 | 2.468900429663347 × 10^293 |
| 52 | ov_052 | 3.8995603030429014 × 10^293 |
| 51 | ov_051 | 5.971000391746926 × 10^293 |
| 50 | ov_050 | 8.86803649909213 × 10^293 |
| 49 | ov_049 | 1.269561886897187 × 10^294 |
| 48 | ov_048 | 1.7567099212743506 × 10^294 |
| 47 | ov_047 | 2.3604280371957618 × 10^294 |
| 32 | lv_80_k31 | 2.871795775513449 × 10^294 |
| 46 | ov_046 | 3.0937488187731196 × 10^294 |
| 45 | ov_045 | 3.9705671723141616 × 10^294 |
| 44 | ov_044 | 5.0056538596800996 × 10^294 |
| 43 | ov_043 | 6.214673279860157 × 10^294 |
| 42 | ov_042 | 7.629870592637001 × 10^294 |
| 41 | ov_041 | 9.285352002085502 × 10^294 |
| 40 | ov_040 | 1.1199622369253585 × 10^295 |
| 31 | ov_031 | 1.189261761221887 × 10^295 |
| 39 | ov_039 | 1.3392208107611098 × 10^295 |
| 38 | ov_038 | 1.5903234178596452 × 10^295 |
| 37 | ov_037 | 1.8775029954428525 × 10^295 |
| 36 | ov_036 | 2.2052260239194016 × 10^295 |
| 35 | ov_035 | 2.5759145030149236 × 10^295 |
| 34 | ov_034 | 2.992128650063105 × 10^295 |
| 33 | ov_033 | 3.45657798417323 × 10^295 |
| 30 | ov_030 | 4.921642848749593 × 10^295 |
| 29 | ov_029 | 1.4897853696429222 × 10^296 |
| 28 | ov_028 | 3.6198991272429197 × 10^296 |
| 27 | ov_027 | 8.657619568668831 × 10^296 |
| 26 | ov_026 | 2.0842242827576483 × 10^297 |
| 25 | ov_025 | 4.57912084824949 × 10^297 |
| 24 | ov_024 | 9.050012943496016 × 10^297 |
| 23 | ov_023 | 1.6334286992659774 × 10^298 |
| 22 | ov_022 | 2.7407171326766454 × 10^298 |
| 21 | ov_021 | 4.3381767362817563 × 10^298 |
| 20 | ov_020 | 6.550910146860062 × 10^298 |
| 19 | ov_019 | 9.517820794467155 × 10^298 |
| 18 | ov_018 | 1.339162705827425 × 10^299 |
| 17 | ov_017 | 1.833888743889534 × 10^299 |
| 16 | ov_016 | 2.4540042871488736 × 10^299 |
| 15 | ov_015 | 3.218948275383064 × 10^299 |
| 14 | ov_014 | 4.1495643694271986 × 10^299 |
| 13 | ov_013 | 5.268115313152195 × 10^299 |
| 12 | ov_012 | 6.598303097904318 × 10^299 |
| 11 | ov_011 | 8.165296080208205 × 10^299 |
| 10 | ov_010 | 9.995764014279505 × 10^299 |
| 9 | ov_009 | 1.211792194010977 × 10^300 |
| 8 | ov_008 | 1.4561583935834665 × 10^300 |
| 7 | ov_007 | 1.735822781174625 × 10^300 |
| 6 | ov_006 | 2.0524908249380246 × 10^300 |
| 5 | ov_005 | 2.407961965276852 × 10^300 |
| 4 | ov_004 | 2.8041353098830864 × 10^300 |
| 3 | ov_003 | 3.2430162743294804 × 10^300 |
| 2 | ov_002 | 3.726724258857557 × 10^300 |
| 1 | ov_001 | 4.257501459045212 × 10^300 |

