# Results for F001-F002-F003-F004-F005-F006-F007-F008-F009-F010-F011-F012-F013-F014-F015-F016-F017-F018-F019-F020-F021-F022-F023-F024-F025-F026-F027-F028-F029-F030-F031-F032-F033-F034-F035-F036-F037-F038-F039-F040-F041-F042-F043-F044-F045-F046-F047-F048-F049-F050-F051-F052-F053-F054-F055-F056-F057-F058-F059-F060-F061-F062-F063-F064-F065-F066-F067-F068-F069-F070-F071-F072-F073-F074-F075-F076-F077-F078-F079-F080-F081-F082-F083-F084-F085-F086-F087-F088-F089-F090-F091-F092-F093-F094-F095-F096-F097-F098-F099-F100-F101-F102-F103-F104-F105-F106-F107-F108-F109-F110-F111-F112-F113-F114-F115-F116-F117-F118-F119-F120-F121-F122-F123-F124-F125-F126-F127-F128-F129-F130-F131-F132-F133-F134-F135-F136-F137-F138-F139-F140-F141-F142-F143-F144-F145-F146-F147-F148-F149-F150-F151-F152-F153-F154-F155-F156-F157-F158-F159-F160-F161-F162-F163-F164-F165-F166-F167-F168-F169-F170-F171-F172-F173-F174-F175-F176-F177-F178-F179-F180-F181-F182-F183-F184-F185-F186-F187-F188-F189-F190-F191-F192-F193-F194-F195-F196-F197-F198-F199-F200-F201-F202-F203-F204-F205-F206-F207-F208-F209-F210-F211-F212-F213-F214-F215-F216-F217-F218-F219-F220-F221-F222-F223-F224-F225-F226-F227-F228-F229-F230-F231-F232-F233-F234-F235-F236-F237-F238-F239-F240-F241-F242-F243-F244-F245-F246-F247-F248-F249-F250-F251-F252-F253-F254-F255-F256-F257-F258-F259-F260-F261-F262-F263-F264-F265-F266-F267-F268-F269-F270-F271-F272-F273-F274-F275-F276-F277-F278-F279-F280-F281-F282-F283-F284-F285-F286-F287-F288-F289-F290-F291-F292-F293-F294-F295-F296-F297-F298-F299-F300-F301-F302-F303-F304-F305-F306-F307-F308-F309-F310-F311-F312-F313-F314-F315-F316-F317-F318-F319-F320-F321-F322-F323-F324-F325-F326-F327-F328-F329-F330-F331-F332-F333-F334-F335-F336-F337-F338-F339-F340-F341-F342-F343-F344-F345-F346-F347-F348-F349-F350-F351-F352-F353-F354-F355-F356-F357-F358-F359-F360-F361-F362-F363-F364-F365-F366-F367-F368-F369-F370-F371-F372-F373-F374-F375-F376-F377-F378-F379-F380-F381-F382-F383-F384-F385-F386-F387-F388-F389-F390-F391-F392-F393-F394-F395-F396-F397-F398-F399-F400-F401-F402-F403-F404-F405-F406-F407-F408-F409-F410-F411-F412-F413-F414-F415-F416-F417-F418-F419-F420-F421-F422-F423-F424-F425-F426-F427-F428-F429-F430-F431-F432-F433-F434-F435-F436-F437-F438-F439-F440-F441-F442-F443-F444-F445-F446-F447-F448-F449-F450-F451-F452-F453-F454-F455-F456-F457-F458-F459-F460-F461-F462-F463-F464-F465-F466-F467-F468-F469-F470-F471-F472-F473-F474-F475-F476-F477-F478-F479-F480-F481-F482-F483-F484-F485-F486-F487-F488-F489-F490-F491-F492-F493-F494-F495-F496-F497-F498-F499-F500-F501-F502-F503-F504-E505506-E505509-E506507

## Summary

Number of input bits: 512  
Number of free input bits: 5  
Number of output bits: 160

Number of direct occurrences: 21171  
Number of assignments: 30478  
Number of operations: 10905351
(xor: 10875190,
and: 17376,
or: 12785)

Total complexity: 6.315815774671666 × 10^296

Least occurring input variable: iv_508 (4048)  
Most occurring input variable: iv_505 (4564)

Most co-occurring input variables: iv_505-iv_512 (2038)  
Least co-occurring input variables: iv_508-iv_511 (1906)

Potentially most occurring input variable: iv_505/iv_512 (4761)  
Potentially least occurring input variable: iv_511/iv_512 (4327)

Least output occurring input variable: iv_508 (70)  
Most output occurring input variable: iv_505 (81)

Most output co-occurring input variables: iv_505-iv_512 (43)  
Least output co-occurring input variables: iv_508-iv_512 (29)

Potentially most output occurring input variable: iv_508/iv_512 (90)  
Potentially least output occurring input variable: iv_505/iv_508 (67)

Least complex input bit: iv_511 (7.393661626425026 × 10^295)  
Most complex input bit: iv_510 (1.953076869355765 × 10^296)

Least complex output bit: aaa_76_29 (1.1084837244803917 × 10^272)  
Most complex output bit: ov_001 (9.726173836513208 × 10^295)

Least complex input/output complexity: iv_511/aaa_76_29 (1.2976555792008402 × 10^271)  
Most complex input/output complexity: iv_510/ov_001 (3.007681956716775 × 10^295)

Input variable with highest collision probability: iv_511 (½^160.0000000000007)

## Input Bits

### Input Bits in Regular Order

| Input Bit | Complexity | Occurrences | Output Occurrences | Collision Probability |
|:---------:|:----------:|:-----------:|:------------------:|:---------------------:|
| iv_505 | 1.869168785336282 × 10^296 | 4564 | 81 | ½^160.0000000000008 |
| iv_508 | 8.819603972905066 × 10^295 | 4048 | 70 | ½^160.00000000000077 |
| iv_510 | 1.953076869355765 × 10^296 | 4168 | 79 | ½^160.0000000000008 |
| iv_511 | 7.393661626425026 × 10^295 | 4118 | 74 | ½^160.0000000000007 |
| iv_512 | 8.722435600466137 × 10^295 | 4273 | 78 | ½^160.0000000000009 |

### Input Bits Sorted by Complexity

| Input Bit | Complexity | Occurrences | Output Occurrences | Collision Probability |
|:---------:|:----------:|:-----------:|:------------------:|:---------------------:|
| iv_511 | 7.393661626425026 × 10^295 | 4118 | 74 | ½^160.0000000000007 |
| iv_512 | 8.722435600466137 × 10^295 | 4273 | 78 | ½^160.0000000000009 |
| iv_508 | 8.819603972905066 × 10^295 | 4048 | 70 | ½^160.00000000000077 |
| iv_505 | 1.869168785336282 × 10^296 | 4564 | 81 | ½^160.0000000000008 |
| iv_510 | 1.953076869355765 × 10^296 | 4168 | 79 | ½^160.0000000000008 |

### Input Bits Sorted by Occurrences

| Input Bit | Complexity | Occurrences | Output Occurrences | Collision Probability |
|:---------:|:----------:|:-----------:|:------------------:|:---------------------:|
| iv_508 | 8.819603972905066 × 10^295 | 4048 | 70 | ½^160.00000000000077 |
| iv_511 | 7.393661626425026 × 10^295 | 4118 | 74 | ½^160.0000000000007 |
| iv_510 | 1.953076869355765 × 10^296 | 4168 | 79 | ½^160.0000000000008 |
| iv_512 | 8.722435600466137 × 10^295 | 4273 | 78 | ½^160.0000000000009 |
| iv_505 | 1.869168785336282 × 10^296 | 4564 | 81 | ½^160.0000000000008 |

### Input Bits Sorted by Output Occurrences

| Input Bit | Complexity | Occurrences | Output Occurrences | Collision Probability |
|:---------:|:----------:|:-----------:|:------------------:|:---------------------:|
| iv_508 | 8.819603972905066 × 10^295 | 4048 | 70 | ½^160.00000000000077 |
| iv_511 | 7.393661626425026 × 10^295 | 4118 | 74 | ½^160.0000000000007 |
| iv_512 | 8.722435600466137 × 10^295 | 4273 | 78 | ½^160.0000000000009 |
| iv_510 | 1.953076869355765 × 10^296 | 4168 | 79 | ½^160.0000000000008 |
| iv_505 | 1.869168785336282 × 10^296 | 4564 | 81 | ½^160.0000000000008 |

### Input Bits Sorted by Collision Probability

| Input Bit | Complexity | Occurrences | Output Occurrences | Collision Probability |
|:---------:|:----------:|:-----------:|:------------------:|:---------------------:|
| iv_511 | 7.393661626425026 × 10^295 | 4118 | 74 | ½^160.0000000000007 |
| iv_508 | 8.819603972905066 × 10^295 | 4048 | 70 | ½^160.00000000000077 |
| iv_505 | 1.869168785336282 × 10^296 | 4564 | 81 | ½^160.0000000000008 |
| iv_510 | 1.953076869355765 × 10^296 | 4168 | 79 | ½^160.0000000000008 |
| iv_512 | 8.722435600466137 × 10^295 | 4273 | 78 | ½^160.0000000000009 |

## Input Bit/Output Bit Collision Probabilities

| Input Bit | Output Bit | Collision Probability |
|:---------:|:----------:|:---------------------:|
| iv_512 | ov_113 | 0.5000000000000018 |
| iv_508 | ov_004 | 0.5000000000000017 |
| iv_512 | ov_034 | 0.5000000000000017 |
| iv_505 | ov_013 | 0.5000000000000016 |
| iv_505 | ov_035 | 0.5000000000000016 |

## Input Bit Co-occurrences

### Input Bit Co-occurrences Sorted by Co-occurrences

| Input Bits | Co-occurrences | Potential Occurrences | Output Co-occurrences | Potential Output Occurrences |
|:----------:|:--------------:|:---------------------:|:---------------------:|:----------------------------:|
| iv_505-iv_512 | 2038 | 4761 | 43 | 73 |
| iv_511-iv_512 | 2032 | 4327 | 39 | 74 |
| iv_505-iv_510 | 2031 | 4670 | 37 | 86 |
| iv_510-iv_512 | 1995 | 4451 | 42 | 73 |
| iv_505-iv_511 | 1994 | 4694 | 42 | 71 |

### Input Bit Co-occurrences Sorted by Potential Occurrences

| Input Bits | Co-occurrences | Potential Occurrences | Output Co-occurrences | Potential Output Occurrences |
|:----------:|:--------------:|:---------------------:|:---------------------:|:----------------------------:|
| iv_511-iv_512 | 2032 | 4327 | 39 | 74 |
| iv_508-iv_510 | 1933 | 4350 | 31 | 87 |
| iv_508-iv_511 | 1906 | 4354 | 35 | 74 |
| iv_510-iv_511 | 1952 | 4382 | 38 | 77 |
| iv_508-iv_512 | 1944 | 4433 | 29 | 90 |

### Input Bit Output Co-occurrences Sorted by Output Co-occurrences

| Input Bits | Co-occurrences | Potential Occurrences | Output Co-occurrences | Potential Output Occurrences |
|:----------:|:--------------:|:---------------------:|:---------------------:|:----------------------------:|
| iv_505-iv_512 | 2038 | 4761 | 43 | 73 |
| iv_505-iv_508 | 1960 | 4692 | 42 | 67 |
| iv_505-iv_511 | 1994 | 4694 | 42 | 71 |
| iv_510-iv_512 | 1995 | 4451 | 42 | 73 |
| iv_511-iv_512 | 2032 | 4327 | 39 | 74 |

### Input Bit Output Co-occurrences Sorted by Potential Output Occurrences

| Input Bits | Co-occurrences | Potential Occurrences | Output Co-occurrences | Potential Output Occurrences |
|:----------:|:--------------:|:---------------------:|:---------------------:|:----------------------------:|
| iv_505-iv_508 | 1960 | 4692 | 42 | 67 |
| iv_505-iv_511 | 1994 | 4694 | 42 | 71 |
| iv_505-iv_512 | 2038 | 4761 | 43 | 73 |
| iv_510-iv_512 | 1995 | 4451 | 42 | 73 |
| iv_508-iv_511 | 1906 | 4354 | 35 | 74 |

## Output Bits

### Output Bits in Regular Order

| Rank | Output Bit | Complexity |
|:----:|:----------:|:----------:|
| 1 | ov_001 | 9.726173836513208 × 10^295 |
| 2 | ov_002 | 8.52509920872042 × 10^295 |
| 3 | ov_003 | 7.429993038540178 × 10^295 |
| 4 | ov_004 | 6.435651546934015 × 10^295 |
| 5 | ov_005 | 5.537156090293016 × 10^295 |
| 6 | ov_006 | 4.729852832378579 × 10^295 |
| 7 | ov_007 | 4.0093351035933743 × 10^295 |
| 8 | ov_008 | 3.3714281433609945 × 10^295 |
| 9 | ov_009 | 2.8084273289958933 × 10^295 |
| 10 | ov_010 | 2.3165840520600678 × 10^295 |
| 11 | ov_011 | 1.8923473632539722 × 10^295 |
| 12 | ov_012 | 1.5291764231580477 × 10^295 |
| 13 | ov_013 | 1.2208893296630967 × 10^295 |
| 14 | ov_014 | 9.616526580904941 × 10^294 |
| 15 | ov_015 | 7.45973112080212 × 10^294 |
| 16 | ov_016 | 5.686910781055765 × 10^294 |
| 17 | ov_017 | 4.249758337763186 × 10^294 |
| 18 | ov_018 | 3.1032212232058445 × 10^294 |
| 19 | ov_019 | 2.20547811377664 × 10^294 |
| 20 | ov_020 | 1.5179238088439367 × 10^294 |
| 21 | ov_021 | 1.0051601146499262 × 10^294 |
| 22 | ov_022 | 6.3499071348033485 × 10^293 |
| 23 | ov_023 | 3.784183407665855 × 10^293 |
| 24 | ov_024 | 2.0964313097204793 × 10^293 |
| 25 | ov_025 | 1.0606158423492183 × 10^293 |
| 26 | ov_026 | 4.826594550346533 × 10^292 |
| 27 | ov_027 | 2.0043870770776222 × 10^292 |
| 28 | ov_028 | 8.378271944053548 × 10^291 |
| 29 | ov_029 | 3.447257478426448 × 10^291 |
| 30 | ov_030 | 1.138677153345528 × 10^291 |
| 31 | ov_031 | 2.7518510080628824 × 10^290 |
| 32 | lv_80_m31 | 6.648413994691444 × 10^289 |
| 33 | ov_033 | 8.02324240259181 × 10^290 |
| 34 | ov_034 | 6.94452867334329 × 10^290 |
| 35 | ov_035 | 5.978261146929875 × 10^290 |
| 36 | ov_036 | 5.119023067236235 × 10^290 |
| 37 | ov_037 | 4.361696257786538 × 10^290 |
| 38 | ov_038 | 3.6968548582470046 × 10^290 |
| 39 | ov_039 | 3.115571115956034 × 10^290 |
| 40 | ov_040 | 2.609384522584997 × 10^290 |
| 41 | ov_041 | 2.1702754937054018 × 10^290 |
| 42 | ov_042 | 1.7906431749432887 × 10^290 |
| 43 | ov_043 | 1.4632869264830482 × 10^290 |
| 44 | ov_044 | 1.1813910363084141 × 10^290 |
| 45 | ov_045 | 9.38512241929256 × 10^289 |
| 46 | ov_046 | 7.315206275452995 × 10^289 |
| 47 | ov_047 | 5.574652342651825 × 10^289 |
| 48 | ov_048 | 4.1357052438894 × 10^289 |
| 49 | ov_049 | 2.972336216266144 × 10^289 |
| 50 | ov_050 | 2.0602219413120922 × 10^289 |
| 51 | ov_051 | 1.3767289095916755 × 10^289 |
| 52 | ov_052 | 8.816197680126015 × 10^288 |
| 53 | ov_053 | 5.379964793877546 × 10^288 |
| 54 | ov_054 | 3.122935944703402 × 10^288 |
| 55 | ov_055 | 1.7427460053606317 × 10^288 |
| 56 | ov_056 | 9.703002496957678 × 10^287 |
| 57 | ov_057 | 5.6976408210867285 × 10^287 |
| 58 | ov_058 | 3.3855716746676107 × 10^287 |
| 59 | ov_059 | 1.837023723423923 × 10^287 |
| 60 | ov_060 | 8.857511808332702 × 10^286 |
| 61 | ov_061 | 3.655096629379738 × 10^286 |
| 62 | ov_062 | 1.2109461604113794 × 10^286 |
| 63 | ov_063 | 2.9357411094037976 × 10^285 |
| 64 | lv_79_m31 | 7.11339092232084 × 10^284 |
| 65 | ov_065 | 8.426283196056885 × 10^285 |
| 66 | ov_066 | 8.426261442641076 × 10^285 |
| 67 | ov_067 | 8.426254393197538 × 10^285 |
| 68 | ov_068 | 7.322307744882099 × 10^285 |
| 69 | ov_069 | 6.324615926502482 × 10^285 |
| 70 | ov_070 | 5.427549157022721 × 10^285 |
| 71 | ov_071 | 4.625825326980055 × 10^285 |
| 72 | ov_072 | 3.914486233818507 × 10^285 |
| 73 | ov_073 | 3.288875879161023 × 10^285 |
| 74 | ov_074 | 2.740511731826055 × 10^285 |
| 75 | ov_075 | 2.261424221730999 × 10^285 |
| 76 | ov_076 | 1.8477527666159293 × 10^285 |
| 77 | ov_077 | 1.4924649860209917 × 10^285 |
| 78 | ov_078 | 1.1921551737711657 × 10^285 |
| 79 | ov_079 | 9.406302962249783 × 10^284 |
| 80 | ov_080 | 7.320872868406924 × 10^284 |
| 81 | ov_081 | 5.6109660607051646 × 10^284 |
| 82 | ov_082 | 4.2258810160185055 × 10^284 |
| 83 | ov_083 | 3.118389919958739 × 10^284 |
| 84 | ov_084 | 2.244637973911219 × 10^284 |
| 85 | ov_085 | 1.5640604130732614 × 10^284 |
| 86 | ov_086 | 1.039315477850156 × 10^284 |
| 87 | ov_087 | 6.525306033511161 × 10^283 |
| 88 | ov_088 | 3.874067682913034 × 10^283 |
| 89 | ov_089 | 2.1600224613211337 × 10^283 |
| 90 | ov_090 | 1.1345461194763178 × 10^283 |
| 91 | ov_091 | 5.796714167722916 × 10^282 |
| 92 | ov_092 | 3.0800645502640015 × 10^282 |
| 93 | ov_093 | 1.6269081113913692 × 10^282 |
| 94 | ov_094 | 7.29235268057442 × 10^281 |
| 95 | aaa_78_28 | 2.345388254932998 × 10^281 |
| 96 | aaa_78_29 | 8.886284061448713 × 10^280 |
| 97 | ov_097 | 9.676122852966943 × 10^280 |
| 98 | ov_098 | 9.675831573789606 × 10^280 |
| 99 | ov_099 | 9.675738617490887 × 10^280 |
| 100 | ov_100 | 8.70737517887903 × 10^280 |
| 101 | ov_101 | 7.810480135220482 × 10^280 |
| 102 | ov_102 | 6.98112657069192 × 10^280 |
| 103 | ov_103 | 6.215673699935902 × 10^280 |
| 104 | ov_104 | 5.5107293452379535 × 10^280 |
| 105 | ov_105 | 4.8631160408193415 × 10^280 |
| 106 | ov_106 | 4.269840566564858 × 10^280 |
| 107 | ov_107 | 3.7280667223403094 × 10^280 |
| 108 | ov_108 | 3.2350911614244606 × 10^280 |
| 109 | ov_109 | 2.788322107637615 × 10^280 |
| 110 | ov_110 | 2.385260477717064 × 10^280 |
| 111 | ov_111 | 2.0234829343472573 × 10^280 |
| 112 | ov_112 | 1.7006270140636205 × 10^280 |
| 113 | ov_113 | 1.4143784764854698 × 10^280 |
| 114 | ov_114 | 1.1624604871055077 × 10^280 |
| 115 | ov_115 | 9.426242469956951 × 10^279 |
| 116 | ov_116 | 7.52641139423033 × 10^279 |
| 117 | ov_117 | 5.902964638506243 × 10^279 |
| 118 | ov_118 | 4.5338460013993044 × 10^279 |
| 119 | ov_119 | 3.3970544592157373 × 10^279 |
| 120 | ov_120 | 2.470619701763132 × 10^279 |
| 121 | ov_121 | 1.732587261012383 × 10^279 |
| 122 | ov_122 | 1.1610109547682089 × 10^279 |
| 123 | ov_123 | 7.339493422770191 × 10^278 |
| 124 | ov_124 | 4.294636604149245 × 10^278 |
| 125 | ov_125 | 2.2561646886863152 × 10^278 |
| 126 | ov_126 | 1.00470870317173 × 10^278 |
| 127 | aaa_77_28 | 3.209014107911604 × 10^277 |
| 128 | aaa_77_29 | 1.2029308819349721 × 10^277 |
| 129 | ov_129 | 1.1070174851990882 × 10^277 |
| 130 | ov_130 | 1.1070147855239022 × 10^277 |
| 131 | ov_131 | 1.1070139167899854 × 10^277 |
| 132 | ov_132 | 9.607741065051285 × 10^276 |
| 133 | ov_133 | 8.288020730077132 × 10^276 |
| 134 | ov_134 | 7.104418829570287 × 10^276 |
| 135 | ov_135 | 6.050753030811653 × 10^276 |
| 136 | ov_136 | 5.121190043550514 × 10^276 |
| 137 | ov_137 | 4.3050140274425874 × 10^276 |
| 138 | ov_138 | 3.592094658301359 × 10^276 |
| 139 | ov_139 | 2.9728514834064254 × 10^276 |
| 140 | ov_140 | 2.438223289332903 × 10^276 |
| 141 | ov_141 | 1.979642040807046 × 10^276 |
| 142 | ov_142 | 1.589010900572101 × 10^276 |
| 143 | ov_143 | 1.2586858978239258 × 10^276 |
| 144 | ov_144 | 9.814608720318092 × 10^275 |
| 145 | ov_145 | 7.505553430992867 × 10^275 |
| 146 | ov_146 | 5.6268414722012615 × 10^275 |
| 147 | ov_147 | 4.118917195253811 × 10^275 |
| 148 | ov_148 | 2.9262578230219053 × 10^275 |
| 149 | ov_149 | 1.9973335620729277 × 10^275 |
| 150 | ov_150 | 1.30737362027963 × 10^275 |
| 151 | ov_151 | 8.127601357419397 × 10^274 |
| 152 | ov_152 | 4.73810559849184 × 10^274 |
| 153 | ov_153 | 2.5477112897664833 × 10^274 |
| 154 | ov_154 | 1.2381348487052372 × 10^274 |
| 155 | ov_155 | 5.303304159720189 × 10^273 |
| 156 | aaa_76_25 | 1.844822093644677 × 10^273 |
| 157 | aaa_76_26 | 1.1360505316735743 × 10^273 |
| 158 | aaa_76_27 | 6.233946290530508 × 10^272 |
| 159 | aaa_76_28 | 2.940712073666806 × 10^272 |
| 160 | aaa_76_29 | 1.1084837244803917 × 10^272 |

### Output Bits Sorted by Complexity

| Rank | Output Bit | Complexity |
|:----:|:----------:|:----------:|
| 160 | aaa_76_29 | 1.1084837244803917 × 10^272 |
| 159 | aaa_76_28 | 2.940712073666806 × 10^272 |
| 158 | aaa_76_27 | 6.233946290530508 × 10^272 |
| 157 | aaa_76_26 | 1.1360505316735743 × 10^273 |
| 156 | aaa_76_25 | 1.844822093644677 × 10^273 |
| 155 | ov_155 | 5.303304159720189 × 10^273 |
| 154 | ov_154 | 1.2381348487052372 × 10^274 |
| 153 | ov_153 | 2.5477112897664833 × 10^274 |
| 152 | ov_152 | 4.73810559849184 × 10^274 |
| 151 | ov_151 | 8.127601357419397 × 10^274 |
| 150 | ov_150 | 1.30737362027963 × 10^275 |
| 149 | ov_149 | 1.9973335620729277 × 10^275 |
| 148 | ov_148 | 2.9262578230219053 × 10^275 |
| 147 | ov_147 | 4.118917195253811 × 10^275 |
| 146 | ov_146 | 5.6268414722012615 × 10^275 |
| 145 | ov_145 | 7.505553430992867 × 10^275 |
| 144 | ov_144 | 9.814608720318092 × 10^275 |
| 143 | ov_143 | 1.2586858978239258 × 10^276 |
| 142 | ov_142 | 1.589010900572101 × 10^276 |
| 141 | ov_141 | 1.979642040807046 × 10^276 |
| 140 | ov_140 | 2.438223289332903 × 10^276 |
| 139 | ov_139 | 2.9728514834064254 × 10^276 |
| 138 | ov_138 | 3.592094658301359 × 10^276 |
| 137 | ov_137 | 4.3050140274425874 × 10^276 |
| 136 | ov_136 | 5.121190043550514 × 10^276 |
| 135 | ov_135 | 6.050753030811653 × 10^276 |
| 134 | ov_134 | 7.104418829570287 × 10^276 |
| 133 | ov_133 | 8.288020730077132 × 10^276 |
| 132 | ov_132 | 9.607741065051285 × 10^276 |
| 131 | ov_131 | 1.1070139167899854 × 10^277 |
| 130 | ov_130 | 1.1070147855239022 × 10^277 |
| 129 | ov_129 | 1.1070174851990882 × 10^277 |
| 128 | aaa_77_29 | 1.2029308819349721 × 10^277 |
| 127 | aaa_77_28 | 3.209014107911604 × 10^277 |
| 126 | ov_126 | 1.00470870317173 × 10^278 |
| 125 | ov_125 | 2.2561646886863152 × 10^278 |
| 124 | ov_124 | 4.294636604149245 × 10^278 |
| 123 | ov_123 | 7.339493422770191 × 10^278 |
| 122 | ov_122 | 1.1610109547682089 × 10^279 |
| 121 | ov_121 | 1.732587261012383 × 10^279 |
| 120 | ov_120 | 2.470619701763132 × 10^279 |
| 119 | ov_119 | 3.3970544592157373 × 10^279 |
| 118 | ov_118 | 4.5338460013993044 × 10^279 |
| 117 | ov_117 | 5.902964638506243 × 10^279 |
| 116 | ov_116 | 7.52641139423033 × 10^279 |
| 115 | ov_115 | 9.426242469956951 × 10^279 |
| 114 | ov_114 | 1.1624604871055077 × 10^280 |
| 113 | ov_113 | 1.4143784764854698 × 10^280 |
| 112 | ov_112 | 1.7006270140636205 × 10^280 |
| 111 | ov_111 | 2.0234829343472573 × 10^280 |
| 110 | ov_110 | 2.385260477717064 × 10^280 |
| 109 | ov_109 | 2.788322107637615 × 10^280 |
| 108 | ov_108 | 3.2350911614244606 × 10^280 |
| 107 | ov_107 | 3.7280667223403094 × 10^280 |
| 106 | ov_106 | 4.269840566564858 × 10^280 |
| 105 | ov_105 | 4.8631160408193415 × 10^280 |
| 104 | ov_104 | 5.5107293452379535 × 10^280 |
| 103 | ov_103 | 6.215673699935902 × 10^280 |
| 102 | ov_102 | 6.98112657069192 × 10^280 |
| 101 | ov_101 | 7.810480135220482 × 10^280 |
| 100 | ov_100 | 8.70737517887903 × 10^280 |
| 96 | aaa_78_29 | 8.886284061448713 × 10^280 |
| 99 | ov_099 | 9.675738617490887 × 10^280 |
| 98 | ov_098 | 9.675831573789606 × 10^280 |
| 97 | ov_097 | 9.676122852966943 × 10^280 |
| 95 | aaa_78_28 | 2.345388254932998 × 10^281 |
| 94 | ov_094 | 7.29235268057442 × 10^281 |
| 93 | ov_093 | 1.6269081113913692 × 10^282 |
| 92 | ov_092 | 3.0800645502640015 × 10^282 |
| 91 | ov_091 | 5.796714167722916 × 10^282 |
| 90 | ov_090 | 1.1345461194763178 × 10^283 |
| 89 | ov_089 | 2.1600224613211337 × 10^283 |
| 88 | ov_088 | 3.874067682913034 × 10^283 |
| 87 | ov_087 | 6.525306033511161 × 10^283 |
| 86 | ov_086 | 1.039315477850156 × 10^284 |
| 85 | ov_085 | 1.5640604130732614 × 10^284 |
| 84 | ov_084 | 2.244637973911219 × 10^284 |
| 83 | ov_083 | 3.118389919958739 × 10^284 |
| 82 | ov_082 | 4.2258810160185055 × 10^284 |
| 81 | ov_081 | 5.6109660607051646 × 10^284 |
| 64 | lv_79_m31 | 7.11339092232084 × 10^284 |
| 80 | ov_080 | 7.320872868406924 × 10^284 |
| 79 | ov_079 | 9.406302962249783 × 10^284 |
| 78 | ov_078 | 1.1921551737711657 × 10^285 |
| 77 | ov_077 | 1.4924649860209917 × 10^285 |
| 76 | ov_076 | 1.8477527666159293 × 10^285 |
| 75 | ov_075 | 2.261424221730999 × 10^285 |
| 74 | ov_074 | 2.740511731826055 × 10^285 |
| 63 | ov_063 | 2.9357411094037976 × 10^285 |
| 73 | ov_073 | 3.288875879161023 × 10^285 |
| 72 | ov_072 | 3.914486233818507 × 10^285 |
| 71 | ov_071 | 4.625825326980055 × 10^285 |
| 70 | ov_070 | 5.427549157022721 × 10^285 |
| 69 | ov_069 | 6.324615926502482 × 10^285 |
| 68 | ov_068 | 7.322307744882099 × 10^285 |
| 67 | ov_067 | 8.426254393197538 × 10^285 |
| 66 | ov_066 | 8.426261442641076 × 10^285 |
| 65 | ov_065 | 8.426283196056885 × 10^285 |
| 62 | ov_062 | 1.2109461604113794 × 10^286 |
| 61 | ov_061 | 3.655096629379738 × 10^286 |
| 60 | ov_060 | 8.857511808332702 × 10^286 |
| 59 | ov_059 | 1.837023723423923 × 10^287 |
| 58 | ov_058 | 3.3855716746676107 × 10^287 |
| 57 | ov_057 | 5.6976408210867285 × 10^287 |
| 56 | ov_056 | 9.703002496957678 × 10^287 |
| 55 | ov_055 | 1.7427460053606317 × 10^288 |
| 54 | ov_054 | 3.122935944703402 × 10^288 |
| 53 | ov_053 | 5.379964793877546 × 10^288 |
| 52 | ov_052 | 8.816197680126015 × 10^288 |
| 51 | ov_051 | 1.3767289095916755 × 10^289 |
| 50 | ov_050 | 2.0602219413120922 × 10^289 |
| 49 | ov_049 | 2.972336216266144 × 10^289 |
| 48 | ov_048 | 4.1357052438894 × 10^289 |
| 47 | ov_047 | 5.574652342651825 × 10^289 |
| 32 | lv_80_m31 | 6.648413994691444 × 10^289 |
| 46 | ov_046 | 7.315206275452995 × 10^289 |
| 45 | ov_045 | 9.38512241929256 × 10^289 |
| 44 | ov_044 | 1.1813910363084141 × 10^290 |
| 43 | ov_043 | 1.4632869264830482 × 10^290 |
| 42 | ov_042 | 1.7906431749432887 × 10^290 |
| 41 | ov_041 | 2.1702754937054018 × 10^290 |
| 40 | ov_040 | 2.609384522584997 × 10^290 |
| 31 | ov_031 | 2.7518510080628824 × 10^290 |
| 39 | ov_039 | 3.115571115956034 × 10^290 |
| 38 | ov_038 | 3.6968548582470046 × 10^290 |
| 37 | ov_037 | 4.361696257786538 × 10^290 |
| 36 | ov_036 | 5.119023067236235 × 10^290 |
| 35 | ov_035 | 5.978261146929875 × 10^290 |
| 34 | ov_034 | 6.94452867334329 × 10^290 |
| 33 | ov_033 | 8.02324240259181 × 10^290 |
| 30 | ov_030 | 1.138677153345528 × 10^291 |
| 29 | ov_029 | 3.447257478426448 × 10^291 |
| 28 | ov_028 | 8.378271944053548 × 10^291 |
| 27 | ov_027 | 2.0043870770776222 × 10^292 |
| 26 | ov_026 | 4.826594550346533 × 10^292 |
| 25 | ov_025 | 1.0606158423492183 × 10^293 |
| 24 | ov_024 | 2.0964313097204793 × 10^293 |
| 23 | ov_023 | 3.784183407665855 × 10^293 |
| 22 | ov_022 | 6.3499071348033485 × 10^293 |
| 21 | ov_021 | 1.0051601146499262 × 10^294 |
| 20 | ov_020 | 1.5179238088439367 × 10^294 |
| 19 | ov_019 | 2.20547811377664 × 10^294 |
| 18 | ov_018 | 3.1032212232058445 × 10^294 |
| 17 | ov_017 | 4.249758337763186 × 10^294 |
| 16 | ov_016 | 5.686910781055765 × 10^294 |
| 15 | ov_015 | 7.45973112080212 × 10^294 |
| 14 | ov_014 | 9.616526580904941 × 10^294 |
| 13 | ov_013 | 1.2208893296630967 × 10^295 |
| 12 | ov_012 | 1.5291764231580477 × 10^295 |
| 11 | ov_011 | 1.8923473632539722 × 10^295 |
| 10 | ov_010 | 2.3165840520600678 × 10^295 |
| 9 | ov_009 | 2.8084273289958933 × 10^295 |
| 8 | ov_008 | 3.3714281433609945 × 10^295 |
| 7 | ov_007 | 4.0093351035933743 × 10^295 |
| 6 | ov_006 | 4.729852832378579 × 10^295 |
| 5 | ov_005 | 5.537156090293016 × 10^295 |
| 4 | ov_004 | 6.435651546934015 × 10^295 |
| 3 | ov_003 | 7.429993038540178 × 10^295 |
| 2 | ov_002 | 8.52509920872042 × 10^295 |
| 1 | ov_001 | 9.726173836513208 × 10^295 |

