# Results for F001-F002-F003-F004-F005-F006-F007-F008-F009-F010-F011-F012-F013-F014-F015-F016-F017-F018-F019-F020-F021-F022-F023-F024-F025-F026-F027-F028-F029-F030-F031-F032-F033-F034-F035-F036-F037-F038-F039-F040-F041-F042-F043-F044-F045-F046-F047-F048-F049-F050-F051-F052-F053-F054-F055-F056-F057-F058-F059-F060-F061-F062-F063-F064-F065-F066-F067-F068-F069-F070-F071-F072-F073-F074-F075-F076-F077-F078-F079-F080-F081-F082-F083-F084-F085-F086-F087-F088-F089-F090-F091-F092-F093-F094-F095-F096-F097-F098-F099-F100-F101-F102-F103-F104-F105-F106-F107-F108-F109-F110-F111-F112-F113-F114-F115-F116-F117-F118-F119-F120-F121-F122-F123-F124-F125-F126-F127-F128-F129-F130-F131-F132-F133-F134-F135-F136-F137-F138-F139-F140-F141-F142-F143-F144-F145-F146-F147-F148-F149-F150-F151-F152-F153-F154-F155-F156-F157-F158-F159-F160-F161-F162-F163-F164-F165-F166-F167-F168-F169-F170-F171-F172-F173-F174-F175-F176-F177-F178-F179-F180-F181-F182-F183-F184-F185-F186-F187-F188-F189-F190-F191-F192-F193-F194-F195-F196-F197-F198-F199-F200-F201-F202-F203-F204-F205-F206-F207-F208-F209-F210-F211-F212-F213-F214-F215-F216-F217-F218-F219-F220-F221-F222-F223-F224-F225-F226-F227-F228-F229-F230-F231-F232-F233-F234-F235-F236-F237-F238-F239-F240-F241-F242-F243-F244-F245-F246-F247-F248-F249-F250-F251-F252-F253-F254-F255-F256-F257-F258-F259-F260-F261-F262-F263-F264-F265-F266-F267-F268-F269-F270-F271-F272-F273-F274-F275-F276-F277-F278-F279-F280-F281-F282-F283-F284-F285-F286-F287-F288-F289-F290-F291-F292-F293-F294-F295-F296-F297-F298-F299-F300-F301-F302-F303-F304-F305-F306-F307-F308-F309-F310-F311-F312-F313-F314-F315-F316-F317-F318-F319-F320-F321-F322-F323-F324-F325-F326-F327-F328-F329-F330-F331-F332-F333-F334-F335-F336-F337-F338-F339-F340-F341-F342-F343-F344-F345-F346-F347-F348-F349-F350-F351-F352-F353-F354-F355-F356-F357-F358-F359-F360-F361-F362-F363-F364-F365-F366-F367-F368-F369-F370-F371-F372-F373-F374-F375-F376-F377-F378-F379-F380-F381-F382-F383-F384-F385-F386-F387-F388-F389-F390-F391-F392-F393-F394-F395-F396-F397-F398-F399-F400-F401-F402-F403-F404-F405-F406-F407-F408-F409-F410-F411-F412-F413-F414-F415-F416-F417-F418-F419-F420-F421-F422-F423-F424-F425-F426-F427-F428-F429-F430-F431-F432-F433-F434-F435-F436-F437-F438-F439-F440-F441-F442-F443-F444-F445-F446-F447-F448-F449-F450-F451-F452-F453-F454-F455-F456-F457-F458-F459-F460-F461-F462-F463-F464-F465-F466-F467-F468-F469-F470-F471-F472-F473-F474-F475-F476-F477-F478-F479-F480-F481-F482-F483-F484-F485-F486-F487-F488-F489-F490-F491-F492-F493-F494-F495-F496-F497-F498-F499-F500-F501-F502-F503-F504-F505-O506509-T510

## Summary

Number of input bits: 512  
Number of free input bits: 5  
Number of output bits: 160

Number of direct occurrences: 21247  
Number of assignments: 30572  
Number of operations: 11723293
(xor: 11691152,
and: 19345,
or: 12796)

Total complexity: 4.846245318449136 × 10^303

Least occurring input variable: iv_507 (4095)  
Most occurring input variable: iv_512 (4414)

Most co-occurring input variables: iv_511-iv_512 (2128)  
Least co-occurring input variables: iv_506-iv_508 (1869)

Potentially most occurring input variable: iv_506/iv_508 (4692)  
Potentially least occurring input variable: iv_507/iv_511 (4415)

Least output occurring input variable: iv_512 (73)  
Most output occurring input variable: iv_511 (87)

Most output co-occurring input variables: iv_507-iv_511 (49)  
Least output co-occurring input variables: iv_506-iv_507 (32)

Potentially most output occurring input variable: iv_506/iv_507 (91)  
Potentially least output occurring input variable: iv_507/iv_511 (69)

Least complex input bit: iv_511 (5.220123214355304 × 10^302)  
Most complex input bit: iv_506 (1.784227062815213 × 10^303)

Least complex output bit: aaa_76_29 (1.1182473981334402 × 10^278)  
Most complex output bit: ov_001 (7.465780917383878 × 10^302)

Least complex input/output complexity: iv_511/aaa_76_29 (1.2045178935054085 × 10^277)  
Most complex input/output complexity:  (2.7486533352192116 × 10^302)

Input variable with highest collision probability: iv_506 (½^160.0000000000007)

## Input Bits

### Input Bits in Regular Order

| Input Bit | Complexity | Occurrences | Output Occurrences | Collision Probability |
|:---------:|:----------:|:-----------:|:------------------:|:---------------------:|
| iv_506 | 1.784227062815213 × 10^303 | 4317 | 75 | ½^160.0000000000007 |
| iv_507 | 5.853127617107367 × 10^302 | 4095 | 80 | ½^160.00000000000074 |
| iv_508 | 1.1744922578297966 × 10^303 | 4113 | 79 | ½^160.00000000000074 |
| iv_511 | 5.220123214355304 × 10^302 | 4308 | 87 | ½^160.0000000000009 |
| iv_512 | 7.80200914657854 × 10^302 | 4414 | 73 | ½^160.00000000000082 |

### Input Bits Sorted by Complexity

| Input Bit | Complexity | Occurrences | Output Occurrences | Collision Probability |
|:---------:|:----------:|:-----------:|:------------------:|:---------------------:|
| iv_511 | 5.220123214355304 × 10^302 | 4308 | 87 | ½^160.0000000000009 |
| iv_507 | 5.853127617107367 × 10^302 | 4095 | 80 | ½^160.00000000000074 |
| iv_512 | 7.80200914657854 × 10^302 | 4414 | 73 | ½^160.00000000000082 |
| iv_508 | 1.1744922578297966 × 10^303 | 4113 | 79 | ½^160.00000000000074 |
| iv_506 | 1.784227062815213 × 10^303 | 4317 | 75 | ½^160.0000000000007 |

### Input Bits Sorted by Occurrences

| Input Bit | Complexity | Occurrences | Output Occurrences | Collision Probability |
|:---------:|:----------:|:-----------:|:------------------:|:---------------------:|
| iv_507 | 5.853127617107367 × 10^302 | 4095 | 80 | ½^160.00000000000074 |
| iv_508 | 1.1744922578297966 × 10^303 | 4113 | 79 | ½^160.00000000000074 |
| iv_511 | 5.220123214355304 × 10^302 | 4308 | 87 | ½^160.0000000000009 |
| iv_506 | 1.784227062815213 × 10^303 | 4317 | 75 | ½^160.0000000000007 |
| iv_512 | 7.80200914657854 × 10^302 | 4414 | 73 | ½^160.00000000000082 |

### Input Bits Sorted by Output Occurrences

| Input Bit | Complexity | Occurrences | Output Occurrences | Collision Probability |
|:---------:|:----------:|:-----------:|:------------------:|:---------------------:|
| iv_512 | 7.80200914657854 × 10^302 | 4414 | 73 | ½^160.00000000000082 |
| iv_506 | 1.784227062815213 × 10^303 | 4317 | 75 | ½^160.0000000000007 |
| iv_508 | 1.1744922578297966 × 10^303 | 4113 | 79 | ½^160.00000000000074 |
| iv_507 | 5.853127617107367 × 10^302 | 4095 | 80 | ½^160.00000000000074 |
| iv_511 | 5.220123214355304 × 10^302 | 4308 | 87 | ½^160.0000000000009 |

### Input Bits Sorted by Collision Probability

| Input Bit | Complexity | Occurrences | Output Occurrences | Collision Probability |
|:---------:|:----------:|:-----------:|:------------------:|:---------------------:|
| iv_506 | 1.784227062815213 × 10^303 | 4317 | 75 | ½^160.0000000000007 |
| iv_508 | 1.1744922578297966 × 10^303 | 4113 | 79 | ½^160.00000000000074 |
| iv_507 | 5.853127617107367 × 10^302 | 4095 | 80 | ½^160.00000000000074 |
| iv_512 | 7.80200914657854 × 10^302 | 4414 | 73 | ½^160.00000000000082 |
| iv_511 | 5.220123214355304 × 10^302 | 4308 | 87 | ½^160.0000000000009 |

## Input Bit/Output Bit Collision Probabilities

| Input Bit | Output Bit | Collision Probability |
|:---------:|:----------:|:---------------------:|
| iv_508 | ov_155 | 0.5000000000000023 |
| iv_508 | ov_062 | 0.5000000000000022 |
| iv_508 | ov_103 | 0.5000000000000018 |
| iv_508 | ov_117 | 0.5000000000000017 |
| iv_507 | ov_086 | 0.5000000000000016 |

## Input Bit Co-occurrences

### Input Bit Co-occurrences Sorted by Co-occurrences

| Input Bits | Co-occurrences | Potential Occurrences | Output Co-occurrences | Potential Output Occurrences |
|:----------:|:--------------:|:---------------------:|:---------------------:|:----------------------------:|
| iv_511-iv_512 | 2128 | 4466 | 38 | 84 |
| iv_506-iv_512 | 2022 | 4687 | 34 | 80 |
| iv_508-iv_512 | 2012 | 4503 | 37 | 78 |
| iv_506-iv_511 | 2006 | 4613 | 41 | 80 |
| iv_507-iv_511 | 1994 | 4415 | 49 | 69 |

### Input Bit Co-occurrences Sorted by Potential Occurrences

| Input Bits | Co-occurrences | Potential Occurrences | Output Co-occurrences | Potential Output Occurrences |
|:----------:|:--------------:|:---------------------:|:---------------------:|:----------------------------:|
| iv_507-iv_511 | 1994 | 4415 | 49 | 69 |
| iv_507-iv_508 | 1879 | 4450 | 37 | 85 |
| iv_511-iv_512 | 2128 | 4466 | 38 | 84 |
| iv_508-iv_511 | 1975 | 4471 | 38 | 90 |
| iv_508-iv_512 | 2012 | 4503 | 37 | 78 |

### Input Bit Output Co-occurrences Sorted by Output Co-occurrences

| Input Bits | Co-occurrences | Potential Occurrences | Output Co-occurrences | Potential Output Occurrences |
|:----------:|:--------------:|:---------------------:|:---------------------:|:----------------------------:|
| iv_507-iv_511 | 1994 | 4415 | 49 | 69 |
| iv_506-iv_511 | 2006 | 4613 | 41 | 80 |
| iv_508-iv_511 | 1975 | 4471 | 38 | 90 |
| iv_511-iv_512 | 2128 | 4466 | 38 | 84 |
| iv_508-iv_512 | 2012 | 4503 | 37 | 78 |

### Input Bit Output Co-occurrences Sorted by Potential Output Occurrences

| Input Bits | Co-occurrences | Potential Occurrences | Output Co-occurrences | Potential Output Occurrences |
|:----------:|:--------------:|:---------------------:|:---------------------:|:----------------------------:|
| iv_507-iv_511 | 1994 | 4415 | 49 | 69 |
| iv_508-iv_512 | 2012 | 4503 | 37 | 78 |
| iv_506-iv_511 | 2006 | 4613 | 41 | 80 |
| iv_506-iv_512 | 2022 | 4687 | 34 | 80 |
| iv_506-iv_508 | 1869 | 4692 | 35 | 84 |

## Output Bits

### Output Bits in Regular Order

| Rank | Output Bit | Complexity |
|:----:|:----------:|:----------:|
| 1 | ov_001 | 7.465780917383878 × 10^302 |
| 2 | ov_002 | 6.541036922149271 × 10^302 |
| 3 | ov_003 | 5.698257783667095 × 10^302 |
| 4 | ov_004 | 4.933432935348742 × 10^302 |
| 5 | ov_005 | 4.242771363672253 × 10^302 |
| 6 | ov_006 | 3.622685947043743 × 10^302 |
| 7 | ov_007 | 3.069779848609656 × 10^302 |
| 8 | ov_008 | 2.5808347350647887 × 10^302 |
| 9 | ov_009 | 2.152800636785209 × 10^302 |
| 10 | ov_010 | 1.7800491534100764 × 10^302 |
| 11 | ov_011 | 1.457249968178875 × 10^302 |
| 12 | ov_012 | 1.1793591854483103 × 10^302 |
| 13 | ov_013 | 9.41609603190547 × 10^301 |
| 14 | ov_014 | 7.416856929204771 × 10^301 |
| 15 | ov_015 | 5.753512983129411 × 10^301 |
| 16 | ov_016 | 4.3862762086760244 × 10^301 |
| 17 | ov_017 | 3.277895118615849 × 10^301 |
| 18 | ov_018 | 2.39362830642327 × 10^301 |
| 19 | ov_019 | 1.70122646948227 × 10^301 |
| 20 | ov_020 | 1.170920711668927 × 10^301 |
| 21 | ov_021 | 7.754152825054409 × 10^300 |
| 22 | ov_022 | 4.898833209045276 × 10^300 |
| 23 | ov_023 | 2.9196446132568997 × 10^300 |
| 24 | ov_024 | 1.6176343024603068 × 10^300 |
| 25 | ov_025 | 8.184916876046476 × 10^299 |
| 26 | ov_026 | 3.725430499746401 × 10^299 |
| 27 | ov_027 | 1.54748702205004 × 10^299 |
| 28 | ov_028 | 6.4701667317287 × 10^298 |
| 29 | ov_029 | 2.6627172656415563 × 10^298 |
| 30 | ov_030 | 8.795852388192682 × 10^297 |
| 31 | ov_031 | 2.125152492130766 × 10^297 |
| 32 | lv_80_k31 | 5.130920045459772 × 10^296 |
| 33 | ov_033 | 6.178670201046551 × 10^297 |
| 34 | ov_034 | 5.348851845244092 × 10^297 |
| 35 | ov_035 | 4.604857236438626 × 10^297 |
| 36 | ov_036 | 3.9420917605861404 × 10^297 |
| 37 | ov_037 | 3.356215282243081 × 10^297 |
| 38 | ov_038 | 2.8431232776447642 × 10^297 |
| 39 | ov_039 | 2.3952501432840878 × 10^297 |
| 40 | ov_040 | 2.0054281820255654 × 10^297 |
| 41 | ov_041 | 1.6668650960940962 × 10^297 |
| 42 | ov_042 | 1.373124904437907 × 10^297 |
| 43 | ov_043 | 1.1210765122368956 × 10^297 |
| 44 | ov_044 | 9.049511496091476 × 10^296 |
| 45 | ov_045 | 7.19295981670663 × 10^296 |
| 46 | ov_046 | 5.6146233700900816 × 10^296 |
| 47 | ov_047 | 4.2895304452292074 × 10^296 |
| 48 | ov_048 | 3.1941929275420302 × 10^296 |
| 49 | ov_049 | 2.306582252967091 × 10^296 |
| 50 | ov_050 | 1.6061115029528065 × 10^296 |
| 51 | ov_051 | 1.0736225219446603 × 10^296 |
| 52 | ov_052 | 6.913770402675437 × 10^295 |
| 53 | ov_053 | 4.2813730023020583 × 10^295 |
| 54 | ov_054 | 2.5548476232952534 × 10^295 |
| 55 | ov_055 | 1.4781714880744918 × 10^295 |
| 56 | ov_056 | 8.23469163864182 × 10^294 |
| 57 | ov_057 | 4.838384628840833 × 10^294 |
| 58 | ov_058 | 2.8767757610591152 × 10^294 |
| 59 | ov_059 | 1.5621880280932822 × 10^294 |
| 60 | ov_060 | 7.539689016029639 × 10^293 |
| 61 | ov_061 | 3.1146691524603756 × 10^293 |
| 62 | ov_062 | 1.033054791541069 × 10^293 |
| 63 | ov_063 | 2.50758106462445 × 10^292 |
| 64 | lv_79_k31 | 6.083571136440399 × 10^291 |
| 65 | ov_065 | 7.186786932339683 × 10^292 |
| 66 | ov_066 | 7.186770495926435 × 10^292 |
| 67 | ov_067 | 7.186765260840368 × 10^292 |
| 68 | ov_068 | 6.259304574559566 × 10^292 |
| 69 | ov_069 | 5.417450494662657 × 10^292 |
| 70 | ov_070 | 4.657174945066392 × 10^292 |
| 71 | ov_071 | 3.9746652216544084 × 10^292 |
| 72 | ov_072 | 3.3663081079129016 × 10^292 |
| 73 | ov_073 | 2.828676207156238 × 10^292 |
| 74 | ov_074 | 2.358516278607455 × 10^292 |
| 75 | ov_075 | 1.9498064735128867 × 10^292 |
| 76 | ov_076 | 1.596830212388454 × 10^292 |
| 77 | ov_077 | 1.294163807296985 × 10^292 |
| 78 | ov_078 | 1.0366664444032693 × 10^292 |
| 79 | ov_079 | 8.194722148854539 × 10^291 |
| 80 | ov_080 | 6.379839012326296 × 10^291 |
| 81 | ov_081 | 4.8786824464033734 × 10^291 |
| 82 | ov_082 | 3.650524376989272 × 10^291 |
| 83 | ov_083 | 2.6572160491270105 × 10^291 |
| 84 | ov_084 | 1.8803253118164136 × 10^291 |
| 85 | ov_085 | 1.2868151983428404 × 10^291 |
| 86 | ov_086 | 8.461907340981545 × 10^290 |
| 87 | ov_087 | 5.3049329989394105 × 10^290 |
| 88 | ov_088 | 3.14296452582435 × 10^290 |
| 89 | ov_089 | 1.7470284989734195 × 10^290 |
| 90 | ov_090 | 9.134209840700042 × 10^289 |
| 91 | ov_091 | 4.63693434840276 × 10^289 |
| 92 | ov_092 | 2.4464421698170533 × 10^289 |
| 93 | ov_093 | 1.2831404878877545 × 10^289 |
| 94 | ov_094 | 5.703350136349462 × 10^288 |
| 95 | aaa_78_28 | 1.8182962825530858 × 10^288 |
| 96 | aaa_78_29 | 6.8005134950965016 × 10^287 |
| 97 | ov_097 | 6.08723163804771 × 10^287 |
| 98 | ov_098 | 6.0872011836885946 × 10^287 |
| 99 | ov_099 | 6.087191436023214 × 10^287 |
| 100 | ov_100 | 5.230062728336368 × 10^287 |
| 101 | ov_101 | 4.4670231260777 × 10^287 |
| 102 | ov_102 | 3.790681828654348 × 10^287 |
| 103 | ov_103 | 3.1940577176379468 × 10^287 |
| 104 | ov_104 | 2.670549110790849 × 10^287 |
| 105 | ov_105 | 2.2139073534450765 × 10^287 |
| 106 | ov_106 | 1.818213882604681 × 10^287 |
| 107 | ov_107 | 1.4778604584390503 × 10^287 |
| 108 | ov_108 | 1.1875323162601493 × 10^287 |
| 109 | ov_109 | 9.421939706117282 × 10^286 |
| 110 | ov_110 | 7.370773810535259 × 10^286 |
| 111 | ov_111 | 5.676722063036681 × 10^286 |
| 112 | ov_112 | 4.297178901212155 × 10^286 |
| 113 | ov_113 | 3.1919733875338305 × 10^286 |
| 114 | ov_114 | 2.3233196600882518 × 10^286 |
| 115 | ov_115 | 1.6557789810665332 × 10^286 |
| 116 | ov_116 | 1.1562314643588911 × 10^286 |
| 117 | ov_117 | 7.93855722771906 × 10^285 |
| 118 | ov_118 | 5.401148341313549 × 10^285 |
| 119 | ov_119 | 3.6874718402224873 × 10^285 |
| 120 | ov_120 | 2.5576090126491363 × 10^285 |
| 121 | ov_121 | 1.794307605004855 × 10^285 |
| 122 | ov_122 | 1.2029658449794888 × 10^285 |
| 123 | ov_123 | 7.609463900069928 × 10^284 |
| 124 | ov_124 | 4.456145982549125 × 10^284 |
| 125 | ov_125 | 2.3433716219241005 × 10^284 |
| 126 | ov_126 | 1.0448132203404857 × 10^284 |
| 127 | aaa_77_28 | 3.341449316541671 × 10^283 |
| 128 | aaa_77_29 | 1.2551007257648506 × 10^283 |
| 129 | ov_129 | 1.1559964012999362 × 10^283 |
| 130 | ov_130 | 1.155993677697198 × 10^283 |
| 131 | ov_131 | 1.1559928012057006 × 10^283 |
| 132 | ov_132 | 1.0064063802211511 × 10^283 |
| 133 | ov_133 | 8.707975222752473 × 10^282 |
| 134 | ov_134 | 7.485081369559327 × 10^282 |
| 135 | ov_135 | 6.389178535051777 × 10^282 |
| 136 | ov_136 | 5.414411996642998 × 10^282 |
| 137 | ov_137 | 4.5552509614740206 × 10^282 |
| 138 | ov_138 | 3.80152010527589 × 10^282 |
| 139 | ov_139 | 3.143592589394739 × 10^282 |
| 140 | ov_140 | 2.572359249141643 × 10^282 |
| 141 | ov_141 | 2.0792025639851484 × 10^282 |
| 142 | ov_142 | 1.6599337186350948 × 10^282 |
| 143 | ov_143 | 1.306857379894536 × 10^282 |
| 144 | ov_144 | 1.0127160342054358 × 10^282 |
| 145 | ov_145 | 7.70678540398273 × 10^281 |
| 146 | ov_146 | 5.743311949690481 × 10^281 |
| 147 | ov_147 | 4.176709164426946 × 10^281 |
| 148 | ov_148 | 2.9510018673509786 × 10^281 |
| 149 | ov_149 | 2.014234187080852 × 10^281 |
| 150 | ov_150 | 1.318444503514045 × 10^281 |
| 151 | ov_151 | 8.196489724082818 × 10^280 |
| 152 | ov_152 | 4.778312612295769 × 10^280 |
| 153 | ov_153 | 2.569365264379675 × 10^280 |
| 154 | ov_154 | 1.2486815373002773 × 10^280 |
| 155 | ov_155 | 5.348614006581354 × 10^279 |
| 156 | aaa_76_25 | 1.860633640298293 × 10^279 |
| 157 | aaa_76_26 | 1.1458400337682227 × 10^279 |
| 158 | aaa_76_27 | 6.288047644119794 × 10^278 |
| 159 | aaa_76_28 | 2.966432544079197 × 10^278 |
| 160 | aaa_76_29 | 1.1182473981334402 × 10^278 |

### Output Bits Sorted by Complexity

| Rank | Output Bit | Complexity |
|:----:|:----------:|:----------:|
| 160 | aaa_76_29 | 1.1182473981334402 × 10^278 |
| 159 | aaa_76_28 | 2.966432544079197 × 10^278 |
| 158 | aaa_76_27 | 6.288047644119794 × 10^278 |
| 157 | aaa_76_26 | 1.1458400337682227 × 10^279 |
| 156 | aaa_76_25 | 1.860633640298293 × 10^279 |
| 155 | ov_155 | 5.348614006581354 × 10^279 |
| 154 | ov_154 | 1.2486815373002773 × 10^280 |
| 153 | ov_153 | 2.569365264379675 × 10^280 |
| 152 | ov_152 | 4.778312612295769 × 10^280 |
| 151 | ov_151 | 8.196489724082818 × 10^280 |
| 150 | ov_150 | 1.318444503514045 × 10^281 |
| 149 | ov_149 | 2.014234187080852 × 10^281 |
| 148 | ov_148 | 2.9510018673509786 × 10^281 |
| 147 | ov_147 | 4.176709164426946 × 10^281 |
| 146 | ov_146 | 5.743311949690481 × 10^281 |
| 145 | ov_145 | 7.70678540398273 × 10^281 |
| 144 | ov_144 | 1.0127160342054358 × 10^282 |
| 143 | ov_143 | 1.306857379894536 × 10^282 |
| 142 | ov_142 | 1.6599337186350948 × 10^282 |
| 141 | ov_141 | 2.0792025639851484 × 10^282 |
| 140 | ov_140 | 2.572359249141643 × 10^282 |
| 139 | ov_139 | 3.143592589394739 × 10^282 |
| 138 | ov_138 | 3.80152010527589 × 10^282 |
| 137 | ov_137 | 4.5552509614740206 × 10^282 |
| 136 | ov_136 | 5.414411996642998 × 10^282 |
| 135 | ov_135 | 6.389178535051777 × 10^282 |
| 134 | ov_134 | 7.485081369559327 × 10^282 |
| 133 | ov_133 | 8.707975222752473 × 10^282 |
| 132 | ov_132 | 1.0064063802211511 × 10^283 |
| 131 | ov_131 | 1.1559928012057006 × 10^283 |
| 130 | ov_130 | 1.155993677697198 × 10^283 |
| 129 | ov_129 | 1.1559964012999362 × 10^283 |
| 128 | aaa_77_29 | 1.2551007257648506 × 10^283 |
| 127 | aaa_77_28 | 3.341449316541671 × 10^283 |
| 126 | ov_126 | 1.0448132203404857 × 10^284 |
| 125 | ov_125 | 2.3433716219241005 × 10^284 |
| 124 | ov_124 | 4.456145982549125 × 10^284 |
| 123 | ov_123 | 7.609463900069928 × 10^284 |
| 122 | ov_122 | 1.2029658449794888 × 10^285 |
| 121 | ov_121 | 1.794307605004855 × 10^285 |
| 120 | ov_120 | 2.5576090126491363 × 10^285 |
| 119 | ov_119 | 3.6874718402224873 × 10^285 |
| 118 | ov_118 | 5.401148341313549 × 10^285 |
| 117 | ov_117 | 7.93855722771906 × 10^285 |
| 116 | ov_116 | 1.1562314643588911 × 10^286 |
| 115 | ov_115 | 1.6557789810665332 × 10^286 |
| 114 | ov_114 | 2.3233196600882518 × 10^286 |
| 113 | ov_113 | 3.1919733875338305 × 10^286 |
| 112 | ov_112 | 4.297178901212155 × 10^286 |
| 111 | ov_111 | 5.676722063036681 × 10^286 |
| 110 | ov_110 | 7.370773810535259 × 10^286 |
| 109 | ov_109 | 9.421939706117282 × 10^286 |
| 108 | ov_108 | 1.1875323162601493 × 10^287 |
| 107 | ov_107 | 1.4778604584390503 × 10^287 |
| 106 | ov_106 | 1.818213882604681 × 10^287 |
| 105 | ov_105 | 2.2139073534450765 × 10^287 |
| 104 | ov_104 | 2.670549110790849 × 10^287 |
| 103 | ov_103 | 3.1940577176379468 × 10^287 |
| 102 | ov_102 | 3.790681828654348 × 10^287 |
| 101 | ov_101 | 4.4670231260777 × 10^287 |
| 100 | ov_100 | 5.230062728336368 × 10^287 |
| 99 | ov_099 | 6.087191436023214 × 10^287 |
| 98 | ov_098 | 6.0872011836885946 × 10^287 |
| 97 | ov_097 | 6.08723163804771 × 10^287 |
| 96 | aaa_78_29 | 6.8005134950965016 × 10^287 |
| 95 | aaa_78_28 | 1.8182962825530858 × 10^288 |
| 94 | ov_094 | 5.703350136349462 × 10^288 |
| 93 | ov_093 | 1.2831404878877545 × 10^289 |
| 92 | ov_092 | 2.4464421698170533 × 10^289 |
| 91 | ov_091 | 4.63693434840276 × 10^289 |
| 90 | ov_090 | 9.134209840700042 × 10^289 |
| 89 | ov_089 | 1.7470284989734195 × 10^290 |
| 88 | ov_088 | 3.14296452582435 × 10^290 |
| 87 | ov_087 | 5.3049329989394105 × 10^290 |
| 86 | ov_086 | 8.461907340981545 × 10^290 |
| 85 | ov_085 | 1.2868151983428404 × 10^291 |
| 84 | ov_084 | 1.8803253118164136 × 10^291 |
| 83 | ov_083 | 2.6572160491270105 × 10^291 |
| 82 | ov_082 | 3.650524376989272 × 10^291 |
| 81 | ov_081 | 4.8786824464033734 × 10^291 |
| 64 | lv_79_k31 | 6.083571136440399 × 10^291 |
| 80 | ov_080 | 6.379839012326296 × 10^291 |
| 79 | ov_079 | 8.194722148854539 × 10^291 |
| 78 | ov_078 | 1.0366664444032693 × 10^292 |
| 77 | ov_077 | 1.294163807296985 × 10^292 |
| 76 | ov_076 | 1.596830212388454 × 10^292 |
| 75 | ov_075 | 1.9498064735128867 × 10^292 |
| 74 | ov_074 | 2.358516278607455 × 10^292 |
| 63 | ov_063 | 2.50758106462445 × 10^292 |
| 73 | ov_073 | 2.828676207156238 × 10^292 |
| 72 | ov_072 | 3.3663081079129016 × 10^292 |
| 71 | ov_071 | 3.9746652216544084 × 10^292 |
| 70 | ov_070 | 4.657174945066392 × 10^292 |
| 69 | ov_069 | 5.417450494662657 × 10^292 |
| 68 | ov_068 | 6.259304574559566 × 10^292 |
| 67 | ov_067 | 7.186765260840368 × 10^292 |
| 66 | ov_066 | 7.186770495926435 × 10^292 |
| 65 | ov_065 | 7.186786932339683 × 10^292 |
| 62 | ov_062 | 1.033054791541069 × 10^293 |
| 61 | ov_061 | 3.1146691524603756 × 10^293 |
| 60 | ov_060 | 7.539689016029639 × 10^293 |
| 59 | ov_059 | 1.5621880280932822 × 10^294 |
| 58 | ov_058 | 2.8767757610591152 × 10^294 |
| 57 | ov_057 | 4.838384628840833 × 10^294 |
| 56 | ov_056 | 8.23469163864182 × 10^294 |
| 55 | ov_055 | 1.4781714880744918 × 10^295 |
| 54 | ov_054 | 2.5548476232952534 × 10^295 |
| 53 | ov_053 | 4.2813730023020583 × 10^295 |
| 52 | ov_052 | 6.913770402675437 × 10^295 |
| 51 | ov_051 | 1.0736225219446603 × 10^296 |
| 50 | ov_050 | 1.6061115029528065 × 10^296 |
| 49 | ov_049 | 2.306582252967091 × 10^296 |
| 48 | ov_048 | 3.1941929275420302 × 10^296 |
| 47 | ov_047 | 4.2895304452292074 × 10^296 |
| 32 | lv_80_k31 | 5.130920045459772 × 10^296 |
| 46 | ov_046 | 5.6146233700900816 × 10^296 |
| 45 | ov_045 | 7.19295981670663 × 10^296 |
| 44 | ov_044 | 9.049511496091476 × 10^296 |
| 43 | ov_043 | 1.1210765122368956 × 10^297 |
| 42 | ov_042 | 1.373124904437907 × 10^297 |
| 41 | ov_041 | 1.6668650960940962 × 10^297 |
| 40 | ov_040 | 2.0054281820255654 × 10^297 |
| 31 | ov_031 | 2.125152492130766 × 10^297 |
| 39 | ov_039 | 2.3952501432840878 × 10^297 |
| 38 | ov_038 | 2.8431232776447642 × 10^297 |
| 37 | ov_037 | 3.356215282243081 × 10^297 |
| 36 | ov_036 | 3.9420917605861404 × 10^297 |
| 35 | ov_035 | 4.604857236438626 × 10^297 |
| 34 | ov_034 | 5.348851845244092 × 10^297 |
| 33 | ov_033 | 6.178670201046551 × 10^297 |
| 30 | ov_030 | 8.795852388192682 × 10^297 |
| 29 | ov_029 | 2.6627172656415563 × 10^298 |
| 28 | ov_028 | 6.4701667317287 × 10^298 |
| 27 | ov_027 | 1.54748702205004 × 10^299 |
| 26 | ov_026 | 3.725430499746401 × 10^299 |
| 25 | ov_025 | 8.184916876046476 × 10^299 |
| 24 | ov_024 | 1.6176343024603068 × 10^300 |
| 23 | ov_023 | 2.9196446132568997 × 10^300 |
| 22 | ov_022 | 4.898833209045276 × 10^300 |
| 21 | ov_021 | 7.754152825054409 × 10^300 |
| 20 | ov_020 | 1.170920711668927 × 10^301 |
| 19 | ov_019 | 1.70122646948227 × 10^301 |
| 18 | ov_018 | 2.39362830642327 × 10^301 |
| 17 | ov_017 | 3.277895118615849 × 10^301 |
| 16 | ov_016 | 4.3862762086760244 × 10^301 |
| 15 | ov_015 | 5.753512983129411 × 10^301 |
| 14 | ov_014 | 7.416856929204771 × 10^301 |
| 13 | ov_013 | 9.41609603190547 × 10^301 |
| 12 | ov_012 | 1.1793591854483103 × 10^302 |
| 11 | ov_011 | 1.457249968178875 × 10^302 |
| 10 | ov_010 | 1.7800491534100764 × 10^302 |
| 9 | ov_009 | 2.152800636785209 × 10^302 |
| 8 | ov_008 | 2.5808347350647887 × 10^302 |
| 7 | ov_007 | 3.069779848609656 × 10^302 |
| 6 | ov_006 | 3.622685947043743 × 10^302 |
| 5 | ov_005 | 4.242771363672253 × 10^302 |
| 4 | ov_004 | 4.933432935348742 × 10^302 |
| 3 | ov_003 | 5.698257783667095 × 10^302 |
| 2 | ov_002 | 6.541036922149271 × 10^302 |
| 1 | ov_001 | 7.465780917383878 × 10^302 |

