# Results for F001-F002-F003-F004-F005-F006-F007-F008-F009-F010-F011-F012-F013-F014-F015-F016-F017-F018-F019-F020-F021-F022-F023-F024-F025-F026-F027-F028-F029-F030-F031-F032-F033-F034-F035-F036-F037-F038-F039-F040-F041-F042-F043-F044-F045-F046-F047-F048-F049-F050-F051-F052-F053-F054-F055-F056-F057-F058-F059-F060-F061-F062-F063-F064-F065-F066-F067-F068-F069-F070-F071-F072-F073-F074-F075-F076-F077-F078-F079-F080-F081-F082-F083-F084-F085-F086-F087-F088-F089-F090-F091-F092-F093-F094-F095-F096-F097-F098-F099-F100-F101-F102-F103-F104-F105-F106-F107-F108-F109-F110-F111-F112-F113-F114-F115-F116-F117-F118-F119-F120-F121-F122-F123-F124-F125-F126-F127-F128-F129-F130-F131-F132-F133-F134-F135-F136-F137-F138-F139-F140-F141-F142-F143-F144-F145-F146-F147-F148-F149-F150-F151-F152-F153-F154-F155-F156-F157-F158-F159-F160-F161-F162-F163-F164-F165-F166-F167-F168-F169-F170-F171-F172-F173-F174-F175-F176-F177-F178-F179-F180-F181-F182-F183-F184-F185-F186-F187-F188-F189-F190-F191-F192-F193-F194-F195-F196-F197-F198-F199-F200-F201-F202-F203-F204-F205-F206-F207-F208-F209-F210-F211-F212-F213-F214-F215-F216-F217-F218-F219-F220-F221-F222-F223-F224-F225-F226-F227-F228-F229-F230-F231-F232-F233-F234-F235-F236-F237-F238-F239-F240-F241-F242-F243-F244-F245-F246-F247-F248-F249-F250-F251-F252-F253-F254-F255-F256-F257-F258-F259-F260-F261-F262-F263-F264-F265-F266-F267-F268-F269-F270-F271-F272-F273-F274-F275-F276-F277-F278-F279-F280-F281-F282-F283-F284-F285-F286-F287-F288-F289-F290-F291-F292-F293-F294-F295-F296-F297-F298-F299-F300-F301-F302-F303-F304-F305-F306-F307-F308-F309-F310-F311-F312-F313-F314-F315-F316-F317-F318-F319-F320-F321-F322-F323-F324-F325-F326-F327-F328-F329-F330-F331-F332-F333-F334-F335-F336-F337-F338-F339-F340-F341-F342-F343-F344-F345-F346-F347-F348-F349-F350-F351-F352-F353-F354-F355-F356-F357-F358-F359-F360-F361-F362-F363-F364-F365-F366-F367-F368-F369-F370-F371-F372-F373-F374-F375-F376-F377-F378-F379-F380-F381-F382-F383-F384-F385-F386-F387-F388-F389-F390-F391-F392-F393-F394-F395-F396-F397-F398-F399-F400-F401-F402-F403-F404-F405-F406-F407-F408-F409-F410-F411-F412-F413-F414-F415-F416-F417-F418-F419-F420-F421-F422-F423-F424-F425-F426-F427-F428-F429-F430-F431-F432-F433-F434-F435-F436-F437-F438-F439-F440-F441-F442-F443-F444-F445-F446-F447-F448-F449-F450-F451-F452-F453-F454-F455-F456-F457-F458-F459-F460-F461-F462-F463-F464-F465-F466-F467-F468-F469-F470-F471-F472-F473-F474-F475-F476-F477-F478-F479-F480-F481-F482-F483-F484-F485-F486-F487-F488-F489-F490-F491-F492-F493-F494-F495-F496-F497-F498-F499-F500-F501-F502-F503-F504-F505-O506507-F512

## Summary

Number of input bits: 512  
Number of free input bits: 5  
Number of output bits: 160

Number of direct occurrences: 21011  
Number of assignments: 29992  
Number of operations: 10784689
(xor: 10754136,
and: 17938,
or: 12615)

Total complexity: 1.2322282314599564 × 10^296

Least occurring input variable: iv_506 (4108)  
Most occurring input variable: iv_510 (4355)

Most co-occurring input variables: iv_509-iv_510 (2163)  
Least co-occurring input variables: iv_506-iv_508 (1759)

Potentially most occurring input variable: iv_506/iv_508 (4712)  
Potentially least occurring input variable: iv_509/iv_510 (4279)

Least output occurring input variable: iv_510 (75)  
Most output occurring input variable: iv_508 (84)

Most output co-occurring input variables: iv_508-iv_509 (41)  
Least output co-occurring input variables: iv_510-iv_511 (32)

Potentially most output occurring input variable: iv_508/iv_511 (91)  
Potentially least output occurring input variable: iv_509/iv_510 (76)

Least complex input bit: iv_511 (1.3606904003805707 × 10^292)  
Most complex input bit: iv_510 (4.423227066615184 × 10^295)

Least complex output bit: aaa_76_29 (2.493884564869841 × 10^271)  
Most complex output bit: ov_001 (1.9212971691955838 × 10^295)

Least complex input/output complexity: iv_511/aaa_76_29 (2.75387683907804 × 10^267)  
Most complex input/output complexity: iv_510/ov_001 (6.896720449042244 × 10^294)

Input variable with highest collision probability: iv_506 (½^160.0000000000007)

## Input Bits

### Input Bits in Regular Order

| Input Bit | Complexity | Occurrences | Output Occurrences | Collision Probability |
|:---------:|:----------:|:-----------:|:------------------:|:---------------------:|
| iv_506 | 1.528815005368716 × 10^295 | 4108 | 75 | ½^160.0000000000007 |
| iv_508 | 2.3626150226022264 × 10^295 | 4122 | 84 | ½^160.00000000000077 |
| iv_509 | 4.0062645296130517 × 10^295 | 4250 | 81 | ½^160.00000000000074 |
| iv_510 | 4.423227066615184 × 10^295 | 4355 | 75 | ½^160.00000000000074 |
| iv_511 | 1.3606904003805707 × 10^292 | 4176 | 77 | ½^160.00000000000074 |

### Input Bits Sorted by Complexity

| Input Bit | Complexity | Occurrences | Output Occurrences | Collision Probability |
|:---------:|:----------:|:-----------:|:------------------:|:---------------------:|
| iv_511 | 1.3606904003805707 × 10^292 | 4176 | 77 | ½^160.00000000000074 |
| iv_506 | 1.528815005368716 × 10^295 | 4108 | 75 | ½^160.0000000000007 |
| iv_508 | 2.3626150226022264 × 10^295 | 4122 | 84 | ½^160.00000000000077 |
| iv_509 | 4.0062645296130517 × 10^295 | 4250 | 81 | ½^160.00000000000074 |
| iv_510 | 4.423227066615184 × 10^295 | 4355 | 75 | ½^160.00000000000074 |

### Input Bits Sorted by Occurrences

| Input Bit | Complexity | Occurrences | Output Occurrences | Collision Probability |
|:---------:|:----------:|:-----------:|:------------------:|:---------------------:|
| iv_506 | 1.528815005368716 × 10^295 | 4108 | 75 | ½^160.0000000000007 |
| iv_508 | 2.3626150226022264 × 10^295 | 4122 | 84 | ½^160.00000000000077 |
| iv_511 | 1.3606904003805707 × 10^292 | 4176 | 77 | ½^160.00000000000074 |
| iv_509 | 4.0062645296130517 × 10^295 | 4250 | 81 | ½^160.00000000000074 |
| iv_510 | 4.423227066615184 × 10^295 | 4355 | 75 | ½^160.00000000000074 |

### Input Bits Sorted by Output Occurrences

| Input Bit | Complexity | Occurrences | Output Occurrences | Collision Probability |
|:---------:|:----------:|:-----------:|:------------------:|:---------------------:|
| iv_510 | 4.423227066615184 × 10^295 | 4355 | 75 | ½^160.00000000000074 |
| iv_506 | 1.528815005368716 × 10^295 | 4108 | 75 | ½^160.0000000000007 |
| iv_511 | 1.3606904003805707 × 10^292 | 4176 | 77 | ½^160.00000000000074 |
| iv_509 | 4.0062645296130517 × 10^295 | 4250 | 81 | ½^160.00000000000074 |
| iv_508 | 2.3626150226022264 × 10^295 | 4122 | 84 | ½^160.00000000000077 |

### Input Bits Sorted by Collision Probability

| Input Bit | Complexity | Occurrences | Output Occurrences | Collision Probability |
|:---------:|:----------:|:-----------:|:------------------:|:---------------------:|
| iv_506 | 1.528815005368716 × 10^295 | 4108 | 75 | ½^160.0000000000007 |
| iv_510 | 4.423227066615184 × 10^295 | 4355 | 75 | ½^160.00000000000074 |
| iv_509 | 4.0062645296130517 × 10^295 | 4250 | 81 | ½^160.00000000000074 |
| iv_511 | 1.3606904003805707 × 10^292 | 4176 | 77 | ½^160.00000000000074 |
| iv_508 | 2.3626150226022264 × 10^295 | 4122 | 84 | ½^160.00000000000077 |

## Input Bit/Output Bit Collision Probabilities

| Input Bit | Output Bit | Collision Probability |
|:---------:|:----------:|:---------------------:|
| iv_506 | ov_087 | 0.5000000000000018 |
| iv_510 | ov_020 | 0.5000000000000018 |
| iv_511 | ov_063 | 0.5000000000000018 |
| iv_506 | aaa_76_26 | 0.5000000000000016 |
| iv_508 | lv_79_k31 | 0.5000000000000016 |

## Input Bit Co-occurrences

### Input Bit Co-occurrences Sorted by Co-occurrences

| Input Bits | Co-occurrences | Potential Occurrences | Output Co-occurrences | Potential Output Occurrences |
|:----------:|:--------------:|:---------------------:|:---------------------:|:----------------------------:|
| iv_509-iv_510 | 2163 | 4279 | 40 | 76 |
| iv_510-iv_511 | 2070 | 4391 | 32 | 88 |
| iv_508-iv_510 | 2058 | 4361 | 40 | 79 |
| iv_508-iv_509 | 2035 | 4302 | 41 | 83 |
| iv_509-iv_511 | 2035 | 4356 | 37 | 84 |

### Input Bit Co-occurrences Sorted by Potential Occurrences

| Input Bits | Co-occurrences | Potential Occurrences | Output Co-occurrences | Potential Output Occurrences |
|:----------:|:--------------:|:---------------------:|:---------------------:|:----------------------------:|
| iv_509-iv_510 | 2163 | 4279 | 40 | 76 |
| iv_508-iv_509 | 2035 | 4302 | 41 | 83 |
| iv_508-iv_511 | 1975 | 4348 | 35 | 91 |
| iv_509-iv_511 | 2035 | 4356 | 37 | 84 |
| iv_508-iv_510 | 2058 | 4361 | 40 | 79 |

### Input Bit Output Co-occurrences Sorted by Output Co-occurrences

| Input Bits | Co-occurrences | Potential Occurrences | Output Co-occurrences | Potential Output Occurrences |
|:----------:|:--------------:|:---------------------:|:---------------------:|:----------------------------:|
| iv_508-iv_509 | 2035 | 4302 | 41 | 83 |
| iv_508-iv_510 | 2058 | 4361 | 40 | 79 |
| iv_509-iv_510 | 2163 | 4279 | 40 | 76 |
| iv_506-iv_509 | 1931 | 4496 | 37 | 82 |
| iv_509-iv_511 | 2035 | 4356 | 37 | 84 |

### Input Bit Output Co-occurrences Sorted by Potential Output Occurrences

| Input Bits | Co-occurrences | Potential Occurrences | Output Co-occurrences | Potential Output Occurrences |
|:----------:|:--------------:|:---------------------:|:---------------------:|:----------------------------:|
| iv_509-iv_510 | 2163 | 4279 | 40 | 76 |
| iv_508-iv_510 | 2058 | 4361 | 40 | 79 |
| iv_506-iv_511 | 1885 | 4514 | 36 | 80 |
| iv_506-iv_510 | 1917 | 4629 | 35 | 80 |
| iv_506-iv_509 | 1931 | 4496 | 37 | 82 |

## Output Bits

### Output Bits in Regular Order

| Rank | Output Bit | Complexity |
|:----:|:----------:|:----------:|
| 1 | ov_001 | 1.9212971691955838 × 10^295 |
| 2 | ov_002 | 1.6816727119293368 × 10^295 |
| 3 | ov_003 | 1.4632695855747758 × 10^295 |
| 4 | ov_004 | 1.265040849561843 × 10^295 |
| 5 | ov_005 | 1.085996480665704 × 10^295 |
| 6 | ov_006 | 9.2519932268759 × 10^294 |
| 7 | ov_007 | 7.817615856690072 × 10^294 |
| 8 | ov_008 | 6.548418256608912 × 10^294 |
| 9 | ov_009 | 5.436423396571641 × 10^294 |
| 10 | ov_010 | 4.4669028829257345 × 10^294 |
| 11 | ov_011 | 3.6326903898607975 × 10^294 |
| 12 | ov_012 | 2.9205780545308746 × 10^294 |
| 13 | ov_013 | 2.3180785520901777 × 10^294 |
| 14 | ov_014 | 1.8134049146998853 × 10^294 |
| 15 | ov_015 | 1.3954544975858685 × 10^294 |
| 16 | ov_016 | 1.0537966644669621 × 10^294 |
| 17 | ov_017 | 7.786637551755329 × 10^293 |
| 18 | ov_018 | 5.609448122155404 × 10^293 |
| 19 | ov_019 | 3.921814682207395 × 10^293 |
| 20 | ov_020 | 2.645654130548662 × 10^293 |
| 21 | ov_021 | 1.709369199493882 × 10^293 |
| 22 | ov_022 | 1.0478399187583043 × 10^293 |
| 23 | ov_023 | 6.02418270763001 × 10^292 |
| 24 | ov_024 | 3.209246001256552 × 10^292 |
| 25 | ov_025 | 1.5764526258335036 × 10^292 |
| 26 | ov_026 | 7.333121283788703 × 10^291 |
| 27 | ov_027 | 3.519724569649618 × 10^291 |
| 28 | ov_028 | 1.6921643513269747 × 10^291 |
| 29 | ov_029 | 6.959393778352211 × 10^290 |
| 30 | ov_030 | 2.297298151167139 × 10^290 |
| 31 | ov_031 | 5.545854204283091 × 10^289 |
| 32 | lv_80_k31 | 1.3377990987063966 × 10^289 |
| 33 | ov_033 | 1.6022575145188635 × 10^290 |
| 34 | ov_034 | 1.3838040792052188 × 10^290 |
| 35 | ov_035 | 1.188285439099943 × 10^290 |
| 36 | ov_036 | 1.0144806218052423 × 10^290 |
| 37 | ov_037 | 8.612349310357933 × 10^289 |
| 38 | ov_038 | 7.274550211490974 × 10^289 |
| 39 | ov_039 | 6.111218929907615 × 10^289 |
| 40 | ov_040 | 5.10320422522751 × 10^289 |
| 41 | ov_041 | 4.232336898956123 × 10^289 |
| 42 | ov_042 | 3.481382305701395 × 10^289 |
| 43 | ov_043 | 2.834000990126179 × 10^289 |
| 44 | ov_044 | 2.274716424649801 × 10^289 |
| 45 | ov_045 | 1.7960024574663497 × 10^289 |
| 46 | ov_046 | 1.3907455209875093 × 10^289 |
| 47 | ov_047 | 1.0522354012958656 × 10^289 |
| 48 | ov_048 | 7.741580167445836 × 10^288 |
| 49 | ov_049 | 5.5058987642538916 × 10^288 |
| 50 | ov_050 | 3.759939593892814 × 10^288 |
| 51 | ov_051 | 2.4521677730592194 × 10^288 |
| 52 | ov_052 | 1.534864046752946 × 10^288 |
| 53 | ov_053 | 9.23993048536135 × 10^287 |
| 54 | ov_054 | 5.431082941521554 × 10^287 |
| 55 | ov_055 | 3.2334618420762888 × 10^287 |
| 56 | ov_056 | 2.0342247544010778 × 10^287 |
| 57 | ov_057 | 1.29630065828857 × 10^287 |
| 58 | ov_058 | 7.700947614826124 × 10^286 |
| 59 | ov_059 | 4.177328753151965 × 10^286 |
| 60 | ov_060 | 2.01341803733212 × 10^286 |
| 61 | ov_061 | 8.304867057489295 × 10^285 |
| 62 | ov_062 | 2.750119784316892 × 10^285 |
| 63 | ov_063 | 6.663462320385794 × 10^284 |
| 64 | lv_79_k31 | 1.6136130668548124 × 10^284 |
| 65 | ov_065 | 1.8743549795128347 × 10^285 |
| 66 | ov_066 | 1.8743500179501403 × 10^285 |
| 67 | ov_067 | 1.8743484098961985 × 10^285 |
| 68 | ov_068 | 1.622296891561567 × 10^285 |
| 69 | ov_069 | 1.394766127259654 × 10^285 |
| 70 | ov_070 | 1.19047197691164 × 10^285 |
| 71 | ov_071 | 1.0082096655452637 × 10^285 |
| 72 | ov_072 | 8.468483586453996 × 10^284 |
| 73 | ov_073 | 7.053262065594974 × 10^284 |
| 74 | ov_074 | 5.826458336069275 × 10^284 |
| 75 | ov_075 | 4.7698995094396595 × 10^284 |
| 76 | ov_076 | 3.8665134319531786 × 10^284 |
| 77 | ov_077 | 3.100265962164016 × 10^284 |
| 78 | ov_078 | 2.4561051486229547 × 10^284 |
| 79 | ov_079 | 1.919911890818074 × 10^284 |
| 80 | ov_080 | 1.4784566717466688 × 10^284 |
| 81 | ov_081 | 1.119361954231694 × 10^284 |
| 82 | ov_082 | 8.3106983566723 × 10^283 |
| 83 | ov_083 | 6.028145575582592 × 10^283 |
| 84 | ov_084 | 4.245994672537988 × 10^283 |
| 85 | ov_085 | 2.871780298722703 × 10^283 |
| 86 | ov_086 | 1.8611237448713833 × 10^283 |
| 87 | ov_087 | 1.1361343019091248 × 10^283 |
| 88 | ov_088 | 6.596601180587355 × 10^282 |
| 89 | ov_089 | 3.6801124144411454 × 10^282 |
| 90 | ov_090 | 2.0451649706647874 × 10^282 |
| 91 | ov_091 | 1.1949231709381792 × 10^282 |
| 92 | ov_092 | 7.022401326637251 × 10^281 |
| 93 | ov_093 | 3.7094774743763526 × 10^281 |
| 94 | ov_094 | 1.662821396536326 × 10^281 |
| 95 | aaa_78_28 | 5.348375811328566 × 10^280 |
| 96 | aaa_78_29 | 2.0266089931961458 × 10^280 |
| 97 | ov_097 | 2.2087271511689884 × 10^280 |
| 98 | ov_098 | 2.208660077371911 × 10^280 |
| 99 | ov_099 | 2.2086386368525672 × 10^280 |
| 100 | ov_100 | 1.9880538607484901 × 10^280 |
| 101 | ov_101 | 1.783680157931855 × 10^280 |
| 102 | ov_102 | 1.5946309367773768 × 10^280 |
| 103 | ov_103 | 1.4200854563270653 × 10^280 |
| 104 | ov_104 | 1.2592800619226389 × 10^280 |
| 105 | ov_105 | 1.1115002330072105 × 10^280 |
| 106 | ov_106 | 9.76073399357136 × 10^279 |
| 107 | ov_107 | 8.523624839278019 × 10^279 |
| 108 | ov_108 | 7.397601320727547 × 10^279 |
| 109 | ov_109 | 6.376835881671931 × 10^279 |
| 110 | ov_110 | 5.455701816755285 × 10^279 |
| 111 | ov_111 | 4.6287338548672925 × 10^279 |
| 112 | ov_112 | 3.8905940993592686 × 10^279 |
| 113 | ov_113 | 3.2360429636887977 × 10^279 |
| 114 | ov_114 | 2.659914744178857 × 10^279 |
| 115 | ov_115 | 2.1570974736979486 × 10^279 |
| 116 | ov_116 | 1.7225167014160804 × 10^279 |
| 117 | ov_117 | 1.3511228445965715 × 10^279 |
| 118 | ov_118 | 1.0378817588366324 × 10^279 |
| 119 | ov_119 | 7.777681734100327 × 10^278 |
| 120 | ov_120 | 5.657616384933649 × 10^278 |
| 121 | ov_121 | 3.9684442749796855 × 10^278 |
| 122 | ov_122 | 2.66000518777244 × 10^278 |
| 123 | ov_123 | 1.6821495753688896 × 10^278 |
| 124 | ov_124 | 9.847339143511558 × 10^277 |
| 125 | ov_125 | 5.17617657347698 × 10^277 |
| 126 | ov_126 | 2.3066147849693557 × 10^277 |
| 127 | aaa_77_28 | 7.372644251870047 × 10^276 |
| 128 | aaa_77_29 | 2.76682201037917 × 10^276 |
| 129 | ov_129 | 2.5052812830946803 × 10^276 |
| 130 | ov_130 | 2.5052752097431734 × 10^276 |
| 131 | ov_131 | 2.5052732555952003 × 10^276 |
| 132 | ov_132 | 2.1726446611232559 × 10^276 |
| 133 | ov_133 | 1.8716859734504575 × 10^276 |
| 134 | ov_134 | 1.600933043387242 × 10^276 |
| 135 | ov_135 | 1.359005459536871 × 10^276 |
| 136 | ov_136 | 1.1446002660810078 × 10^276 |
| 137 | ov_137 | 9.564863876976707 × 10^275 |
| 138 | ov_138 | 7.923983063596412 × 10^275 |
| 139 | ov_139 | 6.501921917420571 × 10^275 |
| 140 | ov_140 | 5.2783907345763836 × 10^275 |
| 141 | ov_141 | 4.2341908375025836 × 10^275 |
| 142 | ov_142 | 3.351166777300332 × 10^275 |
| 143 | ov_143 | 2.612167217862509 × 10^275 |
| 144 | ov_144 | 2.0010134027820628 × 10^275 |
| 145 | ov_145 | 1.502474177654568 × 10^275 |
| 146 | ov_146 | 1.1022466114697817 × 10^275 |
| 147 | ov_147 | 7.86941331522223 × 10^274 |
| 148 | ov_148 | 5.4407175679461395 × 10^274 |
| 149 | ov_149 | 3.620464851665009 × 10^274 |
| 150 | ov_150 | 2.301641601248172 × 10^274 |
| 151 | ov_151 | 1.3861021293198838 × 10^274 |
| 152 | ov_152 | 7.845494645500568 × 10^273 |
| 153 | ov_153 | 4.165249708516561 × 10^273 |
| 154 | ov_154 | 2.104029720089735 × 10^273 |
| 155 | ov_155 | 1.0338784102859678 × 10^273 |
| 156 | aaa_76_25 | 4.1512411150495596 × 10^272 |
| 157 | aaa_76_26 | 2.5562876488735843 × 10^272 |
| 158 | aaa_76_27 | 1.402679947609601 × 10^272 |
| 159 | aaa_76_28 | 6.61646482121216 × 10^271 |
| 160 | aaa_76_29 | 2.493884564869841 × 10^271 |

### Output Bits Sorted by Complexity

| Rank | Output Bit | Complexity |
|:----:|:----------:|:----------:|
| 160 | aaa_76_29 | 2.493884564869841 × 10^271 |
| 159 | aaa_76_28 | 6.61646482121216 × 10^271 |
| 158 | aaa_76_27 | 1.402679947609601 × 10^272 |
| 157 | aaa_76_26 | 2.5562876488735843 × 10^272 |
| 156 | aaa_76_25 | 4.1512411150495596 × 10^272 |
| 155 | ov_155 | 1.0338784102859678 × 10^273 |
| 154 | ov_154 | 2.104029720089735 × 10^273 |
| 153 | ov_153 | 4.165249708516561 × 10^273 |
| 152 | ov_152 | 7.845494645500568 × 10^273 |
| 151 | ov_151 | 1.3861021293198838 × 10^274 |
| 150 | ov_150 | 2.301641601248172 × 10^274 |
| 149 | ov_149 | 3.620464851665009 × 10^274 |
| 148 | ov_148 | 5.4407175679461395 × 10^274 |
| 147 | ov_147 | 7.86941331522223 × 10^274 |
| 146 | ov_146 | 1.1022466114697817 × 10^275 |
| 145 | ov_145 | 1.502474177654568 × 10^275 |
| 144 | ov_144 | 2.0010134027820628 × 10^275 |
| 143 | ov_143 | 2.612167217862509 × 10^275 |
| 142 | ov_142 | 3.351166777300332 × 10^275 |
| 141 | ov_141 | 4.2341908375025836 × 10^275 |
| 140 | ov_140 | 5.2783907345763836 × 10^275 |
| 139 | ov_139 | 6.501921917420571 × 10^275 |
| 138 | ov_138 | 7.923983063596412 × 10^275 |
| 137 | ov_137 | 9.564863876976707 × 10^275 |
| 136 | ov_136 | 1.1446002660810078 × 10^276 |
| 135 | ov_135 | 1.359005459536871 × 10^276 |
| 134 | ov_134 | 1.600933043387242 × 10^276 |
| 133 | ov_133 | 1.8716859734504575 × 10^276 |
| 132 | ov_132 | 2.1726446611232559 × 10^276 |
| 131 | ov_131 | 2.5052732555952003 × 10^276 |
| 130 | ov_130 | 2.5052752097431734 × 10^276 |
| 129 | ov_129 | 2.5052812830946803 × 10^276 |
| 128 | aaa_77_29 | 2.76682201037917 × 10^276 |
| 127 | aaa_77_28 | 7.372644251870047 × 10^276 |
| 126 | ov_126 | 2.3066147849693557 × 10^277 |
| 125 | ov_125 | 5.17617657347698 × 10^277 |
| 124 | ov_124 | 9.847339143511558 × 10^277 |
| 123 | ov_123 | 1.6821495753688896 × 10^278 |
| 122 | ov_122 | 2.66000518777244 × 10^278 |
| 121 | ov_121 | 3.9684442749796855 × 10^278 |
| 120 | ov_120 | 5.657616384933649 × 10^278 |
| 119 | ov_119 | 7.777681734100327 × 10^278 |
| 118 | ov_118 | 1.0378817588366324 × 10^279 |
| 117 | ov_117 | 1.3511228445965715 × 10^279 |
| 116 | ov_116 | 1.7225167014160804 × 10^279 |
| 115 | ov_115 | 2.1570974736979486 × 10^279 |
| 114 | ov_114 | 2.659914744178857 × 10^279 |
| 113 | ov_113 | 3.2360429636887977 × 10^279 |
| 112 | ov_112 | 3.8905940993592686 × 10^279 |
| 111 | ov_111 | 4.6287338548672925 × 10^279 |
| 110 | ov_110 | 5.455701816755285 × 10^279 |
| 109 | ov_109 | 6.376835881671931 × 10^279 |
| 108 | ov_108 | 7.397601320727547 × 10^279 |
| 107 | ov_107 | 8.523624839278019 × 10^279 |
| 106 | ov_106 | 9.76073399357136 × 10^279 |
| 105 | ov_105 | 1.1115002330072105 × 10^280 |
| 104 | ov_104 | 1.2592800619226389 × 10^280 |
| 103 | ov_103 | 1.4200854563270653 × 10^280 |
| 102 | ov_102 | 1.5946309367773768 × 10^280 |
| 101 | ov_101 | 1.783680157931855 × 10^280 |
| 100 | ov_100 | 1.9880538607484901 × 10^280 |
| 96 | aaa_78_29 | 2.0266089931961458 × 10^280 |
| 99 | ov_099 | 2.2086386368525672 × 10^280 |
| 98 | ov_098 | 2.208660077371911 × 10^280 |
| 97 | ov_097 | 2.2087271511689884 × 10^280 |
| 95 | aaa_78_28 | 5.348375811328566 × 10^280 |
| 94 | ov_094 | 1.662821396536326 × 10^281 |
| 93 | ov_093 | 3.7094774743763526 × 10^281 |
| 92 | ov_092 | 7.022401326637251 × 10^281 |
| 91 | ov_091 | 1.1949231709381792 × 10^282 |
| 90 | ov_090 | 2.0451649706647874 × 10^282 |
| 89 | ov_089 | 3.6801124144411454 × 10^282 |
| 88 | ov_088 | 6.596601180587355 × 10^282 |
| 87 | ov_087 | 1.1361343019091248 × 10^283 |
| 86 | ov_086 | 1.8611237448713833 × 10^283 |
| 85 | ov_085 | 2.871780298722703 × 10^283 |
| 84 | ov_084 | 4.245994672537988 × 10^283 |
| 83 | ov_083 | 6.028145575582592 × 10^283 |
| 82 | ov_082 | 8.3106983566723 × 10^283 |
| 81 | ov_081 | 1.119361954231694 × 10^284 |
| 80 | ov_080 | 1.4784566717466688 × 10^284 |
| 64 | lv_79_k31 | 1.6136130668548124 × 10^284 |
| 79 | ov_079 | 1.919911890818074 × 10^284 |
| 78 | ov_078 | 2.4561051486229547 × 10^284 |
| 77 | ov_077 | 3.100265962164016 × 10^284 |
| 76 | ov_076 | 3.8665134319531786 × 10^284 |
| 75 | ov_075 | 4.7698995094396595 × 10^284 |
| 74 | ov_074 | 5.826458336069275 × 10^284 |
| 63 | ov_063 | 6.663462320385794 × 10^284 |
| 73 | ov_073 | 7.053262065594974 × 10^284 |
| 72 | ov_072 | 8.468483586453996 × 10^284 |
| 71 | ov_071 | 1.0082096655452637 × 10^285 |
| 70 | ov_070 | 1.19047197691164 × 10^285 |
| 69 | ov_069 | 1.394766127259654 × 10^285 |
| 68 | ov_068 | 1.622296891561567 × 10^285 |
| 67 | ov_067 | 1.8743484098961985 × 10^285 |
| 66 | ov_066 | 1.8743500179501403 × 10^285 |
| 65 | ov_065 | 1.8743549795128347 × 10^285 |
| 62 | ov_062 | 2.750119784316892 × 10^285 |
| 61 | ov_061 | 8.304867057489295 × 10^285 |
| 60 | ov_060 | 2.01341803733212 × 10^286 |
| 59 | ov_059 | 4.177328753151965 × 10^286 |
| 58 | ov_058 | 7.700947614826124 × 10^286 |
| 57 | ov_057 | 1.29630065828857 × 10^287 |
| 56 | ov_056 | 2.0342247544010778 × 10^287 |
| 55 | ov_055 | 3.2334618420762888 × 10^287 |
| 54 | ov_054 | 5.431082941521554 × 10^287 |
| 53 | ov_053 | 9.23993048536135 × 10^287 |
| 52 | ov_052 | 1.534864046752946 × 10^288 |
| 51 | ov_051 | 2.4521677730592194 × 10^288 |
| 50 | ov_050 | 3.759939593892814 × 10^288 |
| 49 | ov_049 | 5.5058987642538916 × 10^288 |
| 48 | ov_048 | 7.741580167445836 × 10^288 |
| 47 | ov_047 | 1.0522354012958656 × 10^289 |
| 32 | lv_80_k31 | 1.3377990987063966 × 10^289 |
| 46 | ov_046 | 1.3907455209875093 × 10^289 |
| 45 | ov_045 | 1.7960024574663497 × 10^289 |
| 44 | ov_044 | 2.274716424649801 × 10^289 |
| 43 | ov_043 | 2.834000990126179 × 10^289 |
| 42 | ov_042 | 3.481382305701395 × 10^289 |
| 41 | ov_041 | 4.232336898956123 × 10^289 |
| 40 | ov_040 | 5.10320422522751 × 10^289 |
| 31 | ov_031 | 5.545854204283091 × 10^289 |
| 39 | ov_039 | 6.111218929907615 × 10^289 |
| 38 | ov_038 | 7.274550211490974 × 10^289 |
| 37 | ov_037 | 8.612349310357933 × 10^289 |
| 36 | ov_036 | 1.0144806218052423 × 10^290 |
| 35 | ov_035 | 1.188285439099943 × 10^290 |
| 34 | ov_034 | 1.3838040792052188 × 10^290 |
| 33 | ov_033 | 1.6022575145188635 × 10^290 |
| 30 | ov_030 | 2.297298151167139 × 10^290 |
| 29 | ov_029 | 6.959393778352211 × 10^290 |
| 28 | ov_028 | 1.6921643513269747 × 10^291 |
| 27 | ov_027 | 3.519724569649618 × 10^291 |
| 26 | ov_026 | 7.333121283788703 × 10^291 |
| 25 | ov_025 | 1.5764526258335036 × 10^292 |
| 24 | ov_024 | 3.209246001256552 × 10^292 |
| 23 | ov_023 | 6.02418270763001 × 10^292 |
| 22 | ov_022 | 1.0478399187583043 × 10^293 |
| 21 | ov_021 | 1.709369199493882 × 10^293 |
| 20 | ov_020 | 2.645654130548662 × 10^293 |
| 19 | ov_019 | 3.921814682207395 × 10^293 |
| 18 | ov_018 | 5.609448122155404 × 10^293 |
| 17 | ov_017 | 7.786637551755329 × 10^293 |
| 16 | ov_016 | 1.0537966644669621 × 10^294 |
| 15 | ov_015 | 1.3954544975858685 × 10^294 |
| 14 | ov_014 | 1.8134049146998853 × 10^294 |
| 13 | ov_013 | 2.3180785520901777 × 10^294 |
| 12 | ov_012 | 2.9205780545308746 × 10^294 |
| 11 | ov_011 | 3.6326903898607975 × 10^294 |
| 10 | ov_010 | 4.4669028829257345 × 10^294 |
| 9 | ov_009 | 5.436423396571641 × 10^294 |
| 8 | ov_008 | 6.548418256608912 × 10^294 |
| 7 | ov_007 | 7.817615856690072 × 10^294 |
| 6 | ov_006 | 9.2519932268759 × 10^294 |
| 5 | ov_005 | 1.085996480665704 × 10^295 |
| 4 | ov_004 | 1.265040849561843 × 10^295 |
| 3 | ov_003 | 1.4632695855747758 × 10^295 |
| 2 | ov_002 | 1.6816727119293368 × 10^295 |
| 1 | ov_001 | 1.9212971691955838 × 10^295 |

