# Results for F001-F002-F003-F004-F005-F006-F007-F008-F009-F010-F011-F012-F013-F014-F015-F016-F017-F018-F019-F020-F021-F022-F023-F024-F025-F026-F027-F028-F029-F030-F031-F032-F033-F034-F035-F036-F037-F038-F039-F040-F041-F042-F043-F044-F045-F046-F047-F048-F049-F050-F051-F052-F053-F054-F055-F056-F057-F058-F059-F060-F061-F062-F063-F064-F065-F066-F067-F068-F069-F070-F071-F072-F073-F074-F075-F076-F077-F078-F079-F080-F081-F082-F083-F084-F085-F086-F087-F088-F089-F090-F091-F092-F093-F094-F095-F096-F097-F098-F099-F100-F101-F102-F103-F104-F105-F106-F107-F108-F109-F110-F111-F112-F113-F114-F115-F116-F117-F118-F119-F120-F121-F122-F123-F124-F125-F126-F127-F128-F129-F130-F131-F132-F133-F134-F135-F136-F137-F138-F139-F140-F141-F142-F143-F144-F145-F146-F147-F148-F149-F150-F151-F152-F153-F154-F155-F156-F157-F158-F159-F160-F161-F162-F163-F164-F165-F166-F167-F168-F169-F170-F171-F172-F173-F174-F175-F176-F177-F178-F179-F180-F181-F182-F183-F184-F185-F186-F187-F188-F189-F190-F191-F192-F193-F194-F195-F196-F197-F198-F199-F200-F201-F202-F203-F204-F205-F206-F207-F208-F209-F210-F211-F212-F213-F214-F215-F216-F217-F218-F219-F220-F221-F222-F223-F224-F225-F226-F227-F228-F229-F230-F231-F232-F233-F234-F235-F236-F237-F238-F239-F240-F241-F242-F243-F244-F245-F246-F247-F248-F249-F250-F251-F252-F253-F254-F255-F256-F257-F258-F259-F260-F261-F262-F263-F264-F265-F266-F267-F268-F269-F270-F271-F272-F273-F274-F275-F276-F277-F278-F279-F280-F281-F282-F283-F284-F285-F286-F287-F288-F289-F290-F291-F292-F293-F294-F295-F296-F297-F298-F299-F300-F301-F302-F303-F304-F305-F306-F307-F308-F309-F310-F311-F312-F313-F314-F315-F316-F317-F318-F319-F320-F321-F322-F323-F324-F325-F326-F327-F328-F329-F330-F331-F332-F333-F334-F335-F336-F337-F338-F339-F340-F341-F342-F343-F344-F345-F346-F347-F348-F349-F350-F351-F352-F353-F354-F355-F356-F357-F358-F359-F360-F361-F362-F363-F364-F365-F366-F367-F368-F369-F370-F371-F372-F373-F374-F375-F376-F377-F378-F379-F380-F381-F382-F383-F384-F385-F386-F387-F388-F389-F390-F391-F392-F393-F394-F395-F396-F397-F398-F399-F400-F401-F402-F403-F404-F405-F406-F407-F408-F409-F410-F411-F412-F413-F414-F415-F416-F417-F418-F419-F420-F421-F422-F423-F424-F425-F426-F427-F428-F429-F430-F431-F432-F433-F434-F435-F436-F437-F438-F439-F440-F441-F442-F443-F444-F445-F446-F447-F448-F449-F450-F451-F452-F453-F454-F455-F456-F457-F458-F459-F460-F461-F462-F463-F464-F465-F466-F467-F468-F469-F470-F471-F472-F473-F474-F475-F476-F477-F478-F479-F480-F481-F482-F483-F484-F485-F486-F487-F488-F489-F490-F491-F492-F493-F494-F495-F496-F497-F498-F499-F500-F501-F502-F503-F504-F505-O508510-F512

## Summary

Number of input bits: 512  
Number of free input bits: 5  
Number of output bits: 160

Number of direct occurrences: 21257  
Number of assignments: 30366  
Number of operations: 11513400
(xor: 11481516,
and: 19217,
or: 12667)

Total complexity: 9.744781256317066 × 10^302

Least occurring input variable: iv_507 (4107)  
Most occurring input variable: iv_508 (4401)

Most co-occurring input variables: iv_506-iv_509 (2098)  
Least co-occurring input variables: iv_506-iv_511 (1943)

Potentially most occurring input variable: iv_508/iv_511 (4710)  
Potentially least occurring input variable: iv_506/iv_507 (4317)

Least output occurring input variable: iv_511 (77)  
Most output occurring input variable: iv_508 (80)

Most output co-occurring input variables: iv_507-iv_511 (43)  
Least output co-occurring input variables: iv_506-iv_511 (33)

Potentially most output occurring input variable: iv_506/iv_509 (89)  
Potentially least output occurring input variable: iv_507/iv_511 (71)

Least complex input bit: iv_511 (1.7394610614776266 × 10^299)  
Most complex input bit: iv_508 (4.6188428472376155 × 10^302)

Least complex output bit: aaa_76_29 (2.5157780043588463 × 10^277)  
Most complex output bit: ov_001 (1.5286350949275456 × 10^302)

Least complex input/output complexity: iv_511/aaa_76_29 (4.490709193772095 × 10^273)  
Most complex input/output complexity: iv_508/ov_001 (7.245442548713429 × 10^301)

Input variable with highest collision probability: iv_511 (½^160.00000000000068)

## Input Bits

### Input Bits in Regular Order

| Input Bit | Complexity | Occurrences | Output Occurrences | Collision Probability |
|:---------:|:----------:|:-----------:|:------------------:|:---------------------:|
| iv_506 | 5.154494975841257 × 10^301 | 4172 | 77 | ½^160.00000000000085 |
| iv_507 | 9.895882132311278 × 10^301 | 4107 | 80 | ½^160.00000000000082 |
| iv_508 | 4.6188428472376155 × 10^302 | 4401 | 80 | ½^160.00000000000077 |
| iv_509 | 3.6191612372027286 × 10^302 | 4348 | 80 | ½^160.00000000000082 |
| iv_511 | 1.7394610614776266 × 10^299 | 4229 | 77 | ½^160.00000000000068 |

### Input Bits Sorted by Complexity

| Input Bit | Complexity | Occurrences | Output Occurrences | Collision Probability |
|:---------:|:----------:|:-----------:|:------------------:|:---------------------:|
| iv_511 | 1.7394610614776266 × 10^299 | 4229 | 77 | ½^160.00000000000068 |
| iv_506 | 5.154494975841257 × 10^301 | 4172 | 77 | ½^160.00000000000085 |
| iv_507 | 9.895882132311278 × 10^301 | 4107 | 80 | ½^160.00000000000082 |
| iv_509 | 3.6191612372027286 × 10^302 | 4348 | 80 | ½^160.00000000000082 |
| iv_508 | 4.6188428472376155 × 10^302 | 4401 | 80 | ½^160.00000000000077 |

### Input Bits Sorted by Occurrences

| Input Bit | Complexity | Occurrences | Output Occurrences | Collision Probability |
|:---------:|:----------:|:-----------:|:------------------:|:---------------------:|
| iv_507 | 9.895882132311278 × 10^301 | 4107 | 80 | ½^160.00000000000082 |
| iv_506 | 5.154494975841257 × 10^301 | 4172 | 77 | ½^160.00000000000085 |
| iv_511 | 1.7394610614776266 × 10^299 | 4229 | 77 | ½^160.00000000000068 |
| iv_509 | 3.6191612372027286 × 10^302 | 4348 | 80 | ½^160.00000000000082 |
| iv_508 | 4.6188428472376155 × 10^302 | 4401 | 80 | ½^160.00000000000077 |

### Input Bits Sorted by Output Occurrences

| Input Bit | Complexity | Occurrences | Output Occurrences | Collision Probability |
|:---------:|:----------:|:-----------:|:------------------:|:---------------------:|
| iv_511 | 1.7394610614776266 × 10^299 | 4229 | 77 | ½^160.00000000000068 |
| iv_506 | 5.154494975841257 × 10^301 | 4172 | 77 | ½^160.00000000000085 |
| iv_509 | 3.6191612372027286 × 10^302 | 4348 | 80 | ½^160.00000000000082 |
| iv_507 | 9.895882132311278 × 10^301 | 4107 | 80 | ½^160.00000000000082 |
| iv_508 | 4.6188428472376155 × 10^302 | 4401 | 80 | ½^160.00000000000077 |

### Input Bits Sorted by Collision Probability

| Input Bit | Complexity | Occurrences | Output Occurrences | Collision Probability |
|:---------:|:----------:|:-----------:|:------------------:|:---------------------:|
| iv_511 | 1.7394610614776266 × 10^299 | 4229 | 77 | ½^160.00000000000068 |
| iv_508 | 4.6188428472376155 × 10^302 | 4401 | 80 | ½^160.00000000000077 |
| iv_507 | 9.895882132311278 × 10^301 | 4107 | 80 | ½^160.00000000000082 |
| iv_509 | 3.6191612372027286 × 10^302 | 4348 | 80 | ½^160.00000000000082 |
| iv_506 | 5.154494975841257 × 10^301 | 4172 | 77 | ½^160.00000000000085 |

## Input Bit/Output Bit Collision Probabilities

| Input Bit | Output Bit | Collision Probability |
|:---------:|:----------:|:---------------------:|
| iv_509 | ov_069 | 0.5000000000000018 |
| iv_511 | ov_149 | 0.5000000000000018 |
| iv_509 | ov_030 | 0.5000000000000017 |
| iv_511 | ov_055 | 0.5000000000000016 |
| iv_511 | ov_121 | 0.5000000000000016 |

## Input Bit Co-occurrences

### Input Bit Co-occurrences Sorted by Co-occurrences

| Input Bits | Co-occurrences | Potential Occurrences | Output Co-occurrences | Potential Output Occurrences |
|:----------:|:--------------:|:---------------------:|:---------------------:|:----------------------------:|
| iv_506-iv_509 | 2098 | 4324 | 34 | 89 |
| iv_508-iv_509 | 2082 | 4585 | 40 | 80 |
| iv_509-iv_511 | 2074 | 4429 | 38 | 81 |
| iv_506-iv_508 | 2030 | 4513 | 39 | 79 |
| iv_507-iv_509 | 2021 | 4413 | 40 | 80 |

### Input Bit Co-occurrences Sorted by Potential Occurrences

| Input Bits | Co-occurrences | Potential Occurrences | Output Co-occurrences | Potential Output Occurrences |
|:----------:|:--------------:|:---------------------:|:---------------------:|:----------------------------:|
| iv_506-iv_507 | 1981 | 4317 | 35 | 87 |
| iv_506-iv_509 | 2098 | 4324 | 34 | 89 |
| iv_507-iv_511 | 1994 | 4348 | 43 | 71 |
| iv_507-iv_509 | 2021 | 4413 | 40 | 80 |
| iv_509-iv_511 | 2074 | 4429 | 38 | 81 |

### Input Bit Output Co-occurrences Sorted by Output Co-occurrences

| Input Bits | Co-occurrences | Potential Occurrences | Output Co-occurrences | Potential Output Occurrences |
|:----------:|:--------------:|:---------------------:|:---------------------:|:----------------------------:|
| iv_507-iv_511 | 1994 | 4348 | 43 | 71 |
| iv_507-iv_509 | 2021 | 4413 | 40 | 80 |
| iv_508-iv_509 | 2082 | 4585 | 40 | 80 |
| iv_507-iv_508 | 1944 | 4620 | 39 | 82 |
| iv_506-iv_508 | 2030 | 4513 | 39 | 79 |

### Input Bit Output Co-occurrences Sorted by Potential Output Occurrences

| Input Bits | Co-occurrences | Potential Occurrences | Output Co-occurrences | Potential Output Occurrences |
|:----------:|:--------------:|:---------------------:|:---------------------:|:----------------------------:|
| iv_507-iv_511 | 1994 | 4348 | 43 | 71 |
| iv_506-iv_508 | 2030 | 4513 | 39 | 79 |
| iv_507-iv_509 | 2021 | 4413 | 40 | 80 |
| iv_508-iv_509 | 2082 | 4585 | 40 | 80 |
| iv_509-iv_511 | 2074 | 4429 | 38 | 81 |

## Output Bits

### Output Bits in Regular Order

| Rank | Output Bit | Complexity |
|:----:|:----------:|:----------:|
| 1 | ov_001 | 1.5286350949275456 × 10^302 |
| 2 | ov_002 | 1.3361114425237379 × 10^302 |
| 3 | ov_003 | 1.1607932677562073 × 10^302 |
| 4 | ov_004 | 1.0018580740950566 × 10^302 |
| 5 | ov_005 | 8.585280751975336 × 10^301 |
| 6 | ov_006 | 7.300670139393514 × 10^301 |
| 7 | ov_007 | 6.157774131240954 × 10^301 |
| 8 | ov_008 | 5.149982036312211 × 10^301 |
| 9 | ov_009 | 4.271026786089479 × 10^301 |
| 10 | ov_010 | 3.5093371323133826 × 10^301 |
| 11 | ov_011 | 2.8539508430848113 × 10^301 |
| 12 | ov_012 | 2.2944912350059173 × 10^301 |
| 13 | ov_013 | 1.8211477063618973 × 10^301 |
| 14 | ov_014 | 1.4246598869401717 × 10^301 |
| 15 | ov_015 | 1.0963050445158897 × 10^301 |
| 16 | ov_016 | 8.278884122280156 × 10^300 |
| 17 | ov_017 | 6.117360935990264 × 10^300 |
| 18 | ov_018 | 4.4069013434454626 × 10^300 |
| 19 | ov_019 | 3.0810529137438776 × 10^300 |
| 20 | ov_020 | 2.0784704253192856 × 10^300 |
| 21 | ov_021 | 1.3429042821357634 × 10^300 |
| 22 | ov_022 | 8.231938022070091 × 10^299 |
| 23 | ov_023 | 4.73263013551578 × 10^299 |
| 24 | ov_024 | 2.5211782858670146 × 10^299 |
| 25 | ov_025 | 1.2384419281184287 × 10^299 |
| 26 | ov_026 | 5.760697195540381 × 10^298 |
| 27 | ov_027 | 2.764935336917221 × 10^298 |
| 28 | ov_028 | 1.329256761874411 × 10^298 |
| 29 | ov_029 | 5.466720578580514 × 10^297 |
| 30 | ov_030 | 1.8045212522071994 × 10^297 |
| 31 | ov_031 | 4.356135937949225 × 10^296 |
| 32 | lv_80_k31 | 1.0507812214344628 × 10^296 |
| 33 | ov_033 | 1.2585977115107797 × 10^297 |
| 34 | ov_034 | 1.0869398584542717 × 10^297 |
| 35 | ov_035 | 9.333218978220634 × 10^296 |
| 36 | ov_036 | 7.967791091982717 × 10^296 |
| 37 | ov_037 | 6.763998818671644 × 10^296 |
| 38 | ov_038 | 5.713217597120206 × 10^296 |
| 39 | ov_039 | 4.7995403140265735 × 10^296 |
| 40 | ov_040 | 4.007889618972747 × 10^296 |
| 41 | ov_041 | 3.3239709264000424 × 10^296 |
| 42 | ov_042 | 2.7342327175342334 × 10^296 |
| 43 | ov_043 | 2.2258334549500986 × 10^296 |
| 44 | ov_044 | 1.7866143644578152 × 10^296 |
| 45 | ov_045 | 1.4106636900104911 × 10^296 |
| 46 | ov_046 | 1.0923950746673724 × 10^296 |
| 47 | ov_047 | 8.265397327478165 × 10^295 |
| 48 | ov_048 | 6.081403391224395 × 10^295 |
| 49 | ov_049 | 4.325463730698467 × 10^295 |
| 50 | ov_050 | 2.954107094876643 × 10^295 |
| 51 | ov_051 | 1.9268724027007335 × 10^295 |
| 52 | ov_052 | 1.2062929864935054 × 10^295 |
| 53 | ov_053 | 7.263838225332173 × 10^294 |
| 54 | ov_054 | 4.271149079655429 × 10^294 |
| 55 | ov_055 | 2.5440650795386467 × 10^294 |
| 56 | ov_056 | 1.6012637571373036 × 10^294 |
| 57 | ov_057 | 1.0208801934047618 × 10^294 |
| 58 | ov_058 | 6.068446527931941 × 10^293 |
| 59 | ov_059 | 3.2943725590222107 × 10^293 |
| 60 | ov_060 | 1.589388705838119 × 10^293 |
| 61 | ov_061 | 6.56306020143657 × 10^292 |
| 62 | ov_062 | 2.1758487603484798 × 10^292 |
| 63 | ov_063 | 5.278969346063225 × 10^291 |
| 64 | lv_79_k31 | 1.2800836893686443 × 10^291 |
| 65 | ov_065 | 1.5010375568376852 × 10^292 |
| 66 | ov_066 | 1.5010338836748724 × 10^292 |
| 67 | ov_067 | 1.501032713667085 × 10^292 |
| 68 | ov_068 | 1.3045455156966025 × 10^292 |
| 69 | ov_069 | 1.1264806300793144 × 10^292 |
| 70 | ov_070 | 9.659381571296384 × 10^291 |
| 71 | ov_071 | 8.220663293961201 × 10^291 |
| 72 | ov_072 | 6.94057960437596 × 10^291 |
| 73 | ov_073 | 5.811473887134866 × 10^291 |
| 74 | ov_074 | 4.826078692070027 × 10^291 |
| 75 | ov_075 | 3.970941994442191 × 10^291 |
| 76 | ov_076 | 3.2332938288664254 × 10^291 |
| 77 | ov_077 | 2.601018601248516 × 10^291 |
| 78 | ov_078 | 2.062632679481551 × 10^291 |
| 79 | ov_079 | 1.6125497443237734 × 10^291 |
| 80 | ov_080 | 1.2405005317247521 × 10^291 |
| 81 | ov_081 | 9.368054239495662 × 10^290 |
| 82 | ov_082 | 6.923666035429831 × 10^290 |
| 83 | ov_083 | 4.986624173695209 × 10^290 |
| 84 | ov_084 | 3.4774346028599423 × 10^290 |
| 85 | ov_085 | 2.3222992867088417 × 10^290 |
| 86 | ov_086 | 1.4857405623041472 × 10^290 |
| 87 | ov_087 | 9.053041053944449 × 10^289 |
| 88 | ov_088 | 5.241918034641595 × 10^289 |
| 89 | ov_089 | 2.912548827884299 × 10^289 |
| 90 | ov_090 | 1.609890999789131 × 10^289 |
| 91 | ov_091 | 9.353159265597528 × 10^288 |
| 92 | ov_092 | 5.4658987258894015 × 10^288 |
| 93 | ov_093 | 2.8669298802511485 × 10^288 |
| 94 | ov_094 | 1.2743596446009797 × 10^288 |
| 95 | aaa_78_28 | 4.062993040060389 × 10^287 |
| 96 | aaa_78_29 | 1.5196723863139586 × 10^287 |
| 97 | ov_097 | 1.360428962556086 × 10^287 |
| 98 | ov_098 | 1.3604221858135417 × 10^287 |
| 99 | ov_099 | 1.3604200196158085 × 10^287 |
| 100 | ov_100 | 1.1690325749147506 × 10^287 |
| 101 | ov_101 | 9.98610764205373 × 10^286 |
| 102 | ov_102 | 8.475166696737087 × 10^286 |
| 103 | ov_103 | 7.142019458795388 × 10^286 |
| 104 | ov_104 | 5.972011671341601 × 10^286 |
| 105 | ov_105 | 4.951260604949949 × 10^286 |
| 106 | ov_106 | 4.0666054225963023 × 10^286 |
| 107 | ov_107 | 3.305564802731103 × 10^286 |
| 108 | ov_108 | 2.6563010859934144 × 10^286 |
| 109 | ov_109 | 2.107590251846492 × 10^286 |
| 110 | ov_110 | 1.6487970708882693 × 10^286 |
| 111 | ov_111 | 1.2698548170236423 × 10^286 |
| 112 | ov_112 | 9.612489613046441 × 10^285 |
| 113 | ov_113 | 7.140043062436471 × 10^285 |
| 114 | ov_114 | 5.196750559465211 × 10^285 |
| 115 | ov_115 | 3.703373536288092 × 10^285 |
| 116 | ov_116 | 2.58583854072813 × 10^285 |
| 117 | ov_117 | 1.7751993443757343 × 10^285 |
| 118 | ov_118 | 1.207611826038069 × 10^285 |
| 119 | ov_119 | 8.243183795922756 × 10^284 |
| 120 | ov_120 | 5.716389522797758 × 10^284 |
| 121 | ov_121 | 4.0096617631640374 × 10^284 |
| 122 | ov_122 | 2.687626191113365 × 10^284 |
| 123 | ov_123 | 1.6996114381066864 × 10^284 |
| 124 | ov_124 | 9.949522162401062 × 10^283 |
| 125 | ov_125 | 5.229862407614748 × 10^283 |
| 126 | ov_126 | 2.330524593023719 × 10^283 |
| 127 | aaa_77_28 | 7.449021347509751 × 10^282 |
| 128 | aaa_77_29 | 2.7954595409695035 × 10^282 |
| 129 | ov_129 | 2.5310868047114946 × 10^282 |
| 130 | ov_130 | 2.5310806793554425 × 10^282 |
| 131 | ov_131 | 2.5310787090237444 × 10^282 |
| 132 | ov_132 | 2.1949732752976783 × 10^282 |
| 133 | ov_133 | 1.8908772201295766 × 10^282 |
| 134 | ov_134 | 1.6173098583501088 × 10^282 |
| 135 | ov_135 | 1.3728751505858804 × 10^282 |
| 136 | ov_136 | 1.1562553772482488 × 10^282 |
| 137 | ov_137 | 9.662055274952371 × 10^281 |
| 138 | ov_138 | 8.004345816998601 × 10^281 |
| 139 | ov_139 | 6.567747306190134 × 10^281 |
| 140 | ov_140 | 5.3317450312991424 × 10^281 |
| 141 | ov_141 | 4.2769296505450614 × 10^281 |
| 142 | ov_142 | 3.384948920869829 × 10^281 |
| 143 | ov_143 | 2.638468026728945 × 10^281 |
| 144 | ov_144 | 2.021137361288558 × 10^281 |
| 145 | ov_145 | 1.5175667454350561 × 10^281 |
| 146 | ov_146 | 1.1133052597248229 × 10^281 |
| 147 | ov_147 | 7.948259382369343 × 10^280 |
| 148 | ov_148 | 5.495145313794478 × 10^280 |
| 149 | ov_149 | 3.656615604199313 × 10^280 |
| 150 | ov_150 | 2.324569599166039 × 10^280 |
| 151 | ov_151 | 1.3998667758438397 × 10^280 |
| 152 | ov_152 | 7.923067445549056 × 10^279 |
| 153 | ov_153 | 4.206184149695881 × 10^279 |
| 154 | ov_154 | 2.1245438635974522 × 10^279 |
| 155 | ov_155 | 1.043879102049462 × 10^279 |
| 156 | aaa_76_25 | 4.191123209028024 × 10^278 |
| 157 | aaa_76_26 | 2.580450470816816 × 10^278 |
| 158 | aaa_76_27 | 1.4156468409203464 × 10^278 |
| 159 | aaa_76_28 | 6.676061181186851 × 10^277 |
| 160 | aaa_76_29 | 2.5157780043588463 × 10^277 |

### Output Bits Sorted by Complexity

| Rank | Output Bit | Complexity |
|:----:|:----------:|:----------:|
| 160 | aaa_76_29 | 2.5157780043588463 × 10^277 |
| 159 | aaa_76_28 | 6.676061181186851 × 10^277 |
| 158 | aaa_76_27 | 1.4156468409203464 × 10^278 |
| 157 | aaa_76_26 | 2.580450470816816 × 10^278 |
| 156 | aaa_76_25 | 4.191123209028024 × 10^278 |
| 155 | ov_155 | 1.043879102049462 × 10^279 |
| 154 | ov_154 | 2.1245438635974522 × 10^279 |
| 153 | ov_153 | 4.206184149695881 × 10^279 |
| 152 | ov_152 | 7.923067445549056 × 10^279 |
| 151 | ov_151 | 1.3998667758438397 × 10^280 |
| 150 | ov_150 | 2.324569599166039 × 10^280 |
| 149 | ov_149 | 3.656615604199313 × 10^280 |
| 148 | ov_148 | 5.495145313794478 × 10^280 |
| 147 | ov_147 | 7.948259382369343 × 10^280 |
| 146 | ov_146 | 1.1133052597248229 × 10^281 |
| 145 | ov_145 | 1.5175667454350561 × 10^281 |
| 144 | ov_144 | 2.021137361288558 × 10^281 |
| 143 | ov_143 | 2.638468026728945 × 10^281 |
| 142 | ov_142 | 3.384948920869829 × 10^281 |
| 141 | ov_141 | 4.2769296505450614 × 10^281 |
| 140 | ov_140 | 5.3317450312991424 × 10^281 |
| 139 | ov_139 | 6.567747306190134 × 10^281 |
| 138 | ov_138 | 8.004345816998601 × 10^281 |
| 137 | ov_137 | 9.662055274952371 × 10^281 |
| 136 | ov_136 | 1.1562553772482488 × 10^282 |
| 135 | ov_135 | 1.3728751505858804 × 10^282 |
| 134 | ov_134 | 1.6173098583501088 × 10^282 |
| 133 | ov_133 | 1.8908772201295766 × 10^282 |
| 132 | ov_132 | 2.1949732752976783 × 10^282 |
| 131 | ov_131 | 2.5310787090237444 × 10^282 |
| 130 | ov_130 | 2.5310806793554425 × 10^282 |
| 129 | ov_129 | 2.5310868047114946 × 10^282 |
| 128 | aaa_77_29 | 2.7954595409695035 × 10^282 |
| 127 | aaa_77_28 | 7.449021347509751 × 10^282 |
| 126 | ov_126 | 2.330524593023719 × 10^283 |
| 125 | ov_125 | 5.229862407614748 × 10^283 |
| 124 | ov_124 | 9.949522162401062 × 10^283 |
| 123 | ov_123 | 1.6996114381066864 × 10^284 |
| 122 | ov_122 | 2.687626191113365 × 10^284 |
| 121 | ov_121 | 4.0096617631640374 × 10^284 |
| 120 | ov_120 | 5.716389522797758 × 10^284 |
| 119 | ov_119 | 8.243183795922756 × 10^284 |
| 118 | ov_118 | 1.207611826038069 × 10^285 |
| 117 | ov_117 | 1.7751993443757343 × 10^285 |
| 116 | ov_116 | 2.58583854072813 × 10^285 |
| 115 | ov_115 | 3.703373536288092 × 10^285 |
| 114 | ov_114 | 5.196750559465211 × 10^285 |
| 113 | ov_113 | 7.140043062436471 × 10^285 |
| 112 | ov_112 | 9.612489613046441 × 10^285 |
| 111 | ov_111 | 1.2698548170236423 × 10^286 |
| 110 | ov_110 | 1.6487970708882693 × 10^286 |
| 109 | ov_109 | 2.107590251846492 × 10^286 |
| 108 | ov_108 | 2.6563010859934144 × 10^286 |
| 107 | ov_107 | 3.305564802731103 × 10^286 |
| 106 | ov_106 | 4.0666054225963023 × 10^286 |
| 105 | ov_105 | 4.951260604949949 × 10^286 |
| 104 | ov_104 | 5.972011671341601 × 10^286 |
| 103 | ov_103 | 7.142019458795388 × 10^286 |
| 102 | ov_102 | 8.475166696737087 × 10^286 |
| 101 | ov_101 | 9.98610764205373 × 10^286 |
| 100 | ov_100 | 1.1690325749147506 × 10^287 |
| 99 | ov_099 | 1.3604200196158085 × 10^287 |
| 98 | ov_098 | 1.3604221858135417 × 10^287 |
| 97 | ov_097 | 1.360428962556086 × 10^287 |
| 96 | aaa_78_29 | 1.5196723863139586 × 10^287 |
| 95 | aaa_78_28 | 4.062993040060389 × 10^287 |
| 94 | ov_094 | 1.2743596446009797 × 10^288 |
| 93 | ov_093 | 2.8669298802511485 × 10^288 |
| 92 | ov_092 | 5.4658987258894015 × 10^288 |
| 91 | ov_091 | 9.353159265597528 × 10^288 |
| 90 | ov_090 | 1.609890999789131 × 10^289 |
| 89 | ov_089 | 2.912548827884299 × 10^289 |
| 88 | ov_088 | 5.241918034641595 × 10^289 |
| 87 | ov_087 | 9.053041053944449 × 10^289 |
| 86 | ov_086 | 1.4857405623041472 × 10^290 |
| 85 | ov_085 | 2.3222992867088417 × 10^290 |
| 84 | ov_084 | 3.4774346028599423 × 10^290 |
| 83 | ov_083 | 4.986624173695209 × 10^290 |
| 82 | ov_082 | 6.923666035429831 × 10^290 |
| 81 | ov_081 | 9.368054239495662 × 10^290 |
| 80 | ov_080 | 1.2405005317247521 × 10^291 |
| 64 | lv_79_k31 | 1.2800836893686443 × 10^291 |
| 79 | ov_079 | 1.6125497443237734 × 10^291 |
| 78 | ov_078 | 2.062632679481551 × 10^291 |
| 77 | ov_077 | 2.601018601248516 × 10^291 |
| 76 | ov_076 | 3.2332938288664254 × 10^291 |
| 75 | ov_075 | 3.970941994442191 × 10^291 |
| 74 | ov_074 | 4.826078692070027 × 10^291 |
| 63 | ov_063 | 5.278969346063225 × 10^291 |
| 73 | ov_073 | 5.811473887134866 × 10^291 |
| 72 | ov_072 | 6.94057960437596 × 10^291 |
| 71 | ov_071 | 8.220663293961201 × 10^291 |
| 70 | ov_070 | 9.659381571296384 × 10^291 |
| 69 | ov_069 | 1.1264806300793144 × 10^292 |
| 68 | ov_068 | 1.3045455156966025 × 10^292 |
| 67 | ov_067 | 1.501032713667085 × 10^292 |
| 66 | ov_066 | 1.5010338836748724 × 10^292 |
| 65 | ov_065 | 1.5010375568376852 × 10^292 |
| 62 | ov_062 | 2.1758487603484798 × 10^292 |
| 61 | ov_061 | 6.56306020143657 × 10^292 |
| 60 | ov_060 | 1.589388705838119 × 10^293 |
| 59 | ov_059 | 3.2943725590222107 × 10^293 |
| 58 | ov_058 | 6.068446527931941 × 10^293 |
| 57 | ov_057 | 1.0208801934047618 × 10^294 |
| 56 | ov_056 | 1.6012637571373036 × 10^294 |
| 55 | ov_055 | 2.5440650795386467 × 10^294 |
| 54 | ov_054 | 4.271149079655429 × 10^294 |
| 53 | ov_053 | 7.263838225332173 × 10^294 |
| 52 | ov_052 | 1.2062929864935054 × 10^295 |
| 51 | ov_051 | 1.9268724027007335 × 10^295 |
| 50 | ov_050 | 2.954107094876643 × 10^295 |
| 49 | ov_049 | 4.325463730698467 × 10^295 |
| 48 | ov_048 | 6.081403391224395 × 10^295 |
| 47 | ov_047 | 8.265397327478165 × 10^295 |
| 32 | lv_80_k31 | 1.0507812214344628 × 10^296 |
| 46 | ov_046 | 1.0923950746673724 × 10^296 |
| 45 | ov_045 | 1.4106636900104911 × 10^296 |
| 44 | ov_044 | 1.7866143644578152 × 10^296 |
| 43 | ov_043 | 2.2258334549500986 × 10^296 |
| 42 | ov_042 | 2.7342327175342334 × 10^296 |
| 41 | ov_041 | 3.3239709264000424 × 10^296 |
| 40 | ov_040 | 4.007889618972747 × 10^296 |
| 31 | ov_031 | 4.356135937949225 × 10^296 |
| 39 | ov_039 | 4.7995403140265735 × 10^296 |
| 38 | ov_038 | 5.713217597120206 × 10^296 |
| 37 | ov_037 | 6.763998818671644 × 10^296 |
| 36 | ov_036 | 7.967791091982717 × 10^296 |
| 35 | ov_035 | 9.333218978220634 × 10^296 |
| 34 | ov_034 | 1.0869398584542717 × 10^297 |
| 33 | ov_033 | 1.2585977115107797 × 10^297 |
| 30 | ov_030 | 1.8045212522071994 × 10^297 |
| 29 | ov_029 | 5.466720578580514 × 10^297 |
| 28 | ov_028 | 1.329256761874411 × 10^298 |
| 27 | ov_027 | 2.764935336917221 × 10^298 |
| 26 | ov_026 | 5.760697195540381 × 10^298 |
| 25 | ov_025 | 1.2384419281184287 × 10^299 |
| 24 | ov_024 | 2.5211782858670146 × 10^299 |
| 23 | ov_023 | 4.73263013551578 × 10^299 |
| 22 | ov_022 | 8.231938022070091 × 10^299 |
| 21 | ov_021 | 1.3429042821357634 × 10^300 |
| 20 | ov_020 | 2.0784704253192856 × 10^300 |
| 19 | ov_019 | 3.0810529137438776 × 10^300 |
| 18 | ov_018 | 4.4069013434454626 × 10^300 |
| 17 | ov_017 | 6.117360935990264 × 10^300 |
| 16 | ov_016 | 8.278884122280156 × 10^300 |
| 15 | ov_015 | 1.0963050445158897 × 10^301 |
| 14 | ov_014 | 1.4246598869401717 × 10^301 |
| 13 | ov_013 | 1.8211477063618973 × 10^301 |
| 12 | ov_012 | 2.2944912350059173 × 10^301 |
| 11 | ov_011 | 2.8539508430848113 × 10^301 |
| 10 | ov_010 | 3.5093371323133826 × 10^301 |
| 9 | ov_009 | 4.271026786089479 × 10^301 |
| 8 | ov_008 | 5.149982036312211 × 10^301 |
| 7 | ov_007 | 6.157774131240954 × 10^301 |
| 6 | ov_006 | 7.300670139393514 × 10^301 |
| 5 | ov_005 | 8.585280751975336 × 10^301 |
| 4 | ov_004 | 1.0018580740950566 × 10^302 |
| 3 | ov_003 | 1.1607932677562073 × 10^302 |
| 2 | ov_002 | 1.3361114425237379 × 10^302 |
| 1 | ov_001 | 1.5286350949275456 × 10^302 |

