# Results for F001-F002-F003-F004-F005-F006-F007-F008-F009-F010-F011-F012-F013-F014-F015-F016-F017-F018-F019-F020-F021-F022-F023-F024-F025-F026-F027-F028-F029-F030-F031-F032-F033-F034-F035-F036-F037-F038-F039-F040-F041-F042-F043-F044-F045-F046-F047-F048-F049-F050-F051-F052-F053-F054-F055-F056-F057-F058-F059-F060-F061-F062-F063-F064-F065-F066-F067-F068-F069-F070-F071-F072-F073-F074-F075-F076-F077-F078-F079-F080-F081-F082-F083-F084-F085-F086-F087-F088-F089-F090-F091-F092-F093-F094-F095-F096-F097-F098-F099-F100-F101-F102-F103-F104-F105-F106-F107-F108-F109-F110-F111-F112-F113-F114-F115-F116-F117-F118-F119-F120-F121-F122-F123-F124-F125-F126-F127-F128-F129-F130-F131-F132-F133-F134-F135-F136-F137-F138-F139-F140-F141-F142-F143-F144-F145-F146-F147-F148-F149-F150-F151-F152-F153-F154-F155-F156-F157-F158-F159-F160-F161-F162-F163-F164-F165-F166-F167-F168-F169-F170-F171-F172-F173-F174-F175-F176-F177-F178-F179-F180-F181-F182-F183-F184-F185-F186-F187-F188-F189-F190-F191-F192-F193-F194-F195-F196-F197-F198-F199-F200-F201-F202-F203-F204-F205-F206-F207-F208-F209-F210-F211-F212-F213-F214-F215-F216-F217-F218-F219-F220-F221-F222-F223-F224-F225-F226-F227-F228-F229-F230-F231-F232-F233-F234-F235-F236-F237-F238-F239-F240-F241-F242-F243-F244-F245-F246-F247-F248-F249-F250-F251-F252-F253-F254-F255-F256-F257-F258-F259-F260-F261-F262-F263-F264-F265-F266-F267-F268-F269-F270-F271-F272-F273-F274-F275-F276-F277-F278-F279-F280-F281-F282-F283-F284-F285-F286-F287-F288-F289-F290-F291-F292-F293-F294-F295-F296-F297-F298-F299-F300-F301-F302-F303-F304-F305-F306-F307-F308-F309-F310-F311-F312-F313-F314-F315-F316-F317-F318-F319-F320-F321-F322-F323-F324-F325-F326-F327-F328-F329-F330-F331-F332-F333-F334-F335-F336-F337-F338-F339-F340-F341-F342-F343-F344-F345-F346-F347-F348-F349-F350-F351-F352-F353-F354-F355-F356-F357-F358-F359-F360-F361-F362-F363-F364-F365-F366-F367-F368-F369-F370-F371-F372-F373-F374-F375-F376-F377-F378-F379-F380-F381-F382-F383-F384-F385-F386-F387-F388-F389-F390-F391-F392-F393-F394-F395-F396-F397-F398-F399-F400-F401-F402-F403-F404-F405-F406-F407-F408-F409-F410-F411-F412-F413-F414-F415-F416-F417-F418-F419-F420-F421-F422-F423-F424-F425-F426-F427-F428-F429-F430-F431-F432-F433-F434-F435-F436-F437-F438-F439-F440-F441-F442-F443-F444-F445-F446-F447-F448-F449-F450-F451-F452-F453-F454-F455-F456-F457-F458-F459-F460-F461-F462-F463-F464-F465-F466-F467-F468-F469-F470-F471-F472-F473-F474-F475-F476-F477-F478-F479-F480-F481-F482-F483-F484-F485-F486-F487-F488-F489-F490-F491-F492-F493-F494-F495-F496-F497-F498-F499-F500-F501-F502-F503-F504-E505506-E505508-E507509

## Summary

Number of input bits: 512  
Number of free input bits: 5  
Number of output bits: 160

Number of direct occurrences: 21293  
Number of assignments: 30536  
Number of operations: 10905494
(xor: 10875300,
and: 17381,
or: 12813)

Total complexity: 9.52877515456013 × 10^296

Least occurring input variable: iv_511 (4112)  
Most occurring input variable: iv_505 (4412)

Most co-occurring input variables: iv_505-iv_510 (2040)  
Least co-occurring input variables: iv_505-iv_511 (1925)

Potentially most occurring input variable: iv_505/iv_507 (4692)  
Potentially least occurring input variable: iv_511/iv_512 (4322)

Least output occurring input variable: iv_505 (65)  
Most output occurring input variable: iv_510 (79)

Most output co-occurring input variables: iv_510-iv_512 (42)  
Least output co-occurring input variables: iv_505-iv_511 (30)

Potentially most output occurring input variable: iv_507/iv_512 (88)  
Potentially least output occurring input variable: iv_505/iv_507 (67)

Least complex input bit: iv_511 (1.1132498570450173 × 10^296)  
Most complex input bit: iv_510 (2.940711457280372 × 10^296)

Least complex output bit: aaa_76_29 (1.533938403636551 × 10^272)  
Most complex output bit: ov_001 (1.476234767979499 × 10^296)

Least complex input/output complexity: iv_511/aaa_76_29 (1.792105156082967 × 10^271)  
Most complex input/output complexity: iv_510/ov_001 (4.55586413302596 × 10^295)

Input variable with highest collision probability: iv_511 (½^160.00000000000063)

## Input Bits

### Input Bits in Regular Order

| Input Bit | Complexity | Occurrences | Output Occurrences | Collision Probability |
|:---------:|:----------:|:-----------:|:------------------:|:---------------------:|
| iv_505 | 1.7508487617985883 × 10^296 | 4412 | 65 | ½^160.00000000000077 |
| iv_507 | 2.410644199563542 × 10^296 | 4324 | 78 | ½^160.0000000000009 |
| iv_510 | 2.940711457280372 × 10^296 | 4171 | 79 | ½^160.0000000000008 |
| iv_511 | 1.1132498570450173 × 10^296 | 4112 | 74 | ½^160.00000000000063 |
| iv_512 | 1.3133208788726208 × 10^296 | 4274 | 78 | ½^160.00000000000074 |

### Input Bits Sorted by Complexity

| Input Bit | Complexity | Occurrences | Output Occurrences | Collision Probability |
|:---------:|:----------:|:-----------:|:------------------:|:---------------------:|
| iv_511 | 1.1132498570450173 × 10^296 | 4112 | 74 | ½^160.00000000000063 |
| iv_512 | 1.3133208788726208 × 10^296 | 4274 | 78 | ½^160.00000000000074 |
| iv_505 | 1.7508487617985883 × 10^296 | 4412 | 65 | ½^160.00000000000077 |
| iv_507 | 2.410644199563542 × 10^296 | 4324 | 78 | ½^160.0000000000009 |
| iv_510 | 2.940711457280372 × 10^296 | 4171 | 79 | ½^160.0000000000008 |

### Input Bits Sorted by Occurrences

| Input Bit | Complexity | Occurrences | Output Occurrences | Collision Probability |
|:---------:|:----------:|:-----------:|:------------------:|:---------------------:|
| iv_511 | 1.1132498570450173 × 10^296 | 4112 | 74 | ½^160.00000000000063 |
| iv_510 | 2.940711457280372 × 10^296 | 4171 | 79 | ½^160.0000000000008 |
| iv_512 | 1.3133208788726208 × 10^296 | 4274 | 78 | ½^160.00000000000074 |
| iv_507 | 2.410644199563542 × 10^296 | 4324 | 78 | ½^160.0000000000009 |
| iv_505 | 1.7508487617985883 × 10^296 | 4412 | 65 | ½^160.00000000000077 |

### Input Bits Sorted by Output Occurrences

| Input Bit | Complexity | Occurrences | Output Occurrences | Collision Probability |
|:---------:|:----------:|:-----------:|:------------------:|:---------------------:|
| iv_505 | 1.7508487617985883 × 10^296 | 4412 | 65 | ½^160.00000000000077 |
| iv_511 | 1.1132498570450173 × 10^296 | 4112 | 74 | ½^160.00000000000063 |
| iv_507 | 2.410644199563542 × 10^296 | 4324 | 78 | ½^160.0000000000009 |
| iv_512 | 1.3133208788726208 × 10^296 | 4274 | 78 | ½^160.00000000000074 |
| iv_510 | 2.940711457280372 × 10^296 | 4171 | 79 | ½^160.0000000000008 |

### Input Bits Sorted by Collision Probability

| Input Bit | Complexity | Occurrences | Output Occurrences | Collision Probability |
|:---------:|:----------:|:-----------:|:------------------:|:---------------------:|
| iv_511 | 1.1132498570450173 × 10^296 | 4112 | 74 | ½^160.00000000000063 |
| iv_512 | 1.3133208788726208 × 10^296 | 4274 | 78 | ½^160.00000000000074 |
| iv_505 | 1.7508487617985883 × 10^296 | 4412 | 65 | ½^160.00000000000077 |
| iv_510 | 2.940711457280372 × 10^296 | 4171 | 79 | ½^160.0000000000008 |
| iv_507 | 2.410644199563542 × 10^296 | 4324 | 78 | ½^160.0000000000009 |

## Input Bit/Output Bit Collision Probabilities

| Input Bit | Output Bit | Collision Probability |
|:---------:|:----------:|:---------------------:|
| iv_511 | ov_056 | 0.5000000000000018 |
| iv_511 | ov_061 | 0.5000000000000018 |
| iv_511 | aaa_78_28 | 0.5000000000000018 |
| iv_511 | ov_118 | 0.5000000000000018 |
| iv_511 | ov_144 | 0.5000000000000018 |

## Input Bit Co-occurrences

### Input Bit Co-occurrences Sorted by Co-occurrences

| Input Bits | Co-occurrences | Potential Occurrences | Output Co-occurrences | Potential Output Occurrences |
|:----------:|:--------------:|:---------------------:|:---------------------:|:----------------------------:|
| iv_505-iv_510 | 2040 | 4503 | 34 | 76 |
| iv_511-iv_512 | 2032 | 4322 | 39 | 74 |
| iv_505-iv_507 | 2022 | 4692 | 38 | 67 |
| iv_505-iv_512 | 2022 | 4642 | 36 | 71 |
| iv_507-iv_511 | 1999 | 4438 | 33 | 86 |

### Input Bit Co-occurrences Sorted by Potential Occurrences

| Input Bits | Co-occurrences | Potential Occurrences | Output Co-occurrences | Potential Output Occurrences |
|:----------:|:--------------:|:---------------------:|:---------------------:|:----------------------------:|
| iv_511-iv_512 | 2032 | 4322 | 39 | 74 |
| iv_510-iv_511 | 1952 | 4379 | 38 | 77 |
| iv_507-iv_511 | 1999 | 4438 | 33 | 86 |
| iv_510-iv_512 | 1995 | 4455 | 42 | 73 |
| iv_505-iv_510 | 2040 | 4503 | 34 | 76 |

### Input Bit Output Co-occurrences Sorted by Output Co-occurrences

| Input Bits | Co-occurrences | Potential Occurrences | Output Co-occurrences | Potential Output Occurrences |
|:----------:|:--------------:|:---------------------:|:---------------------:|:----------------------------:|
| iv_510-iv_512 | 1995 | 4455 | 42 | 73 |
| iv_511-iv_512 | 2032 | 4322 | 39 | 74 |
| iv_507-iv_510 | 1940 | 4615 | 38 | 81 |
| iv_510-iv_511 | 1952 | 4379 | 38 | 77 |
| iv_505-iv_507 | 2022 | 4692 | 38 | 67 |

### Input Bit Output Co-occurrences Sorted by Potential Output Occurrences

| Input Bits | Co-occurrences | Potential Occurrences | Output Co-occurrences | Potential Output Occurrences |
|:----------:|:--------------:|:---------------------:|:---------------------:|:----------------------------:|
| iv_505-iv_507 | 2022 | 4692 | 38 | 67 |
| iv_505-iv_512 | 2022 | 4642 | 36 | 71 |
| iv_510-iv_512 | 1995 | 4455 | 42 | 73 |
| iv_511-iv_512 | 2032 | 4322 | 39 | 74 |
| iv_505-iv_510 | 2040 | 4503 | 34 | 76 |

## Output Bits

### Output Bits in Regular Order

| Rank | Output Bit | Complexity |
|:----:|:----------:|:----------:|
| 1 | ov_001 | 1.476234767979499 × 10^296 |
| 2 | ov_002 | 1.2921446940776468 × 10^296 |
| 3 | ov_003 | 1.1244447931862844 × 10^296 |
| 4 | ov_004 | 9.723549436368116 × 10^295 |
| 5 | ov_005 | 8.351377689761441 × 10^295 |
| 6 | ov_006 | 7.120955907079386 × 10^295 |
| 7 | ov_007 | 6.025677838756092 × 10^295 |
| 8 | ov_008 | 5.059284898731008 × 10^295 |
| 9 | ov_009 | 4.2102267102356247 × 10^295 |
| 10 | ov_010 | 3.472883550696628 × 10^295 |
| 11 | ov_011 | 2.836892480049921 × 10^295 |
| 12 | ov_012 | 2.292447807237771 × 10^295 |
| 13 | ov_013 | 1.8302819433503575 × 10^295 |
| 14 | ov_014 | 1.4416497209103723 × 10^295 |
| 15 | ov_015 | 1.1183158773535542 × 10^295 |
| 16 | ov_016 | 8.525453922142594 × 10^294 |
| 17 | ov_017 | 6.370963035117272 × 10^294 |
| 18 | ov_018 | 4.6521457220533714 × 10^294 |
| 19 | ov_019 | 3.3063057218587364 × 10^294 |
| 20 | ov_020 | 2.2755682321427838 × 10^294 |
| 21 | ov_021 | 1.506866241281262 × 10^294 |
| 22 | ov_022 | 9.519328352604804 × 10^293 |
| 23 | ov_023 | 5.672969646783988 × 10^293 |
| 24 | ov_024 | 3.1428096408684887 × 10^293 |
| 25 | ov_025 | 1.5899900207712025 × 10^293 |
| 26 | ov_026 | 7.235614991139081 × 10^292 |
| 27 | ov_027 | 3.004788074081215 × 10^292 |
| 28 | ov_028 | 1.2559836797799128 × 10^292 |
| 29 | ov_029 | 5.167740285001822 × 10^291 |
| 30 | ov_030 | 1.706966914008046 × 10^291 |
| 31 | ov_031 | 4.125218533320812 × 10^290 |
| 32 | lv_80_m31 | 9.966390258707411 × 10^289 |
| 33 | ov_033 | 1.202773901049302 × 10^291 |
| 34 | ov_034 | 1.041051309541438 × 10^291 |
| 35 | ov_035 | 8.961912490573259 × 10^290 |
| 36 | ov_036 | 7.67380331846811 × 10^290 |
| 37 | ov_037 | 6.5385018630604324 × 10^290 |
| 38 | ov_038 | 5.541862837086753 × 10^290 |
| 39 | ov_039 | 4.6704918981855965 × 10^290 |
| 40 | ov_040 | 3.911698759902761 × 10^290 |
| 41 | ov_041 | 3.253457068033335 × 10^290 |
| 42 | ov_042 | 2.684370483327018 × 10^290 |
| 43 | ov_043 | 2.193644315117035 × 10^290 |
| 44 | ov_044 | 1.7710620484303805 × 10^290 |
| 45 | ov_045 | 1.4069661500764272 × 10^290 |
| 46 | ov_046 | 1.096665448557414 × 10^290 |
| 47 | ov_047 | 8.357370759295384 × 10^289 |
| 48 | ov_048 | 6.200210392928718 × 10^289 |
| 49 | ov_049 | 4.456160130599009 × 10^289 |
| 50 | ov_050 | 3.088761573546501 × 10^289 |
| 51 | ov_051 | 2.0640881028671452 × 10^289 |
| 52 | ov_052 | 1.3218236821732526 × 10^289 |
| 53 | ov_053 | 8.066569057836315 × 10^288 |
| 54 | ov_054 | 4.682711611740133 × 10^288 |
| 55 | ov_055 | 2.6133928988567356 × 10^288 |
| 56 | ov_056 | 1.455208145682022 × 10^288 |
| 57 | ov_057 | 8.546043718883786 × 10^287 |
| 58 | ov_058 | 5.078718067553241 × 10^287 |
| 59 | ov_059 | 2.756155908892136 × 10^287 |
| 60 | ov_060 | 1.3291785065844903 × 10^287 |
| 61 | ov_061 | 5.48609175400842 × 10^286 |
| 62 | ov_062 | 1.8179645634231714 × 10^286 |
| 63 | ov_063 | 4.408453403619243 × 10^285 |
| 64 | lv_79_m31 | 1.0684520418914346 × 10^285 |
| 65 | ov_065 | 1.269976290517705 × 10^286 |
| 66 | ov_066 | 1.269973109325683 × 10^286 |
| 67 | ov_067 | 1.2699720783893514 × 10^286 |
| 68 | ov_068 | 1.104725136151891 × 10^286 |
| 69 | ov_069 | 9.552636593374561 × 10^285 |
| 70 | ov_070 | 8.207643016012901 × 10^285 |
| 71 | ov_071 | 7.004545741987961 × 10^285 |
| 72 | ov_072 | 5.936093698730391 × 10^285 |
| 73 | ov_073 | 4.995477880332197 × 10^285 |
| 74 | ov_074 | 4.1702936062888934 × 10^285 |
| 75 | ov_075 | 3.448886533147609 × 10^285 |
| 76 | ov_076 | 2.8203078080557543 × 10^285 |
| 77 | ov_077 | 2.2792540734765172 × 10^285 |
| 78 | ov_078 | 1.8207451729473776 × 10^285 |
| 79 | ov_079 | 1.435725232088264 × 10^285 |
| 80 | ov_080 | 1.1157087184530492 × 10^285 |
| 81 | ov_081 | 8.527563785319458 × 10^284 |
| 82 | ov_082 | 6.394545408447118 × 10^284 |
| 83 | ov_083 | 4.688975263481955 × 10^284 |
| 84 | ov_084 | 3.346729082278417 × 10^284 |
| 85 | ov_085 | 2.3084936365167982 × 10^284 |
| 86 | ov_086 | 1.5196686035101698 × 10^284 |
| 87 | ov_087 | 9.541211604921596 × 10^283 |
| 88 | ov_088 | 5.664629382688441 × 10^283 |
| 89 | ov_089 | 3.158384659469086 × 10^283 |
| 90 | ov_090 | 1.6589473838914089 × 10^283 |
| 91 | ov_091 | 8.476128838080784 × 10^282 |
| 92 | ov_092 | 4.503821688394587 × 10^282 |
| 93 | ov_093 | 2.3789760781636458 × 10^282 |
| 94 | ov_094 | 1.0663542183613692 × 10^282 |
| 95 | aaa_78_28 | 3.429696621020962 × 10^281 |
| 96 | aaa_78_29 | 1.2994868939599282 × 10^281 |
| 97 | ov_097 | 1.415403223440465 × 10^281 |
| 98 | ov_098 | 1.41536044305304 × 10^281 |
| 99 | ov_099 | 1.415346780331397 × 10^281 |
| 100 | ov_100 | 1.2737765771335598 × 10^281 |
| 101 | ov_101 | 1.1426458047588466 × 10^281 |
| 102 | ov_102 | 1.0213803903013197 × 10^281 |
| 103 | ov_103 | 9.094484547314048 × 10^280 |
| 104 | ov_104 | 8.063548214674015 × 10^280 |
| 105 | ov_105 | 7.116360270766112 × 10^280 |
| 106 | ov_106 | 6.248558067535458 × 10^280 |
| 107 | ov_107 | 5.456010284368914 × 10^280 |
| 108 | ov_108 | 4.734780504416511 × 10^280 |
| 109 | ov_109 | 4.0810947831963815 × 10^280 |
| 110 | ov_110 | 3.491312973380273 × 10^280 |
| 111 | ov_111 | 2.9619035750005282 × 10^280 |
| 112 | ov_112 | 2.4894218844385915 × 10^280 |
| 113 | ov_113 | 2.0704912186532163 × 10^280 |
| 114 | ov_114 | 1.701786993363123 × 10^280 |
| 115 | ov_115 | 1.3800234354716406 × 10^280 |
| 116 | ov_116 | 1.1019427110659127 × 10^280 |
| 117 | ov_117 | 8.643062509821984 × 10^279 |
| 118 | ov_118 | 6.638880563229239 × 10^279 |
| 119 | ov_119 | 4.974697665251746 × 10^279 |
| 120 | ov_120 | 3.6183727267922916 × 10^279 |
| 121 | ov_121 | 2.5377865884202552 × 10^279 |
| 122 | ov_122 | 1.7008315600020494 × 10^279 |
| 123 | ov_123 | 1.0754065142191182 × 10^279 |
| 124 | ov_124 | 6.294140297599712 × 10^278 |
| 125 | ov_125 | 3.307585160440398 × 10^278 |
| 126 | ov_126 | 1.4734513392289252 × 10^278 |
| 127 | aaa_77_28 | 4.707928452494334 × 10^277 |
| 128 | aaa_77_29 | 1.7657895026673901 × 10^277 |
| 129 | ov_129 | 1.6196124107721512 × 10^277 |
| 130 | ov_130 | 1.6196086752268182 × 10^277 |
| 131 | ov_131 | 1.6196074732988588 × 10^277 |
| 132 | ov_132 | 1.4062505178600966 × 10^277 |
| 133 | ov_133 | 1.2133863868983291 × 10^277 |
| 134 | ov_134 | 1.040107389874945 × 10^277 |
| 135 | ov_135 | 8.855579485187876 × 10^276 |
| 136 | ov_136 | 7.489307320758201 × 10^276 |
| 137 | ov_137 | 6.287425077425556 × 10^276 |
| 138 | ov_138 | 5.235909949574944 × 10^276 |
| 139 | ov_139 | 4.3214995181275745 × 10^276 |
| 140 | ov_140 | 3.531649580450109 × 10^276 |
| 141 | ov_141 | 2.854498334477454 × 10^276 |
| 142 | ov_142 | 2.278836195659161 × 10^276 |
| 143 | ov_143 | 1.794080559721993 × 10^276 |
| 144 | ov_144 | 1.390254985965702 × 10^276 |
| 145 | ov_145 | 1.0579723944418018 × 10^276 |
| 146 | ov_146 | 7.884218348645921 × 10^275 |
| 147 | ov_147 | 5.733583150488589 × 10^275 |
| 148 | ov_148 | 4.05095183343606 × 10^275 |
| 149 | ov_149 | 2.7649860317820867 × 10^275 |
| 150 | ov_150 | 1.809837014316439 × 10^275 |
| 151 | ov_151 | 1.125120159000275 × 10^275 |
| 152 | ov_152 | 6.558991068501216 × 10^274 |
| 153 | ov_153 | 3.5267671862612017 × 10^274 |
| 154 | ov_154 | 1.713903932309035 × 10^274 |
| 155 | ov_155 | 7.340980553122218 × 10^273 |
| 156 | aaa_76_25 | 2.553584718871923 × 10^273 |
| 157 | aaa_76_26 | 1.57243635241747 × 10^273 |
| 158 | aaa_76_27 | 8.628007211826263 × 10^272 |
| 159 | aaa_76_28 | 4.069736902464033 × 10^272 |
| 160 | aaa_76_29 | 1.533938403636551 × 10^272 |

### Output Bits Sorted by Complexity

| Rank | Output Bit | Complexity |
|:----:|:----------:|:----------:|
| 160 | aaa_76_29 | 1.533938403636551 × 10^272 |
| 159 | aaa_76_28 | 4.069736902464033 × 10^272 |
| 158 | aaa_76_27 | 8.628007211826263 × 10^272 |
| 157 | aaa_76_26 | 1.57243635241747 × 10^273 |
| 156 | aaa_76_25 | 2.553584718871923 × 10^273 |
| 155 | ov_155 | 7.340980553122218 × 10^273 |
| 154 | ov_154 | 1.713903932309035 × 10^274 |
| 153 | ov_153 | 3.5267671862612017 × 10^274 |
| 152 | ov_152 | 6.558991068501216 × 10^274 |
| 151 | ov_151 | 1.125120159000275 × 10^275 |
| 150 | ov_150 | 1.809837014316439 × 10^275 |
| 149 | ov_149 | 2.7649860317820867 × 10^275 |
| 148 | ov_148 | 4.05095183343606 × 10^275 |
| 147 | ov_147 | 5.733583150488589 × 10^275 |
| 146 | ov_146 | 7.884218348645921 × 10^275 |
| 145 | ov_145 | 1.0579723944418018 × 10^276 |
| 144 | ov_144 | 1.390254985965702 × 10^276 |
| 143 | ov_143 | 1.794080559721993 × 10^276 |
| 142 | ov_142 | 2.278836195659161 × 10^276 |
| 141 | ov_141 | 2.854498334477454 × 10^276 |
| 140 | ov_140 | 3.531649580450109 × 10^276 |
| 139 | ov_139 | 4.3214995181275745 × 10^276 |
| 138 | ov_138 | 5.235909949574944 × 10^276 |
| 137 | ov_137 | 6.287425077425556 × 10^276 |
| 136 | ov_136 | 7.489307320758201 × 10^276 |
| 135 | ov_135 | 8.855579485187876 × 10^276 |
| 134 | ov_134 | 1.040107389874945 × 10^277 |
| 133 | ov_133 | 1.2133863868983291 × 10^277 |
| 132 | ov_132 | 1.4062505178600966 × 10^277 |
| 131 | ov_131 | 1.6196074732988588 × 10^277 |
| 130 | ov_130 | 1.6196086752268182 × 10^277 |
| 129 | ov_129 | 1.6196124107721512 × 10^277 |
| 128 | aaa_77_29 | 1.7657895026673901 × 10^277 |
| 127 | aaa_77_28 | 4.707928452494334 × 10^277 |
| 126 | ov_126 | 1.4734513392289252 × 10^278 |
| 125 | ov_125 | 3.307585160440398 × 10^278 |
| 124 | ov_124 | 6.294140297599712 × 10^278 |
| 123 | ov_123 | 1.0754065142191182 × 10^279 |
| 122 | ov_122 | 1.7008315600020494 × 10^279 |
| 121 | ov_121 | 2.5377865884202552 × 10^279 |
| 120 | ov_120 | 3.6183727267922916 × 10^279 |
| 119 | ov_119 | 4.974697665251746 × 10^279 |
| 118 | ov_118 | 6.638880563229239 × 10^279 |
| 117 | ov_117 | 8.643062509821984 × 10^279 |
| 116 | ov_116 | 1.1019427110659127 × 10^280 |
| 115 | ov_115 | 1.3800234354716406 × 10^280 |
| 114 | ov_114 | 1.701786993363123 × 10^280 |
| 113 | ov_113 | 2.0704912186532163 × 10^280 |
| 112 | ov_112 | 2.4894218844385915 × 10^280 |
| 111 | ov_111 | 2.9619035750005282 × 10^280 |
| 110 | ov_110 | 3.491312973380273 × 10^280 |
| 109 | ov_109 | 4.0810947831963815 × 10^280 |
| 108 | ov_108 | 4.734780504416511 × 10^280 |
| 107 | ov_107 | 5.456010284368914 × 10^280 |
| 106 | ov_106 | 6.248558067535458 × 10^280 |
| 105 | ov_105 | 7.116360270766112 × 10^280 |
| 104 | ov_104 | 8.063548214674015 × 10^280 |
| 103 | ov_103 | 9.094484547314048 × 10^280 |
| 102 | ov_102 | 1.0213803903013197 × 10^281 |
| 101 | ov_101 | 1.1426458047588466 × 10^281 |
| 100 | ov_100 | 1.2737765771335598 × 10^281 |
| 96 | aaa_78_29 | 1.2994868939599282 × 10^281 |
| 99 | ov_099 | 1.415346780331397 × 10^281 |
| 98 | ov_098 | 1.41536044305304 × 10^281 |
| 97 | ov_097 | 1.415403223440465 × 10^281 |
| 95 | aaa_78_28 | 3.429696621020962 × 10^281 |
| 94 | ov_094 | 1.0663542183613692 × 10^282 |
| 93 | ov_093 | 2.3789760781636458 × 10^282 |
| 92 | ov_092 | 4.503821688394587 × 10^282 |
| 91 | ov_091 | 8.476128838080784 × 10^282 |
| 90 | ov_090 | 1.6589473838914089 × 10^283 |
| 89 | ov_089 | 3.158384659469086 × 10^283 |
| 88 | ov_088 | 5.664629382688441 × 10^283 |
| 87 | ov_087 | 9.541211604921596 × 10^283 |
| 86 | ov_086 | 1.5196686035101698 × 10^284 |
| 85 | ov_085 | 2.3084936365167982 × 10^284 |
| 84 | ov_084 | 3.346729082278417 × 10^284 |
| 83 | ov_083 | 4.688975263481955 × 10^284 |
| 82 | ov_082 | 6.394545408447118 × 10^284 |
| 81 | ov_081 | 8.527563785319458 × 10^284 |
| 64 | lv_79_m31 | 1.0684520418914346 × 10^285 |
| 80 | ov_080 | 1.1157087184530492 × 10^285 |
| 79 | ov_079 | 1.435725232088264 × 10^285 |
| 78 | ov_078 | 1.8207451729473776 × 10^285 |
| 77 | ov_077 | 2.2792540734765172 × 10^285 |
| 76 | ov_076 | 2.8203078080557543 × 10^285 |
| 75 | ov_075 | 3.448886533147609 × 10^285 |
| 74 | ov_074 | 4.1702936062888934 × 10^285 |
| 63 | ov_063 | 4.408453403619243 × 10^285 |
| 73 | ov_073 | 4.995477880332197 × 10^285 |
| 72 | ov_072 | 5.936093698730391 × 10^285 |
| 71 | ov_071 | 7.004545741987961 × 10^285 |
| 70 | ov_070 | 8.207643016012901 × 10^285 |
| 69 | ov_069 | 9.552636593374561 × 10^285 |
| 68 | ov_068 | 1.104725136151891 × 10^286 |
| 67 | ov_067 | 1.2699720783893514 × 10^286 |
| 66 | ov_066 | 1.269973109325683 × 10^286 |
| 65 | ov_065 | 1.269976290517705 × 10^286 |
| 62 | ov_062 | 1.8179645634231714 × 10^286 |
| 61 | ov_061 | 5.48609175400842 × 10^286 |
| 60 | ov_060 | 1.3291785065844903 × 10^287 |
| 59 | ov_059 | 2.756155908892136 × 10^287 |
| 58 | ov_058 | 5.078718067553241 × 10^287 |
| 57 | ov_057 | 8.546043718883786 × 10^287 |
| 56 | ov_056 | 1.455208145682022 × 10^288 |
| 55 | ov_055 | 2.6133928988567356 × 10^288 |
| 54 | ov_054 | 4.682711611740133 × 10^288 |
| 53 | ov_053 | 8.066569057836315 × 10^288 |
| 52 | ov_052 | 1.3218236821732526 × 10^289 |
| 51 | ov_051 | 2.0640881028671452 × 10^289 |
| 50 | ov_050 | 3.088761573546501 × 10^289 |
| 49 | ov_049 | 4.456160130599009 × 10^289 |
| 48 | ov_048 | 6.200210392928718 × 10^289 |
| 47 | ov_047 | 8.357370759295384 × 10^289 |
| 32 | lv_80_m31 | 9.966390258707411 × 10^289 |
| 46 | ov_046 | 1.096665448557414 × 10^290 |
| 45 | ov_045 | 1.4069661500764272 × 10^290 |
| 44 | ov_044 | 1.7710620484303805 × 10^290 |
| 43 | ov_043 | 2.193644315117035 × 10^290 |
| 42 | ov_042 | 2.684370483327018 × 10^290 |
| 41 | ov_041 | 3.253457068033335 × 10^290 |
| 40 | ov_040 | 3.911698759902761 × 10^290 |
| 31 | ov_031 | 4.125218533320812 × 10^290 |
| 39 | ov_039 | 4.6704918981855965 × 10^290 |
| 38 | ov_038 | 5.541862837086753 × 10^290 |
| 37 | ov_037 | 6.5385018630604324 × 10^290 |
| 36 | ov_036 | 7.67380331846811 × 10^290 |
| 35 | ov_035 | 8.961912490573259 × 10^290 |
| 34 | ov_034 | 1.041051309541438 × 10^291 |
| 33 | ov_033 | 1.202773901049302 × 10^291 |
| 30 | ov_030 | 1.706966914008046 × 10^291 |
| 29 | ov_029 | 5.167740285001822 × 10^291 |
| 28 | ov_028 | 1.2559836797799128 × 10^292 |
| 27 | ov_027 | 3.004788074081215 × 10^292 |
| 26 | ov_026 | 7.235614991139081 × 10^292 |
| 25 | ov_025 | 1.5899900207712025 × 10^293 |
| 24 | ov_024 | 3.1428096408684887 × 10^293 |
| 23 | ov_023 | 5.672969646783988 × 10^293 |
| 22 | ov_022 | 9.519328352604804 × 10^293 |
| 21 | ov_021 | 1.506866241281262 × 10^294 |
| 20 | ov_020 | 2.2755682321427838 × 10^294 |
| 19 | ov_019 | 3.3063057218587364 × 10^294 |
| 18 | ov_018 | 4.6521457220533714 × 10^294 |
| 17 | ov_017 | 6.370963035117272 × 10^294 |
| 16 | ov_016 | 8.525453922142594 × 10^294 |
| 15 | ov_015 | 1.1183158773535542 × 10^295 |
| 14 | ov_014 | 1.4416497209103723 × 10^295 |
| 13 | ov_013 | 1.8302819433503575 × 10^295 |
| 12 | ov_012 | 2.292447807237771 × 10^295 |
| 11 | ov_011 | 2.836892480049921 × 10^295 |
| 10 | ov_010 | 3.472883550696628 × 10^295 |
| 9 | ov_009 | 4.2102267102356247 × 10^295 |
| 8 | ov_008 | 5.059284898731008 × 10^295 |
| 7 | ov_007 | 6.025677838756092 × 10^295 |
| 6 | ov_006 | 7.120955907079386 × 10^295 |
| 5 | ov_005 | 8.351377689761441 × 10^295 |
| 4 | ov_004 | 9.723549436368116 × 10^295 |
| 3 | ov_003 | 1.1244447931862844 × 10^296 |
| 2 | ov_002 | 1.2921446940776468 × 10^296 |
| 1 | ov_001 | 1.476234767979499 × 10^296 |

