# Results for F001-F002-F003-F004-F005-F006-F007-F008-F009-F010-F011-F012-F013-F014-F015-F016-F017-F018-F019-F020-F021-F022-F023-F024-F025-F026-F027-F028-F029-F030-F031-F032-F033-F034-F035-F036-F037-F038-F039-F040-F041-F042-F043-F044-F045-F046-F047-F048-F049-F050-F051-F052-F053-F054-F055-F056-F057-F058-F059-F060-F061-F062-F063-F064-F065-F066-F067-F068-F069-F070-F071-F072-F073-F074-F075-F076-F077-F078-F079-F080-F081-F082-F083-F084-F085-F086-F087-F088-F089-F090-F091-F092-F093-F094-F095-F096-F097-F098-F099-F100-F101-F102-F103-F104-F105-F106-F107-F108-F109-F110-F111-F112-F113-F114-F115-F116-F117-F118-F119-F120-F121-F122-F123-F124-F125-F126-F127-F128-F129-F130-F131-F132-F133-F134-F135-F136-F137-F138-F139-F140-F141-F142-F143-F144-F145-F146-F147-F148-F149-F150-F151-F152-F153-F154-F155-F156-F157-F158-F159-F160-F161-F162-F163-F164-F165-F166-F167-F168-F169-F170-F171-F172-F173-F174-F175-F176-F177-F178-F179-F180-F181-F182-F183-F184-F185-F186-F187-F188-F189-F190-F191-F192-F193-F194-F195-F196-F197-F198-F199-F200-F201-F202-F203-F204-F205-F206-F207-F208-F209-F210-F211-F212-F213-F214-F215-F216-F217-F218-F219-F220-F221-F222-F223-F224-F225-F226-F227-F228-F229-F230-F231-F232-F233-F234-F235-F236-F237-F238-F239-F240-F241-F242-F243-F244-F245-F246-F247-F248-F249-F250-F251-F252-F253-F254-F255-F256-F257-F258-F259-F260-F261-F262-F263-F264-F265-F266-F267-F268-F269-F270-F271-F272-F273-F274-F275-F276-F277-F278-F279-F280-F281-F282-F283-F284-F285-F286-F287-F288-F289-F290-F291-F292-F293-F294-F295-F296-F297-F298-F299-F300-F301-F302-F303-F304-F305-F306-F307-F308-F309-F310-F311-F312-F313-F314-F315-F316-F317-F318-F319-F320-F321-F322-F323-F324-F325-F326-F327-F328-F329-F330-F331-F332-F333-F334-F335-F336-F337-F338-F339-F340-F341-F342-F343-F344-F345-F346-F347-F348-F349-F350-F351-F352-F353-F354-F355-F356-F357-F358-F359-F360-F361-F362-F363-F364-F365-F366-F367-F368-F369-F370-F371-F372-F373-F374-F375-F376-F377-F378-F379-F380-F381-F382-F383-F384-F385-F386-F387-F388-F389-F390-F391-F392-F393-F394-F395-F396-F397-F398-F399-F400-F401-F402-F403-F404-F405-F406-F407-F408-F409-F410-F411-F412-F413-F414-F415-F416-F417-F418-F419-F420-F421-F422-F423-F424-F425-F426-F427-F428-F429-F430-F431-F432-F433-F434-F435-F436-F437-F438-F439-F440-F441-F442-F443-F444-F445-F446-F447-F448-F449-F450-F451-F452-F453-F454-F455-F456-F457-F458-F459-F460-F461-F462-F463-F464-F465-F466-F467-F468-F469-F470-F471-F472-F473-F474-F475-F476-F477-F478-F479-F480-F481-F482-F483-F484-F485-F486-F487-F488-F489-F490-F491-F492-F493-F494-F495-F496-F497-F498-F499-F500-F501-E502508-E502511-E503504-E507509-O507510-F512

## Summary

Number of input bits: 512  
Number of free input bits: 5  
Number of output bits: 160

Number of direct occurrences: 21523  
Number of assignments: 31033  
Number of operations: 11522707
(xor: 11492788,
and: 16807,
or: 13112)

Total complexity: 1.2728340600586402 × 10^303

Least occurring input variable: iv_505 (4038)  
Most occurring input variable: iv_507 (4565)

Most co-occurring input variables: iv_502-iv_507 (2135)  
Least co-occurring input variables: iv_505-iv_506 (1879)

Potentially most occurring input variable: iv_502/iv_507 (4786)  
Potentially least occurring input variable: iv_503/iv_506 (4311)

Least output occurring input variable: iv_502 (60)  
Most output occurring input variable: iv_505 (76)

Most output co-occurring input variables: iv_505-iv_507 (35)  
Least output co-occurring input variables: iv_502-iv_507 (23)

Potentially most output occurring input variable: iv_505/iv_506 (88)  
Potentially least output occurring input variable: iv_502/iv_503 (71)

Least complex input bit: iv_502 (1.1286696917930958 × 10^302)  
Most complex input bit: iv_505 (3.8647945500261642 × 10^302)

Least complex output bit: aaa_76_29 (3.65724278979529 × 10^277)  
Most complex output bit: ov_001 (2.032326190655969 × 10^302)

Least complex input/output complexity: iv_502/aaa_76_29 (3.2430143267698164 × 10^276)  
Most complex input/output complexity: iv_505/ov_001 (6.170893309659509 × 10^301)

Input variable with highest collision probability: iv_503 (½^160.0000000000006)

## Input Bits

### Input Bits in Regular Order

| Input Bit | Complexity | Occurrences | Output Occurrences | Collision Probability |
|:---------:|:----------:|:-----------:|:------------------:|:---------------------:|
| iv_502 | 1.1286696917930958 × 10^302 | 4491 | 60 | ½^160.00000000000085 |
| iv_503 | 3.0689733280967834 × 10^302 | 4321 | 69 | ½^160.0000000000006 |
| iv_505 | 3.8647945500261642 × 10^302 | 4038 | 76 | ½^160.00000000000077 |
| iv_506 | 2.0787164683517184 × 10^302 | 4108 | 74 | ½^160.00000000000088 |
| iv_507 | 2.5871865623186573 × 10^302 | 4565 | 70 | ½^160.00000000000063 |

### Input Bits Sorted by Complexity

| Input Bit | Complexity | Occurrences | Output Occurrences | Collision Probability |
|:---------:|:----------:|:-----------:|:------------------:|:---------------------:|
| iv_502 | 1.1286696917930958 × 10^302 | 4491 | 60 | ½^160.00000000000085 |
| iv_506 | 2.0787164683517184 × 10^302 | 4108 | 74 | ½^160.00000000000088 |
| iv_507 | 2.5871865623186573 × 10^302 | 4565 | 70 | ½^160.00000000000063 |
| iv_503 | 3.0689733280967834 × 10^302 | 4321 | 69 | ½^160.0000000000006 |
| iv_505 | 3.8647945500261642 × 10^302 | 4038 | 76 | ½^160.00000000000077 |

### Input Bits Sorted by Occurrences

| Input Bit | Complexity | Occurrences | Output Occurrences | Collision Probability |
|:---------:|:----------:|:-----------:|:------------------:|:---------------------:|
| iv_505 | 3.8647945500261642 × 10^302 | 4038 | 76 | ½^160.00000000000077 |
| iv_506 | 2.0787164683517184 × 10^302 | 4108 | 74 | ½^160.00000000000088 |
| iv_503 | 3.0689733280967834 × 10^302 | 4321 | 69 | ½^160.0000000000006 |
| iv_502 | 1.1286696917930958 × 10^302 | 4491 | 60 | ½^160.00000000000085 |
| iv_507 | 2.5871865623186573 × 10^302 | 4565 | 70 | ½^160.00000000000063 |

### Input Bits Sorted by Output Occurrences

| Input Bit | Complexity | Occurrences | Output Occurrences | Collision Probability |
|:---------:|:----------:|:-----------:|:------------------:|:---------------------:|
| iv_502 | 1.1286696917930958 × 10^302 | 4491 | 60 | ½^160.00000000000085 |
| iv_503 | 3.0689733280967834 × 10^302 | 4321 | 69 | ½^160.0000000000006 |
| iv_507 | 2.5871865623186573 × 10^302 | 4565 | 70 | ½^160.00000000000063 |
| iv_506 | 2.0787164683517184 × 10^302 | 4108 | 74 | ½^160.00000000000088 |
| iv_505 | 3.8647945500261642 × 10^302 | 4038 | 76 | ½^160.00000000000077 |

### Input Bits Sorted by Collision Probability

| Input Bit | Complexity | Occurrences | Output Occurrences | Collision Probability |
|:---------:|:----------:|:-----------:|:------------------:|:---------------------:|
| iv_503 | 3.0689733280967834 × 10^302 | 4321 | 69 | ½^160.0000000000006 |
| iv_507 | 2.5871865623186573 × 10^302 | 4565 | 70 | ½^160.00000000000063 |
| iv_505 | 3.8647945500261642 × 10^302 | 4038 | 76 | ½^160.00000000000077 |
| iv_502 | 1.1286696917930958 × 10^302 | 4491 | 60 | ½^160.00000000000085 |
| iv_506 | 2.0787164683517184 × 10^302 | 4108 | 74 | ½^160.00000000000088 |

## Input Bit/Output Bit Collision Probabilities

| Input Bit | Output Bit | Collision Probability |
|:---------:|:----------:|:---------------------:|
| iv_503 | ov_030 | 0.5000000000000022 |
| iv_503 | ov_130 | 0.500000000000002 |
| iv_502 | ov_052 | 0.5000000000000018 |
| iv_503 | ov_017 | 0.5000000000000018 |
| iv_507 | ov_113 | 0.5000000000000018 |

## Input Bit Co-occurrences

### Input Bit Co-occurrences Sorted by Co-occurrences

| Input Bits | Co-occurrences | Potential Occurrences | Output Co-occurrences | Potential Output Occurrences |
|:----------:|:--------------:|:---------------------:|:---------------------:|:----------------------------:|
| iv_502-iv_507 | 2135 | 4786 | 23 | 84 |
| iv_503-iv_507 | 2121 | 4644 | 30 | 79 |
| iv_506-iv_507 | 2117 | 4439 | 34 | 76 |
| iv_502-iv_503 | 2105 | 4602 | 29 | 71 |
| iv_503-iv_506 | 2059 | 4311 | 30 | 83 |

### Input Bit Co-occurrences Sorted by Potential Occurrences

| Input Bits | Co-occurrences | Potential Occurrences | Output Co-occurrences | Potential Output Occurrences |
|:----------:|:--------------:|:---------------------:|:---------------------:|:----------------------------:|
| iv_503-iv_506 | 2059 | 4311 | 30 | 83 |
| iv_505-iv_506 | 1879 | 4388 | 31 | 88 |
| iv_503-iv_505 | 1970 | 4419 | 34 | 77 |
| iv_506-iv_507 | 2117 | 4439 | 34 | 76 |
| iv_505-iv_507 | 2017 | 4569 | 35 | 76 |

### Input Bit Output Co-occurrences Sorted by Output Co-occurrences

| Input Bits | Co-occurrences | Potential Occurrences | Output Co-occurrences | Potential Output Occurrences |
|:----------:|:--------------:|:---------------------:|:---------------------:|:----------------------------:|
| iv_505-iv_507 | 2017 | 4569 | 35 | 76 |
| iv_503-iv_505 | 1970 | 4419 | 34 | 77 |
| iv_506-iv_507 | 2117 | 4439 | 34 | 76 |
| iv_505-iv_506 | 1879 | 4388 | 31 | 88 |
| iv_503-iv_506 | 2059 | 4311 | 30 | 83 |

### Input Bit Output Co-occurrences Sorted by Potential Output Occurrences

| Input Bits | Co-occurrences | Potential Occurrences | Output Co-occurrences | Potential Output Occurrences |
|:----------:|:--------------:|:---------------------:|:---------------------:|:----------------------------:|
| iv_502-iv_503 | 2105 | 4602 | 29 | 71 |
| iv_505-iv_507 | 2017 | 4569 | 35 | 76 |
| iv_506-iv_507 | 2117 | 4439 | 34 | 76 |
| iv_503-iv_505 | 1970 | 4419 | 34 | 77 |
| iv_502-iv_505 | 1974 | 4581 | 29 | 78 |

## Output Bits

### Output Bits in Regular Order

| Rank | Output Bit | Complexity |
|:----:|:----------:|:----------:|
| 1 | ov_001 | 2.032326190655969 × 10^302 |
| 2 | ov_002 | 1.7670355737240416 × 10^302 |
| 3 | ov_003 | 1.5272566439384346 × 10^302 |
| 4 | ov_004 | 1.3118880005981816 × 10^302 |
| 5 | ov_005 | 1.1198882838738973 × 10^302 |
| 6 | ov_006 | 9.493380564261655 × 10^301 |
| 7 | ov_007 | 7.984184193926031 × 10^301 |
| 8 | ov_008 | 6.662442395153663 × 10^301 |
| 9 | ov_009 | 5.51180246519771 × 10^301 |
| 10 | ov_010 | 4.516758720762514 × 10^301 |
| 11 | ov_011 | 3.662614668424635 × 10^301 |
| 12 | ov_012 | 2.935451712598992 × 10^301 |
| 13 | ov_013 | 2.322103877820779 × 10^301 |
| 14 | ov_014 | 1.8101379033942035 × 10^301 |
| 15 | ov_015 | 1.3878379598231488 × 10^301 |
| 16 | ov_016 | 1.0441942384611602 × 10^301 |
| 17 | ov_017 | 7.688947213267897 × 10^300 |
| 18 | ov_018 | 5.5231949335751926 × 10^300 |
| 19 | ov_019 | 3.8553701458953186 × 10^300 |
| 20 | ov_020 | 2.6030182489904275 × 10^300 |
| 21 | ov_021 | 1.690532090528776 × 10^300 |
| 22 | ov_022 | 1.0491442409441679 × 10^300 |
| 23 | ov_023 | 6.16922160372113 × 10^299 |
| 24 | ov_024 | 3.3876495504264863 × 10^299 |
| 25 | ov_025 | 1.6640125588214222 × 10^299 |
| 26 | ov_026 | 7.740255588611198 × 10^298 |
| 27 | ov_027 | 3.715330855282066 × 10^298 |
| 28 | ov_028 | 1.786522109130318 × 10^298 |
| 29 | ov_029 | 7.350937617502497 × 10^297 |
| 30 | ov_030 | 2.4288067450525824 × 10^297 |
| 31 | ov_031 | 5.8724404833912895 × 10^296 |
| 32 | lv_80_k31 | 1.419425931446561 × 10^296 |
| 33 | ov_033 | 1.6923073223365722 × 10^297 |
| 34 | ov_034 | 1.4604142093166467 × 10^297 |
| 35 | ov_035 | 1.2541349176784943 × 10^297 |
| 36 | ov_036 | 1.0713091244766055 × 10^297 |
| 37 | ov_037 | 9.098928556080798 × 10^296 |
| 38 | ov_038 | 7.679502624505173 × 10^296 |
| 39 | ov_039 | 6.436465181135816 × 10^296 |
| 40 | ov_040 | 5.352417191121573 × 10^296 |
| 41 | ov_041 | 4.41085683987192 × 10^296 |
| 42 | ov_042 | 3.5961354599146345 × 10^296 |
| 43 | ov_043 | 2.893420478643441 × 10^296 |
| 44 | ov_044 | 2.2886646804407244 × 10^296 |
| 45 | ov_045 | 1.7750373312006471 × 10^296 |
| 46 | ov_046 | 1.3460823316809843 × 10^296 |
| 47 | ov_047 | 9.957095124390235 × 10^295 |
| 48 | ov_048 | 7.181879697874911 × 10^295 |
| 49 | ov_049 | 5.031152281806685 × 10^295 |
| 50 | ov_050 | 3.407877885948931 × 10^295 |
| 51 | ov_051 | 2.2219701319023025 × 10^295 |
| 52 | ov_052 | 1.3902645038665015 × 10^295 |
| 53 | ov_053 | 8.365017687678323 × 10^294 |
| 54 | ov_054 | 4.913182778346014 × 10^294 |
| 55 | ov_055 | 2.92240530361164 × 10^294 |
| 56 | ov_056 | 1.836820014215107 × 10^294 |
| 57 | ov_057 | 1.1694116936228437 × 10^294 |
| 58 | ov_058 | 6.9388335228965576 × 10^293 |
| 59 | ov_059 | 3.758200446059409 × 10^293 |
| 60 | ov_060 | 1.8080766259691636 × 10^293 |
| 61 | ov_061 | 7.443236301388432 × 10^292 |
| 62 | ov_062 | 2.4602503854770183 × 10^292 |
| 63 | ov_063 | 5.95059606548404 × 10^291 |
| 64 | lv_79_k31 | 1.4387556598333267 × 10^291 |
| 65 | ov_065 | 1.7033001359978783 × 10^292 |
| 66 | ov_066 | 1.7032960525351042 × 10^292 |
| 67 | ov_067 | 1.7032947615523804 × 10^292 |
| 68 | ov_068 | 1.4710813198962896 × 10^292 |
| 69 | ov_069 | 1.263094209424958 × 10^292 |
| 70 | ov_070 | 1.0783213696644102 × 10^292 |
| 71 | ov_071 | 9.148884611544784 × 10^291 |
| 72 | ov_072 | 7.710128951402647 × 10^291 |
| 73 | ov_073 | 6.449981330545683 × 10^291 |
| 74 | ov_074 | 5.352290095893517 × 10^291 |
| 75 | ov_075 | 4.401679520866403 × 10^291 |
| 76 | ov_076 | 3.583519756880996 × 10^291 |
| 77 | ov_077 | 2.8839034018741445 × 10^291 |
| 78 | ov_078 | 2.2896276087266802 × 10^291 |
| 79 | ov_079 | 1.7881807186319397 × 10^291 |
| 80 | ov_080 | 1.3677324656719612 × 10^291 |
| 81 | ov_081 | 1.0225370350283149 × 10^291 |
| 82 | ov_082 | 7.471842510512386 × 10^290 |
| 83 | ov_083 | 5.318520055543386 × 10^290 |
| 84 | ov_084 | 3.673796870100991 × 10^290 |
| 85 | ov_085 | 2.452653933842807 × 10^290 |
| 86 | ov_086 | 1.57663681460213 × 10^290 |
| 87 | ov_087 | 9.738379350020754 × 10^289 |
| 88 | ov_088 | 5.788830210952648 × 10^289 |
| 89 | ov_089 | 3.32921141797161 × 10^289 |
| 90 | ov_090 | 1.836177479488209 × 10^289 |
| 91 | ov_091 | 1.0643395933874183 × 10^289 |
| 92 | ov_092 | 6.205615575792352 × 10^288 |
| 93 | ov_093 | 3.245455645287456 × 10^288 |
| 94 | ov_094 | 1.43757816611349 × 10^288 |
| 95 | aaa_78_28 | 4.5665141322019425 × 10^287 |
| 96 | aaa_78_29 | 1.6986658341211484 × 10^287 |
| 97 | ov_097 | 1.4495701409195486 × 10^287 |
| 98 | ov_098 | 1.449560456801733 × 10^287 |
| 99 | ov_099 | 1.4495573683755269 × 10^287 |
| 100 | ov_100 | 1.2230098607128989 × 10^287 |
| 101 | ov_101 | 1.0242592060928223 × 10^287 |
| 102 | ov_102 | 8.509316697222552 × 10^286 |
| 103 | ov_103 | 7.007819371584572 × 10^286 |
| 104 | ov_104 | 5.716836647518164 × 10^286 |
| 105 | ov_105 | 4.616213067780241 × 10^286 |
| 106 | ov_106 | 3.686830995704167 × 10^286 |
| 107 | ov_107 | 2.9105508933118835 × 10^286 |
| 108 | ov_108 | 2.2701609640965675 × 10^286 |
| 109 | ov_109 | 1.7493351473223787 × 10^286 |
| 110 | ov_110 | 1.3325985079199402 × 10^286 |
| 111 | ov_111 | 1.0052991219034332 × 10^286 |
| 112 | ov_112 | 7.535856120022184 × 10^285 |
| 113 | ov_113 | 5.643895421492267 × 10^285 |
| 114 | ov_114 | 4.254119328156576 × 10^285 |
| 115 | ov_115 | 3.2511321210023334 × 10^285 |
| 116 | ov_116 | 2.527059701089215 × 10^285 |
| 117 | ov_117 | 1.9814993660196055 × 10^285 |
| 118 | ov_118 | 1.521486542148897 × 10^285 |
| 119 | ov_119 | 1.1396168327035379 × 10^285 |
| 120 | ov_120 | 8.284929535601181 × 10^284 |
| 121 | ov_121 | 5.807216362730778 × 10^284 |
| 122 | ov_122 | 3.889121249695983 × 10^284 |
| 123 | ov_123 | 2.4567523485679653 × 10^284 |
| 124 | ov_124 | 1.4362266747365003 × 10^284 |
| 125 | ov_125 | 7.536656167709566 × 10^283 |
| 126 | ov_126 | 3.3519235586022687 × 10^283 |
| 127 | aaa_77_28 | 1.069306455604775 × 10^283 |
| 128 | aaa_77_29 | 4.0030173215905626 × 10^282 |
| 129 | ov_129 | 3.625903827008599 × 10^282 |
| 130 | ov_130 | 3.625894934785444 × 10^282 |
| 131 | ov_131 | 3.6258920802810227 × 10^282 |
| 132 | ov_132 | 3.126330638852821 × 10^282 |
| 133 | ov_133 | 2.680467036840383 × 10^282 |
| 134 | ov_134 | 2.2841381409568077 × 10^282 |
| 135 | ov_135 | 1.9334116006619232 × 10^282 |
| 136 | ov_136 | 1.6245689800311197 × 10^282 |
| 137 | ov_137 | 1.354091075865325 × 10^282 |
| 138 | ov_138 | 1.1186452621464735 × 10^282 |
| 139 | ov_139 | 9.150746712784583 × 10^281 |
| 140 | ov_140 | 7.40389019967738 × 10^281 |
| 141 | ov_141 | 5.917568980786397 × 10^281 |
| 142 | ov_142 | 4.664993490465755 × 10^281 |
| 143 | ov_143 | 3.620845805038631 × 10^281 |
| 144 | ov_144 | 2.7612366194831394 × 10^281 |
| 145 | ov_145 | 2.0636709260164064 × 10^281 |
| 146 | ov_146 | 1.507021323895133 × 10^281 |
| 147 | ov_147 | 1.071507822501115 × 10^281 |
| 148 | ov_148 | 7.3868301462341995 × 10^280 |
| 149 | ov_149 | 4.914215938880077 × 10^280 |
| 150 | ov_150 | 3.139132872364813 × 10^280 |
| 151 | ov_151 | 1.9165837025134832 × 10^280 |
| 152 | ov_152 | 1.1146502998499054 × 10^280 |
| 153 | ov_153 | 6.144793678666036 × 10^279 |
| 154 | ov_154 | 3.102750519833927 × 10^279 |
| 155 | ov_155 | 1.5240313539711254 × 10^279 |
| 156 | aaa_76_25 | 6.117246880924841 × 10^278 |
| 157 | aaa_76_26 | 3.763888012017036 × 10^278 |
| 158 | aaa_76_27 | 2.0629864442083715 × 10^278 |
| 159 | aaa_76_28 | 9.717631672943988 × 10^277 |
| 160 | aaa_76_29 | 3.65724278979529 × 10^277 |

### Output Bits Sorted by Complexity

| Rank | Output Bit | Complexity |
|:----:|:----------:|:----------:|
| 160 | aaa_76_29 | 3.65724278979529 × 10^277 |
| 159 | aaa_76_28 | 9.717631672943988 × 10^277 |
| 158 | aaa_76_27 | 2.0629864442083715 × 10^278 |
| 157 | aaa_76_26 | 3.763888012017036 × 10^278 |
| 156 | aaa_76_25 | 6.117246880924841 × 10^278 |
| 155 | ov_155 | 1.5240313539711254 × 10^279 |
| 154 | ov_154 | 3.102750519833927 × 10^279 |
| 153 | ov_153 | 6.144793678666036 × 10^279 |
| 152 | ov_152 | 1.1146502998499054 × 10^280 |
| 151 | ov_151 | 1.9165837025134832 × 10^280 |
| 150 | ov_150 | 3.139132872364813 × 10^280 |
| 149 | ov_149 | 4.914215938880077 × 10^280 |
| 148 | ov_148 | 7.3868301462341995 × 10^280 |
| 147 | ov_147 | 1.071507822501115 × 10^281 |
| 146 | ov_146 | 1.507021323895133 × 10^281 |
| 145 | ov_145 | 2.0636709260164064 × 10^281 |
| 144 | ov_144 | 2.7612366194831394 × 10^281 |
| 143 | ov_143 | 3.620845805038631 × 10^281 |
| 142 | ov_142 | 4.664993490465755 × 10^281 |
| 141 | ov_141 | 5.917568980786397 × 10^281 |
| 140 | ov_140 | 7.40389019967738 × 10^281 |
| 139 | ov_139 | 9.150746712784583 × 10^281 |
| 138 | ov_138 | 1.1186452621464735 × 10^282 |
| 137 | ov_137 | 1.354091075865325 × 10^282 |
| 136 | ov_136 | 1.6245689800311197 × 10^282 |
| 135 | ov_135 | 1.9334116006619232 × 10^282 |
| 134 | ov_134 | 2.2841381409568077 × 10^282 |
| 133 | ov_133 | 2.680467036840383 × 10^282 |
| 132 | ov_132 | 3.126330638852821 × 10^282 |
| 131 | ov_131 | 3.6258920802810227 × 10^282 |
| 130 | ov_130 | 3.625894934785444 × 10^282 |
| 129 | ov_129 | 3.625903827008599 × 10^282 |
| 128 | aaa_77_29 | 4.0030173215905626 × 10^282 |
| 127 | aaa_77_28 | 1.069306455604775 × 10^283 |
| 126 | ov_126 | 3.3519235586022687 × 10^283 |
| 125 | ov_125 | 7.536656167709566 × 10^283 |
| 124 | ov_124 | 1.4362266747365003 × 10^284 |
| 123 | ov_123 | 2.4567523485679653 × 10^284 |
| 122 | ov_122 | 3.889121249695983 × 10^284 |
| 121 | ov_121 | 5.807216362730778 × 10^284 |
| 120 | ov_120 | 8.284929535601181 × 10^284 |
| 119 | ov_119 | 1.1396168327035379 × 10^285 |
| 118 | ov_118 | 1.521486542148897 × 10^285 |
| 117 | ov_117 | 1.9814993660196055 × 10^285 |
| 116 | ov_116 | 2.527059701089215 × 10^285 |
| 115 | ov_115 | 3.2511321210023334 × 10^285 |
| 114 | ov_114 | 4.254119328156576 × 10^285 |
| 113 | ov_113 | 5.643895421492267 × 10^285 |
| 112 | ov_112 | 7.535856120022184 × 10^285 |
| 111 | ov_111 | 1.0052991219034332 × 10^286 |
| 110 | ov_110 | 1.3325985079199402 × 10^286 |
| 109 | ov_109 | 1.7493351473223787 × 10^286 |
| 108 | ov_108 | 2.2701609640965675 × 10^286 |
| 107 | ov_107 | 2.9105508933118835 × 10^286 |
| 106 | ov_106 | 3.686830995704167 × 10^286 |
| 105 | ov_105 | 4.616213067780241 × 10^286 |
| 104 | ov_104 | 5.716836647518164 × 10^286 |
| 103 | ov_103 | 7.007819371584572 × 10^286 |
| 102 | ov_102 | 8.509316697222552 × 10^286 |
| 101 | ov_101 | 1.0242592060928223 × 10^287 |
| 100 | ov_100 | 1.2230098607128989 × 10^287 |
| 99 | ov_099 | 1.4495573683755269 × 10^287 |
| 98 | ov_098 | 1.449560456801733 × 10^287 |
| 97 | ov_097 | 1.4495701409195486 × 10^287 |
| 96 | aaa_78_29 | 1.6986658341211484 × 10^287 |
| 95 | aaa_78_28 | 4.5665141322019425 × 10^287 |
| 94 | ov_094 | 1.43757816611349 × 10^288 |
| 93 | ov_093 | 3.245455645287456 × 10^288 |
| 92 | ov_092 | 6.205615575792352 × 10^288 |
| 91 | ov_091 | 1.0643395933874183 × 10^289 |
| 90 | ov_090 | 1.836177479488209 × 10^289 |
| 89 | ov_089 | 3.32921141797161 × 10^289 |
| 88 | ov_088 | 5.788830210952648 × 10^289 |
| 87 | ov_087 | 9.738379350020754 × 10^289 |
| 86 | ov_086 | 1.57663681460213 × 10^290 |
| 85 | ov_085 | 2.452653933842807 × 10^290 |
| 84 | ov_084 | 3.673796870100991 × 10^290 |
| 83 | ov_083 | 5.318520055543386 × 10^290 |
| 82 | ov_082 | 7.471842510512386 × 10^290 |
| 81 | ov_081 | 1.0225370350283149 × 10^291 |
| 80 | ov_080 | 1.3677324656719612 × 10^291 |
| 64 | lv_79_k31 | 1.4387556598333267 × 10^291 |
| 79 | ov_079 | 1.7881807186319397 × 10^291 |
| 78 | ov_078 | 2.2896276087266802 × 10^291 |
| 77 | ov_077 | 2.8839034018741445 × 10^291 |
| 76 | ov_076 | 3.583519756880996 × 10^291 |
| 75 | ov_075 | 4.401679520866403 × 10^291 |
| 74 | ov_074 | 5.352290095893517 × 10^291 |
| 63 | ov_063 | 5.95059606548404 × 10^291 |
| 73 | ov_073 | 6.449981330545683 × 10^291 |
| 72 | ov_072 | 7.710128951402647 × 10^291 |
| 71 | ov_071 | 9.148884611544784 × 10^291 |
| 70 | ov_070 | 1.0783213696644102 × 10^292 |
| 69 | ov_069 | 1.263094209424958 × 10^292 |
| 68 | ov_068 | 1.4710813198962896 × 10^292 |
| 67 | ov_067 | 1.7032947615523804 × 10^292 |
| 66 | ov_066 | 1.7032960525351042 × 10^292 |
| 65 | ov_065 | 1.7033001359978783 × 10^292 |
| 62 | ov_062 | 2.4602503854770183 × 10^292 |
| 61 | ov_061 | 7.443236301388432 × 10^292 |
| 60 | ov_060 | 1.8080766259691636 × 10^293 |
| 59 | ov_059 | 3.758200446059409 × 10^293 |
| 58 | ov_058 | 6.9388335228965576 × 10^293 |
| 57 | ov_057 | 1.1694116936228437 × 10^294 |
| 56 | ov_056 | 1.836820014215107 × 10^294 |
| 55 | ov_055 | 2.92240530361164 × 10^294 |
| 54 | ov_054 | 4.913182778346014 × 10^294 |
| 53 | ov_053 | 8.365017687678323 × 10^294 |
| 52 | ov_052 | 1.3902645038665015 × 10^295 |
| 51 | ov_051 | 2.2219701319023025 × 10^295 |
| 50 | ov_050 | 3.407877885948931 × 10^295 |
| 49 | ov_049 | 5.031152281806685 × 10^295 |
| 48 | ov_048 | 7.181879697874911 × 10^295 |
| 47 | ov_047 | 9.957095124390235 × 10^295 |
| 46 | ov_046 | 1.3460823316809843 × 10^296 |
| 32 | lv_80_k31 | 1.419425931446561 × 10^296 |
| 45 | ov_045 | 1.7750373312006471 × 10^296 |
| 44 | ov_044 | 2.2886646804407244 × 10^296 |
| 43 | ov_043 | 2.893420478643441 × 10^296 |
| 42 | ov_042 | 3.5961354599146345 × 10^296 |
| 41 | ov_041 | 4.41085683987192 × 10^296 |
| 40 | ov_040 | 5.352417191121573 × 10^296 |
| 31 | ov_031 | 5.8724404833912895 × 10^296 |
| 39 | ov_039 | 6.436465181135816 × 10^296 |
| 38 | ov_038 | 7.679502624505173 × 10^296 |
| 37 | ov_037 | 9.098928556080798 × 10^296 |
| 36 | ov_036 | 1.0713091244766055 × 10^297 |
| 35 | ov_035 | 1.2541349176784943 × 10^297 |
| 34 | ov_034 | 1.4604142093166467 × 10^297 |
| 33 | ov_033 | 1.6923073223365722 × 10^297 |
| 30 | ov_030 | 2.4288067450525824 × 10^297 |
| 29 | ov_029 | 7.350937617502497 × 10^297 |
| 28 | ov_028 | 1.786522109130318 × 10^298 |
| 27 | ov_027 | 3.715330855282066 × 10^298 |
| 26 | ov_026 | 7.740255588611198 × 10^298 |
| 25 | ov_025 | 1.6640125588214222 × 10^299 |
| 24 | ov_024 | 3.3876495504264863 × 10^299 |
| 23 | ov_023 | 6.16922160372113 × 10^299 |
| 22 | ov_022 | 1.0491442409441679 × 10^300 |
| 21 | ov_021 | 1.690532090528776 × 10^300 |
| 20 | ov_020 | 2.6030182489904275 × 10^300 |
| 19 | ov_019 | 3.8553701458953186 × 10^300 |
| 18 | ov_018 | 5.5231949335751926 × 10^300 |
| 17 | ov_017 | 7.688947213267897 × 10^300 |
| 16 | ov_016 | 1.0441942384611602 × 10^301 |
| 15 | ov_015 | 1.3878379598231488 × 10^301 |
| 14 | ov_014 | 1.8101379033942035 × 10^301 |
| 13 | ov_013 | 2.322103877820779 × 10^301 |
| 12 | ov_012 | 2.935451712598992 × 10^301 |
| 11 | ov_011 | 3.662614668424635 × 10^301 |
| 10 | ov_010 | 4.516758720762514 × 10^301 |
| 9 | ov_009 | 5.51180246519771 × 10^301 |
| 8 | ov_008 | 6.662442395153663 × 10^301 |
| 7 | ov_007 | 7.984184193926031 × 10^301 |
| 6 | ov_006 | 9.493380564261655 × 10^301 |
| 5 | ov_005 | 1.1198882838738973 × 10^302 |
| 4 | ov_004 | 1.3118880005981816 × 10^302 |
| 3 | ov_003 | 1.5272566439384346 × 10^302 |
| 2 | ov_002 | 1.7670355737240416 × 10^302 |
| 1 | ov_001 | 2.032326190655969 × 10^302 |

