# Results for F001-F002-F003-F004-F005-F006-F007-F008-F009-F010-F011-F012-F013-F014-F015-F016-F017-F018-F019-F020-F021-F022-F023-F024-F025-F026-F027-F028-F029-F030-F031-F032-F033-F034-F035-F036-F037-F038-F039-F040-F041-F042-F043-F044-F045-F046-F047-F048-F049-F050-F051-F052-F053-F054-F055-F056-F057-F058-F059-F060-F061-F062-F063-F064-F065-F066-F067-F068-F069-F070-F071-F072-F073-F074-F075-F076-F077-F078-F079-F080-F081-F082-F083-F084-F085-F086-F087-F088-F089-F090-F091-F092-F093-F094-F095-F096-F097-F098-F099-F100-F101-F102-F103-F104-F105-F106-F107-F108-F109-F110-F111-F112-F113-F114-F115-F116-F117-F118-F119-F120-F121-F122-F123-F124-F125-F126-F127-F128-F129-F130-F131-F132-F133-F134-F135-F136-F137-F138-F139-F140-F141-F142-F143-F144-F145-F146-F147-F148-F149-F150-F151-F152-F153-F154-F155-F156-F157-F158-F159-F160-F161-F162-F163-F164-F165-F166-F167-F168-F169-F170-F171-F172-F173-F174-F175-F176-F177-F178-F179-F180-F181-F182-F183-F184-F185-F186-F187-F188-F189-F190-F191-F192-F193-F194-F195-F196-F197-F198-F199-F200-F201-F202-F203-F204-F205-F206-F207-F208-F209-F210-F211-F212-F213-F214-F215-F216-F217-F218-F219-F220-F221-F222-F223-F224-F225-F226-F227-F228-F229-F230-F231-F232-F233-F234-F235-F236-F237-F238-F239-F240-F241-F242-F243-F244-F245-F246-F247-F248-F249-F250-F251-F252-F253-F254-F255-F256-F257-F258-F259-F260-F261-F262-F263-F264-F265-F266-F267-F268-F269-F270-F271-F272-F273-F274-F275-F276-F277-F278-F279-F280-F281-F282-F283-F284-F285-F286-F287-F288-F289-F290-F291-F292-F293-F294-F295-F296-F297-F298-F299-F300-F301-F302-F303-F304-F305-F306-F307-F308-F309-F310-F311-F312-F313-F314-F315-F316-F317-F318-F319-F320-F321-F322-F323-F324-F325-F326-F327-F328-F329-F330-F331-F332-F333-F334-F335-F336-F337-F338-F339-F340-F341-F342-F343-F344-F345-F346-F347-F348-F349-F350-F351-F352-F353-F354-F355-F356-F357-F358-F359-F360-F361-F362-F363-F364-F365-F366-F367-F368-F369-F370-F371-F372-F373-F374-F375-F376-F377-F378-F379-F380-F381-F382-F383-F384-F385-F386-F387-F388-F389-F390-F391-F392-F393-F394-F395-F396-F397-F398-F399-F400-F401-F402-F403-F404-F405-F406-F407-F408-F409-F410-F411-F412-F413-F414-F415-F416-F417-F418-F419-F420-F421-F422-F423-F424-F425-F426-F427-F428-F429-F430-F431-F432-F433-F434-F435-F436-F437-F438-F439-F440-F441-F442-F443-F444-F445-F446-F447-F448-F449-F450-F451-F452-F453-F454-F455-F456-F457-F458-F459-F460-F461-F462-F463-F464-F465-F466-F467-F468-F469-F470-F471-F472-F473-F474-F475-F476-F477-F478-F479-F480-F481-F482-F483-F484-F485-F486-F487-F488-F489-F490-F491-F492-F493-F494-F495-F496-F497-F498-F499-F500-F501-F502-F503-F504-F505-E506508-F512

## Summary

Number of input bits: 512  
Number of free input bits: 5  
Number of output bits: 160

Number of direct occurrences: 20614  
Number of assignments: 29938  
Number of operations: 10688260
(xor: 10657838,
and: 17800,
or: 12622)

Total complexity: 1.4368140583272443 × 10^295

Least occurring input variable: iv_507 (4005)  
Most occurring input variable: iv_509 (4217)

Most co-occurring input variables: iv_506-iv_509 (2054)  
Least co-occurring input variables: iv_506-iv_507 (1774)

Potentially most occurring input variable: iv_506/iv_507 (4660)  
Potentially least occurring input variable: iv_507/iv_511 (4266)

Least output occurring input variable: iv_506 (72)  
Most output occurring input variable: iv_509 (80)

Most output co-occurring input variables: iv_510-iv_511 (38)  
Least output co-occurring input variables: iv_507-iv_510 (28)

Potentially most output occurring input variable: iv_506/iv_510 (89)  
Potentially least output occurring input variable: iv_510/iv_511 (71)

Least complex input bit: iv_511 (1.1136224539447508 × 10^291)  
Most complex input bit: iv_510 (4.7952695331721995 × 10^294)

Least complex output bit: aaa_76_29 (2.8709724762388177 × 10^270)  
Most complex output bit: ov_001 (2.253885447051304 × 10^294)

Least complex input/output complexity: iv_511/aaa_76_29 (2.225186617340798 × 10^266)  
Most complex input/output complexity: iv_510/ov_001 (7.522189912373286 × 10^293)

Input variable with highest collision probability: iv_511 (½^160.00000000000063)

## Input Bits

### Input Bits in Regular Order

| Input Bit | Complexity | Occurrences | Output Occurrences | Collision Probability |
|:---------:|:----------:|:-----------:|:------------------:|:---------------------:|
| iv_506 | 3.3938279292242245 × 10^294 | 4203 | 72 | ½^160.0000000000007 |
| iv_507 | 1.7351356899438234 × 10^294 | 4005 | 72 | ½^160.0000000000007 |
| iv_509 | 4.442793808478254 × 10^294 | 4217 | 80 | ½^160.00000000000077 |
| iv_510 | 4.7952695331721995 × 10^294 | 4140 | 73 | ½^160.00000000000074 |
| iv_511 | 1.1136224539447508 × 10^291 | 4049 | 74 | ½^160.00000000000063 |

### Input Bits Sorted by Complexity

| Input Bit | Complexity | Occurrences | Output Occurrences | Collision Probability |
|:---------:|:----------:|:-----------:|:------------------:|:---------------------:|
| iv_511 | 1.1136224539447508 × 10^291 | 4049 | 74 | ½^160.00000000000063 |
| iv_507 | 1.7351356899438234 × 10^294 | 4005 | 72 | ½^160.0000000000007 |
| iv_506 | 3.3938279292242245 × 10^294 | 4203 | 72 | ½^160.0000000000007 |
| iv_509 | 4.442793808478254 × 10^294 | 4217 | 80 | ½^160.00000000000077 |
| iv_510 | 4.7952695331721995 × 10^294 | 4140 | 73 | ½^160.00000000000074 |

### Input Bits Sorted by Occurrences

| Input Bit | Complexity | Occurrences | Output Occurrences | Collision Probability |
|:---------:|:----------:|:-----------:|:------------------:|:---------------------:|
| iv_507 | 1.7351356899438234 × 10^294 | 4005 | 72 | ½^160.0000000000007 |
| iv_511 | 1.1136224539447508 × 10^291 | 4049 | 74 | ½^160.00000000000063 |
| iv_510 | 4.7952695331721995 × 10^294 | 4140 | 73 | ½^160.00000000000074 |
| iv_506 | 3.3938279292242245 × 10^294 | 4203 | 72 | ½^160.0000000000007 |
| iv_509 | 4.442793808478254 × 10^294 | 4217 | 80 | ½^160.00000000000077 |

### Input Bits Sorted by Output Occurrences

| Input Bit | Complexity | Occurrences | Output Occurrences | Collision Probability |
|:---------:|:----------:|:-----------:|:------------------:|:---------------------:|
| iv_506 | 3.3938279292242245 × 10^294 | 4203 | 72 | ½^160.0000000000007 |
| iv_507 | 1.7351356899438234 × 10^294 | 4005 | 72 | ½^160.0000000000007 |
| iv_510 | 4.7952695331721995 × 10^294 | 4140 | 73 | ½^160.00000000000074 |
| iv_511 | 1.1136224539447508 × 10^291 | 4049 | 74 | ½^160.00000000000063 |
| iv_509 | 4.442793808478254 × 10^294 | 4217 | 80 | ½^160.00000000000077 |

### Input Bits Sorted by Collision Probability

| Input Bit | Complexity | Occurrences | Output Occurrences | Collision Probability |
|:---------:|:----------:|:-----------:|:------------------:|:---------------------:|
| iv_511 | 1.1136224539447508 × 10^291 | 4049 | 74 | ½^160.00000000000063 |
| iv_507 | 1.7351356899438234 × 10^294 | 4005 | 72 | ½^160.0000000000007 |
| iv_506 | 3.3938279292242245 × 10^294 | 4203 | 72 | ½^160.0000000000007 |
| iv_510 | 4.7952695331721995 × 10^294 | 4140 | 73 | ½^160.00000000000074 |
| iv_509 | 4.442793808478254 × 10^294 | 4217 | 80 | ½^160.00000000000077 |

## Input Bit/Output Bit Collision Probabilities

| Input Bit | Output Bit | Collision Probability |
|:---------:|:----------:|:---------------------:|
| iv_509 | ov_146 | 0.500000000000002 |
| iv_511 | ov_030 | 0.5000000000000019 |
| iv_506 | ov_029 | 0.5000000000000018 |
| iv_509 | ov_031 | 0.5000000000000018 |
| iv_509 | aaa_76_29 | 0.5000000000000018 |

## Input Bit Co-occurrences

### Input Bit Co-occurrences Sorted by Co-occurrences

| Input Bits | Co-occurrences | Potential Occurrences | Output Co-occurrences | Potential Output Occurrences |
|:----------:|:--------------:|:---------------------:|:---------------------:|:----------------------------:|
| iv_506-iv_509 | 2054 | 4312 | 38 | 76 |
| iv_509-iv_510 | 2029 | 4299 | 34 | 85 |
| iv_507-iv_509 | 1973 | 4276 | 34 | 84 |
| iv_506-iv_510 | 1945 | 4453 | 28 | 89 |
| iv_509-iv_511 | 1917 | 4432 | 37 | 80 |

### Input Bit Co-occurrences Sorted by Potential Occurrences

| Input Bits | Co-occurrences | Potential Occurrences | Output Co-occurrences | Potential Output Occurrences |
|:----------:|:--------------:|:---------------------:|:---------------------:|:----------------------------:|
| iv_507-iv_511 | 1894 | 4266 | 32 | 82 |
| iv_507-iv_509 | 1973 | 4276 | 34 | 84 |
| iv_509-iv_510 | 2029 | 4299 | 34 | 85 |
| iv_506-iv_509 | 2054 | 4312 | 38 | 76 |
| iv_510-iv_511 | 1900 | 4389 | 38 | 71 |

### Input Bit Output Co-occurrences Sorted by Output Co-occurrences

| Input Bits | Co-occurrences | Potential Occurrences | Output Co-occurrences | Potential Output Occurrences |
|:----------:|:--------------:|:---------------------:|:---------------------:|:----------------------------:|
| iv_506-iv_509 | 2054 | 4312 | 38 | 76 |
| iv_510-iv_511 | 1900 | 4389 | 38 | 71 |
| iv_506-iv_511 | 1881 | 4490 | 37 | 72 |
| iv_509-iv_511 | 1917 | 4432 | 37 | 80 |
| iv_509-iv_510 | 2029 | 4299 | 34 | 85 |

### Input Bit Output Co-occurrences Sorted by Potential Output Occurrences

| Input Bits | Co-occurrences | Potential Occurrences | Output Co-occurrences | Potential Output Occurrences |
|:----------:|:--------------:|:---------------------:|:---------------------:|:----------------------------:|
| iv_510-iv_511 | 1900 | 4389 | 38 | 71 |
| iv_506-iv_511 | 1881 | 4490 | 37 | 72 |
| iv_506-iv_509 | 2054 | 4312 | 38 | 76 |
| iv_509-iv_511 | 1917 | 4432 | 37 | 80 |
| iv_506-iv_507 | 1774 | 4660 | 31 | 82 |

## Output Bits

### Output Bits in Regular Order

| Rank | Output Bit | Complexity |
|:----:|:----------:|:----------:|
| 1 | ov_001 | 2.253885447051304 × 10^294 |
| 2 | ov_002 | 1.9700205048891622 × 10^294 |
| 3 | ov_003 | 1.711524055179395 × 10^294 |
| 4 | ov_004 | 1.4771833600553444 × 10^294 |
| 5 | ov_005 | 1.2658516083106604 × 10^294 |
| 6 | ov_006 | 1.076443224579438 × 10^294 |
| 7 | ov_007 | 9.079298150210247 × 10^293 |
| 8 | ov_008 | 7.593366695668416 × 10^293 |
| 9 | ov_009 | 6.297397449677818 × 10^293 |
| 10 | ov_010 | 5.174329302765664 × 10^293 |
| 11 | ov_011 | 4.207999117692796 × 10^293 |
| 12 | ov_012 | 3.3831071217538527 × 10^293 |
| 13 | ov_013 | 2.6851881995832757 × 10^293 |
| 14 | ov_014 | 2.1005885195559724 × 10^293 |
| 15 | ov_015 | 1.6164469628881195 × 10^293 |
| 16 | ov_016 | 1.2206808602216518 × 10^293 |
| 17 | ov_017 | 9.019755294609065 × 10^292 |
| 18 | ov_018 | 6.497770089320845 × 10^292 |
| 19 | ov_019 | 4.5428729331217345 × 10^292 |
| 20 | ov_020 | 3.064613991769032 × 10^292 |
| 21 | ov_021 | 1.9800565722713658 × 10^292 |
| 22 | ov_022 | 1.2137672296214784 × 10^292 |
| 23 | ov_023 | 6.978095707210267 × 10^291 |
| 24 | ov_024 | 3.717400906436781 × 10^291 |
| 25 | ov_025 | 1.826054451739984 × 10^291 |
| 26 | ov_026 | 8.494081175072122 × 10^290 |
| 27 | ov_027 | 4.0769008113138116 × 10^290 |
| 28 | ov_028 | 1.960008253372557 × 10^290 |
| 29 | ov_029 | 8.06083704176779 × 10^289 |
| 30 | ov_030 | 2.6608448235552687 × 10^289 |
| 31 | ov_031 | 6.42338033944918 × 10^288 |
| 32 | lv_80_k31 | 1.5494557923257497 × 10^288 |
| 33 | ov_033 | 1.8558550208866075 × 10^289 |
| 34 | ov_034 | 1.602773605463972 × 10^289 |
| 35 | ov_035 | 1.3762793551344391 × 10^289 |
| 36 | ov_036 | 1.174952522314917 × 10^289 |
| 37 | ov_037 | 9.97451226121815 × 10^288 |
| 38 | ov_038 | 8.425056468707381 × 10^288 |
| 39 | ov_039 | 7.077728653778909 × 10^288 |
| 40 | ov_040 | 5.910316131470889 × 10^288 |
| 41 | ov_041 | 4.901754433446309 × 10^288 |
| 42 | ov_042 | 4.032069952494987 × 10^288 |
| 43 | ov_043 | 3.2823322602758294 × 10^288 |
| 44 | ov_044 | 2.6346149171860322 × 10^288 |
| 45 | ov_045 | 2.0802012969196535 × 10^288 |
| 46 | ov_046 | 1.610853772967173 × 10^288 |
| 47 | ov_047 | 1.218802462490633 × 10^288 |
| 48 | ov_048 | 8.967364402730388 × 10^287 |
| 49 | ov_049 | 6.377970433080458 × 10^287 |
| 50 | ov_050 | 4.3557296744563336 × 10^287 |
| 51 | ov_051 | 2.8409684390867762 × 10^287 |
| 52 | ov_052 | 1.778429694636991 × 10^287 |
| 53 | ov_053 | 1.0707989386528117 × 10^287 |
| 54 | ov_054 | 6.295461505909707 × 10^286 |
| 55 | ov_055 | 3.7491888097892784 × 10^286 |
| 56 | ov_056 | 2.3593818517892106 × 10^286 |
| 57 | ov_057 | 1.5039607112178813 × 10^286 |
| 58 | ov_058 | 8.938103486466874 × 10^285 |
| 59 | ov_059 | 4.85089273156586 × 10^285 |
| 60 | ov_060 | 2.3395713764205055 × 10^285 |
| 61 | ov_061 | 9.657396361597006 × 10^284 |
| 62 | ov_062 | 3.2006302669887055 × 10^284 |
| 63 | ov_063 | 7.7625467295428335 × 10^283 |
| 64 | lv_79_k31 | 1.8816938760898722 × 10^283 |
| 65 | ov_065 | 2.2012206658463133 × 10^284 |
| 66 | ov_066 | 2.2012149485176406 × 10^284 |
| 67 | ov_067 | 2.2012130955174383 × 10^284 |
| 68 | ov_068 | 1.9105696497912056 × 10^284 |
| 69 | ov_069 | 1.647674440235076 × 10^284 |
| 70 | ov_070 | 1.411047724688233 × 10^284 |
| 71 | ov_071 | 1.1993012152703839 × 10^284 |
| 72 | ov_072 | 1.011131827414382 × 10^284 |
| 73 | ov_073 | 8.453159694000928 × 10^283 |
| 74 | ov_074 | 7.007043443307602 × 10^283 |
| 75 | ov_075 | 5.752028524248237 × 10^283 |
| 76 | ov_076 | 4.668442339649406 × 10^283 |
| 77 | ov_077 | 3.7467561444294134 × 10^283 |
| 78 | ov_078 | 2.969625263679516 × 10^283 |
| 79 | ov_079 | 2.320779966120367 × 10^283 |
| 80 | ov_080 | 1.784975605913822 × 10^283 |
| 81 | ov_081 | 1.3479492909846382 × 10^283 |
| 82 | ov_082 | 9.963826107935121 × 10^282 |
| 83 | ov_083 | 7.17869958438958 × 10^282 |
| 84 | ov_084 | 5.008919831562905 × 10^282 |
| 85 | ov_085 | 3.347937099728683 × 10^282 |
| 86 | ov_086 | 2.144612875360539 × 10^282 |
| 87 | ov_087 | 1.3091920602749992 × 10^282 |
| 88 | ov_088 | 7.601406588356885 × 10^281 |
| 89 | ov_089 | 4.240673946671822 × 10^281 |
| 90 | ov_090 | 2.356688721758267 × 10^281 |
| 91 | ov_091 | 1.3769365981132196 × 10^281 |
| 92 | ov_092 | 8.092071050824969 × 10^280 |
| 93 | ov_093 | 4.27451534164633 × 10^280 |
| 94 | ov_094 | 1.9161074627424684 × 10^280 |
| 95 | aaa_78_28 | 6.163058507789976 × 10^279 |
| 96 | aaa_78_29 | 2.3353097807288027 × 10^279 |
| 97 | ov_097 | 2.5451687842688792 × 10^279 |
| 98 | ov_098 | 2.545091499752043 × 10^279 |
| 99 | ov_099 | 2.5450667957281885 × 10^279 |
| 100 | ov_100 | 2.2908830360078767 × 10^279 |
| 101 | ov_101 | 2.0553791575602487 × 10^279 |
| 102 | ov_102 | 1.837533634472399 × 10^279 |
| 103 | ov_103 | 1.6364008082391226 × 10^279 |
| 104 | ov_104 | 1.451100787805295 × 10^279 |
| 105 | ov_105 | 1.2808102863144962 × 10^279 |
| 106 | ov_106 | 1.1247543439154244 × 10^279 |
| 107 | ov_107 | 9.821988882286951 × 10^278 |
| 108 | ov_108 | 8.524440859342925 × 10^278 |
| 109 | ov_109 | 7.348184404479783 × 10^278 |
| 110 | ov_110 | 6.286735918546966 × 10^278 |
| 111 | ov_111 | 5.333797762000835 × 10^278 |
| 112 | ov_112 | 4.483219019490574 × 10^278 |
| 113 | ov_113 | 3.7289620194187664 × 10^278 |
| 114 | ov_114 | 3.065074195493755 × 10^278 |
| 115 | ov_115 | 2.485664879814697 × 10^278 |
| 116 | ov_116 | 1.9848866186272807 × 10^278 |
| 117 | ov_117 | 1.5569206028462635 × 10^278 |
| 118 | ov_118 | 1.1959658059954003 × 10^278 |
| 119 | ov_119 | 8.962314225013476 × 10^277 |
| 120 | ov_120 | 6.519321994230888 × 10^277 |
| 121 | ov_121 | 4.572860202348098 × 10^277 |
| 122 | ov_122 | 3.065127319182811 × 10^277 |
| 123 | ov_123 | 1.9383341001880944 × 10^277 |
| 124 | ov_124 | 1.134698237932148 × 10^277 |
| 125 | ov_125 | 5.964408515143756 × 10^276 |
| 126 | ov_126 | 2.6578446632159137 × 10^276 |
| 127 | aaa_77_28 | 8.495205737268562 × 10^275 |
| 128 | aaa_77_29 | 3.188058148324025 × 10^275 |
| 129 | ov_129 | 2.8865643898584367 × 10^275 |
| 130 | ov_130 | 2.8865573987230963 × 10^275 |
| 131 | ov_131 | 2.886555149461711 × 10^275 |
| 132 | ov_132 | 2.5032266203872147 × 10^275 |
| 133 | ov_133 | 2.156411036935165 × 10^275 |
| 134 | ov_134 | 1.8444177764185276 × 10^275 |
| 135 | ov_135 | 1.5656530852192278 × 10^275 |
| 136 | ov_136 | 1.3186128466493052 × 10^275 |
| 137 | ov_137 | 1.1018761598058416 × 10^275 |
| 138 | ov_138 | 9.12828950038132 × 10^274 |
| 139 | ov_139 | 7.489980986518819 × 10^274 |
| 140 | ov_140 | 6.080435308449664 × 10^274 |
| 141 | ov_141 | 4.877515165051042 × 10^274 |
| 142 | ov_142 | 3.8602907329108956 × 10^274 |
| 143 | ov_143 | 3.008993494841292 × 10^274 |
| 144 | ov_144 | 2.30497878736111 × 10^274 |
| 145 | ov_145 | 1.7306960736336325 × 10^274 |
| 146 | ov_146 | 1.2696658801300865 × 10^274 |
| 147 | ov_147 | 9.064623430685363 × 10^273 |
| 148 | ov_148 | 6.267003946066537 × 10^273 |
| 149 | ov_149 | 4.170267025484545 × 10^273 |
| 150 | ov_150 | 2.651135610199532 × 10^273 |
| 151 | ov_151 | 1.5965501321032972 × 10^273 |
| 152 | ov_152 | 9.036457088084376 × 10^272 |
| 153 | ov_153 | 4.7973978924417893 × 10^272 |
| 154 | ov_154 | 2.4232575639768687 × 10^272 |
| 155 | ov_155 | 1.1906946340113693 × 10^272 |
| 156 | aaa_76_25 | 4.780734253344393 × 10^271 |
| 157 | aaa_76_26 | 2.943696597072697 × 10^271 |
| 158 | aaa_76_27 | 1.6150959746201732 × 10^271 |
| 159 | aaa_76_28 | 7.617613916169104 × 10^270 |
| 160 | aaa_76_29 | 2.8709724762388177 × 10^270 |

### Output Bits Sorted by Complexity

| Rank | Output Bit | Complexity |
|:----:|:----------:|:----------:|
| 160 | aaa_76_29 | 2.8709724762388177 × 10^270 |
| 159 | aaa_76_28 | 7.617613916169104 × 10^270 |
| 158 | aaa_76_27 | 1.6150959746201732 × 10^271 |
| 157 | aaa_76_26 | 2.943696597072697 × 10^271 |
| 156 | aaa_76_25 | 4.780734253344393 × 10^271 |
| 155 | ov_155 | 1.1906946340113693 × 10^272 |
| 154 | ov_154 | 2.4232575639768687 × 10^272 |
| 153 | ov_153 | 4.7973978924417893 × 10^272 |
| 152 | ov_152 | 9.036457088084376 × 10^272 |
| 151 | ov_151 | 1.5965501321032972 × 10^273 |
| 150 | ov_150 | 2.651135610199532 × 10^273 |
| 149 | ov_149 | 4.170267025484545 × 10^273 |
| 148 | ov_148 | 6.267003946066537 × 10^273 |
| 147 | ov_147 | 9.064623430685363 × 10^273 |
| 146 | ov_146 | 1.2696658801300865 × 10^274 |
| 145 | ov_145 | 1.7306960736336325 × 10^274 |
| 144 | ov_144 | 2.30497878736111 × 10^274 |
| 143 | ov_143 | 3.008993494841292 × 10^274 |
| 142 | ov_142 | 3.8602907329108956 × 10^274 |
| 141 | ov_141 | 4.877515165051042 × 10^274 |
| 140 | ov_140 | 6.080435308449664 × 10^274 |
| 139 | ov_139 | 7.489980986518819 × 10^274 |
| 138 | ov_138 | 9.12828950038132 × 10^274 |
| 137 | ov_137 | 1.1018761598058416 × 10^275 |
| 136 | ov_136 | 1.3186128466493052 × 10^275 |
| 135 | ov_135 | 1.5656530852192278 × 10^275 |
| 134 | ov_134 | 1.8444177764185276 × 10^275 |
| 133 | ov_133 | 2.156411036935165 × 10^275 |
| 132 | ov_132 | 2.5032266203872147 × 10^275 |
| 131 | ov_131 | 2.886555149461711 × 10^275 |
| 130 | ov_130 | 2.8865573987230963 × 10^275 |
| 129 | ov_129 | 2.8865643898584367 × 10^275 |
| 128 | aaa_77_29 | 3.188058148324025 × 10^275 |
| 127 | aaa_77_28 | 8.495205737268562 × 10^275 |
| 126 | ov_126 | 2.6578446632159137 × 10^276 |
| 125 | ov_125 | 5.964408515143756 × 10^276 |
| 124 | ov_124 | 1.134698237932148 × 10^277 |
| 123 | ov_123 | 1.9383341001880944 × 10^277 |
| 122 | ov_122 | 3.065127319182811 × 10^277 |
| 121 | ov_121 | 4.572860202348098 × 10^277 |
| 120 | ov_120 | 6.519321994230888 × 10^277 |
| 119 | ov_119 | 8.962314225013476 × 10^277 |
| 118 | ov_118 | 1.1959658059954003 × 10^278 |
| 117 | ov_117 | 1.5569206028462635 × 10^278 |
| 116 | ov_116 | 1.9848866186272807 × 10^278 |
| 115 | ov_115 | 2.485664879814697 × 10^278 |
| 114 | ov_114 | 3.065074195493755 × 10^278 |
| 113 | ov_113 | 3.7289620194187664 × 10^278 |
| 112 | ov_112 | 4.483219019490574 × 10^278 |
| 111 | ov_111 | 5.333797762000835 × 10^278 |
| 110 | ov_110 | 6.286735918546966 × 10^278 |
| 109 | ov_109 | 7.348184404479783 × 10^278 |
| 108 | ov_108 | 8.524440859342925 × 10^278 |
| 107 | ov_107 | 9.821988882286951 × 10^278 |
| 106 | ov_106 | 1.1247543439154244 × 10^279 |
| 105 | ov_105 | 1.2808102863144962 × 10^279 |
| 104 | ov_104 | 1.451100787805295 × 10^279 |
| 103 | ov_103 | 1.6364008082391226 × 10^279 |
| 102 | ov_102 | 1.837533634472399 × 10^279 |
| 101 | ov_101 | 2.0553791575602487 × 10^279 |
| 100 | ov_100 | 2.2908830360078767 × 10^279 |
| 96 | aaa_78_29 | 2.3353097807288027 × 10^279 |
| 99 | ov_099 | 2.5450667957281885 × 10^279 |
| 98 | ov_098 | 2.545091499752043 × 10^279 |
| 97 | ov_097 | 2.5451687842688792 × 10^279 |
| 95 | aaa_78_28 | 6.163058507789976 × 10^279 |
| 94 | ov_094 | 1.9161074627424684 × 10^280 |
| 93 | ov_093 | 4.27451534164633 × 10^280 |
| 92 | ov_092 | 8.092071050824969 × 10^280 |
| 91 | ov_091 | 1.3769365981132196 × 10^281 |
| 90 | ov_090 | 2.356688721758267 × 10^281 |
| 89 | ov_089 | 4.240673946671822 × 10^281 |
| 88 | ov_088 | 7.601406588356885 × 10^281 |
| 87 | ov_087 | 1.3091920602749992 × 10^282 |
| 86 | ov_086 | 2.144612875360539 × 10^282 |
| 85 | ov_085 | 3.347937099728683 × 10^282 |
| 84 | ov_084 | 5.008919831562905 × 10^282 |
| 83 | ov_083 | 7.17869958438958 × 10^282 |
| 82 | ov_082 | 9.963826107935121 × 10^282 |
| 81 | ov_081 | 1.3479492909846382 × 10^283 |
| 80 | ov_080 | 1.784975605913822 × 10^283 |
| 64 | lv_79_k31 | 1.8816938760898722 × 10^283 |
| 79 | ov_079 | 2.320779966120367 × 10^283 |
| 78 | ov_078 | 2.969625263679516 × 10^283 |
| 77 | ov_077 | 3.7467561444294134 × 10^283 |
| 76 | ov_076 | 4.668442339649406 × 10^283 |
| 75 | ov_075 | 5.752028524248237 × 10^283 |
| 74 | ov_074 | 7.007043443307602 × 10^283 |
| 63 | ov_063 | 7.7625467295428335 × 10^283 |
| 73 | ov_073 | 8.453159694000928 × 10^283 |
| 72 | ov_072 | 1.011131827414382 × 10^284 |
| 71 | ov_071 | 1.1993012152703839 × 10^284 |
| 70 | ov_070 | 1.411047724688233 × 10^284 |
| 69 | ov_069 | 1.647674440235076 × 10^284 |
| 68 | ov_068 | 1.9105696497912056 × 10^284 |
| 67 | ov_067 | 2.2012130955174383 × 10^284 |
| 66 | ov_066 | 2.2012149485176406 × 10^284 |
| 65 | ov_065 | 2.2012206658463133 × 10^284 |
| 62 | ov_062 | 3.2006302669887055 × 10^284 |
| 61 | ov_061 | 9.657396361597006 × 10^284 |
| 60 | ov_060 | 2.3395713764205055 × 10^285 |
| 59 | ov_059 | 4.85089273156586 × 10^285 |
| 58 | ov_058 | 8.938103486466874 × 10^285 |
| 57 | ov_057 | 1.5039607112178813 × 10^286 |
| 56 | ov_056 | 2.3593818517892106 × 10^286 |
| 55 | ov_055 | 3.7491888097892784 × 10^286 |
| 54 | ov_054 | 6.295461505909707 × 10^286 |
| 53 | ov_053 | 1.0707989386528117 × 10^287 |
| 52 | ov_052 | 1.778429694636991 × 10^287 |
| 51 | ov_051 | 2.8409684390867762 × 10^287 |
| 50 | ov_050 | 4.3557296744563336 × 10^287 |
| 49 | ov_049 | 6.377970433080458 × 10^287 |
| 48 | ov_048 | 8.967364402730388 × 10^287 |
| 47 | ov_047 | 1.218802462490633 × 10^288 |
| 32 | lv_80_k31 | 1.5494557923257497 × 10^288 |
| 46 | ov_046 | 1.610853772967173 × 10^288 |
| 45 | ov_045 | 2.0802012969196535 × 10^288 |
| 44 | ov_044 | 2.6346149171860322 × 10^288 |
| 43 | ov_043 | 3.2823322602758294 × 10^288 |
| 42 | ov_042 | 4.032069952494987 × 10^288 |
| 41 | ov_041 | 4.901754433446309 × 10^288 |
| 40 | ov_040 | 5.910316131470889 × 10^288 |
| 31 | ov_031 | 6.42338033944918 × 10^288 |
| 39 | ov_039 | 7.077728653778909 × 10^288 |
| 38 | ov_038 | 8.425056468707381 × 10^288 |
| 37 | ov_037 | 9.97451226121815 × 10^288 |
| 36 | ov_036 | 1.174952522314917 × 10^289 |
| 35 | ov_035 | 1.3762793551344391 × 10^289 |
| 34 | ov_034 | 1.602773605463972 × 10^289 |
| 33 | ov_033 | 1.8558550208866075 × 10^289 |
| 30 | ov_030 | 2.6608448235552687 × 10^289 |
| 29 | ov_029 | 8.06083704176779 × 10^289 |
| 28 | ov_028 | 1.960008253372557 × 10^290 |
| 27 | ov_027 | 4.0769008113138116 × 10^290 |
| 26 | ov_026 | 8.494081175072122 × 10^290 |
| 25 | ov_025 | 1.826054451739984 × 10^291 |
| 24 | ov_024 | 3.717400906436781 × 10^291 |
| 23 | ov_023 | 6.978095707210267 × 10^291 |
| 22 | ov_022 | 1.2137672296214784 × 10^292 |
| 21 | ov_021 | 1.9800565722713658 × 10^292 |
| 20 | ov_020 | 3.064613991769032 × 10^292 |
| 19 | ov_019 | 4.5428729331217345 × 10^292 |
| 18 | ov_018 | 6.497770089320845 × 10^292 |
| 17 | ov_017 | 9.019755294609065 × 10^292 |
| 16 | ov_016 | 1.2206808602216518 × 10^293 |
| 15 | ov_015 | 1.6164469628881195 × 10^293 |
| 14 | ov_014 | 2.1005885195559724 × 10^293 |
| 13 | ov_013 | 2.6851881995832757 × 10^293 |
| 12 | ov_012 | 3.3831071217538527 × 10^293 |
| 11 | ov_011 | 4.207999117692796 × 10^293 |
| 10 | ov_010 | 5.174329302765664 × 10^293 |
| 9 | ov_009 | 6.297397449677818 × 10^293 |
| 8 | ov_008 | 7.593366695668416 × 10^293 |
| 7 | ov_007 | 9.079298150210247 × 10^293 |
| 6 | ov_006 | 1.076443224579438 × 10^294 |
| 5 | ov_005 | 1.2658516083106604 × 10^294 |
| 4 | ov_004 | 1.4771833600553444 × 10^294 |
| 3 | ov_003 | 1.711524055179395 × 10^294 |
| 2 | ov_002 | 1.9700205048891622 × 10^294 |
| 1 | ov_001 | 2.253885447051304 × 10^294 |

