# Results for F001-F002-F003-F004-F005-F006-F007-F008-F009-F010-F011-F012-F013-F014-F015-F016-F017-F018-F019-F020-F021-F022-F023-F024-F025-F026-F027-F028-F029-F030-F031-F032-F033-F034-F035-F036-F037-F038-F039-F040-F041-F042-F043-F044-F045-F046-F047-F048-F049-F050-F051-F052-F053-F054-F055-F056-F057-F058-F059-F060-F061-F062-F063-F064-F065-F066-F067-F068-F069-F070-F071-F072-F073-F074-F075-F076-F077-F078-F079-F080-F081-F082-F083-F084-F085-F086-F087-F088-F089-F090-F091-F092-F093-F094-F095-F096-F097-F098-F099-F100-F101-F102-F103-F104-F105-F106-F107-F108-F109-F110-F111-F112-F113-F114-F115-F116-F117-F118-F119-F120-F121-F122-F123-F124-F125-F126-F127-F128-F129-F130-F131-F132-F133-F134-F135-F136-F137-F138-F139-F140-F141-F142-F143-F144-F145-F146-F147-F148-F149-F150-F151-F152-F153-F154-F155-F156-F157-F158-F159-F160-F161-F162-F163-F164-F165-F166-F167-F168-F169-F170-F171-F172-F173-F174-F175-F176-F177-F178-F179-F180-F181-F182-F183-F184-F185-F186-F187-F188-F189-F190-F191-F192-F193-F194-F195-F196-F197-F198-F199-F200-F201-F202-F203-F204-F205-F206-F207-F208-F209-F210-F211-F212-F213-F214-F215-F216-F217-F218-F219-F220-F221-F222-F223-F224-F225-F226-F227-F228-F229-F230-F231-F232-F233-F234-F235-F236-F237-F238-F239-F240-F241-F242-F243-F244-F245-F246-F247-F248-F249-F250-F251-F252-F253-F254-F255-F256-F257-F258-F259-F260-F261-F262-F263-F264-F265-F266-F267-F268-F269-F270-F271-F272-F273-F274-F275-F276-F277-F278-F279-F280-F281-F282-F283-F284-F285-F286-F287-F288-F289-F290-F291-F292-F293-F294-F295-F296-F297-F298-F299-F300-F301-F302-F303-F304-F305-F306-F307-F308-F309-F310-F311-F312-F313-F314-F315-F316-F317-F318-F319-F320-F321-F322-F323-F324-F325-F326-F327-F328-F329-F330-F331-F332-F333-F334-F335-F336-F337-F338-F339-F340-F341-F342-F343-F344-F345-F346-F347-F348-F349-F350-F351-F352-F353-F354-F355-F356-F357-F358-F359-F360-F361-F362-F363-F364-F365-F366-F367-F368-F369-F370-F371-F372-F373-F374-F375-F376-F377-F378-F379-F380-F381-F382-F383-F384-F385-F386-F387-F388-F389-F390-F391-F392-F393-F394-F395-F396-F397-F398-F399-F400-F401-F402-F403-F404-F405-F406-F407-F408-F409-F410-F411-F412-F413-F414-F415-F416-F417-F418-F419-F420-F421-F422-F423-F424-F425-F426-F427-F428-F429-F430-F431-F432-F433-F434-F435-F436-F437-F438-F439-F440-F441-F442-F443-F444-F445-F446-F447-F448-F449-F450-F451-F452-F453-F454-F455-F456-F457-F458-F459-F460-F461-F462-F463-F464-F465-F466-F467-F468-F469-F470-F471-F472-F473-F474-F475-F476-F477-F478-F479-F480-F481-F482-F483-F484-F485-F486-F487-F488-F489-F490-F491-F492-F493-F494-F495-F496-F497-F498-F499-F500-F501-F502-F503-F504-F505-F506-F507

## Summary

Number of input bits: 512  
Number of free input bits: 5  
Number of output bits: 160

Number of direct occurrences: 20571  
Number of assignments: 29913  
Number of operations: 10835771
(xor: 10804026,
and: 19231,
or: 12514)

Total complexity: 5.533079654771712 × 10^294

Least occurring input variable: iv_508 (4020)  
Most occurring input variable: iv_512 (4283)

Most co-occurring input variables: iv_511-iv_512 (2050)  
Least co-occurring input variables: iv_508-iv_510 (1871)

Potentially most occurring input variable: iv_509/iv_512 (4419)  
Potentially least occurring input variable: iv_508/iv_509 (4216)

Least output occurring input variable: iv_508 (70)  
Most output occurring input variable: iv_512 (84)

Most output co-occurring input variables: iv_510-iv_512 (44)  
Least output co-occurring input variables: iv_508-iv_511 (23)

Potentially most output occurring input variable: iv_508/iv_511 (94)  
Potentially least output occurring input variable: iv_508/iv_512 (70)

Least complex input bit: iv_508 (5.876210625891142 × 10^293)  
Most complex input bit: iv_510 (1.8292345632840112 × 10^294)

Least complex output bit: aaa_76_29 (1.1018858441493088 × 10^270)  
Most complex output bit: ov_001 (8.479494947391646 × 10^293)

Least complex input/output complexity: iv_508/aaa_76_29 (1.1702187045735447 × 10^269)  
Most complex input/output complexity: iv_510/ov_001 (2.803318622674134 × 10^293)

Input variable with highest collision probability: iv_512 (½^160.00000000000045)

## Input Bits

### Input Bits in Regular Order

| Input Bit | Complexity | Occurrences | Output Occurrences | Collision Probability |
|:---------:|:----------:|:-----------:|:------------------:|:---------------------:|
| iv_508 | 5.876210625891142 × 10^293 | 4020 | 70 | ½^160.00000000000074 |
| iv_509 | 1.1189397852137794 × 10^294 | 4026 | 78 | ½^160.00000000000097 |
| iv_510 | 1.8292345632840112 × 10^294 | 4079 | 80 | ½^160.00000000000082 |
| iv_511 | 9.05991918008311 × 10^293 | 4163 | 70 | ½^160.00000000000097 |
| iv_512 | 1.0912923256765037 × 10^294 | 4283 | 84 | ½^160.00000000000045 |

### Input Bits Sorted by Complexity

| Input Bit | Complexity | Occurrences | Output Occurrences | Collision Probability |
|:---------:|:----------:|:-----------:|:------------------:|:---------------------:|
| iv_508 | 5.876210625891142 × 10^293 | 4020 | 70 | ½^160.00000000000074 |
| iv_511 | 9.05991918008311 × 10^293 | 4163 | 70 | ½^160.00000000000097 |
| iv_512 | 1.0912923256765037 × 10^294 | 4283 | 84 | ½^160.00000000000045 |
| iv_509 | 1.1189397852137794 × 10^294 | 4026 | 78 | ½^160.00000000000097 |
| iv_510 | 1.8292345632840112 × 10^294 | 4079 | 80 | ½^160.00000000000082 |

### Input Bits Sorted by Occurrences

| Input Bit | Complexity | Occurrences | Output Occurrences | Collision Probability |
|:---------:|:----------:|:-----------:|:------------------:|:---------------------:|
| iv_508 | 5.876210625891142 × 10^293 | 4020 | 70 | ½^160.00000000000074 |
| iv_509 | 1.1189397852137794 × 10^294 | 4026 | 78 | ½^160.00000000000097 |
| iv_510 | 1.8292345632840112 × 10^294 | 4079 | 80 | ½^160.00000000000082 |
| iv_511 | 9.05991918008311 × 10^293 | 4163 | 70 | ½^160.00000000000097 |
| iv_512 | 1.0912923256765037 × 10^294 | 4283 | 84 | ½^160.00000000000045 |

### Input Bits Sorted by Output Occurrences

| Input Bit | Complexity | Occurrences | Output Occurrences | Collision Probability |
|:---------:|:----------:|:-----------:|:------------------:|:---------------------:|
| iv_508 | 5.876210625891142 × 10^293 | 4020 | 70 | ½^160.00000000000074 |
| iv_511 | 9.05991918008311 × 10^293 | 4163 | 70 | ½^160.00000000000097 |
| iv_509 | 1.1189397852137794 × 10^294 | 4026 | 78 | ½^160.00000000000097 |
| iv_510 | 1.8292345632840112 × 10^294 | 4079 | 80 | ½^160.00000000000082 |
| iv_512 | 1.0912923256765037 × 10^294 | 4283 | 84 | ½^160.00000000000045 |

### Input Bits Sorted by Collision Probability

| Input Bit | Complexity | Occurrences | Output Occurrences | Collision Probability |
|:---------:|:----------:|:-----------:|:------------------:|:---------------------:|
| iv_512 | 1.0912923256765037 × 10^294 | 4283 | 84 | ½^160.00000000000045 |
| iv_508 | 5.876210625891142 × 10^293 | 4020 | 70 | ½^160.00000000000074 |
| iv_510 | 1.8292345632840112 × 10^294 | 4079 | 80 | ½^160.00000000000082 |
| iv_509 | 1.1189397852137794 × 10^294 | 4026 | 78 | ½^160.00000000000097 |
| iv_511 | 9.05991918008311 × 10^293 | 4163 | 70 | ½^160.00000000000097 |

## Input Bit/Output Bit Collision Probabilities

| Input Bit | Output Bit | Collision Probability |
|:---------:|:----------:|:---------------------:|
| iv_512 | ov_084 | 0.5000000000000038 |
| iv_512 | ov_066 | 0.5000000000000021 |
| iv_512 | ov_018 | 0.5000000000000018 |
| iv_512 | lv_80_k31 | 0.5000000000000018 |
| iv_512 | ov_037 | 0.5000000000000018 |

## Input Bit Co-occurrences

### Input Bit Co-occurrences Sorted by Co-occurrences

| Input Bits | Co-occurrences | Potential Occurrences | Output Co-occurrences | Potential Output Occurrences |
|:----------:|:--------------:|:---------------------:|:---------------------:|:----------------------------:|
| iv_511-iv_512 | 2050 | 4346 | 36 | 82 |
| iv_510-iv_512 | 2008 | 4346 | 44 | 76 |
| iv_508-iv_512 | 1997 | 4309 | 42 | 70 |
| iv_509-iv_512 | 1945 | 4419 | 37 | 88 |
| iv_509-iv_511 | 1941 | 4307 | 35 | 78 |

### Input Bit Co-occurrences Sorted by Potential Occurrences

| Input Bits | Co-occurrences | Potential Occurrences | Output Co-occurrences | Potential Output Occurrences |
|:----------:|:--------------:|:---------------------:|:---------------------:|:----------------------------:|
| iv_508-iv_509 | 1915 | 4216 | 35 | 78 |
| iv_509-iv_511 | 1941 | 4307 | 35 | 78 |
| iv_508-iv_512 | 1997 | 4309 | 42 | 70 |
| iv_509-iv_510 | 1880 | 4345 | 41 | 76 |
| iv_511-iv_512 | 2050 | 4346 | 36 | 82 |

### Input Bit Output Co-occurrences Sorted by Output Co-occurrences

| Input Bits | Co-occurrences | Potential Occurrences | Output Co-occurrences | Potential Output Occurrences |
|:----------:|:--------------:|:---------------------:|:---------------------:|:----------------------------:|
| iv_510-iv_512 | 2008 | 4346 | 44 | 76 |
| iv_508-iv_512 | 1997 | 4309 | 42 | 70 |
| iv_509-iv_510 | 1880 | 4345 | 41 | 76 |
| iv_508-iv_510 | 1871 | 4357 | 38 | 74 |
| iv_509-iv_512 | 1945 | 4419 | 37 | 88 |

### Input Bit Output Co-occurrences Sorted by Potential Output Occurrences

| Input Bits | Co-occurrences | Potential Occurrences | Output Co-occurrences | Potential Output Occurrences |
|:----------:|:--------------:|:---------------------:|:---------------------:|:----------------------------:|
| iv_508-iv_512 | 1997 | 4309 | 42 | 70 |
| iv_508-iv_510 | 1871 | 4357 | 38 | 74 |
| iv_509-iv_510 | 1880 | 4345 | 41 | 76 |
| iv_510-iv_512 | 2008 | 4346 | 44 | 76 |
| iv_508-iv_509 | 1915 | 4216 | 35 | 78 |

## Output Bits

### Output Bits in Regular Order

| Rank | Output Bit | Complexity |
|:----:|:----------:|:----------:|
| 1 | ov_001 | 8.479494947391646 × 10^293 |
| 2 | ov_002 | 7.443590164620179 × 10^293 |
| 3 | ov_003 | 6.497538387278068 × 10^293 |
| 4 | ov_004 | 5.636766160551525 × 10^293 |
| 5 | ov_005 | 4.85695001096946 × 10^293 |
| 6 | ov_006 | 4.153998506690967 × 10^293 |
| 7 | ov_007 | 3.5240368121256537 × 10^293 |
| 8 | ov_008 | 2.963393430427543 × 10^293 |
| 9 | ov_009 | 2.4685888435721648 × 10^293 |
| 10 | ov_010 | 2.036325775271224 × 10^293 |
| 11 | ov_011 | 1.6634808467382954 × 10^293 |
| 12 | ov_012 | 1.3443016728810417 × 10^293 |
| 13 | ov_013 | 1.0733524713632322 × 10^293 |
| 14 | ov_014 | 8.455049851651031 × 10^292 |
| 15 | ov_015 | 6.559311060676711 × 10^292 |
| 16 | ov_016 | 5.000970098229916 × 10^292 |
| 17 | ov_017 | 3.737586273487996 × 10^292 |
| 18 | ov_018 | 2.7295828978747925 × 10^292 |
| 19 | ov_019 | 1.9402238432652037 × 10^292 |
| 20 | ov_020 | 1.3355982958827383 × 10^292 |
| 21 | ov_021 | 8.846115631436318 × 10^291 |
| 22 | ov_022 | 5.589798979339024 × 10^291 |
| 23 | ov_023 | 3.3322764968026296 × 10^291 |
| 24 | ov_024 | 1.8468559392941995 × 10^291 |
| 25 | ov_025 | 9.34898880500735 × 10^290 |
| 26 | ov_026 | 4.2581443245442514 × 10^290 |
| 27 | ov_027 | 1.7705586586227989 × 10^290 |
| 28 | ov_028 | 7.411903727979288 × 10^289 |
| 29 | ov_029 | 3.0541786402610745 × 10^289 |
| 30 | ov_030 | 1.0103492424906203 × 10^289 |
| 31 | ov_031 | 2.445327707591441 × 10^288 |
| 32 | lv_80_k31 | 5.915005059682473 × 10^287 |
| 33 | ov_033 | 7.044420257120887 × 10^288 |
| 34 | ov_034 | 6.105202646987379 × 10^288 |
| 35 | ov_035 | 5.2608088759827085 × 10^288 |
| 36 | ov_036 | 4.5057781435258575 × 10^288 |
| 37 | ov_037 | 3.834951954047718 × 10^288 |
| 38 | ov_038 | 3.2434514480081255 × 10^288 |
| 39 | ov_039 | 2.726657674634545 × 10^288 |
| 40 | ov_040 | 2.2801946151136732 × 10^288 |
| 41 | ov_041 | 1.895983361219631 × 10^288 |
| 42 | ov_042 | 1.5663671770260937 × 10^288 |
| 43 | ov_043 | 1.284092727965347 × 10^288 |
| 44 | ov_044 | 1.0422945832767455 × 10^288 |
| 45 | ov_045 | 8.344825657508543 × 10^287 |
| 46 | ov_046 | 6.575039839856101 × 10^287 |
| 47 | ov_047 | 5.083864053831475 × 10^287 |
| 48 | ov_048 | 3.843340717534381 × 10^287 |
| 49 | ov_049 | 2.8272510154937208 × 10^287 |
| 50 | ov_050 | 2.0110934377113834 × 10^287 |
| 51 | ov_051 | 1.3720679291831524 × 10^287 |
| 52 | ov_052 | 8.890648549463759 × 10^286 |
| 53 | ov_053 | 5.426577968213661 × 10^286 |
| 54 | ov_054 | 3.1509917350539144 × 10^286 |
| 55 | ov_055 | 1.7592175042146104 × 10^286 |
| 56 | ov_056 | 9.800790221553635 × 10^285 |
| 57 | ov_057 | 5.758857161891861 × 10^285 |
| 58 | ov_058 | 3.424267439818045 × 10^285 |
| 59 | ov_059 | 1.85966078706889 × 10^285 |
| 60 | ov_060 | 8.976644167881478 × 10^284 |
| 61 | ov_061 | 3.709069638770961 × 10^284 |
| 62 | ov_062 | 1.2305859087319476 × 10^284 |
| 63 | ov_063 | 2.988405410829772 × 10^283 |
| 64 | lv_79_k31 | 7.254007578130095 × 10^282 |
| 65 | ov_065 | 8.544055402757124 × 10^283 |
| 66 | ov_066 | 8.544033352587294 × 10^283 |
| 67 | ov_067 | 8.544026207024883 × 10^283 |
| 68 | ov_068 | 7.439910321457521 × 10^283 |
| 69 | ov_069 | 6.438690166283602 × 10^283 |
| 70 | ov_070 | 5.534656732154903 × 10^283 |
| 71 | ov_071 | 4.722453597551494 × 10^283 |
| 72 | ov_072 | 3.997052838771558 × 10^283 |
| 73 | ov_073 | 3.353733028732237 × 10^283 |
| 74 | ov_074 | 2.78805921461492 × 10^283 |
| 75 | ov_075 | 2.295864769083413 × 10^283 |
| 76 | ov_076 | 1.8732350136729893 × 10^283 |
| 77 | ov_077 | 1.5130392054521337 × 10^283 |
| 78 | ov_078 | 1.208583204650457 × 10^283 |
| 79 | ov_079 | 9.535875865150065 × 10^282 |
| 80 | ov_080 | 7.421684462881002 × 10^282 |
| 81 | ov_081 | 5.688207158640004 × 10^282 |
| 82 | ov_082 | 4.2840381207109097 × 10^282 |
| 83 | ov_083 | 3.16129437470901 × 10^282 |
| 84 | ov_084 | 2.275513551728522 × 10^282 |
| 85 | ov_085 | 1.585569595290404 × 10^282 |
| 86 | ov_086 | 1.0536046477850503 × 10^282 |
| 87 | ov_087 | 6.614992715679471 × 10^281 |
| 88 | ov_088 | 3.92729533279453 × 10^281 |
| 89 | ov_089 | 2.1896861586927942 × 10^281 |
| 90 | ov_090 | 1.150116854834803 × 10^281 |
| 91 | ov_091 | 5.876201121476383 × 10^280 |
| 92 | ov_092 | 3.1222615053120033 × 10^280 |
| 93 | ov_093 | 1.6491776050856378 × 10^280 |
| 94 | ov_094 | 7.392076773703238 × 10^279 |
| 95 | aaa_78_28 | 2.3774336506896914 × 10^279 |
| 96 | aaa_78_29 | 9.00758454641005 × 10^278 |
| 97 | ov_097 | 9.812422775489183 × 10^278 |
| 98 | ov_098 | 9.812121264647313 × 10^278 |
| 99 | ov_099 | 9.812024562133608 × 10^278 |
| 100 | ov_100 | 8.830151060194878 × 10^278 |
| 101 | ov_101 | 7.920870983044264 × 10^278 |
| 102 | ov_102 | 7.080146394259955 × 10^278 |
| 103 | ov_103 | 6.3042418962236916 × 10^278 |
| 104 | ov_104 | 5.5896856541273485 × 10^278 |
| 105 | ov_105 | 4.9332335644598225 × 10^278 |
| 106 | ov_106 | 4.331836834055734 × 10^278 |
| 107 | ov_107 | 3.7826127816069686 × 10^278 |
| 108 | ov_108 | 3.282818681034595 × 10^278 |
| 109 | ov_109 | 2.8298284722171314 × 10^278 |
| 110 | ov_110 | 2.42111216944565 × 10^278 |
| 111 | ov_111 | 2.05421780180316 × 10^278 |
| 112 | ov_112 | 1.726755722612013 × 10^278 |
| 113 | ov_113 | 1.436385127311828 × 10^278 |
| 114 | ov_114 | 1.180802620760253 × 10^278 |
| 115 | ov_115 | 9.577326761087364 × 10^277 |
| 116 | ov_116 | 7.649198281963126 × 10^277 |
| 117 | ov_117 | 6.00122444907741 × 10^277 |
| 118 | ov_118 | 4.611079202314634 × 10^277 |
| 119 | ov_119 | 3.456491329061621 × 10^277 |
| 120 | ov_120 | 2.515220146226134 × 10^277 |
| 121 | ov_121 | 1.7650407178540958 × 10^277 |
| 122 | ov_122 | 1.183736344054978 × 10^277 |
| 123 | ov_123 | 7.490950378764064 × 10^276 |
| 124 | ov_124 | 4.389074738993258 × 10^276 |
| 125 | ov_125 | 2.3096564158106355 × 10^276 |
| 126 | ov_126 | 1.030620701369208 × 10^276 |
| 127 | aaa_77_28 | 3.298946140197612 × 10^275 |
| 128 | aaa_77_29 | 1.2408342014422909 × 10^275 |
| 129 | ov_129 | 1.1408743831585908 × 10^275 |
| 130 | ov_130 | 1.1408716992898051 × 10^275 |
| 131 | ov_131 | 1.1408708354830733 × 10^275 |
| 132 | ov_132 | 9.949269736234484 × 10^274 |
| 133 | ov_133 | 8.62236820928105 × 10^274 |
| 134 | ov_134 | 7.4214677408711215 × 10^274 |
| 135 | ov_135 | 6.340409596559175 × 10^274 |
| 136 | ov_136 | 5.373384459409207 × 10^274 |
| 137 | ov_137 | 4.514907600098683 × 10^274 |
| 138 | ov_138 | 3.759796904127266 × 10^274 |
| 139 | ov_139 | 3.1031535722506346 × 10^274 |
| 140 | ov_140 | 2.5359650846322554 × 10^274 |
| 141 | ov_141 | 2.049710732514201 × 10^274 |
| 142 | ov_142 | 1.6363390769886174 × 10^274 |
| 143 | ov_143 | 1.288249304624944 × 10^274 |
| 144 | ov_144 | 9.982760940926084 × 10^273 |
| 145 | ov_145 | 7.596775427173547 × 10^273 |
| 146 | ov_146 | 5.661257031559121 × 10^273 |
| 147 | ov_147 | 4.1169931371348093 × 10^273 |
| 148 | ov_148 | 2.9087833902686973 × 10^273 |
| 149 | ov_149 | 1.9853997095055006 × 10^273 |
| 150 | ov_150 | 1.2995578823857135 × 10^273 |
| 151 | ov_151 | 8.078983803307517 × 10^272 |
| 152 | ov_152 | 4.709743519475581 × 10^272 |
| 153 | ov_153 | 2.5324477147759772 × 10^272 |
| 154 | ov_154 | 1.2307089231358182 × 10^272 |
| 155 | ov_155 | 5.271453368720712 × 10^271 |
| 156 | aaa_76_25 | 1.8337278690582204 × 10^271 |
| 157 | aaa_76_26 | 1.129205571154566 × 10^271 |
| 158 | aaa_76_27 | 6.196350618983492 × 10^270 |
| 159 | aaa_76_28 | 2.923032441801631 × 10^270 |
| 160 | aaa_76_29 | 1.1018858441493088 × 10^270 |

### Output Bits Sorted by Complexity

| Rank | Output Bit | Complexity |
|:----:|:----------:|:----------:|
| 160 | aaa_76_29 | 1.1018858441493088 × 10^270 |
| 159 | aaa_76_28 | 2.923032441801631 × 10^270 |
| 158 | aaa_76_27 | 6.196350618983492 × 10^270 |
| 157 | aaa_76_26 | 1.129205571154566 × 10^271 |
| 156 | aaa_76_25 | 1.8337278690582204 × 10^271 |
| 155 | ov_155 | 5.271453368720712 × 10^271 |
| 154 | ov_154 | 1.2307089231358182 × 10^272 |
| 153 | ov_153 | 2.5324477147759772 × 10^272 |
| 152 | ov_152 | 4.709743519475581 × 10^272 |
| 151 | ov_151 | 8.078983803307517 × 10^272 |
| 150 | ov_150 | 1.2995578823857135 × 10^273 |
| 149 | ov_149 | 1.9853997095055006 × 10^273 |
| 148 | ov_148 | 2.9087833902686973 × 10^273 |
| 147 | ov_147 | 4.1169931371348093 × 10^273 |
| 146 | ov_146 | 5.661257031559121 × 10^273 |
| 145 | ov_145 | 7.596775427173547 × 10^273 |
| 144 | ov_144 | 9.982760940926084 × 10^273 |
| 143 | ov_143 | 1.288249304624944 × 10^274 |
| 142 | ov_142 | 1.6363390769886174 × 10^274 |
| 141 | ov_141 | 2.049710732514201 × 10^274 |
| 140 | ov_140 | 2.5359650846322554 × 10^274 |
| 139 | ov_139 | 3.1031535722506346 × 10^274 |
| 138 | ov_138 | 3.759796904127266 × 10^274 |
| 137 | ov_137 | 4.514907600098683 × 10^274 |
| 136 | ov_136 | 5.373384459409207 × 10^274 |
| 135 | ov_135 | 6.340409596559175 × 10^274 |
| 134 | ov_134 | 7.4214677408711215 × 10^274 |
| 133 | ov_133 | 8.62236820928105 × 10^274 |
| 132 | ov_132 | 9.949269736234484 × 10^274 |
| 131 | ov_131 | 1.1408708354830733 × 10^275 |
| 130 | ov_130 | 1.1408716992898051 × 10^275 |
| 129 | ov_129 | 1.1408743831585908 × 10^275 |
| 128 | aaa_77_29 | 1.2408342014422909 × 10^275 |
| 127 | aaa_77_28 | 3.298946140197612 × 10^275 |
| 126 | ov_126 | 1.030620701369208 × 10^276 |
| 125 | ov_125 | 2.3096564158106355 × 10^276 |
| 124 | ov_124 | 4.389074738993258 × 10^276 |
| 123 | ov_123 | 7.490950378764064 × 10^276 |
| 122 | ov_122 | 1.183736344054978 × 10^277 |
| 121 | ov_121 | 1.7650407178540958 × 10^277 |
| 120 | ov_120 | 2.515220146226134 × 10^277 |
| 119 | ov_119 | 3.456491329061621 × 10^277 |
| 118 | ov_118 | 4.611079202314634 × 10^277 |
| 117 | ov_117 | 6.00122444907741 × 10^277 |
| 116 | ov_116 | 7.649198281963126 × 10^277 |
| 115 | ov_115 | 9.577326761087364 × 10^277 |
| 114 | ov_114 | 1.180802620760253 × 10^278 |
| 113 | ov_113 | 1.436385127311828 × 10^278 |
| 112 | ov_112 | 1.726755722612013 × 10^278 |
| 111 | ov_111 | 2.05421780180316 × 10^278 |
| 110 | ov_110 | 2.42111216944565 × 10^278 |
| 109 | ov_109 | 2.8298284722171314 × 10^278 |
| 108 | ov_108 | 3.282818681034595 × 10^278 |
| 107 | ov_107 | 3.7826127816069686 × 10^278 |
| 106 | ov_106 | 4.331836834055734 × 10^278 |
| 105 | ov_105 | 4.9332335644598225 × 10^278 |
| 104 | ov_104 | 5.5896856541273485 × 10^278 |
| 103 | ov_103 | 6.3042418962236916 × 10^278 |
| 102 | ov_102 | 7.080146394259955 × 10^278 |
| 101 | ov_101 | 7.920870983044264 × 10^278 |
| 100 | ov_100 | 8.830151060194878 × 10^278 |
| 96 | aaa_78_29 | 9.00758454641005 × 10^278 |
| 99 | ov_099 | 9.812024562133608 × 10^278 |
| 98 | ov_098 | 9.812121264647313 × 10^278 |
| 97 | ov_097 | 9.812422775489183 × 10^278 |
| 95 | aaa_78_28 | 2.3774336506896914 × 10^279 |
| 94 | ov_094 | 7.392076773703238 × 10^279 |
| 93 | ov_093 | 1.6491776050856378 × 10^280 |
| 92 | ov_092 | 3.1222615053120033 × 10^280 |
| 91 | ov_091 | 5.876201121476383 × 10^280 |
| 90 | ov_090 | 1.150116854834803 × 10^281 |
| 89 | ov_089 | 2.1896861586927942 × 10^281 |
| 88 | ov_088 | 3.92729533279453 × 10^281 |
| 87 | ov_087 | 6.614992715679471 × 10^281 |
| 86 | ov_086 | 1.0536046477850503 × 10^282 |
| 85 | ov_085 | 1.585569595290404 × 10^282 |
| 84 | ov_084 | 2.275513551728522 × 10^282 |
| 83 | ov_083 | 3.16129437470901 × 10^282 |
| 82 | ov_082 | 4.2840381207109097 × 10^282 |
| 81 | ov_081 | 5.688207158640004 × 10^282 |
| 64 | lv_79_k31 | 7.254007578130095 × 10^282 |
| 80 | ov_080 | 7.421684462881002 × 10^282 |
| 79 | ov_079 | 9.535875865150065 × 10^282 |
| 78 | ov_078 | 1.208583204650457 × 10^283 |
| 77 | ov_077 | 1.5130392054521337 × 10^283 |
| 76 | ov_076 | 1.8732350136729893 × 10^283 |
| 75 | ov_075 | 2.295864769083413 × 10^283 |
| 74 | ov_074 | 2.78805921461492 × 10^283 |
| 63 | ov_063 | 2.988405410829772 × 10^283 |
| 73 | ov_073 | 3.353733028732237 × 10^283 |
| 72 | ov_072 | 3.997052838771558 × 10^283 |
| 71 | ov_071 | 4.722453597551494 × 10^283 |
| 70 | ov_070 | 5.534656732154903 × 10^283 |
| 69 | ov_069 | 6.438690166283602 × 10^283 |
| 68 | ov_068 | 7.439910321457521 × 10^283 |
| 67 | ov_067 | 8.544026207024883 × 10^283 |
| 66 | ov_066 | 8.544033352587294 × 10^283 |
| 65 | ov_065 | 8.544055402757124 × 10^283 |
| 62 | ov_062 | 1.2305859087319476 × 10^284 |
| 61 | ov_061 | 3.709069638770961 × 10^284 |
| 60 | ov_060 | 8.976644167881478 × 10^284 |
| 59 | ov_059 | 1.85966078706889 × 10^285 |
| 58 | ov_058 | 3.424267439818045 × 10^285 |
| 57 | ov_057 | 5.758857161891861 × 10^285 |
| 56 | ov_056 | 9.800790221553635 × 10^285 |
| 55 | ov_055 | 1.7592175042146104 × 10^286 |
| 54 | ov_054 | 3.1509917350539144 × 10^286 |
| 53 | ov_053 | 5.426577968213661 × 10^286 |
| 52 | ov_052 | 8.890648549463759 × 10^286 |
| 51 | ov_051 | 1.3720679291831524 × 10^287 |
| 50 | ov_050 | 2.0110934377113834 × 10^287 |
| 49 | ov_049 | 2.8272510154937208 × 10^287 |
| 48 | ov_048 | 3.843340717534381 × 10^287 |
| 47 | ov_047 | 5.083864053831475 × 10^287 |
| 32 | lv_80_k31 | 5.915005059682473 × 10^287 |
| 46 | ov_046 | 6.575039839856101 × 10^287 |
| 45 | ov_045 | 8.344825657508543 × 10^287 |
| 44 | ov_044 | 1.0422945832767455 × 10^288 |
| 43 | ov_043 | 1.284092727965347 × 10^288 |
| 42 | ov_042 | 1.5663671770260937 × 10^288 |
| 41 | ov_041 | 1.895983361219631 × 10^288 |
| 40 | ov_040 | 2.2801946151136732 × 10^288 |
| 31 | ov_031 | 2.445327707591441 × 10^288 |
| 39 | ov_039 | 2.726657674634545 × 10^288 |
| 38 | ov_038 | 3.2434514480081255 × 10^288 |
| 37 | ov_037 | 3.834951954047718 × 10^288 |
| 36 | ov_036 | 4.5057781435258575 × 10^288 |
| 35 | ov_035 | 5.2608088759827085 × 10^288 |
| 34 | ov_034 | 6.105202646987379 × 10^288 |
| 33 | ov_033 | 7.044420257120887 × 10^288 |
| 30 | ov_030 | 1.0103492424906203 × 10^289 |
| 29 | ov_029 | 3.0541786402610745 × 10^289 |
| 28 | ov_028 | 7.411903727979288 × 10^289 |
| 27 | ov_027 | 1.7705586586227989 × 10^290 |
| 26 | ov_026 | 4.2581443245442514 × 10^290 |
| 25 | ov_025 | 9.34898880500735 × 10^290 |
| 24 | ov_024 | 1.8468559392941995 × 10^291 |
| 23 | ov_023 | 3.3322764968026296 × 10^291 |
| 22 | ov_022 | 5.589798979339024 × 10^291 |
| 21 | ov_021 | 8.846115631436318 × 10^291 |
| 20 | ov_020 | 1.3355982958827383 × 10^292 |
| 19 | ov_019 | 1.9402238432652037 × 10^292 |
| 18 | ov_018 | 2.7295828978747925 × 10^292 |
| 17 | ov_017 | 3.737586273487996 × 10^292 |
| 16 | ov_016 | 5.000970098229916 × 10^292 |
| 15 | ov_015 | 6.559311060676711 × 10^292 |
| 14 | ov_014 | 8.455049851651031 × 10^292 |
| 13 | ov_013 | 1.0733524713632322 × 10^293 |
| 12 | ov_012 | 1.3443016728810417 × 10^293 |
| 11 | ov_011 | 1.6634808467382954 × 10^293 |
| 10 | ov_010 | 2.036325775271224 × 10^293 |
| 9 | ov_009 | 2.4685888435721648 × 10^293 |
| 8 | ov_008 | 2.963393430427543 × 10^293 |
| 7 | ov_007 | 3.5240368121256537 × 10^293 |
| 6 | ov_006 | 4.153998506690967 × 10^293 |
| 5 | ov_005 | 4.85695001096946 × 10^293 |
| 4 | ov_004 | 5.636766160551525 × 10^293 |
| 3 | ov_003 | 6.497538387278068 × 10^293 |
| 2 | ov_002 | 7.443590164620179 × 10^293 |
| 1 | ov_001 | 8.479494947391646 × 10^293 |

