# Results for F001-F002-F003-F004-F005-F006-F007-F008-F009-F010-F011-F012-F013-F014-F015-F016-F017-F018-F019-F020-F021-F022-F023-F024-F025-F026-F027-F028-F029-F030-F031-F032-F033-F034-F035-F036-F037-F038-F039-F040-F041-F042-F043-F044-F045-F046-F047-F048-F049-F050-F051-F052-F053-F054-F055-F056-F057-F058-F059-F060-F061-F062-F063-F064-F065-F066-F067-F068-F069-F070-F071-F072-F073-F074-F075-F076-F077-F078-F079-F080-F081-F082-F083-F084-F085-F086-F087-F088-F089-F090-F091-F092-F093-F094-F095-F096-F097-F098-F099-F100-F101-F102-F103-F104-F105-F106-F107-F108-F109-F110-F111-F112-F113-F114-F115-F116-F117-F118-F119-F120-F121-F122-F123-F124-F125-F126-F127-F128-F129-F130-F131-F132-F133-F134-F135-F136-F137-F138-F139-F140-F141-F142-F143-F144-F145-F146-F147-F148-F149-F150-F151-F152-F153-F154-F155-F156-F157-F158-F159-F160-F161-F162-F163-F164-F165-F166-F167-F168-F169-F170-F171-F172-F173-F174-F175-F176-F177-F178-F179-F180-F181-F182-F183-F184-F185-F186-F187-F188-F189-F190-F191-F192-F193-F194-F195-F196-F197-F198-F199-F200-F201-F202-F203-F204-F205-F206-F207-F208-F209-F210-F211-F212-F213-F214-F215-F216-F217-F218-F219-F220-F221-F222-F223-F224-F225-F226-F227-F228-F229-F230-F231-F232-F233-F234-F235-F236-F237-F238-F239-F240-F241-F242-F243-F244-F245-F246-F247-F248-F249-F250-F251-F252-F253-F254-F255-F256-F257-F258-F259-F260-F261-F262-F263-F264-F265-F266-F267-F268-F269-F270-F271-F272-F273-F274-F275-F276-F277-F278-F279-F280-F281-F282-F283-F284-F285-F286-F287-F288-F289-F290-F291-F292-F293-F294-F295-F296-F297-F298-F299-F300-F301-F302-F303-F304-F305-F306-F307-F308-F309-F310-F311-F312-F313-F314-F315-F316-F317-F318-F319-F320-F321-F322-F323-F324-F325-F326-F327-F328-F329-F330-F331-F332-F333-F334-F335-F336-F337-F338-F339-F340-F341-F342-F343-F344-F345-F346-F347-F348-F349-F350-F351-F352-F353-F354-F355-F356-F357-F358-F359-F360-F361-F362-F363-F364-F365-F366-F367-F368-F369-F370-F371-F372-F373-F374-F375-F376-F377-F378-F379-F380-F381-F382-F383-F384-F385-F386-F387-F388-F389-F390-F391-F392-F393-F394-F395-F396-F397-F398-F399-F400-F401-F402-F403-F404-F405-F406-F407-F408-F409-F410-F411-F412-F413-F414-F415-F416-F417-F418-F419-F420-F421-F422-F423-F424-F425-F426-F427-F428-F429-F430-F431-F432-F433-F434-F435-F436-F437-F438-F439-F440-F441-F442-F443-F444-F445-F446-F447-F448-F449-F450-F451-F452-F453-F454-F455-F456-F457-F458-F459-F460-F461-F462-F463-F464-F465-F466-F467-F468-F469-F470-F471-F472-F473-F474-F475-F476-F477-F478-F479-F480-F481-F482-F483-F484-F485-F486-F487-F488-F489-F490-F491-F492-F493-F494-F495-F496-F497-F498-F499-F500-F501-F502-F503-F504-F505-F506-F507

## Summary

Number of input bits: 512  
Number of free input bits: 5  
Number of output bits: 160

Number of direct occurrences: 20642  
Number of assignments: 30061  
Number of operations: 10857293
(xor: 10832215,
and: 12625,
or: 12453)

Total complexity: 1.6307422441158873 × 10^295

Least occurring input variable: iv_508 (4054)  
Most occurring input variable: iv_512 (4238)

Most co-occurring input variables: iv_511-iv_512 (2029)  
Least co-occurring input variables: iv_508-iv_510 (1879)

Potentially most occurring input variable: iv_510/iv_511 (4486)  
Potentially least occurring input variable: iv_508/iv_509 (4276)

Least output occurring input variable: iv_508 (70)  
Most output occurring input variable: iv_511 (86)

Most output co-occurring input variables: iv_509-iv_511 (43)  
Least output co-occurring input variables: iv_508-iv_512 (31)

Potentially most output occurring input variable: iv_510/iv_512 (86)  
Potentially least output occurring input variable: iv_508/iv_510 (74)

Least complex input bit: iv_508 (1.7593235513713206 × 10^294)  
Most complex input bit: iv_510 (5.4237559570774574 × 10^294)

Least complex output bit: aaa_76_29 (3.2475436942208807 × 10^270)  
Most complex output bit: ov_001 (2.499127336356645 × 10^294)

Least complex input/output complexity: iv_508/aaa_76_29 (3.503607100365391 × 10^269)  
Most complex input/output complexity: iv_510/ov_001 (8.311955385327114 × 10^293)

Input variable with highest collision probability: iv_512 (2^-160.00000000000063)

## Input Bits

### Input Bits in Regular Order

| Input Bit | Complexity | Occurrences | Output Occurrences | Collision Probability |
|:---------:|:----------:|:-----------:|:------------------:|:---------------------:|
| iv_508 | 1.7593235513713206 × 10^294 | 4054 | 70 | 2^-160.0000000000007 |
| iv_509 | 3.328572529683187 × 10^294 | 4066 | 78 | 2^-160.00000000000077 |
| iv_510 | 5.4237559570774574 × 10^294 | 4124 | 80 | 2^-160.00000000000094 |
| iv_511 | 2.6340468812329757 × 10^294 | 4160 | 86 | 2^-160.00000000000082 |
| iv_512 | 3.1617235217939347 × 10^294 | 4238 | 72 | 2^-160.00000000000063 |

### Input Bits Sorted by Complexity

| Input Bit | Complexity | Occurrences | Output Occurrences | Collision Probability |
|:---------:|:----------:|:-----------:|:------------------:|:---------------------:|
| iv_508 | 1.7593235513713206 × 10^294 | 4054 | 70 | 2^-160.0000000000007 |
| iv_511 | 2.6340468812329757 × 10^294 | 4160 | 86 | 2^-160.00000000000082 |
| iv_512 | 3.1617235217939347 × 10^294 | 4238 | 72 | 2^-160.00000000000063 |
| iv_509 | 3.328572529683187 × 10^294 | 4066 | 78 | 2^-160.00000000000077 |
| iv_510 | 5.4237559570774574 × 10^294 | 4124 | 80 | 2^-160.00000000000094 |

### Input Bits Sorted by Occurrences

| Input Bit | Complexity | Occurrences | Output Occurrences | Collision Probability |
|:---------:|:----------:|:-----------:|:------------------:|:---------------------:|
| iv_508 | 1.7593235513713206 × 10^294 | 4054 | 70 | 2^-160.0000000000007 |
| iv_509 | 3.328572529683187 × 10^294 | 4066 | 78 | 2^-160.00000000000077 |
| iv_510 | 5.4237559570774574 × 10^294 | 4124 | 80 | 2^-160.00000000000094 |
| iv_511 | 2.6340468812329757 × 10^294 | 4160 | 86 | 2^-160.00000000000082 |
| iv_512 | 3.1617235217939347 × 10^294 | 4238 | 72 | 2^-160.00000000000063 |

### Input Bits Sorted by Output Occurrences

| Input Bit | Complexity | Occurrences | Output Occurrences | Collision Probability |
|:---------:|:----------:|:-----------:|:------------------:|:---------------------:|
| iv_508 | 1.7593235513713206 × 10^294 | 4054 | 70 | 2^-160.0000000000007 |
| iv_512 | 3.1617235217939347 × 10^294 | 4238 | 72 | 2^-160.00000000000063 |
| iv_509 | 3.328572529683187 × 10^294 | 4066 | 78 | 2^-160.00000000000077 |
| iv_510 | 5.4237559570774574 × 10^294 | 4124 | 80 | 2^-160.00000000000094 |
| iv_511 | 2.6340468812329757 × 10^294 | 4160 | 86 | 2^-160.00000000000082 |

### Input Bits Sorted by Collision Probability

| Input Bit | Complexity | Occurrences | Output Occurrences | Collision Probability |
|:---------:|:----------:|:-----------:|:------------------:|:---------------------:|
| iv_512 | 3.1617235217939347 × 10^294 | 4238 | 72 | 2^-160.00000000000063 |
| iv_508 | 1.7593235513713206 × 10^294 | 4054 | 70 | 2^-160.0000000000007 |
| iv_509 | 3.328572529683187 × 10^294 | 4066 | 78 | 2^-160.00000000000077 |
| iv_511 | 2.6340468812329757 × 10^294 | 4160 | 86 | 2^-160.00000000000082 |
| iv_510 | 5.4237559570774574 × 10^294 | 4124 | 80 | 2^-160.00000000000094 |

## Input Bit Co-occurrences

### Input Bit Co-occurrences Sorted by Co-occurrences

| Input Bits | Co-occurrences | Potential Occurrences | Output Co-occurrences | Potential Output Occurrences |
|:----------:|:--------------:|:---------------------:|:---------------------:|:----------------------------:|
| iv_511-iv_512 | 2029 | 4340 | 38 | 82 |
| iv_510-iv_512 | 1997 | 4368 | 33 | 86 |
| iv_509-iv_512 | 1986 | 4332 | 37 | 76 |
| iv_509-iv_511 | 1964 | 4298 | 43 | 78 |
| iv_508-iv_511 | 1955 | 4304 | 36 | 84 |

### Input Bit Co-occurrences Sorted by Potential Occurrences

| Input Bits | Co-occurrences | Potential Occurrences | Output Co-occurrences | Potential Output Occurrences |
|:----------:|:--------------:|:---------------------:|:---------------------:|:----------------------------:|
| iv_508-iv_509 | 1922 | 4276 | 35 | 78 |
| iv_509-iv_511 | 1964 | 4298 | 43 | 78 |
| iv_508-iv_511 | 1955 | 4304 | 36 | 84 |
| iv_509-iv_512 | 1986 | 4332 | 37 | 76 |
| iv_511-iv_512 | 2029 | 4340 | 38 | 82 |

### Input Bit Output Co-occurrences Sorted by Output Co-occurrences

| Input Bits | Co-occurrences | Potential Occurrences | Output Co-occurrences | Potential Output Occurrences |
|:----------:|:--------------:|:---------------------:|:---------------------:|:----------------------------:|
| iv_509-iv_511 | 1964 | 4298 | 43 | 78 |
| iv_510-iv_511 | 1899 | 4486 | 42 | 82 |
| iv_509-iv_510 | 1891 | 4408 | 41 | 76 |
| iv_508-iv_510 | 1879 | 4420 | 38 | 74 |
| iv_511-iv_512 | 2029 | 4340 | 38 | 82 |

### Input Bit Output Co-occurrences Sorted by Potential Output Occurrences

| Input Bits | Co-occurrences | Potential Occurrences | Output Co-occurrences | Potential Output Occurrences |
|:----------:|:--------------:|:---------------------:|:---------------------:|:----------------------------:|
| iv_508-iv_510 | 1879 | 4420 | 38 | 74 |
| iv_509-iv_510 | 1891 | 4408 | 41 | 76 |
| iv_509-iv_512 | 1986 | 4332 | 37 | 76 |
| iv_508-iv_509 | 1922 | 4276 | 35 | 78 |
| iv_509-iv_511 | 1964 | 4298 | 43 | 78 |

## Output Bits

### Output Bits in Regular Order

| Rank | Output Bit | Complexity |
|:----:|:----------:|:----------:|
| 1 | ov_001 | 2.499127336356645 × 10^294 |
| 2 | ov_002 | 2.1938192989619038 × 10^294 |
| 3 | ov_003 | 1.9149932753563666 × 10^294 |
| 4 | ov_004 | 1.66130134965381 × 10^294 |
| 5 | ov_005 | 1.431469281960627 × 10^294 |
| 6 | ov_006 | 1.2242912210767295 × 10^294 |
| 7 | ov_007 | 1.0386251523411128 × 10^294 |
| 8 | ov_008 | 8.733889903005688 × 10^293 |
| 9 | ov_009 | 7.275572306454361 × 10^293 |
| 10 | ov_010 | 6.0015808043772434 × 10^293 |
| 11 | ov_011 | 4.902709988486016 × 10^293 |
| 12 | ov_012 | 3.962006086270988 × 10^293 |
| 13 | ov_013 | 3.1634484357525977 × 10^293 |
| 14 | ov_014 | 2.4919227319097697 × 10^293 |
| 15 | ov_015 | 1.9331992861728315 × 10^293 |
| 16 | ov_016 | 1.4739157412474253 × 10^293 |
| 17 | ov_017 | 1.1015637235491814 × 10^293 |
| 18 | ov_018 | 8.044789553213716 × 10^292 |
| 19 | ov_019 | 5.718343457291128 × 10^292 |
| 20 | ov_020 | 3.936354974371017 × 10^292 |
| 21 | ov_021 | 2.607179971478699 × 10^292 |
| 22 | ov_022 | 1.6474589018184132 × 10^292 |
| 23 | ov_023 | 9.821084082395606 × 10^291 |
| 24 | ov_024 | 5.44316400073159 × 10^291 |
| 25 | ov_025 | 2.7553897531448075 × 10^291 |
| 26 | ov_026 | 1.2549856978090285 × 10^291 |
| 27 | ov_027 | 5.2182961035294974 × 10^290 |
| 28 | ov_028 | 2.184480483325797 × 10^290 |
| 29 | ov_029 | 9.001457489329497 × 10^289 |
| 30 | ov_030 | 2.9777615610847707 × 10^289 |
| 31 | ov_031 | 7.207015698820534 × 10^288 |
| 32 | lv_80_m31 | 1.7433055778737732 × 10^288 |
| 33 | ov_033 | 2.0761735625269408 × 10^289 |
| 34 | ov_034 | 1.799361745451181 × 10^289 |
| 35 | ov_035 | 1.5504969759266503 × 10^289 |
| 36 | ov_036 | 1.3279698142290392 × 10^289 |
| 37 | ov_037 | 1.1302599177705863 × 10^289 |
| 38 | ov_038 | 9.559293599621816 × 10^288 |
| 39 | ov_039 | 8.036168160772298 × 10^288 |
| 40 | ov_040 | 6.720325597454005 × 10^288 |
| 41 | ov_041 | 5.5879552693865 × 10^288 |
| 42 | ov_042 | 4.616490787675795 × 10^288 |
| 43 | ov_043 | 3.784554691977404 × 10^288 |
| 44 | ov_044 | 3.071912775187908 × 10^288 |
| 45 | ov_045 | 2.459436799856222 × 10^288 |
| 46 | ov_046 | 1.9378349658045327 × 10^288 |
| 47 | ov_047 | 1.4983467423563198 × 10^288 |
| 48 | ov_048 | 1.1327323041895673 × 10^288 |
| 49 | ov_049 | 8.332642855970908 × 10^287 |
| 50 | ov_050 | 5.927214553855008 × 10^287 |
| 51 | ov_051 | 4.043840453274455 × 10^287 |
| 52 | ov_052 | 2.6203049787463006 × 10^287 |
| 53 | ov_053 | 1.5993534317046958 × 10^287 |
| 54 | ov_054 | 9.286790817806211 × 10^286 |
| 55 | ov_055 | 5.184870776687285 × 10^286 |
| 56 | ov_056 | 2.8885473619057866 × 10^286 |
| 57 | ov_057 | 1.6972847379175942 × 10^286 |
| 58 | ov_058 | 1.0092205277482549 × 10^286 |
| 59 | ov_059 | 5.480903211981971 × 10^285 |
| 60 | ov_060 | 2.6456501204237218 × 10^285 |
| 61 | ov_061 | 1.0931591308459145 × 10^285 |
| 62 | ov_062 | 3.626856202318165 × 10^284 |
| 63 | ov_063 | 8.807606703767336 × 10^283 |
| 64 | lv_79_m31 | 2.137944388093503 × 10^283 |
| 65 | ov_065 | 2.5181549789052296 × 10^284 |
| 66 | ov_066 | 2.5181484801476342 × 10^284 |
| 67 | ov_067 | 2.5181463741648526 × 10^284 |
| 68 | ov_068 | 2.1927347536324524 × 10^284 |
| 69 | ov_069 | 1.8976491765986373 × 10^284 |
| 70 | ov_070 | 1.6312070497705077 × 10^284 |
| 71 | ov_071 | 1.3918296966433244 × 10^284 |
| 72 | ov_072 | 1.1780352575489962 × 10^284 |
| 73 | ov_073 | 9.884322053314128 × 10^283 |
| 74 | ov_074 | 8.217134442386221 × 10^283 |
| 75 | ov_075 | 6.766509610055772 × 10^283 |
| 76 | ov_076 | 5.520909982416617 × 10^283 |
| 77 | ov_077 | 4.45931940850783 × 10^283 |
| 78 | ov_078 | 3.562008520251046 × 10^283 |
| 79 | ov_079 | 2.810470222407621 × 10^283 |
| 80 | ov_080 | 2.187363119864198 × 10^283 |
| 81 | ov_081 | 1.6764623474879946 × 10^283 |
| 82 | ov_082 | 1.262617271887866 × 10^283 |
| 83 | ov_083 | 9.317155372014247 × 10^282 |
| 84 | ov_084 | 6.706529288190743 × 10^282 |
| 85 | ov_085 | 4.6730853003280537 × 10^282 |
| 86 | ov_086 | 3.105246472022479 × 10^282 |
| 87 | ov_087 | 1.9496101157109503 × 10^282 |
| 88 | ov_088 | 1.1574759092405359 × 10^282 |
| 89 | ov_089 | 6.453573675298028 × 10^281 |
| 90 | ov_090 | 3.38969300619294 × 10^281 |
| 91 | ov_091 | 1.731869049716048 × 10^281 |
| 92 | ov_092 | 9.202115370773953 × 10^280 |
| 93 | ov_093 | 4.860554621409976 × 10^280 |
| 94 | ov_094 | 2.1786369650814463 × 10^280 |
| 95 | aaa_78_28 | 7.006914284016918 × 10^279 |
| 96 | aaa_78_29 | 2.654769053362265 × 10^279 |
| 97 | ov_097 | 2.891975777597091 × 10^279 |
| 98 | ov_098 | 2.8918869145230755 × 10^279 |
| 99 | ov_099 | 2.8918584137813456 × 10^279 |
| 100 | ov_100 | 2.602474797803825 × 10^279 |
| 101 | ov_101 | 2.3344863490447882 × 10^279 |
| 102 | ov_102 | 2.0867029827931963 × 10^279 |
| 103 | ov_103 | 1.8580237803790265 × 10^279 |
| 104 | ov_104 | 1.647425501935973 × 10^279 |
| 105 | ov_105 | 1.4539520259241495 × 10^279 |
| 106 | ov_106 | 1.2767047938339073 × 10^279 |
| 107 | ov_107 | 1.1148342046331316 × 10^279 |
| 108 | ov_108 | 9.675319057297731 × 10^278 |
| 109 | ov_109 | 8.340239290187471 × 10^278 |
| 110 | ov_110 | 7.135646220189795 × 10^278 |
| 111 | ov_111 | 6.054313252342834 × 10^278 |
| 112 | ov_112 | 5.089197477400936 × 10^278 |
| 113 | ov_113 | 4.2333999365201936 × 10^278 |
| 114 | ov_114 | 3.480131926125222 × 10^278 |
| 115 | ov_115 | 2.8226868777386376 × 10^278 |
| 116 | ov_116 | 2.2544173498855203 × 10^278 |
| 117 | ov_117 | 1.7687166706685328 × 10^278 |
| 118 | ov_118 | 1.359004770461578 × 10^278 |
| 119 | ov_119 | 1.0187177446216633 × 10^278 |
| 120 | ov_120 | 7.413006863483376 × 10^277 |
| 121 | ov_121 | 5.20203329931649 × 10^277 |
| 122 | ov_122 | 3.488778370434276 × 10^277 |
| 123 | ov_123 | 2.207777583807524 × 10^277 |
| 124 | ov_124 | 1.2935742906367976 × 10^277 |
| 125 | ov_125 | 6.80715717404775 × 10^276 |
| 126 | ov_126 | 3.0375068140103506 × 10^276 |
| 127 | aaa_77_28 | 9.722850867046224 × 10^275 |
| 128 | aaa_77_29 | 3.657060581968491 × 10^275 |
| 129 | ov_129 | 3.362453042297886 × 10^275 |
| 130 | ov_130 | 3.362445132239691 × 10^275 |
| 131 | ov_131 | 3.36244258637696 × 10^275 |
| 132 | ov_132 | 2.9323081302451833 × 10^275 |
| 133 | ov_133 | 2.5412357964285607 × 10^275 |
| 134 | ov_134 | 2.187299246260565 × 10^275 |
| 135 | ov_135 | 1.868683340784728 × 10^275 |
| 136 | ov_136 | 1.5836759234574828 × 10^275 |
| 137 | ov_137 | 1.3306605021330698 × 10^275 |
| 138 | ov_138 | 1.1081097731114137 × 10^275 |
| 139 | ov_139 | 9.145799330548438 × 10^274 |
| 140 | ov_140 | 7.474147583518504 × 10^274 |
| 141 | ov_141 | 6.041029748859698 × 10^274 |
| 142 | ov_142 | 4.822716145504384 × 10^274 |
| 143 | ov_143 | 3.7968052026742202 × 10^274 |
| 144 | ov_144 | 2.9421788578877566 × 10^274 |
| 145 | ov_145 | 2.2389669733870014 × 10^274 |
| 146 | ov_146 | 1.668519445260447 × 10^274 |
| 147 | ov_147 | 1.2133847778010933 × 10^274 |
| 148 | ov_148 | 8.572939934820984 × 10^273 |
| 149 | ov_149 | 5.851488465295937 × 10^273 |
| 150 | ov_150 | 3.8301345176777605 × 10^273 |
| 151 | ov_151 | 2.3810863026740892 × 10^273 |
| 152 | ov_152 | 1.3880837066092708 × 10^273 |
| 153 | ov_153 | 7.463780981245092 × 10^272 |
| 154 | ov_154 | 3.627218757707827 × 10^272 |
| 155 | ov_155 | 1.553634184327415 × 10^272 |
| 156 | aaa_76_25 | 5.404472168961071 × 10^271 |
| 157 | aaa_76_26 | 3.328062023442412 × 10^271 |
| 158 | aaa_76_27 | 1.826225419512221 × 10^271 |
| 159 | aaa_76_28 | 8.614935589543398 × 10^270 |
| 160 | aaa_76_29 | 3.2475436942208807 × 10^270 |

### Output Bits Sorted by Complexity

| Rank | Output Bit | Complexity |
|:----:|:----------:|:----------:|
| 160 | aaa_76_29 | 3.2475436942208807 × 10^270 |
| 159 | aaa_76_28 | 8.614935589543398 × 10^270 |
| 158 | aaa_76_27 | 1.826225419512221 × 10^271 |
| 157 | aaa_76_26 | 3.328062023442412 × 10^271 |
| 156 | aaa_76_25 | 5.404472168961071 × 10^271 |
| 155 | ov_155 | 1.553634184327415 × 10^272 |
| 154 | ov_154 | 3.627218757707827 × 10^272 |
| 153 | ov_153 | 7.463780981245092 × 10^272 |
| 152 | ov_152 | 1.3880837066092708 × 10^273 |
| 151 | ov_151 | 2.3810863026740892 × 10^273 |
| 150 | ov_150 | 3.8301345176777605 × 10^273 |
| 149 | ov_149 | 5.851488465295937 × 10^273 |
| 148 | ov_148 | 8.572939934820984 × 10^273 |
| 147 | ov_147 | 1.2133847778010933 × 10^274 |
| 146 | ov_146 | 1.668519445260447 × 10^274 |
| 145 | ov_145 | 2.2389669733870014 × 10^274 |
| 144 | ov_144 | 2.9421788578877566 × 10^274 |
| 143 | ov_143 | 3.7968052026742202 × 10^274 |
| 142 | ov_142 | 4.822716145504384 × 10^274 |
| 141 | ov_141 | 6.041029748859698 × 10^274 |
| 140 | ov_140 | 7.474147583518504 × 10^274 |
| 139 | ov_139 | 9.145799330548438 × 10^274 |
| 138 | ov_138 | 1.1081097731114137 × 10^275 |
| 137 | ov_137 | 1.3306605021330698 × 10^275 |
| 136 | ov_136 | 1.5836759234574828 × 10^275 |
| 135 | ov_135 | 1.868683340784728 × 10^275 |
| 134 | ov_134 | 2.187299246260565 × 10^275 |
| 133 | ov_133 | 2.5412357964285607 × 10^275 |
| 132 | ov_132 | 2.9323081302451833 × 10^275 |
| 131 | ov_131 | 3.36244258637696 × 10^275 |
| 130 | ov_130 | 3.362445132239691 × 10^275 |
| 129 | ov_129 | 3.362453042297886 × 10^275 |
| 128 | aaa_77_29 | 3.657060581968491 × 10^275 |
| 127 | aaa_77_28 | 9.722850867046224 × 10^275 |
| 126 | ov_126 | 3.0375068140103506 × 10^276 |
| 125 | ov_125 | 6.80715717404775 × 10^276 |
| 124 | ov_124 | 1.2935742906367976 × 10^277 |
| 123 | ov_123 | 2.207777583807524 × 10^277 |
| 122 | ov_122 | 3.488778370434276 × 10^277 |
| 121 | ov_121 | 5.20203329931649 × 10^277 |
| 120 | ov_120 | 7.413006863483376 × 10^277 |
| 119 | ov_119 | 1.0187177446216633 × 10^278 |
| 118 | ov_118 | 1.359004770461578 × 10^278 |
| 117 | ov_117 | 1.7687166706685328 × 10^278 |
| 116 | ov_116 | 2.2544173498855203 × 10^278 |
| 115 | ov_115 | 2.8226868777386376 × 10^278 |
| 114 | ov_114 | 3.480131926125222 × 10^278 |
| 113 | ov_113 | 4.2333999365201936 × 10^278 |
| 112 | ov_112 | 5.089197477400936 × 10^278 |
| 111 | ov_111 | 6.054313252342834 × 10^278 |
| 110 | ov_110 | 7.135646220189795 × 10^278 |
| 109 | ov_109 | 8.340239290187471 × 10^278 |
| 108 | ov_108 | 9.675319057297731 × 10^278 |
| 107 | ov_107 | 1.1148342046331316 × 10^279 |
| 106 | ov_106 | 1.2767047938339073 × 10^279 |
| 105 | ov_105 | 1.4539520259241495 × 10^279 |
| 104 | ov_104 | 1.647425501935973 × 10^279 |
| 103 | ov_103 | 1.8580237803790265 × 10^279 |
| 102 | ov_102 | 2.0867029827931963 × 10^279 |
| 101 | ov_101 | 2.3344863490447882 × 10^279 |
| 100 | ov_100 | 2.602474797803825 × 10^279 |
| 96 | aaa_78_29 | 2.654769053362265 × 10^279 |
| 99 | ov_099 | 2.8918584137813456 × 10^279 |
| 98 | ov_098 | 2.8918869145230755 × 10^279 |
| 97 | ov_097 | 2.891975777597091 × 10^279 |
| 95 | aaa_78_28 | 7.006914284016918 × 10^279 |
| 94 | ov_094 | 2.1786369650814463 × 10^280 |
| 93 | ov_093 | 4.860554621409976 × 10^280 |
| 92 | ov_092 | 9.202115370773953 × 10^280 |
| 91 | ov_091 | 1.731869049716048 × 10^281 |
| 90 | ov_090 | 3.38969300619294 × 10^281 |
| 89 | ov_089 | 6.453573675298028 × 10^281 |
| 88 | ov_088 | 1.1574759092405359 × 10^282 |
| 87 | ov_087 | 1.9496101157109503 × 10^282 |
| 86 | ov_086 | 3.105246472022479 × 10^282 |
| 85 | ov_085 | 4.6730853003280537 × 10^282 |
| 84 | ov_084 | 6.706529288190743 × 10^282 |
| 83 | ov_083 | 9.317155372014247 × 10^282 |
| 82 | ov_082 | 1.262617271887866 × 10^283 |
| 81 | ov_081 | 1.6764623474879946 × 10^283 |
| 64 | lv_79_m31 | 2.137944388093503 × 10^283 |
| 80 | ov_080 | 2.187363119864198 × 10^283 |
| 79 | ov_079 | 2.810470222407621 × 10^283 |
| 78 | ov_078 | 3.562008520251046 × 10^283 |
| 77 | ov_077 | 4.45931940850783 × 10^283 |
| 76 | ov_076 | 5.520909982416617 × 10^283 |
| 75 | ov_075 | 6.766509610055772 × 10^283 |
| 74 | ov_074 | 8.217134442386221 × 10^283 |
| 63 | ov_063 | 8.807606703767336 × 10^283 |
| 73 | ov_073 | 9.884322053314128 × 10^283 |
| 72 | ov_072 | 1.1780352575489962 × 10^284 |
| 71 | ov_071 | 1.3918296966433244 × 10^284 |
| 70 | ov_070 | 1.6312070497705077 × 10^284 |
| 69 | ov_069 | 1.8976491765986373 × 10^284 |
| 68 | ov_068 | 2.1927347536324524 × 10^284 |
| 67 | ov_067 | 2.5181463741648526 × 10^284 |
| 66 | ov_066 | 2.5181484801476342 × 10^284 |
| 65 | ov_065 | 2.5181549789052296 × 10^284 |
| 62 | ov_062 | 3.626856202318165 × 10^284 |
| 61 | ov_061 | 1.0931591308459145 × 10^285 |
| 60 | ov_060 | 2.6456501204237218 × 10^285 |
| 59 | ov_059 | 5.480903211981971 × 10^285 |
| 58 | ov_058 | 1.0092205277482549 × 10^286 |
| 57 | ov_057 | 1.6972847379175942 × 10^286 |
| 56 | ov_056 | 2.8885473619057866 × 10^286 |
| 55 | ov_055 | 5.184870776687285 × 10^286 |
| 54 | ov_054 | 9.286790817806211 × 10^286 |
| 53 | ov_053 | 1.5993534317046958 × 10^287 |
| 52 | ov_052 | 2.6203049787463006 × 10^287 |
| 51 | ov_051 | 4.043840453274455 × 10^287 |
| 50 | ov_050 | 5.927214553855008 × 10^287 |
| 49 | ov_049 | 8.332642855970908 × 10^287 |
| 48 | ov_048 | 1.1327323041895673 × 10^288 |
| 47 | ov_047 | 1.4983467423563198 × 10^288 |
| 32 | lv_80_m31 | 1.7433055778737732 × 10^288 |
| 46 | ov_046 | 1.9378349658045327 × 10^288 |
| 45 | ov_045 | 2.459436799856222 × 10^288 |
| 44 | ov_044 | 3.071912775187908 × 10^288 |
| 43 | ov_043 | 3.784554691977404 × 10^288 |
| 42 | ov_042 | 4.616490787675795 × 10^288 |
| 41 | ov_041 | 5.5879552693865 × 10^288 |
| 40 | ov_040 | 6.720325597454005 × 10^288 |
| 31 | ov_031 | 7.207015698820534 × 10^288 |
| 39 | ov_039 | 8.036168160772298 × 10^288 |
| 38 | ov_038 | 9.559293599621816 × 10^288 |
| 37 | ov_037 | 1.1302599177705863 × 10^289 |
| 36 | ov_036 | 1.3279698142290392 × 10^289 |
| 35 | ov_035 | 1.5504969759266503 × 10^289 |
| 34 | ov_034 | 1.799361745451181 × 10^289 |
| 33 | ov_033 | 2.0761735625269408 × 10^289 |
| 30 | ov_030 | 2.9777615610847707 × 10^289 |
| 29 | ov_029 | 9.001457489329497 × 10^289 |
| 28 | ov_028 | 2.184480483325797 × 10^290 |
| 27 | ov_027 | 5.2182961035294974 × 10^290 |
| 26 | ov_026 | 1.2549856978090285 × 10^291 |
| 25 | ov_025 | 2.7553897531448075 × 10^291 |
| 24 | ov_024 | 5.44316400073159 × 10^291 |
| 23 | ov_023 | 9.821084082395606 × 10^291 |
| 22 | ov_022 | 1.6474589018184132 × 10^292 |
| 21 | ov_021 | 2.607179971478699 × 10^292 |
| 20 | ov_020 | 3.936354974371017 × 10^292 |
| 19 | ov_019 | 5.718343457291128 × 10^292 |
| 18 | ov_018 | 8.044789553213716 × 10^292 |
| 17 | ov_017 | 1.1015637235491814 × 10^293 |
| 16 | ov_016 | 1.4739157412474253 × 10^293 |
| 15 | ov_015 | 1.9331992861728315 × 10^293 |
| 14 | ov_014 | 2.4919227319097697 × 10^293 |
| 13 | ov_013 | 3.1634484357525977 × 10^293 |
| 12 | ov_012 | 3.962006086270988 × 10^293 |
| 11 | ov_011 | 4.902709988486016 × 10^293 |
| 10 | ov_010 | 6.0015808043772434 × 10^293 |
| 9 | ov_009 | 7.275572306454361 × 10^293 |
| 8 | ov_008 | 8.733889903005688 × 10^293 |
| 7 | ov_007 | 1.0386251523411128 × 10^294 |
| 6 | ov_006 | 1.2242912210767295 × 10^294 |
| 5 | ov_005 | 1.431469281960627 × 10^294 |
| 4 | ov_004 | 1.66130134965381 × 10^294 |
| 3 | ov_003 | 1.9149932753563666 × 10^294 |
| 2 | ov_002 | 2.1938192989619038 × 10^294 |
| 1 | ov_001 | 2.499127336356645 × 10^294 |

