# Results for F001-F002-F003-F004-F005-F006-F007-F008-F009-F010-F011-F012-F013-F014-F015-F016-F017-F018-F019-F020-F021-F022-F023-F024-F025-F026-F027-F028-F029-F030-F031-F032-F033-F034-F035-F036-F037-F038-F039-F040-F041-F042-F043-F044-F045-F046-F047-F048-F049-F050-F051-F052-F053-F054-F055-F056-F057-F058-F059-F060-F061-F062-F063-F064-F065-F066-F067-F068-F069-F070-F071-F072-F073-F074-F075-F076-F077-F078-F079-F080-F081-F082-F083-F084-F085-F086-F087-F088-F089-F090-F091-F092-F093-F094-F095-F096-F097-F098-F099-F100-F101-F102-F103-F104-F105-F106-F107-F108-F109-F110-F111-F112-F113-F114-F115-F116-F117-F118-F119-F120-F121-F122-F123-F124-F125-F126-F127-F128-F129-F130-F131-F132-F133-F134-F135-F136-F137-F138-F139-F140-F141-F142-F143-F144-F145-F146-F147-F148-F149-F150-F151-F152-F153-F154-F155-F156-F157-F158-F159-F160-F161-F162-F163-F164-F165-F166-F167-F168-F169-F170-F171-F172-F173-F174-F175-F176-F177-F178-F179-F180-F181-F182-F183-F184-F185-F186-F187-F188-F189-F190-F191-F192-F193-F194-F195-F196-F197-F198-F199-F200-F201-F202-F203-F204-F205-F206-F207-F208-F209-F210-F211-F212-F213-F214-F215-F216-F217-F218-F219-F220-F221-F222-F223-F224-F225-F226-F227-F228-F229-F230-F231-F232-F233-F234-F235-F236-F237-F238-F239-F240-F241-F242-F243-F244-F245-F246-F247-F248-F249-F250-F251-F252-F253-F254-F255-F256-F257-F258-F259-F260-F261-F262-F263-F264-F265-F266-F267-F268-F269-F270-F271-F272-F273-F274-F275-F276-F277-F278-F279-F280-F281-F282-F283-F284-F285-F286-F287-F288-F289-F290-F291-F292-F293-F294-F295-F296-F297-F298-F299-F300-F301-F302-F303-F304-F305-F306-F307-F308-F309-F310-F311-F312-F313-F314-F315-F316-F317-F318-F319-F320-F321-F322-F323-F324-F325-F326-F327-F328-F329-F330-F331-F332-F333-F334-F335-F336-F337-F338-F339-F340-F341-F342-F343-F344-F345-F346-F347-F348-F349-F350-F351-F352-F353-F354-F355-F356-F357-F358-F359-F360-F361-F362-F363-F364-F365-F366-F367-F368-F369-F370-F371-F372-F373-F374-F375-F376-F377-F378-F379-F380-F381-F382-F383-F384-F385-F386-F387-F388-F389-F390-F391-F392-F393-F394-F395-F396-F397-F398-F399-F400-F401-F402-F403-F404-F405-F406-F407-F408-F409-F410-F411-F412-F413-F414-F415-F416-F417-F418-F419-F420-F421-F422-F423-F424-F425-F426-F427-F428-F429-F430-F431-F432-F433-F434-F435-F436-F437-F438-F439-F440-F441-F442-F443-F444-F445-F446-F447-F448-F449-F450-F451-F452-F453-F454-F455-F456-F457-F458-F459-F460-F461-F462-F463-F464-F465-F466-F467-F468-F469-F470-F471-F472-F473-F474-F475-F476-F477-F478-F479-F480-F481-F482-F483-F484-F485-F486-F487-F488-F489-F490-F491-F492-F493-F494-F495-F496-F497-F498-F499-F500-F501-F502-F503-F504-E505506-E505510-E507509

## Summary

Number of input bits: 512  
Number of free input bits: 5  
Number of output bits: 160

Number of direct occurrences: 21290  
Number of assignments: 30543  
Number of operations: 10905484
(xor: 10875299,
and: 17370,
or: 12815)

Total complexity: 1.0005814951725745 × 10^297

Least occurring input variable: iv_508 (4049)  
Most occurring input variable: iv_505 (4534)

Most co-occurring input variables: iv_505-iv_507 (2093)  
Least co-occurring input variables: iv_508-iv_511 (1906)

Potentially most occurring input variable: iv_505/iv_512 (4777)  
Potentially least occurring input variable: iv_511/iv_512 (4321)

Least output occurring input variable: iv_508 (70)  
Most output occurring input variable: iv_512 (78)

Most output co-occurring input variables: iv_511-iv_512 (39)  
Least output co-occurring input variables: iv_508-iv_512 (29)

Potentially most output occurring input variable: iv_508/iv_512 (90)  
Potentially least output occurring input variable: iv_508/iv_511 (74)

Least complex input bit: iv_511 (1.1689825695274838 × 10^296)  
Most complex input bit: iv_505 (3.532001487204392 × 10^296)

Least complex output bit: aaa_76_29 (1.6576486882950698 × 10^272)  
Most complex output bit: ov_001 (1.5501376252140624 × 10^296)

Least complex input/output complexity: iv_511/aaa_76_29 (1.9366362783701284 × 10^271)  
Most complex input/output complexity:  (5.471906510406968 × 10^295)

Input variable with highest collision probability: iv_511 (½^160.00000000000065)

## Input Bits

### Input Bits in Regular Order

| Input Bit | Complexity | Occurrences | Output Occurrences | Collision Probability |
|:---------:|:----------:|:-----------:|:------------------:|:---------------------:|
| iv_505 | 3.532001487204392 × 10^296 | 4534 | 76 | ½^160.00000000000068 |
| iv_507 | 2.531328463946407 × 10^296 | 4322 | 78 | ½^160.00000000000094 |
| iv_508 | 1.3944326688705091 × 10^296 | 4049 | 70 | ½^160.0000000000008 |
| iv_511 | 1.1689825695274838 × 10^296 | 4112 | 74 | ½^160.00000000000065 |
| iv_512 | 1.3790697621769609 × 10^296 | 4273 | 78 | ½^160.00000000000077 |

### Input Bits Sorted by Complexity

| Input Bit | Complexity | Occurrences | Output Occurrences | Collision Probability |
|:---------:|:----------:|:-----------:|:------------------:|:---------------------:|
| iv_511 | 1.1689825695274838 × 10^296 | 4112 | 74 | ½^160.00000000000065 |
| iv_512 | 1.3790697621769609 × 10^296 | 4273 | 78 | ½^160.00000000000077 |
| iv_508 | 1.3944326688705091 × 10^296 | 4049 | 70 | ½^160.0000000000008 |
| iv_507 | 2.531328463946407 × 10^296 | 4322 | 78 | ½^160.00000000000094 |
| iv_505 | 3.532001487204392 × 10^296 | 4534 | 76 | ½^160.00000000000068 |

### Input Bits Sorted by Occurrences

| Input Bit | Complexity | Occurrences | Output Occurrences | Collision Probability |
|:---------:|:----------:|:-----------:|:------------------:|:---------------------:|
| iv_508 | 1.3944326688705091 × 10^296 | 4049 | 70 | ½^160.0000000000008 |
| iv_511 | 1.1689825695274838 × 10^296 | 4112 | 74 | ½^160.00000000000065 |
| iv_512 | 1.3790697621769609 × 10^296 | 4273 | 78 | ½^160.00000000000077 |
| iv_507 | 2.531328463946407 × 10^296 | 4322 | 78 | ½^160.00000000000094 |
| iv_505 | 3.532001487204392 × 10^296 | 4534 | 76 | ½^160.00000000000068 |

### Input Bits Sorted by Output Occurrences

| Input Bit | Complexity | Occurrences | Output Occurrences | Collision Probability |
|:---------:|:----------:|:-----------:|:------------------:|:---------------------:|
| iv_508 | 1.3944326688705091 × 10^296 | 4049 | 70 | ½^160.0000000000008 |
| iv_511 | 1.1689825695274838 × 10^296 | 4112 | 74 | ½^160.00000000000065 |
| iv_505 | 3.532001487204392 × 10^296 | 4534 | 76 | ½^160.00000000000068 |
| iv_507 | 2.531328463946407 × 10^296 | 4322 | 78 | ½^160.00000000000094 |
| iv_512 | 1.3790697621769609 × 10^296 | 4273 | 78 | ½^160.00000000000077 |

### Input Bits Sorted by Collision Probability

| Input Bit | Complexity | Occurrences | Output Occurrences | Collision Probability |
|:---------:|:----------:|:-----------:|:------------------:|:---------------------:|
| iv_511 | 1.1689825695274838 × 10^296 | 4112 | 74 | ½^160.00000000000065 |
| iv_505 | 3.532001487204392 × 10^296 | 4534 | 76 | ½^160.00000000000068 |
| iv_512 | 1.3790697621769609 × 10^296 | 4273 | 78 | ½^160.00000000000077 |
| iv_508 | 1.3944326688705091 × 10^296 | 4049 | 70 | ½^160.0000000000008 |
| iv_507 | 2.531328463946407 × 10^296 | 4322 | 78 | ½^160.00000000000094 |

## Input Bit/Output Bit Collision Probabilities

| Input Bit | Output Bit | Collision Probability |
|:---------:|:----------:|:---------------------:|
| iv_505 | ov_068 | 0.5000000000000021 |
| iv_511 | ov_061 | 0.5000000000000019 |
| iv_511 | aaa_78_28 | 0.5000000000000018 |
| iv_511 | ov_056 | 0.5000000000000017 |
| iv_508 | ov_033 | 0.5000000000000016 |

## Input Bit Co-occurrences

### Input Bit Co-occurrences Sorted by Co-occurrences

| Input Bits | Co-occurrences | Potential Occurrences | Output Co-occurrences | Potential Output Occurrences |
|:----------:|:--------------:|:---------------------:|:---------------------:|:----------------------------:|
| iv_505-iv_507 | 2093 | 4670 | 34 | 86 |
| iv_505-iv_508 | 2040 | 4503 | 35 | 76 |
| iv_511-iv_512 | 2032 | 4321 | 39 | 74 |
| iv_505-iv_512 | 2015 | 4777 | 37 | 80 |
| iv_507-iv_511 | 1999 | 4436 | 33 | 86 |

### Input Bit Co-occurrences Sorted by Potential Occurrences

| Input Bits | Co-occurrences | Potential Occurrences | Output Co-occurrences | Potential Output Occurrences |
|:----------:|:--------------:|:---------------------:|:---------------------:|:----------------------------:|
| iv_511-iv_512 | 2032 | 4321 | 39 | 74 |
| iv_508-iv_511 | 1906 | 4349 | 35 | 74 |
| iv_508-iv_512 | 1944 | 4434 | 29 | 90 |
| iv_507-iv_511 | 1999 | 4436 | 33 | 86 |
| iv_505-iv_508 | 2040 | 4503 | 35 | 76 |

### Input Bit Output Co-occurrences Sorted by Output Co-occurrences

| Input Bits | Co-occurrences | Potential Occurrences | Output Co-occurrences | Potential Output Occurrences |
|:----------:|:--------------:|:---------------------:|:---------------------:|:----------------------------:|
| iv_511-iv_512 | 2032 | 4321 | 39 | 74 |
| iv_505-iv_512 | 2015 | 4777 | 37 | 80 |
| iv_505-iv_508 | 2040 | 4503 | 35 | 76 |
| iv_505-iv_511 | 1961 | 4724 | 35 | 80 |
| iv_508-iv_511 | 1906 | 4349 | 35 | 74 |

### Input Bit Output Co-occurrences Sorted by Potential Output Occurrences

| Input Bits | Co-occurrences | Potential Occurrences | Output Co-occurrences | Potential Output Occurrences |
|:----------:|:--------------:|:---------------------:|:---------------------:|:----------------------------:|
| iv_508-iv_511 | 1906 | 4349 | 35 | 74 |
| iv_511-iv_512 | 2032 | 4321 | 39 | 74 |
| iv_505-iv_508 | 2040 | 4503 | 35 | 76 |
| iv_505-iv_511 | 1961 | 4724 | 35 | 80 |
| iv_505-iv_512 | 2015 | 4777 | 37 | 80 |

## Output Bits

### Output Bits in Regular Order

| Rank | Output Bit | Complexity |
|:----:|:----------:|:----------:|
| 1 | ov_001 | 1.5501376252140624 × 10^296 |
| 2 | ov_002 | 1.3568318613732723 × 10^296 |
| 3 | ov_003 | 1.1807367887048638 × 10^296 |
| 4 | ov_004 | 1.0210332208289098 × 10^296 |
| 5 | ov_005 | 8.769468594188933 × 10^295 |
| 6 | ov_006 | 7.477450939381226 × 10^295 |
| 7 | ov_007 | 6.327342243959984 × 10^295 |
| 8 | ov_008 | 5.312570592458783 × 10^295 |
| 9 | ov_009 | 4.4210073832531154 × 10^295 |
| 10 | ov_010 | 3.6467515688957627 × 10^295 |
| 11 | ov_011 | 2.9789214562110824 × 10^295 |
| 12 | ov_012 | 2.407220504346877 × 10^295 |
| 13 | ov_013 | 1.9219172159385047 × 10^295 |
| 14 | ov_014 | 1.5138286686833728 × 10^295 |
| 15 | ov_015 | 1.1743073701897573 × 10^295 |
| 16 | ov_016 | 8.952311099848474 × 10^294 |
| 17 | ov_017 | 6.6899541533003 × 10^294 |
| 18 | ov_018 | 4.885081580158814 × 10^294 |
| 19 | ov_019 | 3.471858683452856 × 10^294 |
| 20 | ov_020 | 2.3895135447399876 × 10^294 |
| 21 | ov_021 | 1.582322672021853 × 10^294 |
| 22 | ov_022 | 9.996029221536272 × 10^293 |
| 23 | ov_023 | 5.957070568838217 × 10^293 |
| 24 | ov_024 | 3.3002113901481746 × 10^293 |
| 25 | ov_025 | 1.6696290584522896 × 10^293 |
| 26 | ov_026 | 7.598079198031833 × 10^292 |
| 27 | ov_027 | 3.155340407424189 × 10^292 |
| 28 | ov_028 | 1.3189276731348437 × 10^292 |
| 29 | ov_029 | 5.426779109887438 × 10^291 |
| 30 | ov_030 | 1.7925487882387924 × 10^291 |
| 31 | ov_031 | 4.3320898240096136 × 10^290 |
| 32 | lv_80_m31 | 1.0466289645961346 × 10^290 |
| 33 | ov_033 | 1.2630764635285796 × 10^291 |
| 34 | ov_034 | 1.093271327641835 × 10^291 |
| 35 | ov_035 | 9.411643832062466 × 10^290 |
| 36 | ov_036 | 8.059034213278338 × 10^290 |
| 37 | ov_037 | 6.86683128336619 × 10^290 |
| 38 | ov_038 | 5.820202318664322 × 10^290 |
| 39 | ov_039 | 4.905097728486031 × 10^290 |
| 40 | ov_040 | 4.108202823376967 × 10^290 |
| 41 | ov_041 | 3.4168965861857218 × 10^290 |
| 42 | ov_042 | 2.81921682043269 × 10^290 |
| 43 | ov_043 | 2.303831002504546 × 10^290 |
| 44 | ov_044 | 1.8600121621367196 × 10^290 |
| 45 | ov_045 | 1.4776191597612313 × 10^290 |
| 46 | ov_046 | 1.1517256736848224 × 10^290 |
| 47 | ov_047 | 8.776868020577676 × 10^289 |
| 48 | ov_048 | 6.511334848413566 × 10^289 |
| 49 | ov_049 | 4.67968180187891 × 10^289 |
| 50 | ov_050 | 3.243615952209726 × 10^289 |
| 51 | ov_051 | 2.1675031476433803 × 10^289 |
| 52 | ov_052 | 1.387991676946589 × 10^289 |
| 53 | ov_053 | 8.469868316913186 × 10^288 |
| 54 | ov_054 | 4.916407980402493 × 10^288 |
| 55 | ov_055 | 2.743471708351697 × 10^288 |
| 56 | ov_056 | 1.527381044503734 × 10^288 |
| 57 | ov_057 | 8.968276978846639 × 10^287 |
| 58 | ov_058 | 5.328647240004075 × 10^287 |
| 59 | ov_059 | 2.891081895305732 × 10^287 |
| 60 | ov_060 | 1.393812544307156 × 10^287 |
| 61 | ov_061 | 5.750728935138398 × 10^286 |
| 62 | ov_062 | 1.9048598106086015 × 10^286 |
| 63 | ov_063 | 4.616822082240463 × 10^285 |
| 64 | lv_79_m31 | 1.1183392520637864 × 10^285 |
| 65 | ov_065 | 1.323364947570521 × 10^286 |
| 66 | ov_066 | 1.323361679805016 × 10^286 |
| 67 | ov_067 | 1.3233606208763364 × 10^286 |
| 68 | ov_068 | 1.1494727692335865 × 10^286 |
| 69 | ov_069 | 9.923158192522188 × 10^285 |
| 70 | ov_070 | 8.510439323802154 × 10^285 |
| 71 | ov_071 | 7.248635001778644 × 10^285 |
| 72 | ov_072 | 6.130295748312207 × 10^285 |
| 73 | ov_073 | 5.148426094430073 × 10^285 |
| 74 | ov_074 | 4.290281257278333 × 10^285 |
| 75 | ov_075 | 3.5438871208870357 × 10^285 |
| 76 | ov_076 | 2.8979942033918866 × 10^285 |
| 77 | ov_077 | 2.3420364450044577 × 10^285 |
| 78 | ov_078 | 1.8708968122564844 × 10^285 |
| 79 | ov_079 | 1.4752703347667497 × 10^285 |
| 80 | ov_080 | 1.1464379638536652 × 10^285 |
| 81 | ov_081 | 8.762418761805831 × 10^284 |
| 82 | ov_082 | 6.570642322364253 × 10^284 |
| 83 | ov_083 | 4.818091239617784 × 10^284 |
| 84 | ov_084 | 3.438874467487172 × 10^284 |
| 85 | ov_085 | 2.372044316008908 × 10^284 |
| 86 | ov_086 | 1.5614957354897725 × 10^284 |
| 87 | ov_087 | 9.803756868918144 × 10^283 |
| 88 | ov_088 | 5.820449172343313 × 10^283 |
| 89 | ov_089 | 3.2452207083536304 × 10^283 |
| 90 | ov_090 | 1.7045245600871854 × 10^283 |
| 91 | ov_091 | 8.708759276199728 × 10^282 |
| 92 | ov_092 | 4.6272927890124164 × 10^282 |
| 93 | ov_093 | 2.444123321876182 × 10^282 |
| 94 | ov_094 | 1.0955181619971415 × 10^282 |
| 95 | aaa_78_28 | 3.523372272451672 × 10^281 |
| 96 | aaa_78_29 | 1.3349136404202112 × 10^281 |
| 97 | ov_097 | 1.4536058677125398 × 10^281 |
| 98 | ov_098 | 1.4535619513747953 × 10^281 |
| 99 | ov_099 | 1.45354792339382 × 10^281 |
| 100 | ov_100 | 1.3080243218625656 × 10^281 |
| 101 | ov_101 | 1.1732588606393284 × 10^281 |
| 102 | ov_102 | 1.048656501819827 × 10^281 |
| 103 | ov_103 | 9.33665687677593 × 10^280 |
| 104 | ov_104 | 8.277728195686615 × 10^280 |
| 105 | ov_105 | 7.304972784234851 × 10^280 |
| 106 | ov_106 | 6.413868986795889 × 10^280 |
| 107 | ov_107 | 5.600138087991741 × 10^280 |
| 108 | ov_108 | 4.859706701167699 × 10^280 |
| 109 | ov_109 | 4.188673466403404 × 10^280 |
| 110 | ov_110 | 3.583279803725511 × 10^280 |
| 111 | ov_111 | 3.039884042774409 × 10^280 |
| 112 | ov_112 | 2.5549382544867296 × 10^280 |
| 113 | ov_113 | 2.1249679736067223 × 10^280 |
| 114 | ov_114 | 1.7465550032002656 × 10^280 |
| 115 | ov_115 | 1.4163230639855843 × 10^280 |
| 116 | ov_116 | 1.130926052392216 × 10^280 |
| 117 | ov_117 | 8.870386719491178 × 10^279 |
| 118 | ov_118 | 6.813492030067907 × 10^279 |
| 119 | ov_119 | 5.105541760222282 × 10^279 |
| 120 | ov_120 | 3.7135471374311537 × 10^279 |
| 121 | ov_121 | 2.6045430767615005 × 10^279 |
| 122 | ov_122 | 1.745576882737437 × 10^279 |
| 123 | ov_123 | 1.1037029497492791 × 10^279 |
| 124 | ov_124 | 6.459796761492099 × 10^278 |
| 125 | ov_125 | 3.394674383864437 × 10^278 |
| 126 | ov_126 | 1.5122742489709257 × 10^278 |
| 127 | aaa_77_28 | 4.832108377492589 × 10^277 |
| 128 | aaa_77_29 | 1.812495324345578 × 10^277 |
| 129 | ov_129 | 1.6771483286875372 × 10^277 |
| 130 | ov_130 | 1.677144291574439 × 10^277 |
| 131 | ov_131 | 1.6771429925090337 × 10^277 |
| 132 | ov_132 | 1.4581359467605349 × 10^277 |
| 133 | ov_133 | 1.2602225208583801 × 10^277 |
| 134 | ov_134 | 1.0824248448318395 × 10^277 |
| 135 | ov_135 | 9.238210869279708 × 10^276 |
| 136 | ov_136 | 7.835412771638379 × 10^276 |
| 137 | ov_137 | 6.599866825806957 × 10^276 |
| 138 | ov_138 | 5.516455169735214 × 10^276 |
| 139 | ov_139 | 4.57087650529183 × 10^276 |
| 140 | ov_140 | 3.749600815235488 × 10^276 |
| 141 | ov_141 | 3.0398310609663335 × 10^276 |
| 142 | ov_142 | 2.4353475936970874 × 10^276 |
| 143 | ov_143 | 1.9247285693565785 × 10^276 |
| 144 | ov_144 | 1.4972046166872513 × 10^276 |
| 145 | ov_145 | 1.142641258831147 × 10^276 |
| 146 | ov_146 | 8.515250715139291 × 10^275 |
| 147 | ov_147 | 6.192530928052611 × 10^275 |
| 148 | ov_148 | 4.375247522842668 × 10^275 |
| 149 | ov_149 | 2.986361413657011 × 10^275 |
| 150 | ov_150 | 1.9547598388381315 × 10^275 |
| 151 | ov_151 | 1.2152296573891437 × 10^275 |
| 152 | ov_152 | 7.08440771425554 × 10^274 |
| 153 | ov_153 | 3.80936665438291 × 10^274 |
| 154 | ov_154 | 1.8512950859720846 × 10^274 |
| 155 | ov_155 | 7.9297788154147 × 10^273 |
| 156 | aaa_76_25 | 2.7585201384160945 × 10^273 |
| 157 | aaa_76_26 | 1.6987568188721355 × 10^273 |
| 158 | aaa_76_27 | 9.322036755386224 × 10^272 |
| 159 | aaa_76_28 | 4.397561611188915 × 10^272 |
| 160 | aaa_76_29 | 1.6576486882950698 × 10^272 |

### Output Bits Sorted by Complexity

| Rank | Output Bit | Complexity |
|:----:|:----------:|:----------:|
| 160 | aaa_76_29 | 1.6576486882950698 × 10^272 |
| 159 | aaa_76_28 | 4.397561611188915 × 10^272 |
| 158 | aaa_76_27 | 9.322036755386224 × 10^272 |
| 157 | aaa_76_26 | 1.6987568188721355 × 10^273 |
| 156 | aaa_76_25 | 2.7585201384160945 × 10^273 |
| 155 | ov_155 | 7.9297788154147 × 10^273 |
| 154 | ov_154 | 1.8512950859720846 × 10^274 |
| 153 | ov_153 | 3.80936665438291 × 10^274 |
| 152 | ov_152 | 7.08440771425554 × 10^274 |
| 151 | ov_151 | 1.2152296573891437 × 10^275 |
| 150 | ov_150 | 1.9547598388381315 × 10^275 |
| 149 | ov_149 | 2.986361413657011 × 10^275 |
| 148 | ov_148 | 4.375247522842668 × 10^275 |
| 147 | ov_147 | 6.192530928052611 × 10^275 |
| 146 | ov_146 | 8.515250715139291 × 10^275 |
| 145 | ov_145 | 1.142641258831147 × 10^276 |
| 144 | ov_144 | 1.4972046166872513 × 10^276 |
| 143 | ov_143 | 1.9247285693565785 × 10^276 |
| 142 | ov_142 | 2.4353475936970874 × 10^276 |
| 141 | ov_141 | 3.0398310609663335 × 10^276 |
| 140 | ov_140 | 3.749600815235488 × 10^276 |
| 139 | ov_139 | 4.57087650529183 × 10^276 |
| 138 | ov_138 | 5.516455169735214 × 10^276 |
| 137 | ov_137 | 6.599866825806957 × 10^276 |
| 136 | ov_136 | 7.835412771638379 × 10^276 |
| 135 | ov_135 | 9.238210869279708 × 10^276 |
| 134 | ov_134 | 1.0824248448318395 × 10^277 |
| 133 | ov_133 | 1.2602225208583801 × 10^277 |
| 132 | ov_132 | 1.4581359467605349 × 10^277 |
| 131 | ov_131 | 1.6771429925090337 × 10^277 |
| 130 | ov_130 | 1.677144291574439 × 10^277 |
| 129 | ov_129 | 1.6771483286875372 × 10^277 |
| 128 | aaa_77_29 | 1.812495324345578 × 10^277 |
| 127 | aaa_77_28 | 4.832108377492589 × 10^277 |
| 126 | ov_126 | 1.5122742489709257 × 10^278 |
| 125 | ov_125 | 3.394674383864437 × 10^278 |
| 124 | ov_124 | 6.459796761492099 × 10^278 |
| 123 | ov_123 | 1.1037029497492791 × 10^279 |
| 122 | ov_122 | 1.745576882737437 × 10^279 |
| 121 | ov_121 | 2.6045430767615005 × 10^279 |
| 120 | ov_120 | 3.7135471374311537 × 10^279 |
| 119 | ov_119 | 5.105541760222282 × 10^279 |
| 118 | ov_118 | 6.813492030067907 × 10^279 |
| 117 | ov_117 | 8.870386719491178 × 10^279 |
| 116 | ov_116 | 1.130926052392216 × 10^280 |
| 115 | ov_115 | 1.4163230639855843 × 10^280 |
| 114 | ov_114 | 1.7465550032002656 × 10^280 |
| 113 | ov_113 | 2.1249679736067223 × 10^280 |
| 112 | ov_112 | 2.5549382544867296 × 10^280 |
| 111 | ov_111 | 3.039884042774409 × 10^280 |
| 110 | ov_110 | 3.583279803725511 × 10^280 |
| 109 | ov_109 | 4.188673466403404 × 10^280 |
| 108 | ov_108 | 4.859706701167699 × 10^280 |
| 107 | ov_107 | 5.600138087991741 × 10^280 |
| 106 | ov_106 | 6.413868986795889 × 10^280 |
| 105 | ov_105 | 7.304972784234851 × 10^280 |
| 104 | ov_104 | 8.277728195686615 × 10^280 |
| 103 | ov_103 | 9.33665687677593 × 10^280 |
| 102 | ov_102 | 1.048656501819827 × 10^281 |
| 101 | ov_101 | 1.1732588606393284 × 10^281 |
| 100 | ov_100 | 1.3080243218625656 × 10^281 |
| 96 | aaa_78_29 | 1.3349136404202112 × 10^281 |
| 99 | ov_099 | 1.45354792339382 × 10^281 |
| 98 | ov_098 | 1.4535619513747953 × 10^281 |
| 97 | ov_097 | 1.4536058677125398 × 10^281 |
| 95 | aaa_78_28 | 3.523372272451672 × 10^281 |
| 94 | ov_094 | 1.0955181619971415 × 10^282 |
| 93 | ov_093 | 2.444123321876182 × 10^282 |
| 92 | ov_092 | 4.6272927890124164 × 10^282 |
| 91 | ov_091 | 8.708759276199728 × 10^282 |
| 90 | ov_090 | 1.7045245600871854 × 10^283 |
| 89 | ov_089 | 3.2452207083536304 × 10^283 |
| 88 | ov_088 | 5.820449172343313 × 10^283 |
| 87 | ov_087 | 9.803756868918144 × 10^283 |
| 86 | ov_086 | 1.5614957354897725 × 10^284 |
| 85 | ov_085 | 2.372044316008908 × 10^284 |
| 84 | ov_084 | 3.438874467487172 × 10^284 |
| 83 | ov_083 | 4.818091239617784 × 10^284 |
| 82 | ov_082 | 6.570642322364253 × 10^284 |
| 81 | ov_081 | 8.762418761805831 × 10^284 |
| 64 | lv_79_m31 | 1.1183392520637864 × 10^285 |
| 80 | ov_080 | 1.1464379638536652 × 10^285 |
| 79 | ov_079 | 1.4752703347667497 × 10^285 |
| 78 | ov_078 | 1.8708968122564844 × 10^285 |
| 77 | ov_077 | 2.3420364450044577 × 10^285 |
| 76 | ov_076 | 2.8979942033918866 × 10^285 |
| 75 | ov_075 | 3.5438871208870357 × 10^285 |
| 74 | ov_074 | 4.290281257278333 × 10^285 |
| 63 | ov_063 | 4.616822082240463 × 10^285 |
| 73 | ov_073 | 5.148426094430073 × 10^285 |
| 72 | ov_072 | 6.130295748312207 × 10^285 |
| 71 | ov_071 | 7.248635001778644 × 10^285 |
| 70 | ov_070 | 8.510439323802154 × 10^285 |
| 69 | ov_069 | 9.923158192522188 × 10^285 |
| 68 | ov_068 | 1.1494727692335865 × 10^286 |
| 67 | ov_067 | 1.3233606208763364 × 10^286 |
| 66 | ov_066 | 1.323361679805016 × 10^286 |
| 65 | ov_065 | 1.323364947570521 × 10^286 |
| 62 | ov_062 | 1.9048598106086015 × 10^286 |
| 61 | ov_061 | 5.750728935138398 × 10^286 |
| 60 | ov_060 | 1.393812544307156 × 10^287 |
| 59 | ov_059 | 2.891081895305732 × 10^287 |
| 58 | ov_058 | 5.328647240004075 × 10^287 |
| 57 | ov_057 | 8.968276978846639 × 10^287 |
| 56 | ov_056 | 1.527381044503734 × 10^288 |
| 55 | ov_055 | 2.743471708351697 × 10^288 |
| 54 | ov_054 | 4.916407980402493 × 10^288 |
| 53 | ov_053 | 8.469868316913186 × 10^288 |
| 52 | ov_052 | 1.387991676946589 × 10^289 |
| 51 | ov_051 | 2.1675031476433803 × 10^289 |
| 50 | ov_050 | 3.243615952209726 × 10^289 |
| 49 | ov_049 | 4.67968180187891 × 10^289 |
| 48 | ov_048 | 6.511334848413566 × 10^289 |
| 47 | ov_047 | 8.776868020577676 × 10^289 |
| 32 | lv_80_m31 | 1.0466289645961346 × 10^290 |
| 46 | ov_046 | 1.1517256736848224 × 10^290 |
| 45 | ov_045 | 1.4776191597612313 × 10^290 |
| 44 | ov_044 | 1.8600121621367196 × 10^290 |
| 43 | ov_043 | 2.303831002504546 × 10^290 |
| 42 | ov_042 | 2.81921682043269 × 10^290 |
| 41 | ov_041 | 3.4168965861857218 × 10^290 |
| 40 | ov_040 | 4.108202823376967 × 10^290 |
| 31 | ov_031 | 4.3320898240096136 × 10^290 |
| 39 | ov_039 | 4.905097728486031 × 10^290 |
| 38 | ov_038 | 5.820202318664322 × 10^290 |
| 37 | ov_037 | 6.86683128336619 × 10^290 |
| 36 | ov_036 | 8.059034213278338 × 10^290 |
| 35 | ov_035 | 9.411643832062466 × 10^290 |
| 34 | ov_034 | 1.093271327641835 × 10^291 |
| 33 | ov_033 | 1.2630764635285796 × 10^291 |
| 30 | ov_030 | 1.7925487882387924 × 10^291 |
| 29 | ov_029 | 5.426779109887438 × 10^291 |
| 28 | ov_028 | 1.3189276731348437 × 10^292 |
| 27 | ov_027 | 3.155340407424189 × 10^292 |
| 26 | ov_026 | 7.598079198031833 × 10^292 |
| 25 | ov_025 | 1.6696290584522896 × 10^293 |
| 24 | ov_024 | 3.3002113901481746 × 10^293 |
| 23 | ov_023 | 5.957070568838217 × 10^293 |
| 22 | ov_022 | 9.996029221536272 × 10^293 |
| 21 | ov_021 | 1.582322672021853 × 10^294 |
| 20 | ov_020 | 2.3895135447399876 × 10^294 |
| 19 | ov_019 | 3.471858683452856 × 10^294 |
| 18 | ov_018 | 4.885081580158814 × 10^294 |
| 17 | ov_017 | 6.6899541533003 × 10^294 |
| 16 | ov_016 | 8.952311099848474 × 10^294 |
| 15 | ov_015 | 1.1743073701897573 × 10^295 |
| 14 | ov_014 | 1.5138286686833728 × 10^295 |
| 13 | ov_013 | 1.9219172159385047 × 10^295 |
| 12 | ov_012 | 2.407220504346877 × 10^295 |
| 11 | ov_011 | 2.9789214562110824 × 10^295 |
| 10 | ov_010 | 3.6467515688957627 × 10^295 |
| 9 | ov_009 | 4.4210073832531154 × 10^295 |
| 8 | ov_008 | 5.312570592458783 × 10^295 |
| 7 | ov_007 | 6.327342243959984 × 10^295 |
| 6 | ov_006 | 7.477450939381226 × 10^295 |
| 5 | ov_005 | 8.769468594188933 × 10^295 |
| 4 | ov_004 | 1.0210332208289098 × 10^296 |
| 3 | ov_003 | 1.1807367887048638 × 10^296 |
| 2 | ov_002 | 1.3568318613732723 × 10^296 |
| 1 | ov_001 | 1.5501376252140624 × 10^296 |

