# Results for F001-F002-F003-F004-F005-F006-F007-F008-F009-F010-F011-F012-F013-F014-F015-F016-F017-F018-F019-F020-F021-F022-F023-F024-F025-F026-F027-F028-F029-F030-F031-F032-F033-F034-F035-F036-F037-F038-F039-F040-F041-F042-F043-F044-F045-F046-F047-F048-F049-F050-F051-F052-F053-F054-F055-F056-F057-F058-F059-F060-F061-F062-F063-F064-F065-F066-F067-F068-F069-F070-F071-F072-F073-F074-F075-F076-F077-F078-F079-F080-F081-F082-F083-F084-F085-F086-F087-F088-F089-F090-F091-F092-F093-F094-F095-F096-F097-F098-F099-F100-F101-F102-F103-F104-F105-F106-F107-F108-F109-F110-F111-F112-F113-F114-F115-F116-F117-F118-F119-F120-F121-F122-F123-F124-F125-F126-F127-F128-F129-F130-F131-F132-F133-F134-F135-F136-F137-F138-F139-F140-F141-F142-F143-F144-F145-F146-F147-F148-F149-F150-F151-F152-F153-F154-F155-F156-F157-F158-F159-F160-F161-F162-F163-F164-F165-F166-F167-F168-F169-F170-F171-F172-F173-F174-F175-F176-F177-F178-F179-F180-F181-F182-F183-F184-F185-F186-F187-F188-F189-F190-F191-F192-F193-F194-F195-F196-F197-F198-F199-F200-F201-F202-F203-F204-F205-F206-F207-F208-F209-F210-F211-F212-F213-F214-F215-F216-F217-F218-F219-F220-F221-F222-F223-F224-F225-F226-F227-F228-F229-F230-F231-F232-F233-F234-F235-F236-F237-F238-F239-F240-F241-F242-F243-F244-F245-F246-F247-F248-F249-F250-F251-F252-F253-F254-F255-F256-F257-F258-F259-F260-F261-F262-F263-F264-F265-F266-F267-F268-F269-F270-F271-F272-F273-F274-F275-F276-F277-F278-F279-F280-F281-F282-F283-F284-F285-F286-F287-F288-F289-F290-F291-F292-F293-F294-F295-F296-F297-F298-F299-F300-F301-F302-F303-F304-F305-F306-F307-F308-F309-F310-F311-F312-F313-F314-F315-F316-F317-F318-F319-F320-F321-F322-F323-F324-F325-F326-F327-F328-F329-F330-F331-F332-F333-F334-F335-F336-F337-F338-F339-F340-F341-F342-F343-F344-F345-F346-F347-F348-F349-F350-F351-F352-F353-F354-F355-F356-F357-F358-F359-F360-F361-F362-F363-F364-F365-F366-F367-F368-F369-F370-F371-F372-F373-F374-F375-F376-F377-F378-F379-F380-F381-F382-F383-F384-F385-F386-F387-F388-F389-F390-F391-F392-F393-F394-F395-F396-F397-F398-F399-F400-F401-F402-F403-F404-F405-F406-F407-F408-F409-F410-F411-F412-F413-F414-F415-F416-F417-F418-F419-F420-F421-F422-F423-F424-F425-F426-F427-F428-F429-F430-F431-F432-F433-F434-F435-F436-F437-F438-F439-F440-F441-F442-F443-F444-F445-F446-F447-F448-F449-F450-F451-F452-F453-F454-F455-F456-F457-F458-F459-F460-F461-F462-F463-F464-F465-F466-F467-F468-F469-F470-F471-F472-F473-F474-F475-F476-F477-F478-F479-F480-F481-F482-F483-F484-F485-F486-F487-F488-F489-F490-F491-F492-F493-F494-F495-F496-F497-F498-F499-F500-F501-F502-F503-F504-E505506-E505510-E506507

## Summary

Number of input bits: 512  
Number of free input bits: 5  
Number of output bits: 160

Number of direct occurrences: 21119  
Number of assignments: 30510  
Number of operations: 10905304
(xor: 10875125,
and: 17376,
or: 12803)

Total complexity: 8.368090210222568 × 10^296

Least occurring input variable: iv_508 (4048)  
Most occurring input variable: iv_505 (4622)

Most co-occurring input variables: iv_511-iv_512 (2032)  
Least co-occurring input variables: iv_508-iv_511 (1906)

Potentially most occurring input variable: iv_505/iv_512 (4856)  
Potentially least occurring input variable: iv_508/iv_509 (4250)

Least output occurring input variable: iv_508 (70)  
Most output occurring input variable: iv_505 (86)

Most output co-occurring input variables: iv_505-iv_512 (44)  
Least output co-occurring input variables: iv_508-iv_512 (29)

Potentially most output occurring input variable: iv_508/iv_512 (90)  
Potentially least output occurring input variable: iv_508/iv_511 (74)

Least complex input bit: iv_511 (9.796173556374686 × 10^295)  
Most complex input bit: iv_505 (3.2710453256555734 × 10^296)

Least complex output bit: aaa_76_29 (1.4277441251509875 × 10^272)  
Most complex output bit: ov_001 (1.2886600580769964 × 10^296)

Least complex input/output complexity: iv_511/aaa_76_29 (1.671400390376694 × 10^271)  
Most complex input/output complexity:  (5.037308816511527 × 10^295)

Input variable with highest collision probability: iv_505 (½^160.00000000000065)

## Input Bits

### Input Bits in Regular Order

| Input Bit | Complexity | Occurrences | Output Occurrences | Collision Probability |
|:---------:|:----------:|:-----------:|:------------------:|:---------------------:|
| iv_505 | 3.2710453256555734 × 10^296 | 4622 | 86 | ½^160.00000000000065 |
| iv_508 | 1.168546460231295 × 10^296 | 4048 | 70 | ½^160.00000000000068 |
| iv_509 | 1.793208855202832 × 10^296 | 4054 | 78 | ½^160.00000000000085 |
| iv_511 | 9.796173556374686 × 10^295 | 4117 | 74 | ½^160.0000000000008 |
| iv_512 | 1.1556722134954113 × 10^296 | 4278 | 78 | ½^160.00000000000082 |

### Input Bits Sorted by Complexity

| Input Bit | Complexity | Occurrences | Output Occurrences | Collision Probability |
|:---------:|:----------:|:-----------:|:------------------:|:---------------------:|
| iv_511 | 9.796173556374686 × 10^295 | 4117 | 74 | ½^160.0000000000008 |
| iv_512 | 1.1556722134954113 × 10^296 | 4278 | 78 | ½^160.00000000000082 |
| iv_508 | 1.168546460231295 × 10^296 | 4048 | 70 | ½^160.00000000000068 |
| iv_509 | 1.793208855202832 × 10^296 | 4054 | 78 | ½^160.00000000000085 |
| iv_505 | 3.2710453256555734 × 10^296 | 4622 | 86 | ½^160.00000000000065 |

### Input Bits Sorted by Occurrences

| Input Bit | Complexity | Occurrences | Output Occurrences | Collision Probability |
|:---------:|:----------:|:-----------:|:------------------:|:---------------------:|
| iv_508 | 1.168546460231295 × 10^296 | 4048 | 70 | ½^160.00000000000068 |
| iv_509 | 1.793208855202832 × 10^296 | 4054 | 78 | ½^160.00000000000085 |
| iv_511 | 9.796173556374686 × 10^295 | 4117 | 74 | ½^160.0000000000008 |
| iv_512 | 1.1556722134954113 × 10^296 | 4278 | 78 | ½^160.00000000000082 |
| iv_505 | 3.2710453256555734 × 10^296 | 4622 | 86 | ½^160.00000000000065 |

### Input Bits Sorted by Output Occurrences

| Input Bit | Complexity | Occurrences | Output Occurrences | Collision Probability |
|:---------:|:----------:|:-----------:|:------------------:|:---------------------:|
| iv_508 | 1.168546460231295 × 10^296 | 4048 | 70 | ½^160.00000000000068 |
| iv_511 | 9.796173556374686 × 10^295 | 4117 | 74 | ½^160.0000000000008 |
| iv_509 | 1.793208855202832 × 10^296 | 4054 | 78 | ½^160.00000000000085 |
| iv_512 | 1.1556722134954113 × 10^296 | 4278 | 78 | ½^160.00000000000082 |
| iv_505 | 3.2710453256555734 × 10^296 | 4622 | 86 | ½^160.00000000000065 |

### Input Bits Sorted by Collision Probability

| Input Bit | Complexity | Occurrences | Output Occurrences | Collision Probability |
|:---------:|:----------:|:-----------:|:------------------:|:---------------------:|
| iv_505 | 3.2710453256555734 × 10^296 | 4622 | 86 | ½^160.00000000000065 |
| iv_508 | 1.168546460231295 × 10^296 | 4048 | 70 | ½^160.00000000000068 |
| iv_511 | 9.796173556374686 × 10^295 | 4117 | 74 | ½^160.0000000000008 |
| iv_512 | 1.1556722134954113 × 10^296 | 4278 | 78 | ½^160.00000000000082 |
| iv_509 | 1.793208855202832 × 10^296 | 4054 | 78 | ½^160.00000000000085 |

## Input Bit/Output Bit Collision Probabilities

| Input Bit | Output Bit | Collision Probability |
|:---------:|:----------:|:---------------------:|
| iv_508 | ov_125 | 0.500000000000002 |
| iv_505 | ov_115 | 0.5000000000000018 |
| iv_508 | ov_052 | 0.5000000000000017 |
| iv_509 | ov_115 | 0.5000000000000016 |
| iv_508 | ov_016 | 0.5000000000000014 |

## Input Bit Co-occurrences

### Input Bit Co-occurrences Sorted by Co-occurrences

| Input Bits | Co-occurrences | Potential Occurrences | Output Co-occurrences | Potential Output Occurrences |
|:----------:|:--------------:|:---------------------:|:---------------------:|:----------------------------:|
| iv_511-iv_512 | 2032 | 4331 | 39 | 74 |
| iv_505-iv_512 | 2022 | 4856 | 44 | 76 |
| iv_505-iv_509 | 2003 | 4670 | 39 | 86 |
| iv_509-iv_512 | 1981 | 4370 | 37 | 82 |
| iv_505-iv_511 | 1974 | 4791 | 35 | 90 |

### Input Bit Co-occurrences Sorted by Potential Occurrences

| Input Bits | Co-occurrences | Potential Occurrences | Output Co-occurrences | Potential Output Occurrences |
|:----------:|:--------------:|:---------------------:|:---------------------:|:----------------------------:|
| iv_508-iv_509 | 1926 | 4250 | 35 | 78 |
| iv_509-iv_511 | 1934 | 4303 | 39 | 74 |
| iv_511-iv_512 | 2032 | 4331 | 39 | 74 |
| iv_508-iv_511 | 1906 | 4353 | 35 | 74 |
| iv_509-iv_512 | 1981 | 4370 | 37 | 82 |

### Input Bit Output Co-occurrences Sorted by Output Co-occurrences

| Input Bits | Co-occurrences | Potential Occurrences | Output Co-occurrences | Potential Output Occurrences |
|:----------:|:--------------:|:---------------------:|:---------------------:|:----------------------------:|
| iv_505-iv_512 | 2022 | 4856 | 44 | 76 |
| iv_505-iv_509 | 2003 | 4670 | 39 | 86 |
| iv_509-iv_511 | 1934 | 4303 | 39 | 74 |
| iv_511-iv_512 | 2032 | 4331 | 39 | 74 |
| iv_505-iv_508 | 1955 | 4760 | 38 | 80 |

### Input Bit Output Co-occurrences Sorted by Potential Output Occurrences

| Input Bits | Co-occurrences | Potential Occurrences | Output Co-occurrences | Potential Output Occurrences |
|:----------:|:--------------:|:---------------------:|:---------------------:|:----------------------------:|
| iv_508-iv_511 | 1906 | 4353 | 35 | 74 |
| iv_509-iv_511 | 1934 | 4303 | 39 | 74 |
| iv_511-iv_512 | 2032 | 4331 | 39 | 74 |
| iv_505-iv_512 | 2022 | 4856 | 44 | 76 |
| iv_508-iv_509 | 1926 | 4250 | 35 | 78 |

## Output Bits

### Output Bits in Regular Order

| Rank | Output Bit | Complexity |
|:----:|:----------:|:----------:|
| 1 | ov_001 | 1.2886600580769964 × 10^296 |
| 2 | ov_002 | 1.1295249394009827 × 10^296 |
| 3 | ov_003 | 9.844300247205067 × 10^295 |
| 4 | ov_004 | 8.526858314287326 × 10^295 |
| 5 | ov_005 | 7.336406588570673 × 10^295 |
| 6 | ov_006 | 6.266778944753975 × 10^295 |
| 7 | ov_007 | 5.312136761532795 × 10^295 |
| 8 | ov_008 | 4.4669487019414547 × 10^295 |
| 9 | ov_009 | 3.721006585223947 × 10^295 |
| 10 | ov_010 | 3.069343726885069 × 10^295 |
| 11 | ov_011 | 2.5072553374496804 × 10^295 |
| 12 | ov_012 | 2.0260752234751251 × 10^295 |
| 13 | ov_013 | 1.6176127678299428 × 10^295 |
| 14 | ov_014 | 1.2741390678541445 × 10^295 |
| 15 | ov_015 | 9.883758708523788 × 10^294 |
| 16 | ov_016 | 7.534870323989856 × 10^294 |
| 17 | ov_017 | 5.630721663435701 × 10^294 |
| 18 | ov_018 | 4.1116210534681953 × 10^294 |
| 19 | ov_019 | 2.922157983864164 × 10^294 |
| 20 | ov_020 | 2.0111830699681815 × 10^294 |
| 21 | ov_021 | 1.3317959729903676 × 10^294 |
| 22 | ov_022 | 8.413386015229415 × 10^293 |
| 23 | ov_023 | 5.013913714383622 × 10^293 |
| 24 | ov_024 | 2.7777101457408343 × 10^293 |
| 25 | ov_025 | 1.4052920995172698 × 10^293 |
| 26 | ov_026 | 6.395176151211493 × 10^292 |
| 27 | ov_027 | 2.6558156171197373 × 10^292 |
| 28 | ov_028 | 1.110135845837239 × 10^292 |
| 29 | ov_029 | 4.5677319487330435 × 10^291 |
| 30 | ov_030 | 1.5088034476922818 × 10^291 |
| 31 | ov_031 | 3.6463841307536185 × 10^290 |
| 32 | lv_80_m31 | 8.809692367988906 × 10^289 |
| 33 | ov_033 | 1.0631275295784482 × 10^291 |
| 34 | ov_034 | 9.202175084124386 × 10^290 |
| 35 | ov_035 | 7.921978502739828 × 10^290 |
| 36 | ov_036 | 6.783525679933073 × 10^290 |
| 37 | ov_037 | 5.780049259842132 × 10^290 |
| 38 | ov_038 | 4.899080022952239 × 10^290 |
| 39 | ov_039 | 4.1288038737817144 × 10^290 |
| 40 | ov_040 | 3.4580217232311507 × 10^290 |
| 41 | ov_041 | 2.8761154109733276 × 10^290 |
| 42 | ov_042 | 2.3730190055139547 × 10^290 |
| 43 | ov_043 | 1.9391948609418234 × 10^290 |
| 44 | ov_044 | 1.5656138489422439 × 10^290 |
| 45 | ov_045 | 1.2437392226167533 × 10^290 |
| 46 | ov_046 | 9.694238974343081 × 10^289 |
| 47 | ov_047 | 7.387575812244746 × 10^289 |
| 48 | ov_048 | 5.4806220201464 × 10^289 |
| 49 | ov_049 | 3.938883392648429 × 10^289 |
| 50 | ov_050 | 2.7301248635237235 × 10^289 |
| 51 | ov_051 | 1.8243502871483492 × 10^289 |
| 52 | ov_052 | 1.1682327177686477 × 10^289 |
| 53 | ov_053 | 7.128709352266071 × 10^288 |
| 54 | ov_054 | 4.137807449539837 × 10^288 |
| 55 | ov_055 | 2.308902563211135 × 10^288 |
| 56 | ov_056 | 1.2853743041431687 × 10^288 |
| 57 | ov_057 | 7.546875199271348 × 10^287 |
| 58 | ov_058 | 4.483847046556038 × 10^287 |
| 59 | ov_059 | 2.4325583043618308 × 10^287 |
| 60 | ov_060 | 1.172653731984846 × 10^287 |
| 61 | ov_061 | 4.837799021448506 × 10^286 |
| 62 | ov_062 | 1.6023162375464187 × 10^286 |
| 63 | ov_063 | 3.883172329892074 × 10^285 |
| 64 | lv_79_m31 | 9.405392456584572 × 10^284 |
| 65 | ov_065 | 1.1082476293223159 × 10^286 |
| 66 | ov_066 | 1.1082448168001386 × 10^286 |
| 67 | ov_067 | 1.10824390539437 × 10^286 |
| 68 | ov_068 | 9.617662468174867 × 10^285 |
| 69 | ov_069 | 8.294423385567702 × 10^285 |
| 70 | ov_070 | 7.105441789285918 × 10^285 |
| 71 | ov_071 | 6.043887199833901 × 10^285 |
| 72 | ov_072 | 5.1033479529682286 × 10^285 |
| 73 | ov_073 | 4.277803143824812 × 10^285 |
| 74 | ov_074 | 3.556283511022559 × 10^285 |
| 75 | ov_075 | 2.9284830954404185 × 10^285 |
| 76 | ov_076 | 2.389409523641452 × 10^285 |
| 77 | ov_077 | 1.9299687308761726 × 10^285 |
| 78 | ov_078 | 1.541623300636342 × 10^285 |
| 79 | ov_079 | 1.2163645703355134 × 10^285 |
| 80 | ov_080 | 9.46688172096253 × 10^284 |
| 81 | ov_081 | 7.25572776961397 × 10^284 |
| 82 | ov_082 | 5.4646181263525905 × 10^284 |
| 83 | ov_083 | 4.0324792607868055 × 10^284 |
| 84 | ov_084 | 2.9025996307208583 × 10^284 |
| 85 | ov_085 | 2.0225223734122634 × 10^284 |
| 86 | ov_086 | 1.3439586210591338 × 10^284 |
| 87 | ov_087 | 8.4379632099272845 × 10^283 |
| 88 | ov_088 | 5.00958322696054 × 10^283 |
| 89 | ov_089 | 2.793118319649461 × 10^283 |
| 90 | ov_090 | 1.467061624719145 × 10^283 |
| 91 | ov_091 | 7.495513287661474 × 10^282 |
| 92 | ov_092 | 3.9826493470879593 × 10^282 |
| 93 | ov_093 | 2.103624420140436 × 10^282 |
| 94 | ov_094 | 9.428978991099527 × 10^281 |
| 95 | aaa_78_28 | 3.032519593442508 × 10^281 |
| 96 | aaa_78_29 | 1.1489423786750044 × 10^281 |
| 97 | ov_097 | 1.2510985011546106 × 10^281 |
| 98 | ov_098 | 1.2510607036832025 × 10^281 |
| 99 | ov_099 | 1.2510486302566739 × 10^281 |
| 100 | ov_100 | 1.1257983978492443 × 10^281 |
| 101 | ov_101 | 1.0098075523199724 × 10^281 |
| 102 | ov_102 | 9.025639557796862 × 10^280 |
| 103 | ov_103 | 8.035928921015407 × 10^280 |
| 104 | ov_104 | 7.124523151319405 × 10^280 |
| 105 | ov_105 | 6.28728563067624 × 10^280 |
| 106 | ov_106 | 5.520324631014125 × 10^280 |
| 107 | ov_107 | 4.819957515668765 × 10^280 |
| 108 | ov_108 | 4.182678368954607 × 10^280 |
| 109 | ov_109 | 3.6051293346214657 × 10^280 |
| 110 | ov_110 | 3.084075444328257 × 10^280 |
| 111 | ov_111 | 2.616382351997348 × 10^280 |
| 112 | ov_112 | 2.1989963936188397 × 10^280 |
| 113 | ov_113 | 1.8289271350188221 × 10^280 |
| 114 | ov_114 | 1.5032325721357295 × 10^280 |
| 115 | ov_115 | 1.2190067796811649 × 10^280 |
| 116 | ov_116 | 9.733698050053368 × 10^279 |
| 117 | ov_117 | 7.634596045910349 × 10^279 |
| 118 | ov_118 | 5.864258209474666 × 10^279 |
| 119 | ov_119 | 4.394251978573456 × 10^279 |
| 120 | ov_120 | 3.196184320231681 × 10^279 |
| 121 | ov_121 | 2.241682592036052 × 10^279 |
| 122 | ov_122 | 1.5023848173145737 × 10^279 |
| 123 | ov_123 | 9.499351233908036 × 10^278 |
| 124 | ov_124 | 5.559810851277233 × 10^278 |
| 125 | ov_125 | 2.9217198079667642 × 10^278 |
| 126 | ov_126 | 1.3015778798835702 × 10^278 |
| 127 | aaa_77_28 | 4.15887079525941 × 10^277 |
| 128 | aaa_77_29 | 1.5599638512956557 × 10^277 |
| 129 | ov_129 | 1.4434866347447834 × 10^277 |
| 130 | ov_130 | 1.443483157031321 × 10^277 |
| 131 | ov_131 | 1.4434820377339301 × 10^277 |
| 132 | ov_132 | 1.254981954530539 × 10^277 |
| 133 | ov_133 | 1.0846394390481526 × 10^277 |
| 134 | ov_134 | 9.316120971205286 × 10^276 |
| 135 | ov_135 | 7.951059136371974 × 10^276 |
| 136 | ov_136 | 6.743716483427675 × 10^276 |
| 137 | ov_137 | 5.680327200164198 × 10^276 |
| 138 | ov_138 | 4.747875886367441 × 10^276 |
| 139 | ov_139 | 3.934051666154415 × 10^276 |
| 140 | ov_140 | 3.2272088136832433 × 10^276 |
| 141 | ov_141 | 2.61633334204417 × 10^276 |
| 142 | ov_142 | 2.0960723693348184 × 10^276 |
| 143 | ov_143 | 1.6565960243620241 × 10^276 |
| 144 | ov_144 | 1.2886359415360504 × 10^276 |
| 145 | ov_145 | 9.83470111292833 × 10^275 |
| 146 | ov_146 | 7.329109770795457 × 10^275 |
| 147 | ov_147 | 5.329970728485238 × 10^275 |
| 148 | ov_148 | 3.765845939415182 × 10^275 |
| 149 | ov_149 | 2.5704321433757564 × 10^275 |
| 150 | ov_150 | 1.6825262163096136 × 10^275 |
| 151 | ov_151 | 1.0460022070999537 × 10^275 |
| 152 | ov_152 | 6.097970820138524 × 10^274 |
| 153 | ov_153 | 3.279025891161615 × 10^274 |
| 154 | ov_154 | 1.5936104658586553 × 10^274 |
| 155 | ov_155 | 6.826330760479054 × 10^273 |
| 156 | aaa_76_25 | 2.3747807502963677 × 10^273 |
| 157 | aaa_76_26 | 1.4625647770074563 × 10^273 |
| 158 | aaa_76_27 | 8.026846351208679 × 10^272 |
| 159 | aaa_76_28 | 3.787097271744965 × 10^272 |
| 160 | aaa_76_29 | 1.4277441251509875 × 10^272 |

### Output Bits Sorted by Complexity

| Rank | Output Bit | Complexity |
|:----:|:----------:|:----------:|
| 160 | aaa_76_29 | 1.4277441251509875 × 10^272 |
| 159 | aaa_76_28 | 3.787097271744965 × 10^272 |
| 158 | aaa_76_27 | 8.026846351208679 × 10^272 |
| 157 | aaa_76_26 | 1.4625647770074563 × 10^273 |
| 156 | aaa_76_25 | 2.3747807502963677 × 10^273 |
| 155 | ov_155 | 6.826330760479054 × 10^273 |
| 154 | ov_154 | 1.5936104658586553 × 10^274 |
| 153 | ov_153 | 3.279025891161615 × 10^274 |
| 152 | ov_152 | 6.097970820138524 × 10^274 |
| 151 | ov_151 | 1.0460022070999537 × 10^275 |
| 150 | ov_150 | 1.6825262163096136 × 10^275 |
| 149 | ov_149 | 2.5704321433757564 × 10^275 |
| 148 | ov_148 | 3.765845939415182 × 10^275 |
| 147 | ov_147 | 5.329970728485238 × 10^275 |
| 146 | ov_146 | 7.329109770795457 × 10^275 |
| 145 | ov_145 | 9.83470111292833 × 10^275 |
| 144 | ov_144 | 1.2886359415360504 × 10^276 |
| 143 | ov_143 | 1.6565960243620241 × 10^276 |
| 142 | ov_142 | 2.0960723693348184 × 10^276 |
| 141 | ov_141 | 2.61633334204417 × 10^276 |
| 140 | ov_140 | 3.2272088136832433 × 10^276 |
| 139 | ov_139 | 3.934051666154415 × 10^276 |
| 138 | ov_138 | 4.747875886367441 × 10^276 |
| 137 | ov_137 | 5.680327200164198 × 10^276 |
| 136 | ov_136 | 6.743716483427675 × 10^276 |
| 135 | ov_135 | 7.951059136371974 × 10^276 |
| 134 | ov_134 | 9.316120971205286 × 10^276 |
| 133 | ov_133 | 1.0846394390481526 × 10^277 |
| 132 | ov_132 | 1.254981954530539 × 10^277 |
| 131 | ov_131 | 1.4434820377339301 × 10^277 |
| 130 | ov_130 | 1.443483157031321 × 10^277 |
| 129 | ov_129 | 1.4434866347447834 × 10^277 |
| 128 | aaa_77_29 | 1.5599638512956557 × 10^277 |
| 127 | aaa_77_28 | 4.15887079525941 × 10^277 |
| 126 | ov_126 | 1.3015778798835702 × 10^278 |
| 125 | ov_125 | 2.9217198079667642 × 10^278 |
| 124 | ov_124 | 5.559810851277233 × 10^278 |
| 123 | ov_123 | 9.499351233908036 × 10^278 |
| 122 | ov_122 | 1.5023848173145737 × 10^279 |
| 121 | ov_121 | 2.241682592036052 × 10^279 |
| 120 | ov_120 | 3.196184320231681 × 10^279 |
| 119 | ov_119 | 4.394251978573456 × 10^279 |
| 118 | ov_118 | 5.864258209474666 × 10^279 |
| 117 | ov_117 | 7.634596045910349 × 10^279 |
| 116 | ov_116 | 9.733698050053368 × 10^279 |
| 115 | ov_115 | 1.2190067796811649 × 10^280 |
| 114 | ov_114 | 1.5032325721357295 × 10^280 |
| 113 | ov_113 | 1.8289271350188221 × 10^280 |
| 112 | ov_112 | 2.1989963936188397 × 10^280 |
| 111 | ov_111 | 2.616382351997348 × 10^280 |
| 110 | ov_110 | 3.084075444328257 × 10^280 |
| 109 | ov_109 | 3.6051293346214657 × 10^280 |
| 108 | ov_108 | 4.182678368954607 × 10^280 |
| 107 | ov_107 | 4.819957515668765 × 10^280 |
| 106 | ov_106 | 5.520324631014125 × 10^280 |
| 105 | ov_105 | 6.28728563067624 × 10^280 |
| 104 | ov_104 | 7.124523151319405 × 10^280 |
| 103 | ov_103 | 8.035928921015407 × 10^280 |
| 102 | ov_102 | 9.025639557796862 × 10^280 |
| 101 | ov_101 | 1.0098075523199724 × 10^281 |
| 100 | ov_100 | 1.1257983978492443 × 10^281 |
| 96 | aaa_78_29 | 1.1489423786750044 × 10^281 |
| 99 | ov_099 | 1.2510486302566739 × 10^281 |
| 98 | ov_098 | 1.2510607036832025 × 10^281 |
| 97 | ov_097 | 1.2510985011546106 × 10^281 |
| 95 | aaa_78_28 | 3.032519593442508 × 10^281 |
| 94 | ov_094 | 9.428978991099527 × 10^281 |
| 93 | ov_093 | 2.103624420140436 × 10^282 |
| 92 | ov_092 | 3.9826493470879593 × 10^282 |
| 91 | ov_091 | 7.495513287661474 × 10^282 |
| 90 | ov_090 | 1.467061624719145 × 10^283 |
| 89 | ov_089 | 2.793118319649461 × 10^283 |
| 88 | ov_088 | 5.00958322696054 × 10^283 |
| 87 | ov_087 | 8.4379632099272845 × 10^283 |
| 86 | ov_086 | 1.3439586210591338 × 10^284 |
| 85 | ov_085 | 2.0225223734122634 × 10^284 |
| 84 | ov_084 | 2.9025996307208583 × 10^284 |
| 83 | ov_083 | 4.0324792607868055 × 10^284 |
| 82 | ov_082 | 5.4646181263525905 × 10^284 |
| 81 | ov_081 | 7.25572776961397 × 10^284 |
| 64 | lv_79_m31 | 9.405392456584572 × 10^284 |
| 80 | ov_080 | 9.46688172096253 × 10^284 |
| 79 | ov_079 | 1.2163645703355134 × 10^285 |
| 78 | ov_078 | 1.541623300636342 × 10^285 |
| 77 | ov_077 | 1.9299687308761726 × 10^285 |
| 76 | ov_076 | 2.389409523641452 × 10^285 |
| 75 | ov_075 | 2.9284830954404185 × 10^285 |
| 74 | ov_074 | 3.556283511022559 × 10^285 |
| 63 | ov_063 | 3.883172329892074 × 10^285 |
| 73 | ov_073 | 4.277803143824812 × 10^285 |
| 72 | ov_072 | 5.1033479529682286 × 10^285 |
| 71 | ov_071 | 6.043887199833901 × 10^285 |
| 70 | ov_070 | 7.105441789285918 × 10^285 |
| 69 | ov_069 | 8.294423385567702 × 10^285 |
| 68 | ov_068 | 9.617662468174867 × 10^285 |
| 67 | ov_067 | 1.10824390539437 × 10^286 |
| 66 | ov_066 | 1.1082448168001386 × 10^286 |
| 65 | ov_065 | 1.1082476293223159 × 10^286 |
| 62 | ov_062 | 1.6023162375464187 × 10^286 |
| 61 | ov_061 | 4.837799021448506 × 10^286 |
| 60 | ov_060 | 1.172653731984846 × 10^287 |
| 59 | ov_059 | 2.4325583043618308 × 10^287 |
| 58 | ov_058 | 4.483847046556038 × 10^287 |
| 57 | ov_057 | 7.546875199271348 × 10^287 |
| 56 | ov_056 | 1.2853743041431687 × 10^288 |
| 55 | ov_055 | 2.308902563211135 × 10^288 |
| 54 | ov_054 | 4.137807449539837 × 10^288 |
| 53 | ov_053 | 7.128709352266071 × 10^288 |
| 52 | ov_052 | 1.1682327177686477 × 10^289 |
| 51 | ov_051 | 1.8243502871483492 × 10^289 |
| 50 | ov_050 | 2.7301248635237235 × 10^289 |
| 49 | ov_049 | 3.938883392648429 × 10^289 |
| 48 | ov_048 | 5.4806220201464 × 10^289 |
| 47 | ov_047 | 7.387575812244746 × 10^289 |
| 32 | lv_80_m31 | 8.809692367988906 × 10^289 |
| 46 | ov_046 | 9.694238974343081 × 10^289 |
| 45 | ov_045 | 1.2437392226167533 × 10^290 |
| 44 | ov_044 | 1.5656138489422439 × 10^290 |
| 43 | ov_043 | 1.9391948609418234 × 10^290 |
| 42 | ov_042 | 2.3730190055139547 × 10^290 |
| 41 | ov_041 | 2.8761154109733276 × 10^290 |
| 40 | ov_040 | 3.4580217232311507 × 10^290 |
| 31 | ov_031 | 3.6463841307536185 × 10^290 |
| 39 | ov_039 | 4.1288038737817144 × 10^290 |
| 38 | ov_038 | 4.899080022952239 × 10^290 |
| 37 | ov_037 | 5.780049259842132 × 10^290 |
| 36 | ov_036 | 6.783525679933073 × 10^290 |
| 35 | ov_035 | 7.921978502739828 × 10^290 |
| 34 | ov_034 | 9.202175084124386 × 10^290 |
| 33 | ov_033 | 1.0631275295784482 × 10^291 |
| 30 | ov_030 | 1.5088034476922818 × 10^291 |
| 29 | ov_029 | 4.5677319487330435 × 10^291 |
| 28 | ov_028 | 1.110135845837239 × 10^292 |
| 27 | ov_027 | 2.6558156171197373 × 10^292 |
| 26 | ov_026 | 6.395176151211493 × 10^292 |
| 25 | ov_025 | 1.4052920995172698 × 10^293 |
| 24 | ov_024 | 2.7777101457408343 × 10^293 |
| 23 | ov_023 | 5.013913714383622 × 10^293 |
| 22 | ov_022 | 8.413386015229415 × 10^293 |
| 21 | ov_021 | 1.3317959729903676 × 10^294 |
| 20 | ov_020 | 2.0111830699681815 × 10^294 |
| 19 | ov_019 | 2.922157983864164 × 10^294 |
| 18 | ov_018 | 4.1116210534681953 × 10^294 |
| 17 | ov_017 | 5.630721663435701 × 10^294 |
| 16 | ov_016 | 7.534870323989856 × 10^294 |
| 15 | ov_015 | 9.883758708523788 × 10^294 |
| 14 | ov_014 | 1.2741390678541445 × 10^295 |
| 13 | ov_013 | 1.6176127678299428 × 10^295 |
| 12 | ov_012 | 2.0260752234751251 × 10^295 |
| 11 | ov_011 | 2.5072553374496804 × 10^295 |
| 10 | ov_010 | 3.069343726885069 × 10^295 |
| 9 | ov_009 | 3.721006585223947 × 10^295 |
| 8 | ov_008 | 4.4669487019414547 × 10^295 |
| 7 | ov_007 | 5.312136761532795 × 10^295 |
| 6 | ov_006 | 6.266778944753975 × 10^295 |
| 5 | ov_005 | 7.336406588570673 × 10^295 |
| 4 | ov_004 | 8.526858314287326 × 10^295 |
| 3 | ov_003 | 9.844300247205067 × 10^295 |
| 2 | ov_002 | 1.1295249394009827 × 10^296 |
| 1 | ov_001 | 1.2886600580769964 × 10^296 |

