# Results for F001-F002-F003-F004-F005-F006-F007-F008-F009-F010-F011-F012-F013-F014-F015-F016-F017-F018-F019-F020-F021-F022-F023-F024-F025-F026-F027-F028-F029-F030-F031-F032-F033-F034-F035-F036-F037-F038-F039-F040-F041-F042-F043-F044-F045-F046-F047-F048-F049-F050-F051-F052-F053-F054-F055-F056-F057-F058-F059-F060-F061-F062-F063-F064-F065-F066-F067-F068-F069-F070-F071-F072-F073-F074-F075-F076-F077-F078-F079-F080-F081-F082-F083-F084-F085-F086-F087-F088-F089-F090-F091-F092-F093-F094-F095-F096-F097-F098-F099-F100-F101-F102-F103-F104-F105-F106-F107-F108-F109-F110-F111-F112-F113-F114-F115-F116-F117-F118-F119-F120-F121-F122-F123-F124-F125-F126-F127-F128-F129-F130-F131-F132-F133-F134-F135-F136-F137-F138-F139-F140-F141-F142-F143-F144-F145-F146-F147-F148-F149-F150-F151-F152-F153-F154-F155-F156-F157-F158-F159-F160-F161-F162-F163-F164-F165-F166-F167-F168-F169-F170-F171-F172-F173-F174-F175-F176-F177-F178-F179-F180-F181-F182-F183-F184-F185-F186-F187-F188-F189-F190-F191-F192-F193-F194-F195-F196-F197-F198-F199-F200-F201-F202-F203-F204-F205-F206-F207-F208-F209-F210-F211-F212-F213-F214-F215-F216-F217-F218-F219-F220-F221-F222-F223-F224-F225-F226-F227-F228-F229-F230-F231-F232-F233-F234-F235-F236-F237-F238-F239-F240-F241-F242-F243-F244-F245-F246-F247-F248-F249-F250-F251-F252-F253-F254-F255-F256-F257-F258-F259-F260-F261-F262-F263-F264-F265-F266-F267-F268-F269-F270-F271-F272-F273-F274-F275-F276-F277-F278-F279-F280-F281-F282-F283-F284-F285-F286-F287-F288-F289-F290-F291-F292-F293-F294-F295-F296-F297-F298-F299-F300-F301-F302-F303-F304-F305-F306-F307-F308-F309-F310-F311-F312-F313-F314-F315-F316-F317-F318-F319-F320-F321-F322-F323-F324-F325-F326-F327-F328-F329-F330-F331-F332-F333-F334-F335-F336-F337-F338-F339-F340-F341-F342-F343-F344-F345-F346-F347-F348-F349-F350-F351-F352-F353-F354-F355-F356-F357-F358-F359-F360-F361-F362-F363-F364-F365-F366-F367-F368-F369-F370-F371-F372-F373-F374-F375-F376-F377-F378-F379-F380-F381-F382-F383-F384-F385-F386-F387-F388-F389-F390-F391-F392-F393-F394-F395-F396-F397-F398-F399-F400-F401-F402-F403-F404-F405-F406-F407-F408-F409-F410-F411-F412-F413-F414-F415-F416-F417-F418-F419-F420-F421-F422-F423-F424-F425-F426-F427-F428-F429-F430-F431-F432-F433-F434-F435-F436-F437-F438-F439-F440-F441-F442-F443-F444-F445-F446-F447-F448-F449-F450-F451-F452-F453-F454-F455-F456-F457-F458-F459-F460-F461-F462-F463-F464-F465-F466-F467-F468-F469-F470-F471-F472-F473-F474-F475-F476-F477-F478-F479-F480-F481-F482-F483-F484-F485-F486-F487-F488-F489-F490-F491-F492-F493-F494-F495-F496-F497-F498-F499-F500-F501-F502-F503-F504-F505-E506509-T510

## Summary

Number of input bits: 512  
Number of free input bits: 5  
Number of output bits: 160

Number of direct occurrences: 21246  
Number of assignments: 30599  
Number of operations: 11698565
(xor: 11666453,
and: 19301,
or: 12811)

Total complexity: 6.498976018237444 × 10^303

Least occurring input variable: iv_508 (4121)  
Most occurring input variable: iv_512 (4372)

Most co-occurring input variables: iv_506-iv_507 (2058)  
Least co-occurring input variables: iv_508-iv_511 (1935)

Potentially most occurring input variable: iv_506/iv_512 (4606)  
Potentially least occurring input variable: iv_507/iv_508 (4349)

Least output occurring input variable: iv_506 (73)  
Most output occurring input variable: iv_508 (83)

Most output co-occurring input variables: iv_508-iv_512 (45)  
Least output co-occurring input variables: iv_507-iv_512 (33)

Potentially most output occurring input variable: iv_507/iv_512 (92)  
Potentially least output occurring input variable: iv_506/iv_507 (70)

Least complex input bit: iv_511 (5.1634385140494035 × 10^302)  
Most complex input bit: iv_506 (2.4922456291058583 × 10^303)

Least complex output bit: aaa_76_29 (1.5754979744358442 × 10^278)  
Most complex output bit: ov_001 (1.0011860609104112 × 10^303)

Least complex input/output complexity: iv_511/aaa_76_29 (1.2517336419122713 × 10^277)  
Most complex input/output complexity:  (3.839376506735281 × 10^302)

Input variable with highest collision probability: iv_512 (½^160.0000000000007)

## Input Bits

### Input Bits in Regular Order

| Input Bit | Complexity | Occurrences | Output Occurrences | Collision Probability |
|:---------:|:----------:|:-----------:|:------------------:|:---------------------:|
| iv_506 | 2.4922456291058583 × 10^303 | 4306 | 73 | ½^160.00000000000094 |
| iv_507 | 1.0183787402420583 × 10^303 | 4226 | 79 | ½^160.0000000000008 |
| iv_508 | 1.6995625772546175 × 10^303 | 4121 | 83 | ½^160.0000000000008 |
| iv_511 | 5.1634385140494035 × 10^302 | 4221 | 77 | ½^160.00000000000082 |
| iv_512 | 7.724452202299648 × 10^302 | 4372 | 79 | ½^160.0000000000007 |

### Input Bits Sorted by Complexity

| Input Bit | Complexity | Occurrences | Output Occurrences | Collision Probability |
|:---------:|:----------:|:-----------:|:------------------:|:---------------------:|
| iv_511 | 5.1634385140494035 × 10^302 | 4221 | 77 | ½^160.00000000000082 |
| iv_512 | 7.724452202299648 × 10^302 | 4372 | 79 | ½^160.0000000000007 |
| iv_507 | 1.0183787402420583 × 10^303 | 4226 | 79 | ½^160.0000000000008 |
| iv_508 | 1.6995625772546175 × 10^303 | 4121 | 83 | ½^160.0000000000008 |
| iv_506 | 2.4922456291058583 × 10^303 | 4306 | 73 | ½^160.00000000000094 |

### Input Bits Sorted by Occurrences

| Input Bit | Complexity | Occurrences | Output Occurrences | Collision Probability |
|:---------:|:----------:|:-----------:|:------------------:|:---------------------:|
| iv_508 | 1.6995625772546175 × 10^303 | 4121 | 83 | ½^160.0000000000008 |
| iv_511 | 5.1634385140494035 × 10^302 | 4221 | 77 | ½^160.00000000000082 |
| iv_507 | 1.0183787402420583 × 10^303 | 4226 | 79 | ½^160.0000000000008 |
| iv_506 | 2.4922456291058583 × 10^303 | 4306 | 73 | ½^160.00000000000094 |
| iv_512 | 7.724452202299648 × 10^302 | 4372 | 79 | ½^160.0000000000007 |

### Input Bits Sorted by Output Occurrences

| Input Bit | Complexity | Occurrences | Output Occurrences | Collision Probability |
|:---------:|:----------:|:-----------:|:------------------:|:---------------------:|
| iv_506 | 2.4922456291058583 × 10^303 | 4306 | 73 | ½^160.00000000000094 |
| iv_511 | 5.1634385140494035 × 10^302 | 4221 | 77 | ½^160.00000000000082 |
| iv_512 | 7.724452202299648 × 10^302 | 4372 | 79 | ½^160.0000000000007 |
| iv_507 | 1.0183787402420583 × 10^303 | 4226 | 79 | ½^160.0000000000008 |
| iv_508 | 1.6995625772546175 × 10^303 | 4121 | 83 | ½^160.0000000000008 |

### Input Bits Sorted by Collision Probability

| Input Bit | Complexity | Occurrences | Output Occurrences | Collision Probability |
|:---------:|:----------:|:-----------:|:------------------:|:---------------------:|
| iv_512 | 7.724452202299648 × 10^302 | 4372 | 79 | ½^160.0000000000007 |
| iv_508 | 1.6995625772546175 × 10^303 | 4121 | 83 | ½^160.0000000000008 |
| iv_507 | 1.0183787402420583 × 10^303 | 4226 | 79 | ½^160.0000000000008 |
| iv_511 | 5.1634385140494035 × 10^302 | 4221 | 77 | ½^160.00000000000082 |
| iv_506 | 2.4922456291058583 × 10^303 | 4306 | 73 | ½^160.00000000000094 |

## Input Bit/Output Bit Collision Probabilities

| Input Bit | Output Bit | Collision Probability |
|:---------:|:----------:|:---------------------:|
| iv_508 | ov_067 | 0.5000000000000016 |
| iv_512 | ov_016 | 0.5000000000000016 |
| iv_508 | ov_018 | 0.5000000000000013 |
| iv_508 | ov_075 | 0.5000000000000013 |
| iv_508 | ov_120 | 0.5000000000000013 |

## Input Bit Co-occurrences

### Input Bit Co-occurrences Sorted by Co-occurrences

| Input Bits | Co-occurrences | Potential Occurrences | Output Co-occurrences | Potential Output Occurrences |
|:----------:|:--------------:|:---------------------:|:---------------------:|:----------------------------:|
| iv_506-iv_507 | 2058 | 4416 | 41 | 70 |
| iv_507-iv_511 | 2045 | 4357 | 40 | 76 |
| iv_506-iv_512 | 2036 | 4606 | 40 | 72 |
| iv_511-iv_512 | 2034 | 4525 | 38 | 80 |
| iv_508-iv_512 | 2004 | 4485 | 45 | 72 |

### Input Bit Co-occurrences Sorted by Potential Occurrences

| Input Bits | Co-occurrences | Potential Occurrences | Output Co-occurrences | Potential Output Occurrences |
|:----------:|:--------------:|:---------------------:|:---------------------:|:----------------------------:|
| iv_507-iv_508 | 1999 | 4349 | 42 | 78 |
| iv_507-iv_511 | 2045 | 4357 | 40 | 76 |
| iv_506-iv_507 | 2058 | 4416 | 41 | 70 |
| iv_508-iv_511 | 1935 | 4472 | 38 | 84 |
| iv_508-iv_512 | 2004 | 4485 | 45 | 72 |

### Input Bit Output Co-occurrences Sorted by Output Co-occurrences

| Input Bits | Co-occurrences | Potential Occurrences | Output Co-occurrences | Potential Output Occurrences |
|:----------:|:--------------:|:---------------------:|:---------------------:|:----------------------------:|
| iv_508-iv_512 | 2004 | 4485 | 45 | 72 |
| iv_507-iv_508 | 1999 | 4349 | 42 | 78 |
| iv_506-iv_507 | 2058 | 4416 | 41 | 70 |
| iv_506-iv_512 | 2036 | 4606 | 40 | 72 |
| iv_507-iv_511 | 2045 | 4357 | 40 | 76 |

### Input Bit Output Co-occurrences Sorted by Potential Output Occurrences

| Input Bits | Co-occurrences | Potential Occurrences | Output Co-occurrences | Potential Output Occurrences |
|:----------:|:--------------:|:---------------------:|:---------------------:|:----------------------------:|
| iv_506-iv_507 | 2058 | 4416 | 41 | 70 |
| iv_506-iv_512 | 2036 | 4606 | 40 | 72 |
| iv_508-iv_512 | 2004 | 4485 | 45 | 72 |
| iv_507-iv_511 | 2045 | 4357 | 40 | 76 |
| iv_507-iv_508 | 1999 | 4349 | 42 | 78 |

## Output Bits

### Output Bits in Regular Order

| Rank | Output Bit | Complexity |
|:----:|:----------:|:----------:|
| 1 | ov_001 | 1.0011860609104112 × 10^303 |
| 2 | ov_002 | 8.771748073647526 × 10^302 |
| 3 | ov_003 | 7.641553158552648 × 10^302 |
| 4 | ov_004 | 6.615897557064798 × 10^302 |
| 5 | ov_005 | 5.689697390833952 × 10^302 |
| 6 | ov_006 | 4.8581422077916905 × 10^302 |
| 7 | ov_007 | 4.116676734437698 × 10^302 |
| 8 | ov_008 | 3.4609850768415275 × 10^302 |
| 9 | ov_009 | 2.8869771227111216 × 10^302 |
| 10 | ov_010 | 2.387104997677024 × 10^302 |
| 11 | ov_011 | 1.954220567896498 × 10^302 |
| 12 | ov_012 | 1.5815598002043185 × 10^302 |
| 13 | ov_013 | 1.2627297171407523 × 10^302 |
| 14 | ov_014 | 9.94625117583895 × 10^301 |
| 15 | ov_015 | 7.715651745650302 × 10^301 |
| 16 | ov_016 | 5.882141867068646 × 10^301 |
| 17 | ov_017 | 4.3957660556311705 × 10^301 |
| 18 | ov_018 | 3.209934929630637 × 10^301 |
| 19 | ov_019 | 2.2814011023260565 × 10^301 |
| 20 | ov_020 | 1.5702434950720986 × 10^301 |
| 21 | ov_021 | 1.0398576000964865 × 10^301 |
| 22 | ov_022 | 6.569497725803739 × 10^300 |
| 23 | ov_023 | 3.9153402032914056 × 10^300 |
| 24 | ov_024 | 2.1693012150958195 × 10^300 |
| 25 | ov_025 | 1.0976244796000894 × 10^300 |
| 26 | ov_026 | 4.995925763062603 × 10^299 |
| 27 | ov_027 | 2.0752313831255887 × 10^299 |
| 28 | ov_028 | 8.676708066014965 × 10^298 |
| 29 | ov_029 | 3.5707921596385477 × 10^298 |
| 30 | ov_030 | 1.179553002165512 × 10^298 |
| 31 | ov_031 | 2.8499001361189265 × 10^297 |
| 32 | lv_80_k31 | 6.880734649159356 × 10^296 |
| 33 | ov_033 | 8.285813481482317 × 10^297 |
| 34 | ov_034 | 7.172999371514714 × 10^297 |
| 35 | ov_035 | 6.175277963323751 × 10^297 |
| 36 | ov_036 | 5.286487574765459 × 10^297 |
| 37 | ov_037 | 4.500807833593243 × 10^297 |
| 38 | ov_038 | 3.812734368607684 × 10^297 |
| 39 | ov_039 | 3.21212140097269 × 10^297 |
| 40 | ov_040 | 2.6893567974993996 × 10^297 |
| 41 | ov_041 | 2.2353318763105812 × 10^297 |
| 42 | ov_042 | 1.8414158066692165 × 10^297 |
| 43 | ov_043 | 1.5034097067889035 × 10^297 |
| 44 | ov_044 | 1.21357751388818 × 10^297 |
| 45 | ov_045 | 9.646068448812454 × 10^296 |
| 46 | ov_046 | 7.529457678584503 × 10^296 |
| 47 | ov_047 | 5.7524551582073015 × 10^296 |
| 48 | ov_048 | 4.283562741251112 × 10^296 |
| 49 | ov_049 | 3.0932395540268654 × 10^296 |
| 50 | ov_050 | 2.1538779825490688 × 10^296 |
| 51 | ov_051 | 1.4397863965925441 × 10^296 |
| 52 | ov_052 | 9.271772461677852 × 10^295 |
| 53 | ov_053 | 5.741596826897838 × 10^295 |
| 54 | ov_054 | 3.4262346267576904 × 10^295 |
| 55 | ov_055 | 1.9823498577576697 × 10^295 |
| 56 | ov_056 | 1.1043524895028832 × 10^295 |
| 57 | ov_057 | 6.488822491520653 × 10^294 |
| 58 | ov_058 | 3.8581285596778056 × 10^294 |
| 59 | ov_059 | 2.0951280193082096 × 10^294 |
| 60 | ov_060 | 1.0112036443074526 × 10^294 |
| 61 | ov_061 | 4.1773962438606106 × 10^293 |
| 62 | ov_062 | 1.3855605122885922 × 10^293 |
| 63 | ov_063 | 3.3633029457744067 × 10^292 |
| 64 | lv_79_k31 | 8.159775598399358 × 10^291 |
| 65 | ov_065 | 9.639122819837433 × 10^292 |
| 66 | ov_066 | 9.639100922390687 × 10^292 |
| 67 | ov_067 | 9.639093958540887 × 10^292 |
| 68 | ov_068 | 8.395539663051609 × 10^292 |
| 69 | ov_069 | 7.266653968133733 × 10^292 |
| 70 | ov_070 | 6.247068482552241 × 10^292 |
| 71 | ov_071 | 5.33169821669262 × 10^292 |
| 72 | ov_072 | 4.515720656715363 × 10^292 |
| 73 | ov_073 | 3.7945578647556337 × 10^292 |
| 74 | ov_074 | 3.1638613054456025 × 10^292 |
| 75 | ov_075 | 2.6155733646446003 × 10^292 |
| 76 | ov_076 | 2.1420400174749574 × 10^292 |
| 77 | ov_077 | 1.7359952306243243 × 10^292 |
| 78 | ov_078 | 1.390548496225395 × 10^292 |
| 79 | ov_079 | 1.09917505784678 × 10^292 |
| 80 | ov_080 | 8.557084158292345 × 10^291 |
| 81 | ov_081 | 6.543347255223401 × 10^291 |
| 82 | ov_082 | 4.8958872801773737 × 10^291 |
| 83 | ov_083 | 3.56350878818467 × 10^291 |
| 84 | ov_084 | 2.521475401811057 × 10^291 |
| 85 | ov_085 | 1.7254525555225443 × 10^291 |
| 86 | ov_086 | 1.1345192019612917 × 10^291 |
| 87 | ov_087 | 7.111601126885687 × 10^290 |
| 88 | ov_088 | 4.2125998985530436 × 10^290 |
| 89 | ov_089 | 2.340991336086623 × 10^290 |
| 90 | ov_090 | 1.2235041007209938 × 10^290 |
| 91 | ov_091 | 6.207726475285559 × 10^289 |
| 92 | ov_092 | 3.2732528347801745 × 10^289 |
| 93 | ov_093 | 1.7157774372964884 × 10^289 |
| 94 | ov_094 | 7.620922289087549 × 10^288 |
| 95 | aaa_78_28 | 2.4278210975451407 × 10^288 |
| 96 | aaa_78_29 | 9.070049014793686 × 10^287 |
| 97 | ov_097 | 8.016651000017398 × 10^287 |
| 98 | ov_098 | 8.016608092856638 × 10^287 |
| 99 | ov_099 | 8.016594359366512 × 10^287 |
| 100 | ov_100 | 6.859862798365385 × 10^287 |
| 101 | ov_101 | 5.833270688664679 × 10^287 |
| 102 | ov_102 | 4.926405127528012 × 10^287 |
| 103 | ov_103 | 4.129430413587888 × 10^287 |
| 104 | ov_104 | 3.4330454332827218 × 10^287 |
| 105 | ov_105 | 2.8284464537426174 × 10^287 |
| 106 | ov_106 | 2.3072948083971264 × 10^287 |
| 107 | ov_107 | 1.8616890451216415 × 10^287 |
| 108 | ov_108 | 1.484141189054837 × 10^287 |
| 109 | ov_109 | 1.1675567419776135 × 10^287 |
| 110 | ov_110 | 9.052180090848563 × 10^286 |
| 111 | ov_111 | 6.907703680455667 × 10^286 |
| 112 | ov_112 | 5.182111188020771 × 10^286 |
| 113 | ov_113 | 3.818805757249962 × 10^286 |
| 114 | ov_114 | 2.76455086616705 × 10^286 |
| 115 | ov_115 | 1.969416857230048 × 10^286 |
| 116 | ov_116 | 1.386741104338601 × 10^286 |
| 117 | ov_117 | 9.730993377983436 × 10^285 |
| 118 | ov_118 | 6.882858719634191 × 10^285 |
| 119 | ov_119 | 4.9530070357324985 × 10^285 |
| 120 | ov_120 | 3.603416718950686 × 10^285 |
| 121 | ov_121 | 2.5280009477715163 × 10^285 |
| 122 | ov_122 | 1.6948592198734025 × 10^285 |
| 123 | ov_123 | 1.0720977704692898 × 10^285 |
| 124 | ov_124 | 6.278266398344655 × 10^284 |
| 125 | ov_125 | 3.3015774814102654 × 10^284 |
| 126 | ov_126 | 1.4720378727922509 × 10^284 |
| 127 | aaa_77_28 | 4.707769593766076 × 10^283 |
| 128 | aaa_77_29 | 1.768312015170553 × 10^283 |
| 129 | ov_129 | 1.6286838018814332 × 10^283 |
| 130 | ov_130 | 1.6286799645995435 × 10^283 |
| 131 | ov_131 | 1.6286787297113206 × 10^283 |
| 132 | ov_132 | 1.417926324617552 × 10^283 |
| 133 | ov_133 | 1.2268669236598387 × 10^283 |
| 134 | ov_134 | 1.0545733415864486 × 10^283 |
| 135 | ov_135 | 9.001715365258373 × 10^282 |
| 136 | ov_136 | 7.628366352612316 × 10^282 |
| 137 | ov_137 | 6.417894031915422 × 10^282 |
| 138 | ov_138 | 5.35596236937252 × 10^282 |
| 139 | ov_139 | 4.4290080953677534 × 10^282 |
| 140 | ov_140 | 3.624197293733258 × 10^282 |
| 141 | ov_141 | 2.92938872812566 × 10^282 |
| 142 | ov_142 | 2.338680771411968 × 10^282 |
| 143 | ov_143 | 1.8412314609672265 × 10^282 |
| 144 | ov_144 | 1.4268156798556392 × 10^282 |
| 145 | ov_145 | 1.0858090285464456 × 10^282 |
| 146 | ov_146 | 8.091752365453733 × 10^281 |
| 147 | ov_147 | 5.884565596285198 × 10^281 |
| 148 | ov_148 | 4.157666525373565 × 10^281 |
| 149 | ov_149 | 2.837854510653028 × 10^281 |
| 150 | ov_150 | 1.8575564147820277 × 10^281 |
| 151 | ov_151 | 1.1548033918838564 × 10^281 |
| 152 | ov_152 | 6.732164256008585 × 10^280 |
| 153 | ov_153 | 3.6199784313439295 × 10^280 |
| 154 | ov_154 | 1.7592672219673818 × 10^280 |
| 155 | ov_155 | 7.53566112016058 × 10^279 |
| 156 | aaa_76_25 | 2.6214462202211433 × 10^279 |
| 157 | aaa_76_26 | 1.6143735877497414 × 10^279 |
| 158 | aaa_76_27 | 8.859227130494771 × 10^278 |
| 159 | aaa_76_28 | 4.179404949659454 × 10^278 |
| 160 | aaa_76_29 | 1.5754979744358442 × 10^278 |

### Output Bits Sorted by Complexity

| Rank | Output Bit | Complexity |
|:----:|:----------:|:----------:|
| 160 | aaa_76_29 | 1.5754979744358442 × 10^278 |
| 159 | aaa_76_28 | 4.179404949659454 × 10^278 |
| 158 | aaa_76_27 | 8.859227130494771 × 10^278 |
| 157 | aaa_76_26 | 1.6143735877497414 × 10^279 |
| 156 | aaa_76_25 | 2.6214462202211433 × 10^279 |
| 155 | ov_155 | 7.53566112016058 × 10^279 |
| 154 | ov_154 | 1.7592672219673818 × 10^280 |
| 153 | ov_153 | 3.6199784313439295 × 10^280 |
| 152 | ov_152 | 6.732164256008585 × 10^280 |
| 151 | ov_151 | 1.1548033918838564 × 10^281 |
| 150 | ov_150 | 1.8575564147820277 × 10^281 |
| 149 | ov_149 | 2.837854510653028 × 10^281 |
| 148 | ov_148 | 4.157666525373565 × 10^281 |
| 147 | ov_147 | 5.884565596285198 × 10^281 |
| 146 | ov_146 | 8.091752365453733 × 10^281 |
| 145 | ov_145 | 1.0858090285464456 × 10^282 |
| 144 | ov_144 | 1.4268156798556392 × 10^282 |
| 143 | ov_143 | 1.8412314609672265 × 10^282 |
| 142 | ov_142 | 2.338680771411968 × 10^282 |
| 141 | ov_141 | 2.92938872812566 × 10^282 |
| 140 | ov_140 | 3.624197293733258 × 10^282 |
| 139 | ov_139 | 4.4290080953677534 × 10^282 |
| 138 | ov_138 | 5.35596236937252 × 10^282 |
| 137 | ov_137 | 6.417894031915422 × 10^282 |
| 136 | ov_136 | 7.628366352612316 × 10^282 |
| 135 | ov_135 | 9.001715365258373 × 10^282 |
| 134 | ov_134 | 1.0545733415864486 × 10^283 |
| 133 | ov_133 | 1.2268669236598387 × 10^283 |
| 132 | ov_132 | 1.417926324617552 × 10^283 |
| 131 | ov_131 | 1.6286787297113206 × 10^283 |
| 130 | ov_130 | 1.6286799645995435 × 10^283 |
| 129 | ov_129 | 1.6286838018814332 × 10^283 |
| 128 | aaa_77_29 | 1.768312015170553 × 10^283 |
| 127 | aaa_77_28 | 4.707769593766076 × 10^283 |
| 126 | ov_126 | 1.4720378727922509 × 10^284 |
| 125 | ov_125 | 3.3015774814102654 × 10^284 |
| 124 | ov_124 | 6.278266398344655 × 10^284 |
| 123 | ov_123 | 1.0720977704692898 × 10^285 |
| 122 | ov_122 | 1.6948592198734025 × 10^285 |
| 121 | ov_121 | 2.5280009477715163 × 10^285 |
| 120 | ov_120 | 3.603416718950686 × 10^285 |
| 119 | ov_119 | 4.9530070357324985 × 10^285 |
| 118 | ov_118 | 6.882858719634191 × 10^285 |
| 117 | ov_117 | 9.730993377983436 × 10^285 |
| 116 | ov_116 | 1.386741104338601 × 10^286 |
| 115 | ov_115 | 1.969416857230048 × 10^286 |
| 114 | ov_114 | 2.76455086616705 × 10^286 |
| 113 | ov_113 | 3.818805757249962 × 10^286 |
| 112 | ov_112 | 5.182111188020771 × 10^286 |
| 111 | ov_111 | 6.907703680455667 × 10^286 |
| 110 | ov_110 | 9.052180090848563 × 10^286 |
| 109 | ov_109 | 1.1675567419776135 × 10^287 |
| 108 | ov_108 | 1.484141189054837 × 10^287 |
| 107 | ov_107 | 1.8616890451216415 × 10^287 |
| 106 | ov_106 | 2.3072948083971264 × 10^287 |
| 105 | ov_105 | 2.8284464537426174 × 10^287 |
| 104 | ov_104 | 3.4330454332827218 × 10^287 |
| 103 | ov_103 | 4.129430413587888 × 10^287 |
| 102 | ov_102 | 4.926405127528012 × 10^287 |
| 101 | ov_101 | 5.833270688664679 × 10^287 |
| 100 | ov_100 | 6.859862798365385 × 10^287 |
| 99 | ov_099 | 8.016594359366512 × 10^287 |
| 98 | ov_098 | 8.016608092856638 × 10^287 |
| 97 | ov_097 | 8.016651000017398 × 10^287 |
| 96 | aaa_78_29 | 9.070049014793686 × 10^287 |
| 95 | aaa_78_28 | 2.4278210975451407 × 10^288 |
| 94 | ov_094 | 7.620922289087549 × 10^288 |
| 93 | ov_093 | 1.7157774372964884 × 10^289 |
| 92 | ov_092 | 3.2732528347801745 × 10^289 |
| 91 | ov_091 | 6.207726475285559 × 10^289 |
| 90 | ov_090 | 1.2235041007209938 × 10^290 |
| 89 | ov_089 | 2.340991336086623 × 10^290 |
| 88 | ov_088 | 4.2125998985530436 × 10^290 |
| 87 | ov_087 | 7.111601126885687 × 10^290 |
| 86 | ov_086 | 1.1345192019612917 × 10^291 |
| 85 | ov_085 | 1.7254525555225443 × 10^291 |
| 84 | ov_084 | 2.521475401811057 × 10^291 |
| 83 | ov_083 | 3.56350878818467 × 10^291 |
| 82 | ov_082 | 4.8958872801773737 × 10^291 |
| 81 | ov_081 | 6.543347255223401 × 10^291 |
| 64 | lv_79_k31 | 8.159775598399358 × 10^291 |
| 80 | ov_080 | 8.557084158292345 × 10^291 |
| 79 | ov_079 | 1.09917505784678 × 10^292 |
| 78 | ov_078 | 1.390548496225395 × 10^292 |
| 77 | ov_077 | 1.7359952306243243 × 10^292 |
| 76 | ov_076 | 2.1420400174749574 × 10^292 |
| 75 | ov_075 | 2.6155733646446003 × 10^292 |
| 74 | ov_074 | 3.1638613054456025 × 10^292 |
| 63 | ov_063 | 3.3633029457744067 × 10^292 |
| 73 | ov_073 | 3.7945578647556337 × 10^292 |
| 72 | ov_072 | 4.515720656715363 × 10^292 |
| 71 | ov_071 | 5.33169821669262 × 10^292 |
| 70 | ov_070 | 6.247068482552241 × 10^292 |
| 69 | ov_069 | 7.266653968133733 × 10^292 |
| 68 | ov_068 | 8.395539663051609 × 10^292 |
| 67 | ov_067 | 9.639093958540887 × 10^292 |
| 66 | ov_066 | 9.639100922390687 × 10^292 |
| 65 | ov_065 | 9.639122819837433 × 10^292 |
| 62 | ov_062 | 1.3855605122885922 × 10^293 |
| 61 | ov_061 | 4.1773962438606106 × 10^293 |
| 60 | ov_060 | 1.0112036443074526 × 10^294 |
| 59 | ov_059 | 2.0951280193082096 × 10^294 |
| 58 | ov_058 | 3.8581285596778056 × 10^294 |
| 57 | ov_057 | 6.488822491520653 × 10^294 |
| 56 | ov_056 | 1.1043524895028832 × 10^295 |
| 55 | ov_055 | 1.9823498577576697 × 10^295 |
| 54 | ov_054 | 3.4262346267576904 × 10^295 |
| 53 | ov_053 | 5.741596826897838 × 10^295 |
| 52 | ov_052 | 9.271772461677852 × 10^295 |
| 51 | ov_051 | 1.4397863965925441 × 10^296 |
| 50 | ov_050 | 2.1538779825490688 × 10^296 |
| 49 | ov_049 | 3.0932395540268654 × 10^296 |
| 48 | ov_048 | 4.283562741251112 × 10^296 |
| 47 | ov_047 | 5.7524551582073015 × 10^296 |
| 32 | lv_80_k31 | 6.880734649159356 × 10^296 |
| 46 | ov_046 | 7.529457678584503 × 10^296 |
| 45 | ov_045 | 9.646068448812454 × 10^296 |
| 44 | ov_044 | 1.21357751388818 × 10^297 |
| 43 | ov_043 | 1.5034097067889035 × 10^297 |
| 42 | ov_042 | 1.8414158066692165 × 10^297 |
| 41 | ov_041 | 2.2353318763105812 × 10^297 |
| 40 | ov_040 | 2.6893567974993996 × 10^297 |
| 31 | ov_031 | 2.8499001361189265 × 10^297 |
| 39 | ov_039 | 3.21212140097269 × 10^297 |
| 38 | ov_038 | 3.812734368607684 × 10^297 |
| 37 | ov_037 | 4.500807833593243 × 10^297 |
| 36 | ov_036 | 5.286487574765459 × 10^297 |
| 35 | ov_035 | 6.175277963323751 × 10^297 |
| 34 | ov_034 | 7.172999371514714 × 10^297 |
| 33 | ov_033 | 8.285813481482317 × 10^297 |
| 30 | ov_030 | 1.179553002165512 × 10^298 |
| 29 | ov_029 | 3.5707921596385477 × 10^298 |
| 28 | ov_028 | 8.676708066014965 × 10^298 |
| 27 | ov_027 | 2.0752313831255887 × 10^299 |
| 26 | ov_026 | 4.995925763062603 × 10^299 |
| 25 | ov_025 | 1.0976244796000894 × 10^300 |
| 24 | ov_024 | 2.1693012150958195 × 10^300 |
| 23 | ov_023 | 3.9153402032914056 × 10^300 |
| 22 | ov_022 | 6.569497725803739 × 10^300 |
| 21 | ov_021 | 1.0398576000964865 × 10^301 |
| 20 | ov_020 | 1.5702434950720986 × 10^301 |
| 19 | ov_019 | 2.2814011023260565 × 10^301 |
| 18 | ov_018 | 3.209934929630637 × 10^301 |
| 17 | ov_017 | 4.3957660556311705 × 10^301 |
| 16 | ov_016 | 5.882141867068646 × 10^301 |
| 15 | ov_015 | 7.715651745650302 × 10^301 |
| 14 | ov_014 | 9.94625117583895 × 10^301 |
| 13 | ov_013 | 1.2627297171407523 × 10^302 |
| 12 | ov_012 | 1.5815598002043185 × 10^302 |
| 11 | ov_011 | 1.954220567896498 × 10^302 |
| 10 | ov_010 | 2.387104997677024 × 10^302 |
| 9 | ov_009 | 2.8869771227111216 × 10^302 |
| 8 | ov_008 | 3.4609850768415275 × 10^302 |
| 7 | ov_007 | 4.116676734437698 × 10^302 |
| 6 | ov_006 | 4.8581422077916905 × 10^302 |
| 5 | ov_005 | 5.689697390833952 × 10^302 |
| 4 | ov_004 | 6.615897557064798 × 10^302 |
| 3 | ov_003 | 7.641553158552648 × 10^302 |
| 2 | ov_002 | 8.771748073647526 × 10^302 |
| 1 | ov_001 | 1.0011860609104112 × 10^303 |

