# Results for F001-F002-F003-F004-F005-F006-F007-F008-F009-F010-F011-F012-F013-F014-F015-F016-F017-F018-F019-F020-F021-F022-F023-F024-F025-F026-F027-F028-F029-F030-F031-F032-F033-F034-F035-F036-F037-F038-F039-F040-F041-F042-F043-F044-F045-F046-F047-F048-F049-F050-F051-F052-F053-F054-F055-F056-F057-F058-F059-F060-F061-F062-F063-F064-F065-F066-F067-F068-F069-F070-F071-F072-F073-F074-F075-F076-F077-F078-F079-F080-F081-F082-F083-F084-F085-F086-F087-F088-F089-F090-F091-F092-F093-F094-F095-F096-F097-F098-F099-F100-F101-F102-F103-F104-F105-F106-F107-F108-F109-F110-F111-F112-F113-F114-F115-F116-F117-F118-F119-F120-F121-F122-F123-F124-F125-F126-F127-F128-F129-F130-F131-F132-F133-F134-F135-F136-F137-F138-F139-F140-F141-F142-F143-F144-F145-F146-F147-F148-F149-F150-F151-F152-F153-F154-F155-F156-F157-F158-F159-F160-F161-F162-F163-F164-F165-F166-F167-F168-F169-F170-F171-F172-F173-F174-F175-F176-F177-F178-F179-F180-F181-F182-F183-F184-F185-F186-F187-F188-F189-F190-F191-F192-F193-F194-F195-F196-F197-F198-F199-F200-F201-F202-F203-F204-F205-F206-F207-F208-F209-F210-F211-F212-F213-F214-F215-F216-F217-F218-F219-F220-F221-F222-F223-F224-F225-F226-F227-F228-F229-F230-F231-F232-F233-F234-F235-F236-F237-F238-F239-F240-F241-F242-F243-F244-F245-F246-F247-F248-F249-F250-F251-F252-F253-F254-F255-F256-F257-F258-F259-F260-F261-F262-F263-F264-F265-F266-F267-F268-F269-F270-F271-F272-F273-F274-F275-F276-F277-F278-F279-F280-F281-F282-F283-F284-F285-F286-F287-F288-F289-F290-F291-F292-F293-F294-F295-F296-F297-F298-F299-F300-F301-F302-F303-F304-F305-F306-F307-F308-F309-F310-F311-F312-F313-F314-F315-F316-F317-F318-F319-F320-F321-F322-F323-F324-F325-F326-F327-F328-F329-F330-F331-F332-F333-F334-F335-F336-F337-F338-F339-F340-F341-F342-F343-F344-F345-F346-F347-F348-F349-F350-F351-F352-F353-F354-F355-F356-F357-F358-F359-F360-F361-F362-F363-F364-F365-F366-F367-F368-F369-F370-F371-F372-F373-F374-F375-F376-F377-F378-F379-F380-F381-F382-F383-F384-F385-F386-F387-F388-F389-F390-F391-F392-F393-F394-F395-F396-F397-F398-F399-F400-F401-F402-F403-F404-F405-F406-F407-F408-F409-F410-F411-F412-F413-F414-F415-F416-F417-F418-F419-F420-F421-F422-F423-F424-F425-F426-F427-F428-F429-F430-F431-F432-F433-F434-F435-F436-F437-F438-F439-F440-F441-F442-F443-F444-F445-F446-F447-F448-F449-F450-F451-F452-F453-F454-F455-F456-F457-F458-F459-F460-F461-F462-F463-F464-F465-F466-F467-F468-F469-F470-F471-F472-F473-F474-F475-F476-F477-F478-F479-F480-F481-F482-F483-F484-F485-F486-F487-F488-F489-F490-F491-F492-F493-F494-F495-F496-F497-F498-F499-F500-F501-F502-F503-F504-F505-O506508-F512

## Summary

Number of input bits: 512  
Number of free input bits: 5  
Number of output bits: 160

Number of direct occurrences: 21441  
Number of assignments: 30312  
Number of operations: 11305111
(xor: 11273665,
and: 18768,
or: 12678)

Total complexity: 4.560382592280416 × 10^302

Least occurring input variable: iv_507 (4149)  
Most occurring input variable: iv_510 (4359)

Most co-occurring input variables: iv_506-iv_510 (2143)  
Least co-occurring input variables: iv_506-iv_507 (1909)

Potentially most occurring input variable: iv_506/iv_507 (4686)  
Potentially least occurring input variable: iv_509/iv_510 (4423)

Least output occurring input variable: iv_506 (78)  
Most output occurring input variable: iv_511 (88)

Most output co-occurring input variables: iv_507-iv_510 (50)  
Least output co-occurring input variables: iv_507-iv_509 (39)

Potentially most output occurring input variable: iv_509/iv_510 (86)  
Potentially least output occurring input variable: iv_507/iv_510 (68)

Least complex input bit: iv_511 (5.014768207933249 × 10^298)  
Most complex input bit: iv_510 (1.6301620459678268 × 10^302)

Least complex output bit: aaa_76_29 (1.3030680075376269 × 10^277)  
Most complex output bit: ov_001 (7.153738463902415 × 10^301)

Least complex input/output complexity: iv_511/aaa_76_29 (1.4329025876109682 × 10^273)  
Most complex input/output complexity: iv_510/ov_001 (2.5571874058054524 × 10^301)

Input variable with highest collision probability: iv_510 (½^160.0000000000006)

## Input Bits

### Input Bits in Regular Order

| Input Bit | Complexity | Occurrences | Output Occurrences | Collision Probability |
|:---------:|:----------:|:-----------:|:------------------:|:---------------------:|
| iv_506 | 1.0193331826827902 × 10^302 | 4355 | 78 | ½^160.0000000000008 |
| iv_507 | 4.3389365977080203 × 10^301 | 4149 | 80 | ½^160.00000000000065 |
| iv_509 | 1.4764922270382019 × 10^302 | 4278 | 84 | ½^160.00000000000077 |
| iv_510 | 1.6301620459678268 × 10^302 | 4359 | 88 | ½^160.0000000000006 |
| iv_511 | 5.014768207933249 × 10^298 | 4300 | 88 | ½^160.00000000000077 |

### Input Bits Sorted by Complexity

| Input Bit | Complexity | Occurrences | Output Occurrences | Collision Probability |
|:---------:|:----------:|:-----------:|:------------------:|:---------------------:|
| iv_511 | 5.014768207933249 × 10^298 | 4300 | 88 | ½^160.00000000000077 |
| iv_507 | 4.3389365977080203 × 10^301 | 4149 | 80 | ½^160.00000000000065 |
| iv_506 | 1.0193331826827902 × 10^302 | 4355 | 78 | ½^160.0000000000008 |
| iv_509 | 1.4764922270382019 × 10^302 | 4278 | 84 | ½^160.00000000000077 |
| iv_510 | 1.6301620459678268 × 10^302 | 4359 | 88 | ½^160.0000000000006 |

### Input Bits Sorted by Occurrences

| Input Bit | Complexity | Occurrences | Output Occurrences | Collision Probability |
|:---------:|:----------:|:-----------:|:------------------:|:---------------------:|
| iv_507 | 4.3389365977080203 × 10^301 | 4149 | 80 | ½^160.00000000000065 |
| iv_509 | 1.4764922270382019 × 10^302 | 4278 | 84 | ½^160.00000000000077 |
| iv_511 | 5.014768207933249 × 10^298 | 4300 | 88 | ½^160.00000000000077 |
| iv_506 | 1.0193331826827902 × 10^302 | 4355 | 78 | ½^160.0000000000008 |
| iv_510 | 1.6301620459678268 × 10^302 | 4359 | 88 | ½^160.0000000000006 |

### Input Bits Sorted by Output Occurrences

| Input Bit | Complexity | Occurrences | Output Occurrences | Collision Probability |
|:---------:|:----------:|:-----------:|:------------------:|:---------------------:|
| iv_506 | 1.0193331826827902 × 10^302 | 4355 | 78 | ½^160.0000000000008 |
| iv_507 | 4.3389365977080203 × 10^301 | 4149 | 80 | ½^160.00000000000065 |
| iv_509 | 1.4764922270382019 × 10^302 | 4278 | 84 | ½^160.00000000000077 |
| iv_510 | 1.6301620459678268 × 10^302 | 4359 | 88 | ½^160.0000000000006 |
| iv_511 | 5.014768207933249 × 10^298 | 4300 | 88 | ½^160.00000000000077 |

### Input Bits Sorted by Collision Probability

| Input Bit | Complexity | Occurrences | Output Occurrences | Collision Probability |
|:---------:|:----------:|:-----------:|:------------------:|:---------------------:|
| iv_510 | 1.6301620459678268 × 10^302 | 4359 | 88 | ½^160.0000000000006 |
| iv_507 | 4.3389365977080203 × 10^301 | 4149 | 80 | ½^160.00000000000065 |
| iv_511 | 5.014768207933249 × 10^298 | 4300 | 88 | ½^160.00000000000077 |
| iv_509 | 1.4764922270382019 × 10^302 | 4278 | 84 | ½^160.00000000000077 |
| iv_506 | 1.0193331826827902 × 10^302 | 4355 | 78 | ½^160.0000000000008 |

## Input Bit/Output Bit Collision Probabilities

| Input Bit | Output Bit | Collision Probability |
|:---------:|:----------:|:---------------------:|
| iv_510 | ov_052 | 0.5000000000000048 |
| iv_510 | ov_079 | 0.5000000000000033 |
| iv_507 | ov_037 | 0.5000000000000021 |
| iv_507 | ov_028 | 0.5000000000000019 |
| iv_507 | ov_003 | 0.5000000000000018 |

## Input Bit Co-occurrences

### Input Bit Co-occurrences Sorted by Co-occurrences

| Input Bits | Co-occurrences | Potential Occurrences | Output Co-occurrences | Potential Output Occurrences |
|:----------:|:--------------:|:---------------------:|:---------------------:|:----------------------------:|
| iv_506-iv_510 | 2143 | 4428 | 47 | 72 |
| iv_509-iv_510 | 2107 | 4423 | 43 | 86 |
| iv_510-iv_511 | 2103 | 4453 | 45 | 86 |
| iv_509-iv_511 | 2062 | 4454 | 43 | 86 |
| iv_506-iv_511 | 2028 | 4599 | 45 | 76 |

### Input Bit Co-occurrences Sorted by Potential Occurrences

| Input Bits | Co-occurrences | Potential Occurrences | Output Co-occurrences | Potential Output Occurrences |
|:----------:|:--------------:|:---------------------:|:---------------------:|:----------------------------:|
| iv_509-iv_510 | 2107 | 4423 | 43 | 86 |
| iv_506-iv_510 | 2143 | 4428 | 47 | 72 |
| iv_507-iv_511 | 2001 | 4447 | 42 | 84 |
| iv_507-iv_509 | 1989 | 4449 | 39 | 86 |
| iv_510-iv_511 | 2103 | 4453 | 45 | 86 |

### Input Bit Output Co-occurrences Sorted by Output Co-occurrences

| Input Bits | Co-occurrences | Potential Occurrences | Output Co-occurrences | Potential Output Occurrences |
|:----------:|:--------------:|:---------------------:|:---------------------:|:----------------------------:|
| iv_507-iv_510 | 2021 | 4466 | 50 | 68 |
| iv_506-iv_510 | 2143 | 4428 | 47 | 72 |
| iv_510-iv_511 | 2103 | 4453 | 45 | 86 |
| iv_506-iv_509 | 2024 | 4585 | 45 | 72 |
| iv_506-iv_511 | 2028 | 4599 | 45 | 76 |

### Input Bit Output Co-occurrences Sorted by Potential Output Occurrences

| Input Bits | Co-occurrences | Potential Occurrences | Output Co-occurrences | Potential Output Occurrences |
|:----------:|:--------------:|:---------------------:|:---------------------:|:----------------------------:|
| iv_507-iv_510 | 2021 | 4466 | 50 | 68 |
| iv_506-iv_509 | 2024 | 4585 | 45 | 72 |
| iv_506-iv_510 | 2143 | 4428 | 47 | 72 |
| iv_506-iv_507 | 1909 | 4686 | 42 | 74 |
| iv_506-iv_511 | 2028 | 4599 | 45 | 76 |

## Output Bits

### Output Bits in Regular Order

| Rank | Output Bit | Complexity |
|:----:|:----------:|:----------:|
| 1 | ov_001 | 7.153738463902415 × 10^301 |
| 2 | ov_002 | 6.252761805669502 × 10^301 |
| 3 | ov_003 | 5.43230387991418 × 10^301 |
| 4 | ov_004 | 4.6885155075516853 × 10^301 |
| 5 | ov_005 | 4.017756752445967 × 10^301 |
| 6 | ov_006 | 3.416582034339517 × 10^301 |
| 7 | ov_007 | 2.8817272619180665 × 10^301 |
| 8 | ov_008 | 2.4100987322158887 × 10^301 |
| 9 | ov_009 | 1.998763555875878 × 10^301 |
| 10 | ov_010 | 1.6423065792222906 × 10^301 |
| 11 | ov_011 | 1.335597662792852 × 10^301 |
| 12 | ov_012 | 1.073780697704259 × 10^301 |
| 13 | ov_013 | 8.522644945568174 × 10^300 |
| 14 | ov_014 | 6.667153649867952 × 10^300 |
| 15 | ov_015 | 5.130512274054882 × 10^300 |
| 16 | ov_016 | 3.874370797847378 × 10^300 |
| 17 | ov_017 | 2.8628167885014713 × 10^300 |
| 18 | ov_018 | 2.062352334004191 × 10^300 |
| 19 | ov_019 | 1.4418789197506825 × 10^300 |
| 20 | ov_020 | 9.726881124151988 × 10^299 |
| 21 | ov_021 | 6.284561374393556 × 10^299 |
| 22 | ov_022 | 3.852407370499478 × 10^299 |
| 23 | ov_023 | 2.2147920192787907 × 10^299 |
| 24 | ov_024 | 1.1798704811047454 × 10^299 |
| 25 | ov_025 | 5.795714998695853 × 10^298 |
| 26 | ov_026 | 2.6959219033199096 × 10^298 |
| 27 | ov_027 | 1.2939523357736013 × 10^298 |
| 28 | ov_028 | 6.220757229642869 × 10^297 |
| 29 | ov_029 | 2.5583648497775868 × 10^297 |
| 30 | ov_030 | 8.444985578082797 × 10^296 |
| 31 | ov_031 | 2.038636657715404 × 10^296 |
| 32 | lv_80_k31 | 4.917589293452206 × 10^295 |
| 33 | ov_033 | 5.890216205258878 × 10^296 |
| 34 | ov_034 | 5.086903094746391 × 10^296 |
| 35 | ov_035 | 4.368005615448782 × 10^296 |
| 36 | ov_036 | 3.72900962003547 × 10^296 |
| 37 | ov_037 | 3.1656497505084647 × 10^296 |
| 38 | ov_038 | 2.673890821109684 × 10^296 |
| 39 | ov_039 | 2.2462904000083013 × 10^296 |
| 40 | ov_040 | 1.875794086022951 × 10^296 |
| 41 | ov_041 | 1.555713467609251 × 10^296 |
| 42 | ov_042 | 1.2797075852285156 × 10^296 |
| 43 | ov_043 | 1.0417675028206358 × 10^296 |
| 44 | ov_044 | 8.362036161318881 × 10^295 |
| 45 | ov_045 | 6.602495292903969 × 10^295 |
| 46 | ov_046 | 5.112910604160402 × 10^295 |
| 47 | ov_047 | 3.8686259228574426 × 10^295 |
| 48 | ov_048 | 2.84644223787477 × 10^295 |
| 49 | ov_049 | 2.0245959964402195 × 10^295 |
| 50 | ov_050 | 1.382743217309394 × 10^295 |
| 51 | ov_051 | 9.019484067503305 × 10^294 |
| 52 | ov_052 | 5.64677217619895 × 10^294 |
| 53 | ov_053 | 3.4004812769147315 × 10^294 |
| 54 | ov_054 | 1.99966165632935 × 10^294 |
| 55 | ov_055 | 1.1912070034249455 × 10^294 |
| 56 | ov_056 | 7.498414924182712 × 10^293 |
| 57 | ov_057 | 4.781117389502257 × 10^293 |
| 58 | ov_058 | 2.842458898908778 × 10^293 |
| 59 | ov_059 | 1.5433684340992446 × 10^293 |
| 60 | ov_060 | 7.44778421944439 × 10^292 |
| 61 | ov_061 | 3.076223811451739 × 10^292 |
| 62 | ov_062 | 1.0201480939192058 × 10^292 |
| 63 | ov_063 | 2.4758583780780063 × 10^291 |
| 64 | lv_79_k31 | 6.005696026850246 × 10^290 |
| 65 | ov_065 | 7.033758548591887 × 10^291 |
| 66 | ov_066 | 7.033741674685302 × 10^291 |
| 67 | ov_067 | 7.033736317390408 × 10^291 |
| 68 | ov_068 | 6.115666069924209 × 10^291 |
| 69 | ov_069 | 5.282974017631765 × 10^291 |
| 70 | ov_070 | 4.531516923739722 × 10^291 |
| 71 | ov_071 | 3.857367354038806 × 10^291 |
| 72 | ov_072 | 3.2567977512416656 × 10^291 |
| 73 | ov_073 | 2.7262669024407376 × 10^291 |
| 74 | ov_074 | 2.2624085544029233 × 10^291 |
| 75 | ov_075 | 1.8589788970792644 × 10^291 |
| 76 | ov_076 | 1.510043264209281 × 10^291 |
| 77 | ov_077 | 1.2127100366237664 × 10^291 |
| 78 | ov_078 | 9.616313690322668 × 10^290 |
| 79 | ov_079 | 7.51741518293836 × 10^290 |
| 80 | ov_080 | 5.782516749491011 × 10^290 |
| 81 | ov_081 | 4.366461703192712 × 10^290 |
| 82 | ov_082 | 3.226797630028022 × 10^290 |
| 83 | ov_083 | 2.323757297927907 × 10^290 |
| 84 | ov_084 | 1.6202450714303571 × 10^290 |
| 85 | ov_085 | 1.0818267289852385 × 10^290 |
| 86 | ov_086 | 6.919493977388304 × 10^289 |
| 87 | ov_087 | 4.21479313762637 × 10^289 |
| 88 | ov_088 | 2.439249434915781 × 10^289 |
| 89 | ov_089 | 1.3543342605105033 × 10^289 |
| 90 | ov_090 | 7.478808423937925 × 10^288 |
| 91 | ov_091 | 4.34067943332117 × 10^288 |
| 92 | ov_092 | 2.5341006631087933 × 10^288 |
| 93 | ov_093 | 1.327475157864813 × 10^288 |
| 94 | ov_094 | 5.891663291447892 × 10^287 |
| 95 | aaa_78_28 | 1.8753985008378313 × 10^287 |
| 96 | aaa_78_29 | 6.997754787217616 × 10^286 |
| 97 | ov_097 | 6.108832750660646 × 10^286 |
| 98 | ov_098 | 6.108797672638937 × 10^286 |
| 99 | ov_099 | 6.108786459936325 × 10^286 |
| 100 | ov_100 | 5.20498340110281 × 10^286 |
| 101 | ov_101 | 4.405461372018026 × 10^286 |
| 102 | ov_102 | 3.7017419189749993 × 10^286 |
| 103 | ov_103 | 3.085810240079207 × 10^286 |
| 104 | ov_104 | 2.550080750422807 × 10^286 |
| 105 | ov_105 | 2.087367231443729 × 10^286 |
| 106 | ov_106 | 1.6908571393163724 × 10^286 |
| 107 | ov_107 | 1.3540896702089075 × 10^286 |
| 108 | ov_108 | 1.0709372022086829 × 10^286 |
| 109 | ov_109 | 8.35589754840673 × 10^285 |
| 110 | ov_110 | 6.425421275428575 × 10^285 |
| 111 | ov_111 | 4.8658339835690806 × 10^285 |
| 112 | ov_112 | 3.6278848356353846 × 10^285 |
| 113 | ov_113 | 2.6651147814158953 × 10^285 |
| 114 | ov_114 | 1.933805158429947 × 10^285 |
| 115 | ov_115 | 1.3929390642031582 × 10^285 |
| 116 | ov_116 | 1.0041732617353963 × 10^285 |
| 117 | ov_117 | 7.318185654034206 × 10^284 |
| 118 | ov_118 | 5.428268396805799 × 10^284 |
| 119 | ov_119 | 4.067829279446235 × 10^284 |
| 120 | ov_120 | 2.959000134035455 × 10^284 |
| 121 | ov_121 | 2.075537000175973 × 10^284 |
| 122 | ov_122 | 1.3912048294376303 × 10^284 |
| 123 | ov_123 | 8.797741495875386 × 10^283 |
| 124 | ov_124 | 5.150186370021375 × 10^283 |
| 125 | ov_125 | 2.707135232850609 × 10^283 |
| 126 | ov_126 | 1.2063467832182864 × 10^283 |
| 127 | aaa_77_28 | 3.855817607541109 × 10^282 |
| 128 | aaa_77_29 | 1.4470009728967675 × 10^282 |
| 129 | ov_129 | 1.3101584733567424 × 10^282 |
| 130 | ov_130 | 1.310155300247371 × 10^282 |
| 131 | ov_131 | 1.3101542793635087 × 10^282 |
| 132 | ov_132 | 1.1361685508426075 × 10^282 |
| 133 | ov_133 | 9.787553599232281 × 10^281 |
| 134 | ov_134 | 8.371473681195987 × 10^281 |
| 135 | ov_135 | 7.106212032861909 × 10^281 |
| 136 | ov_136 | 5.984941771614454 × 10^281 |
| 137 | ov_137 | 5.0012137101029736 × 10^281 |
| 138 | ov_138 | 4.143163070926155 × 10^281 |
| 139 | ov_139 | 3.399564842070405 × 10^281 |
| 140 | ov_140 | 2.759797866941561 × 10^281 |
| 141 | ov_141 | 2.2138144392234796 × 10^281 |
| 142 | ov_142 | 1.752114900653722 × 10^281 |
| 143 | ov_143 | 1.3657266856425389 × 10^281 |
| 144 | ov_144 | 1.0461873231175817 × 10^281 |
| 145 | ov_145 | 7.855309446618003 × 10^280 |
| 146 | ov_146 | 5.762778170559701 × 10^280 |
| 147 | ov_147 | 4.114264208711187 × 10^280 |
| 148 | ov_148 | 2.8444763485168714 × 10^280 |
| 149 | ov_149 | 1.8928062385800998 × 10^280 |
| 150 | ov_150 | 1.203300661243898 × 10^280 |
| 151 | ov_151 | 7.246439355203137 × 10^279 |
| 152 | ov_152 | 4.101475670227437 × 10^279 |
| 153 | ov_153 | 2.177446409005347 × 10^279 |
| 154 | ov_154 | 1.0998691844255527 × 10^279 |
| 155 | ov_155 | 5.404326498606343 × 10^278 |
| 156 | aaa_76_25 | 2.169879169424337 × 10^278 |
| 157 | aaa_76_26 | 1.3360830082536527 × 10^278 |
| 158 | aaa_76_27 | 7.33057419027479 × 10^277 |
| 159 | aaa_76_28 | 3.4574649729726938 × 10^277 |
| 160 | aaa_76_29 | 1.3030680075376269 × 10^277 |

### Output Bits Sorted by Complexity

| Rank | Output Bit | Complexity |
|:----:|:----------:|:----------:|
| 160 | aaa_76_29 | 1.3030680075376269 × 10^277 |
| 159 | aaa_76_28 | 3.4574649729726938 × 10^277 |
| 158 | aaa_76_27 | 7.33057419027479 × 10^277 |
| 157 | aaa_76_26 | 1.3360830082536527 × 10^278 |
| 156 | aaa_76_25 | 2.169879169424337 × 10^278 |
| 155 | ov_155 | 5.404326498606343 × 10^278 |
| 154 | ov_154 | 1.0998691844255527 × 10^279 |
| 153 | ov_153 | 2.177446409005347 × 10^279 |
| 152 | ov_152 | 4.101475670227437 × 10^279 |
| 151 | ov_151 | 7.246439355203137 × 10^279 |
| 150 | ov_150 | 1.203300661243898 × 10^280 |
| 149 | ov_149 | 1.8928062385800998 × 10^280 |
| 148 | ov_148 | 2.8444763485168714 × 10^280 |
| 147 | ov_147 | 4.114264208711187 × 10^280 |
| 146 | ov_146 | 5.762778170559701 × 10^280 |
| 145 | ov_145 | 7.855309446618003 × 10^280 |
| 144 | ov_144 | 1.0461873231175817 × 10^281 |
| 143 | ov_143 | 1.3657266856425389 × 10^281 |
| 142 | ov_142 | 1.752114900653722 × 10^281 |
| 141 | ov_141 | 2.2138144392234796 × 10^281 |
| 140 | ov_140 | 2.759797866941561 × 10^281 |
| 139 | ov_139 | 3.399564842070405 × 10^281 |
| 138 | ov_138 | 4.143163070926155 × 10^281 |
| 137 | ov_137 | 5.0012137101029736 × 10^281 |
| 136 | ov_136 | 5.984941771614454 × 10^281 |
| 135 | ov_135 | 7.106212032861909 × 10^281 |
| 134 | ov_134 | 8.371473681195987 × 10^281 |
| 133 | ov_133 | 9.787553599232281 × 10^281 |
| 132 | ov_132 | 1.1361685508426075 × 10^282 |
| 131 | ov_131 | 1.3101542793635087 × 10^282 |
| 130 | ov_130 | 1.310155300247371 × 10^282 |
| 129 | ov_129 | 1.3101584733567424 × 10^282 |
| 128 | aaa_77_29 | 1.4470009728967675 × 10^282 |
| 127 | aaa_77_28 | 3.855817607541109 × 10^282 |
| 126 | ov_126 | 1.2063467832182864 × 10^283 |
| 125 | ov_125 | 2.707135232850609 × 10^283 |
| 124 | ov_124 | 5.150186370021375 × 10^283 |
| 123 | ov_123 | 8.797741495875386 × 10^283 |
| 122 | ov_122 | 1.3912048294376303 × 10^284 |
| 121 | ov_121 | 2.075537000175973 × 10^284 |
| 120 | ov_120 | 2.959000134035455 × 10^284 |
| 119 | ov_119 | 4.067829279446235 × 10^284 |
| 118 | ov_118 | 5.428268396805799 × 10^284 |
| 117 | ov_117 | 7.318185654034206 × 10^284 |
| 116 | ov_116 | 1.0041732617353963 × 10^285 |
| 115 | ov_115 | 1.3929390642031582 × 10^285 |
| 114 | ov_114 | 1.933805158429947 × 10^285 |
| 113 | ov_113 | 2.6651147814158953 × 10^285 |
| 112 | ov_112 | 3.6278848356353846 × 10^285 |
| 111 | ov_111 | 4.8658339835690806 × 10^285 |
| 110 | ov_110 | 6.425421275428575 × 10^285 |
| 109 | ov_109 | 8.35589754840673 × 10^285 |
| 108 | ov_108 | 1.0709372022086829 × 10^286 |
| 107 | ov_107 | 1.3540896702089075 × 10^286 |
| 106 | ov_106 | 1.6908571393163724 × 10^286 |
| 105 | ov_105 | 2.087367231443729 × 10^286 |
| 104 | ov_104 | 2.550080750422807 × 10^286 |
| 103 | ov_103 | 3.085810240079207 × 10^286 |
| 102 | ov_102 | 3.7017419189749993 × 10^286 |
| 101 | ov_101 | 4.405461372018026 × 10^286 |
| 100 | ov_100 | 5.20498340110281 × 10^286 |
| 99 | ov_099 | 6.108786459936325 × 10^286 |
| 98 | ov_098 | 6.108797672638937 × 10^286 |
| 97 | ov_097 | 6.108832750660646 × 10^286 |
| 96 | aaa_78_29 | 6.997754787217616 × 10^286 |
| 95 | aaa_78_28 | 1.8753985008378313 × 10^287 |
| 94 | ov_094 | 5.891663291447892 × 10^287 |
| 93 | ov_093 | 1.327475157864813 × 10^288 |
| 92 | ov_092 | 2.5341006631087933 × 10^288 |
| 91 | ov_091 | 4.34067943332117 × 10^288 |
| 90 | ov_090 | 7.478808423937925 × 10^288 |
| 89 | ov_089 | 1.3543342605105033 × 10^289 |
| 88 | ov_088 | 2.439249434915781 × 10^289 |
| 87 | ov_087 | 4.21479313762637 × 10^289 |
| 86 | ov_086 | 6.919493977388304 × 10^289 |
| 85 | ov_085 | 1.0818267289852385 × 10^290 |
| 84 | ov_084 | 1.6202450714303571 × 10^290 |
| 83 | ov_083 | 2.323757297927907 × 10^290 |
| 82 | ov_082 | 3.226797630028022 × 10^290 |
| 81 | ov_081 | 4.366461703192712 × 10^290 |
| 80 | ov_080 | 5.782516749491011 × 10^290 |
| 64 | lv_79_k31 | 6.005696026850246 × 10^290 |
| 79 | ov_079 | 7.51741518293836 × 10^290 |
| 78 | ov_078 | 9.616313690322668 × 10^290 |
| 77 | ov_077 | 1.2127100366237664 × 10^291 |
| 76 | ov_076 | 1.510043264209281 × 10^291 |
| 75 | ov_075 | 1.8589788970792644 × 10^291 |
| 74 | ov_074 | 2.2624085544029233 × 10^291 |
| 63 | ov_063 | 2.4758583780780063 × 10^291 |
| 73 | ov_073 | 2.7262669024407376 × 10^291 |
| 72 | ov_072 | 3.2567977512416656 × 10^291 |
| 71 | ov_071 | 3.857367354038806 × 10^291 |
| 70 | ov_070 | 4.531516923739722 × 10^291 |
| 69 | ov_069 | 5.282974017631765 × 10^291 |
| 68 | ov_068 | 6.115666069924209 × 10^291 |
| 67 | ov_067 | 7.033736317390408 × 10^291 |
| 66 | ov_066 | 7.033741674685302 × 10^291 |
| 65 | ov_065 | 7.033758548591887 × 10^291 |
| 62 | ov_062 | 1.0201480939192058 × 10^292 |
| 61 | ov_061 | 3.076223811451739 × 10^292 |
| 60 | ov_060 | 7.44778421944439 × 10^292 |
| 59 | ov_059 | 1.5433684340992446 × 10^293 |
| 58 | ov_058 | 2.842458898908778 × 10^293 |
| 57 | ov_057 | 4.781117389502257 × 10^293 |
| 56 | ov_056 | 7.498414924182712 × 10^293 |
| 55 | ov_055 | 1.1912070034249455 × 10^294 |
| 54 | ov_054 | 1.99966165632935 × 10^294 |
| 53 | ov_053 | 3.4004812769147315 × 10^294 |
| 52 | ov_052 | 5.64677217619895 × 10^294 |
| 51 | ov_051 | 9.019484067503305 × 10^294 |
| 50 | ov_050 | 1.382743217309394 × 10^295 |
| 49 | ov_049 | 2.0245959964402195 × 10^295 |
| 48 | ov_048 | 2.84644223787477 × 10^295 |
| 47 | ov_047 | 3.8686259228574426 × 10^295 |
| 32 | lv_80_k31 | 4.917589293452206 × 10^295 |
| 46 | ov_046 | 5.112910604160402 × 10^295 |
| 45 | ov_045 | 6.602495292903969 × 10^295 |
| 44 | ov_044 | 8.362036161318881 × 10^295 |
| 43 | ov_043 | 1.0417675028206358 × 10^296 |
| 42 | ov_042 | 1.2797075852285156 × 10^296 |
| 41 | ov_041 | 1.555713467609251 × 10^296 |
| 40 | ov_040 | 1.875794086022951 × 10^296 |
| 31 | ov_031 | 2.038636657715404 × 10^296 |
| 39 | ov_039 | 2.2462904000083013 × 10^296 |
| 38 | ov_038 | 2.673890821109684 × 10^296 |
| 37 | ov_037 | 3.1656497505084647 × 10^296 |
| 36 | ov_036 | 3.72900962003547 × 10^296 |
| 35 | ov_035 | 4.368005615448782 × 10^296 |
| 34 | ov_034 | 5.086903094746391 × 10^296 |
| 33 | ov_033 | 5.890216205258878 × 10^296 |
| 30 | ov_030 | 8.444985578082797 × 10^296 |
| 29 | ov_029 | 2.5583648497775868 × 10^297 |
| 28 | ov_028 | 6.220757229642869 × 10^297 |
| 27 | ov_027 | 1.2939523357736013 × 10^298 |
| 26 | ov_026 | 2.6959219033199096 × 10^298 |
| 25 | ov_025 | 5.795714998695853 × 10^298 |
| 24 | ov_024 | 1.1798704811047454 × 10^299 |
| 23 | ov_023 | 2.2147920192787907 × 10^299 |
| 22 | ov_022 | 3.852407370499478 × 10^299 |
| 21 | ov_021 | 6.284561374393556 × 10^299 |
| 20 | ov_020 | 9.726881124151988 × 10^299 |
| 19 | ov_019 | 1.4418789197506825 × 10^300 |
| 18 | ov_018 | 2.062352334004191 × 10^300 |
| 17 | ov_017 | 2.8628167885014713 × 10^300 |
| 16 | ov_016 | 3.874370797847378 × 10^300 |
| 15 | ov_015 | 5.130512274054882 × 10^300 |
| 14 | ov_014 | 6.667153649867952 × 10^300 |
| 13 | ov_013 | 8.522644945568174 × 10^300 |
| 12 | ov_012 | 1.073780697704259 × 10^301 |
| 11 | ov_011 | 1.335597662792852 × 10^301 |
| 10 | ov_010 | 1.6423065792222906 × 10^301 |
| 9 | ov_009 | 1.998763555875878 × 10^301 |
| 8 | ov_008 | 2.4100987322158887 × 10^301 |
| 7 | ov_007 | 2.8817272619180665 × 10^301 |
| 6 | ov_006 | 3.416582034339517 × 10^301 |
| 5 | ov_005 | 4.017756752445967 × 10^301 |
| 4 | ov_004 | 4.6885155075516853 × 10^301 |
| 3 | ov_003 | 5.43230387991418 × 10^301 |
| 2 | ov_002 | 6.252761805669502 × 10^301 |
| 1 | ov_001 | 7.153738463902415 × 10^301 |

