# Results for F001-F002-F003-F004-F005-F006-F007-F008-F009-F010-F011-F012-F013-F014-F015-F016-F017-F018-F019-F020-F021-F022-F023-F024-F025-F026-F027-F028-F029-F030-F031-F032-F033-F034-F035-F036-F037-F038-F039-F040-F041-F042-F043-F044-F045-F046-F047-F048-F049-F050-F051-F052-F053-F054-F055-F056-F057-F058-F059-F060-F061-F062-F063-F064-F065-F066-F067-F068-F069-F070-F071-F072-F073-F074-F075-F076-F077-F078-F079-F080-F081-F082-F083-F084-F085-F086-F087-F088-F089-F090-F091-F092-F093-F094-F095-F096-F097-F098-F099-F100-F101-F102-F103-F104-F105-F106-F107-F108-F109-F110-F111-F112-F113-F114-F115-F116-F117-F118-F119-F120-F121-F122-F123-F124-F125-F126-F127-F128-F129-F130-F131-F132-F133-F134-F135-F136-F137-F138-F139-F140-F141-F142-F143-F144-F145-F146-F147-F148-F149-F150-F151-F152-F153-F154-F155-F156-F157-F158-F159-F160-F161-F162-F163-F164-F165-F166-F167-F168-F169-F170-F171-F172-F173-F174-F175-F176-F177-F178-F179-F180-F181-F182-F183-F184-F185-F186-F187-F188-F189-F190-F191-F192-F193-F194-F195-F196-F197-F198-F199-F200-F201-F202-F203-F204-F205-F206-F207-F208-F209-F210-F211-F212-F213-F214-F215-F216-F217-F218-F219-F220-F221-F222-F223-F224-F225-F226-F227-F228-F229-F230-F231-F232-F233-F234-F235-F236-F237-F238-F239-F240-F241-F242-F243-F244-F245-F246-F247-F248-F249-F250-F251-F252-F253-F254-F255-F256-F257-F258-F259-F260-F261-F262-F263-F264-F265-F266-F267-F268-F269-F270-F271-F272-F273-F274-F275-F276-F277-F278-F279-F280-F281-F282-F283-F284-F285-F286-F287-F288-F289-F290-F291-F292-F293-F294-F295-F296-F297-F298-F299-F300-F301-F302-F303-F304-F305-F306-F307-F308-F309-F310-F311-F312-F313-F314-F315-F316-F317-F318-F319-F320-F321-F322-F323-F324-F325-F326-F327-F328-F329-F330-F331-F332-F333-F334-F335-F336-F337-F338-F339-F340-F341-F342-F343-F344-F345-F346-F347-F348-F349-F350-F351-F352-F353-F354-F355-F356-F357-F358-F359-F360-F361-F362-F363-F364-F365-F366-F367-F368-F369-F370-F371-F372-F373-F374-F375-F376-F377-F378-F379-F380-F381-F382-F383-F384-F385-F386-F387-F388-F389-F390-F391-F392-F393-F394-F395-F396-F397-F398-F399-F400-F401-F402-F403-F404-F405-F406-F407-F408-F409-F410-F411-F412-F413-F414-F415-F416-F417-F418-F419-F420-F421-F422-F423-F424-F425-F426-F427-F428-F429-F430-F431-F432-F433-F434-F435-F436-F437-F438-F439-F440-F441-F442-F443-F444-F445-F446-F447-F448-F449-F450-F451-F452-F453-F454-F455-F456-F457-F458-F459-F460-F461-F462-F463-F464-F465-F466-F467-F468-F469-F470-F471-F472-F473-F474-F475-F476-F477-F478-F479-F480-F481-F482-F483-F484-F485-F486-F487-F488-F489-F490-F491-F492-F493-F494-F495-F496-F497-F498-F499-F500-F501-F502-F503-F504-F505-T510-T512

## Summary

Number of input bits: 512  
Number of free input bits: 5  
Number of output bits: 160

Number of direct occurrences: 21315  
Number of assignments: 30414  
Number of operations: 11999402
(xor: 11967382,
and: 19260,
or: 12760)

Total complexity: 2.504730519721127 × 10^303

Least occurring input variable: iv_506 (4133)  
Most occurring input variable: iv_509 (4351)

Most co-occurring input variables: iv_508-iv_509 (2138)  
Least co-occurring input variables: iv_506-iv_508 (1954)

Potentially most occurring input variable: iv_509/iv_511 (4648)  
Potentially least occurring input variable: iv_506/iv_511 (4318)

Least output occurring input variable: iv_506 (74)  
Most output occurring input variable: iv_511 (83)

Most output co-occurring input variables: iv_506-iv_511 (46)  
Least output co-occurring input variables: iv_507-iv_509 (28)

Potentially most output occurring input variable: iv_507/iv_509 (98)  
Potentially least output occurring input variable: iv_506/iv_511 (65)

Least complex input bit: iv_511 (2.205311508803219 × 10^300)  
Most complex input bit: iv_509 (9.923846024286438 × 10^302)

Least complex output bit: aaa_76_29 (5.797164546667312 × 10^277)  
Most complex output bit: ov_001 (3.8833388348534474 × 10^302)

Least complex input/output complexity: iv_511/aaa_76_29 (5.104163339142298 × 10^274)  
Most complex input/output complexity: iv_509/ov_001 (1.5385949248347973 × 10^302)

Input variable with highest collision probability: iv_511 (½^160.0000000000007)

## Input Bits

### Input Bits in Regular Order

| Input Bit | Complexity | Occurrences | Output Occurrences | Collision Probability |
|:---------:|:----------:|:-----------:|:------------------:|:---------------------:|
| iv_506 | 2.5986847563086745 × 10^302 | 4133 | 74 | ½^160.00000000000074 |
| iv_507 | 4.894755655590192 × 10^302 | 4307 | 79 | ½^160.00000000000077 |
| iv_508 | 7.607965645937934 × 10^302 | 4307 | 76 | ½^160.0000000000008 |
| iv_509 | 9.923846024286438 × 10^302 | 4351 | 75 | ½^160.00000000000082 |
| iv_511 | 2.205311508803219 × 10^300 | 4217 | 83 | ½^160.0000000000007 |

### Input Bits Sorted by Complexity

| Input Bit | Complexity | Occurrences | Output Occurrences | Collision Probability |
|:---------:|:----------:|:-----------:|:------------------:|:---------------------:|
| iv_511 | 2.205311508803219 × 10^300 | 4217 | 83 | ½^160.0000000000007 |
| iv_506 | 2.5986847563086745 × 10^302 | 4133 | 74 | ½^160.00000000000074 |
| iv_507 | 4.894755655590192 × 10^302 | 4307 | 79 | ½^160.00000000000077 |
| iv_508 | 7.607965645937934 × 10^302 | 4307 | 76 | ½^160.0000000000008 |
| iv_509 | 9.923846024286438 × 10^302 | 4351 | 75 | ½^160.00000000000082 |

### Input Bits Sorted by Occurrences

| Input Bit | Complexity | Occurrences | Output Occurrences | Collision Probability |
|:---------:|:----------:|:-----------:|:------------------:|:---------------------:|
| iv_506 | 2.5986847563086745 × 10^302 | 4133 | 74 | ½^160.00000000000074 |
| iv_511 | 2.205311508803219 × 10^300 | 4217 | 83 | ½^160.0000000000007 |
| iv_508 | 7.607965645937934 × 10^302 | 4307 | 76 | ½^160.0000000000008 |
| iv_507 | 4.894755655590192 × 10^302 | 4307 | 79 | ½^160.00000000000077 |
| iv_509 | 9.923846024286438 × 10^302 | 4351 | 75 | ½^160.00000000000082 |

### Input Bits Sorted by Output Occurrences

| Input Bit | Complexity | Occurrences | Output Occurrences | Collision Probability |
|:---------:|:----------:|:-----------:|:------------------:|:---------------------:|
| iv_506 | 2.5986847563086745 × 10^302 | 4133 | 74 | ½^160.00000000000074 |
| iv_509 | 9.923846024286438 × 10^302 | 4351 | 75 | ½^160.00000000000082 |
| iv_508 | 7.607965645937934 × 10^302 | 4307 | 76 | ½^160.0000000000008 |
| iv_507 | 4.894755655590192 × 10^302 | 4307 | 79 | ½^160.00000000000077 |
| iv_511 | 2.205311508803219 × 10^300 | 4217 | 83 | ½^160.0000000000007 |

### Input Bits Sorted by Collision Probability

| Input Bit | Complexity | Occurrences | Output Occurrences | Collision Probability |
|:---------:|:----------:|:-----------:|:------------------:|:---------------------:|
| iv_511 | 2.205311508803219 × 10^300 | 4217 | 83 | ½^160.0000000000007 |
| iv_506 | 2.5986847563086745 × 10^302 | 4133 | 74 | ½^160.00000000000074 |
| iv_507 | 4.894755655590192 × 10^302 | 4307 | 79 | ½^160.00000000000077 |
| iv_508 | 7.607965645937934 × 10^302 | 4307 | 76 | ½^160.0000000000008 |
| iv_509 | 9.923846024286438 × 10^302 | 4351 | 75 | ½^160.00000000000082 |

## Input Bit/Output Bit Collision Probabilities

| Input Bit | Output Bit | Collision Probability |
|:---------:|:----------:|:---------------------:|
| iv_507 | ov_005 | 0.5000000000000018 |
| iv_507 | ov_022 | 0.5000000000000018 |
| iv_508 | ov_013 | 0.5000000000000018 |
| iv_507 | lv_79_k31 | 0.5000000000000017 |
| iv_507 | ov_018 | 0.5000000000000016 |

## Input Bit Co-occurrences

### Input Bit Co-occurrences Sorted by Co-occurrences

| Input Bits | Co-occurrences | Potential Occurrences | Output Co-occurrences | Potential Output Occurrences |
|:----------:|:--------------:|:---------------------:|:---------------------:|:----------------------------:|
| iv_508-iv_509 | 2138 | 4382 | 35 | 81 |
| iv_507-iv_508 | 2089 | 4436 | 40 | 75 |
| iv_507-iv_511 | 2047 | 4430 | 39 | 84 |
| iv_507-iv_509 | 2046 | 4566 | 28 | 98 |
| iv_506-iv_509 | 2043 | 4398 | 30 | 89 |

### Input Bit Co-occurrences Sorted by Potential Occurrences

| Input Bits | Co-occurrences | Potential Occurrences | Output Co-occurrences | Potential Output Occurrences |
|:----------:|:--------------:|:---------------------:|:---------------------:|:----------------------------:|
| iv_506-iv_511 | 2016 | 4318 | 46 | 65 |
| iv_508-iv_509 | 2138 | 4382 | 35 | 81 |
| iv_506-iv_509 | 2043 | 4398 | 30 | 89 |
| iv_507-iv_511 | 2047 | 4430 | 39 | 84 |
| iv_507-iv_508 | 2089 | 4436 | 40 | 75 |

### Input Bit Output Co-occurrences Sorted by Output Co-occurrences

| Input Bits | Co-occurrences | Potential Occurrences | Output Co-occurrences | Potential Output Occurrences |
|:----------:|:--------------:|:---------------------:|:---------------------:|:----------------------------:|
| iv_506-iv_511 | 2016 | 4318 | 46 | 65 |
| iv_508-iv_511 | 1961 | 4602 | 42 | 75 |
| iv_507-iv_508 | 2089 | 4436 | 40 | 75 |
| iv_509-iv_511 | 1960 | 4648 | 39 | 80 |
| iv_507-iv_511 | 2047 | 4430 | 39 | 84 |

### Input Bit Output Co-occurrences Sorted by Potential Output Occurrences

| Input Bits | Co-occurrences | Potential Occurrences | Output Co-occurrences | Potential Output Occurrences |
|:----------:|:--------------:|:---------------------:|:---------------------:|:----------------------------:|
| iv_506-iv_511 | 2016 | 4318 | 46 | 65 |
| iv_507-iv_508 | 2089 | 4436 | 40 | 75 |
| iv_508-iv_511 | 1961 | 4602 | 42 | 75 |
| iv_506-iv_507 | 1989 | 4462 | 38 | 77 |
| iv_509-iv_511 | 1960 | 4648 | 39 | 80 |

## Output Bits

### Output Bits in Regular Order

| Rank | Output Bit | Complexity |
|:----:|:----------:|:----------:|
| 1 | ov_001 | 3.8833388348534474 × 10^302 |
| 2 | ov_002 | 3.399099530302143 × 10^302 |
| 3 | ov_003 | 2.957830968012092 × 10^302 |
| 4 | ov_004 | 2.5574799504076587 × 10^302 |
| 5 | ov_005 | 2.1961063314147276 × 10^302 |
| 6 | ov_006 | 1.871874987548427 × 10^302 |
| 7 | ov_007 | 1.5830488156239756 × 10^302 |
| 8 | ov_008 | 1.3279826369201105 × 10^302 |
| 9 | ov_009 | 1.1051179104432024 × 10^302 |
| 10 | ov_010 | 9.11579831470583 × 10^301 |
| 11 | ov_011 | 7.446465383770187 × 10^301 |
| 12 | ov_012 | 6.017429681688933 × 10^301 |
| 13 | ov_013 | 4.804357315443088 × 10^301 |
| 14 | ov_014 | 3.7842891150624895 × 10^301 |
| 15 | ov_015 | 2.9356069568298644 × 10^301 |
| 16 | ov_016 | 2.2380075856909593 × 10^301 |
| 17 | ov_017 | 1.6724830805359662 × 10^301 |
| 18 | ov_018 | 1.2213069374902134 × 10^301 |
| 19 | ov_019 | 8.680245998809236 × 10^300 |
| 20 | ov_020 | 5.9744729635748075 × 10^300 |
| 21 | ov_021 | 3.956482162637064 × 10^300 |
| 22 | ov_022 | 2.499602678305995 × 10^300 |
| 23 | ov_023 | 1.4897481746477644 × 10^300 |
| 24 | ov_024 | 8.25409507044598 × 10^299 |
| 25 | ov_025 | 4.176501030100718 × 10^299 |
| 26 | ov_026 | 1.9010318527453294 × 10^299 |
| 27 | ov_027 | 7.8970277911581 × 10^298 |
| 28 | ov_028 | 3.3020511461192234 × 10^298 |
| 29 | ov_029 | 1.3590356804349797 × 10^298 |
| 30 | ov_030 | 4.4898683856934205 × 10^297 |
| 31 | ov_031 | 1.0849614776140449 × 10^297 |
| 32 | lv_80_k31 | 2.619991568719683 × 10^296 |
| 33 | ov_033 | 3.1789764599629235 × 10^297 |
| 34 | ov_034 | 2.7556341600548017 × 10^297 |
| 35 | ov_035 | 2.3761273756752445 × 10^297 |
| 36 | ov_036 | 2.0380354440738953 × 10^297 |
| 37 | ov_037 | 1.739071437157659 × 10^297 |
| 38 | ov_038 | 1.4770722802571088 × 10^297 |
| 39 | ov_039 | 1.2480502515598497 × 10^297 |
| 40 | ov_040 | 1.0482270444475064 × 10^297 |
| 41 | ov_041 | 8.740220411494389 × 10^296 |
| 42 | ov_042 | 7.220423795700345 × 10^296 |
| 43 | ov_043 | 5.906374314041866 × 10^296 |
| 44 | ov_044 | 4.76766203661681 × 10^296 |
| 45 | ov_045 | 3.7895052687911214 × 10^296 |
| 46 | ov_046 | 2.9579429660329364 × 10^296 |
| 47 | ov_047 | 2.25981372576274 × 10^296 |
| 48 | ov_048 | 1.6827390759591082 × 10^296 |
| 49 | ov_049 | 1.215110516440581 × 10^296 |
| 50 | ov_050 | 8.460798100794263 × 10^295 |
| 51 | ov_051 | 5.655519969714139 × 10^295 |
| 52 | ov_052 | 3.6418058025994973 × 10^295 |
| 53 | ov_053 | 2.255066327456528 × 10^295 |
| 54 | ov_054 | 1.3455700497305632 × 10^295 |
| 55 | ov_055 | 7.784272107305257 × 10^294 |
| 56 | ov_056 | 4.335814976081812 × 10^294 |
| 57 | ov_057 | 2.5471240540742978 × 10^294 |
| 58 | ov_058 | 1.5141907066108146 × 10^294 |
| 59 | ov_059 | 8.220744972744238 × 10^293 |
| 60 | ov_060 | 3.966539488228491 × 10^293 |
| 61 | ov_061 | 1.638081628383317 × 10^293 |
| 62 | ov_062 | 5.431323989481202 × 10^292 |
| 63 | ov_063 | 1.31788608530669 × 10^292 |
| 64 | lv_79_k31 | 3.1960839001473695 × 10^291 |
| 65 | ov_065 | 3.776173615347125 × 10^292 |
| 66 | ov_066 | 3.776164651708008 × 10^292 |
| 67 | ov_067 | 3.7761617930003946 × 10^292 |
| 68 | ov_068 | 3.2864766031953305 × 10^292 |
| 69 | ov_069 | 2.842491829035844 × 10^292 |
| 70 | ov_070 | 2.4420088417109513 × 10^292 |
| 71 | ov_071 | 2.0829479265940805 × 10^292 |
| 72 | ov_072 | 1.76333953652872 × 10^292 |
| 73 | ov_073 | 1.4813167274325598 × 10^292 |
| 74 | ov_074 | 1.2351086657263882 × 10^292 |
| 75 | ov_075 | 1.0214407820914628 × 10^292 |
| 76 | ov_076 | 8.372064794694801 × 10^291 |
| 77 | ov_077 | 6.794600525757238 × 10^291 |
| 78 | ov_078 | 5.454108953884229 × 10^291 |
| 79 | ov_079 | 4.324188346023951 × 10^291 |
| 80 | ov_080 | 3.379904368782051 × 10^291 |
| 81 | ov_081 | 2.597761474213763 × 10^291 |
| 82 | ov_082 | 1.95568127026318 × 10^291 |
| 83 | ov_083 | 1.4329866424697325 × 10^291 |
| 84 | ov_084 | 1.0196876906103607 × 10^291 |
| 85 | ov_085 | 6.978796270625511 × 10^290 |
| 86 | ov_086 | 4.589548664727132 × 10^290 |
| 87 | ov_087 | 2.877597785912817 × 10^290 |
| 88 | ov_088 | 1.7051240578581795 × 10^290 |
| 89 | ov_089 | 9.480086580513381 × 10^289 |
| 90 | ov_090 | 4.958223400835072 × 10^289 |
| 91 | ov_091 | 2.5181810997397463 × 10^289 |
| 92 | ov_092 | 1.3292682371893704 × 10^289 |
| 93 | ov_093 | 6.975478752521375 × 10^288 |
| 94 | ov_094 | 3.102387703016565 × 10^288 |
| 95 | aaa_78_28 | 9.897163857747449 × 10^287 |
| 96 | aaa_78_29 | 3.7051393884299246 × 10^287 |
| 97 | ov_097 | 3.357928964715646 × 10^287 |
| 98 | ov_098 | 3.3579131469653354 × 10^287 |
| 99 | ov_099 | 3.357908084129855 × 10^287 |
| 100 | ov_100 | 2.8956536844091255 × 10^287 |
| 101 | ov_101 | 2.483044398392487 × 10^287 |
| 102 | ov_102 | 2.1162415237561157 × 10^287 |
| 103 | ov_103 | 1.7916191347763185 × 10^287 |
| 104 | ov_104 | 1.5057483734241598 × 10^287 |
| 105 | ov_105 | 1.2553837337406594 × 10^287 |
| 106 | ov_106 | 1.0374511500473414 × 10^287 |
| 107 | ov_107 | 8.490377303501957 × 10^286 |
| 108 | ov_108 | 6.873830066511871 × 10^286 |
| 109 | ov_109 | 5.498715627332064 × 10^286 |
| 110 | ov_110 | 4.340268885378694 × 10^286 |
| 111 | ov_111 | 3.375063191387659 × 10^286 |
| 112 | ov_112 | 2.580969250078361 × 10^286 |
| 113 | ov_113 | 1.9371222882222357 × 10^286 |
| 114 | ov_114 | 1.4238963249924008 × 10^286 |
| 115 | ov_115 | 1.0228844650788343 × 10^286 |
| 116 | ov_116 | 7.168842181086481 × 10^285 |
| 117 | ov_117 | 4.898869306025275 × 10^285 |
| 118 | ov_118 | 3.270704991613105 × 10^285 |
| 119 | ov_119 | 2.1479461590265852 × 10^285 |
| 120 | ov_120 | 1.4059787941794534 × 10^285 |
| 121 | ov_121 | 9.319618673185438 × 10^284 |
| 122 | ov_122 | 6.248190394036743 × 10^284 |
| 123 | ov_123 | 3.952343249314654 × 10^284 |
| 124 | ov_124 | 2.3145125294331486 × 10^284 |
| 125 | ov_125 | 1.21714044509308 × 10^284 |
| 126 | ov_126 | 5.426720470636603 × 10^283 |
| 127 | aaa_77_28 | 1.7355329412860207 × 10^283 |
| 128 | aaa_77_29 | 6.518913856461919 × 10^282 |
| 129 | ov_129 | 6.003916154254925 × 10^282 |
| 130 | ov_130 | 6.003902038947765 × 10^282 |
| 131 | ov_131 | 6.003897498286714 × 10^282 |
| 132 | ov_132 | 5.226935230018337 × 10^282 |
| 133 | ov_133 | 4.5225760171244466 × 10^282 |
| 134 | ov_134 | 3.887403124353626 × 10^282 |
| 135 | ov_135 | 3.3181951894577554 × 10^282 |
| 136 | ov_136 | 2.8119116413863213 × 10^282 |
| 137 | ov_137 | 2.365679765326031 × 10^282 |
| 138 | ov_138 | 1.9742136113847406 × 10^282 |
| 139 | ov_139 | 1.6325117464597522 × 10^282 |
| 140 | ov_140 | 1.335841413762699 × 10^282 |
| 141 | ov_141 | 1.0797251654811206 × 10^282 |
| 142 | ov_142 | 8.61986582602748 × 10^281 |
| 143 | ov_143 | 6.786274796438716 × 10^281 |
| 144 | ov_144 | 5.258773451938761 × 10^281 |
| 145 | ov_145 | 4.001874319252038 × 10^281 |
| 146 | ov_146 | 2.9822610387030183 × 10^281 |
| 147 | ov_147 | 2.1687524126925153 × 10^281 |
| 148 | ov_148 | 1.5322754224219186 × 10^281 |
| 149 | ov_149 | 1.0458457730220909 × 10^281 |
| 150 | ov_150 | 6.845544731301875 × 10^280 |
| 151 | ov_151 | 4.255590114571879 × 10^280 |
| 152 | ov_152 | 2.4807786005717726 × 10^280 |
| 153 | ov_153 | 1.3338724918801856 × 10^280 |
| 154 | ov_154 | 6.481942186460342 × 10^279 |
| 155 | ov_155 | 2.0340030201386382 × 10^279 |
| 156 | aaa_76_25 | 9.656417180987025 × 10^278 |
| 157 | aaa_76_26 | 5.945545634645156 × 10^278 |
| 158 | aaa_76_27 | 3.261860805817233 × 10^278 |
| 159 | aaa_76_28 | 1.5383223369949657 × 10^278 |
| 160 | aaa_76_29 | 5.797164546667312 × 10^277 |

### Output Bits Sorted by Complexity

| Rank | Output Bit | Complexity |
|:----:|:----------:|:----------:|
| 160 | aaa_76_29 | 5.797164546667312 × 10^277 |
| 159 | aaa_76_28 | 1.5383223369949657 × 10^278 |
| 158 | aaa_76_27 | 3.261860805817233 × 10^278 |
| 157 | aaa_76_26 | 5.945545634645156 × 10^278 |
| 156 | aaa_76_25 | 9.656417180987025 × 10^278 |
| 155 | ov_155 | 2.0340030201386382 × 10^279 |
| 154 | ov_154 | 6.481942186460342 × 10^279 |
| 153 | ov_153 | 1.3338724918801856 × 10^280 |
| 152 | ov_152 | 2.4807786005717726 × 10^280 |
| 151 | ov_151 | 4.255590114571879 × 10^280 |
| 150 | ov_150 | 6.845544731301875 × 10^280 |
| 149 | ov_149 | 1.0458457730220909 × 10^281 |
| 148 | ov_148 | 1.5322754224219186 × 10^281 |
| 147 | ov_147 | 2.1687524126925153 × 10^281 |
| 146 | ov_146 | 2.9822610387030183 × 10^281 |
| 145 | ov_145 | 4.001874319252038 × 10^281 |
| 144 | ov_144 | 5.258773451938761 × 10^281 |
| 143 | ov_143 | 6.786274796438716 × 10^281 |
| 142 | ov_142 | 8.61986582602748 × 10^281 |
| 141 | ov_141 | 1.0797251654811206 × 10^282 |
| 140 | ov_140 | 1.335841413762699 × 10^282 |
| 139 | ov_139 | 1.6325117464597522 × 10^282 |
| 138 | ov_138 | 1.9742136113847406 × 10^282 |
| 137 | ov_137 | 2.365679765326031 × 10^282 |
| 136 | ov_136 | 2.8119116413863213 × 10^282 |
| 135 | ov_135 | 3.3181951894577554 × 10^282 |
| 134 | ov_134 | 3.887403124353626 × 10^282 |
| 133 | ov_133 | 4.5225760171244466 × 10^282 |
| 132 | ov_132 | 5.226935230018337 × 10^282 |
| 131 | ov_131 | 6.003897498286714 × 10^282 |
| 130 | ov_130 | 6.003902038947765 × 10^282 |
| 129 | ov_129 | 6.003916154254925 × 10^282 |
| 128 | aaa_77_29 | 6.518913856461919 × 10^282 |
| 127 | aaa_77_28 | 1.7355329412860207 × 10^283 |
| 126 | ov_126 | 5.426720470636603 × 10^283 |
| 125 | ov_125 | 1.21714044509308 × 10^284 |
| 124 | ov_124 | 2.3145125294331486 × 10^284 |
| 123 | ov_123 | 3.952343249314654 × 10^284 |
| 122 | ov_122 | 6.248190394036743 × 10^284 |
| 121 | ov_121 | 9.319618673185438 × 10^284 |
| 120 | ov_120 | 1.4059787941794534 × 10^285 |
| 119 | ov_119 | 2.1479461590265852 × 10^285 |
| 118 | ov_118 | 3.270704991613105 × 10^285 |
| 117 | ov_117 | 4.898869306025275 × 10^285 |
| 116 | ov_116 | 7.168842181086481 × 10^285 |
| 115 | ov_115 | 1.0228844650788343 × 10^286 |
| 114 | ov_114 | 1.4238963249924008 × 10^286 |
| 113 | ov_113 | 1.9371222882222357 × 10^286 |
| 112 | ov_112 | 2.580969250078361 × 10^286 |
| 111 | ov_111 | 3.375063191387659 × 10^286 |
| 110 | ov_110 | 4.340268885378694 × 10^286 |
| 109 | ov_109 | 5.498715627332064 × 10^286 |
| 108 | ov_108 | 6.873830066511871 × 10^286 |
| 107 | ov_107 | 8.490377303501957 × 10^286 |
| 106 | ov_106 | 1.0374511500473414 × 10^287 |
| 105 | ov_105 | 1.2553837337406594 × 10^287 |
| 104 | ov_104 | 1.5057483734241598 × 10^287 |
| 103 | ov_103 | 1.7916191347763185 × 10^287 |
| 102 | ov_102 | 2.1162415237561157 × 10^287 |
| 101 | ov_101 | 2.483044398392487 × 10^287 |
| 100 | ov_100 | 2.8956536844091255 × 10^287 |
| 99 | ov_099 | 3.357908084129855 × 10^287 |
| 98 | ov_098 | 3.3579131469653354 × 10^287 |
| 97 | ov_097 | 3.357928964715646 × 10^287 |
| 96 | aaa_78_29 | 3.7051393884299246 × 10^287 |
| 95 | aaa_78_28 | 9.897163857747449 × 10^287 |
| 94 | ov_094 | 3.102387703016565 × 10^288 |
| 93 | ov_093 | 6.975478752521375 × 10^288 |
| 92 | ov_092 | 1.3292682371893704 × 10^289 |
| 91 | ov_091 | 2.5181810997397463 × 10^289 |
| 90 | ov_090 | 4.958223400835072 × 10^289 |
| 89 | ov_089 | 9.480086580513381 × 10^289 |
| 88 | ov_088 | 1.7051240578581795 × 10^290 |
| 87 | ov_087 | 2.877597785912817 × 10^290 |
| 86 | ov_086 | 4.589548664727132 × 10^290 |
| 85 | ov_085 | 6.978796270625511 × 10^290 |
| 84 | ov_084 | 1.0196876906103607 × 10^291 |
| 83 | ov_083 | 1.4329866424697325 × 10^291 |
| 82 | ov_082 | 1.95568127026318 × 10^291 |
| 81 | ov_081 | 2.597761474213763 × 10^291 |
| 64 | lv_79_k31 | 3.1960839001473695 × 10^291 |
| 80 | ov_080 | 3.379904368782051 × 10^291 |
| 79 | ov_079 | 4.324188346023951 × 10^291 |
| 78 | ov_078 | 5.454108953884229 × 10^291 |
| 77 | ov_077 | 6.794600525757238 × 10^291 |
| 76 | ov_076 | 8.372064794694801 × 10^291 |
| 75 | ov_075 | 1.0214407820914628 × 10^292 |
| 74 | ov_074 | 1.2351086657263882 × 10^292 |
| 63 | ov_063 | 1.31788608530669 × 10^292 |
| 73 | ov_073 | 1.4813167274325598 × 10^292 |
| 72 | ov_072 | 1.76333953652872 × 10^292 |
| 71 | ov_071 | 2.0829479265940805 × 10^292 |
| 70 | ov_070 | 2.4420088417109513 × 10^292 |
| 69 | ov_069 | 2.842491829035844 × 10^292 |
| 68 | ov_068 | 3.2864766031953305 × 10^292 |
| 67 | ov_067 | 3.7761617930003946 × 10^292 |
| 66 | ov_066 | 3.776164651708008 × 10^292 |
| 65 | ov_065 | 3.776173615347125 × 10^292 |
| 62 | ov_062 | 5.431323989481202 × 10^292 |
| 61 | ov_061 | 1.638081628383317 × 10^293 |
| 60 | ov_060 | 3.966539488228491 × 10^293 |
| 59 | ov_059 | 8.220744972744238 × 10^293 |
| 58 | ov_058 | 1.5141907066108146 × 10^294 |
| 57 | ov_057 | 2.5471240540742978 × 10^294 |
| 56 | ov_056 | 4.335814976081812 × 10^294 |
| 55 | ov_055 | 7.784272107305257 × 10^294 |
| 54 | ov_054 | 1.3455700497305632 × 10^295 |
| 53 | ov_053 | 2.255066327456528 × 10^295 |
| 52 | ov_052 | 3.6418058025994973 × 10^295 |
| 51 | ov_051 | 5.655519969714139 × 10^295 |
| 50 | ov_050 | 8.460798100794263 × 10^295 |
| 49 | ov_049 | 1.215110516440581 × 10^296 |
| 48 | ov_048 | 1.6827390759591082 × 10^296 |
| 47 | ov_047 | 2.25981372576274 × 10^296 |
| 32 | lv_80_k31 | 2.619991568719683 × 10^296 |
| 46 | ov_046 | 2.9579429660329364 × 10^296 |
| 45 | ov_045 | 3.7895052687911214 × 10^296 |
| 44 | ov_044 | 4.76766203661681 × 10^296 |
| 43 | ov_043 | 5.906374314041866 × 10^296 |
| 42 | ov_042 | 7.220423795700345 × 10^296 |
| 41 | ov_041 | 8.740220411494389 × 10^296 |
| 40 | ov_040 | 1.0482270444475064 × 10^297 |
| 31 | ov_031 | 1.0849614776140449 × 10^297 |
| 39 | ov_039 | 1.2480502515598497 × 10^297 |
| 38 | ov_038 | 1.4770722802571088 × 10^297 |
| 37 | ov_037 | 1.739071437157659 × 10^297 |
| 36 | ov_036 | 2.0380354440738953 × 10^297 |
| 35 | ov_035 | 2.3761273756752445 × 10^297 |
| 34 | ov_034 | 2.7556341600548017 × 10^297 |
| 33 | ov_033 | 3.1789764599629235 × 10^297 |
| 30 | ov_030 | 4.4898683856934205 × 10^297 |
| 29 | ov_029 | 1.3590356804349797 × 10^298 |
| 28 | ov_028 | 3.3020511461192234 × 10^298 |
| 27 | ov_027 | 7.8970277911581 × 10^298 |
| 26 | ov_026 | 1.9010318527453294 × 10^299 |
| 25 | ov_025 | 4.176501030100718 × 10^299 |
| 24 | ov_024 | 8.25409507044598 × 10^299 |
| 23 | ov_023 | 1.4897481746477644 × 10^300 |
| 22 | ov_022 | 2.499602678305995 × 10^300 |
| 21 | ov_021 | 3.956482162637064 × 10^300 |
| 20 | ov_020 | 5.9744729635748075 × 10^300 |
| 19 | ov_019 | 8.680245998809236 × 10^300 |
| 18 | ov_018 | 1.2213069374902134 × 10^301 |
| 17 | ov_017 | 1.6724830805359662 × 10^301 |
| 16 | ov_016 | 2.2380075856909593 × 10^301 |
| 15 | ov_015 | 2.9356069568298644 × 10^301 |
| 14 | ov_014 | 3.7842891150624895 × 10^301 |
| 13 | ov_013 | 4.804357315443088 × 10^301 |
| 12 | ov_012 | 6.017429681688933 × 10^301 |
| 11 | ov_011 | 7.446465383770187 × 10^301 |
| 10 | ov_010 | 9.11579831470583 × 10^301 |
| 9 | ov_009 | 1.1051179104432024 × 10^302 |
| 8 | ov_008 | 1.3279826369201105 × 10^302 |
| 7 | ov_007 | 1.5830488156239756 × 10^302 |
| 6 | ov_006 | 1.871874987548427 × 10^302 |
| 5 | ov_005 | 2.1961063314147276 × 10^302 |
| 4 | ov_004 | 2.5574799504076587 × 10^302 |
| 3 | ov_003 | 2.957830968012092 × 10^302 |
| 2 | ov_002 | 3.399099530302143 × 10^302 |
| 1 | ov_001 | 3.8833388348534474 × 10^302 |

