# Results for F001-F002-F003-F004-F005-F006-F007-F008-F009-F010-F011-F012-F013-F014-F015-F016-F017-F018-F019-F020-F021-F022-F023-F024-F025-F026-F027-F028-F029-F030-F031-F032-F033-F034-F035-F036-F037-F038-F039-F040-F041-F042-F043-F044-F045-F046-F047-F048-F049-F050-F051-F052-F053-F054-F055-F056-F057-F058-F059-F060-F061-F062-F063-F064-F065-F066-F067-F068-F069-F070-F071-F072-F073-F074-F075-F076-F077-F078-F079-F080-F081-F082-F083-F084-F085-F086-F087-F088-F089-F090-F091-F092-F093-F094-F095-F096-F097-F098-F099-F100-F101-F102-F103-F104-F105-F106-F107-F108-F109-F110-F111-F112-F113-F114-F115-F116-F117-F118-F119-F120-F121-F122-F123-F124-F125-F126-F127-F128-F129-F130-F131-F132-F133-F134-F135-F136-F137-F138-F139-F140-F141-F142-F143-F144-F145-F146-F147-F148-F149-F150-F151-F152-F153-F154-F155-F156-F157-F158-F159-F160-F161-F162-F163-F164-F165-F166-F167-F168-F169-F170-F171-F172-F173-F174-F175-F176-F177-F178-F179-F180-F181-F182-F183-F184-F185-F186-F187-F188-F189-F190-F191-F192-F193-F194-F195-F196-F197-F198-F199-F200-F201-F202-F203-F204-F205-F206-F207-F208-F209-F210-F211-F212-F213-F214-F215-F216-F217-F218-F219-F220-F221-F222-F223-F224-F225-F226-F227-F228-F229-F230-F231-F232-F233-F234-F235-F236-F237-F238-F239-F240-F241-F242-F243-F244-F245-F246-F247-F248-F249-F250-F251-F252-F253-F254-F255-F256-F257-F258-F259-F260-F261-F262-F263-F264-F265-F266-F267-F268-F269-F270-F271-F272-F273-F274-F275-F276-F277-F278-F279-F280-F281-F282-F283-F284-F285-F286-F287-F288-F289-F290-F291-F292-F293-F294-F295-F296-F297-F298-F299-F300-F301-F302-F303-F304-F305-F306-F307-F308-F309-F310-F311-F312-F313-F314-F315-F316-F317-F318-F319-F320-F321-F322-F323-F324-F325-F326-F327-F328-F329-F330-F331-F332-F333-F334-F335-F336-F337-F338-F339-F340-F341-F342-F343-F344-F345-F346-F347-F348-F349-F350-F351-F352-F353-F354-F355-F356-F357-F358-F359-F360-F361-F362-F363-F364-F365-F366-F367-F368-F369-F370-F371-F372-F373-F374-F375-F376-F377-F378-F379-F380-F381-F382-F383-F384-F385-F386-F387-F388-F389-F390-F391-F392-F393-F394-F395-F396-F397-F398-F399-F400-F401-F402-F403-F404-F405-F406-F407-F408-F409-F410-F411-F412-F413-F414-F415-F416-F417-F418-F419-F420-F421-F422-F423-F424-F425-F426-F427-F428-F429-F430-F431-F432-F433-F434-F435-F436-F437-F438-F439-F440-F441-F442-F443-F444-F445-F446-F447-F448-F449-F450-F451-F452-F453-F454-F455-F456-F457-F458-F459-F460-F461-F462-F463-F464-F465-F466-F467-F468-F469-F470-F471-F472-F473-F474-F475-F476-F477-F478-F479-F480-F481-F482-F483-F484-F485-F486-F487-F488-F489-F490-F491-F492-F493-F494-F495-F496-F497-F498-F499-F500-F501-F502-F503-F504-F505-E506507-F512

## Summary

Number of input bits: 512  
Number of free input bits: 5  
Number of output bits: 160

Number of direct occurrences: 20607  
Number of assignments: 29955  
Number of operations: 10688260
(xor: 10657826,
and: 17800,
or: 12634)

Total complexity: 1.7639325600306636 × 10^295

Least occurring input variable: iv_511 (4053)  
Most occurring input variable: iv_509 (4213)

Most co-occurring input variables: iv_508-iv_510 (2042)  
Least co-occurring input variables: iv_506-iv_508 (1769)

Potentially most occurring input variable: iv_506/iv_508 (4659)  
Potentially least occurring input variable: iv_508/iv_510 (4176)

Least output occurring input variable: iv_510 (73)  
Most output occurring input variable: iv_508 (86)

Most output co-occurring input variables: iv_508-iv_511 (42)  
Least output co-occurring input variables: iv_506-iv_511 (29)

Potentially most output occurring input variable: iv_506/iv_511 (92)  
Potentially least output occurring input variable: iv_506/iv_510 (67)

Least complex input bit: iv_511 (1.371153564154818 × 10^291)  
Most complex input bit: iv_510 (5.904201094546407 × 10^294)

Least complex output bit: aaa_76_29 (3.570024928908664 × 10^270)  
Most complex output bit: ov_001 (2.7503335402594736 × 10^294)

Least complex input/output complexity: iv_511/aaa_76_29 (2.775079113744327 × 10^266)  
Most complex input/output complexity: iv_510/ov_001 (9.205863459136656 × 10^293)

Input variable with highest collision probability: iv_506 (½^160.00000000000068)

## Input Bits

### Input Bits in Regular Order

| Input Bit | Complexity | Occurrences | Output Occurrences | Collision Probability |
|:---------:|:----------:|:-----------:|:------------------:|:---------------------:|
| iv_506 | 2.6978470417254748 × 10^294 | 4081 | 76 | ½^160.00000000000068 |
| iv_508 | 3.565692824992407 × 10^294 | 4116 | 86 | ½^160.00000000000085 |
| iv_509 | 5.4702134854782157 × 10^294 | 4213 | 80 | ½^160.00000000000074 |
| iv_510 | 5.904201094546407 × 10^294 | 4144 | 73 | ½^160.00000000000077 |
| iv_511 | 1.371153564154818 × 10^291 | 4053 | 74 | ½^160.0000000000009 |

### Input Bits Sorted by Complexity

| Input Bit | Complexity | Occurrences | Output Occurrences | Collision Probability |
|:---------:|:----------:|:-----------:|:------------------:|:---------------------:|
| iv_511 | 1.371153564154818 × 10^291 | 4053 | 74 | ½^160.0000000000009 |
| iv_506 | 2.6978470417254748 × 10^294 | 4081 | 76 | ½^160.00000000000068 |
| iv_508 | 3.565692824992407 × 10^294 | 4116 | 86 | ½^160.00000000000085 |
| iv_509 | 5.4702134854782157 × 10^294 | 4213 | 80 | ½^160.00000000000074 |
| iv_510 | 5.904201094546407 × 10^294 | 4144 | 73 | ½^160.00000000000077 |

### Input Bits Sorted by Occurrences

| Input Bit | Complexity | Occurrences | Output Occurrences | Collision Probability |
|:---------:|:----------:|:-----------:|:------------------:|:---------------------:|
| iv_511 | 1.371153564154818 × 10^291 | 4053 | 74 | ½^160.0000000000009 |
| iv_506 | 2.6978470417254748 × 10^294 | 4081 | 76 | ½^160.00000000000068 |
| iv_508 | 3.565692824992407 × 10^294 | 4116 | 86 | ½^160.00000000000085 |
| iv_510 | 5.904201094546407 × 10^294 | 4144 | 73 | ½^160.00000000000077 |
| iv_509 | 5.4702134854782157 × 10^294 | 4213 | 80 | ½^160.00000000000074 |

### Input Bits Sorted by Output Occurrences

| Input Bit | Complexity | Occurrences | Output Occurrences | Collision Probability |
|:---------:|:----------:|:-----------:|:------------------:|:---------------------:|
| iv_510 | 5.904201094546407 × 10^294 | 4144 | 73 | ½^160.00000000000077 |
| iv_511 | 1.371153564154818 × 10^291 | 4053 | 74 | ½^160.0000000000009 |
| iv_506 | 2.6978470417254748 × 10^294 | 4081 | 76 | ½^160.00000000000068 |
| iv_509 | 5.4702134854782157 × 10^294 | 4213 | 80 | ½^160.00000000000074 |
| iv_508 | 3.565692824992407 × 10^294 | 4116 | 86 | ½^160.00000000000085 |

### Input Bits Sorted by Collision Probability

| Input Bit | Complexity | Occurrences | Output Occurrences | Collision Probability |
|:---------:|:----------:|:-----------:|:------------------:|:---------------------:|
| iv_506 | 2.6978470417254748 × 10^294 | 4081 | 76 | ½^160.00000000000068 |
| iv_509 | 5.4702134854782157 × 10^294 | 4213 | 80 | ½^160.00000000000074 |
| iv_510 | 5.904201094546407 × 10^294 | 4144 | 73 | ½^160.00000000000077 |
| iv_508 | 3.565692824992407 × 10^294 | 4116 | 86 | ½^160.00000000000085 |
| iv_511 | 1.371153564154818 × 10^291 | 4053 | 74 | ½^160.0000000000009 |

## Input Bit/Output Bit Collision Probabilities

| Input Bit | Output Bit | Collision Probability |
|:---------:|:----------:|:---------------------:|
| iv_506 | ov_105 | 0.500000000000002 |
| iv_510 | ov_039 | 0.5000000000000019 |
| iv_506 | ov_071 | 0.5000000000000018 |
| iv_511 | ov_052 | 0.5000000000000018 |
| iv_506 | ov_036 | 0.5000000000000016 |

## Input Bit Co-occurrences

### Input Bit Co-occurrences Sorted by Co-occurrences

| Input Bits | Co-occurrences | Potential Occurrences | Output Co-occurrences | Potential Output Occurrences |
|:----------:|:--------------:|:---------------------:|:---------------------:|:----------------------------:|
| iv_508-iv_510 | 2042 | 4176 | 39 | 81 |
| iv_509-iv_510 | 2030 | 4297 | 34 | 85 |
| iv_508-iv_509 | 2025 | 4279 | 41 | 84 |
| iv_508-iv_511 | 1919 | 4331 | 42 | 76 |
| iv_509-iv_511 | 1916 | 4434 | 37 | 80 |

### Input Bit Co-occurrences Sorted by Potential Occurrences

| Input Bits | Co-occurrences | Potential Occurrences | Output Co-occurrences | Potential Output Occurrences |
|:----------:|:--------------:|:---------------------:|:---------------------:|:----------------------------:|
| iv_508-iv_510 | 2042 | 4176 | 39 | 81 |
| iv_508-iv_509 | 2025 | 4279 | 41 | 84 |
| iv_509-iv_510 | 2030 | 4297 | 34 | 85 |
| iv_508-iv_511 | 1919 | 4331 | 42 | 76 |
| iv_510-iv_511 | 1899 | 4399 | 38 | 71 |

### Input Bit Output Co-occurrences Sorted by Output Co-occurrences

| Input Bits | Co-occurrences | Potential Occurrences | Output Co-occurrences | Potential Output Occurrences |
|:----------:|:--------------:|:---------------------:|:---------------------:|:----------------------------:|
| iv_508-iv_511 | 1919 | 4331 | 42 | 76 |
| iv_508-iv_509 | 2025 | 4279 | 41 | 84 |
| iv_506-iv_510 | 1859 | 4507 | 41 | 67 |
| iv_506-iv_508 | 1769 | 4659 | 40 | 82 |
| iv_508-iv_510 | 2042 | 4176 | 39 | 81 |

### Input Bit Output Co-occurrences Sorted by Potential Output Occurrences

| Input Bits | Co-occurrences | Potential Occurrences | Output Co-occurrences | Potential Output Occurrences |
|:----------:|:--------------:|:---------------------:|:---------------------:|:----------------------------:|
| iv_506-iv_510 | 1859 | 4507 | 41 | 67 |
| iv_510-iv_511 | 1899 | 4399 | 38 | 71 |
| iv_508-iv_511 | 1919 | 4331 | 42 | 76 |
| iv_509-iv_511 | 1916 | 4434 | 37 | 80 |
| iv_508-iv_510 | 2042 | 4176 | 39 | 81 |

## Output Bits

### Output Bits in Regular Order

| Rank | Output Bit | Complexity |
|:----:|:----------:|:----------:|
| 1 | ov_001 | 2.7503335402594736 × 10^294 |
| 2 | ov_002 | 2.407311548423729 × 10^294 |
| 3 | ov_003 | 2.094667854704038 × 10^294 |
| 4 | ov_004 | 1.810903765503882 × 10^294 |
| 5 | ov_005 | 1.554602064306964 × 10^294 |
| 6 | ov_006 | 1.3244212136524154 × 10^294 |
| 7 | ov_007 | 1.1190903437660547 × 10^294 |
| 8 | ov_008 | 9.374049291052096 × 10^293 |
| 9 | ov_009 | 7.782230592106562 × 10^293 |
| 10 | ov_010 | 6.394363671048047 × 10^293 |
| 11 | ov_011 | 5.200189945002039 × 10^293 |
| 12 | ov_012 | 4.180802381385133 × 10^293 |
| 13 | ov_013 | 3.318325396502035 × 10^293 |
| 14 | ov_014 | 2.595885966489055 × 10^293 |
| 15 | ov_015 | 1.9975906747537676 × 10^293 |
| 16 | ov_016 | 1.5085080836870953 × 10^293 |
| 17 | ov_017 | 1.1146558048279411 × 10^293 |
| 18 | ov_018 | 8.029915184420113 × 10^292 |
| 19 | ov_019 | 5.614070864254224 × 10^292 |
| 20 | ov_020 | 3.7872492646304106 × 10^292 |
| 21 | ov_021 | 2.446959021972506 × 10^292 |
| 22 | ov_022 | 1.4999810126142656 × 10^292 |
| 23 | ov_023 | 8.623607018781676 × 10^291 |
| 24 | ov_024 | 4.5940300426775656 × 10^291 |
| 25 | ov_025 | 2.2566891790472218 × 10^291 |
| 26 | ov_026 | 1.0497350303193862 × 10^291 |
| 27 | ov_027 | 5.038479570772066 × 10^290 |
| 28 | ov_028 | 2.4223303118848337 × 10^290 |
| 29 | ov_029 | 9.962360032240308 × 10^289 |
| 30 | ov_030 | 3.288578288889563 × 10^289 |
| 31 | ov_031 | 7.938880602103082 × 10^288 |
| 32 | lv_80_k31 | 1.9150570720064002 × 10^288 |
| 33 | ov_033 | 2.29362883210473 × 10^289 |
| 34 | ov_034 | 1.980913121197532 × 10^289 |
| 35 | ov_035 | 1.7010285295531582 × 10^289 |
| 36 | ov_036 | 1.4522272373177189 × 10^289 |
| 37 | ov_037 | 1.2328562987765266 × 10^289 |
| 38 | ov_038 | 1.0413505915529022 × 10^289 |
| 39 | ov_039 | 8.74819921885441 × 10^288 |
| 40 | ov_040 | 7.30522793060305 × 10^288 |
| 41 | ov_041 | 6.058582874880152 × 10^288 |
| 42 | ov_042 | 4.983592686924121 × 10^288 |
| 43 | ov_043 | 4.056867464972745 × 10^288 |
| 44 | ov_044 | 3.256252586839319 × 10^288 |
| 45 | ov_045 | 2.570974379365545 × 10^288 |
| 46 | ov_046 | 1.9908497829796558 × 10^288 |
| 47 | ov_047 | 1.5062731381849333 × 10^288 |
| 48 | ov_048 | 1.108205848137766 × 10^288 |
| 49 | ov_049 | 7.88168445954245 × 10^287 |
| 50 | ov_050 | 5.382346958218051 × 10^287 |
| 51 | ov_051 | 3.510273882012761 × 10^287 |
| 52 | ov_052 | 2.1971552007831175 × 10^287 |
| 53 | ov_053 | 1.3226944343248092 × 10^287 |
| 54 | ov_054 | 7.774585740143264 × 10^286 |
| 55 | ov_055 | 4.628694976587565 × 10^286 |
| 56 | ov_056 | 2.9119891812162956 × 10^286 |
| 57 | ov_057 | 1.855652127128719 × 10^286 |
| 58 | ov_058 | 1.102389305374138 × 10^286 |
| 59 | ov_059 | 5.979838810597513 × 10^285 |
| 60 | ov_060 | 2.882204402192482 × 10^285 |
| 61 | ov_061 | 1.1888402681021943 × 10^285 |
| 62 | ov_062 | 3.936791665793816 × 10^284 |
| 63 | ov_063 | 9.538734668292342 × 10^283 |
| 64 | lv_79_k31 | 2.3098842857056365 × 10^283 |
| 65 | ov_065 | 2.683135878204464 × 10^284 |
| 66 | ov_066 | 2.683128775736141 × 10^284 |
| 67 | ov_067 | 2.6831264738097344 × 10^284 |
| 68 | ov_068 | 2.322315165807077 × 10^284 |
| 69 | ov_069 | 1.9966052743311742 × 10^284 |
| 70 | ov_070 | 1.7041585551071765 × 10^284 |
| 71 | ov_071 | 1.4432503748710914 × 10^284 |
| 72 | ov_072 | 1.212261945993639 × 10^284 |
| 73 | ov_073 | 1.0096732325553214 × 10^284 |
| 74 | ov_074 | 8.340564930143631 × 10^283 |
| 75 | ov_075 | 6.8281028156983575 × 10^283 |
| 76 | ov_076 | 5.53490722397855 × 10^283 |
| 77 | ov_077 | 4.4380253095432005 × 10^283 |
| 78 | ov_078 | 3.5159102302098744 × 10^283 |
| 79 | ov_079 | 2.7483505182782246 × 10^283 |
| 80 | ov_080 | 2.1164081432829796 × 10^283 |
| 81 | ov_081 | 1.6023646823872718 × 10^283 |
| 82 | ov_082 | 1.1896750182078922 × 10^283 |
| 83 | ov_083 | 8.629279862700676 × 10^282 |
| 84 | ov_084 | 6.078133957692013 × 10^282 |
| 85 | ov_085 | 4.110948481756759 × 10^282 |
| 86 | ov_086 | 2.664195390106358 × 10^282 |
| 87 | ov_087 | 1.626374268754237 × 10^282 |
| 88 | ov_088 | 9.443023067738414 × 10^281 |
| 89 | ov_089 | 5.26807449294718 × 10^281 |
| 90 | ov_090 | 2.9276500828524917 × 10^281 |
| 91 | ov_091 | 1.7105304316808207 × 10^281 |
| 92 | ov_092 | 1.0052555230245393 × 10^281 |
| 93 | ov_093 | 5.3101105232196915 × 10^280 |
| 94 | ov_094 | 2.38032592351009 × 10^280 |
| 95 | aaa_78_28 | 7.656190627136319 × 10^279 |
| 96 | aaa_78_29 | 2.9010872315004186 × 10^279 |
| 97 | ov_097 | 3.1617890445309075 × 10^279 |
| 98 | ov_098 | 3.1616930285154697 × 10^279 |
| 99 | ov_099 | 3.161662336452351 × 10^279 |
| 100 | ov_100 | 2.845895614387777 × 10^279 |
| 101 | ov_101 | 2.5533350155664063 × 10^279 |
| 102 | ov_102 | 2.282711385645671 × 10^279 |
| 103 | ov_103 | 2.032849835385939 × 10^279 |
| 104 | ov_104 | 1.802657194474931 × 10^279 |
| 105 | ov_105 | 1.5911106279716733 × 10^279 |
| 106 | ov_106 | 1.3972473527571753 × 10^279 |
| 107 | ov_107 | 1.2201553941317138 × 10^279 |
| 108 | ov_108 | 1.0589653249541912 × 10^279 |
| 109 | ov_109 | 9.128429315394325 × 10^278 |
| 110 | ov_110 | 7.809827519732501 × 10^278 |
| 111 | ov_111 | 6.626024336274747 × 10^278 |
| 112 | ov_112 | 5.569378575085704 × 10^278 |
| 113 | ov_113 | 4.632389777006483 × 10^278 |
| 114 | ov_114 | 3.8076632461031764 × 10^278 |
| 115 | ov_115 | 3.0878812102439956 × 10^278 |
| 116 | ov_116 | 2.4657796018453975 × 10^278 |
| 117 | ov_117 | 1.93412995198015 × 10^278 |
| 118 | ov_118 | 1.4857258916887466 × 10^278 |
| 119 | ov_119 | 1.1133737546796326 × 10^278 |
| 120 | ov_120 | 8.098867757872535 × 10^277 |
| 121 | ov_121 | 5.680820881616054 × 10^277 |
| 122 | ov_122 | 3.8077926558250954 × 10^277 |
| 123 | ov_123 | 2.4079940903369456 × 10^277 |
| 124 | ov_124 | 1.409644819135167 × 10^277 |
| 125 | ov_125 | 7.409687364389771 × 10^276 |
| 126 | ov_126 | 3.301914850720332 × 10^276 |
| 127 | aaa_77_28 | 1.0553926698018969 × 10^276 |
| 128 | aaa_77_29 | 3.9607005837184095 × 10^275 |
| 129 | ov_129 | 3.5863056789364846 × 10^275 |
| 130 | ov_130 | 3.586296984850241 × 10^275 |
| 131 | ov_131 | 3.5862941874554416 × 10^275 |
| 132 | ov_132 | 3.1101369024322368 × 10^275 |
| 133 | ov_133 | 2.679315059085246 × 10^275 |
| 134 | ov_134 | 2.291732722746126 × 10^275 |
| 135 | ov_135 | 1.9454138308170315 × 10^275 |
| 136 | ov_136 | 1.6384931996065177 × 10^275 |
| 137 | ov_137 | 1.3692085434186476 × 10^275 |
| 138 | ov_138 | 1.1343167729393488 × 10^275 |
| 139 | ov_139 | 9.307489960726445 × 10^274 |
| 140 | ov_140 | 7.55600743694997 × 10^274 |
| 141 | ov_141 | 6.061237278039629 × 10^274 |
| 142 | ov_142 | 4.797189990532391 × 10^274 |
| 143 | ov_143 | 3.7393134712053787 × 10^274 |
| 144 | ov_144 | 2.8644478658527395 × 10^274 |
| 145 | ov_145 | 2.150789812433304 × 10^274 |
| 146 | ov_146 | 1.5778646996038586 × 10^274 |
| 147 | ov_147 | 1.1265056729057377 × 10^274 |
| 148 | ov_148 | 7.788382218256029 × 10^273 |
| 149 | ov_149 | 5.18269281726973 × 10^273 |
| 150 | ov_150 | 3.294798853204726 × 10^273 |
| 151 | ov_151 | 1.9842049894816913 × 10^273 |
| 152 | ov_152 | 1.1230827952144199 × 10^273 |
| 153 | ov_153 | 5.962558848589642 × 10^272 |
| 154 | ov_154 | 3.011922233458935 × 10^272 |
| 155 | ov_155 | 1.4799995955332981 × 10^272 |
| 156 | aaa_76_25 | 5.942515174197479 × 10^271 |
| 157 | aaa_76_26 | 3.6593382481996274 × 10^271 |
| 158 | aaa_76_27 | 2.0079462222201845 × 10^271 |
| 159 | aaa_76_28 | 9.471531938457747 × 10^270 |
| 160 | aaa_76_29 | 3.570024928908664 × 10^270 |

### Output Bits Sorted by Complexity

| Rank | Output Bit | Complexity |
|:----:|:----------:|:----------:|
| 160 | aaa_76_29 | 3.570024928908664 × 10^270 |
| 159 | aaa_76_28 | 9.471531938457747 × 10^270 |
| 158 | aaa_76_27 | 2.0079462222201845 × 10^271 |
| 157 | aaa_76_26 | 3.6593382481996274 × 10^271 |
| 156 | aaa_76_25 | 5.942515174197479 × 10^271 |
| 155 | ov_155 | 1.4799995955332981 × 10^272 |
| 154 | ov_154 | 3.011922233458935 × 10^272 |
| 153 | ov_153 | 5.962558848589642 × 10^272 |
| 152 | ov_152 | 1.1230827952144199 × 10^273 |
| 151 | ov_151 | 1.9842049894816913 × 10^273 |
| 150 | ov_150 | 3.294798853204726 × 10^273 |
| 149 | ov_149 | 5.18269281726973 × 10^273 |
| 148 | ov_148 | 7.788382218256029 × 10^273 |
| 147 | ov_147 | 1.1265056729057377 × 10^274 |
| 146 | ov_146 | 1.5778646996038586 × 10^274 |
| 145 | ov_145 | 2.150789812433304 × 10^274 |
| 144 | ov_144 | 2.8644478658527395 × 10^274 |
| 143 | ov_143 | 3.7393134712053787 × 10^274 |
| 142 | ov_142 | 4.797189990532391 × 10^274 |
| 141 | ov_141 | 6.061237278039629 × 10^274 |
| 140 | ov_140 | 7.55600743694997 × 10^274 |
| 139 | ov_139 | 9.307489960726445 × 10^274 |
| 138 | ov_138 | 1.1343167729393488 × 10^275 |
| 137 | ov_137 | 1.3692085434186476 × 10^275 |
| 136 | ov_136 | 1.6384931996065177 × 10^275 |
| 135 | ov_135 | 1.9454138308170315 × 10^275 |
| 134 | ov_134 | 2.291732722746126 × 10^275 |
| 133 | ov_133 | 2.679315059085246 × 10^275 |
| 132 | ov_132 | 3.1101369024322368 × 10^275 |
| 131 | ov_131 | 3.5862941874554416 × 10^275 |
| 130 | ov_130 | 3.586296984850241 × 10^275 |
| 129 | ov_129 | 3.5863056789364846 × 10^275 |
| 128 | aaa_77_29 | 3.9607005837184095 × 10^275 |
| 127 | aaa_77_28 | 1.0553926698018969 × 10^276 |
| 126 | ov_126 | 3.301914850720332 × 10^276 |
| 125 | ov_125 | 7.409687364389771 × 10^276 |
| 124 | ov_124 | 1.409644819135167 × 10^277 |
| 123 | ov_123 | 2.4079940903369456 × 10^277 |
| 122 | ov_122 | 3.8077926558250954 × 10^277 |
| 121 | ov_121 | 5.680820881616054 × 10^277 |
| 120 | ov_120 | 8.098867757872535 × 10^277 |
| 119 | ov_119 | 1.1133737546796326 × 10^278 |
| 118 | ov_118 | 1.4857258916887466 × 10^278 |
| 117 | ov_117 | 1.93412995198015 × 10^278 |
| 116 | ov_116 | 2.4657796018453975 × 10^278 |
| 115 | ov_115 | 3.0878812102439956 × 10^278 |
| 114 | ov_114 | 3.8076632461031764 × 10^278 |
| 113 | ov_113 | 4.632389777006483 × 10^278 |
| 112 | ov_112 | 5.569378575085704 × 10^278 |
| 111 | ov_111 | 6.626024336274747 × 10^278 |
| 110 | ov_110 | 7.809827519732501 × 10^278 |
| 109 | ov_109 | 9.128429315394325 × 10^278 |
| 108 | ov_108 | 1.0589653249541912 × 10^279 |
| 107 | ov_107 | 1.2201553941317138 × 10^279 |
| 106 | ov_106 | 1.3972473527571753 × 10^279 |
| 105 | ov_105 | 1.5911106279716733 × 10^279 |
| 104 | ov_104 | 1.802657194474931 × 10^279 |
| 103 | ov_103 | 2.032849835385939 × 10^279 |
| 102 | ov_102 | 2.282711385645671 × 10^279 |
| 101 | ov_101 | 2.5533350155664063 × 10^279 |
| 100 | ov_100 | 2.845895614387777 × 10^279 |
| 96 | aaa_78_29 | 2.9010872315004186 × 10^279 |
| 99 | ov_099 | 3.161662336452351 × 10^279 |
| 98 | ov_098 | 3.1616930285154697 × 10^279 |
| 97 | ov_097 | 3.1617890445309075 × 10^279 |
| 95 | aaa_78_28 | 7.656190627136319 × 10^279 |
| 94 | ov_094 | 2.38032592351009 × 10^280 |
| 93 | ov_093 | 5.3101105232196915 × 10^280 |
| 92 | ov_092 | 1.0052555230245393 × 10^281 |
| 91 | ov_091 | 1.7105304316808207 × 10^281 |
| 90 | ov_090 | 2.9276500828524917 × 10^281 |
| 89 | ov_089 | 5.26807449294718 × 10^281 |
| 88 | ov_088 | 9.443023067738414 × 10^281 |
| 87 | ov_087 | 1.626374268754237 × 10^282 |
| 86 | ov_086 | 2.664195390106358 × 10^282 |
| 85 | ov_085 | 4.110948481756759 × 10^282 |
| 84 | ov_084 | 6.078133957692013 × 10^282 |
| 83 | ov_083 | 8.629279862700676 × 10^282 |
| 82 | ov_082 | 1.1896750182078922 × 10^283 |
| 81 | ov_081 | 1.6023646823872718 × 10^283 |
| 80 | ov_080 | 2.1164081432829796 × 10^283 |
| 64 | lv_79_k31 | 2.3098842857056365 × 10^283 |
| 79 | ov_079 | 2.7483505182782246 × 10^283 |
| 78 | ov_078 | 3.5159102302098744 × 10^283 |
| 77 | ov_077 | 4.4380253095432005 × 10^283 |
| 76 | ov_076 | 5.53490722397855 × 10^283 |
| 75 | ov_075 | 6.8281028156983575 × 10^283 |
| 74 | ov_074 | 8.340564930143631 × 10^283 |
| 63 | ov_063 | 9.538734668292342 × 10^283 |
| 73 | ov_073 | 1.0096732325553214 × 10^284 |
| 72 | ov_072 | 1.212261945993639 × 10^284 |
| 71 | ov_071 | 1.4432503748710914 × 10^284 |
| 70 | ov_070 | 1.7041585551071765 × 10^284 |
| 69 | ov_069 | 1.9966052743311742 × 10^284 |
| 68 | ov_068 | 2.322315165807077 × 10^284 |
| 67 | ov_067 | 2.6831264738097344 × 10^284 |
| 66 | ov_066 | 2.683128775736141 × 10^284 |
| 65 | ov_065 | 2.683135878204464 × 10^284 |
| 62 | ov_062 | 3.936791665793816 × 10^284 |
| 61 | ov_061 | 1.1888402681021943 × 10^285 |
| 60 | ov_060 | 2.882204402192482 × 10^285 |
| 59 | ov_059 | 5.979838810597513 × 10^285 |
| 58 | ov_058 | 1.102389305374138 × 10^286 |
| 57 | ov_057 | 1.855652127128719 × 10^286 |
| 56 | ov_056 | 2.9119891812162956 × 10^286 |
| 55 | ov_055 | 4.628694976587565 × 10^286 |
| 54 | ov_054 | 7.774585740143264 × 10^286 |
| 53 | ov_053 | 1.3226944343248092 × 10^287 |
| 52 | ov_052 | 2.1971552007831175 × 10^287 |
| 51 | ov_051 | 3.510273882012761 × 10^287 |
| 50 | ov_050 | 5.382346958218051 × 10^287 |
| 49 | ov_049 | 7.88168445954245 × 10^287 |
| 48 | ov_048 | 1.108205848137766 × 10^288 |
| 47 | ov_047 | 1.5062731381849333 × 10^288 |
| 32 | lv_80_k31 | 1.9150570720064002 × 10^288 |
| 46 | ov_046 | 1.9908497829796558 × 10^288 |
| 45 | ov_045 | 2.570974379365545 × 10^288 |
| 44 | ov_044 | 3.256252586839319 × 10^288 |
| 43 | ov_043 | 4.056867464972745 × 10^288 |
| 42 | ov_042 | 4.983592686924121 × 10^288 |
| 41 | ov_041 | 6.058582874880152 × 10^288 |
| 40 | ov_040 | 7.30522793060305 × 10^288 |
| 31 | ov_031 | 7.938880602103082 × 10^288 |
| 39 | ov_039 | 8.74819921885441 × 10^288 |
| 38 | ov_038 | 1.0413505915529022 × 10^289 |
| 37 | ov_037 | 1.2328562987765266 × 10^289 |
| 36 | ov_036 | 1.4522272373177189 × 10^289 |
| 35 | ov_035 | 1.7010285295531582 × 10^289 |
| 34 | ov_034 | 1.980913121197532 × 10^289 |
| 33 | ov_033 | 2.29362883210473 × 10^289 |
| 30 | ov_030 | 3.288578288889563 × 10^289 |
| 29 | ov_029 | 9.962360032240308 × 10^289 |
| 28 | ov_028 | 2.4223303118848337 × 10^290 |
| 27 | ov_027 | 5.038479570772066 × 10^290 |
| 26 | ov_026 | 1.0497350303193862 × 10^291 |
| 25 | ov_025 | 2.2566891790472218 × 10^291 |
| 24 | ov_024 | 4.5940300426775656 × 10^291 |
| 23 | ov_023 | 8.623607018781676 × 10^291 |
| 22 | ov_022 | 1.4999810126142656 × 10^292 |
| 21 | ov_021 | 2.446959021972506 × 10^292 |
| 20 | ov_020 | 3.7872492646304106 × 10^292 |
| 19 | ov_019 | 5.614070864254224 × 10^292 |
| 18 | ov_018 | 8.029915184420113 × 10^292 |
| 17 | ov_017 | 1.1146558048279411 × 10^293 |
| 16 | ov_016 | 1.5085080836870953 × 10^293 |
| 15 | ov_015 | 1.9975906747537676 × 10^293 |
| 14 | ov_014 | 2.595885966489055 × 10^293 |
| 13 | ov_013 | 3.318325396502035 × 10^293 |
| 12 | ov_012 | 4.180802381385133 × 10^293 |
| 11 | ov_011 | 5.200189945002039 × 10^293 |
| 10 | ov_010 | 6.394363671048047 × 10^293 |
| 9 | ov_009 | 7.782230592106562 × 10^293 |
| 8 | ov_008 | 9.374049291052096 × 10^293 |
| 7 | ov_007 | 1.1190903437660547 × 10^294 |
| 6 | ov_006 | 1.3244212136524154 × 10^294 |
| 5 | ov_005 | 1.554602064306964 × 10^294 |
| 4 | ov_004 | 1.810903765503882 × 10^294 |
| 3 | ov_003 | 2.094667854704038 × 10^294 |
| 2 | ov_002 | 2.407311548423729 × 10^294 |
| 1 | ov_001 | 2.7503335402594736 × 10^294 |

