# Results for F001-F002-F003-F004-F005-F006-F007-F008-F009-F010-F011-F012-F013-F014-F015-F016-F017-F018-F019-F020-F021-F022-F023-F024-F025-F026-F027-F028-F029-F030-F031-F032-F033-F034-F035-F036-F037-F038-F039-F040-F041-F042-F043-F044-F045-F046-F047-F048-F049-F050-F051-F052-F053-F054-F055-F056-F057-F058-F059-F060-F061-F062-F063-F064-F065-F066-F067-F068-F069-F070-F071-F072-F073-F074-F075-F076-F077-F078-F079-F080-F081-F082-F083-F084-F085-F086-F087-F088-F089-F090-F091-F092-F093-F094-F095-F096-F097-F098-F099-F100-F101-F102-F103-F104-F105-F106-F107-F108-F109-F110-F111-F112-F113-F114-F115-F116-F117-F118-F119-F120-F121-F122-F123-F124-F125-F126-F127-F128-F129-F130-F131-F132-F133-F134-F135-F136-F137-F138-F139-F140-F141-F142-F143-F144-F145-F146-F147-F148-F149-F150-F151-F152-F153-F154-F155-F156-F157-F158-F159-F160-F161-F162-F163-F164-F165-F166-F167-F168-F169-F170-F171-F172-F173-F174-F175-F176-F177-F178-F179-F180-F181-F182-F183-F184-F185-F186-F187-F188-F189-F190-F191-F192-F193-F194-F195-F196-F197-F198-F199-F200-F201-F202-F203-F204-F205-F206-F207-F208-F209-F210-F211-F212-F213-F214-F215-F216-F217-F218-F219-F220-F221-F222-F223-F224-F225-F226-F227-F228-F229-F230-F231-F232-F233-F234-F235-F236-F237-F238-F239-F240-F241-F242-F243-F244-F245-F246-F247-F248-F249-F250-F251-F252-F253-F254-F255-F256-F257-F258-F259-F260-F261-F262-F263-F264-F265-F266-F267-F268-F269-F270-F271-F272-F273-F274-F275-F276-F277-F278-F279-F280-F281-F282-F283-F284-F285-F286-F287-F288-F289-F290-F291-F292-F293-F294-F295-F296-F297-F298-F299-F300-F301-F302-F303-F304-F305-F306-F307-F308-F309-F310-F311-F312-F313-F314-F315-F316-F317-F318-F319-F320-F321-F322-F323-F324-F325-F326-F327-F328-F329-F330-F331-F332-F333-F334-F335-F336-F337-F338-F339-F340-F341-F342-F343-F344-F345-F346-F347-F348-F349-F350-F351-F352-F353-F354-F355-F356-F357-F358-F359-F360-F361-F362-F363-F364-F365-F366-F367-F368-F369-F370-F371-F372-F373-F374-F375-F376-F377-F378-F379-F380-F381-F382-F383-F384-F385-F386-F387-F388-F389-F390-F391-F392-F393-F394-F395-F396-F397-F398-F399-F400-F401-F402-F403-F404-F405-F406-F407-F408-F409-F410-F411-F412-F413-F414-F415-F416-F417-F418-F419-F420-F421-F422-F423-F424-F425-F426-F427-F428-F429-F430-F431-F432-F433-F434-F435-F436-F437-F438-F439-F440-F441-F442-F443-F444-F445-F446-F447-F448-F449-F450-F451-F452-F453-F454-F455-F456-F457-F458-F459-F460-F461-F462-F463-F464-F465-F466-F467-F468-F469-F470-F471-F472-F473-F474-F475-F476-F477-F478-F479-F480-F481-F482-F483-F484-F485-F486-F487-F488-F489-F490-F491-F492-F493-F494-F495-F496-F497-F498-F499-F500-F501-F502-F503-F504-F505-F510-F512

## Summary

Number of input bits: 512  
Number of free input bits: 5  
Number of output bits: 160

Number of direct occurrences: 20675  
Number of assignments: 29725  
Number of operations: 10581338
(xor: 10551082,
and: 17766,
or: 12490)

Total complexity: 4.9009783611024766 × 10^293

Least occurring input variable: iv_507 (3971)  
Most occurring input variable: iv_508 (4275)

Most co-occurring input variables: iv_508-iv_509 (2097)  
Least co-occurring input variables: iv_507-iv_511 (1884)

Potentially most occurring input variable: iv_506/iv_511 (4465)  
Potentially least occurring input variable: iv_506/iv_507 (4097)

Least output occurring input variable: iv_511 (70)  
Most output occurring input variable: iv_508 (87)

Most output co-occurring input variables: iv_508-iv_509 (43)  
Least output co-occurring input variables: iv_509-iv_511 (35)

Potentially most output occurring input variable: iv_507/iv_508 (86)  
Potentially least output occurring input variable: iv_507/iv_509 (75)

Least complex input bit: iv_511 (1.794789377137068 × 10^290)  
Most complex input bit: iv_509 (1.6615582033583415 × 10^293)

Least complex output bit: aaa_76_29 (1.0667968540935364 × 10^269)  
Most complex output bit: ov_001 (7.6877179536139 × 10^292)

Least complex input/output complexity: iv_511/aaa_76_29 (3.906721311986399 × 10^265)  
Most complex input/output complexity: iv_509/ov_001 (2.6063348763814866 × 10^292)

Input variable with highest collision probability: iv_507 (½^160.00000000000065)

## Input Bits

### Input Bits in Regular Order

| Input Bit | Complexity | Occurrences | Output Occurrences | Collision Probability |
|:---------:|:----------:|:-----------:|:------------------:|:---------------------:|
| iv_506 | 5.528716233548199 × 10^292 | 4106 | 77 | ½^160.0000000000007 |
| iv_507 | 1.0616314555286213 × 10^293 | 3971 | 79 | ½^160.00000000000065 |
| iv_508 | 1.6231222894835613 × 10^293 | 4275 | 87 | ½^160.0000000000007 |
| iv_509 | 1.6615582033583415 × 10^293 | 4142 | 80 | ½^160.0000000000008 |
| iv_511 | 1.794789377137068 × 10^290 | 4181 | 70 | ½^160.00000000000068 |

### Input Bits Sorted by Complexity

| Input Bit | Complexity | Occurrences | Output Occurrences | Collision Probability |
|:---------:|:----------:|:-----------:|:------------------:|:---------------------:|
| iv_511 | 1.794789377137068 × 10^290 | 4181 | 70 | ½^160.00000000000068 |
| iv_506 | 5.528716233548199 × 10^292 | 4106 | 77 | ½^160.0000000000007 |
| iv_507 | 1.0616314555286213 × 10^293 | 3971 | 79 | ½^160.00000000000065 |
| iv_508 | 1.6231222894835613 × 10^293 | 4275 | 87 | ½^160.0000000000007 |
| iv_509 | 1.6615582033583415 × 10^293 | 4142 | 80 | ½^160.0000000000008 |

### Input Bits Sorted by Occurrences

| Input Bit | Complexity | Occurrences | Output Occurrences | Collision Probability |
|:---------:|:----------:|:-----------:|:------------------:|:---------------------:|
| iv_507 | 1.0616314555286213 × 10^293 | 3971 | 79 | ½^160.00000000000065 |
| iv_506 | 5.528716233548199 × 10^292 | 4106 | 77 | ½^160.0000000000007 |
| iv_509 | 1.6615582033583415 × 10^293 | 4142 | 80 | ½^160.0000000000008 |
| iv_511 | 1.794789377137068 × 10^290 | 4181 | 70 | ½^160.00000000000068 |
| iv_508 | 1.6231222894835613 × 10^293 | 4275 | 87 | ½^160.0000000000007 |

### Input Bits Sorted by Output Occurrences

| Input Bit | Complexity | Occurrences | Output Occurrences | Collision Probability |
|:---------:|:----------:|:-----------:|:------------------:|:---------------------:|
| iv_511 | 1.794789377137068 × 10^290 | 4181 | 70 | ½^160.00000000000068 |
| iv_506 | 5.528716233548199 × 10^292 | 4106 | 77 | ½^160.0000000000007 |
| iv_507 | 1.0616314555286213 × 10^293 | 3971 | 79 | ½^160.00000000000065 |
| iv_509 | 1.6615582033583415 × 10^293 | 4142 | 80 | ½^160.0000000000008 |
| iv_508 | 1.6231222894835613 × 10^293 | 4275 | 87 | ½^160.0000000000007 |

### Input Bits Sorted by Collision Probability

| Input Bit | Complexity | Occurrences | Output Occurrences | Collision Probability |
|:---------:|:----------:|:-----------:|:------------------:|:---------------------:|
| iv_507 | 1.0616314555286213 × 10^293 | 3971 | 79 | ½^160.00000000000065 |
| iv_511 | 1.794789377137068 × 10^290 | 4181 | 70 | ½^160.00000000000068 |
| iv_506 | 5.528716233548199 × 10^292 | 4106 | 77 | ½^160.0000000000007 |
| iv_508 | 1.6231222894835613 × 10^293 | 4275 | 87 | ½^160.0000000000007 |
| iv_509 | 1.6615582033583415 × 10^293 | 4142 | 80 | ½^160.0000000000008 |

## Input Bit/Output Bit Collision Probabilities

| Input Bit | Output Bit | Collision Probability |
|:---------:|:----------:|:---------------------:|
| iv_507 | ov_102 | 0.500000000000004 |
| iv_507 | ov_037 | 0.5000000000000017 |
| iv_507 | ov_144 | 0.5000000000000017 |
| iv_506 | lv_79_k31 | 0.5000000000000016 |
| iv_506 | ov_125 | 0.5000000000000016 |

## Input Bit Co-occurrences

### Input Bit Co-occurrences Sorted by Co-occurrences

| Input Bits | Co-occurrences | Potential Occurrences | Output Co-occurrences | Potential Output Occurrences |
|:----------:|:--------------:|:---------------------:|:---------------------:|:----------------------------:|
| iv_508-iv_509 | 2097 | 4223 | 43 | 81 |
| iv_508-iv_511 | 2022 | 4412 | 38 | 81 |
| iv_506-iv_509 | 2011 | 4226 | 37 | 83 |
| iv_506-iv_507 | 1990 | 4097 | 40 | 76 |
| iv_506-iv_508 | 1981 | 4419 | 41 | 82 |

### Input Bit Co-occurrences Sorted by Potential Occurrences

| Input Bits | Co-occurrences | Potential Occurrences | Output Co-occurrences | Potential Output Occurrences |
|:----------:|:--------------:|:---------------------:|:---------------------:|:----------------------------:|
| iv_506-iv_507 | 1990 | 4097 | 40 | 76 |
| iv_508-iv_509 | 2097 | 4223 | 43 | 81 |
| iv_506-iv_509 | 2011 | 4226 | 37 | 83 |
| iv_507-iv_509 | 1914 | 4285 | 42 | 75 |
| iv_509-iv_511 | 1976 | 4371 | 35 | 80 |

### Input Bit Output Co-occurrences Sorted by Output Co-occurrences

| Input Bits | Co-occurrences | Potential Occurrences | Output Co-occurrences | Potential Output Occurrences |
|:----------:|:--------------:|:---------------------:|:---------------------:|:----------------------------:|
| iv_508-iv_509 | 2097 | 4223 | 43 | 81 |
| iv_507-iv_509 | 1914 | 4285 | 42 | 75 |
| iv_506-iv_508 | 1981 | 4419 | 41 | 82 |
| iv_507-iv_508 | 1891 | 4464 | 40 | 86 |
| iv_506-iv_507 | 1990 | 4097 | 40 | 76 |

### Input Bit Output Co-occurrences Sorted by Potential Output Occurrences

| Input Bits | Co-occurrences | Potential Occurrences | Output Co-occurrences | Potential Output Occurrences |
|:----------:|:--------------:|:---------------------:|:---------------------:|:----------------------------:|
| iv_507-iv_509 | 1914 | 4285 | 42 | 75 |
| iv_506-iv_507 | 1990 | 4097 | 40 | 76 |
| iv_506-iv_511 | 1911 | 4465 | 35 | 77 |
| iv_507-iv_511 | 1884 | 4384 | 35 | 79 |
| iv_509-iv_511 | 1976 | 4371 | 35 | 80 |

## Output Bits

### Output Bits in Regular Order

| Rank | Output Bit | Complexity |
|:----:|:----------:|:----------:|
| 1 | ov_001 | 7.6877179536139 × 10^292 |
| 2 | ov_002 | 6.719590275230954 × 10^292 |
| 3 | ov_003 | 5.837959219055546 × 10^292 |
| 4 | ov_004 | 5.038693489042988 × 10^292 |
| 5 | ov_005 | 4.317886317087396 × 10^292 |
| 6 | ov_006 | 3.6718394502220144 × 10^292 |
| 7 | ov_007 | 3.097049262782421 × 10^292 |
| 8 | ov_008 | 2.590194737934329 × 10^292 |
| 9 | ov_009 | 2.1481271113473452 × 10^292 |
| 10 | ov_010 | 1.7650313587686645 × 10^292 |
| 11 | ov_011 | 1.435397623553941 × 10^292 |
| 12 | ov_012 | 1.1540095082212878 × 10^292 |
| 13 | ov_013 | 9.159344141922956 × 10^291 |
| 14 | ov_014 | 7.165157248730519 × 10^291 |
| 15 | ov_015 | 5.513666402480298 × 10^291 |
| 16 | ov_016 | 4.1636548405604455 × 10^291 |
| 17 | ov_017 | 3.076523006434406 × 10^291 |
| 18 | ov_018 | 2.216265225762559 × 10^291 |
| 19 | ov_019 | 1.5494545880471397 × 10^291 |
| 20 | ov_020 | 1.0452336019241163 × 10^291 |
| 21 | ov_021 | 6.753085504021507 × 10^290 |
| 22 | ov_022 | 4.139460234330338 × 10^290 |
| 23 | ov_023 | 2.3797068142075876 × 10^290 |
| 24 | ov_024 | 1.2676375270184362 × 10^290 |
| 25 | ov_025 | 6.226204963339545 × 10^289 |
| 26 | ov_026 | 2.8957377567988357 × 10^289 |
| 27 | ov_027 | 1.3896217218585575 × 10^289 |
| 28 | ov_028 | 6.679577071316383 × 10^288 |
| 29 | ov_029 | 2.746582605999305 × 10^288 |
| 30 | ov_030 | 9.064843821773524 × 10^287 |
| 31 | ov_031 | 2.1879414558109124 × 10^287 |
| 32 | lv_80_k31 | 5.277045193744307 × 10^286 |
| 33 | ov_033 | 6.3208667667194625 × 10^287 |
| 34 | ov_034 | 5.456107488323655 × 10^287 |
| 35 | ov_035 | 4.6830209625071755 × 10^287 |
| 36 | ov_036 | 3.99648520180949 × 10^287 |
| 37 | ov_037 | 3.3916573043187344 × 10^287 |
| 38 | ov_038 | 2.8639527848769647 × 10^287 |
| 39 | ov_039 | 2.404909146462898 × 10^287 |
| 40 | ov_040 | 2.0065014983012123 × 10^287 |
| 41 | ov_041 | 1.6611185829580135 × 10^287 |
| 42 | ov_042 | 1.3615426227665407 × 10^287 |
| 43 | ov_043 | 1.1042608035280903 × 10^287 |
| 44 | ov_044 | 8.827948567707735 × 10^286 |
| 45 | ov_045 | 6.939947912085951 × 10^286 |
| 46 | ov_046 | 5.34883817431101 × 10^286 |
| 47 | ov_047 | 4.0265427039498096 × 10^286 |
| 48 | ov_048 | 2.946644109534472 × 10^286 |
| 49 | ov_049 | 2.0843598846493534 × 10^286 |
| 50 | ov_050 | 1.4165245578341818 × 10^286 |
| 51 | ov_051 | 9.215772298147578 × 10^285 |
| 52 | ov_052 | 5.795533104931171 × 10^285 |
| 53 | ov_053 | 3.5529419835552364 × 10^285 |
| 54 | ov_054 | 2.1681613484020443 × 10^285 |
| 55 | ov_055 | 1.3530768859999485 × 10^285 |
| 56 | ov_056 | 8.512827530180242 × 10^284 |
| 57 | ov_057 | 5.425017183137239 × 10^284 |
| 58 | ov_058 | 3.223043491764995 × 10^284 |
| 59 | ov_059 | 1.7484588691214156 × 10^284 |
| 60 | ov_060 | 8.428198915722031 × 10^283 |
| 61 | ov_061 | 3.476844771662862 × 10^283 |
| 62 | ov_062 | 1.1514944404246152 × 10^283 |
| 63 | ov_063 | 2.790480603304863 × 10^282 |
| 64 | lv_79_k31 | 6.758527430214894 × 10^281 |
| 65 | ov_065 | 7.888525836564798 × 10^282 |
| 66 | ov_066 | 7.88850502717121 × 10^282 |
| 67 | ov_067 | 7.8884982830107 × 10^282 |
| 68 | ov_068 | 6.834643077115779 × 10^282 |
| 69 | ov_069 | 5.883040952897462 × 10^282 |
| 70 | ov_070 | 5.028305489290144 × 10^282 |
| 71 | ov_071 | 4.265383117638906 × 10^282 |
| 72 | ov_072 | 3.589530373716472 × 10^282 |
| 73 | ov_073 | 2.996293117699832 × 10^282 |
| 74 | ov_074 | 2.4814876196003542 × 10^282 |
| 75 | ov_075 | 2.037490731865176 × 10^282 |
| 76 | ov_076 | 1.6571409873901803 × 10^282 |
| 77 | ov_077 | 1.3337123010303644 × 10^282 |
| 78 | ov_078 | 1.060890564252182 × 10^282 |
| 79 | ov_079 | 8.32752958047508 × 10^281 |
| 80 | ov_080 | 6.43749811465928 × 10^281 |
| 81 | ov_081 | 4.8868883472400694 × 10^281 |
| 82 | ov_082 | 3.627215569459143 × 10^281 |
| 83 | ov_083 | 2.613317993071548 × 10^281 |
| 84 | ov_084 | 1.8234322648430665 × 10^281 |
| 85 | ov_085 | 1.2187696113279496 × 10^281 |
| 86 | ov_086 | 7.807133759568328 × 10^280 |
| 87 | ov_087 | 4.765888196031126 × 10^280 |
| 88 | ov_088 | 2.7671408660903103 × 10^280 |
| 89 | ov_089 | 1.543716758058597 × 10^280 |
| 90 | ov_090 | 8.578847921029584 × 10^279 |
| 91 | ov_091 | 5.01227066007976 × 10^279 |
| 92 | ov_092 | 2.9456028169876445 × 10^279 |
| 93 | ov_093 | 1.5559436395718347 × 10^279 |
| 94 | ov_094 | 6.974580534959607 × 10^278 |
| 95 | aaa_78_28 | 2.243291452856295 × 10^278 |
| 96 | aaa_78_29 | 8.500056505103177 × 10^277 |
| 97 | ov_097 | 9.263215652082528 × 10^277 |
| 98 | ov_098 | 9.262933915387111 × 10^277 |
| 99 | ov_099 | 9.262843811363456 × 10^277 |
| 100 | ov_100 | 8.337306362351408 × 10^277 |
| 101 | ov_101 | 7.479898402939828 × 10^277 |
| 102 | ov_102 | 6.686874495950442 × 10^277 |
| 103 | ov_103 | 5.954767241295181 × 10^277 |
| 104 | ov_104 | 5.28035118955091 × 10^277 |
| 105 | ov_105 | 4.660610236051736 × 10^277 |
| 106 | ov_106 | 4.092707930813441 × 10^277 |
| 107 | ov_107 | 3.5739601475818874 × 10^277 |
| 108 | ov_108 | 3.1018103185681167 × 10^277 |
| 109 | ov_109 | 2.673807446662064 × 10^277 |
| 110 | ov_110 | 2.2875867326725876 × 10^277 |
| 111 | ov_111 | 1.9408526583595918 × 10^277 |
| 112 | ov_112 | 1.6313643684713387 × 10^277 |
| 113 | ov_113 | 1.3569231968028587 × 10^277 |
| 114 | ov_114 | 1.1153621825664824 × 10^277 |
| 115 | ov_115 | 9.045374242206972 × 10^276 |
| 116 | ov_116 | 7.22321118439224 × 10^276 |
| 117 | ov_117 | 5.66596132220906 × 10^276 |
| 118 | ov_118 | 4.352519563244597 × 10^276 |
| 119 | ov_119 | 3.261818883141834 × 10^276 |
| 120 | ov_120 | 2.372812935575285 × 10^276 |
| 121 | ov_121 | 1.6644670518438814 × 10^276 |
| 122 | ov_122 | 1.1157538721209398 × 10^276 |
| 123 | ov_123 | 7.056506084541827 × 10^275 |
| 124 | ov_124 | 4.131370534683254 × 10^275 |
| 125 | ov_125 | 2.1719427389321073 × 10^275 |
| 126 | ov_126 | 9.680385913424237 × 10^274 |
| 127 | aaa_77_28 | 3.094756563528322 × 10^274 |
| 128 | aaa_77_29 | 1.1617779943661091 × 10^274 |
| 129 | ov_129 | 1.0579181857259295 × 10^274 |
| 130 | ov_130 | 1.0579155893152869 × 10^274 |
| 131 | ov_131 | 1.05791475457785 × 10^274 |
| 132 | ov_132 | 9.18634009260761 × 10^273 |
| 133 | ov_133 | 7.92551214940247 × 10^273 |
| 134 | ov_134 | 6.79040603119092 × 10^273 |
| 135 | ov_135 | 5.775119550362878 × 10^273 |
| 136 | ov_136 | 4.874079313724262 × 10^273 |
| 137 | ov_137 | 4.0820170919398324 × 10^273 |
| 138 | ov_138 | 3.3892316557523747 × 10^273 |
| 139 | ov_139 | 2.7865390660913626 × 10^273 |
| 140 | ov_140 | 2.26524408784943 × 10^273 |
| 141 | ov_141 | 1.817116196695987 × 10^273 |
| 142 | ov_142 | 1.438153584703378 × 10^273 |
| 143 | ov_143 | 1.1209993695279942 × 10^273 |
| 144 | ov_144 | 8.587124628720689 × 10^272 |
| 145 | ov_145 | 6.447573328376973 × 10^272 |
| 146 | ov_146 | 4.7299605359999514 × 10^272 |
| 147 | ov_147 | 3.376822634514827 × 10^272 |
| 148 | ov_148 | 2.3345672616639374 × 10^272 |
| 149 | ov_149 | 1.5534422244116206 × 10^272 |
| 150 | ov_150 | 9.875148790603258 × 10^271 |
| 151 | ov_151 | 5.946592493668562 × 10^271 |
| 152 | ov_152 | 3.3654847231705553 × 10^271 |
| 153 | ov_153 | 1.7865056965311798 × 10^271 |
| 154 | ov_154 | 9.022611413225739 × 10^270 |
| 155 | ov_155 | 4.4326917053410883 × 10^270 |
| 156 | aaa_76_25 | 1.7795312011048512 × 10^270 |
| 157 | aaa_76_26 | 1.095394417017196 × 10^270 |
| 158 | aaa_76_27 | 6.0074896375743094 × 10^269 |
| 159 | aaa_76_28 | 2.8320191329958777 × 10^269 |
| 160 | aaa_76_29 | 1.0667968540935364 × 10^269 |

### Output Bits Sorted by Complexity

| Rank | Output Bit | Complexity |
|:----:|:----------:|:----------:|
| 160 | aaa_76_29 | 1.0667968540935364 × 10^269 |
| 159 | aaa_76_28 | 2.8320191329958777 × 10^269 |
| 158 | aaa_76_27 | 6.0074896375743094 × 10^269 |
| 157 | aaa_76_26 | 1.095394417017196 × 10^270 |
| 156 | aaa_76_25 | 1.7795312011048512 × 10^270 |
| 155 | ov_155 | 4.4326917053410883 × 10^270 |
| 154 | ov_154 | 9.022611413225739 × 10^270 |
| 153 | ov_153 | 1.7865056965311798 × 10^271 |
| 152 | ov_152 | 3.3654847231705553 × 10^271 |
| 151 | ov_151 | 5.946592493668562 × 10^271 |
| 150 | ov_150 | 9.875148790603258 × 10^271 |
| 149 | ov_149 | 1.5534422244116206 × 10^272 |
| 148 | ov_148 | 2.3345672616639374 × 10^272 |
| 147 | ov_147 | 3.376822634514827 × 10^272 |
| 146 | ov_146 | 4.7299605359999514 × 10^272 |
| 145 | ov_145 | 6.447573328376973 × 10^272 |
| 144 | ov_144 | 8.587124628720689 × 10^272 |
| 143 | ov_143 | 1.1209993695279942 × 10^273 |
| 142 | ov_142 | 1.438153584703378 × 10^273 |
| 141 | ov_141 | 1.817116196695987 × 10^273 |
| 140 | ov_140 | 2.26524408784943 × 10^273 |
| 139 | ov_139 | 2.7865390660913626 × 10^273 |
| 138 | ov_138 | 3.3892316557523747 × 10^273 |
| 137 | ov_137 | 4.0820170919398324 × 10^273 |
| 136 | ov_136 | 4.874079313724262 × 10^273 |
| 135 | ov_135 | 5.775119550362878 × 10^273 |
| 134 | ov_134 | 6.79040603119092 × 10^273 |
| 133 | ov_133 | 7.92551214940247 × 10^273 |
| 132 | ov_132 | 9.18634009260761 × 10^273 |
| 131 | ov_131 | 1.05791475457785 × 10^274 |
| 130 | ov_130 | 1.0579155893152869 × 10^274 |
| 129 | ov_129 | 1.0579181857259295 × 10^274 |
| 128 | aaa_77_29 | 1.1617779943661091 × 10^274 |
| 127 | aaa_77_28 | 3.094756563528322 × 10^274 |
| 126 | ov_126 | 9.680385913424237 × 10^274 |
| 125 | ov_125 | 2.1719427389321073 × 10^275 |
| 124 | ov_124 | 4.131370534683254 × 10^275 |
| 123 | ov_123 | 7.056506084541827 × 10^275 |
| 122 | ov_122 | 1.1157538721209398 × 10^276 |
| 121 | ov_121 | 1.6644670518438814 × 10^276 |
| 120 | ov_120 | 2.372812935575285 × 10^276 |
| 119 | ov_119 | 3.261818883141834 × 10^276 |
| 118 | ov_118 | 4.352519563244597 × 10^276 |
| 117 | ov_117 | 5.66596132220906 × 10^276 |
| 116 | ov_116 | 7.22321118439224 × 10^276 |
| 115 | ov_115 | 9.045374242206972 × 10^276 |
| 114 | ov_114 | 1.1153621825664824 × 10^277 |
| 113 | ov_113 | 1.3569231968028587 × 10^277 |
| 112 | ov_112 | 1.6313643684713387 × 10^277 |
| 111 | ov_111 | 1.9408526583595918 × 10^277 |
| 110 | ov_110 | 2.2875867326725876 × 10^277 |
| 109 | ov_109 | 2.673807446662064 × 10^277 |
| 108 | ov_108 | 3.1018103185681167 × 10^277 |
| 107 | ov_107 | 3.5739601475818874 × 10^277 |
| 106 | ov_106 | 4.092707930813441 × 10^277 |
| 105 | ov_105 | 4.660610236051736 × 10^277 |
| 104 | ov_104 | 5.28035118955091 × 10^277 |
| 103 | ov_103 | 5.954767241295181 × 10^277 |
| 102 | ov_102 | 6.686874495950442 × 10^277 |
| 101 | ov_101 | 7.479898402939828 × 10^277 |
| 100 | ov_100 | 8.337306362351408 × 10^277 |
| 96 | aaa_78_29 | 8.500056505103177 × 10^277 |
| 99 | ov_099 | 9.262843811363456 × 10^277 |
| 98 | ov_098 | 9.262933915387111 × 10^277 |
| 97 | ov_097 | 9.263215652082528 × 10^277 |
| 95 | aaa_78_28 | 2.243291452856295 × 10^278 |
| 94 | ov_094 | 6.974580534959607 × 10^278 |
| 93 | ov_093 | 1.5559436395718347 × 10^279 |
| 92 | ov_092 | 2.9456028169876445 × 10^279 |
| 91 | ov_091 | 5.01227066007976 × 10^279 |
| 90 | ov_090 | 8.578847921029584 × 10^279 |
| 89 | ov_089 | 1.543716758058597 × 10^280 |
| 88 | ov_088 | 2.7671408660903103 × 10^280 |
| 87 | ov_087 | 4.765888196031126 × 10^280 |
| 86 | ov_086 | 7.807133759568328 × 10^280 |
| 85 | ov_085 | 1.2187696113279496 × 10^281 |
| 84 | ov_084 | 1.8234322648430665 × 10^281 |
| 83 | ov_083 | 2.613317993071548 × 10^281 |
| 82 | ov_082 | 3.627215569459143 × 10^281 |
| 81 | ov_081 | 4.8868883472400694 × 10^281 |
| 80 | ov_080 | 6.43749811465928 × 10^281 |
| 64 | lv_79_k31 | 6.758527430214894 × 10^281 |
| 79 | ov_079 | 8.32752958047508 × 10^281 |
| 78 | ov_078 | 1.060890564252182 × 10^282 |
| 77 | ov_077 | 1.3337123010303644 × 10^282 |
| 76 | ov_076 | 1.6571409873901803 × 10^282 |
| 75 | ov_075 | 2.037490731865176 × 10^282 |
| 74 | ov_074 | 2.4814876196003542 × 10^282 |
| 63 | ov_063 | 2.790480603304863 × 10^282 |
| 73 | ov_073 | 2.996293117699832 × 10^282 |
| 72 | ov_072 | 3.589530373716472 × 10^282 |
| 71 | ov_071 | 4.265383117638906 × 10^282 |
| 70 | ov_070 | 5.028305489290144 × 10^282 |
| 69 | ov_069 | 5.883040952897462 × 10^282 |
| 68 | ov_068 | 6.834643077115779 × 10^282 |
| 67 | ov_067 | 7.8884982830107 × 10^282 |
| 66 | ov_066 | 7.88850502717121 × 10^282 |
| 65 | ov_065 | 7.888525836564798 × 10^282 |
| 62 | ov_062 | 1.1514944404246152 × 10^283 |
| 61 | ov_061 | 3.476844771662862 × 10^283 |
| 60 | ov_060 | 8.428198915722031 × 10^283 |
| 59 | ov_059 | 1.7484588691214156 × 10^284 |
| 58 | ov_058 | 3.223043491764995 × 10^284 |
| 57 | ov_057 | 5.425017183137239 × 10^284 |
| 56 | ov_056 | 8.512827530180242 × 10^284 |
| 55 | ov_055 | 1.3530768859999485 × 10^285 |
| 54 | ov_054 | 2.1681613484020443 × 10^285 |
| 53 | ov_053 | 3.5529419835552364 × 10^285 |
| 52 | ov_052 | 5.795533104931171 × 10^285 |
| 51 | ov_051 | 9.215772298147578 × 10^285 |
| 50 | ov_050 | 1.4165245578341818 × 10^286 |
| 49 | ov_049 | 2.0843598846493534 × 10^286 |
| 48 | ov_048 | 2.946644109534472 × 10^286 |
| 47 | ov_047 | 4.0265427039498096 × 10^286 |
| 32 | lv_80_k31 | 5.277045193744307 × 10^286 |
| 46 | ov_046 | 5.34883817431101 × 10^286 |
| 45 | ov_045 | 6.939947912085951 × 10^286 |
| 44 | ov_044 | 8.827948567707735 × 10^286 |
| 43 | ov_043 | 1.1042608035280903 × 10^287 |
| 42 | ov_042 | 1.3615426227665407 × 10^287 |
| 41 | ov_041 | 1.6611185829580135 × 10^287 |
| 40 | ov_040 | 2.0065014983012123 × 10^287 |
| 31 | ov_031 | 2.1879414558109124 × 10^287 |
| 39 | ov_039 | 2.404909146462898 × 10^287 |
| 38 | ov_038 | 2.8639527848769647 × 10^287 |
| 37 | ov_037 | 3.3916573043187344 × 10^287 |
| 36 | ov_036 | 3.99648520180949 × 10^287 |
| 35 | ov_035 | 4.6830209625071755 × 10^287 |
| 34 | ov_034 | 5.456107488323655 × 10^287 |
| 33 | ov_033 | 6.3208667667194625 × 10^287 |
| 30 | ov_030 | 9.064843821773524 × 10^287 |
| 29 | ov_029 | 2.746582605999305 × 10^288 |
| 28 | ov_028 | 6.679577071316383 × 10^288 |
| 27 | ov_027 | 1.3896217218585575 × 10^289 |
| 26 | ov_026 | 2.8957377567988357 × 10^289 |
| 25 | ov_025 | 6.226204963339545 × 10^289 |
| 24 | ov_024 | 1.2676375270184362 × 10^290 |
| 23 | ov_023 | 2.3797068142075876 × 10^290 |
| 22 | ov_022 | 4.139460234330338 × 10^290 |
| 21 | ov_021 | 6.753085504021507 × 10^290 |
| 20 | ov_020 | 1.0452336019241163 × 10^291 |
| 19 | ov_019 | 1.5494545880471397 × 10^291 |
| 18 | ov_018 | 2.216265225762559 × 10^291 |
| 17 | ov_017 | 3.076523006434406 × 10^291 |
| 16 | ov_016 | 4.1636548405604455 × 10^291 |
| 15 | ov_015 | 5.513666402480298 × 10^291 |
| 14 | ov_014 | 7.165157248730519 × 10^291 |
| 13 | ov_013 | 9.159344141922956 × 10^291 |
| 12 | ov_012 | 1.1540095082212878 × 10^292 |
| 11 | ov_011 | 1.435397623553941 × 10^292 |
| 10 | ov_010 | 1.7650313587686645 × 10^292 |
| 9 | ov_009 | 2.1481271113473452 × 10^292 |
| 8 | ov_008 | 2.590194737934329 × 10^292 |
| 7 | ov_007 | 3.097049262782421 × 10^292 |
| 6 | ov_006 | 3.6718394502220144 × 10^292 |
| 5 | ov_005 | 4.317886317087396 × 10^292 |
| 4 | ov_004 | 5.038693489042988 × 10^292 |
| 3 | ov_003 | 5.837959219055546 × 10^292 |
| 2 | ov_002 | 6.719590275230954 × 10^292 |
| 1 | ov_001 | 7.6877179536139 × 10^292 |

