# Results for F001-F002-F003-F004-F005-F006-F007-F008-F009-F010-F011-F012-F013-F014-F015-F016-F017-F018-F019-F020-F021-F022-F023-F024-F025-F026-F027-F028-F029-F030-F031-F032-F033-F034-F035-F036-F037-F038-F039-F040-F041-F042-F043-F044-F045-F046-F047-F048-F049-F050-F051-F052-F053-F054-F055-F056-F057-F058-F059-F060-F061-F062-F063-F064-F065-F066-F067-F068-F069-F070-F071-F072-F073-F074-F075-F076-F077-F078-F079-F080-F081-F082-F083-F084-F085-F086-F087-F088-F089-F090-F091-F092-F093-F094-F095-F096-F097-F098-F099-F100-F101-F102-F103-F104-F105-F106-F107-F108-F109-F110-F111-F112-F113-F114-F115-F116-F117-F118-F119-F120-F121-F122-F123-F124-F125-F126-F127-F128-F129-F130-F131-F132-F133-F134-F135-F136-F137-F138-F139-F140-F141-F142-F143-F144-F145-F146-F147-F148-F149-F150-F151-F152-F153-F154-F155-F156-F157-F158-F159-F160-F161-F162-F163-F164-F165-F166-F167-F168-F169-F170-F171-F172-F173-F174-F175-F176-F177-F178-F179-F180-F181-F182-F183-F184-F185-F186-F187-F188-F189-F190-F191-F192-F193-F194-F195-F196-F197-F198-F199-F200-F201-F202-F203-F204-F205-F206-F207-F208-F209-F210-F211-F212-F213-F214-F215-F216-F217-F218-F219-F220-F221-F222-F223-F224-F225-F226-F227-F228-F229-F230-F231-F232-F233-F234-F235-F236-F237-F238-F239-F240-F241-F242-F243-F244-F245-F246-F247-F248-F249-F250-F251-F252-F253-F254-F255-F256-F257-F258-F259-F260-F261-F262-F263-F264-F265-F266-F267-F268-F269-F270-F271-F272-F273-F274-F275-F276-F277-F278-F279-F280-F281-F282-F283-F284-F285-F286-F287-F288-F289-F290-F291-F292-F293-F294-F295-F296-F297-F298-F299-F300-F301-F302-F303-F304-F305-F306-F307-F308-F309-F310-F311-F312-F313-F314-F315-F316-F317-F318-F319-F320-F321-F322-F323-F324-F325-F326-F327-F328-F329-F330-F331-F332-F333-F334-F335-F336-F337-F338-F339-F340-F341-F342-F343-F344-F345-F346-F347-F348-F349-F350-F351-F352-F353-F354-F355-F356-F357-F358-F359-F360-F361-F362-F363-F364-F365-F366-F367-F368-F369-F370-F371-F372-F373-F374-F375-F376-F377-F378-F379-F380-F381-F382-F383-F384-F385-F386-F387-F388-F389-F390-F391-F392-F393-F394-F395-F396-F397-F398-F399-F400-F401-F402-F403-F404-F405-F406-F407-F408-F409-F410-F411-F412-F413-F414-F415-F416-F417-F418-F419-F420-F421-F422-F423-F424-F425-F426-F427-F428-F429-F430-F431-F432-F433-F434-F435-F436-F437-F438-F439-F440-F441-F442-F443-F444-F445-F446-F447-F448-F449-F450-F451-F452-F453-F454-F455-F456-F457-F458-F459-F460-F461-F462-F463-F464-F465-F466-F467-F468-F469-F470-F471-F472-F473-F474-F475-F476-F477-F478-F479-F480-F481-F482-F483-F484-F485-F486-F487-F488-F489-F490-F491-F492-F493-F494-F495-F496-F497-F498-F499-F500-F501-F502-F503-F504-F505-T510-O511512

## Summary

Number of input bits: 512  
Number of free input bits: 5  
Number of output bits: 160

Number of direct occurrences: 21515  
Number of assignments: 30531  
Number of operations: 11681380
(xor: 11649266,
and: 19291,
or: 12823)

Total complexity: 1.808746268977637 × 10^303

Least occurring input variable: iv_506 (4180)  
Most occurring input variable: iv_511 (4437)

Most co-occurring input variables: iv_508-iv_509 (2090)  
Least co-occurring input variables: iv_506-iv_508 (1954)

Potentially most occurring input variable: iv_509/iv_511 (4703)  
Potentially least occurring input variable: iv_506/iv_507 (4404)

Least output occurring input variable: iv_511 (79)  
Most output occurring input variable: iv_508 (88)

Most output co-occurring input variables: iv_506-iv_507 (48)  
Least output co-occurring input variables: iv_508-iv_511 (38)

Potentially most output occurring input variable: iv_508/iv_511 (91)  
Potentially least output occurring input variable: iv_506/iv_509 (78)

Least complex input bit: iv_511 (3.792771444491558 × 10^298)  
Most complex input bit: iv_509 (7.170247124737897 × 10^302)

Least complex output bit: aaa_76_29 (4.287033247388836 × 10^277)  
Most complex output bit: ov_001 (2.8452111236141943 × 10^302)

Least complex input/output complexity: iv_511/aaa_76_29 (8.989507019949694 × 10^272)  
Most complex input/output complexity: iv_509/ov_001 (1.1279009791626662 × 10^302)

Input variable with highest collision probability: iv_511 (½^160.00000000000054)

## Input Bits

### Input Bits in Regular Order

| Input Bit | Complexity | Occurrences | Output Occurrences | Collision Probability |
|:---------:|:----------:|:-----------:|:------------------:|:---------------------:|
| iv_506 | 1.878245672779083 × 10^302 | 4180 | 88 | ½^160.00000000000074 |
| iv_507 | 3.5384921665086645 × 10^302 | 4266 | 88 | ½^160.00000000000085 |
| iv_508 | 5.500098448606271 × 10^302 | 4302 | 88 | ½^160.00000000000102 |
| iv_509 | 7.170247124737897 × 10^302 | 4330 | 82 | ½^160.0000000000007 |
| iv_511 | 3.792771444491558 × 10^298 | 4437 | 79 | ½^160.00000000000054 |

### Input Bits Sorted by Complexity

| Input Bit | Complexity | Occurrences | Output Occurrences | Collision Probability |
|:---------:|:----------:|:-----------:|:------------------:|:---------------------:|
| iv_511 | 3.792771444491558 × 10^298 | 4437 | 79 | ½^160.00000000000054 |
| iv_506 | 1.878245672779083 × 10^302 | 4180 | 88 | ½^160.00000000000074 |
| iv_507 | 3.5384921665086645 × 10^302 | 4266 | 88 | ½^160.00000000000085 |
| iv_508 | 5.500098448606271 × 10^302 | 4302 | 88 | ½^160.00000000000102 |
| iv_509 | 7.170247124737897 × 10^302 | 4330 | 82 | ½^160.0000000000007 |

### Input Bits Sorted by Occurrences

| Input Bit | Complexity | Occurrences | Output Occurrences | Collision Probability |
|:---------:|:----------:|:-----------:|:------------------:|:---------------------:|
| iv_506 | 1.878245672779083 × 10^302 | 4180 | 88 | ½^160.00000000000074 |
| iv_507 | 3.5384921665086645 × 10^302 | 4266 | 88 | ½^160.00000000000085 |
| iv_508 | 5.500098448606271 × 10^302 | 4302 | 88 | ½^160.00000000000102 |
| iv_509 | 7.170247124737897 × 10^302 | 4330 | 82 | ½^160.0000000000007 |
| iv_511 | 3.792771444491558 × 10^298 | 4437 | 79 | ½^160.00000000000054 |

### Input Bits Sorted by Output Occurrences

| Input Bit | Complexity | Occurrences | Output Occurrences | Collision Probability |
|:---------:|:----------:|:-----------:|:------------------:|:---------------------:|
| iv_511 | 3.792771444491558 × 10^298 | 4437 | 79 | ½^160.00000000000054 |
| iv_509 | 7.170247124737897 × 10^302 | 4330 | 82 | ½^160.0000000000007 |
| iv_506 | 1.878245672779083 × 10^302 | 4180 | 88 | ½^160.00000000000074 |
| iv_507 | 3.5384921665086645 × 10^302 | 4266 | 88 | ½^160.00000000000085 |
| iv_508 | 5.500098448606271 × 10^302 | 4302 | 88 | ½^160.00000000000102 |

### Input Bits Sorted by Collision Probability

| Input Bit | Complexity | Occurrences | Output Occurrences | Collision Probability |
|:---------:|:----------:|:-----------:|:------------------:|:---------------------:|
| iv_511 | 3.792771444491558 × 10^298 | 4437 | 79 | ½^160.00000000000054 |
| iv_509 | 7.170247124737897 × 10^302 | 4330 | 82 | ½^160.0000000000007 |
| iv_506 | 1.878245672779083 × 10^302 | 4180 | 88 | ½^160.00000000000074 |
| iv_507 | 3.5384921665086645 × 10^302 | 4266 | 88 | ½^160.00000000000085 |
| iv_508 | 5.500098448606271 × 10^302 | 4302 | 88 | ½^160.00000000000102 |

## Input Bit/Output Bit Collision Probabilities

| Input Bit | Output Bit | Collision Probability |
|:---------:|:----------:|:---------------------:|
| iv_507 | ov_034 | 0.5000000000000039 |
| iv_511 | ov_012 | 0.5000000000000024 |
| iv_511 | ov_135 | 0.5000000000000022 |
| iv_507 | ov_083 | 0.5000000000000019 |
| iv_511 | ov_042 | 0.5000000000000019 |

## Input Bit Co-occurrences

### Input Bit Co-occurrences Sorted by Co-occurrences

| Input Bits | Co-occurrences | Potential Occurrences | Output Co-occurrences | Potential Output Occurrences |
|:----------:|:--------------:|:---------------------:|:---------------------:|:----------------------------:|
| iv_508-iv_509 | 2090 | 4452 | 45 | 80 |
| iv_508-iv_511 | 2086 | 4567 | 38 | 91 |
| iv_507-iv_509 | 2041 | 4514 | 41 | 88 |
| iv_506-iv_509 | 2038 | 4434 | 46 | 78 |
| iv_509-iv_511 | 2032 | 4703 | 39 | 83 |

### Input Bit Co-occurrences Sorted by Potential Occurrences

| Input Bits | Co-occurrences | Potential Occurrences | Output Co-occurrences | Potential Output Occurrences |
|:----------:|:--------------:|:---------------------:|:---------------------:|:----------------------------:|
| iv_506-iv_507 | 2021 | 4404 | 48 | 80 |
| iv_506-iv_509 | 2038 | 4434 | 46 | 78 |
| iv_508-iv_509 | 2090 | 4452 | 45 | 80 |
| iv_507-iv_509 | 2041 | 4514 | 41 | 88 |
| iv_507-iv_508 | 2008 | 4552 | 43 | 90 |

### Input Bit Output Co-occurrences Sorted by Output Co-occurrences

| Input Bits | Co-occurrences | Potential Occurrences | Output Co-occurrences | Potential Output Occurrences |
|:----------:|:--------------:|:---------------------:|:---------------------:|:----------------------------:|
| iv_506-iv_507 | 2021 | 4404 | 48 | 80 |
| iv_506-iv_509 | 2038 | 4434 | 46 | 78 |
| iv_506-iv_508 | 1954 | 4574 | 45 | 86 |
| iv_508-iv_509 | 2090 | 4452 | 45 | 80 |
| iv_507-iv_511 | 2025 | 4653 | 44 | 79 |

### Input Bit Output Co-occurrences Sorted by Potential Output Occurrences

| Input Bits | Co-occurrences | Potential Occurrences | Output Co-occurrences | Potential Output Occurrences |
|:----------:|:--------------:|:---------------------:|:---------------------:|:----------------------------:|
| iv_506-iv_509 | 2038 | 4434 | 46 | 78 |
| iv_507-iv_511 | 2025 | 4653 | 44 | 79 |
| iv_506-iv_507 | 2021 | 4404 | 48 | 80 |
| iv_508-iv_509 | 2090 | 4452 | 45 | 80 |
| iv_506-iv_511 | 1976 | 4665 | 42 | 83 |

## Output Bits

### Output Bits in Regular Order

| Rank | Output Bit | Complexity |
|:----:|:----------:|:----------:|
| 1 | ov_001 | 2.8452111236141943 × 10^302 |
| 2 | ov_002 | 2.4856611985816643 × 10^302 |
| 3 | ov_003 | 2.1583686318309142 × 10^302 |
| 4 | ov_004 | 1.8617819683868179 × 10^302 |
| 5 | ov_005 | 1.594434697904653 × 10^302 |
| 6 | ov_006 | 1.3549391945243749 × 10^302 |
| 7 | ov_007 | 1.141981451199093 × 10^302 |
| 8 | ov_008 | 9.543165204235729 × 10^301 |
| 9 | ov_009 | 7.907645899908047 × 10^301 |
| 10 | ov_010 | 6.49148455863111 × 10^301 |
| 11 | ov_011 | 5.274062283814529 × 10^301 |
| 12 | ov_012 | 4.23586818464031 × 10^301 |
| 13 | ov_013 | 3.3584617269813317 × 10^301 |
| 14 | ov_014 | 2.624441868602838 × 10^301 |
| 15 | ov_015 | 2.017422318856689 × 10^301 |
| 16 | ov_016 | 1.5220123074842326 × 10^301 |
| 17 | ov_017 | 1.1238022335066376 × 10^301 |
| 18 | ov_018 | 8.093534413340641 × 10^300 |
| 19 | ov_019 | 5.6619126359992606 × 10^300 |
| 20 | ov_020 | 3.8280049431970196 × 10^300 |
| 21 | ov_021 | 2.4862257910972336 × 10^300 |
| 22 | ov_022 | 1.5405396822585573 × 10^300 |
| 23 | ov_023 | 9.044519036499955 × 10^299 |
| 24 | ov_024 | 5.0100309710261004 × 10^299 |
| 25 | ov_025 | 2.627658656757881 × 10^299 |
| 26 | ov_026 | 1.318427334712447 × 10^299 |
| 27 | ov_027 | 5.986504806702595 × 10^298 |
| 28 | ov_028 | 2.503059855250099 × 10^298 |
| 29 | ov_029 | 1.030125634462646 × 10^298 |
| 30 | ov_030 | 3.4029279240353025 × 10^297 |
| 31 | ov_031 | 8.221966434993656 × 10^296 |
| 32 | lv_80_k31 | 1.9851431024218854 × 10^296 |
| 33 | ov_033 | 2.390531541295815 × 10^297 |
| 34 | ov_034 | 2.0695882536881643 × 10^297 |
| 35 | ov_035 | 1.7818140992707996 × 10^297 |
| 36 | ov_036 | 1.525437244237427 × 10^297 |
| 37 | ov_037 | 1.2987835315240714 × 10^297 |
| 38 | ov_038 | 1.1002692212611394 × 10^297 |
| 39 | ov_039 | 9.269737549920645 × 10^296 |
| 40 | ov_040 | 7.761293010821139 × 10^296 |
| 41 | ov_041 | 6.4511216421013145 × 10^296 |
| 42 | ov_042 | 5.31435523852532 × 10^296 |
| 43 | ov_043 | 4.338893590282557 × 10^296 |
| 44 | ov_044 | 3.5024339341510043 × 10^296 |
| 45 | ov_045 | 2.7838896645632256 × 10^296 |
| 46 | ov_046 | 2.1730168759640936 × 10^296 |
| 47 | ov_047 | 1.6601555704003157 × 10^296 |
| 48 | ov_048 | 1.2362180276054548 × 10^296 |
| 49 | ov_049 | 8.926799797587672 × 10^295 |
| 50 | ov_050 | 6.21574111175603 × 10^295 |
| 51 | ov_051 | 4.1548544307280847 × 10^295 |
| 52 | ov_052 | 2.675482033699558 × 10^295 |
| 53 | ov_053 | 1.65671250518681 × 10^295 |
| 54 | ov_054 | 9.885476533100257 × 10^294 |
| 55 | ov_055 | 5.718920040872492 × 10^294 |
| 56 | ov_056 | 3.185470126988718 × 10^294 |
| 57 | ov_057 | 1.87137123810656 × 10^294 |
| 58 | ov_058 | 1.1124934759459256 × 10^294 |
| 59 | ov_059 | 6.039998940604252 × 10^293 |
| 60 | ov_060 | 2.9143904784967625 × 10^293 |
| 61 | ov_061 | 1.2035991278674505 × 10^293 |
| 62 | ov_062 | 3.9908094363249036 × 10^292 |
| 63 | ov_063 | 9.683694328414692 × 10^291 |
| 64 | lv_79_k31 | 2.348484517106609 × 10^291 |
| 65 | ov_065 | 2.7599383751547264 × 10^292 |
| 66 | ov_066 | 2.759931869840905 × 10^292 |
| 67 | ov_067 | 2.7599297950900654 × 10^292 |
| 68 | ov_068 | 2.400277468590836 × 10^292 |
| 69 | ov_069 | 2.0741345823348404 × 10^292 |
| 70 | ov_070 | 1.7799056779882264 × 10^292 |
| 71 | ov_071 | 1.5160816003841523 × 10^292 |
| 72 | ov_072 | 1.2812331486368252 × 10^292 |
| 73 | ov_073 | 1.0740055851383848 × 10^292 |
| 74 | ov_074 | 8.931139223602149 × 10^291 |
| 75 | ov_075 | 7.361820204068899 × 10^291 |
| 76 | ov_076 | 6.009556353273178 × 10^291 |
| 77 | ov_077 | 4.8529727854757386 × 10^291 |
| 78 | ov_078 | 3.871820113294722 × 10^291 |
| 79 | ov_079 | 3.0469405668135007 × 10^291 |
| 80 | ov_080 | 2.3602411827296463 × 10^291 |
| 81 | ov_081 | 1.7946730293582932 × 10^291 |
| 82 | ov_082 | 1.3342155028973754 × 10^291 |
| 83 | ov_083 | 9.638647994693303 × 10^290 |
| 84 | ov_084 | 6.763720102005463 × 10^290 |
| 85 | ov_085 | 4.5874498534940036 × 10^290 |
| 86 | ov_086 | 2.9899092159483487 × 10^290 |
| 87 | ov_087 | 1.8611395532765635 × 10^290 |
| 88 | ov_088 | 1.1011353072373213 × 10^290 |
| 89 | ov_089 | 6.198324050767066 × 10^289 |
| 90 | ov_090 | 3.371001478683084 × 10^289 |
| 91 | ov_091 | 1.8273589648253836 × 10^289 |
| 92 | ov_092 | 9.646187778761021 × 10^288 |
| 93 | ov_093 | 5.062013401489677 × 10^288 |
| 94 | ov_094 | 2.251399822303955 × 10^288 |
| 95 | aaa_78_28 | 7.182485327207474 × 10^287 |
| 96 | aaa_78_29 | 2.6889259712646012 × 10^287 |
| 97 | ov_097 | 2.437068286557351 × 10^287 |
| 98 | ov_098 | 2.4370568246439328 × 10^287 |
| 99 | ov_099 | 2.4370531576405205 × 10^287 |
| 100 | ov_100 | 2.101682214559287 × 10^287 |
| 101 | ov_101 | 1.802300663582729 × 10^287 |
| 102 | ov_102 | 1.5361312674494195 × 10^287 |
| 103 | ov_103 | 1.3005500533404678 × 10^287 |
| 104 | ov_104 | 1.0930749693391017 × 10^287 |
| 105 | ov_105 | 9.113559980265479 × 10^286 |
| 106 | ov_106 | 7.531665874257852 × 10^286 |
| 107 | ov_107 | 6.163962822374602 × 10^286 |
| 108 | ov_108 | 4.990444607109177 × 10^286 |
| 109 | ov_109 | 3.9921507426425583 × 10^286 |
| 110 | ov_110 | 3.1511227851592395 × 10^286 |
| 111 | ov_111 | 2.4503685093842007 × 10^286 |
| 112 | ov_112 | 1.8738329675415386 × 10^286 |
| 113 | ov_113 | 1.4063755099714665 × 10^286 |
| 114 | ov_114 | 1.033751908889963 × 10^286 |
| 115 | ov_115 | 7.426007884531352 × 10^285 |
| 116 | ov_116 | 5.204336255704164 × 10^285 |
| 117 | ov_117 | 3.556276469324027 × 10^285 |
| 118 | ov_118 | 2.3742100857717723 × 10^285 |
| 119 | ov_119 | 1.559097050789854 × 10^285 |
| 120 | ov_120 | 1.0204571614885455 × 10^285 |
| 121 | ov_121 | 6.763595911461615 × 10^284 |
| 122 | ov_122 | 4.534171139659489 × 10^284 |
| 123 | ov_123 | 2.8678290140403853 × 10^284 |
| 124 | ov_124 | 1.6791942491726972 × 10^284 |
| 125 | ov_125 | 8.82896674947262 × 10^283 |
| 126 | ov_126 | 3.9356822115059826 × 10^283 |
| 127 | aaa_77_28 | 1.2584148912370229 × 10^283 |
| 128 | aaa_77_29 | 4.72528085524958 × 10^282 |
| 129 | ov_129 | 4.32680146451788 × 10^282 |
| 130 | ov_130 | 4.326791023022379 × 10^282 |
| 131 | ov_131 | 4.3267876628106025 × 10^282 |
| 132 | ov_132 | 3.761712865499009 × 10^282 |
| 133 | ov_133 | 3.2498741772290847 × 10^282 |
| 134 | ov_134 | 2.78874866614094 × 10^282 |
| 135 | ov_135 | 2.3759580069949102 × 10^282 |
| 136 | ov_136 | 2.009257665683333 × 10^282 |
| 137 | ov_137 | 1.6865272937630004 × 10^282 |
| 138 | ov_138 | 1.4038659624354025 × 10^282 |
| 139 | ov_139 | 1.1575830171007839 × 10^282 |
| 140 | ov_140 | 9.44186265013922 × 10^281 |
| 141 | ov_141 | 7.603719961510662 × 10^281 |
| 142 | ov_142 | 6.0453433906991855 × 10^281 |
| 143 | ov_143 | 4.737231246443508 × 10^281 |
| 144 | ov_144 | 3.6515603150497714 × 10^281 |
| 145 | ov_145 | 2.7621419742743093 × 10^281 |
| 146 | ov_146 | 2.0443879395484314 × 10^281 |
| 147 | ov_147 | 1.4752841342228143 × 10^281 |
| 148 | ov_148 | 1.0333712957036699 × 10^281 |
| 149 | ov_149 | 6.98731049274927 × 10^280 |
| 150 | ov_150 | 4.529763011599097 × 10^280 |
| 151 | ov_151 | 2.7924492204121802 × 10^280 |
| 152 | ov_152 | 1.621958118703845 × 10^280 |
| 153 | ov_153 | 8.800659078242493 × 10^279 |
| 154 | ov_154 | 4.4372349297264384 × 10^279 |
| 155 | ov_155 | 2.0505027968565904 × 10^279 |
| 156 | aaa_76_25 | 7.133127029141059 × 10^278 |
| 157 | aaa_76_26 | 4.392816365460887 × 10^278 |
| 158 | aaa_76_27 | 2.4106537758847767 × 10^278 |
| 159 | aaa_76_28 | 1.1372434810703686 × 10^278 |
| 160 | aaa_76_29 | 4.287033247388836 × 10^277 |

### Output Bits Sorted by Complexity

| Rank | Output Bit | Complexity |
|:----:|:----------:|:----------:|
| 160 | aaa_76_29 | 4.287033247388836 × 10^277 |
| 159 | aaa_76_28 | 1.1372434810703686 × 10^278 |
| 158 | aaa_76_27 | 2.4106537758847767 × 10^278 |
| 157 | aaa_76_26 | 4.392816365460887 × 10^278 |
| 156 | aaa_76_25 | 7.133127029141059 × 10^278 |
| 155 | ov_155 | 2.0505027968565904 × 10^279 |
| 154 | ov_154 | 4.4372349297264384 × 10^279 |
| 153 | ov_153 | 8.800659078242493 × 10^279 |
| 152 | ov_152 | 1.621958118703845 × 10^280 |
| 151 | ov_151 | 2.7924492204121802 × 10^280 |
| 150 | ov_150 | 4.529763011599097 × 10^280 |
| 149 | ov_149 | 6.98731049274927 × 10^280 |
| 148 | ov_148 | 1.0333712957036699 × 10^281 |
| 147 | ov_147 | 1.4752841342228143 × 10^281 |
| 146 | ov_146 | 2.0443879395484314 × 10^281 |
| 145 | ov_145 | 2.7621419742743093 × 10^281 |
| 144 | ov_144 | 3.6515603150497714 × 10^281 |
| 143 | ov_143 | 4.737231246443508 × 10^281 |
| 142 | ov_142 | 6.0453433906991855 × 10^281 |
| 141 | ov_141 | 7.603719961510662 × 10^281 |
| 140 | ov_140 | 9.44186265013922 × 10^281 |
| 139 | ov_139 | 1.1575830171007839 × 10^282 |
| 138 | ov_138 | 1.4038659624354025 × 10^282 |
| 137 | ov_137 | 1.6865272937630004 × 10^282 |
| 136 | ov_136 | 2.009257665683333 × 10^282 |
| 135 | ov_135 | 2.3759580069949102 × 10^282 |
| 134 | ov_134 | 2.78874866614094 × 10^282 |
| 133 | ov_133 | 3.2498741772290847 × 10^282 |
| 132 | ov_132 | 3.761712865499009 × 10^282 |
| 131 | ov_131 | 4.3267876628106025 × 10^282 |
| 130 | ov_130 | 4.326791023022379 × 10^282 |
| 129 | ov_129 | 4.32680146451788 × 10^282 |
| 128 | aaa_77_29 | 4.72528085524958 × 10^282 |
| 127 | aaa_77_28 | 1.2584148912370229 × 10^283 |
| 126 | ov_126 | 3.9356822115059826 × 10^283 |
| 125 | ov_125 | 8.82896674947262 × 10^283 |
| 124 | ov_124 | 1.6791942491726972 × 10^284 |
| 123 | ov_123 | 2.8678290140403853 × 10^284 |
| 122 | ov_122 | 4.534171139659489 × 10^284 |
| 121 | ov_121 | 6.763595911461615 × 10^284 |
| 120 | ov_120 | 1.0204571614885455 × 10^285 |
| 119 | ov_119 | 1.559097050789854 × 10^285 |
| 118 | ov_118 | 2.3742100857717723 × 10^285 |
| 117 | ov_117 | 3.556276469324027 × 10^285 |
| 116 | ov_116 | 5.204336255704164 × 10^285 |
| 115 | ov_115 | 7.426007884531352 × 10^285 |
| 114 | ov_114 | 1.033751908889963 × 10^286 |
| 113 | ov_113 | 1.4063755099714665 × 10^286 |
| 112 | ov_112 | 1.8738329675415386 × 10^286 |
| 111 | ov_111 | 2.4503685093842007 × 10^286 |
| 110 | ov_110 | 3.1511227851592395 × 10^286 |
| 109 | ov_109 | 3.9921507426425583 × 10^286 |
| 108 | ov_108 | 4.990444607109177 × 10^286 |
| 107 | ov_107 | 6.163962822374602 × 10^286 |
| 106 | ov_106 | 7.531665874257852 × 10^286 |
| 105 | ov_105 | 9.113559980265479 × 10^286 |
| 104 | ov_104 | 1.0930749693391017 × 10^287 |
| 103 | ov_103 | 1.3005500533404678 × 10^287 |
| 102 | ov_102 | 1.5361312674494195 × 10^287 |
| 101 | ov_101 | 1.802300663582729 × 10^287 |
| 100 | ov_100 | 2.101682214559287 × 10^287 |
| 99 | ov_099 | 2.4370531576405205 × 10^287 |
| 98 | ov_098 | 2.4370568246439328 × 10^287 |
| 97 | ov_097 | 2.437068286557351 × 10^287 |
| 96 | aaa_78_29 | 2.6889259712646012 × 10^287 |
| 95 | aaa_78_28 | 7.182485327207474 × 10^287 |
| 94 | ov_094 | 2.251399822303955 × 10^288 |
| 93 | ov_093 | 5.062013401489677 × 10^288 |
| 92 | ov_092 | 9.646187778761021 × 10^288 |
| 91 | ov_091 | 1.8273589648253836 × 10^289 |
| 90 | ov_090 | 3.371001478683084 × 10^289 |
| 89 | ov_089 | 6.198324050767066 × 10^289 |
| 88 | ov_088 | 1.1011353072373213 × 10^290 |
| 87 | ov_087 | 1.8611395532765635 × 10^290 |
| 86 | ov_086 | 2.9899092159483487 × 10^290 |
| 85 | ov_085 | 4.5874498534940036 × 10^290 |
| 84 | ov_084 | 6.763720102005463 × 10^290 |
| 83 | ov_083 | 9.638647994693303 × 10^290 |
| 82 | ov_082 | 1.3342155028973754 × 10^291 |
| 81 | ov_081 | 1.7946730293582932 × 10^291 |
| 64 | lv_79_k31 | 2.348484517106609 × 10^291 |
| 80 | ov_080 | 2.3602411827296463 × 10^291 |
| 79 | ov_079 | 3.0469405668135007 × 10^291 |
| 78 | ov_078 | 3.871820113294722 × 10^291 |
| 77 | ov_077 | 4.8529727854757386 × 10^291 |
| 76 | ov_076 | 6.009556353273178 × 10^291 |
| 75 | ov_075 | 7.361820204068899 × 10^291 |
| 74 | ov_074 | 8.931139223602149 × 10^291 |
| 63 | ov_063 | 9.683694328414692 × 10^291 |
| 73 | ov_073 | 1.0740055851383848 × 10^292 |
| 72 | ov_072 | 1.2812331486368252 × 10^292 |
| 71 | ov_071 | 1.5160816003841523 × 10^292 |
| 70 | ov_070 | 1.7799056779882264 × 10^292 |
| 69 | ov_069 | 2.0741345823348404 × 10^292 |
| 68 | ov_068 | 2.400277468590836 × 10^292 |
| 67 | ov_067 | 2.7599297950900654 × 10^292 |
| 66 | ov_066 | 2.759931869840905 × 10^292 |
| 65 | ov_065 | 2.7599383751547264 × 10^292 |
| 62 | ov_062 | 3.9908094363249036 × 10^292 |
| 61 | ov_061 | 1.2035991278674505 × 10^293 |
| 60 | ov_060 | 2.9143904784967625 × 10^293 |
| 59 | ov_059 | 6.039998940604252 × 10^293 |
| 58 | ov_058 | 1.1124934759459256 × 10^294 |
| 57 | ov_057 | 1.87137123810656 × 10^294 |
| 56 | ov_056 | 3.185470126988718 × 10^294 |
| 55 | ov_055 | 5.718920040872492 × 10^294 |
| 54 | ov_054 | 9.885476533100257 × 10^294 |
| 53 | ov_053 | 1.65671250518681 × 10^295 |
| 52 | ov_052 | 2.675482033699558 × 10^295 |
| 51 | ov_051 | 4.1548544307280847 × 10^295 |
| 50 | ov_050 | 6.21574111175603 × 10^295 |
| 49 | ov_049 | 8.926799797587672 × 10^295 |
| 48 | ov_048 | 1.2362180276054548 × 10^296 |
| 47 | ov_047 | 1.6601555704003157 × 10^296 |
| 32 | lv_80_k31 | 1.9851431024218854 × 10^296 |
| 46 | ov_046 | 2.1730168759640936 × 10^296 |
| 45 | ov_045 | 2.7838896645632256 × 10^296 |
| 44 | ov_044 | 3.5024339341510043 × 10^296 |
| 43 | ov_043 | 4.338893590282557 × 10^296 |
| 42 | ov_042 | 5.31435523852532 × 10^296 |
| 41 | ov_041 | 6.4511216421013145 × 10^296 |
| 40 | ov_040 | 7.761293010821139 × 10^296 |
| 31 | ov_031 | 8.221966434993656 × 10^296 |
| 39 | ov_039 | 9.269737549920645 × 10^296 |
| 38 | ov_038 | 1.1002692212611394 × 10^297 |
| 37 | ov_037 | 1.2987835315240714 × 10^297 |
| 36 | ov_036 | 1.525437244237427 × 10^297 |
| 35 | ov_035 | 1.7818140992707996 × 10^297 |
| 34 | ov_034 | 2.0695882536881643 × 10^297 |
| 33 | ov_033 | 2.390531541295815 × 10^297 |
| 30 | ov_030 | 3.4029279240353025 × 10^297 |
| 29 | ov_029 | 1.030125634462646 × 10^298 |
| 28 | ov_028 | 2.503059855250099 × 10^298 |
| 27 | ov_027 | 5.986504806702595 × 10^298 |
| 26 | ov_026 | 1.318427334712447 × 10^299 |
| 25 | ov_025 | 2.627658656757881 × 10^299 |
| 24 | ov_024 | 5.0100309710261004 × 10^299 |
| 23 | ov_023 | 9.044519036499955 × 10^299 |
| 22 | ov_022 | 1.5405396822585573 × 10^300 |
| 21 | ov_021 | 2.4862257910972336 × 10^300 |
| 20 | ov_020 | 3.8280049431970196 × 10^300 |
| 19 | ov_019 | 5.6619126359992606 × 10^300 |
| 18 | ov_018 | 8.093534413340641 × 10^300 |
| 17 | ov_017 | 1.1238022335066376 × 10^301 |
| 16 | ov_016 | 1.5220123074842326 × 10^301 |
| 15 | ov_015 | 2.017422318856689 × 10^301 |
| 14 | ov_014 | 2.624441868602838 × 10^301 |
| 13 | ov_013 | 3.3584617269813317 × 10^301 |
| 12 | ov_012 | 4.23586818464031 × 10^301 |
| 11 | ov_011 | 5.274062283814529 × 10^301 |
| 10 | ov_010 | 6.49148455863111 × 10^301 |
| 9 | ov_009 | 7.907645899908047 × 10^301 |
| 8 | ov_008 | 9.543165204235729 × 10^301 |
| 7 | ov_007 | 1.141981451199093 × 10^302 |
| 6 | ov_006 | 1.3549391945243749 × 10^302 |
| 5 | ov_005 | 1.594434697904653 × 10^302 |
| 4 | ov_004 | 1.8617819683868179 × 10^302 |
| 3 | ov_003 | 2.1583686318309142 × 10^302 |
| 2 | ov_002 | 2.4856611985816643 × 10^302 |
| 1 | ov_001 | 2.8452111236141943 × 10^302 |

