# Results for O002007-E005015-F017-F018-F019-F020-F021-F022-F023-F024-F025-F026-F027-F028-F029-F030-F031-F032-F033-F034-F035-F036-F037-F038-F039-F040-F041-F042-F043-F044-F045-F046-F047-F048-F049-F050-F051-F052-F053-F054-F055-F056-F057-F058-F059-F060-F061-F062-F063-F064-F065-F066-F067-F068-F069-F070-F071-F072-F073-F074-F075-F076-F077-F078-F079-F080-F081-F082-F083-F084-F085-F086-F087-F088-F089-F090-F091-F092-F093-F094-F095-F096-F097-F098-F099-F100-F101-F102-F103-F104-F105-F106-F107-F108-F109-F110-F111-F112-F113-F114-F115-F116-F117-F118-F119-F120-F121-F122-F123-F124-F125-F126-F127-F128-F129-F130-F131-F132-F133-F134-F135-F136-F137-F138-F139-F140-F141-F142-F143-F144-F145-F146-F147-F148-F149-F150-F151-F152-F153-F154-F155-F156-F157-F158-F159-F160-F161-F162-F163-F164-F165-F166-F167-F168-F169-F170-F171-F172-F173-F174-F175-F176-F177-F178-F179-F180-F181-F182-F183-F184-F185-F186-F187-F188-F189-F190-F191-F192-F193-F194-F195-F196-F197-F198-F199-F200-F201-F202-F203-F204-F205-F206-F207-F208-F209-F210-F211-F212-F213-F214-F215-F216-F217-F218-F219-F220-F221-F222-F223-F224-F225-F226-F227-F228-F229-F230-F231-F232-F233-F234-F235-F236-F237-F238-F239-F240-F241-F242-F243-F244-F245-F246-F247-F248-F249-F250-F251-F252-F253-F254-F255-F256-F257-F258-F259-F260-F261-F262-F263-F264-F265-F266-F267-F268-F269-F270-F271-F272-F273-F274-F275-F276-F277-F278-F279-F280-F281-F282-F283-F284-F285-F286-F287-F288-F289-F290-F291-F292-F293-F294-F295-F296-F297-F298-F299-F300-F301-F302-F303-F304-F305-F306-F307-F308-F309-F310-F311-F312-F313-F314-F315-F316-F317-F318-F319-F320-F321-F322-F323-F324-F325-F326-F327-F328-F329-F330-F331-F332-F333-F334-F335-F336-F337-F338-F339-F340-F341-F342-F343-F344-F345-F346-F347-F348-F349-F350-F351-F352-F353-F354-F355-F356-F357-F358-F359-F360-F361-F362-F363-F364-F365-F366-F367-F368-F369-F370-F371-F372-F373-F374-F375-F376-F377-F378-F379-F380-F381-F382-F383-F384-F385-F386-F387-F388-F389-F390-F391-F392-F393-F394-F395-F396-F397-F398-F399-F400-F401-F402-F403-F404-F405-F406-F407-F408-F409-F410-F411-F412-F413-F414-F415-F416-F417-F418-F419-F420-F421-F422-F423-F424-F425-F426-F427-F428-F429-F430-F431-F432-F433-F434-F435-F436-F437-F438-F439-F440-F441-F442-F443-F444-F445-F446-F447-F448-F449-F450-F451-F452-F453-F454-F455-F456-F457-F458-F459-F460-F461-F462-F463-F464-F465-F466-F467-F468-F469-F470-F471-F472-F473-F474-F475-F476-F477-F478-F479-F480-F481-F482-F483-F484-F485-F486-F487-F488-F489-F490-F491-F492-F493-F494-F495-F496-F497-F498-F499-F500-F501-F502-F503-F504-F505-F506-F507-F508-F509-F510-F511-F512

## Summary

Number of input bits: 512  
Number of free input bits: 14  
Number of output bits: 160

Number of direct occurrences: 63662  
Number of assignments: 39280  
Number of operations: 19348099
(xor: 19310019,
and: 21423,
or: 16657)

Total complexity: 7.403671196589297 × 10^357

Least occurring input variable: iv_012 (4200)  
Most occurring input variable: iv_005 (4810)

Most co-occurring input variables: iv_008-iv_009 (2322)  
Least co-occurring input variables: iv_006-iv_012 (1919)

Potentially most occurring input variable: iv_005/iv_011 (5382)  
Potentially least occurring input variable: iv_008/iv_009 (4514)

Least output occurring input variable: iv_005 (61)  
Most output occurring input variable: iv_014 (87)

Most output co-occurring input variables: iv_008-iv_014 (53)  
Least output co-occurring input variables: iv_005-iv_011 (25)

Potentially most output occurring input variable: iv_002/iv_014 (98)  
Potentially least output occurring input variable: iv_008/iv_014 (66)

Least complex input bit: iv_016 (1.0825050307258877 × 10^354)  
Most complex input bit: iv_005 (1.649362157447361 × 10^357)

Least complex output bit: aaa_76_29 (1.8017074991222682 × 10^332)  
Most complex output bit: ov_001 (1.133306703782061 × 10^357)

Least complex input/output complexity: iv_016/aaa_76_29 (2.634311248985365 × 10^328)  
Most complex input/output complexity: iv_005/ov_001 (2.5247382553410106 × 10^356)

## Input Bits

### Input Bits in Regular Order

| Input Bit | Complexity | Occurrences | Output Occurrences |
|:---------:|:----------:|:-----------:|:------------------:|
| iv_001 | 3.30541573631575 × 10^354 | 4612 | 77 |
| iv_002 | 2.7139931967652652 × 10^356 | 4415 | 77 |
| iv_003 | 4.115987602460026 × 10^355 | 4403 | 77 |
| iv_004 | 8.953022211967994 × 10^355 | 4572 | 77 |
| iv_005 | 1.649362157447361 × 10^357 | 4810 | 61 |
| iv_006 | 1.982346927919583 × 10^356 | 4406 | 74 |
| iv_008 | 3.238004526652756 × 10^356 | 4504 | 85 |
| iv_009 | 4.070448407778857 × 10^356 | 4654 | 84 |
| iv_010 | 5.1957324887251035 × 10^356 | 4506 | 83 |
| iv_011 | 6.78233190501998 × 10^356 | 4716 | 75 |
| iv_012 | 8.579470732976982 × 10^356 | 4200 | 82 |
| iv_013 | 1.0633480901298429 × 10^357 | 4570 | 78 |
| iv_014 | 1.2996501115169256 × 10^357 | 4755 | 87 |
| iv_016 | 1.0825050307258877 × 10^354 | 4539 | 79 |

### Input Bits Sorted by Complexity

| Input Bit | Complexity | Occurrences | Output Occurrences |
|:---------:|:----------:|:-----------:|:------------------:|
| iv_016 | 1.0825050307258877 × 10^354 | 4539 | 79 |
| iv_001 | 3.30541573631575 × 10^354 | 4612 | 77 |
| iv_003 | 4.115987602460026 × 10^355 | 4403 | 77 |
| iv_004 | 8.953022211967994 × 10^355 | 4572 | 77 |
| iv_006 | 1.982346927919583 × 10^356 | 4406 | 74 |
| iv_002 | 2.7139931967652652 × 10^356 | 4415 | 77 |
| iv_008 | 3.238004526652756 × 10^356 | 4504 | 85 |
| iv_009 | 4.070448407778857 × 10^356 | 4654 | 84 |
| iv_010 | 5.1957324887251035 × 10^356 | 4506 | 83 |
| iv_011 | 6.78233190501998 × 10^356 | 4716 | 75 |
| iv_012 | 8.579470732976982 × 10^356 | 4200 | 82 |
| iv_013 | 1.0633480901298429 × 10^357 | 4570 | 78 |
| iv_014 | 1.2996501115169256 × 10^357 | 4755 | 87 |
| iv_005 | 1.649362157447361 × 10^357 | 4810 | 61 |

### Input Bits Sorted by Occurrences

| Input Bit | Complexity | Occurrences | Output Occurrences |
|:---------:|:----------:|:-----------:|:------------------:|
| iv_012 | 8.579470732976982 × 10^356 | 4200 | 82 |
| iv_003 | 4.115987602460026 × 10^355 | 4403 | 77 |
| iv_006 | 1.982346927919583 × 10^356 | 4406 | 74 |
| iv_002 | 2.7139931967652652 × 10^356 | 4415 | 77 |
| iv_008 | 3.238004526652756 × 10^356 | 4504 | 85 |
| iv_010 | 5.1957324887251035 × 10^356 | 4506 | 83 |
| iv_016 | 1.0825050307258877 × 10^354 | 4539 | 79 |
| iv_013 | 1.0633480901298429 × 10^357 | 4570 | 78 |
| iv_004 | 8.953022211967994 × 10^355 | 4572 | 77 |
| iv_001 | 3.30541573631575 × 10^354 | 4612 | 77 |
| iv_009 | 4.070448407778857 × 10^356 | 4654 | 84 |
| iv_011 | 6.78233190501998 × 10^356 | 4716 | 75 |
| iv_014 | 1.2996501115169256 × 10^357 | 4755 | 87 |
| iv_005 | 1.649362157447361 × 10^357 | 4810 | 61 |

### Input Bits Sorted by Output Occurrences

| Input Bit | Complexity | Occurrences | Output Occurrences |
|:---------:|:----------:|:-----------:|:------------------:|
| iv_005 | 1.649362157447361 × 10^357 | 4810 | 61 |
| iv_006 | 1.982346927919583 × 10^356 | 4406 | 74 |
| iv_011 | 6.78233190501998 × 10^356 | 4716 | 75 |
| iv_001 | 3.30541573631575 × 10^354 | 4612 | 77 |
| iv_003 | 4.115987602460026 × 10^355 | 4403 | 77 |
| iv_004 | 8.953022211967994 × 10^355 | 4572 | 77 |
| iv_002 | 2.7139931967652652 × 10^356 | 4415 | 77 |
| iv_013 | 1.0633480901298429 × 10^357 | 4570 | 78 |
| iv_016 | 1.0825050307258877 × 10^354 | 4539 | 79 |
| iv_012 | 8.579470732976982 × 10^356 | 4200 | 82 |
| iv_010 | 5.1957324887251035 × 10^356 | 4506 | 83 |
| iv_009 | 4.070448407778857 × 10^356 | 4654 | 84 |
| iv_008 | 3.238004526652756 × 10^356 | 4504 | 85 |
| iv_014 | 1.2996501115169256 × 10^357 | 4755 | 87 |

## Input Bit Co-occurrences

### Input Bit Co-occurrences Sorted by Co-occurrences

| Input Bits | Co-occurrences | Potential Occurrences | Output Co-occurrences | Potential Output Occurrences |
|:----------:|:--------------:|:---------------------:|:---------------------:|:----------------------------:|
| iv_008-iv_009 | 2322 | 4514 | 41 | 87 |
| iv_009-iv_014 | 2302 | 4805 | 42 | 87 |
| iv_009-iv_011 | 2259 | 4852 | 37 | 85 |
| iv_004-iv_009 | 2254 | 4718 | 44 | 73 |
| iv_001-iv_006 | 2250 | 4518 | 37 | 77 |
| iv_008-iv_014 | 2244 | 4771 | 53 | 66 |
| iv_009-iv_010 | 2242 | 4676 | 47 | 73 |
| iv_011-iv_016 | 2238 | 4779 | 35 | 84 |
| iv_004-iv_014 | 2232 | 4863 | 40 | 84 |
| iv_001-iv_016 | 2218 | 4715 | 42 | 72 |
| iv_011-iv_014 | 2218 | 5035 | 40 | 82 |
| iv_013-iv_014 | 2217 | 4891 | 41 | 83 |
| iv_001-iv_011 | 2215 | 4898 | 35 | 82 |
| iv_010-iv_011 | 2206 | 4810 | 37 | 84 |

### Input Bit Co-occurrences Sorted by Potential Occurrences

| Input Bits | Co-occurrences | Potential Occurrences | Output Co-occurrences | Potential Output Occurrences |
|:----------:|:--------------:|:---------------------:|:---------------------:|:----------------------------:|
| iv_008-iv_009 | 2322 | 4514 | 41 | 87 |
| iv_001-iv_006 | 2250 | 4518 | 37 | 77 |
| iv_003-iv_012 | 2041 | 4521 | 37 | 85 |
| iv_003-iv_004 | 2205 | 4565 | 42 | 70 |
| iv_003-iv_013 | 2195 | 4583 | 37 | 81 |
| iv_002-iv_012 | 2015 | 4585 | 43 | 73 |
| iv_003-iv_008 | 2161 | 4585 | 42 | 78 |
| iv_008-iv_012 | 2057 | 4590 | 45 | 77 |
| iv_012-iv_013 | 2055 | 4660 | 40 | 80 |
| iv_009-iv_010 | 2242 | 4676 | 47 | 73 |
| iv_008-iv_013 | 2199 | 4676 | 42 | 79 |
| iv_006-iv_016 | 2121 | 4703 | 36 | 81 |
| iv_001-iv_016 | 2218 | 4715 | 42 | 72 |
| iv_004-iv_009 | 2254 | 4718 | 44 | 73 |

### Input Bit Output Co-occurrences Sorted by Output Co-occurrences

| Input Bits | Co-occurrences | Potential Occurrences | Output Co-occurrences | Potential Output Occurrences |
|:----------:|:--------------:|:---------------------:|:---------------------:|:----------------------------:|
| iv_008-iv_014 | 2244 | 4771 | 53 | 66 |
| iv_009-iv_010 | 2242 | 4676 | 47 | 73 |
| iv_010-iv_014 | 2199 | 4863 | 47 | 76 |
| iv_001-iv_009 | 2181 | 4904 | 46 | 69 |
| iv_008-iv_010 | 2019 | 4972 | 46 | 76 |
| iv_014-iv_016 | 2173 | 4948 | 46 | 74 |
| iv_003-iv_009 | 2141 | 4775 | 45 | 71 |
| iv_008-iv_012 | 2057 | 4590 | 45 | 77 |
| iv_004-iv_010 | 2140 | 4798 | 44 | 72 |
| iv_012-iv_014 | 2058 | 4839 | 44 | 81 |
| iv_004-iv_009 | 2254 | 4718 | 44 | 73 |
| iv_003-iv_010 | 2004 | 4901 | 43 | 74 |
| iv_006-iv_008 | 2026 | 4858 | 43 | 73 |
| iv_004-iv_013 | 2161 | 4820 | 43 | 69 |

### Input Bit Output Co-occurrences Sorted by Potential Output Occurrences

| Input Bits | Co-occurrences | Potential Occurrences | Output Co-occurrences | Potential Output Occurrences |
|:----------:|:--------------:|:---------------------:|:---------------------:|:----------------------------:|
| iv_008-iv_014 | 2244 | 4771 | 53 | 66 |
| iv_001-iv_009 | 2181 | 4904 | 46 | 69 |
| iv_004-iv_013 | 2161 | 4820 | 43 | 69 |
| iv_003-iv_004 | 2205 | 4565 | 42 | 70 |
| iv_001-iv_004 | 2082 | 5020 | 42 | 70 |
| iv_002-iv_004 | 2078 | 4831 | 42 | 70 |
| iv_003-iv_009 | 2141 | 4775 | 45 | 71 |
| iv_004-iv_006 | 2008 | 4962 | 40 | 71 |
| iv_001-iv_003 | 2035 | 4945 | 41 | 72 |
| iv_004-iv_010 | 2140 | 4798 | 44 | 72 |
| iv_001-iv_016 | 2218 | 4715 | 42 | 72 |
| iv_009-iv_010 | 2242 | 4676 | 47 | 73 |
| iv_006-iv_008 | 2026 | 4858 | 43 | 73 |
| iv_004-iv_009 | 2254 | 4718 | 44 | 73 |

## Output Bits

### Output Bits in Regular Order

| Rank | Output Bit | Complexity |
|:----:|:----------:|:----------:|
| 1 | ov_001 | 1.133306703782061 × 10^357 |
| 2 | ov_002 | 9.896010368771808 × 10^356 |
| 3 | ov_003 | 8.604458384726849 × 10^356 |
| 4 | ov_004 | 7.446874322785541 × 10^356 |
| 5 | ov_005 | 6.412368565651027 × 10^356 |
| 6 | ov_006 | 5.490653403867278 × 10^356 |
| 7 | ov_007 | 4.6720031332701634 × 10^356 |
| 8 | ov_008 | 3.947218975038993 × 10^356 |
| 9 | ov_009 | 3.3075984241798195 × 10^356 |
| 10 | ov_010 | 2.744908744600635 × 10^356 |
| 11 | ov_011 | 2.2551479489411732 × 10^356 |
| 12 | ov_012 | 1.8345324376932206 × 10^356 |
| 13 | ov_013 | 1.4761169352066141 × 10^356 |
| 14 | ov_014 | 1.1733553141270298 × 10^356 |
| 15 | ov_015 | 9.20089971849772 × 10^355 |
| 16 | ov_016 | 7.105433231867903 × 10^355 |
| 17 | ov_017 | 5.393111030246431 × 10^355 |
| 18 | ov_018 | 4.013571972597482 × 10^355 |
| 19 | ov_019 | 2.920097447187088 × 10^355 |
| 20 | ov_020 | 2.069582771379561 × 10^355 |
| 21 | ov_021 | 1.4225168861048815 × 10^355 |
| 22 | ov_022 | 9.42968502221977 × 10^354 |
| 23 | ov_023 | 5.98577099043946 × 10^354 |
| 24 | ov_024 | 3.605474182738422 × 10^354 |
| 25 | ov_025 | 2.036463395515748 × 10^354 |
| 26 | ov_026 | 1.0620126573283514 × 10^354 |
| 27 | ov_027 | 5.0099380918133525 × 10^353 |
| 28 | ov_028 | 2.0787357590356515 × 10^353 |
| 29 | ov_029 | 7.2712622486811826 × 10^352 |
| 30 | ov_030 | 1.997637865599085 × 10^352 |
| 31 | ov_031 | 3.9001424021251657 × 10^351 |
| 32 | lv_80_m31 | 7.61348286585938 × 10^350 |
| 33 | ov_033 | 9.426994737032869 × 10^351 |
| 34 | ov_034 | 8.238055053795088 × 10^351 |
| 35 | ov_035 | 7.170023678509474 × 10^351 |
| 36 | ov_036 | 6.213211655042499 × 10^351 |
| 37 | ov_037 | 5.358462399552156 × 10^351 |
| 38 | ov_038 | 4.597114112865005 × 10^351 |
| 39 | ov_039 | 3.9209670330220384 × 10^351 |
| 40 | ov_040 | 3.322255088049488 × 10^351 |
| 41 | ov_041 | 2.793621532842883 × 10^351 |
| 42 | ov_042 | 2.3280981768976184 × 10^351 |
| 43 | ov_043 | 1.919087831639331 × 10^351 |
| 44 | ov_044 | 1.563382649141445 × 10^351 |
| 45 | ov_045 | 1.2579496077076564 × 10^351 |
| 46 | ov_046 | 9.99925035945274 × 10^350 |
| 47 | ov_047 | 7.840728047867222 × 10^350 |
| 48 | ov_048 | 6.05476789363272 × 10^350 |
| 49 | ov_049 | 4.595359991772404 × 10^350 |
| 50 | ov_050 | 3.419609020516749 × 10^350 |
| 51 | ov_051 | 2.4877073073005996 × 10^350 |
| 52 | ov_052 | 1.7629158013660374 × 10^350 |
| 53 | ov_053 | 1.2115512239626115 × 10^350 |
| 54 | ov_054 | 8.029778577175404 × 10^349 |
| 55 | ov_055 | 5.096026271471798 × 10^349 |
| 56 | ov_056 | 3.0687231258095294 × 10^349 |
| 57 | ov_057 | 1.7327199150855462 × 10^349 |
| 58 | ov_058 | 9.032415386303902 × 10^348 |
| 59 | ov_059 | 4.2588226712458675 × 10^348 |
| 60 | ov_060 | 1.7660353448582925 × 10^348 |
| 61 | ov_061 | 6.173309297101463 × 10^347 |
| 62 | ov_062 | 1.6947304071242277 × 10^347 |
| 63 | ov_063 | 3.305866168132311 × 10^346 |
| 64 | lv_79_m31 | 6.447362861692435 × 10^345 |
| 65 | ov_065 | 7.779450140509967 × 10^346 |
| 66 | ov_066 | 7.779418503663977 × 10^346 |
| 67 | ov_067 | 7.779408380647784 × 10^346 |
| 68 | ov_068 | 6.761955438900486 × 10^346 |
| 69 | ov_069 | 5.849104140479286 × 10^346 |
| 70 | ov_070 | 5.0329488368786136 × 10^346 |
| 71 | ov_071 | 4.306027813752793 × 10^346 |
| 72 | ov_072 | 3.661291527498423 × 10^346 |
| 73 | ov_073 | 3.092074652326067 × 10^346 |
| 74 | ov_074 | 2.5920715607705878 × 10^346 |
| 75 | ov_075 | 2.15531492220369 × 10^346 |
| 76 | ov_076 | 1.7761572030788368 × 10^346 |
| 77 | ov_077 | 1.449254869433428 × 10^346 |
| 78 | ov_078 | 1.1695550314035432 × 10^346 |
| 79 | ov_079 | 9.32284248991186 × 10^345 |
| 80 | ov_080 | 7.329392358183989 × 10^345 |
| 81 | ov_081 | 5.672792147424957 × 10^345 |
| 82 | ov_082 | 4.3131969607119335 × 10^345 |
| 83 | ov_083 | 3.21327489254744 × 10^345 |
| 84 | ov_084 | 2.3381679891652373 × 10^345 |
| 85 | ov_085 | 1.655462489928682 × 10^345 |
| 86 | ov_086 | 1.135166715871109 × 10^345 |
| 87 | ov_087 | 7.49695134104709 × 10^344 |
| 88 | ov_088 | 4.738572891961867 × 10^344 |
| 89 | ov_089 | 2.848504548008941 × 10^344 |
| 90 | ov_090 | 1.6225502094502603 × 10^344 |
| 91 | ov_091 | 8.80317944011499 × 10^343 |
| 92 | ov_092 | 4.6520551641557395 × 10^343 |
| 93 | ov_093 | 2.44393374837225 × 10^343 |
| 94 | ov_094 | 1.0884197340358052 × 10^343 |
| 95 | aaa_78_28 | 3.4772695575066806 × 10^342 |
| 96 | aaa_78_29 | 1.3046875160626932 × 10^342 |
| 97 | ov_097 | 1.247462928672037 × 10^342 |
| 98 | ov_098 | 1.2474594118054969 × 10^342 |
| 99 | ov_099 | 1.2474585603757572 × 10^342 |
| 100 | ov_100 | 1.0881562757247755 × 10^342 |
| 101 | ov_101 | 9.45283752173848 × 10^341 |
| 102 | ov_102 | 8.175178880218154 × 10^341 |
| 103 | ov_103 | 7.0360975200718 × 10^341 |
| 104 | ov_104 | 6.02379590074771 × 10^341 |
| 105 | ov_105 | 5.127124344709915 × 10^341 |
| 106 | ov_106 | 4.3355424266905605 × 10^341 |
| 107 | ov_107 | 3.63908501469034 × 10^341 |
| 108 | ov_108 | 3.028332466626711 × 10^341 |
| 109 | ov_109 | 2.494384628842483 × 10^341 |
| 110 | ov_110 | 2.032918274539645 × 10^341 |
| 111 | ov_111 | 1.6398534704581992 × 10^341 |
| 112 | ov_112 | 1.3077262158321318 × 10^341 |
| 113 | ov_113 | 1.0295203703141236 × 10^341 |
| 114 | ov_114 | 7.986565821849474 × 10^340 |
| 115 | ov_115 | 6.089834843239064 × 10^340 |
| 116 | ov_116 | 4.5477088130344485 × 10^340 |
| 117 | ov_117 | 3.3070461160999632 × 10^340 |
| 118 | ov_118 | 2.342310553415834 × 10^340 |
| 119 | ov_119 | 1.6085790296717245 × 10^340 |
| 120 | ov_120 | 1.065006065428177 × 10^340 |
| 121 | ov_121 | 6.748119306589404 × 10^339 |
| 122 | ov_122 | 4.052753854461677 × 10^339 |
| 123 | ov_123 | 2.2772956000350354 × 10^339 |
| 124 | ov_124 | 1.175598249863068 × 10^339 |
| 125 | ov_125 | 5.420281256982492 × 10^338 |
| 126 | ov_126 | 2.1146029881245004 × 10^338 |
| 127 | aaa_77_28 | 5.927734358240278 × 10^337 |
| 128 | aaa_77_29 | 1.8040617519737725 × 10^337 |
| 129 | ov_129 | 1.0752322439671836 × 10^337 |
| 130 | ov_130 | 1.0752287264844441 × 10^337 |
| 131 | ov_131 | 1.0752278732620218 × 10^337 |
| 132 | ov_132 | 9.38325294393758 × 10^336 |
| 133 | ov_133 | 8.16260010141639 × 10^336 |
| 134 | ov_134 | 7.077180706079955 × 10^336 |
| 135 | ov_135 | 6.114603385565476 × 10^336 |
| 136 | ov_136 | 5.263173645716821 × 10^336 |
| 137 | ov_137 | 4.511848259303164 × 10^336 |
| 138 | ov_138 | 3.850194753491659 × 10^336 |
| 139 | ov_139 | 3.268355611305291 × 10^336 |
| 140 | ov_140 | 2.75701686490631 × 10^336 |
| 141 | ov_141 | 2.307380776624324 × 10^336 |
| 142 | ov_142 | 1.9111423211229605 × 10^336 |
| 143 | ov_143 | 1.5642694529719104 × 10^336 |
| 144 | ov_144 | 1.262961918285958 × 10^336 |
| 145 | ov_145 | 1.0036436898453519 × 10^336 |
| 146 | ov_146 | 7.829568413509384 × 10^335 |
| 147 | ov_147 | 5.977566826490914 × 10^335 |
| 148 | ov_148 | 4.451079669637595 × 10^335 |
| 149 | ov_149 | 3.222819968697577 × 10^335 |
| 150 | ov_150 | 2.267544713841259 × 10^335 |
| 151 | ov_151 | 1.540842353315495 × 10^335 |
| 152 | ov_152 | 1.002329372826973 × 10^335 |
| 153 | ov_153 | 6.156385756129758 × 10^334 |
| 154 | ov_154 | 3.484118970986424 × 10^334 |
| 155 | ov_155 | 1.722963089685741 × 10^334 |
| 156 | aaa_76_25 | 6.294173457947331 × 10^333 |
| 157 | aaa_76_26 | 3.2875482356272664 × 10^333 |
| 158 | aaa_76_27 | 1.5154392261066843 × 10^333 |
| 159 | aaa_76_28 | 5.911270756642203 × 10^332 |
| 160 | aaa_76_29 | 1.8017074991222682 × 10^332 |

### Output Bits Sorted by Complexity

| Rank | Output Bit | Complexity |
|:----:|:----------:|:----------:|
| 160 | aaa_76_29 | 1.8017074991222682 × 10^332 |
| 159 | aaa_76_28 | 5.911270756642203 × 10^332 |
| 158 | aaa_76_27 | 1.5154392261066843 × 10^333 |
| 157 | aaa_76_26 | 3.2875482356272664 × 10^333 |
| 156 | aaa_76_25 | 6.294173457947331 × 10^333 |
| 155 | ov_155 | 1.722963089685741 × 10^334 |
| 154 | ov_154 | 3.484118970986424 × 10^334 |
| 153 | ov_153 | 6.156385756129758 × 10^334 |
| 152 | ov_152 | 1.002329372826973 × 10^335 |
| 151 | ov_151 | 1.540842353315495 × 10^335 |
| 150 | ov_150 | 2.267544713841259 × 10^335 |
| 149 | ov_149 | 3.222819968697577 × 10^335 |
| 148 | ov_148 | 4.451079669637595 × 10^335 |
| 147 | ov_147 | 5.977566826490914 × 10^335 |
| 146 | ov_146 | 7.829568413509384 × 10^335 |
| 145 | ov_145 | 1.0036436898453519 × 10^336 |
| 144 | ov_144 | 1.262961918285958 × 10^336 |
| 143 | ov_143 | 1.5642694529719104 × 10^336 |
| 142 | ov_142 | 1.9111423211229605 × 10^336 |
| 141 | ov_141 | 2.307380776624324 × 10^336 |
| 140 | ov_140 | 2.75701686490631 × 10^336 |
| 139 | ov_139 | 3.268355611305291 × 10^336 |
| 138 | ov_138 | 3.850194753491659 × 10^336 |
| 137 | ov_137 | 4.511848259303164 × 10^336 |
| 136 | ov_136 | 5.263173645716821 × 10^336 |
| 135 | ov_135 | 6.114603385565476 × 10^336 |
| 134 | ov_134 | 7.077180706079955 × 10^336 |
| 133 | ov_133 | 8.16260010141639 × 10^336 |
| 132 | ov_132 | 9.38325294393758 × 10^336 |
| 131 | ov_131 | 1.0752278732620218 × 10^337 |
| 130 | ov_130 | 1.0752287264844441 × 10^337 |
| 129 | ov_129 | 1.0752322439671836 × 10^337 |
| 128 | aaa_77_29 | 1.8040617519737725 × 10^337 |
| 127 | aaa_77_28 | 5.927734358240278 × 10^337 |
| 126 | ov_126 | 2.1146029881245004 × 10^338 |
| 125 | ov_125 | 5.420281256982492 × 10^338 |
| 124 | ov_124 | 1.175598249863068 × 10^339 |
| 123 | ov_123 | 2.2772956000350354 × 10^339 |
| 122 | ov_122 | 4.052753854461677 × 10^339 |
| 121 | ov_121 | 6.748119306589404 × 10^339 |
| 120 | ov_120 | 1.065006065428177 × 10^340 |
| 119 | ov_119 | 1.6085790296717245 × 10^340 |
| 118 | ov_118 | 2.342310553415834 × 10^340 |
| 117 | ov_117 | 3.3070461160999632 × 10^340 |
| 116 | ov_116 | 4.5477088130344485 × 10^340 |
| 115 | ov_115 | 6.089834843239064 × 10^340 |
| 114 | ov_114 | 7.986565821849474 × 10^340 |
| 113 | ov_113 | 1.0295203703141236 × 10^341 |
| 112 | ov_112 | 1.3077262158321318 × 10^341 |
| 111 | ov_111 | 1.6398534704581992 × 10^341 |
| 110 | ov_110 | 2.032918274539645 × 10^341 |
| 109 | ov_109 | 2.494384628842483 × 10^341 |
| 108 | ov_108 | 3.028332466626711 × 10^341 |
| 107 | ov_107 | 3.63908501469034 × 10^341 |
| 106 | ov_106 | 4.3355424266905605 × 10^341 |
| 105 | ov_105 | 5.127124344709915 × 10^341 |
| 104 | ov_104 | 6.02379590074771 × 10^341 |
| 103 | ov_103 | 7.0360975200718 × 10^341 |
| 102 | ov_102 | 8.175178880218154 × 10^341 |
| 101 | ov_101 | 9.45283752173848 × 10^341 |
| 100 | ov_100 | 1.0881562757247755 × 10^342 |
| 99 | ov_099 | 1.2474585603757572 × 10^342 |
| 98 | ov_098 | 1.2474594118054969 × 10^342 |
| 97 | ov_097 | 1.247462928672037 × 10^342 |
| 96 | aaa_78_29 | 1.3046875160626932 × 10^342 |
| 95 | aaa_78_28 | 3.4772695575066806 × 10^342 |
| 94 | ov_094 | 1.0884197340358052 × 10^343 |
| 93 | ov_093 | 2.44393374837225 × 10^343 |
| 92 | ov_092 | 4.6520551641557395 × 10^343 |
| 91 | ov_091 | 8.80317944011499 × 10^343 |
| 90 | ov_090 | 1.6225502094502603 × 10^344 |
| 89 | ov_089 | 2.848504548008941 × 10^344 |
| 88 | ov_088 | 4.738572891961867 × 10^344 |
| 87 | ov_087 | 7.49695134104709 × 10^344 |
| 86 | ov_086 | 1.135166715871109 × 10^345 |
| 85 | ov_085 | 1.655462489928682 × 10^345 |
| 84 | ov_084 | 2.3381679891652373 × 10^345 |
| 83 | ov_083 | 3.21327489254744 × 10^345 |
| 82 | ov_082 | 4.3131969607119335 × 10^345 |
| 81 | ov_081 | 5.672792147424957 × 10^345 |
| 64 | lv_79_m31 | 6.447362861692435 × 10^345 |
| 80 | ov_080 | 7.329392358183989 × 10^345 |
| 79 | ov_079 | 9.32284248991186 × 10^345 |
| 78 | ov_078 | 1.1695550314035432 × 10^346 |
| 77 | ov_077 | 1.449254869433428 × 10^346 |
| 76 | ov_076 | 1.7761572030788368 × 10^346 |
| 75 | ov_075 | 2.15531492220369 × 10^346 |
| 74 | ov_074 | 2.5920715607705878 × 10^346 |
| 73 | ov_073 | 3.092074652326067 × 10^346 |
| 63 | ov_063 | 3.305866168132311 × 10^346 |
| 72 | ov_072 | 3.661291527498423 × 10^346 |
| 71 | ov_071 | 4.306027813752793 × 10^346 |
| 70 | ov_070 | 5.0329488368786136 × 10^346 |
| 69 | ov_069 | 5.849104140479286 × 10^346 |
| 68 | ov_068 | 6.761955438900486 × 10^346 |
| 67 | ov_067 | 7.779408380647784 × 10^346 |
| 66 | ov_066 | 7.779418503663977 × 10^346 |
| 65 | ov_065 | 7.779450140509967 × 10^346 |
| 62 | ov_062 | 1.6947304071242277 × 10^347 |
| 61 | ov_061 | 6.173309297101463 × 10^347 |
| 60 | ov_060 | 1.7660353448582925 × 10^348 |
| 59 | ov_059 | 4.2588226712458675 × 10^348 |
| 58 | ov_058 | 9.032415386303902 × 10^348 |
| 57 | ov_057 | 1.7327199150855462 × 10^349 |
| 56 | ov_056 | 3.0687231258095294 × 10^349 |
| 55 | ov_055 | 5.096026271471798 × 10^349 |
| 54 | ov_054 | 8.029778577175404 × 10^349 |
| 53 | ov_053 | 1.2115512239626115 × 10^350 |
| 52 | ov_052 | 1.7629158013660374 × 10^350 |
| 51 | ov_051 | 2.4877073073005996 × 10^350 |
| 50 | ov_050 | 3.419609020516749 × 10^350 |
| 49 | ov_049 | 4.595359991772404 × 10^350 |
| 48 | ov_048 | 6.05476789363272 × 10^350 |
| 32 | lv_80_m31 | 7.61348286585938 × 10^350 |
| 47 | ov_047 | 7.840728047867222 × 10^350 |
| 46 | ov_046 | 9.99925035945274 × 10^350 |
| 45 | ov_045 | 1.2579496077076564 × 10^351 |
| 44 | ov_044 | 1.563382649141445 × 10^351 |
| 43 | ov_043 | 1.919087831639331 × 10^351 |
| 42 | ov_042 | 2.3280981768976184 × 10^351 |
| 41 | ov_041 | 2.793621532842883 × 10^351 |
| 40 | ov_040 | 3.322255088049488 × 10^351 |
| 31 | ov_031 | 3.9001424021251657 × 10^351 |
| 39 | ov_039 | 3.9209670330220384 × 10^351 |
| 38 | ov_038 | 4.597114112865005 × 10^351 |
| 37 | ov_037 | 5.358462399552156 × 10^351 |
| 36 | ov_036 | 6.213211655042499 × 10^351 |
| 35 | ov_035 | 7.170023678509474 × 10^351 |
| 34 | ov_034 | 8.238055053795088 × 10^351 |
| 33 | ov_033 | 9.426994737032869 × 10^351 |
| 30 | ov_030 | 1.997637865599085 × 10^352 |
| 29 | ov_029 | 7.2712622486811826 × 10^352 |
| 28 | ov_028 | 2.0787357590356515 × 10^353 |
| 27 | ov_027 | 5.0099380918133525 × 10^353 |
| 26 | ov_026 | 1.0620126573283514 × 10^354 |
| 25 | ov_025 | 2.036463395515748 × 10^354 |
| 24 | ov_024 | 3.605474182738422 × 10^354 |
| 23 | ov_023 | 5.98577099043946 × 10^354 |
| 22 | ov_022 | 9.42968502221977 × 10^354 |
| 21 | ov_021 | 1.4225168861048815 × 10^355 |
| 20 | ov_020 | 2.069582771379561 × 10^355 |
| 19 | ov_019 | 2.920097447187088 × 10^355 |
| 18 | ov_018 | 4.013571972597482 × 10^355 |
| 17 | ov_017 | 5.393111030246431 × 10^355 |
| 16 | ov_016 | 7.105433231867903 × 10^355 |
| 15 | ov_015 | 9.20089971849772 × 10^355 |
| 14 | ov_014 | 1.1733553141270298 × 10^356 |
| 13 | ov_013 | 1.4761169352066141 × 10^356 |
| 12 | ov_012 | 1.8345324376932206 × 10^356 |
| 11 | ov_011 | 2.2551479489411732 × 10^356 |
| 10 | ov_010 | 2.744908744600635 × 10^356 |
| 9 | ov_009 | 3.3075984241798195 × 10^356 |
| 8 | ov_008 | 3.947218975038993 × 10^356 |
| 7 | ov_007 | 4.6720031332701634 × 10^356 |
| 6 | ov_006 | 5.490653403867278 × 10^356 |
| 5 | ov_005 | 6.412368565651027 × 10^356 |
| 4 | ov_004 | 7.446874322785541 × 10^356 |
| 3 | ov_003 | 8.604458384726849 × 10^356 |
| 2 | ov_002 | 9.896010368771808 × 10^356 |
| 1 | ov_001 | 1.133306703782061 × 10^357 |

