# Results for F001-F002-F003-F004-F005-F006-F007-F008-F009-F010-F011-F012-F013-F014-F015-F016-F017-F018-F019-F020-F021-F022-F023-F024-F025-F026-F027-F028-F029-F030-F031-F032-F033-F034-F035-F036-F037-F038-F039-F040-F041-F042-F043-F044-F045-F046-F047-F048-F049-F050-F051-F052-F053-F054-F055-F056-F057-F058-F059-F060-F061-F062-F063-F064-F065-F066-F067-F068-F069-F070-F071-F072-F073-F074-F075-F076-F077-F078-F079-F080-F081-F082-F083-F084-F085-F086-F087-F088-F089-F090-F091-F092-F093-F094-F095-F096-F097-F098-F099-F100-F101-F102-F103-F104-F105-F106-F107-F108-F109-F110-F111-F112-F113-F114-F115-F116-F117-F118-F119-F120-F121-F122-F123-F124-F125-F126-F127-F128-F129-F130-F131-F132-F133-F134-F135-F136-F137-F138-F139-F140-F141-F142-F143-F144-F145-F146-F147-F148-F149-F150-F151-F152-F153-F154-F155-F156-F157-F158-F159-F160-F161-F162-F163-F164-F165-F166-F167-F168-F169-F170-F171-F172-F173-F174-F175-F176-F177-F178-F179-F180-F181-F182-F183-F184-F185-F186-F187-F188-F189-F190-F191-F192-F193-F194-F195-F196-F197-F198-F199-F200-F201-F202-F203-F204-F205-F206-F207-F208-F209-F210-F211-F212-F213-F214-F215-F216-F217-F218-F219-F220-F221-F222-F223-F224-F225-F226-F227-F228-F229-F230-F231-F232-F233-F234-F235-F236-F237-F238-F239-F240-F241-F242-F243-F244-F245-F246-F247-F248-F249-F250-F251-F252-F253-F254-F255-F256-F257-F258-F259-F260-F261-F262-F263-F264-F265-F266-F267-F268-F269-F270-F271-F272-F273-F274-F275-F276-F277-F278-F279-F280-F281-F282-F283-F284-F285-F286-F287-F288-F289-F290-F291-F292-F293-F294-F295-F296-F297-F298-F299-F300-F301-F302-F303-F304-F305-F306-F307-F308-F309-F310-F311-F312-F313-F314-F315-F316-F317-F318-F319-F320-F321-F322-F323-F324-F325-F326-F327-F328-F329-F330-F331-F332-F333-F334-F335-F336-F337-F338-F339-F340-F341-F342-F343-F344-F345-F346-F347-F348-F349-F350-F351-F352-F353-F354-F355-F356-F357-F358-F359-F360-F361-F362-F363-F364-F365-F366-F367-F368-F369-F370-F371-F372-F373-F374-F375-F376-F377-F378-F379-F380-F381-F382-F383-F384-F385-F386-F387-F388-F389-F390-F391-F392-F393-F394-F395-F396-F397-F398-F399-F400-F401-F402-F403-F404-F405-F406-F407-F408-F409-F410-F411-F412-F413-F414-F415-F416-F417-F418-F419-F420-F421-F422-F423-F424-F425-F426-F427-F428-F429-F430-F431-F432-F433-F434-F435-F436-F437-F438-F439-F440-F441-F442-F443-F444-F445-F446-F447-F448-F449-F450-F451-F452-F453-F454-F455-F456-F457-F458-F459-F460-F461-F462-F463-F464-F465-F466-F467-F468-F469-F470-F471-F472-F473-F474-F475-F476-F477-F478-F479-F480-F481-F482-F483-F484-F485-F486-F487-F488-F489-F490-F491-F492-F493-F494-F495-F496-O500511-E507512

## Summary

Number of input bits: 512  
Number of free input bits: 14  
Number of output bits: 160

Number of direct occurrences: 57224  
Number of assignments: 32264  
Number of operations: 11538203
(xor: 11509394,
and: 15070,
or: 13739)

Total complexity: 1.9676836179806882 × 10^304

Least occurring input variable: iv_502 (3933)  
Most occurring input variable: iv_507 (4365)

Most co-occurring input variables: iv_499-iv_510 (2052)  
Least co-occurring input variables: iv_498-iv_502 (1792)

Potentially most occurring input variable: iv_500/iv_507 (4602)  
Potentially least occurring input variable: iv_506/iv_509 (4173)

Least output occurring input variable: iv_503 (72)  
Most output occurring input variable: iv_498 (90)

Most output co-occurring input variables: iv_498-iv_500 (50)  
Least output co-occurring input variables: iv_502-iv_503 (30)

Potentially most output occurring input variable: iv_497/iv_503 (96)  
Potentially least output occurring input variable: iv_498/iv_500 (69)

Least complex input bit: iv_497 (1.3871795091140052 × 10^301)  
Most complex input bit: iv_510 (4.828211675560803 × 10^303)

Least complex output bit: aaa_76_29 (7.318825185119839 × 10^278)  
Most complex output bit: ov_001 (3.0614129822155604 × 10^303)

Least complex input/output complexity: iv_497/aaa_76_29 (5.159632491124091 × 10^275)  
Most complex input/output complexity: iv_510/ov_001 (7.511954548676671 × 10^302)

## Input Bits

### Input Bits in Regular Order

| Input Bit | Complexity | Occurrences | Output Occurrences |
|:---------:|:----------:|:-----------:|:------------------:|
| iv_497 | 1.3871795091140052 × 10^301 | 4134 | 86 |
| iv_498 | 2.798238552887225 × 10^301 | 3984 | 90 |
| iv_499 | 4.982095817929787 × 10^301 | 4151 | 81 |
| iv_500 | 1.5142453506345236 × 10^303 | 4225 | 79 |
| iv_501 | 1.4389018392310715 × 10^302 | 4132 | 84 |
| iv_502 | 2.3387728382947825 × 10^302 | 3933 | 79 |
| iv_503 | 3.6901255717307937 × 10^302 | 4078 | 72 |
| iv_504 | 5.6848678189732524 × 10^302 | 3982 | 81 |
| iv_505 | 8.590831968821889 × 10^302 | 3965 | 79 |
| iv_506 | 1.2763407898503676 × 10^303 | 3992 | 82 |
| iv_507 | 3.516777678479784 × 10^303 | 4365 | 72 |
| iv_508 | 2.646495999893181 × 10^303 | 4060 | 85 |
| iv_509 | 3.628739542883717 × 10^303 | 4055 | 80 |
| iv_510 | 4.828211675560803 × 10^303 | 4168 | 79 |

### Input Bits Sorted by Complexity

| Input Bit | Complexity | Occurrences | Output Occurrences |
|:---------:|:----------:|:-----------:|:------------------:|
| iv_497 | 1.3871795091140052 × 10^301 | 4134 | 86 |
| iv_498 | 2.798238552887225 × 10^301 | 3984 | 90 |
| iv_499 | 4.982095817929787 × 10^301 | 4151 | 81 |
| iv_501 | 1.4389018392310715 × 10^302 | 4132 | 84 |
| iv_502 | 2.3387728382947825 × 10^302 | 3933 | 79 |
| iv_503 | 3.6901255717307937 × 10^302 | 4078 | 72 |
| iv_504 | 5.6848678189732524 × 10^302 | 3982 | 81 |
| iv_505 | 8.590831968821889 × 10^302 | 3965 | 79 |
| iv_506 | 1.2763407898503676 × 10^303 | 3992 | 82 |
| iv_500 | 1.5142453506345236 × 10^303 | 4225 | 79 |
| iv_508 | 2.646495999893181 × 10^303 | 4060 | 85 |
| iv_507 | 3.516777678479784 × 10^303 | 4365 | 72 |
| iv_509 | 3.628739542883717 × 10^303 | 4055 | 80 |
| iv_510 | 4.828211675560803 × 10^303 | 4168 | 79 |

### Input Bits Sorted by Occurrences

| Input Bit | Complexity | Occurrences | Output Occurrences |
|:---------:|:----------:|:-----------:|:------------------:|
| iv_502 | 2.3387728382947825 × 10^302 | 3933 | 79 |
| iv_505 | 8.590831968821889 × 10^302 | 3965 | 79 |
| iv_504 | 5.6848678189732524 × 10^302 | 3982 | 81 |
| iv_498 | 2.798238552887225 × 10^301 | 3984 | 90 |
| iv_506 | 1.2763407898503676 × 10^303 | 3992 | 82 |
| iv_509 | 3.628739542883717 × 10^303 | 4055 | 80 |
| iv_508 | 2.646495999893181 × 10^303 | 4060 | 85 |
| iv_503 | 3.6901255717307937 × 10^302 | 4078 | 72 |
| iv_501 | 1.4389018392310715 × 10^302 | 4132 | 84 |
| iv_497 | 1.3871795091140052 × 10^301 | 4134 | 86 |
| iv_499 | 4.982095817929787 × 10^301 | 4151 | 81 |
| iv_510 | 4.828211675560803 × 10^303 | 4168 | 79 |
| iv_500 | 1.5142453506345236 × 10^303 | 4225 | 79 |
| iv_507 | 3.516777678479784 × 10^303 | 4365 | 72 |

### Input Bits Sorted by Output Occurrences

| Input Bit | Complexity | Occurrences | Output Occurrences |
|:---------:|:----------:|:-----------:|:------------------:|
| iv_503 | 3.6901255717307937 × 10^302 | 4078 | 72 |
| iv_507 | 3.516777678479784 × 10^303 | 4365 | 72 |
| iv_502 | 2.3387728382947825 × 10^302 | 3933 | 79 |
| iv_505 | 8.590831968821889 × 10^302 | 3965 | 79 |
| iv_510 | 4.828211675560803 × 10^303 | 4168 | 79 |
| iv_500 | 1.5142453506345236 × 10^303 | 4225 | 79 |
| iv_509 | 3.628739542883717 × 10^303 | 4055 | 80 |
| iv_504 | 5.6848678189732524 × 10^302 | 3982 | 81 |
| iv_499 | 4.982095817929787 × 10^301 | 4151 | 81 |
| iv_506 | 1.2763407898503676 × 10^303 | 3992 | 82 |
| iv_501 | 1.4389018392310715 × 10^302 | 4132 | 84 |
| iv_508 | 2.646495999893181 × 10^303 | 4060 | 85 |
| iv_497 | 1.3871795091140052 × 10^301 | 4134 | 86 |
| iv_498 | 2.798238552887225 × 10^301 | 3984 | 90 |

## Input Bit Co-occurrences

### Input Bit Co-occurrences Sorted by Co-occurrences

| Input Bits | Co-occurrences | Potential Occurrences | Output Co-occurrences | Potential Output Occurrences |
|:----------:|:--------------:|:---------------------:|:---------------------:|:----------------------------:|
| iv_499-iv_510 | 2052 | 4215 | 43 | 74 |
| iv_499-iv_507 | 2030 | 4456 | 37 | 79 |
| iv_499-iv_508 | 2017 | 4177 | 44 | 78 |
| iv_499-iv_500 | 2006 | 4364 | 39 | 82 |
| iv_497-iv_501 | 2006 | 4254 | 45 | 80 |
| iv_507-iv_510 | 2001 | 4531 | 33 | 85 |
| iv_499-iv_509 | 2000 | 4206 | 41 | 79 |
| iv_497-iv_499 | 1998 | 4289 | 43 | 81 |
| iv_499-iv_501 | 1997 | 4289 | 45 | 75 |
| iv_497-iv_503 | 1996 | 4220 | 31 | 96 |
| iv_500-iv_510 | 1995 | 4403 | 41 | 76 |
| iv_497-iv_507 | 1995 | 4509 | 40 | 78 |
| iv_500-iv_507 | 1994 | 4602 | 38 | 75 |
| iv_501-iv_510 | 1993 | 4314 | 43 | 77 |

### Input Bit Co-occurrences Sorted by Potential Occurrences

| Input Bits | Co-occurrences | Potential Occurrences | Output Co-occurrences | Potential Output Occurrences |
|:----------:|:--------------:|:---------------------:|:---------------------:|:----------------------------:|
| iv_506-iv_509 | 1937 | 4173 | 46 | 70 |
| iv_499-iv_508 | 2017 | 4177 | 44 | 78 |
| iv_499-iv_502 | 1953 | 4178 | 37 | 86 |
| iv_504-iv_506 | 1895 | 4184 | 44 | 75 |
| iv_498-iv_508 | 1927 | 4190 | 46 | 83 |
| iv_506-iv_508 | 1927 | 4198 | 45 | 77 |
| iv_499-iv_509 | 2000 | 4206 | 41 | 79 |
| iv_498-iv_504 | 1878 | 4210 | 46 | 79 |
| iv_502-iv_506 | 1856 | 4213 | 43 | 75 |
| iv_499-iv_506 | 1964 | 4215 | 39 | 85 |
| iv_499-iv_510 | 2052 | 4215 | 43 | 74 |
| iv_503-iv_506 | 1927 | 4216 | 37 | 80 |
| iv_501-iv_505 | 1939 | 4219 | 41 | 81 |
| iv_497-iv_503 | 1996 | 4220 | 31 | 96 |

### Input Bit Output Co-occurrences Sorted by Output Co-occurrences

| Input Bits | Co-occurrences | Potential Occurrences | Output Co-occurrences | Potential Output Occurrences |
|:----------:|:--------------:|:---------------------:|:---------------------:|:----------------------------:|
| iv_497-iv_498 | 1915 | 4288 | 50 | 76 |
| iv_498-iv_500 | 1867 | 4475 | 50 | 69 |
| iv_498-iv_510 | 1962 | 4228 | 49 | 71 |
| iv_501-iv_506 | 1905 | 4314 | 48 | 70 |
| iv_497-iv_504 | 1929 | 4258 | 48 | 71 |
| iv_501-iv_508 | 1961 | 4270 | 47 | 75 |
| iv_504-iv_508 | 1900 | 4242 | 46 | 74 |
| iv_498-iv_504 | 1878 | 4210 | 46 | 79 |
| iv_498-iv_508 | 1927 | 4190 | 46 | 83 |
| iv_499-iv_504 | 1945 | 4243 | 46 | 70 |
| iv_498-iv_507 | 1932 | 4485 | 46 | 70 |
| iv_506-iv_509 | 1937 | 4173 | 46 | 70 |
| iv_508-iv_509 | 1942 | 4231 | 45 | 75 |
| iv_498-iv_501 | 1884 | 4348 | 45 | 84 |

### Input Bit Output Co-occurrences Sorted by Potential Output Occurrences

| Input Bits | Co-occurrences | Potential Occurrences | Output Co-occurrences | Potential Output Occurrences |
|:----------:|:--------------:|:---------------------:|:---------------------:|:----------------------------:|
| iv_498-iv_500 | 1867 | 4475 | 50 | 69 |
| iv_499-iv_504 | 1945 | 4243 | 46 | 70 |
| iv_501-iv_506 | 1905 | 4314 | 48 | 70 |
| iv_498-iv_507 | 1932 | 4485 | 46 | 70 |
| iv_506-iv_509 | 1937 | 4173 | 46 | 70 |
| iv_498-iv_510 | 1962 | 4228 | 49 | 71 |
| iv_497-iv_504 | 1929 | 4258 | 48 | 71 |
| iv_503-iv_505 | 1899 | 4245 | 39 | 73 |
| iv_506-iv_510 | 1963 | 4234 | 44 | 73 |
| iv_502-iv_504 | 1832 | 4251 | 43 | 74 |
| iv_504-iv_508 | 1900 | 4242 | 46 | 74 |
| iv_499-iv_510 | 2052 | 4215 | 43 | 74 |
| iv_500-iv_505 | 1853 | 4484 | 42 | 74 |
| iv_500-iv_508 | 1947 | 4391 | 45 | 74 |

## Output Bits

### Output Bits in Regular Order

| Rank | Output Bit | Complexity |
|:----:|:----------:|:----------:|
| 1 | ov_001 | 3.0614129822155604 × 10^303 |
| 2 | ov_002 | 2.665546437457987 × 10^303 |
| 3 | ov_003 | 2.310040149308261 × 10^303 |
| 4 | ov_004 | 1.9918674757552463 × 10^303 |
| 5 | ov_005 | 1.7081681549642762 × 10^303 |
| 6 | ov_006 | 1.4562365906244348 × 10^303 |
| 7 | ov_007 | 1.2335116456727889 × 10^303 |
| 8 | ov_008 | 1.0375678066523113 × 10^303 |
| 9 | ov_009 | 8.661075883635914 × 10^302 |
| 10 | ov_010 | 7.169550555993535 × 10^302 |
| 11 | ov_011 | 5.880503456538178 × 10^302 |
| 12 | ov_012 | 4.774450820183285 × 10^302 |
| 13 | ov_013 | 3.832985762471455 × 10^302 |
| 14 | ov_014 | 3.0387472143417786 × 10^302 |
| 15 | ov_015 | 2.3753948710928645 × 10^302 |
| 16 | ov_016 | 1.8275893166360622 × 10^302 |
| 17 | ov_017 | 1.380976546651698 × 10^302 |
| 18 | ov_018 | 1.0221761764328586 × 10^302 |
| 19 | ov_019 | 7.387726811376508 × 10^301 |
| 20 | ov_020 | 5.193090779547174 × 10^301 |
| 21 | ov_021 | 3.5328252137676406 × 10^301 |
| 22 | ov_022 | 2.3114134441181105 × 10^301 |
| 23 | ov_023 | 1.4428314016611573 × 10^301 |
| 24 | ov_024 | 8.505355362165315 × 10^300 |
| 25 | ov_025 | 4.6745552565744766 × 10^300 |
| 26 | ov_026 | 2.359902785473332 × 10^300 |
| 27 | ov_027 | 1.0800605132906167 × 10^300 |
| 28 | ov_028 | 4.483570505243655 × 10^299 |
| 29 | ov_029 | 1.727846584059672 × 10^299 |
| 30 | ov_030 | 5.282670092592633 × 10^298 |
| 31 | ov_031 | 1.0304623289029616 × 10^298 |
| 32 | lv_80_m31 | 2.0096604994970826 × 10^297 |
| 33 | ov_033 | 2.4303888105120157 × 10^298 |
| 34 | ov_034 | 2.1131938642530148 × 10^298 |
| 35 | ov_035 | 1.828611740726743 × 10^298 |
| 36 | ov_036 | 1.5741834803461965 × 10^298 |
| 37 | ov_037 | 1.3475853512862982 × 10^298 |
| 38 | ov_038 | 1.1466193013249498 × 10^298 |
| 39 | ov_039 | 9.692046388894746 × 10^297 |
| 40 | ov_040 | 8.133708320625023 × 10^297 |
| 41 | ov_041 | 6.772513198776406 × 10^297 |
| 42 | ov_042 | 5.5907823572084615 × 10^297 |
| 43 | ov_043 | 4.571779480631949 × 10^297 |
| 44 | ov_044 | 3.699673290954326 × 10^297 |
| 45 | ov_045 | 2.959506671231852 × 10^297 |
| 46 | ov_046 | 2.3371714382214553 × 10^297 |
| 47 | ov_047 | 1.8193880265237016 × 10^297 |
| 48 | ov_048 | 1.3936893989685418 × 10^297 |
| 49 | ov_049 | 1.048408549279433 × 10^297 |
| 50 | ov_050 | 7.726690142158252 × 10^296 |
| 51 | ov_051 | 5.563778633889307 × 10^296 |
| 52 | ov_052 | 3.902206858103501 × 10^296 |
| 53 | ov_053 | 2.6565814300054985 × 10^296 |
| 54 | ov_054 | 1.7492370918548204 × 10^296 |
| 55 | ov_055 | 1.110222697695495 × 10^296 |
| 56 | ov_056 | 6.772929990863843 × 10^295 |
| 57 | ov_057 | 3.9590403524658205 × 10^295 |
| 58 | ov_058 | 2.1921064241644943 × 10^295 |
| 59 | ov_059 | 1.0806521140327899 × 10^295 |
| 60 | ov_060 | 4.4818229075765494 × 10^294 |
| 61 | ov_061 | 1.5668624633536117 × 10^294 |
| 62 | ov_062 | 4.301959613199216 × 10^293 |
| 63 | ov_063 | 8.392713052513577 × 10^292 |
| 64 | lv_79_m31 | 1.6369923252345767 × 10^292 |
| 65 | ov_065 | 1.9760380520556793 × 10^293 |
| 66 | ov_066 | 1.9760331576779475 × 10^293 |
| 67 | ov_067 | 1.976031993187678 × 10^293 |
| 68 | ov_068 | 1.718524701083235 × 10^293 |
| 69 | ov_069 | 1.4872335115099688 × 10^293 |
| 70 | ov_070 | 1.2802566203254652 × 10^293 |
| 71 | ov_071 | 1.09578224529066 × 10^293 |
| 72 | ov_072 | 9.320830127245036 × 10^292 |
| 73 | ov_073 | 7.875115075904208 × 10^292 |
| 74 | ov_074 | 6.604968020936938 × 10^292 |
| 75 | ov_075 | 5.495417877630003 × 10^292 |
| 76 | ov_076 | 4.5322114548847487 × 10^292 |
| 77 | ov_077 | 3.7017979715998513 × 10^292 |
| 78 | ov_078 | 2.991316914518966 × 10^292 |
| 79 | ov_079 | 2.388587996977901 × 10^292 |
| 80 | ov_080 | 1.8821024941884095 × 10^292 |
| 81 | ov_081 | 1.4610157147896443 × 10^292 |
| 82 | ov_082 | 1.1151405266795757 × 10^292 |
| 83 | ov_083 | 8.349418556992125 × 10^291 |
| 84 | ov_084 | 6.115320761349712 × 10^291 |
| 85 | ov_085 | 4.366672122685326 × 10^291 |
| 86 | ov_086 | 3.027438703732382 × 10^291 |
| 87 | ov_087 | 2.027968206603856 × 10^291 |
| 88 | ov_088 | 1.3049714874036828 × 10^291 |
| 89 | ov_089 | 8.015089619840137 × 10^290 |
| 90 | ov_090 | 4.669810990292692 × 10^290 |
| 91 | ov_091 | 2.571221967358687 × 10^290 |
| 92 | ov_092 | 1.3399664612267089 × 10^290 |
| 93 | ov_093 | 6.59969236954504 × 10^289 |
| 94 | ov_094 | 2.784265905111409 × 10^289 |
| 95 | aaa_78_28 | 8.475387629490373 × 10^288 |
| 96 | aaa_78_29 | 2.5447084808218153 × 10^288 |
| 97 | ov_097 | 1.3134650390746611 × 10^288 |
| 98 | ov_098 | 1.3134516855778525 × 10^288 |
| 99 | ov_099 | 1.3134474150267168 × 10^288 |
| 100 | ov_100 | 1.0840190180714388 × 10^288 |
| 101 | ov_101 | 8.876157139232718 × 10^287 |
| 102 | ov_102 | 7.209304032375542 × 10^287 |
| 103 | ov_103 | 5.808397111017966 × 10^287 |
| 104 | ov_104 | 4.643906840901417 × 10^287 |
| 105 | ov_105 | 3.687891587035777 × 10^287 |
| 106 | ov_106 | 2.9138965222260607 × 10^287 |
| 107 | ov_107 | 2.2968663490854554 × 10^287 |
| 108 | ov_108 | 1.8130705008773354 × 10^287 |
| 109 | ov_109 | 1.4400395599418694 × 10^287 |
| 110 | ov_110 | 1.1565117037849731 × 10^287 |
| 111 | ov_111 | 9.423880585545635 × 10^286 |
| 112 | ov_112 | 7.786959079586227 × 10^286 |
| 113 | ov_113 | 6.475587729943901 × 10^286 |
| 114 | ov_114 | 5.321724444111524 × 10^286 |
| 115 | ov_115 | 4.3149807203476805 × 10^286 |
| 116 | ov_116 | 3.445077653166613 × 10^286 |
| 117 | ov_117 | 2.70181656191938 × 10^286 |
| 118 | ov_118 | 2.0750555277180103 × 10^286 |
| 119 | ov_119 | 1.5546911882706576 × 10^286 |
| 120 | ov_120 | 1.130645140447337 × 10^286 |
| 121 | ov_121 | 7.928543005176526 × 10^285 |
| 122 | ov_122 | 5.312645720615691 × 10^285 |
| 123 | ov_123 | 3.3582696124196265 × 10^285 |
| 124 | ov_124 | 1.9649515004241214 × 10^285 |
| 125 | ov_125 | 1.0322399069687235 × 10^285 |
| 126 | ov_126 | 4.596873647224207 × 10^284 |
| 127 | aaa_77_28 | 1.4684745868378836 × 10^284 |
| 128 | aaa_77_29 | 5.508574404497484 × 10^283 |
| 129 | ov_129 | 5.170302166463554 × 10^283 |
| 130 | ov_130 | 5.170287891642426 × 10^283 |
| 131 | ov_131 | 5.170284433953942 × 10^283 |
| 132 | ov_132 | 4.497683027085168 × 10^283 |
| 133 | ov_133 | 3.8939436939985683 × 10^283 |
| 134 | ov_134 | 3.3538972397133507 × 10^283 |
| 135 | ov_135 | 2.8726577860779497 × 10^283 |
| 136 | ov_136 | 2.445602672486751 × 10^283 |
| 137 | ov_137 | 2.0683549718675354 × 10^283 |
| 138 | ov_138 | 1.7367683831143062 × 10^283 |
| 139 | ov_139 | 1.4469142736806232 × 10^283 |
| 140 | ov_140 | 1.195070658160066 × 10^283 |
| 141 | ov_141 | 9.777129104464174 × 10^282 |
| 142 | ov_142 | 7.915060185589523 × 10^282 |
| 143 | ov_143 | 6.332982024993478 × 10^282 |
| 144 | ov_144 | 5.001157266280838 × 10^282 |
| 145 | ov_145 | 3.891587490525584 × 10^282 |
| 146 | ov_146 | 2.977980614409924 × 10^282 |
| 147 | ov_147 | 2.2357258354251802 × 10^282 |
| 148 | ov_148 | 1.6418748752482718 × 10^282 |
| 149 | ov_149 | 1.1751283805057153 × 10^282 |
| 150 | ov_150 | 8.158264481147133 × 10^281 |
| 151 | ov_151 | 5.4594235030051334 × 10^281 |
| 152 | ov_152 | 3.490786422589969 × 10^281 |
| 153 | ov_153 | 2.1046494327929754 × 10^281 |
| 154 | ov_154 | 1.1695678997316244 × 10^281 |
| 155 | ov_155 | 5.703508367746625 × 10^280 |
| 156 | aaa_76_25 | 2.080583254424267 × 10^280 |
| 157 | aaa_76_26 | 1.2026539600399823 × 10^280 |
| 158 | aaa_76_27 | 6.163088903022504 × 10^279 |
| 159 | aaa_76_28 | 2.4030432464830837 × 10^279 |
| 160 | aaa_76_29 | 7.318825185119839 × 10^278 |

### Output Bits Sorted by Complexity

| Rank | Output Bit | Complexity |
|:----:|:----------:|:----------:|
| 160 | aaa_76_29 | 7.318825185119839 × 10^278 |
| 159 | aaa_76_28 | 2.4030432464830837 × 10^279 |
| 158 | aaa_76_27 | 6.163088903022504 × 10^279 |
| 157 | aaa_76_26 | 1.2026539600399823 × 10^280 |
| 156 | aaa_76_25 | 2.080583254424267 × 10^280 |
| 155 | ov_155 | 5.703508367746625 × 10^280 |
| 154 | ov_154 | 1.1695678997316244 × 10^281 |
| 153 | ov_153 | 2.1046494327929754 × 10^281 |
| 152 | ov_152 | 3.490786422589969 × 10^281 |
| 151 | ov_151 | 5.4594235030051334 × 10^281 |
| 150 | ov_150 | 8.158264481147133 × 10^281 |
| 149 | ov_149 | 1.1751283805057153 × 10^282 |
| 148 | ov_148 | 1.6418748752482718 × 10^282 |
| 147 | ov_147 | 2.2357258354251802 × 10^282 |
| 146 | ov_146 | 2.977980614409924 × 10^282 |
| 145 | ov_145 | 3.891587490525584 × 10^282 |
| 144 | ov_144 | 5.001157266280838 × 10^282 |
| 143 | ov_143 | 6.332982024993478 × 10^282 |
| 142 | ov_142 | 7.915060185589523 × 10^282 |
| 141 | ov_141 | 9.777129104464174 × 10^282 |
| 140 | ov_140 | 1.195070658160066 × 10^283 |
| 139 | ov_139 | 1.4469142736806232 × 10^283 |
| 138 | ov_138 | 1.7367683831143062 × 10^283 |
| 137 | ov_137 | 2.0683549718675354 × 10^283 |
| 136 | ov_136 | 2.445602672486751 × 10^283 |
| 135 | ov_135 | 2.8726577860779497 × 10^283 |
| 134 | ov_134 | 3.3538972397133507 × 10^283 |
| 133 | ov_133 | 3.8939436939985683 × 10^283 |
| 132 | ov_132 | 4.497683027085168 × 10^283 |
| 131 | ov_131 | 5.170284433953942 × 10^283 |
| 130 | ov_130 | 5.170287891642426 × 10^283 |
| 129 | ov_129 | 5.170302166463554 × 10^283 |
| 128 | aaa_77_29 | 5.508574404497484 × 10^283 |
| 127 | aaa_77_28 | 1.4684745868378836 × 10^284 |
| 126 | ov_126 | 4.596873647224207 × 10^284 |
| 125 | ov_125 | 1.0322399069687235 × 10^285 |
| 124 | ov_124 | 1.9649515004241214 × 10^285 |
| 123 | ov_123 | 3.3582696124196265 × 10^285 |
| 122 | ov_122 | 5.312645720615691 × 10^285 |
| 121 | ov_121 | 7.928543005176526 × 10^285 |
| 120 | ov_120 | 1.130645140447337 × 10^286 |
| 119 | ov_119 | 1.5546911882706576 × 10^286 |
| 118 | ov_118 | 2.0750555277180103 × 10^286 |
| 117 | ov_117 | 2.70181656191938 × 10^286 |
| 116 | ov_116 | 3.445077653166613 × 10^286 |
| 115 | ov_115 | 4.3149807203476805 × 10^286 |
| 114 | ov_114 | 5.321724444111524 × 10^286 |
| 113 | ov_113 | 6.475587729943901 × 10^286 |
| 112 | ov_112 | 7.786959079586227 × 10^286 |
| 111 | ov_111 | 9.423880585545635 × 10^286 |
| 110 | ov_110 | 1.1565117037849731 × 10^287 |
| 109 | ov_109 | 1.4400395599418694 × 10^287 |
| 108 | ov_108 | 1.8130705008773354 × 10^287 |
| 107 | ov_107 | 2.2968663490854554 × 10^287 |
| 106 | ov_106 | 2.9138965222260607 × 10^287 |
| 105 | ov_105 | 3.687891587035777 × 10^287 |
| 104 | ov_104 | 4.643906840901417 × 10^287 |
| 103 | ov_103 | 5.808397111017966 × 10^287 |
| 102 | ov_102 | 7.209304032375542 × 10^287 |
| 101 | ov_101 | 8.876157139232718 × 10^287 |
| 100 | ov_100 | 1.0840190180714388 × 10^288 |
| 99 | ov_099 | 1.3134474150267168 × 10^288 |
| 98 | ov_098 | 1.3134516855778525 × 10^288 |
| 97 | ov_097 | 1.3134650390746611 × 10^288 |
| 96 | aaa_78_29 | 2.5447084808218153 × 10^288 |
| 95 | aaa_78_28 | 8.475387629490373 × 10^288 |
| 94 | ov_094 | 2.784265905111409 × 10^289 |
| 93 | ov_093 | 6.59969236954504 × 10^289 |
| 92 | ov_092 | 1.3399664612267089 × 10^290 |
| 91 | ov_091 | 2.571221967358687 × 10^290 |
| 90 | ov_090 | 4.669810990292692 × 10^290 |
| 89 | ov_089 | 8.015089619840137 × 10^290 |
| 88 | ov_088 | 1.3049714874036828 × 10^291 |
| 87 | ov_087 | 2.027968206603856 × 10^291 |
| 86 | ov_086 | 3.027438703732382 × 10^291 |
| 85 | ov_085 | 4.366672122685326 × 10^291 |
| 84 | ov_084 | 6.115320761349712 × 10^291 |
| 83 | ov_083 | 8.349418556992125 × 10^291 |
| 82 | ov_082 | 1.1151405266795757 × 10^292 |
| 81 | ov_081 | 1.4610157147896443 × 10^292 |
| 64 | lv_79_m31 | 1.6369923252345767 × 10^292 |
| 80 | ov_080 | 1.8821024941884095 × 10^292 |
| 79 | ov_079 | 2.388587996977901 × 10^292 |
| 78 | ov_078 | 2.991316914518966 × 10^292 |
| 77 | ov_077 | 3.7017979715998513 × 10^292 |
| 76 | ov_076 | 4.5322114548847487 × 10^292 |
| 75 | ov_075 | 5.495417877630003 × 10^292 |
| 74 | ov_074 | 6.604968020936938 × 10^292 |
| 73 | ov_073 | 7.875115075904208 × 10^292 |
| 63 | ov_063 | 8.392713052513577 × 10^292 |
| 72 | ov_072 | 9.320830127245036 × 10^292 |
| 71 | ov_071 | 1.09578224529066 × 10^293 |
| 70 | ov_070 | 1.2802566203254652 × 10^293 |
| 69 | ov_069 | 1.4872335115099688 × 10^293 |
| 68 | ov_068 | 1.718524701083235 × 10^293 |
| 67 | ov_067 | 1.976031993187678 × 10^293 |
| 66 | ov_066 | 1.9760331576779475 × 10^293 |
| 65 | ov_065 | 1.9760380520556793 × 10^293 |
| 62 | ov_062 | 4.301959613199216 × 10^293 |
| 61 | ov_061 | 1.5668624633536117 × 10^294 |
| 60 | ov_060 | 4.4818229075765494 × 10^294 |
| 59 | ov_059 | 1.0806521140327899 × 10^295 |
| 58 | ov_058 | 2.1921064241644943 × 10^295 |
| 57 | ov_057 | 3.9590403524658205 × 10^295 |
| 56 | ov_056 | 6.772929990863843 × 10^295 |
| 55 | ov_055 | 1.110222697695495 × 10^296 |
| 54 | ov_054 | 1.7492370918548204 × 10^296 |
| 53 | ov_053 | 2.6565814300054985 × 10^296 |
| 52 | ov_052 | 3.902206858103501 × 10^296 |
| 51 | ov_051 | 5.563778633889307 × 10^296 |
| 50 | ov_050 | 7.726690142158252 × 10^296 |
| 49 | ov_049 | 1.048408549279433 × 10^297 |
| 48 | ov_048 | 1.3936893989685418 × 10^297 |
| 47 | ov_047 | 1.8193880265237016 × 10^297 |
| 32 | lv_80_m31 | 2.0096604994970826 × 10^297 |
| 46 | ov_046 | 2.3371714382214553 × 10^297 |
| 45 | ov_045 | 2.959506671231852 × 10^297 |
| 44 | ov_044 | 3.699673290954326 × 10^297 |
| 43 | ov_043 | 4.571779480631949 × 10^297 |
| 42 | ov_042 | 5.5907823572084615 × 10^297 |
| 41 | ov_041 | 6.772513198776406 × 10^297 |
| 40 | ov_040 | 8.133708320625023 × 10^297 |
| 39 | ov_039 | 9.692046388894746 × 10^297 |
| 31 | ov_031 | 1.0304623289029616 × 10^298 |
| 38 | ov_038 | 1.1466193013249498 × 10^298 |
| 37 | ov_037 | 1.3475853512862982 × 10^298 |
| 36 | ov_036 | 1.5741834803461965 × 10^298 |
| 35 | ov_035 | 1.828611740726743 × 10^298 |
| 34 | ov_034 | 2.1131938642530148 × 10^298 |
| 33 | ov_033 | 2.4303888105120157 × 10^298 |
| 30 | ov_030 | 5.282670092592633 × 10^298 |
| 29 | ov_029 | 1.727846584059672 × 10^299 |
| 28 | ov_028 | 4.483570505243655 × 10^299 |
| 27 | ov_027 | 1.0800605132906167 × 10^300 |
| 26 | ov_026 | 2.359902785473332 × 10^300 |
| 25 | ov_025 | 4.6745552565744766 × 10^300 |
| 24 | ov_024 | 8.505355362165315 × 10^300 |
| 23 | ov_023 | 1.4428314016611573 × 10^301 |
| 22 | ov_022 | 2.3114134441181105 × 10^301 |
| 21 | ov_021 | 3.5328252137676406 × 10^301 |
| 20 | ov_020 | 5.193090779547174 × 10^301 |
| 19 | ov_019 | 7.387726811376508 × 10^301 |
| 18 | ov_018 | 1.0221761764328586 × 10^302 |
| 17 | ov_017 | 1.380976546651698 × 10^302 |
| 16 | ov_016 | 1.8275893166360622 × 10^302 |
| 15 | ov_015 | 2.3753948710928645 × 10^302 |
| 14 | ov_014 | 3.0387472143417786 × 10^302 |
| 13 | ov_013 | 3.832985762471455 × 10^302 |
| 12 | ov_012 | 4.774450820183285 × 10^302 |
| 11 | ov_011 | 5.880503456538178 × 10^302 |
| 10 | ov_010 | 7.169550555993535 × 10^302 |
| 9 | ov_009 | 8.661075883635914 × 10^302 |
| 8 | ov_008 | 1.0375678066523113 × 10^303 |
| 7 | ov_007 | 1.2335116456727889 × 10^303 |
| 6 | ov_006 | 1.4562365906244348 × 10^303 |
| 5 | ov_005 | 1.7081681549642762 × 10^303 |
| 4 | ov_004 | 1.9918674757552463 × 10^303 |
| 3 | ov_003 | 2.310040149308261 × 10^303 |
| 2 | ov_002 | 2.665546437457987 × 10^303 |
| 1 | ov_001 | 3.0614129822155604 × 10^303 |

