# Results for F001-F002-F003-F004-F005-F006-F007-F008-F009-F010-F011-F012-F013-F014-F015-F016-F017-F018-F019-F020-F021-F022-F023-F024-F025-F026-F027-F028-F029-F030-F031-F032-F033-F034-F035-F036-F037-F038-F039-F040-F041-F042-F043-F044-F045-F046-F047-F048-F049-F050-F051-F052-F053-F054-F055-F056-F057-F058-F059-F060-F061-F062-F063-F064-F065-F066-F067-F068-F069-F070-F071-F072-F073-F074-F075-F076-F077-F078-F079-F080-F081-F082-F083-F084-F085-F086-F087-F088-F089-F090-F091-F092-F093-F094-F095-F096-F097-F098-F099-F100-F101-F102-F103-F104-F105-F106-F107-F108-F109-F110-F111-F112-F113-F114-F115-F116-F117-F118-F119-F120-F121-F122-F123-F124-F125-F126-F127-F128-F129-F130-F131-F132-F133-F134-F135-F136-F137-F138-F139-F140-F141-F142-F143-F144-F145-F146-F147-F148-F149-F150-F151-F152-F153-F154-F155-F156-F157-F158-F159-F160-F161-F162-F163-F164-F165-F166-F167-F168-F169-F170-F171-F172-F173-F174-F175-F176-F177-F178-F179-F180-F181-F182-F183-F184-F185-F186-F187-F188-F189-F190-F191-F192-F193-F194-F195-F196-F197-F198-F199-F200-F201-F202-F203-F204-F205-F206-F207-F208-F209-F210-F211-F212-F213-F214-F215-F216-F217-F218-F219-F220-F221-F222-F223-F224-F225-F226-F227-F228-F229-F230-F231-F232-F233-F234-F235-F236-F237-F238-F239-F240-F241-F242-F243-F244-F245-F246-F247-F248-F249-F250-F251-F252-F253-F254-F255-F256-F257-F258-F259-F260-F261-F262-F263-F264-F265-F266-F267-F268-F269-F270-F271-F272-F273-F274-F275-F276-F277-F278-F279-F280-F281-F282-F283-F284-F285-F286-F287-F288-F289-F290-F291-F292-F293-F294-F295-F296-F297-F298-F299-F300-F301-F302-F303-F304-F305-F306-F307-F308-F309-F310-F311-F312-F313-F314-F315-F316-F317-F318-F319-F320-F321-F322-F323-F324-F325-F326-F327-F328-F329-F330-F331-F332-F333-F334-F335-F336-F337-F338-F339-F340-F341-F342-F343-F344-F345-F346-F347-F348-F349-F350-F351-F352-F353-F354-F355-F356-F357-F358-F359-F360-F361-F362-F363-F364-F365-F366-F367-F368-F369-F370-F371-F372-F373-F374-F375-F376-F377-F378-F379-F380-F381-F382-F383-F384-F385-F386-F387-F388-F389-F390-F391-F392-F393-F394-F395-F396-F397-F398-F399-F400-F401-F402-F403-F404-F405-F406-F407-F408-F409-F410-F411-F412-F413-F414-F415-F416-F417-F418-F419-F420-F421-F422-F423-F424-F425-F426-F427-F428-F429-F430-F431-F432-F433-F434-F435-F436-F437-F438-F439-F440-F441-F442-F443-F444-F445-F446-F447-F448-F449-F450-F451-F452-F453-F454-F455-F456-F457-F458-F459-F460-F461-F462-F463-F464-F465-F466-F467-F468-F469-F470-F471-F472-F473-F474-F475-F476-F477-F478-F479-F480-F481-F482-F483-F484-F485-F486-F487-F488-F489-F490-F491-F492-F493-F494-F495-F496-E507512-F511

## Summary

Number of input bits: 512  
Number of free input bits: 14  
Number of output bits: 160

Number of direct occurrences: 57090  
Number of assignments: 32041  
Number of operations: 11387651
(xor: 11359075,
and: 14929,
or: 13647)

Total complexity: 3.62615585321951 × 10^302

Least occurring input variable: iv_502 (3908)  
Most occurring input variable: iv_507 (4402)

Most co-occurring input variables: iv_500-iv_510 (2045)  
Least co-occurring input variables: iv_498-iv_502 (1776)

Potentially most occurring input variable: iv_507/iv_509 (4660)  
Potentially least occurring input variable: iv_499/iv_508 (4111)

Least output occurring input variable: iv_508 (70)  
Most output occurring input variable: iv_497 (93)

Most output co-occurring input variables: iv_497-iv_502 (52)  
Least output co-occurring input variables: iv_507-iv_510 (25)

Potentially most output occurring input variable: iv_507/iv_510 (94)  
Potentially least output occurring input variable: iv_500/iv_510 (64)

Least complex input bit: iv_497 (3.2526159785459748 × 10^299)  
Most complex input bit: iv_510 (8.90329140222822 × 10^301)

Least complex output bit: aaa_76_29 (5.93252226698714 × 10^277)  
Most complex output bit: ov_001 (5.641367787500262 × 10^301)

Least complex input/output complexity: iv_497/aaa_76_29 (5.321397507376813 × 10^274)  
Most complex input/output complexity: iv_510/ov_001 (1.385123622710923 × 10^301)

## Input Bits

### Input Bits in Regular Order

| Input Bit | Complexity | Occurrences | Output Occurrences |
|:---------:|:----------:|:-----------:|:------------------:|
| iv_497 | 3.2526159785459748 × 10^299 | 4159 | 93 |
| iv_498 | 6.562131840591426 × 10^299 | 3967 | 88 |
| iv_499 | 1.1685017356993766 × 10^300 | 4137 | 81 |
| iv_500 | 1.9793270995541543 × 10^300 | 4148 | 76 |
| iv_501 | 3.320829098097265 × 10^300 | 4119 | 83 |
| iv_502 | 5.377170683498911 × 10^300 | 3908 | 82 |
| iv_503 | 8.4921248084055 × 10^300 | 4060 | 74 |
| iv_504 | 1.3115481532712252 × 10^301 | 3987 | 79 |
| iv_505 | 1.9874886634232445 × 10^301 | 3949 | 79 |
| iv_506 | 2.960308490368684 × 10^301 | 3979 | 82 |
| iv_507 | 4.347566289910396 × 10^301 | 4402 | 72 |
| iv_508 | 6.161270225811475 × 10^301 | 4026 | 70 |
| iv_509 | 8.458142486465001 × 10^301 | 4028 | 74 |
| iv_510 | 8.90329140222822 × 10^301 | 4221 | 72 |

### Input Bits Sorted by Complexity

| Input Bit | Complexity | Occurrences | Output Occurrences |
|:---------:|:----------:|:-----------:|:------------------:|
| iv_497 | 3.2526159785459748 × 10^299 | 4159 | 93 |
| iv_498 | 6.562131840591426 × 10^299 | 3967 | 88 |
| iv_499 | 1.1685017356993766 × 10^300 | 4137 | 81 |
| iv_500 | 1.9793270995541543 × 10^300 | 4148 | 76 |
| iv_501 | 3.320829098097265 × 10^300 | 4119 | 83 |
| iv_502 | 5.377170683498911 × 10^300 | 3908 | 82 |
| iv_503 | 8.4921248084055 × 10^300 | 4060 | 74 |
| iv_504 | 1.3115481532712252 × 10^301 | 3987 | 79 |
| iv_505 | 1.9874886634232445 × 10^301 | 3949 | 79 |
| iv_506 | 2.960308490368684 × 10^301 | 3979 | 82 |
| iv_507 | 4.347566289910396 × 10^301 | 4402 | 72 |
| iv_508 | 6.161270225811475 × 10^301 | 4026 | 70 |
| iv_509 | 8.458142486465001 × 10^301 | 4028 | 74 |
| iv_510 | 8.90329140222822 × 10^301 | 4221 | 72 |

### Input Bits Sorted by Occurrences

| Input Bit | Complexity | Occurrences | Output Occurrences |
|:---------:|:----------:|:-----------:|:------------------:|
| iv_502 | 5.377170683498911 × 10^300 | 3908 | 82 |
| iv_505 | 1.9874886634232445 × 10^301 | 3949 | 79 |
| iv_498 | 6.562131840591426 × 10^299 | 3967 | 88 |
| iv_506 | 2.960308490368684 × 10^301 | 3979 | 82 |
| iv_504 | 1.3115481532712252 × 10^301 | 3987 | 79 |
| iv_508 | 6.161270225811475 × 10^301 | 4026 | 70 |
| iv_509 | 8.458142486465001 × 10^301 | 4028 | 74 |
| iv_503 | 8.4921248084055 × 10^300 | 4060 | 74 |
| iv_501 | 3.320829098097265 × 10^300 | 4119 | 83 |
| iv_499 | 1.1685017356993766 × 10^300 | 4137 | 81 |
| iv_500 | 1.9793270995541543 × 10^300 | 4148 | 76 |
| iv_497 | 3.2526159785459748 × 10^299 | 4159 | 93 |
| iv_510 | 8.90329140222822 × 10^301 | 4221 | 72 |
| iv_507 | 4.347566289910396 × 10^301 | 4402 | 72 |

### Input Bits Sorted by Output Occurrences

| Input Bit | Complexity | Occurrences | Output Occurrences |
|:---------:|:----------:|:-----------:|:------------------:|
| iv_508 | 6.161270225811475 × 10^301 | 4026 | 70 |
| iv_510 | 8.90329140222822 × 10^301 | 4221 | 72 |
| iv_507 | 4.347566289910396 × 10^301 | 4402 | 72 |
| iv_503 | 8.4921248084055 × 10^300 | 4060 | 74 |
| iv_509 | 8.458142486465001 × 10^301 | 4028 | 74 |
| iv_500 | 1.9793270995541543 × 10^300 | 4148 | 76 |
| iv_504 | 1.3115481532712252 × 10^301 | 3987 | 79 |
| iv_505 | 1.9874886634232445 × 10^301 | 3949 | 79 |
| iv_499 | 1.1685017356993766 × 10^300 | 4137 | 81 |
| iv_502 | 5.377170683498911 × 10^300 | 3908 | 82 |
| iv_506 | 2.960308490368684 × 10^301 | 3979 | 82 |
| iv_501 | 3.320829098097265 × 10^300 | 4119 | 83 |
| iv_498 | 6.562131840591426 × 10^299 | 3967 | 88 |
| iv_497 | 3.2526159785459748 × 10^299 | 4159 | 93 |

## Input Bit Co-occurrences

### Input Bit Co-occurrences Sorted by Co-occurrences

| Input Bits | Co-occurrences | Potential Occurrences | Output Co-occurrences | Potential Output Occurrences |
|:----------:|:--------------:|:---------------------:|:---------------------:|:----------------------------:|
| iv_500-iv_510 | 2045 | 4279 | 42 | 64 |
| iv_501-iv_510 | 2035 | 4270 | 41 | 73 |
| iv_499-iv_508 | 2026 | 4111 | 38 | 75 |
| iv_499-iv_507 | 2025 | 4489 | 37 | 79 |
| iv_497-iv_501 | 2018 | 4242 | 48 | 80 |
| iv_501-iv_507 | 2016 | 4489 | 36 | 83 |
| iv_500-iv_503 | 2013 | 4182 | 38 | 74 |
| iv_497-iv_503 | 2006 | 4207 | 38 | 91 |
| iv_497-iv_499 | 2005 | 4286 | 43 | 88 |
| iv_499-iv_500 | 2004 | 4277 | 38 | 81 |
| iv_497-iv_510 | 2004 | 4372 | 46 | 73 |
| iv_500-iv_504 | 2001 | 4133 | 37 | 81 |
| iv_497-iv_507 | 1996 | 4569 | 44 | 77 |
| iv_497-iv_500 | 1996 | 4315 | 39 | 91 |

### Input Bit Co-occurrences Sorted by Potential Occurrences

| Input Bits | Co-occurrences | Potential Occurrences | Output Co-occurrences | Potential Output Occurrences |
|:----------:|:--------------:|:---------------------:|:---------------------:|:----------------------------:|
| iv_499-iv_508 | 2026 | 4111 | 38 | 75 |
| iv_504-iv_505 | 1903 | 4130 | 39 | 80 |
| iv_500-iv_504 | 2001 | 4133 | 37 | 81 |
| iv_499-iv_504 | 1980 | 4164 | 47 | 66 |
| iv_504-iv_508 | 1922 | 4169 | 35 | 79 |
| iv_499-iv_502 | 1934 | 4177 | 41 | 81 |
| iv_501-iv_505 | 1945 | 4178 | 45 | 72 |
| iv_506-iv_508 | 1913 | 4179 | 37 | 78 |
| iv_502-iv_505 | 1839 | 4179 | 36 | 89 |
| iv_500-iv_503 | 2013 | 4182 | 38 | 74 |
| iv_503-iv_506 | 1922 | 4195 | 38 | 80 |
| iv_498-iv_508 | 1897 | 4199 | 37 | 84 |
| iv_499-iv_506 | 1957 | 4202 | 39 | 85 |
| iv_497-iv_503 | 2006 | 4207 | 38 | 91 |

### Input Bit Output Co-occurrences Sorted by Output Co-occurrences

| Input Bits | Co-occurrences | Potential Occurrences | Output Co-occurrences | Potential Output Occurrences |
|:----------:|:--------------:|:---------------------:|:---------------------:|:----------------------------:|
| iv_497-iv_502 | 1910 | 4247 | 52 | 71 |
| iv_497-iv_506 | 1960 | 4218 | 51 | 73 |
| iv_497-iv_498 | 1903 | 4320 | 50 | 81 |
| iv_498-iv_501 | 1887 | 4312 | 48 | 75 |
| iv_497-iv_501 | 2018 | 4242 | 48 | 80 |
| iv_497-iv_505 | 1916 | 4276 | 47 | 78 |
| iv_499-iv_504 | 1980 | 4164 | 47 | 66 |
| iv_498-iv_502 | 1776 | 4323 | 46 | 78 |
| iv_498-iv_507 | 1925 | 4519 | 46 | 68 |
| iv_497-iv_510 | 2004 | 4372 | 46 | 73 |
| iv_501-iv_505 | 1945 | 4178 | 45 | 72 |
| iv_498-iv_509 | 1863 | 4269 | 45 | 72 |
| iv_501-iv_506 | 1874 | 4350 | 44 | 77 |
| iv_502-iv_506 | 1825 | 4237 | 44 | 76 |

### Input Bit Output Co-occurrences Sorted by Potential Output Occurrences

| Input Bits | Co-occurrences | Potential Occurrences | Output Co-occurrences | Potential Output Occurrences |
|:----------:|:--------------:|:---------------------:|:---------------------:|:----------------------------:|
| iv_500-iv_510 | 2045 | 4279 | 42 | 64 |
| iv_499-iv_504 | 1980 | 4164 | 47 | 66 |
| iv_498-iv_507 | 1925 | 4519 | 46 | 68 |
| iv_500-iv_505 | 1940 | 4217 | 42 | 71 |
| iv_497-iv_502 | 1910 | 4247 | 52 | 71 |
| iv_501-iv_505 | 1945 | 4178 | 45 | 72 |
| iv_498-iv_509 | 1863 | 4269 | 45 | 72 |
| iv_501-iv_503 | 1963 | 4253 | 42 | 73 |
| iv_503-iv_505 | 1890 | 4229 | 40 | 73 |
| iv_501-iv_510 | 2035 | 4270 | 41 | 73 |
| iv_497-iv_506 | 1960 | 4218 | 51 | 73 |
| iv_497-iv_510 | 2004 | 4372 | 46 | 73 |
| iv_500-iv_503 | 2013 | 4182 | 38 | 74 |
| iv_500-iv_509 | 1843 | 4490 | 38 | 74 |

## Output Bits

### Output Bits in Regular Order

| Rank | Output Bit | Complexity |
|:----:|:----------:|:----------:|
| 1 | ov_001 | 5.641367787500262 × 10^301 |
| 2 | ov_002 | 4.912051073402049 × 10^301 |
| 3 | ov_003 | 4.2570445855755575 × 10^301 |
| 4 | ov_004 | 3.6707858738333953 × 10^301 |
| 5 | ov_005 | 3.1480168624093953 × 10^301 |
| 6 | ov_006 | 2.683762404621212 × 10^301 |
| 7 | ov_007 | 2.273311635689936 × 10^301 |
| 8 | ov_008 | 1.912201865226987 × 10^301 |
| 9 | ov_009 | 1.5962047647745341 × 10^301 |
| 10 | ov_010 | 1.3213146191542688 × 10^301 |
| 11 | ov_011 | 1.0837384233297203 × 10^301 |
| 12 | ov_012 | 8.798876190974824 × 10^300 |
| 13 | ov_013 | 7.063712782602446 × 10^300 |
| 14 | ov_014 | 5.5999055105715345 × 10^300 |
| 15 | ov_015 | 4.3773421058370666 × 10^300 |
| 16 | ov_016 | 3.3677513576480126 × 10^300 |
| 17 | ov_017 | 2.5446758718401396 × 10^300 |
| 18 | ov_018 | 1.8834514174633443 × 10^300 |
| 19 | ov_019 | 1.3611916378107487 × 10^300 |
| 20 | ov_020 | 9.567770179202772 × 10^299 |
| 21 | ov_021 | 6.5084711644164256 × 10^299 |
| 22 | ov_022 | 4.257952257951481 × 10^299 |
| 23 | ov_023 | 2.6576482084000237 × 10^299 |
| 24 | ov_024 | 1.5664729775965082 × 10^299 |
| 25 | ov_025 | 8.608061022136194 × 10^298 |
| 26 | ov_026 | 4.3448521948890785 × 10^298 |
| 27 | ov_027 | 1.9880254865799084 × 10^298 |
| 28 | ov_028 | 8.25035027678279 × 10^297 |
| 29 | ov_029 | 3.178624155866831 × 10^297 |
| 30 | ov_030 | 9.715714113827203 × 10^296 |
| 31 | ov_031 | 1.8946262049197877 × 10^296 |
| 32 | lv_80_m31 | 3.6938680730107626 × 10^295 |
| 33 | ov_033 | 4.448108523135129 × 10^296 |
| 34 | ov_034 | 3.862262833214971 × 10^296 |
| 35 | ov_035 | 3.3371980259646207 × 10^296 |
| 36 | ov_036 | 2.868304635066889 × 10^296 |
| 37 | ov_037 | 2.4512256594543623 × 10^296 |
| 38 | ov_038 | 2.081838852127049 × 10^296 |
| 39 | ov_039 | 1.7562413106170124 × 10^296 |
| 40 | ov_040 | 1.4707361523032114 × 10^296 |
| 41 | ov_041 | 1.2218210709973006 × 10^296 |
| 42 | ov_042 | 1.006178583753511 × 10^296 |
| 43 | ov_043 | 8.206677887847788 × 10^295 |
| 44 | ov_044 | 6.623174667694708 × 10^295 |
| 45 | ov_045 | 5.283203687794576 × 10^295 |
| 46 | ov_046 | 4.1602854461672153 × 10^295 |
| 47 | ov_047 | 3.229495755726677 × 10^295 |
| 48 | ov_048 | 2.467435855771055 × 10^295 |
| 49 | ov_049 | 1.852209144325084 × 10^295 |
| 50 | ov_050 | 1.3634034637845175 × 10^295 |
| 51 | ov_051 | 9.820779664063886 × 10^294 |
| 52 | ov_052 | 6.907536792302123 × 10^294 |
| 53 | ov_053 | 4.734069802932992 × 10^294 |
| 54 | ov_054 | 3.154652897579804 × 10^294 |
| 55 | ov_055 | 2.0380437098726403 × 10^294 |
| 56 | ov_056 | 1.2674672782629214 × 10^294 |
| 57 | ov_057 | 7.406069049442504 × 10^293 |
| 58 | ov_058 | 4.099179862510621 × 10^293 |
| 59 | ov_059 | 2.0198774708126887 × 10^293 |
| 60 | ov_060 | 8.372226893959754 × 10^292 |
| 61 | ov_061 | 2.925227321471327 × 10^292 |
| 62 | ov_062 | 8.026833298694802 × 10^291 |
| 63 | ov_063 | 1.565025094755729 × 10^291 |
| 64 | lv_79_m31 | 3.0508008860080744 × 10^290 |
| 65 | ov_065 | 3.6870539942338096 × 10^291 |
| 66 | ov_066 | 3.6870432570609793 × 10^291 |
| 67 | ov_067 | 3.6870406294442115 × 10^291 |
| 68 | ov_068 | 3.2010048351022824 × 10^291 |
| 69 | ov_069 | 2.7660639038781944 × 10^291 |
| 70 | ov_070 | 2.378149948692974 × 10^291 |
| 71 | ov_071 | 2.0334452093363392 × 10^291 |
| 72 | ov_072 | 1.7283651203890486 × 10^291 |
| 73 | ov_073 | 1.459542879853144 × 10^291 |
| 74 | ov_074 | 1.2238154381814159 × 10^291 |
| 75 | ov_075 | 1.0182108306049883 × 10^291 |
| 76 | ov_076 | 8.399367783199969 × 10^290 |
| 77 | ov_077 | 6.863704862771706 × 10^290 |
| 78 | ov_078 | 5.550495670833967 × 10^290 |
| 79 | ov_079 | 4.4366402192963975 × 10^290 |
| 80 | ov_080 | 3.5004921055804106 × 10^290 |
| 81 | ov_081 | 2.7217974312165992 × 10^290 |
| 82 | ov_082 | 2.081642274178286 × 10^290 |
| 83 | ov_083 | 1.5624080543097953 × 10^290 |
| 84 | ov_084 | 1.1477341343933398 × 10^290 |
| 85 | ov_085 | 8.224870015404886 × 10^289 |
| 86 | ov_086 | 5.727353749712379 × 10^289 |
| 87 | ov_087 | 3.8573058708993563 × 10^289 |
| 88 | ov_088 | 2.498915852668438 × 10^289 |
| 89 | ov_089 | 1.5479390201640184 × 10^289 |
| 90 | ov_090 | 9.116194141205245 × 10^288 |
| 91 | ov_091 | 5.086392964883637 × 10^288 |
| 92 | ov_092 | 2.690888315386205 × 10^288 |
| 93 | ov_093 | 1.3444979841579134 × 10^288 |
| 94 | ov_094 | 5.758802558631479 × 10^287 |
| 95 | aaa_78_28 | 1.7781890839252477 × 10^287 |
| 96 | aaa_78_29 | 5.460557211125117 × 10^286 |
| 97 | ov_097 | 3.604011981469954 × 10^286 |
| 98 | ov_098 | 3.603903625635468 × 10^286 |
| 99 | ov_099 | 3.603868971828826 × 10^286 |
| 100 | ov_100 | 3.2423029069022926 × 10^286 |
| 101 | ov_101 | 2.9075696400579235 × 10^286 |
| 102 | ov_102 | 2.5981783245305625 × 10^286 |
| 103 | ov_103 | 2.3127460725790883 × 10^286 |
| 104 | ov_104 | 2.049984395623859 × 10^286 |
| 105 | ov_105 | 1.8086868517448347 × 10^286 |
| 106 | ov_106 | 1.587717836715222 × 10^286 |
| 107 | ov_107 | 1.386002457227189 × 10^286 |
| 108 | ov_108 | 1.2025174270050318 × 10^286 |
| 109 | ov_109 | 1.0362829281540486 × 10^286 |
| 110 | ov_110 | 8.863553814105466 × 10^285 |
| 111 | ov_111 | 7.518210699880973 × 10^285 |
| 112 | ov_112 | 6.31790562502006 × 10^285 |
| 113 | ov_113 | 5.2539388103909354 × 10^285 |
| 114 | ov_114 | 4.317763608608009 × 10^285 |
| 115 | ov_115 | 3.500951485183256 × 10^285 |
| 116 | ov_116 | 2.795162853494025 × 10^285 |
| 117 | ov_117 | 2.1921232344432465 × 10^285 |
| 118 | ov_118 | 1.683604212370052 × 10^285 |
| 119 | ov_119 | 1.2614086591393985 × 10^285 |
| 120 | ov_120 | 9.173596985322048 × 10^284 |
| 121 | ov_121 | 6.432928831555809 × 10^284 |
| 122 | ov_122 | 4.310510561417466 × 10^284 |
| 123 | ov_123 | 2.7248119923989074 × 10^284 |
| 124 | ov_124 | 1.5943246418857699 × 10^284 |
| 125 | ov_125 | 8.375495159271537 × 10^283 |
| 126 | ov_126 | 3.7299087160242003 × 10^283 |
| 127 | aaa_77_28 | 1.19153818914034 × 10^283 |
| 128 | aaa_77_29 | 4.469808548537876 × 10^282 |
| 129 | ov_129 | 4.195505821678111 × 10^282 |
| 130 | ov_130 | 4.195494253195836 × 10^282 |
| 131 | ov_131 | 4.195491451809486 × 10^282 |
| 132 | ov_132 | 3.649855424130169 × 10^282 |
| 133 | ov_133 | 3.16004453677462 × 10^282 |
| 134 | ov_134 | 2.7218754471139345 × 10^282 |
| 135 | ov_135 | 2.331393235143955 × 10^282 |
| 136 | ov_136 | 1.9848551687060965 × 10^282 |
| 137 | ov_137 | 1.6787166029439175 × 10^282 |
| 138 | ov_138 | 1.409618817843583 × 10^282 |
| 139 | ov_139 | 1.174378607952525 × 10^282 |
| 140 | ov_140 | 9.699794482747785 × 10^281 |
| 141 | ov_141 | 7.93564069971954 × 10^281 |
| 142 | ov_142 | 6.4242828891429134 × 10^281 |
| 143 | ov_143 | 5.140159393766512 × 10^281 |
| 144 | ov_144 | 4.05914774301301 × 10^281 |
| 145 | ov_145 | 3.1585320258704887 × 10^281 |
| 146 | ov_146 | 2.416977428398369 × 10^281 |
| 147 | ov_147 | 1.8145108195416593 × 10^281 |
| 148 | ov_148 | 1.3325063580289471 × 10^281 |
| 149 | ov_149 | 9.536751820535972 × 10^280 |
| 150 | ov_150 | 6.620583322688502 × 10^280 |
| 151 | ov_151 | 4.430221474039702 × 10^280 |
| 152 | ov_152 | 2.832554605519297 × 10^280 |
| 153 | ov_153 | 1.707680129024416 × 10^280 |
| 154 | ov_154 | 9.488961022449822 × 10^279 |
| 155 | ov_155 | 4.626968856671815 × 10^279 |
| 156 | aaa_76_25 | 1.6877102363059917 × 10^279 |
| 157 | aaa_76_26 | 9.754212602871923 × 10^278 |
| 158 | aaa_76_27 | 4.9978113712545385 × 10^278 |
| 159 | aaa_76_28 | 1.9482848830647697 × 10^278 |
| 160 | aaa_76_29 | 5.93252226698714 × 10^277 |

### Output Bits Sorted by Complexity

| Rank | Output Bit | Complexity |
|:----:|:----------:|:----------:|
| 160 | aaa_76_29 | 5.93252226698714 × 10^277 |
| 159 | aaa_76_28 | 1.9482848830647697 × 10^278 |
| 158 | aaa_76_27 | 4.9978113712545385 × 10^278 |
| 157 | aaa_76_26 | 9.754212602871923 × 10^278 |
| 156 | aaa_76_25 | 1.6877102363059917 × 10^279 |
| 155 | ov_155 | 4.626968856671815 × 10^279 |
| 154 | ov_154 | 9.488961022449822 × 10^279 |
| 153 | ov_153 | 1.707680129024416 × 10^280 |
| 152 | ov_152 | 2.832554605519297 × 10^280 |
| 151 | ov_151 | 4.430221474039702 × 10^280 |
| 150 | ov_150 | 6.620583322688502 × 10^280 |
| 149 | ov_149 | 9.536751820535972 × 10^280 |
| 148 | ov_148 | 1.3325063580289471 × 10^281 |
| 147 | ov_147 | 1.8145108195416593 × 10^281 |
| 146 | ov_146 | 2.416977428398369 × 10^281 |
| 145 | ov_145 | 3.1585320258704887 × 10^281 |
| 144 | ov_144 | 4.05914774301301 × 10^281 |
| 143 | ov_143 | 5.140159393766512 × 10^281 |
| 142 | ov_142 | 6.4242828891429134 × 10^281 |
| 141 | ov_141 | 7.93564069971954 × 10^281 |
| 140 | ov_140 | 9.699794482747785 × 10^281 |
| 139 | ov_139 | 1.174378607952525 × 10^282 |
| 138 | ov_138 | 1.409618817843583 × 10^282 |
| 137 | ov_137 | 1.6787166029439175 × 10^282 |
| 136 | ov_136 | 1.9848551687060965 × 10^282 |
| 135 | ov_135 | 2.331393235143955 × 10^282 |
| 134 | ov_134 | 2.7218754471139345 × 10^282 |
| 133 | ov_133 | 3.16004453677462 × 10^282 |
| 132 | ov_132 | 3.649855424130169 × 10^282 |
| 131 | ov_131 | 4.195491451809486 × 10^282 |
| 130 | ov_130 | 4.195494253195836 × 10^282 |
| 129 | ov_129 | 4.195505821678111 × 10^282 |
| 128 | aaa_77_29 | 4.469808548537876 × 10^282 |
| 127 | aaa_77_28 | 1.19153818914034 × 10^283 |
| 126 | ov_126 | 3.7299087160242003 × 10^283 |
| 125 | ov_125 | 8.375495159271537 × 10^283 |
| 124 | ov_124 | 1.5943246418857699 × 10^284 |
| 123 | ov_123 | 2.7248119923989074 × 10^284 |
| 122 | ov_122 | 4.310510561417466 × 10^284 |
| 121 | ov_121 | 6.432928831555809 × 10^284 |
| 120 | ov_120 | 9.173596985322048 × 10^284 |
| 119 | ov_119 | 1.2614086591393985 × 10^285 |
| 118 | ov_118 | 1.683604212370052 × 10^285 |
| 117 | ov_117 | 2.1921232344432465 × 10^285 |
| 116 | ov_116 | 2.795162853494025 × 10^285 |
| 115 | ov_115 | 3.500951485183256 × 10^285 |
| 114 | ov_114 | 4.317763608608009 × 10^285 |
| 113 | ov_113 | 5.2539388103909354 × 10^285 |
| 112 | ov_112 | 6.31790562502006 × 10^285 |
| 111 | ov_111 | 7.518210699880973 × 10^285 |
| 110 | ov_110 | 8.863553814105466 × 10^285 |
| 109 | ov_109 | 1.0362829281540486 × 10^286 |
| 108 | ov_108 | 1.2025174270050318 × 10^286 |
| 107 | ov_107 | 1.386002457227189 × 10^286 |
| 106 | ov_106 | 1.587717836715222 × 10^286 |
| 105 | ov_105 | 1.8086868517448347 × 10^286 |
| 104 | ov_104 | 2.049984395623859 × 10^286 |
| 103 | ov_103 | 2.3127460725790883 × 10^286 |
| 102 | ov_102 | 2.5981783245305625 × 10^286 |
| 101 | ov_101 | 2.9075696400579235 × 10^286 |
| 100 | ov_100 | 3.2423029069022926 × 10^286 |
| 99 | ov_099 | 3.603868971828826 × 10^286 |
| 98 | ov_098 | 3.603903625635468 × 10^286 |
| 97 | ov_097 | 3.604011981469954 × 10^286 |
| 96 | aaa_78_29 | 5.460557211125117 × 10^286 |
| 95 | aaa_78_28 | 1.7781890839252477 × 10^287 |
| 94 | ov_094 | 5.758802558631479 × 10^287 |
| 93 | ov_093 | 1.3444979841579134 × 10^288 |
| 92 | ov_092 | 2.690888315386205 × 10^288 |
| 91 | ov_091 | 5.086392964883637 × 10^288 |
| 90 | ov_090 | 9.116194141205245 × 10^288 |
| 89 | ov_089 | 1.5479390201640184 × 10^289 |
| 88 | ov_088 | 2.498915852668438 × 10^289 |
| 87 | ov_087 | 3.8573058708993563 × 10^289 |
| 86 | ov_086 | 5.727353749712379 × 10^289 |
| 85 | ov_085 | 8.224870015404886 × 10^289 |
| 84 | ov_084 | 1.1477341343933398 × 10^290 |
| 83 | ov_083 | 1.5624080543097953 × 10^290 |
| 82 | ov_082 | 2.081642274178286 × 10^290 |
| 81 | ov_081 | 2.7217974312165992 × 10^290 |
| 64 | lv_79_m31 | 3.0508008860080744 × 10^290 |
| 80 | ov_080 | 3.5004921055804106 × 10^290 |
| 79 | ov_079 | 4.4366402192963975 × 10^290 |
| 78 | ov_078 | 5.550495670833967 × 10^290 |
| 77 | ov_077 | 6.863704862771706 × 10^290 |
| 76 | ov_076 | 8.399367783199969 × 10^290 |
| 75 | ov_075 | 1.0182108306049883 × 10^291 |
| 74 | ov_074 | 1.2238154381814159 × 10^291 |
| 73 | ov_073 | 1.459542879853144 × 10^291 |
| 63 | ov_063 | 1.565025094755729 × 10^291 |
| 72 | ov_072 | 1.7283651203890486 × 10^291 |
| 71 | ov_071 | 2.0334452093363392 × 10^291 |
| 70 | ov_070 | 2.378149948692974 × 10^291 |
| 69 | ov_069 | 2.7660639038781944 × 10^291 |
| 68 | ov_068 | 3.2010048351022824 × 10^291 |
| 67 | ov_067 | 3.6870406294442115 × 10^291 |
| 66 | ov_066 | 3.6870432570609793 × 10^291 |
| 65 | ov_065 | 3.6870539942338096 × 10^291 |
| 62 | ov_062 | 8.026833298694802 × 10^291 |
| 61 | ov_061 | 2.925227321471327 × 10^292 |
| 60 | ov_060 | 8.372226893959754 × 10^292 |
| 59 | ov_059 | 2.0198774708126887 × 10^293 |
| 58 | ov_058 | 4.099179862510621 × 10^293 |
| 57 | ov_057 | 7.406069049442504 × 10^293 |
| 56 | ov_056 | 1.2674672782629214 × 10^294 |
| 55 | ov_055 | 2.0380437098726403 × 10^294 |
| 54 | ov_054 | 3.154652897579804 × 10^294 |
| 53 | ov_053 | 4.734069802932992 × 10^294 |
| 52 | ov_052 | 6.907536792302123 × 10^294 |
| 51 | ov_051 | 9.820779664063886 × 10^294 |
| 50 | ov_050 | 1.3634034637845175 × 10^295 |
| 49 | ov_049 | 1.852209144325084 × 10^295 |
| 48 | ov_048 | 2.467435855771055 × 10^295 |
| 47 | ov_047 | 3.229495755726677 × 10^295 |
| 32 | lv_80_m31 | 3.6938680730107626 × 10^295 |
| 46 | ov_046 | 4.1602854461672153 × 10^295 |
| 45 | ov_045 | 5.283203687794576 × 10^295 |
| 44 | ov_044 | 6.623174667694708 × 10^295 |
| 43 | ov_043 | 8.206677887847788 × 10^295 |
| 42 | ov_042 | 1.006178583753511 × 10^296 |
| 41 | ov_041 | 1.2218210709973006 × 10^296 |
| 40 | ov_040 | 1.4707361523032114 × 10^296 |
| 39 | ov_039 | 1.7562413106170124 × 10^296 |
| 31 | ov_031 | 1.8946262049197877 × 10^296 |
| 38 | ov_038 | 2.081838852127049 × 10^296 |
| 37 | ov_037 | 2.4512256594543623 × 10^296 |
| 36 | ov_036 | 2.868304635066889 × 10^296 |
| 35 | ov_035 | 3.3371980259646207 × 10^296 |
| 34 | ov_034 | 3.862262833214971 × 10^296 |
| 33 | ov_033 | 4.448108523135129 × 10^296 |
| 30 | ov_030 | 9.715714113827203 × 10^296 |
| 29 | ov_029 | 3.178624155866831 × 10^297 |
| 28 | ov_028 | 8.25035027678279 × 10^297 |
| 27 | ov_027 | 1.9880254865799084 × 10^298 |
| 26 | ov_026 | 4.3448521948890785 × 10^298 |
| 25 | ov_025 | 8.608061022136194 × 10^298 |
| 24 | ov_024 | 1.5664729775965082 × 10^299 |
| 23 | ov_023 | 2.6576482084000237 × 10^299 |
| 22 | ov_022 | 4.257952257951481 × 10^299 |
| 21 | ov_021 | 6.5084711644164256 × 10^299 |
| 20 | ov_020 | 9.567770179202772 × 10^299 |
| 19 | ov_019 | 1.3611916378107487 × 10^300 |
| 18 | ov_018 | 1.8834514174633443 × 10^300 |
| 17 | ov_017 | 2.5446758718401396 × 10^300 |
| 16 | ov_016 | 3.3677513576480126 × 10^300 |
| 15 | ov_015 | 4.3773421058370666 × 10^300 |
| 14 | ov_014 | 5.5999055105715345 × 10^300 |
| 13 | ov_013 | 7.063712782602446 × 10^300 |
| 12 | ov_012 | 8.798876190974824 × 10^300 |
| 11 | ov_011 | 1.0837384233297203 × 10^301 |
| 10 | ov_010 | 1.3213146191542688 × 10^301 |
| 9 | ov_009 | 1.5962047647745341 × 10^301 |
| 8 | ov_008 | 1.912201865226987 × 10^301 |
| 7 | ov_007 | 2.273311635689936 × 10^301 |
| 6 | ov_006 | 2.683762404621212 × 10^301 |
| 5 | ov_005 | 3.1480168624093953 × 10^301 |
| 4 | ov_004 | 3.6707858738333953 × 10^301 |
| 3 | ov_003 | 4.2570445855755575 × 10^301 |
| 2 | ov_002 | 4.912051073402049 × 10^301 |
| 1 | ov_001 | 5.641367787500262 × 10^301 |

