# Results for O002012-E005015-F017-F018-F019-F020-F021-F022-F023-F024-F025-F026-F027-F028-F029-F030-F031-F032-F033-F034-F035-F036-F037-F038-F039-F040-F041-F042-F043-F044-F045-F046-F047-F048-F049-F050-F051-F052-F053-F054-F055-F056-F057-F058-F059-F060-F061-F062-F063-F064-F065-F066-F067-F068-F069-F070-F071-F072-F073-F074-F075-F076-F077-F078-F079-F080-F081-F082-F083-F084-F085-F086-F087-F088-F089-F090-F091-F092-F093-F094-F095-F096-F097-F098-F099-F100-F101-F102-F103-F104-F105-F106-F107-F108-F109-F110-F111-F112-F113-F114-F115-F116-F117-F118-F119-F120-F121-F122-F123-F124-F125-F126-F127-F128-F129-F130-F131-F132-F133-F134-F135-F136-F137-F138-F139-F140-F141-F142-F143-F144-F145-F146-F147-F148-F149-F150-F151-F152-F153-F154-F155-F156-F157-F158-F159-F160-F161-F162-F163-F164-F165-F166-F167-F168-F169-F170-F171-F172-F173-F174-F175-F176-F177-F178-F179-F180-F181-F182-F183-F184-F185-F186-F187-F188-F189-F190-F191-F192-F193-F194-F195-F196-F197-F198-F199-F200-F201-F202-F203-F204-F205-F206-F207-F208-F209-F210-F211-F212-F213-F214-F215-F216-F217-F218-F219-F220-F221-F222-F223-F224-F225-F226-F227-F228-F229-F230-F231-F232-F233-F234-F235-F236-F237-F238-F239-F240-F241-F242-F243-F244-F245-F246-F247-F248-F249-F250-F251-F252-F253-F254-F255-F256-F257-F258-F259-F260-F261-F262-F263-F264-F265-F266-F267-F268-F269-F270-F271-F272-F273-F274-F275-F276-F277-F278-F279-F280-F281-F282-F283-F284-F285-F286-F287-F288-F289-F290-F291-F292-F293-F294-F295-F296-F297-F298-F299-F300-F301-F302-F303-F304-F305-F306-F307-F308-F309-F310-F311-F312-F313-F314-F315-F316-F317-F318-F319-F320-F321-F322-F323-F324-F325-F326-F327-F328-F329-F330-F331-F332-F333-F334-F335-F336-F337-F338-F339-F340-F341-F342-F343-F344-F345-F346-F347-F348-F349-F350-F351-F352-F353-F354-F355-F356-F357-F358-F359-F360-F361-F362-F363-F364-F365-F366-F367-F368-F369-F370-F371-F372-F373-F374-F375-F376-F377-F378-F379-F380-F381-F382-F383-F384-F385-F386-F387-F388-F389-F390-F391-F392-F393-F394-F395-F396-F397-F398-F399-F400-F401-F402-F403-F404-F405-F406-F407-F408-F409-F410-F411-F412-F413-F414-F415-F416-F417-F418-F419-F420-F421-F422-F423-F424-F425-F426-F427-F428-F429-F430-F431-F432-F433-F434-F435-F436-F437-F438-F439-F440-F441-F442-F443-F444-F445-F446-F447-F448-F449-F450-F451-F452-F453-F454-F455-F456-F457-F458-F459-F460-F461-F462-F463-F464-F465-F466-F467-F468-F469-F470-F471-F472-F473-F474-F475-F476-F477-F478-F479-F480-F481-F482-F483-F484-F485-F486-F487-F488-F489-F490-F491-F492-F493-F494-F495-F496-F497-F498-F499-F500-F501-F502-F503-F504-F505-F506-F507-F508-F509-F510-F511-F512

## Summary

Number of input bits: 512  
Number of free input bits: 14  
Number of output bits: 160

Number of direct occurrences: 63389  
Number of assignments: 39173  
Number of operations: 19117687
(xor: 19080143,
and: 20888,
or: 16656)

Total complexity: 9.738472883185928 × 10^355

Least occurring input variable: iv_007 (4360)  
Most occurring input variable: iv_005 (4765)

Most co-occurring input variables: iv_008-iv_009 (2314)  
Least co-occurring input variables: iv_005-iv_007 (1917)

Potentially most occurring input variable: iv_005/iv_016 (5354)  
Potentially least occurring input variable: iv_008/iv_009 (4449)

Least output occurring input variable: iv_005 (59)  
Most output occurring input variable: iv_009 (84)

Most output co-occurring input variables: iv_002-iv_013 (49)  
Least output co-occurring input variables: iv_005-iv_007 (24)

Potentially most output occurring input variable: iv_001/iv_008 (94)  
Potentially least output occurring input variable: iv_002/iv_013 (62)

Least complex input bit: iv_016 (1.423881651612118 × 10^352)  
Most complex input bit: iv_005 (2.1695017077914753 × 10^355)

Least complex output bit: aaa_76_29 (2.0449256260207975 × 10^331)  
Most complex output bit: ov_001 (1.4908400222709857 × 10^355)

Least complex input/output complexity: iv_016/aaa_76_29 (2.989926770581989 × 10^327)  
Most complex input/output complexity: iv_005/ov_001 (3.321239390567221 × 10^354)

## Input Bits

### Input Bits in Regular Order

| Input Bit | Complexity | Occurrences | Output Occurrences |
|:---------:|:----------:|:-----------:|:------------------:|
| iv_001 | 4.347805030276783 × 10^352 | 4569 | 75 |
| iv_002 | 1.147321750555307 × 10^355 | 4441 | 82 |
| iv_003 | 5.4139972185402436 × 10^353 | 4376 | 75 |
| iv_004 | 1.177642938578179 × 10^354 | 4540 | 77 |
| iv_005 | 2.1695017077914753 × 10^355 | 4765 | 59 |
| iv_006 | 2.6074958893277317 × 10^354 | 4403 | 80 |
| iv_007 | 3.381678110366701 × 10^354 | 4360 | 81 |
| iv_008 | 4.259135156393851 × 10^354 | 4449 | 69 |
| iv_009 | 5.354096874527788 × 10^354 | 4628 | 84 |
| iv_010 | 6.834248292056206 × 10^354 | 4485 | 83 |
| iv_011 | 8.92119452620522 × 10^354 | 4646 | 63 |
| iv_013 | 1.3986834165540831 × 10^355 | 4537 | 78 |
| iv_014 | 1.7095051706722097 × 10^355 | 4685 | 83 |
| iv_016 | 1.423881651612118 × 10^352 | 4505 | 79 |

### Input Bits Sorted by Complexity

| Input Bit | Complexity | Occurrences | Output Occurrences |
|:---------:|:----------:|:-----------:|:------------------:|
| iv_016 | 1.423881651612118 × 10^352 | 4505 | 79 |
| iv_001 | 4.347805030276783 × 10^352 | 4569 | 75 |
| iv_003 | 5.4139972185402436 × 10^353 | 4376 | 75 |
| iv_004 | 1.177642938578179 × 10^354 | 4540 | 77 |
| iv_006 | 2.6074958893277317 × 10^354 | 4403 | 80 |
| iv_007 | 3.381678110366701 × 10^354 | 4360 | 81 |
| iv_008 | 4.259135156393851 × 10^354 | 4449 | 69 |
| iv_009 | 5.354096874527788 × 10^354 | 4628 | 84 |
| iv_010 | 6.834248292056206 × 10^354 | 4485 | 83 |
| iv_011 | 8.92119452620522 × 10^354 | 4646 | 63 |
| iv_002 | 1.147321750555307 × 10^355 | 4441 | 82 |
| iv_013 | 1.3986834165540831 × 10^355 | 4537 | 78 |
| iv_014 | 1.7095051706722097 × 10^355 | 4685 | 83 |
| iv_005 | 2.1695017077914753 × 10^355 | 4765 | 59 |

### Input Bits Sorted by Occurrences

| Input Bit | Complexity | Occurrences | Output Occurrences |
|:---------:|:----------:|:-----------:|:------------------:|
| iv_007 | 3.381678110366701 × 10^354 | 4360 | 81 |
| iv_003 | 5.4139972185402436 × 10^353 | 4376 | 75 |
| iv_006 | 2.6074958893277317 × 10^354 | 4403 | 80 |
| iv_002 | 1.147321750555307 × 10^355 | 4441 | 82 |
| iv_008 | 4.259135156393851 × 10^354 | 4449 | 69 |
| iv_010 | 6.834248292056206 × 10^354 | 4485 | 83 |
| iv_016 | 1.423881651612118 × 10^352 | 4505 | 79 |
| iv_013 | 1.3986834165540831 × 10^355 | 4537 | 78 |
| iv_004 | 1.177642938578179 × 10^354 | 4540 | 77 |
| iv_001 | 4.347805030276783 × 10^352 | 4569 | 75 |
| iv_009 | 5.354096874527788 × 10^354 | 4628 | 84 |
| iv_011 | 8.92119452620522 × 10^354 | 4646 | 63 |
| iv_014 | 1.7095051706722097 × 10^355 | 4685 | 83 |
| iv_005 | 2.1695017077914753 × 10^355 | 4765 | 59 |

### Input Bits Sorted by Output Occurrences

| Input Bit | Complexity | Occurrences | Output Occurrences |
|:---------:|:----------:|:-----------:|:------------------:|
| iv_005 | 2.1695017077914753 × 10^355 | 4765 | 59 |
| iv_011 | 8.92119452620522 × 10^354 | 4646 | 63 |
| iv_008 | 4.259135156393851 × 10^354 | 4449 | 69 |
| iv_003 | 5.4139972185402436 × 10^353 | 4376 | 75 |
| iv_001 | 4.347805030276783 × 10^352 | 4569 | 75 |
| iv_004 | 1.177642938578179 × 10^354 | 4540 | 77 |
| iv_013 | 1.3986834165540831 × 10^355 | 4537 | 78 |
| iv_016 | 1.423881651612118 × 10^352 | 4505 | 79 |
| iv_006 | 2.6074958893277317 × 10^354 | 4403 | 80 |
| iv_007 | 3.381678110366701 × 10^354 | 4360 | 81 |
| iv_002 | 1.147321750555307 × 10^355 | 4441 | 82 |
| iv_010 | 6.834248292056206 × 10^354 | 4485 | 83 |
| iv_014 | 1.7095051706722097 × 10^355 | 4685 | 83 |
| iv_009 | 5.354096874527788 × 10^354 | 4628 | 84 |

## Input Bit Co-occurrences

### Input Bit Co-occurrences Sorted by Co-occurrences

| Input Bits | Co-occurrences | Potential Occurrences | Output Co-occurrences | Potential Output Occurrences |
|:----------:|:--------------:|:---------------------:|:---------------------:|:----------------------------:|
| iv_008-iv_009 | 2314 | 4449 | 38 | 77 |
| iv_009-iv_014 | 2273 | 4767 | 45 | 77 |
| iv_009-iv_011 | 2246 | 4782 | 33 | 81 |
| iv_001-iv_006 | 2241 | 4490 | 39 | 77 |
| iv_004-iv_009 | 2237 | 4694 | 44 | 73 |
| iv_009-iv_010 | 2234 | 4645 | 47 | 73 |
| iv_013-iv_014 | 2203 | 4816 | 40 | 81 |
| iv_004-iv_014 | 2203 | 4819 | 41 | 78 |
| iv_008-iv_014 | 2197 | 4740 | 43 | 66 |
| iv_003-iv_004 | 2188 | 4540 | 38 | 76 |
| iv_003-iv_013 | 2188 | 4537 | 36 | 81 |
| iv_005-iv_009 | 2185 | 5023 | 31 | 81 |
| iv_001-iv_016 | 2182 | 4710 | 37 | 80 |
| iv_008-iv_013 | 2180 | 4626 | 34 | 79 |

### Input Bit Co-occurrences Sorted by Potential Occurrences

| Input Bits | Co-occurrences | Potential Occurrences | Output Co-occurrences | Potential Output Occurrences |
|:----------:|:--------------:|:---------------------:|:---------------------:|:----------------------------:|
| iv_008-iv_009 | 2314 | 4449 | 38 | 77 |
| iv_001-iv_006 | 2241 | 4490 | 39 | 77 |
| iv_003-iv_013 | 2188 | 4537 | 36 | 81 |
| iv_003-iv_004 | 2188 | 4540 | 38 | 76 |
| iv_003-iv_008 | 2141 | 4543 | 34 | 76 |
| iv_002-iv_007 | 2123 | 4555 | 45 | 73 |
| iv_003-iv_007 | 2057 | 4622 | 42 | 72 |
| iv_008-iv_013 | 2180 | 4626 | 34 | 79 |
| iv_009-iv_010 | 2234 | 4645 | 47 | 73 |
| iv_002-iv_008 | 2118 | 4654 | 36 | 79 |
| iv_007-iv_010 | 2088 | 4669 | 41 | 82 |
| iv_006-iv_007 | 2043 | 4677 | 45 | 71 |
| iv_006-iv_016 | 2113 | 4682 | 37 | 85 |
| iv_001-iv_007 | 2121 | 4687 | 40 | 76 |

### Input Bit Output Co-occurrences Sorted by Output Co-occurrences

| Input Bits | Co-occurrences | Potential Occurrences | Output Co-occurrences | Potential Output Occurrences |
|:----------:|:--------------:|:---------------------:|:---------------------:|:----------------------------:|
| iv_002-iv_013 | 2091 | 4796 | 49 | 62 |
| iv_002-iv_009 | 2159 | 4751 | 47 | 72 |
| iv_009-iv_010 | 2234 | 4645 | 47 | 73 |
| iv_001-iv_009 | 2166 | 4865 | 46 | 67 |
| iv_002-iv_007 | 2123 | 4555 | 45 | 73 |
| iv_002-iv_010 | 2059 | 4808 | 45 | 75 |
| iv_002-iv_014 | 2109 | 4908 | 45 | 75 |
| iv_006-iv_007 | 2043 | 4677 | 45 | 71 |
| iv_009-iv_014 | 2273 | 4767 | 45 | 77 |
| iv_010-iv_014 | 2178 | 4814 | 44 | 78 |
| iv_004-iv_010 | 2128 | 4769 | 44 | 72 |
| iv_001-iv_010 | 2111 | 4832 | 44 | 70 |
| iv_004-iv_009 | 2237 | 4694 | 44 | 73 |
| iv_002-iv_006 | 2025 | 4794 | 43 | 76 |

### Input Bit Output Co-occurrences Sorted by Potential Output Occurrences

| Input Bits | Co-occurrences | Potential Occurrences | Output Co-occurrences | Potential Output Occurrences |
|:----------:|:--------------:|:---------------------:|:---------------------:|:----------------------------:|
| iv_002-iv_013 | 2091 | 4796 | 49 | 62 |
| iv_008-iv_014 | 2197 | 4740 | 43 | 66 |
| iv_001-iv_009 | 2166 | 4865 | 46 | 67 |
| iv_004-iv_011 | 2066 | 5054 | 36 | 68 |
| iv_001-iv_010 | 2111 | 4832 | 44 | 70 |
| iv_005-iv_011 | 2057 | 5297 | 26 | 70 |
| iv_006-iv_007 | 2043 | 4677 | 45 | 71 |
| iv_004-iv_013 | 2141 | 4795 | 42 | 71 |
| iv_001-iv_002 | 2041 | 4928 | 43 | 71 |
| iv_002-iv_009 | 2159 | 4751 | 47 | 72 |
| iv_004-iv_010 | 2128 | 4769 | 44 | 72 |
| iv_003-iv_007 | 2057 | 4622 | 42 | 72 |
| iv_001-iv_003 | 2012 | 4921 | 39 | 72 |
| iv_002-iv_007 | 2123 | 4555 | 45 | 73 |

## Output Bits

### Output Bits in Regular Order

| Rank | Output Bit | Complexity |
|:----:|:----------:|:----------:|
| 1 | ov_001 | 1.4908400222709857 × 10^355 |
| 2 | ov_002 | 1.301794291479099 × 10^355 |
| 3 | ov_003 | 1.1318857466900736 × 10^355 |
| 4 | ov_004 | 9.795985610442403 × 10^354 |
| 5 | ov_005 | 8.435016029130036 × 10^354 |
| 6 | ov_006 | 7.222425426308416 × 10^354 |
| 7 | ov_007 | 6.14542661230666 × 10^354 |
| 8 | ov_008 | 5.191922912814858 × 10^354 |
| 9 | ov_009 | 4.3504683638434524 × 10^354 |
| 10 | ov_010 | 3.610233313571091 × 10^354 |
| 11 | ov_011 | 2.965953042112963 × 10^354 |
| 12 | ov_012 | 2.412649589511695 × 10^354 |
| 13 | ov_013 | 1.9411842239247442 × 10^354 |
| 14 | ov_014 | 1.542942954016459 × 10^354 |
| 15 | ov_015 | 1.2098227529276597 × 10^354 |
| 16 | ov_016 | 9.342205208554277 × 10^353 |
| 17 | ov_017 | 7.090243893412755 × 10^353 |
| 18 | ov_018 | 5.276070029525125 × 10^353 |
| 19 | ov_019 | 3.838204461525455 × 10^353 |
| 20 | ov_020 | 2.7199251490802334 × 10^353 |
| 21 | ov_021 | 1.8692406407321606 × 10^353 |
| 22 | ov_022 | 1.2388719290629967 × 10^353 |
| 23 | ov_023 | 7.86240622721145 × 10^352 |
| 24 | ov_024 | 4.734616821847357 × 10^352 |
| 25 | ov_025 | 2.6733927709899506 × 10^352 |
| 26 | ov_026 | 1.3936463259445641 × 10^352 |
| 27 | ov_027 | 6.571503294359147 × 10^351 |
| 28 | ov_028 | 2.7253425409091396 × 10^351 |
| 29 | ov_029 | 9.528291586340198 × 10^350 |
| 30 | ov_030 | 2.6164258037170645 × 10^350 |
| 31 | ov_031 | 5.1056262801378065 × 10^349 |
| 32 | lv_80_m31 | 9.961692963603576 × 10^348 |
| 33 | ov_033 | 1.2333585569226026 × 10^350 |
| 34 | ov_034 | 1.0761694240986826 × 10^350 |
| 35 | ov_035 | 9.353707807606868 × 10^349 |
| 36 | ov_036 | 8.095751280256026 × 10^349 |
| 37 | ov_037 | 6.974802188964573 × 10^349 |
| 38 | ov_038 | 5.978632891420802 × 10^349 |
| 39 | ov_039 | 5.09575800839971 × 10^349 |
| 40 | ov_040 | 4.315386708272286 × 10^349 |
| 41 | ov_041 | 3.627379574642063 × 10^349 |
| 42 | ov_042 | 3.0222098008202966 × 10^349 |
| 43 | ov_043 | 2.4909284628146647 × 10^349 |
| 44 | ov_044 | 2.0292014756856423 × 10^349 |
| 45 | ov_045 | 1.6329609927323259 × 10^349 |
| 46 | ov_046 | 1.2983926310411765 × 10^349 |
| 47 | ov_047 | 1.0185849346240702 × 10^349 |
| 48 | ov_048 | 7.870835683443188 × 10^348 |
| 49 | ov_049 | 5.978761302277486 × 10^348 |
| 50 | ov_050 | 4.453794257049079 × 10^348 |
| 51 | ov_051 | 3.2442898067292416 × 10^348 |
| 52 | ov_052 | 2.302705708329269 × 10^348 |
| 53 | ov_053 | 1.5855354511157168 × 10^348 |
| 54 | ov_054 | 1.0532572118038902 × 10^348 |
| 55 | ov_055 | 6.702963119724972 × 10^347 |
| 56 | ov_056 | 4.049989594897216 × 10^347 |
| 57 | ov_057 | 2.2961505599175075 × 10^347 |
| 58 | ov_058 | 1.2028787110137648 × 10^347 |
| 59 | ov_059 | 5.70484934444363 × 10^346 |
| 60 | ov_060 | 2.3813252014674836 × 10^346 |
| 61 | ov_061 | 8.38272920828217 × 10^345 |
| 62 | ov_062 | 2.3179793839330255 × 10^345 |
| 63 | ov_063 | 4.557406793118388 × 10^344 |
| 64 | lv_79_m31 | 8.959502485606584 × 10^343 |
| 65 | ov_065 | 1.2283804131404175 × 10^345 |
| 66 | ov_066 | 1.2283434394262295 × 10^345 |
| 67 | ov_067 | 1.2283316033862118 × 10^345 |
| 68 | ov_068 | 1.1048494891542284 × 10^345 |
| 69 | ov_069 | 9.905803732391061 × 10^344 |
| 70 | ov_070 | 8.850060275690323 × 10^344 |
| 71 | ov_071 | 7.876454480554552 × 10^344 |
| 72 | ov_072 | 6.980504231027716 × 10^344 |
| 73 | ov_073 | 6.158015300679167 × 10^344 |
| 74 | ov_074 | 5.4050448973814826 × 10^344 |
| 75 | ov_075 | 4.717867662735988 × 10^344 |
| 76 | ov_076 | 4.0929439355271414 × 10^344 |
| 77 | ov_077 | 3.526890968936344 × 10^344 |
| 78 | ov_078 | 3.0164573343631283 × 10^344 |
| 79 | ov_079 | 2.5585003132931715 × 10^344 |
| 80 | ov_080 | 2.1499660826767238 × 10^344 |
| 81 | ov_081 | 1.7878725024060407 × 10^344 |
| 82 | ov_082 | 1.4692943158526493 × 10^344 |
| 83 | ov_083 | 1.1913505761725121 × 10^344 |
| 84 | ov_084 | 9.511941123298945 × 10^343 |
| 85 | ov_085 | 7.460028496437244 × 10^343 |
| 86 | ov_086 | 5.729728002193081 × 10^343 |
| 87 | ov_087 | 4.293125389744893 × 10^343 |
| 88 | ov_088 | 3.122389811718587 × 10^343 |
| 89 | ov_089 | 2.18974277477003 × 10^343 |
| 90 | ov_090 | 1.4674364261072574 × 10^343 |
| 91 | ov_091 | 9.277393368182874 × 10^342 |
| 92 | ov_092 | 5.429279584845885 × 10^342 |
| 93 | ov_093 | 2.8528202112824305 × 10^342 |
| 94 | ov_094 | 1.27082377520413 × 10^342 |
| 95 | aaa_78_28 | 4.0610174992399744 × 10^341 |
| 96 | aaa_78_29 | 1.5242554043607816 × 10^341 |
| 97 | ov_097 | 1.4566406123738172 × 10^341 |
| 98 | ov_098 | 1.4566366207544704 × 10^341 |
| 99 | ov_099 | 1.4566356543875685 × 10^341 |
| 100 | ov_100 | 1.2712976826487403 × 10^341 |
| 101 | ov_101 | 1.1048739046830916 × 10^341 |
| 102 | ov_102 | 9.558626091552083 × 10^340 |
| 103 | ov_103 | 8.228462676688216 × 10^340 |
| 104 | ov_104 | 7.044858674812998 × 10^340 |
| 105 | ov_105 | 5.995159278569371 × 10^340 |
| 106 | ov_106 | 5.067401177736385 × 10^340 |
| 107 | ov_107 | 4.2502740159981684 × 10^340 |
| 108 | ov_108 | 3.5330865643445064 × 10^340 |
| 109 | ov_109 | 2.9057372095568384 × 10^340 |
| 110 | ov_110 | 2.3633191189385944 × 10^340 |
| 111 | ov_111 | 1.901201596286373 × 10^340 |
| 112 | ov_112 | 1.5109130520405493 × 10^340 |
| 113 | ov_113 | 1.1844902151379912 × 10^340 |
| 114 | ov_114 | 9.144655666058317 × 10^339 |
| 115 | ov_115 | 6.938573470484399 × 10^339 |
| 116 | ov_116 | 5.161618240466395 × 10^339 |
| 117 | ov_117 | 3.753474608136881 × 10^339 |
| 118 | ov_118 | 2.6585063763748335 × 10^339 |
| 119 | ov_119 | 1.8257261408179814 × 10^339 |
| 120 | ov_120 | 1.2087745630867382 × 10^339 |
| 121 | ov_121 | 7.659069024363119 × 10^338 |
| 122 | ov_122 | 4.599847764956586 × 10^338 |
| 123 | ov_123 | 2.584714851220106 × 10^338 |
| 124 | ov_124 | 1.33429593217617 × 10^338 |
| 125 | ov_125 | 6.151981966020178 × 10^337 |
| 126 | ov_126 | 2.4000598550999378 × 10^337 |
| 127 | aaa_77_28 | 6.72793774756146 × 10^336 |
| 128 | aaa_77_29 | 2.04759768682337 × 10^336 |
| 129 | ov_129 | 1.2203812054306636 × 10^336 |
| 130 | ov_130 | 1.2203772131119346 × 10^336 |
| 131 | ov_131 | 1.2203762447103503 × 10^336 |
| 132 | ov_132 | 1.0649927588046607 × 10^336 |
| 133 | ov_133 | 9.264495002922386 × 10^335 |
| 134 | ov_134 | 8.032551450717188 × 10^335 |
| 135 | ov_135 | 6.940032808981281 × 10^335 |
| 136 | ov_136 | 5.973665907238954 × 10^335 |
| 137 | ov_137 | 5.120916758497706 × 10^335 |
| 138 | ov_138 | 4.3699445778082346 × 10^335 |
| 139 | ov_139 | 3.7095611511651863 × 10^335 |
| 140 | ov_140 | 3.129195189099749 × 10^335 |
| 141 | ov_141 | 2.618861319834341 × 10^335 |
| 142 | ov_142 | 2.1691333967034412 × 10^335 |
| 143 | ov_143 | 1.775435075861149 × 10^335 |
| 144 | ov_144 | 1.4334530952718396 × 10^335 |
| 145 | ov_145 | 1.1391286886237908 × 10^335 |
| 146 | ov_146 | 8.886506326508646 × 10^334 |
| 147 | ov_147 | 6.784497256462482 × 10^334 |
| 148 | ov_148 | 5.0519448269689884 × 10^334 |
| 149 | ov_149 | 3.657878509831238 × 10^334 |
| 150 | ov_150 | 2.5736476624207313 × 10^334 |
| 151 | ov_151 | 1.748845478796101 × 10^334 |
| 152 | ov_152 | 1.1376369478429473 × 10^334 |
| 153 | ov_153 | 6.987455512347116 × 10^333 |
| 154 | ov_154 | 3.954451081180617 × 10^333 |
| 155 | ov_155 | 1.9555512626232385 × 10^333 |
| 156 | aaa_76_25 | 7.143843606715691 × 10^332 |
| 157 | aaa_76_26 | 3.731344647834754 × 10^332 |
| 158 | aaa_76_27 | 1.7200131040429047 × 10^332 |
| 159 | aaa_76_28 | 6.709251672923542 × 10^331 |
| 160 | aaa_76_29 | 2.0449256260207975 × 10^331 |

### Output Bits Sorted by Complexity

| Rank | Output Bit | Complexity |
|:----:|:----------:|:----------:|
| 160 | aaa_76_29 | 2.0449256260207975 × 10^331 |
| 159 | aaa_76_28 | 6.709251672923542 × 10^331 |
| 158 | aaa_76_27 | 1.7200131040429047 × 10^332 |
| 157 | aaa_76_26 | 3.731344647834754 × 10^332 |
| 156 | aaa_76_25 | 7.143843606715691 × 10^332 |
| 155 | ov_155 | 1.9555512626232385 × 10^333 |
| 154 | ov_154 | 3.954451081180617 × 10^333 |
| 153 | ov_153 | 6.987455512347116 × 10^333 |
| 152 | ov_152 | 1.1376369478429473 × 10^334 |
| 151 | ov_151 | 1.748845478796101 × 10^334 |
| 150 | ov_150 | 2.5736476624207313 × 10^334 |
| 149 | ov_149 | 3.657878509831238 × 10^334 |
| 148 | ov_148 | 5.0519448269689884 × 10^334 |
| 147 | ov_147 | 6.784497256462482 × 10^334 |
| 146 | ov_146 | 8.886506326508646 × 10^334 |
| 145 | ov_145 | 1.1391286886237908 × 10^335 |
| 144 | ov_144 | 1.4334530952718396 × 10^335 |
| 143 | ov_143 | 1.775435075861149 × 10^335 |
| 142 | ov_142 | 2.1691333967034412 × 10^335 |
| 141 | ov_141 | 2.618861319834341 × 10^335 |
| 140 | ov_140 | 3.129195189099749 × 10^335 |
| 139 | ov_139 | 3.7095611511651863 × 10^335 |
| 138 | ov_138 | 4.3699445778082346 × 10^335 |
| 137 | ov_137 | 5.120916758497706 × 10^335 |
| 136 | ov_136 | 5.973665907238954 × 10^335 |
| 135 | ov_135 | 6.940032808981281 × 10^335 |
| 134 | ov_134 | 8.032551450717188 × 10^335 |
| 133 | ov_133 | 9.264495002922386 × 10^335 |
| 132 | ov_132 | 1.0649927588046607 × 10^336 |
| 131 | ov_131 | 1.2203762447103503 × 10^336 |
| 130 | ov_130 | 1.2203772131119346 × 10^336 |
| 129 | ov_129 | 1.2203812054306636 × 10^336 |
| 128 | aaa_77_29 | 2.04759768682337 × 10^336 |
| 127 | aaa_77_28 | 6.72793774756146 × 10^336 |
| 126 | ov_126 | 2.4000598550999378 × 10^337 |
| 125 | ov_125 | 6.151981966020178 × 10^337 |
| 124 | ov_124 | 1.33429593217617 × 10^338 |
| 123 | ov_123 | 2.584714851220106 × 10^338 |
| 122 | ov_122 | 4.599847764956586 × 10^338 |
| 121 | ov_121 | 7.659069024363119 × 10^338 |
| 120 | ov_120 | 1.2087745630867382 × 10^339 |
| 119 | ov_119 | 1.8257261408179814 × 10^339 |
| 118 | ov_118 | 2.6585063763748335 × 10^339 |
| 117 | ov_117 | 3.753474608136881 × 10^339 |
| 116 | ov_116 | 5.161618240466395 × 10^339 |
| 115 | ov_115 | 6.938573470484399 × 10^339 |
| 114 | ov_114 | 9.144655666058317 × 10^339 |
| 113 | ov_113 | 1.1844902151379912 × 10^340 |
| 112 | ov_112 | 1.5109130520405493 × 10^340 |
| 111 | ov_111 | 1.901201596286373 × 10^340 |
| 110 | ov_110 | 2.3633191189385944 × 10^340 |
| 109 | ov_109 | 2.9057372095568384 × 10^340 |
| 108 | ov_108 | 3.5330865643445064 × 10^340 |
| 107 | ov_107 | 4.2502740159981684 × 10^340 |
| 106 | ov_106 | 5.067401177736385 × 10^340 |
| 105 | ov_105 | 5.995159278569371 × 10^340 |
| 104 | ov_104 | 7.044858674812998 × 10^340 |
| 103 | ov_103 | 8.228462676688216 × 10^340 |
| 102 | ov_102 | 9.558626091552083 × 10^340 |
| 101 | ov_101 | 1.1048739046830916 × 10^341 |
| 100 | ov_100 | 1.2712976826487403 × 10^341 |
| 99 | ov_099 | 1.4566356543875685 × 10^341 |
| 98 | ov_098 | 1.4566366207544704 × 10^341 |
| 97 | ov_097 | 1.4566406123738172 × 10^341 |
| 96 | aaa_78_29 | 1.5242554043607816 × 10^341 |
| 95 | aaa_78_28 | 4.0610174992399744 × 10^341 |
| 94 | ov_094 | 1.27082377520413 × 10^342 |
| 93 | ov_093 | 2.8528202112824305 × 10^342 |
| 92 | ov_092 | 5.429279584845885 × 10^342 |
| 91 | ov_091 | 9.277393368182874 × 10^342 |
| 90 | ov_090 | 1.4674364261072574 × 10^343 |
| 89 | ov_089 | 2.18974277477003 × 10^343 |
| 88 | ov_088 | 3.122389811718587 × 10^343 |
| 87 | ov_087 | 4.293125389744893 × 10^343 |
| 86 | ov_086 | 5.729728002193081 × 10^343 |
| 85 | ov_085 | 7.460028496437244 × 10^343 |
| 64 | lv_79_m31 | 8.959502485606584 × 10^343 |
| 84 | ov_084 | 9.511941123298945 × 10^343 |
| 83 | ov_083 | 1.1913505761725121 × 10^344 |
| 82 | ov_082 | 1.4692943158526493 × 10^344 |
| 81 | ov_081 | 1.7878725024060407 × 10^344 |
| 80 | ov_080 | 2.1499660826767238 × 10^344 |
| 79 | ov_079 | 2.5585003132931715 × 10^344 |
| 78 | ov_078 | 3.0164573343631283 × 10^344 |
| 77 | ov_077 | 3.526890968936344 × 10^344 |
| 76 | ov_076 | 4.0929439355271414 × 10^344 |
| 63 | ov_063 | 4.557406793118388 × 10^344 |
| 75 | ov_075 | 4.717867662735988 × 10^344 |
| 74 | ov_074 | 5.4050448973814826 × 10^344 |
| 73 | ov_073 | 6.158015300679167 × 10^344 |
| 72 | ov_072 | 6.980504231027716 × 10^344 |
| 71 | ov_071 | 7.876454480554552 × 10^344 |
| 70 | ov_070 | 8.850060275690323 × 10^344 |
| 69 | ov_069 | 9.905803732391061 × 10^344 |
| 68 | ov_068 | 1.1048494891542284 × 10^345 |
| 67 | ov_067 | 1.2283316033862118 × 10^345 |
| 66 | ov_066 | 1.2283434394262295 × 10^345 |
| 65 | ov_065 | 1.2283804131404175 × 10^345 |
| 62 | ov_062 | 2.3179793839330255 × 10^345 |
| 61 | ov_061 | 8.38272920828217 × 10^345 |
| 60 | ov_060 | 2.3813252014674836 × 10^346 |
| 59 | ov_059 | 5.70484934444363 × 10^346 |
| 58 | ov_058 | 1.2028787110137648 × 10^347 |
| 57 | ov_057 | 2.2961505599175075 × 10^347 |
| 56 | ov_056 | 4.049989594897216 × 10^347 |
| 55 | ov_055 | 6.702963119724972 × 10^347 |
| 54 | ov_054 | 1.0532572118038902 × 10^348 |
| 53 | ov_053 | 1.5855354511157168 × 10^348 |
| 52 | ov_052 | 2.302705708329269 × 10^348 |
| 51 | ov_051 | 3.2442898067292416 × 10^348 |
| 50 | ov_050 | 4.453794257049079 × 10^348 |
| 49 | ov_049 | 5.978761302277486 × 10^348 |
| 48 | ov_048 | 7.870835683443188 × 10^348 |
| 32 | lv_80_m31 | 9.961692963603576 × 10^348 |
| 47 | ov_047 | 1.0185849346240702 × 10^349 |
| 46 | ov_046 | 1.2983926310411765 × 10^349 |
| 45 | ov_045 | 1.6329609927323259 × 10^349 |
| 44 | ov_044 | 2.0292014756856423 × 10^349 |
| 43 | ov_043 | 2.4909284628146647 × 10^349 |
| 42 | ov_042 | 3.0222098008202966 × 10^349 |
| 41 | ov_041 | 3.627379574642063 × 10^349 |
| 40 | ov_040 | 4.315386708272286 × 10^349 |
| 39 | ov_039 | 5.09575800839971 × 10^349 |
| 31 | ov_031 | 5.1056262801378065 × 10^349 |
| 38 | ov_038 | 5.978632891420802 × 10^349 |
| 37 | ov_037 | 6.974802188964573 × 10^349 |
| 36 | ov_036 | 8.095751280256026 × 10^349 |
| 35 | ov_035 | 9.353707807606868 × 10^349 |
| 34 | ov_034 | 1.0761694240986826 × 10^350 |
| 33 | ov_033 | 1.2333585569226026 × 10^350 |
| 30 | ov_030 | 2.6164258037170645 × 10^350 |
| 29 | ov_029 | 9.528291586340198 × 10^350 |
| 28 | ov_028 | 2.7253425409091396 × 10^351 |
| 27 | ov_027 | 6.571503294359147 × 10^351 |
| 26 | ov_026 | 1.3936463259445641 × 10^352 |
| 25 | ov_025 | 2.6733927709899506 × 10^352 |
| 24 | ov_024 | 4.734616821847357 × 10^352 |
| 23 | ov_023 | 7.86240622721145 × 10^352 |
| 22 | ov_022 | 1.2388719290629967 × 10^353 |
| 21 | ov_021 | 1.8692406407321606 × 10^353 |
| 20 | ov_020 | 2.7199251490802334 × 10^353 |
| 19 | ov_019 | 3.838204461525455 × 10^353 |
| 18 | ov_018 | 5.276070029525125 × 10^353 |
| 17 | ov_017 | 7.090243893412755 × 10^353 |
| 16 | ov_016 | 9.342205208554277 × 10^353 |
| 15 | ov_015 | 1.2098227529276597 × 10^354 |
| 14 | ov_014 | 1.542942954016459 × 10^354 |
| 13 | ov_013 | 1.9411842239247442 × 10^354 |
| 12 | ov_012 | 2.412649589511695 × 10^354 |
| 11 | ov_011 | 2.965953042112963 × 10^354 |
| 10 | ov_010 | 3.610233313571091 × 10^354 |
| 9 | ov_009 | 4.3504683638434524 × 10^354 |
| 8 | ov_008 | 5.191922912814858 × 10^354 |
| 7 | ov_007 | 6.14542661230666 × 10^354 |
| 6 | ov_006 | 7.222425426308416 × 10^354 |
| 5 | ov_005 | 8.435016029130036 × 10^354 |
| 4 | ov_004 | 9.795985610442403 × 10^354 |
| 3 | ov_003 | 1.1318857466900736 × 10^355 |
| 2 | ov_002 | 1.301794291479099 × 10^355 |
| 1 | ov_001 | 1.4908400222709857 × 10^355 |

