# Results for F001-F002-F003-F004-F005-F006-F007-F008-F009-F010-F011-F012-F013-F014-F015-F016-F017-F018-F019-F020-F021-F022-F023-F024-F025-F026-F027-F028-F029-F030-F031-F032-F033-F034-F035-F036-F037-F038-F039-F040-F041-F042-F043-F044-F045-F046-F047-F048-F049-F050-F051-F052-F053-F054-F055-F056-F057-F058-F059-F060-F061-F062-F063-F064-F065-F066-F067-F068-F069-F070-F071-F072-F073-F074-F075-F076-F077-F078-F079-F080-F081-F082-F083-F084-F085-F086-F087-F088-F089-F090-F091-F092-F093-F094-F095-F096-F097-F098-F099-F100-F101-F102-F103-F104-F105-F106-F107-F108-F109-F110-F111-F112-F113-F114-F115-F116-F117-F118-F119-F120-F121-F122-F123-F124-F125-F126-F127-F128-F129-F130-F131-F132-F133-F134-F135-F136-F137-F138-F139-F140-F141-F142-F143-F144-F145-F146-F147-F148-F149-F150-F151-F152-F153-F154-F155-F156-F157-F158-F159-F160-F161-F162-F163-F164-F165-F166-F167-F168-F169-F170-F171-F172-F173-F174-F175-F176-F177-F178-F179-F180-F181-F182-F183-F184-F185-F186-F187-F188-F189-F190-F191-F192-F193-F194-F195-F196-F197-F198-F199-F200-F201-F202-F203-F204-F205-F206-F207-F208-F209-F210-F211-F212-F213-F214-F215-F216-F217-F218-F219-F220-F221-F222-F223-F224-F225-F226-F227-F228-F229-F230-F231-F232-F233-F234-F235-F236-F237-F238-F239-F240-F241-F242-F243-F244-F245-F246-F247-F248-F249-F250-F251-F252-F253-F254-F255-F256-F257-F258-F259-F260-F261-F262-F263-F264-F265-F266-F267-F268-F269-F270-F271-F272-F273-F274-F275-F276-F277-F278-F279-F280-F281-F282-F283-F284-F285-F286-F287-F288-F289-F290-F291-F292-F293-F294-F295-F296-F297-F298-F299-F300-F301-F302-F303-F304-F305-F306-F307-F308-F309-F310-F311-F312-F313-F314-F315-F316-F317-F318-F319-F320-F321-F322-F323-F324-F325-F326-F327-F328-F329-F330-F331-F332-F333-F334-F335-F336-F337-F338-F339-F340-F341-F342-F343-F344-F345-F346-F347-F348-F349-F350-F351-F352-F353-F354-F355-F356-F357-F358-F359-F360-F361-F362-F363-F364-F365-F366-F367-F368-F369-F370-F371-F372-F373-F374-F375-F376-F377-F378-F379-F380-F381-F382-F383-F384-F385-F386-F387-F388-F389-F390-F391-F392-F393-F394-F395-F396-F397-F398-F399-F400-F401-F402-F403-F404-F405-F406-F407-F408-F409-F410-F411-F412-F413-F414-F415-F416-F417-F418-F419-F420-F421-F422-F423-F424-F425-F426-F427-F428-F429-F430-F431-F432-F433-F434-F435-F436-F437-F438-F439-F440-F441-F442-F443-F444-F445-F446-F447-F448-F449-F450-F451-F452-F453-F454-F455-F456-F457-F458-F459-F460-F461-F462-F463-F464-F465-F466-F467-F468-F469-F470-F471-F472-F473-F474-F475-F476-F477-F478-F479-F480-F481-F482-F483-F484-F485-F486-F487-F488-F489-F490-F491-F492-F493-F494-F495-F496-F497-F512

## Summary

Number of input bits: 512  
Number of free input bits: 14  
Number of output bits: 160

Number of direct occurrences: 57050  
Number of assignments: 31699  
Number of operations: 11170954
(xor: 11142373,
and: 15049,
or: 13532)

Total complexity: 2.1053354792212247 × 10^301

Least occurring input variable: iv_502 (3892)  
Most occurring input variable: iv_510 (4273)

Most co-occurring input variables: iv_509-iv_510 (2132)  
Least co-occurring input variables: iv_498-iv_502 (1763)

Potentially most occurring input variable: iv_507/iv_510 (4503)  
Potentially least occurring input variable: iv_499/iv_508 (4107)

Least output occurring input variable: iv_510 (74)  
Most output occurring input variable: iv_498 (88)

Most output co-occurring input variables: iv_506-iv_508 (48)  
Least output co-occurring input variables: iv_502-iv_503 (32)

Potentially most output occurring input variable: iv_502/iv_503 (96)  
Potentially least output occurring input variable: iv_500/iv_505 (71)

Least complex input bit: iv_511 (4.149655219452642 × 10^297)  
Most complex input bit: iv_510 (5.272410506105926 × 10^300)

Least complex output bit: aaa_76_29 (3.645254243410841 × 10^276)  
Most complex output bit: ov_001 (3.293210046107362 × 10^300)

Least complex input/output complexity: iv_511/aaa_76_29 (7.184863622303586 × 10^272)  
Most complex input/output complexity: iv_510/ov_001 (8.247215428266452 × 10^299)

## Input Bits

### Input Bits in Regular Order

| Input Bit | Complexity | Occurrences | Output Occurrences |
|:---------:|:----------:|:-----------:|:------------------:|
| iv_498 | 2.3593577348053808 × 10^298 | 3960 | 88 |
| iv_499 | 4.81854962891864 × 10^298 | 3971 | 81 |
| iv_500 | 8.971225728070833 × 10^298 | 4116 | 76 |
| iv_501 | 1.6266973568491028 × 10^299 | 4057 | 79 |
| iv_502 | 2.7783114794191 × 10^299 | 3892 | 82 |
| iv_503 | 4.565250666255971 × 10^299 | 4151 | 78 |
| iv_504 | 7.268258048442589 × 10^299 | 3938 | 78 |
| iv_505 | 1.126806563046595 × 10^300 | 3921 | 79 |
| iv_506 | 1.7063525141815302 × 10^300 | 3965 | 82 |
| iv_507 | 2.5319844903914088 × 10^300 | 4184 | 76 |
| iv_508 | 3.6232572912864413 × 10^300 | 4152 | 86 |
| iv_509 | 5.003050685966271 × 10^300 | 4249 | 80 |
| iv_510 | 5.272410506105926 × 10^300 | 4273 | 74 |
| iv_511 | 4.149655219452642 × 10^297 | 4221 | 80 |

### Input Bits Sorted by Complexity

| Input Bit | Complexity | Occurrences | Output Occurrences |
|:---------:|:----------:|:-----------:|:------------------:|
| iv_511 | 4.149655219452642 × 10^297 | 4221 | 80 |
| iv_498 | 2.3593577348053808 × 10^298 | 3960 | 88 |
| iv_499 | 4.81854962891864 × 10^298 | 3971 | 81 |
| iv_500 | 8.971225728070833 × 10^298 | 4116 | 76 |
| iv_501 | 1.6266973568491028 × 10^299 | 4057 | 79 |
| iv_502 | 2.7783114794191 × 10^299 | 3892 | 82 |
| iv_503 | 4.565250666255971 × 10^299 | 4151 | 78 |
| iv_504 | 7.268258048442589 × 10^299 | 3938 | 78 |
| iv_505 | 1.126806563046595 × 10^300 | 3921 | 79 |
| iv_506 | 1.7063525141815302 × 10^300 | 3965 | 82 |
| iv_507 | 2.5319844903914088 × 10^300 | 4184 | 76 |
| iv_508 | 3.6232572912864413 × 10^300 | 4152 | 86 |
| iv_509 | 5.003050685966271 × 10^300 | 4249 | 80 |
| iv_510 | 5.272410506105926 × 10^300 | 4273 | 74 |

### Input Bits Sorted by Occurrences

| Input Bit | Complexity | Occurrences | Output Occurrences |
|:---------:|:----------:|:-----------:|:------------------:|
| iv_502 | 2.7783114794191 × 10^299 | 3892 | 82 |
| iv_505 | 1.126806563046595 × 10^300 | 3921 | 79 |
| iv_504 | 7.268258048442589 × 10^299 | 3938 | 78 |
| iv_498 | 2.3593577348053808 × 10^298 | 3960 | 88 |
| iv_506 | 1.7063525141815302 × 10^300 | 3965 | 82 |
| iv_499 | 4.81854962891864 × 10^298 | 3971 | 81 |
| iv_501 | 1.6266973568491028 × 10^299 | 4057 | 79 |
| iv_500 | 8.971225728070833 × 10^298 | 4116 | 76 |
| iv_503 | 4.565250666255971 × 10^299 | 4151 | 78 |
| iv_508 | 3.6232572912864413 × 10^300 | 4152 | 86 |
| iv_507 | 2.5319844903914088 × 10^300 | 4184 | 76 |
| iv_511 | 4.149655219452642 × 10^297 | 4221 | 80 |
| iv_509 | 5.003050685966271 × 10^300 | 4249 | 80 |
| iv_510 | 5.272410506105926 × 10^300 | 4273 | 74 |

### Input Bits Sorted by Output Occurrences

| Input Bit | Complexity | Occurrences | Output Occurrences |
|:---------:|:----------:|:-----------:|:------------------:|
| iv_510 | 5.272410506105926 × 10^300 | 4273 | 74 |
| iv_500 | 8.971225728070833 × 10^298 | 4116 | 76 |
| iv_507 | 2.5319844903914088 × 10^300 | 4184 | 76 |
| iv_503 | 4.565250666255971 × 10^299 | 4151 | 78 |
| iv_504 | 7.268258048442589 × 10^299 | 3938 | 78 |
| iv_501 | 1.6266973568491028 × 10^299 | 4057 | 79 |
| iv_505 | 1.126806563046595 × 10^300 | 3921 | 79 |
| iv_509 | 5.003050685966271 × 10^300 | 4249 | 80 |
| iv_511 | 4.149655219452642 × 10^297 | 4221 | 80 |
| iv_499 | 4.81854962891864 × 10^298 | 3971 | 81 |
| iv_502 | 2.7783114794191 × 10^299 | 3892 | 82 |
| iv_506 | 1.7063525141815302 × 10^300 | 3965 | 82 |
| iv_508 | 3.6232572912864413 × 10^300 | 4152 | 86 |
| iv_498 | 2.3593577348053808 × 10^298 | 3960 | 88 |

## Input Bit Co-occurrences

### Input Bit Co-occurrences Sorted by Co-occurrences

| Input Bits | Co-occurrences | Potential Occurrences | Output Co-occurrences | Potential Output Occurrences |
|:----------:|:--------------:|:---------------------:|:---------------------:|:----------------------------:|
| iv_509-iv_510 | 2132 | 4258 | 37 | 80 |
| iv_509-iv_511 | 2078 | 4314 | 37 | 86 |
| iv_500-iv_511 | 2078 | 4181 | 38 | 80 |
| iv_510-iv_511 | 2076 | 4342 | 39 | 76 |
| iv_507-iv_508 | 2070 | 4196 | 44 | 74 |
| iv_508-iv_511 | 2069 | 4235 | 43 | 80 |
| iv_500-iv_510 | 2059 | 4271 | 38 | 74 |
| iv_508-iv_509 | 2055 | 4291 | 41 | 84 |
| iv_501-iv_511 | 2054 | 4170 | 41 | 77 |
| iv_508-iv_510 | 2052 | 4321 | 36 | 88 |
| iv_507-iv_509 | 2035 | 4363 | 38 | 80 |
| iv_503-iv_508 | 2028 | 4247 | 42 | 80 |
| iv_503-iv_509 | 2028 | 4344 | 38 | 82 |
| iv_503-iv_511 | 2026 | 4320 | 37 | 84 |

### Input Bit Co-occurrences Sorted by Potential Occurrences

| Input Bits | Co-occurrences | Potential Occurrences | Output Co-occurrences | Potential Output Occurrences |
|:----------:|:--------------:|:---------------------:|:---------------------:|:----------------------------:|
| iv_499-iv_508 | 2008 | 4107 | 46 | 75 |
| iv_504-iv_508 | 1988 | 4114 | 43 | 78 |
| iv_504-iv_506 | 1876 | 4151 | 42 | 76 |
| iv_502-iv_505 | 1828 | 4157 | 36 | 89 |
| iv_506-iv_507 | 1995 | 4159 | 39 | 80 |
| iv_504-iv_505 | 1847 | 4165 | 41 | 75 |
| iv_501-iv_505 | 1906 | 4166 | 36 | 86 |
| iv_501-iv_511 | 2054 | 4170 | 41 | 77 |
| iv_499-iv_504 | 1867 | 4175 | 38 | 83 |
| iv_498-iv_501 | 1918 | 4181 | 40 | 87 |
| iv_500-iv_511 | 2078 | 4181 | 38 | 80 |
| iv_502-iv_508 | 1929 | 4186 | 41 | 86 |
| iv_499-iv_505 | 1853 | 4186 | 42 | 76 |
| iv_500-iv_505 | 1922 | 4193 | 42 | 71 |

### Input Bit Output Co-occurrences Sorted by Output Co-occurrences

| Input Bits | Co-occurrences | Potential Occurrences | Output Co-occurrences | Potential Output Occurrences |
|:----------:|:--------------:|:---------------------:|:---------------------:|:----------------------------:|
| iv_498-iv_499 | 1830 | 4271 | 48 | 73 |
| iv_506-iv_508 | 1960 | 4197 | 48 | 72 |
| iv_498-iv_508 | 1939 | 4234 | 47 | 80 |
| iv_498-iv_502 | 1763 | 4326 | 46 | 78 |
| iv_498-iv_504 | 1845 | 4208 | 46 | 74 |
| iv_499-iv_508 | 2008 | 4107 | 46 | 75 |
| iv_502-iv_511 | 1921 | 4271 | 45 | 72 |
| iv_505-iv_508 | 1918 | 4237 | 44 | 77 |
| iv_502-iv_506 | 1817 | 4223 | 44 | 76 |
| iv_507-iv_508 | 2070 | 4196 | 44 | 74 |
| iv_504-iv_508 | 1988 | 4114 | 43 | 78 |
| iv_498-iv_503 | 1874 | 4363 | 43 | 80 |
| iv_498-iv_507 | 1900 | 4344 | 43 | 78 |
| iv_498-iv_511 | 1893 | 4395 | 43 | 82 |

### Input Bit Output Co-occurrences Sorted by Potential Output Occurrences

| Input Bits | Co-occurrences | Potential Occurrences | Output Co-occurrences | Potential Output Occurrences |
|:----------:|:--------------:|:---------------------:|:---------------------:|:----------------------------:|
| iv_500-iv_505 | 1922 | 4193 | 42 | 71 |
| iv_502-iv_511 | 1921 | 4271 | 45 | 72 |
| iv_506-iv_508 | 1960 | 4197 | 48 | 72 |
| iv_503-iv_505 | 1924 | 4224 | 42 | 73 |
| iv_498-iv_499 | 1830 | 4271 | 48 | 73 |
| iv_499-iv_500 | 1896 | 4295 | 42 | 73 |
| iv_500-iv_501 | 1961 | 4251 | 41 | 73 |
| iv_501-iv_510 | 1939 | 4452 | 40 | 73 |
| iv_505-iv_510 | 1992 | 4210 | 40 | 73 |
| iv_498-iv_504 | 1845 | 4208 | 46 | 74 |
| iv_500-iv_510 | 2059 | 4271 | 38 | 74 |
| iv_502-iv_507 | 1899 | 4278 | 42 | 74 |
| iv_507-iv_508 | 2070 | 4196 | 44 | 74 |
| iv_504-iv_505 | 1847 | 4165 | 41 | 75 |

## Output Bits

### Output Bits in Regular Order

| Rank | Output Bit | Complexity |
|:----:|:----------:|:----------:|
| 1 | ov_001 | 3.293210046107362 × 10^300 |
| 2 | ov_002 | 2.8655057289424176 × 10^300 |
| 3 | ov_003 | 2.481521300048161 × 10^300 |
| 4 | ov_004 | 2.1379807102288505 × 10^300 |
| 5 | ov_005 | 1.831786866862334 × 10^300 |
| 6 | ov_006 | 1.5600089987552587 × 10^300 |
| 7 | ov_007 | 1.3198716765946437 × 10^300 |
| 8 | ov_008 | 1.1087453360247536 × 10^300 |
| 9 | ov_009 | 9.241381585499086 × 10^299 |
| 10 | ov_010 | 7.636891733415233 × 10^299 |
| 11 | ov_011 | 6.251624506641553 × 10^299 |
| 12 | ov_012 | 5.06442265076616 × 10^299 |
| 13 | ov_013 | 4.055291138499445 × 10^299 |
| 14 | ov_014 | 3.2053648320816775 × 10^299 |
| 15 | ov_015 | 2.4968826206872243 × 10^299 |
| 16 | ov_016 | 1.9131670996081646 × 10^299 |
| 17 | ov_017 | 1.438608927509787 × 10^299 |
| 18 | ov_018 | 1.0586550672069478 × 10^299 |
| 19 | ov_019 | 7.5980018432908 × 10^298 |
| 20 | ov_020 | 5.295805470070154 × 10^298 |
| 21 | ov_021 | 3.5656983838492163 × 10^298 |
| 22 | ov_022 | 2.3037636237371155 × 10^298 |
| 23 | ov_023 | 1.4164121126003635 × 10^298 |
| 24 | ov_024 | 8.203708691574598 × 10^297 |
| 25 | ov_025 | 4.4267577621944896 × 10^297 |
| 26 | ov_026 | 2.206675069947221 × 10^297 |
| 27 | ov_027 | 1.0198951230197363 × 10^297 |
| 28 | ov_028 | 4.4587198827252186 × 10^296 |
| 29 | ov_029 | 1.6707664514851089 × 10^296 |
| 30 | ov_030 | 5.049867405657726 × 10^295 |
| 31 | ov_031 | 1.1176460045531587 × 10^295 |
| 32 | lv_80_m31 | 2.1788621659802463 × 10^294 |
| 33 | ov_033 | 2.616318636924204 × 10^295 |
| 34 | ov_034 | 2.2703920439903733 × 10^295 |
| 35 | ov_035 | 1.9604139800446825 × 10^295 |
| 36 | ov_036 | 1.6836615741202939 × 10^295 |
| 37 | ov_037 | 1.4375604360211583 × 10^295 |
| 38 | ov_038 | 1.2196742194073538 × 10^295 |
| 39 | ov_039 | 1.0276955575362063 × 10^295 |
| 40 | ov_040 | 8.594382413046303 × 10^294 |
| 41 | ov_041 | 7.128305171880194 × 10^294 |
| 42 | ov_042 | 5.859093902083972 × 10^294 |
| 43 | ov_043 | 4.7681582423868076 × 10^294 |
| 44 | ov_044 | 3.837907388067989 × 10^294 |
| 45 | ov_045 | 3.051717081458814 × 10^294 |
| 46 | ov_046 | 2.3939027458439425 × 10^294 |
| 47 | ov_047 | 1.849697945193838 × 10^294 |
| 48 | ov_048 | 1.4052374120019292 × 10^294 |
| 49 | ov_049 | 1.0475439439925332 × 10^294 |
| 50 | ov_050 | 7.64518527878113 × 10^293 |
| 51 | ov_051 | 5.449331049155331 × 10^293 |
| 52 | ov_052 | 3.784254489474016 × 10^293 |
| 53 | ov_053 | 2.5549568309189935 × 10^293 |
| 54 | ov_054 | 1.6750401640668338 × 10^293 |
| 55 | ov_055 | 1.0666933681254629 × 10^293 |
| 56 | ov_056 | 6.606836386219326 × 10^292 |
| 57 | ov_057 | 3.963515367258672 × 10^292 |
| 58 | ov_058 | 2.2160826780594472 × 10^292 |
| 59 | ov_059 | 1.1255186359474195 × 10^292 |
| 60 | ov_060 | 4.9564787642350653 × 10^291 |
| 61 | ov_061 | 1.7313771015746124 × 10^291 |
| 62 | ov_062 | 4.7497647770309956 × 10^290 |
| 63 | ov_063 | 9.258370374750756 × 10^289 |
| 64 | lv_79_m31 | 1.8043044562736716 × 10^289 |
| 65 | ov_065 | 2.1697333964817065 × 10^290 |
| 66 | ov_066 | 2.169726938997169 × 10^290 |
| 67 | ov_067 | 2.1697253586396057 × 10^290 |
| 68 | ov_068 | 1.8810510867452973 × 10^290 |
| 69 | ov_069 | 1.6229593004325076 × 10^290 |
| 70 | ov_070 | 1.3930036950143277 × 10^290 |
| 71 | ov_071 | 1.1888884406466076 × 10^290 |
| 72 | ov_072 | 1.0084579948111197 × 10^290 |
| 73 | ov_073 | 8.496878164455451 × 10^289 |
| 74 | ov_074 | 7.106759337412474 × 10^289 |
| 75 | ov_075 | 5.896353195175585 × 10^289 |
| 76 | ov_076 | 4.848870296409685 × 10^289 |
| 77 | ov_077 | 3.948540612296867 × 10^289 |
| 78 | ov_078 | 3.180558884063121 × 10^289 |
| 79 | ov_079 | 2.5310363416901264 × 10^289 |
| 80 | ov_080 | 1.9869583757722934 × 10^289 |
| 81 | ov_081 | 1.5361477592147481 × 10^289 |
| 82 | ov_082 | 1.1672330189565077 × 10^289 |
| 83 | ov_083 | 8.696215603927263 × 10^288 |
| 84 | ov_084 | 6.334771488824674 × 10^288 |
| 85 | ov_085 | 4.497013538602708 × 10^288 |
| 86 | ov_086 | 3.0991856178965075 × 10^288 |
| 87 | ov_087 | 2.0646416464078544 × 10^288 |
| 88 | ov_088 | 1.3237553084132756 × 10^288 |
| 89 | ov_089 | 8.138536580287852 × 10^287 |
| 90 | ov_090 | 4.791706920847428 × 10^287 |
| 91 | ov_091 | 2.708169628763207 × 10^287 |
| 92 | ov_092 | 1.4676133616895826 × 10^287 |
| 93 | ov_093 | 7.182119405475305 × 10^286 |
| 94 | ov_094 | 3.011654922260828 × 10^286 |
| 95 | aaa_78_28 | 9.188737956616979 × 10^285 |
| 96 | aaa_78_29 | 3.283932815119854 × 10^285 |
| 97 | ov_097 | 2.1681305600164904 × 10^285 |
| 98 | ov_098 | 2.1680654441697216 × 10^285 |
| 99 | ov_099 | 2.1680446287366575 × 10^285 |
| 100 | ov_100 | 1.950740229076993 × 10^285 |
| 101 | ov_101 | 1.749525265664661 × 10^285 |
| 102 | ov_102 | 1.5635098227487362 × 10^285 |
| 103 | ov_103 | 1.3918686385875605 × 10^285 |
| 104 | ov_104 | 1.2338328820985788 × 10^285 |
| 105 | ov_105 | 1.0886826674331725 × 10^285 |
| 106 | ov_106 | 9.557402675906408 × 10^284 |
| 107 | ov_107 | 8.343639896915662 × 10^284 |
| 108 | ov_108 | 7.239426757626234 × 10^284 |
| 109 | ov_109 | 6.238907938786831 × 10^284 |
| 110 | ov_110 | 5.336440852970041 × 10^284 |
| 111 | ov_111 | 4.5265573383135686 × 10^284 |
| 112 | ov_112 | 3.803930241788948 × 10^284 |
| 113 | ov_113 | 3.1633445625499523 × 10^284 |
| 114 | ov_114 | 2.599672828344729 × 10^284 |
| 115 | ov_115 | 2.107854379626383 × 10^284 |
| 116 | ov_116 | 1.682878237055613 × 10^284 |
| 117 | ov_117 | 1.3197692287229397 × 10^284 |
| 118 | ov_118 | 1.0135770537710015 × 10^284 |
| 119 | ov_119 | 7.5936795928428265 × 10^283 |
| 120 | ov_120 | 5.522187074130758 × 10^283 |
| 121 | ov_121 | 3.8721250975325183 × 10^283 |
| 122 | ov_122 | 2.594364610475656 × 10^283 |
| 123 | ov_123 | 1.6397989966868215 × 10^283 |
| 124 | ov_124 | 9.593334806632064 × 10^282 |
| 125 | ov_125 | 5.038787439416987 × 10^282 |
| 126 | ov_126 | 2.2434746526311855 × 10^282 |
| 127 | aaa_77_28 | 7.165284742714331 × 10^281 |
| 128 | aaa_77_29 | 2.6870063963433804 × 10^281 |
| 129 | ov_129 | 2.5059029221796215 × 10^281 |
| 130 | ov_130 | 2.505895813223974 × 10^281 |
| 131 | ov_131 | 2.5058940921028265 × 10^281 |
| 132 | ov_132 | 2.1767139748438987 × 10^281 |
| 133 | ov_133 | 1.8814855862961692 × 10^281 |
| 134 | ov_134 | 1.6176542059162796 × 10^281 |
| 135 | ov_135 | 1.3828043995666837 × 10^281 |
| 136 | ov_136 | 1.1746500689054769 × 10^281 |
| 137 | ov_137 | 9.910258195322386 × 10^280 |
| 138 | ov_138 | 8.2987952617420165 × 10^280 |
| 139 | ov_139 | 6.892659795209805 × 10^280 |
| 140 | ov_140 | 5.673415054337045 × 10^280 |
| 141 | ov_141 | 4.623594532079157 × 10^280 |
| 142 | ov_142 | 3.726664553952022 × 10^280 |
| 143 | ov_143 | 2.966993674169724 × 10^280 |
| 144 | ov_144 | 2.329828008604403 × 10^280 |
| 145 | ov_145 | 1.8012716995249212 × 10^280 |
| 146 | ov_146 | 1.3682717627790547 × 10^280 |
| 147 | ov_147 | 1.0186066235668016 × 10^280 |
| 148 | ov_148 | 7.40877702297344 × 10^279 |
| 149 | ov_149 | 5.245034672855902 × 10^279 |
| 150 | ov_150 | 3.5971542625907523 × 10^279 |
| 151 | ov_151 | 2.3755558383042171 × 10^279 |
| 152 | ov_152 | 1.4987494725519792 × 10^279 |
| 153 | ov_153 | 8.933271794709365 × 10^278 |
| 154 | ov_154 | 4.9395873685747234 × 10^278 |
| 155 | ov_155 | 2.4338943073659767 × 10^278 |
| 156 | aaa_76_25 | 9.243882731847155 × 10^277 |
| 157 | aaa_76_26 | 5.246215783893513 × 10^277 |
| 158 | aaa_76_27 | 2.698402744224047 × 10^277 |
| 159 | aaa_76_28 | 1.1967888695793878 × 10^277 |
| 160 | aaa_76_29 | 3.645254243410841 × 10^276 |

### Output Bits Sorted by Complexity

| Rank | Output Bit | Complexity |
|:----:|:----------:|:----------:|
| 160 | aaa_76_29 | 3.645254243410841 × 10^276 |
| 159 | aaa_76_28 | 1.1967888695793878 × 10^277 |
| 158 | aaa_76_27 | 2.698402744224047 × 10^277 |
| 157 | aaa_76_26 | 5.246215783893513 × 10^277 |
| 156 | aaa_76_25 | 9.243882731847155 × 10^277 |
| 155 | ov_155 | 2.4338943073659767 × 10^278 |
| 154 | ov_154 | 4.9395873685747234 × 10^278 |
| 153 | ov_153 | 8.933271794709365 × 10^278 |
| 152 | ov_152 | 1.4987494725519792 × 10^279 |
| 151 | ov_151 | 2.3755558383042171 × 10^279 |
| 150 | ov_150 | 3.5971542625907523 × 10^279 |
| 149 | ov_149 | 5.245034672855902 × 10^279 |
| 148 | ov_148 | 7.40877702297344 × 10^279 |
| 147 | ov_147 | 1.0186066235668016 × 10^280 |
| 146 | ov_146 | 1.3682717627790547 × 10^280 |
| 145 | ov_145 | 1.8012716995249212 × 10^280 |
| 144 | ov_144 | 2.329828008604403 × 10^280 |
| 143 | ov_143 | 2.966993674169724 × 10^280 |
| 142 | ov_142 | 3.726664553952022 × 10^280 |
| 141 | ov_141 | 4.623594532079157 × 10^280 |
| 140 | ov_140 | 5.673415054337045 × 10^280 |
| 139 | ov_139 | 6.892659795209805 × 10^280 |
| 138 | ov_138 | 8.2987952617420165 × 10^280 |
| 137 | ov_137 | 9.910258195322386 × 10^280 |
| 136 | ov_136 | 1.1746500689054769 × 10^281 |
| 135 | ov_135 | 1.3828043995666837 × 10^281 |
| 134 | ov_134 | 1.6176542059162796 × 10^281 |
| 133 | ov_133 | 1.8814855862961692 × 10^281 |
| 132 | ov_132 | 2.1767139748438987 × 10^281 |
| 131 | ov_131 | 2.5058940921028265 × 10^281 |
| 130 | ov_130 | 2.505895813223974 × 10^281 |
| 129 | ov_129 | 2.5059029221796215 × 10^281 |
| 128 | aaa_77_29 | 2.6870063963433804 × 10^281 |
| 127 | aaa_77_28 | 7.165284742714331 × 10^281 |
| 126 | ov_126 | 2.2434746526311855 × 10^282 |
| 125 | ov_125 | 5.038787439416987 × 10^282 |
| 124 | ov_124 | 9.593334806632064 × 10^282 |
| 123 | ov_123 | 1.6397989966868215 × 10^283 |
| 122 | ov_122 | 2.594364610475656 × 10^283 |
| 121 | ov_121 | 3.8721250975325183 × 10^283 |
| 120 | ov_120 | 5.522187074130758 × 10^283 |
| 119 | ov_119 | 7.5936795928428265 × 10^283 |
| 118 | ov_118 | 1.0135770537710015 × 10^284 |
| 117 | ov_117 | 1.3197692287229397 × 10^284 |
| 116 | ov_116 | 1.682878237055613 × 10^284 |
| 115 | ov_115 | 2.107854379626383 × 10^284 |
| 114 | ov_114 | 2.599672828344729 × 10^284 |
| 113 | ov_113 | 3.1633445625499523 × 10^284 |
| 112 | ov_112 | 3.803930241788948 × 10^284 |
| 111 | ov_111 | 4.5265573383135686 × 10^284 |
| 110 | ov_110 | 5.336440852970041 × 10^284 |
| 109 | ov_109 | 6.238907938786831 × 10^284 |
| 108 | ov_108 | 7.239426757626234 × 10^284 |
| 107 | ov_107 | 8.343639896915662 × 10^284 |
| 106 | ov_106 | 9.557402675906408 × 10^284 |
| 105 | ov_105 | 1.0886826674331725 × 10^285 |
| 104 | ov_104 | 1.2338328820985788 × 10^285 |
| 103 | ov_103 | 1.3918686385875605 × 10^285 |
| 102 | ov_102 | 1.5635098227487362 × 10^285 |
| 101 | ov_101 | 1.749525265664661 × 10^285 |
| 100 | ov_100 | 1.950740229076993 × 10^285 |
| 99 | ov_099 | 2.1680446287366575 × 10^285 |
| 98 | ov_098 | 2.1680654441697216 × 10^285 |
| 97 | ov_097 | 2.1681305600164904 × 10^285 |
| 96 | aaa_78_29 | 3.283932815119854 × 10^285 |
| 95 | aaa_78_28 | 9.188737956616979 × 10^285 |
| 94 | ov_094 | 3.011654922260828 × 10^286 |
| 93 | ov_093 | 7.182119405475305 × 10^286 |
| 92 | ov_092 | 1.4676133616895826 × 10^287 |
| 91 | ov_091 | 2.708169628763207 × 10^287 |
| 90 | ov_090 | 4.791706920847428 × 10^287 |
| 89 | ov_089 | 8.138536580287852 × 10^287 |
| 88 | ov_088 | 1.3237553084132756 × 10^288 |
| 87 | ov_087 | 2.0646416464078544 × 10^288 |
| 86 | ov_086 | 3.0991856178965075 × 10^288 |
| 85 | ov_085 | 4.497013538602708 × 10^288 |
| 84 | ov_084 | 6.334771488824674 × 10^288 |
| 83 | ov_083 | 8.696215603927263 × 10^288 |
| 82 | ov_082 | 1.1672330189565077 × 10^289 |
| 81 | ov_081 | 1.5361477592147481 × 10^289 |
| 64 | lv_79_m31 | 1.8043044562736716 × 10^289 |
| 80 | ov_080 | 1.9869583757722934 × 10^289 |
| 79 | ov_079 | 2.5310363416901264 × 10^289 |
| 78 | ov_078 | 3.180558884063121 × 10^289 |
| 77 | ov_077 | 3.948540612296867 × 10^289 |
| 76 | ov_076 | 4.848870296409685 × 10^289 |
| 75 | ov_075 | 5.896353195175585 × 10^289 |
| 74 | ov_074 | 7.106759337412474 × 10^289 |
| 73 | ov_073 | 8.496878164455451 × 10^289 |
| 63 | ov_063 | 9.258370374750756 × 10^289 |
| 72 | ov_072 | 1.0084579948111197 × 10^290 |
| 71 | ov_071 | 1.1888884406466076 × 10^290 |
| 70 | ov_070 | 1.3930036950143277 × 10^290 |
| 69 | ov_069 | 1.6229593004325076 × 10^290 |
| 68 | ov_068 | 1.8810510867452973 × 10^290 |
| 67 | ov_067 | 2.1697253586396057 × 10^290 |
| 66 | ov_066 | 2.169726938997169 × 10^290 |
| 65 | ov_065 | 2.1697333964817065 × 10^290 |
| 62 | ov_062 | 4.7497647770309956 × 10^290 |
| 61 | ov_061 | 1.7313771015746124 × 10^291 |
| 60 | ov_060 | 4.9564787642350653 × 10^291 |
| 59 | ov_059 | 1.1255186359474195 × 10^292 |
| 58 | ov_058 | 2.2160826780594472 × 10^292 |
| 57 | ov_057 | 3.963515367258672 × 10^292 |
| 56 | ov_056 | 6.606836386219326 × 10^292 |
| 55 | ov_055 | 1.0666933681254629 × 10^293 |
| 54 | ov_054 | 1.6750401640668338 × 10^293 |
| 53 | ov_053 | 2.5549568309189935 × 10^293 |
| 52 | ov_052 | 3.784254489474016 × 10^293 |
| 51 | ov_051 | 5.449331049155331 × 10^293 |
| 50 | ov_050 | 7.64518527878113 × 10^293 |
| 49 | ov_049 | 1.0475439439925332 × 10^294 |
| 48 | ov_048 | 1.4052374120019292 × 10^294 |
| 47 | ov_047 | 1.849697945193838 × 10^294 |
| 32 | lv_80_m31 | 2.1788621659802463 × 10^294 |
| 46 | ov_046 | 2.3939027458439425 × 10^294 |
| 45 | ov_045 | 3.051717081458814 × 10^294 |
| 44 | ov_044 | 3.837907388067989 × 10^294 |
| 43 | ov_043 | 4.7681582423868076 × 10^294 |
| 42 | ov_042 | 5.859093902083972 × 10^294 |
| 41 | ov_041 | 7.128305171880194 × 10^294 |
| 40 | ov_040 | 8.594382413046303 × 10^294 |
| 39 | ov_039 | 1.0276955575362063 × 10^295 |
| 31 | ov_031 | 1.1176460045531587 × 10^295 |
| 38 | ov_038 | 1.2196742194073538 × 10^295 |
| 37 | ov_037 | 1.4375604360211583 × 10^295 |
| 36 | ov_036 | 1.6836615741202939 × 10^295 |
| 35 | ov_035 | 1.9604139800446825 × 10^295 |
| 34 | ov_034 | 2.2703920439903733 × 10^295 |
| 33 | ov_033 | 2.616318636924204 × 10^295 |
| 30 | ov_030 | 5.049867405657726 × 10^295 |
| 29 | ov_029 | 1.6707664514851089 × 10^296 |
| 28 | ov_028 | 4.4587198827252186 × 10^296 |
| 27 | ov_027 | 1.0198951230197363 × 10^297 |
| 26 | ov_026 | 2.206675069947221 × 10^297 |
| 25 | ov_025 | 4.4267577621944896 × 10^297 |
| 24 | ov_024 | 8.203708691574598 × 10^297 |
| 23 | ov_023 | 1.4164121126003635 × 10^298 |
| 22 | ov_022 | 2.3037636237371155 × 10^298 |
| 21 | ov_021 | 3.5656983838492163 × 10^298 |
| 20 | ov_020 | 5.295805470070154 × 10^298 |
| 19 | ov_019 | 7.5980018432908 × 10^298 |
| 18 | ov_018 | 1.0586550672069478 × 10^299 |
| 17 | ov_017 | 1.438608927509787 × 10^299 |
| 16 | ov_016 | 1.9131670996081646 × 10^299 |
| 15 | ov_015 | 2.4968826206872243 × 10^299 |
| 14 | ov_014 | 3.2053648320816775 × 10^299 |
| 13 | ov_013 | 4.055291138499445 × 10^299 |
| 12 | ov_012 | 5.06442265076616 × 10^299 |
| 11 | ov_011 | 6.251624506641553 × 10^299 |
| 10 | ov_010 | 7.636891733415233 × 10^299 |
| 9 | ov_009 | 9.241381585499086 × 10^299 |
| 8 | ov_008 | 1.1087453360247536 × 10^300 |
| 7 | ov_007 | 1.3198716765946437 × 10^300 |
| 6 | ov_006 | 1.5600089987552587 × 10^300 |
| 5 | ov_005 | 1.831786866862334 × 10^300 |
| 4 | ov_004 | 2.1379807102288505 × 10^300 |
| 3 | ov_003 | 2.481521300048161 × 10^300 |
| 2 | ov_002 | 2.8655057289424176 × 10^300 |
| 1 | ov_001 | 3.293210046107362 × 10^300 |

