# Results for F001-F002-F003-F004-F005-F006-F007-F008-F009-F010-F011-F012-F013-F014-F015-F016-F017-F018-F019-F020-F021-F022-F023-F024-F025-F026-F027-F028-F029-F030-F031-F032-F033-F034-F035-F036-F037-F038-F039-F040-F041-F042-F043-F044-F045-F046-F047-F048-F049-F050-F051-F052-F053-F054-F055-F056-F057-F058-F059-F060-F061-F062-F063-F064-F065-F066-F067-F068-F069-F070-F071-F072-F073-F074-F075-F076-F077-F078-F079-F080-F081-F082-F083-F084-F085-F086-F087-F088-F089-F090-F091-F092-F093-F094-F095-F096-F097-F098-F099-F100-F101-F102-F103-F104-F105-F106-F107-F108-F109-F110-F111-F112-F113-F114-F115-F116-F117-F118-F119-F120-F121-F122-F123-F124-F125-F126-F127-F128-F129-F130-F131-F132-F133-F134-F135-F136-F137-F138-F139-F140-F141-F142-F143-F144-F145-F146-F147-F148-F149-F150-F151-F152-F153-F154-F155-F156-F157-F158-F159-F160-F161-F162-F163-F164-F165-F166-F167-F168-F169-F170-F171-F172-F173-F174-F175-F176-F177-F178-F179-F180-F181-F182-F183-F184-F185-F186-F187-F188-F189-F190-F191-F192-F193-F194-F195-F196-F197-F198-F199-F200-F201-F202-F203-F204-F205-F206-F207-F208-F209-F210-F211-F212-F213-F214-F215-F216-F217-F218-F219-F220-F221-F222-F223-F224-F225-F226-F227-F228-F229-F230-F231-F232-F233-F234-F235-F236-F237-F238-F239-F240-F241-F242-F243-F244-F245-F246-F247-F248-F249-F250-F251-F252-F253-F254-F255-F256-F257-F258-F259-F260-F261-F262-F263-F264-F265-F266-F267-F268-F269-F270-F271-F272-F273-F274-F275-F276-F277-F278-F279-F280-F281-F282-F283-F284-F285-F286-F287-F288-F289-F290-F291-F292-F293-F294-F295-F296-F297-F298-F299-F300-F301-F302-F303-F304-F305-F306-F307-F308-F309-F310-F311-F312-F313-F314-F315-F316-F317-F318-F319-F320-F321-F322-F323-F324-F325-F326-F327-F328-F329-F330-F331-F332-F333-F334-F335-F336-F337-F338-F339-F340-F341-F342-F343-F344-F345-F346-F347-F348-F349-F350-F351-F352-F353-F354-F355-F356-F357-F358-F359-F360-F361-F362-F363-F364-F365-F366-F367-F368-F369-F370-F371-F372-F373-F374-F375-F376-F377-F378-F379-F380-F381-F382-F383-F384-F385-F386-F387-F388-F389-F390-F391-F392-F393-F394-F395-F396-F397-F398-F399-F400-F401-F402-F403-F404-F405-F406-F407-F408-F409-F410-F411-F412-F413-F414-F415-F416-F417-F418-F419-F420-F421-F422-F423-F424-F425-F426-F427-F428-F429-F430-F431-F432-F433-F434-F435-F436-F437-F438-F439-F440-F441-F442-F443-F444-F445-F446-F447-F448-F449-F450-F451-F452-F453-F454-F455-F456-F457-F458-F459-F460-F461-F462-F463-F464-F465-F466-F467-F468-F469-F470-F471-F472-F473-F474-F475-F476-F477-F478-F479-F480-F481-F482-F483-F484-F485-F486-F487-F488-F489-F490-F491-F492-F493-F494-F495-F496-T509-F512

## Summary

Number of input bits: 512  
Number of free input bits: 14  
Number of output bits: 160

Number of direct occurrences: 58142  
Number of assignments: 32181  
Number of operations: 11912173
(xor: 11882513,
and: 15998,
or: 13662)

Total complexity: 5.8650474694924005 × 10^308

Least occurring input variable: iv_505 (3962)  
Most occurring input variable: iv_510 (4266)

Most co-occurring input variables: iv_507-iv_508 (2086)  
Least co-occurring input variables: iv_498-iv_505 (1778)

Potentially most occurring input variable: iv_501/iv_508 (4602)  
Potentially least occurring input variable: iv_498/iv_506 (4243)

Least output occurring input variable: iv_503 (69)  
Most output occurring input variable: iv_510 (90)

Most output co-occurring input variables: iv_501-iv_510 (51)  
Least output co-occurring input variables: iv_497-iv_503 (25)

Potentially most output occurring input variable: iv_500/iv_510 (93)  
Potentially least output occurring input variable: iv_499/iv_501 (62)

Least complex input bit: iv_511 (4.600966450192913 × 10^304)  
Most complex input bit: iv_510 (1.6220642811527529 × 10^308)

Least complex output bit: aaa_76_29 (1.5812486258815684 × 10^283)  
Most complex output bit: ov_001 (9.169230281345035 × 10^307)

Least complex input/output complexity: iv_511/aaa_76_29 (1.2404455232353633 × 10^279)  
Most complex input/output complexity: iv_510/ov_001 (2.5358841513896872 × 10^307)

## Input Bits

### Input Bits in Regular Order

| Input Bit | Complexity | Occurrences | Output Occurrences |
|:---------:|:----------:|:-----------:|:------------------:|
| iv_497 | 7.3499273648124285 × 10^305 | 4157 | 73 |
| iv_498 | 1.4649652532825864 × 10^306 | 3997 | 69 |
| iv_499 | 2.578736392884341 × 10^306 | 4087 | 78 |
| iv_500 | 4.33842861689492 × 10^306 | 4135 | 75 |
| iv_501 | 7.181281253382647 × 10^306 | 4219 | 82 |
| iv_502 | 1.1625553097488275 × 10^307 | 4132 | 80 |
| iv_503 | 1.8477270371073172 × 10^307 | 4265 | 69 |
| iv_504 | 2.8797030843073263 × 10^307 | 4076 | 87 |
| iv_505 | 4.4084936500527875 × 10^307 | 3962 | 75 |
| iv_506 | 6.634890084651083 × 10^307 | 4118 | 78 |
| iv_507 | 9.828644620030398 × 10^307 | 4237 | 88 |
| iv_508 | 1.4033376705756018 × 10^308 | 4233 | 78 |
| iv_510 | 1.6220642811527529 × 10^308 | 4266 | 90 |
| iv_511 | 4.600966450192913 × 10^304 | 4258 | 80 |

### Input Bits Sorted by Complexity

| Input Bit | Complexity | Occurrences | Output Occurrences |
|:---------:|:----------:|:-----------:|:------------------:|
| iv_511 | 4.600966450192913 × 10^304 | 4258 | 80 |
| iv_497 | 7.3499273648124285 × 10^305 | 4157 | 73 |
| iv_498 | 1.4649652532825864 × 10^306 | 3997 | 69 |
| iv_499 | 2.578736392884341 × 10^306 | 4087 | 78 |
| iv_500 | 4.33842861689492 × 10^306 | 4135 | 75 |
| iv_501 | 7.181281253382647 × 10^306 | 4219 | 82 |
| iv_502 | 1.1625553097488275 × 10^307 | 4132 | 80 |
| iv_503 | 1.8477270371073172 × 10^307 | 4265 | 69 |
| iv_504 | 2.8797030843073263 × 10^307 | 4076 | 87 |
| iv_505 | 4.4084936500527875 × 10^307 | 3962 | 75 |
| iv_506 | 6.634890084651083 × 10^307 | 4118 | 78 |
| iv_507 | 9.828644620030398 × 10^307 | 4237 | 88 |
| iv_508 | 1.4033376705756018 × 10^308 | 4233 | 78 |
| iv_510 | 1.6220642811527529 × 10^308 | 4266 | 90 |

### Input Bits Sorted by Occurrences

| Input Bit | Complexity | Occurrences | Output Occurrences |
|:---------:|:----------:|:-----------:|:------------------:|
| iv_505 | 4.4084936500527875 × 10^307 | 3962 | 75 |
| iv_498 | 1.4649652532825864 × 10^306 | 3997 | 69 |
| iv_504 | 2.8797030843073263 × 10^307 | 4076 | 87 |
| iv_499 | 2.578736392884341 × 10^306 | 4087 | 78 |
| iv_506 | 6.634890084651083 × 10^307 | 4118 | 78 |
| iv_502 | 1.1625553097488275 × 10^307 | 4132 | 80 |
| iv_500 | 4.33842861689492 × 10^306 | 4135 | 75 |
| iv_497 | 7.3499273648124285 × 10^305 | 4157 | 73 |
| iv_501 | 7.181281253382647 × 10^306 | 4219 | 82 |
| iv_508 | 1.4033376705756018 × 10^308 | 4233 | 78 |
| iv_507 | 9.828644620030398 × 10^307 | 4237 | 88 |
| iv_511 | 4.600966450192913 × 10^304 | 4258 | 80 |
| iv_503 | 1.8477270371073172 × 10^307 | 4265 | 69 |
| iv_510 | 1.6220642811527529 × 10^308 | 4266 | 90 |

### Input Bits Sorted by Output Occurrences

| Input Bit | Complexity | Occurrences | Output Occurrences |
|:---------:|:----------:|:-----------:|:------------------:|
| iv_503 | 1.8477270371073172 × 10^307 | 4265 | 69 |
| iv_498 | 1.4649652532825864 × 10^306 | 3997 | 69 |
| iv_497 | 7.3499273648124285 × 10^305 | 4157 | 73 |
| iv_500 | 4.33842861689492 × 10^306 | 4135 | 75 |
| iv_505 | 4.4084936500527875 × 10^307 | 3962 | 75 |
| iv_506 | 6.634890084651083 × 10^307 | 4118 | 78 |
| iv_508 | 1.4033376705756018 × 10^308 | 4233 | 78 |
| iv_499 | 2.578736392884341 × 10^306 | 4087 | 78 |
| iv_502 | 1.1625553097488275 × 10^307 | 4132 | 80 |
| iv_511 | 4.600966450192913 × 10^304 | 4258 | 80 |
| iv_501 | 7.181281253382647 × 10^306 | 4219 | 82 |
| iv_504 | 2.8797030843073263 × 10^307 | 4076 | 87 |
| iv_507 | 9.828644620030398 × 10^307 | 4237 | 88 |
| iv_510 | 1.6220642811527529 × 10^308 | 4266 | 90 |

## Input Bit Co-occurrences

### Input Bit Co-occurrences Sorted by Co-occurrences

| Input Bits | Co-occurrences | Potential Occurrences | Output Co-occurrences | Potential Output Occurrences |
|:----------:|:--------------:|:---------------------:|:---------------------:|:----------------------------:|
| iv_507-iv_508 | 2086 | 4298 | 42 | 82 |
| iv_503-iv_511 | 2073 | 4377 | 32 | 85 |
| iv_501-iv_511 | 2071 | 4335 | 41 | 80 |
| iv_503-iv_510 | 2040 | 4451 | 42 | 75 |
| iv_499-iv_503 | 2033 | 4286 | 33 | 81 |
| iv_506-iv_507 | 2031 | 4293 | 42 | 82 |
| iv_506-iv_510 | 2030 | 4324 | 45 | 78 |
| iv_510-iv_511 | 2029 | 4466 | 45 | 80 |
| iv_501-iv_510 | 2027 | 4431 | 51 | 70 |
| iv_502-iv_510 | 2027 | 4344 | 45 | 80 |
| iv_502-iv_503 | 2027 | 4343 | 36 | 77 |
| iv_501-iv_503 | 2017 | 4450 | 32 | 87 |
| iv_507-iv_510 | 2014 | 4475 | 49 | 80 |
| iv_501-iv_504 | 2013 | 4269 | 45 | 79 |

### Input Bit Co-occurrences Sorted by Potential Occurrences

| Input Bits | Co-occurrences | Potential Occurrences | Output Co-occurrences | Potential Output Occurrences |
|:----------:|:--------------:|:---------------------:|:---------------------:|:----------------------------:|
| iv_498-iv_506 | 1936 | 4243 | 32 | 83 |
| iv_499-iv_505 | 1901 | 4247 | 42 | 69 |
| iv_501-iv_504 | 2013 | 4269 | 45 | 79 |
| iv_502-iv_504 | 1964 | 4280 | 44 | 79 |
| iv_500-iv_505 | 1907 | 4283 | 37 | 76 |
| iv_500-iv_506 | 1985 | 4283 | 38 | 77 |
| iv_499-iv_503 | 2033 | 4286 | 33 | 81 |
| iv_498-iv_501 | 1963 | 4290 | 39 | 73 |
| iv_506-iv_507 | 2031 | 4293 | 42 | 82 |
| iv_507-iv_508 | 2086 | 4298 | 42 | 82 |
| iv_497-iv_504 | 1967 | 4299 | 39 | 82 |
| iv_500-iv_504 | 1954 | 4303 | 47 | 68 |
| iv_502-iv_505 | 1895 | 4304 | 35 | 85 |
| iv_497-iv_502 | 1990 | 4309 | 42 | 69 |

### Input Bit Output Co-occurrences Sorted by Output Co-occurrences

| Input Bits | Co-occurrences | Potential Occurrences | Output Co-occurrences | Potential Output Occurrences |
|:----------:|:--------------:|:---------------------:|:---------------------:|:----------------------------:|
| iv_501-iv_510 | 2027 | 4431 | 51 | 70 |
| iv_499-iv_501 | 1993 | 4320 | 49 | 62 |
| iv_507-iv_510 | 2014 | 4475 | 49 | 80 |
| iv_504-iv_507 | 1998 | 4317 | 48 | 79 |
| iv_499-iv_507 | 1999 | 4326 | 47 | 72 |
| iv_500-iv_504 | 1954 | 4303 | 47 | 68 |
| iv_507-iv_511 | 2002 | 4491 | 47 | 74 |
| iv_506-iv_511 | 1957 | 4462 | 47 | 64 |
| iv_504-iv_510 | 2000 | 4342 | 46 | 85 |
| iv_504-iv_508 | 1999 | 4311 | 45 | 75 |
| iv_501-iv_504 | 2013 | 4269 | 45 | 79 |
| iv_501-iv_507 | 1999 | 4458 | 45 | 80 |
| iv_499-iv_510 | 1978 | 4397 | 45 | 78 |
| iv_502-iv_510 | 2027 | 4344 | 45 | 80 |

### Input Bit Output Co-occurrences Sorted by Potential Output Occurrences

| Input Bits | Co-occurrences | Potential Occurrences | Output Co-occurrences | Potential Output Occurrences |
|:----------:|:--------------:|:---------------------:|:---------------------:|:----------------------------:|
| iv_499-iv_501 | 1993 | 4320 | 49 | 62 |
| iv_506-iv_511 | 1957 | 4462 | 47 | 64 |
| iv_500-iv_504 | 1954 | 4303 | 47 | 68 |
| iv_497-iv_502 | 1990 | 4309 | 42 | 69 |
| iv_499-iv_505 | 1901 | 4247 | 42 | 69 |
| iv_501-iv_510 | 2027 | 4431 | 51 | 70 |
| iv_499-iv_507 | 1999 | 4326 | 47 | 72 |
| iv_499-iv_511 | 1995 | 4355 | 43 | 72 |
| iv_498-iv_501 | 1963 | 4290 | 39 | 73 |
| iv_498-iv_511 | 1885 | 4485 | 38 | 73 |
| iv_497-iv_507 | 1974 | 4446 | 44 | 73 |
| iv_507-iv_511 | 2002 | 4491 | 47 | 74 |
| iv_497-iv_506 | 1934 | 4407 | 38 | 75 |
| iv_504-iv_508 | 1999 | 4311 | 45 | 75 |

## Output Bits

### Output Bits in Regular Order

| Rank | Output Bit | Complexity |
|:----:|:----------:|:----------:|
| 1 | ov_001 | 9.169230281345035 × 10^307 |
| 2 | ov_002 | 7.97873618414379 × 10^307 |
| 3 | ov_003 | 6.909940194508024 × 10^307 |
| 4 | ov_004 | 5.95371665414687 × 10^307 |
| 5 | ov_005 | 5.101439693560026 × 10^307 |
| 6 | ov_006 | 4.344947792519018 × 10^307 |
| 7 | ov_007 | 3.676512931946786 × 10^307 |
| 8 | ov_008 | 3.088813979646943 × 10^307 |
| 9 | ov_009 | 2.5749139209776317 × 10^307 |
| 10 | ov_010 | 2.1282405408077 × 10^307 |
| 11 | ov_011 | 1.7425701850895764 × 10^307 |
| 12 | ov_012 | 1.4120142518051817 × 10^307 |
| 13 | ov_013 | 1.1310080820050885 × 10^307 |
| 14 | ov_014 | 8.943019422665974 × 10^306 |
| 15 | ov_015 | 6.96953810227238 × 10^306 |
| 16 | ov_016 | 5.343236949759028 × 10^306 |
| 17 | ov_017 | 4.0206924406062765 × 10^306 |
| 18 | ov_018 | 2.9614240874445613 × 10^306 |
| 19 | ov_019 | 2.1278695894282837 × 10^306 |
| 20 | ov_020 | 1.485366683676145 × 10^306 |
| 21 | ov_021 | 1.0021402880144745 × 10^306 |
| 22 | ov_022 | 6.492937213670509 × 10^305 |
| 23 | ov_023 | 4.0080285486142496 × 10^305 |
| 24 | ov_024 | 2.3351230729125037 × 10^305 |
| 25 | ov_025 | 1.271331155494457 × 10^305 |
| 26 | ov_026 | 6.424145750925656 × 10^304 |
| 27 | ov_027 | 3.0278050565414335 × 10^304 |
| 28 | ov_028 | 1.3547914233857957 × 10^304 |
| 29 | ov_029 | 5.2202936560866065 × 10^303 |
| 30 | ov_030 | 1.5958638333256402 × 10^303 |
| 31 | ov_031 | 3.112667957117901 × 10^302 |
| 32 | lv_80_m31 | 6.07002231253936 × 10^301 |
| 33 | ov_033 | 7.3069912657034775 × 10^302 |
| 34 | ov_034 | 6.3456450211285276 × 10^302 |
| 35 | ov_035 | 5.484228974135509 × 10^302 |
| 36 | ov_036 | 4.714898598389973 × 10^302 |
| 37 | ov_037 | 4.030239566445296 × 10^302 |
| 38 | ov_038 | 3.423237335150406 × 10^302 |
| 39 | ov_039 | 2.8872506748017343 × 10^302 |
| 40 | ov_040 | 2.4159887838505875 × 10^302 |
| 41 | ov_041 | 2.003491649018926 × 10^302 |
| 42 | ov_042 | 1.6468596982362643 × 10^302 |
| 43 | ov_043 | 1.3407469612681763 × 10^302 |
| 44 | ov_044 | 1.0800956695385784 × 10^302 |
| 45 | ov_045 | 8.601265438745656 × 10^301 |
| 46 | ov_046 | 6.763308854199684 × 10^301 |
| 47 | ov_047 | 5.244642316171382 × 10^301 |
| 48 | ov_048 | 4.005413556967359 × 10^301 |
| 49 | ov_049 | 3.0083240459619415 × 10^301 |
| 50 | ov_050 | 2.218599866610983 × 10^301 |
| 51 | ov_051 | 1.6039703688042487 × 10^301 |
| 52 | ov_052 | 1.1346530377546626 × 10^301 |
| 53 | ov_053 | 7.833431841103029 × 10^300 |
| 54 | ov_054 | 5.252072233245903 × 10^300 |
| 55 | ov_055 | 3.378784755831067 × 10^300 |
| 56 | ov_056 | 2.107899288408936 × 10^300 |
| 57 | ov_057 | 1.2650210987368096 × 10^300 |
| 58 | ov_058 | 7.0037557663524605 × 10^299 |
| 59 | ov_059 | 3.4522972571584117 × 10^299 |
| 60 | ov_060 | 1.4315784283194617 × 10^299 |
| 61 | ov_061 | 5.004103567286795 × 10^298 |
| 62 | ov_062 | 1.3737117594876346 × 10^298 |
| 63 | ov_063 | 2.6795402872756605 × 10^297 |
| 64 | lv_79_m31 | 5.2255563331423334 × 10^296 |
| 65 | ov_065 | 6.288661086852628 × 10^297 |
| 66 | ov_066 | 6.288644059878618 × 10^297 |
| 67 | ov_067 | 6.288639963398046 × 10^297 |
| 68 | ov_068 | 5.4642086882414695 × 10^297 |
| 69 | ov_069 | 4.724257107022262 × 10^297 |
| 70 | ov_070 | 4.062571678134484 × 10^297 |
| 71 | ov_071 | 3.473253924377966 × 10^297 |
| 72 | ov_072 | 2.950698290972473 × 10^297 |
| 73 | ov_073 | 2.4895735768385105 × 10^297 |
| 74 | ov_074 | 2.084807543866522 × 10^297 |
| 75 | ov_075 | 1.7315743299612793 × 10^297 |
| 76 | ov_076 | 1.4252843118816086 × 10^297 |
| 77 | ov_077 | 1.1615760834408622 × 10^297 |
| 78 | ov_078 | 9.363102336169135 × 10^296 |
| 79 | ov_079 | 7.455646276514382 × 10^296 |
| 80 | ov_080 | 5.8563091239116404 × 10^296 |
| 81 | ov_081 | 4.530119850185246 × 10^296 |
| 82 | ov_082 | 3.4442018200270482 × 10^296 |
| 83 | ov_083 | 2.567759626293246 × 10^296 |
| 84 | ov_084 | 1.872068995022674 × 10^296 |
| 85 | ov_085 | 1.3304686545439474 × 10^296 |
| 86 | ov_086 | 9.183537683343785 × 10^295 |
| 87 | ov_087 | 6.131707592827968 × 10^295 |
| 88 | ov_088 | 3.9441335313732585 × 10^295 |
| 89 | ov_089 | 2.4361966899389003 × 10^295 |
| 90 | ov_090 | 1.4437018472093188 × 10^295 |
| 91 | ov_091 | 8.228640523485418 × 10^294 |
| 92 | ov_092 | 4.503006299087819 × 10^294 |
| 93 | ov_093 | 2.2302688559184688 × 10^294 |
| 94 | ov_094 | 9.464961360038558 × 10^293 |
| 95 | aaa_78_28 | 2.8973312298512153 × 10^293 |
| 96 | aaa_78_29 | 8.776213378372644 × 10^292 |
| 97 | ov_097 | 4.631492938196109 × 10^292 |
| 98 | ov_098 | 4.631464388849715 × 10^292 |
| 99 | ov_099 | 4.631455261323402 × 10^292 |
| 100 | ov_100 | 3.926073829312842 × 10^292 |
| 101 | ov_101 | 3.304830651207296 × 10^292 |
| 102 | ov_102 | 2.7606665657470183 × 10^292 |
| 103 | ov_103 | 2.2869133368037055 × 10^292 |
| 104 | ov_104 | 1.8772652794660044 × 10^292 |
| 105 | ov_105 | 1.525754483075933 × 10^292 |
| 106 | ov_106 | 1.2267293093222507 × 10^292 |
| 107 | ov_107 | 9.748358603650822 × 10^291 |
| 108 | ov_108 | 7.650021281969288 × 10^291 |
| 109 | ov_109 | 5.924245521564628 × 10^291 |
| 110 | ov_110 | 4.5255672680550673 × 10^291 |
| 111 | ov_111 | 3.4110001734472504 × 10^291 |
| 112 | ov_112 | 2.5399585445495455 × 10^291 |
| 113 | ov_113 | 1.8741949497164305 × 10^291 |
| 114 | ov_114 | 1.3777504918107047 × 10^291 |
| 115 | ov_115 | 1.0169158981011833 × 10^291 |
| 116 | ov_116 | 7.602017199818504 × 10^290 |
| 117 | ov_117 | 5.783160771398017 × 10^290 |
| 118 | ov_118 | 4.441485222796906 × 10^290 |
| 119 | ov_119 | 3.3275874384258158 × 10^290 |
| 120 | ov_120 | 2.4198911072167043 × 10^290 |
| 121 | ov_121 | 1.696850581970629 × 10^290 |
| 122 | ov_122 | 1.136939048041555 × 10^290 |
| 123 | ov_123 | 7.186407369356956 × 10^289 |
| 124 | ov_124 | 4.2044567006577426 × 10^289 |
| 125 | ov_125 | 2.208463996397914 × 10^289 |
| 126 | ov_126 | 9.833634459746378 × 10^288 |
| 127 | aaa_77_28 | 3.140915116536877 × 10^288 |
| 128 | aaa_77_29 | 1.1779726899233651 × 10^288 |
| 129 | ov_129 | 1.1005751573438448 × 10^288 |
| 130 | ov_130 | 1.1005720753454382 × 10^288 |
| 131 | ov_131 | 1.100571329470243 × 10^288 |
| 132 | ov_132 | 9.564224638507146 × 10^287 |
| 133 | ov_133 | 8.271008087399337 × 10^287 |
| 134 | ov_134 | 7.114943860673377 × 10^287 |
| 135 | ov_135 | 6.085514484033252 × 10^287 |
| 136 | ov_136 | 5.172761852664411 × 10^287 |
| 137 | ov_137 | 4.367250065007268 × 10^287 |
| 138 | ov_138 | 3.660033488698408 × 10^287 |
| 139 | ov_139 | 3.0426295479932206 × 10^287 |
| 140 | ov_140 | 2.5069957489510284 × 10^287 |
| 141 | ov_141 | 2.0455104849352012 × 10^287 |
| 142 | ov_142 | 1.6509571907138272 × 10^287 |
| 143 | ov_143 | 1.3165114387732873 × 10^287 |
| 144 | ov_144 | 1.0357305964860016 × 10^287 |
| 145 | ov_145 | 8.025456875916592 × 10^286 |
| 146 | ov_146 | 6.112551261253192 × 10^286 |
| 147 | ov_147 | 4.565200155055617 × 10^286 |
| 148 | ov_148 | 3.333607300163503 × 10^286 |
| 149 | ov_149 | 2.3715452040066045 × 10^286 |
| 150 | ov_150 | 1.6363390974645635 × 10^286 |
| 151 | ov_151 | 1.0888567029433913 × 10^286 |
| 152 | ov_152 | 6.935020473989181 × 10^285 |
| 153 | ov_153 | 4.1821197045707955 × 10^285 |
| 154 | ov_154 | 2.3445427659273642 × 10^285 |
| 155 | ov_155 | 1.1722673804589376 × 10^285 |
| 156 | aaa_76_25 | 4.505655214631666 × 10^284 |
| 157 | aaa_76_26 | 2.6032515797608044 × 10^284 |
| 158 | aaa_76_27 | 1.3333617091913385 × 10^284 |
| 159 | aaa_76_28 | 5.195405135398361 × 10^283 |
| 160 | aaa_76_29 | 1.5812486258815684 × 10^283 |

### Output Bits Sorted by Complexity

| Rank | Output Bit | Complexity |
|:----:|:----------:|:----------:|
| 160 | aaa_76_29 | 1.5812486258815684 × 10^283 |
| 159 | aaa_76_28 | 5.195405135398361 × 10^283 |
| 158 | aaa_76_27 | 1.3333617091913385 × 10^284 |
| 157 | aaa_76_26 | 2.6032515797608044 × 10^284 |
| 156 | aaa_76_25 | 4.505655214631666 × 10^284 |
| 155 | ov_155 | 1.1722673804589376 × 10^285 |
| 154 | ov_154 | 2.3445427659273642 × 10^285 |
| 153 | ov_153 | 4.1821197045707955 × 10^285 |
| 152 | ov_152 | 6.935020473989181 × 10^285 |
| 151 | ov_151 | 1.0888567029433913 × 10^286 |
| 150 | ov_150 | 1.6363390974645635 × 10^286 |
| 149 | ov_149 | 2.3715452040066045 × 10^286 |
| 148 | ov_148 | 3.333607300163503 × 10^286 |
| 147 | ov_147 | 4.565200155055617 × 10^286 |
| 146 | ov_146 | 6.112551261253192 × 10^286 |
| 145 | ov_145 | 8.025456875916592 × 10^286 |
| 144 | ov_144 | 1.0357305964860016 × 10^287 |
| 143 | ov_143 | 1.3165114387732873 × 10^287 |
| 142 | ov_142 | 1.6509571907138272 × 10^287 |
| 141 | ov_141 | 2.0455104849352012 × 10^287 |
| 140 | ov_140 | 2.5069957489510284 × 10^287 |
| 139 | ov_139 | 3.0426295479932206 × 10^287 |
| 138 | ov_138 | 3.660033488698408 × 10^287 |
| 137 | ov_137 | 4.367250065007268 × 10^287 |
| 136 | ov_136 | 5.172761852664411 × 10^287 |
| 135 | ov_135 | 6.085514484033252 × 10^287 |
| 134 | ov_134 | 7.114943860673377 × 10^287 |
| 133 | ov_133 | 8.271008087399337 × 10^287 |
| 132 | ov_132 | 9.564224638507146 × 10^287 |
| 131 | ov_131 | 1.100571329470243 × 10^288 |
| 130 | ov_130 | 1.1005720753454382 × 10^288 |
| 129 | ov_129 | 1.1005751573438448 × 10^288 |
| 128 | aaa_77_29 | 1.1779726899233651 × 10^288 |
| 127 | aaa_77_28 | 3.140915116536877 × 10^288 |
| 126 | ov_126 | 9.833634459746378 × 10^288 |
| 125 | ov_125 | 2.208463996397914 × 10^289 |
| 124 | ov_124 | 4.2044567006577426 × 10^289 |
| 123 | ov_123 | 7.186407369356956 × 10^289 |
| 122 | ov_122 | 1.136939048041555 × 10^290 |
| 121 | ov_121 | 1.696850581970629 × 10^290 |
| 120 | ov_120 | 2.4198911072167043 × 10^290 |
| 119 | ov_119 | 3.3275874384258158 × 10^290 |
| 118 | ov_118 | 4.441485222796906 × 10^290 |
| 117 | ov_117 | 5.783160771398017 × 10^290 |
| 116 | ov_116 | 7.602017199818504 × 10^290 |
| 115 | ov_115 | 1.0169158981011833 × 10^291 |
| 114 | ov_114 | 1.3777504918107047 × 10^291 |
| 113 | ov_113 | 1.8741949497164305 × 10^291 |
| 112 | ov_112 | 2.5399585445495455 × 10^291 |
| 111 | ov_111 | 3.4110001734472504 × 10^291 |
| 110 | ov_110 | 4.5255672680550673 × 10^291 |
| 109 | ov_109 | 5.924245521564628 × 10^291 |
| 108 | ov_108 | 7.650021281969288 × 10^291 |
| 107 | ov_107 | 9.748358603650822 × 10^291 |
| 106 | ov_106 | 1.2267293093222507 × 10^292 |
| 105 | ov_105 | 1.525754483075933 × 10^292 |
| 104 | ov_104 | 1.8772652794660044 × 10^292 |
| 103 | ov_103 | 2.2869133368037055 × 10^292 |
| 102 | ov_102 | 2.7606665657470183 × 10^292 |
| 101 | ov_101 | 3.304830651207296 × 10^292 |
| 100 | ov_100 | 3.926073829312842 × 10^292 |
| 99 | ov_099 | 4.631455261323402 × 10^292 |
| 98 | ov_098 | 4.631464388849715 × 10^292 |
| 97 | ov_097 | 4.631492938196109 × 10^292 |
| 96 | aaa_78_29 | 8.776213378372644 × 10^292 |
| 95 | aaa_78_28 | 2.8973312298512153 × 10^293 |
| 94 | ov_094 | 9.464961360038558 × 10^293 |
| 93 | ov_093 | 2.2302688559184688 × 10^294 |
| 92 | ov_092 | 4.503006299087819 × 10^294 |
| 91 | ov_091 | 8.228640523485418 × 10^294 |
| 90 | ov_090 | 1.4437018472093188 × 10^295 |
| 89 | ov_089 | 2.4361966899389003 × 10^295 |
| 88 | ov_088 | 3.9441335313732585 × 10^295 |
| 87 | ov_087 | 6.131707592827968 × 10^295 |
| 86 | ov_086 | 9.183537683343785 × 10^295 |
| 85 | ov_085 | 1.3304686545439474 × 10^296 |
| 84 | ov_084 | 1.872068995022674 × 10^296 |
| 83 | ov_083 | 2.567759626293246 × 10^296 |
| 82 | ov_082 | 3.4442018200270482 × 10^296 |
| 81 | ov_081 | 4.530119850185246 × 10^296 |
| 64 | lv_79_m31 | 5.2255563331423334 × 10^296 |
| 80 | ov_080 | 5.8563091239116404 × 10^296 |
| 79 | ov_079 | 7.455646276514382 × 10^296 |
| 78 | ov_078 | 9.363102336169135 × 10^296 |
| 77 | ov_077 | 1.1615760834408622 × 10^297 |
| 76 | ov_076 | 1.4252843118816086 × 10^297 |
| 75 | ov_075 | 1.7315743299612793 × 10^297 |
| 74 | ov_074 | 2.084807543866522 × 10^297 |
| 73 | ov_073 | 2.4895735768385105 × 10^297 |
| 63 | ov_063 | 2.6795402872756605 × 10^297 |
| 72 | ov_072 | 2.950698290972473 × 10^297 |
| 71 | ov_071 | 3.473253924377966 × 10^297 |
| 70 | ov_070 | 4.062571678134484 × 10^297 |
| 69 | ov_069 | 4.724257107022262 × 10^297 |
| 68 | ov_068 | 5.4642086882414695 × 10^297 |
| 67 | ov_067 | 6.288639963398046 × 10^297 |
| 66 | ov_066 | 6.288644059878618 × 10^297 |
| 65 | ov_065 | 6.288661086852628 × 10^297 |
| 62 | ov_062 | 1.3737117594876346 × 10^298 |
| 61 | ov_061 | 5.004103567286795 × 10^298 |
| 60 | ov_060 | 1.4315784283194617 × 10^299 |
| 59 | ov_059 | 3.4522972571584117 × 10^299 |
| 58 | ov_058 | 7.0037557663524605 × 10^299 |
| 57 | ov_057 | 1.2650210987368096 × 10^300 |
| 56 | ov_056 | 2.107899288408936 × 10^300 |
| 55 | ov_055 | 3.378784755831067 × 10^300 |
| 54 | ov_054 | 5.252072233245903 × 10^300 |
| 53 | ov_053 | 7.833431841103029 × 10^300 |
| 52 | ov_052 | 1.1346530377546626 × 10^301 |
| 51 | ov_051 | 1.6039703688042487 × 10^301 |
| 50 | ov_050 | 2.218599866610983 × 10^301 |
| 49 | ov_049 | 3.0083240459619415 × 10^301 |
| 48 | ov_048 | 4.005413556967359 × 10^301 |
| 47 | ov_047 | 5.244642316171382 × 10^301 |
| 32 | lv_80_m31 | 6.07002231253936 × 10^301 |
| 46 | ov_046 | 6.763308854199684 × 10^301 |
| 45 | ov_045 | 8.601265438745656 × 10^301 |
| 44 | ov_044 | 1.0800956695385784 × 10^302 |
| 43 | ov_043 | 1.3407469612681763 × 10^302 |
| 42 | ov_042 | 1.6468596982362643 × 10^302 |
| 41 | ov_041 | 2.003491649018926 × 10^302 |
| 40 | ov_040 | 2.4159887838505875 × 10^302 |
| 39 | ov_039 | 2.8872506748017343 × 10^302 |
| 31 | ov_031 | 3.112667957117901 × 10^302 |
| 38 | ov_038 | 3.423237335150406 × 10^302 |
| 37 | ov_037 | 4.030239566445296 × 10^302 |
| 36 | ov_036 | 4.714898598389973 × 10^302 |
| 35 | ov_035 | 5.484228974135509 × 10^302 |
| 34 | ov_034 | 6.3456450211285276 × 10^302 |
| 33 | ov_033 | 7.3069912657034775 × 10^302 |
| 30 | ov_030 | 1.5958638333256402 × 10^303 |
| 29 | ov_029 | 5.2202936560866065 × 10^303 |
| 28 | ov_028 | 1.3547914233857957 × 10^304 |
| 27 | ov_027 | 3.0278050565414335 × 10^304 |
| 26 | ov_026 | 6.424145750925656 × 10^304 |
| 25 | ov_025 | 1.271331155494457 × 10^305 |
| 24 | ov_024 | 2.3351230729125037 × 10^305 |
| 23 | ov_023 | 4.0080285486142496 × 10^305 |
| 22 | ov_022 | 6.492937213670509 × 10^305 |
| 21 | ov_021 | 1.0021402880144745 × 10^306 |
| 20 | ov_020 | 1.485366683676145 × 10^306 |
| 19 | ov_019 | 2.1278695894282837 × 10^306 |
| 18 | ov_018 | 2.9614240874445613 × 10^306 |
| 17 | ov_017 | 4.0206924406062765 × 10^306 |
| 16 | ov_016 | 5.343236949759028 × 10^306 |
| 15 | ov_015 | 6.96953810227238 × 10^306 |
| 14 | ov_014 | 8.943019422665974 × 10^306 |
| 13 | ov_013 | 1.1310080820050885 × 10^307 |
| 12 | ov_012 | 1.4120142518051817 × 10^307 |
| 11 | ov_011 | 1.7425701850895764 × 10^307 |
| 10 | ov_010 | 2.1282405408077 × 10^307 |
| 9 | ov_009 | 2.5749139209776317 × 10^307 |
| 8 | ov_008 | 3.088813979646943 × 10^307 |
| 7 | ov_007 | 3.676512931946786 × 10^307 |
| 6 | ov_006 | 4.344947792519018 × 10^307 |
| 5 | ov_005 | 5.101439693560026 × 10^307 |
| 4 | ov_004 | 5.95371665414687 × 10^307 |
| 3 | ov_003 | 6.909940194508024 × 10^307 |
| 2 | ov_002 | 7.97873618414379 × 10^307 |
| 1 | ov_001 | 9.169230281345035 × 10^307 |

