# Results for F001-F002-F003-F004-F005-F006-F007-F008-F009-F010-F011-F012-F013-F014-F015-F016-F017-F018-F019-F020-F021-F022-F023-F024-F025-F026-F027-F028-F029-F030-F031-F032-F033-F034-F035-F036-F037-F038-F039-F040-F041-F042-F043-F044-F045-F046-F047-F048-F049-F050-F051-F052-F053-F054-F055-F056-F057-F058-F059-F060-F061-F062-F063-F064-F065-F066-F067-F068-F069-F070-F071-F072-F073-F074-F075-F076-F077-F078-F079-F080-F081-F082-F083-F084-F085-F086-F087-F088-F089-F090-F091-F092-F093-F094-F095-F096-F097-F098-F099-F100-F101-F102-F103-F104-F105-F106-F107-F108-F109-F110-F111-F112-F113-F114-F115-F116-F117-F118-F119-F120-F121-F122-F123-F124-F125-F126-F127-F128-F129-F130-F131-F132-F133-F134-F135-F136-F137-F138-F139-F140-F141-F142-F143-F144-F145-F146-F147-F148-F149-F150-F151-F152-F153-F154-F155-F156-F157-F158-F159-F160-F161-F162-F163-F164-F165-F166-F167-F168-F169-F170-F171-F172-F173-F174-F175-F176-F177-F178-F179-F180-F181-F182-F183-F184-F185-F186-F187-F188-F189-F190-F191-F192-F193-F194-F195-F196-F197-F198-F199-F200-F201-F202-F203-F204-F205-F206-F207-F208-F209-F210-F211-F212-F213-F214-F215-F216-F217-F218-F219-F220-F221-F222-F223-F224-F225-F226-F227-F228-F229-F230-F231-F232-F233-F234-F235-F236-F237-F238-F239-F240-F241-F242-F243-F244-F245-F246-F247-F248-F249-F250-F251-F252-F253-F254-F255-F256-F257-F258-F259-F260-F261-F262-F263-F264-F265-F266-F267-F268-F269-F270-F271-F272-F273-F274-F275-F276-F277-F278-F279-F280-F281-F282-F283-F284-F285-F286-F287-F288-F289-F290-F291-F292-F293-F294-F295-F296-F297-F298-F299-F300-F301-F302-F303-F304-F305-F306-F307-F308-F309-F310-F311-F312-F313-F314-F315-F316-F317-F318-F319-F320-F321-F322-F323-F324-F325-F326-F327-F328-F329-F330-F331-F332-F333-F334-F335-F336-F337-F338-F339-F340-F341-F342-F343-F344-F345-F346-F347-F348-F349-F350-F351-F352-F353-F354-F355-F356-F357-F358-F359-F360-F361-F362-F363-F364-F365-F366-F367-F368-F369-F370-F371-F372-F373-F374-F375-F376-F377-F378-F379-F380-F381-F382-F383-F384-F385-F386-F387-F388-F389-F390-F391-F392-F393-F394-F395-F396-F397-F398-F399-F400-F401-F402-F403-F404-F405-F406-F407-F408-F409-F410-F411-F412-F413-F414-F415-F416-F417-F418-F419-F420-F421-F422-F423-F424-F425-F426-F427-F428-F429-F430-F431-F432-F433-F434-F435-F436-F437-F438-F439-F440-F441-F442-F443-F444-F445-F446-F447-F448-F449-F450-F451-F452-F453-F454-F455-F456-F457-F458-F459-F460-F461-F462-F463-F464-F465-F466-F467-F468-F469-F470-F471-F472-F473-F474-F475-F476-F477-F478-F479-F480-F481-F482-F483-F484-F485-F486-F487-F488-F489-F490-F491-F492-F493-F494-F495-F496-O500511-F512

## Summary

Number of input bits: 512  
Number of free input bits: 14  
Number of output bits: 160

Number of direct occurrences: 57305  
Number of assignments: 31972  
Number of operations: 11367400
(xor: 11338779,
and: 15000,
or: 13621)

Total complexity: 1.101867758431986 × 10^303

Least occurring input variable: iv_502 (3922)  
Most occurring input variable: iv_510 (4308)

Most co-occurring input variables: iv_509-iv_510 (2132)  
Least co-occurring input variables: iv_498-iv_502 (1786)

Potentially most occurring input variable: iv_500/iv_510 (4633)  
Potentially least occurring input variable: iv_504/iv_508 (4138)

Least output occurring input variable: iv_509 (71)  
Most output occurring input variable: iv_498 (90)

Most output co-occurring input variables: iv_498-iv_500 (50)  
Least output co-occurring input variables: iv_502-iv_505 (32)

Potentially most output occurring input variable: iv_497/iv_510 (95)  
Potentially least output occurring input variable: iv_503/iv_504 (69)

Least complex input bit: iv_497 (9.749876438675298 × 10^299)  
Most complex input bit: iv_510 (2.7356361130192245 × 10^302)

Least complex output bit: aaa_76_29 (4.3289294561489515 × 10^277)  
Most complex output bit: ov_001 (1.722633707928569 × 10^302)

Least complex input/output complexity: iv_497/aaa_76_29 (3.830453063556027 × 10^274)  
Most complex input/output complexity: iv_510/ov_001 (4.276828090169122 × 10^301)

## Input Bits

### Input Bits in Regular Order

| Input Bit | Complexity | Occurrences | Output Occurrences |
|:---------:|:----------:|:-----------:|:------------------:|
| iv_497 | 9.749876438675298 × 10^299 | 4122 | 86 |
| iv_498 | 1.942875946772582 × 10^300 | 3964 | 90 |
| iv_499 | 3.419259557097222 × 10^300 | 3990 | 86 |
| iv_500 | 5.959658272445617 × 10^300 | 4207 | 79 |
| iv_501 | 9.667652342464037 × 10^300 | 4107 | 84 |
| iv_502 | 1.5707689858555628 × 10^301 | 3922 | 79 |
| iv_503 | 2.4941971271021945 × 10^301 | 4177 | 78 |
| iv_504 | 3.8778727847117746 × 10^301 | 3965 | 81 |
| iv_505 | 5.92101505152633 × 10^301 | 3949 | 79 |
| iv_506 | 8.890320183240365 × 10^301 | 3982 | 82 |
| iv_507 | 1.3144127789675332 × 10^302 | 4196 | 85 |
| iv_508 | 1.878870303245042 × 10^302 | 4177 | 86 |
| iv_509 | 2.5946966382179702 × 10^302 | 4239 | 71 |
| iv_510 | 2.7356361130192245 × 10^302 | 4308 | 77 |

### Input Bits Sorted by Complexity

| Input Bit | Complexity | Occurrences | Output Occurrences |
|:---------:|:----------:|:-----------:|:------------------:|
| iv_497 | 9.749876438675298 × 10^299 | 4122 | 86 |
| iv_498 | 1.942875946772582 × 10^300 | 3964 | 90 |
| iv_499 | 3.419259557097222 × 10^300 | 3990 | 86 |
| iv_500 | 5.959658272445617 × 10^300 | 4207 | 79 |
| iv_501 | 9.667652342464037 × 10^300 | 4107 | 84 |
| iv_502 | 1.5707689858555628 × 10^301 | 3922 | 79 |
| iv_503 | 2.4941971271021945 × 10^301 | 4177 | 78 |
| iv_504 | 3.8778727847117746 × 10^301 | 3965 | 81 |
| iv_505 | 5.92101505152633 × 10^301 | 3949 | 79 |
| iv_506 | 8.890320183240365 × 10^301 | 3982 | 82 |
| iv_507 | 1.3144127789675332 × 10^302 | 4196 | 85 |
| iv_508 | 1.878870303245042 × 10^302 | 4177 | 86 |
| iv_509 | 2.5946966382179702 × 10^302 | 4239 | 71 |
| iv_510 | 2.7356361130192245 × 10^302 | 4308 | 77 |

### Input Bits Sorted by Occurrences

| Input Bit | Complexity | Occurrences | Output Occurrences |
|:---------:|:----------:|:-----------:|:------------------:|
| iv_502 | 1.5707689858555628 × 10^301 | 3922 | 79 |
| iv_505 | 5.92101505152633 × 10^301 | 3949 | 79 |
| iv_498 | 1.942875946772582 × 10^300 | 3964 | 90 |
| iv_504 | 3.8778727847117746 × 10^301 | 3965 | 81 |
| iv_506 | 8.890320183240365 × 10^301 | 3982 | 82 |
| iv_499 | 3.419259557097222 × 10^300 | 3990 | 86 |
| iv_501 | 9.667652342464037 × 10^300 | 4107 | 84 |
| iv_497 | 9.749876438675298 × 10^299 | 4122 | 86 |
| iv_508 | 1.878870303245042 × 10^302 | 4177 | 86 |
| iv_503 | 2.4941971271021945 × 10^301 | 4177 | 78 |
| iv_507 | 1.3144127789675332 × 10^302 | 4196 | 85 |
| iv_500 | 5.959658272445617 × 10^300 | 4207 | 79 |
| iv_509 | 2.5946966382179702 × 10^302 | 4239 | 71 |
| iv_510 | 2.7356361130192245 × 10^302 | 4308 | 77 |

### Input Bits Sorted by Output Occurrences

| Input Bit | Complexity | Occurrences | Output Occurrences |
|:---------:|:----------:|:-----------:|:------------------:|
| iv_509 | 2.5946966382179702 × 10^302 | 4239 | 71 |
| iv_510 | 2.7356361130192245 × 10^302 | 4308 | 77 |
| iv_503 | 2.4941971271021945 × 10^301 | 4177 | 78 |
| iv_502 | 1.5707689858555628 × 10^301 | 3922 | 79 |
| iv_505 | 5.92101505152633 × 10^301 | 3949 | 79 |
| iv_500 | 5.959658272445617 × 10^300 | 4207 | 79 |
| iv_504 | 3.8778727847117746 × 10^301 | 3965 | 81 |
| iv_506 | 8.890320183240365 × 10^301 | 3982 | 82 |
| iv_501 | 9.667652342464037 × 10^300 | 4107 | 84 |
| iv_507 | 1.3144127789675332 × 10^302 | 4196 | 85 |
| iv_508 | 1.878870303245042 × 10^302 | 4177 | 86 |
| iv_499 | 3.419259557097222 × 10^300 | 3990 | 86 |
| iv_497 | 9.749876438675298 × 10^299 | 4122 | 86 |
| iv_498 | 1.942875946772582 × 10^300 | 3964 | 90 |

## Input Bit Co-occurrences

### Input Bit Co-occurrences Sorted by Co-occurrences

| Input Bits | Co-occurrences | Potential Occurrences | Output Co-occurrences | Potential Output Occurrences |
|:----------:|:--------------:|:---------------------:|:---------------------:|:----------------------------:|
| iv_509-iv_510 | 2132 | 4283 | 34 | 80 |
| iv_508-iv_509 | 2072 | 4272 | 37 | 83 |
| iv_508-iv_510 | 2061 | 4363 | 38 | 87 |
| iv_507-iv_508 | 2060 | 4253 | 44 | 83 |
| iv_503-iv_508 | 2046 | 4262 | 43 | 78 |
| iv_503-iv_510 | 2037 | 4411 | 40 | 75 |
| iv_501-iv_509 | 2033 | 4280 | 41 | 73 |
| iv_503-iv_509 | 2027 | 4362 | 35 | 79 |
| iv_497-iv_507 | 2026 | 4266 | 43 | 85 |
| iv_497-iv_509 | 2026 | 4309 | 40 | 77 |
| iv_503-iv_507 | 2025 | 4323 | 41 | 81 |
| iv_507-iv_509 | 2024 | 4387 | 38 | 80 |
| iv_499-iv_509 | 2020 | 4189 | 42 | 73 |
| iv_505-iv_510 | 2014 | 4229 | 41 | 74 |

### Input Bit Co-occurrences Sorted by Potential Occurrences

| Input Bits | Co-occurrences | Potential Occurrences | Output Co-occurrences | Potential Output Occurrences |
|:----------:|:--------------:|:---------------------:|:---------------------:|:----------------------------:|
| iv_504-iv_508 | 2002 | 4138 | 42 | 83 |
| iv_499-iv_508 | 2004 | 4159 | 47 | 78 |
| iv_504-iv_506 | 1888 | 4171 | 44 | 75 |
| iv_506-iv_507 | 2003 | 4172 | 44 | 79 |
| iv_499-iv_504 | 1890 | 4175 | 42 | 83 |
| iv_499-iv_509 | 2020 | 4189 | 42 | 73 |
| iv_498-iv_504 | 1870 | 4189 | 46 | 79 |
| iv_499-iv_501 | 1948 | 4201 | 47 | 76 |
| iv_502-iv_506 | 1851 | 4202 | 43 | 75 |
| iv_502-iv_505 | 1834 | 4203 | 32 | 94 |
| iv_501-iv_505 | 1926 | 4204 | 41 | 81 |
| iv_499-iv_505 | 1867 | 4205 | 43 | 79 |
| iv_506-iv_508 | 1969 | 4221 | 48 | 72 |
| iv_498-iv_506 | 1861 | 4224 | 42 | 88 |

### Input Bit Output Co-occurrences Sorted by Output Co-occurrences

| Input Bits | Co-occurrences | Potential Occurrences | Output Co-occurrences | Potential Output Occurrences |
|:----------:|:--------------:|:---------------------:|:---------------------:|:----------------------------:|
| iv_498-iv_507 | 1924 | 4312 | 50 | 75 |
| iv_497-iv_498 | 1905 | 4276 | 50 | 76 |
| iv_498-iv_500 | 1854 | 4463 | 50 | 69 |
| iv_498-iv_510 | 1981 | 4310 | 49 | 69 |
| iv_498-iv_508 | 1953 | 4235 | 48 | 80 |
| iv_501-iv_506 | 1897 | 4295 | 48 | 70 |
| iv_506-iv_508 | 1969 | 4221 | 48 | 72 |
| iv_497-iv_504 | 1922 | 4243 | 48 | 71 |
| iv_499-iv_501 | 1948 | 4201 | 47 | 76 |
| iv_499-iv_508 | 2004 | 4159 | 47 | 78 |
| iv_497-iv_508 | 2000 | 4299 | 47 | 78 |
| iv_498-iv_499 | 1812 | 4330 | 46 | 84 |
| iv_498-iv_504 | 1870 | 4189 | 46 | 79 |
| iv_501-iv_508 | 1951 | 4382 | 45 | 80 |

### Input Bit Output Co-occurrences Sorted by Potential Output Occurrences

| Input Bits | Co-occurrences | Potential Occurrences | Output Co-occurrences | Potential Output Occurrences |
|:----------:|:--------------:|:---------------------:|:---------------------:|:----------------------------:|
| iv_503-iv_504 | 1936 | 4270 | 45 | 69 |
| iv_498-iv_510 | 1981 | 4310 | 49 | 69 |
| iv_498-iv_500 | 1854 | 4463 | 50 | 69 |
| iv_505-iv_509 | 1940 | 4308 | 40 | 70 |
| iv_501-iv_506 | 1897 | 4295 | 48 | 70 |
| iv_500-iv_509 | 2010 | 4426 | 40 | 70 |
| iv_497-iv_504 | 1922 | 4243 | 48 | 71 |
| iv_506-iv_508 | 1969 | 4221 | 48 | 72 |
| iv_501-iv_509 | 2033 | 4280 | 41 | 73 |
| iv_503-iv_505 | 1940 | 4246 | 42 | 73 |
| iv_499-iv_509 | 2020 | 4189 | 42 | 73 |
| iv_502-iv_504 | 1828 | 4231 | 43 | 74 |
| iv_502-iv_507 | 1913 | 4292 | 45 | 74 |
| iv_500-iv_505 | 1840 | 4476 | 42 | 74 |

## Output Bits

### Output Bits in Regular Order

| Rank | Output Bit | Complexity |
|:----:|:----------:|:----------:|
| 1 | ov_001 | 1.722633707928569 × 10^302 |
| 2 | ov_002 | 1.4989678621491377 × 10^302 |
| 3 | ov_003 | 1.2981684627594692 × 10^302 |
| 4 | ov_004 | 1.118520452624061 × 10^302 |
| 5 | ov_005 | 9.584026646872849 × 10^301 |
| 6 | ov_006 | 8.162812025623967 × 10^301 |
| 7 | ov_007 | 6.90703683428602 × 10^301 |
| 8 | ov_008 | 5.802942638192212 × 10^301 |
| 9 | ov_009 | 4.837493731353821 × 10^301 |
| 10 | ov_010 | 3.998340838156394 × 10^301 |
| 11 | ov_011 | 3.2737905106037893 × 10^301 |
| 12 | ov_012 | 2.65277958875149 × 10^301 |
| 13 | ov_013 | 2.1248541298017862 × 10^301 |
| 14 | ov_014 | 1.68015224852225 × 10^301 |
| 15 | ov_015 | 1.3093903483461456 × 10^301 |
| 16 | ov_016 | 1.0038522588438216 × 10^301 |
| 17 | ov_017 | 7.553808313187803 × 10^300 |
| 18 | ov_018 | 5.5637158016075595 × 10^300 |
| 19 | ov_019 | 3.997679933416379 × 10^300 |
| 20 | ov_020 | 2.7905817111273763 × 10^300 |
| 21 | ov_021 | 1.882724875843501 × 10^300 |
| 22 | ov_022 | 1.219820054607947 × 10^300 |
| 23 | ov_023 | 7.529741996781667 × 10^299 |
| 24 | ov_024 | 4.3868371918886396 × 10^299 |
| 25 | ov_025 | 2.3883027104858512 × 10^299 |
| 26 | ov_026 | 1.2067845711782902 × 10^299 |
| 27 | ov_027 | 5.687473731684952 × 10^298 |
| 28 | ov_028 | 2.5447001032781243 × 10^298 |
| 29 | ov_029 | 9.804429023805062 × 10^297 |
| 30 | ov_030 | 2.9969273344729715 × 10^297 |
| 31 | ov_031 | 5.844479178165984 × 10^296 |
| 32 | lv_80_m31 | 1.1395271161270017 × 10^296 |
| 33 | ov_033 | 1.372165397925732 × 10^297 |
| 34 | ov_034 | 1.1915857652180175 × 10^297 |
| 35 | ov_035 | 1.0297100553094472 × 10^297 |
| 36 | ov_036 | 8.851226776734629 × 10^296 |
| 37 | ov_037 | 7.564856063335235 × 10^296 |
| 38 | ov_038 | 6.425328947140184 × 10^296 |
| 39 | ov_039 | 5.420659037781928 × 10^296 |
| 40 | ov_040 | 4.539491784305597 × 10^296 |
| 41 | ov_041 | 3.771069104207627 × 10^296 |
| 42 | ov_042 | 3.105199291922811 × 10^296 |
| 43 | ov_043 | 2.5322316528145485 × 10^296 |
| 44 | ov_044 | 2.043035339963001 × 10^296 |
| 45 | ov_045 | 1.6289819019572066 × 10^296 |
| 46 | ov_046 | 1.2819310805272808 × 10^296 |
| 47 | ov_047 | 9.942194272453114 × 10^295 |
| 48 | ov_048 | 7.586513387183804 × 10^295 |
| 49 | ov_049 | 5.684921397302725 × 10^295 |
| 50 | ov_050 | 4.174628736931313 × 10^295 |
| 51 | ov_051 | 2.9973648957588814 × 10^295 |
| 52 | ov_052 | 2.0993514420566846 × 10^295 |
| 53 | ov_053 | 1.4312836851086734 × 10^295 |
| 54 | ov_054 | 9.483187590841495 × 10^294 |
| 55 | ov_055 | 6.100682064737295 × 10^294 |
| 56 | ov_056 | 3.8059349980076665 × 10^294 |
| 57 | ov_057 | 2.2840341162080747 × 10^294 |
| 58 | ov_058 | 1.2645255861986004 × 10^294 |
| 59 | ov_059 | 6.232958540753856 × 10^293 |
| 60 | ov_060 | 2.584558190100024 × 10^293 |
| 61 | ov_061 | 9.034001133560764 × 10^292 |
| 62 | ov_062 | 2.47987537161032 × 10^292 |
| 63 | ov_063 | 4.8369487409207326 × 10^291 |
| 64 | lv_79_m31 | 9.432332113569982 × 10^290 |
| 65 | ov_065 | 1.1339713276283537 × 10^292 |
| 66 | ov_066 | 1.1339684663794085 × 10^292 |
| 67 | ov_067 | 1.1339677856016284 × 10^292 |
| 68 | ov_068 | 9.850727788896933 × 10^291 |
| 69 | ov_069 | 8.514363317421358 × 10^291 |
| 70 | ov_070 | 7.31946814918834 × 10^291 |
| 71 | ov_071 | 6.255452254412101 × 10^291 |
| 72 | ov_072 | 5.312219042805723 × 10^291 |
| 73 | ov_073 | 4.4801393412812215 × 10^291 |
| 74 | ov_074 | 3.7500310921657437 × 10^291 |
| 75 | ov_075 | 3.113143749202697 × 10^291 |
| 76 | ov_076 | 2.5611464039032326 × 10^291 |
| 77 | ov_077 | 2.0861187282304367 × 10^291 |
| 78 | ov_078 | 1.68054387148007 × 10^291 |
| 79 | ov_079 | 1.3373025859287751 × 10^291 |
| 80 | ov_080 | 1.0496681576658464 × 10^291 |
| 81 | ov_081 | 8.11302002135829 × 10^290 |
| 82 | ov_082 | 6.1624987647538726 × 10^290 |
| 83 | ov_083 | 4.589386610352092 × 10^290 |
| 84 | ov_084 | 3.3417366269099234 × 10^290 |
| 85 | ov_085 | 2.3713639269015766 × 10^290 |
| 86 | ov_086 | 1.6338277187302757 × 10^290 |
| 87 | ov_087 | 1.0884171616501478 × 10^290 |
| 88 | ov_088 | 6.981405527163439 × 10^289 |
| 89 | ov_089 | 4.2971737528581956 × 10^289 |
| 90 | ov_090 | 2.535727386998395 × 10^289 |
| 91 | ov_091 | 1.4383373883135025 × 10^289 |
| 92 | ov_092 | 7.832727314422103 × 10^288 |
| 93 | ov_093 | 3.857886715881363 × 10^288 |
| 94 | ov_094 | 1.6275843926592777 × 10^288 |
| 95 | aaa_78_28 | 4.954488981393227 × 10^287 |
| 96 | aaa_78_29 | 1.4876029272192864 × 10^287 |
| 97 | ov_097 | 7.678572849396098 × 10^286 |
| 98 | ov_098 | 7.678494833619917 × 10^286 |
| 99 | ov_099 | 7.678469891677956 × 10^286 |
| 100 | ov_100 | 6.337700799197338 × 10^286 |
| 101 | ov_101 | 5.18981905387331 × 10^286 |
| 102 | ov_102 | 4.215532378740863 × 10^286 |
| 103 | ov_103 | 3.3966167751203544 × 10^286 |
| 104 | ov_104 | 2.715838994659113 × 10^286 |
| 105 | ov_105 | 2.1568888418907358 × 10^286 |
| 106 | ov_106 | 1.704320426690932 × 10^286 |
| 107 | ov_107 | 1.3435015323877723 × 10^286 |
| 108 | ov_108 | 1.0605703098774308 × 10^286 |
| 109 | ov_109 | 8.423985512274044 × 10^285 |
| 110 | ov_110 | 6.765608381991267 × 10^285 |
| 111 | ov_111 | 5.513089021353 × 10^285 |
| 112 | ov_112 | 4.5555057194287616 × 10^285 |
| 113 | ov_113 | 3.788327266362633 × 10^285 |
| 114 | ov_114 | 3.11327708232513 × 10^285 |
| 115 | ov_115 | 2.5242882871901113 × 10^285 |
| 116 | ov_116 | 2.0153548190580906 × 10^285 |
| 117 | ov_117 | 1.5805147114946605 × 10^285 |
| 118 | ov_118 | 1.2138368744579347 × 10^285 |
| 119 | ov_119 | 9.09410993139318 × 10^284 |
| 120 | ov_120 | 6.6134015905994825 × 10^284 |
| 121 | ov_121 | 4.6373584783009304 × 10^284 |
| 122 | ov_122 | 3.1071468516783654 × 10^284 |
| 123 | ov_123 | 1.963963181353747 × 10^284 |
| 124 | ov_124 | 1.1490197778621481 × 10^284 |
| 125 | ov_125 | 6.035358770929864 × 10^283 |
| 126 | ov_126 | 2.687330873344145 × 10^283 |
| 127 | aaa_77_28 | 8.583363917287344 × 10^282 |
| 128 | aaa_77_29 | 3.219057149502743 × 10^282 |
| 129 | ov_129 | 3.007508830907452 × 10^282 |
| 130 | ov_130 | 3.0075003908274305 × 10^282 |
| 131 | ov_131 | 3.007498347435022 × 10^282 |
| 132 | ov_132 | 2.6134872035070395 × 10^282 |
| 133 | ov_133 | 2.260032410551077 × 10^282 |
| 134 | ov_134 | 1.9440863918492745 × 10^282 |
| 135 | ov_135 | 1.6627674692863454 × 10^282 |
| 136 | ov_136 | 1.413348049671041 × 10^282 |
| 137 | ov_137 | 1.1932443767842504 × 10^282 |
| 138 | ov_138 | 1.0000077046385303 × 10^282 |
| 139 | ov_139 | 8.313167549419987 × 10^281 |
| 140 | ov_140 | 6.849713290229482 × 10^281 |
| 141 | ov_141 | 5.588869515402828 × 10^281 |
| 142 | ov_142 | 4.510904302220287 × 10^281 |
| 143 | ov_143 | 3.597162226760207 × 10^281 |
| 144 | ov_144 | 2.8300350803364396 × 10^281 |
| 145 | ov_145 | 2.1929386784372232 × 10^281 |
| 146 | ov_146 | 1.6702948724858533 × 10^281 |
| 147 | ov_147 | 1.2475179406260322 × 10^281 |
| 148 | ov_148 | 9.110045994536801 × 10^280 |
| 149 | ov_149 | 6.481269442392245 × 10^280 |
| 150 | ov_150 | 4.472276907490519 × 10^280 |
| 151 | ov_151 | 2.9761715730339344 × 10^280 |
| 152 | ov_152 | 1.895714912130205 × 10^280 |
| 153 | ov_153 | 1.1433170922737184 × 10^280 |
| 154 | ov_154 | 6.410320172879022 × 10^279 |
| 155 | ov_155 | 3.2055465112352573 × 10^279 |
| 156 | aaa_76_25 | 1.2321956090845468 × 10^279 |
| 157 | aaa_76_26 | 7.120775722807701 × 10^278 |
| 158 | aaa_76_27 | 3.6480556746288895 × 10^278 |
| 159 | aaa_76_28 | 1.4218860881424608 × 10^278 |
| 160 | aaa_76_29 | 4.3289294561489515 × 10^277 |

### Output Bits Sorted by Complexity

| Rank | Output Bit | Complexity |
|:----:|:----------:|:----------:|
| 160 | aaa_76_29 | 4.3289294561489515 × 10^277 |
| 159 | aaa_76_28 | 1.4218860881424608 × 10^278 |
| 158 | aaa_76_27 | 3.6480556746288895 × 10^278 |
| 157 | aaa_76_26 | 7.120775722807701 × 10^278 |
| 156 | aaa_76_25 | 1.2321956090845468 × 10^279 |
| 155 | ov_155 | 3.2055465112352573 × 10^279 |
| 154 | ov_154 | 6.410320172879022 × 10^279 |
| 153 | ov_153 | 1.1433170922737184 × 10^280 |
| 152 | ov_152 | 1.895714912130205 × 10^280 |
| 151 | ov_151 | 2.9761715730339344 × 10^280 |
| 150 | ov_150 | 4.472276907490519 × 10^280 |
| 149 | ov_149 | 6.481269442392245 × 10^280 |
| 148 | ov_148 | 9.110045994536801 × 10^280 |
| 147 | ov_147 | 1.2475179406260322 × 10^281 |
| 146 | ov_146 | 1.6702948724858533 × 10^281 |
| 145 | ov_145 | 2.1929386784372232 × 10^281 |
| 144 | ov_144 | 2.8300350803364396 × 10^281 |
| 143 | ov_143 | 3.597162226760207 × 10^281 |
| 142 | ov_142 | 4.510904302220287 × 10^281 |
| 141 | ov_141 | 5.588869515402828 × 10^281 |
| 140 | ov_140 | 6.849713290229482 × 10^281 |
| 139 | ov_139 | 8.313167549419987 × 10^281 |
| 138 | ov_138 | 1.0000077046385303 × 10^282 |
| 137 | ov_137 | 1.1932443767842504 × 10^282 |
| 136 | ov_136 | 1.413348049671041 × 10^282 |
| 135 | ov_135 | 1.6627674692863454 × 10^282 |
| 134 | ov_134 | 1.9440863918492745 × 10^282 |
| 133 | ov_133 | 2.260032410551077 × 10^282 |
| 132 | ov_132 | 2.6134872035070395 × 10^282 |
| 131 | ov_131 | 3.007498347435022 × 10^282 |
| 130 | ov_130 | 3.0075003908274305 × 10^282 |
| 129 | ov_129 | 3.007508830907452 × 10^282 |
| 128 | aaa_77_29 | 3.219057149502743 × 10^282 |
| 127 | aaa_77_28 | 8.583363917287344 × 10^282 |
| 126 | ov_126 | 2.687330873344145 × 10^283 |
| 125 | ov_125 | 6.035358770929864 × 10^283 |
| 124 | ov_124 | 1.1490197778621481 × 10^284 |
| 123 | ov_123 | 1.963963181353747 × 10^284 |
| 122 | ov_122 | 3.1071468516783654 × 10^284 |
| 121 | ov_121 | 4.6373584783009304 × 10^284 |
| 120 | ov_120 | 6.6134015905994825 × 10^284 |
| 119 | ov_119 | 9.09410993139318 × 10^284 |
| 118 | ov_118 | 1.2138368744579347 × 10^285 |
| 117 | ov_117 | 1.5805147114946605 × 10^285 |
| 116 | ov_116 | 2.0153548190580906 × 10^285 |
| 115 | ov_115 | 2.5242882871901113 × 10^285 |
| 114 | ov_114 | 3.11327708232513 × 10^285 |
| 113 | ov_113 | 3.788327266362633 × 10^285 |
| 112 | ov_112 | 4.5555057194287616 × 10^285 |
| 111 | ov_111 | 5.513089021353 × 10^285 |
| 110 | ov_110 | 6.765608381991267 × 10^285 |
| 109 | ov_109 | 8.423985512274044 × 10^285 |
| 108 | ov_108 | 1.0605703098774308 × 10^286 |
| 107 | ov_107 | 1.3435015323877723 × 10^286 |
| 106 | ov_106 | 1.704320426690932 × 10^286 |
| 105 | ov_105 | 2.1568888418907358 × 10^286 |
| 104 | ov_104 | 2.715838994659113 × 10^286 |
| 103 | ov_103 | 3.3966167751203544 × 10^286 |
| 102 | ov_102 | 4.215532378740863 × 10^286 |
| 101 | ov_101 | 5.18981905387331 × 10^286 |
| 100 | ov_100 | 6.337700799197338 × 10^286 |
| 99 | ov_099 | 7.678469891677956 × 10^286 |
| 98 | ov_098 | 7.678494833619917 × 10^286 |
| 97 | ov_097 | 7.678572849396098 × 10^286 |
| 96 | aaa_78_29 | 1.4876029272192864 × 10^287 |
| 95 | aaa_78_28 | 4.954488981393227 × 10^287 |
| 94 | ov_094 | 1.6275843926592777 × 10^288 |
| 93 | ov_093 | 3.857886715881363 × 10^288 |
| 92 | ov_092 | 7.832727314422103 × 10^288 |
| 91 | ov_091 | 1.4383373883135025 × 10^289 |
| 90 | ov_090 | 2.535727386998395 × 10^289 |
| 89 | ov_089 | 4.2971737528581956 × 10^289 |
| 88 | ov_088 | 6.981405527163439 × 10^289 |
| 87 | ov_087 | 1.0884171616501478 × 10^290 |
| 86 | ov_086 | 1.6338277187302757 × 10^290 |
| 85 | ov_085 | 2.3713639269015766 × 10^290 |
| 84 | ov_084 | 3.3417366269099234 × 10^290 |
| 83 | ov_083 | 4.589386610352092 × 10^290 |
| 82 | ov_082 | 6.1624987647538726 × 10^290 |
| 81 | ov_081 | 8.11302002135829 × 10^290 |
| 64 | lv_79_m31 | 9.432332113569982 × 10^290 |
| 80 | ov_080 | 1.0496681576658464 × 10^291 |
| 79 | ov_079 | 1.3373025859287751 × 10^291 |
| 78 | ov_078 | 1.68054387148007 × 10^291 |
| 77 | ov_077 | 2.0861187282304367 × 10^291 |
| 76 | ov_076 | 2.5611464039032326 × 10^291 |
| 75 | ov_075 | 3.113143749202697 × 10^291 |
| 74 | ov_074 | 3.7500310921657437 × 10^291 |
| 73 | ov_073 | 4.4801393412812215 × 10^291 |
| 63 | ov_063 | 4.8369487409207326 × 10^291 |
| 72 | ov_072 | 5.312219042805723 × 10^291 |
| 71 | ov_071 | 6.255452254412101 × 10^291 |
| 70 | ov_070 | 7.31946814918834 × 10^291 |
| 69 | ov_069 | 8.514363317421358 × 10^291 |
| 68 | ov_068 | 9.850727788896933 × 10^291 |
| 67 | ov_067 | 1.1339677856016284 × 10^292 |
| 66 | ov_066 | 1.1339684663794085 × 10^292 |
| 65 | ov_065 | 1.1339713276283537 × 10^292 |
| 62 | ov_062 | 2.47987537161032 × 10^292 |
| 61 | ov_061 | 9.034001133560764 × 10^292 |
| 60 | ov_060 | 2.584558190100024 × 10^293 |
| 59 | ov_059 | 6.232958540753856 × 10^293 |
| 58 | ov_058 | 1.2645255861986004 × 10^294 |
| 57 | ov_057 | 2.2840341162080747 × 10^294 |
| 56 | ov_056 | 3.8059349980076665 × 10^294 |
| 55 | ov_055 | 6.100682064737295 × 10^294 |
| 54 | ov_054 | 9.483187590841495 × 10^294 |
| 53 | ov_053 | 1.4312836851086734 × 10^295 |
| 52 | ov_052 | 2.0993514420566846 × 10^295 |
| 51 | ov_051 | 2.9973648957588814 × 10^295 |
| 50 | ov_050 | 4.174628736931313 × 10^295 |
| 49 | ov_049 | 5.684921397302725 × 10^295 |
| 48 | ov_048 | 7.586513387183804 × 10^295 |
| 47 | ov_047 | 9.942194272453114 × 10^295 |
| 32 | lv_80_m31 | 1.1395271161270017 × 10^296 |
| 46 | ov_046 | 1.2819310805272808 × 10^296 |
| 45 | ov_045 | 1.6289819019572066 × 10^296 |
| 44 | ov_044 | 2.043035339963001 × 10^296 |
| 43 | ov_043 | 2.5322316528145485 × 10^296 |
| 42 | ov_042 | 3.105199291922811 × 10^296 |
| 41 | ov_041 | 3.771069104207627 × 10^296 |
| 40 | ov_040 | 4.539491784305597 × 10^296 |
| 39 | ov_039 | 5.420659037781928 × 10^296 |
| 31 | ov_031 | 5.844479178165984 × 10^296 |
| 38 | ov_038 | 6.425328947140184 × 10^296 |
| 37 | ov_037 | 7.564856063335235 × 10^296 |
| 36 | ov_036 | 8.851226776734629 × 10^296 |
| 35 | ov_035 | 1.0297100553094472 × 10^297 |
| 34 | ov_034 | 1.1915857652180175 × 10^297 |
| 33 | ov_033 | 1.372165397925732 × 10^297 |
| 30 | ov_030 | 2.9969273344729715 × 10^297 |
| 29 | ov_029 | 9.804429023805062 × 10^297 |
| 28 | ov_028 | 2.5447001032781243 × 10^298 |
| 27 | ov_027 | 5.687473731684952 × 10^298 |
| 26 | ov_026 | 1.2067845711782902 × 10^299 |
| 25 | ov_025 | 2.3883027104858512 × 10^299 |
| 24 | ov_024 | 4.3868371918886396 × 10^299 |
| 23 | ov_023 | 7.529741996781667 × 10^299 |
| 22 | ov_022 | 1.219820054607947 × 10^300 |
| 21 | ov_021 | 1.882724875843501 × 10^300 |
| 20 | ov_020 | 2.7905817111273763 × 10^300 |
| 19 | ov_019 | 3.997679933416379 × 10^300 |
| 18 | ov_018 | 5.5637158016075595 × 10^300 |
| 17 | ov_017 | 7.553808313187803 × 10^300 |
| 16 | ov_016 | 1.0038522588438216 × 10^301 |
| 15 | ov_015 | 1.3093903483461456 × 10^301 |
| 14 | ov_014 | 1.68015224852225 × 10^301 |
| 13 | ov_013 | 2.1248541298017862 × 10^301 |
| 12 | ov_012 | 2.65277958875149 × 10^301 |
| 11 | ov_011 | 3.2737905106037893 × 10^301 |
| 10 | ov_010 | 3.998340838156394 × 10^301 |
| 9 | ov_009 | 4.837493731353821 × 10^301 |
| 8 | ov_008 | 5.802942638192212 × 10^301 |
| 7 | ov_007 | 6.90703683428602 × 10^301 |
| 6 | ov_006 | 8.162812025623967 × 10^301 |
| 5 | ov_005 | 9.584026646872849 × 10^301 |
| 4 | ov_004 | 1.118520452624061 × 10^302 |
| 3 | ov_003 | 1.2981684627594692 × 10^302 |
| 2 | ov_002 | 1.4989678621491377 × 10^302 |
| 1 | ov_001 | 1.722633707928569 × 10^302 |

