# Results for F001-F002-F003-F004-F005-F006-F007-F008-F009-F010-F011-F012-F013-F014-F015-F016-F017-F018-F019-F020-F021-F022-F023-F024-F025-F026-F027-F028-F029-F030-F031-F032-F033-F034-F035-F036-F037-F038-F039-F040-F041-F042-F043-F044-F045-F046-F047-F048-F049-F050-F051-F052-F053-F054-F055-F056-F057-F058-F059-F060-F061-F062-F063-F064-F065-F066-F067-F068-F069-F070-F071-F072-F073-F074-F075-F076-F077-F078-F079-F080-F081-F082-F083-F084-F085-F086-F087-F088-F089-F090-F091-F092-F093-F094-F095-F096-F097-F098-F099-F100-F101-F102-F103-F104-F105-F106-F107-F108-F109-F110-F111-F112-F113-F114-F115-F116-F117-F118-F119-F120-F121-F122-F123-F124-F125-F126-F127-F128-F129-F130-F131-F132-F133-F134-F135-F136-F137-F138-F139-F140-F141-F142-F143-F144-F145-F146-F147-F148-F149-F150-F151-F152-F153-F154-F155-F156-F157-F158-F159-F160-F161-F162-F163-F164-F165-F166-F167-F168-F169-F170-F171-F172-F173-F174-F175-F176-F177-F178-F179-F180-F181-F182-F183-F184-F185-F186-F187-F188-F189-F190-F191-F192-F193-F194-F195-F196-F197-F198-F199-F200-F201-F202-F203-F204-F205-F206-F207-F208-F209-F210-F211-F212-F213-F214-F215-F216-F217-F218-F219-F220-F221-F222-F223-F224-F225-F226-F227-F228-F229-F230-F231-F232-F233-F234-F235-F236-F237-F238-F239-F240-F241-F242-F243-F244-F245-F246-F247-F248-F249-F250-F251-F252-F253-F254-F255-F256-F257-F258-F259-F260-F261-F262-F263-F264-F265-F266-F267-F268-F269-F270-F271-F272-F273-F274-F275-F276-F277-F278-F279-F280-F281-F282-F283-F284-F285-F286-F287-F288-F289-F290-F291-F292-F293-F294-F295-F296-F297-F298-F299-F300-F301-F302-F303-F304-F305-F306-F307-F308-F309-F310-F311-F312-F313-F314-F315-F316-F317-F318-F319-F320-F321-F322-F323-F324-F325-F326-F327-F328-F329-F330-F331-F332-F333-F334-F335-F336-F337-F338-F339-F340-F341-F342-F343-F344-F345-F346-F347-F348-F349-F350-F351-F352-F353-F354-F355-F356-F357-F358-F359-F360-F361-F362-F363-F364-F365-F366-F367-F368-F369-F370-F371-F372-F373-F374-F375-F376-F377-F378-F379-F380-F381-F382-F383-F384-F385-F386-F387-F388-F389-F390-F391-F392-F393-F394-F395-F396-F397-F398-F399-F400-F401-F402-F403-F404-F405-F406-F407-F408-F409-F410-F411-F412-F413-F414-F415-F416-F417-F418-F419-F420-F421-F422-F423-F424-F425-F426-F427-F428-F429-F430-F431-F432-F433-F434-F435-F436-F437-F438-F439-F440-F441-F442-F443-F444-F445-F446-F447-F448-F449-F450-F451-F452-F453-F454-F455-F456-F457-F458-F459-F460-F461-F462-F463-F464-F465-F466-F467-F468-F469-F470-F471-F472-F473-F474-F475-F476-F477-F478-F479-F480-F481-F482-F483-F484-F485-F486-F487-F488-F489-F490-F491-F492-F493-F494-F495-F496-O498507-E507512

## Summary

Number of input bits: 512  
Number of free input bits: 14  
Number of output bits: 160

Number of direct occurrences: 57428  
Number of assignments: 32233  
Number of operations: 11443658
(xor: 11414975,
and: 14944,
or: 13739)

Total complexity: 2.8474577593354142 × 10^303

Least occurring input variable: iv_502 (3914)  
Most occurring input variable: iv_498 (4478)

Most co-occurring input variables: iv_500-iv_511 (2095)  
Least co-occurring input variables: iv_502-iv_503 (1791)

Potentially most occurring input variable: iv_498/iv_499 (4719)  
Potentially least occurring input variable: iv_499/iv_508 (4138)

Least output occurring input variable: iv_498 (68)  
Most output occurring input variable: iv_497 (92)

Most output co-occurring input variables: iv_497-iv_504 (52)  
Least output co-occurring input variables: iv_500-iv_508 (30)

Potentially most output occurring input variable: iv_497/iv_500 (94)  
Potentially least output occurring input variable: iv_498/iv_510 (66)

Least complex input bit: iv_497 (2.007403538274368 × 10^300)  
Most complex input bit: iv_510 (6.9869610510962174 × 10^302)

Least complex output bit: aaa_76_29 (1.5334086074752455 × 10^278)  
Most complex output bit: ov_001 (4.430525991289315 × 10^302)

Least complex input/output complexity: iv_497/aaa_76_29 (1.081023890231337 × 10^275)  
Most complex input/output complexity: iv_510/ov_001 (1.0871421159986903 × 10^302)

## Input Bits

### Input Bits in Regular Order

| Input Bit | Complexity | Occurrences | Output Occurrences |
|:---------:|:----------:|:-----------:|:------------------:|
| iv_497 | 2.007403538274368 × 10^300 | 4155 | 92 |
| iv_498 | 5.129663354209882 × 10^302 | 4478 | 68 |
| iv_499 | 7.209648576284037 × 10^300 | 4155 | 84 |
| iv_500 | 1.2211448860741811 × 10^301 | 4157 | 76 |
| iv_501 | 2.082251521395962 × 10^301 | 4124 | 83 |
| iv_502 | 3.384465269250948 × 10^301 | 3914 | 81 |
| iv_503 | 5.340023465384328 × 10^301 | 4070 | 73 |
| iv_504 | 8.226638080689145 × 10^301 | 3961 | 78 |
| iv_505 | 1.2431892467866832 × 10^302 | 3957 | 79 |
| iv_506 | 1.84700754354854 × 10^302 | 3988 | 82 |
| iv_508 | 3.829775021408503 × 10^302 | 4033 | 70 |
| iv_509 | 5.2511910318754746 × 10^302 | 4032 | 78 |
| iv_510 | 6.9869610510962174 × 10^302 | 4158 | 78 |
| iv_511 | 2.0691675010038047 × 10^302 | 4246 | 81 |

### Input Bits Sorted by Complexity

| Input Bit | Complexity | Occurrences | Output Occurrences |
|:---------:|:----------:|:-----------:|:------------------:|
| iv_497 | 2.007403538274368 × 10^300 | 4155 | 92 |
| iv_499 | 7.209648576284037 × 10^300 | 4155 | 84 |
| iv_500 | 1.2211448860741811 × 10^301 | 4157 | 76 |
| iv_501 | 2.082251521395962 × 10^301 | 4124 | 83 |
| iv_502 | 3.384465269250948 × 10^301 | 3914 | 81 |
| iv_503 | 5.340023465384328 × 10^301 | 4070 | 73 |
| iv_504 | 8.226638080689145 × 10^301 | 3961 | 78 |
| iv_505 | 1.2431892467866832 × 10^302 | 3957 | 79 |
| iv_506 | 1.84700754354854 × 10^302 | 3988 | 82 |
| iv_511 | 2.0691675010038047 × 10^302 | 4246 | 81 |
| iv_508 | 3.829775021408503 × 10^302 | 4033 | 70 |
| iv_498 | 5.129663354209882 × 10^302 | 4478 | 68 |
| iv_509 | 5.2511910318754746 × 10^302 | 4032 | 78 |
| iv_510 | 6.9869610510962174 × 10^302 | 4158 | 78 |

### Input Bits Sorted by Occurrences

| Input Bit | Complexity | Occurrences | Output Occurrences |
|:---------:|:----------:|:-----------:|:------------------:|
| iv_502 | 3.384465269250948 × 10^301 | 3914 | 81 |
| iv_505 | 1.2431892467866832 × 10^302 | 3957 | 79 |
| iv_504 | 8.226638080689145 × 10^301 | 3961 | 78 |
| iv_506 | 1.84700754354854 × 10^302 | 3988 | 82 |
| iv_509 | 5.2511910318754746 × 10^302 | 4032 | 78 |
| iv_508 | 3.829775021408503 × 10^302 | 4033 | 70 |
| iv_503 | 5.340023465384328 × 10^301 | 4070 | 73 |
| iv_501 | 2.082251521395962 × 10^301 | 4124 | 83 |
| iv_499 | 7.209648576284037 × 10^300 | 4155 | 84 |
| iv_497 | 2.007403538274368 × 10^300 | 4155 | 92 |
| iv_500 | 1.2211448860741811 × 10^301 | 4157 | 76 |
| iv_510 | 6.9869610510962174 × 10^302 | 4158 | 78 |
| iv_511 | 2.0691675010038047 × 10^302 | 4246 | 81 |
| iv_498 | 5.129663354209882 × 10^302 | 4478 | 68 |

### Input Bits Sorted by Output Occurrences

| Input Bit | Complexity | Occurrences | Output Occurrences |
|:---------:|:----------:|:-----------:|:------------------:|
| iv_498 | 5.129663354209882 × 10^302 | 4478 | 68 |
| iv_508 | 3.829775021408503 × 10^302 | 4033 | 70 |
| iv_503 | 5.340023465384328 × 10^301 | 4070 | 73 |
| iv_500 | 1.2211448860741811 × 10^301 | 4157 | 76 |
| iv_504 | 8.226638080689145 × 10^301 | 3961 | 78 |
| iv_509 | 5.2511910318754746 × 10^302 | 4032 | 78 |
| iv_510 | 6.9869610510962174 × 10^302 | 4158 | 78 |
| iv_505 | 1.2431892467866832 × 10^302 | 3957 | 79 |
| iv_502 | 3.384465269250948 × 10^301 | 3914 | 81 |
| iv_511 | 2.0691675010038047 × 10^302 | 4246 | 81 |
| iv_506 | 1.84700754354854 × 10^302 | 3988 | 82 |
| iv_501 | 2.082251521395962 × 10^301 | 4124 | 83 |
| iv_499 | 7.209648576284037 × 10^300 | 4155 | 84 |
| iv_497 | 2.007403538274368 × 10^300 | 4155 | 92 |

## Input Bit Co-occurrences

### Input Bit Co-occurrences Sorted by Co-occurrences

| Input Bits | Co-occurrences | Potential Occurrences | Output Co-occurrences | Potential Output Occurrences |
|:----------:|:--------------:|:---------------------:|:---------------------:|:----------------------------:|
| iv_500-iv_511 | 2095 | 4213 | 38 | 81 |
| iv_501-iv_511 | 2053 | 4264 | 40 | 84 |
| iv_499-iv_510 | 2053 | 4207 | 44 | 74 |
| iv_499-iv_511 | 2045 | 4311 | 39 | 87 |
| iv_498-iv_511 | 2040 | 4644 | 34 | 81 |
| iv_499-iv_508 | 2025 | 4138 | 36 | 82 |
| iv_503-iv_511 | 2024 | 4268 | 37 | 80 |
| iv_499-iv_500 | 2019 | 4274 | 42 | 76 |
| iv_497-iv_501 | 2019 | 4241 | 49 | 77 |
| iv_500-iv_503 | 2019 | 4189 | 38 | 73 |
| iv_500-iv_510 | 2019 | 4277 | 39 | 76 |
| iv_498-iv_500 | 2016 | 4603 | 33 | 78 |
| iv_497-iv_511 | 2016 | 4369 | 47 | 79 |
| iv_498-iv_510 | 2012 | 4612 | 40 | 66 |

### Input Bit Co-occurrences Sorted by Potential Occurrences

| Input Bits | Co-occurrences | Potential Occurrences | Output Co-occurrences | Potential Output Occurrences |
|:----------:|:--------------:|:---------------------:|:---------------------:|:----------------------------:|
| iv_499-iv_508 | 2025 | 4138 | 36 | 82 |
| iv_506-iv_509 | 1924 | 4172 | 43 | 74 |
| iv_504-iv_506 | 1887 | 4175 | 42 | 76 |
| iv_501-iv_505 | 1950 | 4181 | 45 | 72 |
| iv_499-iv_502 | 1940 | 4189 | 42 | 81 |
| iv_500-iv_503 | 2019 | 4189 | 38 | 73 |
| iv_502-iv_505 | 1841 | 4189 | 35 | 90 |
| iv_506-iv_508 | 1915 | 4191 | 37 | 78 |
| iv_504-iv_505 | 1862 | 4194 | 41 | 75 |
| iv_508-iv_509 | 1935 | 4195 | 35 | 78 |
| iv_499-iv_509 | 1994 | 4199 | 42 | 78 |
| iv_499-iv_510 | 2053 | 4207 | 44 | 74 |
| iv_503-iv_506 | 1925 | 4208 | 36 | 83 |
| iv_499-iv_506 | 1966 | 4211 | 41 | 84 |

### Input Bit Output Co-occurrences Sorted by Output Co-occurrences

| Input Bits | Co-occurrences | Potential Occurrences | Output Co-occurrences | Potential Output Occurrences |
|:----------:|:--------------:|:---------------------:|:---------------------:|:----------------------------:|
| iv_497-iv_504 | 1939 | 4238 | 52 | 66 |
| iv_497-iv_506 | 1964 | 4215 | 51 | 72 |
| iv_497-iv_502 | 1905 | 4259 | 51 | 71 |
| iv_497-iv_501 | 2019 | 4241 | 49 | 77 |
| iv_497-iv_509 | 1946 | 4295 | 49 | 72 |
| iv_497-iv_511 | 2016 | 4369 | 47 | 79 |
| iv_497-iv_510 | 1946 | 4421 | 47 | 76 |
| iv_497-iv_505 | 1914 | 4284 | 46 | 79 |
| iv_501-iv_505 | 1950 | 4181 | 45 | 72 |
| iv_502-iv_511 | 1931 | 4298 | 45 | 72 |
| iv_499-iv_510 | 2053 | 4207 | 44 | 74 |
| iv_501-iv_506 | 1877 | 4358 | 44 | 77 |
| iv_506-iv_510 | 1961 | 4224 | 44 | 72 |
| iv_497-iv_499 | 2010 | 4290 | 44 | 88 |

### Input Bit Output Co-occurrences Sorted by Potential Output Occurrences

| Input Bits | Co-occurrences | Potential Occurrences | Output Co-occurrences | Potential Output Occurrences |
|:----------:|:--------------:|:---------------------:|:---------------------:|:----------------------------:|
| iv_498-iv_510 | 2012 | 4612 | 40 | 66 |
| iv_497-iv_504 | 1939 | 4238 | 52 | 66 |
| iv_498-iv_508 | 1964 | 4583 | 34 | 70 |
| iv_498-iv_503 | 1951 | 4646 | 35 | 71 |
| iv_500-iv_505 | 1945 | 4224 | 42 | 71 |
| iv_497-iv_502 | 1905 | 4259 | 51 | 71 |
| iv_501-iv_505 | 1950 | 4181 | 45 | 72 |
| iv_498-iv_499 | 1957 | 4719 | 40 | 72 |
| iv_502-iv_511 | 1931 | 4298 | 45 | 72 |
| iv_506-iv_510 | 1961 | 4224 | 44 | 72 |
| iv_497-iv_506 | 1964 | 4215 | 51 | 72 |
| iv_497-iv_509 | 1946 | 4295 | 49 | 72 |
| iv_498-iv_509 | 1935 | 4640 | 37 | 72 |
| iv_503-iv_504 | 1870 | 4291 | 39 | 73 |

## Output Bits

### Output Bits in Regular Order

| Rank | Output Bit | Complexity |
|:----:|:----------:|:----------:|
| 1 | ov_001 | 4.430525991289315 × 10^302 |
| 2 | ov_002 | 3.857515597370526 × 10^302 |
| 3 | ov_003 | 3.342955950034857 × 10^302 |
| 4 | ov_004 | 2.882456822730477 × 10^302 |
| 5 | ov_005 | 2.471870426602833 × 10^302 |
| 6 | ov_006 | 2.1072743671472017 × 10^302 |
| 7 | ov_007 | 1.7849567480193978 × 10^302 |
| 8 | ov_008 | 1.5014032181117869 × 10^302 |
| 9 | ov_009 | 1.253285779702975 × 10^302 |
| 10 | ov_010 | 1.0374532075402372 × 10^302 |
| 11 | ov_011 | 8.509229389252793 × 10^301 |
| 12 | ov_012 | 6.908742833087122 × 10^301 |
| 13 | ov_013 | 5.546427988709515 × 10^301 |
| 14 | ov_014 | 4.397156931233072 × 10^301 |
| 15 | ov_015 | 3.4372811398848744 × 10^301 |
| 16 | ov_016 | 2.64460207147023 × 10^301 |
| 17 | ov_017 | 1.9983482469169283 × 10^301 |
| 18 | ov_018 | 1.4791577933698812 × 10^301 |
| 19 | ov_019 | 1.0690654760129 × 10^301 |
| 20 | ov_020 | 7.514933452789764 × 10^300 |
| 21 | ov_021 | 5.112442164589462 × 10^300 |
| 22 | ov_022 | 3.344972899875658 × 10^300 |
| 23 | ov_023 | 2.088053119110689 × 10^300 |
| 24 | ov_024 | 1.2309278567391355 × 10^300 |
| 25 | ov_025 | 6.76548931497785 × 10^299 |
| 26 | ov_026 | 3.415690311184004 × 10^299 |
| 27 | ov_027 | 1.5633892642974542 × 10^299 |
| 28 | ov_028 | 6.490637170325506 × 10^298 |
| 29 | ov_029 | 2.501575031005934 × 10^298 |
| 30 | ov_030 | 7.649145084927296 × 10^297 |
| 31 | ov_031 | 1.4923083195893832 × 10^297 |
| 32 | lv_80_m31 | 2.9108763001344636 × 10^296 |
| 33 | ov_033 | 3.53912566859219 × 10^297 |
| 34 | ov_034 | 3.0802845592182197 × 10^297 |
| 35 | ov_035 | 2.668642787020875 × 10^297 |
| 36 | ov_036 | 2.3005621788518718 × 10^297 |
| 37 | ov_037 | 1.9726043793763653 × 10^297 |
| 38 | ov_038 | 1.68151674934694 × 10^297 |
| 39 | ov_039 | 1.4242200857058978 × 10^297 |
| 40 | ov_040 | 1.1977979973967695 × 10^297 |
| 41 | ov_041 | 9.994877793348508 × 10^296 |
| 42 | ov_042 | 8.26672635378563 × 10^296 |
| 43 | ov_043 | 6.768751093795708 × 10^296 |
| 44 | ov_044 | 5.477515914896833 × 10^296 |
| 45 | ov_045 | 4.381631148266415 × 10^296 |
| 46 | ov_046 | 3.4602096577406545 × 10^296 |
| 47 | ov_047 | 2.6935903840479158 × 10^296 |
| 48 | ov_048 | 2.0633147182671 × 10^296 |
| 49 | ov_049 | 1.5521081662763644 × 10^296 |
| 50 | ov_050 | 1.1438664427583897 × 10^296 |
| 51 | ov_051 | 8.236452091813954 × 10^295 |
| 52 | ov_052 | 5.776527457558467 × 10^295 |
| 53 | ov_053 | 3.9324492275056637 × 10^295 |
| 54 | ov_054 | 2.589219118005583 × 10^295 |
| 55 | ov_055 | 1.6432615300070276 × 10^295 |
| 56 | ov_056 | 1.0024116869024111 × 10^295 |
| 57 | ov_057 | 5.85909014086574 × 10^294 |
| 58 | ov_058 | 3.243935835918345 × 10^294 |
| 59 | ov_059 | 1.5990435137956578 × 10^294 |
| 60 | ov_060 | 6.631037916320812 × 10^293 |
| 61 | ov_061 | 2.3179698800673542 × 10^293 |
| 62 | ov_062 | 6.363452022056482 × 10^292 |
| 63 | ov_063 | 1.2412944932084272 × 10^292 |
| 64 | lv_79_m31 | 2.4208346072475586 × 10^291 |
| 65 | ov_065 | 2.919973794028495 × 10^292 |
| 66 | ov_066 | 2.919967008567697 × 10^292 |
| 67 | ov_067 | 2.919965409619512 × 10^292 |
| 68 | ov_068 | 2.538295418180889 × 10^292 |
| 69 | ov_069 | 2.1956723212199495 × 10^292 |
| 70 | ov_070 | 1.8892408740292168 × 10^292 |
| 71 | ov_071 | 1.616280223976935 × 10^292 |
| 72 | ov_072 | 1.3741967631627185 × 10^292 |
| 73 | ov_073 | 1.1605185733501045 × 10^292 |
| 74 | ov_074 | 9.728910757377818 × 10^291 |
| 75 | ov_075 | 8.090735188609883 × 10^291 |
| 76 | ov_076 | 6.669359952707577 × 10^291 |
| 77 | ov_077 | 5.4445680696957764 × 10^291 |
| 78 | ov_078 | 4.3972012164962254 × 10^291 |
| 79 | ov_079 | 3.509139018932879 × 10^291 |
| 80 | ov_080 | 2.7632808977931452 × 10^291 |
| 81 | ov_081 | 2.143530295548016 × 10^291 |
| 82 | ov_082 | 1.634781111953977 × 10^291 |
| 83 | ov_083 | 1.2229061779340602 × 10^291 |
| 84 | ov_084 | 8.947475979577138 × 10^290 |
| 85 | ov_085 | 6.381087916922996 × 10^290 |
| 86 | ov_086 | 4.417480660545973 × 10^290 |
| 87 | ov_087 | 2.9537354900923614 × 10^290 |
| 88 | ov_088 | 1.8963931659000165 × 10^290 |
| 89 | ov_089 | 1.161425446928759 × 10^290 |
| 90 | ov_090 | 6.742151722811414 × 10^289 |
| 91 | ov_091 | 3.695432223709059 × 10^289 |
| 92 | ov_092 | 1.9158068997258465 × 10^289 |
| 93 | ov_093 | 9.388467453890665 × 10^288 |
| 94 | ov_094 | 3.939632868546591 × 10^288 |
| 95 | aaa_78_28 | 1.1932100312373858 × 10^288 |
| 96 | aaa_78_29 | 3.554784524907349 × 10^287 |
| 97 | ov_097 | 1.92979673942186 × 10^287 |
| 98 | ov_098 | 1.9297687617527286 × 10^287 |
| 99 | ov_099 | 1.9297598142786403 × 10^287 |
| 100 | ov_100 | 1.5754202597095102 × 10^287 |
| 101 | ov_101 | 1.2797072629438328 × 10^287 |
| 102 | ov_102 | 1.0356919324278535 × 10^287 |
| 103 | ov_103 | 8.36830308094182 × 10^286 |
| 104 | ov_104 | 6.769354896054929 × 10^286 |
| 105 | ov_105 | 5.501532664133898 × 10^286 |
| 106 | ov_106 | 4.509409375100161 × 10^286 |
| 107 | ov_107 | 3.7404902532160155 × 10^286 |
| 108 | ov_108 | 3.145056041123002 × 10^286 |
| 109 | ov_109 | 2.6760297864784846 × 10^286 |
| 110 | ov_110 | 2.288864638116802 × 10^286 |
| 111 | ov_111 | 1.9414503045831522 × 10^286 |
| 112 | ov_112 | 1.6314899969084613 × 10^286 |
| 113 | ov_113 | 1.3567371418713067 × 10^286 |
| 114 | ov_114 | 1.1149846953263467 × 10^286 |
| 115 | ov_115 | 9.040561033067822 × 10^285 |
| 116 | ov_116 | 7.217977739794221 × 10^285 |
| 117 | ov_117 | 5.660729238720087 × 10^285 |
| 118 | ov_118 | 4.347566619910139 × 10^285 |
| 119 | ov_119 | 3.2573217555421786 × 10^285 |
| 120 | ov_120 | 2.3688788111507544 × 10^285 |
| 121 | ov_121 | 1.6611540488140433 × 10^285 |
| 122 | ov_122 | 1.113082560434299 × 10^285 |
| 123 | ov_123 | 7.036101286248622 × 10^284 |
| 124 | ov_124 | 4.116881422629126 × 10^284 |
| 125 | ov_125 | 2.162704420836184 × 10^284 |
| 126 | ov_126 | 9.631170904903147 × 10^283 |
| 127 | aaa_77_28 | 3.0766844600749204 × 10^283 |
| 128 | aaa_77_29 | 1.1541326911198923 × 10^283 |
| 129 | ov_129 | 1.083259354436961 × 10^283 |
| 130 | ov_130 | 1.08325636363816 × 10^283 |
| 131 | ov_131 | 1.0832556391982195 × 10^283 |
| 132 | ov_132 | 9.423351006416813 × 10^282 |
| 133 | ov_133 | 8.158422460364494 × 10^282 |
| 134 | ov_134 | 7.026940480008405 × 10^282 |
| 135 | ov_135 | 6.018668384702173 × 10^282 |
| 136 | ov_136 | 5.123920975820656 × 10^282 |
| 137 | ov_137 | 4.3335279050127877 × 10^282 |
| 138 | ov_138 | 3.6388020214800694 × 10^282 |
| 139 | ov_139 | 3.0315122241783863 × 10^282 |
| 140 | ov_140 | 2.5038603702163288 × 10^282 |
| 141 | ov_141 | 2.0484618153748076 × 10^282 |
| 142 | ov_142 | 1.65832918675188 × 10^282 |
| 143 | ov_143 | 1.3268590111725048 × 10^282 |
| 144 | ov_144 | 1.0478208463038786 × 10^282 |
| 145 | ov_145 | 8.153485844728805 × 10^281 |
| 146 | ov_146 | 6.239336220651286 × 10^281 |
| 147 | ov_147 | 4.684196101518035 × 10^281 |
| 148 | ov_148 | 3.439985246829886 × 10^281 |
| 149 | ov_149 | 2.4620781723454456 × 10^281 |
| 150 | ov_150 | 1.709284299185405 × 10^281 |
| 151 | ov_151 | 1.1438348067602308 × 10^281 |
| 152 | ov_152 | 7.313744777131198 × 10^280 |
| 153 | ov_153 | 4.409570490240481 × 10^280 |
| 154 | ov_154 | 2.450428093455144 × 10^280 |
| 155 | ov_155 | 1.1949744122417932 × 10^280 |
| 156 | aaa_76_25 | 4.359148073905198 × 10^279 |
| 157 | aaa_76_26 | 2.5197485764325688 × 10^279 |
| 158 | aaa_76_27 | 1.2912637388488268 × 10^279 |
| 159 | aaa_76_28 | 5.0347523066708565 × 10^278 |
| 160 | aaa_76_29 | 1.5334086074752455 × 10^278 |

### Output Bits Sorted by Complexity

| Rank | Output Bit | Complexity |
|:----:|:----------:|:----------:|
| 160 | aaa_76_29 | 1.5334086074752455 × 10^278 |
| 159 | aaa_76_28 | 5.0347523066708565 × 10^278 |
| 158 | aaa_76_27 | 1.2912637388488268 × 10^279 |
| 157 | aaa_76_26 | 2.5197485764325688 × 10^279 |
| 156 | aaa_76_25 | 4.359148073905198 × 10^279 |
| 155 | ov_155 | 1.1949744122417932 × 10^280 |
| 154 | ov_154 | 2.450428093455144 × 10^280 |
| 153 | ov_153 | 4.409570490240481 × 10^280 |
| 152 | ov_152 | 7.313744777131198 × 10^280 |
| 151 | ov_151 | 1.1438348067602308 × 10^281 |
| 150 | ov_150 | 1.709284299185405 × 10^281 |
| 149 | ov_149 | 2.4620781723454456 × 10^281 |
| 148 | ov_148 | 3.439985246829886 × 10^281 |
| 147 | ov_147 | 4.684196101518035 × 10^281 |
| 146 | ov_146 | 6.239336220651286 × 10^281 |
| 145 | ov_145 | 8.153485844728805 × 10^281 |
| 144 | ov_144 | 1.0478208463038786 × 10^282 |
| 143 | ov_143 | 1.3268590111725048 × 10^282 |
| 142 | ov_142 | 1.65832918675188 × 10^282 |
| 141 | ov_141 | 2.0484618153748076 × 10^282 |
| 140 | ov_140 | 2.5038603702163288 × 10^282 |
| 139 | ov_139 | 3.0315122241783863 × 10^282 |
| 138 | ov_138 | 3.6388020214800694 × 10^282 |
| 137 | ov_137 | 4.3335279050127877 × 10^282 |
| 136 | ov_136 | 5.123920975820656 × 10^282 |
| 135 | ov_135 | 6.018668384702173 × 10^282 |
| 134 | ov_134 | 7.026940480008405 × 10^282 |
| 133 | ov_133 | 8.158422460364494 × 10^282 |
| 132 | ov_132 | 9.423351006416813 × 10^282 |
| 131 | ov_131 | 1.0832556391982195 × 10^283 |
| 130 | ov_130 | 1.08325636363816 × 10^283 |
| 129 | ov_129 | 1.083259354436961 × 10^283 |
| 128 | aaa_77_29 | 1.1541326911198923 × 10^283 |
| 127 | aaa_77_28 | 3.0766844600749204 × 10^283 |
| 126 | ov_126 | 9.631170904903147 × 10^283 |
| 125 | ov_125 | 2.162704420836184 × 10^284 |
| 124 | ov_124 | 4.116881422629126 × 10^284 |
| 123 | ov_123 | 7.036101286248622 × 10^284 |
| 122 | ov_122 | 1.113082560434299 × 10^285 |
| 121 | ov_121 | 1.6611540488140433 × 10^285 |
| 120 | ov_120 | 2.3688788111507544 × 10^285 |
| 119 | ov_119 | 3.2573217555421786 × 10^285 |
| 118 | ov_118 | 4.347566619910139 × 10^285 |
| 117 | ov_117 | 5.660729238720087 × 10^285 |
| 116 | ov_116 | 7.217977739794221 × 10^285 |
| 115 | ov_115 | 9.040561033067822 × 10^285 |
| 114 | ov_114 | 1.1149846953263467 × 10^286 |
| 113 | ov_113 | 1.3567371418713067 × 10^286 |
| 112 | ov_112 | 1.6314899969084613 × 10^286 |
| 111 | ov_111 | 1.9414503045831522 × 10^286 |
| 110 | ov_110 | 2.288864638116802 × 10^286 |
| 109 | ov_109 | 2.6760297864784846 × 10^286 |
| 108 | ov_108 | 3.145056041123002 × 10^286 |
| 107 | ov_107 | 3.7404902532160155 × 10^286 |
| 106 | ov_106 | 4.509409375100161 × 10^286 |
| 105 | ov_105 | 5.501532664133898 × 10^286 |
| 104 | ov_104 | 6.769354896054929 × 10^286 |
| 103 | ov_103 | 8.36830308094182 × 10^286 |
| 102 | ov_102 | 1.0356919324278535 × 10^287 |
| 101 | ov_101 | 1.2797072629438328 × 10^287 |
| 100 | ov_100 | 1.5754202597095102 × 10^287 |
| 99 | ov_099 | 1.9297598142786403 × 10^287 |
| 98 | ov_098 | 1.9297687617527286 × 10^287 |
| 97 | ov_097 | 1.92979673942186 × 10^287 |
| 96 | aaa_78_29 | 3.554784524907349 × 10^287 |
| 95 | aaa_78_28 | 1.1932100312373858 × 10^288 |
| 94 | ov_094 | 3.939632868546591 × 10^288 |
| 93 | ov_093 | 9.388467453890665 × 10^288 |
| 92 | ov_092 | 1.9158068997258465 × 10^289 |
| 91 | ov_091 | 3.695432223709059 × 10^289 |
| 90 | ov_090 | 6.742151722811414 × 10^289 |
| 89 | ov_089 | 1.161425446928759 × 10^290 |
| 88 | ov_088 | 1.8963931659000165 × 10^290 |
| 87 | ov_087 | 2.9537354900923614 × 10^290 |
| 86 | ov_086 | 4.417480660545973 × 10^290 |
| 85 | ov_085 | 6.381087916922996 × 10^290 |
| 84 | ov_084 | 8.947475979577138 × 10^290 |
| 83 | ov_083 | 1.2229061779340602 × 10^291 |
| 82 | ov_082 | 1.634781111953977 × 10^291 |
| 81 | ov_081 | 2.143530295548016 × 10^291 |
| 64 | lv_79_m31 | 2.4208346072475586 × 10^291 |
| 80 | ov_080 | 2.7632808977931452 × 10^291 |
| 79 | ov_079 | 3.509139018932879 × 10^291 |
| 78 | ov_078 | 4.3972012164962254 × 10^291 |
| 77 | ov_077 | 5.4445680696957764 × 10^291 |
| 76 | ov_076 | 6.669359952707577 × 10^291 |
| 75 | ov_075 | 8.090735188609883 × 10^291 |
| 74 | ov_074 | 9.728910757377818 × 10^291 |
| 73 | ov_073 | 1.1605185733501045 × 10^292 |
| 63 | ov_063 | 1.2412944932084272 × 10^292 |
| 72 | ov_072 | 1.3741967631627185 × 10^292 |
| 71 | ov_071 | 1.616280223976935 × 10^292 |
| 70 | ov_070 | 1.8892408740292168 × 10^292 |
| 69 | ov_069 | 2.1956723212199495 × 10^292 |
| 68 | ov_068 | 2.538295418180889 × 10^292 |
| 67 | ov_067 | 2.919965409619512 × 10^292 |
| 66 | ov_066 | 2.919967008567697 × 10^292 |
| 65 | ov_065 | 2.919973794028495 × 10^292 |
| 62 | ov_062 | 6.363452022056482 × 10^292 |
| 61 | ov_061 | 2.3179698800673542 × 10^293 |
| 60 | ov_060 | 6.631037916320812 × 10^293 |
| 59 | ov_059 | 1.5990435137956578 × 10^294 |
| 58 | ov_058 | 3.243935835918345 × 10^294 |
| 57 | ov_057 | 5.85909014086574 × 10^294 |
| 56 | ov_056 | 1.0024116869024111 × 10^295 |
| 55 | ov_055 | 1.6432615300070276 × 10^295 |
| 54 | ov_054 | 2.589219118005583 × 10^295 |
| 53 | ov_053 | 3.9324492275056637 × 10^295 |
| 52 | ov_052 | 5.776527457558467 × 10^295 |
| 51 | ov_051 | 8.236452091813954 × 10^295 |
| 50 | ov_050 | 1.1438664427583897 × 10^296 |
| 49 | ov_049 | 1.5521081662763644 × 10^296 |
| 48 | ov_048 | 2.0633147182671 × 10^296 |
| 47 | ov_047 | 2.6935903840479158 × 10^296 |
| 32 | lv_80_m31 | 2.9108763001344636 × 10^296 |
| 46 | ov_046 | 3.4602096577406545 × 10^296 |
| 45 | ov_045 | 4.381631148266415 × 10^296 |
| 44 | ov_044 | 5.477515914896833 × 10^296 |
| 43 | ov_043 | 6.768751093795708 × 10^296 |
| 42 | ov_042 | 8.26672635378563 × 10^296 |
| 41 | ov_041 | 9.994877793348508 × 10^296 |
| 40 | ov_040 | 1.1977979973967695 × 10^297 |
| 39 | ov_039 | 1.4242200857058978 × 10^297 |
| 31 | ov_031 | 1.4923083195893832 × 10^297 |
| 38 | ov_038 | 1.68151674934694 × 10^297 |
| 37 | ov_037 | 1.9726043793763653 × 10^297 |
| 36 | ov_036 | 2.3005621788518718 × 10^297 |
| 35 | ov_035 | 2.668642787020875 × 10^297 |
| 34 | ov_034 | 3.0802845592182197 × 10^297 |
| 33 | ov_033 | 3.53912566859219 × 10^297 |
| 30 | ov_030 | 7.649145084927296 × 10^297 |
| 29 | ov_029 | 2.501575031005934 × 10^298 |
| 28 | ov_028 | 6.490637170325506 × 10^298 |
| 27 | ov_027 | 1.5633892642974542 × 10^299 |
| 26 | ov_026 | 3.415690311184004 × 10^299 |
| 25 | ov_025 | 6.76548931497785 × 10^299 |
| 24 | ov_024 | 1.2309278567391355 × 10^300 |
| 23 | ov_023 | 2.088053119110689 × 10^300 |
| 22 | ov_022 | 3.344972899875658 × 10^300 |
| 21 | ov_021 | 5.112442164589462 × 10^300 |
| 20 | ov_020 | 7.514933452789764 × 10^300 |
| 19 | ov_019 | 1.0690654760129 × 10^301 |
| 18 | ov_018 | 1.4791577933698812 × 10^301 |
| 17 | ov_017 | 1.9983482469169283 × 10^301 |
| 16 | ov_016 | 2.64460207147023 × 10^301 |
| 15 | ov_015 | 3.4372811398848744 × 10^301 |
| 14 | ov_014 | 4.397156931233072 × 10^301 |
| 13 | ov_013 | 5.546427988709515 × 10^301 |
| 12 | ov_012 | 6.908742833087122 × 10^301 |
| 11 | ov_011 | 8.509229389252793 × 10^301 |
| 10 | ov_010 | 1.0374532075402372 × 10^302 |
| 9 | ov_009 | 1.253285779702975 × 10^302 |
| 8 | ov_008 | 1.5014032181117869 × 10^302 |
| 7 | ov_007 | 1.7849567480193978 × 10^302 |
| 6 | ov_006 | 2.1072743671472017 × 10^302 |
| 5 | ov_005 | 2.471870426602833 × 10^302 |
| 4 | ov_004 | 2.882456822730477 × 10^302 |
| 3 | ov_003 | 3.342955950034857 × 10^302 |
| 2 | ov_002 | 3.857515597370526 × 10^302 |
| 1 | ov_001 | 4.430525991289315 × 10^302 |

