# Results for F001-F002-F003-F004-F005-F006-F007-F008-F009-F010-F011-F012-F013-F014-F015-F016-F017-F018-F019-F020-F021-F022-F023-F024-F025-F026-F027-F028-F029-F030-F031-F032-F033-F034-F035-F036-F037-F038-F039-F040-F041-F042-F043-F044-F045-F046-F047-F048-F049-F050-F051-F052-F053-F054-F055-F056-F057-F058-F059-F060-F061-F062-F063-F064-F065-F066-F067-F068-F069-F070-F071-F072-F073-F074-F075-F076-F077-F078-F079-F080-F081-F082-F083-F084-F085-F086-F087-F088-F089-F090-F091-F092-F093-F094-F095-F096-F097-F098-F099-F100-F101-F102-F103-F104-F105-F106-F107-F108-F109-F110-F111-F112-F113-F114-F115-F116-F117-F118-F119-F120-F121-F122-F123-F124-F125-F126-F127-F128-F129-F130-F131-F132-F133-F134-F135-F136-F137-F138-F139-F140-F141-F142-F143-F144-F145-F146-F147-F148-F149-F150-F151-F152-F153-F154-F155-F156-F157-F158-F159-F160-F161-F162-F163-F164-F165-F166-F167-F168-F169-F170-F171-F172-F173-F174-F175-F176-F177-F178-F179-F180-F181-F182-F183-F184-F185-F186-F187-F188-F189-F190-F191-F192-F193-F194-F195-F196-F197-F198-F199-F200-F201-F202-F203-F204-F205-F206-F207-F208-F209-F210-F211-F212-F213-F214-F215-F216-F217-F218-F219-F220-F221-F222-F223-F224-F225-F226-F227-F228-F229-F230-F231-F232-F233-F234-F235-F236-F237-F238-F239-F240-F241-F242-F243-F244-F245-F246-F247-F248-F249-F250-F251-F252-F253-F254-F255-F256-F257-F258-F259-F260-F261-F262-F263-F264-F265-F266-F267-F268-F269-F270-F271-F272-F273-F274-F275-F276-F277-F278-F279-F280-F281-F282-F283-F284-F285-F286-F287-F288-F289-F290-F291-F292-F293-F294-F295-F296-F297-F298-F299-F300-F301-F302-F303-F304-F305-F306-F307-F308-F309-F310-F311-F312-F313-F314-F315-F316-F317-F318-F319-F320-F321-F322-F323-F324-F325-F326-F327-F328-F329-F330-F331-F332-F333-F334-F335-F336-F337-F338-F339-F340-F341-F342-F343-F344-F345-F346-F347-F348-F349-F350-F351-F352-F353-F354-F355-F356-F357-F358-F359-F360-F361-F362-F363-F364-F365-F366-F367-F368-F369-F370-F371-F372-F373-F374-F375-F376-F377-F378-F379-F380-F381-F382-F383-F384-F385-F386-F387-F388-F389-F390-F391-F392-F393-F394-F395-F396-F397-F398-F399-F400-F401-F402-F403-F404-F405-F406-F407-F408-F409-F410-F411-F412-F413-F414-F415-F416-F417-F418-F419-F420-F421-F422-F423-F424-F425-F426-F427-F428-F429-F430-F431-F432-F433-F434-F435-F436-F437-F438-F439-F440-F441-F442-F443-F444-F445-F446-F447-F448-F449-F450-F451-F452-F453-F454-F455-F456-F457-F458-F459-F460-F461-F462-F463-F464-F465-F466-F467-F468-F469-F470-F471-F472-F473-F474-F475-F476-F477-F478-F479-F480-F481-F482-F483-F484-F485-F486-F487-F488-F489-F490-F491-F492-F493-F494-F495-F496-O497502-F512

## Summary

Number of input bits: 512  
Number of free input bits: 14  
Number of output bits: 160

Number of direct occurrences: 57685  
Number of assignments: 31970  
Number of operations: 11315017
(xor: 11286499,
and: 14896,
or: 13622)

Total complexity: 4.0855481409402505 × 10^302

Least occurring input variable: iv_505 (3947)  
Most occurring input variable: iv_510 (4293)

Most co-occurring input variables: iv_509-iv_510 (2132)  
Least co-occurring input variables: iv_498-iv_505 (1799)

Potentially most occurring input variable: iv_497/iv_510 (4629)  
Potentially least occurring input variable: iv_499/iv_508 (4109)

Least output occurring input variable: iv_497 (71)  
Most output occurring input variable: iv_498 (86)

Most output co-occurring input variables: iv_501-iv_508 (48)  
Least output co-occurring input variables: iv_497-iv_510 (29)

Potentially most output occurring input variable: iv_498/iv_505 (93)  
Potentially least output occurring input variable: iv_497/iv_503 (63)

Least complex input bit: iv_511 (7.70608132274044 × 10^298)  
Most complex input bit: iv_510 (1.014329800496166 × 10^302)

Least complex output bit: aaa_76_29 (2.6001958001570006 × 10^277)  
Most complex output bit: ov_001 (6.387240773221789 × 10^301)

Least complex input/output complexity: iv_511/aaa_76_29 (4.9044386701184666 × 10^273)  
Most complex input/output complexity: iv_510/ov_001 (1.585777094216791 × 10^301)

## Input Bits

### Input Bits in Regular Order

| Input Bit | Complexity | Occurrences | Output Occurrences |
|:---------:|:----------:|:-----------:|:------------------:|
| iv_497 | 6.185668065368209 × 10^300 | 4256 | 71 |
| iv_498 | 7.203871019613145 × 10^299 | 4006 | 86 |
| iv_499 | 1.2678063606081154 × 10^300 | 3963 | 77 |
| iv_500 | 2.1326844660317586 × 10^300 | 4150 | 76 |
| iv_501 | 3.584609745839006 × 10^300 | 4061 | 81 |
| iv_503 | 9.248081140219651 × 10^300 | 4182 | 78 |
| iv_504 | 1.4378527572971 × 10^301 | 3955 | 78 |
| iv_505 | 2.1954169954720534 × 10^301 | 3947 | 79 |
| iv_506 | 3.296387503768087 × 10^301 | 3994 | 82 |
| iv_507 | 4.873630836771974 × 10^301 | 4202 | 76 |
| iv_508 | 6.966548404514781 × 10^301 | 4174 | 86 |
| iv_509 | 9.620717137291283 × 10^301 | 4267 | 80 |
| iv_510 | 1.014329800496166 × 10^302 | 4293 | 74 |
| iv_511 | 7.70608132274044 × 10^298 | 4235 | 78 |

### Input Bits Sorted by Complexity

| Input Bit | Complexity | Occurrences | Output Occurrences |
|:---------:|:----------:|:-----------:|:------------------:|
| iv_511 | 7.70608132274044 × 10^298 | 4235 | 78 |
| iv_498 | 7.203871019613145 × 10^299 | 4006 | 86 |
| iv_499 | 1.2678063606081154 × 10^300 | 3963 | 77 |
| iv_500 | 2.1326844660317586 × 10^300 | 4150 | 76 |
| iv_501 | 3.584609745839006 × 10^300 | 4061 | 81 |
| iv_497 | 6.185668065368209 × 10^300 | 4256 | 71 |
| iv_503 | 9.248081140219651 × 10^300 | 4182 | 78 |
| iv_504 | 1.4378527572971 × 10^301 | 3955 | 78 |
| iv_505 | 2.1954169954720534 × 10^301 | 3947 | 79 |
| iv_506 | 3.296387503768087 × 10^301 | 3994 | 82 |
| iv_507 | 4.873630836771974 × 10^301 | 4202 | 76 |
| iv_508 | 6.966548404514781 × 10^301 | 4174 | 86 |
| iv_509 | 9.620717137291283 × 10^301 | 4267 | 80 |
| iv_510 | 1.014329800496166 × 10^302 | 4293 | 74 |

### Input Bits Sorted by Occurrences

| Input Bit | Complexity | Occurrences | Output Occurrences |
|:---------:|:----------:|:-----------:|:------------------:|
| iv_505 | 2.1954169954720534 × 10^301 | 3947 | 79 |
| iv_504 | 1.4378527572971 × 10^301 | 3955 | 78 |
| iv_499 | 1.2678063606081154 × 10^300 | 3963 | 77 |
| iv_506 | 3.296387503768087 × 10^301 | 3994 | 82 |
| iv_498 | 7.203871019613145 × 10^299 | 4006 | 86 |
| iv_501 | 3.584609745839006 × 10^300 | 4061 | 81 |
| iv_500 | 2.1326844660317586 × 10^300 | 4150 | 76 |
| iv_508 | 6.966548404514781 × 10^301 | 4174 | 86 |
| iv_503 | 9.248081140219651 × 10^300 | 4182 | 78 |
| iv_507 | 4.873630836771974 × 10^301 | 4202 | 76 |
| iv_511 | 7.70608132274044 × 10^298 | 4235 | 78 |
| iv_497 | 6.185668065368209 × 10^300 | 4256 | 71 |
| iv_509 | 9.620717137291283 × 10^301 | 4267 | 80 |
| iv_510 | 1.014329800496166 × 10^302 | 4293 | 74 |

### Input Bits Sorted by Output Occurrences

| Input Bit | Complexity | Occurrences | Output Occurrences |
|:---------:|:----------:|:-----------:|:------------------:|
| iv_497 | 6.185668065368209 × 10^300 | 4256 | 71 |
| iv_510 | 1.014329800496166 × 10^302 | 4293 | 74 |
| iv_500 | 2.1326844660317586 × 10^300 | 4150 | 76 |
| iv_507 | 4.873630836771974 × 10^301 | 4202 | 76 |
| iv_499 | 1.2678063606081154 × 10^300 | 3963 | 77 |
| iv_503 | 9.248081140219651 × 10^300 | 4182 | 78 |
| iv_504 | 1.4378527572971 × 10^301 | 3955 | 78 |
| iv_511 | 7.70608132274044 × 10^298 | 4235 | 78 |
| iv_505 | 2.1954169954720534 × 10^301 | 3947 | 79 |
| iv_509 | 9.620717137291283 × 10^301 | 4267 | 80 |
| iv_501 | 3.584609745839006 × 10^300 | 4061 | 81 |
| iv_506 | 3.296387503768087 × 10^301 | 3994 | 82 |
| iv_508 | 6.966548404514781 × 10^301 | 4174 | 86 |
| iv_498 | 7.203871019613145 × 10^299 | 4006 | 86 |

## Input Bit Co-occurrences

### Input Bit Co-occurrences Sorted by Co-occurrences

| Input Bits | Co-occurrences | Potential Occurrences | Output Co-occurrences | Potential Output Occurrences |
|:----------:|:--------------:|:---------------------:|:---------------------:|:----------------------------:|
| iv_509-iv_510 | 2132 | 4296 | 32 | 90 |
| iv_497-iv_503 | 2123 | 4192 | 43 | 63 |
| iv_500-iv_511 | 2088 | 4209 | 37 | 80 |
| iv_509-iv_511 | 2085 | 4332 | 37 | 84 |
| iv_510-iv_511 | 2080 | 4368 | 37 | 78 |
| iv_508-iv_511 | 2079 | 4251 | 42 | 80 |
| iv_507-iv_508 | 2076 | 4224 | 44 | 74 |
| iv_508-iv_509 | 2066 | 4309 | 41 | 84 |
| iv_500-iv_510 | 2061 | 4321 | 37 | 76 |
| iv_508-iv_510 | 2060 | 4347 | 35 | 90 |
| iv_503-iv_508 | 2050 | 4256 | 45 | 74 |
| iv_497-iv_507 | 2045 | 4368 | 34 | 79 |
| iv_507-iv_509 | 2040 | 4389 | 38 | 80 |
| iv_500-iv_508 | 2036 | 4252 | 38 | 86 |

### Input Bit Co-occurrences Sorted by Potential Occurrences

| Input Bits | Co-occurrences | Potential Occurrences | Output Co-occurrences | Potential Output Occurrences |
|:----------:|:--------------:|:---------------------:|:---------------------:|:----------------------------:|
| iv_499-iv_508 | 2014 | 4109 | 44 | 75 |
| iv_504-iv_508 | 1996 | 4137 | 44 | 76 |
| iv_501-iv_505 | 1916 | 4176 | 45 | 70 |
| iv_506-iv_507 | 2008 | 4180 | 38 | 82 |
| iv_504-iv_506 | 1884 | 4181 | 39 | 82 |
| iv_499-iv_504 | 1865 | 4188 | 35 | 85 |
| iv_504-iv_505 | 1857 | 4188 | 41 | 75 |
| iv_497-iv_503 | 2123 | 4192 | 43 | 63 |
| iv_499-iv_505 | 1855 | 4200 | 38 | 80 |
| iv_500-iv_511 | 2088 | 4209 | 37 | 80 |
| iv_498-iv_506 | 1892 | 4216 | 42 | 84 |
| iv_499-iv_509 | 2006 | 4218 | 39 | 79 |
| iv_506-iv_509 | 2020 | 4221 | 42 | 78 |
| iv_507-iv_508 | 2076 | 4224 | 44 | 74 |

### Input Bit Output Co-occurrences Sorted by Output Co-occurrences

| Input Bits | Co-occurrences | Potential Occurrences | Output Co-occurrences | Potential Output Occurrences |
|:----------:|:--------------:|:---------------------:|:---------------------:|:----------------------------:|
| iv_501-iv_508 | 1906 | 4423 | 48 | 71 |
| iv_499-iv_506 | 1828 | 4301 | 47 | 65 |
| iv_501-iv_511 | 2034 | 4228 | 46 | 67 |
| iv_498-iv_501 | 1881 | 4305 | 46 | 75 |
| iv_498-iv_507 | 1931 | 4346 | 46 | 70 |
| iv_501-iv_505 | 1916 | 4176 | 45 | 70 |
| iv_503-iv_508 | 2050 | 4256 | 45 | 74 |
| iv_501-iv_504 | 1856 | 4304 | 44 | 71 |
| iv_501-iv_509 | 2006 | 4316 | 44 | 73 |
| iv_504-iv_508 | 1996 | 4137 | 44 | 76 |
| iv_505-iv_508 | 1930 | 4261 | 44 | 77 |
| iv_499-iv_508 | 2014 | 4109 | 44 | 75 |
| iv_507-iv_508 | 2076 | 4224 | 44 | 74 |
| iv_506-iv_508 | 1954 | 4260 | 44 | 80 |

### Input Bit Output Co-occurrences Sorted by Potential Output Occurrences

| Input Bits | Co-occurrences | Potential Occurrences | Output Co-occurrences | Potential Output Occurrences |
|:----------:|:--------------:|:---------------------:|:---------------------:|:----------------------------:|
| iv_497-iv_503 | 2123 | 4192 | 43 | 63 |
| iv_499-iv_506 | 1828 | 4301 | 47 | 65 |
| iv_501-iv_511 | 2034 | 4228 | 46 | 67 |
| iv_497-iv_501 | 2013 | 4291 | 41 | 70 |
| iv_501-iv_505 | 1916 | 4176 | 45 | 70 |
| iv_498-iv_507 | 1931 | 4346 | 46 | 70 |
| iv_501-iv_504 | 1856 | 4304 | 44 | 71 |
| iv_501-iv_508 | 1906 | 4423 | 48 | 71 |
| iv_500-iv_505 | 1933 | 4231 | 42 | 71 |
| iv_497-iv_504 | 1925 | 4361 | 38 | 73 |
| iv_501-iv_509 | 2006 | 4316 | 44 | 73 |
| iv_503-iv_505 | 1936 | 4257 | 42 | 73 |
| iv_499-iv_500 | 1901 | 4311 | 40 | 73 |
| iv_503-iv_508 | 2050 | 4256 | 45 | 74 |

## Output Bits

### Output Bits in Regular Order

| Rank | Output Bit | Complexity |
|:----:|:----------:|:----------:|
| 1 | ov_001 | 6.387240773221789 × 10^301 |
| 2 | ov_002 | 5.557925847113572 × 10^301 |
| 3 | ov_003 | 4.81339574330909 × 10^301 |
| 4 | ov_004 | 4.1472913126062587 × 10^301 |
| 5 | ov_005 | 3.553601541985165 × 10^301 |
| 6 | ov_006 | 3.0266390092573547 × 10^301 |
| 7 | ov_007 | 2.561018535084065 × 10^301 |
| 8 | ov_008 | 2.1516387379667726 × 10^301 |
| 9 | ov_009 | 1.793666213551655 × 10^301 |
| 10 | ov_010 | 1.4825220747562122 × 10^301 |
| 11 | ov_011 | 1.2138706039244568 × 10^301 |
| 12 | ov_012 | 9.836097825364758 × 10^300 |
| 13 | ov_013 | 7.878634780161794 × 10^300 |
| 14 | ov_014 | 6.229750809637742 × 10^300 |
| 15 | ov_015 | 4.855023997423232 × 10^300 |
| 16 | ov_016 | 3.72213632816601 × 10^300 |
| 17 | ov_017 | 2.8008425261437246 × 10^300 |
| 18 | ov_018 | 2.0629464798449946 × 10^300 |
| 19 | ov_019 | 1.4822838558515464 × 10^300 |
| 20 | ov_020 | 1.0347096376510852 × 10^300 |
| 21 | ov_021 | 6.98089457126795 × 10^299 |
| 22 | ov_022 | 4.522937184777504 × 10^299 |
| 23 | ov_023 | 2.7919368405067014 × 10^299 |
| 24 | ov_024 | 1.6265892857288256 × 10^299 |
| 25 | ov_025 | 8.855578054077338 × 10^298 |
| 26 | ov_026 | 4.474646788311837 × 10^298 |
| 27 | ov_027 | 2.1088715685414494 × 10^298 |
| 28 | ov_028 | 9.435587442310858 × 10^297 |
| 29 | ov_029 | 3.6354339167817036 × 10^297 |
| 30 | ov_030 | 1.1112496498279852 × 10^297 |
| 31 | ov_031 | 2.1671192592732447 × 10^296 |
| 32 | lv_80_m31 | 4.225354763860973 × 10^295 |
| 33 | ov_033 | 5.0878937554448835 × 10^296 |
| 34 | ov_034 | 4.41835943256728 × 10^296 |
| 35 | ov_035 | 3.818159333909567 × 10^296 |
| 36 | ov_036 | 3.282049288008738 × 10^296 |
| 37 | ov_037 | 2.805071934365183 × 10^296 |
| 38 | ov_038 | 2.3825364579563266 × 10^296 |
| 39 | ov_039 | 2.0100009721465534 × 10^296 |
| 40 | ov_040 | 1.683257305938587 × 10^296 |
| 41 | ov_041 | 1.398317964279617 × 10^296 |
| 42 | ov_042 | 1.1514050426069535 × 10^296 |
| 43 | ov_043 | 9.389408890284192 × 10^295 |
| 44 | ov_044 | 7.575403195150579 × 10^295 |
| 45 | ov_045 | 6.040042032688483 × 10^295 |
| 46 | ov_046 | 4.753142470450897 × 10^295 |
| 47 | ov_047 | 3.6862881868481074 × 10^295 |
| 48 | ov_048 | 2.8127966146943927 × 10^295 |
| 49 | ov_049 | 2.1076936216839906 × 10^295 |
| 50 | ov_050 | 1.547694468303916 × 10^295 |
| 51 | ov_051 | 1.1111898948872475 × 10^295 |
| 52 | ov_052 | 7.78236300250259 × 10^294 |
| 53 | ov_053 | 5.305490847663754 × 10^294 |
| 54 | ov_054 | 3.514983409129819 × 10^294 |
| 55 | ov_055 | 2.261061843647943 × 10^294 |
| 56 | ov_056 | 1.410451522330463 × 10^294 |
| 57 | ov_057 | 8.463726880977768 × 10^293 |
| 58 | ov_058 | 4.68535323139684 × 10^293 |
| 59 | ov_059 | 2.3091641599240365 × 10^293 |
| 60 | ov_060 | 9.573616057003888 × 10^292 |
| 61 | ov_061 | 3.3457673029480864 × 10^292 |
| 62 | ov_062 | 9.18271000736977 × 10^291 |
| 63 | ov_063 | 1.7907419726789592 × 10^291 |
| 64 | lv_79_m31 | 3.4914148783335165 × 10^290 |
| 65 | ov_065 | 4.193229126297214 × 10^291 |
| 66 | ov_066 | 4.19321943058487 × 10^291 |
| 67 | ov_067 | 4.193217153014004 × 10^291 |
| 68 | ov_068 | 3.640207264521684 × 10^291 |
| 69 | ov_069 | 3.1442927559334025 × 10^291 |
| 70 | ov_070 | 2.7012558540344762 × 10^291 |
| 71 | ov_071 | 2.3070796921140972 × 10^291 |
| 72 | ov_072 | 1.9579382041309547 × 10^291 |
| 73 | ov_073 | 1.650188151652454 × 10^291 |
| 74 | ov_074 | 1.3803626352633098 × 10^291 |
| 75 | ov_075 | 1.1451655432545168 × 10^291 |
| 76 | ov_076 | 9.414666194503762 × 10^290 |
| 77 | ov_077 | 7.66297048525628 × 10^290 |
| 78 | ov_078 | 6.1684552841026754 × 10^290 |
| 79 | ov_079 | 4.904547999679201 × 10^290 |
| 80 | ov_080 | 3.846186045906621 × 10^290 |
| 81 | ov_081 | 2.969790407003715 × 10^290 |
| 82 | ov_082 | 2.253242904037176 × 10^290 |
| 83 | ov_083 | 1.675866877324987 × 10^290 |
| 84 | ov_084 | 1.2184110002914238 × 10^290 |
| 85 | ov_085 | 8.630359412283685 × 10^289 |
| 86 | ov_086 | 5.933035899707637 × 10^289 |
| 87 | ov_087 | 3.941685668412912 × 10^289 |
| 88 | ov_088 | 2.519717314311561 × 10^289 |
| 89 | ov_089 | 1.5443540890660554 × 10^289 |
| 90 | ov_090 | 9.066005159604273 × 10^288 |
| 91 | ov_091 | 5.112205364388681 × 10^288 |
| 92 | ov_092 | 2.76724388893473 × 10^288 |
| 93 | ov_093 | 1.3536156047528021 × 10^288 |
| 94 | ov_094 | 5.669102600061128 × 10^287 |
| 95 | aaa_78_28 | 1.7139273129672107 × 10^287 |
| 96 | aaa_78_29 | 5.092370077629153 × 10^286 |
| 97 | ov_097 | 2.8648569611580295 × 10^286 |
| 98 | ov_098 | 2.8648101005437307 × 10^286 |
| 99 | ov_099 | 2.8647951190261547 × 10^286 |
| 100 | ov_100 | 2.3383868197020775 × 10^286 |
| 101 | ov_101 | 1.9033792671930655 × 10^286 |
| 102 | ov_102 | 1.5481940525896416 × 10^286 |
| 103 | ov_103 | 1.261894078572011 × 10^286 |
| 104 | ov_104 | 1.0341369918062539 × 10^286 |
| 105 | ov_105 | 8.551345200962088 × 10^285 |
| 106 | ov_106 | 7.15617185340998 × 10^285 |
| 107 | ov_107 | 6.068038912059691 × 10^285 |
| 108 | ov_108 | 5.2037591120000157 × 10^285 |
| 109 | ov_109 | 4.4845482875893025 × 10^285 |
| 110 | ov_110 | 3.8358400613231265 × 10^285 |
| 111 | ov_111 | 3.253697103964643 × 10^285 |
| 112 | ov_112 | 2.734284482784065 × 10^285 |
| 113 | ov_113 | 2.2738488767600513 × 10^285 |
| 114 | ov_114 | 1.86870082611147 × 10^285 |
| 115 | ov_115 | 1.515199782849477 × 10^285 |
| 116 | ov_116 | 1.2097417297947802 × 10^285 |
| 117 | ov_117 | 9.487491359569408 × 10^284 |
| 118 | ov_118 | 7.286630164241661 × 10^284 |
| 119 | ov_119 | 5.459368650452683 × 10^284 |
| 120 | ov_120 | 3.970322282563368 × 10^284 |
| 121 | ov_121 | 2.784156884437038 × 10^284 |
| 122 | ov_122 | 1.865569214348974 × 10^284 |
| 123 | ov_123 | 1.1792741784476223 × 10^284 |
| 124 | ov_124 | 6.899961972142366 × 10^283 |
| 125 | ov_125 | 3.624638508830683 × 10^283 |
| 126 | ov_126 | 1.6140714468299926 × 10^283 |
| 127 | aaa_77_28 | 5.155645762987401 × 10^282 |
| 128 | aaa_77_29 | 1.933544763285894 × 10^282 |
| 129 | ov_129 | 1.8055876656266572 × 10^282 |
| 130 | ov_130 | 1.8055825960451713 × 10^282 |
| 131 | ov_131 | 1.80558136867004 × 10^282 |
| 132 | ov_132 | 1.5698057727979575 × 10^282 |
| 133 | ov_133 | 1.3575011655051354 × 10^282 |
| 134 | ov_134 | 1.1677264142130442 × 10^282 |
| 135 | ov_135 | 9.9875062277088 × 10^281 |
| 136 | ov_136 | 8.489354470031953 × 10^281 |
| 137 | ov_137 | 7.167289392200145 × 10^281 |
| 138 | ov_138 | 6.006602463855738 × 10^281 |
| 139 | ov_139 | 4.993350796516334 × 10^281 |
| 140 | ov_140 | 4.114318773241031 × 10^281 |
| 141 | ov_141 | 3.3569858757762245 × 10^281 |
| 142 | ov_142 | 2.709500013875486 × 10^281 |
| 143 | ov_143 | 2.1606557023438222 × 10^281 |
| 144 | ov_144 | 1.699876471701282 × 10^281 |
| 145 | ov_145 | 1.3172009383417885 × 10^281 |
| 146 | ov_146 | 1.0032719997961225 × 10^281 |
| 147 | ov_147 | 7.493286602806769 × 10^280 |
| 148 | ov_148 | 5.472000311880508 × 10^280 |
| 149 | ov_149 | 3.893010905918995 × 10^280 |
| 150 | ov_150 | 2.686298252202581 × 10^280 |
| 151 | ov_151 | 1.787654177116518 × 10^280 |
| 152 | ov_152 | 1.138671813143332 × 10^280 |
| 153 | ov_153 | 6.867398352605844 × 10^279 |
| 154 | ov_154 | 3.850394828556967 × 10^279 |
| 155 | ov_155 | 1.9254295225036417 × 10^279 |
| 156 | aaa_76_25 | 7.401252157520458 × 10^278 |
| 157 | aaa_76_26 | 4.277133946356529 × 10^278 |
| 158 | aaa_76_27 | 2.191225137759024 × 10^278 |
| 159 | aaa_76_28 | 8.540638677851854 × 10^277 |
| 160 | aaa_76_29 | 2.6001958001570006 × 10^277 |

### Output Bits Sorted by Complexity

| Rank | Output Bit | Complexity |
|:----:|:----------:|:----------:|
| 160 | aaa_76_29 | 2.6001958001570006 × 10^277 |
| 159 | aaa_76_28 | 8.540638677851854 × 10^277 |
| 158 | aaa_76_27 | 2.191225137759024 × 10^278 |
| 157 | aaa_76_26 | 4.277133946356529 × 10^278 |
| 156 | aaa_76_25 | 7.401252157520458 × 10^278 |
| 155 | ov_155 | 1.9254295225036417 × 10^279 |
| 154 | ov_154 | 3.850394828556967 × 10^279 |
| 153 | ov_153 | 6.867398352605844 × 10^279 |
| 152 | ov_152 | 1.138671813143332 × 10^280 |
| 151 | ov_151 | 1.787654177116518 × 10^280 |
| 150 | ov_150 | 2.686298252202581 × 10^280 |
| 149 | ov_149 | 3.893010905918995 × 10^280 |
| 148 | ov_148 | 5.472000311880508 × 10^280 |
| 147 | ov_147 | 7.493286602806769 × 10^280 |
| 146 | ov_146 | 1.0032719997961225 × 10^281 |
| 145 | ov_145 | 1.3172009383417885 × 10^281 |
| 144 | ov_144 | 1.699876471701282 × 10^281 |
| 143 | ov_143 | 2.1606557023438222 × 10^281 |
| 142 | ov_142 | 2.709500013875486 × 10^281 |
| 141 | ov_141 | 3.3569858757762245 × 10^281 |
| 140 | ov_140 | 4.114318773241031 × 10^281 |
| 139 | ov_139 | 4.993350796516334 × 10^281 |
| 138 | ov_138 | 6.006602463855738 × 10^281 |
| 137 | ov_137 | 7.167289392200145 × 10^281 |
| 136 | ov_136 | 8.489354470031953 × 10^281 |
| 135 | ov_135 | 9.9875062277088 × 10^281 |
| 134 | ov_134 | 1.1677264142130442 × 10^282 |
| 133 | ov_133 | 1.3575011655051354 × 10^282 |
| 132 | ov_132 | 1.5698057727979575 × 10^282 |
| 131 | ov_131 | 1.80558136867004 × 10^282 |
| 130 | ov_130 | 1.8055825960451713 × 10^282 |
| 129 | ov_129 | 1.8055876656266572 × 10^282 |
| 128 | aaa_77_29 | 1.933544763285894 × 10^282 |
| 127 | aaa_77_28 | 5.155645762987401 × 10^282 |
| 126 | ov_126 | 1.6140714468299926 × 10^283 |
| 125 | ov_125 | 3.624638508830683 × 10^283 |
| 124 | ov_124 | 6.899961972142366 × 10^283 |
| 123 | ov_123 | 1.1792741784476223 × 10^284 |
| 122 | ov_122 | 1.865569214348974 × 10^284 |
| 121 | ov_121 | 2.784156884437038 × 10^284 |
| 120 | ov_120 | 3.970322282563368 × 10^284 |
| 119 | ov_119 | 5.459368650452683 × 10^284 |
| 118 | ov_118 | 7.286630164241661 × 10^284 |
| 117 | ov_117 | 9.487491359569408 × 10^284 |
| 116 | ov_116 | 1.2097417297947802 × 10^285 |
| 115 | ov_115 | 1.515199782849477 × 10^285 |
| 114 | ov_114 | 1.86870082611147 × 10^285 |
| 113 | ov_113 | 2.2738488767600513 × 10^285 |
| 112 | ov_112 | 2.734284482784065 × 10^285 |
| 111 | ov_111 | 3.253697103964643 × 10^285 |
| 110 | ov_110 | 3.8358400613231265 × 10^285 |
| 109 | ov_109 | 4.4845482875893025 × 10^285 |
| 108 | ov_108 | 5.2037591120000157 × 10^285 |
| 107 | ov_107 | 6.068038912059691 × 10^285 |
| 106 | ov_106 | 7.15617185340998 × 10^285 |
| 105 | ov_105 | 8.551345200962088 × 10^285 |
| 104 | ov_104 | 1.0341369918062539 × 10^286 |
| 103 | ov_103 | 1.261894078572011 × 10^286 |
| 102 | ov_102 | 1.5481940525896416 × 10^286 |
| 101 | ov_101 | 1.9033792671930655 × 10^286 |
| 100 | ov_100 | 2.3383868197020775 × 10^286 |
| 99 | ov_099 | 2.8647951190261547 × 10^286 |
| 98 | ov_098 | 2.8648101005437307 × 10^286 |
| 97 | ov_097 | 2.8648569611580295 × 10^286 |
| 96 | aaa_78_29 | 5.092370077629153 × 10^286 |
| 95 | aaa_78_28 | 1.7139273129672107 × 10^287 |
| 94 | ov_094 | 5.669102600061128 × 10^287 |
| 93 | ov_093 | 1.3536156047528021 × 10^288 |
| 92 | ov_092 | 2.76724388893473 × 10^288 |
| 91 | ov_091 | 5.112205364388681 × 10^288 |
| 90 | ov_090 | 9.066005159604273 × 10^288 |
| 89 | ov_089 | 1.5443540890660554 × 10^289 |
| 88 | ov_088 | 2.519717314311561 × 10^289 |
| 87 | ov_087 | 3.941685668412912 × 10^289 |
| 86 | ov_086 | 5.933035899707637 × 10^289 |
| 85 | ov_085 | 8.630359412283685 × 10^289 |
| 84 | ov_084 | 1.2184110002914238 × 10^290 |
| 83 | ov_083 | 1.675866877324987 × 10^290 |
| 82 | ov_082 | 2.253242904037176 × 10^290 |
| 81 | ov_081 | 2.969790407003715 × 10^290 |
| 64 | lv_79_m31 | 3.4914148783335165 × 10^290 |
| 80 | ov_080 | 3.846186045906621 × 10^290 |
| 79 | ov_079 | 4.904547999679201 × 10^290 |
| 78 | ov_078 | 6.1684552841026754 × 10^290 |
| 77 | ov_077 | 7.66297048525628 × 10^290 |
| 76 | ov_076 | 9.414666194503762 × 10^290 |
| 75 | ov_075 | 1.1451655432545168 × 10^291 |
| 74 | ov_074 | 1.3803626352633098 × 10^291 |
| 73 | ov_073 | 1.650188151652454 × 10^291 |
| 63 | ov_063 | 1.7907419726789592 × 10^291 |
| 72 | ov_072 | 1.9579382041309547 × 10^291 |
| 71 | ov_071 | 2.3070796921140972 × 10^291 |
| 70 | ov_070 | 2.7012558540344762 × 10^291 |
| 69 | ov_069 | 3.1442927559334025 × 10^291 |
| 68 | ov_068 | 3.640207264521684 × 10^291 |
| 67 | ov_067 | 4.193217153014004 × 10^291 |
| 66 | ov_066 | 4.19321943058487 × 10^291 |
| 65 | ov_065 | 4.193229126297214 × 10^291 |
| 62 | ov_062 | 9.18271000736977 × 10^291 |
| 61 | ov_061 | 3.3457673029480864 × 10^292 |
| 60 | ov_060 | 9.573616057003888 × 10^292 |
| 59 | ov_059 | 2.3091641599240365 × 10^293 |
| 58 | ov_058 | 4.68535323139684 × 10^293 |
| 57 | ov_057 | 8.463726880977768 × 10^293 |
| 56 | ov_056 | 1.410451522330463 × 10^294 |
| 55 | ov_055 | 2.261061843647943 × 10^294 |
| 54 | ov_054 | 3.514983409129819 × 10^294 |
| 53 | ov_053 | 5.305490847663754 × 10^294 |
| 52 | ov_052 | 7.78236300250259 × 10^294 |
| 51 | ov_051 | 1.1111898948872475 × 10^295 |
| 50 | ov_050 | 1.547694468303916 × 10^295 |
| 49 | ov_049 | 2.1076936216839906 × 10^295 |
| 48 | ov_048 | 2.8127966146943927 × 10^295 |
| 47 | ov_047 | 3.6862881868481074 × 10^295 |
| 32 | lv_80_m31 | 4.225354763860973 × 10^295 |
| 46 | ov_046 | 4.753142470450897 × 10^295 |
| 45 | ov_045 | 6.040042032688483 × 10^295 |
| 44 | ov_044 | 7.575403195150579 × 10^295 |
| 43 | ov_043 | 9.389408890284192 × 10^295 |
| 42 | ov_042 | 1.1514050426069535 × 10^296 |
| 41 | ov_041 | 1.398317964279617 × 10^296 |
| 40 | ov_040 | 1.683257305938587 × 10^296 |
| 39 | ov_039 | 2.0100009721465534 × 10^296 |
| 31 | ov_031 | 2.1671192592732447 × 10^296 |
| 38 | ov_038 | 2.3825364579563266 × 10^296 |
| 37 | ov_037 | 2.805071934365183 × 10^296 |
| 36 | ov_036 | 3.282049288008738 × 10^296 |
| 35 | ov_035 | 3.818159333909567 × 10^296 |
| 34 | ov_034 | 4.41835943256728 × 10^296 |
| 33 | ov_033 | 5.0878937554448835 × 10^296 |
| 30 | ov_030 | 1.1112496498279852 × 10^297 |
| 29 | ov_029 | 3.6354339167817036 × 10^297 |
| 28 | ov_028 | 9.435587442310858 × 10^297 |
| 27 | ov_027 | 2.1088715685414494 × 10^298 |
| 26 | ov_026 | 4.474646788311837 × 10^298 |
| 25 | ov_025 | 8.855578054077338 × 10^298 |
| 24 | ov_024 | 1.6265892857288256 × 10^299 |
| 23 | ov_023 | 2.7919368405067014 × 10^299 |
| 22 | ov_022 | 4.522937184777504 × 10^299 |
| 21 | ov_021 | 6.98089457126795 × 10^299 |
| 20 | ov_020 | 1.0347096376510852 × 10^300 |
| 19 | ov_019 | 1.4822838558515464 × 10^300 |
| 18 | ov_018 | 2.0629464798449946 × 10^300 |
| 17 | ov_017 | 2.8008425261437246 × 10^300 |
| 16 | ov_016 | 3.72213632816601 × 10^300 |
| 15 | ov_015 | 4.855023997423232 × 10^300 |
| 14 | ov_014 | 6.229750809637742 × 10^300 |
| 13 | ov_013 | 7.878634780161794 × 10^300 |
| 12 | ov_012 | 9.836097825364758 × 10^300 |
| 11 | ov_011 | 1.2138706039244568 × 10^301 |
| 10 | ov_010 | 1.4825220747562122 × 10^301 |
| 9 | ov_009 | 1.793666213551655 × 10^301 |
| 8 | ov_008 | 2.1516387379667726 × 10^301 |
| 7 | ov_007 | 2.561018535084065 × 10^301 |
| 6 | ov_006 | 3.0266390092573547 × 10^301 |
| 5 | ov_005 | 3.553601541985165 × 10^301 |
| 4 | ov_004 | 4.1472913126062587 × 10^301 |
| 3 | ov_003 | 4.81339574330909 × 10^301 |
| 2 | ov_002 | 5.557925847113572 × 10^301 |
| 1 | ov_001 | 6.387240773221789 × 10^301 |

