# Results for F001-F002-F003-F004-F005-F006-F007-F008-F009-F010-F011-F012-F013-F014-F015-F016-F017-F018-F019-F020-F021-F022-F023-F024-F025-F026-F027-F028-F029-F030-F031-F032-F033-F034-F035-F036-F037-F038-F039-F040-F041-F042-F043-F044-F045-F046-F047-F048-F049-F050-F051-F052-F053-F054-F055-F056-F057-F058-F059-F060-F061-F062-F063-F064-F065-F066-F067-F068-F069-F070-F071-F072-F073-F074-F075-F076-F077-F078-F079-F080-F081-F082-F083-F084-F085-F086-F087-F088-F089-F090-F091-F092-F093-F094-F095-F096-F097-F098-F099-F100-F101-F102-F103-F104-F105-F106-F107-F108-F109-F110-F111-F112-F113-F114-F115-F116-F117-F118-F119-F120-F121-F122-F123-F124-F125-F126-F127-F128-F129-F130-F131-F132-F133-F134-F135-F136-F137-F138-F139-F140-F141-F142-F143-F144-F145-F146-F147-F148-F149-F150-F151-F152-F153-F154-F155-F156-F157-F158-F159-F160-F161-F162-F163-F164-F165-F166-F167-F168-F169-F170-F171-F172-F173-F174-F175-F176-F177-F178-F179-F180-F181-F182-F183-F184-F185-F186-F187-F188-F189-F190-F191-F192-F193-F194-F195-F196-F197-F198-F199-F200-F201-F202-F203-F204-F205-F206-F207-F208-F209-F210-F211-F212-F213-F214-F215-F216-F217-F218-F219-F220-F221-F222-F223-F224-F225-F226-F227-F228-F229-F230-F231-F232-F233-F234-F235-F236-F237-F238-F239-F240-F241-F242-F243-F244-F245-F246-F247-F248-F249-F250-F251-F252-F253-F254-F255-F256-F257-F258-F259-F260-F261-F262-F263-F264-F265-F266-F267-F268-F269-F270-F271-F272-F273-F274-F275-F276-F277-F278-F279-F280-F281-F282-F283-F284-F285-F286-F287-F288-F289-F290-F291-F292-F293-F294-F295-F296-F297-F298-F299-F300-F301-F302-F303-F304-F305-F306-F307-F308-F309-F310-F311-F312-F313-F314-F315-F316-F317-F318-F319-F320-F321-F322-F323-F324-F325-F326-F327-F328-F329-F330-F331-F332-F333-F334-F335-F336-F337-F338-F339-F340-F341-F342-F343-F344-F345-F346-F347-F348-F349-F350-F351-F352-F353-F354-F355-F356-F357-F358-F359-F360-F361-F362-F363-F364-F365-F366-F367-F368-F369-F370-F371-F372-F373-F374-F375-F376-F377-F378-F379-F380-F381-F382-F383-F384-F385-F386-F387-F388-F389-F390-F391-F392-F393-F394-F395-F396-F397-F398-F399-F400-F401-F402-F403-F404-F405-F406-F407-F408-F409-F410-F411-F412-F413-F414-F415-F416-F417-F418-F419-F420-F421-F422-F423-F424-F425-F426-F427-F428-F429-F430-F431-F432-F433-F434-F435-F436-F437-F438-F439-F440-F441-F442-F443-F444-F445-F446-F447-F448-F449-F450-F451-F452-F453-F454-F455-F456-F457-F458-F459-F460-F461-F462-F463-F464-F465-F466-F467-F468-F469-F470-F471-F472-F473-F474-F475-F476-F477-F478-F479-F480-F481-F482-F483-F484-F485-F486-F487-F488-F489-F490-F491-F492-F493-F494-F495-F496-F497-E511512

## Summary

Number of input bits: 512  
Number of free input bits: 14  
Number of output bits: 160

Number of direct occurrences: 57107  
Number of assignments: 31976  
Number of operations: 11337473
(xor: 11308710,
and: 15125,
or: 13638)

Total complexity: 3.4212963062278678 × 10^302

Least occurring input variable: iv_502 (3906)  
Most occurring input variable: iv_511 (4525)

Most co-occurring input variables: iv_510-iv_511 (2133)  
Least co-occurring input variables: iv_498-iv_502 (1771)

Potentially most occurring input variable: iv_502/iv_511 (4629)  
Potentially least occurring input variable: iv_499/iv_508 (4130)

Least output occurring input variable: iv_508 (70)  
Most output occurring input variable: iv_498 (88)

Most output co-occurring input variables: iv_498-iv_511 (53)  
Least output co-occurring input variables: iv_502-iv_508 (30)

Potentially most output occurring input variable: iv_504/iv_510 (93)  
Potentially least output occurring input variable: iv_507/iv_509 (66)

Least complex input bit: iv_498 (3.4119063029994905 × 10^299)  
Most complex input bit: iv_510 (9.253699212294929 × 10^301)

Least complex output bit: aaa_76_29 (5.907426416151386 × 10^277)  
Most complex output bit: ov_001 (5.360400170365208 × 10^301)

Least complex input/output complexity: iv_498/aaa_76_29 (5.891213043162288 × 10^274)  
Most complex input/output complexity: iv_510/ov_001 (1.4498460932424805 × 10^301)

## Input Bits

### Input Bits in Regular Order

| Input Bit | Complexity | Occurrences | Output Occurrences |
|:---------:|:----------:|:-----------:|:------------------:|
| iv_498 | 3.4119063029994905 × 10^299 | 3981 | 88 |
| iv_499 | 7.052099885642295 × 10^299 | 4150 | 81 |
| iv_500 | 1.3185443474800576 × 10^300 | 4141 | 76 |
| iv_501 | 2.423226681650797 × 10^300 | 4076 | 79 |
| iv_502 | 4.128740856451083 × 10^300 | 3906 | 82 |
| iv_503 | 6.725623977264591 × 10^300 | 4048 | 74 |
| iv_504 | 1.0594141175902197 × 10^301 | 3955 | 78 |
| iv_505 | 1.624417616667494 × 10^301 | 3942 | 79 |
| iv_506 | 2.4338314878426108 × 10^301 | 3976 | 82 |
| iv_507 | 3.5752284900854485 × 10^301 | 4201 | 76 |
| iv_508 | 5.073562155882107 × 10^301 | 4022 | 70 |
| iv_509 | 6.957905183029 × 10^301 | 4026 | 78 |
| iv_510 | 9.253699212294929 × 10^301 | 4158 | 79 |
| iv_511 | 2.6706511507158475 × 10^301 | 4525 | 86 |

### Input Bits Sorted by Complexity

| Input Bit | Complexity | Occurrences | Output Occurrences |
|:---------:|:----------:|:-----------:|:------------------:|
| iv_498 | 3.4119063029994905 × 10^299 | 3981 | 88 |
| iv_499 | 7.052099885642295 × 10^299 | 4150 | 81 |
| iv_500 | 1.3185443474800576 × 10^300 | 4141 | 76 |
| iv_501 | 2.423226681650797 × 10^300 | 4076 | 79 |
| iv_502 | 4.128740856451083 × 10^300 | 3906 | 82 |
| iv_503 | 6.725623977264591 × 10^300 | 4048 | 74 |
| iv_504 | 1.0594141175902197 × 10^301 | 3955 | 78 |
| iv_505 | 1.624417616667494 × 10^301 | 3942 | 79 |
| iv_506 | 2.4338314878426108 × 10^301 | 3976 | 82 |
| iv_511 | 2.6706511507158475 × 10^301 | 4525 | 86 |
| iv_507 | 3.5752284900854485 × 10^301 | 4201 | 76 |
| iv_508 | 5.073562155882107 × 10^301 | 4022 | 70 |
| iv_509 | 6.957905183029 × 10^301 | 4026 | 78 |
| iv_510 | 9.253699212294929 × 10^301 | 4158 | 79 |

### Input Bits Sorted by Occurrences

| Input Bit | Complexity | Occurrences | Output Occurrences |
|:---------:|:----------:|:-----------:|:------------------:|
| iv_502 | 4.128740856451083 × 10^300 | 3906 | 82 |
| iv_505 | 1.624417616667494 × 10^301 | 3942 | 79 |
| iv_504 | 1.0594141175902197 × 10^301 | 3955 | 78 |
| iv_506 | 2.4338314878426108 × 10^301 | 3976 | 82 |
| iv_498 | 3.4119063029994905 × 10^299 | 3981 | 88 |
| iv_508 | 5.073562155882107 × 10^301 | 4022 | 70 |
| iv_509 | 6.957905183029 × 10^301 | 4026 | 78 |
| iv_503 | 6.725623977264591 × 10^300 | 4048 | 74 |
| iv_501 | 2.423226681650797 × 10^300 | 4076 | 79 |
| iv_500 | 1.3185443474800576 × 10^300 | 4141 | 76 |
| iv_499 | 7.052099885642295 × 10^299 | 4150 | 81 |
| iv_510 | 9.253699212294929 × 10^301 | 4158 | 79 |
| iv_507 | 3.5752284900854485 × 10^301 | 4201 | 76 |
| iv_511 | 2.6706511507158475 × 10^301 | 4525 | 86 |

### Input Bits Sorted by Output Occurrences

| Input Bit | Complexity | Occurrences | Output Occurrences |
|:---------:|:----------:|:-----------:|:------------------:|
| iv_508 | 5.073562155882107 × 10^301 | 4022 | 70 |
| iv_503 | 6.725623977264591 × 10^300 | 4048 | 74 |
| iv_500 | 1.3185443474800576 × 10^300 | 4141 | 76 |
| iv_507 | 3.5752284900854485 × 10^301 | 4201 | 76 |
| iv_504 | 1.0594141175902197 × 10^301 | 3955 | 78 |
| iv_509 | 6.957905183029 × 10^301 | 4026 | 78 |
| iv_501 | 2.423226681650797 × 10^300 | 4076 | 79 |
| iv_505 | 1.624417616667494 × 10^301 | 3942 | 79 |
| iv_510 | 9.253699212294929 × 10^301 | 4158 | 79 |
| iv_499 | 7.052099885642295 × 10^299 | 4150 | 81 |
| iv_502 | 4.128740856451083 × 10^300 | 3906 | 82 |
| iv_506 | 2.4338314878426108 × 10^301 | 3976 | 82 |
| iv_511 | 2.6706511507158475 × 10^301 | 4525 | 86 |
| iv_498 | 3.4119063029994905 × 10^299 | 3981 | 88 |

## Input Bit Co-occurrences

### Input Bit Co-occurrences Sorted by Co-occurrences

| Input Bits | Co-occurrences | Potential Occurrences | Output Co-occurrences | Potential Output Occurrences |
|:----------:|:--------------:|:---------------------:|:---------------------:|:----------------------------:|
| iv_510-iv_511 | 2133 | 4417 | 47 | 71 |
| iv_499-iv_511 | 2109 | 4457 | 41 | 85 |
| iv_507-iv_511 | 2094 | 4538 | 43 | 76 |
| iv_500-iv_511 | 2080 | 4506 | 41 | 80 |
| iv_506-iv_511 | 2052 | 4397 | 42 | 84 |
| iv_509-iv_511 | 2051 | 4449 | 45 | 74 |
| iv_507-iv_510 | 2049 | 4261 | 41 | 73 |
| iv_499-iv_510 | 2041 | 4226 | 43 | 74 |
| iv_498-iv_511 | 2039 | 4428 | 53 | 68 |
| iv_501-iv_510 | 2025 | 4184 | 42 | 74 |
| iv_499-iv_508 | 2021 | 4130 | 38 | 75 |
| iv_500-iv_510 | 2020 | 4259 | 39 | 77 |
| iv_501-iv_511 | 2016 | 4569 | 43 | 79 |
| iv_503-iv_507 | 2014 | 4221 | 31 | 88 |

### Input Bit Co-occurrences Sorted by Potential Occurrences

| Input Bits | Co-occurrences | Potential Occurrences | Output Co-occurrences | Potential Output Occurrences |
|:----------:|:--------------:|:---------------------:|:---------------------:|:----------------------------:|
| iv_499-iv_508 | 2021 | 4130 | 38 | 75 |
| iv_506-iv_509 | 1919 | 4164 | 43 | 74 |
| iv_504-iv_506 | 1883 | 4165 | 42 | 76 |
| iv_500-iv_503 | 2009 | 4171 | 38 | 74 |
| iv_506-iv_507 | 2002 | 4173 | 39 | 80 |
| iv_502-iv_505 | 1835 | 4178 | 36 | 89 |
| iv_506-iv_508 | 1909 | 4180 | 37 | 78 |
| iv_501-iv_505 | 1918 | 4182 | 36 | 86 |
| iv_501-iv_510 | 2025 | 4184 | 42 | 74 |
| iv_503-iv_506 | 1920 | 4184 | 38 | 80 |
| iv_504-iv_505 | 1856 | 4185 | 41 | 75 |
| iv_508-iv_509 | 1931 | 4186 | 35 | 78 |
| iv_501-iv_508 | 1956 | 4186 | 34 | 81 |
| iv_498-iv_501 | 1931 | 4195 | 40 | 87 |

### Input Bit Output Co-occurrences Sorted by Output Co-occurrences

| Input Bits | Co-occurrences | Potential Occurrences | Output Co-occurrences | Potential Output Occurrences |
|:----------:|:--------------:|:---------------------:|:---------------------:|:----------------------------:|
| iv_498-iv_511 | 2039 | 4428 | 53 | 68 |
| iv_498-iv_510 | 1950 | 4239 | 48 | 71 |
| iv_510-iv_511 | 2133 | 4417 | 47 | 71 |
| iv_498-iv_502 | 1771 | 4345 | 46 | 78 |
| iv_498-iv_504 | 1853 | 4230 | 46 | 74 |
| iv_499-iv_507 | 1938 | 4475 | 45 | 67 |
| iv_509-iv_511 | 2051 | 4449 | 45 | 74 |
| iv_502-iv_506 | 1822 | 4238 | 44 | 76 |
| iv_503-iv_511 | 2012 | 4549 | 44 | 72 |
| iv_506-iv_510 | 1956 | 4222 | 44 | 73 |
| iv_507-iv_509 | 1978 | 4271 | 44 | 66 |
| iv_498-iv_503 | 1899 | 4231 | 43 | 76 |
| iv_498-iv_507 | 1910 | 4362 | 43 | 78 |
| iv_499-iv_510 | 2041 | 4226 | 43 | 74 |

### Input Bit Output Co-occurrences Sorted by Potential Output Occurrences

| Input Bits | Co-occurrences | Potential Occurrences | Output Co-occurrences | Potential Output Occurrences |
|:----------:|:--------------:|:---------------------:|:---------------------:|:----------------------------:|
| iv_507-iv_509 | 1978 | 4271 | 44 | 66 |
| iv_499-iv_507 | 1938 | 4475 | 45 | 67 |
| iv_498-iv_511 | 2039 | 4428 | 53 | 68 |
| iv_503-iv_504 | 1867 | 4269 | 41 | 70 |
| iv_498-iv_510 | 1950 | 4239 | 48 | 71 |
| iv_510-iv_511 | 2133 | 4417 | 47 | 71 |
| iv_500-iv_505 | 1935 | 4213 | 42 | 71 |
| iv_503-iv_511 | 2012 | 4549 | 44 | 72 |
| iv_503-iv_505 | 1883 | 4224 | 40 | 73 |
| iv_500-iv_501 | 1971 | 4275 | 41 | 73 |
| iv_506-iv_510 | 1956 | 4222 | 44 | 73 |
| iv_507-iv_510 | 2049 | 4261 | 41 | 73 |
| iv_504-iv_508 | 1876 | 4225 | 37 | 74 |
| iv_498-iv_504 | 1853 | 4230 | 46 | 74 |

## Output Bits

### Output Bits in Regular Order

| Rank | Output Bit | Complexity |
|:----:|:----------:|:----------:|
| 1 | ov_001 | 5.360400170365208 × 10^301 |
| 2 | ov_002 | 4.662849070577635 × 10^301 |
| 3 | ov_003 | 4.0367657335550934 × 10^301 |
| 4 | ov_004 | 3.4767792163579267 × 10^301 |
| 5 | ov_005 | 2.9778132368180254 × 10^301 |
| 6 | ov_006 | 2.535065394718595 × 10^301 |
| 7 | ov_007 | 2.143989083073242 × 10^301 |
| 8 | ov_008 | 1.8002778432778737 × 10^301 |
| 9 | ov_009 | 1.4998519310589683 × 10^301 |
| 10 | ov_010 | 1.238846872819952 × 10^301 |
| 11 | ov_011 | 1.01360380427862 × 10^301 |
| 12 | ov_012 | 8.206613952665568 × 10^300 |
| 13 | ov_013 | 6.567491762901232 × 10^300 |
| 14 | ov_014 | 5.187820939860534 × 10^300 |
| 15 | ov_015 | 4.0385613398867275 × 10^300 |
| 16 | ov_016 | 3.092448609979568 × 10^300 |
| 17 | ov_017 | 2.3239673702857217 × 10^300 |
| 18 | ov_018 | 1.7093308995376068 × 10^300 |
| 19 | ov_019 | 1.2264661555271977 × 10^300 |
| 20 | ov_020 | 8.550030733941377 × 10^299 |
| 21 | ov_021 | 5.762671950398818 × 10^299 |
| 22 | ov_022 | 3.7327479341584363 × 10^299 |
| 23 | ov_023 | 2.307297658154143 × 10^299 |
| 24 | ov_024 | 1.3502170533004237 × 10^299 |
| 25 | ov_025 | 7.42247371048373 × 10^298 |
| 26 | ov_026 | 3.809686281157988 × 10^298 |
| 27 | ov_027 | 1.8079636766031147 × 10^298 |
| 28 | ov_028 | 7.298033702823072 × 10^297 |
| 29 | ov_029 | 2.7353876615378243 × 10^297 |
| 30 | ov_030 | 8.269817162589691 × 10^296 |
| 31 | ov_031 | 1.830804037725635 × 10^296 |
| 32 | lv_80_m31 | 3.570147989289188 × 10^295 |
| 33 | ov_033 | 4.305780150368515 × 10^296 |
| 34 | ov_034 | 3.741412995251057 × 10^296 |
| 35 | ov_035 | 3.2352224195044672 × 10^296 |
| 36 | ov_036 | 2.782826336366309 × 10^296 |
| 37 | ov_037 | 2.380081494456289 × 10^296 |
| 38 | ov_038 | 2.0230666955019036 × 10^296 |
| 39 | ov_039 | 1.7080682228854732 × 10^296 |
| 40 | ov_040 | 1.4315672706429402 × 10^296 |
| 41 | ov_041 | 1.1902291753744483 × 10^296 |
| 42 | ov_042 | 9.808942656906187 × 10^295 |
| 43 | ov_043 | 8.005701553961213 × 10^295 |
| 44 | ov_044 | 6.464253176778709 × 10^295 |
| 45 | ov_045 | 5.157837881880462 × 10^295 |
| 46 | ov_046 | 4.0612085515607263 × 10^295 |
| 47 | ov_047 | 3.150596045875355 × 10^295 |
| 48 | ov_048 | 2.4036819826540977 × 10^295 |
| 49 | ov_049 | 1.7995777170862695 × 10^295 |
| 50 | ov_050 | 1.3188084850838512 × 10^295 |
| 51 | ov_051 | 9.433017659220554 × 10^294 |
| 52 | ov_052 | 6.56379009929337 × 10^294 |
| 53 | ov_053 | 4.427499665298981 × 10^294 |
| 54 | ov_054 | 2.8850893696440477 × 10^294 |
| 55 | ov_055 | 1.811323903390223 × 10^294 |
| 56 | ov_056 | 1.0947752141303299 × 10^294 |
| 57 | ov_057 | 6.378143152367688 × 10^293 |
| 58 | ov_058 | 3.5660689383041784 × 10^293 |
| 59 | ov_059 | 1.811111251484541 × 10^293 |
| 60 | ov_060 | 7.975404684919455 × 10^292 |
| 61 | ov_061 | 2.785833151060682 × 10^292 |
| 62 | ov_062 | 7.642209936296277 × 10^291 |
| 63 | ov_063 | 1.4895781784082598 × 10^291 |
| 64 | lv_79_m31 | 2.9028202061596606 × 10^290 |
| 65 | ov_065 | 3.4900591234154105 × 10^291 |
| 66 | ov_066 | 3.4900487018420913 × 10^291 |
| 67 | ov_067 | 3.490046151336794 × 10^291 |
| 68 | ov_068 | 3.025297792045857 × 10^291 |
| 69 | ov_069 | 2.6098491485040892 × 10^291 |
| 70 | ov_070 | 2.239752312602805 × 10^291 |
| 71 | ov_071 | 1.9113022176224834 × 10^291 |
| 72 | ov_072 | 1.621020196670889 × 10^291 |
| 73 | ov_073 | 1.3656389962870628 × 10^291 |
| 74 | ov_074 | 1.1420891678097946 × 10^291 |
| 75 | ov_075 | 9.474867621449766 × 10^290 |
| 76 | ov_076 | 7.791222560736256 × 10^290 |
| 77 | ov_077 | 6.3445064028680735 × 10^290 |
| 78 | ov_078 | 5.110826009763492 × 10^290 |
| 79 | ov_079 | 4.06776728108004 × 10^290 |
| 80 | ov_080 | 3.1943268450927033 × 10^290 |
| 81 | ov_081 | 2.470852706658494 × 10^290 |
| 82 | ov_082 | 1.8789932068298497 × 10^290 |
| 83 | ov_083 | 1.401653652707609 × 10^290 |
| 84 | ov_084 | 1.0229599789171744 × 10^290 |
| 85 | ov_085 | 7.282288039630116 × 10^289 |
| 86 | ov_086 | 5.03943245927251 × 10^289 |
| 87 | ov_087 | 3.3773386272980817 × 10^289 |
| 88 | ov_088 | 2.183640826124502 × 10^289 |
| 89 | ov_089 | 1.3571949076026665 × 10^289 |
| 90 | ov_090 | 8.080033810808691 × 10^288 |
| 91 | ov_091 | 4.571663844609507 × 10^288 |
| 92 | ov_092 | 2.3685225285714274 × 10^288 |
| 93 | ov_093 | 1.1590955430796563 × 10^288 |
| 94 | ov_094 | 4.860406818737751 × 10^287 |
| 95 | aaa_78_28 | 1.4829415131412255 × 10^287 |
| 96 | aaa_78_29 | 5.299847221801873 × 10^286 |
| 97 | ov_097 | 3.4990183594419825 × 10^286 |
| 98 | ov_098 | 3.498913337493433 × 10^286 |
| 99 | ov_099 | 3.4988797691656294 × 10^286 |
| 100 | ov_100 | 3.1481931913761266 × 10^286 |
| 101 | ov_101 | 2.823466984557563 × 10^286 |
| 102 | ov_102 | 2.523266322992236 × 10^286 |
| 103 | ov_103 | 2.2462605813214717 × 10^286 |
| 104 | ov_104 | 1.991210051313535 × 10^286 |
| 105 | ov_105 | 1.7569538553314933 × 10^286 |
| 106 | ov_106 | 1.542398992926423 × 10^286 |
| 107 | ov_107 | 1.3465104594986472 × 10^286 |
| 108 | ov_108 | 1.1683023780429838 × 10^286 |
| 109 | ov_109 | 1.0068300866806795 × 10^286 |
| 110 | ov_110 | 8.611831260331541 × 10^285 |
| 111 | ov_111 | 7.304790715566015 × 10^285 |
| 112 | ov_112 | 6.138581567758598 × 10^285 |
| 113 | ov_113 | 5.104786339710033 × 10^285 |
| 114 | ov_114 | 4.195128193177235 × 10^285 |
| 115 | ov_115 | 3.401437697960826 × 10^285 |
| 116 | ov_116 | 2.7156253939152124 × 10^285 |
| 117 | ov_117 | 2.129659622434759 × 10^285 |
| 118 | ov_118 | 1.635549104734931 × 10^285 |
| 119 | ov_119 | 1.2253297446563443 × 10^285 |
| 120 | ov_120 | 8.910551339227751 × 10^284 |
| 121 | ov_121 | 6.247899381872329 × 10^284 |
| 122 | ov_122 | 4.186053422483686 × 10^284 |
| 123 | ov_123 | 2.645761630087962 × 10^284 |
| 124 | ov_124 | 1.5477913476721175 × 10^284 |
| 125 | ov_125 | 8.129187576214686 × 10^283 |
| 126 | ov_126 | 3.6192327845620526 × 10^283 |
| 127 | aaa_77_28 | 1.1558517815515015 × 10^283 |
| 128 | aaa_77_29 | 4.33410107844575 × 10^282 |
| 129 | ov_129 | 4.040287095062455 × 10^282 |
| 130 | ov_130 | 4.040275570157603 × 10^282 |
| 131 | ov_131 | 4.0402727785587906 × 10^282 |
| 132 | ov_132 | 3.508762370747787 × 10^282 |
| 133 | ov_133 | 3.032215791066311 × 10^282 |
| 134 | ov_134 | 2.6064790281068344 × 10^282 |
| 135 | ov_135 | 2.227626098768595 × 10^282 |
| 136 | ov_136 | 1.8919428207018177 × 10^282 |
| 137 | ov_137 | 1.5959126961547517 × 10^282 |
| 138 | ov_138 | 1.336204714418378 × 10^282 |
| 139 | ov_139 | 1.10966289018819 × 10^282 |
| 140 | ov_140 | 9.132973649404108 × 10^281 |
| 141 | ov_141 | 7.442769079187681 × 10^281 |
| 142 | ov_142 | 5.999226626058588 × 10^281 |
| 143 | ov_143 | 4.777029936599818 × 10^281 |
| 144 | ov_144 | 3.7522929827603294 × 10^281 |
| 145 | ov_145 | 2.9025265481218536 × 10^281 |
| 146 | ov_146 | 2.2066119034054093 × 10^281 |
| 147 | ov_147 | 1.6447805755150477 × 10^281 |
| 148 | ov_148 | 1.1985992018464232 × 10^281 |
| 149 | ov_149 | 8.509585488467837 × 10^280 |
| 150 | ov_150 | 5.860658609745865 × 10^280 |
| 151 | ov_151 | 3.8943979331352783 × 10^280 |
| 152 | ov_152 | 2.47907268170196 × 10^280 |
| 153 | ov_153 | 1.4960168303961327 × 10^280 |
| 154 | ov_154 | 8.39619843667378 × 10^279 |
| 155 | ov_155 | 4.1732221166259095 × 10^279 |
| 156 | aaa_76_25 | 1.496133665820837 × 10^279 |
| 157 | aaa_76_26 | 8.493337908797443 × 10^278 |
| 158 | aaa_76_27 | 4.3699355117844784 × 10^278 |
| 159 | aaa_76_28 | 1.9387762607984765 × 10^278 |
| 160 | aaa_76_29 | 5.907426416151386 × 10^277 |

### Output Bits Sorted by Complexity

| Rank | Output Bit | Complexity |
|:----:|:----------:|:----------:|
| 160 | aaa_76_29 | 5.907426416151386 × 10^277 |
| 159 | aaa_76_28 | 1.9387762607984765 × 10^278 |
| 158 | aaa_76_27 | 4.3699355117844784 × 10^278 |
| 157 | aaa_76_26 | 8.493337908797443 × 10^278 |
| 156 | aaa_76_25 | 1.496133665820837 × 10^279 |
| 155 | ov_155 | 4.1732221166259095 × 10^279 |
| 154 | ov_154 | 8.39619843667378 × 10^279 |
| 153 | ov_153 | 1.4960168303961327 × 10^280 |
| 152 | ov_152 | 2.47907268170196 × 10^280 |
| 151 | ov_151 | 3.8943979331352783 × 10^280 |
| 150 | ov_150 | 5.860658609745865 × 10^280 |
| 149 | ov_149 | 8.509585488467837 × 10^280 |
| 148 | ov_148 | 1.1985992018464232 × 10^281 |
| 147 | ov_147 | 1.6447805755150477 × 10^281 |
| 146 | ov_146 | 2.2066119034054093 × 10^281 |
| 145 | ov_145 | 2.9025265481218536 × 10^281 |
| 144 | ov_144 | 3.7522929827603294 × 10^281 |
| 143 | ov_143 | 4.777029936599818 × 10^281 |
| 142 | ov_142 | 5.999226626058588 × 10^281 |
| 141 | ov_141 | 7.442769079187681 × 10^281 |
| 140 | ov_140 | 9.132973649404108 × 10^281 |
| 139 | ov_139 | 1.10966289018819 × 10^282 |
| 138 | ov_138 | 1.336204714418378 × 10^282 |
| 137 | ov_137 | 1.5959126961547517 × 10^282 |
| 136 | ov_136 | 1.8919428207018177 × 10^282 |
| 135 | ov_135 | 2.227626098768595 × 10^282 |
| 134 | ov_134 | 2.6064790281068344 × 10^282 |
| 133 | ov_133 | 3.032215791066311 × 10^282 |
| 132 | ov_132 | 3.508762370747787 × 10^282 |
| 131 | ov_131 | 4.0402727785587906 × 10^282 |
| 130 | ov_130 | 4.040275570157603 × 10^282 |
| 129 | ov_129 | 4.040287095062455 × 10^282 |
| 128 | aaa_77_29 | 4.33410107844575 × 10^282 |
| 127 | aaa_77_28 | 1.1558517815515015 × 10^283 |
| 126 | ov_126 | 3.6192327845620526 × 10^283 |
| 125 | ov_125 | 8.129187576214686 × 10^283 |
| 124 | ov_124 | 1.5477913476721175 × 10^284 |
| 123 | ov_123 | 2.645761630087962 × 10^284 |
| 122 | ov_122 | 4.186053422483686 × 10^284 |
| 121 | ov_121 | 6.247899381872329 × 10^284 |
| 120 | ov_120 | 8.910551339227751 × 10^284 |
| 119 | ov_119 | 1.2253297446563443 × 10^285 |
| 118 | ov_118 | 1.635549104734931 × 10^285 |
| 117 | ov_117 | 2.129659622434759 × 10^285 |
| 116 | ov_116 | 2.7156253939152124 × 10^285 |
| 115 | ov_115 | 3.401437697960826 × 10^285 |
| 114 | ov_114 | 4.195128193177235 × 10^285 |
| 113 | ov_113 | 5.104786339710033 × 10^285 |
| 112 | ov_112 | 6.138581567758598 × 10^285 |
| 111 | ov_111 | 7.304790715566015 × 10^285 |
| 110 | ov_110 | 8.611831260331541 × 10^285 |
| 109 | ov_109 | 1.0068300866806795 × 10^286 |
| 108 | ov_108 | 1.1683023780429838 × 10^286 |
| 107 | ov_107 | 1.3465104594986472 × 10^286 |
| 106 | ov_106 | 1.542398992926423 × 10^286 |
| 105 | ov_105 | 1.7569538553314933 × 10^286 |
| 104 | ov_104 | 1.991210051313535 × 10^286 |
| 103 | ov_103 | 2.2462605813214717 × 10^286 |
| 102 | ov_102 | 2.523266322992236 × 10^286 |
| 101 | ov_101 | 2.823466984557563 × 10^286 |
| 100 | ov_100 | 3.1481931913761266 × 10^286 |
| 99 | ov_099 | 3.4988797691656294 × 10^286 |
| 98 | ov_098 | 3.498913337493433 × 10^286 |
| 97 | ov_097 | 3.4990183594419825 × 10^286 |
| 96 | aaa_78_29 | 5.299847221801873 × 10^286 |
| 95 | aaa_78_28 | 1.4829415131412255 × 10^287 |
| 94 | ov_094 | 4.860406818737751 × 10^287 |
| 93 | ov_093 | 1.1590955430796563 × 10^288 |
| 92 | ov_092 | 2.3685225285714274 × 10^288 |
| 91 | ov_091 | 4.571663844609507 × 10^288 |
| 90 | ov_090 | 8.080033810808691 × 10^288 |
| 89 | ov_089 | 1.3571949076026665 × 10^289 |
| 88 | ov_088 | 2.183640826124502 × 10^289 |
| 87 | ov_087 | 3.3773386272980817 × 10^289 |
| 86 | ov_086 | 5.03943245927251 × 10^289 |
| 85 | ov_085 | 7.282288039630116 × 10^289 |
| 84 | ov_084 | 1.0229599789171744 × 10^290 |
| 83 | ov_083 | 1.401653652707609 × 10^290 |
| 82 | ov_082 | 1.8789932068298497 × 10^290 |
| 81 | ov_081 | 2.470852706658494 × 10^290 |
| 64 | lv_79_m31 | 2.9028202061596606 × 10^290 |
| 80 | ov_080 | 3.1943268450927033 × 10^290 |
| 79 | ov_079 | 4.06776728108004 × 10^290 |
| 78 | ov_078 | 5.110826009763492 × 10^290 |
| 77 | ov_077 | 6.3445064028680735 × 10^290 |
| 76 | ov_076 | 7.791222560736256 × 10^290 |
| 75 | ov_075 | 9.474867621449766 × 10^290 |
| 74 | ov_074 | 1.1420891678097946 × 10^291 |
| 73 | ov_073 | 1.3656389962870628 × 10^291 |
| 63 | ov_063 | 1.4895781784082598 × 10^291 |
| 72 | ov_072 | 1.621020196670889 × 10^291 |
| 71 | ov_071 | 1.9113022176224834 × 10^291 |
| 70 | ov_070 | 2.239752312602805 × 10^291 |
| 69 | ov_069 | 2.6098491485040892 × 10^291 |
| 68 | ov_068 | 3.025297792045857 × 10^291 |
| 67 | ov_067 | 3.490046151336794 × 10^291 |
| 66 | ov_066 | 3.4900487018420913 × 10^291 |
| 65 | ov_065 | 3.4900591234154105 × 10^291 |
| 62 | ov_062 | 7.642209936296277 × 10^291 |
| 61 | ov_061 | 2.785833151060682 × 10^292 |
| 60 | ov_060 | 7.975404684919455 × 10^292 |
| 59 | ov_059 | 1.811111251484541 × 10^293 |
| 58 | ov_058 | 3.5660689383041784 × 10^293 |
| 57 | ov_057 | 6.378143152367688 × 10^293 |
| 56 | ov_056 | 1.0947752141303299 × 10^294 |
| 55 | ov_055 | 1.811323903390223 × 10^294 |
| 54 | ov_054 | 2.8850893696440477 × 10^294 |
| 53 | ov_053 | 4.427499665298981 × 10^294 |
| 52 | ov_052 | 6.56379009929337 × 10^294 |
| 51 | ov_051 | 9.433017659220554 × 10^294 |
| 50 | ov_050 | 1.3188084850838512 × 10^295 |
| 49 | ov_049 | 1.7995777170862695 × 10^295 |
| 48 | ov_048 | 2.4036819826540977 × 10^295 |
| 47 | ov_047 | 3.150596045875355 × 10^295 |
| 32 | lv_80_m31 | 3.570147989289188 × 10^295 |
| 46 | ov_046 | 4.0612085515607263 × 10^295 |
| 45 | ov_045 | 5.157837881880462 × 10^295 |
| 44 | ov_044 | 6.464253176778709 × 10^295 |
| 43 | ov_043 | 8.005701553961213 × 10^295 |
| 42 | ov_042 | 9.808942656906187 × 10^295 |
| 41 | ov_041 | 1.1902291753744483 × 10^296 |
| 40 | ov_040 | 1.4315672706429402 × 10^296 |
| 39 | ov_039 | 1.7080682228854732 × 10^296 |
| 31 | ov_031 | 1.830804037725635 × 10^296 |
| 38 | ov_038 | 2.0230666955019036 × 10^296 |
| 37 | ov_037 | 2.380081494456289 × 10^296 |
| 36 | ov_036 | 2.782826336366309 × 10^296 |
| 35 | ov_035 | 3.2352224195044672 × 10^296 |
| 34 | ov_034 | 3.741412995251057 × 10^296 |
| 33 | ov_033 | 4.305780150368515 × 10^296 |
| 30 | ov_030 | 8.269817162589691 × 10^296 |
| 29 | ov_029 | 2.7353876615378243 × 10^297 |
| 28 | ov_028 | 7.298033702823072 × 10^297 |
| 27 | ov_027 | 1.8079636766031147 × 10^298 |
| 26 | ov_026 | 3.809686281157988 × 10^298 |
| 25 | ov_025 | 7.42247371048373 × 10^298 |
| 24 | ov_024 | 1.3502170533004237 × 10^299 |
| 23 | ov_023 | 2.307297658154143 × 10^299 |
| 22 | ov_022 | 3.7327479341584363 × 10^299 |
| 21 | ov_021 | 5.762671950398818 × 10^299 |
| 20 | ov_020 | 8.550030733941377 × 10^299 |
| 19 | ov_019 | 1.2264661555271977 × 10^300 |
| 18 | ov_018 | 1.7093308995376068 × 10^300 |
| 17 | ov_017 | 2.3239673702857217 × 10^300 |
| 16 | ov_016 | 3.092448609979568 × 10^300 |
| 15 | ov_015 | 4.0385613398867275 × 10^300 |
| 14 | ov_014 | 5.187820939860534 × 10^300 |
| 13 | ov_013 | 6.567491762901232 × 10^300 |
| 12 | ov_012 | 8.206613952665568 × 10^300 |
| 11 | ov_011 | 1.01360380427862 × 10^301 |
| 10 | ov_010 | 1.238846872819952 × 10^301 |
| 9 | ov_009 | 1.4998519310589683 × 10^301 |
| 8 | ov_008 | 1.8002778432778737 × 10^301 |
| 7 | ov_007 | 2.143989083073242 × 10^301 |
| 6 | ov_006 | 2.535065394718595 × 10^301 |
| 5 | ov_005 | 2.9778132368180254 × 10^301 |
| 4 | ov_004 | 3.4767792163579267 × 10^301 |
| 3 | ov_003 | 4.0367657335550934 × 10^301 |
| 2 | ov_002 | 4.662849070577635 × 10^301 |
| 1 | ov_001 | 5.360400170365208 × 10^301 |

