# Results for F001-F002-F003-F004-F005-F006-F007-F008-F009-F010-F011-F012-F013-F014-F015-F016-F017-F018-F019-F020-F021-F022-F023-F024-F025-F026-F027-F028-F029-F030-F031-F032-F033-F034-F035-F036-F037-F038-F039-F040-F041-F042-F043-F044-F045-F046-F047-F048-F049-F050-F051-F052-F053-F054-F055-F056-F057-F058-F059-F060-F061-F062-F063-F064-F065-F066-F067-F068-F069-F070-F071-F072-F073-F074-F075-F076-F077-F078-F079-F080-F081-F082-F083-F084-F085-F086-F087-F088-F089-F090-F091-F092-F093-F094-F095-F096-F097-F098-F099-F100-F101-F102-F103-F104-F105-F106-F107-F108-F109-F110-F111-F112-F113-F114-F115-F116-F117-F118-F119-F120-F121-F122-F123-F124-F125-F126-F127-F128-F129-F130-F131-F132-F133-F134-F135-F136-F137-F138-F139-F140-F141-F142-F143-F144-F145-F146-F147-F148-F149-F150-F151-F152-F153-F154-F155-F156-F157-F158-F159-F160-F161-F162-F163-F164-F165-F166-F167-F168-F169-F170-F171-F172-F173-F174-F175-F176-F177-F178-F179-F180-F181-F182-F183-F184-F185-F186-F187-F188-F189-F190-F191-F192-F193-F194-F195-F196-F197-F198-F199-F200-F201-F202-F203-F204-F205-F206-F207-F208-F209-F210-F211-F212-F213-F214-F215-F216-F217-F218-F219-F220-F221-F222-F223-F224-F225-F226-F227-F228-F229-F230-F231-F232-F233-F234-F235-F236-F237-F238-F239-F240-F241-F242-F243-F244-F245-F246-F247-F248-F249-F250-F251-F252-F253-F254-F255-F256-F257-F258-F259-F260-F261-F262-F263-F264-F265-F266-F267-F268-F269-F270-F271-F272-F273-F274-F275-F276-F277-F278-F279-F280-F281-F282-F283-F284-F285-F286-F287-F288-F289-F290-F291-F292-F293-F294-F295-F296-F297-F298-F299-F300-F301-F302-F303-F304-F305-F306-F307-F308-F309-F310-F311-F312-F313-F314-F315-F316-F317-F318-F319-F320-F321-F322-F323-F324-F325-F326-F327-F328-F329-F330-F331-F332-F333-F334-F335-F336-F337-F338-F339-F340-F341-F342-F343-F344-F345-F346-F347-F348-F349-F350-F351-F352-F353-F354-F355-F356-F357-F358-F359-F360-F361-F362-F363-F364-F365-F366-F367-F368-F369-F370-F371-F372-F373-F374-F375-F376-F377-F378-F379-F380-F381-F382-F383-F384-F385-F386-F387-F388-F389-F390-F391-F392-F393-F394-F395-F396-F397-F398-F399-F400-F401-F402-F403-F404-F405-F406-F407-F408-F409-F410-F411-F412-F413-F414-F415-F416-F417-F418-F419-F420-F421-F422-F423-F424-F425-F426-F427-F428-F429-F430-F431-F432-F433-F434-F435-F436-F437-F438-F439-F440-F441-F442-F443-F444-F445-F446-F447-F448-F449-F450-F451-F452-F453-F454-F455-F456-F457-F458-F459-F460-F461-F462-F463-F464-F465-F466-F467-F468-F469-F470-F471-F472-F473-F474-F475-F476-F477-F478-F479-F480-F481-F482-F483-F484-F485-F486-F487-F488-F489-F490-F491-F492-F493-F494-F495-F496-E500511-E507512

## Summary

Number of input bits: 512  
Number of free input bits: 14  
Number of output bits: 160

Number of direct occurrences: 56996  
Number of assignments: 32203  
Number of operations: 11410306
(xor: 11381666,
and: 14901,
or: 13739)

Total complexity: 9.533303947818614 × 10^302

Least occurring input variable: iv_502 (3909)  
Most occurring input variable: iv_507 (4353)

Most co-occurring input variables: iv_499-iv_510 (2044)  
Least co-occurring input variables: iv_498-iv_502 (1776)

Potentially most occurring input variable: iv_500/iv_507 (4600)  
Potentially least occurring input variable: iv_499/iv_508 (4111)

Least output occurring input variable: iv_508 (70)  
Most output occurring input variable: iv_497 (93)

Most output co-occurring input variables: iv_497-iv_502 (52)  
Least output co-occurring input variables: iv_502-iv_508 (30)

Potentially most output occurring input variable: iv_500/iv_502 (94)  
Potentially least output occurring input variable: iv_498/iv_507 (68)

Least complex input bit: iv_497 (6.72079788118634 × 10^299)  
Most complex input bit: iv_510 (2.339238331148188 × 10^302)

Least complex output bit: aaa_76_29 (1.5334086075222846 × 10^278)  
Most complex output bit: ov_001 (1.483230499962993 × 10^302)

Least complex input/output complexity: iv_497/aaa_76_29 (1.081023890231337 × 10^275)  
Most complex input/output complexity: iv_510/ov_001 (3.6394828680936266 × 10^301)

## Input Bits

### Input Bits in Regular Order

| Input Bit | Complexity | Occurrences | Output Occurrences |
|:---------:|:----------:|:-----------:|:------------------:|
| iv_497 | 6.72079788118634 × 10^299 | 4158 | 93 |
| iv_498 | 1.3557290612885483 × 10^300 | 3967 | 88 |
| iv_499 | 2.4137942347775852 × 10^300 | 4137 | 81 |
| iv_500 | 7.336423928753687 × 10^301 | 4201 | 80 |
| iv_501 | 6.971389332672526 × 10^300 | 4116 | 83 |
| iv_502 | 1.1331207989243658 × 10^301 | 3909 | 82 |
| iv_503 | 1.7878427385104615 × 10^301 | 4060 | 74 |
| iv_504 | 2.754282869776705 × 10^301 | 3956 | 78 |
| iv_505 | 4.1622043084072755 × 10^301 | 3948 | 79 |
| iv_506 | 6.183791225100243 × 10^301 | 3981 | 82 |
| iv_507 | 1.703856769426072 × 10^302 | 4353 | 72 |
| iv_508 | 1.2822107443044986 × 10^302 | 4026 | 70 |
| iv_509 | 1.7581015918240216 × 10^302 | 4028 | 78 |
| iv_510 | 2.339238331148188 × 10^302 | 4156 | 79 |

### Input Bits Sorted by Complexity

| Input Bit | Complexity | Occurrences | Output Occurrences |
|:---------:|:----------:|:-----------:|:------------------:|
| iv_497 | 6.72079788118634 × 10^299 | 4158 | 93 |
| iv_498 | 1.3557290612885483 × 10^300 | 3967 | 88 |
| iv_499 | 2.4137942347775852 × 10^300 | 4137 | 81 |
| iv_501 | 6.971389332672526 × 10^300 | 4116 | 83 |
| iv_502 | 1.1331207989243658 × 10^301 | 3909 | 82 |
| iv_503 | 1.7878427385104615 × 10^301 | 4060 | 74 |
| iv_504 | 2.754282869776705 × 10^301 | 3956 | 78 |
| iv_505 | 4.1622043084072755 × 10^301 | 3948 | 79 |
| iv_506 | 6.183791225100243 × 10^301 | 3981 | 82 |
| iv_500 | 7.336423928753687 × 10^301 | 4201 | 80 |
| iv_508 | 1.2822107443044986 × 10^302 | 4026 | 70 |
| iv_507 | 1.703856769426072 × 10^302 | 4353 | 72 |
| iv_509 | 1.7581015918240216 × 10^302 | 4028 | 78 |
| iv_510 | 2.339238331148188 × 10^302 | 4156 | 79 |

### Input Bits Sorted by Occurrences

| Input Bit | Complexity | Occurrences | Output Occurrences |
|:---------:|:----------:|:-----------:|:------------------:|
| iv_502 | 1.1331207989243658 × 10^301 | 3909 | 82 |
| iv_505 | 4.1622043084072755 × 10^301 | 3948 | 79 |
| iv_504 | 2.754282869776705 × 10^301 | 3956 | 78 |
| iv_498 | 1.3557290612885483 × 10^300 | 3967 | 88 |
| iv_506 | 6.183791225100243 × 10^301 | 3981 | 82 |
| iv_508 | 1.2822107443044986 × 10^302 | 4026 | 70 |
| iv_509 | 1.7581015918240216 × 10^302 | 4028 | 78 |
| iv_503 | 1.7878427385104615 × 10^301 | 4060 | 74 |
| iv_501 | 6.971389332672526 × 10^300 | 4116 | 83 |
| iv_499 | 2.4137942347775852 × 10^300 | 4137 | 81 |
| iv_510 | 2.339238331148188 × 10^302 | 4156 | 79 |
| iv_497 | 6.72079788118634 × 10^299 | 4158 | 93 |
| iv_500 | 7.336423928753687 × 10^301 | 4201 | 80 |
| iv_507 | 1.703856769426072 × 10^302 | 4353 | 72 |

### Input Bits Sorted by Output Occurrences

| Input Bit | Complexity | Occurrences | Output Occurrences |
|:---------:|:----------:|:-----------:|:------------------:|
| iv_508 | 1.2822107443044986 × 10^302 | 4026 | 70 |
| iv_507 | 1.703856769426072 × 10^302 | 4353 | 72 |
| iv_503 | 1.7878427385104615 × 10^301 | 4060 | 74 |
| iv_504 | 2.754282869776705 × 10^301 | 3956 | 78 |
| iv_509 | 1.7581015918240216 × 10^302 | 4028 | 78 |
| iv_505 | 4.1622043084072755 × 10^301 | 3948 | 79 |
| iv_510 | 2.339238331148188 × 10^302 | 4156 | 79 |
| iv_500 | 7.336423928753687 × 10^301 | 4201 | 80 |
| iv_499 | 2.4137942347775852 × 10^300 | 4137 | 81 |
| iv_502 | 1.1331207989243658 × 10^301 | 3909 | 82 |
| iv_506 | 6.183791225100243 × 10^301 | 3981 | 82 |
| iv_501 | 6.971389332672526 × 10^300 | 4116 | 83 |
| iv_498 | 1.3557290612885483 × 10^300 | 3967 | 88 |
| iv_497 | 6.72079788118634 × 10^299 | 4158 | 93 |

## Input Bit Co-occurrences

### Input Bit Co-occurrences Sorted by Co-occurrences

| Input Bits | Co-occurrences | Potential Occurrences | Output Co-occurrences | Potential Output Occurrences |
|:----------:|:--------------:|:---------------------:|:---------------------:|:----------------------------:|
| iv_499-iv_510 | 2044 | 4205 | 43 | 74 |
| iv_499-iv_508 | 2026 | 4111 | 38 | 75 |
| iv_499-iv_507 | 2025 | 4440 | 37 | 79 |
| iv_497-iv_501 | 2018 | 4238 | 48 | 80 |
| iv_501-iv_507 | 2016 | 4437 | 36 | 83 |
| iv_497-iv_503 | 2006 | 4206 | 38 | 91 |
| iv_497-iv_499 | 2005 | 4285 | 43 | 88 |
| iv_499-iv_500 | 2004 | 4330 | 41 | 79 |
| iv_507-iv_510 | 1997 | 4515 | 33 | 85 |
| iv_497-iv_507 | 1996 | 4519 | 44 | 77 |
| iv_499-iv_501 | 1991 | 4271 | 43 | 78 |
| iv_499-iv_509 | 1987 | 4191 | 41 | 77 |
| iv_500-iv_510 | 1986 | 4385 | 43 | 73 |
| iv_500-iv_507 | 1977 | 4600 | 36 | 80 |

### Input Bit Co-occurrences Sorted by Potential Occurrences

| Input Bits | Co-occurrences | Potential Occurrences | Output Co-occurrences | Potential Output Occurrences |
|:----------:|:--------------:|:---------------------:|:---------------------:|:----------------------------:|
| iv_499-iv_508 | 2026 | 4111 | 38 | 75 |
| iv_504-iv_506 | 1885 | 4167 | 42 | 76 |
| iv_506-iv_509 | 1920 | 4169 | 43 | 74 |
| iv_501-iv_505 | 1945 | 4174 | 45 | 72 |
| iv_499-iv_502 | 1934 | 4178 | 41 | 81 |
| iv_502-iv_505 | 1839 | 4179 | 36 | 89 |
| iv_506-iv_508 | 1913 | 4181 | 37 | 78 |
| iv_504-iv_505 | 1861 | 4182 | 41 | 75 |
| iv_508-iv_509 | 1934 | 4186 | 35 | 78 |
| iv_499-iv_509 | 1987 | 4191 | 41 | 77 |
| iv_503-iv_506 | 1923 | 4195 | 38 | 80 |
| iv_498-iv_508 | 1897 | 4199 | 37 | 84 |
| iv_499-iv_506 | 1957 | 4204 | 39 | 85 |
| iv_499-iv_510 | 2044 | 4205 | 43 | 74 |

### Input Bit Output Co-occurrences Sorted by Output Co-occurrences

| Input Bits | Co-occurrences | Potential Occurrences | Output Co-occurrences | Potential Output Occurrences |
|:----------:|:--------------:|:---------------------:|:---------------------:|:----------------------------:|
| iv_497-iv_502 | 1910 | 4247 | 52 | 71 |
| iv_497-iv_506 | 1960 | 4219 | 51 | 73 |
| iv_497-iv_504 | 1936 | 4242 | 50 | 71 |
| iv_497-iv_498 | 1903 | 4319 | 50 | 81 |
| iv_498-iv_501 | 1887 | 4309 | 48 | 75 |
| iv_498-iv_510 | 1953 | 4217 | 48 | 71 |
| iv_497-iv_501 | 2018 | 4238 | 48 | 80 |
| iv_497-iv_500 | 1952 | 4455 | 48 | 77 |
| iv_497-iv_510 | 1949 | 4416 | 48 | 76 |
| iv_497-iv_509 | 1941 | 4304 | 48 | 75 |
| iv_497-iv_505 | 1916 | 4274 | 47 | 78 |
| iv_498-iv_502 | 1776 | 4324 | 46 | 78 |
| iv_498-iv_504 | 1855 | 4213 | 46 | 74 |
| iv_498-iv_507 | 1925 | 4470 | 46 | 68 |

### Input Bit Output Co-occurrences Sorted by Potential Output Occurrences

| Input Bits | Co-occurrences | Potential Occurrences | Output Co-occurrences | Potential Output Occurrences |
|:----------:|:--------------:|:---------------------:|:---------------------:|:----------------------------:|
| iv_498-iv_507 | 1925 | 4470 | 46 | 68 |
| iv_503-iv_504 | 1871 | 4274 | 41 | 70 |
| iv_500-iv_508 | 1930 | 4367 | 40 | 70 |
| iv_498-iv_510 | 1953 | 4217 | 48 | 71 |
| iv_497-iv_504 | 1936 | 4242 | 50 | 71 |
| iv_497-iv_502 | 1910 | 4247 | 52 | 71 |
| iv_501-iv_505 | 1945 | 4174 | 45 | 72 |
| iv_501-iv_503 | 1963 | 4250 | 42 | 73 |
| iv_503-iv_505 | 1890 | 4228 | 40 | 73 |
| iv_506-iv_510 | 1957 | 4223 | 44 | 73 |
| iv_497-iv_506 | 1960 | 4219 | 51 | 73 |
| iv_500-iv_510 | 1986 | 4385 | 43 | 73 |
| iv_504-iv_508 | 1880 | 4222 | 37 | 74 |
| iv_498-iv_504 | 1855 | 4213 | 46 | 74 |

## Output Bits

### Output Bits in Regular Order

| Rank | Output Bit | Complexity |
|:----:|:----------:|:----------:|
| 1 | ov_001 | 1.483230499962993 × 10^302 |
| 2 | ov_002 | 1.2914375151735432 × 10^302 |
| 3 | ov_003 | 1.1191983609668598 × 10^302 |
| 4 | ov_004 | 9.650467297414355 × 10^301 |
| 5 | ov_005 | 8.275969145496593 × 10^301 |
| 6 | ov_006 | 7.055381337691927 × 10^301 |
| 7 | ov_007 | 5.976295866802778 × 10^301 |
| 8 | ov_008 | 5.026961731983778 × 10^301 |
| 9 | ov_009 | 4.196248145948008 × 10^301 |
| 10 | ov_010 | 3.473613154901595 × 10^301 |
| 11 | ov_011 | 2.849077107497328 × 10^301 |
| 12 | ov_012 | 2.3132004416616383 × 10^301 |
| 13 | ov_013 | 1.8570652900088024 × 10^301 |
| 14 | ov_014 | 1.472260435860908 × 10^301 |
| 15 | ov_015 | 1.1508691827682019 × 10^301 |
| 16 | ov_016 | 8.854597309770713 × 10^300 |
| 17 | ov_017 | 6.690776846080633 × 10^300 |
| 18 | ov_018 | 4.952403434528536 × 10^300 |
| 19 | ov_019 | 3.57932463330278 × 10^300 |
| 20 | ov_020 | 2.516031988974851 × 10^300 |
| 21 | ov_021 | 1.7116397272138113 × 10^300 |
| 22 | ov_022 | 1.1198704429688387 × 10^300 |
| 23 | ov_023 | 6.99045825640712 × 10^299 |
| 24 | ov_024 | 4.1208082013656795 × 10^299 |
| 25 | ov_025 | 2.2648010498326587 × 10^299 |
| 26 | ov_026 | 1.1433616222301 × 10^299 |
| 27 | ov_027 | 5.232836880312241 × 10^298 |
| 28 | ov_028 | 2.1722638100353117 × 10^298 |
| 29 | ov_029 | 8.371304460221547 × 10^297 |
| 30 | ov_030 | 2.5594149653281594 × 10^297 |
| 31 | ov_031 | 4.992502825263078 × 10^296 |
| 32 | lv_80_m31 | 9.736609441607069 × 10^295 |
| 33 | ov_033 | 1.1773847785026114 × 10^297 |
| 34 | ov_034 | 1.0237053811952438 × 10^297 |
| 35 | ov_035 | 8.858257329896093 × 10^296 |
| 36 | ov_036 | 7.625555173150768 × 10^296 |
| 37 | ov_037 | 6.527696124796387 × 10^296 |
| 38 | ov_038 | 5.554035180567927 × 10^296 |
| 39 | ov_039 | 4.69449375633646 × 10^296 |
| 40 | ov_040 | 3.939525279361702 × 10^296 |
| 41 | ov_041 | 3.2800856376074925 × 10^296 |
| 42 | ov_042 | 2.707607993774261 × 10^296 |
| 43 | ov_043 | 2.2139815015072704 × 10^296 |
| 44 | ov_044 | 1.791533490683585 × 10^296 |
| 45 | ov_045 | 1.433014716947918 × 10^296 |
| 46 | ov_046 | 1.1315872979276598 × 10^296 |
| 47 | ov_047 | 8.808149849668262 × 10^295 |
| 48 | ov_048 | 6.746554449200242 × 10^295 |
| 49 | ov_049 | 5.074542516700844 × 10^295 |
| 50 | ov_050 | 3.739403116923989 × 10^295 |
| 51 | ov_051 | 2.6922247228745795 × 10^295 |
| 52 | ov_052 | 1.8878708512929856 × 10^295 |
| 53 | ov_053 | 1.2849632160683438 × 10^295 |
| 54 | ov_054 | 8.458706012909805 × 10^294 |
| 55 | ov_055 | 5.367018917275833 × 10^294 |
| 56 | ov_056 | 3.273019340651018 × 10^294 |
| 57 | ov_057 | 1.9124917637719155 × 10^294 |
| 58 | ov_058 | 1.0585437018808558 × 10^294 |
| 59 | ov_059 | 5.215991136615963 × 10^293 |
| 60 | ov_060 | 2.1619856707259634 × 10^293 |
| 61 | ov_061 | 7.553903718080139 × 10^292 |
| 62 | ov_062 | 2.0727936525418185 × 10^292 |
| 63 | ov_063 | 4.04141207652451 × 10^291 |
| 64 | lv_79_m31 | 7.878176308869891 × 10^290 |
| 65 | ov_065 | 9.521192950273896 × 10^291 |
| 66 | ov_066 | 9.521165223241374 × 10^291 |
| 67 | ov_067 | 9.521158437838516 × 10^291 |
| 68 | ov_068 | 8.266053476320659 × 10^291 |
| 69 | ov_069 | 7.1428923103203 × 10^291 |
| 70 | ov_070 | 6.141170310850621 × 10^291 |
| 71 | ov_071 | 5.2510287604452877 × 10^291 |
| 72 | ov_072 | 4.463211128663693 × 10^291 |
| 73 | ov_073 | 3.769023222926527 × 10^291 |
| 74 | ov_074 | 3.160297007308921 × 10^291 |
| 75 | ov_075 | 2.629357890198074 × 10^291 |
| 76 | ov_076 | 2.1689952885938685 × 10^291 |
| 77 | ov_077 | 1.7724362824654552 × 10^291 |
| 78 | ov_078 | 1.4333221771335748 × 10^291 |
| 79 | ov_079 | 1.1456877952759027 × 10^291 |
| 80 | ov_080 | 9.039433229882951 × 10^290 |
| 81 | ov_081 | 7.02858536504908 × 10^290 |
| 82 | ov_082 | 5.375492378001197 × 10^290 |
| 83 | ov_083 | 4.034657284695748 × 10^290 |
| 84 | ov_084 | 2.963831521100564 × 10^290 |
| 85 | ov_085 | 2.1239353597098344 × 10^290 |
| 86 | ov_086 | 1.4789936300591364 × 10^290 |
| 87 | ov_087 | 9.96085056709762 × 10^289 |
| 88 | ov_088 | 6.453035294617766 × 10^289 |
| 89 | ov_089 | 3.997296212844246 × 10^289 |
| 90 | ov_090 | 2.3541066983689267 × 10^289 |
| 91 | ov_091 | 1.3134773863676944 × 10^289 |
| 92 | ov_092 | 6.948778810964398 × 10^288 |
| 93 | ov_093 | 3.471946990651309 × 10^288 |
| 94 | ov_094 | 1.487117338844928 × 10^288 |
| 95 | aaa_78_28 | 4.5918859651059744 × 10^287 |
| 96 | aaa_78_29 | 1.4101011599581724 × 10^287 |
| 97 | ov_097 | 9.306772770862293 × 10^286 |
| 98 | ov_098 | 9.306492994170974 × 10^286 |
| 99 | ov_099 | 9.30640351943009 × 10^286 |
| 100 | ov_100 | 8.372723607833266 × 10^286 |
| 101 | ov_101 | 7.50833261177612 × 10^286 |
| 102 | ov_102 | 6.709381216394883 × 10^286 |
| 103 | ov_103 | 5.9722988243888 × 10^286 |
| 104 | ov_104 | 5.293758537868475 × 10^286 |
| 105 | ov_105 | 4.670645261428416 × 10^286 |
| 106 | ov_106 | 4.1000267607276703 × 10^286 |
| 107 | ov_107 | 3.5791275173869094 × 10^286 |
| 108 | ov_108 | 3.105305226390227 × 10^286 |
| 109 | ov_109 | 2.6760297865605747 × 10^286 |
| 110 | ov_110 | 2.2888646381870153 × 10^286 |
| 111 | ov_111 | 1.941450304642708 × 10^286 |
| 112 | ov_112 | 1.6314899969585088 × 10^286 |
| 113 | ov_113 | 1.356737141912926 × 10^286 |
| 114 | ov_114 | 1.11498469536055 × 10^286 |
| 115 | ov_115 | 9.040561033345151 × 10^285 |
| 116 | ov_116 | 7.21797774001564 × 10^285 |
| 117 | ov_117 | 5.660729238893736 × 10^285 |
| 118 | ov_118 | 4.347566620043505 × 10^285 |
| 119 | ov_119 | 3.2573217556421 × 10^285 |
| 120 | ov_120 | 2.3688788112234215 × 10^285 |
| 121 | ov_121 | 1.661154048865001 × 10^285 |
| 122 | ov_122 | 1.113082560468444 × 10^285 |
| 123 | ov_123 | 7.036101286464461 × 10^284 |
| 124 | ov_124 | 4.116881422755416 × 10^284 |
| 125 | ov_125 | 2.1627044209025272 × 10^284 |
| 126 | ov_126 | 9.631170905198595 × 10^283 |
| 127 | aaa_77_28 | 3.0766844601693016 × 10^283 |
| 128 | aaa_77_29 | 1.1541326911552965 × 10^283 |
| 129 | ov_129 | 1.0832593544701913 × 10^283 |
| 130 | ov_130 | 1.08325636367139 × 10^283 |
| 131 | ov_131 | 1.0832556392314494 × 10^283 |
| 132 | ov_132 | 9.423351006705883 × 10^282 |
| 133 | ov_133 | 8.158422460614762 × 10^282 |
| 134 | ov_134 | 7.026940480223964 × 10^282 |
| 135 | ov_135 | 6.018668384886803 × 10^282 |
| 136 | ov_136 | 5.123920975977838 × 10^282 |
| 137 | ov_137 | 4.333527905145724 × 10^282 |
| 138 | ov_138 | 3.638802021591694 × 10^282 |
| 139 | ov_139 | 3.031512224271381 × 10^282 |
| 140 | ov_140 | 2.5038603702931375 × 10^282 |
| 141 | ov_141 | 2.0484618154376465 × 10^282 |
| 142 | ov_142 | 1.658329186802751 × 10^282 |
| 143 | ov_143 | 1.3268590112132075 × 10^282 |
| 144 | ov_144 | 1.0478208463360216 × 10^282 |
| 145 | ov_145 | 8.153485844978922 × 10^281 |
| 146 | ov_146 | 6.239336220842685 × 10^281 |
| 147 | ov_147 | 4.6841961016617276 × 10^281 |
| 148 | ov_148 | 3.439985246935411 × 10^281 |
| 149 | ov_149 | 2.4620781724209724 × 10^281 |
| 150 | ov_150 | 1.709284299237839 × 10^281 |
| 151 | ov_151 | 1.143834806795319 × 10^281 |
| 152 | ov_152 | 7.313744777355554 × 10^280 |
| 153 | ov_153 | 4.40957049037575 × 10^280 |
| 154 | ov_154 | 2.4504280935303134 × 10^280 |
| 155 | ov_155 | 1.1949744122784502 × 10^280 |
| 156 | aaa_76_25 | 4.3591480740389193 × 10^279 |
| 157 | aaa_76_26 | 2.5197485765098646 × 10^279 |
| 158 | aaa_76_27 | 1.2912637388884376 × 10^279 |
| 159 | aaa_76_28 | 5.0347523068253024 × 10^278 |
| 160 | aaa_76_29 | 1.5334086075222846 × 10^278 |

### Output Bits Sorted by Complexity

| Rank | Output Bit | Complexity |
|:----:|:----------:|:----------:|
| 160 | aaa_76_29 | 1.5334086075222846 × 10^278 |
| 159 | aaa_76_28 | 5.0347523068253024 × 10^278 |
| 158 | aaa_76_27 | 1.2912637388884376 × 10^279 |
| 157 | aaa_76_26 | 2.5197485765098646 × 10^279 |
| 156 | aaa_76_25 | 4.3591480740389193 × 10^279 |
| 155 | ov_155 | 1.1949744122784502 × 10^280 |
| 154 | ov_154 | 2.4504280935303134 × 10^280 |
| 153 | ov_153 | 4.40957049037575 × 10^280 |
| 152 | ov_152 | 7.313744777355554 × 10^280 |
| 151 | ov_151 | 1.143834806795319 × 10^281 |
| 150 | ov_150 | 1.709284299237839 × 10^281 |
| 149 | ov_149 | 2.4620781724209724 × 10^281 |
| 148 | ov_148 | 3.439985246935411 × 10^281 |
| 147 | ov_147 | 4.6841961016617276 × 10^281 |
| 146 | ov_146 | 6.239336220842685 × 10^281 |
| 145 | ov_145 | 8.153485844978922 × 10^281 |
| 144 | ov_144 | 1.0478208463360216 × 10^282 |
| 143 | ov_143 | 1.3268590112132075 × 10^282 |
| 142 | ov_142 | 1.658329186802751 × 10^282 |
| 141 | ov_141 | 2.0484618154376465 × 10^282 |
| 140 | ov_140 | 2.5038603702931375 × 10^282 |
| 139 | ov_139 | 3.031512224271381 × 10^282 |
| 138 | ov_138 | 3.638802021591694 × 10^282 |
| 137 | ov_137 | 4.333527905145724 × 10^282 |
| 136 | ov_136 | 5.123920975977838 × 10^282 |
| 135 | ov_135 | 6.018668384886803 × 10^282 |
| 134 | ov_134 | 7.026940480223964 × 10^282 |
| 133 | ov_133 | 8.158422460614762 × 10^282 |
| 132 | ov_132 | 9.423351006705883 × 10^282 |
| 131 | ov_131 | 1.0832556392314494 × 10^283 |
| 130 | ov_130 | 1.08325636367139 × 10^283 |
| 129 | ov_129 | 1.0832593544701913 × 10^283 |
| 128 | aaa_77_29 | 1.1541326911552965 × 10^283 |
| 127 | aaa_77_28 | 3.0766844601693016 × 10^283 |
| 126 | ov_126 | 9.631170905198595 × 10^283 |
| 125 | ov_125 | 2.1627044209025272 × 10^284 |
| 124 | ov_124 | 4.116881422755416 × 10^284 |
| 123 | ov_123 | 7.036101286464461 × 10^284 |
| 122 | ov_122 | 1.113082560468444 × 10^285 |
| 121 | ov_121 | 1.661154048865001 × 10^285 |
| 120 | ov_120 | 2.3688788112234215 × 10^285 |
| 119 | ov_119 | 3.2573217556421 × 10^285 |
| 118 | ov_118 | 4.347566620043505 × 10^285 |
| 117 | ov_117 | 5.660729238893736 × 10^285 |
| 116 | ov_116 | 7.21797774001564 × 10^285 |
| 115 | ov_115 | 9.040561033345151 × 10^285 |
| 114 | ov_114 | 1.11498469536055 × 10^286 |
| 113 | ov_113 | 1.356737141912926 × 10^286 |
| 112 | ov_112 | 1.6314899969585088 × 10^286 |
| 111 | ov_111 | 1.941450304642708 × 10^286 |
| 110 | ov_110 | 2.2888646381870153 × 10^286 |
| 109 | ov_109 | 2.6760297865605747 × 10^286 |
| 108 | ov_108 | 3.105305226390227 × 10^286 |
| 107 | ov_107 | 3.5791275173869094 × 10^286 |
| 106 | ov_106 | 4.1000267607276703 × 10^286 |
| 105 | ov_105 | 4.670645261428416 × 10^286 |
| 104 | ov_104 | 5.293758537868475 × 10^286 |
| 103 | ov_103 | 5.9722988243888 × 10^286 |
| 102 | ov_102 | 6.709381216394883 × 10^286 |
| 101 | ov_101 | 7.50833261177612 × 10^286 |
| 100 | ov_100 | 8.372723607833266 × 10^286 |
| 99 | ov_099 | 9.30640351943009 × 10^286 |
| 98 | ov_098 | 9.306492994170974 × 10^286 |
| 97 | ov_097 | 9.306772770862293 × 10^286 |
| 96 | aaa_78_29 | 1.4101011599581724 × 10^287 |
| 95 | aaa_78_28 | 4.5918859651059744 × 10^287 |
| 94 | ov_094 | 1.487117338844928 × 10^288 |
| 93 | ov_093 | 3.471946990651309 × 10^288 |
| 92 | ov_092 | 6.948778810964398 × 10^288 |
| 91 | ov_091 | 1.3134773863676944 × 10^289 |
| 90 | ov_090 | 2.3541066983689267 × 10^289 |
| 89 | ov_089 | 3.997296212844246 × 10^289 |
| 88 | ov_088 | 6.453035294617766 × 10^289 |
| 87 | ov_087 | 9.96085056709762 × 10^289 |
| 86 | ov_086 | 1.4789936300591364 × 10^290 |
| 85 | ov_085 | 2.1239353597098344 × 10^290 |
| 84 | ov_084 | 2.963831521100564 × 10^290 |
| 83 | ov_083 | 4.034657284695748 × 10^290 |
| 82 | ov_082 | 5.375492378001197 × 10^290 |
| 81 | ov_081 | 7.02858536504908 × 10^290 |
| 64 | lv_79_m31 | 7.878176308869891 × 10^290 |
| 80 | ov_080 | 9.039433229882951 × 10^290 |
| 79 | ov_079 | 1.1456877952759027 × 10^291 |
| 78 | ov_078 | 1.4333221771335748 × 10^291 |
| 77 | ov_077 | 1.7724362824654552 × 10^291 |
| 76 | ov_076 | 2.1689952885938685 × 10^291 |
| 75 | ov_075 | 2.629357890198074 × 10^291 |
| 74 | ov_074 | 3.160297007308921 × 10^291 |
| 73 | ov_073 | 3.769023222926527 × 10^291 |
| 63 | ov_063 | 4.04141207652451 × 10^291 |
| 72 | ov_072 | 4.463211128663693 × 10^291 |
| 71 | ov_071 | 5.2510287604452877 × 10^291 |
| 70 | ov_070 | 6.141170310850621 × 10^291 |
| 69 | ov_069 | 7.1428923103203 × 10^291 |
| 68 | ov_068 | 8.266053476320659 × 10^291 |
| 67 | ov_067 | 9.521158437838516 × 10^291 |
| 66 | ov_066 | 9.521165223241374 × 10^291 |
| 65 | ov_065 | 9.521192950273896 × 10^291 |
| 62 | ov_062 | 2.0727936525418185 × 10^292 |
| 61 | ov_061 | 7.553903718080139 × 10^292 |
| 60 | ov_060 | 2.1619856707259634 × 10^293 |
| 59 | ov_059 | 5.215991136615963 × 10^293 |
| 58 | ov_058 | 1.0585437018808558 × 10^294 |
| 57 | ov_057 | 1.9124917637719155 × 10^294 |
| 56 | ov_056 | 3.273019340651018 × 10^294 |
| 55 | ov_055 | 5.367018917275833 × 10^294 |
| 54 | ov_054 | 8.458706012909805 × 10^294 |
| 53 | ov_053 | 1.2849632160683438 × 10^295 |
| 52 | ov_052 | 1.8878708512929856 × 10^295 |
| 51 | ov_051 | 2.6922247228745795 × 10^295 |
| 50 | ov_050 | 3.739403116923989 × 10^295 |
| 49 | ov_049 | 5.074542516700844 × 10^295 |
| 48 | ov_048 | 6.746554449200242 × 10^295 |
| 47 | ov_047 | 8.808149849668262 × 10^295 |
| 32 | lv_80_m31 | 9.736609441607069 × 10^295 |
| 46 | ov_046 | 1.1315872979276598 × 10^296 |
| 45 | ov_045 | 1.433014716947918 × 10^296 |
| 44 | ov_044 | 1.791533490683585 × 10^296 |
| 43 | ov_043 | 2.2139815015072704 × 10^296 |
| 42 | ov_042 | 2.707607993774261 × 10^296 |
| 41 | ov_041 | 3.2800856376074925 × 10^296 |
| 40 | ov_040 | 3.939525279361702 × 10^296 |
| 39 | ov_039 | 4.69449375633646 × 10^296 |
| 31 | ov_031 | 4.992502825263078 × 10^296 |
| 38 | ov_038 | 5.554035180567927 × 10^296 |
| 37 | ov_037 | 6.527696124796387 × 10^296 |
| 36 | ov_036 | 7.625555173150768 × 10^296 |
| 35 | ov_035 | 8.858257329896093 × 10^296 |
| 34 | ov_034 | 1.0237053811952438 × 10^297 |
| 33 | ov_033 | 1.1773847785026114 × 10^297 |
| 30 | ov_030 | 2.5594149653281594 × 10^297 |
| 29 | ov_029 | 8.371304460221547 × 10^297 |
| 28 | ov_028 | 2.1722638100353117 × 10^298 |
| 27 | ov_027 | 5.232836880312241 × 10^298 |
| 26 | ov_026 | 1.1433616222301 × 10^299 |
| 25 | ov_025 | 2.2648010498326587 × 10^299 |
| 24 | ov_024 | 4.1208082013656795 × 10^299 |
| 23 | ov_023 | 6.99045825640712 × 10^299 |
| 22 | ov_022 | 1.1198704429688387 × 10^300 |
| 21 | ov_021 | 1.7116397272138113 × 10^300 |
| 20 | ov_020 | 2.516031988974851 × 10^300 |
| 19 | ov_019 | 3.57932463330278 × 10^300 |
| 18 | ov_018 | 4.952403434528536 × 10^300 |
| 17 | ov_017 | 6.690776846080633 × 10^300 |
| 16 | ov_016 | 8.854597309770713 × 10^300 |
| 15 | ov_015 | 1.1508691827682019 × 10^301 |
| 14 | ov_014 | 1.472260435860908 × 10^301 |
| 13 | ov_013 | 1.8570652900088024 × 10^301 |
| 12 | ov_012 | 2.3132004416616383 × 10^301 |
| 11 | ov_011 | 2.849077107497328 × 10^301 |
| 10 | ov_010 | 3.473613154901595 × 10^301 |
| 9 | ov_009 | 4.196248145948008 × 10^301 |
| 8 | ov_008 | 5.026961731983778 × 10^301 |
| 7 | ov_007 | 5.976295866802778 × 10^301 |
| 6 | ov_006 | 7.055381337691927 × 10^301 |
| 5 | ov_005 | 8.275969145496593 × 10^301 |
| 4 | ov_004 | 9.650467297414355 × 10^301 |
| 3 | ov_003 | 1.1191983609668598 × 10^302 |
| 2 | ov_002 | 1.2914375151735432 × 10^302 |
| 1 | ov_001 | 1.483230499962993 × 10^302 |

