# Results for F015-F016-F017-F018-F019-F020-F021-F022-F023-F024-F025-F026-F027-F028-F029-F030-F031-F032-F033-F034-F035-F036-F037-F038-F039-F040-F041-F042-F043-F044-F045-F046-F047-F048-F049-F050-F051-F052-F053-F054-F055-F056-F057-F058-F059-F060-F061-F062-F063-F064-F065-F066-F067-F068-F069-F070-F071-F072-F073-F074-F075-F076-F077-F078-F079-F080-F081-F082-F083-F084-F085-F086-F087-F088-F089-F090-F091-F092-F093-F094-F095-F096-F097-F098-F099-F100-F101-F102-F103-F104-F105-F106-F107-F108-F109-F110-F111-F112-F113-F114-F115-F116-F117-F118-F119-F120-F121-F122-F123-F124-F125-F126-F127-F128-F129-F130-F131-F132-F133-F134-F135-F136-F137-F138-F139-F140-F141-F142-F143-F144-F145-F146-F147-F148-F149-F150-F151-F152-F153-F154-F155-F156-F157-F158-F159-F160-F161-F162-F163-F164-F165-F166-F167-F168-F169-F170-F171-F172-F173-F174-F175-F176-F177-F178-F179-F180-F181-F182-F183-F184-F185-F186-F187-F188-F189-F190-F191-F192-F193-F194-F195-F196-F197-F198-F199-F200-F201-F202-F203-F204-F205-F206-F207-F208-F209-F210-F211-F212-F213-F214-F215-F216-F217-F218-F219-F220-F221-F222-F223-F224-F225-F226-F227-F228-F229-F230-F231-F232-F233-F234-F235-F236-F237-F238-F239-F240-F241-F242-F243-F244-F245-F246-F247-F248-F249-F250-F251-F252-F253-F254-F255-F256-F257-F258-F259-F260-F261-F262-F263-F264-F265-F266-F267-F268-F269-F270-F271-F272-F273-F274-F275-F276-F277-F278-F279-F280-F281-F282-F283-F284-F285-F286-F287-F288-F289-F290-F291-F292-F293-F294-F295-F296-F297-F298-F299-F300-F301-F302-F303-F304-F305-F306-F307-F308-F309-F310-F311-F312-F313-F314-F315-F316-F317-F318-F319-F320-F321-F322-F323-F324-F325-F326-F327-F328-F329-F330-F331-F332-F333-F334-F335-F336-F337-F338-F339-F340-F341-F342-F343-F344-F345-F346-F347-F348-F349-F350-F351-F352-F353-F354-F355-F356-F357-F358-F359-F360-F361-F362-F363-F364-F365-F366-F367-F368-F369-F370-F371-F372-F373-F374-F375-F376-F377-F378-F379-F380-F381-F382-F383-F384-F385-F386-F387-F388-F389-F390-F391-F392-F393-F394-F395-F396-F397-F398-F399-F400-F401-F402-F403-F404-F405-F406-F407-F408-F409-F410-F411-F412-F413-F414-F415-F416-F417-F418-F419-F420-F421-F422-F423-F424-F425-F426-F427-F428-F429-F430-F431-F432-F433-F434-F435-F436-F437-F438-F439-F440-F441-F442-F443-F444-F445-F446-F447-F448-F449-F450-F451-F452-F453-F454-F455-F456-F457-F458-F459-F460-F461-F462-F463-F464-F465-F466-F467-F468-F469-F470-F471-F472-F473-F474-F475-F476-F477-F478-F479-F480-F481-F482-F483-F484-F485-F486-F487-F488-F489-F490-F491-F492-F493-F494-F495-F496-F497-F498-F499-F500-F501-F502-F503-F504-F505-F506-F507-F508-F509-F510-F511-F512

## Summary

Number of input bits: 512  
Number of free input bits: 14  
Number of output bits: 160

Number of direct occurrences: 63585  
Number of assignments: 38752  
Number of operations: 18989931
(xor: 18951612,
and: 21900,
or: 16419)

Total complexity: 3.6938941881829965 × 10^354

Least occurring input variable: iv_003 (4330)  
Most occurring input variable: iv_012 (5030)

Most co-occurring input variables: iv_011-iv_012 (2570)  
Least co-occurring input variables: iv_001-iv_003 (1941)

Potentially most occurring input variable: iv_011/iv_014 (5245)  
Potentially least occurring input variable: iv_003/iv_013 (4374)

Least output occurring input variable: iv_011 (63)  
Most output occurring input variable: iv_012 (84)

Most output co-occurring input variables: iv_003-iv_010 (48)  
Least output co-occurring input variables: iv_005-iv_011 (20)

Potentially most output occurring input variable: iv_001/iv_004 (97)  
Potentially least output occurring input variable: iv_003/iv_005 (65)

Least complex input bit: iv_001 (3.4233713304632446 × 10^351)  
Most complex input bit: iv_012 (7.68614844662394 × 10^353)

Least complex output bit: aaa_76_29 (8.931689542019588 × 10^329)  
Most complex output bit: ov_001 (5.5980384615190014 × 10^353)

Least complex input/output complexity: iv_001/aaa_76_29 (8.277576008691419 × 10^326)  
Most complex input/output complexity: iv_012/ov_001 (1.164823691019428 × 10^353)

## Input Bits

### Input Bits in Regular Order

| Input Bit | Complexity | Occurrences | Output Occurrences |
|:---------:|:----------:|:-----------:|:------------------:|
| iv_001 | 3.4233713304632446 × 10^351 | 4571 | 75 |
| iv_002 | 1.4764333913167744 × 10^352 | 4363 | 80 |
| iv_003 | 4.23469337636324 × 10^352 | 4330 | 80 |
| iv_004 | 9.183843108339992 × 10^352 | 4565 | 78 |
| iv_005 | 1.4689969850330807 × 10^353 | 4618 | 73 |
| iv_006 | 2.0265499044209504 × 10^353 | 4401 | 80 |
| iv_007 | 2.613264953801454 × 10^353 | 4354 | 81 |
| iv_008 | 3.276820241217591 × 10^353 | 4522 | 81 |
| iv_009 | 4.0991096261179776 × 10^353 | 4458 | 77 |
| iv_010 | 5.120678143657588 × 10^353 | 4482 | 83 |
| iv_011 | 6.382351666791599 × 10^353 | 4646 | 63 |
| iv_012 | 7.68614844662394 × 10^353 | 5030 | 84 |
| iv_013 | 1.3507993640351053 × 10^353 | 4438 | 80 |
| iv_014 | 1.3904918492240806 × 10^353 | 4807 | 81 |

### Input Bits Sorted by Complexity

| Input Bit | Complexity | Occurrences | Output Occurrences |
|:---------:|:----------:|:-----------:|:------------------:|
| iv_001 | 3.4233713304632446 × 10^351 | 4571 | 75 |
| iv_002 | 1.4764333913167744 × 10^352 | 4363 | 80 |
| iv_003 | 4.23469337636324 × 10^352 | 4330 | 80 |
| iv_004 | 9.183843108339992 × 10^352 | 4565 | 78 |
| iv_013 | 1.3507993640351053 × 10^353 | 4438 | 80 |
| iv_014 | 1.3904918492240806 × 10^353 | 4807 | 81 |
| iv_005 | 1.4689969850330807 × 10^353 | 4618 | 73 |
| iv_006 | 2.0265499044209504 × 10^353 | 4401 | 80 |
| iv_007 | 2.613264953801454 × 10^353 | 4354 | 81 |
| iv_008 | 3.276820241217591 × 10^353 | 4522 | 81 |
| iv_009 | 4.0991096261179776 × 10^353 | 4458 | 77 |
| iv_010 | 5.120678143657588 × 10^353 | 4482 | 83 |
| iv_011 | 6.382351666791599 × 10^353 | 4646 | 63 |
| iv_012 | 7.68614844662394 × 10^353 | 5030 | 84 |

### Input Bits Sorted by Occurrences

| Input Bit | Complexity | Occurrences | Output Occurrences |
|:---------:|:----------:|:-----------:|:------------------:|
| iv_003 | 4.23469337636324 × 10^352 | 4330 | 80 |
| iv_007 | 2.613264953801454 × 10^353 | 4354 | 81 |
| iv_002 | 1.4764333913167744 × 10^352 | 4363 | 80 |
| iv_006 | 2.0265499044209504 × 10^353 | 4401 | 80 |
| iv_013 | 1.3507993640351053 × 10^353 | 4438 | 80 |
| iv_009 | 4.0991096261179776 × 10^353 | 4458 | 77 |
| iv_010 | 5.120678143657588 × 10^353 | 4482 | 83 |
| iv_008 | 3.276820241217591 × 10^353 | 4522 | 81 |
| iv_004 | 9.183843108339992 × 10^352 | 4565 | 78 |
| iv_001 | 3.4233713304632446 × 10^351 | 4571 | 75 |
| iv_005 | 1.4689969850330807 × 10^353 | 4618 | 73 |
| iv_011 | 6.382351666791599 × 10^353 | 4646 | 63 |
| iv_014 | 1.3904918492240806 × 10^353 | 4807 | 81 |
| iv_012 | 7.68614844662394 × 10^353 | 5030 | 84 |

### Input Bits Sorted by Output Occurrences

| Input Bit | Complexity | Occurrences | Output Occurrences |
|:---------:|:----------:|:-----------:|:------------------:|
| iv_011 | 6.382351666791599 × 10^353 | 4646 | 63 |
| iv_005 | 1.4689969850330807 × 10^353 | 4618 | 73 |
| iv_001 | 3.4233713304632446 × 10^351 | 4571 | 75 |
| iv_009 | 4.0991096261179776 × 10^353 | 4458 | 77 |
| iv_004 | 9.183843108339992 × 10^352 | 4565 | 78 |
| iv_002 | 1.4764333913167744 × 10^352 | 4363 | 80 |
| iv_003 | 4.23469337636324 × 10^352 | 4330 | 80 |
| iv_006 | 2.0265499044209504 × 10^353 | 4401 | 80 |
| iv_013 | 1.3507993640351053 × 10^353 | 4438 | 80 |
| iv_007 | 2.613264953801454 × 10^353 | 4354 | 81 |
| iv_008 | 3.276820241217591 × 10^353 | 4522 | 81 |
| iv_014 | 1.3904918492240806 × 10^353 | 4807 | 81 |
| iv_010 | 5.120678143657588 × 10^353 | 4482 | 83 |
| iv_012 | 7.68614844662394 × 10^353 | 5030 | 84 |

## Input Bit Co-occurrences

### Input Bit Co-occurrences Sorted by Co-occurrences

| Input Bits | Co-occurrences | Potential Occurrences | Output Co-occurrences | Potential Output Occurrences |
|:----------:|:--------------:|:---------------------:|:---------------------:|:----------------------------:|
| iv_011-iv_012 | 2570 | 4536 | 32 | 83 |
| iv_004-iv_005 | 2370 | 4443 | 42 | 67 |
| iv_001-iv_012 | 2357 | 4887 | 41 | 77 |
| iv_012-iv_014 | 2315 | 5207 | 42 | 81 |
| iv_005-iv_012 | 2290 | 5068 | 40 | 77 |
| iv_013-iv_014 | 2277 | 4691 | 37 | 87 |
| iv_004-iv_014 | 2277 | 4818 | 42 | 75 |
| iv_004-iv_009 | 2246 | 4531 | 41 | 73 |
| iv_008-iv_012 | 2242 | 5068 | 43 | 79 |
| iv_010-iv_012 | 2240 | 5032 | 41 | 85 |
| iv_005-iv_014 | 2240 | 4945 | 37 | 80 |
| iv_001-iv_006 | 2239 | 4494 | 39 | 77 |
| iv_006-iv_012 | 2235 | 4961 | 41 | 82 |
| iv_009-iv_012 | 2224 | 5040 | 40 | 81 |

### Input Bit Co-occurrences Sorted by Potential Occurrences

| Input Bits | Co-occurrences | Potential Occurrences | Output Co-occurrences | Potential Output Occurrences |
|:----------:|:--------------:|:---------------------:|:---------------------:|:----------------------------:|
| iv_003-iv_013 | 2197 | 4374 | 41 | 78 |
| iv_002-iv_007 | 2169 | 4379 | 42 | 77 |
| iv_004-iv_005 | 2370 | 4443 | 42 | 67 |
| iv_001-iv_006 | 2239 | 4494 | 39 | 77 |
| iv_004-iv_009 | 2246 | 4531 | 41 | 73 |
| iv_011-iv_012 | 2570 | 4536 | 32 | 83 |
| iv_003-iv_007 | 2070 | 4544 | 40 | 81 |
| iv_009-iv_010 | 2191 | 4558 | 46 | 68 |
| iv_003-iv_009 | 2080 | 4628 | 36 | 85 |
| iv_002-iv_013 | 2075 | 4651 | 43 | 74 |
| iv_002-iv_009 | 2083 | 4655 | 38 | 81 |
| iv_002-iv_003 | 2014 | 4665 | 37 | 86 |
| iv_007-iv_010 | 2085 | 4666 | 41 | 82 |
| iv_006-iv_007 | 2041 | 4673 | 45 | 71 |

### Input Bit Output Co-occurrences Sorted by Output Co-occurrences

| Input Bits | Co-occurrences | Potential Occurrences | Output Co-occurrences | Potential Output Occurrences |
|:----------:|:--------------:|:---------------------:|:---------------------:|:----------------------------:|
| iv_003-iv_010 | 1969 | 4874 | 48 | 67 |
| iv_002-iv_006 | 2030 | 4704 | 47 | 66 |
| iv_002-iv_012 | 2162 | 5069 | 46 | 72 |
| iv_003-iv_004 | 2088 | 4719 | 46 | 66 |
| iv_007-iv_014 | 2143 | 4875 | 46 | 70 |
| iv_008-iv_010 | 2067 | 4870 | 46 | 72 |
| iv_009-iv_010 | 2191 | 4558 | 46 | 68 |
| iv_002-iv_010 | 2043 | 4759 | 45 | 73 |
| iv_006-iv_007 | 2041 | 4673 | 45 | 71 |
| iv_007-iv_012 | 2206 | 4972 | 45 | 75 |
| iv_003-iv_005 | 2117 | 4714 | 44 | 65 |
| iv_010-iv_013 | 1995 | 4930 | 44 | 75 |
| iv_001-iv_010 | 2110 | 4833 | 44 | 70 |
| iv_003-iv_012 | 2154 | 5052 | 43 | 78 |

### Input Bit Output Co-occurrences Sorted by Potential Output Occurrences

| Input Bits | Co-occurrences | Potential Occurrences | Output Co-occurrences | Potential Output Occurrences |
|:----------:|:--------------:|:---------------------:|:---------------------:|:----------------------------:|
| iv_003-iv_005 | 2117 | 4714 | 44 | 65 |
| iv_002-iv_006 | 2030 | 4704 | 47 | 66 |
| iv_003-iv_004 | 2088 | 4719 | 46 | 66 |
| iv_003-iv_010 | 1969 | 4874 | 48 | 67 |
| iv_004-iv_005 | 2370 | 4443 | 42 | 67 |
| iv_009-iv_010 | 2191 | 4558 | 46 | 68 |
| iv_007-iv_014 | 2143 | 4875 | 46 | 70 |
| iv_001-iv_010 | 2110 | 4833 | 44 | 70 |
| iv_006-iv_007 | 2041 | 4673 | 45 | 71 |
| iv_001-iv_013 | 1987 | 5035 | 42 | 71 |
| iv_002-iv_012 | 2162 | 5069 | 46 | 72 |
| iv_008-iv_010 | 2067 | 4870 | 46 | 72 |
| iv_008-iv_009 | 2141 | 4698 | 43 | 72 |
| iv_002-iv_010 | 2043 | 4759 | 45 | 73 |

## Output Bits

### Output Bits in Regular Order

| Rank | Output Bit | Complexity |
|:----:|:----------:|:----------:|
| 1 | ov_001 | 5.5980384615190014 × 10^353 |
| 2 | ov_002 | 4.9020545151647266 × 10^353 |
| 3 | ov_003 | 4.275172557365579 × 10^353 |
| 4 | ov_004 | 3.711572101967246 × 10^353 |
| 5 | ov_005 | 3.205761602206034 × 10^353 |
| 6 | ov_006 | 2.752555322956571 × 10^353 |
| 7 | ov_007 | 2.347052809536583 × 10^353 |
| 8 | ov_008 | 1.9846207819302063 × 10^353 |
| 9 | ov_009 | 1.6630072775725965 × 10^353 |
| 10 | ov_010 | 1.3800823309086954 × 10^353 |
| 11 | ov_011 | 1.133831657803054 × 10^353 |
| 12 | ov_012 | 9.223513082658578 × 10^352 |
| 13 | ov_013 | 7.42147255707247 × 10^352 |
| 14 | ov_014 | 5.899267519771287 × 10^352 |
| 15 | ov_015 | 4.625928514261189 × 10^352 |
| 16 | ov_016 | 3.5724002358557027 × 10^352 |
| 17 | ov_017 | 2.7115069669066916 × 10^352 |
| 18 | ov_018 | 2.0179258722465723 × 10^352 |
| 19 | ov_019 | 1.4681668342732072 × 10^352 |
| 20 | ov_020 | 1.0405576333340331 × 10^352 |
| 21 | ov_021 | 7.152334042591285 × 10^351 |
| 22 | ov_022 | 4.741294243774723 × 10^351 |
| 23 | ov_023 | 3.009764123803768 × 10^351 |
| 24 | ov_024 | 1.812976411575837 × 10^351 |
| 25 | ov_025 | 1.0240729135092023 × 10^351 |
| 26 | ov_026 | 5.340959543280889 × 10^350 |
| 27 | ov_027 | 2.5198441752623593 × 10^350 |
| 28 | ov_028 | 1.045721710954889 × 10^350 |
| 29 | ov_029 | 3.6587556271354455 × 10^349 |
| 30 | ov_030 | 1.0055049570492724 × 10^349 |
| 31 | ov_031 | 1.963994911734904 × 10^348 |
| 32 | lv_80_m31 | 3.8359038504584545 × 10^347 |
| 33 | ov_033 | 4.789276949965479 × 10^348 |
| 34 | ov_034 | 4.191067998715285 × 10^348 |
| 35 | ov_035 | 3.654452613803326 × 10^348 |
| 36 | ov_036 | 3.1739161806320835 × 10^348 |
| 37 | ov_037 | 2.7442828104444937 × 10^348 |
| 38 | ov_038 | 2.36069242492541 × 10^348 |
| 39 | ov_039 | 2.0185798791179082 × 10^348 |
| 40 | ov_040 | 1.713656011657812 × 10^348 |
| 41 | ov_041 | 1.441890516108601 × 10^348 |
| 42 | ov_042 | 1.201330922468321 × 10^348 |
| 43 | ov_043 | 9.901428394300107 × 10^347 |
| 44 | ov_044 | 8.06603452232748 × 10^347 |
| 45 | ov_045 | 6.490957585619531 × 10^347 |
| 46 | ov_046 | 5.1610349590920945 × 10^347 |
| 47 | ov_047 | 4.0487925087395613 × 10^347 |
| 48 | ov_048 | 3.1285731093139806 × 10^347 |
| 49 | ov_049 | 2.37647632806652 × 10^347 |
| 50 | ov_050 | 1.7703078827005593 × 10^347 |
| 51 | ov_051 | 1.289537987916181 × 10^347 |
| 52 | ov_052 | 9.152677072657475 × 10^346 |
| 53 | ov_053 | 6.3020242849477836 × 10^346 |
| 54 | ov_054 | 4.1863158138891135 × 10^346 |
| 55 | ov_055 | 2.6641371760407324 × 10^346 |
| 56 | ov_056 | 1.609660721829486 × 10^346 |
| 57 | ov_057 | 9.125772656438518 × 10^345 |
| 58 | ov_058 | 4.78055002701018 × 10^345 |
| 59 | ov_059 | 2.267174172486256 × 10^345 |
| 60 | ov_060 | 9.463300868323762 × 10^344 |
| 61 | ov_061 | 3.331135596863136 × 10^344 |
| 62 | ov_062 | 9.210851769721437 × 10^343 |
| 63 | ov_063 | 1.8108848340319293 × 10^343 |
| 64 | lv_79_m31 | 3.559920455180257 × 10^342 |
| 65 | ov_065 | 4.880553471388938 × 10^343 |
| 66 | ov_066 | 4.880405846557445 × 10^343 |
| 67 | ov_067 | 4.880358514835775 × 10^343 |
| 68 | ov_068 | 4.389287404403471 × 10^343 |
| 69 | ov_069 | 3.934973740331147 × 10^343 |
| 70 | ov_070 | 3.515327920631153 × 10^343 |
| 71 | ov_071 | 3.128411270222193 × 10^343 |
| 72 | ov_072 | 2.772419224303959 × 10^343 |
| 73 | ov_073 | 2.445665647674786 × 10^343 |
| 74 | ov_074 | 2.146568012542829 × 10^343 |
| 75 | ov_075 | 1.8736333868126536 × 10^343 |
| 76 | ov_076 | 1.625445356189554 × 10^343 |
| 77 | ov_077 | 1.400652164130814 × 10^343 |
| 78 | ov_078 | 1.197956165338229 × 10^343 |
| 79 | ov_079 | 1.0161045106964273 × 10^343 |
| 80 | ov_080 | 8.538809833098374 × 10^342 |
| 81 | ov_081 | 7.100989066496757 × 10^342 |
| 82 | ov_082 | 5.835950468487335 × 10^342 |
| 83 | ov_083 | 4.732244319374685 × 10^342 |
| 84 | ov_084 | 3.778560113539729 × 10^342 |
| 85 | ov_085 | 2.963690794305483 × 10^342 |
| 86 | ov_086 | 2.2765038680231405 × 10^342 |
| 87 | ov_087 | 1.705918638336676 × 10^342 |
| 88 | ov_088 | 1.2408888024643254 × 10^342 |
| 89 | ov_089 | 8.703896518067347 × 10^341 |
| 90 | ov_090 | 5.834091194003391 × 10^341 |
| 91 | ov_091 | 3.689419168159588 × 10^341 |
| 92 | ov_092 | 2.1598600952263578 × 10^341 |
| 93 | ov_093 | 1.1354071737850363 × 10^341 |
| 94 | ov_094 | 5.060582434140959 × 10^340 |
| 95 | aaa_78_28 | 1.6181236209323638 × 10^340 |
| 96 | aaa_78_29 | 6.079428175766679 × 10^339 |
| 97 | ov_097 | 5.8712623268124665 × 10^339 |
| 98 | ov_098 | 5.8712458091715475 × 10^339 |
| 99 | ov_099 | 5.871241806247191 × 10^339 |
| 100 | ov_100 | 5.138125181100543 × 10^339 |
| 101 | ov_101 | 4.478953375797089 × 10^339 |
| 102 | ov_102 | 3.8874979085227918 × 10^339 |
| 103 | ov_103 | 3.3578840271667725 × 10^339 |
| 104 | ov_104 | 2.8845668104159682 × 10^339 |
| 105 | ov_105 | 2.462309924454465 × 10^339 |
| 106 | ov_106 | 2.086166761407506 × 10^339 |
| 107 | ov_107 | 1.7514637640226606 × 10^339 |
| 108 | ov_108 | 1.4559304632965013 × 10^339 |
| 109 | ov_109 | 1.197422169045771 × 10^339 |
| 110 | ov_110 | 9.739140264232966 × 10^338 |
| 111 | ov_111 | 7.834958990412485 × 10^338 |
| 112 | ov_112 | 6.226749430562118 × 10^338 |
| 113 | ov_113 | 4.881687073511261 × 10^338 |
| 114 | ov_114 | 3.768996879541266 × 10^338 |
| 115 | ov_115 | 2.859909972565418 × 10^338 |
| 116 | ov_116 | 2.1276301211721028 × 10^338 |
| 117 | ov_117 | 1.5473084559717888 × 10^338 |
| 118 | ov_118 | 1.0960249146985259 × 10^338 |
| 119 | ov_119 | 7.527750641745292 × 10^337 |
| 120 | ov_120 | 4.9846110566116186 × 10^337 |
| 121 | ov_121 | 3.15886027400521 × 10^337 |
| 122 | ov_122 | 1.8975002536377824 × 10^337 |
| 123 | ov_123 | 1.0664847040205875 × 10^337 |
| 124 | ov_124 | 5.507085650742605 × 10^336 |
| 125 | ov_125 | 2.540031688177537 × 10^336 |
| 126 | ov_126 | 9.913432622220569 × 10^335 |
| 127 | aaa_77_28 | 2.78017096278596 × 10^335 |
| 128 | aaa_77_29 | 8.466966152965405 × 10^334 |
| 129 | ov_129 | 5.1222782466088885 × 10^334 |
| 130 | ov_130 | 5.1222607842709585 × 10^334 |
| 131 | ov_131 | 5.1222565404388274 × 10^334 |
| 132 | ov_132 | 4.4835584405897844 × 10^334 |
| 133 | ov_133 | 3.913829960192238 × 10^334 |
| 134 | ov_134 | 3.4065805304513555 × 10^334 |
| 135 | ov_135 | 2.9556937455859754 × 10^334 |
| 136 | ov_136 | 2.55540130993297 × 10^334 |
| 137 | ov_137 | 2.200259749601627 × 10^334 |
| 138 | ov_138 | 1.8851297054066495 × 10^334 |
| 139 | ov_139 | 1.6051576336706038 × 10^334 |
| 140 | ov_140 | 1.355759750916874 × 10^334 |
| 141 | ov_141 | 1.1347097338070875 × 10^334 |
| 142 | ov_142 | 9.399059160847645 × 10^333 |
| 143 | ov_143 | 7.693657448506756 × 10^333 |
| 144 | ov_144 | 6.212211061742967 × 10^333 |
| 145 | ov_145 | 4.937144575402389 × 10^333 |
| 146 | ov_146 | 3.8519569615021087 × 10^333 |
| 147 | ov_147 | 2.9411967200609967 × 10^333 |
| 148 | ov_148 | 2.1904424915504136 × 10^333 |
| 149 | ov_149 | 1.5862882648653102 × 10^333 |
| 150 | ov_150 | 1.1163323746276801 × 10^333 |
| 151 | ov_151 | 7.587551846267417 × 10^332 |
| 152 | ov_152 | 4.9371514983188155 × 10^332 |
| 153 | ov_153 | 3.033428307077752 × 10^332 |
| 154 | ov_154 | 1.7173722456386594 × 10^332 |
| 155 | ov_155 | 8.496367506057164 × 10^331 |
| 156 | aaa_76_25 | 3.105280869474913 × 10^331 |
| 157 | aaa_76_26 | 1.6234789724942795 × 10^331 |
| 158 | aaa_76_27 | 7.4923046216086884 × 10^330 |
| 159 | aaa_76_28 | 2.926346976768035 × 10^330 |
| 160 | aaa_76_29 | 8.931689542019588 × 10^329 |

### Output Bits Sorted by Complexity

| Rank | Output Bit | Complexity |
|:----:|:----------:|:----------:|
| 160 | aaa_76_29 | 8.931689542019588 × 10^329 |
| 159 | aaa_76_28 | 2.926346976768035 × 10^330 |
| 158 | aaa_76_27 | 7.4923046216086884 × 10^330 |
| 157 | aaa_76_26 | 1.6234789724942795 × 10^331 |
| 156 | aaa_76_25 | 3.105280869474913 × 10^331 |
| 155 | ov_155 | 8.496367506057164 × 10^331 |
| 154 | ov_154 | 1.7173722456386594 × 10^332 |
| 153 | ov_153 | 3.033428307077752 × 10^332 |
| 152 | ov_152 | 4.9371514983188155 × 10^332 |
| 151 | ov_151 | 7.587551846267417 × 10^332 |
| 150 | ov_150 | 1.1163323746276801 × 10^333 |
| 149 | ov_149 | 1.5862882648653102 × 10^333 |
| 148 | ov_148 | 2.1904424915504136 × 10^333 |
| 147 | ov_147 | 2.9411967200609967 × 10^333 |
| 146 | ov_146 | 3.8519569615021087 × 10^333 |
| 145 | ov_145 | 4.937144575402389 × 10^333 |
| 144 | ov_144 | 6.212211061742967 × 10^333 |
| 143 | ov_143 | 7.693657448506756 × 10^333 |
| 142 | ov_142 | 9.399059160847645 × 10^333 |
| 141 | ov_141 | 1.1347097338070875 × 10^334 |
| 140 | ov_140 | 1.355759750916874 × 10^334 |
| 139 | ov_139 | 1.6051576336706038 × 10^334 |
| 138 | ov_138 | 1.8851297054066495 × 10^334 |
| 137 | ov_137 | 2.200259749601627 × 10^334 |
| 136 | ov_136 | 2.55540130993297 × 10^334 |
| 135 | ov_135 | 2.9556937455859754 × 10^334 |
| 134 | ov_134 | 3.4065805304513555 × 10^334 |
| 133 | ov_133 | 3.913829960192238 × 10^334 |
| 132 | ov_132 | 4.4835584405897844 × 10^334 |
| 131 | ov_131 | 5.1222565404388274 × 10^334 |
| 130 | ov_130 | 5.1222607842709585 × 10^334 |
| 129 | ov_129 | 5.1222782466088885 × 10^334 |
| 128 | aaa_77_29 | 8.466966152965405 × 10^334 |
| 127 | aaa_77_28 | 2.78017096278596 × 10^335 |
| 126 | ov_126 | 9.913432622220569 × 10^335 |
| 125 | ov_125 | 2.540031688177537 × 10^336 |
| 124 | ov_124 | 5.507085650742605 × 10^336 |
| 123 | ov_123 | 1.0664847040205875 × 10^337 |
| 122 | ov_122 | 1.8975002536377824 × 10^337 |
| 121 | ov_121 | 3.15886027400521 × 10^337 |
| 120 | ov_120 | 4.9846110566116186 × 10^337 |
| 119 | ov_119 | 7.527750641745292 × 10^337 |
| 118 | ov_118 | 1.0960249146985259 × 10^338 |
| 117 | ov_117 | 1.5473084559717888 × 10^338 |
| 116 | ov_116 | 2.1276301211721028 × 10^338 |
| 115 | ov_115 | 2.859909972565418 × 10^338 |
| 114 | ov_114 | 3.768996879541266 × 10^338 |
| 113 | ov_113 | 4.881687073511261 × 10^338 |
| 112 | ov_112 | 6.226749430562118 × 10^338 |
| 111 | ov_111 | 7.834958990412485 × 10^338 |
| 110 | ov_110 | 9.739140264232966 × 10^338 |
| 109 | ov_109 | 1.197422169045771 × 10^339 |
| 108 | ov_108 | 1.4559304632965013 × 10^339 |
| 107 | ov_107 | 1.7514637640226606 × 10^339 |
| 106 | ov_106 | 2.086166761407506 × 10^339 |
| 105 | ov_105 | 2.462309924454465 × 10^339 |
| 104 | ov_104 | 2.8845668104159682 × 10^339 |
| 103 | ov_103 | 3.3578840271667725 × 10^339 |
| 102 | ov_102 | 3.8874979085227918 × 10^339 |
| 101 | ov_101 | 4.478953375797089 × 10^339 |
| 100 | ov_100 | 5.138125181100543 × 10^339 |
| 99 | ov_099 | 5.871241806247191 × 10^339 |
| 98 | ov_098 | 5.8712458091715475 × 10^339 |
| 97 | ov_097 | 5.8712623268124665 × 10^339 |
| 96 | aaa_78_29 | 6.079428175766679 × 10^339 |
| 95 | aaa_78_28 | 1.6181236209323638 × 10^340 |
| 94 | ov_094 | 5.060582434140959 × 10^340 |
| 93 | ov_093 | 1.1354071737850363 × 10^341 |
| 92 | ov_092 | 2.1598600952263578 × 10^341 |
| 91 | ov_091 | 3.689419168159588 × 10^341 |
| 90 | ov_090 | 5.834091194003391 × 10^341 |
| 89 | ov_089 | 8.703896518067347 × 10^341 |
| 88 | ov_088 | 1.2408888024643254 × 10^342 |
| 87 | ov_087 | 1.705918638336676 × 10^342 |
| 86 | ov_086 | 2.2765038680231405 × 10^342 |
| 85 | ov_085 | 2.963690794305483 × 10^342 |
| 64 | lv_79_m31 | 3.559920455180257 × 10^342 |
| 84 | ov_084 | 3.778560113539729 × 10^342 |
| 83 | ov_083 | 4.732244319374685 × 10^342 |
| 82 | ov_082 | 5.835950468487335 × 10^342 |
| 81 | ov_081 | 7.100989066496757 × 10^342 |
| 80 | ov_080 | 8.538809833098374 × 10^342 |
| 79 | ov_079 | 1.0161045106964273 × 10^343 |
| 78 | ov_078 | 1.197956165338229 × 10^343 |
| 77 | ov_077 | 1.400652164130814 × 10^343 |
| 76 | ov_076 | 1.625445356189554 × 10^343 |
| 63 | ov_063 | 1.8108848340319293 × 10^343 |
| 75 | ov_075 | 1.8736333868126536 × 10^343 |
| 74 | ov_074 | 2.146568012542829 × 10^343 |
| 73 | ov_073 | 2.445665647674786 × 10^343 |
| 72 | ov_072 | 2.772419224303959 × 10^343 |
| 71 | ov_071 | 3.128411270222193 × 10^343 |
| 70 | ov_070 | 3.515327920631153 × 10^343 |
| 69 | ov_069 | 3.934973740331147 × 10^343 |
| 68 | ov_068 | 4.389287404403471 × 10^343 |
| 67 | ov_067 | 4.880358514835775 × 10^343 |
| 66 | ov_066 | 4.880405846557445 × 10^343 |
| 65 | ov_065 | 4.880553471388938 × 10^343 |
| 62 | ov_062 | 9.210851769721437 × 10^343 |
| 61 | ov_061 | 3.331135596863136 × 10^344 |
| 60 | ov_060 | 9.463300868323762 × 10^344 |
| 59 | ov_059 | 2.267174172486256 × 10^345 |
| 58 | ov_058 | 4.78055002701018 × 10^345 |
| 57 | ov_057 | 9.125772656438518 × 10^345 |
| 56 | ov_056 | 1.609660721829486 × 10^346 |
| 55 | ov_055 | 2.6641371760407324 × 10^346 |
| 54 | ov_054 | 4.1863158138891135 × 10^346 |
| 53 | ov_053 | 6.3020242849477836 × 10^346 |
| 52 | ov_052 | 9.152677072657475 × 10^346 |
| 51 | ov_051 | 1.289537987916181 × 10^347 |
| 50 | ov_050 | 1.7703078827005593 × 10^347 |
| 49 | ov_049 | 2.37647632806652 × 10^347 |
| 48 | ov_048 | 3.1285731093139806 × 10^347 |
| 32 | lv_80_m31 | 3.8359038504584545 × 10^347 |
| 47 | ov_047 | 4.0487925087395613 × 10^347 |
| 46 | ov_046 | 5.1610349590920945 × 10^347 |
| 45 | ov_045 | 6.490957585619531 × 10^347 |
| 44 | ov_044 | 8.06603452232748 × 10^347 |
| 43 | ov_043 | 9.901428394300107 × 10^347 |
| 42 | ov_042 | 1.201330922468321 × 10^348 |
| 41 | ov_041 | 1.441890516108601 × 10^348 |
| 40 | ov_040 | 1.713656011657812 × 10^348 |
| 31 | ov_031 | 1.963994911734904 × 10^348 |
| 39 | ov_039 | 2.0185798791179082 × 10^348 |
| 38 | ov_038 | 2.36069242492541 × 10^348 |
| 37 | ov_037 | 2.7442828104444937 × 10^348 |
| 36 | ov_036 | 3.1739161806320835 × 10^348 |
| 35 | ov_035 | 3.654452613803326 × 10^348 |
| 34 | ov_034 | 4.191067998715285 × 10^348 |
| 33 | ov_033 | 4.789276949965479 × 10^348 |
| 30 | ov_030 | 1.0055049570492724 × 10^349 |
| 29 | ov_029 | 3.6587556271354455 × 10^349 |
| 28 | ov_028 | 1.045721710954889 × 10^350 |
| 27 | ov_027 | 2.5198441752623593 × 10^350 |
| 26 | ov_026 | 5.340959543280889 × 10^350 |
| 25 | ov_025 | 1.0240729135092023 × 10^351 |
| 24 | ov_024 | 1.812976411575837 × 10^351 |
| 23 | ov_023 | 3.009764123803768 × 10^351 |
| 22 | ov_022 | 4.741294243774723 × 10^351 |
| 21 | ov_021 | 7.152334042591285 × 10^351 |
| 20 | ov_020 | 1.0405576333340331 × 10^352 |
| 19 | ov_019 | 1.4681668342732072 × 10^352 |
| 18 | ov_018 | 2.0179258722465723 × 10^352 |
| 17 | ov_017 | 2.7115069669066916 × 10^352 |
| 16 | ov_016 | 3.5724002358557027 × 10^352 |
| 15 | ov_015 | 4.625928514261189 × 10^352 |
| 14 | ov_014 | 5.899267519771287 × 10^352 |
| 13 | ov_013 | 7.42147255707247 × 10^352 |
| 12 | ov_012 | 9.223513082658578 × 10^352 |
| 11 | ov_011 | 1.133831657803054 × 10^353 |
| 10 | ov_010 | 1.3800823309086954 × 10^353 |
| 9 | ov_009 | 1.6630072775725965 × 10^353 |
| 8 | ov_008 | 1.9846207819302063 × 10^353 |
| 7 | ov_007 | 2.347052809536583 × 10^353 |
| 6 | ov_006 | 2.752555322956571 × 10^353 |
| 5 | ov_005 | 3.205761602206034 × 10^353 |
| 4 | ov_004 | 3.711572101967246 × 10^353 |
| 3 | ov_003 | 4.275172557365579 × 10^353 |
| 2 | ov_002 | 4.9020545151647266 × 10^353 |
| 1 | ov_001 | 5.5980384615190014 × 10^353 |

