# Results for F005-F015-F017-F018-F019-F020-F021-F022-F023-F024-F025-F026-F027-F028-F029-F030-F031-F032-F033-F034-F035-F036-F037-F038-F039-F040-F041-F042-F043-F044-F045-F046-F047-F048-F049-F050-F051-F052-F053-F054-F055-F056-F057-F058-F059-F060-F061-F062-F063-F064-F065-F066-F067-F068-F069-F070-F071-F072-F073-F074-F075-F076-F077-F078-F079-F080-F081-F082-F083-F084-F085-F086-F087-F088-F089-F090-F091-F092-F093-F094-F095-F096-F097-F098-F099-F100-F101-F102-F103-F104-F105-F106-F107-F108-F109-F110-F111-F112-F113-F114-F115-F116-F117-F118-F119-F120-F121-F122-F123-F124-F125-F126-F127-F128-F129-F130-F131-F132-F133-F134-F135-F136-F137-F138-F139-F140-F141-F142-F143-F144-F145-F146-F147-F148-F149-F150-F151-F152-F153-F154-F155-F156-F157-F158-F159-F160-F161-F162-F163-F164-F165-F166-F167-F168-F169-F170-F171-F172-F173-F174-F175-F176-F177-F178-F179-F180-F181-F182-F183-F184-F185-F186-F187-F188-F189-F190-F191-F192-F193-F194-F195-F196-F197-F198-F199-F200-F201-F202-F203-F204-F205-F206-F207-F208-F209-F210-F211-F212-F213-F214-F215-F216-F217-F218-F219-F220-F221-F222-F223-F224-F225-F226-F227-F228-F229-F230-F231-F232-F233-F234-F235-F236-F237-F238-F239-F240-F241-F242-F243-F244-F245-F246-F247-F248-F249-F250-F251-F252-F253-F254-F255-F256-F257-F258-F259-F260-F261-F262-F263-F264-F265-F266-F267-F268-F269-F270-F271-F272-F273-F274-F275-F276-F277-F278-F279-F280-F281-F282-F283-F284-F285-F286-F287-F288-F289-F290-F291-F292-F293-F294-F295-F296-F297-F298-F299-F300-F301-F302-F303-F304-F305-F306-F307-F308-F309-F310-F311-F312-F313-F314-F315-F316-F317-F318-F319-F320-F321-F322-F323-F324-F325-F326-F327-F328-F329-F330-F331-F332-F333-F334-F335-F336-F337-F338-F339-F340-F341-F342-F343-F344-F345-F346-F347-F348-F349-F350-F351-F352-F353-F354-F355-F356-F357-F358-F359-F360-F361-F362-F363-F364-F365-F366-F367-F368-F369-F370-F371-F372-F373-F374-F375-F376-F377-F378-F379-F380-F381-F382-F383-F384-F385-F386-F387-F388-F389-F390-F391-F392-F393-F394-F395-F396-F397-F398-F399-F400-F401-F402-F403-F404-F405-F406-F407-F408-F409-F410-F411-F412-F413-F414-F415-F416-F417-F418-F419-F420-F421-F422-F423-F424-F425-F426-F427-F428-F429-F430-F431-F432-F433-F434-F435-F436-F437-F438-F439-F440-F441-F442-F443-F444-F445-F446-F447-F448-F449-F450-F451-F452-F453-F454-F455-F456-F457-F458-F459-F460-F461-F462-F463-F464-F465-F466-F467-F468-F469-F470-F471-F472-F473-F474-F475-F476-F477-F478-F479-F480-F481-F482-F483-F484-F485-F486-F487-F488-F489-F490-F491-F492-F493-F494-F495-F496-F497-F498-F499-F500-F501-F502-F503-F504-F505-F506-F507-F508-F509-F510-F511-F512

## Summary

Number of input bits: 512  
Number of free input bits: 14  
Number of output bits: 160

Number of direct occurrences: 63783  
Number of assignments: 38859  
Number of operations: 19016354
(xor: 18979011,
and: 20844,
or: 16499)

Total complexity: 8.351013457132652 × 10^354

Least occurring input variable: iv_007 (4363)  
Most occurring input variable: iv_012 (5020)

Most co-occurring input variables: iv_011-iv_012 (2571)  
Least co-occurring input variables: iv_003-iv_011 (1963)

Potentially most occurring input variable: iv_003/iv_012 (5247)  
Potentially least occurring input variable: iv_003/iv_013 (4380)

Least output occurring input variable: iv_011 (63)  
Most output occurring input variable: iv_013 (85)

Most output co-occurring input variables: iv_012-iv_013 (50)  
Least output co-occurring input variables: iv_011-iv_016 (26)

Potentially most output occurring input variable: iv_011/iv_016 (90)  
Potentially least output occurring input variable: iv_007/iv_014 (67)

Least complex input bit: iv_016 (1.5173022376112355 × 10^351)  
Most complex input bit: iv_012 (1.9861448784514961 × 10^354)

Least complex output bit: aaa_76_29 (1.9071719552152576 × 10^330)  
Most complex output bit: ov_001 (1.270532253893045 × 10^354)

Least complex input/output complexity: iv_016/aaa_76_29 (3.4651558041568295 × 10^326)  
Most complex input/output complexity: iv_012/ov_001 (3.021742381245718 × 10^353)

## Input Bits

### Input Bits in Regular Order

| Input Bit | Complexity | Occurrences | Output Occurrences |
|:---------:|:----------:|:-----------:|:------------------:|
| iv_001 | 9.96267730404144 × 10^351 | 4577 | 75 |
| iv_002 | 4.299052455712564 × 10^352 | 4608 | 75 |
| iv_003 | 8.028293983879609 × 10^352 | 4393 | 75 |
| iv_004 | 1.4425121081700921 × 10^353 | 4536 | 77 |
| iv_006 | 3.232882137784542 × 10^353 | 4403 | 80 |
| iv_007 | 4.962613715407587 × 10^353 | 4363 | 81 |
| iv_008 | 6.917413577535522 × 10^353 | 4521 | 81 |
| iv_009 | 9.336727246619447 × 10^353 | 4459 | 77 |
| iv_010 | 1.2337815410991589 × 10^354 | 4478 | 83 |
| iv_011 | 1.6038833784834953 × 10^354 | 4647 | 63 |
| iv_012 | 1.9861448784514961 × 10^354 | 5020 | 84 |
| iv_013 | 3.957151671766006 × 10^353 | 4559 | 85 |
| iv_014 | 4.075201694326142 × 10^353 | 4711 | 80 |
| iv_016 | 1.5173022376112355 × 10^351 | 4508 | 79 |

### Input Bits Sorted by Complexity

| Input Bit | Complexity | Occurrences | Output Occurrences |
|:---------:|:----------:|:-----------:|:------------------:|
| iv_016 | 1.5173022376112355 × 10^351 | 4508 | 79 |
| iv_001 | 9.96267730404144 × 10^351 | 4577 | 75 |
| iv_002 | 4.299052455712564 × 10^352 | 4608 | 75 |
| iv_003 | 8.028293983879609 × 10^352 | 4393 | 75 |
| iv_004 | 1.4425121081700921 × 10^353 | 4536 | 77 |
| iv_006 | 3.232882137784542 × 10^353 | 4403 | 80 |
| iv_013 | 3.957151671766006 × 10^353 | 4559 | 85 |
| iv_014 | 4.075201694326142 × 10^353 | 4711 | 80 |
| iv_007 | 4.962613715407587 × 10^353 | 4363 | 81 |
| iv_008 | 6.917413577535522 × 10^353 | 4521 | 81 |
| iv_009 | 9.336727246619447 × 10^353 | 4459 | 77 |
| iv_010 | 1.2337815410991589 × 10^354 | 4478 | 83 |
| iv_011 | 1.6038833784834953 × 10^354 | 4647 | 63 |
| iv_012 | 1.9861448784514961 × 10^354 | 5020 | 84 |

### Input Bits Sorted by Occurrences

| Input Bit | Complexity | Occurrences | Output Occurrences |
|:---------:|:----------:|:-----------:|:------------------:|
| iv_007 | 4.962613715407587 × 10^353 | 4363 | 81 |
| iv_003 | 8.028293983879609 × 10^352 | 4393 | 75 |
| iv_006 | 3.232882137784542 × 10^353 | 4403 | 80 |
| iv_009 | 9.336727246619447 × 10^353 | 4459 | 77 |
| iv_010 | 1.2337815410991589 × 10^354 | 4478 | 83 |
| iv_016 | 1.5173022376112355 × 10^351 | 4508 | 79 |
| iv_008 | 6.917413577535522 × 10^353 | 4521 | 81 |
| iv_004 | 1.4425121081700921 × 10^353 | 4536 | 77 |
| iv_013 | 3.957151671766006 × 10^353 | 4559 | 85 |
| iv_001 | 9.96267730404144 × 10^351 | 4577 | 75 |
| iv_002 | 4.299052455712564 × 10^352 | 4608 | 75 |
| iv_011 | 1.6038833784834953 × 10^354 | 4647 | 63 |
| iv_014 | 4.075201694326142 × 10^353 | 4711 | 80 |
| iv_012 | 1.9861448784514961 × 10^354 | 5020 | 84 |

### Input Bits Sorted by Output Occurrences

| Input Bit | Complexity | Occurrences | Output Occurrences |
|:---------:|:----------:|:-----------:|:------------------:|
| iv_011 | 1.6038833784834953 × 10^354 | 4647 | 63 |
| iv_002 | 4.299052455712564 × 10^352 | 4608 | 75 |
| iv_003 | 8.028293983879609 × 10^352 | 4393 | 75 |
| iv_001 | 9.96267730404144 × 10^351 | 4577 | 75 |
| iv_004 | 1.4425121081700921 × 10^353 | 4536 | 77 |
| iv_009 | 9.336727246619447 × 10^353 | 4459 | 77 |
| iv_016 | 1.5173022376112355 × 10^351 | 4508 | 79 |
| iv_006 | 3.232882137784542 × 10^353 | 4403 | 80 |
| iv_014 | 4.075201694326142 × 10^353 | 4711 | 80 |
| iv_007 | 4.962613715407587 × 10^353 | 4363 | 81 |
| iv_008 | 6.917413577535522 × 10^353 | 4521 | 81 |
| iv_010 | 1.2337815410991589 × 10^354 | 4478 | 83 |
| iv_012 | 1.9861448784514961 × 10^354 | 5020 | 84 |
| iv_013 | 3.957151671766006 × 10^353 | 4559 | 85 |

## Input Bit Co-occurrences

### Input Bit Co-occurrences Sorted by Co-occurrences

| Input Bits | Co-occurrences | Potential Occurrences | Output Co-occurrences | Potential Output Occurrences |
|:----------:|:--------------:|:---------------------:|:---------------------:|:----------------------------:|
| iv_011-iv_012 | 2571 | 4525 | 32 | 83 |
| iv_001-iv_012 | 2357 | 4883 | 41 | 77 |
| iv_002-iv_012 | 2330 | 4968 | 40 | 79 |
| iv_012-iv_016 | 2324 | 4880 | 39 | 85 |
| iv_012-iv_014 | 2297 | 5137 | 41 | 82 |
| iv_003-iv_013 | 2286 | 4380 | 41 | 78 |
| iv_012-iv_013 | 2285 | 5009 | 50 | 69 |
| iv_004-iv_009 | 2267 | 4461 | 42 | 70 |
| iv_013-iv_014 | 2257 | 4756 | 42 | 81 |
| iv_004-iv_014 | 2252 | 4743 | 42 | 73 |
| iv_001-iv_002 | 2251 | 4683 | 34 | 82 |
| iv_008-iv_012 | 2243 | 5055 | 43 | 79 |
| iv_010-iv_012 | 2241 | 5016 | 41 | 85 |
| iv_001-iv_006 | 2240 | 4500 | 39 | 77 |

### Input Bit Co-occurrences Sorted by Potential Occurrences

| Input Bits | Co-occurrences | Potential Occurrences | Output Co-occurrences | Potential Output Occurrences |
|:----------:|:--------------:|:---------------------:|:---------------------:|:----------------------------:|
| iv_003-iv_013 | 2286 | 4380 | 41 | 78 |
| iv_004-iv_009 | 2267 | 4461 | 42 | 70 |
| iv_001-iv_006 | 2240 | 4500 | 39 | 77 |
| iv_011-iv_012 | 2571 | 4525 | 32 | 83 |
| iv_009-iv_010 | 2193 | 4551 | 46 | 68 |
| iv_003-iv_004 | 2186 | 4557 | 38 | 76 |
| iv_003-iv_007 | 2057 | 4642 | 42 | 72 |
| iv_007-iv_010 | 2085 | 4671 | 41 | 82 |
| iv_006-iv_007 | 2042 | 4682 | 45 | 71 |
| iv_001-iv_002 | 2251 | 4683 | 34 | 82 |
| iv_007-iv_013 | 2119 | 4684 | 45 | 76 |
| iv_006-iv_016 | 2112 | 4687 | 37 | 85 |
| iv_004-iv_007 | 2103 | 4693 | 35 | 88 |
| iv_008-iv_009 | 2143 | 4694 | 43 | 72 |

### Input Bit Output Co-occurrences Sorted by Output Co-occurrences

| Input Bits | Co-occurrences | Potential Occurrences | Output Co-occurrences | Potential Output Occurrences |
|:----------:|:--------------:|:---------------------:|:---------------------:|:----------------------------:|
| iv_012-iv_013 | 2285 | 5009 | 50 | 69 |
| iv_007-iv_014 | 2124 | 4826 | 47 | 67 |
| iv_008-iv_010 | 2067 | 4865 | 46 | 72 |
| iv_009-iv_010 | 2193 | 4551 | 46 | 68 |
| iv_006-iv_007 | 2042 | 4682 | 45 | 71 |
| iv_007-iv_012 | 2206 | 4971 | 45 | 75 |
| iv_007-iv_013 | 2119 | 4684 | 45 | 76 |
| iv_008-iv_013 | 2162 | 4756 | 44 | 78 |
| iv_010-iv_014 | 2154 | 4881 | 44 | 75 |
| iv_004-iv_010 | 2127 | 4760 | 44 | 72 |
| iv_013-iv_016 | 2033 | 5001 | 44 | 76 |
| iv_001-iv_010 | 2111 | 4833 | 44 | 70 |
| iv_008-iv_012 | 2243 | 5055 | 43 | 79 |
| iv_010-iv_013 | 2062 | 4913 | 43 | 82 |

### Input Bit Output Co-occurrences Sorted by Potential Output Occurrences

| Input Bits | Co-occurrences | Potential Occurrences | Output Co-occurrences | Potential Output Occurrences |
|:----------:|:--------------:|:---------------------:|:---------------------:|:----------------------------:|
| iv_007-iv_014 | 2124 | 4826 | 47 | 67 |
| iv_009-iv_010 | 2193 | 4551 | 46 | 68 |
| iv_004-iv_011 | 2066 | 5051 | 36 | 68 |
| iv_012-iv_013 | 2285 | 5009 | 50 | 69 |
| iv_004-iv_009 | 2267 | 4461 | 42 | 70 |
| iv_001-iv_010 | 2111 | 4833 | 44 | 70 |
| iv_006-iv_007 | 2042 | 4682 | 45 | 71 |
| iv_008-iv_010 | 2067 | 4865 | 46 | 72 |
| iv_004-iv_010 | 2127 | 4760 | 44 | 72 |
| iv_008-iv_009 | 2143 | 4694 | 43 | 72 |
| iv_003-iv_007 | 2057 | 4642 | 42 | 72 |
| iv_001-iv_003 | 2012 | 4946 | 39 | 72 |
| iv_004-iv_014 | 2252 | 4743 | 42 | 73 |
| iv_011-iv_014 | 2169 | 5020 | 35 | 73 |

## Output Bits

### Output Bits in Regular Order

| Rank | Output Bit | Complexity |
|:----:|:----------:|:----------:|
| 1 | ov_001 | 1.270532253893045 × 10^354 |
| 2 | ov_002 | 1.1108312429310037 × 10^354 |
| 3 | ov_003 | 9.672649716807063 × 10^353 |
| 4 | ov_004 | 8.384907943876192 × 10^353 |
| 5 | ov_005 | 7.232410846102531 × 10^353 |
| 6 | ov_006 | 6.203180151857699 × 10^353 |
| 7 | ov_007 | 5.2858895999571376 × 10^353 |
| 8 | ov_008 | 4.469824556199652 × 10^353 |
| 9 | ov_009 | 3.749775894647281 × 10^353 |
| 10 | ov_010 | 3.116151250461693 × 10^353 |
| 11 | ov_011 | 2.56428739802448 × 10^353 |
| 12 | ov_012 | 2.089775109872543 × 10^353 |
| 13 | ov_013 | 1.6845197563356773 × 10^353 |
| 14 | ov_014 | 1.3408914969315569 × 10^353 |
| 15 | ov_015 | 1.0517130780307432 × 10^353 |
| 16 | ov_016 | 8.10250056300768 × 10^352 |
| 17 | ov_017 | 6.132448307502629 × 10^352 |
| 18 | ov_018 | 4.548272231338395 × 10^352 |
| 19 | ov_019 | 3.295517187679742 × 10^352 |
| 20 | ov_020 | 2.323941640859156 × 10^352 |
| 21 | ov_021 | 1.5874941707841271 × 10^352 |
| 22 | ov_022 | 1.0442974011988302 × 10^352 |
| 23 | ov_023 | 6.56637523160132 × 10^351 |
| 24 | ov_024 | 3.909578608555688 × 10^351 |
| 25 | ov_025 | 2.178552023429898 × 10^351 |
| 26 | ov_026 | 1.1207789200344506 × 10^351 |
| 27 | ov_027 | 5.252494807750036 × 10^350 |
| 28 | ov_028 | 2.2245711797860238 × 10^350 |
| 29 | ov_029 | 8.43973344052372 × 10^349 |
| 30 | ov_030 | 2.3175142714719877 × 10^349 |
| 31 | ov_031 | 4.522341247918586 × 10^348 |
| 32 | lv_80_m31 | 8.823639718415131 × 10^347 |
| 33 | ov_033 | 1.0924554053598148 × 10^349 |
| 34 | ov_034 | 9.53226106619565 × 10^348 |
| 35 | ov_035 | 8.2851405473072 × 10^348 |
| 36 | ov_036 | 7.170904275737141 × 10^348 |
| 37 | ov_037 | 6.17801891819058 × 10^348 |
| 38 | ov_038 | 5.295654945303946 × 10^348 |
| 39 | ov_039 | 4.513640090612674 × 10^348 |
| 40 | ov_040 | 3.822417105843148 × 10^348 |
| 41 | ov_041 | 3.213005576236365 × 10^348 |
| 42 | ov_042 | 2.676967568261594 × 10^348 |
| 43 | ov_043 | 2.2063768892562316 × 10^348 |
| 44 | ov_044 | 1.797394754518235 × 10^348 |
| 45 | ov_045 | 1.4464181539301614 × 10^348 |
| 46 | ov_046 | 1.1500685450779647 × 10^348 |
| 47 | ov_047 | 9.022241154699007 × 10^347 |
| 48 | ov_048 | 6.971679055025969 × 10^347 |
| 49 | ov_049 | 5.2957436694081945 × 10^347 |
| 50 | ov_050 | 3.9449810061648717 × 10^347 |
| 51 | ov_051 | 2.873645757992199 × 10^347 |
| 52 | ov_052 | 2.0396263421276642 × 10^347 |
| 53 | ov_053 | 1.4043858199257904 × 10^347 |
| 54 | ov_054 | 9.329167306089583 × 10^346 |
| 55 | ov_055 | 5.9370787493502135 × 10^346 |
| 56 | ov_056 | 3.587210850219 × 10^346 |
| 57 | ov_057 | 2.033760167977189 × 10^346 |
| 58 | ov_058 | 1.06541018083202 × 10^346 |
| 59 | ov_059 | 5.052822228575175 × 10^345 |
| 60 | ov_060 | 2.1091268972264157 × 10^345 |
| 61 | ov_061 | 7.424431628041757 × 10^344 |
| 62 | ov_062 | 2.052961968518032 × 10^344 |
| 63 | ov_063 | 4.036287625400163 × 10^343 |
| 64 | lv_79_m31 | 7.934893538635142 × 10^342 |
| 65 | ov_065 | 1.0877199253739537 × 10^344 |
| 66 | ov_066 | 1.087687261379386 × 10^344 |
| 67 | ov_067 | 1.0876768084498728 × 10^344 |
| 68 | ov_068 | 9.782855933072451 × 10^343 |
| 69 | ov_069 | 8.77062306091154 × 10^343 |
| 70 | ov_070 | 7.835474730467033 × 10^343 |
| 71 | ov_071 | 6.973144523935632 × 10^343 |
| 72 | ov_072 | 6.1796551691905316 × 10^343 |
| 73 | ov_073 | 5.4512832617974716 × 10^343 |
| 74 | ov_074 | 4.784527245819576 × 10^343 |
| 75 | ov_075 | 4.176077628571484 × 10^343 |
| 76 | ov_076 | 3.6227892553596746 × 10^343 |
| 77 | ov_077 | 3.121656271322025 × 10^343 |
| 78 | ov_078 | 2.6697899818829097 × 10^343 |
| 79 | ov_079 | 2.264399430963821 × 10^343 |
| 80 | ov_080 | 1.9027742349067038 × 10^343 |
| 81 | ov_081 | 1.5822692129768591 × 10^343 |
| 82 | ov_082 | 1.3002909273940376 × 10^343 |
| 83 | ov_083 | 1.054286247467355 × 10^343 |
| 84 | ov_084 | 8.417327686282016 × 10^342 |
| 85 | ov_085 | 6.601309179497418 × 10^342 |
| 86 | ov_086 | 5.069975782622668 × 10^342 |
| 87 | ov_087 | 3.7986106329617566 × 10^342 |
| 88 | ov_088 | 2.7625727647301075 × 10^342 |
| 89 | ov_089 | 1.9372688606597114 × 10^342 |
| 90 | ov_090 | 1.2981334949599165 × 10^342 |
| 91 | ov_091 | 8.206161954688374 × 10^341 |
| 92 | ov_092 | 4.801736670099462 × 10^341 |
| 93 | ov_093 | 2.5226560111929944 × 10^341 |
| 94 | ov_094 | 1.1235271253160955 × 10^341 |
| 95 | aaa_78_28 | 3.589598452825135 × 10^340 |
| 96 | aaa_78_29 | 1.3469365466158873 × 10^340 |
| 97 | ov_097 | 1.2908486052652682 × 10^340 |
| 98 | ov_098 | 1.290844965226692 × 10^340 |
| 99 | ov_099 | 1.2908440834616515 × 10^340 |
| 100 | ov_100 | 1.1264895413308591 × 10^340 |
| 101 | ov_101 | 9.790702451247372 × 10^339 |
| 102 | ov_102 | 8.472162465142568 × 10^339 |
| 103 | ov_103 | 7.296348911317509 × 10^339 |
| 104 | ov_104 | 6.2510559599250705 × 10^339 |
| 105 | ov_105 | 5.3247523192351095 × 10^339 |
| 106 | ov_106 | 4.506540478972382 × 10^339 |
| 107 | ov_107 | 3.786120824648668 × 10^339 |
| 108 | ov_108 | 3.1537601435710352 × 10^339 |
| 109 | ov_109 | 2.60026414851079 × 10^339 |
| 110 | ov_110 | 2.1211672337333575 × 10^339 |
| 111 | ov_111 | 1.7122558724883094 × 10^339 |
| 112 | ov_112 | 1.3658233038705095 × 10^339 |
| 113 | ov_113 | 1.0746260013297716 × 10^339 |
| 114 | ov_114 | 8.318719725237308 × 10^338 |
| 115 | ov_115 | 6.312114554406021 × 10^338 |
| 116 | ov_116 | 4.6957910537018415 × 10^338 |
| 117 | ov_117 | 3.414897913310661 × 10^338 |
| 118 | ov_118 | 2.4188399882415672 × 10^338 |
| 119 | ov_119 | 1.6612500092978894 × 10^338 |
| 120 | ov_120 | 1.0999692802717134 × 10^338 |
| 121 | ov_121 | 6.970351338068432 × 10^337 |
| 122 | ov_122 | 4.1867325666289385 × 10^337 |
| 123 | ov_123 | 2.3529333333283025 × 10^337 |
| 124 | ov_124 | 1.2148679373714252 × 10^337 |
| 125 | ov_125 | 5.602577770622551 × 10^336 |
| 126 | ov_126 | 2.1862725953612665 × 10^336 |
| 127 | aaa_77_28 | 6.130248152529736 × 10^335 |
| 128 | aaa_77_29 | 1.8664475245922985 × 10^335 |
| 129 | ov_129 | 1.1200937393846101 × 10^335 |
| 130 | ov_130 | 1.1200900145121581 × 10^335 |
| 131 | ov_131 | 1.1200891104739287 × 10^335 |
| 132 | ov_132 | 9.789991782492336 × 10^334 |
| 133 | ov_133 | 8.531446938965929 × 10^334 |
| 134 | ov_134 | 7.411356360378551 × 10^334 |
| 135 | ov_135 | 6.416612906650884 × 10^334 |
| 136 | ov_136 | 5.534847865954597 × 10^334 |
| 137 | ov_137 | 4.754382346224847 × 10^334 |
| 138 | ov_138 | 4.0641841594041984 × 10^334 |
| 139 | ov_139 | 3.453829772824589 × 10^334 |
| 140 | ov_140 | 2.9134709713612098 × 10^334 |
| 141 | ov_141 | 2.438323593211417 × 10^334 |
| 142 | ov_142 | 2.0196072252785948 × 10^334 |
| 143 | ov_143 | 1.653059153704276 × 10^334 |
| 144 | ov_144 | 1.3346619800863292 × 10^334 |
| 145 | ov_145 | 1.0606356233904104 × 10^334 |
| 146 | ov_146 | 8.274308399853738 × 10^333 |
| 147 | ov_147 | 6.317240646520079 × 10^333 |
| 148 | ov_148 | 4.70413363458989 × 10^333 |
| 149 | ov_149 | 3.406153067657837 × 10^333 |
| 150 | ov_150 | 2.396626064865246 × 10^333 |
| 151 | ov_151 | 1.6286276001348168 × 10^333 |
| 152 | ov_152 | 1.0594892430281752 × 10^333 |
| 153 | ov_153 | 6.507862002030364 × 10^332 |
| 154 | ov_154 | 3.683293719955402 × 10^332 |
| 155 | ov_155 | 1.8216082527958434 × 10^332 |
| 156 | aaa_76_25 | 6.655148991228247 × 10^331 |
| 157 | aaa_76_26 | 3.476765555318374 × 10^331 |
| 158 | aaa_76_27 | 1.6030655110731528 × 10^331 |
| 159 | aaa_76_28 | 6.255020089215619 × 10^330 |
| 160 | aaa_76_29 | 1.9071719552152576 × 10^330 |

### Output Bits Sorted by Complexity

| Rank | Output Bit | Complexity |
|:----:|:----------:|:----------:|
| 160 | aaa_76_29 | 1.9071719552152576 × 10^330 |
| 159 | aaa_76_28 | 6.255020089215619 × 10^330 |
| 158 | aaa_76_27 | 1.6030655110731528 × 10^331 |
| 157 | aaa_76_26 | 3.476765555318374 × 10^331 |
| 156 | aaa_76_25 | 6.655148991228247 × 10^331 |
| 155 | ov_155 | 1.8216082527958434 × 10^332 |
| 154 | ov_154 | 3.683293719955402 × 10^332 |
| 153 | ov_153 | 6.507862002030364 × 10^332 |
| 152 | ov_152 | 1.0594892430281752 × 10^333 |
| 151 | ov_151 | 1.6286276001348168 × 10^333 |
| 150 | ov_150 | 2.396626064865246 × 10^333 |
| 149 | ov_149 | 3.406153067657837 × 10^333 |
| 148 | ov_148 | 4.70413363458989 × 10^333 |
| 147 | ov_147 | 6.317240646520079 × 10^333 |
| 146 | ov_146 | 8.274308399853738 × 10^333 |
| 145 | ov_145 | 1.0606356233904104 × 10^334 |
| 144 | ov_144 | 1.3346619800863292 × 10^334 |
| 143 | ov_143 | 1.653059153704276 × 10^334 |
| 142 | ov_142 | 2.0196072252785948 × 10^334 |
| 141 | ov_141 | 2.438323593211417 × 10^334 |
| 140 | ov_140 | 2.9134709713612098 × 10^334 |
| 139 | ov_139 | 3.453829772824589 × 10^334 |
| 138 | ov_138 | 4.0641841594041984 × 10^334 |
| 137 | ov_137 | 4.754382346224847 × 10^334 |
| 136 | ov_136 | 5.534847865954597 × 10^334 |
| 135 | ov_135 | 6.416612906650884 × 10^334 |
| 134 | ov_134 | 7.411356360378551 × 10^334 |
| 133 | ov_133 | 8.531446938965929 × 10^334 |
| 132 | ov_132 | 9.789991782492336 × 10^334 |
| 131 | ov_131 | 1.1200891104739287 × 10^335 |
| 130 | ov_130 | 1.1200900145121581 × 10^335 |
| 129 | ov_129 | 1.1200937393846101 × 10^335 |
| 128 | aaa_77_29 | 1.8664475245922985 × 10^335 |
| 127 | aaa_77_28 | 6.130248152529736 × 10^335 |
| 126 | ov_126 | 2.1862725953612665 × 10^336 |
| 125 | ov_125 | 5.602577770622551 × 10^336 |
| 124 | ov_124 | 1.2148679373714252 × 10^337 |
| 123 | ov_123 | 2.3529333333283025 × 10^337 |
| 122 | ov_122 | 4.1867325666289385 × 10^337 |
| 121 | ov_121 | 6.970351338068432 × 10^337 |
| 120 | ov_120 | 1.0999692802717134 × 10^338 |
| 119 | ov_119 | 1.6612500092978894 × 10^338 |
| 118 | ov_118 | 2.4188399882415672 × 10^338 |
| 117 | ov_117 | 3.414897913310661 × 10^338 |
| 116 | ov_116 | 4.6957910537018415 × 10^338 |
| 115 | ov_115 | 6.312114554406021 × 10^338 |
| 114 | ov_114 | 8.318719725237308 × 10^338 |
| 113 | ov_113 | 1.0746260013297716 × 10^339 |
| 112 | ov_112 | 1.3658233038705095 × 10^339 |
| 111 | ov_111 | 1.7122558724883094 × 10^339 |
| 110 | ov_110 | 2.1211672337333575 × 10^339 |
| 109 | ov_109 | 2.60026414851079 × 10^339 |
| 108 | ov_108 | 3.1537601435710352 × 10^339 |
| 107 | ov_107 | 3.786120824648668 × 10^339 |
| 106 | ov_106 | 4.506540478972382 × 10^339 |
| 105 | ov_105 | 5.3247523192351095 × 10^339 |
| 104 | ov_104 | 6.2510559599250705 × 10^339 |
| 103 | ov_103 | 7.296348911317509 × 10^339 |
| 102 | ov_102 | 8.472162465142568 × 10^339 |
| 101 | ov_101 | 9.790702451247372 × 10^339 |
| 100 | ov_100 | 1.1264895413308591 × 10^340 |
| 99 | ov_099 | 1.2908440834616515 × 10^340 |
| 98 | ov_098 | 1.290844965226692 × 10^340 |
| 97 | ov_097 | 1.2908486052652682 × 10^340 |
| 96 | aaa_78_29 | 1.3469365466158873 × 10^340 |
| 95 | aaa_78_28 | 3.589598452825135 × 10^340 |
| 94 | ov_094 | 1.1235271253160955 × 10^341 |
| 93 | ov_093 | 2.5226560111929944 × 10^341 |
| 92 | ov_092 | 4.801736670099462 × 10^341 |
| 91 | ov_091 | 8.206161954688374 × 10^341 |
| 90 | ov_090 | 1.2981334949599165 × 10^342 |
| 89 | ov_089 | 1.9372688606597114 × 10^342 |
| 88 | ov_088 | 2.7625727647301075 × 10^342 |
| 87 | ov_087 | 3.7986106329617566 × 10^342 |
| 86 | ov_086 | 5.069975782622668 × 10^342 |
| 85 | ov_085 | 6.601309179497418 × 10^342 |
| 64 | lv_79_m31 | 7.934893538635142 × 10^342 |
| 84 | ov_084 | 8.417327686282016 × 10^342 |
| 83 | ov_083 | 1.054286247467355 × 10^343 |
| 82 | ov_082 | 1.3002909273940376 × 10^343 |
| 81 | ov_081 | 1.5822692129768591 × 10^343 |
| 80 | ov_080 | 1.9027742349067038 × 10^343 |
| 79 | ov_079 | 2.264399430963821 × 10^343 |
| 78 | ov_078 | 2.6697899818829097 × 10^343 |
| 77 | ov_077 | 3.121656271322025 × 10^343 |
| 76 | ov_076 | 3.6227892553596746 × 10^343 |
| 63 | ov_063 | 4.036287625400163 × 10^343 |
| 75 | ov_075 | 4.176077628571484 × 10^343 |
| 74 | ov_074 | 4.784527245819576 × 10^343 |
| 73 | ov_073 | 5.4512832617974716 × 10^343 |
| 72 | ov_072 | 6.1796551691905316 × 10^343 |
| 71 | ov_071 | 6.973144523935632 × 10^343 |
| 70 | ov_070 | 7.835474730467033 × 10^343 |
| 69 | ov_069 | 8.77062306091154 × 10^343 |
| 68 | ov_068 | 9.782855933072451 × 10^343 |
| 67 | ov_067 | 1.0876768084498728 × 10^344 |
| 66 | ov_066 | 1.087687261379386 × 10^344 |
| 65 | ov_065 | 1.0877199253739537 × 10^344 |
| 62 | ov_062 | 2.052961968518032 × 10^344 |
| 61 | ov_061 | 7.424431628041757 × 10^344 |
| 60 | ov_060 | 2.1091268972264157 × 10^345 |
| 59 | ov_059 | 5.052822228575175 × 10^345 |
| 58 | ov_058 | 1.06541018083202 × 10^346 |
| 57 | ov_057 | 2.033760167977189 × 10^346 |
| 56 | ov_056 | 3.587210850219 × 10^346 |
| 55 | ov_055 | 5.9370787493502135 × 10^346 |
| 54 | ov_054 | 9.329167306089583 × 10^346 |
| 53 | ov_053 | 1.4043858199257904 × 10^347 |
| 52 | ov_052 | 2.0396263421276642 × 10^347 |
| 51 | ov_051 | 2.873645757992199 × 10^347 |
| 50 | ov_050 | 3.9449810061648717 × 10^347 |
| 49 | ov_049 | 5.2957436694081945 × 10^347 |
| 48 | ov_048 | 6.971679055025969 × 10^347 |
| 32 | lv_80_m31 | 8.823639718415131 × 10^347 |
| 47 | ov_047 | 9.022241154699007 × 10^347 |
| 46 | ov_046 | 1.1500685450779647 × 10^348 |
| 45 | ov_045 | 1.4464181539301614 × 10^348 |
| 44 | ov_044 | 1.797394754518235 × 10^348 |
| 43 | ov_043 | 2.2063768892562316 × 10^348 |
| 42 | ov_042 | 2.676967568261594 × 10^348 |
| 41 | ov_041 | 3.213005576236365 × 10^348 |
| 40 | ov_040 | 3.822417105843148 × 10^348 |
| 39 | ov_039 | 4.513640090612674 × 10^348 |
| 31 | ov_031 | 4.522341247918586 × 10^348 |
| 38 | ov_038 | 5.295654945303946 × 10^348 |
| 37 | ov_037 | 6.17801891819058 × 10^348 |
| 36 | ov_036 | 7.170904275737141 × 10^348 |
| 35 | ov_035 | 8.2851405473072 × 10^348 |
| 34 | ov_034 | 9.53226106619565 × 10^348 |
| 33 | ov_033 | 1.0924554053598148 × 10^349 |
| 30 | ov_030 | 2.3175142714719877 × 10^349 |
| 29 | ov_029 | 8.43973344052372 × 10^349 |
| 28 | ov_028 | 2.2245711797860238 × 10^350 |
| 27 | ov_027 | 5.252494807750036 × 10^350 |
| 26 | ov_026 | 1.1207789200344506 × 10^351 |
| 25 | ov_025 | 2.178552023429898 × 10^351 |
| 24 | ov_024 | 3.909578608555688 × 10^351 |
| 23 | ov_023 | 6.56637523160132 × 10^351 |
| 22 | ov_022 | 1.0442974011988302 × 10^352 |
| 21 | ov_021 | 1.5874941707841271 × 10^352 |
| 20 | ov_020 | 2.323941640859156 × 10^352 |
| 19 | ov_019 | 3.295517187679742 × 10^352 |
| 18 | ov_018 | 4.548272231338395 × 10^352 |
| 17 | ov_017 | 6.132448307502629 × 10^352 |
| 16 | ov_016 | 8.10250056300768 × 10^352 |
| 15 | ov_015 | 1.0517130780307432 × 10^353 |
| 14 | ov_014 | 1.3408914969315569 × 10^353 |
| 13 | ov_013 | 1.6845197563356773 × 10^353 |
| 12 | ov_012 | 2.089775109872543 × 10^353 |
| 11 | ov_011 | 2.56428739802448 × 10^353 |
| 10 | ov_010 | 3.116151250461693 × 10^353 |
| 9 | ov_009 | 3.749775894647281 × 10^353 |
| 8 | ov_008 | 4.469824556199652 × 10^353 |
| 7 | ov_007 | 5.2858895999571376 × 10^353 |
| 6 | ov_006 | 6.203180151857699 × 10^353 |
| 5 | ov_005 | 7.232410846102531 × 10^353 |
| 4 | ov_004 | 8.384907943876192 × 10^353 |
| 3 | ov_003 | 9.672649716807063 × 10^353 |
| 2 | ov_002 | 1.1108312429310037 × 10^354 |
| 1 | ov_001 | 1.270532253893045 × 10^354 |

