# Results for F001-F002-F003-F004-F005-F006-F007-F008-F009-F010-F011-F012-F013-F014-F015-F016-F017-F018-F019-F020-F021-F022-F023-F024-F025-F026-F027-F028-F029-F030-F031-F032-F033-F034-F035-F036-F037-F038-F039-F040-F041-F042-F043-F044-F045-F046-F047-F048-F049-F050-F051-F052-F053-F054-F055-F056-F057-F058-F059-F060-F061-F062-F063-F064-F065-F066-F067-F068-F069-F070-F071-F072-F073-F074-F075-F076-F077-F078-F079-F080-F081-F082-F083-F084-F085-F086-F087-F088-F089-F090-F091-F092-F093-F094-F095-F096-F097-F098-F099-F100-F101-F102-F103-F104-F105-F106-F107-F108-F109-F110-F111-F112-F113-F114-F115-F116-F117-F118-F119-F120-F121-F122-F123-F124-F125-F126-F127-F128-F129-F130-F131-F132-F133-F134-F135-F136-F137-F138-F139-F140-F141-F142-F143-F144-F145-F146-F147-F148-F149-F150-F151-F152-F153-F154-F155-F156-F157-F158-F159-F160-F161-F162-F163-F164-F165-F166-F167-F168-F169-F170-F171-F172-F173-F174-F175-F176-F177-F178-F179-F180-F181-F182-F183-F184-F185-F186-F187-F188-F189-F190-F191-F192-F193-F194-F195-F196-F197-F198-F199-F200-F201-F202-F203-F204-F205-F206-F207-F208-F209-F210-F211-F212-F213-F214-F215-F216-F217-F218-F219-F220-F221-F222-F223-F224-F225-F226-F227-F228-F229-F230-F231-F232-F233-F234-F235-F236-F237-F238-F239-F240-F241-F242-F243-F244-F245-F246-F247-F248-F249-F250-F251-F252-F253-F254-F255-F256-F257-F258-F259-F260-F261-F262-F263-F264-F265-F266-F267-F268-F269-F270-F271-F272-F273-F274-F275-F276-F277-F278-F279-F280-F281-F282-F283-F284-F285-F286-F287-F288-F289-F290-F291-F292-F293-F294-F295-F296-F297-F298-F299-F300-F301-F302-F303-F304-F305-F306-F307-F308-F309-F310-F311-F312-F313-F314-F315-F316-F317-F318-F319-F320-F321-F322-F323-F324-F325-F326-F327-F328-F329-F330-F331-F332-F333-F334-F335-F336-F337-F338-F339-F340-F341-F342-F343-F344-F345-F346-F347-F348-F349-F350-F351-F352-F353-F354-F355-F356-F357-F358-F359-F360-F361-F362-F363-F364-F365-F366-F367-F368-F369-F370-F371-F372-F373-F374-F375-F376-F377-F378-F379-F380-F381-F382-F383-F384-F385-F386-F387-F388-F389-F390-F391-F392-F393-F394-F395-F396-F397-F398-F399-F400-F401-F402-F403-F404-F405-F406-F407-F408-F409-F410-F411-F412-F413-F414-F415-F416-F417-F418-F419-F420-F421-F422-F423-F424-F425-F426-F427-F428-F429-F430-F431-F432-F433-F434-F435-F436-F437-F438-F439-F440-F441-F442-F443-F444-F445-F446-F447-F448-F449-F450-F451-F452-F453-F454-F455-F456-F457-F458-F459-F460-F461-F462-F463-F464-F465-F466-F467-F468-F469-F470-F471-F472-F473-F474-F475-F476-F477-F478-F479-F480-F481-F482-F483-F484-F485-F486-F487-F488-F489-F490-F491-F492-F493-F494-F495-F496-E507512-T509

## Summary

Number of input bits: 512  
Number of free input bits: 14  
Number of output bits: 160

Number of direct occurrences: 58565  
Number of assignments: 32488  
Number of operations: 12103869
(xor: 12073996,
and: 16074,
or: 13799)

Total complexity: 1.0009045134439132 × 10^310

Least occurring input variable: iv_505 (3966)  
Most occurring input variable: iv_507 (4541)

Most co-occurring input variables: iv_499-iv_507 (2119)  
Least co-occurring input variables: iv_498-iv_505 (1782)

Potentially most occurring input variable: iv_503/iv_507 (4704)  
Potentially least occurring input variable: iv_499/iv_506 (4220)

Least output occurring input variable: iv_497 (73)  
Most output occurring input variable: iv_506 (88)

Most output co-occurring input variables: iv_506-iv_511 (51)  
Least output co-occurring input variables: iv_497-iv_499 (31)

Potentially most output occurring input variable: iv_502/iv_508 (92)  
Potentially least output occurring input variable: iv_506/iv_511 (64)

Least complex input bit: iv_497 (8.654496374979167 × 10^306)  
Most complex input bit: iv_510 (3.0109548420132793 × 10^309)

Least complex output bit: aaa_76_29 (2.948272150085406 × 10^284)  
Most complex output bit: ov_001 (1.557251742321566 × 10^309)

Least complex input/output complexity: iv_497/aaa_76_29 (2.5492752098370842 × 10^281)  
Most complex input/output complexity: iv_510/ov_001 (4.6845774105298505 × 10^308)

## Input Bits

### Input Bits in Regular Order

| Input Bit | Complexity | Occurrences | Output Occurrences |
|:---------:|:----------:|:-----------:|:------------------:|
| iv_497 | 8.654496374979167 × 10^306 | 4168 | 73 |
| iv_498 | 1.7460992342182572 × 10^307 | 4012 | 73 |
| iv_499 | 3.109325239439378 × 10^307 | 4280 | 81 |
| iv_500 | 5.26694985790759 × 10^307 | 4171 | 83 |
| iv_501 | 8.980425045262182 × 10^307 | 4243 | 82 |
| iv_502 | 1.4595811776620595 × 10^308 | 4143 | 78 |
| iv_503 | 2.302760594055895 × 10^308 | 4153 | 79 |
| iv_504 | 3.5472293623351346 × 10^308 | 4068 | 85 |
| iv_505 | 5.359940751023729 × 10^308 | 3966 | 73 |
| iv_506 | 7.962398011948102 × 10^308 | 4162 | 88 |
| iv_507 | 2.193113847146606 × 10^309 | 4541 | 84 |
| iv_508 | 1.6506546944941273 × 10^309 | 4119 | 82 |
| iv_510 | 3.0109548420132793 × 10^309 | 4275 | 79 |
| iv_511 | 8.914482709393827 × 10^308 | 4264 | 78 |

### Input Bits Sorted by Complexity

| Input Bit | Complexity | Occurrences | Output Occurrences |
|:---------:|:----------:|:-----------:|:------------------:|
| iv_497 | 8.654496374979167 × 10^306 | 4168 | 73 |
| iv_498 | 1.7460992342182572 × 10^307 | 4012 | 73 |
| iv_499 | 3.109325239439378 × 10^307 | 4280 | 81 |
| iv_500 | 5.26694985790759 × 10^307 | 4171 | 83 |
| iv_501 | 8.980425045262182 × 10^307 | 4243 | 82 |
| iv_502 | 1.4595811776620595 × 10^308 | 4143 | 78 |
| iv_503 | 2.302760594055895 × 10^308 | 4153 | 79 |
| iv_504 | 3.5472293623351346 × 10^308 | 4068 | 85 |
| iv_505 | 5.359940751023729 × 10^308 | 3966 | 73 |
| iv_506 | 7.962398011948102 × 10^308 | 4162 | 88 |
| iv_511 | 8.914482709393827 × 10^308 | 4264 | 78 |
| iv_508 | 1.6506546944941273 × 10^309 | 4119 | 82 |
| iv_507 | 2.193113847146606 × 10^309 | 4541 | 84 |
| iv_510 | 3.0109548420132793 × 10^309 | 4275 | 79 |

### Input Bits Sorted by Occurrences

| Input Bit | Complexity | Occurrences | Output Occurrences |
|:---------:|:----------:|:-----------:|:------------------:|
| iv_505 | 5.359940751023729 × 10^308 | 3966 | 73 |
| iv_498 | 1.7460992342182572 × 10^307 | 4012 | 73 |
| iv_504 | 3.5472293623351346 × 10^308 | 4068 | 85 |
| iv_508 | 1.6506546944941273 × 10^309 | 4119 | 82 |
| iv_502 | 1.4595811776620595 × 10^308 | 4143 | 78 |
| iv_503 | 2.302760594055895 × 10^308 | 4153 | 79 |
| iv_506 | 7.962398011948102 × 10^308 | 4162 | 88 |
| iv_497 | 8.654496374979167 × 10^306 | 4168 | 73 |
| iv_500 | 5.26694985790759 × 10^307 | 4171 | 83 |
| iv_501 | 8.980425045262182 × 10^307 | 4243 | 82 |
| iv_511 | 8.914482709393827 × 10^308 | 4264 | 78 |
| iv_510 | 3.0109548420132793 × 10^309 | 4275 | 79 |
| iv_499 | 3.109325239439378 × 10^307 | 4280 | 81 |
| iv_507 | 2.193113847146606 × 10^309 | 4541 | 84 |

### Input Bits Sorted by Output Occurrences

| Input Bit | Complexity | Occurrences | Output Occurrences |
|:---------:|:----------:|:-----------:|:------------------:|
| iv_497 | 8.654496374979167 × 10^306 | 4168 | 73 |
| iv_498 | 1.7460992342182572 × 10^307 | 4012 | 73 |
| iv_505 | 5.359940751023729 × 10^308 | 3966 | 73 |
| iv_502 | 1.4595811776620595 × 10^308 | 4143 | 78 |
| iv_511 | 8.914482709393827 × 10^308 | 4264 | 78 |
| iv_510 | 3.0109548420132793 × 10^309 | 4275 | 79 |
| iv_503 | 2.302760594055895 × 10^308 | 4153 | 79 |
| iv_499 | 3.109325239439378 × 10^307 | 4280 | 81 |
| iv_501 | 8.980425045262182 × 10^307 | 4243 | 82 |
| iv_508 | 1.6506546944941273 × 10^309 | 4119 | 82 |
| iv_500 | 5.26694985790759 × 10^307 | 4171 | 83 |
| iv_507 | 2.193113847146606 × 10^309 | 4541 | 84 |
| iv_504 | 3.5472293623351346 × 10^308 | 4068 | 85 |
| iv_506 | 7.962398011948102 × 10^308 | 4162 | 88 |

## Input Bit Co-occurrences

### Input Bit Co-occurrences Sorted by Co-occurrences

| Input Bits | Co-occurrences | Potential Occurrences | Output Co-occurrences | Potential Output Occurrences |
|:----------:|:--------------:|:---------------------:|:---------------------:|:----------------------------:|
| iv_499-iv_507 | 2119 | 4583 | 42 | 81 |
| iv_499-iv_506 | 2111 | 4220 | 44 | 81 |
| iv_501-iv_511 | 2105 | 4297 | 46 | 68 |
| iv_502-iv_507 | 2102 | 4480 | 47 | 68 |
| iv_501-iv_507 | 2099 | 4586 | 41 | 84 |
| iv_499-iv_501 | 2083 | 4357 | 43 | 77 |
| iv_499-iv_510 | 2073 | 4409 | 40 | 80 |
| iv_507-iv_508 | 2072 | 4516 | 44 | 78 |
| iv_499-iv_508 | 2072 | 4255 | 44 | 75 |
| iv_507-iv_510 | 2069 | 4678 | 40 | 83 |
| iv_503-iv_511 | 2060 | 4297 | 38 | 81 |
| iv_507-iv_511 | 2055 | 4695 | 39 | 84 |
| iv_503-iv_506 | 2045 | 4225 | 48 | 71 |
| iv_506-iv_510 | 2044 | 4349 | 42 | 83 |

### Input Bit Co-occurrences Sorted by Potential Occurrences

| Input Bits | Co-occurrences | Potential Occurrences | Output Co-occurrences | Potential Output Occurrences |
|:----------:|:--------------:|:---------------------:|:---------------------:|:----------------------------:|
| iv_499-iv_506 | 2111 | 4220 | 44 | 81 |
| iv_503-iv_506 | 2045 | 4225 | 48 | 71 |
| iv_498-iv_506 | 1961 | 4252 | 39 | 83 |
| iv_499-iv_508 | 2072 | 4255 | 44 | 75 |
| iv_504-iv_508 | 1961 | 4265 | 47 | 73 |
| iv_498-iv_508 | 1919 | 4293 | 34 | 87 |
| iv_501-iv_511 | 2105 | 4297 | 46 | 68 |
| iv_503-iv_511 | 2060 | 4297 | 38 | 81 |
| iv_500-iv_506 | 2018 | 4297 | 47 | 77 |
| iv_497-iv_504 | 1969 | 4298 | 41 | 76 |
| iv_498-iv_499 | 1996 | 4300 | 36 | 82 |
| iv_501-iv_504 | 2004 | 4303 | 44 | 79 |
| iv_502-iv_504 | 1952 | 4307 | 40 | 83 |
| iv_500-iv_504 | 1962 | 4315 | 50 | 68 |

### Input Bit Output Co-occurrences Sorted by Output Co-occurrences

| Input Bits | Co-occurrences | Potential Occurrences | Output Co-occurrences | Potential Output Occurrences |
|:----------:|:--------------:|:---------------------:|:---------------------:|:----------------------------:|
| iv_501-iv_506 | 2044 | 4317 | 51 | 68 |
| iv_506-iv_511 | 1984 | 4458 | 51 | 64 |
| iv_500-iv_504 | 1962 | 4315 | 50 | 68 |
| iv_503-iv_506 | 2045 | 4225 | 48 | 71 |
| iv_504-iv_508 | 1961 | 4265 | 47 | 73 |
| iv_500-iv_506 | 2018 | 4297 | 47 | 77 |
| iv_500-iv_507 | 2044 | 4624 | 47 | 73 |
| iv_502-iv_507 | 2102 | 4480 | 47 | 68 |
| iv_506-iv_507 | 2004 | 4695 | 47 | 78 |
| iv_504-iv_506 | 1930 | 4370 | 46 | 81 |
| iv_501-iv_511 | 2105 | 4297 | 46 | 68 |
| iv_506-iv_508 | 1965 | 4351 | 46 | 78 |
| iv_501-iv_508 | 1994 | 4374 | 45 | 74 |
| iv_501-iv_504 | 2004 | 4303 | 44 | 79 |

### Input Bit Output Co-occurrences Sorted by Potential Output Occurrences

| Input Bits | Co-occurrences | Potential Occurrences | Output Co-occurrences | Potential Output Occurrences |
|:----------:|:--------------:|:---------------------:|:---------------------:|:----------------------------:|
| iv_506-iv_511 | 1984 | 4458 | 51 | 64 |
| iv_500-iv_504 | 1962 | 4315 | 50 | 68 |
| iv_501-iv_511 | 2105 | 4297 | 46 | 68 |
| iv_501-iv_506 | 2044 | 4317 | 51 | 68 |
| iv_502-iv_507 | 2102 | 4480 | 47 | 68 |
| iv_497-iv_502 | 1991 | 4329 | 40 | 71 |
| iv_498-iv_501 | 1964 | 4327 | 42 | 71 |
| iv_503-iv_506 | 2045 | 4225 | 48 | 71 |
| iv_498-iv_503 | 1877 | 4411 | 40 | 72 |
| iv_508-iv_511 | 2028 | 4327 | 44 | 72 |
| iv_503-iv_505 | 1867 | 4385 | 40 | 72 |
| iv_504-iv_508 | 1961 | 4265 | 47 | 73 |
| iv_500-iv_507 | 2044 | 4624 | 47 | 73 |
| iv_501-iv_508 | 1994 | 4374 | 45 | 74 |

## Output Bits

### Output Bits in Regular Order

| Rank | Output Bit | Complexity |
|:----:|:----------:|:----------:|
| 1 | ov_001 | 1.557251742321566 × 10^309 |
| 2 | ov_002 | 1.3558894803942324 × 10^309 |
| 3 | ov_003 | 1.1750555388663288 × 10^309 |
| 4 | ov_004 | 1.0132107165554206 × 10^309 |
| 5 | ov_005 | 8.689004748197386 × 10^308 |
| 6 | ov_006 | 7.4074894310971 × 10^308 |
| 7 | ov_007 | 6.274536918379473 × 10^308 |
| 8 | ov_008 | 5.277812133440428 × 10^308 |
| 9 | ov_009 | 4.405630465517197 × 10^308 |
| 10 | ov_010 | 3.646924801403956 × 10^308 |
| 11 | ov_011 | 2.9912177270668315 × 10^308 |
| 12 | ov_012 | 2.428598319472946 × 10^308 |
| 13 | ov_013 | 1.9497029837265459 × 10^308 |
| 14 | ov_014 | 1.545699824769017 × 10^308 |
| 15 | ov_015 | 1.208276076589439 × 10^308 |
| 16 | ov_016 | 9.296281452252495 × 10^307 |
| 17 | ov_017 | 7.024538549042883 × 10^307 |
| 18 | ov_018 | 5.19946519566173 × 10^307 |
| 19 | ov_019 | 3.7579049476188056 × 10^307 |
| 20 | ov_020 | 2.6415791305229225 × 10^307 |
| 21 | ov_021 | 1.7970636954065224 × 10^307 |
| 22 | ov_022 | 1.1757735677304015 × 10^307 |
| 23 | ov_023 | 7.339524993806906 × 10^306 |
| 24 | ov_024 | 4.326666772787545 × 10^306 |
| 25 | ov_025 | 2.3780086656106723 × 10^306 |
| 26 | ov_026 | 1.2005629588917572 × 10^306 |
| 27 | ov_027 | 5.4949661364923475 × 10^305 |
| 28 | ov_028 | 2.281273329082305 × 10^305 |
| 29 | ov_029 | 8.792229435034621 × 10^304 |
| 30 | ov_030 | 2.6884240994544425 × 10^304 |
| 31 | ov_031 | 5.245024236667616 × 10^303 |
| 32 | lv_80_m31 | 1.0231052764281701 × 10^303 |
| 33 | ov_033 | 1.2371396849720499 × 10^304 |
| 34 | ov_034 | 1.0757804216252094 × 10^304 |
| 35 | ov_035 | 9.310648225360251 × 10^303 |
| 36 | ov_036 | 8.016916702317524 × 10^303 |
| 37 | ov_037 | 6.864313571611964 × 10^303 |
| 38 | ov_038 | 5.841208295118687 × 10^303 |
| 39 | ov_039 | 4.9365918051606005 × 10^303 |
| 40 | ov_040 | 4.140038346793678 × 10^303 |
| 41 | ov_041 | 3.441672672856468 × 10^303 |
| 42 | ov_042 | 2.836691003704604 × 10^303 |
| 43 | ov_043 | 2.3162394929743473 × 10^303 |
| 44 | ov_044 | 1.8719433661426277 × 10^303 |
| 45 | ov_045 | 1.4958905287329558 × 10^303 |
| 46 | ov_046 | 1.1806181672207454 × 10^303 |
| 47 | ov_047 | 9.191019532030257 × 10^302 |
| 48 | ov_048 | 7.047474885273583 × 10^302 |
| 49 | ov_049 | 5.313836560930698 × 10^302 |
| 50 | ov_050 | 3.932575679670564 × 10^302 |
| 51 | ov_051 | 2.8503082931599806 × 10^302 |
| 52 | ov_052 | 2.017768634640061 × 10^302 |
| 53 | ov_053 | 1.3897907015441775 × 10^302 |
| 54 | ov_054 | 9.252961583901972 × 10^301 |
| 55 | ov_055 | 5.872868154571644 × 10^301 |
| 56 | ov_056 | 3.5828290980583165 × 10^301 |
| 57 | ov_057 | 2.0943520516136886 × 10^301 |
| 58 | ov_058 | 1.1596634313886701 × 10^301 |
| 59 | ov_059 | 5.717016537614231 × 10^300 |
| 60 | ov_060 | 2.3711339502050223 × 10^300 |
| 61 | ov_061 | 8.289949430674742 × 10^299 |
| 62 | ov_062 | 2.276188566180534 × 10^299 |
| 63 | ov_063 | 4.4408663260069273 × 10^298 |
| 64 | lv_79_m31 | 8.66235933859182 × 10^297 |
| 65 | ov_065 | 1.046345730607297 × 10^299 |
| 66 | ov_066 | 1.0463430135169666 × 10^299 |
| 67 | ov_067 | 1.0463423622345424 × 10^299 |
| 68 | ov_068 | 9.101835503016358 × 10^298 |
| 69 | ov_069 | 7.878715551145767 × 10^298 |
| 70 | ov_070 | 6.783985557179026 × 10^298 |
| 71 | ov_071 | 5.808062967104084 × 10^298 |
| 72 | ov_072 | 4.94182703307259 × 10^298 |
| 73 | ov_073 | 4.1765909838059314 × 10^298 |
| 74 | ov_074 | 3.504079468638935 × 10^298 |
| 75 | ov_075 | 2.916410568977616 × 10^298 |
| 76 | ov_076 | 2.406081709276564 × 10^298 |
| 77 | ov_077 | 1.9659588366478976 × 10^298 |
| 78 | ov_078 | 1.5892682741352807 × 10^298 |
| 79 | ov_079 | 1.269590687730942 × 10^298 |
| 80 | ov_080 | 1.0008566415600036 × 10^298 |
| 81 | ov_081 | 7.773432494571498 × 10^297 |
| 82 | ov_082 | 5.936715115512305 × 10^297 |
| 83 | ov_083 | 4.448040944902519 × 10^297 |
| 84 | ov_084 | 3.260434715107063 × 10^297 |
| 85 | ov_085 | 2.3303038976103866 × 10^297 |
| 86 | ov_086 | 1.6174263235751573 × 10^297 |
| 87 | ov_087 | 1.084940426928287 × 10^297 |
| 88 | ov_088 | 6.993377854259672 × 10^296 |
| 89 | ov_089 | 4.304576352896861 × 10^296 |
| 90 | ov_090 | 2.5148303507918363 × 10^296 |
| 91 | ov_091 | 1.3893835450375426 × 10^296 |
| 92 | ov_092 | 7.26877666030824 × 10^295 |
| 93 | ov_093 | 3.59344377411101 × 10^295 |
| 94 | ov_094 | 1.5220151357200614 × 10^295 |
| 95 | aaa_78_28 | 4.650426148350737 × 10^294 |
| 96 | aaa_78_29 | 1.4045209386271747 × 10^294 |
| 97 | ov_097 | 7.2805923771717564 × 10^293 |
| 98 | ov_098 | 7.2805384900442526 × 10^293 |
| 99 | ov_099 | 7.280521256192282 × 10^293 |
| 100 | ov_100 | 6.107100569762713 × 10^293 |
| 101 | ov_101 | 5.083502936661345 × 10^293 |
| 102 | ov_102 | 4.196384046963699 × 10^293 |
| 103 | ov_103 | 3.4331409899272536 × 10^293 |
| 104 | ov_104 | 2.7818585655015868 × 10^293 |
| 105 | ov_105 | 2.2312623398115248 × 10^293 |
| 106 | ov_106 | 1.770677844076111 × 10^293 |
| 107 | ov_107 | 1.3899953481617233 × 10^293 |
| 108 | ov_108 | 1.0796396704749707 × 10^293 |
| 109 | ov_109 | 8.30544515399688 × 10^292 |
| 110 | ov_110 | 6.34130858163653 × 10^292 |
| 111 | ov_111 | 4.822889250505032 × 10^292 |
| 112 | ov_112 | 3.6736334439272924 × 10^292 |
| 113 | ov_113 | 2.8214107091211905 × 10^292 |
| 114 | ov_114 | 2.198417128137258 × 10^292 |
| 115 | ov_115 | 1.741099176685917 × 10^292 |
| 116 | ov_116 | 1.3900949960243215 × 10^292 |
| 117 | ov_117 | 1.090190166905059 × 10^292 |
| 118 | ov_118 | 8.372925241351654 × 10^291 |
| 119 | ov_119 | 6.273254581265327 × 10^291 |
| 120 | ov_120 | 4.562224278512199 × 10^291 |
| 121 | ov_121 | 3.199230712009601 × 10^291 |
| 122 | ov_122 | 2.1437065031696758 × 10^291 |
| 123 | ov_123 | 1.355104846045448 × 10^291 |
| 124 | ov_124 | 7.928897209025175 × 10^290 |
| 125 | ov_125 | 4.1652982420133544 × 10^290 |
| 126 | ov_126 | 1.85495468176129 × 10^290 |
| 127 | aaa_77_28 | 5.925738893520628 × 10^289 |
| 128 | aaa_77_29 | 2.2229135906779755 × 10^289 |
| 129 | ov_129 | 2.0864332931203982 × 10^289 |
| 130 | ov_130 | 2.0864275444247467 × 10^289 |
| 131 | ov_131 | 2.0864261524823504 × 10^289 |
| 132 | ov_132 | 1.815066951056921 × 10^289 |
| 133 | ov_133 | 1.5714718294852044 × 10^289 |
| 134 | ov_134 | 1.3535605351863132 × 10^289 |
| 135 | ov_135 | 1.1593662996340109 × 10^289 |
| 136 | ov_136 | 9.870277798977366 × 10^288 |
| 137 | ov_137 | 8.347820628088943 × 10^288 |
| 138 | ov_138 | 7.009586336459446 × 10^288 |
| 139 | ov_139 | 5.839742163615971 × 10^288 |
| 140 | ov_140 | 4.823283973342532 × 10^288 |
| 141 | ov_141 | 3.945999494477047 × 10^288 |
| 142 | ov_142 | 3.1944377801715865 × 10^288 |
| 143 | ov_143 | 2.5558841471065563 × 10^288 |
| 144 | ov_144 | 2.018339901834921 × 10^288 |
| 145 | ov_145 | 1.5705062066615606 × 10^288 |
| 146 | ov_146 | 1.201771482368773 × 10^288 |
| 147 | ov_147 | 9.022017897846961 × 10^287 |
| 148 | ov_148 | 6.625336767340455 × 10^287 |
| 149 | ov_149 | 4.7416902136572384 × 10^287 |
| 150 | ov_150 | 3.2917144725644024 × 10^287 |
| 151 | ov_151 | 2.2026393006548603 × 10^287 |
| 152 | ov_152 | 1.4082727532302072 × 10^287 |
| 153 | ov_153 | 8.489922217934 × 10^286 |
| 154 | ov_154 | 4.717397228590599 × 10^286 |
| 155 | ov_155 | 2.300196283155938 × 10^286 |
| 156 | aaa_76_25 | 8.389760642800037 × 10^285 |
| 157 | aaa_76_26 | 4.8486355630289556 × 10^285 |
| 158 | aaa_76_27 | 2.4841593369658745 × 10^285 |
| 159 | aaa_76_28 | 9.683148238760388 × 10^284 |
| 160 | aaa_76_29 | 2.948272150085406 × 10^284 |

### Output Bits Sorted by Complexity

| Rank | Output Bit | Complexity |
|:----:|:----------:|:----------:|
| 160 | aaa_76_29 | 2.948272150085406 × 10^284 |
| 159 | aaa_76_28 | 9.683148238760388 × 10^284 |
| 158 | aaa_76_27 | 2.4841593369658745 × 10^285 |
| 157 | aaa_76_26 | 4.8486355630289556 × 10^285 |
| 156 | aaa_76_25 | 8.389760642800037 × 10^285 |
| 155 | ov_155 | 2.300196283155938 × 10^286 |
| 154 | ov_154 | 4.717397228590599 × 10^286 |
| 153 | ov_153 | 8.489922217934 × 10^286 |
| 152 | ov_152 | 1.4082727532302072 × 10^287 |
| 151 | ov_151 | 2.2026393006548603 × 10^287 |
| 150 | ov_150 | 3.2917144725644024 × 10^287 |
| 149 | ov_149 | 4.7416902136572384 × 10^287 |
| 148 | ov_148 | 6.625336767340455 × 10^287 |
| 147 | ov_147 | 9.022017897846961 × 10^287 |
| 146 | ov_146 | 1.201771482368773 × 10^288 |
| 145 | ov_145 | 1.5705062066615606 × 10^288 |
| 144 | ov_144 | 2.018339901834921 × 10^288 |
| 143 | ov_143 | 2.5558841471065563 × 10^288 |
| 142 | ov_142 | 3.1944377801715865 × 10^288 |
| 141 | ov_141 | 3.945999494477047 × 10^288 |
| 140 | ov_140 | 4.823283973342532 × 10^288 |
| 139 | ov_139 | 5.839742163615971 × 10^288 |
| 138 | ov_138 | 7.009586336459446 × 10^288 |
| 137 | ov_137 | 8.347820628088943 × 10^288 |
| 136 | ov_136 | 9.870277798977366 × 10^288 |
| 135 | ov_135 | 1.1593662996340109 × 10^289 |
| 134 | ov_134 | 1.3535605351863132 × 10^289 |
| 133 | ov_133 | 1.5714718294852044 × 10^289 |
| 132 | ov_132 | 1.815066951056921 × 10^289 |
| 131 | ov_131 | 2.0864261524823504 × 10^289 |
| 130 | ov_130 | 2.0864275444247467 × 10^289 |
| 129 | ov_129 | 2.0864332931203982 × 10^289 |
| 128 | aaa_77_29 | 2.2229135906779755 × 10^289 |
| 127 | aaa_77_28 | 5.925738893520628 × 10^289 |
| 126 | ov_126 | 1.85495468176129 × 10^290 |
| 125 | ov_125 | 4.1652982420133544 × 10^290 |
| 124 | ov_124 | 7.928897209025175 × 10^290 |
| 123 | ov_123 | 1.355104846045448 × 10^291 |
| 122 | ov_122 | 2.1437065031696758 × 10^291 |
| 121 | ov_121 | 3.199230712009601 × 10^291 |
| 120 | ov_120 | 4.562224278512199 × 10^291 |
| 119 | ov_119 | 6.273254581265327 × 10^291 |
| 118 | ov_118 | 8.372925241351654 × 10^291 |
| 117 | ov_117 | 1.090190166905059 × 10^292 |
| 116 | ov_116 | 1.3900949960243215 × 10^292 |
| 115 | ov_115 | 1.741099176685917 × 10^292 |
| 114 | ov_114 | 2.198417128137258 × 10^292 |
| 113 | ov_113 | 2.8214107091211905 × 10^292 |
| 112 | ov_112 | 3.6736334439272924 × 10^292 |
| 111 | ov_111 | 4.822889250505032 × 10^292 |
| 110 | ov_110 | 6.34130858163653 × 10^292 |
| 109 | ov_109 | 8.30544515399688 × 10^292 |
| 108 | ov_108 | 1.0796396704749707 × 10^293 |
| 107 | ov_107 | 1.3899953481617233 × 10^293 |
| 106 | ov_106 | 1.770677844076111 × 10^293 |
| 105 | ov_105 | 2.2312623398115248 × 10^293 |
| 104 | ov_104 | 2.7818585655015868 × 10^293 |
| 103 | ov_103 | 3.4331409899272536 × 10^293 |
| 102 | ov_102 | 4.196384046963699 × 10^293 |
| 101 | ov_101 | 5.083502936661345 × 10^293 |
| 100 | ov_100 | 6.107100569762713 × 10^293 |
| 99 | ov_099 | 7.280521256192282 × 10^293 |
| 98 | ov_098 | 7.2805384900442526 × 10^293 |
| 97 | ov_097 | 7.2805923771717564 × 10^293 |
| 96 | aaa_78_29 | 1.4045209386271747 × 10^294 |
| 95 | aaa_78_28 | 4.650426148350737 × 10^294 |
| 94 | ov_094 | 1.5220151357200614 × 10^295 |
| 93 | ov_093 | 3.59344377411101 × 10^295 |
| 92 | ov_092 | 7.26877666030824 × 10^295 |
| 91 | ov_091 | 1.3893835450375426 × 10^296 |
| 90 | ov_090 | 2.5148303507918363 × 10^296 |
| 89 | ov_089 | 4.304576352896861 × 10^296 |
| 88 | ov_088 | 6.993377854259672 × 10^296 |
| 87 | ov_087 | 1.084940426928287 × 10^297 |
| 86 | ov_086 | 1.6174263235751573 × 10^297 |
| 85 | ov_085 | 2.3303038976103866 × 10^297 |
| 84 | ov_084 | 3.260434715107063 × 10^297 |
| 83 | ov_083 | 4.448040944902519 × 10^297 |
| 82 | ov_082 | 5.936715115512305 × 10^297 |
| 81 | ov_081 | 7.773432494571498 × 10^297 |
| 64 | lv_79_m31 | 8.66235933859182 × 10^297 |
| 80 | ov_080 | 1.0008566415600036 × 10^298 |
| 79 | ov_079 | 1.269590687730942 × 10^298 |
| 78 | ov_078 | 1.5892682741352807 × 10^298 |
| 77 | ov_077 | 1.9659588366478976 × 10^298 |
| 76 | ov_076 | 2.406081709276564 × 10^298 |
| 75 | ov_075 | 2.916410568977616 × 10^298 |
| 74 | ov_074 | 3.504079468638935 × 10^298 |
| 73 | ov_073 | 4.1765909838059314 × 10^298 |
| 63 | ov_063 | 4.4408663260069273 × 10^298 |
| 72 | ov_072 | 4.94182703307259 × 10^298 |
| 71 | ov_071 | 5.808062967104084 × 10^298 |
| 70 | ov_070 | 6.783985557179026 × 10^298 |
| 69 | ov_069 | 7.878715551145767 × 10^298 |
| 68 | ov_068 | 9.101835503016358 × 10^298 |
| 67 | ov_067 | 1.0463423622345424 × 10^299 |
| 66 | ov_066 | 1.0463430135169666 × 10^299 |
| 65 | ov_065 | 1.046345730607297 × 10^299 |
| 62 | ov_062 | 2.276188566180534 × 10^299 |
| 61 | ov_061 | 8.289949430674742 × 10^299 |
| 60 | ov_060 | 2.3711339502050223 × 10^300 |
| 59 | ov_059 | 5.717016537614231 × 10^300 |
| 58 | ov_058 | 1.1596634313886701 × 10^301 |
| 57 | ov_057 | 2.0943520516136886 × 10^301 |
| 56 | ov_056 | 3.5828290980583165 × 10^301 |
| 55 | ov_055 | 5.872868154571644 × 10^301 |
| 54 | ov_054 | 9.252961583901972 × 10^301 |
| 53 | ov_053 | 1.3897907015441775 × 10^302 |
| 52 | ov_052 | 2.017768634640061 × 10^302 |
| 51 | ov_051 | 2.8503082931599806 × 10^302 |
| 50 | ov_050 | 3.932575679670564 × 10^302 |
| 49 | ov_049 | 5.313836560930698 × 10^302 |
| 48 | ov_048 | 7.047474885273583 × 10^302 |
| 47 | ov_047 | 9.191019532030257 × 10^302 |
| 32 | lv_80_m31 | 1.0231052764281701 × 10^303 |
| 46 | ov_046 | 1.1806181672207454 × 10^303 |
| 45 | ov_045 | 1.4958905287329558 × 10^303 |
| 44 | ov_044 | 1.8719433661426277 × 10^303 |
| 43 | ov_043 | 2.3162394929743473 × 10^303 |
| 42 | ov_042 | 2.836691003704604 × 10^303 |
| 41 | ov_041 | 3.441672672856468 × 10^303 |
| 40 | ov_040 | 4.140038346793678 × 10^303 |
| 39 | ov_039 | 4.9365918051606005 × 10^303 |
| 31 | ov_031 | 5.245024236667616 × 10^303 |
| 38 | ov_038 | 5.841208295118687 × 10^303 |
| 37 | ov_037 | 6.864313571611964 × 10^303 |
| 36 | ov_036 | 8.016916702317524 × 10^303 |
| 35 | ov_035 | 9.310648225360251 × 10^303 |
| 34 | ov_034 | 1.0757804216252094 × 10^304 |
| 33 | ov_033 | 1.2371396849720499 × 10^304 |
| 30 | ov_030 | 2.6884240994544425 × 10^304 |
| 29 | ov_029 | 8.792229435034621 × 10^304 |
| 28 | ov_028 | 2.281273329082305 × 10^305 |
| 27 | ov_027 | 5.4949661364923475 × 10^305 |
| 26 | ov_026 | 1.2005629588917572 × 10^306 |
| 25 | ov_025 | 2.3780086656106723 × 10^306 |
| 24 | ov_024 | 4.326666772787545 × 10^306 |
| 23 | ov_023 | 7.339524993806906 × 10^306 |
| 22 | ov_022 | 1.1757735677304015 × 10^307 |
| 21 | ov_021 | 1.7970636954065224 × 10^307 |
| 20 | ov_020 | 2.6415791305229225 × 10^307 |
| 19 | ov_019 | 3.7579049476188056 × 10^307 |
| 18 | ov_018 | 5.19946519566173 × 10^307 |
| 17 | ov_017 | 7.024538549042883 × 10^307 |
| 16 | ov_016 | 9.296281452252495 × 10^307 |
| 15 | ov_015 | 1.208276076589439 × 10^308 |
| 14 | ov_014 | 1.545699824769017 × 10^308 |
| 13 | ov_013 | 1.9497029837265459 × 10^308 |
| 12 | ov_012 | 2.428598319472946 × 10^308 |
| 11 | ov_011 | 2.9912177270668315 × 10^308 |
| 10 | ov_010 | 3.646924801403956 × 10^308 |
| 9 | ov_009 | 4.405630465517197 × 10^308 |
| 8 | ov_008 | 5.277812133440428 × 10^308 |
| 7 | ov_007 | 6.274536918379473 × 10^308 |
| 6 | ov_006 | 7.4074894310971 × 10^308 |
| 5 | ov_005 | 8.689004748197386 × 10^308 |
| 4 | ov_004 | 1.0132107165554206 × 10^309 |
| 3 | ov_003 | 1.1750555388663288 × 10^309 |
| 2 | ov_002 | 1.3558894803942324 × 10^309 |
| 1 | ov_001 | 1.557251742321566 × 10^309 |

