# Results for F001-F002-F003-F004-F005-F006-F007-F008-F009-F010-F011-F012-F013-F014-F015-F016-F017-F018-F019-F020-F021-F022-F023-F024-F025-F026-F027-F028-F029-F030-F031-F032-F033-F034-F035-F036-F037-F038-F039-F040-F041-F042-F043-F044-F045-F046-F047-F048-F049-F050-F051-F052-F053-F054-F055-F056-F057-F058-F059-F060-F061-F062-F063-F064-F065-F066-F067-F068-F069-F070-F071-F072-F073-F074-F075-F076-F077-F078-F079-F080-F081-F082-F083-F084-F085-F086-F087-F088-F089-F090-F091-F092-F093-F094-F095-F096-F097-F098-F099-F100-F101-F102-F103-F104-F105-F106-F107-F108-F109-F110-F111-F112-F113-F114-F115-F116-F117-F118-F119-F120-F121-F122-F123-F124-F125-F126-F127-F128-F129-F130-F131-F132-F133-F134-F135-F136-F137-F138-F139-F140-F141-F142-F143-F144-F145-F146-F147-F148-F149-F150-F151-F152-F153-F154-F155-F156-F157-F158-F159-F160-F161-F162-F163-F164-F165-F166-F167-F168-F169-F170-F171-F172-F173-F174-F175-F176-F177-F178-F179-F180-F181-F182-F183-F184-F185-F186-F187-F188-F189-F190-F191-F192-F193-F194-F195-F196-F197-F198-F199-F200-F201-F202-F203-F204-F205-F206-F207-F208-F209-F210-F211-F212-F213-F214-F215-F216-F217-F218-F219-F220-F221-F222-F223-F224-F225-F226-F227-F228-F229-F230-F231-F232-F233-F234-F235-F236-F237-F238-F239-F240-F241-F242-F243-F244-F245-F246-F247-F248-F249-F250-F251-F252-F253-F254-F255-F256-F257-F258-F259-F260-F261-F262-F263-F264-F265-F266-F267-F268-F269-F270-F271-F272-F273-F274-F275-F276-F277-F278-F279-F280-F281-F282-F283-F284-F285-F286-F287-F288-F289-F290-F291-F292-F293-F294-F295-F296-F297-F298-F299-F300-F301-F302-F303-F304-F305-F306-F307-F308-F309-F310-F311-F312-F313-F314-F315-F316-F317-F318-F319-F320-F321-F322-F323-F324-F325-F326-F327-F328-F329-F330-F331-F332-F333-F334-F335-F336-F337-F338-F339-F340-F341-F342-F343-F344-F345-F346-F347-F348-F349-F350-F351-F352-F353-F354-F355-F356-F357-F358-F359-F360-F361-F362-F363-F364-F365-F366-F367-F368-F369-F370-F371-F372-F373-F374-F375-F376-F377-F378-F379-F380-F381-F382-F383-F384-F385-F386-F387-F388-F389-F390-F391-F392-F393-F394-F395-F396-F397-F398-F399-F400-F401-F402-F403-F404-F405-F406-F407-F408-F409-F410-F411-F412-F413-F414-F415-F416-F417-F418-F419-F420-F421-F422-F423-F424-F425-F426-F427-F428-F429-F430-F431-F432-F433-F434-F435-F436-F437-F438-F439-F440-F441-F442-F443-F444-F445-F446-F447-F448-F449-F450-F451-F452-F453-F454-F455-F456-F457-F458-F459-F460-F461-F462-F463-F464-F465-F466-F467-F468-F469-F470-F471-F472-F473-F474-F475-F476-F477-F478-F479-F480-F481-F482-F483-F484-F485-F486-F487-F488-F489-F490-F491-F492-F493-F494-F495-F496-E509510-F512

## Summary

Number of input bits: 512  
Number of free input bits: 14  
Number of output bits: 160

Number of direct occurrences: 57296  
Number of assignments: 31862  
Number of operations: 11205224
(xor: 11176808,
and: 14811,
or: 13605)

Total complexity: 2.8999023562549 × 10^301

Least occurring input variable: iv_502 (3896)  
Most occurring input variable: iv_509 (4507)

Most co-occurring input variables: iv_508-iv_509 (2252)  
Least co-occurring input variables: iv_498-iv_502 (1769)

Potentially most occurring input variable: iv_497/iv_509 (4601)  
Potentially least occurring input variable: iv_504/iv_506 (4157)

Least output occurring input variable: iv_509 (76)  
Most output occurring input variable: iv_497 (93)

Most output co-occurring input variables: iv_497-iv_502 (52)  
Least output co-occurring input variables: iv_502-iv_503 (32)

Potentially most output occurring input variable: iv_502/iv_503 (96)  
Potentially least output occurring input variable: iv_507/iv_509 (70)

Least complex input bit: iv_511 (7.822600423767043 × 10^297)  
Most complex input bit: iv_509 (7.043261562228225 × 10^300)

Least complex output bit: aaa_76_29 (5.132106514987738 × 10^276)  
Most complex output bit: ov_001 (4.533610399902358 × 10^300)

Least complex input/output complexity: iv_511/aaa_76_29 (1.384405875334646 × 10^273)  
Most complex input/output complexity: iv_509/ov_001 (1.101119966983592 × 10^300)

## Input Bits

### Input Bits in Regular Order

| Input Bit | Complexity | Occurrences | Output Occurrences |
|:---------:|:----------:|:-----------:|:------------------:|
| iv_497 | 3.820790757628835 × 10^298 | 4146 | 93 |
| iv_498 | 7.644273588354819 × 10^298 | 3946 | 88 |
| iv_499 | 1.3503547239559857 × 10^299 | 3957 | 81 |
| iv_500 | 2.276299253749016 × 10^299 | 4125 | 76 |
| iv_501 | 3.823046848721785 × 10^299 | 4093 | 83 |
| iv_502 | 6.202998186149763 × 10^299 | 3896 | 82 |
| iv_503 | 9.829777165408753 × 10^299 | 4163 | 78 |
| iv_504 | 1.5246295488237464 × 10^300 | 3939 | 78 |
| iv_505 | 2.321764012898436 × 10^300 | 3930 | 79 |
| iv_506 | 3.47653800303793 × 10^300 | 3974 | 82 |
| iv_507 | 5.125873301663645 × 10^300 | 4187 | 76 |
| iv_508 | 7.036236272214921 × 10^300 | 4209 | 78 |
| iv_509 | 7.043261562228225 × 10^300 | 4507 | 76 |
| iv_511 | 7.822600423767043 × 10^297 | 4224 | 80 |

### Input Bits Sorted by Complexity

| Input Bit | Complexity | Occurrences | Output Occurrences |
|:---------:|:----------:|:-----------:|:------------------:|
| iv_511 | 7.822600423767043 × 10^297 | 4224 | 80 |
| iv_497 | 3.820790757628835 × 10^298 | 4146 | 93 |
| iv_498 | 7.644273588354819 × 10^298 | 3946 | 88 |
| iv_499 | 1.3503547239559857 × 10^299 | 3957 | 81 |
| iv_500 | 2.276299253749016 × 10^299 | 4125 | 76 |
| iv_501 | 3.823046848721785 × 10^299 | 4093 | 83 |
| iv_502 | 6.202998186149763 × 10^299 | 3896 | 82 |
| iv_503 | 9.829777165408753 × 10^299 | 4163 | 78 |
| iv_504 | 1.5246295488237464 × 10^300 | 3939 | 78 |
| iv_505 | 2.321764012898436 × 10^300 | 3930 | 79 |
| iv_506 | 3.47653800303793 × 10^300 | 3974 | 82 |
| iv_507 | 5.125873301663645 × 10^300 | 4187 | 76 |
| iv_508 | 7.036236272214921 × 10^300 | 4209 | 78 |
| iv_509 | 7.043261562228225 × 10^300 | 4507 | 76 |

### Input Bits Sorted by Occurrences

| Input Bit | Complexity | Occurrences | Output Occurrences |
|:---------:|:----------:|:-----------:|:------------------:|
| iv_502 | 6.202998186149763 × 10^299 | 3896 | 82 |
| iv_505 | 2.321764012898436 × 10^300 | 3930 | 79 |
| iv_504 | 1.5246295488237464 × 10^300 | 3939 | 78 |
| iv_498 | 7.644273588354819 × 10^298 | 3946 | 88 |
| iv_499 | 1.3503547239559857 × 10^299 | 3957 | 81 |
| iv_506 | 3.47653800303793 × 10^300 | 3974 | 82 |
| iv_501 | 3.823046848721785 × 10^299 | 4093 | 83 |
| iv_500 | 2.276299253749016 × 10^299 | 4125 | 76 |
| iv_497 | 3.820790757628835 × 10^298 | 4146 | 93 |
| iv_503 | 9.829777165408753 × 10^299 | 4163 | 78 |
| iv_507 | 5.125873301663645 × 10^300 | 4187 | 76 |
| iv_508 | 7.036236272214921 × 10^300 | 4209 | 78 |
| iv_511 | 7.822600423767043 × 10^297 | 4224 | 80 |
| iv_509 | 7.043261562228225 × 10^300 | 4507 | 76 |

### Input Bits Sorted by Output Occurrences

| Input Bit | Complexity | Occurrences | Output Occurrences |
|:---------:|:----------:|:-----------:|:------------------:|
| iv_509 | 7.043261562228225 × 10^300 | 4507 | 76 |
| iv_500 | 2.276299253749016 × 10^299 | 4125 | 76 |
| iv_507 | 5.125873301663645 × 10^300 | 4187 | 76 |
| iv_503 | 9.829777165408753 × 10^299 | 4163 | 78 |
| iv_504 | 1.5246295488237464 × 10^300 | 3939 | 78 |
| iv_508 | 7.036236272214921 × 10^300 | 4209 | 78 |
| iv_505 | 2.321764012898436 × 10^300 | 3930 | 79 |
| iv_511 | 7.822600423767043 × 10^297 | 4224 | 80 |
| iv_499 | 1.3503547239559857 × 10^299 | 3957 | 81 |
| iv_502 | 6.202998186149763 × 10^299 | 3896 | 82 |
| iv_506 | 3.47653800303793 × 10^300 | 3974 | 82 |
| iv_501 | 3.823046848721785 × 10^299 | 4093 | 83 |
| iv_498 | 7.644273588354819 × 10^298 | 3946 | 88 |
| iv_497 | 3.820790757628835 × 10^298 | 4146 | 93 |

## Input Bit Co-occurrences

### Input Bit Co-occurrences Sorted by Co-occurrences

| Input Bits | Co-occurrences | Potential Occurrences | Output Co-occurrences | Potential Output Occurrences |
|:----------:|:--------------:|:---------------------:|:---------------------:|:----------------------------:|
| iv_508-iv_509 | 2252 | 4212 | 36 | 82 |
| iv_507-iv_509 | 2185 | 4324 | 41 | 70 |
| iv_507-iv_508 | 2104 | 4188 | 34 | 86 |
| iv_503-iv_509 | 2104 | 4462 | 37 | 80 |
| iv_509-iv_511 | 2084 | 4563 | 35 | 86 |
| iv_508-iv_511 | 2084 | 4265 | 38 | 82 |
| iv_500-iv_511 | 2081 | 4187 | 38 | 80 |
| iv_497-iv_507 | 2050 | 4233 | 44 | 81 |
| iv_501-iv_511 | 2034 | 4249 | 39 | 85 |
| iv_500-iv_509 | 2034 | 4564 | 37 | 78 |
| iv_499-iv_509 | 2032 | 4400 | 38 | 81 |
| iv_503-iv_511 | 2027 | 4333 | 37 | 84 |
| iv_497-iv_509 | 2026 | 4601 | 43 | 83 |
| iv_501-iv_509 | 2026 | 4548 | 44 | 71 |

### Input Bit Co-occurrences Sorted by Potential Occurrences

| Input Bits | Co-occurrences | Potential Occurrences | Output Co-occurrences | Potential Output Occurrences |
|:----------:|:--------------:|:---------------------:|:---------------------:|:----------------------------:|
| iv_504-iv_506 | 1878 | 4157 | 42 | 76 |
| iv_501-iv_505 | 1932 | 4159 | 45 | 72 |
| iv_499-iv_504 | 1868 | 4160 | 38 | 83 |
| iv_502-iv_505 | 1833 | 4160 | 36 | 89 |
| iv_504-iv_505 | 1852 | 4165 | 41 | 75 |
| iv_506-iv_507 | 1997 | 4167 | 39 | 80 |
| iv_499-iv_505 | 1858 | 4171 | 42 | 76 |
| iv_499-iv_501 | 1932 | 4186 | 44 | 76 |
| iv_500-iv_511 | 2081 | 4187 | 38 | 80 |
| iv_507-iv_508 | 2104 | 4188 | 34 | 86 |
| iv_498-iv_504 | 1847 | 4191 | 46 | 74 |
| iv_500-iv_505 | 1928 | 4199 | 42 | 71 |
| iv_497-iv_506 | 1955 | 4210 | 51 | 73 |
| iv_508-iv_509 | 2252 | 4212 | 36 | 82 |

### Input Bit Output Co-occurrences Sorted by Output Co-occurrences

| Input Bits | Co-occurrences | Potential Occurrences | Output Co-occurrences | Potential Output Occurrences |
|:----------:|:--------------:|:---------------------:|:---------------------:|:----------------------------:|
| iv_497-iv_502 | 1905 | 4232 | 52 | 71 |
| iv_497-iv_506 | 1955 | 4210 | 51 | 73 |
| iv_497-iv_504 | 1929 | 4227 | 50 | 71 |
| iv_497-iv_498 | 1893 | 4306 | 50 | 81 |
| iv_497-iv_503 | 1992 | 4325 | 49 | 73 |
| iv_498-iv_499 | 1833 | 4237 | 48 | 73 |
| iv_498-iv_501 | 1873 | 4293 | 48 | 75 |
| iv_497-iv_501 | 2008 | 4223 | 48 | 80 |
| iv_497-iv_505 | 1911 | 4254 | 47 | 78 |
| iv_497-iv_511 | 2010 | 4350 | 47 | 79 |
| iv_498-iv_502 | 1769 | 4304 | 46 | 78 |
| iv_498-iv_504 | 1847 | 4191 | 46 | 74 |
| iv_498-iv_509 | 2001 | 4451 | 46 | 72 |
| iv_501-iv_505 | 1932 | 4159 | 45 | 72 |

### Input Bit Output Co-occurrences Sorted by Potential Output Occurrences

| Input Bits | Co-occurrences | Potential Occurrences | Output Co-occurrences | Potential Output Occurrences |
|:----------:|:--------------:|:---------------------:|:---------------------:|:----------------------------:|
| iv_507-iv_509 | 2185 | 4324 | 41 | 70 |
| iv_501-iv_509 | 2026 | 4548 | 44 | 71 |
| iv_500-iv_505 | 1928 | 4199 | 42 | 71 |
| iv_497-iv_504 | 1929 | 4227 | 50 | 71 |
| iv_497-iv_502 | 1905 | 4232 | 52 | 71 |
| iv_501-iv_505 | 1932 | 4159 | 45 | 72 |
| iv_498-iv_509 | 2001 | 4451 | 46 | 72 |
| iv_502-iv_511 | 1924 | 4272 | 45 | 72 |
| iv_503-iv_505 | 1931 | 4231 | 42 | 73 |
| iv_498-iv_499 | 1833 | 4237 | 48 | 73 |
| iv_499-iv_500 | 1899 | 4284 | 42 | 73 |
| iv_497-iv_503 | 1992 | 4325 | 49 | 73 |
| iv_497-iv_506 | 1955 | 4210 | 51 | 73 |
| iv_498-iv_504 | 1847 | 4191 | 46 | 74 |

## Output Bits

### Output Bits in Regular Order

| Rank | Output Bit | Complexity |
|:----:|:----------:|:----------:|
| 1 | ov_001 | 4.533610399902358 × 10^300 |
| 2 | ov_002 | 3.944974251852033 × 10^300 |
| 3 | ov_003 | 3.416516316732753 × 10^300 |
| 4 | ov_004 | 2.943723149958113 × 10^300 |
| 5 | ov_005 | 2.5223283908721718 × 10^300 |
| 6 | ov_006 | 2.1482953398519173 × 10^300 |
| 7 | ov_007 | 1.8178018053290773 × 10^300 |
| 8 | ov_008 | 1.5272270117968059 × 10^300 |
| 9 | ov_009 | 1.273140370993071 × 10^300 |
| 10 | ov_010 | 1.0522919291859906 × 10^300 |
| 11 | ov_011 | 8.61604313898335 × 10^299 |
| 12 | ov_012 | 6.9816601356115565 × 10^299 |
| 13 | ov_013 | 5.592258335332657 × 10^299 |
| 14 | ov_014 | 4.4218838170934285 × 10^299 |
| 15 | ov_015 | 3.4461044660251047 × 10^299 |
| 16 | ov_016 | 2.6419814035827805 × 10^299 |
| 17 | ov_017 | 1.988046886604773 × 10^299 |
| 18 | ov_018 | 1.4642875894564105 × 10^299 |
| 19 | ov_019 | 1.0521322776503353 × 10^299 |
| 20 | ov_020 | 7.34442975343986 × 10^298 |
| 21 | ov_021 | 4.955088229846491 × 10^298 |
| 22 | ov_022 | 3.210419151574204 × 10^298 |
| 23 | ov_023 | 1.9817452922652817 × 10^298 |
| 24 | ov_024 | 1.1545732361250835 × 10^298 |
| 25 | ov_025 | 6.285823522004223 × 10^297 |
| 26 | ov_026 | 3.176187540315284 × 10^297 |
| 27 | ov_027 | 1.4969245732448342 × 10^297 |
| 28 | ov_028 | 6.697625910918795 × 10^296 |
| 29 | ov_029 | 2.580537690517735 × 10^296 |
| 30 | ov_030 | 7.888005853653356 × 10^295 |
| 31 | ov_031 | 1.538295935696751 × 10^295 |
| 32 | lv_80_m31 | 2.999311139304418 × 10^294 |
| 33 | ov_033 | 3.6111241646414315 × 10^295 |
| 34 | ov_034 | 3.1359213462001483 × 10^295 |
| 35 | ov_035 | 2.70990859834709 × 10^295 |
| 36 | ov_036 | 2.3293724077056488 × 10^295 |
| 37 | ov_037 | 1.9908009278168296 × 10^295 |
| 38 | ov_038 | 1.6908698138644314 × 10^295 |
| 39 | ov_039 | 1.4264299433874912 × 10^295 |
| 40 | ov_040 | 1.1944968416339015 × 10^295 |
| 41 | ov_041 | 9.922416412691905 × 10^294 |
| 42 | ov_042 | 8.16983416640439 × 10^294 |
| 43 | ov_043 | 6.661827427758838 × 10^294 |
| 44 | ov_044 | 5.3743633883986594 × 10^294 |
| 45 | ov_045 | 4.284726649200883 × 10^294 |
| 46 | ov_046 | 3.3714834985473196 × 10^294 |
| 47 | ov_047 | 2.6144533636157627 × 10^294 |
| 48 | ov_048 | 1.9946863805619215 × 10^294 |
| 49 | ov_049 | 1.4944461108344146 × 10^294 |
| 50 | ov_050 | 1.0971965107346611 × 10^294 |
| 51 | ov_051 | 7.87592340032459 × 10^293 |
| 52 | ov_052 | 5.514722732642696 × 10^293 |
| 53 | ov_053 | 3.758540861386644 × 10^293 |
| 54 | ov_054 | 2.4893142945238208 × 10^293 |
| 55 | ov_055 | 1.6007177937888636 × 10^293 |
| 56 | ov_056 | 9.981518337736211 × 10^292 |
| 57 | ov_057 | 5.98735127947389 × 10^292 |
| 58 | ov_058 | 3.3130042360171827 × 10^292 |
| 59 | ov_059 | 1.6319223817995141 × 10^292 |
| 60 | ov_060 | 6.761069988135997 × 10^291 |
| 61 | ov_061 | 2.361129812524461 × 10^291 |
| 62 | ov_062 | 6.475633989285997 × 10^290 |
| 63 | ov_063 | 1.2618724715048083 × 10^290 |
| 64 | lv_79_m31 | 2.458435806845576 × 10^289 |
| 65 | ov_065 | 2.9476118022247298 × 10^290 |
| 66 | ov_066 | 2.947602817383705 × 10^290 |
| 67 | ov_067 | 2.9476006184619313 × 10^290 |
| 68 | ov_068 | 2.5523511041266903 × 10^290 |
| 69 | ov_069 | 2.199352263922074 × 10^290 |
| 70 | ov_070 | 1.885200758292289 × 10^290 |
| 71 | ov_071 | 1.606702610355204 × 10^290 |
| 72 | ov_072 | 1.3608590293817717 × 10^290 |
| 73 | ov_073 | 1.1448534886240358 × 10^290 |
| 74 | ov_074 | 9.560399909199597 × 10^289 |
| 75 | ov_075 | 7.919324580845005 × 10^289 |
| 76 | ov_076 | 6.501951822238248 × 10^289 |
| 77 | ov_077 | 5.286342788406034 × 10^289 |
| 78 | ov_078 | 4.251900829864023 × 10^289 |
| 79 | ov_079 | 3.379304308121038 × 10^289 |
| 80 | ov_080 | 2.650447697151111 × 10^289 |
| 81 | ov_081 | 2.0483904092523278 × 10^289 |
| 82 | ov_082 | 1.5573127884832513 × 10^289 |
| 83 | ov_083 | 1.1624787183269448 × 10^289 |
| 84 | ov_084 | 8.50204292674435 × 10^288 |
| 85 | ov_085 | 6.078320008837583 × 10^288 |
| 86 | ov_086 | 4.237098787587022 × 10^288 |
| 87 | ov_087 | 2.871750779767556 × 10^288 |
| 88 | ov_088 | 1.8854130691381707 × 10^288 |
| 89 | ov_089 | 1.1908959605546544 × 10^288 |
| 90 | ov_090 | 7.106184131337049 × 10^287 |
| 91 | ov_091 | 4.081855645104861 × 10^287 |
| 92 | ov_092 | 2.2512381324003623 × 10^287 |
| 93 | ov_093 | 1.124869795345978 × 10^287 |
| 94 | ov_094 | 4.818270681247582 × 10^286 |
| 95 | aaa_78_28 | 1.48782716104363 × 10^286 |
| 96 | aaa_78_29 | 4.5691468574471707 × 10^285 |
| 97 | ov_097 | 3.016662364750449 × 10^285 |
| 98 | ov_098 | 3.0165719439069354 × 10^285 |
| 99 | ov_099 | 3.0165430516832855 × 10^285 |
| 100 | ov_100 | 2.714277169566694 × 10^285 |
| 101 | ov_101 | 2.4343664999474187 × 10^285 |
| 102 | ov_102 | 2.1755787666682818 × 10^285 |
| 103 | ov_103 | 1.9367711974024764 × 10^285 |
| 104 | ov_104 | 1.7168790197376054 × 10^285 |
| 105 | ov_105 | 1.5149050012687895 × 10^285 |
| 106 | ov_106 | 1.3299099787167866 × 10^285 |
| 107 | ov_107 | 1.1610043232041924 × 10^285 |
| 108 | ov_108 | 1.0073402905564643 × 10^285 |
| 109 | ov_109 | 8.681052068945458 × 10^284 |
| 110 | ov_110 | 7.425154408961838 × 10^284 |
| 111 | ov_111 | 6.298111149658613 × 10^284 |
| 112 | ov_112 | 5.292515082076257 × 10^284 |
| 113 | ov_113 | 4.401111045769858 × 10^284 |
| 114 | ov_114 | 3.6167623993026955 × 10^284 |
| 115 | ov_115 | 2.9324230192214117 × 10^284 |
| 116 | ov_116 | 2.3411143685097712 × 10^284 |
| 117 | ov_117 | 1.8359071764100704 × 10^284 |
| 118 | ov_118 | 1.4099072719979085 × 10^284 |
| 119 | ov_119 | 1.0562447378399512 × 10^284 |
| 120 | ov_120 | 7.680655502042656 × 10^283 |
| 121 | ov_121 | 5.385256250077123 × 10^283 |
| 122 | ov_122 | 3.6078698381108693 × 10^283 |
| 123 | ov_123 | 2.2801523009075005 × 10^283 |
| 124 | ov_124 | 1.333778452035434 × 10^283 |
| 125 | ov_125 | 7.004313153276555 × 10^282 |
| 126 | ov_126 | 3.1179672718389297 × 10^282 |
| 127 | aaa_77_28 | 9.95612617615879 × 10^281 |
| 128 | aaa_77_29 | 3.732392580448032 × 10^281 |
| 129 | ov_129 | 3.470304629482778 × 10^281 |
| 130 | ov_130 | 3.4702946234547045 × 10^281 |
| 131 | ov_131 | 3.470292200937175 × 10^281 |
| 132 | ov_132 | 3.011456385349875 × 10^281 |
| 133 | ov_133 | 2.600325309908471 × 10^281 |
| 134 | ov_134 | 2.2332859593196804 × 10^281 |
| 135 | ov_135 | 1.9069219972399935 × 10^281 |
| 136 | ov_136 | 1.6179997607213761 × 10^281 |
| 137 | ov_137 | 1.3634561108839926 × 10^281 |
| 138 | ov_138 | 1.14038796848782 × 10^281 |
| 139 | ov_139 | 9.46043371976196 × 10^280 |
| 140 | ov_140 | 7.77813904175387 × 10^280 |
| 141 | ov_141 | 6.3322834221454385 × 10^280 |
| 142 | ov_142 | 5.099473934309276 × 10^280 |
| 143 | ov_143 | 4.057593880891534 × 10^280 |
| 144 | ov_144 | 3.185768077061765 × 10^280 |
| 145 | ov_145 | 2.4643353566493474 × 10^280 |
| 146 | ov_146 | 1.8748272464182306 × 10^280 |
| 147 | ov_147 | 1.3999518318379362 × 10^280 |
| 148 | ov_148 | 1.0235819156209546 × 10^280 |
| 149 | ov_149 | 7.307466480942864 × 10^279 |
| 150 | ov_150 | 5.0762588620219934 × 10^279 |
| 151 | ov_151 | 3.4154661562385594 × 10^279 |
| 152 | ov_152 | 2.2098084814820108 × 10^279 |
| 153 | ov_153 | 1.355444840896076 × 10^279 |
| 154 | ov_154 | 7.599672449174463 × 10^278 |
| 155 | ov_155 | 3.8002943455235265 × 10^278 |
| 156 | aaa_76_25 | 1.4608136208197982 × 10^278 |
| 157 | aaa_76_26 | 8.441943868321828 × 10^277 |
| 158 | aaa_76_27 | 4.3249053800559855 × 10^277 |
| 159 | aaa_76_28 | 1.6856987230774396 × 10^277 |
| 160 | aaa_76_29 | 5.132106514987738 × 10^276 |

### Output Bits Sorted by Complexity

| Rank | Output Bit | Complexity |
|:----:|:----------:|:----------:|
| 160 | aaa_76_29 | 5.132106514987738 × 10^276 |
| 159 | aaa_76_28 | 1.6856987230774396 × 10^277 |
| 158 | aaa_76_27 | 4.3249053800559855 × 10^277 |
| 157 | aaa_76_26 | 8.441943868321828 × 10^277 |
| 156 | aaa_76_25 | 1.4608136208197982 × 10^278 |
| 155 | ov_155 | 3.8002943455235265 × 10^278 |
| 154 | ov_154 | 7.599672449174463 × 10^278 |
| 153 | ov_153 | 1.355444840896076 × 10^279 |
| 152 | ov_152 | 2.2098084814820108 × 10^279 |
| 151 | ov_151 | 3.4154661562385594 × 10^279 |
| 150 | ov_150 | 5.0762588620219934 × 10^279 |
| 149 | ov_149 | 7.307466480942864 × 10^279 |
| 148 | ov_148 | 1.0235819156209546 × 10^280 |
| 147 | ov_147 | 1.3999518318379362 × 10^280 |
| 146 | ov_146 | 1.8748272464182306 × 10^280 |
| 145 | ov_145 | 2.4643353566493474 × 10^280 |
| 144 | ov_144 | 3.185768077061765 × 10^280 |
| 143 | ov_143 | 4.057593880891534 × 10^280 |
| 142 | ov_142 | 5.099473934309276 × 10^280 |
| 141 | ov_141 | 6.3322834221454385 × 10^280 |
| 140 | ov_140 | 7.77813904175387 × 10^280 |
| 139 | ov_139 | 9.46043371976196 × 10^280 |
| 138 | ov_138 | 1.14038796848782 × 10^281 |
| 137 | ov_137 | 1.3634561108839926 × 10^281 |
| 136 | ov_136 | 1.6179997607213761 × 10^281 |
| 135 | ov_135 | 1.9069219972399935 × 10^281 |
| 134 | ov_134 | 2.2332859593196804 × 10^281 |
| 133 | ov_133 | 2.600325309908471 × 10^281 |
| 132 | ov_132 | 3.011456385349875 × 10^281 |
| 131 | ov_131 | 3.470292200937175 × 10^281 |
| 130 | ov_130 | 3.4702946234547045 × 10^281 |
| 129 | ov_129 | 3.470304629482778 × 10^281 |
| 128 | aaa_77_29 | 3.732392580448032 × 10^281 |
| 127 | aaa_77_28 | 9.95612617615879 × 10^281 |
| 126 | ov_126 | 3.1179672718389297 × 10^282 |
| 125 | ov_125 | 7.004313153276555 × 10^282 |
| 124 | ov_124 | 1.333778452035434 × 10^283 |
| 123 | ov_123 | 2.2801523009075005 × 10^283 |
| 122 | ov_122 | 3.6078698381108693 × 10^283 |
| 121 | ov_121 | 5.385256250077123 × 10^283 |
| 120 | ov_120 | 7.680655502042656 × 10^283 |
| 119 | ov_119 | 1.0562447378399512 × 10^284 |
| 118 | ov_118 | 1.4099072719979085 × 10^284 |
| 117 | ov_117 | 1.8359071764100704 × 10^284 |
| 116 | ov_116 | 2.3411143685097712 × 10^284 |
| 115 | ov_115 | 2.9324230192214117 × 10^284 |
| 114 | ov_114 | 3.6167623993026955 × 10^284 |
| 113 | ov_113 | 4.401111045769858 × 10^284 |
| 112 | ov_112 | 5.292515082076257 × 10^284 |
| 111 | ov_111 | 6.298111149658613 × 10^284 |
| 110 | ov_110 | 7.425154408961838 × 10^284 |
| 109 | ov_109 | 8.681052068945458 × 10^284 |
| 108 | ov_108 | 1.0073402905564643 × 10^285 |
| 107 | ov_107 | 1.1610043232041924 × 10^285 |
| 106 | ov_106 | 1.3299099787167866 × 10^285 |
| 105 | ov_105 | 1.5149050012687895 × 10^285 |
| 104 | ov_104 | 1.7168790197376054 × 10^285 |
| 103 | ov_103 | 1.9367711974024764 × 10^285 |
| 102 | ov_102 | 2.1755787666682818 × 10^285 |
| 101 | ov_101 | 2.4343664999474187 × 10^285 |
| 100 | ov_100 | 2.714277169566694 × 10^285 |
| 99 | ov_099 | 3.0165430516832855 × 10^285 |
| 98 | ov_098 | 3.0165719439069354 × 10^285 |
| 97 | ov_097 | 3.016662364750449 × 10^285 |
| 96 | aaa_78_29 | 4.5691468574471707 × 10^285 |
| 95 | aaa_78_28 | 1.48782716104363 × 10^286 |
| 94 | ov_094 | 4.818270681247582 × 10^286 |
| 93 | ov_093 | 1.124869795345978 × 10^287 |
| 92 | ov_092 | 2.2512381324003623 × 10^287 |
| 91 | ov_091 | 4.081855645104861 × 10^287 |
| 90 | ov_090 | 7.106184131337049 × 10^287 |
| 89 | ov_089 | 1.1908959605546544 × 10^288 |
| 88 | ov_088 | 1.8854130691381707 × 10^288 |
| 87 | ov_087 | 2.871750779767556 × 10^288 |
| 86 | ov_086 | 4.237098787587022 × 10^288 |
| 85 | ov_085 | 6.078320008837583 × 10^288 |
| 84 | ov_084 | 8.50204292674435 × 10^288 |
| 83 | ov_083 | 1.1624787183269448 × 10^289 |
| 82 | ov_082 | 1.5573127884832513 × 10^289 |
| 81 | ov_081 | 2.0483904092523278 × 10^289 |
| 64 | lv_79_m31 | 2.458435806845576 × 10^289 |
| 80 | ov_080 | 2.650447697151111 × 10^289 |
| 79 | ov_079 | 3.379304308121038 × 10^289 |
| 78 | ov_078 | 4.251900829864023 × 10^289 |
| 77 | ov_077 | 5.286342788406034 × 10^289 |
| 76 | ov_076 | 6.501951822238248 × 10^289 |
| 75 | ov_075 | 7.919324580845005 × 10^289 |
| 74 | ov_074 | 9.560399909199597 × 10^289 |
| 73 | ov_073 | 1.1448534886240358 × 10^290 |
| 63 | ov_063 | 1.2618724715048083 × 10^290 |
| 72 | ov_072 | 1.3608590293817717 × 10^290 |
| 71 | ov_071 | 1.606702610355204 × 10^290 |
| 70 | ov_070 | 1.885200758292289 × 10^290 |
| 69 | ov_069 | 2.199352263922074 × 10^290 |
| 68 | ov_068 | 2.5523511041266903 × 10^290 |
| 67 | ov_067 | 2.9476006184619313 × 10^290 |
| 66 | ov_066 | 2.947602817383705 × 10^290 |
| 65 | ov_065 | 2.9476118022247298 × 10^290 |
| 62 | ov_062 | 6.475633989285997 × 10^290 |
| 61 | ov_061 | 2.361129812524461 × 10^291 |
| 60 | ov_060 | 6.761069988135997 × 10^291 |
| 59 | ov_059 | 1.6319223817995141 × 10^292 |
| 58 | ov_058 | 3.3130042360171827 × 10^292 |
| 57 | ov_057 | 5.98735127947389 × 10^292 |
| 56 | ov_056 | 9.981518337736211 × 10^292 |
| 55 | ov_055 | 1.6007177937888636 × 10^293 |
| 54 | ov_054 | 2.4893142945238208 × 10^293 |
| 53 | ov_053 | 3.758540861386644 × 10^293 |
| 52 | ov_052 | 5.514722732642696 × 10^293 |
| 51 | ov_051 | 7.87592340032459 × 10^293 |
| 50 | ov_050 | 1.0971965107346611 × 10^294 |
| 49 | ov_049 | 1.4944461108344146 × 10^294 |
| 48 | ov_048 | 1.9946863805619215 × 10^294 |
| 47 | ov_047 | 2.6144533636157627 × 10^294 |
| 32 | lv_80_m31 | 2.999311139304418 × 10^294 |
| 46 | ov_046 | 3.3714834985473196 × 10^294 |
| 45 | ov_045 | 4.284726649200883 × 10^294 |
| 44 | ov_044 | 5.3743633883986594 × 10^294 |
| 43 | ov_043 | 6.661827427758838 × 10^294 |
| 42 | ov_042 | 8.16983416640439 × 10^294 |
| 41 | ov_041 | 9.922416412691905 × 10^294 |
| 40 | ov_040 | 1.1944968416339015 × 10^295 |
| 39 | ov_039 | 1.4264299433874912 × 10^295 |
| 31 | ov_031 | 1.538295935696751 × 10^295 |
| 38 | ov_038 | 1.6908698138644314 × 10^295 |
| 37 | ov_037 | 1.9908009278168296 × 10^295 |
| 36 | ov_036 | 2.3293724077056488 × 10^295 |
| 35 | ov_035 | 2.70990859834709 × 10^295 |
| 34 | ov_034 | 3.1359213462001483 × 10^295 |
| 33 | ov_033 | 3.6111241646414315 × 10^295 |
| 30 | ov_030 | 7.888005853653356 × 10^295 |
| 29 | ov_029 | 2.580537690517735 × 10^296 |
| 28 | ov_028 | 6.697625910918795 × 10^296 |
| 27 | ov_027 | 1.4969245732448342 × 10^297 |
| 26 | ov_026 | 3.176187540315284 × 10^297 |
| 25 | ov_025 | 6.285823522004223 × 10^297 |
| 24 | ov_024 | 1.1545732361250835 × 10^298 |
| 23 | ov_023 | 1.9817452922652817 × 10^298 |
| 22 | ov_022 | 3.210419151574204 × 10^298 |
| 21 | ov_021 | 4.955088229846491 × 10^298 |
| 20 | ov_020 | 7.34442975343986 × 10^298 |
| 19 | ov_019 | 1.0521322776503353 × 10^299 |
| 18 | ov_018 | 1.4642875894564105 × 10^299 |
| 17 | ov_017 | 1.988046886604773 × 10^299 |
| 16 | ov_016 | 2.6419814035827805 × 10^299 |
| 15 | ov_015 | 3.4461044660251047 × 10^299 |
| 14 | ov_014 | 4.4218838170934285 × 10^299 |
| 13 | ov_013 | 5.592258335332657 × 10^299 |
| 12 | ov_012 | 6.9816601356115565 × 10^299 |
| 11 | ov_011 | 8.61604313898335 × 10^299 |
| 10 | ov_010 | 1.0522919291859906 × 10^300 |
| 9 | ov_009 | 1.273140370993071 × 10^300 |
| 8 | ov_008 | 1.5272270117968059 × 10^300 |
| 7 | ov_007 | 1.8178018053290773 × 10^300 |
| 6 | ov_006 | 2.1482953398519173 × 10^300 |
| 5 | ov_005 | 2.5223283908721718 × 10^300 |
| 4 | ov_004 | 2.943723149958113 × 10^300 |
| 3 | ov_003 | 3.416516316732753 × 10^300 |
| 2 | ov_002 | 3.944974251852033 × 10^300 |
| 1 | ov_001 | 4.533610399902358 × 10^300 |

