# Results for E005015-E009010-F017-F018-F019-F020-F021-F022-F023-F024-F025-F026-F027-F028-F029-F030-F031-F032-F033-F034-F035-F036-F037-F038-F039-F040-F041-F042-F043-F044-F045-F046-F047-F048-F049-F050-F051-F052-F053-F054-F055-F056-F057-F058-F059-F060-F061-F062-F063-F064-F065-F066-F067-F068-F069-F070-F071-F072-F073-F074-F075-F076-F077-F078-F079-F080-F081-F082-F083-F084-F085-F086-F087-F088-F089-F090-F091-F092-F093-F094-F095-F096-F097-F098-F099-F100-F101-F102-F103-F104-F105-F106-F107-F108-F109-F110-F111-F112-F113-F114-F115-F116-F117-F118-F119-F120-F121-F122-F123-F124-F125-F126-F127-F128-F129-F130-F131-F132-F133-F134-F135-F136-F137-F138-F139-F140-F141-F142-F143-F144-F145-F146-F147-F148-F149-F150-F151-F152-F153-F154-F155-F156-F157-F158-F159-F160-F161-F162-F163-F164-F165-F166-F167-F168-F169-F170-F171-F172-F173-F174-F175-F176-F177-F178-F179-F180-F181-F182-F183-F184-F185-F186-F187-F188-F189-F190-F191-F192-F193-F194-F195-F196-F197-F198-F199-F200-F201-F202-F203-F204-F205-F206-F207-F208-F209-F210-F211-F212-F213-F214-F215-F216-F217-F218-F219-F220-F221-F222-F223-F224-F225-F226-F227-F228-F229-F230-F231-F232-F233-F234-F235-F236-F237-F238-F239-F240-F241-F242-F243-F244-F245-F246-F247-F248-F249-F250-F251-F252-F253-F254-F255-F256-F257-F258-F259-F260-F261-F262-F263-F264-F265-F266-F267-F268-F269-F270-F271-F272-F273-F274-F275-F276-F277-F278-F279-F280-F281-F282-F283-F284-F285-F286-F287-F288-F289-F290-F291-F292-F293-F294-F295-F296-F297-F298-F299-F300-F301-F302-F303-F304-F305-F306-F307-F308-F309-F310-F311-F312-F313-F314-F315-F316-F317-F318-F319-F320-F321-F322-F323-F324-F325-F326-F327-F328-F329-F330-F331-F332-F333-F334-F335-F336-F337-F338-F339-F340-F341-F342-F343-F344-F345-F346-F347-F348-F349-F350-F351-F352-F353-F354-F355-F356-F357-F358-F359-F360-F361-F362-F363-F364-F365-F366-F367-F368-F369-F370-F371-F372-F373-F374-F375-F376-F377-F378-F379-F380-F381-F382-F383-F384-F385-F386-F387-F388-F389-F390-F391-F392-F393-F394-F395-F396-F397-F398-F399-F400-F401-F402-F403-F404-F405-F406-F407-F408-F409-F410-F411-F412-F413-F414-F415-F416-F417-F418-F419-F420-F421-F422-F423-F424-F425-F426-F427-F428-F429-F430-F431-F432-F433-F434-F435-F436-F437-F438-F439-F440-F441-F442-F443-F444-F445-F446-F447-F448-F449-F450-F451-F452-F453-F454-F455-F456-F457-F458-F459-F460-F461-F462-F463-F464-F465-F466-F467-F468-F469-F470-F471-F472-F473-F474-F475-F476-F477-F478-F479-F480-F481-F482-F483-F484-F485-F486-F487-F488-F489-F490-F491-F492-F493-F494-F495-F496-F497-F498-F499-F500-F501-F502-F503-F504-F505-F506-F507-F508-F509-F510-F511-F512

## Summary

Number of input bits: 512  
Number of free input bits: 14  
Number of output bits: 160

Number of direct occurrences: 62997  
Number of assignments: 39152  
Number of operations: 19112853
(xor: 19075314,
and: 20887,
or: 16652)

Total complexity: 9.25968022017116 × 10^355

Least occurring input variable: iv_012 (4185)  
Most occurring input variable: iv_005 (4760)

Most co-occurring input variables: iv_001-iv_006 (2241)  
Least co-occurring input variables: iv_005-iv_007 (1914)

Potentially most occurring input variable: iv_005/iv_016 (5347)  
Potentially least occurring input variable: iv_002/iv_007 (4378)

Least output occurring input variable: iv_005 (59)  
Most output occurring input variable: iv_012 (86)

Most output co-occurring input variables: iv_002-iv_006 (47)  
Least output co-occurring input variables: iv_005-iv_009 (23)

Potentially most output occurring input variable: iv_001/iv_008 (94)  
Potentially least output occurring input variable: iv_002/iv_006 (66)

Least complex input bit: iv_016 (1.4162250028898828 × 10^352)  
Most complex input bit: iv_005 (2.157383205390321 × 10^355)

Least complex output bit: aaa_76_29 (1.9460462302113285 × 10^331)  
Most complex output bit: ov_001 (1.4174778499346416 × 10^355)

Least complex input/output complexity: iv_016/aaa_76_29 (2.9763871564389035 × 10^327)  
Most complex input/output complexity: iv_005/ov_001 (3.3025361942847366 × 10^354)

## Input Bits

### Input Bits in Regular Order

| Input Bit | Complexity | Occurrences | Output Occurrences |
|:---------:|:----------:|:-----------:|:------------------:|
| iv_001 | 4.324425548005971 × 10^352 | 4569 | 75 |
| iv_002 | 1.8718257158408163 × 10^353 | 4362 | 80 |
| iv_003 | 5.3848844935896763 × 10^353 | 4376 | 75 |
| iv_004 | 1.171310391002538 × 10^354 | 4540 | 77 |
| iv_005 | 2.157383205390321 × 10^355 | 4760 | 59 |
| iv_006 | 2.5934745835214183 × 10^354 | 4405 | 80 |
| iv_007 | 3.3634937891111767 × 10^354 | 4356 | 81 |
| iv_008 | 4.2362324792534316 × 10^354 | 4445 | 69 |
| iv_009 | 7.88111470833252 × 10^354 | 4634 | 73 |
| iv_011 | 8.868698267167847 × 10^354 | 4642 | 63 |
| iv_012 | 1.1219867887239003 × 10^355 | 4185 | 86 |
| iv_013 | 1.390709840718977 × 10^355 | 4537 | 78 |
| iv_014 | 1.6998602108538863 × 10^355 | 4683 | 83 |
| iv_016 | 1.4162250028898828 × 10^352 | 4503 | 79 |

### Input Bits Sorted by Complexity

| Input Bit | Complexity | Occurrences | Output Occurrences |
|:---------:|:----------:|:-----------:|:------------------:|
| iv_016 | 1.4162250028898828 × 10^352 | 4503 | 79 |
| iv_001 | 4.324425548005971 × 10^352 | 4569 | 75 |
| iv_002 | 1.8718257158408163 × 10^353 | 4362 | 80 |
| iv_003 | 5.3848844935896763 × 10^353 | 4376 | 75 |
| iv_004 | 1.171310391002538 × 10^354 | 4540 | 77 |
| iv_006 | 2.5934745835214183 × 10^354 | 4405 | 80 |
| iv_007 | 3.3634937891111767 × 10^354 | 4356 | 81 |
| iv_008 | 4.2362324792534316 × 10^354 | 4445 | 69 |
| iv_009 | 7.88111470833252 × 10^354 | 4634 | 73 |
| iv_011 | 8.868698267167847 × 10^354 | 4642 | 63 |
| iv_012 | 1.1219867887239003 × 10^355 | 4185 | 86 |
| iv_013 | 1.390709840718977 × 10^355 | 4537 | 78 |
| iv_014 | 1.6998602108538863 × 10^355 | 4683 | 83 |
| iv_005 | 2.157383205390321 × 10^355 | 4760 | 59 |

### Input Bits Sorted by Occurrences

| Input Bit | Complexity | Occurrences | Output Occurrences |
|:---------:|:----------:|:-----------:|:------------------:|
| iv_012 | 1.1219867887239003 × 10^355 | 4185 | 86 |
| iv_007 | 3.3634937891111767 × 10^354 | 4356 | 81 |
| iv_002 | 1.8718257158408163 × 10^353 | 4362 | 80 |
| iv_003 | 5.3848844935896763 × 10^353 | 4376 | 75 |
| iv_006 | 2.5934745835214183 × 10^354 | 4405 | 80 |
| iv_008 | 4.2362324792534316 × 10^354 | 4445 | 69 |
| iv_016 | 1.4162250028898828 × 10^352 | 4503 | 79 |
| iv_013 | 1.390709840718977 × 10^355 | 4537 | 78 |
| iv_004 | 1.171310391002538 × 10^354 | 4540 | 77 |
| iv_001 | 4.324425548005971 × 10^352 | 4569 | 75 |
| iv_009 | 7.88111470833252 × 10^354 | 4634 | 73 |
| iv_011 | 8.868698267167847 × 10^354 | 4642 | 63 |
| iv_014 | 1.6998602108538863 × 10^355 | 4683 | 83 |
| iv_005 | 2.157383205390321 × 10^355 | 4760 | 59 |

### Input Bits Sorted by Output Occurrences

| Input Bit | Complexity | Occurrences | Output Occurrences |
|:---------:|:----------:|:-----------:|:------------------:|
| iv_005 | 2.157383205390321 × 10^355 | 4760 | 59 |
| iv_011 | 8.868698267167847 × 10^354 | 4642 | 63 |
| iv_008 | 4.2362324792534316 × 10^354 | 4445 | 69 |
| iv_009 | 7.88111470833252 × 10^354 | 4634 | 73 |
| iv_003 | 5.3848844935896763 × 10^353 | 4376 | 75 |
| iv_001 | 4.324425548005971 × 10^352 | 4569 | 75 |
| iv_004 | 1.171310391002538 × 10^354 | 4540 | 77 |
| iv_013 | 1.390709840718977 × 10^355 | 4537 | 78 |
| iv_016 | 1.4162250028898828 × 10^352 | 4503 | 79 |
| iv_002 | 1.8718257158408163 × 10^353 | 4362 | 80 |
| iv_006 | 2.5934745835214183 × 10^354 | 4405 | 80 |
| iv_007 | 3.3634937891111767 × 10^354 | 4356 | 81 |
| iv_014 | 1.6998602108538863 × 10^355 | 4683 | 83 |
| iv_012 | 1.1219867887239003 × 10^355 | 4185 | 86 |

## Input Bit Co-occurrences

### Input Bit Co-occurrences Sorted by Co-occurrences

| Input Bits | Co-occurrences | Potential Occurrences | Output Co-occurrences | Potential Output Occurrences |
|:----------:|:--------------:|:---------------------:|:---------------------:|:----------------------------:|
| iv_001-iv_006 | 2241 | 4492 | 39 | 77 |
| iv_008-iv_009 | 2229 | 4621 | 35 | 72 |
| iv_004-iv_009 | 2209 | 4756 | 38 | 74 |
| iv_013-iv_014 | 2203 | 4814 | 40 | 81 |
| iv_004-iv_014 | 2203 | 4817 | 41 | 78 |
| iv_008-iv_014 | 2197 | 4734 | 43 | 66 |
| iv_009-iv_014 | 2191 | 4935 | 41 | 74 |
| iv_003-iv_004 | 2188 | 4540 | 38 | 76 |
| iv_003-iv_013 | 2188 | 4537 | 36 | 81 |
| iv_001-iv_016 | 2182 | 4708 | 37 | 80 |
| iv_008-iv_013 | 2180 | 4622 | 34 | 79 |
| iv_011-iv_016 | 2179 | 4787 | 26 | 90 |
| iv_001-iv_009 | 2175 | 4853 | 36 | 76 |
| iv_009-iv_013 | 2173 | 4825 | 37 | 77 |

### Input Bit Co-occurrences Sorted by Potential Occurrences

| Input Bits | Co-occurrences | Potential Occurrences | Output Co-occurrences | Potential Output Occurrences |
|:----------:|:--------------:|:---------------------:|:---------------------:|:----------------------------:|
| iv_002-iv_007 | 2170 | 4378 | 42 | 77 |
| iv_002-iv_012 | 2056 | 4435 | 42 | 82 |
| iv_007-iv_012 | 2027 | 4487 | 45 | 77 |
| iv_003-iv_012 | 2037 | 4487 | 42 | 77 |
| iv_001-iv_006 | 2241 | 4492 | 39 | 77 |
| iv_003-iv_013 | 2188 | 4537 | 36 | 81 |
| iv_003-iv_008 | 2141 | 4539 | 34 | 76 |
| iv_003-iv_004 | 2188 | 4540 | 38 | 76 |
| iv_008-iv_012 | 2031 | 4568 | 37 | 81 |
| iv_003-iv_007 | 2057 | 4618 | 42 | 72 |
| iv_008-iv_009 | 2229 | 4621 | 35 | 72 |
| iv_008-iv_013 | 2180 | 4622 | 34 | 79 |
| iv_012-iv_013 | 2047 | 4628 | 42 | 80 |
| iv_002-iv_008 | 2081 | 4645 | 33 | 83 |

### Input Bit Output Co-occurrences Sorted by Output Co-occurrences

| Input Bits | Co-occurrences | Potential Occurrences | Output Co-occurrences | Potential Output Occurrences |
|:----------:|:--------------:|:---------------------:|:---------------------:|:----------------------------:|
| iv_002-iv_006 | 2030 | 4707 | 47 | 66 |
| iv_006-iv_007 | 2042 | 4677 | 45 | 71 |
| iv_007-iv_012 | 2027 | 4487 | 45 | 77 |
| iv_002-iv_014 | 2129 | 4787 | 44 | 75 |
| iv_006-iv_012 | 1932 | 4726 | 44 | 78 |
| iv_004-iv_012 | 1968 | 4789 | 43 | 77 |
| iv_008-iv_014 | 2197 | 4734 | 43 | 66 |
| iv_012-iv_014 | 2041 | 4786 | 43 | 83 |
| iv_002-iv_007 | 2170 | 4378 | 42 | 77 |
| iv_007-iv_014 | 2108 | 4823 | 42 | 80 |
| iv_002-iv_012 | 2056 | 4435 | 42 | 82 |
| iv_003-iv_007 | 2057 | 4618 | 42 | 72 |
| iv_003-iv_012 | 2037 | 4487 | 42 | 77 |
| iv_004-iv_013 | 2141 | 4795 | 42 | 71 |

### Input Bit Output Co-occurrences Sorted by Potential Output Occurrences

| Input Bits | Co-occurrences | Potential Occurrences | Output Co-occurrences | Potential Output Occurrences |
|:----------:|:--------------:|:---------------------:|:---------------------:|:----------------------------:|
| iv_002-iv_006 | 2030 | 4707 | 47 | 66 |
| iv_008-iv_014 | 2197 | 4734 | 43 | 66 |
| iv_004-iv_011 | 2066 | 5050 | 36 | 68 |
| iv_005-iv_011 | 2056 | 5290 | 26 | 70 |
| iv_006-iv_007 | 2042 | 4677 | 45 | 71 |
| iv_004-iv_013 | 2141 | 4795 | 42 | 71 |
| iv_008-iv_009 | 2229 | 4621 | 35 | 72 |
| iv_009-iv_016 | 2092 | 4953 | 40 | 72 |
| iv_003-iv_007 | 2057 | 4618 | 42 | 72 |
| iv_001-iv_003 | 2012 | 4921 | 39 | 72 |
| iv_006-iv_008 | 2015 | 4820 | 38 | 73 |
| iv_004-iv_008 | 2116 | 4753 | 36 | 74 |
| iv_004-iv_009 | 2209 | 4756 | 38 | 74 |
| iv_007-iv_008 | 2055 | 4691 | 38 | 74 |

## Output Bits

### Output Bits in Regular Order

| Rank | Output Bit | Complexity |
|:----:|:----------:|:----------:|
| 1 | ov_001 | 1.4174778499346416 × 10^355 |
| 2 | ov_002 | 1.237742660259228 × 10^355 |
| 3 | ov_003 | 1.076201599916271 × 10^355 |
| 4 | ov_004 | 9.314134927556937 × 10^354 |
| 5 | ov_005 | 8.020177114078016 × 10^354 |
| 6 | ov_006 | 6.867285689756598 × 10^354 |
| 7 | ov_007 | 5.843303787864822 × 10^354 |
| 8 | ov_008 | 4.9367311568094 × 10^354 |
| 9 | ov_009 | 4.1366862798056724 × 10^354 |
| 10 | ov_010 | 3.432873639997939 × 10^354 |
| 11 | ov_011 | 2.8202881989854463 × 10^354 |
| 12 | ov_012 | 2.2941975567552026 × 10^354 |
| 13 | ov_013 | 1.8459138203711745 × 10^354 |
| 14 | ov_014 | 1.467247952979081 × 10^354 |
| 15 | ov_015 | 1.1504966638958297 × 10^354 |
| 16 | ov_016 | 8.884319048876594 × 10^353 |
| 17 | ov_017 | 6.742925949267763 × 10^353 |
| 18 | ov_018 | 5.0177822672721196 × 10^353 |
| 19 | ov_019 | 3.6504403891891417 × 10^353 |
| 20 | ov_020 | 2.5869746793588805 × 10^353 |
| 21 | ov_021 | 1.7779562366393518 × 10^353 |
| 22 | ov_022 | 1.1784356269365098 × 10^353 |
| 23 | ov_023 | 7.479316271561905 × 10^352 |
| 24 | ov_024 | 4.5042431221877 × 10^352 |
| 25 | ov_025 | 2.5435111270894552 × 10^352 |
| 26 | ov_026 | 1.3260476533208785 × 10^352 |
| 27 | ov_027 | 6.253236474760152 × 10^351 |
| 28 | ov_028 | 2.593498657254555 × 10^351 |
| 29 | ov_029 | 9.067564945153376 × 10^350 |
| 30 | ov_030 | 2.4899123504355504 × 10^350 |
| 31 | ov_031 | 4.858751168698592 × 10^349 |
| 32 | lv_80_m31 | 9.480009831001384 × 10^348 |
| 33 | ov_033 | 1.173082098766028 × 10^350 |
| 34 | ov_034 | 1.024132821354099 × 10^350 |
| 35 | ov_035 | 8.901422910383549 × 10^349 |
| 36 | ov_036 | 7.704293035990756 × 10^349 |
| 37 | ov_037 | 6.637545802933 × 10^349 |
| 38 | ov_038 | 5.68954481870667 × 10^349 |
| 39 | ov_039 | 4.849360062846009 × 10^349 |
| 40 | ov_040 | 4.106722478645345 × 10^349 |
| 41 | ov_041 | 3.451982926398173 × 10^349 |
| 42 | ov_042 | 2.876075254256882 × 10^349 |
| 43 | ov_043 | 2.3704832503954187 × 10^349 |
| 44 | ov_044 | 1.9310823982295872 × 10^349 |
| 45 | ov_045 | 1.5540015458521282 × 10^349 |
| 46 | ov_046 | 1.2356107492714259 × 10^349 |
| 47 | ov_047 | 9.69332745872246 × 10^348 |
| 48 | ov_048 | 7.490252904788004 × 10^348 |
| 49 | ov_049 | 5.689667020443686 × 10^348 |
| 50 | ov_050 | 4.2384375322896147 × 10^348 |
| 51 | ov_051 | 3.0874169054177553 × 10^348 |
| 52 | ov_052 | 2.191361732651488 × 10^348 |
| 53 | ov_053 | 1.508869197122984 × 10^348 |
| 54 | ov_054 | 1.0023284956638549 × 10^348 |
| 55 | ov_055 | 6.378851115367616 × 10^347 |
| 56 | ov_056 | 3.8541582555652426 × 10^347 |
| 57 | ov_057 | 2.1851235488794906 × 10^347 |
| 58 | ov_058 | 1.1447152655252781 × 10^347 |
| 59 | ov_059 | 5.4289996757884 × 10^346 |
| 60 | ov_060 | 2.2661796948775608 × 10^346 |
| 61 | ov_061 | 7.977394564908398 × 10^345 |
| 62 | ov_062 | 2.2058968719504165 × 10^345 |
| 63 | ov_063 | 4.3370400353120234 × 10^344 |
| 64 | lv_79_m31 | 8.526278811719831 × 10^343 |
| 65 | ov_065 | 1.1689838700437294 × 10^345 |
| 66 | ov_066 | 1.1689486841395594 × 10^345 |
| 67 | ov_067 | 1.1689374204139917 × 10^345 |
| 68 | ov_068 | 1.0514261036981454 × 10^345 |
| 69 | ov_069 | 9.426823042041157 × 10^344 |
| 70 | ov_070 | 8.422128520225869 × 10^344 |
| 71 | ov_071 | 7.495600013160922 × 10^344 |
| 72 | ov_072 | 6.642972131069481 × 10^344 |
| 73 | ov_073 | 5.860253453222029 × 10^344 |
| 74 | ov_074 | 5.143691835453299 × 10^344 |
| 75 | ov_075 | 4.4897420536359866 × 10^344 |
| 76 | ov_076 | 3.8950356017094836 × 10^344 |
| 77 | ov_077 | 3.356353300643352 × 10^344 |
| 78 | ov_078 | 2.870600939924397 × 10^344 |
| 79 | ov_079 | 2.434787762607917 × 10^344 |
| 80 | ov_080 | 2.046007608803265 × 10^344 |
| 81 | ov_081 | 1.7014225354377013 × 10^344 |
| 82 | ov_082 | 1.3982487324000865 × 10^344 |
| 83 | ov_083 | 1.1337445568287259 × 10^344 |
| 84 | ov_084 | 9.052005084902828 × 10^343 |
| 85 | ov_085 | 7.099309700084615 × 10^343 |
| 86 | ov_086 | 5.452675362331702 × 10^343 |
| 87 | ov_087 | 4.085537573703805 × 10^343 |
| 88 | ov_088 | 2.971411206856053 × 10^343 |
| 89 | ov_089 | 2.083860956970789 × 10^343 |
| 90 | ov_090 | 1.3964806782033167 × 10^343 |
| 91 | ov_091 | 8.82879854436162 × 10^342 |
| 92 | ov_092 | 5.166754689955359 × 10^342 |
| 93 | ov_093 | 2.714876251240494 × 10^342 |
| 94 | ov_094 | 1.2093749452449863 × 10^342 |
| 95 | aaa_78_28 | 3.864652921679392 × 10^341 |
| 96 | aaa_78_29 | 1.4505522576425625 × 10^341 |
| 97 | ov_097 | 1.3862068802956118 × 10^341 |
| 98 | ov_098 | 1.386203081685196 × 10^341 |
| 99 | ov_099 | 1.3862021620455562 × 10^341 |
| 100 | ov_100 | 1.2098259375863794 × 10^341 |
| 101 | ov_101 | 1.0514493386497243 × 10^341 |
| 102 | ov_102 | 9.096432669613255 × 10^340 |
| 103 | ov_103 | 7.83058736642834 × 10^340 |
| 104 | ov_104 | 6.704214809596327 × 10^340 |
| 105 | ov_105 | 5.705272096510933 × 10^340 |
| 106 | ov_106 | 4.8223743853666335 × 10^340 |
| 107 | ov_107 | 4.044758215629321 × 10^340 |
| 108 | ov_108 | 3.3622493170727786 × 10^340 |
| 109 | ov_109 | 2.765234525250879 × 10^340 |
| 110 | ov_110 | 2.249044270204731 × 10^340 |
| 111 | ov_111 | 1.8092717662912678 × 10^340 |
| 112 | ov_112 | 1.4378550553069137 × 10^340 |
| 113 | ov_113 | 1.1272159185451437 × 10^340 |
| 114 | ov_114 | 8.702479180205057 × 10^339 |
| 115 | ov_115 | 6.603068871289809 × 10^339 |
| 116 | ov_116 | 4.91203571945833 × 10^339 |
| 117 | ov_117 | 3.571980818477243 × 10^339 |
| 118 | ov_118 | 2.529958178383404 × 10^339 |
| 119 | ov_119 | 1.7374458163795542 × 10^339 |
| 120 | ov_120 | 1.1503260322712644 × 10^339 |
| 121 | ov_121 | 7.288725913613689 × 10^338 |
| 122 | ov_122 | 4.377428835863636 × 10^338 |
| 123 | ov_123 | 2.4597347347913078 × 10^338 |
| 124 | ov_124 | 1.2697779986504926 × 10^338 |
| 125 | ov_125 | 5.854511851659933 × 10^337 |
| 126 | ov_126 | 2.2840084616609737 × 10^337 |
| 127 | aaa_77_28 | 6.402618131504386 × 10^336 |
| 128 | aaa_77_29 | 1.948589087411437 × 10^336 |
| 129 | ov_129 | 1.1613714523547114 × 10^336 |
| 130 | ov_130 | 1.1613676530787314 × 10^336 |
| 131 | ov_131 | 1.1613667315027933 × 10^336 |
| 132 | ov_132 | 1.0134965874074924 × 10^336 |
| 133 | ov_133 | 8.816523860739055 × 10^335 |
| 134 | ov_134 | 7.644149142022637 × 10^335 |
| 135 | ov_135 | 6.604457645602329 × 10^335 |
| 136 | ov_136 | 5.684818005799819 × 10^335 |
| 137 | ov_137 | 4.8733022982808896 × 10^335 |
| 138 | ov_138 | 4.158642281980869 × 10^335 |
| 139 | ov_139 | 3.530190732662911 × 10^335 |
| 140 | ov_140 | 2.977887520140625 × 10^335 |
| 141 | ov_141 | 2.492230100723541 × 10^335 |
| 142 | ov_142 | 2.0642481153186744 × 10^335 |
| 143 | ov_143 | 1.6895865025114932 × 10^335 |
| 144 | ov_144 | 1.3641405617605544 × 10^335 |
| 145 | ov_145 | 1.0840477824788081 × 10^335 |
| 146 | ov_146 | 8.456812275418977 × 10^334 |
| 147 | ov_147 | 6.456442787853165 × 10^334 |
| 148 | ov_148 | 4.807665403895119 × 10^334 |
| 149 | ov_149 | 3.481007130063619 × 10^334 |
| 150 | ov_150 | 2.4492026837631243 × 10^334 |
| 151 | ov_151 | 1.664282606627526 × 10^334 |
| 152 | ov_152 | 1.0826281726474872 × 10^334 |
| 153 | ov_153 | 6.649587293320135 × 10^333 |
| 154 | ov_154 | 3.763239367321842 × 10^333 |
| 155 | ov_155 | 1.8609934337896977 × 10^333 |
| 156 | aaa_76_25 | 6.798413469501452 × 10^332 |
| 157 | aaa_76_26 | 3.550920920125549 × 10^332 |
| 158 | aaa_76_27 | 1.6368443792990793 × 10^332 |
| 159 | aaa_76_28 | 6.384835594748982 × 10^331 |
| 160 | aaa_76_29 | 1.9460462302113285 × 10^331 |

### Output Bits Sorted by Complexity

| Rank | Output Bit | Complexity |
|:----:|:----------:|:----------:|
| 160 | aaa_76_29 | 1.9460462302113285 × 10^331 |
| 159 | aaa_76_28 | 6.384835594748982 × 10^331 |
| 158 | aaa_76_27 | 1.6368443792990793 × 10^332 |
| 157 | aaa_76_26 | 3.550920920125549 × 10^332 |
| 156 | aaa_76_25 | 6.798413469501452 × 10^332 |
| 155 | ov_155 | 1.8609934337896977 × 10^333 |
| 154 | ov_154 | 3.763239367321842 × 10^333 |
| 153 | ov_153 | 6.649587293320135 × 10^333 |
| 152 | ov_152 | 1.0826281726474872 × 10^334 |
| 151 | ov_151 | 1.664282606627526 × 10^334 |
| 150 | ov_150 | 2.4492026837631243 × 10^334 |
| 149 | ov_149 | 3.481007130063619 × 10^334 |
| 148 | ov_148 | 4.807665403895119 × 10^334 |
| 147 | ov_147 | 6.456442787853165 × 10^334 |
| 146 | ov_146 | 8.456812275418977 × 10^334 |
| 145 | ov_145 | 1.0840477824788081 × 10^335 |
| 144 | ov_144 | 1.3641405617605544 × 10^335 |
| 143 | ov_143 | 1.6895865025114932 × 10^335 |
| 142 | ov_142 | 2.0642481153186744 × 10^335 |
| 141 | ov_141 | 2.492230100723541 × 10^335 |
| 140 | ov_140 | 2.977887520140625 × 10^335 |
| 139 | ov_139 | 3.530190732662911 × 10^335 |
| 138 | ov_138 | 4.158642281980869 × 10^335 |
| 137 | ov_137 | 4.8733022982808896 × 10^335 |
| 136 | ov_136 | 5.684818005799819 × 10^335 |
| 135 | ov_135 | 6.604457645602329 × 10^335 |
| 134 | ov_134 | 7.644149142022637 × 10^335 |
| 133 | ov_133 | 8.816523860739055 × 10^335 |
| 132 | ov_132 | 1.0134965874074924 × 10^336 |
| 131 | ov_131 | 1.1613667315027933 × 10^336 |
| 130 | ov_130 | 1.1613676530787314 × 10^336 |
| 129 | ov_129 | 1.1613714523547114 × 10^336 |
| 128 | aaa_77_29 | 1.948589087411437 × 10^336 |
| 127 | aaa_77_28 | 6.402618131504386 × 10^336 |
| 126 | ov_126 | 2.2840084616609737 × 10^337 |
| 125 | ov_125 | 5.854511851659933 × 10^337 |
| 124 | ov_124 | 1.2697779986504926 × 10^338 |
| 123 | ov_123 | 2.4597347347913078 × 10^338 |
| 122 | ov_122 | 4.377428835863636 × 10^338 |
| 121 | ov_121 | 7.288725913613689 × 10^338 |
| 120 | ov_120 | 1.1503260322712644 × 10^339 |
| 119 | ov_119 | 1.7374458163795542 × 10^339 |
| 118 | ov_118 | 2.529958178383404 × 10^339 |
| 117 | ov_117 | 3.571980818477243 × 10^339 |
| 116 | ov_116 | 4.91203571945833 × 10^339 |
| 115 | ov_115 | 6.603068871289809 × 10^339 |
| 114 | ov_114 | 8.702479180205057 × 10^339 |
| 113 | ov_113 | 1.1272159185451437 × 10^340 |
| 112 | ov_112 | 1.4378550553069137 × 10^340 |
| 111 | ov_111 | 1.8092717662912678 × 10^340 |
| 110 | ov_110 | 2.249044270204731 × 10^340 |
| 109 | ov_109 | 2.765234525250879 × 10^340 |
| 108 | ov_108 | 3.3622493170727786 × 10^340 |
| 107 | ov_107 | 4.044758215629321 × 10^340 |
| 106 | ov_106 | 4.8223743853666335 × 10^340 |
| 105 | ov_105 | 5.705272096510933 × 10^340 |
| 104 | ov_104 | 6.704214809596327 × 10^340 |
| 103 | ov_103 | 7.83058736642834 × 10^340 |
| 102 | ov_102 | 9.096432669613255 × 10^340 |
| 101 | ov_101 | 1.0514493386497243 × 10^341 |
| 100 | ov_100 | 1.2098259375863794 × 10^341 |
| 99 | ov_099 | 1.3862021620455562 × 10^341 |
| 98 | ov_098 | 1.386203081685196 × 10^341 |
| 97 | ov_097 | 1.3862068802956118 × 10^341 |
| 96 | aaa_78_29 | 1.4505522576425625 × 10^341 |
| 95 | aaa_78_28 | 3.864652921679392 × 10^341 |
| 94 | ov_094 | 1.2093749452449863 × 10^342 |
| 93 | ov_093 | 2.714876251240494 × 10^342 |
| 92 | ov_092 | 5.166754689955359 × 10^342 |
| 91 | ov_091 | 8.82879854436162 × 10^342 |
| 90 | ov_090 | 1.3964806782033167 × 10^343 |
| 89 | ov_089 | 2.083860956970789 × 10^343 |
| 88 | ov_088 | 2.971411206856053 × 10^343 |
| 87 | ov_087 | 4.085537573703805 × 10^343 |
| 86 | ov_086 | 5.452675362331702 × 10^343 |
| 85 | ov_085 | 7.099309700084615 × 10^343 |
| 64 | lv_79_m31 | 8.526278811719831 × 10^343 |
| 84 | ov_084 | 9.052005084902828 × 10^343 |
| 83 | ov_083 | 1.1337445568287259 × 10^344 |
| 82 | ov_082 | 1.3982487324000865 × 10^344 |
| 81 | ov_081 | 1.7014225354377013 × 10^344 |
| 80 | ov_080 | 2.046007608803265 × 10^344 |
| 79 | ov_079 | 2.434787762607917 × 10^344 |
| 78 | ov_078 | 2.870600939924397 × 10^344 |
| 77 | ov_077 | 3.356353300643352 × 10^344 |
| 76 | ov_076 | 3.8950356017094836 × 10^344 |
| 63 | ov_063 | 4.3370400353120234 × 10^344 |
| 75 | ov_075 | 4.4897420536359866 × 10^344 |
| 74 | ov_074 | 5.143691835453299 × 10^344 |
| 73 | ov_073 | 5.860253453222029 × 10^344 |
| 72 | ov_072 | 6.642972131069481 × 10^344 |
| 71 | ov_071 | 7.495600013160922 × 10^344 |
| 70 | ov_070 | 8.422128520225869 × 10^344 |
| 69 | ov_069 | 9.426823042041157 × 10^344 |
| 68 | ov_068 | 1.0514261036981454 × 10^345 |
| 67 | ov_067 | 1.1689374204139917 × 10^345 |
| 66 | ov_066 | 1.1689486841395594 × 10^345 |
| 65 | ov_065 | 1.1689838700437294 × 10^345 |
| 62 | ov_062 | 2.2058968719504165 × 10^345 |
| 61 | ov_061 | 7.977394564908398 × 10^345 |
| 60 | ov_060 | 2.2661796948775608 × 10^346 |
| 59 | ov_059 | 5.4289996757884 × 10^346 |
| 58 | ov_058 | 1.1447152655252781 × 10^347 |
| 57 | ov_057 | 2.1851235488794906 × 10^347 |
| 56 | ov_056 | 3.8541582555652426 × 10^347 |
| 55 | ov_055 | 6.378851115367616 × 10^347 |
| 54 | ov_054 | 1.0023284956638549 × 10^348 |
| 53 | ov_053 | 1.508869197122984 × 10^348 |
| 52 | ov_052 | 2.191361732651488 × 10^348 |
| 51 | ov_051 | 3.0874169054177553 × 10^348 |
| 50 | ov_050 | 4.2384375322896147 × 10^348 |
| 49 | ov_049 | 5.689667020443686 × 10^348 |
| 48 | ov_048 | 7.490252904788004 × 10^348 |
| 32 | lv_80_m31 | 9.480009831001384 × 10^348 |
| 47 | ov_047 | 9.69332745872246 × 10^348 |
| 46 | ov_046 | 1.2356107492714259 × 10^349 |
| 45 | ov_045 | 1.5540015458521282 × 10^349 |
| 44 | ov_044 | 1.9310823982295872 × 10^349 |
| 43 | ov_043 | 2.3704832503954187 × 10^349 |
| 42 | ov_042 | 2.876075254256882 × 10^349 |
| 41 | ov_041 | 3.451982926398173 × 10^349 |
| 40 | ov_040 | 4.106722478645345 × 10^349 |
| 39 | ov_039 | 4.849360062846009 × 10^349 |
| 31 | ov_031 | 4.858751168698592 × 10^349 |
| 38 | ov_038 | 5.68954481870667 × 10^349 |
| 37 | ov_037 | 6.637545802933 × 10^349 |
| 36 | ov_036 | 7.704293035990756 × 10^349 |
| 35 | ov_035 | 8.901422910383549 × 10^349 |
| 34 | ov_034 | 1.024132821354099 × 10^350 |
| 33 | ov_033 | 1.173082098766028 × 10^350 |
| 30 | ov_030 | 2.4899123504355504 × 10^350 |
| 29 | ov_029 | 9.067564945153376 × 10^350 |
| 28 | ov_028 | 2.593498657254555 × 10^351 |
| 27 | ov_027 | 6.253236474760152 × 10^351 |
| 26 | ov_026 | 1.3260476533208785 × 10^352 |
| 25 | ov_025 | 2.5435111270894552 × 10^352 |
| 24 | ov_024 | 4.5042431221877 × 10^352 |
| 23 | ov_023 | 7.479316271561905 × 10^352 |
| 22 | ov_022 | 1.1784356269365098 × 10^353 |
| 21 | ov_021 | 1.7779562366393518 × 10^353 |
| 20 | ov_020 | 2.5869746793588805 × 10^353 |
| 19 | ov_019 | 3.6504403891891417 × 10^353 |
| 18 | ov_018 | 5.0177822672721196 × 10^353 |
| 17 | ov_017 | 6.742925949267763 × 10^353 |
| 16 | ov_016 | 8.884319048876594 × 10^353 |
| 15 | ov_015 | 1.1504966638958297 × 10^354 |
| 14 | ov_014 | 1.467247952979081 × 10^354 |
| 13 | ov_013 | 1.8459138203711745 × 10^354 |
| 12 | ov_012 | 2.2941975567552026 × 10^354 |
| 11 | ov_011 | 2.8202881989854463 × 10^354 |
| 10 | ov_010 | 3.432873639997939 × 10^354 |
| 9 | ov_009 | 4.1366862798056724 × 10^354 |
| 8 | ov_008 | 4.9367311568094 × 10^354 |
| 7 | ov_007 | 5.843303787864822 × 10^354 |
| 6 | ov_006 | 6.867285689756598 × 10^354 |
| 5 | ov_005 | 8.020177114078016 × 10^354 |
| 4 | ov_004 | 9.314134927556937 × 10^354 |
| 3 | ov_003 | 1.076201599916271 × 10^355 |
| 2 | ov_002 | 1.237742660259228 × 10^355 |
| 1 | ov_001 | 1.4174778499346416 × 10^355 |

