# Results for F001-F002-F003-F004-F005-F006-F007-F008-F009-F010-F011-F012-F013-F014-F015-F016-F017-F018-F019-F020-F021-F022-F023-F024-F025-F026-F027-F028-F029-F030-F031-F032-F033-F034-F035-F036-F037-F038-F039-F040-F041-F042-F043-F044-F045-F046-F047-F048-F049-F050-F051-F052-F053-F054-F055-F056-F057-F058-F059-F060-F061-F062-F063-F064-F065-F066-F067-F068-F069-F070-F071-F072-F073-F074-F075-F076-F077-F078-F079-F080-F081-F082-F083-F084-F085-F086-F087-F088-F089-F090-F091-F092-F093-F094-F095-F096-F097-F098-F099-F100-F101-F102-F103-F104-F105-F106-F107-F108-F109-F110-F111-F112-F113-F114-F115-F116-F117-F118-F119-F120-F121-F122-F123-F124-F125-F126-F127-F128-F129-F130-F131-F132-F133-F134-F135-F136-F137-F138-F139-F140-F141-F142-F143-F144-F145-F146-F147-F148-F149-F150-F151-F152-F153-F154-F155-F156-F157-F158-F159-F160-F161-F162-F163-F164-F165-F166-F167-F168-F169-F170-F171-F172-F173-F174-F175-F176-F177-F178-F179-F180-F181-F182-F183-F184-F185-F186-F187-F188-F189-F190-F191-F192-F193-F194-F195-F196-F197-F198-F199-F200-F201-F202-F203-F204-F205-F206-F207-F208-F209-F210-F211-F212-F213-F214-F215-F216-F217-F218-F219-F220-F221-F222-F223-F224-F225-F226-F227-F228-F229-F230-F231-F232-F233-F234-F235-F236-F237-F238-F239-F240-F241-F242-F243-F244-F245-F246-F247-F248-F249-F250-F251-F252-F253-F254-F255-F256-F257-F258-F259-F260-F261-F262-F263-F264-F265-F266-F267-F268-F269-F270-F271-F272-F273-F274-F275-F276-F277-F278-F279-F280-F281-F282-F283-F284-F285-F286-F287-F288-F289-F290-F291-F292-F293-F294-F295-F296-F297-F298-F299-F300-F301-F302-F303-F304-F305-F306-F307-F308-F309-F310-F311-F312-F313-F314-F315-F316-F317-F318-F319-F320-F321-F322-F323-F324-F325-F326-F327-F328-F329-F330-F331-F332-F333-F334-F335-F336-F337-F338-F339-F340-F341-F342-F343-F344-F345-F346-F347-F348-F349-F350-F351-F352-F353-F354-F355-F356-F357-F358-F359-F360-F361-F362-F363-F364-F365-F366-F367-F368-F369-F370-F371-F372-F373-F374-F375-F376-F377-F378-F379-F380-F381-F382-F383-F384-F385-F386-F387-F388-F389-F390-F391-F392-F393-F394-F395-F396-F397-F398-F399-F400-F401-F402-F403-F404-F405-F406-F407-F408-F409-F410-F411-F412-F413-F414-F415-F416-F417-F418-F419-F420-F421-F422-F423-F424-F425-F426-F427-F428-F429-F430-F431-F432-F433-F434-F435-F436-F437-F438-F439-F440-F441-F442-F443-F444-F445-F446-F447-F448-F449-F450-F451-F452-F453-F454-F455-F456-F457-F458-F459-F460-F461-F462-F463-F464-F465-F466-F467-F468-F469-F470-F471-F472-F473-F474-F475-F476-F477-F478-F479-F480-F481-F482-F483-F484-F485-F486-F487-F488-F489-F490-F491-F492-F493-F494-F495-F496-F497-F498

## Summary

Number of input bits: 512  
Number of free input bits: 14  
Number of output bits: 160

Number of direct occurrences: 57154  
Number of assignments: 31823  
Number of operations: 11300427
(xor: 11271523,
and: 15349,
or: 13555)

Total complexity: 1.4315475328622371 × 10^302

Least occurring input variable: iv_502 (3899)  
Most occurring input variable: iv_512 (4385)

Most co-occurring input variables: iv_511-iv_512 (2158)  
Least co-occurring input variables: iv_502-iv_503 (1783)

Potentially most occurring input variable: iv_506/iv_512 (4494)  
Potentially least occurring input variable: iv_499/iv_508 (4147)

Least output occurring input variable: iv_508 (70)  
Most output occurring input variable: iv_506 (82)

Most output co-occurring input variables: iv_502-iv_511 (45)  
Least output co-occurring input variables: iv_502-iv_508 (30)

Potentially most output occurring input variable: iv_504/iv_510 (93)  
Potentially least output occurring input variable: iv_507/iv_509 (66)

Least complex input bit: iv_499 (2.6989687893570213 × 10^299)  
Most complex input bit: iv_510 (3.5430768062767996 × 10^301)

Least complex output bit: aaa_76_29 (2.4486555549437346 × 10^277)  
Most complex output bit: ov_001 (2.2527170051864768 × 10^301)

Least complex input/output complexity: iv_499/aaa_76_29 (4.616573859384959 × 10^274)  
Most complex input/output complexity: iv_510/ov_001 (5.575469335777638 × 10^300)

## Input Bits

### Input Bits in Regular Order

| Input Bit | Complexity | Occurrences | Output Occurrences |
|:---------:|:----------:|:-----------:|:------------------:|
| iv_499 | 2.6989687893570213 × 10^299 | 4168 | 81 |
| iv_500 | 5.046153772832693 × 10^299 | 4149 | 76 |
| iv_501 | 9.274425576211785 × 10^299 | 4068 | 79 |
| iv_502 | 1.58026073517153 × 10^300 | 3899 | 82 |
| iv_503 | 2.5743194102100618 × 10^300 | 4045 | 74 |
| iv_504 | 4.055231021185285 × 10^300 | 3942 | 78 |
| iv_505 | 6.218258779740265 × 10^300 | 3938 | 79 |
| iv_506 | 9.317159537200226 × 10^300 | 3967 | 82 |
| iv_507 | 1.368734140962471 × 10^301 | 4190 | 76 |
| iv_508 | 1.942440129765587 × 10^301 | 4011 | 70 |
| iv_509 | 2.6639720808480886 × 10^301 | 4016 | 78 |
| iv_510 | 3.5430768062767996 × 10^301 | 4146 | 79 |
| iv_511 | 1.0466862936259986 × 10^301 | 4230 | 80 |
| iv_512 | 1.2058474474086774 × 10^301 | 4385 | 80 |

### Input Bits Sorted by Complexity

| Input Bit | Complexity | Occurrences | Output Occurrences |
|:---------:|:----------:|:-----------:|:------------------:|
| iv_499 | 2.6989687893570213 × 10^299 | 4168 | 81 |
| iv_500 | 5.046153772832693 × 10^299 | 4149 | 76 |
| iv_501 | 9.274425576211785 × 10^299 | 4068 | 79 |
| iv_502 | 1.58026073517153 × 10^300 | 3899 | 82 |
| iv_503 | 2.5743194102100618 × 10^300 | 4045 | 74 |
| iv_504 | 4.055231021185285 × 10^300 | 3942 | 78 |
| iv_505 | 6.218258779740265 × 10^300 | 3938 | 79 |
| iv_506 | 9.317159537200226 × 10^300 | 3967 | 82 |
| iv_511 | 1.0466862936259986 × 10^301 | 4230 | 80 |
| iv_512 | 1.2058474474086774 × 10^301 | 4385 | 80 |
| iv_507 | 1.368734140962471 × 10^301 | 4190 | 76 |
| iv_508 | 1.942440129765587 × 10^301 | 4011 | 70 |
| iv_509 | 2.6639720808480886 × 10^301 | 4016 | 78 |
| iv_510 | 3.5430768062767996 × 10^301 | 4146 | 79 |

### Input Bits Sorted by Occurrences

| Input Bit | Complexity | Occurrences | Output Occurrences |
|:---------:|:----------:|:-----------:|:------------------:|
| iv_502 | 1.58026073517153 × 10^300 | 3899 | 82 |
| iv_505 | 6.218258779740265 × 10^300 | 3938 | 79 |
| iv_504 | 4.055231021185285 × 10^300 | 3942 | 78 |
| iv_506 | 9.317159537200226 × 10^300 | 3967 | 82 |
| iv_508 | 1.942440129765587 × 10^301 | 4011 | 70 |
| iv_509 | 2.6639720808480886 × 10^301 | 4016 | 78 |
| iv_503 | 2.5743194102100618 × 10^300 | 4045 | 74 |
| iv_501 | 9.274425576211785 × 10^299 | 4068 | 79 |
| iv_510 | 3.5430768062767996 × 10^301 | 4146 | 79 |
| iv_500 | 5.046153772832693 × 10^299 | 4149 | 76 |
| iv_499 | 2.6989687893570213 × 10^299 | 4168 | 81 |
| iv_507 | 1.368734140962471 × 10^301 | 4190 | 76 |
| iv_511 | 1.0466862936259986 × 10^301 | 4230 | 80 |
| iv_512 | 1.2058474474086774 × 10^301 | 4385 | 80 |

### Input Bits Sorted by Output Occurrences

| Input Bit | Complexity | Occurrences | Output Occurrences |
|:---------:|:----------:|:-----------:|:------------------:|
| iv_508 | 1.942440129765587 × 10^301 | 4011 | 70 |
| iv_503 | 2.5743194102100618 × 10^300 | 4045 | 74 |
| iv_500 | 5.046153772832693 × 10^299 | 4149 | 76 |
| iv_507 | 1.368734140962471 × 10^301 | 4190 | 76 |
| iv_504 | 4.055231021185285 × 10^300 | 3942 | 78 |
| iv_509 | 2.6639720808480886 × 10^301 | 4016 | 78 |
| iv_501 | 9.274425576211785 × 10^299 | 4068 | 79 |
| iv_505 | 6.218258779740265 × 10^300 | 3938 | 79 |
| iv_510 | 3.5430768062767996 × 10^301 | 4146 | 79 |
| iv_511 | 1.0466862936259986 × 10^301 | 4230 | 80 |
| iv_512 | 1.2058474474086774 × 10^301 | 4385 | 80 |
| iv_499 | 2.6989687893570213 × 10^299 | 4168 | 81 |
| iv_502 | 1.58026073517153 × 10^300 | 3899 | 82 |
| iv_506 | 9.317159537200226 × 10^300 | 3967 | 82 |

## Input Bit Co-occurrences

### Input Bit Co-occurrences Sorted by Co-occurrences

| Input Bits | Co-occurrences | Potential Occurrences | Output Co-occurrences | Potential Output Occurrences |
|:----------:|:--------------:|:---------------------:|:---------------------:|:----------------------------:|
| iv_511-iv_512 | 2158 | 4299 | 43 | 74 |
| iv_507-iv_512 | 2113 | 4349 | 42 | 72 |
| iv_510-iv_512 | 2094 | 4343 | 42 | 75 |
| iv_500-iv_511 | 2084 | 4211 | 38 | 80 |
| iv_501-iv_512 | 2077 | 4299 | 37 | 85 |
| iv_500-iv_512 | 2067 | 4400 | 39 | 78 |
| iv_501-iv_511 | 2059 | 4180 | 41 | 77 |
| iv_503-iv_512 | 2049 | 4332 | 34 | 86 |
| iv_507-iv_510 | 2046 | 4244 | 41 | 73 |
| iv_499-iv_512 | 2038 | 4477 | 44 | 73 |
| iv_499-iv_510 | 2035 | 4244 | 43 | 74 |
| iv_508-iv_512 | 2033 | 4330 | 32 | 86 |
| iv_499-iv_511 | 2028 | 4342 | 37 | 87 |
| iv_501-iv_510 | 2022 | 4170 | 42 | 74 |

### Input Bit Co-occurrences Sorted by Potential Occurrences

| Input Bits | Co-occurrences | Potential Occurrences | Output Co-occurrences | Potential Output Occurrences |
|:----------:|:--------------:|:---------------------:|:---------------------:|:----------------------------:|
| iv_499-iv_508 | 2016 | 4147 | 38 | 75 |
| iv_504-iv_506 | 1877 | 4155 | 42 | 76 |
| iv_506-iv_509 | 1912 | 4159 | 43 | 74 |
| iv_506-iv_507 | 1997 | 4163 | 39 | 80 |
| iv_502-iv_505 | 1834 | 4169 | 36 | 89 |
| iv_506-iv_508 | 1904 | 4170 | 37 | 78 |
| iv_501-iv_510 | 2022 | 4170 | 42 | 74 |
| iv_508-iv_509 | 1927 | 4173 | 35 | 78 |
| iv_503-iv_506 | 1918 | 4176 | 38 | 80 |
| iv_501-iv_505 | 1915 | 4176 | 36 | 86 |
| iv_501-iv_508 | 1951 | 4177 | 34 | 81 |
| iv_504-iv_505 | 1851 | 4178 | 41 | 75 |
| iv_501-iv_511 | 2059 | 4180 | 41 | 77 |
| iv_500-iv_503 | 2004 | 4186 | 38 | 74 |

### Input Bit Output Co-occurrences Sorted by Output Co-occurrences

| Input Bits | Co-occurrences | Potential Occurrences | Output Co-occurrences | Potential Output Occurrences |
|:----------:|:--------------:|:---------------------:|:---------------------:|:----------------------------:|
| iv_499-iv_507 | 1933 | 4492 | 45 | 67 |
| iv_502-iv_511 | 1921 | 4287 | 45 | 72 |
| iv_499-iv_512 | 2038 | 4477 | 44 | 73 |
| iv_502-iv_506 | 1818 | 4230 | 44 | 76 |
| iv_506-iv_510 | 1950 | 4213 | 44 | 73 |
| iv_507-iv_509 | 1972 | 4262 | 44 | 66 |
| iv_499-iv_510 | 2035 | 4244 | 43 | 74 |
| iv_511-iv_512 | 2158 | 4299 | 43 | 74 |
| iv_506-iv_509 | 1912 | 4159 | 43 | 74 |
| iv_502-iv_504 | 1806 | 4229 | 42 | 76 |
| iv_501-iv_510 | 2022 | 4170 | 42 | 74 |
| iv_502-iv_507 | 1896 | 4297 | 42 | 74 |
| iv_502-iv_510 | 1877 | 4291 | 42 | 77 |
| iv_504-iv_506 | 1877 | 4155 | 42 | 76 |

### Input Bit Output Co-occurrences Sorted by Potential Output Occurrences

| Input Bits | Co-occurrences | Potential Occurrences | Output Co-occurrences | Potential Output Occurrences |
|:----------:|:--------------:|:---------------------:|:---------------------:|:----------------------------:|
| iv_507-iv_509 | 1972 | 4262 | 44 | 66 |
| iv_499-iv_507 | 1933 | 4492 | 45 | 67 |
| iv_503-iv_504 | 1862 | 4263 | 41 | 70 |
| iv_500-iv_505 | 1929 | 4229 | 42 | 71 |
| iv_502-iv_511 | 1921 | 4287 | 45 | 72 |
| iv_507-iv_512 | 2113 | 4349 | 42 | 72 |
| iv_503-iv_505 | 1881 | 4221 | 40 | 73 |
| iv_499-iv_512 | 2038 | 4477 | 44 | 73 |
| iv_500-iv_501 | 1967 | 4283 | 41 | 73 |
| iv_506-iv_510 | 1950 | 4213 | 44 | 73 |
| iv_507-iv_510 | 2046 | 4244 | 41 | 73 |
| iv_504-iv_508 | 1871 | 4211 | 37 | 74 |
| iv_499-iv_510 | 2035 | 4244 | 43 | 74 |
| iv_500-iv_503 | 2004 | 4186 | 38 | 74 |

## Output Bits

### Output Bits in Regular Order

| Rank | Output Bit | Complexity |
|:----:|:----------:|:----------:|
| 1 | ov_001 | 2.2527170051864768 × 10^301 |
| 2 | ov_002 | 1.9587086236520082 × 10^301 |
| 3 | ov_003 | 1.6948675700705735 × 10^301 |
| 4 | ov_004 | 1.4589267318558315 × 10^301 |
| 5 | ov_005 | 1.2487432090681108 × 10^301 |
| 6 | ov_006 | 1.0622895479826168 × 10^301 |
| 7 | ov_007 | 8.9764611360086 × 10^300 |
| 8 | ov_008 | 7.529944965783575 × 10^300 |
| 9 | ov_009 | 6.266118556464203 × 10^300 |
| 10 | ov_010 | 5.168661020061884 × 10^300 |
| 11 | ov_011 | 4.2221183740515156 × 10^300 |
| 12 | ov_012 | 3.4118696270171504 × 10^300 |
| 13 | ov_013 | 2.7240987870926797 × 10^300 |
| 14 | ov_014 | 2.1457720601100113 × 10^300 |
| 15 | ov_015 | 1.66461955270187 × 10^300 |
| 16 | ov_016 | 1.2691208434416654 × 10^300 |
| 17 | ov_017 | 9.484938325733349 × 10^299 |
| 18 | ov_018 | 6.926863280966455 × 10^299 |
| 19 | ov_019 | 4.923698730112177 × 10^299 |
| 20 | ov_020 | 3.389353654474785 × 10^299 |
| 21 | ov_021 | 2.2449007026864004 × 10^299 |
| 22 | ov_022 | 1.4185566754374998 × 10^299 |
| 23 | ov_023 | 8.456703008580558 × 10^298 |
| 24 | ov_024 | 4.6871479498202033 × 10^298 |
| 25 | ov_025 | 2.372834542678737 × 10^298 |
| 26 | ov_026 | 1.0808719196477242 × 10^298 |
| 27 | ov_027 | 4.4953295919862044 × 10^297 |
| 28 | ov_028 | 1.882489364588286 × 10^297 |
| 29 | ov_029 | 7.760771469812326 × 10^296 |
| 30 | ov_030 | 2.5692278625534336 × 10^296 |
| 31 | ov_031 | 6.22512554285239 × 10^295 |
| 32 | lv_80_k31 | 1.5078369022845185 × 10^295 |
| 33 | ov_033 | 1.8154616217542179 × 10^296 |
| 34 | ov_034 | 1.5767815426134446 × 10^296 |
| 35 | ov_035 | 1.3627702502567365 × 10^296 |
| 36 | ov_036 | 1.171564501483306 × 10^296 |
| 37 | ov_037 | 1.001403017925184 × 10^296 |
| 38 | ov_038 | 8.506193276860902 × 10^295 |
| 39 | ov_039 | 7.17635539352257 × 10^295 |
| 40 | ov_040 | 6.009569604486683 × 10^295 |
| 41 | ov_041 | 4.991674777756815 × 10^295 |
| 42 | ov_042 | 4.109256221444513 × 10^295 |
| 43 | ov_043 | 3.349612448681724 × 10^295 |
| 44 | ov_044 | 2.700727379909286 × 10^295 |
| 45 | ov_045 | 2.1512473467573216 × 10^295 |
| 46 | ov_046 | 1.6904623045484928 × 10^295 |
| 47 | ov_047 | 1.308290701933218 × 10^295 |
| 48 | ov_048 | 9.952674965311037 × 10^294 |
| 49 | ov_049 | 7.425348449083666 × 10^294 |
| 50 | ov_050 | 5.418350339485525 × 10^294 |
| 51 | ov_051 | 3.855052588341174 × 10^294 |
| 52 | ov_052 | 2.6647389058887717 × 10^294 |
| 53 | ov_053 | 1.7825791355420038 × 10^294 |
| 54 | ov_054 | 1.1496125038223678 × 10^294 |
| 55 | ov_055 | 7.127372920361078 × 10^293 |
| 56 | ov_056 | 4.2470484620848105 × 10^293 |
| 57 | ov_057 | 2.441162722629038 × 10^293 |
| 58 | ov_058 | 1.3542069255808021 × 10^293 |
| 59 | ov_059 | 6.891439825183124 × 10^292 |
| 60 | ov_060 | 3.120726182460032 × 10^292 |
| 61 | ov_061 | 1.183251190543552 × 10^292 |
| 62 | ov_062 | 3.2467045111200496 × 10^291 |
| 63 | ov_063 | 6.329932724693441 × 10^290 |
| 64 | lv_79_m31 | 1.2338728345706292 × 10^290 |
| 65 | ov_065 | 1.4893609678877007 × 10^291 |
| 66 | ov_066 | 1.4893566128153394 × 10^291 |
| 67 | ov_067 | 1.4893555470140907 × 10^291 |
| 68 | ov_068 | 1.2926323385795821 × 10^291 |
| 69 | ov_069 | 1.116618272937599 × 10^291 |
| 70 | ov_070 | 9.596634075072983 × 10^290 |
| 71 | ov_071 | 8.202192692699045 × 10^290 |
| 72 | ov_072 | 6.968319856723545 × 10^290 |
| 73 | ov_073 | 5.881360239361458 × 10^290 |
| 74 | ov_074 | 4.9284850628960885 × 10^290 |
| 75 | ov_075 | 4.097640699325239 × 10^290 |
| 76 | ov_076 | 3.377502416113857 × 10^290 |
| 77 | ov_077 | 2.757432975586477 × 10^290 |
| 78 | ov_078 | 2.2274458025514345 × 10^290 |
| 79 | ov_079 | 1.7781724403503215 × 10^290 |
| 80 | ov_080 | 1.4008340198873516 × 10^290 |
| 81 | ov_081 | 1.0872164695139237 × 10^290 |
| 82 | ov_082 | 8.296491961060154 × 10^289 |
| 83 | ov_083 | 6.209869694412198 × 10^289 |
| 84 | ov_084 | 4.545947432061859 × 10^289 |
| 85 | ov_085 | 3.2433514677457706 × 10^289 |
| 86 | ov_086 | 2.2455838240394 × 10^289 |
| 87 | ov_087 | 1.5009426280264872 × 10^289 |
| 88 | ov_088 | 9.624612419053198 × 10^288 |
| 89 | ov_089 | 5.878635007151704 × 10^288 |
| 90 | ov_090 | 3.395324098653596 × 10^288 |
| 91 | ov_091 | 1.844896553993166 × 10^288 |
| 92 | ov_092 | 9.438330221432586 × 10^287 |
| 93 | ov_093 | 4.548118624007481 × 10^287 |
| 94 | ov_094 | 1.866784550753323 × 10^287 |
| 95 | aaa_78_28 | 5.539501974391918 × 10^286 |
| 96 | aaa_78_29 | 1.8858769712874211 × 10^286 |
| 97 | ov_097 | 1.46203629523094 × 10^286 |
| 98 | ov_098 | 1.461992352309094 × 10^286 |
| 99 | ov_099 | 1.4619783013240417 × 10^286 |
| 100 | ov_100 | 1.315367165808979 × 10^286 |
| 101 | ov_101 | 1.1796257638907032 × 10^286 |
| 102 | ov_102 | 1.0541512123110782 × 10^286 |
| 103 | ov_103 | 9.383843511946527 × 10^285 |
| 104 | ov_104 | 8.318042262226878 × 10^285 |
| 105 | ov_105 | 7.339230638819464 × 10^285 |
| 106 | ov_106 | 6.442817135656001 × 10^285 |
| 107 | ov_107 | 5.62445531349413 × 10^285 |
| 108 | ov_108 | 4.880006811289271 × 10^285 |
| 109 | ov_109 | 4.205508295041547 × 10^285 |
| 110 | ov_110 | 3.597142113596212 × 10^285 |
| 111 | ov_111 | 3.0512104352967174 × 10^285 |
| 112 | ov_112 | 2.5641126427941365 × 10^285 |
| 113 | ov_113 | 2.132325765872432 × 10^285 |
| 114 | ov_114 | 1.7523877340091434 × 10^285 |
| 115 | ov_115 | 1.4208832316940064 × 10^285 |
| 116 | ov_116 | 1.1344319403978991 × 10^285 |
| 117 | ov_117 | 8.896789516309646 × 10^284 |
| 118 | ov_118 | 6.832871358469343 × 10^284 |
| 119 | ov_119 | 5.119312521207229 × 10^284 |
| 120 | ov_120 | 3.722935836108613 × 10^284 |
| 121 | ov_121 | 2.6106088385927998 × 10^284 |
| 122 | ov_122 | 1.7492241900101673 × 10^284 |
| 123 | ov_123 | 1.1056882113994136 × 10^284 |
| 124 | ov_124 | 6.469142518837215 × 10^283 |
| 125 | ov_125 | 3.398188679584509 × 10^283 |
| 126 | ov_126 | 1.5131984381040332 × 10^283 |
| 127 | aaa_77_28 | 4.8335315845033755 × 10^282 |
| 128 | aaa_77_29 | 1.812946794805693 × 10^282 |
| 129 | ov_129 | 1.6971720334438905 × 10^282 |
| 130 | ov_130 | 1.697167251880252 × 10^282 |
| 131 | ov_131 | 1.6971660922527843 × 10^282 |
| 132 | ov_132 | 1.4755152458307253 × 10^282 |
| 133 | ov_133 | 1.2766261174866248 × 10^282 |
| 134 | ov_134 | 1.0987860129759369 × 10^282 |
| 135 | ov_135 | 9.403764955884684 × 10^281 |
| 136 | ov_136 | 7.99866645056237 × 10^281 |
| 137 | ov_137 | 6.758071934797286 × 10^281 |
| 138 | ov_138 | 5.668254581928354 × 10^281 |
| 139 | ov_139 | 4.716209956925778 × 10^281 |
| 140 | ov_140 | 3.88961904821202 × 10^281 |
| 141 | ov_141 | 3.1768171133351916 × 10^281 |
| 142 | ov_142 | 2.5667676983560616 × 10^281 |
| 143 | ov_143 | 2.049041228630208 × 10^281 |
| 144 | ov_144 | 1.61379760594905 × 10^281 |
| 145 | ov_145 | 1.2517722838918851 × 10^281 |
| 146 | ov_146 | 9.542653298516476 × 10^280 |
| 147 | ov_147 | 7.1313301862075785 × 10^280 |
| 148 | ov_148 | 5.20781538728099 × 10^280 |
| 149 | ov_149 | 3.7016242895157 × 10^280 |
| 150 | ov_150 | 2.5476939862351163 × 10^280 |
| 151 | ov_151 | 1.6863622151623446 × 10^280 |
| 152 | ov_152 | 1.0633542925140607 × 10^280 |
| 153 | ov_153 | 6.297756632552425 × 10^279 |
| 154 | ov_154 | 3.4210804987480777 × 10^279 |
| 155 | ov_155 | 1.62207595827499 × 10^279 |
| 156 | aaa_76_25 | 5.730399860323168 × 10^278 |
| 157 | aaa_76_26 | 3.1728763069176423 × 10^278 |
| 158 | aaa_76_27 | 1.5822509383817567 × 10^278 |
| 159 | aaa_76_28 | 6.898851440854211 × 10^277 |
| 160 | aaa_76_29 | 2.4486555549437346 × 10^277 |

### Output Bits Sorted by Complexity

| Rank | Output Bit | Complexity |
|:----:|:----------:|:----------:|
| 160 | aaa_76_29 | 2.4486555549437346 × 10^277 |
| 159 | aaa_76_28 | 6.898851440854211 × 10^277 |
| 158 | aaa_76_27 | 1.5822509383817567 × 10^278 |
| 157 | aaa_76_26 | 3.1728763069176423 × 10^278 |
| 156 | aaa_76_25 | 5.730399860323168 × 10^278 |
| 155 | ov_155 | 1.62207595827499 × 10^279 |
| 154 | ov_154 | 3.4210804987480777 × 10^279 |
| 153 | ov_153 | 6.297756632552425 × 10^279 |
| 152 | ov_152 | 1.0633542925140607 × 10^280 |
| 151 | ov_151 | 1.6863622151623446 × 10^280 |
| 150 | ov_150 | 2.5476939862351163 × 10^280 |
| 149 | ov_149 | 3.7016242895157 × 10^280 |
| 148 | ov_148 | 5.20781538728099 × 10^280 |
| 147 | ov_147 | 7.1313301862075785 × 10^280 |
| 146 | ov_146 | 9.542653298516476 × 10^280 |
| 145 | ov_145 | 1.2517722838918851 × 10^281 |
| 144 | ov_144 | 1.61379760594905 × 10^281 |
| 143 | ov_143 | 2.049041228630208 × 10^281 |
| 142 | ov_142 | 2.5667676983560616 × 10^281 |
| 141 | ov_141 | 3.1768171133351916 × 10^281 |
| 140 | ov_140 | 3.88961904821202 × 10^281 |
| 139 | ov_139 | 4.716209956925778 × 10^281 |
| 138 | ov_138 | 5.668254581928354 × 10^281 |
| 137 | ov_137 | 6.758071934797286 × 10^281 |
| 136 | ov_136 | 7.99866645056237 × 10^281 |
| 135 | ov_135 | 9.403764955884684 × 10^281 |
| 134 | ov_134 | 1.0987860129759369 × 10^282 |
| 133 | ov_133 | 1.2766261174866248 × 10^282 |
| 132 | ov_132 | 1.4755152458307253 × 10^282 |
| 131 | ov_131 | 1.6971660922527843 × 10^282 |
| 130 | ov_130 | 1.697167251880252 × 10^282 |
| 129 | ov_129 | 1.6971720334438905 × 10^282 |
| 128 | aaa_77_29 | 1.812946794805693 × 10^282 |
| 127 | aaa_77_28 | 4.8335315845033755 × 10^282 |
| 126 | ov_126 | 1.5131984381040332 × 10^283 |
| 125 | ov_125 | 3.398188679584509 × 10^283 |
| 124 | ov_124 | 6.469142518837215 × 10^283 |
| 123 | ov_123 | 1.1056882113994136 × 10^284 |
| 122 | ov_122 | 1.7492241900101673 × 10^284 |
| 121 | ov_121 | 2.6106088385927998 × 10^284 |
| 120 | ov_120 | 3.722935836108613 × 10^284 |
| 119 | ov_119 | 5.119312521207229 × 10^284 |
| 118 | ov_118 | 6.832871358469343 × 10^284 |
| 117 | ov_117 | 8.896789516309646 × 10^284 |
| 116 | ov_116 | 1.1344319403978991 × 10^285 |
| 115 | ov_115 | 1.4208832316940064 × 10^285 |
| 114 | ov_114 | 1.7523877340091434 × 10^285 |
| 113 | ov_113 | 2.132325765872432 × 10^285 |
| 112 | ov_112 | 2.5641126427941365 × 10^285 |
| 111 | ov_111 | 3.0512104352967174 × 10^285 |
| 110 | ov_110 | 3.597142113596212 × 10^285 |
| 109 | ov_109 | 4.205508295041547 × 10^285 |
| 108 | ov_108 | 4.880006811289271 × 10^285 |
| 107 | ov_107 | 5.62445531349413 × 10^285 |
| 106 | ov_106 | 6.442817135656001 × 10^285 |
| 105 | ov_105 | 7.339230638819464 × 10^285 |
| 104 | ov_104 | 8.318042262226878 × 10^285 |
| 103 | ov_103 | 9.383843511946527 × 10^285 |
| 102 | ov_102 | 1.0541512123110782 × 10^286 |
| 101 | ov_101 | 1.1796257638907032 × 10^286 |
| 100 | ov_100 | 1.315367165808979 × 10^286 |
| 99 | ov_099 | 1.4619783013240417 × 10^286 |
| 98 | ov_098 | 1.461992352309094 × 10^286 |
| 97 | ov_097 | 1.46203629523094 × 10^286 |
| 96 | aaa_78_29 | 1.8858769712874211 × 10^286 |
| 95 | aaa_78_28 | 5.539501974391918 × 10^286 |
| 94 | ov_094 | 1.866784550753323 × 10^287 |
| 93 | ov_093 | 4.548118624007481 × 10^287 |
| 92 | ov_092 | 9.438330221432586 × 10^287 |
| 91 | ov_091 | 1.844896553993166 × 10^288 |
| 90 | ov_090 | 3.395324098653596 × 10^288 |
| 89 | ov_089 | 5.878635007151704 × 10^288 |
| 88 | ov_088 | 9.624612419053198 × 10^288 |
| 87 | ov_087 | 1.5009426280264872 × 10^289 |
| 86 | ov_086 | 2.2455838240394 × 10^289 |
| 85 | ov_085 | 3.2433514677457706 × 10^289 |
| 84 | ov_084 | 4.545947432061859 × 10^289 |
| 83 | ov_083 | 6.209869694412198 × 10^289 |
| 82 | ov_082 | 8.296491961060154 × 10^289 |
| 81 | ov_081 | 1.0872164695139237 × 10^290 |
| 64 | lv_79_m31 | 1.2338728345706292 × 10^290 |
| 80 | ov_080 | 1.4008340198873516 × 10^290 |
| 79 | ov_079 | 1.7781724403503215 × 10^290 |
| 78 | ov_078 | 2.2274458025514345 × 10^290 |
| 77 | ov_077 | 2.757432975586477 × 10^290 |
| 76 | ov_076 | 3.377502416113857 × 10^290 |
| 75 | ov_075 | 4.097640699325239 × 10^290 |
| 74 | ov_074 | 4.9284850628960885 × 10^290 |
| 73 | ov_073 | 5.881360239361458 × 10^290 |
| 63 | ov_063 | 6.329932724693441 × 10^290 |
| 72 | ov_072 | 6.968319856723545 × 10^290 |
| 71 | ov_071 | 8.202192692699045 × 10^290 |
| 70 | ov_070 | 9.596634075072983 × 10^290 |
| 69 | ov_069 | 1.116618272937599 × 10^291 |
| 68 | ov_068 | 1.2926323385795821 × 10^291 |
| 67 | ov_067 | 1.4893555470140907 × 10^291 |
| 66 | ov_066 | 1.4893566128153394 × 10^291 |
| 65 | ov_065 | 1.4893609678877007 × 10^291 |
| 62 | ov_062 | 3.2467045111200496 × 10^291 |
| 61 | ov_061 | 1.183251190543552 × 10^292 |
| 60 | ov_060 | 3.120726182460032 × 10^292 |
| 59 | ov_059 | 6.891439825183124 × 10^292 |
| 58 | ov_058 | 1.3542069255808021 × 10^293 |
| 57 | ov_057 | 2.441162722629038 × 10^293 |
| 56 | ov_056 | 4.2470484620848105 × 10^293 |
| 55 | ov_055 | 7.127372920361078 × 10^293 |
| 54 | ov_054 | 1.1496125038223678 × 10^294 |
| 53 | ov_053 | 1.7825791355420038 × 10^294 |
| 52 | ov_052 | 2.6647389058887717 × 10^294 |
| 51 | ov_051 | 3.855052588341174 × 10^294 |
| 50 | ov_050 | 5.418350339485525 × 10^294 |
| 49 | ov_049 | 7.425348449083666 × 10^294 |
| 48 | ov_048 | 9.952674965311037 × 10^294 |
| 47 | ov_047 | 1.308290701933218 × 10^295 |
| 32 | lv_80_k31 | 1.5078369022845185 × 10^295 |
| 46 | ov_046 | 1.6904623045484928 × 10^295 |
| 45 | ov_045 | 2.1512473467573216 × 10^295 |
| 44 | ov_044 | 2.700727379909286 × 10^295 |
| 43 | ov_043 | 3.349612448681724 × 10^295 |
| 42 | ov_042 | 4.109256221444513 × 10^295 |
| 41 | ov_041 | 4.991674777756815 × 10^295 |
| 40 | ov_040 | 6.009569604486683 × 10^295 |
| 31 | ov_031 | 6.22512554285239 × 10^295 |
| 39 | ov_039 | 7.17635539352257 × 10^295 |
| 38 | ov_038 | 8.506193276860902 × 10^295 |
| 37 | ov_037 | 1.001403017925184 × 10^296 |
| 36 | ov_036 | 1.171564501483306 × 10^296 |
| 35 | ov_035 | 1.3627702502567365 × 10^296 |
| 34 | ov_034 | 1.5767815426134446 × 10^296 |
| 33 | ov_033 | 1.8154616217542179 × 10^296 |
| 30 | ov_030 | 2.5692278625534336 × 10^296 |
| 29 | ov_029 | 7.760771469812326 × 10^296 |
| 28 | ov_028 | 1.882489364588286 × 10^297 |
| 27 | ov_027 | 4.4953295919862044 × 10^297 |
| 26 | ov_026 | 1.0808719196477242 × 10^298 |
| 25 | ov_025 | 2.372834542678737 × 10^298 |
| 24 | ov_024 | 4.6871479498202033 × 10^298 |
| 23 | ov_023 | 8.456703008580558 × 10^298 |
| 22 | ov_022 | 1.4185566754374998 × 10^299 |
| 21 | ov_021 | 2.2449007026864004 × 10^299 |
| 20 | ov_020 | 3.389353654474785 × 10^299 |
| 19 | ov_019 | 4.923698730112177 × 10^299 |
| 18 | ov_018 | 6.926863280966455 × 10^299 |
| 17 | ov_017 | 9.484938325733349 × 10^299 |
| 16 | ov_016 | 1.2691208434416654 × 10^300 |
| 15 | ov_015 | 1.66461955270187 × 10^300 |
| 14 | ov_014 | 2.1457720601100113 × 10^300 |
| 13 | ov_013 | 2.7240987870926797 × 10^300 |
| 12 | ov_012 | 3.4118696270171504 × 10^300 |
| 11 | ov_011 | 4.2221183740515156 × 10^300 |
| 10 | ov_010 | 5.168661020061884 × 10^300 |
| 9 | ov_009 | 6.266118556464203 × 10^300 |
| 8 | ov_008 | 7.529944965783575 × 10^300 |
| 7 | ov_007 | 8.9764611360086 × 10^300 |
| 6 | ov_006 | 1.0622895479826168 × 10^301 |
| 5 | ov_005 | 1.2487432090681108 × 10^301 |
| 4 | ov_004 | 1.4589267318558315 × 10^301 |
| 3 | ov_003 | 1.6948675700705735 × 10^301 |
| 2 | ov_002 | 1.9587086236520082 × 10^301 |
| 1 | ov_001 | 2.2527170051864768 × 10^301 |

