# Results for F001-F002-F003-F004-F005-F006-F007-F008-F009-F010-F011-F012-F013-F014-F015-F016-F017-F018-F019-F020-F021-F022-F023-F024-F025-F026-F027-F028-F029-F030-F031-F032-F033-F034-F035-F036-F037-F038-F039-F040-F041-F042-F043-F044-F045-F046-F047-F048-F049-F050-F051-F052-F053-F054-F055-F056-F057-F058-F059-F060-F061-F062-F063-F064-F065-F066-F067-F068-F069-F070-F071-F072-F073-F074-F075-F076-F077-F078-F079-F080-F081-F082-F083-F084-F085-F086-F087-F088-F089-F090-F091-F092-F093-F094-F095-F096-F097-F098-F099-F100-F101-F102-F103-F104-F105-F106-F107-F108-F109-F110-F111-F112-F113-F114-F115-F116-F117-F118-F119-F120-F121-F122-F123-F124-F125-F126-F127-F128-F129-F130-F131-F132-F133-F134-F135-F136-F137-F138-F139-F140-F141-F142-F143-F144-F145-F146-F147-F148-F149-F150-F151-F152-F153-F154-F155-F156-F157-F158-F159-F160-F161-F162-F163-F164-F165-F166-F167-F168-F169-F170-F171-F172-F173-F174-F175-F176-F177-F178-F179-F180-F181-F182-F183-F184-F185-F186-F187-F188-F189-F190-F191-F192-F193-F194-F195-F196-F197-F198-F199-F200-F201-F202-F203-F204-F205-F206-F207-F208-F209-F210-F211-F212-F213-F214-F215-F216-F217-F218-F219-F220-F221-F222-F223-F224-F225-F226-F227-F228-F229-F230-F231-F232-F233-F234-F235-F236-F237-F238-F239-F240-F241-F242-F243-F244-F245-F246-F247-F248-F249-F250-F251-F252-F253-F254-F255-F256-F257-F258-F259-F260-F261-F262-F263-F264-F265-F266-F267-F268-F269-F270-F271-F272-F273-F274-F275-F276-F277-F278-F279-F280-F281-F282-F283-F284-F285-F286-F287-F288-F289-F290-F291-F292-F293-F294-F295-F296-F297-F298-F299-F300-F301-F302-F303-F304-F305-F306-F307-F308-F309-F310-F311-F312-F313-F314-F315-F316-F317-F318-F319-F320-F321-F322-F323-F324-F325-F326-F327-F328-F329-F330-F331-F332-F333-F334-F335-F336-F337-F338-F339-F340-F341-F342-F343-F344-F345-F346-F347-F348-F349-F350-F351-F352-F353-F354-F355-F356-F357-F358-F359-F360-F361-F362-F363-F364-F365-F366-F367-F368-F369-F370-F371-F372-F373-F374-F375-F376-F377-F378-F379-F380-F381-F382-F383-F384-F385-F386-F387-F388-F389-F390-F391-F392-F393-F394-F395-F396-F397-F398-F399-F400-F401-F402-F403-F404-F405-F406-F407-F408-F409-F410-F411-F412-F413-F414-F415-F416-F417-F418-F419-F420-F421-F422-F423-F424-F425-F426-F427-F428-F429-F430-F431-F432-F433-F434-F435-F436-F437-F438-F439-F440-F441-F442-F443-F444-F445-F446-F447-F448-F449-F450-F451-F452-F453-F454-F455-F456-F457-F458-F459-F460-F461-F462-F463-F464-F465-F466-F467-F468-F469-F470-F471-F472-F473-F474-F475-F476-F477-F478-F479-F480-F481-F482-F483-F484-F485-F486-F487-F488-F489-F490-F491-F492-F493-F494-F495-F496-E504506-E507512

## Summary

Number of input bits: 512  
Number of free input bits: 14  
Number of output bits: 160

Number of direct occurrences: 57408  
Number of assignments: 32183  
Number of operations: 11410707
(xor: 11382077,
and: 14901,
or: 13729)

Total complexity: 8.312812994483148 × 10^302

Least occurring input variable: iv_502 (3907)  
Most occurring input variable: iv_507 (4351)

Most co-occurring input variables: iv_500-iv_511 (2091)  
Least co-occurring input variables: iv_498-iv_502 (1776)

Potentially most occurring input variable: iv_507/iv_511 (4632)  
Potentially least occurring input variable: iv_499/iv_508 (4110)

Least output occurring input variable: iv_508 (70)  
Most output occurring input variable: iv_497 (93)

Most output co-occurring input variables: iv_497-iv_502 (52)  
Least output co-occurring input variables: iv_504-iv_507 (28)

Potentially most output occurring input variable: iv_509/iv_511 (92)  
Potentially least output occurring input variable: iv_498/iv_507 (68)

Least complex input bit: iv_497 (5.860374982883473 × 10^299)  
Most complex input bit: iv_510 (2.039759867386919 × 10^302)

Least complex output bit: aaa_76_29 (1.3370956247944097 × 10^278)  
Most complex output bit: ov_001 (1.293341515322961 × 10^302)

Least complex input/output complexity: iv_497/aaa_76_29 (9.426269728993588 × 10^274)  
Most complex input/output complexity: iv_510/ov_001 (3.173542000201323 × 10^301)

## Input Bits

### Input Bits in Regular Order

| Input Bit | Complexity | Occurrences | Output Occurrences |
|:---------:|:----------:|:-----------:|:------------------:|
| iv_497 | 5.860374982883473 × 10^299 | 4158 | 93 |
| iv_498 | 1.1821633107855127 × 10^300 | 3968 | 88 |
| iv_499 | 2.104770831885506 × 10^300 | 4135 | 81 |
| iv_500 | 3.564986712625332 × 10^300 | 4148 | 76 |
| iv_501 | 6.078884734132697 × 10^300 | 4121 | 83 |
| iv_502 | 9.880542310594085 × 10^300 | 3907 | 82 |
| iv_503 | 1.5589561006478571 × 10^301 | 4061 | 74 |
| iv_504 | 7.793786801326791 × 10^301 | 4162 | 76 |
| iv_505 | 3.6293425920337716 × 10^301 | 3948 | 79 |
| iv_507 | 1.485722344650938 × 10^302 | 4351 | 72 |
| iv_508 | 1.1180570970213614 × 10^302 | 4027 | 70 |
| iv_509 | 1.5330225321810238 × 10^302 | 4028 | 78 |
| iv_510 | 2.039759867386919 × 10^302 | 4155 | 79 |
| iv_511 | 6.040687498589477 × 10^301 | 4239 | 80 |

### Input Bits Sorted by Complexity

| Input Bit | Complexity | Occurrences | Output Occurrences |
|:---------:|:----------:|:-----------:|:------------------:|
| iv_497 | 5.860374982883473 × 10^299 | 4158 | 93 |
| iv_498 | 1.1821633107855127 × 10^300 | 3968 | 88 |
| iv_499 | 2.104770831885506 × 10^300 | 4135 | 81 |
| iv_500 | 3.564986712625332 × 10^300 | 4148 | 76 |
| iv_501 | 6.078884734132697 × 10^300 | 4121 | 83 |
| iv_502 | 9.880542310594085 × 10^300 | 3907 | 82 |
| iv_503 | 1.5589561006478571 × 10^301 | 4061 | 74 |
| iv_505 | 3.6293425920337716 × 10^301 | 3948 | 79 |
| iv_511 | 6.040687498589477 × 10^301 | 4239 | 80 |
| iv_504 | 7.793786801326791 × 10^301 | 4162 | 76 |
| iv_508 | 1.1180570970213614 × 10^302 | 4027 | 70 |
| iv_507 | 1.485722344650938 × 10^302 | 4351 | 72 |
| iv_509 | 1.5330225321810238 × 10^302 | 4028 | 78 |
| iv_510 | 2.039759867386919 × 10^302 | 4155 | 79 |

### Input Bits Sorted by Occurrences

| Input Bit | Complexity | Occurrences | Output Occurrences |
|:---------:|:----------:|:-----------:|:------------------:|
| iv_502 | 9.880542310594085 × 10^300 | 3907 | 82 |
| iv_505 | 3.6293425920337716 × 10^301 | 3948 | 79 |
| iv_498 | 1.1821633107855127 × 10^300 | 3968 | 88 |
| iv_508 | 1.1180570970213614 × 10^302 | 4027 | 70 |
| iv_509 | 1.5330225321810238 × 10^302 | 4028 | 78 |
| iv_503 | 1.5589561006478571 × 10^301 | 4061 | 74 |
| iv_501 | 6.078884734132697 × 10^300 | 4121 | 83 |
| iv_499 | 2.104770831885506 × 10^300 | 4135 | 81 |
| iv_500 | 3.564986712625332 × 10^300 | 4148 | 76 |
| iv_510 | 2.039759867386919 × 10^302 | 4155 | 79 |
| iv_497 | 5.860374982883473 × 10^299 | 4158 | 93 |
| iv_504 | 7.793786801326791 × 10^301 | 4162 | 76 |
| iv_511 | 6.040687498589477 × 10^301 | 4239 | 80 |
| iv_507 | 1.485722344650938 × 10^302 | 4351 | 72 |

### Input Bits Sorted by Output Occurrences

| Input Bit | Complexity | Occurrences | Output Occurrences |
|:---------:|:----------:|:-----------:|:------------------:|
| iv_508 | 1.1180570970213614 × 10^302 | 4027 | 70 |
| iv_507 | 1.485722344650938 × 10^302 | 4351 | 72 |
| iv_503 | 1.5589561006478571 × 10^301 | 4061 | 74 |
| iv_504 | 7.793786801326791 × 10^301 | 4162 | 76 |
| iv_500 | 3.564986712625332 × 10^300 | 4148 | 76 |
| iv_509 | 1.5330225321810238 × 10^302 | 4028 | 78 |
| iv_505 | 3.6293425920337716 × 10^301 | 3948 | 79 |
| iv_510 | 2.039759867386919 × 10^302 | 4155 | 79 |
| iv_511 | 6.040687498589477 × 10^301 | 4239 | 80 |
| iv_499 | 2.104770831885506 × 10^300 | 4135 | 81 |
| iv_502 | 9.880542310594085 × 10^300 | 3907 | 82 |
| iv_501 | 6.078884734132697 × 10^300 | 4121 | 83 |
| iv_498 | 1.1821633107855127 × 10^300 | 3968 | 88 |
| iv_497 | 5.860374982883473 × 10^299 | 4158 | 93 |

## Input Bit Co-occurrences

### Input Bit Co-occurrences Sorted by Co-occurrences

| Input Bits | Co-occurrences | Potential Occurrences | Output Co-occurrences | Potential Output Occurrences |
|:----------:|:--------------:|:---------------------:|:---------------------:|:----------------------------:|
| iv_500-iv_511 | 2091 | 4205 | 38 | 80 |
| iv_501-iv_511 | 2048 | 4264 | 39 | 85 |
| iv_499-iv_510 | 2044 | 4202 | 43 | 74 |
| iv_499-iv_511 | 2036 | 4302 | 37 | 87 |
| iv_499-iv_508 | 2026 | 4110 | 38 | 75 |
| iv_499-iv_507 | 2025 | 4436 | 37 | 79 |
| iv_500-iv_510 | 2022 | 4259 | 39 | 77 |
| iv_503-iv_511 | 2021 | 4258 | 37 | 80 |
| iv_497-iv_501 | 2018 | 4243 | 48 | 80 |
| iv_497-iv_511 | 2018 | 4361 | 47 | 79 |
| iv_499-iv_504 | 2017 | 4263 | 33 | 91 |
| iv_501-iv_507 | 2016 | 4440 | 36 | 83 |
| iv_500-iv_503 | 2013 | 4183 | 38 | 74 |
| iv_510-iv_511 | 2006 | 4382 | 38 | 83 |

### Input Bit Co-occurrences Sorted by Potential Occurrences

| Input Bits | Co-occurrences | Potential Occurrences | Output Co-occurrences | Potential Output Occurrences |
|:----------:|:--------------:|:---------------------:|:---------------------:|:----------------------------:|
| iv_499-iv_508 | 2026 | 4110 | 38 | 75 |
| iv_499-iv_502 | 1934 | 4174 | 41 | 81 |
| iv_502-iv_505 | 1839 | 4177 | 36 | 89 |
| iv_501-iv_505 | 1945 | 4179 | 45 | 72 |
| iv_500-iv_503 | 2013 | 4183 | 38 | 74 |
| iv_508-iv_509 | 1934 | 4187 | 35 | 78 |
| iv_499-iv_509 | 1987 | 4189 | 41 | 77 |
| iv_498-iv_508 | 1897 | 4201 | 37 | 84 |
| iv_499-iv_510 | 2044 | 4202 | 43 | 74 |
| iv_500-iv_511 | 2091 | 4205 | 38 | 80 |
| iv_497-iv_503 | 2006 | 4207 | 38 | 91 |
| iv_500-iv_505 | 1940 | 4216 | 42 | 71 |
| iv_498-iv_510 | 1953 | 4217 | 48 | 71 |
| iv_498-iv_503 | 1902 | 4225 | 43 | 76 |

### Input Bit Output Co-occurrences Sorted by Output Co-occurrences

| Input Bits | Co-occurrences | Potential Occurrences | Output Co-occurrences | Potential Output Occurrences |
|:----------:|:--------------:|:---------------------:|:---------------------:|:----------------------------:|
| iv_497-iv_502 | 1910 | 4245 | 52 | 71 |
| iv_497-iv_498 | 1903 | 4320 | 50 | 81 |
| iv_498-iv_501 | 1887 | 4315 | 48 | 75 |
| iv_498-iv_510 | 1953 | 4217 | 48 | 71 |
| iv_497-iv_501 | 2018 | 4243 | 48 | 80 |
| iv_497-iv_510 | 1949 | 4415 | 48 | 76 |
| iv_497-iv_509 | 1941 | 4304 | 48 | 75 |
| iv_497-iv_505 | 1916 | 4274 | 47 | 78 |
| iv_497-iv_511 | 2018 | 4361 | 47 | 79 |
| iv_498-iv_502 | 1776 | 4323 | 46 | 78 |
| iv_498-iv_507 | 1925 | 4469 | 46 | 68 |
| iv_501-iv_505 | 1945 | 4179 | 45 | 72 |
| iv_502-iv_511 | 1931 | 4284 | 45 | 72 |
| iv_497-iv_507 | 1996 | 4517 | 44 | 77 |

### Input Bit Output Co-occurrences Sorted by Potential Output Occurrences

| Input Bits | Co-occurrences | Potential Occurrences | Output Co-occurrences | Potential Output Occurrences |
|:----------:|:--------------:|:---------------------:|:---------------------:|:----------------------------:|
| iv_498-iv_507 | 1925 | 4469 | 46 | 68 |
| iv_498-iv_510 | 1953 | 4217 | 48 | 71 |
| iv_500-iv_505 | 1940 | 4216 | 42 | 71 |
| iv_497-iv_502 | 1910 | 4245 | 52 | 71 |
| iv_501-iv_505 | 1945 | 4179 | 45 | 72 |
| iv_502-iv_511 | 1931 | 4284 | 45 | 72 |
| iv_501-iv_503 | 1963 | 4256 | 42 | 73 |
| iv_503-iv_505 | 1890 | 4229 | 40 | 73 |
| iv_499-iv_510 | 2044 | 4202 | 43 | 74 |
| iv_500-iv_503 | 2013 | 4183 | 38 | 74 |
| iv_501-iv_508 | 1943 | 4262 | 39 | 75 |
| iv_501-iv_509 | 1925 | 4299 | 43 | 75 |
| iv_498-iv_501 | 1887 | 4315 | 48 | 75 |
| iv_499-iv_508 | 2026 | 4110 | 38 | 75 |

## Output Bits

### Output Bits in Regular Order

| Rank | Output Bit | Complexity |
|:----:|:----------:|:----------:|
| 1 | ov_001 | 1.293341515322961 × 10^302 |
| 2 | ov_002 | 1.1261026205037875 × 10^302 |
| 3 | ov_003 | 9.75914198201809 × 10^301 |
| 4 | ov_004 | 8.414976632643392 × 10^301 |
| 5 | ov_005 | 7.216447123808263 × 10^301 |
| 6 | ov_006 | 6.152123753320531 × 10^301 |
| 7 | ov_007 | 5.211187035718253 × 10^301 |
| 8 | ov_008 | 4.3833903793622437 × 10^301 |
| 9 | ov_009 | 3.6590280040000335 × 10^301 |
| 10 | ov_010 | 3.0289075780994867 × 10^301 |
| 11 | ov_011 | 2.4843270844110136 × 10^301 |
| 12 | ov_012 | 2.01705545061206 × 10^301 |
| 13 | ov_013 | 1.6193165096683113 × 10^301 |
| 14 | ov_014 | 1.2837758818429758 × 10^301 |
| 15 | ov_015 | 1.0035303972087019 × 10^301 |
| 16 | ov_016 | 7.720997041578632 × 10^300 |
| 17 | ov_017 | 5.834197358410317 × 10^300 |
| 18 | ov_018 | 4.3183773275047826 × 10^300 |
| 19 | ov_019 | 3.12108545852052 × 10^300 |
| 20 | ov_020 | 2.193919707896357 × 10^300 |
| 21 | ov_021 | 1.4925088976642023 × 10^300 |
| 22 | ov_022 | 9.765002376305306 × 10^299 |
| 23 | ov_023 | 6.095512379477812 × 10^299 |
| 24 | ov_024 | 3.5932461769378044 × 10^299 |
| 25 | ov_025 | 1.974852338708439 × 10^299 |
| 26 | ov_026 | 9.969839840092904 × 10^298 |
| 27 | ov_027 | 4.562908583925269 × 10^298 |
| 28 | ov_028 | 1.8941620792064318 × 10^298 |
| 29 | ov_029 | 7.299577237713848 × 10^297 |
| 30 | ov_030 | 2.2317486255038412 × 10^297 |
| 31 | ov_031 | 4.353343036999992 × 10^296 |
| 32 | lv_80_m31 | 8.49009052175648 × 10^295 |
| 33 | ov_033 | 1.0266513624043931 × 10^297 |
| 34 | ov_034 | 8.926466041470693 × 10^296 |
| 35 | ov_035 | 7.724188491575914 × 10^296 |
| 36 | ov_036 | 6.649301698601619 × 10^296 |
| 37 | ov_037 | 5.69199487053605 × 10^296 |
| 38 | ov_038 | 4.842985818301324 × 10^296 |
| 39 | ov_039 | 4.093486257628779 × 10^296 |
| 40 | ov_040 | 3.4351718054543106 × 10^296 |
| 41 | ov_041 | 2.8601562124283454 × 10^296 |
| 42 | ov_042 | 2.360969401354636 × 10^296 |
| 43 | ov_043 | 1.9305389082329823 × 10^296 |
| 44 | ov_044 | 1.5621743482556168 × 10^296 |
| 45 | ov_045 | 1.2495545537553107 × 10^296 |
| 46 | ov_046 | 9.8671705487346 × 10^295 |
| 47 | ov_047 | 7.680495967448006 × 10^295 |
| 48 | ov_048 | 5.882834094063742 × 10^295 |
| 49 | ov_049 | 4.4248796854463365 × 10^295 |
| 50 | ov_050 | 3.260670066969727 × 10^295 |
| 51 | ov_051 | 2.347555557116323 × 10^295 |
| 52 | ov_052 | 1.6461782222023065 × 10^295 |
| 53 | ov_053 | 1.1204571865570198 × 10^295 |
| 54 | ov_054 | 7.375789300908498 × 10^294 |
| 55 | ov_055 | 4.679912110362963 × 10^294 |
| 56 | ov_056 | 2.8539945705165604 × 10^294 |
| 57 | ov_057 | 1.6676470689223055 × 10^294 |
| 58 | ov_058 | 9.230247864106901 × 10^293 |
| 59 | ov_059 | 4.548219498392421 × 10^293 |
| 60 | ov_060 | 1.8851997875940463 × 10^293 |
| 61 | ov_061 | 6.586823343768399 × 10^292 |
| 62 | ov_062 | 1.807426481317056 × 10^292 |
| 63 | ov_063 | 3.5240146553264225 × 10^291 |
| 64 | lv_79_m31 | 6.869581285949457 × 10^290 |
| 65 | ov_065 | 8.302252494333669 × 10^291 |
| 66 | ov_066 | 8.302228317024573 × 10^291 |
| 67 | ov_067 | 8.302222400315596 × 10^291 |
| 68 | ov_068 | 7.207800897481496 × 10^291 |
| 69 | ov_069 | 6.228431228085504 × 10^291 |
| 70 | ov_070 | 5.354953606934385 × 10^291 |
| 71 | ov_071 | 4.5787714682297886 × 10^291 |
| 72 | ov_072 | 3.891813338854768 × 10^291 |
| 73 | ov_073 | 3.286498090855634 × 10^291 |
| 74 | ov_074 | 2.7557033922950736 × 10^291 |
| 75 | ov_075 | 2.2927371828721213 × 10^291 |
| 76 | ov_076 | 1.89131200669643 × 10^291 |
| 77 | ov_077 | 1.5455220395174336 × 10^291 |
| 78 | ov_078 | 1.2498226516823889 × 10^291 |
| 79 | ov_079 | 9.990123512603933 × 10^290 |
| 80 | ov_080 | 7.882169542420573 × 10^290 |
| 81 | ov_081 | 6.128758306167632 × 10^290 |
| 82 | ov_082 | 4.687300765420182 × 10^290 |
| 83 | ov_083 | 3.518124638434429 × 10^290 |
| 84 | ov_084 | 2.5843901880104282 × 10^290 |
| 85 | ov_085 | 1.8520208265968595 × 10^290 |
| 86 | ov_086 | 1.2896470661177855 × 10^290 |
| 87 | ov_087 | 8.685623419068743 × 10^289 |
| 88 | ov_088 | 5.626892412596509 × 10^289 |
| 89 | ov_089 | 3.485546677501373 × 10^289 |
| 90 | ov_090 | 2.0527247279343069 × 10^289 |
| 91 | ov_091 | 1.1453208609650496 × 10^289 |
| 92 | ov_092 | 6.059168900073867 × 10^288 |
| 93 | ov_093 | 3.027454722729877 × 10^288 |
| 94 | ov_094 | 1.2967307458501808 × 10^288 |
| 95 | aaa_78_28 | 4.004014718176692 × 10^287 |
| 96 | aaa_78_29 | 1.229574480179898 × 10^287 |
| 97 | ov_097 | 8.115283227073496 × 10^286 |
| 98 | ov_098 | 8.115039268491257 × 10^286 |
| 99 | ov_099 | 8.114961248657548 × 10^286 |
| 100 | ov_100 | 7.300814700483564 × 10^286 |
| 101 | ov_101 | 6.547086429186576 × 10^286 |
| 102 | ov_102 | 5.850419924285589 × 10^286 |
| 103 | ov_103 | 5.207701710347291 × 10^286 |
| 104 | ov_104 | 4.616030811995506 × 10^286 |
| 105 | ov_105 | 4.072690940553442 × 10^286 |
| 106 | ov_106 | 3.575125257818337 × 10^286 |
| 107 | ov_107 | 3.120913578157129 × 10^286 |
| 108 | ov_108 | 2.7077518748030414 × 10^286 |
| 109 | ov_109 | 2.333433960052727 × 10^286 |
| 110 | ov_110 | 1.9958352121236687 × 10^286 |
| 111 | ov_111 | 1.6928982238387582 × 10^286 |
| 112 | ov_112 | 1.4226202501588374 × 10^286 |
| 113 | ov_113 | 1.18304233297548 × 10^286 |
| 114 | ov_114 | 9.7223998258902 × 10^285 |
| 115 | ov_115 | 7.883152960061206 × 10^285 |
| 116 | ov_116 | 6.293903926646701 × 10^285 |
| 117 | ov_117 | 4.9360204849121443 × 10^285 |
| 118 | ov_118 | 3.790974093692708 × 10^285 |
| 119 | ov_119 | 2.840306651893763 × 10^285 |
| 120 | ov_120 | 2.0656056569768464 × 10^285 |
| 121 | ov_121 | 1.4484865938217533 × 10^285 |
| 122 | ov_122 | 9.705813664644416 × 10^284 |
| 123 | ov_123 | 6.13531200985203 × 10^284 |
| 124 | ov_124 | 3.5898221199228886 × 10^284 |
| 125 | ov_125 | 1.8858265205546475 × 10^284 |
| 126 | ov_126 | 8.398150640223993 × 10^283 |
| 127 | aaa_77_28 | 2.6827952513013 × 10^283 |
| 128 | aaa_77_29 | 1.0063760984552306 × 10^283 |
| 129 | ov_129 | 9.445762442406662 × 10^282 |
| 130 | ov_130 | 9.445736363356549 × 10^282 |
| 131 | ov_131 | 9.445730046413562 × 10^282 |
| 132 | ov_132 | 8.216936660038491 × 10^282 |
| 133 | ov_133 | 7.113949226448378 × 10^282 |
| 134 | ov_134 | 6.127324005947739 × 10^282 |
| 135 | ov_135 | 5.2481348578862924 × 10^282 |
| 136 | ov_136 | 4.467936520744164 × 10^282 |
| 137 | ov_137 | 3.7787326701246677 × 10^282 |
| 138 | ov_138 | 3.1729483183383 × 10^282 |
| 139 | ov_139 | 2.6434061421721387 × 10^282 |
| 140 | ov_140 | 2.1833063475655567 × 10^282 |
| 141 | ov_141 | 1.7862097014088175 × 10^282 |
| 142 | ov_142 | 1.4460233816775453 × 10^282 |
| 143 | ov_143 | 1.156989317725891 × 10^282 |
| 144 | ov_144 | 9.136747128791042 × 10^281 |
| 145 | ov_145 | 7.109644615703666 × 10^281 |
| 146 | ov_146 | 5.440551932201672 × 10^281 |
| 147 | ov_147 | 4.0845069490846086 × 10^281 |
| 148 | ov_148 | 2.99958484677269 × 10^281 |
| 149 | ov_149 | 2.146873270501096 × 10^281 |
| 150 | ov_150 | 1.4904550208138041 × 10^281 |
| 151 | ov_151 | 9.973965896310212 × 10^280 |
| 152 | ov_152 | 6.377410492345211 × 10^280 |
| 153 | ov_153 | 3.845039985415805 × 10^280 |
| 154 | ov_154 | 2.13671468039224 × 10^280 |
| 155 | ov_155 | 1.0419891022918798 × 10^280 |
| 156 | aaa_76_25 | 3.8010728445345003 × 10^279 |
| 157 | aaa_76_26 | 2.1971604833216763 × 10^279 |
| 158 | aaa_76_27 | 1.1259510917401118 × 10^279 |
| 159 | aaa_76_28 | 4.3901835742642006 × 10^278 |
| 160 | aaa_76_29 | 1.3370956247944097 × 10^278 |

### Output Bits Sorted by Complexity

| Rank | Output Bit | Complexity |
|:----:|:----------:|:----------:|
| 160 | aaa_76_29 | 1.3370956247944097 × 10^278 |
| 159 | aaa_76_28 | 4.3901835742642006 × 10^278 |
| 158 | aaa_76_27 | 1.1259510917401118 × 10^279 |
| 157 | aaa_76_26 | 2.1971604833216763 × 10^279 |
| 156 | aaa_76_25 | 3.8010728445345003 × 10^279 |
| 155 | ov_155 | 1.0419891022918798 × 10^280 |
| 154 | ov_154 | 2.13671468039224 × 10^280 |
| 153 | ov_153 | 3.845039985415805 × 10^280 |
| 152 | ov_152 | 6.377410492345211 × 10^280 |
| 151 | ov_151 | 9.973965896310212 × 10^280 |
| 150 | ov_150 | 1.4904550208138041 × 10^281 |
| 149 | ov_149 | 2.146873270501096 × 10^281 |
| 148 | ov_148 | 2.99958484677269 × 10^281 |
| 147 | ov_147 | 4.0845069490846086 × 10^281 |
| 146 | ov_146 | 5.440551932201672 × 10^281 |
| 145 | ov_145 | 7.109644615703666 × 10^281 |
| 144 | ov_144 | 9.136747128791042 × 10^281 |
| 143 | ov_143 | 1.156989317725891 × 10^282 |
| 142 | ov_142 | 1.4460233816775453 × 10^282 |
| 141 | ov_141 | 1.7862097014088175 × 10^282 |
| 140 | ov_140 | 2.1833063475655567 × 10^282 |
| 139 | ov_139 | 2.6434061421721387 × 10^282 |
| 138 | ov_138 | 3.1729483183383 × 10^282 |
| 137 | ov_137 | 3.7787326701246677 × 10^282 |
| 136 | ov_136 | 4.467936520744164 × 10^282 |
| 135 | ov_135 | 5.2481348578862924 × 10^282 |
| 134 | ov_134 | 6.127324005947739 × 10^282 |
| 133 | ov_133 | 7.113949226448378 × 10^282 |
| 132 | ov_132 | 8.216936660038491 × 10^282 |
| 131 | ov_131 | 9.445730046413562 × 10^282 |
| 130 | ov_130 | 9.445736363356549 × 10^282 |
| 129 | ov_129 | 9.445762442406662 × 10^282 |
| 128 | aaa_77_29 | 1.0063760984552306 × 10^283 |
| 127 | aaa_77_28 | 2.6827952513013 × 10^283 |
| 126 | ov_126 | 8.398150640223993 × 10^283 |
| 125 | ov_125 | 1.8858265205546475 × 10^284 |
| 124 | ov_124 | 3.5898221199228886 × 10^284 |
| 123 | ov_123 | 6.13531200985203 × 10^284 |
| 122 | ov_122 | 9.705813664644416 × 10^284 |
| 121 | ov_121 | 1.4484865938217533 × 10^285 |
| 120 | ov_120 | 2.0656056569768464 × 10^285 |
| 119 | ov_119 | 2.840306651893763 × 10^285 |
| 118 | ov_118 | 3.790974093692708 × 10^285 |
| 117 | ov_117 | 4.9360204849121443 × 10^285 |
| 116 | ov_116 | 6.293903926646701 × 10^285 |
| 115 | ov_115 | 7.883152960061206 × 10^285 |
| 114 | ov_114 | 9.7223998258902 × 10^285 |
| 113 | ov_113 | 1.18304233297548 × 10^286 |
| 112 | ov_112 | 1.4226202501588374 × 10^286 |
| 111 | ov_111 | 1.6928982238387582 × 10^286 |
| 110 | ov_110 | 1.9958352121236687 × 10^286 |
| 109 | ov_109 | 2.333433960052727 × 10^286 |
| 108 | ov_108 | 2.7077518748030414 × 10^286 |
| 107 | ov_107 | 3.120913578157129 × 10^286 |
| 106 | ov_106 | 3.575125257818337 × 10^286 |
| 105 | ov_105 | 4.072690940553442 × 10^286 |
| 104 | ov_104 | 4.616030811995506 × 10^286 |
| 103 | ov_103 | 5.207701710347291 × 10^286 |
| 102 | ov_102 | 5.850419924285589 × 10^286 |
| 101 | ov_101 | 6.547086429186576 × 10^286 |
| 100 | ov_100 | 7.300814700483564 × 10^286 |
| 99 | ov_099 | 8.114961248657548 × 10^286 |
| 98 | ov_098 | 8.115039268491257 × 10^286 |
| 97 | ov_097 | 8.115283227073496 × 10^286 |
| 96 | aaa_78_29 | 1.229574480179898 × 10^287 |
| 95 | aaa_78_28 | 4.004014718176692 × 10^287 |
| 94 | ov_094 | 1.2967307458501808 × 10^288 |
| 93 | ov_093 | 3.027454722729877 × 10^288 |
| 92 | ov_092 | 6.059168900073867 × 10^288 |
| 91 | ov_091 | 1.1453208609650496 × 10^289 |
| 90 | ov_090 | 2.0527247279343069 × 10^289 |
| 89 | ov_089 | 3.485546677501373 × 10^289 |
| 88 | ov_088 | 5.626892412596509 × 10^289 |
| 87 | ov_087 | 8.685623419068743 × 10^289 |
| 86 | ov_086 | 1.2896470661177855 × 10^290 |
| 85 | ov_085 | 1.8520208265968595 × 10^290 |
| 84 | ov_084 | 2.5843901880104282 × 10^290 |
| 83 | ov_083 | 3.518124638434429 × 10^290 |
| 82 | ov_082 | 4.687300765420182 × 10^290 |
| 81 | ov_081 | 6.128758306167632 × 10^290 |
| 64 | lv_79_m31 | 6.869581285949457 × 10^290 |
| 80 | ov_080 | 7.882169542420573 × 10^290 |
| 79 | ov_079 | 9.990123512603933 × 10^290 |
| 78 | ov_078 | 1.2498226516823889 × 10^291 |
| 77 | ov_077 | 1.5455220395174336 × 10^291 |
| 76 | ov_076 | 1.89131200669643 × 10^291 |
| 75 | ov_075 | 2.2927371828721213 × 10^291 |
| 74 | ov_074 | 2.7557033922950736 × 10^291 |
| 73 | ov_073 | 3.286498090855634 × 10^291 |
| 63 | ov_063 | 3.5240146553264225 × 10^291 |
| 72 | ov_072 | 3.891813338854768 × 10^291 |
| 71 | ov_071 | 4.5787714682297886 × 10^291 |
| 70 | ov_070 | 5.354953606934385 × 10^291 |
| 69 | ov_069 | 6.228431228085504 × 10^291 |
| 68 | ov_068 | 7.207800897481496 × 10^291 |
| 67 | ov_067 | 8.302222400315596 × 10^291 |
| 66 | ov_066 | 8.302228317024573 × 10^291 |
| 65 | ov_065 | 8.302252494333669 × 10^291 |
| 62 | ov_062 | 1.807426481317056 × 10^292 |
| 61 | ov_061 | 6.586823343768399 × 10^292 |
| 60 | ov_060 | 1.8851997875940463 × 10^293 |
| 59 | ov_059 | 4.548219498392421 × 10^293 |
| 58 | ov_058 | 9.230247864106901 × 10^293 |
| 57 | ov_057 | 1.6676470689223055 × 10^294 |
| 56 | ov_056 | 2.8539945705165604 × 10^294 |
| 55 | ov_055 | 4.679912110362963 × 10^294 |
| 54 | ov_054 | 7.375789300908498 × 10^294 |
| 53 | ov_053 | 1.1204571865570198 × 10^295 |
| 52 | ov_052 | 1.6461782222023065 × 10^295 |
| 51 | ov_051 | 2.347555557116323 × 10^295 |
| 50 | ov_050 | 3.260670066969727 × 10^295 |
| 49 | ov_049 | 4.4248796854463365 × 10^295 |
| 48 | ov_048 | 5.882834094063742 × 10^295 |
| 47 | ov_047 | 7.680495967448006 × 10^295 |
| 32 | lv_80_m31 | 8.49009052175648 × 10^295 |
| 46 | ov_046 | 9.8671705487346 × 10^295 |
| 45 | ov_045 | 1.2495545537553107 × 10^296 |
| 44 | ov_044 | 1.5621743482556168 × 10^296 |
| 43 | ov_043 | 1.9305389082329823 × 10^296 |
| 42 | ov_042 | 2.360969401354636 × 10^296 |
| 41 | ov_041 | 2.8601562124283454 × 10^296 |
| 40 | ov_040 | 3.4351718054543106 × 10^296 |
| 39 | ov_039 | 4.093486257628779 × 10^296 |
| 31 | ov_031 | 4.353343036999992 × 10^296 |
| 38 | ov_038 | 4.842985818301324 × 10^296 |
| 37 | ov_037 | 5.69199487053605 × 10^296 |
| 36 | ov_036 | 6.649301698601619 × 10^296 |
| 35 | ov_035 | 7.724188491575914 × 10^296 |
| 34 | ov_034 | 8.926466041470693 × 10^296 |
| 33 | ov_033 | 1.0266513624043931 × 10^297 |
| 30 | ov_030 | 2.2317486255038412 × 10^297 |
| 29 | ov_029 | 7.299577237713848 × 10^297 |
| 28 | ov_028 | 1.8941620792064318 × 10^298 |
| 27 | ov_027 | 4.562908583925269 × 10^298 |
| 26 | ov_026 | 9.969839840092904 × 10^298 |
| 25 | ov_025 | 1.974852338708439 × 10^299 |
| 24 | ov_024 | 3.5932461769378044 × 10^299 |
| 23 | ov_023 | 6.095512379477812 × 10^299 |
| 22 | ov_022 | 9.765002376305306 × 10^299 |
| 21 | ov_021 | 1.4925088976642023 × 10^300 |
| 20 | ov_020 | 2.193919707896357 × 10^300 |
| 19 | ov_019 | 3.12108545852052 × 10^300 |
| 18 | ov_018 | 4.3183773275047826 × 10^300 |
| 17 | ov_017 | 5.834197358410317 × 10^300 |
| 16 | ov_016 | 7.720997041578632 × 10^300 |
| 15 | ov_015 | 1.0035303972087019 × 10^301 |
| 14 | ov_014 | 1.2837758818429758 × 10^301 |
| 13 | ov_013 | 1.6193165096683113 × 10^301 |
| 12 | ov_012 | 2.01705545061206 × 10^301 |
| 11 | ov_011 | 2.4843270844110136 × 10^301 |
| 10 | ov_010 | 3.0289075780994867 × 10^301 |
| 9 | ov_009 | 3.6590280040000335 × 10^301 |
| 8 | ov_008 | 4.3833903793622437 × 10^301 |
| 7 | ov_007 | 5.211187035718253 × 10^301 |
| 6 | ov_006 | 6.152123753320531 × 10^301 |
| 5 | ov_005 | 7.216447123808263 × 10^301 |
| 4 | ov_004 | 8.414976632643392 × 10^301 |
| 3 | ov_003 | 9.75914198201809 × 10^301 |
| 2 | ov_002 | 1.1261026205037875 × 10^302 |
| 1 | ov_001 | 1.293341515322961 × 10^302 |

