# Results for F001-F002-F003-F004-F005-F006-F007-F008-F009-F010-F011-F012-F013-F014-F015-F016-F017-F018-F019-F020-F021-F022-F023-F024-F025-F026-F027-F028-F029-F030-F031-F032-F033-F034-F035-F036-F037-F038-F039-F040-F041-F042-F043-F044-F045-F046-F047-F048-F049-F050-F051-F052-F053-F054-F055-F056-F057-F058-F059-F060-F061-F062-F063-F064-F065-F066-F067-F068-F069-F070-F071-F072-F073-F074-F075-F076-F077-F078-F079-F080-F081-F082-F083-F084-F085-F086-F087-F088-F089-F090-F091-F092-F093-F094-F095-F096-F097-F098-F099-F100-F101-F102-F103-F104-F105-F106-F107-F108-F109-F110-F111-F112-F113-F114-F115-F116-F117-F118-F119-F120-F121-F122-F123-F124-F125-F126-F127-F128-F129-F130-F131-F132-F133-F134-F135-F136-F137-F138-F139-F140-F141-F142-F143-F144-F145-F146-F147-F148-F149-F150-F151-F152-F153-F154-F155-F156-F157-F158-F159-F160-F161-F162-F163-F164-F165-F166-F167-F168-F169-F170-F171-F172-F173-F174-F175-F176-F177-F178-F179-F180-F181-F182-F183-F184-F185-F186-F187-F188-F189-F190-F191-F192-F193-F194-F195-F196-F197-F198-F199-F200-F201-F202-F203-F204-F205-F206-F207-F208-F209-F210-F211-F212-F213-F214-F215-F216-F217-F218-F219-F220-F221-F222-F223-F224-F225-F226-F227-F228-F229-F230-F231-F232-F233-F234-F235-F236-F237-F238-F239-F240-F241-F242-F243-F244-F245-F246-F247-F248-F249-F250-F251-F252-F253-F254-F255-F256-F257-F258-F259-F260-F261-F262-F263-F264-F265-F266-F267-F268-F269-F270-F271-F272-F273-F274-F275-F276-F277-F278-F279-F280-F281-F282-F283-F284-F285-F286-F287-F288-F289-F290-F291-F292-F293-F294-F295-F296-F297-F298-F299-F300-F301-F302-F303-F304-F305-F306-F307-F308-F309-F310-F311-F312-F313-F314-F315-F316-F317-F318-F319-F320-F321-F322-F323-F324-F325-F326-F327-F328-F329-F330-F331-F332-F333-F334-F335-F336-F337-F338-F339-F340-F341-F342-F343-F344-F345-F346-F347-F348-F349-F350-F351-F352-F353-F354-F355-F356-F357-F358-F359-F360-F361-F362-F363-F364-F365-F366-F367-F368-F369-F370-F371-F372-F373-F374-F375-F376-F377-F378-F379-F380-F381-F382-F383-F384-F385-F386-F387-F388-F389-F390-F391-F392-F393-F394-F395-F396-F397-F398-F399-F400-F401-F402-F403-F404-F405-F406-F407-F408-F409-F410-F411-F412-F413-F414-F415-F416-F417-F418-F419-F420-F421-F422-F423-F424-F425-F426-F427-F428-F429-F430-F431-F432-F433-F434-F435-F436-F437-F438-F439-F440-F441-F442-F443-F444-F445-F446-F447-F448-F449-F450-F451-F452-F453-F454-F455-F456-F457-F458-F459-F460-F461-F462-F463-F464-F465-F466-F467-F468-F469-F470-F471-F472-F473-F474-F475-F476-F477-F478-F479-F480-F481-F482-F483-F484-F485-F486-F487-F488-F489-F490-F491-F492-F493-F494-F495-F496-E507512-T510

## Summary

Number of input bits: 512  
Number of free input bits: 14  
Number of output bits: 160

Number of direct occurrences: 58475  
Number of assignments: 32497  
Number of operations: 12168815
(xor: 12138796,
and: 16255,
or: 13764)

Total complexity: 1.3309034864094086 × 10^310

Least occurring input variable: iv_506 (3970)  
Most occurring input variable: iv_507 (4441)

Most co-occurring input variables: iv_502-iv_507 (2093)  
Least co-occurring input variables: iv_505-iv_506 (1810)

Potentially most occurring input variable: iv_497/iv_507 (4783)  
Potentially least occurring input variable: iv_498/iv_506 (4226)

Least output occurring input variable: iv_507 (71)  
Most output occurring input variable: iv_499 (97)

Most output co-occurring input variables: iv_499-iv_502 (56)  
Least output co-occurring input variables: iv_501-iv_507 (29)

Potentially most output occurring input variable: iv_497/iv_501 (95)  
Potentially least output occurring input variable: iv_500/iv_507 (64)

Least complex input bit: iv_497 (1.4762156254481062 × 10^307)  
Most complex input bit: iv_509 (3.46128891743169 × 10^309)

Least complex output bit: aaa_76_29 (2.7550705175033936 × 10^284)  
Most complex output bit: ov_001 (2.0706682993924538 × 10^309)

Least complex input/output complexity: iv_497/aaa_76_29 (3.0558775964456445 × 10^281)  
Most complex input/output complexity: iv_509/ov_001 (5.385199835714815 × 10^308)

## Input Bits

### Input Bits in Regular Order

| Input Bit | Complexity | Occurrences | Output Occurrences |
|:---------:|:----------:|:-----------:|:------------------:|
| iv_497 | 1.4762156254481062 × 10^307 | 4242 | 86 |
| iv_498 | 2.9783819171502756 × 10^307 | 4038 | 77 |
| iv_499 | 5.303729628928701 × 10^307 | 4243 | 97 |
| iv_500 | 8.984165953805133 × 10^307 | 4162 | 83 |
| iv_501 | 1.531852437119026 × 10^308 | 4229 | 75 |
| iv_502 | 2.4897153439391264 × 10^308 | 4247 | 90 |
| iv_503 | 3.927997195556342 × 10^308 | 4230 | 89 |
| iv_504 | 6.050790737818678 × 10^308 | 4095 | 79 |
| iv_505 | 9.142877120571494 × 10^308 | 4021 | 73 |
| iv_506 | 1.358208440683482 × 10^309 | 3970 | 82 |
| iv_507 | 2.6962463084803576 × 10^309 | 4441 | 71 |
| iv_508 | 2.815641634209214 × 10^309 | 4179 | 88 |
| iv_509 | 3.46128891743169 × 10^309 | 4176 | 77 |
| iv_511 | 4.759013485355677 × 10^308 | 4202 | 76 |

### Input Bits Sorted by Complexity

| Input Bit | Complexity | Occurrences | Output Occurrences |
|:---------:|:----------:|:-----------:|:------------------:|
| iv_497 | 1.4762156254481062 × 10^307 | 4242 | 86 |
| iv_498 | 2.9783819171502756 × 10^307 | 4038 | 77 |
| iv_499 | 5.303729628928701 × 10^307 | 4243 | 97 |
| iv_500 | 8.984165953805133 × 10^307 | 4162 | 83 |
| iv_501 | 1.531852437119026 × 10^308 | 4229 | 75 |
| iv_502 | 2.4897153439391264 × 10^308 | 4247 | 90 |
| iv_503 | 3.927997195556342 × 10^308 | 4230 | 89 |
| iv_511 | 4.759013485355677 × 10^308 | 4202 | 76 |
| iv_504 | 6.050790737818678 × 10^308 | 4095 | 79 |
| iv_505 | 9.142877120571494 × 10^308 | 4021 | 73 |
| iv_506 | 1.358208440683482 × 10^309 | 3970 | 82 |
| iv_507 | 2.6962463084803576 × 10^309 | 4441 | 71 |
| iv_508 | 2.815641634209214 × 10^309 | 4179 | 88 |
| iv_509 | 3.46128891743169 × 10^309 | 4176 | 77 |

### Input Bits Sorted by Occurrences

| Input Bit | Complexity | Occurrences | Output Occurrences |
|:---------:|:----------:|:-----------:|:------------------:|
| iv_506 | 1.358208440683482 × 10^309 | 3970 | 82 |
| iv_505 | 9.142877120571494 × 10^308 | 4021 | 73 |
| iv_498 | 2.9783819171502756 × 10^307 | 4038 | 77 |
| iv_504 | 6.050790737818678 × 10^308 | 4095 | 79 |
| iv_500 | 8.984165953805133 × 10^307 | 4162 | 83 |
| iv_509 | 3.46128891743169 × 10^309 | 4176 | 77 |
| iv_508 | 2.815641634209214 × 10^309 | 4179 | 88 |
| iv_511 | 4.759013485355677 × 10^308 | 4202 | 76 |
| iv_501 | 1.531852437119026 × 10^308 | 4229 | 75 |
| iv_503 | 3.927997195556342 × 10^308 | 4230 | 89 |
| iv_497 | 1.4762156254481062 × 10^307 | 4242 | 86 |
| iv_499 | 5.303729628928701 × 10^307 | 4243 | 97 |
| iv_502 | 2.4897153439391264 × 10^308 | 4247 | 90 |
| iv_507 | 2.6962463084803576 × 10^309 | 4441 | 71 |

### Input Bits Sorted by Output Occurrences

| Input Bit | Complexity | Occurrences | Output Occurrences |
|:---------:|:----------:|:-----------:|:------------------:|
| iv_507 | 2.6962463084803576 × 10^309 | 4441 | 71 |
| iv_505 | 9.142877120571494 × 10^308 | 4021 | 73 |
| iv_501 | 1.531852437119026 × 10^308 | 4229 | 75 |
| iv_511 | 4.759013485355677 × 10^308 | 4202 | 76 |
| iv_509 | 3.46128891743169 × 10^309 | 4176 | 77 |
| iv_498 | 2.9783819171502756 × 10^307 | 4038 | 77 |
| iv_504 | 6.050790737818678 × 10^308 | 4095 | 79 |
| iv_506 | 1.358208440683482 × 10^309 | 3970 | 82 |
| iv_500 | 8.984165953805133 × 10^307 | 4162 | 83 |
| iv_497 | 1.4762156254481062 × 10^307 | 4242 | 86 |
| iv_508 | 2.815641634209214 × 10^309 | 4179 | 88 |
| iv_503 | 3.927997195556342 × 10^308 | 4230 | 89 |
| iv_502 | 2.4897153439391264 × 10^308 | 4247 | 90 |
| iv_499 | 5.303729628928701 × 10^307 | 4243 | 97 |

## Input Bit Co-occurrences

### Input Bit Co-occurrences Sorted by Co-occurrences

| Input Bits | Co-occurrences | Potential Occurrences | Output Co-occurrences | Potential Output Occurrences |
|:----------:|:--------------:|:---------------------:|:---------------------:|:----------------------------:|
| iv_502-iv_507 | 2093 | 4502 | 44 | 73 |
| iv_501-iv_507 | 2083 | 4504 | 29 | 88 |
| iv_499-iv_502 | 2076 | 4338 | 56 | 75 |
| iv_502-iv_503 | 2073 | 4331 | 50 | 79 |
| iv_497-iv_499 | 2072 | 4341 | 50 | 83 |
| iv_500-iv_503 | 2071 | 4250 | 50 | 72 |
| iv_499-iv_508 | 2066 | 4290 | 52 | 81 |
| iv_499-iv_507 | 2062 | 4560 | 47 | 74 |
| iv_497-iv_503 | 2061 | 4350 | 49 | 77 |
| iv_501-iv_502 | 2060 | 4356 | 42 | 81 |
| iv_500-iv_502 | 2058 | 4293 | 48 | 77 |
| iv_497-iv_501 | 2058 | 4355 | 33 | 95 |
| iv_499-iv_504 | 2054 | 4230 | 52 | 72 |
| iv_499-iv_503 | 2047 | 4379 | 55 | 76 |

### Input Bit Co-occurrences Sorted by Potential Occurrences

| Input Bits | Co-occurrences | Potential Occurrences | Output Co-occurrences | Potential Output Occurrences |
|:----------:|:--------------:|:---------------------:|:---------------------:|:----------------------------:|
| iv_498-iv_506 | 1891 | 4226 | 42 | 75 |
| iv_499-iv_504 | 2054 | 4230 | 52 | 72 |
| iv_498-iv_500 | 1982 | 4236 | 44 | 72 |
| iv_504-iv_505 | 1936 | 4244 | 40 | 72 |
| iv_500-iv_503 | 2071 | 4250 | 50 | 72 |
| iv_501-iv_505 | 2000 | 4250 | 37 | 74 |
| iv_500-iv_509 | 2042 | 4254 | 46 | 68 |
| iv_501-iv_504 | 2028 | 4268 | 38 | 78 |
| iv_498-iv_501 | 1999 | 4269 | 40 | 72 |
| iv_500-iv_504 | 1993 | 4271 | 47 | 68 |
| iv_506-iv_509 | 1935 | 4276 | 41 | 77 |
| iv_502-iv_504 | 2027 | 4288 | 44 | 81 |
| iv_499-iv_508 | 2066 | 4290 | 52 | 81 |
| iv_500-iv_502 | 2058 | 4293 | 48 | 77 |

### Input Bit Output Co-occurrences Sorted by Output Co-occurrences

| Input Bits | Co-occurrences | Potential Occurrences | Output Co-occurrences | Potential Output Occurrences |
|:----------:|:--------------:|:---------------------:|:---------------------:|:----------------------------:|
| iv_499-iv_502 | 2076 | 4338 | 56 | 75 |
| iv_499-iv_503 | 2047 | 4379 | 55 | 76 |
| iv_499-iv_508 | 2066 | 4290 | 52 | 81 |
| iv_499-iv_504 | 2054 | 4230 | 52 | 72 |
| iv_499-iv_506 | 1928 | 4357 | 51 | 77 |
| iv_497-iv_502 | 2044 | 4401 | 50 | 76 |
| iv_502-iv_503 | 2073 | 4331 | 50 | 79 |
| iv_500-iv_503 | 2071 | 4250 | 50 | 72 |
| iv_499-iv_501 | 2022 | 4428 | 50 | 72 |
| iv_502-iv_508 | 2039 | 4348 | 50 | 78 |
| iv_497-iv_499 | 2072 | 4341 | 50 | 83 |
| iv_497-iv_503 | 2061 | 4350 | 49 | 77 |
| iv_498-iv_502 | 1931 | 4423 | 49 | 69 |
| iv_499-iv_500 | 2009 | 4387 | 49 | 82 |

### Input Bit Output Co-occurrences Sorted by Potential Output Occurrences

| Input Bits | Co-occurrences | Potential Occurrences | Output Co-occurrences | Potential Output Occurrences |
|:----------:|:--------------:|:---------------------:|:---------------------:|:----------------------------:|
| iv_500-iv_507 | 1966 | 4671 | 45 | 64 |
| iv_500-iv_509 | 2042 | 4254 | 46 | 68 |
| iv_500-iv_504 | 1993 | 4271 | 47 | 68 |
| iv_498-iv_502 | 1931 | 4423 | 49 | 69 |
| iv_506-iv_511 | 1925 | 4322 | 44 | 70 |
| iv_498-iv_501 | 1999 | 4269 | 40 | 72 |
| iv_500-iv_503 | 2071 | 4250 | 50 | 72 |
| iv_499-iv_501 | 2022 | 4428 | 50 | 72 |
| iv_498-iv_500 | 1982 | 4236 | 44 | 72 |
| iv_499-iv_504 | 2054 | 4230 | 52 | 72 |
| iv_504-iv_505 | 1936 | 4244 | 40 | 72 |
| iv_507-iv_508 | 1994 | 4632 | 43 | 73 |
| iv_502-iv_507 | 2093 | 4502 | 44 | 73 |
| iv_503-iv_507 | 1982 | 4707 | 43 | 74 |

## Output Bits

### Output Bits in Regular Order

| Rank | Output Bit | Complexity |
|:----:|:----------:|:----------:|
| 1 | ov_001 | 2.0706682993924538 × 10^309 |
| 2 | ov_002 | 1.8029241484957 × 10^309 |
| 3 | ov_003 | 1.5624744232825716 × 10^309 |
| 4 | ov_004 | 1.3472727298899348 × 10^309 |
| 5 | ov_005 | 1.1553852345271089 × 10^309 |
| 6 | ov_006 | 9.849827104876611 × 10^308 |
| 7 | ov_007 | 8.343335922604594 × 10^308 |
| 8 | ov_008 | 7.017979569663758 × 10^308 |
| 9 | ov_009 | 5.858223585631581 × 10^308 |
| 10 | ov_010 | 4.849354338278235 × 10^308 |
| 11 | ov_011 | 3.9774419826070855 × 10^308 |
| 12 | ov_012 | 3.229309547878735 × 10^308 |
| 13 | ov_013 | 2.5925074276698133 × 10^308 |
| 14 | ov_014 | 2.055292593482034 × 10^308 |
| 15 | ov_015 | 1.6066118972483838 × 10^308 |
| 16 | ov_016 | 1.2360888724377234 × 10^308 |
| 17 | ov_017 | 9.340134874638194 × 10^307 |
| 18 | ov_018 | 6.913343488617411 × 10^307 |
| 19 | ov_019 | 4.9965289528252225 × 10^307 |
| 20 | ov_020 | 3.5121916683505575 × 10^307 |
| 21 | ov_021 | 2.389287955475825 × 10^307 |
| 22 | ov_022 | 1.563209417578154 × 10^307 |
| 23 | ov_023 | 9.757694458795461 × 10^306 |
| 24 | ov_024 | 5.751947203847902 × 10^306 |
| 25 | ov_025 | 3.1612008150588454 × 10^306 |
| 26 | ov_026 | 1.5958571835510736 × 10^306 |
| 27 | ov_027 | 7.303584443934561 × 10^305 |
| 28 | ov_028 | 3.031817488360779 × 10^305 |
| 29 | ov_029 | 1.168375795956468 × 10^305 |
| 30 | ov_030 | 3.5722219882819675 × 10^304 |
| 31 | ov_031 | 6.968466257181043 × 10^303 |
| 32 | lv_80_m31 | 1.3591167310512397 × 10^303 |
| 33 | ov_033 | 1.6444149369206616 × 10^304 |
| 34 | ov_034 | 1.4297039350770446 × 10^304 |
| 35 | ov_035 | 1.2371962511699731 × 10^304 |
| 36 | ov_036 | 1.0651604990910802 × 10^304 |
| 37 | ov_037 | 9.119605658290972 × 10^303 |
| 38 | ov_038 | 7.760488927147572 × 10^303 |
| 39 | ov_039 | 6.559606193296651 × 10^303 |
| 40 | ov_040 | 5.5030851193080246 × 10^303 |
| 41 | ov_041 | 4.577786023267735 × 10^303 |
| 42 | ov_042 | 3.771264670907337 × 10^303 |
| 43 | ov_043 | 3.07746853492715 × 10^303 |
| 44 | ov_044 | 2.485254990015587 × 10^303 |
| 45 | ov_045 | 1.9840972147135595 × 10^303 |
| 46 | ov_046 | 1.5640663419274434 × 10^303 |
| 47 | ov_047 | 1.2158170688191712 × 10^303 |
| 48 | ov_048 | 9.305762460260799 × 10^302 |
| 49 | ov_049 | 7.001340017923554 × 10^302 |
| 50 | ov_050 | 5.168369921102083 × 10^302 |
| 51 | ov_051 | 3.73583403410177 × 10^302 |
| 52 | ov_052 | 2.638193697299746 × 10^302 |
| 53 | ov_053 | 1.8153650164559664 × 10^302 |
| 54 | ov_054 | 1.2127025957840827 × 10^302 |
| 55 | ov_055 | 7.809893940631156 × 10^301 |
| 56 | ov_056 | 4.7643073612287377 × 10^301 |
| 57 | ov_057 | 2.784843310638232 × 10^301 |
| 58 | ov_058 | 1.541916037128212 × 10^301 |
| 59 | ov_059 | 7.601017175177126 × 10^300 |
| 60 | ov_060 | 3.152281880406366 × 10^300 |
| 61 | ov_061 | 1.1020170707528159 × 10^300 |
| 62 | ov_062 | 3.0256230905091662 × 10^299 |
| 63 | ov_063 | 5.902627044157209 × 10^298 |
| 64 | lv_79_m31 | 1.151296631663979 × 10^298 |
| 65 | ov_065 | 1.391869960082025 × 10^299 |
| 66 | ov_066 | 1.3918661476082844 × 10^299 |
| 67 | ov_067 | 1.3918652257990348 × 10^299 |
| 68 | ov_068 | 1.2105726072578275 × 10^299 |
| 69 | ov_069 | 1.0478183040706871 × 10^299 |
| 70 | ov_070 | 9.022222383678546 × 10^298 |
| 71 | ov_071 | 7.724781866639904 × 10^298 |
| 72 | ov_072 | 6.573485234814958 × 10^298 |
| 73 | ov_073 | 5.556596925011818 × 10^298 |
| 74 | ov_074 | 4.6629833553893823 × 10^298 |
| 75 | ov_075 | 3.8820801337656935 × 10^298 |
| 76 | ov_076 | 3.2038645605553496 × 10^298 |
| 77 | ov_077 | 2.618832836993066 × 10^298 |
| 78 | ov_078 | 2.1179814228568964 × 10^298 |
| 79 | ov_079 | 1.692792020641504 × 10^298 |
| 80 | ov_080 | 1.3352196952166042 × 10^298 |
| 81 | ov_081 | 1.0376836695806661 × 10^298 |
| 82 | ov_082 | 7.930603685050156 × 10^297 |
| 83 | ov_083 | 5.9467831275753505 × 10^297 |
| 84 | ov_084 | 4.363144972784473 × 10^297 |
| 85 | ov_085 | 3.1219191721649434 × 10^297 |
| 86 | ov_086 | 2.1697793617066 × 10^297 |
| 87 | ov_087 | 1.4578322135594643 × 10^297 |
| 88 | ov_088 | 9.416102189410175 × 10^296 |
| 89 | ov_089 | 5.8106656399301745 × 10^296 |
| 90 | ov_090 | 3.4057154626798 × 10^296 |
| 91 | ov_091 | 1.8891022890334926 × 10^296 |
| 92 | ov_092 | 9.928103209136647 × 10^295 |
| 93 | ov_093 | 4.929497641036488 × 10^295 |
| 94 | ov_094 | 2.0975331350698095 × 10^295 |
| 95 | aaa_78_28 | 6.436768391037418 × 10^294 |
| 96 | aaa_78_29 | 1.9574446300101267 × 10^294 |
| 97 | ov_097 | 1.0825623639014683 × 10^294 |
| 98 | ov_098 | 1.0825573299988998 × 10^294 |
| 99 | ov_099 | 1.0825557200829225 × 10^294 |
| 100 | ov_100 | 9.333397268425672 × 10^293 |
| 101 | ov_101 | 8.001843454425222 × 10^293 |
| 102 | ov_102 | 6.818430089554158 × 10^293 |
| 103 | ov_103 | 5.771384099250935 × 10^293 |
| 104 | ov_104 | 4.8495748493199075 × 10^293 |
| 105 | ov_105 | 4.0424702912595506 × 10^293 |
| 106 | ov_106 | 3.3400988463448325 × 10^293 |
| 107 | ov_107 | 2.7330164971852902 × 10^293 |
| 108 | ov_108 | 2.212278583972724 × 10^293 |
| 109 | ov_109 | 1.7694158301808002 × 10^293 |
| 110 | ov_110 | 1.3964141492621315 × 10^293 |
| 111 | ov_111 | 1.0856978100622213 × 10^293 |
| 112 | ov_112 | 8.301155643670372 × 10^292 |
| 113 | ov_113 | 6.229293653342673 × 10^292 |
| 114 | ov_114 | 4.57805330620601 × 10^292 |
| 115 | ov_115 | 3.288066288843846 × 10^292 |
| 116 | ov_116 | 2.303879930745184 × 10^292 |
| 117 | ov_117 | 1.5739158855817072 × 10^292 |
| 118 | ov_118 | 1.0504398872504262 × 10^292 |
| 119 | ov_119 | 6.895403525748785 × 10^291 |
| 120 | ov_120 | 4.511138478881747 × 10^291 |
| 121 | ov_121 | 2.9885568195618975 × 10^291 |
| 122 | ov_122 | 2.002541328876618 × 10^291 |
| 123 | ov_123 | 1.2658706184356459 × 10^291 |
| 124 | ov_124 | 7.406781586014326 × 10^290 |
| 125 | ov_125 | 3.89101826604578 × 10^290 |
| 126 | ov_126 | 1.7328100952290496 × 10^290 |
| 127 | aaa_77_28 | 5.535549053622964 × 10^289 |
| 128 | aaa_77_29 | 2.0765460384706767 × 10^289 |
| 129 | ov_129 | 1.9490865260924218 × 10^289 |
| 130 | ov_130 | 1.9490811539168868 × 10^289 |
| 131 | ov_131 | 1.9490798530825294 × 10^289 |
| 132 | ov_132 | 1.6955931161733465 × 10^289 |
| 133 | ov_133 | 1.4680407597701006 × 10^289 |
| 134 | ov_134 | 1.2644796146702404 × 10^289 |
| 135 | ov_135 | 1.0830725533335702 × 10^289 |
| 136 | ov_136 | 9.220809555833843 × 10^288 |
| 137 | ov_137 | 7.798581665568895 × 10^288 |
| 138 | ov_138 | 6.548438555054176 × 10^288 |
| 139 | ov_139 | 5.455591888209391 × 10^288 |
| 140 | ov_140 | 4.506027352822257 × 10^288 |
| 141 | ov_141 | 3.686470260033911 × 10^288 |
| 142 | ov_142 | 2.9843569595674965 × 10^288 |
| 143 | ov_143 | 2.387811382541173 × 10^288 |
| 144 | ov_144 | 1.885626066251639 × 10^288 |
| 145 | ov_145 | 1.467247057439741 × 10^288 |
| 146 | ov_146 | 1.1227621323813769 × 10^288 |
| 147 | ov_147 | 8.42891813780589 × 10^287 |
| 148 | ov_148 | 6.18982705948059 × 10^287 |
| 149 | ov_149 | 4.430027111761825 × 10^287 |
| 150 | ov_150 | 3.075377316039813 × 10^287 |
| 151 | ov_151 | 2.0578950222069204 × 10^287 |
| 152 | ov_152 | 1.3157424199688906 × 10^287 |
| 153 | ov_153 | 7.932186327695882 × 10^286 |
| 154 | ov_154 | 4.407554452056028 × 10^286 |
| 155 | ov_155 | 2.1491518775313095 × 10^286 |
| 156 | aaa_76_25 | 7.838974978486457 × 10^285 |
| 157 | aaa_76_26 | 4.530438320807291 × 10^285 |
| 158 | aaa_76_27 | 2.3212002357536755 × 10^285 |
| 159 | aaa_76_28 | 9.048272160313411 × 10^284 |
| 160 | aaa_76_29 | 2.7550705175033936 × 10^284 |

### Output Bits Sorted by Complexity

| Rank | Output Bit | Complexity |
|:----:|:----------:|:----------:|
| 160 | aaa_76_29 | 2.7550705175033936 × 10^284 |
| 159 | aaa_76_28 | 9.048272160313411 × 10^284 |
| 158 | aaa_76_27 | 2.3212002357536755 × 10^285 |
| 157 | aaa_76_26 | 4.530438320807291 × 10^285 |
| 156 | aaa_76_25 | 7.838974978486457 × 10^285 |
| 155 | ov_155 | 2.1491518775313095 × 10^286 |
| 154 | ov_154 | 4.407554452056028 × 10^286 |
| 153 | ov_153 | 7.932186327695882 × 10^286 |
| 152 | ov_152 | 1.3157424199688906 × 10^287 |
| 151 | ov_151 | 2.0578950222069204 × 10^287 |
| 150 | ov_150 | 3.075377316039813 × 10^287 |
| 149 | ov_149 | 4.430027111761825 × 10^287 |
| 148 | ov_148 | 6.18982705948059 × 10^287 |
| 147 | ov_147 | 8.42891813780589 × 10^287 |
| 146 | ov_146 | 1.1227621323813769 × 10^288 |
| 145 | ov_145 | 1.467247057439741 × 10^288 |
| 144 | ov_144 | 1.885626066251639 × 10^288 |
| 143 | ov_143 | 2.387811382541173 × 10^288 |
| 142 | ov_142 | 2.9843569595674965 × 10^288 |
| 141 | ov_141 | 3.686470260033911 × 10^288 |
| 140 | ov_140 | 4.506027352822257 × 10^288 |
| 139 | ov_139 | 5.455591888209391 × 10^288 |
| 138 | ov_138 | 6.548438555054176 × 10^288 |
| 137 | ov_137 | 7.798581665568895 × 10^288 |
| 136 | ov_136 | 9.220809555833843 × 10^288 |
| 135 | ov_135 | 1.0830725533335702 × 10^289 |
| 134 | ov_134 | 1.2644796146702404 × 10^289 |
| 133 | ov_133 | 1.4680407597701006 × 10^289 |
| 132 | ov_132 | 1.6955931161733465 × 10^289 |
| 131 | ov_131 | 1.9490798530825294 × 10^289 |
| 130 | ov_130 | 1.9490811539168868 × 10^289 |
| 129 | ov_129 | 1.9490865260924218 × 10^289 |
| 128 | aaa_77_29 | 2.0765460384706767 × 10^289 |
| 127 | aaa_77_28 | 5.535549053622964 × 10^289 |
| 126 | ov_126 | 1.7328100952290496 × 10^290 |
| 125 | ov_125 | 3.89101826604578 × 10^290 |
| 124 | ov_124 | 7.406781586014326 × 10^290 |
| 123 | ov_123 | 1.2658706184356459 × 10^291 |
| 122 | ov_122 | 2.002541328876618 × 10^291 |
| 121 | ov_121 | 2.9885568195618975 × 10^291 |
| 120 | ov_120 | 4.511138478881747 × 10^291 |
| 119 | ov_119 | 6.895403525748785 × 10^291 |
| 118 | ov_118 | 1.0504398872504262 × 10^292 |
| 117 | ov_117 | 1.5739158855817072 × 10^292 |
| 116 | ov_116 | 2.303879930745184 × 10^292 |
| 115 | ov_115 | 3.288066288843846 × 10^292 |
| 114 | ov_114 | 4.57805330620601 × 10^292 |
| 113 | ov_113 | 6.229293653342673 × 10^292 |
| 112 | ov_112 | 8.301155643670372 × 10^292 |
| 111 | ov_111 | 1.0856978100622213 × 10^293 |
| 110 | ov_110 | 1.3964141492621315 × 10^293 |
| 109 | ov_109 | 1.7694158301808002 × 10^293 |
| 108 | ov_108 | 2.212278583972724 × 10^293 |
| 107 | ov_107 | 2.7330164971852902 × 10^293 |
| 106 | ov_106 | 3.3400988463448325 × 10^293 |
| 105 | ov_105 | 4.0424702912595506 × 10^293 |
| 104 | ov_104 | 4.8495748493199075 × 10^293 |
| 103 | ov_103 | 5.771384099250935 × 10^293 |
| 102 | ov_102 | 6.818430089554158 × 10^293 |
| 101 | ov_101 | 8.001843454425222 × 10^293 |
| 100 | ov_100 | 9.333397268425672 × 10^293 |
| 99 | ov_099 | 1.0825557200829225 × 10^294 |
| 98 | ov_098 | 1.0825573299988998 × 10^294 |
| 97 | ov_097 | 1.0825623639014683 × 10^294 |
| 96 | aaa_78_29 | 1.9574446300101267 × 10^294 |
| 95 | aaa_78_28 | 6.436768391037418 × 10^294 |
| 94 | ov_094 | 2.0975331350698095 × 10^295 |
| 93 | ov_093 | 4.929497641036488 × 10^295 |
| 92 | ov_092 | 9.928103209136647 × 10^295 |
| 91 | ov_091 | 1.8891022890334926 × 10^296 |
| 90 | ov_090 | 3.4057154626798 × 10^296 |
| 89 | ov_089 | 5.8106656399301745 × 10^296 |
| 88 | ov_088 | 9.416102189410175 × 10^296 |
| 87 | ov_087 | 1.4578322135594643 × 10^297 |
| 86 | ov_086 | 2.1697793617066 × 10^297 |
| 85 | ov_085 | 3.1219191721649434 × 10^297 |
| 84 | ov_084 | 4.363144972784473 × 10^297 |
| 83 | ov_083 | 5.9467831275753505 × 10^297 |
| 82 | ov_082 | 7.930603685050156 × 10^297 |
| 81 | ov_081 | 1.0376836695806661 × 10^298 |
| 64 | lv_79_m31 | 1.151296631663979 × 10^298 |
| 80 | ov_080 | 1.3352196952166042 × 10^298 |
| 79 | ov_079 | 1.692792020641504 × 10^298 |
| 78 | ov_078 | 2.1179814228568964 × 10^298 |
| 77 | ov_077 | 2.618832836993066 × 10^298 |
| 76 | ov_076 | 3.2038645605553496 × 10^298 |
| 75 | ov_075 | 3.8820801337656935 × 10^298 |
| 74 | ov_074 | 4.6629833553893823 × 10^298 |
| 73 | ov_073 | 5.556596925011818 × 10^298 |
| 63 | ov_063 | 5.902627044157209 × 10^298 |
| 72 | ov_072 | 6.573485234814958 × 10^298 |
| 71 | ov_071 | 7.724781866639904 × 10^298 |
| 70 | ov_070 | 9.022222383678546 × 10^298 |
| 69 | ov_069 | 1.0478183040706871 × 10^299 |
| 68 | ov_068 | 1.2105726072578275 × 10^299 |
| 67 | ov_067 | 1.3918652257990348 × 10^299 |
| 66 | ov_066 | 1.3918661476082844 × 10^299 |
| 65 | ov_065 | 1.391869960082025 × 10^299 |
| 62 | ov_062 | 3.0256230905091662 × 10^299 |
| 61 | ov_061 | 1.1020170707528159 × 10^300 |
| 60 | ov_060 | 3.152281880406366 × 10^300 |
| 59 | ov_059 | 7.601017175177126 × 10^300 |
| 58 | ov_058 | 1.541916037128212 × 10^301 |
| 57 | ov_057 | 2.784843310638232 × 10^301 |
| 56 | ov_056 | 4.7643073612287377 × 10^301 |
| 55 | ov_055 | 7.809893940631156 × 10^301 |
| 54 | ov_054 | 1.2127025957840827 × 10^302 |
| 53 | ov_053 | 1.8153650164559664 × 10^302 |
| 52 | ov_052 | 2.638193697299746 × 10^302 |
| 51 | ov_051 | 3.73583403410177 × 10^302 |
| 50 | ov_050 | 5.168369921102083 × 10^302 |
| 49 | ov_049 | 7.001340017923554 × 10^302 |
| 48 | ov_048 | 9.305762460260799 × 10^302 |
| 47 | ov_047 | 1.2158170688191712 × 10^303 |
| 32 | lv_80_m31 | 1.3591167310512397 × 10^303 |
| 46 | ov_046 | 1.5640663419274434 × 10^303 |
| 45 | ov_045 | 1.9840972147135595 × 10^303 |
| 44 | ov_044 | 2.485254990015587 × 10^303 |
| 43 | ov_043 | 3.07746853492715 × 10^303 |
| 42 | ov_042 | 3.771264670907337 × 10^303 |
| 41 | ov_041 | 4.577786023267735 × 10^303 |
| 40 | ov_040 | 5.5030851193080246 × 10^303 |
| 39 | ov_039 | 6.559606193296651 × 10^303 |
| 31 | ov_031 | 6.968466257181043 × 10^303 |
| 38 | ov_038 | 7.760488927147572 × 10^303 |
| 37 | ov_037 | 9.119605658290972 × 10^303 |
| 36 | ov_036 | 1.0651604990910802 × 10^304 |
| 35 | ov_035 | 1.2371962511699731 × 10^304 |
| 34 | ov_034 | 1.4297039350770446 × 10^304 |
| 33 | ov_033 | 1.6444149369206616 × 10^304 |
| 30 | ov_030 | 3.5722219882819675 × 10^304 |
| 29 | ov_029 | 1.168375795956468 × 10^305 |
| 28 | ov_028 | 3.031817488360779 × 10^305 |
| 27 | ov_027 | 7.303584443934561 × 10^305 |
| 26 | ov_026 | 1.5958571835510736 × 10^306 |
| 25 | ov_025 | 3.1612008150588454 × 10^306 |
| 24 | ov_024 | 5.751947203847902 × 10^306 |
| 23 | ov_023 | 9.757694458795461 × 10^306 |
| 22 | ov_022 | 1.563209417578154 × 10^307 |
| 21 | ov_021 | 2.389287955475825 × 10^307 |
| 20 | ov_020 | 3.5121916683505575 × 10^307 |
| 19 | ov_019 | 4.9965289528252225 × 10^307 |
| 18 | ov_018 | 6.913343488617411 × 10^307 |
| 17 | ov_017 | 9.340134874638194 × 10^307 |
| 16 | ov_016 | 1.2360888724377234 × 10^308 |
| 15 | ov_015 | 1.6066118972483838 × 10^308 |
| 14 | ov_014 | 2.055292593482034 × 10^308 |
| 13 | ov_013 | 2.5925074276698133 × 10^308 |
| 12 | ov_012 | 3.229309547878735 × 10^308 |
| 11 | ov_011 | 3.9774419826070855 × 10^308 |
| 10 | ov_010 | 4.849354338278235 × 10^308 |
| 9 | ov_009 | 5.858223585631581 × 10^308 |
| 8 | ov_008 | 7.017979569663758 × 10^308 |
| 7 | ov_007 | 8.343335922604594 × 10^308 |
| 6 | ov_006 | 9.849827104876611 × 10^308 |
| 5 | ov_005 | 1.1553852345271089 × 10^309 |
| 4 | ov_004 | 1.3472727298899348 × 10^309 |
| 3 | ov_003 | 1.5624744232825716 × 10^309 |
| 2 | ov_002 | 1.8029241484957 × 10^309 |
| 1 | ov_001 | 2.0706682993924538 × 10^309 |

