# Results for E002006-E005015-F017-F018-F019-F020-F021-F022-F023-F024-F025-F026-F027-F028-F029-F030-F031-F032-F033-F034-F035-F036-F037-F038-F039-F040-F041-F042-F043-F044-F045-F046-F047-F048-F049-F050-F051-F052-F053-F054-F055-F056-F057-F058-F059-F060-F061-F062-F063-F064-F065-F066-F067-F068-F069-F070-F071-F072-F073-F074-F075-F076-F077-F078-F079-F080-F081-F082-F083-F084-F085-F086-F087-F088-F089-F090-F091-F092-F093-F094-F095-F096-F097-F098-F099-F100-F101-F102-F103-F104-F105-F106-F107-F108-F109-F110-F111-F112-F113-F114-F115-F116-F117-F118-F119-F120-F121-F122-F123-F124-F125-F126-F127-F128-F129-F130-F131-F132-F133-F134-F135-F136-F137-F138-F139-F140-F141-F142-F143-F144-F145-F146-F147-F148-F149-F150-F151-F152-F153-F154-F155-F156-F157-F158-F159-F160-F161-F162-F163-F164-F165-F166-F167-F168-F169-F170-F171-F172-F173-F174-F175-F176-F177-F178-F179-F180-F181-F182-F183-F184-F185-F186-F187-F188-F189-F190-F191-F192-F193-F194-F195-F196-F197-F198-F199-F200-F201-F202-F203-F204-F205-F206-F207-F208-F209-F210-F211-F212-F213-F214-F215-F216-F217-F218-F219-F220-F221-F222-F223-F224-F225-F226-F227-F228-F229-F230-F231-F232-F233-F234-F235-F236-F237-F238-F239-F240-F241-F242-F243-F244-F245-F246-F247-F248-F249-F250-F251-F252-F253-F254-F255-F256-F257-F258-F259-F260-F261-F262-F263-F264-F265-F266-F267-F268-F269-F270-F271-F272-F273-F274-F275-F276-F277-F278-F279-F280-F281-F282-F283-F284-F285-F286-F287-F288-F289-F290-F291-F292-F293-F294-F295-F296-F297-F298-F299-F300-F301-F302-F303-F304-F305-F306-F307-F308-F309-F310-F311-F312-F313-F314-F315-F316-F317-F318-F319-F320-F321-F322-F323-F324-F325-F326-F327-F328-F329-F330-F331-F332-F333-F334-F335-F336-F337-F338-F339-F340-F341-F342-F343-F344-F345-F346-F347-F348-F349-F350-F351-F352-F353-F354-F355-F356-F357-F358-F359-F360-F361-F362-F363-F364-F365-F366-F367-F368-F369-F370-F371-F372-F373-F374-F375-F376-F377-F378-F379-F380-F381-F382-F383-F384-F385-F386-F387-F388-F389-F390-F391-F392-F393-F394-F395-F396-F397-F398-F399-F400-F401-F402-F403-F404-F405-F406-F407-F408-F409-F410-F411-F412-F413-F414-F415-F416-F417-F418-F419-F420-F421-F422-F423-F424-F425-F426-F427-F428-F429-F430-F431-F432-F433-F434-F435-F436-F437-F438-F439-F440-F441-F442-F443-F444-F445-F446-F447-F448-F449-F450-F451-F452-F453-F454-F455-F456-F457-F458-F459-F460-F461-F462-F463-F464-F465-F466-F467-F468-F469-F470-F471-F472-F473-F474-F475-F476-F477-F478-F479-F480-F481-F482-F483-F484-F485-F486-F487-F488-F489-F490-F491-F492-F493-F494-F495-F496-F497-F498-F499-F500-F501-F502-F503-F504-F505-F506-F507-F508-F509-F510-F511-F512

## Summary

Number of input bits: 512  
Number of free input bits: 14  
Number of output bits: 160

Number of direct occurrences: 63412  
Number of assignments: 39146  
Number of operations: 19117712
(xor: 19080174,
and: 20890,
or: 16648)

Total complexity: 9.266851904631838 × 10^355

Least occurring input variable: iv_012 (4186)  
Most occurring input variable: iv_005 (4764)

Most co-occurring input variables: iv_008-iv_009 (2314)  
Least co-occurring input variables: iv_005-iv_007 (1915)

Potentially most occurring input variable: iv_002/iv_005 (5356)  
Potentially least occurring input variable: iv_008/iv_009 (4446)

Least output occurring input variable: iv_005 (59)  
Most output occurring input variable: iv_012 (86)

Most output co-occurring input variables: iv_009-iv_010 (47)  
Least output co-occurring input variables: iv_002-iv_008 (23)

Potentially most output occurring input variable: iv_002/iv_009 (94)  
Potentially least output occurring input variable: iv_008/iv_014 (66)

Least complex input bit: iv_016 (1.3549242719445727 × 10^352)  
Most complex input bit: iv_005 (2.064434581753165 × 10^355)

Least complex output bit: aaa_76_29 (1.9458926050152486 × 10^331)  
Most complex output bit: ov_001 (1.4186406704213743 × 10^355)

Least complex input/output complexity: iv_016/aaa_76_29 (2.8451270704075837 × 10^327)  
Most complex input/output complexity: iv_005/ov_001 (3.160394586251594 × 10^354)

## Input Bits

### Input Bits in Regular Order

| Input Bit | Complexity | Occurrences | Output Occurrences |
|:---------:|:----------:|:-----------:|:------------------:|
| iv_001 | 4.13724452347215 × 10^352 | 4564 | 75 |
| iv_002 | 2.6602975259727957 × 10^354 | 4700 | 66 |
| iv_003 | 5.1518019291387406 × 10^353 | 4375 | 75 |
| iv_004 | 1.1206106907530885 × 10^354 | 4539 | 77 |
| iv_005 | 2.064434581753165 × 10^355 | 4764 | 59 |
| iv_007 | 3.2179063101570664 × 10^354 | 4355 | 81 |
| iv_008 | 4.0528688563103235 × 10^354 | 4446 | 69 |
| iv_009 | 5.094802507937976 × 10^354 | 4628 | 84 |
| iv_010 | 6.503271448802386 × 10^354 | 4481 | 83 |
| iv_011 | 8.489148648421026 × 10^354 | 4647 | 63 |
| iv_012 | 1.0738548834968063 × 10^355 | 4186 | 86 |
| iv_013 | 1.330946366019849 × 10^355 | 4538 | 78 |
| iv_014 | 1.6267152864397611 × 10^355 | 4685 | 83 |
| iv_016 | 1.3549242719445727 × 10^352 | 4504 | 79 |

### Input Bits Sorted by Complexity

| Input Bit | Complexity | Occurrences | Output Occurrences |
|:---------:|:----------:|:-----------:|:------------------:|
| iv_016 | 1.3549242719445727 × 10^352 | 4504 | 79 |
| iv_001 | 4.13724452347215 × 10^352 | 4564 | 75 |
| iv_003 | 5.1518019291387406 × 10^353 | 4375 | 75 |
| iv_004 | 1.1206106907530885 × 10^354 | 4539 | 77 |
| iv_002 | 2.6602975259727957 × 10^354 | 4700 | 66 |
| iv_007 | 3.2179063101570664 × 10^354 | 4355 | 81 |
| iv_008 | 4.0528688563103235 × 10^354 | 4446 | 69 |
| iv_009 | 5.094802507937976 × 10^354 | 4628 | 84 |
| iv_010 | 6.503271448802386 × 10^354 | 4481 | 83 |
| iv_011 | 8.489148648421026 × 10^354 | 4647 | 63 |
| iv_012 | 1.0738548834968063 × 10^355 | 4186 | 86 |
| iv_013 | 1.330946366019849 × 10^355 | 4538 | 78 |
| iv_014 | 1.6267152864397611 × 10^355 | 4685 | 83 |
| iv_005 | 2.064434581753165 × 10^355 | 4764 | 59 |

### Input Bits Sorted by Occurrences

| Input Bit | Complexity | Occurrences | Output Occurrences |
|:---------:|:----------:|:-----------:|:------------------:|
| iv_012 | 1.0738548834968063 × 10^355 | 4186 | 86 |
| iv_007 | 3.2179063101570664 × 10^354 | 4355 | 81 |
| iv_003 | 5.1518019291387406 × 10^353 | 4375 | 75 |
| iv_008 | 4.0528688563103235 × 10^354 | 4446 | 69 |
| iv_010 | 6.503271448802386 × 10^354 | 4481 | 83 |
| iv_016 | 1.3549242719445727 × 10^352 | 4504 | 79 |
| iv_013 | 1.330946366019849 × 10^355 | 4538 | 78 |
| iv_004 | 1.1206106907530885 × 10^354 | 4539 | 77 |
| iv_001 | 4.13724452347215 × 10^352 | 4564 | 75 |
| iv_009 | 5.094802507937976 × 10^354 | 4628 | 84 |
| iv_011 | 8.489148648421026 × 10^354 | 4647 | 63 |
| iv_014 | 1.6267152864397611 × 10^355 | 4685 | 83 |
| iv_002 | 2.6602975259727957 × 10^354 | 4700 | 66 |
| iv_005 | 2.064434581753165 × 10^355 | 4764 | 59 |

### Input Bits Sorted by Output Occurrences

| Input Bit | Complexity | Occurrences | Output Occurrences |
|:---------:|:----------:|:-----------:|:------------------:|
| iv_005 | 2.064434581753165 × 10^355 | 4764 | 59 |
| iv_011 | 8.489148648421026 × 10^354 | 4647 | 63 |
| iv_002 | 2.6602975259727957 × 10^354 | 4700 | 66 |
| iv_008 | 4.0528688563103235 × 10^354 | 4446 | 69 |
| iv_003 | 5.1518019291387406 × 10^353 | 4375 | 75 |
| iv_001 | 4.13724452347215 × 10^352 | 4564 | 75 |
| iv_004 | 1.1206106907530885 × 10^354 | 4539 | 77 |
| iv_013 | 1.330946366019849 × 10^355 | 4538 | 78 |
| iv_016 | 1.3549242719445727 × 10^352 | 4504 | 79 |
| iv_007 | 3.2179063101570664 × 10^354 | 4355 | 81 |
| iv_010 | 6.503271448802386 × 10^354 | 4481 | 83 |
| iv_014 | 1.6267152864397611 × 10^355 | 4685 | 83 |
| iv_009 | 5.094802507937976 × 10^354 | 4628 | 84 |
| iv_012 | 1.0738548834968063 × 10^355 | 4186 | 86 |

## Input Bit Co-occurrences

### Input Bit Co-occurrences Sorted by Co-occurrences

| Input Bits | Co-occurrences | Potential Occurrences | Output Co-occurrences | Potential Output Occurrences |
|:----------:|:--------------:|:---------------------:|:---------------------:|:----------------------------:|
| iv_008-iv_009 | 2314 | 4446 | 38 | 77 |
| iv_009-iv_014 | 2273 | 4767 | 45 | 77 |
| iv_009-iv_011 | 2246 | 4783 | 33 | 81 |
| iv_004-iv_009 | 2237 | 4693 | 44 | 73 |
| iv_009-iv_010 | 2234 | 4641 | 47 | 73 |
| iv_013-iv_014 | 2203 | 4817 | 40 | 81 |
| iv_004-iv_014 | 2203 | 4818 | 41 | 78 |
| iv_008-iv_014 | 2197 | 4737 | 43 | 66 |
| iv_003-iv_004 | 2188 | 4538 | 38 | 76 |
| iv_003-iv_013 | 2188 | 4537 | 36 | 81 |
| iv_005-iv_009 | 2185 | 5022 | 31 | 81 |
| iv_001-iv_016 | 2182 | 4704 | 37 | 80 |
| iv_008-iv_013 | 2180 | 4624 | 34 | 79 |
| iv_011-iv_016 | 2180 | 4791 | 26 | 90 |

### Input Bit Co-occurrences Sorted by Potential Occurrences

| Input Bits | Co-occurrences | Potential Occurrences | Output Co-occurrences | Potential Output Occurrences |
|:----------:|:--------------:|:---------------------:|:---------------------:|:----------------------------:|
| iv_008-iv_009 | 2314 | 4446 | 38 | 77 |
| iv_007-iv_012 | 2027 | 4487 | 45 | 77 |
| iv_003-iv_012 | 2037 | 4487 | 42 | 77 |
| iv_003-iv_013 | 2188 | 4537 | 36 | 81 |
| iv_003-iv_004 | 2188 | 4538 | 38 | 76 |
| iv_003-iv_008 | 2141 | 4539 | 34 | 76 |
| iv_008-iv_012 | 2031 | 4570 | 37 | 81 |
| iv_003-iv_007 | 2056 | 4618 | 42 | 72 |
| iv_008-iv_013 | 2180 | 4624 | 34 | 79 |
| iv_012-iv_013 | 2047 | 4630 | 42 | 80 |
| iv_009-iv_010 | 2234 | 4641 | 47 | 73 |
| iv_007-iv_010 | 2086 | 4664 | 41 | 82 |
| iv_001-iv_007 | 2121 | 4677 | 40 | 76 |
| iv_004-iv_007 | 2103 | 4688 | 35 | 88 |

### Input Bit Output Co-occurrences Sorted by Output Co-occurrences

| Input Bits | Co-occurrences | Potential Occurrences | Output Co-occurrences | Potential Output Occurrences |
|:----------:|:--------------:|:---------------------:|:---------------------:|:----------------------------:|
| iv_009-iv_010 | 2234 | 4641 | 47 | 73 |
| iv_001-iv_009 | 2166 | 4860 | 46 | 67 |
| iv_009-iv_014 | 2273 | 4767 | 45 | 77 |
| iv_007-iv_012 | 2027 | 4487 | 45 | 77 |
| iv_010-iv_014 | 2178 | 4810 | 44 | 78 |
| iv_004-iv_010 | 2128 | 4764 | 44 | 72 |
| iv_001-iv_010 | 2110 | 4825 | 44 | 70 |
| iv_004-iv_009 | 2237 | 4693 | 44 | 73 |
| iv_009-iv_012 | 2053 | 4708 | 44 | 82 |
| iv_004-iv_012 | 1968 | 4789 | 43 | 77 |
| iv_008-iv_014 | 2197 | 4737 | 43 | 66 |
| iv_012-iv_014 | 2042 | 4787 | 43 | 83 |
| iv_007-iv_009 | 2115 | 4753 | 42 | 81 |
| iv_007-iv_014 | 2108 | 4824 | 42 | 80 |

### Input Bit Output Co-occurrences Sorted by Potential Output Occurrences

| Input Bits | Co-occurrences | Potential Occurrences | Output Co-occurrences | Potential Output Occurrences |
|:----------:|:--------------:|:---------------------:|:---------------------:|:----------------------------:|
| iv_008-iv_014 | 2197 | 4737 | 43 | 66 |
| iv_001-iv_009 | 2166 | 4860 | 46 | 67 |
| iv_004-iv_011 | 2066 | 5054 | 36 | 68 |
| iv_002-iv_005 | 2054 | 5356 | 28 | 69 |
| iv_001-iv_010 | 2110 | 4825 | 44 | 70 |
| iv_005-iv_011 | 2057 | 5297 | 26 | 70 |
| iv_002-iv_013 | 2129 | 4980 | 37 | 70 |
| iv_004-iv_013 | 2141 | 4795 | 42 | 71 |
| iv_004-iv_010 | 2128 | 4764 | 44 | 72 |
| iv_003-iv_007 | 2056 | 4618 | 42 | 72 |
| iv_001-iv_003 | 2012 | 4915 | 39 | 72 |
| iv_009-iv_010 | 2234 | 4641 | 47 | 73 |
| iv_004-iv_009 | 2237 | 4693 | 44 | 73 |
| iv_002-iv_011 | 2155 | 5037 | 28 | 73 |

## Output Bits

### Output Bits in Regular Order

| Rank | Output Bit | Complexity |
|:----:|:----------:|:----------:|
| 1 | ov_001 | 1.4186406704213743 × 10^355 |
| 2 | ov_002 | 1.2387501669035175 × 10^355 |
| 3 | ov_003 | 1.0770700615340294 × 10^355 |
| 4 | ov_004 | 9.321579368835952 × 10^354 |
| 5 | ov_005 | 8.026519690792824 × 10^354 |
| 6 | ov_006 | 6.872653199394835 × 10^354 |
| 7 | ov_007 | 5.847811971151528 × 10^354 |
| 8 | ov_008 | 4.940485157214923 × 10^354 |
| 9 | ov_009 | 4.1397811060428034 × 10^354 |
| 10 | ov_010 | 3.435394631102231 × 10^354 |
| 11 | ov_011 | 2.822315975722206 × 10^354 |
| 12 | ov_012 | 2.295808255766423 × 10^354 |
| 13 | ov_013 | 1.8471753157291063 × 10^354 |
| 14 | ov_014 | 1.4682203281432835 × 10^354 |
| 15 | ov_015 | 1.1512326847047589 × 10^354 |
| 16 | ov_016 | 8.88977493379132 × 10^353 |
| 17 | ov_017 | 6.746873038114499 × 10^353 |
| 18 | ov_018 | 5.0205571436659146 × 10^353 |
| 19 | ov_019 | 3.652325446843322 × 10^353 |
| 20 | ov_020 | 2.5882028784747598 × 10^353 |
| 21 | ov_021 | 1.77871586228797 × 10^353 |
| 22 | ov_022 | 1.1788750488029847 × 10^353 |
| 23 | ov_023 | 7.48164060172314 × 10^352 |
| 24 | ov_024 | 4.50532577741126 × 10^352 |
| 25 | ov_025 | 2.5439240000812573 × 10^352 |
| 26 | ov_026 | 1.3261539324364284 × 10^352 |
| 27 | ov_027 | 6.253254339781453 × 10^351 |
| 28 | ov_028 | 2.593357913395528 × 10^351 |
| 29 | ov_029 | 9.066849401738812 × 10^350 |
| 30 | ov_030 | 2.4897158654480168 × 10^350 |
| 31 | ov_031 | 4.858367752927894 × 10^349 |
| 32 | lv_80_m31 | 9.479261740566324 × 10^348 |
| 33 | ov_033 | 1.173628681766466 × 10^350 |
| 34 | ov_034 | 1.0240520045636398 × 10^350 |
| 35 | ov_035 | 8.900720477637352 × 10^349 |
| 36 | ov_036 | 7.7036850716496 × 10^349 |
| 37 | ov_037 | 6.637022018188264 × 10^349 |
| 38 | ov_038 | 5.689095843005529 × 10^349 |
| 39 | ov_039 | 4.848977388149908 × 10^349 |
| 40 | ov_040 | 4.1063984072717524 × 10^349 |
| 41 | ov_041 | 3.4517105221014407 × 10^349 |
| 42 | ov_042 | 2.8758482962232653 × 10^349 |
| 43 | ov_043 | 2.3702961898459823 × 10^349 |
| 44 | ov_044 | 1.930930011860943 × 10^349 |
| 45 | ov_045 | 1.5538789158428214 × 10^349 |
| 46 | ov_046 | 1.2355132442476332 × 10^349 |
| 47 | ov_047 | 9.692562534877974 × 10^348 |
| 48 | ov_048 | 7.489661830869028 × 10^348 |
| 49 | ov_049 | 5.689218035098767 × 10^348 |
| 50 | ov_050 | 4.238103066963112 × 10^348 |
| 51 | ov_051 | 3.0871732699045123 × 10^348 |
| 52 | ov_052 | 2.1911888070127066 × 10^348 |
| 53 | ov_053 | 1.5087501286159777 × 10^348 |
| 54 | ov_054 | 1.0022493995051081 × 10^348 |
| 55 | ov_055 | 6.378347744843079 × 10^347 |
| 56 | ov_056 | 3.853854114642609 × 10^347 |
| 57 | ov_057 | 2.1849511155105188 × 10^347 |
| 58 | ov_058 | 1.1446249332829818 × 10^347 |
| 59 | ov_059 | 5.42857126033065 × 10^346 |
| 60 | ov_060 | 2.2660008651722682 × 10^346 |
| 61 | ov_061 | 7.976765049462936 × 10^345 |
| 62 | ov_062 | 2.2057227993078117 × 10^345 |
| 63 | ov_063 | 4.336697789021999 × 10^344 |
| 64 | lv_79_m31 | 8.525605982493124 × 10^343 |
| 65 | ov_065 | 1.1688916227071253 × 10^345 |
| 66 | ov_066 | 1.1688564395795593 × 10^345 |
| 67 | ov_067 | 1.1688451767428395 × 10^345 |
| 68 | ov_068 | 1.0513431331282769 × 10^345 |
| 69 | ov_069 | 9.426079148696557 × 10^344 |
| 70 | ov_070 | 8.421463909748753 × 10^344 |
| 71 | ov_071 | 7.495008517282868 × 10^344 |
| 72 | ov_072 | 6.642447918114169 × 10^344 |
| 73 | ov_073 | 5.859791006485703 × 10^344 |
| 74 | ov_074 | 5.1432859343228906 × 10^344 |
| 75 | ov_075 | 4.4893877572605544 × 10^344 |
| 76 | ov_076 | 3.894728235054994 × 10^344 |
| 77 | ov_077 | 3.356088442708918 × 10^344 |
| 78 | ov_078 | 2.8703744138807264 × 10^344 |
| 79 | ov_079 | 2.4345956276335484 × 10^344 |
| 80 | ov_080 | 2.045846153408814 × 10^344 |
| 81 | ov_081 | 1.7012882720827127 × 10^344 |
| 82 | ov_082 | 1.3981383932212756 × 10^344 |
| 83 | ov_083 | 1.1336550903124615 × 10^344 |
| 84 | ov_084 | 9.05129076936137 × 10^343 |
| 85 | ov_085 | 7.098749476445566 × 10^343 |
| 86 | ov_086 | 5.452245078579224 × 10^343 |
| 87 | ov_087 | 4.085215174090737 × 10^343 |
| 88 | ov_088 | 2.97117672564059 × 10^343 |
| 89 | ov_089 | 2.0836965144848683 × 10^343 |
| 90 | ov_090 | 1.3963704785516145 × 10^343 |
| 91 | ov_091 | 8.828101842627116 × 10^342 |
| 92 | ov_092 | 5.166346968919295 × 10^342 |
| 93 | ov_093 | 2.7146620138323764 × 10^342 |
| 94 | ov_094 | 1.209279510564761 × 10^342 |
| 95 | aaa_78_28 | 3.86434795264781 × 10^341 |
| 96 | aaa_78_29 | 1.4504377910889612 × 10^341 |
| 97 | ov_097 | 1.386097491400972 × 10^341 |
| 98 | ov_098 | 1.386093693090314 × 10^341 |
| 99 | ov_099 | 1.386092773523245 × 10^341 |
| 100 | ov_100 | 1.2097304673410833 × 10^341 |
| 101 | ov_101 | 1.0513663662852887 × 10^341 |
| 102 | ov_102 | 9.095714848557154 × 10^340 |
| 103 | ov_103 | 7.829969436262001 × 10^340 |
| 104 | ov_104 | 6.703685764179777 × 10^340 |
| 105 | ov_105 | 5.704821880041959 × 10^340 |
| 106 | ov_106 | 4.821993840451044 × 10^340 |
| 107 | ov_107 | 4.044439034245725 × 10^340 |
| 108 | ov_108 | 3.361983994077687 × 10^340 |
| 109 | ov_109 | 2.76501631410008 × 10^340 |
| 110 | ov_110 | 2.248866792841581 × 10^340 |
| 111 | ov_111 | 1.809128992409586 × 10^340 |
| 112 | ov_112 | 1.4377415907894309 × 10^340 |
| 113 | ov_113 | 1.1271269672902428 × 10^340 |
| 114 | ov_114 | 8.701792447126949 × 10^339 |
| 115 | ov_115 | 6.602547807598174 × 10^339 |
| 116 | ov_116 | 4.91164809915572 × 10^339 |
| 117 | ov_117 | 3.5716989450491696 × 10^339 |
| 118 | ov_118 | 2.5297585334076415 × 10^339 |
| 119 | ov_119 | 1.7373087104169496 × 10^339 |
| 120 | ov_120 | 1.1502352573132535 × 10^339 |
| 121 | ov_121 | 7.288150742890557 × 10^338 |
| 122 | ov_122 | 4.377083402484468 × 10^338 |
| 123 | ov_123 | 2.459540631210612 × 10^338 |
| 124 | ov_124 | 1.2696777973975381 × 10^338 |
| 125 | ov_125 | 5.854049857866583 × 10^337 |
| 126 | ov_126 | 2.2838282249430737 × 10^337 |
| 127 | aaa_77_28 | 6.402112885048732 × 10^336 |
| 128 | aaa_77_29 | 1.9484353193593475 × 10^336 |
| 129 | ov_129 | 1.1612798048002541 × 10^336 |
| 130 | ov_130 | 1.1612760058242102 × 10^336 |
| 131 | ov_131 | 1.1612750843210295 × 10^336 |
| 132 | ov_132 | 1.013416608983569 × 10^336 |
| 133 | ov_133 | 8.815828117699471 × 10^335 |
| 134 | ov_134 | 7.643545913777381 × 10^335 |
| 135 | ov_135 | 6.6039364619356 × 10^335 |
| 136 | ov_136 | 5.684369393272812 × 10^335 |
| 137 | ov_137 | 4.8729177247100513 × 10^335 |
| 138 | ov_138 | 4.1583141043721005 × 10^335 |
| 139 | ov_139 | 3.529912148199618 × 10^335 |
| 140 | ov_140 | 2.9776525198509514 × 10^335 |
| 141 | ov_141 | 2.492033425478015 × 10^335 |
| 142 | ov_142 | 2.0640852138339343 × 10^335 |
| 143 | ov_143 | 1.6894531671593934 × 10^335 |
| 144 | ov_144 | 1.3640329088123026 × 10^335 |
| 145 | ov_145 | 1.083962232994259 × 10^335 |
| 146 | ov_146 | 8.45614488781204 × 10^334 |
| 147 | ov_147 | 6.455933260353409 × 10^334 |
| 148 | ov_148 | 4.8072859911353894 × 10^334 |
| 149 | ov_149 | 3.480732412404444 × 10^334 |
| 150 | ov_150 | 2.4490093930903765 × 10^334 |
| 151 | ov_151 | 1.6641512601611735 × 10^334 |
| 152 | ov_152 | 1.0825427296363727 × 10^334 |
| 153 | ov_153 | 6.649062487456038 × 10^333 |
| 154 | ov_154 | 3.7629423556311113 × 10^333 |
| 155 | ov_155 | 1.8608465529345158 × 10^333 |
| 156 | aaa_76_25 | 6.797876886016228 × 10^332 |
| 157 | aaa_76_26 | 3.5506406422161523 × 10^332 |
| 158 | aaa_76_27 | 1.636715175302208 × 10^332 |
| 159 | aaa_76_28 | 6.384331584503214 × 10^331 |
| 160 | aaa_76_29 | 1.9458926050152486 × 10^331 |

### Output Bits Sorted by Complexity

| Rank | Output Bit | Complexity |
|:----:|:----------:|:----------:|
| 160 | aaa_76_29 | 1.9458926050152486 × 10^331 |
| 159 | aaa_76_28 | 6.384331584503214 × 10^331 |
| 158 | aaa_76_27 | 1.636715175302208 × 10^332 |
| 157 | aaa_76_26 | 3.5506406422161523 × 10^332 |
| 156 | aaa_76_25 | 6.797876886016228 × 10^332 |
| 155 | ov_155 | 1.8608465529345158 × 10^333 |
| 154 | ov_154 | 3.7629423556311113 × 10^333 |
| 153 | ov_153 | 6.649062487456038 × 10^333 |
| 152 | ov_152 | 1.0825427296363727 × 10^334 |
| 151 | ov_151 | 1.6641512601611735 × 10^334 |
| 150 | ov_150 | 2.4490093930903765 × 10^334 |
| 149 | ov_149 | 3.480732412404444 × 10^334 |
| 148 | ov_148 | 4.8072859911353894 × 10^334 |
| 147 | ov_147 | 6.455933260353409 × 10^334 |
| 146 | ov_146 | 8.45614488781204 × 10^334 |
| 145 | ov_145 | 1.083962232994259 × 10^335 |
| 144 | ov_144 | 1.3640329088123026 × 10^335 |
| 143 | ov_143 | 1.6894531671593934 × 10^335 |
| 142 | ov_142 | 2.0640852138339343 × 10^335 |
| 141 | ov_141 | 2.492033425478015 × 10^335 |
| 140 | ov_140 | 2.9776525198509514 × 10^335 |
| 139 | ov_139 | 3.529912148199618 × 10^335 |
| 138 | ov_138 | 4.1583141043721005 × 10^335 |
| 137 | ov_137 | 4.8729177247100513 × 10^335 |
| 136 | ov_136 | 5.684369393272812 × 10^335 |
| 135 | ov_135 | 6.6039364619356 × 10^335 |
| 134 | ov_134 | 7.643545913777381 × 10^335 |
| 133 | ov_133 | 8.815828117699471 × 10^335 |
| 132 | ov_132 | 1.013416608983569 × 10^336 |
| 131 | ov_131 | 1.1612750843210295 × 10^336 |
| 130 | ov_130 | 1.1612760058242102 × 10^336 |
| 129 | ov_129 | 1.1612798048002541 × 10^336 |
| 128 | aaa_77_29 | 1.9484353193593475 × 10^336 |
| 127 | aaa_77_28 | 6.402112885048732 × 10^336 |
| 126 | ov_126 | 2.2838282249430737 × 10^337 |
| 125 | ov_125 | 5.854049857866583 × 10^337 |
| 124 | ov_124 | 1.2696777973975381 × 10^338 |
| 123 | ov_123 | 2.459540631210612 × 10^338 |
| 122 | ov_122 | 4.377083402484468 × 10^338 |
| 121 | ov_121 | 7.288150742890557 × 10^338 |
| 120 | ov_120 | 1.1502352573132535 × 10^339 |
| 119 | ov_119 | 1.7373087104169496 × 10^339 |
| 118 | ov_118 | 2.5297585334076415 × 10^339 |
| 117 | ov_117 | 3.5716989450491696 × 10^339 |
| 116 | ov_116 | 4.91164809915572 × 10^339 |
| 115 | ov_115 | 6.602547807598174 × 10^339 |
| 114 | ov_114 | 8.701792447126949 × 10^339 |
| 113 | ov_113 | 1.1271269672902428 × 10^340 |
| 112 | ov_112 | 1.4377415907894309 × 10^340 |
| 111 | ov_111 | 1.809128992409586 × 10^340 |
| 110 | ov_110 | 2.248866792841581 × 10^340 |
| 109 | ov_109 | 2.76501631410008 × 10^340 |
| 108 | ov_108 | 3.361983994077687 × 10^340 |
| 107 | ov_107 | 4.044439034245725 × 10^340 |
| 106 | ov_106 | 4.821993840451044 × 10^340 |
| 105 | ov_105 | 5.704821880041959 × 10^340 |
| 104 | ov_104 | 6.703685764179777 × 10^340 |
| 103 | ov_103 | 7.829969436262001 × 10^340 |
| 102 | ov_102 | 9.095714848557154 × 10^340 |
| 101 | ov_101 | 1.0513663662852887 × 10^341 |
| 100 | ov_100 | 1.2097304673410833 × 10^341 |
| 99 | ov_099 | 1.386092773523245 × 10^341 |
| 98 | ov_098 | 1.386093693090314 × 10^341 |
| 97 | ov_097 | 1.386097491400972 × 10^341 |
| 96 | aaa_78_29 | 1.4504377910889612 × 10^341 |
| 95 | aaa_78_28 | 3.86434795264781 × 10^341 |
| 94 | ov_094 | 1.209279510564761 × 10^342 |
| 93 | ov_093 | 2.7146620138323764 × 10^342 |
| 92 | ov_092 | 5.166346968919295 × 10^342 |
| 91 | ov_091 | 8.828101842627116 × 10^342 |
| 90 | ov_090 | 1.3963704785516145 × 10^343 |
| 89 | ov_089 | 2.0836965144848683 × 10^343 |
| 88 | ov_088 | 2.97117672564059 × 10^343 |
| 87 | ov_087 | 4.085215174090737 × 10^343 |
| 86 | ov_086 | 5.452245078579224 × 10^343 |
| 85 | ov_085 | 7.098749476445566 × 10^343 |
| 64 | lv_79_m31 | 8.525605982493124 × 10^343 |
| 84 | ov_084 | 9.05129076936137 × 10^343 |
| 83 | ov_083 | 1.1336550903124615 × 10^344 |
| 82 | ov_082 | 1.3981383932212756 × 10^344 |
| 81 | ov_081 | 1.7012882720827127 × 10^344 |
| 80 | ov_080 | 2.045846153408814 × 10^344 |
| 79 | ov_079 | 2.4345956276335484 × 10^344 |
| 78 | ov_078 | 2.8703744138807264 × 10^344 |
| 77 | ov_077 | 3.356088442708918 × 10^344 |
| 76 | ov_076 | 3.894728235054994 × 10^344 |
| 63 | ov_063 | 4.336697789021999 × 10^344 |
| 75 | ov_075 | 4.4893877572605544 × 10^344 |
| 74 | ov_074 | 5.1432859343228906 × 10^344 |
| 73 | ov_073 | 5.859791006485703 × 10^344 |
| 72 | ov_072 | 6.642447918114169 × 10^344 |
| 71 | ov_071 | 7.495008517282868 × 10^344 |
| 70 | ov_070 | 8.421463909748753 × 10^344 |
| 69 | ov_069 | 9.426079148696557 × 10^344 |
| 68 | ov_068 | 1.0513431331282769 × 10^345 |
| 67 | ov_067 | 1.1688451767428395 × 10^345 |
| 66 | ov_066 | 1.1688564395795593 × 10^345 |
| 65 | ov_065 | 1.1688916227071253 × 10^345 |
| 62 | ov_062 | 2.2057227993078117 × 10^345 |
| 61 | ov_061 | 7.976765049462936 × 10^345 |
| 60 | ov_060 | 2.2660008651722682 × 10^346 |
| 59 | ov_059 | 5.42857126033065 × 10^346 |
| 58 | ov_058 | 1.1446249332829818 × 10^347 |
| 57 | ov_057 | 2.1849511155105188 × 10^347 |
| 56 | ov_056 | 3.853854114642609 × 10^347 |
| 55 | ov_055 | 6.378347744843079 × 10^347 |
| 54 | ov_054 | 1.0022493995051081 × 10^348 |
| 53 | ov_053 | 1.5087501286159777 × 10^348 |
| 52 | ov_052 | 2.1911888070127066 × 10^348 |
| 51 | ov_051 | 3.0871732699045123 × 10^348 |
| 50 | ov_050 | 4.238103066963112 × 10^348 |
| 49 | ov_049 | 5.689218035098767 × 10^348 |
| 48 | ov_048 | 7.489661830869028 × 10^348 |
| 32 | lv_80_m31 | 9.479261740566324 × 10^348 |
| 47 | ov_047 | 9.692562534877974 × 10^348 |
| 46 | ov_046 | 1.2355132442476332 × 10^349 |
| 45 | ov_045 | 1.5538789158428214 × 10^349 |
| 44 | ov_044 | 1.930930011860943 × 10^349 |
| 43 | ov_043 | 2.3702961898459823 × 10^349 |
| 42 | ov_042 | 2.8758482962232653 × 10^349 |
| 41 | ov_041 | 3.4517105221014407 × 10^349 |
| 40 | ov_040 | 4.1063984072717524 × 10^349 |
| 39 | ov_039 | 4.848977388149908 × 10^349 |
| 31 | ov_031 | 4.858367752927894 × 10^349 |
| 38 | ov_038 | 5.689095843005529 × 10^349 |
| 37 | ov_037 | 6.637022018188264 × 10^349 |
| 36 | ov_036 | 7.7036850716496 × 10^349 |
| 35 | ov_035 | 8.900720477637352 × 10^349 |
| 34 | ov_034 | 1.0240520045636398 × 10^350 |
| 33 | ov_033 | 1.173628681766466 × 10^350 |
| 30 | ov_030 | 2.4897158654480168 × 10^350 |
| 29 | ov_029 | 9.066849401738812 × 10^350 |
| 28 | ov_028 | 2.593357913395528 × 10^351 |
| 27 | ov_027 | 6.253254339781453 × 10^351 |
| 26 | ov_026 | 1.3261539324364284 × 10^352 |
| 25 | ov_025 | 2.5439240000812573 × 10^352 |
| 24 | ov_024 | 4.50532577741126 × 10^352 |
| 23 | ov_023 | 7.48164060172314 × 10^352 |
| 22 | ov_022 | 1.1788750488029847 × 10^353 |
| 21 | ov_021 | 1.77871586228797 × 10^353 |
| 20 | ov_020 | 2.5882028784747598 × 10^353 |
| 19 | ov_019 | 3.652325446843322 × 10^353 |
| 18 | ov_018 | 5.0205571436659146 × 10^353 |
| 17 | ov_017 | 6.746873038114499 × 10^353 |
| 16 | ov_016 | 8.88977493379132 × 10^353 |
| 15 | ov_015 | 1.1512326847047589 × 10^354 |
| 14 | ov_014 | 1.4682203281432835 × 10^354 |
| 13 | ov_013 | 1.8471753157291063 × 10^354 |
| 12 | ov_012 | 2.295808255766423 × 10^354 |
| 11 | ov_011 | 2.822315975722206 × 10^354 |
| 10 | ov_010 | 3.435394631102231 × 10^354 |
| 9 | ov_009 | 4.1397811060428034 × 10^354 |
| 8 | ov_008 | 4.940485157214923 × 10^354 |
| 7 | ov_007 | 5.847811971151528 × 10^354 |
| 6 | ov_006 | 6.872653199394835 × 10^354 |
| 5 | ov_005 | 8.026519690792824 × 10^354 |
| 4 | ov_004 | 9.321579368835952 × 10^354 |
| 3 | ov_003 | 1.0770700615340294 × 10^355 |
| 2 | ov_002 | 1.2387501669035175 × 10^355 |
| 1 | ov_001 | 1.4186406704213743 × 10^355 |

