# Results for E005015-O008009-F017-F018-F019-F020-F021-F022-F023-F024-F025-F026-F027-F028-F029-F030-F031-F032-F033-F034-F035-F036-F037-F038-F039-F040-F041-F042-F043-F044-F045-F046-F047-F048-F049-F050-F051-F052-F053-F054-F055-F056-F057-F058-F059-F060-F061-F062-F063-F064-F065-F066-F067-F068-F069-F070-F071-F072-F073-F074-F075-F076-F077-F078-F079-F080-F081-F082-F083-F084-F085-F086-F087-F088-F089-F090-F091-F092-F093-F094-F095-F096-F097-F098-F099-F100-F101-F102-F103-F104-F105-F106-F107-F108-F109-F110-F111-F112-F113-F114-F115-F116-F117-F118-F119-F120-F121-F122-F123-F124-F125-F126-F127-F128-F129-F130-F131-F132-F133-F134-F135-F136-F137-F138-F139-F140-F141-F142-F143-F144-F145-F146-F147-F148-F149-F150-F151-F152-F153-F154-F155-F156-F157-F158-F159-F160-F161-F162-F163-F164-F165-F166-F167-F168-F169-F170-F171-F172-F173-F174-F175-F176-F177-F178-F179-F180-F181-F182-F183-F184-F185-F186-F187-F188-F189-F190-F191-F192-F193-F194-F195-F196-F197-F198-F199-F200-F201-F202-F203-F204-F205-F206-F207-F208-F209-F210-F211-F212-F213-F214-F215-F216-F217-F218-F219-F220-F221-F222-F223-F224-F225-F226-F227-F228-F229-F230-F231-F232-F233-F234-F235-F236-F237-F238-F239-F240-F241-F242-F243-F244-F245-F246-F247-F248-F249-F250-F251-F252-F253-F254-F255-F256-F257-F258-F259-F260-F261-F262-F263-F264-F265-F266-F267-F268-F269-F270-F271-F272-F273-F274-F275-F276-F277-F278-F279-F280-F281-F282-F283-F284-F285-F286-F287-F288-F289-F290-F291-F292-F293-F294-F295-F296-F297-F298-F299-F300-F301-F302-F303-F304-F305-F306-F307-F308-F309-F310-F311-F312-F313-F314-F315-F316-F317-F318-F319-F320-F321-F322-F323-F324-F325-F326-F327-F328-F329-F330-F331-F332-F333-F334-F335-F336-F337-F338-F339-F340-F341-F342-F343-F344-F345-F346-F347-F348-F349-F350-F351-F352-F353-F354-F355-F356-F357-F358-F359-F360-F361-F362-F363-F364-F365-F366-F367-F368-F369-F370-F371-F372-F373-F374-F375-F376-F377-F378-F379-F380-F381-F382-F383-F384-F385-F386-F387-F388-F389-F390-F391-F392-F393-F394-F395-F396-F397-F398-F399-F400-F401-F402-F403-F404-F405-F406-F407-F408-F409-F410-F411-F412-F413-F414-F415-F416-F417-F418-F419-F420-F421-F422-F423-F424-F425-F426-F427-F428-F429-F430-F431-F432-F433-F434-F435-F436-F437-F438-F439-F440-F441-F442-F443-F444-F445-F446-F447-F448-F449-F450-F451-F452-F453-F454-F455-F456-F457-F458-F459-F460-F461-F462-F463-F464-F465-F466-F467-F468-F469-F470-F471-F472-F473-F474-F475-F476-F477-F478-F479-F480-F481-F482-F483-F484-F485-F486-F487-F488-F489-F490-F491-F492-F493-F494-F495-F496-F497-F498-F499-F500-F501-F502-F503-F504-F505-F506-F507-F508-F509-F510-F511-F512

## Summary

Number of input bits: 512  
Number of free input bits: 14  
Number of output bits: 160

Number of direct occurrences: 63914  
Number of assignments: 39430  
Number of operations: 19730372
(xor: 19691216,
and: 22494,
or: 16662)

Total complexity: 7.591186110599415 × 10^359

Least occurring input variable: iv_012 (4230)  
Most occurring input variable: iv_005 (4942)

Most co-occurring input variables: iv_013-iv_014 (2317)  
Least co-occurring input variables: iv_012-iv_016 (1949)

Potentially most occurring input variable: iv_005/iv_016 (5373)  
Potentially least occurring input variable: iv_002/iv_012 (4442)

Least output occurring input variable: iv_007 (65)  
Most output occurring input variable: iv_010 (95)

Most output co-occurring input variables: iv_004-iv_010 (54)  
Least output co-occurring input variables: iv_005-iv_007 (28)

Potentially most output occurring input variable: iv_005/iv_016 (97)  
Potentially least output occurring input variable: iv_006/iv_013 (69)

Least complex input bit: iv_016 (1.109973793041979 × 10^356)  
Most complex input bit: iv_005 (1.69121502259819 × 10^359)

Least complex output bit: aaa_76_29 (1.7230294536361688 × 10^334)  
Most complex output bit: ov_001 (1.162021593798304 × 10^359)

Least complex input/output complexity: iv_016/aaa_76_29 (2.5193922403050825 × 10^330)  
Most complex input/output complexity: iv_005/ov_001 (2.588829133396132 × 10^358)

## Input Bits

### Input Bits in Regular Order

| Input Bit | Complexity | Occurrences | Output Occurrences |
|:---------:|:----------:|:-----------:|:------------------:|
| iv_001 | 3.389291262654719 × 10^356 | 4608 | 82 |
| iv_002 | 1.467053247531804 × 10^357 | 4336 | 75 |
| iv_003 | 4.22043153753543 × 10^357 | 4462 | 80 |
| iv_004 | 9.180206781250109 × 10^357 | 4614 | 84 |
| iv_005 | 1.69121502259819 × 10^359 | 4942 | 77 |
| iv_006 | 2.0326493422691325 × 10^358 | 4473 | 85 |
| iv_007 | 2.6361559436916352 × 10^358 | 4336 | 65 |
| iv_008 | 7.490360348097111 × 10^358 | 4491 | 75 |
| iv_010 | 5.327575146948178 × 10^358 | 4601 | 95 |
| iv_011 | 6.954434812405915 × 10^358 | 4805 | 81 |
| iv_012 | 8.797176365443112 × 10^358 | 4230 | 81 |
| iv_013 | 1.090330741589164 × 10^359 | 4696 | 82 |
| iv_014 | 1.3326289698076781 × 10^359 | 4767 | 75 |
| iv_016 | 1.109973793041979 × 10^356 | 4553 | 84 |

### Input Bits Sorted by Complexity

| Input Bit | Complexity | Occurrences | Output Occurrences |
|:---------:|:----------:|:-----------:|:------------------:|
| iv_016 | 1.109973793041979 × 10^356 | 4553 | 84 |
| iv_001 | 3.389291262654719 × 10^356 | 4608 | 82 |
| iv_002 | 1.467053247531804 × 10^357 | 4336 | 75 |
| iv_003 | 4.22043153753543 × 10^357 | 4462 | 80 |
| iv_004 | 9.180206781250109 × 10^357 | 4614 | 84 |
| iv_006 | 2.0326493422691325 × 10^358 | 4473 | 85 |
| iv_007 | 2.6361559436916352 × 10^358 | 4336 | 65 |
| iv_010 | 5.327575146948178 × 10^358 | 4601 | 95 |
| iv_011 | 6.954434812405915 × 10^358 | 4805 | 81 |
| iv_008 | 7.490360348097111 × 10^358 | 4491 | 75 |
| iv_012 | 8.797176365443112 × 10^358 | 4230 | 81 |
| iv_013 | 1.090330741589164 × 10^359 | 4696 | 82 |
| iv_014 | 1.3326289698076781 × 10^359 | 4767 | 75 |
| iv_005 | 1.69121502259819 × 10^359 | 4942 | 77 |

### Input Bits Sorted by Occurrences

| Input Bit | Complexity | Occurrences | Output Occurrences |
|:---------:|:----------:|:-----------:|:------------------:|
| iv_012 | 8.797176365443112 × 10^358 | 4230 | 81 |
| iv_007 | 2.6361559436916352 × 10^358 | 4336 | 65 |
| iv_002 | 1.467053247531804 × 10^357 | 4336 | 75 |
| iv_003 | 4.22043153753543 × 10^357 | 4462 | 80 |
| iv_006 | 2.0326493422691325 × 10^358 | 4473 | 85 |
| iv_008 | 7.490360348097111 × 10^358 | 4491 | 75 |
| iv_016 | 1.109973793041979 × 10^356 | 4553 | 84 |
| iv_010 | 5.327575146948178 × 10^358 | 4601 | 95 |
| iv_001 | 3.389291262654719 × 10^356 | 4608 | 82 |
| iv_004 | 9.180206781250109 × 10^357 | 4614 | 84 |
| iv_013 | 1.090330741589164 × 10^359 | 4696 | 82 |
| iv_014 | 1.3326289698076781 × 10^359 | 4767 | 75 |
| iv_011 | 6.954434812405915 × 10^358 | 4805 | 81 |
| iv_005 | 1.69121502259819 × 10^359 | 4942 | 77 |

### Input Bits Sorted by Output Occurrences

| Input Bit | Complexity | Occurrences | Output Occurrences |
|:---------:|:----------:|:-----------:|:------------------:|
| iv_007 | 2.6361559436916352 × 10^358 | 4336 | 65 |
| iv_008 | 7.490360348097111 × 10^358 | 4491 | 75 |
| iv_002 | 1.467053247531804 × 10^357 | 4336 | 75 |
| iv_014 | 1.3326289698076781 × 10^359 | 4767 | 75 |
| iv_005 | 1.69121502259819 × 10^359 | 4942 | 77 |
| iv_003 | 4.22043153753543 × 10^357 | 4462 | 80 |
| iv_011 | 6.954434812405915 × 10^358 | 4805 | 81 |
| iv_012 | 8.797176365443112 × 10^358 | 4230 | 81 |
| iv_001 | 3.389291262654719 × 10^356 | 4608 | 82 |
| iv_013 | 1.090330741589164 × 10^359 | 4696 | 82 |
| iv_016 | 1.109973793041979 × 10^356 | 4553 | 84 |
| iv_004 | 9.180206781250109 × 10^357 | 4614 | 84 |
| iv_006 | 2.0326493422691325 × 10^358 | 4473 | 85 |
| iv_010 | 5.327575146948178 × 10^358 | 4601 | 95 |

## Input Bit Co-occurrences

### Input Bit Co-occurrences Sorted by Co-occurrences

| Input Bits | Co-occurrences | Potential Occurrences | Output Co-occurrences | Potential Output Occurrences |
|:----------:|:--------------:|:---------------------:|:---------------------:|:----------------------------:|
| iv_013-iv_014 | 2317 | 4829 | 39 | 79 |
| iv_005-iv_014 | 2304 | 5101 | 39 | 74 |
| iv_010-iv_011 | 2304 | 4798 | 50 | 76 |
| iv_001-iv_006 | 2278 | 4525 | 43 | 81 |
| iv_011-iv_016 | 2266 | 4826 | 41 | 83 |
| iv_004-iv_005 | 2259 | 5038 | 41 | 79 |
| iv_011-iv_014 | 2254 | 5064 | 38 | 80 |
| iv_001-iv_011 | 2247 | 4919 | 42 | 79 |
| iv_003-iv_013 | 2245 | 4668 | 43 | 76 |
| iv_006-iv_011 | 2241 | 4796 | 44 | 78 |
| iv_004-iv_013 | 2220 | 4870 | 45 | 76 |
| iv_008-iv_011 | 2217 | 4862 | 37 | 82 |
| iv_005-iv_010 | 2216 | 5111 | 46 | 80 |
| iv_005-iv_013 | 2210 | 5218 | 40 | 79 |

### Input Bit Co-occurrences Sorted by Potential Occurrences

| Input Bits | Co-occurrences | Potential Occurrences | Output Co-occurrences | Potential Output Occurrences |
|:----------:|:--------------:|:---------------------:|:---------------------:|:----------------------------:|
| iv_002-iv_012 | 2062 | 4442 | 36 | 84 |
| iv_002-iv_007 | 2100 | 4472 | 29 | 82 |
| iv_003-iv_012 | 2091 | 4510 | 46 | 69 |
| iv_001-iv_006 | 2278 | 4525 | 43 | 81 |
| iv_007-iv_012 | 2008 | 4550 | 33 | 80 |
| iv_008-iv_012 | 2067 | 4587 | 41 | 74 |
| iv_003-iv_013 | 2245 | 4668 | 43 | 76 |
| iv_003-iv_004 | 2201 | 4674 | 41 | 82 |
| iv_007-iv_010 | 2131 | 4675 | 42 | 76 |
| iv_012-iv_013 | 2112 | 4702 | 39 | 85 |
| iv_008-iv_010 | 2192 | 4708 | 47 | 76 |
| iv_006-iv_016 | 2155 | 4716 | 49 | 71 |
| iv_003-iv_007 | 2029 | 4740 | 32 | 81 |
| iv_006-iv_007 | 2030 | 4749 | 35 | 80 |

### Input Bit Output Co-occurrences Sorted by Output Co-occurrences

| Input Bits | Co-occurrences | Potential Occurrences | Output Co-occurrences | Potential Output Occurrences |
|:----------:|:--------------:|:---------------------:|:---------------------:|:----------------------------:|
| iv_004-iv_010 | 2200 | 4815 | 54 | 71 |
| iv_006-iv_010 | 2076 | 4922 | 53 | 74 |
| iv_010-iv_012 | 2019 | 4793 | 52 | 72 |
| iv_001-iv_010 | 2112 | 4985 | 50 | 77 |
| iv_010-iv_011 | 2304 | 4798 | 50 | 76 |
| iv_006-iv_013 | 2150 | 4869 | 49 | 69 |
| iv_006-iv_016 | 2155 | 4716 | 49 | 71 |
| iv_010-iv_013 | 2118 | 5061 | 49 | 79 |
| iv_003-iv_010 | 2037 | 4989 | 49 | 77 |
| iv_004-iv_006 | 2068 | 4951 | 48 | 73 |
| iv_008-iv_010 | 2192 | 4708 | 47 | 76 |
| iv_001-iv_012 | 2044 | 4750 | 47 | 69 |
| iv_010-iv_016 | 2113 | 4928 | 46 | 87 |
| iv_001-iv_004 | 2062 | 5098 | 46 | 74 |

### Input Bit Output Co-occurrences Sorted by Potential Output Occurrences

| Input Bits | Co-occurrences | Potential Occurrences | Output Co-occurrences | Potential Output Occurrences |
|:----------:|:--------------:|:---------------------:|:---------------------:|:----------------------------:|
| iv_006-iv_013 | 2150 | 4869 | 49 | 69 |
| iv_001-iv_012 | 2044 | 4750 | 47 | 69 |
| iv_003-iv_012 | 2091 | 4510 | 46 | 69 |
| iv_002-iv_004 | 2022 | 4906 | 45 | 69 |
| iv_006-iv_016 | 2155 | 4716 | 49 | 71 |
| iv_004-iv_010 | 2200 | 4815 | 54 | 71 |
| iv_007-iv_016 | 2053 | 4783 | 39 | 71 |
| iv_010-iv_012 | 2019 | 4793 | 52 | 72 |
| iv_005-iv_011 | 2210 | 5327 | 43 | 72 |
| iv_005-iv_008 | 2125 | 5183 | 40 | 72 |
| iv_004-iv_006 | 2068 | 4951 | 48 | 73 |
| iv_004-iv_012 | 2006 | 4832 | 46 | 73 |
| iv_007-iv_013 | 2120 | 4792 | 37 | 73 |
| iv_006-iv_010 | 2076 | 4922 | 53 | 74 |

## Output Bits

### Output Bits in Regular Order

| Rank | Output Bit | Complexity |
|:----:|:----------:|:----------:|
| 1 | ov_001 | 1.162021593798304 × 10^359 |
| 2 | ov_002 | 1.0146748469085218 × 10^359 |
| 3 | ov_003 | 8.822467582164838 × 10^358 |
| 4 | ov_004 | 7.635546187157968 × 10^358 |
| 5 | ov_005 | 6.5748202915655556 × 10^358 |
| 6 | ov_006 | 5.629742672202236 × 10^358 |
| 7 | ov_007 | 4.7903420179413935 × 10^358 |
| 8 | ov_008 | 4.047187015440097 × 10^358 |
| 9 | ov_009 | 3.3913549721011557 × 10^358 |
| 10 | ov_010 | 2.814404686377085 × 10^358 |
| 11 | ov_011 | 2.312232796704332 × 10^358 |
| 12 | ov_012 | 1.8809598032719706 × 10^358 |
| 13 | ov_013 | 1.5134642747087106 × 10^358 |
| 14 | ov_014 | 1.2030339968641007 × 10^358 |
| 15 | ov_015 | 9.433551012726487 × 10^357 |
| 16 | ov_016 | 7.28503358959519 × 10^357 |
| 17 | ov_017 | 5.529373261460894 × 10^357 |
| 18 | ov_018 | 4.1149305359054165 × 10^357 |
| 19 | ov_019 | 2.993800963478808 × 10^357 |
| 20 | ov_020 | 2.1217858569543006 × 10^357 |
| 21 | ov_021 | 1.4583714987417816 × 10^357 |
| 22 | ov_022 | 9.667149516521754 × 10^356 |
| 23 | ov_023 | 6.136348366895174 × 10^356 |
| 24 | ov_024 | 3.6960568992423244 × 10^356 |
| 25 | ov_025 | 2.087547588275588 × 10^356 |
| 26 | ov_026 | 1.0886034571820323 × 10^356 |
| 27 | ov_027 | 5.1351046093527265 × 10^355 |
| 28 | ov_028 | 2.130544778399238 × 10^355 |
| 29 | ov_029 | 7.452033939257243 × 10^354 |
| 30 | ov_030 | 2.0471783472894058 × 10^354 |
| 31 | ov_031 | 3.996612272583713 × 10^353 |
| 32 | lv_80_m31 | 7.80131861302837 × 10^352 |
| 33 | ov_033 | 9.659045611468219 × 10^353 |
| 34 | ov_034 | 8.439241415454661 × 10^353 |
| 35 | ov_035 | 7.343859396953485 × 10^353 |
| 36 | ov_036 | 6.362864324854617 × 10^353 |
| 37 | ov_037 | 5.486779497769208 × 10^353 |
| 38 | ov_038 | 4.706647636366636 × 10^353 |
| 39 | ov_039 | 4.013996636773855 × 10^353 |
| 40 | ov_040 | 3.400809753085684 × 10^353 |
| 41 | ov_041 | 2.859499800417001 × 10^353 |
| 42 | ov_042 | 2.3828869923329897 × 10^353 |
| 43 | ov_043 | 1.964180048084977 × 10^353 |
| 44 | ov_044 | 1.600078285426198 × 10^353 |
| 45 | ov_045 | 1.2874636449303353 × 10^353 |
| 46 | ov_046 | 1.0233946196927162 × 10^353 |
| 47 | ov_047 | 8.024988172790994 × 10^352 |
| 48 | ov_048 | 6.197356109817846 × 10^352 |
| 49 | ov_049 | 4.703903488793134 × 10^352 |
| 50 | ov_050 | 3.500698426598674 × 10^352 |
| 51 | ov_051 | 2.5469892876105977 × 10^352 |
| 52 | ov_052 | 1.8051791317733792 × 10^352 |
| 53 | ov_053 | 1.240807300372341 × 10^352 |
| 54 | ov_054 | 8.225366277431942 × 10^351 |
| 55 | ov_055 | 5.221449542035978 × 10^351 |
| 56 | ov_056 | 3.145198024480877 × 10^351 |
| 57 | ov_057 | 1.7765526656106507 × 10^351 |
| 58 | ov_058 | 9.265034969787638 × 10^350 |
| 59 | ov_059 | 4.370817804300414 × 10^350 |
| 60 | ov_060 | 1.8135694767116935 × 10^350 |
| 61 | ov_061 | 6.343570235156861 × 10^349 |
| 62 | ov_062 | 1.7426443870126784 × 10^349 |
| 63 | ov_063 | 3.4018521818640606 × 10^348 |
| 64 | lv_79_m31 | 6.63960009117174 × 10^347 |
| 65 | ov_065 | 8.144827281618242 × 10^348 |
| 66 | ov_066 | 8.144796121445562 × 10^348 |
| 67 | ov_067 | 8.144786146438556 × 10^348 |
| 68 | ov_068 | 7.109431054409277 × 10^348 |
| 69 | ov_069 | 6.178142427174874 × 10^348 |
| 70 | ov_070 | 5.343155867320697 × 10^348 |
| 71 | ov_071 | 4.597143722240525 × 10^348 |
| 72 | ov_072 | 3.9331837130419263 × 10^348 |
| 73 | ov_073 | 3.344731298158091 × 10^348 |
| 74 | ov_074 | 2.825595411005098 × 10^348 |
| 75 | ov_075 | 2.369917269959471 × 10^348 |
| 76 | ov_076 | 1.9721520537869658 × 10^348 |
| 77 | ov_077 | 1.6270532517181725 × 10^348 |
| 78 | ov_078 | 1.3296594392384006 × 10^348 |
| 79 | ov_079 | 1.0752832110356638 × 10^348 |
| 80 | ov_080 | 8.595020192845634 × 10^347 |
| 81 | ov_081 | 6.781506818386772 × 10^347 |
| 82 | ov_082 | 5.273153410355398 × 10^347 |
| 83 | ov_083 | 4.0332866974984546 × 10^347 |
| 84 | ov_084 | 3.0276613711480395 × 10^347 |
| 85 | ov_085 | 2.224431620111619 × 10^347 |
| 86 | ov_086 | 1.5941299803108463 × 10^347 |
| 87 | ov_087 | 1.1096520918467367 × 10^347 |
| 88 | ov_088 | 7.462461114829671 × 10^346 |
| 89 | ov_089 | 4.815056836823806 × 10^346 |
| 90 | ov_090 | 2.9536552838381393 × 10^346 |
| 91 | ov_091 | 1.7009885871797414 × 10^346 |
| 92 | ov_092 | 9.031599685698457 × 10^345 |
| 93 | ov_093 | 4.2963709872210006 × 10^345 |
| 94 | ov_094 | 1.7324933437951853 × 10^345 |
| 95 | aaa_78_28 | 5.018677209789208 × 10^344 |
| 96 | aaa_78_29 | 9.729882026664145 × 10^343 |
| 97 | ov_097 | 1.227606641711274 × 10^344 |
| 98 | ov_098 | 1.2276032777023944 × 10^344 |
| 99 | ov_099 | 1.2276024632791517 × 10^344 |
| 100 | ov_100 | 1.0714060361435592 × 10^344 |
| 101 | ov_101 | 9.311498292331366 × 10^343 |
| 102 | ov_102 | 8.055682536935638 × 10^343 |
| 103 | ov_103 | 6.934666670460691 × 10^343 |
| 104 | ov_104 | 5.937165969783619 × 10^343 |
| 105 | ov_105 | 5.052515412864686 × 10^343 |
| 106 | ov_106 | 4.270632746205806 × 10^343 |
| 107 | ov_107 | 3.581986001900466 × 10^343 |
| 108 | ov_108 | 2.9775649897361047 × 10^343 |
| 109 | ov_109 | 2.4488564259362415 × 10^343 |
| 110 | ov_110 | 1.991725004511868 × 10^343 |
| 111 | ov_111 | 1.602268137125406 × 10^343 |
| 112 | ov_112 | 1.2733462639191448 × 10^343 |
| 113 | ov_113 | 9.98248217284439 × 10^342 |
| 114 | ov_114 | 7.706806314599285 × 10^342 |
| 115 | ov_115 | 5.847595213243493 × 10^342 |
| 116 | ov_116 | 4.35003765766162 × 10^342 |
| 117 | ov_117 | 3.1633019336173435 × 10^342 |
| 118 | ov_118 | 2.240499766780429 × 10^342 |
| 119 | ov_119 | 1.5386607223027389 × 10^342 |
| 120 | ov_120 | 1.0187147379361638 × 10^342 |
| 121 | ov_121 | 6.454807741234331 × 10^341 |
| 122 | ov_122 | 3.876598708017489 × 10^341 |
| 123 | ov_123 | 2.1783120690745394 × 10^341 |
| 124 | ov_124 | 1.1245006350977227 × 10^341 |
| 125 | ov_125 | 5.1846887579349256 × 10^340 |
| 126 | ov_126 | 2.0226922287942573 × 10^340 |
| 127 | aaa_77_28 | 5.670087808600509 × 10^339 |
| 128 | aaa_77_29 | 1.7256493630552733 × 10^339 |
| 129 | ov_129 | 1.0284944800710974 × 10^339 |
| 130 | ov_130 | 1.0284911162824269 × 10^339 |
| 131 | ov_131 | 1.0284903003677296 × 10^339 |
| 132 | ov_132 | 8.975387932301276 × 10^338 |
| 133 | ov_133 | 7.807793769445012 × 10^338 |
| 134 | ov_134 | 6.769553113111846 × 10^338 |
| 135 | ov_135 | 5.848813961992462 × 10^338 |
| 136 | ov_136 | 5.034390719169158 × 10^338 |
| 137 | ov_137 | 4.315720588214318 × 10^338 |
| 138 | ov_138 | 3.682824845750829 × 10^338 |
| 139 | ov_139 | 3.126274621842884 × 10^338 |
| 140 | ov_140 | 2.637160879671053 × 10^338 |
| 141 | ov_141 | 2.2070683033495734 × 10^338 |
| 142 | ov_142 | 1.8280528195558766 × 10^338 |
| 143 | ov_143 | 1.4962576112721547 × 10^338 |
| 144 | ov_144 | 1.2080475622005052 × 10^338 |
| 145 | ov_145 | 9.600020265378259 × 10^337 |
| 146 | ov_146 | 7.489089742532263 × 10^337 |
| 147 | ov_147 | 5.717603415340608 × 10^337 |
| 148 | ov_148 | 4.257484057692366 × 10^337 |
| 149 | ov_149 | 3.082630194633695 × 10^337 |
| 150 | ov_150 | 2.1688955244024774 × 10^337 |
| 151 | ov_151 | 1.47379807176915 × 10^337 |
| 152 | ov_152 | 9.587089580213619 × 10^336 |
| 153 | ov_153 | 5.8884119657659835 × 10^336 |
| 154 | ov_154 | 3.3324282307095826 × 10^336 |
| 155 | ov_155 | 1.6479297878136264 × 10^336 |
| 156 | aaa_76_25 | 6.019991706675238 × 10^335 |
| 157 | aaa_76_26 | 3.144260426763467 × 10^335 |
| 158 | aaa_76_27 | 1.4493471195023 × 10^335 |
| 159 | aaa_76_28 | 5.653296129885253 × 10^334 |
| 160 | aaa_76_29 | 1.7230294536361688 × 10^334 |

### Output Bits Sorted by Complexity

| Rank | Output Bit | Complexity |
|:----:|:----------:|:----------:|
| 160 | aaa_76_29 | 1.7230294536361688 × 10^334 |
| 159 | aaa_76_28 | 5.653296129885253 × 10^334 |
| 158 | aaa_76_27 | 1.4493471195023 × 10^335 |
| 157 | aaa_76_26 | 3.144260426763467 × 10^335 |
| 156 | aaa_76_25 | 6.019991706675238 × 10^335 |
| 155 | ov_155 | 1.6479297878136264 × 10^336 |
| 154 | ov_154 | 3.3324282307095826 × 10^336 |
| 153 | ov_153 | 5.8884119657659835 × 10^336 |
| 152 | ov_152 | 9.587089580213619 × 10^336 |
| 151 | ov_151 | 1.47379807176915 × 10^337 |
| 150 | ov_150 | 2.1688955244024774 × 10^337 |
| 149 | ov_149 | 3.082630194633695 × 10^337 |
| 148 | ov_148 | 4.257484057692366 × 10^337 |
| 147 | ov_147 | 5.717603415340608 × 10^337 |
| 146 | ov_146 | 7.489089742532263 × 10^337 |
| 145 | ov_145 | 9.600020265378259 × 10^337 |
| 144 | ov_144 | 1.2080475622005052 × 10^338 |
| 143 | ov_143 | 1.4962576112721547 × 10^338 |
| 142 | ov_142 | 1.8280528195558766 × 10^338 |
| 141 | ov_141 | 2.2070683033495734 × 10^338 |
| 140 | ov_140 | 2.637160879671053 × 10^338 |
| 139 | ov_139 | 3.126274621842884 × 10^338 |
| 138 | ov_138 | 3.682824845750829 × 10^338 |
| 137 | ov_137 | 4.315720588214318 × 10^338 |
| 136 | ov_136 | 5.034390719169158 × 10^338 |
| 135 | ov_135 | 5.848813961992462 × 10^338 |
| 134 | ov_134 | 6.769553113111846 × 10^338 |
| 133 | ov_133 | 7.807793769445012 × 10^338 |
| 132 | ov_132 | 8.975387932301276 × 10^338 |
| 131 | ov_131 | 1.0284903003677296 × 10^339 |
| 130 | ov_130 | 1.0284911162824269 × 10^339 |
| 129 | ov_129 | 1.0284944800710974 × 10^339 |
| 128 | aaa_77_29 | 1.7256493630552733 × 10^339 |
| 127 | aaa_77_28 | 5.670087808600509 × 10^339 |
| 126 | ov_126 | 2.0226922287942573 × 10^340 |
| 125 | ov_125 | 5.1846887579349256 × 10^340 |
| 124 | ov_124 | 1.1245006350977227 × 10^341 |
| 123 | ov_123 | 2.1783120690745394 × 10^341 |
| 122 | ov_122 | 3.876598708017489 × 10^341 |
| 121 | ov_121 | 6.454807741234331 × 10^341 |
| 120 | ov_120 | 1.0187147379361638 × 10^342 |
| 119 | ov_119 | 1.5386607223027389 × 10^342 |
| 118 | ov_118 | 2.240499766780429 × 10^342 |
| 117 | ov_117 | 3.1633019336173435 × 10^342 |
| 116 | ov_116 | 4.35003765766162 × 10^342 |
| 115 | ov_115 | 5.847595213243493 × 10^342 |
| 114 | ov_114 | 7.706806314599285 × 10^342 |
| 113 | ov_113 | 9.98248217284439 × 10^342 |
| 112 | ov_112 | 1.2733462639191448 × 10^343 |
| 111 | ov_111 | 1.602268137125406 × 10^343 |
| 110 | ov_110 | 1.991725004511868 × 10^343 |
| 109 | ov_109 | 2.4488564259362415 × 10^343 |
| 108 | ov_108 | 2.9775649897361047 × 10^343 |
| 107 | ov_107 | 3.581986001900466 × 10^343 |
| 106 | ov_106 | 4.270632746205806 × 10^343 |
| 105 | ov_105 | 5.052515412864686 × 10^343 |
| 104 | ov_104 | 5.937165969783619 × 10^343 |
| 103 | ov_103 | 6.934666670460691 × 10^343 |
| 102 | ov_102 | 8.055682536935638 × 10^343 |
| 101 | ov_101 | 9.311498292331366 × 10^343 |
| 96 | aaa_78_29 | 9.729882026664145 × 10^343 |
| 100 | ov_100 | 1.0714060361435592 × 10^344 |
| 99 | ov_099 | 1.2276024632791517 × 10^344 |
| 98 | ov_098 | 1.2276032777023944 × 10^344 |
| 97 | ov_097 | 1.227606641711274 × 10^344 |
| 95 | aaa_78_28 | 5.018677209789208 × 10^344 |
| 94 | ov_094 | 1.7324933437951853 × 10^345 |
| 93 | ov_093 | 4.2963709872210006 × 10^345 |
| 92 | ov_092 | 9.031599685698457 × 10^345 |
| 91 | ov_091 | 1.7009885871797414 × 10^346 |
| 90 | ov_090 | 2.9536552838381393 × 10^346 |
| 89 | ov_089 | 4.815056836823806 × 10^346 |
| 88 | ov_088 | 7.462461114829671 × 10^346 |
| 87 | ov_087 | 1.1096520918467367 × 10^347 |
| 86 | ov_086 | 1.5941299803108463 × 10^347 |
| 85 | ov_085 | 2.224431620111619 × 10^347 |
| 84 | ov_084 | 3.0276613711480395 × 10^347 |
| 83 | ov_083 | 4.0332866974984546 × 10^347 |
| 82 | ov_082 | 5.273153410355398 × 10^347 |
| 64 | lv_79_m31 | 6.63960009117174 × 10^347 |
| 81 | ov_081 | 6.781506818386772 × 10^347 |
| 80 | ov_080 | 8.595020192845634 × 10^347 |
| 79 | ov_079 | 1.0752832110356638 × 10^348 |
| 78 | ov_078 | 1.3296594392384006 × 10^348 |
| 77 | ov_077 | 1.6270532517181725 × 10^348 |
| 76 | ov_076 | 1.9721520537869658 × 10^348 |
| 75 | ov_075 | 2.369917269959471 × 10^348 |
| 74 | ov_074 | 2.825595411005098 × 10^348 |
| 73 | ov_073 | 3.344731298158091 × 10^348 |
| 63 | ov_063 | 3.4018521818640606 × 10^348 |
| 72 | ov_072 | 3.9331837130419263 × 10^348 |
| 71 | ov_071 | 4.597143722240525 × 10^348 |
| 70 | ov_070 | 5.343155867320697 × 10^348 |
| 69 | ov_069 | 6.178142427174874 × 10^348 |
| 68 | ov_068 | 7.109431054409277 × 10^348 |
| 67 | ov_067 | 8.144786146438556 × 10^348 |
| 66 | ov_066 | 8.144796121445562 × 10^348 |
| 65 | ov_065 | 8.144827281618242 × 10^348 |
| 62 | ov_062 | 1.7426443870126784 × 10^349 |
| 61 | ov_061 | 6.343570235156861 × 10^349 |
| 60 | ov_060 | 1.8135694767116935 × 10^350 |
| 59 | ov_059 | 4.370817804300414 × 10^350 |
| 58 | ov_058 | 9.265034969787638 × 10^350 |
| 57 | ov_057 | 1.7765526656106507 × 10^351 |
| 56 | ov_056 | 3.145198024480877 × 10^351 |
| 55 | ov_055 | 5.221449542035978 × 10^351 |
| 54 | ov_054 | 8.225366277431942 × 10^351 |
| 53 | ov_053 | 1.240807300372341 × 10^352 |
| 52 | ov_052 | 1.8051791317733792 × 10^352 |
| 51 | ov_051 | 2.5469892876105977 × 10^352 |
| 50 | ov_050 | 3.500698426598674 × 10^352 |
| 49 | ov_049 | 4.703903488793134 × 10^352 |
| 48 | ov_048 | 6.197356109817846 × 10^352 |
| 32 | lv_80_m31 | 7.80131861302837 × 10^352 |
| 47 | ov_047 | 8.024988172790994 × 10^352 |
| 46 | ov_046 | 1.0233946196927162 × 10^353 |
| 45 | ov_045 | 1.2874636449303353 × 10^353 |
| 44 | ov_044 | 1.600078285426198 × 10^353 |
| 43 | ov_043 | 1.964180048084977 × 10^353 |
| 42 | ov_042 | 2.3828869923329897 × 10^353 |
| 41 | ov_041 | 2.859499800417001 × 10^353 |
| 40 | ov_040 | 3.400809753085684 × 10^353 |
| 31 | ov_031 | 3.996612272583713 × 10^353 |
| 39 | ov_039 | 4.013996636773855 × 10^353 |
| 38 | ov_038 | 4.706647636366636 × 10^353 |
| 37 | ov_037 | 5.486779497769208 × 10^353 |
| 36 | ov_036 | 6.362864324854617 × 10^353 |
| 35 | ov_035 | 7.343859396953485 × 10^353 |
| 34 | ov_034 | 8.439241415454661 × 10^353 |
| 33 | ov_033 | 9.659045611468219 × 10^353 |
| 30 | ov_030 | 2.0471783472894058 × 10^354 |
| 29 | ov_029 | 7.452033939257243 × 10^354 |
| 28 | ov_028 | 2.130544778399238 × 10^355 |
| 27 | ov_027 | 5.1351046093527265 × 10^355 |
| 26 | ov_026 | 1.0886034571820323 × 10^356 |
| 25 | ov_025 | 2.087547588275588 × 10^356 |
| 24 | ov_024 | 3.6960568992423244 × 10^356 |
| 23 | ov_023 | 6.136348366895174 × 10^356 |
| 22 | ov_022 | 9.667149516521754 × 10^356 |
| 21 | ov_021 | 1.4583714987417816 × 10^357 |
| 20 | ov_020 | 2.1217858569543006 × 10^357 |
| 19 | ov_019 | 2.993800963478808 × 10^357 |
| 18 | ov_018 | 4.1149305359054165 × 10^357 |
| 17 | ov_017 | 5.529373261460894 × 10^357 |
| 16 | ov_016 | 7.28503358959519 × 10^357 |
| 15 | ov_015 | 9.433551012726487 × 10^357 |
| 14 | ov_014 | 1.2030339968641007 × 10^358 |
| 13 | ov_013 | 1.5134642747087106 × 10^358 |
| 12 | ov_012 | 1.8809598032719706 × 10^358 |
| 11 | ov_011 | 2.312232796704332 × 10^358 |
| 10 | ov_010 | 2.814404686377085 × 10^358 |
| 9 | ov_009 | 3.3913549721011557 × 10^358 |
| 8 | ov_008 | 4.047187015440097 × 10^358 |
| 7 | ov_007 | 4.7903420179413935 × 10^358 |
| 6 | ov_006 | 5.629742672202236 × 10^358 |
| 5 | ov_005 | 6.5748202915655556 × 10^358 |
| 4 | ov_004 | 7.635546187157968 × 10^358 |
| 3 | ov_003 | 8.822467582164838 × 10^358 |
| 2 | ov_002 | 1.0146748469085218 × 10^359 |
| 1 | ov_001 | 1.162021593798304 × 10^359 |

