# Results for E005015-O008014-F017-F018-F019-F020-F021-F022-F023-F024-F025-F026-F027-F028-F029-F030-F031-F032-F033-F034-F035-F036-F037-F038-F039-F040-F041-F042-F043-F044-F045-F046-F047-F048-F049-F050-F051-F052-F053-F054-F055-F056-F057-F058-F059-F060-F061-F062-F063-F064-F065-F066-F067-F068-F069-F070-F071-F072-F073-F074-F075-F076-F077-F078-F079-F080-F081-F082-F083-F084-F085-F086-F087-F088-F089-F090-F091-F092-F093-F094-F095-F096-F097-F098-F099-F100-F101-F102-F103-F104-F105-F106-F107-F108-F109-F110-F111-F112-F113-F114-F115-F116-F117-F118-F119-F120-F121-F122-F123-F124-F125-F126-F127-F128-F129-F130-F131-F132-F133-F134-F135-F136-F137-F138-F139-F140-F141-F142-F143-F144-F145-F146-F147-F148-F149-F150-F151-F152-F153-F154-F155-F156-F157-F158-F159-F160-F161-F162-F163-F164-F165-F166-F167-F168-F169-F170-F171-F172-F173-F174-F175-F176-F177-F178-F179-F180-F181-F182-F183-F184-F185-F186-F187-F188-F189-F190-F191-F192-F193-F194-F195-F196-F197-F198-F199-F200-F201-F202-F203-F204-F205-F206-F207-F208-F209-F210-F211-F212-F213-F214-F215-F216-F217-F218-F219-F220-F221-F222-F223-F224-F225-F226-F227-F228-F229-F230-F231-F232-F233-F234-F235-F236-F237-F238-F239-F240-F241-F242-F243-F244-F245-F246-F247-F248-F249-F250-F251-F252-F253-F254-F255-F256-F257-F258-F259-F260-F261-F262-F263-F264-F265-F266-F267-F268-F269-F270-F271-F272-F273-F274-F275-F276-F277-F278-F279-F280-F281-F282-F283-F284-F285-F286-F287-F288-F289-F290-F291-F292-F293-F294-F295-F296-F297-F298-F299-F300-F301-F302-F303-F304-F305-F306-F307-F308-F309-F310-F311-F312-F313-F314-F315-F316-F317-F318-F319-F320-F321-F322-F323-F324-F325-F326-F327-F328-F329-F330-F331-F332-F333-F334-F335-F336-F337-F338-F339-F340-F341-F342-F343-F344-F345-F346-F347-F348-F349-F350-F351-F352-F353-F354-F355-F356-F357-F358-F359-F360-F361-F362-F363-F364-F365-F366-F367-F368-F369-F370-F371-F372-F373-F374-F375-F376-F377-F378-F379-F380-F381-F382-F383-F384-F385-F386-F387-F388-F389-F390-F391-F392-F393-F394-F395-F396-F397-F398-F399-F400-F401-F402-F403-F404-F405-F406-F407-F408-F409-F410-F411-F412-F413-F414-F415-F416-F417-F418-F419-F420-F421-F422-F423-F424-F425-F426-F427-F428-F429-F430-F431-F432-F433-F434-F435-F436-F437-F438-F439-F440-F441-F442-F443-F444-F445-F446-F447-F448-F449-F450-F451-F452-F453-F454-F455-F456-F457-F458-F459-F460-F461-F462-F463-F464-F465-F466-F467-F468-F469-F470-F471-F472-F473-F474-F475-F476-F477-F478-F479-F480-F481-F482-F483-F484-F485-F486-F487-F488-F489-F490-F491-F492-F493-F494-F495-F496-F497-F498-F499-F500-F501-F502-F503-F504-F505-F506-F507-F508-F509-F510-F511-F512

## Summary

Number of input bits: 512  
Number of free input bits: 14  
Number of output bits: 160

Number of direct occurrences: 63670  
Number of assignments: 39301  
Number of operations: 19398488
(xor: 19360103,
and: 21725,
or: 16660)

Total complexity: 8.593491507071934 × 10^357

Least occurring input variable: iv_012 (4207)  
Most occurring input variable: iv_005 (4796)

Most co-occurring input variables: iv_008-iv_009 (2294)  
Least co-occurring input variables: iv_012-iv_016 (1936)

Potentially most occurring input variable: iv_005/iv_016 (5384)  
Potentially least occurring input variable: iv_002/iv_007 (4445)

Least output occurring input variable: iv_005 (60)  
Most output occurring input variable: iv_012 (87)

Most output co-occurring input variables: iv_011-iv_012 (49)  
Least output co-occurring input variables: iv_005-iv_008 (23)

Potentially most output occurring input variable: iv_013/iv_016 (96)  
Potentially least output occurring input variable: iv_011/iv_012 (66)

Least complex input bit: iv_016 (1.2564709508157278 × 10^354)  
Most complex input bit: iv_005 (1.9144258727534121 × 10^357)

Least complex output bit: aaa_76_29 (1.9527754893077415 × 10^332)  
Most complex output bit: ov_001 (1.3154492498742516 × 10^357)

Least complex input/output complexity: iv_016/aaa_76_29 (2.855190668148064 × 10^328)  
Most complex input/output complexity: iv_005/ov_001 (2.930508601981973 × 10^356)

## Input Bits

### Input Bits in Regular Order

| Input Bit | Complexity | Occurrences | Output Occurrences |
|:---------:|:----------:|:-----------:|:------------------:|
| iv_001 | 3.836618523855676 × 10^354 | 4611 | 69 |
| iv_002 | 1.6606786578013161 × 10^355 | 4377 | 75 |
| iv_003 | 4.777454801240772 × 10^355 | 4421 | 75 |
| iv_004 | 1.0391833767093407 × 10^356 | 4580 | 78 |
| iv_005 | 1.9144258727534121 × 10^357 | 4796 | 60 |
| iv_006 | 2.30092356032705 × 10^356 | 4436 | 83 |
| iv_007 | 2.984082494408503 × 10^356 | 4388 | 81 |
| iv_008 | 1.8843501102368987 × 10^357 | 4786 | 68 |
| iv_009 | 4.724597148281836 × 10^356 | 4657 | 84 |
| iv_010 | 6.030722033610303 × 10^356 | 4519 | 84 |
| iv_011 | 7.87229876588555 × 10^356 | 4741 | 77 |
| iv_012 | 9.958250025065191 × 10^356 | 4207 | 87 |
| iv_013 | 1.2342353595877634 × 10^357 | 4605 | 77 |
| iv_016 | 1.2564709508157278 × 10^354 | 4546 | 79 |

### Input Bits Sorted by Complexity

| Input Bit | Complexity | Occurrences | Output Occurrences |
|:---------:|:----------:|:-----------:|:------------------:|
| iv_016 | 1.2564709508157278 × 10^354 | 4546 | 79 |
| iv_001 | 3.836618523855676 × 10^354 | 4611 | 69 |
| iv_002 | 1.6606786578013161 × 10^355 | 4377 | 75 |
| iv_003 | 4.777454801240772 × 10^355 | 4421 | 75 |
| iv_004 | 1.0391833767093407 × 10^356 | 4580 | 78 |
| iv_006 | 2.30092356032705 × 10^356 | 4436 | 83 |
| iv_007 | 2.984082494408503 × 10^356 | 4388 | 81 |
| iv_009 | 4.724597148281836 × 10^356 | 4657 | 84 |
| iv_010 | 6.030722033610303 × 10^356 | 4519 | 84 |
| iv_011 | 7.87229876588555 × 10^356 | 4741 | 77 |
| iv_012 | 9.958250025065191 × 10^356 | 4207 | 87 |
| iv_013 | 1.2342353595877634 × 10^357 | 4605 | 77 |
| iv_008 | 1.8843501102368987 × 10^357 | 4786 | 68 |
| iv_005 | 1.9144258727534121 × 10^357 | 4796 | 60 |

### Input Bits Sorted by Occurrences

| Input Bit | Complexity | Occurrences | Output Occurrences |
|:---------:|:----------:|:-----------:|:------------------:|
| iv_012 | 9.958250025065191 × 10^356 | 4207 | 87 |
| iv_002 | 1.6606786578013161 × 10^355 | 4377 | 75 |
| iv_007 | 2.984082494408503 × 10^356 | 4388 | 81 |
| iv_003 | 4.777454801240772 × 10^355 | 4421 | 75 |
| iv_006 | 2.30092356032705 × 10^356 | 4436 | 83 |
| iv_010 | 6.030722033610303 × 10^356 | 4519 | 84 |
| iv_016 | 1.2564709508157278 × 10^354 | 4546 | 79 |
| iv_004 | 1.0391833767093407 × 10^356 | 4580 | 78 |
| iv_013 | 1.2342353595877634 × 10^357 | 4605 | 77 |
| iv_001 | 3.836618523855676 × 10^354 | 4611 | 69 |
| iv_009 | 4.724597148281836 × 10^356 | 4657 | 84 |
| iv_011 | 7.87229876588555 × 10^356 | 4741 | 77 |
| iv_008 | 1.8843501102368987 × 10^357 | 4786 | 68 |
| iv_005 | 1.9144258727534121 × 10^357 | 4796 | 60 |

### Input Bits Sorted by Output Occurrences

| Input Bit | Complexity | Occurrences | Output Occurrences |
|:---------:|:----------:|:-----------:|:------------------:|
| iv_005 | 1.9144258727534121 × 10^357 | 4796 | 60 |
| iv_008 | 1.8843501102368987 × 10^357 | 4786 | 68 |
| iv_001 | 3.836618523855676 × 10^354 | 4611 | 69 |
| iv_002 | 1.6606786578013161 × 10^355 | 4377 | 75 |
| iv_003 | 4.777454801240772 × 10^355 | 4421 | 75 |
| iv_013 | 1.2342353595877634 × 10^357 | 4605 | 77 |
| iv_011 | 7.87229876588555 × 10^356 | 4741 | 77 |
| iv_004 | 1.0391833767093407 × 10^356 | 4580 | 78 |
| iv_016 | 1.2564709508157278 × 10^354 | 4546 | 79 |
| iv_007 | 2.984082494408503 × 10^356 | 4388 | 81 |
| iv_006 | 2.30092356032705 × 10^356 | 4436 | 83 |
| iv_009 | 4.724597148281836 × 10^356 | 4657 | 84 |
| iv_010 | 6.030722033610303 × 10^356 | 4519 | 84 |
| iv_012 | 9.958250025065191 × 10^356 | 4207 | 87 |

## Input Bit Co-occurrences

### Input Bit Co-occurrences Sorted by Co-occurrences

| Input Bits | Co-occurrences | Potential Occurrences | Output Co-occurrences | Potential Output Occurrences |
|:----------:|:--------------:|:---------------------:|:---------------------:|:----------------------------:|
| iv_008-iv_009 | 2294 | 4855 | 40 | 72 |
| iv_009-iv_011 | 2280 | 4838 | 40 | 81 |
| iv_008-iv_013 | 2279 | 4833 | 33 | 79 |
| iv_001-iv_006 | 2262 | 4523 | 36 | 80 |
| iv_004-iv_009 | 2249 | 4739 | 45 | 72 |
| iv_011-iv_016 | 2240 | 4807 | 34 | 88 |
| iv_003-iv_013 | 2235 | 4556 | 34 | 84 |
| iv_010-iv_011 | 2230 | 4800 | 43 | 75 |
| iv_006-iv_011 | 2226 | 4725 | 42 | 76 |
| iv_001-iv_011 | 2225 | 4902 | 32 | 82 |
| iv_009-iv_010 | 2218 | 4740 | 38 | 92 |
| iv_005-iv_009 | 2213 | 5027 | 34 | 76 |
| iv_001-iv_016 | 2204 | 4749 | 35 | 78 |
| iv_003-iv_008 | 2200 | 4807 | 31 | 81 |

### Input Bit Co-occurrences Sorted by Potential Occurrences

| Input Bits | Co-occurrences | Potential Occurrences | Output Co-occurrences | Potential Output Occurrences |
|:----------:|:--------------:|:---------------------:|:---------------------:|:----------------------------:|
| iv_002-iv_007 | 2160 | 4445 | 37 | 82 |
| iv_002-iv_012 | 2066 | 4452 | 41 | 80 |
| iv_003-iv_012 | 2058 | 4512 | 41 | 80 |
| iv_007-iv_012 | 2041 | 4513 | 47 | 74 |
| iv_001-iv_006 | 2262 | 4523 | 36 | 80 |
| iv_003-iv_013 | 2235 | 4556 | 34 | 84 |
| iv_003-iv_004 | 2196 | 4609 | 36 | 81 |
| iv_007-iv_010 | 2145 | 4617 | 49 | 67 |
| iv_003-iv_007 | 2081 | 4647 | 42 | 72 |
| iv_012-iv_013 | 2073 | 4666 | 37 | 90 |
| iv_004-iv_007 | 2144 | 4680 | 43 | 73 |
| iv_006-iv_016 | 2138 | 4706 | 40 | 82 |
| iv_002-iv_013 | 2134 | 4714 | 34 | 84 |
| iv_006-iv_007 | 2053 | 4718 | 46 | 72 |

### Input Bit Output Co-occurrences Sorted by Output Co-occurrences

| Input Bits | Co-occurrences | Potential Occurrences | Output Co-occurrences | Potential Output Occurrences |
|:----------:|:--------------:|:---------------------:|:---------------------:|:----------------------------:|
| iv_007-iv_010 | 2145 | 4617 | 49 | 67 |
| iv_011-iv_012 | 2036 | 4876 | 49 | 66 |
| iv_004-iv_006 | 2018 | 4980 | 47 | 67 |
| iv_007-iv_012 | 2041 | 4513 | 47 | 74 |
| iv_006-iv_007 | 2053 | 4718 | 46 | 72 |
| iv_006-iv_012 | 1943 | 4757 | 46 | 78 |
| iv_010-iv_012 | 1996 | 4734 | 46 | 79 |
| iv_006-iv_010 | 2018 | 4919 | 45 | 77 |
| iv_004-iv_010 | 2159 | 4781 | 45 | 72 |
| iv_004-iv_009 | 2249 | 4739 | 45 | 72 |
| iv_002-iv_010 | 2052 | 4792 | 43 | 73 |
| iv_004-iv_007 | 2144 | 4680 | 43 | 73 |
| iv_009-iv_016 | 2121 | 4961 | 43 | 77 |
| iv_009-iv_012 | 2065 | 4734 | 43 | 85 |

### Input Bit Output Co-occurrences Sorted by Potential Output Occurrences

| Input Bits | Co-occurrences | Potential Occurrences | Output Co-occurrences | Potential Output Occurrences |
|:----------:|:--------------:|:---------------------:|:---------------------:|:----------------------------:|
| iv_011-iv_012 | 2036 | 4876 | 49 | 66 |
| iv_007-iv_010 | 2145 | 4617 | 49 | 67 |
| iv_004-iv_006 | 2018 | 4980 | 47 | 67 |
| iv_001-iv_010 | 2136 | 4858 | 42 | 69 |
| iv_001-iv_005 | 2083 | 5241 | 30 | 69 |
| iv_001-iv_007 | 2138 | 4723 | 40 | 70 |
| iv_006-iv_007 | 2053 | 4718 | 46 | 72 |
| iv_008-iv_009 | 2294 | 4855 | 40 | 72 |
| iv_002-iv_016 | 2034 | 4855 | 41 | 72 |
| iv_004-iv_010 | 2159 | 4781 | 45 | 72 |
| iv_003-iv_007 | 2081 | 4647 | 42 | 72 |
| iv_001-iv_013 | 2099 | 5018 | 37 | 72 |
| iv_004-iv_009 | 2249 | 4739 | 45 | 72 |
| iv_001-iv_012 | 2004 | 4810 | 42 | 72 |

## Output Bits

### Output Bits in Regular Order

| Rank | Output Bit | Complexity |
|:----:|:----------:|:----------:|
| 1 | ov_001 | 1.3154492498742516 × 10^357 |
| 2 | ov_002 | 1.1486475233253201 × 10^357 |
| 3 | ov_003 | 9.987342730053457 × 10^356 |
| 4 | ov_004 | 8.643706202073423 × 10^356 |
| 5 | ov_005 | 7.442927533371884 × 10^356 |
| 6 | ov_006 | 6.373066831512756 × 10^356 |
| 7 | ov_007 | 5.422836173240139 × 10^356 |
| 8 | ov_008 | 4.581558945823721 × 10^356 |
| 9 | ov_009 | 3.8391343248305006 × 10^356 |
| 10 | ov_010 | 3.186006560193799 × 10^356 |
| 11 | ov_011 | 2.6175304979212146 × 10^356 |
| 12 | ov_012 | 2.1293144067224794 × 10^356 |
| 13 | ov_013 | 1.713296580466325 × 10^356 |
| 14 | ov_014 | 1.361878564256684 × 10^356 |
| 15 | ov_015 | 1.0679128463687411 × 10^356 |
| 16 | ov_016 | 8.24693001634596 × 10^355 |
| 17 | ov_017 | 6.259459314330634 × 10^355 |
| 18 | ov_018 | 4.6582587393549 × 10^355 |
| 19 | ov_019 | 3.3890988661396218 × 10^355 |
| 20 | ov_020 | 2.4019453127512287 × 10^355 |
| 21 | ov_021 | 1.6509352007602618 × 10^355 |
| 22 | ov_022 | 1.0943610913262005 × 10^355 |
| 23 | ov_023 | 6.946605446335206 × 10^354 |
| 24 | ov_024 | 4.184097313073238 × 10^354 |
| 25 | ov_025 | 2.3631980558679835 × 10^354 |
| 26 | ov_026 | 1.2323502999082963 × 10^354 |
| 27 | ov_027 | 5.813191307026906 × 10^353 |
| 28 | ov_028 | 2.4118868842222264 × 10^353 |
| 29 | ov_029 | 8.43610697035357 × 10^352 |
| 30 | ov_030 | 2.317522259291565 × 10^352 |
| 31 | ov_031 | 4.524403061116187 × 10^351 |
| 32 | lv_80_m31 | 8.831577994244697 × 10^350 |
| 33 | ov_033 | 1.093469910530359 × 10^352 |
| 34 | ov_034 | 9.5538686735285 × 10^351 |
| 35 | ov_035 | 8.313870202085085 × 10^351 |
| 36 | ov_036 | 7.203347308308685 × 10^351 |
| 37 | ov_037 | 6.211575445215596 × 10^351 |
| 38 | ov_038 | 5.328417645678093 × 10^351 |
| 39 | ov_039 | 4.544285773002936 × 10^351 |
| 40 | ov_040 | 3.8501067883663476 × 10^351 |
| 41 | ov_041 | 3.2372935720583766 × 10^351 |
| 42 | ov_042 | 2.6977198608824225 × 10^351 |
| 43 | ov_043 | 2.2236988885258338 × 10^351 |
| 44 | ov_044 | 1.8114946949991073 × 10^351 |
| 45 | ov_045 | 1.4575779247307933 × 10^351 |
| 46 | ov_046 | 1.1586189694662165 × 10^351 |
| 47 | ov_047 | 9.085363635443591 × 10^350 |
| 48 | ov_048 | 7.016240515647349 × 10^350 |
| 49 | ov_049 | 5.325448606072436 × 10^350 |
| 50 | ov_050 | 3.963254200321967 × 10^350 |
| 51 | ov_051 | 2.8835229375251563 × 10^350 |
| 52 | ov_052 | 2.0436911117519084 × 10^350 |
| 53 | ov_053 | 1.4047450426033334 × 10^350 |
| 54 | ov_054 | 9.312067936408844 × 10^349 |
| 55 | ov_055 | 5.911247373036723 × 10^349 |
| 56 | ov_056 | 3.5606767684836118 × 10^349 |
| 57 | ov_057 | 2.0112144768212073 × 10^349 |
| 58 | ov_058 | 1.0488713227477444 × 10^349 |
| 59 | ov_059 | 4.948023287445021 × 10^348 |
| 60 | ov_060 | 2.053034584635766 × 10^348 |
| 61 | ov_061 | 7.181056376661035 × 10^347 |
| 62 | ov_062 | 1.9726750566686602 × 10^347 |
| 63 | ov_063 | 3.850823532260217 × 10^346 |
| 64 | lv_79_m31 | 7.515732016471312 × 10^345 |
| 65 | ov_065 | 9.214459568177316 × 10^346 |
| 66 | ov_066 | 9.214424253156232 × 10^346 |
| 67 | ov_067 | 9.214412948097485 × 10^346 |
| 68 | ov_068 | 8.042064687543371 × 10^346 |
| 69 | ov_069 | 6.987623635462126 × 10^346 |
| 70 | ov_070 | 6.042290101902727 × 10^346 |
| 71 | ov_071 | 5.197759376588257 × 10^346 |
| 72 | ov_072 | 4.446186174848842 × 10^346 |
| 73 | ov_073 | 3.780153316240988 × 10^346 |
| 74 | ov_074 | 3.1926442271022192 × 10^346 |
| 75 | ov_075 | 2.677018925084376 × 10^346 |
| 76 | ov_076 | 2.2269932512129197 × 10^346 |
| 77 | ov_077 | 1.836621133226222 × 10^346 |
| 78 | ov_078 | 1.5002795980700835 × 10^346 |
| 79 | ov_079 | 1.212656229182413 × 10^346 |
| 80 | ov_080 | 9.68738783168296 × 10^345 |
| 81 | ov_081 | 7.638066990465433 × 10^345 |
| 82 | ov_082 | 5.934242515312326 × 10^345 |
| 83 | ov_083 | 4.534351178675842 × 10^345 |
| 84 | ov_084 | 3.3995814563048 × 10^345 |
| 85 | ov_085 | 2.4938412666418754 × 10^345 |
| 86 | ov_086 | 1.7837340003065368 × 10^345 |
| 87 | ov_087 | 1.2385412446912738 × 10^345 |
| 88 | ov_088 | 8.302107847220698 × 10^344 |
| 89 | ov_089 | 5.3334863666397676 × 10^344 |
| 90 | ov_090 | 3.2521404757904443 × 10^344 |
| 91 | ov_091 | 1.8571656872449464 × 10^344 |
| 92 | ov_092 | 9.741448684182294 × 10^343 |
| 93 | ov_093 | 4.55140714589513 × 10^343 |
| 94 | ov_094 | 1.7869261753008567 × 10^343 |
| 95 | aaa_78_28 | 4.981559311968373 × 10^342 |
| 96 | aaa_78_29 | 1.45587512969552 × 10^342 |
| 97 | ov_097 | 1.39129378005497 × 10^342 |
| 98 | ov_098 | 1.3912899674944386 × 10^342 |
| 99 | ov_099 | 1.3912890444772816 × 10^342 |
| 100 | ov_100 | 1.2142656314746418 × 10^342 |
| 101 | ov_101 | 1.0553078825849451 × 10^342 |
| 102 | ov_102 | 9.129814573270484 × 10^341 |
| 103 | ov_103 | 7.859324214734624 × 10^341 |
| 104 | ov_104 | 6.728818339890791 × 10^341 |
| 105 | ov_105 | 5.726209869438613 × 10^341 |
| 106 | ov_106 | 4.840072198059908 × 10^341 |
| 107 | ov_107 | 4.0596023802431464 × 10^341 |
| 108 | ov_108 | 3.3745888211876107 × 10^341 |
| 109 | ov_109 | 2.77538308925112 × 10^341 |
| 110 | ov_110 | 2.257298483249736 × 10^341 |
| 111 | ov_111 | 1.8159120498564842 × 10^341 |
| 112 | ov_112 | 1.4431322515341488 × 10^341 |
| 113 | ov_113 | 1.1313530641431258 × 10^341 |
| 114 | ov_114 | 8.734419744321308 × 10^340 |
| 115 | ov_115 | 6.6273043596048644 × 10^340 |
| 116 | ov_116 | 4.930064835505126 × 10^340 |
| 117 | ov_117 | 3.58509163697769 × 10^340 |
| 118 | ov_118 | 2.539244480957493 × 10^340 |
| 119 | ov_119 | 1.7438233224145857 × 10^340 |
| 120 | ov_120 | 1.1545485584654744 × 10^340 |
| 121 | ov_121 | 7.315481650849047 × 10^339 |
| 122 | ov_122 | 4.393498281146128 × 10^339 |
| 123 | ov_123 | 2.4687647734854686 × 10^339 |
| 124 | ov_124 | 1.2744397807406642 × 10^339 |
| 125 | ov_125 | 5.876007000485152 × 10^338 |
| 126 | ov_126 | 2.2923948285336985 × 10^338 |
| 127 | aaa_77_28 | 6.426128396973961 × 10^337 |
| 128 | aaa_77_29 | 1.9557447343862252 × 10^337 |
| 129 | ov_129 | 1.1656323160465606 × 10^337 |
| 130 | ov_130 | 1.1656285037356029 × 10^337 |
| 131 | ov_131 | 1.1656275790281236 × 10^337 |
| 132 | ov_132 | 1.0172152039443017 × 10^337 |
| 133 | ov_133 | 8.848872707774738 × 10^336 |
| 134 | ov_134 | 7.6721946756744945 × 10^336 |
| 135 | ov_135 | 6.628685614628912 × 10^336 |
| 136 | ov_136 | 5.705668457828512 × 10^336 |
| 137 | ov_137 | 4.8911719821906425 × 10^336 |
| 138 | ov_138 | 4.173886917064119 × 10^336 |
| 139 | ov_139 | 3.5431271618312575 × 10^336 |
| 140 | ov_140 | 2.988795762720143 × 10^336 |
| 141 | ov_141 | 2.501355318864634 × 10^336 |
| 142 | ov_142 | 2.071802506703413 × 10^336 |
| 143 | ov_143 | 1.6957662473052086 × 10^336 |
| 144 | ov_144 | 1.3691267236837297 × 10^336 |
| 145 | ov_145 | 1.0880071865057469 × 10^336 |
| 146 | ov_146 | 8.487673187090375 × 10^335 |
| 147 | ov_147 | 6.479979659842278 × 10^335 |
| 148 | ov_148 | 4.82517028404102 × 10^335 |
| 149 | ov_149 | 3.493663255122401 × 10^335 |
| 150 | ov_150 | 2.458092641431433 × 10^335 |
| 151 | ov_151 | 1.670311987988745 × 10^335 |
| 152 | ov_152 | 1.0865417021605467 × 10^335 |
| 153 | ov_153 | 6.673563552959977 × 10^334 |
| 154 | ov_154 | 3.776768967929067 × 10^334 |
| 155 | ov_155 | 1.867662152896789 × 10^334 |
| 156 | aaa_76_25 | 6.822687928855103 × 10^333 |
| 157 | aaa_76_26 | 3.563511164574226 × 10^333 |
| 158 | aaa_76_27 | 1.642600783736754 × 10^333 |
| 159 | aaa_76_28 | 6.407097739317825 × 10^332 |
| 160 | aaa_76_29 | 1.9527754893077415 × 10^332 |

### Output Bits Sorted by Complexity

| Rank | Output Bit | Complexity |
|:----:|:----------:|:----------:|
| 160 | aaa_76_29 | 1.9527754893077415 × 10^332 |
| 159 | aaa_76_28 | 6.407097739317825 × 10^332 |
| 158 | aaa_76_27 | 1.642600783736754 × 10^333 |
| 157 | aaa_76_26 | 3.563511164574226 × 10^333 |
| 156 | aaa_76_25 | 6.822687928855103 × 10^333 |
| 155 | ov_155 | 1.867662152896789 × 10^334 |
| 154 | ov_154 | 3.776768967929067 × 10^334 |
| 153 | ov_153 | 6.673563552959977 × 10^334 |
| 152 | ov_152 | 1.0865417021605467 × 10^335 |
| 151 | ov_151 | 1.670311987988745 × 10^335 |
| 150 | ov_150 | 2.458092641431433 × 10^335 |
| 149 | ov_149 | 3.493663255122401 × 10^335 |
| 148 | ov_148 | 4.82517028404102 × 10^335 |
| 147 | ov_147 | 6.479979659842278 × 10^335 |
| 146 | ov_146 | 8.487673187090375 × 10^335 |
| 145 | ov_145 | 1.0880071865057469 × 10^336 |
| 144 | ov_144 | 1.3691267236837297 × 10^336 |
| 143 | ov_143 | 1.6957662473052086 × 10^336 |
| 142 | ov_142 | 2.071802506703413 × 10^336 |
| 141 | ov_141 | 2.501355318864634 × 10^336 |
| 140 | ov_140 | 2.988795762720143 × 10^336 |
| 139 | ov_139 | 3.5431271618312575 × 10^336 |
| 138 | ov_138 | 4.173886917064119 × 10^336 |
| 137 | ov_137 | 4.8911719821906425 × 10^336 |
| 136 | ov_136 | 5.705668457828512 × 10^336 |
| 135 | ov_135 | 6.628685614628912 × 10^336 |
| 134 | ov_134 | 7.6721946756744945 × 10^336 |
| 133 | ov_133 | 8.848872707774738 × 10^336 |
| 132 | ov_132 | 1.0172152039443017 × 10^337 |
| 131 | ov_131 | 1.1656275790281236 × 10^337 |
| 130 | ov_130 | 1.1656285037356029 × 10^337 |
| 129 | ov_129 | 1.1656323160465606 × 10^337 |
| 128 | aaa_77_29 | 1.9557447343862252 × 10^337 |
| 127 | aaa_77_28 | 6.426128396973961 × 10^337 |
| 126 | ov_126 | 2.2923948285336985 × 10^338 |
| 125 | ov_125 | 5.876007000485152 × 10^338 |
| 124 | ov_124 | 1.2744397807406642 × 10^339 |
| 123 | ov_123 | 2.4687647734854686 × 10^339 |
| 122 | ov_122 | 4.393498281146128 × 10^339 |
| 121 | ov_121 | 7.315481650849047 × 10^339 |
| 120 | ov_120 | 1.1545485584654744 × 10^340 |
| 119 | ov_119 | 1.7438233224145857 × 10^340 |
| 118 | ov_118 | 2.539244480957493 × 10^340 |
| 117 | ov_117 | 3.58509163697769 × 10^340 |
| 116 | ov_116 | 4.930064835505126 × 10^340 |
| 115 | ov_115 | 6.6273043596048644 × 10^340 |
| 114 | ov_114 | 8.734419744321308 × 10^340 |
| 113 | ov_113 | 1.1313530641431258 × 10^341 |
| 112 | ov_112 | 1.4431322515341488 × 10^341 |
| 111 | ov_111 | 1.8159120498564842 × 10^341 |
| 110 | ov_110 | 2.257298483249736 × 10^341 |
| 109 | ov_109 | 2.77538308925112 × 10^341 |
| 108 | ov_108 | 3.3745888211876107 × 10^341 |
| 107 | ov_107 | 4.0596023802431464 × 10^341 |
| 106 | ov_106 | 4.840072198059908 × 10^341 |
| 105 | ov_105 | 5.726209869438613 × 10^341 |
| 104 | ov_104 | 6.728818339890791 × 10^341 |
| 103 | ov_103 | 7.859324214734624 × 10^341 |
| 102 | ov_102 | 9.129814573270484 × 10^341 |
| 101 | ov_101 | 1.0553078825849451 × 10^342 |
| 100 | ov_100 | 1.2142656314746418 × 10^342 |
| 99 | ov_099 | 1.3912890444772816 × 10^342 |
| 98 | ov_098 | 1.3912899674944386 × 10^342 |
| 97 | ov_097 | 1.39129378005497 × 10^342 |
| 96 | aaa_78_29 | 1.45587512969552 × 10^342 |
| 95 | aaa_78_28 | 4.981559311968373 × 10^342 |
| 94 | ov_094 | 1.7869261753008567 × 10^343 |
| 93 | ov_093 | 4.55140714589513 × 10^343 |
| 92 | ov_092 | 9.741448684182294 × 10^343 |
| 91 | ov_091 | 1.8571656872449464 × 10^344 |
| 90 | ov_090 | 3.2521404757904443 × 10^344 |
| 89 | ov_089 | 5.3334863666397676 × 10^344 |
| 88 | ov_088 | 8.302107847220698 × 10^344 |
| 87 | ov_087 | 1.2385412446912738 × 10^345 |
| 86 | ov_086 | 1.7837340003065368 × 10^345 |
| 85 | ov_085 | 2.4938412666418754 × 10^345 |
| 84 | ov_084 | 3.3995814563048 × 10^345 |
| 83 | ov_083 | 4.534351178675842 × 10^345 |
| 82 | ov_082 | 5.934242515312326 × 10^345 |
| 64 | lv_79_m31 | 7.515732016471312 × 10^345 |
| 81 | ov_081 | 7.638066990465433 × 10^345 |
| 80 | ov_080 | 9.68738783168296 × 10^345 |
| 79 | ov_079 | 1.212656229182413 × 10^346 |
| 78 | ov_078 | 1.5002795980700835 × 10^346 |
| 77 | ov_077 | 1.836621133226222 × 10^346 |
| 76 | ov_076 | 2.2269932512129197 × 10^346 |
| 75 | ov_075 | 2.677018925084376 × 10^346 |
| 74 | ov_074 | 3.1926442271022192 × 10^346 |
| 73 | ov_073 | 3.780153316240988 × 10^346 |
| 63 | ov_063 | 3.850823532260217 × 10^346 |
| 72 | ov_072 | 4.446186174848842 × 10^346 |
| 71 | ov_071 | 5.197759376588257 × 10^346 |
| 70 | ov_070 | 6.042290101902727 × 10^346 |
| 69 | ov_069 | 6.987623635462126 × 10^346 |
| 68 | ov_068 | 8.042064687543371 × 10^346 |
| 67 | ov_067 | 9.214412948097485 × 10^346 |
| 66 | ov_066 | 9.214424253156232 × 10^346 |
| 65 | ov_065 | 9.214459568177316 × 10^346 |
| 62 | ov_062 | 1.9726750566686602 × 10^347 |
| 61 | ov_061 | 7.181056376661035 × 10^347 |
| 60 | ov_060 | 2.053034584635766 × 10^348 |
| 59 | ov_059 | 4.948023287445021 × 10^348 |
| 58 | ov_058 | 1.0488713227477444 × 10^349 |
| 57 | ov_057 | 2.0112144768212073 × 10^349 |
| 56 | ov_056 | 3.5606767684836118 × 10^349 |
| 55 | ov_055 | 5.911247373036723 × 10^349 |
| 54 | ov_054 | 9.312067936408844 × 10^349 |
| 53 | ov_053 | 1.4047450426033334 × 10^350 |
| 52 | ov_052 | 2.0436911117519084 × 10^350 |
| 51 | ov_051 | 2.8835229375251563 × 10^350 |
| 50 | ov_050 | 3.963254200321967 × 10^350 |
| 49 | ov_049 | 5.325448606072436 × 10^350 |
| 48 | ov_048 | 7.016240515647349 × 10^350 |
| 32 | lv_80_m31 | 8.831577994244697 × 10^350 |
| 47 | ov_047 | 9.085363635443591 × 10^350 |
| 46 | ov_046 | 1.1586189694662165 × 10^351 |
| 45 | ov_045 | 1.4575779247307933 × 10^351 |
| 44 | ov_044 | 1.8114946949991073 × 10^351 |
| 43 | ov_043 | 2.2236988885258338 × 10^351 |
| 42 | ov_042 | 2.6977198608824225 × 10^351 |
| 41 | ov_041 | 3.2372935720583766 × 10^351 |
| 40 | ov_040 | 3.8501067883663476 × 10^351 |
| 31 | ov_031 | 4.524403061116187 × 10^351 |
| 39 | ov_039 | 4.544285773002936 × 10^351 |
| 38 | ov_038 | 5.328417645678093 × 10^351 |
| 37 | ov_037 | 6.211575445215596 × 10^351 |
| 36 | ov_036 | 7.203347308308685 × 10^351 |
| 35 | ov_035 | 8.313870202085085 × 10^351 |
| 34 | ov_034 | 9.5538686735285 × 10^351 |
| 33 | ov_033 | 1.093469910530359 × 10^352 |
| 30 | ov_030 | 2.317522259291565 × 10^352 |
| 29 | ov_029 | 8.43610697035357 × 10^352 |
| 28 | ov_028 | 2.4118868842222264 × 10^353 |
| 27 | ov_027 | 5.813191307026906 × 10^353 |
| 26 | ov_026 | 1.2323502999082963 × 10^354 |
| 25 | ov_025 | 2.3631980558679835 × 10^354 |
| 24 | ov_024 | 4.184097313073238 × 10^354 |
| 23 | ov_023 | 6.946605446335206 × 10^354 |
| 22 | ov_022 | 1.0943610913262005 × 10^355 |
| 21 | ov_021 | 1.6509352007602618 × 10^355 |
| 20 | ov_020 | 2.4019453127512287 × 10^355 |
| 19 | ov_019 | 3.3890988661396218 × 10^355 |
| 18 | ov_018 | 4.6582587393549 × 10^355 |
| 17 | ov_017 | 6.259459314330634 × 10^355 |
| 16 | ov_016 | 8.24693001634596 × 10^355 |
| 15 | ov_015 | 1.0679128463687411 × 10^356 |
| 14 | ov_014 | 1.361878564256684 × 10^356 |
| 13 | ov_013 | 1.713296580466325 × 10^356 |
| 12 | ov_012 | 2.1293144067224794 × 10^356 |
| 11 | ov_011 | 2.6175304979212146 × 10^356 |
| 10 | ov_010 | 3.186006560193799 × 10^356 |
| 9 | ov_009 | 3.8391343248305006 × 10^356 |
| 8 | ov_008 | 4.581558945823721 × 10^356 |
| 7 | ov_007 | 5.422836173240139 × 10^356 |
| 6 | ov_006 | 6.373066831512756 × 10^356 |
| 5 | ov_005 | 7.442927533371884 × 10^356 |
| 4 | ov_004 | 8.643706202073423 × 10^356 |
| 3 | ov_003 | 9.987342730053457 × 10^356 |
| 2 | ov_002 | 1.1486475233253201 × 10^357 |
| 1 | ov_001 | 1.3154492498742516 × 10^357 |

