# Results for F001-F002-F003-F004-F005-F006-F007-F008-F009-F010-F011-F012-F013-F014-F015-F016-F017-F018-F019-F020-F021-F022-F023-F024-F025-F026-F027-F028-F029-F030-F031-F032-F033-F034-F035-F036-F037-F038-F039-F040-F041-F042-F043-F044-F045-F046-F047-F048-F049-F050-F051-F052-F053-F054-F055-F056-F057-F058-F059-F060-F061-F062-F063-F064-F065-F066-F067-F068-F069-F070-F071-F072-F073-F074-F075-F076-F077-F078-F079-F080-F081-F082-F083-F084-F085-F086-F087-F088-F089-F090-F091-F092-F093-F094-F095-F096-F097-F098-F099-F100-F101-F102-F103-F104-F105-F106-F107-F108-F109-F110-F111-F112-F113-F114-F115-F116-F117-F118-F119-F120-F121-F122-F123-F124-F125-F126-F127-F128-F129-F130-F131-F132-F133-F134-F135-F136-F137-F138-F139-F140-F141-F142-F143-F144-F145-F146-F147-F148-F149-F150-F151-F152-F153-F154-F155-F156-F157-F158-F159-F160-F161-F162-F163-F164-F165-F166-F167-F168-F169-F170-F171-F172-F173-F174-F175-F176-F177-F178-F179-F180-F181-F182-F183-F184-F185-F186-F187-F188-F189-F190-F191-F192-F193-F194-F195-F196-F197-F198-F199-F200-F201-F202-F203-F204-F205-F206-F207-F208-F209-F210-F211-F212-F213-F214-F215-F216-F217-F218-F219-F220-F221-F222-F223-F224-F225-F226-F227-F228-F229-F230-F231-F232-F233-F234-F235-F236-F237-F238-F239-F240-F241-F242-F243-F244-F245-F246-F247-F248-F249-F250-F251-F252-F253-F254-F255-F256-F257-F258-F259-F260-F261-F262-F263-F264-F265-F266-F267-F268-F269-F270-F271-F272-F273-F274-F275-F276-F277-F278-F279-F280-F281-F282-F283-F284-F285-F286-F287-F288-F289-F290-F291-F292-F293-F294-F295-F296-F297-F298-F299-F300-F301-F302-F303-F304-F305-F306-F307-F308-F309-F310-F311-F312-F313-F314-F315-F316-F317-F318-F319-F320-F321-F322-F323-F324-F325-F326-F327-F328-F329-F330-F331-F332-F333-F334-F335-F336-F337-F338-F339-F340-F341-F342-F343-F344-F345-F346-F347-F348-F349-F350-F351-F352-F353-F354-F355-F356-F357-F358-F359-F360-F361-F362-F363-F364-F365-F366-F367-F368-F369-F370-F371-F372-F373-F374-F375-F376-F377-F378-F379-F380-F381-F382-F383-F384-F385-F386-F387-F388-F389-F390-F391-F392-F393-F394-F395-F396-F397-F398-F399-F400-F401-F402-F403-F404-F405-F406-F407-F408-F409-F410-F411-F412-F413-F414-F415-F416-F417-F418-F419-F420-F421-F422-F423-F424-F425-F426-F427-F428-F429-F430-F431-F432-F433-F434-F435-F436-F437-F438-F439-F440-F441-F442-F443-F444-F445-F446-F447-F448-F449-F450-F451-F452-F453-F454-F455-F456-F457-F458-F459-F460-F461-F462-F463-F464-F465-F466-F467-F468-F469-F470-F471-F472-F473-F474-F475-F476-F477-F478-F479-F480-F481-F482-F483-F484-F485-F486-F487-F488-F489-F490-F491-F492-F493-F494-F495-F496-F497-O499508

## Summary

Number of input bits: 512  
Number of free input bits: 14  
Number of output bits: 160

Number of direct occurrences: 57263  
Number of assignments: 32042  
Number of operations: 11391198
(xor: 11362365,
and: 15181,
or: 13652)

Total complexity: 1.3746784388037076 × 10^303

Least occurring input variable: iv_502 (3912)  
Most occurring input variable: iv_512 (4403)

Most co-occurring input variables: iv_511-iv_512 (2172)  
Least co-occurring input variables: iv_499-iv_502 (1753)

Potentially most occurring input variable: iv_499/iv_510 (4593)  
Potentially least occurring input variable: iv_506/iv_509 (4171)

Least output occurring input variable: iv_499 (71)  
Most output occurring input variable: iv_498 (88)

Most output co-occurring input variables: iv_498-iv_504 (50)  
Least output co-occurring input variables: iv_499-iv_510 (31)

Potentially most output occurring input variable: iv_505/iv_512 (93)  
Potentially least output occurring input variable: iv_499/iv_509 (61)

Least complex input bit: iv_498 (1.2532584731002338 × 10^300)  
Most complex input bit: iv_510 (3.3990607920352054 × 10^302)

Least complex output bit: aaa_76_29 (6.5054447600403265 × 10^277)  
Most complex output bit: ov_001 (2.139930358809292 × 10^302)

Least complex input/output complexity: iv_498/aaa_76_29 (5.9308442881384475 × 10^274)  
Most complex input/output complexity: iv_510/ov_001 (5.291239881993316 × 10^301)

## Input Bits

### Input Bits in Regular Order

| Input Bit | Complexity | Occurrences | Output Occurrences |
|:---------:|:----------:|:-----------:|:------------------:|
| iv_498 | 1.2532584731002338 × 10^300 | 3988 | 88 |
| iv_499 | 1.8895201759129983 × 10^302 | 4134 | 71 |
| iv_500 | 4.843265696658236 × 10^300 | 4147 | 76 |
| iv_501 | 8.900975294537531 × 10^300 | 4083 | 79 |
| iv_502 | 1.5165655213875472 × 10^301 | 3912 | 82 |
| iv_503 | 2.470450383751482 × 10^301 | 4067 | 76 |
| iv_504 | 3.8914307758915983 × 10^301 | 3964 | 80 |
| iv_505 | 5.966796742765651 × 10^301 | 3948 | 79 |
| iv_506 | 8.939928774694014 × 10^301 | 3985 | 82 |
| iv_507 | 1.3132498372502537 × 10^302 | 4206 | 76 |
| iv_509 | 2.555771714689131 × 10^302 | 4032 | 78 |
| iv_510 | 3.3990607920352054 × 10^302 | 4145 | 77 |
| iv_511 | 1.0040166316207693 × 10^302 | 4249 | 80 |
| iv_512 | 1.1566730220367338 × 10^302 | 4403 | 80 |

### Input Bits Sorted by Complexity

| Input Bit | Complexity | Occurrences | Output Occurrences |
|:---------:|:----------:|:-----------:|:------------------:|
| iv_498 | 1.2532584731002338 × 10^300 | 3988 | 88 |
| iv_500 | 4.843265696658236 × 10^300 | 4147 | 76 |
| iv_501 | 8.900975294537531 × 10^300 | 4083 | 79 |
| iv_502 | 1.5165655213875472 × 10^301 | 3912 | 82 |
| iv_503 | 2.470450383751482 × 10^301 | 4067 | 76 |
| iv_504 | 3.8914307758915983 × 10^301 | 3964 | 80 |
| iv_505 | 5.966796742765651 × 10^301 | 3948 | 79 |
| iv_506 | 8.939928774694014 × 10^301 | 3985 | 82 |
| iv_511 | 1.0040166316207693 × 10^302 | 4249 | 80 |
| iv_512 | 1.1566730220367338 × 10^302 | 4403 | 80 |
| iv_507 | 1.3132498372502537 × 10^302 | 4206 | 76 |
| iv_499 | 1.8895201759129983 × 10^302 | 4134 | 71 |
| iv_509 | 2.555771714689131 × 10^302 | 4032 | 78 |
| iv_510 | 3.3990607920352054 × 10^302 | 4145 | 77 |

### Input Bits Sorted by Occurrences

| Input Bit | Complexity | Occurrences | Output Occurrences |
|:---------:|:----------:|:-----------:|:------------------:|
| iv_502 | 1.5165655213875472 × 10^301 | 3912 | 82 |
| iv_505 | 5.966796742765651 × 10^301 | 3948 | 79 |
| iv_504 | 3.8914307758915983 × 10^301 | 3964 | 80 |
| iv_506 | 8.939928774694014 × 10^301 | 3985 | 82 |
| iv_498 | 1.2532584731002338 × 10^300 | 3988 | 88 |
| iv_509 | 2.555771714689131 × 10^302 | 4032 | 78 |
| iv_503 | 2.470450383751482 × 10^301 | 4067 | 76 |
| iv_501 | 8.900975294537531 × 10^300 | 4083 | 79 |
| iv_499 | 1.8895201759129983 × 10^302 | 4134 | 71 |
| iv_510 | 3.3990607920352054 × 10^302 | 4145 | 77 |
| iv_500 | 4.843265696658236 × 10^300 | 4147 | 76 |
| iv_507 | 1.3132498372502537 × 10^302 | 4206 | 76 |
| iv_511 | 1.0040166316207693 × 10^302 | 4249 | 80 |
| iv_512 | 1.1566730220367338 × 10^302 | 4403 | 80 |

### Input Bits Sorted by Output Occurrences

| Input Bit | Complexity | Occurrences | Output Occurrences |
|:---------:|:----------:|:-----------:|:------------------:|
| iv_499 | 1.8895201759129983 × 10^302 | 4134 | 71 |
| iv_503 | 2.470450383751482 × 10^301 | 4067 | 76 |
| iv_500 | 4.843265696658236 × 10^300 | 4147 | 76 |
| iv_507 | 1.3132498372502537 × 10^302 | 4206 | 76 |
| iv_510 | 3.3990607920352054 × 10^302 | 4145 | 77 |
| iv_509 | 2.555771714689131 × 10^302 | 4032 | 78 |
| iv_501 | 8.900975294537531 × 10^300 | 4083 | 79 |
| iv_505 | 5.966796742765651 × 10^301 | 3948 | 79 |
| iv_504 | 3.8914307758915983 × 10^301 | 3964 | 80 |
| iv_511 | 1.0040166316207693 × 10^302 | 4249 | 80 |
| iv_512 | 1.1566730220367338 × 10^302 | 4403 | 80 |
| iv_502 | 1.5165655213875472 × 10^301 | 3912 | 82 |
| iv_506 | 8.939928774694014 × 10^301 | 3985 | 82 |
| iv_498 | 1.2532584731002338 × 10^300 | 3988 | 88 |

## Input Bit Co-occurrences

### Input Bit Co-occurrences Sorted by Co-occurrences

| Input Bits | Co-occurrences | Potential Occurrences | Output Co-occurrences | Potential Output Occurrences |
|:----------:|:--------------:|:---------------------:|:---------------------:|:----------------------------:|
| iv_511-iv_512 | 2172 | 4308 | 43 | 74 |
| iv_507-iv_512 | 2124 | 4361 | 42 | 72 |
| iv_510-iv_512 | 2099 | 4350 | 43 | 71 |
| iv_500-iv_511 | 2095 | 4206 | 38 | 80 |
| iv_501-iv_512 | 2084 | 4318 | 37 | 85 |
| iv_500-iv_512 | 2077 | 4396 | 39 | 78 |
| iv_501-iv_511 | 2064 | 4204 | 41 | 77 |
| iv_503-iv_512 | 2061 | 4348 | 35 | 86 |
| iv_507-iv_510 | 2043 | 4265 | 39 | 75 |
| iv_503-iv_511 | 2028 | 4260 | 39 | 78 |
| iv_507-iv_511 | 2028 | 4399 | 39 | 78 |
| iv_503-iv_507 | 2022 | 4229 | 33 | 86 |
| iv_501-iv_510 | 2020 | 4188 | 41 | 74 |
| iv_500-iv_503 | 2015 | 4184 | 39 | 74 |

### Input Bit Co-occurrences Sorted by Potential Occurrences

| Input Bits | Co-occurrences | Potential Occurrences | Output Co-occurrences | Potential Output Occurrences |
|:----------:|:--------------:|:---------------------:|:---------------------:|:----------------------------:|
| iv_506-iv_509 | 1923 | 4171 | 43 | 74 |
| iv_500-iv_503 | 2015 | 4184 | 39 | 74 |
| iv_502-iv_505 | 1838 | 4184 | 37 | 87 |
| iv_506-iv_507 | 2003 | 4185 | 39 | 80 |
| iv_504-iv_506 | 1881 | 4187 | 41 | 80 |
| iv_501-iv_510 | 2020 | 4188 | 41 | 74 |
| iv_503-iv_506 | 1928 | 4196 | 39 | 80 |
| iv_504-iv_505 | 1858 | 4196 | 42 | 75 |
| iv_501-iv_505 | 1917 | 4197 | 35 | 88 |
| iv_498-iv_501 | 1934 | 4203 | 40 | 87 |
| iv_501-iv_511 | 2064 | 4204 | 41 | 77 |
| iv_500-iv_511 | 2095 | 4206 | 38 | 80 |
| iv_500-iv_505 | 1939 | 4217 | 43 | 69 |
| iv_498-iv_504 | 1867 | 4218 | 50 | 68 |

### Input Bit Output Co-occurrences Sorted by Output Co-occurrences

| Input Bits | Co-occurrences | Potential Occurrences | Output Co-occurrences | Potential Output Occurrences |
|:----------:|:--------------:|:---------------------:|:---------------------:|:----------------------------:|
| iv_498-iv_504 | 1867 | 4218 | 50 | 68 |
| iv_498-iv_512 | 2009 | 4373 | 47 | 74 |
| iv_498-iv_502 | 1775 | 4350 | 46 | 78 |
| iv_498-iv_510 | 1943 | 4247 | 46 | 73 |
| iv_498-iv_503 | 1909 | 4237 | 45 | 74 |
| iv_502-iv_511 | 1932 | 4297 | 45 | 72 |
| iv_499-iv_509 | 1948 | 4270 | 44 | 61 |
| iv_502-iv_506 | 1826 | 4245 | 44 | 76 |
| iv_507-iv_509 | 1978 | 4282 | 44 | 66 |
| iv_502-iv_504 | 1812 | 4252 | 43 | 76 |
| iv_503-iv_504 | 1874 | 4283 | 43 | 70 |
| iv_498-iv_507 | 1911 | 4372 | 43 | 78 |
| iv_498-iv_511 | 1910 | 4417 | 43 | 82 |
| iv_506-iv_510 | 1951 | 4228 | 43 | 73 |

### Input Bit Output Co-occurrences Sorted by Potential Output Occurrences

| Input Bits | Co-occurrences | Potential Occurrences | Output Co-occurrences | Potential Output Occurrences |
|:----------:|:--------------:|:---------------------:|:---------------------:|:----------------------------:|
| iv_499-iv_509 | 1948 | 4270 | 44 | 61 |
| iv_507-iv_509 | 1978 | 4282 | 44 | 66 |
| iv_498-iv_504 | 1867 | 4218 | 50 | 68 |
| iv_500-iv_505 | 1939 | 4217 | 43 | 69 |
| iv_503-iv_504 | 1874 | 4283 | 43 | 70 |
| iv_510-iv_512 | 2099 | 4350 | 43 | 71 |
| iv_499-iv_501 | 1886 | 4445 | 39 | 72 |
| iv_502-iv_511 | 1932 | 4297 | 45 | 72 |
| iv_507-iv_512 | 2124 | 4361 | 42 | 72 |
| iv_503-iv_505 | 1888 | 4239 | 41 | 73 |
| iv_498-iv_510 | 1943 | 4247 | 46 | 73 |
| iv_500-iv_501 | 1972 | 4286 | 41 | 73 |
| iv_506-iv_510 | 1951 | 4228 | 43 | 73 |
| iv_499-iv_512 | 1986 | 4565 | 39 | 73 |

## Output Bits

### Output Bits in Regular Order

| Rank | Output Bit | Complexity |
|:----:|:----------:|:----------:|
| 1 | ov_001 | 2.139930358809292 × 10^302 |
| 2 | ov_002 | 1.8631428109736682 × 10^302 |
| 3 | ov_003 | 1.61457143005845 × 10^302 |
| 4 | ov_004 | 1.392102127884817 × 10^302 |
| 5 | ov_005 | 1.1937367962705162 × 10^302 |
| 6 | ov_006 | 1.0175851297621952 × 10^302 |
| 7 | ov_007 | 8.618575070402856 × 10^301 |
| 8 | ov_008 | 7.248588340242165 × 10^301 |
| 9 | ov_009 | 6.04983256910766 × 10^301 |
| 10 | ov_010 | 5.007096583913417 × 10^301 |
| 11 | ov_011 | 4.1059785514898685 × 10^301 |
| 12 | ov_012 | 3.332854194627064 × 10^301 |
| 13 | ov_013 | 2.674850523710078 × 10^301 |
| 14 | ov_014 | 2.1198244039039395 × 10^301 |
| 15 | ov_015 | 1.656345322665105 × 10^301 |
| 16 | ov_016 | 1.273681766711748 × 10^301 |
| 17 | ov_017 | 9.617906616019201 × 10^300 |
| 18 | ov_018 | 7.113093708472594 × 10^300 |
| 19 | ov_019 | 5.135497951076974 × 10^300 |
| 20 | ov_020 | 3.6049415552719825 × 10^300 |
| 21 | ov_021 | 2.4479208872237145 × 10^300 |
| 22 | ov_022 | 1.5975872435154764 × 10^300 |
| 23 | ov_023 | 9.93734595879408 × 10^299 |
| 24 | ov_024 | 5.82791979268137 × 10^299 |
| 25 | ov_025 | 3.178188958780278 × 10^299 |
| 26 | ov_026 | 1.5850272469427673 × 10^299 |
| 27 | ov_027 | 7.115744075882553 × 10^298 |
| 28 | ov_028 | 2.872309194502548 × 10^298 |
| 29 | ov_029 | 1.0765630356122015 × 10^298 |
| 30 | ov_030 | 3.254707741685451 × 10^297 |
| 31 | ov_031 | 7.205325054757263 × 10^296 |
| 32 | lv_80_m31 | 1.4050572537524562 × 10^296 |
| 33 | ov_033 | 1.6947407756054045 × 10^297 |
| 34 | ov_034 | 1.4725783138333149 × 10^297 |
| 35 | ov_035 | 1.2733320109755598 × 10^297 |
| 36 | ov_036 | 1.0952716524922662 × 10^297 |
| 37 | ov_037 | 9.36762048547048 × 10^296 |
| 38 | ov_038 | 7.962563231639795 × 10^296 |
| 39 | ov_039 | 6.722900704530427 × 10^296 |
| 40 | ov_040 | 5.634762990145952 × 10^296 |
| 41 | ov_041 | 4.685010896555217 × 10^296 |
| 42 | ov_042 | 3.861198954972368 × 10^296 |
| 43 | ov_043 | 3.1515441743766037 × 10^296 |
| 44 | ov_044 | 2.544899917539826 × 10^296 |
| 45 | ov_045 | 2.0307343040821263 × 10^296 |
| 46 | ov_046 | 1.599112583503001 × 10^296 |
| 47 | ov_047 | 1.2406829581061746 × 10^296 |
| 48 | ov_048 | 9.466653724094538 × 10^295 |
| 49 | ov_049 | 7.088428220638139 × 10^295 |
| 50 | ov_050 | 5.195547715436131 × 10^295 |
| 51 | ov_051 | 3.7169230595233164 × 10^295 |
| 52 | ov_052 | 2.5869467825467484 × 10^295 |
| 53 | ov_053 | 1.7454694912941258 × 10^295 |
| 54 | ov_054 | 1.1377845246400368 × 10^295 |
| 55 | ov_055 | 7.146185530222869 × 10^294 |
| 56 | ov_056 | 4.3212616824740774 × 10^294 |
| 57 | ov_057 | 2.518869220973686 × 10^294 |
| 58 | ov_058 | 1.4090377268643292 × 10^294 |
| 59 | ov_059 | 7.160232928045267 × 10^293 |
| 60 | ov_060 | 3.1551000927396346 × 10^293 |
| 61 | ov_061 | 1.102931780094984 × 10^293 |
| 62 | ov_062 | 3.0279064663449977 × 10^292 |
| 63 | ov_063 | 5.906543406019681 × 10^291 |
| 64 | lv_79_m31 | 1.1519460231282476 × 10^291 |
| 65 | ov_065 | 1.3887459289389666 × 10^292 |
| 66 | ov_066 | 1.3887426184657203 × 10^292 |
| 67 | ov_067 | 1.388741835744899 × 10^292 |
| 68 | ov_068 | 1.2072105007119677 × 10^292 |
| 69 | ov_069 | 1.0442277736499459 × 10^292 |
| 70 | ov_070 | 8.984423954496574 × 10^291 |
| 71 | ov_071 | 7.685664642071022 × 10^291 |
| 72 | ov_072 | 6.533718618566569 × 10^291 |
| 73 | ov_073 | 5.516874764143103 × 10^291 |
| 74 | ov_074 | 4.6239705692878395 × 10^291 |
| 75 | ov_075 | 3.844375469410616 × 10^291 |
| 76 | ov_076 | 3.167977506092423 × 10^291 |
| 77 | ov_077 | 2.5851720853489553 × 10^291 |
| 78 | ov_078 | 2.0868521166371413 × 10^291 |
| 79 | ov_079 | 1.6643993001033046 × 10^291 |
| 80 | ov_080 | 1.3096764882857799 × 10^291 |
| 81 | ov_081 | 1.0150210493817639 × 10^291 |
| 82 | ov_082 | 7.732391598549114 × 10^290 |
| 83 | ov_083 | 5.776009546407359 × 10^290 |
| 84 | ov_084 | 4.218364635408559 × 10^290 |
| 85 | ov_085 | 3.0013226261938402 × 10^290 |
| 86 | ov_086 | 2.071287695556737 × 10^290 |
| 87 | ov_087 | 1.3791811199271877 × 10^290 |
| 88 | ov_088 | 8.804249796983662 × 10^289 |
| 89 | ov_089 | 5.349301755591153 × 10^289 |
| 90 | ov_090 | 3.0708804814240167 × 10^289 |
| 91 | ov_091 | 1.6576489237366845 × 10^289 |
| 92 | ov_092 | 8.429866387026363 × 10^288 |
| 93 | ov_093 | 4.04972097472218 × 10^288 |
| 94 | ov_094 | 1.6637446901358358 × 10^288 |
| 95 | aaa_78_28 | 4.9750416271913694 × 10^287 |
| 96 | aaa_78_29 | 1.7296729827051093 × 10^287 |
| 97 | ov_097 | 9.155758990777918 × 10^286 |
| 98 | ov_098 | 9.155641324079592 × 10^286 |
| 99 | ov_099 | 9.155603697507454 × 10^286 |
| 100 | ov_100 | 7.492388431113207 × 10^286 |
| 101 | ov_101 | 6.091387747701301 × 10^286 |
| 102 | ov_102 | 4.923483264187522 × 10^286 |
| 103 | ov_103 | 3.961172481633294 × 10^286 |
| 104 | ov_104 | 3.17845166027023 × 10^286 |
| 105 | ov_105 | 2.550713454453503 × 10^286 |
| 106 | ov_106 | 2.0546579897002039 × 10^286 |
| 107 | ov_107 | 1.6682161339792337 × 10^286 |
| 108 | ov_108 | 1.3704837826575075 × 10^286 |
| 109 | ov_109 | 1.141666041462339 × 10^286 |
| 110 | ov_110 | 9.630302549174659 × 10^285 |
| 111 | ov_111 | 8.168668893184824 × 10^285 |
| 112 | ov_112 | 6.864573397500512 × 10^285 |
| 113 | ov_113 | 5.708577162594269 × 10^285 |
| 114 | ov_114 | 4.69140540595809 × 10^285 |
| 115 | ov_115 | 3.8039095470356036 × 10^285 |
| 116 | ov_116 | 3.037035671503703 × 10^285 |
| 117 | ov_117 | 2.3817987984678696 × 10^285 |
| 118 | ov_118 | 1.8292623749782256 × 10^285 |
| 119 | ov_119 | 1.3705224227237765 × 10^285 |
| 120 | ov_120 | 9.966957619860334 × 10^284 |
| 121 | ov_121 | 6.989117380415998 × 10^284 |
| 122 | ov_122 | 4.683068752563945 × 10^284 |
| 123 | ov_123 | 2.9602169778406504 × 10^284 |
| 124 | ov_124 | 1.7319884127545243 × 10^284 |
| 125 | ov_125 | 9.098191480389443 × 10^283 |
| 126 | ov_126 | 4.051488381613347 × 10^283 |
| 127 | aaa_77_28 | 1.2941807303982654 × 10^283 |
| 128 | aaa_77_29 | 4.854367565647588 × 10^282 |
| 129 | ov_129 | 4.548302122601132 × 10^282 |
| 130 | ov_130 | 4.548289431011496 × 10^282 |
| 131 | ov_131 | 4.548286356814613 × 10^282 |
| 132 | ov_132 | 3.955049471882101 × 10^282 |
| 133 | ov_133 | 3.4226705264917406 × 10^282 |
| 134 | ov_134 | 2.9465749919333005 × 10^282 |
| 135 | ov_135 | 2.5224394514781355 × 10^282 |
| 136 | ov_136 | 2.1461737300816385 × 10^282 |
| 137 | ov_137 | 1.8139053492292612 × 10^282 |
| 138 | ov_138 | 1.5219660946029413 × 10^282 |
| 139 | ov_139 | 1.2668804953943032 × 10^282 |
| 140 | ov_140 | 1.0453560248587747 × 10^282 |
| 141 | ov_141 | 8.5427484216511 × 10^281 |
| 142 | ov_142 | 6.906869058119216 × 10^281 |
| 143 | ov_143 | 5.518042989115827 × 10^281 |
| 144 | ov_144 | 4.34996616528401 × 10^281 |
| 145 | ov_145 | 3.377872750403506 × 10^281 |
| 146 | ov_146 | 2.5785061320261204 × 10^281 |
| 147 | ov_147 | 1.9300966425070027 × 10^281 |
| 148 | ov_148 | 1.4123448800903374 × 10^281 |
| 149 | ov_149 | 1.0064096158003824 × 10^281 |
| 150 | ov_150 | 6.948993678738727 × 10^280 |
| 151 | ov_151 | 4.618668213943612 × 10^280 |
| 152 | ov_152 | 2.928053666781611 × 10^280 |
| 153 | ov_153 | 1.746471258293369 × 10^280 |
| 154 | ov_154 | 9.576193273658371 × 10^279 |
| 155 | ov_155 | 4.5956841505231045 × 10^279 |
| 156 | aaa_76_25 | 1.647589699978866 × 10^279 |
| 157 | aaa_76_26 | 9.353132261279149 × 10^278 |
| 158 | aaa_76_27 | 4.8123111612743885 × 10^278 |
| 159 | aaa_76_28 | 2.135041721758589 × 10^278 |
| 160 | aaa_76_29 | 6.5054447600403265 × 10^277 |

### Output Bits Sorted by Complexity

| Rank | Output Bit | Complexity |
|:----:|:----------:|:----------:|
| 160 | aaa_76_29 | 6.5054447600403265 × 10^277 |
| 159 | aaa_76_28 | 2.135041721758589 × 10^278 |
| 158 | aaa_76_27 | 4.8123111612743885 × 10^278 |
| 157 | aaa_76_26 | 9.353132261279149 × 10^278 |
| 156 | aaa_76_25 | 1.647589699978866 × 10^279 |
| 155 | ov_155 | 4.5956841505231045 × 10^279 |
| 154 | ov_154 | 9.576193273658371 × 10^279 |
| 153 | ov_153 | 1.746471258293369 × 10^280 |
| 152 | ov_152 | 2.928053666781611 × 10^280 |
| 151 | ov_151 | 4.618668213943612 × 10^280 |
| 150 | ov_150 | 6.948993678738727 × 10^280 |
| 149 | ov_149 | 1.0064096158003824 × 10^281 |
| 148 | ov_148 | 1.4123448800903374 × 10^281 |
| 147 | ov_147 | 1.9300966425070027 × 10^281 |
| 146 | ov_146 | 2.5785061320261204 × 10^281 |
| 145 | ov_145 | 3.377872750403506 × 10^281 |
| 144 | ov_144 | 4.34996616528401 × 10^281 |
| 143 | ov_143 | 5.518042989115827 × 10^281 |
| 142 | ov_142 | 6.906869058119216 × 10^281 |
| 141 | ov_141 | 8.5427484216511 × 10^281 |
| 140 | ov_140 | 1.0453560248587747 × 10^282 |
| 139 | ov_139 | 1.2668804953943032 × 10^282 |
| 138 | ov_138 | 1.5219660946029413 × 10^282 |
| 137 | ov_137 | 1.8139053492292612 × 10^282 |
| 136 | ov_136 | 2.1461737300816385 × 10^282 |
| 135 | ov_135 | 2.5224394514781355 × 10^282 |
| 134 | ov_134 | 2.9465749919333005 × 10^282 |
| 133 | ov_133 | 3.4226705264917406 × 10^282 |
| 132 | ov_132 | 3.955049471882101 × 10^282 |
| 131 | ov_131 | 4.548286356814613 × 10^282 |
| 130 | ov_130 | 4.548289431011496 × 10^282 |
| 129 | ov_129 | 4.548302122601132 × 10^282 |
| 128 | aaa_77_29 | 4.854367565647588 × 10^282 |
| 127 | aaa_77_28 | 1.2941807303982654 × 10^283 |
| 126 | ov_126 | 4.051488381613347 × 10^283 |
| 125 | ov_125 | 9.098191480389443 × 10^283 |
| 124 | ov_124 | 1.7319884127545243 × 10^284 |
| 123 | ov_123 | 2.9602169778406504 × 10^284 |
| 122 | ov_122 | 4.683068752563945 × 10^284 |
| 121 | ov_121 | 6.989117380415998 × 10^284 |
| 120 | ov_120 | 9.966957619860334 × 10^284 |
| 119 | ov_119 | 1.3705224227237765 × 10^285 |
| 118 | ov_118 | 1.8292623749782256 × 10^285 |
| 117 | ov_117 | 2.3817987984678696 × 10^285 |
| 116 | ov_116 | 3.037035671503703 × 10^285 |
| 115 | ov_115 | 3.8039095470356036 × 10^285 |
| 114 | ov_114 | 4.69140540595809 × 10^285 |
| 113 | ov_113 | 5.708577162594269 × 10^285 |
| 112 | ov_112 | 6.864573397500512 × 10^285 |
| 111 | ov_111 | 8.168668893184824 × 10^285 |
| 110 | ov_110 | 9.630302549174659 × 10^285 |
| 109 | ov_109 | 1.141666041462339 × 10^286 |
| 108 | ov_108 | 1.3704837826575075 × 10^286 |
| 107 | ov_107 | 1.6682161339792337 × 10^286 |
| 106 | ov_106 | 2.0546579897002039 × 10^286 |
| 105 | ov_105 | 2.550713454453503 × 10^286 |
| 104 | ov_104 | 3.17845166027023 × 10^286 |
| 103 | ov_103 | 3.961172481633294 × 10^286 |
| 102 | ov_102 | 4.923483264187522 × 10^286 |
| 101 | ov_101 | 6.091387747701301 × 10^286 |
| 100 | ov_100 | 7.492388431113207 × 10^286 |
| 99 | ov_099 | 9.155603697507454 × 10^286 |
| 98 | ov_098 | 9.155641324079592 × 10^286 |
| 97 | ov_097 | 9.155758990777918 × 10^286 |
| 96 | aaa_78_29 | 1.7296729827051093 × 10^287 |
| 95 | aaa_78_28 | 4.9750416271913694 × 10^287 |
| 94 | ov_094 | 1.6637446901358358 × 10^288 |
| 93 | ov_093 | 4.04972097472218 × 10^288 |
| 92 | ov_092 | 8.429866387026363 × 10^288 |
| 91 | ov_091 | 1.6576489237366845 × 10^289 |
| 90 | ov_090 | 3.0708804814240167 × 10^289 |
| 89 | ov_089 | 5.349301755591153 × 10^289 |
| 88 | ov_088 | 8.804249796983662 × 10^289 |
| 87 | ov_087 | 1.3791811199271877 × 10^290 |
| 86 | ov_086 | 2.071287695556737 × 10^290 |
| 85 | ov_085 | 3.0013226261938402 × 10^290 |
| 84 | ov_084 | 4.218364635408559 × 10^290 |
| 83 | ov_083 | 5.776009546407359 × 10^290 |
| 82 | ov_082 | 7.732391598549114 × 10^290 |
| 81 | ov_081 | 1.0150210493817639 × 10^291 |
| 64 | lv_79_m31 | 1.1519460231282476 × 10^291 |
| 80 | ov_080 | 1.3096764882857799 × 10^291 |
| 79 | ov_079 | 1.6643993001033046 × 10^291 |
| 78 | ov_078 | 2.0868521166371413 × 10^291 |
| 77 | ov_077 | 2.5851720853489553 × 10^291 |
| 76 | ov_076 | 3.167977506092423 × 10^291 |
| 75 | ov_075 | 3.844375469410616 × 10^291 |
| 74 | ov_074 | 4.6239705692878395 × 10^291 |
| 73 | ov_073 | 5.516874764143103 × 10^291 |
| 63 | ov_063 | 5.906543406019681 × 10^291 |
| 72 | ov_072 | 6.533718618566569 × 10^291 |
| 71 | ov_071 | 7.685664642071022 × 10^291 |
| 70 | ov_070 | 8.984423954496574 × 10^291 |
| 69 | ov_069 | 1.0442277736499459 × 10^292 |
| 68 | ov_068 | 1.2072105007119677 × 10^292 |
| 67 | ov_067 | 1.388741835744899 × 10^292 |
| 66 | ov_066 | 1.3887426184657203 × 10^292 |
| 65 | ov_065 | 1.3887459289389666 × 10^292 |
| 62 | ov_062 | 3.0279064663449977 × 10^292 |
| 61 | ov_061 | 1.102931780094984 × 10^293 |
| 60 | ov_060 | 3.1551000927396346 × 10^293 |
| 59 | ov_059 | 7.160232928045267 × 10^293 |
| 58 | ov_058 | 1.4090377268643292 × 10^294 |
| 57 | ov_057 | 2.518869220973686 × 10^294 |
| 56 | ov_056 | 4.3212616824740774 × 10^294 |
| 55 | ov_055 | 7.146185530222869 × 10^294 |
| 54 | ov_054 | 1.1377845246400368 × 10^295 |
| 53 | ov_053 | 1.7454694912941258 × 10^295 |
| 52 | ov_052 | 2.5869467825467484 × 10^295 |
| 51 | ov_051 | 3.7169230595233164 × 10^295 |
| 50 | ov_050 | 5.195547715436131 × 10^295 |
| 49 | ov_049 | 7.088428220638139 × 10^295 |
| 48 | ov_048 | 9.466653724094538 × 10^295 |
| 47 | ov_047 | 1.2406829581061746 × 10^296 |
| 32 | lv_80_m31 | 1.4050572537524562 × 10^296 |
| 46 | ov_046 | 1.599112583503001 × 10^296 |
| 45 | ov_045 | 2.0307343040821263 × 10^296 |
| 44 | ov_044 | 2.544899917539826 × 10^296 |
| 43 | ov_043 | 3.1515441743766037 × 10^296 |
| 42 | ov_042 | 3.861198954972368 × 10^296 |
| 41 | ov_041 | 4.685010896555217 × 10^296 |
| 40 | ov_040 | 5.634762990145952 × 10^296 |
| 39 | ov_039 | 6.722900704530427 × 10^296 |
| 31 | ov_031 | 7.205325054757263 × 10^296 |
| 38 | ov_038 | 7.962563231639795 × 10^296 |
| 37 | ov_037 | 9.36762048547048 × 10^296 |
| 36 | ov_036 | 1.0952716524922662 × 10^297 |
| 35 | ov_035 | 1.2733320109755598 × 10^297 |
| 34 | ov_034 | 1.4725783138333149 × 10^297 |
| 33 | ov_033 | 1.6947407756054045 × 10^297 |
| 30 | ov_030 | 3.254707741685451 × 10^297 |
| 29 | ov_029 | 1.0765630356122015 × 10^298 |
| 28 | ov_028 | 2.872309194502548 × 10^298 |
| 27 | ov_027 | 7.115744075882553 × 10^298 |
| 26 | ov_026 | 1.5850272469427673 × 10^299 |
| 25 | ov_025 | 3.178188958780278 × 10^299 |
| 24 | ov_024 | 5.82791979268137 × 10^299 |
| 23 | ov_023 | 9.93734595879408 × 10^299 |
| 22 | ov_022 | 1.5975872435154764 × 10^300 |
| 21 | ov_021 | 2.4479208872237145 × 10^300 |
| 20 | ov_020 | 3.6049415552719825 × 10^300 |
| 19 | ov_019 | 5.135497951076974 × 10^300 |
| 18 | ov_018 | 7.113093708472594 × 10^300 |
| 17 | ov_017 | 9.617906616019201 × 10^300 |
| 16 | ov_016 | 1.273681766711748 × 10^301 |
| 15 | ov_015 | 1.656345322665105 × 10^301 |
| 14 | ov_014 | 2.1198244039039395 × 10^301 |
| 13 | ov_013 | 2.674850523710078 × 10^301 |
| 12 | ov_012 | 3.332854194627064 × 10^301 |
| 11 | ov_011 | 4.1059785514898685 × 10^301 |
| 10 | ov_010 | 5.007096583913417 × 10^301 |
| 9 | ov_009 | 6.04983256910766 × 10^301 |
| 8 | ov_008 | 7.248588340242165 × 10^301 |
| 7 | ov_007 | 8.618575070402856 × 10^301 |
| 6 | ov_006 | 1.0175851297621952 × 10^302 |
| 5 | ov_005 | 1.1937367962705162 × 10^302 |
| 4 | ov_004 | 1.392102127884817 × 10^302 |
| 3 | ov_003 | 1.61457143005845 × 10^302 |
| 2 | ov_002 | 1.8631428109736682 × 10^302 |
| 1 | ov_001 | 2.139930358809292 × 10^302 |

