# Results for E005015-T014-F017-F018-F019-F020-F021-F022-F023-F024-F025-F026-F027-F028-F029-F030-F031-F032-F033-F034-F035-F036-F037-F038-F039-F040-F041-F042-F043-F044-F045-F046-F047-F048-F049-F050-F051-F052-F053-F054-F055-F056-F057-F058-F059-F060-F061-F062-F063-F064-F065-F066-F067-F068-F069-F070-F071-F072-F073-F074-F075-F076-F077-F078-F079-F080-F081-F082-F083-F084-F085-F086-F087-F088-F089-F090-F091-F092-F093-F094-F095-F096-F097-F098-F099-F100-F101-F102-F103-F104-F105-F106-F107-F108-F109-F110-F111-F112-F113-F114-F115-F116-F117-F118-F119-F120-F121-F122-F123-F124-F125-F126-F127-F128-F129-F130-F131-F132-F133-F134-F135-F136-F137-F138-F139-F140-F141-F142-F143-F144-F145-F146-F147-F148-F149-F150-F151-F152-F153-F154-F155-F156-F157-F158-F159-F160-F161-F162-F163-F164-F165-F166-F167-F168-F169-F170-F171-F172-F173-F174-F175-F176-F177-F178-F179-F180-F181-F182-F183-F184-F185-F186-F187-F188-F189-F190-F191-F192-F193-F194-F195-F196-F197-F198-F199-F200-F201-F202-F203-F204-F205-F206-F207-F208-F209-F210-F211-F212-F213-F214-F215-F216-F217-F218-F219-F220-F221-F222-F223-F224-F225-F226-F227-F228-F229-F230-F231-F232-F233-F234-F235-F236-F237-F238-F239-F240-F241-F242-F243-F244-F245-F246-F247-F248-F249-F250-F251-F252-F253-F254-F255-F256-F257-F258-F259-F260-F261-F262-F263-F264-F265-F266-F267-F268-F269-F270-F271-F272-F273-F274-F275-F276-F277-F278-F279-F280-F281-F282-F283-F284-F285-F286-F287-F288-F289-F290-F291-F292-F293-F294-F295-F296-F297-F298-F299-F300-F301-F302-F303-F304-F305-F306-F307-F308-F309-F310-F311-F312-F313-F314-F315-F316-F317-F318-F319-F320-F321-F322-F323-F324-F325-F326-F327-F328-F329-F330-F331-F332-F333-F334-F335-F336-F337-F338-F339-F340-F341-F342-F343-F344-F345-F346-F347-F348-F349-F350-F351-F352-F353-F354-F355-F356-F357-F358-F359-F360-F361-F362-F363-F364-F365-F366-F367-F368-F369-F370-F371-F372-F373-F374-F375-F376-F377-F378-F379-F380-F381-F382-F383-F384-F385-F386-F387-F388-F389-F390-F391-F392-F393-F394-F395-F396-F397-F398-F399-F400-F401-F402-F403-F404-F405-F406-F407-F408-F409-F410-F411-F412-F413-F414-F415-F416-F417-F418-F419-F420-F421-F422-F423-F424-F425-F426-F427-F428-F429-F430-F431-F432-F433-F434-F435-F436-F437-F438-F439-F440-F441-F442-F443-F444-F445-F446-F447-F448-F449-F450-F451-F452-F453-F454-F455-F456-F457-F458-F459-F460-F461-F462-F463-F464-F465-F466-F467-F468-F469-F470-F471-F472-F473-F474-F475-F476-F477-F478-F479-F480-F481-F482-F483-F484-F485-F486-F487-F488-F489-F490-F491-F492-F493-F494-F495-F496-F497-F498-F499-F500-F501-F502-F503-F504-F505-F506-F507-F508-F509-F510-F511-F512

## Summary

Number of input bits: 512  
Number of free input bits: 14  
Number of output bits: 160

Number of direct occurrences: 63737  
Number of assignments: 39266  
Number of operations: 19640115
(xor: 19602137,
and: 21301,
or: 16677)

Total complexity: 3.67851035765302 × 10^359

Least occurring input variable: iv_012 (4341)  
Most occurring input variable: iv_005 (4847)

Most co-occurring input variables: iv_003-iv_013 (2348)  
Least co-occurring input variables: iv_005-iv_006 (1920)

Potentially most occurring input variable: iv_005/iv_006 (5447)  
Potentially least occurring input variable: iv_003/iv_012 (4533)

Least output occurring input variable: iv_005 (65)  
Most output occurring input variable: iv_013 (91)

Most output co-occurring input variables: iv_003-iv_013 (51)  
Least output co-occurring input variables: iv_002-iv_005 (25)

Potentially most output occurring input variable: iv_002/iv_007 (94)  
Potentially least output occurring input variable: iv_011/iv_013 (64)

Least complex input bit: iv_016 (7.798932655159491 × 10^355)  
Most complex input bit: iv_005 (8.131617691445974 × 10^358)

Least complex output bit: aaa_76_29 (8.904650584171707 × 10^333)  
Most complex output bit: ov_001 (5.647600531452296 × 10^358)

Least complex input/output complexity: iv_016/aaa_76_29 (1.887904707926132 × 10^330)  
Most complex input/output complexity: iv_005/ov_001 (1.24844363426172 × 10^358)

## Input Bits

### Input Bits in Regular Order

| Input Bit | Complexity | Occurrences | Output Occurrences |
|:---------:|:----------:|:-----------:|:------------------:|
| iv_001 | 2.310258730746395 × 10^356 | 4669 | 78 |
| iv_002 | 9.967077897091243 × 10^356 | 4365 | 72 |
| iv_003 | 2.8588031681894963 × 10^357 | 4546 | 85 |
| iv_004 | 6.205059910292548 × 10^357 | 4574 | 85 |
| iv_005 | 8.131617691445974 × 10^358 | 4847 | 65 |
| iv_006 | 1.3709777828499224 × 10^358 | 4440 | 75 |
| iv_007 | 1.777289086672352 × 10^358 | 4446 | 76 |
| iv_008 | 2.2370216915723443 × 10^358 | 4513 | 80 |
| iv_009 | 2.8069985666512428 × 10^358 | 4538 | 78 |
| iv_010 | 3.5150703032124693 × 10^358 | 4472 | 68 |
| iv_011 | 4.389299689621611 × 10^358 | 4684 | 73 |
| iv_012 | 5.292407729467016 × 10^358 | 4341 | 81 |
| iv_013 | 6.227462428255535 × 10^358 | 4720 | 91 |
| iv_016 | 7.798932655159491 × 10^355 | 4582 | 76 |

### Input Bits Sorted by Complexity

| Input Bit | Complexity | Occurrences | Output Occurrences |
|:---------:|:----------:|:-----------:|:------------------:|
| iv_016 | 7.798932655159491 × 10^355 | 4582 | 76 |
| iv_001 | 2.310258730746395 × 10^356 | 4669 | 78 |
| iv_002 | 9.967077897091243 × 10^356 | 4365 | 72 |
| iv_003 | 2.8588031681894963 × 10^357 | 4546 | 85 |
| iv_004 | 6.205059910292548 × 10^357 | 4574 | 85 |
| iv_006 | 1.3709777828499224 × 10^358 | 4440 | 75 |
| iv_007 | 1.777289086672352 × 10^358 | 4446 | 76 |
| iv_008 | 2.2370216915723443 × 10^358 | 4513 | 80 |
| iv_009 | 2.8069985666512428 × 10^358 | 4538 | 78 |
| iv_010 | 3.5150703032124693 × 10^358 | 4472 | 68 |
| iv_011 | 4.389299689621611 × 10^358 | 4684 | 73 |
| iv_012 | 5.292407729467016 × 10^358 | 4341 | 81 |
| iv_013 | 6.227462428255535 × 10^358 | 4720 | 91 |
| iv_005 | 8.131617691445974 × 10^358 | 4847 | 65 |

### Input Bits Sorted by Occurrences

| Input Bit | Complexity | Occurrences | Output Occurrences |
|:---------:|:----------:|:-----------:|:------------------:|
| iv_012 | 5.292407729467016 × 10^358 | 4341 | 81 |
| iv_002 | 9.967077897091243 × 10^356 | 4365 | 72 |
| iv_006 | 1.3709777828499224 × 10^358 | 4440 | 75 |
| iv_007 | 1.777289086672352 × 10^358 | 4446 | 76 |
| iv_010 | 3.5150703032124693 × 10^358 | 4472 | 68 |
| iv_008 | 2.2370216915723443 × 10^358 | 4513 | 80 |
| iv_009 | 2.8069985666512428 × 10^358 | 4538 | 78 |
| iv_003 | 2.8588031681894963 × 10^357 | 4546 | 85 |
| iv_004 | 6.205059910292548 × 10^357 | 4574 | 85 |
| iv_016 | 7.798932655159491 × 10^355 | 4582 | 76 |
| iv_001 | 2.310258730746395 × 10^356 | 4669 | 78 |
| iv_011 | 4.389299689621611 × 10^358 | 4684 | 73 |
| iv_013 | 6.227462428255535 × 10^358 | 4720 | 91 |
| iv_005 | 8.131617691445974 × 10^358 | 4847 | 65 |

### Input Bits Sorted by Output Occurrences

| Input Bit | Complexity | Occurrences | Output Occurrences |
|:---------:|:----------:|:-----------:|:------------------:|
| iv_005 | 8.131617691445974 × 10^358 | 4847 | 65 |
| iv_010 | 3.5150703032124693 × 10^358 | 4472 | 68 |
| iv_002 | 9.967077897091243 × 10^356 | 4365 | 72 |
| iv_011 | 4.389299689621611 × 10^358 | 4684 | 73 |
| iv_006 | 1.3709777828499224 × 10^358 | 4440 | 75 |
| iv_016 | 7.798932655159491 × 10^355 | 4582 | 76 |
| iv_007 | 1.777289086672352 × 10^358 | 4446 | 76 |
| iv_001 | 2.310258730746395 × 10^356 | 4669 | 78 |
| iv_009 | 2.8069985666512428 × 10^358 | 4538 | 78 |
| iv_008 | 2.2370216915723443 × 10^358 | 4513 | 80 |
| iv_012 | 5.292407729467016 × 10^358 | 4341 | 81 |
| iv_004 | 6.205059910292548 × 10^357 | 4574 | 85 |
| iv_003 | 2.8588031681894963 × 10^357 | 4546 | 85 |
| iv_013 | 6.227462428255535 × 10^358 | 4720 | 91 |

## Input Bit Co-occurrences

### Input Bit Co-occurrences Sorted by Co-occurrences

| Input Bits | Co-occurrences | Potential Occurrences | Output Co-occurrences | Potential Output Occurrences |
|:----------:|:--------------:|:---------------------:|:---------------------:|:----------------------------:|
| iv_003-iv_013 | 2348 | 4570 | 51 | 74 |
| iv_008-iv_013 | 2277 | 4679 | 42 | 87 |
| iv_003-iv_004 | 2258 | 4604 | 48 | 74 |
| iv_001-iv_006 | 2234 | 4641 | 37 | 79 |
| iv_001-iv_016 | 2233 | 4785 | 43 | 68 |
| iv_009-iv_013 | 2233 | 4792 | 42 | 85 |
| iv_001-iv_011 | 2225 | 4903 | 39 | 73 |
| iv_004-iv_008 | 2215 | 4657 | 43 | 79 |
| iv_004-iv_013 | 2214 | 4866 | 46 | 84 |
| iv_004-iv_009 | 2212 | 4688 | 41 | 81 |
| iv_001-iv_013 | 2209 | 4971 | 43 | 83 |
| iv_011-iv_016 | 2206 | 4854 | 36 | 77 |
| iv_004-iv_005 | 2192 | 5037 | 31 | 88 |
| iv_010-iv_011 | 2189 | 4778 | 34 | 73 |

### Input Bit Co-occurrences Sorted by Potential Occurrences

| Input Bits | Co-occurrences | Potential Occurrences | Output Co-occurrences | Potential Output Occurrences |
|:----------:|:--------------:|:---------------------:|:---------------------:|:----------------------------:|
| iv_003-iv_012 | 2177 | 4533 | 46 | 74 |
| iv_002-iv_007 | 2136 | 4539 | 27 | 94 |
| iv_002-iv_012 | 2079 | 4548 | 36 | 81 |
| iv_003-iv_013 | 2348 | 4570 | 51 | 74 |
| iv_007-iv_012 | 2096 | 4595 | 36 | 85 |
| iv_003-iv_004 | 2258 | 4604 | 48 | 74 |
| iv_003-iv_007 | 2184 | 4624 | 41 | 79 |
| iv_001-iv_006 | 2234 | 4641 | 37 | 79 |
| iv_004-iv_008 | 2215 | 4657 | 43 | 79 |
| iv_006-iv_016 | 2182 | 4658 | 41 | 69 |
| iv_008-iv_013 | 2277 | 4679 | 42 | 87 |
| iv_004-iv_009 | 2212 | 4688 | 41 | 81 |
| iv_007-iv_010 | 2113 | 4692 | 31 | 82 |
| iv_009-iv_010 | 2158 | 4694 | 33 | 80 |

### Input Bit Output Co-occurrences Sorted by Output Co-occurrences

| Input Bits | Co-occurrences | Potential Occurrences | Output Co-occurrences | Potential Output Occurrences |
|:----------:|:--------------:|:---------------------:|:---------------------:|:----------------------------:|
| iv_003-iv_013 | 2348 | 4570 | 51 | 74 |
| iv_011-iv_013 | 2170 | 5064 | 50 | 64 |
| iv_003-iv_004 | 2258 | 4604 | 48 | 74 |
| iv_013-iv_016 | 2170 | 4962 | 47 | 73 |
| iv_012-iv_013 | 2148 | 4765 | 46 | 80 |
| iv_003-iv_012 | 2177 | 4533 | 46 | 74 |
| iv_004-iv_013 | 2214 | 4866 | 46 | 84 |
| iv_006-iv_013 | 2115 | 4930 | 46 | 74 |
| iv_001-iv_003 | 2097 | 5021 | 45 | 73 |
| iv_003-iv_009 | 2172 | 4740 | 44 | 75 |
| iv_004-iv_012 | 2040 | 4835 | 44 | 78 |
| iv_004-iv_008 | 2215 | 4657 | 43 | 79 |
| iv_004-iv_007 | 2092 | 4836 | 43 | 75 |
| iv_001-iv_012 | 2094 | 4822 | 43 | 73 |

### Input Bit Output Co-occurrences Sorted by Potential Output Occurrences

| Input Bits | Co-occurrences | Potential Occurrences | Output Co-occurrences | Potential Output Occurrences |
|:----------:|:--------------:|:---------------------:|:---------------------:|:----------------------------:|
| iv_011-iv_013 | 2170 | 5064 | 50 | 64 |
| iv_006-iv_010 | 2002 | 4908 | 38 | 67 |
| iv_001-iv_016 | 2233 | 4785 | 43 | 68 |
| iv_006-iv_011 | 2159 | 4806 | 40 | 68 |
| iv_006-iv_016 | 2182 | 4658 | 41 | 69 |
| iv_008-iv_010 | 2007 | 4971 | 39 | 70 |
| iv_001-iv_002 | 2053 | 4928 | 39 | 72 |
| iv_003-iv_011 | 2053 | 5124 | 43 | 72 |
| iv_013-iv_016 | 2170 | 4962 | 47 | 73 |
| iv_002-iv_011 | 1986 | 5077 | 36 | 73 |
| iv_008-iv_011 | 2031 | 5135 | 40 | 73 |
| iv_001-iv_011 | 2225 | 4903 | 39 | 73 |
| iv_005-iv_009 | 2185 | 5015 | 35 | 73 |
| iv_010-iv_011 | 2189 | 4778 | 34 | 73 |

## Output Bits

### Output Bits in Regular Order

| Rank | Output Bit | Complexity |
|:----:|:----------:|:----------:|
| 1 | ov_001 | 5.647600531452296 × 10^358 |
| 2 | ov_002 | 4.932459127481742 × 10^358 |
| 3 | ov_003 | 4.289269859209264 × 10^358 |
| 4 | ov_004 | 3.7121057739144277 × 10^358 |
| 5 | ov_005 | 3.1953722445861493 × 10^358 |
| 6 | ov_006 | 2.7337837499640944 × 10^358 |
| 7 | ov_007 | 2.3223433961099303 × 10^358 |
| 8 | ov_008 | 1.958622495432412 × 10^358 |
| 9 | ov_009 | 1.6381496785546255 × 10^358 |
| 10 | ov_010 | 1.3566948759241294 × 10^358 |
| 11 | ov_011 | 1.112201807014808 × 10^358 |
| 12 | ov_012 | 9.027263780591869 × 10^357 |
| 13 | ov_013 | 7.246999100279919 × 10^357 |
| 14 | ov_014 | 5.747587951887949 × 10^357 |
| 15 | ov_015 | 4.497390473985214 × 10^357 |
| 16 | ov_016 | 3.466719378277487 × 10^357 |
| 17 | ov_017 | 2.627805590135058 × 10^357 |
| 18 | ov_018 | 1.9547717274818472 × 10^357 |
| 19 | ov_019 | 1.4236120986181322 × 10^357 |
| 20 | ov_020 | 1.0121780246307606 × 10^357 |
| 21 | ov_021 | 7.001674168592226 × 10^356 |
| 22 | ov_022 | 4.691176645394729 × 10^356 |
| 23 | ov_023 | 3.02401012311501 × 10^356 |
| 24 | ov_024 | 1.8522173179568365 × 10^356 |
| 25 | ov_025 | 1.0461451594176226 × 10^356 |
| 26 | ov_026 | 5.455417636605733 × 10^355 |
| 27 | ov_027 | 2.5734206576293155 × 10^355 |
| 28 | ov_028 | 1.0677158761117702 × 10^355 |
| 29 | ov_029 | 3.734595182084127 × 10^354 |
| 30 | ov_030 | 1.0259543698828828 × 10^354 |
| 31 | ov_031 | 2.002941385292527 × 10^353 |
| 32 | lv_80_m31 | 3.909741529786531 × 10^352 |
| 33 | ov_033 | 4.840855377315048 × 10^353 |
| 34 | ov_034 | 4.229638877398932 × 10^353 |
| 35 | ov_035 | 3.680742284317272 × 10^353 |
| 36 | ov_036 | 3.1891432206149435 × 10^353 |
| 37 | ov_037 | 2.7500984473814703 × 10^353 |
| 38 | ov_038 | 2.3591242943526144 × 10^353 |
| 39 | ov_039 | 2.0119795320036345 × 10^353 |
| 40 | ov_040 | 1.7046504681791346 × 10^353 |
| 41 | ov_041 | 1.4333380635756182 × 10^353 |
| 42 | ov_042 | 1.1944468716722945 × 10^353 |
| 43 | ov_043 | 9.845756195753738 × 10^352 |
| 44 | ov_044 | 8.020711338388176 × 10^352 |
| 45 | ov_045 | 6.453715373969385 × 10^352 |
| 46 | ov_046 | 5.130032331064844 × 10^352 |
| 47 | ov_047 | 4.022744281165386 × 10^352 |
| 48 | ov_048 | 3.1065932074759883 × 10^352 |
| 49 | ov_049 | 2.357952460012599 × 10^352 |
| 50 | ov_050 | 1.7548046015090443 × 10^352 |
| 51 | ov_051 | 1.2767245998020308 × 10^352 |
| 52 | ov_052 | 9.048674169989501 × 10^351 |
| 53 | ov_053 | 6.219591401306276 × 10^351 |
| 54 | ov_054 | 4.1229089224045047 × 10^351 |
| 55 | ov_055 | 2.6171485702504023 × 10^351 |
| 56 | ov_056 | 1.5764184425995247 × 10^351 |
| 57 | ov_057 | 8.90399173405208 × 10^350 |
| 58 | ov_058 | 4.643369835549847 × 10^350 |
| 59 | ov_059 | 2.1904059409058445 × 10^350 |
| 60 | ov_060 | 9.08800246343219 × 10^349 |
| 61 | ov_061 | 3.1786174685498447 × 10^349 |
| 62 | ov_062 | 8.731368288217154 × 10^348 |
| 63 | ov_063 | 1.7043344734366733 × 10^348 |
| 64 | lv_79_m31 | 3.3261845101897954 × 10^347 |
| 65 | ov_065 | 4.0716777069693823 × 10^348 |
| 66 | ov_066 | 4.07166202172677 × 10^348 |
| 67 | ov_067 | 4.0716570006267017 × 10^348 |
| 68 | ov_068 | 3.552328651215634 × 10^348 |
| 69 | ov_069 | 3.0853249933134076 × 10^348 |
| 70 | ov_070 | 2.6667372769091944 × 10^348 |
| 71 | ov_071 | 2.2928766077079586 × 10^348 |
| 72 | ov_072 | 1.9602581566478045 × 10^348 |
| 73 | ov_073 | 1.6655872494487845 × 10^348 |
| 74 | ov_074 | 1.4057471545214115 × 10^348 |
| 75 | ov_075 | 1.1777884172766819 × 10^348 |
| 76 | ov_076 | 9.789196366662125 × 10^347 |
| 77 | ov_077 | 8.064995878907098 × 10^347 |
| 78 | ov_078 | 6.580305659691272 × 10^347 |
| 79 | ov_079 | 5.3115281499550183 × 10^347 |
| 80 | ov_080 | 4.23639916342763 × 10^347 |
| 81 | ov_081 | 3.333950173307438 × 10^347 |
| 82 | ov_082 | 2.5844778999838412 × 10^347 |
| 83 | ov_083 | 1.969520176400663 × 10^347 |
| 84 | ov_084 | 1.4718371471023956 × 10^347 |
| 85 | ov_085 | 1.0753969359083888 × 10^347 |
| 86 | ov_086 | 7.653649956936011 × 10^346 |
| 87 | ov_087 | 5.280964320456091 × 10^346 |
| 88 | ov_088 | 3.5113067070846104 × 10^346 |
| 89 | ov_089 | 2.2318791677690007 × 10^346 |
| 90 | ov_090 | 1.3416693161038237 × 10^346 |
| 91 | ov_091 | 7.514373142137027 × 10^345 |
| 92 | ov_092 | 3.8370889469311593 × 10^345 |
| 93 | ov_093 | 1.727720110796279 × 10^345 |
| 94 | ov_094 | 4.315154022347419 × 10^344 |
| 95 | aaa_78_28 | 1.7228322275306178 × 10^344 |
| 96 | aaa_78_29 | 6.466370509973676 × 10^343 |
| 97 | ov_097 | 6.179672945835679 × 10^343 |
| 98 | ov_098 | 6.179655948654775 × 10^343 |
| 99 | ov_099 | 6.179651830388384 × 10^343 |
| 100 | ov_100 | 5.393252546676564 × 10^343 |
| 101 | ov_101 | 4.687151732718312 × 10^343 |
| 102 | ov_102 | 4.054962501681905 × 10^343 |
| 103 | ov_103 | 3.490658254443328 × 10^343 |
| 104 | ov_104 | 2.988548247519738 × 10^343 |
| 105 | ov_105 | 2.543256032359967 × 10^343 |
| 106 | ov_106 | 2.149700476343435 × 10^343 |
| 107 | ov_107 | 1.8030790699459097 × 10^343 |
| 108 | ov_108 | 1.498853276256298 × 10^343 |
| 109 | ov_109 | 1.2327357489836289 × 10^343 |
| 110 | ov_110 | 1.002644126997845 × 10^343 |
| 111 | ov_111 | 8.066135571985387 × 10^342 |
| 112 | ov_112 | 6.410501343176151 × 10^342 |
| 113 | ov_113 | 5.025759289514718 × 10^342 |
| 114 | ov_114 | 3.880235434314406 × 10^342 |
| 115 | ov_115 | 2.9443178239513954 × 10^342 |
| 116 | ov_116 | 2.190423021328912 × 10^342 |
| 117 | ov_117 | 1.5929708343867458 × 10^342 |
| 118 | ov_118 | 1.1283657709844901 × 10^342 |
| 119 | ov_119 | 7.749838691902507 × 10^341 |
| 120 | ov_120 | 5.131637094728468 × 10^341 |
| 121 | ov_121 | 3.252005726311576 × 10^341 |
| 122 | ov_122 | 1.9534286456262426 × 10^341 |
| 123 | ov_123 | 1.0979008620970194 × 10^341 |
| 124 | ov_124 | 5.669178359067097 × 10^340 |
| 125 | ov_125 | 2.61470648567881 × 10^340 |
| 126 | ov_126 | 1.020440944417872 × 10^340 |
| 127 | aaa_77_28 | 2.8616064920156494 × 10^339 |
| 128 | aaa_77_29 | 8.713989716404896 × 10^338 |
| 129 | ov_129 | 5.223204293617945 × 10^338 |
| 130 | ov_130 | 5.223186893046236 × 10^338 |
| 131 | ov_131 | 5.223182667112682 × 10^338 |
| 132 | ov_132 | 4.565788371667935 × 10^338 |
| 133 | ov_133 | 3.979123441908561 × 10^338 |
| 134 | ov_134 | 3.4567206079090216 × 10^338 |
| 135 | ov_135 | 2.992482434787631 × 10^338 |
| 136 | ov_136 | 2.5806557956832303 × 10^338 |
| 137 | ov_137 | 2.2158091533586205 × 10^338 |
| 138 | ov_138 | 1.892812382010956 × 10^338 |
| 139 | ov_139 | 1.6068189374643145 × 10^338 |
| 140 | ov_140 | 1.355474355923125 × 10^338 |
| 141 | ov_141 | 1.1344543666079107 × 10^338 |
| 142 | ov_142 | 9.396773200830256 × 10^337 |
| 143 | ov_143 | 7.691616969158214 × 10^337 |
| 144 | ov_144 | 6.21040034991307 × 10^337 |
| 145 | ov_145 | 4.935551622180513 × 10^337 |
| 146 | ov_146 | 3.850571459806303 × 10^337 |
| 147 | ov_147 | 2.940008705821194 × 10^337 |
| 148 | ov_148 | 2.1894414854937853 × 10^337 |
| 149 | ov_149 | 1.5854627950059026 × 10^337 |
| 150 | ov_150 | 1.1156697807213544 × 10^337 |
| 151 | ov_151 | 7.582405901827339 × 10^336 |
| 152 | ov_152 | 4.9333184758093105 × 10^336 |
| 153 | ov_153 | 3.0307281765605365 × 10^336 |
| 154 | ov_154 | 1.7156182765142246 × 10^336 |
| 155 | ov_155 | 8.486422768056307 × 10^335 |
| 156 | aaa_76_25 | 3.101135266895263 × 10^335 |
| 157 | aaa_76_26 | 1.6207728031272875 × 10^335 |
| 158 | aaa_76_27 | 7.476776309706489 × 10^334 |
| 159 | aaa_76_28 | 2.9189325572668594 × 10^334 |
| 160 | aaa_76_29 | 8.904650584171707 × 10^333 |

### Output Bits Sorted by Complexity

| Rank | Output Bit | Complexity |
|:----:|:----------:|:----------:|
| 160 | aaa_76_29 | 8.904650584171707 × 10^333 |
| 159 | aaa_76_28 | 2.9189325572668594 × 10^334 |
| 158 | aaa_76_27 | 7.476776309706489 × 10^334 |
| 157 | aaa_76_26 | 1.6207728031272875 × 10^335 |
| 156 | aaa_76_25 | 3.101135266895263 × 10^335 |
| 155 | ov_155 | 8.486422768056307 × 10^335 |
| 154 | ov_154 | 1.7156182765142246 × 10^336 |
| 153 | ov_153 | 3.0307281765605365 × 10^336 |
| 152 | ov_152 | 4.9333184758093105 × 10^336 |
| 151 | ov_151 | 7.582405901827339 × 10^336 |
| 150 | ov_150 | 1.1156697807213544 × 10^337 |
| 149 | ov_149 | 1.5854627950059026 × 10^337 |
| 148 | ov_148 | 2.1894414854937853 × 10^337 |
| 147 | ov_147 | 2.940008705821194 × 10^337 |
| 146 | ov_146 | 3.850571459806303 × 10^337 |
| 145 | ov_145 | 4.935551622180513 × 10^337 |
| 144 | ov_144 | 6.21040034991307 × 10^337 |
| 143 | ov_143 | 7.691616969158214 × 10^337 |
| 142 | ov_142 | 9.396773200830256 × 10^337 |
| 141 | ov_141 | 1.1344543666079107 × 10^338 |
| 140 | ov_140 | 1.355474355923125 × 10^338 |
| 139 | ov_139 | 1.6068189374643145 × 10^338 |
| 138 | ov_138 | 1.892812382010956 × 10^338 |
| 137 | ov_137 | 2.2158091533586205 × 10^338 |
| 136 | ov_136 | 2.5806557956832303 × 10^338 |
| 135 | ov_135 | 2.992482434787631 × 10^338 |
| 134 | ov_134 | 3.4567206079090216 × 10^338 |
| 133 | ov_133 | 3.979123441908561 × 10^338 |
| 132 | ov_132 | 4.565788371667935 × 10^338 |
| 131 | ov_131 | 5.223182667112682 × 10^338 |
| 130 | ov_130 | 5.223186893046236 × 10^338 |
| 129 | ov_129 | 5.223204293617945 × 10^338 |
| 128 | aaa_77_29 | 8.713989716404896 × 10^338 |
| 127 | aaa_77_28 | 2.8616064920156494 × 10^339 |
| 126 | ov_126 | 1.020440944417872 × 10^340 |
| 125 | ov_125 | 2.61470648567881 × 10^340 |
| 124 | ov_124 | 5.669178359067097 × 10^340 |
| 123 | ov_123 | 1.0979008620970194 × 10^341 |
| 122 | ov_122 | 1.9534286456262426 × 10^341 |
| 121 | ov_121 | 3.252005726311576 × 10^341 |
| 120 | ov_120 | 5.131637094728468 × 10^341 |
| 119 | ov_119 | 7.749838691902507 × 10^341 |
| 118 | ov_118 | 1.1283657709844901 × 10^342 |
| 117 | ov_117 | 1.5929708343867458 × 10^342 |
| 116 | ov_116 | 2.190423021328912 × 10^342 |
| 115 | ov_115 | 2.9443178239513954 × 10^342 |
| 114 | ov_114 | 3.880235434314406 × 10^342 |
| 113 | ov_113 | 5.025759289514718 × 10^342 |
| 112 | ov_112 | 6.410501343176151 × 10^342 |
| 111 | ov_111 | 8.066135571985387 × 10^342 |
| 110 | ov_110 | 1.002644126997845 × 10^343 |
| 109 | ov_109 | 1.2327357489836289 × 10^343 |
| 108 | ov_108 | 1.498853276256298 × 10^343 |
| 107 | ov_107 | 1.8030790699459097 × 10^343 |
| 106 | ov_106 | 2.149700476343435 × 10^343 |
| 105 | ov_105 | 2.543256032359967 × 10^343 |
| 104 | ov_104 | 2.988548247519738 × 10^343 |
| 103 | ov_103 | 3.490658254443328 × 10^343 |
| 102 | ov_102 | 4.054962501681905 × 10^343 |
| 101 | ov_101 | 4.687151732718312 × 10^343 |
| 100 | ov_100 | 5.393252546676564 × 10^343 |
| 99 | ov_099 | 6.179651830388384 × 10^343 |
| 98 | ov_098 | 6.179655948654775 × 10^343 |
| 97 | ov_097 | 6.179672945835679 × 10^343 |
| 96 | aaa_78_29 | 6.466370509973676 × 10^343 |
| 95 | aaa_78_28 | 1.7228322275306178 × 10^344 |
| 94 | ov_094 | 4.315154022347419 × 10^344 |
| 93 | ov_093 | 1.727720110796279 × 10^345 |
| 92 | ov_092 | 3.8370889469311593 × 10^345 |
| 91 | ov_091 | 7.514373142137027 × 10^345 |
| 90 | ov_090 | 1.3416693161038237 × 10^346 |
| 89 | ov_089 | 2.2318791677690007 × 10^346 |
| 88 | ov_088 | 3.5113067070846104 × 10^346 |
| 87 | ov_087 | 5.280964320456091 × 10^346 |
| 86 | ov_086 | 7.653649956936011 × 10^346 |
| 85 | ov_085 | 1.0753969359083888 × 10^347 |
| 84 | ov_084 | 1.4718371471023956 × 10^347 |
| 83 | ov_083 | 1.969520176400663 × 10^347 |
| 82 | ov_082 | 2.5844778999838412 × 10^347 |
| 64 | lv_79_m31 | 3.3261845101897954 × 10^347 |
| 81 | ov_081 | 3.333950173307438 × 10^347 |
| 80 | ov_080 | 4.23639916342763 × 10^347 |
| 79 | ov_079 | 5.3115281499550183 × 10^347 |
| 78 | ov_078 | 6.580305659691272 × 10^347 |
| 77 | ov_077 | 8.064995878907098 × 10^347 |
| 76 | ov_076 | 9.789196366662125 × 10^347 |
| 75 | ov_075 | 1.1777884172766819 × 10^348 |
| 74 | ov_074 | 1.4057471545214115 × 10^348 |
| 73 | ov_073 | 1.6655872494487845 × 10^348 |
| 63 | ov_063 | 1.7043344734366733 × 10^348 |
| 72 | ov_072 | 1.9602581566478045 × 10^348 |
| 71 | ov_071 | 2.2928766077079586 × 10^348 |
| 70 | ov_070 | 2.6667372769091944 × 10^348 |
| 69 | ov_069 | 3.0853249933134076 × 10^348 |
| 68 | ov_068 | 3.552328651215634 × 10^348 |
| 67 | ov_067 | 4.0716570006267017 × 10^348 |
| 66 | ov_066 | 4.07166202172677 × 10^348 |
| 65 | ov_065 | 4.0716777069693823 × 10^348 |
| 62 | ov_062 | 8.731368288217154 × 10^348 |
| 61 | ov_061 | 3.1786174685498447 × 10^349 |
| 60 | ov_060 | 9.08800246343219 × 10^349 |
| 59 | ov_059 | 2.1904059409058445 × 10^350 |
| 58 | ov_058 | 4.643369835549847 × 10^350 |
| 57 | ov_057 | 8.90399173405208 × 10^350 |
| 56 | ov_056 | 1.5764184425995247 × 10^351 |
| 55 | ov_055 | 2.6171485702504023 × 10^351 |
| 54 | ov_054 | 4.1229089224045047 × 10^351 |
| 53 | ov_053 | 6.219591401306276 × 10^351 |
| 52 | ov_052 | 9.048674169989501 × 10^351 |
| 51 | ov_051 | 1.2767245998020308 × 10^352 |
| 50 | ov_050 | 1.7548046015090443 × 10^352 |
| 49 | ov_049 | 2.357952460012599 × 10^352 |
| 48 | ov_048 | 3.1065932074759883 × 10^352 |
| 32 | lv_80_m31 | 3.909741529786531 × 10^352 |
| 47 | ov_047 | 4.022744281165386 × 10^352 |
| 46 | ov_046 | 5.130032331064844 × 10^352 |
| 45 | ov_045 | 6.453715373969385 × 10^352 |
| 44 | ov_044 | 8.020711338388176 × 10^352 |
| 43 | ov_043 | 9.845756195753738 × 10^352 |
| 42 | ov_042 | 1.1944468716722945 × 10^353 |
| 41 | ov_041 | 1.4333380635756182 × 10^353 |
| 40 | ov_040 | 1.7046504681791346 × 10^353 |
| 31 | ov_031 | 2.002941385292527 × 10^353 |
| 39 | ov_039 | 2.0119795320036345 × 10^353 |
| 38 | ov_038 | 2.3591242943526144 × 10^353 |
| 37 | ov_037 | 2.7500984473814703 × 10^353 |
| 36 | ov_036 | 3.1891432206149435 × 10^353 |
| 35 | ov_035 | 3.680742284317272 × 10^353 |
| 34 | ov_034 | 4.229638877398932 × 10^353 |
| 33 | ov_033 | 4.840855377315048 × 10^353 |
| 30 | ov_030 | 1.0259543698828828 × 10^354 |
| 29 | ov_029 | 3.734595182084127 × 10^354 |
| 28 | ov_028 | 1.0677158761117702 × 10^355 |
| 27 | ov_027 | 2.5734206576293155 × 10^355 |
| 26 | ov_026 | 5.455417636605733 × 10^355 |
| 25 | ov_025 | 1.0461451594176226 × 10^356 |
| 24 | ov_024 | 1.8522173179568365 × 10^356 |
| 23 | ov_023 | 3.02401012311501 × 10^356 |
| 22 | ov_022 | 4.691176645394729 × 10^356 |
| 21 | ov_021 | 7.001674168592226 × 10^356 |
| 20 | ov_020 | 1.0121780246307606 × 10^357 |
| 19 | ov_019 | 1.4236120986181322 × 10^357 |
| 18 | ov_018 | 1.9547717274818472 × 10^357 |
| 17 | ov_017 | 2.627805590135058 × 10^357 |
| 16 | ov_016 | 3.466719378277487 × 10^357 |
| 15 | ov_015 | 4.497390473985214 × 10^357 |
| 14 | ov_014 | 5.747587951887949 × 10^357 |
| 13 | ov_013 | 7.246999100279919 × 10^357 |
| 12 | ov_012 | 9.027263780591869 × 10^357 |
| 11 | ov_011 | 1.112201807014808 × 10^358 |
| 10 | ov_010 | 1.3566948759241294 × 10^358 |
| 9 | ov_009 | 1.6381496785546255 × 10^358 |
| 8 | ov_008 | 1.958622495432412 × 10^358 |
| 7 | ov_007 | 2.3223433961099303 × 10^358 |
| 6 | ov_006 | 2.7337837499640944 × 10^358 |
| 5 | ov_005 | 3.1953722445861493 × 10^358 |
| 4 | ov_004 | 3.7121057739144277 × 10^358 |
| 3 | ov_003 | 4.289269859209264 × 10^358 |
| 2 | ov_002 | 4.932459127481742 × 10^358 |
| 1 | ov_001 | 5.647600531452296 × 10^358 |

