# Results for F001-F002-F003-F004-F005-F006-F007-F008-F009-F010-F011-F012-F013-F014-F015-F016-F017-F018-F019-F020-F021-F022-F023-F024-F025-F026-F027-F028-F029-F030-F031-F032-F033-F034-F035-F036-F037-F038-F039-F040-F041-F042-F043-F044-F045-F046-F047-F048-F049-F050-F051-F052-F053-F054-F055-F056-F057-F058-F059-F060-F061-F062-F063-F064-F065-F066-F067-F068-F069-F070-F071-F072-F073-F074-F075-F076-F077-F078-F079-F080-F081-F082-F083-F084-F085-F086-F087-F088-F089-F090-F091-F092-F093-F094-F095-F096-F097-F098-F099-F100-F101-F102-F103-F104-F105-F106-F107-F108-F109-F110-F111-F112-F113-F114-F115-F116-F117-F118-F119-F120-F121-F122-F123-F124-F125-F126-F127-F128-F129-F130-F131-F132-F133-F134-F135-F136-F137-F138-F139-F140-F141-F142-F143-F144-F145-F146-F147-F148-F149-F150-F151-F152-F153-F154-F155-F156-F157-F158-F159-F160-F161-F162-F163-F164-F165-F166-F167-F168-F169-F170-F171-F172-F173-F174-F175-F176-F177-F178-F179-F180-F181-F182-F183-F184-F185-F186-F187-F188-F189-F190-F191-F192-F193-F194-F195-F196-F197-F198-F199-F200-F201-F202-F203-F204-F205-F206-F207-F208-F209-F210-F211-F212-F213-F214-F215-F216-F217-F218-F219-F220-F221-F222-F223-F224-F225-F226-F227-F228-F229-F230-F231-F232-F233-F234-F235-F236-F237-F238-F239-F240-F241-F242-F243-F244-F245-F246-F247-F248-F249-F250-F251-F252-F253-F254-F255-F256-F257-F258-F259-F260-F261-F262-F263-F264-F265-F266-F267-F268-F269-F270-F271-F272-F273-F274-F275-F276-F277-F278-F279-F280-F281-F282-F283-F284-F285-F286-F287-F288-F289-F290-F291-F292-F293-F294-F295-F296-F297-F298-F299-F300-F301-F302-F303-F304-F305-F306-F307-F308-F309-F310-F311-F312-F313-F314-F315-F316-F317-F318-F319-F320-F321-F322-F323-F324-F325-F326-F327-F328-F329-F330-F331-F332-F333-F334-F335-F336-F337-F338-F339-F340-F341-F342-F343-F344-F345-F346-F347-F348-F349-F350-F351-F352-F353-F354-F355-F356-F357-F358-F359-F360-F361-F362-F363-F364-F365-F366-F367-F368-F369-F370-F371-F372-F373-F374-F375-F376-F377-F378-F379-F380-F381-F382-F383-F384-F385-F386-F387-F388-F389-F390-F391-F392-F393-F394-F395-F396-F397-F398-F399-F400-F401-F402-F403-F404-F405-F406-F407-F408-F409-F410-F411-F412-F413-F414-F415-F416-F417-F418-F419-F420-F421-F422-F423-F424-F425-F426-F427-F428-F429-F430-F431-F432-F433-F434-F435-F436-F437-F438-F439-F440-F441-F442-F443-F444-F445-F446-F447-F448-F449-F450-F451-F452-F453-F454-F455-F456-F457-F458-F459-F460-F461-F462-F463-F464-F465-F466-F467-F468-F469-F470-F471-F472-F473-F474-F475-F476-F477-F478-F479-F480-F481-F482-F483-F484-F485-F486-F487-F488-F489-F490-F491-F492-F493-F494-F495-F496-T498-E507512

## Summary

Number of input bits: 512  
Number of free input bits: 14  
Number of output bits: 160

Number of direct occurrences: 57654  
Number of assignments: 32164  
Number of operations: 11625047
(xor: 11596401,
and: 14890,
or: 13756)

Total complexity: 3.0225943972036265 × 10^304

Least occurring input variable: iv_502 (3920)  
Most occurring input variable: iv_507 (4425)

Most co-occurring input variables: iv_499-iv_511 (2074)  
Least co-occurring input variables: iv_502-iv_504 (1808)

Potentially most occurring input variable: iv_500/iv_507 (4718)  
Potentially least occurring input variable: iv_501/iv_508 (4208)

Least output occurring input variable: iv_500 (70)  
Most output occurring input variable: iv_506 (86)

Most output co-occurring input variables: iv_506-iv_511 (51)  
Least output co-occurring input variables: iv_505-iv_510 (27)

Potentially most output occurring input variable: iv_502/iv_508 (96)  
Potentially least output occurring input variable: iv_506/iv_511 (65)

Least complex input bit: iv_497 (1.212899310072018 × 10^301)  
Most complex input bit: iv_510 (7.497926462044784 × 10^303)

Least complex output bit: aaa_76_29 (1.610466587906253 × 10^279)  
Most complex output bit: ov_001 (4.7023661730573785 × 10^303)

Least complex input/output complexity: iv_497/aaa_76_29 (6.462441057829893 × 10^275)  
Most complex input/output complexity: iv_510/ov_001 (1.1664812121603337 × 10^303)

## Input Bits

### Input Bits in Regular Order

| Input Bit | Complexity | Occurrences | Output Occurrences |
|:---------:|:----------:|:-----------:|:------------------:|
| iv_497 | 1.212899310072018 × 10^301 | 4199 | 73 |
| iv_499 | 4.686201761907804 × 10^301 | 4170 | 81 |
| iv_500 | 9.66291807827579 × 10^301 | 4177 | 70 |
| iv_501 | 1.862638759670162 × 10^302 | 4104 | 78 |
| iv_502 | 3.2465005812519833 × 10^302 | 3920 | 79 |
| iv_503 | 5.353612554518348 × 10^302 | 4133 | 84 |
| iv_504 | 8.492511437916719 × 10^302 | 3976 | 76 |
| iv_505 | 1.307690039834536 × 10^303 | 3961 | 72 |
| iv_506 | 1.964437749770792 × 10^303 | 4022 | 86 |
| iv_507 | 5.445524836854425 × 10^303 | 4425 | 78 |
| iv_508 | 4.1062642761329496 × 10^303 | 4046 | 83 |
| iv_509 | 5.6351767415716486 × 10^303 | 4092 | 70 |
| iv_510 | 7.497926462044784 × 10^303 | 4165 | 76 |
| iv_511 | 2.2177773409888447 × 10^303 | 4264 | 81 |

### Input Bits Sorted by Complexity

| Input Bit | Complexity | Occurrences | Output Occurrences |
|:---------:|:----------:|:-----------:|:------------------:|
| iv_497 | 1.212899310072018 × 10^301 | 4199 | 73 |
| iv_499 | 4.686201761907804 × 10^301 | 4170 | 81 |
| iv_500 | 9.66291807827579 × 10^301 | 4177 | 70 |
| iv_501 | 1.862638759670162 × 10^302 | 4104 | 78 |
| iv_502 | 3.2465005812519833 × 10^302 | 3920 | 79 |
| iv_503 | 5.353612554518348 × 10^302 | 4133 | 84 |
| iv_504 | 8.492511437916719 × 10^302 | 3976 | 76 |
| iv_505 | 1.307690039834536 × 10^303 | 3961 | 72 |
| iv_506 | 1.964437749770792 × 10^303 | 4022 | 86 |
| iv_511 | 2.2177773409888447 × 10^303 | 4264 | 81 |
| iv_508 | 4.1062642761329496 × 10^303 | 4046 | 83 |
| iv_507 | 5.445524836854425 × 10^303 | 4425 | 78 |
| iv_509 | 5.6351767415716486 × 10^303 | 4092 | 70 |
| iv_510 | 7.497926462044784 × 10^303 | 4165 | 76 |

### Input Bits Sorted by Occurrences

| Input Bit | Complexity | Occurrences | Output Occurrences |
|:---------:|:----------:|:-----------:|:------------------:|
| iv_502 | 3.2465005812519833 × 10^302 | 3920 | 79 |
| iv_505 | 1.307690039834536 × 10^303 | 3961 | 72 |
| iv_504 | 8.492511437916719 × 10^302 | 3976 | 76 |
| iv_506 | 1.964437749770792 × 10^303 | 4022 | 86 |
| iv_508 | 4.1062642761329496 × 10^303 | 4046 | 83 |
| iv_509 | 5.6351767415716486 × 10^303 | 4092 | 70 |
| iv_501 | 1.862638759670162 × 10^302 | 4104 | 78 |
| iv_503 | 5.353612554518348 × 10^302 | 4133 | 84 |
| iv_510 | 7.497926462044784 × 10^303 | 4165 | 76 |
| iv_499 | 4.686201761907804 × 10^301 | 4170 | 81 |
| iv_500 | 9.66291807827579 × 10^301 | 4177 | 70 |
| iv_497 | 1.212899310072018 × 10^301 | 4199 | 73 |
| iv_511 | 2.2177773409888447 × 10^303 | 4264 | 81 |
| iv_507 | 5.445524836854425 × 10^303 | 4425 | 78 |

### Input Bits Sorted by Output Occurrences

| Input Bit | Complexity | Occurrences | Output Occurrences |
|:---------:|:----------:|:-----------:|:------------------:|
| iv_500 | 9.66291807827579 × 10^301 | 4177 | 70 |
| iv_509 | 5.6351767415716486 × 10^303 | 4092 | 70 |
| iv_505 | 1.307690039834536 × 10^303 | 3961 | 72 |
| iv_497 | 1.212899310072018 × 10^301 | 4199 | 73 |
| iv_504 | 8.492511437916719 × 10^302 | 3976 | 76 |
| iv_510 | 7.497926462044784 × 10^303 | 4165 | 76 |
| iv_501 | 1.862638759670162 × 10^302 | 4104 | 78 |
| iv_507 | 5.445524836854425 × 10^303 | 4425 | 78 |
| iv_502 | 3.2465005812519833 × 10^302 | 3920 | 79 |
| iv_499 | 4.686201761907804 × 10^301 | 4170 | 81 |
| iv_511 | 2.2177773409888447 × 10^303 | 4264 | 81 |
| iv_508 | 4.1062642761329496 × 10^303 | 4046 | 83 |
| iv_503 | 5.353612554518348 × 10^302 | 4133 | 84 |
| iv_506 | 1.964437749770792 × 10^303 | 4022 | 86 |

## Input Bit Co-occurrences

### Input Bit Co-occurrences Sorted by Co-occurrences

| Input Bits | Co-occurrences | Potential Occurrences | Output Co-occurrences | Potential Output Occurrences |
|:----------:|:--------------:|:---------------------:|:---------------------:|:----------------------------:|
| iv_499-iv_511 | 2074 | 4286 | 44 | 74 |
| iv_501-iv_511 | 2072 | 4224 | 41 | 77 |
| iv_499-iv_507 | 2058 | 4479 | 43 | 73 |
| iv_499-iv_510 | 2053 | 4229 | 40 | 77 |
| iv_503-iv_511 | 2039 | 4319 | 42 | 81 |
| iv_500-iv_511 | 2038 | 4365 | 31 | 89 |
| iv_501-iv_507 | 2036 | 4457 | 38 | 80 |
| iv_497-iv_511 | 2036 | 4391 | 39 | 76 |
| iv_500-iv_503 | 2028 | 4254 | 40 | 74 |
| iv_507-iv_510 | 2017 | 4556 | 43 | 68 |
| iv_499-iv_500 | 2014 | 4319 | 39 | 73 |
| iv_497-iv_503 | 2014 | 4304 | 40 | 77 |
| iv_500-iv_510 | 2013 | 4316 | 39 | 68 |
| iv_499-iv_509 | 2008 | 4246 | 32 | 87 |

### Input Bit Co-occurrences Sorted by Potential Occurrences

| Input Bits | Co-occurrences | Potential Occurrences | Output Co-occurrences | Potential Output Occurrences |
|:----------:|:--------------:|:---------------------:|:---------------------:|:----------------------------:|
| iv_501-iv_508 | 1971 | 4208 | 41 | 79 |
| iv_502-iv_505 | 1832 | 4217 | 36 | 79 |
| iv_504-iv_506 | 1889 | 4220 | 37 | 88 |
| iv_501-iv_511 | 2072 | 4224 | 41 | 77 |
| iv_499-iv_510 | 2053 | 4229 | 40 | 77 |
| iv_506-iv_509 | 1941 | 4232 | 34 | 88 |
| iv_503-iv_506 | 1958 | 4239 | 42 | 86 |
| iv_499-iv_502 | 1922 | 4246 | 40 | 80 |
| iv_499-iv_509 | 2008 | 4246 | 32 | 87 |
| iv_502-iv_506 | 1847 | 4248 | 41 | 83 |
| iv_506-iv_510 | 1969 | 4249 | 45 | 72 |
| iv_500-iv_503 | 2028 | 4254 | 40 | 74 |
| iv_501-iv_505 | 1904 | 4257 | 32 | 86 |
| iv_497-iv_506 | 1982 | 4257 | 44 | 71 |

### Input Bit Output Co-occurrences Sorted by Output Co-occurrences

| Input Bits | Co-occurrences | Potential Occurrences | Output Co-occurrences | Potential Output Occurrences |
|:----------:|:--------------:|:---------------------:|:---------------------:|:----------------------------:|
| iv_506-iv_511 | 1971 | 4344 | 51 | 65 |
| iv_508-iv_511 | 1999 | 4312 | 46 | 72 |
| iv_507-iv_508 | 1987 | 4497 | 45 | 71 |
| iv_506-iv_508 | 1897 | 4274 | 45 | 79 |
| iv_506-iv_510 | 1969 | 4249 | 45 | 72 |
| iv_499-iv_511 | 2074 | 4286 | 44 | 74 |
| iv_503-iv_508 | 1885 | 4409 | 44 | 79 |
| iv_497-iv_506 | 1982 | 4257 | 44 | 71 |
| iv_499-iv_505 | 1915 | 4301 | 43 | 67 |
| iv_502-iv_507 | 1979 | 4387 | 43 | 71 |
| iv_502-iv_510 | 1903 | 4279 | 43 | 69 |
| iv_507-iv_510 | 2017 | 4556 | 43 | 68 |
| iv_499-iv_507 | 2058 | 4479 | 43 | 73 |
| iv_501-iv_506 | 1914 | 4298 | 43 | 78 |

### Input Bit Output Co-occurrences Sorted by Potential Output Occurrences

| Input Bits | Co-occurrences | Potential Occurrences | Output Co-occurrences | Potential Output Occurrences |
|:----------:|:--------------:|:---------------------:|:---------------------:|:----------------------------:|
| iv_506-iv_511 | 1971 | 4344 | 51 | 65 |
| iv_499-iv_505 | 1915 | 4301 | 43 | 67 |
| iv_500-iv_510 | 2013 | 4316 | 39 | 68 |
| iv_507-iv_510 | 2017 | 4556 | 43 | 68 |
| iv_502-iv_510 | 1903 | 4279 | 43 | 69 |
| iv_501-iv_509 | 1958 | 4280 | 39 | 70 |
| iv_502-iv_507 | 1979 | 4387 | 43 | 71 |
| iv_507-iv_508 | 1987 | 4497 | 45 | 71 |
| iv_497-iv_506 | 1982 | 4257 | 44 | 71 |
| iv_508-iv_511 | 1999 | 4312 | 46 | 72 |
| iv_506-iv_510 | 1969 | 4249 | 45 | 72 |
| iv_499-iv_500 | 2014 | 4319 | 39 | 73 |
| iv_499-iv_507 | 2058 | 4479 | 43 | 73 |
| iv_500-iv_503 | 2028 | 4254 | 40 | 74 |

## Output Bits

### Output Bits in Regular Order

| Rank | Output Bit | Complexity |
|:----:|:----------:|:----------:|
| 1 | ov_001 | 4.7023661730573785 × 10^303 |
| 2 | ov_002 | 4.0943944704381695 × 10^303 |
| 3 | ov_003 | 3.548390006345194 × 10^303 |
| 4 | ov_004 | 3.0597088443599244 × 10^303 |
| 5 | ov_005 | 2.6239620258067844 × 10^303 |
| 6 | ov_006 | 2.2369975995358224 × 10^303 |
| 7 | ov_007 | 1.8948849730650948 × 10^303 |
| 8 | ov_008 | 1.5939013727589417 × 10^303 |
| 9 | ov_009 | 1.3305202121160855 × 10^303 |
| 10 | ov_010 | 1.1014011782189467 × 10^303 |
| 11 | ov_011 | 9.033818570272546 × 10^302 |
| 12 | ov_012 | 7.3347072854995995 × 10^302 |
| 13 | ov_013 | 5.888413730559467 × 10^302 |
| 14 | ov_014 | 4.668277394341983 × 10^302 |
| 15 | ov_015 | 3.6492033662854094 × 10^302 |
| 16 | ov_016 | 2.8076321878465843 × 10^302 |
| 17 | ov_017 | 2.1215164438525947 × 10^302 |
| 18 | ov_018 | 1.5703029923504003 × 10^302 |
| 19 | ov_019 | 1.1349198270735617 × 10^302 |
| 20 | ov_020 | 7.97766661919359 × 10^301 |
| 21 | ov_021 | 5.427084219639057 × 10^301 |
| 22 | ov_022 | 3.550709205962981 × 10^301 |
| 23 | ov_023 | 2.2163809736161306 × 10^301 |
| 24 | ov_024 | 1.306503073676855 × 10^301 |
| 25 | ov_025 | 7.18033059883103 × 10^300 |
| 26 | ov_026 | 3.624769785606642 × 10^300 |
| 27 | ov_027 | 1.658867382766851 × 10^300 |
| 28 | ov_028 | 6.885901882342931 × 10^299 |
| 29 | ov_029 | 2.653490219740985 × 10^299 |
| 30 | ov_030 | 8.112252368209335 × 10^298 |
| 31 | ov_031 | 1.582310936169118 × 10^298 |
| 32 | lv_80_m31 | 3.0856975723313115 × 10^297 |
| 33 | ov_033 | 3.7253983496728526 × 10^298 |
| 34 | ov_034 | 3.237870310082219 × 10^298 |
| 35 | ov_035 | 2.800559947389368 × 10^298 |
| 36 | ov_036 | 2.4096789530180605 × 10^298 |
| 37 | ov_037 | 2.0616470458440852 × 10^298 |
| 38 | ov_038 | 1.7530772885943028 × 10^298 |
| 39 | ov_039 | 1.480763302129001 × 10^298 |
| 40 | ov_040 | 1.2416682045133357 × 10^298 |
| 41 | ov_041 | 1.0329151107125945 × 10^298 |
| 42 | ov_042 | 8.51779037490525 × 10^297 |
| 43 | ov_043 | 6.956800666721248 × 10^297 |
| 44 | ov_044 | 5.621776283725637 × 10^297 |
| 45 | ov_045 | 4.489657741115442 × 10^297 |
| 46 | ov_046 | 3.538693179450412 × 10^297 |
| 47 | ov_047 | 2.74840731870713 × 10^297 |
| 48 | ov_048 | 2.0995768981457924 × 10^297 |
| 49 | ov_049 | 1.5742116249745127 × 10^297 |
| 50 | ov_050 | 1.1555397342137076 × 10^297 |
| 51 | ov_051 | 8.279973412003712 × 10^296 |
| 52 | ov_052 | 5.77220846925634 × 10^296 |
| 53 | ov_053 | 3.900417349472277 × 10^296 |
| 54 | ov_054 | 2.5448317702582692 × 10^296 |
| 55 | ov_055 | 1.5975794295119149 × 10^296 |
| 56 | ov_056 | 9.626718828771173 × 10^295 |
| 57 | ov_057 | 5.559978397901728 × 10^295 |
| 58 | ov_058 | 3.053196100895893 × 10^295 |
| 59 | ov_059 | 1.502713753423574 × 10^295 |
| 60 | ov_060 | 6.363806205692793 × 10^294 |
| 61 | ov_061 | 2.414008419699369 × 10^294 |
| 62 | ov_062 | 6.6270467052840775 × 10^293 |
| 63 | ov_063 | 1.2927006343303106 × 10^293 |
| 64 | lv_79_m31 | 2.521064868365993 × 10^292 |
| 65 | ov_065 | 3.040058347348693 × 10^293 |
| 66 | ov_066 | 3.040051276695257 × 10^293 |
| 67 | ov_067 | 3.040049610531507 × 10^293 |
| 68 | ov_068 | 2.6425173007230894 × 10^293 |
| 69 | ov_069 | 2.285666021527672 × 10^293 |
| 70 | ov_070 | 1.966520602328404 × 10^293 |
| 71 | ov_071 | 1.6822459156124008 × 10^293 |
| 72 | ov_072 | 1.4301394286825796 × 10^293 |
| 73 | ov_073 | 1.2076254145038455 × 10^293 |
| 74 | ov_074 | 1.012250418004469 × 10^293 |
| 75 | ov_075 | 8.416795957360391 × 10^292 |
| 76 | ov_076 | 6.93693606548857 × 10^292 |
| 77 | ov_077 | 5.661858657023305 × 10^292 |
| 78 | ov_078 | 4.571601020293288 × 10^292 |
| 79 | ov_079 | 3.64728199572656 × 10^292 |
| 80 | ov_080 | 2.8710830540531046 × 10^292 |
| 81 | ov_081 | 2.2262318557044686 × 10^292 |
| 82 | ov_082 | 1.6969881124397613 × 10^292 |
| 83 | ov_083 | 1.2686315734346865 × 10^292 |
| 84 | ov_084 | 9.274519589120615 × 10^291 |
| 85 | ov_085 | 6.607406649552087 × 10^291 |
| 86 | ov_086 | 4.567840635044262 × 10^291 |
| 87 | ov_087 | 3.048582217547557 × 10^291 |
| 88 | ov_088 | 1.9522486529999765 × 10^291 |
| 89 | ov_089 | 1.1912840943836086 × 10^291 |
| 90 | ov_090 | 6.879388309176298 × 10^290 |
| 91 | ov_091 | 3.742556980840986 × 10^290 |
| 92 | ov_092 | 1.9206191795776817 × 10^290 |
| 93 | ov_093 | 9.2964716003199 × 10^289 |
| 94 | ov_094 | 3.8349285182051017 × 10^289 |
| 95 | aaa_78_28 | 1.1352566180664062 × 10^289 |
| 96 | aaa_78_29 | 3.163722218969304 × 10^288 |
| 97 | ov_097 | 2.010946377192137 × 10^288 |
| 98 | ov_098 | 2.010917221719124 × 10^288 |
| 99 | ov_099 | 2.0109078980636483 × 10^288 |
| 100 | ov_100 | 1.6417056290753674 × 10^288 |
| 101 | ov_101 | 1.333582710432358 × 10^288 |
| 102 | ov_102 | 1.0793215541860438 × 10^288 |
| 103 | ov_103 | 8.721053359122832 × 10^287 |
| 104 | ov_104 | 7.054889608204999 × 10^287 |
| 105 | ov_105 | 5.7337368280140485 × 10^287 |
| 106 | ov_106 | 4.6998505055086 × 10^287 |
| 107 | ov_107 | 3.89853872226923 × 10^287 |
| 108 | ov_108 | 3.277999067298213 × 10^287 |
| 109 | ov_109 | 2.7891800576018254 × 10^287 |
| 110 | ov_110 | 2.385664464152885 × 10^287 |
| 111 | ov_111 | 2.023572093184956 × 10^287 |
| 112 | ov_112 | 1.7005110360495948 × 10^287 |
| 113 | ov_113 | 1.41414145326027 × 10^287 |
| 114 | ov_114 | 1.162164444574596 × 10^287 |
| 115 | ov_115 | 9.423126391843929 × 10^286 |
| 116 | ov_116 | 7.523423631359804 × 10^286 |
| 117 | ov_117 | 5.900272414622783 × 10^286 |
| 118 | ov_118 | 4.531530927174663 × 10^286 |
| 119 | ov_119 | 3.395139737166961 × 10^286 |
| 120 | ov_120 | 2.4690923233889095 × 10^286 |
| 121 | ov_121 | 1.7314142627757204 × 10^286 |
| 122 | ov_122 | 1.1601496563783175 × 10^286 |
| 123 | ov_123 | 7.333529120853114 × 10^285 |
| 124 | ov_124 | 4.290837192745446 × 10^285 |
| 125 | ov_125 | 2.2540404162761513 × 10^285 |
| 126 | ov_126 | 1.003766504745651 × 10^285 |
| 127 | aaa_77_28 | 3.2064548779687726 × 10^284 |
| 128 | aaa_77_29 | 1.2027656467878615 × 10^284 |
| 129 | ov_129 | 1.1279494966927777 × 10^284 |
| 130 | ov_130 | 1.1279463526820512 × 10^284 |
| 131 | ov_131 | 1.1279455901956087 × 10^284 |
| 132 | ov_132 | 9.810242138362483 × 10^283 |
| 133 | ov_133 | 8.49160137106507 × 10^283 |
| 134 | ov_134 | 7.31221922006895 × 10^283 |
| 135 | ov_135 | 6.261403014056127 × 10^283 |
| 136 | ov_136 | 5.32903746643292 × 10^283 |
| 137 | ov_137 | 4.505546118179718 × 10^283 |
| 138 | ov_138 | 3.7818580209221903 × 10^283 |
| 139 | ov_139 | 3.1493791612976896 × 10^283 |
| 140 | ov_140 | 2.5999681543969604 × 10^283 |
| 141 | ov_141 | 2.125915760004262 × 10^283 |
| 142 | ov_142 | 1.7199278006976813 × 10^283 |
| 143 | ov_143 | 1.3751110857422246 × 10^283 |
| 144 | ov_144 | 1.0849619692257425 × 10^283 |
| 145 | ov_145 | 8.433571951464827 × 10^282 |
| 146 | ov_146 | 6.445467062374028 × 10^282 |
| 147 | ov_147 | 4.831481172658959 × 10^282 |
| 148 | ov_148 | 3.541425774229777 × 10^282 |
| 149 | ov_149 | 2.5287177024457745 × 10^282 |
| 150 | ov_150 | 1.7503582330951345 × 10^282 |
| 151 | ov_151 | 1.1669192374563925 × 10^282 |
| 152 | ov_152 | 7.425345935373267 × 10^281 |
| 153 | ov_153 | 4.448952893150116 × 10^281 |
| 154 | ov_154 | 2.452468914979615 × 10^281 |
| 155 | ov_155 | 1.1838832543327246 × 10^281 |
| 156 | aaa_76_25 | 4.267130545499834 × 10^280 |
| 157 | aaa_76_26 | 2.416906640488555 × 10^280 |
| 158 | aaa_76_27 | 1.2050491890049703 × 10^280 |
| 159 | aaa_76_28 | 4.53944423390538 × 10^279 |
| 160 | aaa_76_29 | 1.610466587906253 × 10^279 |

### Output Bits Sorted by Complexity

| Rank | Output Bit | Complexity |
|:----:|:----------:|:----------:|
| 160 | aaa_76_29 | 1.610466587906253 × 10^279 |
| 159 | aaa_76_28 | 4.53944423390538 × 10^279 |
| 158 | aaa_76_27 | 1.2050491890049703 × 10^280 |
| 157 | aaa_76_26 | 2.416906640488555 × 10^280 |
| 156 | aaa_76_25 | 4.267130545499834 × 10^280 |
| 155 | ov_155 | 1.1838832543327246 × 10^281 |
| 154 | ov_154 | 2.452468914979615 × 10^281 |
| 153 | ov_153 | 4.448952893150116 × 10^281 |
| 152 | ov_152 | 7.425345935373267 × 10^281 |
| 151 | ov_151 | 1.1669192374563925 × 10^282 |
| 150 | ov_150 | 1.7503582330951345 × 10^282 |
| 149 | ov_149 | 2.5287177024457745 × 10^282 |
| 148 | ov_148 | 3.541425774229777 × 10^282 |
| 147 | ov_147 | 4.831481172658959 × 10^282 |
| 146 | ov_146 | 6.445467062374028 × 10^282 |
| 145 | ov_145 | 8.433571951464827 × 10^282 |
| 144 | ov_144 | 1.0849619692257425 × 10^283 |
| 143 | ov_143 | 1.3751110857422246 × 10^283 |
| 142 | ov_142 | 1.7199278006976813 × 10^283 |
| 141 | ov_141 | 2.125915760004262 × 10^283 |
| 140 | ov_140 | 2.5999681543969604 × 10^283 |
| 139 | ov_139 | 3.1493791612976896 × 10^283 |
| 138 | ov_138 | 3.7818580209221903 × 10^283 |
| 137 | ov_137 | 4.505546118179718 × 10^283 |
| 136 | ov_136 | 5.32903746643292 × 10^283 |
| 135 | ov_135 | 6.261403014056127 × 10^283 |
| 134 | ov_134 | 7.31221922006895 × 10^283 |
| 133 | ov_133 | 8.49160137106507 × 10^283 |
| 132 | ov_132 | 9.810242138362483 × 10^283 |
| 131 | ov_131 | 1.1279455901956087 × 10^284 |
| 130 | ov_130 | 1.1279463526820512 × 10^284 |
| 129 | ov_129 | 1.1279494966927777 × 10^284 |
| 128 | aaa_77_29 | 1.2027656467878615 × 10^284 |
| 127 | aaa_77_28 | 3.2064548779687726 × 10^284 |
| 126 | ov_126 | 1.003766504745651 × 10^285 |
| 125 | ov_125 | 2.2540404162761513 × 10^285 |
| 124 | ov_124 | 4.290837192745446 × 10^285 |
| 123 | ov_123 | 7.333529120853114 × 10^285 |
| 122 | ov_122 | 1.1601496563783175 × 10^286 |
| 121 | ov_121 | 1.7314142627757204 × 10^286 |
| 120 | ov_120 | 2.4690923233889095 × 10^286 |
| 119 | ov_119 | 3.395139737166961 × 10^286 |
| 118 | ov_118 | 4.531530927174663 × 10^286 |
| 117 | ov_117 | 5.900272414622783 × 10^286 |
| 116 | ov_116 | 7.523423631359804 × 10^286 |
| 115 | ov_115 | 9.423126391843929 × 10^286 |
| 114 | ov_114 | 1.162164444574596 × 10^287 |
| 113 | ov_113 | 1.41414145326027 × 10^287 |
| 112 | ov_112 | 1.7005110360495948 × 10^287 |
| 111 | ov_111 | 2.023572093184956 × 10^287 |
| 110 | ov_110 | 2.385664464152885 × 10^287 |
| 109 | ov_109 | 2.7891800576018254 × 10^287 |
| 108 | ov_108 | 3.277999067298213 × 10^287 |
| 107 | ov_107 | 3.89853872226923 × 10^287 |
| 106 | ov_106 | 4.6998505055086 × 10^287 |
| 105 | ov_105 | 5.7337368280140485 × 10^287 |
| 104 | ov_104 | 7.054889608204999 × 10^287 |
| 103 | ov_103 | 8.721053359122832 × 10^287 |
| 102 | ov_102 | 1.0793215541860438 × 10^288 |
| 101 | ov_101 | 1.333582710432358 × 10^288 |
| 100 | ov_100 | 1.6417056290753674 × 10^288 |
| 99 | ov_099 | 2.0109078980636483 × 10^288 |
| 98 | ov_098 | 2.010917221719124 × 10^288 |
| 97 | ov_097 | 2.010946377192137 × 10^288 |
| 96 | aaa_78_29 | 3.163722218969304 × 10^288 |
| 95 | aaa_78_28 | 1.1352566180664062 × 10^289 |
| 94 | ov_094 | 3.8349285182051017 × 10^289 |
| 93 | ov_093 | 9.2964716003199 × 10^289 |
| 92 | ov_092 | 1.9206191795776817 × 10^290 |
| 91 | ov_091 | 3.742556980840986 × 10^290 |
| 90 | ov_090 | 6.879388309176298 × 10^290 |
| 89 | ov_089 | 1.1912840943836086 × 10^291 |
| 88 | ov_088 | 1.9522486529999765 × 10^291 |
| 87 | ov_087 | 3.048582217547557 × 10^291 |
| 86 | ov_086 | 4.567840635044262 × 10^291 |
| 85 | ov_085 | 6.607406649552087 × 10^291 |
| 84 | ov_084 | 9.274519589120615 × 10^291 |
| 83 | ov_083 | 1.2686315734346865 × 10^292 |
| 82 | ov_082 | 1.6969881124397613 × 10^292 |
| 81 | ov_081 | 2.2262318557044686 × 10^292 |
| 64 | lv_79_m31 | 2.521064868365993 × 10^292 |
| 80 | ov_080 | 2.8710830540531046 × 10^292 |
| 79 | ov_079 | 3.64728199572656 × 10^292 |
| 78 | ov_078 | 4.571601020293288 × 10^292 |
| 77 | ov_077 | 5.661858657023305 × 10^292 |
| 76 | ov_076 | 6.93693606548857 × 10^292 |
| 75 | ov_075 | 8.416795957360391 × 10^292 |
| 74 | ov_074 | 1.012250418004469 × 10^293 |
| 73 | ov_073 | 1.2076254145038455 × 10^293 |
| 63 | ov_063 | 1.2927006343303106 × 10^293 |
| 72 | ov_072 | 1.4301394286825796 × 10^293 |
| 71 | ov_071 | 1.6822459156124008 × 10^293 |
| 70 | ov_070 | 1.966520602328404 × 10^293 |
| 69 | ov_069 | 2.285666021527672 × 10^293 |
| 68 | ov_068 | 2.6425173007230894 × 10^293 |
| 67 | ov_067 | 3.040049610531507 × 10^293 |
| 66 | ov_066 | 3.040051276695257 × 10^293 |
| 65 | ov_065 | 3.040058347348693 × 10^293 |
| 62 | ov_062 | 6.6270467052840775 × 10^293 |
| 61 | ov_061 | 2.414008419699369 × 10^294 |
| 60 | ov_060 | 6.363806205692793 × 10^294 |
| 59 | ov_059 | 1.502713753423574 × 10^295 |
| 58 | ov_058 | 3.053196100895893 × 10^295 |
| 57 | ov_057 | 5.559978397901728 × 10^295 |
| 56 | ov_056 | 9.626718828771173 × 10^295 |
| 55 | ov_055 | 1.5975794295119149 × 10^296 |
| 54 | ov_054 | 2.5448317702582692 × 10^296 |
| 53 | ov_053 | 3.900417349472277 × 10^296 |
| 52 | ov_052 | 5.77220846925634 × 10^296 |
| 51 | ov_051 | 8.279973412003712 × 10^296 |
| 50 | ov_050 | 1.1555397342137076 × 10^297 |
| 49 | ov_049 | 1.5742116249745127 × 10^297 |
| 48 | ov_048 | 2.0995768981457924 × 10^297 |
| 47 | ov_047 | 2.74840731870713 × 10^297 |
| 32 | lv_80_m31 | 3.0856975723313115 × 10^297 |
| 46 | ov_046 | 3.538693179450412 × 10^297 |
| 45 | ov_045 | 4.489657741115442 × 10^297 |
| 44 | ov_044 | 5.621776283725637 × 10^297 |
| 43 | ov_043 | 6.956800666721248 × 10^297 |
| 42 | ov_042 | 8.51779037490525 × 10^297 |
| 41 | ov_041 | 1.0329151107125945 × 10^298 |
| 40 | ov_040 | 1.2416682045133357 × 10^298 |
| 39 | ov_039 | 1.480763302129001 × 10^298 |
| 31 | ov_031 | 1.582310936169118 × 10^298 |
| 38 | ov_038 | 1.7530772885943028 × 10^298 |
| 37 | ov_037 | 2.0616470458440852 × 10^298 |
| 36 | ov_036 | 2.4096789530180605 × 10^298 |
| 35 | ov_035 | 2.800559947389368 × 10^298 |
| 34 | ov_034 | 3.237870310082219 × 10^298 |
| 33 | ov_033 | 3.7253983496728526 × 10^298 |
| 30 | ov_030 | 8.112252368209335 × 10^298 |
| 29 | ov_029 | 2.653490219740985 × 10^299 |
| 28 | ov_028 | 6.885901882342931 × 10^299 |
| 27 | ov_027 | 1.658867382766851 × 10^300 |
| 26 | ov_026 | 3.624769785606642 × 10^300 |
| 25 | ov_025 | 7.18033059883103 × 10^300 |
| 24 | ov_024 | 1.306503073676855 × 10^301 |
| 23 | ov_023 | 2.2163809736161306 × 10^301 |
| 22 | ov_022 | 3.550709205962981 × 10^301 |
| 21 | ov_021 | 5.427084219639057 × 10^301 |
| 20 | ov_020 | 7.97766661919359 × 10^301 |
| 19 | ov_019 | 1.1349198270735617 × 10^302 |
| 18 | ov_018 | 1.5703029923504003 × 10^302 |
| 17 | ov_017 | 2.1215164438525947 × 10^302 |
| 16 | ov_016 | 2.8076321878465843 × 10^302 |
| 15 | ov_015 | 3.6492033662854094 × 10^302 |
| 14 | ov_014 | 4.668277394341983 × 10^302 |
| 13 | ov_013 | 5.888413730559467 × 10^302 |
| 12 | ov_012 | 7.3347072854995995 × 10^302 |
| 11 | ov_011 | 9.033818570272546 × 10^302 |
| 10 | ov_010 | 1.1014011782189467 × 10^303 |
| 9 | ov_009 | 1.3305202121160855 × 10^303 |
| 8 | ov_008 | 1.5939013727589417 × 10^303 |
| 7 | ov_007 | 1.8948849730650948 × 10^303 |
| 6 | ov_006 | 2.2369975995358224 × 10^303 |
| 5 | ov_005 | 2.6239620258067844 × 10^303 |
| 4 | ov_004 | 3.0597088443599244 × 10^303 |
| 3 | ov_003 | 3.548390006345194 × 10^303 |
| 2 | ov_002 | 4.0943944704381695 × 10^303 |
| 1 | ov_001 | 4.7023661730573785 × 10^303 |

