# Results for F001-F002-F003-F004-F005-F006-F007-F008-F009-F010-F011-F012-F013-F014-F015-F016-F017-F018-F019-F020-F021-F022-F023-F024-F025-F026-F027-F028-F029-F030-F031-F032-F033-F034-F035-F036-F037-F038-F039-F040-F041-F042-F043-F044-F045-F046-F047-F048-F049-F050-F051-F052-F053-F054-F055-F056-F057-F058-F059-F060-F061-F062-F063-F064-F065-F066-F067-F068-F069-F070-F071-F072-F073-F074-F075-F076-F077-F078-F079-F080-F081-F082-F083-F084-F085-F086-F087-F088-F089-F090-F091-F092-F093-F094-F095-F096-F097-F098-F099-F100-F101-F102-F103-F104-F105-F106-F107-F108-F109-F110-F111-F112-F113-F114-F115-F116-F117-F118-F119-F120-F121-F122-F123-F124-F125-F126-F127-F128-F129-F130-F131-F132-F133-F134-F135-F136-F137-F138-F139-F140-F141-F142-F143-F144-F145-F146-F147-F148-F149-F150-F151-F152-F153-F154-F155-F156-F157-F158-F159-F160-F161-F162-F163-F164-F165-F166-F167-F168-F169-F170-F171-F172-F173-F174-F175-F176-F177-F178-F179-F180-F181-F182-F183-F184-F185-F186-F187-F188-F189-F190-F191-F192-F193-F194-F195-F196-F197-F198-F199-F200-F201-F202-F203-F204-F205-F206-F207-F208-F209-F210-F211-F212-F213-F214-F215-F216-F217-F218-F219-F220-F221-F222-F223-F224-F225-F226-F227-F228-F229-F230-F231-F232-F233-F234-F235-F236-F237-F238-F239-F240-F241-F242-F243-F244-F245-F246-F247-F248-F249-F250-F251-F252-F253-F254-F255-F256-F257-F258-F259-F260-F261-F262-F263-F264-F265-F266-F267-F268-F269-F270-F271-F272-F273-F274-F275-F276-F277-F278-F279-F280-F281-F282-F283-F284-F285-F286-F287-F288-F289-F290-F291-F292-F293-F294-F295-F296-F297-F298-F299-F300-F301-F302-F303-F304-F305-F306-F307-F308-F309-F310-F311-F312-F313-F314-F315-F316-F317-F318-F319-F320-F321-F322-F323-F324-F325-F326-F327-F328-F329-F330-F331-F332-F333-F334-F335-F336-F337-F338-F339-F340-F341-F342-F343-F344-F345-F346-F347-F348-F349-F350-F351-F352-F353-F354-F355-F356-F357-F358-F359-F360-F361-F362-F363-F364-F365-F366-F367-F368-F369-F370-F371-F372-F373-F374-F375-F376-F377-F378-F379-F380-F381-F382-F383-F384-F385-F386-F387-F388-F389-F390-F391-F392-F393-F394-F395-F396-F397-F398-F399-F400-F401-F402-F403-F404-F405-F406-F407-F408-F409-F410-F411-F412-F413-F414-F415-F416-F417-F418-F419-F420-F421-F422-F423-F424-F425-F426-F427-F428-F429-F430-F431-F432-F433-F434-F435-F436-F437-F438-F439-F440-F441-F442-F443-F444-F445-F446-F447-F448-F449-F450-F451-F452-F453-F454-F455-F456-F457-F458-F459-F460-F461-F462-F463-F464-F465-F466-F467-F468-F469-F470-F471-F472-F473-F474-F475-F476-F477-F478-F479-F480-F481-F482-F483-F484-F485-F486-F487-F488-F489-F490-F491-F492-F493-F494-F495-F496-F497-E507509

## Summary

Number of input bits: 512  
Number of free input bits: 14  
Number of output bits: 160

Number of direct occurrences: 57232  
Number of assignments: 31978  
Number of operations: 11345538
(xor: 11316774,
and: 15122,
or: 13642)

Total complexity: 3.2868801770947486 × 10^302

Least occurring input variable: iv_502 (3903)  
Most occurring input variable: iv_512 (4394)

Most co-occurring input variables: iv_511-iv_512 (2167)  
Least co-occurring input variables: iv_498-iv_502 (1770)

Potentially most occurring input variable: iv_507/iv_512 (4552)  
Potentially least occurring input variable: iv_499/iv_508 (4122)

Least output occurring input variable: iv_507 (66)  
Most output occurring input variable: iv_498 (88)

Most output co-occurring input variables: iv_498-iv_510 (48)  
Least output co-occurring input variables: iv_502-iv_508 (30)

Potentially most output occurring input variable: iv_504/iv_510 (93)  
Potentially least output occurring input variable: iv_507/iv_508 (68)

Least complex input bit: iv_498 (3.213406880400212 × 10^299)  
Most complex input bit: iv_510 (8.686569802747862 × 10^301)

Least complex output bit: aaa_76_29 (5.386306375670351 × 10^277)  
Most complex output bit: ov_001 (5.116597207835347 × 10^301)

Least complex input/output complexity: iv_498/aaa_76_29 (5.26590354225246 × 10^274)  
Most complex input/output complexity: iv_510/ov_001 (1.3522147569642082 × 10^301)

## Input Bits

### Input Bits in Regular Order

| Input Bit | Complexity | Occurrences | Output Occurrences |
|:---------:|:----------:|:-----------:|:------------------:|
| iv_498 | 3.213406880400212 × 10^299 | 3980 | 88 |
| iv_499 | 6.6418196405974465 × 10^299 | 4148 | 81 |
| iv_500 | 1.2418334802674895 × 10^300 | 4140 | 76 |
| iv_501 | 2.282247107652437 × 10^300 | 4077 | 79 |
| iv_502 | 3.8885371099459544 × 10^300 | 3903 | 82 |
| iv_503 | 6.334337593741869 × 10^300 | 4047 | 74 |
| iv_504 | 9.977790454444484 × 10^300 | 3959 | 78 |
| iv_505 | 1.5299115161553028 × 10^301 | 3941 | 79 |
| iv_506 | 2.2922349420726386 × 10^301 | 3975 | 82 |
| iv_507 | 7.59933383347708 × 10^301 | 4264 | 66 |
| iv_508 | 4.7496266458433834 × 10^301 | 4016 | 70 |
| iv_510 | 8.686569802747862 × 10^301 | 4150 | 79 |
| iv_511 | 2.574340426444799 × 10^301 | 4238 | 80 |
| iv_512 | 2.965757764391254 × 10^301 | 4394 | 80 |

### Input Bits Sorted by Complexity

| Input Bit | Complexity | Occurrences | Output Occurrences |
|:---------:|:----------:|:-----------:|:------------------:|
| iv_498 | 3.213406880400212 × 10^299 | 3980 | 88 |
| iv_499 | 6.6418196405974465 × 10^299 | 4148 | 81 |
| iv_500 | 1.2418334802674895 × 10^300 | 4140 | 76 |
| iv_501 | 2.282247107652437 × 10^300 | 4077 | 79 |
| iv_502 | 3.8885371099459544 × 10^300 | 3903 | 82 |
| iv_503 | 6.334337593741869 × 10^300 | 4047 | 74 |
| iv_504 | 9.977790454444484 × 10^300 | 3959 | 78 |
| iv_505 | 1.5299115161553028 × 10^301 | 3941 | 79 |
| iv_506 | 2.2922349420726386 × 10^301 | 3975 | 82 |
| iv_511 | 2.574340426444799 × 10^301 | 4238 | 80 |
| iv_512 | 2.965757764391254 × 10^301 | 4394 | 80 |
| iv_508 | 4.7496266458433834 × 10^301 | 4016 | 70 |
| iv_507 | 7.59933383347708 × 10^301 | 4264 | 66 |
| iv_510 | 8.686569802747862 × 10^301 | 4150 | 79 |

### Input Bits Sorted by Occurrences

| Input Bit | Complexity | Occurrences | Output Occurrences |
|:---------:|:----------:|:-----------:|:------------------:|
| iv_502 | 3.8885371099459544 × 10^300 | 3903 | 82 |
| iv_505 | 1.5299115161553028 × 10^301 | 3941 | 79 |
| iv_504 | 9.977790454444484 × 10^300 | 3959 | 78 |
| iv_506 | 2.2922349420726386 × 10^301 | 3975 | 82 |
| iv_498 | 3.213406880400212 × 10^299 | 3980 | 88 |
| iv_508 | 4.7496266458433834 × 10^301 | 4016 | 70 |
| iv_503 | 6.334337593741869 × 10^300 | 4047 | 74 |
| iv_501 | 2.282247107652437 × 10^300 | 4077 | 79 |
| iv_500 | 1.2418334802674895 × 10^300 | 4140 | 76 |
| iv_499 | 6.6418196405974465 × 10^299 | 4148 | 81 |
| iv_510 | 8.686569802747862 × 10^301 | 4150 | 79 |
| iv_511 | 2.574340426444799 × 10^301 | 4238 | 80 |
| iv_507 | 7.59933383347708 × 10^301 | 4264 | 66 |
| iv_512 | 2.965757764391254 × 10^301 | 4394 | 80 |

### Input Bits Sorted by Output Occurrences

| Input Bit | Complexity | Occurrences | Output Occurrences |
|:---------:|:----------:|:-----------:|:------------------:|
| iv_507 | 7.59933383347708 × 10^301 | 4264 | 66 |
| iv_508 | 4.7496266458433834 × 10^301 | 4016 | 70 |
| iv_503 | 6.334337593741869 × 10^300 | 4047 | 74 |
| iv_500 | 1.2418334802674895 × 10^300 | 4140 | 76 |
| iv_504 | 9.977790454444484 × 10^300 | 3959 | 78 |
| iv_501 | 2.282247107652437 × 10^300 | 4077 | 79 |
| iv_505 | 1.5299115161553028 × 10^301 | 3941 | 79 |
| iv_510 | 8.686569802747862 × 10^301 | 4150 | 79 |
| iv_511 | 2.574340426444799 × 10^301 | 4238 | 80 |
| iv_512 | 2.965757764391254 × 10^301 | 4394 | 80 |
| iv_499 | 6.6418196405974465 × 10^299 | 4148 | 81 |
| iv_502 | 3.8885371099459544 × 10^300 | 3903 | 82 |
| iv_506 | 2.2922349420726386 × 10^301 | 3975 | 82 |
| iv_498 | 3.213406880400212 × 10^299 | 3980 | 88 |

## Input Bit Co-occurrences

### Input Bit Co-occurrences Sorted by Co-occurrences

| Input Bits | Co-occurrences | Potential Occurrences | Output Co-occurrences | Potential Output Occurrences |
|:----------:|:--------------:|:---------------------:|:---------------------:|:----------------------------:|
| iv_511-iv_512 | 2167 | 4298 | 43 | 74 |
| iv_510-iv_512 | 2098 | 4348 | 42 | 75 |
| iv_500-iv_511 | 2089 | 4200 | 38 | 80 |
| iv_501-iv_512 | 2081 | 4309 | 37 | 85 |
| iv_500-iv_512 | 2073 | 4388 | 39 | 78 |
| iv_501-iv_511 | 2062 | 4191 | 41 | 77 |
| iv_503-iv_512 | 2053 | 4335 | 34 | 86 |
| iv_507-iv_512 | 2053 | 4552 | 33 | 80 |
| iv_499-iv_512 | 2043 | 4456 | 44 | 73 |
| iv_499-iv_510 | 2041 | 4216 | 43 | 74 |
| iv_508-iv_512 | 2039 | 4332 | 32 | 86 |
| iv_499-iv_511 | 2033 | 4320 | 37 | 87 |
| iv_501-iv_510 | 2025 | 4177 | 42 | 74 |
| iv_499-iv_508 | 2021 | 4122 | 38 | 75 |

### Input Bit Co-occurrences Sorted by Potential Occurrences

| Input Bits | Co-occurrences | Potential Occurrences | Output Co-occurrences | Potential Output Occurrences |
|:----------:|:--------------:|:---------------------:|:---------------------:|:----------------------------:|
| iv_499-iv_508 | 2021 | 4122 | 38 | 75 |
| iv_504-iv_506 | 1883 | 4168 | 42 | 76 |
| iv_500-iv_503 | 2009 | 4169 | 38 | 74 |
| iv_502-iv_505 | 1835 | 4174 | 36 | 89 |
| iv_506-iv_508 | 1908 | 4175 | 37 | 78 |
| iv_501-iv_510 | 2025 | 4177 | 42 | 74 |
| iv_501-iv_508 | 1956 | 4181 | 34 | 81 |
| iv_503-iv_506 | 1920 | 4182 | 38 | 80 |
| iv_501-iv_505 | 1917 | 4184 | 36 | 86 |
| iv_504-iv_505 | 1856 | 4188 | 41 | 75 |
| iv_501-iv_511 | 2062 | 4191 | 41 | 77 |
| iv_499-iv_502 | 1928 | 4195 | 41 | 81 |
| iv_498-iv_501 | 1931 | 4195 | 40 | 87 |
| iv_500-iv_511 | 2089 | 4200 | 38 | 80 |

### Input Bit Output Co-occurrences Sorted by Output Co-occurrences

| Input Bits | Co-occurrences | Potential Occurrences | Output Co-occurrences | Potential Output Occurrences |
|:----------:|:--------------:|:---------------------:|:---------------------:|:----------------------------:|
| iv_498-iv_510 | 1950 | 4230 | 48 | 71 |
| iv_498-iv_512 | 2003 | 4368 | 47 | 74 |
| iv_498-iv_502 | 1770 | 4343 | 46 | 78 |
| iv_498-iv_504 | 1853 | 4233 | 46 | 74 |
| iv_502-iv_511 | 1928 | 4285 | 45 | 72 |
| iv_499-iv_512 | 2043 | 4456 | 44 | 73 |
| iv_502-iv_506 | 1822 | 4234 | 44 | 76 |
| iv_506-iv_510 | 1955 | 4215 | 44 | 73 |
| iv_498-iv_503 | 1899 | 4229 | 43 | 76 |
| iv_498-iv_511 | 1905 | 4408 | 43 | 82 |
| iv_499-iv_510 | 2041 | 4216 | 43 | 74 |
| iv_511-iv_512 | 2167 | 4298 | 43 | 74 |
| iv_502-iv_504 | 1811 | 4240 | 42 | 76 |
| iv_498-iv_499 | 1855 | 4418 | 42 | 85 |

### Input Bit Output Co-occurrences Sorted by Potential Output Occurrences

| Input Bits | Co-occurrences | Potential Occurrences | Output Co-occurrences | Potential Output Occurrences |
|:----------:|:--------------:|:---------------------:|:---------------------:|:----------------------------:|
| iv_507-iv_508 | 1921 | 4438 | 34 | 68 |
| iv_503-iv_504 | 1867 | 4272 | 41 | 70 |
| iv_498-iv_510 | 1950 | 4230 | 48 | 71 |
| iv_500-iv_505 | 1934 | 4213 | 42 | 71 |
| iv_498-iv_507 | 1924 | 4396 | 41 | 72 |
| iv_502-iv_511 | 1928 | 4285 | 45 | 72 |
| iv_503-iv_505 | 1883 | 4222 | 40 | 73 |
| iv_499-iv_512 | 2043 | 4456 | 44 | 73 |
| iv_500-iv_501 | 1970 | 4277 | 41 | 73 |
| iv_506-iv_510 | 1955 | 4215 | 44 | 73 |
| iv_504-iv_508 | 1876 | 4223 | 37 | 74 |
| iv_498-iv_504 | 1853 | 4233 | 46 | 74 |
| iv_498-iv_512 | 2003 | 4368 | 47 | 74 |
| iv_499-iv_510 | 2041 | 4216 | 43 | 74 |

## Output Bits

### Output Bits in Regular Order

| Rank | Output Bit | Complexity |
|:----:|:----------:|:----------:|
| 1 | ov_001 | 5.116597207835347 × 10^301 |
| 2 | ov_002 | 4.4547987902871664 × 10^301 |
| 3 | ov_003 | 3.8604643260379274 × 10^301 |
| 4 | ov_004 | 3.3285392516017654 × 10^301 |
| 5 | ov_005 | 2.8542462814856844 × 10^301 |
| 6 | ov_006 | 2.433065857742147 × 10^301 |
| 7 | ov_007 | 2.060719131156096 × 10^301 |
| 8 | ov_008 | 1.7331532421371775 × 10^301 |
| 9 | ov_009 | 1.446528681827829 × 10^301 |
| 10 | ov_010 | 1.1972085259237094 × 10^301 |
| 11 | ov_011 | 9.817493453149522 × 10^300 |
| 12 | ov_012 | 7.968936089648171 × 10^300 |
| 13 | ov_013 | 6.39563405507124 × 10^300 |
| 14 | ov_014 | 5.068553209171689 × 10^300 |
| 15 | ov_015 | 3.960363203364808 × 10^300 |
| 16 | ov_016 | 3.0454049274626222 × 10^300 |
| 17 | ov_017 | 2.2996652771743707 × 10^300 |
| 18 | ov_018 | 1.7007580394073093 × 10^300 |
| 19 | ov_019 | 1.2279097967658517 × 10^300 |
| 20 | ov_020 | 8.619498567572293 × 10^299 |
| 21 | ov_021 | 5.853033151662738 × 10^299 |
| 22 | ov_022 | 3.8198646692535134 × 10^299 |
| 23 | ov_023 | 2.376038816183013 × 10^299 |
| 24 | ov_024 | 1.3934658776373258 × 10^299 |
| 25 | ov_025 | 7.599097697207449 × 10^298 |
| 26 | ov_026 | 3.7898186558410344 × 10^298 |
| 27 | ov_027 | 1.7013794444913318 × 10^298 |
| 28 | ov_028 | 6.867694578305169 × 10^297 |
| 29 | ov_029 | 2.5740568050382283 × 10^297 |
| 30 | ov_030 | 7.781966545931235 × 10^296 |
| 31 | ov_031 | 1.7227784303154304 × 10^296 |
| 32 | lv_80_m31 | 3.359450974755034 × 10^295 |
| 33 | ov_033 | 4.051727310612142 × 10^296 |
| 34 | ov_034 | 3.520525341267295 × 10^296 |
| 35 | ov_035 | 3.044117239110187 × 10^296 |
| 36 | ov_036 | 2.618368341079176 × 10^296 |
| 37 | ov_037 | 2.2393703007583476 × 10^296 |
| 38 | ov_038 | 1.9034252032592494 × 10^296 |
| 39 | ov_039 | 1.6070317479195508 × 10^296 |
| 40 | ov_040 | 1.3468733038725164 × 10^296 |
| 41 | ov_041 | 1.1198076554278296 × 10^296 |
| 42 | ov_042 | 9.228582654744969 × 10^295 |
| 43 | ov_043 | 7.53206895844047 × 10^295 |
| 44 | ov_044 | 6.081874338257392 × 10^295 |
| 45 | ov_045 | 4.852807838689819 × 10^295 |
| 46 | ov_046 | 3.821106930007953 × 10^295 |
| 47 | ov_047 | 2.96440387682426 × 10^295 |
| 48 | ov_048 | 2.2616990877880864 × 10^295 |
| 49 | ov_049 | 1.6933404006251486 × 10^295 |
| 50 | ov_050 | 1.2410073426041658 × 10^295 |
| 51 | ov_051 | 8.87699491121392 × 10^294 |
| 52 | ov_052 | 6.177281427539149 × 10^294 |
| 53 | ov_053 | 4.16710582106541 × 10^294 |
| 54 | ov_054 | 2.7156632428009663 × 10^294 |
| 55 | ov_055 | 1.7051478698988 × 10^294 |
| 56 | ov_056 | 1.0307393038591134 × 10^294 |
| 57 | ov_057 | 6.005949807151389 × 10^293 |
| 58 | ov_058 | 3.3584610134088202 × 10^293 |
| 59 | ov_059 | 1.7059560628112736 × 10^293 |
| 60 | ov_060 | 7.513774136672629 × 10^292 |
| 61 | ov_061 | 2.6252057864625414 × 10^292 |
| 62 | ov_062 | 7.203341419711415 × 10^291 |
| 63 | ov_063 | 1.4044156400530442 × 10^291 |
| 64 | lv_79_m31 | 2.7376153491677546 × 10^290 |
| 65 | ov_065 | 3.3055656541826424 × 10^291 |
| 66 | ov_066 | 3.305555998607213 × 10^291 |
| 67 | ov_067 | 3.305553635648655 × 10^291 |
| 68 | ov_068 | 2.869165764431421 × 10^291 |
| 69 | ov_069 | 2.478700436627109 × 10^291 |
| 70 | ov_070 | 2.1304995814383832 × 10^291 |
| 71 | ov_071 | 1.8211300819475917 × 10^291 |
| 72 | ov_072 | 1.54736854671933 × 10^291 |
| 73 | ov_073 | 1.306187430513263 × 10^291 |
| 74 | ov_074 | 1.0947424320253525 × 10^291 |
| 75 | ov_075 | 9.10361099444182 × 10^290 |
| 76 | ov_076 | 7.505325769870822 × 10^290 |
| 77 | ov_077 | 6.128984275279348 × 10^290 |
| 78 | ov_078 | 4.9524446800059296 × 10^290 |
| 79 | ov_079 | 3.954935555107465 × 10^290 |
| 80 | ov_080 | 3.1169926306272935 × 10^290 |
| 81 | ov_081 | 2.4204038455043323 × 10^290 |
| 82 | ov_082 | 1.848162092135149 × 10^290 |
| 83 | ov_083 | 1.3844250615797476 × 10^290 |
| 84 | ov_084 | 1.0144815981669869 × 10^290 |
| 85 | ov_085 | 7.247239740958731 × 10^289 |
| 86 | ov_086 | 5.026254957956457 × 10^289 |
| 87 | ov_087 | 3.367228545120447 × 10^289 |
| 88 | ov_088 | 2.1660263399563722 × 10^289 |
| 89 | ov_089 | 1.3289138839696634 × 10^289 |
| 90 | ov_090 | 7.724870359554164 × 10^288 |
| 91 | ov_091 | 4.236265525051324 × 10^288 |
| 92 | ov_092 | 2.194708180160997 × 10^288 |
| 93 | ov_093 | 1.074011963123061 × 10^288 |
| 94 | ov_094 | 4.503522709174408 × 10^287 |
| 95 | aaa_78_28 | 1.374023070791466 × 10^287 |
| 96 | aaa_78_29 | 4.910440366504123 × 10^286 |
| 97 | ov_097 | 3.241285297714214 × 10^286 |
| 98 | ov_098 | 3.241187873339589 × 10^286 |
| 99 | ov_099 | 3.2411567197055375 × 10^286 |
| 100 | ov_100 | 2.916076122389519 × 10^286 |
| 101 | ov_101 | 2.6151046426267093 × 10^286 |
| 102 | ov_102 | 2.336904378490793 × 10^286 |
| 103 | ov_103 | 2.0802344039003474 × 10^286 |
| 104 | ov_104 | 1.8439385478558317 × 10^286 |
| 105 | ov_105 | 1.6269342648103664 × 10^286 |
| 106 | ov_106 | 1.4282025382078957 × 10^286 |
| 107 | ov_107 | 1.2467787615175485 × 10^286 |
| 108 | ov_108 | 1.0817445429834117 × 10^286 |
| 109 | ov_109 | 9.322203818468568 × 10^285 |
| 110 | ov_110 | 7.973591650316675 × 10^285 |
| 111 | ov_111 | 6.763404342523193 × 10^285 |
| 112 | ov_112 | 5.683653742528267 × 10^285 |
| 113 | ov_113 | 4.726524734443687 × 10^285 |
| 114 | ov_114 | 3.884338086180256 × 10^285 |
| 115 | ov_115 | 3.149519056948258 × 10^285 |
| 116 | ov_116 | 2.5145712866613106 × 10^285 |
| 117 | ov_117 | 1.9720554899726707 × 10^285 |
| 118 | ov_118 | 1.514572478370876 × 10^285 |
| 119 | ov_119 | 1.1347500341345601 × 10^285 |
| 120 | ov_120 | 8.252331601315007 × 10^284 |
| 121 | ov_121 | 5.786772295367212 × 10^284 |
| 122 | ov_122 | 3.8774355958840566 × 10^284 |
| 123 | ov_123 | 2.4509677922485156 × 10^284 |
| 124 | ov_124 | 1.4340326563850554 × 10^284 |
| 125 | ov_125 | 7.533020198543282 × 10^283 |
| 126 | ov_126 | 3.354506648781851 × 10^283 |
| 127 | aaa_77_28 | 1.071541482026308 × 10^283 |
| 128 | aaa_77_29 | 4.0192656971439545 × 10^282 |
| 129 | ov_129 | 3.7658530085327483 × 10^282 |
| 130 | ov_130 | 3.7658425002903914 × 10^282 |
| 131 | ov_131 | 3.7658399549507757 × 10^282 |
| 132 | ov_132 | 3.274658224345319 × 10^282 |
| 133 | ov_133 | 2.833864979055971 × 10^282 |
| 134 | ov_134 | 2.439672651273542 × 10^282 |
| 135 | ov_135 | 2.0885015861167472 × 10^282 |
| 136 | ov_136 | 1.7769652455804252 × 10^282 |
| 137 | ov_137 | 1.5018573376304498 × 10^282 |
| 138 | ov_138 | 1.2601406946483873 × 10^282 |
| 139 | ov_139 | 1.0489377346603506 × 10^282 |
| 140 | ov_140 | 8.655223476999176 × 10^281 |
| 141 | ov_141 | 7.073130583158147 × 10^281 |
| 142 | ov_142 | 5.71867323694517 × 10^281 |
| 143 | ov_143 | 4.5687683517142675 × 10^281 |
| 144 | ov_144 | 3.60163699090027 × 10^281 |
| 145 | ov_145 | 2.7967738106792817 × 10^281 |
| 146 | ov_146 | 2.1349230576744298 × 10^281 |
| 147 | ov_147 | 1.5980601226611543 × 10^281 |
| 148 | ov_148 | 1.169377730943765 × 10^281 |
| 149 | ov_149 | 8.332759296365073 × 10^280 |
| 150 | ov_150 | 5.753551115550685 × 10^280 |
| 151 | ov_151 | 3.824113948469876 × 10^280 |
| 152 | ov_152 | 2.4243375688264205 × 10^280 |
| 153 | ov_153 | 1.446024003040229 × 10^280 |
| 154 | ov_154 | 7.928790849380433 × 10^279 |
| 155 | ov_155 | 3.8050838572298216 × 10^279 |
| 156 | aaa_76_25 | 1.3641531413802916 × 10^279 |
| 157 | aaa_76_26 | 7.744103253457438 × 10^278 |
| 158 | aaa_76_27 | 3.9844442994734086 × 10^278 |
| 159 | aaa_76_28 | 1.7677482881522777 × 10^278 |
| 160 | aaa_76_29 | 5.386306375670351 × 10^277 |

### Output Bits Sorted by Complexity

| Rank | Output Bit | Complexity |
|:----:|:----------:|:----------:|
| 160 | aaa_76_29 | 5.386306375670351 × 10^277 |
| 159 | aaa_76_28 | 1.7677482881522777 × 10^278 |
| 158 | aaa_76_27 | 3.9844442994734086 × 10^278 |
| 157 | aaa_76_26 | 7.744103253457438 × 10^278 |
| 156 | aaa_76_25 | 1.3641531413802916 × 10^279 |
| 155 | ov_155 | 3.8050838572298216 × 10^279 |
| 154 | ov_154 | 7.928790849380433 × 10^279 |
| 153 | ov_153 | 1.446024003040229 × 10^280 |
| 152 | ov_152 | 2.4243375688264205 × 10^280 |
| 151 | ov_151 | 3.824113948469876 × 10^280 |
| 150 | ov_150 | 5.753551115550685 × 10^280 |
| 149 | ov_149 | 8.332759296365073 × 10^280 |
| 148 | ov_148 | 1.169377730943765 × 10^281 |
| 147 | ov_147 | 1.5980601226611543 × 10^281 |
| 146 | ov_146 | 2.1349230576744298 × 10^281 |
| 145 | ov_145 | 2.7967738106792817 × 10^281 |
| 144 | ov_144 | 3.60163699090027 × 10^281 |
| 143 | ov_143 | 4.5687683517142675 × 10^281 |
| 142 | ov_142 | 5.71867323694517 × 10^281 |
| 141 | ov_141 | 7.073130583158147 × 10^281 |
| 140 | ov_140 | 8.655223476999176 × 10^281 |
| 139 | ov_139 | 1.0489377346603506 × 10^282 |
| 138 | ov_138 | 1.2601406946483873 × 10^282 |
| 137 | ov_137 | 1.5018573376304498 × 10^282 |
| 136 | ov_136 | 1.7769652455804252 × 10^282 |
| 135 | ov_135 | 2.0885015861167472 × 10^282 |
| 134 | ov_134 | 2.439672651273542 × 10^282 |
| 133 | ov_133 | 2.833864979055971 × 10^282 |
| 132 | ov_132 | 3.274658224345319 × 10^282 |
| 131 | ov_131 | 3.7658399549507757 × 10^282 |
| 130 | ov_130 | 3.7658425002903914 × 10^282 |
| 129 | ov_129 | 3.7658530085327483 × 10^282 |
| 128 | aaa_77_29 | 4.0192656971439545 × 10^282 |
| 127 | aaa_77_28 | 1.071541482026308 × 10^283 |
| 126 | ov_126 | 3.354506648781851 × 10^283 |
| 125 | ov_125 | 7.533020198543282 × 10^283 |
| 124 | ov_124 | 1.4340326563850554 × 10^284 |
| 123 | ov_123 | 2.4509677922485156 × 10^284 |
| 122 | ov_122 | 3.8774355958840566 × 10^284 |
| 121 | ov_121 | 5.786772295367212 × 10^284 |
| 120 | ov_120 | 8.252331601315007 × 10^284 |
| 119 | ov_119 | 1.1347500341345601 × 10^285 |
| 118 | ov_118 | 1.514572478370876 × 10^285 |
| 117 | ov_117 | 1.9720554899726707 × 10^285 |
| 116 | ov_116 | 2.5145712866613106 × 10^285 |
| 115 | ov_115 | 3.149519056948258 × 10^285 |
| 114 | ov_114 | 3.884338086180256 × 10^285 |
| 113 | ov_113 | 4.726524734443687 × 10^285 |
| 112 | ov_112 | 5.683653742528267 × 10^285 |
| 111 | ov_111 | 6.763404342523193 × 10^285 |
| 110 | ov_110 | 7.973591650316675 × 10^285 |
| 109 | ov_109 | 9.322203818468568 × 10^285 |
| 108 | ov_108 | 1.0817445429834117 × 10^286 |
| 107 | ov_107 | 1.2467787615175485 × 10^286 |
| 106 | ov_106 | 1.4282025382078957 × 10^286 |
| 105 | ov_105 | 1.6269342648103664 × 10^286 |
| 104 | ov_104 | 1.8439385478558317 × 10^286 |
| 103 | ov_103 | 2.0802344039003474 × 10^286 |
| 102 | ov_102 | 2.336904378490793 × 10^286 |
| 101 | ov_101 | 2.6151046426267093 × 10^286 |
| 100 | ov_100 | 2.916076122389519 × 10^286 |
| 99 | ov_099 | 3.2411567197055375 × 10^286 |
| 98 | ov_098 | 3.241187873339589 × 10^286 |
| 97 | ov_097 | 3.241285297714214 × 10^286 |
| 96 | aaa_78_29 | 4.910440366504123 × 10^286 |
| 95 | aaa_78_28 | 1.374023070791466 × 10^287 |
| 94 | ov_094 | 4.503522709174408 × 10^287 |
| 93 | ov_093 | 1.074011963123061 × 10^288 |
| 92 | ov_092 | 2.194708180160997 × 10^288 |
| 91 | ov_091 | 4.236265525051324 × 10^288 |
| 90 | ov_090 | 7.724870359554164 × 10^288 |
| 89 | ov_089 | 1.3289138839696634 × 10^289 |
| 88 | ov_088 | 2.1660263399563722 × 10^289 |
| 87 | ov_087 | 3.367228545120447 × 10^289 |
| 86 | ov_086 | 5.026254957956457 × 10^289 |
| 85 | ov_085 | 7.247239740958731 × 10^289 |
| 84 | ov_084 | 1.0144815981669869 × 10^290 |
| 83 | ov_083 | 1.3844250615797476 × 10^290 |
| 82 | ov_082 | 1.848162092135149 × 10^290 |
| 81 | ov_081 | 2.4204038455043323 × 10^290 |
| 64 | lv_79_m31 | 2.7376153491677546 × 10^290 |
| 80 | ov_080 | 3.1169926306272935 × 10^290 |
| 79 | ov_079 | 3.954935555107465 × 10^290 |
| 78 | ov_078 | 4.9524446800059296 × 10^290 |
| 77 | ov_077 | 6.128984275279348 × 10^290 |
| 76 | ov_076 | 7.505325769870822 × 10^290 |
| 75 | ov_075 | 9.10361099444182 × 10^290 |
| 74 | ov_074 | 1.0947424320253525 × 10^291 |
| 73 | ov_073 | 1.306187430513263 × 10^291 |
| 63 | ov_063 | 1.4044156400530442 × 10^291 |
| 72 | ov_072 | 1.54736854671933 × 10^291 |
| 71 | ov_071 | 1.8211300819475917 × 10^291 |
| 70 | ov_070 | 2.1304995814383832 × 10^291 |
| 69 | ov_069 | 2.478700436627109 × 10^291 |
| 68 | ov_068 | 2.869165764431421 × 10^291 |
| 67 | ov_067 | 3.305553635648655 × 10^291 |
| 66 | ov_066 | 3.305555998607213 × 10^291 |
| 65 | ov_065 | 3.3055656541826424 × 10^291 |
| 62 | ov_062 | 7.203341419711415 × 10^291 |
| 61 | ov_061 | 2.6252057864625414 × 10^292 |
| 60 | ov_060 | 7.513774136672629 × 10^292 |
| 59 | ov_059 | 1.7059560628112736 × 10^293 |
| 58 | ov_058 | 3.3584610134088202 × 10^293 |
| 57 | ov_057 | 6.005949807151389 × 10^293 |
| 56 | ov_056 | 1.0307393038591134 × 10^294 |
| 55 | ov_055 | 1.7051478698988 × 10^294 |
| 54 | ov_054 | 2.7156632428009663 × 10^294 |
| 53 | ov_053 | 4.16710582106541 × 10^294 |
| 52 | ov_052 | 6.177281427539149 × 10^294 |
| 51 | ov_051 | 8.87699491121392 × 10^294 |
| 50 | ov_050 | 1.2410073426041658 × 10^295 |
| 49 | ov_049 | 1.6933404006251486 × 10^295 |
| 48 | ov_048 | 2.2616990877880864 × 10^295 |
| 47 | ov_047 | 2.96440387682426 × 10^295 |
| 32 | lv_80_m31 | 3.359450974755034 × 10^295 |
| 46 | ov_046 | 3.821106930007953 × 10^295 |
| 45 | ov_045 | 4.852807838689819 × 10^295 |
| 44 | ov_044 | 6.081874338257392 × 10^295 |
| 43 | ov_043 | 7.53206895844047 × 10^295 |
| 42 | ov_042 | 9.228582654744969 × 10^295 |
| 41 | ov_041 | 1.1198076554278296 × 10^296 |
| 40 | ov_040 | 1.3468733038725164 × 10^296 |
| 39 | ov_039 | 1.6070317479195508 × 10^296 |
| 31 | ov_031 | 1.7227784303154304 × 10^296 |
| 38 | ov_038 | 1.9034252032592494 × 10^296 |
| 37 | ov_037 | 2.2393703007583476 × 10^296 |
| 36 | ov_036 | 2.618368341079176 × 10^296 |
| 35 | ov_035 | 3.044117239110187 × 10^296 |
| 34 | ov_034 | 3.520525341267295 × 10^296 |
| 33 | ov_033 | 4.051727310612142 × 10^296 |
| 30 | ov_030 | 7.781966545931235 × 10^296 |
| 29 | ov_029 | 2.5740568050382283 × 10^297 |
| 28 | ov_028 | 6.867694578305169 × 10^297 |
| 27 | ov_027 | 1.7013794444913318 × 10^298 |
| 26 | ov_026 | 3.7898186558410344 × 10^298 |
| 25 | ov_025 | 7.599097697207449 × 10^298 |
| 24 | ov_024 | 1.3934658776373258 × 10^299 |
| 23 | ov_023 | 2.376038816183013 × 10^299 |
| 22 | ov_022 | 3.8198646692535134 × 10^299 |
| 21 | ov_021 | 5.853033151662738 × 10^299 |
| 20 | ov_020 | 8.619498567572293 × 10^299 |
| 19 | ov_019 | 1.2279097967658517 × 10^300 |
| 18 | ov_018 | 1.7007580394073093 × 10^300 |
| 17 | ov_017 | 2.2996652771743707 × 10^300 |
| 16 | ov_016 | 3.0454049274626222 × 10^300 |
| 15 | ov_015 | 3.960363203364808 × 10^300 |
| 14 | ov_014 | 5.068553209171689 × 10^300 |
| 13 | ov_013 | 6.39563405507124 × 10^300 |
| 12 | ov_012 | 7.968936089648171 × 10^300 |
| 11 | ov_011 | 9.817493453149522 × 10^300 |
| 10 | ov_010 | 1.1972085259237094 × 10^301 |
| 9 | ov_009 | 1.446528681827829 × 10^301 |
| 8 | ov_008 | 1.7331532421371775 × 10^301 |
| 7 | ov_007 | 2.060719131156096 × 10^301 |
| 6 | ov_006 | 2.433065857742147 × 10^301 |
| 5 | ov_005 | 2.8542462814856844 × 10^301 |
| 4 | ov_004 | 3.3285392516017654 × 10^301 |
| 3 | ov_003 | 3.8604643260379274 × 10^301 |
| 2 | ov_002 | 4.4547987902871664 × 10^301 |
| 1 | ov_001 | 5.116597207835347 × 10^301 |

