# Results for F001-F002-F003-F004-F005-F006-F007-F008-F009-F010-F011-F012-F013-F014-F015-F016-F017-F018-F019-F020-F021-F022-F023-F024-F025-F026-F027-F028-F029-F030-F031-F032-F033-F034-F035-F036-F037-F038-F039-F040-F041-F042-F043-F044-F045-F046-F047-F048-F049-F050-F051-F052-F053-F054-F055-F056-F057-F058-F059-F060-F061-F062-F063-F064-F065-F066-F067-F068-F069-F070-F071-F072-F073-F074-F075-F076-F077-F078-F079-F080-F081-F082-F083-F084-F085-F086-F087-F088-F089-F090-F091-F092-F093-F094-F095-F096-F097-F098-F099-F100-F101-F102-F103-F104-F105-F106-F107-F108-F109-F110-F111-F112-F113-F114-F115-F116-F117-F118-F119-F120-F121-F122-F123-F124-F125-F126-F127-F128-F129-F130-F131-F132-F133-F134-F135-F136-F137-F138-F139-F140-F141-F142-F143-F144-F145-F146-F147-F148-F149-F150-F151-F152-F153-F154-F155-F156-F157-F158-F159-F160-F161-F162-F163-F164-F165-F166-F167-F168-F169-F170-F171-F172-F173-F174-F175-F176-F177-F178-F179-F180-F181-F182-F183-F184-F185-F186-F187-F188-F189-F190-F191-F192-F193-F194-F195-F196-F197-F198-F199-F200-F201-F202-F203-F204-F205-F206-F207-F208-F209-F210-F211-F212-F213-F214-F215-F216-F217-F218-F219-F220-F221-F222-F223-F224-F225-F226-F227-F228-F229-F230-F231-F232-F233-F234-F235-F236-F237-F238-F239-F240-F241-F242-F243-F244-F245-F246-F247-F248-F249-F250-F251-F252-F253-F254-F255-F256-F257-F258-F259-F260-F261-F262-F263-F264-F265-F266-F267-F268-F269-F270-F271-F272-F273-F274-F275-F276-F277-F278-F279-F280-F281-F282-F283-F284-F285-F286-F287-F288-F289-F290-F291-F292-F293-F294-F295-F296-F297-F298-F299-F300-F301-F302-F303-F304-F305-F306-F307-F308-F309-F310-F311-F312-F313-F314-F315-F316-F317-F318-F319-F320-F321-F322-F323-F324-F325-F326-F327-F328-F329-F330-F331-F332-F333-F334-F335-F336-F337-F338-F339-F340-F341-F342-F343-F344-F345-F346-F347-F348-F349-F350-F351-F352-F353-F354-F355-F356-F357-F358-F359-F360-F361-F362-F363-F364-F365-F366-F367-F368-F369-F370-F371-F372-F373-F374-F375-F376-F377-F378-F379-F380-F381-F382-F383-F384-F385-F386-F387-F388-F389-F390-F391-F392-F393-F394-F395-F396-F397-F398-F399-F400-F401-F402-F403-F404-F405-F406-F407-F408-F409-F410-F411-F412-F413-F414-F415-F416-F417-F418-F419-F420-F421-F422-F423-F424-F425-F426-F427-F428-F429-F430-F431-F432-F433-F434-F435-F436-F437-F438-F439-F440-F441-F442-F443-F444-F445-F446-F447-F448-F449-F450-F451-F452-F453-F454-F455-F456-F457-F458-F459-F460-F461-F462-F463-F464-F465-F466-F467-F468-F469-F470-F471-F472-F473-F474-F475-F476-F477-F478-F479-F480-F481-F482-F483-F484-F485-F486-F487-F488-F489-F490-F491-F492-F493-F494-F495-F496-F498-E507512

## Summary

Number of input bits: 512  
Number of free input bits: 14  
Number of output bits: 160

Number of direct occurrences: 57258  
Number of assignments: 32066  
Number of operations: 11403964
(xor: 11375403,
and: 14909,
or: 13652)

Total complexity: 4.572458569755029 × 10^302

Least occurring input variable: iv_502 (3911)  
Most occurring input variable: iv_507 (4353)

Most co-occurring input variables: iv_500-iv_511 (2091)  
Least co-occurring input variables: iv_502-iv_503 (1789)

Potentially most occurring input variable: iv_507/iv_511 (4633)  
Potentially least occurring input variable: iv_499/iv_508 (4118)

Least output occurring input variable: iv_508 (70)  
Most output occurring input variable: iv_497 (93)

Most output co-occurring input variables: iv_497-iv_502 (52)  
Least output co-occurring input variables: iv_502-iv_508 (30)

Potentially most output occurring input variable: iv_504/iv_510 (93)  
Potentially least output occurring input variable: iv_503/iv_504 (70)

Least complex input bit: iv_497 (3.2276814870995447 × 10^299)  
Most complex input bit: iv_510 (1.1236203224942476 × 10^302)

Least complex output bit: aaa_76_29 (7.445010289398129 × 10^277)  
Most complex output bit: ov_001 (7.113533049554662 × 10^301)

Least complex input/output complexity: iv_497/aaa_76_29 (5.255405055237795 × 10^274)  
Most complex input/output complexity: iv_510/ov_001 (1.7480552698900261 × 10^301)

## Input Bits

### Input Bits in Regular Order

| Input Bit | Complexity | Occurrences | Output Occurrences |
|:---------:|:----------:|:-----------:|:------------------:|
| iv_497 | 3.2276814870995447 × 10^299 | 4175 | 93 |
| iv_499 | 1.159047588820994 × 10^300 | 4142 | 81 |
| iv_500 | 1.9630628440971072 × 10^300 | 4165 | 76 |
| iv_501 | 3.347441030359911 × 10^300 | 4114 | 83 |
| iv_502 | 5.441018918905713 × 10^300 | 3911 | 82 |
| iv_503 | 8.585131099155983 × 10^300 | 4064 | 74 |
| iv_504 | 1.322642784456442 × 10^301 | 3954 | 78 |
| iv_505 | 1.9988327513307438 × 10^301 | 3952 | 79 |
| iv_506 | 2.9698101247790103 × 10^301 | 3979 | 82 |
| iv_507 | 8.184261965278871 × 10^301 | 4353 | 72 |
| iv_508 | 6.158490543728674 × 10^301 | 4028 | 70 |
| iv_509 | 8.444524541555791 × 10^301 | 4025 | 78 |
| iv_510 | 1.1236203224942476 × 10^302 | 4156 | 79 |
| iv_511 | 3.32797279847333 × 10^301 | 4240 | 80 |

### Input Bits Sorted by Complexity

| Input Bit | Complexity | Occurrences | Output Occurrences |
|:---------:|:----------:|:-----------:|:------------------:|
| iv_497 | 3.2276814870995447 × 10^299 | 4175 | 93 |
| iv_499 | 1.159047588820994 × 10^300 | 4142 | 81 |
| iv_500 | 1.9630628440971072 × 10^300 | 4165 | 76 |
| iv_501 | 3.347441030359911 × 10^300 | 4114 | 83 |
| iv_502 | 5.441018918905713 × 10^300 | 3911 | 82 |
| iv_503 | 8.585131099155983 × 10^300 | 4064 | 74 |
| iv_504 | 1.322642784456442 × 10^301 | 3954 | 78 |
| iv_505 | 1.9988327513307438 × 10^301 | 3952 | 79 |
| iv_506 | 2.9698101247790103 × 10^301 | 3979 | 82 |
| iv_511 | 3.32797279847333 × 10^301 | 4240 | 80 |
| iv_508 | 6.158490543728674 × 10^301 | 4028 | 70 |
| iv_507 | 8.184261965278871 × 10^301 | 4353 | 72 |
| iv_509 | 8.444524541555791 × 10^301 | 4025 | 78 |
| iv_510 | 1.1236203224942476 × 10^302 | 4156 | 79 |

### Input Bits Sorted by Occurrences

| Input Bit | Complexity | Occurrences | Output Occurrences |
|:---------:|:----------:|:-----------:|:------------------:|
| iv_502 | 5.441018918905713 × 10^300 | 3911 | 82 |
| iv_505 | 1.9988327513307438 × 10^301 | 3952 | 79 |
| iv_504 | 1.322642784456442 × 10^301 | 3954 | 78 |
| iv_506 | 2.9698101247790103 × 10^301 | 3979 | 82 |
| iv_509 | 8.444524541555791 × 10^301 | 4025 | 78 |
| iv_508 | 6.158490543728674 × 10^301 | 4028 | 70 |
| iv_503 | 8.585131099155983 × 10^300 | 4064 | 74 |
| iv_501 | 3.347441030359911 × 10^300 | 4114 | 83 |
| iv_499 | 1.159047588820994 × 10^300 | 4142 | 81 |
| iv_510 | 1.1236203224942476 × 10^302 | 4156 | 79 |
| iv_500 | 1.9630628440971072 × 10^300 | 4165 | 76 |
| iv_497 | 3.2276814870995447 × 10^299 | 4175 | 93 |
| iv_511 | 3.32797279847333 × 10^301 | 4240 | 80 |
| iv_507 | 8.184261965278871 × 10^301 | 4353 | 72 |

### Input Bits Sorted by Output Occurrences

| Input Bit | Complexity | Occurrences | Output Occurrences |
|:---------:|:----------:|:-----------:|:------------------:|
| iv_508 | 6.158490543728674 × 10^301 | 4028 | 70 |
| iv_507 | 8.184261965278871 × 10^301 | 4353 | 72 |
| iv_503 | 8.585131099155983 × 10^300 | 4064 | 74 |
| iv_500 | 1.9630628440971072 × 10^300 | 4165 | 76 |
| iv_504 | 1.322642784456442 × 10^301 | 3954 | 78 |
| iv_509 | 8.444524541555791 × 10^301 | 4025 | 78 |
| iv_505 | 1.9988327513307438 × 10^301 | 3952 | 79 |
| iv_510 | 1.1236203224942476 × 10^302 | 4156 | 79 |
| iv_511 | 3.32797279847333 × 10^301 | 4240 | 80 |
| iv_499 | 1.159047588820994 × 10^300 | 4142 | 81 |
| iv_502 | 5.441018918905713 × 10^300 | 3911 | 82 |
| iv_506 | 2.9698101247790103 × 10^301 | 3979 | 82 |
| iv_501 | 3.347441030359911 × 10^300 | 4114 | 83 |
| iv_497 | 3.2276814870995447 × 10^299 | 4175 | 93 |

## Input Bit Co-occurrences

### Input Bit Co-occurrences Sorted by Co-occurrences

| Input Bits | Co-occurrences | Potential Occurrences | Output Co-occurrences | Potential Output Occurrences |
|:----------:|:--------------:|:---------------------:|:---------------------:|:----------------------------:|
| iv_500-iv_511 | 2091 | 4223 | 38 | 80 |
| iv_501-iv_511 | 2048 | 4258 | 39 | 85 |
| iv_499-iv_510 | 2044 | 4210 | 43 | 74 |
| iv_499-iv_511 | 2036 | 4310 | 37 | 87 |
| iv_499-iv_508 | 2026 | 4118 | 38 | 75 |
| iv_499-iv_507 | 2025 | 4445 | 37 | 79 |
| iv_503-iv_511 | 2021 | 4262 | 37 | 80 |
| iv_500-iv_510 | 2021 | 4279 | 39 | 77 |
| iv_497-iv_511 | 2018 | 4379 | 47 | 79 |
| iv_497-iv_501 | 2017 | 4255 | 48 | 80 |
| iv_501-iv_507 | 2016 | 4435 | 36 | 83 |
| iv_500-iv_503 | 2013 | 4203 | 38 | 74 |
| iv_510-iv_511 | 2007 | 4382 | 38 | 83 |
| iv_497-iv_499 | 2005 | 4307 | 43 | 88 |

### Input Bit Co-occurrences Sorted by Potential Occurrences

| Input Bits | Co-occurrences | Potential Occurrences | Output Co-occurrences | Potential Output Occurrences |
|:----------:|:--------------:|:---------------------:|:---------------------:|:----------------------------:|
| iv_499-iv_508 | 2026 | 4118 | 38 | 75 |
| iv_504-iv_506 | 1883 | 4167 | 42 | 76 |
| iv_506-iv_509 | 1918 | 4168 | 43 | 74 |
| iv_501-iv_505 | 1945 | 4176 | 45 | 72 |
| iv_506-iv_508 | 1912 | 4183 | 37 | 78 |
| iv_502-iv_505 | 1839 | 4185 | 36 | 89 |
| iv_504-iv_505 | 1860 | 4186 | 41 | 75 |
| iv_508-iv_509 | 1933 | 4187 | 35 | 78 |
| iv_499-iv_502 | 1932 | 4189 | 41 | 81 |
| iv_499-iv_509 | 1987 | 4193 | 41 | 77 |
| iv_503-iv_506 | 1923 | 4197 | 38 | 80 |
| iv_500-iv_503 | 2013 | 4203 | 38 | 74 |
| iv_499-iv_506 | 1957 | 4207 | 39 | 85 |
| iv_499-iv_510 | 2044 | 4210 | 43 | 74 |

### Input Bit Output Co-occurrences Sorted by Output Co-occurrences

| Input Bits | Co-occurrences | Potential Occurrences | Output Co-occurrences | Potential Output Occurrences |
|:----------:|:--------------:|:---------------------:|:---------------------:|:----------------------------:|
| iv_497-iv_502 | 1910 | 4266 | 52 | 71 |
| iv_497-iv_506 | 1960 | 4234 | 51 | 73 |
| iv_497-iv_504 | 1936 | 4257 | 50 | 71 |
| iv_497-iv_501 | 2017 | 4255 | 48 | 80 |
| iv_497-iv_510 | 1949 | 4433 | 48 | 76 |
| iv_497-iv_509 | 1941 | 4318 | 48 | 75 |
| iv_497-iv_505 | 1916 | 4295 | 47 | 78 |
| iv_497-iv_511 | 2018 | 4379 | 47 | 79 |
| iv_501-iv_505 | 1945 | 4176 | 45 | 72 |
| iv_502-iv_511 | 1931 | 4289 | 45 | 72 |
| iv_501-iv_506 | 1874 | 4345 | 44 | 77 |
| iv_502-iv_506 | 1826 | 4238 | 44 | 76 |
| iv_506-iv_510 | 1956 | 4223 | 44 | 73 |
| iv_497-iv_507 | 1996 | 4536 | 44 | 77 |

### Input Bit Output Co-occurrences Sorted by Potential Output Occurrences

| Input Bits | Co-occurrences | Potential Occurrences | Output Co-occurrences | Potential Output Occurrences |
|:----------:|:--------------:|:---------------------:|:---------------------:|:----------------------------:|
| iv_503-iv_504 | 1872 | 4274 | 41 | 70 |
| iv_500-iv_505 | 1939 | 4239 | 42 | 71 |
| iv_497-iv_504 | 1936 | 4257 | 50 | 71 |
| iv_497-iv_502 | 1910 | 4266 | 52 | 71 |
| iv_501-iv_505 | 1945 | 4176 | 45 | 72 |
| iv_502-iv_511 | 1931 | 4289 | 45 | 72 |
| iv_501-iv_503 | 1961 | 4256 | 42 | 73 |
| iv_503-iv_505 | 1890 | 4236 | 40 | 73 |
| iv_506-iv_510 | 1956 | 4223 | 44 | 73 |
| iv_497-iv_506 | 1960 | 4234 | 51 | 73 |
| iv_504-iv_508 | 1880 | 4222 | 37 | 74 |
| iv_499-iv_510 | 2044 | 4210 | 43 | 74 |
| iv_500-iv_503 | 2013 | 4203 | 38 | 74 |
| iv_506-iv_509 | 1918 | 4168 | 43 | 74 |

## Output Bits

### Output Bits in Regular Order

| Rank | Output Bit | Complexity |
|:----:|:----------:|:----------:|
| 1 | ov_001 | 7.113533049554662 × 10^301 |
| 2 | ov_002 | 6.193824952436104 × 10^301 |
| 3 | ov_003 | 5.36785652409258 × 10^301 |
| 4 | ov_004 | 4.628602967958712 × 10^301 |
| 5 | ov_005 | 3.9694251594004433 × 10^301 |
| 6 | ov_006 | 3.3840424638719774 × 10^301 |
| 7 | ov_007 | 2.86650906717458 × 10^301 |
| 8 | ov_008 | 2.4111934965031 × 10^301 |
| 9 | ov_009 | 2.012761028209391 × 10^301 |
| 10 | ov_010 | 1.6661586948249816 × 10^301 |
| 11 | ov_011 | 1.3666026199793156 × 10^301 |
| 12 | ov_012 | 1.1095674255216666 × 10^301 |
| 13 | ov_013 | 8.907774704882955 × 10^300 |
| 14 | ov_014 | 7.061996966234445 × 10^300 |
| 15 | ov_015 | 5.520378700241044 × 10^300 |
| 16 | ov_016 | 4.2472802318470965 × 10^300 |
| 17 | ov_017 | 3.209349163104076 × 10^300 |
| 18 | ov_018 | 2.375493512793535 × 10^300 |
| 19 | ov_019 | 1.7168618609127912 × 10^300 |
| 20 | ov_020 | 1.2068291206056437 × 10^300 |
| 21 | ov_021 | 8.209867041085696 × 10^299 |
| 22 | ov_022 | 5.371359931404393 × 10^299 |
| 23 | ov_023 | 3.3528416794797533 × 10^299 |
| 24 | ov_024 | 1.976416251259858 × 10^299 |
| 25 | ov_025 | 1.086204455606045 × 10^299 |
| 26 | ov_026 | 5.483356331667531 × 10^298 |
| 27 | ov_027 | 2.509436908451736 × 10^298 |
| 28 | ov_028 | 1.0416545778969626 × 10^298 |
| 29 | ov_029 | 4.014012956072938 × 10^297 |
| 30 | ov_030 | 1.227159645916329 × 10^297 |
| 31 | ov_031 | 2.3935882826182815 × 10^296 |
| 32 | lv_80_m31 | 4.667764051566822 × 10^295 |
| 33 | ov_033 | 5.634981423684804 × 10^296 |
| 34 | ov_034 | 4.897448558241344 × 10^296 |
| 35 | ov_035 | 4.235890385253763 × 10^296 |
| 36 | ov_036 | 3.644577704912089 × 10^296 |
| 37 | ov_037 | 3.1180950430486196 × 10^296 |
| 38 | ov_038 | 2.651318637859298 × 10^296 |
| 39 | ov_039 | 2.239397289015174 × 10^296 |
| 40 | ov_040 | 1.8777357994701645 × 10^296 |
| 41 | ov_041 | 1.5619807567147657 × 10^296 |
| 42 | ov_042 | 1.2880084158163118 × 10^296 |
| 43 | ov_043 | 1.0519144614265106 × 10^296 |
| 44 | ov_044 | 8.500054401216805 × 10^295 |
| 45 | ov_045 | 6.787916680585802 × 10^295 |
| 46 | ov_046 | 5.349814320610288 × 10^295 |
| 47 | ov_047 | 4.154763149748209 × 10^295 |
| 48 | ov_048 | 3.173674885096275 × 10^295 |
| 49 | ov_049 | 2.379328288888072 × 10^295 |
| 50 | ov_050 | 1.746347225071414 × 10^295 |
| 51 | ov_051 | 1.2511844050165872 × 10^295 |
| 52 | ov_052 | 8.72109727147059 × 10^294 |
| 53 | ov_053 | 5.892022300749625 × 10^294 |
| 54 | ov_054 | 3.8434479296305726 × 10^294 |
| 55 | ov_055 | 2.4122083055635423 × 10^294 |
| 56 | ov_056 | 1.453123438018795 × 10^294 |
| 57 | ov_057 | 8.389881901878512 × 10^293 |
| 58 | ov_058 | 4.605663088376989 × 10^293 |
| 59 | ov_059 | 2.2658745091436186 × 10^293 |
| 60 | ov_060 | 9.590769102710147 × 10^292 |
| 61 | ov_061 | 3.636526541039151 × 10^292 |
| 62 | ov_062 | 9.978530180709652 × 10^291 |
| 63 | ov_063 | 1.9455318091571756 × 10^291 |
| 64 | lv_79_m31 | 3.792498867005198 × 10^290 |
| 65 | ov_065 | 4.5819258069219663 × 10^291 |
| 66 | ov_066 | 4.5819124495390434 × 10^291 |
| 67 | ov_067 | 4.5819091806779015 × 10^291 |
| 68 | ov_068 | 3.977592728142639 × 10^291 |
| 69 | ov_069 | 3.43682783445173 × 10^291 |
| 70 | ov_070 | 2.95455394361853 × 10^291 |
| 71 | ov_071 | 2.5260216825019514 × 10^291 |
| 72 | ov_072 | 2.1467717953704785 × 10^291 |
| 73 | ov_073 | 1.812615945087897 × 10^291 |
| 74 | ov_074 | 1.5196192811106375 × 10^291 |
| 75 | ov_075 | 1.264084678465815 × 10^291 |
| 76 | ov_076 | 1.0425385551798439 × 10^291 |
| 77 | ov_077 | 8.517181783321404 × 10^290 |
| 78 | ov_078 | 6.885603710940368 × 10^290 |
| 79 | ov_079 | 5.501915348510717 × 10^290 |
| 80 | ov_080 | 4.339189018637203 × 10^290 |
| 81 | ov_081 | 3.3722293495826405 × 10^290 |
| 82 | ov_082 | 2.5775079151166317 × 10^290 |
| 83 | ov_083 | 1.9331076955236333 × 10^290 |
| 84 | ov_084 | 1.4186765418816426 × 10^290 |
| 85 | ov_085 | 1.0153888283248721 × 10^290 |
| 86 | ov_086 | 7.059144786627613 × 10^289 |
| 87 | ov_087 | 4.743945547353905 × 10^289 |
| 88 | ov_088 | 3.064225944713064 × 10^289 |
| 89 | ov_089 | 1.8903088793934768 × 10^289 |
| 90 | ov_090 | 1.1068087985541942 × 10^289 |
| 91 | ov_091 | 6.125688708656487 × 10^288 |
| 92 | ov_092 | 3.2062326524989645 × 10^288 |
| 93 | ov_093 | 1.581768878147162 × 10^288 |
| 94 | ov_094 | 6.6595970145058056 × 10^287 |
| 95 | aaa_78_28 | 2.010327674619655 × 10^287 |
| 96 | aaa_78_29 | 5.784215759965148 × 10^286 |
| 97 | ov_097 | 4.483739246155677 × 10^286 |
| 98 | ov_098 | 4.48360446360371 × 10^286 |
| 99 | ov_099 | 4.483561361367704 × 10^286 |
| 100 | ov_100 | 4.033806898912445 × 10^286 |
| 101 | ov_101 | 3.617418553423051 × 10^286 |
| 102 | ov_102 | 3.2325436391093056 × 10^286 |
| 103 | ov_103 | 2.877463690672058 × 10^286 |
| 104 | ov_104 | 2.5505775761690087 × 10^286 |
| 105 | ov_105 | 2.2503861163068595 × 10^286 |
| 106 | ov_106 | 1.9754781300936837 × 10^286 |
| 107 | ov_107 | 1.7245178299603825 × 10^286 |
| 108 | ov_108 | 1.4962334920817623 × 10^286 |
| 109 | ov_109 | 1.2894073297596684 × 10^286 |
| 110 | ov_110 | 1.1028664994366726 × 10^286 |
| 111 | ov_111 | 9.354751702524472 × 10^285 |
| 112 | ov_112 | 7.861275890896868 × 10^285 |
| 113 | ov_113 | 6.537420738331866 × 10^285 |
| 114 | ov_114 | 5.3725586813100675 × 10^285 |
| 115 | ov_115 | 4.356207913426111 × 10^285 |
| 116 | ov_116 | 3.4779961762322736 × 10^285 |
| 117 | ov_117 | 2.7276311825973545 × 10^285 |
| 118 | ov_118 | 2.0948770147007092 × 10^285 |
| 119 | ov_119 | 1.569535839298034 × 10^285 |
| 120 | ov_120 | 1.1414342831521509 × 10^285 |
| 121 | ov_121 | 8.004138116464954 × 10^284 |
| 122 | ov_122 | 5.3632445365989785 × 10^284 |
| 123 | ov_123 | 3.390210028091353 × 10^284 |
| 124 | ov_124 | 1.9836069428549258 × 10^284 |
| 125 | ov_125 | 1.0420181466592066 × 10^284 |
| 126 | ov_126 | 4.640302389438239 × 10^283 |
| 127 | aaa_77_28 | 1.482308899681278 × 10^283 |
| 128 | aaa_77_29 | 5.560253583215816 × 10^282 |
| 129 | ov_129 | 5.214386732296649 × 10^282 |
| 130 | ov_130 | 5.2143721978801125 × 10^282 |
| 131 | ov_131 | 5.21436867298897 × 10^282 |
| 132 | ov_132 | 4.535167274499796 × 10^282 |
| 133 | ov_133 | 3.9255741196802887 × 10^282 |
| 134 | ov_134 | 3.3803586948325834 × 10^282 |
| 135 | ov_135 | 2.8945778953569796 × 10^282 |
| 136 | ov_136 | 2.4635555352751094 × 10^282 |
| 137 | ov_137 | 2.082864522682537 × 10^282 |
| 138 | ov_138 | 1.7483114576982313 × 10^282 |
| 139 | ov_139 | 1.4559234222627623 × 10^282 |
| 140 | ov_140 | 1.201936743483169 × 10^282 |
| 141 | ov_141 | 9.827875242155736 × 10^281 |
| 142 | ov_142 | 7.951037462904262 × 10^281 |
| 143 | ov_143 | 6.356987632827653 × 10^281 |
| 144 | ov_144 | 5.015660110640294 × 10^281 |
| 145 | ov_145 | 3.898747755865059 × 10^281 |
| 146 | ov_146 | 2.979668684817336 × 10^281 |
| 147 | ov_147 | 2.233540721276198 × 10^281 |
| 148 | ov_148 | 1.6371622687637238 × 10^281 |
| 149 | ov_149 | 1.1689984415103712 × 10^281 |
| 150 | ov_150 | 8.091714012181339 × 10^280 |
| 151 | ov_151 | 5.394539566973959 × 10^280 |
| 152 | ov_152 | 3.432655933769336 × 10^280 |
| 153 | ov_153 | 2.0567020958553341 × 10^280 |
| 154 | ov_154 | 1.1337494638851105 × 10^280 |
| 155 | ov_155 | 5.472962355217347 × 10^279 |
| 156 | aaa_76_25 | 1.9726476200125056 × 10^279 |
| 157 | aaa_76_26 | 1.117309414679373 × 10^279 |
| 158 | aaa_76_27 | 5.570810148277222 × 10^278 |
| 159 | aaa_76_28 | 2.0985352495581437 × 10^278 |
| 160 | aaa_76_29 | 7.445010289398129 × 10^277 |

### Output Bits Sorted by Complexity

| Rank | Output Bit | Complexity |
|:----:|:----------:|:----------:|
| 160 | aaa_76_29 | 7.445010289398129 × 10^277 |
| 159 | aaa_76_28 | 2.0985352495581437 × 10^278 |
| 158 | aaa_76_27 | 5.570810148277222 × 10^278 |
| 157 | aaa_76_26 | 1.117309414679373 × 10^279 |
| 156 | aaa_76_25 | 1.9726476200125056 × 10^279 |
| 155 | ov_155 | 5.472962355217347 × 10^279 |
| 154 | ov_154 | 1.1337494638851105 × 10^280 |
| 153 | ov_153 | 2.0567020958553341 × 10^280 |
| 152 | ov_152 | 3.432655933769336 × 10^280 |
| 151 | ov_151 | 5.394539566973959 × 10^280 |
| 150 | ov_150 | 8.091714012181339 × 10^280 |
| 149 | ov_149 | 1.1689984415103712 × 10^281 |
| 148 | ov_148 | 1.6371622687637238 × 10^281 |
| 147 | ov_147 | 2.233540721276198 × 10^281 |
| 146 | ov_146 | 2.979668684817336 × 10^281 |
| 145 | ov_145 | 3.898747755865059 × 10^281 |
| 144 | ov_144 | 5.015660110640294 × 10^281 |
| 143 | ov_143 | 6.356987632827653 × 10^281 |
| 142 | ov_142 | 7.951037462904262 × 10^281 |
| 141 | ov_141 | 9.827875242155736 × 10^281 |
| 140 | ov_140 | 1.201936743483169 × 10^282 |
| 139 | ov_139 | 1.4559234222627623 × 10^282 |
| 138 | ov_138 | 1.7483114576982313 × 10^282 |
| 137 | ov_137 | 2.082864522682537 × 10^282 |
| 136 | ov_136 | 2.4635555352751094 × 10^282 |
| 135 | ov_135 | 2.8945778953569796 × 10^282 |
| 134 | ov_134 | 3.3803586948325834 × 10^282 |
| 133 | ov_133 | 3.9255741196802887 × 10^282 |
| 132 | ov_132 | 4.535167274499796 × 10^282 |
| 131 | ov_131 | 5.21436867298897 × 10^282 |
| 130 | ov_130 | 5.2143721978801125 × 10^282 |
| 129 | ov_129 | 5.214386732296649 × 10^282 |
| 128 | aaa_77_29 | 5.560253583215816 × 10^282 |
| 127 | aaa_77_28 | 1.482308899681278 × 10^283 |
| 126 | ov_126 | 4.640302389438239 × 10^283 |
| 125 | ov_125 | 1.0420181466592066 × 10^284 |
| 124 | ov_124 | 1.9836069428549258 × 10^284 |
| 123 | ov_123 | 3.390210028091353 × 10^284 |
| 122 | ov_122 | 5.3632445365989785 × 10^284 |
| 121 | ov_121 | 8.004138116464954 × 10^284 |
| 120 | ov_120 | 1.1414342831521509 × 10^285 |
| 119 | ov_119 | 1.569535839298034 × 10^285 |
| 118 | ov_118 | 2.0948770147007092 × 10^285 |
| 117 | ov_117 | 2.7276311825973545 × 10^285 |
| 116 | ov_116 | 3.4779961762322736 × 10^285 |
| 115 | ov_115 | 4.356207913426111 × 10^285 |
| 114 | ov_114 | 5.3725586813100675 × 10^285 |
| 113 | ov_113 | 6.537420738331866 × 10^285 |
| 112 | ov_112 | 7.861275890896868 × 10^285 |
| 111 | ov_111 | 9.354751702524472 × 10^285 |
| 110 | ov_110 | 1.1028664994366726 × 10^286 |
| 109 | ov_109 | 1.2894073297596684 × 10^286 |
| 108 | ov_108 | 1.4962334920817623 × 10^286 |
| 107 | ov_107 | 1.7245178299603825 × 10^286 |
| 106 | ov_106 | 1.9754781300936837 × 10^286 |
| 105 | ov_105 | 2.2503861163068595 × 10^286 |
| 104 | ov_104 | 2.5505775761690087 × 10^286 |
| 103 | ov_103 | 2.877463690672058 × 10^286 |
| 102 | ov_102 | 3.2325436391093056 × 10^286 |
| 101 | ov_101 | 3.617418553423051 × 10^286 |
| 100 | ov_100 | 4.033806898912445 × 10^286 |
| 99 | ov_099 | 4.483561361367704 × 10^286 |
| 98 | ov_098 | 4.48360446360371 × 10^286 |
| 97 | ov_097 | 4.483739246155677 × 10^286 |
| 96 | aaa_78_29 | 5.784215759965148 × 10^286 |
| 95 | aaa_78_28 | 2.010327674619655 × 10^287 |
| 94 | ov_094 | 6.6595970145058056 × 10^287 |
| 93 | ov_093 | 1.581768878147162 × 10^288 |
| 92 | ov_092 | 3.2062326524989645 × 10^288 |
| 91 | ov_091 | 6.125688708656487 × 10^288 |
| 90 | ov_090 | 1.1068087985541942 × 10^289 |
| 89 | ov_089 | 1.8903088793934768 × 10^289 |
| 88 | ov_088 | 3.064225944713064 × 10^289 |
| 87 | ov_087 | 4.743945547353905 × 10^289 |
| 86 | ov_086 | 7.059144786627613 × 10^289 |
| 85 | ov_085 | 1.0153888283248721 × 10^290 |
| 84 | ov_084 | 1.4186765418816426 × 10^290 |
| 83 | ov_083 | 1.9331076955236333 × 10^290 |
| 82 | ov_082 | 2.5775079151166317 × 10^290 |
| 81 | ov_081 | 3.3722293495826405 × 10^290 |
| 64 | lv_79_m31 | 3.792498867005198 × 10^290 |
| 80 | ov_080 | 4.339189018637203 × 10^290 |
| 79 | ov_079 | 5.501915348510717 × 10^290 |
| 78 | ov_078 | 6.885603710940368 × 10^290 |
| 77 | ov_077 | 8.517181783321404 × 10^290 |
| 76 | ov_076 | 1.0425385551798439 × 10^291 |
| 75 | ov_075 | 1.264084678465815 × 10^291 |
| 74 | ov_074 | 1.5196192811106375 × 10^291 |
| 73 | ov_073 | 1.812615945087897 × 10^291 |
| 63 | ov_063 | 1.9455318091571756 × 10^291 |
| 72 | ov_072 | 2.1467717953704785 × 10^291 |
| 71 | ov_071 | 2.5260216825019514 × 10^291 |
| 70 | ov_070 | 2.95455394361853 × 10^291 |
| 69 | ov_069 | 3.43682783445173 × 10^291 |
| 68 | ov_068 | 3.977592728142639 × 10^291 |
| 67 | ov_067 | 4.5819091806779015 × 10^291 |
| 66 | ov_066 | 4.5819124495390434 × 10^291 |
| 65 | ov_065 | 4.5819258069219663 × 10^291 |
| 62 | ov_062 | 9.978530180709652 × 10^291 |
| 61 | ov_061 | 3.636526541039151 × 10^292 |
| 60 | ov_060 | 9.590769102710147 × 10^292 |
| 59 | ov_059 | 2.2658745091436186 × 10^293 |
| 58 | ov_058 | 4.605663088376989 × 10^293 |
| 57 | ov_057 | 8.389881901878512 × 10^293 |
| 56 | ov_056 | 1.453123438018795 × 10^294 |
| 55 | ov_055 | 2.4122083055635423 × 10^294 |
| 54 | ov_054 | 3.8434479296305726 × 10^294 |
| 53 | ov_053 | 5.892022300749625 × 10^294 |
| 52 | ov_052 | 8.72109727147059 × 10^294 |
| 51 | ov_051 | 1.2511844050165872 × 10^295 |
| 50 | ov_050 | 1.746347225071414 × 10^295 |
| 49 | ov_049 | 2.379328288888072 × 10^295 |
| 48 | ov_048 | 3.173674885096275 × 10^295 |
| 47 | ov_047 | 4.154763149748209 × 10^295 |
| 32 | lv_80_m31 | 4.667764051566822 × 10^295 |
| 46 | ov_046 | 5.349814320610288 × 10^295 |
| 45 | ov_045 | 6.787916680585802 × 10^295 |
| 44 | ov_044 | 8.500054401216805 × 10^295 |
| 43 | ov_043 | 1.0519144614265106 × 10^296 |
| 42 | ov_042 | 1.2880084158163118 × 10^296 |
| 41 | ov_041 | 1.5619807567147657 × 10^296 |
| 40 | ov_040 | 1.8777357994701645 × 10^296 |
| 39 | ov_039 | 2.239397289015174 × 10^296 |
| 31 | ov_031 | 2.3935882826182815 × 10^296 |
| 38 | ov_038 | 2.651318637859298 × 10^296 |
| 37 | ov_037 | 3.1180950430486196 × 10^296 |
| 36 | ov_036 | 3.644577704912089 × 10^296 |
| 35 | ov_035 | 4.235890385253763 × 10^296 |
| 34 | ov_034 | 4.897448558241344 × 10^296 |
| 33 | ov_033 | 5.634981423684804 × 10^296 |
| 30 | ov_030 | 1.227159645916329 × 10^297 |
| 29 | ov_029 | 4.014012956072938 × 10^297 |
| 28 | ov_028 | 1.0416545778969626 × 10^298 |
| 27 | ov_027 | 2.509436908451736 × 10^298 |
| 26 | ov_026 | 5.483356331667531 × 10^298 |
| 25 | ov_025 | 1.086204455606045 × 10^299 |
| 24 | ov_024 | 1.976416251259858 × 10^299 |
| 23 | ov_023 | 3.3528416794797533 × 10^299 |
| 22 | ov_022 | 5.371359931404393 × 10^299 |
| 21 | ov_021 | 8.209867041085696 × 10^299 |
| 20 | ov_020 | 1.2068291206056437 × 10^300 |
| 19 | ov_019 | 1.7168618609127912 × 10^300 |
| 18 | ov_018 | 2.375493512793535 × 10^300 |
| 17 | ov_017 | 3.209349163104076 × 10^300 |
| 16 | ov_016 | 4.2472802318470965 × 10^300 |
| 15 | ov_015 | 5.520378700241044 × 10^300 |
| 14 | ov_014 | 7.061996966234445 × 10^300 |
| 13 | ov_013 | 8.907774704882955 × 10^300 |
| 12 | ov_012 | 1.1095674255216666 × 10^301 |
| 11 | ov_011 | 1.3666026199793156 × 10^301 |
| 10 | ov_010 | 1.6661586948249816 × 10^301 |
| 9 | ov_009 | 2.012761028209391 × 10^301 |
| 8 | ov_008 | 2.4111934965031 × 10^301 |
| 7 | ov_007 | 2.86650906717458 × 10^301 |
| 6 | ov_006 | 3.3840424638719774 × 10^301 |
| 5 | ov_005 | 3.9694251594004433 × 10^301 |
| 4 | ov_004 | 4.628602967958712 × 10^301 |
| 3 | ov_003 | 5.36785652409258 × 10^301 |
| 2 | ov_002 | 6.193824952436104 × 10^301 |
| 1 | ov_001 | 7.113533049554662 × 10^301 |

