# Results for F001-F002-F003-F004-F005-F006-F007-F008-F009-F010-F011-F012-F013-F014-F015-F016-F017-F018-F019-F020-F021-F022-F023-F024-F025-F026-F027-F028-F029-F030-F031-F032-F033-F034-F035-F036-F037-F038-F039-F040-F041-F042-F043-F044-F045-F046-F047-F048-F049-F050-F051-F052-F053-F054-F055-F056-F057-F058-F059-F060-F061-F062-F063-F064-F065-F066-F067-F068-F069-F070-F071-F072-F073-F074-F075-F076-F077-F078-F079-F080-F081-F082-F083-F084-F085-F086-F087-F088-F089-F090-F091-F092-F093-F094-F095-F096-F097-F098-F099-F100-F101-F102-F103-F104-F105-F106-F107-F108-F109-F110-F111-F112-F113-F114-F115-F116-F117-F118-F119-F120-F121-F122-F123-F124-F125-F126-F127-F128-F129-F130-F131-F132-F133-F134-F135-F136-F137-F138-F139-F140-F141-F142-F143-F144-F145-F146-F147-F148-F149-F150-F151-F152-F153-F154-F155-F156-F157-F158-F159-F160-F161-F162-F163-F164-F165-F166-F167-F168-F169-F170-F171-F172-F173-F174-F175-F176-F177-F178-F179-F180-F181-F182-F183-F184-F185-F186-F187-F188-F189-F190-F191-F192-F193-F194-F195-F196-F197-F198-F199-F200-F201-F202-F203-F204-F205-F206-F207-F208-F209-F210-F211-F212-F213-F214-F215-F216-F217-F218-F219-F220-F221-F222-F223-F224-F225-F226-F227-F228-F229-F230-F231-F232-F233-F234-F235-F236-F237-F238-F239-F240-F241-F242-F243-F244-F245-F246-F247-F248-F249-F250-F251-F252-F253-F254-F255-F256-F257-F258-F259-F260-F261-F262-F263-F264-F265-F266-F267-F268-F269-F270-F271-F272-F273-F274-F275-F276-F277-F278-F279-F280-F281-F282-F283-F284-F285-F286-F287-F288-F289-F290-F291-F292-F293-F294-F295-F296-F297-F298-F299-F300-F301-F302-F303-F304-F305-F306-F307-F308-F309-F310-F311-F312-F313-F314-F315-F316-F317-F318-F319-F320-F321-F322-F323-F324-F325-F326-F327-F328-F329-F330-F331-F332-F333-F334-F335-F336-F337-F338-F339-F340-F341-F342-F343-F344-F345-F346-F347-F348-F349-F350-F351-F352-F353-F354-F355-F356-F357-F358-F359-F360-F361-F362-F363-F364-F365-F366-F367-F368-F369-F370-F371-F372-F373-F374-F375-F376-F377-F378-F379-F380-F381-F382-F383-F384-F385-F386-F387-F388-F389-F390-F391-F392-F393-F394-F395-F396-F397-F398-F399-F400-F401-F402-F403-F404-F405-F406-F407-F408-F409-F410-F411-F412-F413-F414-F415-F416-F417-F418-F419-F420-F421-F422-F423-F424-F425-F426-F427-F428-F429-F430-F431-F432-F433-F434-F435-F436-F437-F438-F439-F440-F441-F442-F443-F444-F445-F446-F447-F448-F449-F450-F451-F452-F453-F454-F455-F456-F457-F458-F459-F460-F461-F462-F463-F464-F465-F466-F467-F468-F469-F470-F471-F472-F473-F474-F475-F476-F477-F478-F479-F480-F481-F482-F483-F484-F485-F486-F487-F488-F489-F490-F491-F492-F493-F494-F495-F496-O500505-F512

## Summary

Number of input bits: 512  
Number of free input bits: 14  
Number of output bits: 160

Number of direct occurrences: 57552  
Number of assignments: 31970  
Number of operations: 11338203
(xor: 11309613,
and: 14968,
or: 13622)

Total complexity: 1.0087666337929066 × 10^303

Least occurring input variable: iv_502 (3849)  
Most occurring input variable: iv_510 (4318)

Most co-occurring input variables: iv_509-iv_510 (2142)  
Least co-occurring input variables: iv_499-iv_502 (1737)

Potentially most occurring input variable: iv_497/iv_510 (4545)  
Potentially least occurring input variable: iv_504/iv_508 (4118)

Least output occurring input variable: iv_504 (70)  
Most output occurring input variable: iv_498 (91)

Most output co-occurring input variables: iv_506-iv_508 (52)  
Least output co-occurring input variables: iv_500-iv_502 (29)

Potentially most output occurring input variable: iv_502/iv_503 (93)  
Potentially least output occurring input variable: iv_506/iv_508 (63)

Least complex input bit: iv_511 (1.9027159753124834 × 10^299)  
Most complex input bit: iv_510 (2.5044914980902965 × 10^302)

Least complex output bit: aaa_76_29 (3.621598158445001 × 10^277)  
Most complex output bit: ov_001 (1.5770818929164462 × 10^302)

Least complex input/output complexity: iv_511/aaa_76_29 (6.830987902847519 × 10^273)  
Most complex input/output complexity: iv_510/ov_001 (3.91546276441599 × 10^301)

## Input Bits

### Input Bits in Regular Order

| Input Bit | Complexity | Occurrences | Output Occurrences |
|:---------:|:----------:|:-----------:|:------------------:|
| iv_497 | 8.926071172946853 × 10^299 | 4145 | 88 |
| iv_498 | 1.778714744763958 × 10^300 | 3969 | 91 |
| iv_499 | 3.1303529185622235 × 10^300 | 3925 | 72 |
| iv_500 | 5.947308467423781 × 10^301 | 4224 | 72 |
| iv_501 | 8.850794512824053 × 10^300 | 4109 | 83 |
| iv_502 | 1.438048559096321 × 10^301 | 3849 | 71 |
| iv_503 | 2.2834526381852913 × 10^301 | 4188 | 82 |
| iv_504 | 3.5502161174745796 × 10^301 | 3955 | 70 |
| iv_506 | 8.139142193751874 × 10^301 | 3998 | 80 |
| iv_507 | 1.203352892674102 × 10^302 | 4201 | 75 |
| iv_508 | 1.7201171888676865 × 10^302 | 4179 | 87 |
| iv_509 | 2.375460551794049 × 10^302 | 4251 | 80 |
| iv_510 | 2.5044914980902965 × 10^302 | 4318 | 76 |
| iv_511 | 1.9027159753124834 × 10^299 | 4241 | 79 |

### Input Bits Sorted by Complexity

| Input Bit | Complexity | Occurrences | Output Occurrences |
|:---------:|:----------:|:-----------:|:------------------:|
| iv_511 | 1.9027159753124834 × 10^299 | 4241 | 79 |
| iv_497 | 8.926071172946853 × 10^299 | 4145 | 88 |
| iv_498 | 1.778714744763958 × 10^300 | 3969 | 91 |
| iv_499 | 3.1303529185622235 × 10^300 | 3925 | 72 |
| iv_501 | 8.850794512824053 × 10^300 | 4109 | 83 |
| iv_502 | 1.438048559096321 × 10^301 | 3849 | 71 |
| iv_503 | 2.2834526381852913 × 10^301 | 4188 | 82 |
| iv_504 | 3.5502161174745796 × 10^301 | 3955 | 70 |
| iv_500 | 5.947308467423781 × 10^301 | 4224 | 72 |
| iv_506 | 8.139142193751874 × 10^301 | 3998 | 80 |
| iv_507 | 1.203352892674102 × 10^302 | 4201 | 75 |
| iv_508 | 1.7201171888676865 × 10^302 | 4179 | 87 |
| iv_509 | 2.375460551794049 × 10^302 | 4251 | 80 |
| iv_510 | 2.5044914980902965 × 10^302 | 4318 | 76 |

### Input Bits Sorted by Occurrences

| Input Bit | Complexity | Occurrences | Output Occurrences |
|:---------:|:----------:|:-----------:|:------------------:|
| iv_502 | 1.438048559096321 × 10^301 | 3849 | 71 |
| iv_499 | 3.1303529185622235 × 10^300 | 3925 | 72 |
| iv_504 | 3.5502161174745796 × 10^301 | 3955 | 70 |
| iv_498 | 1.778714744763958 × 10^300 | 3969 | 91 |
| iv_506 | 8.139142193751874 × 10^301 | 3998 | 80 |
| iv_501 | 8.850794512824053 × 10^300 | 4109 | 83 |
| iv_497 | 8.926071172946853 × 10^299 | 4145 | 88 |
| iv_508 | 1.7201171888676865 × 10^302 | 4179 | 87 |
| iv_503 | 2.2834526381852913 × 10^301 | 4188 | 82 |
| iv_507 | 1.203352892674102 × 10^302 | 4201 | 75 |
| iv_500 | 5.947308467423781 × 10^301 | 4224 | 72 |
| iv_511 | 1.9027159753124834 × 10^299 | 4241 | 79 |
| iv_509 | 2.375460551794049 × 10^302 | 4251 | 80 |
| iv_510 | 2.5044914980902965 × 10^302 | 4318 | 76 |

### Input Bits Sorted by Output Occurrences

| Input Bit | Complexity | Occurrences | Output Occurrences |
|:---------:|:----------:|:-----------:|:------------------:|
| iv_504 | 3.5502161174745796 × 10^301 | 3955 | 70 |
| iv_502 | 1.438048559096321 × 10^301 | 3849 | 71 |
| iv_500 | 5.947308467423781 × 10^301 | 4224 | 72 |
| iv_499 | 3.1303529185622235 × 10^300 | 3925 | 72 |
| iv_507 | 1.203352892674102 × 10^302 | 4201 | 75 |
| iv_510 | 2.5044914980902965 × 10^302 | 4318 | 76 |
| iv_511 | 1.9027159753124834 × 10^299 | 4241 | 79 |
| iv_509 | 2.375460551794049 × 10^302 | 4251 | 80 |
| iv_506 | 8.139142193751874 × 10^301 | 3998 | 80 |
| iv_503 | 2.2834526381852913 × 10^301 | 4188 | 82 |
| iv_501 | 8.850794512824053 × 10^300 | 4109 | 83 |
| iv_508 | 1.7201171888676865 × 10^302 | 4179 | 87 |
| iv_497 | 8.926071172946853 × 10^299 | 4145 | 88 |
| iv_498 | 1.778714744763958 × 10^300 | 3969 | 91 |

## Input Bit Co-occurrences

### Input Bit Co-occurrences Sorted by Co-occurrences

| Input Bits | Co-occurrences | Potential Occurrences | Output Co-occurrences | Potential Output Occurrences |
|:----------:|:--------------:|:---------------------:|:---------------------:|:----------------------------:|
| iv_509-iv_510 | 2142 | 4285 | 38 | 80 |
| iv_508-iv_510 | 2090 | 4317 | 40 | 83 |
| iv_508-iv_511 | 2086 | 4248 | 43 | 80 |
| iv_507-iv_508 | 2080 | 4220 | 44 | 74 |
| iv_510-iv_511 | 2079 | 4401 | 37 | 81 |
| iv_509-iv_511 | 2078 | 4336 | 36 | 87 |
| iv_500-iv_510 | 2078 | 4386 | 35 | 78 |
| iv_508-iv_509 | 2058 | 4314 | 38 | 91 |
| iv_503-iv_511 | 2057 | 4315 | 41 | 79 |
| iv_503-iv_508 | 2053 | 4261 | 44 | 81 |
| iv_503-iv_510 | 2050 | 4406 | 41 | 76 |
| iv_497-iv_507 | 2046 | 4254 | 41 | 81 |
| iv_501-iv_511 | 2043 | 4264 | 39 | 84 |
| iv_507-iv_509 | 2042 | 4368 | 38 | 79 |

### Input Bit Co-occurrences Sorted by Potential Occurrences

| Input Bits | Co-occurrences | Potential Occurrences | Output Co-occurrences | Potential Output Occurrences |
|:----------:|:--------------:|:---------------------:|:---------------------:|:----------------------------:|
| iv_504-iv_508 | 2008 | 4118 | 39 | 79 |
| iv_499-iv_508 | 1972 | 4160 | 43 | 73 |
| iv_504-iv_506 | 1889 | 4175 | 37 | 76 |
| iv_502-iv_508 | 1924 | 4180 | 42 | 74 |
| iv_499-iv_504 | 1849 | 4182 | 29 | 84 |
| iv_506-iv_507 | 2008 | 4183 | 38 | 79 |
| iv_499-iv_509 | 1995 | 4186 | 41 | 70 |
| iv_506-iv_508 | 1986 | 4205 | 52 | 63 |
| iv_500-iv_504 | 1982 | 4215 | 32 | 78 |
| iv_507-iv_508 | 2080 | 4220 | 44 | 74 |
| iv_498-iv_504 | 1851 | 4222 | 41 | 79 |
| iv_497-iv_504 | 1938 | 4224 | 41 | 76 |
| iv_498-iv_508 | 1960 | 4228 | 49 | 80 |
| iv_498-iv_506 | 1869 | 4229 | 42 | 87 |

### Input Bit Output Co-occurrences Sorted by Output Co-occurrences

| Input Bits | Co-occurrences | Potential Occurrences | Output Co-occurrences | Potential Output Occurrences |
|:----------:|:--------------:|:---------------------:|:---------------------:|:----------------------------:|
| iv_506-iv_508 | 1986 | 4205 | 52 | 63 |
| iv_497-iv_503 | 2001 | 4331 | 50 | 70 |
| iv_498-iv_508 | 1960 | 4228 | 49 | 80 |
| iv_497-iv_509 | 2040 | 4316 | 49 | 70 |
| iv_497-iv_498 | 1899 | 4316 | 49 | 81 |
| iv_498-iv_501 | 1883 | 4312 | 48 | 78 |
| iv_497-iv_506 | 1949 | 4245 | 48 | 72 |
| iv_498-iv_503 | 1893 | 4371 | 48 | 77 |
| iv_497-iv_501 | 2007 | 4240 | 46 | 79 |
| iv_498-iv_510 | 1992 | 4303 | 45 | 77 |
| iv_501-iv_508 | 1932 | 4424 | 44 | 82 |
| iv_501-iv_509 | 2042 | 4276 | 44 | 75 |
| iv_503-iv_508 | 2053 | 4261 | 44 | 81 |
| iv_498-iv_507 | 1911 | 4348 | 44 | 78 |

### Input Bit Output Co-occurrences Sorted by Potential Output Occurrences

| Input Bits | Co-occurrences | Potential Occurrences | Output Co-occurrences | Potential Output Occurrences |
|:----------:|:--------------:|:---------------------:|:---------------------:|:----------------------------:|
| iv_506-iv_508 | 1986 | 4205 | 52 | 63 |
| iv_507-iv_510 | 2013 | 4493 | 44 | 63 |
| iv_499-iv_507 | 1926 | 4274 | 39 | 69 |
| iv_497-iv_503 | 2001 | 4331 | 50 | 70 |
| iv_497-iv_509 | 2040 | 4316 | 49 | 70 |
| iv_499-iv_509 | 1995 | 4186 | 41 | 70 |
| iv_497-iv_506 | 1949 | 4245 | 48 | 72 |
| iv_499-iv_506 | 1797 | 4329 | 40 | 72 |
| iv_502-iv_507 | 1894 | 4262 | 37 | 72 |
| iv_502-iv_504 | 1783 | 4238 | 34 | 73 |
| iv_499-iv_508 | 1972 | 4160 | 43 | 73 |
| iv_502-iv_506 | 1806 | 4235 | 39 | 73 |
| iv_502-iv_510 | 1911 | 4345 | 37 | 73 |
| iv_502-iv_508 | 1924 | 4180 | 42 | 74 |

## Output Bits

### Output Bits in Regular Order

| Rank | Output Bit | Complexity |
|:----:|:----------:|:----------:|
| 1 | ov_001 | 1.5770818929164462 × 10^302 |
| 2 | ov_002 | 1.3723143933416197 × 10^302 |
| 3 | ov_003 | 1.188481268642731 × 10^302 |
| 4 | ov_004 | 1.0240123748380429 × 10^302 |
| 5 | ov_005 | 8.774235243829586 × 10^301 |
| 6 | ov_006 | 7.473104261423261 × 10^301 |
| 7 | ov_007 | 6.323434148096583 × 10^301 |
| 8 | ov_008 | 5.312628970631022 × 10^301 |
| 9 | ov_009 | 4.42875445641267 × 10^301 |
| 10 | ov_010 | 3.6605047627284914 × 10^301 |
| 11 | ov_011 | 2.9971744602788754 × 10^301 |
| 12 | ov_012 | 2.4286351519776543 × 10^301 |
| 13 | ov_013 | 1.945316182749954 × 10^301 |
| 14 | ov_014 | 1.538188930088099 × 10^301 |
| 15 | ov_015 | 1.1987541987245133 × 10^301 |
| 16 | ov_016 | 9.19032276042581 × 10^300 |
| 17 | ov_017 | 6.915552378643565 × 10^300 |
| 18 | ov_018 | 5.093611271011175 × 10^300 |
| 19 | ov_019 | 3.659896604847301 × 10^300 |
| 20 | ov_020 | 2.554791512554703 × 10^300 |
| 21 | ov_021 | 1.7236436829332583 × 10^300 |
| 22 | ov_022 | 1.116750847633502 × 10^300 |
| 23 | ov_023 | 6.893511124091942 × 10^299 |
| 24 | ov_024 | 4.016166679048867 × 10^299 |
| 25 | ov_025 | 2.1864993871445364 × 10^299 |
| 26 | ov_026 | 1.1048147222954219 × 10^299 |
| 27 | ov_027 | 5.206894440557494 × 10^298 |
| 28 | ov_028 | 2.3296767336981473 × 10^298 |
| 29 | ov_029 | 8.975962812100395 × 10^297 |
| 30 | ov_030 | 2.7436875766714385 × 10^297 |
| 31 | ov_031 | 5.35061796442185 × 10^296 |
| 32 | lv_80_m31 | 1.0432358034477782 × 10^296 |
| 33 | ov_033 | 1.2562175588030072 × 10^297 |
| 34 | ov_034 | 1.0908945772480755 × 10^297 |
| 35 | ov_035 | 9.426959320374509 × 10^296 |
| 36 | ov_036 | 8.103254414881107 × 10^296 |
| 37 | ov_037 | 6.925579664491372 × 10^296 |
| 38 | ov_038 | 5.8823438609799825 × 10^296 |
| 39 | ov_039 | 4.9625722652723576 × 10^296 |
| 40 | ov_040 | 4.155868827104027 × 10^296 |
| 41 | ov_041 | 3.4523837740045462 × 10^296 |
| 42 | ov_042 | 2.842786034289622 × 10^296 |
| 43 | ov_043 | 2.318239987507405 × 10^296 |
| 44 | ov_044 | 1.8703860642252575 × 10^296 |
| 45 | ov_045 | 1.4913247452101532 × 10^296 |
| 46 | ov_046 | 1.1736035379892465 × 10^296 |
| 47 | ov_047 | 9.102065365133088 × 10^295 |
| 48 | ov_048 | 6.94546197217704 × 10^295 |
| 49 | ov_049 | 5.204569922133647 × 10^295 |
| 50 | ov_050 | 3.8219062767059597 × 10^295 |
| 51 | ov_051 | 2.7441254270587045 × 10^295 |
| 52 | ov_052 | 1.9219943126724116 × 10^295 |
| 53 | ov_053 | 1.31037556653617 × 10^295 |
| 54 | ov_054 | 8.682165540991904 × 10^294 |
| 55 | ov_055 | 5.5854254426061713 × 10^294 |
| 56 | ov_056 | 3.484525807704717 × 10^294 |
| 57 | ov_057 | 2.091170542363108 × 10^294 |
| 58 | ov_058 | 1.1577635597889355 × 10^294 |
| 59 | ov_059 | 5.706806634605777 × 10^293 |
| 60 | ov_060 | 2.3664324347166256 × 10^293 |
| 61 | ov_061 | 8.271751299371179 × 10^292 |
| 62 | ov_062 | 2.2706860509917808 × 10^292 |
| 63 | ov_063 | 4.4290398166538143 × 10^291 |
| 64 | lv_79_m31 | 8.637105930635742 × 10^290 |
| 65 | ov_065 | 1.0386033737564724 × 10^292 |
| 66 | ov_066 | 1.0386007066067678 × 10^292 |
| 67 | ov_067 | 1.0386000702648774 × 10^292 |
| 68 | ov_068 | 9.023127918062795 × 10^291 |
| 69 | ov_069 | 7.799820202099586 × 10^291 |
| 70 | ov_070 | 6.7059087382419 × 10^291 |
| 71 | ov_071 | 5.73171129444286 × 10^291 |
| 72 | ov_072 | 4.868000701170654 × 10^291 |
| 73 | ov_073 | 4.1059795441247074 × 10^291 |
| 74 | ov_074 | 3.437260175076726 × 10^291 |
| 75 | ov_075 | 2.853849192118267 × 10^291 |
| 76 | ov_076 | 2.3481355865213 × 10^291 |
| 77 | ov_077 | 1.9128817977683854 × 10^291 |
| 78 | ov_078 | 1.5412169613757554 × 10^291 |
| 79 | ov_079 | 1.2266316761663561 × 10^291 |
| 80 | ov_080 | 9.629737252927707 × 10^290 |
| 81 | ov_081 | 7.444444202266203 × 10^290 |
| 82 | ov_082 | 5.655954565534952 × 10^290 |
| 83 | ov_083 | 4.213262420799085 × 10^290 |
| 84 | ov_084 | 3.0688165793718337 × 10^290 |
| 85 | ov_085 | 2.1785021348649176 × 10^290 |
| 86 | ov_086 | 1.5016255590630312 × 10^290 |
| 87 | ov_087 | 1.000902953918674 × 10^290 |
| 88 | ov_088 | 6.424510692585726 × 10^289 |
| 89 | ov_089 | 3.957806959638967 × 10^289 |
| 90 | ov_090 | 2.3379204447734147 × 10^289 |
| 91 | ov_091 | 1.3277171853371485 × 10^289 |
| 92 | ov_092 | 7.239089728478924 × 10^288 |
| 93 | ov_093 | 3.5704358196184986 × 10^288 |
| 94 | ov_094 | 1.508530899966776 × 10^288 |
| 95 | aaa_78_28 | 4.598463588909615 × 10^287 |
| 96 | aaa_78_29 | 1.3837185117101078 × 10^287 |
| 97 | ov_097 | 7.122105901431384 × 10^286 |
| 98 | ov_098 | 7.122040738318725 × 10^286 |
| 99 | ov_099 | 7.122019871799189 × 10^286 |
| 100 | ov_100 | 5.909337788658438 × 10^286 |
| 101 | ov_101 | 4.863900748230719 × 10^286 |
| 102 | ov_102 | 3.9696865517018777 × 10^286 |
| 103 | ov_103 | 3.2115625189643314 × 10^286 |
| 104 | ov_104 | 2.575220628444535 × 10^286 |
| 105 | ov_105 | 2.047120881177395 × 10^286 |
| 106 | ov_106 | 1.6144421523967384 × 10^286 |
| 107 | ov_107 | 1.265039832711835 × 10^286 |
| 108 | ov_108 | 9.874095982468131 × 10^285 |
| 109 | ov_109 | 7.706566852032754 × 10^285 |
| 110 | ov_110 | 6.044700794018879 × 10^285 |
| 111 | ov_111 | 4.7910106567068674 × 10^285 |
| 112 | ov_112 | 3.8534561565092165 × 10^285 |
| 113 | ov_113 | 3.145301258325774 × 10^285 |
| 114 | ov_114 | 2.5850005053297505 × 10^285 |
| 115 | ov_115 | 2.0961100719161475 × 10^285 |
| 116 | ov_116 | 1.6736473328124416 × 10^285 |
| 117 | ov_117 | 1.3126665531728864 × 10^285 |
| 118 | ov_118 | 1.0082478294542366 × 10^285 |
| 119 | ov_119 | 7.554886387491285 × 10^284 |
| 120 | ov_120 | 5.494976739345069 × 10^284 |
| 121 | ov_121 | 3.8539064204683675 × 10^284 |
| 122 | ov_122 | 2.5828755872155 × 10^284 |
| 123 | ov_123 | 1.6331096726157278 × 10^284 |
| 124 | ov_124 | 9.558473614273457 × 10^283 |
| 125 | ov_125 | 5.023331321853309 × 10^283 |
| 126 | ov_126 | 2.2381344818208917 × 10^283 |
| 127 | aaa_77_28 | 7.153529332704099 × 10^282 |
| 128 | aaa_77_29 | 2.6857130421496817 × 10^282 |
| 129 | ov_129 | 2.5055758479081306 × 10^282 |
| 130 | ov_130 | 2.5055687869064278 × 10^282 |
| 131 | ov_131 | 2.505567077396892 × 10^282 |
| 132 | ov_132 | 2.1801427185158136 × 10^282 |
| 133 | ov_133 | 1.88759625065817 × 10^282 |
| 134 | ov_134 | 1.6253780600358654 × 10^282 |
| 135 | ov_135 | 1.3910773242362815 × 10^282 |
| 136 | ov_136 | 1.1824121288557645 × 10^282 |
| 137 | ov_137 | 9.982725940203098 × 10^281 |
| 138 | ov_138 | 8.366100899131392 × 10^281 |
| 139 | ov_139 | 6.954826266560974 × 10^281 |
| 140 | ov_140 | 5.730495100225038 × 10^281 |
| 141 | ov_141 | 4.675668603457851 × 10^281 |
| 142 | ov_142 | 3.773838977805313 × 10^281 |
| 143 | ov_143 | 3.0093990276307652 × 10^281 |
| 144 | ov_144 | 2.3676176613798212 × 10^281 |
| 145 | ov_145 | 1.8346204898541156 × 10^281 |
| 146 | ov_146 | 1.3973747771847345 × 10^281 |
| 147 | ov_147 | 1.043678055313643 × 10^281 |
| 148 | ov_148 | 7.62149767772117 × 10^280 |
| 149 | ov_149 | 5.422253634449853 × 10^280 |
| 150 | ov_150 | 3.7415231586111602 × 10^280 |
| 151 | ov_151 | 2.48987598372045 × 10^280 |
| 152 | ov_152 | 1.585962003824529 × 10^280 |
| 153 | ov_153 | 9.5650324585571 × 10^279 |
| 154 | ov_154 | 5.362897217027306 × 10^279 |
| 155 | ov_155 | 2.6817718929066 × 10^279 |
| 156 | aaa_76_25 | 1.0308593369101179 × 10^279 |
| 157 | aaa_76_26 | 5.957266919134365 × 10^278 |
| 158 | aaa_76_27 | 3.0519766715903913 × 10^278 |
| 159 | aaa_76_28 | 1.1895550829589383 × 10^278 |
| 160 | aaa_76_29 | 3.621598158445001 × 10^277 |

### Output Bits Sorted by Complexity

| Rank | Output Bit | Complexity |
|:----:|:----------:|:----------:|
| 160 | aaa_76_29 | 3.621598158445001 × 10^277 |
| 159 | aaa_76_28 | 1.1895550829589383 × 10^278 |
| 158 | aaa_76_27 | 3.0519766715903913 × 10^278 |
| 157 | aaa_76_26 | 5.957266919134365 × 10^278 |
| 156 | aaa_76_25 | 1.0308593369101179 × 10^279 |
| 155 | ov_155 | 2.6817718929066 × 10^279 |
| 154 | ov_154 | 5.362897217027306 × 10^279 |
| 153 | ov_153 | 9.5650324585571 × 10^279 |
| 152 | ov_152 | 1.585962003824529 × 10^280 |
| 151 | ov_151 | 2.48987598372045 × 10^280 |
| 150 | ov_150 | 3.7415231586111602 × 10^280 |
| 149 | ov_149 | 5.422253634449853 × 10^280 |
| 148 | ov_148 | 7.62149767772117 × 10^280 |
| 147 | ov_147 | 1.043678055313643 × 10^281 |
| 146 | ov_146 | 1.3973747771847345 × 10^281 |
| 145 | ov_145 | 1.8346204898541156 × 10^281 |
| 144 | ov_144 | 2.3676176613798212 × 10^281 |
| 143 | ov_143 | 3.0093990276307652 × 10^281 |
| 142 | ov_142 | 3.773838977805313 × 10^281 |
| 141 | ov_141 | 4.675668603457851 × 10^281 |
| 140 | ov_140 | 5.730495100225038 × 10^281 |
| 139 | ov_139 | 6.954826266560974 × 10^281 |
| 138 | ov_138 | 8.366100899131392 × 10^281 |
| 137 | ov_137 | 9.982725940203098 × 10^281 |
| 136 | ov_136 | 1.1824121288557645 × 10^282 |
| 135 | ov_135 | 1.3910773242362815 × 10^282 |
| 134 | ov_134 | 1.6253780600358654 × 10^282 |
| 133 | ov_133 | 1.88759625065817 × 10^282 |
| 132 | ov_132 | 2.1801427185158136 × 10^282 |
| 131 | ov_131 | 2.505567077396892 × 10^282 |
| 130 | ov_130 | 2.5055687869064278 × 10^282 |
| 129 | ov_129 | 2.5055758479081306 × 10^282 |
| 128 | aaa_77_29 | 2.6857130421496817 × 10^282 |
| 127 | aaa_77_28 | 7.153529332704099 × 10^282 |
| 126 | ov_126 | 2.2381344818208917 × 10^283 |
| 125 | ov_125 | 5.023331321853309 × 10^283 |
| 124 | ov_124 | 9.558473614273457 × 10^283 |
| 123 | ov_123 | 1.6331096726157278 × 10^284 |
| 122 | ov_122 | 2.5828755872155 × 10^284 |
| 121 | ov_121 | 3.8539064204683675 × 10^284 |
| 120 | ov_120 | 5.494976739345069 × 10^284 |
| 119 | ov_119 | 7.554886387491285 × 10^284 |
| 118 | ov_118 | 1.0082478294542366 × 10^285 |
| 117 | ov_117 | 1.3126665531728864 × 10^285 |
| 116 | ov_116 | 1.6736473328124416 × 10^285 |
| 115 | ov_115 | 2.0961100719161475 × 10^285 |
| 114 | ov_114 | 2.5850005053297505 × 10^285 |
| 113 | ov_113 | 3.145301258325774 × 10^285 |
| 112 | ov_112 | 3.8534561565092165 × 10^285 |
| 111 | ov_111 | 4.7910106567068674 × 10^285 |
| 110 | ov_110 | 6.044700794018879 × 10^285 |
| 109 | ov_109 | 7.706566852032754 × 10^285 |
| 108 | ov_108 | 9.874095982468131 × 10^285 |
| 107 | ov_107 | 1.265039832711835 × 10^286 |
| 106 | ov_106 | 1.6144421523967384 × 10^286 |
| 105 | ov_105 | 2.047120881177395 × 10^286 |
| 104 | ov_104 | 2.575220628444535 × 10^286 |
| 103 | ov_103 | 3.2115625189643314 × 10^286 |
| 102 | ov_102 | 3.9696865517018777 × 10^286 |
| 101 | ov_101 | 4.863900748230719 × 10^286 |
| 100 | ov_100 | 5.909337788658438 × 10^286 |
| 99 | ov_099 | 7.122019871799189 × 10^286 |
| 98 | ov_098 | 7.122040738318725 × 10^286 |
| 97 | ov_097 | 7.122105901431384 × 10^286 |
| 96 | aaa_78_29 | 1.3837185117101078 × 10^287 |
| 95 | aaa_78_28 | 4.598463588909615 × 10^287 |
| 94 | ov_094 | 1.508530899966776 × 10^288 |
| 93 | ov_093 | 3.5704358196184986 × 10^288 |
| 92 | ov_092 | 7.239089728478924 × 10^288 |
| 91 | ov_091 | 1.3277171853371485 × 10^289 |
| 90 | ov_090 | 2.3379204447734147 × 10^289 |
| 89 | ov_089 | 3.957806959638967 × 10^289 |
| 88 | ov_088 | 6.424510692585726 × 10^289 |
| 87 | ov_087 | 1.000902953918674 × 10^290 |
| 86 | ov_086 | 1.5016255590630312 × 10^290 |
| 85 | ov_085 | 2.1785021348649176 × 10^290 |
| 84 | ov_084 | 3.0688165793718337 × 10^290 |
| 83 | ov_083 | 4.213262420799085 × 10^290 |
| 82 | ov_082 | 5.655954565534952 × 10^290 |
| 81 | ov_081 | 7.444444202266203 × 10^290 |
| 64 | lv_79_m31 | 8.637105930635742 × 10^290 |
| 80 | ov_080 | 9.629737252927707 × 10^290 |
| 79 | ov_079 | 1.2266316761663561 × 10^291 |
| 78 | ov_078 | 1.5412169613757554 × 10^291 |
| 77 | ov_077 | 1.9128817977683854 × 10^291 |
| 76 | ov_076 | 2.3481355865213 × 10^291 |
| 75 | ov_075 | 2.853849192118267 × 10^291 |
| 74 | ov_074 | 3.437260175076726 × 10^291 |
| 73 | ov_073 | 4.1059795441247074 × 10^291 |
| 63 | ov_063 | 4.4290398166538143 × 10^291 |
| 72 | ov_072 | 4.868000701170654 × 10^291 |
| 71 | ov_071 | 5.73171129444286 × 10^291 |
| 70 | ov_070 | 6.7059087382419 × 10^291 |
| 69 | ov_069 | 7.799820202099586 × 10^291 |
| 68 | ov_068 | 9.023127918062795 × 10^291 |
| 67 | ov_067 | 1.0386000702648774 × 10^292 |
| 66 | ov_066 | 1.0386007066067678 × 10^292 |
| 65 | ov_065 | 1.0386033737564724 × 10^292 |
| 62 | ov_062 | 2.2706860509917808 × 10^292 |
| 61 | ov_061 | 8.271751299371179 × 10^292 |
| 60 | ov_060 | 2.3664324347166256 × 10^293 |
| 59 | ov_059 | 5.706806634605777 × 10^293 |
| 58 | ov_058 | 1.1577635597889355 × 10^294 |
| 57 | ov_057 | 2.091170542363108 × 10^294 |
| 56 | ov_056 | 3.484525807704717 × 10^294 |
| 55 | ov_055 | 5.5854254426061713 × 10^294 |
| 54 | ov_054 | 8.682165540991904 × 10^294 |
| 53 | ov_053 | 1.31037556653617 × 10^295 |
| 52 | ov_052 | 1.9219943126724116 × 10^295 |
| 51 | ov_051 | 2.7441254270587045 × 10^295 |
| 50 | ov_050 | 3.8219062767059597 × 10^295 |
| 49 | ov_049 | 5.204569922133647 × 10^295 |
| 48 | ov_048 | 6.94546197217704 × 10^295 |
| 47 | ov_047 | 9.102065365133088 × 10^295 |
| 32 | lv_80_m31 | 1.0432358034477782 × 10^296 |
| 46 | ov_046 | 1.1736035379892465 × 10^296 |
| 45 | ov_045 | 1.4913247452101532 × 10^296 |
| 44 | ov_044 | 1.8703860642252575 × 10^296 |
| 43 | ov_043 | 2.318239987507405 × 10^296 |
| 42 | ov_042 | 2.842786034289622 × 10^296 |
| 41 | ov_041 | 3.4523837740045462 × 10^296 |
| 40 | ov_040 | 4.155868827104027 × 10^296 |
| 39 | ov_039 | 4.9625722652723576 × 10^296 |
| 31 | ov_031 | 5.35061796442185 × 10^296 |
| 38 | ov_038 | 5.8823438609799825 × 10^296 |
| 37 | ov_037 | 6.925579664491372 × 10^296 |
| 36 | ov_036 | 8.103254414881107 × 10^296 |
| 35 | ov_035 | 9.426959320374509 × 10^296 |
| 34 | ov_034 | 1.0908945772480755 × 10^297 |
| 33 | ov_033 | 1.2562175588030072 × 10^297 |
| 30 | ov_030 | 2.7436875766714385 × 10^297 |
| 29 | ov_029 | 8.975962812100395 × 10^297 |
| 28 | ov_028 | 2.3296767336981473 × 10^298 |
| 27 | ov_027 | 5.206894440557494 × 10^298 |
| 26 | ov_026 | 1.1048147222954219 × 10^299 |
| 25 | ov_025 | 2.1864993871445364 × 10^299 |
| 24 | ov_024 | 4.016166679048867 × 10^299 |
| 23 | ov_023 | 6.893511124091942 × 10^299 |
| 22 | ov_022 | 1.116750847633502 × 10^300 |
| 21 | ov_021 | 1.7236436829332583 × 10^300 |
| 20 | ov_020 | 2.554791512554703 × 10^300 |
| 19 | ov_019 | 3.659896604847301 × 10^300 |
| 18 | ov_018 | 5.093611271011175 × 10^300 |
| 17 | ov_017 | 6.915552378643565 × 10^300 |
| 16 | ov_016 | 9.19032276042581 × 10^300 |
| 15 | ov_015 | 1.1987541987245133 × 10^301 |
| 14 | ov_014 | 1.538188930088099 × 10^301 |
| 13 | ov_013 | 1.945316182749954 × 10^301 |
| 12 | ov_012 | 2.4286351519776543 × 10^301 |
| 11 | ov_011 | 2.9971744602788754 × 10^301 |
| 10 | ov_010 | 3.6605047627284914 × 10^301 |
| 9 | ov_009 | 4.42875445641267 × 10^301 |
| 8 | ov_008 | 5.312628970631022 × 10^301 |
| 7 | ov_007 | 6.323434148096583 × 10^301 |
| 6 | ov_006 | 7.473104261423261 × 10^301 |
| 5 | ov_005 | 8.774235243829586 × 10^301 |
| 4 | ov_004 | 1.0240123748380429 × 10^302 |
| 3 | ov_003 | 1.188481268642731 × 10^302 |
| 2 | ov_002 | 1.3723143933416197 × 10^302 |
| 1 | ov_001 | 1.5770818929164462 × 10^302 |

