# Results for E005015-E008009-F017-F018-F019-F020-F021-F022-F023-F024-F025-F026-F027-F028-F029-F030-F031-F032-F033-F034-F035-F036-F037-F038-F039-F040-F041-F042-F043-F044-F045-F046-F047-F048-F049-F050-F051-F052-F053-F054-F055-F056-F057-F058-F059-F060-F061-F062-F063-F064-F065-F066-F067-F068-F069-F070-F071-F072-F073-F074-F075-F076-F077-F078-F079-F080-F081-F082-F083-F084-F085-F086-F087-F088-F089-F090-F091-F092-F093-F094-F095-F096-F097-F098-F099-F100-F101-F102-F103-F104-F105-F106-F107-F108-F109-F110-F111-F112-F113-F114-F115-F116-F117-F118-F119-F120-F121-F122-F123-F124-F125-F126-F127-F128-F129-F130-F131-F132-F133-F134-F135-F136-F137-F138-F139-F140-F141-F142-F143-F144-F145-F146-F147-F148-F149-F150-F151-F152-F153-F154-F155-F156-F157-F158-F159-F160-F161-F162-F163-F164-F165-F166-F167-F168-F169-F170-F171-F172-F173-F174-F175-F176-F177-F178-F179-F180-F181-F182-F183-F184-F185-F186-F187-F188-F189-F190-F191-F192-F193-F194-F195-F196-F197-F198-F199-F200-F201-F202-F203-F204-F205-F206-F207-F208-F209-F210-F211-F212-F213-F214-F215-F216-F217-F218-F219-F220-F221-F222-F223-F224-F225-F226-F227-F228-F229-F230-F231-F232-F233-F234-F235-F236-F237-F238-F239-F240-F241-F242-F243-F244-F245-F246-F247-F248-F249-F250-F251-F252-F253-F254-F255-F256-F257-F258-F259-F260-F261-F262-F263-F264-F265-F266-F267-F268-F269-F270-F271-F272-F273-F274-F275-F276-F277-F278-F279-F280-F281-F282-F283-F284-F285-F286-F287-F288-F289-F290-F291-F292-F293-F294-F295-F296-F297-F298-F299-F300-F301-F302-F303-F304-F305-F306-F307-F308-F309-F310-F311-F312-F313-F314-F315-F316-F317-F318-F319-F320-F321-F322-F323-F324-F325-F326-F327-F328-F329-F330-F331-F332-F333-F334-F335-F336-F337-F338-F339-F340-F341-F342-F343-F344-F345-F346-F347-F348-F349-F350-F351-F352-F353-F354-F355-F356-F357-F358-F359-F360-F361-F362-F363-F364-F365-F366-F367-F368-F369-F370-F371-F372-F373-F374-F375-F376-F377-F378-F379-F380-F381-F382-F383-F384-F385-F386-F387-F388-F389-F390-F391-F392-F393-F394-F395-F396-F397-F398-F399-F400-F401-F402-F403-F404-F405-F406-F407-F408-F409-F410-F411-F412-F413-F414-F415-F416-F417-F418-F419-F420-F421-F422-F423-F424-F425-F426-F427-F428-F429-F430-F431-F432-F433-F434-F435-F436-F437-F438-F439-F440-F441-F442-F443-F444-F445-F446-F447-F448-F449-F450-F451-F452-F453-F454-F455-F456-F457-F458-F459-F460-F461-F462-F463-F464-F465-F466-F467-F468-F469-F470-F471-F472-F473-F474-F475-F476-F477-F478-F479-F480-F481-F482-F483-F484-F485-F486-F487-F488-F489-F490-F491-F492-F493-F494-F495-F496-F497-F498-F499-F500-F501-F502-F503-F504-F505-F506-F507-F508-F509-F510-F511-F512

## Summary

Number of input bits: 512  
Number of free input bits: 14  
Number of output bits: 160

Number of direct occurrences: 62841  
Number of assignments: 39158  
Number of operations: 19117150
(xor: 19079606,
and: 20890,
or: 16654)

Total complexity: 9.731943010537513 × 10^355

Least occurring input variable: iv_012 (4186)  
Most occurring input variable: iv_005 (4764)

Most co-occurring input variables: iv_001-iv_006 (2241)  
Least co-occurring input variables: iv_005-iv_007 (1915)

Potentially most occurring input variable: iv_005/iv_016 (5352)  
Potentially least occurring input variable: iv_002/iv_007 (4378)

Least output occurring input variable: iv_005 (59)  
Most output occurring input variable: iv_012 (86)

Most output co-occurring input variables: iv_002-iv_006 (47)  
Least output co-occurring input variables: iv_005-iv_007 (24)

Potentially most output occurring input variable: iv_001/iv_014 (94)  
Potentially least output occurring input variable: iv_002/iv_006 (66)

Least complex input bit: iv_016 (1.4229926048041157 × 10^352)  
Most complex input bit: iv_005 (2.1681471088568697 × 10^355)

Least complex output bit: aaa_76_29 (2.0435544558102368 × 10^331)  
Most complex output bit: ov_001 (1.4898403793494134 × 10^355)

Least complex input/output complexity: iv_016/aaa_76_29 (2.9880599125825096 × 10^327)  
Most complex input/output complexity: iv_005/ov_001 (3.319165666760561 × 10^354)

## Input Bits

### Input Bits in Regular Order

| Input Bit | Complexity | Occurrences | Output Occurrences |
|:---------:|:----------:|:-----------:|:------------------:|
| iv_001 | 4.3450903368332675 × 10^352 | 4568 | 75 |
| iv_002 | 1.8807704606884056 × 10^353 | 4363 | 80 |
| iv_003 | 5.41061681333577 × 10^353 | 4376 | 75 |
| iv_004 | 1.1769076389173335 × 10^354 | 4538 | 77 |
| iv_005 | 2.1681471088568697 × 10^355 | 4764 | 59 |
| iv_006 | 2.605867814484108 × 10^354 | 4402 | 80 |
| iv_007 | 3.379566649680121 × 10^354 | 4355 | 81 |
| iv_008 | 9.602683819632366 × 10^354 | 4439 | 77 |
| iv_010 | 6.829981106913182 × 10^354 | 4481 | 83 |
| iv_011 | 8.915624288321925 × 10^354 | 4645 | 63 |
| iv_012 | 1.1278029255876041 × 10^355 | 4186 | 86 |
| iv_013 | 1.3978101030834794 × 10^355 | 4535 | 78 |
| iv_014 | 1.7084377855327771 × 10^355 | 4685 | 83 |
| iv_016 | 1.4229926048041157 × 10^352 | 4504 | 79 |

### Input Bits Sorted by Complexity

| Input Bit | Complexity | Occurrences | Output Occurrences |
|:---------:|:----------:|:-----------:|:------------------:|
| iv_016 | 1.4229926048041157 × 10^352 | 4504 | 79 |
| iv_001 | 4.3450903368332675 × 10^352 | 4568 | 75 |
| iv_002 | 1.8807704606884056 × 10^353 | 4363 | 80 |
| iv_003 | 5.41061681333577 × 10^353 | 4376 | 75 |
| iv_004 | 1.1769076389173335 × 10^354 | 4538 | 77 |
| iv_006 | 2.605867814484108 × 10^354 | 4402 | 80 |
| iv_007 | 3.379566649680121 × 10^354 | 4355 | 81 |
| iv_010 | 6.829981106913182 × 10^354 | 4481 | 83 |
| iv_011 | 8.915624288321925 × 10^354 | 4645 | 63 |
| iv_008 | 9.602683819632366 × 10^354 | 4439 | 77 |
| iv_012 | 1.1278029255876041 × 10^355 | 4186 | 86 |
| iv_013 | 1.3978101030834794 × 10^355 | 4535 | 78 |
| iv_014 | 1.7084377855327771 × 10^355 | 4685 | 83 |
| iv_005 | 2.1681471088568697 × 10^355 | 4764 | 59 |

### Input Bits Sorted by Occurrences

| Input Bit | Complexity | Occurrences | Output Occurrences |
|:---------:|:----------:|:-----------:|:------------------:|
| iv_012 | 1.1278029255876041 × 10^355 | 4186 | 86 |
| iv_007 | 3.379566649680121 × 10^354 | 4355 | 81 |
| iv_002 | 1.8807704606884056 × 10^353 | 4363 | 80 |
| iv_003 | 5.41061681333577 × 10^353 | 4376 | 75 |
| iv_006 | 2.605867814484108 × 10^354 | 4402 | 80 |
| iv_008 | 9.602683819632366 × 10^354 | 4439 | 77 |
| iv_010 | 6.829981106913182 × 10^354 | 4481 | 83 |
| iv_016 | 1.4229926048041157 × 10^352 | 4504 | 79 |
| iv_013 | 1.3978101030834794 × 10^355 | 4535 | 78 |
| iv_004 | 1.1769076389173335 × 10^354 | 4538 | 77 |
| iv_001 | 4.3450903368332675 × 10^352 | 4568 | 75 |
| iv_011 | 8.915624288321925 × 10^354 | 4645 | 63 |
| iv_014 | 1.7084377855327771 × 10^355 | 4685 | 83 |
| iv_005 | 2.1681471088568697 × 10^355 | 4764 | 59 |

### Input Bits Sorted by Output Occurrences

| Input Bit | Complexity | Occurrences | Output Occurrences |
|:---------:|:----------:|:-----------:|:------------------:|
| iv_005 | 2.1681471088568697 × 10^355 | 4764 | 59 |
| iv_011 | 8.915624288321925 × 10^354 | 4645 | 63 |
| iv_003 | 5.41061681333577 × 10^353 | 4376 | 75 |
| iv_001 | 4.3450903368332675 × 10^352 | 4568 | 75 |
| iv_008 | 9.602683819632366 × 10^354 | 4439 | 77 |
| iv_004 | 1.1769076389173335 × 10^354 | 4538 | 77 |
| iv_013 | 1.3978101030834794 × 10^355 | 4535 | 78 |
| iv_016 | 1.4229926048041157 × 10^352 | 4504 | 79 |
| iv_002 | 1.8807704606884056 × 10^353 | 4363 | 80 |
| iv_006 | 2.605867814484108 × 10^354 | 4402 | 80 |
| iv_007 | 3.379566649680121 × 10^354 | 4355 | 81 |
| iv_010 | 6.829981106913182 × 10^354 | 4481 | 83 |
| iv_014 | 1.7084377855327771 × 10^355 | 4685 | 83 |
| iv_012 | 1.1278029255876041 × 10^355 | 4186 | 86 |

## Input Bit Co-occurrences

### Input Bit Co-occurrences Sorted by Co-occurrences

| Input Bits | Co-occurrences | Potential Occurrences | Output Co-occurrences | Potential Output Occurrences |
|:----------:|:--------------:|:---------------------:|:---------------------:|:----------------------------:|
| iv_001-iv_006 | 2241 | 4488 | 39 | 77 |
| iv_013-iv_014 | 2203 | 4814 | 40 | 81 |
| iv_004-iv_014 | 2203 | 4817 | 41 | 78 |
| iv_003-iv_004 | 2188 | 4538 | 38 | 76 |
| iv_003-iv_013 | 2188 | 4535 | 36 | 81 |
| iv_001-iv_016 | 2182 | 4708 | 37 | 80 |
| iv_011-iv_016 | 2180 | 4789 | 26 | 90 |
| iv_010-iv_011 | 2178 | 4770 | 35 | 76 |
| iv_010-iv_014 | 2178 | 4810 | 44 | 78 |
| iv_001-iv_011 | 2172 | 4869 | 28 | 82 |
| iv_002-iv_007 | 2170 | 4378 | 42 | 77 |
| iv_004-iv_005 | 2166 | 4970 | 26 | 84 |
| iv_011-iv_014 | 2163 | 5004 | 33 | 80 |
| iv_008-iv_014 | 2154 | 4816 | 44 | 72 |

### Input Bit Co-occurrences Sorted by Potential Occurrences

| Input Bits | Co-occurrences | Potential Occurrences | Output Co-occurrences | Potential Output Occurrences |
|:----------:|:--------------:|:---------------------:|:---------------------:|:----------------------------:|
| iv_002-iv_007 | 2170 | 4378 | 42 | 77 |
| iv_002-iv_012 | 2056 | 4437 | 42 | 82 |
| iv_007-iv_012 | 2027 | 4487 | 45 | 77 |
| iv_001-iv_006 | 2241 | 4488 | 39 | 77 |
| iv_003-iv_012 | 2037 | 4488 | 42 | 77 |
| iv_003-iv_013 | 2188 | 4535 | 36 | 81 |
| iv_003-iv_004 | 2188 | 4538 | 38 | 76 |
| iv_003-iv_007 | 2057 | 4617 | 42 | 72 |
| iv_008-iv_010 | 2150 | 4620 | 44 | 72 |
| iv_012-iv_013 | 2047 | 4627 | 42 | 80 |
| iv_002-iv_003 | 2040 | 4659 | 39 | 77 |
| iv_008-iv_012 | 1982 | 4661 | 41 | 81 |
| iv_007-iv_010 | 2086 | 4664 | 41 | 82 |
| iv_006-iv_007 | 2042 | 4673 | 45 | 71 |

### Input Bit Output Co-occurrences Sorted by Output Co-occurrences

| Input Bits | Co-occurrences | Potential Occurrences | Output Co-occurrences | Potential Output Occurrences |
|:----------:|:--------------:|:---------------------:|:---------------------:|:----------------------------:|
| iv_002-iv_006 | 2030 | 4705 | 47 | 66 |
| iv_002-iv_010 | 2042 | 4760 | 45 | 73 |
| iv_006-iv_007 | 2042 | 4673 | 45 | 71 |
| iv_007-iv_012 | 2027 | 4487 | 45 | 77 |
| iv_002-iv_014 | 2129 | 4790 | 44 | 75 |
| iv_008-iv_010 | 2150 | 4620 | 44 | 72 |
| iv_008-iv_014 | 2154 | 4816 | 44 | 72 |
| iv_010-iv_014 | 2178 | 4810 | 44 | 78 |
| iv_004-iv_010 | 2128 | 4763 | 44 | 72 |
| iv_006-iv_012 | 1932 | 4724 | 44 | 78 |
| iv_001-iv_010 | 2111 | 4827 | 44 | 70 |
| iv_004-iv_012 | 1968 | 4788 | 43 | 77 |
| iv_012-iv_014 | 2042 | 4787 | 43 | 83 |
| iv_002-iv_007 | 2170 | 4378 | 42 | 77 |

### Input Bit Output Co-occurrences Sorted by Potential Output Occurrences

| Input Bits | Co-occurrences | Potential Occurrences | Output Co-occurrences | Potential Output Occurrences |
|:----------:|:--------------:|:---------------------:|:---------------------:|:----------------------------:|
| iv_002-iv_006 | 2030 | 4705 | 47 | 66 |
| iv_004-iv_011 | 2066 | 5051 | 36 | 68 |
| iv_001-iv_010 | 2111 | 4827 | 44 | 70 |
| iv_005-iv_011 | 2057 | 5295 | 26 | 70 |
| iv_006-iv_007 | 2042 | 4673 | 45 | 71 |
| iv_004-iv_013 | 2141 | 4791 | 42 | 71 |
| iv_008-iv_010 | 2150 | 4620 | 44 | 72 |
| iv_008-iv_014 | 2154 | 4816 | 44 | 72 |
| iv_004-iv_010 | 2128 | 4763 | 44 | 72 |
| iv_003-iv_007 | 2057 | 4617 | 42 | 72 |
| iv_001-iv_003 | 2012 | 4920 | 39 | 72 |
| iv_002-iv_010 | 2042 | 4760 | 45 | 73 |
| iv_004-iv_008 | 2145 | 4687 | 40 | 74 |
| iv_001-iv_005 | 2067 | 5198 | 30 | 74 |

## Output Bits

### Output Bits in Regular Order

| Rank | Output Bit | Complexity |
|:----:|:----------:|:----------:|
| 1 | ov_001 | 1.4898403793494134 × 10^355 |
| 2 | ov_002 | 1.3009214081184564 × 10^355 |
| 3 | ov_003 | 1.1311267909618907 × 10^355 |
| 4 | ov_004 | 9.789417174172235 × 10^354 |
| 5 | ov_005 | 8.429360154629149 × 10^354 |
| 6 | ov_006 | 7.217582622019466 × 10^354 |
| 7 | ov_007 | 6.141305960780499 × 10^354 |
| 8 | ov_008 | 5.188441607703907 × 10^354 |
| 9 | ov_009 | 4.3475512735852934 × 10^354 |
| 10 | ov_010 | 3.607812568136824 × 10^354 |
| 11 | ov_011 | 2.96396430159086 × 10^354 |
| 12 | ov_012 | 2.4110318518279993 × 10^354 |
| 13 | ov_013 | 1.9398826147380268 × 10^354 |
| 14 | ov_014 | 1.5419083748668984 × 10^354 |
| 15 | ov_015 | 1.2090115386234727 × 10^354 |
| 16 | ov_016 | 9.335941042601459 × 10^353 |
| 17 | ov_017 | 7.085489719917014 × 10^353 |
| 18 | ov_018 | 5.2725323018146094 × 10^353 |
| 19 | ov_019 | 3.8356308561323927 × 10^353 |
| 20 | ov_020 | 2.7181013759846182 × 10^353 |
| 21 | ov_021 | 1.8679872713918503 × 10^353 |
| 22 | ov_022 | 1.2380412366103375 × 10^353 |
| 23 | ov_023 | 7.857134300905376 × 10^352 |
| 24 | ov_024 | 4.731442151110314 × 10^352 |
| 25 | ov_025 | 2.6716001989364903 × 10^352 |
| 26 | ov_026 | 1.392711853657737 × 10^352 |
| 27 | ov_027 | 6.567096948504355 × 10^351 |
| 28 | ov_028 | 2.7235151353262594 × 10^351 |
| 29 | ov_029 | 9.521902645141496 × 10^350 |
| 30 | ov_030 | 2.6146714293405833 × 10^350 |
| 31 | ov_031 | 5.102202838926885 × 10^349 |
| 32 | lv_80_m31 | 9.955013416697685 × 10^348 |
| 33 | ov_033 | 1.2325315613142408 × 10^350 |
| 34 | ov_034 | 1.0754478274611213 × 10^350 |
| 35 | ov_035 | 9.347435928893759 × 10^349 |
| 36 | ov_036 | 8.090322890662762 × 10^349 |
| 37 | ov_037 | 6.97012542181759 × 10^349 |
| 38 | ov_038 | 5.974624078965202 × 10^349 |
| 39 | ov_039 | 5.092341184094591 × 10^349 |
| 40 | ov_040 | 4.312493141080415 × 10^349 |
| 41 | ov_041 | 3.6249473322408124 × 10^349 |
| 42 | ov_042 | 3.0201833388325816 × 10^349 |
| 43 | ov_043 | 2.4892582373251432 × 10^349 |
| 44 | ov_044 | 2.0278408488837646 × 10^349 |
| 45 | ov_045 | 1.6318660543934007 × 10^349 |
| 46 | ov_046 | 1.2975220285730025 × 10^349 |
| 47 | ov_047 | 1.0179019497264915 × 10^349 |
| 48 | ov_048 | 7.865558104990587 × 10^348 |
| 49 | ov_049 | 5.974752403719417 × 10^348 |
| 50 | ov_050 | 4.4508078843754923 × 10^348 |
| 51 | ov_051 | 3.2421144349305384 × 10^348 |
| 52 | ov_052 | 2.3011616905759164 × 10^348 |
| 53 | ov_053 | 1.584472312705872 × 10^348 |
| 54 | ov_054 | 1.0525509783377592 × 10^348 |
| 55 | ov_055 | 6.698468626998657 × 10^347 |
| 56 | ov_056 | 4.047273982644727 × 10^347 |
| 57 | ov_057 | 2.2946109375436795 × 10^347 |
| 58 | ov_058 | 1.2020721528512444 × 10^347 |
| 59 | ov_059 | 5.701024110226264 × 10^346 |
| 60 | ov_060 | 2.3797284675147805 × 10^346 |
| 61 | ov_061 | 8.377108393311192 × 10^345 |
| 62 | ov_062 | 2.316425124824814 × 10^345 |
| 63 | ov_063 | 4.554350945828665 × 10^344 |
| 64 | lv_79_m31 | 8.953494930733656 × 10^343 |
| 65 | ov_065 | 1.2275567554932855 × 10^345 |
| 66 | ov_066 | 1.2275198065708329 × 10^345 |
| 67 | ov_067 | 1.2275079784671552 × 10^345 |
| 68 | ov_068 | 1.1041086618657623 × 10^345 |
| 69 | ov_069 | 9.899161660515042 × 10^344 |
| 70 | ov_070 | 8.844126104365482 × 10^344 |
| 71 | ov_071 | 7.871173134567756 × 10^344 |
| 72 | ov_072 | 6.975823640528863 × 10^344 |
| 73 | ov_073 | 6.153886208144556 × 10^344 |
| 74 | ov_074 | 5.401420689021272 × 10^344 |
| 75 | ov_075 | 4.7147042226998214 × 10^344 |
| 76 | ov_076 | 4.090199521389863 × 10^344 |
| 77 | ov_077 | 3.524526106483238 × 10^344 |
| 78 | ov_078 | 3.0144347295380125 × 10^344 |
| 79 | ov_079 | 2.5567847793057425 × 10^344 |
| 80 | ov_080 | 2.1485244803960876 × 10^344 |
| 81 | ov_081 | 1.7866736922956294 × 10^344 |
| 82 | ov_082 | 1.4683091198285232 × 10^344 |
| 83 | ov_083 | 1.1905517478926215 × 10^344 |
| 84 | ov_084 | 9.505563145466126 × 10^343 |
| 85 | ov_085 | 7.455026373761576 × 10^343 |
| 86 | ov_086 | 5.725886086256852 × 10^343 |
| 87 | ov_087 | 4.290246749285037 × 10^343 |
| 88 | ov_088 | 3.1202961767027244 × 10^343 |
| 89 | ov_089 | 2.1882745012918806 × 10^343 |
| 90 | ov_090 | 1.4664524758414322 × 10^343 |
| 91 | ov_091 | 9.271172660076966 × 10^342 |
| 92 | ov_092 | 5.425639126563873 × 10^342 |
| 93 | ov_093 | 2.850907328955604 × 10^342 |
| 94 | ov_094 | 1.2699716582952248 × 10^342 |
| 95 | aaa_78_28 | 4.0582944925210417 × 10^341 |
| 96 | aaa_78_29 | 1.5232333556480586 × 10^341 |
| 97 | ov_097 | 1.455663900952281 × 10^341 |
| 98 | ov_098 | 1.455659912009408 × 10^341 |
| 99 | ov_099 | 1.455658946290478 × 10^341 |
| 100 | ov_100 | 1.2704452479738679 × 10^341 |
| 101 | ov_101 | 1.1041330610234447 × 10^341 |
| 102 | ov_102 | 9.552216810361854 × 10^340 |
| 103 | ov_103 | 8.22294530101591 × 10^340 |
| 104 | ov_104 | 7.040134933162284 × 10^340 |
| 105 | ov_105 | 5.991139384786674 × 10^340 |
| 106 | ov_106 | 5.064003367345987 × 10^340 |
| 107 | ov_107 | 4.247424108381411 × 10^340 |
| 108 | ov_108 | 3.53071754760053 × 10^340 |
| 109 | ov_109 | 2.903788845151475 × 10^340 |
| 110 | ov_110 | 2.361734458483165 × 10^340 |
| 111 | ov_111 | 1.899926796381742 × 10^340 |
| 112 | ov_112 | 1.509899949685487 × 10^340 |
| 113 | ov_113 | 1.183695986889791 × 10^340 |
| 114 | ov_114 | 9.138523961670028 × 10^339 |
| 115 | ov_115 | 6.933920995536071 × 10^339 |
| 116 | ov_116 | 5.158157255343335 × 10^339 |
| 117 | ov_117 | 3.7509578160818818 × 10^339 |
| 118 | ov_118 | 2.6567237859953168 × 10^339 |
| 119 | ov_119 | 1.8245019489622927 × 10^339 |
| 120 | ov_120 | 1.2079640516182262 × 10^339 |
| 121 | ov_121 | 7.6539334403825 × 10^338 |
| 122 | ov_122 | 4.5967634600077926 × 10^338 |
| 123 | ov_123 | 2.582981739775077 × 10^338 |
| 124 | ov_124 | 1.33340125570924 × 10^338 |
| 125 | ov_125 | 6.147856918976828 × 10^337 |
| 126 | ov_126 | 2.3984505591260825 × 10^337 |
| 127 | aaa_77_28 | 6.723426508766106 × 10^336 |
| 128 | aaa_77_29 | 2.0462247249339075 × 10^336 |
| 129 | ov_129 | 1.219562911438413 × 10^336 |
| 130 | ov_130 | 1.2195589217966268 × 10^336 |
| 131 | ov_131 | 1.2195579540443784 × 10^336 |
| 132 | ov_132 | 1.0642786563812193 × 10^336 |
| 133 | ov_133 | 9.258282943470475 × 10^335 |
| 134 | ov_134 | 8.027165438080052 × 10^335 |
| 135 | ov_135 | 6.935379355512524 × 10^335 |
| 136 | ov_136 | 5.9696604252618 × 10^335 |
| 137 | ov_137 | 5.117483064665276 × 10^335 |
| 138 | ov_138 | 4.367014428295456 × 10^335 |
| 139 | ov_139 | 3.707073804104789 × 10^335 |
| 140 | ov_140 | 3.127096990920007 × 10^335 |
| 141 | ov_141 | 2.617105312387629 × 10^335 |
| 142 | ov_142 | 2.1676789422927877 × 10^335 |
| 143 | ov_143 | 1.774244605334605 × 10^335 |
| 144 | ov_144 | 1.4324919316200075 × 10^335 |
| 145 | ov_145 | 1.1383648763345181 × 10^335 |
| 146 | ov_146 | 8.880547717258722 × 10^334 |
| 147 | ov_147 | 6.779948093200441 × 10^334 |
| 148 | ov_148 | 5.048557380421371 × 10^334 |
| 149 | ov_149 | 3.655425817184321 × 10^334 |
| 150 | ov_150 | 2.571921971783271 × 10^334 |
| 151 | ov_151 | 1.747672837213031 × 10^334 |
| 152 | ov_152 | 1.1368741358005723 × 10^334 |
| 153 | ov_153 | 6.982770260852349 × 10^333 |
| 154 | ov_154 | 3.951799529724388 × 10^333 |
| 155 | ov_155 | 1.954240020002784 × 10^333 |
| 156 | aaa_76_25 | 7.139053493365024 × 10^332 |
| 157 | aaa_76_26 | 3.728842694432979 × 10^332 |
| 158 | aaa_76_27 | 1.7188597952379222 × 10^332 |
| 159 | aaa_76_28 | 6.704752963575884 × 10^331 |
| 160 | aaa_76_29 | 2.0435544558102368 × 10^331 |

### Output Bits Sorted by Complexity

| Rank | Output Bit | Complexity |
|:----:|:----------:|:----------:|
| 160 | aaa_76_29 | 2.0435544558102368 × 10^331 |
| 159 | aaa_76_28 | 6.704752963575884 × 10^331 |
| 158 | aaa_76_27 | 1.7188597952379222 × 10^332 |
| 157 | aaa_76_26 | 3.728842694432979 × 10^332 |
| 156 | aaa_76_25 | 7.139053493365024 × 10^332 |
| 155 | ov_155 | 1.954240020002784 × 10^333 |
| 154 | ov_154 | 3.951799529724388 × 10^333 |
| 153 | ov_153 | 6.982770260852349 × 10^333 |
| 152 | ov_152 | 1.1368741358005723 × 10^334 |
| 151 | ov_151 | 1.747672837213031 × 10^334 |
| 150 | ov_150 | 2.571921971783271 × 10^334 |
| 149 | ov_149 | 3.655425817184321 × 10^334 |
| 148 | ov_148 | 5.048557380421371 × 10^334 |
| 147 | ov_147 | 6.779948093200441 × 10^334 |
| 146 | ov_146 | 8.880547717258722 × 10^334 |
| 145 | ov_145 | 1.1383648763345181 × 10^335 |
| 144 | ov_144 | 1.4324919316200075 × 10^335 |
| 143 | ov_143 | 1.774244605334605 × 10^335 |
| 142 | ov_142 | 2.1676789422927877 × 10^335 |
| 141 | ov_141 | 2.617105312387629 × 10^335 |
| 140 | ov_140 | 3.127096990920007 × 10^335 |
| 139 | ov_139 | 3.707073804104789 × 10^335 |
| 138 | ov_138 | 4.367014428295456 × 10^335 |
| 137 | ov_137 | 5.117483064665276 × 10^335 |
| 136 | ov_136 | 5.9696604252618 × 10^335 |
| 135 | ov_135 | 6.935379355512524 × 10^335 |
| 134 | ov_134 | 8.027165438080052 × 10^335 |
| 133 | ov_133 | 9.258282943470475 × 10^335 |
| 132 | ov_132 | 1.0642786563812193 × 10^336 |
| 131 | ov_131 | 1.2195579540443784 × 10^336 |
| 130 | ov_130 | 1.2195589217966268 × 10^336 |
| 129 | ov_129 | 1.219562911438413 × 10^336 |
| 128 | aaa_77_29 | 2.0462247249339075 × 10^336 |
| 127 | aaa_77_28 | 6.723426508766106 × 10^336 |
| 126 | ov_126 | 2.3984505591260825 × 10^337 |
| 125 | ov_125 | 6.147856918976828 × 10^337 |
| 124 | ov_124 | 1.33340125570924 × 10^338 |
| 123 | ov_123 | 2.582981739775077 × 10^338 |
| 122 | ov_122 | 4.5967634600077926 × 10^338 |
| 121 | ov_121 | 7.6539334403825 × 10^338 |
| 120 | ov_120 | 1.2079640516182262 × 10^339 |
| 119 | ov_119 | 1.8245019489622927 × 10^339 |
| 118 | ov_118 | 2.6567237859953168 × 10^339 |
| 117 | ov_117 | 3.7509578160818818 × 10^339 |
| 116 | ov_116 | 5.158157255343335 × 10^339 |
| 115 | ov_115 | 6.933920995536071 × 10^339 |
| 114 | ov_114 | 9.138523961670028 × 10^339 |
| 113 | ov_113 | 1.183695986889791 × 10^340 |
| 112 | ov_112 | 1.509899949685487 × 10^340 |
| 111 | ov_111 | 1.899926796381742 × 10^340 |
| 110 | ov_110 | 2.361734458483165 × 10^340 |
| 109 | ov_109 | 2.903788845151475 × 10^340 |
| 108 | ov_108 | 3.53071754760053 × 10^340 |
| 107 | ov_107 | 4.247424108381411 × 10^340 |
| 106 | ov_106 | 5.064003367345987 × 10^340 |
| 105 | ov_105 | 5.991139384786674 × 10^340 |
| 104 | ov_104 | 7.040134933162284 × 10^340 |
| 103 | ov_103 | 8.22294530101591 × 10^340 |
| 102 | ov_102 | 9.552216810361854 × 10^340 |
| 101 | ov_101 | 1.1041330610234447 × 10^341 |
| 100 | ov_100 | 1.2704452479738679 × 10^341 |
| 99 | ov_099 | 1.455658946290478 × 10^341 |
| 98 | ov_098 | 1.455659912009408 × 10^341 |
| 97 | ov_097 | 1.455663900952281 × 10^341 |
| 96 | aaa_78_29 | 1.5232333556480586 × 10^341 |
| 95 | aaa_78_28 | 4.0582944925210417 × 10^341 |
| 94 | ov_094 | 1.2699716582952248 × 10^342 |
| 93 | ov_093 | 2.850907328955604 × 10^342 |
| 92 | ov_092 | 5.425639126563873 × 10^342 |
| 91 | ov_091 | 9.271172660076966 × 10^342 |
| 90 | ov_090 | 1.4664524758414322 × 10^343 |
| 89 | ov_089 | 2.1882745012918806 × 10^343 |
| 88 | ov_088 | 3.1202961767027244 × 10^343 |
| 87 | ov_087 | 4.290246749285037 × 10^343 |
| 86 | ov_086 | 5.725886086256852 × 10^343 |
| 85 | ov_085 | 7.455026373761576 × 10^343 |
| 64 | lv_79_m31 | 8.953494930733656 × 10^343 |
| 84 | ov_084 | 9.505563145466126 × 10^343 |
| 83 | ov_083 | 1.1905517478926215 × 10^344 |
| 82 | ov_082 | 1.4683091198285232 × 10^344 |
| 81 | ov_081 | 1.7866736922956294 × 10^344 |
| 80 | ov_080 | 2.1485244803960876 × 10^344 |
| 79 | ov_079 | 2.5567847793057425 × 10^344 |
| 78 | ov_078 | 3.0144347295380125 × 10^344 |
| 77 | ov_077 | 3.524526106483238 × 10^344 |
| 76 | ov_076 | 4.090199521389863 × 10^344 |
| 63 | ov_063 | 4.554350945828665 × 10^344 |
| 75 | ov_075 | 4.7147042226998214 × 10^344 |
| 74 | ov_074 | 5.401420689021272 × 10^344 |
| 73 | ov_073 | 6.153886208144556 × 10^344 |
| 72 | ov_072 | 6.975823640528863 × 10^344 |
| 71 | ov_071 | 7.871173134567756 × 10^344 |
| 70 | ov_070 | 8.844126104365482 × 10^344 |
| 69 | ov_069 | 9.899161660515042 × 10^344 |
| 68 | ov_068 | 1.1041086618657623 × 10^345 |
| 67 | ov_067 | 1.2275079784671552 × 10^345 |
| 66 | ov_066 | 1.2275198065708329 × 10^345 |
| 65 | ov_065 | 1.2275567554932855 × 10^345 |
| 62 | ov_062 | 2.316425124824814 × 10^345 |
| 61 | ov_061 | 8.377108393311192 × 10^345 |
| 60 | ov_060 | 2.3797284675147805 × 10^346 |
| 59 | ov_059 | 5.701024110226264 × 10^346 |
| 58 | ov_058 | 1.2020721528512444 × 10^347 |
| 57 | ov_057 | 2.2946109375436795 × 10^347 |
| 56 | ov_056 | 4.047273982644727 × 10^347 |
| 55 | ov_055 | 6.698468626998657 × 10^347 |
| 54 | ov_054 | 1.0525509783377592 × 10^348 |
| 53 | ov_053 | 1.584472312705872 × 10^348 |
| 52 | ov_052 | 2.3011616905759164 × 10^348 |
| 51 | ov_051 | 3.2421144349305384 × 10^348 |
| 50 | ov_050 | 4.4508078843754923 × 10^348 |
| 49 | ov_049 | 5.974752403719417 × 10^348 |
| 48 | ov_048 | 7.865558104990587 × 10^348 |
| 32 | lv_80_m31 | 9.955013416697685 × 10^348 |
| 47 | ov_047 | 1.0179019497264915 × 10^349 |
| 46 | ov_046 | 1.2975220285730025 × 10^349 |
| 45 | ov_045 | 1.6318660543934007 × 10^349 |
| 44 | ov_044 | 2.0278408488837646 × 10^349 |
| 43 | ov_043 | 2.4892582373251432 × 10^349 |
| 42 | ov_042 | 3.0201833388325816 × 10^349 |
| 41 | ov_041 | 3.6249473322408124 × 10^349 |
| 40 | ov_040 | 4.312493141080415 × 10^349 |
| 39 | ov_039 | 5.092341184094591 × 10^349 |
| 31 | ov_031 | 5.102202838926885 × 10^349 |
| 38 | ov_038 | 5.974624078965202 × 10^349 |
| 37 | ov_037 | 6.97012542181759 × 10^349 |
| 36 | ov_036 | 8.090322890662762 × 10^349 |
| 35 | ov_035 | 9.347435928893759 × 10^349 |
| 34 | ov_034 | 1.0754478274611213 × 10^350 |
| 33 | ov_033 | 1.2325315613142408 × 10^350 |
| 30 | ov_030 | 2.6146714293405833 × 10^350 |
| 29 | ov_029 | 9.521902645141496 × 10^350 |
| 28 | ov_028 | 2.7235151353262594 × 10^351 |
| 27 | ov_027 | 6.567096948504355 × 10^351 |
| 26 | ov_026 | 1.392711853657737 × 10^352 |
| 25 | ov_025 | 2.6716001989364903 × 10^352 |
| 24 | ov_024 | 4.731442151110314 × 10^352 |
| 23 | ov_023 | 7.857134300905376 × 10^352 |
| 22 | ov_022 | 1.2380412366103375 × 10^353 |
| 21 | ov_021 | 1.8679872713918503 × 10^353 |
| 20 | ov_020 | 2.7181013759846182 × 10^353 |
| 19 | ov_019 | 3.8356308561323927 × 10^353 |
| 18 | ov_018 | 5.2725323018146094 × 10^353 |
| 17 | ov_017 | 7.085489719917014 × 10^353 |
| 16 | ov_016 | 9.335941042601459 × 10^353 |
| 15 | ov_015 | 1.2090115386234727 × 10^354 |
| 14 | ov_014 | 1.5419083748668984 × 10^354 |
| 13 | ov_013 | 1.9398826147380268 × 10^354 |
| 12 | ov_012 | 2.4110318518279993 × 10^354 |
| 11 | ov_011 | 2.96396430159086 × 10^354 |
| 10 | ov_010 | 3.607812568136824 × 10^354 |
| 9 | ov_009 | 4.3475512735852934 × 10^354 |
| 8 | ov_008 | 5.188441607703907 × 10^354 |
| 7 | ov_007 | 6.141305960780499 × 10^354 |
| 6 | ov_006 | 7.217582622019466 × 10^354 |
| 5 | ov_005 | 8.429360154629149 × 10^354 |
| 4 | ov_004 | 9.789417174172235 × 10^354 |
| 3 | ov_003 | 1.1311267909618907 × 10^355 |
| 2 | ov_002 | 1.3009214081184564 × 10^355 |
| 1 | ov_001 | 1.4898403793494134 × 10^355 |

