# Results for F001-F002-F003-F004-F005-F006-F007-F008-F009-F010-F011-F012-F013-F014-F015-F016-F017-F018-F019-F020-F021-F022-F023-F024-F025-F026-F027-F028-F029-F030-F031-F032-F033-F034-F035-F036-F037-F038-F039-F040-F041-F042-F043-F044-F045-F046-F047-F048-F049-F050-F051-F052-F053-F054-F055-F056-F057-F058-F059-F060-F061-F062-F063-F064-F065-F066-F067-F068-F069-F070-F071-F072-F073-F074-F075-F076-F077-F078-F079-F080-F081-F082-F083-F084-F085-F086-F087-F088-F089-F090-F091-F092-F093-F094-F095-F096-F097-F098-F099-F100-F101-F102-F103-F104-F105-F106-F107-F108-F109-F110-F111-F112-F113-F114-F115-F116-F117-F118-F119-F120-F121-F122-F123-F124-F125-F126-F127-F128-F129-F130-F131-F132-F133-F134-F135-F136-F137-F138-F139-F140-F141-F142-F143-F144-F145-F146-F147-F148-F149-F150-F151-F152-F153-F154-F155-F156-F157-F158-F159-F160-F161-F162-F163-F164-F165-F166-F167-F168-F169-F170-F171-F172-F173-F174-F175-F176-F177-F178-F179-F180-F181-F182-F183-F184-F185-F186-F187-F188-F189-F190-F191-F192-F193-F194-F195-F196-F197-F198-F199-F200-F201-F202-F203-F204-F205-F206-F207-F208-F209-F210-F211-F212-F213-F214-F215-F216-F217-F218-F219-F220-F221-F222-F223-F224-F225-F226-F227-F228-F229-F230-F231-F232-F233-F234-F235-F236-F237-F238-F239-F240-F241-F242-F243-F244-F245-F246-F247-F248-F249-F250-F251-F252-F253-F254-F255-F256-F257-F258-F259-F260-F261-F262-F263-F264-F265-F266-F267-F268-F269-F270-F271-F272-F273-F274-F275-F276-F277-F278-F279-F280-F281-F282-F283-F284-F285-F286-F287-F288-F289-F290-F291-F292-F293-F294-F295-F296-F297-F298-F299-F300-F301-F302-F303-F304-F305-F306-F307-F308-F309-F310-F311-F312-F313-F314-F315-F316-F317-F318-F319-F320-F321-F322-F323-F324-F325-F326-F327-F328-F329-F330-F331-F332-F333-F334-F335-F336-F337-F338-F339-F340-F341-F342-F343-F344-F345-F346-F347-F348-F349-F350-F351-F352-F353-F354-F355-F356-F357-F358-F359-F360-F361-F362-F363-F364-F365-F366-F367-F368-F369-F370-F371-F372-F373-F374-F375-F376-F377-F378-F379-F380-F381-F382-F383-F384-F385-F386-F387-F388-F389-F390-F391-F392-F393-F394-F395-F396-F397-F398-F399-F400-F401-F402-F403-F404-F405-F406-F407-F408-F409-F410-F411-F412-F413-F414-F415-F416-F417-F418-F419-F420-F421-F422-F423-F424-F425-F426-F427-F428-F429-F430-F431-F432-F433-F434-F435-F436-F437-F438-F439-F440-F441-F442-F443-F444-F445-F446-F447-F448-F449-F450-F451-F452-F453-F454-F455-F456-F457-F458-F459-F460-F461-F462-F463-F464-F465-F466-F467-F468-F469-F470-F471-F472-F473-F474-F475-F476-F477-F478-F479-F480-F481-F482-F483-F484-F485-F486-F487-F488-F489-F490-F491-F492-F493-F494-F495-F496-E497502-F512

## Summary

Number of input bits: 512  
Number of free input bits: 14  
Number of output bits: 160

Number of direct occurrences: 57462  
Number of assignments: 31899  
Number of operations: 11238062
(xor: 11209619,
and: 14830,
or: 13613)

Total complexity: 5.030701786644852 × 10^301

Least occurring input variable: iv_505 (3931)  
Most occurring input variable: iv_510 (4278)

Most co-occurring input variables: iv_509-iv_510 (2133)  
Least co-occurring input variables: iv_499-iv_506 (1800)

Potentially most occurring input variable: iv_497/iv_510 (4591)  
Potentially least occurring input variable: iv_499/iv_508 (4094)

Least output occurring input variable: iv_497 (71)  
Most output occurring input variable: iv_498 (88)

Most output co-occurring input variables: iv_506-iv_508 (48)  
Least output co-occurring input variables: iv_497-iv_510 (32)

Potentially most output occurring input variable: iv_505/iv_507 (91)  
Potentially least output occurring input variable: iv_497/iv_503 (63)

Least complex input bit: iv_511 (9.488811719011803 × 10^297)  
Most complex input bit: iv_510 (1.2489855861614745 × 10^301)

Least complex output bit: aaa_76_29 (8.554312982735959 × 10^276)  
Most complex output bit: ov_001 (7.86485239246965 × 10^300)

Least complex input/output complexity: iv_511/aaa_76_29 (1.61349785221149 × 10^273)  
Most complex input/output complexity: iv_510/ov_001 (1.952627623756157 × 10^300)

## Input Bits

### Input Bits in Regular Order

| Input Bit | Complexity | Occurrences | Output Occurrences |
|:---------:|:----------:|:-----------:|:------------------:|
| iv_497 | 7.616664965029216 × 10^299 | 4227 | 71 |
| iv_498 | 8.870419723113678 × 10^298 | 3945 | 88 |
| iv_499 | 1.561101596018188 × 10^299 | 3956 | 81 |
| iv_500 | 2.6260612244668145 × 10^299 | 4131 | 76 |
| iv_501 | 4.413875942890413 × 10^299 | 4091 | 83 |
| iv_503 | 1.1387538883443993 × 10^300 | 4163 | 78 |
| iv_504 | 1.7704866484334323 × 10^300 | 3939 | 78 |
| iv_505 | 2.70330634239203 × 10^300 | 3931 | 79 |
| iv_506 | 4.058976160017397 × 10^300 | 3971 | 82 |
| iv_507 | 6.0011001002067766 × 10^300 | 4188 | 76 |
| iv_508 | 8.578194723529737 × 10^300 | 4160 | 86 |
| iv_509 | 1.1846380760119378 × 10^301 | 4256 | 80 |
| iv_510 | 1.2489855861614745 × 10^301 | 4278 | 74 |
| iv_511 | 9.488811719011803 × 10^297 | 4226 | 80 |

### Input Bits Sorted by Complexity

| Input Bit | Complexity | Occurrences | Output Occurrences |
|:---------:|:----------:|:-----------:|:------------------:|
| iv_511 | 9.488811719011803 × 10^297 | 4226 | 80 |
| iv_498 | 8.870419723113678 × 10^298 | 3945 | 88 |
| iv_499 | 1.561101596018188 × 10^299 | 3956 | 81 |
| iv_500 | 2.6260612244668145 × 10^299 | 4131 | 76 |
| iv_501 | 4.413875942890413 × 10^299 | 4091 | 83 |
| iv_497 | 7.616664965029216 × 10^299 | 4227 | 71 |
| iv_503 | 1.1387538883443993 × 10^300 | 4163 | 78 |
| iv_504 | 1.7704866484334323 × 10^300 | 3939 | 78 |
| iv_505 | 2.70330634239203 × 10^300 | 3931 | 79 |
| iv_506 | 4.058976160017397 × 10^300 | 3971 | 82 |
| iv_507 | 6.0011001002067766 × 10^300 | 4188 | 76 |
| iv_508 | 8.578194723529737 × 10^300 | 4160 | 86 |
| iv_509 | 1.1846380760119378 × 10^301 | 4256 | 80 |
| iv_510 | 1.2489855861614745 × 10^301 | 4278 | 74 |

### Input Bits Sorted by Occurrences

| Input Bit | Complexity | Occurrences | Output Occurrences |
|:---------:|:----------:|:-----------:|:------------------:|
| iv_505 | 2.70330634239203 × 10^300 | 3931 | 79 |
| iv_504 | 1.7704866484334323 × 10^300 | 3939 | 78 |
| iv_498 | 8.870419723113678 × 10^298 | 3945 | 88 |
| iv_499 | 1.561101596018188 × 10^299 | 3956 | 81 |
| iv_506 | 4.058976160017397 × 10^300 | 3971 | 82 |
| iv_501 | 4.413875942890413 × 10^299 | 4091 | 83 |
| iv_500 | 2.6260612244668145 × 10^299 | 4131 | 76 |
| iv_508 | 8.578194723529737 × 10^300 | 4160 | 86 |
| iv_503 | 1.1387538883443993 × 10^300 | 4163 | 78 |
| iv_507 | 6.0011001002067766 × 10^300 | 4188 | 76 |
| iv_511 | 9.488811719011803 × 10^297 | 4226 | 80 |
| iv_497 | 7.616664965029216 × 10^299 | 4227 | 71 |
| iv_509 | 1.1846380760119378 × 10^301 | 4256 | 80 |
| iv_510 | 1.2489855861614745 × 10^301 | 4278 | 74 |

### Input Bits Sorted by Output Occurrences

| Input Bit | Complexity | Occurrences | Output Occurrences |
|:---------:|:----------:|:-----------:|:------------------:|
| iv_497 | 7.616664965029216 × 10^299 | 4227 | 71 |
| iv_510 | 1.2489855861614745 × 10^301 | 4278 | 74 |
| iv_500 | 2.6260612244668145 × 10^299 | 4131 | 76 |
| iv_507 | 6.0011001002067766 × 10^300 | 4188 | 76 |
| iv_503 | 1.1387538883443993 × 10^300 | 4163 | 78 |
| iv_504 | 1.7704866484334323 × 10^300 | 3939 | 78 |
| iv_505 | 2.70330634239203 × 10^300 | 3931 | 79 |
| iv_509 | 1.1846380760119378 × 10^301 | 4256 | 80 |
| iv_511 | 9.488811719011803 × 10^297 | 4226 | 80 |
| iv_499 | 1.561101596018188 × 10^299 | 3956 | 81 |
| iv_506 | 4.058976160017397 × 10^300 | 3971 | 82 |
| iv_501 | 4.413875942890413 × 10^299 | 4091 | 83 |
| iv_508 | 8.578194723529737 × 10^300 | 4160 | 86 |
| iv_498 | 8.870419723113678 × 10^298 | 3945 | 88 |

## Input Bit Co-occurrences

### Input Bit Co-occurrences Sorted by Co-occurrences

| Input Bits | Co-occurrences | Potential Occurrences | Output Co-occurrences | Potential Output Occurrences |
|:----------:|:--------------:|:---------------------:|:---------------------:|:----------------------------:|
| iv_509-iv_510 | 2133 | 4268 | 37 | 80 |
| iv_497-iv_503 | 2115 | 4160 | 43 | 63 |
| iv_500-iv_511 | 2081 | 4195 | 38 | 80 |
| iv_509-iv_511 | 2080 | 4322 | 37 | 86 |
| iv_510-iv_511 | 2078 | 4348 | 39 | 76 |
| iv_507-iv_508 | 2073 | 4202 | 44 | 74 |
| iv_508-iv_511 | 2073 | 4240 | 43 | 80 |
| iv_500-iv_510 | 2060 | 4289 | 38 | 74 |
| iv_508-iv_509 | 2057 | 4302 | 41 | 84 |
| iv_508-iv_510 | 2055 | 4328 | 36 | 88 |
| iv_501-iv_509 | 2039 | 4269 | 45 | 73 |
| iv_497-iv_507 | 2037 | 4341 | 34 | 79 |
| iv_507-iv_509 | 2036 | 4372 | 38 | 80 |
| iv_501-iv_511 | 2034 | 4249 | 39 | 85 |

### Input Bit Co-occurrences Sorted by Potential Occurrences

| Input Bits | Co-occurrences | Potential Occurrences | Output Co-occurrences | Potential Output Occurrences |
|:----------:|:--------------:|:---------------------:|:---------------------:|:----------------------------:|
| iv_499-iv_508 | 2011 | 4094 | 46 | 75 |
| iv_504-iv_508 | 1990 | 4119 | 43 | 78 |
| iv_504-iv_506 | 1878 | 4154 | 42 | 76 |
| iv_499-iv_504 | 1868 | 4159 | 38 | 83 |
| iv_497-iv_503 | 2115 | 4160 | 43 | 63 |
| iv_501-iv_505 | 1931 | 4160 | 45 | 72 |
| iv_506-iv_507 | 1997 | 4165 | 39 | 80 |
| iv_504-iv_505 | 1852 | 4166 | 41 | 75 |
| iv_499-iv_505 | 1858 | 4171 | 42 | 76 |
| iv_499-iv_501 | 1932 | 4183 | 44 | 76 |
| iv_499-iv_509 | 2011 | 4190 | 43 | 75 |
| iv_498-iv_504 | 1847 | 4190 | 46 | 74 |
| iv_500-iv_511 | 2081 | 4195 | 38 | 80 |
| iv_507-iv_508 | 2073 | 4202 | 44 | 74 |

### Input Bit Output Co-occurrences Sorted by Output Co-occurrences

| Input Bits | Co-occurrences | Potential Occurrences | Output Co-occurrences | Potential Output Occurrences |
|:----------:|:--------------:|:---------------------:|:---------------------:|:----------------------------:|
| iv_498-iv_499 | 1833 | 4235 | 48 | 73 |
| iv_498-iv_501 | 1873 | 4290 | 48 | 75 |
| iv_506-iv_508 | 1961 | 4209 | 48 | 72 |
| iv_498-iv_508 | 1943 | 4219 | 47 | 80 |
| iv_498-iv_504 | 1847 | 4190 | 46 | 74 |
| iv_499-iv_508 | 2011 | 4094 | 46 | 75 |
| iv_501-iv_505 | 1931 | 4160 | 45 | 72 |
| iv_501-iv_509 | 2039 | 4269 | 45 | 73 |
| iv_501-iv_508 | 1925 | 4401 | 44 | 81 |
| iv_505-iv_508 | 1923 | 4245 | 44 | 77 |
| iv_499-iv_501 | 1932 | 4183 | 44 | 76 |
| iv_501-iv_506 | 1866 | 4330 | 44 | 77 |
| iv_507-iv_508 | 2073 | 4202 | 44 | 74 |
| iv_497-iv_503 | 2115 | 4160 | 43 | 63 |

### Input Bit Output Co-occurrences Sorted by Potential Output Occurrences

| Input Bits | Co-occurrences | Potential Occurrences | Output Co-occurrences | Potential Output Occurrences |
|:----------:|:--------------:|:---------------------:|:---------------------:|:----------------------------:|
| iv_497-iv_503 | 2115 | 4160 | 43 | 63 |
| iv_497-iv_500 | 2008 | 4342 | 38 | 71 |
| iv_500-iv_505 | 1927 | 4208 | 42 | 71 |
| iv_501-iv_505 | 1931 | 4160 | 45 | 72 |
| iv_506-iv_508 | 1961 | 4209 | 48 | 72 |
| iv_497-iv_504 | 1919 | 4328 | 38 | 73 |
| iv_501-iv_509 | 2039 | 4269 | 45 | 73 |
| iv_503-iv_505 | 1931 | 4232 | 42 | 73 |
| iv_498-iv_499 | 1833 | 4235 | 48 | 73 |
| iv_499-iv_500 | 1899 | 4289 | 42 | 73 |
| iv_505-iv_510 | 1996 | 4217 | 40 | 73 |
| iv_498-iv_504 | 1847 | 4190 | 46 | 74 |
| iv_500-iv_510 | 2060 | 4289 | 38 | 74 |
| iv_507-iv_508 | 2073 | 4202 | 44 | 74 |

## Output Bits

### Output Bits in Regular Order

| Rank | Output Bit | Complexity |
|:----:|:----------:|:----------:|
| 1 | ov_001 | 7.86485239246965 × 10^300 |
| 2 | ov_002 | 6.843690781119149 × 10^300 |
| 3 | ov_003 | 5.9269260443678594 × 10^300 |
| 4 | ov_004 | 5.106728330449154 × 10^300 |
| 5 | ov_005 | 4.3756964028441926 × 10^300 |
| 6 | ov_006 | 3.726827420422605 × 10^300 |
| 7 | ov_007 | 3.153490655122206 × 10^300 |
| 8 | ov_008 | 2.6494047845018773 × 10^300 |
| 9 | ov_009 | 2.2086184158918194 × 10^300 |
| 10 | ov_010 | 1.8254935175564282 × 10^300 |
| 11 | ov_011 | 1.494691450401995 × 10^300 |
| 12 | ov_012 | 1.2111613114134593 × 10^300 |
| 13 | ov_013 | 9.701303172855878 × 10^299 |
| 14 | ov_014 | 7.670959737046276 × 10^299 |
| 15 | ov_015 | 5.978197925042651 × 10^299 |
| 16 | ov_016 | 4.5832233552069646 × 10^299 |
| 17 | ov_017 | 3.448793804512214 × 10^299 |
| 18 | ov_018 | 2.540190204150246 × 10^299 |
| 19 | ov_019 | 1.825195252512212 × 10^299 |
| 20 | ov_020 | 1.2740780888800205 × 10^299 |
| 21 | ov_021 | 8.595836339180163 × 10^298 |
| 22 | ov_022 | 5.569253656608673 × 10^298 |
| 23 | ov_023 | 3.437805087057179 × 10^298 |
| 24 | ov_024 | 2.0028690610940647 × 10^298 |
| 25 | ov_025 | 1.0904110480392787 × 10^298 |
| 26 | ov_026 | 5.5097306492233114 × 10^297 |
| 27 | ov_027 | 2.596687386116357 × 10^297 |
| 28 | ov_028 | 1.1618135805860256 × 10^297 |
| 29 | ov_029 | 4.476324707439413 × 10^296 |
| 30 | ov_030 | 1.3682793695162616 × 10^296 |
| 31 | ov_031 | 2.6683537184597713 × 10^295 |
| 32 | lv_80_m31 | 5.2026083318765786 × 10^294 |
| 33 | ov_033 | 6.264121110397349 × 10^295 |
| 34 | ov_034 | 5.439662881109362 × 10^295 |
| 35 | ov_035 | 4.700593772627478 × 10^295 |
| 36 | ov_036 | 4.0404564946929993 × 10^295 |
| 37 | ov_037 | 3.453146109130333 × 10^295 |
| 38 | ov_038 | 2.9328852759053506 × 10^295 |
| 39 | ov_039 | 2.474202749218636 × 10^295 |
| 40 | ov_040 | 2.0719148152686624 × 10^295 |
| 41 | ov_041 | 1.7211093821244885 × 10^295 |
| 42 | ov_042 | 1.4171324499767437 × 10^295 |
| 43 | ov_043 | 1.1555767070057874 × 10^295 |
| 44 | ov_044 | 9.322720123259608 × 10^294 |
| 45 | ov_045 | 7.432775430359244 × 10^294 |
| 46 | ov_046 | 5.848753974209029 × 10^294 |
| 47 | ov_047 | 4.535654608994007 × 10^294 |
| 48 | ov_048 | 3.4606135546329845 × 10^294 |
| 49 | ov_049 | 2.5928730719741598 × 10^294 |
| 50 | ov_050 | 1.903757800464434 × 10^294 |
| 51 | ov_051 | 1.3666573737992174 × 10^294 |
| 52 | ov_052 | 9.570140613864422 × 10^293 |
| 53 | ov_053 | 6.52314314699222 × 10^293 |
| 54 | ov_054 | 4.320832280869217 × 10^293 |
| 55 | ov_055 | 2.7788105363151487 × 10^293 |
| 56 | ov_056 | 1.7330106884370494 × 10^293 |
| 57 | ov_057 | 1.0396830590351093 × 10^293 |
| 58 | ov_058 | 5.753883671329318 × 10^292 |
| 59 | ov_059 | 2.8348395156310484 × 10^292 |
| 60 | ov_060 | 1.1747995907686315 × 10^292 |
| 61 | ov_061 | 4.103892010689917 × 10^291 |
| 62 | ov_062 | 1.1258762458151411 × 10^291 |
| 63 | ov_063 | 2.194668211091552 × 10^290 |
| 64 | lv_79_m31 | 4.2772074495713544 × 10^289 |
| 65 | ov_065 | 5.1482542361542 × 10^290 |
| 66 | ov_066 | 5.148238961603831 × 10^290 |
| 67 | ov_067 | 5.148235223471665 × 10^290 |
| 68 | ov_068 | 4.464311374056257 × 10^290 |
| 69 | ov_069 | 3.852768452312935 × 10^290 |
| 70 | ov_070 | 3.3078197679593343 × 10^290 |
| 71 | ov_071 | 2.824034538112187 × 10^290 |
| 72 | ov_072 | 2.3963137926622582 × 10^290 |
| 73 | ov_073 | 2.0198684130140516 × 10^290 |
| 74 | ov_074 | 1.6901991904832865 × 10^290 |
| 75 | ov_075 | 1.4030787951352722 × 10^290 |
| 76 | ov_076 | 1.1545355495640667 × 10^290 |
| 77 | ov_077 | 9.408389051481605 × 10^289 |
| 78 | ov_078 | 7.584865207625961 × 10^289 |
| 79 | ov_079 | 6.04192845862858 × 10^289 |
| 80 | ov_080 | 4.748791113593563 × 10^289 |
| 81 | ov_081 | 3.676646328435877 × 10^289 |
| 82 | ov_082 | 2.798593315726176 × 10^289 |
| 83 | ov_083 | 2.0895737922584948 × 10^289 |
| 84 | ov_084 | 1.5263187286949137 × 10^289 |
| 85 | ov_085 | 1.0873044684592404 × 10^289 |
| 86 | ov_086 | 7.527172848715069 × 10^288 |
| 87 | ov_087 | 5.044254466575033 × 10^288 |
| 88 | ov_088 | 3.2595786266438416 × 10^288 |
| 89 | ov_089 | 2.0248837701715842 × 10^288 |
| 90 | ov_090 | 1.2082478616552788 × 10^288 |
| 91 | ov_091 | 6.9401649373443 × 10^287 |
| 92 | ov_092 | 3.827597200740263 × 10^287 |
| 93 | ov_093 | 1.912488677206218 × 10^287 |
| 94 | ov_094 | 8.191800729489165 × 10^286 |
| 95 | aaa_78_28 | 2.5294899425169225 × 10^286 |
| 96 | aaa_78_29 | 7.767906726120613 × 10^285 |
| 97 | ov_097 | 5.128129662719343 × 10^285 |
| 98 | ov_098 | 5.127975497267169 × 10^285 |
| 99 | ov_099 | 5.1279262099826146 × 10^285 |
| 100 | ov_100 | 4.613812651601048 × 10^285 |
| 101 | ov_101 | 4.137790583732541 × 10^285 |
| 102 | ov_102 | 3.697750172934057 × 10^285 |
| 103 | ov_103 | 3.2917347872475473 × 10^285 |
| 104 | ov_104 | 2.917921570305839 × 10^285 |
| 105 | ov_105 | 2.5746037556168135 × 10^285 |
| 106 | ov_106 | 2.2601746293771878 × 10^285 |
| 107 | ov_107 | 1.9731130536960707 × 10^285 |
| 108 | ov_108 | 1.7119704649982314 × 10^285 |
| 109 | ov_109 | 1.475359264710572 × 10^285 |
| 110 | ov_110 | 1.2619425211860532 × 10^285 |
| 111 | ov_111 | 1.0704249032574613 × 10^285 |
| 112 | ov_112 | 8.995447669041276 × 10^284 |
| 113 | ov_113 | 7.480673173179349 × 10^284 |
| 114 | ov_114 | 6.1477876922536194 × 10^284 |
| 115 | ov_115 | 4.984814287095367 × 10^284 |
| 116 | ov_116 | 3.97989620024619 × 10^284 |
| 117 | ov_117 | 3.121263810435331 × 10^284 |
| 118 | ov_118 | 2.397208510628479 × 10^284 |
| 119 | ov_119 | 1.796062747324231 × 10^284 |
| 120 | ov_120 | 1.3061854590076246 × 10^284 |
| 121 | ov_121 | 9.159521517985457 × 10^283 |
| 122 | ov_122 | 6.137485088443864 × 10^283 |
| 123 | ov_123 | 3.879661837116525 × 10^283 |
| 124 | ov_124 | 2.2699996006115365 × 10^283 |
| 125 | ov_125 | 1.192459900594519 × 10^283 |
| 126 | ov_126 | 5.310089467819128 × 10^282 |
| 127 | aaa_77_28 | 1.696141786016569 × 10^282 |
| 128 | aaa_77_29 | 6.361115986064955 × 10^281 |
| 129 | ov_129 | 5.9401534332935324 × 10^281 |
| 130 | ov_130 | 5.940136755016181 × 10^281 |
| 131 | ov_131 | 5.940132717108335 × 10^281 |
| 132 | ov_132 | 5.1644610385912494 × 10^281 |
| 133 | ov_133 | 4.466005922884196 × 10^281 |
| 134 | ov_134 | 3.841671163680523 × 10^281 |
| 135 | ov_135 | 3.285762333116875 × 10^281 |
| 136 | ov_136 | 2.7928894875400172 × 10^281 |
| 137 | ov_137 | 2.3579469167291727 × 10^281 |
| 138 | ov_138 | 1.9760957015464937 × 10^281 |
| 139 | ov_139 | 1.6427488092787279 × 10^281 |
| 140 | ov_140 | 1.3535584702861586 × 10^281 |
| 141 | ov_141 | 1.1044055935433735 × 10^281 |
| 142 | ov_142 | 8.913909923252257 × 10^280 |
| 143 | ov_143 | 7.108282047323604 × 10^280 |
| 144 | ov_144 | 5.59237707023589 × 10^280 |
| 145 | ov_145 | 4.333423308755747 × 10^280 |
| 146 | ov_146 | 3.3006370876198007 × 10^280 |
| 147 | ov_147 | 2.465195846631281 × 10^280 |
| 148 | ov_148 | 1.8002184030382748 × 10^280 |
| 149 | ov_149 | 1.2807510008448115 × 10^280 |
| 150 | ov_150 | 8.83757908267137 × 10^279 |
| 151 | ov_151 | 5.881154540372172 × 10^279 |
| 152 | ov_152 | 3.7460852269891974 × 10^279 |
| 153 | ov_153 | 2.2592865845629247 × 10^279 |
| 154 | ov_154 | 1.266730854214728 × 10^279 |
| 155 | ov_155 | 6.3344178775696405 × 10^278 |
| 156 | aaa_76_25 | 2.434917686420267 × 10^278 |
| 157 | aaa_76_26 | 1.4071225883838886 × 10^278 |
| 158 | aaa_76_27 | 7.208851596059656 × 10^277 |
| 159 | aaa_76_28 | 2.809761338680482 × 10^277 |
| 160 | aaa_76_29 | 8.554312982735959 × 10^276 |

### Output Bits Sorted by Complexity

| Rank | Output Bit | Complexity |
|:----:|:----------:|:----------:|
| 160 | aaa_76_29 | 8.554312982735959 × 10^276 |
| 159 | aaa_76_28 | 2.809761338680482 × 10^277 |
| 158 | aaa_76_27 | 7.208851596059656 × 10^277 |
| 157 | aaa_76_26 | 1.4071225883838886 × 10^278 |
| 156 | aaa_76_25 | 2.434917686420267 × 10^278 |
| 155 | ov_155 | 6.3344178775696405 × 10^278 |
| 154 | ov_154 | 1.266730854214728 × 10^279 |
| 153 | ov_153 | 2.2592865845629247 × 10^279 |
| 152 | ov_152 | 3.7460852269891974 × 10^279 |
| 151 | ov_151 | 5.881154540372172 × 10^279 |
| 150 | ov_150 | 8.83757908267137 × 10^279 |
| 149 | ov_149 | 1.2807510008448115 × 10^280 |
| 148 | ov_148 | 1.8002184030382748 × 10^280 |
| 147 | ov_147 | 2.465195846631281 × 10^280 |
| 146 | ov_146 | 3.3006370876198007 × 10^280 |
| 145 | ov_145 | 4.333423308755747 × 10^280 |
| 144 | ov_144 | 5.59237707023589 × 10^280 |
| 143 | ov_143 | 7.108282047323604 × 10^280 |
| 142 | ov_142 | 8.913909923252257 × 10^280 |
| 141 | ov_141 | 1.1044055935433735 × 10^281 |
| 140 | ov_140 | 1.3535584702861586 × 10^281 |
| 139 | ov_139 | 1.6427488092787279 × 10^281 |
| 138 | ov_138 | 1.9760957015464937 × 10^281 |
| 137 | ov_137 | 2.3579469167291727 × 10^281 |
| 136 | ov_136 | 2.7928894875400172 × 10^281 |
| 135 | ov_135 | 3.285762333116875 × 10^281 |
| 134 | ov_134 | 3.841671163680523 × 10^281 |
| 133 | ov_133 | 4.466005922884196 × 10^281 |
| 132 | ov_132 | 5.1644610385912494 × 10^281 |
| 131 | ov_131 | 5.940132717108335 × 10^281 |
| 130 | ov_130 | 5.940136755016181 × 10^281 |
| 129 | ov_129 | 5.9401534332935324 × 10^281 |
| 128 | aaa_77_29 | 6.361115986064955 × 10^281 |
| 127 | aaa_77_28 | 1.696141786016569 × 10^282 |
| 126 | ov_126 | 5.310089467819128 × 10^282 |
| 125 | ov_125 | 1.192459900594519 × 10^283 |
| 124 | ov_124 | 2.2699996006115365 × 10^283 |
| 123 | ov_123 | 3.879661837116525 × 10^283 |
| 122 | ov_122 | 6.137485088443864 × 10^283 |
| 121 | ov_121 | 9.159521517985457 × 10^283 |
| 120 | ov_120 | 1.3061854590076246 × 10^284 |
| 119 | ov_119 | 1.796062747324231 × 10^284 |
| 118 | ov_118 | 2.397208510628479 × 10^284 |
| 117 | ov_117 | 3.121263810435331 × 10^284 |
| 116 | ov_116 | 3.97989620024619 × 10^284 |
| 115 | ov_115 | 4.984814287095367 × 10^284 |
| 114 | ov_114 | 6.1477876922536194 × 10^284 |
| 113 | ov_113 | 7.480673173179349 × 10^284 |
| 112 | ov_112 | 8.995447669041276 × 10^284 |
| 111 | ov_111 | 1.0704249032574613 × 10^285 |
| 110 | ov_110 | 1.2619425211860532 × 10^285 |
| 109 | ov_109 | 1.475359264710572 × 10^285 |
| 108 | ov_108 | 1.7119704649982314 × 10^285 |
| 107 | ov_107 | 1.9731130536960707 × 10^285 |
| 106 | ov_106 | 2.2601746293771878 × 10^285 |
| 105 | ov_105 | 2.5746037556168135 × 10^285 |
| 104 | ov_104 | 2.917921570305839 × 10^285 |
| 103 | ov_103 | 3.2917347872475473 × 10^285 |
| 102 | ov_102 | 3.697750172934057 × 10^285 |
| 101 | ov_101 | 4.137790583732541 × 10^285 |
| 100 | ov_100 | 4.613812651601048 × 10^285 |
| 99 | ov_099 | 5.1279262099826146 × 10^285 |
| 98 | ov_098 | 5.127975497267169 × 10^285 |
| 97 | ov_097 | 5.128129662719343 × 10^285 |
| 96 | aaa_78_29 | 7.767906726120613 × 10^285 |
| 95 | aaa_78_28 | 2.5294899425169225 × 10^286 |
| 94 | ov_094 | 8.191800729489165 × 10^286 |
| 93 | ov_093 | 1.912488677206218 × 10^287 |
| 92 | ov_092 | 3.827597200740263 × 10^287 |
| 91 | ov_091 | 6.9401649373443 × 10^287 |
| 90 | ov_090 | 1.2082478616552788 × 10^288 |
| 89 | ov_089 | 2.0248837701715842 × 10^288 |
| 88 | ov_088 | 3.2595786266438416 × 10^288 |
| 87 | ov_087 | 5.044254466575033 × 10^288 |
| 86 | ov_086 | 7.527172848715069 × 10^288 |
| 85 | ov_085 | 1.0873044684592404 × 10^289 |
| 84 | ov_084 | 1.5263187286949137 × 10^289 |
| 83 | ov_083 | 2.0895737922584948 × 10^289 |
| 82 | ov_082 | 2.798593315726176 × 10^289 |
| 81 | ov_081 | 3.676646328435877 × 10^289 |
| 64 | lv_79_m31 | 4.2772074495713544 × 10^289 |
| 80 | ov_080 | 4.748791113593563 × 10^289 |
| 79 | ov_079 | 6.04192845862858 × 10^289 |
| 78 | ov_078 | 7.584865207625961 × 10^289 |
| 77 | ov_077 | 9.408389051481605 × 10^289 |
| 76 | ov_076 | 1.1545355495640667 × 10^290 |
| 75 | ov_075 | 1.4030787951352722 × 10^290 |
| 74 | ov_074 | 1.6901991904832865 × 10^290 |
| 73 | ov_073 | 2.0198684130140516 × 10^290 |
| 63 | ov_063 | 2.194668211091552 × 10^290 |
| 72 | ov_072 | 2.3963137926622582 × 10^290 |
| 71 | ov_071 | 2.824034538112187 × 10^290 |
| 70 | ov_070 | 3.3078197679593343 × 10^290 |
| 69 | ov_069 | 3.852768452312935 × 10^290 |
| 68 | ov_068 | 4.464311374056257 × 10^290 |
| 67 | ov_067 | 5.148235223471665 × 10^290 |
| 66 | ov_066 | 5.148238961603831 × 10^290 |
| 65 | ov_065 | 5.1482542361542 × 10^290 |
| 62 | ov_062 | 1.1258762458151411 × 10^291 |
| 61 | ov_061 | 4.103892010689917 × 10^291 |
| 60 | ov_060 | 1.1747995907686315 × 10^292 |
| 59 | ov_059 | 2.8348395156310484 × 10^292 |
| 58 | ov_058 | 5.753883671329318 × 10^292 |
| 57 | ov_057 | 1.0396830590351093 × 10^293 |
| 56 | ov_056 | 1.7330106884370494 × 10^293 |
| 55 | ov_055 | 2.7788105363151487 × 10^293 |
| 54 | ov_054 | 4.320832280869217 × 10^293 |
| 53 | ov_053 | 6.52314314699222 × 10^293 |
| 52 | ov_052 | 9.570140613864422 × 10^293 |
| 51 | ov_051 | 1.3666573737992174 × 10^294 |
| 50 | ov_050 | 1.903757800464434 × 10^294 |
| 49 | ov_049 | 2.5928730719741598 × 10^294 |
| 48 | ov_048 | 3.4606135546329845 × 10^294 |
| 47 | ov_047 | 4.535654608994007 × 10^294 |
| 32 | lv_80_m31 | 5.2026083318765786 × 10^294 |
| 46 | ov_046 | 5.848753974209029 × 10^294 |
| 45 | ov_045 | 7.432775430359244 × 10^294 |
| 44 | ov_044 | 9.322720123259608 × 10^294 |
| 43 | ov_043 | 1.1555767070057874 × 10^295 |
| 42 | ov_042 | 1.4171324499767437 × 10^295 |
| 41 | ov_041 | 1.7211093821244885 × 10^295 |
| 40 | ov_040 | 2.0719148152686624 × 10^295 |
| 39 | ov_039 | 2.474202749218636 × 10^295 |
| 31 | ov_031 | 2.6683537184597713 × 10^295 |
| 38 | ov_038 | 2.9328852759053506 × 10^295 |
| 37 | ov_037 | 3.453146109130333 × 10^295 |
| 36 | ov_036 | 4.0404564946929993 × 10^295 |
| 35 | ov_035 | 4.700593772627478 × 10^295 |
| 34 | ov_034 | 5.439662881109362 × 10^295 |
| 33 | ov_033 | 6.264121110397349 × 10^295 |
| 30 | ov_030 | 1.3682793695162616 × 10^296 |
| 29 | ov_029 | 4.476324707439413 × 10^296 |
| 28 | ov_028 | 1.1618135805860256 × 10^297 |
| 27 | ov_027 | 2.596687386116357 × 10^297 |
| 26 | ov_026 | 5.5097306492233114 × 10^297 |
| 25 | ov_025 | 1.0904110480392787 × 10^298 |
| 24 | ov_024 | 2.0028690610940647 × 10^298 |
| 23 | ov_023 | 3.437805087057179 × 10^298 |
| 22 | ov_022 | 5.569253656608673 × 10^298 |
| 21 | ov_021 | 8.595836339180163 × 10^298 |
| 20 | ov_020 | 1.2740780888800205 × 10^299 |
| 19 | ov_019 | 1.825195252512212 × 10^299 |
| 18 | ov_018 | 2.540190204150246 × 10^299 |
| 17 | ov_017 | 3.448793804512214 × 10^299 |
| 16 | ov_016 | 4.5832233552069646 × 10^299 |
| 15 | ov_015 | 5.978197925042651 × 10^299 |
| 14 | ov_014 | 7.670959737046276 × 10^299 |
| 13 | ov_013 | 9.701303172855878 × 10^299 |
| 12 | ov_012 | 1.2111613114134593 × 10^300 |
| 11 | ov_011 | 1.494691450401995 × 10^300 |
| 10 | ov_010 | 1.8254935175564282 × 10^300 |
| 9 | ov_009 | 2.2086184158918194 × 10^300 |
| 8 | ov_008 | 2.6494047845018773 × 10^300 |
| 7 | ov_007 | 3.153490655122206 × 10^300 |
| 6 | ov_006 | 3.726827420422605 × 10^300 |
| 5 | ov_005 | 4.3756964028441926 × 10^300 |
| 4 | ov_004 | 5.106728330449154 × 10^300 |
| 3 | ov_003 | 5.9269260443678594 × 10^300 |
| 2 | ov_002 | 6.843690781119149 × 10^300 |
| 1 | ov_001 | 7.86485239246965 × 10^300 |

