# Results for F001-F002-F003-F004-F005-F006-F007-F008-F009-F010-F011-F012-F013-F014-F015-F016-F017-F018-F019-F020-F021-F022-F023-F024-F025-F026-F027-F028-F029-F030-F031-F032-F033-F034-F035-F036-F037-F038-F039-F040-F041-F042-F043-F044-F045-F046-F047-F048-F049-F050-F051-F052-F053-F054-F055-F056-F057-F058-F059-F060-F061-F062-F063-F064-F065-F066-F067-F068-F069-F070-F071-F072-F073-F074-F075-F076-F077-F078-F079-F080-F081-F082-F083-F084-F085-F086-F087-F088-F089-F090-F091-F092-F093-F094-F095-F096-F097-F098-F099-F100-F101-F102-F103-F104-F105-F106-F107-F108-F109-F110-F111-F112-F113-F114-F115-F116-F117-F118-F119-F120-F121-F122-F123-F124-F125-F126-F127-F128-F129-F130-F131-F132-F133-F134-F135-F136-F137-F138-F139-F140-F141-F142-F143-F144-F145-F146-F147-F148-F149-F150-F151-F152-F153-F154-F155-F156-F157-F158-F159-F160-F161-F162-F163-F164-F165-F166-F167-F168-F169-F170-F171-F172-F173-F174-F175-F176-F177-F178-F179-F180-F181-F182-F183-F184-F185-F186-F187-F188-F189-F190-F191-F192-F193-F194-F195-F196-F197-F198-F199-F200-F201-F202-F203-F204-F205-F206-F207-F208-F209-F210-F211-F212-F213-F214-F215-F216-F217-F218-F219-F220-F221-F222-F223-F224-F225-F226-F227-F228-F229-F230-F231-F232-F233-F234-F235-F236-F237-F238-F239-F240-F241-F242-F243-F244-F245-F246-F247-F248-F249-F250-F251-F252-F253-F254-F255-F256-F257-F258-F259-F260-F261-F262-F263-F264-F265-F266-F267-F268-F269-F270-F271-F272-F273-F274-F275-F276-F277-F278-F279-F280-F281-F282-F283-F284-F285-F286-F287-F288-F289-F290-F291-F292-F293-F294-F295-F296-F297-F298-F299-F300-F301-F302-F303-F304-F305-F306-F307-F308-F309-F310-F311-F312-F313-F314-F315-F316-F317-F318-F319-F320-F321-F322-F323-F324-F325-F326-F327-F328-F329-F330-F331-F332-F333-F334-F335-F336-F337-F338-F339-F340-F341-F342-F343-F344-F345-F346-F347-F348-F349-F350-F351-F352-F353-F354-F355-F356-F357-F358-F359-F360-F361-F362-F363-F364-F365-F366-F367-F368-F369-F370-F371-F372-F373-F374-F375-F376-F377-F378-F379-F380-F381-F382-F383-F384-F385-F386-F387-F388-F389-F390-F391-F392-F393-F394-F395-F396-F397-F398-F399-F400-F401-F402-F403-F404-F405-F406-F407-F408-F409-F410-F411-F412-F413-F414-F415-F416-F417-F418-F419-F420-F421-F422-F423-F424-F425-F426-F427-F428-F429-F430-F431-F432-F433-F434-F435-F436-F437-F438-F439-F440-F441-F442-F443-F444-F445-F446-F447-F448-F449-F450-F451-F452-F453-F454-F455-F456-F457-F458-F459-F460-F461-F462-F463-F464-F465-F466-F467-F468-F469-F470-F471-F472-F473-F474-F475-F476-F477-F478-F479-F480-F481-F482-F483-F484-F485-F486-F487-F488-F489-F490-F491-F492-F493-F494-F495-F496-O503504-E507512

## Summary

Number of input bits: 512  
Number of free input bits: 14  
Number of output bits: 160

Number of direct occurrences: 58244  
Number of assignments: 32343  
Number of operations: 11604255
(xor: 11575278,
and: 15233,
or: 13744)

Total complexity: 7.752948936162179 × 10^305

Least occurring input variable: iv_505 (3952)  
Most occurring input variable: iv_503 (4395)

Most co-occurring input variables: iv_502-iv_503 (2131)  
Least co-occurring input variables: iv_498-iv_505 (1805)

Potentially most occurring input variable: iv_507/iv_509 (4667)  
Potentially least occurring input variable: iv_501/iv_502 (4114)

Least output occurring input variable: iv_511 (72)  
Most output occurring input variable: iv_510 (99)

Most output co-occurring input variables: iv_497-iv_510 (56)  
Least output co-occurring input variables: iv_505-iv_509 (26)

Potentially most output occurring input variable: iv_505/iv_509 (100)  
Potentially least output occurring input variable: iv_499/iv_508 (63)

Least complex input bit: iv_497 (6.040010013943926 × 10^302)  
Most complex input bit: iv_510 (2.0004495175804846 × 10^305)

Least complex output bit: aaa_76_29 (2.388831457925551 × 10^280)  
Most complex output bit: ov_001 (1.2062399434525028 × 10^305)

Least complex input/output complexity: iv_497/aaa_76_29 (1.8610423009746953 × 10^277)  
Most complex input/output complexity: iv_510/ov_001 (3.112392629997571 × 10^304)

## Input Bits

### Input Bits in Regular Order

| Input Bit | Complexity | Occurrences | Output Occurrences |
|:---------:|:----------:|:-----------:|:------------------:|
| iv_497 | 6.040010013943926 × 10^302 | 4191 | 93 |
| iv_498 | 1.218399548854186 × 10^303 | 3975 | 76 |
| iv_499 | 2.1692872791888217 × 10^303 | 4222 | 86 |
| iv_500 | 3.674262399031567 × 10^303 | 4131 | 84 |
| iv_501 | 6.26521763112617 × 10^303 | 4154 | 77 |
| iv_502 | 1.0183405443079939 × 10^304 | 4206 | 78 |
| iv_503 | 2.0453468594701338 × 10^304 | 4395 | 85 |
| iv_505 | 2.722250448040133 × 10^304 | 3952 | 72 |
| iv_506 | 4.5390593205497845 × 10^304 | 4080 | 76 |
| iv_507 | 1.429429370371498 × 10^305 | 4388 | 73 |
| iv_508 | 1.0504942708347093 × 10^305 | 4043 | 75 |
| iv_509 | 1.478179425986972 × 10^305 | 4075 | 80 |
| iv_510 | 2.0004495175804846 × 10^305 | 4232 | 99 |
| iv_511 | 6.225849555557645 × 10^304 | 4200 | 72 |

### Input Bits Sorted by Complexity

| Input Bit | Complexity | Occurrences | Output Occurrences |
|:---------:|:----------:|:-----------:|:------------------:|
| iv_497 | 6.040010013943926 × 10^302 | 4191 | 93 |
| iv_498 | 1.218399548854186 × 10^303 | 3975 | 76 |
| iv_499 | 2.1692872791888217 × 10^303 | 4222 | 86 |
| iv_500 | 3.674262399031567 × 10^303 | 4131 | 84 |
| iv_501 | 6.26521763112617 × 10^303 | 4154 | 77 |
| iv_502 | 1.0183405443079939 × 10^304 | 4206 | 78 |
| iv_503 | 2.0453468594701338 × 10^304 | 4395 | 85 |
| iv_505 | 2.722250448040133 × 10^304 | 3952 | 72 |
| iv_506 | 4.5390593205497845 × 10^304 | 4080 | 76 |
| iv_511 | 6.225849555557645 × 10^304 | 4200 | 72 |
| iv_508 | 1.0504942708347093 × 10^305 | 4043 | 75 |
| iv_507 | 1.429429370371498 × 10^305 | 4388 | 73 |
| iv_509 | 1.478179425986972 × 10^305 | 4075 | 80 |
| iv_510 | 2.0004495175804846 × 10^305 | 4232 | 99 |

### Input Bits Sorted by Occurrences

| Input Bit | Complexity | Occurrences | Output Occurrences |
|:---------:|:----------:|:-----------:|:------------------:|
| iv_505 | 2.722250448040133 × 10^304 | 3952 | 72 |
| iv_498 | 1.218399548854186 × 10^303 | 3975 | 76 |
| iv_508 | 1.0504942708347093 × 10^305 | 4043 | 75 |
| iv_509 | 1.478179425986972 × 10^305 | 4075 | 80 |
| iv_506 | 4.5390593205497845 × 10^304 | 4080 | 76 |
| iv_500 | 3.674262399031567 × 10^303 | 4131 | 84 |
| iv_501 | 6.26521763112617 × 10^303 | 4154 | 77 |
| iv_497 | 6.040010013943926 × 10^302 | 4191 | 93 |
| iv_511 | 6.225849555557645 × 10^304 | 4200 | 72 |
| iv_502 | 1.0183405443079939 × 10^304 | 4206 | 78 |
| iv_499 | 2.1692872791888217 × 10^303 | 4222 | 86 |
| iv_510 | 2.0004495175804846 × 10^305 | 4232 | 99 |
| iv_507 | 1.429429370371498 × 10^305 | 4388 | 73 |
| iv_503 | 2.0453468594701338 × 10^304 | 4395 | 85 |

### Input Bits Sorted by Output Occurrences

| Input Bit | Complexity | Occurrences | Output Occurrences |
|:---------:|:----------:|:-----------:|:------------------:|
| iv_511 | 6.225849555557645 × 10^304 | 4200 | 72 |
| iv_505 | 2.722250448040133 × 10^304 | 3952 | 72 |
| iv_507 | 1.429429370371498 × 10^305 | 4388 | 73 |
| iv_508 | 1.0504942708347093 × 10^305 | 4043 | 75 |
| iv_498 | 1.218399548854186 × 10^303 | 3975 | 76 |
| iv_506 | 4.5390593205497845 × 10^304 | 4080 | 76 |
| iv_501 | 6.26521763112617 × 10^303 | 4154 | 77 |
| iv_502 | 1.0183405443079939 × 10^304 | 4206 | 78 |
| iv_509 | 1.478179425986972 × 10^305 | 4075 | 80 |
| iv_500 | 3.674262399031567 × 10^303 | 4131 | 84 |
| iv_503 | 2.0453468594701338 × 10^304 | 4395 | 85 |
| iv_499 | 2.1692872791888217 × 10^303 | 4222 | 86 |
| iv_497 | 6.040010013943926 × 10^302 | 4191 | 93 |
| iv_510 | 2.0004495175804846 × 10^305 | 4232 | 99 |

## Input Bit Co-occurrences

### Input Bit Co-occurrences Sorted by Co-occurrences

| Input Bits | Co-occurrences | Potential Occurrences | Output Co-occurrences | Potential Output Occurrences |
|:----------:|:--------------:|:---------------------:|:---------------------:|:----------------------------:|
| iv_502-iv_503 | 2131 | 4339 | 43 | 77 |
| iv_501-iv_502 | 2123 | 4114 | 37 | 81 |
| iv_499-iv_510 | 2107 | 4240 | 53 | 79 |
| iv_499-iv_503 | 2102 | 4413 | 46 | 79 |
| iv_497-iv_503 | 2085 | 4416 | 49 | 80 |
| iv_503-iv_507 | 2082 | 4619 | 37 | 84 |
| iv_497-iv_499 | 2068 | 4277 | 46 | 87 |
| iv_502-iv_510 | 2067 | 4304 | 49 | 79 |
| iv_499-iv_511 | 2067 | 4288 | 39 | 80 |
| iv_499-iv_508 | 2052 | 4161 | 49 | 63 |
| iv_503-iv_510 | 2050 | 4527 | 49 | 86 |
| iv_499-iv_502 | 2048 | 4332 | 38 | 88 |
| iv_503-iv_511 | 2046 | 4503 | 36 | 85 |
| iv_499-iv_509 | 2046 | 4205 | 38 | 90 |

### Input Bit Co-occurrences Sorted by Potential Occurrences

| Input Bits | Co-occurrences | Potential Occurrences | Output Co-occurrences | Potential Output Occurrences |
|:----------:|:--------------:|:---------------------:|:---------------------:|:----------------------------:|
| iv_501-iv_502 | 2123 | 4114 | 37 | 81 |
| iv_499-iv_508 | 2052 | 4161 | 49 | 63 |
| iv_498-iv_506 | 1941 | 4173 | 36 | 80 |
| iv_497-iv_509 | 2045 | 4176 | 50 | 73 |
| iv_506-iv_509 | 1981 | 4193 | 42 | 72 |
| iv_499-iv_509 | 2046 | 4205 | 38 | 90 |
| iv_499-iv_506 | 2042 | 4218 | 36 | 90 |
| iv_506-iv_510 | 2038 | 4236 | 47 | 81 |
| iv_506-iv_508 | 1942 | 4239 | 37 | 77 |
| iv_505-iv_508 | 1878 | 4239 | 39 | 69 |
| iv_499-iv_510 | 2107 | 4240 | 53 | 79 |
| iv_498-iv_508 | 1885 | 4248 | 33 | 85 |
| iv_498-iv_509 | 1901 | 4248 | 40 | 76 |
| iv_500-iv_508 | 1962 | 4250 | 42 | 75 |

### Input Bit Output Co-occurrences Sorted by Output Co-occurrences

| Input Bits | Co-occurrences | Potential Occurrences | Output Co-occurrences | Potential Output Occurrences |
|:----------:|:--------------:|:---------------------:|:---------------------:|:----------------------------:|
| iv_497-iv_510 | 1990 | 4443 | 56 | 80 |
| iv_499-iv_510 | 2107 | 4240 | 53 | 79 |
| iv_498-iv_510 | 1977 | 4253 | 52 | 71 |
| iv_500-iv_510 | 2024 | 4315 | 52 | 79 |
| iv_497-iv_509 | 2045 | 4176 | 50 | 73 |
| iv_502-iv_510 | 2067 | 4304 | 49 | 79 |
| iv_499-iv_508 | 2052 | 4161 | 49 | 63 |
| iv_497-iv_500 | 1990 | 4342 | 49 | 79 |
| iv_503-iv_510 | 2050 | 4527 | 49 | 86 |
| iv_497-iv_503 | 2085 | 4416 | 49 | 80 |
| iv_497-iv_498 | 1900 | 4366 | 48 | 73 |
| iv_507-iv_510 | 2009 | 4602 | 47 | 78 |
| iv_506-iv_510 | 2038 | 4236 | 47 | 81 |
| iv_499-iv_500 | 2025 | 4303 | 46 | 78 |

### Input Bit Output Co-occurrences Sorted by Potential Output Occurrences

| Input Bits | Co-occurrences | Potential Occurrences | Output Co-occurrences | Potential Output Occurrences |
|:----------:|:--------------:|:---------------------:|:---------------------:|:----------------------------:|
| iv_499-iv_508 | 2052 | 4161 | 49 | 63 |
| iv_501-iv_507 | 2038 | 4466 | 41 | 68 |
| iv_505-iv_508 | 1878 | 4239 | 39 | 69 |
| iv_498-iv_510 | 1977 | 4253 | 52 | 71 |
| iv_502-iv_509 | 1955 | 4371 | 43 | 72 |
| iv_503-iv_508 | 2036 | 4366 | 44 | 72 |
| iv_505-iv_506 | 1834 | 4364 | 38 | 72 |
| iv_506-iv_509 | 1981 | 4193 | 42 | 72 |
| iv_497-iv_498 | 1900 | 4366 | 48 | 73 |
| iv_500-iv_507 | 1971 | 4577 | 42 | 73 |
| iv_497-iv_509 | 2045 | 4176 | 50 | 73 |
| iv_498-iv_502 | 1875 | 4431 | 40 | 74 |
| iv_499-iv_501 | 2013 | 4350 | 44 | 75 |
| iv_500-iv_501 | 1959 | 4367 | 43 | 75 |

## Output Bits

### Output Bits in Regular Order

| Rank | Output Bit | Complexity |
|:----:|:----------:|:----------:|
| 1 | ov_001 | 1.2062399434525028 × 10^305 |
| 2 | ov_002 | 1.0502629061446666 × 10^305 |
| 3 | ov_003 | 9.101883782913717 × 10^304 |
| 4 | ov_004 | 7.848238229967139 × 10^304 |
| 5 | ov_005 | 6.730422586736602 × 10^304 |
| 6 | ov_006 | 5.737776434315733 × 10^304 |
| 7 | ov_007 | 4.860208537842683 × 10^304 |
| 8 | ov_008 | 4.088162034006371 × 10^304 |
| 9 | ov_009 | 3.412584505385086 × 10^304 |
| 10 | ov_010 | 2.8249024561267224 × 10^304 |
| 11 | ov_011 | 2.3169997306897142 × 10^304 |
| 12 | ov_012 | 1.8811994438478056 × 10^304 |
| 13 | ov_013 | 1.510249016064988 × 10^304 |
| 14 | ov_014 | 1.1973079337928528 × 10^304 |
| 15 | ov_015 | 9.359378793361957 × 10^303 |
| 16 | ov_016 | 7.200948997609038 × 10^303 |
| 17 | ov_017 | 5.441233089521962 × 10^303 |
| 18 | ov_018 | 4.027510414279054 × 10^303 |
| 19 | ov_019 | 2.910862009146561 × 10^303 |
| 20 | ov_020 | 2.0461457103734398 × 10^303 |
| 21 | ov_021 | 1.3919787977746031 × 10^303 |
| 22 | ov_022 | 9.107263363900514 × 10^302 |
| 23 | ov_023 | 5.684936173161794 × 10^302 |
| 24 | ov_024 | 3.3512139682590363 × 10^302 |
| 25 | ov_025 | 1.8418302347480913 × 10^302 |
| 26 | ov_026 | 9.29828629041246 × 10^301 |
| 27 | ov_027 | 4.2555555878516563 × 10^301 |
| 28 | ov_028 | 1.766572537259949 × 10^301 |
| 29 | ov_029 | 6.807882170328016 × 10^300 |
| 30 | ov_030 | 2.0814202061620066 × 10^300 |
| 31 | ov_031 | 4.060109775152377 × 10^299 |
| 32 | lv_80_m31 | 7.918223333709099 × 10^298 |
| 33 | ov_033 | 9.575942277444665 × 10^299 |
| 34 | ov_034 | 8.326131574542915 × 10^299 |
| 35 | ov_035 | 7.204831380080447 × 10^299 |
| 36 | ov_036 | 6.202350186489896 × 10^299 |
| 37 | ov_037 | 5.309529745003456 × 10^299 |
| 38 | ov_038 | 4.5177074115848385 × 10^299 |
| 39 | ov_039 | 3.818683332566659 × 10^299 |
| 40 | ov_040 | 3.2046920332470717 × 10^299 |
| 41 | ov_041 | 2.6683779944517784 × 10^299 |
| 42 | ov_042 | 2.2027748234316182 × 10^299 |
| 43 | ov_043 | 1.8012876465360509 × 10^299 |
| 44 | ov_044 | 1.4576783719432325 × 10^299 |
| 45 | ov_045 | 1.1660534913803452 × 10^299 |
| 46 | ov_046 | 9.20854110263458 × 10^298 |
| 47 | ov_047 | 7.168479160492807 × 10^298 |
| 48 | ov_048 | 5.49122814843926 × 10^298 |
| 49 | ov_049 | 4.130819864763858 × 10^298 |
| 50 | ov_050 | 3.0444012833484925 × 10^298 |
| 51 | ov_051 | 2.1922067829818475 × 10^298 |
| 52 | ov_052 | 1.5375382708709406 × 10^298 |
| 53 | ov_053 | 1.0467515032175342 × 10^298 |
| 54 | ov_054 | 6.892471051388441 × 10^297 |
| 55 | ov_055 | 4.374649914790169 × 10^297 |
| 56 | ov_056 | 2.6688108924071937 × 10^297 |
| 57 | ov_057 | 1.560054928751973 × 10^297 |
| 58 | ov_058 | 8.638146445068249 × 10^296 |
| 59 | ov_059 | 4.258493327661086 × 10^296 |
| 60 | ov_060 | 1.7661991589679776 × 10^296 |
| 61 | ov_061 | 6.174929842072531 × 10^295 |
| 62 | ov_062 | 1.6954479683848086 × 10^295 |
| 63 | ov_063 | 3.307800475954517 × 10^294 |
| 64 | lv_79_m31 | 6.452126016541182 × 10^293 |
| 65 | ov_065 | 7.792025838099775 × 10^294 |
| 66 | ov_066 | 7.792005884398802 × 10^294 |
| 67 | ov_067 | 7.792001112057708 × 10^294 |
| 68 | ov_068 | 6.777718907740573 × 10^294 |
| 69 | ov_069 | 5.866585082994737 × 10^294 |
| 70 | ov_070 | 5.051107581554505 × 10^294 |
| 71 | ov_071 | 4.324157512617019 × 10^294 |
| 72 | ov_072 | 3.678944910823534 × 10^294 |
| 73 | ov_073 | 3.1089990350961436 × 10^294 |
| 74 | ov_074 | 2.6081526027565735 × 10^294 |
| 75 | ov_075 | 2.1705293876476033 × 10^294 |
| 76 | ov_076 | 1.790534641982384 × 10^294 |
| 77 | ov_077 | 1.4628478315817597 × 10^294 |
| 78 | ov_078 | 1.1824172032172613 × 10^294 |
| 79 | ov_079 | 9.444557311257148 × 10^293 |
| 80 | ov_080 | 7.44438017545018 × 10^293 |
| 81 | ov_081 | 5.780977907983932 × 10^293 |
| 82 | ov_082 | 4.41425792155026 × 10^293 |
| 83 | ov_083 | 3.306679802254628 × 10^293 |
| 84 | ov_084 | 2.423240264424195 × 10^293 |
| 85 | ov_085 | 1.7314607526382502 × 10^293 |
| 86 | ov_086 | 1.2013774279031219 × 10^293 |
| 87 | ov_087 | 8.055332752341925 × 10^292 |
| 88 | ov_088 | 5.189720701086144 × 10^292 |
| 89 | ov_089 | 3.1923394136592805 × 10^292 |
| 90 | ov_090 | 1.863522681936685 × 10^292 |
| 91 | ov_091 | 1.0285164886376167 × 10^292 |
| 92 | ov_092 | 5.37466810939412 × 10^291 |
| 93 | ov_093 | 2.6541306862507954 × 10^291 |
| 94 | ov_094 | 1.1228508078560451 × 10^291 |
| 95 | aaa_78_28 | 3.427013604761555 × 10^290 |
| 96 | aaa_78_29 | 1.0332223434057492 × 10^290 |
| 97 | ov_097 | 5.327261758051297 × 10^289 |
| 98 | ov_098 | 5.327218172841317 × 10^289 |
| 99 | ov_099 | 5.327204233955448 × 10^289 |
| 100 | ov_100 | 4.44413723518753 × 10^289 |
| 101 | ov_101 | 3.6781309797251144 × 10^289 |
| 102 | ov_102 | 3.018391244794521 × 10^289 |
| 103 | ov_103 | 2.4547234758639814 × 10^289 |
| 104 | ov_104 | 1.9774893664307118 × 10^289 |
| 105 | ov_105 | 1.5775688931355408 × 10^289 |
| 106 | ov_106 | 1.2463273199629682 × 10^289 |
| 107 | ov_107 | 9.755867111007365 × 10^288 |
| 108 | ov_108 | 7.576015168327689 × 10^288 |
| 109 | ov_109 | 5.850378208010175 × 10^288 |
| 110 | ov_110 | 4.509558602509692 × 10^288 |
| 111 | ov_111 | 3.487954536081074 × 10^288 |
| 112 | ov_112 | 2.7236399203507035 × 10^288 |
| 113 | ov_113 | 2.1582667359050504 × 10^288 |
| 114 | ov_114 | 1.7369868033325957 × 10^288 |
| 115 | ov_115 | 1.4083902025727332 × 10^288 |
| 116 | ov_116 | 1.124457773575212 × 10^288 |
| 117 | ov_117 | 8.81860713076231 × 10^287 |
| 118 | ov_118 | 6.7728874459419364 × 10^287 |
| 119 | ov_119 | 5.074441763461964 × 10^287 |
| 120 | ov_120 | 3.690374631069466 × 10^287 |
| 121 | ov_121 | 2.587840598339307 × 10^287 |
| 122 | ov_122 | 1.7340235490211288 × 10^287 |
| 123 | ov_123 | 1.096124021464545 × 10^287 |
| 124 | ov_124 | 6.413512877769937 × 10^286 |
| 125 | ov_125 | 3.3691843971024137 × 10^286 |
| 126 | ov_126 | 1.5003987796945605 × 10^286 |
| 127 | aaa_77_28 | 4.7930346735426873 × 10^285 |
| 128 | aaa_77_29 | 1.797973785804499 × 10^285 |
| 129 | ov_129 | 1.687563256366364 × 10^285 |
| 130 | ov_130 | 1.6875585971292724 × 10^285 |
| 131 | ov_131 | 1.6875574685553808 × 10^285 |
| 132 | ov_132 | 1.468023409642057 × 10^285 |
| 133 | ov_133 | 1.2709656203413281 × 10^285 |
| 134 | ov_134 | 1.0946968987772252 × 10^285 |
| 135 | ov_135 | 9.376225164061903 × 10^284 |
| 136 | ov_136 | 7.982336577018704 × 10^284 |
| 137 | ov_137 | 6.7510171345245145 × 10^284 |
| 138 | ov_138 | 5.6687334971901835 × 10^284 |
| 139 | ov_139 | 4.7226627859659335 × 10^284 |
| 140 | ov_140 | 3.900656608726153 × 10^284 |
| 141 | ov_141 | 3.1912107451800773 × 10^284 |
| 142 | ov_142 | 2.5834398669716217 × 10^284 |
| 143 | ov_143 | 2.0670567066528216 × 10^284 |
| 144 | ov_144 | 1.6323551255148978 × 10^284 |
| 145 | ov_145 | 1.2701965661786784 × 10^284 |
| 146 | ov_146 | 9.719994114945468 × 10^283 |
| 147 | ov_147 | 7.297308067692682 × 10^283 |
| 148 | ov_148 | 5.359005376888551 × 10^283 |
| 149 | ov_149 | 3.8355659158940744 × 10^283 |
| 150 | ov_150 | 2.662820649712729 × 10^283 |
| 151 | ov_151 | 1.781931153730754 × 10^283 |
| 152 | ov_152 | 1.1393769093037877 × 10^283 |
| 153 | ov_153 | 6.869480614413929 × 10^282 |
| 154 | ov_154 | 3.81741675799526 × 10^282 |
| 155 | ov_155 | 1.861599350273227 × 10^282 |
| 156 | aaa_76_25 | 6.790929696061731 × 10^281 |
| 157 | aaa_76_26 | 3.925408163291803 × 10^281 |
| 158 | aaa_76_27 | 2.0116043595969162 × 10^281 |
| 159 | aaa_76_28 | 7.843424534339411 × 10^280 |
| 160 | aaa_76_29 | 2.388831457925551 × 10^280 |

### Output Bits Sorted by Complexity

| Rank | Output Bit | Complexity |
|:----:|:----------:|:----------:|
| 160 | aaa_76_29 | 2.388831457925551 × 10^280 |
| 159 | aaa_76_28 | 7.843424534339411 × 10^280 |
| 158 | aaa_76_27 | 2.0116043595969162 × 10^281 |
| 157 | aaa_76_26 | 3.925408163291803 × 10^281 |
| 156 | aaa_76_25 | 6.790929696061731 × 10^281 |
| 155 | ov_155 | 1.861599350273227 × 10^282 |
| 154 | ov_154 | 3.81741675799526 × 10^282 |
| 153 | ov_153 | 6.869480614413929 × 10^282 |
| 152 | ov_152 | 1.1393769093037877 × 10^283 |
| 151 | ov_151 | 1.781931153730754 × 10^283 |
| 150 | ov_150 | 2.662820649712729 × 10^283 |
| 149 | ov_149 | 3.8355659158940744 × 10^283 |
| 148 | ov_148 | 5.359005376888551 × 10^283 |
| 147 | ov_147 | 7.297308067692682 × 10^283 |
| 146 | ov_146 | 9.719994114945468 × 10^283 |
| 145 | ov_145 | 1.2701965661786784 × 10^284 |
| 144 | ov_144 | 1.6323551255148978 × 10^284 |
| 143 | ov_143 | 2.0670567066528216 × 10^284 |
| 142 | ov_142 | 2.5834398669716217 × 10^284 |
| 141 | ov_141 | 3.1912107451800773 × 10^284 |
| 140 | ov_140 | 3.900656608726153 × 10^284 |
| 139 | ov_139 | 4.7226627859659335 × 10^284 |
| 138 | ov_138 | 5.6687334971901835 × 10^284 |
| 137 | ov_137 | 6.7510171345245145 × 10^284 |
| 136 | ov_136 | 7.982336577018704 × 10^284 |
| 135 | ov_135 | 9.376225164061903 × 10^284 |
| 134 | ov_134 | 1.0946968987772252 × 10^285 |
| 133 | ov_133 | 1.2709656203413281 × 10^285 |
| 132 | ov_132 | 1.468023409642057 × 10^285 |
| 131 | ov_131 | 1.6875574685553808 × 10^285 |
| 130 | ov_130 | 1.6875585971292724 × 10^285 |
| 129 | ov_129 | 1.687563256366364 × 10^285 |
| 128 | aaa_77_29 | 1.797973785804499 × 10^285 |
| 127 | aaa_77_28 | 4.7930346735426873 × 10^285 |
| 126 | ov_126 | 1.5003987796945605 × 10^286 |
| 125 | ov_125 | 3.3691843971024137 × 10^286 |
| 124 | ov_124 | 6.413512877769937 × 10^286 |
| 123 | ov_123 | 1.096124021464545 × 10^287 |
| 122 | ov_122 | 1.7340235490211288 × 10^287 |
| 121 | ov_121 | 2.587840598339307 × 10^287 |
| 120 | ov_120 | 3.690374631069466 × 10^287 |
| 119 | ov_119 | 5.074441763461964 × 10^287 |
| 118 | ov_118 | 6.7728874459419364 × 10^287 |
| 117 | ov_117 | 8.81860713076231 × 10^287 |
| 116 | ov_116 | 1.124457773575212 × 10^288 |
| 115 | ov_115 | 1.4083902025727332 × 10^288 |
| 114 | ov_114 | 1.7369868033325957 × 10^288 |
| 113 | ov_113 | 2.1582667359050504 × 10^288 |
| 112 | ov_112 | 2.7236399203507035 × 10^288 |
| 111 | ov_111 | 3.487954536081074 × 10^288 |
| 110 | ov_110 | 4.509558602509692 × 10^288 |
| 109 | ov_109 | 5.850378208010175 × 10^288 |
| 108 | ov_108 | 7.576015168327689 × 10^288 |
| 107 | ov_107 | 9.755867111007365 × 10^288 |
| 106 | ov_106 | 1.2463273199629682 × 10^289 |
| 105 | ov_105 | 1.5775688931355408 × 10^289 |
| 104 | ov_104 | 1.9774893664307118 × 10^289 |
| 103 | ov_103 | 2.4547234758639814 × 10^289 |
| 102 | ov_102 | 3.018391244794521 × 10^289 |
| 101 | ov_101 | 3.6781309797251144 × 10^289 |
| 100 | ov_100 | 4.44413723518753 × 10^289 |
| 99 | ov_099 | 5.327204233955448 × 10^289 |
| 98 | ov_098 | 5.327218172841317 × 10^289 |
| 97 | ov_097 | 5.327261758051297 × 10^289 |
| 96 | aaa_78_29 | 1.0332223434057492 × 10^290 |
| 95 | aaa_78_28 | 3.427013604761555 × 10^290 |
| 94 | ov_094 | 1.1228508078560451 × 10^291 |
| 93 | ov_093 | 2.6541306862507954 × 10^291 |
| 92 | ov_092 | 5.37466810939412 × 10^291 |
| 91 | ov_091 | 1.0285164886376167 × 10^292 |
| 90 | ov_090 | 1.863522681936685 × 10^292 |
| 89 | ov_089 | 3.1923394136592805 × 10^292 |
| 88 | ov_088 | 5.189720701086144 × 10^292 |
| 87 | ov_087 | 8.055332752341925 × 10^292 |
| 86 | ov_086 | 1.2013774279031219 × 10^293 |
| 85 | ov_085 | 1.7314607526382502 × 10^293 |
| 84 | ov_084 | 2.423240264424195 × 10^293 |
| 83 | ov_083 | 3.306679802254628 × 10^293 |
| 82 | ov_082 | 4.41425792155026 × 10^293 |
| 81 | ov_081 | 5.780977907983932 × 10^293 |
| 64 | lv_79_m31 | 6.452126016541182 × 10^293 |
| 80 | ov_080 | 7.44438017545018 × 10^293 |
| 79 | ov_079 | 9.444557311257148 × 10^293 |
| 78 | ov_078 | 1.1824172032172613 × 10^294 |
| 77 | ov_077 | 1.4628478315817597 × 10^294 |
| 76 | ov_076 | 1.790534641982384 × 10^294 |
| 75 | ov_075 | 2.1705293876476033 × 10^294 |
| 74 | ov_074 | 2.6081526027565735 × 10^294 |
| 73 | ov_073 | 3.1089990350961436 × 10^294 |
| 63 | ov_063 | 3.307800475954517 × 10^294 |
| 72 | ov_072 | 3.678944910823534 × 10^294 |
| 71 | ov_071 | 4.324157512617019 × 10^294 |
| 70 | ov_070 | 5.051107581554505 × 10^294 |
| 69 | ov_069 | 5.866585082994737 × 10^294 |
| 68 | ov_068 | 6.777718907740573 × 10^294 |
| 67 | ov_067 | 7.792001112057708 × 10^294 |
| 66 | ov_066 | 7.792005884398802 × 10^294 |
| 65 | ov_065 | 7.792025838099775 × 10^294 |
| 62 | ov_062 | 1.6954479683848086 × 10^295 |
| 61 | ov_061 | 6.174929842072531 × 10^295 |
| 60 | ov_060 | 1.7661991589679776 × 10^296 |
| 59 | ov_059 | 4.258493327661086 × 10^296 |
| 58 | ov_058 | 8.638146445068249 × 10^296 |
| 57 | ov_057 | 1.560054928751973 × 10^297 |
| 56 | ov_056 | 2.6688108924071937 × 10^297 |
| 55 | ov_055 | 4.374649914790169 × 10^297 |
| 54 | ov_054 | 6.892471051388441 × 10^297 |
| 53 | ov_053 | 1.0467515032175342 × 10^298 |
| 52 | ov_052 | 1.5375382708709406 × 10^298 |
| 51 | ov_051 | 2.1922067829818475 × 10^298 |
| 50 | ov_050 | 3.0444012833484925 × 10^298 |
| 49 | ov_049 | 4.130819864763858 × 10^298 |
| 48 | ov_048 | 5.49122814843926 × 10^298 |
| 47 | ov_047 | 7.168479160492807 × 10^298 |
| 32 | lv_80_m31 | 7.918223333709099 × 10^298 |
| 46 | ov_046 | 9.20854110263458 × 10^298 |
| 45 | ov_045 | 1.1660534913803452 × 10^299 |
| 44 | ov_044 | 1.4576783719432325 × 10^299 |
| 43 | ov_043 | 1.8012876465360509 × 10^299 |
| 42 | ov_042 | 2.2027748234316182 × 10^299 |
| 41 | ov_041 | 2.6683779944517784 × 10^299 |
| 40 | ov_040 | 3.2046920332470717 × 10^299 |
| 39 | ov_039 | 3.818683332566659 × 10^299 |
| 31 | ov_031 | 4.060109775152377 × 10^299 |
| 38 | ov_038 | 4.5177074115848385 × 10^299 |
| 37 | ov_037 | 5.309529745003456 × 10^299 |
| 36 | ov_036 | 6.202350186489896 × 10^299 |
| 35 | ov_035 | 7.204831380080447 × 10^299 |
| 34 | ov_034 | 8.326131574542915 × 10^299 |
| 33 | ov_033 | 9.575942277444665 × 10^299 |
| 30 | ov_030 | 2.0814202061620066 × 10^300 |
| 29 | ov_029 | 6.807882170328016 × 10^300 |
| 28 | ov_028 | 1.766572537259949 × 10^301 |
| 27 | ov_027 | 4.2555555878516563 × 10^301 |
| 26 | ov_026 | 9.29828629041246 × 10^301 |
| 25 | ov_025 | 1.8418302347480913 × 10^302 |
| 24 | ov_024 | 3.3512139682590363 × 10^302 |
| 23 | ov_023 | 5.684936173161794 × 10^302 |
| 22 | ov_022 | 9.107263363900514 × 10^302 |
| 21 | ov_021 | 1.3919787977746031 × 10^303 |
| 20 | ov_020 | 2.0461457103734398 × 10^303 |
| 19 | ov_019 | 2.910862009146561 × 10^303 |
| 18 | ov_018 | 4.027510414279054 × 10^303 |
| 17 | ov_017 | 5.441233089521962 × 10^303 |
| 16 | ov_016 | 7.200948997609038 × 10^303 |
| 15 | ov_015 | 9.359378793361957 × 10^303 |
| 14 | ov_014 | 1.1973079337928528 × 10^304 |
| 13 | ov_013 | 1.510249016064988 × 10^304 |
| 12 | ov_012 | 1.8811994438478056 × 10^304 |
| 11 | ov_011 | 2.3169997306897142 × 10^304 |
| 10 | ov_010 | 2.8249024561267224 × 10^304 |
| 9 | ov_009 | 3.412584505385086 × 10^304 |
| 8 | ov_008 | 4.088162034006371 × 10^304 |
| 7 | ov_007 | 4.860208537842683 × 10^304 |
| 6 | ov_006 | 5.737776434315733 × 10^304 |
| 5 | ov_005 | 6.730422586736602 × 10^304 |
| 4 | ov_004 | 7.848238229967139 × 10^304 |
| 3 | ov_003 | 9.101883782913717 × 10^304 |
| 2 | ov_002 | 1.0502629061446666 × 10^305 |
| 1 | ov_001 | 1.2062399434525028 × 10^305 |

