# Results for F001-F002-F003-F004-F005-F006-F007-F008-F009-F010-F011-F012-F013-F014-F015-F016-F017-F018-F019-F020-F021-F022-F023-F024-F025-F026-F027-F028-F029-F030-F031-F032-F033-F034-F035-F036-F037-F038-F039-F040-F041-F042-F043-F044-F045-F046-F047-F048-F049-F050-F051-F052-F053-F054-F055-F056-F057-F058-F059-F060-F061-F062-F063-F064-F065-F066-F067-F068-F069-F070-F071-F072-F073-F074-F075-F076-F077-F078-F079-F080-F081-F082-F083-F084-F085-F086-F087-F088-F089-F090-F091-F092-F093-F094-F095-F096-F097-F098-F099-F100-F101-F102-F103-F104-F105-F106-F107-F108-F109-F110-F111-F112-F113-F114-F115-F116-F117-F118-F119-F120-F121-F122-F123-F124-F125-F126-F127-F128-F129-F130-F131-F132-F133-F134-F135-F136-F137-F138-F139-F140-F141-F142-F143-F144-F145-F146-F147-F148-F149-F150-F151-F152-F153-F154-F155-F156-F157-F158-F159-F160-F161-F162-F163-F164-F165-F166-F167-F168-F169-F170-F171-F172-F173-F174-F175-F176-F177-F178-F179-F180-F181-F182-F183-F184-F185-F186-F187-F188-F189-F190-F191-F192-F193-F194-F195-F196-F197-F198-F199-F200-F201-F202-F203-F204-F205-F206-F207-F208-F209-F210-F211-F212-F213-F214-F215-F216-F217-F218-F219-F220-F221-F222-F223-F224-F225-F226-F227-F228-F229-F230-F231-F232-F233-F234-F235-F236-F237-F238-F239-F240-F241-F242-F243-F244-F245-F246-F247-F248-F249-F250-F251-F252-F253-F254-F255-F256-F257-F258-F259-F260-F261-F262-F263-F264-F265-F266-F267-F268-F269-F270-F271-F272-F273-F274-F275-F276-F277-F278-F279-F280-F281-F282-F283-F284-F285-F286-F287-F288-F289-F290-F291-F292-F293-F294-F295-F296-F297-F298-F299-F300-F301-F302-F303-F304-F305-F306-F307-F308-F309-F310-F311-F312-F313-F314-F315-F316-F317-F318-F319-F320-F321-F322-F323-F324-F325-F326-F327-F328-F329-F330-F331-F332-F333-F334-F335-F336-F337-F338-F339-F340-F341-F342-F343-F344-F345-F346-F347-F348-F349-F350-F351-F352-F353-F354-F355-F356-F357-F358-F359-F360-F361-F362-F363-F364-F365-F366-F367-F368-F369-F370-F371-F372-F373-F374-F375-F376-F377-F378-F379-F380-F381-F382-F383-F384-F385-F386-F387-F388-F389-F390-F391-F392-F393-F394-F395-F396-F397-F398-F399-F400-F401-F402-F403-F404-F405-F406-F407-F408-F409-F410-F411-F412-F413-F414-F415-F416-F417-F418-F419-F420-F421-F422-F423-F424-F425-F426-F427-F428-F429-F430-F431-F432-F433-F434-F435-F436-F437-F438-F439-F440-F441-F442-F443-F444-F445-F446-F447-F448-F449-F450-F451-F452-F453-F454-F455-F456-F457-F458-F459-F460-F461-F462-F463-F464-F465-F466-F467-F468-F469-F470-F471-F472-F473-F474-F475-F476-F477-F478-F479-F480-F481-F482-F483-F484-F485-F486-F487-F488-F489-F490-F491-F492-F493-F494-F495-F496-F497-F510

## Summary

Number of input bits: 512  
Number of free input bits: 14  
Number of output bits: 160

Number of direct occurrences: 57260  
Number of assignments: 31868  
Number of operations: 11326524
(xor: 11297831,
and: 15114,
or: 13579)

Total complexity: 8.111113878589176 × 10^301

Least occurring input variable: iv_502 (3906)  
Most occurring input variable: iv_512 (4404)

Most co-occurring input variables: iv_511-iv_512 (2163)  
Least co-occurring input variables: iv_498-iv_502 (1771)

Potentially most occurring input variable: iv_506/iv_512 (4517)  
Potentially least occurring input variable: iv_499/iv_508 (4129)

Least output occurring input variable: iv_508 (70)  
Most output occurring input variable: iv_498 (88)

Most output co-occurring input variables: iv_505-iv_507 (47)  
Least output co-occurring input variables: iv_502-iv_508 (30)

Potentially most output occurring input variable: iv_501/iv_502 (93)  
Potentially least output occurring input variable: iv_505/iv_507 (61)

Least complex input bit: iv_498 (1.7928182293554308 × 10^299)  
Most complex input bit: iv_512 (1.6485734208030707 × 10^301)

Least complex output bit: aaa_76_29 (1.3815109594480915 × 10^277)  
Most complex output bit: ov_001 (1.2626218517174537 × 10^301)

Least complex input/output complexity: iv_498/aaa_76_29 (3.053585573112007 × 10^274)  
Most complex input/output complexity: iv_512/ov_001 (2.5662626076069866 × 10^300)

## Input Bits

### Input Bits in Regular Order

| Input Bit | Complexity | Occurrences | Output Occurrences |
|:---------:|:----------:|:-----------:|:------------------:|
| iv_498 | 1.7928182293554308 × 10^299 | 3981 | 88 |
| iv_499 | 3.7062484278347626 × 10^299 | 4149 | 81 |
| iv_500 | 6.930070726437607 × 10^299 | 4142 | 76 |
| iv_501 | 1.2734455810101757 × 10^300 | 4076 | 79 |
| iv_502 | 2.1695204148359775 × 10^300 | 3906 | 82 |
| iv_503 | 3.533756757953338 × 10^300 | 4048 | 74 |
| iv_504 | 5.5657627129433666 × 10^300 | 3954 | 78 |
| iv_505 | 8.533139867917444 × 10^300 | 4136 | 79 |
| iv_506 | 4.250447546331706 × 10^300 | 3983 | 82 |
| iv_507 | 5.993000717618779 × 10^300 | 4198 | 76 |
| iv_508 | 7.866415872677315 × 10^300 | 4022 | 70 |
| iv_509 | 9.892285409711525 × 10^300 | 4023 | 78 |
| iv_511 | 1.4304715958498742 × 10^301 | 4238 | 80 |
| iv_512 | 1.6485734208030707 × 10^301 | 4404 | 80 |

### Input Bits Sorted by Complexity

| Input Bit | Complexity | Occurrences | Output Occurrences |
|:---------:|:----------:|:-----------:|:------------------:|
| iv_498 | 1.7928182293554308 × 10^299 | 3981 | 88 |
| iv_499 | 3.7062484278347626 × 10^299 | 4149 | 81 |
| iv_500 | 6.930070726437607 × 10^299 | 4142 | 76 |
| iv_501 | 1.2734455810101757 × 10^300 | 4076 | 79 |
| iv_502 | 2.1695204148359775 × 10^300 | 3906 | 82 |
| iv_503 | 3.533756757953338 × 10^300 | 4048 | 74 |
| iv_506 | 4.250447546331706 × 10^300 | 3983 | 82 |
| iv_504 | 5.5657627129433666 × 10^300 | 3954 | 78 |
| iv_507 | 5.993000717618779 × 10^300 | 4198 | 76 |
| iv_508 | 7.866415872677315 × 10^300 | 4022 | 70 |
| iv_505 | 8.533139867917444 × 10^300 | 4136 | 79 |
| iv_509 | 9.892285409711525 × 10^300 | 4023 | 78 |
| iv_511 | 1.4304715958498742 × 10^301 | 4238 | 80 |
| iv_512 | 1.6485734208030707 × 10^301 | 4404 | 80 |

### Input Bits Sorted by Occurrences

| Input Bit | Complexity | Occurrences | Output Occurrences |
|:---------:|:----------:|:-----------:|:------------------:|
| iv_502 | 2.1695204148359775 × 10^300 | 3906 | 82 |
| iv_504 | 5.5657627129433666 × 10^300 | 3954 | 78 |
| iv_498 | 1.7928182293554308 × 10^299 | 3981 | 88 |
| iv_506 | 4.250447546331706 × 10^300 | 3983 | 82 |
| iv_508 | 7.866415872677315 × 10^300 | 4022 | 70 |
| iv_509 | 9.892285409711525 × 10^300 | 4023 | 78 |
| iv_503 | 3.533756757953338 × 10^300 | 4048 | 74 |
| iv_501 | 1.2734455810101757 × 10^300 | 4076 | 79 |
| iv_505 | 8.533139867917444 × 10^300 | 4136 | 79 |
| iv_500 | 6.930070726437607 × 10^299 | 4142 | 76 |
| iv_499 | 3.7062484278347626 × 10^299 | 4149 | 81 |
| iv_507 | 5.993000717618779 × 10^300 | 4198 | 76 |
| iv_511 | 1.4304715958498742 × 10^301 | 4238 | 80 |
| iv_512 | 1.6485734208030707 × 10^301 | 4404 | 80 |

### Input Bits Sorted by Output Occurrences

| Input Bit | Complexity | Occurrences | Output Occurrences |
|:---------:|:----------:|:-----------:|:------------------:|
| iv_508 | 7.866415872677315 × 10^300 | 4022 | 70 |
| iv_503 | 3.533756757953338 × 10^300 | 4048 | 74 |
| iv_500 | 6.930070726437607 × 10^299 | 4142 | 76 |
| iv_507 | 5.993000717618779 × 10^300 | 4198 | 76 |
| iv_504 | 5.5657627129433666 × 10^300 | 3954 | 78 |
| iv_509 | 9.892285409711525 × 10^300 | 4023 | 78 |
| iv_501 | 1.2734455810101757 × 10^300 | 4076 | 79 |
| iv_505 | 8.533139867917444 × 10^300 | 4136 | 79 |
| iv_511 | 1.4304715958498742 × 10^301 | 4238 | 80 |
| iv_512 | 1.6485734208030707 × 10^301 | 4404 | 80 |
| iv_499 | 3.7062484278347626 × 10^299 | 4149 | 81 |
| iv_502 | 2.1695204148359775 × 10^300 | 3906 | 82 |
| iv_506 | 4.250447546331706 × 10^300 | 3983 | 82 |
| iv_498 | 1.7928182293554308 × 10^299 | 3981 | 88 |

## Input Bit Co-occurrences

### Input Bit Co-occurrences Sorted by Co-occurrences

| Input Bits | Co-occurrences | Potential Occurrences | Output Co-occurrences | Potential Output Occurrences |
|:----------:|:--------------:|:---------------------:|:---------------------:|:----------------------------:|
| iv_511-iv_512 | 2163 | 4316 | 43 | 74 |
| iv_507-iv_512 | 2121 | 4360 | 42 | 72 |
| iv_500-iv_511 | 2089 | 4202 | 38 | 80 |
| iv_501-iv_512 | 2081 | 4318 | 37 | 85 |
| iv_505-iv_512 | 2073 | 4394 | 40 | 79 |
| iv_500-iv_512 | 2073 | 4400 | 39 | 78 |
| iv_501-iv_511 | 2062 | 4190 | 41 | 77 |
| iv_503-iv_512 | 2053 | 4346 | 34 | 86 |
| iv_499-iv_512 | 2043 | 4467 | 44 | 73 |
| iv_508-iv_512 | 2038 | 4350 | 32 | 86 |
| iv_499-iv_511 | 2033 | 4321 | 37 | 87 |
| iv_505-iv_511 | 2025 | 4324 | 40 | 79 |
| iv_507-iv_511 | 2024 | 4388 | 39 | 78 |
| iv_499-iv_508 | 2021 | 4129 | 38 | 75 |

### Input Bit Co-occurrences Sorted by Potential Occurrences

| Input Bits | Co-occurrences | Potential Occurrences | Output Co-occurrences | Potential Output Occurrences |
|:----------:|:--------------:|:---------------------:|:---------------------:|:----------------------------:|
| iv_499-iv_508 | 2021 | 4129 | 38 | 75 |
| iv_502-iv_505 | 1943 | 4156 | 43 | 75 |
| iv_506-iv_509 | 1918 | 4170 | 43 | 74 |
| iv_504-iv_506 | 1883 | 4171 | 42 | 76 |
| iv_500-iv_503 | 2009 | 4172 | 38 | 74 |
| iv_506-iv_507 | 2002 | 4177 | 39 | 80 |
| iv_501-iv_508 | 1956 | 4186 | 34 | 81 |
| iv_508-iv_509 | 1929 | 4187 | 35 | 78 |
| iv_501-iv_511 | 2062 | 4190 | 41 | 77 |
| iv_503-iv_506 | 1920 | 4191 | 38 | 80 |
| iv_506-iv_508 | 1907 | 4191 | 37 | 78 |
| iv_498-iv_501 | 1931 | 4195 | 40 | 87 |
| iv_499-iv_502 | 1929 | 4197 | 41 | 81 |
| iv_507-iv_508 | 2011 | 4198 | 31 | 84 |

### Input Bit Output Co-occurrences Sorted by Output Co-occurrences

| Input Bits | Co-occurrences | Potential Occurrences | Output Co-occurrences | Potential Output Occurrences |
|:----------:|:--------------:|:---------------------:|:---------------------:|:----------------------------:|
| iv_498-iv_512 | 2003 | 4379 | 47 | 74 |
| iv_505-iv_507 | 1955 | 4424 | 47 | 61 |
| iv_498-iv_502 | 1771 | 4345 | 46 | 78 |
| iv_498-iv_504 | 1853 | 4229 | 46 | 74 |
| iv_499-iv_507 | 1938 | 4471 | 45 | 67 |
| iv_502-iv_511 | 1928 | 4288 | 45 | 72 |
| iv_498-iv_505 | 1898 | 4321 | 44 | 79 |
| iv_499-iv_512 | 2043 | 4467 | 44 | 73 |
| iv_502-iv_506 | 1822 | 4245 | 44 | 76 |
| iv_507-iv_509 | 1974 | 4273 | 44 | 66 |
| iv_502-iv_505 | 1943 | 4156 | 43 | 75 |
| iv_498-iv_503 | 1899 | 4231 | 43 | 76 |
| iv_498-iv_507 | 1910 | 4359 | 43 | 78 |
| iv_498-iv_511 | 1905 | 4409 | 43 | 82 |

### Input Bit Output Co-occurrences Sorted by Potential Output Occurrences

| Input Bits | Co-occurrences | Potential Occurrences | Output Co-occurrences | Potential Output Occurrences |
|:----------:|:--------------:|:---------------------:|:---------------------:|:----------------------------:|
| iv_505-iv_507 | 1955 | 4424 | 47 | 61 |
| iv_507-iv_509 | 1974 | 4273 | 44 | 66 |
| iv_499-iv_507 | 1938 | 4471 | 45 | 67 |
| iv_503-iv_504 | 1867 | 4268 | 41 | 70 |
| iv_502-iv_511 | 1928 | 4288 | 45 | 72 |
| iv_507-iv_512 | 2121 | 4360 | 42 | 72 |
| iv_505-iv_509 | 1930 | 4299 | 42 | 73 |
| iv_499-iv_512 | 2043 | 4467 | 44 | 73 |
| iv_500-iv_501 | 1971 | 4276 | 41 | 73 |
| iv_504-iv_508 | 1876 | 4224 | 37 | 74 |
| iv_498-iv_504 | 1853 | 4229 | 46 | 74 |
| iv_498-iv_512 | 2003 | 4379 | 47 | 74 |
| iv_499-iv_505 | 2017 | 4251 | 43 | 74 |
| iv_500-iv_503 | 2009 | 4172 | 38 | 74 |

## Output Bits

### Output Bits in Regular Order

| Rank | Output Bit | Complexity |
|:----:|:----------:|:----------:|
| 1 | ov_001 | 1.2626218517174537 × 10^301 |
| 2 | ov_002 | 1.099317821528871 × 10^301 |
| 3 | ov_003 | 9.526588330495543 × 10^300 |
| 4 | ov_004 | 8.213981041216176 × 10^300 |
| 5 | ov_005 | 7.043572846285069 × 10^300 |
| 6 | ov_006 | 6.004216139980873 × 10^300 |
| 7 | ov_007 | 5.085356954367109 × 10^300 |
| 8 | ov_008 | 4.2769983789158445 × 10^300 |
| 9 | ov_009 | 3.569669199333688 × 10^300 |
| 10 | ov_010 | 2.954397257905318 × 10^300 |
| 11 | ov_011 | 2.4226870322977995 × 10^300 |
| 12 | ov_012 | 1.9665009588085456 × 10^300 |
| 13 | ov_013 | 1.578244054454606 × 10^300 |
| 14 | ov_014 | 1.2507514202240508 × 10^300 |
| 15 | ov_015 | 9.772782353541448 × 10^299 |
| 16 | ov_016 | 7.514918797593425 × 10^299 |
| 17 | ov_017 | 5.67465848781526 × 10^299 |
| 18 | ov_018 | 4.196751513363731 × 10^299 |
| 19 | ov_019 | 3.029929093307409 × 10^299 |
| 20 | ov_020 | 2.1268790296184358 × 10^299 |
| 21 | ov_021 | 1.4442284416462066 × 10^299 |
| 22 | ov_022 | 9.425320906569383 × 10^298 |
| 23 | ov_023 | 5.862648696183104 × 10^298 |
| 24 | ov_024 | 3.4381714037102744 × 10^298 |
| 25 | ov_025 | 1.8749191946312799 × 10^298 |
| 26 | ov_026 | 9.350329267665331 × 10^297 |
| 27 | ov_027 | 4.197563152569807 × 10^297 |
| 28 | ov_028 | 1.6943273323788485 × 10^297 |
| 29 | ov_029 | 6.350418141851147 × 10^296 |
| 30 | ov_030 | 1.9199149285613587 × 10^296 |
| 31 | ov_031 | 4.250522614708137 × 10^295 |
| 32 | lv_80_m31 | 8.289152448128711 × 10^294 |
| 33 | ov_033 | 1.000101472447921 × 10^296 |
| 34 | ov_034 | 8.689133239338986 × 10^295 |
| 35 | ov_035 | 7.513349276737607 × 10^295 |
| 36 | ov_036 | 6.463044867597687 × 10^295 |
| 37 | ov_037 | 5.528183232378803 × 10^295 |
| 38 | ov_038 | 4.699267987505342 × 10^295 |
| 39 | ov_039 | 3.9673076620263874 × 10^295 |
| 40 | ov_040 | 3.3237850238784834 × 10^295 |
| 41 | ov_041 | 2.760630745647401 × 10^295 |
| 42 | ov_042 | 2.270200968667403 × 10^295 |
| 43 | ov_043 | 1.8487775566055757 × 10^295 |
| 44 | ov_044 | 1.489513832207954 × 10^295 |
| 45 | ov_045 | 1.1859406637670787 × 10^295 |
| 46 | ov_046 | 9.319557446436966 × 10^294 |
| 47 | ov_047 | 7.21814956593913 × 10^294 |
| 48 | ov_048 | 5.5012552587557935 × 10^294 |
| 49 | ov_049 | 4.118407035727799 × 10^294 |
| 50 | ov_050 | 3.022557236279709 × 10^294 |
| 51 | ov_051 | 2.1700481379913146 × 10^294 |
| 52 | ov_052 | 1.520590562435212 × 10^294 |
| 53 | ov_053 | 1.0372491573767371 × 10^294 |
| 54 | ov_054 | 6.8643274730343365 × 10^293 |
| 55 | ov_055 | 4.37888355346237 × 10^293 |
| 56 | ov_056 | 2.6469771029248227 × 10^293 |
| 57 | ov_057 | 1.5423503786160303 × 10^293 |
| 58 | ov_058 | 8.624653486557905 × 10^292 |
| 59 | ov_059 | 4.3809589503758895 × 10^292 |
| 60 | ov_060 | 1.9295652798719314 × 10^292 |
| 61 | ov_061 | 6.741626527270543 × 10^291 |
| 62 | ov_062 | 1.849844972512092 × 10^291 |
| 63 | ov_063 | 3.606591774006545 × 10^290 |
| 64 | lv_79_m31 | 7.030298324066586 × 10^289 |
| 65 | ov_065 | 8.488815210552326 × 10^290 |
| 66 | ov_066 | 8.488790414757418 × 10^290 |
| 67 | ov_067 | 8.488784346613952 × 10^290 |
| 68 | ov_068 | 7.368123880429844 × 10^290 |
| 69 | ov_069 | 6.36539425767975 × 10^290 |
| 70 | ov_070 | 5.47120141321042 × 10^290 |
| 71 | ov_071 | 4.6767289711296825 × 10^290 |
| 72 | ov_072 | 3.973699137922997 × 10^290 |
| 73 | ov_073 | 3.354337060126893 × 10^290 |
| 74 | ov_074 | 2.8113384614422052 × 10^290 |
| 75 | ov_075 | 2.3378403815393928 × 10^290 |
| 76 | ov_076 | 1.9273948449172338 × 10^290 |
| 77 | ov_077 | 1.5739452931784128 × 10^290 |
| 78 | ov_078 | 1.2718056181240664 × 10^290 |
| 79 | ov_079 | 1.0156416362775072 × 10^290 |
| 80 | ov_080 | 8.004548479485742 × 10^289 |
| 81 | ov_081 | 6.215683258577202 × 10^289 |
| 82 | ov_082 | 4.746145797568935 × 10^289 |
| 83 | ov_083 | 3.5552524450625827 × 10^289 |
| 84 | ov_084 | 2.6052243977596575 × 10^289 |
| 85 | ov_085 | 1.8611165001482268 × 10^289 |
| 86 | ov_086 | 1.290759736272875 × 10^289 |
| 87 | ov_087 | 8.647159048110272 × 10^288 |
| 88 | ov_088 | 5.5624296972740594 × 10^288 |
| 89 | ov_089 | 3.4126957936587984 × 10^288 |
| 90 | ov_090 | 1.983772471517376 × 10^288 |
| 91 | ov_091 | 1.0878868723351476 × 10^288 |
| 92 | ov_092 | 5.636081107972804 × 10^287 |
| 93 | ov_093 | 2.75809654641822 × 10^287 |
| 94 | ov_094 | 1.1565185139877617 × 10^287 |
| 95 | aaa_78_28 | 3.5285327423972316 × 10^286 |
| 96 | aaa_78_29 | 1.2610155298079789 × 10^286 |
| 97 | ov_097 | 8.32372760867947 × 10^285 |
| 98 | ov_098 | 8.32347738818572 × 10^285 |
| 99 | ov_099 | 8.323397372781885 × 10^285 |
| 100 | ov_100 | 7.488575837885806 × 10^285 |
| 101 | ov_101 | 6.715669202982106 × 10^285 |
| 102 | ov_102 | 6.001241230824248 × 10^285 |
| 103 | ov_103 | 5.3421047824860895 × 10^285 |
| 104 | ov_104 | 4.73529043516835 × 10^285 |
| 105 | ov_105 | 4.1780178990580484 × 10^285 |
| 106 | ov_106 | 3.667670085238529 × 10^285 |
| 107 | ov_107 | 3.2017696824206336 × 10^285 |
| 108 | ov_108 | 2.777958105000901 × 10^285 |
| 109 | ov_109 | 2.393976678786772 × 10^285 |
| 110 | ov_110 | 2.0476499337861793 × 10^285 |
| 111 | ov_111 | 1.7368708758486772 × 10^285 |
| 112 | ov_112 | 1.4595881107718603 × 10^285 |
| 113 | ov_113 | 1.2137946958461208 × 10^285 |
| 114 | ov_114 | 9.975185947906011 × 10^284 |
| 115 | ov_115 | 8.08814612712823 × 10^284 |
| 116 | ov_116 | 6.457576881750758 × 10^284 |
| 117 | ov_117 | 5.064374197343922 × 10^284 |
| 118 | ov_118 | 3.889537044914009 × 10^284 |
| 119 | ov_119 | 2.9141336627648313 × 10^284 |
| 120 | ov_120 | 2.119276511493912 × 10^284 |
| 121 | ov_121 | 1.4861046791188159 × 10^284 |
| 122 | ov_122 | 9.957725134437887 × 10^283 |
| 123 | ov_123 | 6.294428625673581 × 10^283 |
| 124 | ov_124 | 3.682830610395806 × 10^283 |
| 125 | ov_125 | 1.9346251129106398 × 10^283 |
| 126 | ov_126 | 8.615137265951078 × 10^282 |
| 127 | aaa_77_28 | 2.752000312077152 × 10^282 |
| 128 | aaa_77_29 | 1.0322725985856231 × 10^282 |
| 129 | ov_129 | 9.672195635016459 × 10^281 |
| 130 | ov_130 | 9.672168689704573 × 10^281 |
| 131 | ov_131 | 9.672162165080667 × 10^281 |
| 132 | ov_132 | 8.410962844513771 × 10^281 |
| 133 | ov_133 | 7.279054636081805 × 10^281 |
| 134 | ov_134 | 6.266737184796463 × 10^281 |
| 135 | ov_135 | 5.364840324160691 × 10^281 |
| 136 | ov_136 | 4.564686285751284 × 10^281 |
| 137 | ov_137 | 3.8580568855062266 × 10^281 |
| 138 | ov_138 | 3.2371652283122957 × 10^281 |
| 139 | ov_139 | 2.6946314964432276 × 10^281 |
| 140 | ov_140 | 2.2234624105546817 × 10^281 |
| 141 | ov_141 | 1.8170339744581274 × 10^281 |
| 142 | ov_142 | 1.4690771369086494 × 10^281 |
| 143 | ov_143 | 1.1736660252678078 × 10^281 |
| 144 | ov_144 | 9.252084272390325 × 10^280 |
| 145 | ov_145 | 7.184382179988267 × 10^280 |
| 146 | ov_146 | 5.484094510252776 × 10^280 |
| 147 | ov_147 | 4.1049185180419707 × 10^280 |
| 148 | ov_148 | 3.003674744080752 × 10^280 |
| 149 | ov_149 | 2.140283017185563 × 10^280 |
| 150 | ov_150 | 1.4777459081562196 × 10^280 |
| 151 | ov_151 | 9.821378579583967 × 10^279 |
| 152 | ov_152 | 6.225984101339318 × 10^279 |
| 153 | ov_153 | 3.713282439121514 × 10^279 |
| 154 | ov_154 | 2.0358703027363786 × 10^279 |
| 155 | ov_155 | 9.769237041141715 × 10^278 |
| 156 | aaa_76_25 | 3.501930034926675 × 10^278 |
| 157 | aaa_76_26 | 1.987629199378802 × 10^278 |
| 158 | aaa_76_27 | 1.0224413363880313 × 10^278 |
| 159 | aaa_76_28 | 4.5351701247842705 × 10^277 |
| 160 | aaa_76_29 | 1.3815109594480915 × 10^277 |

### Output Bits Sorted by Complexity

| Rank | Output Bit | Complexity |
|:----:|:----------:|:----------:|
| 160 | aaa_76_29 | 1.3815109594480915 × 10^277 |
| 159 | aaa_76_28 | 4.5351701247842705 × 10^277 |
| 158 | aaa_76_27 | 1.0224413363880313 × 10^278 |
| 157 | aaa_76_26 | 1.987629199378802 × 10^278 |
| 156 | aaa_76_25 | 3.501930034926675 × 10^278 |
| 155 | ov_155 | 9.769237041141715 × 10^278 |
| 154 | ov_154 | 2.0358703027363786 × 10^279 |
| 153 | ov_153 | 3.713282439121514 × 10^279 |
| 152 | ov_152 | 6.225984101339318 × 10^279 |
| 151 | ov_151 | 9.821378579583967 × 10^279 |
| 150 | ov_150 | 1.4777459081562196 × 10^280 |
| 149 | ov_149 | 2.140283017185563 × 10^280 |
| 148 | ov_148 | 3.003674744080752 × 10^280 |
| 147 | ov_147 | 4.1049185180419707 × 10^280 |
| 146 | ov_146 | 5.484094510252776 × 10^280 |
| 145 | ov_145 | 7.184382179988267 × 10^280 |
| 144 | ov_144 | 9.252084272390325 × 10^280 |
| 143 | ov_143 | 1.1736660252678078 × 10^281 |
| 142 | ov_142 | 1.4690771369086494 × 10^281 |
| 141 | ov_141 | 1.8170339744581274 × 10^281 |
| 140 | ov_140 | 2.2234624105546817 × 10^281 |
| 139 | ov_139 | 2.6946314964432276 × 10^281 |
| 138 | ov_138 | 3.2371652283122957 × 10^281 |
| 137 | ov_137 | 3.8580568855062266 × 10^281 |
| 136 | ov_136 | 4.564686285751284 × 10^281 |
| 135 | ov_135 | 5.364840324160691 × 10^281 |
| 134 | ov_134 | 6.266737184796463 × 10^281 |
| 133 | ov_133 | 7.279054636081805 × 10^281 |
| 132 | ov_132 | 8.410962844513771 × 10^281 |
| 131 | ov_131 | 9.672162165080667 × 10^281 |
| 130 | ov_130 | 9.672168689704573 × 10^281 |
| 129 | ov_129 | 9.672195635016459 × 10^281 |
| 128 | aaa_77_29 | 1.0322725985856231 × 10^282 |
| 127 | aaa_77_28 | 2.752000312077152 × 10^282 |
| 126 | ov_126 | 8.615137265951078 × 10^282 |
| 125 | ov_125 | 1.9346251129106398 × 10^283 |
| 124 | ov_124 | 3.682830610395806 × 10^283 |
| 123 | ov_123 | 6.294428625673581 × 10^283 |
| 122 | ov_122 | 9.957725134437887 × 10^283 |
| 121 | ov_121 | 1.4861046791188159 × 10^284 |
| 120 | ov_120 | 2.119276511493912 × 10^284 |
| 119 | ov_119 | 2.9141336627648313 × 10^284 |
| 118 | ov_118 | 3.889537044914009 × 10^284 |
| 117 | ov_117 | 5.064374197343922 × 10^284 |
| 116 | ov_116 | 6.457576881750758 × 10^284 |
| 115 | ov_115 | 8.08814612712823 × 10^284 |
| 114 | ov_114 | 9.975185947906011 × 10^284 |
| 113 | ov_113 | 1.2137946958461208 × 10^285 |
| 112 | ov_112 | 1.4595881107718603 × 10^285 |
| 111 | ov_111 | 1.7368708758486772 × 10^285 |
| 110 | ov_110 | 2.0476499337861793 × 10^285 |
| 109 | ov_109 | 2.393976678786772 × 10^285 |
| 108 | ov_108 | 2.777958105000901 × 10^285 |
| 107 | ov_107 | 3.2017696824206336 × 10^285 |
| 106 | ov_106 | 3.667670085238529 × 10^285 |
| 105 | ov_105 | 4.1780178990580484 × 10^285 |
| 104 | ov_104 | 4.73529043516835 × 10^285 |
| 103 | ov_103 | 5.3421047824860895 × 10^285 |
| 102 | ov_102 | 6.001241230824248 × 10^285 |
| 101 | ov_101 | 6.715669202982106 × 10^285 |
| 100 | ov_100 | 7.488575837885806 × 10^285 |
| 99 | ov_099 | 8.323397372781885 × 10^285 |
| 98 | ov_098 | 8.32347738818572 × 10^285 |
| 97 | ov_097 | 8.32372760867947 × 10^285 |
| 96 | aaa_78_29 | 1.2610155298079789 × 10^286 |
| 95 | aaa_78_28 | 3.5285327423972316 × 10^286 |
| 94 | ov_094 | 1.1565185139877617 × 10^287 |
| 93 | ov_093 | 2.75809654641822 × 10^287 |
| 92 | ov_092 | 5.636081107972804 × 10^287 |
| 91 | ov_091 | 1.0878868723351476 × 10^288 |
| 90 | ov_090 | 1.983772471517376 × 10^288 |
| 89 | ov_089 | 3.4126957936587984 × 10^288 |
| 88 | ov_088 | 5.5624296972740594 × 10^288 |
| 87 | ov_087 | 8.647159048110272 × 10^288 |
| 86 | ov_086 | 1.290759736272875 × 10^289 |
| 85 | ov_085 | 1.8611165001482268 × 10^289 |
| 84 | ov_084 | 2.6052243977596575 × 10^289 |
| 83 | ov_083 | 3.5552524450625827 × 10^289 |
| 82 | ov_082 | 4.746145797568935 × 10^289 |
| 81 | ov_081 | 6.215683258577202 × 10^289 |
| 64 | lv_79_m31 | 7.030298324066586 × 10^289 |
| 80 | ov_080 | 8.004548479485742 × 10^289 |
| 79 | ov_079 | 1.0156416362775072 × 10^290 |
| 78 | ov_078 | 1.2718056181240664 × 10^290 |
| 77 | ov_077 | 1.5739452931784128 × 10^290 |
| 76 | ov_076 | 1.9273948449172338 × 10^290 |
| 75 | ov_075 | 2.3378403815393928 × 10^290 |
| 74 | ov_074 | 2.8113384614422052 × 10^290 |
| 73 | ov_073 | 3.354337060126893 × 10^290 |
| 63 | ov_063 | 3.606591774006545 × 10^290 |
| 72 | ov_072 | 3.973699137922997 × 10^290 |
| 71 | ov_071 | 4.6767289711296825 × 10^290 |
| 70 | ov_070 | 5.47120141321042 × 10^290 |
| 69 | ov_069 | 6.36539425767975 × 10^290 |
| 68 | ov_068 | 7.368123880429844 × 10^290 |
| 67 | ov_067 | 8.488784346613952 × 10^290 |
| 66 | ov_066 | 8.488790414757418 × 10^290 |
| 65 | ov_065 | 8.488815210552326 × 10^290 |
| 62 | ov_062 | 1.849844972512092 × 10^291 |
| 61 | ov_061 | 6.741626527270543 × 10^291 |
| 60 | ov_060 | 1.9295652798719314 × 10^292 |
| 59 | ov_059 | 4.3809589503758895 × 10^292 |
| 58 | ov_058 | 8.624653486557905 × 10^292 |
| 57 | ov_057 | 1.5423503786160303 × 10^293 |
| 56 | ov_056 | 2.6469771029248227 × 10^293 |
| 55 | ov_055 | 4.37888355346237 × 10^293 |
| 54 | ov_054 | 6.8643274730343365 × 10^293 |
| 53 | ov_053 | 1.0372491573767371 × 10^294 |
| 52 | ov_052 | 1.520590562435212 × 10^294 |
| 51 | ov_051 | 2.1700481379913146 × 10^294 |
| 50 | ov_050 | 3.022557236279709 × 10^294 |
| 49 | ov_049 | 4.118407035727799 × 10^294 |
| 48 | ov_048 | 5.5012552587557935 × 10^294 |
| 47 | ov_047 | 7.21814956593913 × 10^294 |
| 32 | lv_80_m31 | 8.289152448128711 × 10^294 |
| 46 | ov_046 | 9.319557446436966 × 10^294 |
| 45 | ov_045 | 1.1859406637670787 × 10^295 |
| 44 | ov_044 | 1.489513832207954 × 10^295 |
| 43 | ov_043 | 1.8487775566055757 × 10^295 |
| 42 | ov_042 | 2.270200968667403 × 10^295 |
| 41 | ov_041 | 2.760630745647401 × 10^295 |
| 40 | ov_040 | 3.3237850238784834 × 10^295 |
| 39 | ov_039 | 3.9673076620263874 × 10^295 |
| 31 | ov_031 | 4.250522614708137 × 10^295 |
| 38 | ov_038 | 4.699267987505342 × 10^295 |
| 37 | ov_037 | 5.528183232378803 × 10^295 |
| 36 | ov_036 | 6.463044867597687 × 10^295 |
| 35 | ov_035 | 7.513349276737607 × 10^295 |
| 34 | ov_034 | 8.689133239338986 × 10^295 |
| 33 | ov_033 | 1.000101472447921 × 10^296 |
| 30 | ov_030 | 1.9199149285613587 × 10^296 |
| 29 | ov_029 | 6.350418141851147 × 10^296 |
| 28 | ov_028 | 1.6943273323788485 × 10^297 |
| 27 | ov_027 | 4.197563152569807 × 10^297 |
| 26 | ov_026 | 9.350329267665331 × 10^297 |
| 25 | ov_025 | 1.8749191946312799 × 10^298 |
| 24 | ov_024 | 3.4381714037102744 × 10^298 |
| 23 | ov_023 | 5.862648696183104 × 10^298 |
| 22 | ov_022 | 9.425320906569383 × 10^298 |
| 21 | ov_021 | 1.4442284416462066 × 10^299 |
| 20 | ov_020 | 2.1268790296184358 × 10^299 |
| 19 | ov_019 | 3.029929093307409 × 10^299 |
| 18 | ov_018 | 4.196751513363731 × 10^299 |
| 17 | ov_017 | 5.67465848781526 × 10^299 |
| 16 | ov_016 | 7.514918797593425 × 10^299 |
| 15 | ov_015 | 9.772782353541448 × 10^299 |
| 14 | ov_014 | 1.2507514202240508 × 10^300 |
| 13 | ov_013 | 1.578244054454606 × 10^300 |
| 12 | ov_012 | 1.9665009588085456 × 10^300 |
| 11 | ov_011 | 2.4226870322977995 × 10^300 |
| 10 | ov_010 | 2.954397257905318 × 10^300 |
| 9 | ov_009 | 3.569669199333688 × 10^300 |
| 8 | ov_008 | 4.2769983789158445 × 10^300 |
| 7 | ov_007 | 5.085356954367109 × 10^300 |
| 6 | ov_006 | 6.004216139980873 × 10^300 |
| 5 | ov_005 | 7.043572846285069 × 10^300 |
| 4 | ov_004 | 8.213981041216176 × 10^300 |
| 3 | ov_003 | 9.526588330495543 × 10^300 |
| 2 | ov_002 | 1.099317821528871 × 10^301 |
| 1 | ov_001 | 1.2626218517174537 × 10^301 |

