# Results for F001-F002-F003-F004-F005-F006-F007-F008-F009-F010-F011-F012-F013-F014-F015-F016-F017-F018-F019-F020-F021-F022-F023-F024-F025-F026-F027-F028-F029-F030-F031-F032-F033-F034-F035-F036-F037-F038-F039-F040-F041-F042-F043-F044-F045-F046-F047-F048-F049-F050-F051-F052-F053-F054-F055-F056-F057-F058-F059-F060-F061-F062-F063-F064-F065-F066-F067-F068-F069-F070-F071-F072-F073-F074-F075-F076-F077-F078-F079-F080-F081-F082-F083-F084-F085-F086-F087-F088-F089-F090-F091-F092-F093-F094-F095-F096-F097-F098-F099-F100-F101-F102-F103-F104-F105-F106-F107-F108-F109-F110-F111-F112-F113-F114-F115-F116-F117-F118-F119-F120-F121-F122-F123-F124-F125-F126-F127-F128-F129-F130-F131-F132-F133-F134-F135-F136-F137-F138-F139-F140-F141-F142-F143-F144-F145-F146-F147-F148-F149-F150-F151-F152-F153-F154-F155-F156-F157-F158-F159-F160-F161-F162-F163-F164-F165-F166-F167-F168-F169-F170-F171-F172-F173-F174-F175-F176-F177-F178-F179-F180-F181-F182-F183-F184-F185-F186-F187-F188-F189-F190-F191-F192-F193-F194-F195-F196-F197-F198-F199-F200-F201-F202-F203-F204-F205-F206-F207-F208-F209-F210-F211-F212-F213-F214-F215-F216-F217-F218-F219-F220-F221-F222-F223-F224-F225-F226-F227-F228-F229-F230-F231-F232-F233-F234-F235-F236-F237-F238-F239-F240-F241-F242-F243-F244-F245-F246-F247-F248-F249-F250-F251-F252-F253-F254-F255-F256-F257-F258-F259-F260-F261-F262-F263-F264-F265-F266-F267-F268-F269-F270-F271-F272-F273-F274-F275-F276-F277-F278-F279-F280-F281-F282-F283-F284-F285-F286-F287-F288-F289-F290-F291-F292-F293-F294-F295-F296-F297-F298-F299-F300-F301-F302-F303-F304-F305-F306-F307-F308-F309-F310-F311-F312-F313-F314-F315-F316-F317-F318-F319-F320-F321-F322-F323-F324-F325-F326-F327-F328-F329-F330-F331-F332-F333-F334-F335-F336-F337-F338-F339-F340-F341-F342-F343-F344-F345-F346-F347-F348-F349-F350-F351-F352-F353-F354-F355-F356-F357-F358-F359-F360-F361-F362-F363-F364-F365-F366-F367-F368-F369-F370-F371-F372-F373-F374-F375-F376-F377-F378-F379-F380-F381-F382-F383-F384-F385-F386-F387-F388-F389-F390-F391-F392-F393-F394-F395-F396-F397-F398-F399-F400-F401-F402-F403-F404-F405-F406-F407-F408-F409-F410-F411-F412-F413-F414-F415-F416-F417-F418-F419-F420-F421-F422-F423-F424-F425-F426-F427-F428-F429-F430-F431-F432-F433-F434-F435-F436-F437-F438-F439-F440-F441-F442-F443-F444-F445-F446-F447-F448-F449-F450-F451-F452-F453-F454-F455-F456-F457-F458-F459-F460-F461-F462-F463-F464-F465-F466-F467-F468-F469-F470-F471-F472-F473-F474-F475-F476-F477-F478-F479-F480-F481-F482-F483-F484-F485-F486-F487-F488-F489-F490-F491-F492-F493-F494-F495-F496-E504508-F512

## Summary

Number of input bits: 512  
Number of free input bits: 14  
Number of output bits: 160

Number of direct occurrences: 57281  
Number of assignments: 31888  
Number of operations: 11237886
(xor: 11209444,
and: 14831,
or: 13611)

Total complexity: 4.654168390987772 × 10^301

Least occurring input variable: iv_502 (3896)  
Most occurring input variable: iv_510 (4276)

Most co-occurring input variables: iv_509-iv_510 (2133)  
Least co-occurring input variables: iv_498-iv_502 (1769)

Potentially most occurring input variable: iv_507/iv_510 (4513)  
Potentially least occurring input variable: iv_501/iv_505 (4160)

Least output occurring input variable: iv_510 (74)  
Most output occurring input variable: iv_497 (93)

Most output co-occurring input variables: iv_497-iv_502 (52)  
Least output co-occurring input variables: iv_502-iv_503 (32)

Potentially most output occurring input variable: iv_502/iv_503 (96)  
Potentially least output occurring input variable: iv_500/iv_505 (71)

Least complex input bit: iv_511 (8.778601763910702 × 10^297)  
Most complex input bit: iv_510 (1.1555026482196847 × 10^301)

Least complex output bit: aaa_76_29 (7.90728019803007 × 10^276)  
Most complex output bit: ov_001 (7.276191074313681 × 10^300)

Least complex input/output complexity: iv_511/aaa_76_29 (1.491455788934848 × 10^273)  
Most complex input/output complexity: iv_510/ov_001 (1.8064791277432706 × 10^300)

## Input Bits

### Input Bits in Regular Order

| Input Bit | Complexity | Occurrences | Output Occurrences |
|:---------:|:----------:|:-----------:|:------------------:|
| iv_497 | 4.118240723277394 × 10^298 | 4146 | 93 |
| iv_498 | 8.206494610061 × 10^298 | 3946 | 88 |
| iv_499 | 1.4442576826549396 × 10^299 | 3956 | 81 |
| iv_500 | 2.4295081807822805 × 10^299 | 4122 | 76 |
| iv_501 | 4.083510168117866 × 10^299 | 4093 | 83 |
| iv_502 | 6.634755676237485 × 10^299 | 3896 | 82 |
| iv_503 | 1.0535214723305107 × 10^300 | 4164 | 78 |
| iv_504 | 9.57411266693625 × 10^300 | 4111 | 78 |
| iv_505 | 2.5009717263296093 × 10^300 | 3931 | 79 |
| iv_506 | 3.7551736016225826 × 10^300 | 3970 | 82 |
| iv_507 | 5.551935214345904 × 10^300 | 4193 | 76 |
| iv_509 | 1.0959713620239468 × 10^301 | 4253 | 80 |
| iv_510 | 1.1555026482196847 × 10^301 | 4276 | 74 |
| iv_511 | 8.778601763910702 × 10^297 | 4224 | 80 |

### Input Bits Sorted by Complexity

| Input Bit | Complexity | Occurrences | Output Occurrences |
|:---------:|:----------:|:-----------:|:------------------:|
| iv_511 | 8.778601763910702 × 10^297 | 4224 | 80 |
| iv_497 | 4.118240723277394 × 10^298 | 4146 | 93 |
| iv_498 | 8.206494610061 × 10^298 | 3946 | 88 |
| iv_499 | 1.4442576826549396 × 10^299 | 3956 | 81 |
| iv_500 | 2.4295081807822805 × 10^299 | 4122 | 76 |
| iv_501 | 4.083510168117866 × 10^299 | 4093 | 83 |
| iv_502 | 6.634755676237485 × 10^299 | 3896 | 82 |
| iv_503 | 1.0535214723305107 × 10^300 | 4164 | 78 |
| iv_505 | 2.5009717263296093 × 10^300 | 3931 | 79 |
| iv_506 | 3.7551736016225826 × 10^300 | 3970 | 82 |
| iv_507 | 5.551935214345904 × 10^300 | 4193 | 76 |
| iv_504 | 9.57411266693625 × 10^300 | 4111 | 78 |
| iv_509 | 1.0959713620239468 × 10^301 | 4253 | 80 |
| iv_510 | 1.1555026482196847 × 10^301 | 4276 | 74 |

### Input Bits Sorted by Occurrences

| Input Bit | Complexity | Occurrences | Output Occurrences |
|:---------:|:----------:|:-----------:|:------------------:|
| iv_502 | 6.634755676237485 × 10^299 | 3896 | 82 |
| iv_505 | 2.5009717263296093 × 10^300 | 3931 | 79 |
| iv_498 | 8.206494610061 × 10^298 | 3946 | 88 |
| iv_499 | 1.4442576826549396 × 10^299 | 3956 | 81 |
| iv_506 | 3.7551736016225826 × 10^300 | 3970 | 82 |
| iv_501 | 4.083510168117866 × 10^299 | 4093 | 83 |
| iv_504 | 9.57411266693625 × 10^300 | 4111 | 78 |
| iv_500 | 2.4295081807822805 × 10^299 | 4122 | 76 |
| iv_497 | 4.118240723277394 × 10^298 | 4146 | 93 |
| iv_503 | 1.0535214723305107 × 10^300 | 4164 | 78 |
| iv_507 | 5.551935214345904 × 10^300 | 4193 | 76 |
| iv_511 | 8.778601763910702 × 10^297 | 4224 | 80 |
| iv_509 | 1.0959713620239468 × 10^301 | 4253 | 80 |
| iv_510 | 1.1555026482196847 × 10^301 | 4276 | 74 |

### Input Bits Sorted by Output Occurrences

| Input Bit | Complexity | Occurrences | Output Occurrences |
|:---------:|:----------:|:-----------:|:------------------:|
| iv_510 | 1.1555026482196847 × 10^301 | 4276 | 74 |
| iv_500 | 2.4295081807822805 × 10^299 | 4122 | 76 |
| iv_507 | 5.551935214345904 × 10^300 | 4193 | 76 |
| iv_503 | 1.0535214723305107 × 10^300 | 4164 | 78 |
| iv_504 | 9.57411266693625 × 10^300 | 4111 | 78 |
| iv_505 | 2.5009717263296093 × 10^300 | 3931 | 79 |
| iv_509 | 1.0959713620239468 × 10^301 | 4253 | 80 |
| iv_511 | 8.778601763910702 × 10^297 | 4224 | 80 |
| iv_499 | 1.4442576826549396 × 10^299 | 3956 | 81 |
| iv_502 | 6.634755676237485 × 10^299 | 3896 | 82 |
| iv_506 | 3.7551736016225826 × 10^300 | 3970 | 82 |
| iv_501 | 4.083510168117866 × 10^299 | 4093 | 83 |
| iv_498 | 8.206494610061 × 10^298 | 3946 | 88 |
| iv_497 | 4.118240723277394 × 10^298 | 4146 | 93 |

## Input Bit Co-occurrences

### Input Bit Co-occurrences Sorted by Co-occurrences

| Input Bits | Co-occurrences | Potential Occurrences | Output Co-occurrences | Potential Output Occurrences |
|:----------:|:--------------:|:---------------------:|:---------------------:|:----------------------------:|
| iv_509-iv_510 | 2133 | 4263 | 37 | 80 |
| iv_500-iv_511 | 2081 | 4184 | 38 | 80 |
| iv_509-iv_511 | 2080 | 4317 | 37 | 86 |
| iv_510-iv_511 | 2077 | 4346 | 39 | 76 |
| iv_504-iv_511 | 2063 | 4209 | 39 | 80 |
| iv_500-iv_510 | 2060 | 4278 | 38 | 74 |
| iv_497-iv_509 | 2054 | 4291 | 49 | 75 |
| iv_497-iv_507 | 2050 | 4239 | 44 | 81 |
| iv_501-iv_509 | 2039 | 4268 | 45 | 73 |
| iv_504-iv_510 | 2035 | 4317 | 38 | 76 |
| iv_507-iv_509 | 2035 | 4376 | 38 | 80 |
| iv_501-iv_511 | 2034 | 4249 | 39 | 85 |
| iv_504-iv_509 | 2031 | 4302 | 32 | 94 |
| iv_503-iv_509 | 2031 | 4355 | 38 | 82 |

### Input Bit Co-occurrences Sorted by Potential Occurrences

| Input Bits | Co-occurrences | Potential Occurrences | Output Co-occurrences | Potential Output Occurrences |
|:----------:|:--------------:|:---------------------:|:---------------------:|:----------------------------:|
| iv_501-iv_505 | 1932 | 4160 | 45 | 72 |
| iv_502-iv_505 | 1833 | 4161 | 36 | 89 |
| iv_506-iv_507 | 1996 | 4171 | 39 | 80 |
| iv_499-iv_505 | 1858 | 4171 | 42 | 76 |
| iv_500-iv_511 | 2081 | 4184 | 38 | 80 |
| iv_499-iv_501 | 1932 | 4185 | 44 | 76 |
| iv_499-iv_509 | 2011 | 4187 | 43 | 75 |
| iv_500-iv_505 | 1928 | 4197 | 42 | 71 |
| iv_497-iv_506 | 1955 | 4206 | 51 | 73 |
| iv_504-iv_511 | 2063 | 4209 | 39 | 80 |
| iv_505-iv_510 | 1996 | 4215 | 40 | 73 |
| iv_498-iv_506 | 1850 | 4216 | 41 | 88 |
| iv_497-iv_501 | 2008 | 4223 | 48 | 80 |
| iv_502-iv_506 | 1821 | 4224 | 44 | 76 |

### Input Bit Output Co-occurrences Sorted by Output Co-occurrences

| Input Bits | Co-occurrences | Potential Occurrences | Output Co-occurrences | Potential Output Occurrences |
|:----------:|:--------------:|:---------------------:|:---------------------:|:----------------------------:|
| iv_497-iv_502 | 1905 | 4232 | 52 | 71 |
| iv_497-iv_506 | 1955 | 4206 | 51 | 73 |
| iv_497-iv_498 | 1893 | 4306 | 50 | 81 |
| iv_497-iv_503 | 1992 | 4326 | 49 | 73 |
| iv_497-iv_509 | 2054 | 4291 | 49 | 75 |
| iv_498-iv_499 | 1833 | 4236 | 48 | 73 |
| iv_498-iv_501 | 1873 | 4293 | 48 | 75 |
| iv_497-iv_501 | 2008 | 4223 | 48 | 80 |
| iv_497-iv_504 | 1982 | 4293 | 48 | 75 |
| iv_497-iv_505 | 1911 | 4255 | 47 | 78 |
| iv_497-iv_511 | 2010 | 4350 | 47 | 79 |
| iv_498-iv_502 | 1769 | 4304 | 46 | 78 |
| iv_501-iv_505 | 1932 | 4160 | 45 | 72 |
| iv_501-iv_509 | 2039 | 4268 | 45 | 73 |

### Input Bit Output Co-occurrences Sorted by Potential Output Occurrences

| Input Bits | Co-occurrences | Potential Occurrences | Output Co-occurrences | Potential Output Occurrences |
|:----------:|:--------------:|:---------------------:|:---------------------:|:----------------------------:|
| iv_500-iv_505 | 1928 | 4197 | 42 | 71 |
| iv_504-iv_505 | 1830 | 4382 | 43 | 71 |
| iv_497-iv_502 | 1905 | 4232 | 52 | 71 |
| iv_501-iv_505 | 1932 | 4160 | 45 | 72 |
| iv_502-iv_511 | 1924 | 4272 | 45 | 72 |
| iv_504-iv_507 | 1981 | 4342 | 41 | 72 |
| iv_501-iv_509 | 2039 | 4268 | 45 | 73 |
| iv_503-iv_505 | 1931 | 4233 | 42 | 73 |
| iv_498-iv_499 | 1833 | 4236 | 48 | 73 |
| iv_499-iv_500 | 1898 | 4282 | 42 | 73 |
| iv_505-iv_510 | 1996 | 4215 | 40 | 73 |
| iv_497-iv_503 | 1992 | 4326 | 49 | 73 |
| iv_497-iv_506 | 1955 | 4206 | 51 | 73 |
| iv_500-iv_510 | 2060 | 4278 | 38 | 74 |

## Output Bits

### Output Bits in Regular Order

| Rank | Output Bit | Complexity |
|:----:|:----------:|:----------:|
| 1 | ov_001 | 7.276191074313681 × 10^300 |
| 2 | ov_002 | 6.331460437322629 × 10^300 |
| 3 | ov_003 | 5.4833128728772166 × 10^300 |
| 4 | ov_004 | 4.7245045708054274 × 10^300 |
| 5 | ov_005 | 4.0481882555779006 × 10^300 |
| 6 | ov_006 | 3.4478852283180645 × 10^300 |
| 7 | ov_007 | 2.9174610516378655 × 10^300 |
| 8 | ov_008 | 2.451104541777684 × 10^300 |
| 9 | ov_009 | 2.0433097504678067 × 10^300 |
| 10 | ov_010 | 1.688860636220938 × 10^300 |
| 11 | ov_011 | 1.3828181415261804 × 10^300 |
| 12 | ov_012 | 1.1205094087457344 × 10^300 |
| 13 | ov_013 | 8.975188835033043 × 10^299 |
| 14 | ov_014 | 7.096810700721317 × 10^299 |
| 15 | ov_015 | 5.530747187833826 × 10^299 |
| 16 | ov_016 | 4.240182408340204 × 10^299 |
| 17 | ov_017 | 3.1906616111947494 × 10^299 |
| 18 | ov_018 | 2.3500643488359075 × 10^299 |
| 19 | ov_019 | 1.6885846909202382 × 10^299 |
| 20 | ov_020 | 1.178717045140929 × 10^299 |
| 21 | ov_021 | 7.952462955503559 × 10^298 |
| 22 | ov_022 | 5.152411192422613 × 10^298 |
| 23 | ov_023 | 3.18049535617224 × 10^298 |
| 24 | ov_024 | 1.852960124079731 × 10^298 |
| 25 | ov_025 | 1.008796943949943 × 10^298 |
| 26 | ov_026 | 5.097343282411537 × 10^297 |
| 27 | ov_027 | 2.4023328577623385 × 10^297 |
| 28 | ov_028 | 1.074855197690111 × 10^297 |
| 29 | ov_029 | 4.141284754627026 × 10^296 |
| 30 | ov_030 | 1.2658676154086924 × 10^296 |
| 31 | ov_031 | 2.468635154357624 × 10^295 |
| 32 | lv_80_m31 | 4.813208125927092 × 10^294 |
| 33 | ov_033 | 5.795269836156489 × 10^295 |
| 34 | ov_034 | 5.03251989082954 × 10^295 |
| 35 | ov_035 | 4.348767950207087 × 10^295 |
| 36 | ov_036 | 3.738040030008953 × 10^295 |
| 37 | ov_037 | 3.1946881261576787 × 10^295 |
| 38 | ov_038 | 2.713367313530437 × 10^295 |
| 39 | ov_039 | 2.2890158514869662 × 10^295 |
| 40 | ov_040 | 1.9168380108915902 × 10^295 |
| 41 | ov_041 | 1.5922893547440324 × 10^295 |
| 42 | ov_042 | 1.3110642210278384 × 10^295 |
| 43 | ov_043 | 1.0690851720847518 × 10^295 |
| 44 | ov_044 | 8.624941898289444 × 10^294 |
| 45 | ov_045 | 6.876454105202593 × 10^294 |
| 46 | ov_046 | 5.410992067072214 × 10^294 |
| 47 | ov_047 | 4.1961743740826733 × 10^294 |
| 48 | ov_048 | 3.2015970069619976 × 10^294 |
| 49 | ov_049 | 2.398804356522046 × 10^294 |
| 50 | ov_050 | 1.761267332209058 × 10^294 |
| 51 | ov_051 | 1.2643672787897258 × 10^294 |
| 52 | ov_052 | 8.853845427202286 × 10^293 |
| 53 | ov_053 | 6.034906511634639 × 10^293 |
| 54 | ov_054 | 3.997431873481808 × 10^293 |
| 55 | ov_055 | 2.5708256625004804 × 10^293 |
| 56 | ov_056 | 1.6033006186705447 × 10^293 |
| 57 | ov_057 | 9.61866315622082 × 10^292 |
| 58 | ov_058 | 5.323225462228541 × 10^292 |
| 59 | ov_059 | 2.622661881299681 × 10^292 |
| 60 | ov_060 | 1.08687016842703 × 10^292 |
| 61 | ov_061 | 3.7967313214823 × 10^291 |
| 62 | ov_062 | 1.0416088379992407 × 10^291 |
| 63 | ov_063 | 2.030406224618211 × 10^290 |
| 64 | lv_79_m31 | 3.957076449311636 × 10^289 |
| 65 | ov_065 | 4.762931903473428 × 10^290 |
| 66 | ov_066 | 4.7629177720479016 × 10^290 |
| 67 | ov_067 | 4.762914313672574 × 10^290 |
| 68 | ov_068 | 4.13018097002509 × 10^290 |
| 69 | ov_069 | 3.564410592326201 × 10^290 |
| 70 | ov_070 | 3.0602496944291623 × 10^290 |
| 71 | ov_071 | 2.612674050844376 × 10^290 |
| 72 | ov_072 | 2.2169664054576923 × 10^290 |
| 73 | ov_073 | 1.868696154026637 × 10^290 |
| 74 | ov_074 | 1.5637008952588813 × 10^290 |
| 75 | ov_075 | 1.29806974943053 × 10^290 |
| 76 | ov_076 | 1.068128346937362 × 10^290 |
| 77 | ov_077 | 8.704253919784568 × 10^289 |
| 78 | ov_078 | 7.017207088308894 × 10^289 |
| 79 | ov_079 | 5.589746799632234 × 10^289 |
| 80 | ov_080 | 4.3933898662530527 × 10^289 |
| 81 | ov_081 | 3.4014856360771906 × 10^289 |
| 82 | ov_082 | 2.589146806458601 × 10^289 |
| 83 | ov_083 | 1.9331906350498058 × 10^289 |
| 84 | ov_084 | 1.4120896817212027 × 10^289 |
| 85 | ov_085 | 1.0059312184131797 × 10^289 |
| 86 | ov_086 | 6.963844454671046 × 10^288 |
| 87 | ov_087 | 4.666746540372633 × 10^288 |
| 88 | ov_088 | 3.015634748299266 × 10^288 |
| 89 | ov_089 | 1.8733435378897393 × 10^288 |
| 90 | ov_090 | 1.1178239554590288 × 10^288 |
| 91 | ov_091 | 6.42077155471851 × 10^287 |
| 92 | ov_092 | 3.541144901237568 × 10^287 |
| 93 | ov_093 | 1.769360734049325 × 10^287 |
| 94 | ov_094 | 7.578738600686471 × 10^286 |
| 95 | aaa_78_28 | 2.3401868134560196 × 10^286 |
| 96 | aaa_78_29 | 7.186568514891699 × 10^285 |
| 97 | ov_097 | 4.7442080036281973 × 10^285 |
| 98 | ov_098 | 4.744065498972357 × 10^285 |
| 99 | ov_099 | 4.7440199396889787 × 10^285 |
| 100 | ov_100 | 4.2683837766700193 × 10^285 |
| 101 | ov_101 | 3.827987143703251 × 10^285 |
| 102 | ov_102 | 3.42087870944455 × 10^285 |
| 103 | ov_103 | 3.0452487561511834 × 10^285 |
| 104 | ov_104 | 2.699411223127236 × 10^285 |
| 105 | ov_105 | 2.3817873587233912 × 10^285 |
| 106 | ov_106 | 2.0908908961745075 × 10^285 |
| 107 | ov_107 | 1.8253146718203993 × 10^285 |
| 108 | ov_108 | 1.5837186069263922 × 10^285 |
| 109 | ov_109 | 1.3648189764773038 × 10^285 |
| 110 | ov_110 | 1.1673788900292434 × 10^285 |
| 111 | ov_111 | 9.901999110329931 × 10^284 |
| 112 | ov_112 | 8.321147420509634 × 10^284 |
| 113 | ov_113 | 6.919809040321758 × 10^284 |
| 114 | ov_114 | 5.686753383370001 × 10^284 |
| 115 | ov_115 | 4.6108986056130366 × 10^284 |
| 116 | ov_116 | 3.681273954392363 × 10^284 |
| 117 | ov_117 | 2.8869892224132803 × 10^284 |
| 118 | ov_118 | 2.217210601610897 × 10^284 |
| 119 | ov_119 | 1.6611422322381503 × 10^284 |
| 120 | ov_120 | 1.208012742728416 × 10^284 |
| 121 | ov_121 | 8.470660760039401 × 10^283 |
| 122 | ov_122 | 5.675555822424974 × 10^283 |
| 123 | ov_123 | 3.587401304492561 × 10^283 |
| 124 | ov_124 | 2.098814829690103 × 10^283 |
| 125 | ov_125 | 1.1024266714100177 × 10^283 |
| 126 | ov_126 | 4.908714364998506 × 10^282 |
| 127 | aaa_77_28 | 1.5678486850548783 × 10^282 |
| 128 | aaa_77_29 | 5.8799726629317935 × 10^281 |
| 129 | ov_129 | 5.493555686612642 × 10^281 |
| 130 | ov_130 | 5.49354026985007 × 10^281 |
| 131 | ov_131 | 5.4935365373622824 × 10^281 |
| 132 | ov_132 | 4.773830534148986 × 10^281 |
| 133 | ov_133 | 4.128205301778324 × 10^281 |
| 134 | ov_134 | 3.551094096028029 × 10^281 |
| 135 | ov_135 | 3.0372332052727546 × 10^281 |
| 136 | ov_136 | 2.581640371461546 × 10^281 |
| 137 | ov_137 | 2.1795960710724104 × 10^281 |
| 138 | ov_138 | 1.826627392070632 × 10^281 |
| 139 | ov_139 | 1.5184942566118757 × 10^281 |
| 140 | ov_140 | 1.2511777524986109 × 10^281 |
| 141 | ov_141 | 1.0208703493102661 × 10^281 |
| 142 | ov_142 | 8.239677877624634 × 10^280 |
| 143 | ov_143 | 6.570624432750301 × 10^280 |
| 144 | ov_144 | 5.169379769974644 × 10^280 |
| 145 | ov_145 | 4.0056509969882387 × 10^280 |
| 146 | ov_146 | 3.050982860119759 × 10^280 |
| 147 | ov_147 | 2.2787328855632507 × 10^280 |
| 148 | ov_148 | 1.6640531346744333 × 10^280 |
| 149 | ov_149 | 1.1838773084867178 × 10^280 |
| 150 | ov_150 | 8.169120563588993 × 10^279 |
| 151 | ov_151 | 5.436314633618958 × 10^279 |
| 152 | ov_152 | 3.4627381066439534 × 10^279 |
| 153 | ov_153 | 2.0883982280262394 × 10^279 |
| 154 | ov_154 | 1.1709176203493341 × 10^279 |
| 155 | ov_155 | 5.855293950323443 × 10^278 |
| 156 | aaa_76_25 | 2.250744910452285 × 10^278 |
| 157 | aaa_76_26 | 1.3006903772393503 × 10^278 |
| 158 | aaa_76_27 | 6.663587081215851 × 10^277 |
| 159 | aaa_76_28 | 2.597236065621344 × 10^277 |
| 160 | aaa_76_29 | 7.90728019803007 × 10^276 |

### Output Bits Sorted by Complexity

| Rank | Output Bit | Complexity |
|:----:|:----------:|:----------:|
| 160 | aaa_76_29 | 7.90728019803007 × 10^276 |
| 159 | aaa_76_28 | 2.597236065621344 × 10^277 |
| 158 | aaa_76_27 | 6.663587081215851 × 10^277 |
| 157 | aaa_76_26 | 1.3006903772393503 × 10^278 |
| 156 | aaa_76_25 | 2.250744910452285 × 10^278 |
| 155 | ov_155 | 5.855293950323443 × 10^278 |
| 154 | ov_154 | 1.1709176203493341 × 10^279 |
| 153 | ov_153 | 2.0883982280262394 × 10^279 |
| 152 | ov_152 | 3.4627381066439534 × 10^279 |
| 151 | ov_151 | 5.436314633618958 × 10^279 |
| 150 | ov_150 | 8.169120563588993 × 10^279 |
| 149 | ov_149 | 1.1838773084867178 × 10^280 |
| 148 | ov_148 | 1.6640531346744333 × 10^280 |
| 147 | ov_147 | 2.2787328855632507 × 10^280 |
| 146 | ov_146 | 3.050982860119759 × 10^280 |
| 145 | ov_145 | 4.0056509969882387 × 10^280 |
| 144 | ov_144 | 5.169379769974644 × 10^280 |
| 143 | ov_143 | 6.570624432750301 × 10^280 |
| 142 | ov_142 | 8.239677877624634 × 10^280 |
| 141 | ov_141 | 1.0208703493102661 × 10^281 |
| 140 | ov_140 | 1.2511777524986109 × 10^281 |
| 139 | ov_139 | 1.5184942566118757 × 10^281 |
| 138 | ov_138 | 1.826627392070632 × 10^281 |
| 137 | ov_137 | 2.1795960710724104 × 10^281 |
| 136 | ov_136 | 2.581640371461546 × 10^281 |
| 135 | ov_135 | 3.0372332052727546 × 10^281 |
| 134 | ov_134 | 3.551094096028029 × 10^281 |
| 133 | ov_133 | 4.128205301778324 × 10^281 |
| 132 | ov_132 | 4.773830534148986 × 10^281 |
| 131 | ov_131 | 5.4935365373622824 × 10^281 |
| 130 | ov_130 | 5.49354026985007 × 10^281 |
| 129 | ov_129 | 5.493555686612642 × 10^281 |
| 128 | aaa_77_29 | 5.8799726629317935 × 10^281 |
| 127 | aaa_77_28 | 1.5678486850548783 × 10^282 |
| 126 | ov_126 | 4.908714364998506 × 10^282 |
| 125 | ov_125 | 1.1024266714100177 × 10^283 |
| 124 | ov_124 | 2.098814829690103 × 10^283 |
| 123 | ov_123 | 3.587401304492561 × 10^283 |
| 122 | ov_122 | 5.675555822424974 × 10^283 |
| 121 | ov_121 | 8.470660760039401 × 10^283 |
| 120 | ov_120 | 1.208012742728416 × 10^284 |
| 119 | ov_119 | 1.6611422322381503 × 10^284 |
| 118 | ov_118 | 2.217210601610897 × 10^284 |
| 117 | ov_117 | 2.8869892224132803 × 10^284 |
| 116 | ov_116 | 3.681273954392363 × 10^284 |
| 115 | ov_115 | 4.6108986056130366 × 10^284 |
| 114 | ov_114 | 5.686753383370001 × 10^284 |
| 113 | ov_113 | 6.919809040321758 × 10^284 |
| 112 | ov_112 | 8.321147420509634 × 10^284 |
| 111 | ov_111 | 9.901999110329931 × 10^284 |
| 110 | ov_110 | 1.1673788900292434 × 10^285 |
| 109 | ov_109 | 1.3648189764773038 × 10^285 |
| 108 | ov_108 | 1.5837186069263922 × 10^285 |
| 107 | ov_107 | 1.8253146718203993 × 10^285 |
| 106 | ov_106 | 2.0908908961745075 × 10^285 |
| 105 | ov_105 | 2.3817873587233912 × 10^285 |
| 104 | ov_104 | 2.699411223127236 × 10^285 |
| 103 | ov_103 | 3.0452487561511834 × 10^285 |
| 102 | ov_102 | 3.42087870944455 × 10^285 |
| 101 | ov_101 | 3.827987143703251 × 10^285 |
| 100 | ov_100 | 4.2683837766700193 × 10^285 |
| 99 | ov_099 | 4.7440199396889787 × 10^285 |
| 98 | ov_098 | 4.744065498972357 × 10^285 |
| 97 | ov_097 | 4.7442080036281973 × 10^285 |
| 96 | aaa_78_29 | 7.186568514891699 × 10^285 |
| 95 | aaa_78_28 | 2.3401868134560196 × 10^286 |
| 94 | ov_094 | 7.578738600686471 × 10^286 |
| 93 | ov_093 | 1.769360734049325 × 10^287 |
| 92 | ov_092 | 3.541144901237568 × 10^287 |
| 91 | ov_091 | 6.42077155471851 × 10^287 |
| 90 | ov_090 | 1.1178239554590288 × 10^288 |
| 89 | ov_089 | 1.8733435378897393 × 10^288 |
| 88 | ov_088 | 3.015634748299266 × 10^288 |
| 87 | ov_087 | 4.666746540372633 × 10^288 |
| 86 | ov_086 | 6.963844454671046 × 10^288 |
| 85 | ov_085 | 1.0059312184131797 × 10^289 |
| 84 | ov_084 | 1.4120896817212027 × 10^289 |
| 83 | ov_083 | 1.9331906350498058 × 10^289 |
| 82 | ov_082 | 2.589146806458601 × 10^289 |
| 81 | ov_081 | 3.4014856360771906 × 10^289 |
| 64 | lv_79_m31 | 3.957076449311636 × 10^289 |
| 80 | ov_080 | 4.3933898662530527 × 10^289 |
| 79 | ov_079 | 5.589746799632234 × 10^289 |
| 78 | ov_078 | 7.017207088308894 × 10^289 |
| 77 | ov_077 | 8.704253919784568 × 10^289 |
| 76 | ov_076 | 1.068128346937362 × 10^290 |
| 75 | ov_075 | 1.29806974943053 × 10^290 |
| 74 | ov_074 | 1.5637008952588813 × 10^290 |
| 73 | ov_073 | 1.868696154026637 × 10^290 |
| 63 | ov_063 | 2.030406224618211 × 10^290 |
| 72 | ov_072 | 2.2169664054576923 × 10^290 |
| 71 | ov_071 | 2.612674050844376 × 10^290 |
| 70 | ov_070 | 3.0602496944291623 × 10^290 |
| 69 | ov_069 | 3.564410592326201 × 10^290 |
| 68 | ov_068 | 4.13018097002509 × 10^290 |
| 67 | ov_067 | 4.762914313672574 × 10^290 |
| 66 | ov_066 | 4.7629177720479016 × 10^290 |
| 65 | ov_065 | 4.762931903473428 × 10^290 |
| 62 | ov_062 | 1.0416088379992407 × 10^291 |
| 61 | ov_061 | 3.7967313214823 × 10^291 |
| 60 | ov_060 | 1.08687016842703 × 10^292 |
| 59 | ov_059 | 2.622661881299681 × 10^292 |
| 58 | ov_058 | 5.323225462228541 × 10^292 |
| 57 | ov_057 | 9.61866315622082 × 10^292 |
| 56 | ov_056 | 1.6033006186705447 × 10^293 |
| 55 | ov_055 | 2.5708256625004804 × 10^293 |
| 54 | ov_054 | 3.997431873481808 × 10^293 |
| 53 | ov_053 | 6.034906511634639 × 10^293 |
| 52 | ov_052 | 8.853845427202286 × 10^293 |
| 51 | ov_051 | 1.2643672787897258 × 10^294 |
| 50 | ov_050 | 1.761267332209058 × 10^294 |
| 49 | ov_049 | 2.398804356522046 × 10^294 |
| 48 | ov_048 | 3.2015970069619976 × 10^294 |
| 47 | ov_047 | 4.1961743740826733 × 10^294 |
| 32 | lv_80_m31 | 4.813208125927092 × 10^294 |
| 46 | ov_046 | 5.410992067072214 × 10^294 |
| 45 | ov_045 | 6.876454105202593 × 10^294 |
| 44 | ov_044 | 8.624941898289444 × 10^294 |
| 43 | ov_043 | 1.0690851720847518 × 10^295 |
| 42 | ov_042 | 1.3110642210278384 × 10^295 |
| 41 | ov_041 | 1.5922893547440324 × 10^295 |
| 40 | ov_040 | 1.9168380108915902 × 10^295 |
| 39 | ov_039 | 2.2890158514869662 × 10^295 |
| 31 | ov_031 | 2.468635154357624 × 10^295 |
| 38 | ov_038 | 2.713367313530437 × 10^295 |
| 37 | ov_037 | 3.1946881261576787 × 10^295 |
| 36 | ov_036 | 3.738040030008953 × 10^295 |
| 35 | ov_035 | 4.348767950207087 × 10^295 |
| 34 | ov_034 | 5.03251989082954 × 10^295 |
| 33 | ov_033 | 5.795269836156489 × 10^295 |
| 30 | ov_030 | 1.2658676154086924 × 10^296 |
| 29 | ov_029 | 4.141284754627026 × 10^296 |
| 28 | ov_028 | 1.074855197690111 × 10^297 |
| 27 | ov_027 | 2.4023328577623385 × 10^297 |
| 26 | ov_026 | 5.097343282411537 × 10^297 |
| 25 | ov_025 | 1.008796943949943 × 10^298 |
| 24 | ov_024 | 1.852960124079731 × 10^298 |
| 23 | ov_023 | 3.18049535617224 × 10^298 |
| 22 | ov_022 | 5.152411192422613 × 10^298 |
| 21 | ov_021 | 7.952462955503559 × 10^298 |
| 20 | ov_020 | 1.178717045140929 × 10^299 |
| 19 | ov_019 | 1.6885846909202382 × 10^299 |
| 18 | ov_018 | 2.3500643488359075 × 10^299 |
| 17 | ov_017 | 3.1906616111947494 × 10^299 |
| 16 | ov_016 | 4.240182408340204 × 10^299 |
| 15 | ov_015 | 5.530747187833826 × 10^299 |
| 14 | ov_014 | 7.096810700721317 × 10^299 |
| 13 | ov_013 | 8.975188835033043 × 10^299 |
| 12 | ov_012 | 1.1205094087457344 × 10^300 |
| 11 | ov_011 | 1.3828181415261804 × 10^300 |
| 10 | ov_010 | 1.688860636220938 × 10^300 |
| 9 | ov_009 | 2.0433097504678067 × 10^300 |
| 8 | ov_008 | 2.451104541777684 × 10^300 |
| 7 | ov_007 | 2.9174610516378655 × 10^300 |
| 6 | ov_006 | 3.4478852283180645 × 10^300 |
| 5 | ov_005 | 4.0481882555779006 × 10^300 |
| 4 | ov_004 | 4.7245045708054274 × 10^300 |
| 3 | ov_003 | 5.4833128728772166 × 10^300 |
| 2 | ov_002 | 6.331460437322629 × 10^300 |
| 1 | ov_001 | 7.276191074313681 × 10^300 |

