# Results for F001-F002-F003-F004-F005-F006-F007-F008-F009-F010-F011-F012-F013-F014-F015-F016-F017-F018-F019-F020-F021-F022-F023-F024-F025-F026-F027-F028-F029-F030-F031-F032-F033-F034-F035-F036-F037-F038-F039-F040-F041-F042-F043-F044-F045-F046-F047-F048-F049-F050-F051-F052-F053-F054-F055-F056-F057-F058-F059-F060-F061-F062-F063-F064-F065-F066-F067-F068-F069-F070-F071-F072-F073-F074-F075-F076-F077-F078-F079-F080-F081-F082-F083-F084-F085-F086-F087-F088-F089-F090-F091-F092-F093-F094-F095-F096-F097-F098-F099-F100-F101-F102-F103-F104-F105-F106-F107-F108-F109-F110-F111-F112-F113-F114-F115-F116-F117-F118-F119-F120-F121-F122-F123-F124-F125-F126-F127-F128-F129-F130-F131-F132-F133-F134-F135-F136-F137-F138-F139-F140-F141-F142-F143-F144-F145-F146-F147-F148-F149-F150-F151-F152-F153-F154-F155-F156-F157-F158-F159-F160-F161-F162-F163-F164-F165-F166-F167-F168-F169-F170-F171-F172-F173-F174-F175-F176-F177-F178-F179-F180-F181-F182-F183-F184-F185-F186-F187-F188-F189-F190-F191-F192-F193-F194-F195-F196-F197-F198-F199-F200-F201-F202-F203-F204-F205-F206-F207-F208-F209-F210-F211-F212-F213-F214-F215-F216-F217-F218-F219-F220-F221-F222-F223-F224-F225-F226-F227-F228-F229-F230-F231-F232-F233-F234-F235-F236-F237-F238-F239-F240-F241-F242-F243-F244-F245-F246-F247-F248-F249-F250-F251-F252-F253-F254-F255-F256-F257-F258-F259-F260-F261-F262-F263-F264-F265-F266-F267-F268-F269-F270-F271-F272-F273-F274-F275-F276-F277-F278-F279-F280-F281-F282-F283-F284-F285-F286-F287-F288-F289-F290-F291-F292-F293-F294-F295-F296-F297-F298-F299-F300-F301-F302-F303-F304-F305-F306-F307-F308-F309-F310-F311-F312-F313-F314-F315-F316-F317-F318-F319-F320-F321-F322-F323-F324-F325-F326-F327-F328-F329-F330-F331-F332-F333-F334-F335-F336-F337-F338-F339-F340-F341-F342-F343-F344-F345-F346-F347-F348-F349-F350-F351-F352-F353-F354-F355-F356-F357-F358-F359-F360-F361-F362-F363-F364-F365-F366-F367-F368-F369-F370-F371-F372-F373-F374-F375-F376-F377-F378-F379-F380-F381-F382-F383-F384-F385-F386-F387-F388-F389-F390-F391-F392-F393-F394-F395-F396-F397-F398-F399-F400-F401-F402-F403-F404-F405-F406-F407-F408-F409-F410-F411-F412-F413-F414-F415-F416-F417-F418-F419-F420-F421-F422-F423-F424-F425-F426-F427-F428-F429-F430-F431-F432-F433-F434-F435-F436-F437-F438-F439-F440-F441-F442-F443-F444-F445-F446-F447-F448-F449-F450-F451-F452-F453-F454-F455-F456-F457-F458-F459-F460-F461-F462-F463-F464-F465-F466-F467-F468-F469-F470-F471-F472-F473-F474-F475-F476-F477-F478-F479-F480-F481-F482-F483-F484-F485-F486-F487-F488-F489-F490-F491-F492-F493-F494-F495-F496-F498-F512

## Summary

Number of input bits: 512  
Number of free input bits: 14  
Number of output bits: 160

Number of direct occurrences: 57370  
Number of assignments: 31772  
Number of operations: 11231429
(xor: 11203057,
and: 14840,
or: 13532)

Total complexity: 2.4865242213378055 × 10^301

Least occurring input variable: iv_502 (3899)  
Most occurring input variable: iv_510 (4277)

Most co-occurring input variables: iv_509-iv_510 (2133)  
Least co-occurring input variables: iv_499-iv_502 (1782)

Potentially most occurring input variable: iv_497/iv_510 (4525)  
Potentially least occurring input variable: iv_499/iv_508 (4101)

Least output occurring input variable: iv_510 (74)  
Most output occurring input variable: iv_497 (93)

Most output co-occurring input variables: iv_497-iv_502 (52)  
Least output co-occurring input variables: iv_502-iv_503 (32)

Potentially most output occurring input variable: iv_502/iv_503 (96)  
Potentially least output occurring input variable: iv_500/iv_505 (71)

Least complex input bit: iv_511 (4.7013119912429404 × 10^297)  
Most complex input bit: iv_510 (6.18446857531626 × 10^300)

Least complex output bit: aaa_76_29 (4.377979563421757 × 10^276)  
Most complex output bit: ov_001 (3.8873635739652415 × 10^300)

Least complex input/output complexity: iv_511/aaa_76_29 (8.277517525189246 × 10^272)  
Most complex input/output complexity: iv_510/ov_001 (9.668628062300712 × 10^299)

## Input Bits

### Input Bits in Regular Order

| Input Bit | Complexity | Occurrences | Output Occurrences |
|:---------:|:----------:|:-----------:|:------------------:|
| iv_497 | 2.2040748715345176 × 10^298 | 4164 | 93 |
| iv_499 | 7.728936860853532 × 10^298 | 3963 | 81 |
| iv_500 | 1.3001095202672817 × 10^299 | 4141 | 76 |
| iv_501 | 2.185229259561524 × 10^299 | 4089 | 83 |
| iv_502 | 3.550516061683374 × 10^299 | 3899 | 82 |
| iv_503 | 5.637885604479254 × 10^299 | 4168 | 78 |
| iv_504 | 8.765712308009104 × 10^299 | 3937 | 78 |
| iv_505 | 1.3384416068167238 × 10^300 | 3935 | 79 |
| iv_506 | 2.0096993471935508 × 10^300 | 3969 | 82 |
| iv_507 | 2.9713666996737303 × 10^300 | 4189 | 76 |
| iv_508 | 4.2474733446336725 × 10^300 | 4160 | 86 |
| iv_509 | 5.8658159350289545 × 10^300 | 4254 | 80 |
| iv_510 | 6.18446857531626 × 10^300 | 4277 | 74 |
| iv_511 | 4.7013119912429404 × 10^297 | 4225 | 80 |

### Input Bits Sorted by Complexity

| Input Bit | Complexity | Occurrences | Output Occurrences |
|:---------:|:----------:|:-----------:|:------------------:|
| iv_511 | 4.7013119912429404 × 10^297 | 4225 | 80 |
| iv_497 | 2.2040748715345176 × 10^298 | 4164 | 93 |
| iv_499 | 7.728936860853532 × 10^298 | 3963 | 81 |
| iv_500 | 1.3001095202672817 × 10^299 | 4141 | 76 |
| iv_501 | 2.185229259561524 × 10^299 | 4089 | 83 |
| iv_502 | 3.550516061683374 × 10^299 | 3899 | 82 |
| iv_503 | 5.637885604479254 × 10^299 | 4168 | 78 |
| iv_504 | 8.765712308009104 × 10^299 | 3937 | 78 |
| iv_505 | 1.3384416068167238 × 10^300 | 3935 | 79 |
| iv_506 | 2.0096993471935508 × 10^300 | 3969 | 82 |
| iv_507 | 2.9713666996737303 × 10^300 | 4189 | 76 |
| iv_508 | 4.2474733446336725 × 10^300 | 4160 | 86 |
| iv_509 | 5.8658159350289545 × 10^300 | 4254 | 80 |
| iv_510 | 6.18446857531626 × 10^300 | 4277 | 74 |

### Input Bits Sorted by Occurrences

| Input Bit | Complexity | Occurrences | Output Occurrences |
|:---------:|:----------:|:-----------:|:------------------:|
| iv_502 | 3.550516061683374 × 10^299 | 3899 | 82 |
| iv_505 | 1.3384416068167238 × 10^300 | 3935 | 79 |
| iv_504 | 8.765712308009104 × 10^299 | 3937 | 78 |
| iv_499 | 7.728936860853532 × 10^298 | 3963 | 81 |
| iv_506 | 2.0096993471935508 × 10^300 | 3969 | 82 |
| iv_501 | 2.185229259561524 × 10^299 | 4089 | 83 |
| iv_500 | 1.3001095202672817 × 10^299 | 4141 | 76 |
| iv_508 | 4.2474733446336725 × 10^300 | 4160 | 86 |
| iv_497 | 2.2040748715345176 × 10^298 | 4164 | 93 |
| iv_503 | 5.637885604479254 × 10^299 | 4168 | 78 |
| iv_507 | 2.9713666996737303 × 10^300 | 4189 | 76 |
| iv_511 | 4.7013119912429404 × 10^297 | 4225 | 80 |
| iv_509 | 5.8658159350289545 × 10^300 | 4254 | 80 |
| iv_510 | 6.18446857531626 × 10^300 | 4277 | 74 |

### Input Bits Sorted by Output Occurrences

| Input Bit | Complexity | Occurrences | Output Occurrences |
|:---------:|:----------:|:-----------:|:------------------:|
| iv_510 | 6.18446857531626 × 10^300 | 4277 | 74 |
| iv_500 | 1.3001095202672817 × 10^299 | 4141 | 76 |
| iv_507 | 2.9713666996737303 × 10^300 | 4189 | 76 |
| iv_503 | 5.637885604479254 × 10^299 | 4168 | 78 |
| iv_504 | 8.765712308009104 × 10^299 | 3937 | 78 |
| iv_505 | 1.3384416068167238 × 10^300 | 3935 | 79 |
| iv_509 | 5.8658159350289545 × 10^300 | 4254 | 80 |
| iv_511 | 4.7013119912429404 × 10^297 | 4225 | 80 |
| iv_499 | 7.728936860853532 × 10^298 | 3963 | 81 |
| iv_502 | 3.550516061683374 × 10^299 | 3899 | 82 |
| iv_506 | 2.0096993471935508 × 10^300 | 3969 | 82 |
| iv_501 | 2.185229259561524 × 10^299 | 4089 | 83 |
| iv_508 | 4.2474733446336725 × 10^300 | 4160 | 86 |
| iv_497 | 2.2040748715345176 × 10^298 | 4164 | 93 |

## Input Bit Co-occurrences

### Input Bit Co-occurrences Sorted by Co-occurrences

| Input Bits | Co-occurrences | Potential Occurrences | Output Co-occurrences | Potential Output Occurrences |
|:----------:|:--------------:|:---------------------:|:---------------------:|:----------------------------:|
| iv_509-iv_510 | 2133 | 4265 | 37 | 80 |
| iv_500-iv_511 | 2081 | 4204 | 38 | 80 |
| iv_509-iv_511 | 2079 | 4321 | 37 | 86 |
| iv_510-iv_511 | 2078 | 4346 | 39 | 76 |
| iv_507-iv_508 | 2073 | 4203 | 44 | 74 |
| iv_508-iv_511 | 2073 | 4239 | 43 | 80 |
| iv_500-iv_510 | 2059 | 4300 | 38 | 74 |
| iv_508-iv_509 | 2057 | 4300 | 41 | 84 |
| iv_508-iv_510 | 2054 | 4329 | 36 | 88 |
| iv_497-iv_509 | 2054 | 4310 | 49 | 75 |
| iv_497-iv_507 | 2050 | 4253 | 44 | 81 |
| iv_501-iv_509 | 2039 | 4265 | 45 | 73 |
| iv_507-iv_509 | 2036 | 4371 | 38 | 80 |
| iv_501-iv_511 | 2034 | 4246 | 39 | 85 |

### Input Bit Co-occurrences Sorted by Potential Occurrences

| Input Bits | Co-occurrences | Potential Occurrences | Output Co-occurrences | Potential Output Occurrences |
|:----------:|:--------------:|:---------------------:|:---------------------:|:----------------------------:|
| iv_499-iv_508 | 2011 | 4101 | 46 | 75 |
| iv_504-iv_508 | 1990 | 4117 | 43 | 78 |
| iv_504-iv_506 | 1876 | 4154 | 42 | 76 |
| iv_501-iv_505 | 1932 | 4160 | 45 | 72 |
| iv_506-iv_507 | 1997 | 4164 | 39 | 80 |
| iv_499-iv_504 | 1868 | 4164 | 38 | 83 |
| iv_502-iv_505 | 1833 | 4168 | 36 | 89 |
| iv_504-iv_505 | 1851 | 4170 | 41 | 75 |
| iv_499-iv_505 | 1858 | 4182 | 42 | 76 |
| iv_499-iv_501 | 1931 | 4190 | 44 | 76 |
| iv_499-iv_509 | 2011 | 4195 | 43 | 75 |
| iv_502-iv_508 | 1932 | 4195 | 41 | 86 |
| iv_507-iv_508 | 2073 | 4203 | 44 | 74 |
| iv_500-iv_511 | 2081 | 4204 | 38 | 80 |

### Input Bit Output Co-occurrences Sorted by Output Co-occurrences

| Input Bits | Co-occurrences | Potential Occurrences | Output Co-occurrences | Potential Output Occurrences |
|:----------:|:--------------:|:---------------------:|:---------------------:|:----------------------------:|
| iv_497-iv_502 | 1905 | 4253 | 52 | 71 |
| iv_497-iv_506 | 1955 | 4223 | 51 | 73 |
| iv_497-iv_504 | 1929 | 4243 | 50 | 71 |
| iv_497-iv_503 | 1991 | 4350 | 49 | 73 |
| iv_497-iv_509 | 2054 | 4310 | 49 | 75 |
| iv_506-iv_508 | 1960 | 4209 | 48 | 72 |
| iv_497-iv_501 | 2007 | 4239 | 48 | 80 |
| iv_497-iv_505 | 1911 | 4277 | 47 | 78 |
| iv_497-iv_511 | 2010 | 4369 | 47 | 79 |
| iv_499-iv_508 | 2011 | 4101 | 46 | 75 |
| iv_501-iv_505 | 1932 | 4160 | 45 | 72 |
| iv_501-iv_509 | 2039 | 4265 | 45 | 73 |
| iv_502-iv_511 | 1924 | 4276 | 45 | 72 |
| iv_497-iv_499 | 1925 | 4277 | 45 | 84 |

### Input Bit Output Co-occurrences Sorted by Potential Output Occurrences

| Input Bits | Co-occurrences | Potential Occurrences | Output Co-occurrences | Potential Output Occurrences |
|:----------:|:--------------:|:---------------------:|:---------------------:|:----------------------------:|
| iv_500-iv_505 | 1927 | 4222 | 42 | 71 |
| iv_497-iv_504 | 1929 | 4243 | 50 | 71 |
| iv_497-iv_502 | 1905 | 4253 | 52 | 71 |
| iv_501-iv_505 | 1932 | 4160 | 45 | 72 |
| iv_502-iv_511 | 1924 | 4276 | 45 | 72 |
| iv_506-iv_508 | 1960 | 4209 | 48 | 72 |
| iv_501-iv_509 | 2039 | 4265 | 45 | 73 |
| iv_503-iv_505 | 1931 | 4241 | 42 | 73 |
| iv_499-iv_500 | 1898 | 4308 | 42 | 73 |
| iv_505-iv_510 | 1995 | 4222 | 40 | 73 |
| iv_497-iv_503 | 1991 | 4350 | 49 | 73 |
| iv_497-iv_506 | 1955 | 4223 | 51 | 73 |
| iv_500-iv_510 | 2059 | 4300 | 38 | 74 |
| iv_502-iv_507 | 1902 | 4284 | 42 | 74 |

## Output Bits

### Output Bits in Regular Order

| Rank | Output Bit | Complexity |
|:----:|:----------:|:----------:|
| 1 | ov_001 | 3.8873635739652415 × 10^300 |
| 2 | ov_002 | 3.382613117330218 × 10^300 |
| 3 | ov_003 | 2.9294756011717224 × 10^300 |
| 4 | ov_004 | 2.5240765405699845 × 10^300 |
| 5 | ov_005 | 2.1627542408195667 × 10^300 |
| 6 | ov_006 | 1.842044803780639 × 10^300 |
| 7 | ov_007 | 1.5586690522390683 × 10^300 |
| 8 | ov_008 | 1.3095211881277574 × 10^300 |
| 9 | ov_009 | 1.0916590200230852 × 10^300 |
| 10 | ov_010 | 9.022956242559438 × 10^299 |
| 11 | ov_011 | 7.38792313173701 × 10^299 |
| 12 | ov_012 | 5.986527736127378 × 10^299 |
| 13 | ov_013 | 4.795182376955152 × 10^299 |
| 14 | ov_014 | 3.7916355669217413 × 10^299 |
| 15 | ov_015 | 2.9549405719991874 × 10^299 |
| 16 | ov_016 | 2.265430673223293 × 10^299 |
| 17 | ov_017 | 1.704700088983447 × 10^299 |
| 18 | ov_018 | 1.2555896015521386 × 10^299 |
| 19 | ov_019 | 9.021760145518768 × 10^298 |
| 20 | ov_020 | 6.297646508231865 × 10^298 |
| 21 | ov_021 | 4.2488418280530024 × 10^298 |
| 22 | ov_022 | 2.752831701177508 × 10^298 |
| 23 | ov_023 | 1.6992778517585683 × 10^298 |
| 24 | ov_024 | 9.900035585868716 × 10^297 |
| 25 | ov_025 | 5.389848695487092 × 10^297 |
| 26 | ov_026 | 2.7234583637385965 × 10^297 |
| 27 | ov_027 | 1.2835624140457896 × 10^297 |
| 28 | ov_028 | 5.743065536410209 × 10^296 |
| 29 | ov_029 | 2.2128118850378055 × 10^296 |
| 30 | ov_030 | 6.764253084902746 × 10^295 |
| 31 | ov_031 | 1.3192356501446223 × 10^295 |
| 32 | lv_80_m31 | 2.572414682314365 × 10^294 |
| 33 | ov_033 | 3.1085617921858237 × 10^295 |
| 34 | ov_034 | 2.700929647236747 × 10^295 |
| 35 | ov_035 | 2.3356371001480437 × 10^295 |
| 36 | ov_036 | 2.0094057249214271 × 10^295 |
| 37 | ov_037 | 1.7191359477769863 × 10^295 |
| 38 | ov_038 | 1.4618944795265816 × 10^295 |
| 39 | ov_039 | 1.2349033989737696 × 10^295 |
| 40 | ov_040 | 1.0355307306448164 × 10^295 |
| 41 | ov_041 | 8.612823697112418 × 10^294 |
| 42 | ov_042 | 7.097952160244113 × 10^294 |
| 43 | ov_043 | 5.7883138780622896 × 10^294 |
| 44 | ov_044 | 4.662733937822508 × 10^294 |
| 45 | ov_045 | 3.7109203869854626 × 10^294 |
| 46 | ov_046 | 2.9139940358119738 × 10^294 |
| 47 | ov_047 | 2.254181319145948 × 10^294 |
| 48 | ov_048 | 1.714793776827486 × 10^294 |
| 49 | ov_049 | 1.2802121946179509 × 10^294 |
| 50 | ov_050 | 9.35874634108324 × 10^293 |
| 51 | ov_051 | 6.682676480857147 × 10^293 |
| 52 | ov_052 | 4.649200450737537 × 10^293 |
| 53 | ov_053 | 3.143986334516242 × 10^293 |
| 54 | ov_054 | 2.0630544186680403 × 10^293 |
| 55 | ov_055 | 1.3127597872400545 × 10^293 |
| 56 | ov_056 | 8.097817443344696 × 10^292 |
| 57 | ov_057 | 4.811175676696065 × 10^292 |
| 58 | ov_058 | 2.640790396404292 × 10^292 |
| 59 | ov_059 | 1.2990038014716826 × 10^292 |
| 60 | ov_060 | 5.497192863702945 × 10^291 |
| 61 | ov_061 | 2.0839951970193977 × 10^291 |
| 62 | ov_062 | 5.7172418415109414 × 10^290 |
| 63 | ov_063 | 1.1144469341005231 × 10^290 |
| 64 | lv_79_m31 | 2.1719274286780524 × 10^289 |
| 65 | ov_065 | 2.613353923395866 × 10^290 |
| 66 | ov_066 | 2.613346161283796 × 10^290 |
| 67 | ov_067 | 2.613344261653989 × 10^290 |
| 68 | ov_068 | 2.265985480952137 × 10^290 |
| 69 | ov_069 | 1.9554012445951802 × 10^290 |
| 70 | ov_070 | 1.6786509922273422 × 10^290 |
| 71 | ov_071 | 1.4329750303168285 × 10^290 |
| 72 | ov_072 | 1.2157822871988269 × 10^290 |
| 73 | ov_073 | 1.0246391520959124 × 10^290 |
| 74 | ov_074 | 8.572593403880027 × 10^289 |
| 75 | ov_075 | 7.114947296796509 × 10^289 |
| 76 | ov_076 | 5.853271130938487 × 10^289 |
| 77 | ov_077 | 4.768608177571317 × 10^289 |
| 78 | ov_078 | 3.84316137676017 × 10^289 |
| 79 | ov_079 | 3.060235311818412 × 10^289 |
| 80 | ov_080 | 2.4041853387897164 × 10^289 |
| 81 | ov_081 | 1.8603733860611156 × 10^289 |
| 82 | ov_082 | 1.4151299434481195 × 10^289 |
| 83 | ov_083 | 1.0557217631310366 × 10^289 |
| 84 | ov_084 | 7.703247969198837 × 10^288 |
| 85 | ov_085 | 5.480018957191018 × 10^288 |
| 86 | ov_086 | 3.786847979552703 × 10^288 |
| 87 | ov_087 | 2.5315993428448826 × 10^288 |
| 88 | ov_088 | 1.630575762289234 × 10^288 |
| 89 | ov_089 | 1.0084385658195181 × 10^288 |
| 90 | ov_090 | 5.981518952099483 × 10^287 |
| 91 | ov_091 | 3.409461841506225 × 10^287 |
| 92 | ov_092 | 1.8629623291666973 × 10^287 |
| 93 | ov_093 | 9.190943263167864 × 10^286 |
| 94 | ov_094 | 3.869665603740326 × 10^286 |
| 95 | aaa_78_28 | 1.168154390861788 × 10^286 |
| 96 | aaa_78_29 | 3.36117012202616 × 10^285 |
| 97 | ov_097 | 2.6060418772389495 × 10^285 |
| 98 | ov_098 | 2.6059636014941227 × 10^285 |
| 99 | ov_099 | 2.605938577782071 × 10^285 |
| 100 | ov_100 | 2.3447060126725336 × 10^285 |
| 101 | ov_101 | 2.1028217752145614 × 10^285 |
| 102 | ov_102 | 1.879215052927774 × 10^285 |
| 103 | ov_103 | 1.6728927888179172 × 10^285 |
| 104 | ov_104 | 1.4829298078974204 × 10^285 |
| 105 | ov_105 | 1.308459828903993 × 10^285 |
| 106 | ov_106 | 1.148667314549562 × 10^285 |
| 107 | ov_107 | 1.0027801154420748 × 10^285 |
| 108 | ov_108 | 8.700628643072343 × 10^284 |
| 109 | ov_109 | 7.49811078334362 × 10^284 |
| 110 | ov_110 | 6.413459284189568 × 10^284 |
| 111 | ov_111 | 5.4400963481233836 × 10^284 |
| 112 | ov_112 | 4.571614492483569 × 10^284 |
| 113 | ov_113 | 3.801741840292497 × 10^284 |
| 114 | ov_114 | 3.1243124884541194 × 10^284 |
| 115 | ov_115 | 2.533241563025294 × 10^284 |
| 116 | ov_116 | 2.022504572569718 × 10^284 |
| 117 | ov_117 | 1.5861206713665595 × 10^284 |
| 118 | ov_118 | 1.2181394446707404 × 10^284 |
| 119 | ov_119 | 9.126308284468378 × 10^283 |
| 120 | ov_120 | 6.636777761183261 × 10^283 |
| 121 | ov_121 | 4.653712849398383 × 10^283 |
| 122 | ov_122 | 3.1180722073189715 × 10^283 |
| 123 | ov_123 | 1.970842542468592 × 10^283 |
| 124 | ov_124 | 1.15302493177348 × 10^283 |
| 125 | ov_125 | 6.056266378810268 × 10^282 |
| 126 | ov_126 | 2.6965711927270843 × 10^282 |
| 127 | aaa_77_28 | 8.612646398723737 × 10^281 |
| 128 | aaa_77_29 | 3.2299108137072602 × 10^281 |
| 129 | ov_129 | 3.015017867633849 × 10^281 |
| 130 | ov_130 | 3.0150093238350797 × 10^281 |
| 131 | ov_131 | 3.015007252737864 × 10^281 |
| 132 | ov_132 | 2.6194959549378484 × 10^281 |
| 133 | ov_133 | 2.264736969616942 × 10^281 |
| 134 | ov_134 | 1.9476649153171244 × 10^281 |
| 135 | ov_135 | 1.6653817081398006 × 10^281 |
| 136 | ov_136 | 1.4151445876028784 × 10^281 |
| 137 | ov_137 | 1.1943557293634333 × 10^281 |
| 138 | ov_138 | 1.0005532983506048 × 10^281 |
| 139 | ov_139 | 8.314038034633607 × 10^280 |
| 140 | ov_140 | 6.846956223490957 × 10^280 |
| 141 | ov_141 | 5.583335719426305 × 10^280 |
| 142 | ov_142 | 4.503344074546414 × 10^280 |
| 143 | ov_143 | 3.5882313939086497 × 10^280 |
| 144 | ov_144 | 2.820300649892255 × 10^280 |
| 145 | ov_145 | 2.182884172063009 × 10^280 |
| 146 | ov_146 | 1.66032541086847 × 10^280 |
| 147 | ov_147 | 1.2379651402528297 × 10^280 |
| 148 | ov_148 | 9.02131330865912 × 10^279 |
| 149 | ov_149 | 6.401319920280549 × 10^279 |
| 150 | ov_150 | 4.4025034704133194 × 10^279 |
| 151 | ov_151 | 2.917417728296082 × 10^279 |
| 152 | ov_152 | 1.8483200125810266 × 10^279 |
| 153 | ov_153 | 1.1071614583618997 × 10^279 |
| 154 | ov_154 | 6.1558198680722326 × 10^278 |
| 155 | ov_155 | 3.0490758894459535 × 10^278 |
| 156 | aaa_76_25 | 1.1614884640956373 × 10^278 |
| 157 | aaa_76_26 | 6.5770939322731915 × 10^277 |
| 158 | aaa_76_27 | 3.2783415933076956 × 10^277 |
| 159 | aaa_76_28 | 1.234469513552883 × 10^277 |
| 160 | aaa_76_29 | 4.377979563421757 × 10^276 |

### Output Bits Sorted by Complexity

| Rank | Output Bit | Complexity |
|:----:|:----------:|:----------:|
| 160 | aaa_76_29 | 4.377979563421757 × 10^276 |
| 159 | aaa_76_28 | 1.234469513552883 × 10^277 |
| 158 | aaa_76_27 | 3.2783415933076956 × 10^277 |
| 157 | aaa_76_26 | 6.5770939322731915 × 10^277 |
| 156 | aaa_76_25 | 1.1614884640956373 × 10^278 |
| 155 | ov_155 | 3.0490758894459535 × 10^278 |
| 154 | ov_154 | 6.1558198680722326 × 10^278 |
| 153 | ov_153 | 1.1071614583618997 × 10^279 |
| 152 | ov_152 | 1.8483200125810266 × 10^279 |
| 151 | ov_151 | 2.917417728296082 × 10^279 |
| 150 | ov_150 | 4.4025034704133194 × 10^279 |
| 149 | ov_149 | 6.401319920280549 × 10^279 |
| 148 | ov_148 | 9.02131330865912 × 10^279 |
| 147 | ov_147 | 1.2379651402528297 × 10^280 |
| 146 | ov_146 | 1.66032541086847 × 10^280 |
| 145 | ov_145 | 2.182884172063009 × 10^280 |
| 144 | ov_144 | 2.820300649892255 × 10^280 |
| 143 | ov_143 | 3.5882313939086497 × 10^280 |
| 142 | ov_142 | 4.503344074546414 × 10^280 |
| 141 | ov_141 | 5.583335719426305 × 10^280 |
| 140 | ov_140 | 6.846956223490957 × 10^280 |
| 139 | ov_139 | 8.314038034633607 × 10^280 |
| 138 | ov_138 | 1.0005532983506048 × 10^281 |
| 137 | ov_137 | 1.1943557293634333 × 10^281 |
| 136 | ov_136 | 1.4151445876028784 × 10^281 |
| 135 | ov_135 | 1.6653817081398006 × 10^281 |
| 134 | ov_134 | 1.9476649153171244 × 10^281 |
| 133 | ov_133 | 2.264736969616942 × 10^281 |
| 132 | ov_132 | 2.6194959549378484 × 10^281 |
| 131 | ov_131 | 3.015007252737864 × 10^281 |
| 130 | ov_130 | 3.0150093238350797 × 10^281 |
| 129 | ov_129 | 3.015017867633849 × 10^281 |
| 128 | aaa_77_29 | 3.2299108137072602 × 10^281 |
| 127 | aaa_77_28 | 8.612646398723737 × 10^281 |
| 126 | ov_126 | 2.6965711927270843 × 10^282 |
| 125 | ov_125 | 6.056266378810268 × 10^282 |
| 124 | ov_124 | 1.15302493177348 × 10^283 |
| 123 | ov_123 | 1.970842542468592 × 10^283 |
| 122 | ov_122 | 3.1180722073189715 × 10^283 |
| 121 | ov_121 | 4.653712849398383 × 10^283 |
| 120 | ov_120 | 6.636777761183261 × 10^283 |
| 119 | ov_119 | 9.126308284468378 × 10^283 |
| 118 | ov_118 | 1.2181394446707404 × 10^284 |
| 117 | ov_117 | 1.5861206713665595 × 10^284 |
| 116 | ov_116 | 2.022504572569718 × 10^284 |
| 115 | ov_115 | 2.533241563025294 × 10^284 |
| 114 | ov_114 | 3.1243124884541194 × 10^284 |
| 113 | ov_113 | 3.801741840292497 × 10^284 |
| 112 | ov_112 | 4.571614492483569 × 10^284 |
| 111 | ov_111 | 5.4400963481233836 × 10^284 |
| 110 | ov_110 | 6.413459284189568 × 10^284 |
| 109 | ov_109 | 7.49811078334362 × 10^284 |
| 108 | ov_108 | 8.700628643072343 × 10^284 |
| 107 | ov_107 | 1.0027801154420748 × 10^285 |
| 106 | ov_106 | 1.148667314549562 × 10^285 |
| 105 | ov_105 | 1.308459828903993 × 10^285 |
| 104 | ov_104 | 1.4829298078974204 × 10^285 |
| 103 | ov_103 | 1.6728927888179172 × 10^285 |
| 102 | ov_102 | 1.879215052927774 × 10^285 |
| 101 | ov_101 | 2.1028217752145614 × 10^285 |
| 100 | ov_100 | 2.3447060126725336 × 10^285 |
| 99 | ov_099 | 2.605938577782071 × 10^285 |
| 98 | ov_098 | 2.6059636014941227 × 10^285 |
| 97 | ov_097 | 2.6060418772389495 × 10^285 |
| 96 | aaa_78_29 | 3.36117012202616 × 10^285 |
| 95 | aaa_78_28 | 1.168154390861788 × 10^286 |
| 94 | ov_094 | 3.869665603740326 × 10^286 |
| 93 | ov_093 | 9.190943263167864 × 10^286 |
| 92 | ov_092 | 1.8629623291666973 × 10^287 |
| 91 | ov_091 | 3.409461841506225 × 10^287 |
| 90 | ov_090 | 5.981518952099483 × 10^287 |
| 89 | ov_089 | 1.0084385658195181 × 10^288 |
| 88 | ov_088 | 1.630575762289234 × 10^288 |
| 87 | ov_087 | 2.5315993428448826 × 10^288 |
| 86 | ov_086 | 3.786847979552703 × 10^288 |
| 85 | ov_085 | 5.480018957191018 × 10^288 |
| 84 | ov_084 | 7.703247969198837 × 10^288 |
| 83 | ov_083 | 1.0557217631310366 × 10^289 |
| 82 | ov_082 | 1.4151299434481195 × 10^289 |
| 81 | ov_081 | 1.8603733860611156 × 10^289 |
| 64 | lv_79_m31 | 2.1719274286780524 × 10^289 |
| 80 | ov_080 | 2.4041853387897164 × 10^289 |
| 79 | ov_079 | 3.060235311818412 × 10^289 |
| 78 | ov_078 | 3.84316137676017 × 10^289 |
| 77 | ov_077 | 4.768608177571317 × 10^289 |
| 76 | ov_076 | 5.853271130938487 × 10^289 |
| 75 | ov_075 | 7.114947296796509 × 10^289 |
| 74 | ov_074 | 8.572593403880027 × 10^289 |
| 73 | ov_073 | 1.0246391520959124 × 10^290 |
| 63 | ov_063 | 1.1144469341005231 × 10^290 |
| 72 | ov_072 | 1.2157822871988269 × 10^290 |
| 71 | ov_071 | 1.4329750303168285 × 10^290 |
| 70 | ov_070 | 1.6786509922273422 × 10^290 |
| 69 | ov_069 | 1.9554012445951802 × 10^290 |
| 68 | ov_068 | 2.265985480952137 × 10^290 |
| 67 | ov_067 | 2.613344261653989 × 10^290 |
| 66 | ov_066 | 2.613346161283796 × 10^290 |
| 65 | ov_065 | 2.613353923395866 × 10^290 |
| 62 | ov_062 | 5.7172418415109414 × 10^290 |
| 61 | ov_061 | 2.0839951970193977 × 10^291 |
| 60 | ov_060 | 5.497192863702945 × 10^291 |
| 59 | ov_059 | 1.2990038014716826 × 10^292 |
| 58 | ov_058 | 2.640790396404292 × 10^292 |
| 57 | ov_057 | 4.811175676696065 × 10^292 |
| 56 | ov_056 | 8.097817443344696 × 10^292 |
| 55 | ov_055 | 1.3127597872400545 × 10^293 |
| 54 | ov_054 | 2.0630544186680403 × 10^293 |
| 53 | ov_053 | 3.143986334516242 × 10^293 |
| 52 | ov_052 | 4.649200450737537 × 10^293 |
| 51 | ov_051 | 6.682676480857147 × 10^293 |
| 50 | ov_050 | 9.35874634108324 × 10^293 |
| 49 | ov_049 | 1.2802121946179509 × 10^294 |
| 48 | ov_048 | 1.714793776827486 × 10^294 |
| 47 | ov_047 | 2.254181319145948 × 10^294 |
| 32 | lv_80_m31 | 2.572414682314365 × 10^294 |
| 46 | ov_046 | 2.9139940358119738 × 10^294 |
| 45 | ov_045 | 3.7109203869854626 × 10^294 |
| 44 | ov_044 | 4.662733937822508 × 10^294 |
| 43 | ov_043 | 5.7883138780622896 × 10^294 |
| 42 | ov_042 | 7.097952160244113 × 10^294 |
| 41 | ov_041 | 8.612823697112418 × 10^294 |
| 40 | ov_040 | 1.0355307306448164 × 10^295 |
| 39 | ov_039 | 1.2349033989737696 × 10^295 |
| 31 | ov_031 | 1.3192356501446223 × 10^295 |
| 38 | ov_038 | 1.4618944795265816 × 10^295 |
| 37 | ov_037 | 1.7191359477769863 × 10^295 |
| 36 | ov_036 | 2.0094057249214271 × 10^295 |
| 35 | ov_035 | 2.3356371001480437 × 10^295 |
| 34 | ov_034 | 2.700929647236747 × 10^295 |
| 33 | ov_033 | 3.1085617921858237 × 10^295 |
| 30 | ov_030 | 6.764253084902746 × 10^295 |
| 29 | ov_029 | 2.2128118850378055 × 10^296 |
| 28 | ov_028 | 5.743065536410209 × 10^296 |
| 27 | ov_027 | 1.2835624140457896 × 10^297 |
| 26 | ov_026 | 2.7234583637385965 × 10^297 |
| 25 | ov_025 | 5.389848695487092 × 10^297 |
| 24 | ov_024 | 9.900035585868716 × 10^297 |
| 23 | ov_023 | 1.6992778517585683 × 10^298 |
| 22 | ov_022 | 2.752831701177508 × 10^298 |
| 21 | ov_021 | 4.2488418280530024 × 10^298 |
| 20 | ov_020 | 6.297646508231865 × 10^298 |
| 19 | ov_019 | 9.021760145518768 × 10^298 |
| 18 | ov_018 | 1.2555896015521386 × 10^299 |
| 17 | ov_017 | 1.704700088983447 × 10^299 |
| 16 | ov_016 | 2.265430673223293 × 10^299 |
| 15 | ov_015 | 2.9549405719991874 × 10^299 |
| 14 | ov_014 | 3.7916355669217413 × 10^299 |
| 13 | ov_013 | 4.795182376955152 × 10^299 |
| 12 | ov_012 | 5.986527736127378 × 10^299 |
| 11 | ov_011 | 7.38792313173701 × 10^299 |
| 10 | ov_010 | 9.022956242559438 × 10^299 |
| 9 | ov_009 | 1.0916590200230852 × 10^300 |
| 8 | ov_008 | 1.3095211881277574 × 10^300 |
| 7 | ov_007 | 1.5586690522390683 × 10^300 |
| 6 | ov_006 | 1.842044803780639 × 10^300 |
| 5 | ov_005 | 2.1627542408195667 × 10^300 |
| 4 | ov_004 | 2.5240765405699845 × 10^300 |
| 3 | ov_003 | 2.9294756011717224 × 10^300 |
| 2 | ov_002 | 3.382613117330218 × 10^300 |
| 1 | ov_001 | 3.8873635739652415 × 10^300 |

