# Results for F001-F002-F003-F004-F005-F006-F007-F008-F009-F010-F011-F012-F013-F014-F015-F016-F017-F018-F019-F020-F021-F022-F023-F024-F025-F026-F027-F028-F029-F030-F031-F032-F033-F034-F035-F036-F037-F038-F039-F040-F041-F042-F043-F044-F045-F046-F047-F048-F049-F050-F051-F052-F053-F054-F055-F056-F057-F058-F059-F060-F061-F062-F063-F064-F065-F066-F067-F068-F069-F070-F071-F072-F073-F074-F075-F076-F077-F078-F079-F080-F081-F082-F083-F084-F085-F086-F087-F088-F089-F090-F091-F092-F093-F094-F095-F096-F097-F098-F099-F100-F101-F102-F103-F104-F105-F106-F107-F108-F109-F110-F111-F112-F113-F114-F115-F116-F117-F118-F119-F120-F121-F122-F123-F124-F125-F126-F127-F128-F129-F130-F131-F132-F133-F134-F135-F136-F137-F138-F139-F140-F141-F142-F143-F144-F145-F146-F147-F148-F149-F150-F151-F152-F153-F154-F155-F156-F157-F158-F159-F160-F161-F162-F163-F164-F165-F166-F167-F168-F169-F170-F171-F172-F173-F174-F175-F176-F177-F178-F179-F180-F181-F182-F183-F184-F185-F186-F187-F188-F189-F190-F191-F192-F193-F194-F195-F196-F197-F198-F199-F200-F201-F202-F203-F204-F205-F206-F207-F208-F209-F210-F211-F212-F213-F214-F215-F216-F217-F218-F219-F220-F221-F222-F223-F224-F225-F226-F227-F228-F229-F230-F231-F232-F233-F234-F235-F236-F237-F238-F239-F240-F241-F242-F243-F244-F245-F246-F247-F248-F249-F250-F251-F252-F253-F254-F255-F256-F257-F258-F259-F260-F261-F262-F263-F264-F265-F266-F267-F268-F269-F270-F271-F272-F273-F274-F275-F276-F277-F278-F279-F280-F281-F282-F283-F284-F285-F286-F287-F288-F289-F290-F291-F292-F293-F294-F295-F296-F297-F298-F299-F300-F301-F302-F303-F304-F305-F306-F307-F308-F309-F310-F311-F312-F313-F314-F315-F316-F317-F318-F319-F320-F321-F322-F323-F324-F325-F326-F327-F328-F329-F330-F331-F332-F333-F334-F335-F336-F337-F338-F339-F340-F341-F342-F343-F344-F345-F346-F347-F348-F349-F350-F351-F352-F353-F354-F355-F356-F357-F358-F359-F360-F361-F362-F363-F364-F365-F366-F367-F368-F369-F370-F371-F372-F373-F374-F375-F376-F377-F378-F379-F380-F381-F382-F383-F384-F385-F386-F387-F388-F389-F390-F391-F392-F393-F394-F395-F396-F397-F398-F399-F400-F401-F402-F403-F404-F405-F406-F407-F408-F409-F410-F411-F412-F413-F414-F415-F416-F417-F418-F419-F420-F421-F422-F423-F424-F425-F426-F427-F428-F429-F430-F431-F432-F433-F434-F435-F436-F437-F438-F439-F440-F441-F442-F443-F444-F445-F446-F447-F448-F449-F450-F451-F452-F453-F454-F455-F456-F457-F458-F459-F460-F461-F462-F463-F464-F465-F466-F467-F468-F469-F470-F471-F472-F473-F474-F475-F476-F477-F478-F479-F480-F481-F482-F483-F484-F485-F486-F487-F488-F489-F490-F491-F492-F493-F494-F495-F496-E497506-F512

## Summary

Number of input bits: 512  
Number of free input bits: 14  
Number of output bits: 160

Number of direct occurrences: 57360  
Number of assignments: 31910  
Number of operations: 11237972
(xor: 11209520,
and: 14831,
or: 13621)

Total complexity: 5.338603604053654 × 10^301

Least occurring input variable: iv_502 (3896)  
Most occurring input variable: iv_510 (4278)

Most co-occurring input variables: iv_509-iv_510 (2133)  
Least co-occurring input variables: iv_498-iv_502 (1769)

Potentially most occurring input variable: iv_497/iv_510 (4605)  
Potentially least occurring input variable: iv_499/iv_508 (4094)

Least output occurring input variable: iv_497 (73)  
Most output occurring input variable: iv_498 (88)

Most output co-occurring input variables: iv_498-iv_501 (48)  
Least output co-occurring input variables: iv_497-iv_509 (28)

Potentially most output occurring input variable: iv_497/iv_509 (97)  
Potentially least output occurring input variable: iv_497/iv_500 (67)

Least complex input bit: iv_511 (1.0069570129516209 × 10^298)  
Most complex input bit: iv_510 (1.325429181549575 × 10^301)

Least complex output bit: aaa_76_29 (9.070113289723058 × 10^276)  
Most complex output bit: ov_001 (8.346217117612697 × 10^300)

Least complex input/output complexity: iv_511/aaa_76_29 (1.7107871014093255 × 10^273)  
Most complex input/output complexity: iv_510/ov_001 (2.0721373122426088 × 10^300)

## Input Bits

### Input Bits in Regular Order

| Input Bit | Complexity | Occurrences | Output Occurrences |
|:---------:|:----------:|:-----------:|:------------------:|
| iv_497 | 4.3546425838492104 × 10^300 | 4199 | 73 |
| iv_498 | 9.413329732444026 × 10^298 | 3945 | 88 |
| iv_499 | 1.6566481099955785 × 10^299 | 3956 | 81 |
| iv_500 | 2.7867881086933223 × 10^299 | 4125 | 76 |
| iv_501 | 4.684025214755577 × 10^299 | 4097 | 83 |
| iv_502 | 7.610453164504532 × 10^299 | 3896 | 82 |
| iv_503 | 1.20845080274576 × 10^300 | 4164 | 78 |
| iv_504 | 1.8788484794204797 × 10^300 | 3939 | 78 |
| iv_505 | 2.8687609789687512 × 10^300 | 3931 | 79 |
| iv_507 | 6.368394705546147 × 10^300 | 4189 | 76 |
| iv_508 | 9.10321923451808 × 10^300 | 4160 | 86 |
| iv_509 | 1.257143311274354 × 10^301 | 4256 | 80 |
| iv_510 | 1.325429181549575 × 10^301 | 4278 | 74 |
| iv_511 | 1.0069570129516209 × 10^298 | 4225 | 80 |

### Input Bits Sorted by Complexity

| Input Bit | Complexity | Occurrences | Output Occurrences |
|:---------:|:----------:|:-----------:|:------------------:|
| iv_511 | 1.0069570129516209 × 10^298 | 4225 | 80 |
| iv_498 | 9.413329732444026 × 10^298 | 3945 | 88 |
| iv_499 | 1.6566481099955785 × 10^299 | 3956 | 81 |
| iv_500 | 2.7867881086933223 × 10^299 | 4125 | 76 |
| iv_501 | 4.684025214755577 × 10^299 | 4097 | 83 |
| iv_502 | 7.610453164504532 × 10^299 | 3896 | 82 |
| iv_503 | 1.20845080274576 × 10^300 | 4164 | 78 |
| iv_504 | 1.8788484794204797 × 10^300 | 3939 | 78 |
| iv_505 | 2.8687609789687512 × 10^300 | 3931 | 79 |
| iv_497 | 4.3546425838492104 × 10^300 | 4199 | 73 |
| iv_507 | 6.368394705546147 × 10^300 | 4189 | 76 |
| iv_508 | 9.10321923451808 × 10^300 | 4160 | 86 |
| iv_509 | 1.257143311274354 × 10^301 | 4256 | 80 |
| iv_510 | 1.325429181549575 × 10^301 | 4278 | 74 |

### Input Bits Sorted by Occurrences

| Input Bit | Complexity | Occurrences | Output Occurrences |
|:---------:|:----------:|:-----------:|:------------------:|
| iv_502 | 7.610453164504532 × 10^299 | 3896 | 82 |
| iv_505 | 2.8687609789687512 × 10^300 | 3931 | 79 |
| iv_504 | 1.8788484794204797 × 10^300 | 3939 | 78 |
| iv_498 | 9.413329732444026 × 10^298 | 3945 | 88 |
| iv_499 | 1.6566481099955785 × 10^299 | 3956 | 81 |
| iv_501 | 4.684025214755577 × 10^299 | 4097 | 83 |
| iv_500 | 2.7867881086933223 × 10^299 | 4125 | 76 |
| iv_508 | 9.10321923451808 × 10^300 | 4160 | 86 |
| iv_503 | 1.20845080274576 × 10^300 | 4164 | 78 |
| iv_507 | 6.368394705546147 × 10^300 | 4189 | 76 |
| iv_497 | 4.3546425838492104 × 10^300 | 4199 | 73 |
| iv_511 | 1.0069570129516209 × 10^298 | 4225 | 80 |
| iv_509 | 1.257143311274354 × 10^301 | 4256 | 80 |
| iv_510 | 1.325429181549575 × 10^301 | 4278 | 74 |

### Input Bits Sorted by Output Occurrences

| Input Bit | Complexity | Occurrences | Output Occurrences |
|:---------:|:----------:|:-----------:|:------------------:|
| iv_497 | 4.3546425838492104 × 10^300 | 4199 | 73 |
| iv_510 | 1.325429181549575 × 10^301 | 4278 | 74 |
| iv_500 | 2.7867881086933223 × 10^299 | 4125 | 76 |
| iv_507 | 6.368394705546147 × 10^300 | 4189 | 76 |
| iv_503 | 1.20845080274576 × 10^300 | 4164 | 78 |
| iv_504 | 1.8788484794204797 × 10^300 | 3939 | 78 |
| iv_505 | 2.8687609789687512 × 10^300 | 3931 | 79 |
| iv_509 | 1.257143311274354 × 10^301 | 4256 | 80 |
| iv_511 | 1.0069570129516209 × 10^298 | 4225 | 80 |
| iv_499 | 1.6566481099955785 × 10^299 | 3956 | 81 |
| iv_502 | 7.610453164504532 × 10^299 | 3896 | 82 |
| iv_501 | 4.684025214755577 × 10^299 | 4097 | 83 |
| iv_508 | 9.10321923451808 × 10^300 | 4160 | 86 |
| iv_498 | 9.413329732444026 × 10^298 | 3945 | 88 |

## Input Bit Co-occurrences

### Input Bit Co-occurrences Sorted by Co-occurrences

| Input Bits | Co-occurrences | Potential Occurrences | Output Co-occurrences | Potential Output Occurrences |
|:----------:|:--------------:|:---------------------:|:---------------------:|:----------------------------:|
| iv_509-iv_510 | 2133 | 4268 | 37 | 80 |
| iv_500-iv_511 | 2081 | 4188 | 38 | 80 |
| iv_509-iv_511 | 2080 | 4321 | 37 | 86 |
| iv_510-iv_511 | 2078 | 4347 | 39 | 76 |
| iv_507-iv_508 | 2073 | 4203 | 44 | 74 |
| iv_508-iv_511 | 2073 | 4239 | 43 | 80 |
| iv_500-iv_510 | 2060 | 4283 | 38 | 74 |
| iv_508-iv_509 | 2057 | 4302 | 41 | 84 |
| iv_508-iv_510 | 2055 | 4328 | 36 | 88 |
| iv_501-iv_509 | 2039 | 4275 | 45 | 73 |
| iv_507-iv_509 | 2036 | 4373 | 38 | 80 |
| iv_501-iv_511 | 2034 | 4254 | 39 | 85 |
| iv_503-iv_508 | 2033 | 4258 | 42 | 80 |
| iv_503-iv_509 | 2031 | 4358 | 38 | 82 |

### Input Bit Co-occurrences Sorted by Potential Occurrences

| Input Bits | Co-occurrences | Potential Occurrences | Output Co-occurrences | Potential Output Occurrences |
|:----------:|:--------------:|:---------------------:|:---------------------:|:----------------------------:|
| iv_499-iv_508 | 2011 | 4094 | 46 | 75 |
| iv_504-iv_508 | 1990 | 4119 | 43 | 78 |
| iv_499-iv_504 | 1868 | 4159 | 38 | 83 |
| iv_502-iv_505 | 1833 | 4161 | 36 | 89 |
| iv_501-iv_505 | 1932 | 4164 | 45 | 72 |
| iv_504-iv_505 | 1852 | 4166 | 41 | 75 |
| iv_499-iv_505 | 1858 | 4171 | 42 | 76 |
| iv_500-iv_511 | 2081 | 4188 | 38 | 80 |
| iv_499-iv_501 | 1932 | 4189 | 44 | 76 |
| iv_499-iv_509 | 2011 | 4190 | 43 | 75 |
| iv_498-iv_504 | 1847 | 4190 | 46 | 74 |
| iv_502-iv_508 | 1932 | 4192 | 41 | 86 |
| iv_500-iv_505 | 1928 | 4200 | 42 | 71 |
| iv_507-iv_508 | 2073 | 4203 | 44 | 74 |

### Input Bit Output Co-occurrences Sorted by Output Co-occurrences

| Input Bits | Co-occurrences | Potential Occurrences | Output Co-occurrences | Potential Output Occurrences |
|:----------:|:--------------:|:---------------------:|:---------------------:|:----------------------------:|
| iv_498-iv_499 | 1833 | 4235 | 48 | 73 |
| iv_498-iv_501 | 1873 | 4296 | 48 | 75 |
| iv_498-iv_508 | 1943 | 4219 | 47 | 80 |
| iv_498-iv_502 | 1769 | 4303 | 46 | 78 |
| iv_498-iv_504 | 1847 | 4190 | 46 | 74 |
| iv_499-iv_508 | 2011 | 4094 | 46 | 75 |
| iv_501-iv_505 | 1932 | 4164 | 45 | 72 |
| iv_501-iv_509 | 2039 | 4275 | 45 | 73 |
| iv_502-iv_511 | 1924 | 4273 | 45 | 72 |
| iv_501-iv_508 | 1925 | 4407 | 44 | 81 |
| iv_505-iv_508 | 1923 | 4245 | 44 | 77 |
| iv_499-iv_501 | 1932 | 4189 | 44 | 76 |
| iv_507-iv_508 | 2073 | 4203 | 44 | 74 |
| iv_504-iv_508 | 1990 | 4119 | 43 | 78 |

### Input Bit Output Co-occurrences Sorted by Potential Output Occurrences

| Input Bits | Co-occurrences | Potential Occurrences | Output Co-occurrences | Potential Output Occurrences |
|:----------:|:--------------:|:---------------------:|:---------------------:|:----------------------------:|
| iv_497-iv_500 | 1965 | 4394 | 41 | 67 |
| iv_500-iv_505 | 1928 | 4200 | 42 | 71 |
| iv_501-iv_505 | 1932 | 4164 | 45 | 72 |
| iv_502-iv_511 | 1924 | 4273 | 45 | 72 |
| iv_501-iv_509 | 2039 | 4275 | 45 | 73 |
| iv_503-iv_505 | 1931 | 4233 | 42 | 73 |
| iv_498-iv_499 | 1833 | 4235 | 48 | 73 |
| iv_499-iv_500 | 1899 | 4283 | 42 | 73 |
| iv_505-iv_510 | 1996 | 4217 | 40 | 73 |
| iv_498-iv_504 | 1847 | 4190 | 46 | 74 |
| iv_500-iv_510 | 2060 | 4283 | 38 | 74 |
| iv_502-iv_507 | 1903 | 4279 | 42 | 74 |
| iv_507-iv_508 | 2073 | 4203 | 44 | 74 |
| iv_504-iv_505 | 1852 | 4166 | 41 | 75 |

## Output Bits

### Output Bits in Regular Order

| Rank | Output Bit | Complexity |
|:----:|:----------:|:----------:|
| 1 | ov_001 | 8.346217117612697 × 10^300 |
| 2 | ov_002 | 7.2625557715242 × 10^300 |
| 3 | ov_003 | 6.28968086371352 × 10^300 |
| 4 | ov_004 | 5.419283319853587 × 10^300 |
| 5 | ov_005 | 4.643508914065988 × 10^300 |
| 6 | ov_006 | 3.954926199469896 × 10^300 |
| 7 | ov_007 | 3.346498617265223 × 10^300 |
| 8 | ov_008 | 2.8115603994872772 × 10^300 |
| 9 | ov_009 | 2.3437959011470752 × 10^300 |
| 10 | ov_010 | 1.9372220173064955 × 10^300 |
| 11 | ov_011 | 1.5861733598632584 × 10^300 |
| 12 | ov_012 | 1.2852898875531317 × 10^300 |
| 13 | ov_013 | 1.0295067010156113 × 10^300 |
| 14 | ov_014 | 8.14045732799893 × 10^299 |
| 15 | ov_015 | 6.3440907998201574 × 10^299 |
| 16 | ov_016 | 4.863737446810702 × 10^299 |
| 17 | ov_017 | 3.659875652506166 × 10^299 |
| 18 | ov_018 | 2.695661383190885 × 10^299 |
| 19 | ov_019 | 1.9369054918924833 × 10^299 |
| 20 | ov_020 | 1.3520574540306477 × 10^299 |
| 21 | ov_021 | 9.1219405549579 × 10^298 |
| 22 | ov_022 | 5.910117264922579 × 10^298 |
| 23 | ov_023 | 3.6482143628527885 × 10^298 |
| 24 | ov_024 | 2.1254537364257897 × 10^298 |
| 25 | ov_025 | 1.1571491506749035 × 10^298 |
| 26 | ov_026 | 5.846951148410313 × 10^297 |
| 27 | ov_027 | 2.7556164227793702 × 10^297 |
| 28 | ov_028 | 1.2329218348299575 × 10^297 |
| 29 | ov_029 | 4.7502960484358645 × 10^296 |
| 30 | ov_030 | 1.4520242600077878 × 10^296 |
| 31 | ov_031 | 2.831669038375753 × 10^295 |
| 32 | lv_80_m31 | 5.521031490371411 × 10^294 |
| 33 | ov_033 | 6.647513762861997 × 10^295 |
| 34 | ov_034 | 5.772594923440728 × 10^295 |
| 35 | ov_035 | 4.988291420036331 × 10^295 |
| 36 | ov_036 | 4.2877507429565365 × 10^295 |
| 37 | ov_037 | 3.664494300884788 × 10^295 |
| 38 | ov_038 | 3.112391151808037 × 10^295 |
| 39 | ov_039 | 2.6256351828926307 × 10^295 |
| 40 | ov_040 | 2.1987254120732524 × 10^295 |
| 41 | ov_041 | 1.826449104074779 × 10^295 |
| 42 | ov_042 | 1.503867412506651 × 10^295 |
| 43 | ov_043 | 1.2263032776776425 × 10^295 |
| 44 | ov_044 | 9.89331326991139 × 10^294 |
| 45 | ov_045 | 7.88769541304734 × 10^294 |
| 46 | ov_046 | 6.206724665724154 × 10^294 |
| 47 | ov_047 | 4.813257655243752 × 10^294 |
| 48 | ov_048 | 3.672419191620016 × 10^294 |
| 49 | ov_049 | 2.7515690252948298 × 10^294 |
| 50 | ov_050 | 2.0202767363640003 × 10^294 |
| 51 | ov_051 | 1.4503032860746562 × 10^294 |
| 52 | ov_052 | 1.0155879017811934 × 10^294 |
| 53 | ov_053 | 6.922391058201897 × 10^293 |
| 54 | ov_054 | 4.585288372473303 × 10^293 |
| 55 | ov_055 | 2.9488875335483762 × 10^293 |
| 56 | ov_056 | 1.839079668408704 × 10^293 |
| 57 | ov_057 | 1.1033169726177564 × 10^293 |
| 58 | ov_058 | 6.106051232025202 × 10^292 |
| 59 | ov_059 | 3.0083467110542477 × 10^292 |
| 60 | ov_060 | 1.2467037096334042 × 10^292 |
| 61 | ov_061 | 4.355073090122368 × 10^291 |
| 62 | ov_062 | 1.1947863139899755 × 10^291 |
| 63 | ov_063 | 2.328994801612527 × 10^290 |
| 64 | lv_79_m31 | 4.538998338503965 × 10^289 |
| 65 | ov_065 | 5.463361719997644 × 10^290 |
| 66 | ov_066 | 5.463345510425298 × 10^290 |
| 67 | ov_067 | 5.463341543466342 × 10^290 |
| 68 | ov_068 | 4.737559357471038 × 10^290 |
| 69 | ov_069 | 4.0885876134965915 × 10^290 |
| 70 | ov_070 | 3.5102855495343475 × 10^290 |
| 71 | ov_071 | 2.9968900848246413 × 10^290 |
| 72 | ov_072 | 2.5429902504517376 × 10^290 |
| 73 | ov_073 | 2.1435038839775904 × 10^290 |
| 74 | ov_074 | 1.79365646744884 × 10^290 |
| 75 | ov_075 | 1.4889619928754353 × 10^290 |
| 76 | ov_076 | 1.2252057432201288 × 10^290 |
| 77 | ov_077 | 9.984288801570179 × 10^289 |
| 78 | ov_078 | 8.049147324488368 × 10^289 |
| 79 | ov_079 | 6.411766808448307 × 10^289 |
| 80 | ov_080 | 5.039475369951958 × 10^289 |
| 81 | ov_081 | 3.90170315089196 × 10^289 |
| 82 | ov_082 | 2.969902958206144 × 10^289 |
| 83 | ov_083 | 2.217482829281437 × 10^289 |
| 84 | ov_084 | 1.6197495300516866 × 10^289 |
| 85 | ov_085 | 1.1538619957218512 × 10^289 |
| 86 | ov_086 | 7.987937259804561 × 10^288 |
| 87 | ov_087 | 5.35303147773527 × 10^288 |
| 88 | ov_088 | 3.4591095945204544 × 10^288 |
| 89 | ov_089 | 2.1488347053308816 × 10^288 |
| 90 | ov_090 | 1.2822095154241532 × 10^288 |
| 91 | ov_091 | 7.365000851537433 × 10^287 |
| 92 | ov_092 | 4.06190050382117 × 10^287 |
| 93 | ov_093 | 2.0295603420703045 × 10^287 |
| 94 | ov_094 | 8.693256841790867 × 10^286 |
| 95 | aaa_78_28 | 2.6843312718692097 × 10^286 |
| 96 | aaa_78_29 | 8.243414795361823 × 10^285 |
| 97 | ov_097 | 5.441884310757469 × 10^285 |
| 98 | ov_098 | 5.441720849574857 × 10^285 |
| 99 | ov_099 | 5.441668590409737 × 10^285 |
| 100 | ov_100 | 4.8960860672185287 × 10^285 |
| 101 | ov_101 | 4.3909253479539627 × 10^285 |
| 102 | ov_102 | 3.923948141331466 × 10^285 |
| 103 | ov_103 | 3.4930785951574596 × 10^285 |
| 104 | ov_104 | 3.0963826991100734 × 10^285 |
| 105 | ov_105 | 2.73204953262586 × 10^285 |
| 106 | ov_106 | 2.398374260717678 × 10^285 |
| 107 | ov_107 | 2.093742784290544 × 10^285 |
| 108 | ov_108 | 1.8166179545862532 × 10^285 |
| 109 | ov_109 | 1.565527263861865 × 10^285 |
| 110 | ov_110 | 1.3390519263694481 × 10^285 |
| 111 | ov_111 | 1.1358172652293925 × 10^285 |
| 112 | ov_112 | 9.544843219460407 × 10^284 |
| 113 | ov_113 | 7.937426061660722 × 10^284 |
| 114 | ov_114 | 6.523039038848726 × 10^284 |
| 115 | ov_115 | 5.2889706271669606 × 10^284 |
| 116 | ov_116 | 4.222636731077478 × 10^284 |
| 117 | ov_117 | 3.311545645289819 × 10^284 |
| 118 | ov_118 | 2.5432703577317857 × 10^284 |
| 119 | ov_119 | 1.9054273852732606 × 10^284 |
| 120 | ov_120 | 1.3856613341606597 × 10^284 |
| 121 | ov_121 | 9.716343772556576 × 10^283 |
| 122 | ov_122 | 6.510194780927325 × 10^283 |
| 123 | ov_123 | 4.114959306244621 × 10^283 |
| 124 | ov_124 | 2.4074634763335355 × 10^283 |
| 125 | ov_125 | 1.2645479292460063 × 10^283 |
| 126 | ov_126 | 5.630582737606864 × 10^282 |
| 127 | aaa_77_28 | 1.798414225157693 × 10^282 |
| 128 | aaa_77_29 | 6.744672863749298 × 10^281 |
| 129 | ov_129 | 6.301429970711218 × 10^281 |
| 130 | ov_130 | 6.301412286782028 × 10^281 |
| 131 | ov_131 | 6.3014080054000314 × 10^281 |
| 132 | ov_132 | 5.475863087417885 × 10^281 |
| 133 | ov_133 | 4.735293150353994 × 10^281 |
| 134 | ov_134 | 4.073312812702364 × 10^281 |
| 135 | ov_135 | 3.483884289085602 × 10^281 |
| 136 | ov_136 | 2.9612926378527895 × 10^281 |
| 137 | ov_137 | 2.500124289238543 × 10^281 |
| 138 | ov_138 | 2.0952485512903163 × 10^281 |
| 139 | ov_139 | 1.7418018065023176 × 10^281 |
| 140 | ov_140 | 1.4351741273129248 × 10^281 |
| 141 | ov_141 | 1.170998053433209 × 10^281 |
| 142 | ov_142 | 9.4513928846716 × 10^280 |
| 143 | ov_143 | 7.536890875356894 × 10^280 |
| 144 | ov_144 | 5.929581216896971 × 10^280 |
| 145 | ov_145 | 4.594716188437874 × 10^280 |
| 146 | ov_146 | 3.499655948220665 × 10^280 |
| 147 | ov_147 | 2.613840019113856 × 10^280 |
| 148 | ov_148 | 1.9087663608701828 × 10^280 |
| 149 | ov_149 | 1.357976578251555 × 10^280 |
| 150 | ov_150 | 9.370459515391604 × 10^279 |
| 151 | ov_151 | 6.235771132433352 × 10^279 |
| 152 | ov_152 | 3.97196332076253 × 10^279 |
| 153 | ov_153 | 2.3955150246774314 × 10^279 |
| 154 | ov_154 | 1.3431110573698636 × 10^279 |
| 155 | ov_155 | 6.716364936606287 × 10^278 |
| 156 | aaa_76_25 | 2.5817361735014122 × 10^278 |
| 157 | aaa_76_26 | 1.4919680066567136 × 10^278 |
| 158 | aaa_76_27 | 7.643524476719532 × 10^277 |
| 159 | aaa_76_28 | 2.979181812770775 × 10^277 |
| 160 | aaa_76_29 | 9.070113289723058 × 10^276 |

### Output Bits Sorted by Complexity

| Rank | Output Bit | Complexity |
|:----:|:----------:|:----------:|
| 160 | aaa_76_29 | 9.070113289723058 × 10^276 |
| 159 | aaa_76_28 | 2.979181812770775 × 10^277 |
| 158 | aaa_76_27 | 7.643524476719532 × 10^277 |
| 157 | aaa_76_26 | 1.4919680066567136 × 10^278 |
| 156 | aaa_76_25 | 2.5817361735014122 × 10^278 |
| 155 | ov_155 | 6.716364936606287 × 10^278 |
| 154 | ov_154 | 1.3431110573698636 × 10^279 |
| 153 | ov_153 | 2.3955150246774314 × 10^279 |
| 152 | ov_152 | 3.97196332076253 × 10^279 |
| 151 | ov_151 | 6.235771132433352 × 10^279 |
| 150 | ov_150 | 9.370459515391604 × 10^279 |
| 149 | ov_149 | 1.357976578251555 × 10^280 |
| 148 | ov_148 | 1.9087663608701828 × 10^280 |
| 147 | ov_147 | 2.613840019113856 × 10^280 |
| 146 | ov_146 | 3.499655948220665 × 10^280 |
| 145 | ov_145 | 4.594716188437874 × 10^280 |
| 144 | ov_144 | 5.929581216896971 × 10^280 |
| 143 | ov_143 | 7.536890875356894 × 10^280 |
| 142 | ov_142 | 9.4513928846716 × 10^280 |
| 141 | ov_141 | 1.170998053433209 × 10^281 |
| 140 | ov_140 | 1.4351741273129248 × 10^281 |
| 139 | ov_139 | 1.7418018065023176 × 10^281 |
| 138 | ov_138 | 2.0952485512903163 × 10^281 |
| 137 | ov_137 | 2.500124289238543 × 10^281 |
| 136 | ov_136 | 2.9612926378527895 × 10^281 |
| 135 | ov_135 | 3.483884289085602 × 10^281 |
| 134 | ov_134 | 4.073312812702364 × 10^281 |
| 133 | ov_133 | 4.735293150353994 × 10^281 |
| 132 | ov_132 | 5.475863087417885 × 10^281 |
| 131 | ov_131 | 6.3014080054000314 × 10^281 |
| 130 | ov_130 | 6.301412286782028 × 10^281 |
| 129 | ov_129 | 6.301429970711218 × 10^281 |
| 128 | aaa_77_29 | 6.744672863749298 × 10^281 |
| 127 | aaa_77_28 | 1.798414225157693 × 10^282 |
| 126 | ov_126 | 5.630582737606864 × 10^282 |
| 125 | ov_125 | 1.2645479292460063 × 10^283 |
| 124 | ov_124 | 2.4074634763335355 × 10^283 |
| 123 | ov_123 | 4.114959306244621 × 10^283 |
| 122 | ov_122 | 6.510194780927325 × 10^283 |
| 121 | ov_121 | 9.716343772556576 × 10^283 |
| 120 | ov_120 | 1.3856613341606597 × 10^284 |
| 119 | ov_119 | 1.9054273852732606 × 10^284 |
| 118 | ov_118 | 2.5432703577317857 × 10^284 |
| 117 | ov_117 | 3.311545645289819 × 10^284 |
| 116 | ov_116 | 4.222636731077478 × 10^284 |
| 115 | ov_115 | 5.2889706271669606 × 10^284 |
| 114 | ov_114 | 6.523039038848726 × 10^284 |
| 113 | ov_113 | 7.937426061660722 × 10^284 |
| 112 | ov_112 | 9.544843219460407 × 10^284 |
| 111 | ov_111 | 1.1358172652293925 × 10^285 |
| 110 | ov_110 | 1.3390519263694481 × 10^285 |
| 109 | ov_109 | 1.565527263861865 × 10^285 |
| 108 | ov_108 | 1.8166179545862532 × 10^285 |
| 107 | ov_107 | 2.093742784290544 × 10^285 |
| 106 | ov_106 | 2.398374260717678 × 10^285 |
| 105 | ov_105 | 2.73204953262586 × 10^285 |
| 104 | ov_104 | 3.0963826991100734 × 10^285 |
| 103 | ov_103 | 3.4930785951574596 × 10^285 |
| 102 | ov_102 | 3.923948141331466 × 10^285 |
| 101 | ov_101 | 4.3909253479539627 × 10^285 |
| 100 | ov_100 | 4.8960860672185287 × 10^285 |
| 99 | ov_099 | 5.441668590409737 × 10^285 |
| 98 | ov_098 | 5.441720849574857 × 10^285 |
| 97 | ov_097 | 5.441884310757469 × 10^285 |
| 96 | aaa_78_29 | 8.243414795361823 × 10^285 |
| 95 | aaa_78_28 | 2.6843312718692097 × 10^286 |
| 94 | ov_094 | 8.693256841790867 × 10^286 |
| 93 | ov_093 | 2.0295603420703045 × 10^287 |
| 92 | ov_092 | 4.06190050382117 × 10^287 |
| 91 | ov_091 | 7.365000851537433 × 10^287 |
| 90 | ov_090 | 1.2822095154241532 × 10^288 |
| 89 | ov_089 | 2.1488347053308816 × 10^288 |
| 88 | ov_088 | 3.4591095945204544 × 10^288 |
| 87 | ov_087 | 5.35303147773527 × 10^288 |
| 86 | ov_086 | 7.987937259804561 × 10^288 |
| 85 | ov_085 | 1.1538619957218512 × 10^289 |
| 84 | ov_084 | 1.6197495300516866 × 10^289 |
| 83 | ov_083 | 2.217482829281437 × 10^289 |
| 82 | ov_082 | 2.969902958206144 × 10^289 |
| 81 | ov_081 | 3.90170315089196 × 10^289 |
| 64 | lv_79_m31 | 4.538998338503965 × 10^289 |
| 80 | ov_080 | 5.039475369951958 × 10^289 |
| 79 | ov_079 | 6.411766808448307 × 10^289 |
| 78 | ov_078 | 8.049147324488368 × 10^289 |
| 77 | ov_077 | 9.984288801570179 × 10^289 |
| 76 | ov_076 | 1.2252057432201288 × 10^290 |
| 75 | ov_075 | 1.4889619928754353 × 10^290 |
| 74 | ov_074 | 1.79365646744884 × 10^290 |
| 73 | ov_073 | 2.1435038839775904 × 10^290 |
| 63 | ov_063 | 2.328994801612527 × 10^290 |
| 72 | ov_072 | 2.5429902504517376 × 10^290 |
| 71 | ov_071 | 2.9968900848246413 × 10^290 |
| 70 | ov_070 | 3.5102855495343475 × 10^290 |
| 69 | ov_069 | 4.0885876134965915 × 10^290 |
| 68 | ov_068 | 4.737559357471038 × 10^290 |
| 67 | ov_067 | 5.463341543466342 × 10^290 |
| 66 | ov_066 | 5.463345510425298 × 10^290 |
| 65 | ov_065 | 5.463361719997644 × 10^290 |
| 62 | ov_062 | 1.1947863139899755 × 10^291 |
| 61 | ov_061 | 4.355073090122368 × 10^291 |
| 60 | ov_060 | 1.2467037096334042 × 10^292 |
| 59 | ov_059 | 3.0083467110542477 × 10^292 |
| 58 | ov_058 | 6.106051232025202 × 10^292 |
| 57 | ov_057 | 1.1033169726177564 × 10^293 |
| 56 | ov_056 | 1.839079668408704 × 10^293 |
| 55 | ov_055 | 2.9488875335483762 × 10^293 |
| 54 | ov_054 | 4.585288372473303 × 10^293 |
| 53 | ov_053 | 6.922391058201897 × 10^293 |
| 52 | ov_052 | 1.0155879017811934 × 10^294 |
| 51 | ov_051 | 1.4503032860746562 × 10^294 |
| 50 | ov_050 | 2.0202767363640003 × 10^294 |
| 49 | ov_049 | 2.7515690252948298 × 10^294 |
| 48 | ov_048 | 3.672419191620016 × 10^294 |
| 47 | ov_047 | 4.813257655243752 × 10^294 |
| 32 | lv_80_m31 | 5.521031490371411 × 10^294 |
| 46 | ov_046 | 6.206724665724154 × 10^294 |
| 45 | ov_045 | 7.88769541304734 × 10^294 |
| 44 | ov_044 | 9.89331326991139 × 10^294 |
| 43 | ov_043 | 1.2263032776776425 × 10^295 |
| 42 | ov_042 | 1.503867412506651 × 10^295 |
| 41 | ov_041 | 1.826449104074779 × 10^295 |
| 40 | ov_040 | 2.1987254120732524 × 10^295 |
| 39 | ov_039 | 2.6256351828926307 × 10^295 |
| 31 | ov_031 | 2.831669038375753 × 10^295 |
| 38 | ov_038 | 3.112391151808037 × 10^295 |
| 37 | ov_037 | 3.664494300884788 × 10^295 |
| 36 | ov_036 | 4.2877507429565365 × 10^295 |
| 35 | ov_035 | 4.988291420036331 × 10^295 |
| 34 | ov_034 | 5.772594923440728 × 10^295 |
| 33 | ov_033 | 6.647513762861997 × 10^295 |
| 30 | ov_030 | 1.4520242600077878 × 10^296 |
| 29 | ov_029 | 4.7502960484358645 × 10^296 |
| 28 | ov_028 | 1.2329218348299575 × 10^297 |
| 27 | ov_027 | 2.7556164227793702 × 10^297 |
| 26 | ov_026 | 5.846951148410313 × 10^297 |
| 25 | ov_025 | 1.1571491506749035 × 10^298 |
| 24 | ov_024 | 2.1254537364257897 × 10^298 |
| 23 | ov_023 | 3.6482143628527885 × 10^298 |
| 22 | ov_022 | 5.910117264922579 × 10^298 |
| 21 | ov_021 | 9.1219405549579 × 10^298 |
| 20 | ov_020 | 1.3520574540306477 × 10^299 |
| 19 | ov_019 | 1.9369054918924833 × 10^299 |
| 18 | ov_018 | 2.695661383190885 × 10^299 |
| 17 | ov_017 | 3.659875652506166 × 10^299 |
| 16 | ov_016 | 4.863737446810702 × 10^299 |
| 15 | ov_015 | 6.3440907998201574 × 10^299 |
| 14 | ov_014 | 8.14045732799893 × 10^299 |
| 13 | ov_013 | 1.0295067010156113 × 10^300 |
| 12 | ov_012 | 1.2852898875531317 × 10^300 |
| 11 | ov_011 | 1.5861733598632584 × 10^300 |
| 10 | ov_010 | 1.9372220173064955 × 10^300 |
| 9 | ov_009 | 2.3437959011470752 × 10^300 |
| 8 | ov_008 | 2.8115603994872772 × 10^300 |
| 7 | ov_007 | 3.346498617265223 × 10^300 |
| 6 | ov_006 | 3.954926199469896 × 10^300 |
| 5 | ov_005 | 4.643508914065988 × 10^300 |
| 4 | ov_004 | 5.419283319853587 × 10^300 |
| 3 | ov_003 | 6.28968086371352 × 10^300 |
| 2 | ov_002 | 7.2625557715242 × 10^300 |
| 1 | ov_001 | 8.346217117612697 × 10^300 |

