# Results for F001-F002-F003-F004-F005-F006-F007-F008-F009-F010-F011-F012-F013-F014-F015-F016-F017-F018-F019-F020-F021-F022-F023-F024-F025-F026-F027-F028-F029-F030-F031-F032-F033-F034-F035-F036-F037-F038-F039-F040-F041-F042-F043-F044-F045-F046-F047-F048-F049-F050-F051-F052-F053-F054-F055-F056-F057-F058-F059-F060-F061-F062-F063-F064-F065-F066-F067-F068-F069-F070-F071-F072-F073-F074-F075-F076-F077-F078-F079-F080-F081-F082-F083-F084-F085-F086-F087-F088-F089-F090-F091-F092-F093-F094-F095-F096-F097-F098-F099-F100-F101-F102-F103-F104-F105-F106-F107-F108-F109-F110-F111-F112-F113-F114-F115-F116-F117-F118-F119-F120-F121-F122-F123-F124-F125-F126-F127-F128-F129-F130-F131-F132-F133-F134-F135-F136-F137-F138-F139-F140-F141-F142-F143-F144-F145-F146-F147-F148-F149-F150-F151-F152-F153-F154-F155-F156-F157-F158-F159-F160-F161-F162-F163-F164-F165-F166-F167-F168-F169-F170-F171-F172-F173-F174-F175-F176-F177-F178-F179-F180-F181-F182-F183-F184-F185-F186-F187-F188-F189-F190-F191-F192-F193-F194-F195-F196-F197-F198-F199-F200-F201-F202-F203-F204-F205-F206-F207-F208-F209-F210-F211-F212-F213-F214-F215-F216-F217-F218-F219-F220-F221-F222-F223-F224-F225-F226-F227-F228-F229-F230-F231-F232-F233-F234-F235-F236-F237-F238-F239-F240-F241-F242-F243-F244-F245-F246-F247-F248-F249-F250-F251-F252-F253-F254-F255-F256-F257-F258-F259-F260-F261-F262-F263-F264-F265-F266-F267-F268-F269-F270-F271-F272-F273-F274-F275-F276-F277-F278-F279-F280-F281-F282-F283-F284-F285-F286-F287-F288-F289-F290-F291-F292-F293-F294-F295-F296-F297-F298-F299-F300-F301-F302-F303-F304-F305-F306-F307-F308-F309-F310-F311-F312-F313-F314-F315-F316-F317-F318-F319-F320-F321-F322-F323-F324-F325-F326-F327-F328-F329-F330-F331-F332-F333-F334-F335-F336-F337-F338-F339-F340-F341-F342-F343-F344-F345-F346-F347-F348-F349-F350-F351-F352-F353-F354-F355-F356-F357-F358-F359-F360-F361-F362-F363-F364-F365-F366-F367-F368-F369-F370-F371-F372-F373-F374-F375-F376-F377-F378-F379-F380-F381-F382-F383-F384-F385-F386-F387-F388-F389-F390-F391-F392-F393-F394-F395-F396-F397-F398-F399-F400-F401-F402-F403-F404-F405-F406-F407-F408-F409-F410-F411-F412-F413-F414-F415-F416-F417-F418-F419-F420-F421-F422-F423-F424-F425-F426-F427-F428-F429-F430-F431-F432-F433-F434-F435-F436-F437-F438-F439-F440-F441-F442-F443-F444-F445-F446-F447-F448-F449-F450-F451-F452-F453-F454-F455-F456-F457-F458-F459-F460-F461-F462-F463-F464-F465-F466-F467-F468-F469-F470-F471-F472-F473-F474-F475-F476-F477-F478-F479-F480-F481-F482-F483-F484-F485-F486-F487-F488-F489-F490-F491-F492-F493-F494-F495-F496-O504506-E507512

## Summary

Number of input bits: 512  
Number of free input bits: 14  
Number of output bits: 160

Number of direct occurrences: 58612  
Number of assignments: 32508  
Number of operations: 12017331
(xor: 11987767,
and: 15808,
or: 13756)

Total complexity: 4.259946812824348 × 10^309

Least occurring input variable: iv_502 (3936)  
Most occurring input variable: iv_507 (4492)

Most co-occurring input variables: iv_497-iv_499 (2113)  
Least co-occurring input variables: iv_498-iv_502 (1791)

Potentially most occurring input variable: iv_504/iv_507 (4711)  
Potentially least occurring input variable: iv_497/iv_499 (4196)

Least output occurring input variable: iv_500 (73)  
Most output occurring input variable: iv_501 (93)

Most output co-occurring input variables: iv_497-iv_507 (53)  
Least output co-occurring input variables: iv_498-iv_500 (29)

Potentially most output occurring input variable: iv_498/iv_501 (96)  
Potentially least output occurring input variable: iv_498/iv_509 (65)

Least complex input bit: iv_497 (3.0031814437372956 × 10^306)  
Most complex input bit: iv_510 (1.0452861807150728 × 10^309)

Least complex output bit: aaa_76_29 (1.3125708732653658 × 10^284)  
Most complex output bit: ov_001 (6.627823870532997 × 10^308)

Least complex input/output complexity: iv_497/aaa_76_29 (9.253374897343202 × 10^280)  
Most complex input/output complexity: iv_510/ov_001 (1.6263049762089354 × 10^308)

## Input Bits

### Input Bits in Regular Order

| Input Bit | Complexity | Occurrences | Output Occurrences |
|:---------:|:----------:|:-----------:|:------------------:|
| iv_497 | 3.0031814437372956 × 10^306 | 4142 | 89 |
| iv_498 | 6.058061009384875 × 10^306 | 4027 | 75 |
| iv_499 | 1.0786014076061664 × 10^307 | 4280 | 87 |
| iv_500 | 1.826897079759662 × 10^307 | 4181 | 73 |
| iv_501 | 3.11515796949614 × 10^307 | 4184 | 93 |
| iv_502 | 5.063338337206095 × 10^307 | 3936 | 79 |
| iv_503 | 7.988956417875979 × 10^307 | 4171 | 85 |
| iv_504 | 3.993968980918821 × 10^308 | 4367 | 84 |
| iv_505 | 1.8598766046875478 × 10^308 | 4009 | 83 |
| iv_507 | 7.613666000953037 × 10^308 | 4492 | 84 |
| iv_508 | 5.729545185453702 × 10^308 | 4152 | 78 |
| iv_509 | 7.856058417633775 × 10^308 | 4157 | 84 |
| iv_510 | 1.0452861807150728 × 10^309 | 4212 | 81 |
| iv_511 | 3.0955835857202536 × 10^308 | 4302 | 88 |

### Input Bits Sorted by Complexity

| Input Bit | Complexity | Occurrences | Output Occurrences |
|:---------:|:----------:|:-----------:|:------------------:|
| iv_497 | 3.0031814437372956 × 10^306 | 4142 | 89 |
| iv_498 | 6.058061009384875 × 10^306 | 4027 | 75 |
| iv_499 | 1.0786014076061664 × 10^307 | 4280 | 87 |
| iv_500 | 1.826897079759662 × 10^307 | 4181 | 73 |
| iv_501 | 3.11515796949614 × 10^307 | 4184 | 93 |
| iv_502 | 5.063338337206095 × 10^307 | 3936 | 79 |
| iv_503 | 7.988956417875979 × 10^307 | 4171 | 85 |
| iv_505 | 1.8598766046875478 × 10^308 | 4009 | 83 |
| iv_511 | 3.0955835857202536 × 10^308 | 4302 | 88 |
| iv_504 | 3.993968980918821 × 10^308 | 4367 | 84 |
| iv_508 | 5.729545185453702 × 10^308 | 4152 | 78 |
| iv_507 | 7.613666000953037 × 10^308 | 4492 | 84 |
| iv_509 | 7.856058417633775 × 10^308 | 4157 | 84 |
| iv_510 | 1.0452861807150728 × 10^309 | 4212 | 81 |

### Input Bits Sorted by Occurrences

| Input Bit | Complexity | Occurrences | Output Occurrences |
|:---------:|:----------:|:-----------:|:------------------:|
| iv_502 | 5.063338337206095 × 10^307 | 3936 | 79 |
| iv_505 | 1.8598766046875478 × 10^308 | 4009 | 83 |
| iv_498 | 6.058061009384875 × 10^306 | 4027 | 75 |
| iv_497 | 3.0031814437372956 × 10^306 | 4142 | 89 |
| iv_508 | 5.729545185453702 × 10^308 | 4152 | 78 |
| iv_509 | 7.856058417633775 × 10^308 | 4157 | 84 |
| iv_503 | 7.988956417875979 × 10^307 | 4171 | 85 |
| iv_500 | 1.826897079759662 × 10^307 | 4181 | 73 |
| iv_501 | 3.11515796949614 × 10^307 | 4184 | 93 |
| iv_510 | 1.0452861807150728 × 10^309 | 4212 | 81 |
| iv_499 | 1.0786014076061664 × 10^307 | 4280 | 87 |
| iv_511 | 3.0955835857202536 × 10^308 | 4302 | 88 |
| iv_504 | 3.993968980918821 × 10^308 | 4367 | 84 |
| iv_507 | 7.613666000953037 × 10^308 | 4492 | 84 |

### Input Bits Sorted by Output Occurrences

| Input Bit | Complexity | Occurrences | Output Occurrences |
|:---------:|:----------:|:-----------:|:------------------:|
| iv_500 | 1.826897079759662 × 10^307 | 4181 | 73 |
| iv_498 | 6.058061009384875 × 10^306 | 4027 | 75 |
| iv_508 | 5.729545185453702 × 10^308 | 4152 | 78 |
| iv_502 | 5.063338337206095 × 10^307 | 3936 | 79 |
| iv_510 | 1.0452861807150728 × 10^309 | 4212 | 81 |
| iv_505 | 1.8598766046875478 × 10^308 | 4009 | 83 |
| iv_504 | 3.993968980918821 × 10^308 | 4367 | 84 |
| iv_509 | 7.856058417633775 × 10^308 | 4157 | 84 |
| iv_507 | 7.613666000953037 × 10^308 | 4492 | 84 |
| iv_503 | 7.988956417875979 × 10^307 | 4171 | 85 |
| iv_499 | 1.0786014076061664 × 10^307 | 4280 | 87 |
| iv_511 | 3.0955835857202536 × 10^308 | 4302 | 88 |
| iv_497 | 3.0031814437372956 × 10^306 | 4142 | 89 |
| iv_501 | 3.11515796949614 × 10^307 | 4184 | 93 |

## Input Bit Co-occurrences

### Input Bit Co-occurrences Sorted by Co-occurrences

| Input Bits | Co-occurrences | Potential Occurrences | Output Co-occurrences | Potential Output Occurrences |
|:----------:|:--------------:|:---------------------:|:---------------------:|:----------------------------:|
| iv_497-iv_499 | 2113 | 4196 | 49 | 78 |
| iv_499-iv_510 | 2108 | 4276 | 45 | 78 |
| iv_499-iv_507 | 2098 | 4576 | 42 | 87 |
| iv_499-iv_509 | 2086 | 4265 | 46 | 79 |
| iv_499-iv_500 | 2085 | 4291 | 39 | 82 |
| iv_499-iv_504 | 2084 | 4479 | 47 | 77 |
| iv_499-iv_508 | 2078 | 4276 | 43 | 79 |
| iv_507-iv_511 | 2076 | 4642 | 48 | 76 |
| iv_504-iv_507 | 2074 | 4711 | 43 | 82 |
| iv_504-iv_511 | 2072 | 4525 | 49 | 74 |
| iv_501-iv_511 | 2070 | 4346 | 51 | 79 |
| iv_500-iv_511 | 2070 | 4343 | 42 | 77 |
| iv_497-iv_507 | 2068 | 4498 | 53 | 67 |
| iv_500-iv_507 | 2065 | 4543 | 41 | 75 |

### Input Bit Co-occurrences Sorted by Potential Occurrences

| Input Bits | Co-occurrences | Potential Occurrences | Output Co-occurrences | Potential Output Occurrences |
|:----------:|:--------------:|:---------------------:|:---------------------:|:----------------------------:|
| iv_497-iv_499 | 2113 | 4196 | 49 | 78 |
| iv_502-iv_505 | 1874 | 4197 | 39 | 84 |
| iv_500-iv_509 | 2046 | 4246 | 35 | 87 |
| iv_498-iv_510 | 1995 | 4249 | 37 | 82 |
| iv_501-iv_502 | 1929 | 4262 | 40 | 92 |
| iv_499-iv_509 | 2086 | 4265 | 46 | 79 |
| iv_500-iv_503 | 2041 | 4270 | 35 | 88 |
| iv_498-iv_509 | 1956 | 4272 | 47 | 65 |
| iv_499-iv_508 | 2078 | 4276 | 43 | 79 |
| iv_499-iv_510 | 2108 | 4276 | 45 | 78 |
| iv_498-iv_503 | 1959 | 4280 | 47 | 66 |
| iv_499-iv_502 | 1966 | 4284 | 46 | 74 |
| iv_497-iv_501 | 2020 | 4286 | 51 | 80 |
| iv_499-iv_500 | 2085 | 4291 | 39 | 82 |

### Input Bit Output Co-occurrences Sorted by Output Co-occurrences

| Input Bits | Co-occurrences | Potential Occurrences | Output Co-occurrences | Potential Output Occurrences |
|:----------:|:--------------:|:---------------------:|:---------------------:|:----------------------------:|
| iv_497-iv_507 | 2068 | 4498 | 53 | 67 |
| iv_501-iv_503 | 1984 | 4387 | 52 | 74 |
| iv_497-iv_501 | 2020 | 4286 | 51 | 80 |
| iv_501-iv_511 | 2070 | 4346 | 51 | 79 |
| iv_497-iv_503 | 2002 | 4309 | 50 | 74 |
| iv_500-iv_501 | 1953 | 4459 | 50 | 66 |
| iv_497-iv_511 | 1984 | 4476 | 50 | 77 |
| iv_503-iv_511 | 2065 | 4343 | 50 | 73 |
| iv_497-iv_499 | 2113 | 4196 | 49 | 78 |
| iv_504-iv_505 | 1976 | 4424 | 49 | 69 |
| iv_499-iv_501 | 2028 | 4408 | 49 | 82 |
| iv_501-iv_510 | 2048 | 4300 | 49 | 76 |
| iv_504-iv_511 | 2072 | 4525 | 49 | 74 |
| iv_507-iv_511 | 2076 | 4642 | 48 | 76 |

### Input Bit Output Co-occurrences Sorted by Potential Output Occurrences

| Input Bits | Co-occurrences | Potential Occurrences | Output Co-occurrences | Potential Output Occurrences |
|:----------:|:--------------:|:---------------------:|:---------------------:|:----------------------------:|
| iv_498-iv_509 | 1956 | 4272 | 47 | 65 |
| iv_498-iv_502 | 1791 | 4381 | 44 | 66 |
| iv_500-iv_501 | 1953 | 4459 | 50 | 66 |
| iv_498-iv_503 | 1959 | 4280 | 47 | 66 |
| iv_497-iv_507 | 2068 | 4498 | 53 | 67 |
| iv_505-iv_508 | 1918 | 4325 | 47 | 67 |
| iv_504-iv_505 | 1976 | 4424 | 49 | 69 |
| iv_502-iv_507 | 1966 | 4496 | 47 | 69 |
| iv_498-iv_499 | 1976 | 4355 | 46 | 70 |
| iv_498-iv_505 | 1858 | 4320 | 43 | 72 |
| iv_502-iv_504 | 1972 | 4359 | 45 | 73 |
| iv_503-iv_511 | 2065 | 4343 | 50 | 73 |
| iv_503-iv_507 | 2020 | 4623 | 48 | 73 |
| iv_499-iv_502 | 1966 | 4284 | 46 | 74 |

## Output Bits

### Output Bits in Regular Order

| Rank | Output Bit | Complexity |
|:----:|:----------:|:----------:|
| 1 | ov_001 | 6.627823870532997 × 10^308 |
| 2 | ov_002 | 5.770790129663016 × 10^308 |
| 3 | ov_003 | 5.001134552927205 × 10^308 |
| 4 | ov_004 | 4.312304609423179 × 10^308 |
| 5 | ov_005 | 3.6981079694202475 × 10^308 |
| 6 | ov_006 | 3.152687143346696 × 10^308 |
| 7 | ov_007 | 2.6704973863394885 × 10^308 |
| 8 | ov_008 | 2.24628757011984 × 10^308 |
| 9 | ov_009 | 1.8750837399949625 × 10^308 |
| 10 | ov_010 | 1.552175090227496 × 10^308 |
| 11 | ov_011 | 1.273102105964915 × 10^308 |
| 12 | ov_012 | 1.0336466344731716 × 10^308 |
| 13 | ov_013 | 8.298236626516291 × 10^307 |
| 14 | ov_014 | 6.57874591787905 × 10^307 |
| 15 | ov_015 | 5.142618142991987 × 10^307 |
| 16 | ov_016 | 3.9566441084881157 × 10^307 |
| 17 | ov_017 | 2.989747997620319 × 10^307 |
| 18 | ov_018 | 2.2129618412549317 × 10^307 |
| 19 | ov_019 | 1.5994065536272708 × 10^307 |
| 20 | ov_020 | 1.1242782545391459 × 10^307 |
| 21 | ov_021 | 7.648387332258504 × 10^306 |
| 22 | ov_022 | 5.00409042546909 × 10^306 |
| 23 | ov_023 | 3.1236534551404445 × 10^306 |
| 24 | ov_024 | 1.841362993710666 × 10^306 |
| 25 | ov_025 | 1.0120147704935848 × 10^306 |
| 26 | ov_026 | 5.109050165778403 × 10^305 |
| 27 | ov_027 | 2.338263880303504 × 10^305 |
| 28 | ov_028 | 9.706635644950822 × 10^304 |
| 29 | ov_029 | 3.7406690270203875 × 10^304 |
| 30 | ov_030 | 1.1436602312741656 × 10^304 |
| 31 | ov_031 | 2.2308739343947022 × 10^303 |
| 32 | lv_80_m31 | 4.3507587282475865 × 10^302 |
| 33 | ov_033 | 5.261611435916851 × 10^303 |
| 34 | ov_034 | 4.574888594801948 × 10^303 |
| 35 | ov_035 | 3.958777328114793 × 10^303 |
| 36 | ov_036 | 3.407952525743995 × 10^303 |
| 37 | ov_037 | 2.9173820827484936 × 10^303 |
| 38 | ov_038 | 2.4823062098975217 × 10^303 |
| 39 | ov_039 | 2.0982194034422962 × 10^303 |
| 40 | ov_040 | 1.7608548341442166 × 10^303 |
| 41 | ov_041 | 1.4661709275364293 × 10^303 |
| 42 | ov_042 | 1.2103399191343444 × 10^303 |
| 43 | ov_043 | 9.897381798879169 × 10^302 |
| 44 | ov_044 | 8.009381186194697 × 10^302 |
| 45 | ov_045 | 6.407014795388682 × 10^302 |
| 46 | ov_046 | 5.059738641893925 × 10^302 |
| 47 | ov_047 | 3.938803183663879 × 10^302 |
| 48 | ov_048 | 3.017218356788857 × 10^302 |
| 49 | ov_049 | 2.2697264050294515 × 10^302 |
| 50 | ov_050 | 1.6727812411439144 × 10^302 |
| 51 | ov_051 | 1.2045331879663089 × 10^302 |
| 52 | ov_052 | 8.448180570417093 × 10^301 |
| 53 | ov_053 | 5.751496323098381 × 10^301 |
| 54 | ov_054 | 3.7871473589739197 × 10^301 |
| 55 | ov_055 | 2.4037016256884638 × 10^301 |
| 56 | ov_056 | 1.4664087882885939 × 10^301 |
| 57 | ov_057 | 8.571900932521323 × 10^300 |
| 58 | ov_058 | 4.7463287479865704 × 10^300 |
| 59 | ov_059 | 2.3398780551731094 × 10^300 |
| 60 | ov_060 | 9.704584075054056 × 10^299 |
| 61 | ov_061 | 3.392886102661746 × 10^299 |
| 62 | ov_062 | 9.315833534698382 × 10^298 |
| 63 | ov_063 | 1.8175089518874835 × 10^298 |
| 64 | lv_79_m31 | 3.545194723507552 × 10^297 |
| 65 | ov_065 | 4.281418065277418 × 10^298 |
| 66 | ov_066 | 4.2814071014873087 × 10^298 |
| 67 | ov_067 | 4.2814044792696986 × 10^298 |
| 68 | ov_068 | 3.7240954760552275 × 10^298 |
| 69 | ov_069 | 3.2234625343524265 × 10^298 |
| 70 | ov_070 | 2.7753890578218424 × 10^298 |
| 71 | ov_071 | 2.3759579955574716 × 10^298 |
| 72 | ov_072 | 2.0214385231301395 × 10^298 |
| 73 | ov_073 | 1.7082752175571322 × 10^298 |
| 74 | ov_074 | 1.4330793945577424 × 10^298 |
| 75 | ov_075 | 1.1926222941986844 × 10^298 |
| 76 | ov_076 | 9.838298180692263 × 10^297 |
| 77 | ov_077 | 8.03778537573921 × 10^297 |
| 78 | ov_078 | 6.496927088968359 × 10^297 |
| 79 | ov_079 | 5.189420457674629 × 10^297 |
| 80 | ov_080 | 4.090400164245112 × 10^297 |
| 81 | ov_081 | 3.176424689095742 × 10^297 |
| 82 | ov_082 | 2.425464699784435 × 10^297 |
| 83 | ov_083 | 1.8168931848554326 × 10^297 |
| 84 | ov_084 | 1.3314771870858531 × 10^297 |
| 85 | ov_085 | 9.513709912789585 × 10^296 |
| 86 | ov_086 | 6.601106220529812 × 10^296 |
| 87 | ov_087 | 4.4260950726144096 × 10^296 |
| 88 | ov_088 | 2.8515516279131077 × 10^296 |
| 89 | ov_089 | 1.7540675454781457 × 10^296 |
| 90 | ov_090 | 1.0239339346754082 × 10^296 |
| 91 | ov_091 | 5.651301941733118 × 10^295 |
| 92 | ov_092 | 2.9531731049857654 × 10^295 |
| 93 | ov_093 | 1.4583425804569057 × 10^295 |
| 94 | ov_094 | 6.169632690204973 × 10^294 |
| 95 | aaa_78_28 | 1.8830119743231963 × 10^294 |
| 96 | aaa_78_29 | 5.6771588010858475 × 10^293 |
| 97 | ov_097 | 2.9271251409177305 × 10^293 |
| 98 | ov_098 | 2.9271011925236598 × 10^293 |
| 99 | ov_099 | 2.9270935336427714 × 10^293 |
| 100 | ov_100 | 2.4418822317386084 × 10^293 |
| 101 | ov_101 | 2.020991299342511 × 10^293 |
| 102 | ov_102 | 1.6584897268115335 × 10^293 |
| 103 | ov_103 | 1.3487759991036751 × 10^293 |
| 104 | ov_104 | 1.0865542380433366 × 10^293 |
| 105 | ov_105 | 8.668133420791364 × 10^292 |
| 106 | ov_106 | 6.848088563627727 × 10^292 |
| 107 | ov_107 | 5.360473201626244 × 10^292 |
| 108 | ov_108 | 4.162728522523015 × 10^292 |
| 109 | ov_109 | 3.214557480803832 × 10^292 |
| 110 | ov_110 | 2.4778287531860743 × 10^292 |
| 111 | ov_111 | 1.9164966687643614 × 10^292 |
| 112 | ov_112 | 1.4965352272425468 × 10^292 |
| 113 | ov_113 | 1.1858844393982176 × 10^292 |
| 114 | ov_114 | 9.544073432834491 × 10^291 |
| 115 | ov_115 | 7.738561680289872 × 10^291 |
| 116 | ov_116 | 6.17846234786189 × 10^291 |
| 117 | ov_117 | 4.8454849438022946 × 10^291 |
| 118 | ov_118 | 3.721440773894914 × 10^291 |
| 119 | ov_119 | 2.7882102919955266 × 10^291 |
| 120 | ov_120 | 2.0277187141560997 × 10^291 |
| 121 | ov_121 | 1.4219187305070037 × 10^291 |
| 122 | ov_122 | 9.527791491777566 × 10^290 |
| 123 | ov_123 | 6.0227792935906066 × 10^290 |
| 124 | ov_124 | 3.5239782910513587 × 10^290 |
| 125 | ov_125 | 1.8512370521763613 × 10^290 |
| 126 | ov_126 | 8.244113371769127 × 10^289 |
| 127 | aaa_77_28 | 2.633587935305485 × 10^289 |
| 128 | aaa_77_29 | 9.879173410590883 × 10^288 |
| 129 | ov_129 | 9.272510079185815 × 10^288 |
| 130 | ov_130 | 9.27248447847264 × 10^288 |
| 131 | ov_131 | 9.272478277393809 × 10^288 |
| 132 | ov_132 | 8.066223183655145 × 10^288 |
| 133 | ov_133 | 6.98346653404231 × 10^288 |
| 134 | ov_134 | 6.014937804122224 × 10^288 |
| 135 | ov_135 | 5.151874574804579 × 10^288 |
| 136 | ov_136 | 4.385986485936699 × 10^288 |
| 137 | ov_137 | 3.709423880170464 × 10^288 |
| 138 | ov_138 | 3.114750708787855 × 10^288 |
| 139 | ov_139 | 2.5949212936618684 × 10^288 |
| 140 | ov_140 | 2.1432605612504858 × 10^288 |
| 141 | ov_141 | 1.7534473856227607 × 10^288 |
| 142 | ov_142 | 1.4195006981274166 × 10^288 |
| 143 | ov_143 | 1.1357680415461129 × 10^288 |
| 144 | ov_144 | 8.96916266518812 × 10^287 |
| 145 | ov_145 | 6.979240877640324 × 10^287 |
| 146 | ov_146 | 5.340762372042449 × 10^287 |
| 147 | ov_147 | 4.0095897059450456 × 10^287 |
| 148 | ov_148 | 2.9445670367687443 × 10^287 |
| 149 | ov_149 | 2.1074957326972412 × 10^287 |
| 150 | ov_150 | 1.4631173806587606 × 10^287 |
| 151 | ov_151 | 9.791025326627456 × 10^286 |
| 152 | ov_152 | 6.260437252140603 × 10^286 |
| 153 | ov_153 | 3.77451499939595 × 10^286 |
| 154 | ov_154 | 2.097523469498022 × 10^286 |
| 155 | ov_155 | 1.0228771380072795 × 10^286 |
| 156 | aaa_76_25 | 3.731354295377563 × 10^285 |
| 157 | aaa_76_26 | 2.1568605870999684 × 10^285 |
| 158 | aaa_76_27 | 1.1052991127456158 × 10^285 |
| 159 | aaa_76_28 | 4.3096596690733484 × 10^284 |
| 160 | aaa_76_29 | 1.3125708732653658 × 10^284 |

### Output Bits Sorted by Complexity

| Rank | Output Bit | Complexity |
|:----:|:----------:|:----------:|
| 160 | aaa_76_29 | 1.3125708732653658 × 10^284 |
| 159 | aaa_76_28 | 4.3096596690733484 × 10^284 |
| 158 | aaa_76_27 | 1.1052991127456158 × 10^285 |
| 157 | aaa_76_26 | 2.1568605870999684 × 10^285 |
| 156 | aaa_76_25 | 3.731354295377563 × 10^285 |
| 155 | ov_155 | 1.0228771380072795 × 10^286 |
| 154 | ov_154 | 2.097523469498022 × 10^286 |
| 153 | ov_153 | 3.77451499939595 × 10^286 |
| 152 | ov_152 | 6.260437252140603 × 10^286 |
| 151 | ov_151 | 9.791025326627456 × 10^286 |
| 150 | ov_150 | 1.4631173806587606 × 10^287 |
| 149 | ov_149 | 2.1074957326972412 × 10^287 |
| 148 | ov_148 | 2.9445670367687443 × 10^287 |
| 147 | ov_147 | 4.0095897059450456 × 10^287 |
| 146 | ov_146 | 5.340762372042449 × 10^287 |
| 145 | ov_145 | 6.979240877640324 × 10^287 |
| 144 | ov_144 | 8.96916266518812 × 10^287 |
| 143 | ov_143 | 1.1357680415461129 × 10^288 |
| 142 | ov_142 | 1.4195006981274166 × 10^288 |
| 141 | ov_141 | 1.7534473856227607 × 10^288 |
| 140 | ov_140 | 2.1432605612504858 × 10^288 |
| 139 | ov_139 | 2.5949212936618684 × 10^288 |
| 138 | ov_138 | 3.114750708787855 × 10^288 |
| 137 | ov_137 | 3.709423880170464 × 10^288 |
| 136 | ov_136 | 4.385986485936699 × 10^288 |
| 135 | ov_135 | 5.151874574804579 × 10^288 |
| 134 | ov_134 | 6.014937804122224 × 10^288 |
| 133 | ov_133 | 6.98346653404231 × 10^288 |
| 132 | ov_132 | 8.066223183655145 × 10^288 |
| 131 | ov_131 | 9.272478277393809 × 10^288 |
| 130 | ov_130 | 9.27248447847264 × 10^288 |
| 129 | ov_129 | 9.272510079185815 × 10^288 |
| 128 | aaa_77_29 | 9.879173410590883 × 10^288 |
| 127 | aaa_77_28 | 2.633587935305485 × 10^289 |
| 126 | ov_126 | 8.244113371769127 × 10^289 |
| 125 | ov_125 | 1.8512370521763613 × 10^290 |
| 124 | ov_124 | 3.5239782910513587 × 10^290 |
| 123 | ov_123 | 6.0227792935906066 × 10^290 |
| 122 | ov_122 | 9.527791491777566 × 10^290 |
| 121 | ov_121 | 1.4219187305070037 × 10^291 |
| 120 | ov_120 | 2.0277187141560997 × 10^291 |
| 119 | ov_119 | 2.7882102919955266 × 10^291 |
| 118 | ov_118 | 3.721440773894914 × 10^291 |
| 117 | ov_117 | 4.8454849438022946 × 10^291 |
| 116 | ov_116 | 6.17846234786189 × 10^291 |
| 115 | ov_115 | 7.738561680289872 × 10^291 |
| 114 | ov_114 | 9.544073432834491 × 10^291 |
| 113 | ov_113 | 1.1858844393982176 × 10^292 |
| 112 | ov_112 | 1.4965352272425468 × 10^292 |
| 111 | ov_111 | 1.9164966687643614 × 10^292 |
| 110 | ov_110 | 2.4778287531860743 × 10^292 |
| 109 | ov_109 | 3.214557480803832 × 10^292 |
| 108 | ov_108 | 4.162728522523015 × 10^292 |
| 107 | ov_107 | 5.360473201626244 × 10^292 |
| 106 | ov_106 | 6.848088563627727 × 10^292 |
| 105 | ov_105 | 8.668133420791364 × 10^292 |
| 104 | ov_104 | 1.0865542380433366 × 10^293 |
| 103 | ov_103 | 1.3487759991036751 × 10^293 |
| 102 | ov_102 | 1.6584897268115335 × 10^293 |
| 101 | ov_101 | 2.020991299342511 × 10^293 |
| 100 | ov_100 | 2.4418822317386084 × 10^293 |
| 99 | ov_099 | 2.9270935336427714 × 10^293 |
| 98 | ov_098 | 2.9271011925236598 × 10^293 |
| 97 | ov_097 | 2.9271251409177305 × 10^293 |
| 96 | aaa_78_29 | 5.6771588010858475 × 10^293 |
| 95 | aaa_78_28 | 1.8830119743231963 × 10^294 |
| 94 | ov_094 | 6.169632690204973 × 10^294 |
| 93 | ov_093 | 1.4583425804569057 × 10^295 |
| 92 | ov_092 | 2.9531731049857654 × 10^295 |
| 91 | ov_091 | 5.651301941733118 × 10^295 |
| 90 | ov_090 | 1.0239339346754082 × 10^296 |
| 89 | ov_089 | 1.7540675454781457 × 10^296 |
| 88 | ov_088 | 2.8515516279131077 × 10^296 |
| 87 | ov_087 | 4.4260950726144096 × 10^296 |
| 86 | ov_086 | 6.601106220529812 × 10^296 |
| 85 | ov_085 | 9.513709912789585 × 10^296 |
| 84 | ov_084 | 1.3314771870858531 × 10^297 |
| 83 | ov_083 | 1.8168931848554326 × 10^297 |
| 82 | ov_082 | 2.425464699784435 × 10^297 |
| 81 | ov_081 | 3.176424689095742 × 10^297 |
| 64 | lv_79_m31 | 3.545194723507552 × 10^297 |
| 80 | ov_080 | 4.090400164245112 × 10^297 |
| 79 | ov_079 | 5.189420457674629 × 10^297 |
| 78 | ov_078 | 6.496927088968359 × 10^297 |
| 77 | ov_077 | 8.03778537573921 × 10^297 |
| 76 | ov_076 | 9.838298180692263 × 10^297 |
| 75 | ov_075 | 1.1926222941986844 × 10^298 |
| 74 | ov_074 | 1.4330793945577424 × 10^298 |
| 73 | ov_073 | 1.7082752175571322 × 10^298 |
| 63 | ov_063 | 1.8175089518874835 × 10^298 |
| 72 | ov_072 | 2.0214385231301395 × 10^298 |
| 71 | ov_071 | 2.3759579955574716 × 10^298 |
| 70 | ov_070 | 2.7753890578218424 × 10^298 |
| 69 | ov_069 | 3.2234625343524265 × 10^298 |
| 68 | ov_068 | 3.7240954760552275 × 10^298 |
| 67 | ov_067 | 4.2814044792696986 × 10^298 |
| 66 | ov_066 | 4.2814071014873087 × 10^298 |
| 65 | ov_065 | 4.281418065277418 × 10^298 |
| 62 | ov_062 | 9.315833534698382 × 10^298 |
| 61 | ov_061 | 3.392886102661746 × 10^299 |
| 60 | ov_060 | 9.704584075054056 × 10^299 |
| 59 | ov_059 | 2.3398780551731094 × 10^300 |
| 58 | ov_058 | 4.7463287479865704 × 10^300 |
| 57 | ov_057 | 8.571900932521323 × 10^300 |
| 56 | ov_056 | 1.4664087882885939 × 10^301 |
| 55 | ov_055 | 2.4037016256884638 × 10^301 |
| 54 | ov_054 | 3.7871473589739197 × 10^301 |
| 53 | ov_053 | 5.751496323098381 × 10^301 |
| 52 | ov_052 | 8.448180570417093 × 10^301 |
| 51 | ov_051 | 1.2045331879663089 × 10^302 |
| 50 | ov_050 | 1.6727812411439144 × 10^302 |
| 49 | ov_049 | 2.2697264050294515 × 10^302 |
| 48 | ov_048 | 3.017218356788857 × 10^302 |
| 47 | ov_047 | 3.938803183663879 × 10^302 |
| 32 | lv_80_m31 | 4.3507587282475865 × 10^302 |
| 46 | ov_046 | 5.059738641893925 × 10^302 |
| 45 | ov_045 | 6.407014795388682 × 10^302 |
| 44 | ov_044 | 8.009381186194697 × 10^302 |
| 43 | ov_043 | 9.897381798879169 × 10^302 |
| 42 | ov_042 | 1.2103399191343444 × 10^303 |
| 41 | ov_041 | 1.4661709275364293 × 10^303 |
| 40 | ov_040 | 1.7608548341442166 × 10^303 |
| 39 | ov_039 | 2.0982194034422962 × 10^303 |
| 31 | ov_031 | 2.2308739343947022 × 10^303 |
| 38 | ov_038 | 2.4823062098975217 × 10^303 |
| 37 | ov_037 | 2.9173820827484936 × 10^303 |
| 36 | ov_036 | 3.407952525743995 × 10^303 |
| 35 | ov_035 | 3.958777328114793 × 10^303 |
| 34 | ov_034 | 4.574888594801948 × 10^303 |
| 33 | ov_033 | 5.261611435916851 × 10^303 |
| 30 | ov_030 | 1.1436602312741656 × 10^304 |
| 29 | ov_029 | 3.7406690270203875 × 10^304 |
| 28 | ov_028 | 9.706635644950822 × 10^304 |
| 27 | ov_027 | 2.338263880303504 × 10^305 |
| 26 | ov_026 | 5.109050165778403 × 10^305 |
| 25 | ov_025 | 1.0120147704935848 × 10^306 |
| 24 | ov_024 | 1.841362993710666 × 10^306 |
| 23 | ov_023 | 3.1236534551404445 × 10^306 |
| 22 | ov_022 | 5.00409042546909 × 10^306 |
| 21 | ov_021 | 7.648387332258504 × 10^306 |
| 20 | ov_020 | 1.1242782545391459 × 10^307 |
| 19 | ov_019 | 1.5994065536272708 × 10^307 |
| 18 | ov_018 | 2.2129618412549317 × 10^307 |
| 17 | ov_017 | 2.989747997620319 × 10^307 |
| 16 | ov_016 | 3.9566441084881157 × 10^307 |
| 15 | ov_015 | 5.142618142991987 × 10^307 |
| 14 | ov_014 | 6.57874591787905 × 10^307 |
| 13 | ov_013 | 8.298236626516291 × 10^307 |
| 12 | ov_012 | 1.0336466344731716 × 10^308 |
| 11 | ov_011 | 1.273102105964915 × 10^308 |
| 10 | ov_010 | 1.552175090227496 × 10^308 |
| 9 | ov_009 | 1.8750837399949625 × 10^308 |
| 8 | ov_008 | 2.24628757011984 × 10^308 |
| 7 | ov_007 | 2.6704973863394885 × 10^308 |
| 6 | ov_006 | 3.152687143346696 × 10^308 |
| 5 | ov_005 | 3.6981079694202475 × 10^308 |
| 4 | ov_004 | 4.312304609423179 × 10^308 |
| 3 | ov_003 | 5.001134552927205 × 10^308 |
| 2 | ov_002 | 5.770790129663016 × 10^308 |
| 1 | ov_001 | 6.627823870532997 × 10^308 |

