# Results for T001-T002-T003-T004-T005-T006-T007-T008-T009-T010-T011-T012-T013-T014-T015-T016-T017-T018-T019-T020-T021-T022-T023-T024-T025-T026-T027-T028-T029-T030-T031-T032-T033-T034-T035-T036-T037-T038-T039-T040-T041-T042-T043-T044-T045-T046-T047-T048-T049-T050-T051-T052-T053-T054-T055-T056-T057-T058-T059-T060-T061-T062-T063-T064-T065-T066-T067-T068-T069-T070-T071-T072-T073-T074-T075-T076-T077-T078-T079-T080-T081-T082-T083-T084-T085-T086-T087-T088-T089-T090-T091-T092-T093-T094-T095-T096-T097-T098-T099-T100-T101-T102-T103-T104-T105-T106-T107-T108-T109-T110-T111-T112-T113-T114-T115-T116-T117-T118-T119-T120-T121-T122-T123-T124-T125-T126-T127-T128-T129-T130-T131-T132-T133-T134-T135-T136-T137-T138-T139-T140-T141-T142-T143-T144-T145-T146-T147-T148-T149-T150-T151-T152-T153-T154-T155-T156-T157-T158-T159-T160-T161-T162-T163-T164-T165-T166-T167-T168-T169-T170-T171-T172-T173-T174-T175-T176-T177-T178-T179-T180-T181-T182-T183-T184-T185-T186-T187-T188-T189-T190-T191-T192-T193-T194-T195-T196-T197-T198-T199-T200-T201-T202-T203-T204-T205-T206-T207-T208-T209-T210-T211-T212-T213-T214-T215-T216-T217-T218-T219-T220-T221-T222-T223-T224-T225-T226-T227-T228-T229-T230-T231-T232-T233-T234-T235-T236-T237-T238-T239-T240-T241-T242-T243-T244-T245-T246-T247-T248-T249-T250-T251-T252-T253-T254-T255-T256-T257-T258-T259-T260-T261-T262-T263-T264-T265-T266-T267-T268-T269-T270-T271-T272-T273-T274-T275-T276-T277-T278-T279-T280-T281-T282-T283-T284-T285-T286-T287-T288-T289-T290-T291-T292-T293-T294-T295-T296-T297-T298-T299-T300-T301-T302-T303-T304-T305-T306-T307-T308-T309-T310-T311-T312-T313-T314-T315-T316-T317-T318-T319-T320-T321-T322-T323-T324-T325-T326-T327-T328-T329-T330-T331-T332-T333-T334-T335-T336-T337-T338-T339-T340-T341-T342-T343-T344-T345-T346-T347-T348-T349-T350-T351-T352-T353-T354-T355-T356-T357-T358-T359-T360-T361-T362-T363-T364-T365-T366-T367-T368-T369-T370-T371-T372-T373-T374-T375-T376-T377-T378-T379-T380-T381-T382-T383-T384-T385-T386-T387-T388-T389-T390-T391-T392-T393-T394-T395-T396-T397-T398-T399-T400-T401-T402-T403-T404-T405-T406-T407-T408-T409-T410-T411-T412-T413-T414-T415-T416-T417-T418-T419-T420-T421-T422-T423-T424-T425-T426-T427-T428-T429-T430-T431-T432-T433-T434-T435-T436-T437-T438-T439-T440-T441-T442-T443-T444-T445-T446-T447-T448-T449-T450-T451-T452-T453-T454-T455-T456-T457-T458-T459-T460-T461-T462-T463-T464-T465-T466-T467-T468-T469-T470-T471-T472-T473-T474-T475-T476-T477-T478-T479-T480-T481-T482-T483-T484-T485-T486-T487-T488-T489-T490-T491-T492-T493-T494-T495-T496-T497-T498

## Summary

Number of input bits: 512  
Number of free input bits: 14  
Number of output bits: 160

Number of direct occurrences: 59513  
Number of assignments: 32822  
Number of operations: 12812412
(xor: 12780473,
and: 15529,
or: 16410)

Total complexity: 5.42230072588439 × 10^312

Least occurring input variable: iv_501 (4069)  
Most occurring input variable: iv_511 (4454)

Most co-occurring input variables: iv_500-iv_511 (2154)  
Least co-occurring input variables: iv_501-iv_502 (1839)

Potentially most occurring input variable: iv_511/iv_512 (4709)  
Potentially least occurring input variable: iv_500/iv_502 (4219)

Least output occurring input variable: iv_503 (69)  
Most output occurring input variable: iv_511 (90)

Most output co-occurring input variables: iv_506-iv_511 (49)  
Least output co-occurring input variables: iv_502-iv_503 (27)

Potentially most output occurring input variable: iv_508/iv_510 (97)  
Potentially least output occurring input variable: iv_510/iv_512 (64)

Least complex input bit: iv_499 (3.9483482542919685 × 10^309)  
Most complex input bit: iv_512 (1.3786563178894144 × 10^312)

Least complex output bit: aaa_76_29 (9.953114101383408 × 10^286)  
Most complex output bit: ov_001 (8.440186183288287 × 10^311)

Least complex input/output complexity: iv_499/aaa_76_29 (7.247543556440476 × 10^283)  
Most complex input/output complexity: iv_512/ov_001 (2.145973931362032 × 10^311)

## Input Bits

### Input Bits in Regular Order

| Input Bit | Complexity | Occurrences | Output Occurrences |
|:---------:|:----------:|:-----------:|:------------------:|
| iv_499 | 3.9483482542919685 × 10^309 | 4400 | 78 |
| iv_500 | 9.658835241789428 × 10^309 | 4257 | 77 |
| iv_501 | 1.9004960375954813 × 10^310 | 4069 | 81 |
| iv_502 | 3.458988924493117 × 10^310 | 4148 | 70 |
| iv_503 | 5.849148396198002 × 10^310 | 4291 | 69 |
| iv_504 | 9.346129008953006 × 10^310 | 4194 | 81 |
| iv_505 | 1.4422461919093527 × 10^311 | 4285 | 79 |
| iv_506 | 2.1569068226102248 × 10^311 | 4152 | 82 |
| iv_507 | 3.147377325042546 × 10^311 | 4252 | 74 |
| iv_508 | 4.499778923639679 × 10^311 | 4171 | 82 |
| iv_509 | 6.320670420386777 × 10^311 | 4243 | 80 |
| iv_510 | 8.74387592717703 × 10^311 | 4284 | 73 |
| iv_511 | 1.1934040397499413 × 10^312 | 4454 | 90 |
| iv_512 | 1.3786563178894144 × 10^312 | 4313 | 79 |

### Input Bits Sorted by Complexity

| Input Bit | Complexity | Occurrences | Output Occurrences |
|:---------:|:----------:|:-----------:|:------------------:|
| iv_499 | 3.9483482542919685 × 10^309 | 4400 | 78 |
| iv_500 | 9.658835241789428 × 10^309 | 4257 | 77 |
| iv_501 | 1.9004960375954813 × 10^310 | 4069 | 81 |
| iv_502 | 3.458988924493117 × 10^310 | 4148 | 70 |
| iv_503 | 5.849148396198002 × 10^310 | 4291 | 69 |
| iv_504 | 9.346129008953006 × 10^310 | 4194 | 81 |
| iv_505 | 1.4422461919093527 × 10^311 | 4285 | 79 |
| iv_506 | 2.1569068226102248 × 10^311 | 4152 | 82 |
| iv_507 | 3.147377325042546 × 10^311 | 4252 | 74 |
| iv_508 | 4.499778923639679 × 10^311 | 4171 | 82 |
| iv_509 | 6.320670420386777 × 10^311 | 4243 | 80 |
| iv_510 | 8.74387592717703 × 10^311 | 4284 | 73 |
| iv_511 | 1.1934040397499413 × 10^312 | 4454 | 90 |
| iv_512 | 1.3786563178894144 × 10^312 | 4313 | 79 |

### Input Bits Sorted by Occurrences

| Input Bit | Complexity | Occurrences | Output Occurrences |
|:---------:|:----------:|:-----------:|:------------------:|
| iv_501 | 1.9004960375954813 × 10^310 | 4069 | 81 |
| iv_502 | 3.458988924493117 × 10^310 | 4148 | 70 |
| iv_506 | 2.1569068226102248 × 10^311 | 4152 | 82 |
| iv_508 | 4.499778923639679 × 10^311 | 4171 | 82 |
| iv_504 | 9.346129008953006 × 10^310 | 4194 | 81 |
| iv_509 | 6.320670420386777 × 10^311 | 4243 | 80 |
| iv_507 | 3.147377325042546 × 10^311 | 4252 | 74 |
| iv_500 | 9.658835241789428 × 10^309 | 4257 | 77 |
| iv_510 | 8.74387592717703 × 10^311 | 4284 | 73 |
| iv_505 | 1.4422461919093527 × 10^311 | 4285 | 79 |
| iv_503 | 5.849148396198002 × 10^310 | 4291 | 69 |
| iv_512 | 1.3786563178894144 × 10^312 | 4313 | 79 |
| iv_499 | 3.9483482542919685 × 10^309 | 4400 | 78 |
| iv_511 | 1.1934040397499413 × 10^312 | 4454 | 90 |

### Input Bits Sorted by Output Occurrences

| Input Bit | Complexity | Occurrences | Output Occurrences |
|:---------:|:----------:|:-----------:|:------------------:|
| iv_503 | 5.849148396198002 × 10^310 | 4291 | 69 |
| iv_502 | 3.458988924493117 × 10^310 | 4148 | 70 |
| iv_510 | 8.74387592717703 × 10^311 | 4284 | 73 |
| iv_507 | 3.147377325042546 × 10^311 | 4252 | 74 |
| iv_500 | 9.658835241789428 × 10^309 | 4257 | 77 |
| iv_499 | 3.9483482542919685 × 10^309 | 4400 | 78 |
| iv_505 | 1.4422461919093527 × 10^311 | 4285 | 79 |
| iv_512 | 1.3786563178894144 × 10^312 | 4313 | 79 |
| iv_509 | 6.320670420386777 × 10^311 | 4243 | 80 |
| iv_501 | 1.9004960375954813 × 10^310 | 4069 | 81 |
| iv_504 | 9.346129008953006 × 10^310 | 4194 | 81 |
| iv_506 | 2.1569068226102248 × 10^311 | 4152 | 82 |
| iv_508 | 4.499778923639679 × 10^311 | 4171 | 82 |
| iv_511 | 1.1934040397499413 × 10^312 | 4454 | 90 |

## Input Bit Co-occurrences

### Input Bit Co-occurrences Sorted by Co-occurrences

| Input Bits | Co-occurrences | Potential Occurrences | Output Co-occurrences | Potential Output Occurrences |
|:----------:|:--------------:|:---------------------:|:---------------------:|:----------------------------:|
| iv_500-iv_511 | 2154 | 4403 | 45 | 77 |
| iv_510-iv_511 | 2152 | 4434 | 43 | 77 |
| iv_509-iv_511 | 2146 | 4405 | 45 | 80 |
| iv_503-iv_511 | 2145 | 4455 | 43 | 73 |
| iv_507-iv_511 | 2127 | 4452 | 41 | 82 |
| iv_505-iv_511 | 2120 | 4499 | 46 | 77 |
| iv_499-iv_511 | 2116 | 4622 | 45 | 78 |
| iv_501-iv_511 | 2114 | 4295 | 47 | 77 |
| iv_499-iv_506 | 2113 | 4326 | 45 | 70 |
| iv_506-iv_511 | 2107 | 4392 | 49 | 74 |
| iv_499-iv_510 | 2103 | 4478 | 35 | 81 |
| iv_499-iv_503 | 2097 | 4497 | 35 | 77 |
| iv_500-iv_502 | 2093 | 4219 | 38 | 71 |
| iv_504-iv_511 | 2084 | 4480 | 45 | 81 |

### Input Bit Co-occurrences Sorted by Potential Occurrences

| Input Bits | Co-occurrences | Potential Occurrences | Output Co-occurrences | Potential Output Occurrences |
|:----------:|:--------------:|:---------------------:|:---------------------:|:----------------------------:|
| iv_500-iv_502 | 2093 | 4219 | 38 | 71 |
| iv_501-iv_507 | 2021 | 4279 | 33 | 89 |
| iv_501-iv_511 | 2114 | 4295 | 47 | 77 |
| iv_502-iv_508 | 2008 | 4303 | 37 | 78 |
| iv_501-iv_509 | 1996 | 4320 | 39 | 83 |
| iv_499-iv_506 | 2113 | 4326 | 45 | 70 |
| iv_502-iv_509 | 2019 | 4353 | 38 | 74 |
| iv_504-iv_510 | 2046 | 4386 | 40 | 74 |
| iv_501-iv_506 | 1917 | 4387 | 41 | 81 |
| iv_506-iv_511 | 2107 | 4392 | 49 | 74 |
| iv_504-iv_507 | 2024 | 4398 | 35 | 85 |
| iv_500-iv_511 | 2154 | 4403 | 45 | 77 |
| iv_509-iv_511 | 2146 | 4405 | 45 | 80 |
| iv_502-iv_504 | 1967 | 4408 | 40 | 71 |

### Input Bit Output Co-occurrences Sorted by Output Co-occurrences

| Input Bits | Co-occurrences | Potential Occurrences | Output Co-occurrences | Potential Output Occurrences |
|:----------:|:--------------:|:---------------------:|:---------------------:|:----------------------------:|
| iv_506-iv_511 | 2107 | 4392 | 49 | 74 |
| iv_501-iv_511 | 2114 | 4295 | 47 | 77 |
| iv_506-iv_509 | 1991 | 4413 | 46 | 70 |
| iv_501-iv_505 | 1961 | 4432 | 46 | 68 |
| iv_505-iv_511 | 2120 | 4499 | 46 | 77 |
| iv_499-iv_506 | 2113 | 4326 | 45 | 70 |
| iv_499-iv_511 | 2116 | 4622 | 45 | 78 |
| iv_500-iv_511 | 2154 | 4403 | 45 | 77 |
| iv_508-iv_511 | 2077 | 4471 | 45 | 82 |
| iv_509-iv_511 | 2146 | 4405 | 45 | 80 |
| iv_504-iv_511 | 2084 | 4480 | 45 | 81 |
| iv_508-iv_509 | 1946 | 4522 | 44 | 74 |
| iv_510-iv_512 | 2056 | 4485 | 44 | 64 |
| iv_503-iv_511 | 2145 | 4455 | 43 | 73 |

### Input Bit Output Co-occurrences Sorted by Potential Output Occurrences

| Input Bits | Co-occurrences | Potential Occurrences | Output Co-occurrences | Potential Output Occurrences |
|:----------:|:--------------:|:---------------------:|:---------------------:|:----------------------------:|
| iv_510-iv_512 | 2056 | 4485 | 44 | 64 |
| iv_501-iv_505 | 1961 | 4432 | 46 | 68 |
| iv_509-iv_510 | 2015 | 4497 | 42 | 69 |
| iv_499-iv_506 | 2113 | 4326 | 45 | 70 |
| iv_506-iv_509 | 1991 | 4413 | 46 | 70 |
| iv_500-iv_502 | 2093 | 4219 | 38 | 71 |
| iv_502-iv_504 | 1967 | 4408 | 40 | 71 |
| iv_503-iv_511 | 2145 | 4455 | 43 | 73 |
| iv_505-iv_507 | 2047 | 4443 | 40 | 73 |
| iv_507-iv_512 | 2042 | 4481 | 40 | 73 |
| iv_502-iv_509 | 2019 | 4353 | 38 | 74 |
| iv_506-iv_511 | 2107 | 4392 | 49 | 74 |
| iv_508-iv_509 | 1946 | 4522 | 44 | 74 |
| iv_500-iv_510 | 2026 | 4489 | 38 | 74 |

## Output Bits

### Output Bits in Regular Order

| Rank | Output Bit | Complexity |
|:----:|:----------:|:----------:|
| 1 | ov_001 | 8.440186183288287 × 10^311 |
| 2 | ov_002 | 7.348650402754656 × 10^311 |
| 3 | ov_003 | 6.368354246446856 × 10^311 |
| 4 | ov_004 | 5.490968780879737 × 10^311 |
| 5 | ov_005 | 4.708621409974813 × 10^311 |
| 6 | ov_006 | 4.0138636707657585 × 10^311 |
| 7 | ov_007 | 3.3996432128802607 × 10^311 |
| 8 | ov_008 | 2.8592795777566655 × 10^311 |
| 9 | ov_009 | 2.3864434141856965 × 10^311 |
| 10 | ov_010 | 1.975138786636642 × 10^311 |
| 11 | ov_011 | 1.619688252068242 × 10^311 |
| 12 | ov_012 | 1.3147203996549589 × 10^311 |
| 13 | ov_013 | 1.0551595661812402 × 10^311 |
| 14 | ov_014 | 8.362174578571173 × 10^310 |
| 15 | ov_015 | 6.5338642706182 × 10^310 |
| 16 | ov_016 | 5.0243417008945415 × 10^310 |
| 17 | ov_017 | 3.793996294023064 × 10^310 |
| 18 | ov_018 | 2.805899012330605 × 10^310 |
| 19 | ov_019 | 2.025779666480757 × 10^310 |
| 20 | ov_020 | 1.422010814129963 × 10^310 |
| 21 | ov_021 | 9.655967720561856 × 10^309 |
| 22 | ov_022 | 6.301664390992628 × 10^309 |
| 23 | ov_023 | 3.919687990615462 × 10^309 |
| 24 | ov_024 | 2.298701829592937 × 10^309 |
| 25 | ov_025 | 1.2535264645174955 × 10^309 |
| 26 | ov_026 | 6.251306250269644 × 10^308 |
| 27 | ov_027 | 2.806266368667159 × 10^308 |
| 28 | ov_028 | 1.132684500427236 × 10^308 |
| 29 | ov_029 | 4.2450971897348704 × 10^307 |
| 30 | ov_030 | 1.2833025701581958 × 10^307 |
| 31 | ov_031 | 1.7329425487381005 × 10^306 |
| 32 | lv_80_k31 | 5.539169176325573 × 10^305 |
| 33 | ov_033 | 6.669646838670655 × 10^306 |
| 34 | ov_034 | 5.792772041214027 × 10^306 |
| 35 | ov_035 | 5.00654767278507 × 10^306 |
| 36 | ov_036 | 4.3041198128155315 × 10^306 |
| 37 | ov_037 | 3.679011099486544 × 10^306 |
| 38 | ov_038 | 3.1250941818168323 × 10^306 |
| 39 | ov_039 | 2.6365685942536532 × 10^306 |
| 40 | ov_040 | 2.207940741144736 × 10^306 |
| 41 | ov_041 | 1.834006695365006 × 10^306 |
| 42 | ov_042 | 1.509837531628221 × 10^306 |
| 43 | ov_043 | 1.2307669307412795 × 10^306 |
| 44 | ov_044 | 9.923808063546062 × 10^305 |
| 45 | ov_045 | 7.905087207099947 × 10^305 |
| 46 | ov_046 | 6.2121687055999635 × 10^305 |
| 47 | ov_047 | 4.808024388921137 × 10^305 |
| 48 | ov_048 | 3.657891223882956 × 10^305 |
| 49 | ov_049 | 2.729236587281167 × 10^305 |
| 50 | ov_050 | 1.9917319193683641 × 10^305 |
| 51 | ov_051 | 1.4172332801418814 × 10^305 |
| 52 | ov_052 | 9.797674707661207 × 10^304 |
| 53 | ov_053 | 6.555225221943468 × 10^304 |
| 54 | ov_054 | 4.2284149266132437 × 10^304 |
| 55 | ov_055 | 2.622186552542223 × 10^304 |
| 56 | ov_056 | 1.562972962693449 × 10^304 |
| 57 | ov_057 | 8.986850709821122 × 10^303 |
| 58 | ov_058 | 4.987055080451859 × 10^303 |
| 59 | ov_059 | 2.5388556235202856 × 10^303 |
| 60 | ov_060 | 1.1501780819265862 × 10^303 |
| 61 | ov_061 | 4.3628332322391086 × 10^302 |
| 62 | ov_062 | 1.1976632571805934 × 10^302 |
| 63 | ov_063 | 2.3361528198711643 × 10^301 |
| 64 | lv_79_m31 | 4.555956750498781 × 10^300 |
| 65 | ov_065 | 5.501703996368534 × 10^301 |
| 66 | ov_066 | 5.501688665867087 × 10^301 |
| 67 | ov_067 | 5.501684949835361 × 10^301 |
| 68 | ov_068 | 4.7822427209454274 × 10^301 |
| 69 | ov_069 | 4.136847587688624 × 10^301 |
| 70 | ov_070 | 3.559906774561233 × 10^301 |
| 71 | ov_071 | 3.0461366550536735 × 10^301 |
| 72 | ov_072 | 2.5905409799466915 × 10^301 |
| 73 | ov_073 | 2.1883918636707263 × 10^301 |
| 74 | ov_074 | 1.8352132814891935 × 10^301 |
| 75 | ov_075 | 1.526766843464485 × 10^301 |
| 76 | ov_076 | 1.259039623839249 × 10^301 |
| 77 | ov_077 | 1.0282338367047793 × 10^301 |
| 78 | ov_078 | 8.307581607122137 × 10^300 |
| 79 | ov_079 | 6.632205271793793 × 10^300 |
| 80 | ov_080 | 5.2242219731580974 × 10^300 |
| 81 | ov_081 | 4.0535296548105613 × 10^300 |
| 82 | ov_082 | 3.0918733644924646 × 10^300 |
| 83 | ov_083 | 2.3128153561077752 × 10^300 |
| 84 | ov_084 | 1.69171221928222 × 10^300 |
| 85 | ov_085 | 1.2056978430017212 × 10^300 |
| 86 | ov_086 | 8.336711279065652 × 10^299 |
| 87 | ov_087 | 5.562874696520117 × 10^299 |
| 88 | ov_088 | 3.559531434591197 × 10^299 |
| 89 | ov_089 | 2.1682182762426537 × 10^299 |
| 90 | ov_090 | 1.247926113638087 × 10^299 |
| 91 | ov_091 | 6.750893995978656 × 10^298 |
| 92 | ov_092 | 3.43580799669458 × 10^298 |
| 93 | ov_093 | 1.6470850622903362 × 10^298 |
| 94 | ov_094 | 6.72149910450343 × 10^297 |
| 95 | aaa_78_28 | 1.9829969375810847 × 10^297 |
| 96 | aaa_78_29 | 6.6942994772954415 × 10^296 |
| 97 | ov_097 | 4.513977056939724 × 10^296 |
| 98 | ov_098 | 4.513959195345809 × 10^296 |
| 99 | ov_099 | 4.5139534840053115 × 10^296 |
| 100 | ov_100 | 3.931198129840075 × 10^296 |
| 101 | ov_101 | 3.407617582006098 × 10^296 |
| 102 | ov_102 | 2.9387935915696993 × 10^296 |
| 103 | ov_103 | 2.5205529651256425 × 10^296 |
| 104 | ov_104 | 2.1489497924398852 × 10^296 |
| 105 | ov_105 | 1.8202499169374348 × 10^296 |
| 106 | ov_106 | 1.5309174486139125 × 10^296 |
| 107 | ov_107 | 1.2776031296082407 × 10^296 |
| 108 | ov_108 | 1.0571343729075424 × 10^296 |
| 109 | ov_109 | 8.665068045384464 × 10^295 |
| 110 | ov_110 | 7.028771491972185 × 10^295 |
| 111 | ov_111 | 5.635573086412134 × 10^295 |
| 112 | ov_112 | 4.4600949135452864 × 10^295 |
| 113 | ov_113 | 3.4784226105272345 × 10^295 |
| 114 | ov_114 | 2.6680738053958664 × 10^295 |
| 115 | ov_115 | 2.0079733630143113 × 10^295 |
| 116 | ov_116 | 1.4784343804393606 × 10^295 |
| 117 | ov_117 | 1.0611439616073897 × 10^295 |
| 118 | ov_118 | 7.39152888849518 × 10^294 |
| 119 | ov_119 | 4.968683962380985 × 10^294 |
| 120 | ov_120 | 3.20049337187896 × 10^294 |
| 121 | ov_121 | 1.9580312612221974 × 10^294 |
| 122 | ov_122 | 1.1258392138453505 × 10^294 |
| 123 | ov_123 | 6.019160393819654 × 10^293 |
| 124 | ov_124 | 2.9771222137536586 × 10^293 |
| 125 | ov_125 | 1.381270605548321 × 10^293 |
| 126 | ov_126 | 6.150737112667031 × 10^292 |
| 127 | aaa_77_28 | 1.9646981751270173 × 10^292 |
| 128 | aaa_77_29 | 7.369132065573886 × 10^291 |
| 129 | ov_129 | 6.898539375359857 × 10^291 |
| 130 | ov_130 | 6.898519939613386 × 10^291 |
| 131 | ov_131 | 6.898515226045352 × 10^291 |
| 132 | ov_132 | 5.997565255016602 × 10^291 |
| 133 | ov_133 | 5.189135432974181 × 10^291 |
| 134 | ov_134 | 4.4662641268802775 × 10^291 |
| 135 | ov_135 | 3.822372834770497 × 10^291 |
| 136 | ov_136 | 3.251238785059938 × 10^291 |
| 137 | ov_137 | 2.7469711006885772 × 10^291 |
| 138 | ov_138 | 2.3039902026039555 × 10^291 |
| 139 | ov_139 | 1.9170101441745812 × 10^291 |
| 140 | ov_140 | 1.581023584636352 × 10^291 |
| 141 | ov_141 | 1.2912891257107104 × 10^291 |
| 142 | ov_142 | 1.0433207511957077 × 10^291 |
| 143 | ov_143 | 8.328791247040343 × 10^290 |
| 144 | ov_144 | 6.559645158762879 × 10^290 |
| 145 | ov_145 | 5.088111403918484 × 10^290 |
| 146 | ov_146 | 3.8788271398093816 × 10^290 |
| 147 | ov_147 | 2.8986903544664686 × 10^290 |
| 148 | ov_148 | 2.116834284625549 × 10^290 |
| 149 | ov_149 | 1.5046088663946963 × 10^290 |
| 150 | ov_150 | 1.0355678106618888 × 10^290 |
| 151 | ov_151 | 6.854600423128639 × 10^289 |
| 152 | ov_152 | 4.322243892954995 × 10^289 |
| 153 | ov_153 | 2.5598655450060886 × 10^289 |
| 154 | ov_154 | 1.3905755034357036 × 10^289 |
| 155 | ov_155 | 6.593294412357186 × 10^288 |
| 156 | aaa_76_25 | 2.329250563960797 × 10^288 |
| 157 | aaa_76_26 | 1.2896873020596612 × 10^288 |
| 158 | aaa_76_27 | 6.431416637170057 × 10^287 |
| 159 | aaa_76_28 | 2.8041941344593924 × 10^287 |
| 160 | aaa_76_29 | 9.953114101383408 × 10^286 |

### Output Bits Sorted by Complexity

| Rank | Output Bit | Complexity |
|:----:|:----------:|:----------:|
| 160 | aaa_76_29 | 9.953114101383408 × 10^286 |
| 159 | aaa_76_28 | 2.8041941344593924 × 10^287 |
| 158 | aaa_76_27 | 6.431416637170057 × 10^287 |
| 157 | aaa_76_26 | 1.2896873020596612 × 10^288 |
| 156 | aaa_76_25 | 2.329250563960797 × 10^288 |
| 155 | ov_155 | 6.593294412357186 × 10^288 |
| 154 | ov_154 | 1.3905755034357036 × 10^289 |
| 153 | ov_153 | 2.5598655450060886 × 10^289 |
| 152 | ov_152 | 4.322243892954995 × 10^289 |
| 151 | ov_151 | 6.854600423128639 × 10^289 |
| 150 | ov_150 | 1.0355678106618888 × 10^290 |
| 149 | ov_149 | 1.5046088663946963 × 10^290 |
| 148 | ov_148 | 2.116834284625549 × 10^290 |
| 147 | ov_147 | 2.8986903544664686 × 10^290 |
| 146 | ov_146 | 3.8788271398093816 × 10^290 |
| 145 | ov_145 | 5.088111403918484 × 10^290 |
| 144 | ov_144 | 6.559645158762879 × 10^290 |
| 143 | ov_143 | 8.328791247040343 × 10^290 |
| 142 | ov_142 | 1.0433207511957077 × 10^291 |
| 141 | ov_141 | 1.2912891257107104 × 10^291 |
| 140 | ov_140 | 1.581023584636352 × 10^291 |
| 139 | ov_139 | 1.9170101441745812 × 10^291 |
| 138 | ov_138 | 2.3039902026039555 × 10^291 |
| 137 | ov_137 | 2.7469711006885772 × 10^291 |
| 136 | ov_136 | 3.251238785059938 × 10^291 |
| 135 | ov_135 | 3.822372834770497 × 10^291 |
| 134 | ov_134 | 4.4662641268802775 × 10^291 |
| 133 | ov_133 | 5.189135432974181 × 10^291 |
| 132 | ov_132 | 5.997565255016602 × 10^291 |
| 131 | ov_131 | 6.898515226045352 × 10^291 |
| 130 | ov_130 | 6.898519939613386 × 10^291 |
| 129 | ov_129 | 6.898539375359857 × 10^291 |
| 128 | aaa_77_29 | 7.369132065573886 × 10^291 |
| 127 | aaa_77_28 | 1.9646981751270173 × 10^292 |
| 126 | ov_126 | 6.150737112667031 × 10^292 |
| 125 | ov_125 | 1.381270605548321 × 10^293 |
| 124 | ov_124 | 2.9771222137536586 × 10^293 |
| 123 | ov_123 | 6.019160393819654 × 10^293 |
| 122 | ov_122 | 1.1258392138453505 × 10^294 |
| 121 | ov_121 | 1.9580312612221974 × 10^294 |
| 120 | ov_120 | 3.20049337187896 × 10^294 |
| 119 | ov_119 | 4.968683962380985 × 10^294 |
| 118 | ov_118 | 7.39152888849518 × 10^294 |
| 117 | ov_117 | 1.0611439616073897 × 10^295 |
| 116 | ov_116 | 1.4784343804393606 × 10^295 |
| 115 | ov_115 | 2.0079733630143113 × 10^295 |
| 114 | ov_114 | 2.6680738053958664 × 10^295 |
| 113 | ov_113 | 3.4784226105272345 × 10^295 |
| 112 | ov_112 | 4.4600949135452864 × 10^295 |
| 111 | ov_111 | 5.635573086412134 × 10^295 |
| 110 | ov_110 | 7.028771491972185 × 10^295 |
| 109 | ov_109 | 8.665068045384464 × 10^295 |
| 108 | ov_108 | 1.0571343729075424 × 10^296 |
| 107 | ov_107 | 1.2776031296082407 × 10^296 |
| 106 | ov_106 | 1.5309174486139125 × 10^296 |
| 105 | ov_105 | 1.8202499169374348 × 10^296 |
| 104 | ov_104 | 2.1489497924398852 × 10^296 |
| 103 | ov_103 | 2.5205529651256425 × 10^296 |
| 102 | ov_102 | 2.9387935915696993 × 10^296 |
| 101 | ov_101 | 3.407617582006098 × 10^296 |
| 100 | ov_100 | 3.931198129840075 × 10^296 |
| 99 | ov_099 | 4.5139534840053115 × 10^296 |
| 98 | ov_098 | 4.513959195345809 × 10^296 |
| 97 | ov_097 | 4.513977056939724 × 10^296 |
| 96 | aaa_78_29 | 6.6942994772954415 × 10^296 |
| 95 | aaa_78_28 | 1.9829969375810847 × 10^297 |
| 94 | ov_094 | 6.72149910450343 × 10^297 |
| 93 | ov_093 | 1.6470850622903362 × 10^298 |
| 92 | ov_092 | 3.43580799669458 × 10^298 |
| 91 | ov_091 | 6.750893995978656 × 10^298 |
| 90 | ov_090 | 1.247926113638087 × 10^299 |
| 89 | ov_089 | 2.1682182762426537 × 10^299 |
| 88 | ov_088 | 3.559531434591197 × 10^299 |
| 87 | ov_087 | 5.562874696520117 × 10^299 |
| 86 | ov_086 | 8.336711279065652 × 10^299 |
| 85 | ov_085 | 1.2056978430017212 × 10^300 |
| 84 | ov_084 | 1.69171221928222 × 10^300 |
| 83 | ov_083 | 2.3128153561077752 × 10^300 |
| 82 | ov_082 | 3.0918733644924646 × 10^300 |
| 81 | ov_081 | 4.0535296548105613 × 10^300 |
| 64 | lv_79_m31 | 4.555956750498781 × 10^300 |
| 80 | ov_080 | 5.2242219731580974 × 10^300 |
| 79 | ov_079 | 6.632205271793793 × 10^300 |
| 78 | ov_078 | 8.307581607122137 × 10^300 |
| 77 | ov_077 | 1.0282338367047793 × 10^301 |
| 76 | ov_076 | 1.259039623839249 × 10^301 |
| 75 | ov_075 | 1.526766843464485 × 10^301 |
| 74 | ov_074 | 1.8352132814891935 × 10^301 |
| 73 | ov_073 | 2.1883918636707263 × 10^301 |
| 63 | ov_063 | 2.3361528198711643 × 10^301 |
| 72 | ov_072 | 2.5905409799466915 × 10^301 |
| 71 | ov_071 | 3.0461366550536735 × 10^301 |
| 70 | ov_070 | 3.559906774561233 × 10^301 |
| 69 | ov_069 | 4.136847587688624 × 10^301 |
| 68 | ov_068 | 4.7822427209454274 × 10^301 |
| 67 | ov_067 | 5.501684949835361 × 10^301 |
| 66 | ov_066 | 5.501688665867087 × 10^301 |
| 65 | ov_065 | 5.501703996368534 × 10^301 |
| 62 | ov_062 | 1.1976632571805934 × 10^302 |
| 61 | ov_061 | 4.3628332322391086 × 10^302 |
| 60 | ov_060 | 1.1501780819265862 × 10^303 |
| 59 | ov_059 | 2.5388556235202856 × 10^303 |
| 58 | ov_058 | 4.987055080451859 × 10^303 |
| 57 | ov_057 | 8.986850709821122 × 10^303 |
| 56 | ov_056 | 1.562972962693449 × 10^304 |
| 55 | ov_055 | 2.622186552542223 × 10^304 |
| 54 | ov_054 | 4.2284149266132437 × 10^304 |
| 53 | ov_053 | 6.555225221943468 × 10^304 |
| 52 | ov_052 | 9.797674707661207 × 10^304 |
| 51 | ov_051 | 1.4172332801418814 × 10^305 |
| 50 | ov_050 | 1.9917319193683641 × 10^305 |
| 49 | ov_049 | 2.729236587281167 × 10^305 |
| 48 | ov_048 | 3.657891223882956 × 10^305 |
| 47 | ov_047 | 4.808024388921137 × 10^305 |
| 32 | lv_80_k31 | 5.539169176325573 × 10^305 |
| 46 | ov_046 | 6.2121687055999635 × 10^305 |
| 45 | ov_045 | 7.905087207099947 × 10^305 |
| 44 | ov_044 | 9.923808063546062 × 10^305 |
| 43 | ov_043 | 1.2307669307412795 × 10^306 |
| 42 | ov_042 | 1.509837531628221 × 10^306 |
| 31 | ov_031 | 1.7329425487381005 × 10^306 |
| 41 | ov_041 | 1.834006695365006 × 10^306 |
| 40 | ov_040 | 2.207940741144736 × 10^306 |
| 39 | ov_039 | 2.6365685942536532 × 10^306 |
| 38 | ov_038 | 3.1250941818168323 × 10^306 |
| 37 | ov_037 | 3.679011099486544 × 10^306 |
| 36 | ov_036 | 4.3041198128155315 × 10^306 |
| 35 | ov_035 | 5.00654767278507 × 10^306 |
| 34 | ov_034 | 5.792772041214027 × 10^306 |
| 33 | ov_033 | 6.669646838670655 × 10^306 |
| 30 | ov_030 | 1.2833025701581958 × 10^307 |
| 29 | ov_029 | 4.2450971897348704 × 10^307 |
| 28 | ov_028 | 1.132684500427236 × 10^308 |
| 27 | ov_027 | 2.806266368667159 × 10^308 |
| 26 | ov_026 | 6.251306250269644 × 10^308 |
| 25 | ov_025 | 1.2535264645174955 × 10^309 |
| 24 | ov_024 | 2.298701829592937 × 10^309 |
| 23 | ov_023 | 3.919687990615462 × 10^309 |
| 22 | ov_022 | 6.301664390992628 × 10^309 |
| 21 | ov_021 | 9.655967720561856 × 10^309 |
| 20 | ov_020 | 1.422010814129963 × 10^310 |
| 19 | ov_019 | 2.025779666480757 × 10^310 |
| 18 | ov_018 | 2.805899012330605 × 10^310 |
| 17 | ov_017 | 3.793996294023064 × 10^310 |
| 16 | ov_016 | 5.0243417008945415 × 10^310 |
| 15 | ov_015 | 6.5338642706182 × 10^310 |
| 14 | ov_014 | 8.362174578571173 × 10^310 |
| 13 | ov_013 | 1.0551595661812402 × 10^311 |
| 12 | ov_012 | 1.3147203996549589 × 10^311 |
| 11 | ov_011 | 1.619688252068242 × 10^311 |
| 10 | ov_010 | 1.975138786636642 × 10^311 |
| 9 | ov_009 | 2.3864434141856965 × 10^311 |
| 8 | ov_008 | 2.8592795777566655 × 10^311 |
| 7 | ov_007 | 3.3996432128802607 × 10^311 |
| 6 | ov_006 | 4.0138636707657585 × 10^311 |
| 5 | ov_005 | 4.708621409974813 × 10^311 |
| 4 | ov_004 | 5.490968780879737 × 10^311 |
| 3 | ov_003 | 6.368354246446856 × 10^311 |
| 2 | ov_002 | 7.348650402754656 × 10^311 |
| 1 | ov_001 | 8.440186183288287 × 10^311 |

