# Results for F001-F002-F003-F004-F005-F006-F007-F008-F009-F010-F011-F012-F013-F014-F015-F016-F017-F018-F019-F020-F021-F022-F023-F024-F025-F026-F027-F028-F029-F030-F031-F032-F033-F034-F035-F036-F037-F038-F039-F040-F041-F042-F043-F044-F045-F046-F047-F048-F049-F050-F051-F052-F053-F054-F055-F056-F057-F058-F059-F060-F061-F062-F063-F064-F065-F066-F067-F068-F069-F070-F071-F072-F073-F074-F075-F076-F077-F078-F079-F080-F081-F082-F083-F084-F085-F086-F087-F088-F089-F090-F091-F092-F093-F094-F095-F096-F097-F098-F099-F100-F101-F102-F103-F104-F105-F106-F107-F108-F109-F110-F111-F112-F113-F114-F115-F116-F117-F118-F119-F120-F121-F122-F123-F124-F125-F126-F127-F128-F129-F130-F131-F132-F133-F134-F135-F136-F137-F138-F139-F140-F141-F142-F143-F144-F145-F146-F147-F148-F149-F150-F151-F152-F153-F154-F155-F156-F157-F158-F159-F160-F161-F162-F163-F164-F165-F166-F167-F168-F169-F170-F171-F172-F173-F174-F175-F176-F177-F178-F179-F180-F181-F182-F183-F184-F185-F186-F187-F188-F189-F190-F191-F192-F193-F194-F195-F196-F197-F198-F199-F200-F201-F202-F203-F204-F205-F206-F207-F208-F209-F210-F211-F212-F213-F214-F215-F216-F217-F218-F219-F220-F221-F222-F223-F224-F225-F226-F227-F228-F229-F230-F231-F232-F233-F234-F235-F236-F237-F238-F239-F240-F241-F242-F243-F244-F245-F246-F247-F248-F249-F250-F251-F252-F253-F254-F255-F256-F257-F258-F259-F260-F261-F262-F263-F264-F265-F266-F267-F268-F269-F270-F271-F272-F273-F274-F275-F276-F277-F278-F279-F280-F281-F282-F283-F284-F285-F286-F287-F288-F289-F290-F291-F292-F293-F294-F295-F296-F297-F298-F299-F300-F301-F302-F303-F304-F305-F306-F307-F308-F309-F310-F311-F312-F313-F314-F315-F316-F317-F318-F319-F320-F321-F322-F323-F324-F325-F326-F327-F328-F329-F330-F331-F332-F333-F334-F335-F336-F337-F338-F339-F340-F341-F342-F343-F344-F345-F346-F347-F348-F349-F350-F351-F352-F353-F354-F355-F356-F357-F358-F359-F360-F361-F362-F363-F364-F365-F366-F367-F368-F369-F370-F371-F372-F373-F374-F375-F376-F377-F378-F379-F380-F381-F382-F383-F384-F385-F386-F387-F388-F389-F390-F391-F392-F393-F394-F395-F396-F397-F398-F399-F400-F401-F402-F403-F404-F405-F406-F407-F408-F409-F410-F411-F412-F413-F414-F415-F416-F417-F418-F419-F420-F421-F422-F423-F424-F425-F426-F427-F428-F429-F430-F431-F432-F433-F434-F435-F436-F437-F438-F439-F440-F441-F442-F443-F444-F445-F446-F447-F448-F449-F450-F451-F452-F453-F454-F455-F456-F457-F458-F459-F460-F461-F462-F463-F464-F465-F466-F467-F468-F469-F470-F471-F472-F473-F474-F475-F476-F477-F478-F479-F480-F481-F482-F483-F484-F485-F486-F487-F488-F489-F490-F491-F492-F493-F494-F495-F496-T498-F512

## Summary

Number of input bits: 512  
Number of free input bits: 14  
Number of output bits: 160

Number of direct occurrences: 57636  
Number of assignments: 31869  
Number of operations: 11448488
(xor: 11420032,
and: 14818,
or: 13638)

Total complexity: 1.633832980586534 × 10^303

Least occurring input variable: iv_502 (3908)  
Most occurring input variable: iv_510 (4426)

Most co-occurring input variables: iv_509-iv_510 (2180)  
Least co-occurring input variables: iv_499-iv_502 (1769)

Potentially most occurring input variable: iv_507/iv_510 (4576)  
Potentially least occurring input variable: iv_504/iv_508 (4133)

Least output occurring input variable: iv_509 (69)  
Most output occurring input variable: iv_506 (86)

Most output co-occurring input variables: iv_506-iv_511 (51)  
Least output co-occurring input variables: iv_500-iv_509 (26)

Potentially most output occurring input variable: iv_506/iv_509 (95)  
Potentially least output occurring input variable: iv_506/iv_511 (65)

Least complex input bit: iv_511 (3.2391483106253997 × 10^299)  
Most complex input bit: iv_510 (4.108330725120566 × 10^302)

Least complex output bit: aaa_76_29 (9.414045863579466 × 10^277)  
Most complex output bit: ov_001 (2.5542956803035095 × 10^302)

Least complex input/output complexity: iv_511/aaa_76_29 (1.8663774766143193 × 10^274)  
Most complex input/output complexity: iv_510/ov_001 (6.422866687797193 × 10^301)

## Input Bits

### Input Bits in Regular Order

| Input Bit | Complexity | Occurrences | Output Occurrences |
|:---------:|:----------:|:-----------:|:------------------:|
| iv_497 | 8.072672272206604 × 10^299 | 4181 | 73 |
| iv_499 | 3.057612927679153 × 10^300 | 3997 | 81 |
| iv_500 | 6.298913636370608 × 10^300 | 4153 | 70 |
| iv_501 | 1.1993510052099924 × 10^301 | 4086 | 78 |
| iv_502 | 2.0982285300552698 × 10^301 | 3908 | 79 |
| iv_503 | 3.493004506222167 × 10^301 | 4184 | 82 |
| iv_504 | 5.60281252464652 × 10^301 | 3959 | 76 |
| iv_505 | 8.724834637925533 × 10^301 | 3944 | 72 |
| iv_506 | 1.3248453232429217 × 10^302 | 4008 | 86 |
| iv_507 | 1.9692903649924613 × 10^302 | 4216 | 76 |
| iv_508 | 2.8210824296458057 × 10^302 | 4104 | 77 |
| iv_509 | 3.8980807562343026 × 10^302 | 4221 | 69 |
| iv_510 | 4.108330725120566 × 10^302 | 4426 | 85 |
| iv_511 | 3.2391483106253997 × 10^299 | 4249 | 81 |

### Input Bits Sorted by Complexity

| Input Bit | Complexity | Occurrences | Output Occurrences |
|:---------:|:----------:|:-----------:|:------------------:|
| iv_511 | 3.2391483106253997 × 10^299 | 4249 | 81 |
| iv_497 | 8.072672272206604 × 10^299 | 4181 | 73 |
| iv_499 | 3.057612927679153 × 10^300 | 3997 | 81 |
| iv_500 | 6.298913636370608 × 10^300 | 4153 | 70 |
| iv_501 | 1.1993510052099924 × 10^301 | 4086 | 78 |
| iv_502 | 2.0982285300552698 × 10^301 | 3908 | 79 |
| iv_503 | 3.493004506222167 × 10^301 | 4184 | 82 |
| iv_504 | 5.60281252464652 × 10^301 | 3959 | 76 |
| iv_505 | 8.724834637925533 × 10^301 | 3944 | 72 |
| iv_506 | 1.3248453232429217 × 10^302 | 4008 | 86 |
| iv_507 | 1.9692903649924613 × 10^302 | 4216 | 76 |
| iv_508 | 2.8210824296458057 × 10^302 | 4104 | 77 |
| iv_509 | 3.8980807562343026 × 10^302 | 4221 | 69 |
| iv_510 | 4.108330725120566 × 10^302 | 4426 | 85 |

### Input Bits Sorted by Occurrences

| Input Bit | Complexity | Occurrences | Output Occurrences |
|:---------:|:----------:|:-----------:|:------------------:|
| iv_502 | 2.0982285300552698 × 10^301 | 3908 | 79 |
| iv_505 | 8.724834637925533 × 10^301 | 3944 | 72 |
| iv_504 | 5.60281252464652 × 10^301 | 3959 | 76 |
| iv_499 | 3.057612927679153 × 10^300 | 3997 | 81 |
| iv_506 | 1.3248453232429217 × 10^302 | 4008 | 86 |
| iv_501 | 1.1993510052099924 × 10^301 | 4086 | 78 |
| iv_508 | 2.8210824296458057 × 10^302 | 4104 | 77 |
| iv_500 | 6.298913636370608 × 10^300 | 4153 | 70 |
| iv_497 | 8.072672272206604 × 10^299 | 4181 | 73 |
| iv_503 | 3.493004506222167 × 10^301 | 4184 | 82 |
| iv_507 | 1.9692903649924613 × 10^302 | 4216 | 76 |
| iv_509 | 3.8980807562343026 × 10^302 | 4221 | 69 |
| iv_511 | 3.2391483106253997 × 10^299 | 4249 | 81 |
| iv_510 | 4.108330725120566 × 10^302 | 4426 | 85 |

### Input Bits Sorted by Output Occurrences

| Input Bit | Complexity | Occurrences | Output Occurrences |
|:---------:|:----------:|:-----------:|:------------------:|
| iv_509 | 3.8980807562343026 × 10^302 | 4221 | 69 |
| iv_500 | 6.298913636370608 × 10^300 | 4153 | 70 |
| iv_505 | 8.724834637925533 × 10^301 | 3944 | 72 |
| iv_497 | 8.072672272206604 × 10^299 | 4181 | 73 |
| iv_504 | 5.60281252464652 × 10^301 | 3959 | 76 |
| iv_507 | 1.9692903649924613 × 10^302 | 4216 | 76 |
| iv_508 | 2.8210824296458057 × 10^302 | 4104 | 77 |
| iv_501 | 1.1993510052099924 × 10^301 | 4086 | 78 |
| iv_502 | 2.0982285300552698 × 10^301 | 3908 | 79 |
| iv_499 | 3.057612927679153 × 10^300 | 3997 | 81 |
| iv_511 | 3.2391483106253997 × 10^299 | 4249 | 81 |
| iv_503 | 3.493004506222167 × 10^301 | 4184 | 82 |
| iv_510 | 4.108330725120566 × 10^302 | 4426 | 85 |
| iv_506 | 1.3248453232429217 × 10^302 | 4008 | 86 |

## Input Bit Co-occurrences

### Input Bit Co-occurrences Sorted by Co-occurrences

| Input Bits | Co-occurrences | Potential Occurrences | Output Co-occurrences | Potential Output Occurrences |
|:----------:|:--------------:|:---------------------:|:---------------------:|:----------------------------:|
| iv_509-iv_510 | 2180 | 4287 | 40 | 74 |
| iv_510-iv_511 | 2136 | 4403 | 41 | 84 |
| iv_509-iv_511 | 2109 | 4252 | 40 | 70 |
| iv_497-iv_510 | 2109 | 4389 | 36 | 86 |
| iv_500-iv_510 | 2102 | 4375 | 34 | 87 |
| iv_503-iv_510 | 2098 | 4414 | 45 | 77 |
| iv_508-iv_510 | 2075 | 4380 | 37 | 88 |
| iv_501-iv_511 | 2065 | 4205 | 41 | 77 |
| iv_503-iv_507 | 2054 | 4292 | 38 | 82 |
| iv_503-iv_511 | 2045 | 4343 | 39 | 85 |
| iv_507-iv_509 | 2041 | 4355 | 26 | 93 |
| iv_497-iv_507 | 2039 | 4319 | 38 | 73 |
| iv_507-iv_511 | 2034 | 4397 | 41 | 75 |
| iv_507-iv_510 | 2033 | 4576 | 37 | 87 |

### Input Bit Co-occurrences Sorted by Potential Occurrences

| Input Bits | Co-occurrences | Potential Occurrences | Output Co-occurrences | Potential Output Occurrences |
|:----------:|:--------------:|:---------------------:|:---------------------:|:----------------------------:|
| iv_504-iv_508 | 1965 | 4133 | 38 | 77 |
| iv_502-iv_505 | 1826 | 4200 | 36 | 79 |
| iv_501-iv_511 | 2065 | 4205 | 41 | 77 |
| iv_504-iv_506 | 1881 | 4205 | 37 | 88 |
| iv_506-iv_507 | 2004 | 4216 | 42 | 78 |
| iv_499-iv_505 | 1860 | 4221 | 42 | 69 |
| iv_499-iv_501 | 1929 | 4225 | 38 | 83 |
| iv_499-iv_504 | 1862 | 4232 | 40 | 77 |
| iv_502-iv_506 | 1840 | 4236 | 41 | 83 |
| iv_502-iv_503 | 1928 | 4236 | 42 | 77 |
| iv_502-iv_508 | 1888 | 4236 | 40 | 76 |
| iv_497-iv_506 | 1976 | 4237 | 44 | 71 |
| iv_506-iv_508 | 1935 | 4242 | 45 | 73 |
| iv_501-iv_505 | 1894 | 4242 | 32 | 86 |

### Input Bit Output Co-occurrences Sorted by Output Co-occurrences

| Input Bits | Co-occurrences | Potential Occurrences | Output Co-occurrences | Potential Output Occurrences |
|:----------:|:--------------:|:---------------------:|:---------------------:|:----------------------------:|
| iv_506-iv_511 | 1962 | 4333 | 51 | 65 |
| iv_503-iv_510 | 2098 | 4414 | 45 | 77 |
| iv_506-iv_508 | 1935 | 4242 | 45 | 73 |
| iv_497-iv_506 | 1976 | 4237 | 44 | 71 |
| iv_502-iv_507 | 1907 | 4310 | 43 | 69 |
| iv_499-iv_506 | 1807 | 4391 | 43 | 81 |
| iv_501-iv_506 | 1907 | 4280 | 43 | 78 |
| iv_500-iv_503 | 1996 | 4345 | 42 | 68 |
| iv_502-iv_503 | 1928 | 4236 | 42 | 77 |
| iv_502-iv_510 | 1975 | 4384 | 42 | 80 |
| iv_499-iv_505 | 1860 | 4221 | 42 | 69 |
| iv_506-iv_507 | 2004 | 4216 | 42 | 78 |
| iv_501-iv_511 | 2065 | 4205 | 41 | 77 |
| iv_507-iv_511 | 2034 | 4397 | 41 | 75 |

### Input Bit Output Co-occurrences Sorted by Potential Output Occurrences

| Input Bits | Co-occurrences | Potential Occurrences | Output Co-occurrences | Potential Output Occurrences |
|:----------:|:--------------:|:---------------------:|:---------------------:|:----------------------------:|
| iv_506-iv_511 | 1962 | 4333 | 51 | 65 |
| iv_500-iv_503 | 1996 | 4345 | 42 | 68 |
| iv_502-iv_507 | 1907 | 4310 | 43 | 69 |
| iv_499-iv_505 | 1860 | 4221 | 42 | 69 |
| iv_509-iv_511 | 2109 | 4252 | 40 | 70 |
| iv_504-iv_509 | 1925 | 4330 | 37 | 71 |
| iv_497-iv_506 | 1976 | 4237 | 44 | 71 |
| iv_508-iv_509 | 2023 | 4279 | 37 | 72 |
| iv_500-iv_507 | 2001 | 4367 | 37 | 72 |
| iv_501-iv_509 | 1964 | 4379 | 37 | 73 |
| iv_497-iv_507 | 2039 | 4319 | 38 | 73 |
| iv_506-iv_508 | 1935 | 4242 | 45 | 73 |
| iv_509-iv_510 | 2180 | 4287 | 40 | 74 |
| iv_501-iv_504 | 1900 | 4245 | 40 | 74 |

## Output Bits

### Output Bits in Regular Order

| Rank | Output Bit | Complexity |
|:----:|:----------:|:----------:|
| 1 | ov_001 | 2.5542956803035095 × 10^302 |
| 2 | ov_002 | 2.222634201171986 × 10^302 |
| 3 | ov_003 | 1.924886977617361 × 10^302 |
| 4 | ov_004 | 1.6585080513361731 × 10^302 |
| 5 | ov_005 | 1.4210913003263334 × 10^302 |
| 6 | ov_006 | 1.2103605859601232 × 10^302 |
| 7 | ov_007 | 1.0241611601768616 × 10^302 |
| 8 | ov_008 | 8.604522118406833 × 10^301 |
| 9 | ov_009 | 7.173004441596189 × 10^301 |
| 10 | ov_010 | 5.928745940614181 × 10^301 |
| 11 | ov_011 | 4.8544081046066574 × 10^301 |
| 12 | ov_012 | 3.933588014677138 × 10^301 |
| 13 | ov_013 | 3.1507865996556683 × 10^301 |
| 14 | ov_014 | 2.4913828264327507 × 10^301 |
| 15 | ov_015 | 1.9416130316283465 × 10^301 |
| 16 | ov_016 | 1.4885546566992312 × 10^301 |
| 17 | ov_017 | 1.1201137035230093 × 10^301 |
| 18 | ov_018 | 8.25015282154277 × 10^300 |
| 19 | ov_019 | 5.927966769194113 × 10^300 |
| 20 | ov_020 | 4.138024113679602 × 10^300 |
| 21 | ov_021 | 2.7918084687643502 × 10^300 |
| 22 | ov_022 | 1.8088190393430297 × 10^300 |
| 23 | ov_023 | 1.1165556487417871 × 10^300 |
| 24 | ov_024 | 6.505091418686285 × 10^299 |
| 25 | ov_025 | 3.5415559774360205 × 10^299 |
| 26 | ov_026 | 1.7895318907183224 × 10^299 |
| 27 | ov_027 | 8.43406833711191 × 10^298 |
| 28 | ov_028 | 3.7736821389856063 × 10^298 |
| 29 | ov_029 | 1.454010690242402 × 10^298 |
| 30 | ov_030 | 4.444721628729813 × 10^297 |
| 31 | ov_031 | 8.66860140228586 × 10^296 |
| 32 | lv_80_m31 | 1.6903228623297261 × 10^296 |
| 33 | ov_033 | 2.042790180608708 × 10^297 |
| 34 | ov_034 | 1.7749521766983933 × 10^297 |
| 35 | ov_035 | 1.5349320532938404 × 10^297 |
| 36 | ov_036 | 1.320574966789427 × 10^297 |
| 37 | ov_037 | 1.1298439715288994 × 10^297 |
| 38 | ov_038 | 9.608116852863096 × 10^296 |
| 39 | ov_039 | 8.116530428366554 × 10^296 |
| 40 | ov_040 | 6.806390376663042 × 10^296 |
| 41 | ov_041 | 5.661313570296549 × 10^296 |
| 42 | ov_042 | 4.665778206082612 × 10^296 |
| 43 | ov_043 | 3.805085379845166 × 10^296 |
| 44 | ov_044 | 3.0653270501590075 × 10^296 |
| 45 | ov_045 | 2.4397432825623673 × 10^296 |
| 46 | ov_046 | 1.9159335002525222 × 10^296 |
| 47 | ov_047 | 1.4822229399385937 × 10^296 |
| 48 | ov_048 | 1.1276491322669496 × 10^296 |
| 49 | ov_049 | 8.419514852499356 × 10^295 |
| 50 | ov_050 | 6.155634524106999 × 10^295 |
| 51 | ov_051 | 4.396068129939264 × 10^295 |
| 52 | ov_052 | 3.0588763706533444 × 10^295 |
| 53 | ov_053 | 2.0689355367719164 × 10^295 |
| 54 | ov_054 | 1.357919855500399 × 10^295 |
| 55 | ov_055 | 8.642905894155002 × 10^294 |
| 56 | ov_056 | 5.332895230070097 × 10^294 |
| 57 | ov_057 | 3.169351886848483 × 10^294 |
| 58 | ov_058 | 1.7402081473877556 × 10^294 |
| 59 | ov_059 | 8.563651605691638 × 10^293 |
| 60 | ov_060 | 3.62591036094579 × 10^293 |
| 61 | ov_061 | 1.3751978187046286 × 10^293 |
| 62 | ov_062 | 3.7745116813765933 × 10^292 |
| 63 | ov_063 | 7.361128228903603 × 10^291 |
| 64 | lv_79_m31 | 1.435270849584949 × 10^291 |
| 65 | ov_065 | 1.7237550276852608 × 10^292 |
| 66 | ov_066 | 1.723750944012299 × 10^292 |
| 67 | ov_067 | 1.7237499816826677 × 10^292 |
| 68 | ov_068 | 1.4966392182877632 × 10^292 |
| 69 | ov_069 | 1.292921629212096 × 10^292 |
| 70 | ov_070 | 1.1108791721006547 × 10^292 |
| 71 | ov_071 | 9.488746891988363 × 10^291 |
| 72 | ov_072 | 8.053476041865412 × 10^291 |
| 73 | ov_073 | 6.788105771185571 × 10^291 |
| 74 | ov_074 | 5.67846884439228 × 10^291 |
| 75 | ov_075 | 4.711083034481328 × 10^291 |
| 76 | ov_076 | 3.8731331506588314 × 10^291 |
| 77 | ov_077 | 3.152455165740942 × 10^291 |
| 78 | ov_078 | 2.537522094753432 × 10^291 |
| 79 | ov_079 | 2.0174315175960514 × 10^291 |
| 80 | ov_080 | 1.5818946402662897 × 10^291 |
| 81 | ov_081 | 1.2212267903730273 × 10^291 |
| 82 | ov_082 | 9.26339243583165 × 10^290 |
| 83 | ov_083 | 6.887322782975938 × 10^290 |
| 84 | ov_084 | 5.00489356304033 × 10^290 |
| 85 | ov_085 | 3.5427232745400965 × 10^290 |
| 86 | ov_086 | 2.4331755660303288 × 10^290 |
| 87 | ov_087 | 1.614328711720483 × 10^290 |
| 88 | ov_088 | 1.0299522775981555 × 10^290 |
| 89 | ov_089 | 6.294899627669948 × 10^289 |
| 90 | ov_090 | 3.6804760091794486 × 10^289 |
| 91 | ov_091 | 2.063853069560659 × 10^289 |
| 92 | ov_092 | 1.1091276235837463 × 10^289 |
| 93 | ov_093 | 5.368668301665713 × 10^288 |
| 94 | ov_094 | 2.214697678527571 × 10^288 |
| 95 | aaa_78_28 | 6.556310224889243 × 10^287 |
| 96 | aaa_78_29 | 1.827160630015938 × 10^287 |
| 97 | ov_097 | 1.161479583057897 × 10^287 |
| 98 | ov_098 | 1.1614627512878733 × 10^287 |
| 99 | ov_099 | 1.1614573703953971 × 10^287 |
| 100 | ov_100 | 9.483115151634337 × 10^286 |
| 101 | ov_101 | 7.704085612390048 × 10^286 |
| 102 | ov_102 | 6.235880039587828 × 10^286 |
| 103 | ov_103 | 5.039195973359723 × 10^286 |
| 104 | ov_104 | 4.0768663416242375 × 10^286 |
| 105 | ov_105 | 3.3137134922226183 × 10^286 |
| 106 | ov_106 | 2.7164225527135207 × 10^286 |
| 107 | ov_107 | 2.2534323147196227 × 10^286 |
| 108 | ov_108 | 1.8948419361775685 × 10^286 |
| 109 | ov_109 | 1.6123318481081996 × 10^286 |
| 110 | ov_110 | 1.3790973432154173 × 10^286 |
| 111 | ov_111 | 1.1697934122740578 × 10^286 |
| 112 | ov_112 | 9.830422431045142 × 10^285 |
| 113 | ov_113 | 8.174951830540536 × 10^285 |
| 114 | ov_114 | 6.718263672186532 × 10^285 |
| 115 | ov_115 | 5.447273545344591 × 10^285 |
| 116 | ov_116 | 4.349026880934482 × 10^285 |
| 117 | ov_117 | 3.410662962019695 × 10^285 |
| 118 | ov_118 | 2.6193865079219866 × 10^285 |
| 119 | ov_119 | 1.9624459984492693 × 10^285 |
| 120 | ov_120 | 1.427117905078512 × 10^285 |
| 121 | ov_121 | 1.0006959960772105 × 10^285 |
| 122 | ov_122 | 6.704845086750664 × 10^284 |
| 123 | ov_123 | 4.237937115956568 × 10^284 |
| 124 | ov_124 | 2.4793696344029373 × 10^284 |
| 125 | ov_125 | 1.302289529367046 × 10^284 |
| 126 | ov_126 | 5.798484098665319 × 10^283 |
| 127 | aaa_77_28 | 1.8519923866694238 × 10^283 |
| 128 | aaa_77_29 | 6.94533359397346 × 10^282 |
| 129 | ov_129 | 6.483245541529853 × 10^282 |
| 130 | ov_130 | 6.483227169650245 × 10^282 |
| 131 | ov_131 | 6.483222716133755 × 10^282 |
| 132 | ov_132 | 5.632747869661518 × 10^282 |
| 133 | ov_133 | 4.8699034319585156 × 10^282 |
| 134 | ov_134 | 4.1880978597758153 × 10^282 |
| 135 | ov_135 | 3.581099352726343 × 10^282 |
| 136 | ov_136 | 3.043010105076372 × 10^282 |
| 137 | ov_137 | 2.5682439698017812 × 10^282 |
| 138 | ov_138 | 2.151507219983575 × 10^282 |
| 139 | ov_139 | 1.787782108981052 × 10^282 |
| 140 | ov_140 | 1.4723129466502153 × 10^282 |
| 141 | ov_141 | 1.2005944242790202 × 10^282 |
| 142 | ov_142 | 9.683619359836424 × 10^281 |
| 143 | ov_143 | 7.715836591305915 × 10^281 |
| 144 | ov_144 | 6.064541709841582 × 10^281 |
| 145 | ov_145 | 4.693893932809803 × 10^281 |
| 146 | ov_146 | 3.57022670845601 × 10^281 |
| 147 | ov_147 | 2.6620180471466273 × 10^281 |
| 148 | ov_148 | 1.9398687455536287 × 10^281 |
| 149 | ov_149 | 1.3764869946066958 × 10^281 |
| 150 | ov_150 | 9.466780048807339 × 10^280 |
| 151 | ov_151 | 6.273374258504725 × 10^280 |
| 152 | ov_152 | 3.974474781565254 × 10^280 |
| 153 | ov_153 | 2.38074860707441 × 10^280 |
| 154 | ov_154 | 1.3236966899115245 × 10^280 |
| 155 | ov_155 | 6.556481100237594 × 10^279 |
| 156 | aaa_76_25 | 2.4975689156658518 × 10^279 |
| 157 | aaa_76_26 | 1.414283987180857 × 10^279 |
| 158 | aaa_76_27 | 7.049475144595922 × 10^278 |
| 159 | aaa_76_28 | 2.654501340041976 × 10^278 |
| 160 | aaa_76_29 | 9.414045863579466 × 10^277 |

### Output Bits Sorted by Complexity

| Rank | Output Bit | Complexity |
|:----:|:----------:|:----------:|
| 160 | aaa_76_29 | 9.414045863579466 × 10^277 |
| 159 | aaa_76_28 | 2.654501340041976 × 10^278 |
| 158 | aaa_76_27 | 7.049475144595922 × 10^278 |
| 157 | aaa_76_26 | 1.414283987180857 × 10^279 |
| 156 | aaa_76_25 | 2.4975689156658518 × 10^279 |
| 155 | ov_155 | 6.556481100237594 × 10^279 |
| 154 | ov_154 | 1.3236966899115245 × 10^280 |
| 153 | ov_153 | 2.38074860707441 × 10^280 |
| 152 | ov_152 | 3.974474781565254 × 10^280 |
| 151 | ov_151 | 6.273374258504725 × 10^280 |
| 150 | ov_150 | 9.466780048807339 × 10^280 |
| 149 | ov_149 | 1.3764869946066958 × 10^281 |
| 148 | ov_148 | 1.9398687455536287 × 10^281 |
| 147 | ov_147 | 2.6620180471466273 × 10^281 |
| 146 | ov_146 | 3.57022670845601 × 10^281 |
| 145 | ov_145 | 4.693893932809803 × 10^281 |
| 144 | ov_144 | 6.064541709841582 × 10^281 |
| 143 | ov_143 | 7.715836591305915 × 10^281 |
| 142 | ov_142 | 9.683619359836424 × 10^281 |
| 141 | ov_141 | 1.2005944242790202 × 10^282 |
| 140 | ov_140 | 1.4723129466502153 × 10^282 |
| 139 | ov_139 | 1.787782108981052 × 10^282 |
| 138 | ov_138 | 2.151507219983575 × 10^282 |
| 137 | ov_137 | 2.5682439698017812 × 10^282 |
| 136 | ov_136 | 3.043010105076372 × 10^282 |
| 135 | ov_135 | 3.581099352726343 × 10^282 |
| 134 | ov_134 | 4.1880978597758153 × 10^282 |
| 133 | ov_133 | 4.8699034319585156 × 10^282 |
| 132 | ov_132 | 5.632747869661518 × 10^282 |
| 131 | ov_131 | 6.483222716133755 × 10^282 |
| 130 | ov_130 | 6.483227169650245 × 10^282 |
| 129 | ov_129 | 6.483245541529853 × 10^282 |
| 128 | aaa_77_29 | 6.94533359397346 × 10^282 |
| 127 | aaa_77_28 | 1.8519923866694238 × 10^283 |
| 126 | ov_126 | 5.798484098665319 × 10^283 |
| 125 | ov_125 | 1.302289529367046 × 10^284 |
| 124 | ov_124 | 2.4793696344029373 × 10^284 |
| 123 | ov_123 | 4.237937115956568 × 10^284 |
| 122 | ov_122 | 6.704845086750664 × 10^284 |
| 121 | ov_121 | 1.0006959960772105 × 10^285 |
| 120 | ov_120 | 1.427117905078512 × 10^285 |
| 119 | ov_119 | 1.9624459984492693 × 10^285 |
| 118 | ov_118 | 2.6193865079219866 × 10^285 |
| 117 | ov_117 | 3.410662962019695 × 10^285 |
| 116 | ov_116 | 4.349026880934482 × 10^285 |
| 115 | ov_115 | 5.447273545344591 × 10^285 |
| 114 | ov_114 | 6.718263672186532 × 10^285 |
| 113 | ov_113 | 8.174951830540536 × 10^285 |
| 112 | ov_112 | 9.830422431045142 × 10^285 |
| 111 | ov_111 | 1.1697934122740578 × 10^286 |
| 110 | ov_110 | 1.3790973432154173 × 10^286 |
| 109 | ov_109 | 1.6123318481081996 × 10^286 |
| 108 | ov_108 | 1.8948419361775685 × 10^286 |
| 107 | ov_107 | 2.2534323147196227 × 10^286 |
| 106 | ov_106 | 2.7164225527135207 × 10^286 |
| 105 | ov_105 | 3.3137134922226183 × 10^286 |
| 104 | ov_104 | 4.0768663416242375 × 10^286 |
| 103 | ov_103 | 5.039195973359723 × 10^286 |
| 102 | ov_102 | 6.235880039587828 × 10^286 |
| 101 | ov_101 | 7.704085612390048 × 10^286 |
| 100 | ov_100 | 9.483115151634337 × 10^286 |
| 99 | ov_099 | 1.1614573703953971 × 10^287 |
| 98 | ov_098 | 1.1614627512878733 × 10^287 |
| 97 | ov_097 | 1.161479583057897 × 10^287 |
| 96 | aaa_78_29 | 1.827160630015938 × 10^287 |
| 95 | aaa_78_28 | 6.556310224889243 × 10^287 |
| 94 | ov_094 | 2.214697678527571 × 10^288 |
| 93 | ov_093 | 5.368668301665713 × 10^288 |
| 92 | ov_092 | 1.1091276235837463 × 10^289 |
| 91 | ov_091 | 2.063853069560659 × 10^289 |
| 90 | ov_090 | 3.6804760091794486 × 10^289 |
| 89 | ov_089 | 6.294899627669948 × 10^289 |
| 88 | ov_088 | 1.0299522775981555 × 10^290 |
| 87 | ov_087 | 1.614328711720483 × 10^290 |
| 86 | ov_086 | 2.4331755660303288 × 10^290 |
| 85 | ov_085 | 3.5427232745400965 × 10^290 |
| 84 | ov_084 | 5.00489356304033 × 10^290 |
| 83 | ov_083 | 6.887322782975938 × 10^290 |
| 82 | ov_082 | 9.26339243583165 × 10^290 |
| 81 | ov_081 | 1.2212267903730273 × 10^291 |
| 64 | lv_79_m31 | 1.435270849584949 × 10^291 |
| 80 | ov_080 | 1.5818946402662897 × 10^291 |
| 79 | ov_079 | 2.0174315175960514 × 10^291 |
| 78 | ov_078 | 2.537522094753432 × 10^291 |
| 77 | ov_077 | 3.152455165740942 × 10^291 |
| 76 | ov_076 | 3.8731331506588314 × 10^291 |
| 75 | ov_075 | 4.711083034481328 × 10^291 |
| 74 | ov_074 | 5.67846884439228 × 10^291 |
| 73 | ov_073 | 6.788105771185571 × 10^291 |
| 63 | ov_063 | 7.361128228903603 × 10^291 |
| 72 | ov_072 | 8.053476041865412 × 10^291 |
| 71 | ov_071 | 9.488746891988363 × 10^291 |
| 70 | ov_070 | 1.1108791721006547 × 10^292 |
| 69 | ov_069 | 1.292921629212096 × 10^292 |
| 68 | ov_068 | 1.4966392182877632 × 10^292 |
| 67 | ov_067 | 1.7237499816826677 × 10^292 |
| 66 | ov_066 | 1.723750944012299 × 10^292 |
| 65 | ov_065 | 1.7237550276852608 × 10^292 |
| 62 | ov_062 | 3.7745116813765933 × 10^292 |
| 61 | ov_061 | 1.3751978187046286 × 10^293 |
| 60 | ov_060 | 3.62591036094579 × 10^293 |
| 59 | ov_059 | 8.563651605691638 × 10^293 |
| 58 | ov_058 | 1.7402081473877556 × 10^294 |
| 57 | ov_057 | 3.169351886848483 × 10^294 |
| 56 | ov_056 | 5.332895230070097 × 10^294 |
| 55 | ov_055 | 8.642905894155002 × 10^294 |
| 54 | ov_054 | 1.357919855500399 × 10^295 |
| 53 | ov_053 | 2.0689355367719164 × 10^295 |
| 52 | ov_052 | 3.0588763706533444 × 10^295 |
| 51 | ov_051 | 4.396068129939264 × 10^295 |
| 50 | ov_050 | 6.155634524106999 × 10^295 |
| 49 | ov_049 | 8.419514852499356 × 10^295 |
| 48 | ov_048 | 1.1276491322669496 × 10^296 |
| 47 | ov_047 | 1.4822229399385937 × 10^296 |
| 32 | lv_80_m31 | 1.6903228623297261 × 10^296 |
| 46 | ov_046 | 1.9159335002525222 × 10^296 |
| 45 | ov_045 | 2.4397432825623673 × 10^296 |
| 44 | ov_044 | 3.0653270501590075 × 10^296 |
| 43 | ov_043 | 3.805085379845166 × 10^296 |
| 42 | ov_042 | 4.665778206082612 × 10^296 |
| 41 | ov_041 | 5.661313570296549 × 10^296 |
| 40 | ov_040 | 6.806390376663042 × 10^296 |
| 39 | ov_039 | 8.116530428366554 × 10^296 |
| 31 | ov_031 | 8.66860140228586 × 10^296 |
| 38 | ov_038 | 9.608116852863096 × 10^296 |
| 37 | ov_037 | 1.1298439715288994 × 10^297 |
| 36 | ov_036 | 1.320574966789427 × 10^297 |
| 35 | ov_035 | 1.5349320532938404 × 10^297 |
| 34 | ov_034 | 1.7749521766983933 × 10^297 |
| 33 | ov_033 | 2.042790180608708 × 10^297 |
| 30 | ov_030 | 4.444721628729813 × 10^297 |
| 29 | ov_029 | 1.454010690242402 × 10^298 |
| 28 | ov_028 | 3.7736821389856063 × 10^298 |
| 27 | ov_027 | 8.43406833711191 × 10^298 |
| 26 | ov_026 | 1.7895318907183224 × 10^299 |
| 25 | ov_025 | 3.5415559774360205 × 10^299 |
| 24 | ov_024 | 6.505091418686285 × 10^299 |
| 23 | ov_023 | 1.1165556487417871 × 10^300 |
| 22 | ov_022 | 1.8088190393430297 × 10^300 |
| 21 | ov_021 | 2.7918084687643502 × 10^300 |
| 20 | ov_020 | 4.138024113679602 × 10^300 |
| 19 | ov_019 | 5.927966769194113 × 10^300 |
| 18 | ov_018 | 8.25015282154277 × 10^300 |
| 17 | ov_017 | 1.1201137035230093 × 10^301 |
| 16 | ov_016 | 1.4885546566992312 × 10^301 |
| 15 | ov_015 | 1.9416130316283465 × 10^301 |
| 14 | ov_014 | 2.4913828264327507 × 10^301 |
| 13 | ov_013 | 3.1507865996556683 × 10^301 |
| 12 | ov_012 | 3.933588014677138 × 10^301 |
| 11 | ov_011 | 4.8544081046066574 × 10^301 |
| 10 | ov_010 | 5.928745940614181 × 10^301 |
| 9 | ov_009 | 7.173004441596189 × 10^301 |
| 8 | ov_008 | 8.604522118406833 × 10^301 |
| 7 | ov_007 | 1.0241611601768616 × 10^302 |
| 6 | ov_006 | 1.2103605859601232 × 10^302 |
| 5 | ov_005 | 1.4210913003263334 × 10^302 |
| 4 | ov_004 | 1.6585080513361731 × 10^302 |
| 3 | ov_003 | 1.924886977617361 × 10^302 |
| 2 | ov_002 | 2.222634201171986 × 10^302 |
| 1 | ov_001 | 2.5542956803035095 × 10^302 |

