# Results for F001-F002-F003-F004-F005-F006-F007-F008-F009-F010-F011-F012-F013-F014-F015-F016-F017-F018-F019-F020-F021-F022-F023-F024-F025-F026-F027-F028-F029-F030-F031-F032-F033-F034-F035-F036-F037-F038-F039-F040-F041-F042-F043-F044-F045-F046-F047-F048-F049-F050-F051-F052-F053-F054-F055-F056-F057-F058-F059-F060-F061-F062-F063-F064-F065-F066-F067-F068-F069-F070-F071-F072-F073-F074-F075-F076-F077-F078-F079-F080-F081-F082-F083-F084-F085-F086-F087-F088-F089-F090-F091-F092-F093-F094-F095-F096-F097-F098-F099-F100-F101-F102-F103-F104-F105-F106-F107-F108-F109-F110-F111-F112-F113-F114-F115-F116-F117-F118-F119-F120-F121-F122-F123-F124-F125-F126-F127-F128-F129-F130-F131-F132-F133-F134-F135-F136-F137-F138-F139-F140-F141-F142-F143-F144-F145-F146-F147-F148-F149-F150-F151-F152-F153-F154-F155-F156-F157-F158-F159-F160-F161-F162-F163-F164-F165-F166-F167-F168-F169-F170-F171-F172-F173-F174-F175-F176-F177-F178-F179-F180-F181-F182-F183-F184-F185-F186-F187-F188-F189-F190-F191-F192-F193-F194-F195-F196-F197-F198-F199-F200-F201-F202-F203-F204-F205-F206-F207-F208-F209-F210-F211-F212-F213-F214-F215-F216-F217-F218-F219-F220-F221-F222-F223-F224-F225-F226-F227-F228-F229-F230-F231-F232-F233-F234-F235-F236-F237-F238-F239-F240-F241-F242-F243-F244-F245-F246-F247-F248-F249-F250-F251-F252-F253-F254-F255-F256-F257-F258-F259-F260-F261-F262-F263-F264-F265-F266-F267-F268-F269-F270-F271-F272-F273-F274-F275-F276-F277-F278-F279-F280-F281-F282-F283-F284-F285-F286-F287-F288-F289-F290-F291-F292-F293-F294-F295-F296-F297-F298-F299-F300-F301-F302-F303-F304-F305-F306-F307-F308-F309-F310-F311-F312-F313-F314-F315-F316-F317-F318-F319-F320-F321-F322-F323-F324-F325-F326-F327-F328-F329-F330-F331-F332-F333-F334-F335-F336-F337-F338-F339-F340-F341-F342-F343-F344-F345-F346-F347-F348-F349-F350-F351-F352-F353-F354-F355-F356-F357-F358-F359-F360-F361-F362-F363-F364-F365-F366-F367-F368-F369-F370-F371-F372-F373-F374-F375-F376-F377-F378-F379-F380-F381-F382-F383-F384-F385-F386-F387-F388-F389-F390-F391-F392-F393-F394-F395-F396-F397-F398-F399-F400-F401-F402-F403-F404-F405-F406-F407-F408-F409-F410-F411-F412-F413-F414-F415-F416-F417-F418-F419-F420-F421-F422-F423-F424-F425-F426-F427-F428-F429-F430-F431-F432-F433-F434-F435-F436-F437-F438-F439-F440-F441-F442-F443-F444-F445-F446-F447-F448-F449-F450-F451-F452-F453-F454-F455-F456-F457-F458-F459-F460-F461-F462-F463-F464-F465-F466-F467-F468-F469-F470-F471-F472-F473-F474-F475-F476-F477-F478-F479-F480-F481-F482-F483-F484-F485-F486-F487-F488-F489-F490-F491-F492-F493-F494-F495-F496-F497-O511512

## Summary

Number of input bits: 512  
Number of free input bits: 14  
Number of output bits: 160

Number of direct occurrences: 58366  
Number of assignments: 32280  
Number of operations: 11955299
(xor: 11925550,
and: 16076,
or: 13673)

Total complexity: 3.2216542502851275 × 10^307

Least occurring input variable: iv_506 (3984)  
Most occurring input variable: iv_511 (4420)

Most co-occurring input variables: iv_503-iv_507 (2175)  
Least co-occurring input variables: iv_498-iv_502 (1837)

Potentially most occurring input variable: iv_501/iv_511 (4665)  
Potentially least occurring input variable: iv_502/iv_506 (4175)

Least output occurring input variable: iv_499 (74)  
Most output occurring input variable: iv_507 (90)

Most output co-occurring input variables: iv_507-iv_510 (55)  
Least output co-occurring input variables: iv_499-iv_506 (29)

Potentially most output occurring input variable: iv_499/iv_506 (98)  
Potentially least output occurring input variable: iv_501/iv_510 (63)

Least complex input bit: iv_511 (1.5548602087190585 × 10^304)  
Most complex input bit: iv_510 (7.960440988662509 × 10^306)

Least complex output bit: aaa_76_29 (6.634333057730186 × 10^281)  
Most complex output bit: ov_001 (5.0476216036832416 × 10^306)

Least complex input/output complexity: iv_511/aaa_76_29 (3.2019141973230605 × 10^278)  
Most complex input/output complexity: iv_510/ov_001 (1.2472255179357723 × 10^306)

## Input Bits

### Input Bits in Regular Order

| Input Bit | Complexity | Occurrences | Output Occurrences |
|:---------:|:----------:|:-----------:|:------------------:|
| iv_498 | 3.7107124976500395 × 10^304 | 4120 | 84 |
| iv_499 | 7.669705101816385 × 10^304 | 4264 | 74 |
| iv_500 | 1.4340191535359098 × 10^305 | 4166 | 83 |
| iv_501 | 2.635446795256215 × 10^305 | 4177 | 78 |
| iv_502 | 4.490325622957365 × 10^305 | 3991 | 82 |
| iv_503 | 7.3146372529284 × 10^305 | 4195 | 82 |
| iv_504 | 1.1521930161543417 × 10^306 | 3994 | 82 |
| iv_505 | 1.7666761721696657 × 10^306 | 4040 | 80 |
| iv_506 | 2.6469745475927977 × 10^306 | 3984 | 82 |
| iv_507 | 3.888330303970902 × 10^306 | 4372 | 90 |
| iv_508 | 5.517882341579551 × 10^306 | 4128 | 78 |
| iv_509 | 7.567249472171826 × 10^306 | 4188 | 89 |
| iv_510 | 7.960440988662509 × 10^306 | 4327 | 89 |
| iv_511 | 1.5548602087190585 × 10^304 | 4420 | 75 |

### Input Bits Sorted by Complexity

| Input Bit | Complexity | Occurrences | Output Occurrences |
|:---------:|:----------:|:-----------:|:------------------:|
| iv_511 | 1.5548602087190585 × 10^304 | 4420 | 75 |
| iv_498 | 3.7107124976500395 × 10^304 | 4120 | 84 |
| iv_499 | 7.669705101816385 × 10^304 | 4264 | 74 |
| iv_500 | 1.4340191535359098 × 10^305 | 4166 | 83 |
| iv_501 | 2.635446795256215 × 10^305 | 4177 | 78 |
| iv_502 | 4.490325622957365 × 10^305 | 3991 | 82 |
| iv_503 | 7.3146372529284 × 10^305 | 4195 | 82 |
| iv_504 | 1.1521930161543417 × 10^306 | 3994 | 82 |
| iv_505 | 1.7666761721696657 × 10^306 | 4040 | 80 |
| iv_506 | 2.6469745475927977 × 10^306 | 3984 | 82 |
| iv_507 | 3.888330303970902 × 10^306 | 4372 | 90 |
| iv_508 | 5.517882341579551 × 10^306 | 4128 | 78 |
| iv_509 | 7.567249472171826 × 10^306 | 4188 | 89 |
| iv_510 | 7.960440988662509 × 10^306 | 4327 | 89 |

### Input Bits Sorted by Occurrences

| Input Bit | Complexity | Occurrences | Output Occurrences |
|:---------:|:----------:|:-----------:|:------------------:|
| iv_506 | 2.6469745475927977 × 10^306 | 3984 | 82 |
| iv_502 | 4.490325622957365 × 10^305 | 3991 | 82 |
| iv_504 | 1.1521930161543417 × 10^306 | 3994 | 82 |
| iv_505 | 1.7666761721696657 × 10^306 | 4040 | 80 |
| iv_498 | 3.7107124976500395 × 10^304 | 4120 | 84 |
| iv_508 | 5.517882341579551 × 10^306 | 4128 | 78 |
| iv_500 | 1.4340191535359098 × 10^305 | 4166 | 83 |
| iv_501 | 2.635446795256215 × 10^305 | 4177 | 78 |
| iv_509 | 7.567249472171826 × 10^306 | 4188 | 89 |
| iv_503 | 7.3146372529284 × 10^305 | 4195 | 82 |
| iv_499 | 7.669705101816385 × 10^304 | 4264 | 74 |
| iv_510 | 7.960440988662509 × 10^306 | 4327 | 89 |
| iv_507 | 3.888330303970902 × 10^306 | 4372 | 90 |
| iv_511 | 1.5548602087190585 × 10^304 | 4420 | 75 |

### Input Bits Sorted by Output Occurrences

| Input Bit | Complexity | Occurrences | Output Occurrences |
|:---------:|:----------:|:-----------:|:------------------:|
| iv_499 | 7.669705101816385 × 10^304 | 4264 | 74 |
| iv_511 | 1.5548602087190585 × 10^304 | 4420 | 75 |
| iv_501 | 2.635446795256215 × 10^305 | 4177 | 78 |
| iv_508 | 5.517882341579551 × 10^306 | 4128 | 78 |
| iv_505 | 1.7666761721696657 × 10^306 | 4040 | 80 |
| iv_502 | 4.490325622957365 × 10^305 | 3991 | 82 |
| iv_503 | 7.3146372529284 × 10^305 | 4195 | 82 |
| iv_506 | 2.6469745475927977 × 10^306 | 3984 | 82 |
| iv_504 | 1.1521930161543417 × 10^306 | 3994 | 82 |
| iv_500 | 1.4340191535359098 × 10^305 | 4166 | 83 |
| iv_498 | 3.7107124976500395 × 10^304 | 4120 | 84 |
| iv_509 | 7.567249472171826 × 10^306 | 4188 | 89 |
| iv_510 | 7.960440988662509 × 10^306 | 4327 | 89 |
| iv_507 | 3.888330303970902 × 10^306 | 4372 | 90 |

## Input Bit Co-occurrences

### Input Bit Co-occurrences Sorted by Co-occurrences

| Input Bits | Co-occurrences | Potential Occurrences | Output Co-occurrences | Potential Output Occurrences |
|:----------:|:--------------:|:---------------------:|:---------------------:|:----------------------------:|
| iv_503-iv_507 | 2175 | 4217 | 47 | 78 |
| iv_507-iv_508 | 2133 | 4234 | 45 | 78 |
| iv_501-iv_507 | 2132 | 4285 | 47 | 74 |
| iv_507-iv_510 | 2124 | 4451 | 55 | 69 |
| iv_510-iv_511 | 2106 | 4535 | 42 | 80 |
| iv_507-iv_511 | 2102 | 4588 | 40 | 85 |
| iv_501-iv_510 | 2097 | 4310 | 52 | 63 |
| iv_507-iv_509 | 2093 | 4374 | 52 | 75 |
| iv_509-iv_510 | 2086 | 4343 | 47 | 84 |
| iv_499-iv_500 | 2081 | 4268 | 39 | 79 |
| iv_500-iv_503 | 2081 | 4199 | 43 | 79 |
| iv_500-iv_507 | 2074 | 4390 | 47 | 79 |
| iv_508-iv_511 | 2069 | 4410 | 39 | 75 |
| iv_498-iv_507 | 2066 | 4360 | 50 | 74 |

### Input Bit Co-occurrences Sorted by Potential Occurrences

| Input Bits | Co-occurrences | Potential Occurrences | Output Co-occurrences | Potential Output Occurrences |
|:----------:|:--------------:|:---------------------:|:---------------------:|:----------------------------:|
| iv_502-iv_506 | 1900 | 4175 | 44 | 76 |
| iv_500-iv_503 | 2081 | 4199 | 43 | 79 |
| iv_502-iv_505 | 1910 | 4211 | 38 | 86 |
| iv_503-iv_507 | 2175 | 4217 | 47 | 78 |
| iv_498-iv_506 | 1943 | 4218 | 48 | 70 |
| iv_499-iv_502 | 2012 | 4231 | 35 | 86 |
| iv_507-iv_508 | 2133 | 4234 | 45 | 78 |
| iv_501-iv_508 | 2035 | 4235 | 43 | 70 |
| iv_504-iv_506 | 1867 | 4244 | 43 | 78 |
| iv_506-iv_508 | 1927 | 4258 | 41 | 78 |
| iv_501-iv_505 | 1978 | 4261 | 38 | 82 |
| iv_498-iv_503 | 2026 | 4263 | 46 | 74 |
| iv_502-iv_504 | 1861 | 4263 | 40 | 84 |
| iv_498-iv_500 | 2010 | 4266 | 49 | 69 |

### Input Bit Output Co-occurrences Sorted by Output Co-occurrences

| Input Bits | Co-occurrences | Potential Occurrences | Output Co-occurrences | Potential Output Occurrences |
|:----------:|:--------------:|:---------------------:|:---------------------:|:----------------------------:|
| iv_507-iv_510 | 2124 | 4451 | 55 | 69 |
| iv_506-iv_510 | 1918 | 4475 | 53 | 65 |
| iv_500-iv_510 | 2031 | 4431 | 52 | 68 |
| iv_501-iv_510 | 2097 | 4310 | 52 | 63 |
| iv_507-iv_509 | 2093 | 4374 | 52 | 75 |
| iv_498-iv_507 | 2066 | 4360 | 50 | 74 |
| iv_502-iv_507 | 1997 | 4369 | 50 | 72 |
| iv_498-iv_500 | 2010 | 4266 | 49 | 69 |
| iv_501-iv_509 | 2039 | 4287 | 49 | 69 |
| iv_498-iv_506 | 1943 | 4218 | 48 | 70 |
| iv_498-iv_510 | 2043 | 4361 | 48 | 77 |
| iv_503-iv_510 | 2000 | 4522 | 48 | 75 |
| iv_508-iv_510 | 2062 | 4331 | 48 | 71 |
| iv_500-iv_507 | 2074 | 4390 | 47 | 79 |

### Input Bit Output Co-occurrences Sorted by Potential Output Occurrences

| Input Bits | Co-occurrences | Potential Occurrences | Output Co-occurrences | Potential Output Occurrences |
|:----------:|:--------------:|:---------------------:|:---------------------:|:----------------------------:|
| iv_501-iv_510 | 2097 | 4310 | 52 | 63 |
| iv_504-iv_511 | 1935 | 4544 | 47 | 63 |
| iv_506-iv_510 | 1918 | 4475 | 53 | 65 |
| iv_500-iv_510 | 2031 | 4431 | 52 | 68 |
| iv_498-iv_500 | 2010 | 4266 | 49 | 69 |
| iv_501-iv_509 | 2039 | 4287 | 49 | 69 |
| iv_507-iv_510 | 2124 | 4451 | 55 | 69 |
| iv_498-iv_506 | 1943 | 4218 | 48 | 70 |
| iv_501-iv_508 | 2035 | 4235 | 43 | 70 |
| iv_506-iv_511 | 1961 | 4482 | 43 | 71 |
| iv_508-iv_510 | 2062 | 4331 | 48 | 71 |
| iv_502-iv_507 | 1997 | 4369 | 50 | 72 |
| iv_500-iv_504 | 1941 | 4278 | 46 | 73 |
| iv_500-iv_508 | 2004 | 4286 | 44 | 73 |

## Output Bits

### Output Bits in Regular Order

| Rank | Output Bit | Complexity |
|:----:|:----------:|:----------:|
| 1 | ov_001 | 5.0476216036832416 × 10^306 |
| 2 | ov_002 | 4.390769244998007 × 10^306 |
| 3 | ov_003 | 3.8012154499425285 × 10^306 |
| 4 | ov_004 | 3.273902513922851 × 10^306 |
| 5 | ov_005 | 2.8040502132573238 × 10^306 |
| 6 | ov_006 | 2.387136239367109 × 10^306 |
| 7 | ov_007 | 2.018879165807206 × 10^306 |
| 8 | ov_008 | 1.6952237162614003 × 10^306 |
| 9 | ov_009 | 1.412328114034661 × 10^306 |
| 10 | ov_010 | 1.1665533055341079 × 10^306 |
| 11 | ov_011 | 9.544538618160502 × 10^305 |
| 12 | ov_012 | 7.727703735626475 × 10^305 |
| 13 | ov_013 | 6.184231658986059 × 10^305 |
| 14 | ov_014 | 4.885071703181528 × 10^305 |
| 15 | ov_015 | 3.8028780170922233 × 10^305 |
| 16 | ov_016 | 2.911976990715413 × 10^305 |
| 17 | ov_017 | 2.1883419905744657 × 10^305 |
| 18 | ov_018 | 1.6095742194186255 × 10^305 |
| 19 | ov_019 | 1.1548886006846163 × 10^305 |
| 20 | ov_020 | 8.05103692354436 × 10^304 |
| 21 | ov_021 | 5.42634738856319 × 10^304 |
| 22 | ov_022 | 3.514890735782102 × 10^304 |
| 23 | ov_023 | 2.1726318843466408 × 10^304 |
| 24 | ov_024 | 1.2714091402591175 × 10^304 |
| 25 | ov_025 | 6.989232102974222 × 10^303 |
| 26 | ov_026 | 3.587310109638621 × 10^303 |
| 27 | ov_027 | 1.7024260818096943 × 10^303 |
| 28 | ov_028 | 6.871996729536601 × 10^302 |
| 29 | ov_029 | 2.5756966086616602 × 10^302 |
| 30 | ov_030 | 7.787008517470616 × 10^301 |
| 31 | ov_031 | 1.723914271991214 × 10^301 |
| 32 | lv_80_m31 | 3.361702490856742 × 10^300 |
| 33 | ov_033 | 4.054685838841513 × 10^301 |
| 34 | ov_034 | 3.523231623886322 × 10^301 |
| 35 | ov_035 | 3.046574627580829 × 10^301 |
| 36 | ov_036 | 2.620582527192142 × 10^301 |
| 37 | ov_037 | 2.2413492516309969 × 10^301 |
| 38 | ov_038 | 1.9051790025227404 × 10^301 |
| 39 | ov_039 | 1.608572355620289 × 10^301 |
| 40 | ov_040 | 1.3482142518074332 × 10^301 |
| 41 | ov_041 | 1.120963697009957 × 10^301 |
| 42 | ov_042 | 9.238450000507117 × 10^300 |
| 43 | ov_043 | 7.540403869198435 × 10^300 |
| 44 | ov_044 | 6.0888383914082586 × 10^300 |
| 45 | ov_045 | 4.858560129463263 × 10^300 |
| 46 | ov_046 | 3.825801048771095 × 10^300 |
| 47 | ov_047 | 2.9681853821679435 × 10^300 |
| 48 | ov_048 | 2.264703534033945 × 10^300 |
| 49 | ov_049 | 1.6956919423720227 × 10^300 |
| 50 | ov_050 | 1.2428179035029729 × 10^300 |
| 51 | ov_051 | 8.890684502747025 × 10^299 |
| 52 | ov_052 | 6.187424607934534 × 10^299 |
| 53 | ov_053 | 4.174452607069251 × 10^299 |
| 54 | ov_054 | 2.720850680337383 × 10^299 |
| 55 | ov_055 | 1.708707400407577 × 10^299 |
| 56 | ov_056 | 1.0331041673450496 × 10^299 |
| 57 | ov_057 | 6.021075527112289 × 10^298 |
| 58 | ov_058 | 3.3676522482688797 × 10^298 |
| 59 | ov_059 | 1.711039372291136 × 10^298 |
| 60 | ov_060 | 7.538168066121181 × 10^297 |
| 61 | ov_061 | 2.6345433438142874 × 10^297 |
| 62 | ov_062 | 7.231092598929157 × 10^296 |
| 63 | ov_063 | 1.4102446451513145 × 10^296 |
| 64 | lv_79_m31 | 2.749753299997827 × 10^295 |
| 65 | ov_065 | 3.3072716284263262 × 10^296 |
| 66 | ov_066 | 3.3072622950073683 × 10^296 |
| 67 | ov_067 | 3.3072600363427406 × 10^296 |
| 68 | ov_068 | 2.871943554740318 × 10^296 |
| 69 | ov_069 | 2.4816061006737833 × 10^296 |
| 70 | ov_070 | 2.1328653832937785 × 10^296 |
| 71 | ov_071 | 1.8225220582498648 × 10^296 |
| 72 | ov_072 | 1.5475467282123896 × 10^296 |
| 73 | ov_073 | 1.305068690855047 × 10^296 |
| 74 | ov_074 | 1.092366270916285 × 10^296 |
| 75 | ov_075 | 9.068585816470092 × 10^295 |
| 76 | ov_076 | 7.460985693006009 × 10^295 |
| 77 | ov_077 | 6.077672023883649 × 10^295 |
| 78 | ov_078 | 4.896686752612086 × 10^295 |
| 79 | ov_079 | 3.897265032316804 × 10^295 |
| 80 | ov_080 | 3.0598039395823447 × 10^295 |
| 81 | ov_081 | 2.365837872085193 × 10^295 |
| 82 | ov_082 | 1.798019624280158 × 10^295 |
| 83 | ov_083 | 1.3401062078684048 × 10^295 |
| 84 | ov_084 | 9.769485557892052 × 10^294 |
| 85 | ov_085 | 6.944843201788694 × 10^294 |
| 86 | ov_086 | 4.797330462327699 × 10^294 |
| 87 | ov_087 | 3.207930752640441 × 10^294 |
| 88 | ov_088 | 2.0683960152701827 × 10^294 |
| 89 | ov_089 | 1.2812341937672629 × 10^294 |
| 90 | ov_090 | 7.597008197069106 × 10^293 |
| 91 | ov_091 | 4.277935064955105 × 10^293 |
| 92 | ov_092 | 2.2024864408492097 × 10^293 |
| 93 | ov_093 | 1.0711882411161744 × 10^293 |
| 94 | ov_094 | 4.461361532155614 × 10^292 |
| 95 | aaa_78_28 | 1.352178664156606 × 10^292 |
| 96 | aaa_78_29 | 4.788818562251502 × 10^291 |
| 97 | ov_097 | 2.678833320582414 × 10^291 |
| 98 | ov_098 | 2.6788215260963563 × 10^291 |
| 99 | ov_099 | 2.67881775620654 × 10^291 |
| 100 | ov_100 | 2.3172082421826216 × 10^291 |
| 101 | ov_101 | 1.9937494962218505 × 10^291 |
| 102 | ov_102 | 1.7055260398198644 × 10^291 |
| 103 | ov_103 | 1.449783532521604 × 10^291 |
| 104 | ov_104 | 1.22391706970384 × 10^291 |
| 105 | ov_105 | 1.0254609721305783 × 10^291 |
| 106 | ov_106 | 8.52079932886025 × 10^290 |
| 107 | ov_107 | 7.015613944294878 × 10^290 |
| 108 | ov_108 | 5.7180903537366474 × 10^290 |
| 109 | ov_109 | 4.608372532119583 × 10^290 |
| 110 | ov_110 | 3.66766535655221 × 10^290 |
| 111 | ov_111 | 2.8781961952123525 × 10^290 |
| 112 | ov_112 | 2.223183422836278 × 10^290 |
| 113 | ov_113 | 1.6868109745830683 × 10^290 |
| 114 | ov_114 | 1.2542081100781945 × 10^290 |
| 115 | ov_115 | 9.114336189607326 × 10^289 |
| 116 | ov_116 | 6.454637584269762 × 10^289 |
| 117 | ov_117 | 4.4418327219649593 × 10^289 |
| 118 | ov_118 | 2.9637889911232664 × 10^289 |
| 119 | ov_119 | 1.9173483828664803 × 10^289 |
| 120 | ov_120 | 1.2082969635706964 × 10^289 |
| 121 | ov_121 | 7.513450104956485 × 10^288 |
| 122 | ov_122 | 4.701145752125699 × 10^288 |
| 123 | ov_123 | 2.971321622800839 × 10^288 |
| 124 | ov_124 | 1.738246502111883 × 10^288 |
| 125 | ov_125 | 9.129481109077776 × 10^287 |
| 126 | ov_126 | 4.064578043775455 × 10^287 |
| 127 | aaa_77_28 | 1.2980789169441326 × 10^287 |
| 128 | aaa_77_29 | 4.867410617547786 × 10^286 |
| 129 | ov_129 | 4.537442931880176 × 10^286 |
| 130 | ov_130 | 4.537429988840033 × 10^286 |
| 131 | ov_131 | 4.537426853736016 × 10^286 |
| 132 | ov_132 | 3.9405142862875715 × 10^286 |
| 133 | ov_133 | 3.405328825746966 × 10^286 |
| 134 | ov_134 | 2.927205311135159 × 10^286 |
| 135 | ov_135 | 2.5017346685789176 × 10^286 |
| 136 | ov_136 | 2.12474568696028 × 10^286 |
| 137 | ov_137 | 1.7922891647761794 × 10^286 |
| 138 | ov_138 | 1.5006242116784735 × 10^286 |
| 139 | ov_139 | 1.2462064995350007 × 10^286 |
| 140 | ov_140 | 1.0256782688334212 × 10^286 |
| 141 | ov_141 | 8.358599069171827 × 10^285 |
| 142 | ov_142 | 6.737429249624925 × 10^285 |
| 143 | ov_143 | 5.364841708326283 × 10^285 |
| 144 | ov_144 | 4.2140112502833567 × 10^285 |
| 145 | ov_145 | 3.259681369292588 × 10^285 |
| 146 | ov_146 | 2.478134684226699 × 10^285 |
| 147 | ov_147 | 1.847170218666734 × 10^285 |
| 148 | ov_148 | 1.3460863915388842 × 10^285 |
| 149 | ov_149 | 9.556686844123408 × 10^284 |
| 150 | ov_150 | 6.581810490012093 × 10^284 |
| 151 | ov_151 | 4.3736021623856665 × 10^284 |
| 152 | ov_152 | 2.7841216607961484 × 10^284 |
| 153 | ov_153 | 1.6801011495804338 × 10^284 |
| 154 | ov_154 | 9.429347557422641 × 10^283 |
| 155 | ov_155 | 4.686735558809809 × 10^283 |
| 156 | aaa_76_25 | 1.6802323615601761 × 10^283 |
| 157 | aaa_76_26 | 9.538440005755225 × 10^282 |
| 158 | aaa_76_27 | 4.9076544646816853 × 10^282 |
| 159 | aaa_76_28 | 2.1773419645814114 × 10^282 |
| 160 | aaa_76_29 | 6.634333057730186 × 10^281 |

### Output Bits Sorted by Complexity

| Rank | Output Bit | Complexity |
|:----:|:----------:|:----------:|
| 160 | aaa_76_29 | 6.634333057730186 × 10^281 |
| 159 | aaa_76_28 | 2.1773419645814114 × 10^282 |
| 158 | aaa_76_27 | 4.9076544646816853 × 10^282 |
| 157 | aaa_76_26 | 9.538440005755225 × 10^282 |
| 156 | aaa_76_25 | 1.6802323615601761 × 10^283 |
| 155 | ov_155 | 4.686735558809809 × 10^283 |
| 154 | ov_154 | 9.429347557422641 × 10^283 |
| 153 | ov_153 | 1.6801011495804338 × 10^284 |
| 152 | ov_152 | 2.7841216607961484 × 10^284 |
| 151 | ov_151 | 4.3736021623856665 × 10^284 |
| 150 | ov_150 | 6.581810490012093 × 10^284 |
| 149 | ov_149 | 9.556686844123408 × 10^284 |
| 148 | ov_148 | 1.3460863915388842 × 10^285 |
| 147 | ov_147 | 1.847170218666734 × 10^285 |
| 146 | ov_146 | 2.478134684226699 × 10^285 |
| 145 | ov_145 | 3.259681369292588 × 10^285 |
| 144 | ov_144 | 4.2140112502833567 × 10^285 |
| 143 | ov_143 | 5.364841708326283 × 10^285 |
| 142 | ov_142 | 6.737429249624925 × 10^285 |
| 141 | ov_141 | 8.358599069171827 × 10^285 |
| 140 | ov_140 | 1.0256782688334212 × 10^286 |
| 139 | ov_139 | 1.2462064995350007 × 10^286 |
| 138 | ov_138 | 1.5006242116784735 × 10^286 |
| 137 | ov_137 | 1.7922891647761794 × 10^286 |
| 136 | ov_136 | 2.12474568696028 × 10^286 |
| 135 | ov_135 | 2.5017346685789176 × 10^286 |
| 134 | ov_134 | 2.927205311135159 × 10^286 |
| 133 | ov_133 | 3.405328825746966 × 10^286 |
| 132 | ov_132 | 3.9405142862875715 × 10^286 |
| 131 | ov_131 | 4.537426853736016 × 10^286 |
| 130 | ov_130 | 4.537429988840033 × 10^286 |
| 129 | ov_129 | 4.537442931880176 × 10^286 |
| 128 | aaa_77_29 | 4.867410617547786 × 10^286 |
| 127 | aaa_77_28 | 1.2980789169441326 × 10^287 |
| 126 | ov_126 | 4.064578043775455 × 10^287 |
| 125 | ov_125 | 9.129481109077776 × 10^287 |
| 124 | ov_124 | 1.738246502111883 × 10^288 |
| 123 | ov_123 | 2.971321622800839 × 10^288 |
| 122 | ov_122 | 4.701145752125699 × 10^288 |
| 121 | ov_121 | 7.513450104956485 × 10^288 |
| 120 | ov_120 | 1.2082969635706964 × 10^289 |
| 119 | ov_119 | 1.9173483828664803 × 10^289 |
| 118 | ov_118 | 2.9637889911232664 × 10^289 |
| 117 | ov_117 | 4.4418327219649593 × 10^289 |
| 116 | ov_116 | 6.454637584269762 × 10^289 |
| 115 | ov_115 | 9.114336189607326 × 10^289 |
| 114 | ov_114 | 1.2542081100781945 × 10^290 |
| 113 | ov_113 | 1.6868109745830683 × 10^290 |
| 112 | ov_112 | 2.223183422836278 × 10^290 |
| 111 | ov_111 | 2.8781961952123525 × 10^290 |
| 110 | ov_110 | 3.66766535655221 × 10^290 |
| 109 | ov_109 | 4.608372532119583 × 10^290 |
| 108 | ov_108 | 5.7180903537366474 × 10^290 |
| 107 | ov_107 | 7.015613944294878 × 10^290 |
| 106 | ov_106 | 8.52079932886025 × 10^290 |
| 105 | ov_105 | 1.0254609721305783 × 10^291 |
| 104 | ov_104 | 1.22391706970384 × 10^291 |
| 103 | ov_103 | 1.449783532521604 × 10^291 |
| 102 | ov_102 | 1.7055260398198644 × 10^291 |
| 101 | ov_101 | 1.9937494962218505 × 10^291 |
| 100 | ov_100 | 2.3172082421826216 × 10^291 |
| 99 | ov_099 | 2.67881775620654 × 10^291 |
| 98 | ov_098 | 2.6788215260963563 × 10^291 |
| 97 | ov_097 | 2.678833320582414 × 10^291 |
| 96 | aaa_78_29 | 4.788818562251502 × 10^291 |
| 95 | aaa_78_28 | 1.352178664156606 × 10^292 |
| 94 | ov_094 | 4.461361532155614 × 10^292 |
| 93 | ov_093 | 1.0711882411161744 × 10^293 |
| 92 | ov_092 | 2.2024864408492097 × 10^293 |
| 91 | ov_091 | 4.277935064955105 × 10^293 |
| 90 | ov_090 | 7.597008197069106 × 10^293 |
| 89 | ov_089 | 1.2812341937672629 × 10^294 |
| 88 | ov_088 | 2.0683960152701827 × 10^294 |
| 87 | ov_087 | 3.207930752640441 × 10^294 |
| 86 | ov_086 | 4.797330462327699 × 10^294 |
| 85 | ov_085 | 6.944843201788694 × 10^294 |
| 84 | ov_084 | 9.769485557892052 × 10^294 |
| 83 | ov_083 | 1.3401062078684048 × 10^295 |
| 82 | ov_082 | 1.798019624280158 × 10^295 |
| 81 | ov_081 | 2.365837872085193 × 10^295 |
| 64 | lv_79_m31 | 2.749753299997827 × 10^295 |
| 80 | ov_080 | 3.0598039395823447 × 10^295 |
| 79 | ov_079 | 3.897265032316804 × 10^295 |
| 78 | ov_078 | 4.896686752612086 × 10^295 |
| 77 | ov_077 | 6.077672023883649 × 10^295 |
| 76 | ov_076 | 7.460985693006009 × 10^295 |
| 75 | ov_075 | 9.068585816470092 × 10^295 |
| 74 | ov_074 | 1.092366270916285 × 10^296 |
| 73 | ov_073 | 1.305068690855047 × 10^296 |
| 63 | ov_063 | 1.4102446451513145 × 10^296 |
| 72 | ov_072 | 1.5475467282123896 × 10^296 |
| 71 | ov_071 | 1.8225220582498648 × 10^296 |
| 70 | ov_070 | 2.1328653832937785 × 10^296 |
| 69 | ov_069 | 2.4816061006737833 × 10^296 |
| 68 | ov_068 | 2.871943554740318 × 10^296 |
| 67 | ov_067 | 3.3072600363427406 × 10^296 |
| 66 | ov_066 | 3.3072622950073683 × 10^296 |
| 65 | ov_065 | 3.3072716284263262 × 10^296 |
| 62 | ov_062 | 7.231092598929157 × 10^296 |
| 61 | ov_061 | 2.6345433438142874 × 10^297 |
| 60 | ov_060 | 7.538168066121181 × 10^297 |
| 59 | ov_059 | 1.711039372291136 × 10^298 |
| 58 | ov_058 | 3.3676522482688797 × 10^298 |
| 57 | ov_057 | 6.021075527112289 × 10^298 |
| 56 | ov_056 | 1.0331041673450496 × 10^299 |
| 55 | ov_055 | 1.708707400407577 × 10^299 |
| 54 | ov_054 | 2.720850680337383 × 10^299 |
| 53 | ov_053 | 4.174452607069251 × 10^299 |
| 52 | ov_052 | 6.187424607934534 × 10^299 |
| 51 | ov_051 | 8.890684502747025 × 10^299 |
| 50 | ov_050 | 1.2428179035029729 × 10^300 |
| 49 | ov_049 | 1.6956919423720227 × 10^300 |
| 48 | ov_048 | 2.264703534033945 × 10^300 |
| 47 | ov_047 | 2.9681853821679435 × 10^300 |
| 32 | lv_80_m31 | 3.361702490856742 × 10^300 |
| 46 | ov_046 | 3.825801048771095 × 10^300 |
| 45 | ov_045 | 4.858560129463263 × 10^300 |
| 44 | ov_044 | 6.0888383914082586 × 10^300 |
| 43 | ov_043 | 7.540403869198435 × 10^300 |
| 42 | ov_042 | 9.238450000507117 × 10^300 |
| 41 | ov_041 | 1.120963697009957 × 10^301 |
| 40 | ov_040 | 1.3482142518074332 × 10^301 |
| 39 | ov_039 | 1.608572355620289 × 10^301 |
| 31 | ov_031 | 1.723914271991214 × 10^301 |
| 38 | ov_038 | 1.9051790025227404 × 10^301 |
| 37 | ov_037 | 2.2413492516309969 × 10^301 |
| 36 | ov_036 | 2.620582527192142 × 10^301 |
| 35 | ov_035 | 3.046574627580829 × 10^301 |
| 34 | ov_034 | 3.523231623886322 × 10^301 |
| 33 | ov_033 | 4.054685838841513 × 10^301 |
| 30 | ov_030 | 7.787008517470616 × 10^301 |
| 29 | ov_029 | 2.5756966086616602 × 10^302 |
| 28 | ov_028 | 6.871996729536601 × 10^302 |
| 27 | ov_027 | 1.7024260818096943 × 10^303 |
| 26 | ov_026 | 3.587310109638621 × 10^303 |
| 25 | ov_025 | 6.989232102974222 × 10^303 |
| 24 | ov_024 | 1.2714091402591175 × 10^304 |
| 23 | ov_023 | 2.1726318843466408 × 10^304 |
| 22 | ov_022 | 3.514890735782102 × 10^304 |
| 21 | ov_021 | 5.42634738856319 × 10^304 |
| 20 | ov_020 | 8.05103692354436 × 10^304 |
| 19 | ov_019 | 1.1548886006846163 × 10^305 |
| 18 | ov_018 | 1.6095742194186255 × 10^305 |
| 17 | ov_017 | 2.1883419905744657 × 10^305 |
| 16 | ov_016 | 2.911976990715413 × 10^305 |
| 15 | ov_015 | 3.8028780170922233 × 10^305 |
| 14 | ov_014 | 4.885071703181528 × 10^305 |
| 13 | ov_013 | 6.184231658986059 × 10^305 |
| 12 | ov_012 | 7.727703735626475 × 10^305 |
| 11 | ov_011 | 9.544538618160502 × 10^305 |
| 10 | ov_010 | 1.1665533055341079 × 10^306 |
| 9 | ov_009 | 1.412328114034661 × 10^306 |
| 8 | ov_008 | 1.6952237162614003 × 10^306 |
| 7 | ov_007 | 2.018879165807206 × 10^306 |
| 6 | ov_006 | 2.387136239367109 × 10^306 |
| 5 | ov_005 | 2.8040502132573238 × 10^306 |
| 4 | ov_004 | 3.273902513922851 × 10^306 |
| 3 | ov_003 | 3.8012154499425285 × 10^306 |
| 2 | ov_002 | 4.390769244998007 × 10^306 |
| 1 | ov_001 | 5.0476216036832416 × 10^306 |

