# Results for E005015-O009014-F017-F018-F019-F020-F021-F022-F023-F024-F025-F026-F027-F028-F029-F030-F031-F032-F033-F034-F035-F036-F037-F038-F039-F040-F041-F042-F043-F044-F045-F046-F047-F048-F049-F050-F051-F052-F053-F054-F055-F056-F057-F058-F059-F060-F061-F062-F063-F064-F065-F066-F067-F068-F069-F070-F071-F072-F073-F074-F075-F076-F077-F078-F079-F080-F081-F082-F083-F084-F085-F086-F087-F088-F089-F090-F091-F092-F093-F094-F095-F096-F097-F098-F099-F100-F101-F102-F103-F104-F105-F106-F107-F108-F109-F110-F111-F112-F113-F114-F115-F116-F117-F118-F119-F120-F121-F122-F123-F124-F125-F126-F127-F128-F129-F130-F131-F132-F133-F134-F135-F136-F137-F138-F139-F140-F141-F142-F143-F144-F145-F146-F147-F148-F149-F150-F151-F152-F153-F154-F155-F156-F157-F158-F159-F160-F161-F162-F163-F164-F165-F166-F167-F168-F169-F170-F171-F172-F173-F174-F175-F176-F177-F178-F179-F180-F181-F182-F183-F184-F185-F186-F187-F188-F189-F190-F191-F192-F193-F194-F195-F196-F197-F198-F199-F200-F201-F202-F203-F204-F205-F206-F207-F208-F209-F210-F211-F212-F213-F214-F215-F216-F217-F218-F219-F220-F221-F222-F223-F224-F225-F226-F227-F228-F229-F230-F231-F232-F233-F234-F235-F236-F237-F238-F239-F240-F241-F242-F243-F244-F245-F246-F247-F248-F249-F250-F251-F252-F253-F254-F255-F256-F257-F258-F259-F260-F261-F262-F263-F264-F265-F266-F267-F268-F269-F270-F271-F272-F273-F274-F275-F276-F277-F278-F279-F280-F281-F282-F283-F284-F285-F286-F287-F288-F289-F290-F291-F292-F293-F294-F295-F296-F297-F298-F299-F300-F301-F302-F303-F304-F305-F306-F307-F308-F309-F310-F311-F312-F313-F314-F315-F316-F317-F318-F319-F320-F321-F322-F323-F324-F325-F326-F327-F328-F329-F330-F331-F332-F333-F334-F335-F336-F337-F338-F339-F340-F341-F342-F343-F344-F345-F346-F347-F348-F349-F350-F351-F352-F353-F354-F355-F356-F357-F358-F359-F360-F361-F362-F363-F364-F365-F366-F367-F368-F369-F370-F371-F372-F373-F374-F375-F376-F377-F378-F379-F380-F381-F382-F383-F384-F385-F386-F387-F388-F389-F390-F391-F392-F393-F394-F395-F396-F397-F398-F399-F400-F401-F402-F403-F404-F405-F406-F407-F408-F409-F410-F411-F412-F413-F414-F415-F416-F417-F418-F419-F420-F421-F422-F423-F424-F425-F426-F427-F428-F429-F430-F431-F432-F433-F434-F435-F436-F437-F438-F439-F440-F441-F442-F443-F444-F445-F446-F447-F448-F449-F450-F451-F452-F453-F454-F455-F456-F457-F458-F459-F460-F461-F462-F463-F464-F465-F466-F467-F468-F469-F470-F471-F472-F473-F474-F475-F476-F477-F478-F479-F480-F481-F482-F483-F484-F485-F486-F487-F488-F489-F490-F491-F492-F493-F494-F495-F496-F497-F498-F499-F500-F501-F502-F503-F504-F505-F506-F507-F508-F509-F510-F511-F512

## Summary

Number of input bits: 512  
Number of free input bits: 14  
Number of output bits: 160

Number of direct occurrences: 63663  
Number of assignments: 39306  
Number of operations: 19403116
(xor: 19364792,
and: 21660,
or: 16664)

Total complexity: 8.512065124055454 × 10^357

Least occurring input variable: iv_012 (4213)  
Most occurring input variable: iv_009 (4836)

Most co-occurring input variables: iv_009-iv_013 (2338)  
Least co-occurring input variables: iv_012-iv_016 (1938)

Potentially most occurring input variable: iv_005/iv_016 (5385)  
Potentially least occurring input variable: iv_002/iv_012 (4446)

Least output occurring input variable: iv_005 (64)  
Most output occurring input variable: iv_012 (86)

Most output co-occurring input variables: iv_011-iv_012 (49)  
Least output co-occurring input variables: iv_005-iv_007 (27)

Potentially most output occurring input variable: iv_013/iv_016 (96)  
Potentially least output occurring input variable: iv_001/iv_009 (65)

Least complex input bit: iv_016 (1.2445654424660693 × 10^354)  
Most complex input bit: iv_009 (1.9622020204682406 × 10^357)

Least complex output bit: aaa_76_29 (1.9312729887515018 × 10^332)  
Most complex output bit: ov_001 (1.3029853324431098 × 10^357)

Least complex input/output complexity: iv_016/aaa_76_29 (2.8237514477839387 × 10^328)  
Most complex input/output complexity: iv_009/ov_001 (3.0036429640733686 × 10^356)

## Input Bits

### Input Bits in Regular Order

| Input Bit | Complexity | Occurrences | Output Occurrences |
|:---------:|:----------:|:-----------:|:------------------:|
| iv_001 | 3.800265201209773 × 10^354 | 4608 | 68 |
| iv_002 | 1.644943137920241 × 10^355 | 4399 | 81 |
| iv_003 | 4.732186720837194 × 10^355 | 4427 | 79 |
| iv_004 | 1.029336745268945 × 10^356 | 4590 | 83 |
| iv_005 | 1.8962860079216115 × 10^357 | 4814 | 64 |
| iv_006 | 2.2791214926854377 × 10^356 | 4433 | 79 |
| iv_007 | 2.9558072533214 × 10^356 | 4376 | 76 |
| iv_008 | 3.722761947552701 × 10^356 | 4538 | 83 |
| iv_009 | 1.9622020204682406 × 10^357 | 4836 | 77 |
| iv_010 | 5.973578801226754 × 10^356 | 4535 | 86 |
| iv_011 | 7.797705940140235 × 10^356 | 4744 | 77 |
| iv_012 | 9.863892070554245 × 10^356 | 4213 | 86 |
| iv_013 | 1.2225405413593917 × 10^357 | 4603 | 77 |
| iv_016 | 1.2445654424660693 × 10^354 | 4547 | 79 |

### Input Bits Sorted by Complexity

| Input Bit | Complexity | Occurrences | Output Occurrences |
|:---------:|:----------:|:-----------:|:------------------:|
| iv_016 | 1.2445654424660693 × 10^354 | 4547 | 79 |
| iv_001 | 3.800265201209773 × 10^354 | 4608 | 68 |
| iv_002 | 1.644943137920241 × 10^355 | 4399 | 81 |
| iv_003 | 4.732186720837194 × 10^355 | 4427 | 79 |
| iv_004 | 1.029336745268945 × 10^356 | 4590 | 83 |
| iv_006 | 2.2791214926854377 × 10^356 | 4433 | 79 |
| iv_007 | 2.9558072533214 × 10^356 | 4376 | 76 |
| iv_008 | 3.722761947552701 × 10^356 | 4538 | 83 |
| iv_010 | 5.973578801226754 × 10^356 | 4535 | 86 |
| iv_011 | 7.797705940140235 × 10^356 | 4744 | 77 |
| iv_012 | 9.863892070554245 × 10^356 | 4213 | 86 |
| iv_013 | 1.2225405413593917 × 10^357 | 4603 | 77 |
| iv_005 | 1.8962860079216115 × 10^357 | 4814 | 64 |
| iv_009 | 1.9622020204682406 × 10^357 | 4836 | 77 |

### Input Bits Sorted by Occurrences

| Input Bit | Complexity | Occurrences | Output Occurrences |
|:---------:|:----------:|:-----------:|:------------------:|
| iv_012 | 9.863892070554245 × 10^356 | 4213 | 86 |
| iv_007 | 2.9558072533214 × 10^356 | 4376 | 76 |
| iv_002 | 1.644943137920241 × 10^355 | 4399 | 81 |
| iv_003 | 4.732186720837194 × 10^355 | 4427 | 79 |
| iv_006 | 2.2791214926854377 × 10^356 | 4433 | 79 |
| iv_010 | 5.973578801226754 × 10^356 | 4535 | 86 |
| iv_008 | 3.722761947552701 × 10^356 | 4538 | 83 |
| iv_016 | 1.2445654424660693 × 10^354 | 4547 | 79 |
| iv_004 | 1.029336745268945 × 10^356 | 4590 | 83 |
| iv_013 | 1.2225405413593917 × 10^357 | 4603 | 77 |
| iv_001 | 3.800265201209773 × 10^354 | 4608 | 68 |
| iv_011 | 7.797705940140235 × 10^356 | 4744 | 77 |
| iv_005 | 1.8962860079216115 × 10^357 | 4814 | 64 |
| iv_009 | 1.9622020204682406 × 10^357 | 4836 | 77 |

### Input Bits Sorted by Output Occurrences

| Input Bit | Complexity | Occurrences | Output Occurrences |
|:---------:|:----------:|:-----------:|:------------------:|
| iv_005 | 1.8962860079216115 × 10^357 | 4814 | 64 |
| iv_001 | 3.800265201209773 × 10^354 | 4608 | 68 |
| iv_007 | 2.9558072533214 × 10^356 | 4376 | 76 |
| iv_013 | 1.2225405413593917 × 10^357 | 4603 | 77 |
| iv_009 | 1.9622020204682406 × 10^357 | 4836 | 77 |
| iv_011 | 7.797705940140235 × 10^356 | 4744 | 77 |
| iv_006 | 2.2791214926854377 × 10^356 | 4433 | 79 |
| iv_016 | 1.2445654424660693 × 10^354 | 4547 | 79 |
| iv_003 | 4.732186720837194 × 10^355 | 4427 | 79 |
| iv_002 | 1.644943137920241 × 10^355 | 4399 | 81 |
| iv_004 | 1.029336745268945 × 10^356 | 4590 | 83 |
| iv_008 | 3.722761947552701 × 10^356 | 4538 | 83 |
| iv_010 | 5.973578801226754 × 10^356 | 4535 | 86 |
| iv_012 | 9.863892070554245 × 10^356 | 4213 | 86 |

## Input Bit Co-occurrences

### Input Bit Co-occurrences Sorted by Co-occurrences

| Input Bits | Co-occurrences | Potential Occurrences | Output Co-occurrences | Potential Output Occurrences |
|:----------:|:--------------:|:---------------------:|:---------------------:|:----------------------------:|
| iv_009-iv_013 | 2338 | 4763 | 30 | 94 |
| iv_004-iv_009 | 2285 | 4856 | 44 | 72 |
| iv_003-iv_009 | 2270 | 4723 | 34 | 88 |
| iv_008-iv_009 | 2259 | 4856 | 44 | 72 |
| iv_005-iv_009 | 2257 | 5136 | 34 | 73 |
| iv_001-iv_006 | 2256 | 4529 | 33 | 81 |
| iv_009-iv_011 | 2240 | 5100 | 35 | 84 |
| iv_011-iv_016 | 2240 | 4811 | 34 | 88 |
| iv_008-iv_013 | 2239 | 4663 | 39 | 82 |
| iv_010-iv_011 | 2237 | 4805 | 44 | 75 |
| iv_003-iv_013 | 2236 | 4558 | 36 | 84 |
| iv_001-iv_011 | 2225 | 4902 | 33 | 79 |
| iv_006-iv_011 | 2222 | 4733 | 39 | 78 |
| iv_003-iv_004 | 2208 | 4601 | 41 | 80 |

### Input Bit Co-occurrences Sorted by Potential Occurrences

| Input Bits | Co-occurrences | Potential Occurrences | Output Co-occurrences | Potential Output Occurrences |
|:----------:|:--------------:|:---------------------:|:---------------------:|:----------------------------:|
| iv_002-iv_012 | 2083 | 4446 | 45 | 77 |
| iv_002-iv_007 | 2161 | 4453 | 36 | 85 |
| iv_003-iv_012 | 2071 | 4498 | 44 | 77 |
| iv_007-iv_012 | 2037 | 4515 | 44 | 74 |
| iv_001-iv_006 | 2256 | 4529 | 33 | 81 |
| iv_003-iv_013 | 2236 | 4558 | 36 | 84 |
| iv_003-iv_004 | 2208 | 4601 | 41 | 80 |
| iv_008-iv_012 | 2064 | 4623 | 43 | 83 |
| iv_003-iv_008 | 2167 | 4631 | 41 | 80 |
| iv_007-iv_010 | 2139 | 4633 | 47 | 68 |
| iv_008-iv_013 | 2239 | 4663 | 39 | 82 |
| iv_012-iv_013 | 2075 | 4666 | 37 | 89 |
| iv_003-iv_007 | 2068 | 4667 | 38 | 79 |
| iv_002-iv_008 | 2127 | 4683 | 40 | 84 |

### Input Bit Output Co-occurrences Sorted by Output Co-occurrences

| Input Bits | Co-occurrences | Potential Occurrences | Output Co-occurrences | Potential Output Occurrences |
|:----------:|:--------------:|:---------------------:|:---------------------:|:----------------------------:|
| iv_004-iv_010 | 2168 | 4789 | 49 | 71 |
| iv_011-iv_012 | 2040 | 4877 | 49 | 65 |
| iv_008-iv_010 | 2076 | 4921 | 48 | 73 |
| iv_002-iv_010 | 2068 | 4798 | 47 | 73 |
| iv_007-iv_010 | 2139 | 4633 | 47 | 68 |
| iv_002-iv_004 | 2063 | 4863 | 47 | 70 |
| iv_004-iv_006 | 2017 | 4989 | 46 | 70 |
| iv_008-iv_016 | 2119 | 4847 | 46 | 70 |
| iv_002-iv_012 | 2083 | 4446 | 45 | 77 |
| iv_006-iv_012 | 1946 | 4754 | 45 | 75 |
| iv_009-iv_010 | 2202 | 4967 | 45 | 73 |
| iv_010-iv_012 | 2003 | 4742 | 45 | 82 |
| iv_006-iv_010 | 2022 | 4924 | 44 | 77 |
| iv_004-iv_008 | 2174 | 4780 | 44 | 78 |

### Input Bit Output Co-occurrences Sorted by Potential Output Occurrences

| Input Bits | Co-occurrences | Potential Occurrences | Output Co-occurrences | Potential Output Occurrences |
|:----------:|:--------------:|:---------------------:|:---------------------:|:----------------------------:|
| iv_001-iv_009 | 2121 | 5202 | 40 | 65 |
| iv_011-iv_012 | 2040 | 4877 | 49 | 65 |
| iv_007-iv_010 | 2139 | 4633 | 47 | 68 |
| iv_001-iv_005 | 2090 | 5242 | 32 | 68 |
| iv_001-iv_007 | 2133 | 4718 | 38 | 68 |
| iv_002-iv_004 | 2063 | 4863 | 47 | 70 |
| iv_004-iv_006 | 2017 | 4989 | 46 | 70 |
| iv_008-iv_016 | 2119 | 4847 | 46 | 70 |
| iv_001-iv_010 | 2139 | 4865 | 42 | 70 |
| iv_004-iv_010 | 2168 | 4789 | 49 | 71 |
| iv_007-iv_009 | 2096 | 5020 | 41 | 71 |
| iv_004-iv_009 | 2285 | 4856 | 44 | 72 |
| iv_008-iv_009 | 2259 | 4856 | 44 | 72 |
| iv_009-iv_016 | 2142 | 5099 | 42 | 72 |

## Output Bits

### Output Bits in Regular Order

| Rank | Output Bit | Complexity |
|:----:|:----------:|:----------:|
| 1 | ov_001 | 1.3029853324431098 × 10^357 |
| 2 | ov_002 | 1.1377641164046759 × 10^357 |
| 3 | ov_003 | 9.8927131094118 × 10^356 |
| 4 | ov_004 | 8.56180738586441 × 10^356 |
| 5 | ov_005 | 7.372405746894183 × 10^356 |
| 6 | ov_006 | 6.312681526811111 × 10^356 |
| 7 | ov_007 | 5.3714538281259305 × 10^356 |
| 8 | ov_008 | 4.538147251531018 × 10^356 |
| 9 | ov_009 | 3.802756713490557 × 10^356 |
| 10 | ov_010 | 3.155817026360509 × 10^356 |
| 11 | ov_011 | 2.5927270567192896 × 10^356 |
| 12 | ov_012 | 2.1091366877771313 × 10^356 |
| 13 | ov_013 | 1.6970605936554324 × 10^356 |
| 14 | ov_014 | 1.3489723059046428 × 10^356 |
| 15 | ov_015 | 1.0577920236494981 × 10^356 |
| 16 | ov_016 | 8.168768516675992 × 10^355 |
| 17 | ov_017 | 6.200131149417864 × 10^355 |
| 18 | ov_018 | 4.61410426459632 × 10^355 |
| 19 | ov_019 | 3.3569721312250123 × 10^355 |
| 20 | ov_020 | 2.37917432617041 × 10^355 |
| 21 | ov_021 | 1.6352824202760632 × 10^355 |
| 22 | ov_022 | 1.083984068536063 × 10^355 |
| 23 | ov_023 | 6.880726695796734 × 10^354 |
| 24 | ov_024 | 4.144410382272618 × 10^354 |
| 25 | ov_025 | 2.3407781331631886 × 10^354 |
| 26 | ov_026 | 1.220656002489237 × 10^354 |
| 27 | ov_027 | 5.7580116946299576 × 10^353 |
| 28 | ov_028 | 2.388985651386471 × 10^353 |
| 29 | ov_029 | 8.355978459587227 × 10^352 |
| 30 | ov_030 | 2.2955025497292405 × 10^352 |
| 31 | ov_031 | 4.4813999727074033 × 10^351 |
| 32 | lv_80_m31 | 8.747607687958537 × 10^350 |
| 33 | ov_033 | 1.083064027611766 × 10^352 |
| 34 | ov_034 | 9.4628508802815 × 10^351 |
| 35 | ov_035 | 8.23458417766715 × 10^351 |
| 36 | ov_036 | 7.13458616263983 × 10^351 |
| 37 | ov_037 | 6.152229265549283 × 10^351 |
| 38 | ov_038 | 5.277468496641642 × 10^351 |
| 39 | ov_039 | 4.5008030394309744 × 10^351 |
| 40 | ov_040 | 3.8132428093739633 × 10^351 |
| 41 | ov_041 | 3.2062795198993795 × 10^351 |
| 42 | ov_042 | 2.671861822957222 × 10^351 |
| 43 | ov_043 | 2.2023741154531466 × 10^351 |
| 44 | ov_044 | 1.7941150996028834 × 10^351 |
| 45 | ov_045 | 1.4435883021863748 × 10^351 |
| 46 | ov_046 | 1.1474952629962218 × 10^351 |
| 47 | ov_047 | 8.998117355967439 × 10^350 |
| 48 | ov_048 | 6.948855472243943 × 10^350 |
| 49 | ov_049 | 5.2743009588545606 × 10^350 |
| 50 | ov_050 | 3.925192827827817 × 10^350 |
| 51 | ov_051 | 2.855836475524105 × 10^350 |
| 52 | ov_052 | 2.0240749486138465 × 10^350 |
| 53 | ov_053 | 1.3912682193533626 × 10^350 |
| 54 | ov_054 | 9.222787756870998 × 10^349 |
| 55 | ov_055 | 5.8546204135752584 × 10^349 |
| 56 | ov_056 | 3.5266035075572676 × 10^349 |
| 57 | ov_057 | 1.9919941274922863 × 10^349 |
| 58 | ov_058 | 1.0388640720688027 × 10^349 |
| 59 | ov_059 | 4.9009065666008105 × 10^348 |
| 60 | ov_060 | 2.0335284984589584 × 10^348 |
| 61 | ov_061 | 7.112992324797608 × 10^347 |
| 62 | ov_062 | 1.95402443289955 × 10^347 |
| 63 | ov_063 | 3.814517033873609 × 10^346 |
| 64 | lv_79_m31 | 7.445073963440051 × 10^345 |
| 65 | ov_065 | 9.134725785475877 × 10^346 |
| 66 | ov_066 | 9.134679678741435 × 10^346 |
| 67 | ov_067 | 9.134668498165524 × 10^346 |
| 68 | ov_068 | 7.973834875656507 × 10^346 |
| 69 | ov_069 | 6.929656262517979 × 10^346 |
| 70 | ov_070 | 5.993429864391425 × 10^346 |
| 71 | ov_071 | 5.156942416247123 × 10^346 |
| 72 | ov_072 | 4.412435019811851 × 10^346 |
| 73 | ov_073 | 3.752572167075776 × 10^346 |
| 74 | ov_074 | 3.1704145456283716 × 10^346 |
| 75 | ov_075 | 2.65939528763204 × 10^346 |
| 76 | ov_076 | 2.2132994305624134 × 10^346 |
| 77 | ov_077 | 1.8262463758504706 × 10^346 |
| 78 | ov_078 | 1.4926750664082279 × 10^346 |
| 79 | ov_079 | 1.2073315820244082 × 10^346 |
| 80 | ov_080 | 9.652588703728985 × 10^345 |
| 81 | ov_081 | 7.617883497531194 × 10^345 |
| 82 | ov_082 | 5.92533137762495 × 10^345 |
| 83 | ov_083 | 4.533826779582648 × 10^345 |
| 84 | ov_084 | 3.404985542578328 × 10^345 |
| 85 | ov_085 | 2.503113004014508 × 10^345 |
| 86 | ov_086 | 1.795180292950487 × 10^345 |
| 87 | ov_087 | 1.2508072449223825 × 10^345 |
| 88 | ov_088 | 8.422505348302364 × 10^344 |
| 89 | ov_089 | 5.4439579846135223 × 10^344 |
| 90 | ov_090 | 3.347526870104487 × 10^344 |
| 91 | ov_091 | 1.9345197270338072 × 10^344 |
| 92 | ov_092 | 1.0324399735970873 × 10^344 |
| 93 | ov_093 | 4.949792798299726 × 10^343 |
| 94 | ov_094 | 2.020144707162737 × 10^343 |
| 95 | aaa_78_28 | 5.960646561263075 × 10^342 |
| 96 | aaa_78_29 | 2.0127172271311474 × 10^342 |
| 97 | ov_097 | 1.3759738953865432 × 10^342 |
| 98 | ov_098 | 1.375970124807072 × 10^342 |
| 99 | ov_099 | 1.3759692119534883 × 10^342 |
| 100 | ov_100 | 1.2008950481386836 × 10^342 |
| 101 | ov_101 | 1.0436876228794468 × 10^342 |
| 102 | ov_102 | 9.029283895773243 × 10^341 |
| 103 | ov_103 | 7.77278322514093 × 10^341 |
| 104 | ov_104 | 6.654725633950678 × 10^341 |
| 105 | ov_105 | 5.663157136763032 × 10^341 |
| 106 | ov_106 | 4.7867769494761 × 10^341 |
| 107 | ov_107 | 4.0149010805201376 × 10^341 |
| 108 | ov_108 | 3.337430377525256 × 10^341 |
| 109 | ov_109 | 2.744822650149359 × 10^341 |
| 110 | ov_110 | 2.2324428036503962 × 10^341 |
| 111 | ov_111 | 1.7959165869494998 × 10^341 |
| 112 | ov_112 | 1.4272415604581655 × 10^341 |
| 113 | ov_113 | 1.1188954518757446 × 10^341 |
| 114 | ov_114 | 8.638242858427844 × 10^340 |
| 115 | ov_115 | 6.55432944955553 × 10^340 |
| 116 | ov_116 | 4.875778655425444 × 10^340 |
| 117 | ov_117 | 3.545615294028705 × 10^340 |
| 118 | ov_118 | 2.511284223281597 × 10^340 |
| 119 | ov_119 | 1.7246216465611592 × 10^340 |
| 120 | ov_120 | 1.1418355347940178 × 10^340 |
| 121 | ov_121 | 7.234929048090648 × 10^339 |
| 122 | ov_122 | 4.3451203699364405 × 10^339 |
| 123 | ov_123 | 2.4415805855407927 × 10^339 |
| 124 | ov_124 | 1.260406604758931 × 10^339 |
| 125 | ov_125 | 5.811304814039135 × 10^338 |
| 126 | ov_126 | 2.2671526942762974 × 10^338 |
| 127 | aaa_77_28 | 6.355368685892486 × 10^337 |
| 128 | aaa_77_29 | 1.9342095387279106 × 10^337 |
| 129 | ov_129 | 1.1527972463412111 × 10^337 |
| 130 | ov_130 | 1.1527934760085654 × 10^337 |
| 131 | ov_131 | 1.1527925614832722 × 10^337 |
| 132 | ov_132 | 1.0060143922747626 × 10^337 |
| 133 | ov_133 | 8.751435551602486 × 10^336 |
| 134 | ov_134 | 7.587714216356688 × 10^336 |
| 135 | ov_135 | 6.55569549523417 × 10^336 |
| 136 | ov_136 | 5.642841911786769 × 10^336 |
| 137 | ov_137 | 4.837314061070891 × 10^336 |
| 138 | ov_138 | 4.127927201650204 × 10^336 |
| 139 | ov_139 | 3.5041129002403804 × 10^336 |
| 140 | ov_140 | 2.955885383159224 × 10^336 |
| 141 | ov_141 | 2.4738122682529596 × 10^336 |
| 142 | ov_142 | 2.0489893698135175 × 10^336 |
| 143 | ov_143 | 1.6770937399557546 × 10^336 |
| 144 | ov_144 | 1.3540509260312263 × 10^336 |
| 145 | ov_145 | 1.0760268665656774 × 10^336 |
| 146 | ov_146 | 8.394213289408389 × 10^335 |
| 147 | ov_147 | 6.40862697900257 × 10^335 |
| 148 | ov_148 | 4.772039124169014 × 10^335 |
| 149 | ov_149 | 3.4551936530109905 × 10^335 |
| 150 | ov_150 | 2.4310259670087608 × 10^335 |
| 151 | ov_151 | 1.6519197638710842 × 10^335 |
| 152 | ov_152 | 1.074577519036061 × 10^335 |
| 153 | ov_153 | 6.600079271333472 × 10^334 |
| 154 | ov_154 | 3.735182017827357 × 10^334 |
| 155 | ov_155 | 1.8470968566292866 × 10^334 |
| 156 | aaa_76_25 | 6.747561601333824 × 10^333 |
| 157 | aaa_76_26 | 3.5242724496180147 × 10^333 |
| 158 | aaa_76_27 | 1.624513694637484 × 10^333 |
| 159 | aaa_76_28 | 6.336547579579593 × 10^332 |
| 160 | aaa_76_29 | 1.9312729887515018 × 10^332 |

### Output Bits Sorted by Complexity

| Rank | Output Bit | Complexity |
|:----:|:----------:|:----------:|
| 160 | aaa_76_29 | 1.9312729887515018 × 10^332 |
| 159 | aaa_76_28 | 6.336547579579593 × 10^332 |
| 158 | aaa_76_27 | 1.624513694637484 × 10^333 |
| 157 | aaa_76_26 | 3.5242724496180147 × 10^333 |
| 156 | aaa_76_25 | 6.747561601333824 × 10^333 |
| 155 | ov_155 | 1.8470968566292866 × 10^334 |
| 154 | ov_154 | 3.735182017827357 × 10^334 |
| 153 | ov_153 | 6.600079271333472 × 10^334 |
| 152 | ov_152 | 1.074577519036061 × 10^335 |
| 151 | ov_151 | 1.6519197638710842 × 10^335 |
| 150 | ov_150 | 2.4310259670087608 × 10^335 |
| 149 | ov_149 | 3.4551936530109905 × 10^335 |
| 148 | ov_148 | 4.772039124169014 × 10^335 |
| 147 | ov_147 | 6.40862697900257 × 10^335 |
| 146 | ov_146 | 8.394213289408389 × 10^335 |
| 145 | ov_145 | 1.0760268665656774 × 10^336 |
| 144 | ov_144 | 1.3540509260312263 × 10^336 |
| 143 | ov_143 | 1.6770937399557546 × 10^336 |
| 142 | ov_142 | 2.0489893698135175 × 10^336 |
| 141 | ov_141 | 2.4738122682529596 × 10^336 |
| 140 | ov_140 | 2.955885383159224 × 10^336 |
| 139 | ov_139 | 3.5041129002403804 × 10^336 |
| 138 | ov_138 | 4.127927201650204 × 10^336 |
| 137 | ov_137 | 4.837314061070891 × 10^336 |
| 136 | ov_136 | 5.642841911786769 × 10^336 |
| 135 | ov_135 | 6.55569549523417 × 10^336 |
| 134 | ov_134 | 7.587714216356688 × 10^336 |
| 133 | ov_133 | 8.751435551602486 × 10^336 |
| 132 | ov_132 | 1.0060143922747626 × 10^337 |
| 131 | ov_131 | 1.1527925614832722 × 10^337 |
| 130 | ov_130 | 1.1527934760085654 × 10^337 |
| 129 | ov_129 | 1.1527972463412111 × 10^337 |
| 128 | aaa_77_29 | 1.9342095387279106 × 10^337 |
| 127 | aaa_77_28 | 6.355368685892486 × 10^337 |
| 126 | ov_126 | 2.2671526942762974 × 10^338 |
| 125 | ov_125 | 5.811304814039135 × 10^338 |
| 124 | ov_124 | 1.260406604758931 × 10^339 |
| 123 | ov_123 | 2.4415805855407927 × 10^339 |
| 122 | ov_122 | 4.3451203699364405 × 10^339 |
| 121 | ov_121 | 7.234929048090648 × 10^339 |
| 120 | ov_120 | 1.1418355347940178 × 10^340 |
| 119 | ov_119 | 1.7246216465611592 × 10^340 |
| 118 | ov_118 | 2.511284223281597 × 10^340 |
| 117 | ov_117 | 3.545615294028705 × 10^340 |
| 116 | ov_116 | 4.875778655425444 × 10^340 |
| 115 | ov_115 | 6.55432944955553 × 10^340 |
| 114 | ov_114 | 8.638242858427844 × 10^340 |
| 113 | ov_113 | 1.1188954518757446 × 10^341 |
| 112 | ov_112 | 1.4272415604581655 × 10^341 |
| 111 | ov_111 | 1.7959165869494998 × 10^341 |
| 110 | ov_110 | 2.2324428036503962 × 10^341 |
| 109 | ov_109 | 2.744822650149359 × 10^341 |
| 108 | ov_108 | 3.337430377525256 × 10^341 |
| 107 | ov_107 | 4.0149010805201376 × 10^341 |
| 106 | ov_106 | 4.7867769494761 × 10^341 |
| 105 | ov_105 | 5.663157136763032 × 10^341 |
| 104 | ov_104 | 6.654725633950678 × 10^341 |
| 103 | ov_103 | 7.77278322514093 × 10^341 |
| 102 | ov_102 | 9.029283895773243 × 10^341 |
| 101 | ov_101 | 1.0436876228794468 × 10^342 |
| 100 | ov_100 | 1.2008950481386836 × 10^342 |
| 99 | ov_099 | 1.3759692119534883 × 10^342 |
| 98 | ov_098 | 1.375970124807072 × 10^342 |
| 97 | ov_097 | 1.3759738953865432 × 10^342 |
| 96 | aaa_78_29 | 2.0127172271311474 × 10^342 |
| 95 | aaa_78_28 | 5.960646561263075 × 10^342 |
| 94 | ov_094 | 2.020144707162737 × 10^343 |
| 93 | ov_093 | 4.949792798299726 × 10^343 |
| 92 | ov_092 | 1.0324399735970873 × 10^344 |
| 91 | ov_091 | 1.9345197270338072 × 10^344 |
| 90 | ov_090 | 3.347526870104487 × 10^344 |
| 89 | ov_089 | 5.4439579846135223 × 10^344 |
| 88 | ov_088 | 8.422505348302364 × 10^344 |
| 87 | ov_087 | 1.2508072449223825 × 10^345 |
| 86 | ov_086 | 1.795180292950487 × 10^345 |
| 85 | ov_085 | 2.503113004014508 × 10^345 |
| 84 | ov_084 | 3.404985542578328 × 10^345 |
| 83 | ov_083 | 4.533826779582648 × 10^345 |
| 82 | ov_082 | 5.92533137762495 × 10^345 |
| 64 | lv_79_m31 | 7.445073963440051 × 10^345 |
| 81 | ov_081 | 7.617883497531194 × 10^345 |
| 80 | ov_080 | 9.652588703728985 × 10^345 |
| 79 | ov_079 | 1.2073315820244082 × 10^346 |
| 78 | ov_078 | 1.4926750664082279 × 10^346 |
| 77 | ov_077 | 1.8262463758504706 × 10^346 |
| 76 | ov_076 | 2.2132994305624134 × 10^346 |
| 75 | ov_075 | 2.65939528763204 × 10^346 |
| 74 | ov_074 | 3.1704145456283716 × 10^346 |
| 73 | ov_073 | 3.752572167075776 × 10^346 |
| 63 | ov_063 | 3.814517033873609 × 10^346 |
| 72 | ov_072 | 4.412435019811851 × 10^346 |
| 71 | ov_071 | 5.156942416247123 × 10^346 |
| 70 | ov_070 | 5.993429864391425 × 10^346 |
| 69 | ov_069 | 6.929656262517979 × 10^346 |
| 68 | ov_068 | 7.973834875656507 × 10^346 |
| 67 | ov_067 | 9.134668498165524 × 10^346 |
| 66 | ov_066 | 9.134679678741435 × 10^346 |
| 65 | ov_065 | 9.134725785475877 × 10^346 |
| 62 | ov_062 | 1.95402443289955 × 10^347 |
| 61 | ov_061 | 7.112992324797608 × 10^347 |
| 60 | ov_060 | 2.0335284984589584 × 10^348 |
| 59 | ov_059 | 4.9009065666008105 × 10^348 |
| 58 | ov_058 | 1.0388640720688027 × 10^349 |
| 57 | ov_057 | 1.9919941274922863 × 10^349 |
| 56 | ov_056 | 3.5266035075572676 × 10^349 |
| 55 | ov_055 | 5.8546204135752584 × 10^349 |
| 54 | ov_054 | 9.222787756870998 × 10^349 |
| 53 | ov_053 | 1.3912682193533626 × 10^350 |
| 52 | ov_052 | 2.0240749486138465 × 10^350 |
| 51 | ov_051 | 2.855836475524105 × 10^350 |
| 50 | ov_050 | 3.925192827827817 × 10^350 |
| 49 | ov_049 | 5.2743009588545606 × 10^350 |
| 48 | ov_048 | 6.948855472243943 × 10^350 |
| 32 | lv_80_m31 | 8.747607687958537 × 10^350 |
| 47 | ov_047 | 8.998117355967439 × 10^350 |
| 46 | ov_046 | 1.1474952629962218 × 10^351 |
| 45 | ov_045 | 1.4435883021863748 × 10^351 |
| 44 | ov_044 | 1.7941150996028834 × 10^351 |
| 43 | ov_043 | 2.2023741154531466 × 10^351 |
| 42 | ov_042 | 2.671861822957222 × 10^351 |
| 41 | ov_041 | 3.2062795198993795 × 10^351 |
| 40 | ov_040 | 3.8132428093739633 × 10^351 |
| 31 | ov_031 | 4.4813999727074033 × 10^351 |
| 39 | ov_039 | 4.5008030394309744 × 10^351 |
| 38 | ov_038 | 5.277468496641642 × 10^351 |
| 37 | ov_037 | 6.152229265549283 × 10^351 |
| 36 | ov_036 | 7.13458616263983 × 10^351 |
| 35 | ov_035 | 8.23458417766715 × 10^351 |
| 34 | ov_034 | 9.4628508802815 × 10^351 |
| 33 | ov_033 | 1.083064027611766 × 10^352 |
| 30 | ov_030 | 2.2955025497292405 × 10^352 |
| 29 | ov_029 | 8.355978459587227 × 10^352 |
| 28 | ov_028 | 2.388985651386471 × 10^353 |
| 27 | ov_027 | 5.7580116946299576 × 10^353 |
| 26 | ov_026 | 1.220656002489237 × 10^354 |
| 25 | ov_025 | 2.3407781331631886 × 10^354 |
| 24 | ov_024 | 4.144410382272618 × 10^354 |
| 23 | ov_023 | 6.880726695796734 × 10^354 |
| 22 | ov_022 | 1.083984068536063 × 10^355 |
| 21 | ov_021 | 1.6352824202760632 × 10^355 |
| 20 | ov_020 | 2.37917432617041 × 10^355 |
| 19 | ov_019 | 3.3569721312250123 × 10^355 |
| 18 | ov_018 | 4.61410426459632 × 10^355 |
| 17 | ov_017 | 6.200131149417864 × 10^355 |
| 16 | ov_016 | 8.168768516675992 × 10^355 |
| 15 | ov_015 | 1.0577920236494981 × 10^356 |
| 14 | ov_014 | 1.3489723059046428 × 10^356 |
| 13 | ov_013 | 1.6970605936554324 × 10^356 |
| 12 | ov_012 | 2.1091366877771313 × 10^356 |
| 11 | ov_011 | 2.5927270567192896 × 10^356 |
| 10 | ov_010 | 3.155817026360509 × 10^356 |
| 9 | ov_009 | 3.802756713490557 × 10^356 |
| 8 | ov_008 | 4.538147251531018 × 10^356 |
| 7 | ov_007 | 5.3714538281259305 × 10^356 |
| 6 | ov_006 | 6.312681526811111 × 10^356 |
| 5 | ov_005 | 7.372405746894183 × 10^356 |
| 4 | ov_004 | 8.56180738586441 × 10^356 |
| 3 | ov_003 | 9.8927131094118 × 10^356 |
| 2 | ov_002 | 1.1377641164046759 × 10^357 |
| 1 | ov_001 | 1.3029853324431098 × 10^357 |

