# Results for F001-F002-F003-F004-F005-F006-F007-F008-F009-F010-F011-F012-F013-F014-F015-F016-F017-F018-F019-F020-F021-F022-F023-F024-F025-F026-F027-F028-F029-F030-F031-F032-F033-F034-F035-F036-F037-F038-F039-F040-F041-F042-F043-F044-F045-F046-F047-F048-F049-F050-F051-F052-F053-F054-F055-F056-F057-F058-F059-F060-F061-F062-F063-F064-F065-F066-F067-F068-F069-F070-F071-F072-F073-F074-F075-F076-F077-F078-F079-F080-F081-F082-F083-F084-F085-F086-F087-F088-F089-F090-F091-F092-F093-F094-F095-F096-F097-F098-F099-F100-F101-F102-F103-F104-F105-F106-F107-F108-F109-F110-F111-F112-F113-F114-F115-F116-F117-F118-F119-F120-F121-F122-F123-F124-F125-F126-F127-F128-F129-F130-F131-F132-F133-F134-F135-F136-F137-F138-F139-F140-F141-F142-F143-F144-F145-F146-F147-F148-F149-F150-F151-F152-F153-F154-F155-F156-F157-F158-F159-F160-F161-F162-F163-F164-F165-F166-F167-F168-F169-F170-F171-F172-F173-F174-F175-F176-F177-F178-F179-F180-F181-F182-F183-F184-F185-F186-F187-F188-F189-F190-F191-F192-F193-F194-F195-F196-F197-F198-F199-F200-F201-F202-F203-F204-F205-F206-F207-F208-F209-F210-F211-F212-F213-F214-F215-F216-F217-F218-F219-F220-F221-F222-F223-F224-F225-F226-F227-F228-F229-F230-F231-F232-F233-F234-F235-F236-F237-F238-F239-F240-F241-F242-F243-F244-F245-F246-F247-F248-F249-F250-F251-F252-F253-F254-F255-F256-F257-F258-F259-F260-F261-F262-F263-F264-F265-F266-F267-F268-F269-F270-F271-F272-F273-F274-F275-F276-F277-F278-F279-F280-F281-F282-F283-F284-F285-F286-F287-F288-F289-F290-F291-F292-F293-F294-F295-F296-F297-F298-F299-F300-F301-F302-F303-F304-F305-F306-F307-F308-F309-F310-F311-F312-F313-F314-F315-F316-F317-F318-F319-F320-F321-F322-F323-F324-F325-F326-F327-F328-F329-F330-F331-F332-F333-F334-F335-F336-F337-F338-F339-F340-F341-F342-F343-F344-F345-F346-F347-F348-F349-F350-F351-F352-F353-F354-F355-F356-F357-F358-F359-F360-F361-F362-F363-F364-F365-F366-F367-F368-F369-F370-F371-F372-F373-F374-F375-F376-F377-F378-F379-F380-F381-F382-F383-F384-F385-F386-F387-F388-F389-F390-F391-F392-F393-F394-F395-F396-F397-F398-F399-F400-F401-F402-F403-F404-F405-F406-F407-F408-F409-F410-F411-F412-F413-F414-F415-F416-F417-F418-F419-F420-F421-F422-F423-F424-F425-F426-F427-F428-F429-F430-F431-F432-F433-F434-F435-F436-F437-F438-F439-F440-F441-F442-F443-F444-F445-F446-F447-F448-F449-F450-F451-F452-F453-F454-F455-F456-F457-F458-F459-F460-F461-F462-F463-F464-F465-F466-F467-F468-F469-F470-F471-F472-F473-F474-F475-F476-F477-F478-F479-F480-F481-F482-F483-F484-F485-F486-F487-F488-F489-F490-F491-F492-F493-F494-F495-F496-F509-F512

## Summary

Number of input bits: 512  
Number of free input bits: 14  
Number of output bits: 160

Number of direct occurrences: 57222  
Number of assignments: 31767  
Number of operations: 11207864
(xor: 11179499,
and: 14821,
or: 13544)

Total complexity: 7.679220049573137 × 10^300

Least occurring input variable: iv_502 (3897)  
Most occurring input variable: iv_510 (4278)

Most co-occurring input variables: iv_500-iv_511 (2081)  
Least co-occurring input variables: iv_498-iv_502 (1768)

Potentially most occurring input variable: iv_507/iv_510 (4523)  
Potentially least occurring input variable: iv_499/iv_508 (4092)

Least output occurring input variable: iv_510 (74)  
Most output occurring input variable: iv_497 (93)

Most output co-occurring input variables: iv_497-iv_502 (52)  
Least output co-occurring input variables: iv_502-iv_503 (32)

Potentially most output occurring input variable: iv_502/iv_503 (96)  
Potentially least output occurring input variable: iv_505/iv_507 (61)

Least complex input bit: iv_511 (4.440505501581268 × 10^297)  
Most complex input bit: iv_510 (1.4867578222220278 × 10^300)

Least complex output bit: aaa_76_29 (1.355234703314306 × 10^276)  
Most complex output bit: ov_001 (1.2005403628976052 × 10^300)

Least complex input/output complexity: iv_511/aaa_76_29 (7.836638509057372 × 10^272)  
Most complex input/output complexity: iv_510/ov_001 (2.324341227245468 × 10^299)

## Input Bits

### Input Bits in Regular Order

| Input Bit | Complexity | Occurrences | Output Occurrences |
|:---------:|:----------:|:-----------:|:------------------:|
| iv_497 | 2.0874245092522134 × 10^298 | 4146 | 93 |
| iv_498 | 4.1605912863099224 × 10^298 | 3945 | 88 |
| iv_499 | 7.323769722103627 × 10^298 | 3958 | 81 |
| iv_500 | 1.2321403705162673 × 10^299 | 4124 | 76 |
| iv_501 | 2.0708940425789 × 10^299 | 4093 | 83 |
| iv_502 | 3.3644606042998143 × 10^299 | 3897 | 82 |
| iv_503 | 5.341756452685651 × 10^299 | 4163 | 78 |
| iv_504 | 8.303997867496449 × 10^299 | 3938 | 78 |
| iv_505 | 1.2677223025533102 × 10^300 | 4130 | 79 |
| iv_506 | 6.354469313840733 × 10^299 | 3966 | 82 |
| iv_507 | 9.10182577215365 × 10^299 | 4193 | 76 |
| iv_508 | 1.2076271217624271 × 10^300 | 4156 | 86 |
| iv_510 | 1.4867578222220278 × 10^300 | 4278 | 74 |
| iv_511 | 4.440505501581268 × 10^297 | 4235 | 80 |

### Input Bits Sorted by Complexity

| Input Bit | Complexity | Occurrences | Output Occurrences |
|:---------:|:----------:|:-----------:|:------------------:|
| iv_511 | 4.440505501581268 × 10^297 | 4235 | 80 |
| iv_497 | 2.0874245092522134 × 10^298 | 4146 | 93 |
| iv_498 | 4.1605912863099224 × 10^298 | 3945 | 88 |
| iv_499 | 7.323769722103627 × 10^298 | 3958 | 81 |
| iv_500 | 1.2321403705162673 × 10^299 | 4124 | 76 |
| iv_501 | 2.0708940425789 × 10^299 | 4093 | 83 |
| iv_502 | 3.3644606042998143 × 10^299 | 3897 | 82 |
| iv_503 | 5.341756452685651 × 10^299 | 4163 | 78 |
| iv_506 | 6.354469313840733 × 10^299 | 3966 | 82 |
| iv_504 | 8.303997867496449 × 10^299 | 3938 | 78 |
| iv_507 | 9.10182577215365 × 10^299 | 4193 | 76 |
| iv_508 | 1.2076271217624271 × 10^300 | 4156 | 86 |
| iv_505 | 1.2677223025533102 × 10^300 | 4130 | 79 |
| iv_510 | 1.4867578222220278 × 10^300 | 4278 | 74 |

### Input Bits Sorted by Occurrences

| Input Bit | Complexity | Occurrences | Output Occurrences |
|:---------:|:----------:|:-----------:|:------------------:|
| iv_502 | 3.3644606042998143 × 10^299 | 3897 | 82 |
| iv_504 | 8.303997867496449 × 10^299 | 3938 | 78 |
| iv_498 | 4.1605912863099224 × 10^298 | 3945 | 88 |
| iv_499 | 7.323769722103627 × 10^298 | 3958 | 81 |
| iv_506 | 6.354469313840733 × 10^299 | 3966 | 82 |
| iv_501 | 2.0708940425789 × 10^299 | 4093 | 83 |
| iv_500 | 1.2321403705162673 × 10^299 | 4124 | 76 |
| iv_505 | 1.2677223025533102 × 10^300 | 4130 | 79 |
| iv_497 | 2.0874245092522134 × 10^298 | 4146 | 93 |
| iv_508 | 1.2076271217624271 × 10^300 | 4156 | 86 |
| iv_503 | 5.341756452685651 × 10^299 | 4163 | 78 |
| iv_507 | 9.10182577215365 × 10^299 | 4193 | 76 |
| iv_511 | 4.440505501581268 × 10^297 | 4235 | 80 |
| iv_510 | 1.4867578222220278 × 10^300 | 4278 | 74 |

### Input Bits Sorted by Output Occurrences

| Input Bit | Complexity | Occurrences | Output Occurrences |
|:---------:|:----------:|:-----------:|:------------------:|
| iv_510 | 1.4867578222220278 × 10^300 | 4278 | 74 |
| iv_500 | 1.2321403705162673 × 10^299 | 4124 | 76 |
| iv_507 | 9.10182577215365 × 10^299 | 4193 | 76 |
| iv_503 | 5.341756452685651 × 10^299 | 4163 | 78 |
| iv_504 | 8.303997867496449 × 10^299 | 3938 | 78 |
| iv_505 | 1.2677223025533102 × 10^300 | 4130 | 79 |
| iv_511 | 4.440505501581268 × 10^297 | 4235 | 80 |
| iv_499 | 7.323769722103627 × 10^298 | 3958 | 81 |
| iv_502 | 3.3644606042998143 × 10^299 | 3897 | 82 |
| iv_506 | 6.354469313840733 × 10^299 | 3966 | 82 |
| iv_501 | 2.0708940425789 × 10^299 | 4093 | 83 |
| iv_508 | 1.2076271217624271 × 10^300 | 4156 | 86 |
| iv_498 | 4.1605912863099224 × 10^298 | 3945 | 88 |
| iv_497 | 2.0874245092522134 × 10^298 | 4146 | 93 |

## Input Bit Co-occurrences

### Input Bit Co-occurrences Sorted by Co-occurrences

| Input Bits | Co-occurrences | Potential Occurrences | Output Co-occurrences | Potential Output Occurrences |
|:----------:|:--------------:|:---------------------:|:---------------------:|:----------------------------:|
| iv_500-iv_511 | 2081 | 4197 | 38 | 80 |
| iv_510-iv_511 | 2075 | 4363 | 39 | 76 |
| iv_508-iv_511 | 2072 | 4247 | 43 | 80 |
| iv_507-iv_508 | 2070 | 4209 | 44 | 74 |
| iv_500-iv_510 | 2060 | 4282 | 38 | 74 |
| iv_505-iv_510 | 2058 | 4292 | 34 | 85 |
| iv_497-iv_507 | 2050 | 4239 | 44 | 81 |
| iv_508-iv_510 | 2049 | 4336 | 36 | 88 |
| iv_501-iv_511 | 2034 | 4260 | 39 | 85 |
| iv_503-iv_508 | 2033 | 4253 | 42 | 80 |
| iv_500-iv_508 | 2030 | 4220 | 38 | 86 |
| iv_503-iv_510 | 2028 | 4385 | 38 | 76 |
| iv_503-iv_511 | 2027 | 4344 | 37 | 84 |
| iv_501-iv_505 | 2025 | 4173 | 50 | 62 |

### Input Bit Co-occurrences Sorted by Potential Occurrences

| Input Bits | Co-occurrences | Potential Occurrences | Output Co-occurrences | Potential Output Occurrences |
|:----------:|:--------------:|:---------------------:|:---------------------:|:----------------------------:|
| iv_499-iv_508 | 2011 | 4092 | 46 | 75 |
| iv_504-iv_508 | 1990 | 4114 | 43 | 78 |
| iv_504-iv_506 | 1878 | 4148 | 42 | 76 |
| iv_502-iv_505 | 1937 | 4153 | 43 | 75 |
| iv_499-iv_504 | 1868 | 4160 | 38 | 83 |
| iv_506-iv_507 | 1997 | 4165 | 39 | 80 |
| iv_501-iv_505 | 2025 | 4173 | 50 | 62 |
| iv_499-iv_501 | 1932 | 4187 | 44 | 76 |
| iv_498-iv_504 | 1847 | 4189 | 46 | 74 |
| iv_502-iv_508 | 1931 | 4191 | 41 | 86 |
| iv_500-iv_511 | 2081 | 4197 | 38 | 80 |
| iv_497-iv_506 | 1955 | 4202 | 51 | 73 |
| iv_506-iv_508 | 1958 | 4206 | 48 | 72 |
| iv_507-iv_508 | 2070 | 4209 | 44 | 74 |

### Input Bit Output Co-occurrences Sorted by Output Co-occurrences

| Input Bits | Co-occurrences | Potential Occurrences | Output Co-occurrences | Potential Output Occurrences |
|:----------:|:--------------:|:---------------------:|:---------------------:|:----------------------------:|
| iv_497-iv_502 | 1905 | 4233 | 52 | 71 |
| iv_497-iv_506 | 1955 | 4202 | 51 | 73 |
| iv_501-iv_505 | 2025 | 4173 | 50 | 62 |
| iv_497-iv_504 | 1929 | 4226 | 50 | 71 |
| iv_497-iv_498 | 1893 | 4305 | 50 | 81 |
| iv_497-iv_503 | 1992 | 4325 | 49 | 73 |
| iv_498-iv_499 | 1833 | 4237 | 48 | 73 |
| iv_498-iv_501 | 1873 | 4292 | 48 | 75 |
| iv_506-iv_508 | 1958 | 4206 | 48 | 72 |
| iv_497-iv_501 | 2008 | 4223 | 48 | 80 |
| iv_498-iv_508 | 1943 | 4215 | 47 | 80 |
| iv_505-iv_507 | 1948 | 4427 | 47 | 61 |
| iv_497-iv_511 | 2010 | 4361 | 47 | 79 |
| iv_498-iv_502 | 1768 | 4306 | 46 | 78 |

### Input Bit Output Co-occurrences Sorted by Potential Output Occurrences

| Input Bits | Co-occurrences | Potential Occurrences | Output Co-occurrences | Potential Output Occurrences |
|:----------:|:--------------:|:---------------------:|:---------------------:|:----------------------------:|
| iv_505-iv_507 | 1948 | 4427 | 47 | 61 |
| iv_501-iv_505 | 2025 | 4173 | 50 | 62 |
| iv_497-iv_504 | 1929 | 4226 | 50 | 71 |
| iv_497-iv_502 | 1905 | 4233 | 52 | 71 |
| iv_502-iv_511 | 1924 | 4284 | 45 | 72 |
| iv_506-iv_508 | 1958 | 4206 | 48 | 72 |
| iv_498-iv_499 | 1833 | 4237 | 48 | 73 |
| iv_499-iv_500 | 1899 | 4284 | 42 | 73 |
| iv_497-iv_503 | 1992 | 4325 | 49 | 73 |
| iv_497-iv_506 | 1955 | 4202 | 51 | 73 |
| iv_498-iv_504 | 1847 | 4189 | 46 | 74 |
| iv_500-iv_510 | 2060 | 4282 | 38 | 74 |
| iv_502-iv_507 | 1903 | 4284 | 42 | 74 |
| iv_507-iv_508 | 2070 | 4209 | 44 | 74 |

## Output Bits

### Output Bits in Regular Order

| Rank | Output Bit | Complexity |
|:----:|:----------:|:----------:|
| 1 | ov_001 | 1.2005403628976052 × 10^300 |
| 2 | ov_002 | 1.0446683293946146 × 10^300 |
| 3 | ov_003 | 9.04730088080697 × 10^299 |
| 4 | ov_004 | 7.795308591370298 × 10^299 |
| 5 | ov_005 | 6.679412951512033 × 10^299 |
| 6 | ov_006 | 5.688928409636519 × 10^299 |
| 7 | ov_007 | 4.8137369476375395 × 10^299 |
| 8 | ov_008 | 4.044253236202875 × 10^299 |
| 9 | ov_009 | 3.3713948251868074 × 10^299 |
| 10 | ov_010 | 2.7865568535021317 × 10^299 |
| 11 | ov_011 | 2.281590791759095 × 10^299 |
| 12 | ov_012 | 1.8487867589159091 × 10^299 |
| 13 | ov_013 | 1.4808589816537336 × 10^299 |
| 14 | ov_014 | 1.1709339921758095 × 10^299 |
| 15 | ov_015 | 9.125411867632932 × 10^298 |
| 16 | ov_016 | 6.996053937881503 × 10^298 |
| 17 | ov_017 | 5.264411260585821 × 10^298 |
| 18 | ov_018 | 3.877482184119573 × 10^298 |
| 19 | ov_019 | 2.78608577417873 × 10^298 |
| 20 | ov_020 | 1.9448380816450292 × 10^298 |
| 21 | ov_021 | 1.3121353339702998 × 10^298 |
| 22 | ov_022 | 8.501424610431052 × 10^297 |
| 23 | ov_023 | 5.247854540256785 × 10^297 |
| 24 | ov_024 | 3.057463968858554 × 10^297 |
| 25 | ov_025 | 1.6646042539953692 × 10^297 |
| 26 | ov_026 | 8.411406082385615 × 10^296 |
| 27 | ov_027 | 3.964442559879436 × 10^296 |
| 28 | ov_028 | 1.773893397860715 × 10^296 |
| 29 | ov_029 | 6.835192407850381 × 10^295 |
| 30 | ov_030 | 2.0895469808919904 × 10^295 |
| 31 | ov_031 | 4.0755800333958797 × 10^294 |
| 32 | lv_80_m31 | 7.947802745286632 × 10^293 |
| 33 | ov_033 | 9.566471239687928 × 10^294 |
| 34 | ov_034 | 8.307797636539211 × 10^294 |
| 35 | ov_035 | 7.179932031549274 × 10^294 |
| 36 | ov_036 | 6.172618098215351 × 10^294 |
| 37 | ov_037 | 5.2761591631667743 × 10^294 |
| 38 | ov_038 | 4.481378888578826 × 10^294 |
| 39 | ov_039 | 3.779587116716337 × 10^294 |
| 40 | ov_040 | 3.1625503868255875 × 10^294 |
| 41 | ov_041 | 2.6224666644601385 × 10^294 |
| 42 | ov_042 | 2.1555398794979403 × 10^294 |
| 43 | ov_043 | 1.7547697567905776 × 10^294 |
| 44 | ov_044 | 1.4135327276875172 × 10^294 |
| 45 | ov_045 | 1.1255694568697207 × 10^294 |
| 46 | ov_046 | 8.849746820465837 × 10^293 |
| 47 | ov_047 | 6.861890593207504 × 10^293 |
| 48 | ov_048 | 5.239927295100018 × 10^293 |
| 49 | ov_049 | 3.935003426931749 × 10^293 |
| 50 | ov_050 | 2.9015729981930874 × 10^293 |
| 51 | ov_051 | 2.097369914754044 × 10^293 |
| 52 | ov_052 | 1.4833883492604445 × 10^293 |
| 53 | ov_053 | 1.023869313835133 × 10^293 |
| 54 | ov_054 | 6.862918619411757 × 10^292 |
| 55 | ov_055 | 4.413675527754158 × 10^292 |
| 56 | ov_056 | 2.7525976484206096 × 10^292 |
| 57 | ov_057 | 1.6513627673969514 × 10^292 |
| 58 | ov_058 | 9.139083198507894 × 10^291 |
| 59 | ov_059 | 4.502669509122196 × 10^291 |
| 60 | ov_060 | 1.8659733306126548 × 10^291 |
| 61 | ov_061 | 6.5183492294048144 × 10^290 |
| 62 | ov_062 | 1.7882672036036673 × 10^290 |
| 63 | ov_063 | 3.485865991392492 × 10^289 |
| 64 | lv_79_m31 | 6.793634648856499 × 10^288 |
| 65 | ov_065 | 8.177152312231339 × 10^289 |
| 66 | ov_066 | 8.177128051013643 × 10^289 |
| 67 | ov_067 | 8.177122113581584 × 10^289 |
| 68 | ov_068 | 7.090825206369776 × 10^289 |
| 69 | ov_069 | 6.119492506138789 × 10^289 |
| 70 | ov_070 | 5.253932970022574 × 10^289 |
| 71 | ov_071 | 4.485520840419993 × 10^289 |
| 72 | ov_072 | 3.8061573747521794 × 10^289 |
| 73 | ov_073 | 3.2082359638514296 × 10^289 |
| 74 | ov_074 | 2.6846104583731463 × 10^289 |
| 75 | ov_075 | 2.228566529754914 × 10^289 |
| 76 | ov_076 | 1.833795898146924 × 10^289 |
| 77 | ov_077 | 1.4943732645571973 × 10^289 |
| 78 | ov_078 | 1.20473578833481 × 10^289 |
| 79 | ov_079 | 9.596649541865169 × 10^288 |
| 80 | ov_080 | 7.542706753086203 × 10^288 |
| 81 | ov_081 | 5.839774810288922 × 10^288 |
| 82 | ov_082 | 4.445126386953868 × 10^288 |
| 83 | ov_083 | 3.3189606051278495 × 10^288 |
| 84 | ov_084 | 2.4243184669569407 × 10^288 |
| 85 | ov_085 | 1.7270131675545052 × 10^288 |
| 86 | ov_086 | 1.195573810256675 × 10^288 |
| 87 | ov_087 | 8.012010471299258 × 10^287 |
| 88 | ov_088 | 5.1773316870048254 × 10^287 |
| 89 | ov_089 | 3.216211675156102 × 10^287 |
| 90 | ov_090 | 1.919113004871598 × 10^287 |
| 91 | ov_091 | 1.1023367513091223 × 10^287 |
| 92 | ov_092 | 6.079539724419723 × 10^286 |
| 93 | ov_093 | 3.0376890459274006 × 10^286 |
| 94 | ov_094 | 1.301139270472918 × 10^286 |
| 95 | aaa_78_28 | 4.017698285266564 × 10^285 |
| 96 | aaa_78_29 | 1.2338099585861393 × 10^285 |
| 97 | ov_097 | 8.145004604175961 × 10^284 |
| 98 | ov_098 | 8.144759917386312 × 10^284 |
| 99 | ov_099 | 8.144681688446142 × 10^284 |
| 100 | ov_100 | 7.328092767591748 × 10^284 |
| 101 | ov_101 | 6.572005529767303 × 10^284 |
| 102 | ov_102 | 5.8730694879219245 × 10^284 |
| 103 | ov_103 | 5.228177338226867 × 10^284 |
| 104 | ov_104 | 4.6344341318261436 × 10^284 |
| 105 | ov_105 | 4.089129205431366 × 10^284 |
| 106 | ov_106 | 3.5897107261885995 × 10^284 |
| 107 | ov_107 | 3.1337627117084076 × 10^284 |
| 108 | ov_108 | 2.7189843906029907 × 10^284 |
| 109 | ov_109 | 2.3431717724508112 × 10^284 |
| 110 | ov_110 | 2.004201298927627 × 10^284 |
| 111 | ov_111 | 1.7000154500174745 × 10^284 |
| 112 | ov_112 | 1.4286101808530036 × 10^284 |
| 113 | ov_113 | 1.1880240659286793 × 10^284 |
| 114 | ov_114 | 9.76329028271315 × 10^283 |
| 115 | ov_115 | 7.916225317202895 × 10^283 |
| 116 | ov_116 | 6.320211148357197 × 10^283 |
| 117 | ov_117 | 4.956551451765389 × 10^283 |
| 118 | ov_118 | 3.8066467281916374 × 10^283 |
| 119 | ov_119 | 2.851962620575494 × 10^283 |
| 120 | ov_120 | 2.0740068026311396 × 10^283 |
| 121 | ov_121 | 1.4543132290375936 × 10^283 |
| 122 | ov_122 | 9.744319952178648 × 10^282 |
| 123 | ov_123 | 6.159226638783619 × 10^282 |
| 124 | ov_124 | 3.603497600584881 × 10^282 |
| 125 | ov_125 | 1.892799778566622 × 10^282 |
| 126 | ov_126 | 8.428075421773483 × 10^281 |
| 127 | aaa_77_28 | 2.691972088643588 × 10^281 |
| 128 | aaa_77_29 | 1.009600541499015 × 10^281 |
| 129 | ov_129 | 9.432657346979987 × 10^280 |
| 130 | ov_130 | 9.432630932214288 × 10^280 |
| 131 | ov_131 | 9.43262453957032 × 10^280 |
| 132 | ov_132 | 8.197173378173403 × 10^280 |
| 133 | ov_133 | 7.088801221974263 × 10^280 |
| 134 | ov_134 | 6.097977683114322 × 10^280 |
| 135 | ov_135 | 5.215688590182561 × 10^280 |
| 136 | ov_136 | 4.433399188426936 × 10^280 |
| 137 | ov_137 | 3.7430222858390166 × 10^280 |
| 138 | ov_138 | 3.13689088355251 × 10^280 |
| 139 | ov_139 | 2.607734852863813 × 10^280 |
| 140 | ov_140 | 2.148661244295428 × 10^280 |
| 141 | ov_141 | 1.7531378366394584 × 10^280 |
| 142 | ov_142 | 1.4149795559733716 × 10^280 |
| 143 | ov_143 | 1.12833741634689 × 10^280 |
| 144 | ov_144 | 8.876896552903706 × 10^279 |
| 145 | ov_145 | 6.878347585656932 × 10^279 |
| 146 | ov_146 | 5.238860897280162 × 10^279 |
| 147 | ov_147 | 3.912678611332669 × 10^279 |
| 148 | ov_148 | 2.8571220404189207 × 10^279 |
| 149 | ov_149 | 2.032571164541604 × 10^279 |
| 150 | ov_150 | 1.402450882783018 × 10^279 |
| 151 | ov_151 | 9.332222438695662 × 10^278 |
| 152 | ov_152 | 5.9437714352346 × 10^278 |
| 153 | ov_153 | 3.5843533169075096 × 10^278 |
| 154 | ov_154 | 2.009428288363071 × 10^278 |
| 155 | ov_155 | 1.0047107137703635 × 10^278 |
| 156 | aaa_76_25 | 3.861644657317354 × 10^277 |
| 157 | aaa_76_26 | 2.231158860534788 × 10^277 |
| 158 | aaa_76_27 | 1.1427792130773366 × 10^277 |
| 159 | aaa_76_28 | 4.4528059800462044 × 10^276 |
| 160 | aaa_76_29 | 1.355234703314306 × 10^276 |

### Output Bits Sorted by Complexity

| Rank | Output Bit | Complexity |
|:----:|:----------:|:----------:|
| 160 | aaa_76_29 | 1.355234703314306 × 10^276 |
| 159 | aaa_76_28 | 4.4528059800462044 × 10^276 |
| 158 | aaa_76_27 | 1.1427792130773366 × 10^277 |
| 157 | aaa_76_26 | 2.231158860534788 × 10^277 |
| 156 | aaa_76_25 | 3.861644657317354 × 10^277 |
| 155 | ov_155 | 1.0047107137703635 × 10^278 |
| 154 | ov_154 | 2.009428288363071 × 10^278 |
| 153 | ov_153 | 3.5843533169075096 × 10^278 |
| 152 | ov_152 | 5.9437714352346 × 10^278 |
| 151 | ov_151 | 9.332222438695662 × 10^278 |
| 150 | ov_150 | 1.402450882783018 × 10^279 |
| 149 | ov_149 | 2.032571164541604 × 10^279 |
| 148 | ov_148 | 2.8571220404189207 × 10^279 |
| 147 | ov_147 | 3.912678611332669 × 10^279 |
| 146 | ov_146 | 5.238860897280162 × 10^279 |
| 145 | ov_145 | 6.878347585656932 × 10^279 |
| 144 | ov_144 | 8.876896552903706 × 10^279 |
| 143 | ov_143 | 1.12833741634689 × 10^280 |
| 142 | ov_142 | 1.4149795559733716 × 10^280 |
| 141 | ov_141 | 1.7531378366394584 × 10^280 |
| 140 | ov_140 | 2.148661244295428 × 10^280 |
| 139 | ov_139 | 2.607734852863813 × 10^280 |
| 138 | ov_138 | 3.13689088355251 × 10^280 |
| 137 | ov_137 | 3.7430222858390166 × 10^280 |
| 136 | ov_136 | 4.433399188426936 × 10^280 |
| 135 | ov_135 | 5.215688590182561 × 10^280 |
| 134 | ov_134 | 6.097977683114322 × 10^280 |
| 133 | ov_133 | 7.088801221974263 × 10^280 |
| 132 | ov_132 | 8.197173378173403 × 10^280 |
| 131 | ov_131 | 9.43262453957032 × 10^280 |
| 130 | ov_130 | 9.432630932214288 × 10^280 |
| 129 | ov_129 | 9.432657346979987 × 10^280 |
| 128 | aaa_77_29 | 1.009600541499015 × 10^281 |
| 127 | aaa_77_28 | 2.691972088643588 × 10^281 |
| 126 | ov_126 | 8.428075421773483 × 10^281 |
| 125 | ov_125 | 1.892799778566622 × 10^282 |
| 124 | ov_124 | 3.603497600584881 × 10^282 |
| 123 | ov_123 | 6.159226638783619 × 10^282 |
| 122 | ov_122 | 9.744319952178648 × 10^282 |
| 121 | ov_121 | 1.4543132290375936 × 10^283 |
| 120 | ov_120 | 2.0740068026311396 × 10^283 |
| 119 | ov_119 | 2.851962620575494 × 10^283 |
| 118 | ov_118 | 3.8066467281916374 × 10^283 |
| 117 | ov_117 | 4.956551451765389 × 10^283 |
| 116 | ov_116 | 6.320211148357197 × 10^283 |
| 115 | ov_115 | 7.916225317202895 × 10^283 |
| 114 | ov_114 | 9.76329028271315 × 10^283 |
| 113 | ov_113 | 1.1880240659286793 × 10^284 |
| 112 | ov_112 | 1.4286101808530036 × 10^284 |
| 111 | ov_111 | 1.7000154500174745 × 10^284 |
| 110 | ov_110 | 2.004201298927627 × 10^284 |
| 109 | ov_109 | 2.3431717724508112 × 10^284 |
| 108 | ov_108 | 2.7189843906029907 × 10^284 |
| 107 | ov_107 | 3.1337627117084076 × 10^284 |
| 106 | ov_106 | 3.5897107261885995 × 10^284 |
| 105 | ov_105 | 4.089129205431366 × 10^284 |
| 104 | ov_104 | 4.6344341318261436 × 10^284 |
| 103 | ov_103 | 5.228177338226867 × 10^284 |
| 102 | ov_102 | 5.8730694879219245 × 10^284 |
| 101 | ov_101 | 6.572005529767303 × 10^284 |
| 100 | ov_100 | 7.328092767591748 × 10^284 |
| 99 | ov_099 | 8.144681688446142 × 10^284 |
| 98 | ov_098 | 8.144759917386312 × 10^284 |
| 97 | ov_097 | 8.145004604175961 × 10^284 |
| 96 | aaa_78_29 | 1.2338099585861393 × 10^285 |
| 95 | aaa_78_28 | 4.017698285266564 × 10^285 |
| 94 | ov_094 | 1.301139270472918 × 10^286 |
| 93 | ov_093 | 3.0376890459274006 × 10^286 |
| 92 | ov_092 | 6.079539724419723 × 10^286 |
| 91 | ov_091 | 1.1023367513091223 × 10^287 |
| 90 | ov_090 | 1.919113004871598 × 10^287 |
| 89 | ov_089 | 3.216211675156102 × 10^287 |
| 88 | ov_088 | 5.1773316870048254 × 10^287 |
| 87 | ov_087 | 8.012010471299258 × 10^287 |
| 86 | ov_086 | 1.195573810256675 × 10^288 |
| 85 | ov_085 | 1.7270131675545052 × 10^288 |
| 84 | ov_084 | 2.4243184669569407 × 10^288 |
| 83 | ov_083 | 3.3189606051278495 × 10^288 |
| 82 | ov_082 | 4.445126386953868 × 10^288 |
| 81 | ov_081 | 5.839774810288922 × 10^288 |
| 64 | lv_79_m31 | 6.793634648856499 × 10^288 |
| 80 | ov_080 | 7.542706753086203 × 10^288 |
| 79 | ov_079 | 9.596649541865169 × 10^288 |
| 78 | ov_078 | 1.20473578833481 × 10^289 |
| 77 | ov_077 | 1.4943732645571973 × 10^289 |
| 76 | ov_076 | 1.833795898146924 × 10^289 |
| 75 | ov_075 | 2.228566529754914 × 10^289 |
| 74 | ov_074 | 2.6846104583731463 × 10^289 |
| 73 | ov_073 | 3.2082359638514296 × 10^289 |
| 63 | ov_063 | 3.485865991392492 × 10^289 |
| 72 | ov_072 | 3.8061573747521794 × 10^289 |
| 71 | ov_071 | 4.485520840419993 × 10^289 |
| 70 | ov_070 | 5.253932970022574 × 10^289 |
| 69 | ov_069 | 6.119492506138789 × 10^289 |
| 68 | ov_068 | 7.090825206369776 × 10^289 |
| 67 | ov_067 | 8.177122113581584 × 10^289 |
| 66 | ov_066 | 8.177128051013643 × 10^289 |
| 65 | ov_065 | 8.177152312231339 × 10^289 |
| 62 | ov_062 | 1.7882672036036673 × 10^290 |
| 61 | ov_061 | 6.5183492294048144 × 10^290 |
| 60 | ov_060 | 1.8659733306126548 × 10^291 |
| 59 | ov_059 | 4.502669509122196 × 10^291 |
| 58 | ov_058 | 9.139083198507894 × 10^291 |
| 57 | ov_057 | 1.6513627673969514 × 10^292 |
| 56 | ov_056 | 2.7525976484206096 × 10^292 |
| 55 | ov_055 | 4.413675527754158 × 10^292 |
| 54 | ov_054 | 6.862918619411757 × 10^292 |
| 53 | ov_053 | 1.023869313835133 × 10^293 |
| 52 | ov_052 | 1.4833883492604445 × 10^293 |
| 51 | ov_051 | 2.097369914754044 × 10^293 |
| 50 | ov_050 | 2.9015729981930874 × 10^293 |
| 49 | ov_049 | 3.935003426931749 × 10^293 |
| 48 | ov_048 | 5.239927295100018 × 10^293 |
| 47 | ov_047 | 6.861890593207504 × 10^293 |
| 32 | lv_80_m31 | 7.947802745286632 × 10^293 |
| 46 | ov_046 | 8.849746820465837 × 10^293 |
| 45 | ov_045 | 1.1255694568697207 × 10^294 |
| 44 | ov_044 | 1.4135327276875172 × 10^294 |
| 43 | ov_043 | 1.7547697567905776 × 10^294 |
| 42 | ov_042 | 2.1555398794979403 × 10^294 |
| 41 | ov_041 | 2.6224666644601385 × 10^294 |
| 40 | ov_040 | 3.1625503868255875 × 10^294 |
| 39 | ov_039 | 3.779587116716337 × 10^294 |
| 31 | ov_031 | 4.0755800333958797 × 10^294 |
| 38 | ov_038 | 4.481378888578826 × 10^294 |
| 37 | ov_037 | 5.2761591631667743 × 10^294 |
| 36 | ov_036 | 6.172618098215351 × 10^294 |
| 35 | ov_035 | 7.179932031549274 × 10^294 |
| 34 | ov_034 | 8.307797636539211 × 10^294 |
| 33 | ov_033 | 9.566471239687928 × 10^294 |
| 30 | ov_030 | 2.0895469808919904 × 10^295 |
| 29 | ov_029 | 6.835192407850381 × 10^295 |
| 28 | ov_028 | 1.773893397860715 × 10^296 |
| 27 | ov_027 | 3.964442559879436 × 10^296 |
| 26 | ov_026 | 8.411406082385615 × 10^296 |
| 25 | ov_025 | 1.6646042539953692 × 10^297 |
| 24 | ov_024 | 3.057463968858554 × 10^297 |
| 23 | ov_023 | 5.247854540256785 × 10^297 |
| 22 | ov_022 | 8.501424610431052 × 10^297 |
| 21 | ov_021 | 1.3121353339702998 × 10^298 |
| 20 | ov_020 | 1.9448380816450292 × 10^298 |
| 19 | ov_019 | 2.78608577417873 × 10^298 |
| 18 | ov_018 | 3.877482184119573 × 10^298 |
| 17 | ov_017 | 5.264411260585821 × 10^298 |
| 16 | ov_016 | 6.996053937881503 × 10^298 |
| 15 | ov_015 | 9.125411867632932 × 10^298 |
| 14 | ov_014 | 1.1709339921758095 × 10^299 |
| 13 | ov_013 | 1.4808589816537336 × 10^299 |
| 12 | ov_012 | 1.8487867589159091 × 10^299 |
| 11 | ov_011 | 2.281590791759095 × 10^299 |
| 10 | ov_010 | 2.7865568535021317 × 10^299 |
| 9 | ov_009 | 3.3713948251868074 × 10^299 |
| 8 | ov_008 | 4.044253236202875 × 10^299 |
| 7 | ov_007 | 4.8137369476375395 × 10^299 |
| 6 | ov_006 | 5.688928409636519 × 10^299 |
| 5 | ov_005 | 6.679412951512033 × 10^299 |
| 4 | ov_004 | 7.795308591370298 × 10^299 |
| 3 | ov_003 | 9.04730088080697 × 10^299 |
| 2 | ov_002 | 1.0446683293946146 × 10^300 |
| 1 | ov_001 | 1.2005403628976052 × 10^300 |

