# Results for E002007-E005015-F017-F018-F019-F020-F021-F022-F023-F024-F025-F026-F027-F028-F029-F030-F031-F032-F033-F034-F035-F036-F037-F038-F039-F040-F041-F042-F043-F044-F045-F046-F047-F048-F049-F050-F051-F052-F053-F054-F055-F056-F057-F058-F059-F060-F061-F062-F063-F064-F065-F066-F067-F068-F069-F070-F071-F072-F073-F074-F075-F076-F077-F078-F079-F080-F081-F082-F083-F084-F085-F086-F087-F088-F089-F090-F091-F092-F093-F094-F095-F096-F097-F098-F099-F100-F101-F102-F103-F104-F105-F106-F107-F108-F109-F110-F111-F112-F113-F114-F115-F116-F117-F118-F119-F120-F121-F122-F123-F124-F125-F126-F127-F128-F129-F130-F131-F132-F133-F134-F135-F136-F137-F138-F139-F140-F141-F142-F143-F144-F145-F146-F147-F148-F149-F150-F151-F152-F153-F154-F155-F156-F157-F158-F159-F160-F161-F162-F163-F164-F165-F166-F167-F168-F169-F170-F171-F172-F173-F174-F175-F176-F177-F178-F179-F180-F181-F182-F183-F184-F185-F186-F187-F188-F189-F190-F191-F192-F193-F194-F195-F196-F197-F198-F199-F200-F201-F202-F203-F204-F205-F206-F207-F208-F209-F210-F211-F212-F213-F214-F215-F216-F217-F218-F219-F220-F221-F222-F223-F224-F225-F226-F227-F228-F229-F230-F231-F232-F233-F234-F235-F236-F237-F238-F239-F240-F241-F242-F243-F244-F245-F246-F247-F248-F249-F250-F251-F252-F253-F254-F255-F256-F257-F258-F259-F260-F261-F262-F263-F264-F265-F266-F267-F268-F269-F270-F271-F272-F273-F274-F275-F276-F277-F278-F279-F280-F281-F282-F283-F284-F285-F286-F287-F288-F289-F290-F291-F292-F293-F294-F295-F296-F297-F298-F299-F300-F301-F302-F303-F304-F305-F306-F307-F308-F309-F310-F311-F312-F313-F314-F315-F316-F317-F318-F319-F320-F321-F322-F323-F324-F325-F326-F327-F328-F329-F330-F331-F332-F333-F334-F335-F336-F337-F338-F339-F340-F341-F342-F343-F344-F345-F346-F347-F348-F349-F350-F351-F352-F353-F354-F355-F356-F357-F358-F359-F360-F361-F362-F363-F364-F365-F366-F367-F368-F369-F370-F371-F372-F373-F374-F375-F376-F377-F378-F379-F380-F381-F382-F383-F384-F385-F386-F387-F388-F389-F390-F391-F392-F393-F394-F395-F396-F397-F398-F399-F400-F401-F402-F403-F404-F405-F406-F407-F408-F409-F410-F411-F412-F413-F414-F415-F416-F417-F418-F419-F420-F421-F422-F423-F424-F425-F426-F427-F428-F429-F430-F431-F432-F433-F434-F435-F436-F437-F438-F439-F440-F441-F442-F443-F444-F445-F446-F447-F448-F449-F450-F451-F452-F453-F454-F455-F456-F457-F458-F459-F460-F461-F462-F463-F464-F465-F466-F467-F468-F469-F470-F471-F472-F473-F474-F475-F476-F477-F478-F479-F480-F481-F482-F483-F484-F485-F486-F487-F488-F489-F490-F491-F492-F493-F494-F495-F496-F497-F498-F499-F500-F501-F502-F503-F504-F505-F506-F507-F508-F509-F510-F511-F512

## Summary

Number of input bits: 512  
Number of free input bits: 14  
Number of output bits: 160

Number of direct occurrences: 63131  
Number of assignments: 39151  
Number of operations: 19117432
(xor: 19079894,
and: 20890,
or: 16648)

Total complexity: 9.227760162264914 × 10^355

Least occurring input variable: iv_012 (4184)  
Most occurring input variable: iv_005 (4764)

Most co-occurring input variables: iv_008-iv_009 (2314)  
Least co-occurring input variables: iv_002-iv_005 (1912)

Potentially most occurring input variable: iv_005/iv_016 (5353)  
Potentially least occurring input variable: iv_008/iv_009 (4445)

Least output occurring input variable: iv_005 (59)  
Most output occurring input variable: iv_012 (86)

Most output co-occurring input variables: iv_009-iv_010 (47)  
Least output co-occurring input variables: iv_008-iv_011 (24)

Potentially most output occurring input variable: iv_001/iv_008 (94)  
Potentially least output occurring input variable: iv_008/iv_014 (66)

Least complex input bit: iv_016 (1.3492085929728305 × 10^352)  
Most complex input bit: iv_005 (2.05572586970793 × 10^355)

Least complex output bit: aaa_76_29 (1.989673173513484 × 10^331)  
Most complex output bit: ov_001 (1.4126561014089035 × 10^355)

Least complex input/output complexity: iv_016/aaa_76_29 (2.9091394831538527 × 10^327)  
Most complex input/output complexity: iv_005/ov_001 (3.147062387406309 × 10^354)

## Input Bits

### Input Bits in Regular Order

| Input Bit | Complexity | Occurrences | Output Occurrences |
|:---------:|:----------:|:-----------:|:------------------:|
| iv_001 | 4.119791768352626 × 10^352 | 4568 | 75 |
| iv_002 | 3.38265674376595 × 10^354 | 4374 | 77 |
| iv_003 | 5.130069315322121 × 10^353 | 4375 | 75 |
| iv_004 | 1.1158834516790899 × 10^354 | 4539 | 77 |
| iv_005 | 2.05572586970793 × 10^355 | 4764 | 59 |
| iv_006 | 2.470750189132061 × 10^354 | 4400 | 80 |
| iv_008 | 4.035772035641539 × 10^354 | 4446 | 69 |
| iv_009 | 5.073310343274023 × 10^354 | 4627 | 84 |
| iv_010 | 6.475837729710408 × 10^354 | 4482 | 83 |
| iv_011 | 8.453337607595769 × 10^354 | 4645 | 63 |
| iv_012 | 1.0693248814122702 × 10^355 | 4184 | 86 |
| iv_013 | 1.3253318366219424 × 10^355 | 4537 | 78 |
| iv_014 | 1.6198530709283642 × 10^355 | 4685 | 83 |
| iv_016 | 1.3492085929728305 × 10^352 | 4505 | 79 |

### Input Bits Sorted by Complexity

| Input Bit | Complexity | Occurrences | Output Occurrences |
|:---------:|:----------:|:-----------:|:------------------:|
| iv_016 | 1.3492085929728305 × 10^352 | 4505 | 79 |
| iv_001 | 4.119791768352626 × 10^352 | 4568 | 75 |
| iv_003 | 5.130069315322121 × 10^353 | 4375 | 75 |
| iv_004 | 1.1158834516790899 × 10^354 | 4539 | 77 |
| iv_006 | 2.470750189132061 × 10^354 | 4400 | 80 |
| iv_002 | 3.38265674376595 × 10^354 | 4374 | 77 |
| iv_008 | 4.035772035641539 × 10^354 | 4446 | 69 |
| iv_009 | 5.073310343274023 × 10^354 | 4627 | 84 |
| iv_010 | 6.475837729710408 × 10^354 | 4482 | 83 |
| iv_011 | 8.453337607595769 × 10^354 | 4645 | 63 |
| iv_012 | 1.0693248814122702 × 10^355 | 4184 | 86 |
| iv_013 | 1.3253318366219424 × 10^355 | 4537 | 78 |
| iv_014 | 1.6198530709283642 × 10^355 | 4685 | 83 |
| iv_005 | 2.05572586970793 × 10^355 | 4764 | 59 |

### Input Bits Sorted by Occurrences

| Input Bit | Complexity | Occurrences | Output Occurrences |
|:---------:|:----------:|:-----------:|:------------------:|
| iv_012 | 1.0693248814122702 × 10^355 | 4184 | 86 |
| iv_002 | 3.38265674376595 × 10^354 | 4374 | 77 |
| iv_003 | 5.130069315322121 × 10^353 | 4375 | 75 |
| iv_006 | 2.470750189132061 × 10^354 | 4400 | 80 |
| iv_008 | 4.035772035641539 × 10^354 | 4446 | 69 |
| iv_010 | 6.475837729710408 × 10^354 | 4482 | 83 |
| iv_016 | 1.3492085929728305 × 10^352 | 4505 | 79 |
| iv_013 | 1.3253318366219424 × 10^355 | 4537 | 78 |
| iv_004 | 1.1158834516790899 × 10^354 | 4539 | 77 |
| iv_001 | 4.119791768352626 × 10^352 | 4568 | 75 |
| iv_009 | 5.073310343274023 × 10^354 | 4627 | 84 |
| iv_011 | 8.453337607595769 × 10^354 | 4645 | 63 |
| iv_014 | 1.6198530709283642 × 10^355 | 4685 | 83 |
| iv_005 | 2.05572586970793 × 10^355 | 4764 | 59 |

### Input Bits Sorted by Output Occurrences

| Input Bit | Complexity | Occurrences | Output Occurrences |
|:---------:|:----------:|:-----------:|:------------------:|
| iv_005 | 2.05572586970793 × 10^355 | 4764 | 59 |
| iv_011 | 8.453337607595769 × 10^354 | 4645 | 63 |
| iv_008 | 4.035772035641539 × 10^354 | 4446 | 69 |
| iv_003 | 5.130069315322121 × 10^353 | 4375 | 75 |
| iv_001 | 4.119791768352626 × 10^352 | 4568 | 75 |
| iv_004 | 1.1158834516790899 × 10^354 | 4539 | 77 |
| iv_002 | 3.38265674376595 × 10^354 | 4374 | 77 |
| iv_013 | 1.3253318366219424 × 10^355 | 4537 | 78 |
| iv_016 | 1.3492085929728305 × 10^352 | 4505 | 79 |
| iv_006 | 2.470750189132061 × 10^354 | 4400 | 80 |
| iv_010 | 6.475837729710408 × 10^354 | 4482 | 83 |
| iv_014 | 1.6198530709283642 × 10^355 | 4685 | 83 |
| iv_009 | 5.073310343274023 × 10^354 | 4627 | 84 |
| iv_012 | 1.0693248814122702 × 10^355 | 4184 | 86 |

## Input Bit Co-occurrences

### Input Bit Co-occurrences Sorted by Co-occurrences

| Input Bits | Co-occurrences | Potential Occurrences | Output Co-occurrences | Potential Output Occurrences |
|:----------:|:--------------:|:---------------------:|:---------------------:|:----------------------------:|
| iv_008-iv_009 | 2314 | 4445 | 38 | 77 |
| iv_009-iv_014 | 2273 | 4766 | 45 | 77 |
| iv_009-iv_011 | 2246 | 4780 | 33 | 81 |
| iv_001-iv_006 | 2241 | 4486 | 39 | 77 |
| iv_004-iv_009 | 2237 | 4692 | 44 | 73 |
| iv_009-iv_010 | 2234 | 4641 | 47 | 73 |
| iv_013-iv_014 | 2203 | 4816 | 40 | 81 |
| iv_004-iv_014 | 2203 | 4818 | 41 | 78 |
| iv_008-iv_014 | 2197 | 4737 | 43 | 66 |
| iv_003-iv_004 | 2188 | 4538 | 38 | 76 |
| iv_003-iv_013 | 2188 | 4536 | 36 | 81 |
| iv_005-iv_009 | 2185 | 5021 | 31 | 81 |
| iv_001-iv_016 | 2182 | 4709 | 37 | 80 |
| iv_008-iv_013 | 2180 | 4623 | 34 | 79 |

### Input Bit Co-occurrences Sorted by Potential Occurrences

| Input Bits | Co-occurrences | Potential Occurrences | Output Co-occurrences | Potential Output Occurrences |
|:----------:|:--------------:|:---------------------:|:---------------------:|:----------------------------:|
| iv_008-iv_009 | 2314 | 4445 | 38 | 77 |
| iv_003-iv_012 | 2037 | 4485 | 42 | 77 |
| iv_001-iv_006 | 2241 | 4486 | 39 | 77 |
| iv_003-iv_013 | 2188 | 4536 | 36 | 81 |
| iv_003-iv_004 | 2188 | 4538 | 38 | 76 |
| iv_003-iv_008 | 2141 | 4539 | 34 | 76 |
| iv_002-iv_012 | 2005 | 4548 | 45 | 73 |
| iv_008-iv_012 | 2031 | 4568 | 37 | 81 |
| iv_008-iv_013 | 2180 | 4623 | 34 | 79 |
| iv_012-iv_013 | 2047 | 4627 | 42 | 80 |
| iv_009-iv_010 | 2234 | 4641 | 47 | 73 |
| iv_006-iv_016 | 2113 | 4679 | 37 | 85 |
| iv_004-iv_009 | 2237 | 4692 | 44 | 73 |
| iv_009-iv_012 | 2053 | 4705 | 44 | 82 |

### Input Bit Output Co-occurrences Sorted by Output Co-occurrences

| Input Bits | Co-occurrences | Potential Occurrences | Output Co-occurrences | Potential Output Occurrences |
|:----------:|:--------------:|:---------------------:|:---------------------:|:----------------------------:|
| iv_009-iv_010 | 2234 | 4641 | 47 | 73 |
| iv_001-iv_009 | 2166 | 4863 | 46 | 67 |
| iv_009-iv_014 | 2273 | 4766 | 45 | 77 |
| iv_002-iv_012 | 2005 | 4548 | 45 | 73 |
| iv_010-iv_014 | 2178 | 4811 | 44 | 78 |
| iv_004-iv_010 | 2128 | 4765 | 44 | 72 |
| iv_006-iv_012 | 1931 | 4722 | 44 | 78 |
| iv_001-iv_010 | 2111 | 4828 | 44 | 70 |
| iv_004-iv_009 | 2237 | 4692 | 44 | 73 |
| iv_009-iv_012 | 2053 | 4705 | 44 | 82 |
| iv_004-iv_012 | 1968 | 4787 | 43 | 77 |
| iv_008-iv_014 | 2197 | 4737 | 43 | 66 |
| iv_012-iv_014 | 2042 | 4785 | 43 | 83 |
| iv_003-iv_012 | 2037 | 4485 | 42 | 77 |

### Input Bit Output Co-occurrences Sorted by Potential Output Occurrences

| Input Bits | Co-occurrences | Potential Occurrences | Output Co-occurrences | Potential Output Occurrences |
|:----------:|:--------------:|:---------------------:|:---------------------:|:----------------------------:|
| iv_008-iv_014 | 2197 | 4737 | 43 | 66 |
| iv_001-iv_009 | 2166 | 4863 | 46 | 67 |
| iv_004-iv_011 | 2066 | 5052 | 36 | 68 |
| iv_001-iv_010 | 2111 | 4828 | 44 | 70 |
| iv_002-iv_004 | 2061 | 4791 | 42 | 70 |
| iv_005-iv_011 | 2057 | 5295 | 26 | 70 |
| iv_004-iv_013 | 2141 | 4794 | 42 | 71 |
| iv_004-iv_010 | 2128 | 4765 | 44 | 72 |
| iv_001-iv_003 | 2012 | 4919 | 39 | 72 |
| iv_009-iv_010 | 2234 | 4641 | 47 | 73 |
| iv_006-iv_008 | 2015 | 4816 | 38 | 73 |
| iv_004-iv_009 | 2237 | 4692 | 44 | 73 |
| iv_002-iv_012 | 2005 | 4548 | 45 | 73 |
| iv_004-iv_008 | 2115 | 4755 | 36 | 74 |

## Output Bits

### Output Bits in Regular Order

| Rank | Output Bit | Complexity |
|:----:|:----------:|:----------:|
| 1 | ov_001 | 1.4126561014089035 × 10^355 |
| 2 | ov_002 | 1.2335244648064474 × 10^355 |
| 3 | ov_003 | 1.0725264122946614 × 10^355 |
| 4 | ov_004 | 9.282256088149444 × 10^354 |
| 5 | ov_005 | 7.99265973403263 × 10^354 |
| 6 | ov_006 | 6.843660949198839 × 10^354 |
| 7 | ov_007 | 5.823143129665392 × 10^354 |
| 8 | ov_008 | 4.919643977584013 × 10^354 |
| 9 | ov_009 | 4.1223177831131045 × 10^354 |
| 10 | ov_010 | 3.420902829670463 × 10^354 |
| 11 | ov_011 | 2.810410493503972 × 10^354 |
| 12 | ov_012 | 2.2861238730553999 × 10^354 |
| 13 | ov_013 | 1.839383499162581 × 10^354 |
| 14 | ov_014 | 1.462027124946849 × 10^354 |
| 15 | ov_015 | 1.146376671976024 × 10^354 |
| 16 | ov_016 | 8.852277714665825 × 10^353 |
| 17 | ov_017 | 6.7184152443282 × 10^353 |
| 18 | ov_018 | 4.9993813556791303 × 10^353 |
| 19 | ov_019 | 3.636921060684869 × 10^353 |
| 20 | ov_020 | 2.5772870070131287 × 10^353 |
| 21 | ov_021 | 1.7712143425198528 × 10^353 |
| 22 | ov_022 | 1.1739035216794548 × 10^353 |
| 23 | ov_023 | 7.4500909772514 × 10^352 |
| 24 | ov_024 | 4.486328392711296 × 10^352 |
| 25 | ov_025 | 2.5331980485610675 × 10^352 |
| 26 | ov_026 | 1.3205630218813763 × 10^352 |
| 27 | ov_027 | 6.226894404718594 × 10^351 |
| 28 | ov_028 | 2.5824272908255294 × 10^351 |
| 29 | ov_029 | 9.028639031538911 × 10^350 |
| 30 | ov_030 | 2.479224848550468 × 10^350 |
| 31 | ov_031 | 4.8378986722667045 × 10^349 |
| 32 | lv_80_m31 | 9.439329510813162 × 10^348 |
| 33 | ov_033 | 1.1686856323150913 × 10^350 |
| 34 | ov_034 | 1.0197407822593655 × 10^350 |
| 35 | ov_035 | 8.863263516868796 × 10^349 |
| 36 | ov_036 | 7.671277202108677 × 10^349 |
| 37 | ov_037 | 6.6091103373816185 × 10^349 |
| 38 | ov_038 | 5.6651773851825756 × 10^349 |
| 39 | ov_039 | 4.828596011514697 × 10^349 |
| 40 | ov_040 | 4.0891418822737525 × 10^349 |
| 41 | ov_041 | 3.437207803557809 × 10^349 |
| 42 | ov_042 | 2.8637669626375882 × 10^349 |
| 43 | ov_043 | 2.360340033863856 × 10^349 |
| 44 | ov_044 | 1.92282034871903 × 10^349 |
| 45 | ov_045 | 1.5473534784485796 × 10^349 |
| 46 | ov_046 | 1.2303251350498459 × 10^349 |
| 47 | ov_047 | 9.651863628115733 × 10^348 |
| 48 | ov_048 | 7.458213169696825 × 10^348 |
| 49 | ov_049 | 5.665328807004834 × 10^348 |
| 50 | ov_050 | 4.2203061404225125 × 10^348 |
| 51 | ov_051 | 3.074208233464341 × 10^348 |
| 52 | ov_052 | 2.1819854041183076 × 10^348 |
| 53 | ov_053 | 1.5024120080076019 × 10^348 |
| 54 | ov_054 | 9.98038110410761 × 10^347 |
| 55 | ov_055 | 6.35153945254594 × 10^347 |
| 56 | ov_056 | 3.837650596749056 × 10^347 |
| 57 | ov_057 | 2.1757604295811068 × 10^347 |
| 58 | ov_058 | 1.1398075637873496 × 10^347 |
| 59 | ov_059 | 5.405708424365187 × 10^346 |
| 60 | ov_060 | 2.2564495414788108 × 10^346 |
| 61 | ov_061 | 7.943110265986608 × 10^345 |
| 62 | ov_062 | 2.1964065080320806 × 10^345 |
| 63 | ov_063 | 4.31835745354601 × 10^344 |
| 64 | lv_79_m31 | 8.489500991987228 × 10^343 |
| 65 | ov_065 | 1.1637684200063547 × 10^345 |
| 66 | ov_066 | 1.1637334826018147 × 10^345 |
| 67 | ov_067 | 1.163722303487689 × 10^345 |
| 68 | ov_068 | 1.0467110163588327 × 10^345 |
| 69 | ov_069 | 9.384301456590701 × 10^344 |
| 70 | ov_070 | 8.38389443171543 × 10^344 |
| 71 | ov_071 | 7.461337378603245 × 10^344 |
| 72 | ov_072 | 6.612387278464453 × 10^344 |
| 73 | ov_073 | 5.833071887709198 × 10^344 |
| 74 | ov_074 | 5.1196553050256744 × 10^344 |
| 75 | ov_075 | 4.468605926783142 × 10^344 |
| 76 | ov_076 | 3.87656660529134 × 10^344 |
| 77 | ov_077 | 3.340327681010842 × 10^344 |
| 78 | ov_078 | 2.856803115270883 × 10^344 |
| 79 | ov_079 | 2.4230095302990818 × 10^344 |
| 80 | ov_080 | 2.0360479672829152 × 10^344 |
| 81 | ov_081 | 1.693088176223286 × 10^344 |
| 82 | ov_082 | 1.3913549943222817 × 10^344 |
| 83 | ov_083 | 1.12811637134721 × 10^344 |
| 84 | ov_084 | 9.006731202750896 × 10^343 |
| 85 | ov_085 | 7.063504723517454 × 10^343 |
| 86 | ov_086 | 5.4249125691713006 × 10^343 |
| 87 | ov_087 | 4.06450526685374 × 10^343 |
| 88 | ov_088 | 2.955914493651028 × 10^343 |
| 89 | ov_089 | 2.0728228661103114 × 10^343 |
| 90 | ov_090 | 1.3889428134447305 × 10^343 |
| 91 | ov_091 | 8.780027449857164 × 10^342 |
| 92 | ov_092 | 5.1373873763276135 × 10^342 |
| 93 | ov_093 | 2.6989005814481134 × 10^342 |
| 94 | ov_094 | 1.2019706569400024 × 10^342 |
| 95 | aaa_78_28 | 3.8400406053794343 × 10^341 |
| 96 | aaa_78_29 | 1.440800880160913 × 10^341 |
| 97 | ov_097 | 1.3776062570314467 × 10^341 |
| 98 | ov_098 | 1.3776023732628473 × 10^341 |
| 99 | ov_099 | 1.3776014330064996 × 10^341 |
| 100 | ov_100 | 1.2016797129693243 × 10^341 |
| 101 | ov_101 | 1.0439018120170662 × 10^341 |
| 102 | ov_102 | 9.028065939986528 × 10^340 |
| 103 | ov_103 | 7.770148311383348 × 10^340 |
| 104 | ov_104 | 6.65223689876247 × 10^340 |
| 105 | ov_105 | 5.6620188187632825 × 10^340 |
| 106 | ov_106 | 4.7878540013949016 × 10^340 |
| 107 | ov_107 | 4.01873768821613 × 10^340 |
| 108 | ov_108 | 3.344267519706973 × 10^340 |
| 109 | ov_109 | 2.754614821134999 × 10^340 |
| 110 | ov_110 | 2.2450053389728145 × 10^340 |
| 111 | ov_111 | 1.8109334951723174 × 10^340 |
| 112 | ov_112 | 1.4441565965669109 × 10^340 |
| 113 | ov_113 | 1.1369265340781426 × 10^340 |
| 114 | ov_114 | 8.819775558449393 × 10^339 |
| 115 | ov_115 | 6.72516544701254 × 10^339 |
| 116 | ov_116 | 5.02215494504718 × 10^339 |
| 117 | ov_117 | 3.6520583635143772 × 10^339 |
| 118 | ov_118 | 2.586675403437802 × 10^339 |
| 119 | ov_119 | 1.7763963042688 × 10^339 |
| 120 | ov_120 | 1.1761143243528163 × 10^339 |
| 121 | ov_121 | 7.452126364867945 × 10^338 |
| 122 | ov_122 | 4.4755631127716956 × 10^338 |
| 123 | ov_123 | 2.5148776734055825 × 10^338 |
| 124 | ov_124 | 1.2982441943109287 × 10^338 |
| 125 | ov_125 | 5.985759739119641 × 10^337 |
| 126 | ov_126 | 2.3352119254387623 × 10^337 |
| 127 | aaa_77_28 | 6.546153600432151 × 10^336 |
| 128 | aaa_77_29 | 1.992273037112091 × 10^336 |
| 129 | ov_129 | 1.1874073633819222 × 10^336 |
| 130 | ov_130 | 1.1874034789328384 × 10^336 |
| 131 | ov_131 | 1.1874025366967838 × 10^336 |
| 132 | ov_132 | 1.0362174033209733 × 10^336 |
| 133 | ov_133 | 9.014174862356213 × 10^335 |
| 134 | ov_134 | 7.815517558679431 × 10^335 |
| 135 | ov_135 | 6.752518002428946 × 10^335 |
| 136 | ov_136 | 5.812261654862138 × 10^335 |
| 137 | ov_137 | 4.982553188501661 × 10^335 |
| 138 | ov_138 | 4.251871748081592 × 10^335 |
| 139 | ov_139 | 3.6093314172719067 × 10^335 |
| 140 | ov_140 | 3.044646535411944 × 10^335 |
| 141 | ov_141 | 2.5481015284482485 × 10^335 |
| 142 | ov_142 | 2.110524937570122 × 10^335 |
| 143 | ov_143 | 1.7274640685244813 × 10^335 |
| 144 | ov_144 | 1.394722200582997 × 10^335 |
| 145 | ov_145 | 1.1083502324457318 × 10^335 |
| 146 | ov_146 | 8.646399174193018 × 10^334 |
| 147 | ov_147 | 6.601184911172965 × 10^334 |
| 148 | ov_148 | 4.9154448300646044 × 10^334 |
| 149 | ov_149 | 3.5590452045656794 × 10^334 |
| 150 | ov_150 | 2.5041095122655584 × 10^334 |
| 151 | ov_151 | 1.7015929036754124 × 10^334 |
| 152 | ov_152 | 1.1068987974518524 × 10^334 |
| 153 | ov_153 | 6.798659377695493 × 10^333 |
| 154 | ov_154 | 3.847604593574849 × 10^333 |
| 155 | ov_155 | 1.90271364257056 × 10^333 |
| 156 | aaa_76_25 | 6.950821975719901 × 10^332 |
| 157 | aaa_76_26 | 3.630526339178688 × 10^332 |
| 158 | aaa_76_27 | 1.673539559414291 × 10^332 |
| 159 | aaa_76_28 | 6.527972410391563 × 10^331 |
| 160 | aaa_76_29 | 1.989673173513484 × 10^331 |

### Output Bits Sorted by Complexity

| Rank | Output Bit | Complexity |
|:----:|:----------:|:----------:|
| 160 | aaa_76_29 | 1.989673173513484 × 10^331 |
| 159 | aaa_76_28 | 6.527972410391563 × 10^331 |
| 158 | aaa_76_27 | 1.673539559414291 × 10^332 |
| 157 | aaa_76_26 | 3.630526339178688 × 10^332 |
| 156 | aaa_76_25 | 6.950821975719901 × 10^332 |
| 155 | ov_155 | 1.90271364257056 × 10^333 |
| 154 | ov_154 | 3.847604593574849 × 10^333 |
| 153 | ov_153 | 6.798659377695493 × 10^333 |
| 152 | ov_152 | 1.1068987974518524 × 10^334 |
| 151 | ov_151 | 1.7015929036754124 × 10^334 |
| 150 | ov_150 | 2.5041095122655584 × 10^334 |
| 149 | ov_149 | 3.5590452045656794 × 10^334 |
| 148 | ov_148 | 4.9154448300646044 × 10^334 |
| 147 | ov_147 | 6.601184911172965 × 10^334 |
| 146 | ov_146 | 8.646399174193018 × 10^334 |
| 145 | ov_145 | 1.1083502324457318 × 10^335 |
| 144 | ov_144 | 1.394722200582997 × 10^335 |
| 143 | ov_143 | 1.7274640685244813 × 10^335 |
| 142 | ov_142 | 2.110524937570122 × 10^335 |
| 141 | ov_141 | 2.5481015284482485 × 10^335 |
| 140 | ov_140 | 3.044646535411944 × 10^335 |
| 139 | ov_139 | 3.6093314172719067 × 10^335 |
| 138 | ov_138 | 4.251871748081592 × 10^335 |
| 137 | ov_137 | 4.982553188501661 × 10^335 |
| 136 | ov_136 | 5.812261654862138 × 10^335 |
| 135 | ov_135 | 6.752518002428946 × 10^335 |
| 134 | ov_134 | 7.815517558679431 × 10^335 |
| 133 | ov_133 | 9.014174862356213 × 10^335 |
| 132 | ov_132 | 1.0362174033209733 × 10^336 |
| 131 | ov_131 | 1.1874025366967838 × 10^336 |
| 130 | ov_130 | 1.1874034789328384 × 10^336 |
| 129 | ov_129 | 1.1874073633819222 × 10^336 |
| 128 | aaa_77_29 | 1.992273037112091 × 10^336 |
| 127 | aaa_77_28 | 6.546153600432151 × 10^336 |
| 126 | ov_126 | 2.3352119254387623 × 10^337 |
| 125 | ov_125 | 5.985759739119641 × 10^337 |
| 124 | ov_124 | 1.2982441943109287 × 10^338 |
| 123 | ov_123 | 2.5148776734055825 × 10^338 |
| 122 | ov_122 | 4.4755631127716956 × 10^338 |
| 121 | ov_121 | 7.452126364867945 × 10^338 |
| 120 | ov_120 | 1.1761143243528163 × 10^339 |
| 119 | ov_119 | 1.7763963042688 × 10^339 |
| 118 | ov_118 | 2.586675403437802 × 10^339 |
| 117 | ov_117 | 3.6520583635143772 × 10^339 |
| 116 | ov_116 | 5.02215494504718 × 10^339 |
| 115 | ov_115 | 6.72516544701254 × 10^339 |
| 114 | ov_114 | 8.819775558449393 × 10^339 |
| 113 | ov_113 | 1.1369265340781426 × 10^340 |
| 112 | ov_112 | 1.4441565965669109 × 10^340 |
| 111 | ov_111 | 1.8109334951723174 × 10^340 |
| 110 | ov_110 | 2.2450053389728145 × 10^340 |
| 109 | ov_109 | 2.754614821134999 × 10^340 |
| 108 | ov_108 | 3.344267519706973 × 10^340 |
| 107 | ov_107 | 4.01873768821613 × 10^340 |
| 106 | ov_106 | 4.7878540013949016 × 10^340 |
| 105 | ov_105 | 5.6620188187632825 × 10^340 |
| 104 | ov_104 | 6.65223689876247 × 10^340 |
| 103 | ov_103 | 7.770148311383348 × 10^340 |
| 102 | ov_102 | 9.028065939986528 × 10^340 |
| 101 | ov_101 | 1.0439018120170662 × 10^341 |
| 100 | ov_100 | 1.2016797129693243 × 10^341 |
| 99 | ov_099 | 1.3776014330064996 × 10^341 |
| 98 | ov_098 | 1.3776023732628473 × 10^341 |
| 97 | ov_097 | 1.3776062570314467 × 10^341 |
| 96 | aaa_78_29 | 1.440800880160913 × 10^341 |
| 95 | aaa_78_28 | 3.8400406053794343 × 10^341 |
| 94 | ov_094 | 1.2019706569400024 × 10^342 |
| 93 | ov_093 | 2.6989005814481134 × 10^342 |
| 92 | ov_092 | 5.1373873763276135 × 10^342 |
| 91 | ov_091 | 8.780027449857164 × 10^342 |
| 90 | ov_090 | 1.3889428134447305 × 10^343 |
| 89 | ov_089 | 2.0728228661103114 × 10^343 |
| 88 | ov_088 | 2.955914493651028 × 10^343 |
| 87 | ov_087 | 4.06450526685374 × 10^343 |
| 86 | ov_086 | 5.4249125691713006 × 10^343 |
| 85 | ov_085 | 7.063504723517454 × 10^343 |
| 64 | lv_79_m31 | 8.489500991987228 × 10^343 |
| 84 | ov_084 | 9.006731202750896 × 10^343 |
| 83 | ov_083 | 1.12811637134721 × 10^344 |
| 82 | ov_082 | 1.3913549943222817 × 10^344 |
| 81 | ov_081 | 1.693088176223286 × 10^344 |
| 80 | ov_080 | 2.0360479672829152 × 10^344 |
| 79 | ov_079 | 2.4230095302990818 × 10^344 |
| 78 | ov_078 | 2.856803115270883 × 10^344 |
| 77 | ov_077 | 3.340327681010842 × 10^344 |
| 76 | ov_076 | 3.87656660529134 × 10^344 |
| 63 | ov_063 | 4.31835745354601 × 10^344 |
| 75 | ov_075 | 4.468605926783142 × 10^344 |
| 74 | ov_074 | 5.1196553050256744 × 10^344 |
| 73 | ov_073 | 5.833071887709198 × 10^344 |
| 72 | ov_072 | 6.612387278464453 × 10^344 |
| 71 | ov_071 | 7.461337378603245 × 10^344 |
| 70 | ov_070 | 8.38389443171543 × 10^344 |
| 69 | ov_069 | 9.384301456590701 × 10^344 |
| 68 | ov_068 | 1.0467110163588327 × 10^345 |
| 67 | ov_067 | 1.163722303487689 × 10^345 |
| 66 | ov_066 | 1.1637334826018147 × 10^345 |
| 65 | ov_065 | 1.1637684200063547 × 10^345 |
| 62 | ov_062 | 2.1964065080320806 × 10^345 |
| 61 | ov_061 | 7.943110265986608 × 10^345 |
| 60 | ov_060 | 2.2564495414788108 × 10^346 |
| 59 | ov_059 | 5.405708424365187 × 10^346 |
| 58 | ov_058 | 1.1398075637873496 × 10^347 |
| 57 | ov_057 | 2.1757604295811068 × 10^347 |
| 56 | ov_056 | 3.837650596749056 × 10^347 |
| 55 | ov_055 | 6.35153945254594 × 10^347 |
| 54 | ov_054 | 9.98038110410761 × 10^347 |
| 53 | ov_053 | 1.5024120080076019 × 10^348 |
| 52 | ov_052 | 2.1819854041183076 × 10^348 |
| 51 | ov_051 | 3.074208233464341 × 10^348 |
| 50 | ov_050 | 4.2203061404225125 × 10^348 |
| 49 | ov_049 | 5.665328807004834 × 10^348 |
| 48 | ov_048 | 7.458213169696825 × 10^348 |
| 32 | lv_80_m31 | 9.439329510813162 × 10^348 |
| 47 | ov_047 | 9.651863628115733 × 10^348 |
| 46 | ov_046 | 1.2303251350498459 × 10^349 |
| 45 | ov_045 | 1.5473534784485796 × 10^349 |
| 44 | ov_044 | 1.92282034871903 × 10^349 |
| 43 | ov_043 | 2.360340033863856 × 10^349 |
| 42 | ov_042 | 2.8637669626375882 × 10^349 |
| 41 | ov_041 | 3.437207803557809 × 10^349 |
| 40 | ov_040 | 4.0891418822737525 × 10^349 |
| 39 | ov_039 | 4.828596011514697 × 10^349 |
| 31 | ov_031 | 4.8378986722667045 × 10^349 |
| 38 | ov_038 | 5.6651773851825756 × 10^349 |
| 37 | ov_037 | 6.6091103373816185 × 10^349 |
| 36 | ov_036 | 7.671277202108677 × 10^349 |
| 35 | ov_035 | 8.863263516868796 × 10^349 |
| 34 | ov_034 | 1.0197407822593655 × 10^350 |
| 33 | ov_033 | 1.1686856323150913 × 10^350 |
| 30 | ov_030 | 2.479224848550468 × 10^350 |
| 29 | ov_029 | 9.028639031538911 × 10^350 |
| 28 | ov_028 | 2.5824272908255294 × 10^351 |
| 27 | ov_027 | 6.226894404718594 × 10^351 |
| 26 | ov_026 | 1.3205630218813763 × 10^352 |
| 25 | ov_025 | 2.5331980485610675 × 10^352 |
| 24 | ov_024 | 4.486328392711296 × 10^352 |
| 23 | ov_023 | 7.4500909772514 × 10^352 |
| 22 | ov_022 | 1.1739035216794548 × 10^353 |
| 21 | ov_021 | 1.7712143425198528 × 10^353 |
| 20 | ov_020 | 2.5772870070131287 × 10^353 |
| 19 | ov_019 | 3.636921060684869 × 10^353 |
| 18 | ov_018 | 4.9993813556791303 × 10^353 |
| 17 | ov_017 | 6.7184152443282 × 10^353 |
| 16 | ov_016 | 8.852277714665825 × 10^353 |
| 15 | ov_015 | 1.146376671976024 × 10^354 |
| 14 | ov_014 | 1.462027124946849 × 10^354 |
| 13 | ov_013 | 1.839383499162581 × 10^354 |
| 12 | ov_012 | 2.2861238730553999 × 10^354 |
| 11 | ov_011 | 2.810410493503972 × 10^354 |
| 10 | ov_010 | 3.420902829670463 × 10^354 |
| 9 | ov_009 | 4.1223177831131045 × 10^354 |
| 8 | ov_008 | 4.919643977584013 × 10^354 |
| 7 | ov_007 | 5.823143129665392 × 10^354 |
| 6 | ov_006 | 6.843660949198839 × 10^354 |
| 5 | ov_005 | 7.99265973403263 × 10^354 |
| 4 | ov_004 | 9.282256088149444 × 10^354 |
| 3 | ov_003 | 1.0725264122946614 × 10^355 |
| 2 | ov_002 | 1.2335244648064474 × 10^355 |
| 1 | ov_001 | 1.4126561014089035 × 10^355 |

