# Results for F001-F002-F003-F004-F005-F006-F007-F008-F009-F010-F011-F012-F013-F014-F015-F016-F017-F018-F019-F020-F021-F022-F023-F024-F025-F026-F027-F028-F029-F030-F031-F032-F033-F034-F035-F036-F037-F038-F039-F040-F041-F042-F043-F044-F045-F046-F047-F048-F049-F050-F051-F052-F053-F054-F055-F056-F057-F058-F059-F060-F061-F062-F063-F064-F065-F066-F067-F068-F069-F070-F071-F072-F073-F074-F075-F076-F077-F078-F079-F080-F081-F082-F083-F084-F085-F086-F087-F088-F089-F090-F091-F092-F093-F094-F095-F096-F097-F098-F099-F100-F101-F102-F103-F104-F105-F106-F107-F108-F109-F110-F111-F112-F113-F114-F115-F116-F117-F118-F119-F120-F121-F122-F123-F124-F125-F126-F127-F128-F129-F130-F131-F132-F133-F134-F135-F136-F137-F138-F139-F140-F141-F142-F143-F144-F145-F146-F147-F148-F149-F150-F151-F152-F153-F154-F155-F156-F157-F158-F159-F160-F161-F162-F163-F164-F165-F166-F167-F168-F169-F170-F171-F172-F173-F174-F175-F176-F177-F178-F179-F180-F181-F182-F183-F184-F185-F186-F187-F188-F189-F190-F191-F192-F193-F194-F195-F196-F197-F198-F199-F200-F201-F202-F203-F204-F205-F206-F207-F208-F209-F210-F211-F212-F213-F214-F215-F216-F217-F218-F219-F220-F221-F222-F223-F224-F225-F226-F227-F228-F229-F230-F231-F232-F233-F234-F235-F236-F237-F238-F239-F240-F241-F242-F243-F244-F245-F246-F247-F248-F249-F250-F251-F252-F253-F254-F255-F256-F257-F258-F259-F260-F261-F262-F263-F264-F265-F266-F267-F268-F269-F270-F271-F272-F273-F274-F275-F276-F277-F278-F279-F280-F281-F282-F283-F284-F285-F286-F287-F288-F289-F290-F291-F292-F293-F294-F295-F296-F297-F298-F299-F300-F301-F302-F303-F304-F305-F306-F307-F308-F309-F310-F311-F312-F313-F314-F315-F316-F317-F318-F319-F320-F321-F322-F323-F324-F325-F326-F327-F328-F329-F330-F331-F332-F333-F334-F335-F336-F337-F338-F339-F340-F341-F342-F343-F344-F345-F346-F347-F348-F349-F350-F351-F352-F353-F354-F355-F356-F357-F358-F359-F360-F361-F362-F363-F364-F365-F366-F367-F368-F369-F370-F371-F372-F373-F374-F375-F376-F377-F378-F379-F380-F381-F382-F383-F384-F385-F386-F387-F388-F389-F390-F391-F392-F393-F394-F395-F396-F397-F398-F399-F400-F401-F402-F403-F404-F405-F406-F407-F408-F409-F410-F411-F412-F413-F414-F415-F416-F417-F418-F419-F420-F421-F422-F423-F424-F425-F426-F427-F428-F429-F430-F431-F432-F433-F434-F435-F436-F437-F438-F439-F440-F441-F442-F443-F444-F445-F446-F447-F448-F449-F450-F451-F452-F453-F454-F455-F456-F457-F458-F459-F460-F461-F462-F463-F464-F465-F466-F467-F468-F469-F470-F471-F472-F473-F474-F475-F476-F477-F478-F479-F480-F481-F482-F483-F484-F485-F486-F487-F488-F489-F490-F491-F492-F493-F494-F495-F496-F497-O507509

## Summary

Number of input bits: 512  
Number of free input bits: 14  
Number of output bits: 160

Number of direct occurrences: 58652  
Number of assignments: 32372  
Number of operations: 12045554
(xor: 12015526,
and: 16338,
or: 13690)

Total complexity: 5.56950380014509 × 10^309

Least occurring input variable: iv_498 (3969)  
Most occurring input variable: iv_512 (4433)

Most co-occurring input variables: iv_501-iv_511 (2148)  
Least co-occurring input variables: iv_498-iv_504 (1777)

Potentially most occurring input variable: iv_501/iv_507 (4692)  
Potentially least occurring input variable: iv_498/iv_508 (4182)

Least output occurring input variable: iv_505 (72)  
Most output occurring input variable: iv_499 (81)

Most output co-occurring input variables: iv_499-iv_507 (46)  
Least output co-occurring input variables: iv_498-iv_500 (29)

Potentially most output occurring input variable: iv_499/iv_503 (95)  
Potentially least output occurring input variable: iv_502/iv_508 (64)

Least complex input bit: iv_498 (7.290506244781184 × 10^306)  
Most complex input bit: iv_510 (1.4572583184074736 × 10^309)

Least complex output bit: aaa_76_29 (1.609624257327227 × 10^284)  
Most complex output bit: ov_001 (8.669925950894304 × 10^308)

Least complex input/output complexity: iv_498/aaa_76_29 (2.1070056006586656 × 10^281)  
Most complex input/output complexity: iv_510/ov_001 (2.2684824654556133 × 10^308)

## Input Bits

### Input Bits in Regular Order

| Input Bit | Complexity | Occurrences | Output Occurrences |
|:---------:|:----------:|:-----------:|:------------------:|
| iv_498 | 7.290506244781184 × 10^306 | 3969 | 77 |
| iv_499 | 1.5068813060005357 × 10^307 | 4254 | 81 |
| iv_500 | 2.8174442514857983 × 10^307 | 4110 | 74 |
| iv_501 | 5.177911609002847 × 10^307 | 4268 | 75 |
| iv_502 | 8.822226732642596 × 10^307 | 4126 | 77 |
| iv_503 | 1.4371204613209677 × 10^308 | 4197 | 78 |
| iv_504 | 2.263738963806094 × 10^308 | 3977 | 78 |
| iv_505 | 3.4710293086519323 × 10^308 | 4312 | 72 |
| iv_506 | 1.7295425342128514 × 10^308 | 4030 | 76 |
| iv_507 | 1.2105886335983022 × 10^309 | 4426 | 79 |
| iv_508 | 5.640533885921179 × 10^308 | 4065 | 77 |
| iv_510 | 1.4572583184074736 × 10^309 | 4192 | 75 |
| iv_511 | 5.840606450948695 × 10^308 | 4293 | 77 |
| iv_512 | 6.7286454241704655 × 10^308 | 4433 | 79 |

### Input Bits Sorted by Complexity

| Input Bit | Complexity | Occurrences | Output Occurrences |
|:---------:|:----------:|:-----------:|:------------------:|
| iv_498 | 7.290506244781184 × 10^306 | 3969 | 77 |
| iv_499 | 1.5068813060005357 × 10^307 | 4254 | 81 |
| iv_500 | 2.8174442514857983 × 10^307 | 4110 | 74 |
| iv_501 | 5.177911609002847 × 10^307 | 4268 | 75 |
| iv_502 | 8.822226732642596 × 10^307 | 4126 | 77 |
| iv_503 | 1.4371204613209677 × 10^308 | 4197 | 78 |
| iv_506 | 1.7295425342128514 × 10^308 | 4030 | 76 |
| iv_504 | 2.263738963806094 × 10^308 | 3977 | 78 |
| iv_505 | 3.4710293086519323 × 10^308 | 4312 | 72 |
| iv_508 | 5.640533885921179 × 10^308 | 4065 | 77 |
| iv_511 | 5.840606450948695 × 10^308 | 4293 | 77 |
| iv_512 | 6.7286454241704655 × 10^308 | 4433 | 79 |
| iv_507 | 1.2105886335983022 × 10^309 | 4426 | 79 |
| iv_510 | 1.4572583184074736 × 10^309 | 4192 | 75 |

### Input Bits Sorted by Occurrences

| Input Bit | Complexity | Occurrences | Output Occurrences |
|:---------:|:----------:|:-----------:|:------------------:|
| iv_498 | 7.290506244781184 × 10^306 | 3969 | 77 |
| iv_504 | 2.263738963806094 × 10^308 | 3977 | 78 |
| iv_506 | 1.7295425342128514 × 10^308 | 4030 | 76 |
| iv_508 | 5.640533885921179 × 10^308 | 4065 | 77 |
| iv_500 | 2.8174442514857983 × 10^307 | 4110 | 74 |
| iv_502 | 8.822226732642596 × 10^307 | 4126 | 77 |
| iv_510 | 1.4572583184074736 × 10^309 | 4192 | 75 |
| iv_503 | 1.4371204613209677 × 10^308 | 4197 | 78 |
| iv_499 | 1.5068813060005357 × 10^307 | 4254 | 81 |
| iv_501 | 5.177911609002847 × 10^307 | 4268 | 75 |
| iv_511 | 5.840606450948695 × 10^308 | 4293 | 77 |
| iv_505 | 3.4710293086519323 × 10^308 | 4312 | 72 |
| iv_507 | 1.2105886335983022 × 10^309 | 4426 | 79 |
| iv_512 | 6.7286454241704655 × 10^308 | 4433 | 79 |

### Input Bits Sorted by Output Occurrences

| Input Bit | Complexity | Occurrences | Output Occurrences |
|:---------:|:----------:|:-----------:|:------------------:|
| iv_505 | 3.4710293086519323 × 10^308 | 4312 | 72 |
| iv_500 | 2.8174442514857983 × 10^307 | 4110 | 74 |
| iv_501 | 5.177911609002847 × 10^307 | 4268 | 75 |
| iv_510 | 1.4572583184074736 × 10^309 | 4192 | 75 |
| iv_506 | 1.7295425342128514 × 10^308 | 4030 | 76 |
| iv_502 | 8.822226732642596 × 10^307 | 4126 | 77 |
| iv_508 | 5.640533885921179 × 10^308 | 4065 | 77 |
| iv_511 | 5.840606450948695 × 10^308 | 4293 | 77 |
| iv_498 | 7.290506244781184 × 10^306 | 3969 | 77 |
| iv_503 | 1.4371204613209677 × 10^308 | 4197 | 78 |
| iv_504 | 2.263738963806094 × 10^308 | 3977 | 78 |
| iv_507 | 1.2105886335983022 × 10^309 | 4426 | 79 |
| iv_512 | 6.7286454241704655 × 10^308 | 4433 | 79 |
| iv_499 | 1.5068813060005357 × 10^307 | 4254 | 81 |

## Input Bit Co-occurrences

### Input Bit Co-occurrences Sorted by Co-occurrences

| Input Bits | Co-occurrences | Potential Occurrences | Output Co-occurrences | Potential Output Occurrences |
|:----------:|:--------------:|:---------------------:|:---------------------:|:----------------------------:|
| iv_501-iv_511 | 2148 | 4265 | 32 | 88 |
| iv_499-iv_512 | 2141 | 4405 | 45 | 70 |
| iv_505-iv_512 | 2138 | 4469 | 39 | 73 |
| iv_507-iv_512 | 2130 | 4599 | 36 | 86 |
| iv_505-iv_507 | 2119 | 4500 | 36 | 79 |
| iv_511-iv_512 | 2117 | 4492 | 40 | 76 |
| iv_501-iv_512 | 2115 | 4471 | 37 | 80 |
| iv_499-iv_507 | 2100 | 4480 | 46 | 68 |
| iv_505-iv_511 | 2099 | 4407 | 35 | 79 |
| iv_503-iv_512 | 2096 | 4438 | 35 | 87 |
| iv_503-iv_511 | 2095 | 4300 | 36 | 83 |
| iv_507-iv_511 | 2095 | 4529 | 38 | 80 |
| iv_499-iv_505 | 2086 | 4394 | 35 | 83 |
| iv_501-iv_505 | 2077 | 4426 | 36 | 75 |

### Input Bit Co-occurrences Sorted by Potential Occurrences

| Input Bits | Co-occurrences | Potential Occurrences | Output Co-occurrences | Potential Output Occurrences |
|:----------:|:--------------:|:---------------------:|:---------------------:|:----------------------------:|
| iv_498-iv_508 | 1926 | 4182 | 44 | 66 |
| iv_504-iv_505 | 2032 | 4225 | 33 | 84 |
| iv_499-iv_506 | 2018 | 4248 | 37 | 83 |
| iv_498-iv_506 | 1873 | 4253 | 35 | 83 |
| iv_499-iv_508 | 2032 | 4255 | 38 | 82 |
| iv_501-iv_511 | 2148 | 4265 | 32 | 88 |
| iv_501-iv_506 | 2004 | 4290 | 39 | 73 |
| iv_498-iv_501 | 1972 | 4293 | 44 | 64 |
| iv_503-iv_511 | 2095 | 4300 | 36 | 83 |
| iv_506-iv_508 | 1894 | 4307 | 38 | 77 |
| iv_500-iv_506 | 1916 | 4308 | 36 | 78 |
| iv_498-iv_499 | 1956 | 4311 | 37 | 84 |
| iv_500-iv_503 | 1998 | 4311 | 38 | 76 |
| iv_506-iv_510 | 1950 | 4322 | 35 | 81 |

### Input Bit Output Co-occurrences Sorted by Output Co-occurrences

| Input Bits | Co-occurrences | Potential Occurrences | Output Co-occurrences | Potential Output Occurrences |
|:----------:|:--------------:|:---------------------:|:---------------------:|:----------------------------:|
| iv_499-iv_507 | 2100 | 4480 | 46 | 68 |
| iv_499-iv_500 | 2008 | 4348 | 45 | 65 |
| iv_499-iv_501 | 2054 | 4414 | 45 | 66 |
| iv_499-iv_512 | 2141 | 4405 | 45 | 70 |
| iv_502-iv_508 | 1917 | 4357 | 45 | 64 |
| iv_508-iv_512 | 2060 | 4378 | 44 | 68 |
| iv_498-iv_508 | 1926 | 4182 | 44 | 66 |
| iv_498-iv_501 | 1972 | 4293 | 44 | 64 |
| iv_510-iv_511 | 2026 | 4433 | 41 | 70 |
| iv_501-iv_507 | 2001 | 4692 | 40 | 74 |
| iv_502-iv_503 | 1974 | 4375 | 40 | 75 |
| iv_502-iv_512 | 2052 | 4455 | 40 | 76 |
| iv_503-iv_507 | 2041 | 4541 | 40 | 77 |
| iv_511-iv_512 | 2117 | 4492 | 40 | 76 |

### Input Bit Output Co-occurrences Sorted by Potential Output Occurrences

| Input Bits | Co-occurrences | Potential Occurrences | Output Co-occurrences | Potential Output Occurrences |
|:----------:|:--------------:|:---------------------:|:---------------------:|:----------------------------:|
| iv_502-iv_508 | 1917 | 4357 | 45 | 64 |
| iv_498-iv_501 | 1972 | 4293 | 44 | 64 |
| iv_499-iv_500 | 2008 | 4348 | 45 | 65 |
| iv_499-iv_501 | 2054 | 4414 | 45 | 66 |
| iv_498-iv_508 | 1926 | 4182 | 44 | 66 |
| iv_499-iv_507 | 2100 | 4480 | 46 | 68 |
| iv_508-iv_512 | 2060 | 4378 | 44 | 68 |
| iv_499-iv_512 | 2141 | 4405 | 45 | 70 |
| iv_510-iv_511 | 2026 | 4433 | 41 | 70 |
| iv_502-iv_505 | 2026 | 4386 | 38 | 73 |
| iv_505-iv_512 | 2138 | 4469 | 39 | 73 |
| iv_501-iv_506 | 2004 | 4290 | 39 | 73 |
| iv_501-iv_507 | 2001 | 4692 | 40 | 74 |
| iv_505-iv_506 | 1928 | 4486 | 37 | 74 |

## Output Bits

### Output Bits in Regular Order

| Rank | Output Bit | Complexity |
|:----:|:----------:|:----------:|
| 1 | ov_001 | 8.669925950894304 × 10^308 |
| 2 | ov_002 | 7.54852075858909 × 10^308 |
| 3 | ov_003 | 6.541433365976803 × 10^308 |
| 4 | ov_004 | 5.640098587382548 × 10^308 |
| 5 | ov_005 | 4.8364211160440375 × 10^308 |
| 6 | ov_006 | 4.1227423961915195 × 10^308 |
| 7 | ov_007 | 3.4918117842979066 × 10^308 |
| 8 | ov_008 | 2.9367616065232763 × 10^308 |
| 9 | ov_009 | 2.4510857404964666 × 10^308 |
| 10 | ov_010 | 2.0286213699117917 × 10^308 |
| 11 | ov_011 | 1.6635335801092629 × 10^308 |
| 12 | ov_012 | 1.350302481973223 × 10^308 |
| 13 | ov_013 | 1.0837125702317328 × 10^308 |
| 14 | ov_014 | 8.588440406570627 × 10^307 |
| 15 | ov_015 | 6.710658088320731 × 10^307 |
| 16 | ov_016 | 5.160299911210826 × 10^307 |
| 17 | ov_017 | 3.8966762631851744 × 10^307 |
| 18 | ov_018 | 2.881854341851757 × 10^307 |
| 19 | ov_019 | 2.080634247520888 × 10^307 |
| 20 | ov_020 | 1.4605318989932166 × 10^307 |
| 21 | ov_021 | 9.917672631828804 × 10^306 |
| 22 | ov_022 | 6.472565655230346 × 10^306 |
| 23 | ov_023 | 4.026073238792298 × 10^306 |
| 24 | ov_024 | 2.3611526381274577 × 10^306 |
| 25 | ov_025 | 1.2876245591382342 × 10^306 |
| 26 | ov_026 | 6.42162658499647 × 10^305 |
| 27 | ov_027 | 2.8828835217703697 × 10^305 |
| 28 | ov_028 | 1.1636869430003324 × 10^305 |
| 29 | ov_029 | 4.361569358240983 × 10^304 |
| 30 | ov_030 | 1.3186018806041817 × 10^304 |
| 31 | ov_031 | 2.9191312835033345 × 10^303 |
| 32 | lv_80_m31 | 5.692362470244759 × 10^302 |
| 33 | ov_033 | 6.866013564408355 × 10^303 |
| 34 | ov_034 | 5.965889850084614 × 10^303 |
| 35 | ov_035 | 5.158632050562639 × 10^303 |
| 36 | ov_036 | 4.437224771248105 × 10^303 |
| 37 | ov_037 | 3.7950384759774406 × 10^303 |
| 38 | ov_038 | 3.22580222891778 × 10^303 |
| 39 | ov_039 | 2.723579943235224 × 10^303 |
| 40 | ov_040 | 2.2827498200592415 × 10^303 |
| 41 | ov_041 | 1.8979866770523885 × 10^303 |
| 42 | ov_042 | 1.5642468813633772 × 10^303 |
| 43 | ov_043 | 1.2767556169783126 × 10^303 |
| 44 | ov_044 | 1.0309962315483115 × 10^303 |
| 45 | ov_045 | 8.227014227015567 × 10^302 |
| 46 | ov_046 | 6.478460386703407 × 10^302 |
| 47 | ov_047 | 5.0264128279729065 × 10^302 |
| 48 | ov_048 | 3.8353012614488554 × 10^302 |
| 49 | ov_049 | 2.871837470320301 × 10^302 |
| 50 | ov_050 | 2.104988308728834 × 10^302 |
| 51 | ov_051 | 1.5059557820699345 × 10^302 |
| 52 | ov_052 | 1.0481628329529894 × 10^302 |
| 53 | ov_053 | 7.072436012181866 × 10^301 |
| 54 | ov_054 | 4.610370709251692 × 10^301 |
| 55 | ov_055 | 2.895831616541037 × 10^301 |
| 56 | ov_056 | 1.7512046582660604 × 10^301 |
| 57 | ov_057 | 1.0208500092198837 × 10^301 |
| 58 | ov_058 | 5.7109549263744155 × 10^300 |
| 59 | ov_059 | 2.9023334152313774 × 10^300 |
| 60 | ov_060 | 1.2790052272678194 × 10^300 |
| 61 | ov_061 | 4.471532125124752 × 10^299 |
| 62 | ov_062 | 1.2277231383129398 × 10^299 |
| 63 | ov_063 | 2.3952252327190213 × 10^298 |
| 64 | lv_79_m31 | 4.6719798048314764 × 10^297 |
| 65 | ov_065 | 5.638688308120131 × 10^298 |
| 66 | ov_066 | 5.638673624939398 × 10^298 |
| 67 | ov_067 | 5.638670105369164 × 10^298 |
| 68 | ov_068 | 4.903942863958598 × 10^298 |
| 69 | ov_069 | 4.2440036300152667 × 10^298 |
| 70 | ov_070 | 3.6534064217344827 × 10^298 |
| 71 | ov_071 | 3.1269731112155553 × 10^298 |
| 72 | ov_072 | 2.6597751306393246 × 10^298 |
| 73 | ov_073 | 2.2471184313640545 × 10^298 |
| 74 | ov_074 | 1.8845312928754012 × 10^298 |
| 75 | ov_075 | 1.5677546000589344 × 10^298 |
| 76 | ov_076 | 1.292734227939693 × 10^298 |
| 77 | ov_077 | 1.0556151929989954 × 10^298 |
| 78 | ov_078 | 8.527372495629447 × 10^297 |
| 79 | ov_079 | 6.806316286718715 × 10^297 |
| 80 | ov_080 | 5.360186353818745 × 10^297 |
| 81 | ov_081 | 4.158058387008957 × 10^297 |
| 82 | ov_082 | 3.170866318023212 × 10^297 |
| 83 | ov_083 | 2.371390320536781 × 10^297 |
| 84 | ov_084 | 1.7342467556986778 × 10^297 |
| 85 | ov_085 | 1.2358798867740952 × 10^297 |
| 86 | ov_086 | 8.545551871102847 × 10^296 |
| 87 | ov_087 | 5.7035406584978925 × 10^296 |
| 88 | ov_088 | 3.6516983593696508 × 10^296 |
| 89 | ov_089 | 2.227047490321646 × 10^296 |
| 90 | ov_090 | 1.2846792198446272 × 10^296 |
| 91 | ov_091 | 6.977397953199702 × 10^295 |
| 92 | ov_092 | 3.5742239375461253 × 10^295 |
| 93 | ov_093 | 1.7296274431258573 × 10^295 |
| 94 | ov_094 | 7.16370951660088 × 10^294 |
| 95 | aaa_78_28 | 2.159355268797272 × 10^294 |
| 96 | aaa_78_29 | 7.589984316187268 × 10^293 |
| 97 | ov_097 | 3.9344791246890926 × 10^293 |
| 98 | ov_098 | 3.934450010742407 × 10^293 |
| 99 | ov_099 | 3.934440700903424 × 10^293 |
| 100 | ov_100 | 3.3004072450343466 × 10^293 |
| 101 | ov_101 | 2.747307350309029 × 10^293 |
| 102 | ov_102 | 2.267936335498827 × 10^293 |
| 103 | ov_103 | 1.8554893331332318 × 10^293 |
| 104 | ov_104 | 1.5035323095901825 × 10^293 |
| 105 | ov_105 | 1.2059767371948674 × 10^293 |
| 106 | ov_106 | 9.570575922565369 × 10^292 |
| 107 | ov_107 | 7.513143702953554 × 10^292 |
| 108 | ov_108 | 5.835748263478569 × 10^292 |
| 109 | ov_109 | 4.489411643112505 × 10^292 |
| 110 | ov_110 | 3.4277841489887806 × 10^292 |
| 111 | ov_111 | 2.6070475702269436 × 10^292 |
| 112 | ov_112 | 1.9858355237231382 × 10^292 |
| 113 | ov_113 | 1.5251687769057675 × 10^292 |
| 114 | ov_114 | 1.1884035380842732 × 10^292 |
| 115 | ov_115 | 9.411908494275809 × 10^291 |
| 116 | ov_116 | 7.514453611632323 × 10^291 |
| 117 | ov_117 | 5.893219085723409 × 10^291 |
| 118 | ov_118 | 4.526093450022727 × 10^291 |
| 119 | ov_119 | 3.391045836534638 × 10^291 |
| 120 | ov_120 | 2.4660968386473868 × 10^291 |
| 121 | ov_121 | 1.729298039999187 × 10^291 |
| 122 | ov_122 | 1.1587187872509682 × 10^291 |
| 123 | ov_123 | 7.324383236281393 × 10^290 |
| 124 | ov_124 | 4.285411167753863 × 10^290 |
| 125 | ov_125 | 2.251140428498363 × 10^290 |
| 126 | ov_126 | 1.0024485977350381 × 10^290 |
| 127 | aaa_77_28 | 3.202155692439226 × 10^289 |
| 128 | aaa_77_29 | 1.2011027801926341 × 10^289 |
| 129 | ov_129 | 1.1253738516365037 × 10^289 |
| 130 | ov_130 | 1.125370711391479 × 10^289 |
| 131 | ov_131 | 1.125369950751422 × 10^289 |
| 132 | ov_132 | 9.785869842435866 × 10^288 |
| 133 | ov_133 | 8.468619298926536 × 10^288 |
| 134 | ov_134 | 7.290629246747346 × 10^288 |
| 135 | ov_135 | 6.241202375110688 × 10^288 |
| 136 | ov_136 | 5.310218476695824 × 10^288 |
| 137 | ov_137 | 4.488095984703049 × 10^288 |
| 138 | ov_138 | 3.7657587376011643 × 10^288 |
| 139 | ov_139 | 3.1346074738098234 × 10^288 |
| 140 | ov_140 | 2.5864955852008158 × 10^288 |
| 141 | ov_141 | 2.1137086841840745 × 10^288 |
| 142 | ov_142 | 1.708947564424104 × 10^288 |
| 143 | ov_143 | 1.3653141600464305 × 10^288 |
| 144 | ov_144 | 1.0763001326556471 × 10^288 |
| 145 | ov_145 | 8.35777739690919 × 10^287 |
| 146 | ov_146 | 6.379926616674452 × 10^287 |
| 147 | ov_147 | 4.775584897526635 × 10^287 |
| 148 | ov_148 | 3.494525989484793 × 10^287 |
| 149 | ov_149 | 2.490131559266624 × 10^287 |
| 150 | ov_150 | 1.719370343138916 × 10^287 |
| 151 | ov_151 | 1.142784339572687 × 10^287 |
| 152 | ov_152 | 7.244802442669769 × 10^286 |
| 153 | ov_153 | 4.321245673082857 × 10^286 |
| 154 | ov_154 | 2.3694110940497767 × 10^286 |
| 155 | ov_155 | 1.1370974561414505 × 10^286 |
| 156 | aaa_76_25 | 4.0765857601356805 × 10^285 |
| 157 | aaa_76_26 | 2.3142197228758637 × 10^285 |
| 158 | aaa_76_27 | 1.1906968800320412 × 10^285 |
| 159 | aaa_76_28 | 5.2826748554677256 × 10^284 |
| 160 | aaa_76_29 | 1.609624257327227 × 10^284 |

### Output Bits Sorted by Complexity

| Rank | Output Bit | Complexity |
|:----:|:----------:|:----------:|
| 160 | aaa_76_29 | 1.609624257327227 × 10^284 |
| 159 | aaa_76_28 | 5.2826748554677256 × 10^284 |
| 158 | aaa_76_27 | 1.1906968800320412 × 10^285 |
| 157 | aaa_76_26 | 2.3142197228758637 × 10^285 |
| 156 | aaa_76_25 | 4.0765857601356805 × 10^285 |
| 155 | ov_155 | 1.1370974561414505 × 10^286 |
| 154 | ov_154 | 2.3694110940497767 × 10^286 |
| 153 | ov_153 | 4.321245673082857 × 10^286 |
| 152 | ov_152 | 7.244802442669769 × 10^286 |
| 151 | ov_151 | 1.142784339572687 × 10^287 |
| 150 | ov_150 | 1.719370343138916 × 10^287 |
| 149 | ov_149 | 2.490131559266624 × 10^287 |
| 148 | ov_148 | 3.494525989484793 × 10^287 |
| 147 | ov_147 | 4.775584897526635 × 10^287 |
| 146 | ov_146 | 6.379926616674452 × 10^287 |
| 145 | ov_145 | 8.35777739690919 × 10^287 |
| 144 | ov_144 | 1.0763001326556471 × 10^288 |
| 143 | ov_143 | 1.3653141600464305 × 10^288 |
| 142 | ov_142 | 1.708947564424104 × 10^288 |
| 141 | ov_141 | 2.1137086841840745 × 10^288 |
| 140 | ov_140 | 2.5864955852008158 × 10^288 |
| 139 | ov_139 | 3.1346074738098234 × 10^288 |
| 138 | ov_138 | 3.7657587376011643 × 10^288 |
| 137 | ov_137 | 4.488095984703049 × 10^288 |
| 136 | ov_136 | 5.310218476695824 × 10^288 |
| 135 | ov_135 | 6.241202375110688 × 10^288 |
| 134 | ov_134 | 7.290629246747346 × 10^288 |
| 133 | ov_133 | 8.468619298926536 × 10^288 |
| 132 | ov_132 | 9.785869842435866 × 10^288 |
| 131 | ov_131 | 1.125369950751422 × 10^289 |
| 130 | ov_130 | 1.125370711391479 × 10^289 |
| 129 | ov_129 | 1.1253738516365037 × 10^289 |
| 128 | aaa_77_29 | 1.2011027801926341 × 10^289 |
| 127 | aaa_77_28 | 3.202155692439226 × 10^289 |
| 126 | ov_126 | 1.0024485977350381 × 10^290 |
| 125 | ov_125 | 2.251140428498363 × 10^290 |
| 124 | ov_124 | 4.285411167753863 × 10^290 |
| 123 | ov_123 | 7.324383236281393 × 10^290 |
| 122 | ov_122 | 1.1587187872509682 × 10^291 |
| 121 | ov_121 | 1.729298039999187 × 10^291 |
| 120 | ov_120 | 2.4660968386473868 × 10^291 |
| 119 | ov_119 | 3.391045836534638 × 10^291 |
| 118 | ov_118 | 4.526093450022727 × 10^291 |
| 117 | ov_117 | 5.893219085723409 × 10^291 |
| 116 | ov_116 | 7.514453611632323 × 10^291 |
| 115 | ov_115 | 9.411908494275809 × 10^291 |
| 114 | ov_114 | 1.1884035380842732 × 10^292 |
| 113 | ov_113 | 1.5251687769057675 × 10^292 |
| 112 | ov_112 | 1.9858355237231382 × 10^292 |
| 111 | ov_111 | 2.6070475702269436 × 10^292 |
| 110 | ov_110 | 3.4277841489887806 × 10^292 |
| 109 | ov_109 | 4.489411643112505 × 10^292 |
| 108 | ov_108 | 5.835748263478569 × 10^292 |
| 107 | ov_107 | 7.513143702953554 × 10^292 |
| 106 | ov_106 | 9.570575922565369 × 10^292 |
| 105 | ov_105 | 1.2059767371948674 × 10^293 |
| 104 | ov_104 | 1.5035323095901825 × 10^293 |
| 103 | ov_103 | 1.8554893331332318 × 10^293 |
| 102 | ov_102 | 2.267936335498827 × 10^293 |
| 101 | ov_101 | 2.747307350309029 × 10^293 |
| 100 | ov_100 | 3.3004072450343466 × 10^293 |
| 99 | ov_099 | 3.934440700903424 × 10^293 |
| 98 | ov_098 | 3.934450010742407 × 10^293 |
| 97 | ov_097 | 3.9344791246890926 × 10^293 |
| 96 | aaa_78_29 | 7.589984316187268 × 10^293 |
| 95 | aaa_78_28 | 2.159355268797272 × 10^294 |
| 94 | ov_094 | 7.16370951660088 × 10^294 |
| 93 | ov_093 | 1.7296274431258573 × 10^295 |
| 92 | ov_092 | 3.5742239375461253 × 10^295 |
| 91 | ov_091 | 6.977397953199702 × 10^295 |
| 90 | ov_090 | 1.2846792198446272 × 10^296 |
| 89 | ov_089 | 2.227047490321646 × 10^296 |
| 88 | ov_088 | 3.6516983593696508 × 10^296 |
| 87 | ov_087 | 5.7035406584978925 × 10^296 |
| 86 | ov_086 | 8.545551871102847 × 10^296 |
| 85 | ov_085 | 1.2358798867740952 × 10^297 |
| 84 | ov_084 | 1.7342467556986778 × 10^297 |
| 83 | ov_083 | 2.371390320536781 × 10^297 |
| 82 | ov_082 | 3.170866318023212 × 10^297 |
| 81 | ov_081 | 4.158058387008957 × 10^297 |
| 64 | lv_79_m31 | 4.6719798048314764 × 10^297 |
| 80 | ov_080 | 5.360186353818745 × 10^297 |
| 79 | ov_079 | 6.806316286718715 × 10^297 |
| 78 | ov_078 | 8.527372495629447 × 10^297 |
| 77 | ov_077 | 1.0556151929989954 × 10^298 |
| 76 | ov_076 | 1.292734227939693 × 10^298 |
| 75 | ov_075 | 1.5677546000589344 × 10^298 |
| 74 | ov_074 | 1.8845312928754012 × 10^298 |
| 73 | ov_073 | 2.2471184313640545 × 10^298 |
| 63 | ov_063 | 2.3952252327190213 × 10^298 |
| 72 | ov_072 | 2.6597751306393246 × 10^298 |
| 71 | ov_071 | 3.1269731112155553 × 10^298 |
| 70 | ov_070 | 3.6534064217344827 × 10^298 |
| 69 | ov_069 | 4.2440036300152667 × 10^298 |
| 68 | ov_068 | 4.903942863958598 × 10^298 |
| 67 | ov_067 | 5.638670105369164 × 10^298 |
| 66 | ov_066 | 5.638673624939398 × 10^298 |
| 65 | ov_065 | 5.638688308120131 × 10^298 |
| 62 | ov_062 | 1.2277231383129398 × 10^299 |
| 61 | ov_061 | 4.471532125124752 × 10^299 |
| 60 | ov_060 | 1.2790052272678194 × 10^300 |
| 59 | ov_059 | 2.9023334152313774 × 10^300 |
| 58 | ov_058 | 5.7109549263744155 × 10^300 |
| 57 | ov_057 | 1.0208500092198837 × 10^301 |
| 56 | ov_056 | 1.7512046582660604 × 10^301 |
| 55 | ov_055 | 2.895831616541037 × 10^301 |
| 54 | ov_054 | 4.610370709251692 × 10^301 |
| 53 | ov_053 | 7.072436012181866 × 10^301 |
| 52 | ov_052 | 1.0481628329529894 × 10^302 |
| 51 | ov_051 | 1.5059557820699345 × 10^302 |
| 50 | ov_050 | 2.104988308728834 × 10^302 |
| 49 | ov_049 | 2.871837470320301 × 10^302 |
| 48 | ov_048 | 3.8353012614488554 × 10^302 |
| 47 | ov_047 | 5.0264128279729065 × 10^302 |
| 32 | lv_80_m31 | 5.692362470244759 × 10^302 |
| 46 | ov_046 | 6.478460386703407 × 10^302 |
| 45 | ov_045 | 8.227014227015567 × 10^302 |
| 44 | ov_044 | 1.0309962315483115 × 10^303 |
| 43 | ov_043 | 1.2767556169783126 × 10^303 |
| 42 | ov_042 | 1.5642468813633772 × 10^303 |
| 41 | ov_041 | 1.8979866770523885 × 10^303 |
| 40 | ov_040 | 2.2827498200592415 × 10^303 |
| 39 | ov_039 | 2.723579943235224 × 10^303 |
| 31 | ov_031 | 2.9191312835033345 × 10^303 |
| 38 | ov_038 | 3.22580222891778 × 10^303 |
| 37 | ov_037 | 3.7950384759774406 × 10^303 |
| 36 | ov_036 | 4.437224771248105 × 10^303 |
| 35 | ov_035 | 5.158632050562639 × 10^303 |
| 34 | ov_034 | 5.965889850084614 × 10^303 |
| 33 | ov_033 | 6.866013564408355 × 10^303 |
| 30 | ov_030 | 1.3186018806041817 × 10^304 |
| 29 | ov_029 | 4.361569358240983 × 10^304 |
| 28 | ov_028 | 1.1636869430003324 × 10^305 |
| 27 | ov_027 | 2.8828835217703697 × 10^305 |
| 26 | ov_026 | 6.42162658499647 × 10^305 |
| 25 | ov_025 | 1.2876245591382342 × 10^306 |
| 24 | ov_024 | 2.3611526381274577 × 10^306 |
| 23 | ov_023 | 4.026073238792298 × 10^306 |
| 22 | ov_022 | 6.472565655230346 × 10^306 |
| 21 | ov_021 | 9.917672631828804 × 10^306 |
| 20 | ov_020 | 1.4605318989932166 × 10^307 |
| 19 | ov_019 | 2.080634247520888 × 10^307 |
| 18 | ov_018 | 2.881854341851757 × 10^307 |
| 17 | ov_017 | 3.8966762631851744 × 10^307 |
| 16 | ov_016 | 5.160299911210826 × 10^307 |
| 15 | ov_015 | 6.710658088320731 × 10^307 |
| 14 | ov_014 | 8.588440406570627 × 10^307 |
| 13 | ov_013 | 1.0837125702317328 × 10^308 |
| 12 | ov_012 | 1.350302481973223 × 10^308 |
| 11 | ov_011 | 1.6635335801092629 × 10^308 |
| 10 | ov_010 | 2.0286213699117917 × 10^308 |
| 9 | ov_009 | 2.4510857404964666 × 10^308 |
| 8 | ov_008 | 2.9367616065232763 × 10^308 |
| 7 | ov_007 | 3.4918117842979066 × 10^308 |
| 6 | ov_006 | 4.1227423961915195 × 10^308 |
| 5 | ov_005 | 4.8364211160440375 × 10^308 |
| 4 | ov_004 | 5.640098587382548 × 10^308 |
| 3 | ov_003 | 6.541433365976803 × 10^308 |
| 2 | ov_002 | 7.54852075858909 × 10^308 |
| 1 | ov_001 | 8.669925950894304 × 10^308 |

