# Results for O002006-E005015-F017-F018-F019-F020-F021-F022-F023-F024-F025-F026-F027-F028-F029-F030-F031-F032-F033-F034-F035-F036-F037-F038-F039-F040-F041-F042-F043-F044-F045-F046-F047-F048-F049-F050-F051-F052-F053-F054-F055-F056-F057-F058-F059-F060-F061-F062-F063-F064-F065-F066-F067-F068-F069-F070-F071-F072-F073-F074-F075-F076-F077-F078-F079-F080-F081-F082-F083-F084-F085-F086-F087-F088-F089-F090-F091-F092-F093-F094-F095-F096-F097-F098-F099-F100-F101-F102-F103-F104-F105-F106-F107-F108-F109-F110-F111-F112-F113-F114-F115-F116-F117-F118-F119-F120-F121-F122-F123-F124-F125-F126-F127-F128-F129-F130-F131-F132-F133-F134-F135-F136-F137-F138-F139-F140-F141-F142-F143-F144-F145-F146-F147-F148-F149-F150-F151-F152-F153-F154-F155-F156-F157-F158-F159-F160-F161-F162-F163-F164-F165-F166-F167-F168-F169-F170-F171-F172-F173-F174-F175-F176-F177-F178-F179-F180-F181-F182-F183-F184-F185-F186-F187-F188-F189-F190-F191-F192-F193-F194-F195-F196-F197-F198-F199-F200-F201-F202-F203-F204-F205-F206-F207-F208-F209-F210-F211-F212-F213-F214-F215-F216-F217-F218-F219-F220-F221-F222-F223-F224-F225-F226-F227-F228-F229-F230-F231-F232-F233-F234-F235-F236-F237-F238-F239-F240-F241-F242-F243-F244-F245-F246-F247-F248-F249-F250-F251-F252-F253-F254-F255-F256-F257-F258-F259-F260-F261-F262-F263-F264-F265-F266-F267-F268-F269-F270-F271-F272-F273-F274-F275-F276-F277-F278-F279-F280-F281-F282-F283-F284-F285-F286-F287-F288-F289-F290-F291-F292-F293-F294-F295-F296-F297-F298-F299-F300-F301-F302-F303-F304-F305-F306-F307-F308-F309-F310-F311-F312-F313-F314-F315-F316-F317-F318-F319-F320-F321-F322-F323-F324-F325-F326-F327-F328-F329-F330-F331-F332-F333-F334-F335-F336-F337-F338-F339-F340-F341-F342-F343-F344-F345-F346-F347-F348-F349-F350-F351-F352-F353-F354-F355-F356-F357-F358-F359-F360-F361-F362-F363-F364-F365-F366-F367-F368-F369-F370-F371-F372-F373-F374-F375-F376-F377-F378-F379-F380-F381-F382-F383-F384-F385-F386-F387-F388-F389-F390-F391-F392-F393-F394-F395-F396-F397-F398-F399-F400-F401-F402-F403-F404-F405-F406-F407-F408-F409-F410-F411-F412-F413-F414-F415-F416-F417-F418-F419-F420-F421-F422-F423-F424-F425-F426-F427-F428-F429-F430-F431-F432-F433-F434-F435-F436-F437-F438-F439-F440-F441-F442-F443-F444-F445-F446-F447-F448-F449-F450-F451-F452-F453-F454-F455-F456-F457-F458-F459-F460-F461-F462-F463-F464-F465-F466-F467-F468-F469-F470-F471-F472-F473-F474-F475-F476-F477-F478-F479-F480-F481-F482-F483-F484-F485-F486-F487-F488-F489-F490-F491-F492-F493-F494-F495-F496-F497-F498-F499-F500-F501-F502-F503-F504-F505-F506-F507-F508-F509-F510-F511-F512

## Summary

Number of input bits: 512  
Number of free input bits: 14  
Number of output bits: 160

Number of direct occurrences: 64213  
Number of assignments: 39330  
Number of operations: 19436956
(xor: 19398642,
and: 21653,
or: 16661)

Total complexity: 6.58031767813186 × 10^358

Least occurring input variable: iv_012 (4244)  
Most occurring input variable: iv_005 (4859)

Most co-occurring input variables: iv_008-iv_009 (2331)  
Least co-occurring input variables: iv_012-iv_016 (1939)

Potentially most occurring input variable: iv_005/iv_011 (5408)  
Potentially least occurring input variable: iv_008/iv_009 (4495)

Least output occurring input variable: iv_011 (63)  
Most output occurring input variable: iv_012 (88)

Most output co-occurring input variables: iv_007-iv_012 (53)  
Least output co-occurring input variables: iv_005-iv_011 (27)

Potentially most output occurring input variable: iv_005/iv_010 (95)  
Potentially least output occurring input variable: iv_008/iv_013 (65)

Least complex input bit: iv_016 (9.621209263903784 × 10^354)  
Most complex input bit: iv_005 (1.4659385423940023 × 10^358)

Least complex output bit: aaa_76_29 (1.5304159035779418 × 10^333)  
Most complex output bit: ov_001 (1.0072772538582943 × 10^358)

Least complex input/output complexity: iv_016/aaa_76_29 (2.2376505800112067 × 10^329)  
Most complex input/output complexity: iv_005/ov_001 (2.243974564046984 × 10^357)

## Input Bits

### Input Bits in Regular Order

| Input Bit | Complexity | Occurrences | Output Occurrences |
|:---------:|:----------:|:-----------:|:------------------:|
| iv_001 | 2.9378243611458284 × 10^355 | 4656 | 81 |
| iv_002 | 1.8890560698935363 × 10^357 | 4746 | 66 |
| iv_003 | 3.658253488609344 × 10^356 | 4465 | 78 |
| iv_004 | 7.957367199297066 × 10^356 | 4590 | 79 |
| iv_005 | 1.4659385423940023 × 10^358 | 4859 | 74 |
| iv_007 | 2.2850096232480866 × 10^357 | 4430 | 88 |
| iv_008 | 2.877909872391382 × 10^357 | 4537 | 76 |
| iv_009 | 3.6177786539156575 × 10^357 | 4620 | 73 |
| iv_010 | 4.617921222940343 × 10^357 | 4546 | 87 |
| iv_011 | 6.028076794404461 × 10^357 | 4685 | 63 |
| iv_012 | 7.625357938536101 × 10^357 | 4244 | 88 |
| iv_013 | 9.450944065037038 × 10^357 | 4588 | 79 |
| iv_014 | 1.155117559534602 × 10^358 | 4730 | 83 |
| iv_016 | 9.621209263903784 × 10^354 | 4517 | 72 |

### Input Bits Sorted by Complexity

| Input Bit | Complexity | Occurrences | Output Occurrences |
|:---------:|:----------:|:-----------:|:------------------:|
| iv_016 | 9.621209263903784 × 10^354 | 4517 | 72 |
| iv_001 | 2.9378243611458284 × 10^355 | 4656 | 81 |
| iv_003 | 3.658253488609344 × 10^356 | 4465 | 78 |
| iv_004 | 7.957367199297066 × 10^356 | 4590 | 79 |
| iv_002 | 1.8890560698935363 × 10^357 | 4746 | 66 |
| iv_007 | 2.2850096232480866 × 10^357 | 4430 | 88 |
| iv_008 | 2.877909872391382 × 10^357 | 4537 | 76 |
| iv_009 | 3.6177786539156575 × 10^357 | 4620 | 73 |
| iv_010 | 4.617921222940343 × 10^357 | 4546 | 87 |
| iv_011 | 6.028076794404461 × 10^357 | 4685 | 63 |
| iv_012 | 7.625357938536101 × 10^357 | 4244 | 88 |
| iv_013 | 9.450944065037038 × 10^357 | 4588 | 79 |
| iv_014 | 1.155117559534602 × 10^358 | 4730 | 83 |
| iv_005 | 1.4659385423940023 × 10^358 | 4859 | 74 |

### Input Bits Sorted by Occurrences

| Input Bit | Complexity | Occurrences | Output Occurrences |
|:---------:|:----------:|:-----------:|:------------------:|
| iv_012 | 7.625357938536101 × 10^357 | 4244 | 88 |
| iv_007 | 2.2850096232480866 × 10^357 | 4430 | 88 |
| iv_003 | 3.658253488609344 × 10^356 | 4465 | 78 |
| iv_016 | 9.621209263903784 × 10^354 | 4517 | 72 |
| iv_008 | 2.877909872391382 × 10^357 | 4537 | 76 |
| iv_010 | 4.617921222940343 × 10^357 | 4546 | 87 |
| iv_013 | 9.450944065037038 × 10^357 | 4588 | 79 |
| iv_004 | 7.957367199297066 × 10^356 | 4590 | 79 |
| iv_009 | 3.6177786539156575 × 10^357 | 4620 | 73 |
| iv_001 | 2.9378243611458284 × 10^355 | 4656 | 81 |
| iv_011 | 6.028076794404461 × 10^357 | 4685 | 63 |
| iv_014 | 1.155117559534602 × 10^358 | 4730 | 83 |
| iv_002 | 1.8890560698935363 × 10^357 | 4746 | 66 |
| iv_005 | 1.4659385423940023 × 10^358 | 4859 | 74 |

### Input Bits Sorted by Output Occurrences

| Input Bit | Complexity | Occurrences | Output Occurrences |
|:---------:|:----------:|:-----------:|:------------------:|
| iv_011 | 6.028076794404461 × 10^357 | 4685 | 63 |
| iv_002 | 1.8890560698935363 × 10^357 | 4746 | 66 |
| iv_016 | 9.621209263903784 × 10^354 | 4517 | 72 |
| iv_009 | 3.6177786539156575 × 10^357 | 4620 | 73 |
| iv_005 | 1.4659385423940023 × 10^358 | 4859 | 74 |
| iv_008 | 2.877909872391382 × 10^357 | 4537 | 76 |
| iv_003 | 3.658253488609344 × 10^356 | 4465 | 78 |
| iv_013 | 9.450944065037038 × 10^357 | 4588 | 79 |
| iv_004 | 7.957367199297066 × 10^356 | 4590 | 79 |
| iv_001 | 2.9378243611458284 × 10^355 | 4656 | 81 |
| iv_014 | 1.155117559534602 × 10^358 | 4730 | 83 |
| iv_010 | 4.617921222940343 × 10^357 | 4546 | 87 |
| iv_007 | 2.2850096232480866 × 10^357 | 4430 | 88 |
| iv_012 | 7.625357938536101 × 10^357 | 4244 | 88 |

## Input Bit Co-occurrences

### Input Bit Co-occurrences Sorted by Co-occurrences

| Input Bits | Co-occurrences | Potential Occurrences | Output Co-occurrences | Potential Output Occurrences |
|:----------:|:--------------:|:---------------------:|:---------------------:|:----------------------------:|
| iv_008-iv_009 | 2331 | 4495 | 36 | 77 |
| iv_008-iv_013 | 2266 | 4593 | 45 | 65 |
| iv_009-iv_014 | 2253 | 4844 | 37 | 82 |
| iv_009-iv_011 | 2237 | 4831 | 30 | 76 |
| iv_013-iv_014 | 2232 | 4854 | 47 | 68 |
| iv_009-iv_010 | 2232 | 4702 | 43 | 74 |
| iv_008-iv_014 | 2229 | 4809 | 44 | 71 |
| iv_001-iv_011 | 2224 | 4893 | 34 | 76 |
| iv_004-iv_009 | 2224 | 4762 | 36 | 80 |
| iv_004-iv_014 | 2219 | 4882 | 41 | 80 |
| iv_011-iv_016 | 2216 | 4770 | 29 | 77 |
| iv_004-iv_005 | 2213 | 5023 | 36 | 81 |
| iv_010-iv_011 | 2213 | 4805 | 39 | 72 |
| iv_003-iv_004 | 2211 | 4633 | 36 | 85 |

### Input Bit Co-occurrences Sorted by Potential Occurrences

| Input Bits | Co-occurrences | Potential Occurrences | Output Co-occurrences | Potential Output Occurrences |
|:----------:|:--------------:|:---------------------:|:---------------------:|:----------------------------:|
| iv_008-iv_009 | 2331 | 4495 | 36 | 77 |
| iv_007-iv_012 | 2084 | 4506 | 53 | 70 |
| iv_003-iv_012 | 2092 | 4525 | 45 | 76 |
| iv_008-iv_013 | 2266 | 4593 | 45 | 65 |
| iv_003-iv_008 | 2203 | 4596 | 38 | 78 |
| iv_008-iv_012 | 2090 | 4601 | 43 | 78 |
| iv_003-iv_004 | 2211 | 4633 | 36 | 85 |
| iv_003-iv_013 | 2203 | 4647 | 33 | 91 |
| iv_012-iv_013 | 2074 | 4684 | 44 | 79 |
| iv_007-iv_010 | 2139 | 4698 | 48 | 79 |
| iv_009-iv_010 | 2232 | 4702 | 43 | 74 |
| iv_004-iv_007 | 2159 | 4702 | 45 | 77 |
| iv_003-iv_007 | 2093 | 4709 | 45 | 76 |
| iv_001-iv_007 | 2174 | 4738 | 46 | 77 |

### Input Bit Output Co-occurrences Sorted by Output Co-occurrences

| Input Bits | Co-occurrences | Potential Occurrences | Output Co-occurrences | Potential Output Occurrences |
|:----------:|:--------------:|:---------------------:|:---------------------:|:----------------------------:|
| iv_007-iv_012 | 2084 | 4506 | 53 | 70 |
| iv_001-iv_010 | 2168 | 4866 | 49 | 70 |
| iv_007-iv_010 | 2139 | 4698 | 48 | 79 |
| iv_013-iv_014 | 2232 | 4854 | 47 | 68 |
| iv_008-iv_010 | 2076 | 4931 | 47 | 69 |
| iv_001-iv_003 | 2088 | 4945 | 46 | 67 |
| iv_001-iv_007 | 2174 | 4738 | 46 | 77 |
| iv_001-iv_012 | 2037 | 4826 | 46 | 77 |
| iv_004-iv_010 | 2163 | 4810 | 46 | 74 |
| iv_010-iv_014 | 2208 | 4860 | 45 | 80 |
| iv_003-iv_007 | 2093 | 4709 | 45 | 76 |
| iv_004-iv_007 | 2159 | 4702 | 45 | 77 |
| iv_003-iv_012 | 2092 | 4525 | 45 | 76 |
| iv_004-iv_012 | 2006 | 4822 | 45 | 77 |

### Input Bit Output Co-occurrences Sorted by Potential Output Occurrences

| Input Bits | Co-occurrences | Potential Occurrences | Output Co-occurrences | Potential Output Occurrences |
|:----------:|:--------------:|:---------------------:|:---------------------:|:----------------------------:|
| iv_008-iv_013 | 2266 | 4593 | 45 | 65 |
| iv_004-iv_011 | 2087 | 5101 | 38 | 66 |
| iv_001-iv_003 | 2088 | 4945 | 46 | 67 |
| iv_013-iv_014 | 2232 | 4854 | 47 | 68 |
| iv_008-iv_010 | 2076 | 4931 | 47 | 69 |
| iv_007-iv_012 | 2084 | 4506 | 53 | 70 |
| iv_001-iv_010 | 2168 | 4866 | 49 | 70 |
| iv_002-iv_005 | 2109 | 5387 | 35 | 70 |
| iv_008-iv_014 | 2229 | 4809 | 44 | 71 |
| iv_005-iv_012 | 1993 | 5117 | 45 | 72 |
| iv_010-iv_011 | 2213 | 4805 | 39 | 72 |
| iv_002-iv_012 | 2079 | 4832 | 41 | 72 |
| iv_010-iv_016 | 2109 | 4845 | 43 | 73 |
| iv_002-iv_011 | 2174 | 5083 | 28 | 73 |

## Output Bits

### Output Bits in Regular Order

| Rank | Output Bit | Complexity |
|:----:|:----------:|:----------:|
| 1 | ov_001 | 1.0072772538582943 × 10^358 |
| 2 | ov_002 | 8.795522630760547 × 10^357 |
| 3 | ov_003 | 7.647595399407508 × 10^357 |
| 4 | ov_004 | 6.618737595919891 × 10^357 |
| 5 | ov_005 | 5.699271014886493 × 10^357 |
| 6 | ov_006 | 4.880052305120045 × 10^357 |
| 7 | ov_007 | 4.1524375226551926 × 10^357 |
| 8 | ov_008 | 3.508250969321366 × 10^357 |
| 9 | ov_009 | 2.9397579660483977 × 10^357 |
| 10 | ov_010 | 2.439641310121861 × 10^357 |
| 11 | ov_011 | 2.0043440499284076 × 10^357 |
| 12 | ov_012 | 1.630503319481913 × 10^357 |
| 13 | ov_013 | 1.3119461197935106 × 10^357 |
| 14 | ov_014 | 1.0428542024748908 × 10^357 |
| 15 | ov_015 | 8.177546337581552 × 10^356 |
| 16 | ov_016 | 6.315122379836236 × 10^356 |
| 17 | ov_017 | 4.79323648580616 × 10^356 |
| 18 | ov_018 | 3.567127163579256 × 10^356 |
| 19 | ov_019 | 2.595270466225839 × 10^356 |
| 20 | ov_020 | 1.8393545828908387 × 10^356 |
| 21 | ov_021 | 1.2642617974912967 × 10^356 |
| 22 | ov_022 | 8.380561785959196 × 10^355 |
| 23 | ov_023 | 5.3197557983080824 × 10^355 |
| 24 | ov_024 | 3.2042674586742784 × 10^355 |
| 25 | ov_025 | 1.809825347335132 × 10^355 |
| 26 | ov_026 | 9.438048195837633 × 10^354 |
| 27 | ov_027 | 4.452214061121322 × 10^354 |
| 28 | ov_028 | 1.8472820730742973 × 10^354 |
| 29 | ov_029 | 6.461505337776243 × 10^353 |
| 30 | ov_030 | 1.7751324644671476 × 10^353 |
| 31 | ov_031 | 3.465645452847996 × 10^352 |
| 32 | lv_80_m31 | 6.765141772290171 × 10^351 |
| 33 | ov_033 | 8.376550174099408 × 10^352 |
| 34 | ov_034 | 7.319580356374661 × 10^352 |
| 35 | ov_035 | 6.370224724039624 × 10^352 |
| 36 | ov_036 | 5.519836867272392 × 10^352 |
| 37 | ov_037 | 4.760248123595288 × 10^352 |
| 38 | ov_038 | 4.083733946277704 × 10^352 |
| 39 | ov_039 | 3.4829845377117465 × 10^352 |
| 40 | ov_040 | 2.951079364177068 × 10^352 |
| 41 | ov_041 | 2.481465189175295 × 10^352 |
| 42 | ov_042 | 2.0679372824109128 × 10^352 |
| 43 | ov_043 | 1.7046234806690865 × 10^352 |
| 44 | ov_044 | 1.3886690201431513 × 10^352 |
| 45 | ov_045 | 1.1173756761088197 × 10^352 |
| 46 | ov_046 | 8.88196726694197 × 10^351 |
| 47 | ov_047 | 6.964776200580047 × 10^351 |
| 48 | ov_048 | 5.378493989773734 × 10^351 |
| 49 | ov_049 | 4.0822408583934076 × 10^351 |
| 50 | ov_050 | 3.037911523221894 × 10^351 |
| 51 | ov_051 | 2.2101488954821144 × 10^351 |
| 52 | ov_052 | 1.5663251118305284 × 10^351 |
| 53 | ov_053 | 1.0765283860815746 × 10^351 |
| 54 | ov_054 | 7.135543391810643 × 10^350 |
| 55 | ov_055 | 4.529006310483488 × 10^350 |
| 56 | ov_056 | 2.727638839290399 × 10^350 |
| 57 | ov_057 | 1.5403805288381775 × 10^350 |
| 58 | ov_058 | 8.031359932958392 × 10^349 |
| 59 | ov_059 | 3.787707575526564 × 10^349 |
| 60 | ov_060 | 1.5710932737568209 × 10^349 |
| 61 | ov_061 | 5.493445076787953 × 10^348 |
| 62 | ov_062 | 1.5085391537270447 × 10^348 |
| 63 | ov_063 | 2.943631677403936 × 10^347 |
| 64 | lv_79_m31 | 5.742828957663641 × 10^346 |
| 65 | ov_065 | 6.97556563764462 × 10^347 |
| 66 | ov_066 | 6.975537966632455 × 10^347 |
| 67 | ov_067 | 6.975529108577089 × 10^347 |
| 68 | ov_068 | 6.074026692164505 × 10^347 |
| 69 | ov_069 | 5.264290748932216 × 10^347 |
| 70 | ov_070 | 4.539426299728052 × 10^347 |
| 71 | ov_071 | 3.8929262056694713 × 10^347 |
| 72 | ov_072 | 3.318643309830799 × 10^347 |
| 73 | ov_073 | 2.810765895443972 × 10^347 |
| 74 | ov_074 | 2.363796140336419 × 10^347 |
| 75 | ov_075 | 1.972531299666367 × 10^347 |
| 76 | ov_076 | 1.6320474332505286 × 10^347 |
| 77 | ov_077 | 1.3376855080449385 × 10^347 |
| 78 | ov_078 | 1.0850396547205172 × 10^347 |
| 79 | ov_079 | 8.699473398486596 × 10^346 |
| 80 | ov_080 | 6.884812300723562 × 10^346 |
| 81 | ov_081 | 5.369425391974016 × 10^346 |
| 82 | ov_082 | 4.11855663463413 × 10^346 |
| 83 | ov_083 | 3.0996392440201628 × 10^346 |
| 84 | ov_084 | 2.2822625270642472 × 10^346 |
| 85 | ov_085 | 1.6381466046049845 × 10^346 |
| 86 | ov_086 | 1.1411236293540437 × 10^346 |
| 87 | ov_087 | 7.671242498017459 × 10^345 |
| 88 | ov_088 | 4.941682082474189 × 10^345 |
| 89 | ov_089 | 3.023580989114489 × 10^345 |
| 90 | ov_090 | 1.738754497760375 × 10^345 |
| 91 | ov_091 | 9.297842945585198 × 10^344 |
| 92 | ov_092 | 4.600061803997963 × 10^344 |
| 93 | ov_093 | 2.1350417318260012 × 10^344 |
| 94 | ov_094 | 9.51080542381407 × 10^343 |
| 95 | aaa_78_28 | 3.039252806853827 × 10^343 |
| 96 | aaa_78_29 | 1.1407479817425637 × 10^343 |
| 97 | ov_097 | 1.090145282705514 × 10^343 |
| 98 | ov_098 | 1.0901422953900679 × 10^343 |
| 99 | ov_099 | 1.0901415721640985 × 10^343 |
| 100 | ov_100 | 9.514352132504254 × 10^342 |
| 101 | ov_101 | 8.2688417785287625 × 10^342 |
| 102 | ov_102 | 7.153645899009032 × 10^342 |
| 103 | ov_103 | 6.1581557557250745 × 10^342 |
| 104 | ov_104 | 5.272350219154779 × 10^342 |
| 105 | ov_105 | 4.486758471017674 × 10^342 |
| 106 | ov_106 | 3.792427207328753 × 10^342 |
| 107 | ov_107 | 3.1808917927648327 × 10^342 |
| 108 | ov_108 | 2.644150944943298 × 10^342 |
| 109 | ov_109 | 2.1746446480972824 × 10^342 |
| 110 | ov_110 | 1.7687006439696659 × 10^342 |
| 111 | ov_111 | 1.422853333991829 × 10^342 |
| 112 | ov_112 | 1.130762607009116 × 10^342 |
| 113 | ov_113 | 8.864687758411141 × 10^341 |
| 114 | ov_114 | 6.843831726225381 × 10^341 |
| 115 | ov_115 | 5.192806704377336 × 10^341 |
| 116 | ov_116 | 3.8629389626644344 × 10^341 |
| 117 | ov_117 | 2.809088668241899 × 10^341 |
| 118 | ov_118 | 1.98961786503012 × 10^341 |
| 119 | ov_119 | 1.3663677389238018 × 10^341 |
| 120 | ov_120 | 9.046431059376642 × 10^340 |
| 121 | ov_121 | 5.732023325370767 × 10^340 |
| 122 | ov_122 | 3.442511694009168 × 10^340 |
| 123 | ov_123 | 1.934392518089649 × 10^340 |
| 124 | ov_124 | 9.985829062954006 × 10^339 |
| 125 | ov_125 | 4.604124079854431 × 10^339 |
| 126 | ov_126 | 1.7961972958871607 × 10^339 |
| 127 | aaa_77_28 | 5.03516758680557 × 10^338 |
| 128 | aaa_77_29 | 1.5324157104305595 × 10^338 |
| 129 | ov_129 | 9.133294800163885 × 10^337 |
| 130 | ov_130 | 9.133264921776246 × 10^337 |
| 131 | ov_131 | 9.133257674289311 × 10^337 |
| 132 | ov_132 | 7.97037252081994 × 10^337 |
| 133 | ov_133 | 6.933519103029048 × 10^337 |
| 134 | ov_134 | 6.0115363979673725 × 10^337 |
| 135 | ov_135 | 5.193898860352234 × 10^337 |
| 136 | ov_136 | 4.47067289087592 × 10^337 |
| 137 | ov_137 | 3.8324780928313466 × 10^337 |
| 138 | ov_138 | 3.270452859748248 × 10^337 |
| 139 | ov_139 | 2.7762239672074327 × 10^337 |
| 140 | ov_140 | 2.341879895182586 × 10^337 |
| 141 | ov_141 | 1.95994762261556 × 10^337 |
| 142 | ov_142 | 1.6233726507747037 × 10^337 |
| 143 | ov_143 | 1.3287300582150588 × 10^337 |
| 144 | ov_144 | 1.072791813097092 × 10^337 |
| 145 | ov_145 | 8.525203473867522 × 10^336 |
| 146 | ov_146 | 6.650633534929041 × 10^336 |
| 147 | ov_147 | 5.0774965200433795 × 10^336 |
| 148 | ov_148 | 3.78085970016684 × 10^336 |
| 149 | ov_149 | 2.737544828728396 × 10^336 |
| 150 | ov_150 | 1.926109854278068 × 10^336 |
| 151 | ov_151 | 1.3088304807206013 × 10^336 |
| 152 | ov_152 | 8.514039289403038 × 10^335 |
| 153 | ov_153 | 5.229389815948678 × 10^335 |
| 154 | ov_154 | 2.959498797020341 × 10^335 |
| 155 | ov_155 | 1.463528434533268 × 10^335 |
| 156 | aaa_76_25 | 5.3464301512138546 × 10^334 |
| 157 | aaa_76_26 | 2.792526623373157 × 10^334 |
| 158 | aaa_76_27 | 1.287252403928419 × 10^334 |
| 159 | aaa_76_28 | 5.021182857078828 × 10^333 |
| 160 | aaa_76_29 | 1.5304159035779418 × 10^333 |

### Output Bits Sorted by Complexity

| Rank | Output Bit | Complexity |
|:----:|:----------:|:----------:|
| 160 | aaa_76_29 | 1.5304159035779418 × 10^333 |
| 159 | aaa_76_28 | 5.021182857078828 × 10^333 |
| 158 | aaa_76_27 | 1.287252403928419 × 10^334 |
| 157 | aaa_76_26 | 2.792526623373157 × 10^334 |
| 156 | aaa_76_25 | 5.3464301512138546 × 10^334 |
| 155 | ov_155 | 1.463528434533268 × 10^335 |
| 154 | ov_154 | 2.959498797020341 × 10^335 |
| 153 | ov_153 | 5.229389815948678 × 10^335 |
| 152 | ov_152 | 8.514039289403038 × 10^335 |
| 151 | ov_151 | 1.3088304807206013 × 10^336 |
| 150 | ov_150 | 1.926109854278068 × 10^336 |
| 149 | ov_149 | 2.737544828728396 × 10^336 |
| 148 | ov_148 | 3.78085970016684 × 10^336 |
| 147 | ov_147 | 5.0774965200433795 × 10^336 |
| 146 | ov_146 | 6.650633534929041 × 10^336 |
| 145 | ov_145 | 8.525203473867522 × 10^336 |
| 144 | ov_144 | 1.072791813097092 × 10^337 |
| 143 | ov_143 | 1.3287300582150588 × 10^337 |
| 142 | ov_142 | 1.6233726507747037 × 10^337 |
| 141 | ov_141 | 1.95994762261556 × 10^337 |
| 140 | ov_140 | 2.341879895182586 × 10^337 |
| 139 | ov_139 | 2.7762239672074327 × 10^337 |
| 138 | ov_138 | 3.270452859748248 × 10^337 |
| 137 | ov_137 | 3.8324780928313466 × 10^337 |
| 136 | ov_136 | 4.47067289087592 × 10^337 |
| 135 | ov_135 | 5.193898860352234 × 10^337 |
| 134 | ov_134 | 6.0115363979673725 × 10^337 |
| 133 | ov_133 | 6.933519103029048 × 10^337 |
| 132 | ov_132 | 7.97037252081994 × 10^337 |
| 131 | ov_131 | 9.133257674289311 × 10^337 |
| 130 | ov_130 | 9.133264921776246 × 10^337 |
| 129 | ov_129 | 9.133294800163885 × 10^337 |
| 128 | aaa_77_29 | 1.5324157104305595 × 10^338 |
| 127 | aaa_77_28 | 5.03516758680557 × 10^338 |
| 126 | ov_126 | 1.7961972958871607 × 10^339 |
| 125 | ov_125 | 4.604124079854431 × 10^339 |
| 124 | ov_124 | 9.985829062954006 × 10^339 |
| 123 | ov_123 | 1.934392518089649 × 10^340 |
| 122 | ov_122 | 3.442511694009168 × 10^340 |
| 121 | ov_121 | 5.732023325370767 × 10^340 |
| 120 | ov_120 | 9.046431059376642 × 10^340 |
| 119 | ov_119 | 1.3663677389238018 × 10^341 |
| 118 | ov_118 | 1.98961786503012 × 10^341 |
| 117 | ov_117 | 2.809088668241899 × 10^341 |
| 116 | ov_116 | 3.8629389626644344 × 10^341 |
| 115 | ov_115 | 5.192806704377336 × 10^341 |
| 114 | ov_114 | 6.843831726225381 × 10^341 |
| 113 | ov_113 | 8.864687758411141 × 10^341 |
| 112 | ov_112 | 1.130762607009116 × 10^342 |
| 111 | ov_111 | 1.422853333991829 × 10^342 |
| 110 | ov_110 | 1.7687006439696659 × 10^342 |
| 109 | ov_109 | 2.1746446480972824 × 10^342 |
| 108 | ov_108 | 2.644150944943298 × 10^342 |
| 107 | ov_107 | 3.1808917927648327 × 10^342 |
| 106 | ov_106 | 3.792427207328753 × 10^342 |
| 105 | ov_105 | 4.486758471017674 × 10^342 |
| 104 | ov_104 | 5.272350219154779 × 10^342 |
| 103 | ov_103 | 6.1581557557250745 × 10^342 |
| 102 | ov_102 | 7.153645899009032 × 10^342 |
| 101 | ov_101 | 8.2688417785287625 × 10^342 |
| 100 | ov_100 | 9.514352132504254 × 10^342 |
| 99 | ov_099 | 1.0901415721640985 × 10^343 |
| 98 | ov_098 | 1.0901422953900679 × 10^343 |
| 97 | ov_097 | 1.090145282705514 × 10^343 |
| 96 | aaa_78_29 | 1.1407479817425637 × 10^343 |
| 95 | aaa_78_28 | 3.039252806853827 × 10^343 |
| 94 | ov_094 | 9.51080542381407 × 10^343 |
| 93 | ov_093 | 2.1350417318260012 × 10^344 |
| 92 | ov_092 | 4.600061803997963 × 10^344 |
| 91 | ov_091 | 9.297842945585198 × 10^344 |
| 90 | ov_090 | 1.738754497760375 × 10^345 |
| 89 | ov_089 | 3.023580989114489 × 10^345 |
| 88 | ov_088 | 4.941682082474189 × 10^345 |
| 87 | ov_087 | 7.671242498017459 × 10^345 |
| 86 | ov_086 | 1.1411236293540437 × 10^346 |
| 85 | ov_085 | 1.6381466046049845 × 10^346 |
| 84 | ov_084 | 2.2822625270642472 × 10^346 |
| 83 | ov_083 | 3.0996392440201628 × 10^346 |
| 82 | ov_082 | 4.11855663463413 × 10^346 |
| 81 | ov_081 | 5.369425391974016 × 10^346 |
| 64 | lv_79_m31 | 5.742828957663641 × 10^346 |
| 80 | ov_080 | 6.884812300723562 × 10^346 |
| 79 | ov_079 | 8.699473398486596 × 10^346 |
| 78 | ov_078 | 1.0850396547205172 × 10^347 |
| 77 | ov_077 | 1.3376855080449385 × 10^347 |
| 76 | ov_076 | 1.6320474332505286 × 10^347 |
| 75 | ov_075 | 1.972531299666367 × 10^347 |
| 74 | ov_074 | 2.363796140336419 × 10^347 |
| 73 | ov_073 | 2.810765895443972 × 10^347 |
| 63 | ov_063 | 2.943631677403936 × 10^347 |
| 72 | ov_072 | 3.318643309830799 × 10^347 |
| 71 | ov_071 | 3.8929262056694713 × 10^347 |
| 70 | ov_070 | 4.539426299728052 × 10^347 |
| 69 | ov_069 | 5.264290748932216 × 10^347 |
| 68 | ov_068 | 6.074026692164505 × 10^347 |
| 67 | ov_067 | 6.975529108577089 × 10^347 |
| 66 | ov_066 | 6.975537966632455 × 10^347 |
| 65 | ov_065 | 6.97556563764462 × 10^347 |
| 62 | ov_062 | 1.5085391537270447 × 10^348 |
| 61 | ov_061 | 5.493445076787953 × 10^348 |
| 60 | ov_060 | 1.5710932737568209 × 10^349 |
| 59 | ov_059 | 3.787707575526564 × 10^349 |
| 58 | ov_058 | 8.031359932958392 × 10^349 |
| 57 | ov_057 | 1.5403805288381775 × 10^350 |
| 56 | ov_056 | 2.727638839290399 × 10^350 |
| 55 | ov_055 | 4.529006310483488 × 10^350 |
| 54 | ov_054 | 7.135543391810643 × 10^350 |
| 53 | ov_053 | 1.0765283860815746 × 10^351 |
| 52 | ov_052 | 1.5663251118305284 × 10^351 |
| 51 | ov_051 | 2.2101488954821144 × 10^351 |
| 50 | ov_050 | 3.037911523221894 × 10^351 |
| 49 | ov_049 | 4.0822408583934076 × 10^351 |
| 48 | ov_048 | 5.378493989773734 × 10^351 |
| 32 | lv_80_m31 | 6.765141772290171 × 10^351 |
| 47 | ov_047 | 6.964776200580047 × 10^351 |
| 46 | ov_046 | 8.88196726694197 × 10^351 |
| 45 | ov_045 | 1.1173756761088197 × 10^352 |
| 44 | ov_044 | 1.3886690201431513 × 10^352 |
| 43 | ov_043 | 1.7046234806690865 × 10^352 |
| 42 | ov_042 | 2.0679372824109128 × 10^352 |
| 41 | ov_041 | 2.481465189175295 × 10^352 |
| 40 | ov_040 | 2.951079364177068 × 10^352 |
| 31 | ov_031 | 3.465645452847996 × 10^352 |
| 39 | ov_039 | 3.4829845377117465 × 10^352 |
| 38 | ov_038 | 4.083733946277704 × 10^352 |
| 37 | ov_037 | 4.760248123595288 × 10^352 |
| 36 | ov_036 | 5.519836867272392 × 10^352 |
| 35 | ov_035 | 6.370224724039624 × 10^352 |
| 34 | ov_034 | 7.319580356374661 × 10^352 |
| 33 | ov_033 | 8.376550174099408 × 10^352 |
| 30 | ov_030 | 1.7751324644671476 × 10^353 |
| 29 | ov_029 | 6.461505337776243 × 10^353 |
| 28 | ov_028 | 1.8472820730742973 × 10^354 |
| 27 | ov_027 | 4.452214061121322 × 10^354 |
| 26 | ov_026 | 9.438048195837633 × 10^354 |
| 25 | ov_025 | 1.809825347335132 × 10^355 |
| 24 | ov_024 | 3.2042674586742784 × 10^355 |
| 23 | ov_023 | 5.3197557983080824 × 10^355 |
| 22 | ov_022 | 8.380561785959196 × 10^355 |
| 21 | ov_021 | 1.2642617974912967 × 10^356 |
| 20 | ov_020 | 1.8393545828908387 × 10^356 |
| 19 | ov_019 | 2.595270466225839 × 10^356 |
| 18 | ov_018 | 3.567127163579256 × 10^356 |
| 17 | ov_017 | 4.79323648580616 × 10^356 |
| 16 | ov_016 | 6.315122379836236 × 10^356 |
| 15 | ov_015 | 8.177546337581552 × 10^356 |
| 14 | ov_014 | 1.0428542024748908 × 10^357 |
| 13 | ov_013 | 1.3119461197935106 × 10^357 |
| 12 | ov_012 | 1.630503319481913 × 10^357 |
| 11 | ov_011 | 2.0043440499284076 × 10^357 |
| 10 | ov_010 | 2.439641310121861 × 10^357 |
| 9 | ov_009 | 2.9397579660483977 × 10^357 |
| 8 | ov_008 | 3.508250969321366 × 10^357 |
| 7 | ov_007 | 4.1524375226551926 × 10^357 |
| 6 | ov_006 | 4.880052305120045 × 10^357 |
| 5 | ov_005 | 5.699271014886493 × 10^357 |
| 4 | ov_004 | 6.618737595919891 × 10^357 |
| 3 | ov_003 | 7.647595399407508 × 10^357 |
| 2 | ov_002 | 8.795522630760547 × 10^357 |
| 1 | ov_001 | 1.0072772538582943 × 10^358 |

