# Results for E005015-F014-F017-F018-F019-F020-F021-F022-F023-F024-F025-F026-F027-F028-F029-F030-F031-F032-F033-F034-F035-F036-F037-F038-F039-F040-F041-F042-F043-F044-F045-F046-F047-F048-F049-F050-F051-F052-F053-F054-F055-F056-F057-F058-F059-F060-F061-F062-F063-F064-F065-F066-F067-F068-F069-F070-F071-F072-F073-F074-F075-F076-F077-F078-F079-F080-F081-F082-F083-F084-F085-F086-F087-F088-F089-F090-F091-F092-F093-F094-F095-F096-F097-F098-F099-F100-F101-F102-F103-F104-F105-F106-F107-F108-F109-F110-F111-F112-F113-F114-F115-F116-F117-F118-F119-F120-F121-F122-F123-F124-F125-F126-F127-F128-F129-F130-F131-F132-F133-F134-F135-F136-F137-F138-F139-F140-F141-F142-F143-F144-F145-F146-F147-F148-F149-F150-F151-F152-F153-F154-F155-F156-F157-F158-F159-F160-F161-F162-F163-F164-F165-F166-F167-F168-F169-F170-F171-F172-F173-F174-F175-F176-F177-F178-F179-F180-F181-F182-F183-F184-F185-F186-F187-F188-F189-F190-F191-F192-F193-F194-F195-F196-F197-F198-F199-F200-F201-F202-F203-F204-F205-F206-F207-F208-F209-F210-F211-F212-F213-F214-F215-F216-F217-F218-F219-F220-F221-F222-F223-F224-F225-F226-F227-F228-F229-F230-F231-F232-F233-F234-F235-F236-F237-F238-F239-F240-F241-F242-F243-F244-F245-F246-F247-F248-F249-F250-F251-F252-F253-F254-F255-F256-F257-F258-F259-F260-F261-F262-F263-F264-F265-F266-F267-F268-F269-F270-F271-F272-F273-F274-F275-F276-F277-F278-F279-F280-F281-F282-F283-F284-F285-F286-F287-F288-F289-F290-F291-F292-F293-F294-F295-F296-F297-F298-F299-F300-F301-F302-F303-F304-F305-F306-F307-F308-F309-F310-F311-F312-F313-F314-F315-F316-F317-F318-F319-F320-F321-F322-F323-F324-F325-F326-F327-F328-F329-F330-F331-F332-F333-F334-F335-F336-F337-F338-F339-F340-F341-F342-F343-F344-F345-F346-F347-F348-F349-F350-F351-F352-F353-F354-F355-F356-F357-F358-F359-F360-F361-F362-F363-F364-F365-F366-F367-F368-F369-F370-F371-F372-F373-F374-F375-F376-F377-F378-F379-F380-F381-F382-F383-F384-F385-F386-F387-F388-F389-F390-F391-F392-F393-F394-F395-F396-F397-F398-F399-F400-F401-F402-F403-F404-F405-F406-F407-F408-F409-F410-F411-F412-F413-F414-F415-F416-F417-F418-F419-F420-F421-F422-F423-F424-F425-F426-F427-F428-F429-F430-F431-F432-F433-F434-F435-F436-F437-F438-F439-F440-F441-F442-F443-F444-F445-F446-F447-F448-F449-F450-F451-F452-F453-F454-F455-F456-F457-F458-F459-F460-F461-F462-F463-F464-F465-F466-F467-F468-F469-F470-F471-F472-F473-F474-F475-F476-F477-F478-F479-F480-F481-F482-F483-F484-F485-F486-F487-F488-F489-F490-F491-F492-F493-F494-F495-F496-F497-F498-F499-F500-F501-F502-F503-F504-F505-F506-F507-F508-F509-F510-F511-F512

## Summary

Number of input bits: 512  
Number of free input bits: 14  
Number of output bits: 160

Number of direct occurrences: 63660  
Number of assignments: 39003  
Number of operations: 19062198
(xor: 19024771,
and: 20851,
or: 16576)

Total complexity: 1.7880558727966641 × 10^355

Least occurring input variable: iv_009 (4355)  
Most occurring input variable: iv_005 (5031)

Most co-occurring input variables: iv_011-iv_012 (2572)  
Least co-occurring input variables: iv_003-iv_011 (1963)

Potentially most occurring input variable: iv_001/iv_005 (5336)  
Potentially least occurring input variable: iv_002/iv_007 (4381)

Least output occurring input variable: iv_011 (63)  
Most output occurring input variable: iv_012 (84)

Most output co-occurring input variables: iv_002-iv_006 (47)  
Least output co-occurring input variables: iv_009-iv_011 (23)

Potentially most output occurring input variable: iv_008/iv_012 (95)  
Potentially least output occurring input variable: iv_002/iv_006 (66)

Least complex input bit: iv_016 (4.967243990586409 × 10^351)  
Most complex input bit: iv_012 (3.037073015737277 × 10^354)

Least complex output bit: aaa_76_29 (3.985988491037027 × 10^330)  
Most complex output bit: ov_001 (2.745430519741554 × 10^354)

Least complex input/output complexity: iv_016/aaa_76_29 (1.1073131259417757 × 10^327)  
Most complex input/output complexity: iv_012/ov_001 (4.6632060412336075 × 10^353)

## Input Bits

### Input Bits in Regular Order

| Input Bit | Complexity | Occurrences | Output Occurrences |
|:---------:|:----------:|:-----------:|:------------------:|
| iv_001 | 2.0284550789287477 × 10^352 | 4569 | 75 |
| iv_002 | 8.751142088288869 × 10^352 | 4363 | 80 |
| iv_003 | 2.5100637646079275 × 10^353 | 4374 | 75 |
| iv_004 | 5.448032043113752 × 10^353 | 4540 | 77 |
| iv_005 | 1.0542776533750897 × 10^354 | 5031 | 71 |
| iv_006 | 1.2036949150999566 × 10^354 | 4401 | 80 |
| iv_007 | 1.5585495475794226 × 10^354 | 4358 | 81 |
| iv_008 | 1.9602958198619253 × 10^354 | 4446 | 69 |
| iv_009 | 2.458812322746079 × 10^354 | 4355 | 75 |
| iv_010 | 2.6341548357451483 × 10^354 | 4488 | 83 |
| iv_011 | 2.9106116040230393 × 10^354 | 4639 | 63 |
| iv_012 | 3.037073015737277 × 10^354 | 5030 | 84 |
| iv_013 | 1.5451621736379285 × 10^353 | 4551 | 78 |
| iv_016 | 4.967243990586409 × 10^351 | 4515 | 79 |

### Input Bits Sorted by Complexity

| Input Bit | Complexity | Occurrences | Output Occurrences |
|:---------:|:----------:|:-----------:|:------------------:|
| iv_016 | 4.967243990586409 × 10^351 | 4515 | 79 |
| iv_001 | 2.0284550789287477 × 10^352 | 4569 | 75 |
| iv_002 | 8.751142088288869 × 10^352 | 4363 | 80 |
| iv_013 | 1.5451621736379285 × 10^353 | 4551 | 78 |
| iv_003 | 2.5100637646079275 × 10^353 | 4374 | 75 |
| iv_004 | 5.448032043113752 × 10^353 | 4540 | 77 |
| iv_005 | 1.0542776533750897 × 10^354 | 5031 | 71 |
| iv_006 | 1.2036949150999566 × 10^354 | 4401 | 80 |
| iv_007 | 1.5585495475794226 × 10^354 | 4358 | 81 |
| iv_008 | 1.9602958198619253 × 10^354 | 4446 | 69 |
| iv_009 | 2.458812322746079 × 10^354 | 4355 | 75 |
| iv_010 | 2.6341548357451483 × 10^354 | 4488 | 83 |
| iv_011 | 2.9106116040230393 × 10^354 | 4639 | 63 |
| iv_012 | 3.037073015737277 × 10^354 | 5030 | 84 |

### Input Bits Sorted by Occurrences

| Input Bit | Complexity | Occurrences | Output Occurrences |
|:---------:|:----------:|:-----------:|:------------------:|
| iv_009 | 2.458812322746079 × 10^354 | 4355 | 75 |
| iv_007 | 1.5585495475794226 × 10^354 | 4358 | 81 |
| iv_002 | 8.751142088288869 × 10^352 | 4363 | 80 |
| iv_003 | 2.5100637646079275 × 10^353 | 4374 | 75 |
| iv_006 | 1.2036949150999566 × 10^354 | 4401 | 80 |
| iv_008 | 1.9602958198619253 × 10^354 | 4446 | 69 |
| iv_010 | 2.6341548357451483 × 10^354 | 4488 | 83 |
| iv_016 | 4.967243990586409 × 10^351 | 4515 | 79 |
| iv_004 | 5.448032043113752 × 10^353 | 4540 | 77 |
| iv_013 | 1.5451621736379285 × 10^353 | 4551 | 78 |
| iv_001 | 2.0284550789287477 × 10^352 | 4569 | 75 |
| iv_011 | 2.9106116040230393 × 10^354 | 4639 | 63 |
| iv_012 | 3.037073015737277 × 10^354 | 5030 | 84 |
| iv_005 | 1.0542776533750897 × 10^354 | 5031 | 71 |

### Input Bits Sorted by Output Occurrences

| Input Bit | Complexity | Occurrences | Output Occurrences |
|:---------:|:----------:|:-----------:|:------------------:|
| iv_011 | 2.9106116040230393 × 10^354 | 4639 | 63 |
| iv_008 | 1.9602958198619253 × 10^354 | 4446 | 69 |
| iv_005 | 1.0542776533750897 × 10^354 | 5031 | 71 |
| iv_009 | 2.458812322746079 × 10^354 | 4355 | 75 |
| iv_003 | 2.5100637646079275 × 10^353 | 4374 | 75 |
| iv_001 | 2.0284550789287477 × 10^352 | 4569 | 75 |
| iv_004 | 5.448032043113752 × 10^353 | 4540 | 77 |
| iv_013 | 1.5451621736379285 × 10^353 | 4551 | 78 |
| iv_016 | 4.967243990586409 × 10^351 | 4515 | 79 |
| iv_002 | 8.751142088288869 × 10^352 | 4363 | 80 |
| iv_006 | 1.2036949150999566 × 10^354 | 4401 | 80 |
| iv_007 | 1.5585495475794226 × 10^354 | 4358 | 81 |
| iv_010 | 2.6341548357451483 × 10^354 | 4488 | 83 |
| iv_012 | 3.037073015737277 × 10^354 | 5030 | 84 |

## Input Bit Co-occurrences

### Input Bit Co-occurrences Sorted by Co-occurrences

| Input Bits | Co-occurrences | Potential Occurrences | Output Co-occurrences | Potential Output Occurrences |
|:----------:|:--------------:|:---------------------:|:---------------------:|:----------------------------:|
| iv_011-iv_012 | 2572 | 4525 | 32 | 83 |
| iv_005-iv_012 | 2376 | 5309 | 43 | 69 |
| iv_001-iv_012 | 2358 | 4883 | 41 | 77 |
| iv_012-iv_016 | 2326 | 4893 | 39 | 85 |
| iv_004-iv_005 | 2312 | 4947 | 34 | 80 |
| iv_012-iv_013 | 2283 | 5015 | 44 | 74 |
| iv_005-iv_013 | 2260 | 5062 | 31 | 87 |
| iv_010-iv_012 | 2241 | 5036 | 41 | 85 |
| iv_001-iv_006 | 2241 | 4488 | 39 | 77 |
| iv_004-iv_012 | 2241 | 5088 | 42 | 77 |
| iv_006-iv_012 | 2236 | 4959 | 41 | 82 |
| iv_009-iv_012 | 2232 | 4921 | 40 | 79 |
| iv_003-iv_005 | 2212 | 4981 | 34 | 78 |
| iv_007-iv_012 | 2206 | 4976 | 45 | 75 |

### Input Bit Co-occurrences Sorted by Potential Occurrences

| Input Bits | Co-occurrences | Potential Occurrences | Output Co-occurrences | Potential Output Occurrences |
|:----------:|:--------------:|:---------------------:|:---------------------:|:----------------------------:|
| iv_002-iv_007 | 2170 | 4381 | 42 | 77 |
| iv_001-iv_006 | 2241 | 4488 | 39 | 77 |
| iv_011-iv_012 | 2572 | 4525 | 32 | 83 |
| iv_003-iv_008 | 2141 | 4538 | 34 | 76 |
| iv_003-iv_004 | 2187 | 4540 | 38 | 76 |
| iv_003-iv_013 | 2187 | 4551 | 36 | 81 |
| iv_007-iv_009 | 2069 | 4575 | 42 | 72 |
| iv_003-iv_007 | 2056 | 4620 | 42 | 72 |
| iv_008-iv_009 | 2086 | 4629 | 32 | 80 |
| iv_008-iv_013 | 2180 | 4637 | 34 | 79 |
| iv_002-iv_008 | 2081 | 4647 | 33 | 83 |
| iv_002-iv_003 | 2040 | 4657 | 39 | 77 |
| iv_007-iv_010 | 2086 | 4674 | 41 | 82 |
| iv_006-iv_007 | 2041 | 4677 | 45 | 71 |

### Input Bit Output Co-occurrences Sorted by Output Co-occurrences

| Input Bits | Co-occurrences | Potential Occurrences | Output Co-occurrences | Potential Output Occurrences |
|:----------:|:--------------:|:---------------------:|:---------------------:|:----------------------------:|
| iv_002-iv_006 | 2030 | 4704 | 47 | 66 |
| iv_002-iv_012 | 2163 | 5067 | 46 | 72 |
| iv_002-iv_010 | 2042 | 4767 | 45 | 73 |
| iv_006-iv_007 | 2041 | 4677 | 45 | 71 |
| iv_007-iv_012 | 2206 | 4976 | 45 | 75 |
| iv_012-iv_013 | 2283 | 5015 | 44 | 74 |
| iv_004-iv_010 | 2128 | 4772 | 44 | 72 |
| iv_001-iv_010 | 2111 | 4835 | 44 | 70 |
| iv_005-iv_012 | 2376 | 5309 | 43 | 69 |
| iv_002-iv_007 | 2170 | 4381 | 42 | 77 |
| iv_007-iv_009 | 2069 | 4575 | 42 | 72 |
| iv_003-iv_007 | 2056 | 4620 | 42 | 72 |
| iv_004-iv_012 | 2241 | 5088 | 42 | 77 |
| iv_004-iv_013 | 2140 | 4811 | 42 | 71 |

### Input Bit Output Co-occurrences Sorted by Potential Output Occurrences

| Input Bits | Co-occurrences | Potential Occurrences | Output Co-occurrences | Potential Output Occurrences |
|:----------:|:--------------:|:---------------------:|:---------------------:|:----------------------------:|
| iv_002-iv_006 | 2030 | 4704 | 47 | 66 |
| iv_004-iv_011 | 2066 | 5047 | 36 | 68 |
| iv_005-iv_012 | 2376 | 5309 | 43 | 69 |
| iv_001-iv_010 | 2111 | 4835 | 44 | 70 |
| iv_006-iv_007 | 2041 | 4677 | 45 | 71 |
| iv_004-iv_013 | 2140 | 4811 | 42 | 71 |
| iv_002-iv_012 | 2163 | 5067 | 46 | 72 |
| iv_007-iv_009 | 2069 | 4575 | 42 | 72 |
| iv_004-iv_010 | 2128 | 4772 | 44 | 72 |
| iv_005-iv_008 | 2183 | 5111 | 34 | 72 |
| iv_005-iv_016 | 2110 | 5326 | 39 | 72 |
| iv_003-iv_007 | 2056 | 4620 | 42 | 72 |
| iv_001-iv_003 | 2012 | 4919 | 39 | 72 |
| iv_002-iv_010 | 2042 | 4767 | 45 | 73 |

## Output Bits

### Output Bits in Regular Order

| Rank | Output Bit | Complexity |
|:----:|:----------:|:----------:|
| 1 | ov_001 | 2.745430519741554 × 10^354 |
| 2 | ov_002 | 2.397775524150456 × 10^354 |
| 3 | ov_003 | 2.085092305035894 × 10^354 |
| 4 | ov_004 | 1.8045026765627805 × 10^354 |
| 5 | ov_005 | 1.5532892685207772 × 10^354 |
| 6 | ov_006 | 1.328884336442101 × 10^354 |
| 7 | ov_007 | 1.1288599046525053 × 10^354 |
| 8 | ov_008 | 9.520357741765328 × 10^353 |
| 9 | ov_009 | 7.96238635435677 × 10^353 |
| 10 | ov_010 | 6.594122015212421 × 10^353 |
| 11 | ov_011 | 5.405568304569653 × 10^353 |
| 12 | ov_012 | 4.387273289911046 × 10^353 |
| 13 | ov_013 | 3.521884747243713 × 10^353 |
| 14 | ov_014 | 2.793046806927001 × 10^353 |
| 15 | ov_015 | 2.185373796334314 × 10^353 |
| 16 | ov_016 | 1.684429282470572 × 10^353 |
| 17 | ov_017 | 1.276709560925298 × 10^353 |
| 18 | ov_018 | 9.4963089941538 × 10^352 |
| 19 | ov_019 | 6.9151990514236725 × 10^352 |
| 20 | ov_020 | 4.91606445478732 × 10^352 |
| 21 | ov_021 | 3.400186112941238 × 10^352 |
| 22 | ov_022 | 2.2777927169079995 × 10^352 |
| 23 | ov_023 | 1.468038281584644 × 10^352 |
| 24 | ov_024 | 8.989883527179937 × 10^351 |
| 25 | ov_025 | 5.076121409926186 × 10^351 |
| 26 | ov_026 | 2.6461947884081086 × 10^351 |
| 27 | ov_027 | 1.2477683636881137 × 10^351 |
| 28 | ov_028 | 5.174761529034973 × 10^350 |
| 29 | ov_029 | 1.8091904637201562 × 10^350 |
| 30 | ov_030 | 4.967955303770447 × 10^349 |
| 31 | ov_031 | 9.694340828219816 × 10^348 |
| 32 | lv_80_m31 | 1.8914829010878162 × 10^348 |
| 33 | ov_033 | 2.341847644090982 × 10^349 |
| 34 | ov_034 | 2.0433838353829077 × 10^349 |
| 35 | ov_035 | 1.7760415494830794 × 10^349 |
| 36 | ov_036 | 1.5371862685383087 × 10^349 |
| 37 | ov_037 | 1.3243453467978868 × 10^349 |
| 38 | ov_038 | 1.1351970564644283 × 10^349 |
| 39 | ov_039 | 9.675606069727367 × 10^348 |
| 40 | ov_040 | 8.193870849963991 × 10^348 |
| 41 | ov_041 | 6.887512646835094 × 10^348 |
| 42 | ov_042 | 5.738442394578407 × 10^348 |
| 43 | ov_043 | 4.72966828233757 × 10^348 |
| 44 | ov_044 | 3.8529609456658736 × 10^348 |
| 45 | ov_045 | 3.1005965401294233 × 10^348 |
| 46 | ov_046 | 2.4653324859020156 × 10^348 |
| 47 | ov_047 | 1.9340456165083746 × 10^348 |
| 48 | ov_048 | 1.494480724687558 × 10^348 |
| 49 | ov_049 | 1.1352217249905676 × 10^348 |
| 50 | ov_050 | 8.456674909700539 × 10^347 |
| 51 | ov_051 | 6.160119433240641 × 10^347 |
| 52 | ov_052 | 4.372279664338753 × 10^347 |
| 53 | ov_053 | 3.0105473140607534 × 10^347 |
| 54 | ov_054 | 1.9998800411909683 × 10^347 |
| 55 | ov_055 | 1.2727301698464278 × 10^347 |
| 56 | ov_056 | 7.689948323853806 × 10^346 |
| 57 | ov_057 | 4.359833262324572 × 10^346 |
| 58 | ov_058 | 2.28397508651734 × 10^346 |
| 59 | ov_059 | 1.0832126118334287 × 10^346 |
| 60 | ov_060 | 4.521559377911808 × 10^345 |
| 61 | ov_061 | 1.5916770943341679 × 10^345 |
| 62 | ov_062 | 4.4012809583031007 × 10^344 |
| 63 | ov_063 | 8.653410554848395 × 10^343 |
| 64 | lv_79_m31 | 1.7011922452960887 × 10^343 |
| 65 | ov_065 | 2.3323895049606098 × 10^344 |
| 66 | ov_066 | 2.332319307483144 × 10^344 |
| 67 | ov_067 | 2.3322968361347132 × 10^344 |
| 68 | ov_068 | 2.0978343583177527 × 10^344 |
| 69 | ov_069 | 1.8808650366400987 × 10^344 |
| 70 | ov_070 | 1.6804049325311424 × 10^344 |
| 71 | ov_071 | 1.495540775878643 × 10^344 |
| 72 | ov_072 | 1.3254215511647637 × 10^344 |
| 73 | ov_073 | 1.1692508966536628 × 10^344 |
| 74 | ov_074 | 1.0262801836510124 × 10^344 |
| 75 | ov_075 | 8.95802061970859 × 10^343 |
| 76 | ov_076 | 7.771444353161018 × 10^343 |
| 77 | ov_077 | 6.696649974590786 × 10^343 |
| 78 | ov_078 | 5.727463733734707 × 10^343 |
| 79 | ov_079 | 4.857918275796868 × 10^343 |
| 80 | ov_080 | 4.082215027461911 × 10^343 |
| 81 | ov_081 | 3.3946915219427038 × 10^343 |
| 82 | ov_082 | 2.789793304138316 × 10^343 |
| 83 | ov_083 | 2.262050060367682 × 10^343 |
| 84 | ov_084 | 1.806055619555436 × 10^343 |
| 85 | ov_085 | 1.4164514744018635 × 10^343 |
| 86 | ov_086 | 1.0879134721541874 × 10^343 |
| 87 | ov_087 | 8.151413252687787 × 10^342 |
| 88 | ov_088 | 5.928505926473249 × 10^342 |
| 89 | ov_089 | 4.1576678234067066 × 10^342 |
| 90 | ov_090 | 2.786212267073001 × 10^342 |
| 91 | ov_091 | 1.7614838104978463 × 10^342 |
| 92 | ov_092 | 1.0308419970937484 × 10^342 |
| 93 | ov_093 | 5.416526093924168 × 10^341 |
| 94 | ov_094 | 2.41283567645579 × 10^341 |
| 95 | aaa_78_28 | 7.710335324771832 × 10^340 |
| 96 | aaa_78_29 | 2.8939488933917448 × 10^340 |
| 97 | ov_097 | 2.7656404409140325 × 10^340 |
| 98 | ov_098 | 2.7656328340454445 × 10^340 |
| 99 | ov_099 | 2.7656309909689735 × 10^340 |
| 100 | ov_100 | 2.4136870751177095 × 10^340 |
| 101 | ov_101 | 2.0976798290684794 × 10^340 |
| 102 | ov_102 | 1.8147508720421832 × 10^340 |
| 103 | ov_103 | 1.562203066069926 × 10^340 |
| 104 | ov_104 | 1.3374895817423075 × 10^340 |
| 105 | ov_105 | 1.1382042489927236 × 10^340 |
| 106 | ov_106 | 9.620730632849893 × 10^339 |
| 107 | ov_107 | 8.069467149392147 × 10^339 |
| 108 | ov_108 | 6.7079403247958265 × 10^339 |
| 109 | ov_109 | 5.516962621953837 × 10^339 |
| 110 | ov_110 | 4.487214667905225 × 10^339 |
| 111 | ov_111 | 3.6099029847224027 × 10^339 |
| 112 | ov_112 | 2.868943458650412 × 10^339 |
| 113 | ov_113 | 2.2492185531989543 × 10^339 |
| 114 | ov_114 | 1.7365529442738927 × 10^339 |
| 115 | ov_115 | 1.3176941440093097 × 10^339 |
| 116 | ov_116 | 9.802975049921304 × 10^338 |
| 117 | ov_117 | 7.129149099972073 × 10^338 |
| 118 | ov_118 | 5.049864720559017 × 10^338 |
| 119 | ov_119 | 3.4683464025673665 × 10^338 |
| 120 | ov_120 | 2.296601771460908 × 10^338 |
| 121 | ov_121 | 1.455395440077976 × 10^338 |
| 122 | ov_122 | 8.742330068131238 × 10^337 |
| 123 | ov_123 | 4.913519694477092 × 10^337 |
| 124 | ov_124 | 2.5371702556521743 × 10^337 |
| 125 | ov_125 | 1.170179108819751 × 10^337 |
| 126 | ov_126 | 4.566854498299 × 10^336 |
| 127 | aaa_77_28 | 1.2806755666094622 × 10^336 |
| 128 | aaa_77_29 | 3.8998342512450916 × 10^335 |
| 129 | ov_129 | 2.33758601688303 × 10^335 |
| 130 | ov_130 | 2.33757822766839 × 10^335 |
| 131 | ov_131 | 2.337576335908287 × 10^335 |
| 132 | ov_132 | 2.0433663879741102 × 10^335 |
| 133 | ov_133 | 1.7808111679772332 × 10^335 |
| 134 | ov_134 | 1.547016104049967 × 10^335 |
| 135 | ov_135 | 1.339252186828421 × 10^335 |
| 136 | ov_136 | 1.1549445396463867 × 10^335 |
| 137 | ov_137 | 9.916622455865224 × 10^334 |
| 138 | ov_138 | 8.471093114944053 × 10^334 |
| 139 | ov_139 | 7.191166832496395 × 10^334 |
| 140 | ov_140 | 6.066306338560833 × 10^334 |
| 141 | ov_141 | 5.077158832238058 × 10^334 |
| 142 | ov_142 | 4.205457457998636 × 10^334 |
| 143 | ov_143 | 3.442334227808701 × 10^334 |
| 144 | ov_144 | 2.7794316396229296 × 10^334 |
| 145 | ov_145 | 2.2088858039304815 × 10^334 |
| 146 | ov_146 | 1.723312780486679 × 10^334 |
| 147 | ov_147 | 1.315797727815755 × 10^334 |
| 148 | ov_148 | 9.798864439608102 × 10^333 |
| 149 | ov_149 | 7.095789119589842 × 10^333 |
| 150 | ov_150 | 4.993244984112347 × 10^333 |
| 151 | ov_151 | 3.393572809039967 × 10^333 |
| 152 | ov_152 | 2.2079674823646943 × 10^333 |
| 153 | ov_153 | 1.3564518717680613 × 10^333 |
| 154 | ov_154 | 7.678608046603544 × 10^332 |
| 155 | ov_155 | 3.798319372458388 × 10^332 |
| 156 | aaa_76_25 | 1.388011079931202 × 10^332 |
| 157 | aaa_76_26 | 7.254456401110997 × 10^331 |
| 158 | aaa_76_27 | 3.346641609711132 × 10^331 |
| 159 | aaa_76_28 | 1.3065660431852548 × 10^331 |
| 160 | aaa_76_29 | 3.985988491037027 × 10^330 |

### Output Bits Sorted by Complexity

| Rank | Output Bit | Complexity |
|:----:|:----------:|:----------:|
| 160 | aaa_76_29 | 3.985988491037027 × 10^330 |
| 159 | aaa_76_28 | 1.3065660431852548 × 10^331 |
| 158 | aaa_76_27 | 3.346641609711132 × 10^331 |
| 157 | aaa_76_26 | 7.254456401110997 × 10^331 |
| 156 | aaa_76_25 | 1.388011079931202 × 10^332 |
| 155 | ov_155 | 3.798319372458388 × 10^332 |
| 154 | ov_154 | 7.678608046603544 × 10^332 |
| 153 | ov_153 | 1.3564518717680613 × 10^333 |
| 152 | ov_152 | 2.2079674823646943 × 10^333 |
| 151 | ov_151 | 3.393572809039967 × 10^333 |
| 150 | ov_150 | 4.993244984112347 × 10^333 |
| 149 | ov_149 | 7.095789119589842 × 10^333 |
| 148 | ov_148 | 9.798864439608102 × 10^333 |
| 147 | ov_147 | 1.315797727815755 × 10^334 |
| 146 | ov_146 | 1.723312780486679 × 10^334 |
| 145 | ov_145 | 2.2088858039304815 × 10^334 |
| 144 | ov_144 | 2.7794316396229296 × 10^334 |
| 143 | ov_143 | 3.442334227808701 × 10^334 |
| 142 | ov_142 | 4.205457457998636 × 10^334 |
| 141 | ov_141 | 5.077158832238058 × 10^334 |
| 140 | ov_140 | 6.066306338560833 × 10^334 |
| 139 | ov_139 | 7.191166832496395 × 10^334 |
| 138 | ov_138 | 8.471093114944053 × 10^334 |
| 137 | ov_137 | 9.916622455865224 × 10^334 |
| 136 | ov_136 | 1.1549445396463867 × 10^335 |
| 135 | ov_135 | 1.339252186828421 × 10^335 |
| 134 | ov_134 | 1.547016104049967 × 10^335 |
| 133 | ov_133 | 1.7808111679772332 × 10^335 |
| 132 | ov_132 | 2.0433663879741102 × 10^335 |
| 131 | ov_131 | 2.337576335908287 × 10^335 |
| 130 | ov_130 | 2.33757822766839 × 10^335 |
| 129 | ov_129 | 2.33758601688303 × 10^335 |
| 128 | aaa_77_29 | 3.8998342512450916 × 10^335 |
| 127 | aaa_77_28 | 1.2806755666094622 × 10^336 |
| 126 | ov_126 | 4.566854498299 × 10^336 |
| 125 | ov_125 | 1.170179108819751 × 10^337 |
| 124 | ov_124 | 2.5371702556521743 × 10^337 |
| 123 | ov_123 | 4.913519694477092 × 10^337 |
| 122 | ov_122 | 8.742330068131238 × 10^337 |
| 121 | ov_121 | 1.455395440077976 × 10^338 |
| 120 | ov_120 | 2.296601771460908 × 10^338 |
| 119 | ov_119 | 3.4683464025673665 × 10^338 |
| 118 | ov_118 | 5.049864720559017 × 10^338 |
| 117 | ov_117 | 7.129149099972073 × 10^338 |
| 116 | ov_116 | 9.802975049921304 × 10^338 |
| 115 | ov_115 | 1.3176941440093097 × 10^339 |
| 114 | ov_114 | 1.7365529442738927 × 10^339 |
| 113 | ov_113 | 2.2492185531989543 × 10^339 |
| 112 | ov_112 | 2.868943458650412 × 10^339 |
| 111 | ov_111 | 3.6099029847224027 × 10^339 |
| 110 | ov_110 | 4.487214667905225 × 10^339 |
| 109 | ov_109 | 5.516962621953837 × 10^339 |
| 108 | ov_108 | 6.7079403247958265 × 10^339 |
| 107 | ov_107 | 8.069467149392147 × 10^339 |
| 106 | ov_106 | 9.620730632849893 × 10^339 |
| 105 | ov_105 | 1.1382042489927236 × 10^340 |
| 104 | ov_104 | 1.3374895817423075 × 10^340 |
| 103 | ov_103 | 1.562203066069926 × 10^340 |
| 102 | ov_102 | 1.8147508720421832 × 10^340 |
| 101 | ov_101 | 2.0976798290684794 × 10^340 |
| 100 | ov_100 | 2.4136870751177095 × 10^340 |
| 99 | ov_099 | 2.7656309909689735 × 10^340 |
| 98 | ov_098 | 2.7656328340454445 × 10^340 |
| 97 | ov_097 | 2.7656404409140325 × 10^340 |
| 96 | aaa_78_29 | 2.8939488933917448 × 10^340 |
| 95 | aaa_78_28 | 7.710335324771832 × 10^340 |
| 94 | ov_094 | 2.41283567645579 × 10^341 |
| 93 | ov_093 | 5.416526093924168 × 10^341 |
| 92 | ov_092 | 1.0308419970937484 × 10^342 |
| 91 | ov_091 | 1.7614838104978463 × 10^342 |
| 90 | ov_090 | 2.786212267073001 × 10^342 |
| 89 | ov_089 | 4.1576678234067066 × 10^342 |
| 88 | ov_088 | 5.928505926473249 × 10^342 |
| 87 | ov_087 | 8.151413252687787 × 10^342 |
| 86 | ov_086 | 1.0879134721541874 × 10^343 |
| 85 | ov_085 | 1.4164514744018635 × 10^343 |
| 64 | lv_79_m31 | 1.7011922452960887 × 10^343 |
| 84 | ov_084 | 1.806055619555436 × 10^343 |
| 83 | ov_083 | 2.262050060367682 × 10^343 |
| 82 | ov_082 | 2.789793304138316 × 10^343 |
| 81 | ov_081 | 3.3946915219427038 × 10^343 |
| 80 | ov_080 | 4.082215027461911 × 10^343 |
| 79 | ov_079 | 4.857918275796868 × 10^343 |
| 78 | ov_078 | 5.727463733734707 × 10^343 |
| 77 | ov_077 | 6.696649974590786 × 10^343 |
| 76 | ov_076 | 7.771444353161018 × 10^343 |
| 63 | ov_063 | 8.653410554848395 × 10^343 |
| 75 | ov_075 | 8.95802061970859 × 10^343 |
| 74 | ov_074 | 1.0262801836510124 × 10^344 |
| 73 | ov_073 | 1.1692508966536628 × 10^344 |
| 72 | ov_072 | 1.3254215511647637 × 10^344 |
| 71 | ov_071 | 1.495540775878643 × 10^344 |
| 70 | ov_070 | 1.6804049325311424 × 10^344 |
| 69 | ov_069 | 1.8808650366400987 × 10^344 |
| 68 | ov_068 | 2.0978343583177527 × 10^344 |
| 67 | ov_067 | 2.3322968361347132 × 10^344 |
| 66 | ov_066 | 2.332319307483144 × 10^344 |
| 65 | ov_065 | 2.3323895049606098 × 10^344 |
| 62 | ov_062 | 4.4012809583031007 × 10^344 |
| 61 | ov_061 | 1.5916770943341679 × 10^345 |
| 60 | ov_060 | 4.521559377911808 × 10^345 |
| 59 | ov_059 | 1.0832126118334287 × 10^346 |
| 58 | ov_058 | 2.28397508651734 × 10^346 |
| 57 | ov_057 | 4.359833262324572 × 10^346 |
| 56 | ov_056 | 7.689948323853806 × 10^346 |
| 55 | ov_055 | 1.2727301698464278 × 10^347 |
| 54 | ov_054 | 1.9998800411909683 × 10^347 |
| 53 | ov_053 | 3.0105473140607534 × 10^347 |
| 52 | ov_052 | 4.372279664338753 × 10^347 |
| 51 | ov_051 | 6.160119433240641 × 10^347 |
| 50 | ov_050 | 8.456674909700539 × 10^347 |
| 49 | ov_049 | 1.1352217249905676 × 10^348 |
| 48 | ov_048 | 1.494480724687558 × 10^348 |
| 32 | lv_80_m31 | 1.8914829010878162 × 10^348 |
| 47 | ov_047 | 1.9340456165083746 × 10^348 |
| 46 | ov_046 | 2.4653324859020156 × 10^348 |
| 45 | ov_045 | 3.1005965401294233 × 10^348 |
| 44 | ov_044 | 3.8529609456658736 × 10^348 |
| 43 | ov_043 | 4.72966828233757 × 10^348 |
| 42 | ov_042 | 5.738442394578407 × 10^348 |
| 41 | ov_041 | 6.887512646835094 × 10^348 |
| 40 | ov_040 | 8.193870849963991 × 10^348 |
| 39 | ov_039 | 9.675606069727367 × 10^348 |
| 31 | ov_031 | 9.694340828219816 × 10^348 |
| 38 | ov_038 | 1.1351970564644283 × 10^349 |
| 37 | ov_037 | 1.3243453467978868 × 10^349 |
| 36 | ov_036 | 1.5371862685383087 × 10^349 |
| 35 | ov_035 | 1.7760415494830794 × 10^349 |
| 34 | ov_034 | 2.0433838353829077 × 10^349 |
| 33 | ov_033 | 2.341847644090982 × 10^349 |
| 30 | ov_030 | 4.967955303770447 × 10^349 |
| 29 | ov_029 | 1.8091904637201562 × 10^350 |
| 28 | ov_028 | 5.174761529034973 × 10^350 |
| 27 | ov_027 | 1.2477683636881137 × 10^351 |
| 26 | ov_026 | 2.6461947884081086 × 10^351 |
| 25 | ov_025 | 5.076121409926186 × 10^351 |
| 24 | ov_024 | 8.989883527179937 × 10^351 |
| 23 | ov_023 | 1.468038281584644 × 10^352 |
| 22 | ov_022 | 2.2777927169079995 × 10^352 |
| 21 | ov_021 | 3.400186112941238 × 10^352 |
| 20 | ov_020 | 4.91606445478732 × 10^352 |
| 19 | ov_019 | 6.9151990514236725 × 10^352 |
| 18 | ov_018 | 9.4963089941538 × 10^352 |
| 17 | ov_017 | 1.276709560925298 × 10^353 |
| 16 | ov_016 | 1.684429282470572 × 10^353 |
| 15 | ov_015 | 2.185373796334314 × 10^353 |
| 14 | ov_014 | 2.793046806927001 × 10^353 |
| 13 | ov_013 | 3.521884747243713 × 10^353 |
| 12 | ov_012 | 4.387273289911046 × 10^353 |
| 11 | ov_011 | 5.405568304569653 × 10^353 |
| 10 | ov_010 | 6.594122015212421 × 10^353 |
| 9 | ov_009 | 7.96238635435677 × 10^353 |
| 8 | ov_008 | 9.520357741765328 × 10^353 |
| 7 | ov_007 | 1.1288599046525053 × 10^354 |
| 6 | ov_006 | 1.328884336442101 × 10^354 |
| 5 | ov_005 | 1.5532892685207772 × 10^354 |
| 4 | ov_004 | 1.8045026765627805 × 10^354 |
| 3 | ov_003 | 2.085092305035894 × 10^354 |
| 2 | ov_002 | 2.397775524150456 × 10^354 |
| 1 | ov_001 | 2.745430519741554 × 10^354 |

