# Results for E005015-E009014-F017-F018-F019-F020-F021-F022-F023-F024-F025-F026-F027-F028-F029-F030-F031-F032-F033-F034-F035-F036-F037-F038-F039-F040-F041-F042-F043-F044-F045-F046-F047-F048-F049-F050-F051-F052-F053-F054-F055-F056-F057-F058-F059-F060-F061-F062-F063-F064-F065-F066-F067-F068-F069-F070-F071-F072-F073-F074-F075-F076-F077-F078-F079-F080-F081-F082-F083-F084-F085-F086-F087-F088-F089-F090-F091-F092-F093-F094-F095-F096-F097-F098-F099-F100-F101-F102-F103-F104-F105-F106-F107-F108-F109-F110-F111-F112-F113-F114-F115-F116-F117-F118-F119-F120-F121-F122-F123-F124-F125-F126-F127-F128-F129-F130-F131-F132-F133-F134-F135-F136-F137-F138-F139-F140-F141-F142-F143-F144-F145-F146-F147-F148-F149-F150-F151-F152-F153-F154-F155-F156-F157-F158-F159-F160-F161-F162-F163-F164-F165-F166-F167-F168-F169-F170-F171-F172-F173-F174-F175-F176-F177-F178-F179-F180-F181-F182-F183-F184-F185-F186-F187-F188-F189-F190-F191-F192-F193-F194-F195-F196-F197-F198-F199-F200-F201-F202-F203-F204-F205-F206-F207-F208-F209-F210-F211-F212-F213-F214-F215-F216-F217-F218-F219-F220-F221-F222-F223-F224-F225-F226-F227-F228-F229-F230-F231-F232-F233-F234-F235-F236-F237-F238-F239-F240-F241-F242-F243-F244-F245-F246-F247-F248-F249-F250-F251-F252-F253-F254-F255-F256-F257-F258-F259-F260-F261-F262-F263-F264-F265-F266-F267-F268-F269-F270-F271-F272-F273-F274-F275-F276-F277-F278-F279-F280-F281-F282-F283-F284-F285-F286-F287-F288-F289-F290-F291-F292-F293-F294-F295-F296-F297-F298-F299-F300-F301-F302-F303-F304-F305-F306-F307-F308-F309-F310-F311-F312-F313-F314-F315-F316-F317-F318-F319-F320-F321-F322-F323-F324-F325-F326-F327-F328-F329-F330-F331-F332-F333-F334-F335-F336-F337-F338-F339-F340-F341-F342-F343-F344-F345-F346-F347-F348-F349-F350-F351-F352-F353-F354-F355-F356-F357-F358-F359-F360-F361-F362-F363-F364-F365-F366-F367-F368-F369-F370-F371-F372-F373-F374-F375-F376-F377-F378-F379-F380-F381-F382-F383-F384-F385-F386-F387-F388-F389-F390-F391-F392-F393-F394-F395-F396-F397-F398-F399-F400-F401-F402-F403-F404-F405-F406-F407-F408-F409-F410-F411-F412-F413-F414-F415-F416-F417-F418-F419-F420-F421-F422-F423-F424-F425-F426-F427-F428-F429-F430-F431-F432-F433-F434-F435-F436-F437-F438-F439-F440-F441-F442-F443-F444-F445-F446-F447-F448-F449-F450-F451-F452-F453-F454-F455-F456-F457-F458-F459-F460-F461-F462-F463-F464-F465-F466-F467-F468-F469-F470-F471-F472-F473-F474-F475-F476-F477-F478-F479-F480-F481-F482-F483-F484-F485-F486-F487-F488-F489-F490-F491-F492-F493-F494-F495-F496-F497-F498-F499-F500-F501-F502-F503-F504-F505-F506-F507-F508-F509-F510-F511-F512

## Summary

Number of input bits: 512  
Number of free input bits: 14  
Number of output bits: 160

Number of direct occurrences: 62919  
Number of assignments: 39156  
Number of operations: 19117230
(xor: 19079686,
and: 20890,
or: 16654)

Total complexity: 9.772920165433142 × 10^355

Least occurring input variable: iv_012 (4186)  
Most occurring input variable: iv_005 (4760)

Most co-occurring input variables: iv_009-iv_013 (2286)  
Least co-occurring input variables: iv_005-iv_007 (1915)

Potentially most occurring input variable: iv_005/iv_016 (5349)  
Potentially least occurring input variable: iv_002/iv_007 (4379)

Least output occurring input variable: iv_005 (59)  
Most output occurring input variable: iv_012 (86)

Most output co-occurring input variables: iv_002-iv_006 (47)  
Least output co-occurring input variables: iv_005-iv_007 (24)

Potentially most output occurring input variable: iv_001/iv_008 (94)  
Potentially least output occurring input variable: iv_002/iv_006 (66)

Least complex input bit: iv_016 (1.428917487426712 × 10^352)  
Most complex input bit: iv_009 (2.2528544383776177 × 10^355)

Least complex output bit: aaa_76_29 (2.0521590116921095 × 10^331)  
Most complex output bit: ov_001 (1.4961134760915802 × 10^355)

Least complex input/output complexity: iv_016/aaa_76_29 (3.000501231104868 × 10^327)  
Most complex input/output complexity: iv_009/ov_001 (3.4488421350775474 × 10^354)

## Input Bits

### Input Bits in Regular Order

| Input Bit | Complexity | Occurrences | Output Occurrences |
|:---------:|:----------:|:-----------:|:------------------:|
| iv_001 | 4.363181892715839 × 10^352 | 4568 | 75 |
| iv_002 | 1.88860138277613 × 10^353 | 4363 | 80 |
| iv_003 | 5.4331448780822805 × 10^353 | 4376 | 75 |
| iv_004 | 1.1818079030470833 × 10^354 | 4539 | 77 |
| iv_005 | 2.177174574695496 × 10^355 | 4760 | 59 |
| iv_006 | 2.616717808277949 × 10^354 | 4402 | 80 |
| iv_007 | 3.393638076086004 × 10^354 | 4356 | 81 |
| iv_008 | 4.2741984204898995 × 10^354 | 4447 | 69 |
| iv_009 | 2.2528544383776177 × 10^355 | 4758 | 77 |
| iv_010 | 6.858418947163639 × 10^354 | 4483 | 83 |
| iv_011 | 8.952746074645485 × 10^354 | 4644 | 63 |
| iv_012 | 1.1324987335158884 × 10^355 | 4186 | 86 |
| iv_013 | 1.4036301338844058 × 10^355 | 4534 | 78 |
| iv_016 | 1.428917487426712 × 10^352 | 4503 | 79 |

### Input Bits Sorted by Complexity

| Input Bit | Complexity | Occurrences | Output Occurrences |
|:---------:|:----------:|:-----------:|:------------------:|
| iv_016 | 1.428917487426712 × 10^352 | 4503 | 79 |
| iv_001 | 4.363181892715839 × 10^352 | 4568 | 75 |
| iv_002 | 1.88860138277613 × 10^353 | 4363 | 80 |
| iv_003 | 5.4331448780822805 × 10^353 | 4376 | 75 |
| iv_004 | 1.1818079030470833 × 10^354 | 4539 | 77 |
| iv_006 | 2.616717808277949 × 10^354 | 4402 | 80 |
| iv_007 | 3.393638076086004 × 10^354 | 4356 | 81 |
| iv_008 | 4.2741984204898995 × 10^354 | 4447 | 69 |
| iv_010 | 6.858418947163639 × 10^354 | 4483 | 83 |
| iv_011 | 8.952746074645485 × 10^354 | 4644 | 63 |
| iv_012 | 1.1324987335158884 × 10^355 | 4186 | 86 |
| iv_013 | 1.4036301338844058 × 10^355 | 4534 | 78 |
| iv_005 | 2.177174574695496 × 10^355 | 4760 | 59 |
| iv_009 | 2.2528544383776177 × 10^355 | 4758 | 77 |

### Input Bits Sorted by Occurrences

| Input Bit | Complexity | Occurrences | Output Occurrences |
|:---------:|:----------:|:-----------:|:------------------:|
| iv_012 | 1.1324987335158884 × 10^355 | 4186 | 86 |
| iv_007 | 3.393638076086004 × 10^354 | 4356 | 81 |
| iv_002 | 1.88860138277613 × 10^353 | 4363 | 80 |
| iv_003 | 5.4331448780822805 × 10^353 | 4376 | 75 |
| iv_006 | 2.616717808277949 × 10^354 | 4402 | 80 |
| iv_008 | 4.2741984204898995 × 10^354 | 4447 | 69 |
| iv_010 | 6.858418947163639 × 10^354 | 4483 | 83 |
| iv_016 | 1.428917487426712 × 10^352 | 4503 | 79 |
| iv_013 | 1.4036301338844058 × 10^355 | 4534 | 78 |
| iv_004 | 1.1818079030470833 × 10^354 | 4539 | 77 |
| iv_001 | 4.363181892715839 × 10^352 | 4568 | 75 |
| iv_011 | 8.952746074645485 × 10^354 | 4644 | 63 |
| iv_009 | 2.2528544383776177 × 10^355 | 4758 | 77 |
| iv_005 | 2.177174574695496 × 10^355 | 4760 | 59 |

### Input Bits Sorted by Output Occurrences

| Input Bit | Complexity | Occurrences | Output Occurrences |
|:---------:|:----------:|:-----------:|:------------------:|
| iv_005 | 2.177174574695496 × 10^355 | 4760 | 59 |
| iv_011 | 8.952746074645485 × 10^354 | 4644 | 63 |
| iv_008 | 4.2741984204898995 × 10^354 | 4447 | 69 |
| iv_003 | 5.4331448780822805 × 10^353 | 4376 | 75 |
| iv_001 | 4.363181892715839 × 10^352 | 4568 | 75 |
| iv_004 | 1.1818079030470833 × 10^354 | 4539 | 77 |
| iv_009 | 2.2528544383776177 × 10^355 | 4758 | 77 |
| iv_013 | 1.4036301338844058 × 10^355 | 4534 | 78 |
| iv_016 | 1.428917487426712 × 10^352 | 4503 | 79 |
| iv_002 | 1.88860138277613 × 10^353 | 4363 | 80 |
| iv_006 | 2.616717808277949 × 10^354 | 4402 | 80 |
| iv_007 | 3.393638076086004 × 10^354 | 4356 | 81 |
| iv_010 | 6.858418947163639 × 10^354 | 4483 | 83 |
| iv_012 | 1.1324987335158884 × 10^355 | 4186 | 86 |

## Input Bit Co-occurrences

### Input Bit Co-occurrences Sorted by Co-occurrences

| Input Bits | Co-occurrences | Potential Occurrences | Output Co-occurrences | Potential Output Occurrences |
|:----------:|:--------------:|:---------------------:|:---------------------:|:----------------------------:|
| iv_009-iv_013 | 2286 | 4720 | 32 | 91 |
| iv_001-iv_006 | 2241 | 4488 | 39 | 77 |
| iv_003-iv_009 | 2233 | 4668 | 33 | 86 |
| iv_004-iv_009 | 2233 | 4831 | 39 | 76 |
| iv_008-iv_009 | 2195 | 4815 | 37 | 72 |
| iv_005-iv_009 | 2189 | 5140 | 27 | 82 |
| iv_003-iv_004 | 2188 | 4539 | 38 | 76 |
| iv_003-iv_013 | 2188 | 4534 | 36 | 81 |
| iv_001-iv_016 | 2182 | 4707 | 37 | 80 |
| iv_008-iv_013 | 2180 | 4621 | 34 | 79 |
| iv_011-iv_016 | 2180 | 4787 | 26 | 90 |
| iv_010-iv_011 | 2178 | 4771 | 35 | 76 |
| iv_009-iv_011 | 2172 | 5058 | 28 | 84 |
| iv_001-iv_011 | 2172 | 4868 | 28 | 82 |

### Input Bit Co-occurrences Sorted by Potential Occurrences

| Input Bits | Co-occurrences | Potential Occurrences | Output Co-occurrences | Potential Output Occurrences |
|:----------:|:--------------:|:---------------------:|:---------------------:|:----------------------------:|
| iv_002-iv_007 | 2170 | 4379 | 42 | 77 |
| iv_002-iv_012 | 2056 | 4437 | 42 | 82 |
| iv_007-iv_012 | 2027 | 4488 | 45 | 77 |
| iv_001-iv_006 | 2241 | 4488 | 39 | 77 |
| iv_003-iv_012 | 2037 | 4488 | 42 | 77 |
| iv_003-iv_013 | 2188 | 4534 | 36 | 81 |
| iv_003-iv_004 | 2188 | 4539 | 38 | 76 |
| iv_003-iv_008 | 2141 | 4541 | 34 | 76 |
| iv_008-iv_012 | 2031 | 4571 | 37 | 81 |
| iv_003-iv_007 | 2057 | 4618 | 42 | 72 |
| iv_008-iv_013 | 2180 | 4621 | 34 | 79 |
| iv_012-iv_013 | 2046 | 4628 | 42 | 80 |
| iv_002-iv_008 | 2081 | 4648 | 33 | 83 |
| iv_002-iv_003 | 2040 | 4659 | 39 | 77 |

### Input Bit Output Co-occurrences Sorted by Output Co-occurrences

| Input Bits | Co-occurrences | Potential Occurrences | Output Co-occurrences | Potential Output Occurrences |
|:----------:|:--------------:|:---------------------:|:---------------------:|:----------------------------:|
| iv_002-iv_006 | 2030 | 4705 | 47 | 66 |
| iv_002-iv_010 | 2042 | 4762 | 45 | 73 |
| iv_006-iv_007 | 2042 | 4674 | 45 | 71 |
| iv_007-iv_012 | 2027 | 4488 | 45 | 77 |
| iv_004-iv_010 | 2128 | 4766 | 44 | 72 |
| iv_006-iv_012 | 1932 | 4724 | 44 | 78 |
| iv_001-iv_010 | 2111 | 4829 | 44 | 70 |
| iv_004-iv_012 | 1968 | 4789 | 43 | 77 |
| iv_009-iv_010 | 2153 | 4935 | 43 | 74 |
| iv_002-iv_007 | 2170 | 4379 | 42 | 77 |
| iv_002-iv_012 | 2056 | 4437 | 42 | 82 |
| iv_007-iv_009 | 2040 | 5034 | 42 | 74 |
| iv_003-iv_007 | 2057 | 4618 | 42 | 72 |
| iv_003-iv_012 | 2037 | 4488 | 42 | 77 |

### Input Bit Output Co-occurrences Sorted by Potential Output Occurrences

| Input Bits | Co-occurrences | Potential Occurrences | Output Co-occurrences | Potential Output Occurrences |
|:----------:|:--------------:|:---------------------:|:---------------------:|:----------------------------:|
| iv_002-iv_006 | 2030 | 4705 | 47 | 66 |
| iv_001-iv_009 | 2080 | 5166 | 42 | 68 |
| iv_004-iv_011 | 2066 | 5051 | 36 | 68 |
| iv_001-iv_010 | 2111 | 4829 | 44 | 70 |
| iv_005-iv_011 | 2057 | 5290 | 26 | 70 |
| iv_006-iv_007 | 2042 | 4674 | 45 | 71 |
| iv_004-iv_013 | 2141 | 4791 | 42 | 71 |
| iv_004-iv_010 | 2128 | 4766 | 44 | 72 |
| iv_008-iv_009 | 2195 | 4815 | 37 | 72 |
| iv_003-iv_007 | 2057 | 4618 | 42 | 72 |
| iv_001-iv_003 | 2012 | 4920 | 39 | 72 |
| iv_002-iv_010 | 2042 | 4762 | 45 | 73 |
| iv_006-iv_008 | 2015 | 4819 | 38 | 73 |
| iv_004-iv_008 | 2116 | 4754 | 36 | 74 |

## Output Bits

### Output Bits in Regular Order

| Rank | Output Bit | Complexity |
|:----:|:----------:|:----------:|
| 1 | ov_001 | 1.4961134760915802 × 10^355 |
| 2 | ov_002 | 1.3063990458306566 × 10^355 |
| 3 | ov_003 | 1.1358894943264347 × 10^355 |
| 4 | ov_004 | 9.830636328810688 × 10^354 |
| 5 | ov_005 | 8.464852676148565 × 10^354 |
| 6 | ov_006 | 7.247972853523516 × 10^354 |
| 7 | ov_007 | 6.167164439949955 × 10^354 |
| 8 | ov_008 | 5.210287972319438 × 10^354 |
| 9 | ov_009 | 4.3658569995602063 × 10^354 |
| 10 | ov_010 | 3.6230035628106356 × 10^354 |
| 11 | ov_011 | 2.976444319626301 × 10^354 |
| 12 | ov_012 | 2.4211837018279085 × 10^354 |
| 13 | ov_013 | 1.9480506517166009 × 10^354 |
| 14 | ov_014 | 1.5484007082317124 × 10^354 |
| 15 | ov_015 | 1.2141021821912708 × 10^354 |
| 16 | ov_016 | 9.375250798298227 × 10^353 |
| 17 | ov_017 | 7.115323763278142 × 10^353 |
| 18 | ov_018 | 5.2947327372867144 × 10^353 |
| 19 | ov_019 | 3.8517810986424434 × 10^353 |
| 20 | ov_020 | 2.729546167737419 × 10^353 |
| 21 | ov_021 | 1.8758525870518363 × 10^353 |
| 22 | ov_022 | 1.2432541121342511 × 10^353 |
| 23 | ov_023 | 7.890217417908353 × 10^352 |
| 24 | ov_024 | 4.751364281531321 × 10^352 |
| 25 | ov_025 | 2.6828491936184845 × 10^352 |
| 26 | ov_026 | 1.3985759826698478 × 10^352 |
| 27 | ov_027 | 6.594748256016334 × 10^351 |
| 28 | ov_028 | 2.734982722162721 × 10^351 |
| 29 | ov_029 | 9.561995407621561 × 10^350 |
| 30 | ov_030 | 2.6256807207066796 × 10^350 |
| 31 | ov_031 | 5.1236860880389304 × 10^349 |
| 32 | lv_80_m31 | 9.996929828078468 × 10^348 |
| 33 | ov_033 | 1.237721237892395 × 10^350 |
| 34 | ov_034 | 1.0799760899222062 × 10^350 |
| 35 | ov_035 | 9.386794084764633 × 10^349 |
| 36 | ov_036 | 8.124387867603887 × 10^349 |
| 37 | ov_037 | 6.9994737142133105 × 10^349 |
| 38 | ov_038 | 5.9997807302178645 × 10^349 |
| 39 | ov_039 | 5.113782909889333 × 10^349 |
| 40 | ov_040 | 4.330651251874636 × 10^349 |
| 41 | ov_041 | 3.640210474263004 × 10^349 |
| 42 | ov_042 | 3.0329000717968544 × 10^349 |
| 43 | ov_043 | 2.4997394660228073 × 10^349 |
| 44 | ov_044 | 2.0363792413176716 × 10^349 |
| 45 | ov_045 | 1.6387371620445024 × 10^349 |
| 46 | ov_046 | 1.3029853529150943 × 10^349 |
| 47 | ov_047 | 1.0221879104865718 × 10^349 |
| 48 | ov_048 | 7.898676691120793 × 10^348 |
| 49 | ov_049 | 5.999909595294124 × 10^348 |
| 50 | ov_050 | 4.469548380892092 × 10^348 |
| 51 | ov_051 | 3.2557656272202634 × 10^348 |
| 52 | ov_052 | 2.3108509231302485 × 10^348 |
| 53 | ov_053 | 1.5911438650685685 × 10^348 |
| 54 | ov_054 | 1.0569828317125876 × 10^348 |
| 55 | ov_055 | 6.726673085881618 × 10^347 |
| 56 | ov_056 | 4.0643153661292256 × 10^347 |
| 57 | ov_057 | 2.304272587607918 × 10^347 |
| 58 | ov_058 | 1.2071335775584963 × 10^347 |
| 59 | ov_059 | 5.725028746070872 × 10^346 |
| 60 | ov_060 | 2.3897485120133245 × 10^346 |
| 61 | ov_061 | 8.412380904446783 × 10^345 |
| 62 | ov_062 | 2.326178625337639 × 10^345 |
| 63 | ov_063 | 4.573527419011274 × 10^344 |
| 64 | lv_79_m31 | 8.991194365290207 × 10^343 |
| 65 | ov_065 | 1.2327254852380598 × 10^345 |
| 66 | ov_066 | 1.232688380739099 × 10^345 |
| 67 | ov_067 | 1.232676502832208 × 10^345 |
| 68 | ov_068 | 1.1087576031521922 × 10^345 |
| 69 | ov_069 | 9.940842903434419 × 10^344 |
| 70 | ov_070 | 8.881365032388654 × 10^344 |
| 71 | ov_071 | 7.904315363246678 × 10^344 |
| 72 | ov_072 | 7.005195925748061 × 10^344 |
| 73 | ov_073 | 6.179797657491118 × 10^344 |
| 74 | ov_074 | 5.424163819759993 × 10^344 |
| 75 | ov_075 | 4.7345558766821176 × 10^344 |
| 76 | ov_076 | 4.107421646422911 × 10^344 |
| 77 | ov_077 | 3.5393664165880807 × 10^344 |
| 78 | ov_078 | 3.027127257505066 × 10^344 |
| 79 | ov_079 | 2.5675503341207416 × 10^344 |
| 80 | ov_080 | 2.1575710212908396 × 10^344 |
| 81 | ov_081 | 1.794196630372626 × 10^344 |
| 82 | ov_082 | 1.4744915574129523 × 10^344 |
| 83 | ov_083 | 1.1955646649773012 × 10^344 |
| 84 | ov_084 | 9.545587109124784 × 10^343 |
| 85 | ov_085 | 7.486416381916969 × 10^343 |
| 86 | ov_086 | 5.7499954055178856 × 10^343 |
| 87 | ov_087 | 4.30831118979764 × 10^343 |
| 88 | ov_088 | 3.1334344430915153 × 10^343 |
| 89 | ov_089 | 2.1974884129533527 × 10^343 |
| 90 | ov_090 | 1.472627095872043 × 10^343 |
| 91 | ov_091 | 9.31020970311603 × 10^342 |
| 92 | ov_092 | 5.448484231046733 × 10^342 |
| 93 | ov_093 | 2.862911311211274 × 10^342 |
| 94 | ov_094 | 1.2753189795134717 × 10^342 |
| 95 | aaa_78_28 | 4.075382278778321 × 10^341 |
| 96 | aaa_78_29 | 1.529647056292317 × 10^341 |
| 97 | ov_097 | 1.461793094791652 × 10^341 |
| 98 | ov_098 | 1.4617890890530025 × 10^341 |
| 99 | ov_099 | 1.4617881192678326 × 10^341 |
| 100 | ov_100 | 1.275794563280818 × 10^341 |
| 101 | ov_101 | 1.1087821050445565 × 10^341 |
| 102 | ov_102 | 9.592437213154078 × 10^340 |
| 103 | ov_103 | 8.25756869563846 × 10^340 |
| 104 | ov_104 | 7.069778006424213 × 10^340 |
| 105 | ov_105 | 6.016365575107134 × 10^340 |
| 106 | ov_106 | 5.085325774408073 × 10^340 |
| 107 | ov_107 | 4.265308240605378 × 10^340 |
| 108 | ov_108 | 3.545583927282785 × 10^340 |
| 109 | ov_109 | 2.916015489426223 × 10^340 |
| 110 | ov_110 | 2.371678737711148 × 10^340 |
| 111 | ov_111 | 1.9079265960662848 × 10^340 |
| 112 | ov_112 | 1.5162575089157624 × 10^340 |
| 113 | ov_113 | 1.1886800372229665 × 10^340 |
| 114 | ov_114 | 9.177002476339632 × 10^339 |
| 115 | ov_115 | 6.963116846185879 × 10^339 |
| 116 | ov_116 | 5.179876105176233 × 10^339 |
| 117 | ov_117 | 3.7667515357193793 × 10^339 |
| 118 | ov_118 | 2.6679101423041993 × 10^339 |
| 119 | ov_119 | 1.8321841660579992 × 10^339 |
| 120 | ov_120 | 1.2130502846549293 × 10^339 |
| 121 | ov_121 | 7.686160963273637 × 10^338 |
| 122 | ov_122 | 4.616118514606378 × 10^338 |
| 123 | ov_123 | 2.5938575990694362 × 10^338 |
| 124 | ov_124 | 1.3390156525192147 × 10^338 |
| 125 | ov_125 | 6.1737429815002395 × 10^337 |
| 126 | ov_126 | 2.4085494345474025 × 10^337 |
| 127 | aaa_77_28 | 6.751736054884567 × 10^336 |
| 128 | aaa_77_29 | 2.0548405242058604 × 10^336 |
| 129 | ov_129 | 1.2246979824384033 × 10^336 |
| 130 | ov_130 | 1.2246939759978988 × 10^336 |
| 131 | ov_131 | 1.224693004170849 × 10^336 |
| 132 | ov_132 | 1.0687598901191707 × 10^336 |
| 133 | ov_133 | 9.297265713286464 × 10^335 |
| 134 | ov_134 | 8.06096448531788 × 10^335 |
| 135 | ov_135 | 6.964581346708222 × 10^335 |
| 136 | ov_136 | 5.994796176637999 × 10^335 |
| 137 | ov_137 | 5.139030652437774 × 10^335 |
| 138 | ov_138 | 4.385402105500915 × 10^335 |
| 139 | ov_139 | 3.7226827464625305 × 10^335 |
| 140 | ov_140 | 3.1402638927022946 × 10^335 |
| 141 | ov_141 | 2.6281248518205813 × 10^335 |
| 142 | ov_142 | 2.1768061346413385 × 10^335 |
| 143 | ov_143 | 1.7817152097079354 × 10^335 |
| 144 | ov_144 | 1.4385235579566157 × 10^335 |
| 145 | ov_145 | 1.1431580562591015 × 10^335 |
| 146 | ov_146 | 8.917940001510084 × 10^334 |
| 147 | ov_147 | 6.808495628147832 × 10^334 |
| 148 | ov_148 | 5.06981475087175 × 10^334 |
| 149 | ov_149 | 3.6708172914005206 × 10^334 |
| 150 | ov_150 | 2.582751263005292 × 10^334 |
| 151 | ov_151 | 1.7550315589482292 × 10^334 |
| 152 | ov_152 | 1.1416610388382377 × 10^334 |
| 153 | ov_153 | 7.012171795393774 × 10^333 |
| 154 | ov_154 | 3.96843891008971 × 10^333 |
| 155 | ov_155 | 1.9624685100295105 × 10^333 |
| 156 | aaa_76_25 | 7.169113071446092 × 10^332 |
| 157 | aaa_76_26 | 3.744543296512722 × 10^332 |
| 158 | aaa_76_27 | 1.7260971972651493 × 10^332 |
| 159 | aaa_76_28 | 6.73298388318031 × 10^331 |
| 160 | aaa_76_29 | 2.0521590116921095 × 10^331 |

### Output Bits Sorted by Complexity

| Rank | Output Bit | Complexity |
|:----:|:----------:|:----------:|
| 160 | aaa_76_29 | 2.0521590116921095 × 10^331 |
| 159 | aaa_76_28 | 6.73298388318031 × 10^331 |
| 158 | aaa_76_27 | 1.7260971972651493 × 10^332 |
| 157 | aaa_76_26 | 3.744543296512722 × 10^332 |
| 156 | aaa_76_25 | 7.169113071446092 × 10^332 |
| 155 | ov_155 | 1.9624685100295105 × 10^333 |
| 154 | ov_154 | 3.96843891008971 × 10^333 |
| 153 | ov_153 | 7.012171795393774 × 10^333 |
| 152 | ov_152 | 1.1416610388382377 × 10^334 |
| 151 | ov_151 | 1.7550315589482292 × 10^334 |
| 150 | ov_150 | 2.582751263005292 × 10^334 |
| 149 | ov_149 | 3.6708172914005206 × 10^334 |
| 148 | ov_148 | 5.06981475087175 × 10^334 |
| 147 | ov_147 | 6.808495628147832 × 10^334 |
| 146 | ov_146 | 8.917940001510084 × 10^334 |
| 145 | ov_145 | 1.1431580562591015 × 10^335 |
| 144 | ov_144 | 1.4385235579566157 × 10^335 |
| 143 | ov_143 | 1.7817152097079354 × 10^335 |
| 142 | ov_142 | 2.1768061346413385 × 10^335 |
| 141 | ov_141 | 2.6281248518205813 × 10^335 |
| 140 | ov_140 | 3.1402638927022946 × 10^335 |
| 139 | ov_139 | 3.7226827464625305 × 10^335 |
| 138 | ov_138 | 4.385402105500915 × 10^335 |
| 137 | ov_137 | 5.139030652437774 × 10^335 |
| 136 | ov_136 | 5.994796176637999 × 10^335 |
| 135 | ov_135 | 6.964581346708222 × 10^335 |
| 134 | ov_134 | 8.06096448531788 × 10^335 |
| 133 | ov_133 | 9.297265713286464 × 10^335 |
| 132 | ov_132 | 1.0687598901191707 × 10^336 |
| 131 | ov_131 | 1.224693004170849 × 10^336 |
| 130 | ov_130 | 1.2246939759978988 × 10^336 |
| 129 | ov_129 | 1.2246979824384033 × 10^336 |
| 128 | aaa_77_29 | 2.0548405242058604 × 10^336 |
| 127 | aaa_77_28 | 6.751736054884567 × 10^336 |
| 126 | ov_126 | 2.4085494345474025 × 10^337 |
| 125 | ov_125 | 6.1737429815002395 × 10^337 |
| 124 | ov_124 | 1.3390156525192147 × 10^338 |
| 123 | ov_123 | 2.5938575990694362 × 10^338 |
| 122 | ov_122 | 4.616118514606378 × 10^338 |
| 121 | ov_121 | 7.686160963273637 × 10^338 |
| 120 | ov_120 | 1.2130502846549293 × 10^339 |
| 119 | ov_119 | 1.8321841660579992 × 10^339 |
| 118 | ov_118 | 2.6679101423041993 × 10^339 |
| 117 | ov_117 | 3.7667515357193793 × 10^339 |
| 116 | ov_116 | 5.179876105176233 × 10^339 |
| 115 | ov_115 | 6.963116846185879 × 10^339 |
| 114 | ov_114 | 9.177002476339632 × 10^339 |
| 113 | ov_113 | 1.1886800372229665 × 10^340 |
| 112 | ov_112 | 1.5162575089157624 × 10^340 |
| 111 | ov_111 | 1.9079265960662848 × 10^340 |
| 110 | ov_110 | 2.371678737711148 × 10^340 |
| 109 | ov_109 | 2.916015489426223 × 10^340 |
| 108 | ov_108 | 3.545583927282785 × 10^340 |
| 107 | ov_107 | 4.265308240605378 × 10^340 |
| 106 | ov_106 | 5.085325774408073 × 10^340 |
| 105 | ov_105 | 6.016365575107134 × 10^340 |
| 104 | ov_104 | 7.069778006424213 × 10^340 |
| 103 | ov_103 | 8.25756869563846 × 10^340 |
| 102 | ov_102 | 9.592437213154078 × 10^340 |
| 101 | ov_101 | 1.1087821050445565 × 10^341 |
| 100 | ov_100 | 1.275794563280818 × 10^341 |
| 99 | ov_099 | 1.4617881192678326 × 10^341 |
| 98 | ov_098 | 1.4617890890530025 × 10^341 |
| 97 | ov_097 | 1.461793094791652 × 10^341 |
| 96 | aaa_78_29 | 1.529647056292317 × 10^341 |
| 95 | aaa_78_28 | 4.075382278778321 × 10^341 |
| 94 | ov_094 | 1.2753189795134717 × 10^342 |
| 93 | ov_093 | 2.862911311211274 × 10^342 |
| 92 | ov_092 | 5.448484231046733 × 10^342 |
| 91 | ov_091 | 9.31020970311603 × 10^342 |
| 90 | ov_090 | 1.472627095872043 × 10^343 |
| 89 | ov_089 | 2.1974884129533527 × 10^343 |
| 88 | ov_088 | 3.1334344430915153 × 10^343 |
| 87 | ov_087 | 4.30831118979764 × 10^343 |
| 86 | ov_086 | 5.7499954055178856 × 10^343 |
| 85 | ov_085 | 7.486416381916969 × 10^343 |
| 64 | lv_79_m31 | 8.991194365290207 × 10^343 |
| 84 | ov_084 | 9.545587109124784 × 10^343 |
| 83 | ov_083 | 1.1955646649773012 × 10^344 |
| 82 | ov_082 | 1.4744915574129523 × 10^344 |
| 81 | ov_081 | 1.794196630372626 × 10^344 |
| 80 | ov_080 | 2.1575710212908396 × 10^344 |
| 79 | ov_079 | 2.5675503341207416 × 10^344 |
| 78 | ov_078 | 3.027127257505066 × 10^344 |
| 77 | ov_077 | 3.5393664165880807 × 10^344 |
| 76 | ov_076 | 4.107421646422911 × 10^344 |
| 63 | ov_063 | 4.573527419011274 × 10^344 |
| 75 | ov_075 | 4.7345558766821176 × 10^344 |
| 74 | ov_074 | 5.424163819759993 × 10^344 |
| 73 | ov_073 | 6.179797657491118 × 10^344 |
| 72 | ov_072 | 7.005195925748061 × 10^344 |
| 71 | ov_071 | 7.904315363246678 × 10^344 |
| 70 | ov_070 | 8.881365032388654 × 10^344 |
| 69 | ov_069 | 9.940842903434419 × 10^344 |
| 68 | ov_068 | 1.1087576031521922 × 10^345 |
| 67 | ov_067 | 1.232676502832208 × 10^345 |
| 66 | ov_066 | 1.232688380739099 × 10^345 |
| 65 | ov_065 | 1.2327254852380598 × 10^345 |
| 62 | ov_062 | 2.326178625337639 × 10^345 |
| 61 | ov_061 | 8.412380904446783 × 10^345 |
| 60 | ov_060 | 2.3897485120133245 × 10^346 |
| 59 | ov_059 | 5.725028746070872 × 10^346 |
| 58 | ov_058 | 1.2071335775584963 × 10^347 |
| 57 | ov_057 | 2.304272587607918 × 10^347 |
| 56 | ov_056 | 4.0643153661292256 × 10^347 |
| 55 | ov_055 | 6.726673085881618 × 10^347 |
| 54 | ov_054 | 1.0569828317125876 × 10^348 |
| 53 | ov_053 | 1.5911438650685685 × 10^348 |
| 52 | ov_052 | 2.3108509231302485 × 10^348 |
| 51 | ov_051 | 3.2557656272202634 × 10^348 |
| 50 | ov_050 | 4.469548380892092 × 10^348 |
| 49 | ov_049 | 5.999909595294124 × 10^348 |
| 48 | ov_048 | 7.898676691120793 × 10^348 |
| 32 | lv_80_m31 | 9.996929828078468 × 10^348 |
| 47 | ov_047 | 1.0221879104865718 × 10^349 |
| 46 | ov_046 | 1.3029853529150943 × 10^349 |
| 45 | ov_045 | 1.6387371620445024 × 10^349 |
| 44 | ov_044 | 2.0363792413176716 × 10^349 |
| 43 | ov_043 | 2.4997394660228073 × 10^349 |
| 42 | ov_042 | 3.0329000717968544 × 10^349 |
| 41 | ov_041 | 3.640210474263004 × 10^349 |
| 40 | ov_040 | 4.330651251874636 × 10^349 |
| 39 | ov_039 | 5.113782909889333 × 10^349 |
| 31 | ov_031 | 5.1236860880389304 × 10^349 |
| 38 | ov_038 | 5.9997807302178645 × 10^349 |
| 37 | ov_037 | 6.9994737142133105 × 10^349 |
| 36 | ov_036 | 8.124387867603887 × 10^349 |
| 35 | ov_035 | 9.386794084764633 × 10^349 |
| 34 | ov_034 | 1.0799760899222062 × 10^350 |
| 33 | ov_033 | 1.237721237892395 × 10^350 |
| 30 | ov_030 | 2.6256807207066796 × 10^350 |
| 29 | ov_029 | 9.561995407621561 × 10^350 |
| 28 | ov_028 | 2.734982722162721 × 10^351 |
| 27 | ov_027 | 6.594748256016334 × 10^351 |
| 26 | ov_026 | 1.3985759826698478 × 10^352 |
| 25 | ov_025 | 2.6828491936184845 × 10^352 |
| 24 | ov_024 | 4.751364281531321 × 10^352 |
| 23 | ov_023 | 7.890217417908353 × 10^352 |
| 22 | ov_022 | 1.2432541121342511 × 10^353 |
| 21 | ov_021 | 1.8758525870518363 × 10^353 |
| 20 | ov_020 | 2.729546167737419 × 10^353 |
| 19 | ov_019 | 3.8517810986424434 × 10^353 |
| 18 | ov_018 | 5.2947327372867144 × 10^353 |
| 17 | ov_017 | 7.115323763278142 × 10^353 |
| 16 | ov_016 | 9.375250798298227 × 10^353 |
| 15 | ov_015 | 1.2141021821912708 × 10^354 |
| 14 | ov_014 | 1.5484007082317124 × 10^354 |
| 13 | ov_013 | 1.9480506517166009 × 10^354 |
| 12 | ov_012 | 2.4211837018279085 × 10^354 |
| 11 | ov_011 | 2.976444319626301 × 10^354 |
| 10 | ov_010 | 3.6230035628106356 × 10^354 |
| 9 | ov_009 | 4.3658569995602063 × 10^354 |
| 8 | ov_008 | 5.210287972319438 × 10^354 |
| 7 | ov_007 | 6.167164439949955 × 10^354 |
| 6 | ov_006 | 7.247972853523516 × 10^354 |
| 5 | ov_005 | 8.464852676148565 × 10^354 |
| 4 | ov_004 | 9.830636328810688 × 10^354 |
| 3 | ov_003 | 1.1358894943264347 × 10^355 |
| 2 | ov_002 | 1.3063990458306566 × 10^355 |
| 1 | ov_001 | 1.4961134760915802 × 10^355 |

