# Results for F001-F002-F003-F004-F005-F006-F007-F008-F009-F010-F011-F012-F013-F014-F015-F016-F017-F018-F019-F020-F021-F022-F023-F024-F025-F026-F027-F028-F029-F030-F031-F032-F033-F034-F035-F036-F037-F038-F039-F040-F041-F042-F043-F044-F045-F046-F047-F048-F049-F050-F051-F052-F053-F054-F055-F056-F057-F058-F059-F060-F061-F062-F063-F064-F065-F066-F067-F068-F069-F070-F071-F072-F073-F074-F075-F076-F077-F078-F079-F080-F081-F082-F083-F084-F085-F086-F087-F088-F089-F090-F091-F092-F093-F094-F095-F096-F097-F098-F099-F100-F101-F102-F103-F104-F105-F106-F107-F108-F109-F110-F111-F112-F113-F114-F115-F116-F117-F118-F119-F120-F121-F122-F123-F124-F125-F126-F127-F128-F129-F130-F131-F132-F133-F134-F135-F136-F137-F138-F139-F140-F141-F142-F143-F144-F145-F146-F147-F148-F149-F150-F151-F152-F153-F154-F155-F156-F157-F158-F159-F160-F161-F162-F163-F164-F165-F166-F167-F168-F169-F170-F171-F172-F173-F174-F175-F176-F177-F178-F179-F180-F181-F182-F183-F184-F185-F186-F187-F188-F189-F190-F191-F192-F193-F194-F195-F196-F197-F198-F199-F200-F201-F202-F203-F204-F205-F206-F207-F208-F209-F210-F211-F212-F213-F214-F215-F216-F217-F218-F219-F220-F221-F222-F223-F224-F225-F226-F227-F228-F229-F230-F231-F232-F233-F234-F235-F236-F237-F238-F239-F240-F241-F242-F243-F244-F245-F246-F247-F248-F249-F250-F251-F252-F253-F254-F255-F256-F257-F258-F259-F260-F261-F262-F263-F264-F265-F266-F267-F268-F269-F270-F271-F272-F273-F274-F275-F276-F277-F278-F279-F280-F281-F282-F283-F284-F285-F286-F287-F288-F289-F290-F291-F292-F293-F294-F295-F296-F297-F298-F299-F300-F301-F302-F303-F304-F305-F306-F307-F308-F309-F310-F311-F312-F313-F314-F315-F316-F317-F318-F319-F320-F321-F322-F323-F324-F325-F326-F327-F328-F329-F330-F331-F332-F333-F334-F335-F336-F337-F338-F339-F340-F341-F342-F343-F344-F345-F346-F347-F348-F349-F350-F351-F352-F353-F354-F355-F356-F357-F358-F359-F360-F361-F362-F363-F364-F365-F366-F367-F368-F369-F370-F371-F372-F373-F374-F375-F376-F377-F378-F379-F380-F381-F382-F383-F384-F385-F386-F387-F388-F389-F390-F391-F392-F393-F394-F395-F396-F397-F398-F399-F400-F401-F402-F403-F404-F405-F406-F407-F408-F409-F410-F411-F412-F413-F414-F415-F416-F417-F418-F419-F420-F421-F422-F423-F424-F425-F426-F427-F428-F429-F430-F431-F432-F433-F434-F435-F436-F437-F438-F439-F440-F441-F442-F443-F444-F445-F446-F447-F448-F449-F450-F451-F452-F453-F454-F455-F456-F457-F458-F459-F460-F461-F462-F463-F464-F465-F466-F467-F468-F469-F470-F471-F472-F473-F474-F475-F476-F477-F478-F479-F480-F481-F482-F483-F484-F485-F486-F487-F488-F489-F490-F491-F492-F493-F494-F495-F496-E499508-E507512

## Summary

Number of input bits: 512  
Number of free input bits: 14  
Number of output bits: 160

Number of direct occurrences: 57127  
Number of assignments: 32202  
Number of operations: 11410436
(xor: 11381796,
and: 14901,
or: 13739)

Total complexity: 9.533303947818609 × 10^302

Least occurring input variable: iv_502 (3909)  
Most occurring input variable: iv_507 (4353)

Most co-occurring input variables: iv_500-iv_511 (2091)  
Least co-occurring input variables: iv_499-iv_502 (1759)

Potentially most occurring input variable: iv_499/iv_507 (4640)  
Potentially least occurring input variable: iv_504/iv_506 (4165)

Least output occurring input variable: iv_507 (72)  
Most output occurring input variable: iv_497 (93)

Most output co-occurring input variables: iv_497-iv_502 (52)  
Least output co-occurring input variables: iv_504-iv_510 (32)

Potentially most output occurring input variable: iv_504/iv_510 (93)  
Potentially least output occurring input variable: iv_499/iv_509 (65)

Least complex input bit: iv_497 (6.72079788118634 × 10^299)  
Most complex input bit: iv_510 (2.339238331148188 × 10^302)

Least complex output bit: aaa_76_29 (1.5334086075222847 × 10^278)  
Most complex output bit: ov_001 (1.4832304999629935 × 10^302)

Least complex input/output complexity: iv_497/aaa_76_29 (1.081023890231337 × 10^275)  
Most complex input/output complexity: iv_510/ov_001 (3.6394828680936266 × 10^301)

## Input Bits

### Input Bits in Regular Order

| Input Bit | Complexity | Occurrences | Output Occurrences |
|:---------:|:----------:|:-----------:|:------------------:|
| iv_497 | 6.72079788118634 × 10^299 | 4158 | 93 |
| iv_498 | 1.3557290612885483 × 10^300 | 3966 | 88 |
| iv_499 | 1.3063486866522784 × 10^302 | 4105 | 75 |
| iv_500 | 4.08839966975647 × 10^300 | 4147 | 76 |
| iv_501 | 6.971389332672526 × 10^300 | 4117 | 83 |
| iv_502 | 1.1331207989243658 × 10^301 | 3909 | 82 |
| iv_503 | 1.7878427385104615 × 10^301 | 4063 | 74 |
| iv_504 | 2.754282869776705 × 10^301 | 3955 | 78 |
| iv_505 | 4.1622043084072755 × 10^301 | 3949 | 79 |
| iv_506 | 6.183791225100243 × 10^301 | 3980 | 82 |
| iv_507 | 1.703856769426072 × 10^302 | 4353 | 72 |
| iv_509 | 1.7581015918240216 × 10^302 | 4027 | 78 |
| iv_510 | 2.339238331148188 × 10^302 | 4157 | 79 |
| iv_511 | 6.927583961778031 × 10^301 | 4241 | 80 |

### Input Bits Sorted by Complexity

| Input Bit | Complexity | Occurrences | Output Occurrences |
|:---------:|:----------:|:-----------:|:------------------:|
| iv_497 | 6.72079788118634 × 10^299 | 4158 | 93 |
| iv_498 | 1.3557290612885483 × 10^300 | 3966 | 88 |
| iv_500 | 4.08839966975647 × 10^300 | 4147 | 76 |
| iv_501 | 6.971389332672526 × 10^300 | 4117 | 83 |
| iv_502 | 1.1331207989243658 × 10^301 | 3909 | 82 |
| iv_503 | 1.7878427385104615 × 10^301 | 4063 | 74 |
| iv_504 | 2.754282869776705 × 10^301 | 3955 | 78 |
| iv_505 | 4.1622043084072755 × 10^301 | 3949 | 79 |
| iv_506 | 6.183791225100243 × 10^301 | 3980 | 82 |
| iv_511 | 6.927583961778031 × 10^301 | 4241 | 80 |
| iv_499 | 1.3063486866522784 × 10^302 | 4105 | 75 |
| iv_507 | 1.703856769426072 × 10^302 | 4353 | 72 |
| iv_509 | 1.7581015918240216 × 10^302 | 4027 | 78 |
| iv_510 | 2.339238331148188 × 10^302 | 4157 | 79 |

### Input Bits Sorted by Occurrences

| Input Bit | Complexity | Occurrences | Output Occurrences |
|:---------:|:----------:|:-----------:|:------------------:|
| iv_502 | 1.1331207989243658 × 10^301 | 3909 | 82 |
| iv_505 | 4.1622043084072755 × 10^301 | 3949 | 79 |
| iv_504 | 2.754282869776705 × 10^301 | 3955 | 78 |
| iv_498 | 1.3557290612885483 × 10^300 | 3966 | 88 |
| iv_506 | 6.183791225100243 × 10^301 | 3980 | 82 |
| iv_509 | 1.7581015918240216 × 10^302 | 4027 | 78 |
| iv_503 | 1.7878427385104615 × 10^301 | 4063 | 74 |
| iv_499 | 1.3063486866522784 × 10^302 | 4105 | 75 |
| iv_501 | 6.971389332672526 × 10^300 | 4117 | 83 |
| iv_500 | 4.08839966975647 × 10^300 | 4147 | 76 |
| iv_510 | 2.339238331148188 × 10^302 | 4157 | 79 |
| iv_497 | 6.72079788118634 × 10^299 | 4158 | 93 |
| iv_511 | 6.927583961778031 × 10^301 | 4241 | 80 |
| iv_507 | 1.703856769426072 × 10^302 | 4353 | 72 |

### Input Bits Sorted by Output Occurrences

| Input Bit | Complexity | Occurrences | Output Occurrences |
|:---------:|:----------:|:-----------:|:------------------:|
| iv_507 | 1.703856769426072 × 10^302 | 4353 | 72 |
| iv_503 | 1.7878427385104615 × 10^301 | 4063 | 74 |
| iv_499 | 1.3063486866522784 × 10^302 | 4105 | 75 |
| iv_500 | 4.08839966975647 × 10^300 | 4147 | 76 |
| iv_504 | 2.754282869776705 × 10^301 | 3955 | 78 |
| iv_509 | 1.7581015918240216 × 10^302 | 4027 | 78 |
| iv_505 | 4.1622043084072755 × 10^301 | 3949 | 79 |
| iv_510 | 2.339238331148188 × 10^302 | 4157 | 79 |
| iv_511 | 6.927583961778031 × 10^301 | 4241 | 80 |
| iv_502 | 1.1331207989243658 × 10^301 | 3909 | 82 |
| iv_506 | 6.183791225100243 × 10^301 | 3980 | 82 |
| iv_501 | 6.971389332672526 × 10^300 | 4117 | 83 |
| iv_498 | 1.3557290612885483 × 10^300 | 3966 | 88 |
| iv_497 | 6.72079788118634 × 10^299 | 4158 | 93 |

## Input Bit Co-occurrences

### Input Bit Co-occurrences Sorted by Co-occurrences

| Input Bits | Co-occurrences | Potential Occurrences | Output Co-occurrences | Potential Output Occurrences |
|:----------:|:--------------:|:---------------------:|:---------------------:|:----------------------------:|
| iv_500-iv_511 | 2091 | 4206 | 38 | 80 |
| iv_501-iv_511 | 2048 | 4262 | 39 | 85 |
| iv_500-iv_510 | 2022 | 4260 | 39 | 77 |
| iv_503-iv_511 | 2021 | 4262 | 37 | 80 |
| iv_497-iv_501 | 2018 | 4239 | 48 | 80 |
| iv_497-iv_511 | 2018 | 4363 | 47 | 79 |
| iv_501-iv_507 | 2016 | 4438 | 36 | 83 |
| iv_500-iv_503 | 2013 | 4184 | 38 | 74 |
| iv_510-iv_511 | 2007 | 4384 | 38 | 83 |
| iv_497-iv_503 | 2006 | 4209 | 38 | 91 |
| iv_507-iv_510 | 1997 | 4516 | 33 | 85 |
| iv_497-iv_507 | 1996 | 4519 | 44 | 77 |
| iv_497-iv_500 | 1996 | 4313 | 39 | 91 |
| iv_500-iv_507 | 1992 | 4516 | 32 | 84 |

### Input Bit Co-occurrences Sorted by Potential Occurrences

| Input Bits | Co-occurrences | Potential Occurrences | Output Co-occurrences | Potential Output Occurrences |
|:----------:|:--------------:|:---------------------:|:---------------------:|:----------------------------:|
| iv_504-iv_506 | 1885 | 4165 | 42 | 76 |
| iv_506-iv_509 | 1920 | 4167 | 43 | 74 |
| iv_501-iv_505 | 1945 | 4176 | 45 | 72 |
| iv_502-iv_505 | 1839 | 4180 | 36 | 89 |
| iv_504-iv_505 | 1861 | 4182 | 41 | 75 |
| iv_500-iv_503 | 2013 | 4184 | 38 | 74 |
| iv_503-iv_506 | 1923 | 4197 | 38 | 80 |
| iv_500-iv_511 | 2091 | 4206 | 38 | 80 |
| iv_497-iv_503 | 2006 | 4209 | 38 | 91 |
| iv_498-iv_504 | 1855 | 4211 | 46 | 74 |
| iv_500-iv_505 | 1940 | 4216 | 42 | 71 |
| iv_498-iv_510 | 1953 | 4217 | 48 | 71 |
| iv_497-iv_506 | 1960 | 4218 | 51 | 73 |
| iv_506-iv_510 | 1957 | 4223 | 44 | 73 |

### Input Bit Output Co-occurrences Sorted by Output Co-occurrences

| Input Bits | Co-occurrences | Potential Occurrences | Output Co-occurrences | Potential Output Occurrences |
|:----------:|:--------------:|:---------------------:|:---------------------:|:----------------------------:|
| iv_497-iv_502 | 1910 | 4247 | 52 | 71 |
| iv_497-iv_506 | 1960 | 4218 | 51 | 73 |
| iv_497-iv_504 | 1936 | 4241 | 50 | 71 |
| iv_497-iv_498 | 1903 | 4318 | 50 | 81 |
| iv_498-iv_501 | 1887 | 4309 | 48 | 75 |
| iv_498-iv_510 | 1953 | 4217 | 48 | 71 |
| iv_497-iv_501 | 2018 | 4239 | 48 | 80 |
| iv_497-iv_510 | 1949 | 4417 | 48 | 76 |
| iv_497-iv_509 | 1941 | 4303 | 48 | 75 |
| iv_497-iv_505 | 1916 | 4275 | 47 | 78 |
| iv_497-iv_511 | 2018 | 4363 | 47 | 79 |
| iv_498-iv_502 | 1776 | 4323 | 46 | 78 |
| iv_498-iv_504 | 1855 | 4211 | 46 | 74 |
| iv_498-iv_507 | 1925 | 4469 | 46 | 68 |

### Input Bit Output Co-occurrences Sorted by Potential Output Occurrences

| Input Bits | Co-occurrences | Potential Occurrences | Output Co-occurrences | Potential Output Occurrences |
|:----------:|:--------------:|:---------------------:|:---------------------:|:----------------------------:|
| iv_499-iv_509 | 1938 | 4256 | 44 | 65 |
| iv_498-iv_507 | 1925 | 4469 | 46 | 68 |
| iv_503-iv_504 | 1872 | 4274 | 41 | 70 |
| iv_498-iv_510 | 1953 | 4217 | 48 | 71 |
| iv_500-iv_505 | 1940 | 4216 | 42 | 71 |
| iv_497-iv_504 | 1936 | 4241 | 50 | 71 |
| iv_497-iv_502 | 1910 | 4247 | 52 | 71 |
| iv_501-iv_505 | 1945 | 4176 | 45 | 72 |
| iv_502-iv_511 | 1931 | 4288 | 45 | 72 |
| iv_501-iv_503 | 1963 | 4254 | 42 | 73 |
| iv_503-iv_505 | 1890 | 4232 | 40 | 73 |
| iv_506-iv_510 | 1957 | 4223 | 44 | 73 |
| iv_497-iv_506 | 1960 | 4218 | 51 | 73 |
| iv_498-iv_504 | 1855 | 4211 | 46 | 74 |

## Output Bits

### Output Bits in Regular Order

| Rank | Output Bit | Complexity |
|:----:|:----------:|:----------:|
| 1 | ov_001 | 1.4832304999629935 × 10^302 |
| 2 | ov_002 | 1.2914375151735435 × 10^302 |
| 3 | ov_003 | 1.1191983609668598 × 10^302 |
| 4 | ov_004 | 9.650467297414358 × 10^301 |
| 5 | ov_005 | 8.275969145496594 × 10^301 |
| 6 | ov_006 | 7.055381337691928 × 10^301 |
| 7 | ov_007 | 5.976295866802779 × 10^301 |
| 8 | ov_008 | 5.026961731983778 × 10^301 |
| 9 | ov_009 | 4.1962481459480085 × 10^301 |
| 10 | ov_010 | 3.4736131549015963 × 10^301 |
| 11 | ov_011 | 2.849077107497328 × 10^301 |
| 12 | ov_012 | 2.3132004416616386 × 10^301 |
| 13 | ov_013 | 1.8570652900088027 × 10^301 |
| 14 | ov_014 | 1.472260435860908 × 10^301 |
| 15 | ov_015 | 1.1508691827682022 × 10^301 |
| 16 | ov_016 | 8.854597309770714 × 10^300 |
| 17 | ov_017 | 6.690776846080634 × 10^300 |
| 18 | ov_018 | 4.9524034345285366 × 10^300 |
| 19 | ov_019 | 3.5793246333027805 × 10^300 |
| 20 | ov_020 | 2.5160319889748517 × 10^300 |
| 21 | ov_021 | 1.7116397272138117 × 10^300 |
| 22 | ov_022 | 1.119870442968839 × 10^300 |
| 23 | ov_023 | 6.9904582564071215 × 10^299 |
| 24 | ov_024 | 4.1208082013656795 × 10^299 |
| 25 | ov_025 | 2.2648010498326596 × 10^299 |
| 26 | ov_026 | 1.1433616222301003 × 10^299 |
| 27 | ov_027 | 5.232836880312243 × 10^298 |
| 28 | ov_028 | 2.1722638100353122 × 10^298 |
| 29 | ov_029 | 8.371304460221549 × 10^297 |
| 30 | ov_030 | 2.55941496532816 × 10^297 |
| 31 | ov_031 | 4.992502825263079 × 10^296 |
| 32 | lv_80_m31 | 9.73660944160707 × 10^295 |
| 33 | ov_033 | 1.1773847785026116 × 10^297 |
| 34 | ov_034 | 1.0237053811952438 × 10^297 |
| 35 | ov_035 | 8.858257329896095 × 10^296 |
| 36 | ov_036 | 7.62555517315077 × 10^296 |
| 37 | ov_037 | 6.527696124796388 × 10^296 |
| 38 | ov_038 | 5.55403518056793 × 10^296 |
| 39 | ov_039 | 4.694493756336461 × 10^296 |
| 40 | ov_040 | 3.9395252793617025 × 10^296 |
| 41 | ov_041 | 3.2800856376074933 × 10^296 |
| 42 | ov_042 | 2.707607993774262 × 10^296 |
| 43 | ov_043 | 2.2139815015072704 × 10^296 |
| 44 | ov_044 | 1.7915334906835853 × 10^296 |
| 45 | ov_045 | 1.4330147169479183 × 10^296 |
| 46 | ov_046 | 1.1315872979276598 × 10^296 |
| 47 | ov_047 | 8.808149849668264 × 10^295 |
| 48 | ov_048 | 6.746554449200244 × 10^295 |
| 49 | ov_049 | 5.074542516700845 × 10^295 |
| 50 | ov_050 | 3.739403116923989 × 10^295 |
| 51 | ov_051 | 2.69222472287458 × 10^295 |
| 52 | ov_052 | 1.8878708512929858 × 10^295 |
| 53 | ov_053 | 1.2849632160683443 × 10^295 |
| 54 | ov_054 | 8.458706012909807 × 10^294 |
| 55 | ov_055 | 5.3670189172758345 × 10^294 |
| 56 | ov_056 | 3.273019340651019 × 10^294 |
| 57 | ov_057 | 1.9124917637719158 × 10^294 |
| 58 | ov_058 | 1.058543701880856 × 10^294 |
| 59 | ov_059 | 5.215991136615964 × 10^293 |
| 60 | ov_060 | 2.161985670725964 × 10^293 |
| 61 | ov_061 | 7.55390371808014 × 10^292 |
| 62 | ov_062 | 2.0727936525418185 × 10^292 |
| 63 | ov_063 | 4.04141207652451 × 10^291 |
| 64 | lv_79_m31 | 7.878176308869893 × 10^290 |
| 65 | ov_065 | 9.521192950273898 × 10^291 |
| 66 | ov_066 | 9.521165223241375 × 10^291 |
| 67 | ov_067 | 9.52115843783852 × 10^291 |
| 68 | ov_068 | 8.26605347632066 × 10^291 |
| 69 | ov_069 | 7.1428923103203 × 10^291 |
| 70 | ov_070 | 6.141170310850622 × 10^291 |
| 71 | ov_071 | 5.2510287604452877 × 10^291 |
| 72 | ov_072 | 4.463211128663694 × 10^291 |
| 73 | ov_073 | 3.769023222926528 × 10^291 |
| 74 | ov_074 | 3.1602970073089216 × 10^291 |
| 75 | ov_075 | 2.6293578901980745 × 10^291 |
| 76 | ov_076 | 2.168995288593869 × 10^291 |
| 77 | ov_077 | 1.7724362824654552 × 10^291 |
| 78 | ov_078 | 1.433322177133575 × 10^291 |
| 79 | ov_079 | 1.145687795275903 × 10^291 |
| 80 | ov_080 | 9.039433229882951 × 10^290 |
| 81 | ov_081 | 7.028585365049081 × 10^290 |
| 82 | ov_082 | 5.375492378001198 × 10^290 |
| 83 | ov_083 | 4.034657284695749 × 10^290 |
| 84 | ov_084 | 2.9638315211005647 × 10^290 |
| 85 | ov_085 | 2.1239353597098344 × 10^290 |
| 86 | ov_086 | 1.4789936300591366 × 10^290 |
| 87 | ov_087 | 9.960850567097622 × 10^289 |
| 88 | ov_088 | 6.453035294617768 × 10^289 |
| 89 | ov_089 | 3.997296212844247 × 10^289 |
| 90 | ov_090 | 2.354106698368927 × 10^289 |
| 91 | ov_091 | 1.3134773863676944 × 10^289 |
| 92 | ov_092 | 6.948778810964401 × 10^288 |
| 93 | ov_093 | 3.47194699065131 × 10^288 |
| 94 | ov_094 | 1.4871173388449283 × 10^288 |
| 95 | aaa_78_28 | 4.591885965105976 × 10^287 |
| 96 | aaa_78_29 | 1.4101011599581726 × 10^287 |
| 97 | ov_097 | 9.306772770862297 × 10^286 |
| 98 | ov_098 | 9.306492994170978 × 10^286 |
| 99 | ov_099 | 9.306403519430092 × 10^286 |
| 100 | ov_100 | 8.372723607833267 × 10^286 |
| 101 | ov_101 | 7.508332611776123 × 10^286 |
| 102 | ov_102 | 6.709381216394885 × 10^286 |
| 103 | ov_103 | 5.9722988243888005 × 10^286 |
| 104 | ov_104 | 5.293758537868476 × 10^286 |
| 105 | ov_105 | 4.670645261428417 × 10^286 |
| 106 | ov_106 | 4.1000267607276717 × 10^286 |
| 107 | ov_107 | 3.5791275173869104 × 10^286 |
| 108 | ov_108 | 3.1053052263902277 × 10^286 |
| 109 | ov_109 | 2.6760297865605756 × 10^286 |
| 110 | ov_110 | 2.288864638187016 × 10^286 |
| 111 | ov_111 | 1.9414503046427086 × 10^286 |
| 112 | ov_112 | 1.6314899969585093 × 10^286 |
| 113 | ov_113 | 1.3567371419129263 × 10^286 |
| 114 | ov_114 | 1.1149846953605503 × 10^286 |
| 115 | ov_115 | 9.040561033345153 × 10^285 |
| 116 | ov_116 | 7.217977740015641 × 10^285 |
| 117 | ov_117 | 5.660729238893737 × 10^285 |
| 118 | ov_118 | 4.347566620043506 × 10^285 |
| 119 | ov_119 | 3.257321755642101 × 10^285 |
| 120 | ov_120 | 2.3688788112234228 × 10^285 |
| 121 | ov_121 | 1.6611540488650014 × 10^285 |
| 122 | ov_122 | 1.1130825604684442 × 10^285 |
| 123 | ov_123 | 7.036101286464464 × 10^284 |
| 124 | ov_124 | 4.1168814227554166 × 10^284 |
| 125 | ov_125 | 2.162704420902528 × 10^284 |
| 126 | ov_126 | 9.631170905198597 × 10^283 |
| 127 | aaa_77_28 | 3.076684460169302 × 10^283 |
| 128 | aaa_77_29 | 1.1541326911552967 × 10^283 |
| 129 | ov_129 | 1.0832593544701913 × 10^283 |
| 130 | ov_130 | 1.0832563636713901 × 10^283 |
| 131 | ov_131 | 1.0832556392314497 × 10^283 |
| 132 | ov_132 | 9.423351006705887 × 10^282 |
| 133 | ov_133 | 8.158422460614765 × 10^282 |
| 134 | ov_134 | 7.026940480223965 × 10^282 |
| 135 | ov_135 | 6.018668384886805 × 10^282 |
| 136 | ov_136 | 5.123920975977839 × 10^282 |
| 137 | ov_137 | 4.3335279051457243 × 10^282 |
| 138 | ov_138 | 3.6388020215916943 × 10^282 |
| 139 | ov_139 | 3.0315122242713815 × 10^282 |
| 140 | ov_140 | 2.503860370293138 × 10^282 |
| 141 | ov_141 | 2.0484618154376465 × 10^282 |
| 142 | ov_142 | 1.6583291868027513 × 10^282 |
| 143 | ov_143 | 1.3268590112132079 × 10^282 |
| 144 | ov_144 | 1.0478208463360219 × 10^282 |
| 145 | ov_145 | 8.153485844978923 × 10^281 |
| 146 | ov_146 | 6.2393362208426864 × 10^281 |
| 147 | ov_147 | 4.684196101661728 × 10^281 |
| 148 | ov_148 | 3.439985246935412 × 10^281 |
| 149 | ov_149 | 2.4620781724209728 × 10^281 |
| 150 | ov_150 | 1.7092842992378394 × 10^281 |
| 151 | ov_151 | 1.1438348067953192 × 10^281 |
| 152 | ov_152 | 7.313744777355555 × 10^280 |
| 153 | ov_153 | 4.4095704903757505 × 10^280 |
| 154 | ov_154 | 2.450428093530314 × 10^280 |
| 155 | ov_155 | 1.1949744122784504 × 10^280 |
| 156 | aaa_76_25 | 4.35914807403892 × 10^279 |
| 157 | aaa_76_26 | 2.519748576509865 × 10^279 |
| 158 | aaa_76_27 | 1.2912637388884376 × 10^279 |
| 159 | aaa_76_28 | 5.034752306825304 × 10^278 |
| 160 | aaa_76_29 | 1.5334086075222847 × 10^278 |

### Output Bits Sorted by Complexity

| Rank | Output Bit | Complexity |
|:----:|:----------:|:----------:|
| 160 | aaa_76_29 | 1.5334086075222847 × 10^278 |
| 159 | aaa_76_28 | 5.034752306825304 × 10^278 |
| 158 | aaa_76_27 | 1.2912637388884376 × 10^279 |
| 157 | aaa_76_26 | 2.519748576509865 × 10^279 |
| 156 | aaa_76_25 | 4.35914807403892 × 10^279 |
| 155 | ov_155 | 1.1949744122784504 × 10^280 |
| 154 | ov_154 | 2.450428093530314 × 10^280 |
| 153 | ov_153 | 4.4095704903757505 × 10^280 |
| 152 | ov_152 | 7.313744777355555 × 10^280 |
| 151 | ov_151 | 1.1438348067953192 × 10^281 |
| 150 | ov_150 | 1.7092842992378394 × 10^281 |
| 149 | ov_149 | 2.4620781724209728 × 10^281 |
| 148 | ov_148 | 3.439985246935412 × 10^281 |
| 147 | ov_147 | 4.684196101661728 × 10^281 |
| 146 | ov_146 | 6.2393362208426864 × 10^281 |
| 145 | ov_145 | 8.153485844978923 × 10^281 |
| 144 | ov_144 | 1.0478208463360219 × 10^282 |
| 143 | ov_143 | 1.3268590112132079 × 10^282 |
| 142 | ov_142 | 1.6583291868027513 × 10^282 |
| 141 | ov_141 | 2.0484618154376465 × 10^282 |
| 140 | ov_140 | 2.503860370293138 × 10^282 |
| 139 | ov_139 | 3.0315122242713815 × 10^282 |
| 138 | ov_138 | 3.6388020215916943 × 10^282 |
| 137 | ov_137 | 4.3335279051457243 × 10^282 |
| 136 | ov_136 | 5.123920975977839 × 10^282 |
| 135 | ov_135 | 6.018668384886805 × 10^282 |
| 134 | ov_134 | 7.026940480223965 × 10^282 |
| 133 | ov_133 | 8.158422460614765 × 10^282 |
| 132 | ov_132 | 9.423351006705887 × 10^282 |
| 131 | ov_131 | 1.0832556392314497 × 10^283 |
| 130 | ov_130 | 1.0832563636713901 × 10^283 |
| 129 | ov_129 | 1.0832593544701913 × 10^283 |
| 128 | aaa_77_29 | 1.1541326911552967 × 10^283 |
| 127 | aaa_77_28 | 3.076684460169302 × 10^283 |
| 126 | ov_126 | 9.631170905198597 × 10^283 |
| 125 | ov_125 | 2.162704420902528 × 10^284 |
| 124 | ov_124 | 4.1168814227554166 × 10^284 |
| 123 | ov_123 | 7.036101286464464 × 10^284 |
| 122 | ov_122 | 1.1130825604684442 × 10^285 |
| 121 | ov_121 | 1.6611540488650014 × 10^285 |
| 120 | ov_120 | 2.3688788112234228 × 10^285 |
| 119 | ov_119 | 3.257321755642101 × 10^285 |
| 118 | ov_118 | 4.347566620043506 × 10^285 |
| 117 | ov_117 | 5.660729238893737 × 10^285 |
| 116 | ov_116 | 7.217977740015641 × 10^285 |
| 115 | ov_115 | 9.040561033345153 × 10^285 |
| 114 | ov_114 | 1.1149846953605503 × 10^286 |
| 113 | ov_113 | 1.3567371419129263 × 10^286 |
| 112 | ov_112 | 1.6314899969585093 × 10^286 |
| 111 | ov_111 | 1.9414503046427086 × 10^286 |
| 110 | ov_110 | 2.288864638187016 × 10^286 |
| 109 | ov_109 | 2.6760297865605756 × 10^286 |
| 108 | ov_108 | 3.1053052263902277 × 10^286 |
| 107 | ov_107 | 3.5791275173869104 × 10^286 |
| 106 | ov_106 | 4.1000267607276717 × 10^286 |
| 105 | ov_105 | 4.670645261428417 × 10^286 |
| 104 | ov_104 | 5.293758537868476 × 10^286 |
| 103 | ov_103 | 5.9722988243888005 × 10^286 |
| 102 | ov_102 | 6.709381216394885 × 10^286 |
| 101 | ov_101 | 7.508332611776123 × 10^286 |
| 100 | ov_100 | 8.372723607833267 × 10^286 |
| 99 | ov_099 | 9.306403519430092 × 10^286 |
| 98 | ov_098 | 9.306492994170978 × 10^286 |
| 97 | ov_097 | 9.306772770862297 × 10^286 |
| 96 | aaa_78_29 | 1.4101011599581726 × 10^287 |
| 95 | aaa_78_28 | 4.591885965105976 × 10^287 |
| 94 | ov_094 | 1.4871173388449283 × 10^288 |
| 93 | ov_093 | 3.47194699065131 × 10^288 |
| 92 | ov_092 | 6.948778810964401 × 10^288 |
| 91 | ov_091 | 1.3134773863676944 × 10^289 |
| 90 | ov_090 | 2.354106698368927 × 10^289 |
| 89 | ov_089 | 3.997296212844247 × 10^289 |
| 88 | ov_088 | 6.453035294617768 × 10^289 |
| 87 | ov_087 | 9.960850567097622 × 10^289 |
| 86 | ov_086 | 1.4789936300591366 × 10^290 |
| 85 | ov_085 | 2.1239353597098344 × 10^290 |
| 84 | ov_084 | 2.9638315211005647 × 10^290 |
| 83 | ov_083 | 4.034657284695749 × 10^290 |
| 82 | ov_082 | 5.375492378001198 × 10^290 |
| 81 | ov_081 | 7.028585365049081 × 10^290 |
| 64 | lv_79_m31 | 7.878176308869893 × 10^290 |
| 80 | ov_080 | 9.039433229882951 × 10^290 |
| 79 | ov_079 | 1.145687795275903 × 10^291 |
| 78 | ov_078 | 1.433322177133575 × 10^291 |
| 77 | ov_077 | 1.7724362824654552 × 10^291 |
| 76 | ov_076 | 2.168995288593869 × 10^291 |
| 75 | ov_075 | 2.6293578901980745 × 10^291 |
| 74 | ov_074 | 3.1602970073089216 × 10^291 |
| 73 | ov_073 | 3.769023222926528 × 10^291 |
| 63 | ov_063 | 4.04141207652451 × 10^291 |
| 72 | ov_072 | 4.463211128663694 × 10^291 |
| 71 | ov_071 | 5.2510287604452877 × 10^291 |
| 70 | ov_070 | 6.141170310850622 × 10^291 |
| 69 | ov_069 | 7.1428923103203 × 10^291 |
| 68 | ov_068 | 8.26605347632066 × 10^291 |
| 67 | ov_067 | 9.52115843783852 × 10^291 |
| 66 | ov_066 | 9.521165223241375 × 10^291 |
| 65 | ov_065 | 9.521192950273898 × 10^291 |
| 62 | ov_062 | 2.0727936525418185 × 10^292 |
| 61 | ov_061 | 7.55390371808014 × 10^292 |
| 60 | ov_060 | 2.161985670725964 × 10^293 |
| 59 | ov_059 | 5.215991136615964 × 10^293 |
| 58 | ov_058 | 1.058543701880856 × 10^294 |
| 57 | ov_057 | 1.9124917637719158 × 10^294 |
| 56 | ov_056 | 3.273019340651019 × 10^294 |
| 55 | ov_055 | 5.3670189172758345 × 10^294 |
| 54 | ov_054 | 8.458706012909807 × 10^294 |
| 53 | ov_053 | 1.2849632160683443 × 10^295 |
| 52 | ov_052 | 1.8878708512929858 × 10^295 |
| 51 | ov_051 | 2.69222472287458 × 10^295 |
| 50 | ov_050 | 3.739403116923989 × 10^295 |
| 49 | ov_049 | 5.074542516700845 × 10^295 |
| 48 | ov_048 | 6.746554449200244 × 10^295 |
| 47 | ov_047 | 8.808149849668264 × 10^295 |
| 32 | lv_80_m31 | 9.73660944160707 × 10^295 |
| 46 | ov_046 | 1.1315872979276598 × 10^296 |
| 45 | ov_045 | 1.4330147169479183 × 10^296 |
| 44 | ov_044 | 1.7915334906835853 × 10^296 |
| 43 | ov_043 | 2.2139815015072704 × 10^296 |
| 42 | ov_042 | 2.707607993774262 × 10^296 |
| 41 | ov_041 | 3.2800856376074933 × 10^296 |
| 40 | ov_040 | 3.9395252793617025 × 10^296 |
| 39 | ov_039 | 4.694493756336461 × 10^296 |
| 31 | ov_031 | 4.992502825263079 × 10^296 |
| 38 | ov_038 | 5.55403518056793 × 10^296 |
| 37 | ov_037 | 6.527696124796388 × 10^296 |
| 36 | ov_036 | 7.62555517315077 × 10^296 |
| 35 | ov_035 | 8.858257329896095 × 10^296 |
| 34 | ov_034 | 1.0237053811952438 × 10^297 |
| 33 | ov_033 | 1.1773847785026116 × 10^297 |
| 30 | ov_030 | 2.55941496532816 × 10^297 |
| 29 | ov_029 | 8.371304460221549 × 10^297 |
| 28 | ov_028 | 2.1722638100353122 × 10^298 |
| 27 | ov_027 | 5.232836880312243 × 10^298 |
| 26 | ov_026 | 1.1433616222301003 × 10^299 |
| 25 | ov_025 | 2.2648010498326596 × 10^299 |
| 24 | ov_024 | 4.1208082013656795 × 10^299 |
| 23 | ov_023 | 6.9904582564071215 × 10^299 |
| 22 | ov_022 | 1.119870442968839 × 10^300 |
| 21 | ov_021 | 1.7116397272138117 × 10^300 |
| 20 | ov_020 | 2.5160319889748517 × 10^300 |
| 19 | ov_019 | 3.5793246333027805 × 10^300 |
| 18 | ov_018 | 4.9524034345285366 × 10^300 |
| 17 | ov_017 | 6.690776846080634 × 10^300 |
| 16 | ov_016 | 8.854597309770714 × 10^300 |
| 15 | ov_015 | 1.1508691827682022 × 10^301 |
| 14 | ov_014 | 1.472260435860908 × 10^301 |
| 13 | ov_013 | 1.8570652900088027 × 10^301 |
| 12 | ov_012 | 2.3132004416616386 × 10^301 |
| 11 | ov_011 | 2.849077107497328 × 10^301 |
| 10 | ov_010 | 3.4736131549015963 × 10^301 |
| 9 | ov_009 | 4.1962481459480085 × 10^301 |
| 8 | ov_008 | 5.026961731983778 × 10^301 |
| 7 | ov_007 | 5.976295866802779 × 10^301 |
| 6 | ov_006 | 7.055381337691928 × 10^301 |
| 5 | ov_005 | 8.275969145496594 × 10^301 |
| 4 | ov_004 | 9.650467297414358 × 10^301 |
| 3 | ov_003 | 1.1191983609668598 × 10^302 |
| 2 | ov_002 | 1.2914375151735435 × 10^302 |
| 1 | ov_001 | 1.4832304999629935 × 10^302 |

