# Results for F001-F002-F003-F004-F005-F006-F007-F008-F009-F010-F011-F012-F013-F014-F015-F016-F017-F018-F019-F020-F021-F022-F023-F024-F025-F026-F027-F028-F029-F030-F031-F032-F033-F034-F035-F036-F037-F038-F039-F040-F041-F042-F043-F044-F045-F046-F047-F048-F049-F050-F051-F052-F053-F054-F055-F056-F057-F058-F059-F060-F061-F062-F063-F064-F065-F066-F067-F068-F069-F070-F071-F072-F073-F074-F075-F076-F077-F078-F079-F080-F081-F082-F083-F084-F085-F086-F087-F088-F089-F090-F091-F092-F093-F094-F095-F096-F097-F098-F099-F100-F101-F102-F103-F104-F105-F106-F107-F108-F109-F110-F111-F112-F113-F114-F115-F116-F117-F118-F119-F120-F121-F122-F123-F124-F125-F126-F127-F128-F129-F130-F131-F132-F133-F134-F135-F136-F137-F138-F139-F140-F141-F142-F143-F144-F145-F146-F147-F148-F149-F150-F151-F152-F153-F154-F155-F156-F157-F158-F159-F160-F161-F162-F163-F164-F165-F166-F167-F168-F169-F170-F171-F172-F173-F174-F175-F176-F177-F178-F179-F180-F181-F182-F183-F184-F185-F186-F187-F188-F189-F190-F191-F192-F193-F194-F195-F196-F197-F198-F199-F200-F201-F202-F203-F204-F205-F206-F207-F208-F209-F210-F211-F212-F213-F214-F215-F216-F217-F218-F219-F220-F221-F222-F223-F224-F225-F226-F227-F228-F229-F230-F231-F232-F233-F234-F235-F236-F237-F238-F239-F240-F241-F242-F243-F244-F245-F246-F247-F248-F249-F250-F251-F252-F253-F254-F255-F256-F257-F258-F259-F260-F261-F262-F263-F264-F265-F266-F267-F268-F269-F270-F271-F272-F273-F274-F275-F276-F277-F278-F279-F280-F281-F282-F283-F284-F285-F286-F287-F288-F289-F290-F291-F292-F293-F294-F295-F296-F297-F298-F299-F300-F301-F302-F303-F304-F305-F306-F307-F308-F309-F310-F311-F312-F313-F314-F315-F316-F317-F318-F319-F320-F321-F322-F323-F324-F325-F326-F327-F328-F329-F330-F331-F332-F333-F334-F335-F336-F337-F338-F339-F340-F341-F342-F343-F344-F345-F346-F347-F348-F349-F350-F351-F352-F353-F354-F355-F356-F357-F358-F359-F360-F361-F362-F363-F364-F365-F366-F367-F368-F369-F370-F371-F372-F373-F374-F375-F376-F377-F378-F379-F380-F381-F382-F383-F384-F385-F386-F387-F388-F389-F390-F391-F392-F393-F394-F395-F396-F397-F398-F399-F400-F401-F402-F403-F404-F405-F406-F407-F408-F409-F410-F411-F412-F413-F414-F415-F416-F417-F418-F419-F420-F421-F422-F423-F424-F425-F426-F427-F428-F429-F430-F431-F432-F433-F434-F435-F436-F437-F438-F439-F440-F441-F442-F443-F444-F445-F446-F447-F448-F449-F450-F451-F452-F453-F454-F455-F456-F457-F458-F459-F460-F461-F462-F463-F464-F465-F466-F467-F468-F469-F470-F471-F472-F473-F474-F475-F476-F477-F478-F479-F480-F481-F482-F483-F484-F485-F486-F487-F488-F489-F490-F491-F492-F493-F494-F495-F496-T510-F512

## Summary

Number of input bits: 512  
Number of free input bits: 14  
Number of output bits: 160

Number of direct occurrences: 58349  
Number of assignments: 32169  
Number of operations: 11954151
(xor: 11924415,
and: 16089,
or: 13647)

Total complexity: 8.024887054985546 × 10^308

Least occurring input variable: iv_498 (4004)  
Most occurring input variable: iv_508 (4380)

Most co-occurring input variables: iv_507-iv_508 (2124)  
Least co-occurring input variables: iv_505-iv_506 (1795)

Potentially most occurring input variable: iv_498/iv_509 (4593)  
Potentially least occurring input variable: iv_498/iv_500 (4226)

Least output occurring input variable: iv_501 (65)  
Most output occurring input variable: iv_511 (90)

Most output co-occurring input variables: iv_497-iv_503 (53)  
Least output co-occurring input variables: iv_501-iv_504 (25)

Potentially most output occurring input variable: iv_498/iv_505 (92)  
Potentially least output occurring input variable: iv_497/iv_503 (66)

Least complex input bit: iv_511 (1.8539504919755106 × 10^305)  
Most complex input bit: iv_509 (2.261708094837755 × 10^308)

Least complex output bit: aaa_76_29 (1.7551615041595721 × 10^283)  
Most complex output bit: ov_001 (1.2545773498395233 × 10^308)

Least complex input/output complexity: iv_511/aaa_76_29 (4.0548639648598437 × 10^279)  
Most complex input/output complexity: iv_509/ov_001 (3.53586004175514 × 10^307)

## Input Bits

### Input Bits in Regular Order

| Input Bit | Complexity | Occurrences | Output Occurrences |
|:---------:|:----------:|:-----------:|:------------------:|
| iv_497 | 9.911329471289217 × 10^305 | 4150 | 88 |
| iv_498 | 2.0033438724346236 × 10^306 | 4004 | 79 |
| iv_499 | 3.575026975765221 × 10^306 | 4147 | 82 |
| iv_500 | 6.069210448355616 × 10^306 | 4216 | 87 |
| iv_501 | 1.0203570447994434 × 10^307 | 4155 | 65 |
| iv_502 | 1.6548709390577652 × 10^307 | 4178 | 81 |
| iv_503 | 2.616804376988645 × 10^307 | 4202 | 84 |
| iv_504 | 4.0450648575387523 × 10^307 | 4094 | 68 |
| iv_505 | 6.133328776893453 × 10^307 | 4014 | 75 |
| iv_506 | 9.13836712365779 × 10^307 | 4023 | 80 |
| iv_507 | 1.3401909440672911 × 10^308 | 4325 | 83 |
| iv_508 | 1.8338676112580974 × 10^308 | 4380 | 90 |
| iv_509 | 2.261708094837755 × 10^308 | 4235 | 89 |
| iv_511 | 1.8539504919755106 × 10^305 | 4226 | 90 |

### Input Bits Sorted by Complexity

| Input Bit | Complexity | Occurrences | Output Occurrences |
|:---------:|:----------:|:-----------:|:------------------:|
| iv_511 | 1.8539504919755106 × 10^305 | 4226 | 90 |
| iv_497 | 9.911329471289217 × 10^305 | 4150 | 88 |
| iv_498 | 2.0033438724346236 × 10^306 | 4004 | 79 |
| iv_499 | 3.575026975765221 × 10^306 | 4147 | 82 |
| iv_500 | 6.069210448355616 × 10^306 | 4216 | 87 |
| iv_501 | 1.0203570447994434 × 10^307 | 4155 | 65 |
| iv_502 | 1.6548709390577652 × 10^307 | 4178 | 81 |
| iv_503 | 2.616804376988645 × 10^307 | 4202 | 84 |
| iv_504 | 4.0450648575387523 × 10^307 | 4094 | 68 |
| iv_505 | 6.133328776893453 × 10^307 | 4014 | 75 |
| iv_506 | 9.13836712365779 × 10^307 | 4023 | 80 |
| iv_507 | 1.3401909440672911 × 10^308 | 4325 | 83 |
| iv_508 | 1.8338676112580974 × 10^308 | 4380 | 90 |
| iv_509 | 2.261708094837755 × 10^308 | 4235 | 89 |

### Input Bits Sorted by Occurrences

| Input Bit | Complexity | Occurrences | Output Occurrences |
|:---------:|:----------:|:-----------:|:------------------:|
| iv_498 | 2.0033438724346236 × 10^306 | 4004 | 79 |
| iv_505 | 6.133328776893453 × 10^307 | 4014 | 75 |
| iv_506 | 9.13836712365779 × 10^307 | 4023 | 80 |
| iv_504 | 4.0450648575387523 × 10^307 | 4094 | 68 |
| iv_499 | 3.575026975765221 × 10^306 | 4147 | 82 |
| iv_497 | 9.911329471289217 × 10^305 | 4150 | 88 |
| iv_501 | 1.0203570447994434 × 10^307 | 4155 | 65 |
| iv_502 | 1.6548709390577652 × 10^307 | 4178 | 81 |
| iv_503 | 2.616804376988645 × 10^307 | 4202 | 84 |
| iv_500 | 6.069210448355616 × 10^306 | 4216 | 87 |
| iv_511 | 1.8539504919755106 × 10^305 | 4226 | 90 |
| iv_509 | 2.261708094837755 × 10^308 | 4235 | 89 |
| iv_507 | 1.3401909440672911 × 10^308 | 4325 | 83 |
| iv_508 | 1.8338676112580974 × 10^308 | 4380 | 90 |

### Input Bits Sorted by Output Occurrences

| Input Bit | Complexity | Occurrences | Output Occurrences |
|:---------:|:----------:|:-----------:|:------------------:|
| iv_501 | 1.0203570447994434 × 10^307 | 4155 | 65 |
| iv_504 | 4.0450648575387523 × 10^307 | 4094 | 68 |
| iv_505 | 6.133328776893453 × 10^307 | 4014 | 75 |
| iv_498 | 2.0033438724346236 × 10^306 | 4004 | 79 |
| iv_506 | 9.13836712365779 × 10^307 | 4023 | 80 |
| iv_502 | 1.6548709390577652 × 10^307 | 4178 | 81 |
| iv_499 | 3.575026975765221 × 10^306 | 4147 | 82 |
| iv_507 | 1.3401909440672911 × 10^308 | 4325 | 83 |
| iv_503 | 2.616804376988645 × 10^307 | 4202 | 84 |
| iv_500 | 6.069210448355616 × 10^306 | 4216 | 87 |
| iv_497 | 9.911329471289217 × 10^305 | 4150 | 88 |
| iv_509 | 2.261708094837755 × 10^308 | 4235 | 89 |
| iv_508 | 1.8338676112580974 × 10^308 | 4380 | 90 |
| iv_511 | 1.8539504919755106 × 10^305 | 4226 | 90 |

## Input Bit Co-occurrences

### Input Bit Co-occurrences Sorted by Co-occurrences

| Input Bits | Co-occurrences | Potential Occurrences | Output Co-occurrences | Potential Output Occurrences |
|:----------:|:--------------:|:---------------------:|:---------------------:|:----------------------------:|
| iv_507-iv_508 | 2124 | 4457 | 44 | 85 |
| iv_508-iv_509 | 2111 | 4393 | 53 | 73 |
| iv_499-iv_508 | 2099 | 4329 | 46 | 80 |
| iv_500-iv_508 | 2095 | 4406 | 50 | 77 |
| iv_499-iv_507 | 2092 | 4288 | 42 | 81 |
| iv_502-iv_508 | 2090 | 4378 | 47 | 77 |
| iv_503-iv_508 | 2086 | 4410 | 43 | 88 |
| iv_504-iv_508 | 2066 | 4342 | 45 | 68 |
| iv_500-iv_502 | 2062 | 4270 | 43 | 82 |
| iv_503-iv_507 | 2061 | 4405 | 47 | 73 |
| iv_502-iv_507 | 2059 | 4385 | 39 | 86 |
| iv_508-iv_511 | 2055 | 4496 | 52 | 76 |
| iv_500-iv_507 | 2052 | 4437 | 47 | 76 |
| iv_507-iv_511 | 2046 | 4459 | 52 | 69 |

### Input Bit Co-occurrences Sorted by Potential Occurrences

| Input Bits | Co-occurrences | Potential Occurrences | Output Co-occurrences | Potential Output Occurrences |
|:----------:|:--------------:|:---------------------:|:---------------------:|:----------------------------:|
| iv_498-iv_500 | 1997 | 4226 | 46 | 74 |
| iv_501-iv_505 | 1963 | 4243 | 32 | 76 |
| iv_501-iv_504 | 2000 | 4249 | 25 | 83 |
| iv_499-iv_504 | 1989 | 4263 | 31 | 88 |
| iv_498-iv_506 | 1882 | 4263 | 36 | 87 |
| iv_499-iv_505 | 1946 | 4269 | 42 | 73 |
| iv_500-iv_502 | 2062 | 4270 | 43 | 82 |
| iv_500-iv_504 | 2018 | 4274 | 39 | 77 |
| iv_504-iv_505 | 1916 | 4276 | 33 | 77 |
| iv_500-iv_501 | 2045 | 4281 | 40 | 72 |
| iv_499-iv_507 | 2092 | 4288 | 42 | 81 |
| iv_504-iv_511 | 2014 | 4292 | 43 | 72 |
| iv_499-iv_501 | 2004 | 4294 | 30 | 87 |
| iv_502-iv_504 | 1986 | 4300 | 36 | 77 |

### Input Bit Output Co-occurrences Sorted by Output Co-occurrences

| Input Bits | Co-occurrences | Potential Occurrences | Output Co-occurrences | Potential Output Occurrences |
|:----------:|:--------------:|:---------------------:|:---------------------:|:----------------------------:|
| iv_508-iv_509 | 2111 | 4393 | 53 | 73 |
| iv_509-iv_511 | 1991 | 4479 | 53 | 73 |
| iv_497-iv_503 | 2007 | 4338 | 53 | 66 |
| iv_507-iv_511 | 2046 | 4459 | 52 | 69 |
| iv_508-iv_511 | 2055 | 4496 | 52 | 76 |
| iv_497-iv_509 | 2018 | 4349 | 50 | 77 |
| iv_500-iv_508 | 2095 | 4406 | 50 | 77 |
| iv_497-iv_500 | 1996 | 4374 | 49 | 77 |
| iv_497-iv_511 | 1945 | 4486 | 49 | 80 |
| iv_500-iv_511 | 2032 | 4378 | 49 | 79 |
| iv_499-iv_503 | 2013 | 4323 | 49 | 68 |
| iv_499-iv_509 | 1954 | 4474 | 49 | 73 |
| iv_497-iv_507 | 2028 | 4419 | 48 | 75 |
| iv_500-iv_507 | 2052 | 4437 | 47 | 76 |

### Input Bit Output Co-occurrences Sorted by Potential Output Occurrences

| Input Bits | Co-occurrences | Potential Occurrences | Output Co-occurrences | Potential Output Occurrences |
|:----------:|:--------------:|:---------------------:|:---------------------:|:----------------------------:|
| iv_497-iv_503 | 2007 | 4338 | 53 | 66 |
| iv_502-iv_506 | 1947 | 4307 | 47 | 67 |
| iv_504-iv_508 | 2066 | 4342 | 45 | 68 |
| iv_499-iv_503 | 2013 | 4323 | 49 | 68 |
| iv_507-iv_511 | 2046 | 4459 | 52 | 69 |
| iv_497-iv_501 | 1980 | 4345 | 42 | 69 |
| iv_505-iv_509 | 1943 | 4363 | 47 | 70 |
| iv_504-iv_511 | 2014 | 4292 | 43 | 72 |
| iv_500-iv_501 | 2045 | 4281 | 40 | 72 |
| iv_503-iv_506 | 1927 | 4371 | 46 | 72 |
| iv_508-iv_509 | 2111 | 4393 | 53 | 73 |
| iv_509-iv_511 | 1991 | 4479 | 53 | 73 |
| iv_503-iv_507 | 2061 | 4405 | 47 | 73 |
| iv_499-iv_509 | 1954 | 4474 | 49 | 73 |

## Output Bits

### Output Bits in Regular Order

| Rank | Output Bit | Complexity |
|:----:|:----------:|:----------:|
| 1 | ov_001 | 1.2545773498395233 × 10^308 |
| 2 | ov_002 | 1.091692248703287 × 10^308 |
| 3 | ov_003 | 9.45457217433055 × 10^307 |
| 4 | ov_004 | 8.14623809341153 × 10^307 |
| 5 | ov_005 | 6.980119523834148 × 10^307 |
| 6 | ov_006 | 5.945051111205797 × 10^307 |
| 7 | ov_007 | 5.0304606869170376 × 10^307 |
| 8 | ov_008 | 4.2263327924745776 × 10^307 |
| 9 | ov_009 | 3.523177445183551 × 10^307 |
| 10 | ov_010 | 2.912003641839956 × 10^307 |
| 11 | ov_011 | 2.384297091622576 × 10^307 |
| 12 | ov_012 | 1.9320016987041928 × 10^307 |
| 13 | ov_013 | 1.547504343805314 × 10^307 |
| 14 | ov_014 | 1.2236225421258688 × 10^307 |
| 15 | ov_015 | 9.535945829262424 × 10^306 |
| 16 | ov_016 | 7.310717835835427 × 10^306 |
| 17 | ov_017 | 5.501125182991955 × 10^306 |
| 18 | ov_018 | 4.051777088407587 × 10^306 |
| 19 | ov_019 | 2.911274918107869 × 10^306 |
| 20 | ov_020 | 2.032188039826838 × 10^306 |
| 21 | ov_021 | 1.3710366534454315 × 10^306 |
| 22 | ov_022 | 8.882798866252242 × 10^305 |
| 23 | ov_023 | 5.483077906882037 × 10^305 |
| 24 | ov_024 | 3.1943613440709757 × 10^305 |
| 25 | ov_025 | 1.7390321633621878 × 10^305 |
| 26 | ov_026 | 8.786811736402902 × 10^304 |
| 27 | ov_027 | 4.1409877809462504 × 10^304 |
| 28 | ov_028 | 1.852717263966337 × 10^304 |
| 29 | ov_029 | 7.138206824957714 × 10^303 |
| 30 | ov_030 | 2.1819599125795243 × 10^303 |
| 31 | ov_031 | 4.255320381491011 × 10^302 |
| 32 | lv_80_m31 | 8.297283042379573 × 10^301 |
| 33 | ov_033 | 9.994125625382747 × 10^302 |
| 34 | ov_034 | 8.677834142537141 × 10^302 |
| 35 | ov_035 | 7.498713344677795 × 10^302 |
| 36 | ov_036 | 6.446024403886635 × 10^302 |
| 37 | ov_037 | 5.509617239571883 × 10^302 |
| 38 | ov_038 | 4.679888935275866 × 10^302 |
| 39 | ov_039 | 3.947747549248939 × 10^302 |
| 40 | ov_040 | 3.304580826569171 × 10^302 |
| 41 | ov_041 | 2.742229346315011 × 10^302 |
| 42 | ov_042 | 2.252963662170751 × 10^302 |
| 43 | ov_043 | 1.8330239233772716 × 10^302 |
| 44 | ov_044 | 1.475485964872438 × 10^302 |
| 45 | ov_045 | 1.173806922143925 × 10^302 |
| 46 | ov_046 | 9.218144058079804 × 10^301 |
| 47 | ov_047 | 7.1369781535302 × 10^301 |
| 48 | ov_048 | 5.440014896910036 × 10^301 |
| 49 | ov_049 | 4.076194146003696 × 10^301 |
| 50 | ov_050 | 2.997912295140178 × 10^301 |
| 51 | ov_051 | 2.1609929842826188 × 10^301 |
| 52 | ov_052 | 1.5246663199879826 × 10^301 |
| 53 | ov_053 | 1.0515547015738977 × 10^301 |
| 54 | ov_054 | 7.076635683528231 × 10^300 |
| 55 | ov_055 | 4.623756062186694 × 10^300 |
| 56 | ov_056 | 2.884472239049131 × 10^300 |
| 57 | ov_057 | 1.730997257236381 × 10^300 |
| 58 | ov_058 | 9.583162809957305 × 10^299 |
| 59 | ov_059 | 4.723470650542771 × 10^299 |
| 60 | ov_060 | 1.958558591201571 × 10^299 |
| 61 | ov_061 | 6.845673165448959 × 10^298 |
| 62 | ov_062 | 1.879124715994148 × 10^298 |
| 63 | ov_063 | 3.6651377992916565 × 10^297 |
| 64 | lv_79_m31 | 7.147170492256462 × 10^296 |
| 65 | ov_065 | 8.605327037920487 × 10^297 |
| 66 | ov_066 | 8.605303021580754 × 10^297 |
| 67 | ov_067 | 8.605297214617169 × 10^297 |
| 68 | ov_068 | 7.475835932140062 × 10^297 |
| 69 | ov_069 | 6.462642902136779 × 10^297 |
| 70 | ov_070 | 5.557025349818105 × 10^297 |
| 71 | ov_071 | 4.750755747719981 × 10^297 |
| 72 | ov_072 | 4.036038698393073 × 10^297 |
| 73 | ov_073 | 3.405482399398742 × 10^297 |
| 74 | ov_074 | 2.8520742520152097 × 10^297 |
| 75 | ov_075 | 2.369160198431594 × 10^297 |
| 76 | ov_076 | 1.9504273946584593 × 10^297 |
| 77 | ov_077 | 1.5898898480708753 × 10^297 |
| 78 | ov_078 | 1.2818766695638672 × 10^297 |
| 79 | ov_079 | 1.0210226108619997 × 10^297 |
| 80 | ov_080 | 8.022605776893162 × 10^296 |
| 81 | ov_081 | 6.208158293616954 × 10^296 |
| 82 | ov_082 | 4.72201594985121 × 10^296 |
| 83 | ov_083 | 3.522158558913774 × 10^296 |
| 84 | ov_084 | 2.5693906326621846 × 10^296 |
| 85 | ov_085 | 1.8273257916234178 × 10^296 |
| 86 | ov_086 | 1.2623764826919027 × 10^296 |
| 87 | ov_087 | 8.437472695424339 × 10^295 |
| 88 | ov_088 | 5.434302853641464 × 10^295 |
| 89 | ov_089 | 3.362020045064602 × 10^295 |
| 90 | ov_090 | 1.9962098494095315 × 10^295 |
| 91 | ov_091 | 1.1402639059606425 × 10^295 |
| 92 | ov_092 | 6.253710423060423 × 10^294 |
| 93 | ov_093 | 3.1051250949182245 × 10^294 |
| 94 | ov_094 | 1.3212664618154097 × 10^294 |
| 95 | aaa_78_28 | 4.054657537345736 × 10^293 |
| 96 | aaa_78_29 | 1.2330560772800856 × 10^293 |
| 97 | ov_097 | 6.819690174493351 × 10^292 |
| 98 | ov_098 | 6.819658496250987 × 10^292 |
| 99 | ov_099 | 6.819648368359117 × 10^292 |
| 100 | ov_100 | 5.879936724173791 × 10^292 |
| 101 | ov_101 | 5.041302217600059 × 10^292 |
| 102 | ov_102 | 4.29591203434103 × 10^292 |
| 103 | ov_103 | 3.6363671363987346 × 10^292 |
| 104 | ov_104 | 3.055670777945351 × 10^292 |
| 105 | ov_105 | 2.5472010121981717 × 10^292 |
| 106 | ov_106 | 2.104686832172688 × 10^292 |
| 107 | ov_107 | 1.7221876069030084 × 10^292 |
| 108 | ov_108 | 1.3940754927249083 × 10^292 |
| 109 | ov_109 | 1.1150205166451066 × 10^292 |
| 110 | ov_110 | 8.799780457846727 × 10^291 |
| 111 | ov_111 | 6.841783734831307 × 10^291 |
| 112 | ov_112 | 5.2311816896662005 × 10^291 |
| 113 | ov_113 | 3.925535535884704 × 10^291 |
| 114 | ov_114 | 2.8849458260136966 × 10^291 |
| 115 | ov_115 | 2.0720092726308646 × 10^291 |
| 116 | ov_116 | 1.4517856784827396 × 10^291 |
| 117 | ov_117 | 9.917732386374413 × 10^290 |
| 118 | ov_118 | 6.618906346220464 × 10^290 |
| 119 | ov_119 | 4.344644973153456 × 10^290 |
| 120 | ov_120 | 2.8422097210157512 × 10^290 |
| 121 | ov_121 | 1.8828027647759172 × 10^290 |
| 122 | ov_122 | 1.2615329696606885 × 10^290 |
| 123 | ov_123 | 7.973949902456997 × 10^289 |
| 124 | ov_124 | 4.665217229227576 × 10^289 |
| 125 | ov_125 | 2.4504887304477435 × 10^289 |
| 126 | ov_126 | 1.0911310799410803 × 10^289 |
| 127 | aaa_77_28 | 3.485134744116537 × 10^288 |
| 128 | aaa_77_29 | 1.3070715501970557 × 10^288 |
| 129 | ov_129 | 1.2212131326639157 × 10^288 |
| 130 | ov_130 | 1.2212097115622243 × 10^288 |
| 131 | ov_131 | 1.2212088835804246 × 10^288 |
| 132 | ov_132 | 1.0612650702919517 × 10^288 |
| 133 | ov_133 | 9.177725058019094 × 10^287 |
| 134 | ov_134 | 7.89497399198574 × 10^287 |
| 135 | ov_135 | 6.752728129346219 × 10^287 |
| 136 | ov_136 | 5.739938942424819 × 10^287 |
| 137 | ov_137 | 4.8461374658046996 × 10^287 |
| 138 | ov_138 | 4.0613988151918756 × 10^287 |
| 139 | ov_139 | 3.376311945570941 × 10^287 |
| 140 | ov_140 | 2.7819541133620233 × 10^287 |
| 141 | ov_141 | 2.269869536339882 × 10^287 |
| 142 | ov_142 | 1.832051773533327 × 10^287 |
| 143 | ov_143 | 1.4609293753331977 × 10^287 |
| 144 | ov_144 | 1.149354381720819 × 10^287 |
| 145 | ov_145 | 8.905932739830647 × 10^286 |
| 146 | ov_146 | 6.783200125798141 × 10^286 |
| 147 | ov_147 | 5.066108210297677 × 10^286 |
| 148 | ov_148 | 3.6994040281906913 × 10^286 |
| 149 | ov_149 | 2.6317930543791956 × 10^286 |
| 150 | ov_150 | 1.8159217272766133 × 10^286 |
| 151 | ov_151 | 1.208366537829619 × 10^286 |
| 152 | ov_152 | 7.696276370599909 × 10^285 |
| 153 | ov_153 | 4.641252627876754 × 10^285 |
| 154 | ov_154 | 2.6019777141695673 × 10^285 |
| 155 | ov_155 | 1.3010053420075872 × 10^285 |
| 156 | aaa_76_25 | 5.000533651115434 × 10^284 |
| 157 | aaa_76_26 | 2.889256529013193 × 10^284 |
| 158 | aaa_76_27 | 1.4798956803299872 × 10^284 |
| 159 | aaa_76_28 | 5.766593644547264 × 10^283 |
| 160 | aaa_76_29 | 1.7551615041595721 × 10^283 |

### Output Bits Sorted by Complexity

| Rank | Output Bit | Complexity |
|:----:|:----------:|:----------:|
| 160 | aaa_76_29 | 1.7551615041595721 × 10^283 |
| 159 | aaa_76_28 | 5.766593644547264 × 10^283 |
| 158 | aaa_76_27 | 1.4798956803299872 × 10^284 |
| 157 | aaa_76_26 | 2.889256529013193 × 10^284 |
| 156 | aaa_76_25 | 5.000533651115434 × 10^284 |
| 155 | ov_155 | 1.3010053420075872 × 10^285 |
| 154 | ov_154 | 2.6019777141695673 × 10^285 |
| 153 | ov_153 | 4.641252627876754 × 10^285 |
| 152 | ov_152 | 7.696276370599909 × 10^285 |
| 151 | ov_151 | 1.208366537829619 × 10^286 |
| 150 | ov_150 | 1.8159217272766133 × 10^286 |
| 149 | ov_149 | 2.6317930543791956 × 10^286 |
| 148 | ov_148 | 3.6994040281906913 × 10^286 |
| 147 | ov_147 | 5.066108210297677 × 10^286 |
| 146 | ov_146 | 6.783200125798141 × 10^286 |
| 145 | ov_145 | 8.905932739830647 × 10^286 |
| 144 | ov_144 | 1.149354381720819 × 10^287 |
| 143 | ov_143 | 1.4609293753331977 × 10^287 |
| 142 | ov_142 | 1.832051773533327 × 10^287 |
| 141 | ov_141 | 2.269869536339882 × 10^287 |
| 140 | ov_140 | 2.7819541133620233 × 10^287 |
| 139 | ov_139 | 3.376311945570941 × 10^287 |
| 138 | ov_138 | 4.0613988151918756 × 10^287 |
| 137 | ov_137 | 4.8461374658046996 × 10^287 |
| 136 | ov_136 | 5.739938942424819 × 10^287 |
| 135 | ov_135 | 6.752728129346219 × 10^287 |
| 134 | ov_134 | 7.89497399198574 × 10^287 |
| 133 | ov_133 | 9.177725058019094 × 10^287 |
| 132 | ov_132 | 1.0612650702919517 × 10^288 |
| 131 | ov_131 | 1.2212088835804246 × 10^288 |
| 130 | ov_130 | 1.2212097115622243 × 10^288 |
| 129 | ov_129 | 1.2212131326639157 × 10^288 |
| 128 | aaa_77_29 | 1.3070715501970557 × 10^288 |
| 127 | aaa_77_28 | 3.485134744116537 × 10^288 |
| 126 | ov_126 | 1.0911310799410803 × 10^289 |
| 125 | ov_125 | 2.4504887304477435 × 10^289 |
| 124 | ov_124 | 4.665217229227576 × 10^289 |
| 123 | ov_123 | 7.973949902456997 × 10^289 |
| 122 | ov_122 | 1.2615329696606885 × 10^290 |
| 121 | ov_121 | 1.8828027647759172 × 10^290 |
| 120 | ov_120 | 2.8422097210157512 × 10^290 |
| 119 | ov_119 | 4.344644973153456 × 10^290 |
| 118 | ov_118 | 6.618906346220464 × 10^290 |
| 117 | ov_117 | 9.917732386374413 × 10^290 |
| 116 | ov_116 | 1.4517856784827396 × 10^291 |
| 115 | ov_115 | 2.0720092726308646 × 10^291 |
| 114 | ov_114 | 2.8849458260136966 × 10^291 |
| 113 | ov_113 | 3.925535535884704 × 10^291 |
| 112 | ov_112 | 5.2311816896662005 × 10^291 |
| 111 | ov_111 | 6.841783734831307 × 10^291 |
| 110 | ov_110 | 8.799780457846727 × 10^291 |
| 109 | ov_109 | 1.1150205166451066 × 10^292 |
| 108 | ov_108 | 1.3940754927249083 × 10^292 |
| 107 | ov_107 | 1.7221876069030084 × 10^292 |
| 106 | ov_106 | 2.104686832172688 × 10^292 |
| 105 | ov_105 | 2.5472010121981717 × 10^292 |
| 104 | ov_104 | 3.055670777945351 × 10^292 |
| 103 | ov_103 | 3.6363671363987346 × 10^292 |
| 102 | ov_102 | 4.29591203434103 × 10^292 |
| 101 | ov_101 | 5.041302217600059 × 10^292 |
| 100 | ov_100 | 5.879936724173791 × 10^292 |
| 99 | ov_099 | 6.819648368359117 × 10^292 |
| 98 | ov_098 | 6.819658496250987 × 10^292 |
| 97 | ov_097 | 6.819690174493351 × 10^292 |
| 96 | aaa_78_29 | 1.2330560772800856 × 10^293 |
| 95 | aaa_78_28 | 4.054657537345736 × 10^293 |
| 94 | ov_094 | 1.3212664618154097 × 10^294 |
| 93 | ov_093 | 3.1051250949182245 × 10^294 |
| 92 | ov_092 | 6.253710423060423 × 10^294 |
| 91 | ov_091 | 1.1402639059606425 × 10^295 |
| 90 | ov_090 | 1.9962098494095315 × 10^295 |
| 89 | ov_089 | 3.362020045064602 × 10^295 |
| 88 | ov_088 | 5.434302853641464 × 10^295 |
| 87 | ov_087 | 8.437472695424339 × 10^295 |
| 86 | ov_086 | 1.2623764826919027 × 10^296 |
| 85 | ov_085 | 1.8273257916234178 × 10^296 |
| 84 | ov_084 | 2.5693906326621846 × 10^296 |
| 83 | ov_083 | 3.522158558913774 × 10^296 |
| 82 | ov_082 | 4.72201594985121 × 10^296 |
| 81 | ov_081 | 6.208158293616954 × 10^296 |
| 64 | lv_79_m31 | 7.147170492256462 × 10^296 |
| 80 | ov_080 | 8.022605776893162 × 10^296 |
| 79 | ov_079 | 1.0210226108619997 × 10^297 |
| 78 | ov_078 | 1.2818766695638672 × 10^297 |
| 77 | ov_077 | 1.5898898480708753 × 10^297 |
| 76 | ov_076 | 1.9504273946584593 × 10^297 |
| 75 | ov_075 | 2.369160198431594 × 10^297 |
| 74 | ov_074 | 2.8520742520152097 × 10^297 |
| 73 | ov_073 | 3.405482399398742 × 10^297 |
| 63 | ov_063 | 3.6651377992916565 × 10^297 |
| 72 | ov_072 | 4.036038698393073 × 10^297 |
| 71 | ov_071 | 4.750755747719981 × 10^297 |
| 70 | ov_070 | 5.557025349818105 × 10^297 |
| 69 | ov_069 | 6.462642902136779 × 10^297 |
| 68 | ov_068 | 7.475835932140062 × 10^297 |
| 67 | ov_067 | 8.605297214617169 × 10^297 |
| 66 | ov_066 | 8.605303021580754 × 10^297 |
| 65 | ov_065 | 8.605327037920487 × 10^297 |
| 62 | ov_062 | 1.879124715994148 × 10^298 |
| 61 | ov_061 | 6.845673165448959 × 10^298 |
| 60 | ov_060 | 1.958558591201571 × 10^299 |
| 59 | ov_059 | 4.723470650542771 × 10^299 |
| 58 | ov_058 | 9.583162809957305 × 10^299 |
| 57 | ov_057 | 1.730997257236381 × 10^300 |
| 56 | ov_056 | 2.884472239049131 × 10^300 |
| 55 | ov_055 | 4.623756062186694 × 10^300 |
| 54 | ov_054 | 7.076635683528231 × 10^300 |
| 53 | ov_053 | 1.0515547015738977 × 10^301 |
| 52 | ov_052 | 1.5246663199879826 × 10^301 |
| 51 | ov_051 | 2.1609929842826188 × 10^301 |
| 50 | ov_050 | 2.997912295140178 × 10^301 |
| 49 | ov_049 | 4.076194146003696 × 10^301 |
| 48 | ov_048 | 5.440014896910036 × 10^301 |
| 47 | ov_047 | 7.1369781535302 × 10^301 |
| 32 | lv_80_m31 | 8.297283042379573 × 10^301 |
| 46 | ov_046 | 9.218144058079804 × 10^301 |
| 45 | ov_045 | 1.173806922143925 × 10^302 |
| 44 | ov_044 | 1.475485964872438 × 10^302 |
| 43 | ov_043 | 1.8330239233772716 × 10^302 |
| 42 | ov_042 | 2.252963662170751 × 10^302 |
| 41 | ov_041 | 2.742229346315011 × 10^302 |
| 40 | ov_040 | 3.304580826569171 × 10^302 |
| 39 | ov_039 | 3.947747549248939 × 10^302 |
| 31 | ov_031 | 4.255320381491011 × 10^302 |
| 38 | ov_038 | 4.679888935275866 × 10^302 |
| 37 | ov_037 | 5.509617239571883 × 10^302 |
| 36 | ov_036 | 6.446024403886635 × 10^302 |
| 35 | ov_035 | 7.498713344677795 × 10^302 |
| 34 | ov_034 | 8.677834142537141 × 10^302 |
| 33 | ov_033 | 9.994125625382747 × 10^302 |
| 30 | ov_030 | 2.1819599125795243 × 10^303 |
| 29 | ov_029 | 7.138206824957714 × 10^303 |
| 28 | ov_028 | 1.852717263966337 × 10^304 |
| 27 | ov_027 | 4.1409877809462504 × 10^304 |
| 26 | ov_026 | 8.786811736402902 × 10^304 |
| 25 | ov_025 | 1.7390321633621878 × 10^305 |
| 24 | ov_024 | 3.1943613440709757 × 10^305 |
| 23 | ov_023 | 5.483077906882037 × 10^305 |
| 22 | ov_022 | 8.882798866252242 × 10^305 |
| 21 | ov_021 | 1.3710366534454315 × 10^306 |
| 20 | ov_020 | 2.032188039826838 × 10^306 |
| 19 | ov_019 | 2.911274918107869 × 10^306 |
| 18 | ov_018 | 4.051777088407587 × 10^306 |
| 17 | ov_017 | 5.501125182991955 × 10^306 |
| 16 | ov_016 | 7.310717835835427 × 10^306 |
| 15 | ov_015 | 9.535945829262424 × 10^306 |
| 14 | ov_014 | 1.2236225421258688 × 10^307 |
| 13 | ov_013 | 1.547504343805314 × 10^307 |
| 12 | ov_012 | 1.9320016987041928 × 10^307 |
| 11 | ov_011 | 2.384297091622576 × 10^307 |
| 10 | ov_010 | 2.912003641839956 × 10^307 |
| 9 | ov_009 | 3.523177445183551 × 10^307 |
| 8 | ov_008 | 4.2263327924745776 × 10^307 |
| 7 | ov_007 | 5.0304606869170376 × 10^307 |
| 6 | ov_006 | 5.945051111205797 × 10^307 |
| 5 | ov_005 | 6.980119523834148 × 10^307 |
| 4 | ov_004 | 8.14623809341153 × 10^307 |
| 3 | ov_003 | 9.45457217433055 × 10^307 |
| 2 | ov_002 | 1.091692248703287 × 10^308 |
| 1 | ov_001 | 1.2545773498395233 × 10^308 |

