# Results for F001-F002-F003-F004-F005-F006-F007-F008-F009-F010-F011-F012-F013-F014-F015-F016-F017-F018-F019-F020-F021-F022-F023-F024-F025-F026-F027-F028-F029-F030-F031-F032-F033-F034-F035-F036-F037-F038-F039-F040-F041-F042-F043-F044-F045-F046-F047-F048-F049-F050-F051-F052-F053-F054-F055-F056-F057-F058-F059-F060-F061-F062-F063-F064-F065-F066-F067-F068-F069-F070-F071-F072-F073-F074-F075-F076-F077-F078-F079-F080-F081-F082-F083-F084-F085-F086-F087-F088-F089-F090-F091-F092-F093-F094-F095-F096-F097-F098-F099-F100-F101-F102-F103-F104-F105-F106-F107-F108-F109-F110-F111-F112-F113-F114-F115-F116-F117-F118-F119-F120-F121-F122-F123-F124-F125-F126-F127-F128-F129-F130-F131-F132-F133-F134-F135-F136-F137-F138-F139-F140-F141-F142-F143-F144-F145-F146-F147-F148-F149-F150-F151-F152-F153-F154-F155-F156-F157-F158-F159-F160-F161-F162-F163-F164-F165-F166-F167-F168-F169-F170-F171-F172-F173-F174-F175-F176-F177-F178-F179-F180-F181-F182-F183-F184-F185-F186-F187-F188-F189-F190-F191-F192-F193-F194-F195-F196-F197-F198-F199-F200-F201-F202-F203-F204-F205-F206-F207-F208-F209-F210-F211-F212-F213-F214-F215-F216-F217-F218-F219-F220-F221-F222-F223-F224-F225-F226-F227-F228-F229-F230-F231-F232-F233-F234-F235-F236-F237-F238-F239-F240-F241-F242-F243-F244-F245-F246-F247-F248-F249-F250-F251-F252-F253-F254-F255-F256-F257-F258-F259-F260-F261-F262-F263-F264-F265-F266-F267-F268-F269-F270-F271-F272-F273-F274-F275-F276-F277-F278-F279-F280-F281-F282-F283-F284-F285-F286-F287-F288-F289-F290-F291-F292-F293-F294-F295-F296-F297-F298-F299-F300-F301-F302-F303-F304-F305-F306-F307-F308-F309-F310-F311-F312-F313-F314-F315-F316-F317-F318-F319-F320-F321-F322-F323-F324-F325-F326-F327-F328-F329-F330-F331-F332-F333-F334-F335-F336-F337-F338-F339-F340-F341-F342-F343-F344-F345-F346-F347-F348-F349-F350-F351-F352-F353-F354-F355-F356-F357-F358-F359-F360-F361-F362-F363-F364-F365-F366-F367-F368-F369-F370-F371-F372-F373-F374-F375-F376-F377-F378-F379-F380-F381-F382-F383-F384-F385-F386-F387-F388-F389-F390-F391-F392-F393-F394-F395-F396-F397-F398-F399-F400-F401-F402-F403-F404-F405-F406-F407-F408-F409-F410-F411-F412-F413-F414-F415-F416-F417-F418-F419-F420-F421-F422-F423-F424-F425-F426-F427-F428-F429-F430-F431-F432-F433-F434-F435-F436-F437-F438-F439-F440-F441-F442-F443-F444-F445-F446-F447-F448-F449-F450-F451-F452-F453-F454-F455-F456-F457-F458-F459-F460-F461-F462-F463-F464-F465-F466-F467-F468-F469-F470-F471-F472-F473-F474-F475-F476-F477-F478-F479-F480-F481-F482-F483-F484-F485-F486-F487-F488-F489-F490-F491-F492-F493-F494-F495-F496-O509510-F512

## Summary

Number of input bits: 512  
Number of free input bits: 14  
Number of output bits: 160

Number of direct occurrences: 58010  
Number of assignments: 32145  
Number of operations: 11787056
(xor: 11757784,
and: 15630,
or: 13642)

Total complexity: 7.904700114202942 × 10^305

Least occurring input variable: iv_504 (3974)  
Most occurring input variable: iv_509 (4402)

Most co-occurring input variables: iv_503-iv_509 (2090)  
Least co-occurring input variables: iv_499-iv_506 (1795)

Potentially most occurring input variable: iv_508/iv_509 (4598)  
Potentially least occurring input variable: iv_502/iv_505 (4200)

Least output occurring input variable: iv_505 (71)  
Most output occurring input variable: iv_498 (90)

Most output co-occurring input variables: iv_500-iv_509 (50)  
Least output co-occurring input variables: iv_502-iv_505 (28)

Potentially most output occurring input variable: iv_498/iv_511 (95)  
Potentially least output occurring input variable: iv_499/iv_505 (65)

Least complex input bit: iv_511 (1.802356725381285 × 10^302)  
Most complex input bit: iv_505 (1.8006978852891886 × 10^305)

Least complex output bit: aaa_76_29 (1.809034531348165 × 10^280)  
Most complex output bit: ov_001 (1.2357987603798795 × 10^305)

Least complex input/output complexity: iv_511/aaa_76_29 (4.124793486047526 × 10^276)  
Most complex input/output complexity: iv_505/ov_001 (2.815160831289087 × 10^304)

## Input Bits

### Input Bits in Regular Order

| Input Bit | Complexity | Occurrences | Output Occurrences |
|:---------:|:----------:|:-----------:|:------------------:|
| iv_497 | 2.9989538192904788 × 10^303 | 4161 | 74 |
| iv_498 | 6.0000206574319195 × 10^303 | 4027 | 90 |
| iv_499 | 1.0598987784711754 × 10^304 | 4005 | 72 |
| iv_500 | 1.786676312291742 × 10^304 | 4190 | 87 |
| iv_501 | 2.95734830041295 × 10^304 | 4162 | 72 |
| iv_502 | 4.7820658857681116 × 10^304 | 4048 | 73 |
| iv_503 | 7.585423432236106 × 10^304 | 4273 | 83 |
| iv_504 | 1.1793554487752153 × 10^305 | 3974 | 72 |
| iv_505 | 1.8006978852891886 × 10^305 | 4108 | 71 |
| iv_506 | 9.020552195500461 × 10^304 | 4042 | 79 |
| iv_507 | 1.2499856242975566 × 10^305 | 4245 | 85 |
| iv_508 | 4.19787478425203 × 10^304 | 4126 | 87 |
| iv_509 | 4.438850854551167 × 10^304 | 4402 | 85 |
| iv_511 | 1.802356725381285 × 10^302 | 4247 | 73 |

### Input Bits Sorted by Complexity

| Input Bit | Complexity | Occurrences | Output Occurrences |
|:---------:|:----------:|:-----------:|:------------------:|
| iv_511 | 1.802356725381285 × 10^302 | 4247 | 73 |
| iv_497 | 2.9989538192904788 × 10^303 | 4161 | 74 |
| iv_498 | 6.0000206574319195 × 10^303 | 4027 | 90 |
| iv_499 | 1.0598987784711754 × 10^304 | 4005 | 72 |
| iv_500 | 1.786676312291742 × 10^304 | 4190 | 87 |
| iv_501 | 2.95734830041295 × 10^304 | 4162 | 72 |
| iv_508 | 4.19787478425203 × 10^304 | 4126 | 87 |
| iv_509 | 4.438850854551167 × 10^304 | 4402 | 85 |
| iv_502 | 4.7820658857681116 × 10^304 | 4048 | 73 |
| iv_503 | 7.585423432236106 × 10^304 | 4273 | 83 |
| iv_506 | 9.020552195500461 × 10^304 | 4042 | 79 |
| iv_504 | 1.1793554487752153 × 10^305 | 3974 | 72 |
| iv_507 | 1.2499856242975566 × 10^305 | 4245 | 85 |
| iv_505 | 1.8006978852891886 × 10^305 | 4108 | 71 |

### Input Bits Sorted by Occurrences

| Input Bit | Complexity | Occurrences | Output Occurrences |
|:---------:|:----------:|:-----------:|:------------------:|
| iv_504 | 1.1793554487752153 × 10^305 | 3974 | 72 |
| iv_499 | 1.0598987784711754 × 10^304 | 4005 | 72 |
| iv_498 | 6.0000206574319195 × 10^303 | 4027 | 90 |
| iv_506 | 9.020552195500461 × 10^304 | 4042 | 79 |
| iv_502 | 4.7820658857681116 × 10^304 | 4048 | 73 |
| iv_505 | 1.8006978852891886 × 10^305 | 4108 | 71 |
| iv_508 | 4.19787478425203 × 10^304 | 4126 | 87 |
| iv_497 | 2.9989538192904788 × 10^303 | 4161 | 74 |
| iv_501 | 2.95734830041295 × 10^304 | 4162 | 72 |
| iv_500 | 1.786676312291742 × 10^304 | 4190 | 87 |
| iv_507 | 1.2499856242975566 × 10^305 | 4245 | 85 |
| iv_511 | 1.802356725381285 × 10^302 | 4247 | 73 |
| iv_503 | 7.585423432236106 × 10^304 | 4273 | 83 |
| iv_509 | 4.438850854551167 × 10^304 | 4402 | 85 |

### Input Bits Sorted by Output Occurrences

| Input Bit | Complexity | Occurrences | Output Occurrences |
|:---------:|:----------:|:-----------:|:------------------:|
| iv_505 | 1.8006978852891886 × 10^305 | 4108 | 71 |
| iv_499 | 1.0598987784711754 × 10^304 | 4005 | 72 |
| iv_504 | 1.1793554487752153 × 10^305 | 3974 | 72 |
| iv_501 | 2.95734830041295 × 10^304 | 4162 | 72 |
| iv_502 | 4.7820658857681116 × 10^304 | 4048 | 73 |
| iv_511 | 1.802356725381285 × 10^302 | 4247 | 73 |
| iv_497 | 2.9989538192904788 × 10^303 | 4161 | 74 |
| iv_506 | 9.020552195500461 × 10^304 | 4042 | 79 |
| iv_503 | 7.585423432236106 × 10^304 | 4273 | 83 |
| iv_507 | 1.2499856242975566 × 10^305 | 4245 | 85 |
| iv_509 | 4.438850854551167 × 10^304 | 4402 | 85 |
| iv_500 | 1.786676312291742 × 10^304 | 4190 | 87 |
| iv_508 | 4.19787478425203 × 10^304 | 4126 | 87 |
| iv_498 | 6.0000206574319195 × 10^303 | 4027 | 90 |

## Input Bit Co-occurrences

### Input Bit Co-occurrences Sorted by Co-occurrences

| Input Bits | Co-occurrences | Potential Occurrences | Output Co-occurrences | Potential Output Occurrences |
|:----------:|:--------------:|:---------------------:|:---------------------:|:----------------------------:|
| iv_503-iv_509 | 2090 | 4495 | 39 | 90 |
| iv_507-iv_509 | 2075 | 4497 | 43 | 84 |
| iv_503-iv_511 | 2071 | 4378 | 36 | 84 |
| iv_501-iv_511 | 2053 | 4303 | 34 | 77 |
| iv_500-iv_507 | 2051 | 4333 | 48 | 76 |
| iv_499-iv_509 | 2040 | 4327 | 38 | 81 |
| iv_509-iv_511 | 2039 | 4571 | 40 | 78 |
| iv_500-iv_511 | 2038 | 4361 | 36 | 88 |
| iv_501-iv_503 | 2034 | 4367 | 40 | 75 |
| iv_497-iv_501 | 2030 | 4263 | 32 | 82 |
| iv_502-iv_509 | 2030 | 4390 | 41 | 76 |
| iv_497-iv_503 | 2029 | 4376 | 38 | 81 |
| iv_500-iv_509 | 2029 | 4534 | 50 | 72 |
| iv_501-iv_509 | 2027 | 4510 | 39 | 79 |

### Input Bit Co-occurrences Sorted by Potential Occurrences

| Input Bits | Co-occurrences | Potential Occurrences | Output Co-occurrences | Potential Output Occurrences |
|:----------:|:--------------:|:---------------------:|:---------------------:|:----------------------------:|
| iv_502-iv_505 | 1978 | 4200 | 28 | 88 |
| iv_499-iv_505 | 1946 | 4221 | 39 | 65 |
| iv_501-iv_505 | 2024 | 4222 | 34 | 75 |
| iv_502-iv_506 | 1932 | 4226 | 37 | 78 |
| iv_498-iv_504 | 1881 | 4239 | 43 | 76 |
| iv_502-iv_508 | 1960 | 4254 | 41 | 78 |
| iv_499-iv_501 | 1955 | 4257 | 33 | 78 |
| iv_504-iv_505 | 1910 | 4262 | 33 | 77 |
| iv_497-iv_501 | 2030 | 4263 | 32 | 82 |
| iv_497-iv_502 | 1972 | 4265 | 35 | 77 |
| iv_499-iv_504 | 1857 | 4265 | 33 | 78 |
| iv_499-iv_503 | 2000 | 4278 | 36 | 83 |
| iv_498-iv_506 | 1894 | 4281 | 44 | 81 |
| iv_504-iv_506 | 1866 | 4284 | 34 | 83 |

### Input Bit Output Co-occurrences Sorted by Output Co-occurrences

| Input Bits | Co-occurrences | Potential Occurrences | Output Co-occurrences | Potential Output Occurrences |
|:----------:|:--------------:|:---------------------:|:---------------------:|:----------------------------:|
| iv_498-iv_509 | 1966 | 4497 | 50 | 75 |
| iv_500-iv_509 | 2029 | 4534 | 50 | 72 |
| iv_500-iv_507 | 2051 | 4333 | 48 | 76 |
| iv_503-iv_507 | 2014 | 4490 | 46 | 76 |
| iv_500-iv_505 | 1991 | 4316 | 45 | 68 |
| iv_500-iv_508 | 2004 | 4308 | 45 | 84 |
| iv_498-iv_507 | 1958 | 4356 | 45 | 85 |
| iv_503-iv_504 | 1958 | 4331 | 45 | 65 |
| iv_508-iv_511 | 2002 | 4369 | 45 | 70 |
| iv_498-iv_508 | 1904 | 4345 | 45 | 87 |
| iv_503-iv_508 | 1994 | 4411 | 44 | 82 |
| iv_498-iv_506 | 1894 | 4281 | 44 | 81 |
| iv_505-iv_509 | 2009 | 4492 | 44 | 68 |
| iv_501-iv_507 | 2019 | 4369 | 44 | 69 |

### Input Bit Output Co-occurrences Sorted by Potential Output Occurrences

| Input Bits | Co-occurrences | Potential Occurrences | Output Co-occurrences | Potential Output Occurrences |
|:----------:|:--------------:|:---------------------:|:---------------------:|:----------------------------:|
| iv_499-iv_505 | 1946 | 4221 | 39 | 65 |
| iv_503-iv_504 | 1958 | 4331 | 45 | 65 |
| iv_497-iv_505 | 1934 | 4401 | 39 | 67 |
| iv_500-iv_505 | 1991 | 4316 | 45 | 68 |
| iv_505-iv_509 | 2009 | 4492 | 44 | 68 |
| iv_501-iv_507 | 2019 | 4369 | 44 | 69 |
| iv_508-iv_511 | 2002 | 4369 | 45 | 70 |
| iv_502-iv_503 | 1988 | 4345 | 42 | 72 |
| iv_502-iv_511 | 1986 | 4323 | 37 | 72 |
| iv_500-iv_509 | 2029 | 4534 | 50 | 72 |
| iv_499-iv_500 | 1933 | 4329 | 43 | 73 |
| iv_499-iv_502 | 1879 | 4295 | 36 | 73 |
| iv_504-iv_508 | 1880 | 4340 | 43 | 73 |
| iv_500-iv_502 | 1947 | 4344 | 43 | 74 |

## Output Bits

### Output Bits in Regular Order

| Rank | Output Bit | Complexity |
|:----:|:----------:|:----------:|
| 1 | ov_001 | 1.2357987603798795 × 10^305 |
| 2 | ov_002 | 1.075343829730737 × 10^305 |
| 3 | ov_003 | 9.312929171067983 × 10^304 |
| 4 | ov_004 | 8.024156725910988 × 10^304 |
| 5 | ov_005 | 6.875491024811255 × 10^304 |
| 6 | ov_006 | 5.855928201253914 × 10^304 |
| 7 | ov_007 | 4.955049154256246 × 10^304 |
| 8 | ov_008 | 4.162983860503786 × 10^304 |
| 9 | ov_009 | 3.4703807644536417 × 10^304 |
| 10 | ov_010 | 2.868380736561208 × 10^304 |
| 11 | ov_011 | 2.3485951181961432 × 10^304 |
| 12 | ov_012 | 1.903087399502694 × 10^304 |
| 13 | ov_013 | 1.524358103576635 × 10^304 |
| 14 | ov_014 | 1.2053324770020487 × 10^304 |
| 15 | ov_015 | 9.393506131213218 × 10^303 |
| 16 | ov_016 | 7.201596604869861 × 10^303 |
| 17 | ov_017 | 5.419077948334536 × 10^303 |
| 18 | ov_018 | 3.991396586639477 × 10^303 |
| 19 | ov_019 | 2.867929982143953 × 10^303 |
| 20 | ov_020 | 2.0019625316255572 × 10^303 |
| 21 | ov_021 | 1.3506688001936257 × 10^303 |
| 22 | ov_022 | 8.751021568521924 × 10^302 |
| 23 | ov_023 | 5.4018720494870444 × 10^302 |
| 24 | ov_024 | 3.1471485930041232 × 10^302 |
| 25 | ov_025 | 1.713393324612789 × 10^302 |
| 26 | ov_026 | 8.657648292314341 × 10^301 |
| 27 | ov_027 | 4.0803037426988935 × 10^301 |
| 28 | ov_028 | 1.825628410416186 × 10^301 |
| 29 | ov_029 | 7.033973631594827 × 10^300 |
| 30 | ov_030 | 2.1500918479745384 × 10^300 |
| 31 | ov_031 | 4.193040600669169 × 10^299 |
| 32 | lv_80_m31 | 8.175422982220252 × 10^298 |
| 33 | ov_033 | 9.843950435889566 × 10^299 |
| 34 | ov_034 | 8.548576533939599 × 10^299 |
| 35 | ov_035 | 7.387322994689907 × 10^299 |
| 36 | ov_036 | 6.350052549595058 × 10^299 |
| 37 | ov_037 | 5.427181142029116 × 10^299 |
| 38 | ov_038 | 4.609638843751381 × 10^299 |
| 39 | ov_039 | 3.88883591070116 × 10^299 |
| 40 | ov_040 | 3.25663350346961 × 10^299 |
| 41 | ov_041 | 2.705318622357459 × 10^299 |
| 42 | ov_042 | 2.2275828307169854 × 10^299 |
| 43 | ov_043 | 1.816504363457518 × 10^299 |
| 44 | ov_044 | 1.4655332403036082 × 10^299 |
| 45 | ov_045 | 1.1684790257496708 × 10^299 |
| 46 | ov_046 | 9.195008997486454 × 10^298 |
| 47 | ov_047 | 7.130997250801237 × 10^298 |
| 48 | ov_048 | 5.441118191227036 × 10^298 |
| 49 | ov_049 | 4.077041594469417 × 10^298 |
| 50 | ov_050 | 2.993707742766229 × 10^298 |
| 51 | ov_051 | 2.1493009045444535 × 10^298 |
| 52 | ov_052 | 1.5052303310532215 × 10^298 |
| 53 | ov_053 | 1.026117015525062 × 10^298 |
| 54 | ov_054 | 6.797848521574179 × 10^297 |
| 55 | ov_055 | 4.372550472987287 × 10^297 |
| 56 | ov_056 | 2.7274272167081057 × 10^297 |
| 57 | ov_057 | 1.6365489963805947 × 10^297 |
| 58 | ov_058 | 9.05893866656982 × 10^296 |
| 59 | ov_059 | 4.46426839646879 × 10^296 |
| 60 | ov_060 | 1.8506311663149718 × 10^296 |
| 61 | ov_061 | 6.466743776624391 × 10^295 |
| 62 | ov_062 | 1.7746239456360575 × 10^295 |
| 63 | ov_063 | 3.4602700969863704 × 10^294 |
| 64 | lv_79_m31 | 6.74558262893592 × 10^293 |
| 65 | ov_065 | 8.089135067725186 × 10^294 |
| 66 | ov_066 | 8.089112000244839 × 10^294 |
| 67 | ov_067 | 8.089106428157149 × 10^294 |
| 68 | ov_068 | 7.017991138513096 × 10^294 |
| 69 | ov_069 | 6.058101327333368 × 10^294 |
| 70 | ov_070 | 5.201090441472428 × 10^294 |
| 71 | ov_071 | 4.4390533963528174 × 10^294 |
| 72 | ov_072 | 3.7644951333573976 × 10^294 |
| 73 | ov_073 | 3.170303672160039 × 10^294 |
| 74 | ov_074 | 2.6497272159552058 × 10^294 |
| 75 | ov_075 | 2.196354891004166 × 10^294 |
| 76 | ov_076 | 1.804100724463336 × 10^294 |
| 77 | ov_077 | 1.4671904862586842 × 10^294 |
| 78 | ov_078 | 1.1801510419586928 × 10^294 |
| 79 | ov_079 | 9.378018842981114 × 10^293 |
| 80 | ov_080 | 7.352485313188471 × 10^293 |
| 81 | ov_081 | 5.678774991100109 × 10^293 |
| 82 | ov_082 | 4.313525769184399 × 10^293 |
| 83 | ov_083 | 3.2161215202246295 × 10^293 |
| 84 | ov_084 | 2.3486735126153115 × 10^293 |
| 85 | ov_085 | 1.6760078552845129 × 10^293 |
| 86 | ov_086 | 1.1656570288673973 × 10^293 |
| 87 | ov_087 | 7.878539114390757 × 10^292 |
| 88 | ov_088 | 5.155273514861133 × 10^292 |
| 89 | ov_089 | 3.242989127734088 × 10^292 |
| 90 | ov_090 | 1.9248059840476518 × 10^292 |
| 91 | ov_091 | 1.0990079045252853 × 10^292 |
| 92 | ov_092 | 6.024849788379717 × 10^291 |
| 93 | ov_093 | 2.990030560755071 × 10^291 |
| 94 | ov_094 | 1.2716360510371437 × 10^291 |
| 95 | aaa_78_28 | 3.90045371312296 × 10^290 |
| 96 | aaa_78_29 | 1.1852434892395411 × 10^290 |
| 97 | ov_097 | 6.477726698399524 × 10^289 |
| 98 | ov_098 | 6.477694825633868 × 10^289 |
| 99 | ov_099 | 6.477684641310898 × 10^289 |
| 100 | ov_100 | 5.56492393105358 × 10^289 |
| 101 | ov_101 | 4.752444826984301 × 10^289 |
| 102 | ov_102 | 4.0323672605103155 × 10^289 |
| 103 | ov_103 | 3.3972455324569617 × 10^289 |
| 104 | ov_104 | 2.8400367635432497 × 10^289 |
| 105 | ov_105 | 2.354073399913811 × 10^289 |
| 106 | ov_106 | 1.9330394057207315 × 10^289 |
| 107 | ov_107 | 1.5709497941303346 × 10^289 |
| 108 | ov_108 | 1.2621331667651856 × 10^289 |
| 109 | ov_109 | 1.0012169496157818 × 10^289 |
| 110 | ov_110 | 7.831150309870039 × 10^288 |
| 111 | ov_111 | 6.03017524183675 × 10^288 |
| 112 | ov_112 | 4.5638239447469506 × 10^288 |
| 113 | ov_113 | 3.3892870647968116 × 10^288 |
| 114 | ov_114 | 2.4663126455664138 × 10^288 |
| 115 | ov_115 | 1.7571643508317933 × 10^288 |
| 116 | ov_116 | 1.22658955755812 × 10^288 |
| 117 | ov_117 | 8.417955321154003 × 10^287 |
| 118 | ov_118 | 5.724320642392748 × 10^287 |
| 119 | ov_119 | 3.9057909456558105 × 10^287 |
| 120 | ov_120 | 2.707381654307754 × 10^287 |
| 121 | ov_121 | 1.8982681844443497 × 10^287 |
| 122 | ov_122 | 1.2717509082699996 × 10^287 |
| 123 | ov_123 | 8.037390177001023 × 10^286 |
| 124 | ov_124 | 4.70148324057945 × 10^286 |
| 125 | ov_125 | 2.468975327322599 × 10^286 |
| 126 | ov_126 | 1.099063405234615 × 10^286 |
| 127 | aaa_77_28 | 3.5094704286812426 × 10^285 |
| 128 | aaa_77_29 | 1.3156443738809116 × 10^285 |
| 129 | ov_129 | 1.2232600571946599 × 10^285 |
| 130 | ov_130 | 1.2232565301341334 × 10^285 |
| 131 | ov_131 | 1.2232556762122882 × 10^285 |
| 132 | ov_132 | 1.0615190029387773 × 10^285 |
| 133 | ov_133 | 9.165979436789529 × 10^284 |
| 134 | ov_134 | 7.872189337846999 × 10^284 |
| 135 | ov_135 | 6.721777366724509 × 10^284 |
| 136 | ov_136 | 5.703345069553914 × 10^284 |
| 137 | ov_137 | 4.806095078837552 × 10^284 |
| 138 | ov_138 | 4.019794227011345 × 10^284 |
| 139 | ov_139 | 3.3347420266235672 × 10^284 |
| 140 | ov_140 | 2.741743974938007 × 10^284 |
| 141 | ov_141 | 2.232089170310314 × 10^284 |
| 142 | ov_142 | 1.7975317565925746 × 10^284 |
| 143 | ov_143 | 1.4302757402457255 × 10^284 |
| 144 | ov_144 | 1.1229627529084716 × 10^284 |
| 145 | ov_145 | 8.68662359987243 × 10^283 |
| 146 | ov_146 | 6.608645434752346 × 10^283 |
| 147 | ov_147 | 4.934740147404747 × 10^283 |
| 148 | ov_148 | 3.6080604048643585 × 10^283 |
| 149 | ov_149 | 2.5758349251184497 × 10^283 |
| 150 | ov_150 | 1.7893485929544458 × 10^283 |
| 151 | ov_151 | 1.20392984815473 × 10^283 |
| 152 | ov_152 | 7.789432738783873 × 10^282 |
| 153 | ov_153 | 4.777855867495375 × 10^282 |
| 154 | ov_154 | 2.678835649137834 × 10^282 |
| 155 | ov_155 | 1.3395793092515506 × 10^282 |
| 156 | aaa_76_25 | 5.149274038280059 × 10^281 |
| 157 | aaa_76_26 | 2.975730905997215 × 10^281 |
| 158 | aaa_76_27 | 1.5245013240652403 × 10^281 |
| 159 | aaa_76_28 | 5.941979556722863 × 10^280 |
| 160 | aaa_76_29 | 1.809034531348165 × 10^280 |

### Output Bits Sorted by Complexity

| Rank | Output Bit | Complexity |
|:----:|:----------:|:----------:|
| 160 | aaa_76_29 | 1.809034531348165 × 10^280 |
| 159 | aaa_76_28 | 5.941979556722863 × 10^280 |
| 158 | aaa_76_27 | 1.5245013240652403 × 10^281 |
| 157 | aaa_76_26 | 2.975730905997215 × 10^281 |
| 156 | aaa_76_25 | 5.149274038280059 × 10^281 |
| 155 | ov_155 | 1.3395793092515506 × 10^282 |
| 154 | ov_154 | 2.678835649137834 × 10^282 |
| 153 | ov_153 | 4.777855867495375 × 10^282 |
| 152 | ov_152 | 7.789432738783873 × 10^282 |
| 151 | ov_151 | 1.20392984815473 × 10^283 |
| 150 | ov_150 | 1.7893485929544458 × 10^283 |
| 149 | ov_149 | 2.5758349251184497 × 10^283 |
| 148 | ov_148 | 3.6080604048643585 × 10^283 |
| 147 | ov_147 | 4.934740147404747 × 10^283 |
| 146 | ov_146 | 6.608645434752346 × 10^283 |
| 145 | ov_145 | 8.68662359987243 × 10^283 |
| 144 | ov_144 | 1.1229627529084716 × 10^284 |
| 143 | ov_143 | 1.4302757402457255 × 10^284 |
| 142 | ov_142 | 1.7975317565925746 × 10^284 |
| 141 | ov_141 | 2.232089170310314 × 10^284 |
| 140 | ov_140 | 2.741743974938007 × 10^284 |
| 139 | ov_139 | 3.3347420266235672 × 10^284 |
| 138 | ov_138 | 4.019794227011345 × 10^284 |
| 137 | ov_137 | 4.806095078837552 × 10^284 |
| 136 | ov_136 | 5.703345069553914 × 10^284 |
| 135 | ov_135 | 6.721777366724509 × 10^284 |
| 134 | ov_134 | 7.872189337846999 × 10^284 |
| 133 | ov_133 | 9.165979436789529 × 10^284 |
| 132 | ov_132 | 1.0615190029387773 × 10^285 |
| 131 | ov_131 | 1.2232556762122882 × 10^285 |
| 130 | ov_130 | 1.2232565301341334 × 10^285 |
| 129 | ov_129 | 1.2232600571946599 × 10^285 |
| 128 | aaa_77_29 | 1.3156443738809116 × 10^285 |
| 127 | aaa_77_28 | 3.5094704286812426 × 10^285 |
| 126 | ov_126 | 1.099063405234615 × 10^286 |
| 125 | ov_125 | 2.468975327322599 × 10^286 |
| 124 | ov_124 | 4.70148324057945 × 10^286 |
| 123 | ov_123 | 8.037390177001023 × 10^286 |
| 122 | ov_122 | 1.2717509082699996 × 10^287 |
| 121 | ov_121 | 1.8982681844443497 × 10^287 |
| 120 | ov_120 | 2.707381654307754 × 10^287 |
| 119 | ov_119 | 3.9057909456558105 × 10^287 |
| 118 | ov_118 | 5.724320642392748 × 10^287 |
| 117 | ov_117 | 8.417955321154003 × 10^287 |
| 116 | ov_116 | 1.22658955755812 × 10^288 |
| 115 | ov_115 | 1.7571643508317933 × 10^288 |
| 114 | ov_114 | 2.4663126455664138 × 10^288 |
| 113 | ov_113 | 3.3892870647968116 × 10^288 |
| 112 | ov_112 | 4.5638239447469506 × 10^288 |
| 111 | ov_111 | 6.03017524183675 × 10^288 |
| 110 | ov_110 | 7.831150309870039 × 10^288 |
| 109 | ov_109 | 1.0012169496157818 × 10^289 |
| 108 | ov_108 | 1.2621331667651856 × 10^289 |
| 107 | ov_107 | 1.5709497941303346 × 10^289 |
| 106 | ov_106 | 1.9330394057207315 × 10^289 |
| 105 | ov_105 | 2.354073399913811 × 10^289 |
| 104 | ov_104 | 2.8400367635432497 × 10^289 |
| 103 | ov_103 | 3.3972455324569617 × 10^289 |
| 102 | ov_102 | 4.0323672605103155 × 10^289 |
| 101 | ov_101 | 4.752444826984301 × 10^289 |
| 100 | ov_100 | 5.56492393105358 × 10^289 |
| 99 | ov_099 | 6.477684641310898 × 10^289 |
| 98 | ov_098 | 6.477694825633868 × 10^289 |
| 97 | ov_097 | 6.477726698399524 × 10^289 |
| 96 | aaa_78_29 | 1.1852434892395411 × 10^290 |
| 95 | aaa_78_28 | 3.90045371312296 × 10^290 |
| 94 | ov_094 | 1.2716360510371437 × 10^291 |
| 93 | ov_093 | 2.990030560755071 × 10^291 |
| 92 | ov_092 | 6.024849788379717 × 10^291 |
| 91 | ov_091 | 1.0990079045252853 × 10^292 |
| 90 | ov_090 | 1.9248059840476518 × 10^292 |
| 89 | ov_089 | 3.242989127734088 × 10^292 |
| 88 | ov_088 | 5.155273514861133 × 10^292 |
| 87 | ov_087 | 7.878539114390757 × 10^292 |
| 86 | ov_086 | 1.1656570288673973 × 10^293 |
| 85 | ov_085 | 1.6760078552845129 × 10^293 |
| 84 | ov_084 | 2.3486735126153115 × 10^293 |
| 83 | ov_083 | 3.2161215202246295 × 10^293 |
| 82 | ov_082 | 4.313525769184399 × 10^293 |
| 81 | ov_081 | 5.678774991100109 × 10^293 |
| 64 | lv_79_m31 | 6.74558262893592 × 10^293 |
| 80 | ov_080 | 7.352485313188471 × 10^293 |
| 79 | ov_079 | 9.378018842981114 × 10^293 |
| 78 | ov_078 | 1.1801510419586928 × 10^294 |
| 77 | ov_077 | 1.4671904862586842 × 10^294 |
| 76 | ov_076 | 1.804100724463336 × 10^294 |
| 75 | ov_075 | 2.196354891004166 × 10^294 |
| 74 | ov_074 | 2.6497272159552058 × 10^294 |
| 73 | ov_073 | 3.170303672160039 × 10^294 |
| 63 | ov_063 | 3.4602700969863704 × 10^294 |
| 72 | ov_072 | 3.7644951333573976 × 10^294 |
| 71 | ov_071 | 4.4390533963528174 × 10^294 |
| 70 | ov_070 | 5.201090441472428 × 10^294 |
| 69 | ov_069 | 6.058101327333368 × 10^294 |
| 68 | ov_068 | 7.017991138513096 × 10^294 |
| 67 | ov_067 | 8.089106428157149 × 10^294 |
| 66 | ov_066 | 8.089112000244839 × 10^294 |
| 65 | ov_065 | 8.089135067725186 × 10^294 |
| 62 | ov_062 | 1.7746239456360575 × 10^295 |
| 61 | ov_061 | 6.466743776624391 × 10^295 |
| 60 | ov_060 | 1.8506311663149718 × 10^296 |
| 59 | ov_059 | 4.46426839646879 × 10^296 |
| 58 | ov_058 | 9.05893866656982 × 10^296 |
| 57 | ov_057 | 1.6365489963805947 × 10^297 |
| 56 | ov_056 | 2.7274272167081057 × 10^297 |
| 55 | ov_055 | 4.372550472987287 × 10^297 |
| 54 | ov_054 | 6.797848521574179 × 10^297 |
| 53 | ov_053 | 1.026117015525062 × 10^298 |
| 52 | ov_052 | 1.5052303310532215 × 10^298 |
| 51 | ov_051 | 2.1493009045444535 × 10^298 |
| 50 | ov_050 | 2.993707742766229 × 10^298 |
| 49 | ov_049 | 4.077041594469417 × 10^298 |
| 48 | ov_048 | 5.441118191227036 × 10^298 |
| 47 | ov_047 | 7.130997250801237 × 10^298 |
| 32 | lv_80_m31 | 8.175422982220252 × 10^298 |
| 46 | ov_046 | 9.195008997486454 × 10^298 |
| 45 | ov_045 | 1.1684790257496708 × 10^299 |
| 44 | ov_044 | 1.4655332403036082 × 10^299 |
| 43 | ov_043 | 1.816504363457518 × 10^299 |
| 42 | ov_042 | 2.2275828307169854 × 10^299 |
| 41 | ov_041 | 2.705318622357459 × 10^299 |
| 40 | ov_040 | 3.25663350346961 × 10^299 |
| 39 | ov_039 | 3.88883591070116 × 10^299 |
| 31 | ov_031 | 4.193040600669169 × 10^299 |
| 38 | ov_038 | 4.609638843751381 × 10^299 |
| 37 | ov_037 | 5.427181142029116 × 10^299 |
| 36 | ov_036 | 6.350052549595058 × 10^299 |
| 35 | ov_035 | 7.387322994689907 × 10^299 |
| 34 | ov_034 | 8.548576533939599 × 10^299 |
| 33 | ov_033 | 9.843950435889566 × 10^299 |
| 30 | ov_030 | 2.1500918479745384 × 10^300 |
| 29 | ov_029 | 7.033973631594827 × 10^300 |
| 28 | ov_028 | 1.825628410416186 × 10^301 |
| 27 | ov_027 | 4.0803037426988935 × 10^301 |
| 26 | ov_026 | 8.657648292314341 × 10^301 |
| 25 | ov_025 | 1.713393324612789 × 10^302 |
| 24 | ov_024 | 3.1471485930041232 × 10^302 |
| 23 | ov_023 | 5.4018720494870444 × 10^302 |
| 22 | ov_022 | 8.751021568521924 × 10^302 |
| 21 | ov_021 | 1.3506688001936257 × 10^303 |
| 20 | ov_020 | 2.0019625316255572 × 10^303 |
| 19 | ov_019 | 2.867929982143953 × 10^303 |
| 18 | ov_018 | 3.991396586639477 × 10^303 |
| 17 | ov_017 | 5.419077948334536 × 10^303 |
| 16 | ov_016 | 7.201596604869861 × 10^303 |
| 15 | ov_015 | 9.393506131213218 × 10^303 |
| 14 | ov_014 | 1.2053324770020487 × 10^304 |
| 13 | ov_013 | 1.524358103576635 × 10^304 |
| 12 | ov_012 | 1.903087399502694 × 10^304 |
| 11 | ov_011 | 2.3485951181961432 × 10^304 |
| 10 | ov_010 | 2.868380736561208 × 10^304 |
| 9 | ov_009 | 3.4703807644536417 × 10^304 |
| 8 | ov_008 | 4.162983860503786 × 10^304 |
| 7 | ov_007 | 4.955049154256246 × 10^304 |
| 6 | ov_006 | 5.855928201253914 × 10^304 |
| 5 | ov_005 | 6.875491024811255 × 10^304 |
| 4 | ov_004 | 8.024156725910988 × 10^304 |
| 3 | ov_003 | 9.312929171067983 × 10^304 |
| 2 | ov_002 | 1.075343829730737 × 10^305 |
| 1 | ov_001 | 1.2357987603798795 × 10^305 |

