# Results for F001-F002-F003-F004-F005-F006-F007-F008-F009-F010-F011-F012-F013-F014-F015-F016-F017-F018-F019-F020-F021-F022-F023-F024-F025-F026-F027-F028-F029-F030-F031-F032-F033-F034-F035-F036-F037-F038-F039-F040-F041-F042-F043-F044-F045-F046-F047-F048-F049-F050-F051-F052-F053-F054-F055-F056-F057-F058-F059-F060-F061-F062-F063-F064-F065-F066-F067-F068-F069-F070-F071-F072-F073-F074-F075-F076-F077-F078-F079-F080-F081-F082-F083-F084-F085-F086-F087-F088-F089-F090-F091-F092-F093-F094-F095-F096-F097-F098-F099-F100-F101-F102-F103-F104-F105-F106-F107-F108-F109-F110-F111-F112-F113-F114-F115-F116-F117-F118-F119-F120-F121-F122-F123-F124-F125-F126-F127-F128-F129-F130-F131-F132-F133-F134-F135-F136-F137-F138-F139-F140-F141-F142-F143-F144-F145-F146-F147-F148-F149-F150-F151-F152-F153-F154-F155-F156-F157-F158-F159-F160-F161-F162-F163-F164-F165-F166-F167-F168-F169-F170-F171-F172-F173-F174-F175-F176-F177-F178-F179-F180-F181-F182-F183-F184-F185-F186-F187-F188-F189-F190-F191-F192-F193-F194-F195-F196-F197-F198-F199-F200-F201-F202-F203-F204-F205-F206-F207-F208-F209-F210-F211-F212-F213-F214-F215-F216-F217-F218-F219-F220-F221-F222-F223-F224-F225-F226-F227-F228-F229-F230-F231-F232-F233-F234-F235-F236-F237-F238-F239-F240-F241-F242-F243-F244-F245-F246-F247-F248-F249-F250-F251-F252-F253-F254-F255-F256-F257-F258-F259-F260-F261-F262-F263-F264-F265-F266-F267-F268-F269-F270-F271-F272-F273-F274-F275-F276-F277-F278-F279-F280-F281-F282-F283-F284-F285-F286-F287-F288-F289-F290-F291-F292-F293-F294-F295-F296-F297-F298-F299-F300-F301-F302-F303-F304-F305-F306-F307-F308-F309-F310-F311-F312-F313-F314-F315-F316-F317-F318-F319-F320-F321-F322-F323-F324-F325-F326-F327-F328-F329-F330-F331-F332-F333-F334-F335-F336-F337-F338-F339-F340-F341-F342-F343-F344-F345-F346-F347-F348-F349-F350-F351-F352-F353-F354-F355-F356-F357-F358-F359-F360-F361-F362-F363-F364-F365-F366-F367-F368-F369-F370-F371-F372-F373-F374-F375-F376-F377-F378-F379-F380-F381-F382-F383-F384-F385-F386-F387-F388-F389-F390-F391-F392-F393-F394-F395-F396-F397-F398-F399-F400-F401-F402-F403-F404-F405-F406-F407-F408-F409-F410-F411-F412-F413-F414-F415-F416-F417-F418-F419-F420-F421-F422-F423-F424-F425-F426-F427-F428-F429-F430-F431-F432-F433-F434-F435-F436-F437-F438-F439-F440-F441-F442-F443-F444-F445-F446-F447-F448-F449-F450-F451-F452-F453-F454-F455-F456-F457-F458-F459-F460-F461-F462-F463-F464-F465-F466-F467-F468-F469-F470-F471-F472-F473-F474-F475-F476-F477-F478-F479-F480-F481-F482-F483-F484-F485-F486-F487-F488-F489-F490-F491-F492-F493-F494-F495-F496-F497-T512

## Summary

Number of input bits: 512  
Number of free input bits: 14  
Number of output bits: 160

Number of direct occurrences: 58750  
Number of assignments: 32332  
Number of operations: 12535310
(xor: 12504945,
and: 16699,
or: 13666)

Total complexity: 1.9076200962735694 × 10^310

Least occurring input variable: iv_504 (4100)  
Most occurring input variable: iv_507 (4351)

Most co-occurring input variables: iv_501-iv_508 (2130)  
Least co-occurring input variables: iv_503-iv_504 (1884)

Potentially most occurring input variable: iv_505/iv_507 (4594)  
Potentially least occurring input variable: iv_505/iv_508 (4264)

Least output occurring input variable: iv_498 (70)  
Most output occurring input variable: iv_499 (93)

Most output co-occurring input variables: iv_499-iv_507 (54)  
Least output co-occurring input variables: iv_503-iv_509 (29)

Potentially most output occurring input variable: iv_503/iv_509 (96)  
Potentially least output occurring input variable: iv_500/iv_503 (64)

Least complex input bit: iv_498 (1.9035343024111073 × 10^307)  
Most complex input bit: iv_510 (5.160997019779 × 10^309)

Least complex output bit: aaa_76_29 (3.944104336302088 × 10^284)  
Most complex output bit: ov_001 (2.98394864449871 × 10^309)

Least complex input/output complexity: iv_498/aaa_76_29 (3.935656743764323 × 10^281)  
Most complex input/output complexity: iv_510/ov_001 (8.072964890396543 × 10^308)

## Input Bits

### Input Bits in Regular Order

| Input Bit | Complexity | Occurrences | Output Occurrences |
|:---------:|:----------:|:-----------:|:------------------:|
| iv_498 | 1.9035343024111073 × 10^307 | 4145 | 70 |
| iv_499 | 3.9343166669024157 × 10^307 | 4131 | 93 |
| iv_500 | 7.355983262432619 × 10^307 | 4144 | 78 |
| iv_501 | 1.3519101274807346 × 10^308 | 4274 | 90 |
| iv_502 | 2.3034413659576406 × 10^308 | 4157 | 86 |
| iv_503 | 3.749438795303497 × 10^308 | 4152 | 74 |
| iv_504 | 5.904946513045673 × 10^308 | 4100 | 75 |
| iv_505 | 9.054482721521812 × 10^308 | 4165 | 84 |
| iv_506 | 1.3567795768374506 × 10^309 | 4194 | 73 |
| iv_507 | 1.9933571345814973 × 10^309 | 4351 | 82 |
| iv_508 | 2.8291070474862367 × 10^309 | 4297 | 91 |
| iv_509 | 3.880254439902433 × 10^309 | 4288 | 80 |
| iv_510 | 5.160997019779 × 10^309 | 4197 | 80 |
| iv_511 | 1.4873454495007 × 10^309 | 4155 | 78 |

### Input Bits Sorted by Complexity

| Input Bit | Complexity | Occurrences | Output Occurrences |
|:---------:|:----------:|:-----------:|:------------------:|
| iv_498 | 1.9035343024111073 × 10^307 | 4145 | 70 |
| iv_499 | 3.9343166669024157 × 10^307 | 4131 | 93 |
| iv_500 | 7.355983262432619 × 10^307 | 4144 | 78 |
| iv_501 | 1.3519101274807346 × 10^308 | 4274 | 90 |
| iv_502 | 2.3034413659576406 × 10^308 | 4157 | 86 |
| iv_503 | 3.749438795303497 × 10^308 | 4152 | 74 |
| iv_504 | 5.904946513045673 × 10^308 | 4100 | 75 |
| iv_505 | 9.054482721521812 × 10^308 | 4165 | 84 |
| iv_506 | 1.3567795768374506 × 10^309 | 4194 | 73 |
| iv_511 | 1.4873454495007 × 10^309 | 4155 | 78 |
| iv_507 | 1.9933571345814973 × 10^309 | 4351 | 82 |
| iv_508 | 2.8291070474862367 × 10^309 | 4297 | 91 |
| iv_509 | 3.880254439902433 × 10^309 | 4288 | 80 |
| iv_510 | 5.160997019779 × 10^309 | 4197 | 80 |

### Input Bits Sorted by Occurrences

| Input Bit | Complexity | Occurrences | Output Occurrences |
|:---------:|:----------:|:-----------:|:------------------:|
| iv_504 | 5.904946513045673 × 10^308 | 4100 | 75 |
| iv_499 | 3.9343166669024157 × 10^307 | 4131 | 93 |
| iv_500 | 7.355983262432619 × 10^307 | 4144 | 78 |
| iv_498 | 1.9035343024111073 × 10^307 | 4145 | 70 |
| iv_503 | 3.749438795303497 × 10^308 | 4152 | 74 |
| iv_511 | 1.4873454495007 × 10^309 | 4155 | 78 |
| iv_502 | 2.3034413659576406 × 10^308 | 4157 | 86 |
| iv_505 | 9.054482721521812 × 10^308 | 4165 | 84 |
| iv_506 | 1.3567795768374506 × 10^309 | 4194 | 73 |
| iv_510 | 5.160997019779 × 10^309 | 4197 | 80 |
| iv_501 | 1.3519101274807346 × 10^308 | 4274 | 90 |
| iv_509 | 3.880254439902433 × 10^309 | 4288 | 80 |
| iv_508 | 2.8291070474862367 × 10^309 | 4297 | 91 |
| iv_507 | 1.9933571345814973 × 10^309 | 4351 | 82 |

### Input Bits Sorted by Output Occurrences

| Input Bit | Complexity | Occurrences | Output Occurrences |
|:---------:|:----------:|:-----------:|:------------------:|
| iv_498 | 1.9035343024111073 × 10^307 | 4145 | 70 |
| iv_506 | 1.3567795768374506 × 10^309 | 4194 | 73 |
| iv_503 | 3.749438795303497 × 10^308 | 4152 | 74 |
| iv_504 | 5.904946513045673 × 10^308 | 4100 | 75 |
| iv_500 | 7.355983262432619 × 10^307 | 4144 | 78 |
| iv_511 | 1.4873454495007 × 10^309 | 4155 | 78 |
| iv_509 | 3.880254439902433 × 10^309 | 4288 | 80 |
| iv_510 | 5.160997019779 × 10^309 | 4197 | 80 |
| iv_507 | 1.9933571345814973 × 10^309 | 4351 | 82 |
| iv_505 | 9.054482721521812 × 10^308 | 4165 | 84 |
| iv_502 | 2.3034413659576406 × 10^308 | 4157 | 86 |
| iv_501 | 1.3519101274807346 × 10^308 | 4274 | 90 |
| iv_508 | 2.8291070474862367 × 10^309 | 4297 | 91 |
| iv_499 | 3.9343166669024157 × 10^307 | 4131 | 93 |

## Input Bit Co-occurrences

### Input Bit Co-occurrences Sorted by Co-occurrences

| Input Bits | Co-occurrences | Potential Occurrences | Output Co-occurrences | Potential Output Occurrences |
|:----------:|:--------------:|:---------------------:|:---------------------:|:----------------------------:|
| iv_501-iv_508 | 2130 | 4311 | 46 | 89 |
| iv_507-iv_509 | 2127 | 4385 | 38 | 86 |
| iv_507-iv_508 | 2116 | 4416 | 42 | 89 |
| iv_501-iv_507 | 2115 | 4395 | 39 | 94 |
| iv_501-iv_509 | 2113 | 4336 | 47 | 76 |
| iv_505-iv_508 | 2099 | 4264 | 50 | 75 |
| iv_502-iv_507 | 2099 | 4310 | 51 | 66 |
| iv_503-iv_507 | 2092 | 4319 | 41 | 74 |
| iv_506-iv_508 | 2082 | 4327 | 39 | 86 |
| iv_507-iv_510 | 2080 | 4388 | 46 | 70 |
| iv_501-iv_505 | 2079 | 4281 | 53 | 68 |
| iv_506-iv_507 | 2074 | 4397 | 31 | 93 |
| iv_506-iv_509 | 2062 | 4358 | 38 | 77 |
| iv_499-iv_509 | 2058 | 4303 | 49 | 75 |

### Input Bit Co-occurrences Sorted by Potential Occurrences

| Input Bits | Co-occurrences | Potential Occurrences | Output Co-occurrences | Potential Output Occurrences |
|:----------:|:--------------:|:---------------------:|:---------------------:|:----------------------------:|
| iv_505-iv_508 | 2099 | 4264 | 50 | 75 |
| iv_500-iv_511 | 2010 | 4279 | 44 | 68 |
| iv_501-iv_505 | 2079 | 4281 | 53 | 68 |
| iv_504-iv_506 | 2005 | 4284 | 35 | 78 |
| iv_498-iv_510 | 2022 | 4298 | 36 | 78 |
| iv_500-iv_502 | 2001 | 4299 | 39 | 86 |
| iv_498-iv_503 | 1997 | 4303 | 34 | 76 |
| iv_499-iv_509 | 2058 | 4303 | 49 | 75 |
| iv_505-iv_506 | 2027 | 4305 | 44 | 69 |
| iv_502-iv_507 | 2099 | 4310 | 51 | 66 |
| iv_501-iv_508 | 2130 | 4311 | 46 | 89 |
| iv_503-iv_505 | 2001 | 4315 | 46 | 66 |
| iv_503-iv_507 | 2092 | 4319 | 41 | 74 |
| iv_501-iv_503 | 2052 | 4322 | 44 | 76 |

### Input Bit Output Co-occurrences Sorted by Output Co-occurrences

| Input Bits | Co-occurrences | Potential Occurrences | Output Co-occurrences | Potential Output Occurrences |
|:----------:|:--------------:|:---------------------:|:---------------------:|:----------------------------:|
| iv_499-iv_507 | 2028 | 4426 | 54 | 67 |
| iv_501-iv_505 | 2079 | 4281 | 53 | 68 |
| iv_502-iv_508 | 2049 | 4356 | 52 | 73 |
| iv_499-iv_501 | 1967 | 4471 | 52 | 79 |
| iv_499-iv_510 | 1934 | 4460 | 52 | 69 |
| iv_500-iv_508 | 1996 | 4449 | 51 | 67 |
| iv_502-iv_507 | 2099 | 4310 | 51 | 66 |
| iv_505-iv_508 | 2099 | 4264 | 50 | 75 |
| iv_499-iv_505 | 1936 | 4424 | 49 | 79 |
| iv_500-iv_501 | 2027 | 4364 | 49 | 70 |
| iv_508-iv_511 | 1997 | 4458 | 49 | 71 |
| iv_499-iv_509 | 2058 | 4303 | 49 | 75 |
| iv_500-iv_505 | 1987 | 4335 | 48 | 66 |
| iv_502-iv_511 | 1973 | 4366 | 47 | 70 |

### Input Bit Output Co-occurrences Sorted by Potential Output Occurrences

| Input Bits | Co-occurrences | Potential Occurrences | Output Co-occurrences | Potential Output Occurrences |
|:----------:|:--------------:|:---------------------:|:---------------------:|:----------------------------:|
| iv_500-iv_503 | 1969 | 4358 | 44 | 64 |
| iv_500-iv_505 | 1987 | 4335 | 48 | 66 |
| iv_503-iv_505 | 2001 | 4315 | 46 | 66 |
| iv_502-iv_507 | 2099 | 4310 | 51 | 66 |
| iv_499-iv_507 | 2028 | 4426 | 54 | 67 |
| iv_500-iv_508 | 1996 | 4449 | 51 | 67 |
| iv_500-iv_511 | 2010 | 4279 | 44 | 68 |
| iv_501-iv_505 | 2079 | 4281 | 53 | 68 |
| iv_505-iv_506 | 2027 | 4305 | 44 | 69 |
| iv_499-iv_510 | 1934 | 4460 | 52 | 69 |
| iv_502-iv_511 | 1973 | 4366 | 47 | 70 |
| iv_500-iv_501 | 2027 | 4364 | 49 | 70 |
| iv_507-iv_510 | 2080 | 4388 | 46 | 70 |
| iv_503-iv_510 | 1938 | 4473 | 42 | 70 |

## Output Bits

### Output Bits in Regular Order

| Rank | Output Bit | Complexity |
|:----:|:----------:|:----------:|
| 1 | ov_001 | 2.98394864449871 × 10^309 |
| 2 | ov_002 | 2.5964076136465396 × 10^309 |
| 3 | ov_003 | 2.248481332814236 × 10^309 |
| 4 | ov_004 | 1.9372013131417105 × 10^309 |
| 5 | ov_005 | 1.659761224344737 × 10^309 |
| 6 | ov_006 | 1.4135054464965191 × 10^309 |
| 7 | ov_007 | 1.1959191217594699 × 10^309 |
| 8 | ov_008 | 1.0046195674499075 × 10^309 |
| 9 | ov_009 | 8.373489192391717 × 10^308 |
| 10 | ov_010 | 6.919678804441848 × 10^308 |
| 11 | ov_011 | 5.664504602873703 × 10^308 |
| 12 | ov_012 | 4.588795907525447 × 10^308 |
| 13 | ov_013 | 3.674435182666206 × 10^308 |
| 14 | ov_014 | 2.9043287292795856 × 10^308 |
| 15 | ov_015 | 2.2623832440738057 × 10^308 |
| 16 | ov_016 | 1.7334873998897814 × 10^308 |
| 17 | ov_017 | 1.3034976651262282 × 10^308 |
| 18 | ov_018 | 9.592276424245041 × 10^307 |
| 19 | ov_019 | 6.884402692620877 × 10^307 |
| 20 | ov_020 | 4.798422853697834 × 10^307 |
| 21 | ov_021 | 3.2308043406750424 × 10^307 |
| 22 | ov_022 | 2.0873892674166403 × 10^307 |
| 23 | ov_023 | 1.2833777956803364 × 10^307 |
| 24 | ov_024 | 7.433174313377007 × 10^306 |
| 25 | ov_025 | 4.010964551626396 × 10^306 |
| 26 | ov_026 | 1.999402207470569 × 10^306 |
| 27 | ov_027 | 9.240932446955024 × 10^305 |
| 28 | ov_028 | 4.039885798989841 × 10^305 |
| 29 | ov_029 | 1.5138167418188457 × 10^305 |
| 30 | ov_030 | 4.5754769061448924 × 10^304 |
| 31 | ov_031 | 1.0126506310804512 × 10^304 |
| 32 | lv_80_m31 | 1.974168863912476 × 10^303 |
| 33 | ov_033 | 2.3707043900420672 × 10^304 |
| 34 | ov_034 | 2.0572523172070922 × 10^304 |
| 35 | ov_035 | 1.7763822065982426 × 10^304 |
| 36 | ov_036 | 1.5256233087434556 × 10^304 |
| 37 | ov_037 | 1.302640223280085 × 10^304 |
| 38 | ov_038 | 1.1052233368753741 × 10^304 |
| 39 | ov_039 | 9.312805039816366 × 10^303 |
| 40 | ov_040 | 7.788298567021949 × 10^303 |
| 41 | ov_041 | 6.459936360472566 × 10^303 |
| 42 | ov_042 | 5.3099294265309054 × 10^303 |
| 43 | ov_043 | 4.321433106629741 × 10^303 |
| 44 | ov_044 | 3.478510139589614 × 10^303 |
| 45 | ov_045 | 2.7661001931913602 × 10^303 |
| 46 | ov_046 | 2.1699950638059655 × 10^303 |
| 47 | ov_047 | 1.6768187953466157 × 10^303 |
| 48 | ov_048 | 1.2740120208437282 × 10^303 |
| 49 | ov_049 | 9.498198816847838 × 10^302 |
| 50 | ov_050 | 6.93282931105451 × 10^302 |
| 51 | ov_051 | 4.942304799368284 × 10^302 |
| 52 | ov_052 | 3.4327589395126254 × 10^302 |
| 53 | ov_053 | 2.3181340343451327 × 10^302 |
| 54 | ov_054 | 1.5201603686301302 × 10^302 |
| 55 | ov_055 | 9.683434179409009 × 10^301 |
| 56 | ov_056 | 5.999561874678009 × 10^301 |
| 57 | ov_057 | 3.6003476220501345 × 10^301 |
| 58 | ov_058 | 2.0137587764567458 × 10^301 |
| 59 | ov_059 | 1.0231785814486353 × 10^301 |
| 60 | ov_060 | 4.5078566083985916 × 10^300 |
| 61 | ov_061 | 1.5755258560634978 × 10^300 |
| 62 | ov_062 | 4.324546342554286 × 10^299 |
| 63 | ov_063 | 8.434300672271824 × 10^298 |
| 64 | lv_79_m31 | 1.6446241701212644 × 10^298 |
| 65 | ov_065 | 1.978491933250843 × 10^299 |
| 66 | ov_066 | 1.9784863687880414 × 10^299 |
| 67 | ov_067 | 1.9784850222013025 × 10^299 |
| 68 | ov_068 | 1.7183010676978263 × 10^299 |
| 69 | ov_069 | 1.4849650963734028 × 10^299 |
| 70 | ov_070 | 1.2764606196424298 × 10^299 |
| 71 | ov_071 | 1.0908802205283369 × 10^299 |
| 72 | ov_072 | 9.264178034937283 × 10^298 |
| 73 | ov_073 | 7.813618860639999 × 10^298 |
| 74 | ov_074 | 6.540898348406644 × 10^298 |
| 75 | ov_075 | 5.4306295368249 × 10^298 |
| 76 | ov_076 | 4.4682233681073013 × 10^298 |
| 77 | ov_077 | 3.6398540440459653 × 10^298 |
| 78 | ov_078 | 2.932430429257572 × 10^298 |
| 79 | ov_079 | 2.3335727697300179 × 10^298 |
| 80 | ov_080 | 1.83159403943445 × 10^298 |
| 81 | ov_081 | 1.4154852718441211 × 10^298 |
| 82 | ov_082 | 1.0749042767686662 × 10^298 |
| 83 | ov_083 | 8.00167186103605 × 10^297 |
| 84 | ov_084 | 5.8224231501801504 × 10^297 |
| 85 | ov_085 | 4.127458678421892 × 10^297 |
| 86 | ov_086 | 2.8393906053446824 × 10^297 |
| 87 | ov_087 | 1.887262741467331 × 10^297 |
| 88 | ov_088 | 1.2065389620107754 × 10^297 |
| 89 | ov_089 | 7.390957366846127 × 10^296 |
| 90 | ov_090 | 4.332171132491706 × 10^296 |
| 91 | ov_091 | 2.4359143424371773 × 10^296 |
| 92 | ov_092 | 1.3130936603004115 × 10^296 |
| 93 | ov_093 | 6.386284029186117 × 10^295 |
| 94 | ov_094 | 2.6598051966403293 × 10^295 |
| 95 | aaa_78_28 | 8.061511608018426 × 10^294 |
| 96 | aaa_78_29 | 2.855030889344174 × 10^294 |
| 97 | ov_097 | 1.597102193204363 × 10^294 |
| 98 | ov_098 | 1.5970951587437843 × 10^294 |
| 99 | ov_099 | 1.5970929101535042 × 10^294 |
| 100 | ov_100 | 1.381505422061609 × 10^294 |
| 101 | ov_101 | 1.1886633972843122 × 10^294 |
| 102 | ov_102 | 1.0168284049160791 × 10^294 |
| 103 | ov_103 | 8.64358146356524 × 10^293 |
| 104 | ov_104 | 7.29699472481926 × 10^293 |
| 105 | ov_105 | 6.11382289515742 × 10^293 |
| 106 | ov_106 | 5.08014273691862 × 10^293 |
| 107 | ov_107 | 4.182763190491058 × 10^293 |
| 108 | ov_108 | 3.4091864677219896 × 10^293 |
| 109 | ov_109 | 2.7475750843284194 × 10^293 |
| 110 | ov_110 | 2.18672419310277 × 10^293 |
| 111 | ov_111 | 1.7160386170629017 × 10^293 |
| 112 | ov_112 | 1.3255140183410898 × 10^293 |
| 113 | ov_113 | 1.0057216747049098 × 10^293 |
| 114 | ov_114 | 7.477963712908289 × 10^292 |
| 115 | ov_115 | 5.434269505204004 × 10^292 |
| 116 | ov_116 | 3.8484909834876205 × 10^292 |
| 117 | ov_117 | 2.6483998003527247 × 10^292 |
| 118 | ov_118 | 1.767143735784635 × 10^292 |
| 119 | ov_119 | 1.143219838587611 × 10^292 |
| 120 | ov_120 | 7.204565540637907 × 10^291 |
| 121 | ov_121 | 4.480023657218833 × 10^291 |
| 122 | ov_122 | 2.803188273318291 × 10^291 |
| 123 | ov_123 | 1.7717636669995216 × 10^291 |
| 124 | ov_124 | 1.0365186057458483 × 10^291 |
| 125 | ov_125 | 5.444073038718924 × 10^290 |
| 126 | ov_126 | 2.4238613632238696 × 10^290 |
| 127 | aaa_77_28 | 7.741204518181575 × 10^289 |
| 128 | aaa_77_29 | 2.902871143843837 × 10^289 |
| 129 | ov_129 | 2.7069538099309984 × 10^289 |
| 130 | ov_130 | 2.7069461154205986 × 10^289 |
| 131 | ov_131 | 2.706944251666867 × 10^289 |
| 132 | ov_132 | 2.35115293674957 × 10^289 |
| 133 | ov_133 | 2.0321056118050585 × 10^289 |
| 134 | ov_134 | 1.747028645641618 × 10^289 |
| 135 | ov_135 | 1.4933006437451009 × 10^289 |
| 136 | ov_136 | 1.268441615756091 × 10^289 |
| 137 | ov_137 | 1.0701035528255785 × 10^289 |
| 138 | ov_138 | 8.960622859709261 × 10^288 |
| 139 | ov_139 | 7.442105033526857 × 10^288 |
| 140 | ov_140 | 6.125518109548838 × 10^288 |
| 141 | ov_141 | 4.991957275218431 × 10^288 |
| 142 | ov_142 | 4.02353510822564 × 10^288 |
| 143 | ov_143 | 3.2033471841266916 × 10^288 |
| 144 | ov_144 | 2.515444120721896 × 10^288 |
| 145 | ov_145 | 1.9448092103854954 × 10^288 |
| 146 | ov_146 | 1.4773408504702448 × 10^288 |
| 147 | ov_147 | 1.0998390405078987 × 10^288 |
| 148 | ov_148 | 7.999952733087902 × 10^287 |
| 149 | ov_149 | 5.663852053119294 × 10^287 |
| 150 | ov_150 | 3.884635497068734 × 10^287 |
| 151 | ov_151 | 2.5656069397432524 × 10^287 |
| 152 | ov_152 | 1.6188060159360018 × 10^287 |
| 153 | ov_153 | 9.649961575268225 × 10^286 |
| 154 | ov_154 | 5.336584097665494 × 10^286 |
| 155 | ov_155 | 2.6298845074686153 × 10^286 |
| 156 | aaa_76_25 | 9.989519991181452 × 10^285 |
| 157 | aaa_76_26 | 5.670839298025541 × 10^285 |
| 158 | aaa_76_27 | 2.9176815380999373 × 10^285 |
| 159 | aaa_76_28 | 1.294447377001373 × 10^285 |
| 160 | aaa_76_29 | 3.944104336302088 × 10^284 |

### Output Bits Sorted by Complexity

| Rank | Output Bit | Complexity |
|:----:|:----------:|:----------:|
| 160 | aaa_76_29 | 3.944104336302088 × 10^284 |
| 159 | aaa_76_28 | 1.294447377001373 × 10^285 |
| 158 | aaa_76_27 | 2.9176815380999373 × 10^285 |
| 157 | aaa_76_26 | 5.670839298025541 × 10^285 |
| 156 | aaa_76_25 | 9.989519991181452 × 10^285 |
| 155 | ov_155 | 2.6298845074686153 × 10^286 |
| 154 | ov_154 | 5.336584097665494 × 10^286 |
| 153 | ov_153 | 9.649961575268225 × 10^286 |
| 152 | ov_152 | 1.6188060159360018 × 10^287 |
| 151 | ov_151 | 2.5656069397432524 × 10^287 |
| 150 | ov_150 | 3.884635497068734 × 10^287 |
| 149 | ov_149 | 5.663852053119294 × 10^287 |
| 148 | ov_148 | 7.999952733087902 × 10^287 |
| 147 | ov_147 | 1.0998390405078987 × 10^288 |
| 146 | ov_146 | 1.4773408504702448 × 10^288 |
| 145 | ov_145 | 1.9448092103854954 × 10^288 |
| 144 | ov_144 | 2.515444120721896 × 10^288 |
| 143 | ov_143 | 3.2033471841266916 × 10^288 |
| 142 | ov_142 | 4.02353510822564 × 10^288 |
| 141 | ov_141 | 4.991957275218431 × 10^288 |
| 140 | ov_140 | 6.125518109548838 × 10^288 |
| 139 | ov_139 | 7.442105033526857 × 10^288 |
| 138 | ov_138 | 8.960622859709261 × 10^288 |
| 137 | ov_137 | 1.0701035528255785 × 10^289 |
| 136 | ov_136 | 1.268441615756091 × 10^289 |
| 135 | ov_135 | 1.4933006437451009 × 10^289 |
| 134 | ov_134 | 1.747028645641618 × 10^289 |
| 133 | ov_133 | 2.0321056118050585 × 10^289 |
| 132 | ov_132 | 2.35115293674957 × 10^289 |
| 131 | ov_131 | 2.706944251666867 × 10^289 |
| 130 | ov_130 | 2.7069461154205986 × 10^289 |
| 129 | ov_129 | 2.7069538099309984 × 10^289 |
| 128 | aaa_77_29 | 2.902871143843837 × 10^289 |
| 127 | aaa_77_28 | 7.741204518181575 × 10^289 |
| 126 | ov_126 | 2.4238613632238696 × 10^290 |
| 125 | ov_125 | 5.444073038718924 × 10^290 |
| 124 | ov_124 | 1.0365186057458483 × 10^291 |
| 123 | ov_123 | 1.7717636669995216 × 10^291 |
| 122 | ov_122 | 2.803188273318291 × 10^291 |
| 121 | ov_121 | 4.480023657218833 × 10^291 |
| 120 | ov_120 | 7.204565540637907 × 10^291 |
| 119 | ov_119 | 1.143219838587611 × 10^292 |
| 118 | ov_118 | 1.767143735784635 × 10^292 |
| 117 | ov_117 | 2.6483998003527247 × 10^292 |
| 116 | ov_116 | 3.8484909834876205 × 10^292 |
| 115 | ov_115 | 5.434269505204004 × 10^292 |
| 114 | ov_114 | 7.477963712908289 × 10^292 |
| 113 | ov_113 | 1.0057216747049098 × 10^293 |
| 112 | ov_112 | 1.3255140183410898 × 10^293 |
| 111 | ov_111 | 1.7160386170629017 × 10^293 |
| 110 | ov_110 | 2.18672419310277 × 10^293 |
| 109 | ov_109 | 2.7475750843284194 × 10^293 |
| 108 | ov_108 | 3.4091864677219896 × 10^293 |
| 107 | ov_107 | 4.182763190491058 × 10^293 |
| 106 | ov_106 | 5.08014273691862 × 10^293 |
| 105 | ov_105 | 6.11382289515742 × 10^293 |
| 104 | ov_104 | 7.29699472481926 × 10^293 |
| 103 | ov_103 | 8.64358146356524 × 10^293 |
| 102 | ov_102 | 1.0168284049160791 × 10^294 |
| 101 | ov_101 | 1.1886633972843122 × 10^294 |
| 100 | ov_100 | 1.381505422061609 × 10^294 |
| 99 | ov_099 | 1.5970929101535042 × 10^294 |
| 98 | ov_098 | 1.5970951587437843 × 10^294 |
| 97 | ov_097 | 1.597102193204363 × 10^294 |
| 96 | aaa_78_29 | 2.855030889344174 × 10^294 |
| 95 | aaa_78_28 | 8.061511608018426 × 10^294 |
| 94 | ov_094 | 2.6598051966403293 × 10^295 |
| 93 | ov_093 | 6.386284029186117 × 10^295 |
| 92 | ov_092 | 1.3130936603004115 × 10^296 |
| 91 | ov_091 | 2.4359143424371773 × 10^296 |
| 90 | ov_090 | 4.332171132491706 × 10^296 |
| 89 | ov_089 | 7.390957366846127 × 10^296 |
| 88 | ov_088 | 1.2065389620107754 × 10^297 |
| 87 | ov_087 | 1.887262741467331 × 10^297 |
| 86 | ov_086 | 2.8393906053446824 × 10^297 |
| 85 | ov_085 | 4.127458678421892 × 10^297 |
| 84 | ov_084 | 5.8224231501801504 × 10^297 |
| 83 | ov_083 | 8.00167186103605 × 10^297 |
| 82 | ov_082 | 1.0749042767686662 × 10^298 |
| 81 | ov_081 | 1.4154852718441211 × 10^298 |
| 64 | lv_79_m31 | 1.6446241701212644 × 10^298 |
| 80 | ov_080 | 1.83159403943445 × 10^298 |
| 79 | ov_079 | 2.3335727697300179 × 10^298 |
| 78 | ov_078 | 2.932430429257572 × 10^298 |
| 77 | ov_077 | 3.6398540440459653 × 10^298 |
| 76 | ov_076 | 4.4682233681073013 × 10^298 |
| 75 | ov_075 | 5.4306295368249 × 10^298 |
| 74 | ov_074 | 6.540898348406644 × 10^298 |
| 73 | ov_073 | 7.813618860639999 × 10^298 |
| 63 | ov_063 | 8.434300672271824 × 10^298 |
| 72 | ov_072 | 9.264178034937283 × 10^298 |
| 71 | ov_071 | 1.0908802205283369 × 10^299 |
| 70 | ov_070 | 1.2764606196424298 × 10^299 |
| 69 | ov_069 | 1.4849650963734028 × 10^299 |
| 68 | ov_068 | 1.7183010676978263 × 10^299 |
| 67 | ov_067 | 1.9784850222013025 × 10^299 |
| 66 | ov_066 | 1.9784863687880414 × 10^299 |
| 65 | ov_065 | 1.978491933250843 × 10^299 |
| 62 | ov_062 | 4.324546342554286 × 10^299 |
| 61 | ov_061 | 1.5755258560634978 × 10^300 |
| 60 | ov_060 | 4.5078566083985916 × 10^300 |
| 59 | ov_059 | 1.0231785814486353 × 10^301 |
| 58 | ov_058 | 2.0137587764567458 × 10^301 |
| 57 | ov_057 | 3.6003476220501345 × 10^301 |
| 56 | ov_056 | 5.999561874678009 × 10^301 |
| 55 | ov_055 | 9.683434179409009 × 10^301 |
| 54 | ov_054 | 1.5201603686301302 × 10^302 |
| 53 | ov_053 | 2.3181340343451327 × 10^302 |
| 52 | ov_052 | 3.4327589395126254 × 10^302 |
| 51 | ov_051 | 4.942304799368284 × 10^302 |
| 50 | ov_050 | 6.93282931105451 × 10^302 |
| 49 | ov_049 | 9.498198816847838 × 10^302 |
| 48 | ov_048 | 1.2740120208437282 × 10^303 |
| 47 | ov_047 | 1.6768187953466157 × 10^303 |
| 32 | lv_80_m31 | 1.974168863912476 × 10^303 |
| 46 | ov_046 | 2.1699950638059655 × 10^303 |
| 45 | ov_045 | 2.7661001931913602 × 10^303 |
| 44 | ov_044 | 3.478510139589614 × 10^303 |
| 43 | ov_043 | 4.321433106629741 × 10^303 |
| 42 | ov_042 | 5.3099294265309054 × 10^303 |
| 41 | ov_041 | 6.459936360472566 × 10^303 |
| 40 | ov_040 | 7.788298567021949 × 10^303 |
| 39 | ov_039 | 9.312805039816366 × 10^303 |
| 31 | ov_031 | 1.0126506310804512 × 10^304 |
| 38 | ov_038 | 1.1052233368753741 × 10^304 |
| 37 | ov_037 | 1.302640223280085 × 10^304 |
| 36 | ov_036 | 1.5256233087434556 × 10^304 |
| 35 | ov_035 | 1.7763822065982426 × 10^304 |
| 34 | ov_034 | 2.0572523172070922 × 10^304 |
| 33 | ov_033 | 2.3707043900420672 × 10^304 |
| 30 | ov_030 | 4.5754769061448924 × 10^304 |
| 29 | ov_029 | 1.5138167418188457 × 10^305 |
| 28 | ov_028 | 4.039885798989841 × 10^305 |
| 27 | ov_027 | 9.240932446955024 × 10^305 |
| 26 | ov_026 | 1.999402207470569 × 10^306 |
| 25 | ov_025 | 4.010964551626396 × 10^306 |
| 24 | ov_024 | 7.433174313377007 × 10^306 |
| 23 | ov_023 | 1.2833777956803364 × 10^307 |
| 22 | ov_022 | 2.0873892674166403 × 10^307 |
| 21 | ov_021 | 3.2308043406750424 × 10^307 |
| 20 | ov_020 | 4.798422853697834 × 10^307 |
| 19 | ov_019 | 6.884402692620877 × 10^307 |
| 18 | ov_018 | 9.592276424245041 × 10^307 |
| 17 | ov_017 | 1.3034976651262282 × 10^308 |
| 16 | ov_016 | 1.7334873998897814 × 10^308 |
| 15 | ov_015 | 2.2623832440738057 × 10^308 |
| 14 | ov_014 | 2.9043287292795856 × 10^308 |
| 13 | ov_013 | 3.674435182666206 × 10^308 |
| 12 | ov_012 | 4.588795907525447 × 10^308 |
| 11 | ov_011 | 5.664504602873703 × 10^308 |
| 10 | ov_010 | 6.919678804441848 × 10^308 |
| 9 | ov_009 | 8.373489192391717 × 10^308 |
| 8 | ov_008 | 1.0046195674499075 × 10^309 |
| 7 | ov_007 | 1.1959191217594699 × 10^309 |
| 6 | ov_006 | 1.4135054464965191 × 10^309 |
| 5 | ov_005 | 1.659761224344737 × 10^309 |
| 4 | ov_004 | 1.9372013131417105 × 10^309 |
| 3 | ov_003 | 2.248481332814236 × 10^309 |
| 2 | ov_002 | 2.5964076136465396 × 10^309 |
| 1 | ov_001 | 2.98394864449871 × 10^309 |

