# Results for T005-T015-F017-F018-F019-F020-F021-F022-F023-F024-F025-F026-F027-F028-F029-F030-F031-F032-F033-F034-F035-F036-F037-F038-F039-F040-F041-F042-F043-F044-F045-F046-F047-F048-F049-F050-F051-F052-F053-F054-F055-F056-F057-F058-F059-F060-F061-F062-F063-F064-F065-F066-F067-F068-F069-F070-F071-F072-F073-F074-F075-F076-F077-F078-F079-F080-F081-F082-F083-F084-F085-F086-F087-F088-F089-F090-F091-F092-F093-F094-F095-F096-F097-F098-F099-F100-F101-F102-F103-F104-F105-F106-F107-F108-F109-F110-F111-F112-F113-F114-F115-F116-F117-F118-F119-F120-F121-F122-F123-F124-F125-F126-F127-F128-F129-F130-F131-F132-F133-F134-F135-F136-F137-F138-F139-F140-F141-F142-F143-F144-F145-F146-F147-F148-F149-F150-F151-F152-F153-F154-F155-F156-F157-F158-F159-F160-F161-F162-F163-F164-F165-F166-F167-F168-F169-F170-F171-F172-F173-F174-F175-F176-F177-F178-F179-F180-F181-F182-F183-F184-F185-F186-F187-F188-F189-F190-F191-F192-F193-F194-F195-F196-F197-F198-F199-F200-F201-F202-F203-F204-F205-F206-F207-F208-F209-F210-F211-F212-F213-F214-F215-F216-F217-F218-F219-F220-F221-F222-F223-F224-F225-F226-F227-F228-F229-F230-F231-F232-F233-F234-F235-F236-F237-F238-F239-F240-F241-F242-F243-F244-F245-F246-F247-F248-F249-F250-F251-F252-F253-F254-F255-F256-F257-F258-F259-F260-F261-F262-F263-F264-F265-F266-F267-F268-F269-F270-F271-F272-F273-F274-F275-F276-F277-F278-F279-F280-F281-F282-F283-F284-F285-F286-F287-F288-F289-F290-F291-F292-F293-F294-F295-F296-F297-F298-F299-F300-F301-F302-F303-F304-F305-F306-F307-F308-F309-F310-F311-F312-F313-F314-F315-F316-F317-F318-F319-F320-F321-F322-F323-F324-F325-F326-F327-F328-F329-F330-F331-F332-F333-F334-F335-F336-F337-F338-F339-F340-F341-F342-F343-F344-F345-F346-F347-F348-F349-F350-F351-F352-F353-F354-F355-F356-F357-F358-F359-F360-F361-F362-F363-F364-F365-F366-F367-F368-F369-F370-F371-F372-F373-F374-F375-F376-F377-F378-F379-F380-F381-F382-F383-F384-F385-F386-F387-F388-F389-F390-F391-F392-F393-F394-F395-F396-F397-F398-F399-F400-F401-F402-F403-F404-F405-F406-F407-F408-F409-F410-F411-F412-F413-F414-F415-F416-F417-F418-F419-F420-F421-F422-F423-F424-F425-F426-F427-F428-F429-F430-F431-F432-F433-F434-F435-F436-F437-F438-F439-F440-F441-F442-F443-F444-F445-F446-F447-F448-F449-F450-F451-F452-F453-F454-F455-F456-F457-F458-F459-F460-F461-F462-F463-F464-F465-F466-F467-F468-F469-F470-F471-F472-F473-F474-F475-F476-F477-F478-F479-F480-F481-F482-F483-F484-F485-F486-F487-F488-F489-F490-F491-F492-F493-F494-F495-F496-F497-F498-F499-F500-F501-F502-F503-F504-F505-F506-F507-F508-F509-F510-F511-F512

## Summary

Number of input bits: 512  
Number of free input bits: 14  
Number of output bits: 160

Number of direct occurrences: 64219  
Number of assignments: 39377  
Number of operations: 19959863
(xor: 19921448,
and: 21685,
or: 16730)

Total complexity: 3.5284313265501955 × 10^362

Least occurring input variable: iv_002 (4305)  
Most occurring input variable: iv_011 (4862)

Most co-occurring input variables: iv_003-iv_013 (2360)  
Least co-occurring input variables: iv_002-iv_004 (1917)

Potentially most occurring input variable: iv_004/iv_011 (5264)  
Potentially least occurring input variable: iv_002/iv_007 (4537)

Least output occurring input variable: iv_014 (70)  
Most output occurring input variable: iv_013 (91)

Most output co-occurring input variables: iv_003-iv_006 (50)  
Least output co-occurring input variables: iv_002-iv_009 (29)

Potentially most output occurring input variable: iv_010/iv_011 (94)  
Potentially least output occurring input variable: iv_004/iv_014 (61)

Least complex input bit: iv_016 (1.270183549235832 × 10^359)  
Most complex input bit: iv_014 (5.193435502399014 × 10^361)

Least complex output bit: aaa_76_29 (8.753554306109567 × 10^336)  
Most complex output bit: ov_001 (5.367782512367955 × 10^361)

Least complex input/output complexity: iv_016/aaa_76_29 (3.151151219324911 × 10^333)  
Most complex input/output complexity: iv_014/ov_001 (7.900743896904561 × 10^360)

## Input Bits

### Input Bits in Regular Order

| Input Bit | Complexity | Occurrences | Output Occurrences |
|:---------:|:----------:|:-----------:|:------------------:|
| iv_001 | 2.9709338931736728 × 10^359 | 4597 | 78 |
| iv_002 | 1.282386622512024 × 10^360 | 4305 | 74 |
| iv_003 | 3.704693218597012 × 10^360 | 4577 | 88 |
| iv_004 | 8.048988487028773 × 10^360 | 4486 | 77 |
| iv_006 | 1.7522111740754099 × 10^361 | 4469 | 85 |
| iv_007 | 2.2887699099252936 × 10^361 | 4472 | 86 |
| iv_008 | 2.9051627087155434 × 10^361 | 4579 | 83 |
| iv_009 | 3.6870409178246615 × 10^361 | 4610 | 71 |
| iv_010 | 3.989579886055355 × 10^361 | 4515 | 73 |
| iv_011 | 4.468619061506345 × 10^361 | 4862 | 85 |
| iv_012 | 4.690278318363737 × 10^361 | 4543 | 74 |
| iv_013 | 4.963197779398719 × 10^361 | 4826 | 91 |
| iv_014 | 5.193435502399014 × 10^361 | 4724 | 70 |
| iv_016 | 1.270183549235832 × 10^359 | 4654 | 80 |

### Input Bits Sorted by Complexity

| Input Bit | Complexity | Occurrences | Output Occurrences |
|:---------:|:----------:|:-----------:|:------------------:|
| iv_016 | 1.270183549235832 × 10^359 | 4654 | 80 |
| iv_001 | 2.9709338931736728 × 10^359 | 4597 | 78 |
| iv_002 | 1.282386622512024 × 10^360 | 4305 | 74 |
| iv_003 | 3.704693218597012 × 10^360 | 4577 | 88 |
| iv_004 | 8.048988487028773 × 10^360 | 4486 | 77 |
| iv_006 | 1.7522111740754099 × 10^361 | 4469 | 85 |
| iv_007 | 2.2887699099252936 × 10^361 | 4472 | 86 |
| iv_008 | 2.9051627087155434 × 10^361 | 4579 | 83 |
| iv_009 | 3.6870409178246615 × 10^361 | 4610 | 71 |
| iv_010 | 3.989579886055355 × 10^361 | 4515 | 73 |
| iv_011 | 4.468619061506345 × 10^361 | 4862 | 85 |
| iv_012 | 4.690278318363737 × 10^361 | 4543 | 74 |
| iv_013 | 4.963197779398719 × 10^361 | 4826 | 91 |
| iv_014 | 5.193435502399014 × 10^361 | 4724 | 70 |

### Input Bits Sorted by Occurrences

| Input Bit | Complexity | Occurrences | Output Occurrences |
|:---------:|:----------:|:-----------:|:------------------:|
| iv_002 | 1.282386622512024 × 10^360 | 4305 | 74 |
| iv_006 | 1.7522111740754099 × 10^361 | 4469 | 85 |
| iv_007 | 2.2887699099252936 × 10^361 | 4472 | 86 |
| iv_004 | 8.048988487028773 × 10^360 | 4486 | 77 |
| iv_010 | 3.989579886055355 × 10^361 | 4515 | 73 |
| iv_012 | 4.690278318363737 × 10^361 | 4543 | 74 |
| iv_003 | 3.704693218597012 × 10^360 | 4577 | 88 |
| iv_008 | 2.9051627087155434 × 10^361 | 4579 | 83 |
| iv_001 | 2.9709338931736728 × 10^359 | 4597 | 78 |
| iv_009 | 3.6870409178246615 × 10^361 | 4610 | 71 |
| iv_016 | 1.270183549235832 × 10^359 | 4654 | 80 |
| iv_014 | 5.193435502399014 × 10^361 | 4724 | 70 |
| iv_013 | 4.963197779398719 × 10^361 | 4826 | 91 |
| iv_011 | 4.468619061506345 × 10^361 | 4862 | 85 |

### Input Bits Sorted by Output Occurrences

| Input Bit | Complexity | Occurrences | Output Occurrences |
|:---------:|:----------:|:-----------:|:------------------:|
| iv_014 | 5.193435502399014 × 10^361 | 4724 | 70 |
| iv_009 | 3.6870409178246615 × 10^361 | 4610 | 71 |
| iv_010 | 3.989579886055355 × 10^361 | 4515 | 73 |
| iv_002 | 1.282386622512024 × 10^360 | 4305 | 74 |
| iv_012 | 4.690278318363737 × 10^361 | 4543 | 74 |
| iv_004 | 8.048988487028773 × 10^360 | 4486 | 77 |
| iv_001 | 2.9709338931736728 × 10^359 | 4597 | 78 |
| iv_016 | 1.270183549235832 × 10^359 | 4654 | 80 |
| iv_008 | 2.9051627087155434 × 10^361 | 4579 | 83 |
| iv_006 | 1.7522111740754099 × 10^361 | 4469 | 85 |
| iv_011 | 4.468619061506345 × 10^361 | 4862 | 85 |
| iv_007 | 2.2887699099252936 × 10^361 | 4472 | 86 |
| iv_003 | 3.704693218597012 × 10^360 | 4577 | 88 |
| iv_013 | 4.963197779398719 × 10^361 | 4826 | 91 |

## Input Bit Co-occurrences

### Input Bit Co-occurrences Sorted by Co-occurrences

| Input Bits | Co-occurrences | Potential Occurrences | Output Co-occurrences | Potential Output Occurrences |
|:----------:|:--------------:|:---------------------:|:---------------------:|:----------------------------:|
| iv_003-iv_013 | 2360 | 4683 | 50 | 79 |
| iv_013-iv_014 | 2349 | 4852 | 35 | 91 |
| iv_011-iv_016 | 2322 | 4872 | 42 | 81 |
| iv_008-iv_013 | 2307 | 4791 | 50 | 74 |
| iv_009-iv_013 | 2294 | 4848 | 46 | 70 |
| iv_009-iv_011 | 2288 | 4896 | 37 | 82 |
| iv_001-iv_011 | 2275 | 4909 | 47 | 69 |
| iv_006-iv_011 | 2272 | 4787 | 40 | 90 |
| iv_011-iv_013 | 2257 | 5174 | 46 | 84 |
| iv_012-iv_013 | 2248 | 4873 | 41 | 83 |
| iv_001-iv_006 | 2238 | 4590 | 42 | 79 |
| iv_006-iv_016 | 2233 | 4657 | 43 | 79 |
| iv_011-iv_012 | 2224 | 4957 | 45 | 69 |
| iv_010-iv_011 | 2223 | 4931 | 32 | 94 |

### Input Bit Co-occurrences Sorted by Potential Occurrences

| Input Bits | Co-occurrences | Potential Occurrences | Output Co-occurrences | Potential Output Occurrences |
|:----------:|:--------------:|:---------------------:|:---------------------:|:----------------------------:|
| iv_002-iv_007 | 2120 | 4537 | 44 | 72 |
| iv_002-iv_012 | 2138 | 4572 | 34 | 80 |
| iv_001-iv_006 | 2238 | 4590 | 42 | 79 |
| iv_006-iv_016 | 2233 | 4657 | 43 | 79 |
| iv_007-iv_012 | 2175 | 4665 | 40 | 80 |
| iv_003-iv_013 | 2360 | 4683 | 50 | 79 |
| iv_002-iv_006 | 2042 | 4690 | 41 | 77 |
| iv_002-iv_008 | 2083 | 4718 | 40 | 77 |
| iv_002-iv_013 | 2206 | 4719 | 42 | 81 |
| iv_009-iv_012 | 2210 | 4733 | 33 | 79 |
| iv_003-iv_012 | 2193 | 4734 | 44 | 74 |
| iv_008-iv_012 | 2190 | 4742 | 37 | 83 |
| iv_003-iv_007 | 2147 | 4755 | 47 | 80 |
| iv_007-iv_010 | 2115 | 4757 | 42 | 75 |

### Input Bit Output Co-occurrences Sorted by Output Co-occurrences

| Input Bits | Co-occurrences | Potential Occurrences | Output Co-occurrences | Potential Output Occurrences |
|:----------:|:--------------:|:---------------------:|:---------------------:|:----------------------------:|
| iv_006-iv_013 | 2134 | 5027 | 50 | 76 |
| iv_008-iv_013 | 2307 | 4791 | 50 | 74 |
| iv_003-iv_013 | 2360 | 4683 | 50 | 79 |
| iv_003-iv_006 | 2029 | 4988 | 50 | 73 |
| iv_004-iv_013 | 2197 | 4918 | 49 | 70 |
| iv_007-iv_008 | 2102 | 4847 | 48 | 73 |
| iv_008-iv_011 | 2171 | 5099 | 48 | 72 |
| iv_007-iv_013 | 2206 | 4886 | 48 | 81 |
| iv_010-iv_013 | 2087 | 5167 | 48 | 68 |
| iv_001-iv_011 | 2275 | 4909 | 47 | 69 |
| iv_003-iv_007 | 2147 | 4755 | 47 | 80 |
| iv_004-iv_007 | 1957 | 5044 | 46 | 71 |
| iv_011-iv_013 | 2257 | 5174 | 46 | 84 |
| iv_009-iv_013 | 2294 | 4848 | 46 | 70 |

### Input Bit Output Co-occurrences Sorted by Potential Output Occurrences

| Input Bits | Co-occurrences | Potential Occurrences | Output Co-occurrences | Potential Output Occurrences |
|:----------:|:--------------:|:---------------------:|:---------------------:|:----------------------------:|
| iv_004-iv_014 | 2111 | 4988 | 43 | 61 |
| iv_011-iv_014 | 2180 | 5226 | 45 | 65 |
| iv_010-iv_013 | 2087 | 5167 | 48 | 68 |
| iv_001-iv_012 | 2105 | 4930 | 42 | 68 |
| iv_001-iv_011 | 2275 | 4909 | 47 | 69 |
| iv_011-iv_012 | 2224 | 4957 | 45 | 69 |
| iv_004-iv_013 | 2197 | 4918 | 49 | 70 |
| iv_009-iv_013 | 2294 | 4848 | 46 | 70 |
| iv_004-iv_007 | 1957 | 5044 | 46 | 71 |
| iv_002-iv_007 | 2120 | 4537 | 44 | 72 |
| iv_008-iv_011 | 2171 | 5099 | 48 | 72 |
| iv_007-iv_008 | 2102 | 4847 | 48 | 73 |
| iv_003-iv_006 | 2029 | 4988 | 50 | 73 |
| iv_008-iv_013 | 2307 | 4791 | 50 | 74 |

## Output Bits

### Output Bits in Regular Order

| Rank | Output Bit | Complexity |
|:----:|:----------:|:----------:|
| 1 | ov_001 | 5.367782512367955 × 10^361 |
| 2 | ov_002 | 4.693083483978095 × 10^361 |
| 3 | ov_003 | 4.086563301352629 × 10^361 |
| 4 | ov_004 | 3.542543502966399 × 10^361 |
| 5 | ov_005 | 3.055664020265188 × 10^361 |
| 6 | ov_006 | 2.620860931149226 × 10^361 |
| 7 | ov_007 | 2.233346840051545 × 10^361 |
| 8 | ov_008 | 1.8885936312733649 × 10^361 |
| 9 | ov_009 | 1.5844000522116082 × 10^361 |
| 10 | ov_010 | 1.3167133820704962 × 10^361 |
| 11 | ov_011 | 1.0835635513776371 × 10^361 |
| 12 | ov_012 | 8.830879738763209 × 10^360 |
| 13 | ov_013 | 7.118675898135626 × 10^360 |
| 14 | ov_014 | 5.666798128870161 × 10^360 |
| 15 | ov_015 | 4.4449330902369576 × 10^360 |
| 16 | ov_016 | 3.424638150875972 × 10^360 |
| 17 | ov_017 | 2.592155046859589 × 10^360 |
| 18 | ov_018 | 1.9226913188761298 × 10^360 |
| 19 | ov_019 | 1.3932477256759524 × 10^360 |
| 20 | ov_020 | 9.826041819896254 × 10^359 |
| 21 | ov_021 | 6.713097730965251 × 10^359 |
| 22 | ov_022 | 4.4167594077435904 × 10^359 |
| 23 | ov_023 | 2.7777205470382048 × 10^359 |
| 24 | ov_024 | 1.654227027031147 × 10^359 |
| 25 | ov_025 | 9.220615244832652 × 10^358 |
| 26 | ov_026 | 4.745355611145625 × 10^358 |
| 27 | ov_027 | 2.224858468802623 × 10^358 |
| 28 | ov_028 | 9.427283575612176 × 10^357 |
| 29 | ov_029 | 3.5780260071200306 × 10^357 |
| 30 | ov_030 | 9.829424123379231 × 10^356 |
| 31 | ov_031 | 1.9189706761905524 × 10^356 |
| 32 | lv_80_m31 | 3.745831276829146 × 10^355 |
| 33 | ov_033 | 4.6379040513376537 × 10^356 |
| 34 | ov_034 | 4.052314099430771 × 10^356 |
| 35 | ov_035 | 3.526430546701088 × 10^356 |
| 36 | ov_036 | 3.055441790345 × 10^356 |
| 37 | ov_037 | 2.6348036250241047 × 10^356 |
| 38 | ov_038 | 2.26022049729321 × 10^356 |
| 39 | ov_039 | 1.9276290998022883 × 10^356 |
| 40 | ov_040 | 1.6331840967639482 × 10^356 |
| 41 | ov_041 | 1.3732457834952014 × 10^356 |
| 42 | ov_042 | 1.1443694936859753 × 10^356 |
| 43 | ov_043 | 9.432965784935879 × 10^355 |
| 44 | ov_044 | 7.684431831529906 × 10^355 |
| 45 | ov_045 | 6.183129161910427 × 10^355 |
| 46 | ov_046 | 4.914939606918022 × 10^355 |
| 47 | ov_047 | 3.854073680740136 × 10^355 |
| 48 | ov_048 | 2.976332181260922 × 10^355 |
| 49 | ov_049 | 2.259078856290251 × 10^355 |
| 50 | ov_050 | 1.6812191901158338 × 10^355 |
| 51 | ov_051 | 1.2231843101031774 × 10^355 |
| 52 | ov_052 | 8.66919103740314 × 10^354 |
| 53 | ov_053 | 5.958737269584569 × 10^354 |
| 54 | ov_054 | 3.949977748455249 × 10^354 |
| 55 | ov_055 | 2.5073647607241226 × 10^354 |
| 56 | ov_056 | 1.5102836251143884 × 10^354 |
| 57 | ov_057 | 8.530395566465451 × 10^353 |
| 58 | ov_058 | 4.4485101648945845 × 10^353 |
| 59 | ov_059 | 2.098467585648281 × 10^353 |
| 60 | ov_060 | 8.706468014315523 × 10^352 |
| 61 | ov_061 | 3.0451421412345014 × 10^352 |
| 62 | ov_062 | 8.364641138289977 × 10^351 |
| 63 | ov_063 | 1.632733326320977 × 10^351 |
| 64 | lv_79_m31 | 3.186414033693909 × 10^350 |
| 65 | ov_065 | 3.9004130621100383 × 10^351 |
| 66 | ov_066 | 3.900398066612274 × 10^351 |
| 67 | ov_067 | 3.9003932678457214 × 10^351 |
| 68 | ov_068 | 3.402790343654926 × 10^351 |
| 69 | ov_069 | 2.955345271066318 × 10^351 |
| 70 | ov_070 | 2.554308290046815 × 10^351 |
| 71 | ov_071 | 2.1961405773601657 × 10^351 |
| 72 | ov_072 | 1.8774991739503027 × 10^351 |
| 73 | ov_073 | 1.595223710740705 × 10^351 |
| 74 | ov_074 | 1.346324753987167 × 10^351 |
| 75 | ov_075 | 1.127973620578538 × 10^351 |
| 76 | ov_076 | 9.374935607286318 × 10^350 |
| 77 | ov_077 | 7.723522134888295 × 10^350 |
| 78 | ov_078 | 6.301552117211827 × 10^350 |
| 79 | ov_079 | 5.0864080346145583 × 10^350 |
| 80 | ov_080 | 4.0567536490450334 × 10^350 |
| 81 | ov_081 | 3.1924970145598425 × 10^350 |
| 82 | ov_082 | 2.4747605437243692 × 10^350 |
| 83 | ov_083 | 1.8858572532644496 × 10^350 |
| 84 | ov_084 | 1.4092722597364065 × 10^350 |
| 85 | ov_085 | 1.0296486736624202 × 10^350 |
| 86 | ov_086 | 7.327771178930623 × 10^349 |
| 87 | ov_087 | 5.055881730346209 × 10^349 |
| 88 | ov_088 | 3.3614712970663184 × 10^349 |
| 89 | ov_089 | 2.1365050423620245 × 10^349 |
| 90 | ov_090 | 1.2842385119053674 × 10^349 |
| 91 | ov_091 | 7.192048292338137 × 10^348 |
| 92 | ov_092 | 3.6720783077440454 × 10^348 |
| 93 | ov_093 | 1.6531877100171394 × 10^348 |
| 94 | ov_094 | 4.1283575033182203 × 10^347 |
| 95 | aaa_78_28 | 1.6479250149964122 × 10^347 |
| 96 | aaa_78_29 | 6.183562024152019 × 10^346 |
| 97 | ov_097 | 5.9260722944873694 × 10^346 |
| 98 | ov_098 | 5.9260555836226044 × 10^346 |
| 99 | ov_099 | 5.926051535572105 × 10^346 |
| 100 | ov_100 | 5.171527278816793 × 10^346 |
| 101 | ov_101 | 4.494749867432603 × 10^346 |
| 102 | ov_102 | 3.889430105301775 × 10^346 |
| 103 | ov_103 | 3.3496336394952105 × 10^346 |
| 104 | ov_104 | 2.8697569841940546 × 10^346 |
| 105 | ov_105 | 2.444506322118202 × 10^346 |
| 106 | ov_106 | 2.0688787937728486 × 10^346 |
| 107 | ov_107 | 1.7381460229094815 × 10^346 |
| 108 | ov_108 | 1.4478396581530256 × 10^346 |
| 109 | ov_109 | 1.193738759089041 × 10^346 |
| 110 | ov_110 | 9.737932421768672 × 10^345 |
| 111 | ov_111 | 7.860687487913505 × 10^345 |
| 112 | ov_112 | 6.270272350792083 × 10^345 |
| 113 | ov_113 | 4.933433198139491 × 10^345 |
| 114 | ov_114 | 3.81898913123667 × 10^345 |
| 115 | ov_115 | 2.897789453099755 × 10^345 |
| 116 | ov_116 | 2.1557616772062043 × 10^345 |
| 117 | ov_117 | 1.5677244777220328 × 10^345 |
| 118 | ov_118 | 1.1104504612701097 × 10^345 |
| 119 | ov_119 | 7.626531804992602 × 10^344 |
| 120 | ov_120 | 5.049782729895312 × 10^344 |
| 121 | ov_121 | 3.199977028525928 × 10^344 |
| 122 | ov_122 | 1.9220623769534264 × 10^344 |
| 123 | ov_123 | 1.0801944889257972 × 10^344 |
| 124 | ov_124 | 5.5772677727152155 × 10^343 |
| 125 | ov_125 | 2.5720560076378197 × 10^343 |
| 126 | ov_126 | 1.003683866954341 × 10^343 |
| 127 | aaa_77_28 | 2.8143025368799877 × 10^342 |
| 128 | aaa_77_29 | 8.568575454945275 × 10^341 |
| 129 | ov_129 | 5.1421604981219267 × 10^341 |
| 130 | ov_130 | 5.1421434021477905 × 10^341 |
| 131 | ov_131 | 5.142139253041322 × 10^341 |
| 132 | ov_132 | 4.4944206356760434 × 10^341 |
| 133 | ov_133 | 3.91664396467234 × 10^341 |
| 134 | ov_134 | 3.4024283982104447 × 10^341 |
| 135 | ov_135 | 2.9457570712140475 × 10^341 |
| 136 | ov_136 | 2.5409520213655198 × 10^341 |
| 137 | ov_137 | 2.1826518868056654 × 10^341 |
| 138 | ov_138 | 1.865792125172159 × 10^341 |
| 139 | ov_139 | 1.585587558257711 × 10^341 |
| 140 | ov_140 | 1.3375170784625967 × 10^341 |
| 141 | ov_141 | 1.1193843680850182 × 10^341 |
| 142 | ov_142 | 9.271584632529357 × 10^340 |
| 143 | ov_143 | 7.588824057269492 × 10^340 |
| 144 | ov_144 | 6.127118490760177 × 10^340 |
| 145 | ov_145 | 4.869113900106601 × 10^340 |
| 146 | ov_146 | 3.79851596089106 × 10^340 |
| 147 | ov_147 | 2.9000663933599706 × 10^340 |
| 148 | ov_148 | 2.1595243984230995 × 10^340 |
| 149 | ov_149 | 1.5636523139365426 × 10^340 |
| 150 | ov_150 | 1.1002047763613346 × 10^340 |
| 151 | ov_151 | 7.476388190863445 × 10^339 |
| 152 | ov_152 | 4.863656867419386 × 10^339 |
| 153 | ov_153 | 2.987448895958298 × 10^339 |
| 154 | ov_154 | 1.6908055860636607 × 10^339 |
| 155 | ov_155 | 8.36193678176221 × 10^338 |
| 156 | aaa_76_25 | 3.0549477062831184 × 10^338 |
| 157 | aaa_76_26 | 1.5959156329139796 × 10^338 |
| 158 | aaa_76_27 | 7.358216749026784 × 10^337 |
| 159 | aaa_76_28 | 2.8710206944668994 × 10^337 |
| 160 | aaa_76_29 | 8.753554306109567 × 10^336 |

### Output Bits Sorted by Complexity

| Rank | Output Bit | Complexity |
|:----:|:----------:|:----------:|
| 160 | aaa_76_29 | 8.753554306109567 × 10^336 |
| 159 | aaa_76_28 | 2.8710206944668994 × 10^337 |
| 158 | aaa_76_27 | 7.358216749026784 × 10^337 |
| 157 | aaa_76_26 | 1.5959156329139796 × 10^338 |
| 156 | aaa_76_25 | 3.0549477062831184 × 10^338 |
| 155 | ov_155 | 8.36193678176221 × 10^338 |
| 154 | ov_154 | 1.6908055860636607 × 10^339 |
| 153 | ov_153 | 2.987448895958298 × 10^339 |
| 152 | ov_152 | 4.863656867419386 × 10^339 |
| 151 | ov_151 | 7.476388190863445 × 10^339 |
| 150 | ov_150 | 1.1002047763613346 × 10^340 |
| 149 | ov_149 | 1.5636523139365426 × 10^340 |
| 148 | ov_148 | 2.1595243984230995 × 10^340 |
| 147 | ov_147 | 2.9000663933599706 × 10^340 |
| 146 | ov_146 | 3.79851596089106 × 10^340 |
| 145 | ov_145 | 4.869113900106601 × 10^340 |
| 144 | ov_144 | 6.127118490760177 × 10^340 |
| 143 | ov_143 | 7.588824057269492 × 10^340 |
| 142 | ov_142 | 9.271584632529357 × 10^340 |
| 141 | ov_141 | 1.1193843680850182 × 10^341 |
| 140 | ov_140 | 1.3375170784625967 × 10^341 |
| 139 | ov_139 | 1.585587558257711 × 10^341 |
| 138 | ov_138 | 1.865792125172159 × 10^341 |
| 137 | ov_137 | 2.1826518868056654 × 10^341 |
| 136 | ov_136 | 2.5409520213655198 × 10^341 |
| 135 | ov_135 | 2.9457570712140475 × 10^341 |
| 134 | ov_134 | 3.4024283982104447 × 10^341 |
| 133 | ov_133 | 3.91664396467234 × 10^341 |
| 132 | ov_132 | 4.4944206356760434 × 10^341 |
| 131 | ov_131 | 5.142139253041322 × 10^341 |
| 130 | ov_130 | 5.1421434021477905 × 10^341 |
| 129 | ov_129 | 5.1421604981219267 × 10^341 |
| 128 | aaa_77_29 | 8.568575454945275 × 10^341 |
| 127 | aaa_77_28 | 2.8143025368799877 × 10^342 |
| 126 | ov_126 | 1.003683866954341 × 10^343 |
| 125 | ov_125 | 2.5720560076378197 × 10^343 |
| 124 | ov_124 | 5.5772677727152155 × 10^343 |
| 123 | ov_123 | 1.0801944889257972 × 10^344 |
| 122 | ov_122 | 1.9220623769534264 × 10^344 |
| 121 | ov_121 | 3.199977028525928 × 10^344 |
| 120 | ov_120 | 5.049782729895312 × 10^344 |
| 119 | ov_119 | 7.626531804992602 × 10^344 |
| 118 | ov_118 | 1.1104504612701097 × 10^345 |
| 117 | ov_117 | 1.5677244777220328 × 10^345 |
| 116 | ov_116 | 2.1557616772062043 × 10^345 |
| 115 | ov_115 | 2.897789453099755 × 10^345 |
| 114 | ov_114 | 3.81898913123667 × 10^345 |
| 113 | ov_113 | 4.933433198139491 × 10^345 |
| 112 | ov_112 | 6.270272350792083 × 10^345 |
| 111 | ov_111 | 7.860687487913505 × 10^345 |
| 110 | ov_110 | 9.737932421768672 × 10^345 |
| 109 | ov_109 | 1.193738759089041 × 10^346 |
| 108 | ov_108 | 1.4478396581530256 × 10^346 |
| 107 | ov_107 | 1.7381460229094815 × 10^346 |
| 106 | ov_106 | 2.0688787937728486 × 10^346 |
| 105 | ov_105 | 2.444506322118202 × 10^346 |
| 104 | ov_104 | 2.8697569841940546 × 10^346 |
| 103 | ov_103 | 3.3496336394952105 × 10^346 |
| 102 | ov_102 | 3.889430105301775 × 10^346 |
| 101 | ov_101 | 4.494749867432603 × 10^346 |
| 100 | ov_100 | 5.171527278816793 × 10^346 |
| 99 | ov_099 | 5.926051535572105 × 10^346 |
| 98 | ov_098 | 5.9260555836226044 × 10^346 |
| 97 | ov_097 | 5.9260722944873694 × 10^346 |
| 96 | aaa_78_29 | 6.183562024152019 × 10^346 |
| 95 | aaa_78_28 | 1.6479250149964122 × 10^347 |
| 94 | ov_094 | 4.1283575033182203 × 10^347 |
| 93 | ov_093 | 1.6531877100171394 × 10^348 |
| 92 | ov_092 | 3.6720783077440454 × 10^348 |
| 91 | ov_091 | 7.192048292338137 × 10^348 |
| 90 | ov_090 | 1.2842385119053674 × 10^349 |
| 89 | ov_089 | 2.1365050423620245 × 10^349 |
| 88 | ov_088 | 3.3614712970663184 × 10^349 |
| 87 | ov_087 | 5.055881730346209 × 10^349 |
| 86 | ov_086 | 7.327771178930623 × 10^349 |
| 85 | ov_085 | 1.0296486736624202 × 10^350 |
| 84 | ov_084 | 1.4092722597364065 × 10^350 |
| 83 | ov_083 | 1.8858572532644496 × 10^350 |
| 82 | ov_082 | 2.4747605437243692 × 10^350 |
| 64 | lv_79_m31 | 3.186414033693909 × 10^350 |
| 81 | ov_081 | 3.1924970145598425 × 10^350 |
| 80 | ov_080 | 4.0567536490450334 × 10^350 |
| 79 | ov_079 | 5.0864080346145583 × 10^350 |
| 78 | ov_078 | 6.301552117211827 × 10^350 |
| 77 | ov_077 | 7.723522134888295 × 10^350 |
| 76 | ov_076 | 9.374935607286318 × 10^350 |
| 75 | ov_075 | 1.127973620578538 × 10^351 |
| 74 | ov_074 | 1.346324753987167 × 10^351 |
| 73 | ov_073 | 1.595223710740705 × 10^351 |
| 63 | ov_063 | 1.632733326320977 × 10^351 |
| 72 | ov_072 | 1.8774991739503027 × 10^351 |
| 71 | ov_071 | 2.1961405773601657 × 10^351 |
| 70 | ov_070 | 2.554308290046815 × 10^351 |
| 69 | ov_069 | 2.955345271066318 × 10^351 |
| 68 | ov_068 | 3.402790343654926 × 10^351 |
| 67 | ov_067 | 3.9003932678457214 × 10^351 |
| 66 | ov_066 | 3.900398066612274 × 10^351 |
| 65 | ov_065 | 3.9004130621100383 × 10^351 |
| 62 | ov_062 | 8.364641138289977 × 10^351 |
| 61 | ov_061 | 3.0451421412345014 × 10^352 |
| 60 | ov_060 | 8.706468014315523 × 10^352 |
| 59 | ov_059 | 2.098467585648281 × 10^353 |
| 58 | ov_058 | 4.4485101648945845 × 10^353 |
| 57 | ov_057 | 8.530395566465451 × 10^353 |
| 56 | ov_056 | 1.5102836251143884 × 10^354 |
| 55 | ov_055 | 2.5073647607241226 × 10^354 |
| 54 | ov_054 | 3.949977748455249 × 10^354 |
| 53 | ov_053 | 5.958737269584569 × 10^354 |
| 52 | ov_052 | 8.66919103740314 × 10^354 |
| 51 | ov_051 | 1.2231843101031774 × 10^355 |
| 50 | ov_050 | 1.6812191901158338 × 10^355 |
| 49 | ov_049 | 2.259078856290251 × 10^355 |
| 48 | ov_048 | 2.976332181260922 × 10^355 |
| 32 | lv_80_m31 | 3.745831276829146 × 10^355 |
| 47 | ov_047 | 3.854073680740136 × 10^355 |
| 46 | ov_046 | 4.914939606918022 × 10^355 |
| 45 | ov_045 | 6.183129161910427 × 10^355 |
| 44 | ov_044 | 7.684431831529906 × 10^355 |
| 43 | ov_043 | 9.432965784935879 × 10^355 |
| 42 | ov_042 | 1.1443694936859753 × 10^356 |
| 41 | ov_041 | 1.3732457834952014 × 10^356 |
| 40 | ov_040 | 1.6331840967639482 × 10^356 |
| 31 | ov_031 | 1.9189706761905524 × 10^356 |
| 39 | ov_039 | 1.9276290998022883 × 10^356 |
| 38 | ov_038 | 2.26022049729321 × 10^356 |
| 37 | ov_037 | 2.6348036250241047 × 10^356 |
| 36 | ov_036 | 3.055441790345 × 10^356 |
| 35 | ov_035 | 3.526430546701088 × 10^356 |
| 34 | ov_034 | 4.052314099430771 × 10^356 |
| 33 | ov_033 | 4.6379040513376537 × 10^356 |
| 30 | ov_030 | 9.829424123379231 × 10^356 |
| 29 | ov_029 | 3.5780260071200306 × 10^357 |
| 28 | ov_028 | 9.427283575612176 × 10^357 |
| 27 | ov_027 | 2.224858468802623 × 10^358 |
| 26 | ov_026 | 4.745355611145625 × 10^358 |
| 25 | ov_025 | 9.220615244832652 × 10^358 |
| 24 | ov_024 | 1.654227027031147 × 10^359 |
| 23 | ov_023 | 2.7777205470382048 × 10^359 |
| 22 | ov_022 | 4.4167594077435904 × 10^359 |
| 21 | ov_021 | 6.713097730965251 × 10^359 |
| 20 | ov_020 | 9.826041819896254 × 10^359 |
| 19 | ov_019 | 1.3932477256759524 × 10^360 |
| 18 | ov_018 | 1.9226913188761298 × 10^360 |
| 17 | ov_017 | 2.592155046859589 × 10^360 |
| 16 | ov_016 | 3.424638150875972 × 10^360 |
| 15 | ov_015 | 4.4449330902369576 × 10^360 |
| 14 | ov_014 | 5.666798128870161 × 10^360 |
| 13 | ov_013 | 7.118675898135626 × 10^360 |
| 12 | ov_012 | 8.830879738763209 × 10^360 |
| 11 | ov_011 | 1.0835635513776371 × 10^361 |
| 10 | ov_010 | 1.3167133820704962 × 10^361 |
| 9 | ov_009 | 1.5844000522116082 × 10^361 |
| 8 | ov_008 | 1.8885936312733649 × 10^361 |
| 7 | ov_007 | 2.233346840051545 × 10^361 |
| 6 | ov_006 | 2.620860931149226 × 10^361 |
| 5 | ov_005 | 3.055664020265188 × 10^361 |
| 4 | ov_004 | 3.542543502966399 × 10^361 |
| 3 | ov_003 | 4.086563301352629 × 10^361 |
| 2 | ov_002 | 4.693083483978095 × 10^361 |
| 1 | ov_001 | 5.367782512367955 × 10^361 |

