# Results for F001-F002-F003-F004-F005-F006-F007-F008-F009-F010-F011-F012-F013-F014-F015-F016-F017-F018-F019-F020-F021-F022-F023-F024-F025-F026-F027-F028-F029-F030-F031-F032-F033-F034-F035-F036-F037-F038-F039-F040-F041-F042-F043-F044-F045-F046-F047-F048-F049-F050-F051-F052-F053-F054-F055-F056-F057-F058-F059-F060-F061-F062-F063-F064-F065-F066-F067-F068-F069-F070-F071-F072-F073-F074-F075-F076-F077-F078-F079-F080-F081-F082-F083-F084-F085-F086-F087-F088-F089-F090-F091-F092-F093-F094-F095-F096-F097-F098-F099-F100-F101-F102-F103-F104-F105-F106-F107-F108-F109-F110-F111-F112-F113-F114-F115-F116-F117-F118-F119-F120-F121-F122-F123-F124-F125-F126-F127-F128-F129-F130-F131-F132-F133-F134-F135-F136-F137-F138-F139-F140-F141-F142-F143-F144-F145-F146-F147-F148-F149-F150-F151-F152-F153-F154-F155-F156-F157-F158-F159-F160-F161-F162-F163-F164-F165-F166-F167-F168-F169-F170-F171-F172-F173-F174-F175-F176-F177-F178-F179-F180-F181-F182-F183-F184-F185-F186-F187-F188-F189-F190-F191-F192-F193-F194-F195-F196-F197-F198-F199-F200-F201-F202-F203-F204-F205-F206-F207-F208-F209-F210-F211-F212-F213-F214-F215-F216-F217-F218-F219-F220-F221-F222-F223-F224-F225-F226-F227-F228-F229-F230-F231-F232-F233-F234-F235-F236-F237-F238-F239-F240-F241-F242-F243-F244-F245-F246-F247-F248-F249-F250-F251-F252-F253-F254-F255-F256-F257-F258-F259-F260-F261-F262-F263-F264-F265-F266-F267-F268-F269-F270-F271-F272-F273-F274-F275-F276-F277-F278-F279-F280-F281-F282-F283-F284-F285-F286-F287-F288-F289-F290-F291-F292-F293-F294-F295-F296-F297-F298-F299-F300-F301-F302-F303-F304-F305-F306-F307-F308-F309-F310-F311-F312-F313-F314-F315-F316-F317-F318-F319-F320-F321-F322-F323-F324-F325-F326-F327-F328-F329-F330-F331-F332-F333-F334-F335-F336-F337-F338-F339-F340-F341-F342-F343-F344-F345-F346-F347-F348-F349-F350-F351-F352-F353-F354-F355-F356-F357-F358-F359-F360-F361-F362-F363-F364-F365-F366-F367-F368-F369-F370-F371-F372-F373-F374-F375-F376-F377-F378-F379-F380-F381-F382-F383-F384-F385-F386-F387-F388-F389-F390-F391-F392-F393-F394-F395-F396-F397-F398-F399-F400-F401-F402-F403-F404-F405-F406-F407-F408-F409-F410-F411-F412-F413-F414-F415-F416-F417-F418-F419-F420-F421-F422-F423-F424-F425-F426-F427-F428-F429-F430-F431-F432-F433-F434-F435-F436-F437-F438-F439-F440-F441-F442-F443-F444-F445-F446-F447-F448-F449-F450-F451-F452-F453-F454-F455-F456-F457-F458-F459-F460-F461-F462-F463-F464-F465-F466-F467-F468-F469-F470-F471-F472-F473-F474-F475-F476-F477-F478-F479-F480-F481-F482-F483-F484-F485-F486-F487-F488-F489-F490-F491-F492-F493-F494-F495-F496-O497502-E507512

## Summary

Number of input bits: 512  
Number of free input bits: 14  
Number of output bits: 160

Number of direct occurrences: 57654  
Number of assignments: 32262  
Number of operations: 11488037
(xor: 11459331,
and: 14966,
or: 13740)

Total complexity: 7.31446618942789 × 10^303

Least occurring input variable: iv_505 (3964)  
Most occurring input variable: iv_507 (4415)

Most co-occurring input variables: iv_500-iv_511 (2098)  
Least co-occurring input variables: iv_498-iv_505 (1807)

Potentially most occurring input variable: iv_497/iv_507 (4673)  
Potentially least occurring input variable: iv_499/iv_508 (4127)

Least output occurring input variable: iv_508 (70)  
Most output occurring input variable: iv_498 (86)

Most output co-occurring input variables: iv_498-iv_507 (52)  
Least output co-occurring input variables: iv_497-iv_508 (28)

Potentially most output occurring input variable: iv_498/iv_505 (93)  
Potentially least output occurring input variable: iv_501/iv_511 (67)

Least complex input bit: iv_498 (1.0401886308354728 × 10^301)  
Most complex input bit: iv_510 (1.7947901143036812 × 10^303)

Least complex output bit: aaa_76_29 (4.4068121660814785 × 10^278)  
Most complex output bit: ov_001 (1.1380170011030687 × 10^303)

Least complex input/output complexity: iv_498/aaa_76_29 (6.266917905794482 × 10^275)  
Most complex input/output complexity: iv_510/ov_001 (2.7924138420948327 × 10^302)

## Input Bits

### Input Bits in Regular Order

| Input Bit | Complexity | Occurrences | Output Occurrences |
|:---------:|:----------:|:-----------:|:------------------:|
| iv_497 | 9.20957131861659 × 10^301 | 4270 | 71 |
| iv_498 | 1.0401886308354728 × 10^301 | 4026 | 86 |
| iv_499 | 1.8519934342968787 × 10^301 | 4153 | 81 |
| iv_500 | 3.136841258496164 × 10^301 | 4174 | 76 |
| iv_501 | 5.348826791454542 × 10^301 | 4086 | 81 |
| iv_503 | 1.3717296054366542 × 10^302 | 4082 | 76 |
| iv_504 | 2.1132347229642094 × 10^302 | 3972 | 78 |
| iv_505 | 3.193468167382022 × 10^302 | 3964 | 79 |
| iv_506 | 4.7445389432722445 × 10^302 | 4004 | 82 |
| iv_507 | 1.3072910294071328 × 10^303 | 4415 | 86 |
| iv_508 | 9.8378140341182 × 10^302 | 4040 | 70 |
| iv_509 | 1.3489105897980554 × 10^303 | 4050 | 72 |
| iv_510 | 1.7947901143036812 × 10^303 | 4168 | 79 |
| iv_511 | 5.315216942646927 × 10^302 | 4250 | 78 |

### Input Bits Sorted by Complexity

| Input Bit | Complexity | Occurrences | Output Occurrences |
|:---------:|:----------:|:-----------:|:------------------:|
| iv_498 | 1.0401886308354728 × 10^301 | 4026 | 86 |
| iv_499 | 1.8519934342968787 × 10^301 | 4153 | 81 |
| iv_500 | 3.136841258496164 × 10^301 | 4174 | 76 |
| iv_501 | 5.348826791454542 × 10^301 | 4086 | 81 |
| iv_497 | 9.20957131861659 × 10^301 | 4270 | 71 |
| iv_503 | 1.3717296054366542 × 10^302 | 4082 | 76 |
| iv_504 | 2.1132347229642094 × 10^302 | 3972 | 78 |
| iv_505 | 3.193468167382022 × 10^302 | 3964 | 79 |
| iv_506 | 4.7445389432722445 × 10^302 | 4004 | 82 |
| iv_511 | 5.315216942646927 × 10^302 | 4250 | 78 |
| iv_508 | 9.8378140341182 × 10^302 | 4040 | 70 |
| iv_507 | 1.3072910294071328 × 10^303 | 4415 | 86 |
| iv_509 | 1.3489105897980554 × 10^303 | 4050 | 72 |
| iv_510 | 1.7947901143036812 × 10^303 | 4168 | 79 |

### Input Bits Sorted by Occurrences

| Input Bit | Complexity | Occurrences | Output Occurrences |
|:---------:|:----------:|:-----------:|:------------------:|
| iv_505 | 3.193468167382022 × 10^302 | 3964 | 79 |
| iv_504 | 2.1132347229642094 × 10^302 | 3972 | 78 |
| iv_506 | 4.7445389432722445 × 10^302 | 4004 | 82 |
| iv_498 | 1.0401886308354728 × 10^301 | 4026 | 86 |
| iv_508 | 9.8378140341182 × 10^302 | 4040 | 70 |
| iv_509 | 1.3489105897980554 × 10^303 | 4050 | 72 |
| iv_503 | 1.3717296054366542 × 10^302 | 4082 | 76 |
| iv_501 | 5.348826791454542 × 10^301 | 4086 | 81 |
| iv_499 | 1.8519934342968787 × 10^301 | 4153 | 81 |
| iv_510 | 1.7947901143036812 × 10^303 | 4168 | 79 |
| iv_500 | 3.136841258496164 × 10^301 | 4174 | 76 |
| iv_511 | 5.315216942646927 × 10^302 | 4250 | 78 |
| iv_497 | 9.20957131861659 × 10^301 | 4270 | 71 |
| iv_507 | 1.3072910294071328 × 10^303 | 4415 | 86 |

### Input Bits Sorted by Output Occurrences

| Input Bit | Complexity | Occurrences | Output Occurrences |
|:---------:|:----------:|:-----------:|:------------------:|
| iv_508 | 9.8378140341182 × 10^302 | 4040 | 70 |
| iv_497 | 9.20957131861659 × 10^301 | 4270 | 71 |
| iv_509 | 1.3489105897980554 × 10^303 | 4050 | 72 |
| iv_503 | 1.3717296054366542 × 10^302 | 4082 | 76 |
| iv_500 | 3.136841258496164 × 10^301 | 4174 | 76 |
| iv_504 | 2.1132347229642094 × 10^302 | 3972 | 78 |
| iv_511 | 5.315216942646927 × 10^302 | 4250 | 78 |
| iv_505 | 3.193468167382022 × 10^302 | 3964 | 79 |
| iv_510 | 1.7947901143036812 × 10^303 | 4168 | 79 |
| iv_501 | 5.348826791454542 × 10^301 | 4086 | 81 |
| iv_499 | 1.8519934342968787 × 10^301 | 4153 | 81 |
| iv_506 | 4.7445389432722445 × 10^302 | 4004 | 82 |
| iv_507 | 1.3072910294071328 × 10^303 | 4415 | 86 |
| iv_498 | 1.0401886308354728 × 10^301 | 4026 | 86 |

## Input Bit Co-occurrences

### Input Bit Co-occurrences Sorted by Co-occurrences

| Input Bits | Co-occurrences | Potential Occurrences | Output Co-occurrences | Potential Output Occurrences |
|:----------:|:--------------:|:---------------------:|:---------------------:|:----------------------------:|
| iv_500-iv_511 | 2098 | 4228 | 37 | 80 |
| iv_499-iv_510 | 2050 | 4221 | 40 | 80 |
| iv_501-iv_511 | 2048 | 4240 | 46 | 67 |
| iv_499-iv_507 | 2046 | 4476 | 47 | 73 |
| iv_499-iv_511 | 2043 | 4317 | 38 | 83 |
| iv_499-iv_508 | 2033 | 4127 | 38 | 75 |
| iv_501-iv_507 | 2032 | 4437 | 44 | 79 |
| iv_507-iv_510 | 2027 | 4529 | 40 | 85 |
| iv_503-iv_511 | 2025 | 4282 | 37 | 80 |
| iv_497-iv_501 | 2024 | 4308 | 41 | 70 |
| iv_507-iv_511 | 2021 | 4623 | 40 | 84 |
| iv_500-iv_503 | 2021 | 4214 | 39 | 74 |
| iv_497-iv_500 | 2020 | 4404 | 36 | 75 |
| iv_500-iv_507 | 2019 | 4551 | 38 | 86 |

### Input Bit Co-occurrences Sorted by Potential Occurrences

| Input Bits | Co-occurrences | Potential Occurrences | Output Co-occurrences | Potential Output Occurrences |
|:----------:|:--------------:|:---------------------:|:---------------------:|:----------------------------:|
| iv_499-iv_508 | 2033 | 4127 | 38 | 75 |
| iv_503-iv_506 | 1954 | 4178 | 40 | 78 |
| iv_498-iv_508 | 1944 | 4178 | 38 | 80 |
| iv_506-iv_509 | 1936 | 4182 | 40 | 74 |
| iv_501-iv_505 | 1929 | 4192 | 45 | 70 |
| iv_504-iv_506 | 1891 | 4194 | 39 | 82 |
| iv_499-iv_506 | 1981 | 4195 | 44 | 75 |
| iv_499-iv_509 | 2000 | 4203 | 40 | 73 |
| iv_504-iv_505 | 1866 | 4204 | 41 | 75 |
| iv_500-iv_503 | 2021 | 4214 | 39 | 74 |
| iv_499-iv_510 | 2050 | 4221 | 40 | 80 |
| iv_508-iv_509 | 1934 | 4222 | 31 | 80 |
| iv_498-iv_506 | 1903 | 4224 | 42 | 84 |
| iv_506-iv_508 | 1908 | 4228 | 39 | 74 |

### Input Bit Output Co-occurrences Sorted by Output Co-occurrences

| Input Bits | Co-occurrences | Potential Occurrences | Output Co-occurrences | Potential Output Occurrences |
|:----------:|:--------------:|:---------------------:|:---------------------:|:----------------------------:|
| iv_498-iv_507 | 1979 | 4483 | 52 | 68 |
| iv_498-iv_499 | 1907 | 4365 | 48 | 71 |
| iv_499-iv_507 | 2046 | 4476 | 47 | 73 |
| iv_501-iv_511 | 2048 | 4240 | 46 | 67 |
| iv_498-iv_501 | 1895 | 4322 | 46 | 75 |
| iv_501-iv_505 | 1929 | 4192 | 45 | 70 |
| iv_498-iv_510 | 1979 | 4236 | 45 | 75 |
| iv_501-iv_503 | 1944 | 4280 | 44 | 69 |
| iv_501-iv_504 | 1862 | 4334 | 44 | 71 |
| iv_503-iv_507 | 1989 | 4519 | 44 | 74 |
| iv_501-iv_507 | 2032 | 4437 | 44 | 79 |
| iv_506-iv_507 | 1937 | 4545 | 44 | 80 |
| iv_499-iv_506 | 1981 | 4195 | 44 | 75 |
| iv_506-iv_510 | 1967 | 4238 | 44 | 73 |

### Input Bit Output Co-occurrences Sorted by Potential Output Occurrences

| Input Bits | Co-occurrences | Potential Occurrences | Output Co-occurrences | Potential Output Occurrences |
|:----------:|:--------------:|:---------------------:|:---------------------:|:----------------------------:|
| iv_501-iv_511 | 2048 | 4240 | 46 | 67 |
| iv_498-iv_507 | 1979 | 4483 | 52 | 68 |
| iv_501-iv_503 | 1944 | 4280 | 44 | 69 |
| iv_497-iv_501 | 2024 | 4308 | 41 | 70 |
| iv_501-iv_505 | 1929 | 4192 | 45 | 70 |
| iv_503-iv_504 | 1880 | 4294 | 42 | 70 |
| iv_501-iv_504 | 1862 | 4334 | 44 | 71 |
| iv_500-iv_505 | 1945 | 4248 | 42 | 71 |
| iv_498-iv_499 | 1907 | 4365 | 48 | 71 |
| iv_497-iv_504 | 1934 | 4374 | 38 | 73 |
| iv_499-iv_507 | 2046 | 4476 | 47 | 73 |
| iv_499-iv_509 | 2000 | 4203 | 40 | 73 |
| iv_506-iv_510 | 1967 | 4238 | 44 | 73 |
| iv_504-iv_508 | 1883 | 4246 | 37 | 74 |

## Output Bits

### Output Bits in Regular Order

| Rank | Output Bit | Complexity |
|:----:|:----------:|:----------:|
| 1 | ov_001 | 1.1380170011030687 × 10^303 |
| 2 | ov_002 | 9.908619812042699 × 10^302 |
| 3 | ov_003 | 8.58710021558935 × 10^302 |
| 4 | ov_004 | 7.404360299323202 × 10^302 |
| 5 | ov_005 | 6.349767638663018 × 10^302 |
| 6 | ov_006 | 5.413264756949264 × 10^302 |
| 7 | ov_007 | 4.585331182802768 × 10^302 |
| 8 | ov_008 | 3.8569506027796246 × 10^302 |
| 9 | ov_009 | 3.2195826248902244 × 10^302 |
| 10 | ov_010 | 2.6651386950136315 × 10^302 |
| 11 | ov_011 | 2.18596173386956 × 10^302 |
| 12 | ov_012 | 1.7748090871655034 × 10^302 |
| 13 | ov_013 | 1.4248384059516236 × 10^302 |
| 14 | ov_014 | 1.1295960982066012 × 10^302 |
| 15 | ov_015 | 8.830080163415459 × 10^301 |
| 16 | ov_016 | 6.79372068727553 × 10^301 |
| 17 | ov_017 | 5.133524665917855 × 10^301 |
| 18 | ov_018 | 3.799753407398164 × 10^301 |
| 19 | ov_019 | 2.7462548558920323 × 10^301 |
| 20 | ov_020 | 1.9304401097118932 × 10^301 |
| 21 | ov_021 | 1.313267050954652 × 10^301 |
| 22 | ov_022 | 8.592293499123837 × 10^300 |
| 23 | ov_023 | 5.363493364521373 × 10^300 |
| 24 | ov_024 | 3.161735108865118 × 10^300 |
| 25 | ov_025 | 1.7376983543338903 × 10^300 |
| 26 | ov_026 | 8.772624935882403 × 10^299 |
| 27 | ov_027 | 4.01499696967212 × 10^299 |
| 28 | ov_028 | 1.6667215243425437 × 10^299 |
| 29 | ov_029 | 6.423117625158344 × 10^298 |
| 30 | ov_030 | 1.9637929852992433 × 10^298 |
| 31 | ov_031 | 3.830680688172478 × 10^297 |
| 32 | lv_80_m31 | 7.470816896174481 × 10^296 |
| 33 | ov_033 | 9.034714191182544 × 10^297 |
| 34 | ov_034 | 7.855653233824132 × 10^297 |
| 35 | ov_035 | 6.79779327193396 × 10^297 |
| 36 | ov_036 | 5.8520018910779025 × 10^297 |
| 37 | ov_037 | 5.00964796152151 × 10^297 |
| 38 | ov_038 | 4.2625662718650274 × 10^297 |
| 39 | ov_039 | 3.6030267386607875 × 10^297 |
| 40 | ov_040 | 3.023707773316878 × 10^297 |
| 41 | ov_041 | 2.517673409493042 × 10^297 |
| 42 | ov_042 | 2.0783538155886318 × 10^297 |
| 43 | ov_043 | 1.699528837868825 × 10^297 |
| 44 | ov_044 | 1.3753142403310759 × 10^297 |
| 45 | ov_045 | 1.1001503276314317 × 10^297 |
| 46 | ov_046 | 8.687926573199717 × 10^296 |
| 47 | ov_047 | 6.763045673221272 × 10^296 |
| 48 | ov_048 | 5.180512640865917 × 10^296 |
| 49 | ov_049 | 3.8969523613575265 × 10^296 |
| 50 | ov_050 | 2.871927769355737 × 10^296 |
| 51 | ov_051 | 2.0679142007918705 × 10^296 |
| 52 | ov_052 | 1.450281087775925 × 10^296 |
| 53 | ov_053 | 9.872794059341907 × 10^295 |
| 54 | ov_054 | 6.50033472574247 × 10^295 |
| 55 | ov_055 | 4.125358828621406 × 10^295 |
| 56 | ov_056 | 2.516445598377752 × 10^295 |
| 57 | ov_057 | 1.470811113182262 × 10^295 |
| 58 | ov_058 | 8.142994946509781 × 10^294 |
| 59 | ov_059 | 4.013785525581727 × 10^294 |
| 60 | ov_060 | 1.6643777526789952 × 10^294 |
| 61 | ov_061 | 5.817733244486531 × 10^293 |
| 62 | ov_062 | 1.5970351615864796 × 10^293 |
| 63 | ov_063 | 3.1150915115089164 × 10^292 |
| 64 | lv_79_m31 | 6.074851836788043 × 10^291 |
| 65 | ov_065 | 7.325387167244041 × 10^292 |
| 66 | ov_066 | 7.325370537284441 × 10^292 |
| 67 | ov_067 | 7.325366630976175 × 10^292 |
| 68 | ov_068 | 6.366509743313915 × 10^292 |
| 69 | ov_069 | 5.506008786299088 × 10^292 |
| 70 | ov_070 | 4.736628260495963 × 10^292 |
| 71 | ov_071 | 4.0514772426201816 × 10^292 |
| 72 | ov_072 | 3.44399205868428 × 10^292 |
| 73 | ov_073 | 2.907922615947171 × 10^292 |
| 74 | ov_074 | 2.4373212812150504 × 10^292 |
| 75 | ov_075 | 2.0265333667015164 × 10^292 |
| 76 | ov_076 | 1.6701886776150685 × 10^292 |
| 77 | ov_077 | 1.3631939469892156 × 10^292 |
| 78 | ov_078 | 1.1007261054905268 × 10^292 |
| 79 | ov_079 | 8.782263349824386 × 10^291 |
| 80 | ov_080 | 6.913948554375437 × 10^291 |
| 81 | ov_081 | 5.361863954147569 × 10^291 |
| 82 | ov_082 | 4.088062967832892 × 10^291 |
| 83 | ov_083 | 3.05707204712881 × 10^291 |
| 84 | ov_084 | 2.2358629418607876 × 10^291 |
| 85 | ov_085 | 1.5938298444729302 × 10^291 |
| 86 | ov_086 | 1.1027709290556845 × 10^291 |
| 87 | ov_087 | 7.368738007079799 × 10^290 |
| 88 | ov_088 | 4.7270437140196105 × 10^290 |
| 89 | ov_089 | 2.8919867872799495 × 10^290 |
| 90 | ov_090 | 1.6765716400810937 × 10^290 |
| 91 | ov_091 | 9.174092631899945 × 10^289 |
| 92 | ov_092 | 4.746947302463589 × 10^289 |
| 93 | ov_093 | 2.321951124004429 × 10^289 |
| 94 | ov_094 | 9.724386432129255 × 10^288 |
| 95 | aaa_78_28 | 2.939890200078874 × 10^288 |
| 96 | aaa_78_29 | 8.73463562369185 × 10^287 |
| 97 | ov_097 | 4.913456916442568 × 10^287 |
| 98 | ov_098 | 4.9133765123466836 × 10^287 |
| 99 | ov_099 | 4.913350798497501 × 10^287 |
| 100 | ov_100 | 4.010055864038078 × 10^287 |
| 101 | ov_101 | 3.263685918008369 × 10^287 |
| 102 | ov_102 | 2.6543445779850307 × 10^287 |
| 103 | ov_103 | 2.1632410985933945 × 10^287 |
| 104 | ov_104 | 1.7726102717909557 × 10^287 |
| 105 | ov_105 | 1.4656423909013873 × 10^287 |
| 106 | ov_106 | 1.2264223814007954 × 10^287 |
| 107 | ov_107 | 1.0398772490825484 × 10^287 |
| 108 | ov_108 | 8.917310419765645 × 10^286 |
| 109 | ov_109 | 7.684665666023889 × 10^286 |
| 110 | ov_110 | 6.572931420798883 × 10^286 |
| 111 | ov_111 | 5.5753329103262025 × 10^286 |
| 112 | ov_112 | 4.685275516822838 × 10^286 |
| 113 | ov_113 | 3.896308935878352 × 10^286 |
| 114 | ov_114 | 3.202096464383708 × 10^286 |
| 115 | ov_115 | 2.5963890239432625 × 10^286 |
| 116 | ov_116 | 2.073003526275981 × 10^286 |
| 117 | ov_117 | 1.6258051880921311 × 10^286 |
| 118 | ov_118 | 1.2486934035023805 × 10^286 |
| 119 | ov_119 | 9.355907823210904 × 10^285 |
| 120 | ov_120 | 6.804349627770696 × 10^285 |
| 121 | ov_121 | 4.771728072184044 × 10^285 |
| 122 | ov_122 | 3.1975658943390283 × 10^285 |
| 123 | ov_123 | 2.0214165558039416 × 10^285 |
| 124 | ov_124 | 1.1828496298028796 × 10^285 |
| 125 | ov_125 | 6.214417358733333 × 10^284 |
| 126 | ov_126 | 2.7677190825298395 × 10^284 |
| 127 | aaa_77_28 | 8.841981480836875 × 10^283 |
| 128 | aaa_77_29 | 3.3168236826801593 × 10^283 |
| 129 | ov_129 | 3.1116311750204494 × 10^283 |
| 130 | ov_130 | 3.111622579862917 × 10^283 |
| 131 | ov_131 | 3.1116204979189863 × 10^283 |
| 132 | ov_132 | 2.708145608280351 × 10^283 |
| 133 | ov_133 | 2.3446219865403382 × 10^283 |
| 134 | ov_134 | 2.0194491309539207 × 10^283 |
| 135 | ov_135 | 1.7296851558036972 × 10^283 |
| 136 | ov_136 | 1.4725466639622388 × 10^283 |
| 137 | ov_137 | 1.2453982194157095 × 10^283 |
| 138 | ov_138 | 1.0457432506931534 × 10^283 |
| 139 | ov_139 | 8.712162489507677 × 10^282 |
| 140 | ov_140 | 7.195761317530442 × 10^282 |
| 141 | ov_141 | 5.88700650677206 × 10^282 |
| 142 | ov_142 | 4.76581727787397 × 10^282 |
| 143 | ov_143 | 3.813216128176866 × 10^282 |
| 144 | ov_144 | 3.0112975959933545 × 10^282 |
| 145 | ov_145 | 2.3432032689371785 × 10^282 |
| 146 | ov_146 | 1.793102153685595 × 10^282 |
| 147 | ov_147 | 1.346175589979812 × 10^282 |
| 148 | ov_148 | 9.886059568839002 × 10^281 |
| 149 | ov_149 | 7.075684844106835 × 10^281 |
| 150 | ov_150 | 4.9122554863863294 × 10^281 |
| 151 | ov_151 | 3.2872289341833598 × 10^281 |
| 152 | ov_152 | 2.1018728671768553 × 10^281 |
| 153 | ov_153 | 1.2672518459108313 × 10^281 |
| 154 | ov_154 | 7.042204068572307 × 10^280 |
| 155 | ov_155 | 3.4341973511507165 × 10^280 |
| 156 | aaa_76_25 | 1.2527611148254355 × 10^280 |
| 157 | aaa_76_26 | 7.241421906697356 × 10^279 |
| 158 | aaa_76_27 | 3.710920054993059 × 10^279 |
| 159 | aaa_76_28 | 1.4469207757203814 × 10^279 |
| 160 | aaa_76_29 | 4.4068121660814785 × 10^278 |

### Output Bits Sorted by Complexity

| Rank | Output Bit | Complexity |
|:----:|:----------:|:----------:|
| 160 | aaa_76_29 | 4.4068121660814785 × 10^278 |
| 159 | aaa_76_28 | 1.4469207757203814 × 10^279 |
| 158 | aaa_76_27 | 3.710920054993059 × 10^279 |
| 157 | aaa_76_26 | 7.241421906697356 × 10^279 |
| 156 | aaa_76_25 | 1.2527611148254355 × 10^280 |
| 155 | ov_155 | 3.4341973511507165 × 10^280 |
| 154 | ov_154 | 7.042204068572307 × 10^280 |
| 153 | ov_153 | 1.2672518459108313 × 10^281 |
| 152 | ov_152 | 2.1018728671768553 × 10^281 |
| 151 | ov_151 | 3.2872289341833598 × 10^281 |
| 150 | ov_150 | 4.9122554863863294 × 10^281 |
| 149 | ov_149 | 7.075684844106835 × 10^281 |
| 148 | ov_148 | 9.886059568839002 × 10^281 |
| 147 | ov_147 | 1.346175589979812 × 10^282 |
| 146 | ov_146 | 1.793102153685595 × 10^282 |
| 145 | ov_145 | 2.3432032689371785 × 10^282 |
| 144 | ov_144 | 3.0112975959933545 × 10^282 |
| 143 | ov_143 | 3.813216128176866 × 10^282 |
| 142 | ov_142 | 4.76581727787397 × 10^282 |
| 141 | ov_141 | 5.88700650677206 × 10^282 |
| 140 | ov_140 | 7.195761317530442 × 10^282 |
| 139 | ov_139 | 8.712162489507677 × 10^282 |
| 138 | ov_138 | 1.0457432506931534 × 10^283 |
| 137 | ov_137 | 1.2453982194157095 × 10^283 |
| 136 | ov_136 | 1.4725466639622388 × 10^283 |
| 135 | ov_135 | 1.7296851558036972 × 10^283 |
| 134 | ov_134 | 2.0194491309539207 × 10^283 |
| 133 | ov_133 | 2.3446219865403382 × 10^283 |
| 132 | ov_132 | 2.708145608280351 × 10^283 |
| 131 | ov_131 | 3.1116204979189863 × 10^283 |
| 130 | ov_130 | 3.111622579862917 × 10^283 |
| 129 | ov_129 | 3.1116311750204494 × 10^283 |
| 128 | aaa_77_29 | 3.3168236826801593 × 10^283 |
| 127 | aaa_77_28 | 8.841981480836875 × 10^283 |
| 126 | ov_126 | 2.7677190825298395 × 10^284 |
| 125 | ov_125 | 6.214417358733333 × 10^284 |
| 124 | ov_124 | 1.1828496298028796 × 10^285 |
| 123 | ov_123 | 2.0214165558039416 × 10^285 |
| 122 | ov_122 | 3.1975658943390283 × 10^285 |
| 121 | ov_121 | 4.771728072184044 × 10^285 |
| 120 | ov_120 | 6.804349627770696 × 10^285 |
| 119 | ov_119 | 9.355907823210904 × 10^285 |
| 118 | ov_118 | 1.2486934035023805 × 10^286 |
| 117 | ov_117 | 1.6258051880921311 × 10^286 |
| 116 | ov_116 | 2.073003526275981 × 10^286 |
| 115 | ov_115 | 2.5963890239432625 × 10^286 |
| 114 | ov_114 | 3.202096464383708 × 10^286 |
| 113 | ov_113 | 3.896308935878352 × 10^286 |
| 112 | ov_112 | 4.685275516822838 × 10^286 |
| 111 | ov_111 | 5.5753329103262025 × 10^286 |
| 110 | ov_110 | 6.572931420798883 × 10^286 |
| 109 | ov_109 | 7.684665666023889 × 10^286 |
| 108 | ov_108 | 8.917310419765645 × 10^286 |
| 107 | ov_107 | 1.0398772490825484 × 10^287 |
| 106 | ov_106 | 1.2264223814007954 × 10^287 |
| 105 | ov_105 | 1.4656423909013873 × 10^287 |
| 104 | ov_104 | 1.7726102717909557 × 10^287 |
| 103 | ov_103 | 2.1632410985933945 × 10^287 |
| 102 | ov_102 | 2.6543445779850307 × 10^287 |
| 101 | ov_101 | 3.263685918008369 × 10^287 |
| 100 | ov_100 | 4.010055864038078 × 10^287 |
| 99 | ov_099 | 4.913350798497501 × 10^287 |
| 98 | ov_098 | 4.9133765123466836 × 10^287 |
| 97 | ov_097 | 4.913456916442568 × 10^287 |
| 96 | aaa_78_29 | 8.73463562369185 × 10^287 |
| 95 | aaa_78_28 | 2.939890200078874 × 10^288 |
| 94 | ov_094 | 9.724386432129255 × 10^288 |
| 93 | ov_093 | 2.321951124004429 × 10^289 |
| 92 | ov_092 | 4.746947302463589 × 10^289 |
| 91 | ov_091 | 9.174092631899945 × 10^289 |
| 90 | ov_090 | 1.6765716400810937 × 10^290 |
| 89 | ov_089 | 2.8919867872799495 × 10^290 |
| 88 | ov_088 | 4.7270437140196105 × 10^290 |
| 87 | ov_087 | 7.368738007079799 × 10^290 |
| 86 | ov_086 | 1.1027709290556845 × 10^291 |
| 85 | ov_085 | 1.5938298444729302 × 10^291 |
| 84 | ov_084 | 2.2358629418607876 × 10^291 |
| 83 | ov_083 | 3.05707204712881 × 10^291 |
| 82 | ov_082 | 4.088062967832892 × 10^291 |
| 81 | ov_081 | 5.361863954147569 × 10^291 |
| 64 | lv_79_m31 | 6.074851836788043 × 10^291 |
| 80 | ov_080 | 6.913948554375437 × 10^291 |
| 79 | ov_079 | 8.782263349824386 × 10^291 |
| 78 | ov_078 | 1.1007261054905268 × 10^292 |
| 77 | ov_077 | 1.3631939469892156 × 10^292 |
| 76 | ov_076 | 1.6701886776150685 × 10^292 |
| 75 | ov_075 | 2.0265333667015164 × 10^292 |
| 74 | ov_074 | 2.4373212812150504 × 10^292 |
| 73 | ov_073 | 2.907922615947171 × 10^292 |
| 63 | ov_063 | 3.1150915115089164 × 10^292 |
| 72 | ov_072 | 3.44399205868428 × 10^292 |
| 71 | ov_071 | 4.0514772426201816 × 10^292 |
| 70 | ov_070 | 4.736628260495963 × 10^292 |
| 69 | ov_069 | 5.506008786299088 × 10^292 |
| 68 | ov_068 | 6.366509743313915 × 10^292 |
| 67 | ov_067 | 7.325366630976175 × 10^292 |
| 66 | ov_066 | 7.325370537284441 × 10^292 |
| 65 | ov_065 | 7.325387167244041 × 10^292 |
| 62 | ov_062 | 1.5970351615864796 × 10^293 |
| 61 | ov_061 | 5.817733244486531 × 10^293 |
| 60 | ov_060 | 1.6643777526789952 × 10^294 |
| 59 | ov_059 | 4.013785525581727 × 10^294 |
| 58 | ov_058 | 8.142994946509781 × 10^294 |
| 57 | ov_057 | 1.470811113182262 × 10^295 |
| 56 | ov_056 | 2.516445598377752 × 10^295 |
| 55 | ov_055 | 4.125358828621406 × 10^295 |
| 54 | ov_054 | 6.50033472574247 × 10^295 |
| 53 | ov_053 | 9.872794059341907 × 10^295 |
| 52 | ov_052 | 1.450281087775925 × 10^296 |
| 51 | ov_051 | 2.0679142007918705 × 10^296 |
| 50 | ov_050 | 2.871927769355737 × 10^296 |
| 49 | ov_049 | 3.8969523613575265 × 10^296 |
| 48 | ov_048 | 5.180512640865917 × 10^296 |
| 47 | ov_047 | 6.763045673221272 × 10^296 |
| 32 | lv_80_m31 | 7.470816896174481 × 10^296 |
| 46 | ov_046 | 8.687926573199717 × 10^296 |
| 45 | ov_045 | 1.1001503276314317 × 10^297 |
| 44 | ov_044 | 1.3753142403310759 × 10^297 |
| 43 | ov_043 | 1.699528837868825 × 10^297 |
| 42 | ov_042 | 2.0783538155886318 × 10^297 |
| 41 | ov_041 | 2.517673409493042 × 10^297 |
| 40 | ov_040 | 3.023707773316878 × 10^297 |
| 39 | ov_039 | 3.6030267386607875 × 10^297 |
| 31 | ov_031 | 3.830680688172478 × 10^297 |
| 38 | ov_038 | 4.2625662718650274 × 10^297 |
| 37 | ov_037 | 5.00964796152151 × 10^297 |
| 36 | ov_036 | 5.8520018910779025 × 10^297 |
| 35 | ov_035 | 6.79779327193396 × 10^297 |
| 34 | ov_034 | 7.855653233824132 × 10^297 |
| 33 | ov_033 | 9.034714191182544 × 10^297 |
| 30 | ov_030 | 1.9637929852992433 × 10^298 |
| 29 | ov_029 | 6.423117625158344 × 10^298 |
| 28 | ov_028 | 1.6667215243425437 × 10^299 |
| 27 | ov_027 | 4.01499696967212 × 10^299 |
| 26 | ov_026 | 8.772624935882403 × 10^299 |
| 25 | ov_025 | 1.7376983543338903 × 10^300 |
| 24 | ov_024 | 3.161735108865118 × 10^300 |
| 23 | ov_023 | 5.363493364521373 × 10^300 |
| 22 | ov_022 | 8.592293499123837 × 10^300 |
| 21 | ov_021 | 1.313267050954652 × 10^301 |
| 20 | ov_020 | 1.9304401097118932 × 10^301 |
| 19 | ov_019 | 2.7462548558920323 × 10^301 |
| 18 | ov_018 | 3.799753407398164 × 10^301 |
| 17 | ov_017 | 5.133524665917855 × 10^301 |
| 16 | ov_016 | 6.79372068727553 × 10^301 |
| 15 | ov_015 | 8.830080163415459 × 10^301 |
| 14 | ov_014 | 1.1295960982066012 × 10^302 |
| 13 | ov_013 | 1.4248384059516236 × 10^302 |
| 12 | ov_012 | 1.7748090871655034 × 10^302 |
| 11 | ov_011 | 2.18596173386956 × 10^302 |
| 10 | ov_010 | 2.6651386950136315 × 10^302 |
| 9 | ov_009 | 3.2195826248902244 × 10^302 |
| 8 | ov_008 | 3.8569506027796246 × 10^302 |
| 7 | ov_007 | 4.585331182802768 × 10^302 |
| 6 | ov_006 | 5.413264756949264 × 10^302 |
| 5 | ov_005 | 6.349767638663018 × 10^302 |
| 4 | ov_004 | 7.404360299323202 × 10^302 |
| 3 | ov_003 | 8.58710021558935 × 10^302 |
| 2 | ov_002 | 9.908619812042699 × 10^302 |
| 1 | ov_001 | 1.1380170011030687 × 10^303 |

