# Results for F001-F002-F003-F004-F005-F006-F007-F008-F009-F010-F011-F012-F013-F014-F015-F016-F017-F018-F019-F020-F021-F022-F023-F024-F025-F026-F027-F028-F029-F030-F031-F032-F033-F034-F035-F036-F037-F038-F039-F040-F041-F042-F043-F044-F045-F046-F047-F048-F049-F050-F051-F052-F053-F054-F055-F056-F057-F058-F059-F060-F061-F062-F063-F064-F065-F066-F067-F068-F069-F070-F071-F072-F073-F074-F075-F076-F077-F078-F079-F080-F081-F082-F083-F084-F085-F086-F087-F088-F089-F090-F091-F092-F093-F094-F095-F096-F097-F098-F099-F100-F101-F102-F103-F104-F105-F106-F107-F108-F109-F110-F111-F112-F113-F114-F115-F116-F117-F118-F119-F120-F121-F122-F123-F124-F125-F126-F127-F128-F129-F130-F131-F132-F133-F134-F135-F136-F137-F138-F139-F140-F141-F142-F143-F144-F145-F146-F147-F148-F149-F150-F151-F152-F153-F154-F155-F156-F157-F158-F159-F160-F161-F162-F163-F164-F165-F166-F167-F168-F169-F170-F171-F172-F173-F174-F175-F176-F177-F178-F179-F180-F181-F182-F183-F184-F185-F186-F187-F188-F189-F190-F191-F192-F193-F194-F195-F196-F197-F198-F199-F200-F201-F202-F203-F204-F205-F206-F207-F208-F209-F210-F211-F212-F213-F214-F215-F216-F217-F218-F219-F220-F221-F222-F223-F224-F225-F226-F227-F228-F229-F230-F231-F232-F233-F234-F235-F236-F237-F238-F239-F240-F241-F242-F243-F244-F245-F246-F247-F248-F249-F250-F251-F252-F253-F254-F255-F256-F257-F258-F259-F260-F261-F262-F263-F264-F265-F266-F267-F268-F269-F270-F271-F272-F273-F274-F275-F276-F277-F278-F279-F280-F281-F282-F283-F284-F285-F286-F287-F288-F289-F290-F291-F292-F293-F294-F295-F296-F297-F298-F299-F300-F301-F302-F303-F304-F305-F306-F307-F308-F309-F310-F311-F312-F313-F314-F315-F316-F317-F318-F319-F320-F321-F322-F323-F324-F325-F326-F327-F328-F329-F330-F331-F332-F333-F334-F335-F336-F337-F338-F339-F340-F341-F342-F343-F344-F345-F346-F347-F348-F349-F350-F351-F352-F353-F354-F355-F356-F357-F358-F359-F360-F361-F362-F363-F364-F365-F366-F367-F368-F369-F370-F371-F372-F373-F374-F375-F376-F377-F378-F379-F380-F381-F382-F383-F384-F385-F386-F387-F388-F389-F390-F391-F392-F393-F394-F395-F396-F397-F398-F399-F400-F401-F402-F403-F404-F405-F406-F407-F408-F409-F410-F411-F412-F413-F414-F415-F416-F417-F418-F419-F420-F421-F422-F423-F424-F425-F426-F427-F428-F429-F430-F431-F432-F433-F434-F435-F436-F437-F438-F439-F440-F441-F442-F443-F444-F445-F446-F447-F448-F449-F450-F451-F452-F453-F454-F455-F456-F457-F458-F459-F460-F461-F462-F463-F464-F465-F466-F467-F468-F469-F470-F471-F472-F473-F474-F475-F476-F477-F478-F479-F480-F481-F482-F483-F484-F485-F486-F487-F488-F489-F490-F491-F492-F493-F494-F495-F496-O501511-E507512

## Summary

Number of input bits: 512  
Number of free input bits: 14  
Number of output bits: 160

Number of direct occurrences: 57105  
Number of assignments: 32211  
Number of operations: 11410404
(xor: 11381766,
and: 14899,
or: 13739)

Total complexity: 9.285557233447978 × 10^302

Least occurring input variable: iv_502 (3909)  
Most occurring input variable: iv_507 (4356)

Most co-occurring input variables: iv_499-iv_510 (2044)  
Least co-occurring input variables: iv_498-iv_502 (1776)

Potentially most occurring input variable: iv_501/iv_507 (4662)  
Potentially least occurring input variable: iv_499/iv_508 (4113)

Least output occurring input variable: iv_508 (70)  
Most output occurring input variable: iv_497 (93)

Most output co-occurring input variables: iv_498-iv_501 (53)  
Least output co-occurring input variables: iv_502-iv_508 (30)

Potentially most output occurring input variable: iv_504/iv_510 (93)  
Potentially least output occurring input variable: iv_498/iv_501 (67)

Least complex input bit: iv_497 (6.546312848694925 × 10^299)  
Most complex input bit: iv_510 (2.2785071377049004 × 10^302)

Least complex output bit: aaa_76_29 (1.4935591548686489 × 10^278)  
Most complex output bit: ov_001 (1.4446850507638995 × 10^302)

Least complex input/output complexity: iv_497/aaa_76_29 (1.0529583998021387 × 10^275)  
Most complex input/output complexity: iv_510/ov_001 (3.5449947882974863 × 10^301)

## Input Bits

### Input Bits in Regular Order

| Input Bit | Complexity | Occurrences | Output Occurrences |
|:---------:|:----------:|:-----------:|:------------------:|
| iv_497 | 6.546312848694925 × 10^299 | 4158 | 93 |
| iv_498 | 1.320531688373838 × 10^300 | 3967 | 88 |
| iv_499 | 2.351127424537425 × 10^300 | 4137 | 81 |
| iv_500 | 3.982256833470272 × 10^300 | 4149 | 76 |
| iv_501 | 7.424334862974854 × 10^301 | 4266 | 85 |
| iv_502 | 1.1037027710484665 × 10^301 | 3909 | 82 |
| iv_503 | 1.7414268510171307 × 10^301 | 4061 | 74 |
| iv_504 | 2.6827763099129125 × 10^301 | 3958 | 78 |
| iv_505 | 4.054145359629576 × 10^301 | 3949 | 79 |
| iv_506 | 6.023247933677624 × 10^301 | 3981 | 82 |
| iv_507 | 1.6596213216370142 × 10^302 | 4356 | 72 |
| iv_508 | 1.248922050411905 × 10^302 | 4028 | 70 |
| iv_509 | 1.7124578425555964 × 10^302 | 4028 | 78 |
| iv_510 | 2.2785071377049004 × 10^302 | 4158 | 79 |

### Input Bits Sorted by Complexity

| Input Bit | Complexity | Occurrences | Output Occurrences |
|:---------:|:----------:|:-----------:|:------------------:|
| iv_497 | 6.546312848694925 × 10^299 | 4158 | 93 |
| iv_498 | 1.320531688373838 × 10^300 | 3967 | 88 |
| iv_499 | 2.351127424537425 × 10^300 | 4137 | 81 |
| iv_500 | 3.982256833470272 × 10^300 | 4149 | 76 |
| iv_502 | 1.1037027710484665 × 10^301 | 3909 | 82 |
| iv_503 | 1.7414268510171307 × 10^301 | 4061 | 74 |
| iv_504 | 2.6827763099129125 × 10^301 | 3958 | 78 |
| iv_505 | 4.054145359629576 × 10^301 | 3949 | 79 |
| iv_506 | 6.023247933677624 × 10^301 | 3981 | 82 |
| iv_501 | 7.424334862974854 × 10^301 | 4266 | 85 |
| iv_508 | 1.248922050411905 × 10^302 | 4028 | 70 |
| iv_507 | 1.6596213216370142 × 10^302 | 4356 | 72 |
| iv_509 | 1.7124578425555964 × 10^302 | 4028 | 78 |
| iv_510 | 2.2785071377049004 × 10^302 | 4158 | 79 |

### Input Bits Sorted by Occurrences

| Input Bit | Complexity | Occurrences | Output Occurrences |
|:---------:|:----------:|:-----------:|:------------------:|
| iv_502 | 1.1037027710484665 × 10^301 | 3909 | 82 |
| iv_505 | 4.054145359629576 × 10^301 | 3949 | 79 |
| iv_504 | 2.6827763099129125 × 10^301 | 3958 | 78 |
| iv_498 | 1.320531688373838 × 10^300 | 3967 | 88 |
| iv_506 | 6.023247933677624 × 10^301 | 3981 | 82 |
| iv_509 | 1.7124578425555964 × 10^302 | 4028 | 78 |
| iv_508 | 1.248922050411905 × 10^302 | 4028 | 70 |
| iv_503 | 1.7414268510171307 × 10^301 | 4061 | 74 |
| iv_499 | 2.351127424537425 × 10^300 | 4137 | 81 |
| iv_500 | 3.982256833470272 × 10^300 | 4149 | 76 |
| iv_510 | 2.2785071377049004 × 10^302 | 4158 | 79 |
| iv_497 | 6.546312848694925 × 10^299 | 4158 | 93 |
| iv_501 | 7.424334862974854 × 10^301 | 4266 | 85 |
| iv_507 | 1.6596213216370142 × 10^302 | 4356 | 72 |

### Input Bits Sorted by Output Occurrences

| Input Bit | Complexity | Occurrences | Output Occurrences |
|:---------:|:----------:|:-----------:|:------------------:|
| iv_508 | 1.248922050411905 × 10^302 | 4028 | 70 |
| iv_507 | 1.6596213216370142 × 10^302 | 4356 | 72 |
| iv_503 | 1.7414268510171307 × 10^301 | 4061 | 74 |
| iv_500 | 3.982256833470272 × 10^300 | 4149 | 76 |
| iv_504 | 2.6827763099129125 × 10^301 | 3958 | 78 |
| iv_509 | 1.7124578425555964 × 10^302 | 4028 | 78 |
| iv_505 | 4.054145359629576 × 10^301 | 3949 | 79 |
| iv_510 | 2.2785071377049004 × 10^302 | 4158 | 79 |
| iv_499 | 2.351127424537425 × 10^300 | 4137 | 81 |
| iv_502 | 1.1037027710484665 × 10^301 | 3909 | 82 |
| iv_506 | 6.023247933677624 × 10^301 | 3981 | 82 |
| iv_501 | 7.424334862974854 × 10^301 | 4266 | 85 |
| iv_498 | 1.320531688373838 × 10^300 | 3967 | 88 |
| iv_497 | 6.546312848694925 × 10^299 | 4158 | 93 |

## Input Bit Co-occurrences

### Input Bit Co-occurrences Sorted by Co-occurrences

| Input Bits | Co-occurrences | Potential Occurrences | Output Co-occurrences | Potential Output Occurrences |
|:----------:|:--------------:|:---------------------:|:---------------------:|:----------------------------:|
| iv_499-iv_510 | 2044 | 4207 | 43 | 74 |
| iv_499-iv_508 | 2026 | 4113 | 38 | 75 |
| iv_499-iv_507 | 2025 | 4443 | 37 | 79 |
| iv_500-iv_510 | 2022 | 4263 | 39 | 77 |
| iv_500-iv_503 | 2013 | 4184 | 38 | 74 |
| iv_497-iv_503 | 2006 | 4207 | 38 | 91 |
| iv_497-iv_499 | 2005 | 4285 | 43 | 88 |
| iv_499-iv_500 | 2004 | 4278 | 38 | 81 |
| iv_507-iv_510 | 1998 | 4518 | 33 | 85 |
| iv_497-iv_507 | 1996 | 4522 | 44 | 77 |
| iv_497-iv_500 | 1996 | 4315 | 39 | 91 |
| iv_500-iv_507 | 1992 | 4521 | 32 | 84 |
| iv_497-iv_501 | 1990 | 4444 | 49 | 80 |
| iv_501-iv_509 | 1987 | 4320 | 46 | 71 |

### Input Bit Co-occurrences Sorted by Potential Occurrences

| Input Bits | Co-occurrences | Potential Occurrences | Output Co-occurrences | Potential Output Occurrences |
|:----------:|:--------------:|:---------------------:|:---------------------:|:----------------------------:|
| iv_499-iv_508 | 2026 | 4113 | 38 | 75 |
| iv_506-iv_509 | 1920 | 4169 | 43 | 74 |
| iv_504-iv_506 | 1885 | 4169 | 42 | 76 |
| iv_499-iv_502 | 1934 | 4178 | 41 | 81 |
| iv_502-iv_505 | 1839 | 4180 | 36 | 89 |
| iv_506-iv_508 | 1913 | 4183 | 37 | 78 |
| iv_500-iv_503 | 2013 | 4184 | 38 | 74 |
| iv_504-iv_505 | 1861 | 4185 | 41 | 75 |
| iv_508-iv_509 | 1934 | 4188 | 35 | 78 |
| iv_499-iv_509 | 1987 | 4191 | 41 | 77 |
| iv_503-iv_506 | 1923 | 4196 | 38 | 80 |
| iv_498-iv_508 | 1897 | 4201 | 37 | 84 |
| iv_499-iv_506 | 1957 | 4204 | 39 | 85 |
| iv_497-iv_503 | 2006 | 4207 | 38 | 91 |

### Input Bit Output Co-occurrences Sorted by Output Co-occurrences

| Input Bits | Co-occurrences | Potential Occurrences | Output Co-occurrences | Potential Output Occurrences |
|:----------:|:--------------:|:---------------------:|:---------------------:|:----------------------------:|
| iv_498-iv_501 | 1909 | 4415 | 53 | 67 |
| iv_497-iv_502 | 1910 | 4247 | 52 | 71 |
| iv_497-iv_506 | 1960 | 4219 | 51 | 73 |
| iv_497-iv_504 | 1936 | 4244 | 50 | 71 |
| iv_497-iv_498 | 1903 | 4319 | 50 | 81 |
| iv_497-iv_501 | 1990 | 4444 | 49 | 80 |
| iv_498-iv_510 | 1953 | 4219 | 48 | 71 |
| iv_497-iv_510 | 1949 | 4418 | 48 | 76 |
| iv_497-iv_509 | 1941 | 4304 | 48 | 75 |
| iv_497-iv_505 | 1916 | 4275 | 47 | 78 |
| iv_501-iv_509 | 1987 | 4320 | 46 | 71 |
| iv_498-iv_502 | 1776 | 4324 | 46 | 78 |
| iv_498-iv_504 | 1855 | 4215 | 46 | 74 |
| iv_499-iv_501 | 1979 | 4445 | 46 | 74 |

### Input Bit Output Co-occurrences Sorted by Potential Output Occurrences

| Input Bits | Co-occurrences | Potential Occurrences | Output Co-occurrences | Potential Output Occurrences |
|:----------:|:--------------:|:---------------------:|:---------------------:|:----------------------------:|
| iv_498-iv_501 | 1909 | 4415 | 53 | 67 |
| iv_498-iv_507 | 1925 | 4473 | 46 | 68 |
| iv_503-iv_504 | 1872 | 4275 | 41 | 70 |
| iv_501-iv_509 | 1987 | 4320 | 46 | 71 |
| iv_498-iv_510 | 1953 | 4219 | 48 | 71 |
| iv_500-iv_505 | 1940 | 4218 | 42 | 71 |
| iv_497-iv_504 | 1936 | 4244 | 50 | 71 |
| iv_497-iv_502 | 1910 | 4247 | 52 | 71 |
| iv_501-iv_510 | 1963 | 4498 | 46 | 72 |
| iv_501-iv_503 | 1980 | 4367 | 43 | 73 |
| iv_503-iv_505 | 1890 | 4230 | 40 | 73 |
| iv_506-iv_510 | 1957 | 4225 | 44 | 73 |
| iv_497-iv_506 | 1960 | 4219 | 51 | 73 |
| iv_504-iv_508 | 1880 | 4226 | 37 | 74 |

## Output Bits

### Output Bits in Regular Order

| Rank | Output Bit | Complexity |
|:----:|:----------:|:----------:|
| 1 | ov_001 | 1.4446850507638995 × 10^302 |
| 2 | ov_002 | 1.2578762857246022 × 10^302 |
| 3 | ov_003 | 1.0901131961408713 × 10^302 |
| 4 | ov_004 | 9.399675800766141 × 10^301 |
| 5 | ov_005 | 8.060897416403264 × 10^301 |
| 6 | ov_006 | 6.872029631440592 × 10^301 |
| 7 | ov_007 | 5.820986891738992 × 10^301 |
| 8 | ov_008 | 4.8963235755604824 × 10^301 |
| 9 | ov_009 | 4.087198156927107 × 10^301 |
| 10 | ov_010 | 3.3833426410449137 × 10^301 |
| 11 | ov_011 | 2.7750367227330724 × 10^301 |
| 12 | ov_012 | 2.253086150515647 × 10^301 |
| 13 | ov_013 | 1.8088048100650441 × 10^301 |
| 14 | ov_014 | 1.4340000711773824 × 10^301 |
| 15 | ov_015 | 1.1209609725336492 × 10^301 |
| 16 | ov_016 | 8.624488482591989 × 10^300 |
| 17 | ov_017 | 6.51690029821467 × 10^300 |
| 18 | ov_018 | 4.8237028616885096 × 10^300 |
| 19 | ov_019 | 3.486306942644801 × 10^300 |
| 20 | ov_020 | 2.4506466134605633 × 10^300 |
| 21 | ov_021 | 1.667158493747997 × 10^300 |
| 22 | ov_022 | 1.090767812413373 × 10^300 |
| 23 | ov_023 | 6.808793738581033 × 10^299 |
| 24 | ov_024 | 4.0137187077307314 × 10^299 |
| 25 | ov_025 | 2.205944537770268 × 10^299 |
| 26 | ov_026 | 1.1136485147077272 × 10^299 |
| 27 | ov_027 | 5.096848543946281 × 10^298 |
| 28 | ov_028 | 2.115812109278865 × 10^298 |
| 29 | ov_029 | 8.153755204856542 × 10^297 |
| 30 | ov_030 | 2.492902174815884 × 10^297 |
| 31 | ov_031 | 4.862760169598763 × 10^296 |
| 32 | lv_80_m31 | 9.483579326185195 × 10^295 |
| 33 | ov_033 | 1.1467874942850264 × 10^297 |
| 34 | ov_034 | 9.971018399609685 × 10^296 |
| 35 | ov_035 | 8.628053387952797 × 10^296 |
| 36 | ov_036 | 7.427386075664638 × 10^296 |
| 37 | ov_037 | 6.358057636798913 × 10^296 |
| 38 | ov_038 | 5.409699704114402 × 10^296 |
| 39 | ov_039 | 4.572495610663996 × 10^296 |
| 40 | ov_040 | 3.837146875244492 × 10^296 |
| 41 | ov_041 | 3.19484441966043 × 10^296 |
| 42 | ov_042 | 2.6372440372768127 × 10^296 |
| 43 | ov_043 | 2.1564456623398513 × 10^296 |
| 44 | ov_044 | 1.7449760182237471 × 10^296 |
| 45 | ov_045 | 1.3957742502941864 × 10^296 |
| 46 | ov_046 | 1.1021801756309578 × 10^296 |
| 47 | ov_047 | 8.579248075751893 × 10^295 |
| 48 | ov_048 | 6.57122838100177 × 10^295 |
| 49 | ov_049 | 4.942667854744382 × 10^295 |
| 50 | ov_050 | 3.6422253870418687 × 10^295 |
| 51 | ov_051 | 2.6222605390941795 × 10^295 |
| 52 | ov_052 | 1.8388098118963584 × 10^295 |
| 53 | ov_053 | 1.2515702374524768 × 10^295 |
| 54 | ov_054 | 8.238885409895766 × 10^294 |
| 55 | ov_055 | 5.227543525533558 × 10^294 |
| 56 | ov_056 | 3.187961758079825 × 10^294 |
| 57 | ov_057 | 1.8627908884689908 × 10^294 |
| 58 | ov_058 | 1.0310347998680622 × 10^294 |
| 59 | ov_059 | 5.080440578975483 × 10^293 |
| 60 | ov_060 | 2.1058010730911286 × 10^293 |
| 61 | ov_061 | 7.357596662617508 × 10^292 |
| 62 | ov_062 | 2.0189269322739654 × 10^292 |
| 63 | ov_063 | 3.936385889500871 × 10^291 |
| 64 | lv_79_m31 | 7.673442220201527 × 10^290 |
| 65 | ov_065 | 9.27376097042403 × 10^291 |
| 66 | ov_066 | 9.273733963947701 × 10^291 |
| 67 | ov_067 | 9.273727354880485 × 10^291 |
| 68 | ov_068 | 8.051239430657185 × 10^291 |
| 69 | ov_069 | 6.957266412869488 × 10^291 |
| 70 | ov_070 | 5.981576661552162 × 10^291 |
| 71 | ov_071 | 5.114567662636301 × 10^291 |
| 72 | ov_072 | 4.3472234397447913 × 10^291 |
| 73 | ov_073 | 3.671075740607937 × 10^291 |
| 74 | ov_074 | 3.078168796115642 × 10^291 |
| 75 | ov_075 | 2.5610274580869526 × 10^291 |
| 76 | ov_076 | 2.1126285285308478 × 10^291 |
| 77 | ov_077 | 1.7263750986601683 × 10^291 |
| 78 | ov_078 | 1.3960737203589771 × 10^291 |
| 79 | ov_079 | 1.1159142363368635 × 10^291 |
| 80 | ov_080 | 8.804520979656335 × 10^290 |
| 81 | ov_081 | 6.8459300190750374 × 10^290 |
| 82 | ov_082 | 5.235796782217851 × 10^290 |
| 83 | ov_083 | 3.92980663780919 × 10^290 |
| 84 | ov_084 | 2.886808956277292 × 10^290 |
| 85 | ov_085 | 2.068739594444829 × 10^290 |
| 86 | ov_086 | 1.4405582865069036 × 10^290 |
| 87 | ov_087 | 9.701992985943913 × 10^289 |
| 88 | ov_088 | 6.285337054772474 × 10^289 |
| 89 | ov_089 | 3.893416486726315 × 10^289 |
| 90 | ov_090 | 2.2929293559710395 × 10^289 |
| 91 | ov_091 | 1.2793433958168946 × 10^289 |
| 92 | ov_092 | 6.768197437630686 × 10^288 |
| 93 | ov_093 | 3.3817197762342414 × 10^288 |
| 94 | ov_094 | 1.448470880429349 × 10^288 |
| 95 | aaa_78_28 | 4.472554339171612 × 10^287 |
| 96 | aaa_78_29 | 1.3734561593138985 × 10^287 |
| 97 | ov_097 | 9.064913034930671 × 10^286 |
| 98 | ov_098 | 9.064640528935471 × 10^286 |
| 99 | ov_099 | 9.06455337941921 × 10^286 |
| 100 | ov_100 | 8.15513747237297 × 10^286 |
| 101 | ov_101 | 7.313209835333528 × 10^286 |
| 102 | ov_102 | 6.535021187498259 × 10^286 |
| 103 | ov_103 | 5.817093722455533 × 10^286 |
| 104 | ov_104 | 5.15618700006719 × 10^286 |
| 105 | ov_105 | 4.549266878462405 × 10^286 |
| 106 | ov_106 | 3.9934773247334023 × 10^286 |
| 107 | ov_107 | 3.4861149492783403 × 10^286 |
| 108 | ov_108 | 3.0246061139768223 × 10^286 |
| 109 | ov_109 | 2.606486468650307 × 10^286 |
| 110 | ov_110 | 2.229382773677729 × 10^286 |
| 111 | ov_111 | 1.8909968693256499 × 10^286 |
| 112 | ov_112 | 1.5890916544229672 × 10^286 |
| 113 | ov_113 | 1.3214789385646043 × 10^286 |
| 114 | ov_114 | 1.0860090331597936 × 10^286 |
| 115 | ov_115 | 8.805619474328662 × 10^285 |
| 116 | ov_116 | 7.030400560133685 × 10^285 |
| 117 | ov_117 | 5.513621050845387 × 10^285 |
| 118 | ov_118 | 4.2345842425258203 × 10^285 |
| 119 | ov_119 | 3.172672114025145 × 10^285 |
| 120 | ov_120 | 2.3073175785767766 × 10^285 |
| 121 | ov_121 | 1.6179848118489117 × 10^285 |
| 122 | ov_122 | 1.0841563299938118 × 10^285 |
| 123 | ov_123 | 6.853250620499961 × 10^284 |
| 124 | ov_124 | 4.009893976270551 × 10^284 |
| 125 | ov_125 | 2.1065011447491354 × 10^284 |
| 126 | ov_126 | 9.38088087349861 × 10^283 |
| 127 | aaa_77_28 | 2.9967291298520948 × 10^283 |
| 128 | aaa_77_29 | 1.124139670504056 × 10^283 |
| 129 | ov_129 | 1.055108154492699 × 10^283 |
| 130 | ov_130 | 1.0551052414172748 × 10^283 |
| 131 | ov_131 | 1.0551045358037156 × 10^283 |
| 132 | ov_132 | 9.178461694138974 × 10^282 |
| 133 | ov_133 | 7.946405475723866 × 10^282 |
| 134 | ov_134 | 6.844327880690523 × 10^282 |
| 135 | ov_135 | 5.862258254106972 × 10^282 |
| 136 | ov_136 | 4.9907630914247277 × 10^282 |
| 137 | ov_137 | 4.2209103586990874 × 10^282 |
| 138 | ov_138 | 3.544238662442647 × 10^282 |
| 139 | ov_139 | 2.952730807330454 × 10^282 |
| 140 | ov_140 | 2.438791304691287 × 10^282 |
| 141 | ov_141 | 1.9952274187304552 × 10^282 |
| 142 | ov_142 | 1.6152333608829937 × 10^282 |
| 143 | ov_143 | 1.2923772657175788 × 10^282 |
| 144 | ov_144 | 1.0205906045069843 × 10^282 |
| 145 | ov_145 | 7.941597150375483 × 10^281 |
| 146 | ov_146 | 6.077191485184568 × 10^281 |
| 147 | ov_147 | 4.562465566266387 × 10^281 |
| 148 | ov_148 | 3.350588638259492 × 10^281 |
| 149 | ov_149 | 2.3980949215900207 × 10^281 |
| 150 | ov_150 | 1.6648642774511212 × 10^281 |
| 151 | ov_151 | 1.1141094023901478 × 10^281 |
| 152 | ov_152 | 7.123678851811461 × 10^280 |
| 153 | ov_153 | 4.294976787420719 × 10^280 |
| 154 | ov_154 | 2.3867475990976805 × 10^280 |
| 155 | ov_155 | 1.1639200174936579 × 10^280 |
| 156 | aaa_76_25 | 4.2458647235122237 × 10^279 |
| 157 | aaa_76_26 | 2.4542666161855775 × 10^279 |
| 158 | aaa_76_27 | 1.2577070254503052 × 10^279 |
| 159 | aaa_76_28 | 4.9039116928562696 × 10^278 |
| 160 | aaa_76_29 | 1.4935591548686489 × 10^278 |

### Output Bits Sorted by Complexity

| Rank | Output Bit | Complexity |
|:----:|:----------:|:----------:|
| 160 | aaa_76_29 | 1.4935591548686489 × 10^278 |
| 159 | aaa_76_28 | 4.9039116928562696 × 10^278 |
| 158 | aaa_76_27 | 1.2577070254503052 × 10^279 |
| 157 | aaa_76_26 | 2.4542666161855775 × 10^279 |
| 156 | aaa_76_25 | 4.2458647235122237 × 10^279 |
| 155 | ov_155 | 1.1639200174936579 × 10^280 |
| 154 | ov_154 | 2.3867475990976805 × 10^280 |
| 153 | ov_153 | 4.294976787420719 × 10^280 |
| 152 | ov_152 | 7.123678851811461 × 10^280 |
| 151 | ov_151 | 1.1141094023901478 × 10^281 |
| 150 | ov_150 | 1.6648642774511212 × 10^281 |
| 149 | ov_149 | 2.3980949215900207 × 10^281 |
| 148 | ov_148 | 3.350588638259492 × 10^281 |
| 147 | ov_147 | 4.562465566266387 × 10^281 |
| 146 | ov_146 | 6.077191485184568 × 10^281 |
| 145 | ov_145 | 7.941597150375483 × 10^281 |
| 144 | ov_144 | 1.0205906045069843 × 10^282 |
| 143 | ov_143 | 1.2923772657175788 × 10^282 |
| 142 | ov_142 | 1.6152333608829937 × 10^282 |
| 141 | ov_141 | 1.9952274187304552 × 10^282 |
| 140 | ov_140 | 2.438791304691287 × 10^282 |
| 139 | ov_139 | 2.952730807330454 × 10^282 |
| 138 | ov_138 | 3.544238662442647 × 10^282 |
| 137 | ov_137 | 4.2209103586990874 × 10^282 |
| 136 | ov_136 | 4.9907630914247277 × 10^282 |
| 135 | ov_135 | 5.862258254106972 × 10^282 |
| 134 | ov_134 | 6.844327880690523 × 10^282 |
| 133 | ov_133 | 7.946405475723866 × 10^282 |
| 132 | ov_132 | 9.178461694138974 × 10^282 |
| 131 | ov_131 | 1.0551045358037156 × 10^283 |
| 130 | ov_130 | 1.0551052414172748 × 10^283 |
| 129 | ov_129 | 1.055108154492699 × 10^283 |
| 128 | aaa_77_29 | 1.124139670504056 × 10^283 |
| 127 | aaa_77_28 | 2.9967291298520948 × 10^283 |
| 126 | ov_126 | 9.38088087349861 × 10^283 |
| 125 | ov_125 | 2.1065011447491354 × 10^284 |
| 124 | ov_124 | 4.009893976270551 × 10^284 |
| 123 | ov_123 | 6.853250620499961 × 10^284 |
| 122 | ov_122 | 1.0841563299938118 × 10^285 |
| 121 | ov_121 | 1.6179848118489117 × 10^285 |
| 120 | ov_120 | 2.3073175785767766 × 10^285 |
| 119 | ov_119 | 3.172672114025145 × 10^285 |
| 118 | ov_118 | 4.2345842425258203 × 10^285 |
| 117 | ov_117 | 5.513621050845387 × 10^285 |
| 116 | ov_116 | 7.030400560133685 × 10^285 |
| 115 | ov_115 | 8.805619474328662 × 10^285 |
| 114 | ov_114 | 1.0860090331597936 × 10^286 |
| 113 | ov_113 | 1.3214789385646043 × 10^286 |
| 112 | ov_112 | 1.5890916544229672 × 10^286 |
| 111 | ov_111 | 1.8909968693256499 × 10^286 |
| 110 | ov_110 | 2.229382773677729 × 10^286 |
| 109 | ov_109 | 2.606486468650307 × 10^286 |
| 108 | ov_108 | 3.0246061139768223 × 10^286 |
| 107 | ov_107 | 3.4861149492783403 × 10^286 |
| 106 | ov_106 | 3.9934773247334023 × 10^286 |
| 105 | ov_105 | 4.549266878462405 × 10^286 |
| 104 | ov_104 | 5.15618700006719 × 10^286 |
| 103 | ov_103 | 5.817093722455533 × 10^286 |
| 102 | ov_102 | 6.535021187498259 × 10^286 |
| 101 | ov_101 | 7.313209835333528 × 10^286 |
| 100 | ov_100 | 8.15513747237297 × 10^286 |
| 99 | ov_099 | 9.06455337941921 × 10^286 |
| 98 | ov_098 | 9.064640528935471 × 10^286 |
| 97 | ov_097 | 9.064913034930671 × 10^286 |
| 96 | aaa_78_29 | 1.3734561593138985 × 10^287 |
| 95 | aaa_78_28 | 4.472554339171612 × 10^287 |
| 94 | ov_094 | 1.448470880429349 × 10^288 |
| 93 | ov_093 | 3.3817197762342414 × 10^288 |
| 92 | ov_092 | 6.768197437630686 × 10^288 |
| 91 | ov_091 | 1.2793433958168946 × 10^289 |
| 90 | ov_090 | 2.2929293559710395 × 10^289 |
| 89 | ov_089 | 3.893416486726315 × 10^289 |
| 88 | ov_088 | 6.285337054772474 × 10^289 |
| 87 | ov_087 | 9.701992985943913 × 10^289 |
| 86 | ov_086 | 1.4405582865069036 × 10^290 |
| 85 | ov_085 | 2.068739594444829 × 10^290 |
| 84 | ov_084 | 2.886808956277292 × 10^290 |
| 83 | ov_083 | 3.92980663780919 × 10^290 |
| 82 | ov_082 | 5.235796782217851 × 10^290 |
| 81 | ov_081 | 6.8459300190750374 × 10^290 |
| 64 | lv_79_m31 | 7.673442220201527 × 10^290 |
| 80 | ov_080 | 8.804520979656335 × 10^290 |
| 79 | ov_079 | 1.1159142363368635 × 10^291 |
| 78 | ov_078 | 1.3960737203589771 × 10^291 |
| 77 | ov_077 | 1.7263750986601683 × 10^291 |
| 76 | ov_076 | 2.1126285285308478 × 10^291 |
| 75 | ov_075 | 2.5610274580869526 × 10^291 |
| 74 | ov_074 | 3.078168796115642 × 10^291 |
| 73 | ov_073 | 3.671075740607937 × 10^291 |
| 63 | ov_063 | 3.936385889500871 × 10^291 |
| 72 | ov_072 | 4.3472234397447913 × 10^291 |
| 71 | ov_071 | 5.114567662636301 × 10^291 |
| 70 | ov_070 | 5.981576661552162 × 10^291 |
| 69 | ov_069 | 6.957266412869488 × 10^291 |
| 68 | ov_068 | 8.051239430657185 × 10^291 |
| 67 | ov_067 | 9.273727354880485 × 10^291 |
| 66 | ov_066 | 9.273733963947701 × 10^291 |
| 65 | ov_065 | 9.27376097042403 × 10^291 |
| 62 | ov_062 | 2.0189269322739654 × 10^292 |
| 61 | ov_061 | 7.357596662617508 × 10^292 |
| 60 | ov_060 | 2.1058010730911286 × 10^293 |
| 59 | ov_059 | 5.080440578975483 × 10^293 |
| 58 | ov_058 | 1.0310347998680622 × 10^294 |
| 57 | ov_057 | 1.8627908884689908 × 10^294 |
| 56 | ov_056 | 3.187961758079825 × 10^294 |
| 55 | ov_055 | 5.227543525533558 × 10^294 |
| 54 | ov_054 | 8.238885409895766 × 10^294 |
| 53 | ov_053 | 1.2515702374524768 × 10^295 |
| 52 | ov_052 | 1.8388098118963584 × 10^295 |
| 51 | ov_051 | 2.6222605390941795 × 10^295 |
| 50 | ov_050 | 3.6422253870418687 × 10^295 |
| 49 | ov_049 | 4.942667854744382 × 10^295 |
| 48 | ov_048 | 6.57122838100177 × 10^295 |
| 47 | ov_047 | 8.579248075751893 × 10^295 |
| 32 | lv_80_m31 | 9.483579326185195 × 10^295 |
| 46 | ov_046 | 1.1021801756309578 × 10^296 |
| 45 | ov_045 | 1.3957742502941864 × 10^296 |
| 44 | ov_044 | 1.7449760182237471 × 10^296 |
| 43 | ov_043 | 2.1564456623398513 × 10^296 |
| 42 | ov_042 | 2.6372440372768127 × 10^296 |
| 41 | ov_041 | 3.19484441966043 × 10^296 |
| 40 | ov_040 | 3.837146875244492 × 10^296 |
| 39 | ov_039 | 4.572495610663996 × 10^296 |
| 31 | ov_031 | 4.862760169598763 × 10^296 |
| 38 | ov_038 | 5.409699704114402 × 10^296 |
| 37 | ov_037 | 6.358057636798913 × 10^296 |
| 36 | ov_036 | 7.427386075664638 × 10^296 |
| 35 | ov_035 | 8.628053387952797 × 10^296 |
| 34 | ov_034 | 9.971018399609685 × 10^296 |
| 33 | ov_033 | 1.1467874942850264 × 10^297 |
| 30 | ov_030 | 2.492902174815884 × 10^297 |
| 29 | ov_029 | 8.153755204856542 × 10^297 |
| 28 | ov_028 | 2.115812109278865 × 10^298 |
| 27 | ov_027 | 5.096848543946281 × 10^298 |
| 26 | ov_026 | 1.1136485147077272 × 10^299 |
| 25 | ov_025 | 2.205944537770268 × 10^299 |
| 24 | ov_024 | 4.0137187077307314 × 10^299 |
| 23 | ov_023 | 6.808793738581033 × 10^299 |
| 22 | ov_022 | 1.090767812413373 × 10^300 |
| 21 | ov_021 | 1.667158493747997 × 10^300 |
| 20 | ov_020 | 2.4506466134605633 × 10^300 |
| 19 | ov_019 | 3.486306942644801 × 10^300 |
| 18 | ov_018 | 4.8237028616885096 × 10^300 |
| 17 | ov_017 | 6.51690029821467 × 10^300 |
| 16 | ov_016 | 8.624488482591989 × 10^300 |
| 15 | ov_015 | 1.1209609725336492 × 10^301 |
| 14 | ov_014 | 1.4340000711773824 × 10^301 |
| 13 | ov_013 | 1.8088048100650441 × 10^301 |
| 12 | ov_012 | 2.253086150515647 × 10^301 |
| 11 | ov_011 | 2.7750367227330724 × 10^301 |
| 10 | ov_010 | 3.3833426410449137 × 10^301 |
| 9 | ov_009 | 4.087198156927107 × 10^301 |
| 8 | ov_008 | 4.8963235755604824 × 10^301 |
| 7 | ov_007 | 5.820986891738992 × 10^301 |
| 6 | ov_006 | 6.872029631440592 × 10^301 |
| 5 | ov_005 | 8.060897416403264 × 10^301 |
| 4 | ov_004 | 9.399675800766141 × 10^301 |
| 3 | ov_003 | 1.0901131961408713 × 10^302 |
| 2 | ov_002 | 1.2578762857246022 × 10^302 |
| 1 | ov_001 | 1.4446850507638995 × 10^302 |

