# Results for F001-F002-F003-F004-F005-F006-F007-F008-F009-F010-F011-F012-F013-F014-F015-F016-F017-F018-F019-F020-F021-F022-F023-F024-F025-F026-F027-F028-F029-F030-F031-F032-F033-F034-F035-F036-F037-F038-F039-F040-F041-F042-F043-F044-F045-F046-F047-F048-F049-F050-F051-F052-F053-F054-F055-F056-F057-F058-F059-F060-F061-F062-F063-F064-F065-F066-F067-F068-F069-F070-F071-F072-F073-F074-F075-F076-F077-F078-F079-F080-F081-F082-F083-F084-F085-F086-F087-F088-F089-F090-F091-F092-F093-F094-F095-F096-F097-F098-F099-F100-F101-F102-F103-F104-F105-F106-F107-F108-F109-F110-F111-F112-F113-F114-F115-F116-F117-F118-F119-F120-F121-F122-F123-F124-F125-F126-F127-F128-F129-F130-F131-F132-F133-F134-F135-F136-F137-F138-F139-F140-F141-F142-F143-F144-F145-F146-F147-F148-F149-F150-F151-F152-F153-F154-F155-F156-F157-F158-F159-F160-F161-F162-F163-F164-F165-F166-F167-F168-F169-F170-F171-F172-F173-F174-F175-F176-F177-F178-F179-F180-F181-F182-F183-F184-F185-F186-F187-F188-F189-F190-F191-F192-F193-F194-F195-F196-F197-F198-F199-F200-F201-F202-F203-F204-F205-F206-F207-F208-F209-F210-F211-F212-F213-F214-F215-F216-F217-F218-F219-F220-F221-F222-F223-F224-F225-F226-F227-F228-F229-F230-F231-F232-F233-F234-F235-F236-F237-F238-F239-F240-F241-F242-F243-F244-F245-F246-F247-F248-F249-F250-F251-F252-F253-F254-F255-F256-F257-F258-F259-F260-F261-F262-F263-F264-F265-F266-F267-F268-F269-F270-F271-F272-F273-F274-F275-F276-F277-F278-F279-F280-F281-F282-F283-F284-F285-F286-F287-F288-F289-F290-F291-F292-F293-F294-F295-F296-F297-F298-F299-F300-F301-F302-F303-F304-F305-F306-F307-F308-F309-F310-F311-F312-F313-F314-F315-F316-F317-F318-F319-F320-F321-F322-F323-F324-F325-F326-F327-F328-F329-F330-F331-F332-F333-F334-F335-F336-F337-F338-F339-F340-F341-F342-F343-F344-F345-F346-F347-F348-F349-F350-F351-F352-F353-F354-F355-F356-F357-F358-F359-F360-F361-F362-F363-F364-F365-F366-F367-F368-F369-F370-F371-F372-F373-F374-F375-F376-F377-F378-F379-F380-F381-F382-F383-F384-F385-F386-F387-F388-F389-F390-F391-F392-F393-F394-F395-F396-F397-F398-F399-F400-F401-F402-F403-F404-F405-F406-F407-F408-F409-F410-F411-F412-F413-F414-F415-F416-F417-F418-F419-F420-F421-F422-F423-F424-F425-F426-F427-F428-F429-F430-F431-F432-F433-F434-F435-F436-F437-F438-F439-F440-F441-F442-F443-F444-F445-F446-F447-F448-F449-F450-F451-F452-F453-F454-F455-F456-F457-F458-F459-F460-F461-F462-F463-F464-F465-F466-F467-F468-F469-F470-F471-F472-F473-F474-F475-F476-F477-F478-F479-F480-F481-F482-F483-F484-F485-F486-F487-F488-F489-F490-F491-F492-F493-F494-F495-F496-E507512-T511

## Summary

Number of input bits: 512  
Number of free input bits: 14  
Number of output bits: 160

Number of direct occurrences: 58631  
Number of assignments: 32505  
Number of operations: 12256020
(xor: 12225931,
and: 16343,
or: 13746)

Total complexity: 3.203320354012392 × 10^310

Least occurring input variable: iv_504 (4013)  
Most occurring input variable: iv_507 (4448)

Most co-occurring input variables: iv_497-iv_503 (2087)  
Least co-occurring input variables: iv_498-iv_502 (1844)

Potentially most occurring input variable: iv_497/iv_507 (4730)  
Potentially least occurring input variable: iv_502/iv_505 (4195)

Least output occurring input variable: iv_503 (73)  
Most output occurring input variable: iv_505 (88)

Most output co-occurring input variables: iv_498-iv_505 (52)  
Least output co-occurring input variables: iv_504-iv_506 (30)

Potentially most output occurring input variable: iv_504/iv_505 (93)  
Potentially least output occurring input variable: iv_501/iv_504 (62)

Least complex input bit: iv_497 (2.488332856451153 × 10^307)  
Most complex input bit: iv_510 (8.617257553949845 × 10^309)

Least complex output bit: aaa_76_29 (6.253654747685475 × 10^284)  
Most complex output bit: ov_001 (4.983560831427764 × 10^309)

Least complex input/output complexity: iv_497/aaa_76_29 (4.857826524304998 × 10^281)  
Most complex input/output complexity: iv_510/ov_001 (1.3406285501978639 × 10^309)

## Input Bits

### Input Bits in Regular Order

| Input Bit | Complexity | Occurrences | Output Occurrences |
|:---------:|:----------:|:-----------:|:------------------:|
| iv_497 | 2.488332856451153 × 10^307 | 4202 | 80 |
| iv_498 | 5.0201955518300774 × 10^307 | 4022 | 79 |
| iv_499 | 8.939331544023061 × 10^307 | 4203 | 75 |
| iv_500 | 1.5142349075240375 × 10^308 | 4205 | 81 |
| iv_501 | 2.5405176048936394 × 10^308 | 4227 | 75 |
| iv_502 | 4.113670526969961 × 10^308 | 4093 | 77 |
| iv_503 | 6.496688610404497 × 10^308 | 4246 | 73 |
| iv_504 | 1.0033637444601472 × 10^309 | 4013 | 75 |
| iv_505 | 1.5204716897060182 × 10^309 | 4140 | 88 |
| iv_506 | 2.2646997632579935 × 10^309 | 4167 | 74 |
| iv_507 | 5.8122419920016156 × 10^309 | 4448 | 81 |
| iv_508 | 4.713508808229822 × 10^309 | 4133 | 81 |
| iv_509 | 6.470670224016261 × 10^309 | 4231 | 85 |
| iv_510 | 8.617257553949845 × 10^309 | 4301 | 78 |

### Input Bits Sorted by Complexity

| Input Bit | Complexity | Occurrences | Output Occurrences |
|:---------:|:----------:|:-----------:|:------------------:|
| iv_497 | 2.488332856451153 × 10^307 | 4202 | 80 |
| iv_498 | 5.0201955518300774 × 10^307 | 4022 | 79 |
| iv_499 | 8.939331544023061 × 10^307 | 4203 | 75 |
| iv_500 | 1.5142349075240375 × 10^308 | 4205 | 81 |
| iv_501 | 2.5405176048936394 × 10^308 | 4227 | 75 |
| iv_502 | 4.113670526969961 × 10^308 | 4093 | 77 |
| iv_503 | 6.496688610404497 × 10^308 | 4246 | 73 |
| iv_504 | 1.0033637444601472 × 10^309 | 4013 | 75 |
| iv_505 | 1.5204716897060182 × 10^309 | 4140 | 88 |
| iv_506 | 2.2646997632579935 × 10^309 | 4167 | 74 |
| iv_508 | 4.713508808229822 × 10^309 | 4133 | 81 |
| iv_507 | 5.8122419920016156 × 10^309 | 4448 | 81 |
| iv_509 | 6.470670224016261 × 10^309 | 4231 | 85 |
| iv_510 | 8.617257553949845 × 10^309 | 4301 | 78 |

### Input Bits Sorted by Occurrences

| Input Bit | Complexity | Occurrences | Output Occurrences |
|:---------:|:----------:|:-----------:|:------------------:|
| iv_504 | 1.0033637444601472 × 10^309 | 4013 | 75 |
| iv_498 | 5.0201955518300774 × 10^307 | 4022 | 79 |
| iv_502 | 4.113670526969961 × 10^308 | 4093 | 77 |
| iv_508 | 4.713508808229822 × 10^309 | 4133 | 81 |
| iv_505 | 1.5204716897060182 × 10^309 | 4140 | 88 |
| iv_506 | 2.2646997632579935 × 10^309 | 4167 | 74 |
| iv_497 | 2.488332856451153 × 10^307 | 4202 | 80 |
| iv_499 | 8.939331544023061 × 10^307 | 4203 | 75 |
| iv_500 | 1.5142349075240375 × 10^308 | 4205 | 81 |
| iv_501 | 2.5405176048936394 × 10^308 | 4227 | 75 |
| iv_509 | 6.470670224016261 × 10^309 | 4231 | 85 |
| iv_503 | 6.496688610404497 × 10^308 | 4246 | 73 |
| iv_510 | 8.617257553949845 × 10^309 | 4301 | 78 |
| iv_507 | 5.8122419920016156 × 10^309 | 4448 | 81 |

### Input Bits Sorted by Output Occurrences

| Input Bit | Complexity | Occurrences | Output Occurrences |
|:---------:|:----------:|:-----------:|:------------------:|
| iv_503 | 6.496688610404497 × 10^308 | 4246 | 73 |
| iv_506 | 2.2646997632579935 × 10^309 | 4167 | 74 |
| iv_501 | 2.5405176048936394 × 10^308 | 4227 | 75 |
| iv_504 | 1.0033637444601472 × 10^309 | 4013 | 75 |
| iv_499 | 8.939331544023061 × 10^307 | 4203 | 75 |
| iv_502 | 4.113670526969961 × 10^308 | 4093 | 77 |
| iv_510 | 8.617257553949845 × 10^309 | 4301 | 78 |
| iv_498 | 5.0201955518300774 × 10^307 | 4022 | 79 |
| iv_497 | 2.488332856451153 × 10^307 | 4202 | 80 |
| iv_500 | 1.5142349075240375 × 10^308 | 4205 | 81 |
| iv_507 | 5.8122419920016156 × 10^309 | 4448 | 81 |
| iv_508 | 4.713508808229822 × 10^309 | 4133 | 81 |
| iv_509 | 6.470670224016261 × 10^309 | 4231 | 85 |
| iv_505 | 1.5204716897060182 × 10^309 | 4140 | 88 |

## Input Bit Co-occurrences

### Input Bit Co-occurrences Sorted by Co-occurrences

| Input Bits | Co-occurrences | Potential Occurrences | Output Co-occurrences | Potential Output Occurrences |
|:----------:|:--------------:|:---------------------:|:---------------------:|:----------------------------:|
| iv_497-iv_503 | 2087 | 4274 | 41 | 71 |
| iv_500-iv_503 | 2082 | 4287 | 36 | 82 |
| iv_500-iv_509 | 2077 | 4282 | 39 | 88 |
| iv_500-iv_510 | 2067 | 4372 | 37 | 85 |
| iv_506-iv_509 | 2066 | 4266 | 39 | 81 |
| iv_499-iv_510 | 2066 | 4372 | 35 | 83 |
| iv_497-iv_509 | 2060 | 4313 | 45 | 75 |
| iv_501-iv_510 | 2056 | 4416 | 36 | 81 |
| iv_501-iv_507 | 2054 | 4567 | 44 | 68 |
| iv_499-iv_506 | 2053 | 4264 | 32 | 85 |
| iv_507-iv_510 | 2047 | 4655 | 42 | 75 |
| iv_499-iv_509 | 2047 | 4340 | 42 | 76 |
| iv_501-iv_509 | 2045 | 4368 | 40 | 80 |
| iv_497-iv_501 | 2043 | 4343 | 37 | 81 |

### Input Bit Co-occurrences Sorted by Potential Occurrences

| Input Bits | Co-occurrences | Potential Occurrences | Output Co-occurrences | Potential Output Occurrences |
|:----------:|:--------------:|:---------------------:|:---------------------:|:----------------------------:|
| iv_502-iv_505 | 2019 | 4195 | 40 | 85 |
| iv_501-iv_504 | 2001 | 4238 | 44 | 62 |
| iv_498-iv_505 | 1957 | 4248 | 52 | 63 |
| iv_499-iv_506 | 2053 | 4264 | 32 | 85 |
| iv_506-iv_509 | 2066 | 4266 | 39 | 81 |
| iv_498-iv_504 | 1883 | 4269 | 35 | 84 |
| iv_497-iv_503 | 2087 | 4274 | 41 | 71 |
| iv_502-iv_504 | 1912 | 4282 | 41 | 70 |
| iv_500-iv_509 | 2077 | 4282 | 39 | 88 |
| iv_500-iv_503 | 2082 | 4287 | 36 | 82 |
| iv_499-iv_508 | 2015 | 4306 | 33 | 90 |
| iv_497-iv_509 | 2060 | 4313 | 45 | 75 |
| iv_506-iv_508 | 1993 | 4314 | 38 | 79 |
| iv_504-iv_508 | 1915 | 4316 | 42 | 72 |

### Input Bit Output Co-occurrences Sorted by Output Co-occurrences

| Input Bits | Co-occurrences | Potential Occurrences | Output Co-occurrences | Potential Output Occurrences |
|:----------:|:--------------:|:---------------------:|:---------------------:|:----------------------------:|
| iv_498-iv_505 | 1957 | 4248 | 52 | 63 |
| iv_505-iv_509 | 2027 | 4317 | 51 | 71 |
| iv_505-iv_507 | 2019 | 4550 | 49 | 71 |
| iv_501-iv_505 | 1990 | 4387 | 47 | 69 |
| iv_497-iv_502 | 1979 | 4337 | 46 | 65 |
| iv_505-iv_506 | 1949 | 4409 | 46 | 70 |
| iv_497-iv_509 | 2060 | 4313 | 45 | 75 |
| iv_500-iv_507 | 2034 | 4585 | 45 | 72 |
| iv_499-iv_505 | 2001 | 4341 | 45 | 73 |
| iv_498-iv_509 | 1921 | 4411 | 44 | 76 |
| iv_500-iv_505 | 1947 | 4451 | 44 | 81 |
| iv_501-iv_504 | 2001 | 4238 | 44 | 62 |
| iv_501-iv_507 | 2054 | 4567 | 44 | 68 |
| iv_497-iv_505 | 1962 | 4418 | 44 | 80 |

### Input Bit Output Co-occurrences Sorted by Potential Output Occurrences

| Input Bits | Co-occurrences | Potential Occurrences | Output Co-occurrences | Potential Output Occurrences |
|:----------:|:--------------:|:---------------------:|:---------------------:|:----------------------------:|
| iv_501-iv_504 | 2001 | 4238 | 44 | 62 |
| iv_498-iv_505 | 1957 | 4248 | 52 | 63 |
| iv_497-iv_502 | 1979 | 4337 | 46 | 65 |
| iv_501-iv_507 | 2054 | 4567 | 44 | 68 |
| iv_501-iv_505 | 1990 | 4387 | 47 | 69 |
| iv_498-iv_503 | 1923 | 4422 | 41 | 70 |
| iv_502-iv_504 | 1912 | 4282 | 41 | 70 |
| iv_505-iv_506 | 1949 | 4409 | 46 | 70 |
| iv_505-iv_509 | 2027 | 4317 | 51 | 71 |
| iv_497-iv_503 | 2087 | 4274 | 41 | 71 |
| iv_506-iv_507 | 2010 | 4595 | 42 | 71 |
| iv_505-iv_507 | 2019 | 4550 | 49 | 71 |
| iv_504-iv_508 | 1915 | 4316 | 42 | 72 |
| iv_500-iv_507 | 2034 | 4585 | 45 | 72 |

## Output Bits

### Output Bits in Regular Order

| Rank | Output Bit | Complexity |
|:----:|:----------:|:----------:|
| 1 | ov_001 | 4.983560831427764 × 10^309 |
| 2 | ov_002 | 4.339282001098974 × 10^309 |
| 3 | ov_003 | 3.7606495098909776 × 10^309 |
| 4 | ov_004 | 3.2427493468641372 × 10^309 |
| 5 | ov_005 | 2.7809363988426647 × 10^309 |
| 6 | ov_006 | 2.3708155062098896 × 10^309 |
| 7 | ov_007 | 2.0082249902875785 × 10^309 |
| 8 | ov_008 | 1.6892224239341827 × 10^309 |
| 9 | ov_009 | 1.4100724292818663 × 10^309 |
| 10 | ov_010 | 1.1672362983609303 × 10^309 |
| 11 | ov_011 | 9.573632438128574 × 10^308 |
| 12 | ov_012 | 7.772830980399241 × 10^308 |
| 13 | ov_013 | 6.24000290040895 × 10^308 |
| 14 | ov_014 | 4.946889398908081 × 10^308 |
| 15 | ov_015 | 3.866889213823661 × 10^308 |
| 16 | ov_016 | 2.975027537936066 × 10^308 |
| 17 | ov_017 | 2.2479319411135994 × 10^308 |
| 18 | ov_018 | 1.6638141134644688 × 10^308 |
| 19 | ov_019 | 1.202456348432295 × 10^308 |
| 20 | ov_020 | 8.452017872687647 × 10^307 |
| 21 | ov_021 | 5.749475485641613 × 10^307 |
| 22 | ov_022 | 3.761400042928839 × 10^307 |
| 23 | ov_023 | 2.347716371779364 × 10^307 |
| 24 | ov_024 | 1.3837903911646746 × 10^307 |
| 25 | ov_025 | 7.604170344203626 × 10^306 |
| 26 | ov_026 | 3.838136277798863 × 10^306 |
| 27 | ov_027 | 1.756167717577795 × 10^306 |
| 28 | ov_028 | 7.2881110091843245 × 10^305 |
| 29 | ov_029 | 2.8078933028729578 × 10^305 |
| 30 | ov_030 | 8.582527496522145 × 10^304 |
| 31 | ov_031 | 1.6736442941626756 × 10^304 |
| 32 | lv_80_m31 | 3.2630241414319396 × 10^303 |
| 33 | ov_033 | 3.929602908824019 × 10^304 |
| 34 | ov_034 | 3.412052204819468 × 10^304 |
| 35 | ov_035 | 2.9482098632376744 × 10^304 |
| 36 | ov_036 | 2.533998094057201 × 10^304 |
| 37 | ov_037 | 2.1655634565517365 × 10^304 |
| 38 | ov_038 | 1.8392610423867184 × 10^304 |
| 39 | ov_039 | 1.5516406903675592 × 10^304 |
| 40 | ov_040 | 1.2994350484534515 × 10^304 |
| 41 | ov_041 | 1.0795493083830614 × 10^304 |
| 42 | ov_042 | 8.890524476522148 × 10^303 |
| 43 | ov_043 | 7.25169822703568 × 10^303 |
| 44 | ov_044 | 5.8527696609019635 × 10^303 |
| 45 | ov_045 | 4.6689444910691674 × 10^303 |
| 46 | ov_046 | 3.6768367998539804 × 10^303 |
| 47 | ov_047 | 2.8544351625519517 × 10^303 |
| 48 | ov_048 | 2.1810757830984507 × 10^303 |
| 49 | ov_049 | 1.6374215960637404 × 10^303 |
| 50 | ov_050 | 1.2054463728397532 × 10^303 |
| 51 | ov_051 | 8.684229532454097 × 10^302 |
| 52 | ov_052 | 6.1091480701591465 × 10^302 |
| 53 | ov_053 | 4.187702127951777 × 10^302 |
| 54 | ov_054 | 2.7911842534859036 × 10^302 |
| 55 | ov_055 | 1.8036728477605105 × 10^302 |
| 56 | ov_056 | 1.1220180454692578 × 10^302 |
| 57 | ov_057 | 6.558337159017182 × 10^301 |
| 58 | ov_058 | 3.6311701253865394 × 10^301 |
| 59 | ov_059 | 1.7899833999656284 × 10^301 |
| 60 | ov_060 | 7.423201891104622 × 10^300 |
| 61 | ov_061 | 2.595035285062278 × 10^300 |
| 62 | ov_062 | 7.124571845962849 × 10^299 |
| 63 | ov_063 | 1.3898819617780052 × 10^299 |
| 64 | lv_79_m31 | 2.7108703928361954 × 10^298 |
| 65 | ov_065 | 3.277496187097302 × 10^299 |
| 66 | ov_066 | 3.277487166953568 × 10^299 |
| 67 | ov_067 | 3.2774849841591666 × 10^299 |
| 68 | ov_068 | 2.850372098412564 × 10^299 |
| 69 | ov_069 | 2.4669958918389345 × 10^299 |
| 70 | ov_070 | 2.124087111886535 × 10^299 |
| 71 | ov_071 | 1.8185533073479848 × 10^299 |
| 72 | ov_072 | 1.5474662680278414 × 10^299 |
| 73 | ov_073 | 1.308051153587974 × 10^299 |
| 74 | ov_074 | 1.09767715341517 × 10^299 |
| 75 | ov_075 | 9.138495278179102 × 10^298 |
| 76 | ov_076 | 7.54202888983808 × 10^298 |
| 77 | ov_077 | 6.164955879732891 × 10^298 |
| 78 | ov_078 | 4.986050816392249 × 10^298 |
| 79 | ov_079 | 3.9852416079041653 × 10^298 |
| 80 | ov_080 | 3.1435792819701097 × 10^298 |
| 81 | ov_081 | 2.44321422200451 × 10^298 |
| 82 | ov_082 | 1.867377887665847 × 10^298 |
| 83 | ov_083 | 1.4003691183056568 × 10^298 |
| 84 | ov_084 | 1.0275441874433745 × 10^298 |
| 85 | ov_085 | 7.353098456620458 × 10^297 |
| 86 | ov_086 | 5.1111865838231 × 10^297 |
| 87 | ov_087 | 3.4346601389043093 × 10^297 |
| 88 | ov_088 | 2.2188824582644414 × 10^297 |
| 89 | ov_089 | 1.3696142251139915 × 10^297 |
| 90 | ov_090 | 8.030053383454846 × 10^296 |
| 91 | ov_091 | 4.455895897657157 × 10^296 |
| 92 | ov_092 | 2.3428146808745823 × 10^296 |
| 93 | ov_093 | 1.1637444201939657 × 10^296 |
| 94 | ov_094 | 4.954016275800431 × 10^295 |
| 95 | aaa_78_28 | 1.5208943675437294 × 10^295 |
| 96 | aaa_78_29 | 4.628183917450161 × 10^294 |
| 97 | ov_097 | 2.588816942028556 × 10^294 |
| 98 | ov_098 | 2.5888055199057417 × 10^294 |
| 99 | ov_099 | 2.5888018669410687 × 10^294 |
| 100 | ov_100 | 2.239187904937108 × 10^294 |
| 101 | ov_101 | 1.9264960557545167 × 10^294 |
| 102 | ov_102 | 1.647897791362339 × 10^294 |
| 103 | ov_103 | 1.4007217384867215 × 10^294 |
| 104 | ov_104 | 1.1824422983171117 × 10^294 |
| 105 | ov_105 | 9.906696955994059 × 10^293 |
| 106 | ov_106 | 8.231413298444285 × 10^293 |
| 107 | ov_107 | 6.777143081081368 × 10^293 |
| 108 | ov_108 | 5.523590452663488 × 10^293 |
| 109 | ov_109 | 4.451538239582667 × 10^293 |
| 110 | ov_110 | 3.542802124503271 × 10^293 |
| 111 | ov_111 | 2.7801924461030217 × 10^293 |
| 112 | ov_112 | 2.147482720114398 × 10^293 |
| 113 | ov_113 | 1.6293840393334115 × 10^293 |
| 114 | ov_114 | 1.211524567115103 × 10^293 |
| 115 | ov_115 | 8.804333952837323 × 10^292 |
| 116 | ov_116 | 6.235280934878456 × 10^292 |
| 117 | ov_117 | 4.2910533293136347 × 10^292 |
| 118 | ov_118 | 2.863340231884399 × 10^292 |
| 119 | ov_119 | 1.852504565145382 × 10^292 |
| 120 | ov_120 | 1.1675500973180577 × 10^292 |
| 121 | ov_121 | 7.261000941213147 × 10^291 |
| 122 | ov_122 | 4.5438421716231734 × 10^291 |
| 123 | ov_123 | 2.8723083876906344 × 10^291 |
| 124 | ov_124 | 1.6806267934655368 × 10^291 |
| 125 | ov_125 | 8.828867849982215 × 10^290 |
| 126 | ov_126 | 3.9318118535032785 × 10^290 |
| 127 | aaa_77_28 | 1.2560371667605214 × 10^290 |
| 128 | aaa_77_29 | 4.711763094471219 × 10^289 |
| 129 | ov_129 | 4.422612127127223 × 10^289 |
| 130 | ov_130 | 4.422599932433154 × 10^289 |
| 131 | ov_131 | 4.4225969794053774 × 10^289 |
| 132 | ov_132 | 3.847425208525119 × 10^289 |
| 133 | ov_133 | 3.3311004403992274 × 10^289 |
| 134 | ov_134 | 2.8692128844954706 × 10^289 |
| 135 | ov_135 | 2.457593537617832 × 10^289 |
| 136 | ov_136 | 2.0922970703249213 × 10^289 |
| 137 | ov_137 | 1.7695869631121233 × 10^289 |
| 138 | ov_138 | 1.485922685587773 × 10^289 |
| 139 | ov_139 | 1.2379487226744127 × 10^289 |
| 140 | ov_140 | 1.0224852623065126 × 10^289 |
| 141 | ov_141 | 8.365203692477986 × 10^288 |
| 142 | ov_142 | 6.77203479576506 × 10^288 |
| 143 | ov_143 | 5.4184006013800245 × 10^288 |
| 144 | ov_144 | 4.278872868852882 × 10^288 |
| 145 | ov_145 | 3.32950605554795 × 10^288 |
| 146 | ov_146 | 2.5478104758631213 × 10^288 |
| 147 | ov_147 | 1.9127318361375437 × 10^288 |
| 148 | ov_148 | 1.404636062438596 × 10^288 |
| 149 | ov_149 | 1.0052984321366211 × 10^288 |
| 150 | ov_150 | 6.978961138156177 × 10^287 |
| 151 | ov_151 | 4.670033136500868 × 10^287 |
| 152 | ov_152 | 2.985883199253182 × 10^287 |
| 153 | ov_153 | 1.8001183090439736 × 10^287 |
| 154 | ov_154 | 1.0002606565039364 × 10^287 |
| 155 | ov_155 | 4.877430621767628 × 10^286 |
| 156 | aaa_76_25 | 1.7790674287596703 × 10^286 |
| 157 | aaa_76_26 | 1.0282216437596361 × 10^286 |
| 158 | aaa_76_27 | 5.268347156400805 × 10^285 |
| 159 | aaa_76_28 | 2.053747202546141 × 10^285 |
| 160 | aaa_76_29 | 6.253654747685475 × 10^284 |

### Output Bits Sorted by Complexity

| Rank | Output Bit | Complexity |
|:----:|:----------:|:----------:|
| 160 | aaa_76_29 | 6.253654747685475 × 10^284 |
| 159 | aaa_76_28 | 2.053747202546141 × 10^285 |
| 158 | aaa_76_27 | 5.268347156400805 × 10^285 |
| 157 | aaa_76_26 | 1.0282216437596361 × 10^286 |
| 156 | aaa_76_25 | 1.7790674287596703 × 10^286 |
| 155 | ov_155 | 4.877430621767628 × 10^286 |
| 154 | ov_154 | 1.0002606565039364 × 10^287 |
| 153 | ov_153 | 1.8001183090439736 × 10^287 |
| 152 | ov_152 | 2.985883199253182 × 10^287 |
| 151 | ov_151 | 4.670033136500868 × 10^287 |
| 150 | ov_150 | 6.978961138156177 × 10^287 |
| 149 | ov_149 | 1.0052984321366211 × 10^288 |
| 148 | ov_148 | 1.404636062438596 × 10^288 |
| 147 | ov_147 | 1.9127318361375437 × 10^288 |
| 146 | ov_146 | 2.5478104758631213 × 10^288 |
| 145 | ov_145 | 3.32950605554795 × 10^288 |
| 144 | ov_144 | 4.278872868852882 × 10^288 |
| 143 | ov_143 | 5.4184006013800245 × 10^288 |
| 142 | ov_142 | 6.77203479576506 × 10^288 |
| 141 | ov_141 | 8.365203692477986 × 10^288 |
| 140 | ov_140 | 1.0224852623065126 × 10^289 |
| 139 | ov_139 | 1.2379487226744127 × 10^289 |
| 138 | ov_138 | 1.485922685587773 × 10^289 |
| 137 | ov_137 | 1.7695869631121233 × 10^289 |
| 136 | ov_136 | 2.0922970703249213 × 10^289 |
| 135 | ov_135 | 2.457593537617832 × 10^289 |
| 134 | ov_134 | 2.8692128844954706 × 10^289 |
| 133 | ov_133 | 3.3311004403992274 × 10^289 |
| 132 | ov_132 | 3.847425208525119 × 10^289 |
| 131 | ov_131 | 4.4225969794053774 × 10^289 |
| 130 | ov_130 | 4.422599932433154 × 10^289 |
| 129 | ov_129 | 4.422612127127223 × 10^289 |
| 128 | aaa_77_29 | 4.711763094471219 × 10^289 |
| 127 | aaa_77_28 | 1.2560371667605214 × 10^290 |
| 126 | ov_126 | 3.9318118535032785 × 10^290 |
| 125 | ov_125 | 8.828867849982215 × 10^290 |
| 124 | ov_124 | 1.6806267934655368 × 10^291 |
| 123 | ov_123 | 2.8723083876906344 × 10^291 |
| 122 | ov_122 | 4.5438421716231734 × 10^291 |
| 121 | ov_121 | 7.261000941213147 × 10^291 |
| 120 | ov_120 | 1.1675500973180577 × 10^292 |
| 119 | ov_119 | 1.852504565145382 × 10^292 |
| 118 | ov_118 | 2.863340231884399 × 10^292 |
| 117 | ov_117 | 4.2910533293136347 × 10^292 |
| 116 | ov_116 | 6.235280934878456 × 10^292 |
| 115 | ov_115 | 8.804333952837323 × 10^292 |
| 114 | ov_114 | 1.211524567115103 × 10^293 |
| 113 | ov_113 | 1.6293840393334115 × 10^293 |
| 112 | ov_112 | 2.147482720114398 × 10^293 |
| 111 | ov_111 | 2.7801924461030217 × 10^293 |
| 110 | ov_110 | 3.542802124503271 × 10^293 |
| 109 | ov_109 | 4.451538239582667 × 10^293 |
| 108 | ov_108 | 5.523590452663488 × 10^293 |
| 107 | ov_107 | 6.777143081081368 × 10^293 |
| 106 | ov_106 | 8.231413298444285 × 10^293 |
| 105 | ov_105 | 9.906696955994059 × 10^293 |
| 104 | ov_104 | 1.1824422983171117 × 10^294 |
| 103 | ov_103 | 1.4007217384867215 × 10^294 |
| 102 | ov_102 | 1.647897791362339 × 10^294 |
| 101 | ov_101 | 1.9264960557545167 × 10^294 |
| 100 | ov_100 | 2.239187904937108 × 10^294 |
| 99 | ov_099 | 2.5888018669410687 × 10^294 |
| 98 | ov_098 | 2.5888055199057417 × 10^294 |
| 97 | ov_097 | 2.588816942028556 × 10^294 |
| 96 | aaa_78_29 | 4.628183917450161 × 10^294 |
| 95 | aaa_78_28 | 1.5208943675437294 × 10^295 |
| 94 | ov_094 | 4.954016275800431 × 10^295 |
| 93 | ov_093 | 1.1637444201939657 × 10^296 |
| 92 | ov_092 | 2.3428146808745823 × 10^296 |
| 91 | ov_091 | 4.455895897657157 × 10^296 |
| 90 | ov_090 | 8.030053383454846 × 10^296 |
| 89 | ov_089 | 1.3696142251139915 × 10^297 |
| 88 | ov_088 | 2.2188824582644414 × 10^297 |
| 87 | ov_087 | 3.4346601389043093 × 10^297 |
| 86 | ov_086 | 5.1111865838231 × 10^297 |
| 85 | ov_085 | 7.353098456620458 × 10^297 |
| 84 | ov_084 | 1.0275441874433745 × 10^298 |
| 83 | ov_083 | 1.4003691183056568 × 10^298 |
| 82 | ov_082 | 1.867377887665847 × 10^298 |
| 81 | ov_081 | 2.44321422200451 × 10^298 |
| 64 | lv_79_m31 | 2.7108703928361954 × 10^298 |
| 80 | ov_080 | 3.1435792819701097 × 10^298 |
| 79 | ov_079 | 3.9852416079041653 × 10^298 |
| 78 | ov_078 | 4.986050816392249 × 10^298 |
| 77 | ov_077 | 6.164955879732891 × 10^298 |
| 76 | ov_076 | 7.54202888983808 × 10^298 |
| 75 | ov_075 | 9.138495278179102 × 10^298 |
| 74 | ov_074 | 1.09767715341517 × 10^299 |
| 73 | ov_073 | 1.308051153587974 × 10^299 |
| 63 | ov_063 | 1.3898819617780052 × 10^299 |
| 72 | ov_072 | 1.5474662680278414 × 10^299 |
| 71 | ov_071 | 1.8185533073479848 × 10^299 |
| 70 | ov_070 | 2.124087111886535 × 10^299 |
| 69 | ov_069 | 2.4669958918389345 × 10^299 |
| 68 | ov_068 | 2.850372098412564 × 10^299 |
| 67 | ov_067 | 3.2774849841591666 × 10^299 |
| 66 | ov_066 | 3.277487166953568 × 10^299 |
| 65 | ov_065 | 3.277496187097302 × 10^299 |
| 62 | ov_062 | 7.124571845962849 × 10^299 |
| 61 | ov_061 | 2.595035285062278 × 10^300 |
| 60 | ov_060 | 7.423201891104622 × 10^300 |
| 59 | ov_059 | 1.7899833999656284 × 10^301 |
| 58 | ov_058 | 3.6311701253865394 × 10^301 |
| 57 | ov_057 | 6.558337159017182 × 10^301 |
| 56 | ov_056 | 1.1220180454692578 × 10^302 |
| 55 | ov_055 | 1.8036728477605105 × 10^302 |
| 54 | ov_054 | 2.7911842534859036 × 10^302 |
| 53 | ov_053 | 4.187702127951777 × 10^302 |
| 52 | ov_052 | 6.1091480701591465 × 10^302 |
| 51 | ov_051 | 8.684229532454097 × 10^302 |
| 50 | ov_050 | 1.2054463728397532 × 10^303 |
| 49 | ov_049 | 1.6374215960637404 × 10^303 |
| 48 | ov_048 | 2.1810757830984507 × 10^303 |
| 47 | ov_047 | 2.8544351625519517 × 10^303 |
| 32 | lv_80_m31 | 3.2630241414319396 × 10^303 |
| 46 | ov_046 | 3.6768367998539804 × 10^303 |
| 45 | ov_045 | 4.6689444910691674 × 10^303 |
| 44 | ov_044 | 5.8527696609019635 × 10^303 |
| 43 | ov_043 | 7.25169822703568 × 10^303 |
| 42 | ov_042 | 8.890524476522148 × 10^303 |
| 41 | ov_041 | 1.0795493083830614 × 10^304 |
| 40 | ov_040 | 1.2994350484534515 × 10^304 |
| 39 | ov_039 | 1.5516406903675592 × 10^304 |
| 31 | ov_031 | 1.6736442941626756 × 10^304 |
| 38 | ov_038 | 1.8392610423867184 × 10^304 |
| 37 | ov_037 | 2.1655634565517365 × 10^304 |
| 36 | ov_036 | 2.533998094057201 × 10^304 |
| 35 | ov_035 | 2.9482098632376744 × 10^304 |
| 34 | ov_034 | 3.412052204819468 × 10^304 |
| 33 | ov_033 | 3.929602908824019 × 10^304 |
| 30 | ov_030 | 8.582527496522145 × 10^304 |
| 29 | ov_029 | 2.8078933028729578 × 10^305 |
| 28 | ov_028 | 7.2881110091843245 × 10^305 |
| 27 | ov_027 | 1.756167717577795 × 10^306 |
| 26 | ov_026 | 3.838136277798863 × 10^306 |
| 25 | ov_025 | 7.604170344203626 × 10^306 |
| 24 | ov_024 | 1.3837903911646746 × 10^307 |
| 23 | ov_023 | 2.347716371779364 × 10^307 |
| 22 | ov_022 | 3.761400042928839 × 10^307 |
| 21 | ov_021 | 5.749475485641613 × 10^307 |
| 20 | ov_020 | 8.452017872687647 × 10^307 |
| 19 | ov_019 | 1.202456348432295 × 10^308 |
| 18 | ov_018 | 1.6638141134644688 × 10^308 |
| 17 | ov_017 | 2.2479319411135994 × 10^308 |
| 16 | ov_016 | 2.975027537936066 × 10^308 |
| 15 | ov_015 | 3.866889213823661 × 10^308 |
| 14 | ov_014 | 4.946889398908081 × 10^308 |
| 13 | ov_013 | 6.24000290040895 × 10^308 |
| 12 | ov_012 | 7.772830980399241 × 10^308 |
| 11 | ov_011 | 9.573632438128574 × 10^308 |
| 10 | ov_010 | 1.1672362983609303 × 10^309 |
| 9 | ov_009 | 1.4100724292818663 × 10^309 |
| 8 | ov_008 | 1.6892224239341827 × 10^309 |
| 7 | ov_007 | 2.0082249902875785 × 10^309 |
| 6 | ov_006 | 2.3708155062098896 × 10^309 |
| 5 | ov_005 | 2.7809363988426647 × 10^309 |
| 4 | ov_004 | 3.2427493468641372 × 10^309 |
| 3 | ov_003 | 3.7606495098909776 × 10^309 |
| 2 | ov_002 | 4.339282001098974 × 10^309 |
| 1 | ov_001 | 4.983560831427764 × 10^309 |

