# Results for F001-F002-F003-F004-F005-F006-F007-F008-F009-F010-F011-F012-F013-F014-F015-F016-F017-F018-F019-F020-F021-F022-F023-F024-F025-F026-F027-F028-F029-F030-F031-F032-F033-F034-F035-F036-F037-F038-F039-F040-F041-F042-F043-F044-F045-F046-F047-F048-F049-F050-F051-F052-F053-F054-F055-F056-F057-F058-F059-F060-F061-F062-F063-F064-F065-F066-F067-F068-F069-F070-F071-F072-F073-F074-F075-F076-F077-F078-F079-F080-F081-F082-F083-F084-F085-F086-F087-F088-F089-F090-F091-F092-F093-F094-F095-F096-F097-F098-F099-F100-F101-F102-F103-F104-F105-F106-F107-F108-F109-F110-F111-F112-F113-F114-F115-F116-F117-F118-F119-F120-F121-F122-F123-F124-F125-F126-F127-F128-F129-F130-F131-F132-F133-F134-F135-F136-F137-F138-F139-F140-F141-F142-F143-F144-F145-F146-F147-F148-F149-F150-F151-F152-F153-F154-F155-F156-F157-F158-F159-F160-F161-F162-F163-F164-F165-F166-F167-F168-F169-F170-F171-F172-F173-F174-F175-F176-F177-F178-F179-F180-F181-F182-F183-F184-F185-F186-F187-F188-F189-F190-F191-F192-F193-F194-F195-F196-F197-F198-F199-F200-F201-F202-F203-F204-F205-F206-F207-F208-F209-F210-F211-F212-F213-F214-F215-F216-F217-F218-F219-F220-F221-F222-F223-F224-F225-F226-F227-F228-F229-F230-F231-F232-F233-F234-F235-F236-F237-F238-F239-F240-F241-F242-F243-F244-F245-F246-F247-F248-F249-F250-F251-F252-F253-F254-F255-F256-F257-F258-F259-F260-F261-F262-F263-F264-F265-F266-F267-F268-F269-F270-F271-F272-F273-F274-F275-F276-F277-F278-F279-F280-F281-F282-F283-F284-F285-F286-F287-F288-F289-F290-F291-F292-F293-F294-F295-F296-F297-F298-F299-F300-F301-F302-F303-F304-F305-F306-F307-F308-F309-F310-F311-F312-F313-F314-F315-F316-F317-F318-F319-F320-F321-F322-F323-F324-F325-F326-F327-F328-F329-F330-F331-F332-F333-F334-F335-F336-F337-F338-F339-F340-F341-F342-F343-F344-F345-F346-F347-F348-F349-F350-F351-F352-F353-F354-F355-F356-F357-F358-F359-F360-F361-F362-F363-F364-F365-F366-F367-F368-F369-F370-F371-F372-F373-F374-F375-F376-F377-F378-F379-F380-F381-F382-F383-F384-F385-F386-F387-F388-F389-F390-F391-F392-F393-F394-F395-F396-F397-F398-F399-F400-F401-F402-F403-F404-F405-F406-F407-F408-F409-F410-F411-F412-F413-F414-F415-F416-F417-F418-F419-F420-F421-F422-F423-F424-F425-F426-F427-F428-F429-F430-F431-F432-F433-F434-F435-F436-F437-F438-F439-F440-F441-F442-F443-F444-F445-F446-F447-F448-F449-F450-F451-F452-F453-F454-F455-F456-F457-F458-F459-F460-F461-F462-F463-F464-F465-F466-F467-F468-F469-F470-F471-F472-F473-F474-F475-F476-F477-F478-F479-F480-F481-F482-F483-F484-F485-F486-F487-F488-F489-F490-F491-F492-F493-F494-F495-F496-O504508-F512

## Summary

Number of input bits: 512  
Number of free input bits: 14  
Number of output bits: 160

Number of direct occurrences: 57567  
Number of assignments: 32003  
Number of operations: 11422487
(xor: 11393855,
and: 14992,
or: 13640)

Total complexity: 9.69769732500626 × 10^303

Least occurring input variable: iv_502 (3894)  
Most occurring input variable: iv_510 (4333)

Most co-occurring input variables: iv_509-iv_510 (2134)  
Least co-occurring input variables: iv_498-iv_502 (1755)

Potentially most occurring input variable: iv_497/iv_510 (4516)  
Potentially least occurring input variable: iv_502/iv_505 (4128)

Least output occurring input variable: iv_503 (69)  
Most output occurring input variable: iv_506 (90)

Most output co-occurring input variables: iv_497-iv_498 (49)  
Least output co-occurring input variables: iv_502-iv_503 (24)

Potentially most output occurring input variable: iv_502/iv_503 (96)  
Potentially least output occurring input variable: iv_501/iv_511 (66)

Least complex input bit: iv_511 (1.829160780001432 × 10^300)  
Most complex input bit: iv_510 (2.4076728642599624 × 10^303)

Least complex output bit: aaa_76_29 (2.905929547798964 × 10^278)  
Most complex output bit: ov_001 (1.516115352837065 × 10^303)

Least complex input/output complexity: iv_511/aaa_76_29 (5.4811077105644 × 10^274)  
Most complex input/output complexity: iv_510/ov_001 (3.764099529793651 × 10^302)

## Input Bits

### Input Bits in Regular Order

| Input Bit | Complexity | Occurrences | Output Occurrences |
|:---------:|:----------:|:-----------:|:------------------:|
| iv_497 | 8.581007108207124 × 10^300 | 4157 | 84 |
| iv_498 | 1.709953189097578 × 10^301 | 3975 | 90 |
| iv_499 | 3.0093397335651666 × 10^301 | 3999 | 79 |
| iv_500 | 5.062265265579005 × 10^301 | 4146 | 77 |
| iv_501 | 8.508640493256393 × 10^301 | 4117 | 81 |
| iv_502 | 1.3824564770391295 × 10^302 | 3894 | 75 |
| iv_503 | 2.1951789247332958 × 10^302 | 4134 | 69 |
| iv_504 | 1.994918082019605 × 10^303 | 4152 | 78 |
| iv_505 | 5.211170886577125 × 10^302 | 3962 | 79 |
| iv_506 | 7.824499229960303 × 10^302 | 4037 | 90 |
| iv_507 | 1.1568336758297552 × 10^303 | 4207 | 76 |
| iv_509 | 2.283629996362763 × 10^303 | 4217 | 73 |
| iv_510 | 2.4076728642599624 × 10^303 | 4333 | 79 |
| iv_511 | 1.829160780001432 × 10^300 | 4237 | 79 |

### Input Bits Sorted by Complexity

| Input Bit | Complexity | Occurrences | Output Occurrences |
|:---------:|:----------:|:-----------:|:------------------:|
| iv_511 | 1.829160780001432 × 10^300 | 4237 | 79 |
| iv_497 | 8.581007108207124 × 10^300 | 4157 | 84 |
| iv_498 | 1.709953189097578 × 10^301 | 3975 | 90 |
| iv_499 | 3.0093397335651666 × 10^301 | 3999 | 79 |
| iv_500 | 5.062265265579005 × 10^301 | 4146 | 77 |
| iv_501 | 8.508640493256393 × 10^301 | 4117 | 81 |
| iv_502 | 1.3824564770391295 × 10^302 | 3894 | 75 |
| iv_503 | 2.1951789247332958 × 10^302 | 4134 | 69 |
| iv_505 | 5.211170886577125 × 10^302 | 3962 | 79 |
| iv_506 | 7.824499229960303 × 10^302 | 4037 | 90 |
| iv_507 | 1.1568336758297552 × 10^303 | 4207 | 76 |
| iv_504 | 1.994918082019605 × 10^303 | 4152 | 78 |
| iv_509 | 2.283629996362763 × 10^303 | 4217 | 73 |
| iv_510 | 2.4076728642599624 × 10^303 | 4333 | 79 |

### Input Bits Sorted by Occurrences

| Input Bit | Complexity | Occurrences | Output Occurrences |
|:---------:|:----------:|:-----------:|:------------------:|
| iv_502 | 1.3824564770391295 × 10^302 | 3894 | 75 |
| iv_505 | 5.211170886577125 × 10^302 | 3962 | 79 |
| iv_498 | 1.709953189097578 × 10^301 | 3975 | 90 |
| iv_499 | 3.0093397335651666 × 10^301 | 3999 | 79 |
| iv_506 | 7.824499229960303 × 10^302 | 4037 | 90 |
| iv_501 | 8.508640493256393 × 10^301 | 4117 | 81 |
| iv_503 | 2.1951789247332958 × 10^302 | 4134 | 69 |
| iv_500 | 5.062265265579005 × 10^301 | 4146 | 77 |
| iv_504 | 1.994918082019605 × 10^303 | 4152 | 78 |
| iv_497 | 8.581007108207124 × 10^300 | 4157 | 84 |
| iv_507 | 1.1568336758297552 × 10^303 | 4207 | 76 |
| iv_509 | 2.283629996362763 × 10^303 | 4217 | 73 |
| iv_511 | 1.829160780001432 × 10^300 | 4237 | 79 |
| iv_510 | 2.4076728642599624 × 10^303 | 4333 | 79 |

### Input Bits Sorted by Output Occurrences

| Input Bit | Complexity | Occurrences | Output Occurrences |
|:---------:|:----------:|:-----------:|:------------------:|
| iv_503 | 2.1951789247332958 × 10^302 | 4134 | 69 |
| iv_509 | 2.283629996362763 × 10^303 | 4217 | 73 |
| iv_502 | 1.3824564770391295 × 10^302 | 3894 | 75 |
| iv_507 | 1.1568336758297552 × 10^303 | 4207 | 76 |
| iv_500 | 5.062265265579005 × 10^301 | 4146 | 77 |
| iv_504 | 1.994918082019605 × 10^303 | 4152 | 78 |
| iv_505 | 5.211170886577125 × 10^302 | 3962 | 79 |
| iv_499 | 3.0093397335651666 × 10^301 | 3999 | 79 |
| iv_510 | 2.4076728642599624 × 10^303 | 4333 | 79 |
| iv_511 | 1.829160780001432 × 10^300 | 4237 | 79 |
| iv_501 | 8.508640493256393 × 10^301 | 4117 | 81 |
| iv_497 | 8.581007108207124 × 10^300 | 4157 | 84 |
| iv_498 | 1.709953189097578 × 10^301 | 3975 | 90 |
| iv_506 | 7.824499229960303 × 10^302 | 4037 | 90 |

## Input Bit Co-occurrences

### Input Bit Co-occurrences Sorted by Co-occurrences

| Input Bits | Co-occurrences | Potential Occurrences | Output Co-occurrences | Potential Output Occurrences |
|:----------:|:--------------:|:---------------------:|:---------------------:|:----------------------------:|
| iv_509-iv_510 | 2134 | 4282 | 39 | 74 |
| iv_510-iv_511 | 2096 | 4378 | 41 | 76 |
| iv_504-iv_511 | 2091 | 4207 | 40 | 77 |
| iv_500-iv_511 | 2088 | 4207 | 38 | 80 |
| iv_500-iv_510 | 2083 | 4313 | 40 | 76 |
| iv_497-iv_507 | 2069 | 4226 | 41 | 78 |
| iv_501-iv_511 | 2067 | 4220 | 47 | 66 |
| iv_504-iv_510 | 2059 | 4367 | 37 | 83 |
| iv_509-iv_511 | 2057 | 4340 | 36 | 80 |
| iv_501-iv_510 | 2046 | 4358 | 41 | 78 |
| iv_504-iv_509 | 2039 | 4291 | 36 | 79 |
| iv_506-iv_507 | 2037 | 4170 | 45 | 76 |
| iv_507-iv_510 | 2035 | 4470 | 41 | 73 |
| iv_503-iv_510 | 2029 | 4409 | 36 | 76 |

### Input Bit Co-occurrences Sorted by Potential Occurrences

| Input Bits | Co-occurrences | Potential Occurrences | Output Co-occurrences | Potential Output Occurrences |
|:----------:|:--------------:|:---------------------:|:---------------------:|:----------------------------:|
| iv_502-iv_505 | 1864 | 4128 | 40 | 74 |
| iv_506-iv_507 | 2037 | 4170 | 45 | 76 |
| iv_499-iv_509 | 2014 | 4188 | 41 | 70 |
| iv_499-iv_505 | 1885 | 4191 | 41 | 76 |
| iv_501-iv_505 | 1943 | 4193 | 44 | 72 |
| iv_502-iv_506 | 1867 | 4197 | 46 | 73 |
| iv_504-iv_511 | 2091 | 4207 | 40 | 77 |
| iv_500-iv_511 | 2088 | 4207 | 38 | 80 |
| iv_501-iv_511 | 2067 | 4220 | 47 | 66 |
| iv_497-iv_507 | 2069 | 4226 | 41 | 78 |
| iv_500-iv_505 | 1935 | 4238 | 43 | 70 |
| iv_499-iv_502 | 1821 | 4251 | 36 | 82 |
| iv_499-iv_501 | 1932 | 4252 | 39 | 82 |
| iv_497-iv_506 | 1971 | 4252 | 46 | 82 |

### Input Bit Output Co-occurrences Sorted by Output Co-occurrences

| Input Bits | Co-occurrences | Potential Occurrences | Output Co-occurrences | Potential Output Occurrences |
|:----------:|:--------------:|:---------------------:|:---------------------:|:----------------------------:|
| iv_497-iv_498 | 1902 | 4328 | 49 | 76 |
| iv_498-iv_499 | 1843 | 4288 | 48 | 73 |
| iv_498-iv_501 | 1889 | 4314 | 48 | 75 |
| iv_501-iv_511 | 2067 | 4220 | 47 | 66 |
| iv_504-iv_506 | 1887 | 4415 | 47 | 74 |
| iv_497-iv_506 | 1971 | 4252 | 46 | 82 |
| iv_502-iv_506 | 1867 | 4197 | 46 | 73 |
| iv_498-iv_506 | 1874 | 4264 | 45 | 90 |
| iv_499-iv_506 | 1840 | 4356 | 45 | 79 |
| iv_506-iv_507 | 2037 | 4170 | 45 | 76 |
| iv_498-iv_510 | 1973 | 4362 | 45 | 79 |
| iv_501-iv_505 | 1943 | 4193 | 44 | 72 |
| iv_498-iv_507 | 1911 | 4360 | 44 | 78 |
| iv_505-iv_506 | 1838 | 4323 | 44 | 81 |

### Input Bit Output Co-occurrences Sorted by Potential Output Occurrences

| Input Bits | Co-occurrences | Potential Occurrences | Output Co-occurrences | Potential Output Occurrences |
|:----------:|:--------------:|:---------------------:|:---------------------:|:----------------------------:|
| iv_501-iv_511 | 2067 | 4220 | 47 | 66 |
| iv_502-iv_504 | 1831 | 4384 | 42 | 69 |
| iv_499-iv_509 | 2014 | 4188 | 41 | 70 |
| iv_500-iv_505 | 1935 | 4238 | 43 | 70 |
| iv_504-iv_505 | 1848 | 4418 | 43 | 71 |
| iv_497-iv_503 | 1972 | 4347 | 41 | 71 |
| iv_501-iv_505 | 1943 | 4193 | 44 | 72 |
| iv_505-iv_511 | 1896 | 4407 | 43 | 72 |
| iv_504-iv_507 | 1991 | 4377 | 41 | 72 |
| iv_498-iv_499 | 1843 | 4288 | 48 | 73 |
| iv_502-iv_506 | 1867 | 4197 | 46 | 73 |
| iv_497-iv_502 | 1896 | 4259 | 43 | 73 |
| iv_507-iv_510 | 2035 | 4470 | 41 | 73 |
| iv_501-iv_509 | 2016 | 4302 | 40 | 74 |

## Output Bits

### Output Bits in Regular Order

| Rank | Output Bit | Complexity |
|:----:|:----------:|:----------:|
| 1 | ov_001 | 1.516115352837065 × 10^303 |
| 2 | ov_002 | 1.3192637080427336 × 10^303 |
| 3 | ov_003 | 1.1425371528657218 × 10^303 |
| 4 | ov_004 | 9.844262458300742 × 10^302 |
| 5 | ov_005 | 8.435041779799365 × 10^302 |
| 6 | ov_006 | 7.184209472603384 × 10^302 |
| 7 | ov_007 | 6.078982918265977 × 10^302 |
| 8 | ov_008 | 5.107253123772077 × 10^302 |
| 9 | ov_009 | 4.257547173495587 × 10^302 |
| 10 | ov_010 | 3.518996284250993 × 10^302 |
| 11 | ov_011 | 2.881308872851533 × 10^302 |
| 12 | ov_012 | 2.3347480796201047 × 10^302 |
| 13 | ov_013 | 1.8701132246066697 × 10^302 |
| 14 | ov_014 | 1.4787247060049562 × 10^302 |
| 15 | ov_015 | 1.152411882565076 × 10^302 |
| 16 | ov_016 | 8.835035137773561 × 10^301 |
| 17 | ov_017 | 6.648203633456055 × 10^301 |
| 18 | ov_018 | 4.896696030457407 × 10^301 |
| 19 | ov_019 | 3.51840685532031 × 10^301 |
| 20 | ov_020 | 2.4560238604747586 × 10^301 |
| 21 | ov_021 | 1.6570074434419367 × 10^301 |
| 22 | ov_022 | 1.0735766944194476 × 10^301 |
| 23 | ov_023 | 6.62700101263624 × 10^300 |
| 24 | ov_024 | 3.860895033143864 × 10^300 |
| 25 | ov_025 | 2.1019638922485526 × 10^300 |
| 26 | ov_026 | 1.0620986733951464 × 10^300 |
| 27 | ov_027 | 5.005570983859451 × 10^299 |
| 28 | ov_028 | 2.2395975452878695 × 10^299 |
| 29 | ov_029 | 8.628887893797589 × 10^298 |
| 30 | ov_030 | 2.6375939435573773 × 10^298 |
| 31 | ov_031 | 5.143712408805043 × 10^297 |
| 32 | lv_80_m31 | 1.0028931957918535 × 10^297 |
| 33 | ov_033 | 1.2076388628952187 × 10^298 |
| 34 | ov_034 | 1.048704963965554 × 10^298 |
| 35 | ov_035 | 9.062346355622666 × 10^297 |
| 36 | ov_036 | 7.7898150588035 × 10^297 |
| 37 | ov_037 | 6.657675433408468 × 10^297 |
| 38 | ov_038 | 5.6547822375532786 × 10^297 |
| 39 | ov_039 | 4.7705832460030066 × 10^297 |
| 40 | ov_040 | 3.9950828943936875 × 10^297 |
| 41 | ov_041 | 3.318811083715122 × 10^297 |
| 42 | ov_042 | 2.7327966316815442 × 10^297 |
| 43 | ov_043 | 2.228544885041823 × 10^297 |
| 44 | ov_044 | 1.798019033993724 × 10^297 |
| 45 | ov_045 | 1.4336246967391436 × 10^297 |
| 46 | ov_046 | 1.1281973688963464 × 10^297 |
| 47 | ov_047 | 8.74992359004352 × 10^296 |
| 48 | ov_048 | 6.67676857741038 × 10^296 |
| 49 | ov_049 | 5.0032381475441675 × 10^296 |
| 50 | ov_050 | 3.6740732319763733 × 10^296 |
| 51 | ov_051 | 2.6379923818169504 × 10^296 |
| 52 | ov_052 | 1.8476678143224971 × 10^296 |
| 53 | ov_053 | 1.2597091047290004 × 10^296 |
| 54 | ov_054 | 8.346525666876337 × 10^295 |
| 55 | ov_055 | 5.369546245933079 × 10^295 |
| 56 | ov_056 | 3.3498779827230866 × 10^295 |
| 57 | ov_057 | 2.0103833604457237 × 10^295 |
| 58 | ov_058 | 1.113048989979985 × 10^295 |
| 59 | ov_059 | 5.486480777058655 × 10^294 |
| 60 | ov_060 | 2.2751156208879715 × 10^294 |
| 61 | ov_061 | 7.952736141245567 × 10^293 |
| 62 | ov_062 | 2.18316650312356 × 10^293 |
| 63 | ov_063 | 4.258450015454472 × 10^292 |
| 64 | lv_79_m31 | 8.30468247479552 × 10^291 |
| 65 | ov_065 | 9.990533468647687 × 10^292 |
| 66 | ov_066 | 9.990507037568853 × 10^292 |
| 67 | ov_067 | 9.990500701934634 × 10^292 |
| 68 | ov_068 | 8.680541151354412 × 10^292 |
| 69 | ov_069 | 7.50468416171932 × 10^292 |
| 70 | ov_070 | 6.453127295934421 × 10^292 |
| 71 | ov_071 | 5.516550270879128 × 10^292 |
| 72 | ov_072 | 4.686082023232173 × 10^292 |
| 73 | ov_073 | 3.9532736305461863 × 10^292 |
| 74 | ov_074 | 3.310076362386334 × 10^292 |
| 75 | ov_075 | 2.748824174992612 × 10^292 |
| 76 | ov_076 | 2.2622200000450393 × 10^292 |
| 77 | ov_077 | 1.843325213968764 × 10^292 |
| 78 | ov_078 | 1.4855517090431732 × 10^292 |
| 79 | ov_079 | 1.182656021576584 × 10^292 |
| 80 | ov_080 | 9.287350057487048 × 10^291 |
| 81 | ov_081 | 7.182225745534898 × 10^291 |
| 82 | ov_082 | 5.4588710747408157 × 10^291 |
| 83 | ov_083 | 4.068292899785343 × 10^291 |
| 84 | ov_084 | 2.9648030328281095 × 10^291 |
| 85 | ov_085 | 2.106003326607564 × 10^291 |
| 86 | ov_086 | 1.4527736264257144 × 10^291 |
| 87 | ov_087 | 9.692622748212028 × 10^290 |
| 88 | ov_088 | 6.2287885297073154 × 10^290 |
| 89 | ov_089 | 3.842888429960466 × 10^290 |
| 90 | ov_090 | 2.2740989542658115 × 10^290 |
| 91 | ov_091 | 1.294093861028325 × 10^290 |
| 92 | ov_092 | 7.070294946641096 × 10^289 |
| 93 | ov_093 | 3.495369078827976 × 10^289 |
| 94 | ov_094 | 1.48049654830219 × 10^289 |
| 95 | aaa_78_28 | 4.5236283937113294 × 10^288 |
| 96 | aaa_78_29 | 1.3662524565687342 × 10^288 |
| 97 | ov_097 | 7.082388011205682 × 10^287 |
| 98 | ov_098 | 7.082335640671219 × 10^287 |
| 99 | ov_099 | 7.0823188976111 × 10^287 |
| 100 | ov_100 | 5.9412162098153865 × 10^287 |
| 101 | ov_101 | 4.9457200522154135 × 10^287 |
| 102 | ov_102 | 4.082879879356231 × 10^287 |
| 103 | ov_103 | 3.3404622610574776 × 10^287 |
| 104 | ov_104 | 2.70689883934189 × 10^287 |
| 105 | ov_105 | 2.1712408844068662 × 10^287 |
| 106 | ov_106 | 1.7231198584945433 × 10^287 |
| 107 | ov_107 | 1.3527134276491972 × 10^287 |
| 108 | ov_108 | 1.0507163912854074 × 10^287 |
| 109 | ov_109 | 8.083160284433592 × 10^286 |
| 110 | ov_110 | 6.171713877678876 × 10^286 |
| 111 | ov_111 | 4.693960757793914 × 10^286 |
| 112 | ov_112 | 3.575441250477242 × 10^286 |
| 113 | ov_113 | 2.7459855055262306 × 10^286 |
| 114 | ov_114 | 2.1396222891383852 × 10^286 |
| 115 | ov_115 | 1.6945076137995596 × 10^286 |
| 116 | ov_116 | 1.3528700753918483 × 10^286 |
| 117 | ov_117 | 1.0609700270531475 × 10^286 |
| 118 | ov_118 | 8.148260387363825 × 10^285 |
| 119 | ov_119 | 6.104706264208374 × 10^285 |
| 120 | ov_120 | 4.439453055047279 × 10^285 |
| 121 | ov_121 | 3.112972194688218 × 10^285 |
| 122 | ov_122 | 2.0857696896514166 × 10^285 |
| 123 | ov_123 | 1.3183718281762126 × 10^285 |
| 124 | ov_124 | 7.713155315399805 × 10^284 |
| 125 | ov_125 | 4.0514236988120856 × 10^284 |
| 126 | ov_126 | 1.803955058853783 × 10^284 |
| 127 | aaa_77_28 | 5.761851997519675 × 10^283 |
| 128 | aaa_77_29 | 2.160892983884414 × 10^283 |
| 129 | ov_129 | 2.0188845459461952 × 10^283 |
| 130 | ov_130 | 2.018878880278005 × 10^283 |
| 131 | ov_131 | 2.0188775085868196 × 10^283 |
| 132 | ov_132 | 1.7543851815038749 × 10^283 |
| 133 | ov_133 | 1.5171175758832754 × 10^283 |
| 134 | ov_134 | 1.305028910354507 × 10^283 |
| 135 | ov_135 | 1.1161847681825937 × 10^283 |
| 136 | ov_136 | 9.487541669661925 × 10^282 |
| 137 | ov_137 | 8.010026793787571 × 10^282 |
| 138 | ov_138 | 6.712865079424053 × 10^282 |
| 139 | ov_139 | 5.580474218642115 × 10^282 |
| 140 | ov_140 | 4.5980846884042815 × 10^282 |
| 141 | ov_141 | 3.7517037947927693 × 10^282 |
| 142 | ov_142 | 3.0280858663628555 × 10^282 |
| 143 | ov_143 | 2.4147078652211392 × 10^282 |
| 144 | ov_144 | 1.89974972951655 × 10^282 |
| 145 | ov_145 | 1.4720788057138647 × 10^282 |
| 146 | ov_146 | 1.1212377734243898 × 10^282 |
| 147 | ov_147 | 8.374355097941758 × 10^281 |
| 148 | ov_148 | 6.1154038456600775 × 10^281 |
| 149 | ov_149 | 4.350755209823928 × 10^281 |
| 150 | ov_150 | 3.0021560170911064 × 10^281 |
| 151 | ov_151 | 1.9978484294699825 × 10^281 |
| 152 | ov_152 | 1.272558038720055 × 10^281 |
| 153 | ov_153 | 7.674874250593224 × 10^280 |
| 154 | ov_154 | 4.303128289127227 × 10^280 |
| 155 | ov_155 | 2.151823544278809 × 10^280 |
| 156 | aaa_76_25 | 8.271499145159691 × 10^279 |
| 157 | aaa_76_26 | 4.780043839479988 × 10^279 |
| 158 | aaa_76_27 | 2.4488716864342903 × 10^279 |
| 159 | aaa_76_28 | 9.544855926039742 × 10^278 |
| 160 | aaa_76_29 | 2.905929547798964 × 10^278 |

### Output Bits Sorted by Complexity

| Rank | Output Bit | Complexity |
|:----:|:----------:|:----------:|
| 160 | aaa_76_29 | 2.905929547798964 × 10^278 |
| 159 | aaa_76_28 | 9.544855926039742 × 10^278 |
| 158 | aaa_76_27 | 2.4488716864342903 × 10^279 |
| 157 | aaa_76_26 | 4.780043839479988 × 10^279 |
| 156 | aaa_76_25 | 8.271499145159691 × 10^279 |
| 155 | ov_155 | 2.151823544278809 × 10^280 |
| 154 | ov_154 | 4.303128289127227 × 10^280 |
| 153 | ov_153 | 7.674874250593224 × 10^280 |
| 152 | ov_152 | 1.272558038720055 × 10^281 |
| 151 | ov_151 | 1.9978484294699825 × 10^281 |
| 150 | ov_150 | 3.0021560170911064 × 10^281 |
| 149 | ov_149 | 4.350755209823928 × 10^281 |
| 148 | ov_148 | 6.1154038456600775 × 10^281 |
| 147 | ov_147 | 8.374355097941758 × 10^281 |
| 146 | ov_146 | 1.1212377734243898 × 10^282 |
| 145 | ov_145 | 1.4720788057138647 × 10^282 |
| 144 | ov_144 | 1.89974972951655 × 10^282 |
| 143 | ov_143 | 2.4147078652211392 × 10^282 |
| 142 | ov_142 | 3.0280858663628555 × 10^282 |
| 141 | ov_141 | 3.7517037947927693 × 10^282 |
| 140 | ov_140 | 4.5980846884042815 × 10^282 |
| 139 | ov_139 | 5.580474218642115 × 10^282 |
| 138 | ov_138 | 6.712865079424053 × 10^282 |
| 137 | ov_137 | 8.010026793787571 × 10^282 |
| 136 | ov_136 | 9.487541669661925 × 10^282 |
| 135 | ov_135 | 1.1161847681825937 × 10^283 |
| 134 | ov_134 | 1.305028910354507 × 10^283 |
| 133 | ov_133 | 1.5171175758832754 × 10^283 |
| 132 | ov_132 | 1.7543851815038749 × 10^283 |
| 131 | ov_131 | 2.0188775085868196 × 10^283 |
| 130 | ov_130 | 2.018878880278005 × 10^283 |
| 129 | ov_129 | 2.0188845459461952 × 10^283 |
| 128 | aaa_77_29 | 2.160892983884414 × 10^283 |
| 127 | aaa_77_28 | 5.761851997519675 × 10^283 |
| 126 | ov_126 | 1.803955058853783 × 10^284 |
| 125 | ov_125 | 4.0514236988120856 × 10^284 |
| 124 | ov_124 | 7.713155315399805 × 10^284 |
| 123 | ov_123 | 1.3183718281762126 × 10^285 |
| 122 | ov_122 | 2.0857696896514166 × 10^285 |
| 121 | ov_121 | 3.112972194688218 × 10^285 |
| 120 | ov_120 | 4.439453055047279 × 10^285 |
| 119 | ov_119 | 6.104706264208374 × 10^285 |
| 118 | ov_118 | 8.148260387363825 × 10^285 |
| 117 | ov_117 | 1.0609700270531475 × 10^286 |
| 116 | ov_116 | 1.3528700753918483 × 10^286 |
| 115 | ov_115 | 1.6945076137995596 × 10^286 |
| 114 | ov_114 | 2.1396222891383852 × 10^286 |
| 113 | ov_113 | 2.7459855055262306 × 10^286 |
| 112 | ov_112 | 3.575441250477242 × 10^286 |
| 111 | ov_111 | 4.693960757793914 × 10^286 |
| 110 | ov_110 | 6.171713877678876 × 10^286 |
| 109 | ov_109 | 8.083160284433592 × 10^286 |
| 108 | ov_108 | 1.0507163912854074 × 10^287 |
| 107 | ov_107 | 1.3527134276491972 × 10^287 |
| 106 | ov_106 | 1.7231198584945433 × 10^287 |
| 105 | ov_105 | 2.1712408844068662 × 10^287 |
| 104 | ov_104 | 2.70689883934189 × 10^287 |
| 103 | ov_103 | 3.3404622610574776 × 10^287 |
| 102 | ov_102 | 4.082879879356231 × 10^287 |
| 101 | ov_101 | 4.9457200522154135 × 10^287 |
| 100 | ov_100 | 5.9412162098153865 × 10^287 |
| 99 | ov_099 | 7.0823188976111 × 10^287 |
| 98 | ov_098 | 7.082335640671219 × 10^287 |
| 97 | ov_097 | 7.082388011205682 × 10^287 |
| 96 | aaa_78_29 | 1.3662524565687342 × 10^288 |
| 95 | aaa_78_28 | 4.5236283937113294 × 10^288 |
| 94 | ov_094 | 1.48049654830219 × 10^289 |
| 93 | ov_093 | 3.495369078827976 × 10^289 |
| 92 | ov_092 | 7.070294946641096 × 10^289 |
| 91 | ov_091 | 1.294093861028325 × 10^290 |
| 90 | ov_090 | 2.2740989542658115 × 10^290 |
| 89 | ov_089 | 3.842888429960466 × 10^290 |
| 88 | ov_088 | 6.2287885297073154 × 10^290 |
| 87 | ov_087 | 9.692622748212028 × 10^290 |
| 86 | ov_086 | 1.4527736264257144 × 10^291 |
| 85 | ov_085 | 2.106003326607564 × 10^291 |
| 84 | ov_084 | 2.9648030328281095 × 10^291 |
| 83 | ov_083 | 4.068292899785343 × 10^291 |
| 82 | ov_082 | 5.4588710747408157 × 10^291 |
| 81 | ov_081 | 7.182225745534898 × 10^291 |
| 64 | lv_79_m31 | 8.30468247479552 × 10^291 |
| 80 | ov_080 | 9.287350057487048 × 10^291 |
| 79 | ov_079 | 1.182656021576584 × 10^292 |
| 78 | ov_078 | 1.4855517090431732 × 10^292 |
| 77 | ov_077 | 1.843325213968764 × 10^292 |
| 76 | ov_076 | 2.2622200000450393 × 10^292 |
| 75 | ov_075 | 2.748824174992612 × 10^292 |
| 74 | ov_074 | 3.310076362386334 × 10^292 |
| 73 | ov_073 | 3.9532736305461863 × 10^292 |
| 63 | ov_063 | 4.258450015454472 × 10^292 |
| 72 | ov_072 | 4.686082023232173 × 10^292 |
| 71 | ov_071 | 5.516550270879128 × 10^292 |
| 70 | ov_070 | 6.453127295934421 × 10^292 |
| 69 | ov_069 | 7.50468416171932 × 10^292 |
| 68 | ov_068 | 8.680541151354412 × 10^292 |
| 67 | ov_067 | 9.990500701934634 × 10^292 |
| 66 | ov_066 | 9.990507037568853 × 10^292 |
| 65 | ov_065 | 9.990533468647687 × 10^292 |
| 62 | ov_062 | 2.18316650312356 × 10^293 |
| 61 | ov_061 | 7.952736141245567 × 10^293 |
| 60 | ov_060 | 2.2751156208879715 × 10^294 |
| 59 | ov_059 | 5.486480777058655 × 10^294 |
| 58 | ov_058 | 1.113048989979985 × 10^295 |
| 57 | ov_057 | 2.0103833604457237 × 10^295 |
| 56 | ov_056 | 3.3498779827230866 × 10^295 |
| 55 | ov_055 | 5.369546245933079 × 10^295 |
| 54 | ov_054 | 8.346525666876337 × 10^295 |
| 53 | ov_053 | 1.2597091047290004 × 10^296 |
| 52 | ov_052 | 1.8476678143224971 × 10^296 |
| 51 | ov_051 | 2.6379923818169504 × 10^296 |
| 50 | ov_050 | 3.6740732319763733 × 10^296 |
| 49 | ov_049 | 5.0032381475441675 × 10^296 |
| 48 | ov_048 | 6.67676857741038 × 10^296 |
| 47 | ov_047 | 8.74992359004352 × 10^296 |
| 32 | lv_80_m31 | 1.0028931957918535 × 10^297 |
| 46 | ov_046 | 1.1281973688963464 × 10^297 |
| 45 | ov_045 | 1.4336246967391436 × 10^297 |
| 44 | ov_044 | 1.798019033993724 × 10^297 |
| 43 | ov_043 | 2.228544885041823 × 10^297 |
| 42 | ov_042 | 2.7327966316815442 × 10^297 |
| 41 | ov_041 | 3.318811083715122 × 10^297 |
| 40 | ov_040 | 3.9950828943936875 × 10^297 |
| 39 | ov_039 | 4.7705832460030066 × 10^297 |
| 31 | ov_031 | 5.143712408805043 × 10^297 |
| 38 | ov_038 | 5.6547822375532786 × 10^297 |
| 37 | ov_037 | 6.657675433408468 × 10^297 |
| 36 | ov_036 | 7.7898150588035 × 10^297 |
| 35 | ov_035 | 9.062346355622666 × 10^297 |
| 34 | ov_034 | 1.048704963965554 × 10^298 |
| 33 | ov_033 | 1.2076388628952187 × 10^298 |
| 30 | ov_030 | 2.6375939435573773 × 10^298 |
| 29 | ov_029 | 8.628887893797589 × 10^298 |
| 28 | ov_028 | 2.2395975452878695 × 10^299 |
| 27 | ov_027 | 5.005570983859451 × 10^299 |
| 26 | ov_026 | 1.0620986733951464 × 10^300 |
| 25 | ov_025 | 2.1019638922485526 × 10^300 |
| 24 | ov_024 | 3.860895033143864 × 10^300 |
| 23 | ov_023 | 6.62700101263624 × 10^300 |
| 22 | ov_022 | 1.0735766944194476 × 10^301 |
| 21 | ov_021 | 1.6570074434419367 × 10^301 |
| 20 | ov_020 | 2.4560238604747586 × 10^301 |
| 19 | ov_019 | 3.51840685532031 × 10^301 |
| 18 | ov_018 | 4.896696030457407 × 10^301 |
| 17 | ov_017 | 6.648203633456055 × 10^301 |
| 16 | ov_016 | 8.835035137773561 × 10^301 |
| 15 | ov_015 | 1.152411882565076 × 10^302 |
| 14 | ov_014 | 1.4787247060049562 × 10^302 |
| 13 | ov_013 | 1.8701132246066697 × 10^302 |
| 12 | ov_012 | 2.3347480796201047 × 10^302 |
| 11 | ov_011 | 2.881308872851533 × 10^302 |
| 10 | ov_010 | 3.518996284250993 × 10^302 |
| 9 | ov_009 | 4.257547173495587 × 10^302 |
| 8 | ov_008 | 5.107253123772077 × 10^302 |
| 7 | ov_007 | 6.078982918265977 × 10^302 |
| 6 | ov_006 | 7.184209472603384 × 10^302 |
| 5 | ov_005 | 8.435041779799365 × 10^302 |
| 4 | ov_004 | 9.844262458300742 × 10^302 |
| 3 | ov_003 | 1.1425371528657218 × 10^303 |
| 2 | ov_002 | 1.3192637080427336 × 10^303 |
| 1 | ov_001 | 1.516115352837065 × 10^303 |

