# Results for T015-T016-T017-T018-T019-T020-T021-T022-T023-T024-T025-T026-T027-T028-T029-T030-T031-T032-T033-T034-T035-T036-T037-T038-T039-T040-T041-T042-T043-T044-T045-T046-T047-T048-T049-T050-T051-T052-T053-T054-T055-T056-T057-T058-T059-T060-T061-T062-T063-T064-T065-T066-T067-T068-T069-T070-T071-T072-T073-T074-T075-T076-T077-T078-T079-T080-T081-T082-T083-T084-T085-T086-T087-T088-T089-T090-T091-T092-T093-T094-T095-T096-T097-T098-T099-T100-T101-T102-T103-T104-T105-T106-T107-T108-T109-T110-T111-T112-T113-T114-T115-T116-T117-T118-T119-T120-T121-T122-T123-T124-T125-T126-T127-T128-T129-T130-T131-T132-T133-T134-T135-T136-T137-T138-T139-T140-T141-T142-T143-T144-T145-T146-T147-T148-T149-T150-T151-T152-T153-T154-T155-T156-T157-T158-T159-T160-T161-T162-T163-T164-T165-T166-T167-T168-T169-T170-T171-T172-T173-T174-T175-T176-T177-T178-T179-T180-T181-T182-T183-T184-T185-T186-T187-T188-T189-T190-T191-T192-T193-T194-T195-T196-T197-T198-T199-T200-T201-T202-T203-T204-T205-T206-T207-T208-T209-T210-T211-T212-T213-T214-T215-T216-T217-T218-T219-T220-T221-T222-T223-T224-T225-T226-T227-T228-T229-T230-T231-T232-T233-T234-T235-T236-T237-T238-T239-T240-T241-T242-T243-T244-T245-T246-T247-T248-T249-T250-T251-T252-T253-T254-T255-T256-T257-T258-T259-T260-T261-T262-T263-T264-T265-T266-T267-T268-T269-T270-T271-T272-T273-T274-T275-T276-T277-T278-T279-T280-T281-T282-T283-T284-T285-T286-T287-T288-T289-T290-T291-T292-T293-T294-T295-T296-T297-T298-T299-T300-T301-T302-T303-T304-T305-T306-T307-T308-T309-T310-T311-T312-T313-T314-T315-T316-T317-T318-T319-T320-T321-T322-T323-T324-T325-T326-T327-T328-T329-T330-T331-T332-T333-T334-T335-T336-T337-T338-T339-T340-T341-T342-T343-T344-T345-T346-T347-T348-T349-T350-T351-T352-T353-T354-T355-T356-T357-T358-T359-T360-T361-T362-T363-T364-T365-T366-T367-T368-T369-T370-T371-T372-T373-T374-T375-T376-T377-T378-T379-T380-T381-T382-T383-T384-T385-T386-T387-T388-T389-T390-T391-T392-T393-T394-T395-T396-T397-T398-T399-T400-T401-T402-T403-T404-T405-T406-T407-T408-T409-T410-T411-T412-T413-T414-T415-T416-T417-T418-T419-T420-T421-T422-T423-T424-T425-T426-T427-T428-T429-T430-T431-T432-T433-T434-T435-T436-T437-T438-T439-T440-T441-T442-T443-T444-T445-T446-T447-T448-T449-T450-T451-T452-T453-T454-T455-T456-T457-T458-T459-T460-T461-T462-T463-T464-T465-T466-T467-T468-T469-T470-T471-T472-T473-T474-T475-T476-T477-T478-T479-T480-T481-T482-T483-T484-T485-T486-T487-T488-T489-T490-T491-T492-T493-T494-T495-T496-T497-T498-T499-T500-T501-T502-T503-T504-T505-T506-T507-T508-T509-T510-T511-T512

## Summary

Number of input bits: 512  
Number of free input bits: 14  
Number of output bits: 160

Number of direct occurrences: 62942  
Number of assignments: 40039  
Number of operations: 21382633
(xor: 21336561,
and: 19267,
or: 26805)

Total complexity: 3.9493147458937 × 10^373

Least occurring input variable: iv_007 (4147)  
Most occurring input variable: iv_011 (4773)

Most co-occurring input variables: iv_004-iv_013 (2294)  
Least co-occurring input variables: iv_004-iv_007 (1850)

Potentially most occurring input variable: iv_004/iv_011 (5247)  
Potentially least occurring input variable: iv_005/iv_010 (4447)

Least output occurring input variable: iv_011 (66)  
Most output occurring input variable: iv_008 (91)

Most output co-occurring input variables: iv_009-iv_010 (53)  
Least output co-occurring input variables: iv_011-iv_012 (27)

Potentially most output occurring input variable: iv_002/iv_012 (95)  
Potentially least output occurring input variable: iv_004/iv_013 (65)

Least complex input bit: iv_001 (2.529274553774585 × 10^370)  
Most complex input bit: iv_014 (7.278136554326604 × 10^372)

Least complex output bit: aaa_76_29 (1.0310888086572957 × 10^348)  
Most complex output bit: ov_001 (5.984610847579225 × 10^372)

Least complex input/output complexity: iv_001/aaa_76_29 (6.603440987149015 × 10^344)  
Most complex input/output complexity: iv_014/ov_001 (1.102895509112664 × 10^372)

## Input Bits

### Input Bits in Regular Order

| Input Bit | Complexity | Occurrences | Output Occurrences |
|:---------:|:----------:|:-----------:|:------------------:|
| iv_001 | 2.529274553774585 × 10^370 | 4481 | 76 |
| iv_002 | 1.099011857614729 × 10^371 | 4488 | 85 |
| iv_003 | 3.190480602077035 × 10^371 | 4521 | 77 |
| iv_004 | 7.054784062939919 × 10^371 | 4716 | 86 |
| iv_005 | 1.1505860832469289 × 10^372 | 4237 | 78 |
| iv_006 | 1.5992658179415427 × 10^372 | 4447 | 75 |
| iv_007 | 2.0632431013432106 × 10^372 | 4147 | 75 |
| iv_008 | 2.5682255191974906 × 10^372 | 4517 | 91 |
| iv_009 | 3.158790929416752 × 10^372 | 4501 | 87 |
| iv_010 | 3.8581252419444997 × 10^372 | 4350 | 88 |
| iv_011 | 4.689459685757645 × 10^372 | 4773 | 66 |
| iv_012 | 5.544251750459724 × 10^372 | 4380 | 78 |
| iv_013 | 6.423342377501729 × 10^372 | 4634 | 81 |
| iv_014 | 7.278136554326604 × 10^372 | 4750 | 83 |

### Input Bits Sorted by Complexity

| Input Bit | Complexity | Occurrences | Output Occurrences |
|:---------:|:----------:|:-----------:|:------------------:|
| iv_001 | 2.529274553774585 × 10^370 | 4481 | 76 |
| iv_002 | 1.099011857614729 × 10^371 | 4488 | 85 |
| iv_003 | 3.190480602077035 × 10^371 | 4521 | 77 |
| iv_004 | 7.054784062939919 × 10^371 | 4716 | 86 |
| iv_005 | 1.1505860832469289 × 10^372 | 4237 | 78 |
| iv_006 | 1.5992658179415427 × 10^372 | 4447 | 75 |
| iv_007 | 2.0632431013432106 × 10^372 | 4147 | 75 |
| iv_008 | 2.5682255191974906 × 10^372 | 4517 | 91 |
| iv_009 | 3.158790929416752 × 10^372 | 4501 | 87 |
| iv_010 | 3.8581252419444997 × 10^372 | 4350 | 88 |
| iv_011 | 4.689459685757645 × 10^372 | 4773 | 66 |
| iv_012 | 5.544251750459724 × 10^372 | 4380 | 78 |
| iv_013 | 6.423342377501729 × 10^372 | 4634 | 81 |
| iv_014 | 7.278136554326604 × 10^372 | 4750 | 83 |

### Input Bits Sorted by Occurrences

| Input Bit | Complexity | Occurrences | Output Occurrences |
|:---------:|:----------:|:-----------:|:------------------:|
| iv_007 | 2.0632431013432106 × 10^372 | 4147 | 75 |
| iv_005 | 1.1505860832469289 × 10^372 | 4237 | 78 |
| iv_010 | 3.8581252419444997 × 10^372 | 4350 | 88 |
| iv_012 | 5.544251750459724 × 10^372 | 4380 | 78 |
| iv_006 | 1.5992658179415427 × 10^372 | 4447 | 75 |
| iv_001 | 2.529274553774585 × 10^370 | 4481 | 76 |
| iv_002 | 1.099011857614729 × 10^371 | 4488 | 85 |
| iv_009 | 3.158790929416752 × 10^372 | 4501 | 87 |
| iv_008 | 2.5682255191974906 × 10^372 | 4517 | 91 |
| iv_003 | 3.190480602077035 × 10^371 | 4521 | 77 |
| iv_013 | 6.423342377501729 × 10^372 | 4634 | 81 |
| iv_004 | 7.054784062939919 × 10^371 | 4716 | 86 |
| iv_014 | 7.278136554326604 × 10^372 | 4750 | 83 |
| iv_011 | 4.689459685757645 × 10^372 | 4773 | 66 |

### Input Bits Sorted by Output Occurrences

| Input Bit | Complexity | Occurrences | Output Occurrences |
|:---------:|:----------:|:-----------:|:------------------:|
| iv_011 | 4.689459685757645 × 10^372 | 4773 | 66 |
| iv_006 | 1.5992658179415427 × 10^372 | 4447 | 75 |
| iv_007 | 2.0632431013432106 × 10^372 | 4147 | 75 |
| iv_001 | 2.529274553774585 × 10^370 | 4481 | 76 |
| iv_003 | 3.190480602077035 × 10^371 | 4521 | 77 |
| iv_005 | 1.1505860832469289 × 10^372 | 4237 | 78 |
| iv_012 | 5.544251750459724 × 10^372 | 4380 | 78 |
| iv_013 | 6.423342377501729 × 10^372 | 4634 | 81 |
| iv_014 | 7.278136554326604 × 10^372 | 4750 | 83 |
| iv_002 | 1.099011857614729 × 10^371 | 4488 | 85 |
| iv_004 | 7.054784062939919 × 10^371 | 4716 | 86 |
| iv_009 | 3.158790929416752 × 10^372 | 4501 | 87 |
| iv_010 | 3.8581252419444997 × 10^372 | 4350 | 88 |
| iv_008 | 2.5682255191974906 × 10^372 | 4517 | 91 |

## Input Bit Co-occurrences

### Input Bit Co-occurrences Sorted by Co-occurrences

| Input Bits | Co-occurrences | Potential Occurrences | Output Co-occurrences | Potential Output Occurrences |
|:----------:|:--------------:|:---------------------:|:---------------------:|:----------------------------:|
| iv_004-iv_013 | 2294 | 4762 | 51 | 65 |
| iv_003-iv_013 | 2289 | 4577 | 38 | 82 |
| iv_004-iv_009 | 2224 | 4769 | 44 | 85 |
| iv_006-iv_011 | 2203 | 4814 | 29 | 83 |
| iv_004-iv_008 | 2196 | 4841 | 51 | 75 |
| iv_011-iv_014 | 2196 | 5131 | 38 | 73 |
| iv_009-iv_011 | 2194 | 4886 | 37 | 79 |
| iv_004-iv_014 | 2194 | 5078 | 48 | 73 |
| iv_009-iv_014 | 2186 | 4879 | 42 | 86 |
| iv_001-iv_011 | 2179 | 4896 | 32 | 78 |
| iv_008-iv_013 | 2166 | 4819 | 44 | 84 |
| iv_008-iv_014 | 2160 | 4947 | 41 | 92 |
| iv_001-iv_006 | 2139 | 4650 | 35 | 81 |
| iv_006-iv_014 | 2138 | 4921 | 41 | 76 |

### Input Bit Co-occurrences Sorted by Potential Occurrences

| Input Bits | Co-occurrences | Potential Occurrences | Output Co-occurrences | Potential Output Occurrences |
|:----------:|:--------------:|:---------------------:|:---------------------:|:----------------------------:|
| iv_005-iv_010 | 2070 | 4447 | 45 | 76 |
| iv_007-iv_012 | 2005 | 4517 | 38 | 77 |
| iv_003-iv_013 | 2289 | 4577 | 38 | 82 |
| iv_002-iv_007 | 2020 | 4595 | 40 | 80 |
| iv_007-iv_010 | 1940 | 4617 | 39 | 85 |
| iv_002-iv_012 | 2110 | 4648 | 34 | 95 |
| iv_001-iv_006 | 2139 | 4650 | 35 | 81 |
| iv_005-iv_007 | 1860 | 4664 | 42 | 69 |
| iv_007-iv_008 | 1980 | 4704 | 44 | 78 |
| iv_005-iv_008 | 2019 | 4716 | 43 | 83 |
| iv_010-iv_012 | 2007 | 4716 | 45 | 76 |
| iv_003-iv_007 | 1975 | 4718 | 39 | 74 |
| iv_001-iv_005 | 1994 | 4730 | 42 | 70 |
| iv_005-iv_006 | 1974 | 4736 | 36 | 81 |

### Input Bit Output Co-occurrences Sorted by Output Co-occurrences

| Input Bits | Co-occurrences | Potential Occurrences | Output Co-occurrences | Potential Output Occurrences |
|:----------:|:--------------:|:---------------------:|:---------------------:|:----------------------------:|
| iv_008-iv_009 | 2117 | 4784 | 53 | 72 |
| iv_009-iv_010 | 1985 | 4881 | 53 | 69 |
| iv_004-iv_013 | 2294 | 4762 | 51 | 65 |
| iv_004-iv_008 | 2196 | 4841 | 51 | 75 |
| iv_002-iv_010 | 2036 | 4766 | 49 | 75 |
| iv_006-iv_008 | 2037 | 4890 | 49 | 68 |
| iv_002-iv_008 | 2013 | 4979 | 48 | 80 |
| iv_008-iv_010 | 2043 | 4781 | 48 | 83 |
| iv_004-iv_014 | 2194 | 5078 | 48 | 73 |
| iv_002-iv_004 | 2075 | 5054 | 47 | 77 |
| iv_002-iv_009 | 2052 | 4885 | 46 | 80 |
| iv_004-iv_010 | 1981 | 5104 | 46 | 82 |
| iv_003-iv_009 | 2091 | 4840 | 45 | 74 |
| iv_005-iv_010 | 2070 | 4447 | 45 | 76 |

### Input Bit Output Co-occurrences Sorted by Potential Output Occurrences

| Input Bits | Co-occurrences | Potential Occurrences | Output Co-occurrences | Potential Output Occurrences |
|:----------:|:--------------:|:---------------------:|:---------------------:|:----------------------------:|
| iv_004-iv_013 | 2294 | 4762 | 51 | 65 |
| iv_006-iv_008 | 2037 | 4890 | 49 | 68 |
| iv_005-iv_007 | 1860 | 4664 | 42 | 69 |
| iv_009-iv_010 | 1985 | 4881 | 53 | 69 |
| iv_006-iv_012 | 2002 | 4823 | 42 | 69 |
| iv_001-iv_005 | 1994 | 4730 | 42 | 70 |
| iv_001-iv_013 | 2090 | 4935 | 43 | 71 |
| iv_003-iv_005 | 1905 | 4948 | 42 | 71 |
| iv_008-iv_009 | 2117 | 4784 | 53 | 72 |
| iv_012-iv_013 | 2069 | 4876 | 43 | 73 |
| iv_001-iv_007 | 1891 | 4846 | 39 | 73 |
| iv_005-iv_014 | 2046 | 4895 | 44 | 73 |
| iv_012-iv_014 | 2071 | 4988 | 44 | 73 |
| iv_004-iv_014 | 2194 | 5078 | 48 | 73 |

## Output Bits

### Output Bits in Regular Order

| Rank | Output Bit | Complexity |
|:----:|:----------:|:----------:|
| 1 | ov_001 | 5.984610847579225 × 10^372 |
| 2 | ov_002 | 5.240588124479263 × 10^372 |
| 3 | ov_003 | 4.570449496149172 × 10^372 |
| 4 | ov_004 | 3.967966709145842 × 10^372 |
| 5 | ov_005 | 3.427264615246187 × 10^372 |
| 6 | ov_006 | 2.942796250517115 × 10^372 |
| 7 | ov_007 | 2.509320692247518 × 10^372 |
| 8 | ov_008 | 2.1218835171115698 × 10^372 |
| 9 | ov_009 | 1.7780768533837968 × 10^372 |
| 10 | ov_010 | 1.475623560189828 × 10^372 |
| 11 | ov_011 | 1.2123704011267757 × 10^372 |
| 12 | ov_012 | 9.862822622389446 × 10^371 |
| 13 | ov_013 | 7.936247567910634 × 10^371 |
| 14 | ov_014 | 6.308787718918657 × 10^371 |
| 15 | ov_015 | 4.947345477494482 × 10^371 |
| 16 | ov_016 | 3.82086936212086 × 10^371 |
| 17 | ov_017 | 2.900316678829528 × 10^371 |
| 18 | ov_018 | 2.1586247081079365 × 10^371 |
| 19 | ov_019 | 1.5706889740235172 × 10^371 |
| 20 | ov_020 | 1.113347297981101 × 10^371 |
| 21 | ov_021 | 7.653684751718405 × 10^370 |
| 22 | ov_022 | 5.074445472193404 × 10^370 |
| 23 | ov_023 | 3.2218577986286553 × 10^370 |
| 24 | ov_024 | 1.9411758979132093 × 10^370 |
| 25 | ov_025 | 1.0967879998653485 × 10^370 |
| 26 | ov_026 | 5.722073760297646 × 10^369 |
| 27 | ov_027 | 2.700681918442787 × 10^369 |
| 28 | ov_028 | 1.1212386833289393 × 10^369 |
| 29 | ov_029 | 3.9246553801996585 × 10^368 |
| 30 | ov_030 | 1.0790320677829508 × 10^368 |
| 31 | ov_031 | 2.1085255801496915 × 10^367 |
| 32 | lv_80_m31 | 4.1199256769165546 × 10^366 |
| 33 | ov_033 | 5.142672731597115 × 10^367 |
| 34 | ov_034 | 4.506001688440792 × 10^367 |
| 35 | ov_035 | 3.933400740368439 × 10^367 |
| 36 | ov_036 | 3.419403621322777 × 10^367 |
| 37 | ov_037 | 2.958848312151905 × 10^367 |
| 38 | ov_038 | 2.546855744405592 × 10^367 |
| 39 | ov_039 | 2.1788111507344045 × 10^367 |
| 40 | ov_040 | 1.850347826524878 × 10^367 |
| 41 | ov_041 | 1.5573330802187968 × 10^367 |
| 42 | ov_042 | 1.2977574431243262 × 10^367 |
| 43 | ov_043 | 1.0697196341450678 × 10^367 |
| 44 | ov_044 | 8.714218349844866 × 10^366 |
| 45 | ov_045 | 7.011657164180047 × 10^366 |
| 46 | ov_046 | 5.573491304065914 × 10^366 |
| 47 | ov_047 | 4.3704594830885325 × 10^366 |
| 48 | ov_048 | 3.375107708529525 × 10^366 |
| 49 | ov_049 | 2.5617576946566998 × 10^366 |
| 50 | ov_050 | 1.906482245658334 × 10^366 |
| 51 | ov_051 | 1.387086479520224 × 10^366 |
| 52 | ov_052 | 9.83093866406397 × 10^365 |
| 53 | ov_053 | 6.757361570977045 × 10^365 |
| 54 | ov_054 | 4.479463788696275 × 10^365 |
| 55 | ov_055 | 2.843541779217433 × 10^365 |
| 56 | ov_056 | 1.712828891514787 × 10^365 |
| 57 | ov_057 | 9.674781572061494 × 10^364 |
| 58 | ov_058 | 5.045530250863862 × 10^364 |
| 59 | ov_059 | 2.3802288342310157 × 10^364 |
| 60 | ov_060 | 9.876117690030969 × 10^363 |
| 61 | ov_061 | 3.454474804766746 × 10^363 |
| 62 | ov_062 | 9.489726035859127 × 10^362 |
| 63 | ov_063 | 1.852495573708441 × 10^362 |
| 64 | lv_79_m31 | 3.61560394339602 × 10^361 |
| 65 | ov_065 | 4.4364609742242606 × 10^362 |
| 66 | ov_066 | 4.4364384571090914 × 10^362 |
| 67 | ov_067 | 4.436432990384073 × 10^362 |
| 68 | ov_068 | 3.87250416181059 × 10^362 |
| 69 | ov_069 | 3.3652985777973116 × 10^362 |
| 70 | ov_070 | 2.910570822871357 × 10^362 |
| 71 | ov_071 | 2.504316826700447 × 10^362 |
| 72 | ov_072 | 2.142756432314622 × 10^362 |
| 73 | ov_073 | 1.8223179066155443 × 10^362 |
| 74 | ov_074 | 1.539624261974507 × 10^362 |
| 75 | ov_075 | 1.2914812897649945 × 10^362 |
| 76 | ov_076 | 1.0748672122216311 × 10^362 |
| 77 | ov_077 | 8.869238447715177 × 10^361 |
| 78 | ov_078 | 7.249491281791214 × 10^361 |
| 79 | ov_079 | 5.863908787933386 × 10^361 |
| 80 | ov_080 | 4.688416146671696 × 10^361 |
| 81 | ov_081 | 3.7003432460034384 × 10^361 |
| 82 | ov_082 | 2.8783905627823184 × 10^361 |
| 83 | ov_083 | 2.2026020868484266 × 10^361 |
| 84 | ov_084 | 1.6543442288488867 × 10^361 |
| 85 | ov_085 | 1.216289741248277 × 10^361 |
| 86 | ov_086 | 8.724057701497211 × 10^360 |
| 87 | ov_087 | 6.079452433891124 × 10^360 |
| 88 | ov_088 | 4.094408880327872 × 10^360 |
| 89 | ov_089 | 2.6470125797522635 × 10^360 |
| 90 | ov_090 | 1.6280823984514965 × 10^360 |
| 91 | ov_091 | 9.411559291608928 × 10^359 |
| 92 | ov_092 | 5.024816619581472 × 10^359 |
| 93 | ov_093 | 2.4101522605796306 × 10^359 |
| 94 | ov_094 | 9.841782551158997 × 10^358 |
| 95 | aaa_78_28 | 2.905570317796436 × 10^358 |
| 96 | aaa_78_29 | 9.820008865144607 × 10^357 |
| 97 | ov_097 | 6.781198685033128 × 10^357 |
| 98 | ov_098 | 6.781179607370524 × 10^357 |
| 99 | ov_099 | 6.78117498404294 × 10^357 |
| 100 | ov_100 | 5.934439520486178 × 10^357 |
| 101 | ov_101 | 5.173108775659947 × 10^357 |
| 102 | ov_102 | 4.4899889985860547 × 10^357 |
| 103 | ov_103 | 3.8782949871841354 × 10^357 |
| 104 | ov_104 | 3.3316224853570377 × 10^357 |
| 105 | ov_105 | 2.8439236472980374 × 10^357 |
| 106 | ov_106 | 2.4094852527194295 × 10^357 |
| 107 | ov_107 | 2.0229094471939467 × 10^357 |
| 108 | ov_108 | 1.6815738892625954 × 10^357 |
| 109 | ov_109 | 1.383001508457815 × 10^357 |
| 110 | ov_110 | 1.1248536407551818 × 10^357 |
| 111 | ov_111 | 9.049241187569513 × 10^356 |
| 112 | ov_112 | 7.191787791958558 × 10^356 |
| 113 | ov_113 | 5.638264568685541 × 10^356 |
| 114 | ov_114 | 4.3531269530859533 × 10^356 |
| 115 | ov_115 | 3.3031474503355425 × 10^356 |
| 116 | ov_116 | 2.4573769238262895 × 10^356 |
| 117 | ov_117 | 1.7871153961975807 × 10^356 |
| 118 | ov_118 | 1.2658906206143006 × 10^356 |
| 119 | ov_119 | 8.69442861991818 × 10^355 |
| 120 | ov_120 | 5.757145096955479 × 10^355 |
| 121 | ov_121 | 3.648433249157736 × 10^355 |
| 122 | ov_122 | 2.191583075118459 × 10^355 |
| 123 | ov_123 | 1.23177348675907 × 10^355 |
| 124 | ov_124 | 6.36060165504979 × 10^354 |
| 125 | ov_125 | 2.9336997493340083 × 10^354 |
| 126 | ov_126 | 1.1449875202987975 × 10^354 |
| 127 | aaa_77_28 | 3.211059422299327 × 10^353 |
| 128 | aaa_77_29 | 9.77923384035773 × 10^352 |
| 129 | ov_129 | 5.9161123934732994 × 10^352 |
| 130 | ov_130 | 5.916092235844876 × 10^352 |
| 131 | ov_131 | 5.916087337324816 × 10^352 |
| 132 | ov_132 | 5.178406471434924 × 10^352 |
| 133 | ov_133 | 4.52038130002487 × 10^352 |
| 134 | ov_134 | 3.934516456651534 × 10^352 |
| 135 | ov_135 | 3.41374847177588 × 10^352 |
| 136 | ov_136 | 2.9514157133331085 × 10^352 |
| 137 | ov_137 | 2.541231520465067 × 10^352 |
| 138 | ov_138 | 2.1772603177596523 × 10^352 |
| 139 | ov_139 | 1.8538965089524034 × 10^352 |
| 140 | ov_140 | 1.5658459601330064 × 10^352 |
| 141 | ov_141 | 1.3105373114130766 × 10^352 |
| 142 | ov_142 | 1.0855431445333556 × 10^352 |
| 143 | ov_143 | 8.885735899759266 × 10^351 |
| 144 | ov_144 | 7.174709366709277 × 10^351 |
| 145 | ov_145 | 5.702051721199297 × 10^351 |
| 146 | ov_146 | 4.448703710201348 × 10^351 |
| 147 | ov_147 | 3.3968182733141314 × 10^351 |
| 148 | ov_148 | 2.529738183635838 × 10^351 |
| 149 | ov_149 | 1.8319789872010424 × 10^351 |
| 150 | ov_150 | 1.2892163116104105 × 10^351 |
| 151 | ov_151 | 8.762478053647833 × 10^350 |
| 152 | ov_152 | 5.7015597533477916 × 10^350 |
| 153 | ov_153 | 3.5030127840135374 × 10^350 |
| 154 | ov_154 | 1.9831788615985658 × 10^350 |
| 155 | ov_155 | 9.811127072758975 × 10^349 |
| 156 | aaa_76_25 | 3.585697611088087 × 10^349 |
| 157 | aaa_76_26 | 1.8745392681031265 × 10^349 |
| 158 | aaa_76_27 | 8.650371903607589 × 10^348 |
| 159 | aaa_76_28 | 3.3784373380153887 × 10^348 |
| 160 | aaa_76_29 | 1.0310888086572957 × 10^348 |

### Output Bits Sorted by Complexity

| Rank | Output Bit | Complexity |
|:----:|:----------:|:----------:|
| 160 | aaa_76_29 | 1.0310888086572957 × 10^348 |
| 159 | aaa_76_28 | 3.3784373380153887 × 10^348 |
| 158 | aaa_76_27 | 8.650371903607589 × 10^348 |
| 157 | aaa_76_26 | 1.8745392681031265 × 10^349 |
| 156 | aaa_76_25 | 3.585697611088087 × 10^349 |
| 155 | ov_155 | 9.811127072758975 × 10^349 |
| 154 | ov_154 | 1.9831788615985658 × 10^350 |
| 153 | ov_153 | 3.5030127840135374 × 10^350 |
| 152 | ov_152 | 5.7015597533477916 × 10^350 |
| 151 | ov_151 | 8.762478053647833 × 10^350 |
| 150 | ov_150 | 1.2892163116104105 × 10^351 |
| 149 | ov_149 | 1.8319789872010424 × 10^351 |
| 148 | ov_148 | 2.529738183635838 × 10^351 |
| 147 | ov_147 | 3.3968182733141314 × 10^351 |
| 146 | ov_146 | 4.448703710201348 × 10^351 |
| 145 | ov_145 | 5.702051721199297 × 10^351 |
| 144 | ov_144 | 7.174709366709277 × 10^351 |
| 143 | ov_143 | 8.885735899759266 × 10^351 |
| 142 | ov_142 | 1.0855431445333556 × 10^352 |
| 141 | ov_141 | 1.3105373114130766 × 10^352 |
| 140 | ov_140 | 1.5658459601330064 × 10^352 |
| 139 | ov_139 | 1.8538965089524034 × 10^352 |
| 138 | ov_138 | 2.1772603177596523 × 10^352 |
| 137 | ov_137 | 2.541231520465067 × 10^352 |
| 136 | ov_136 | 2.9514157133331085 × 10^352 |
| 135 | ov_135 | 3.41374847177588 × 10^352 |
| 134 | ov_134 | 3.934516456651534 × 10^352 |
| 133 | ov_133 | 4.52038130002487 × 10^352 |
| 132 | ov_132 | 5.178406471434924 × 10^352 |
| 131 | ov_131 | 5.916087337324816 × 10^352 |
| 130 | ov_130 | 5.916092235844876 × 10^352 |
| 129 | ov_129 | 5.9161123934732994 × 10^352 |
| 128 | aaa_77_29 | 9.77923384035773 × 10^352 |
| 127 | aaa_77_28 | 3.211059422299327 × 10^353 |
| 126 | ov_126 | 1.1449875202987975 × 10^354 |
| 125 | ov_125 | 2.9336997493340083 × 10^354 |
| 124 | ov_124 | 6.36060165504979 × 10^354 |
| 123 | ov_123 | 1.23177348675907 × 10^355 |
| 122 | ov_122 | 2.191583075118459 × 10^355 |
| 121 | ov_121 | 3.648433249157736 × 10^355 |
| 120 | ov_120 | 5.757145096955479 × 10^355 |
| 119 | ov_119 | 8.69442861991818 × 10^355 |
| 118 | ov_118 | 1.2658906206143006 × 10^356 |
| 117 | ov_117 | 1.7871153961975807 × 10^356 |
| 116 | ov_116 | 2.4573769238262895 × 10^356 |
| 115 | ov_115 | 3.3031474503355425 × 10^356 |
| 114 | ov_114 | 4.3531269530859533 × 10^356 |
| 113 | ov_113 | 5.638264568685541 × 10^356 |
| 112 | ov_112 | 7.191787791958558 × 10^356 |
| 111 | ov_111 | 9.049241187569513 × 10^356 |
| 110 | ov_110 | 1.1248536407551818 × 10^357 |
| 109 | ov_109 | 1.383001508457815 × 10^357 |
| 108 | ov_108 | 1.6815738892625954 × 10^357 |
| 107 | ov_107 | 2.0229094471939467 × 10^357 |
| 106 | ov_106 | 2.4094852527194295 × 10^357 |
| 105 | ov_105 | 2.8439236472980374 × 10^357 |
| 104 | ov_104 | 3.3316224853570377 × 10^357 |
| 103 | ov_103 | 3.8782949871841354 × 10^357 |
| 102 | ov_102 | 4.4899889985860547 × 10^357 |
| 101 | ov_101 | 5.173108775659947 × 10^357 |
| 100 | ov_100 | 5.934439520486178 × 10^357 |
| 99 | ov_099 | 6.78117498404294 × 10^357 |
| 98 | ov_098 | 6.781179607370524 × 10^357 |
| 97 | ov_097 | 6.781198685033128 × 10^357 |
| 96 | aaa_78_29 | 9.820008865144607 × 10^357 |
| 95 | aaa_78_28 | 2.905570317796436 × 10^358 |
| 94 | ov_094 | 9.841782551158997 × 10^358 |
| 93 | ov_093 | 2.4101522605796306 × 10^359 |
| 92 | ov_092 | 5.024816619581472 × 10^359 |
| 91 | ov_091 | 9.411559291608928 × 10^359 |
| 90 | ov_090 | 1.6280823984514965 × 10^360 |
| 89 | ov_089 | 2.6470125797522635 × 10^360 |
| 88 | ov_088 | 4.094408880327872 × 10^360 |
| 87 | ov_087 | 6.079452433891124 × 10^360 |
| 86 | ov_086 | 8.724057701497211 × 10^360 |
| 85 | ov_085 | 1.216289741248277 × 10^361 |
| 84 | ov_084 | 1.6543442288488867 × 10^361 |
| 83 | ov_083 | 2.2026020868484266 × 10^361 |
| 82 | ov_082 | 2.8783905627823184 × 10^361 |
| 64 | lv_79_m31 | 3.61560394339602 × 10^361 |
| 81 | ov_081 | 3.7003432460034384 × 10^361 |
| 80 | ov_080 | 4.688416146671696 × 10^361 |
| 79 | ov_079 | 5.863908787933386 × 10^361 |
| 78 | ov_078 | 7.249491281791214 × 10^361 |
| 77 | ov_077 | 8.869238447715177 × 10^361 |
| 76 | ov_076 | 1.0748672122216311 × 10^362 |
| 75 | ov_075 | 1.2914812897649945 × 10^362 |
| 74 | ov_074 | 1.539624261974507 × 10^362 |
| 73 | ov_073 | 1.8223179066155443 × 10^362 |
| 63 | ov_063 | 1.852495573708441 × 10^362 |
| 72 | ov_072 | 2.142756432314622 × 10^362 |
| 71 | ov_071 | 2.504316826700447 × 10^362 |
| 70 | ov_070 | 2.910570822871357 × 10^362 |
| 69 | ov_069 | 3.3652985777973116 × 10^362 |
| 68 | ov_068 | 3.87250416181059 × 10^362 |
| 67 | ov_067 | 4.436432990384073 × 10^362 |
| 66 | ov_066 | 4.4364384571090914 × 10^362 |
| 65 | ov_065 | 4.4364609742242606 × 10^362 |
| 62 | ov_062 | 9.489726035859127 × 10^362 |
| 61 | ov_061 | 3.454474804766746 × 10^363 |
| 60 | ov_060 | 9.876117690030969 × 10^363 |
| 59 | ov_059 | 2.3802288342310157 × 10^364 |
| 58 | ov_058 | 5.045530250863862 × 10^364 |
| 57 | ov_057 | 9.674781572061494 × 10^364 |
| 56 | ov_056 | 1.712828891514787 × 10^365 |
| 55 | ov_055 | 2.843541779217433 × 10^365 |
| 54 | ov_054 | 4.479463788696275 × 10^365 |
| 53 | ov_053 | 6.757361570977045 × 10^365 |
| 52 | ov_052 | 9.83093866406397 × 10^365 |
| 51 | ov_051 | 1.387086479520224 × 10^366 |
| 50 | ov_050 | 1.906482245658334 × 10^366 |
| 49 | ov_049 | 2.5617576946566998 × 10^366 |
| 48 | ov_048 | 3.375107708529525 × 10^366 |
| 32 | lv_80_m31 | 4.1199256769165546 × 10^366 |
| 47 | ov_047 | 4.3704594830885325 × 10^366 |
| 46 | ov_046 | 5.573491304065914 × 10^366 |
| 45 | ov_045 | 7.011657164180047 × 10^366 |
| 44 | ov_044 | 8.714218349844866 × 10^366 |
| 43 | ov_043 | 1.0697196341450678 × 10^367 |
| 42 | ov_042 | 1.2977574431243262 × 10^367 |
| 41 | ov_041 | 1.5573330802187968 × 10^367 |
| 40 | ov_040 | 1.850347826524878 × 10^367 |
| 31 | ov_031 | 2.1085255801496915 × 10^367 |
| 39 | ov_039 | 2.1788111507344045 × 10^367 |
| 38 | ov_038 | 2.546855744405592 × 10^367 |
| 37 | ov_037 | 2.958848312151905 × 10^367 |
| 36 | ov_036 | 3.419403621322777 × 10^367 |
| 35 | ov_035 | 3.933400740368439 × 10^367 |
| 34 | ov_034 | 4.506001688440792 × 10^367 |
| 33 | ov_033 | 5.142672731597115 × 10^367 |
| 30 | ov_030 | 1.0790320677829508 × 10^368 |
| 29 | ov_029 | 3.9246553801996585 × 10^368 |
| 28 | ov_028 | 1.1212386833289393 × 10^369 |
| 27 | ov_027 | 2.700681918442787 × 10^369 |
| 26 | ov_026 | 5.722073760297646 × 10^369 |
| 25 | ov_025 | 1.0967879998653485 × 10^370 |
| 24 | ov_024 | 1.9411758979132093 × 10^370 |
| 23 | ov_023 | 3.2218577986286553 × 10^370 |
| 22 | ov_022 | 5.074445472193404 × 10^370 |
| 21 | ov_021 | 7.653684751718405 × 10^370 |
| 20 | ov_020 | 1.113347297981101 × 10^371 |
| 19 | ov_019 | 1.5706889740235172 × 10^371 |
| 18 | ov_018 | 2.1586247081079365 × 10^371 |
| 17 | ov_017 | 2.900316678829528 × 10^371 |
| 16 | ov_016 | 3.82086936212086 × 10^371 |
| 15 | ov_015 | 4.947345477494482 × 10^371 |
| 14 | ov_014 | 6.308787718918657 × 10^371 |
| 13 | ov_013 | 7.936247567910634 × 10^371 |
| 12 | ov_012 | 9.862822622389446 × 10^371 |
| 11 | ov_011 | 1.2123704011267757 × 10^372 |
| 10 | ov_010 | 1.475623560189828 × 10^372 |
| 9 | ov_009 | 1.7780768533837968 × 10^372 |
| 8 | ov_008 | 2.1218835171115698 × 10^372 |
| 7 | ov_007 | 2.509320692247518 × 10^372 |
| 6 | ov_006 | 2.942796250517115 × 10^372 |
| 5 | ov_005 | 3.427264615246187 × 10^372 |
| 4 | ov_004 | 3.967966709145842 × 10^372 |
| 3 | ov_003 | 4.570449496149172 × 10^372 |
| 2 | ov_002 | 5.240588124479263 × 10^372 |
| 1 | ov_001 | 5.984610847579225 × 10^372 |

