# Results for F001-F002-F003-F004-F005-F006-F007-F008-F009-F010-F011-F012-F013-F014-F015-F016-F017-F018-F019-F020-F021-F022-F023-F024-F025-F026-F027-F028-F029-F030-F031-F032-F033-F034-F035-F036-F037-F038-F039-F040-F041-F042-F043-F044-F045-F046-F047-F048-F049-F050-F051-F052-F053-F054-F055-F056-F057-F058-F059-F060-F061-F062-F063-F064-F065-F066-F067-F068-F069-F070-F071-F072-F073-F074-F075-F076-F077-F078-F079-F080-F081-F082-F083-F084-F085-F086-F087-F088-F089-F090-F091-F092-F093-F094-F095-F096-F097-F098-F099-F100-F101-F102-F103-F104-F105-F106-F107-F108-F109-F110-F111-F112-F113-F114-F115-F116-F117-F118-F119-F120-F121-F122-F123-F124-F125-F126-F127-F128-F129-F130-F131-F132-F133-F134-F135-F136-F137-F138-F139-F140-F141-F142-F143-F144-F145-F146-F147-F148-F149-F150-F151-F152-F153-F154-F155-F156-F157-F158-F159-F160-F161-F162-F163-F164-F165-F166-F167-F168-F169-F170-F171-F172-F173-F174-F175-F176-F177-F178-F179-F180-F181-F182-F183-F184-F185-F186-F187-F188-F189-F190-F191-F192-F193-F194-F195-F196-F197-F198-F199-F200-F201-F202-F203-F204-F205-F206-F207-F208-F209-F210-F211-F212-F213-F214-F215-F216-F217-F218-F219-F220-F221-F222-F223-F224-F225-F226-F227-F228-F229-F230-F231-F232-F233-F234-F235-F236-F237-F238-F239-F240-F241-F242-F243-F244-F245-F246-F247-F248-F249-F250-F251-F252-F253-F254-F255-F256-F257-F258-F259-F260-F261-F262-F263-F264-F265-F266-F267-F268-F269-F270-F271-F272-F273-F274-F275-F276-F277-F278-F279-F280-F281-F282-F283-F284-F285-F286-F287-F288-F289-F290-F291-F292-F293-F294-F295-F296-F297-F298-F299-F300-F301-F302-F303-F304-F305-F306-F307-F308-F309-F310-F311-F312-F313-F314-F315-F316-F317-F318-F319-F320-F321-F322-F323-F324-F325-F326-F327-F328-F329-F330-F331-F332-F333-F334-F335-F336-F337-F338-F339-F340-F341-F342-F343-F344-F345-F346-F347-F348-F349-F350-F351-F352-F353-F354-F355-F356-F357-F358-F359-F360-F361-F362-F363-F364-F365-F366-F367-F368-F369-F370-F371-F372-F373-F374-F375-F376-F377-F378-F379-F380-F381-F382-F383-F384-F385-F386-F387-F388-F389-F390-F391-F392-F393-F394-F395-F396-F397-F398-F399-F400-F401-F402-F403-F404-F405-F406-F407-F408-F409-F410-F411-F412-F413-F414-F415-F416-F417-F418-F419-F420-F421-F422-F423-F424-F425-F426-F427-F428-F429-F430-F431-F432-F433-F434-F435-F436-F437-F438-F439-F440-F441-F442-F443-F444-F445-F446-F447-F448-F449-F450-F451-F452-F453-F454-F455-F456-F457-F458-F459-F460-F461-F462-F463-F464-F465-F466-F467-F468-F469-F470-F471-F472-F473-F474-F475-F476-F477-F478-F479-F480-F481-F482-F483-F484-F485-F486-F487-F488-F489-F490-F491-F492-F493-F494-F495-F496-F497-T510

## Summary

Number of input bits: 512  
Number of free input bits: 14  
Number of output bits: 160

Number of direct occurrences: 58501  
Number of assignments: 32303  
Number of operations: 12111166
(xor: 12081009,
and: 16463,
or: 13694)

Total complexity: 5.665200032582408 × 10^309

Least occurring input variable: iv_498 (3968)  
Most occurring input variable: iv_512 (4443)

Most co-occurring input variables: iv_507-iv_512 (2133)  
Least co-occurring input variables: iv_498-iv_511 (1777)

Potentially most occurring input variable: iv_499/iv_512 (4653)  
Potentially least occurring input variable: iv_506/iv_507 (4222)

Least output occurring input variable: iv_502 (68)  
Most output occurring input variable: iv_506 (94)

Most output co-occurring input variables: iv_506-iv_509 (56)  
Least output co-occurring input variables: iv_498-iv_502 (28)

Potentially most output occurring input variable: iv_498/iv_509 (96)  
Potentially least output occurring input variable: iv_501/iv_507 (67)

Least complex input bit: iv_498 (8.164386608682628 × 10^306)  
Most complex input bit: iv_509 (1.493166720283744 × 10^309)

Least complex output bit: aaa_76_29 (1.3856772184316738 × 10^284)  
Most complex output bit: ov_001 (8.818802975201024 × 10^308)

Least complex input/output complexity: iv_498/aaa_76_29 (1.996964707522105 × 10^281)  
Most complex input/output complexity: iv_509/ov_001 (2.3243562521316645 × 10^308)

## Input Bits

### Input Bits in Regular Order

| Input Bit | Complexity | Occurrences | Output Occurrences |
|:---------:|:----------:|:-----------:|:------------------:|
| iv_498 | 8.164386608682628 × 10^306 | 3968 | 71 |
| iv_499 | 1.6878032885433304 × 10^307 | 4182 | 84 |
| iv_500 | 3.155912613432811 × 10^307 | 4158 | 73 |
| iv_501 | 5.799194741690893 × 10^307 | 4221 | 81 |
| iv_502 | 9.879865751096667 × 10^307 | 4191 | 68 |
| iv_503 | 1.6092516174017733 × 10^308 | 4215 | 85 |
| iv_504 | 2.534614932881253 × 10^308 | 4102 | 79 |
| iv_505 | 3.885940678586768 × 10^308 | 4074 | 79 |
| iv_506 | 5.821568915536491 × 10^308 | 4136 | 94 |
| iv_507 | 8.550745403479162 × 10^308 | 4316 | 82 |
| iv_508 | 1.2133063904115687 × 10^309 | 4150 | 87 |
| iv_509 | 1.493166720283744 × 10^309 | 4187 | 91 |
| iv_511 | 2.0290017727877096 × 10^308 | 4158 | 73 |
| iv_512 | 3.022224392634586 × 10^308 | 4443 | 77 |

### Input Bits Sorted by Complexity

| Input Bit | Complexity | Occurrences | Output Occurrences |
|:---------:|:----------:|:-----------:|:------------------:|
| iv_498 | 8.164386608682628 × 10^306 | 3968 | 71 |
| iv_499 | 1.6878032885433304 × 10^307 | 4182 | 84 |
| iv_500 | 3.155912613432811 × 10^307 | 4158 | 73 |
| iv_501 | 5.799194741690893 × 10^307 | 4221 | 81 |
| iv_502 | 9.879865751096667 × 10^307 | 4191 | 68 |
| iv_503 | 1.6092516174017733 × 10^308 | 4215 | 85 |
| iv_511 | 2.0290017727877096 × 10^308 | 4158 | 73 |
| iv_504 | 2.534614932881253 × 10^308 | 4102 | 79 |
| iv_512 | 3.022224392634586 × 10^308 | 4443 | 77 |
| iv_505 | 3.885940678586768 × 10^308 | 4074 | 79 |
| iv_506 | 5.821568915536491 × 10^308 | 4136 | 94 |
| iv_507 | 8.550745403479162 × 10^308 | 4316 | 82 |
| iv_508 | 1.2133063904115687 × 10^309 | 4150 | 87 |
| iv_509 | 1.493166720283744 × 10^309 | 4187 | 91 |

### Input Bits Sorted by Occurrences

| Input Bit | Complexity | Occurrences | Output Occurrences |
|:---------:|:----------:|:-----------:|:------------------:|
| iv_498 | 8.164386608682628 × 10^306 | 3968 | 71 |
| iv_505 | 3.885940678586768 × 10^308 | 4074 | 79 |
| iv_504 | 2.534614932881253 × 10^308 | 4102 | 79 |
| iv_506 | 5.821568915536491 × 10^308 | 4136 | 94 |
| iv_508 | 1.2133063904115687 × 10^309 | 4150 | 87 |
| iv_500 | 3.155912613432811 × 10^307 | 4158 | 73 |
| iv_511 | 2.0290017727877096 × 10^308 | 4158 | 73 |
| iv_499 | 1.6878032885433304 × 10^307 | 4182 | 84 |
| iv_509 | 1.493166720283744 × 10^309 | 4187 | 91 |
| iv_502 | 9.879865751096667 × 10^307 | 4191 | 68 |
| iv_503 | 1.6092516174017733 × 10^308 | 4215 | 85 |
| iv_501 | 5.799194741690893 × 10^307 | 4221 | 81 |
| iv_507 | 8.550745403479162 × 10^308 | 4316 | 82 |
| iv_512 | 3.022224392634586 × 10^308 | 4443 | 77 |

### Input Bits Sorted by Output Occurrences

| Input Bit | Complexity | Occurrences | Output Occurrences |
|:---------:|:----------:|:-----------:|:------------------:|
| iv_502 | 9.879865751096667 × 10^307 | 4191 | 68 |
| iv_498 | 8.164386608682628 × 10^306 | 3968 | 71 |
| iv_500 | 3.155912613432811 × 10^307 | 4158 | 73 |
| iv_511 | 2.0290017727877096 × 10^308 | 4158 | 73 |
| iv_512 | 3.022224392634586 × 10^308 | 4443 | 77 |
| iv_504 | 2.534614932881253 × 10^308 | 4102 | 79 |
| iv_505 | 3.885940678586768 × 10^308 | 4074 | 79 |
| iv_501 | 5.799194741690893 × 10^307 | 4221 | 81 |
| iv_507 | 8.550745403479162 × 10^308 | 4316 | 82 |
| iv_499 | 1.6878032885433304 × 10^307 | 4182 | 84 |
| iv_503 | 1.6092516174017733 × 10^308 | 4215 | 85 |
| iv_508 | 1.2133063904115687 × 10^309 | 4150 | 87 |
| iv_509 | 1.493166720283744 × 10^309 | 4187 | 91 |
| iv_506 | 5.821568915536491 × 10^308 | 4136 | 94 |

## Input Bit Co-occurrences

### Input Bit Co-occurrences Sorted by Co-occurrences

| Input Bits | Co-occurrences | Potential Occurrences | Output Co-occurrences | Potential Output Occurrences |
|:----------:|:--------------:|:---------------------:|:---------------------:|:----------------------------:|
| iv_507-iv_512 | 2133 | 4493 | 34 | 91 |
| iv_503-iv_507 | 2122 | 4287 | 44 | 79 |
| iv_506-iv_507 | 2115 | 4222 | 50 | 76 |
| iv_501-iv_507 | 2108 | 4321 | 48 | 67 |
| iv_508-iv_512 | 2106 | 4381 | 45 | 74 |
| iv_503-iv_512 | 2103 | 4452 | 41 | 80 |
| iv_501-iv_512 | 2093 | 4478 | 39 | 80 |
| iv_502-iv_507 | 2073 | 4361 | 41 | 68 |
| iv_502-iv_512 | 2070 | 4494 | 33 | 79 |
| iv_501-iv_511 | 2056 | 4267 | 41 | 72 |
| iv_509-iv_512 | 2053 | 4524 | 47 | 74 |
| iv_507-iv_508 | 2050 | 4366 | 40 | 89 |
| iv_507-iv_509 | 2045 | 4413 | 50 | 73 |
| iv_500-iv_503 | 2042 | 4289 | 41 | 76 |

### Input Bit Co-occurrences Sorted by Potential Occurrences

| Input Bits | Co-occurrences | Potential Occurrences | Output Co-occurrences | Potential Output Occurrences |
|:----------:|:--------------:|:---------------------:|:---------------------:|:----------------------------:|
| iv_506-iv_507 | 2115 | 4222 | 50 | 76 |
| iv_501-iv_505 | 2018 | 4259 | 42 | 76 |
| iv_504-iv_505 | 1957 | 4262 | 43 | 72 |
| iv_501-iv_511 | 2056 | 4267 | 41 | 72 |
| iv_506-iv_509 | 2027 | 4269 | 56 | 73 |
| iv_502-iv_505 | 1998 | 4269 | 33 | 81 |
| iv_504-iv_506 | 1978 | 4282 | 51 | 71 |
| iv_498-iv_506 | 1909 | 4286 | 41 | 83 |
| iv_503-iv_507 | 2122 | 4287 | 44 | 79 |
| iv_500-iv_503 | 2042 | 4289 | 41 | 76 |
| iv_503-iv_505 | 1999 | 4291 | 47 | 70 |
| iv_508-iv_509 | 2020 | 4297 | 53 | 72 |
| iv_500-iv_502 | 2026 | 4297 | 33 | 75 |
| iv_498-iv_504 | 1886 | 4298 | 35 | 80 |

### Input Bit Output Co-occurrences Sorted by Output Co-occurrences

| Input Bits | Co-occurrences | Potential Occurrences | Output Co-occurrences | Potential Output Occurrences |
|:----------:|:--------------:|:---------------------:|:---------------------:|:----------------------------:|
| iv_506-iv_508 | 1990 | 4306 | 56 | 69 |
| iv_506-iv_509 | 2027 | 4269 | 56 | 73 |
| iv_508-iv_509 | 2020 | 4297 | 53 | 72 |
| iv_504-iv_506 | 1978 | 4282 | 51 | 71 |
| iv_506-iv_507 | 2115 | 4222 | 50 | 76 |
| iv_507-iv_509 | 2045 | 4413 | 50 | 73 |
| iv_503-iv_506 | 2008 | 4335 | 49 | 81 |
| iv_503-iv_509 | 1969 | 4464 | 49 | 78 |
| iv_499-iv_503 | 2005 | 4387 | 49 | 71 |
| iv_501-iv_507 | 2108 | 4321 | 48 | 67 |
| iv_505-iv_506 | 1937 | 4336 | 48 | 77 |
| iv_505-iv_509 | 1957 | 4347 | 48 | 74 |
| iv_499-iv_506 | 1941 | 4436 | 47 | 84 |
| iv_499-iv_507 | 2038 | 4422 | 47 | 72 |

### Input Bit Output Co-occurrences Sorted by Potential Output Occurrences

| Input Bits | Co-occurrences | Potential Occurrences | Output Co-occurrences | Potential Output Occurrences |
|:----------:|:--------------:|:---------------------:|:---------------------:|:----------------------------:|
| iv_501-iv_507 | 2108 | 4321 | 48 | 67 |
| iv_502-iv_507 | 2073 | 4361 | 41 | 68 |
| iv_508-iv_511 | 1996 | 4316 | 46 | 68 |
| iv_506-iv_508 | 1990 | 4306 | 56 | 69 |
| iv_503-iv_505 | 1999 | 4291 | 47 | 70 |
| iv_498-iv_503 | 1924 | 4335 | 43 | 70 |
| iv_499-iv_500 | 2015 | 4310 | 43 | 71 |
| iv_504-iv_506 | 1978 | 4282 | 51 | 71 |
| iv_499-iv_503 | 2005 | 4387 | 49 | 71 |
| iv_499-iv_502 | 2013 | 4347 | 40 | 72 |
| iv_499-iv_507 | 2038 | 4422 | 47 | 72 |
| iv_498-iv_508 | 1879 | 4360 | 43 | 72 |
| iv_508-iv_509 | 2020 | 4297 | 53 | 72 |
| iv_504-iv_505 | 1957 | 4262 | 43 | 72 |

## Output Bits

### Output Bits in Regular Order

| Rank | Output Bit | Complexity |
|:----:|:----------:|:----------:|
| 1 | ov_001 | 8.818802975201024 × 10^308 |
| 2 | ov_002 | 7.678196378740719 × 10^308 |
| 3 | ov_003 | 6.653849357653711 × 10^308 |
| 4 | ov_004 | 5.737053399316356 × 10^308 |
| 5 | ov_005 | 4.919577987834217 × 10^308 |
| 6 | ov_006 | 4.193636782243483 × 10^308 |
| 7 | ov_007 | 3.5518581016817004 × 10^308 |
| 8 | ov_008 | 2.987259375245249 × 10^308 |
| 9 | ov_009 | 2.4932252366140917 × 10^308 |
| 10 | ov_010 | 2.0634889159029987 × 10^308 |
| 11 | ov_011 | 1.6921165774705602 × 10^308 |
| 12 | ov_012 | 1.373494272711173 × 10^308 |
| 13 | ov_013 | 1.1023171967044745 × 10^308 |
| 14 | ov_014 | 8.735809570964126 × 10^307 |
| 15 | ov_015 | 6.825745828165855 × 10^307 |
| 16 | ov_016 | 5.248750192644878 × 10^307 |
| 17 | ov_017 | 3.9634287547737507 × 10^307 |
| 18 | ov_018 | 2.931192075681467 × 10^307 |
| 19 | ov_019 | 2.1162314142662875 × 10^307 |
| 20 | ov_020 | 1.4855015633698142 × 10^307 |
| 21 | ov_021 | 1.0087087745107074 × 10^307 |
| 22 | ov_022 | 6.583025898422814 × 10^306 |
| 23 | ov_023 | 4.094705860620239 × 10^306 |
| 24 | ov_024 | 2.4013510958835433 × 10^306 |
| 25 | ov_025 | 1.3095130518379708 × 10^306 |
| 26 | ov_026 | 6.530600474330801 × 10^305 |
| 27 | ov_027 | 2.9317177864811133 × 10^305 |
| 28 | ov_028 | 1.1833707367638292 × 10^305 |
| 29 | ov_029 | 4.4353169491897686 × 10^304 |
| 30 | ov_030 | 1.3409215195837894 × 10^304 |
| 31 | ov_031 | 2.96867681227583 × 10^303 |
| 32 | lv_80_m31 | 5.789354415437328 × 10^302 |
| 33 | ov_033 | 6.98559067872894 × 10^303 |
| 34 | ov_034 | 6.069274784056637 × 10^303 |
| 35 | ov_035 | 5.24804367225921 × 10^303 |
| 36 | ov_036 | 4.514469981333503 × 10^303 |
| 37 | ov_037 | 3.8615349353816184 × 10^303 |
| 38 | ov_038 | 3.2825994937991946 × 10^303 |
| 39 | ov_039 | 2.7713792089356422 × 10^303 |
| 40 | ov_040 | 2.3219224573742032 × 10^303 |
| 41 | ov_041 | 1.928591726979507 × 10^303 |
| 42 | ov_042 | 1.586047658401179 × 10^303 |
| 43 | ov_043 | 1.2916932783410803 × 10^303 |
| 44 | ov_044 | 1.040747265672 × 10^303 |
| 45 | ov_045 | 8.286923315251268 × 10^302 |
| 46 | ov_046 | 6.512675857686743 × 10^302 |
| 47 | ov_047 | 5.044623899483983 × 10^302 |
| 48 | ov_048 | 3.8451148976201954 × 10^302 |
| 49 | ov_049 | 2.878912355166492 × 10^302 |
| 50 | ov_050 | 2.113167143536373 × 10^302 |
| 51 | ov_051 | 1.5173963332819843 × 10^302 |
| 52 | ov_052 | 1.063468077096784 × 10^302 |
| 53 | ov_053 | 7.255912412915425 × 10^301 |
| 54 | ov_054 | 4.803086344975762 × 10^301 |
| 55 | ov_055 | 3.0649283476027546 × 10^301 |
| 56 | ov_056 | 1.853437685509098 × 10^301 |
| 57 | ov_057 | 1.0804301901117363 × 10^301 |
| 58 | ov_058 | 6.0441821078347245 × 10^300 |
| 59 | ov_059 | 3.0716358762731885 × 10^300 |
| 60 | ov_060 | 1.3535934036498586 × 10^300 |
| 61 | ov_061 | 4.732227222762811 × 10^299 |
| 62 | ov_062 | 1.2992851201761367 × 10^299 |
| 63 | ov_063 | 2.5348153468890124 × 10^298 |
| 64 | lv_79_m31 | 4.9442230879447257 × 10^297 |
| 65 | ov_065 | 5.970332928186947 × 10^298 |
| 66 | ov_066 | 5.970316866621792 × 10^298 |
| 67 | ov_067 | 5.970312996580204 × 10^298 |
| 68 | ov_068 | 5.192405464602531 × 10^298 |
| 69 | ov_069 | 4.493826380653747 × 10^298 |
| 70 | ov_070 | 3.868741014005639 × 10^298 |
| 71 | ov_071 | 3.3116149025251274 × 10^298 |
| 72 | ov_072 | 2.8171925936504105 × 10^298 |
| 73 | ov_073 | 2.3804796692758454 × 10^298 |
| 74 | ov_074 | 1.9967277071302828 × 10^298 |
| 75 | ov_075 | 1.6614218497943264 × 10^298 |
| 76 | ov_076 | 1.3702706703239179 × 10^298 |
| 77 | ov_077 | 1.1191980406572107 × 10^298 |
| 78 | ov_078 | 9.043367256898143 × 10^297 |
| 79 | ov_079 | 7.220234422068547 × 10^297 |
| 80 | ov_080 | 5.68795137842177 × 10^297 |
| 81 | ov_081 | 4.4138626096626875 × 10^297 |
| 82 | ov_082 | 3.3672680794471293 × 10^297 |
| 83 | ov_083 | 2.519409496072028 × 10^297 |
| 84 | ov_084 | 1.8434605406316614 × 10^297 |
| 85 | ov_085 | 1.3145195444235381 × 10^297 |
| 86 | ov_086 | 9.0960372078248 × 10^296 |
| 87 | ov_087 | 6.076446189194976 × 10^296 |
| 88 | ov_088 | 3.894846485379355 × 10^296 |
| 89 | ov_089 | 2.3787452405831224 × 10^296 |
| 90 | ov_090 | 1.3747147731473354 × 10^296 |
| 91 | ov_091 | 7.483808760142273 × 10^295 |
| 92 | ov_092 | 3.844157922035907 × 10^295 |
| 93 | ov_093 | 1.865344414528728 × 10^295 |
| 94 | ov_094 | 7.749266762162558 × 10^294 |
| 95 | aaa_78_28 | 2.3428496552234626 × 10^294 |
| 96 | aaa_78_29 | 8.268887926150763 × 10^293 |
| 97 | ov_097 | 4.412491596432422 × 10^293 |
| 98 | ov_098 | 4.412466498923374 × 10^293 |
| 99 | ov_099 | 4.412458473252528 × 10^293 |
| 100 | ov_100 | 3.758316147881117 × 10^293 |
| 101 | ov_101 | 3.179935193157254 × 10^293 |
| 102 | ov_102 | 2.6711054472375348 × 10^293 |
| 103 | ov_103 | 2.225961408278577 × 10^293 |
| 104 | ov_104 | 1.838957249483728 × 10^293 |
| 105 | ov_105 | 1.5048449818331337 × 10^293 |
| 106 | ov_106 | 1.2186554837477668 × 10^293 |
| 107 | ov_107 | 9.756821317828561 × 10^292 |
| 108 | ov_108 | 7.714667807120206 × 10^292 |
| 109 | ov_109 | 6.017878551542746 × 10^292 |
| 110 | ov_110 | 4.626503283023821 × 10^292 |
| 111 | ov_111 | 3.502773764106942 × 10^292 |
| 112 | ov_112 | 2.61103510560541 × 10^292 |
| 113 | ov_113 | 1.9176899989800215 × 10^292 |
| 114 | ov_114 | 1.391154130792702 × 10^292 |
| 115 | ov_115 | 1.0018211710095004 × 10^292 |
| 116 | ov_116 | 7.220358506659106 × 10^291 |
| 117 | ov_117 | 5.26073767695102 × 10^291 |
| 118 | ov_118 | 3.9012668272263654 × 10^291 |
| 119 | ov_119 | 2.9229218946527806 × 10^291 |
| 120 | ov_120 | 2.1256676711211407 × 10^291 |
| 121 | ov_121 | 1.490586365285336 × 10^291 |
| 122 | ov_122 | 9.987754916052824 × 10^290 |
| 123 | ov_123 | 6.313410904697418 × 10^290 |
| 124 | ov_124 | 3.693937022489143 × 10^290 |
| 125 | ov_125 | 1.940459414297149 × 10^290 |
| 126 | ov_126 | 8.641118168877741 × 10^289 |
| 127 | aaa_77_28 | 2.760299593992181 × 10^289 |
| 128 | aaa_77_29 | 1.0353856510303156 × 10^289 |
| 129 | ov_129 | 9.701364337245412 × 10^288 |
| 130 | ov_130 | 9.701337310673839 × 10^288 |
| 131 | ov_131 | 9.701330766373457 × 10^288 |
| 132 | ov_132 | 8.436328012793902 × 10^288 |
| 133 | ov_133 | 7.301006278077468 × 10^288 |
| 134 | ov_134 | 6.285635953609503 × 10^288 |
| 135 | ov_135 | 5.381019218170582 × 10^288 |
| 136 | ov_136 | 4.5784521335535516 × 10^288 |
| 137 | ov_137 | 3.8696917318937167 × 10^288 |
| 138 | ov_138 | 3.246927634925206 × 10^288 |
| 139 | ov_139 | 2.7027577694036936 × 10^288 |
| 140 | ov_140 | 2.2301677661613272 × 10^288 |
| 141 | ov_141 | 1.822513652843553 × 10^288 |
| 142 | ov_142 | 1.4735074724567674 × 10^288 |
| 143 | ov_143 | 1.1772054815470925 × 10^288 |
| 144 | ov_144 | 9.279986032312573 × 10^287 |
| 145 | ov_145 | 7.206048314900674 × 10^287 |
| 146 | ov_146 | 5.500633041764374 × 10^287 |
| 147 | ov_147 | 4.117297831317535 × 10^287 |
| 148 | ov_148 | 3.012733006819555 × 10^287 |
| 149 | ov_149 | 2.1467375262291584 × 10^287 |
| 150 | ov_150 | 1.4822023861975047 × 10^287 |
| 151 | ov_151 | 9.850997174640782 × 10^286 |
| 152 | ov_152 | 6.244759968576726 × 10^286 |
| 153 | ov_153 | 3.7244806844457805 × 10^286 |
| 154 | ov_154 | 2.0420099312676288 × 10^286 |
| 155 | ov_155 | 9.798698390171034 × 10^285 |
| 156 | aaa_76_25 | 3.5124908986766095 × 10^285 |
| 157 | aaa_76_26 | 1.99362334558709 × 10^285 |
| 158 | aaa_76_27 | 1.0255247398174734 × 10^285 |
| 159 | aaa_76_28 | 4.548846957130626 × 10^284 |
| 160 | aaa_76_29 | 1.3856772184316738 × 10^284 |

### Output Bits Sorted by Complexity

| Rank | Output Bit | Complexity |
|:----:|:----------:|:----------:|
| 160 | aaa_76_29 | 1.3856772184316738 × 10^284 |
| 159 | aaa_76_28 | 4.548846957130626 × 10^284 |
| 158 | aaa_76_27 | 1.0255247398174734 × 10^285 |
| 157 | aaa_76_26 | 1.99362334558709 × 10^285 |
| 156 | aaa_76_25 | 3.5124908986766095 × 10^285 |
| 155 | ov_155 | 9.798698390171034 × 10^285 |
| 154 | ov_154 | 2.0420099312676288 × 10^286 |
| 153 | ov_153 | 3.7244806844457805 × 10^286 |
| 152 | ov_152 | 6.244759968576726 × 10^286 |
| 151 | ov_151 | 9.850997174640782 × 10^286 |
| 150 | ov_150 | 1.4822023861975047 × 10^287 |
| 149 | ov_149 | 2.1467375262291584 × 10^287 |
| 148 | ov_148 | 3.012733006819555 × 10^287 |
| 147 | ov_147 | 4.117297831317535 × 10^287 |
| 146 | ov_146 | 5.500633041764374 × 10^287 |
| 145 | ov_145 | 7.206048314900674 × 10^287 |
| 144 | ov_144 | 9.279986032312573 × 10^287 |
| 143 | ov_143 | 1.1772054815470925 × 10^288 |
| 142 | ov_142 | 1.4735074724567674 × 10^288 |
| 141 | ov_141 | 1.822513652843553 × 10^288 |
| 140 | ov_140 | 2.2301677661613272 × 10^288 |
| 139 | ov_139 | 2.7027577694036936 × 10^288 |
| 138 | ov_138 | 3.246927634925206 × 10^288 |
| 137 | ov_137 | 3.8696917318937167 × 10^288 |
| 136 | ov_136 | 4.5784521335535516 × 10^288 |
| 135 | ov_135 | 5.381019218170582 × 10^288 |
| 134 | ov_134 | 6.285635953609503 × 10^288 |
| 133 | ov_133 | 7.301006278077468 × 10^288 |
| 132 | ov_132 | 8.436328012793902 × 10^288 |
| 131 | ov_131 | 9.701330766373457 × 10^288 |
| 130 | ov_130 | 9.701337310673839 × 10^288 |
| 129 | ov_129 | 9.701364337245412 × 10^288 |
| 128 | aaa_77_29 | 1.0353856510303156 × 10^289 |
| 127 | aaa_77_28 | 2.760299593992181 × 10^289 |
| 126 | ov_126 | 8.641118168877741 × 10^289 |
| 125 | ov_125 | 1.940459414297149 × 10^290 |
| 124 | ov_124 | 3.693937022489143 × 10^290 |
| 123 | ov_123 | 6.313410904697418 × 10^290 |
| 122 | ov_122 | 9.987754916052824 × 10^290 |
| 121 | ov_121 | 1.490586365285336 × 10^291 |
| 120 | ov_120 | 2.1256676711211407 × 10^291 |
| 119 | ov_119 | 2.9229218946527806 × 10^291 |
| 118 | ov_118 | 3.9012668272263654 × 10^291 |
| 117 | ov_117 | 5.26073767695102 × 10^291 |
| 116 | ov_116 | 7.220358506659106 × 10^291 |
| 115 | ov_115 | 1.0018211710095004 × 10^292 |
| 114 | ov_114 | 1.391154130792702 × 10^292 |
| 113 | ov_113 | 1.9176899989800215 × 10^292 |
| 112 | ov_112 | 2.61103510560541 × 10^292 |
| 111 | ov_111 | 3.502773764106942 × 10^292 |
| 110 | ov_110 | 4.626503283023821 × 10^292 |
| 109 | ov_109 | 6.017878551542746 × 10^292 |
| 108 | ov_108 | 7.714667807120206 × 10^292 |
| 107 | ov_107 | 9.756821317828561 × 10^292 |
| 106 | ov_106 | 1.2186554837477668 × 10^293 |
| 105 | ov_105 | 1.5048449818331337 × 10^293 |
| 104 | ov_104 | 1.838957249483728 × 10^293 |
| 103 | ov_103 | 2.225961408278577 × 10^293 |
| 102 | ov_102 | 2.6711054472375348 × 10^293 |
| 101 | ov_101 | 3.179935193157254 × 10^293 |
| 100 | ov_100 | 3.758316147881117 × 10^293 |
| 99 | ov_099 | 4.412458473252528 × 10^293 |
| 98 | ov_098 | 4.412466498923374 × 10^293 |
| 97 | ov_097 | 4.412491596432422 × 10^293 |
| 96 | aaa_78_29 | 8.268887926150763 × 10^293 |
| 95 | aaa_78_28 | 2.3428496552234626 × 10^294 |
| 94 | ov_094 | 7.749266762162558 × 10^294 |
| 93 | ov_093 | 1.865344414528728 × 10^295 |
| 92 | ov_092 | 3.844157922035907 × 10^295 |
| 91 | ov_091 | 7.483808760142273 × 10^295 |
| 90 | ov_090 | 1.3747147731473354 × 10^296 |
| 89 | ov_089 | 2.3787452405831224 × 10^296 |
| 88 | ov_088 | 3.894846485379355 × 10^296 |
| 87 | ov_087 | 6.076446189194976 × 10^296 |
| 86 | ov_086 | 9.0960372078248 × 10^296 |
| 85 | ov_085 | 1.3145195444235381 × 10^297 |
| 84 | ov_084 | 1.8434605406316614 × 10^297 |
| 83 | ov_083 | 2.519409496072028 × 10^297 |
| 82 | ov_082 | 3.3672680794471293 × 10^297 |
| 81 | ov_081 | 4.4138626096626875 × 10^297 |
| 64 | lv_79_m31 | 4.9442230879447257 × 10^297 |
| 80 | ov_080 | 5.68795137842177 × 10^297 |
| 79 | ov_079 | 7.220234422068547 × 10^297 |
| 78 | ov_078 | 9.043367256898143 × 10^297 |
| 77 | ov_077 | 1.1191980406572107 × 10^298 |
| 76 | ov_076 | 1.3702706703239179 × 10^298 |
| 75 | ov_075 | 1.6614218497943264 × 10^298 |
| 74 | ov_074 | 1.9967277071302828 × 10^298 |
| 73 | ov_073 | 2.3804796692758454 × 10^298 |
| 63 | ov_063 | 2.5348153468890124 × 10^298 |
| 72 | ov_072 | 2.8171925936504105 × 10^298 |
| 71 | ov_071 | 3.3116149025251274 × 10^298 |
| 70 | ov_070 | 3.868741014005639 × 10^298 |
| 69 | ov_069 | 4.493826380653747 × 10^298 |
| 68 | ov_068 | 5.192405464602531 × 10^298 |
| 67 | ov_067 | 5.970312996580204 × 10^298 |
| 66 | ov_066 | 5.970316866621792 × 10^298 |
| 65 | ov_065 | 5.970332928186947 × 10^298 |
| 62 | ov_062 | 1.2992851201761367 × 10^299 |
| 61 | ov_061 | 4.732227222762811 × 10^299 |
| 60 | ov_060 | 1.3535934036498586 × 10^300 |
| 59 | ov_059 | 3.0716358762731885 × 10^300 |
| 58 | ov_058 | 6.0441821078347245 × 10^300 |
| 57 | ov_057 | 1.0804301901117363 × 10^301 |
| 56 | ov_056 | 1.853437685509098 × 10^301 |
| 55 | ov_055 | 3.0649283476027546 × 10^301 |
| 54 | ov_054 | 4.803086344975762 × 10^301 |
| 53 | ov_053 | 7.255912412915425 × 10^301 |
| 52 | ov_052 | 1.063468077096784 × 10^302 |
| 51 | ov_051 | 1.5173963332819843 × 10^302 |
| 50 | ov_050 | 2.113167143536373 × 10^302 |
| 49 | ov_049 | 2.878912355166492 × 10^302 |
| 48 | ov_048 | 3.8451148976201954 × 10^302 |
| 47 | ov_047 | 5.044623899483983 × 10^302 |
| 32 | lv_80_m31 | 5.789354415437328 × 10^302 |
| 46 | ov_046 | 6.512675857686743 × 10^302 |
| 45 | ov_045 | 8.286923315251268 × 10^302 |
| 44 | ov_044 | 1.040747265672 × 10^303 |
| 43 | ov_043 | 1.2916932783410803 × 10^303 |
| 42 | ov_042 | 1.586047658401179 × 10^303 |
| 41 | ov_041 | 1.928591726979507 × 10^303 |
| 40 | ov_040 | 2.3219224573742032 × 10^303 |
| 39 | ov_039 | 2.7713792089356422 × 10^303 |
| 31 | ov_031 | 2.96867681227583 × 10^303 |
| 38 | ov_038 | 3.2825994937991946 × 10^303 |
| 37 | ov_037 | 3.8615349353816184 × 10^303 |
| 36 | ov_036 | 4.514469981333503 × 10^303 |
| 35 | ov_035 | 5.24804367225921 × 10^303 |
| 34 | ov_034 | 6.069274784056637 × 10^303 |
| 33 | ov_033 | 6.98559067872894 × 10^303 |
| 30 | ov_030 | 1.3409215195837894 × 10^304 |
| 29 | ov_029 | 4.4353169491897686 × 10^304 |
| 28 | ov_028 | 1.1833707367638292 × 10^305 |
| 27 | ov_027 | 2.9317177864811133 × 10^305 |
| 26 | ov_026 | 6.530600474330801 × 10^305 |
| 25 | ov_025 | 1.3095130518379708 × 10^306 |
| 24 | ov_024 | 2.4013510958835433 × 10^306 |
| 23 | ov_023 | 4.094705860620239 × 10^306 |
| 22 | ov_022 | 6.583025898422814 × 10^306 |
| 21 | ov_021 | 1.0087087745107074 × 10^307 |
| 20 | ov_020 | 1.4855015633698142 × 10^307 |
| 19 | ov_019 | 2.1162314142662875 × 10^307 |
| 18 | ov_018 | 2.931192075681467 × 10^307 |
| 17 | ov_017 | 3.9634287547737507 × 10^307 |
| 16 | ov_016 | 5.248750192644878 × 10^307 |
| 15 | ov_015 | 6.825745828165855 × 10^307 |
| 14 | ov_014 | 8.735809570964126 × 10^307 |
| 13 | ov_013 | 1.1023171967044745 × 10^308 |
| 12 | ov_012 | 1.373494272711173 × 10^308 |
| 11 | ov_011 | 1.6921165774705602 × 10^308 |
| 10 | ov_010 | 2.0634889159029987 × 10^308 |
| 9 | ov_009 | 2.4932252366140917 × 10^308 |
| 8 | ov_008 | 2.987259375245249 × 10^308 |
| 7 | ov_007 | 3.5518581016817004 × 10^308 |
| 6 | ov_006 | 4.193636782243483 × 10^308 |
| 5 | ov_005 | 4.919577987834217 × 10^308 |
| 4 | ov_004 | 5.737053399316356 × 10^308 |
| 3 | ov_003 | 6.653849357653711 × 10^308 |
| 2 | ov_002 | 7.678196378740719 × 10^308 |
| 1 | ov_001 | 8.818802975201024 × 10^308 |

