# Results for F001-F002-F003-F004-F005-F006-F007-F008-F009-F010-F011-F012-F013-F014-F015-F016-F017-F018-F019-F020-F021-F022-F023-F024-F025-F026-F027-F028-F029-F030-F031-F032-F033-F034-F035-F036-F037-F038-F039-F040-F041-F042-F043-F044-F045-F046-F047-F048-F049-F050-F051-F052-F053-F054-F055-F056-F057-F058-F059-F060-F061-F062-F063-F064-F065-F066-F067-F068-F069-F070-F071-F072-F073-F074-F075-F076-F077-F078-F079-F080-F081-F082-F083-F084-F085-F086-F087-F088-F089-F090-F091-F092-F093-F094-F095-F096-F097-F098-F099-F100-F101-F102-F103-F104-F105-F106-F107-F108-F109-F110-F111-F112-F113-F114-F115-F116-F117-F118-F119-F120-F121-F122-F123-F124-F125-F126-F127-F128-F129-F130-F131-F132-F133-F134-F135-F136-F137-F138-F139-F140-F141-F142-F143-F144-F145-F146-F147-F148-F149-F150-F151-F152-F153-F154-F155-F156-F157-F158-F159-F160-F161-F162-F163-F164-F165-F166-F167-F168-F169-F170-F171-F172-F173-F174-F175-F176-F177-F178-F179-F180-F181-F182-F183-F184-F185-F186-F187-F188-F189-F190-F191-F192-F193-F194-F195-F196-F197-F198-F199-F200-F201-F202-F203-F204-F205-F206-F207-F208-F209-F210-F211-F212-F213-F214-F215-F216-F217-F218-F219-F220-F221-F222-F223-F224-F225-F226-F227-F228-F229-F230-F231-F232-F233-F234-F235-F236-F237-F238-F239-F240-F241-F242-F243-F244-F245-F246-F247-F248-F249-F250-F251-F252-F253-F254-F255-F256-F257-F258-F259-F260-F261-F262-F263-F264-F265-F266-F267-F268-F269-F270-F271-F272-F273-F274-F275-F276-F277-F278-F279-F280-F281-F282-F283-F284-F285-F286-F287-F288-F289-F290-F291-F292-F293-F294-F295-F296-F297-F298-F299-F300-F301-F302-F303-F304-F305-F306-F307-F308-F309-F310-F311-F312-F313-F314-F315-F316-F317-F318-F319-F320-F321-F322-F323-F324-F325-F326-F327-F328-F329-F330-F331-F332-F333-F334-F335-F336-F337-F338-F339-F340-F341-F342-F343-F344-F345-F346-F347-F348-F349-F350-F351-F352-F353-F354-F355-F356-F357-F358-F359-F360-F361-F362-F363-F364-F365-F366-F367-F368-F369-F370-F371-F372-F373-F374-F375-F376-F377-F378-F379-F380-F381-F382-F383-F384-F385-F386-F387-F388-F389-F390-F391-F392-F393-F394-F395-F396-F397-F398-F399-F400-F401-F402-F403-F404-F405-F406-F407-F408-F409-F410-F411-F412-F413-F414-F415-F416-F417-F418-F419-F420-F421-F422-F423-F424-F425-F426-F427-F428-F429-F430-F431-F432-F433-F434-F435-F436-F437-F438-F439-F440-F441-F442-F443-F444-F445-F446-F447-F448-F449-F450-F451-F452-F453-F454-F455-F456-F457-F458-F459-F460-F461-F462-F463-F464-F465-F466-F467-F468-F469-F470-F471-F472-F473-F474-F475-F476-F477-F478-F479-F480-F481-F482-F483-F484-F485-F486-F487-F488-F489-F490-F491-F492-F493-F494-F495-F496-O499508-F512

## Summary

Number of input bits: 512  
Number of free input bits: 14  
Number of output bits: 160

Number of direct occurrences: 57354  
Number of assignments: 31947  
Number of operations: 11282671
(xor: 11254164,
and: 14886,
or: 13621)

Total complexity: 1.8482690010650182 × 10^302

Least occurring input variable: iv_502 (3903)  
Most occurring input variable: iv_510 (4283)

Most co-occurring input variables: iv_509-iv_510 (2146)  
Least co-occurring input variables: iv_499-iv_502 (1750)

Potentially most occurring input variable: iv_499/iv_500 (4532)  
Potentially least occurring input variable: iv_501/iv_505 (4168)

Least output occurring input variable: iv_499 (71)  
Most output occurring input variable: iv_497 (89)

Most output co-occurring input variables: iv_497-iv_506 (50)  
Least output co-occurring input variables: iv_499-iv_501 (31)

Potentially most output occurring input variable: iv_497/iv_510 (95)  
Potentially least output occurring input variable: iv_498/iv_504 (68)

Least complex input bit: iv_511 (3.4861689881462204 × 10^298)  
Most complex input bit: iv_510 (4.5887461423580727 × 10^301)

Least complex output bit: aaa_76_29 (9.070113289712126 × 10^276)  
Most complex output bit: ov_001 (2.8895381859173574 × 10^301)

Least complex input/output complexity: iv_511/aaa_76_29 (1.7107871014093255 × 10^273)  
Most complex input/output complexity: iv_510/ov_001 (7.173932580259819 × 10^300)

## Input Bits

### Input Bits in Regular Order

| Input Bit | Complexity | Occurrences | Output Occurrences |
|:---------:|:----------:|:-----------:|:------------------:|
| iv_497 | 1.635440754840074 × 10^299 | 4138 | 89 |
| iv_498 | 3.2589731007730488 × 10^299 | 3953 | 88 |
| iv_499 | 3.208964801711456 × 10^301 | 4101 | 71 |
| iv_500 | 9.64809237743307 × 10^299 | 4131 | 76 |
| iv_501 | 1.6216485146184064 × 10^300 | 4099 | 81 |
| iv_502 | 2.63480222756139 × 10^300 | 3903 | 82 |
| iv_503 | 4.1837572587967884 × 10^300 | 4178 | 78 |
| iv_504 | 6.504729812826723 × 10^300 | 3949 | 80 |
| iv_505 | 9.931889276951033 × 10^300 | 3939 | 79 |
| iv_506 | 1.4912590987895697 × 10^301 | 3979 | 82 |
| iv_507 | 2.2047912513834615 × 10^301 | 4193 | 76 |
| iv_509 | 4.3523347760135885 × 10^301 | 4275 | 84 |
| iv_510 | 4.5887461423580727 × 10^301 | 4283 | 74 |
| iv_511 | 3.4861689881462204 × 10^298 | 4233 | 80 |

### Input Bits Sorted by Complexity

| Input Bit | Complexity | Occurrences | Output Occurrences |
|:---------:|:----------:|:-----------:|:------------------:|
| iv_511 | 3.4861689881462204 × 10^298 | 4233 | 80 |
| iv_497 | 1.635440754840074 × 10^299 | 4138 | 89 |
| iv_498 | 3.2589731007730488 × 10^299 | 3953 | 88 |
| iv_500 | 9.64809237743307 × 10^299 | 4131 | 76 |
| iv_501 | 1.6216485146184064 × 10^300 | 4099 | 81 |
| iv_502 | 2.63480222756139 × 10^300 | 3903 | 82 |
| iv_503 | 4.1837572587967884 × 10^300 | 4178 | 78 |
| iv_504 | 6.504729812826723 × 10^300 | 3949 | 80 |
| iv_505 | 9.931889276951033 × 10^300 | 3939 | 79 |
| iv_506 | 1.4912590987895697 × 10^301 | 3979 | 82 |
| iv_507 | 2.2047912513834615 × 10^301 | 4193 | 76 |
| iv_499 | 3.208964801711456 × 10^301 | 4101 | 71 |
| iv_509 | 4.3523347760135885 × 10^301 | 4275 | 84 |
| iv_510 | 4.5887461423580727 × 10^301 | 4283 | 74 |

### Input Bits Sorted by Occurrences

| Input Bit | Complexity | Occurrences | Output Occurrences |
|:---------:|:----------:|:-----------:|:------------------:|
| iv_502 | 2.63480222756139 × 10^300 | 3903 | 82 |
| iv_505 | 9.931889276951033 × 10^300 | 3939 | 79 |
| iv_504 | 6.504729812826723 × 10^300 | 3949 | 80 |
| iv_498 | 3.2589731007730488 × 10^299 | 3953 | 88 |
| iv_506 | 1.4912590987895697 × 10^301 | 3979 | 82 |
| iv_501 | 1.6216485146184064 × 10^300 | 4099 | 81 |
| iv_499 | 3.208964801711456 × 10^301 | 4101 | 71 |
| iv_500 | 9.64809237743307 × 10^299 | 4131 | 76 |
| iv_497 | 1.635440754840074 × 10^299 | 4138 | 89 |
| iv_503 | 4.1837572587967884 × 10^300 | 4178 | 78 |
| iv_507 | 2.2047912513834615 × 10^301 | 4193 | 76 |
| iv_511 | 3.4861689881462204 × 10^298 | 4233 | 80 |
| iv_509 | 4.3523347760135885 × 10^301 | 4275 | 84 |
| iv_510 | 4.5887461423580727 × 10^301 | 4283 | 74 |

### Input Bits Sorted by Output Occurrences

| Input Bit | Complexity | Occurrences | Output Occurrences |
|:---------:|:----------:|:-----------:|:------------------:|
| iv_499 | 3.208964801711456 × 10^301 | 4101 | 71 |
| iv_510 | 4.5887461423580727 × 10^301 | 4283 | 74 |
| iv_500 | 9.64809237743307 × 10^299 | 4131 | 76 |
| iv_507 | 2.2047912513834615 × 10^301 | 4193 | 76 |
| iv_503 | 4.1837572587967884 × 10^300 | 4178 | 78 |
| iv_505 | 9.931889276951033 × 10^300 | 3939 | 79 |
| iv_504 | 6.504729812826723 × 10^300 | 3949 | 80 |
| iv_511 | 3.4861689881462204 × 10^298 | 4233 | 80 |
| iv_501 | 1.6216485146184064 × 10^300 | 4099 | 81 |
| iv_502 | 2.63480222756139 × 10^300 | 3903 | 82 |
| iv_506 | 1.4912590987895697 × 10^301 | 3979 | 82 |
| iv_509 | 4.3523347760135885 × 10^301 | 4275 | 84 |
| iv_498 | 3.2589731007730488 × 10^299 | 3953 | 88 |
| iv_497 | 1.635440754840074 × 10^299 | 4138 | 89 |

## Input Bit Co-occurrences

### Input Bit Co-occurrences Sorted by Co-occurrences

| Input Bits | Co-occurrences | Potential Occurrences | Output Co-occurrences | Potential Output Occurrences |
|:----------:|:--------------:|:---------------------:|:---------------------:|:----------------------------:|
| iv_509-iv_510 | 2146 | 4266 | 41 | 76 |
| iv_509-iv_511 | 2094 | 4320 | 41 | 82 |
| iv_500-iv_511 | 2087 | 4190 | 38 | 80 |
| iv_510-iv_511 | 2081 | 4354 | 39 | 76 |
| iv_500-iv_510 | 2062 | 4290 | 38 | 74 |
| iv_497-iv_509 | 2056 | 4301 | 49 | 75 |
| iv_501-iv_509 | 2048 | 4278 | 46 | 73 |
| iv_507-iv_509 | 2042 | 4384 | 40 | 80 |
| iv_503-iv_509 | 2041 | 4371 | 40 | 82 |
| iv_497-iv_507 | 2040 | 4251 | 42 | 81 |
| iv_501-iv_511 | 2035 | 4262 | 37 | 87 |
| iv_503-iv_511 | 2034 | 4343 | 37 | 84 |
| iv_503-iv_510 | 2026 | 4409 | 36 | 80 |
| iv_500-iv_509 | 2026 | 4354 | 35 | 90 |

### Input Bit Co-occurrences Sorted by Potential Occurrences

| Input Bits | Co-occurrences | Potential Occurrences | Output Co-occurrences | Potential Output Occurrences |
|:----------:|:--------------:|:---------------------:|:---------------------:|:----------------------------:|
| iv_501-iv_505 | 1935 | 4168 | 44 | 72 |
| iv_502-iv_505 | 1836 | 4170 | 37 | 87 |
| iv_506-iv_507 | 1998 | 4176 | 39 | 80 |
| iv_504-iv_506 | 1876 | 4176 | 41 | 80 |
| iv_504-iv_505 | 1855 | 4178 | 42 | 75 |
| iv_498-iv_504 | 1861 | 4180 | 50 | 68 |
| iv_500-iv_511 | 2087 | 4190 | 38 | 80 |
| iv_497-iv_506 | 1956 | 4205 | 50 | 71 |
| iv_500-iv_505 | 1932 | 4206 | 43 | 69 |
| iv_505-iv_510 | 2006 | 4210 | 42 | 69 |
| iv_498-iv_506 | 1854 | 4224 | 41 | 88 |
| iv_497-iv_501 | 2003 | 4231 | 45 | 80 |
| iv_502-iv_504 | 1810 | 4232 | 43 | 76 |
| iv_502-iv_506 | 1825 | 4232 | 44 | 76 |

### Input Bit Output Co-occurrences Sorted by Output Co-occurrences

| Input Bits | Co-occurrences | Potential Occurrences | Output Co-occurrences | Potential Output Occurrences |
|:----------:|:--------------:|:---------------------:|:---------------------:|:----------------------------:|
| iv_498-iv_504 | 1861 | 4180 | 50 | 68 |
| iv_497-iv_506 | 1956 | 4205 | 50 | 71 |
| iv_497-iv_504 | 1927 | 4233 | 49 | 71 |
| iv_497-iv_509 | 2056 | 4301 | 49 | 75 |
| iv_497-iv_502 | 1894 | 4253 | 49 | 73 |
| iv_498-iv_501 | 1878 | 4296 | 48 | 73 |
| iv_497-iv_503 | 1989 | 4338 | 47 | 73 |
| iv_501-iv_509 | 2048 | 4278 | 46 | 73 |
| iv_498-iv_502 | 1773 | 4310 | 46 | 78 |
| iv_497-iv_498 | 1885 | 4321 | 46 | 85 |
| iv_502-iv_511 | 1928 | 4280 | 45 | 72 |
| iv_497-iv_501 | 2003 | 4231 | 45 | 80 |
| iv_497-iv_505 | 1906 | 4265 | 45 | 78 |
| iv_498-iv_509 | 1923 | 4382 | 45 | 82 |

### Input Bit Output Co-occurrences Sorted by Potential Output Occurrences

| Input Bits | Co-occurrences | Potential Occurrences | Output Co-occurrences | Potential Output Occurrences |
|:----------:|:--------------:|:---------------------:|:---------------------:|:----------------------------:|
| iv_498-iv_504 | 1861 | 4180 | 50 | 68 |
| iv_499-iv_503 | 1947 | 4385 | 40 | 69 |
| iv_500-iv_505 | 1932 | 4206 | 43 | 69 |
| iv_505-iv_510 | 2006 | 4210 | 42 | 69 |
| iv_497-iv_504 | 1927 | 4233 | 49 | 71 |
| iv_497-iv_506 | 1956 | 4205 | 50 | 71 |
| iv_501-iv_505 | 1935 | 4168 | 44 | 72 |
| iv_502-iv_511 | 1928 | 4280 | 45 | 72 |
| iv_501-iv_509 | 2048 | 4278 | 46 | 73 |
| iv_503-iv_505 | 1936 | 4245 | 42 | 73 |
| iv_498-iv_501 | 1878 | 4296 | 48 | 73 |
| iv_497-iv_503 | 1989 | 4338 | 47 | 73 |
| iv_497-iv_502 | 1894 | 4253 | 49 | 73 |
| iv_500-iv_510 | 2062 | 4290 | 38 | 74 |

## Output Bits

### Output Bits in Regular Order

| Rank | Output Bit | Complexity |
|:----:|:----------:|:----------:|
| 1 | ov_001 | 2.8895381859173574 × 10^301 |
| 2 | ov_002 | 2.514362251806937 × 10^301 |
| 3 | ov_003 | 2.177542370575164 × 10^301 |
| 4 | ov_004 | 1.876201710222455 × 10^301 |
| 5 | ov_005 | 1.6076209313507425 × 10^301 |
| 6 | ov_006 | 1.369227083439693 × 10^301 |
| 7 | ov_007 | 1.1585839475663119 × 10^301 |
| 8 | ov_008 | 9.733836923687353 × 10^300 |
| 9 | ov_009 | 8.114397171811976 × 10^300 |
| 10 | ov_010 | 6.706805631335851 × 10^300 |
| 11 | ov_011 | 5.491447796623397 × 10^300 |
| 12 | ov_012 | 4.4497664036050974 × 10^300 |
| 13 | ov_013 | 3.564226084386274 × 10^300 |
| 14 | ov_014 | 2.8182845830476642 × 10^300 |
| 15 | ov_015 | 2.196369659268561 × 10^300 |
| 16 | ov_016 | 1.6838608673390573 × 10^300 |
| 17 | ov_017 | 1.2670754586214113 × 10^300 |
| 18 | ov_018 | 9.332577157045804 × 10^299 |
| 19 | ov_019 | 6.705710864722747 × 10^299 |
| 20 | ov_020 | 4.680925461471173 × 10^299 |
| 21 | ov_021 | 3.1580867513274454 × 10^299 |
| 22 | ov_022 | 2.046130001850786 × 10^299 |
| 23 | ov_023 | 1.2630422321592096 × 10^299 |
| 24 | ov_024 | 7.358506924252069 × 10^298 |
| 25 | ov_025 | 4.0061581014746867 × 10^298 |
| 26 | ov_026 | 2.024273234271381 × 10^298 |
| 27 | ov_027 | 9.540246010161128 × 10^297 |
| 28 | ov_028 | 4.268521911251907 × 10^297 |
| 29 | ov_029 | 1.644613897315052 × 10^297 |
| 30 | ov_030 | 5.02711180026752 × 10^296 |
| 31 | ov_031 | 9.803674335286544 × 10^295 |
| 32 | lv_80_m31 | 1.9114741613309626 × 10^295 |
| 33 | ov_033 | 2.3016950173512787 × 10^296 |
| 34 | ov_034 | 1.9987967255518895 × 10^296 |
| 35 | ov_035 | 1.7272688793817893 × 10^296 |
| 36 | ov_036 | 1.4847378893884086 × 10^296 |
| 37 | ov_037 | 1.2689601204331793 × 10^296 |
| 38 | ov_038 | 1.0778127042892095 × 10^296 |
| 39 | ov_039 | 9.092855495305716 × 10^295 |
| 40 | ov_040 | 7.614744390772195 × 10^295 |
| 41 | ov_041 | 6.325751113494897 × 10^295 |
| 42 | ov_042 | 5.2087822647232 × 10^295 |
| 43 | ov_043 | 4.2476512436435305 × 10^295 |
| 44 | ov_044 | 3.427042868625078 × 10^295 |
| 45 | ov_045 | 2.732484212791706 × 10^295 |
| 46 | ov_046 | 2.1503208797678115 × 10^295 |
| 47 | ov_047 | 1.667697996824516 × 10^295 |
| 48 | ov_048 | 1.2725452536189368 × 10^295 |
| 49 | ov_049 | 9.535653653509654 × 10^294 |
| 50 | ov_050 | 7.00225389522329 × 10^294 |
| 51 | ov_051 | 5.027503756274013 × 10^294 |
| 52 | ov_052 | 3.52118877088457 × 10^294 |
| 53 | ov_053 | 2.4005990461612056 × 10^294 |
| 54 | ov_054 | 1.5905094996471274 × 10^294 |
| 55 | ov_055 | 1.0231675879044714 × 10^294 |
| 56 | ov_056 | 6.3828591791544005 × 10^293 |
| 57 | ov_057 | 3.830379218500806 × 10^293 |
| 58 | ov_058 | 2.120554712790207 × 10^293 |
| 59 | ov_059 | 1.0451890792238098 × 10^293 |
| 60 | ov_060 | 4.33370155509291 × 10^292 |
| 61 | ov_061 | 1.5146886762925205 × 10^292 |
| 62 | ov_062 | 4.157604407838324 × 10^291 |
| 63 | ov_063 | 8.108726055272632 × 10^290 |
| 64 | lv_79_m31 | 1.5811313752326466 × 10^290 |
| 65 | ov_065 | 1.8999412315345924 × 10^291 |
| 66 | ov_066 | 1.8999366302750814 × 10^291 |
| 67 | ov_067 | 1.8999355423443552 × 10^291 |
| 68 | ov_068 | 1.6500166532524623 × 10^291 |
| 69 | ov_069 | 1.42577929843632 × 10^291 |
| 70 | ov_070 | 1.2253455349082309 × 10^291 |
| 71 | ov_071 | 1.0469254796241497 × 10^291 |
| 72 | ov_072 | 8.888123420486344 × 10^290 |
| 73 | ov_073 | 7.493785624950137 × 10^290 |
| 74 | ov_074 | 6.2707282989271006 × 10^290 |
| 75 | ov_075 | 5.204177646957504 × 10^290 |
| 76 | ov_076 | 4.2800806423245204 × 10^290 |
| 77 | ov_077 | 3.4850893957955773 × 10^290 |
| 78 | ov_078 | 2.8065474439996534 × 10^290 |
| 79 | ov_079 | 2.232477634325152 × 10^290 |
| 80 | ov_080 | 1.7515715038343389 × 10^290 |
| 81 | ov_081 | 1.353180050901463 × 10^290 |
| 82 | ov_082 | 1.027305799178204 × 10^290 |
| 83 | ov_083 | 7.645960541340646 × 10^289 |
| 84 | ov_084 | 5.563372528661534 × 10^289 |
| 85 | ov_085 | 3.944503081716031 × 10^289 |
| 86 | ov_086 | 2.7148684806881594 × 10^289 |
| 87 | ov_087 | 1.8062625207485824 × 10^289 |
| 88 | ov_088 | 1.1567338562020442 × 10^289 |
| 89 | ov_089 | 7.105693402485206 × 10^288 |
| 90 | ov_090 | 4.1828237482580187 × 10^288 |
| 91 | ov_091 | 2.3660528511039884 × 10^288 |
| 92 | ov_092 | 1.2848474155885401 × 10^288 |
| 93 | ov_093 | 6.3079301080371286 × 10^287 |
| 94 | ov_094 | 2.6521011085890525 × 10^287 |
| 95 | aaa_78_28 | 8.0471256423694785 × 10^286 |
| 96 | aaa_78_29 | 2.40405516382802 × 10^286 |
| 97 | ov_097 | 1.2725704709740758 × 10^286 |
| 98 | ov_098 | 1.2725541248558146 × 10^286 |
| 99 | ov_099 | 1.2725488989393025 × 10^286 |
| 100 | ov_100 | 1.0414300040332332 × 10^286 |
| 101 | ov_101 | 8.467360671179057 × 10^285 |
| 102 | ov_102 | 6.844249078006607 × 10^285 |
| 103 | ov_103 | 5.506781748172958 × 10^285 |
| 104 | ov_104 | 4.418851021229661 × 10^285 |
| 105 | ov_105 | 3.54628324705014 × 10^285 |
| 106 | ov_106 | 2.85671569607126 × 10^285 |
| 107 | ov_107 | 2.3194904737170283 × 10^285 |
| 108 | ov_108 | 1.9055637845064306 × 10^285 |
| 109 | ov_109 | 1.5874289817166554 × 10^285 |
| 110 | ov_110 | 1.339051926367834 × 10^285 |
| 111 | ov_111 | 1.1358172652280233 × 10^285 |
| 112 | ov_112 | 9.544843219448904 × 10^284 |
| 113 | ov_113 | 7.937426061651157 × 10^284 |
| 114 | ov_114 | 6.523039038840864 × 10^284 |
| 115 | ov_115 | 5.288970627160587 × 10^284 |
| 116 | ov_116 | 4.2226367310723884 × 10^284 |
| 117 | ov_117 | 3.3115456452858278 × 10^284 |
| 118 | ov_118 | 2.5432703577287197 × 10^284 |
| 119 | ov_119 | 1.905427385270964 × 10^284 |
| 120 | ov_120 | 1.3856613341589895 × 10^284 |
| 121 | ov_121 | 9.716343772544866 × 10^283 |
| 122 | ov_122 | 6.510194780919479 × 10^283 |
| 123 | ov_123 | 4.114959306239661 × 10^283 |
| 124 | ov_124 | 2.407463476330634 × 10^283 |
| 125 | ov_125 | 1.2645479292444823 × 10^283 |
| 126 | ov_126 | 5.630582737600079 × 10^282 |
| 127 | aaa_77_28 | 1.7984142251555255 × 10^282 |
| 128 | aaa_77_29 | 6.744672863741168 × 10^281 |
| 129 | ov_129 | 6.301429970703623 × 10^281 |
| 130 | ov_130 | 6.301412286774434 × 10^281 |
| 131 | ov_131 | 6.301408005392435 × 10^281 |
| 132 | ov_132 | 5.4758630874112845 × 10^281 |
| 133 | ov_133 | 4.7352931503482876 × 10^281 |
| 134 | ov_134 | 4.0733128126974545 × 10^281 |
| 135 | ov_135 | 3.483884289081403 × 10^281 |
| 136 | ov_136 | 2.96129263784922 × 10^281 |
| 137 | ov_137 | 2.500124289235529 × 10^281 |
| 138 | ov_138 | 2.0952485512877906 × 10^281 |
| 139 | ov_139 | 1.741801806500218 × 10^281 |
| 140 | ov_140 | 1.4351741273111948 × 10^281 |
| 141 | ov_141 | 1.1709980534317978 × 10^281 |
| 142 | ov_142 | 9.451392884660208 × 10^280 |
| 143 | ov_143 | 7.536890875347809 × 10^280 |
| 144 | ov_144 | 5.929581216889824 × 10^280 |
| 145 | ov_145 | 4.594716188432336 × 10^280 |
| 146 | ov_146 | 3.499655948216447 × 10^280 |
| 147 | ov_147 | 2.613840019110706 × 10^280 |
| 148 | ov_148 | 1.908766360867882 × 10^280 |
| 149 | ov_149 | 1.3579765782499183 × 10^280 |
| 150 | ov_150 | 9.370459515380311 × 10^279 |
| 151 | ov_151 | 6.235771132425837 × 10^279 |
| 152 | ov_152 | 3.9719633207577425 × 10^279 |
| 153 | ov_153 | 2.395515024674544 × 10^279 |
| 154 | ov_154 | 1.3431110573682446 × 10^279 |
| 155 | ov_155 | 6.71636493659819 × 10^278 |
| 156 | aaa_76_25 | 2.5817361734983004 × 10^278 |
| 157 | aaa_76_26 | 1.4919680066549154 × 10^278 |
| 158 | aaa_76_27 | 7.643524476710319 × 10^277 |
| 159 | aaa_76_28 | 2.979181812767184 × 10^277 |
| 160 | aaa_76_29 | 9.070113289712126 × 10^276 |

### Output Bits Sorted by Complexity

| Rank | Output Bit | Complexity |
|:----:|:----------:|:----------:|
| 160 | aaa_76_29 | 9.070113289712126 × 10^276 |
| 159 | aaa_76_28 | 2.979181812767184 × 10^277 |
| 158 | aaa_76_27 | 7.643524476710319 × 10^277 |
| 157 | aaa_76_26 | 1.4919680066549154 × 10^278 |
| 156 | aaa_76_25 | 2.5817361734983004 × 10^278 |
| 155 | ov_155 | 6.71636493659819 × 10^278 |
| 154 | ov_154 | 1.3431110573682446 × 10^279 |
| 153 | ov_153 | 2.395515024674544 × 10^279 |
| 152 | ov_152 | 3.9719633207577425 × 10^279 |
| 151 | ov_151 | 6.235771132425837 × 10^279 |
| 150 | ov_150 | 9.370459515380311 × 10^279 |
| 149 | ov_149 | 1.3579765782499183 × 10^280 |
| 148 | ov_148 | 1.908766360867882 × 10^280 |
| 147 | ov_147 | 2.613840019110706 × 10^280 |
| 146 | ov_146 | 3.499655948216447 × 10^280 |
| 145 | ov_145 | 4.594716188432336 × 10^280 |
| 144 | ov_144 | 5.929581216889824 × 10^280 |
| 143 | ov_143 | 7.536890875347809 × 10^280 |
| 142 | ov_142 | 9.451392884660208 × 10^280 |
| 141 | ov_141 | 1.1709980534317978 × 10^281 |
| 140 | ov_140 | 1.4351741273111948 × 10^281 |
| 139 | ov_139 | 1.741801806500218 × 10^281 |
| 138 | ov_138 | 2.0952485512877906 × 10^281 |
| 137 | ov_137 | 2.500124289235529 × 10^281 |
| 136 | ov_136 | 2.96129263784922 × 10^281 |
| 135 | ov_135 | 3.483884289081403 × 10^281 |
| 134 | ov_134 | 4.0733128126974545 × 10^281 |
| 133 | ov_133 | 4.7352931503482876 × 10^281 |
| 132 | ov_132 | 5.4758630874112845 × 10^281 |
| 131 | ov_131 | 6.301408005392435 × 10^281 |
| 130 | ov_130 | 6.301412286774434 × 10^281 |
| 129 | ov_129 | 6.301429970703623 × 10^281 |
| 128 | aaa_77_29 | 6.744672863741168 × 10^281 |
| 127 | aaa_77_28 | 1.7984142251555255 × 10^282 |
| 126 | ov_126 | 5.630582737600079 × 10^282 |
| 125 | ov_125 | 1.2645479292444823 × 10^283 |
| 124 | ov_124 | 2.407463476330634 × 10^283 |
| 123 | ov_123 | 4.114959306239661 × 10^283 |
| 122 | ov_122 | 6.510194780919479 × 10^283 |
| 121 | ov_121 | 9.716343772544866 × 10^283 |
| 120 | ov_120 | 1.3856613341589895 × 10^284 |
| 119 | ov_119 | 1.905427385270964 × 10^284 |
| 118 | ov_118 | 2.5432703577287197 × 10^284 |
| 117 | ov_117 | 3.3115456452858278 × 10^284 |
| 116 | ov_116 | 4.2226367310723884 × 10^284 |
| 115 | ov_115 | 5.288970627160587 × 10^284 |
| 114 | ov_114 | 6.523039038840864 × 10^284 |
| 113 | ov_113 | 7.937426061651157 × 10^284 |
| 112 | ov_112 | 9.544843219448904 × 10^284 |
| 111 | ov_111 | 1.1358172652280233 × 10^285 |
| 110 | ov_110 | 1.339051926367834 × 10^285 |
| 109 | ov_109 | 1.5874289817166554 × 10^285 |
| 108 | ov_108 | 1.9055637845064306 × 10^285 |
| 107 | ov_107 | 2.3194904737170283 × 10^285 |
| 106 | ov_106 | 2.85671569607126 × 10^285 |
| 105 | ov_105 | 3.54628324705014 × 10^285 |
| 104 | ov_104 | 4.418851021229661 × 10^285 |
| 103 | ov_103 | 5.506781748172958 × 10^285 |
| 102 | ov_102 | 6.844249078006607 × 10^285 |
| 101 | ov_101 | 8.467360671179057 × 10^285 |
| 100 | ov_100 | 1.0414300040332332 × 10^286 |
| 99 | ov_099 | 1.2725488989393025 × 10^286 |
| 98 | ov_098 | 1.2725541248558146 × 10^286 |
| 97 | ov_097 | 1.2725704709740758 × 10^286 |
| 96 | aaa_78_29 | 2.40405516382802 × 10^286 |
| 95 | aaa_78_28 | 8.0471256423694785 × 10^286 |
| 94 | ov_094 | 2.6521011085890525 × 10^287 |
| 93 | ov_093 | 6.3079301080371286 × 10^287 |
| 92 | ov_092 | 1.2848474155885401 × 10^288 |
| 91 | ov_091 | 2.3660528511039884 × 10^288 |
| 90 | ov_090 | 4.1828237482580187 × 10^288 |
| 89 | ov_089 | 7.105693402485206 × 10^288 |
| 88 | ov_088 | 1.1567338562020442 × 10^289 |
| 87 | ov_087 | 1.8062625207485824 × 10^289 |
| 86 | ov_086 | 2.7148684806881594 × 10^289 |
| 85 | ov_085 | 3.944503081716031 × 10^289 |
| 84 | ov_084 | 5.563372528661534 × 10^289 |
| 83 | ov_083 | 7.645960541340646 × 10^289 |
| 82 | ov_082 | 1.027305799178204 × 10^290 |
| 81 | ov_081 | 1.353180050901463 × 10^290 |
| 64 | lv_79_m31 | 1.5811313752326466 × 10^290 |
| 80 | ov_080 | 1.7515715038343389 × 10^290 |
| 79 | ov_079 | 2.232477634325152 × 10^290 |
| 78 | ov_078 | 2.8065474439996534 × 10^290 |
| 77 | ov_077 | 3.4850893957955773 × 10^290 |
| 76 | ov_076 | 4.2800806423245204 × 10^290 |
| 75 | ov_075 | 5.204177646957504 × 10^290 |
| 74 | ov_074 | 6.2707282989271006 × 10^290 |
| 73 | ov_073 | 7.493785624950137 × 10^290 |
| 63 | ov_063 | 8.108726055272632 × 10^290 |
| 72 | ov_072 | 8.888123420486344 × 10^290 |
| 71 | ov_071 | 1.0469254796241497 × 10^291 |
| 70 | ov_070 | 1.2253455349082309 × 10^291 |
| 69 | ov_069 | 1.42577929843632 × 10^291 |
| 68 | ov_068 | 1.6500166532524623 × 10^291 |
| 67 | ov_067 | 1.8999355423443552 × 10^291 |
| 66 | ov_066 | 1.8999366302750814 × 10^291 |
| 65 | ov_065 | 1.8999412315345924 × 10^291 |
| 62 | ov_062 | 4.157604407838324 × 10^291 |
| 61 | ov_061 | 1.5146886762925205 × 10^292 |
| 60 | ov_060 | 4.33370155509291 × 10^292 |
| 59 | ov_059 | 1.0451890792238098 × 10^293 |
| 58 | ov_058 | 2.120554712790207 × 10^293 |
| 57 | ov_057 | 3.830379218500806 × 10^293 |
| 56 | ov_056 | 6.3828591791544005 × 10^293 |
| 55 | ov_055 | 1.0231675879044714 × 10^294 |
| 54 | ov_054 | 1.5905094996471274 × 10^294 |
| 53 | ov_053 | 2.4005990461612056 × 10^294 |
| 52 | ov_052 | 3.52118877088457 × 10^294 |
| 51 | ov_051 | 5.027503756274013 × 10^294 |
| 50 | ov_050 | 7.00225389522329 × 10^294 |
| 49 | ov_049 | 9.535653653509654 × 10^294 |
| 48 | ov_048 | 1.2725452536189368 × 10^295 |
| 47 | ov_047 | 1.667697996824516 × 10^295 |
| 32 | lv_80_m31 | 1.9114741613309626 × 10^295 |
| 46 | ov_046 | 2.1503208797678115 × 10^295 |
| 45 | ov_045 | 2.732484212791706 × 10^295 |
| 44 | ov_044 | 3.427042868625078 × 10^295 |
| 43 | ov_043 | 4.2476512436435305 × 10^295 |
| 42 | ov_042 | 5.2087822647232 × 10^295 |
| 41 | ov_041 | 6.325751113494897 × 10^295 |
| 40 | ov_040 | 7.614744390772195 × 10^295 |
| 39 | ov_039 | 9.092855495305716 × 10^295 |
| 31 | ov_031 | 9.803674335286544 × 10^295 |
| 38 | ov_038 | 1.0778127042892095 × 10^296 |
| 37 | ov_037 | 1.2689601204331793 × 10^296 |
| 36 | ov_036 | 1.4847378893884086 × 10^296 |
| 35 | ov_035 | 1.7272688793817893 × 10^296 |
| 34 | ov_034 | 1.9987967255518895 × 10^296 |
| 33 | ov_033 | 2.3016950173512787 × 10^296 |
| 30 | ov_030 | 5.02711180026752 × 10^296 |
| 29 | ov_029 | 1.644613897315052 × 10^297 |
| 28 | ov_028 | 4.268521911251907 × 10^297 |
| 27 | ov_027 | 9.540246010161128 × 10^297 |
| 26 | ov_026 | 2.024273234271381 × 10^298 |
| 25 | ov_025 | 4.0061581014746867 × 10^298 |
| 24 | ov_024 | 7.358506924252069 × 10^298 |
| 23 | ov_023 | 1.2630422321592096 × 10^299 |
| 22 | ov_022 | 2.046130001850786 × 10^299 |
| 21 | ov_021 | 3.1580867513274454 × 10^299 |
| 20 | ov_020 | 4.680925461471173 × 10^299 |
| 19 | ov_019 | 6.705710864722747 × 10^299 |
| 18 | ov_018 | 9.332577157045804 × 10^299 |
| 17 | ov_017 | 1.2670754586214113 × 10^300 |
| 16 | ov_016 | 1.6838608673390573 × 10^300 |
| 15 | ov_015 | 2.196369659268561 × 10^300 |
| 14 | ov_014 | 2.8182845830476642 × 10^300 |
| 13 | ov_013 | 3.564226084386274 × 10^300 |
| 12 | ov_012 | 4.4497664036050974 × 10^300 |
| 11 | ov_011 | 5.491447796623397 × 10^300 |
| 10 | ov_010 | 6.706805631335851 × 10^300 |
| 9 | ov_009 | 8.114397171811976 × 10^300 |
| 8 | ov_008 | 9.733836923687353 × 10^300 |
| 7 | ov_007 | 1.1585839475663119 × 10^301 |
| 6 | ov_006 | 1.369227083439693 × 10^301 |
| 5 | ov_005 | 1.6076209313507425 × 10^301 |
| 4 | ov_004 | 1.876201710222455 × 10^301 |
| 3 | ov_003 | 2.177542370575164 × 10^301 |
| 2 | ov_002 | 2.514362251806937 × 10^301 |
| 1 | ov_001 | 2.8895381859173574 × 10^301 |

