# Results for F001-F002-F003-F004-F005-F006-F007-F008-F009-F010-F011-F012-F013-F014-F015-F016-F017-F018-F019-F020-F021-F022-F023-F024-F025-F026-F027-F028-F029-F030-F031-F032-F033-F034-F035-F036-F037-F038-F039-F040-F041-F042-F043-F044-F045-F046-F047-F048-F049-F050-F051-F052-F053-F054-F055-F056-F057-F058-F059-F060-F061-F062-F063-F064-F065-F066-F067-F068-F069-F070-F071-F072-F073-F074-F075-F076-F077-F078-F079-F080-F081-F082-F083-F084-F085-F086-F087-F088-F089-F090-F091-F092-F093-F094-F095-F096-F097-F098-F099-F100-F101-F102-F103-F104-F105-F106-F107-F108-F109-F110-F111-F112-F113-F114-F115-F116-F117-F118-F119-F120-F121-F122-F123-F124-F125-F126-F127-F128-F129-F130-F131-F132-F133-F134-F135-F136-F137-F138-F139-F140-F141-F142-F143-F144-F145-F146-F147-F148-F149-F150-F151-F152-F153-F154-F155-F156-F157-F158-F159-F160-F161-F162-F163-F164-F165-F166-F167-F168-F169-F170-F171-F172-F173-F174-F175-F176-F177-F178-F179-F180-F181-F182-F183-F184-F185-F186-F187-F188-F189-F190-F191-F192-F193-F194-F195-F196-F197-F198-F199-F200-F201-F202-F203-F204-F205-F206-F207-F208-F209-F210-F211-F212-F213-F214-F215-F216-F217-F218-F219-F220-F221-F222-F223-F224-F225-F226-F227-F228-F229-F230-F231-F232-F233-F234-F235-F236-F237-F238-F239-F240-F241-F242-F243-F244-F245-F246-F247-F248-F249-F250-F251-F252-F253-F254-F255-F256-F257-F258-F259-F260-F261-F262-F263-F264-F265-F266-F267-F268-F269-F270-F271-F272-F273-F274-F275-F276-F277-F278-F279-F280-F281-F282-F283-F284-F285-F286-F287-F288-F289-F290-F291-F292-F293-F294-F295-F296-F297-F298-F299-F300-F301-F302-F303-F304-F305-F306-F307-F308-F309-F310-F311-F312-F313-F314-F315-F316-F317-F318-F319-F320-F321-F322-F323-F324-F325-F326-F327-F328-F329-F330-F331-F332-F333-F334-F335-F336-F337-F338-F339-F340-F341-F342-F343-F344-F345-F346-F347-F348-F349-F350-F351-F352-F353-F354-F355-F356-F357-F358-F359-F360-F361-F362-F363-F364-F365-F366-F367-F368-F369-F370-F371-F372-F373-F374-F375-F376-F377-F378-F379-F380-F381-F382-F383-F384-F385-F386-F387-F388-F389-F390-F391-F392-F393-F394-F395-F396-F397-F398-F399-F400-F401-F402-F403-F404-F405-F406-F407-F408-F409-F410-F411-F412-F413-F414-F415-F416-F417-F418-F419-F420-F421-F422-F423-F424-F425-F426-F427-F428-F429-F430-F431-F432-F433-F434-F435-F436-F437-F438-F439-F440-F441-F442-F443-F444-F445-F446-F447-F448-F449-F450-F451-F452-F453-F454-F455-F456-F457-F458-F459-F460-F461-F462-F463-F464-F465-F466-F467-F468-F469-F470-F471-F472-F473-F474-F475-F476-F477-F478-F479-F480-F481-F482-F483-F484-F485-F486-F487-F488-F489-F490-F491-F492-F493-F494-F495-F496-E497502-E507512

## Summary

Number of input bits: 512  
Number of free input bits: 14  
Number of output bits: 160

Number of direct occurrences: 57363  
Number of assignments: 32191  
Number of operations: 11410658
(xor: 11382027,
and: 14900,
or: 13731)

Total complexity: 8.984431373877918 × 10^302

Least occurring input variable: iv_505 (3948)  
Most occurring input variable: iv_507 (4351)

Most co-occurring input variables: iv_500-iv_511 (2091)  
Least co-occurring input variables: iv_505-iv_506 (1805)

Potentially most occurring input variable: iv_497/iv_507 (4664)  
Potentially least occurring input variable: iv_499/iv_508 (4112)

Least output occurring input variable: iv_508 (70)  
Most output occurring input variable: iv_498 (88)

Most output co-occurring input variables: iv_498-iv_510 (48)  
Least output co-occurring input variables: iv_497-iv_508 (28)

Potentially most output occurring input variable: iv_504/iv_510 (93)  
Potentially least output occurring input variable: iv_498/iv_507 (68)

Least complex input bit: iv_498 (1.2776740130588129 × 10^300)  
Most complex input bit: iv_510 (2.204558500220119 × 10^302)

Least complex output bit: aaa_76_29 (1.4463498041867549 × 10^278)  
Most complex output bit: ov_001 (1.3978346541083692 × 10^302)

Least complex input/output complexity: iv_498/aaa_76_29 (2.056850880930586 × 10^275)  
Most complex input/output complexity: iv_510/ov_001 (3.4299424642238173 × 10^301)

## Input Bits

### Input Bits in Regular Order

| Input Bit | Complexity | Occurrences | Output Occurrences |
|:---------:|:----------:|:-----------:|:------------------:|
| iv_497 | 1.1312207801922593 × 10^301 | 4241 | 71 |
| iv_498 | 1.2776740130588129 × 10^300 | 3965 | 88 |
| iv_499 | 2.2748219055769825 × 10^300 | 4136 | 81 |
| iv_500 | 3.8530132326596944 × 10^300 | 4155 | 76 |
| iv_501 | 6.570017003843949 × 10^300 | 4116 | 83 |
| iv_503 | 1.6849090807713744 × 10^301 | 4060 | 74 |
| iv_504 | 2.5957071717427506 × 10^301 | 3956 | 78 |
| iv_505 | 3.922568626535905 × 10^301 | 3948 | 79 |
| iv_506 | 5.827764245890213 × 10^301 | 3981 | 82 |
| iv_507 | 1.6057585386573873 × 10^302 | 4351 | 72 |
| iv_508 | 1.2083884561016933 × 10^302 | 4028 | 70 |
| iv_509 | 1.6568802575168844 × 10^302 | 4028 | 78 |
| iv_510 | 2.204558500220119 × 10^302 | 4157 | 79 |
| iv_511 | 6.528733693171888 × 10^301 | 4241 | 80 |

### Input Bits Sorted by Complexity

| Input Bit | Complexity | Occurrences | Output Occurrences |
|:---------:|:----------:|:-----------:|:------------------:|
| iv_498 | 1.2776740130588129 × 10^300 | 3965 | 88 |
| iv_499 | 2.2748219055769825 × 10^300 | 4136 | 81 |
| iv_500 | 3.8530132326596944 × 10^300 | 4155 | 76 |
| iv_501 | 6.570017003843949 × 10^300 | 4116 | 83 |
| iv_497 | 1.1312207801922593 × 10^301 | 4241 | 71 |
| iv_503 | 1.6849090807713744 × 10^301 | 4060 | 74 |
| iv_504 | 2.5957071717427506 × 10^301 | 3956 | 78 |
| iv_505 | 3.922568626535905 × 10^301 | 3948 | 79 |
| iv_506 | 5.827764245890213 × 10^301 | 3981 | 82 |
| iv_511 | 6.528733693171888 × 10^301 | 4241 | 80 |
| iv_508 | 1.2083884561016933 × 10^302 | 4028 | 70 |
| iv_507 | 1.6057585386573873 × 10^302 | 4351 | 72 |
| iv_509 | 1.6568802575168844 × 10^302 | 4028 | 78 |
| iv_510 | 2.204558500220119 × 10^302 | 4157 | 79 |

### Input Bits Sorted by Occurrences

| Input Bit | Complexity | Occurrences | Output Occurrences |
|:---------:|:----------:|:-----------:|:------------------:|
| iv_505 | 3.922568626535905 × 10^301 | 3948 | 79 |
| iv_504 | 2.5957071717427506 × 10^301 | 3956 | 78 |
| iv_498 | 1.2776740130588129 × 10^300 | 3965 | 88 |
| iv_506 | 5.827764245890213 × 10^301 | 3981 | 82 |
| iv_509 | 1.6568802575168844 × 10^302 | 4028 | 78 |
| iv_508 | 1.2083884561016933 × 10^302 | 4028 | 70 |
| iv_503 | 1.6849090807713744 × 10^301 | 4060 | 74 |
| iv_501 | 6.570017003843949 × 10^300 | 4116 | 83 |
| iv_499 | 2.2748219055769825 × 10^300 | 4136 | 81 |
| iv_500 | 3.8530132326596944 × 10^300 | 4155 | 76 |
| iv_510 | 2.204558500220119 × 10^302 | 4157 | 79 |
| iv_497 | 1.1312207801922593 × 10^301 | 4241 | 71 |
| iv_511 | 6.528733693171888 × 10^301 | 4241 | 80 |
| iv_507 | 1.6057585386573873 × 10^302 | 4351 | 72 |

### Input Bits Sorted by Output Occurrences

| Input Bit | Complexity | Occurrences | Output Occurrences |
|:---------:|:----------:|:-----------:|:------------------:|
| iv_508 | 1.2083884561016933 × 10^302 | 4028 | 70 |
| iv_497 | 1.1312207801922593 × 10^301 | 4241 | 71 |
| iv_507 | 1.6057585386573873 × 10^302 | 4351 | 72 |
| iv_503 | 1.6849090807713744 × 10^301 | 4060 | 74 |
| iv_500 | 3.8530132326596944 × 10^300 | 4155 | 76 |
| iv_504 | 2.5957071717427506 × 10^301 | 3956 | 78 |
| iv_509 | 1.6568802575168844 × 10^302 | 4028 | 78 |
| iv_505 | 3.922568626535905 × 10^301 | 3948 | 79 |
| iv_510 | 2.204558500220119 × 10^302 | 4157 | 79 |
| iv_511 | 6.528733693171888 × 10^301 | 4241 | 80 |
| iv_499 | 2.2748219055769825 × 10^300 | 4136 | 81 |
| iv_506 | 5.827764245890213 × 10^301 | 3981 | 82 |
| iv_501 | 6.570017003843949 × 10^300 | 4116 | 83 |
| iv_498 | 1.2776740130588129 × 10^300 | 3965 | 88 |

## Input Bit Co-occurrences

### Input Bit Co-occurrences Sorted by Co-occurrences

| Input Bits | Co-occurrences | Potential Occurrences | Output Co-occurrences | Potential Output Occurrences |
|:----------:|:--------------:|:---------------------:|:---------------------:|:----------------------------:|
| iv_500-iv_511 | 2091 | 4214 | 38 | 80 |
| iv_501-iv_511 | 2048 | 4261 | 39 | 85 |
| iv_499-iv_510 | 2044 | 4205 | 43 | 74 |
| iv_499-iv_511 | 2036 | 4305 | 37 | 87 |
| iv_499-iv_508 | 2026 | 4112 | 38 | 75 |
| iv_497-iv_501 | 2025 | 4307 | 36 | 82 |
| iv_499-iv_507 | 2025 | 4437 | 37 | 79 |
| iv_500-iv_510 | 2022 | 4268 | 39 | 77 |
| iv_503-iv_511 | 2021 | 4259 | 37 | 80 |
| iv_497-iv_500 | 2018 | 4360 | 38 | 71 |
| iv_501-iv_507 | 2015 | 4437 | 36 | 83 |
| iv_500-iv_503 | 2013 | 4189 | 38 | 74 |
| iv_497-iv_511 | 2011 | 4460 | 36 | 79 |
| iv_510-iv_511 | 2007 | 4384 | 38 | 83 |

### Input Bit Co-occurrences Sorted by Potential Occurrences

| Input Bits | Co-occurrences | Potential Occurrences | Output Co-occurrences | Potential Output Occurrences |
|:----------:|:--------------:|:---------------------:|:---------------------:|:----------------------------:|
| iv_499-iv_508 | 2026 | 4112 | 38 | 75 |
| iv_504-iv_506 | 1885 | 4167 | 42 | 76 |
| iv_506-iv_509 | 1920 | 4169 | 43 | 74 |
| iv_501-iv_505 | 1944 | 4176 | 45 | 72 |
| iv_504-iv_505 | 1861 | 4182 | 41 | 75 |
| iv_506-iv_508 | 1913 | 4183 | 37 | 78 |
| iv_508-iv_509 | 1934 | 4188 | 35 | 78 |
| iv_500-iv_503 | 2013 | 4189 | 38 | 74 |
| iv_499-iv_509 | 1987 | 4190 | 41 | 77 |
| iv_503-iv_506 | 1923 | 4195 | 38 | 80 |
| iv_498-iv_508 | 1897 | 4199 | 37 | 84 |
| iv_499-iv_506 | 1957 | 4203 | 39 | 85 |
| iv_499-iv_510 | 2044 | 4205 | 43 | 74 |
| iv_498-iv_504 | 1855 | 4211 | 46 | 74 |

### Input Bit Output Co-occurrences Sorted by Output Co-occurrences

| Input Bits | Co-occurrences | Potential Occurrences | Output Co-occurrences | Potential Output Occurrences |
|:----------:|:--------------:|:---------------------:|:---------------------:|:----------------------------:|
| iv_498-iv_501 | 1887 | 4307 | 48 | 75 |
| iv_498-iv_510 | 1953 | 4216 | 48 | 71 |
| iv_498-iv_504 | 1855 | 4211 | 46 | 74 |
| iv_498-iv_507 | 1924 | 4468 | 46 | 68 |
| iv_501-iv_505 | 1944 | 4176 | 45 | 72 |
| iv_501-iv_506 | 1874 | 4349 | 44 | 77 |
| iv_506-iv_510 | 1957 | 4224 | 44 | 73 |
| iv_501-iv_509 | 1925 | 4294 | 43 | 75 |
| iv_498-iv_503 | 1902 | 4221 | 43 | 76 |
| iv_498-iv_511 | 1908 | 4390 | 43 | 82 |
| iv_499-iv_501 | 1991 | 4270 | 43 | 78 |
| iv_499-iv_510 | 2044 | 4205 | 43 | 74 |
| iv_506-iv_509 | 1920 | 4169 | 43 | 74 |
| iv_501-iv_503 | 1963 | 4250 | 42 | 73 |

### Input Bit Output Co-occurrences Sorted by Potential Output Occurrences

| Input Bits | Co-occurrences | Potential Occurrences | Output Co-occurrences | Potential Output Occurrences |
|:----------:|:--------------:|:---------------------:|:---------------------:|:----------------------------:|
| iv_498-iv_507 | 1924 | 4468 | 46 | 68 |
| iv_503-iv_504 | 1872 | 4272 | 41 | 70 |
| iv_497-iv_500 | 2018 | 4360 | 38 | 71 |
| iv_498-iv_510 | 1953 | 4216 | 48 | 71 |
| iv_500-iv_505 | 1939 | 4225 | 42 | 71 |
| iv_501-iv_505 | 1944 | 4176 | 45 | 72 |
| iv_497-iv_504 | 1928 | 4341 | 38 | 73 |
| iv_501-iv_503 | 1963 | 4250 | 42 | 73 |
| iv_503-iv_505 | 1890 | 4228 | 40 | 73 |
| iv_506-iv_510 | 1957 | 4224 | 44 | 73 |
| iv_504-iv_508 | 1880 | 4224 | 37 | 74 |
| iv_498-iv_504 | 1855 | 4211 | 46 | 74 |
| iv_499-iv_510 | 2044 | 4205 | 43 | 74 |
| iv_500-iv_503 | 2013 | 4189 | 38 | 74 |

## Output Bits

### Output Bits in Regular Order

| Rank | Output Bit | Complexity |
|:----:|:----------:|:----------:|
| 1 | ov_001 | 1.3978346541083692 × 10^302 |
| 2 | ov_002 | 1.2170840019011561 × 10^302 |
| 3 | ov_003 | 1.0547613835955938 × 10^302 |
| 4 | ov_004 | 9.094849131183627 × 10^301 |
| 5 | ov_005 | 7.799486645301286 × 10^301 |
| 6 | ov_006 | 6.649173234493877 × 10^301 |
| 7 | ov_007 | 5.632215273009179 × 10^301 |
| 8 | ov_008 | 4.737538314813578 × 10^301 |
| 9 | ov_009 | 3.954652419113801 × 10^301 |
| 10 | ov_010 | 3.2736225769736625 × 10^301 |
| 11 | ov_011 | 2.685043707771592 × 10^301 |
| 12 | ov_012 | 2.1800197249335676 × 10^301 |
| 13 | ov_013 | 1.7501462004012996 × 10^301 |
| 14 | ov_014 | 1.387496186797818 × 10^301 |
| 15 | ov_015 | 1.0846087853510772 × 10^301 |
| 16 | ov_016 | 8.344800764297122 × 10^300 |
| 17 | ov_017 | 6.305560581149335 × 10^300 |
| 18 | ov_018 | 4.667272666433413 × 10^300 |
| 19 | ov_019 | 3.373247808576591 × 10^300 |
| 20 | ov_020 | 2.3711734103362775 × 10^300 |
| 21 | ov_021 | 1.613093406384308 × 10^300 |
| 22 | ov_022 | 1.0553947773697952 × 10^300 |
| 23 | ov_023 | 6.587988090846981 × 10^299 |
| 24 | ov_024 | 3.883555896936952 × 10^299 |
| 25 | ov_025 | 2.1344069061915932 × 10^299 |
| 26 | ov_026 | 1.077533475621621 × 10^299 |
| 27 | ov_027 | 4.931560420540513 × 10^298 |
| 28 | ov_028 | 2.0471974376781839 × 10^298 |
| 29 | ov_029 | 7.889333236385741 × 10^297 |
| 30 | ov_030 | 2.412058680130281 × 10^297 |
| 31 | ov_031 | 4.705063446313283 × 10^296 |
| 32 | lv_80_m31 | 9.176031913780831 × 10^295 |
| 33 | ov_033 | 1.10959777037661 × 10^297 |
| 34 | ov_034 | 9.647663482297394 × 10^296 |
| 35 | ov_035 | 8.348250147465355 × 10^296 |
| 36 | ov_036 | 7.186519855564679 × 10^296 |
| 37 | ov_037 | 6.151869175014289 × 10^296 |
| 38 | ov_038 | 5.234265983572355 × 10^296 |
| 39 | ov_039 | 4.424211966970889 × 10^296 |
| 40 | ov_040 | 3.712710191356313 × 10^296 |
| 41 | ov_041 | 3.0912372540904035 × 10^296 |
| 42 | ov_042 | 2.551719547966357 × 10^296 |
| 43 | ov_043 | 2.0865132029267732 × 10^296 |
| 44 | ov_044 | 1.6883872971200577 × 10^296 |
| 45 | ov_045 | 1.350509955772196 × 10^296 |
| 46 | ov_046 | 1.066436982042123 × 10^296 |
| 47 | ov_047 | 8.30102688918348 × 10^295 |
| 48 | ov_048 | 6.358126254365319 × 10^295 |
| 49 | ov_049 | 4.782379141741758 × 10^295 |
| 50 | ov_050 | 3.524109402184451 × 10^295 |
| 51 | ov_051 | 2.537221547027845 × 10^295 |
| 52 | ov_052 | 1.7791777865097997 × 10^295 |
| 53 | ov_053 | 1.2109821532461258 × 10^295 |
| 54 | ov_054 | 7.971700159968974 × 10^294 |
| 55 | ov_055 | 5.058015114628625 × 10^294 |
| 56 | ov_056 | 3.0845764384893805 × 10^294 |
| 57 | ov_057 | 1.8023806025619447 × 10^294 |
| 58 | ov_058 | 9.975982748433143 × 10^293 |
| 59 | ov_059 | 4.915681087836702 × 10^293 |
| 60 | ov_060 | 2.0375093529981957 × 10^293 |
| 61 | ov_061 | 7.118986791294689 × 10^292 |
| 62 | ov_062 | 1.9534520436863445 × 10^292 |
| 63 | ov_063 | 3.8087262280320875 × 10^291 |
| 64 | lv_79_m31 | 7.424586227289885 × 10^290 |
| 65 | ov_065 | 8.972999825253873 × 10^291 |
| 66 | ov_066 | 8.972973694825398 × 10^291 |
| 67 | ov_067 | 8.972967300145177 × 10^291 |
| 68 | ov_068 | 7.790122561595794 × 10^291 |
| 69 | ov_069 | 6.73162590432783 × 10^291 |
| 70 | ov_070 | 5.787577335550493 × 10^291 |
| 71 | ov_071 | 4.948685600859597 × 10^291 |
| 72 | ov_072 | 4.206226977286795 × 10^291 |
| 73 | ov_073 | 3.5520077183980787 × 10^291 |
| 74 | ov_074 | 2.978329956006186 × 10^291 |
| 75 | ov_075 | 2.477960870866003 × 10^291 |
| 76 | ov_076 | 2.044104951203596 × 10^291 |
| 77 | ov_077 | 1.6703791632440883 × 10^291 |
| 78 | ov_078 | 1.350790862201639 × 10^291 |
| 79 | ov_079 | 1.0797182756163709 × 10^291 |
| 80 | ov_080 | 8.518933935977 × 10^290 |
| 81 | ov_081 | 6.623871025803914 × 10^290 |
| 82 | ov_082 | 5.065964007276593 × 10^290 |
| 83 | ov_083 | 3.802335342233492 × 10^290 |
| 84 | ov_084 | 2.7931689447092117 × 10^290 |
| 85 | ov_085 | 2.001635167386581 × 10^290 |
| 86 | ov_086 | 1.3938302112590618 × 10^290 |
| 87 | ov_087 | 9.387283693129984 × 10^289 |
| 88 | ov_088 | 6.08145516256103 × 10^289 |
| 89 | ov_089 | 3.7671225700640504 × 10^289 |
| 90 | ov_090 | 2.2185514701843209 × 10^289 |
| 91 | ov_091 | 1.2378439769726448 × 10^289 |
| 92 | ov_092 | 6.54864934727413 × 10^288 |
| 93 | ov_093 | 3.2720225290200116 × 10^288 |
| 94 | ov_094 | 1.4014848055002944 × 10^288 |
| 95 | aaa_78_28 | 4.327471556318473 × 10^287 |
| 96 | aaa_78_29 | 1.3289033309810529 × 10^287 |
| 97 | ov_097 | 8.771116636708768 × 10^286 |
| 98 | ov_098 | 8.770852744253279 × 10^286 |
| 99 | ov_099 | 8.770768349413363 × 10^286 |
| 100 | ov_100 | 7.890848642236421 × 10^286 |
| 101 | ov_101 | 7.076230399559206 × 10^286 |
| 102 | ov_102 | 6.323284835155777 × 10^286 |
| 103 | ov_103 | 5.628646056259069 × 10^286 |
| 104 | ov_104 | 4.989178033554044 × 10^286 |
| 105 | ov_105 | 4.401944515188512 × 10^286 |
| 106 | ov_106 | 3.864181728493978 × 10^286 |
| 107 | ov_107 | 3.373273719262915 × 10^286 |
| 108 | ov_108 | 2.9267301835033757 × 10^286 |
| 109 | ov_109 | 2.522166650723735 × 10^286 |
| 110 | ov_110 | 2.1572868811104353 × 10^286 |
| 111 | ov_111 | 1.8298673415655585 × 10^286 |
| 112 | ov_112 | 1.5377436275763467 × 10^286 |
| 113 | ov_113 | 1.2787986993940247 × 10^286 |
| 114 | ov_114 | 1.0509528020947302 × 10^286 |
| 115 | ov_115 | 8.521549398626095 × 10^285 |
| 116 | ov_116 | 6.803757753473267 × 10^285 |
| 117 | ov_117 | 5.3360182526994215 × 10^285 |
| 118 | ov_118 | 4.098308236384152 × 10^285 |
| 119 | ov_119 | 3.070681240340442 × 10^285 |
| 120 | ov_120 | 2.233240124798731 × 10^285 |
| 121 | ov_121 | 1.566118024261674 × 10^285 |
| 122 | ov_122 | 1.0494658339985149 × 10^285 |
| 123 | ov_123 | 6.634445330277414 × 10^284 |
| 124 | ov_124 | 3.882203883377722 × 10^284 |
| 125 | ov_125 | 2.039619795715283 × 10^284 |
| 126 | ov_126 | 9.083867889519132 × 10^283 |
| 127 | aaa_77_28 | 2.902006643682957 × 10^283 |
| 128 | aaa_77_29 | 1.0886071616327071 × 10^283 |
| 129 | ov_129 | 1.0212613951036776 × 10^283 |
| 130 | ov_130 | 1.0212585741065609 × 10^283 |
| 131 | ov_131 | 1.021257890796476 × 10^283 |
| 132 | ov_132 | 8.888343143811423 × 10^282 |
| 133 | ov_133 | 7.695230527921438 × 10^282 |
| 134 | ov_134 | 6.627988089897437 × 10^282 |
| 135 | ov_135 | 5.676960333496456 × 10^282 |
| 136 | ov_136 | 4.8330119342741804 × 10^282 |
| 137 | ov_137 | 4.0874931875940116 × 10^282 |
| 138 | ov_138 | 3.4322101529790915 × 10^282 |
| 139 | ov_139 | 2.859399047622045 × 10^282 |
| 140 | ov_140 | 2.3617044658019026 × 10^282 |
| 141 | ov_141 | 1.9321610242097375 × 10^282 |
| 142 | ov_142 | 1.5641780558966134 × 10^282 |
| 143 | ov_143 | 1.2515269978512658 × 10^282 |
| 144 | ov_144 | 9.883311391930352 × 10^281 |
| 145 | ov_145 | 7.69057418712407 × 10^281 |
| 146 | ov_146 | 5.8850998207534184 × 10^281 |
| 147 | ov_147 | 4.418252304816505 × 10^281 |
| 148 | ov_148 | 3.2446811397190182 × 10^281 |
| 149 | ov_149 | 2.3222944393976906 × 10^281 |
| 150 | ov_150 | 1.6122402074531303 × 10^281 |
| 151 | ov_151 | 1.0788939364985025 × 10^281 |
| 152 | ov_152 | 6.898509161033504 × 10^280 |
| 153 | ov_153 | 4.159218478372845 × 10^280 |
| 154 | ov_154 | 2.3113057901625127 × 10^280 |
| 155 | ov_155 | 1.127130106566851 × 10^280 |
| 156 | aaa_76_25 | 4.1116587792570056 × 10^279 |
| 157 | aaa_76_26 | 2.37669062398421 × 10^279 |
| 158 | aaa_76_27 | 1.2179526361942687 × 10^279 |
| 159 | aaa_76_28 | 4.748905788961252 × 10^278 |
| 160 | aaa_76_29 | 1.4463498041867549 × 10^278 |

### Output Bits Sorted by Complexity

| Rank | Output Bit | Complexity |
|:----:|:----------:|:----------:|
| 160 | aaa_76_29 | 1.4463498041867549 × 10^278 |
| 159 | aaa_76_28 | 4.748905788961252 × 10^278 |
| 158 | aaa_76_27 | 1.2179526361942687 × 10^279 |
| 157 | aaa_76_26 | 2.37669062398421 × 10^279 |
| 156 | aaa_76_25 | 4.1116587792570056 × 10^279 |
| 155 | ov_155 | 1.127130106566851 × 10^280 |
| 154 | ov_154 | 2.3113057901625127 × 10^280 |
| 153 | ov_153 | 4.159218478372845 × 10^280 |
| 152 | ov_152 | 6.898509161033504 × 10^280 |
| 151 | ov_151 | 1.0788939364985025 × 10^281 |
| 150 | ov_150 | 1.6122402074531303 × 10^281 |
| 149 | ov_149 | 2.3222944393976906 × 10^281 |
| 148 | ov_148 | 3.2446811397190182 × 10^281 |
| 147 | ov_147 | 4.418252304816505 × 10^281 |
| 146 | ov_146 | 5.8850998207534184 × 10^281 |
| 145 | ov_145 | 7.69057418712407 × 10^281 |
| 144 | ov_144 | 9.883311391930352 × 10^281 |
| 143 | ov_143 | 1.2515269978512658 × 10^282 |
| 142 | ov_142 | 1.5641780558966134 × 10^282 |
| 141 | ov_141 | 1.9321610242097375 × 10^282 |
| 140 | ov_140 | 2.3617044658019026 × 10^282 |
| 139 | ov_139 | 2.859399047622045 × 10^282 |
| 138 | ov_138 | 3.4322101529790915 × 10^282 |
| 137 | ov_137 | 4.0874931875940116 × 10^282 |
| 136 | ov_136 | 4.8330119342741804 × 10^282 |
| 135 | ov_135 | 5.676960333496456 × 10^282 |
| 134 | ov_134 | 6.627988089897437 × 10^282 |
| 133 | ov_133 | 7.695230527921438 × 10^282 |
| 132 | ov_132 | 8.888343143811423 × 10^282 |
| 131 | ov_131 | 1.021257890796476 × 10^283 |
| 130 | ov_130 | 1.0212585741065609 × 10^283 |
| 129 | ov_129 | 1.0212613951036776 × 10^283 |
| 128 | aaa_77_29 | 1.0886071616327071 × 10^283 |
| 127 | aaa_77_28 | 2.902006643682957 × 10^283 |
| 126 | ov_126 | 9.083867889519132 × 10^283 |
| 125 | ov_125 | 2.039619795715283 × 10^284 |
| 124 | ov_124 | 3.882203883377722 × 10^284 |
| 123 | ov_123 | 6.634445330277414 × 10^284 |
| 122 | ov_122 | 1.0494658339985149 × 10^285 |
| 121 | ov_121 | 1.566118024261674 × 10^285 |
| 120 | ov_120 | 2.233240124798731 × 10^285 |
| 119 | ov_119 | 3.070681240340442 × 10^285 |
| 118 | ov_118 | 4.098308236384152 × 10^285 |
| 117 | ov_117 | 5.3360182526994215 × 10^285 |
| 116 | ov_116 | 6.803757753473267 × 10^285 |
| 115 | ov_115 | 8.521549398626095 × 10^285 |
| 114 | ov_114 | 1.0509528020947302 × 10^286 |
| 113 | ov_113 | 1.2787986993940247 × 10^286 |
| 112 | ov_112 | 1.5377436275763467 × 10^286 |
| 111 | ov_111 | 1.8298673415655585 × 10^286 |
| 110 | ov_110 | 2.1572868811104353 × 10^286 |
| 109 | ov_109 | 2.522166650723735 × 10^286 |
| 108 | ov_108 | 2.9267301835033757 × 10^286 |
| 107 | ov_107 | 3.373273719262915 × 10^286 |
| 106 | ov_106 | 3.864181728493978 × 10^286 |
| 105 | ov_105 | 4.401944515188512 × 10^286 |
| 104 | ov_104 | 4.989178033554044 × 10^286 |
| 103 | ov_103 | 5.628646056259069 × 10^286 |
| 102 | ov_102 | 6.323284835155777 × 10^286 |
| 101 | ov_101 | 7.076230399559206 × 10^286 |
| 100 | ov_100 | 7.890848642236421 × 10^286 |
| 99 | ov_099 | 8.770768349413363 × 10^286 |
| 98 | ov_098 | 8.770852744253279 × 10^286 |
| 97 | ov_097 | 8.771116636708768 × 10^286 |
| 96 | aaa_78_29 | 1.3289033309810529 × 10^287 |
| 95 | aaa_78_28 | 4.327471556318473 × 10^287 |
| 94 | ov_094 | 1.4014848055002944 × 10^288 |
| 93 | ov_093 | 3.2720225290200116 × 10^288 |
| 92 | ov_092 | 6.54864934727413 × 10^288 |
| 91 | ov_091 | 1.2378439769726448 × 10^289 |
| 90 | ov_090 | 2.2185514701843209 × 10^289 |
| 89 | ov_089 | 3.7671225700640504 × 10^289 |
| 88 | ov_088 | 6.08145516256103 × 10^289 |
| 87 | ov_087 | 9.387283693129984 × 10^289 |
| 86 | ov_086 | 1.3938302112590618 × 10^290 |
| 85 | ov_085 | 2.001635167386581 × 10^290 |
| 84 | ov_084 | 2.7931689447092117 × 10^290 |
| 83 | ov_083 | 3.802335342233492 × 10^290 |
| 82 | ov_082 | 5.065964007276593 × 10^290 |
| 81 | ov_081 | 6.623871025803914 × 10^290 |
| 64 | lv_79_m31 | 7.424586227289885 × 10^290 |
| 80 | ov_080 | 8.518933935977 × 10^290 |
| 79 | ov_079 | 1.0797182756163709 × 10^291 |
| 78 | ov_078 | 1.350790862201639 × 10^291 |
| 77 | ov_077 | 1.6703791632440883 × 10^291 |
| 76 | ov_076 | 2.044104951203596 × 10^291 |
| 75 | ov_075 | 2.477960870866003 × 10^291 |
| 74 | ov_074 | 2.978329956006186 × 10^291 |
| 73 | ov_073 | 3.5520077183980787 × 10^291 |
| 63 | ov_063 | 3.8087262280320875 × 10^291 |
| 72 | ov_072 | 4.206226977286795 × 10^291 |
| 71 | ov_071 | 4.948685600859597 × 10^291 |
| 70 | ov_070 | 5.787577335550493 × 10^291 |
| 69 | ov_069 | 6.73162590432783 × 10^291 |
| 68 | ov_068 | 7.790122561595794 × 10^291 |
| 67 | ov_067 | 8.972967300145177 × 10^291 |
| 66 | ov_066 | 8.972973694825398 × 10^291 |
| 65 | ov_065 | 8.972999825253873 × 10^291 |
| 62 | ov_062 | 1.9534520436863445 × 10^292 |
| 61 | ov_061 | 7.118986791294689 × 10^292 |
| 60 | ov_060 | 2.0375093529981957 × 10^293 |
| 59 | ov_059 | 4.915681087836702 × 10^293 |
| 58 | ov_058 | 9.975982748433143 × 10^293 |
| 57 | ov_057 | 1.8023806025619447 × 10^294 |
| 56 | ov_056 | 3.0845764384893805 × 10^294 |
| 55 | ov_055 | 5.058015114628625 × 10^294 |
| 54 | ov_054 | 7.971700159968974 × 10^294 |
| 53 | ov_053 | 1.2109821532461258 × 10^295 |
| 52 | ov_052 | 1.7791777865097997 × 10^295 |
| 51 | ov_051 | 2.537221547027845 × 10^295 |
| 50 | ov_050 | 3.524109402184451 × 10^295 |
| 49 | ov_049 | 4.782379141741758 × 10^295 |
| 48 | ov_048 | 6.358126254365319 × 10^295 |
| 47 | ov_047 | 8.30102688918348 × 10^295 |
| 32 | lv_80_m31 | 9.176031913780831 × 10^295 |
| 46 | ov_046 | 1.066436982042123 × 10^296 |
| 45 | ov_045 | 1.350509955772196 × 10^296 |
| 44 | ov_044 | 1.6883872971200577 × 10^296 |
| 43 | ov_043 | 2.0865132029267732 × 10^296 |
| 42 | ov_042 | 2.551719547966357 × 10^296 |
| 41 | ov_041 | 3.0912372540904035 × 10^296 |
| 40 | ov_040 | 3.712710191356313 × 10^296 |
| 39 | ov_039 | 4.424211966970889 × 10^296 |
| 31 | ov_031 | 4.705063446313283 × 10^296 |
| 38 | ov_038 | 5.234265983572355 × 10^296 |
| 37 | ov_037 | 6.151869175014289 × 10^296 |
| 36 | ov_036 | 7.186519855564679 × 10^296 |
| 35 | ov_035 | 8.348250147465355 × 10^296 |
| 34 | ov_034 | 9.647663482297394 × 10^296 |
| 33 | ov_033 | 1.10959777037661 × 10^297 |
| 30 | ov_030 | 2.412058680130281 × 10^297 |
| 29 | ov_029 | 7.889333236385741 × 10^297 |
| 28 | ov_028 | 2.0471974376781839 × 10^298 |
| 27 | ov_027 | 4.931560420540513 × 10^298 |
| 26 | ov_026 | 1.077533475621621 × 10^299 |
| 25 | ov_025 | 2.1344069061915932 × 10^299 |
| 24 | ov_024 | 3.883555896936952 × 10^299 |
| 23 | ov_023 | 6.587988090846981 × 10^299 |
| 22 | ov_022 | 1.0553947773697952 × 10^300 |
| 21 | ov_021 | 1.613093406384308 × 10^300 |
| 20 | ov_020 | 2.3711734103362775 × 10^300 |
| 19 | ov_019 | 3.373247808576591 × 10^300 |
| 18 | ov_018 | 4.667272666433413 × 10^300 |
| 17 | ov_017 | 6.305560581149335 × 10^300 |
| 16 | ov_016 | 8.344800764297122 × 10^300 |
| 15 | ov_015 | 1.0846087853510772 × 10^301 |
| 14 | ov_014 | 1.387496186797818 × 10^301 |
| 13 | ov_013 | 1.7501462004012996 × 10^301 |
| 12 | ov_012 | 2.1800197249335676 × 10^301 |
| 11 | ov_011 | 2.685043707771592 × 10^301 |
| 10 | ov_010 | 3.2736225769736625 × 10^301 |
| 9 | ov_009 | 3.954652419113801 × 10^301 |
| 8 | ov_008 | 4.737538314813578 × 10^301 |
| 7 | ov_007 | 5.632215273009179 × 10^301 |
| 6 | ov_006 | 6.649173234493877 × 10^301 |
| 5 | ov_005 | 7.799486645301286 × 10^301 |
| 4 | ov_004 | 9.094849131183627 × 10^301 |
| 3 | ov_003 | 1.0547613835955938 × 10^302 |
| 2 | ov_002 | 1.2170840019011561 × 10^302 |
| 1 | ov_001 | 1.3978346541083692 × 10^302 |

