# Results for E005015-E008014-F017-F018-F019-F020-F021-F022-F023-F024-F025-F026-F027-F028-F029-F030-F031-F032-F033-F034-F035-F036-F037-F038-F039-F040-F041-F042-F043-F044-F045-F046-F047-F048-F049-F050-F051-F052-F053-F054-F055-F056-F057-F058-F059-F060-F061-F062-F063-F064-F065-F066-F067-F068-F069-F070-F071-F072-F073-F074-F075-F076-F077-F078-F079-F080-F081-F082-F083-F084-F085-F086-F087-F088-F089-F090-F091-F092-F093-F094-F095-F096-F097-F098-F099-F100-F101-F102-F103-F104-F105-F106-F107-F108-F109-F110-F111-F112-F113-F114-F115-F116-F117-F118-F119-F120-F121-F122-F123-F124-F125-F126-F127-F128-F129-F130-F131-F132-F133-F134-F135-F136-F137-F138-F139-F140-F141-F142-F143-F144-F145-F146-F147-F148-F149-F150-F151-F152-F153-F154-F155-F156-F157-F158-F159-F160-F161-F162-F163-F164-F165-F166-F167-F168-F169-F170-F171-F172-F173-F174-F175-F176-F177-F178-F179-F180-F181-F182-F183-F184-F185-F186-F187-F188-F189-F190-F191-F192-F193-F194-F195-F196-F197-F198-F199-F200-F201-F202-F203-F204-F205-F206-F207-F208-F209-F210-F211-F212-F213-F214-F215-F216-F217-F218-F219-F220-F221-F222-F223-F224-F225-F226-F227-F228-F229-F230-F231-F232-F233-F234-F235-F236-F237-F238-F239-F240-F241-F242-F243-F244-F245-F246-F247-F248-F249-F250-F251-F252-F253-F254-F255-F256-F257-F258-F259-F260-F261-F262-F263-F264-F265-F266-F267-F268-F269-F270-F271-F272-F273-F274-F275-F276-F277-F278-F279-F280-F281-F282-F283-F284-F285-F286-F287-F288-F289-F290-F291-F292-F293-F294-F295-F296-F297-F298-F299-F300-F301-F302-F303-F304-F305-F306-F307-F308-F309-F310-F311-F312-F313-F314-F315-F316-F317-F318-F319-F320-F321-F322-F323-F324-F325-F326-F327-F328-F329-F330-F331-F332-F333-F334-F335-F336-F337-F338-F339-F340-F341-F342-F343-F344-F345-F346-F347-F348-F349-F350-F351-F352-F353-F354-F355-F356-F357-F358-F359-F360-F361-F362-F363-F364-F365-F366-F367-F368-F369-F370-F371-F372-F373-F374-F375-F376-F377-F378-F379-F380-F381-F382-F383-F384-F385-F386-F387-F388-F389-F390-F391-F392-F393-F394-F395-F396-F397-F398-F399-F400-F401-F402-F403-F404-F405-F406-F407-F408-F409-F410-F411-F412-F413-F414-F415-F416-F417-F418-F419-F420-F421-F422-F423-F424-F425-F426-F427-F428-F429-F430-F431-F432-F433-F434-F435-F436-F437-F438-F439-F440-F441-F442-F443-F444-F445-F446-F447-F448-F449-F450-F451-F452-F453-F454-F455-F456-F457-F458-F459-F460-F461-F462-F463-F464-F465-F466-F467-F468-F469-F470-F471-F472-F473-F474-F475-F476-F477-F478-F479-F480-F481-F482-F483-F484-F485-F486-F487-F488-F489-F490-F491-F492-F493-F494-F495-F496-F497-F498-F499-F500-F501-F502-F503-F504-F505-F506-F507-F508-F509-F510-F511-F512

## Summary

Number of input bits: 512  
Number of free input bits: 14  
Number of output bits: 160

Number of direct occurrences: 63065  
Number of assignments: 39158  
Number of operations: 19117381
(xor: 19079835,
and: 20890,
or: 16656)

Total complexity: 9.881730376375474 × 10^355

Least occurring input variable: iv_012 (4185)  
Most occurring input variable: iv_005 (4760)

Most co-occurring input variables: iv_008-iv_009 (2270)  
Least co-occurring input variables: iv_005-iv_007 (1915)

Potentially most occurring input variable: iv_005/iv_016 (5350)  
Potentially least occurring input variable: iv_002/iv_007 (4379)

Least output occurring input variable: iv_005 (59)  
Most output occurring input variable: iv_012 (86)

Most output co-occurring input variables: iv_009-iv_010 (47)  
Least output co-occurring input variables: iv_005-iv_008 (23)

Potentially most output occurring input variable: iv_006/iv_008 (96)  
Potentially least output occurring input variable: iv_002/iv_006 (66)

Least complex input bit: iv_016 (1.4448268380193854 × 10^352)  
Most complex input bit: iv_005 (2.20141490621574 × 10^355)

Least complex output bit: aaa_76_29 (2.0750074388939672 × 10^331)  
Most complex output bit: ov_001 (1.5127709766309807 × 10^355)

Least complex input/output complexity: iv_016/aaa_76_29 (3.0339083567502857 × 10^327)  
Most complex input/output complexity: iv_005/ov_001 (3.3700945591550095 × 10^354)

## Input Bits

### Input Bits in Regular Order

| Input Bit | Complexity | Occurrences | Output Occurrences |
|:---------:|:----------:|:-----------:|:------------------:|
| iv_001 | 4.411760898180894 × 10^352 | 4569 | 75 |
| iv_002 | 1.9096287841430904 × 10^353 | 4363 | 80 |
| iv_003 | 5.4936366891537955 × 10^353 | 4376 | 75 |
| iv_004 | 1.194965973004385 × 10^354 | 4539 | 77 |
| iv_005 | 2.20141490621574 × 10^355 | 4760 | 59 |
| iv_006 | 2.645851947498941 × 10^354 | 4399 | 80 |
| iv_007 | 3.431422327739549 × 10^354 | 4356 | 81 |
| iv_008 | 2.1668305261872626 × 10^355 | 4729 | 66 |
| iv_009 | 5.432855215821518 × 10^354 | 4626 | 84 |
| iv_010 | 6.934779543560549 × 10^354 | 4479 | 83 |
| iv_011 | 9.052424591650128 × 10^354 | 4644 | 63 |
| iv_012 | 1.1451078026579455 × 10^355 | 4185 | 86 |
| iv_013 | 1.4192579389178681 × 10^355 | 4536 | 78 |
| iv_016 | 1.4448268380193854 × 10^352 | 4504 | 79 |

### Input Bits Sorted by Complexity

| Input Bit | Complexity | Occurrences | Output Occurrences |
|:---------:|:----------:|:-----------:|:------------------:|
| iv_016 | 1.4448268380193854 × 10^352 | 4504 | 79 |
| iv_001 | 4.411760898180894 × 10^352 | 4569 | 75 |
| iv_002 | 1.9096287841430904 × 10^353 | 4363 | 80 |
| iv_003 | 5.4936366891537955 × 10^353 | 4376 | 75 |
| iv_004 | 1.194965973004385 × 10^354 | 4539 | 77 |
| iv_006 | 2.645851947498941 × 10^354 | 4399 | 80 |
| iv_007 | 3.431422327739549 × 10^354 | 4356 | 81 |
| iv_009 | 5.432855215821518 × 10^354 | 4626 | 84 |
| iv_010 | 6.934779543560549 × 10^354 | 4479 | 83 |
| iv_011 | 9.052424591650128 × 10^354 | 4644 | 63 |
| iv_012 | 1.1451078026579455 × 10^355 | 4185 | 86 |
| iv_013 | 1.4192579389178681 × 10^355 | 4536 | 78 |
| iv_008 | 2.1668305261872626 × 10^355 | 4729 | 66 |
| iv_005 | 2.20141490621574 × 10^355 | 4760 | 59 |

### Input Bits Sorted by Occurrences

| Input Bit | Complexity | Occurrences | Output Occurrences |
|:---------:|:----------:|:-----------:|:------------------:|
| iv_012 | 1.1451078026579455 × 10^355 | 4185 | 86 |
| iv_007 | 3.431422327739549 × 10^354 | 4356 | 81 |
| iv_002 | 1.9096287841430904 × 10^353 | 4363 | 80 |
| iv_003 | 5.4936366891537955 × 10^353 | 4376 | 75 |
| iv_006 | 2.645851947498941 × 10^354 | 4399 | 80 |
| iv_010 | 6.934779543560549 × 10^354 | 4479 | 83 |
| iv_016 | 1.4448268380193854 × 10^352 | 4504 | 79 |
| iv_013 | 1.4192579389178681 × 10^355 | 4536 | 78 |
| iv_004 | 1.194965973004385 × 10^354 | 4539 | 77 |
| iv_001 | 4.411760898180894 × 10^352 | 4569 | 75 |
| iv_009 | 5.432855215821518 × 10^354 | 4626 | 84 |
| iv_011 | 9.052424591650128 × 10^354 | 4644 | 63 |
| iv_008 | 2.1668305261872626 × 10^355 | 4729 | 66 |
| iv_005 | 2.20141490621574 × 10^355 | 4760 | 59 |

### Input Bits Sorted by Output Occurrences

| Input Bit | Complexity | Occurrences | Output Occurrences |
|:---------:|:----------:|:-----------:|:------------------:|
| iv_005 | 2.20141490621574 × 10^355 | 4760 | 59 |
| iv_011 | 9.052424591650128 × 10^354 | 4644 | 63 |
| iv_008 | 2.1668305261872626 × 10^355 | 4729 | 66 |
| iv_003 | 5.4936366891537955 × 10^353 | 4376 | 75 |
| iv_001 | 4.411760898180894 × 10^352 | 4569 | 75 |
| iv_004 | 1.194965973004385 × 10^354 | 4539 | 77 |
| iv_013 | 1.4192579389178681 × 10^355 | 4536 | 78 |
| iv_016 | 1.4448268380193854 × 10^352 | 4504 | 79 |
| iv_002 | 1.9096287841430904 × 10^353 | 4363 | 80 |
| iv_006 | 2.645851947498941 × 10^354 | 4399 | 80 |
| iv_007 | 3.431422327739549 × 10^354 | 4356 | 81 |
| iv_010 | 6.934779543560549 × 10^354 | 4479 | 83 |
| iv_009 | 5.432855215821518 × 10^354 | 4626 | 84 |
| iv_012 | 1.1451078026579455 × 10^355 | 4185 | 86 |

## Input Bit Co-occurrences

### Input Bit Co-occurrences Sorted by Co-occurrences

| Input Bits | Co-occurrences | Potential Occurrences | Output Co-occurrences | Potential Output Occurrences |
|:----------:|:--------------:|:---------------------:|:---------------------:|:----------------------------:|
| iv_008-iv_009 | 2270 | 4815 | 39 | 72 |
| iv_009-iv_011 | 2246 | 4778 | 33 | 81 |
| iv_001-iv_006 | 2241 | 4486 | 39 | 77 |
| iv_004-iv_009 | 2237 | 4691 | 44 | 73 |
| iv_009-iv_010 | 2233 | 4639 | 47 | 73 |
| iv_008-iv_013 | 2226 | 4813 | 26 | 92 |
| iv_003-iv_004 | 2188 | 4539 | 38 | 76 |
| iv_003-iv_013 | 2188 | 4536 | 36 | 81 |
| iv_005-iv_009 | 2185 | 5016 | 31 | 81 |
| iv_001-iv_016 | 2182 | 4709 | 37 | 80 |
| iv_011-iv_016 | 2180 | 4788 | 26 | 90 |
| iv_010-iv_011 | 2177 | 4769 | 35 | 76 |
| iv_001-iv_011 | 2172 | 4869 | 28 | 82 |
| iv_002-iv_007 | 2170 | 4379 | 42 | 77 |

### Input Bit Co-occurrences Sorted by Potential Occurrences

| Input Bits | Co-occurrences | Potential Occurrences | Output Co-occurrences | Potential Output Occurrences |
|:----------:|:--------------:|:---------------------:|:---------------------:|:----------------------------:|
| iv_002-iv_007 | 2170 | 4379 | 42 | 77 |
| iv_002-iv_012 | 2056 | 4436 | 42 | 82 |
| iv_001-iv_006 | 2241 | 4486 | 39 | 77 |
| iv_007-iv_012 | 2027 | 4487 | 45 | 77 |
| iv_003-iv_012 | 2037 | 4487 | 42 | 77 |
| iv_003-iv_013 | 2188 | 4536 | 36 | 81 |
| iv_003-iv_004 | 2188 | 4539 | 38 | 76 |
| iv_003-iv_007 | 2057 | 4618 | 42 | 72 |
| iv_012-iv_013 | 2047 | 4627 | 42 | 80 |
| iv_009-iv_010 | 2233 | 4639 | 47 | 73 |
| iv_002-iv_003 | 2040 | 4659 | 39 | 77 |
| iv_007-iv_010 | 2086 | 4663 | 41 | 82 |
| iv_006-iv_007 | 2042 | 4671 | 45 | 71 |
| iv_006-iv_016 | 2113 | 4677 | 37 | 85 |

### Input Bit Output Co-occurrences Sorted by Output Co-occurrences

| Input Bits | Co-occurrences | Potential Occurrences | Output Co-occurrences | Potential Output Occurrences |
|:----------:|:--------------:|:---------------------:|:---------------------:|:----------------------------:|
| iv_002-iv_006 | 2030 | 4702 | 47 | 66 |
| iv_009-iv_010 | 2233 | 4639 | 47 | 73 |
| iv_001-iv_009 | 2166 | 4863 | 46 | 67 |
| iv_002-iv_010 | 2042 | 4758 | 45 | 73 |
| iv_006-iv_007 | 2042 | 4671 | 45 | 71 |
| iv_007-iv_012 | 2027 | 4487 | 45 | 77 |
| iv_004-iv_010 | 2128 | 4762 | 44 | 72 |
| iv_006-iv_012 | 1932 | 4720 | 44 | 78 |
| iv_001-iv_010 | 2111 | 4826 | 44 | 70 |
| iv_004-iv_009 | 2237 | 4691 | 44 | 73 |
| iv_009-iv_012 | 2053 | 4705 | 44 | 82 |
| iv_004-iv_012 | 1968 | 4788 | 43 | 77 |
| iv_002-iv_007 | 2170 | 4379 | 42 | 77 |
| iv_007-iv_009 | 2115 | 4752 | 42 | 81 |

### Input Bit Output Co-occurrences Sorted by Potential Output Occurrences

| Input Bits | Co-occurrences | Potential Occurrences | Output Co-occurrences | Potential Output Occurrences |
|:----------:|:--------------:|:---------------------:|:---------------------:|:----------------------------:|
| iv_002-iv_006 | 2030 | 4702 | 47 | 66 |
| iv_001-iv_009 | 2166 | 4863 | 46 | 67 |
| iv_004-iv_011 | 2066 | 5051 | 36 | 68 |
| iv_001-iv_010 | 2111 | 4826 | 44 | 70 |
| iv_005-iv_011 | 2056 | 5292 | 26 | 70 |
| iv_006-iv_007 | 2042 | 4671 | 45 | 71 |
| iv_004-iv_013 | 2141 | 4793 | 42 | 71 |
| iv_008-iv_009 | 2270 | 4815 | 39 | 72 |
| iv_004-iv_010 | 2128 | 4762 | 44 | 72 |
| iv_003-iv_007 | 2057 | 4618 | 42 | 72 |
| iv_001-iv_003 | 2012 | 4921 | 39 | 72 |
| iv_002-iv_010 | 2042 | 4758 | 45 | 73 |
| iv_009-iv_010 | 2233 | 4639 | 47 | 73 |
| iv_004-iv_009 | 2237 | 4691 | 44 | 73 |

## Output Bits

### Output Bits in Regular Order

| Rank | Output Bit | Complexity |
|:----:|:----------:|:----------:|
| 1 | ov_001 | 1.5127709766309807 × 10^355 |
| 2 | ov_002 | 1.320944294675982 × 10^355 |
| 3 | ov_003 | 1.1485363156851133 × 10^355 |
| 4 | ov_004 | 9.940089142762742 × 10^354 |
| 5 | ov_005 | 8.559099062049215 × 10^354 |
| 6 | ov_006 | 7.32867068403336 × 10^354 |
| 7 | ov_007 | 6.235828713500519 × 10^354 |
| 8 | ov_008 | 5.268298528401103 × 10^354 |
| 9 | ov_009 | 4.414465789259169 × 10^354 |
| 10 | ov_010 | 3.663341535007388 × 10^354 |
| 11 | ov_011 | 3.0095835992678374 × 10^354 |
| 12 | ov_012 | 2.448140793962754 × 10^354 |
| 13 | ov_013 | 1.9697399522277623 × 10^354 |
| 14 | ov_014 | 1.5656403668837804 × 10^354 |
| 15 | ov_015 | 1.227619811754752 × 10^354 |
| 16 | ov_016 | 9.479633418818188 × 10^353 |
| 17 | ov_017 | 7.194544698935003 × 10^353 |
| 18 | ov_018 | 5.353683488574471 × 10^353 |
| 19 | ov_019 | 3.8946662452263123 × 10^353 |
| 20 | ov_020 | 2.759936520800867 × 10^353 |
| 21 | ov_021 | 1.8967380452607155 × 10^353 |
| 22 | ov_022 | 1.2570963148644808 × 10^353 |
| 23 | ov_023 | 7.978065901994028 × 10^352 |
| 24 | ov_024 | 4.804265250840985 × 10^352 |
| 25 | ov_025 | 2.712719629654243 × 10^352 |
| 26 | ov_026 | 1.4141475155502119 × 10^352 |
| 27 | ov_027 | 6.66817318292681 × 10^351 |
| 28 | ov_028 | 2.765433604998622 × 10^351 |
| 29 | ov_029 | 9.668457214299687 × 10^350 |
| 30 | ov_030 | 2.6549146516353173 × 10^350 |
| 31 | ov_031 | 5.180732431875221 × 10^349 |
| 32 | lv_80_m31 | 1.0108234128630983 × 10^349 |
| 33 | ov_033 | 1.2515018384399421 × 10^350 |
| 34 | ov_034 | 1.092000379916181 × 10^350 |
| 35 | ov_035 | 9.491305226485434 × 10^349 |
| 36 | ov_036 | 8.214843569961737 × 10^349 |
| 37 | ov_037 | 7.077404792993924 × 10^349 |
| 38 | ov_038 | 6.066581378930001 × 10^349 |
| 39 | ov_039 | 5.1707189932420416 × 10^349 |
| 40 | ov_040 | 4.3788680661182375 × 10^349 |
| 41 | ov_041 | 3.680740025602235 × 10^349 |
| 42 | ov_042 | 3.0666679212208723 × 10^349 |
| 43 | ov_043 | 2.527571186122285 × 10^349 |
| 44 | ov_044 | 2.0590519789493702 × 10^349 |
| 45 | ov_045 | 1.6569826130727247 × 10^349 |
| 46 | ov_046 | 1.317492594221225 × 10^349 |
| 47 | ov_047 | 1.0335687956549749 × 10^349 |
| 48 | ov_048 | 7.986619359471466 × 10^348 |
| 49 | ov_049 | 6.066711678770476 × 10^348 |
| 50 | ov_050 | 4.519311654704772 × 10^348 |
| 51 | ov_051 | 3.292014827938152 × 10^348 |
| 52 | ov_052 | 2.3365795868403536 × 10^348 |
| 53 | ov_053 | 1.6088594195463501 × 10^348 |
| 54 | ov_054 | 1.0687511182568578 × 10^348 |
| 55 | ov_055 | 6.801566843839845 × 10^347 |
| 56 | ov_056 | 4.1095668370139446 × 10^347 |
| 57 | ov_057 | 2.329928009128 × 10^347 |
| 58 | ov_058 | 1.2205736197348684 × 10^347 |
| 59 | ov_059 | 5.788770347860924 × 10^346 |
| 60 | ov_060 | 2.416355609512296 × 10^346 |
| 61 | ov_061 | 8.506043077599276 × 10^345 |
| 62 | ov_062 | 2.3520779453594937 × 10^345 |
| 63 | ov_063 | 4.624448379664717 × 10^344 |
| 64 | lv_79_m31 | 9.091300959731785 × 10^343 |
| 65 | ov_065 | 1.2464504638332191 × 10^345 |
| 66 | ov_066 | 1.246412946218394 × 10^345 |
| 67 | ov_067 | 1.2464009360646889 × 10^345 |
| 68 | ov_068 | 1.121102342149411 × 10^345 |
| 69 | ov_069 | 1.00515227406742 × 10^345 |
| 70 | ov_070 | 8.98024880369463 × 10^344 |
| 71 | ov_071 | 7.992320811717631 × 10^344 |
| 72 | ov_072 | 7.083190714764063 × 10^344 |
| 73 | ov_073 | 6.248602587369811 × 10^344 |
| 74 | ov_074 | 5.484555637090246 × 10^344 |
| 75 | ov_075 | 4.787269703761388 × 10^344 |
| 76 | ov_076 | 4.153153056094841 × 10^344 |
| 77 | ov_077 | 3.57877318548336 × 10^344 |
| 78 | ov_078 | 3.060830833290276 × 10^344 |
| 79 | ov_079 | 2.596137050141297 × 10^344 |
| 80 | ov_080 | 2.181593089820586 × 10^344 |
| 81 | ov_081 | 1.8141729435439367 × 10^344 |
| 82 | ov_082 | 1.4909083227890065 × 10^344 |
| 83 | ov_083 | 1.2088759006355575 × 10^344 |
| 84 | ov_084 | 9.651866228295963 × 10^343 |
| 85 | ov_085 | 7.569769006509147 × 10^343 |
| 86 | ov_086 | 5.81401498230773 × 10^343 |
| 87 | ov_087 | 4.356279273178214 × 10^343 |
| 88 | ov_088 | 3.168321626958295 × 10^343 |
| 89 | ov_089 | 2.2219549156679218 × 10^343 |
| 90 | ov_090 | 1.4890231026160686 × 10^343 |
| 91 | ov_091 | 9.413868165946491 × 10^342 |
| 92 | ov_092 | 5.509146828147772 × 10^342 |
| 93 | ov_093 | 2.8947865315557495 × 10^342 |
| 94 | ov_094 | 1.2895181876140835 × 10^342 |
| 95 | aaa_78_28 | 4.120756966990045 × 10^341 |
| 96 | aaa_78_29 | 1.5466779146279063 × 10^341 |
| 97 | ov_097 | 1.4780684774107535 × 10^341 |
| 98 | ov_098 | 1.4780644270728176 × 10^341 |
| 99 | ov_099 | 1.478063446490207 × 10^341 |
| 100 | ov_100 | 1.2899990664589674 × 10^341 |
| 101 | ov_101 | 1.1211271168421288 × 10^341 |
| 102 | ov_102 | 9.699237954278142 × 10^340 |
| 103 | ov_103 | 8.349507213137193 × 10^340 |
| 104 | ov_104 | 7.148491842531821 × 10^340 |
| 105 | ov_105 | 6.08335087696698 × 10^340 |
| 106 | ov_106 | 5.141945020330196 × 10^340 |
| 107 | ov_107 | 4.3127975356715525 × 10^340 |
| 108 | ov_108 | 3.5850599209991795 × 10^340 |
| 109 | ov_109 | 2.9484819636370634 × 10^340 |
| 110 | ov_110 | 2.3980846490835354 × 10^340 |
| 111 | ov_111 | 1.929169161427126 × 10^340 |
| 112 | ov_112 | 1.5331392900615458 × 10^340 |
| 113 | ov_113 | 1.2019146204799416 × 10^340 |
| 114 | ov_114 | 9.279177830109625 × 10^339 |
| 115 | ov_115 | 7.040643133111826 × 10^339 |
| 116 | ov_116 | 5.237548060141446 × 10^339 |
| 117 | ov_117 | 3.8086899760454075 × 10^339 |
| 118 | ov_118 | 2.69761424920831 × 10^339 |
| 119 | ov_119 | 1.8525834266903686 × 10^339 |
| 120 | ov_120 | 1.2265562025507739 × 10^339 |
| 121 | ov_121 | 7.771737513740998 × 10^338 |
| 122 | ov_122 | 4.667513678058731 × 10^338 |
| 123 | ov_123 | 2.62273721618812 × 10^338 |
| 124 | ov_124 | 1.3539240497167143 × 10^338 |
| 125 | ov_125 | 6.242480499534711 × 10^337 |
| 126 | ov_126 | 2.435365858666485 × 10^337 |
| 127 | aaa_77_28 | 6.826908860138577 × 10^336 |
| 128 | aaa_77_29 | 2.0777188069613633 × 10^336 |
| 129 | ov_129 | 1.2383335840348573 × 10^336 |
| 130 | ov_130 | 1.238329532987252 × 10^336 |
| 131 | ov_131 | 1.238328550340027 × 10^336 |
| 132 | ov_132 | 1.0806593006456086 × 10^336 |
| 133 | ov_133 | 9.400780059697269 × 10^335 |
| 134 | ov_134 | 8.150714041356268 × 10^335 |
| 135 | ov_135 | 7.042123939160877 × 10^335 |
| 136 | ov_136 | 6.061541328086547 × 10^335 |
| 137 | ov_137 | 5.196247840326897 × 10^335 |
| 138 | ov_138 | 4.4342285074451746 × 10^335 |
| 139 | ov_139 | 3.76413053157253 × 10^335 |
| 140 | ov_140 | 3.175227114625273 × 10^335 |
| 141 | ov_141 | 2.6573859953343595 × 10^335 |
| 142 | ov_142 | 2.2010423640058942 × 10^335 |
| 143 | ov_143 | 1.8015525566345208 × 10^335 |
| 144 | ov_144 | 1.4545398610816973 × 10^335 |
| 145 | ov_145 | 1.1558858046839747 × 10^335 |
| 146 | ov_146 | 9.017230992975228 × 10^334 |
| 147 | ov_147 | 6.884300385882288 × 10^334 |
| 148 | ov_148 | 5.126261299410249 × 10^334 |
| 149 | ov_149 | 3.711687614399872 × 10^334 |
| 150 | ov_150 | 2.6115072238626453 × 10^334 |
| 151 | ov_151 | 1.7745718141541486 × 10^334 |
| 152 | ov_152 | 1.1543721196981877 × 10^334 |
| 153 | ov_153 | 7.090244252684433 × 10^333 |
| 154 | ov_154 | 4.012622907053688 × 10^333 |
| 155 | ov_155 | 1.984318336788488 × 10^333 |
| 156 | aaa_76_25 | 7.248932889102308 × 10^332 |
| 157 | aaa_76_26 | 3.7862344736715667 × 10^332 |
| 158 | aaa_76_27 | 1.7453153016763297 × 10^332 |
| 159 | aaa_76_28 | 6.80794790459855 × 10^331 |
| 160 | aaa_76_29 | 2.0750074388939672 × 10^331 |

### Output Bits Sorted by Complexity

| Rank | Output Bit | Complexity |
|:----:|:----------:|:----------:|
| 160 | aaa_76_29 | 2.0750074388939672 × 10^331 |
| 159 | aaa_76_28 | 6.80794790459855 × 10^331 |
| 158 | aaa_76_27 | 1.7453153016763297 × 10^332 |
| 157 | aaa_76_26 | 3.7862344736715667 × 10^332 |
| 156 | aaa_76_25 | 7.248932889102308 × 10^332 |
| 155 | ov_155 | 1.984318336788488 × 10^333 |
| 154 | ov_154 | 4.012622907053688 × 10^333 |
| 153 | ov_153 | 7.090244252684433 × 10^333 |
| 152 | ov_152 | 1.1543721196981877 × 10^334 |
| 151 | ov_151 | 1.7745718141541486 × 10^334 |
| 150 | ov_150 | 2.6115072238626453 × 10^334 |
| 149 | ov_149 | 3.711687614399872 × 10^334 |
| 148 | ov_148 | 5.126261299410249 × 10^334 |
| 147 | ov_147 | 6.884300385882288 × 10^334 |
| 146 | ov_146 | 9.017230992975228 × 10^334 |
| 145 | ov_145 | 1.1558858046839747 × 10^335 |
| 144 | ov_144 | 1.4545398610816973 × 10^335 |
| 143 | ov_143 | 1.8015525566345208 × 10^335 |
| 142 | ov_142 | 2.2010423640058942 × 10^335 |
| 141 | ov_141 | 2.6573859953343595 × 10^335 |
| 140 | ov_140 | 3.175227114625273 × 10^335 |
| 139 | ov_139 | 3.76413053157253 × 10^335 |
| 138 | ov_138 | 4.4342285074451746 × 10^335 |
| 137 | ov_137 | 5.196247840326897 × 10^335 |
| 136 | ov_136 | 6.061541328086547 × 10^335 |
| 135 | ov_135 | 7.042123939160877 × 10^335 |
| 134 | ov_134 | 8.150714041356268 × 10^335 |
| 133 | ov_133 | 9.400780059697269 × 10^335 |
| 132 | ov_132 | 1.0806593006456086 × 10^336 |
| 131 | ov_131 | 1.238328550340027 × 10^336 |
| 130 | ov_130 | 1.238329532987252 × 10^336 |
| 129 | ov_129 | 1.2383335840348573 × 10^336 |
| 128 | aaa_77_29 | 2.0777188069613633 × 10^336 |
| 127 | aaa_77_28 | 6.826908860138577 × 10^336 |
| 126 | ov_126 | 2.435365858666485 × 10^337 |
| 125 | ov_125 | 6.242480499534711 × 10^337 |
| 124 | ov_124 | 1.3539240497167143 × 10^338 |
| 123 | ov_123 | 2.62273721618812 × 10^338 |
| 122 | ov_122 | 4.667513678058731 × 10^338 |
| 121 | ov_121 | 7.771737513740998 × 10^338 |
| 120 | ov_120 | 1.2265562025507739 × 10^339 |
| 119 | ov_119 | 1.8525834266903686 × 10^339 |
| 118 | ov_118 | 2.69761424920831 × 10^339 |
| 117 | ov_117 | 3.8086899760454075 × 10^339 |
| 116 | ov_116 | 5.237548060141446 × 10^339 |
| 115 | ov_115 | 7.040643133111826 × 10^339 |
| 114 | ov_114 | 9.279177830109625 × 10^339 |
| 113 | ov_113 | 1.2019146204799416 × 10^340 |
| 112 | ov_112 | 1.5331392900615458 × 10^340 |
| 111 | ov_111 | 1.929169161427126 × 10^340 |
| 110 | ov_110 | 2.3980846490835354 × 10^340 |
| 109 | ov_109 | 2.9484819636370634 × 10^340 |
| 108 | ov_108 | 3.5850599209991795 × 10^340 |
| 107 | ov_107 | 4.3127975356715525 × 10^340 |
| 106 | ov_106 | 5.141945020330196 × 10^340 |
| 105 | ov_105 | 6.08335087696698 × 10^340 |
| 104 | ov_104 | 7.148491842531821 × 10^340 |
| 103 | ov_103 | 8.349507213137193 × 10^340 |
| 102 | ov_102 | 9.699237954278142 × 10^340 |
| 101 | ov_101 | 1.1211271168421288 × 10^341 |
| 100 | ov_100 | 1.2899990664589674 × 10^341 |
| 99 | ov_099 | 1.478063446490207 × 10^341 |
| 98 | ov_098 | 1.4780644270728176 × 10^341 |
| 97 | ov_097 | 1.4780684774107535 × 10^341 |
| 96 | aaa_78_29 | 1.5466779146279063 × 10^341 |
| 95 | aaa_78_28 | 4.120756966990045 × 10^341 |
| 94 | ov_094 | 1.2895181876140835 × 10^342 |
| 93 | ov_093 | 2.8947865315557495 × 10^342 |
| 92 | ov_092 | 5.509146828147772 × 10^342 |
| 91 | ov_091 | 9.413868165946491 × 10^342 |
| 90 | ov_090 | 1.4890231026160686 × 10^343 |
| 89 | ov_089 | 2.2219549156679218 × 10^343 |
| 88 | ov_088 | 3.168321626958295 × 10^343 |
| 87 | ov_087 | 4.356279273178214 × 10^343 |
| 86 | ov_086 | 5.81401498230773 × 10^343 |
| 85 | ov_085 | 7.569769006509147 × 10^343 |
| 64 | lv_79_m31 | 9.091300959731785 × 10^343 |
| 84 | ov_084 | 9.651866228295963 × 10^343 |
| 83 | ov_083 | 1.2088759006355575 × 10^344 |
| 82 | ov_082 | 1.4909083227890065 × 10^344 |
| 81 | ov_081 | 1.8141729435439367 × 10^344 |
| 80 | ov_080 | 2.181593089820586 × 10^344 |
| 79 | ov_079 | 2.596137050141297 × 10^344 |
| 78 | ov_078 | 3.060830833290276 × 10^344 |
| 77 | ov_077 | 3.57877318548336 × 10^344 |
| 76 | ov_076 | 4.153153056094841 × 10^344 |
| 63 | ov_063 | 4.624448379664717 × 10^344 |
| 75 | ov_075 | 4.787269703761388 × 10^344 |
| 74 | ov_074 | 5.484555637090246 × 10^344 |
| 73 | ov_073 | 6.248602587369811 × 10^344 |
| 72 | ov_072 | 7.083190714764063 × 10^344 |
| 71 | ov_071 | 7.992320811717631 × 10^344 |
| 70 | ov_070 | 8.98024880369463 × 10^344 |
| 69 | ov_069 | 1.00515227406742 × 10^345 |
| 68 | ov_068 | 1.121102342149411 × 10^345 |
| 67 | ov_067 | 1.2464009360646889 × 10^345 |
| 66 | ov_066 | 1.246412946218394 × 10^345 |
| 65 | ov_065 | 1.2464504638332191 × 10^345 |
| 62 | ov_062 | 2.3520779453594937 × 10^345 |
| 61 | ov_061 | 8.506043077599276 × 10^345 |
| 60 | ov_060 | 2.416355609512296 × 10^346 |
| 59 | ov_059 | 5.788770347860924 × 10^346 |
| 58 | ov_058 | 1.2205736197348684 × 10^347 |
| 57 | ov_057 | 2.329928009128 × 10^347 |
| 56 | ov_056 | 4.1095668370139446 × 10^347 |
| 55 | ov_055 | 6.801566843839845 × 10^347 |
| 54 | ov_054 | 1.0687511182568578 × 10^348 |
| 53 | ov_053 | 1.6088594195463501 × 10^348 |
| 52 | ov_052 | 2.3365795868403536 × 10^348 |
| 51 | ov_051 | 3.292014827938152 × 10^348 |
| 50 | ov_050 | 4.519311654704772 × 10^348 |
| 49 | ov_049 | 6.066711678770476 × 10^348 |
| 48 | ov_048 | 7.986619359471466 × 10^348 |
| 32 | lv_80_m31 | 1.0108234128630983 × 10^349 |
| 47 | ov_047 | 1.0335687956549749 × 10^349 |
| 46 | ov_046 | 1.317492594221225 × 10^349 |
| 45 | ov_045 | 1.6569826130727247 × 10^349 |
| 44 | ov_044 | 2.0590519789493702 × 10^349 |
| 43 | ov_043 | 2.527571186122285 × 10^349 |
| 42 | ov_042 | 3.0666679212208723 × 10^349 |
| 41 | ov_041 | 3.680740025602235 × 10^349 |
| 40 | ov_040 | 4.3788680661182375 × 10^349 |
| 39 | ov_039 | 5.1707189932420416 × 10^349 |
| 31 | ov_031 | 5.180732431875221 × 10^349 |
| 38 | ov_038 | 6.066581378930001 × 10^349 |
| 37 | ov_037 | 7.077404792993924 × 10^349 |
| 36 | ov_036 | 8.214843569961737 × 10^349 |
| 35 | ov_035 | 9.491305226485434 × 10^349 |
| 34 | ov_034 | 1.092000379916181 × 10^350 |
| 33 | ov_033 | 1.2515018384399421 × 10^350 |
| 30 | ov_030 | 2.6549146516353173 × 10^350 |
| 29 | ov_029 | 9.668457214299687 × 10^350 |
| 28 | ov_028 | 2.765433604998622 × 10^351 |
| 27 | ov_027 | 6.66817318292681 × 10^351 |
| 26 | ov_026 | 1.4141475155502119 × 10^352 |
| 25 | ov_025 | 2.712719629654243 × 10^352 |
| 24 | ov_024 | 4.804265250840985 × 10^352 |
| 23 | ov_023 | 7.978065901994028 × 10^352 |
| 22 | ov_022 | 1.2570963148644808 × 10^353 |
| 21 | ov_021 | 1.8967380452607155 × 10^353 |
| 20 | ov_020 | 2.759936520800867 × 10^353 |
| 19 | ov_019 | 3.8946662452263123 × 10^353 |
| 18 | ov_018 | 5.353683488574471 × 10^353 |
| 17 | ov_017 | 7.194544698935003 × 10^353 |
| 16 | ov_016 | 9.479633418818188 × 10^353 |
| 15 | ov_015 | 1.227619811754752 × 10^354 |
| 14 | ov_014 | 1.5656403668837804 × 10^354 |
| 13 | ov_013 | 1.9697399522277623 × 10^354 |
| 12 | ov_012 | 2.448140793962754 × 10^354 |
| 11 | ov_011 | 3.0095835992678374 × 10^354 |
| 10 | ov_010 | 3.663341535007388 × 10^354 |
| 9 | ov_009 | 4.414465789259169 × 10^354 |
| 8 | ov_008 | 5.268298528401103 × 10^354 |
| 7 | ov_007 | 6.235828713500519 × 10^354 |
| 6 | ov_006 | 7.32867068403336 × 10^354 |
| 5 | ov_005 | 8.559099062049215 × 10^354 |
| 4 | ov_004 | 9.940089142762742 × 10^354 |
| 3 | ov_003 | 1.1485363156851133 × 10^355 |
| 2 | ov_002 | 1.320944294675982 × 10^355 |
| 1 | ov_001 | 1.5127709766309807 × 10^355 |

