# Results for F001-F002-F003-F004-F005-F006-F007-F008-F009-F010-F011-F012-F013-F014-F015-F016-F017-F018-F019-F020-F021-F022-F023-F024-F025-F026-F027-F028-F029-F030-F031-F032-F033-F034-F035-F036-F037-F038-F039-F040-F041-F042-F043-F044-F045-F046-F047-F048-F049-F050-F051-F052-F053-F054-F055-F056-F057-F058-F059-F060-F061-F062-F063-F064-F065-F066-F067-F068-F069-F070-F071-F072-F073-F074-F075-F076-F077-F078-F079-F080-F081-F082-F083-F084-F085-F086-F087-F088-F089-F090-F091-F092-F093-F094-F095-F096-F097-F098-F099-F100-F101-F102-F103-F104-F105-F106-F107-F108-F109-F110-F111-F112-F113-F114-F115-F116-F117-F118-F119-F120-F121-F122-F123-F124-F125-F126-F127-F128-F129-F130-F131-F132-F133-F134-F135-F136-F137-F138-F139-F140-F141-F142-F143-F144-F145-F146-F147-F148-F149-F150-F151-F152-F153-F154-F155-F156-F157-F158-F159-F160-F161-F162-F163-F164-F165-F166-F167-F168-F169-F170-F171-F172-F173-F174-F175-F176-F177-F178-F179-F180-F181-F182-F183-F184-F185-F186-F187-F188-F189-F190-F191-F192-F193-F194-F195-F196-F197-F198-F199-F200-F201-F202-F203-F204-F205-F206-F207-F208-F209-F210-F211-F212-F213-F214-F215-F216-F217-F218-F219-F220-F221-F222-F223-F224-F225-F226-F227-F228-F229-F230-F231-F232-F233-F234-F235-F236-F237-F238-F239-F240-F241-F242-F243-F244-F245-F246-F247-F248-F249-F250-F251-F252-F253-F254-F255-F256-F257-F258-F259-F260-F261-F262-F263-F264-F265-F266-F267-F268-F269-F270-F271-F272-F273-F274-F275-F276-F277-F278-F279-F280-F281-F282-F283-F284-F285-F286-F287-F288-F289-F290-F291-F292-F293-F294-F295-F296-F297-F298-F299-F300-F301-F302-F303-F304-F305-F306-F307-F308-F309-F310-F311-F312-F313-F314-F315-F316-F317-F318-F319-F320-F321-F322-F323-F324-F325-F326-F327-F328-F329-F330-F331-F332-F333-F334-F335-F336-F337-F338-F339-F340-F341-F342-F343-F344-F345-F346-F347-F348-F349-F350-F351-F352-F353-F354-F355-F356-F357-F358-F359-F360-F361-F362-F363-F364-F365-F366-F367-F368-F369-F370-F371-F372-F373-F374-F375-F376-F377-F378-F379-F380-F381-F382-F383-F384-F385-F386-F387-F388-F389-F390-F391-F392-F393-F394-F395-F396-F397-F398-F399-F400-F401-F402-F403-F404-F405-F406-F407-F408-F409-F410-F411-F412-F413-F414-F415-F416-F417-F418-F419-F420-F421-F422-F423-F424-F425-F426-F427-F428-F429-F430-F431-F432-F433-F434-F435-F436-F437-F438-F439-F440-F441-F442-F443-F444-F445-F446-F447-F448-F449-F450-F451-F452-F453-F454-F455-F456-F457-F458-F459-F460-F461-F462-F463-F464-F465-F466-F467-F468-F469-F470-F471-F472-F473-F474-F475-F476-F477-F478-F479-F480-F481-F482-F483-F484-F485-F486-F487-F488-F489-F490-F491-F492-F493-F494-F495-F496-E507512-F510

## Summary

Number of input bits: 512  
Number of free input bits: 14  
Number of output bits: 160

Number of direct occurrences: 57228  
Number of assignments: 32063  
Number of operations: 11387775
(xor: 11359222,
and: 14889,
or: 13664)

Total complexity: 1.9360838976677942 × 10^302

Least occurring input variable: iv_502 (3909)  
Most occurring input variable: iv_507 (4360)

Most co-occurring input variables: iv_500-iv_511 (2091)  
Least co-occurring input variables: iv_498-iv_502 (1776)

Potentially most occurring input variable: iv_507/iv_511 (4647)  
Potentially least occurring input variable: iv_499/iv_508 (4111)

Least output occurring input variable: iv_508 (70)  
Most output occurring input variable: iv_497 (93)

Most output co-occurring input variables: iv_497-iv_502 (52)  
Least output co-occurring input variables: iv_502-iv_508 (30)

Potentially most output occurring input variable: iv_509/iv_511 (92)  
Potentially least output occurring input variable: iv_501/iv_505 (62)

Least complex input bit: iv_497 (3.2801053414681544 × 10^299)  
Most complex input bit: iv_507 (5.284584942811814 × 10^301)

Least complex output bit: aaa_76_29 (3.235683055188554 × 10^277)  
Most complex output bit: ov_001 (3.0122194072515403 × 10^301)

Least complex input/output complexity: iv_497/aaa_76_29 (5.481880865497005 × 10^274)  
Most complex input/output complexity: iv_507/ov_001 (8.221921241730394 × 10^300)

## Input Bits

### Input Bits in Regular Order

| Input Bit | Complexity | Occurrences | Output Occurrences |
|:---------:|:----------:|:-----------:|:------------------:|
| iv_497 | 3.2801053414681544 × 10^299 | 4158 | 93 |
| iv_498 | 6.617872258608061 × 10^299 | 3967 | 88 |
| iv_499 | 1.1784722763838131 × 10^300 | 4135 | 81 |
| iv_500 | 1.996253814531133 × 10^300 | 4149 | 76 |
| iv_501 | 3.403728611672097 × 10^300 | 4117 | 83 |
| iv_502 | 5.532070286758379 × 10^300 | 3909 | 82 |
| iv_503 | 8.727887959121994 × 10^300 | 4061 | 74 |
| iv_504 | 1.3444669381006224 × 10^301 | 3955 | 78 |
| iv_505 | 2.0315189436143618 × 10^301 | 4139 | 79 |
| iv_506 | 9.863781235492824 × 10^300 | 3986 | 82 |
| iv_507 | 5.284584942811814 × 10^301 | 4360 | 72 |
| iv_508 | 1.840851847971817 × 10^301 | 4028 | 70 |
| iv_509 | 2.3212728102789016 × 10^301 | 4025 | 78 |
| iv_511 | 3.368944299503658 × 10^301 | 4239 | 80 |

### Input Bits Sorted by Complexity

| Input Bit | Complexity | Occurrences | Output Occurrences |
|:---------:|:----------:|:-----------:|:------------------:|
| iv_497 | 3.2801053414681544 × 10^299 | 4158 | 93 |
| iv_498 | 6.617872258608061 × 10^299 | 3967 | 88 |
| iv_499 | 1.1784722763838131 × 10^300 | 4135 | 81 |
| iv_500 | 1.996253814531133 × 10^300 | 4149 | 76 |
| iv_501 | 3.403728611672097 × 10^300 | 4117 | 83 |
| iv_502 | 5.532070286758379 × 10^300 | 3909 | 82 |
| iv_503 | 8.727887959121994 × 10^300 | 4061 | 74 |
| iv_506 | 9.863781235492824 × 10^300 | 3986 | 82 |
| iv_504 | 1.3444669381006224 × 10^301 | 3955 | 78 |
| iv_508 | 1.840851847971817 × 10^301 | 4028 | 70 |
| iv_505 | 2.0315189436143618 × 10^301 | 4139 | 79 |
| iv_509 | 2.3212728102789016 × 10^301 | 4025 | 78 |
| iv_511 | 3.368944299503658 × 10^301 | 4239 | 80 |
| iv_507 | 5.284584942811814 × 10^301 | 4360 | 72 |

### Input Bits Sorted by Occurrences

| Input Bit | Complexity | Occurrences | Output Occurrences |
|:---------:|:----------:|:-----------:|:------------------:|
| iv_502 | 5.532070286758379 × 10^300 | 3909 | 82 |
| iv_504 | 1.3444669381006224 × 10^301 | 3955 | 78 |
| iv_498 | 6.617872258608061 × 10^299 | 3967 | 88 |
| iv_506 | 9.863781235492824 × 10^300 | 3986 | 82 |
| iv_509 | 2.3212728102789016 × 10^301 | 4025 | 78 |
| iv_508 | 1.840851847971817 × 10^301 | 4028 | 70 |
| iv_503 | 8.727887959121994 × 10^300 | 4061 | 74 |
| iv_501 | 3.403728611672097 × 10^300 | 4117 | 83 |
| iv_499 | 1.1784722763838131 × 10^300 | 4135 | 81 |
| iv_505 | 2.0315189436143618 × 10^301 | 4139 | 79 |
| iv_500 | 1.996253814531133 × 10^300 | 4149 | 76 |
| iv_497 | 3.2801053414681544 × 10^299 | 4158 | 93 |
| iv_511 | 3.368944299503658 × 10^301 | 4239 | 80 |
| iv_507 | 5.284584942811814 × 10^301 | 4360 | 72 |

### Input Bits Sorted by Output Occurrences

| Input Bit | Complexity | Occurrences | Output Occurrences |
|:---------:|:----------:|:-----------:|:------------------:|
| iv_508 | 1.840851847971817 × 10^301 | 4028 | 70 |
| iv_507 | 5.284584942811814 × 10^301 | 4360 | 72 |
| iv_503 | 8.727887959121994 × 10^300 | 4061 | 74 |
| iv_500 | 1.996253814531133 × 10^300 | 4149 | 76 |
| iv_504 | 1.3444669381006224 × 10^301 | 3955 | 78 |
| iv_509 | 2.3212728102789016 × 10^301 | 4025 | 78 |
| iv_505 | 2.0315189436143618 × 10^301 | 4139 | 79 |
| iv_511 | 3.368944299503658 × 10^301 | 4239 | 80 |
| iv_499 | 1.1784722763838131 × 10^300 | 4135 | 81 |
| iv_502 | 5.532070286758379 × 10^300 | 3909 | 82 |
| iv_506 | 9.863781235492824 × 10^300 | 3986 | 82 |
| iv_501 | 3.403728611672097 × 10^300 | 4117 | 83 |
| iv_498 | 6.617872258608061 × 10^299 | 3967 | 88 |
| iv_497 | 3.2801053414681544 × 10^299 | 4158 | 93 |

## Input Bit Co-occurrences

### Input Bit Co-occurrences Sorted by Co-occurrences

| Input Bits | Co-occurrences | Potential Occurrences | Output Co-occurrences | Potential Output Occurrences |
|:----------:|:--------------:|:---------------------:|:---------------------:|:----------------------------:|
| iv_500-iv_511 | 2091 | 4206 | 38 | 80 |
| iv_501-iv_511 | 2048 | 4260 | 39 | 85 |
| iv_499-iv_511 | 2036 | 4302 | 37 | 87 |
| iv_501-iv_505 | 2036 | 4184 | 50 | 62 |
| iv_505-iv_511 | 2026 | 4326 | 40 | 79 |
| iv_499-iv_508 | 2026 | 4111 | 38 | 75 |
| iv_499-iv_507 | 2025 | 4445 | 37 | 79 |
| iv_503-iv_511 | 2020 | 4260 | 37 | 80 |
| iv_499-iv_505 | 2019 | 4236 | 43 | 74 |
| iv_497-iv_501 | 2018 | 4239 | 48 | 80 |
| iv_497-iv_511 | 2018 | 4361 | 47 | 79 |
| iv_501-iv_507 | 2016 | 4445 | 36 | 83 |
| iv_500-iv_503 | 2013 | 4184 | 38 | 74 |
| iv_500-iv_505 | 2010 | 4268 | 37 | 81 |

### Input Bit Co-occurrences Sorted by Potential Occurrences

| Input Bits | Co-occurrences | Potential Occurrences | Output Co-occurrences | Potential Output Occurrences |
|:----------:|:--------------:|:---------------------:|:---------------------:|:----------------------------:|
| iv_499-iv_508 | 2026 | 4111 | 38 | 75 |
| iv_502-iv_505 | 1943 | 4162 | 43 | 75 |
| iv_504-iv_506 | 1885 | 4171 | 42 | 76 |
| iv_506-iv_509 | 1918 | 4175 | 43 | 74 |
| iv_499-iv_502 | 1934 | 4176 | 41 | 81 |
| iv_501-iv_505 | 2036 | 4184 | 50 | 62 |
| iv_500-iv_503 | 2013 | 4184 | 38 | 74 |
| iv_499-iv_509 | 1987 | 4186 | 41 | 77 |
| iv_508-iv_509 | 1930 | 4193 | 35 | 78 |
| iv_506-iv_508 | 1910 | 4194 | 37 | 78 |
| iv_503-iv_506 | 1923 | 4201 | 38 | 80 |
| iv_498-iv_508 | 1897 | 4201 | 37 | 84 |
| iv_500-iv_511 | 2091 | 4206 | 38 | 80 |
| iv_499-iv_506 | 1957 | 4207 | 39 | 85 |

### Input Bit Output Co-occurrences Sorted by Output Co-occurrences

| Input Bits | Co-occurrences | Potential Occurrences | Output Co-occurrences | Potential Output Occurrences |
|:----------:|:--------------:|:---------------------:|:---------------------:|:----------------------------:|
| iv_497-iv_502 | 1910 | 4247 | 52 | 71 |
| iv_497-iv_506 | 1960 | 4224 | 51 | 73 |
| iv_501-iv_505 | 2036 | 4184 | 50 | 62 |
| iv_497-iv_504 | 1936 | 4241 | 50 | 71 |
| iv_497-iv_498 | 1903 | 4319 | 50 | 81 |
| iv_498-iv_501 | 1887 | 4310 | 48 | 75 |
| iv_497-iv_501 | 2018 | 4239 | 48 | 80 |
| iv_497-iv_509 | 1941 | 4301 | 48 | 75 |
| iv_497-iv_511 | 2018 | 4361 | 47 | 79 |
| iv_498-iv_502 | 1776 | 4324 | 46 | 78 |
| iv_498-iv_504 | 1855 | 4212 | 46 | 74 |
| iv_498-iv_507 | 1925 | 4477 | 46 | 68 |
| iv_497-iv_505 | 1965 | 4367 | 46 | 80 |
| iv_502-iv_511 | 1931 | 4286 | 45 | 72 |

### Input Bit Output Co-occurrences Sorted by Potential Output Occurrences

| Input Bits | Co-occurrences | Potential Occurrences | Output Co-occurrences | Potential Output Occurrences |
|:----------:|:--------------:|:---------------------:|:---------------------:|:----------------------------:|
| iv_501-iv_505 | 2036 | 4184 | 50 | 62 |
| iv_498-iv_507 | 1925 | 4477 | 46 | 68 |
| iv_503-iv_504 | 1872 | 4272 | 41 | 70 |
| iv_497-iv_504 | 1936 | 4241 | 50 | 71 |
| iv_497-iv_502 | 1910 | 4247 | 52 | 71 |
| iv_502-iv_511 | 1931 | 4286 | 45 | 72 |
| iv_501-iv_503 | 1963 | 4252 | 42 | 73 |
| iv_505-iv_509 | 1931 | 4302 | 42 | 73 |
| iv_497-iv_506 | 1960 | 4224 | 51 | 73 |
| iv_504-iv_508 | 1880 | 4223 | 37 | 74 |
| iv_498-iv_504 | 1855 | 4212 | 46 | 74 |
| iv_499-iv_505 | 2019 | 4236 | 43 | 74 |
| iv_500-iv_503 | 2013 | 4184 | 38 | 74 |
| iv_506-iv_509 | 1918 | 4175 | 43 | 74 |

## Output Bits

### Output Bits in Regular Order

| Rank | Output Bit | Complexity |
|:----:|:----------:|:----------:|
| 1 | ov_001 | 3.0122194072515403 × 10^301 |
| 2 | ov_002 | 2.6227319020910645 × 10^301 |
| 3 | ov_003 | 2.272949186160292 × 10^301 |
| 4 | ov_004 | 1.9598944618073453 × 10^301 |
| 5 | ov_005 | 1.6807546636103017 × 10^301 |
| 6 | ov_006 | 1.4328688887991446 × 10^301 |
| 7 | ov_007 | 1.2137182929052479 × 10^301 |
| 8 | ov_008 | 1.020917334601549 × 10^301 |
| 9 | ov_009 | 8.522062612674949 × 10^300 |
| 10 | ov_010 | 7.054447174411877 × 10^300 |
| 11 | ov_011 | 5.7860635705419276 × 10^300 |
| 12 | ov_012 | 4.6977434722475114 × 10^300 |
| 13 | ov_013 | 3.7713765811664996 × 10^300 |
| 14 | ov_014 | 2.989880399852807 × 10^300 |
| 15 | ov_015 | 2.337175950561322 × 10^300 |
| 16 | ov_016 | 1.798168583363434 × 10^300 |
| 17 | ov_017 | 1.3587330786514783 × 10^300 |
| 18 | ov_018 | 1.0057023127860408 × 10^300 |
| 19 | ov_019 | 7.2685881909221465 × 10^299 |
| 20 | ov_020 | 5.109286397039012 × 10^299 |
| 21 | ov_021 | 3.4757695289037156 × 10^299 |
| 22 | ov_022 | 2.2740507551665587 × 10^299 |
| 23 | ov_023 | 1.4194850339144917 × 10^299 |
| 24 | ov_024 | 8.36756775730102 × 10^298 |
| 25 | ov_025 | 4.598724023977426 × 10^298 |
| 26 | ov_026 | 2.321562688410346 × 10^298 |
| 27 | ov_027 | 1.0624874334624053 × 10^298 |
| 28 | ov_028 | 4.41054501492127 × 10^297 |
| 29 | ov_029 | 1.6997025481865498 × 10^297 |
| 30 | ov_030 | 5.196725126695245 × 10^296 |
| 31 | ov_031 | 1.0137464267743816 × 10^296 |
| 32 | lv_80_m31 | 1.9771953174771842 × 10^295 |
| 33 | ov_033 | 2.392033847587427 × 10^296 |
| 34 | ov_034 | 2.0797023254470595 × 10^296 |
| 35 | ov_035 | 1.7996609471849642 × 10^296 |
| 36 | ov_036 | 1.5493947269331893 × 10^296 |
| 37 | ov_037 | 1.3265264272058555 × 10^296 |
| 38 | ov_038 | 1.128806895443822 × 10^296 |
| 39 | ov_039 | 9.541066563684302 × 10^295 |
| 40 | ov_040 | 8.004086418571115 × 10^295 |
| 41 | ov_041 | 6.658019472653154 × 10^295 |
| 42 | ov_042 | 5.484765099570489 × 10^295 |
| 43 | ov_043 | 4.4755189841748203 × 10^295 |
| 44 | ov_044 | 3.6140697602965087 × 10^295 |
| 45 | ov_045 | 2.885100705950147 × 10^295 |
| 46 | ov_046 | 2.2741642541213495 × 10^295 |
| 47 | ov_047 | 1.7676614382033029 × 10^295 |
| 48 | ov_048 | 1.3528255844302034 × 10^295 |
| 49 | ov_049 | 1.0177096167354659 × 10^295 |
| 50 | ov_050 | 7.511763915647798 × 10^294 |
| 51 | ov_051 | 5.4289153151362414 × 10^294 |
| 52 | ov_052 | 3.8331827742322434 × 10^294 |
| 53 | ov_053 | 2.6371392891709582 × 10^294 |
| 54 | ov_054 | 1.7612749342284474 × 10^294 |
| 55 | ov_055 | 1.1339821360316203 × 10^294 |
| 56 | ov_056 | 6.91546928912388 × 10^293 |
| 57 | ov_057 | 4.040849328730068 × 10^293 |
| 58 | ov_058 | 2.2365668029936723 × 10^293 |
| 59 | ov_059 | 1.1020718881726767 × 10^293 |
| 60 | ov_060 | 4.567997820646856 × 10^292 |
| 61 | ov_061 | 1.596042746345899 × 10^292 |
| 62 | ov_062 | 4.379546487054078 × 10^291 |
| 63 | ov_063 | 8.5389840403417 × 10^290 |
| 64 | lv_79_m31 | 1.6645573362528892 × 10^290 |
| 65 | ov_065 | 2.0117054597970076 × 10^291 |
| 66 | ov_066 | 2.0116996014504123 × 10^291 |
| 67 | ov_067 | 2.0116981677870854 × 10^291 |
| 68 | ov_068 | 1.74651059608758 × 10^291 |
| 69 | ov_069 | 1.5092010616329783 × 10^291 |
| 70 | ov_070 | 1.2975500705263141 × 10^291 |
| 71 | ov_071 | 1.1094746015366568 × 10^291 |
| 72 | ov_072 | 9.430188677223218 × 10^290 |
| 73 | ov_073 | 7.963458968593142 × 10^290 |
| 74 | ov_074 | 6.677298868580044 × 10^290 |
| 75 | ov_075 | 5.555492941010354 × 10^290 |
| 76 | ov_076 | 4.5828061408786175 × 10^290 |
| 77 | ov_077 | 3.7449281496222864 × 10^290 |
| 78 | ov_078 | 3.0284238546199438 × 10^290 |
| 79 | ov_079 | 2.4206895959738595 × 10^290 |
| 80 | ov_080 | 1.9099148096306322 × 10^290 |
| 81 | ov_081 | 1.4850487004798854 × 10^290 |
| 82 | ov_082 | 1.1357715824944272 × 10^290 |
| 83 | ov_083 | 8.524705254569547 × 10^289 |
| 84 | ov_084 | 6.262189495561326 × 10^289 |
| 85 | ov_085 | 4.48759810303453 × 10^289 |
| 86 | ov_086 | 3.1249201697352613 × 10^289 |
| 87 | ov_087 | 2.1045972823208046 × 10^289 |
| 88 | ov_088 | 1.3634416888845278 × 10^289 |
| 89 | ov_089 | 8.445761186333107 × 10^288 |
| 90 | ov_090 | 4.973916954368011 × 10^288 |
| 91 | ov_091 | 2.7752038735698636 × 10^288 |
| 92 | ov_092 | 1.4681846421472693 × 10^288 |
| 93 | ov_093 | 7.335761092028507 × 10^287 |
| 94 | ov_094 | 3.142079959823326 × 10^287 |
| 95 | aaa_78_28 | 9.702038695035107 × 10^286 |
| 96 | aaa_78_29 | 2.9793536204107337 × 10^286 |
| 97 | ov_097 | 1.9663985654333592 × 10^286 |
| 98 | ov_098 | 1.9663394449385296 × 10^286 |
| 99 | ov_099 | 1.966320537335944 × 10^286 |
| 100 | ov_100 | 1.7690454326498054 × 10^286 |
| 101 | ov_101 | 1.5864105901819975 × 10^286 |
| 102 | ov_102 | 1.4176025944652164 × 10^286 |
| 103 | ov_103 | 1.261866933630891 × 10^286 |
| 104 | ov_104 | 1.1185006007782357 × 10^286 |
| 105 | ov_105 | 9.868453541142614 × 10^285 |
| 106 | ov_106 | 8.66281601051926 × 10^285 |
| 107 | ov_107 | 7.562228728036585 × 10^285 |
| 108 | ov_108 | 6.56110857116181 × 10^285 |
| 109 | ov_109 | 5.654109576910766 × 10^285 |
| 110 | ov_110 | 4.836083495513743 × 10^285 |
| 111 | ov_111 | 4.102045001739355 × 10^285 |
| 112 | ov_112 | 3.447141266350673 × 10^285 |
| 113 | ov_113 | 2.8666255933502634 × 10^285 |
| 114 | ov_114 | 2.355834830964546 × 10^285 |
| 115 | ov_115 | 1.910170265908982 × 10^285 |
| 116 | ov_116 | 1.5250817115303677 × 10^285 |
| 117 | ov_117 | 1.196054501086763 × 10^285 |
| 118 | ov_118 | 9.185990978198869 × 10^284 |
| 119 | ov_119 | 6.882430336928079 × 10^284 |
| 120 | ov_120 | 5.0052488877745995 × 10^284 |
| 121 | ov_121 | 3.509900233312728 × 10^284 |
| 122 | ov_122 | 2.3518777462900824 × 10^284 |
| 123 | ov_123 | 1.4866973751078577 × 10^284 |
| 124 | ov_124 | 8.698869048366416 × 10^283 |
| 125 | ov_125 | 4.569792961780976 × 10^283 |
| 126 | ov_126 | 2.0350928306874753 × 10^283 |
| 127 | aaa_77_28 | 6.501206464573169 × 10^282 |
| 128 | aaa_77_29 | 2.4387923218766402 × 10^282 |
| 129 | ov_129 | 2.289097937908577 × 10^282 |
| 130 | ov_130 | 2.2890916285755716 × 10^282 |
| 131 | ov_131 | 2.2890901008151526 × 10^282 |
| 132 | ov_132 | 1.991383478285654 × 10^282 |
| 133 | ov_133 | 1.7241353993506994 × 10^282 |
| 134 | ov_134 | 1.4850637156535984 × 10^282 |
| 135 | ov_135 | 1.272010819101645 × 10^282 |
| 136 | ov_136 | 1.0829347932348263 × 10^282 |
| 137 | ov_137 | 9.159017299382903 × 10^281 |
| 138 | ov_138 | 7.690791041547401 × 10^281 |
| 139 | ov_139 | 6.4073010486209385 × 10^281 |
| 140 | ov_140 | 5.2920882600398925 × 10^281 |
| 141 | ov_141 | 4.32956226333235 × 10^281 |
| 142 | ov_142 | 3.504967722832119 × 10^281 |
| 143 | ov_143 | 2.8043568304665862 × 10^281 |
| 144 | ov_144 | 2.214567020379352 × 10^281 |
| 145 | ov_145 | 1.7232032386227652 × 10^281 |
| 146 | ov_146 | 1.3186241082844622 × 10^281 |
| 147 | ov_147 | 9.899313793085778 × 10^280 |
| 148 | ov_148 | 7.269621010192225 × 10^280 |
| 149 | ov_149 | 5.202830040087814 × 10^280 |
| 150 | ov_150 | 3.6118662665460875 × 10^280 |
| 151 | ov_151 | 2.41688770097621 × 10^280 |
| 152 | ov_152 | 1.5452691406793923 × 10^280 |
| 153 | ov_153 | 9.315928835863532 × 10^279 |
| 154 | ov_154 | 5.176437103343304 × 10^279 |
| 155 | ov_155 | 2.524063999919859 × 10^279 |
| 156 | aaa_76_25 | 9.20645709005683 × 10^278 |
| 157 | aaa_76_26 | 5.320757639518797 × 10^278 |
| 158 | aaa_76_27 | 2.726125600588696 × 10^278 |
| 159 | aaa_76_28 | 1.0626711991364758 × 10^278 |
| 160 | aaa_76_29 | 3.235683055188554 × 10^277 |

### Output Bits Sorted by Complexity

| Rank | Output Bit | Complexity |
|:----:|:----------:|:----------:|
| 160 | aaa_76_29 | 3.235683055188554 × 10^277 |
| 159 | aaa_76_28 | 1.0626711991364758 × 10^278 |
| 158 | aaa_76_27 | 2.726125600588696 × 10^278 |
| 157 | aaa_76_26 | 5.320757639518797 × 10^278 |
| 156 | aaa_76_25 | 9.20645709005683 × 10^278 |
| 155 | ov_155 | 2.524063999919859 × 10^279 |
| 154 | ov_154 | 5.176437103343304 × 10^279 |
| 153 | ov_153 | 9.315928835863532 × 10^279 |
| 152 | ov_152 | 1.5452691406793923 × 10^280 |
| 151 | ov_151 | 2.41688770097621 × 10^280 |
| 150 | ov_150 | 3.6118662665460875 × 10^280 |
| 149 | ov_149 | 5.202830040087814 × 10^280 |
| 148 | ov_148 | 7.269621010192225 × 10^280 |
| 147 | ov_147 | 9.899313793085778 × 10^280 |
| 146 | ov_146 | 1.3186241082844622 × 10^281 |
| 145 | ov_145 | 1.7232032386227652 × 10^281 |
| 144 | ov_144 | 2.214567020379352 × 10^281 |
| 143 | ov_143 | 2.8043568304665862 × 10^281 |
| 142 | ov_142 | 3.504967722832119 × 10^281 |
| 141 | ov_141 | 4.32956226333235 × 10^281 |
| 140 | ov_140 | 5.2920882600398925 × 10^281 |
| 139 | ov_139 | 6.4073010486209385 × 10^281 |
| 138 | ov_138 | 7.690791041547401 × 10^281 |
| 137 | ov_137 | 9.159017299382903 × 10^281 |
| 136 | ov_136 | 1.0829347932348263 × 10^282 |
| 135 | ov_135 | 1.272010819101645 × 10^282 |
| 134 | ov_134 | 1.4850637156535984 × 10^282 |
| 133 | ov_133 | 1.7241353993506994 × 10^282 |
| 132 | ov_132 | 1.991383478285654 × 10^282 |
| 131 | ov_131 | 2.2890901008151526 × 10^282 |
| 130 | ov_130 | 2.2890916285755716 × 10^282 |
| 129 | ov_129 | 2.289097937908577 × 10^282 |
| 128 | aaa_77_29 | 2.4387923218766402 × 10^282 |
| 127 | aaa_77_28 | 6.501206464573169 × 10^282 |
| 126 | ov_126 | 2.0350928306874753 × 10^283 |
| 125 | ov_125 | 4.569792961780976 × 10^283 |
| 124 | ov_124 | 8.698869048366416 × 10^283 |
| 123 | ov_123 | 1.4866973751078577 × 10^284 |
| 122 | ov_122 | 2.3518777462900824 × 10^284 |
| 121 | ov_121 | 3.509900233312728 × 10^284 |
| 120 | ov_120 | 5.0052488877745995 × 10^284 |
| 119 | ov_119 | 6.882430336928079 × 10^284 |
| 118 | ov_118 | 9.185990978198869 × 10^284 |
| 117 | ov_117 | 1.196054501086763 × 10^285 |
| 116 | ov_116 | 1.5250817115303677 × 10^285 |
| 115 | ov_115 | 1.910170265908982 × 10^285 |
| 114 | ov_114 | 2.355834830964546 × 10^285 |
| 113 | ov_113 | 2.8666255933502634 × 10^285 |
| 112 | ov_112 | 3.447141266350673 × 10^285 |
| 111 | ov_111 | 4.102045001739355 × 10^285 |
| 110 | ov_110 | 4.836083495513743 × 10^285 |
| 109 | ov_109 | 5.654109576910766 × 10^285 |
| 108 | ov_108 | 6.56110857116181 × 10^285 |
| 107 | ov_107 | 7.562228728036585 × 10^285 |
| 106 | ov_106 | 8.66281601051926 × 10^285 |
| 105 | ov_105 | 9.868453541142614 × 10^285 |
| 104 | ov_104 | 1.1185006007782357 × 10^286 |
| 103 | ov_103 | 1.261866933630891 × 10^286 |
| 102 | ov_102 | 1.4176025944652164 × 10^286 |
| 101 | ov_101 | 1.5864105901819975 × 10^286 |
| 100 | ov_100 | 1.7690454326498054 × 10^286 |
| 99 | ov_099 | 1.966320537335944 × 10^286 |
| 98 | ov_098 | 1.9663394449385296 × 10^286 |
| 97 | ov_097 | 1.9663985654333592 × 10^286 |
| 96 | aaa_78_29 | 2.9793536204107337 × 10^286 |
| 95 | aaa_78_28 | 9.702038695035107 × 10^286 |
| 94 | ov_094 | 3.142079959823326 × 10^287 |
| 93 | ov_093 | 7.335761092028507 × 10^287 |
| 92 | ov_092 | 1.4681846421472693 × 10^288 |
| 91 | ov_091 | 2.7752038735698636 × 10^288 |
| 90 | ov_090 | 4.973916954368011 × 10^288 |
| 89 | ov_089 | 8.445761186333107 × 10^288 |
| 88 | ov_088 | 1.3634416888845278 × 10^289 |
| 87 | ov_087 | 2.1045972823208046 × 10^289 |
| 86 | ov_086 | 3.1249201697352613 × 10^289 |
| 85 | ov_085 | 4.48759810303453 × 10^289 |
| 84 | ov_084 | 6.262189495561326 × 10^289 |
| 83 | ov_083 | 8.524705254569547 × 10^289 |
| 82 | ov_082 | 1.1357715824944272 × 10^290 |
| 81 | ov_081 | 1.4850487004798854 × 10^290 |
| 64 | lv_79_m31 | 1.6645573362528892 × 10^290 |
| 80 | ov_080 | 1.9099148096306322 × 10^290 |
| 79 | ov_079 | 2.4206895959738595 × 10^290 |
| 78 | ov_078 | 3.0284238546199438 × 10^290 |
| 77 | ov_077 | 3.7449281496222864 × 10^290 |
| 76 | ov_076 | 4.5828061408786175 × 10^290 |
| 75 | ov_075 | 5.555492941010354 × 10^290 |
| 74 | ov_074 | 6.677298868580044 × 10^290 |
| 73 | ov_073 | 7.963458968593142 × 10^290 |
| 63 | ov_063 | 8.5389840403417 × 10^290 |
| 72 | ov_072 | 9.430188677223218 × 10^290 |
| 71 | ov_071 | 1.1094746015366568 × 10^291 |
| 70 | ov_070 | 1.2975500705263141 × 10^291 |
| 69 | ov_069 | 1.5092010616329783 × 10^291 |
| 68 | ov_068 | 1.74651059608758 × 10^291 |
| 67 | ov_067 | 2.0116981677870854 × 10^291 |
| 66 | ov_066 | 2.0116996014504123 × 10^291 |
| 65 | ov_065 | 2.0117054597970076 × 10^291 |
| 62 | ov_062 | 4.379546487054078 × 10^291 |
| 61 | ov_061 | 1.596042746345899 × 10^292 |
| 60 | ov_060 | 4.567997820646856 × 10^292 |
| 59 | ov_059 | 1.1020718881726767 × 10^293 |
| 58 | ov_058 | 2.2365668029936723 × 10^293 |
| 57 | ov_057 | 4.040849328730068 × 10^293 |
| 56 | ov_056 | 6.91546928912388 × 10^293 |
| 55 | ov_055 | 1.1339821360316203 × 10^294 |
| 54 | ov_054 | 1.7612749342284474 × 10^294 |
| 53 | ov_053 | 2.6371392891709582 × 10^294 |
| 52 | ov_052 | 3.8331827742322434 × 10^294 |
| 51 | ov_051 | 5.4289153151362414 × 10^294 |
| 50 | ov_050 | 7.511763915647798 × 10^294 |
| 49 | ov_049 | 1.0177096167354659 × 10^295 |
| 48 | ov_048 | 1.3528255844302034 × 10^295 |
| 47 | ov_047 | 1.7676614382033029 × 10^295 |
| 32 | lv_80_m31 | 1.9771953174771842 × 10^295 |
| 46 | ov_046 | 2.2741642541213495 × 10^295 |
| 45 | ov_045 | 2.885100705950147 × 10^295 |
| 44 | ov_044 | 3.6140697602965087 × 10^295 |
| 43 | ov_043 | 4.4755189841748203 × 10^295 |
| 42 | ov_042 | 5.484765099570489 × 10^295 |
| 41 | ov_041 | 6.658019472653154 × 10^295 |
| 40 | ov_040 | 8.004086418571115 × 10^295 |
| 39 | ov_039 | 9.541066563684302 × 10^295 |
| 31 | ov_031 | 1.0137464267743816 × 10^296 |
| 38 | ov_038 | 1.128806895443822 × 10^296 |
| 37 | ov_037 | 1.3265264272058555 × 10^296 |
| 36 | ov_036 | 1.5493947269331893 × 10^296 |
| 35 | ov_035 | 1.7996609471849642 × 10^296 |
| 34 | ov_034 | 2.0797023254470595 × 10^296 |
| 33 | ov_033 | 2.392033847587427 × 10^296 |
| 30 | ov_030 | 5.196725126695245 × 10^296 |
| 29 | ov_029 | 1.6997025481865498 × 10^297 |
| 28 | ov_028 | 4.41054501492127 × 10^297 |
| 27 | ov_027 | 1.0624874334624053 × 10^298 |
| 26 | ov_026 | 2.321562688410346 × 10^298 |
| 25 | ov_025 | 4.598724023977426 × 10^298 |
| 24 | ov_024 | 8.36756775730102 × 10^298 |
| 23 | ov_023 | 1.4194850339144917 × 10^299 |
| 22 | ov_022 | 2.2740507551665587 × 10^299 |
| 21 | ov_021 | 3.4757695289037156 × 10^299 |
| 20 | ov_020 | 5.109286397039012 × 10^299 |
| 19 | ov_019 | 7.2685881909221465 × 10^299 |
| 18 | ov_018 | 1.0057023127860408 × 10^300 |
| 17 | ov_017 | 1.3587330786514783 × 10^300 |
| 16 | ov_016 | 1.798168583363434 × 10^300 |
| 15 | ov_015 | 2.337175950561322 × 10^300 |
| 14 | ov_014 | 2.989880399852807 × 10^300 |
| 13 | ov_013 | 3.7713765811664996 × 10^300 |
| 12 | ov_012 | 4.6977434722475114 × 10^300 |
| 11 | ov_011 | 5.7860635705419276 × 10^300 |
| 10 | ov_010 | 7.054447174411877 × 10^300 |
| 9 | ov_009 | 8.522062612674949 × 10^300 |
| 8 | ov_008 | 1.020917334601549 × 10^301 |
| 7 | ov_007 | 1.2137182929052479 × 10^301 |
| 6 | ov_006 | 1.4328688887991446 × 10^301 |
| 5 | ov_005 | 1.6807546636103017 × 10^301 |
| 4 | ov_004 | 1.9598944618073453 × 10^301 |
| 3 | ov_003 | 2.272949186160292 × 10^301 |
| 2 | ov_002 | 2.6227319020910645 × 10^301 |
| 1 | ov_001 | 3.0122194072515403 × 10^301 |

