# Results for E005015-O009010-F017-F018-F019-F020-F021-F022-F023-F024-F025-F026-F027-F028-F029-F030-F031-F032-F033-F034-F035-F036-F037-F038-F039-F040-F041-F042-F043-F044-F045-F046-F047-F048-F049-F050-F051-F052-F053-F054-F055-F056-F057-F058-F059-F060-F061-F062-F063-F064-F065-F066-F067-F068-F069-F070-F071-F072-F073-F074-F075-F076-F077-F078-F079-F080-F081-F082-F083-F084-F085-F086-F087-F088-F089-F090-F091-F092-F093-F094-F095-F096-F097-F098-F099-F100-F101-F102-F103-F104-F105-F106-F107-F108-F109-F110-F111-F112-F113-F114-F115-F116-F117-F118-F119-F120-F121-F122-F123-F124-F125-F126-F127-F128-F129-F130-F131-F132-F133-F134-F135-F136-F137-F138-F139-F140-F141-F142-F143-F144-F145-F146-F147-F148-F149-F150-F151-F152-F153-F154-F155-F156-F157-F158-F159-F160-F161-F162-F163-F164-F165-F166-F167-F168-F169-F170-F171-F172-F173-F174-F175-F176-F177-F178-F179-F180-F181-F182-F183-F184-F185-F186-F187-F188-F189-F190-F191-F192-F193-F194-F195-F196-F197-F198-F199-F200-F201-F202-F203-F204-F205-F206-F207-F208-F209-F210-F211-F212-F213-F214-F215-F216-F217-F218-F219-F220-F221-F222-F223-F224-F225-F226-F227-F228-F229-F230-F231-F232-F233-F234-F235-F236-F237-F238-F239-F240-F241-F242-F243-F244-F245-F246-F247-F248-F249-F250-F251-F252-F253-F254-F255-F256-F257-F258-F259-F260-F261-F262-F263-F264-F265-F266-F267-F268-F269-F270-F271-F272-F273-F274-F275-F276-F277-F278-F279-F280-F281-F282-F283-F284-F285-F286-F287-F288-F289-F290-F291-F292-F293-F294-F295-F296-F297-F298-F299-F300-F301-F302-F303-F304-F305-F306-F307-F308-F309-F310-F311-F312-F313-F314-F315-F316-F317-F318-F319-F320-F321-F322-F323-F324-F325-F326-F327-F328-F329-F330-F331-F332-F333-F334-F335-F336-F337-F338-F339-F340-F341-F342-F343-F344-F345-F346-F347-F348-F349-F350-F351-F352-F353-F354-F355-F356-F357-F358-F359-F360-F361-F362-F363-F364-F365-F366-F367-F368-F369-F370-F371-F372-F373-F374-F375-F376-F377-F378-F379-F380-F381-F382-F383-F384-F385-F386-F387-F388-F389-F390-F391-F392-F393-F394-F395-F396-F397-F398-F399-F400-F401-F402-F403-F404-F405-F406-F407-F408-F409-F410-F411-F412-F413-F414-F415-F416-F417-F418-F419-F420-F421-F422-F423-F424-F425-F426-F427-F428-F429-F430-F431-F432-F433-F434-F435-F436-F437-F438-F439-F440-F441-F442-F443-F444-F445-F446-F447-F448-F449-F450-F451-F452-F453-F454-F455-F456-F457-F458-F459-F460-F461-F462-F463-F464-F465-F466-F467-F468-F469-F470-F471-F472-F473-F474-F475-F476-F477-F478-F479-F480-F481-F482-F483-F484-F485-F486-F487-F488-F489-F490-F491-F492-F493-F494-F495-F496-F497-F498-F499-F500-F501-F502-F503-F504-F505-F506-F507-F508-F509-F510-F511-F512

## Summary

Number of input bits: 512  
Number of free input bits: 14  
Number of output bits: 160

Number of direct occurrences: 64209  
Number of assignments: 39373  
Number of operations: 19571337
(xor: 19532548,
and: 22125,
or: 16664)

Total complexity: 6.211743630762268 × 10^358

Least occurring input variable: iv_012 (4232)  
Most occurring input variable: iv_005 (4941)

Most co-occurring input variables: iv_008-iv_013 (2339)  
Least co-occurring input variables: iv_006-iv_012 (1950)

Potentially most occurring input variable: iv_005/iv_016 (5405)  
Potentially least occurring input variable: iv_002/iv_012 (4461)

Least output occurring input variable: iv_005 (67)  
Most output occurring input variable: iv_012 (86)

Most output co-occurring input variables: iv_008-iv_012 (52)  
Least output co-occurring input variables: iv_005-iv_014 (27)

Potentially most output occurring input variable: iv_003/iv_014 (94)  
Potentially least output occurring input variable: iv_008/iv_012 (63)

Least complex input bit: iv_016 (1.3089834644885837 × 10^355)  
Most complex input bit: iv_005 (1.6028917219493477 × 10^358)

Least complex output bit: aaa_76_29 (1.411039849438888 × 10^333)  
Most complex output bit: ov_001 (9.508227011267164 × 10^357)

Least complex input/output complexity: iv_016/aaa_76_29 (2.97344504287487 × 10^329)  
Most complex input/output complexity: iv_005/ov_001 (2.4535234022375517 × 10^357)

## Input Bits

### Input Bits in Regular Order

| Input Bit | Complexity | Occurrences | Output Occurrences |
|:---------:|:----------:|:-----------:|:------------------:|
| iv_001 | 3.996964835531822 × 10^355 | 4637 | 77 |
| iv_002 | 1.7300844890044957 × 10^356 | 4441 | 85 |
| iv_003 | 4.9771220998828444 × 10^356 | 4556 | 78 |
| iv_004 | 1.0826146484332296 × 10^357 | 4518 | 69 |
| iv_005 | 1.6028917219493477 × 10^358 | 4941 | 67 |
| iv_006 | 2.3970875662226358 × 10^357 | 4449 | 82 |
| iv_007 | 3.108798209234072 × 10^357 | 4460 | 73 |
| iv_008 | 3.9154500561401205 × 10^357 | 4634 | 81 |
| iv_009 | 3.3730605917018883 × 10^357 | 4712 | 76 |
| iv_011 | 4.2858608499083165 × 10^357 | 4774 | 81 |
| iv_012 | 6.458991636754285 × 10^357 | 4232 | 86 |
| iv_013 | 8.942735610139081 × 10^357 | 4663 | 85 |
| iv_014 | 1.1800139777706802 × 10^358 | 4650 | 76 |
| iv_016 | 1.3089834644885837 × 10^355 | 4542 | 75 |

### Input Bits Sorted by Complexity

| Input Bit | Complexity | Occurrences | Output Occurrences |
|:---------:|:----------:|:-----------:|:------------------:|
| iv_016 | 1.3089834644885837 × 10^355 | 4542 | 75 |
| iv_001 | 3.996964835531822 × 10^355 | 4637 | 77 |
| iv_002 | 1.7300844890044957 × 10^356 | 4441 | 85 |
| iv_003 | 4.9771220998828444 × 10^356 | 4556 | 78 |
| iv_004 | 1.0826146484332296 × 10^357 | 4518 | 69 |
| iv_006 | 2.3970875662226358 × 10^357 | 4449 | 82 |
| iv_007 | 3.108798209234072 × 10^357 | 4460 | 73 |
| iv_009 | 3.3730605917018883 × 10^357 | 4712 | 76 |
| iv_008 | 3.9154500561401205 × 10^357 | 4634 | 81 |
| iv_011 | 4.2858608499083165 × 10^357 | 4774 | 81 |
| iv_012 | 6.458991636754285 × 10^357 | 4232 | 86 |
| iv_013 | 8.942735610139081 × 10^357 | 4663 | 85 |
| iv_014 | 1.1800139777706802 × 10^358 | 4650 | 76 |
| iv_005 | 1.6028917219493477 × 10^358 | 4941 | 67 |

### Input Bits Sorted by Occurrences

| Input Bit | Complexity | Occurrences | Output Occurrences |
|:---------:|:----------:|:-----------:|:------------------:|
| iv_012 | 6.458991636754285 × 10^357 | 4232 | 86 |
| iv_002 | 1.7300844890044957 × 10^356 | 4441 | 85 |
| iv_006 | 2.3970875662226358 × 10^357 | 4449 | 82 |
| iv_007 | 3.108798209234072 × 10^357 | 4460 | 73 |
| iv_004 | 1.0826146484332296 × 10^357 | 4518 | 69 |
| iv_016 | 1.3089834644885837 × 10^355 | 4542 | 75 |
| iv_003 | 4.9771220998828444 × 10^356 | 4556 | 78 |
| iv_008 | 3.9154500561401205 × 10^357 | 4634 | 81 |
| iv_001 | 3.996964835531822 × 10^355 | 4637 | 77 |
| iv_014 | 1.1800139777706802 × 10^358 | 4650 | 76 |
| iv_013 | 8.942735610139081 × 10^357 | 4663 | 85 |
| iv_009 | 3.3730605917018883 × 10^357 | 4712 | 76 |
| iv_011 | 4.2858608499083165 × 10^357 | 4774 | 81 |
| iv_005 | 1.6028917219493477 × 10^358 | 4941 | 67 |

### Input Bits Sorted by Output Occurrences

| Input Bit | Complexity | Occurrences | Output Occurrences |
|:---------:|:----------:|:-----------:|:------------------:|
| iv_005 | 1.6028917219493477 × 10^358 | 4941 | 67 |
| iv_004 | 1.0826146484332296 × 10^357 | 4518 | 69 |
| iv_007 | 3.108798209234072 × 10^357 | 4460 | 73 |
| iv_016 | 1.3089834644885837 × 10^355 | 4542 | 75 |
| iv_014 | 1.1800139777706802 × 10^358 | 4650 | 76 |
| iv_009 | 3.3730605917018883 × 10^357 | 4712 | 76 |
| iv_001 | 3.996964835531822 × 10^355 | 4637 | 77 |
| iv_003 | 4.9771220998828444 × 10^356 | 4556 | 78 |
| iv_008 | 3.9154500561401205 × 10^357 | 4634 | 81 |
| iv_011 | 4.2858608499083165 × 10^357 | 4774 | 81 |
| iv_006 | 2.3970875662226358 × 10^357 | 4449 | 82 |
| iv_002 | 1.7300844890044957 × 10^356 | 4441 | 85 |
| iv_013 | 8.942735610139081 × 10^357 | 4663 | 85 |
| iv_012 | 6.458991636754285 × 10^357 | 4232 | 86 |

## Input Bit Co-occurrences

### Input Bit Co-occurrences Sorted by Co-occurrences

| Input Bits | Co-occurrences | Potential Occurrences | Output Co-occurrences | Potential Output Occurrences |
|:----------:|:--------------:|:---------------------:|:---------------------:|:----------------------------:|
| iv_008-iv_013 | 2339 | 4619 | 44 | 78 |
| iv_005-iv_009 | 2322 | 5009 | 36 | 71 |
| iv_004-iv_005 | 2266 | 4927 | 29 | 78 |
| iv_007-iv_008 | 2260 | 4574 | 37 | 80 |
| iv_001-iv_006 | 2260 | 4566 | 37 | 85 |
| iv_008-iv_009 | 2255 | 4836 | 32 | 93 |
| iv_001-iv_011 | 2254 | 4903 | 38 | 82 |
| iv_011-iv_016 | 2250 | 4816 | 37 | 82 |
| iv_003-iv_005 | 2242 | 5013 | 34 | 77 |
| iv_003-iv_013 | 2237 | 4745 | 43 | 77 |
| iv_006-iv_011 | 2234 | 4755 | 42 | 79 |
| iv_003-iv_004 | 2231 | 4612 | 32 | 83 |
| iv_013-iv_014 | 2226 | 4861 | 43 | 75 |
| iv_003-iv_008 | 2224 | 4742 | 39 | 81 |

### Input Bit Co-occurrences Sorted by Potential Occurrences

| Input Bits | Co-occurrences | Potential Occurrences | Output Co-occurrences | Potential Output Occurrences |
|:----------:|:--------------:|:---------------------:|:---------------------:|:----------------------------:|
| iv_002-iv_012 | 2106 | 4461 | 46 | 79 |
| iv_002-iv_007 | 2196 | 4509 | 39 | 80 |
| iv_007-iv_012 | 2071 | 4550 | 40 | 79 |
| iv_001-iv_006 | 2260 | 4566 | 37 | 85 |
| iv_007-iv_008 | 2260 | 4574 | 37 | 80 |
| iv_003-iv_004 | 2231 | 4612 | 32 | 83 |
| iv_008-iv_013 | 2339 | 4619 | 44 | 78 |
| iv_008-iv_012 | 2123 | 4620 | 52 | 63 |
| iv_003-iv_012 | 2069 | 4650 | 44 | 76 |
| iv_001-iv_007 | 2214 | 4669 | 39 | 72 |
| iv_012-iv_013 | 2107 | 4681 | 43 | 85 |
| iv_003-iv_007 | 2157 | 4702 | 32 | 87 |
| iv_004-iv_007 | 2137 | 4704 | 33 | 76 |
| iv_002-iv_008 | 2183 | 4709 | 44 | 78 |

### Input Bit Output Co-occurrences Sorted by Output Co-occurrences

| Input Bits | Co-occurrences | Potential Occurrences | Output Co-occurrences | Potential Output Occurrences |
|:----------:|:--------------:|:---------------------:|:---------------------:|:----------------------------:|
| iv_008-iv_012 | 2123 | 4620 | 52 | 63 |
| iv_002-iv_006 | 2053 | 4784 | 48 | 71 |
| iv_009-iv_012 | 2031 | 4882 | 48 | 66 |
| iv_002-iv_012 | 2106 | 4461 | 46 | 79 |
| iv_012-iv_014 | 2031 | 4820 | 46 | 70 |
| iv_006-iv_008 | 2075 | 4933 | 45 | 73 |
| iv_006-iv_012 | 1950 | 4781 | 45 | 78 |
| iv_002-iv_011 | 2039 | 5137 | 45 | 76 |
| iv_002-iv_008 | 2183 | 4709 | 44 | 78 |
| iv_008-iv_013 | 2339 | 4619 | 44 | 78 |
| iv_008-iv_014 | 2123 | 5038 | 44 | 69 |
| iv_003-iv_012 | 2069 | 4650 | 44 | 76 |
| iv_002-iv_009 | 2075 | 5003 | 44 | 73 |
| iv_011-iv_013 | 2170 | 5097 | 44 | 78 |

### Input Bit Output Co-occurrences Sorted by Potential Output Occurrences

| Input Bits | Co-occurrences | Potential Occurrences | Output Co-occurrences | Potential Output Occurrences |
|:----------:|:--------------:|:---------------------:|:---------------------:|:----------------------------:|
| iv_008-iv_012 | 2123 | 4620 | 52 | 63 |
| iv_009-iv_012 | 2031 | 4882 | 48 | 66 |
| iv_001-iv_004 | 2036 | 5083 | 39 | 68 |
| iv_008-iv_014 | 2123 | 5038 | 44 | 69 |
| iv_001-iv_003 | 2128 | 4937 | 43 | 69 |
| iv_004-iv_014 | 2167 | 4834 | 38 | 69 |
| iv_012-iv_014 | 2031 | 4820 | 46 | 70 |
| iv_002-iv_005 | 2076 | 5230 | 41 | 70 |
| iv_002-iv_006 | 2053 | 4784 | 48 | 71 |
| iv_005-iv_009 | 2322 | 5009 | 36 | 71 |
| iv_001-iv_007 | 2214 | 4669 | 39 | 72 |
| iv_006-iv_008 | 2075 | 4933 | 45 | 73 |
| iv_002-iv_009 | 2075 | 5003 | 44 | 73 |
| iv_001-iv_005 | 2164 | 5250 | 35 | 74 |

## Output Bits

### Output Bits in Regular Order

| Rank | Output Bit | Complexity |
|:----:|:----------:|:----------:|
| 1 | ov_001 | 9.508227011267164 × 10^357 |
| 2 | ov_002 | 8.302613223510053 × 10^357 |
| 3 | ov_003 | 7.219062804548246 × 10^357 |
| 4 | ov_004 | 6.247898612720765 × 10^357 |
| 5 | ov_005 | 5.379986220006177 × 10^357 |
| 6 | ov_006 | 4.6066959722609205 × 10^357 |
| 7 | ov_007 | 3.9198695298403243 × 10^357 |
| 8 | ov_008 | 3.311790456191903 × 10^357 |
| 9 | ov_009 | 2.775158522144633 × 10^357 |
| 10 | ov_010 | 2.3030674884892238 × 10^357 |
| 11 | ov_011 | 1.8921601669402393 × 10^357 |
| 12 | ov_012 | 1.5392625375046872 × 10^357 |
| 13 | ov_013 | 1.2385482074035445 × 10^357 |
| 14 | ov_014 | 9.845255863524346 × 10^356 |
| 15 | ov_015 | 7.720289834955831 × 10^356 |
| 16 | ov_016 | 5.962114776107462 × 10^356 |
| 17 | ov_017 | 4.525393038971646 × 10^356 |
| 18 | ov_018 | 3.36787521276792 × 10^356 |
| 19 | ov_019 | 2.4503674465269008 × 10^356 |
| 20 | ov_020 | 1.7367074701042413 × 10^356 |
| 21 | ov_021 | 1.193747566432824 × 10^356 |
| 22 | ov_022 | 7.913429514809143 × 10^355 |
| 23 | ov_023 | 5.0234422187619555 × 10^355 |
| 24 | ov_024 | 3.0259273355966893 × 10^355 |
| 25 | ov_025 | 1.709179781962608 × 10^355 |
| 26 | ov_026 | 8.913622656762351 × 10^354 |
| 27 | ov_027 | 4.204990481594886 × 10^354 |
| 28 | ov_028 | 1.7447348071434423 × 10^354 |
| 29 | ov_029 | 6.102721004338337 × 10^353 |
| 30 | ov_030 | 1.6765031401446823 × 10^353 |
| 31 | ov_031 | 3.2729600886014123 × 10^352 |
| 32 | lv_80_m31 | 6.388761960738762 × 10^351 |
| 33 | ov_033 | 7.906126544338532 × 10^352 |
| 34 | ov_034 | 6.9111783798223675 × 10^352 |
| 35 | ov_035 | 6.014133236634507 × 10^352 |
| 36 | ov_036 | 5.210763407612047 × 10^352 |
| 37 | ov_037 | 4.493308103541138 × 10^352 |
| 38 | ov_038 | 3.854431907385585 × 10^352 |
| 39 | ov_039 | 3.2871967285947813 × 10^352 |
| 40 | ov_040 | 2.78503738455943 × 10^352 |
| 41 | ov_041 | 2.3417404746241297 × 10^352 |
| 42 | ov_042 | 1.9514262304142762 × 10^352 |
| 43 | ov_043 | 1.6085330439166414 × 10^352 |
| 44 | ov_044 | 1.3103578755261668 × 10^352 |
| 45 | ov_045 | 1.0543472416021483 × 10^352 |
| 46 | ov_046 | 8.380922432965713 × 10^351 |
| 47 | ov_047 | 6.571932479159433 × 10^351 |
| 48 | ov_048 | 5.075223168685968 × 10^351 |
| 49 | ov_049 | 3.8521846326908565 × 10^351 |
| 50 | ov_050 | 2.866839575840757 × 10^351 |
| 51 | ov_051 | 2.0858151143416477 × 10^351 |
| 52 | ov_052 | 1.47832185060802 × 10^351 |
| 53 | ov_053 | 1.0161387932332059 × 10^351 |
| 54 | ov_054 | 6.736028842285947 × 10^350 |
| 55 | ov_055 | 4.2760204867809206 × 10^350 |
| 56 | ov_056 | 2.5757083505903727 × 10^350 |
| 57 | ov_057 | 1.4548786755039856 × 10^350 |
| 58 | ov_058 | 7.587448470394995 × 10^349 |
| 59 | ov_059 | 3.5794095728219568 × 10^349 |
| 60 | ov_060 | 1.4851929859633659 × 10^349 |
| 61 | ov_061 | 5.194962828902041 × 10^348 |
| 62 | ov_062 | 1.427110046687091 × 10^348 |
| 63 | ov_063 | 2.785891064307766 × 10^347 |
| 64 | lv_79_m31 | 5.437391625375061 × 10^346 |
| 65 | ov_065 | 6.670072751898518 × 10^347 |
| 66 | ov_066 | 6.67004723378599 × 10^347 |
| 67 | ov_067 | 6.670039064917546 × 10^347 |
| 68 | ov_068 | 5.822151988842774 × 10^347 |
| 69 | ov_069 | 5.059488437787213 × 10^347 |
| 70 | ov_070 | 4.375689885789638 × 10^347 |
| 71 | ov_071 | 3.7647554718900186 × 10^347 |
| 72 | ov_072 | 3.221016309285831 × 10^347 |
| 73 | ov_073 | 2.7391128529649995 × 10^347 |
| 74 | ov_074 | 2.313975030458012 × 10^347 |
| 75 | ov_075 | 1.9408048886163518 × 10^347 |
| 76 | ov_076 | 1.615061587005238 × 10^347 |
| 77 | ov_077 | 1.3324485816545214 × 10^347 |
| 78 | ov_078 | 1.0889027953085141 × 10^347 |
| 79 | ov_079 | 8.805855542450942 × 10^346 |
| 80 | ov_080 | 7.038750854384023 × 10^346 |
| 81 | ov_081 | 5.553603812657428 × 10^346 |
| 82 | ov_082 | 4.318362521698906 × 10^346 |
| 83 | ov_083 | 3.3029940073488803 × 10^346 |
| 84 | ov_084 | 2.4794536355971428 × 10^346 |
| 85 | ov_085 | 1.8216618015473514 × 10^346 |
| 86 | ov_086 | 1.3054866086750737 × 10^346 |
| 87 | ov_087 | 9.087313858758725 × 10^345 |
| 88 | ov_088 | 6.111260169917992 × 10^345 |
| 89 | ov_089 | 3.943211845567702 × 10^345 |
| 90 | ov_090 | 2.418847564785805 × 10^345 |
| 91 | ov_091 | 1.3929967131955138 × 10^345 |
| 92 | ov_092 | 7.396280476914015 × 10^344 |
| 93 | ov_093 | 3.518442575555826 × 10^344 |
| 94 | ov_094 | 1.4187970177423486 × 10^344 |
| 95 | aaa_78_28 | 4.109963414897111 × 10^343 |
| 96 | aaa_78_29 | 7.968127355690837 × 10^342 |
| 97 | ov_097 | 1.0053283345770428 × 10^343 |
| 98 | ov_098 | 1.0053255796768346 × 10^343 |
| 99 | ov_099 | 1.0053249127181955 × 10^343 |
| 100 | ov_100 | 8.774104101276194 × 10^342 |
| 101 | ov_101 | 7.625498893833205 × 10^342 |
| 102 | ov_102 | 6.597069172618761 × 10^342 |
| 103 | ov_103 | 5.679031609117258 × 10^342 |
| 104 | ov_104 | 4.862144764544321 × 10^342 |
| 105 | ov_105 | 4.137674694153397 × 10^342 |
| 106 | ov_106 | 3.497364701931593 × 10^342 |
| 107 | ov_107 | 2.933408739216399 × 10^342 |
| 108 | ov_108 | 2.4384280586174314 × 10^342 |
| 109 | ov_109 | 2.0054508461055834 × 10^342 |
| 110 | ov_110 | 1.6310905607070424 × 10^342 |
| 111 | ov_111 | 1.3121512417436109 × 10^342 |
| 112 | ov_112 | 1.0427860638102376 × 10^342 |
| 113 | ov_113 | 8.17499026292749 × 10^341 |
| 114 | ov_114 | 6.311362805333029 × 10^341 |
| 115 | ov_115 | 4.788792334225382 × 10^341 |
| 116 | ov_116 | 3.562392107139132 × 10^341 |
| 117 | ov_117 | 2.5905343252244435 × 10^341 |
| 118 | ov_118 | 1.8348206049999128 × 10^341 |
| 119 | ov_119 | 1.2600610133232956 × 10^341 |
| 120 | ov_120 | 8.34259763190746 × 10^340 |
| 121 | ov_121 | 5.2860591892795224 × 10^340 |
| 122 | ov_122 | 3.1746771018349757 × 10^340 |
| 123 | ov_123 | 1.7838930493207004 × 10^340 |
| 124 | ov_124 | 9.208914142088738 × 10^339 |
| 125 | ov_125 | 4.245916146089128 × 10^339 |
| 126 | ov_126 | 1.6564507667955622 × 10^339 |
| 127 | aaa_77_28 | 4.6434258465975177 × 10^338 |
| 128 | aaa_77_29 | 1.4131923891517316 × 10^338 |
| 129 | ov_129 | 8.422687197876021 × 10^337 |
| 130 | ov_130 | 8.422659650832402 × 10^337 |
| 131 | ov_131 | 8.422652969075045 × 10^337 |
| 132 | ov_132 | 7.350247180046701 × 10^337 |
| 133 | ov_133 | 6.394065113810134 × 10^337 |
| 134 | ov_134 | 5.543814926866474 × 10^337 |
| 135 | ov_135 | 4.789790636669842 × 10^337 |
| 136 | ov_136 | 4.1228319974076434 × 10^337 |
| 137 | ov_137 | 3.534288791808113 × 10^337 |
| 138 | ov_138 | 3.0159891164414407 × 10^337 |
| 139 | ov_139 | 2.560211358617356 × 10^337 |
| 140 | ov_140 | 2.1596596121917337 × 10^337 |
| 141 | ov_141 | 1.8074422938495075 × 10^337 |
| 142 | ov_142 | 1.4970537352009367 × 10^337 |
| 143 | ov_143 | 1.225335458973881 × 10^337 |
| 144 | ov_144 | 9.893105455990052 × 10^336 |
| 145 | ov_145 | 7.861777122772134 × 10^336 |
| 146 | ov_146 | 6.133065184705064 × 10^336 |
| 147 | ov_147 | 4.682335583249522 × 10^336 |
| 148 | ov_148 | 3.4865949210220817 × 10^336 |
| 149 | ov_149 | 2.524467810008714 × 10^336 |
| 150 | ov_150 | 1.7761800200447639 × 10^336 |
| 151 | ov_151 | 1.2069416132835013 × 10^336 |
| 152 | ov_152 | 7.85118085033169 × 10^335 |
| 153 | ov_153 | 4.822211883510492 × 10^335 |
| 154 | ov_154 | 2.7290330818428477 × 10^335 |
| 155 | ov_155 | 1.3495425402781203 × 10^335 |
| 156 | aaa_76_25 | 4.929962736691718 × 10^334 |
| 157 | aaa_76_26 | 2.574933379577695 × 10^334 |
| 158 | aaa_76_27 | 1.1869149547291315 × 10^334 |
| 159 | aaa_76_28 | 4.6296548407525325 × 10^333 |
| 160 | aaa_76_29 | 1.411039849438888 × 10^333 |

### Output Bits Sorted by Complexity

| Rank | Output Bit | Complexity |
|:----:|:----------:|:----------:|
| 160 | aaa_76_29 | 1.411039849438888 × 10^333 |
| 159 | aaa_76_28 | 4.6296548407525325 × 10^333 |
| 158 | aaa_76_27 | 1.1869149547291315 × 10^334 |
| 157 | aaa_76_26 | 2.574933379577695 × 10^334 |
| 156 | aaa_76_25 | 4.929962736691718 × 10^334 |
| 155 | ov_155 | 1.3495425402781203 × 10^335 |
| 154 | ov_154 | 2.7290330818428477 × 10^335 |
| 153 | ov_153 | 4.822211883510492 × 10^335 |
| 152 | ov_152 | 7.85118085033169 × 10^335 |
| 151 | ov_151 | 1.2069416132835013 × 10^336 |
| 150 | ov_150 | 1.7761800200447639 × 10^336 |
| 149 | ov_149 | 2.524467810008714 × 10^336 |
| 148 | ov_148 | 3.4865949210220817 × 10^336 |
| 147 | ov_147 | 4.682335583249522 × 10^336 |
| 146 | ov_146 | 6.133065184705064 × 10^336 |
| 145 | ov_145 | 7.861777122772134 × 10^336 |
| 144 | ov_144 | 9.893105455990052 × 10^336 |
| 143 | ov_143 | 1.225335458973881 × 10^337 |
| 142 | ov_142 | 1.4970537352009367 × 10^337 |
| 141 | ov_141 | 1.8074422938495075 × 10^337 |
| 140 | ov_140 | 2.1596596121917337 × 10^337 |
| 139 | ov_139 | 2.560211358617356 × 10^337 |
| 138 | ov_138 | 3.0159891164414407 × 10^337 |
| 137 | ov_137 | 3.534288791808113 × 10^337 |
| 136 | ov_136 | 4.1228319974076434 × 10^337 |
| 135 | ov_135 | 4.789790636669842 × 10^337 |
| 134 | ov_134 | 5.543814926866474 × 10^337 |
| 133 | ov_133 | 6.394065113810134 × 10^337 |
| 132 | ov_132 | 7.350247180046701 × 10^337 |
| 131 | ov_131 | 8.422652969075045 × 10^337 |
| 130 | ov_130 | 8.422659650832402 × 10^337 |
| 129 | ov_129 | 8.422687197876021 × 10^337 |
| 128 | aaa_77_29 | 1.4131923891517316 × 10^338 |
| 127 | aaa_77_28 | 4.6434258465975177 × 10^338 |
| 126 | ov_126 | 1.6564507667955622 × 10^339 |
| 125 | ov_125 | 4.245916146089128 × 10^339 |
| 124 | ov_124 | 9.208914142088738 × 10^339 |
| 123 | ov_123 | 1.7838930493207004 × 10^340 |
| 122 | ov_122 | 3.1746771018349757 × 10^340 |
| 121 | ov_121 | 5.2860591892795224 × 10^340 |
| 120 | ov_120 | 8.34259763190746 × 10^340 |
| 119 | ov_119 | 1.2600610133232956 × 10^341 |
| 118 | ov_118 | 1.8348206049999128 × 10^341 |
| 117 | ov_117 | 2.5905343252244435 × 10^341 |
| 116 | ov_116 | 3.562392107139132 × 10^341 |
| 115 | ov_115 | 4.788792334225382 × 10^341 |
| 114 | ov_114 | 6.311362805333029 × 10^341 |
| 113 | ov_113 | 8.17499026292749 × 10^341 |
| 112 | ov_112 | 1.0427860638102376 × 10^342 |
| 111 | ov_111 | 1.3121512417436109 × 10^342 |
| 110 | ov_110 | 1.6310905607070424 × 10^342 |
| 109 | ov_109 | 2.0054508461055834 × 10^342 |
| 108 | ov_108 | 2.4384280586174314 × 10^342 |
| 107 | ov_107 | 2.933408739216399 × 10^342 |
| 106 | ov_106 | 3.497364701931593 × 10^342 |
| 105 | ov_105 | 4.137674694153397 × 10^342 |
| 104 | ov_104 | 4.862144764544321 × 10^342 |
| 103 | ov_103 | 5.679031609117258 × 10^342 |
| 102 | ov_102 | 6.597069172618761 × 10^342 |
| 101 | ov_101 | 7.625498893833205 × 10^342 |
| 96 | aaa_78_29 | 7.968127355690837 × 10^342 |
| 100 | ov_100 | 8.774104101276194 × 10^342 |
| 99 | ov_099 | 1.0053249127181955 × 10^343 |
| 98 | ov_098 | 1.0053255796768346 × 10^343 |
| 97 | ov_097 | 1.0053283345770428 × 10^343 |
| 95 | aaa_78_28 | 4.109963414897111 × 10^343 |
| 94 | ov_094 | 1.4187970177423486 × 10^344 |
| 93 | ov_093 | 3.518442575555826 × 10^344 |
| 92 | ov_092 | 7.396280476914015 × 10^344 |
| 91 | ov_091 | 1.3929967131955138 × 10^345 |
| 90 | ov_090 | 2.418847564785805 × 10^345 |
| 89 | ov_089 | 3.943211845567702 × 10^345 |
| 88 | ov_088 | 6.111260169917992 × 10^345 |
| 87 | ov_087 | 9.087313858758725 × 10^345 |
| 86 | ov_086 | 1.3054866086750737 × 10^346 |
| 85 | ov_085 | 1.8216618015473514 × 10^346 |
| 84 | ov_084 | 2.4794536355971428 × 10^346 |
| 83 | ov_083 | 3.3029940073488803 × 10^346 |
| 82 | ov_082 | 4.318362521698906 × 10^346 |
| 64 | lv_79_m31 | 5.437391625375061 × 10^346 |
| 81 | ov_081 | 5.553603812657428 × 10^346 |
| 80 | ov_080 | 7.038750854384023 × 10^346 |
| 79 | ov_079 | 8.805855542450942 × 10^346 |
| 78 | ov_078 | 1.0889027953085141 × 10^347 |
| 77 | ov_077 | 1.3324485816545214 × 10^347 |
| 76 | ov_076 | 1.615061587005238 × 10^347 |
| 75 | ov_075 | 1.9408048886163518 × 10^347 |
| 74 | ov_074 | 2.313975030458012 × 10^347 |
| 73 | ov_073 | 2.7391128529649995 × 10^347 |
| 63 | ov_063 | 2.785891064307766 × 10^347 |
| 72 | ov_072 | 3.221016309285831 × 10^347 |
| 71 | ov_071 | 3.7647554718900186 × 10^347 |
| 70 | ov_070 | 4.375689885789638 × 10^347 |
| 69 | ov_069 | 5.059488437787213 × 10^347 |
| 68 | ov_068 | 5.822151988842774 × 10^347 |
| 67 | ov_067 | 6.670039064917546 × 10^347 |
| 66 | ov_066 | 6.67004723378599 × 10^347 |
| 65 | ov_065 | 6.670072751898518 × 10^347 |
| 62 | ov_062 | 1.427110046687091 × 10^348 |
| 61 | ov_061 | 5.194962828902041 × 10^348 |
| 60 | ov_060 | 1.4851929859633659 × 10^349 |
| 59 | ov_059 | 3.5794095728219568 × 10^349 |
| 58 | ov_058 | 7.587448470394995 × 10^349 |
| 57 | ov_057 | 1.4548786755039856 × 10^350 |
| 56 | ov_056 | 2.5757083505903727 × 10^350 |
| 55 | ov_055 | 4.2760204867809206 × 10^350 |
| 54 | ov_054 | 6.736028842285947 × 10^350 |
| 53 | ov_053 | 1.0161387932332059 × 10^351 |
| 52 | ov_052 | 1.47832185060802 × 10^351 |
| 51 | ov_051 | 2.0858151143416477 × 10^351 |
| 50 | ov_050 | 2.866839575840757 × 10^351 |
| 49 | ov_049 | 3.8521846326908565 × 10^351 |
| 48 | ov_048 | 5.075223168685968 × 10^351 |
| 32 | lv_80_m31 | 6.388761960738762 × 10^351 |
| 47 | ov_047 | 6.571932479159433 × 10^351 |
| 46 | ov_046 | 8.380922432965713 × 10^351 |
| 45 | ov_045 | 1.0543472416021483 × 10^352 |
| 44 | ov_044 | 1.3103578755261668 × 10^352 |
| 43 | ov_043 | 1.6085330439166414 × 10^352 |
| 42 | ov_042 | 1.9514262304142762 × 10^352 |
| 41 | ov_041 | 2.3417404746241297 × 10^352 |
| 40 | ov_040 | 2.78503738455943 × 10^352 |
| 31 | ov_031 | 3.2729600886014123 × 10^352 |
| 39 | ov_039 | 3.2871967285947813 × 10^352 |
| 38 | ov_038 | 3.854431907385585 × 10^352 |
| 37 | ov_037 | 4.493308103541138 × 10^352 |
| 36 | ov_036 | 5.210763407612047 × 10^352 |
| 35 | ov_035 | 6.014133236634507 × 10^352 |
| 34 | ov_034 | 6.9111783798223675 × 10^352 |
| 33 | ov_033 | 7.906126544338532 × 10^352 |
| 30 | ov_030 | 1.6765031401446823 × 10^353 |
| 29 | ov_029 | 6.102721004338337 × 10^353 |
| 28 | ov_028 | 1.7447348071434423 × 10^354 |
| 27 | ov_027 | 4.204990481594886 × 10^354 |
| 26 | ov_026 | 8.913622656762351 × 10^354 |
| 25 | ov_025 | 1.709179781962608 × 10^355 |
| 24 | ov_024 | 3.0259273355966893 × 10^355 |
| 23 | ov_023 | 5.0234422187619555 × 10^355 |
| 22 | ov_022 | 7.913429514809143 × 10^355 |
| 21 | ov_021 | 1.193747566432824 × 10^356 |
| 20 | ov_020 | 1.7367074701042413 × 10^356 |
| 19 | ov_019 | 2.4503674465269008 × 10^356 |
| 18 | ov_018 | 3.36787521276792 × 10^356 |
| 17 | ov_017 | 4.525393038971646 × 10^356 |
| 16 | ov_016 | 5.962114776107462 × 10^356 |
| 15 | ov_015 | 7.720289834955831 × 10^356 |
| 14 | ov_014 | 9.845255863524346 × 10^356 |
| 13 | ov_013 | 1.2385482074035445 × 10^357 |
| 12 | ov_012 | 1.5392625375046872 × 10^357 |
| 11 | ov_011 | 1.8921601669402393 × 10^357 |
| 10 | ov_010 | 2.3030674884892238 × 10^357 |
| 9 | ov_009 | 2.775158522144633 × 10^357 |
| 8 | ov_008 | 3.311790456191903 × 10^357 |
| 7 | ov_007 | 3.9198695298403243 × 10^357 |
| 6 | ov_006 | 4.6066959722609205 × 10^357 |
| 5 | ov_005 | 5.379986220006177 × 10^357 |
| 4 | ov_004 | 6.247898612720765 × 10^357 |
| 3 | ov_003 | 7.219062804548246 × 10^357 |
| 2 | ov_002 | 8.302613223510053 × 10^357 |
| 1 | ov_001 | 9.508227011267164 × 10^357 |

