# Results for F001-F002-F003-F004-F005-F006-F007-F008-F009-F010-F011-F012-F013-F014-F015-F016-F017-F018-F019-F020-F021-F022-F023-F024-F025-F026-F027-F028-F029-F030-F031-F032-F033-F034-F035-F036-F037-F038-F039-F040-F041-F042-F043-F044-F045-F046-F047-F048-F049-F050-F051-F052-F053-F054-F055-F056-F057-F058-F059-F060-F061-F062-F063-F064-F065-F066-F067-F068-F069-F070-F071-F072-F073-F074-F075-F076-F077-F078-F079-F080-F081-F082-F083-F084-F085-F086-F087-F088-F089-F090-F091-F092-F093-F094-F095-F096-F097-F098-F099-F100-F101-F102-F103-F104-F105-F106-F107-F108-F109-F110-F111-F112-F113-F114-F115-F116-F117-F118-F119-F120-F121-F122-F123-F124-F125-F126-F127-F128-F129-F130-F131-F132-F133-F134-F135-F136-F137-F138-F139-F140-F141-F142-F143-F144-F145-F146-F147-F148-F149-F150-F151-F152-F153-F154-F155-F156-F157-F158-F159-F160-F161-F162-F163-F164-F165-F166-F167-F168-F169-F170-F171-F172-F173-F174-F175-F176-F177-F178-F179-F180-F181-F182-F183-F184-F185-F186-F187-F188-F189-F190-F191-F192-F193-F194-F195-F196-F197-F198-F199-F200-F201-F202-F203-F204-F205-F206-F207-F208-F209-F210-F211-F212-F213-F214-F215-F216-F217-F218-F219-F220-F221-F222-F223-F224-F225-F226-F227-F228-F229-F230-F231-F232-F233-F234-F235-F236-F237-F238-F239-F240-F241-F242-F243-F244-F245-F246-F247-F248-F249-F250-F251-F252-F253-F254-F255-F256-F257-F258-F259-F260-F261-F262-F263-F264-F265-F266-F267-F268-F269-F270-F271-F272-F273-F274-F275-F276-F277-F278-F279-F280-F281-F282-F283-F284-F285-F286-F287-F288-F289-F290-F291-F292-F293-F294-F295-F296-F297-F298-F299-F300-F301-F302-F303-F304-F305-F306-F307-F308-F309-F310-F311-F312-F313-F314-F315-F316-F317-F318-F319-F320-F321-F322-F323-F324-F325-F326-F327-F328-F329-F330-F331-F332-F333-F334-F335-F336-F337-F338-F339-F340-F341-F342-F343-F344-F345-F346-F347-F348-F349-F350-F351-F352-F353-F354-F355-F356-F357-F358-F359-F360-F361-F362-F363-F364-F365-F366-F367-F368-F369-F370-F371-F372-F373-F374-F375-F376-F377-F378-F379-F380-F381-F382-F383-F384-F385-F386-F387-F388-F389-F390-F391-F392-F393-F394-F395-F396-F397-F398-F399-F400-F401-F402-F403-F404-F405-F406-F407-F408-F409-F410-F411-F412-F413-F414-F415-F416-F417-F418-F419-F420-F421-F422-F423-F424-F425-F426-F427-F428-F429-F430-F431-F432-F433-F434-F435-F436-F437-F438-F439-F440-F441-F442-F443-F444-F445-F446-F447-F448-F449-F450-F451-F452-F453-F454-F455-F456-F457-F458-F459-F460-F461-F462-F463-F464-F465-F466-F467-F468-F469-F470-F471-F472-F473-F474-F475-F476-F477-F478-F479-F480-F481-F482-F483-F484-F485-F486-F487-F488-F489-F490-F491-F492-F493-F494-F495-F496-E500505-F512

## Summary

Number of input bits: 512  
Number of free input bits: 14  
Number of output bits: 160

Number of direct occurrences: 57408  
Number of assignments: 31897  
Number of operations: 11238015
(xor: 11209571,
and: 14831,
or: 13613)

Total complexity: 4.934769096678327 × 10^301

Least occurring input variable: iv_502 (3897)  
Most occurring input variable: iv_510 (4276)

Most co-occurring input variables: iv_509-iv_510 (2133)  
Least co-occurring input variables: iv_498-iv_502 (1769)

Potentially most occurring input variable: iv_507/iv_510 (4509)  
Potentially least occurring input variable: iv_499/iv_508 (4094)

Least output occurring input variable: iv_500 (71)  
Most output occurring input variable: iv_497 (93)

Most output co-occurring input variables: iv_497-iv_502 (52)  
Least output co-occurring input variables: iv_500-iv_503 (31)

Potentially most output occurring input variable: iv_502/iv_503 (96)  
Potentially least output occurring input variable: iv_500/iv_502 (67)

Least complex input bit: iv_511 (9.307865347830088 × 10^297)  
Most complex input bit: iv_510 (1.2251681244848562 × 10^301)

Least complex output bit: aaa_76_29 (8.45076272302372 × 10^276)  
Most complex output bit: ov_001 (7.714874010817603 × 10^300)

Least complex input/output complexity: iv_511/aaa_76_29 (1.59396640392583 × 10^273)  
Most complex input/output complexity: iv_510/ov_001 (1.915392095819169 × 10^300)

## Input Bits

### Input Bits in Regular Order

| Input Bit | Complexity | Occurrences | Output Occurrences |
|:---------:|:----------:|:-----------:|:------------------:|
| iv_497 | 4.3665302462860927 × 10^298 | 4146 | 93 |
| iv_498 | 8.701265743955242 × 10^298 | 3945 | 88 |
| iv_499 | 1.5313322553240771 × 10^299 | 3957 | 81 |
| iv_500 | 2.9093541608436334 × 10^300 | 4194 | 71 |
| iv_501 | 4.329705779295324 × 10^299 | 4091 | 83 |
| iv_502 | 7.03476636838109 × 10^299 | 3897 | 82 |
| iv_503 | 1.1170384839432242 × 10^300 | 4166 | 78 |
| iv_504 | 1.7367244510428067 × 10^300 | 3937 | 78 |
| iv_506 | 3.981573738237152 × 10^300 | 3971 | 82 |
| iv_507 | 5.886662453177169 × 10^300 | 4189 | 76 |
| iv_508 | 8.414613312866638 × 10^300 | 4159 | 86 |
| iv_509 | 1.1620476856273793 × 10^301 | 4254 | 80 |
| iv_510 | 1.2251681244848562 × 10^301 | 4276 | 74 |
| iv_511 | 9.307865347830088 × 10^297 | 4226 | 80 |

### Input Bits Sorted by Complexity

| Input Bit | Complexity | Occurrences | Output Occurrences |
|:---------:|:----------:|:-----------:|:------------------:|
| iv_511 | 9.307865347830088 × 10^297 | 4226 | 80 |
| iv_497 | 4.3665302462860927 × 10^298 | 4146 | 93 |
| iv_498 | 8.701265743955242 × 10^298 | 3945 | 88 |
| iv_499 | 1.5313322553240771 × 10^299 | 3957 | 81 |
| iv_501 | 4.329705779295324 × 10^299 | 4091 | 83 |
| iv_502 | 7.03476636838109 × 10^299 | 3897 | 82 |
| iv_503 | 1.1170384839432242 × 10^300 | 4166 | 78 |
| iv_504 | 1.7367244510428067 × 10^300 | 3937 | 78 |
| iv_500 | 2.9093541608436334 × 10^300 | 4194 | 71 |
| iv_506 | 3.981573738237152 × 10^300 | 3971 | 82 |
| iv_507 | 5.886662453177169 × 10^300 | 4189 | 76 |
| iv_508 | 8.414613312866638 × 10^300 | 4159 | 86 |
| iv_509 | 1.1620476856273793 × 10^301 | 4254 | 80 |
| iv_510 | 1.2251681244848562 × 10^301 | 4276 | 74 |

### Input Bits Sorted by Occurrences

| Input Bit | Complexity | Occurrences | Output Occurrences |
|:---------:|:----------:|:-----------:|:------------------:|
| iv_502 | 7.03476636838109 × 10^299 | 3897 | 82 |
| iv_504 | 1.7367244510428067 × 10^300 | 3937 | 78 |
| iv_498 | 8.701265743955242 × 10^298 | 3945 | 88 |
| iv_499 | 1.5313322553240771 × 10^299 | 3957 | 81 |
| iv_506 | 3.981573738237152 × 10^300 | 3971 | 82 |
| iv_501 | 4.329705779295324 × 10^299 | 4091 | 83 |
| iv_497 | 4.3665302462860927 × 10^298 | 4146 | 93 |
| iv_508 | 8.414613312866638 × 10^300 | 4159 | 86 |
| iv_503 | 1.1170384839432242 × 10^300 | 4166 | 78 |
| iv_507 | 5.886662453177169 × 10^300 | 4189 | 76 |
| iv_500 | 2.9093541608436334 × 10^300 | 4194 | 71 |
| iv_511 | 9.307865347830088 × 10^297 | 4226 | 80 |
| iv_509 | 1.1620476856273793 × 10^301 | 4254 | 80 |
| iv_510 | 1.2251681244848562 × 10^301 | 4276 | 74 |

### Input Bits Sorted by Output Occurrences

| Input Bit | Complexity | Occurrences | Output Occurrences |
|:---------:|:----------:|:-----------:|:------------------:|
| iv_500 | 2.9093541608436334 × 10^300 | 4194 | 71 |
| iv_510 | 1.2251681244848562 × 10^301 | 4276 | 74 |
| iv_507 | 5.886662453177169 × 10^300 | 4189 | 76 |
| iv_503 | 1.1170384839432242 × 10^300 | 4166 | 78 |
| iv_504 | 1.7367244510428067 × 10^300 | 3937 | 78 |
| iv_509 | 1.1620476856273793 × 10^301 | 4254 | 80 |
| iv_511 | 9.307865347830088 × 10^297 | 4226 | 80 |
| iv_499 | 1.5313322553240771 × 10^299 | 3957 | 81 |
| iv_502 | 7.03476636838109 × 10^299 | 3897 | 82 |
| iv_506 | 3.981573738237152 × 10^300 | 3971 | 82 |
| iv_501 | 4.329705779295324 × 10^299 | 4091 | 83 |
| iv_508 | 8.414613312866638 × 10^300 | 4159 | 86 |
| iv_498 | 8.701265743955242 × 10^298 | 3945 | 88 |
| iv_497 | 4.3665302462860927 × 10^298 | 4146 | 93 |

## Input Bit Co-occurrences

### Input Bit Co-occurrences Sorted by Co-occurrences

| Input Bits | Co-occurrences | Potential Occurrences | Output Co-occurrences | Potential Output Occurrences |
|:----------:|:--------------:|:---------------------:|:---------------------:|:----------------------------:|
| iv_509-iv_510 | 2133 | 4264 | 37 | 80 |
| iv_509-iv_511 | 2080 | 4320 | 37 | 86 |
| iv_510-iv_511 | 2078 | 4346 | 39 | 76 |
| iv_507-iv_508 | 2073 | 4202 | 44 | 74 |
| iv_508-iv_511 | 2073 | 4239 | 43 | 80 |
| iv_500-iv_510 | 2072 | 4326 | 36 | 73 |
| iv_508-iv_509 | 2057 | 4299 | 41 | 84 |
| iv_508-iv_510 | 2054 | 4327 | 36 | 88 |
| iv_497-iv_509 | 2054 | 4292 | 49 | 75 |
| iv_497-iv_507 | 2050 | 4235 | 44 | 81 |
| iv_501-iv_509 | 2038 | 4269 | 45 | 73 |
| iv_507-iv_509 | 2036 | 4371 | 38 | 80 |
| iv_501-iv_511 | 2034 | 4249 | 39 | 85 |
| iv_503-iv_508 | 2032 | 4261 | 42 | 80 |

### Input Bit Co-occurrences Sorted by Potential Occurrences

| Input Bits | Co-occurrences | Potential Occurrences | Output Co-occurrences | Potential Output Occurrences |
|:----------:|:--------------:|:---------------------:|:---------------------:|:----------------------------:|
| iv_499-iv_508 | 2011 | 4094 | 46 | 75 |
| iv_504-iv_508 | 1989 | 4118 | 43 | 78 |
| iv_504-iv_506 | 1878 | 4152 | 42 | 76 |
| iv_499-iv_504 | 1868 | 4158 | 38 | 83 |
| iv_500-iv_504 | 1985 | 4161 | 35 | 79 |
| iv_506-iv_507 | 1997 | 4166 | 39 | 80 |
| iv_499-iv_501 | 1932 | 4184 | 44 | 76 |
| iv_498-iv_504 | 1847 | 4188 | 46 | 74 |
| iv_499-iv_509 | 2011 | 4189 | 43 | 75 |
| iv_502-iv_508 | 1932 | 4192 | 41 | 86 |
| iv_507-iv_508 | 2073 | 4202 | 44 | 74 |
| iv_497-iv_506 | 1955 | 4207 | 51 | 73 |
| iv_506-iv_508 | 1961 | 4208 | 48 | 72 |
| iv_502-iv_504 | 1809 | 4216 | 42 | 76 |

### Input Bit Output Co-occurrences Sorted by Output Co-occurrences

| Input Bits | Co-occurrences | Potential Occurrences | Output Co-occurrences | Potential Output Occurrences |
|:----------:|:--------------:|:---------------------:|:---------------------:|:----------------------------:|
| iv_497-iv_502 | 1905 | 4233 | 52 | 71 |
| iv_497-iv_506 | 1955 | 4207 | 51 | 73 |
| iv_497-iv_504 | 1929 | 4225 | 50 | 71 |
| iv_497-iv_498 | 1893 | 4305 | 50 | 81 |
| iv_497-iv_503 | 1992 | 4328 | 49 | 73 |
| iv_497-iv_509 | 2054 | 4292 | 49 | 75 |
| iv_498-iv_499 | 1833 | 4236 | 48 | 73 |
| iv_498-iv_501 | 1873 | 4290 | 48 | 75 |
| iv_506-iv_508 | 1961 | 4208 | 48 | 72 |
| iv_497-iv_501 | 2008 | 4221 | 48 | 80 |
| iv_498-iv_508 | 1943 | 4218 | 47 | 80 |
| iv_497-iv_511 | 2010 | 4352 | 47 | 79 |
| iv_498-iv_502 | 1769 | 4304 | 46 | 78 |
| iv_498-iv_504 | 1847 | 4188 | 46 | 74 |

### Input Bit Output Co-occurrences Sorted by Potential Output Occurrences

| Input Bits | Co-occurrences | Potential Occurrences | Output Co-occurrences | Potential Output Occurrences |
|:----------:|:--------------:|:---------------------:|:---------------------:|:----------------------------:|
| iv_500-iv_502 | 1896 | 4299 | 43 | 67 |
| iv_499-iv_500 | 1931 | 4289 | 42 | 68 |
| iv_497-iv_504 | 1929 | 4225 | 50 | 71 |
| iv_497-iv_502 | 1905 | 4233 | 52 | 71 |
| iv_502-iv_511 | 1924 | 4275 | 45 | 72 |
| iv_506-iv_508 | 1961 | 4208 | 48 | 72 |
| iv_501-iv_509 | 2038 | 4269 | 45 | 73 |
| iv_498-iv_499 | 1833 | 4236 | 48 | 73 |
| iv_500-iv_510 | 2072 | 4326 | 36 | 73 |
| iv_497-iv_503 | 1992 | 4328 | 49 | 73 |
| iv_497-iv_506 | 1955 | 4207 | 51 | 73 |
| iv_498-iv_504 | 1847 | 4188 | 46 | 74 |
| iv_502-iv_507 | 1903 | 4280 | 42 | 74 |
| iv_507-iv_508 | 2073 | 4202 | 44 | 74 |

## Output Bits

### Output Bits in Regular Order

| Rank | Output Bit | Complexity |
|:----:|:----------:|:----------:|
| 1 | ov_001 | 7.714874010817603 × 10^300 |
| 2 | ov_002 | 6.713185387730592 × 10^300 |
| 3 | ov_003 | 5.813902848422001 × 10^300 |
| 4 | ov_004 | 5.009345852035017 × 10^300 |
| 5 | ov_005 | 4.292254299522732 × 10^300 |
| 6 | ov_006 | 3.655758890061361 × 10^300 |
| 7 | ov_007 | 3.0933553399159444 × 10^300 |
| 8 | ov_008 | 2.5988821080086085 × 10^300 |
| 9 | ov_009 | 2.1665012914598035 × 10^300 |
| 10 | ov_010 | 1.7906823727074233 × 10^300 |
| 11 | ov_011 | 1.4661885175802266 × 10^300 |
| 12 | ov_012 | 1.1880651410173129 × 10^300 |
| 13 | ov_013 | 9.516304740770278 × 10^299 |
| 14 | ov_014 | 7.524678825453084 × 10^299 |
| 15 | ov_015 | 5.864197039015191 × 10^299 |
| 16 | ov_016 | 4.495823856842177 × 10^299 |
| 17 | ov_017 | 3.383027244646468 × 10^299 |
| 18 | ov_018 | 2.491750207173672 × 10^299 |
| 19 | ov_019 | 1.7903898090234143 × 10^299 |
| 20 | ov_020 | 1.2497821406073185 × 10^299 |
| 21 | ov_021 | 8.431918619141061 × 10^298 |
| 22 | ov_022 | 5.463051162578416 × 10^298 |
| 23 | ov_023 | 3.372248112117034 × 10^298 |
| 24 | ov_024 | 1.964675501581801 × 10^298 |
| 25 | ov_025 | 1.0696175421594984 × 10^298 |
| 26 | ov_026 | 5.404663314242248 × 10^297 |
| 27 | ov_027 | 2.5471700963443007 × 10^297 |
| 28 | ov_028 | 1.1396584912213263 × 10^297 |
| 29 | ov_029 | 4.390963903142517 × 10^296 |
| 30 | ov_030 | 1.3421871174426654 × 10^296 |
| 31 | ov_031 | 2.6174698586065953 × 10^295 |
| 32 | lv_80_m31 | 5.1033978299673304 × 10^294 |
| 33 | ov_033 | 6.144668091053028 × 10^295 |
| 34 | ov_034 | 5.33593187569594 × 10^295 |
| 35 | ov_035 | 4.610956423546918 × 10^295 |
| 36 | ov_036 | 3.9634075905672203 × 10^295 |
| 37 | ov_037 | 3.387296864091226 × 10^295 |
| 38 | ov_038 | 2.8769570810578827 × 10^295 |
| 39 | ov_039 | 2.4270213343124536 × 10^295 |
| 40 | ov_040 | 2.032404764488305 × 10^295 |
| 41 | ov_041 | 1.688288953425116 × 10^295 |
| 42 | ov_042 | 1.3901086525697878 × 10^295 |
| 43 | ov_043 | 1.1335405964536045 × 10^295 |
| 44 | ov_044 | 9.144941672506794 × 10^294 |
| 45 | ov_045 | 7.29103691697598 × 10^294 |
| 46 | ov_046 | 5.737221663843603 × 10^294 |
| 47 | ov_047 | 4.449162216966957 × 10^294 |
| 48 | ov_048 | 3.394621485767938 × 10^294 |
| 49 | ov_049 | 2.5434282584328638 × 10^294 |
| 50 | ov_050 | 1.86745399134532 × 10^294 |
| 51 | ov_051 | 1.3405957566714171 × 10^294 |
| 52 | ov_052 | 9.387641198225038 × 10^293 |
| 53 | ov_053 | 6.398748472597372 × 10^293 |
| 54 | ov_054 | 4.238434731123184 × 10^293 |
| 55 | ov_055 | 2.725818806188243 × 10^293 |
| 56 | ov_056 | 1.699962105712891 × 10^293 |
| 57 | ov_057 | 1.0198561484583496 × 10^293 |
| 58 | ov_058 | 5.644155512520562 × 10^292 |
| 59 | ov_059 | 2.7807778889528187 × 10^292 |
| 60 | ov_060 | 1.1523954025285346 × 10^292 |
| 61 | ov_061 | 4.0256272132662446 × 10^291 |
| 62 | ov_062 | 1.1044045436809738 × 10^291 |
| 63 | ov_063 | 2.1528129125223326 × 10^290 |
| 64 | lv_79_m31 | 4.1956342065566004 × 10^289 |
| 65 | ov_065 | 5.050057931265113 × 10^290 |
| 66 | ov_066 | 5.050042949103705 × 10^290 |
| 67 | ov_067 | 5.050039282550115 × 10^290 |
| 68 | ov_068 | 4.379156102096936 × 10^290 |
| 69 | ov_069 | 3.77927429410972 × 10^290 |
| 70 | ov_070 | 3.2447174312974438 × 10^290 |
| 71 | ov_071 | 2.77015820279893 × 10^290 |
| 72 | ov_072 | 2.350594781656442 × 10^290 |
| 73 | ov_073 | 1.9813292848250975 × 10^290 |
| 74 | ov_074 | 1.6579482140798743 × 10^290 |
| 75 | ov_075 | 1.3763047706255785 × 10^290 |
| 76 | ov_076 | 1.1325029398869095 × 10^290 |
| 77 | ov_077 | 9.228832459499595 × 10^289 |
| 78 | ov_078 | 7.440100775386002 × 10^289 |
| 79 | ov_079 | 5.926604893212146 × 10^289 |
| 80 | ov_080 | 4.658143838285235 × 10^289 |
| 81 | ov_081 | 3.6064598039168033 × 10^289 |
| 82 | ov_082 | 2.745164783451386 × 10^289 |
| 83 | ov_083 | 2.0496782233876737 × 10^289 |
| 84 | ov_084 | 1.497174780200274 × 10^289 |
| 85 | ov_085 | 1.0665412662541016 × 10^289 |
| 86 | ov_086 | 7.383418720010945 × 10^288 |
| 87 | ov_087 | 4.947907527775844 × 10^288 |
| 88 | ov_088 | 3.19731069208999 × 10^288 |
| 89 | ov_089 | 1.9861957062748507 × 10^288 |
| 90 | ov_090 | 1.185158111200818 × 10^288 |
| 91 | ov_091 | 6.8075087926737546 × 10^287 |
| 92 | ov_092 | 3.75441995474013 × 10^287 |
| 93 | ov_093 | 1.875916573573106 × 10^287 |
| 94 | ov_094 | 8.035113654968239 × 10^286 |
| 95 | aaa_78_28 | 2.4810974104746777 × 10^286 |
| 96 | aaa_78_29 | 7.61925165793765 × 10^285 |
| 97 | ov_097 | 5.0302195946354347 × 10^285 |
| 98 | ov_098 | 5.030067540768807 × 10^285 |
| 99 | ov_099 | 5.030018850108567 × 10^285 |
| 100 | ov_100 | 4.5256840791886833 × 10^285 |
| 101 | ov_101 | 4.0587360625567543 × 10^285 |
| 102 | ov_102 | 3.6270991664185264 × 10^285 |
| 103 | ov_103 | 3.228849103955363 × 10^285 |
| 104 | ov_104 | 2.8621937445812716 × 10^285 |
| 105 | ov_105 | 2.525455642313288 × 10^285 |
| 106 | ov_106 | 2.2170561927159647 × 10^285 |
| 107 | ov_107 | 1.9355013313668156 × 10^285 |
| 108 | ov_108 | 1.6793686896443684 × 10^285 |
| 109 | ov_109 | 1.447296125945788 × 10^285 |
| 110 | ov_110 | 1.237971552269376 × 10^285 |
| 111 | ov_111 | 1.0501239775179853 × 10^285 |
| 112 | ov_112 | 8.825156899569201 × 10^284 |
| 113 | ov_113 | 7.339355020533737 × 10^284 |
| 114 | ov_114 | 6.031929814879788 × 10^284 |
| 115 | ov_115 | 4.891135925115795 × 10^284 |
| 116 | ov_116 | 3.905346720656681 × 10^284 |
| 117 | ov_117 | 3.0630216523183953 × 10^284 |
| 118 | ov_118 | 2.352680446573856 × 10^284 |
| 119 | ov_119 | 1.762883386474426 × 10^284 |
| 120 | ov_120 | 1.2822169263714831 × 10^284 |
| 121 | ov_121 | 8.99283887699449 × 10^283 |
| 122 | ov_122 | 6.026971457269759 × 10^283 |
| 123 | ov_123 | 3.810754738696957 × 10^283 |
| 124 | ov_124 | 2.2304073774764325 × 10^283 |
| 125 | ov_125 | 1.1721615492079471 × 10^283 |
| 126 | ov_126 | 5.2225406079306825 × 10^282 |
| 127 | aaa_77_28 | 1.6692293395915862 × 10^282 |
| 128 | aaa_77_29 | 6.266935940535776 × 10^281 |
| 129 | ov_129 | 5.846597565176042 × 10^281 |
| 130 | ov_130 | 5.846581088789825 × 10^281 |
| 131 | ov_131 | 5.846577099760997 × 10^281 |
| 132 | ov_132 | 5.0872206165511336 × 10^281 |
| 133 | ov_133 | 4.404582544307049 × 10^281 |
| 134 | ov_134 | 3.792713525806896 × 10^281 |
| 135 | ov_135 | 3.2459880644370156 × 10^281 |
| 136 | ov_136 | 2.7590814620017872 × 10^281 |
| 137 | ov_137 | 2.32940388631776 × 10^281 |
| 138 | ov_138 | 1.952174993533548 × 10^281 |
| 139 | ov_139 | 1.6228632771283275 × 10^281 |
| 140 | ov_140 | 1.3371735973668836 × 10^281 |
| 141 | ov_141 | 1.0910367249656322 × 10^281 |
| 142 | ov_142 | 8.806006729919592 × 10^280 |
| 143 | ov_143 | 7.022236042975423 × 10^280 |
| 144 | ov_144 | 5.524681148985358 × 10^280 |
| 145 | ov_145 | 4.280967067094924 × 10^280 |
| 146 | ov_146 | 3.2606827595131896 × 10^280 |
| 147 | ov_147 | 2.4353545641489376 × 10^280 |
| 148 | ov_148 | 1.7784266959135086 × 10^280 |
| 149 | ov_149 | 1.2652474649054736 × 10^280 |
| 150 | ov_150 | 8.730599876850288 × 10^279 |
| 151 | ov_151 | 5.809962957682551 × 10^279 |
| 152 | ov_152 | 3.7007387334786417 × 10^279 |
| 153 | ov_153 | 2.231937840944587 × 10^279 |
| 154 | ov_154 | 1.2513970326437657 × 10^279 |
| 155 | ov_155 | 6.257739526231323 × 10^278 |
| 156 | aaa_76_25 | 2.4054429221328722 × 10^278 |
| 157 | aaa_76_26 | 1.3900893199299319 × 10^278 |
| 158 | aaa_76_27 | 7.12158819378463 × 10^277 |
| 159 | aaa_76_28 | 2.7757490787904165 × 10^277 |
| 160 | aaa_76_29 | 8.45076272302372 × 10^276 |

### Output Bits Sorted by Complexity

| Rank | Output Bit | Complexity |
|:----:|:----------:|:----------:|
| 160 | aaa_76_29 | 8.45076272302372 × 10^276 |
| 159 | aaa_76_28 | 2.7757490787904165 × 10^277 |
| 158 | aaa_76_27 | 7.12158819378463 × 10^277 |
| 157 | aaa_76_26 | 1.3900893199299319 × 10^278 |
| 156 | aaa_76_25 | 2.4054429221328722 × 10^278 |
| 155 | ov_155 | 6.257739526231323 × 10^278 |
| 154 | ov_154 | 1.2513970326437657 × 10^279 |
| 153 | ov_153 | 2.231937840944587 × 10^279 |
| 152 | ov_152 | 3.7007387334786417 × 10^279 |
| 151 | ov_151 | 5.809962957682551 × 10^279 |
| 150 | ov_150 | 8.730599876850288 × 10^279 |
| 149 | ov_149 | 1.2652474649054736 × 10^280 |
| 148 | ov_148 | 1.7784266959135086 × 10^280 |
| 147 | ov_147 | 2.4353545641489376 × 10^280 |
| 146 | ov_146 | 3.2606827595131896 × 10^280 |
| 145 | ov_145 | 4.280967067094924 × 10^280 |
| 144 | ov_144 | 5.524681148985358 × 10^280 |
| 143 | ov_143 | 7.022236042975423 × 10^280 |
| 142 | ov_142 | 8.806006729919592 × 10^280 |
| 141 | ov_141 | 1.0910367249656322 × 10^281 |
| 140 | ov_140 | 1.3371735973668836 × 10^281 |
| 139 | ov_139 | 1.6228632771283275 × 10^281 |
| 138 | ov_138 | 1.952174993533548 × 10^281 |
| 137 | ov_137 | 2.32940388631776 × 10^281 |
| 136 | ov_136 | 2.7590814620017872 × 10^281 |
| 135 | ov_135 | 3.2459880644370156 × 10^281 |
| 134 | ov_134 | 3.792713525806896 × 10^281 |
| 133 | ov_133 | 4.404582544307049 × 10^281 |
| 132 | ov_132 | 5.0872206165511336 × 10^281 |
| 131 | ov_131 | 5.846577099760997 × 10^281 |
| 130 | ov_130 | 5.846581088789825 × 10^281 |
| 129 | ov_129 | 5.846597565176042 × 10^281 |
| 128 | aaa_77_29 | 6.266935940535776 × 10^281 |
| 127 | aaa_77_28 | 1.6692293395915862 × 10^282 |
| 126 | ov_126 | 5.2225406079306825 × 10^282 |
| 125 | ov_125 | 1.1721615492079471 × 10^283 |
| 124 | ov_124 | 2.2304073774764325 × 10^283 |
| 123 | ov_123 | 3.810754738696957 × 10^283 |
| 122 | ov_122 | 6.026971457269759 × 10^283 |
| 121 | ov_121 | 8.99283887699449 × 10^283 |
| 120 | ov_120 | 1.2822169263714831 × 10^284 |
| 119 | ov_119 | 1.762883386474426 × 10^284 |
| 118 | ov_118 | 2.352680446573856 × 10^284 |
| 117 | ov_117 | 3.0630216523183953 × 10^284 |
| 116 | ov_116 | 3.905346720656681 × 10^284 |
| 115 | ov_115 | 4.891135925115795 × 10^284 |
| 114 | ov_114 | 6.031929814879788 × 10^284 |
| 113 | ov_113 | 7.339355020533737 × 10^284 |
| 112 | ov_112 | 8.825156899569201 × 10^284 |
| 111 | ov_111 | 1.0501239775179853 × 10^285 |
| 110 | ov_110 | 1.237971552269376 × 10^285 |
| 109 | ov_109 | 1.447296125945788 × 10^285 |
| 108 | ov_108 | 1.6793686896443684 × 10^285 |
| 107 | ov_107 | 1.9355013313668156 × 10^285 |
| 106 | ov_106 | 2.2170561927159647 × 10^285 |
| 105 | ov_105 | 2.525455642313288 × 10^285 |
| 104 | ov_104 | 2.8621937445812716 × 10^285 |
| 103 | ov_103 | 3.228849103955363 × 10^285 |
| 102 | ov_102 | 3.6270991664185264 × 10^285 |
| 101 | ov_101 | 4.0587360625567543 × 10^285 |
| 100 | ov_100 | 4.5256840791886833 × 10^285 |
| 99 | ov_099 | 5.030018850108567 × 10^285 |
| 98 | ov_098 | 5.030067540768807 × 10^285 |
| 97 | ov_097 | 5.0302195946354347 × 10^285 |
| 96 | aaa_78_29 | 7.61925165793765 × 10^285 |
| 95 | aaa_78_28 | 2.4810974104746777 × 10^286 |
| 94 | ov_094 | 8.035113654968239 × 10^286 |
| 93 | ov_093 | 1.875916573573106 × 10^287 |
| 92 | ov_092 | 3.75441995474013 × 10^287 |
| 91 | ov_091 | 6.8075087926737546 × 10^287 |
| 90 | ov_090 | 1.185158111200818 × 10^288 |
| 89 | ov_089 | 1.9861957062748507 × 10^288 |
| 88 | ov_088 | 3.19731069208999 × 10^288 |
| 87 | ov_087 | 4.947907527775844 × 10^288 |
| 86 | ov_086 | 7.383418720010945 × 10^288 |
| 85 | ov_085 | 1.0665412662541016 × 10^289 |
| 84 | ov_084 | 1.497174780200274 × 10^289 |
| 83 | ov_083 | 2.0496782233876737 × 10^289 |
| 82 | ov_082 | 2.745164783451386 × 10^289 |
| 81 | ov_081 | 3.6064598039168033 × 10^289 |
| 64 | lv_79_m31 | 4.1956342065566004 × 10^289 |
| 80 | ov_080 | 4.658143838285235 × 10^289 |
| 79 | ov_079 | 5.926604893212146 × 10^289 |
| 78 | ov_078 | 7.440100775386002 × 10^289 |
| 77 | ov_077 | 9.228832459499595 × 10^289 |
| 76 | ov_076 | 1.1325029398869095 × 10^290 |
| 75 | ov_075 | 1.3763047706255785 × 10^290 |
| 74 | ov_074 | 1.6579482140798743 × 10^290 |
| 73 | ov_073 | 1.9813292848250975 × 10^290 |
| 63 | ov_063 | 2.1528129125223326 × 10^290 |
| 72 | ov_072 | 2.350594781656442 × 10^290 |
| 71 | ov_071 | 2.77015820279893 × 10^290 |
| 70 | ov_070 | 3.2447174312974438 × 10^290 |
| 69 | ov_069 | 3.77927429410972 × 10^290 |
| 68 | ov_068 | 4.379156102096936 × 10^290 |
| 67 | ov_067 | 5.050039282550115 × 10^290 |
| 66 | ov_066 | 5.050042949103705 × 10^290 |
| 65 | ov_065 | 5.050057931265113 × 10^290 |
| 62 | ov_062 | 1.1044045436809738 × 10^291 |
| 61 | ov_061 | 4.0256272132662446 × 10^291 |
| 60 | ov_060 | 1.1523954025285346 × 10^292 |
| 59 | ov_059 | 2.7807778889528187 × 10^292 |
| 58 | ov_058 | 5.644155512520562 × 10^292 |
| 57 | ov_057 | 1.0198561484583496 × 10^293 |
| 56 | ov_056 | 1.699962105712891 × 10^293 |
| 55 | ov_055 | 2.725818806188243 × 10^293 |
| 54 | ov_054 | 4.238434731123184 × 10^293 |
| 53 | ov_053 | 6.398748472597372 × 10^293 |
| 52 | ov_052 | 9.387641198225038 × 10^293 |
| 51 | ov_051 | 1.3405957566714171 × 10^294 |
| 50 | ov_050 | 1.86745399134532 × 10^294 |
| 49 | ov_049 | 2.5434282584328638 × 10^294 |
| 48 | ov_048 | 3.394621485767938 × 10^294 |
| 47 | ov_047 | 4.449162216966957 × 10^294 |
| 32 | lv_80_m31 | 5.1033978299673304 × 10^294 |
| 46 | ov_046 | 5.737221663843603 × 10^294 |
| 45 | ov_045 | 7.29103691697598 × 10^294 |
| 44 | ov_044 | 9.144941672506794 × 10^294 |
| 43 | ov_043 | 1.1335405964536045 × 10^295 |
| 42 | ov_042 | 1.3901086525697878 × 10^295 |
| 41 | ov_041 | 1.688288953425116 × 10^295 |
| 40 | ov_040 | 2.032404764488305 × 10^295 |
| 39 | ov_039 | 2.4270213343124536 × 10^295 |
| 31 | ov_031 | 2.6174698586065953 × 10^295 |
| 38 | ov_038 | 2.8769570810578827 × 10^295 |
| 37 | ov_037 | 3.387296864091226 × 10^295 |
| 36 | ov_036 | 3.9634075905672203 × 10^295 |
| 35 | ov_035 | 4.610956423546918 × 10^295 |
| 34 | ov_034 | 5.33593187569594 × 10^295 |
| 33 | ov_033 | 6.144668091053028 × 10^295 |
| 30 | ov_030 | 1.3421871174426654 × 10^296 |
| 29 | ov_029 | 4.390963903142517 × 10^296 |
| 28 | ov_028 | 1.1396584912213263 × 10^297 |
| 27 | ov_027 | 2.5471700963443007 × 10^297 |
| 26 | ov_026 | 5.404663314242248 × 10^297 |
| 25 | ov_025 | 1.0696175421594984 × 10^298 |
| 24 | ov_024 | 1.964675501581801 × 10^298 |
| 23 | ov_023 | 3.372248112117034 × 10^298 |
| 22 | ov_022 | 5.463051162578416 × 10^298 |
| 21 | ov_021 | 8.431918619141061 × 10^298 |
| 20 | ov_020 | 1.2497821406073185 × 10^299 |
| 19 | ov_019 | 1.7903898090234143 × 10^299 |
| 18 | ov_018 | 2.491750207173672 × 10^299 |
| 17 | ov_017 | 3.383027244646468 × 10^299 |
| 16 | ov_016 | 4.495823856842177 × 10^299 |
| 15 | ov_015 | 5.864197039015191 × 10^299 |
| 14 | ov_014 | 7.524678825453084 × 10^299 |
| 13 | ov_013 | 9.516304740770278 × 10^299 |
| 12 | ov_012 | 1.1880651410173129 × 10^300 |
| 11 | ov_011 | 1.4661885175802266 × 10^300 |
| 10 | ov_010 | 1.7906823727074233 × 10^300 |
| 9 | ov_009 | 2.1665012914598035 × 10^300 |
| 8 | ov_008 | 2.5988821080086085 × 10^300 |
| 7 | ov_007 | 3.0933553399159444 × 10^300 |
| 6 | ov_006 | 3.655758890061361 × 10^300 |
| 5 | ov_005 | 4.292254299522732 × 10^300 |
| 4 | ov_004 | 5.009345852035017 × 10^300 |
| 3 | ov_003 | 5.813902848422001 × 10^300 |
| 2 | ov_002 | 6.713185387730592 × 10^300 |
| 1 | ov_001 | 7.714874010817603 × 10^300 |

