# Results for F001-F002-F003-F004-F005-F006-F007-F008-F009-F010-F011-F012-F013-F014-F015-F016-F017-F018-F019-F020-F021-F022-F023-F024-F025-F026-F027-F028-F029-F030-F031-F032-F033-F034-F035-F036-F037-F038-F039-F040-F041-F042-F043-F044-F045-F046-F047-F048-F049-F050-F051-F052-F053-F054-F055-F056-F057-F058-F059-F060-F061-F062-F063-F064-F065-F066-F067-F068-F069-F070-F071-F072-F073-F074-F075-F076-F077-F078-F079-F080-F081-F082-F083-F084-F085-F086-F087-F088-F089-F090-F091-F092-F093-F094-F095-F096-F097-F098-F099-F100-F101-F102-F103-F104-F105-F106-F107-F108-F109-F110-F111-F112-F113-F114-F115-F116-F117-F118-F119-F120-F121-F122-F123-F124-F125-F126-F127-F128-F129-F130-F131-F132-F133-F134-F135-F136-F137-F138-F139-F140-F141-F142-F143-F144-F145-F146-F147-F148-F149-F150-F151-F152-F153-F154-F155-F156-F157-F158-F159-F160-F161-F162-F163-F164-F165-F166-F167-F168-F169-F170-F171-F172-F173-F174-F175-F176-F177-F178-F179-F180-F181-F182-F183-F184-F185-F186-F187-F188-F189-F190-F191-F192-F193-F194-F195-F196-F197-F198-F199-F200-F201-F202-F203-F204-F205-F206-F207-F208-F209-F210-F211-F212-F213-F214-F215-F216-F217-F218-F219-F220-F221-F222-F223-F224-F225-F226-F227-F228-F229-F230-F231-F232-F233-F234-F235-F236-F237-F238-F239-F240-F241-F242-F243-F244-F245-F246-F247-F248-F249-F250-F251-F252-F253-F254-F255-F256-F257-F258-F259-F260-F261-F262-F263-F264-F265-F266-F267-F268-F269-F270-F271-F272-F273-F274-F275-F276-F277-F278-F279-F280-F281-F282-F283-F284-F285-F286-F287-F288-F289-F290-F291-F292-F293-F294-F295-F296-F297-F298-F299-F300-F301-F302-F303-F304-F305-F306-F307-F308-F309-F310-F311-F312-F313-F314-F315-F316-F317-F318-F319-F320-F321-F322-F323-F324-F325-F326-F327-F328-F329-F330-F331-F332-F333-F334-F335-F336-F337-F338-F339-F340-F341-F342-F343-F344-F345-F346-F347-F348-F349-F350-F351-F352-F353-F354-F355-F356-F357-F358-F359-F360-F361-F362-F363-F364-F365-F366-F367-F368-F369-F370-F371-F372-F373-F374-F375-F376-F377-F378-F379-F380-F381-F382-F383-F384-F385-F386-F387-F388-F389-F390-F391-F392-F393-F394-F395-F396-F397-F398-F399-F400-F401-F402-F403-F404-F405-F406-F407-F408-F409-F410-F411-F412-F413-F414-F415-F416-F417-F418-F419-F420-F421-F422-F423-F424-F425-F426-F427-F428-F429-F430-F431-F432-F433-F434-F435-F436-F437-F438-F439-F440-F441-F442-F443-F444-F445-F446-F447-F448-F449-F450-F451-F452-F453-F454-F455-F456-F457-F458-F459-F460-F461-F462-F463-F464-F465-F466-F467-F468-F469-F470-F471-F472-F473-F474-F475-F476-F477-F478-F479-F480-F481-F482-F483-F484-F485-F486-F487-F488-F489-F490-F491-F492-F493-F494-F495-F496-O497506-F512

## Summary

Number of input bits: 512  
Number of free input bits: 14  
Number of output bits: 160

Number of direct occurrences: 57443  
Number of assignments: 31945  
Number of operations: 11276148
(xor: 11247660,
and: 14867,
or: 13621)

Total complexity: 1.426395547416506 × 10^302

Least occurring input variable: iv_502 (3899)  
Most occurring input variable: iv_510 (4281)

Most co-occurring input variables: iv_509-iv_510 (2133)  
Least co-occurring input variables: iv_498-iv_502 (1762)

Potentially most occurring input variable: iv_497/iv_510 (4637)  
Potentially least occurring input variable: iv_499/iv_508 (4104)

Least output occurring input variable: iv_510 (74)  
Most output occurring input variable: iv_508 (86)

Most output co-occurring input variables: iv_498-iv_501 (46)  
Least output co-occurring input variables: iv_497-iv_510 (30)

Potentially most output occurring input variable: iv_497/iv_509 (97)  
Potentially least output occurring input variable: iv_497/iv_500 (67)

Least complex input bit: iv_511 (2.690439497368575 × 10^298)  
Most complex input bit: iv_510 (3.54134980454941 × 10^301)

Least complex output bit: aaa_76_29 (9.070113289723058 × 10^276)  
Most complex output bit: ov_001 (2.2299900743853488 × 10^301)

Least complex input/output complexity: iv_511/aaa_76_29 (1.7107871014093255 × 10^273)  
Most complex input/output complexity: iv_510/ov_001 (5.5364551076838894 × 10^300)

## Input Bits

### Input Bits in Regular Order

| Input Bit | Complexity | Occurrences | Output Occurrences |
|:---------:|:----------:|:-----------:|:------------------:|
| iv_497 | 1.1634957852042853 × 10^301 | 4234 | 77 |
| iv_498 | 2.515101815487146 × 10^299 | 3937 | 84 |
| iv_499 | 4.42631755978171 × 10^299 | 3953 | 77 |
| iv_500 | 7.445883689163802 × 10^299 | 4131 | 76 |
| iv_501 | 1.251501929313658 × 10^300 | 4107 | 83 |
| iv_502 | 2.0333999886090856 × 10^300 | 3899 | 82 |
| iv_503 | 3.22880096023539 × 10^300 | 4171 | 78 |
| iv_504 | 5.02000392627149 × 10^300 | 3944 | 78 |
| iv_505 | 7.664903016766695 × 10^300 | 3940 | 79 |
| iv_507 | 1.7015404262800926 × 10^301 | 4194 | 76 |
| iv_508 | 2.4322448989120328 × 10^301 | 4167 | 86 |
| iv_509 | 3.3589001069579317 × 10^301 | 4258 | 80 |
| iv_510 | 3.54134980454941 × 10^301 | 4281 | 74 |
| iv_511 | 2.690439497368575 × 10^298 | 4227 | 78 |

### Input Bits Sorted by Complexity

| Input Bit | Complexity | Occurrences | Output Occurrences |
|:---------:|:----------:|:-----------:|:------------------:|
| iv_511 | 2.690439497368575 × 10^298 | 4227 | 78 |
| iv_498 | 2.515101815487146 × 10^299 | 3937 | 84 |
| iv_499 | 4.42631755978171 × 10^299 | 3953 | 77 |
| iv_500 | 7.445883689163802 × 10^299 | 4131 | 76 |
| iv_501 | 1.251501929313658 × 10^300 | 4107 | 83 |
| iv_502 | 2.0333999886090856 × 10^300 | 3899 | 82 |
| iv_503 | 3.22880096023539 × 10^300 | 4171 | 78 |
| iv_504 | 5.02000392627149 × 10^300 | 3944 | 78 |
| iv_505 | 7.664903016766695 × 10^300 | 3940 | 79 |
| iv_497 | 1.1634957852042853 × 10^301 | 4234 | 77 |
| iv_507 | 1.7015404262800926 × 10^301 | 4194 | 76 |
| iv_508 | 2.4322448989120328 × 10^301 | 4167 | 86 |
| iv_509 | 3.3589001069579317 × 10^301 | 4258 | 80 |
| iv_510 | 3.54134980454941 × 10^301 | 4281 | 74 |

### Input Bits Sorted by Occurrences

| Input Bit | Complexity | Occurrences | Output Occurrences |
|:---------:|:----------:|:-----------:|:------------------:|
| iv_502 | 2.0333999886090856 × 10^300 | 3899 | 82 |
| iv_498 | 2.515101815487146 × 10^299 | 3937 | 84 |
| iv_505 | 7.664903016766695 × 10^300 | 3940 | 79 |
| iv_504 | 5.02000392627149 × 10^300 | 3944 | 78 |
| iv_499 | 4.42631755978171 × 10^299 | 3953 | 77 |
| iv_501 | 1.251501929313658 × 10^300 | 4107 | 83 |
| iv_500 | 7.445883689163802 × 10^299 | 4131 | 76 |
| iv_508 | 2.4322448989120328 × 10^301 | 4167 | 86 |
| iv_503 | 3.22880096023539 × 10^300 | 4171 | 78 |
| iv_507 | 1.7015404262800926 × 10^301 | 4194 | 76 |
| iv_511 | 2.690439497368575 × 10^298 | 4227 | 78 |
| iv_497 | 1.1634957852042853 × 10^301 | 4234 | 77 |
| iv_509 | 3.3589001069579317 × 10^301 | 4258 | 80 |
| iv_510 | 3.54134980454941 × 10^301 | 4281 | 74 |

### Input Bits Sorted by Output Occurrences

| Input Bit | Complexity | Occurrences | Output Occurrences |
|:---------:|:----------:|:-----------:|:------------------:|
| iv_510 | 3.54134980454941 × 10^301 | 4281 | 74 |
| iv_500 | 7.445883689163802 × 10^299 | 4131 | 76 |
| iv_507 | 1.7015404262800926 × 10^301 | 4194 | 76 |
| iv_497 | 1.1634957852042853 × 10^301 | 4234 | 77 |
| iv_499 | 4.42631755978171 × 10^299 | 3953 | 77 |
| iv_503 | 3.22880096023539 × 10^300 | 4171 | 78 |
| iv_504 | 5.02000392627149 × 10^300 | 3944 | 78 |
| iv_511 | 2.690439497368575 × 10^298 | 4227 | 78 |
| iv_505 | 7.664903016766695 × 10^300 | 3940 | 79 |
| iv_509 | 3.3589001069579317 × 10^301 | 4258 | 80 |
| iv_502 | 2.0333999886090856 × 10^300 | 3899 | 82 |
| iv_501 | 1.251501929313658 × 10^300 | 4107 | 83 |
| iv_498 | 2.515101815487146 × 10^299 | 3937 | 84 |
| iv_508 | 2.4322448989120328 × 10^301 | 4167 | 86 |

## Input Bit Co-occurrences

### Input Bit Co-occurrences Sorted by Co-occurrences

| Input Bits | Co-occurrences | Potential Occurrences | Output Co-occurrences | Potential Output Occurrences |
|:----------:|:--------------:|:---------------------:|:---------------------:|:----------------------------:|
| iv_509-iv_510 | 2133 | 4273 | 37 | 80 |
| iv_500-iv_511 | 2084 | 4190 | 37 | 80 |
| iv_510-iv_511 | 2083 | 4342 | 40 | 72 |
| iv_509-iv_511 | 2081 | 4323 | 37 | 84 |
| iv_507-iv_508 | 2074 | 4213 | 44 | 74 |
| iv_508-iv_511 | 2074 | 4246 | 42 | 80 |
| iv_500-iv_510 | 2071 | 4270 | 41 | 68 |
| iv_508-iv_509 | 2062 | 4301 | 41 | 84 |
| iv_508-iv_510 | 2056 | 4336 | 37 | 86 |
| iv_503-iv_508 | 2046 | 4246 | 45 | 74 |
| iv_501-iv_509 | 2041 | 4283 | 45 | 73 |
| iv_501-iv_511 | 2037 | 4260 | 39 | 83 |
| iv_507-iv_509 | 2036 | 4380 | 38 | 80 |
| iv_500-iv_508 | 2033 | 4232 | 38 | 86 |

### Input Bit Co-occurrences Sorted by Potential Occurrences

| Input Bits | Co-occurrences | Potential Occurrences | Output Co-occurrences | Potential Output Occurrences |
|:----------:|:--------------:|:---------------------:|:---------------------:|:----------------------------:|
| iv_499-iv_508 | 2008 | 4104 | 44 | 75 |
| iv_504-iv_508 | 1995 | 4121 | 44 | 76 |
| iv_502-iv_505 | 1836 | 4167 | 36 | 89 |
| iv_499-iv_504 | 1862 | 4173 | 35 | 85 |
| iv_501-iv_505 | 1937 | 4173 | 45 | 72 |
| iv_504-iv_505 | 1853 | 4178 | 41 | 75 |
| iv_499-iv_505 | 1852 | 4189 | 38 | 80 |
| iv_500-iv_511 | 2084 | 4190 | 37 | 80 |
| iv_498-iv_504 | 1844 | 4193 | 45 | 72 |
| iv_499-iv_501 | 1929 | 4202 | 42 | 76 |
| iv_502-iv_508 | 1931 | 4204 | 41 | 86 |
| iv_499-iv_509 | 2001 | 4209 | 39 | 79 |
| iv_507-iv_508 | 2074 | 4213 | 44 | 74 |
| iv_500-iv_505 | 1929 | 4213 | 42 | 71 |

### Input Bit Output Co-occurrences Sorted by Output Co-occurrences

| Input Bits | Co-occurrences | Potential Occurrences | Output Co-occurrences | Potential Output Occurrences |
|:----------:|:--------------:|:---------------------:|:---------------------:|:----------------------------:|
| iv_498-iv_501 | 1869 | 4306 | 46 | 75 |
| iv_501-iv_505 | 1937 | 4173 | 45 | 72 |
| iv_501-iv_509 | 2041 | 4283 | 45 | 73 |
| iv_503-iv_508 | 2046 | 4246 | 45 | 74 |
| iv_498-iv_504 | 1844 | 4193 | 45 | 72 |
| iv_498-iv_508 | 1940 | 4224 | 45 | 80 |
| iv_504-iv_508 | 1995 | 4121 | 44 | 76 |
| iv_505-iv_508 | 1929 | 4249 | 44 | 77 |
| iv_498-iv_499 | 1823 | 4244 | 44 | 73 |
| iv_498-iv_502 | 1762 | 4312 | 44 | 78 |
| iv_499-iv_508 | 2008 | 4104 | 44 | 75 |
| iv_502-iv_511 | 1922 | 4282 | 44 | 72 |
| iv_507-iv_508 | 2074 | 4213 | 44 | 74 |
| iv_497-iv_500 | 1976 | 4413 | 43 | 67 |

### Input Bit Output Co-occurrences Sorted by Potential Output Occurrences

| Input Bits | Co-occurrences | Potential Occurrences | Output Co-occurrences | Potential Output Occurrences |
|:----------:|:--------------:|:---------------------:|:---------------------:|:----------------------------:|
| iv_497-iv_500 | 1976 | 4413 | 43 | 67 |
| iv_500-iv_510 | 2071 | 4270 | 41 | 68 |
| iv_500-iv_505 | 1929 | 4213 | 42 | 71 |
| iv_501-iv_505 | 1937 | 4173 | 45 | 72 |
| iv_498-iv_504 | 1844 | 4193 | 45 | 72 |
| iv_502-iv_511 | 1922 | 4282 | 44 | 72 |
| iv_510-iv_511 | 2083 | 4342 | 40 | 72 |
| iv_501-iv_509 | 2041 | 4283 | 45 | 73 |
| iv_503-iv_505 | 1935 | 4241 | 42 | 73 |
| iv_498-iv_499 | 1823 | 4244 | 44 | 73 |
| iv_499-iv_500 | 1897 | 4290 | 40 | 73 |
| iv_505-iv_510 | 1999 | 4223 | 40 | 73 |
| iv_503-iv_508 | 2046 | 4246 | 45 | 74 |
| iv_502-iv_507 | 1898 | 4297 | 42 | 74 |

## Output Bits

### Output Bits in Regular Order

| Rank | Output Bit | Complexity |
|:----:|:----------:|:----------:|
| 1 | ov_001 | 2.2299900743853488 × 10^301 |
| 2 | ov_002 | 1.9404497047029642 × 10^301 |
| 3 | ov_003 | 1.6805104286926067 × 10^301 |
| 4 | ov_004 | 1.447952063941402 × 10^301 |
| 5 | ov_005 | 1.2406759735141713 × 10^301 |
| 6 | ov_006 | 1.0566964963864215 × 10^301 |
| 7 | ov_007 | 8.941334941811062 × 10^300 |
| 8 | ov_008 | 7.512059114258684 × 10^300 |
| 9 | ov_009 | 6.262262520421965 × 10^300 |
| 10 | ov_010 | 5.1759588007310003 × 10^300 |
| 11 | ov_011 | 4.2380105778750126 × 10^300 |
| 12 | ov_012 | 3.4340963929890215 × 10^300 |
| 13 | ov_013 | 2.75068342730024 × 10^300 |
| 14 | ov_014 | 2.1750052876710362 × 10^300 |
| 15 | ov_015 | 1.6950441819671544 × 10^300 |
| 16 | ov_016 | 1.299516857203891 × 10^300 |
| 17 | ov_017 | 9.778637201086149 × 10^299 |
| 18 | ov_018 | 7.2024060618746365 × 10^299 |
| 19 | ov_019 | 5.175127096750492 × 10^299 |
| 20 | ov_020 | 3.6125023293504647 × 10^299 |
| 21 | ov_021 | 2.4372536000555735 × 10^299 |
| 22 | ov_022 | 1.5791020507147551 × 10^299 |
| 23 | ov_023 | 9.747544590291215 × 10^298 |
| 24 | ov_024 | 5.678943504630736 × 10^298 |
| 25 | ov_025 | 3.0917655663149446 × 10^298 |
| 26 | ov_026 | 1.5622423253630474 × 10^298 |
| 27 | ov_027 | 7.362745209295117 × 10^297 |
| 28 | ov_028 | 3.294265389164161 × 10^297 |
| 29 | ov_029 | 1.26924626482783 × 10^297 |
| 30 | ov_030 | 3.8797279738132 × 10^296 |
| 31 | ov_031 | 7.566106507470623 × 10^295 |
| 32 | lv_80_m31 | 1.4752064990271947 × 10^295 |
| 33 | ov_033 | 1.7763464633562576 × 10^296 |
| 34 | ov_034 | 1.5425906117251583 × 10^296 |
| 35 | ov_035 | 1.3330415570545076 × 10^296 |
| 36 | ov_036 | 1.145868390903692 × 10^296 |
| 37 | ov_037 | 9.793403397972884 × 10^295 |
| 38 | ov_038 | 8.318196898866231 × 10^295 |
| 39 | ov_039 | 7.017556362508233 × 10^295 |
| 40 | ov_040 | 5.876789716303991 × 10^295 |
| 41 | ov_041 | 4.881975338440559 × 10^295 |
| 42 | ov_042 | 4.019923354935763 × 10^295 |
| 43 | ov_043 | 3.2781430382458754 × 10^295 |
| 44 | ov_044 | 2.644815627944084 × 10^295 |
| 45 | ov_045 | 2.1087719351267374 × 10^295 |
| 46 | ov_046 | 1.659474132762574 × 10^295 |
| 47 | ov_047 | 1.2870011742650203 × 10^295 |
| 48 | ov_048 | 9.820373222179417 × 10^294 |
| 49 | ov_049 | 7.358633084917759 × 10^294 |
| 50 | ov_050 | 5.4034968602010654 × 10^294 |
| 51 | ov_051 | 3.879519713287759 × 10^294 |
| 52 | ov_052 | 2.717072155723598 × 10^294 |
| 53 | ov_053 | 1.85231680380398 × 10^294 |
| 54 | ov_054 | 1.2271933328423888 × 10^294 |
| 55 | ov_055 | 7.894091591311985 × 10^293 |
| 56 | ov_056 | 4.92433847662753 × 10^293 |
| 57 | ov_057 | 2.954958503324233 × 10^293 |
| 58 | ov_058 | 1.635807139989723 × 10^293 |
| 59 | ov_059 | 8.062033313014239 × 10^292 |
| 60 | ov_060 | 3.3424568628127996 × 10^292 |
| 61 | ov_061 | 1.168114897776337 × 10^292 |
| 62 | ov_062 | 3.205979383617191 × 10^291 |
| 63 | ov_063 | 6.252056530156837 × 10^290 |
| 64 | lv_79_m31 | 1.2189653723720305 × 10^290 |
| 65 | ov_065 | 1.4639916541684766 × 10^291 |
| 66 | ov_066 | 1.4639882690756923 × 10^291 |
| 67 | ov_067 | 1.463987473901049 × 10^291 |
| 68 | ov_068 | 1.2709141401603414 × 10^291 |
| 69 | ov_069 | 1.0977745661433886 × 10^291 |
| 70 | ov_070 | 9.430962051664327 × 10^290 |
| 71 | ov_071 | 8.054766520189784 × 10^290 |
| 72 | ov_072 | 6.8358011472952465 × 10^290 |
| 73 | ov_073 | 5.761346309673603 × 10^290 |
| 74 | ov_074 | 4.8192980273235894 × 10^290 |
| 75 | ov_075 | 3.998148582874874 × 10^290 |
| 76 | ov_076 | 3.286969302577558 × 10^290 |
| 77 | ov_077 | 2.675395144060714 × 10^290 |
| 78 | ov_078 | 2.153610984709678 × 10^290 |
| 79 | ov_079 | 1.7123395065639222 × 10^290 |
| 80 | ov_080 | 1.3428305752314983 × 10^290 |
| 81 | ov_081 | 1.0368520115271514 × 10^290 |
| 82 | ov_082 | 7.866816554377741 × 10^289 |
| 83 | ov_083 | 5.851006226627933 × 10^289 |
| 84 | ov_084 | 4.2538765442395637 × 10^289 |
| 85 | ov_085 | 3.0131446153774765 × 10^289 |
| 86 | ov_086 | 2.0714196393663513 × 10^289 |
| 87 | ov_087 | 1.3761732694646387 × 10^289 |
| 88 | ov_088 | 8.797169570120087 × 10^288 |
| 89 | ov_089 | 5.3918529119049696 × 10^288 |
| 90 | ov_090 | 3.165243488670889 × 10^288 |
| 91 | ov_091 | 1.7848406909462502 × 10^288 |
| 92 | ov_092 | 9.661367515311283 × 10^287 |
| 93 | ov_093 | 4.725921572235632 × 10^287 |
| 94 | ov_094 | 1.979271883537908 × 10^287 |
| 95 | aaa_78_28 | 5.983888654790091 × 10^286 |
| 96 | aaa_78_29 | 1.7779148428205675 × 10^286 |
| 97 | ov_097 | 1.0001954131833758 × 10^286 |
| 98 | ov_098 | 1.0001790670651146 × 10^286 |
| 99 | ov_099 | 1.0001738411486025 × 10^286 |
| 100 | ov_100 | 8.163875122369904 × 10^285 |
| 101 | ov_101 | 6.645119018952576 × 10^285 |
| 102 | ov_102 | 5.405048297307395 × 10^285 |
| 103 | ov_103 | 4.4054794447922954 × 10^285 |
| 104 | ov_104 | 3.6103048009587824 × 10^285 |
| 105 | ov_105 | 2.9853507156802414 × 10^285 |
| 106 | ov_106 | 2.4982544593934955 × 10^285 |
| 107 | ov_107 | 2.118358137522516 × 10^285 |
| 108 | ov_108 | 1.8166179545862532 × 10^285 |
| 109 | ov_109 | 1.565527263861865 × 10^285 |
| 110 | ov_110 | 1.3390519263694481 × 10^285 |
| 111 | ov_111 | 1.1358172652293925 × 10^285 |
| 112 | ov_112 | 9.544843219460407 × 10^284 |
| 113 | ov_113 | 7.937426061660722 × 10^284 |
| 114 | ov_114 | 6.523039038848726 × 10^284 |
| 115 | ov_115 | 5.2889706271669606 × 10^284 |
| 116 | ov_116 | 4.222636731077478 × 10^284 |
| 117 | ov_117 | 3.311545645289819 × 10^284 |
| 118 | ov_118 | 2.5432703577317857 × 10^284 |
| 119 | ov_119 | 1.9054273852732606 × 10^284 |
| 120 | ov_120 | 1.3856613341606597 × 10^284 |
| 121 | ov_121 | 9.716343772556576 × 10^283 |
| 122 | ov_122 | 6.510194780927325 × 10^283 |
| 123 | ov_123 | 4.114959306244621 × 10^283 |
| 124 | ov_124 | 2.4074634763335355 × 10^283 |
| 125 | ov_125 | 1.2645479292460063 × 10^283 |
| 126 | ov_126 | 5.630582737606864 × 10^282 |
| 127 | aaa_77_28 | 1.798414225157693 × 10^282 |
| 128 | aaa_77_29 | 6.744672863749298 × 10^281 |
| 129 | ov_129 | 6.301429970711218 × 10^281 |
| 130 | ov_130 | 6.301412286782028 × 10^281 |
| 131 | ov_131 | 6.3014080054000314 × 10^281 |
| 132 | ov_132 | 5.475863087417885 × 10^281 |
| 133 | ov_133 | 4.735293150353994 × 10^281 |
| 134 | ov_134 | 4.073312812702364 × 10^281 |
| 135 | ov_135 | 3.483884289085602 × 10^281 |
| 136 | ov_136 | 2.9612926378527895 × 10^281 |
| 137 | ov_137 | 2.500124289238543 × 10^281 |
| 138 | ov_138 | 2.0952485512903163 × 10^281 |
| 139 | ov_139 | 1.7418018065023176 × 10^281 |
| 140 | ov_140 | 1.4351741273129248 × 10^281 |
| 141 | ov_141 | 1.170998053433209 × 10^281 |
| 142 | ov_142 | 9.4513928846716 × 10^280 |
| 143 | ov_143 | 7.536890875356894 × 10^280 |
| 144 | ov_144 | 5.929581216896971 × 10^280 |
| 145 | ov_145 | 4.594716188437874 × 10^280 |
| 146 | ov_146 | 3.499655948220665 × 10^280 |
| 147 | ov_147 | 2.613840019113856 × 10^280 |
| 148 | ov_148 | 1.9087663608701828 × 10^280 |
| 149 | ov_149 | 1.357976578251555 × 10^280 |
| 150 | ov_150 | 9.370459515391604 × 10^279 |
| 151 | ov_151 | 6.235771132433352 × 10^279 |
| 152 | ov_152 | 3.97196332076253 × 10^279 |
| 153 | ov_153 | 2.3955150246774314 × 10^279 |
| 154 | ov_154 | 1.3431110573698636 × 10^279 |
| 155 | ov_155 | 6.716364936606287 × 10^278 |
| 156 | aaa_76_25 | 2.5817361735014122 × 10^278 |
| 157 | aaa_76_26 | 1.4919680066567136 × 10^278 |
| 158 | aaa_76_27 | 7.643524476719532 × 10^277 |
| 159 | aaa_76_28 | 2.979181812770775 × 10^277 |
| 160 | aaa_76_29 | 9.070113289723058 × 10^276 |

### Output Bits Sorted by Complexity

| Rank | Output Bit | Complexity |
|:----:|:----------:|:----------:|
| 160 | aaa_76_29 | 9.070113289723058 × 10^276 |
| 159 | aaa_76_28 | 2.979181812770775 × 10^277 |
| 158 | aaa_76_27 | 7.643524476719532 × 10^277 |
| 157 | aaa_76_26 | 1.4919680066567136 × 10^278 |
| 156 | aaa_76_25 | 2.5817361735014122 × 10^278 |
| 155 | ov_155 | 6.716364936606287 × 10^278 |
| 154 | ov_154 | 1.3431110573698636 × 10^279 |
| 153 | ov_153 | 2.3955150246774314 × 10^279 |
| 152 | ov_152 | 3.97196332076253 × 10^279 |
| 151 | ov_151 | 6.235771132433352 × 10^279 |
| 150 | ov_150 | 9.370459515391604 × 10^279 |
| 149 | ov_149 | 1.357976578251555 × 10^280 |
| 148 | ov_148 | 1.9087663608701828 × 10^280 |
| 147 | ov_147 | 2.613840019113856 × 10^280 |
| 146 | ov_146 | 3.499655948220665 × 10^280 |
| 145 | ov_145 | 4.594716188437874 × 10^280 |
| 144 | ov_144 | 5.929581216896971 × 10^280 |
| 143 | ov_143 | 7.536890875356894 × 10^280 |
| 142 | ov_142 | 9.4513928846716 × 10^280 |
| 141 | ov_141 | 1.170998053433209 × 10^281 |
| 140 | ov_140 | 1.4351741273129248 × 10^281 |
| 139 | ov_139 | 1.7418018065023176 × 10^281 |
| 138 | ov_138 | 2.0952485512903163 × 10^281 |
| 137 | ov_137 | 2.500124289238543 × 10^281 |
| 136 | ov_136 | 2.9612926378527895 × 10^281 |
| 135 | ov_135 | 3.483884289085602 × 10^281 |
| 134 | ov_134 | 4.073312812702364 × 10^281 |
| 133 | ov_133 | 4.735293150353994 × 10^281 |
| 132 | ov_132 | 5.475863087417885 × 10^281 |
| 131 | ov_131 | 6.3014080054000314 × 10^281 |
| 130 | ov_130 | 6.301412286782028 × 10^281 |
| 129 | ov_129 | 6.301429970711218 × 10^281 |
| 128 | aaa_77_29 | 6.744672863749298 × 10^281 |
| 127 | aaa_77_28 | 1.798414225157693 × 10^282 |
| 126 | ov_126 | 5.630582737606864 × 10^282 |
| 125 | ov_125 | 1.2645479292460063 × 10^283 |
| 124 | ov_124 | 2.4074634763335355 × 10^283 |
| 123 | ov_123 | 4.114959306244621 × 10^283 |
| 122 | ov_122 | 6.510194780927325 × 10^283 |
| 121 | ov_121 | 9.716343772556576 × 10^283 |
| 120 | ov_120 | 1.3856613341606597 × 10^284 |
| 119 | ov_119 | 1.9054273852732606 × 10^284 |
| 118 | ov_118 | 2.5432703577317857 × 10^284 |
| 117 | ov_117 | 3.311545645289819 × 10^284 |
| 116 | ov_116 | 4.222636731077478 × 10^284 |
| 115 | ov_115 | 5.2889706271669606 × 10^284 |
| 114 | ov_114 | 6.523039038848726 × 10^284 |
| 113 | ov_113 | 7.937426061660722 × 10^284 |
| 112 | ov_112 | 9.544843219460407 × 10^284 |
| 111 | ov_111 | 1.1358172652293925 × 10^285 |
| 110 | ov_110 | 1.3390519263694481 × 10^285 |
| 109 | ov_109 | 1.565527263861865 × 10^285 |
| 108 | ov_108 | 1.8166179545862532 × 10^285 |
| 107 | ov_107 | 2.118358137522516 × 10^285 |
| 106 | ov_106 | 2.4982544593934955 × 10^285 |
| 105 | ov_105 | 2.9853507156802414 × 10^285 |
| 104 | ov_104 | 3.6103048009587824 × 10^285 |
| 103 | ov_103 | 4.4054794447922954 × 10^285 |
| 102 | ov_102 | 5.405048297307395 × 10^285 |
| 101 | ov_101 | 6.645119018952576 × 10^285 |
| 100 | ov_100 | 8.163875122369904 × 10^285 |
| 99 | ov_099 | 1.0001738411486025 × 10^286 |
| 98 | ov_098 | 1.0001790670651146 × 10^286 |
| 97 | ov_097 | 1.0001954131833758 × 10^286 |
| 96 | aaa_78_29 | 1.7779148428205675 × 10^286 |
| 95 | aaa_78_28 | 5.983888654790091 × 10^286 |
| 94 | ov_094 | 1.979271883537908 × 10^287 |
| 93 | ov_093 | 4.725921572235632 × 10^287 |
| 92 | ov_092 | 9.661367515311283 × 10^287 |
| 91 | ov_091 | 1.7848406909462502 × 10^288 |
| 90 | ov_090 | 3.165243488670889 × 10^288 |
| 89 | ov_089 | 5.3918529119049696 × 10^288 |
| 88 | ov_088 | 8.797169570120087 × 10^288 |
| 87 | ov_087 | 1.3761732694646387 × 10^289 |
| 86 | ov_086 | 2.0714196393663513 × 10^289 |
| 85 | ov_085 | 3.0131446153774765 × 10^289 |
| 84 | ov_084 | 4.2538765442395637 × 10^289 |
| 83 | ov_083 | 5.851006226627933 × 10^289 |
| 82 | ov_082 | 7.866816554377741 × 10^289 |
| 81 | ov_081 | 1.0368520115271514 × 10^290 |
| 64 | lv_79_m31 | 1.2189653723720305 × 10^290 |
| 80 | ov_080 | 1.3428305752314983 × 10^290 |
| 79 | ov_079 | 1.7123395065639222 × 10^290 |
| 78 | ov_078 | 2.153610984709678 × 10^290 |
| 77 | ov_077 | 2.675395144060714 × 10^290 |
| 76 | ov_076 | 3.286969302577558 × 10^290 |
| 75 | ov_075 | 3.998148582874874 × 10^290 |
| 74 | ov_074 | 4.8192980273235894 × 10^290 |
| 73 | ov_073 | 5.761346309673603 × 10^290 |
| 63 | ov_063 | 6.252056530156837 × 10^290 |
| 72 | ov_072 | 6.8358011472952465 × 10^290 |
| 71 | ov_071 | 8.054766520189784 × 10^290 |
| 70 | ov_070 | 9.430962051664327 × 10^290 |
| 69 | ov_069 | 1.0977745661433886 × 10^291 |
| 68 | ov_068 | 1.2709141401603414 × 10^291 |
| 67 | ov_067 | 1.463987473901049 × 10^291 |
| 66 | ov_066 | 1.4639882690756923 × 10^291 |
| 65 | ov_065 | 1.4639916541684766 × 10^291 |
| 62 | ov_062 | 3.205979383617191 × 10^291 |
| 61 | ov_061 | 1.168114897776337 × 10^292 |
| 60 | ov_060 | 3.3424568628127996 × 10^292 |
| 59 | ov_059 | 8.062033313014239 × 10^292 |
| 58 | ov_058 | 1.635807139989723 × 10^293 |
| 57 | ov_057 | 2.954958503324233 × 10^293 |
| 56 | ov_056 | 4.92433847662753 × 10^293 |
| 55 | ov_055 | 7.894091591311985 × 10^293 |
| 54 | ov_054 | 1.2271933328423888 × 10^294 |
| 53 | ov_053 | 1.85231680380398 × 10^294 |
| 52 | ov_052 | 2.717072155723598 × 10^294 |
| 51 | ov_051 | 3.879519713287759 × 10^294 |
| 50 | ov_050 | 5.4034968602010654 × 10^294 |
| 49 | ov_049 | 7.358633084917759 × 10^294 |
| 48 | ov_048 | 9.820373222179417 × 10^294 |
| 47 | ov_047 | 1.2870011742650203 × 10^295 |
| 32 | lv_80_m31 | 1.4752064990271947 × 10^295 |
| 46 | ov_046 | 1.659474132762574 × 10^295 |
| 45 | ov_045 | 2.1087719351267374 × 10^295 |
| 44 | ov_044 | 2.644815627944084 × 10^295 |
| 43 | ov_043 | 3.2781430382458754 × 10^295 |
| 42 | ov_042 | 4.019923354935763 × 10^295 |
| 41 | ov_041 | 4.881975338440559 × 10^295 |
| 40 | ov_040 | 5.876789716303991 × 10^295 |
| 39 | ov_039 | 7.017556362508233 × 10^295 |
| 31 | ov_031 | 7.566106507470623 × 10^295 |
| 38 | ov_038 | 8.318196898866231 × 10^295 |
| 37 | ov_037 | 9.793403397972884 × 10^295 |
| 36 | ov_036 | 1.145868390903692 × 10^296 |
| 35 | ov_035 | 1.3330415570545076 × 10^296 |
| 34 | ov_034 | 1.5425906117251583 × 10^296 |
| 33 | ov_033 | 1.7763464633562576 × 10^296 |
| 30 | ov_030 | 3.8797279738132 × 10^296 |
| 29 | ov_029 | 1.26924626482783 × 10^297 |
| 28 | ov_028 | 3.294265389164161 × 10^297 |
| 27 | ov_027 | 7.362745209295117 × 10^297 |
| 26 | ov_026 | 1.5622423253630474 × 10^298 |
| 25 | ov_025 | 3.0917655663149446 × 10^298 |
| 24 | ov_024 | 5.678943504630736 × 10^298 |
| 23 | ov_023 | 9.747544590291215 × 10^298 |
| 22 | ov_022 | 1.5791020507147551 × 10^299 |
| 21 | ov_021 | 2.4372536000555735 × 10^299 |
| 20 | ov_020 | 3.6125023293504647 × 10^299 |
| 19 | ov_019 | 5.175127096750492 × 10^299 |
| 18 | ov_018 | 7.2024060618746365 × 10^299 |
| 17 | ov_017 | 9.778637201086149 × 10^299 |
| 16 | ov_016 | 1.299516857203891 × 10^300 |
| 15 | ov_015 | 1.6950441819671544 × 10^300 |
| 14 | ov_014 | 2.1750052876710362 × 10^300 |
| 13 | ov_013 | 2.75068342730024 × 10^300 |
| 12 | ov_012 | 3.4340963929890215 × 10^300 |
| 11 | ov_011 | 4.2380105778750126 × 10^300 |
| 10 | ov_010 | 5.1759588007310003 × 10^300 |
| 9 | ov_009 | 6.262262520421965 × 10^300 |
| 8 | ov_008 | 7.512059114258684 × 10^300 |
| 7 | ov_007 | 8.941334941811062 × 10^300 |
| 6 | ov_006 | 1.0566964963864215 × 10^301 |
| 5 | ov_005 | 1.2406759735141713 × 10^301 |
| 4 | ov_004 | 1.447952063941402 × 10^301 |
| 3 | ov_003 | 1.6805104286926067 × 10^301 |
| 2 | ov_002 | 1.9404497047029642 × 10^301 |
| 1 | ov_001 | 2.2299900743853488 × 10^301 |

