# Results for T001-T002-F003-F004-F005-T006-T007-F008-T009-F010-F011-T012-F013-F014-F015-T016-F017-F018-F019-F020-T021-F022-F023-T024-F025-T026-F027-T028-T029-F030-F031-F032-F033-F034-T035-F036-T037-T038-F039-F040-T041-T042-T043-F044-F045-F046-F047-F048-F049-F050-F051-F052-F053-F054-F055-F056-T057-F058-T059-F060-F061-T062-T063-T064-F065-T066-T067-T068-T069-T070-F071-T072-T073-T074-T075-T076-T077-T078-F079-F080-F081-F082-F083-F084-F085-F086-F087-T088-T089-F090-T091-F092-F093-F094-F095-T096-T097-F098-T099-F100-T101-F102-F103-T104-T105-T106-T107-F108-T109-T110-T111-T112-T113-T114-T115-T116-F117-T118-F119-T120-T121-F122-F123-F124-F125-T126-F127-F128-F129-T130-F131-F132-T133-F134-T135-T136-F137-F138-T139-T140-F141-T142-F143-T144-T145-T146-F147-F148-T149-T150-T151-F152-T153-T154-F155-F156-F157-T158-F159-T160-F161-F162-F163-T164-F165-T166-T167-F168-T169-F170-T171-T172-F173-F174-T175-F176-T177-T178-T179-T180-T181-F182-T183-T184-T185-F186-T187-F188-F189-T190-F191-T192-T193-F194-F195-F196-T197-F198-F199-T200-F201-T202-F203-F204-F205-F206-T207-F208-F209-F210-F211-T212-F213-T214-T215-T216-F217-T218-T219-F220-F221-F222-F223-F224-T225-F226-T227-T228-T229-T230-F231-F232-F233-F234-F235-T236-T237-T238-T239-T240-F241-T242-F243-F244-T245-T246-T247-T248-F249-T250-F251-T252-F253-T254-F255-F256-T257-F258-F259-F260-T261-F262-F263-T264-F265-F266-F267-T268-T269-F270-T271-F272-T273-F274-F275-F276-T277-F278-F279-T280-F281-F282-F283-T284-F285-T286-T287-F288-T289-T290-T291-F292-F293-T294-T295-F296-T297-F298-T299-T300-T301-T302-T303-F304-F305-F306-F307-F308-T309-T310-F311-T312-F313-T314-T315-F316-T317-F318-T319-F320-F321-F322-T323-F324-F325-F326-F327-F328-F329-T330-F331-F332-T333-T334-T335-F336-F337-T338-F339-T340-F341-F342-T343-T344-F345-T346-F347-T348-F349-F350-T351-T352-F353-T354-F355-F356-T357-F358-F359-F360-F361-T362-T363-T364-T365-T366-T367-F368-F369-T370-F371-F372-T373-F374-T375-T376-F377-T378-F379-F380-T381-F382-F383-F384-T385-F386-T387-F388-T389-F390-F391-F392-F393-T394-F395-T396-T397-T398-T399-T400-T401-T402-T403-F404-T405-F406-F407-F408-F409-F410-F411-T412-T413-F414-T415-F416-T417-T418-T419-T420-F421-F422-T423-F424-F425-T426-F427-F428-T429-F430-F431-T432-F433-T434-T435-T436-F437-F438-F439-F440-F441-T442-T443-T444-F445-F446-F447-F448-F449-F450-T451-F452-T453-T454-F456-T458-F459-F460-F461-T462-F463-F464-F465-T466-F467-T468-F469-F470-F471-F472-F473-T474-T475-T476-F477-F478-F479-F480-T507-T509

## Summary

Number of input bits: 512  
Number of free input bits: 32  
Number of output bits: 160

Number of assignments: 19734  
Number of operations: 47730
(xor: 20368,
and: 14032,
or: 13330)

Total complexity: 3.01351 × 10^326

Least complex input bit: iv_506 (1.49732 × 10^323)  
Most complex input bit: iv_505 (2.45162 × 10^325)

Least complex output bit: aaa_76_29 (2.57096 × 10^300)  
Most complex output bit: ov_001 (4.66695 × 10^325)

Least complex input/output complexity: iv_506/aaa_76_29 (1.27743 × 10^297)  
Most complex input/output complexity: iv_505/ov_001 (3.79676 × 10^324)

## Input Bits

| Input Bit | Complexity | Occurrences |
|:---------:|:----------:|:-----------:|
| iv_455 | 2.63058 × 10^324 | 28 |
| iv_457 | 9.72324 × 10^324 | 41 |
| iv_481 | 3.68959 × 10^323 | 49 |
| iv_482 | 1.51918 × 10^324 | 60 |
| iv_483 | 1.97838 × 10^324 | 49 |
| iv_484 | 4.83555 × 10^324 | 50 |
| iv_485 | 3.73991 × 10^324 | 45 |
| iv_486 | 4.62268 × 10^324 | 49 |
| iv_487 | 5.50557 × 10^324 | 45 |
| iv_488 | 6.38881 × 10^324 | 50 |
| iv_489 | 7.27288 × 10^324 | 52 |
| iv_490 | 8.15859 × 10^324 | 34 |
| iv_491 | 9.04881 × 10^324 | 34 |
| iv_492 | 9.94373 × 10^324 | 34 |
| iv_493 | 1.08458 × 10^325 | 34 |
| iv_494 | 1.17583 × 10^325 | 52 |
| iv_495 | 1.26854 × 10^325 | 52 |
| iv_496 | 1.36322 × 10^325 | 52 |
| iv_497 | 1.46049 × 10^325 | 52 |
| iv_498 | 1.56109 × 10^325 | 52 |
| iv_499 | 1.66591 × 10^325 | 52 |
| iv_500 | 1.77595 × 10^325 | 52 |
| iv_501 | 1.89239 × 10^325 | 52 |
| iv_502 | 2.01657 × 10^325 | 52 |
| iv_503 | 2.15000 × 10^325 | 52 |
| iv_504 | 2.29438 × 10^325 | 52 |
| iv_505 | 2.45162 × 10^325 | 71 |
| iv_506 | 1.49732 × 10^323 | 63 |
| iv_508 | 3.72146 × 10^323 | 70 |
| iv_510 | 8.57744 × 10^323 | 64 |
| iv_511 | 1.14986 × 10^324 | 64 |
| iv_512 | 1.47884 × 10^324 | 73 |

## Input Bits Sorted by Complexity

| Input Bit | Complexity | Occurrences |
|:---------:|:----------:|:-----------:|
| iv_506 | 1.49732 × 10^323 | 63 |
| iv_481 | 3.68959 × 10^323 | 49 |
| iv_508 | 3.72146 × 10^323 | 70 |
| iv_510 | 8.57744 × 10^323 | 64 |
| iv_511 | 1.14986 × 10^324 | 64 |
| iv_512 | 1.47884 × 10^324 | 73 |
| iv_482 | 1.51918 × 10^324 | 60 |
| iv_483 | 1.97838 × 10^324 | 49 |
| iv_455 | 2.63058 × 10^324 | 28 |
| iv_485 | 3.73991 × 10^324 | 45 |
| iv_486 | 4.62268 × 10^324 | 49 |
| iv_484 | 4.83555 × 10^324 | 50 |
| iv_487 | 5.50557 × 10^324 | 45 |
| iv_488 | 6.38881 × 10^324 | 50 |
| iv_489 | 7.27288 × 10^324 | 52 |
| iv_490 | 8.15859 × 10^324 | 34 |
| iv_491 | 9.04881 × 10^324 | 34 |
| iv_457 | 9.72324 × 10^324 | 41 |
| iv_492 | 9.94373 × 10^324 | 34 |
| iv_493 | 1.08458 × 10^325 | 34 |
| iv_494 | 1.17583 × 10^325 | 52 |
| iv_495 | 1.26854 × 10^325 | 52 |
| iv_496 | 1.36322 × 10^325 | 52 |
| iv_497 | 1.46049 × 10^325 | 52 |
| iv_498 | 1.56109 × 10^325 | 52 |
| iv_499 | 1.66591 × 10^325 | 52 |
| iv_500 | 1.77595 × 10^325 | 52 |
| iv_501 | 1.89239 × 10^325 | 52 |
| iv_502 | 2.01657 × 10^325 | 52 |
| iv_503 | 2.15000 × 10^325 | 52 |
| iv_504 | 2.29438 × 10^325 | 52 |
| iv_505 | 2.45162 × 10^325 | 71 |

## Input Bits Sorted by Occurrences

| Input Bit | Complexity | Occurrences |
|:---------:|:----------:|:-----------:|
| iv_455 | 2.63058 × 10^324 | 28 |
| iv_490 | 8.15859 × 10^324 | 34 |
| iv_493 | 1.08458 × 10^325 | 34 |
| iv_492 | 9.94373 × 10^324 | 34 |
| iv_491 | 9.04881 × 10^324 | 34 |
| iv_457 | 9.72324 × 10^324 | 41 |
| iv_485 | 3.73991 × 10^324 | 45 |
| iv_487 | 5.50557 × 10^324 | 45 |
| iv_481 | 3.68959 × 10^323 | 49 |
| iv_486 | 4.62268 × 10^324 | 49 |
| iv_483 | 1.97838 × 10^324 | 49 |
| iv_488 | 6.38881 × 10^324 | 50 |
| iv_484 | 4.83555 × 10^324 | 50 |
| iv_503 | 2.15000 × 10^325 | 52 |
| iv_494 | 1.17583 × 10^325 | 52 |
| iv_495 | 1.26854 × 10^325 | 52 |
| iv_504 | 2.29438 × 10^325 | 52 |
| iv_496 | 1.36322 × 10^325 | 52 |
| iv_497 | 1.46049 × 10^325 | 52 |
| iv_498 | 1.56109 × 10^325 | 52 |
| iv_499 | 1.66591 × 10^325 | 52 |
| iv_500 | 1.77595 × 10^325 | 52 |
| iv_501 | 1.89239 × 10^325 | 52 |
| iv_502 | 2.01657 × 10^325 | 52 |
| iv_489 | 7.27288 × 10^324 | 52 |
| iv_482 | 1.51918 × 10^324 | 60 |
| iv_506 | 1.49732 × 10^323 | 63 |
| iv_511 | 1.14986 × 10^324 | 64 |
| iv_510 | 8.57744 × 10^323 | 64 |
| iv_508 | 3.72146 × 10^323 | 70 |
| iv_505 | 2.45162 × 10^325 | 71 |
| iv_512 | 1.47884 × 10^324 | 73 |

## Output Bits

| Rank | Output Bit | Complexity |
|:----:|:----------:|:----------:|
| 1 | ov_001 | 4.66695 × 10^325 |
| 2 | ov_002 | 4.06558 × 10^325 |
| 3 | ov_003 | 3.52543 × 10^325 |
| 4 | ov_004 | 3.04188 × 10^325 |
| 5 | ov_005 | 2.61059 × 10^325 |
| 6 | ov_006 | 2.22747 × 10^325 |
| 7 | ov_007 | 1.88862 × 10^325 |
| 8 | ov_008 | 1.59037 × 10^325 |
| 9 | ov_009 | 1.32924 × 10^325 |
| 10 | ov_010 | 1.10193 × 10^325 |
| 11 | ov_011 | 9.05319 × 10^324 |
| 12 | ov_012 | 7.36462 × 10^324 |
| 13 | ov_013 | 5.92572 × 10^324 |
| 14 | ov_014 | 4.71024 × 10^324 |
| 15 | ov_015 | 3.69346 × 10^324 |
| 16 | ov_016 | 2.85221 × 10^324 |
| 17 | ov_017 | 2.16479 × 10^324 |
| 18 | ov_018 | 1.61097 × 10^324 |
| 19 | ov_019 | 1.17201 × 10^324 |
| 20 | ov_020 | 8.30604 × 10^323 |
| 21 | ov_021 | 5.70870 × 10^323 |
| 22 | ov_022 | 3.78390 × 10^323 |
| 23 | ov_023 | 2.40168 × 10^323 |
| 24 | ov_024 | 1.44644 × 10^323 |
| 25 | ov_025 | 8.16853 × 10^322 |
| 26 | ov_026 | 4.25899 × 10^322 |
| 27 | ov_027 | 2.00861 × 10^322 |
| 28 | ov_028 | 8.33151 × 10^321 |
| 29 | ov_029 | 2.91319 × 10^321 |
| 30 | ov_030 | 7.99989 × 10^320 |
| 31 | ov_031 | 1.56104 × 10^320 |
| 32 | lv_80_m31 | 3.04551 × 10^319 |
| 33 | ov_033 | 3.70983 × 10^320 |
| 34 | ov_034 | 3.23180 × 10^320 |
| 35 | ov_035 | 2.80242 × 10^320 |
| 36 | ov_036 | 2.41804 × 10^320 |
| 37 | ov_037 | 2.07520 × 10^320 |
| 38 | ov_038 | 1.77065 × 10^320 |
| 39 | ov_039 | 1.50129 × 10^320 |
| 40 | ov_040 | 1.26421 × 10^320 |
| 41 | ov_041 | 1.05663 × 10^320 |
| 42 | ov_042 | 8.75943 × 10^319 |
| 43 | ov_043 | 7.19654 × 10^319 |
| 44 | ov_044 | 5.85426 × 10^319 |
| 45 | ov_045 | 4.71045 × 10^319 |
| 46 | ov_046 | 3.74425 × 10^319 |
| 47 | ov_047 | 2.93600 × 10^319 |
| 48 | ov_048 | 2.26727 × 10^319 |
| 49 | ov_049 | 1.72083 × 10^319 |
| 50 | ov_050 | 1.28059 × 10^319 |
| 51 | ov_051 | 9.31657 × 10^318 |
| 52 | ov_052 | 6.60261 × 10^318 |
| 53 | ov_053 | 4.53794 × 10^318 |
| 54 | ov_054 | 3.00788 × 10^318 |
| 55 | ov_055 | 1.90914 × 10^318 |
| 56 | ov_056 | 1.14980 × 10^318 |
| 57 | ov_057 | 6.49330 × 10^317 |
| 58 | ov_058 | 3.38554 × 10^317 |
| 59 | ov_059 | 1.59668 × 10^317 |
| 60 | ov_060 | 6.62286 × 10^316 |
| 61 | ov_061 | 2.31574 × 10^316 |
| 62 | ov_062 | 6.35925 × 10^315 |
| 63 | ov_063 | 1.24090 × 10^315 |
| 64 | lv_79_m31 | 2.42093 × 10^314 |
| 65 | ov_065 | 2.94897 × 10^315 |
| 66 | ov_066 | 2.94896 × 10^315 |
| 67 | ov_067 | 2.94896 × 10^315 |
| 68 | ov_068 | 2.56896 × 10^315 |
| 69 | ov_069 | 2.22764 × 10^315 |
| 70 | ov_070 | 1.92209 × 10^315 |
| 71 | ov_071 | 1.64956 × 10^315 |
| 72 | ov_072 | 1.40747 × 10^315 |
| 73 | ov_073 | 1.19335 × 10^315 |
| 74 | ov_074 | 1.00489 × 10^315 |
| 75 | ov_075 | 8.39888 × 10^314 |
| 76 | ov_076 | 6.96251 × 10^314 |
| 77 | ov_077 | 5.72015 × 10^314 |
| 78 | ov_078 | 4.65315 × 10^314 |
| 79 | ov_079 | 3.74391 × 10^314 |
| 80 | ov_080 | 2.97586 × 10^314 |
| 81 | ov_081 | 2.33337 × 10^314 |
| 82 | ov_082 | 1.80179 × 10^314 |
| 83 | ov_083 | 1.36741 × 10^314 |
| 84 | ov_084 | 1.01746 × 10^314 |
| 85 | ov_085 | 7.40085 × 10^313 |
| 86 | ov_086 | 5.24347 × 10^313 |
| 87 | ov_087 | 3.60223 × 10^313 |
| 88 | ov_088 | 2.38596 × 10^313 |
| 89 | ov_089 | 1.51255 × 10^313 |
| 90 | ov_090 | 9.08943 × 10^312 |
| 91 | ov_091 | 5.11109 × 10^312 |
| 92 | ov_092 | 2.64067 × 10^312 |
| 93 | ov_093 | 1.21867 × 10^312 |
| 94 | ov_094 | 4.75912 × 10^311 |
| 95 | aaa_78_28 | 1.33532 × 10^311 |
| 96 | aaa_78_29 | 4.06866 × 10^310 |
| 97 | ov_097 | 2.34419 × 10^310 |
| 98 | ov_098 | 2.34418 × 10^310 |
| 99 | ov_099 | 2.34418 × 10^310 |
| 100 | ov_100 | 2.04211 × 10^310 |
| 101 | ov_101 | 1.77079 × 10^310 |
| 102 | ov_102 | 1.52790 × 10^310 |
| 103 | ov_103 | 1.31126 × 10^310 |
| 104 | ov_104 | 1.11882 × 10^310 |
| 105 | ov_105 | 9.48621 × 10^309 |
| 106 | ov_106 | 7.98809 × 10^309 |
| 107 | ov_107 | 6.67641 × 10^309 |
| 108 | ov_108 | 5.53462 × 10^309 |
| 109 | ov_109 | 4.54704 × 10^309 |
| 110 | ov_110 | 3.69886 × 10^309 |
| 111 | ov_111 | 2.97610 × 10^309 |
| 112 | ov_112 | 2.36556 × 10^309 |
| 113 | ov_113 | 1.85483 × 10^309 |
| 114 | ov_114 | 1.43227 × 10^309 |
| 115 | ov_115 | 1.08697 × 10^309 |
| 116 | ov_116 | 8.08797 × 10^308 |
| 117 | ov_117 | 5.88306 × 10^308 |
| 118 | ov_118 | 4.16813 × 10^308 |
| 119 | ov_119 | 2.86348 × 10^308 |
| 120 | ov_120 | 1.89664 × 10^308 |
| 121 | ov_121 | 1.20235 × 10^308 |
| 122 | ov_122 | 7.22534 × 10^307 |
| 123 | ov_123 | 4.06289 × 10^307 |
| 124 | ov_124 | 2.09912 × 10^307 |
| 125 | ov_125 | 9.68748 × 10^306 |
| 126 | ov_126 | 3.78310 × 10^306 |
| 127 | aaa_77_28 | 1.06146 × 10^306 |
| 128 | aaa_77_29 | 3.23425 × 10^305 |
| 129 | ov_129 | 1.86266 × 10^305 |
| 130 | ov_130 | 1.86266 × 10^305 |
| 131 | ov_131 | 1.86266 × 10^305 |
| 132 | ov_132 | 1.62254 × 10^305 |
| 133 | ov_133 | 1.40686 × 10^305 |
| 134 | ov_134 | 1.21378 × 10^305 |
| 135 | ov_135 | 1.04158 × 10^305 |
| 136 | ov_136 | 8.88603 × 10^304 |
| 137 | ov_137 | 7.53305 × 10^304 |
| 138 | ov_138 | 6.34217 × 10^304 |
| 139 | ov_139 | 5.29949 × 10^304 |
| 140 | ov_140 | 4.39186 × 10^304 |
| 141 | ov_141 | 3.60682 × 10^304 |
| 142 | ov_142 | 2.93259 × 10^304 |
| 143 | ov_143 | 2.35805 × 10^304 |
| 144 | ov_144 | 1.87272 × 10^304 |
| 145 | ov_145 | 1.46674 × 10^304 |
| 146 | ov_146 | 1.13083 × 10^304 |
| 147 | ov_147 | 8.56357 × 10^303 |
| 148 | ov_148 | 6.35226 × 10^303 |
| 149 | ov_149 | 4.59954 × 10^303 |
| 150 | ov_150 | 3.23631 × 10^303 |
| 151 | ov_151 | 2.19922 × 10^303 |
| 152 | ov_152 | 1.43066 × 10^303 |
| 153 | ov_153 | 8.78766 × 10^302 |
| 154 | ov_154 | 4.97347 × 10^302 |
| 155 | ov_155 | 2.45958 × 10^302 |
| 156 | aaa_76_25 | 8.98552 × 10^301 |
| 157 | aaa_76_26 | 4.69348 × 10^301 |
| 158 | aaa_76_27 | 2.16347 × 10^301 |
| 159 | aaa_76_28 | 8.43780 × 10^300 |
| 160 | aaa_76_29 | 2.57096 × 10^300 |

## Output Bits Sorted by Complexity

| Rank | Output Bit | Complexity |
|:----:|:----------:|:----------:|
| 160 | aaa_76_29 | 2.57096 × 10^300 |
| 159 | aaa_76_28 | 8.43780 × 10^300 |
| 158 | aaa_76_27 | 2.16347 × 10^301 |
| 157 | aaa_76_26 | 4.69348 × 10^301 |
| 156 | aaa_76_25 | 8.98552 × 10^301 |
| 155 | ov_155 | 2.45958 × 10^302 |
| 154 | ov_154 | 4.97347 × 10^302 |
| 153 | ov_153 | 8.78766 × 10^302 |
| 152 | ov_152 | 1.43066 × 10^303 |
| 151 | ov_151 | 2.19922 × 10^303 |
| 150 | ov_150 | 3.23631 × 10^303 |
| 149 | ov_149 | 4.59954 × 10^303 |
| 148 | ov_148 | 6.35226 × 10^303 |
| 147 | ov_147 | 8.56357 × 10^303 |
| 146 | ov_146 | 1.13083 × 10^304 |
| 145 | ov_145 | 1.46674 × 10^304 |
| 144 | ov_144 | 1.87272 × 10^304 |
| 143 | ov_143 | 2.35805 × 10^304 |
| 142 | ov_142 | 2.93259 × 10^304 |
| 141 | ov_141 | 3.60682 × 10^304 |
| 140 | ov_140 | 4.39186 × 10^304 |
| 139 | ov_139 | 5.29949 × 10^304 |
| 138 | ov_138 | 6.34217 × 10^304 |
| 137 | ov_137 | 7.53305 × 10^304 |
| 136 | ov_136 | 8.88603 × 10^304 |
| 135 | ov_135 | 1.04158 × 10^305 |
| 134 | ov_134 | 1.21378 × 10^305 |
| 133 | ov_133 | 1.40686 × 10^305 |
| 132 | ov_132 | 1.62254 × 10^305 |
| 131 | ov_131 | 1.86266 × 10^305 |
| 130 | ov_130 | 1.86266 × 10^305 |
| 129 | ov_129 | 1.86266 × 10^305 |
| 128 | aaa_77_29 | 3.23425 × 10^305 |
| 127 | aaa_77_28 | 1.06146 × 10^306 |
| 126 | ov_126 | 3.78310 × 10^306 |
| 125 | ov_125 | 9.68748 × 10^306 |
| 124 | ov_124 | 2.09912 × 10^307 |
| 123 | ov_123 | 4.06289 × 10^307 |
| 122 | ov_122 | 7.22534 × 10^307 |
| 121 | ov_121 | 1.20235 × 10^308 |
| 120 | ov_120 | 1.89664 × 10^308 |
| 119 | ov_119 | 2.86348 × 10^308 |
| 118 | ov_118 | 4.16813 × 10^308 |
| 117 | ov_117 | 5.88306 × 10^308 |
| 116 | ov_116 | 8.08797 × 10^308 |
| 115 | ov_115 | 1.08697 × 10^309 |
| 114 | ov_114 | 1.43227 × 10^309 |
| 113 | ov_113 | 1.85483 × 10^309 |
| 112 | ov_112 | 2.36556 × 10^309 |
| 111 | ov_111 | 2.97610 × 10^309 |
| 110 | ov_110 | 3.69886 × 10^309 |
| 109 | ov_109 | 4.54704 × 10^309 |
| 108 | ov_108 | 5.53462 × 10^309 |
| 107 | ov_107 | 6.67641 × 10^309 |
| 106 | ov_106 | 7.98809 × 10^309 |
| 105 | ov_105 | 9.48621 × 10^309 |
| 104 | ov_104 | 1.11882 × 10^310 |
| 103 | ov_103 | 1.31126 × 10^310 |
| 102 | ov_102 | 1.52790 × 10^310 |
| 101 | ov_101 | 1.77079 × 10^310 |
| 100 | ov_100 | 2.04211 × 10^310 |
| 99 | ov_099 | 2.34418 × 10^310 |
| 98 | ov_098 | 2.34418 × 10^310 |
| 97 | ov_097 | 2.34419 × 10^310 |
| 96 | aaa_78_29 | 4.06866 × 10^310 |
| 95 | aaa_78_28 | 1.33532 × 10^311 |
| 94 | ov_094 | 4.75912 × 10^311 |
| 93 | ov_093 | 1.21867 × 10^312 |
| 92 | ov_092 | 2.64067 × 10^312 |
| 91 | ov_091 | 5.11109 × 10^312 |
| 90 | ov_090 | 9.08943 × 10^312 |
| 89 | ov_089 | 1.51255 × 10^313 |
| 88 | ov_088 | 2.38596 × 10^313 |
| 87 | ov_087 | 3.60223 × 10^313 |
| 86 | ov_086 | 5.24347 × 10^313 |
| 85 | ov_085 | 7.40085 × 10^313 |
| 84 | ov_084 | 1.01746 × 10^314 |
| 83 | ov_083 | 1.36741 × 10^314 |
| 82 | ov_082 | 1.80179 × 10^314 |
| 81 | ov_081 | 2.33337 × 10^314 |
| 64 | lv_79_m31 | 2.42093 × 10^314 |
| 80 | ov_080 | 2.97586 × 10^314 |
| 79 | ov_079 | 3.74391 × 10^314 |
| 78 | ov_078 | 4.65315 × 10^314 |
| 77 | ov_077 | 5.72015 × 10^314 |
| 76 | ov_076 | 6.96251 × 10^314 |
| 75 | ov_075 | 8.39888 × 10^314 |
| 74 | ov_074 | 1.00489 × 10^315 |
| 73 | ov_073 | 1.19335 × 10^315 |
| 63 | ov_063 | 1.24090 × 10^315 |
| 72 | ov_072 | 1.40747 × 10^315 |
| 71 | ov_071 | 1.64956 × 10^315 |
| 70 | ov_070 | 1.92209 × 10^315 |
| 69 | ov_069 | 2.22764 × 10^315 |
| 68 | ov_068 | 2.56896 × 10^315 |
| 67 | ov_067 | 2.94896 × 10^315 |
| 66 | ov_066 | 2.94896 × 10^315 |
| 65 | ov_065 | 2.94897 × 10^315 |
| 62 | ov_062 | 6.35925 × 10^315 |
| 61 | ov_061 | 2.31574 × 10^316 |
| 60 | ov_060 | 6.62286 × 10^316 |
| 59 | ov_059 | 1.59668 × 10^317 |
| 58 | ov_058 | 3.38554 × 10^317 |
| 57 | ov_057 | 6.49330 × 10^317 |
| 56 | ov_056 | 1.14980 × 10^318 |
| 55 | ov_055 | 1.90914 × 10^318 |
| 54 | ov_054 | 3.00788 × 10^318 |
| 53 | ov_053 | 4.53794 × 10^318 |
| 52 | ov_052 | 6.60261 × 10^318 |
| 51 | ov_051 | 9.31657 × 10^318 |
| 50 | ov_050 | 1.28059 × 10^319 |
| 49 | ov_049 | 1.72083 × 10^319 |
| 48 | ov_048 | 2.26727 × 10^319 |
| 47 | ov_047 | 2.93600 × 10^319 |
| 32 | lv_80_m31 | 3.04551 × 10^319 |
| 46 | ov_046 | 3.74425 × 10^319 |
| 45 | ov_045 | 4.71045 × 10^319 |
| 44 | ov_044 | 5.85426 × 10^319 |
| 43 | ov_043 | 7.19654 × 10^319 |
| 42 | ov_042 | 8.75943 × 10^319 |
| 41 | ov_041 | 1.05663 × 10^320 |
| 40 | ov_040 | 1.26421 × 10^320 |
| 39 | ov_039 | 1.50129 × 10^320 |
| 31 | ov_031 | 1.56104 × 10^320 |
| 38 | ov_038 | 1.77065 × 10^320 |
| 37 | ov_037 | 2.07520 × 10^320 |
| 36 | ov_036 | 2.41804 × 10^320 |
| 35 | ov_035 | 2.80242 × 10^320 |
| 34 | ov_034 | 3.23180 × 10^320 |
| 33 | ov_033 | 3.70983 × 10^320 |
| 30 | ov_030 | 7.99989 × 10^320 |
| 29 | ov_029 | 2.91319 × 10^321 |
| 28 | ov_028 | 8.33151 × 10^321 |
| 27 | ov_027 | 2.00861 × 10^322 |
| 26 | ov_026 | 4.25899 × 10^322 |
| 25 | ov_025 | 8.16853 × 10^322 |
| 24 | ov_024 | 1.44644 × 10^323 |
| 23 | ov_023 | 2.40168 × 10^323 |
| 22 | ov_022 | 3.78390 × 10^323 |
| 21 | ov_021 | 5.70870 × 10^323 |
| 20 | ov_020 | 8.30604 × 10^323 |
| 19 | ov_019 | 1.17201 × 10^324 |
| 18 | ov_018 | 1.61097 × 10^324 |
| 17 | ov_017 | 2.16479 × 10^324 |
| 16 | ov_016 | 2.85221 × 10^324 |
| 15 | ov_015 | 3.69346 × 10^324 |
| 14 | ov_014 | 4.71024 × 10^324 |
| 13 | ov_013 | 5.92572 × 10^324 |
| 12 | ov_012 | 7.36462 × 10^324 |
| 11 | ov_011 | 9.05319 × 10^324 |
| 10 | ov_010 | 1.10193 × 10^325 |
| 9 | ov_009 | 1.32924 × 10^325 |
| 8 | ov_008 | 1.59037 × 10^325 |
| 7 | ov_007 | 1.88862 × 10^325 |
| 6 | ov_006 | 2.22747 × 10^325 |
| 5 | ov_005 | 2.61059 × 10^325 |
| 4 | ov_004 | 3.04188 × 10^325 |
| 3 | ov_003 | 3.52543 × 10^325 |
| 2 | ov_002 | 4.06558 × 10^325 |
| 1 | ov_001 | 4.66695 × 10^325 |

