# Results for T001-T002-F003-F004-F005-T006-T007-F008-T009-F010-F011-T012-F013-F014-F015-T016-F017-F018-F019-F020-T021-F022-F023-T024-F025-T026-F027-T028-T029-F030-F031-F032-F033-F034-T035-F036-T037-T038-F039-F040-T041-T042-T043-F044-F045-F046-F047-F048-F049-F050-F051-F052-F053-F054-F055-F056-T057-F058-T059-F060-F061-T062-T063-T064-F065-T066-T067-T068-T069-T070-F071-T072-T073-T074-T075-T076-T077-T078-F079-F080-F081-F082-F083-F084-F085-F086-F087-T088-T089-F090-T091-F092-F093-F094-F095-T096-T097-F098-T099-F100-T101-F102-F103-T104-T105-T106-T107-F108-T109-T110-T111-T112-T113-T114-T115-T116-F117-T118-F119-T120-T121-F122-F123-F124-F125-T126-F127-F128-F129-T130-F131-F132-T133-F134-T135-T136-F137-F138-T139-T140-F141-T142-F143-T144-T145-T146-F147-F148-T149-T150-T151-F152-T153-T154-F155-F156-F157-T158-F159-T160-F161-F162-F163-T164-F165-T166-T167-F168-T169-F170-T171-T172-F173-F174-T175-F176-T177-T178-T179-T180-T181-F182-T183-T184-T185-F186-T187-F188-F189-T190-F191-T192-T193-F194-F195-F196-T197-F198-F199-T200-F201-T202-F203-F204-F205-F206-T207-F208-F209-F210-F211-T212-F213-T214-T215-T216-F217-T218-T219-F220-F221-F222-F223-F224-T225-F226-T227-T228-T229-T230-F231-F232-F233-F234-F235-T236-T237-T238-T239-T240-F241-T242-F243-F244-T245-T246-T247-T248-F249-T250-F251-T252-F253-T254-F255-F256-T257-F258-F259-F260-T261-F262-F263-T264-F265-F266-F267-T268-T269-F270-T271-F272-T273-F274-F275-F276-T277-F278-F279-T280-F281-F282-F283-T284-F285-T286-T287-F288-T289-T290-T291-F292-F293-T294-T295-F296-T297-F298-T299-T300-T301-T302-T303-F304-F305-F306-F307-F308-T309-T310-F311-T312-F313-T314-T315-F316-T317-F318-T319-F320-F321-F322-T323-F324-F325-F326-F327-F328-F329-T330-F331-F332-T333-T334-T335-F336-F337-T338-F339-T340-F341-F342-T343-T344-F345-T346-F347-T348-F349-F350-T351-T352-F353-T354-F355-F356-T357-F358-F359-F360-F361-T362-T363-T364-T365-T366-T367-F368-F369-T370-F371-F372-T373-F374-T375-T376-F377-T378-F379-F380-T381-F382-F383-F384-T385-F386-T387-F388-T389-F390-F391-F392-F393-T394-F395-T396-T397-T398-T399-T400-T401-T402-T403-F404-T405-F406-F407-F408-F409-F410-F411-T412-T413-F414-T415-F416-T417-T418-T419-T420-F421-F422-T423-F424-F425-T426-F427-F428-T429-F430-F431-T432-F433-T434-T435-T436-F437-F438-F439-F440-F441-T442-T443-T444-F445-F446-F447-F448-F449-F450-T451-F452-T453-T454-F456-T457-T458-F459-F460-F461-T462-F463-F464-F465-T466-F467-T468-F469-F470-F471-F472-F473-T474-T475-T476-F477-F478-F479-F480-F484-F487-T489-T491-F494-F496-F500-F504-T505-T507-T509-F511-T512

## Summary

Number of input bits: 512  
Number of free input bits: 20  
Number of output bits: 160

Number of assignments: 19342  
Number of operations: 45758
(xor: 19174,
and: 13636,
or: 12948)

Total complexity: 1.76284 × 10^322

Least complex input bit: iv_488 (6.68845 × 10^318)  
Most complex input bit: iv_508 (2.52471 × 10^321)

Least complex output bit: aaa_76_29 (1.50396 × 10^296)  
Most complex output bit: ov_001 (2.73007 × 10^321)

Least complex input/output complexity: iv_488/aaa_76_29 (5.70621 × 10^292)  
Most complex input/output complexity: iv_508/ov_001 (3.90995 × 10^320)

## Input Bits

| Input Bit | Complexity | Occurrences |
|:---------:|:----------:|:-----------:|
| iv_455 | 9.25910 × 10^320 | 47 |
| iv_481 | 2.41516 × 10^320 | 81 |
| iv_482 | 9.25896 × 10^320 | 75 |
| iv_483 | 9.43682 × 10^320 | 69 |
| iv_485 | 3.85940 × 10^320 | 68 |
| iv_486 | 3.86435 × 10^320 | 71 |
| iv_488 | 6.68845 × 10^318 | 79 |
| iv_490 | 2.37047 × 10^319 | 67 |
| iv_492 | 1.25099 × 10^320 | 80 |
| iv_493 | 2.47239 × 10^320 | 70 |
| iv_495 | 6.75541 × 10^320 | 72 |
| iv_497 | 1.45579 × 10^321 | 81 |
| iv_498 | 5.68555 × 10^320 | 78 |
| iv_499 | 7.15719 × 10^320 | 86 |
| iv_501 | 1.96805 × 10^321 | 91 |
| iv_502 | 1.30441 × 10^321 | 75 |
| iv_503 | 1.55587 × 10^321 | 77 |
| iv_506 | 6.63878 × 10^320 | 109 |
| iv_508 | 2.52471 × 10^321 | 96 |
| iv_510 | 1.98379 × 10^321 | 107 |

## Input Bits Sorted by Complexity

| Input Bit | Complexity | Occurrences |
|:---------:|:----------:|:-----------:|
| iv_488 | 6.68845 × 10^318 | 79 |
| iv_490 | 2.37047 × 10^319 | 67 |
| iv_492 | 1.25099 × 10^320 | 80 |
| iv_481 | 2.41516 × 10^320 | 81 |
| iv_493 | 2.47239 × 10^320 | 70 |
| iv_485 | 3.85940 × 10^320 | 68 |
| iv_486 | 3.86435 × 10^320 | 71 |
| iv_498 | 5.68555 × 10^320 | 78 |
| iv_506 | 6.63878 × 10^320 | 109 |
| iv_495 | 6.75541 × 10^320 | 72 |
| iv_499 | 7.15719 × 10^320 | 86 |
| iv_482 | 9.25896 × 10^320 | 75 |
| iv_455 | 9.25910 × 10^320 | 47 |
| iv_483 | 9.43682 × 10^320 | 69 |
| iv_502 | 1.30441 × 10^321 | 75 |
| iv_497 | 1.45579 × 10^321 | 81 |
| iv_503 | 1.55587 × 10^321 | 77 |
| iv_501 | 1.96805 × 10^321 | 91 |
| iv_510 | 1.98379 × 10^321 | 107 |
| iv_508 | 2.52471 × 10^321 | 96 |

## Input Bits Sorted by Occurrences

| Input Bit | Complexity | Occurrences |
|:---------:|:----------:|:-----------:|
| iv_455 | 9.25910 × 10^320 | 47 |
| iv_490 | 2.37047 × 10^319 | 67 |
| iv_485 | 3.85940 × 10^320 | 68 |
| iv_483 | 9.43682 × 10^320 | 69 |
| iv_493 | 2.47239 × 10^320 | 70 |
| iv_486 | 3.86435 × 10^320 | 71 |
| iv_495 | 6.75541 × 10^320 | 72 |
| iv_502 | 1.30441 × 10^321 | 75 |
| iv_482 | 9.25896 × 10^320 | 75 |
| iv_503 | 1.55587 × 10^321 | 77 |
| iv_498 | 5.68555 × 10^320 | 78 |
| iv_488 | 6.68845 × 10^318 | 79 |
| iv_492 | 1.25099 × 10^320 | 80 |
| iv_481 | 2.41516 × 10^320 | 81 |
| iv_497 | 1.45579 × 10^321 | 81 |
| iv_499 | 7.15719 × 10^320 | 86 |
| iv_501 | 1.96805 × 10^321 | 91 |
| iv_508 | 2.52471 × 10^321 | 96 |
| iv_510 | 1.98379 × 10^321 | 107 |
| iv_506 | 6.63878 × 10^320 | 109 |

## Output Bits

| Rank | Output Bit | Complexity |
|:----:|:----------:|:----------:|
| 1 | ov_001 | 2.73007 × 10^321 |
| 2 | ov_002 | 2.37828 × 10^321 |
| 3 | ov_003 | 2.06230 × 10^321 |
| 4 | ov_004 | 1.77943 × 10^321 |
| 5 | ov_005 | 1.52714 × 10^321 |
| 6 | ov_006 | 1.30302 × 10^321 |
| 7 | ov_007 | 1.10480 × 10^321 |
| 8 | ov_008 | 9.30336 × 10^320 |
| 9 | ov_009 | 7.77579 × 10^320 |
| 10 | ov_010 | 6.44606 × 10^320 |
| 11 | ov_011 | 5.29593 × 10^320 |
| 12 | ov_012 | 4.30815 × 10^320 |
| 13 | ov_013 | 3.46642 × 10^320 |
| 14 | ov_014 | 2.75539 × 10^320 |
| 15 | ov_015 | 2.16060 × 10^320 |
| 16 | ov_016 | 1.66848 × 10^320 |
| 17 | ov_017 | 1.26635 × 10^320 |
| 18 | ov_018 | 9.42389 × 10^319 |
| 19 | ov_019 | 6.85606 × 10^319 |
| 20 | ov_020 | 4.85886 × 10^319 |
| 21 | ov_021 | 3.33947 × 10^319 |
| 22 | ov_022 | 2.21350 × 10^319 |
| 23 | ov_023 | 1.40493 × 10^319 |
| 24 | ov_024 | 8.46139 × 10^318 |
| 25 | ov_025 | 4.77842 × 10^318 |
| 26 | ov_026 | 2.49142 × 10^318 |
| 27 | ov_027 | 1.17499 × 10^318 |
| 28 | ov_028 | 4.87376 × 10^317 |
| 29 | ov_029 | 1.70415 × 10^317 |
| 30 | ov_030 | 4.67977 × 10^316 |
| 31 | ov_031 | 9.13178 × 10^315 |
| 32 | lv_80_m31 | 1.78156 × 10^315 |
| 33 | ov_033 | 2.17017 × 10^316 |
| 34 | ov_034 | 1.89054 × 10^316 |
| 35 | ov_035 | 1.63936 × 10^316 |
| 36 | ov_036 | 1.41450 × 10^316 |
| 37 | ov_037 | 1.21395 × 10^316 |
| 38 | ov_038 | 1.03579 × 10^316 |
| 39 | ov_039 | 8.78229 × 10^315 |
| 40 | ov_040 | 7.39540 × 10^315 |
| 41 | ov_041 | 6.18111 × 10^315 |
| 42 | ov_042 | 5.12408 × 10^315 |
| 43 | ov_043 | 4.20982 × 10^315 |
| 44 | ov_044 | 3.42462 × 10^315 |
| 45 | ov_045 | 2.75552 × 10^315 |
| 46 | ov_046 | 2.19031 × 10^315 |
| 47 | ov_047 | 1.71750 × 10^315 |
| 48 | ov_048 | 1.32630 × 10^315 |
| 49 | ov_049 | 1.00665 × 10^315 |
| 50 | ov_050 | 7.49121 × 10^314 |
| 51 | ov_051 | 5.45000 × 10^314 |
| 52 | ov_052 | 3.86239 × 10^314 |
| 53 | ov_053 | 2.65460 × 10^314 |
| 54 | ov_054 | 1.75955 × 10^314 |
| 55 | ov_055 | 1.11680 × 10^314 |
| 56 | ov_056 | 6.72611 × 10^313 |
| 57 | ov_057 | 3.79845 × 10^313 |
| 58 | ov_058 | 1.98047 × 10^313 |
| 59 | ov_059 | 9.34025 × 10^312 |
| 60 | ov_060 | 3.87424 × 10^312 |
| 61 | ov_061 | 1.35466 × 10^312 |
| 62 | ov_062 | 3.72003 × 10^311 |
| 63 | ov_063 | 7.25901 × 10^310 |
| 64 | lv_79_m31 | 1.41619 × 10^310 |
| 65 | ov_065 | 1.72508 × 10^311 |
| 66 | ov_066 | 1.72508 × 10^311 |
| 67 | ov_067 | 1.72508 × 10^311 |
| 68 | ov_068 | 1.50279 × 10^311 |
| 69 | ov_069 | 1.30312 × 10^311 |
| 70 | ov_070 | 1.12438 × 10^311 |
| 71 | ov_071 | 9.64963 × 10^310 |
| 72 | ov_072 | 8.23343 × 10^310 |
| 73 | ov_073 | 6.98090 × 10^310 |
| 74 | ov_074 | 5.87843 × 10^310 |
| 75 | ov_075 | 4.91317 × 10^310 |
| 76 | ov_076 | 4.07292 × 10^310 |
| 77 | ov_077 | 3.34617 × 10^310 |
| 78 | ov_078 | 2.72199 × 10^310 |
| 79 | ov_079 | 2.19011 × 10^310 |
| 80 | ov_080 | 1.74081 × 10^310 |
| 81 | ov_081 | 1.36497 × 10^310 |
| 82 | ov_082 | 1.05401 × 10^310 |
| 83 | ov_083 | 7.99908 × 10^309 |
| 84 | ov_084 | 5.95193 × 10^309 |
| 85 | ov_085 | 4.32934 × 10^309 |
| 86 | ov_086 | 3.06732 × 10^309 |
| 87 | ov_087 | 2.10723 × 10^309 |
| 88 | ov_088 | 1.39574 × 10^309 |
| 89 | ov_089 | 8.84813 × 10^308 |
| 90 | ov_090 | 5.31713 × 10^308 |
| 91 | ov_091 | 2.98988 × 10^308 |
| 92 | ov_092 | 1.54474 × 10^308 |
| 93 | ov_093 | 7.12901 × 10^307 |
| 94 | ov_094 | 2.78398 × 10^307 |
| 95 | aaa_78_28 | 7.81135 × 10^306 |
| 96 | aaa_78_29 | 2.38008 × 10^306 |
| 97 | ov_097 | 1.37130 × 10^306 |
| 98 | ov_098 | 1.37129 × 10^306 |
| 99 | ov_099 | 1.37129 × 10^306 |
| 100 | ov_100 | 1.19459 × 10^306 |
| 101 | ov_101 | 1.03587 × 10^306 |
| 102 | ov_102 | 8.93793 × 10^305 |
| 103 | ov_103 | 7.67065 × 10^305 |
| 104 | ov_104 | 6.54489 × 10^305 |
| 105 | ov_105 | 5.54923 × 10^305 |
| 106 | ov_106 | 4.67287 × 10^305 |
| 107 | ov_107 | 3.90556 × 10^305 |
| 108 | ov_108 | 3.23764 × 10^305 |
| 109 | ov_109 | 2.65992 × 10^305 |
| 110 | ov_110 | 2.16376 × 10^305 |
| 111 | ov_111 | 1.74096 × 10^305 |
| 112 | ov_112 | 1.38380 × 10^305 |
| 113 | ov_113 | 1.08504 × 10^305 |
| 114 | ov_114 | 8.37851 × 10^304 |
| 115 | ov_115 | 6.35860 × 10^304 |
| 116 | ov_116 | 4.73129 × 10^304 |
| 117 | ov_117 | 3.44147 × 10^304 |
| 118 | ov_118 | 2.43827 × 10^304 |
| 119 | ov_119 | 1.67507 × 10^304 |
| 120 | ov_120 | 1.10949 × 10^304 |
| 121 | ov_121 | 7.03353 × 10^303 |
| 122 | ov_122 | 4.22667 × 10^303 |
| 123 | ov_123 | 2.37670 × 10^303 |
| 124 | ov_124 | 1.22794 × 10^303 |
| 125 | ov_125 | 5.66697 × 10^302 |
| 126 | ov_126 | 2.21304 × 10^302 |
| 127 | aaa_77_28 | 6.20937 × 10^301 |
| 128 | aaa_77_29 | 1.89197 × 10^301 |
| 129 | ov_129 | 1.08962 × 10^301 |
| 130 | ov_130 | 1.08961 × 10^301 |
| 131 | ov_131 | 1.08961 × 10^301 |
| 132 | ov_132 | 9.49154 × 10^300 |
| 133 | ov_133 | 8.22986 × 10^300 |
| 134 | ov_134 | 7.10041 × 10^300 |
| 135 | ov_135 | 6.09303 × 10^300 |
| 136 | ov_136 | 5.19814 × 10^300 |
| 137 | ov_137 | 4.40668 × 10^300 |
| 138 | ov_138 | 3.71004 × 10^300 |
| 139 | ov_139 | 3.10009 × 10^300 |
| 140 | ov_140 | 2.56915 × 10^300 |
| 141 | ov_141 | 2.10991 × 10^300 |
| 142 | ov_142 | 1.71550 × 10^300 |
| 143 | ov_143 | 1.37941 × 10^300 |
| 144 | ov_144 | 1.09550 × 10^300 |
| 145 | ov_145 | 8.58013 × 10^299 |
| 146 | ov_146 | 6.61517 × 10^299 |
| 147 | ov_147 | 5.00951 × 10^299 |
| 148 | ov_148 | 3.71594 × 10^299 |
| 149 | ov_149 | 2.69063 × 10^299 |
| 150 | ov_150 | 1.89317 × 10^299 |
| 151 | ov_151 | 1.28649 × 10^299 |
| 152 | ov_152 | 8.36911 × 10^298 |
| 153 | ov_153 | 5.14060 × 10^298 |
| 154 | ov_154 | 2.90938 × 10^298 |
| 155 | ov_155 | 1.43880 × 10^298 |
| 156 | aaa_76_25 | 5.25634 × 10^297 |
| 157 | aaa_76_26 | 2.74559 × 10^297 |
| 158 | aaa_76_27 | 1.26558 × 10^297 |
| 159 | aaa_76_28 | 4.93594 × 10^296 |
| 160 | aaa_76_29 | 1.50396 × 10^296 |

## Output Bits Sorted by Complexity

| Rank | Output Bit | Complexity |
|:----:|:----------:|:----------:|
| 160 | aaa_76_29 | 1.50396 × 10^296 |
| 159 | aaa_76_28 | 4.93594 × 10^296 |
| 158 | aaa_76_27 | 1.26558 × 10^297 |
| 157 | aaa_76_26 | 2.74559 × 10^297 |
| 156 | aaa_76_25 | 5.25634 × 10^297 |
| 155 | ov_155 | 1.43880 × 10^298 |
| 154 | ov_154 | 2.90938 × 10^298 |
| 153 | ov_153 | 5.14060 × 10^298 |
| 152 | ov_152 | 8.36911 × 10^298 |
| 151 | ov_151 | 1.28649 × 10^299 |
| 150 | ov_150 | 1.89317 × 10^299 |
| 149 | ov_149 | 2.69063 × 10^299 |
| 148 | ov_148 | 3.71594 × 10^299 |
| 147 | ov_147 | 5.00951 × 10^299 |
| 146 | ov_146 | 6.61517 × 10^299 |
| 145 | ov_145 | 8.58013 × 10^299 |
| 144 | ov_144 | 1.09550 × 10^300 |
| 143 | ov_143 | 1.37941 × 10^300 |
| 142 | ov_142 | 1.71550 × 10^300 |
| 141 | ov_141 | 2.10991 × 10^300 |
| 140 | ov_140 | 2.56915 × 10^300 |
| 139 | ov_139 | 3.10009 × 10^300 |
| 138 | ov_138 | 3.71004 × 10^300 |
| 137 | ov_137 | 4.40668 × 10^300 |
| 136 | ov_136 | 5.19814 × 10^300 |
| 135 | ov_135 | 6.09303 × 10^300 |
| 134 | ov_134 | 7.10041 × 10^300 |
| 133 | ov_133 | 8.22986 × 10^300 |
| 132 | ov_132 | 9.49154 × 10^300 |
| 131 | ov_131 | 1.08961 × 10^301 |
| 130 | ov_130 | 1.08961 × 10^301 |
| 129 | ov_129 | 1.08962 × 10^301 |
| 128 | aaa_77_29 | 1.89197 × 10^301 |
| 127 | aaa_77_28 | 6.20937 × 10^301 |
| 126 | ov_126 | 2.21304 × 10^302 |
| 125 | ov_125 | 5.66697 × 10^302 |
| 124 | ov_124 | 1.22794 × 10^303 |
| 123 | ov_123 | 2.37670 × 10^303 |
| 122 | ov_122 | 4.22667 × 10^303 |
| 121 | ov_121 | 7.03353 × 10^303 |
| 120 | ov_120 | 1.10949 × 10^304 |
| 119 | ov_119 | 1.67507 × 10^304 |
| 118 | ov_118 | 2.43827 × 10^304 |
| 117 | ov_117 | 3.44147 × 10^304 |
| 116 | ov_116 | 4.73129 × 10^304 |
| 115 | ov_115 | 6.35860 × 10^304 |
| 114 | ov_114 | 8.37851 × 10^304 |
| 113 | ov_113 | 1.08504 × 10^305 |
| 112 | ov_112 | 1.38380 × 10^305 |
| 111 | ov_111 | 1.74096 × 10^305 |
| 110 | ov_110 | 2.16376 × 10^305 |
| 109 | ov_109 | 2.65992 × 10^305 |
| 108 | ov_108 | 3.23764 × 10^305 |
| 107 | ov_107 | 3.90556 × 10^305 |
| 106 | ov_106 | 4.67287 × 10^305 |
| 105 | ov_105 | 5.54923 × 10^305 |
| 104 | ov_104 | 6.54489 × 10^305 |
| 103 | ov_103 | 7.67065 × 10^305 |
| 102 | ov_102 | 8.93793 × 10^305 |
| 101 | ov_101 | 1.03587 × 10^306 |
| 100 | ov_100 | 1.19459 × 10^306 |
| 99 | ov_099 | 1.37129 × 10^306 |
| 98 | ov_098 | 1.37129 × 10^306 |
| 97 | ov_097 | 1.37130 × 10^306 |
| 96 | aaa_78_29 | 2.38008 × 10^306 |
| 95 | aaa_78_28 | 7.81135 × 10^306 |
| 94 | ov_094 | 2.78398 × 10^307 |
| 93 | ov_093 | 7.12901 × 10^307 |
| 92 | ov_092 | 1.54474 × 10^308 |
| 91 | ov_091 | 2.98988 × 10^308 |
| 90 | ov_090 | 5.31713 × 10^308 |
| 89 | ov_089 | 8.84813 × 10^308 |
| 88 | ov_088 | 1.39574 × 10^309 |
| 87 | ov_087 | 2.10723 × 10^309 |
| 86 | ov_086 | 3.06732 × 10^309 |
| 85 | ov_085 | 4.32934 × 10^309 |
| 84 | ov_084 | 5.95193 × 10^309 |
| 83 | ov_083 | 7.99908 × 10^309 |
| 82 | ov_082 | 1.05401 × 10^310 |
| 81 | ov_081 | 1.36497 × 10^310 |
| 64 | lv_79_m31 | 1.41619 × 10^310 |
| 80 | ov_080 | 1.74081 × 10^310 |
| 79 | ov_079 | 2.19011 × 10^310 |
| 78 | ov_078 | 2.72199 × 10^310 |
| 77 | ov_077 | 3.34617 × 10^310 |
| 76 | ov_076 | 4.07292 × 10^310 |
| 75 | ov_075 | 4.91317 × 10^310 |
| 74 | ov_074 | 5.87843 × 10^310 |
| 73 | ov_073 | 6.98090 × 10^310 |
| 63 | ov_063 | 7.25901 × 10^310 |
| 72 | ov_072 | 8.23343 × 10^310 |
| 71 | ov_071 | 9.64963 × 10^310 |
| 70 | ov_070 | 1.12438 × 10^311 |
| 69 | ov_069 | 1.30312 × 10^311 |
| 68 | ov_068 | 1.50279 × 10^311 |
| 67 | ov_067 | 1.72508 × 10^311 |
| 66 | ov_066 | 1.72508 × 10^311 |
| 65 | ov_065 | 1.72508 × 10^311 |
| 62 | ov_062 | 3.72003 × 10^311 |
| 61 | ov_061 | 1.35466 × 10^312 |
| 60 | ov_060 | 3.87424 × 10^312 |
| 59 | ov_059 | 9.34025 × 10^312 |
| 58 | ov_058 | 1.98047 × 10^313 |
| 57 | ov_057 | 3.79845 × 10^313 |
| 56 | ov_056 | 6.72611 × 10^313 |
| 55 | ov_055 | 1.11680 × 10^314 |
| 54 | ov_054 | 1.75955 × 10^314 |
| 53 | ov_053 | 2.65460 × 10^314 |
| 52 | ov_052 | 3.86239 × 10^314 |
| 51 | ov_051 | 5.45000 × 10^314 |
| 50 | ov_050 | 7.49121 × 10^314 |
| 49 | ov_049 | 1.00665 × 10^315 |
| 48 | ov_048 | 1.32630 × 10^315 |
| 47 | ov_047 | 1.71750 × 10^315 |
| 32 | lv_80_m31 | 1.78156 × 10^315 |
| 46 | ov_046 | 2.19031 × 10^315 |
| 45 | ov_045 | 2.75552 × 10^315 |
| 44 | ov_044 | 3.42462 × 10^315 |
| 43 | ov_043 | 4.20982 × 10^315 |
| 42 | ov_042 | 5.12408 × 10^315 |
| 41 | ov_041 | 6.18111 × 10^315 |
| 40 | ov_040 | 7.39540 × 10^315 |
| 39 | ov_039 | 8.78229 × 10^315 |
| 31 | ov_031 | 9.13178 × 10^315 |
| 38 | ov_038 | 1.03579 × 10^316 |
| 37 | ov_037 | 1.21395 × 10^316 |
| 36 | ov_036 | 1.41450 × 10^316 |
| 35 | ov_035 | 1.63936 × 10^316 |
| 34 | ov_034 | 1.89054 × 10^316 |
| 33 | ov_033 | 2.17017 × 10^316 |
| 30 | ov_030 | 4.67977 × 10^316 |
| 29 | ov_029 | 1.70415 × 10^317 |
| 28 | ov_028 | 4.87376 × 10^317 |
| 27 | ov_027 | 1.17499 × 10^318 |
| 26 | ov_026 | 2.49142 × 10^318 |
| 25 | ov_025 | 4.77842 × 10^318 |
| 24 | ov_024 | 8.46139 × 10^318 |
| 23 | ov_023 | 1.40493 × 10^319 |
| 22 | ov_022 | 2.21350 × 10^319 |
| 21 | ov_021 | 3.33947 × 10^319 |
| 20 | ov_020 | 4.85886 × 10^319 |
| 19 | ov_019 | 6.85606 × 10^319 |
| 18 | ov_018 | 9.42389 × 10^319 |
| 17 | ov_017 | 1.26635 × 10^320 |
| 16 | ov_016 | 1.66848 × 10^320 |
| 15 | ov_015 | 2.16060 × 10^320 |
| 14 | ov_014 | 2.75539 × 10^320 |
| 13 | ov_013 | 3.46642 × 10^320 |
| 12 | ov_012 | 4.30815 × 10^320 |
| 11 | ov_011 | 5.29593 × 10^320 |
| 10 | ov_010 | 6.44606 × 10^320 |
| 9 | ov_009 | 7.77579 × 10^320 |
| 8 | ov_008 | 9.30336 × 10^320 |
| 7 | ov_007 | 1.10480 × 10^321 |
| 6 | ov_006 | 1.30302 × 10^321 |
| 5 | ov_005 | 1.52714 × 10^321 |
| 4 | ov_004 | 1.77943 × 10^321 |
| 3 | ov_003 | 2.06230 × 10^321 |
| 2 | ov_002 | 2.37828 × 10^321 |
| 1 | ov_001 | 2.73007 × 10^321 |

