# Results for T001-T002-F003-F004-F005-T006-T007-F008-T009-F010-F011-T012-F013-F014-F015-T016-F017-F018-F019-F020-T021-F022-F023-T024-F025-T026-F027-T028-T029-F030-F031-F032-F033-F034-T035-F036-T037-T038-F039-F040-T041-T042-T043-F044-F045-F046-F047-F048-F049-F050-F051-F052-F053-F054-F055-F056-T057-F058-T059-F060-F061-T062-T063-T064-F065-T066-T067-T068-T069-T070-F071-T072-T073-T074-T075-T076-T077-T078-F079-F080-F081-F082-F083-F084-F085-F086-F087-T088-T089-F090-T091-F092-F093-F094-F095-T096-T097-F098-T099-F100-T101-F102-F103-T104-T105-T106-T107-F108-T109-T110-T111-T112-T113-T114-T115-T116-F117-T118-F119-T120-T121-F122-F123-F124-F125-T126-F127-F128-F129-T130-F131-F132-T133-F134-T135-T136-F137-F138-T139-T140-F141-T142-F143-T144-T145-T146-F147-F148-T149-T150-T151-F152-T153-T154-F155-F156-F157-T158-F159-T160-F161-F162-F163-T164-F165-T166-T167-F168-T169-F170-T171-T172-F173-F174-T175-F176-T177-T178-T179-T180-T181-F182-T183-T184-T185-F186-T187-F188-F189-T190-F191-T192-T193-F194-F195-F196-T197-F198-F199-T200-F201-T202-F203-F204-F205-F206-T207-F208-F209-F210-F211-T212-F213-T214-T215-T216-F217-T218-T219-F220-F221-F222-F223-F224-T225-F226-T227-T228-T229-T230-F231-F232-F233-F234-F235-T236-T237-T238-T239-T240-F241-T242-F243-F244-T245-T246-T247-T248-F249-T250-F251-T252-F253-T254-F255-F256-T257-F258-F259-F260-T261-F262-F263-T264-F265-F266-F267-T268-T269-F270-T271-F272-T273-F274-F275-F276-T277-F278-F279-T280-F281-F282-F283-T284-F285-T286-T287-F288-T289-T290-T291-F292-F293-T294-T295-F296-T297-F298-T299-T300-T301-T302-T303-F304-F305-F306-F307-F308-T309-T310-F311-T312-F313-T314-T315-F316-T317-F318-T319-F320-F321-F322-T323-F324-F325-F326-F327-F328-F329-T330-F331-F332-T333-T334-T335-F336-F337-T338-F339-T340-F341-F342-T343-T344-F345-T346-F347-T348-F349-F350-T351-T352-F353-T354-F355-F356-T357-F358-F359-F360-F361-T362-T363-T364-T365-T366-T367-F368-F369-T370-F371-F372-T373-F374-T375-T376-F377-T378-F379-F380-T381-F382-F383-F384-T385-F386-T387-F388-T389-F390-F391-F392-F393-T394-F395-T396-T397-T398-T399-T400-T401-T402-T403-F404-T405-F406-F407-F408-F409-F410-F411-T412-T413-F414-T415-F416-T417-T418-T419-T420-F421-F422-T423-F424-F425-T426-F427-F428-T429-F430-F431-T432-F433-T434-T435-T436-F437-F438-F439-F440-F441-T442-T443-T444-F445-F446-F447-F448-F449-F450-T451-F452-T453-T454-F456-T458-F459-F460-F461-F463-F464-F465-T466-F467-T468-F469-F470-F471-F472-F473-T474-T475-T476-F477-F478-F479-F480-F507-T509

## Summary

Number of input bits: 512  
Number of free input bits: 33  
Number of output bits: 160

Number of assignments: 19748  
Number of operations: 47799
(xor: 20401,
and: 14047,
or: 13351)

Total complexity: 4.85418 × 10^326

Least complex input bit: iv_481 (4.81614 × 10^323)  
Most complex input bit: iv_506 (3.42581 × 10^325)

Least complex output bit: aaa_76_29 (4.14131 × 10^300)  
Most complex output bit: ov_001 (7.51753 × 10^325)

Least complex input/output complexity: iv_481/aaa_76_29 (4.10886 × 10^297)  
Most complex input/output complexity: iv_506/ov_001 (5.30546 × 10^324)

## Input Bits

| Input Bit | Complexity | Occurrences |
|:---------:|:----------:|:-----------:|
| iv_455 | 3.43387 × 10^324 | 28 |
| iv_457 | 1.26931 × 10^325 | 41 |
| iv_462 | 3.33677 × 10^325 | 41 |
| iv_481 | 4.81614 × 10^323 | 49 |
| iv_482 | 1.98312 × 10^324 | 60 |
| iv_483 | 2.58272 × 10^324 | 49 |
| iv_484 | 6.31289 × 10^324 | 50 |
| iv_485 | 4.88282 × 10^324 | 45 |
| iv_486 | 6.03550 × 10^324 | 49 |
| iv_487 | 7.18834 × 10^324 | 45 |
| iv_488 | 1.55300 × 10^325 | 51 |
| iv_489 | 1.78376 × 10^325 | 53 |
| iv_490 | 1.06525 × 10^325 | 34 |
| iv_491 | 1.18149 × 10^325 | 34 |
| iv_492 | 1.29835 × 10^325 | 30 |
| iv_493 | 1.41614 × 10^325 | 34 |
| iv_494 | 1.53530 × 10^325 | 52 |
| iv_495 | 1.65635 × 10^325 | 52 |
| iv_496 | 1.77998 × 10^325 | 52 |
| iv_497 | 1.90699 × 10^325 | 34 |
| iv_498 | 2.03835 × 10^325 | 34 |
| iv_499 | 2.17521 × 10^325 | 52 |
| iv_500 | 2.31889 × 10^325 | 52 |
| iv_501 | 2.47093 × 10^325 | 52 |
| iv_502 | 2.63305 × 10^325 | 52 |
| iv_503 | 2.80725 × 10^325 | 52 |
| iv_504 | 2.99574 × 10^325 | 52 |
| iv_505 | 3.20101 × 10^325 | 62 |
| iv_506 | 3.42581 × 10^325 | 60 |
| iv_508 | 2.73358 × 10^324 | 70 |
| iv_510 | 3.36721 × 10^324 | 64 |
| iv_511 | 3.74843 × 10^324 | 64 |
| iv_512 | 4.17779 × 10^324 | 73 |

## Input Bits Sorted by Complexity

| Input Bit | Complexity | Occurrences |
|:---------:|:----------:|:-----------:|
| iv_481 | 4.81614 × 10^323 | 49 |
| iv_482 | 1.98312 × 10^324 | 60 |
| iv_483 | 2.58272 × 10^324 | 49 |
| iv_508 | 2.73358 × 10^324 | 70 |
| iv_510 | 3.36721 × 10^324 | 64 |
| iv_455 | 3.43387 × 10^324 | 28 |
| iv_511 | 3.74843 × 10^324 | 64 |
| iv_512 | 4.17779 × 10^324 | 73 |
| iv_485 | 4.88282 × 10^324 | 45 |
| iv_486 | 6.03550 × 10^324 | 49 |
| iv_484 | 6.31289 × 10^324 | 50 |
| iv_487 | 7.18834 × 10^324 | 45 |
| iv_490 | 1.06525 × 10^325 | 34 |
| iv_491 | 1.18149 × 10^325 | 34 |
| iv_457 | 1.26931 × 10^325 | 41 |
| iv_492 | 1.29835 × 10^325 | 30 |
| iv_493 | 1.41614 × 10^325 | 34 |
| iv_494 | 1.53530 × 10^325 | 52 |
| iv_488 | 1.55300 × 10^325 | 51 |
| iv_495 | 1.65635 × 10^325 | 52 |
| iv_496 | 1.77998 × 10^325 | 52 |
| iv_489 | 1.78376 × 10^325 | 53 |
| iv_497 | 1.90699 × 10^325 | 34 |
| iv_498 | 2.03835 × 10^325 | 34 |
| iv_499 | 2.17521 × 10^325 | 52 |
| iv_500 | 2.31889 × 10^325 | 52 |
| iv_501 | 2.47093 × 10^325 | 52 |
| iv_502 | 2.63305 × 10^325 | 52 |
| iv_503 | 2.80725 × 10^325 | 52 |
| iv_504 | 2.99574 × 10^325 | 52 |
| iv_505 | 3.20101 × 10^325 | 62 |
| iv_462 | 3.33677 × 10^325 | 41 |
| iv_506 | 3.42581 × 10^325 | 60 |

## Input Bits Sorted by Occurrences

| Input Bit | Complexity | Occurrences |
|:---------:|:----------:|:-----------:|
| iv_455 | 3.43387 × 10^324 | 28 |
| iv_492 | 1.29835 × 10^325 | 30 |
| iv_491 | 1.18149 × 10^325 | 34 |
| iv_493 | 1.41614 × 10^325 | 34 |
| iv_497 | 1.90699 × 10^325 | 34 |
| iv_498 | 2.03835 × 10^325 | 34 |
| iv_490 | 1.06525 × 10^325 | 34 |
| iv_462 | 3.33677 × 10^325 | 41 |
| iv_457 | 1.26931 × 10^325 | 41 |
| iv_487 | 7.18834 × 10^324 | 45 |
| iv_485 | 4.88282 × 10^324 | 45 |
| iv_486 | 6.03550 × 10^324 | 49 |
| iv_483 | 2.58272 × 10^324 | 49 |
| iv_481 | 4.81614 × 10^323 | 49 |
| iv_484 | 6.31289 × 10^324 | 50 |
| iv_488 | 1.55300 × 10^325 | 51 |
| iv_501 | 2.47093 × 10^325 | 52 |
| iv_499 | 2.17521 × 10^325 | 52 |
| iv_500 | 2.31889 × 10^325 | 52 |
| iv_496 | 1.77998 × 10^325 | 52 |
| iv_504 | 2.99574 × 10^325 | 52 |
| iv_495 | 1.65635 × 10^325 | 52 |
| iv_502 | 2.63305 × 10^325 | 52 |
| iv_503 | 2.80725 × 10^325 | 52 |
| iv_494 | 1.53530 × 10^325 | 52 |
| iv_489 | 1.78376 × 10^325 | 53 |
| iv_506 | 3.42581 × 10^325 | 60 |
| iv_482 | 1.98312 × 10^324 | 60 |
| iv_505 | 3.20101 × 10^325 | 62 |
| iv_510 | 3.36721 × 10^324 | 64 |
| iv_511 | 3.74843 × 10^324 | 64 |
| iv_508 | 2.73358 × 10^324 | 70 |
| iv_512 | 4.17779 × 10^324 | 73 |

## Output Bits

| Rank | Output Bit | Complexity |
|:----:|:----------:|:----------:|
| 1 | ov_001 | 7.51753 × 10^325 |
| 2 | ov_002 | 6.54886 × 10^325 |
| 3 | ov_003 | 5.67877 × 10^325 |
| 4 | ov_004 | 4.89987 × 10^325 |
| 5 | ov_005 | 4.20515 × 10^325 |
| 6 | ov_006 | 3.58801 × 10^325 |
| 7 | ov_007 | 3.04220 × 10^325 |
| 8 | ov_008 | 2.56178 × 10^325 |
| 9 | ov_009 | 2.14114 × 10^325 |
| 10 | ov_010 | 1.77499 × 10^325 |
| 11 | ov_011 | 1.45829 × 10^325 |
| 12 | ov_012 | 1.18629 × 10^325 |
| 13 | ov_013 | 9.54517 × 10^324 |
| 14 | ov_014 | 7.58727 × 10^324 |
| 15 | ov_015 | 5.94944 × 10^324 |
| 16 | ov_016 | 4.59435 × 10^324 |
| 17 | ov_017 | 3.48705 × 10^324 |
| 18 | ov_018 | 2.59496 × 10^324 |
| 19 | ov_019 | 1.88789 × 10^324 |
| 20 | ov_020 | 1.33793 × 10^324 |
| 21 | ov_021 | 9.19560 × 10^323 |
| 22 | ov_022 | 6.09511 × 10^323 |
| 23 | ov_023 | 3.86864 × 10^323 |
| 24 | ov_024 | 2.32993 × 10^323 |
| 25 | ov_025 | 1.31579 × 10^323 |
| 26 | ov_026 | 6.86039 × 10^322 |
| 27 | ov_027 | 3.23548 × 10^322 |
| 28 | ov_028 | 1.34204 × 10^322 |
| 29 | ov_029 | 4.69258 × 10^321 |
| 30 | ov_030 | 1.28862 × 10^321 |
| 31 | ov_031 | 2.51453 × 10^320 |
| 32 | lv_80_m31 | 4.90573 × 10^319 |
| 33 | ov_033 | 5.97582 × 10^320 |
| 34 | ov_034 | 5.20580 × 10^320 |
| 35 | ov_035 | 4.51415 × 10^320 |
| 36 | ov_036 | 3.89499 × 10^320 |
| 37 | ov_037 | 3.34275 × 10^320 |
| 38 | ov_038 | 2.85217 × 10^320 |
| 39 | ov_039 | 2.41829 × 10^320 |
| 40 | ov_040 | 2.03640 × 10^320 |
| 41 | ov_041 | 1.70203 × 10^320 |
| 42 | ov_042 | 1.41097 × 10^320 |
| 43 | ov_043 | 1.15922 × 10^320 |
| 44 | ov_044 | 9.43006 × 10^319 |
| 45 | ov_045 | 7.58762 × 10^319 |
| 46 | ov_046 | 6.03125 × 10^319 |
| 47 | ov_047 | 4.72931 × 10^319 |
| 48 | ov_048 | 3.65213 × 10^319 |
| 49 | ov_049 | 2.77191 × 10^319 |
| 50 | ov_050 | 2.06278 × 10^319 |
| 51 | ov_051 | 1.50071 × 10^319 |
| 52 | ov_052 | 1.06355 × 10^319 |
| 53 | ov_053 | 7.30974 × 10^318 |
| 54 | ov_054 | 4.84511 × 10^318 |
| 55 | ov_055 | 3.07525 × 10^318 |
| 56 | ov_056 | 1.85210 × 10^318 |
| 57 | ov_057 | 1.04594 × 10^318 |
| 58 | ov_058 | 5.45344 × 10^317 |
| 59 | ov_059 | 2.57193 × 10^317 |
| 60 | ov_060 | 1.06681 × 10^317 |
| 61 | ov_061 | 3.73021 × 10^316 |
| 62 | ov_062 | 1.02435 × 10^316 |
| 63 | ov_063 | 1.99884 × 10^315 |
| 64 | lv_79_m31 | 3.89965 × 10^314 |
| 65 | ov_065 | 4.75021 × 10^315 |
| 66 | ov_066 | 4.75020 × 10^315 |
| 67 | ov_067 | 4.75020 × 10^315 |
| 68 | ov_068 | 4.13810 × 10^315 |
| 69 | ov_069 | 3.58829 × 10^315 |
| 70 | ov_070 | 3.09611 × 10^315 |
| 71 | ov_071 | 2.65712 × 10^315 |
| 72 | ov_072 | 2.26716 × 10^315 |
| 73 | ov_073 | 1.92226 × 10^315 |
| 74 | ov_074 | 1.61869 × 10^315 |
| 75 | ov_075 | 1.35289 × 10^315 |
| 76 | ov_076 | 1.12152 × 10^315 |
| 77 | ov_077 | 9.21403 × 10^314 |
| 78 | ov_078 | 7.49530 × 10^314 |
| 79 | ov_079 | 6.03071 × 10^314 |
| 80 | ov_080 | 4.79353 × 10^314 |
| 81 | ov_081 | 3.75860 × 10^314 |
| 82 | ov_082 | 2.90233 × 10^314 |
| 83 | ov_083 | 2.20263 × 10^314 |
| 84 | ov_084 | 1.63892 × 10^314 |
| 85 | ov_085 | 1.19213 × 10^314 |
| 86 | ov_086 | 8.44620 × 10^313 |
| 87 | ov_087 | 5.80249 × 10^313 |
| 88 | ov_088 | 3.84332 × 10^313 |
| 89 | ov_089 | 2.43642 × 10^313 |
| 90 | ov_090 | 1.46412 × 10^313 |
| 91 | ov_091 | 8.23296 × 10^312 |
| 92 | ov_092 | 4.25361 × 10^312 |
| 93 | ov_093 | 1.96305 × 10^312 |
| 94 | ov_094 | 7.66600 × 10^311 |
| 95 | aaa_78_28 | 2.15093 × 10^311 |
| 96 | aaa_78_29 | 6.55382 × 10^310 |
| 97 | ov_097 | 3.77602 × 10^310 |
| 98 | ov_098 | 3.77601 × 10^310 |
| 99 | ov_099 | 3.77601 × 10^310 |
| 100 | ov_100 | 3.28944 × 10^310 |
| 101 | ov_101 | 2.85240 × 10^310 |
| 102 | ov_102 | 2.46115 × 10^310 |
| 103 | ov_103 | 2.11219 × 10^310 |
| 104 | ov_104 | 1.80220 × 10^310 |
| 105 | ov_105 | 1.52804 × 10^310 |
| 106 | ov_106 | 1.28672 × 10^310 |
| 107 | ov_107 | 1.07543 × 10^310 |
| 108 | ov_108 | 8.91518 × 10^309 |
| 109 | ov_109 | 7.32439 × 10^309 |
| 110 | ov_110 | 5.95815 × 10^309 |
| 111 | ov_111 | 4.79392 × 10^309 |
| 112 | ov_112 | 3.81046 × 10^309 |
| 113 | ov_113 | 2.98777 × 10^309 |
| 114 | ov_114 | 2.30711 × 10^309 |
| 115 | ov_115 | 1.75090 × 10^309 |
| 116 | ov_116 | 1.30281 × 10^309 |
| 117 | ov_117 | 9.47645 × 10^308 |
| 118 | ov_118 | 6.71403 × 10^308 |
| 119 | ov_119 | 4.61250 × 10^308 |
| 120 | ov_120 | 3.05512 × 10^308 |
| 121 | ov_121 | 1.93675 × 10^308 |
| 122 | ov_122 | 1.16386 × 10^308 |
| 123 | ov_123 | 6.54452 × 10^307 |
| 124 | ov_124 | 3.38126 × 10^307 |
| 125 | ov_125 | 1.56046 × 10^307 |
| 126 | ov_126 | 6.09384 × 10^306 |
| 127 | aaa_77_28 | 1.70981 × 10^306 |
| 128 | aaa_77_29 | 5.20974 × 10^305 |
| 129 | ov_129 | 3.00039 × 10^305 |
| 130 | ov_130 | 3.00038 × 10^305 |
| 131 | ov_131 | 3.00038 × 10^305 |
| 132 | ov_132 | 2.61359 × 10^305 |
| 133 | ov_133 | 2.26618 × 10^305 |
| 134 | ov_134 | 1.95517 × 10^305 |
| 135 | ov_135 | 1.67778 × 10^305 |
| 136 | ov_136 | 1.43136 × 10^305 |
| 137 | ov_137 | 1.21342 × 10^305 |
| 138 | ov_138 | 1.02159 × 10^305 |
| 139 | ov_139 | 8.53644 × 10^304 |
| 140 | ov_140 | 7.07443 × 10^304 |
| 141 | ov_141 | 5.80988 × 10^304 |
| 142 | ov_142 | 4.72383 × 10^304 |
| 143 | ov_143 | 3.79836 × 10^304 |
| 144 | ov_144 | 3.01659 × 10^304 |
| 145 | ov_145 | 2.36263 × 10^304 |
| 146 | ov_146 | 1.82155 × 10^304 |
| 147 | ov_147 | 1.37942 × 10^304 |
| 148 | ov_148 | 1.02322 × 10^304 |
| 149 | ov_149 | 7.40895 × 10^303 |
| 150 | ov_150 | 5.21305 × 10^303 |
| 151 | ov_151 | 3.54251 × 10^303 |
| 152 | ov_152 | 2.30452 × 10^303 |
| 153 | ov_153 | 1.41551 × 10^303 |
| 154 | ov_154 | 8.01129 × 10^302 |
| 155 | ov_155 | 3.96191 × 10^302 |
| 156 | aaa_76_25 | 1.44739 × 10^302 |
| 157 | aaa_76_26 | 7.56028 × 10^301 |
| 158 | aaa_76_27 | 3.48493 × 10^301 |
| 159 | aaa_76_28 | 1.35916 × 10^301 |
| 160 | aaa_76_29 | 4.14131 × 10^300 |

## Output Bits Sorted by Complexity

| Rank | Output Bit | Complexity |
|:----:|:----------:|:----------:|
| 160 | aaa_76_29 | 4.14131 × 10^300 |
| 159 | aaa_76_28 | 1.35916 × 10^301 |
| 158 | aaa_76_27 | 3.48493 × 10^301 |
| 157 | aaa_76_26 | 7.56028 × 10^301 |
| 156 | aaa_76_25 | 1.44739 × 10^302 |
| 155 | ov_155 | 3.96191 × 10^302 |
| 154 | ov_154 | 8.01129 × 10^302 |
| 153 | ov_153 | 1.41551 × 10^303 |
| 152 | ov_152 | 2.30452 × 10^303 |
| 151 | ov_151 | 3.54251 × 10^303 |
| 150 | ov_150 | 5.21305 × 10^303 |
| 149 | ov_149 | 7.40895 × 10^303 |
| 148 | ov_148 | 1.02322 × 10^304 |
| 147 | ov_147 | 1.37942 × 10^304 |
| 146 | ov_146 | 1.82155 × 10^304 |
| 145 | ov_145 | 2.36263 × 10^304 |
| 144 | ov_144 | 3.01659 × 10^304 |
| 143 | ov_143 | 3.79836 × 10^304 |
| 142 | ov_142 | 4.72383 × 10^304 |
| 141 | ov_141 | 5.80988 × 10^304 |
| 140 | ov_140 | 7.07443 × 10^304 |
| 139 | ov_139 | 8.53644 × 10^304 |
| 138 | ov_138 | 1.02159 × 10^305 |
| 137 | ov_137 | 1.21342 × 10^305 |
| 136 | ov_136 | 1.43136 × 10^305 |
| 135 | ov_135 | 1.67778 × 10^305 |
| 134 | ov_134 | 1.95517 × 10^305 |
| 133 | ov_133 | 2.26618 × 10^305 |
| 132 | ov_132 | 2.61359 × 10^305 |
| 131 | ov_131 | 3.00038 × 10^305 |
| 130 | ov_130 | 3.00038 × 10^305 |
| 129 | ov_129 | 3.00039 × 10^305 |
| 128 | aaa_77_29 | 5.20974 × 10^305 |
| 127 | aaa_77_28 | 1.70981 × 10^306 |
| 126 | ov_126 | 6.09384 × 10^306 |
| 125 | ov_125 | 1.56046 × 10^307 |
| 124 | ov_124 | 3.38126 × 10^307 |
| 123 | ov_123 | 6.54452 × 10^307 |
| 122 | ov_122 | 1.16386 × 10^308 |
| 121 | ov_121 | 1.93675 × 10^308 |
| 120 | ov_120 | 3.05512 × 10^308 |
| 119 | ov_119 | 4.61250 × 10^308 |
| 118 | ov_118 | 6.71403 × 10^308 |
| 117 | ov_117 | 9.47645 × 10^308 |
| 116 | ov_116 | 1.30281 × 10^309 |
| 115 | ov_115 | 1.75090 × 10^309 |
| 114 | ov_114 | 2.30711 × 10^309 |
| 113 | ov_113 | 2.98777 × 10^309 |
| 112 | ov_112 | 3.81046 × 10^309 |
| 111 | ov_111 | 4.79392 × 10^309 |
| 110 | ov_110 | 5.95815 × 10^309 |
| 109 | ov_109 | 7.32439 × 10^309 |
| 108 | ov_108 | 8.91518 × 10^309 |
| 107 | ov_107 | 1.07543 × 10^310 |
| 106 | ov_106 | 1.28672 × 10^310 |
| 105 | ov_105 | 1.52804 × 10^310 |
| 104 | ov_104 | 1.80220 × 10^310 |
| 103 | ov_103 | 2.11219 × 10^310 |
| 102 | ov_102 | 2.46115 × 10^310 |
| 101 | ov_101 | 2.85240 × 10^310 |
| 100 | ov_100 | 3.28944 × 10^310 |
| 99 | ov_099 | 3.77601 × 10^310 |
| 98 | ov_098 | 3.77601 × 10^310 |
| 97 | ov_097 | 3.77602 × 10^310 |
| 96 | aaa_78_29 | 6.55382 × 10^310 |
| 95 | aaa_78_28 | 2.15093 × 10^311 |
| 94 | ov_094 | 7.66600 × 10^311 |
| 93 | ov_093 | 1.96305 × 10^312 |
| 92 | ov_092 | 4.25361 × 10^312 |
| 91 | ov_091 | 8.23296 × 10^312 |
| 90 | ov_090 | 1.46412 × 10^313 |
| 89 | ov_089 | 2.43642 × 10^313 |
| 88 | ov_088 | 3.84332 × 10^313 |
| 87 | ov_087 | 5.80249 × 10^313 |
| 86 | ov_086 | 8.44620 × 10^313 |
| 85 | ov_085 | 1.19213 × 10^314 |
| 84 | ov_084 | 1.63892 × 10^314 |
| 83 | ov_083 | 2.20263 × 10^314 |
| 82 | ov_082 | 2.90233 × 10^314 |
| 81 | ov_081 | 3.75860 × 10^314 |
| 64 | lv_79_m31 | 3.89965 × 10^314 |
| 80 | ov_080 | 4.79353 × 10^314 |
| 79 | ov_079 | 6.03071 × 10^314 |
| 78 | ov_078 | 7.49530 × 10^314 |
| 77 | ov_077 | 9.21403 × 10^314 |
| 76 | ov_076 | 1.12152 × 10^315 |
| 75 | ov_075 | 1.35289 × 10^315 |
| 74 | ov_074 | 1.61869 × 10^315 |
| 73 | ov_073 | 1.92226 × 10^315 |
| 63 | ov_063 | 1.99884 × 10^315 |
| 72 | ov_072 | 2.26716 × 10^315 |
| 71 | ov_071 | 2.65712 × 10^315 |
| 70 | ov_070 | 3.09611 × 10^315 |
| 69 | ov_069 | 3.58829 × 10^315 |
| 68 | ov_068 | 4.13810 × 10^315 |
| 67 | ov_067 | 4.75020 × 10^315 |
| 66 | ov_066 | 4.75020 × 10^315 |
| 65 | ov_065 | 4.75021 × 10^315 |
| 62 | ov_062 | 1.02435 × 10^316 |
| 61 | ov_061 | 3.73021 × 10^316 |
| 60 | ov_060 | 1.06681 × 10^317 |
| 59 | ov_059 | 2.57193 × 10^317 |
| 58 | ov_058 | 5.45344 × 10^317 |
| 57 | ov_057 | 1.04594 × 10^318 |
| 56 | ov_056 | 1.85210 × 10^318 |
| 55 | ov_055 | 3.07525 × 10^318 |
| 54 | ov_054 | 4.84511 × 10^318 |
| 53 | ov_053 | 7.30974 × 10^318 |
| 52 | ov_052 | 1.06355 × 10^319 |
| 51 | ov_051 | 1.50071 × 10^319 |
| 50 | ov_050 | 2.06278 × 10^319 |
| 49 | ov_049 | 2.77191 × 10^319 |
| 48 | ov_048 | 3.65213 × 10^319 |
| 47 | ov_047 | 4.72931 × 10^319 |
| 32 | lv_80_m31 | 4.90573 × 10^319 |
| 46 | ov_046 | 6.03125 × 10^319 |
| 45 | ov_045 | 7.58762 × 10^319 |
| 44 | ov_044 | 9.43006 × 10^319 |
| 43 | ov_043 | 1.15922 × 10^320 |
| 42 | ov_042 | 1.41097 × 10^320 |
| 41 | ov_041 | 1.70203 × 10^320 |
| 40 | ov_040 | 2.03640 × 10^320 |
| 39 | ov_039 | 2.41829 × 10^320 |
| 31 | ov_031 | 2.51453 × 10^320 |
| 38 | ov_038 | 2.85217 × 10^320 |
| 37 | ov_037 | 3.34275 × 10^320 |
| 36 | ov_036 | 3.89499 × 10^320 |
| 35 | ov_035 | 4.51415 × 10^320 |
| 34 | ov_034 | 5.20580 × 10^320 |
| 33 | ov_033 | 5.97582 × 10^320 |
| 30 | ov_030 | 1.28862 × 10^321 |
| 29 | ov_029 | 4.69258 × 10^321 |
| 28 | ov_028 | 1.34204 × 10^322 |
| 27 | ov_027 | 3.23548 × 10^322 |
| 26 | ov_026 | 6.86039 × 10^322 |
| 25 | ov_025 | 1.31579 × 10^323 |
| 24 | ov_024 | 2.32993 × 10^323 |
| 23 | ov_023 | 3.86864 × 10^323 |
| 22 | ov_022 | 6.09511 × 10^323 |
| 21 | ov_021 | 9.19560 × 10^323 |
| 20 | ov_020 | 1.33793 × 10^324 |
| 19 | ov_019 | 1.88789 × 10^324 |
| 18 | ov_018 | 2.59496 × 10^324 |
| 17 | ov_017 | 3.48705 × 10^324 |
| 16 | ov_016 | 4.59435 × 10^324 |
| 15 | ov_015 | 5.94944 × 10^324 |
| 14 | ov_014 | 7.58727 × 10^324 |
| 13 | ov_013 | 9.54517 × 10^324 |
| 12 | ov_012 | 1.18629 × 10^325 |
| 11 | ov_011 | 1.45829 × 10^325 |
| 10 | ov_010 | 1.77499 × 10^325 |
| 9 | ov_009 | 2.14114 × 10^325 |
| 8 | ov_008 | 2.56178 × 10^325 |
| 7 | ov_007 | 3.04220 × 10^325 |
| 6 | ov_006 | 3.58801 × 10^325 |
| 5 | ov_005 | 4.20515 × 10^325 |
| 4 | ov_004 | 4.89987 × 10^325 |
| 3 | ov_003 | 5.67877 × 10^325 |
| 2 | ov_002 | 6.54886 × 10^325 |
| 1 | ov_001 | 7.51753 × 10^325 |

