# Results for T001-T002-F003-F004-F005-T006-T007-F008-T009-F010-F011-T012-F013-F014-F015-T016-F017-F018-F019-F020-T021-F022-F023-T024-F025-T026-F027-T028-T029-F030-F031-F032-F033-F034-T035-F036-T037-T038-F039-F040-T041-T042-T043-F044-F045-F046-F047-F048-F049-F050-F051-F052-F053-F054-F055-F056-T057-F058-T059-F060-F061-T062-T063-T064-F065-T066-T067-T068-T069-T070-F071-T072-T073-T074-T075-T076-T077-T078-F079-F080-F081-F082-F083-F084-F085-F086-F087-T088-T089-F090-T091-F092-F093-F094-F095-T096-T097-F098-T099-F100-T101-F102-F103-T104-T105-T106-T107-F108-T109-T110-T111-T112-T113-T114-T115-T116-F117-T118-F119-T120-T121-F122-F123-F124-F125-T126-F127-F128-F129-T130-F131-F132-T133-F134-T135-T136-F137-F138-T139-T140-F141-T142-F143-T144-T145-T146-F147-F148-T149-T150-T151-F152-T153-T154-F155-F156-F157-T158-F159-T160-F161-F162-F163-T164-F165-T166-T167-F168-T169-F170-T171-T172-F173-F174-T175-F176-T177-T178-T179-T180-T181-F182-T183-T184-T185-F186-T187-F188-F189-T190-F191-T192-T193-F194-F195-F196-T197-F198-F199-T200-F201-T202-F203-F204-F205-F206-T207-F208-F209-F210-F211-T212-F213-T214-T215-T216-F217-T218-T219-F220-F221-F222-F223-F224-T225-F226-T227-T228-T229-T230-F231-F232-F233-F234-F235-T236-T237-T238-T239-T240-F241-T242-F243-F244-T245-T246-T247-T248-F249-T250-F251-T252-F253-T254-F255-F256-T257-F258-F259-F260-T261-F262-F263-T264-F265-F266-F267-T268-T269-F270-T271-F272-T273-F274-F275-F276-T277-F278-F279-T280-F281-F282-F283-T284-F285-T286-T287-F288-T289-T290-T291-F292-F293-T294-T295-F296-T297-F298-T299-T300-T301-T302-T303-F304-F305-F306-F307-F308-T309-T310-F311-T312-F313-T314-T315-F316-T317-F318-T319-F320-F321-F322-T323-F324-F325-F326-F327-F328-F329-T330-F331-F332-T333-T334-T335-F336-F337-T338-F339-T340-F341-F342-T343-T344-F345-T346-F347-T348-F349-F350-T351-T352-F353-T354-F355-F356-T357-F358-F359-F360-F361-T362-T363-T364-T365-T366-T367-F368-F369-T370-F371-F372-T373-F374-T375-T376-F377-T378-F379-F380-T381-F382-F383-F384-T385-F386-T387-F388-T389-F390-F391-F392-F393-T394-F395-T396-T397-T398-T399-T400-T401-T402-T403-F404-T405-F406-F407-F408-F409-F410-F411-T412-T413-F414-T415-F416-T417-T418-T419-T420-F421-F422-T423-F424-F425-T426-F427-F428-T429-F430-F431-T432-F433-T434-T435-T436-F437-F438-F439-F440-F441-T442-T443-T444-F445-F446-F447-F448-F449-F450-T451-F452-T453-T454-F456-T458-F459-F460-F461-F463-F464-F465-T466-F467-T468-F469-F470-F471-F472-F473-T474-T475-T476-F477-F478-F479-F480-T507-T509

## Summary

Number of input bits: 512  
Number of free input bits: 33  
Number of output bits: 160

Number of assignments: 19742  
Number of operations: 47793
(xor: 20398,
and: 14049,
or: 13346)

Total complexity: 4.42363 × 10^326

Least complex input bit: iv_506 (1.95361 × 10^323)  
Most complex input bit: iv_462 (3.33677 × 10^325)

Least complex output bit: aaa_76_29 (3.77399 × 10^300)  
Most complex output bit: ov_001 (6.85075 × 10^325)

Least complex input/output complexity: iv_506/aaa_76_29 (1.66671 × 10^297)  
Most complex input/output complexity: iv_462/ov_001 (5.16756 × 10^324)

## Input Bits

| Input Bit | Complexity | Occurrences |
|:---------:|:----------:|:-----------:|
| iv_455 | 3.43387 × 10^324 | 28 |
| iv_457 | 1.26931 × 10^325 | 41 |
| iv_462 | 3.33677 × 10^325 | 41 |
| iv_481 | 4.81614 × 10^323 | 49 |
| iv_482 | 1.98312 × 10^324 | 60 |
| iv_483 | 2.58272 × 10^324 | 49 |
| iv_484 | 6.31289 × 10^324 | 50 |
| iv_485 | 4.88282 × 10^324 | 45 |
| iv_486 | 6.03550 × 10^324 | 49 |
| iv_487 | 7.18834 × 10^324 | 45 |
| iv_488 | 1.55300 × 10^325 | 51 |
| iv_489 | 1.78376 × 10^325 | 53 |
| iv_490 | 1.06525 × 10^325 | 34 |
| iv_491 | 1.18149 × 10^325 | 34 |
| iv_492 | 1.29835 × 10^325 | 30 |
| iv_493 | 1.41614 × 10^325 | 34 |
| iv_494 | 1.53530 × 10^325 | 52 |
| iv_495 | 1.65635 × 10^325 | 52 |
| iv_496 | 1.77998 × 10^325 | 52 |
| iv_497 | 1.90699 × 10^325 | 34 |
| iv_498 | 2.03835 × 10^325 | 34 |
| iv_499 | 2.17521 × 10^325 | 52 |
| iv_500 | 2.31889 × 10^325 | 52 |
| iv_501 | 2.47093 × 10^325 | 52 |
| iv_502 | 2.63305 × 10^325 | 52 |
| iv_503 | 2.80725 × 10^325 | 52 |
| iv_504 | 2.99574 × 10^325 | 52 |
| iv_505 | 3.20101 × 10^325 | 71 |
| iv_506 | 1.95361 × 10^323 | 63 |
| iv_508 | 4.85551 × 10^323 | 70 |
| iv_510 | 1.11917 × 10^324 | 64 |
| iv_511 | 1.50040 × 10^324 | 64 |
| iv_512 | 1.92976 × 10^324 | 73 |

## Input Bits Sorted by Complexity

| Input Bit | Complexity | Occurrences |
|:---------:|:----------:|:-----------:|
| iv_506 | 1.95361 × 10^323 | 63 |
| iv_481 | 4.81614 × 10^323 | 49 |
| iv_508 | 4.85551 × 10^323 | 70 |
| iv_510 | 1.11917 × 10^324 | 64 |
| iv_511 | 1.50040 × 10^324 | 64 |
| iv_512 | 1.92976 × 10^324 | 73 |
| iv_482 | 1.98312 × 10^324 | 60 |
| iv_483 | 2.58272 × 10^324 | 49 |
| iv_455 | 3.43387 × 10^324 | 28 |
| iv_485 | 4.88282 × 10^324 | 45 |
| iv_486 | 6.03550 × 10^324 | 49 |
| iv_484 | 6.31289 × 10^324 | 50 |
| iv_487 | 7.18834 × 10^324 | 45 |
| iv_490 | 1.06525 × 10^325 | 34 |
| iv_491 | 1.18149 × 10^325 | 34 |
| iv_457 | 1.26931 × 10^325 | 41 |
| iv_492 | 1.29835 × 10^325 | 30 |
| iv_493 | 1.41614 × 10^325 | 34 |
| iv_494 | 1.53530 × 10^325 | 52 |
| iv_488 | 1.55300 × 10^325 | 51 |
| iv_495 | 1.65635 × 10^325 | 52 |
| iv_496 | 1.77998 × 10^325 | 52 |
| iv_489 | 1.78376 × 10^325 | 53 |
| iv_497 | 1.90699 × 10^325 | 34 |
| iv_498 | 2.03835 × 10^325 | 34 |
| iv_499 | 2.17521 × 10^325 | 52 |
| iv_500 | 2.31889 × 10^325 | 52 |
| iv_501 | 2.47093 × 10^325 | 52 |
| iv_502 | 2.63305 × 10^325 | 52 |
| iv_503 | 2.80725 × 10^325 | 52 |
| iv_504 | 2.99574 × 10^325 | 52 |
| iv_505 | 3.20101 × 10^325 | 71 |
| iv_462 | 3.33677 × 10^325 | 41 |

## Input Bits Sorted by Occurrences

| Input Bit | Complexity | Occurrences |
|:---------:|:----------:|:-----------:|
| iv_455 | 3.43387 × 10^324 | 28 |
| iv_492 | 1.29835 × 10^325 | 30 |
| iv_498 | 2.03835 × 10^325 | 34 |
| iv_490 | 1.06525 × 10^325 | 34 |
| iv_493 | 1.41614 × 10^325 | 34 |
| iv_497 | 1.90699 × 10^325 | 34 |
| iv_491 | 1.18149 × 10^325 | 34 |
| iv_457 | 1.26931 × 10^325 | 41 |
| iv_462 | 3.33677 × 10^325 | 41 |
| iv_487 | 7.18834 × 10^324 | 45 |
| iv_485 | 4.88282 × 10^324 | 45 |
| iv_483 | 2.58272 × 10^324 | 49 |
| iv_486 | 6.03550 × 10^324 | 49 |
| iv_481 | 4.81614 × 10^323 | 49 |
| iv_484 | 6.31289 × 10^324 | 50 |
| iv_488 | 1.55300 × 10^325 | 51 |
| iv_500 | 2.31889 × 10^325 | 52 |
| iv_501 | 2.47093 × 10^325 | 52 |
| iv_503 | 2.80725 × 10^325 | 52 |
| iv_499 | 2.17521 × 10^325 | 52 |
| iv_504 | 2.99574 × 10^325 | 52 |
| iv_494 | 1.53530 × 10^325 | 52 |
| iv_502 | 2.63305 × 10^325 | 52 |
| iv_496 | 1.77998 × 10^325 | 52 |
| iv_495 | 1.65635 × 10^325 | 52 |
| iv_489 | 1.78376 × 10^325 | 53 |
| iv_482 | 1.98312 × 10^324 | 60 |
| iv_506 | 1.95361 × 10^323 | 63 |
| iv_510 | 1.11917 × 10^324 | 64 |
| iv_511 | 1.50040 × 10^324 | 64 |
| iv_508 | 4.85551 × 10^323 | 70 |
| iv_505 | 3.20101 × 10^325 | 71 |
| iv_512 | 1.92976 × 10^324 | 73 |

## Output Bits

| Rank | Output Bit | Complexity |
|:----:|:----------:|:----------:|
| 1 | ov_001 | 6.85075 × 10^325 |
| 2 | ov_002 | 5.96800 × 10^325 |
| 3 | ov_003 | 5.17508 × 10^325 |
| 4 | ov_004 | 4.46526 × 10^325 |
| 5 | ov_005 | 3.83217 × 10^325 |
| 6 | ov_006 | 3.26977 × 10^325 |
| 7 | ov_007 | 2.77236 × 10^325 |
| 8 | ov_008 | 2.33455 × 10^325 |
| 9 | ov_009 | 1.95123 × 10^325 |
| 10 | ov_010 | 1.61755 × 10^325 |
| 11 | ov_011 | 1.32894 × 10^325 |
| 12 | ov_012 | 1.08107 × 10^325 |
| 13 | ov_013 | 8.69854 × 10^324 |
| 14 | ov_014 | 6.91430 × 10^324 |
| 15 | ov_015 | 5.42175 × 10^324 |
| 16 | ov_016 | 4.18685 × 10^324 |
| 17 | ov_017 | 3.17776 × 10^324 |
| 18 | ov_018 | 2.36480 × 10^324 |
| 19 | ov_019 | 1.72044 × 10^324 |
| 20 | ov_020 | 1.21926 × 10^324 |
| 21 | ov_021 | 8.37998 × 10^323 |
| 22 | ov_022 | 5.55450 × 10^323 |
| 23 | ov_023 | 3.52550 × 10^323 |
| 24 | ov_024 | 2.12327 × 10^323 |
| 25 | ov_025 | 1.19908 × 10^323 |
| 26 | ov_026 | 6.25190 × 10^322 |
| 27 | ov_027 | 2.94850 × 10^322 |
| 28 | ov_028 | 1.22300 × 10^322 |
| 29 | ov_029 | 4.27636 × 10^321 |
| 30 | ov_030 | 1.17432 × 10^321 |
| 31 | ov_031 | 2.29150 × 10^320 |
| 32 | lv_80_m31 | 4.47061 × 10^319 |
| 33 | ov_033 | 5.44578 × 10^320 |
| 34 | ov_034 | 4.74406 × 10^320 |
| 35 | ov_035 | 4.11376 × 10^320 |
| 36 | ov_036 | 3.54951 × 10^320 |
| 37 | ov_037 | 3.04626 × 10^320 |
| 38 | ov_038 | 2.59919 × 10^320 |
| 39 | ov_039 | 2.20380 × 10^320 |
| 40 | ov_040 | 1.85578 × 10^320 |
| 41 | ov_041 | 1.55106 × 10^320 |
| 42 | ov_042 | 1.28582 × 10^320 |
| 43 | ov_043 | 1.05640 × 10^320 |
| 44 | ov_044 | 8.59365 × 10^319 |
| 45 | ov_045 | 6.91462 × 10^319 |
| 46 | ov_046 | 5.49630 × 10^319 |
| 47 | ov_047 | 4.30984 × 10^319 |
| 48 | ov_048 | 3.32820 × 10^319 |
| 49 | ov_049 | 2.52605 × 10^319 |
| 50 | ov_050 | 1.87982 × 10^319 |
| 51 | ov_051 | 1.36760 × 10^319 |
| 52 | ov_052 | 9.69217 × 10^318 |
| 53 | ov_053 | 6.66139 × 10^318 |
| 54 | ov_054 | 4.41536 × 10^318 |
| 55 | ov_055 | 2.80248 × 10^318 |
| 56 | ov_056 | 1.68783 × 10^318 |
| 57 | ov_057 | 9.53172 × 10^317 |
| 58 | ov_058 | 4.96974 × 10^317 |
| 59 | ov_059 | 2.34381 × 10^317 |
| 60 | ov_060 | 9.72190 × 10^316 |
| 61 | ov_061 | 3.39935 × 10^316 |
| 62 | ov_062 | 9.33494 × 10^315 |
| 63 | ov_063 | 1.82155 × 10^315 |
| 64 | lv_79_m31 | 3.55376 × 10^314 |
| 65 | ov_065 | 4.32888 × 10^315 |
| 66 | ov_066 | 4.32887 × 10^315 |
| 67 | ov_067 | 4.32887 × 10^315 |
| 68 | ov_068 | 3.77106 × 10^315 |
| 69 | ov_069 | 3.27002 × 10^315 |
| 70 | ov_070 | 2.82149 × 10^315 |
| 71 | ov_071 | 2.42145 × 10^315 |
| 72 | ov_072 | 2.06607 × 10^315 |
| 73 | ov_073 | 1.75176 × 10^315 |
| 74 | ov_074 | 1.47511 × 10^315 |
| 75 | ov_075 | 1.23289 × 10^315 |
| 76 | ov_076 | 1.02204 × 10^315 |
| 77 | ov_077 | 8.39678 × 10^314 |
| 78 | ov_078 | 6.83050 × 10^314 |
| 79 | ov_079 | 5.49581 × 10^314 |
| 80 | ov_080 | 4.36836 × 10^314 |
| 81 | ov_081 | 3.42522 × 10^314 |
| 82 | ov_082 | 2.64490 × 10^314 |
| 83 | ov_083 | 2.00726 × 10^314 |
| 84 | ov_084 | 1.49356 × 10^314 |
| 85 | ov_085 | 1.08639 × 10^314 |
| 86 | ov_086 | 7.69705 × 10^313 |
| 87 | ov_087 | 5.28783 × 10^313 |
| 88 | ov_088 | 3.50243 × 10^313 |
| 89 | ov_089 | 2.22032 × 10^313 |
| 90 | ov_090 | 1.33426 × 10^313 |
| 91 | ov_091 | 7.50272 × 10^312 |
| 92 | ov_092 | 3.87633 × 10^312 |
| 93 | ov_093 | 1.78893 × 10^312 |
| 94 | ov_094 | 6.98606 × 10^311 |
| 95 | aaa_78_28 | 1.96015 × 10^311 |
| 96 | aaa_78_29 | 5.97252 × 10^310 |
| 97 | ov_097 | 3.44110 × 10^310 |
| 98 | ov_098 | 3.44109 × 10^310 |
| 99 | ov_099 | 3.44109 × 10^310 |
| 100 | ov_100 | 2.99768 × 10^310 |
| 101 | ov_101 | 2.59940 × 10^310 |
| 102 | ov_102 | 2.24285 × 10^310 |
| 103 | ov_103 | 1.92485 × 10^310 |
| 104 | ov_104 | 1.64235 × 10^310 |
| 105 | ov_105 | 1.39250 × 10^310 |
| 106 | ov_106 | 1.17259 × 10^310 |
| 107 | ov_107 | 9.80051 × 10^309 |
| 108 | ov_108 | 8.12444 × 10^309 |
| 109 | ov_109 | 6.67474 × 10^309 |
| 110 | ov_110 | 5.42968 × 10^309 |
| 111 | ov_111 | 4.36871 × 10^309 |
| 112 | ov_112 | 3.47248 × 10^309 |
| 113 | ov_113 | 2.72277 × 10^309 |
| 114 | ov_114 | 2.10247 × 10^309 |
| 115 | ov_115 | 1.59561 × 10^309 |
| 116 | ov_116 | 1.18725 × 10^309 |
| 117 | ov_117 | 8.63592 × 10^308 |
| 118 | ov_118 | 6.11852 × 10^308 |
| 119 | ov_119 | 4.20339 × 10^308 |
| 120 | ov_120 | 2.78414 × 10^308 |
| 121 | ov_121 | 1.76497 × 10^308 |
| 122 | ov_122 | 1.06063 × 10^308 |
| 123 | ov_123 | 5.96404 × 10^307 |
| 124 | ov_124 | 3.08136 × 10^307 |
| 125 | ov_125 | 1.42205 × 10^307 |
| 126 | ov_126 | 5.55333 × 10^306 |
| 127 | aaa_77_28 | 1.55816 × 10^306 |
| 128 | aaa_77_29 | 4.74766 × 10^305 |
| 129 | ov_129 | 2.73426 × 10^305 |
| 130 | ov_130 | 2.73425 × 10^305 |
| 131 | ov_131 | 2.73425 × 10^305 |
| 132 | ov_132 | 2.38178 × 10^305 |
| 133 | ov_133 | 2.06517 × 10^305 |
| 134 | ov_134 | 1.78175 × 10^305 |
| 135 | ov_135 | 1.52896 × 10^305 |
| 136 | ov_136 | 1.30440 × 10^305 |
| 137 | ov_137 | 1.10579 × 10^305 |
| 138 | ov_138 | 9.30986 × 10^304 |
| 139 | ov_139 | 7.77929 × 10^304 |
| 140 | ov_140 | 6.44695 × 10^304 |
| 141 | ov_141 | 5.29456 × 10^304 |
| 142 | ov_142 | 4.30484 × 10^304 |
| 143 | ov_143 | 3.46146 × 10^304 |
| 144 | ov_144 | 2.74903 × 10^304 |
| 145 | ov_145 | 2.15307 × 10^304 |
| 146 | ov_146 | 1.65999 × 10^304 |
| 147 | ov_147 | 1.25707 × 10^304 |
| 148 | ov_148 | 9.32467 × 10^303 |
| 149 | ov_149 | 6.75180 × 10^303 |
| 150 | ov_150 | 4.75067 × 10^303 |
| 151 | ov_151 | 3.22830 × 10^303 |
| 152 | ov_152 | 2.10012 × 10^303 |
| 153 | ov_153 | 1.28996 × 10^303 |
| 154 | ov_154 | 7.30071 × 10^302 |
| 155 | ov_155 | 3.61050 × 10^302 |
| 156 | aaa_76_25 | 1.31901 × 10^302 |
| 157 | aaa_76_26 | 6.88971 × 10^301 |
| 158 | aaa_76_27 | 3.17583 × 10^301 |
| 159 | aaa_76_28 | 1.23861 × 10^301 |
| 160 | aaa_76_29 | 3.77399 × 10^300 |

## Output Bits Sorted by Complexity

| Rank | Output Bit | Complexity |
|:----:|:----------:|:----------:|
| 160 | aaa_76_29 | 3.77399 × 10^300 |
| 159 | aaa_76_28 | 1.23861 × 10^301 |
| 158 | aaa_76_27 | 3.17583 × 10^301 |
| 157 | aaa_76_26 | 6.88971 × 10^301 |
| 156 | aaa_76_25 | 1.31901 × 10^302 |
| 155 | ov_155 | 3.61050 × 10^302 |
| 154 | ov_154 | 7.30071 × 10^302 |
| 153 | ov_153 | 1.28996 × 10^303 |
| 152 | ov_152 | 2.10012 × 10^303 |
| 151 | ov_151 | 3.22830 × 10^303 |
| 150 | ov_150 | 4.75067 × 10^303 |
| 149 | ov_149 | 6.75180 × 10^303 |
| 148 | ov_148 | 9.32467 × 10^303 |
| 147 | ov_147 | 1.25707 × 10^304 |
| 146 | ov_146 | 1.65999 × 10^304 |
| 145 | ov_145 | 2.15307 × 10^304 |
| 144 | ov_144 | 2.74903 × 10^304 |
| 143 | ov_143 | 3.46146 × 10^304 |
| 142 | ov_142 | 4.30484 × 10^304 |
| 141 | ov_141 | 5.29456 × 10^304 |
| 140 | ov_140 | 6.44695 × 10^304 |
| 139 | ov_139 | 7.77929 × 10^304 |
| 138 | ov_138 | 9.30986 × 10^304 |
| 137 | ov_137 | 1.10579 × 10^305 |
| 136 | ov_136 | 1.30440 × 10^305 |
| 135 | ov_135 | 1.52896 × 10^305 |
| 134 | ov_134 | 1.78175 × 10^305 |
| 133 | ov_133 | 2.06517 × 10^305 |
| 132 | ov_132 | 2.38178 × 10^305 |
| 131 | ov_131 | 2.73425 × 10^305 |
| 130 | ov_130 | 2.73425 × 10^305 |
| 129 | ov_129 | 2.73426 × 10^305 |
| 128 | aaa_77_29 | 4.74766 × 10^305 |
| 127 | aaa_77_28 | 1.55816 × 10^306 |
| 126 | ov_126 | 5.55333 × 10^306 |
| 125 | ov_125 | 1.42205 × 10^307 |
| 124 | ov_124 | 3.08136 × 10^307 |
| 123 | ov_123 | 5.96404 × 10^307 |
| 122 | ov_122 | 1.06063 × 10^308 |
| 121 | ov_121 | 1.76497 × 10^308 |
| 120 | ov_120 | 2.78414 × 10^308 |
| 119 | ov_119 | 4.20339 × 10^308 |
| 118 | ov_118 | 6.11852 × 10^308 |
| 117 | ov_117 | 8.63592 × 10^308 |
| 116 | ov_116 | 1.18725 × 10^309 |
| 115 | ov_115 | 1.59561 × 10^309 |
| 114 | ov_114 | 2.10247 × 10^309 |
| 113 | ov_113 | 2.72277 × 10^309 |
| 112 | ov_112 | 3.47248 × 10^309 |
| 111 | ov_111 | 4.36871 × 10^309 |
| 110 | ov_110 | 5.42968 × 10^309 |
| 109 | ov_109 | 6.67474 × 10^309 |
| 108 | ov_108 | 8.12444 × 10^309 |
| 107 | ov_107 | 9.80051 × 10^309 |
| 106 | ov_106 | 1.17259 × 10^310 |
| 105 | ov_105 | 1.39250 × 10^310 |
| 104 | ov_104 | 1.64235 × 10^310 |
| 103 | ov_103 | 1.92485 × 10^310 |
| 102 | ov_102 | 2.24285 × 10^310 |
| 101 | ov_101 | 2.59940 × 10^310 |
| 100 | ov_100 | 2.99768 × 10^310 |
| 99 | ov_099 | 3.44109 × 10^310 |
| 98 | ov_098 | 3.44109 × 10^310 |
| 97 | ov_097 | 3.44110 × 10^310 |
| 96 | aaa_78_29 | 5.97252 × 10^310 |
| 95 | aaa_78_28 | 1.96015 × 10^311 |
| 94 | ov_094 | 6.98606 × 10^311 |
| 93 | ov_093 | 1.78893 × 10^312 |
| 92 | ov_092 | 3.87633 × 10^312 |
| 91 | ov_091 | 7.50272 × 10^312 |
| 90 | ov_090 | 1.33426 × 10^313 |
| 89 | ov_089 | 2.22032 × 10^313 |
| 88 | ov_088 | 3.50243 × 10^313 |
| 87 | ov_087 | 5.28783 × 10^313 |
| 86 | ov_086 | 7.69705 × 10^313 |
| 85 | ov_085 | 1.08639 × 10^314 |
| 84 | ov_084 | 1.49356 × 10^314 |
| 83 | ov_083 | 2.00726 × 10^314 |
| 82 | ov_082 | 2.64490 × 10^314 |
| 81 | ov_081 | 3.42522 × 10^314 |
| 64 | lv_79_m31 | 3.55376 × 10^314 |
| 80 | ov_080 | 4.36836 × 10^314 |
| 79 | ov_079 | 5.49581 × 10^314 |
| 78 | ov_078 | 6.83050 × 10^314 |
| 77 | ov_077 | 8.39678 × 10^314 |
| 76 | ov_076 | 1.02204 × 10^315 |
| 75 | ov_075 | 1.23289 × 10^315 |
| 74 | ov_074 | 1.47511 × 10^315 |
| 73 | ov_073 | 1.75176 × 10^315 |
| 63 | ov_063 | 1.82155 × 10^315 |
| 72 | ov_072 | 2.06607 × 10^315 |
| 71 | ov_071 | 2.42145 × 10^315 |
| 70 | ov_070 | 2.82149 × 10^315 |
| 69 | ov_069 | 3.27002 × 10^315 |
| 68 | ov_068 | 3.77106 × 10^315 |
| 67 | ov_067 | 4.32887 × 10^315 |
| 66 | ov_066 | 4.32887 × 10^315 |
| 65 | ov_065 | 4.32888 × 10^315 |
| 62 | ov_062 | 9.33494 × 10^315 |
| 61 | ov_061 | 3.39935 × 10^316 |
| 60 | ov_060 | 9.72190 × 10^316 |
| 59 | ov_059 | 2.34381 × 10^317 |
| 58 | ov_058 | 4.96974 × 10^317 |
| 57 | ov_057 | 9.53172 × 10^317 |
| 56 | ov_056 | 1.68783 × 10^318 |
| 55 | ov_055 | 2.80248 × 10^318 |
| 54 | ov_054 | 4.41536 × 10^318 |
| 53 | ov_053 | 6.66139 × 10^318 |
| 52 | ov_052 | 9.69217 × 10^318 |
| 51 | ov_051 | 1.36760 × 10^319 |
| 50 | ov_050 | 1.87982 × 10^319 |
| 49 | ov_049 | 2.52605 × 10^319 |
| 48 | ov_048 | 3.32820 × 10^319 |
| 47 | ov_047 | 4.30984 × 10^319 |
| 32 | lv_80_m31 | 4.47061 × 10^319 |
| 46 | ov_046 | 5.49630 × 10^319 |
| 45 | ov_045 | 6.91462 × 10^319 |
| 44 | ov_044 | 8.59365 × 10^319 |
| 43 | ov_043 | 1.05640 × 10^320 |
| 42 | ov_042 | 1.28582 × 10^320 |
| 41 | ov_041 | 1.55106 × 10^320 |
| 40 | ov_040 | 1.85578 × 10^320 |
| 39 | ov_039 | 2.20380 × 10^320 |
| 31 | ov_031 | 2.29150 × 10^320 |
| 38 | ov_038 | 2.59919 × 10^320 |
| 37 | ov_037 | 3.04626 × 10^320 |
| 36 | ov_036 | 3.54951 × 10^320 |
| 35 | ov_035 | 4.11376 × 10^320 |
| 34 | ov_034 | 4.74406 × 10^320 |
| 33 | ov_033 | 5.44578 × 10^320 |
| 30 | ov_030 | 1.17432 × 10^321 |
| 29 | ov_029 | 4.27636 × 10^321 |
| 28 | ov_028 | 1.22300 × 10^322 |
| 27 | ov_027 | 2.94850 × 10^322 |
| 26 | ov_026 | 6.25190 × 10^322 |
| 25 | ov_025 | 1.19908 × 10^323 |
| 24 | ov_024 | 2.12327 × 10^323 |
| 23 | ov_023 | 3.52550 × 10^323 |
| 22 | ov_022 | 5.55450 × 10^323 |
| 21 | ov_021 | 8.37998 × 10^323 |
| 20 | ov_020 | 1.21926 × 10^324 |
| 19 | ov_019 | 1.72044 × 10^324 |
| 18 | ov_018 | 2.36480 × 10^324 |
| 17 | ov_017 | 3.17776 × 10^324 |
| 16 | ov_016 | 4.18685 × 10^324 |
| 15 | ov_015 | 5.42175 × 10^324 |
| 14 | ov_014 | 6.91430 × 10^324 |
| 13 | ov_013 | 8.69854 × 10^324 |
| 12 | ov_012 | 1.08107 × 10^325 |
| 11 | ov_011 | 1.32894 × 10^325 |
| 10 | ov_010 | 1.61755 × 10^325 |
| 9 | ov_009 | 1.95123 × 10^325 |
| 8 | ov_008 | 2.33455 × 10^325 |
| 7 | ov_007 | 2.77236 × 10^325 |
| 6 | ov_006 | 3.26977 × 10^325 |
| 5 | ov_005 | 3.83217 × 10^325 |
| 4 | ov_004 | 4.46526 × 10^325 |
| 3 | ov_003 | 5.17508 × 10^325 |
| 2 | ov_002 | 5.96800 × 10^325 |
| 1 | ov_001 | 6.85075 × 10^325 |

