# Results for T001-T002-F003-F004-F005-T006-T007-F008-T009-F010-F011-T012-F013-F014-F015-T016-F017-F018-F019-F020-T021-F022-F023-T024-F025-T026-F027-T028-T029-F030-F031-F032-F033-F034-T035-F036-T037-T038-F039-F040-T041-T042-T043-F044-F045-F046-F047-F048-F049-F050-F051-F052-F053-F054-F055-F056-T057-F058-T059-F060-F061-T062-T063-T064-F065-T066-T067-T068-T069-T070-F071-T072-T073-T074-T075-T076-T077-T078-F079-F080-F081-F082-F083-F084-F085-F086-F087-T088-T089-F090-T091-F092-F093-F094-F095-T096-T097-F098-T099-F100-T101-F102-F103-T104-T105-T106-T107-F108-T109-T110-T111-T112-T113-T114-T115-T116-F117-T118-F119-T120-T121-F122-F123-F124-F125-T126-F127-F128-F129-T130-F131-F132-T133-F134-T135-T136-F137-F138-T139-T140-F141-T142-F143-T144-T145-T146-F147-F148-T149-T150-T151-F152-T153-T154-F155-F156-F157-T158-F159-T160-F161-F162-F163-T164-F165-T166-T167-F168-T169-F170-T171-T172-F173-F174-T175-F176-T177-T178-T179-T180-T181-F182-T183-T184-T185-F186-T187-F188-F189-T190-F191-T192-T193-F194-F195-F196-T197-F198-F199-T200-F201-T202-F203-F204-F205-F206-T207-F208-F209-F210-F211-T212-F213-T214-T215-T216-F217-T218-T219-F220-F221-F222-F223-F224-T225-F226-T227-T228-T229-T230-F231-F232-F233-F234-F235-T236-T237-T238-T239-T240-F241-T242-F243-F244-T245-T246-T247-T248-F249-T250-F251-T252-F253-T254-F255-F256-T257-F258-F259-F260-T261-F262-F263-T264-F265-F266-F267-T268-T269-F270-T271-F272-T273-F274-F275-F276-T277-F278-F279-T280-F281-F282-F283-T284-F285-T286-T287-F288-T289-T290-T291-F292-F293-T294-T295-F296-T297-F298-T299-T300-T301-T302-T303-F304-F305-F306-F307-F308-T309-T310-F311-T312-F313-T314-T315-F316-T317-F318-T319-F320-F321-F322-T323-F324-F325-F326-F327-F328-F329-T330-F331-F332-T333-T334-T335-F336-F337-T338-F339-T340-F341-F342-T343-T344-F345-T346-F347-T348-F349-F350-T351-T352-F353-T354-F355-F356-T357-F358-F359-F360-F361-T362-T363-T364-T365-T366-T367-F368-F369-T370-F371-F372-T373-F374-T375-T376-F377-T378-F379-F380-T381-F382-F383-F384-T385-F386-T387-F388-T389-F390-F391-F392-F393-T394-F395-T396-T397-T398-T399-T400-T401-T402-T403-F404-T405-F406-F407-F408-F409-F410-F411-T412-T413-F414-T415-F416-T417-T418-T419-T420-F421-F422-T423-F424-F425-T426-F427-F428-T429-F430-F431-T432-F433-T434-T435-T436-F437-F438-F439-F440-F441-T442-T443-T444-F445-F446-F447-F448-F449-F450-T451-F452-T453-T454-F456-T457-T458-F459-F460-F461-T462-F463-F464-F465-T466-F467-T468-F469-F470-F471-F472-F473-T474-T475-T476-F477-F478-F479-F480-F484-F487-T489-T491-F494-F496-F500-T505-T507-T509-T511-T512

## Summary

Number of input bits: 512  
Number of free input bits: 21  
Number of output bits: 160

Number of assignments: 19394  
Number of operations: 46033
(xor: 19340,
and: 13692,
or: 13001)

Total complexity: 9.03488 × 10^322

Least complex input bit: iv_488 (1.79532 × 10^319)  
Most complex input bit: iv_504 (1.78964 × 10^322)

Least complex output bit: aaa_76_29 (7.70805 × 10^296)  
Most complex output bit: ov_001 (1.39920 × 10^322)

Least complex input/output complexity: iv_488/aaa_76_29 (1.53166 × 10^293)  
Most complex input/output complexity: iv_504/ov_001 (2.77156 × 10^321)

## Input Bits

| Input Bit | Complexity | Occurrences |
|:---------:|:----------:|:-----------:|
| iv_455 | 4.06877 × 10^321 | 47 |
| iv_481 | 1.10078 × 10^321 | 81 |
| iv_482 | 4.06874 × 10^321 | 75 |
| iv_483 | 3.88964 × 10^321 | 69 |
| iv_485 | 1.26101 × 10^321 | 68 |
| iv_486 | 1.26233 × 10^321 | 71 |
| iv_488 | 1.79532 × 10^319 | 79 |
| iv_490 | 6.36385 × 10^319 | 67 |
| iv_492 | 3.35850 × 10^320 | 80 |
| iv_493 | 6.63763 × 10^320 | 70 |
| iv_495 | 1.81364 × 10^321 | 72 |
| iv_497 | 3.90842 × 10^321 | 81 |
| iv_498 | 1.52641 × 10^321 | 78 |
| iv_499 | 1.92150 × 10^321 | 86 |
| iv_501 | 5.28359 × 10^321 | 76 |
| iv_502 | 8.78547 × 10^321 | 64 |
| iv_503 | 1.29623 × 10^322 | 62 |
| iv_504 | 1.78964 × 10^322 | 67 |
| iv_506 | 1.78185 × 10^321 | 77 |
| iv_508 | 6.77601 × 10^321 | 78 |
| iv_510 | 1.09607 × 10^322 | 110 |

## Input Bits Sorted by Complexity

| Input Bit | Complexity | Occurrences |
|:---------:|:----------:|:-----------:|
| iv_488 | 1.79532 × 10^319 | 79 |
| iv_490 | 6.36385 × 10^319 | 67 |
| iv_492 | 3.35850 × 10^320 | 80 |
| iv_493 | 6.63763 × 10^320 | 70 |
| iv_481 | 1.10078 × 10^321 | 81 |
| iv_485 | 1.26101 × 10^321 | 68 |
| iv_486 | 1.26233 × 10^321 | 71 |
| iv_498 | 1.52641 × 10^321 | 78 |
| iv_506 | 1.78185 × 10^321 | 77 |
| iv_495 | 1.81364 × 10^321 | 72 |
| iv_499 | 1.92150 × 10^321 | 86 |
| iv_483 | 3.88964 × 10^321 | 69 |
| iv_497 | 3.90842 × 10^321 | 81 |
| iv_482 | 4.06874 × 10^321 | 75 |
| iv_455 | 4.06877 × 10^321 | 47 |
| iv_501 | 5.28359 × 10^321 | 76 |
| iv_508 | 6.77601 × 10^321 | 78 |
| iv_502 | 8.78547 × 10^321 | 64 |
| iv_510 | 1.09607 × 10^322 | 110 |
| iv_503 | 1.29623 × 10^322 | 62 |
| iv_504 | 1.78964 × 10^322 | 67 |

## Input Bits Sorted by Occurrences

| Input Bit | Complexity | Occurrences |
|:---------:|:----------:|:-----------:|
| iv_455 | 4.06877 × 10^321 | 47 |
| iv_503 | 1.29623 × 10^322 | 62 |
| iv_502 | 8.78547 × 10^321 | 64 |
| iv_490 | 6.36385 × 10^319 | 67 |
| iv_504 | 1.78964 × 10^322 | 67 |
| iv_485 | 1.26101 × 10^321 | 68 |
| iv_483 | 3.88964 × 10^321 | 69 |
| iv_493 | 6.63763 × 10^320 | 70 |
| iv_486 | 1.26233 × 10^321 | 71 |
| iv_495 | 1.81364 × 10^321 | 72 |
| iv_482 | 4.06874 × 10^321 | 75 |
| iv_501 | 5.28359 × 10^321 | 76 |
| iv_506 | 1.78185 × 10^321 | 77 |
| iv_498 | 1.52641 × 10^321 | 78 |
| iv_508 | 6.77601 × 10^321 | 78 |
| iv_488 | 1.79532 × 10^319 | 79 |
| iv_492 | 3.35850 × 10^320 | 80 |
| iv_481 | 1.10078 × 10^321 | 81 |
| iv_497 | 3.90842 × 10^321 | 81 |
| iv_499 | 1.92150 × 10^321 | 86 |
| iv_510 | 1.09607 × 10^322 | 110 |

## Output Bits

| Rank | Output Bit | Complexity |
|:----:|:----------:|:----------:|
| 1 | ov_001 | 1.39920 × 10^322 |
| 2 | ov_002 | 1.21891 × 10^322 |
| 3 | ov_003 | 1.05696 × 10^322 |
| 4 | ov_004 | 9.11992 × 10^321 |
| 5 | ov_005 | 7.82687 × 10^321 |
| 6 | ov_006 | 6.67822 × 10^321 |
| 7 | ov_007 | 5.66231 × 10^321 |
| 8 | ov_008 | 4.76813 × 10^321 |
| 9 | ov_009 | 3.98522 × 10^321 |
| 10 | ov_010 | 3.30371 × 10^321 |
| 11 | ov_011 | 2.71425 × 10^321 |
| 12 | ov_012 | 2.20800 × 10^321 |
| 13 | ov_013 | 1.77660 × 10^321 |
| 14 | ov_014 | 1.41218 × 10^321 |
| 15 | ov_015 | 1.10734 × 10^321 |
| 16 | ov_016 | 8.55128 × 10^320 |
| 17 | ov_017 | 6.49030 × 10^320 |
| 18 | ov_018 | 4.82990 × 10^320 |
| 19 | ov_019 | 3.51385 × 10^320 |
| 20 | ov_020 | 2.49024 × 10^320 |
| 21 | ov_021 | 1.71153 × 10^320 |
| 22 | ov_022 | 1.13445 × 10^320 |
| 23 | ov_023 | 7.20054 × 10^319 |
| 24 | ov_024 | 4.33661 × 10^319 |
| 25 | ov_025 | 2.44902 × 10^319 |
| 26 | ov_026 | 1.27689 × 10^319 |
| 27 | ov_027 | 6.02206 × 10^318 |
| 28 | ov_028 | 2.49788 × 10^318 |
| 29 | ov_029 | 8.73410 × 10^317 |
| 30 | ov_030 | 2.39846 × 10^317 |
| 31 | ov_031 | 4.68019 × 10^316 |
| 32 | lv_80_m31 | 9.13082 × 10^315 |
| 33 | ov_033 | 1.11225 × 10^317 |
| 34 | ov_034 | 9.68934 × 10^316 |
| 35 | ov_035 | 8.40200 × 10^316 |
| 36 | ov_036 | 7.24958 × 10^316 |
| 37 | ov_037 | 6.22171 × 10^316 |
| 38 | ov_038 | 5.30863 × 10^316 |
| 39 | ov_039 | 4.50107 × 10^316 |
| 40 | ov_040 | 3.79026 × 10^316 |
| 41 | ov_041 | 3.16792 × 10^316 |
| 42 | ov_042 | 2.62618 × 10^316 |
| 43 | ov_043 | 2.15760 × 10^316 |
| 44 | ov_044 | 1.75517 × 10^316 |
| 45 | ov_045 | 1.41225 × 10^316 |
| 46 | ov_046 | 1.12257 × 10^316 |
| 47 | ov_047 | 8.80248 × 10^315 |
| 48 | ov_048 | 6.79756 × 10^315 |
| 49 | ov_049 | 5.15925 × 10^315 |
| 50 | ov_050 | 3.83937 × 10^315 |
| 51 | ov_051 | 2.79322 × 10^315 |
| 52 | ov_052 | 1.97954 × 10^315 |
| 53 | ov_053 | 1.36053 × 10^315 |
| 54 | ov_054 | 9.01800 × 10^314 |
| 55 | ov_055 | 5.72383 × 10^314 |
| 56 | ov_056 | 3.44724 × 10^314 |
| 57 | ov_057 | 1.94677 × 10^314 |
| 58 | ov_058 | 1.01502 × 10^314 |
| 59 | ov_059 | 4.78703 × 10^313 |
| 60 | ov_060 | 1.98561 × 10^313 |
| 61 | ov_061 | 6.94289 × 10^312 |
| 62 | ov_062 | 1.90658 × 10^312 |
| 63 | ov_063 | 3.72036 × 10^311 |
| 64 | lv_79_m31 | 7.25825 × 10^310 |
| 65 | ov_065 | 8.84137 × 10^311 |
| 66 | ov_066 | 8.84135 × 10^311 |
| 67 | ov_067 | 8.84134 × 10^311 |
| 68 | ov_068 | 7.70207 × 10^311 |
| 69 | ov_069 | 6.67874 × 10^311 |
| 70 | ov_070 | 5.76266 × 10^311 |
| 71 | ov_071 | 4.94560 × 10^311 |
| 72 | ov_072 | 4.21977 × 10^311 |
| 73 | ov_073 | 3.57783 × 10^311 |
| 74 | ov_074 | 3.01279 × 10^311 |
| 75 | ov_075 | 2.51808 × 10^311 |
| 76 | ov_076 | 2.08744 × 10^311 |
| 77 | ov_077 | 1.71496 × 10^311 |
| 78 | ov_078 | 1.39506 × 10^311 |
| 79 | ov_079 | 1.12247 × 10^311 |
| 80 | ov_080 | 8.92199 × 10^310 |
| 81 | ov_081 | 6.99572 × 10^310 |
| 82 | ov_082 | 5.40198 × 10^310 |
| 83 | ov_083 | 4.09966 × 10^310 |
| 84 | ov_084 | 3.05046 × 10^310 |
| 85 | ov_085 | 2.21886 × 10^310 |
| 86 | ov_086 | 1.57205 × 10^310 |
| 87 | ov_087 | 1.07999 × 10^310 |
| 88 | ov_088 | 7.15341 × 10^309 |
| 89 | ov_089 | 4.53482 × 10^309 |
| 90 | ov_090 | 2.72511 × 10^309 |
| 91 | ov_091 | 1.53236 × 10^309 |
| 92 | ov_092 | 7.91706 × 10^308 |
| 93 | ov_093 | 3.65374 × 10^308 |
| 94 | ov_094 | 1.42684 × 10^308 |
| 95 | aaa_78_28 | 4.00345 × 10^307 |
| 96 | aaa_78_29 | 1.21983 × 10^307 |
| 97 | ov_097 | 7.02816 × 10^306 |
| 98 | ov_098 | 7.02814 × 10^306 |
| 99 | ov_099 | 7.02813 × 10^306 |
| 100 | ov_100 | 6.12250 × 10^306 |
| 101 | ov_101 | 5.30905 × 10^306 |
| 102 | ov_102 | 4.58084 × 10^306 |
| 103 | ov_103 | 3.93134 × 10^306 |
| 104 | ov_104 | 3.35437 × 10^306 |
| 105 | ov_105 | 2.84407 × 10^306 |
| 106 | ov_106 | 2.39492 × 10^306 |
| 107 | ov_107 | 2.00166 × 10^306 |
| 108 | ov_108 | 1.65934 × 10^306 |
| 109 | ov_109 | 1.36325 × 10^306 |
| 110 | ov_110 | 1.10896 × 10^306 |
| 111 | ov_111 | 8.92272 × 10^305 |
| 112 | ov_112 | 7.09224 × 10^305 |
| 113 | ov_113 | 5.56102 × 10^305 |
| 114 | ov_114 | 4.29412 × 10^305 |
| 115 | ov_115 | 3.25889 × 10^305 |
| 116 | ov_116 | 2.42487 × 10^305 |
| 117 | ov_117 | 1.76381 × 10^305 |
| 118 | ov_118 | 1.24965 × 10^305 |
| 119 | ov_119 | 8.58505 × 10^304 |
| 120 | ov_120 | 5.68636 × 10^304 |
| 121 | ov_121 | 3.60480 × 10^304 |
| 122 | ov_122 | 2.16624 × 10^304 |
| 123 | ov_123 | 1.21810 × 10^304 |
| 124 | ov_124 | 6.29341 × 10^303 |
| 125 | ov_125 | 2.90442 × 10^303 |
| 126 | ov_126 | 1.13422 × 10^303 |
| 127 | aaa_77_28 | 3.18241 × 10^302 |
| 128 | aaa_77_29 | 9.69668 × 10^301 |
| 129 | ov_129 | 5.58449 × 10^301 |
| 130 | ov_130 | 5.58448 × 10^301 |
| 131 | ov_131 | 5.58447 × 10^301 |
| 132 | ov_132 | 4.86457 × 10^301 |
| 133 | ov_133 | 4.21794 × 10^301 |
| 134 | ov_134 | 3.63908 × 10^301 |
| 135 | ov_135 | 3.12278 × 10^301 |
| 136 | ov_136 | 2.66413 × 10^301 |
| 137 | ov_137 | 2.25849 × 10^301 |
| 138 | ov_138 | 1.90145 × 10^301 |
| 139 | ov_139 | 1.58885 × 10^301 |
| 140 | ov_140 | 1.31673 × 10^301 |
| 141 | ov_141 | 1.08136 × 10^301 |
| 142 | ov_142 | 8.79226 × 10^300 |
| 143 | ov_143 | 7.06973 × 10^300 |
| 144 | ov_144 | 5.61466 × 10^300 |
| 145 | ov_145 | 4.39746 × 10^300 |
| 146 | ov_146 | 3.39038 × 10^300 |
| 147 | ov_147 | 2.56746 × 10^300 |
| 148 | ov_148 | 1.90448 × 10^300 |
| 149 | ov_149 | 1.37899 × 10^300 |
| 150 | ov_150 | 9.70284 × 10^299 |
| 151 | ov_151 | 6.59353 × 10^299 |
| 152 | ov_152 | 4.28931 × 10^299 |
| 153 | ov_153 | 2.63464 × 10^299 |
| 154 | ov_154 | 1.49110 × 10^299 |
| 155 | ov_155 | 7.37414 × 10^298 |
| 156 | aaa_76_25 | 2.69396 × 10^298 |
| 157 | aaa_76_26 | 1.40716 × 10^298 |
| 158 | aaa_76_27 | 6.48636 × 10^297 |
| 159 | aaa_76_28 | 2.52975 × 10^297 |
| 160 | aaa_76_29 | 7.70805 × 10^296 |

## Output Bits Sorted by Complexity

| Rank | Output Bit | Complexity |
|:----:|:----------:|:----------:|
| 160 | aaa_76_29 | 7.70805 × 10^296 |
| 159 | aaa_76_28 | 2.52975 × 10^297 |
| 158 | aaa_76_27 | 6.48636 × 10^297 |
| 157 | aaa_76_26 | 1.40716 × 10^298 |
| 156 | aaa_76_25 | 2.69396 × 10^298 |
| 155 | ov_155 | 7.37414 × 10^298 |
| 154 | ov_154 | 1.49110 × 10^299 |
| 153 | ov_153 | 2.63464 × 10^299 |
| 152 | ov_152 | 4.28931 × 10^299 |
| 151 | ov_151 | 6.59353 × 10^299 |
| 150 | ov_150 | 9.70284 × 10^299 |
| 149 | ov_149 | 1.37899 × 10^300 |
| 148 | ov_148 | 1.90448 × 10^300 |
| 147 | ov_147 | 2.56746 × 10^300 |
| 146 | ov_146 | 3.39038 × 10^300 |
| 145 | ov_145 | 4.39746 × 10^300 |
| 144 | ov_144 | 5.61466 × 10^300 |
| 143 | ov_143 | 7.06973 × 10^300 |
| 142 | ov_142 | 8.79226 × 10^300 |
| 141 | ov_141 | 1.08136 × 10^301 |
| 140 | ov_140 | 1.31673 × 10^301 |
| 139 | ov_139 | 1.58885 × 10^301 |
| 138 | ov_138 | 1.90145 × 10^301 |
| 137 | ov_137 | 2.25849 × 10^301 |
| 136 | ov_136 | 2.66413 × 10^301 |
| 135 | ov_135 | 3.12278 × 10^301 |
| 134 | ov_134 | 3.63908 × 10^301 |
| 133 | ov_133 | 4.21794 × 10^301 |
| 132 | ov_132 | 4.86457 × 10^301 |
| 131 | ov_131 | 5.58447 × 10^301 |
| 130 | ov_130 | 5.58448 × 10^301 |
| 129 | ov_129 | 5.58449 × 10^301 |
| 128 | aaa_77_29 | 9.69668 × 10^301 |
| 127 | aaa_77_28 | 3.18241 × 10^302 |
| 126 | ov_126 | 1.13422 × 10^303 |
| 125 | ov_125 | 2.90442 × 10^303 |
| 124 | ov_124 | 6.29341 × 10^303 |
| 123 | ov_123 | 1.21810 × 10^304 |
| 122 | ov_122 | 2.16624 × 10^304 |
| 121 | ov_121 | 3.60480 × 10^304 |
| 120 | ov_120 | 5.68636 × 10^304 |
| 119 | ov_119 | 8.58505 × 10^304 |
| 118 | ov_118 | 1.24965 × 10^305 |
| 117 | ov_117 | 1.76381 × 10^305 |
| 116 | ov_116 | 2.42487 × 10^305 |
| 115 | ov_115 | 3.25889 × 10^305 |
| 114 | ov_114 | 4.29412 × 10^305 |
| 113 | ov_113 | 5.56102 × 10^305 |
| 112 | ov_112 | 7.09224 × 10^305 |
| 111 | ov_111 | 8.92272 × 10^305 |
| 110 | ov_110 | 1.10896 × 10^306 |
| 109 | ov_109 | 1.36325 × 10^306 |
| 108 | ov_108 | 1.65934 × 10^306 |
| 107 | ov_107 | 2.00166 × 10^306 |
| 106 | ov_106 | 2.39492 × 10^306 |
| 105 | ov_105 | 2.84407 × 10^306 |
| 104 | ov_104 | 3.35437 × 10^306 |
| 103 | ov_103 | 3.93134 × 10^306 |
| 102 | ov_102 | 4.58084 × 10^306 |
| 101 | ov_101 | 5.30905 × 10^306 |
| 100 | ov_100 | 6.12250 × 10^306 |
| 99 | ov_099 | 7.02813 × 10^306 |
| 98 | ov_098 | 7.02814 × 10^306 |
| 97 | ov_097 | 7.02816 × 10^306 |
| 96 | aaa_78_29 | 1.21983 × 10^307 |
| 95 | aaa_78_28 | 4.00345 × 10^307 |
| 94 | ov_094 | 1.42684 × 10^308 |
| 93 | ov_093 | 3.65374 × 10^308 |
| 92 | ov_092 | 7.91706 × 10^308 |
| 91 | ov_091 | 1.53236 × 10^309 |
| 90 | ov_090 | 2.72511 × 10^309 |
| 89 | ov_089 | 4.53482 × 10^309 |
| 88 | ov_088 | 7.15341 × 10^309 |
| 87 | ov_087 | 1.07999 × 10^310 |
| 86 | ov_086 | 1.57205 × 10^310 |
| 85 | ov_085 | 2.21886 × 10^310 |
| 84 | ov_084 | 3.05046 × 10^310 |
| 83 | ov_083 | 4.09966 × 10^310 |
| 82 | ov_082 | 5.40198 × 10^310 |
| 81 | ov_081 | 6.99572 × 10^310 |
| 64 | lv_79_m31 | 7.25825 × 10^310 |
| 80 | ov_080 | 8.92199 × 10^310 |
| 79 | ov_079 | 1.12247 × 10^311 |
| 78 | ov_078 | 1.39506 × 10^311 |
| 77 | ov_077 | 1.71496 × 10^311 |
| 76 | ov_076 | 2.08744 × 10^311 |
| 75 | ov_075 | 2.51808 × 10^311 |
| 74 | ov_074 | 3.01279 × 10^311 |
| 73 | ov_073 | 3.57783 × 10^311 |
| 63 | ov_063 | 3.72036 × 10^311 |
| 72 | ov_072 | 4.21977 × 10^311 |
| 71 | ov_071 | 4.94560 × 10^311 |
| 70 | ov_070 | 5.76266 × 10^311 |
| 69 | ov_069 | 6.67874 × 10^311 |
| 68 | ov_068 | 7.70207 × 10^311 |
| 67 | ov_067 | 8.84134 × 10^311 |
| 66 | ov_066 | 8.84135 × 10^311 |
| 65 | ov_065 | 8.84137 × 10^311 |
| 62 | ov_062 | 1.90658 × 10^312 |
| 61 | ov_061 | 6.94289 × 10^312 |
| 60 | ov_060 | 1.98561 × 10^313 |
| 59 | ov_059 | 4.78703 × 10^313 |
| 58 | ov_058 | 1.01502 × 10^314 |
| 57 | ov_057 | 1.94677 × 10^314 |
| 56 | ov_056 | 3.44724 × 10^314 |
| 55 | ov_055 | 5.72383 × 10^314 |
| 54 | ov_054 | 9.01800 × 10^314 |
| 53 | ov_053 | 1.36053 × 10^315 |
| 52 | ov_052 | 1.97954 × 10^315 |
| 51 | ov_051 | 2.79322 × 10^315 |
| 50 | ov_050 | 3.83937 × 10^315 |
| 49 | ov_049 | 5.15925 × 10^315 |
| 48 | ov_048 | 6.79756 × 10^315 |
| 47 | ov_047 | 8.80248 × 10^315 |
| 32 | lv_80_m31 | 9.13082 × 10^315 |
| 46 | ov_046 | 1.12257 × 10^316 |
| 45 | ov_045 | 1.41225 × 10^316 |
| 44 | ov_044 | 1.75517 × 10^316 |
| 43 | ov_043 | 2.15760 × 10^316 |
| 42 | ov_042 | 2.62618 × 10^316 |
| 41 | ov_041 | 3.16792 × 10^316 |
| 40 | ov_040 | 3.79026 × 10^316 |
| 39 | ov_039 | 4.50107 × 10^316 |
| 31 | ov_031 | 4.68019 × 10^316 |
| 38 | ov_038 | 5.30863 × 10^316 |
| 37 | ov_037 | 6.22171 × 10^316 |
| 36 | ov_036 | 7.24958 × 10^316 |
| 35 | ov_035 | 8.40200 × 10^316 |
| 34 | ov_034 | 9.68934 × 10^316 |
| 33 | ov_033 | 1.11225 × 10^317 |
| 30 | ov_030 | 2.39846 × 10^317 |
| 29 | ov_029 | 8.73410 × 10^317 |
| 28 | ov_028 | 2.49788 × 10^318 |
| 27 | ov_027 | 6.02206 × 10^318 |
| 26 | ov_026 | 1.27689 × 10^319 |
| 25 | ov_025 | 2.44902 × 10^319 |
| 24 | ov_024 | 4.33661 × 10^319 |
| 23 | ov_023 | 7.20054 × 10^319 |
| 22 | ov_022 | 1.13445 × 10^320 |
| 21 | ov_021 | 1.71153 × 10^320 |
| 20 | ov_020 | 2.49024 × 10^320 |
| 19 | ov_019 | 3.51385 × 10^320 |
| 18 | ov_018 | 4.82990 × 10^320 |
| 17 | ov_017 | 6.49030 × 10^320 |
| 16 | ov_016 | 8.55128 × 10^320 |
| 15 | ov_015 | 1.10734 × 10^321 |
| 14 | ov_014 | 1.41218 × 10^321 |
| 13 | ov_013 | 1.77660 × 10^321 |
| 12 | ov_012 | 2.20800 × 10^321 |
| 11 | ov_011 | 2.71425 × 10^321 |
| 10 | ov_010 | 3.30371 × 10^321 |
| 9 | ov_009 | 3.98522 × 10^321 |
| 8 | ov_008 | 4.76813 × 10^321 |
| 7 | ov_007 | 5.66231 × 10^321 |
| 6 | ov_006 | 6.67822 × 10^321 |
| 5 | ov_005 | 7.82687 × 10^321 |
| 4 | ov_004 | 9.11992 × 10^321 |
| 3 | ov_003 | 1.05696 × 10^322 |
| 2 | ov_002 | 1.21891 × 10^322 |
| 1 | ov_001 | 1.39920 × 10^322 |

