# Results for T001-T002-F003-F004-F005-T006-T007-F008-T009-F010-F011-T012-F013-F014-F015-T016-F017-F018-F019-F020-T021-F022-F023-T024-F025-T026-F027-T028-T029-F030-F031-F032-F033-F034-T035-F036-T037-T038-F039-F040-T041-T042-T043-F044-F045-F046-F047-F048-F049-F050-F051-F052-F053-F054-F055-F056-T057-F058-T059-F060-F061-T062-T063-T064-F065-T066-T067-T068-T069-T070-F071-T072-T073-T074-T075-T076-T077-T078-F079-F080-F081-F082-F083-F084-F085-F086-F087-T088-T089-F090-T091-F092-F093-F094-F095-T096-T097-F098-T099-F100-T101-F102-F103-T104-T105-T106-T107-F108-T109-T110-T111-T112-T113-T114-T115-T116-F117-T118-F119-T120-T121-F122-F123-F124-F125-T126-F127-F128-F129-T130-F131-F132-T133-F134-T135-T136-F137-F138-T139-T140-F141-T142-F143-T144-T145-T146-F147-F148-T149-T150-T151-F152-T153-T154-F155-F156-F157-T158-F159-T160-F161-F162-F163-T164-F165-T166-T167-F168-T169-F170-T171-T172-F173-F174-T175-F176-T177-T178-T179-T180-T181-F182-T183-T184-T185-F186-T187-F188-F189-T190-F191-T192-T193-F194-F195-F196-T197-F198-F199-T200-F201-T202-F203-F204-F205-F206-T207-F208-F209-F210-F211-T212-F213-T214-T215-T216-F217-T218-T219-F220-F221-F222-F223-F224-T225-F226-T227-T228-T229-T230-F231-F232-F233-F234-F235-T236-T237-T238-T239-T240-F241-T242-F243-F244-T245-T246-T247-T248-F249-T250-F251-T252-F253-T254-F255-F256-T257-F258-F259-F260-T261-F262-F263-T264-F265-F266-F267-T268-T269-F270-T271-F272-T273-F274-F275-F276-T277-F278-F279-T280-F281-F282-F283-T284-F285-T286-T287-F288-T289-T290-T291-F292-F293-T294-T295-F296-T297-F298-T299-T300-T301-T302-T303-F304-F305-F306-F307-F308-T309-T310-F311-T312-F313-T314-T315-F316-T317-F318-T319-F320-F321-F322-T323-F324-F325-F326-F327-F328-F329-T330-F331-F332-T333-T334-T335-F336-F337-T338-F339-T340-F341-F342-T343-T344-F345-T346-F347-T348-F349-F350-T351-T352-F353-T354-F355-F356-T357-F358-F359-F360-F361-T362-T363-T364-T365-T366-T367-F368-F369-T370-F371-F372-T373-F374-T375-T376-F377-T378-F379-F380-T381-F382-F383-F384-T385-F386-T387-F388-T389-F390-F391-F392-F393-T394-F395-T396-T397-T398-T399-T400-T401-T402-T403-F404-T405-F406-F407-F408-F409-F410-F411-T412-T413-F414-T415-F416-T417-T418-T419-T420-F421-F422-T423-F424-F425-T426-F427-F428-T429-F430-F431-T432-F433-T434-T435-T436-F437-F438-F439-F440-F441-T442-T443-T444-F445-F446-F447-F448-F449-F450-T451-F452-T453-T454-F456-T457-T458-F459-F460-F461-T462-F463-F464-F465-T466-F467-T468-F469-F470-F471-F472-F473-T474-T475-T476-F477-F478-F479-F480-F484-F487-T489-T491-F494-F496-F500-T505-T507-T509-F511-T512

## Summary

Number of input bits: 512  
Number of free input bits: 21  
Number of output bits: 160

Number of assignments: 19391  
Number of operations: 46022
(xor: 19338,
and: 13689,
or: 12995)

Total complexity: 7.02707 × 10^322

Least complex input bit: iv_488 (1.59140 × 10^319)  
Most complex input bit: iv_504 (1.58605 × 10^322)

Least complex output bit: aaa_76_29 (5.99510 × 10^296)  
Most complex output bit: ov_001 (1.08826 × 10^322)

Least complex input/output complexity: iv_488/aaa_76_29 (1.35770 × 10^293)  
Most complex input/output complexity: iv_504/ov_001 (2.45628 × 10^321)

## Input Bits

| Input Bit | Complexity | Occurrences |
|:---------:|:----------:|:-----------:|
| iv_455 | 2.20295 × 10^321 | 47 |
| iv_481 | 5.74625 × 10^320 | 81 |
| iv_482 | 2.20292 × 10^321 | 75 |
| iv_483 | 2.24524 × 10^321 | 69 |
| iv_485 | 9.18254 × 10^320 | 68 |
| iv_486 | 9.19430 × 10^320 | 71 |
| iv_488 | 1.59140 × 10^319 | 79 |
| iv_490 | 5.63999 × 10^319 | 67 |
| iv_492 | 2.97642 × 10^320 | 80 |
| iv_493 | 5.88243 × 10^320 | 70 |
| iv_495 | 1.60727 × 10^321 | 72 |
| iv_497 | 3.46366 × 10^321 | 81 |
| iv_498 | 1.35271 × 10^321 | 78 |
| iv_499 | 1.70284 × 10^321 | 86 |
| iv_501 | 4.68242 × 10^321 | 76 |
| iv_502 | 7.78590 × 10^321 | 64 |
| iv_503 | 1.14876 × 10^322 | 62 |
| iv_504 | 1.58605 × 10^322 | 67 |
| iv_506 | 1.57949 × 10^321 | 77 |
| iv_508 | 6.00677 × 10^321 | 96 |
| iv_510 | 4.71982 × 10^321 | 107 |

## Input Bits Sorted by Complexity

| Input Bit | Complexity | Occurrences |
|:---------:|:----------:|:-----------:|
| iv_488 | 1.59140 × 10^319 | 79 |
| iv_490 | 5.63999 × 10^319 | 67 |
| iv_492 | 2.97642 × 10^320 | 80 |
| iv_481 | 5.74625 × 10^320 | 81 |
| iv_493 | 5.88243 × 10^320 | 70 |
| iv_485 | 9.18254 × 10^320 | 68 |
| iv_486 | 9.19430 × 10^320 | 71 |
| iv_498 | 1.35271 × 10^321 | 78 |
| iv_506 | 1.57949 × 10^321 | 77 |
| iv_495 | 1.60727 × 10^321 | 72 |
| iv_499 | 1.70284 × 10^321 | 86 |
| iv_482 | 2.20292 × 10^321 | 75 |
| iv_455 | 2.20295 × 10^321 | 47 |
| iv_483 | 2.24524 × 10^321 | 69 |
| iv_497 | 3.46366 × 10^321 | 81 |
| iv_501 | 4.68242 × 10^321 | 76 |
| iv_510 | 4.71982 × 10^321 | 107 |
| iv_508 | 6.00677 × 10^321 | 96 |
| iv_502 | 7.78590 × 10^321 | 64 |
| iv_503 | 1.14876 × 10^322 | 62 |
| iv_504 | 1.58605 × 10^322 | 67 |

## Input Bits Sorted by Occurrences

| Input Bit | Complexity | Occurrences |
|:---------:|:----------:|:-----------:|
| iv_455 | 2.20295 × 10^321 | 47 |
| iv_503 | 1.14876 × 10^322 | 62 |
| iv_502 | 7.78590 × 10^321 | 64 |
| iv_490 | 5.63999 × 10^319 | 67 |
| iv_504 | 1.58605 × 10^322 | 67 |
| iv_485 | 9.18254 × 10^320 | 68 |
| iv_483 | 2.24524 × 10^321 | 69 |
| iv_493 | 5.88243 × 10^320 | 70 |
| iv_486 | 9.19430 × 10^320 | 71 |
| iv_495 | 1.60727 × 10^321 | 72 |
| iv_482 | 2.20292 × 10^321 | 75 |
| iv_501 | 4.68242 × 10^321 | 76 |
| iv_506 | 1.57949 × 10^321 | 77 |
| iv_498 | 1.35271 × 10^321 | 78 |
| iv_488 | 1.59140 × 10^319 | 79 |
| iv_492 | 2.97642 × 10^320 | 80 |
| iv_481 | 5.74625 × 10^320 | 81 |
| iv_497 | 3.46366 × 10^321 | 81 |
| iv_499 | 1.70284 × 10^321 | 86 |
| iv_508 | 6.00677 × 10^321 | 96 |
| iv_510 | 4.71982 × 10^321 | 107 |

## Output Bits

| Rank | Output Bit | Complexity |
|:----:|:----------:|:----------:|
| 1 | ov_001 | 1.08826 × 10^322 |
| 2 | ov_002 | 9.48034 × 10^321 |
| 3 | ov_003 | 8.22078 × 10^321 |
| 4 | ov_004 | 7.09321 × 10^321 |
| 5 | ov_005 | 6.08752 × 10^321 |
| 6 | ov_006 | 5.19413 × 10^321 |
| 7 | ov_007 | 4.40398 × 10^321 |
| 8 | ov_008 | 3.70851 × 10^321 |
| 9 | ov_009 | 3.09959 × 10^321 |
| 10 | ov_010 | 2.56953 × 10^321 |
| 11 | ov_011 | 2.11107 × 10^321 |
| 12 | ov_012 | 1.71732 × 10^321 |
| 13 | ov_013 | 1.38179 × 10^321 |
| 14 | ov_014 | 1.09835 × 10^321 |
| 15 | ov_015 | 8.61261 × 10^320 |
| 16 | ov_016 | 6.65094 × 10^320 |
| 17 | ov_017 | 5.04797 × 10^320 |
| 18 | ov_018 | 3.75656 × 10^320 |
| 19 | ov_019 | 2.73297 × 10^320 |
| 20 | ov_020 | 1.93684 × 10^320 |
| 21 | ov_021 | 1.33118 × 10^320 |
| 22 | ov_022 | 8.82349 × 10^319 |
| 23 | ov_023 | 5.60037 × 10^319 |
| 24 | ov_024 | 3.37289 × 10^319 |
| 25 | ov_025 | 1.90478 × 10^319 |
| 26 | ov_026 | 9.93133 × 10^318 |
| 27 | ov_027 | 4.68378 × 10^318 |
| 28 | ov_028 | 1.94278 × 10^318 |
| 29 | ov_029 | 6.79313 × 10^317 |
| 30 | ov_030 | 1.86545 × 10^317 |
| 31 | ov_031 | 3.64012 × 10^316 |
| 32 | lv_80_m31 | 7.10169 × 10^315 |
| 33 | ov_033 | 8.65079 × 10^316 |
| 34 | ov_034 | 7.53609 × 10^316 |
| 35 | ov_035 | 6.53483 × 10^316 |
| 36 | ov_036 | 5.63851 × 10^316 |
| 37 | ov_037 | 4.83907 × 10^316 |
| 38 | ov_038 | 4.12890 × 10^316 |
| 39 | ov_039 | 3.50080 × 10^316 |
| 40 | ov_040 | 2.94796 × 10^316 |
| 41 | ov_041 | 2.46392 × 10^316 |
| 42 | ov_042 | 2.04256 × 10^316 |
| 43 | ov_043 | 1.67812 × 10^316 |
| 44 | ov_044 | 1.36512 × 10^316 |
| 45 | ov_045 | 1.09840 × 10^316 |
| 46 | ov_046 | 8.73103 × 10^315 |
| 47 | ov_047 | 6.84631 × 10^315 |
| 48 | ov_048 | 5.28694 × 10^315 |
| 49 | ov_049 | 4.01272 × 10^315 |
| 50 | ov_050 | 2.98615 × 10^315 |
| 51 | ov_051 | 2.17248 × 10^315 |
| 52 | ov_052 | 1.53963 × 10^315 |
| 53 | ov_053 | 1.05818 × 10^315 |
| 54 | ov_054 | 7.01394 × 10^314 |
| 55 | ov_055 | 4.45183 × 10^314 |
| 56 | ov_056 | 2.68116 × 10^314 |
| 57 | ov_057 | 1.51414 × 10^314 |
| 58 | ov_058 | 7.89458 × 10^313 |
| 59 | ov_059 | 3.72322 × 10^313 |
| 60 | ov_060 | 1.54435 × 10^313 |
| 61 | ov_061 | 5.39998 × 10^312 |
| 62 | ov_062 | 1.48288 × 10^312 |
| 63 | ov_063 | 2.89359 × 10^311 |
| 64 | lv_79_m31 | 5.64526 × 10^310 |
| 65 | ov_065 | 6.87656 × 10^311 |
| 66 | ov_066 | 6.87655 × 10^311 |
| 67 | ov_067 | 6.87654 × 10^311 |
| 68 | ov_068 | 5.99045 × 10^311 |
| 69 | ov_069 | 5.19453 × 10^311 |
| 70 | ov_070 | 4.48203 × 10^311 |
| 71 | ov_071 | 3.84654 × 10^311 |
| 72 | ov_072 | 3.28202 × 10^311 |
| 73 | ov_073 | 2.78273 × 10^311 |
| 74 | ov_074 | 2.34326 × 10^311 |
| 75 | ov_075 | 1.95849 × 10^311 |
| 76 | ov_076 | 1.62355 × 10^311 |
| 77 | ov_077 | 1.33385 × 10^311 |
| 78 | ov_078 | 1.08504 × 10^311 |
| 79 | ov_079 | 8.73026 × 10^310 |
| 80 | ov_080 | 6.93927 × 10^310 |
| 81 | ov_081 | 5.44107 × 10^310 |
| 82 | ov_082 | 4.20150 × 10^310 |
| 83 | ov_083 | 3.18860 × 10^310 |
| 84 | ov_084 | 2.37256 × 10^310 |
| 85 | ov_085 | 1.72576 × 10^310 |
| 86 | ov_086 | 1.22270 × 10^310 |
| 87 | ov_087 | 8.39988 × 10^309 |
| 88 | ov_088 | 5.56371 × 10^309 |
| 89 | ov_089 | 3.52705 × 10^309 |
| 90 | ov_090 | 2.11951 × 10^309 |
| 91 | ov_091 | 1.19183 × 10^309 |
| 92 | ov_092 | 6.15766 × 10^308 |
| 93 | ov_093 | 2.84177 × 10^308 |
| 94 | ov_094 | 1.10975 × 10^308 |
| 95 | aaa_78_28 | 3.11376 × 10^307 |
| 96 | aaa_78_29 | 9.48753 × 10^306 |
| 97 | ov_097 | 5.46630 × 10^306 |
| 98 | ov_098 | 5.46628 × 10^306 |
| 99 | ov_099 | 5.46628 × 10^306 |
| 100 | ov_100 | 4.76191 × 10^306 |
| 101 | ov_101 | 4.12922 × 10^306 |
| 102 | ov_102 | 3.56284 × 10^306 |
| 103 | ov_103 | 3.05768 × 10^306 |
| 104 | ov_104 | 2.60893 × 10^306 |
| 105 | ov_105 | 2.21204 × 10^306 |
| 106 | ov_106 | 1.86270 × 10^306 |
| 107 | ov_107 | 1.55684 × 10^306 |
| 108 | ov_108 | 1.29059 × 10^306 |
| 109 | ov_109 | 1.06030 × 10^306 |
| 110 | ov_110 | 8.62521 × 10^305 |
| 111 | ov_111 | 6.93983 × 10^305 |
| 112 | ov_112 | 5.51614 × 10^305 |
| 113 | ov_113 | 4.32520 × 10^305 |
| 114 | ov_114 | 3.33985 × 10^305 |
| 115 | ov_115 | 2.53467 × 10^305 |
| 116 | ov_116 | 1.88599 × 10^305 |
| 117 | ov_117 | 1.37184 × 10^305 |
| 118 | ov_118 | 9.71945 × 10^304 |
| 119 | ov_119 | 6.67721 × 10^304 |
| 120 | ov_120 | 4.42269 × 10^304 |
| 121 | ov_121 | 2.80371 × 10^304 |
| 122 | ov_122 | 1.68484 × 10^304 |
| 123 | ov_123 | 9.47406 × 10^303 |
| 124 | ov_124 | 4.89483 × 10^303 |
| 125 | ov_125 | 2.25897 × 10^303 |
| 126 | ov_126 | 8.82164 × 10^302 |
| 127 | aaa_77_28 | 2.47518 × 10^302 |
| 128 | aaa_77_29 | 7.54180 × 10^301 |
| 129 | ov_129 | 4.34346 × 10^301 |
| 130 | ov_130 | 4.34345 × 10^301 |
| 131 | ov_131 | 4.34344 × 10^301 |
| 132 | ov_132 | 3.78353 × 10^301 |
| 133 | ov_133 | 3.28059 × 10^301 |
| 134 | ov_134 | 2.83037 × 10^301 |
| 135 | ov_135 | 2.42881 × 10^301 |
| 136 | ov_136 | 2.07209 × 10^301 |
| 137 | ov_137 | 1.75659 × 10^301 |
| 138 | ov_138 | 1.47890 × 10^301 |
| 139 | ov_139 | 1.23576 × 10^301 |
| 140 | ov_140 | 1.02411 × 10^301 |
| 141 | ov_141 | 8.41057 × 10^300 |
| 142 | ov_142 | 6.83837 × 10^300 |
| 143 | ov_143 | 5.49863 × 10^300 |
| 144 | ov_144 | 4.36692 × 10^300 |
| 145 | ov_145 | 3.42022 × 10^300 |
| 146 | ov_146 | 2.63694 × 10^300 |
| 147 | ov_147 | 1.99689 × 10^300 |
| 148 | ov_148 | 1.48125 × 10^300 |
| 149 | ov_149 | 1.07254 × 10^300 |
| 150 | ov_150 | 7.54659 × 10^299 |
| 151 | ov_151 | 5.12825 × 10^299 |
| 152 | ov_152 | 3.33610 × 10^299 |
| 153 | ov_153 | 2.04915 × 10^299 |
| 154 | ov_154 | 1.15974 × 10^299 |
| 155 | ov_155 | 5.73539 × 10^298 |
| 156 | aaa_76_25 | 2.09528 × 10^298 |
| 157 | aaa_76_26 | 1.09445 × 10^298 |
| 158 | aaa_76_27 | 5.04490 × 10^297 |
| 159 | aaa_76_28 | 1.96756 × 10^297 |
| 160 | aaa_76_29 | 5.99510 × 10^296 |

## Output Bits Sorted by Complexity

| Rank | Output Bit | Complexity |
|:----:|:----------:|:----------:|
| 160 | aaa_76_29 | 5.99510 × 10^296 |
| 159 | aaa_76_28 | 1.96756 × 10^297 |
| 158 | aaa_76_27 | 5.04490 × 10^297 |
| 157 | aaa_76_26 | 1.09445 × 10^298 |
| 156 | aaa_76_25 | 2.09528 × 10^298 |
| 155 | ov_155 | 5.73539 × 10^298 |
| 154 | ov_154 | 1.15974 × 10^299 |
| 153 | ov_153 | 2.04915 × 10^299 |
| 152 | ov_152 | 3.33610 × 10^299 |
| 151 | ov_151 | 5.12825 × 10^299 |
| 150 | ov_150 | 7.54659 × 10^299 |
| 149 | ov_149 | 1.07254 × 10^300 |
| 148 | ov_148 | 1.48125 × 10^300 |
| 147 | ov_147 | 1.99689 × 10^300 |
| 146 | ov_146 | 2.63694 × 10^300 |
| 145 | ov_145 | 3.42022 × 10^300 |
| 144 | ov_144 | 4.36692 × 10^300 |
| 143 | ov_143 | 5.49863 × 10^300 |
| 142 | ov_142 | 6.83837 × 10^300 |
| 141 | ov_141 | 8.41057 × 10^300 |
| 140 | ov_140 | 1.02411 × 10^301 |
| 139 | ov_139 | 1.23576 × 10^301 |
| 138 | ov_138 | 1.47890 × 10^301 |
| 137 | ov_137 | 1.75659 × 10^301 |
| 136 | ov_136 | 2.07209 × 10^301 |
| 135 | ov_135 | 2.42881 × 10^301 |
| 134 | ov_134 | 2.83037 × 10^301 |
| 133 | ov_133 | 3.28059 × 10^301 |
| 132 | ov_132 | 3.78353 × 10^301 |
| 131 | ov_131 | 4.34344 × 10^301 |
| 130 | ov_130 | 4.34345 × 10^301 |
| 129 | ov_129 | 4.34346 × 10^301 |
| 128 | aaa_77_29 | 7.54180 × 10^301 |
| 127 | aaa_77_28 | 2.47518 × 10^302 |
| 126 | ov_126 | 8.82164 × 10^302 |
| 125 | ov_125 | 2.25897 × 10^303 |
| 124 | ov_124 | 4.89483 × 10^303 |
| 123 | ov_123 | 9.47406 × 10^303 |
| 122 | ov_122 | 1.68484 × 10^304 |
| 121 | ov_121 | 2.80371 × 10^304 |
| 120 | ov_120 | 4.42269 × 10^304 |
| 119 | ov_119 | 6.67721 × 10^304 |
| 118 | ov_118 | 9.71945 × 10^304 |
| 117 | ov_117 | 1.37184 × 10^305 |
| 116 | ov_116 | 1.88599 × 10^305 |
| 115 | ov_115 | 2.53467 × 10^305 |
| 114 | ov_114 | 3.33985 × 10^305 |
| 113 | ov_113 | 4.32520 × 10^305 |
| 112 | ov_112 | 5.51614 × 10^305 |
| 111 | ov_111 | 6.93983 × 10^305 |
| 110 | ov_110 | 8.62521 × 10^305 |
| 109 | ov_109 | 1.06030 × 10^306 |
| 108 | ov_108 | 1.29059 × 10^306 |
| 107 | ov_107 | 1.55684 × 10^306 |
| 106 | ov_106 | 1.86270 × 10^306 |
| 105 | ov_105 | 2.21204 × 10^306 |
| 104 | ov_104 | 2.60893 × 10^306 |
| 103 | ov_103 | 3.05768 × 10^306 |
| 102 | ov_102 | 3.56284 × 10^306 |
| 101 | ov_101 | 4.12922 × 10^306 |
| 100 | ov_100 | 4.76191 × 10^306 |
| 99 | ov_099 | 5.46628 × 10^306 |
| 98 | ov_098 | 5.46628 × 10^306 |
| 97 | ov_097 | 5.46630 × 10^306 |
| 96 | aaa_78_29 | 9.48753 × 10^306 |
| 95 | aaa_78_28 | 3.11376 × 10^307 |
| 94 | ov_094 | 1.10975 × 10^308 |
| 93 | ov_093 | 2.84177 × 10^308 |
| 92 | ov_092 | 6.15766 × 10^308 |
| 91 | ov_091 | 1.19183 × 10^309 |
| 90 | ov_090 | 2.11951 × 10^309 |
| 89 | ov_089 | 3.52705 × 10^309 |
| 88 | ov_088 | 5.56371 × 10^309 |
| 87 | ov_087 | 8.39988 × 10^309 |
| 86 | ov_086 | 1.22270 × 10^310 |
| 85 | ov_085 | 1.72576 × 10^310 |
| 84 | ov_084 | 2.37256 × 10^310 |
| 83 | ov_083 | 3.18860 × 10^310 |
| 82 | ov_082 | 4.20150 × 10^310 |
| 81 | ov_081 | 5.44107 × 10^310 |
| 64 | lv_79_m31 | 5.64526 × 10^310 |
| 80 | ov_080 | 6.93927 × 10^310 |
| 79 | ov_079 | 8.73026 × 10^310 |
| 78 | ov_078 | 1.08504 × 10^311 |
| 77 | ov_077 | 1.33385 × 10^311 |
| 76 | ov_076 | 1.62355 × 10^311 |
| 75 | ov_075 | 1.95849 × 10^311 |
| 74 | ov_074 | 2.34326 × 10^311 |
| 73 | ov_073 | 2.78273 × 10^311 |
| 63 | ov_063 | 2.89359 × 10^311 |
| 72 | ov_072 | 3.28202 × 10^311 |
| 71 | ov_071 | 3.84654 × 10^311 |
| 70 | ov_070 | 4.48203 × 10^311 |
| 69 | ov_069 | 5.19453 × 10^311 |
| 68 | ov_068 | 5.99045 × 10^311 |
| 67 | ov_067 | 6.87654 × 10^311 |
| 66 | ov_066 | 6.87655 × 10^311 |
| 65 | ov_065 | 6.87656 × 10^311 |
| 62 | ov_062 | 1.48288 × 10^312 |
| 61 | ov_061 | 5.39998 × 10^312 |
| 60 | ov_060 | 1.54435 × 10^313 |
| 59 | ov_059 | 3.72322 × 10^313 |
| 58 | ov_058 | 7.89458 × 10^313 |
| 57 | ov_057 | 1.51414 × 10^314 |
| 56 | ov_056 | 2.68116 × 10^314 |
| 55 | ov_055 | 4.45183 × 10^314 |
| 54 | ov_054 | 7.01394 × 10^314 |
| 53 | ov_053 | 1.05818 × 10^315 |
| 52 | ov_052 | 1.53963 × 10^315 |
| 51 | ov_051 | 2.17248 × 10^315 |
| 50 | ov_050 | 2.98615 × 10^315 |
| 49 | ov_049 | 4.01272 × 10^315 |
| 48 | ov_048 | 5.28694 × 10^315 |
| 47 | ov_047 | 6.84631 × 10^315 |
| 32 | lv_80_m31 | 7.10169 × 10^315 |
| 46 | ov_046 | 8.73103 × 10^315 |
| 45 | ov_045 | 1.09840 × 10^316 |
| 44 | ov_044 | 1.36512 × 10^316 |
| 43 | ov_043 | 1.67812 × 10^316 |
| 42 | ov_042 | 2.04256 × 10^316 |
| 41 | ov_041 | 2.46392 × 10^316 |
| 40 | ov_040 | 2.94796 × 10^316 |
| 39 | ov_039 | 3.50080 × 10^316 |
| 31 | ov_031 | 3.64012 × 10^316 |
| 38 | ov_038 | 4.12890 × 10^316 |
| 37 | ov_037 | 4.83907 × 10^316 |
| 36 | ov_036 | 5.63851 × 10^316 |
| 35 | ov_035 | 6.53483 × 10^316 |
| 34 | ov_034 | 7.53609 × 10^316 |
| 33 | ov_033 | 8.65079 × 10^316 |
| 30 | ov_030 | 1.86545 × 10^317 |
| 29 | ov_029 | 6.79313 × 10^317 |
| 28 | ov_028 | 1.94278 × 10^318 |
| 27 | ov_027 | 4.68378 × 10^318 |
| 26 | ov_026 | 9.93133 × 10^318 |
| 25 | ov_025 | 1.90478 × 10^319 |
| 24 | ov_024 | 3.37289 × 10^319 |
| 23 | ov_023 | 5.60037 × 10^319 |
| 22 | ov_022 | 8.82349 × 10^319 |
| 21 | ov_021 | 1.33118 × 10^320 |
| 20 | ov_020 | 1.93684 × 10^320 |
| 19 | ov_019 | 2.73297 × 10^320 |
| 18 | ov_018 | 3.75656 × 10^320 |
| 17 | ov_017 | 5.04797 × 10^320 |
| 16 | ov_016 | 6.65094 × 10^320 |
| 15 | ov_015 | 8.61261 × 10^320 |
| 14 | ov_014 | 1.09835 × 10^321 |
| 13 | ov_013 | 1.38179 × 10^321 |
| 12 | ov_012 | 1.71732 × 10^321 |
| 11 | ov_011 | 2.11107 × 10^321 |
| 10 | ov_010 | 2.56953 × 10^321 |
| 9 | ov_009 | 3.09959 × 10^321 |
| 8 | ov_008 | 3.70851 × 10^321 |
| 7 | ov_007 | 4.40398 × 10^321 |
| 6 | ov_006 | 5.19413 × 10^321 |
| 5 | ov_005 | 6.08752 × 10^321 |
| 4 | ov_004 | 7.09321 × 10^321 |
| 3 | ov_003 | 8.22078 × 10^321 |
| 2 | ov_002 | 9.48034 × 10^321 |
| 1 | ov_001 | 1.08826 × 10^322 |

