# Results for T001-T002-F003-F004-F005-T006-T007-F008-T009-F010-F011-T012-F013-F014-F015-T016-F017-F018-F019-F020-T021-F022-F023-T024-F025-T026-F027-T028-T029-F030-F031-F032-F033-F034-T035-F036-T037-T038-F039-F040-T041-T042-T043-F044-F045-F046-F047-F048-F049-F050-F051-F052-F053-F054-F055-F056-T057-F058-T059-F060-F061-T062-T063-T064-F065-T066-T067-T068-T069-T070-F071-T072-T073-T074-T075-T076-T077-T078-F079-F080-F081-F082-F083-F084-F085-F086-F087-T088-T089-F090-T091-F092-F093-F094-F095-T096-T097-F098-T099-F100-T101-F102-F103-T104-T105-T106-T107-F108-T109-T110-T111-T112-T113-T114-T115-T116-F117-T118-F119-T120-T121-F122-F123-F124-F125-T126-F127-F128-F129-T130-F131-F132-T133-F134-T135-T136-F137-F138-T139-T140-F141-T142-F143-T144-T145-T146-F147-F148-T149-T150-T151-F152-T153-T154-F155-F156-F157-T158-F159-T160-F161-F162-F163-T164-F165-T166-T167-F168-T169-F170-T171-T172-F173-F174-T175-F176-T177-T178-T179-T180-T181-F182-T183-T184-T185-F186-T187-F188-F189-T190-F191-T192-T193-F194-F195-F196-T197-F198-F199-T200-F201-T202-F203-F204-F205-F206-T207-F208-F209-F210-F211-T212-F213-T214-T215-T216-F217-T218-T219-F220-F221-F222-F223-F224-T225-F226-T227-T228-T229-T230-F231-F232-F233-F234-F235-T236-T237-T238-T239-T240-F241-T242-F243-F244-T245-T246-T247-T248-F249-T250-F251-T252-F253-T254-F255-F256-T257-F258-F259-F260-T261-F262-F263-T264-F265-F266-F267-T268-T269-F270-T271-F272-T273-F274-F275-F276-T277-F278-F279-T280-F281-F282-F283-T284-F285-T286-T287-F288-T289-T290-T291-F292-F293-T294-T295-F296-T297-F298-T299-T300-T301-T302-T303-F304-F305-F306-F307-F308-T309-T310-F311-T312-F313-T314-T315-F316-T317-F318-T319-F320-F321-F322-T323-F324-F325-F326-F327-F328-F329-T330-F331-F332-T333-T334-T335-F336-F337-T338-F339-T340-F341-F342-T343-T344-F345-T346-F347-T348-F349-F350-T351-T352-F353-T354-F355-F356-T357-F358-F359-F360-F361-T362-T363-T364-T365-T366-T367-F368-F369-T370-F371-F372-T373-F374-T375-T376-F377-T378-F379-F380-T381-F382-F383-F384-T385-F386-T387-F388-T389-F390-F391-F392-F393-T394-F395-T396-T397-T398-T399-T400-T401-T402-T403-F404-T405-F406-F407-F408-F409-F410-F411-T412-T413-F414-T415-F416-T417-T418-T419-T420-F421-F422-T423-F424-F425-T426-F427-F428-T429-F430-F431-T432-F433-T434-T435-T436-F437-F438-F439-F440-F441-T442-T443-T444-F445-F446-F447-F448-F449-F450-T451-F452-T453-T454-F456-T457-T458-F459-F460-F461-T462-F463-F464-F465-T466-F467-T468-F469-F470-F471-F472-F473-T474-T475-T476-F477-F478-F479-F480-F484-F487-T489-T491-F494-F496-F500-T503-T504-T505-T507-T509-F511-T512

## Summary

Number of input bits: 512  
Number of free input bits: 19  
Number of output bits: 160

Number of assignments: 19307  
Number of operations: 45551
(xor: 19060,
and: 13593,
or: 12898)

Total complexity: 6.09732 × 10^321

Least complex input bit: iv_488 (3.03452 × 10^318)  
Most complex input bit: iv_502 (9.93976 × 10^320)

Least complex output bit: aaa_76_29 (5.20189 × 10^295)  
Most complex output bit: ov_001 (9.44276 × 10^320)

Least complex input/output complexity: iv_488/aaa_76_29 (2.58888 × 10^292)  
Most complex input/output complexity: iv_502/ov_001 (1.53934 × 10^320)

## Input Bits

| Input Bit | Complexity | Occurrences |
|:---------:|:----------:|:-----------:|
| iv_455 | 4.20096 × 10^320 | 47 |
| iv_481 | 1.09579 × 10^320 | 81 |
| iv_482 | 4.20089 × 10^320 | 75 |
| iv_483 | 4.28158 × 10^320 | 69 |
| iv_485 | 1.75103 × 10^320 | 68 |
| iv_486 | 1.75327 × 10^320 | 71 |
| iv_488 | 3.03452 × 10^318 | 79 |
| iv_490 | 1.07551 × 10^319 | 67 |
| iv_492 | 5.67594 × 10^319 | 80 |
| iv_493 | 1.12176 × 10^320 | 70 |
| iv_495 | 3.06505 × 10^320 | 72 |
| iv_497 | 6.60523 × 10^320 | 81 |
| iv_498 | 2.57966 × 10^320 | 78 |
| iv_499 | 3.24737 × 10^320 | 86 |
| iv_501 | 8.92954 × 10^320 | 96 |
| iv_502 | 9.93976 × 10^320 | 93 |
| iv_506 | 7.30387 × 10^319 | 115 |
| iv_508 | 3.46897 × 10^320 | 108 |
| iv_510 | 3.29647 × 10^320 | 119 |

## Input Bits Sorted by Complexity

| Input Bit | Complexity | Occurrences |
|:---------:|:----------:|:-----------:|
| iv_488 | 3.03452 × 10^318 | 79 |
| iv_490 | 1.07551 × 10^319 | 67 |
| iv_492 | 5.67594 × 10^319 | 80 |
| iv_506 | 7.30387 × 10^319 | 115 |
| iv_481 | 1.09579 × 10^320 | 81 |
| iv_493 | 1.12176 × 10^320 | 70 |
| iv_485 | 1.75103 × 10^320 | 68 |
| iv_486 | 1.75327 × 10^320 | 71 |
| iv_498 | 2.57966 × 10^320 | 78 |
| iv_495 | 3.06505 × 10^320 | 72 |
| iv_499 | 3.24737 × 10^320 | 86 |
| iv_510 | 3.29647 × 10^320 | 119 |
| iv_508 | 3.46897 × 10^320 | 108 |
| iv_482 | 4.20089 × 10^320 | 75 |
| iv_455 | 4.20096 × 10^320 | 47 |
| iv_483 | 4.28158 × 10^320 | 69 |
| iv_497 | 6.60523 × 10^320 | 81 |
| iv_501 | 8.92954 × 10^320 | 96 |
| iv_502 | 9.93976 × 10^320 | 93 |

## Input Bits Sorted by Occurrences

| Input Bit | Complexity | Occurrences |
|:---------:|:----------:|:-----------:|
| iv_455 | 4.20096 × 10^320 | 47 |
| iv_490 | 1.07551 × 10^319 | 67 |
| iv_485 | 1.75103 × 10^320 | 68 |
| iv_483 | 4.28158 × 10^320 | 69 |
| iv_493 | 1.12176 × 10^320 | 70 |
| iv_486 | 1.75327 × 10^320 | 71 |
| iv_495 | 3.06505 × 10^320 | 72 |
| iv_482 | 4.20089 × 10^320 | 75 |
| iv_498 | 2.57966 × 10^320 | 78 |
| iv_488 | 3.03452 × 10^318 | 79 |
| iv_492 | 5.67594 × 10^319 | 80 |
| iv_481 | 1.09579 × 10^320 | 81 |
| iv_497 | 6.60523 × 10^320 | 81 |
| iv_499 | 3.24737 × 10^320 | 86 |
| iv_502 | 9.93976 × 10^320 | 93 |
| iv_501 | 8.92954 × 10^320 | 96 |
| iv_508 | 3.46897 × 10^320 | 108 |
| iv_506 | 7.30387 × 10^319 | 115 |
| iv_510 | 3.29647 × 10^320 | 119 |

## Output Bits

| Rank | Output Bit | Complexity |
|:----:|:----------:|:----------:|
| 1 | ov_001 | 9.44276 × 10^320 |
| 2 | ov_002 | 8.22601 × 10^320 |
| 3 | ov_003 | 7.13309 × 10^320 |
| 4 | ov_004 | 6.15471 × 10^320 |
| 5 | ov_005 | 5.28208 × 10^320 |
| 6 | ov_006 | 4.50690 × 10^320 |
| 7 | ov_007 | 3.82130 × 10^320 |
| 8 | ov_008 | 3.21784 × 10^320 |
| 9 | ov_009 | 2.68948 × 10^320 |
| 10 | ov_010 | 2.22956 × 10^320 |
| 11 | ov_011 | 1.83175 × 10^320 |
| 12 | ov_012 | 1.49010 × 10^320 |
| 13 | ov_013 | 1.19896 × 10^320 |
| 14 | ov_014 | 9.53035 × 10^319 |
| 15 | ov_015 | 7.47308 × 10^319 |
| 16 | ov_016 | 5.77096 × 10^319 |
| 17 | ov_017 | 4.38007 × 10^319 |
| 18 | ov_018 | 3.25953 × 10^319 |
| 19 | ov_019 | 2.37137 × 10^319 |
| 20 | ov_020 | 1.68058 × 10^319 |
| 21 | ov_021 | 1.15505 × 10^319 |
| 22 | ov_022 | 7.65606 × 10^318 |
| 23 | ov_023 | 4.85939 × 10^318 |
| 24 | ov_024 | 2.92662 × 10^318 |
| 25 | ov_025 | 1.65276 × 10^318 |
| 26 | ov_026 | 8.61732 × 10^317 |
| 27 | ov_027 | 4.06407 × 10^317 |
| 28 | ov_028 | 1.68573 × 10^317 |
| 29 | ov_029 | 5.89434 × 10^316 |
| 30 | ov_030 | 1.61863 × 10^316 |
| 31 | ov_031 | 3.15849 × 10^315 |
| 32 | lv_80_m31 | 6.16207 × 10^314 |
| 33 | ov_033 | 7.50621 × 10^315 |
| 34 | ov_034 | 6.53899 × 10^315 |
| 35 | ov_035 | 5.67021 × 10^315 |
| 36 | ov_036 | 4.89248 × 10^315 |
| 37 | ov_037 | 4.19882 × 10^315 |
| 38 | ov_038 | 3.58261 × 10^315 |
| 39 | ov_039 | 3.03761 × 10^315 |
| 40 | ov_040 | 2.55792 × 10^315 |
| 41 | ov_041 | 2.13792 × 10^315 |
| 42 | ov_042 | 1.77231 × 10^315 |
| 43 | ov_043 | 1.45609 × 10^315 |
| 44 | ov_044 | 1.18450 × 10^315 |
| 45 | ov_045 | 9.53079 × 10^314 |
| 46 | ov_046 | 7.57583 × 10^314 |
| 47 | ov_047 | 5.94048 × 10^314 |
| 48 | ov_048 | 4.58743 × 10^314 |
| 49 | ov_049 | 3.48180 × 10^314 |
| 50 | ov_050 | 2.59106 × 10^314 |
| 51 | ov_051 | 1.88504 × 10^314 |
| 52 | ov_052 | 1.33592 × 10^314 |
| 53 | ov_053 | 9.18174 × 10^313 |
| 54 | ov_054 | 6.08593 × 10^313 |
| 55 | ov_055 | 3.86281 × 10^313 |
| 56 | ov_056 | 2.32642 × 10^313 |
| 57 | ov_057 | 1.31380 × 10^313 |
| 58 | ov_058 | 6.85006 × 10^312 |
| 59 | ov_059 | 3.23060 × 10^312 |
| 60 | ov_060 | 1.34002 × 10^312 |
| 61 | ov_061 | 4.68551 × 10^311 |
| 62 | ov_062 | 1.28668 × 10^311 |
| 63 | ov_063 | 2.51074 × 10^310 |
| 64 | lv_79_m31 | 4.89834 × 10^309 |
| 65 | ov_065 | 5.96673 × 10^310 |
| 66 | ov_066 | 5.96671 × 10^310 |
| 67 | ov_067 | 5.96671 × 10^310 |
| 68 | ov_068 | 5.19785 × 10^310 |
| 69 | ov_069 | 4.50725 × 10^310 |
| 70 | ov_070 | 3.88902 × 10^310 |
| 71 | ov_071 | 3.33761 × 10^310 |
| 72 | ov_072 | 2.84777 × 10^310 |
| 73 | ov_073 | 2.41455 × 10^310 |
| 74 | ov_074 | 2.03323 × 10^310 |
| 75 | ov_075 | 1.69936 × 10^310 |
| 76 | ov_076 | 1.40874 × 10^310 |
| 77 | ov_077 | 1.15737 × 10^310 |
| 78 | ov_078 | 9.41483 × 10^309 |
| 79 | ov_079 | 7.57516 × 10^309 |
| 80 | ov_080 | 6.02114 × 10^309 |
| 81 | ov_081 | 4.72117 × 10^309 |
| 82 | ov_082 | 3.64560 × 10^309 |
| 83 | ov_083 | 2.76671 × 10^309 |
| 84 | ov_084 | 2.05865 × 10^309 |
| 85 | ov_085 | 1.49743 × 10^309 |
| 86 | ov_086 | 1.06092 × 10^309 |
| 87 | ov_087 | 7.28849 × 10^308 |
| 88 | ov_088 | 4.82758 × 10^308 |
| 89 | ov_089 | 3.06039 × 10^308 |
| 90 | ov_090 | 1.83908 × 10^308 |
| 91 | ov_091 | 1.03414 × 10^308 |
| 92 | ov_092 | 5.34295 × 10^307 |
| 93 | ov_093 | 2.46578 × 10^307 |
| 94 | ov_094 | 9.62925 × 10^306 |
| 95 | aaa_78_28 | 2.70178 × 10^306 |
| 96 | aaa_78_29 | 8.23224 × 10^305 |
| 97 | ov_097 | 4.74306 × 10^305 |
| 98 | ov_098 | 4.74304 × 10^305 |
| 99 | ov_099 | 4.74304 × 10^305 |
| 100 | ov_100 | 4.13186 × 10^305 |
| 101 | ov_101 | 3.58289 × 10^305 |
| 102 | ov_102 | 3.09144 × 10^305 |
| 103 | ov_103 | 2.65312 × 10^305 |
| 104 | ov_104 | 2.26374 × 10^305 |
| 105 | ov_105 | 1.91936 × 10^305 |
| 106 | ov_106 | 1.61625 × 10^305 |
| 107 | ov_107 | 1.35085 × 10^305 |
| 108 | ov_108 | 1.11983 × 10^305 |
| 109 | ov_109 | 9.20015 × 10^304 |
| 110 | ov_110 | 7.48401 × 10^304 |
| 111 | ov_111 | 6.02163 × 10^304 |
| 112 | ov_112 | 4.78630 × 10^304 |
| 113 | ov_113 | 3.75294 × 10^304 |
| 114 | ov_114 | 2.89795 × 10^304 |
| 115 | ov_115 | 2.19931 × 10^304 |
| 116 | ov_116 | 1.63646 × 10^304 |
| 117 | ov_117 | 1.19033 × 10^304 |
| 118 | ov_118 | 8.43348 × 10^303 |
| 119 | ov_119 | 5.79375 × 10^303 |
| 120 | ov_120 | 3.83753 × 10^303 |
| 121 | ov_121 | 2.43275 × 10^303 |
| 122 | ov_122 | 1.46192 × 10^303 |
| 123 | ov_123 | 8.22055 × 10^302 |
| 124 | ov_124 | 4.24720 × 10^302 |
| 125 | ov_125 | 1.96009 × 10^302 |
| 126 | ov_126 | 7.65445 × 10^301 |
| 127 | aaa_77_28 | 2.14769 × 10^301 |
| 128 | aaa_77_29 | 6.54395 × 10^300 |
| 129 | ov_129 | 3.76878 × 10^300 |
| 130 | ov_130 | 3.76877 × 10^300 |
| 131 | ov_131 | 3.76876 × 10^300 |
| 132 | ov_132 | 3.28293 × 10^300 |
| 133 | ov_133 | 2.84654 × 10^300 |
| 134 | ov_134 | 2.45588 × 10^300 |
| 135 | ov_135 | 2.10745 × 10^300 |
| 136 | ov_136 | 1.79793 × 10^300 |
| 137 | ov_137 | 1.52418 × 10^300 |
| 138 | ov_138 | 1.28322 × 10^300 |
| 139 | ov_139 | 1.07226 × 10^300 |
| 140 | ov_140 | 8.88617 × 10^299 |
| 141 | ov_141 | 7.29777 × 10^299 |
| 142 | ov_142 | 5.93359 × 10^299 |
| 143 | ov_143 | 4.77111 × 10^299 |
| 144 | ov_144 | 3.78913 × 10^299 |
| 145 | ov_145 | 2.96769 × 10^299 |
| 146 | ov_146 | 2.28805 × 10^299 |
| 147 | ov_147 | 1.73269 × 10^299 |
| 148 | ov_148 | 1.28526 × 10^299 |
| 149 | ov_149 | 9.30636 × 10^298 |
| 150 | ov_150 | 6.54810 × 10^298 |
| 151 | ov_151 | 4.44974 × 10^298 |
| 152 | ov_152 | 2.89470 × 10^298 |
| 153 | ov_153 | 1.77802 × 10^298 |
| 154 | ov_154 | 1.00629 × 10^298 |
| 155 | ov_155 | 4.97655 × 10^297 |
| 156 | aaa_76_25 | 1.81806 × 10^297 |
| 157 | aaa_76_26 | 9.49645 × 10^296 |
| 158 | aaa_76_27 | 4.37741 × 10^296 |
| 159 | aaa_76_28 | 1.70724 × 10^296 |
| 160 | aaa_76_29 | 5.20189 × 10^295 |

## Output Bits Sorted by Complexity

| Rank | Output Bit | Complexity |
|:----:|:----------:|:----------:|
| 160 | aaa_76_29 | 5.20189 × 10^295 |
| 159 | aaa_76_28 | 1.70724 × 10^296 |
| 158 | aaa_76_27 | 4.37741 × 10^296 |
| 157 | aaa_76_26 | 9.49645 × 10^296 |
| 156 | aaa_76_25 | 1.81806 × 10^297 |
| 155 | ov_155 | 4.97655 × 10^297 |
| 154 | ov_154 | 1.00629 × 10^298 |
| 153 | ov_153 | 1.77802 × 10^298 |
| 152 | ov_152 | 2.89470 × 10^298 |
| 151 | ov_151 | 4.44974 × 10^298 |
| 150 | ov_150 | 6.54810 × 10^298 |
| 149 | ov_149 | 9.30636 × 10^298 |
| 148 | ov_148 | 1.28526 × 10^299 |
| 147 | ov_147 | 1.73269 × 10^299 |
| 146 | ov_146 | 2.28805 × 10^299 |
| 145 | ov_145 | 2.96769 × 10^299 |
| 144 | ov_144 | 3.78913 × 10^299 |
| 143 | ov_143 | 4.77111 × 10^299 |
| 142 | ov_142 | 5.93359 × 10^299 |
| 141 | ov_141 | 7.29777 × 10^299 |
| 140 | ov_140 | 8.88617 × 10^299 |
| 139 | ov_139 | 1.07226 × 10^300 |
| 138 | ov_138 | 1.28322 × 10^300 |
| 137 | ov_137 | 1.52418 × 10^300 |
| 136 | ov_136 | 1.79793 × 10^300 |
| 135 | ov_135 | 2.10745 × 10^300 |
| 134 | ov_134 | 2.45588 × 10^300 |
| 133 | ov_133 | 2.84654 × 10^300 |
| 132 | ov_132 | 3.28293 × 10^300 |
| 131 | ov_131 | 3.76876 × 10^300 |
| 130 | ov_130 | 3.76877 × 10^300 |
| 129 | ov_129 | 3.76878 × 10^300 |
| 128 | aaa_77_29 | 6.54395 × 10^300 |
| 127 | aaa_77_28 | 2.14769 × 10^301 |
| 126 | ov_126 | 7.65445 × 10^301 |
| 125 | ov_125 | 1.96009 × 10^302 |
| 124 | ov_124 | 4.24720 × 10^302 |
| 123 | ov_123 | 8.22055 × 10^302 |
| 122 | ov_122 | 1.46192 × 10^303 |
| 121 | ov_121 | 2.43275 × 10^303 |
| 120 | ov_120 | 3.83753 × 10^303 |
| 119 | ov_119 | 5.79375 × 10^303 |
| 118 | ov_118 | 8.43348 × 10^303 |
| 117 | ov_117 | 1.19033 × 10^304 |
| 116 | ov_116 | 1.63646 × 10^304 |
| 115 | ov_115 | 2.19931 × 10^304 |
| 114 | ov_114 | 2.89795 × 10^304 |
| 113 | ov_113 | 3.75294 × 10^304 |
| 112 | ov_112 | 4.78630 × 10^304 |
| 111 | ov_111 | 6.02163 × 10^304 |
| 110 | ov_110 | 7.48401 × 10^304 |
| 109 | ov_109 | 9.20015 × 10^304 |
| 108 | ov_108 | 1.11983 × 10^305 |
| 107 | ov_107 | 1.35085 × 10^305 |
| 106 | ov_106 | 1.61625 × 10^305 |
| 105 | ov_105 | 1.91936 × 10^305 |
| 104 | ov_104 | 2.26374 × 10^305 |
| 103 | ov_103 | 2.65312 × 10^305 |
| 102 | ov_102 | 3.09144 × 10^305 |
| 101 | ov_101 | 3.58289 × 10^305 |
| 100 | ov_100 | 4.13186 × 10^305 |
| 99 | ov_099 | 4.74304 × 10^305 |
| 98 | ov_098 | 4.74304 × 10^305 |
| 97 | ov_097 | 4.74306 × 10^305 |
| 96 | aaa_78_29 | 8.23224 × 10^305 |
| 95 | aaa_78_28 | 2.70178 × 10^306 |
| 94 | ov_094 | 9.62925 × 10^306 |
| 93 | ov_093 | 2.46578 × 10^307 |
| 92 | ov_092 | 5.34295 × 10^307 |
| 91 | ov_091 | 1.03414 × 10^308 |
| 90 | ov_090 | 1.83908 × 10^308 |
| 89 | ov_089 | 3.06039 × 10^308 |
| 88 | ov_088 | 4.82758 × 10^308 |
| 87 | ov_087 | 7.28849 × 10^308 |
| 86 | ov_086 | 1.06092 × 10^309 |
| 85 | ov_085 | 1.49743 × 10^309 |
| 84 | ov_084 | 2.05865 × 10^309 |
| 83 | ov_083 | 2.76671 × 10^309 |
| 82 | ov_082 | 3.64560 × 10^309 |
| 81 | ov_081 | 4.72117 × 10^309 |
| 64 | lv_79_m31 | 4.89834 × 10^309 |
| 80 | ov_080 | 6.02114 × 10^309 |
| 79 | ov_079 | 7.57516 × 10^309 |
| 78 | ov_078 | 9.41483 × 10^309 |
| 77 | ov_077 | 1.15737 × 10^310 |
| 76 | ov_076 | 1.40874 × 10^310 |
| 75 | ov_075 | 1.69936 × 10^310 |
| 74 | ov_074 | 2.03323 × 10^310 |
| 73 | ov_073 | 2.41455 × 10^310 |
| 63 | ov_063 | 2.51074 × 10^310 |
| 72 | ov_072 | 2.84777 × 10^310 |
| 71 | ov_071 | 3.33761 × 10^310 |
| 70 | ov_070 | 3.88902 × 10^310 |
| 69 | ov_069 | 4.50725 × 10^310 |
| 68 | ov_068 | 5.19785 × 10^310 |
| 67 | ov_067 | 5.96671 × 10^310 |
| 66 | ov_066 | 5.96671 × 10^310 |
| 65 | ov_065 | 5.96673 × 10^310 |
| 62 | ov_062 | 1.28668 × 10^311 |
| 61 | ov_061 | 4.68551 × 10^311 |
| 60 | ov_060 | 1.34002 × 10^312 |
| 59 | ov_059 | 3.23060 × 10^312 |
| 58 | ov_058 | 6.85006 × 10^312 |
| 57 | ov_057 | 1.31380 × 10^313 |
| 56 | ov_056 | 2.32642 × 10^313 |
| 55 | ov_055 | 3.86281 × 10^313 |
| 54 | ov_054 | 6.08593 × 10^313 |
| 53 | ov_053 | 9.18174 × 10^313 |
| 52 | ov_052 | 1.33592 × 10^314 |
| 51 | ov_051 | 1.88504 × 10^314 |
| 50 | ov_050 | 2.59106 × 10^314 |
| 49 | ov_049 | 3.48180 × 10^314 |
| 48 | ov_048 | 4.58743 × 10^314 |
| 47 | ov_047 | 5.94048 × 10^314 |
| 32 | lv_80_m31 | 6.16207 × 10^314 |
| 46 | ov_046 | 7.57583 × 10^314 |
| 45 | ov_045 | 9.53079 × 10^314 |
| 44 | ov_044 | 1.18450 × 10^315 |
| 43 | ov_043 | 1.45609 × 10^315 |
| 42 | ov_042 | 1.77231 × 10^315 |
| 41 | ov_041 | 2.13792 × 10^315 |
| 40 | ov_040 | 2.55792 × 10^315 |
| 39 | ov_039 | 3.03761 × 10^315 |
| 31 | ov_031 | 3.15849 × 10^315 |
| 38 | ov_038 | 3.58261 × 10^315 |
| 37 | ov_037 | 4.19882 × 10^315 |
| 36 | ov_036 | 4.89248 × 10^315 |
| 35 | ov_035 | 5.67021 × 10^315 |
| 34 | ov_034 | 6.53899 × 10^315 |
| 33 | ov_033 | 7.50621 × 10^315 |
| 30 | ov_030 | 1.61863 × 10^316 |
| 29 | ov_029 | 5.89434 × 10^316 |
| 28 | ov_028 | 1.68573 × 10^317 |
| 27 | ov_027 | 4.06407 × 10^317 |
| 26 | ov_026 | 8.61732 × 10^317 |
| 25 | ov_025 | 1.65276 × 10^318 |
| 24 | ov_024 | 2.92662 × 10^318 |
| 23 | ov_023 | 4.85939 × 10^318 |
| 22 | ov_022 | 7.65606 × 10^318 |
| 21 | ov_021 | 1.15505 × 10^319 |
| 20 | ov_020 | 1.68058 × 10^319 |
| 19 | ov_019 | 2.37137 × 10^319 |
| 18 | ov_018 | 3.25953 × 10^319 |
| 17 | ov_017 | 4.38007 × 10^319 |
| 16 | ov_016 | 5.77096 × 10^319 |
| 15 | ov_015 | 7.47308 × 10^319 |
| 14 | ov_014 | 9.53035 × 10^319 |
| 13 | ov_013 | 1.19896 × 10^320 |
| 12 | ov_012 | 1.49010 × 10^320 |
| 11 | ov_011 | 1.83175 × 10^320 |
| 10 | ov_010 | 2.22956 × 10^320 |
| 9 | ov_009 | 2.68948 × 10^320 |
| 8 | ov_008 | 3.21784 × 10^320 |
| 7 | ov_007 | 3.82130 × 10^320 |
| 6 | ov_006 | 4.50690 × 10^320 |
| 5 | ov_005 | 5.28208 × 10^320 |
| 4 | ov_004 | 6.15471 × 10^320 |
| 3 | ov_003 | 7.13309 × 10^320 |
| 2 | ov_002 | 8.22601 × 10^320 |
| 1 | ov_001 | 9.44276 × 10^320 |

