# Results for T001-T002-F003-F004-F005-T006-T007-F008-T009-F010-F011-T012-F013-F014-F015-T016-F017-F018-F019-F020-T021-F022-F023-T024-F025-T026-F027-T028-T029-F030-F031-F032-F033-F034-T035-F036-T037-T038-F039-F040-T041-T042-T043-F044-F045-F046-F047-F048-F049-F050-F051-F052-F053-F054-F055-F056-T057-F058-T059-F060-F061-T062-T063-T064-F065-T066-T067-T068-T069-T070-F071-T072-T073-T074-T075-T076-T077-T078-F079-F080-F081-F082-F083-F084-F085-F086-F087-T088-T089-F090-T091-F092-F093-F094-F095-T096-T097-F098-T099-F100-T101-F102-F103-T104-T105-T106-T107-F108-T109-T110-T111-T112-T113-T114-T115-T116-F117-T118-F119-T120-T121-F122-F123-F124-F125-T126-F127-F128-F129-T130-F131-F132-T133-F134-T135-T136-F137-F138-T139-T140-F141-T142-F143-T144-T145-T146-F147-F148-T149-T150-T151-F152-T153-T154-F155-F156-F157-T158-F159-T160-F161-F162-F163-T164-F165-T166-T167-F168-T169-F170-T171-T172-F173-F174-T175-F176-T177-T178-T179-T180-T181-F182-T183-T184-T185-F186-T187-F188-F189-T190-F191-T192-T193-F194-F195-F196-T197-F198-F199-T200-F201-T202-F203-F204-F205-F206-T207-F208-F209-F210-F211-T212-F213-T214-T215-T216-F217-T218-T219-F220-F221-F222-F223-F224-T225-F226-T227-T228-T229-T230-F231-F232-F233-F234-F235-T236-T237-T238-T239-T240-F241-T242-F243-F244-T245-T246-T247-T248-F249-T250-F251-T252-F253-T254-F255-F256-T257-F258-F259-F260-T261-F262-F263-T264-F265-F266-F267-T268-T269-F270-T271-F272-T273-F274-F275-F276-T277-F278-F279-T280-F281-F282-F283-T284-F285-T286-T287-F288-T289-T290-T291-F292-F293-T294-T295-F296-T297-F298-T299-T300-T301-T302-T303-F304-F305-F306-F307-F308-T309-T310-F311-T312-F313-T314-T315-F316-T317-F318-T319-F320-F321-F322-T323-F324-F325-F326-F327-F328-F329-T330-F331-F332-T333-T334-T335-F336-F337-T338-F339-T340-F341-F342-T343-T344-F345-T346-F347-T348-F349-F350-T351-T352-F353-T354-F355-F356-T357-F358-F359-F360-F361-T362-T363-T364-T365-T366-T367-F368-F369-T370-F371-F372-T373-F374-T375-T376-F377-T378-F379-F380-T381-F382-F383-F384-T385-F386-T387-F388-T389-F390-F391-F392-F393-T394-F395-T396-T397-T398-T399-T400-T401-T402-T403-F404-T405-F406-F407-F408-F409-F410-F411-T412-T413-F414-T415-F416-T417-T418-T419-T420-F421-F422-T423-F424-F425-T426-F427-F428-T429-F430-F431-T432-F433-T434-T435-T436-F437-F438-F439-F440-F441-T442-T443-T444-F445-F446-F447-F448-F449-F450-T451-F452-T453-T454-F456-T457-T458-F459-F460-F461-T462-F463-F464-F465-T466-F467-T468-F469-F470-F471-F472-F473-T474-T475-T476-F477-F478-F479-F480-F484-F487-T489-T491-F494-F496-F500-F503-T504-T505-T507-T509-F511-T512

## Summary

Number of input bits: 512  
Number of free input bits: 19  
Number of output bits: 160

Number of assignments: 19289  
Number of operations: 45530
(xor: 19050,
and: 13587,
or: 12893)

Total complexity: 2.44659 × 10^321

Least complex input bit: iv_488 (3.03452 × 10^318)  
Most complex input bit: iv_497 (6.60517 × 10^320)

Least complex output bit: aaa_76_29 (2.08729 × 10^295)  
Most complex output bit: ov_001 (3.78897 × 10^320)

Least complex input/output complexity: iv_488/aaa_76_29 (2.58888 × 10^292)  
Most complex input/output complexity: iv_497/ov_001 (1.02292 × 10^320)

## Input Bits

| Input Bit | Complexity | Occurrences |
|:---------:|:----------:|:-----------:|
| iv_455 | 1.87593 × 10^320 | 47 |
| iv_481 | 4.83940 × 10^319 | 81 |
| iv_482 | 1.87586 × 10^320 | 75 |
| iv_483 | 1.95655 × 10^320 | 69 |
| iv_485 | 8.94441 × 10^319 | 68 |
| iv_486 | 8.96684 × 10^319 | 71 |
| iv_488 | 3.03452 × 10^318 | 79 |
| iv_490 | 1.07550 × 10^319 | 67 |
| iv_492 | 5.67590 × 10^319 | 80 |
| iv_493 | 1.12176 × 10^320 | 70 |
| iv_495 | 3.06503 × 10^320 | 72 |
| iv_497 | 6.60517 × 10^320 | 81 |
| iv_498 | 2.57963 × 10^320 | 80 |
| iv_499 | 6.68269 × 10^319 | 88 |
| iv_501 | 1.15073 × 10^319 | 109 |
| iv_502 | 1.22367 × 10^319 | 91 |
| iv_506 | 1.18541 × 10^319 | 115 |
| iv_508 | 6.54480 × 10^319 | 108 |
| iv_510 | 7.26719 × 10^319 | 119 |

## Input Bits Sorted by Complexity

| Input Bit | Complexity | Occurrences |
|:---------:|:----------:|:-----------:|
| iv_488 | 3.03452 × 10^318 | 79 |
| iv_490 | 1.07550 × 10^319 | 67 |
| iv_501 | 1.15073 × 10^319 | 109 |
| iv_506 | 1.18541 × 10^319 | 115 |
| iv_502 | 1.22367 × 10^319 | 91 |
| iv_481 | 4.83940 × 10^319 | 81 |
| iv_492 | 5.67590 × 10^319 | 80 |
| iv_508 | 6.54480 × 10^319 | 108 |
| iv_499 | 6.68269 × 10^319 | 88 |
| iv_510 | 7.26719 × 10^319 | 119 |
| iv_485 | 8.94441 × 10^319 | 68 |
| iv_486 | 8.96684 × 10^319 | 71 |
| iv_493 | 1.12176 × 10^320 | 70 |
| iv_482 | 1.87586 × 10^320 | 75 |
| iv_455 | 1.87593 × 10^320 | 47 |
| iv_483 | 1.95655 × 10^320 | 69 |
| iv_498 | 2.57963 × 10^320 | 80 |
| iv_495 | 3.06503 × 10^320 | 72 |
| iv_497 | 6.60517 × 10^320 | 81 |

## Input Bits Sorted by Occurrences

| Input Bit | Complexity | Occurrences |
|:---------:|:----------:|:-----------:|
| iv_455 | 1.87593 × 10^320 | 47 |
| iv_490 | 1.07550 × 10^319 | 67 |
| iv_485 | 8.94441 × 10^319 | 68 |
| iv_483 | 1.95655 × 10^320 | 69 |
| iv_493 | 1.12176 × 10^320 | 70 |
| iv_486 | 8.96684 × 10^319 | 71 |
| iv_495 | 3.06503 × 10^320 | 72 |
| iv_482 | 1.87586 × 10^320 | 75 |
| iv_488 | 3.03452 × 10^318 | 79 |
| iv_492 | 5.67590 × 10^319 | 80 |
| iv_498 | 2.57963 × 10^320 | 80 |
| iv_481 | 4.83940 × 10^319 | 81 |
| iv_497 | 6.60517 × 10^320 | 81 |
| iv_499 | 6.68269 × 10^319 | 88 |
| iv_502 | 1.22367 × 10^319 | 91 |
| iv_508 | 6.54480 × 10^319 | 108 |
| iv_501 | 1.15073 × 10^319 | 109 |
| iv_506 | 1.18541 × 10^319 | 115 |
| iv_510 | 7.26719 × 10^319 | 119 |

## Output Bits

| Rank | Output Bit | Complexity |
|:----:|:----------:|:----------:|
| 1 | ov_001 | 3.78897 × 10^320 |
| 2 | ov_002 | 3.30074 × 10^320 |
| 3 | ov_003 | 2.86220 × 10^320 |
| 4 | ov_004 | 2.46962 × 10^320 |
| 5 | ov_005 | 2.11947 × 10^320 |
| 6 | ov_006 | 1.80842 × 10^320 |
| 7 | ov_007 | 1.53332 × 10^320 |
| 8 | ov_008 | 1.29118 × 10^320 |
| 9 | ov_009 | 1.07917 × 10^320 |
| 10 | ov_010 | 8.94628 × 10^319 |
| 11 | ov_011 | 7.35005 × 10^319 |
| 12 | ov_012 | 5.97914 × 10^319 |
| 13 | ov_013 | 4.81093 × 10^319 |
| 14 | ov_014 | 3.82412 × 10^319 |
| 15 | ov_015 | 2.99862 × 10^319 |
| 16 | ov_016 | 2.31563 × 10^319 |
| 17 | ov_017 | 1.75753 × 10^319 |
| 18 | ov_018 | 1.30791 × 10^319 |
| 19 | ov_019 | 9.51531 × 10^318 |
| 20 | ov_020 | 6.74345 × 10^318 |
| 21 | ov_021 | 4.63474 × 10^318 |
| 22 | ov_022 | 3.07204 × 10^318 |
| 23 | ov_023 | 1.94986 × 10^318 |
| 24 | ov_024 | 1.17432 × 10^318 |
| 25 | ov_025 | 6.63181 × 10^317 |
| 26 | ov_026 | 3.45776 × 10^317 |
| 27 | ov_027 | 1.63074 × 10^317 |
| 28 | ov_028 | 6.76414 × 10^316 |
| 29 | ov_029 | 2.36514 × 10^316 |
| 30 | ov_030 | 6.49490 × 10^315 |
| 31 | ov_031 | 1.26737 × 10^315 |
| 32 | lv_80_m31 | 2.47257 × 10^314 |
| 33 | ov_033 | 3.01192 × 10^315 |
| 34 | ov_034 | 2.62381 × 10^315 |
| 35 | ov_035 | 2.27521 × 10^315 |
| 36 | ov_036 | 1.96314 × 10^315 |
| 37 | ov_037 | 1.68480 × 10^315 |
| 38 | ov_038 | 1.43754 × 10^315 |
| 39 | ov_039 | 1.21886 × 10^315 |
| 40 | ov_040 | 1.02638 × 10^315 |
| 41 | ov_041 | 8.57856 × 10^314 |
| 42 | ov_042 | 7.11155 × 10^314 |
| 43 | ov_043 | 5.84268 × 10^314 |
| 44 | ov_044 | 4.75292 × 10^314 |
| 45 | ov_045 | 3.82429 × 10^314 |
| 46 | ov_046 | 3.03985 × 10^314 |
| 47 | ov_047 | 2.38366 × 10^314 |
| 48 | ov_048 | 1.84074 × 10^314 |
| 49 | ov_049 | 1.39709 × 10^314 |
| 50 | ov_050 | 1.03968 × 10^314 |
| 51 | ov_051 | 7.56388 × 10^313 |
| 52 | ov_052 | 5.36048 × 10^313 |
| 53 | ov_053 | 3.68424 × 10^313 |
| 54 | ov_054 | 2.44202 × 10^313 |
| 55 | ov_055 | 1.54998 × 10^313 |
| 56 | ov_056 | 9.33494 × 10^312 |
| 57 | ov_057 | 5.27174 × 10^312 |
| 58 | ov_058 | 2.74863 × 10^312 |
| 59 | ov_059 | 1.29630 × 10^312 |
| 60 | ov_060 | 5.37693 × 10^311 |
| 61 | ov_061 | 1.88009 × 10^311 |
| 62 | ov_062 | 5.16291 × 10^310 |
| 63 | ov_063 | 1.00745 × 10^310 |
| 64 | lv_79_m31 | 1.96549 × 10^309 |
| 65 | ov_065 | 2.39419 × 10^310 |
| 66 | ov_066 | 2.39418 × 10^310 |
| 67 | ov_067 | 2.39418 × 10^310 |
| 68 | ov_068 | 2.08567 × 10^310 |
| 69 | ov_069 | 1.80856 × 10^310 |
| 70 | ov_070 | 1.56049 × 10^310 |
| 71 | ov_071 | 1.33924 × 10^310 |
| 72 | ov_072 | 1.14269 × 10^310 |
| 73 | ov_073 | 9.68856 × 10^309 |
| 74 | ov_074 | 8.15849 × 10^309 |
| 75 | ov_075 | 6.81883 × 10^309 |
| 76 | ov_076 | 5.65268 × 10^309 |
| 77 | ov_077 | 4.64403 × 10^309 |
| 78 | ov_078 | 3.77777 × 10^309 |
| 79 | ov_079 | 3.03959 × 10^309 |
| 80 | ov_080 | 2.41602 × 10^309 |
| 81 | ov_081 | 1.89440 × 10^309 |
| 82 | ov_082 | 1.46282 × 10^309 |
| 83 | ov_083 | 1.11016 × 10^309 |
| 84 | ov_084 | 8.26050 × 10^308 |
| 85 | ov_085 | 6.00855 × 10^308 |
| 86 | ov_086 | 4.25704 × 10^308 |
| 87 | ov_087 | 2.92456 × 10^308 |
| 88 | ov_088 | 1.93710 × 10^308 |
| 89 | ov_089 | 1.22800 × 10^308 |
| 90 | ov_090 | 7.37947 × 10^307 |
| 91 | ov_091 | 4.14956 × 10^307 |
| 92 | ov_092 | 2.14389 × 10^307 |
| 93 | ov_093 | 9.89412 × 10^306 |
| 94 | ov_094 | 3.86380 × 10^306 |
| 95 | aaa_78_28 | 1.08411 × 10^306 |
| 96 | aaa_78_29 | 3.30324 × 10^305 |
| 97 | ov_097 | 1.90318 × 10^305 |
| 98 | ov_098 | 1.90318 × 10^305 |
| 99 | ov_099 | 1.90318 × 10^305 |
| 100 | ov_100 | 1.65794 × 10^305 |
| 101 | ov_101 | 1.43766 × 10^305 |
| 102 | ov_102 | 1.24046 × 10^305 |
| 103 | ov_103 | 1.06458 × 10^305 |
| 104 | ov_104 | 9.08345 × 10^304 |
| 105 | ov_105 | 7.70160 × 10^304 |
| 106 | ov_106 | 6.48532 × 10^304 |
| 107 | ov_107 | 5.42040 × 10^304 |
| 108 | ov_108 | 4.49341 × 10^304 |
| 109 | ov_109 | 3.69162 × 10^304 |
| 110 | ov_110 | 3.00301 × 10^304 |
| 111 | ov_111 | 2.41622 × 10^304 |
| 112 | ov_112 | 1.92054 × 10^304 |
| 113 | ov_113 | 1.50589 × 10^304 |
| 114 | ov_114 | 1.16282 × 10^304 |
| 115 | ov_115 | 8.82490 × 10^303 |
| 116 | ov_116 | 6.56641 × 10^303 |
| 117 | ov_117 | 4.77630 × 10^303 |
| 118 | ov_118 | 3.38399 × 10^303 |
| 119 | ov_119 | 2.32478 × 10^303 |
| 120 | ov_120 | 1.53983 × 10^303 |
| 121 | ov_121 | 9.76161 × 10^302 |
| 122 | ov_122 | 5.86606 × 10^302 |
| 123 | ov_123 | 3.29855 × 10^302 |
| 124 | ov_124 | 1.70422 × 10^302 |
| 125 | ov_125 | 7.86501 × 10^301 |
| 126 | ov_126 | 3.07140 × 10^301 |
| 127 | aaa_77_28 | 8.61779 × 10^300 |
| 128 | aaa_77_29 | 2.62580 × 10^300 |
| 129 | ov_129 | 1.51225 × 10^300 |
| 130 | ov_130 | 1.51224 × 10^300 |
| 131 | ov_131 | 1.51224 × 10^300 |
| 132 | ov_132 | 1.31730 × 10^300 |
| 133 | ov_133 | 1.14219 × 10^300 |
| 134 | ov_134 | 9.85442 × 10^299 |
| 135 | ov_135 | 8.45632 × 10^299 |
| 136 | ov_136 | 7.21433 × 10^299 |
| 137 | ov_137 | 6.11588 × 10^299 |
| 138 | ov_138 | 5.14904 × 10^299 |
| 139 | ov_139 | 4.30252 × 10^299 |
| 140 | ov_140 | 3.56564 × 10^299 |
| 141 | ov_141 | 2.92828 × 10^299 |
| 142 | ov_142 | 2.38089 × 10^299 |
| 143 | ov_143 | 1.91444 × 10^299 |
| 144 | ov_144 | 1.52041 × 10^299 |
| 145 | ov_145 | 1.19080 × 10^299 |
| 146 | ov_146 | 9.18098 × 10^298 |
| 147 | ov_147 | 6.95254 × 10^298 |
| 148 | ov_148 | 5.15723 × 10^298 |
| 149 | ov_149 | 3.73424 × 10^298 |
| 150 | ov_150 | 2.62747 × 10^298 |
| 151 | ov_151 | 1.78549 × 10^298 |
| 152 | ov_152 | 1.16152 × 10^298 |
| 153 | ov_153 | 7.13447 × 10^297 |
| 154 | ov_154 | 4.03783 × 10^297 |
| 155 | ov_155 | 1.99687 × 10^297 |
| 156 | aaa_76_25 | 7.29510 × 10^296 |
| 157 | aaa_76_26 | 3.81052 × 10^296 |
| 158 | aaa_76_27 | 1.75647 × 10^296 |
| 159 | aaa_76_28 | 6.85043 × 10^295 |
| 160 | aaa_76_29 | 2.08729 × 10^295 |

## Output Bits Sorted by Complexity

| Rank | Output Bit | Complexity |
|:----:|:----------:|:----------:|
| 160 | aaa_76_29 | 2.08729 × 10^295 |
| 159 | aaa_76_28 | 6.85043 × 10^295 |
| 158 | aaa_76_27 | 1.75647 × 10^296 |
| 157 | aaa_76_26 | 3.81052 × 10^296 |
| 156 | aaa_76_25 | 7.29510 × 10^296 |
| 155 | ov_155 | 1.99687 × 10^297 |
| 154 | ov_154 | 4.03783 × 10^297 |
| 153 | ov_153 | 7.13447 × 10^297 |
| 152 | ov_152 | 1.16152 × 10^298 |
| 151 | ov_151 | 1.78549 × 10^298 |
| 150 | ov_150 | 2.62747 × 10^298 |
| 149 | ov_149 | 3.73424 × 10^298 |
| 148 | ov_148 | 5.15723 × 10^298 |
| 147 | ov_147 | 6.95254 × 10^298 |
| 146 | ov_146 | 9.18098 × 10^298 |
| 145 | ov_145 | 1.19080 × 10^299 |
| 144 | ov_144 | 1.52041 × 10^299 |
| 143 | ov_143 | 1.91444 × 10^299 |
| 142 | ov_142 | 2.38089 × 10^299 |
| 141 | ov_141 | 2.92828 × 10^299 |
| 140 | ov_140 | 3.56564 × 10^299 |
| 139 | ov_139 | 4.30252 × 10^299 |
| 138 | ov_138 | 5.14904 × 10^299 |
| 137 | ov_137 | 6.11588 × 10^299 |
| 136 | ov_136 | 7.21433 × 10^299 |
| 135 | ov_135 | 8.45632 × 10^299 |
| 134 | ov_134 | 9.85442 × 10^299 |
| 133 | ov_133 | 1.14219 × 10^300 |
| 132 | ov_132 | 1.31730 × 10^300 |
| 131 | ov_131 | 1.51224 × 10^300 |
| 130 | ov_130 | 1.51224 × 10^300 |
| 129 | ov_129 | 1.51225 × 10^300 |
| 128 | aaa_77_29 | 2.62580 × 10^300 |
| 127 | aaa_77_28 | 8.61779 × 10^300 |
| 126 | ov_126 | 3.07140 × 10^301 |
| 125 | ov_125 | 7.86501 × 10^301 |
| 124 | ov_124 | 1.70422 × 10^302 |
| 123 | ov_123 | 3.29855 × 10^302 |
| 122 | ov_122 | 5.86606 × 10^302 |
| 121 | ov_121 | 9.76161 × 10^302 |
| 120 | ov_120 | 1.53983 × 10^303 |
| 119 | ov_119 | 2.32478 × 10^303 |
| 118 | ov_118 | 3.38399 × 10^303 |
| 117 | ov_117 | 4.77630 × 10^303 |
| 116 | ov_116 | 6.56641 × 10^303 |
| 115 | ov_115 | 8.82490 × 10^303 |
| 114 | ov_114 | 1.16282 × 10^304 |
| 113 | ov_113 | 1.50589 × 10^304 |
| 112 | ov_112 | 1.92054 × 10^304 |
| 111 | ov_111 | 2.41622 × 10^304 |
| 110 | ov_110 | 3.00301 × 10^304 |
| 109 | ov_109 | 3.69162 × 10^304 |
| 108 | ov_108 | 4.49341 × 10^304 |
| 107 | ov_107 | 5.42040 × 10^304 |
| 106 | ov_106 | 6.48532 × 10^304 |
| 105 | ov_105 | 7.70160 × 10^304 |
| 104 | ov_104 | 9.08345 × 10^304 |
| 103 | ov_103 | 1.06458 × 10^305 |
| 102 | ov_102 | 1.24046 × 10^305 |
| 101 | ov_101 | 1.43766 × 10^305 |
| 100 | ov_100 | 1.65794 × 10^305 |
| 99 | ov_099 | 1.90318 × 10^305 |
| 98 | ov_098 | 1.90318 × 10^305 |
| 97 | ov_097 | 1.90318 × 10^305 |
| 96 | aaa_78_29 | 3.30324 × 10^305 |
| 95 | aaa_78_28 | 1.08411 × 10^306 |
| 94 | ov_094 | 3.86380 × 10^306 |
| 93 | ov_093 | 9.89412 × 10^306 |
| 92 | ov_092 | 2.14389 × 10^307 |
| 91 | ov_091 | 4.14956 × 10^307 |
| 90 | ov_090 | 7.37947 × 10^307 |
| 89 | ov_089 | 1.22800 × 10^308 |
| 88 | ov_088 | 1.93710 × 10^308 |
| 87 | ov_087 | 2.92456 × 10^308 |
| 86 | ov_086 | 4.25704 × 10^308 |
| 85 | ov_085 | 6.00855 × 10^308 |
| 84 | ov_084 | 8.26050 × 10^308 |
| 83 | ov_083 | 1.11016 × 10^309 |
| 82 | ov_082 | 1.46282 × 10^309 |
| 81 | ov_081 | 1.89440 × 10^309 |
| 64 | lv_79_m31 | 1.96549 × 10^309 |
| 80 | ov_080 | 2.41602 × 10^309 |
| 79 | ov_079 | 3.03959 × 10^309 |
| 78 | ov_078 | 3.77777 × 10^309 |
| 77 | ov_077 | 4.64403 × 10^309 |
| 76 | ov_076 | 5.65268 × 10^309 |
| 75 | ov_075 | 6.81883 × 10^309 |
| 74 | ov_074 | 8.15849 × 10^309 |
| 73 | ov_073 | 9.68856 × 10^309 |
| 63 | ov_063 | 1.00745 × 10^310 |
| 72 | ov_072 | 1.14269 × 10^310 |
| 71 | ov_071 | 1.33924 × 10^310 |
| 70 | ov_070 | 1.56049 × 10^310 |
| 69 | ov_069 | 1.80856 × 10^310 |
| 68 | ov_068 | 2.08567 × 10^310 |
| 67 | ov_067 | 2.39418 × 10^310 |
| 66 | ov_066 | 2.39418 × 10^310 |
| 65 | ov_065 | 2.39419 × 10^310 |
| 62 | ov_062 | 5.16291 × 10^310 |
| 61 | ov_061 | 1.88009 × 10^311 |
| 60 | ov_060 | 5.37693 × 10^311 |
| 59 | ov_059 | 1.29630 × 10^312 |
| 58 | ov_058 | 2.74863 × 10^312 |
| 57 | ov_057 | 5.27174 × 10^312 |
| 56 | ov_056 | 9.33494 × 10^312 |
| 55 | ov_055 | 1.54998 × 10^313 |
| 54 | ov_054 | 2.44202 × 10^313 |
| 53 | ov_053 | 3.68424 × 10^313 |
| 52 | ov_052 | 5.36048 × 10^313 |
| 51 | ov_051 | 7.56388 × 10^313 |
| 50 | ov_050 | 1.03968 × 10^314 |
| 49 | ov_049 | 1.39709 × 10^314 |
| 48 | ov_048 | 1.84074 × 10^314 |
| 47 | ov_047 | 2.38366 × 10^314 |
| 32 | lv_80_m31 | 2.47257 × 10^314 |
| 46 | ov_046 | 3.03985 × 10^314 |
| 45 | ov_045 | 3.82429 × 10^314 |
| 44 | ov_044 | 4.75292 × 10^314 |
| 43 | ov_043 | 5.84268 × 10^314 |
| 42 | ov_042 | 7.11155 × 10^314 |
| 41 | ov_041 | 8.57856 × 10^314 |
| 40 | ov_040 | 1.02638 × 10^315 |
| 39 | ov_039 | 1.21886 × 10^315 |
| 31 | ov_031 | 1.26737 × 10^315 |
| 38 | ov_038 | 1.43754 × 10^315 |
| 37 | ov_037 | 1.68480 × 10^315 |
| 36 | ov_036 | 1.96314 × 10^315 |
| 35 | ov_035 | 2.27521 × 10^315 |
| 34 | ov_034 | 2.62381 × 10^315 |
| 33 | ov_033 | 3.01192 × 10^315 |
| 30 | ov_030 | 6.49490 × 10^315 |
| 29 | ov_029 | 2.36514 × 10^316 |
| 28 | ov_028 | 6.76414 × 10^316 |
| 27 | ov_027 | 1.63074 × 10^317 |
| 26 | ov_026 | 3.45776 × 10^317 |
| 25 | ov_025 | 6.63181 × 10^317 |
| 24 | ov_024 | 1.17432 × 10^318 |
| 23 | ov_023 | 1.94986 × 10^318 |
| 22 | ov_022 | 3.07204 × 10^318 |
| 21 | ov_021 | 4.63474 × 10^318 |
| 20 | ov_020 | 6.74345 × 10^318 |
| 19 | ov_019 | 9.51531 × 10^318 |
| 18 | ov_018 | 1.30791 × 10^319 |
| 17 | ov_017 | 1.75753 × 10^319 |
| 16 | ov_016 | 2.31563 × 10^319 |
| 15 | ov_015 | 2.99862 × 10^319 |
| 14 | ov_014 | 3.82412 × 10^319 |
| 13 | ov_013 | 4.81093 × 10^319 |
| 12 | ov_012 | 5.97914 × 10^319 |
| 11 | ov_011 | 7.35005 × 10^319 |
| 10 | ov_010 | 8.94628 × 10^319 |
| 9 | ov_009 | 1.07917 × 10^320 |
| 8 | ov_008 | 1.29118 × 10^320 |
| 7 | ov_007 | 1.53332 × 10^320 |
| 6 | ov_006 | 1.80842 × 10^320 |
| 5 | ov_005 | 2.11947 × 10^320 |
| 4 | ov_004 | 2.46962 × 10^320 |
| 3 | ov_003 | 2.86220 × 10^320 |
| 2 | ov_002 | 3.30074 × 10^320 |
| 1 | ov_001 | 3.78897 × 10^320 |

