# Results for F001-F002-F003-F004-F005-F006-F007-F008-F009-F010-F011-F012-F013-F014-F015-F016-F017-F018-F019-F020-F021-F022-F023-F024-F025-F026-F027-F028-F029-F030-F031-F032-F033-F034-F035-F036-F037-F038-F039-F040-F041-F042-F043-F044-F045-F046-F047-F048-F049-F050-F051-F052-F053-F054-F055-F056-F057-F058-F059-F060-F061-F062-F063-F064-F065-F066-F067-F068-F069-F070-F071-F072-F073-F074-F075-F076-F077-F078-F079-F080-F081-F082-F083-F084-F085-F086-F087-F088-F089-F090-F091-F092-F093-F094-F095-F096-F097-F098-F099-F100-F101-F102-F103-F104-F105-F106-F107-F108-F109-F110-F111-F112-F113-F114-F115-F116-F117-F118-F119-F120-F121-F122-F123-F124-F125-F126-F127-F128-F129-F130-F131-F132-F133-F134-F135-F136-F137-F138-F139-F140-F141-F142-F143-F144-F145-F146-F147-F148-F149-F150-F151-F152-F153-F154-F155-F156-F157-F158-F159-F160-F161-F162-F163-F164-F165-F166-F167-F168-F169-F170-F171-F172-F173-F174-F175-F176-F177-F178-F179-F180-F181-F182-F183-F184-F185-F186-F187-F188-F189-F190-F191-F192-F193-F194-F195-F196-F197-F198-F199-F200-F201-F202-F203-F204-F205-F206-F207-F208-F209-F210-F211-F212-F213-F214-F215-F216-F217-F218-F219-F220-F221-F222-F223-F224-F225-F226-F227-F228-F229-F230-F231-F232-F233-F234-F235-F236-F237-F238-F239-F240-F241-F242-F243-F244-F245-F246-F247-F248-F249-F250-F251-F252-F253-F254-F255-F256-F257-F258-F259-F260-F261-F262-F263-F264-F265-F266-F267-F268-F269-F270-F271-F272-F273-F274-F275-F276-F277-F278-F279-F280-F281-F282-F283-F284-F285-F286-F287-F288-F289-F290-F291-F292-F293-F294-F295-F296-F297-F298-F299-F300-F301-F302-F303-F304-F305-F306-F307-F308-F309-F310-F311-F312-F313-F314-F315-F316-F317-F318-F319-F320-F321-F322-F323-F324-F325-F326-F327-F328-F329-F330-F331-F332-F333-F334-F335-F336-F337-F338-F339-F340-F341-F342-F343-F344-F345-F346-F347-F348-F349-F350-F351-F352-F353-F354-F355-F356-F357-F358-F359-F360-F361-F362-F363-F364-F365-F366-F367-F368-F369-F370-F371-F372-F373-F374-F375-F376-F377-F378-F379-F380-F381-F382-F383-F384-F385-F386-F387-F388-F389-F390-F391-F392-F393-F394-F395-F396-F397-F398-F399-F400-F401-F402-F403-F404-F405-F406-F407-F408-F409-F410-F411-F412-F413-F414-F415-F416-F417-F418-F419-F420-F421-F422-F423-F424-F425-F426-F427-F428-F429-F430-F431-F432-F433-F434-F435-F436-F437-F438-F439-F440-F441-F442-F443-F444-F445-F446-F447-F448-F449-F450-F451-F452-F453-F454-F455-F456-F457-F458-F459-F460-F461-F462-F463-F464-F465-F466-F467-F468-F469-F470-F471-F472-F473-F474-F475-F476-F477-F478-F479-F480-F481-F482-F483-F484-F485-F486-F487-F488-F489-F490-F491-F492-F493-F494-F495-F496-O497503-O500505-F512

## Summary

Number of input bits: 512  
Number of free input bits: 13  
Number of output bits: 160

Number of direct occurrences: 53689  
Number of assignments: 32005  
Number of operations: 11415440
(xor: 11386803,
and: 15013,
or: 13624)

Total complexity: 4.364253709397535 × 10^303

Least occurring input variable: iv_502 (3861)  
Most occurring input variable: iv_497 (4347)

Most co-occurring input variables: iv_509-iv_510 (2141)  
Least co-occurring input variables: iv_499-iv_502 (1753)

Potentially most occurring input variable: iv_497/iv_506 (4542)  
Potentially least occurring input variable: iv_504/iv_508 (4124)

Least output occurring input variable: iv_497 (70)  
Most output occurring input variable: iv_506 (90)

Most output co-occurring input variables: iv_498-iv_506 (53)  
Least output co-occurring input variables: iv_510-iv_511 (28)

Potentially most output occurring input variable: iv_510/iv_511 (92)  
Potentially least output occurring input variable: iv_497/iv_502 (63)

Least complex input bit: iv_511 (8.231770338143905 × 10^299)  
Most complex input bit: iv_510 (1.083524766366011 × 10^303)

Least complex output bit: aaa_76_29 (1.7284948965210383 × 10^278)  
Most complex output bit: ov_001 (6.8229698938114575 × 10^302)

Least complex input/output complexity: iv_511/aaa_76_29 (3.26025340556546 × 10^274)  
Most complex input/output complexity: iv_510/ov_001 (1.6939567111314742 × 10^302)

## Input Bits

### Input Bits in Regular Order

| Input Bit | Complexity | Occurrences | Output Occurrences |
|:---------:|:----------:|:-----------:|:------------------:|
| iv_497 | 1.0265132332064943 × 10^302 | 4347 | 70 |
| iv_498 | 7.695300541933245 × 10^300 | 3974 | 90 |
| iv_499 | 1.3542928444015874 × 10^301 | 3949 | 76 |
| iv_500 | 2.5729997576696117 × 10^302 | 4225 | 71 |
| iv_501 | 3.8291425880158834 × 10^301 | 4118 | 84 |
| iv_502 | 6.221467432434628 × 10^301 | 3861 | 71 |
| iv_504 | 1.5359393681985665 × 10^302 | 3967 | 71 |
| iv_506 | 3.521258567110056 × 10^302 | 4067 | 90 |
| iv_507 | 5.206097376991606 × 10^302 | 4204 | 85 |
| iv_508 | 7.441788389424277 × 10^302 | 4187 | 86 |
| iv_509 | 1.027701767547197 × 10^303 | 4257 | 79 |
| iv_510 | 1.083524766366011 × 10^303 | 4318 | 77 |
| iv_511 | 8.231770338143905 × 10^299 | 4215 | 71 |

### Input Bits Sorted by Complexity

| Input Bit | Complexity | Occurrences | Output Occurrences |
|:---------:|:----------:|:-----------:|:------------------:|
| iv_511 | 8.231770338143905 × 10^299 | 4215 | 71 |
| iv_498 | 7.695300541933245 × 10^300 | 3974 | 90 |
| iv_499 | 1.3542928444015874 × 10^301 | 3949 | 76 |
| iv_501 | 3.8291425880158834 × 10^301 | 4118 | 84 |
| iv_502 | 6.221467432434628 × 10^301 | 3861 | 71 |
| iv_497 | 1.0265132332064943 × 10^302 | 4347 | 70 |
| iv_504 | 1.5359393681985665 × 10^302 | 3967 | 71 |
| iv_500 | 2.5729997576696117 × 10^302 | 4225 | 71 |
| iv_506 | 3.521258567110056 × 10^302 | 4067 | 90 |
| iv_507 | 5.206097376991606 × 10^302 | 4204 | 85 |
| iv_508 | 7.441788389424277 × 10^302 | 4187 | 86 |
| iv_509 | 1.027701767547197 × 10^303 | 4257 | 79 |
| iv_510 | 1.083524766366011 × 10^303 | 4318 | 77 |

### Input Bits Sorted by Occurrences

| Input Bit | Complexity | Occurrences | Output Occurrences |
|:---------:|:----------:|:-----------:|:------------------:|
| iv_502 | 6.221467432434628 × 10^301 | 3861 | 71 |
| iv_499 | 1.3542928444015874 × 10^301 | 3949 | 76 |
| iv_504 | 1.5359393681985665 × 10^302 | 3967 | 71 |
| iv_498 | 7.695300541933245 × 10^300 | 3974 | 90 |
| iv_506 | 3.521258567110056 × 10^302 | 4067 | 90 |
| iv_501 | 3.8291425880158834 × 10^301 | 4118 | 84 |
| iv_508 | 7.441788389424277 × 10^302 | 4187 | 86 |
| iv_507 | 5.206097376991606 × 10^302 | 4204 | 85 |
| iv_511 | 8.231770338143905 × 10^299 | 4215 | 71 |
| iv_500 | 2.5729997576696117 × 10^302 | 4225 | 71 |
| iv_509 | 1.027701767547197 × 10^303 | 4257 | 79 |
| iv_510 | 1.083524766366011 × 10^303 | 4318 | 77 |
| iv_497 | 1.0265132332064943 × 10^302 | 4347 | 70 |

### Input Bits Sorted by Output Occurrences

| Input Bit | Complexity | Occurrences | Output Occurrences |
|:---------:|:----------:|:-----------:|:------------------:|
| iv_497 | 1.0265132332064943 × 10^302 | 4347 | 70 |
| iv_500 | 2.5729997576696117 × 10^302 | 4225 | 71 |
| iv_502 | 6.221467432434628 × 10^301 | 3861 | 71 |
| iv_504 | 1.5359393681985665 × 10^302 | 3967 | 71 |
| iv_511 | 8.231770338143905 × 10^299 | 4215 | 71 |
| iv_499 | 1.3542928444015874 × 10^301 | 3949 | 76 |
| iv_510 | 1.083524766366011 × 10^303 | 4318 | 77 |
| iv_509 | 1.027701767547197 × 10^303 | 4257 | 79 |
| iv_501 | 3.8291425880158834 × 10^301 | 4118 | 84 |
| iv_507 | 5.206097376991606 × 10^302 | 4204 | 85 |
| iv_508 | 7.441788389424277 × 10^302 | 4187 | 86 |
| iv_498 | 7.695300541933245 × 10^300 | 3974 | 90 |
| iv_506 | 3.521258567110056 × 10^302 | 4067 | 90 |

## Input Bit Co-occurrences

### Input Bit Co-occurrences Sorted by Co-occurrences

| Input Bits | Co-occurrences | Potential Occurrences | Output Co-occurrences | Potential Output Occurrences |
|:----------:|:--------------:|:---------------------:|:---------------------:|:----------------------------:|
| iv_509-iv_510 | 2141 | 4293 | 38 | 80 |
| iv_508-iv_510 | 2089 | 4327 | 40 | 83 |
| iv_497-iv_510 | 2082 | 4501 | 32 | 83 |
| iv_500-iv_510 | 2072 | 4399 | 35 | 78 |
| iv_508-iv_511 | 2069 | 4264 | 38 | 81 |
| iv_501-iv_509 | 2067 | 4241 | 47 | 69 |
| iv_507-iv_508 | 2063 | 4265 | 44 | 83 |
| iv_497-iv_511 | 2061 | 4440 | 32 | 77 |
| iv_509-iv_511 | 2060 | 4352 | 31 | 88 |
| iv_508-iv_509 | 2059 | 4326 | 37 | 91 |
| iv_497-iv_509 | 2058 | 4488 | 37 | 75 |
| iv_507-iv_509 | 2057 | 4347 | 44 | 76 |
| iv_497-iv_507 | 2044 | 4463 | 38 | 79 |

### Input Bit Co-occurrences Sorted by Potential Occurrences

| Input Bits | Co-occurrences | Potential Occurrences | Output Co-occurrences | Potential Output Occurrences |
|:----------:|:--------------:|:---------------------:|:---------------------:|:----------------------------:|
| iv_504-iv_508 | 2015 | 4124 | 40 | 77 |
| iv_499-iv_508 | 1980 | 4176 | 43 | 76 |
| iv_498-iv_506 | 1929 | 4183 | 53 | 74 |
| iv_506-iv_507 | 2041 | 4189 | 48 | 79 |
| iv_499-iv_504 | 1862 | 4192 | 32 | 83 |
| iv_504-iv_506 | 1921 | 4192 | 43 | 75 |
| iv_497-iv_502 | 2005 | 4198 | 39 | 63 |
| iv_502-iv_508 | 1924 | 4200 | 39 | 79 |
| iv_499-iv_509 | 2002 | 4202 | 41 | 73 |
| iv_499-iv_501 | 1931 | 4205 | 43 | 74 |
| iv_502-iv_506 | 1855 | 4218 | 43 | 75 |
| iv_500-iv_504 | 1983 | 4226 | 31 | 80 |
| iv_498-iv_499 | 1843 | 4237 | 47 | 72 |

### Input Bit Output Co-occurrences Sorted by Output Co-occurrences

| Input Bits | Co-occurrences | Potential Occurrences | Output Co-occurrences | Potential Output Occurrences |
|:----------:|:--------------:|:---------------------:|:---------------------:|:----------------------------:|
| iv_498-iv_506 | 1929 | 4183 | 53 | 74 |
| iv_498-iv_507 | 1927 | 4324 | 50 | 75 |
| iv_499-iv_507 | 1935 | 4283 | 49 | 63 |
| iv_498-iv_508 | 1958 | 4245 | 48 | 80 |
| iv_506-iv_507 | 2041 | 4189 | 48 | 79 |
| iv_501-iv_506 | 1915 | 4355 | 48 | 78 |
| iv_501-iv_509 | 2067 | 4241 | 47 | 69 |
| iv_507-iv_510 | 2013 | 4496 | 47 | 68 |
| iv_498-iv_499 | 1843 | 4237 | 47 | 72 |
| iv_506-iv_508 | 1989 | 4276 | 46 | 84 |
| iv_498-iv_510 | 1995 | 4302 | 46 | 75 |
| iv_501-iv_508 | 1956 | 4393 | 45 | 80 |
| iv_498-iv_501 | 1877 | 4338 | 45 | 84 |

### Input Bit Output Co-occurrences Sorted by Potential Output Occurrences

| Input Bits | Co-occurrences | Potential Occurrences | Output Co-occurrences | Potential Output Occurrences |
|:----------:|:--------------:|:---------------------:|:---------------------:|:----------------------------:|
| iv_497-iv_502 | 2005 | 4198 | 39 | 63 |
| iv_499-iv_507 | 1935 | 4283 | 49 | 63 |
| iv_507-iv_510 | 2013 | 4496 | 47 | 68 |
| iv_501-iv_502 | 1857 | 4265 | 43 | 69 |
| iv_501-iv_509 | 2067 | 4241 | 47 | 69 |
| iv_498-iv_499 | 1843 | 4237 | 47 | 72 |
| iv_499-iv_509 | 2002 | 4202 | 41 | 73 |
| iv_497-iv_501 | 2035 | 4395 | 40 | 74 |
| iv_502-iv_504 | 1789 | 4250 | 34 | 74 |
| iv_500-iv_511 | 1977 | 4486 | 34 | 74 |
| iv_507-iv_511 | 2018 | 4383 | 41 | 74 |
| iv_499-iv_501 | 1931 | 4205 | 43 | 74 |
| iv_504-iv_507 | 1929 | 4313 | 41 | 74 |

## Output Bits

### Output Bits in Regular Order

| Rank | Output Bit | Complexity |
|:----:|:----------:|:----------:|
| 1 | ov_001 | 6.8229698938114575 × 10^302 |
| 2 | ov_002 | 5.937079107195587 × 10^302 |
| 3 | ov_003 | 5.141757240910854 × 10^302 |
| 4 | ov_004 | 4.430211334182342 × 10^302 |
| 5 | ov_005 | 3.796020304015494 × 10^302 |
| 6 | ov_006 | 3.2331087271764448 × 10^302 |
| 7 | ov_007 | 2.73572403758331 × 10^302 |
| 8 | ov_008 | 2.2984168245555214 × 10^302 |
| 9 | ov_009 | 1.9160239342071173 × 10^302 |
| 10 | ov_010 | 1.5836540924930671 × 10^302 |
| 11 | ov_011 | 1.2966757841359135 × 10^302 |
| 12 | ov_012 | 1.050707136969522 × 10^302 |
| 13 | ov_013 | 8.416075762208063 × 10^301 |
| 14 | ov_014 | 6.654710279799723 × 10^301 |
| 15 | ov_015 | 5.186204656447671 × 10^301 |
| 16 | ov_016 | 3.976036075138855 × 10^301 |
| 17 | ov_017 | 2.9918958798909867 × 10^301 |
| 18 | ov_018 | 2.2036643905639637 × 10^301 |
| 19 | ov_019 | 1.5833923287760812 × 10^301 |
| 20 | ov_020 | 1.1052875045312459 × 10^301 |
| 21 | ov_021 | 7.457055542559943 × 10^300 |
| 22 | ov_022 | 4.83143661918165 × 10^300 |
| 23 | ov_023 | 2.982363761588951 × 10^300 |
| 24 | ov_024 | 1.7375288950165108 × 10^300 |
| 25 | ov_025 | 9.459537240874101 × 10^299 |
| 26 | ov_026 | 4.779805999691926 × 10^299 |
| 27 | ov_027 | 2.2526821939864452 × 10^299 |
| 28 | ov_028 | 1.0078992712184655 × 10^299 |
| 29 | ov_029 | 3.8833168927719243 × 10^298 |
| 30 | ov_030 | 1.1870164543769128 × 10^298 |
| 31 | ov_031 | 2.31486859646129 × 10^297 |
| 32 | lv_80_m31 | 4.51341422070787 × 10^296 |
| 33 | ov_033 | 5.4348427987110734 × 10^297 |
| 34 | ov_034 | 4.71960696340802 × 10^297 |
| 35 | ov_035 | 4.078453201303606 × 10^297 |
| 36 | ov_036 | 3.5057746765175886 × 10^297 |
| 37 | ov_037 | 2.9962717684418586 × 10^297 |
| 38 | ov_038 | 2.544930346344121 × 10^297 |
| 39 | ov_039 | 2.147002869147489 × 10^297 |
| 40 | ov_040 | 1.797992052843605 × 10^297 |
| 41 | ov_041 | 1.4936368609074062 × 10^297 |
| 42 | ov_042 | 1.2299005857820412 × 10^297 |
| 43 | ov_043 | 1.0029608020271516 × 10^297 |
| 44 | ov_044 | 8.092009840975308 × 10^296 |
| 45 | ov_045 | 6.452035939627954 × 10^296 |
| 46 | ov_046 | 5.077444559108828 × 10^296 |
| 47 | ov_047 | 3.937882479162306 × 10^296 |
| 48 | ov_048 | 3.004849509132044 × 10^296 |
| 49 | ov_049 | 2.2516710921097145 × 10^296 |
| 50 | ov_050 | 1.6534776713074913 × 10^296 |
| 51 | ov_051 | 1.187189587517814 × 10^296 |
| 52 | ov_052 | 8.315063942762005 × 10^295 |
| 53 | ov_053 | 5.668995948694513 × 10^295 |
| 54 | ov_054 | 3.7560792270479776 × 10^295 |
| 55 | ov_055 | 2.416344038326931 × 10^295 |
| 56 | ov_056 | 1.507445832374338 × 10^295 |
| 57 | ov_057 | 9.046548318018597 × 10^294 |
| 58 | ov_058 | 5.008502656619161 × 10^294 |
| 59 | ov_059 | 2.468735059368222 × 10^294 |
| 60 | ov_060 | 1.0236853956399647 × 10^294 |
| 61 | ov_061 | 3.5781642907275797 × 10^293 |
| 62 | ov_062 | 9.822226273317736 × 10^292 |
| 63 | ov_063 | 1.915805882987443 × 10^292 |
| 64 | lv_79_m31 | 3.7359326600505304 × 10^291 |
| 65 | ov_065 | 4.49139879172482 × 10^292 |
| 66 | ov_066 | 4.4913874594848985 × 10^292 |
| 67 | ov_067 | 4.4913847632129923 × 10^292 |
| 68 | ov_068 | 3.9016439468219143 × 10^292 |
| 69 | ov_069 | 3.372339297870781 × 10^292 |
| 70 | ov_070 | 2.899067833253168 × 10^292 |
| 71 | ov_071 | 2.4776350145725305 × 10^292 |
| 72 | ov_072 | 2.104041748467903 × 10^292 |
| 73 | ov_073 | 1.7744740803828123 × 10^292 |
| 74 | ov_074 | 1.485295153878939 × 10^292 |
| 75 | ov_075 | 1.2330390304232722 × 10^292 |
| 76 | ov_076 | 1.0144059864962294 × 10^292 |
| 77 | ov_077 | 8.262589260353749 × 10^291 |
| 78 | ov_078 | 6.656205667839773 × 10^291 |
| 79 | ov_079 | 5.296711132575842 × 10^291 |
| 80 | ov_080 | 4.1574624858150635 × 10^291 |
| 81 | ov_081 | 3.213353895717554 × 10^291 |
| 82 | ov_082 | 2.4408018608749096 × 10^291 |
| 83 | ov_083 | 1.8177324580574895 × 10^291 |
| 84 | ov_084 | 1.3235706565437941 × 10^291 |
| 85 | ov_085 | 9.392315119606307 × 10^290 |
| 86 | ov_086 | 6.471130529304549 × 10^290 |
| 87 | ov_087 | 4.310906740531178 × 10^290 |
| 88 | ov_088 | 2.765128488900425 × 10^290 |
| 89 | ov_089 | 1.701979767004503 × 10^290 |
| 90 | ov_090 | 1.0043217672262164 × 10^290 |
| 91 | ov_091 | 5.696784381397389 × 10^289 |
| 92 | ov_092 | 3.10227808263883 × 10^289 |
| 93 | ov_093 | 1.5279732260228233 × 10^289 |
| 94 | ov_094 | 6.446267319286745 × 10^288 |
| 95 | aaa_78_28 | 1.9622861926730645 × 10^288 |
| 96 | aaa_78_29 | 5.891809728432977 × 10^287 |
| 97 | ov_097 | 3.0413323911747264 × 10^287 |
| 98 | ov_098 | 3.0413012905106707 × 10^287 |
| 99 | ov_099 | 3.041291331461944 × 10^287 |
| 100 | ov_100 | 2.510224828350994 × 10^287 |
| 101 | ov_101 | 2.0555718182328865 × 10^287 |
| 102 | ov_102 | 1.6696853210535736 × 10^287 |
| 103 | ov_103 | 1.3453429009733 × 10^287 |
| 104 | ov_104 | 1.0757157102880205 × 10^287 |
| 105 | ov_105 | 8.543414585706257 × 10^286 |
| 106 | ov_106 | 6.751009554094479 × 10^286 |
| 107 | ov_107 | 5.321978936401354 × 10^286 |
| 108 | ov_108 | 4.2014155777260183 × 10^286 |
| 109 | ov_109 | 3.33732159536442 × 10^286 |
| 110 | ov_110 | 2.680485192183736 × 10^286 |
| 111 | ov_111 | 2.184378278414684 × 10^286 |
| 112 | ov_112 | 1.8050724132154856 × 10^286 |
| 113 | ov_113 | 1.5011707360133991 × 10^286 |
| 114 | ov_114 | 1.2337537146589438 × 10^286 |
| 115 | ov_115 | 1.0004189872414302 × 10^286 |
| 116 | ov_116 | 7.987884759128839 × 10^285 |
| 117 | ov_117 | 6.265017096694975 × 10^285 |
| 118 | ov_118 | 4.8121054611836744 × 10^285 |
| 119 | ov_119 | 3.605751381934332 × 10^285 |
| 120 | ov_120 | 2.622609918316706 × 10^285 |
| 121 | ov_121 | 1.8393696064652402 × 10^285 |
| 122 | ov_122 | 1.2327395463400699 × 10^285 |
| 123 | ov_123 | 7.794409018028814 × 10^284 |
| 124 | ov_124 | 4.562011614220242 × 10^284 |
| 125 | ov_125 | 2.397505789852314 × 10^284 |
| 126 | ov_126 | 1.0682035555349359 × 10^284 |
| 127 | aaa_77_28 | 3.414194066480368 × 10^283 |
| 128 | aaa_77_29 | 1.2818211971055477 × 10^283 |
| 129 | ov_129 | 1.1958463850752693 × 10^283 |
| 130 | ov_130 | 1.1958430150422416 × 10^283 |
| 131 | ov_131 | 1.1958421991376659 × 10^283 |
| 132 | ov_132 | 1.0405255905790914 × 10^283 |
| 133 | ov_133 | 9.009007469144383 × 10^282 |
| 134 | ov_134 | 7.757508035916423 × 10^282 |
| 135 | ov_135 | 6.63925137583429 × 10^282 |
| 136 | ov_136 | 5.643346503127445 × 10^282 |
| 137 | ov_137 | 4.764496248938265 × 10^282 |
| 138 | ov_138 | 3.9929230343409474 × 10^282 |
| 139 | ov_139 | 3.3193582451860435 × 10^282 |
| 140 | ov_140 | 2.73501672520362 × 10^282 |
| 141 | ov_141 | 2.2315753889160634 × 10^282 |
| 142 | ov_142 | 1.8011554921523024 × 10^282 |
| 143 | ov_143 | 1.4363081251142784 × 10^282 |
| 144 | ov_144 | 1.1300025197658771 × 10^282 |
| 145 | ov_145 | 8.756167898920613 × 10^281 |
| 146 | ov_146 | 6.669307485886912 × 10^281 |
| 147 | ov_147 | 4.9812047424972795 × 10^281 |
| 148 | ov_148 | 3.637543223593472 × 10^281 |
| 149 | ov_149 | 2.5879010659875444 × 10^281 |
| 150 | ov_150 | 1.7857319895675073 × 10^281 |
| 151 | ov_151 | 1.1883532469795784 × 10^281 |
| 152 | ov_152 | 7.569385419809764 × 10^280 |
| 153 | ov_153 | 4.565141980526646 × 10^280 |
| 154 | ov_154 | 2.5595717870034977 × 10^280 |
| 155 | ov_155 | 1.2799401887597574 × 10^280 |
| 156 | aaa_76_25 | 4.9200243233184876 × 10^279 |
| 157 | aaa_76_26 | 2.843249034391405 × 10^279 |
| 158 | aaa_76_27 | 1.4566293305759247 × 10^279 |
| 159 | aaa_76_28 | 5.677437970945628 × 10^278 |
| 160 | aaa_76_29 | 1.7284948965210383 × 10^278 |

### Output Bits Sorted by Complexity

| Rank | Output Bit | Complexity |
|:----:|:----------:|:----------:|
| 160 | aaa_76_29 | 1.7284948965210383 × 10^278 |
| 159 | aaa_76_28 | 5.677437970945628 × 10^278 |
| 158 | aaa_76_27 | 1.4566293305759247 × 10^279 |
| 157 | aaa_76_26 | 2.843249034391405 × 10^279 |
| 156 | aaa_76_25 | 4.9200243233184876 × 10^279 |
| 155 | ov_155 | 1.2799401887597574 × 10^280 |
| 154 | ov_154 | 2.5595717870034977 × 10^280 |
| 153 | ov_153 | 4.565141980526646 × 10^280 |
| 152 | ov_152 | 7.569385419809764 × 10^280 |
| 151 | ov_151 | 1.1883532469795784 × 10^281 |
| 150 | ov_150 | 1.7857319895675073 × 10^281 |
| 149 | ov_149 | 2.5879010659875444 × 10^281 |
| 148 | ov_148 | 3.637543223593472 × 10^281 |
| 147 | ov_147 | 4.9812047424972795 × 10^281 |
| 146 | ov_146 | 6.669307485886912 × 10^281 |
| 145 | ov_145 | 8.756167898920613 × 10^281 |
| 144 | ov_144 | 1.1300025197658771 × 10^282 |
| 143 | ov_143 | 1.4363081251142784 × 10^282 |
| 142 | ov_142 | 1.8011554921523024 × 10^282 |
| 141 | ov_141 | 2.2315753889160634 × 10^282 |
| 140 | ov_140 | 2.73501672520362 × 10^282 |
| 139 | ov_139 | 3.3193582451860435 × 10^282 |
| 138 | ov_138 | 3.9929230343409474 × 10^282 |
| 137 | ov_137 | 4.764496248938265 × 10^282 |
| 136 | ov_136 | 5.643346503127445 × 10^282 |
| 135 | ov_135 | 6.63925137583429 × 10^282 |
| 134 | ov_134 | 7.757508035916423 × 10^282 |
| 133 | ov_133 | 9.009007469144383 × 10^282 |
| 132 | ov_132 | 1.0405255905790914 × 10^283 |
| 131 | ov_131 | 1.1958421991376659 × 10^283 |
| 130 | ov_130 | 1.1958430150422416 × 10^283 |
| 129 | ov_129 | 1.1958463850752693 × 10^283 |
| 128 | aaa_77_29 | 1.2818211971055477 × 10^283 |
| 127 | aaa_77_28 | 3.414194066480368 × 10^283 |
| 126 | ov_126 | 1.0682035555349359 × 10^284 |
| 125 | ov_125 | 2.397505789852314 × 10^284 |
| 124 | ov_124 | 4.562011614220242 × 10^284 |
| 123 | ov_123 | 7.794409018028814 × 10^284 |
| 122 | ov_122 | 1.2327395463400699 × 10^285 |
| 121 | ov_121 | 1.8393696064652402 × 10^285 |
| 120 | ov_120 | 2.622609918316706 × 10^285 |
| 119 | ov_119 | 3.605751381934332 × 10^285 |
| 118 | ov_118 | 4.8121054611836744 × 10^285 |
| 117 | ov_117 | 6.265017096694975 × 10^285 |
| 116 | ov_116 | 7.987884759128839 × 10^285 |
| 115 | ov_115 | 1.0004189872414302 × 10^286 |
| 114 | ov_114 | 1.2337537146589438 × 10^286 |
| 113 | ov_113 | 1.5011707360133991 × 10^286 |
| 112 | ov_112 | 1.8050724132154856 × 10^286 |
| 111 | ov_111 | 2.184378278414684 × 10^286 |
| 110 | ov_110 | 2.680485192183736 × 10^286 |
| 109 | ov_109 | 3.33732159536442 × 10^286 |
| 108 | ov_108 | 4.2014155777260183 × 10^286 |
| 107 | ov_107 | 5.321978936401354 × 10^286 |
| 106 | ov_106 | 6.751009554094479 × 10^286 |
| 105 | ov_105 | 8.543414585706257 × 10^286 |
| 104 | ov_104 | 1.0757157102880205 × 10^287 |
| 103 | ov_103 | 1.3453429009733 × 10^287 |
| 102 | ov_102 | 1.6696853210535736 × 10^287 |
| 101 | ov_101 | 2.0555718182328865 × 10^287 |
| 100 | ov_100 | 2.510224828350994 × 10^287 |
| 99 | ov_099 | 3.041291331461944 × 10^287 |
| 98 | ov_098 | 3.0413012905106707 × 10^287 |
| 97 | ov_097 | 3.0413323911747264 × 10^287 |
| 96 | aaa_78_29 | 5.891809728432977 × 10^287 |
| 95 | aaa_78_28 | 1.9622861926730645 × 10^288 |
| 94 | ov_094 | 6.446267319286745 × 10^288 |
| 93 | ov_093 | 1.5279732260228233 × 10^289 |
| 92 | ov_092 | 3.10227808263883 × 10^289 |
| 91 | ov_091 | 5.696784381397389 × 10^289 |
| 90 | ov_090 | 1.0043217672262164 × 10^290 |
| 89 | ov_089 | 1.701979767004503 × 10^290 |
| 88 | ov_088 | 2.765128488900425 × 10^290 |
| 87 | ov_087 | 4.310906740531178 × 10^290 |
| 86 | ov_086 | 6.471130529304549 × 10^290 |
| 85 | ov_085 | 9.392315119606307 × 10^290 |
| 84 | ov_084 | 1.3235706565437941 × 10^291 |
| 83 | ov_083 | 1.8177324580574895 × 10^291 |
| 82 | ov_082 | 2.4408018608749096 × 10^291 |
| 81 | ov_081 | 3.213353895717554 × 10^291 |
| 64 | lv_79_m31 | 3.7359326600505304 × 10^291 |
| 80 | ov_080 | 4.1574624858150635 × 10^291 |
| 79 | ov_079 | 5.296711132575842 × 10^291 |
| 78 | ov_078 | 6.656205667839773 × 10^291 |
| 77 | ov_077 | 8.262589260353749 × 10^291 |
| 76 | ov_076 | 1.0144059864962294 × 10^292 |
| 75 | ov_075 | 1.2330390304232722 × 10^292 |
| 74 | ov_074 | 1.485295153878939 × 10^292 |
| 73 | ov_073 | 1.7744740803828123 × 10^292 |
| 63 | ov_063 | 1.915805882987443 × 10^292 |
| 72 | ov_072 | 2.104041748467903 × 10^292 |
| 71 | ov_071 | 2.4776350145725305 × 10^292 |
| 70 | ov_070 | 2.899067833253168 × 10^292 |
| 69 | ov_069 | 3.372339297870781 × 10^292 |
| 68 | ov_068 | 3.9016439468219143 × 10^292 |
| 67 | ov_067 | 4.4913847632129923 × 10^292 |
| 66 | ov_066 | 4.4913874594848985 × 10^292 |
| 65 | ov_065 | 4.49139879172482 × 10^292 |
| 62 | ov_062 | 9.822226273317736 × 10^292 |
| 61 | ov_061 | 3.5781642907275797 × 10^293 |
| 60 | ov_060 | 1.0236853956399647 × 10^294 |
| 59 | ov_059 | 2.468735059368222 × 10^294 |
| 58 | ov_058 | 5.008502656619161 × 10^294 |
| 57 | ov_057 | 9.046548318018597 × 10^294 |
| 56 | ov_056 | 1.507445832374338 × 10^295 |
| 55 | ov_055 | 2.416344038326931 × 10^295 |
| 54 | ov_054 | 3.7560792270479776 × 10^295 |
| 53 | ov_053 | 5.668995948694513 × 10^295 |
| 52 | ov_052 | 8.315063942762005 × 10^295 |
| 51 | ov_051 | 1.187189587517814 × 10^296 |
| 50 | ov_050 | 1.6534776713074913 × 10^296 |
| 49 | ov_049 | 2.2516710921097145 × 10^296 |
| 48 | ov_048 | 3.004849509132044 × 10^296 |
| 47 | ov_047 | 3.937882479162306 × 10^296 |
| 32 | lv_80_m31 | 4.51341422070787 × 10^296 |
| 46 | ov_046 | 5.077444559108828 × 10^296 |
| 45 | ov_045 | 6.452035939627954 × 10^296 |
| 44 | ov_044 | 8.092009840975308 × 10^296 |
| 43 | ov_043 | 1.0029608020271516 × 10^297 |
| 42 | ov_042 | 1.2299005857820412 × 10^297 |
| 41 | ov_041 | 1.4936368609074062 × 10^297 |
| 40 | ov_040 | 1.797992052843605 × 10^297 |
| 39 | ov_039 | 2.147002869147489 × 10^297 |
| 31 | ov_031 | 2.31486859646129 × 10^297 |
| 38 | ov_038 | 2.544930346344121 × 10^297 |
| 37 | ov_037 | 2.9962717684418586 × 10^297 |
| 36 | ov_036 | 3.5057746765175886 × 10^297 |
| 35 | ov_035 | 4.078453201303606 × 10^297 |
| 34 | ov_034 | 4.71960696340802 × 10^297 |
| 33 | ov_033 | 5.4348427987110734 × 10^297 |
| 30 | ov_030 | 1.1870164543769128 × 10^298 |
| 29 | ov_029 | 3.8833168927719243 × 10^298 |
| 28 | ov_028 | 1.0078992712184655 × 10^299 |
| 27 | ov_027 | 2.2526821939864452 × 10^299 |
| 26 | ov_026 | 4.779805999691926 × 10^299 |
| 25 | ov_025 | 9.459537240874101 × 10^299 |
| 24 | ov_024 | 1.7375288950165108 × 10^300 |
| 23 | ov_023 | 2.982363761588951 × 10^300 |
| 22 | ov_022 | 4.83143661918165 × 10^300 |
| 21 | ov_021 | 7.457055542559943 × 10^300 |
| 20 | ov_020 | 1.1052875045312459 × 10^301 |
| 19 | ov_019 | 1.5833923287760812 × 10^301 |
| 18 | ov_018 | 2.2036643905639637 × 10^301 |
| 17 | ov_017 | 2.9918958798909867 × 10^301 |
| 16 | ov_016 | 3.976036075138855 × 10^301 |
| 15 | ov_015 | 5.186204656447671 × 10^301 |
| 14 | ov_014 | 6.654710279799723 × 10^301 |
| 13 | ov_013 | 8.416075762208063 × 10^301 |
| 12 | ov_012 | 1.050707136969522 × 10^302 |
| 11 | ov_011 | 1.2966757841359135 × 10^302 |
| 10 | ov_010 | 1.5836540924930671 × 10^302 |
| 9 | ov_009 | 1.9160239342071173 × 10^302 |
| 8 | ov_008 | 2.2984168245555214 × 10^302 |
| 7 | ov_007 | 2.73572403758331 × 10^302 |
| 6 | ov_006 | 3.2331087271764448 × 10^302 |
| 5 | ov_005 | 3.796020304015494 × 10^302 |
| 4 | ov_004 | 4.430211334182342 × 10^302 |
| 3 | ov_003 | 5.141757240910854 × 10^302 |
| 2 | ov_002 | 5.937079107195587 × 10^302 |
| 1 | ov_001 | 6.8229698938114575 × 10^302 |

