# Results for F001-F002-F003-F004-F005-F006-F007-F008-F009-F010-F011-F012-F013-F014-F015-F016-F017-F018-F019-F020-F021-F022-F023-F024-F025-F026-F027-F028-F029-F030-F031-F032-F033-F034-F035-F036-F037-F038-F039-F040-F041-F042-F043-F044-F045-F046-F047-F048-F049-F050-F051-F052-F053-F054-F055-F056-F057-F058-F059-F060-F061-F062-F063-F064-F065-F066-F067-F068-F069-F070-F071-F072-F073-F074-F075-F076-F077-F078-F079-F080-F081-F082-F083-F084-F085-F086-F087-F088-F089-F090-F091-F092-F093-F094-F095-F096-F097-F098-F099-F100-F101-F102-F103-F104-F105-F106-F107-F108-F109-F110-F111-F112-F113-F114-F115-F116-F117-F118-F119-F120-F121-F122-F123-F124-F125-F126-F127-F128-F129-F130-F131-F132-F133-F134-F135-F136-F137-F138-F139-F140-F141-F142-F143-F144-F145-F146-F147-F148-F149-F150-F151-F152-F153-F154-F155-F156-F157-F158-F159-F160-F161-F162-F163-F164-F165-F166-F167-F168-F169-F170-F171-F172-F173-F174-F175-F176-F177-F178-F179-F180-F181-F182-F183-F184-F185-F186-F187-F188-F189-F190-F191-F192-F193-F194-F195-F196-F197-F198-F199-F200-F201-F202-F203-F204-F205-F206-F207-F208-F209-F210-F211-F212-F213-F214-F215-F216-F217-F218-F219-F220-F221-F222-F223-F224-F225-F226-F227-F228-F229-F230-F231-F232-F233-F234-F235-F236-F237-F238-F239-F240-F241-F242-F243-F244-F245-F246-F247-F248-F249-F250-F251-F252-F253-F254-F255-F256-F257-F258-F259-F260-F261-F262-F263-F264-F265-F266-F267-F268-F269-F270-F271-F272-F273-F274-F275-F276-F277-F278-F279-F280-F281-F282-F283-F284-F285-F286-F287-F288-F289-F290-F291-F292-F293-F294-F295-F296-F297-F298-F299-F300-F301-F302-F303-F304-F305-F306-F307-F308-F309-F310-F311-F312-F313-F314-F315-F316-F317-F318-F319-F320-F321-F322-F323-F324-F325-F326-F327-F328-F329-F330-F331-F332-F333-F334-F335-F336-F337-F338-F339-F340-F341-F342-F343-F344-F345-F346-F347-F348-F349-F350-F351-F352-F353-F354-F355-F356-F357-F358-F359-F360-F361-F362-F363-F364-F365-F366-F367-F368-F369-F370-F371-F372-F373-F374-F375-F376-F377-F378-F379-F380-F381-F382-F383-F384-F385-F386-F387-F388-F389-F390-F391-F392-F393-F394-F395-F396-F397-F398-F399-F400-F401-F402-F403-F404-F405-F406-F407-F408-F409-F410-F411-F412-F413-F414-F415-F416-F417-F418-F419-F420-F421-F422-F423-F424-F425-F426-F427-F428-F429-F430-F431-F432-F433-F434-F435-F436-F437-F438-F439-F440-F441-F442-F443-F444-F445-F446-F447-F448-F449-F450-F451-F452-F453-F454-F455-F456-F457-F458-F459-F460-F461-F462-F463-F464-F465-F466-F467-F468-F469-F470-F471-F472-F473-F474-F475-F476-F477-F478-F479-F480-F481-F482-F483-F484-F485-F486-F487-F488-F489-F490-F491-F492-F493-F494-F495-F496-F497-T499-F512

## Summary

Number of input bits: 512  
Number of free input bits: 13  
Number of output bits: 160

Number of direct occurrences: 53657  
Number of assignments: 31679  
Number of operations: 11338510
(xor: 11309841,
and: 15090,
or: 13579)

Total complexity: 1.056077066108576 × 10^303

Least occurring input variable: iv_502 (3929)  
Most occurring input variable: iv_510 (4306)

Most co-occurring input variables: iv_509-iv_510 (2137)  
Least co-occurring input variables: iv_498-iv_502 (1790)

Potentially most occurring input variable: iv_507/iv_510 (4590)  
Potentially least occurring input variable: iv_502/iv_505 (4080)

Least output occurring input variable: iv_504 (69)  
Most output occurring input variable: iv_511 (87)

Most output co-occurring input variables: iv_503-iv_510 (49)  
Least output co-occurring input variables: iv_498-iv_504 (29)

Potentially most output occurring input variable: iv_501/iv_502 (93)  
Potentially least output occurring input variable: iv_503/iv_510 (64)

Least complex input bit: iv_511 (2.1148574575396287 × 10^299)  
Most complex input bit: iv_510 (2.6732165128508455 × 10^302)

Least complex output bit: aaa_76_29 (4.647243080033194 × 10^277)  
Most complex output bit: ov_001 (1.6520219333988837 × 10^302)

Least complex input/output complexity: iv_511/aaa_76_29 (9.306382081586815 × 10^273)  
Most complex input/output complexity: iv_510/ov_001 (4.1817140563675873 × 10^301)

## Input Bits

### Input Bits in Regular Order

| Input Bit | Complexity | Occurrences | Output Occurrences |
|:---------:|:----------:|:-----------:|:------------------:|
| iv_498 | 7.424907879297946 × 10^299 | 4013 | 78 |
| iv_500 | 3.366599865051784 × 10^300 | 4187 | 81 |
| iv_501 | 7.081693325048227 × 10^300 | 4196 | 82 |
| iv_502 | 1.2945966838810202 × 10^301 | 3929 | 83 |
| iv_503 | 2.204574658588031 × 10^301 | 4226 | 84 |
| iv_504 | 3.581092503934575 × 10^301 | 3963 | 69 |
| iv_505 | 5.618076747166821 × 10^301 | 3977 | 84 |
| iv_506 | 8.56962601515436 × 10^301 | 4005 | 81 |
| iv_507 | 1.2774587073784508 × 10^302 | 4228 | 84 |
| iv_508 | 1.833258261625392 × 10^302 | 4105 | 85 |
| iv_509 | 2.5360178211207615 × 10^302 | 4244 | 78 |
| iv_510 | 2.6732165128508455 × 10^302 | 4306 | 78 |
| iv_511 | 2.1148574575396287 × 10^299 | 4278 | 87 |

### Input Bits Sorted by Complexity

| Input Bit | Complexity | Occurrences | Output Occurrences |
|:---------:|:----------:|:-----------:|:------------------:|
| iv_511 | 2.1148574575396287 × 10^299 | 4278 | 87 |
| iv_498 | 7.424907879297946 × 10^299 | 4013 | 78 |
| iv_500 | 3.366599865051784 × 10^300 | 4187 | 81 |
| iv_501 | 7.081693325048227 × 10^300 | 4196 | 82 |
| iv_502 | 1.2945966838810202 × 10^301 | 3929 | 83 |
| iv_503 | 2.204574658588031 × 10^301 | 4226 | 84 |
| iv_504 | 3.581092503934575 × 10^301 | 3963 | 69 |
| iv_505 | 5.618076747166821 × 10^301 | 3977 | 84 |
| iv_506 | 8.56962601515436 × 10^301 | 4005 | 81 |
| iv_507 | 1.2774587073784508 × 10^302 | 4228 | 84 |
| iv_508 | 1.833258261625392 × 10^302 | 4105 | 85 |
| iv_509 | 2.5360178211207615 × 10^302 | 4244 | 78 |
| iv_510 | 2.6732165128508455 × 10^302 | 4306 | 78 |

### Input Bits Sorted by Occurrences

| Input Bit | Complexity | Occurrences | Output Occurrences |
|:---------:|:----------:|:-----------:|:------------------:|
| iv_502 | 1.2945966838810202 × 10^301 | 3929 | 83 |
| iv_504 | 3.581092503934575 × 10^301 | 3963 | 69 |
| iv_505 | 5.618076747166821 × 10^301 | 3977 | 84 |
| iv_506 | 8.56962601515436 × 10^301 | 4005 | 81 |
| iv_498 | 7.424907879297946 × 10^299 | 4013 | 78 |
| iv_508 | 1.833258261625392 × 10^302 | 4105 | 85 |
| iv_500 | 3.366599865051784 × 10^300 | 4187 | 81 |
| iv_501 | 7.081693325048227 × 10^300 | 4196 | 82 |
| iv_503 | 2.204574658588031 × 10^301 | 4226 | 84 |
| iv_507 | 1.2774587073784508 × 10^302 | 4228 | 84 |
| iv_509 | 2.5360178211207615 × 10^302 | 4244 | 78 |
| iv_511 | 2.1148574575396287 × 10^299 | 4278 | 87 |
| iv_510 | 2.6732165128508455 × 10^302 | 4306 | 78 |

### Input Bits Sorted by Output Occurrences

| Input Bit | Complexity | Occurrences | Output Occurrences |
|:---------:|:----------:|:-----------:|:------------------:|
| iv_504 | 3.581092503934575 × 10^301 | 3963 | 69 |
| iv_498 | 7.424907879297946 × 10^299 | 4013 | 78 |
| iv_509 | 2.5360178211207615 × 10^302 | 4244 | 78 |
| iv_510 | 2.6732165128508455 × 10^302 | 4306 | 78 |
| iv_500 | 3.366599865051784 × 10^300 | 4187 | 81 |
| iv_506 | 8.56962601515436 × 10^301 | 4005 | 81 |
| iv_501 | 7.081693325048227 × 10^300 | 4196 | 82 |
| iv_502 | 1.2945966838810202 × 10^301 | 3929 | 83 |
| iv_505 | 5.618076747166821 × 10^301 | 3977 | 84 |
| iv_507 | 1.2774587073784508 × 10^302 | 4228 | 84 |
| iv_503 | 2.204574658588031 × 10^301 | 4226 | 84 |
| iv_508 | 1.833258261625392 × 10^302 | 4105 | 85 |
| iv_511 | 2.1148574575396287 × 10^299 | 4278 | 87 |

## Input Bit Co-occurrences

### Input Bit Co-occurrences Sorted by Co-occurrences

| Input Bits | Co-occurrences | Potential Occurrences | Output Co-occurrences | Potential Output Occurrences |
|:----------:|:--------------:|:---------------------:|:---------------------:|:----------------------------:|
| iv_509-iv_510 | 2137 | 4276 | 35 | 86 |
| iv_501-iv_511 | 2118 | 4238 | 45 | 79 |
| iv_509-iv_511 | 2108 | 4306 | 46 | 73 |
| iv_500-iv_510 | 2103 | 4287 | 44 | 71 |
| iv_500-iv_511 | 2101 | 4263 | 41 | 86 |
| iv_510-iv_511 | 2093 | 4398 | 41 | 83 |
| iv_503-iv_511 | 2087 | 4330 | 45 | 81 |
| iv_508-iv_510 | 2071 | 4269 | 41 | 81 |
| iv_503-iv_510 | 2063 | 4406 | 49 | 64 |
| iv_503-iv_509 | 2060 | 4350 | 45 | 72 |
| iv_503-iv_507 | 2058 | 4338 | 42 | 84 |
| iv_507-iv_509 | 2056 | 4360 | 43 | 76 |
| iv_501-iv_507 | 2056 | 4312 | 40 | 86 |

### Input Bit Co-occurrences Sorted by Potential Occurrences

| Input Bits | Co-occurrences | Potential Occurrences | Output Co-occurrences | Potential Output Occurrences |
|:----------:|:--------------:|:---------------------:|:---------------------:|:----------------------------:|
| iv_502-iv_505 | 1913 | 4080 | 48 | 71 |
| iv_502-iv_508 | 1929 | 4176 | 47 | 74 |
| iv_504-iv_505 | 1876 | 4188 | 36 | 81 |
| iv_506-iv_507 | 2004 | 4225 | 38 | 89 |
| iv_505-iv_510 | 2029 | 4225 | 45 | 72 |
| iv_506-iv_508 | 1942 | 4226 | 43 | 80 |
| iv_507-iv_508 | 2052 | 4229 | 47 | 75 |
| iv_498-iv_506 | 1893 | 4232 | 40 | 79 |
| iv_502-iv_506 | 1849 | 4236 | 42 | 80 |
| iv_501-iv_511 | 2118 | 4238 | 45 | 79 |
| iv_498-iv_501 | 1982 | 4245 | 41 | 78 |
| iv_504-iv_508 | 1908 | 4252 | 31 | 92 |
| iv_504-iv_506 | 1858 | 4252 | 30 | 90 |

### Input Bit Output Co-occurrences Sorted by Output Co-occurrences

| Input Bits | Co-occurrences | Potential Occurrences | Output Co-occurrences | Potential Output Occurrences |
|:----------:|:--------------:|:---------------------:|:---------------------:|:----------------------------:|
| iv_503-iv_510 | 2063 | 4406 | 49 | 64 |
| iv_505-iv_511 | 1912 | 4431 | 48 | 75 |
| iv_500-iv_508 | 2003 | 4286 | 48 | 70 |
| iv_502-iv_505 | 1913 | 4080 | 48 | 71 |
| iv_505-iv_507 | 1942 | 4321 | 47 | 74 |
| iv_507-iv_508 | 2052 | 4229 | 47 | 75 |
| iv_500-iv_505 | 1952 | 4260 | 47 | 71 |
| iv_502-iv_508 | 1929 | 4176 | 47 | 74 |
| iv_503-iv_508 | 2032 | 4267 | 47 | 75 |
| iv_509-iv_511 | 2108 | 4306 | 46 | 73 |
| iv_507-iv_511 | 2052 | 4402 | 45 | 81 |
| iv_508-iv_511 | 2053 | 4277 | 45 | 82 |
| iv_502-iv_507 | 1928 | 4301 | 45 | 77 |

### Input Bit Output Co-occurrences Sorted by Potential Output Occurrences

| Input Bits | Co-occurrences | Potential Occurrences | Output Co-occurrences | Potential Output Occurrences |
|:----------:|:--------------:|:---------------------:|:---------------------:|:----------------------------:|
| iv_503-iv_510 | 2063 | 4406 | 49 | 64 |
| iv_500-iv_508 | 2003 | 4286 | 48 | 70 |
| iv_500-iv_505 | 1952 | 4260 | 47 | 71 |
| iv_500-iv_510 | 2103 | 4287 | 44 | 71 |
| iv_502-iv_505 | 1913 | 4080 | 48 | 71 |
| iv_501-iv_504 | 1918 | 4323 | 40 | 71 |
| iv_505-iv_510 | 2029 | 4225 | 45 | 72 |
| iv_503-iv_509 | 2060 | 4350 | 45 | 72 |
| iv_504-iv_507 | 1920 | 4351 | 40 | 73 |
| iv_498-iv_500 | 1968 | 4264 | 43 | 73 |
| iv_509-iv_511 | 2108 | 4306 | 46 | 73 |
| iv_500-iv_501 | 2036 | 4311 | 45 | 73 |
| iv_498-iv_505 | 1859 | 4272 | 44 | 74 |

## Output Bits

### Output Bits in Regular Order

| Rank | Output Bit | Complexity |
|:----:|:----------:|:----------:|
| 1 | ov_001 | 1.6520219333988837 × 10^302 |
| 2 | ov_002 | 1.4374389085022257 × 10^302 |
| 3 | ov_003 | 1.2447985938174755 × 10^302 |
| 4 | ov_004 | 1.0724548216670455 × 10^302 |
| 5 | ov_005 | 9.188516399391997 × 10^301 |
| 6 | ov_006 | 7.82516960166622 × 10^301 |
| 7 | ov_007 | 6.620570262884582 × 10^301 |
| 8 | ov_008 | 5.561516253147511 × 10^301 |
| 9 | ov_009 | 4.635499653238886 × 10^301 |
| 10 | ov_010 | 3.8306715420125966 × 10^301 |
| 11 | ov_011 | 3.135812242984453 × 10^301 |
| 12 | ov_012 | 2.5403065202358103 × 10^301 |
| 13 | ov_013 | 2.034123172858408 × 10^301 |
| 14 | ov_014 | 1.6077984748543782 × 10^301 |
| 15 | ov_015 | 1.2524229438003305 × 10^301 |
| 16 | ov_016 | 9.596309576213976 × 10^300 |
| 17 | ov_017 | 7.215927745998045 × 10^300 |
| 18 | ov_018 | 5.3100854734132526 × 10^300 |
| 19 | ov_019 | 3.811039569016514 × 10^300 |
| 20 | ov_020 | 2.656271286765285 × 10^300 |
| 21 | ov_021 | 1.7884652701429025 × 10^300 |
| 22 | ov_022 | 1.1554956083638014 × 10^300 |
| 23 | ov_023 | 7.104167797507184 × 10^299 |
| 24 | ov_024 | 4.114578937158827 × 10^299 |
| 25 | ov_025 | 2.220192108972265 × 10^299 |
| 26 | ov_026 | 1.1067022067493433 × 10^299 |
| 27 | ov_027 | 5.114871017305807 × 10^298 |
| 28 | ov_028 | 2.2360384880471555 × 10^298 |
| 29 | ov_029 | 8.378740836130706 × 10^297 |
| 30 | ov_030 | 2.5324665792892846 × 10^297 |
| 31 | ov_031 | 5.605008133657884 × 10^296 |
| 32 | lv_80_m31 | 1.0927374305886006 × 10^296 |
| 33 | ov_033 | 1.3180882881745994 × 10^297 |
| 34 | ov_034 | 1.1444631531294313 × 10^297 |
| 35 | ov_035 | 9.889557000737616 × 10^296 |
| 36 | ov_036 | 8.501624116243386 × 10^296 |
| 37 | ov_037 | 7.267565705183124 × 10^296 |
| 38 | ov_038 | 6.174828274530083 × 10^296 |
| 39 | ov_039 | 5.2115247787650445 × 10^296 |
| 40 | ov_040 | 4.366393827606767 × 10^296 |
| 41 | ov_041 | 3.628764717010391 × 10^296 |
| 42 | ov_042 | 2.988527699388632 × 10^296 |
| 43 | ov_043 | 2.4361089409816484 × 10^296 |
| 44 | ov_044 | 1.9624496458004304 × 10^296 |
| 45 | ov_045 | 1.5589888566591982 × 10^296 |
| 46 | ov_046 | 1.2215686197994328 × 10^296 |
| 47 | ov_047 | 9.425845038246585 × 10^295 |
| 48 | ov_048 | 7.14895946325794 × 10^295 |
| 49 | ov_049 | 5.318194791209703 × 10^295 |
| 50 | ov_050 | 3.871236391054742 × 10^295 |
| 51 | ov_051 | 2.7502525617595744 × 10^295 |
| 52 | ov_052 | 1.9018683931166755 × 10^295 |
| 53 | ov_053 | 1.2771481144579305 × 10^295 |
| 54 | ov_054 | 8.315837326344755 × 10^294 |
| 55 | ov_055 | 5.250880553618823 × 10^294 |
| 56 | ov_056 | 3.219905543643205 × 10^294 |
| 57 | ov_057 | 1.9103499014873934 × 10^294 |
| 58 | ov_058 | 1.0537813239459427 × 10^294 |
| 59 | ov_059 | 5.270151081466286 × 10^293 |
| 60 | ov_060 | 2.2892752551457716 × 10^293 |
| 61 | ov_061 | 8.045509937196613 × 10^292 |
| 62 | ov_062 | 2.459440120352159 × 10^292 |
| 63 | ov_063 | 4.796589823025456 × 10^291 |
| 64 | lv_79_m31 | 9.352644532137813 × 10^290 |
| 65 | ov_065 | 1.1229432687784428 × 10^292 |
| 66 | ov_066 | 1.1229405419082403 × 10^292 |
| 67 | ov_067 | 1.1229398971520008 × 10^292 |
| 68 | ov_068 | 9.750379250056553 × 10^291 |
| 69 | ov_069 | 8.423476774398844 × 10^291 |
| 70 | ov_070 | 7.237562906412963 × 10^291 |
| 71 | ov_071 | 6.182030897132101 × 10^291 |
| 72 | ov_072 | 5.2467664436086815 × 10^291 |
| 73 | ov_073 | 4.4221247985135654 × 10^291 |
| 74 | ov_074 | 3.698913091438645 × 10^291 |
| 75 | ov_075 | 3.0683765921923545 × 10^291 |
| 76 | ov_076 | 2.5221877149059792 × 10^291 |
| 77 | ov_077 | 2.0524367500421524 × 10^291 |
| 78 | ov_078 | 1.651623734278176 × 10^291 |
| 79 | ov_079 | 1.3126512668178318 × 10^291 |
| 80 | ov_080 | 1.0288182114332046 × 10^291 |
| 81 | ov_081 | 7.938142242404352 × 10^290 |
| 82 | ov_082 | 6.017150477303334 × 10^290 |
| 83 | ov_083 | 4.469785119432406 × 10^290 |
| 84 | ov_084 | 3.244411839305595 × 10^290 |
| 85 | ov_085 | 2.2931560681212724 × 10^290 |
| 86 | ov_086 | 1.5718806984426523 × 10^290 |
| 87 | ov_087 | 1.0401685097816091 × 10^290 |
| 88 | ov_088 | 6.61308734268625 × 10^289 |
| 89 | ov_089 | 4.022871778119697 × 10^289 |
| 90 | ov_090 | 2.33779312266401 × 10^289 |
| 91 | ov_091 | 1.3014575418924594 × 10^289 |
| 92 | ov_092 | 6.942955068755598 × 10^288 |
| 93 | ov_093 | 3.3354721760073085 × 10^288 |
| 94 | ov_094 | 1.3703400496397 × 10^288 |
| 95 | aaa_78_28 | 4.097769823533362 × 10^287 |
| 96 | aaa_78_29 | 1.42471151941854 × 10^287 |
| 97 | ov_097 | 7.541958752479881 × 10^286 |
| 98 | ov_098 | 7.541861874742062 × 10^286 |
| 99 | ov_099 | 7.5418309066800225 × 10^286 |
| 100 | ov_100 | 6.172388689344682 × 10^286 |
| 101 | ov_101 | 5.01871970622431 × 10^286 |
| 102 | ov_102 | 4.0568897757255483 × 10^286 |
| 103 | ov_103 | 3.264288293140982 × 10^286 |
| 104 | ov_104 | 2.6195320532578564 × 10^286 |
| 105 | ov_105 | 2.1023813114733493 × 10^286 |
| 106 | ov_106 | 1.6936669847587457 × 10^286 |
| 107 | ov_107 | 1.3752279517979452 × 10^286 |
| 108 | ov_108 | 1.1298574673412613 × 10^286 |
| 109 | ov_109 | 9.412577596752532 × 10^285 |
| 110 | ov_110 | 7.940019324693278 × 10^285 |
| 111 | ov_111 | 6.735023434312453 × 10^285 |
| 112 | ov_112 | 5.659846824526409 × 10^285 |
| 113 | ov_113 | 4.70673224638214 × 10^285 |
| 114 | ov_114 | 3.8680523933697804 × 10^285 |
| 115 | ov_115 | 3.1362790888792837 × 10^285 |
| 116 | ov_116 | 2.5039578076305025 × 10^285 |
| 117 | ov_117 | 1.9636870494563466 × 10^285 |
| 118 | ov_118 | 1.50810208435083 × 10^285 |
| 119 | ov_119 | 1.1298625879756834 × 10^285 |
| 120 | ov_120 | 8.216436869692701 × 10^284 |
| 121 | ov_121 | 5.761299334842536 × 10^284 |
| 122 | ov_122 | 3.860115124368596 × 10^284 |
| 123 | ov_123 | 2.4398182904545974 × 10^284 |
| 124 | ov_124 | 1.4273596035606736 × 10^284 |
| 125 | ov_125 | 7.496973447860437 × 10^283 |
| 126 | ov_126 | 3.3379245939371547 × 10^283 |
| 127 | aaa_77_28 | 1.066065962656839 × 10^283 |
| 128 | aaa_77_29 | 3.9977215147376784 × 10^282 |
| 129 | ov_129 | 3.7272232491562735 × 10^282 |
| 130 | ov_130 | 3.727212605060082 × 10^282 |
| 131 | ov_131 | 3.7272100253786484 × 10^282 |
| 132 | ov_132 | 3.2373662696093646 × 10^282 |
| 133 | ov_133 | 2.798069402106818 × 10^282 |
| 134 | ov_134 | 2.4055122968792255 × 10^282 |
| 135 | ov_135 | 2.0560961595617142 × 10^282 |
| 136 | ov_136 | 1.7464155391373114 × 10^282 |
| 137 | ov_137 | 1.4732453258454737 × 10^282 |
| 138 | ov_138 | 1.2335295519757268 × 10^282 |
| 139 | ov_139 | 1.0243718217714474 × 10^282 |
| 140 | ov_140 | 8.430272058835397 × 10^281 |
| 141 | ov_141 | 6.868954447801083 × 10^281 |
| 142 | ov_142 | 5.535153142910189 × 10^281 |
| 143 | ov_143 | 4.405600150918501 × 10^281 |
| 144 | ov_144 | 3.458334564486719 × 10^281 |
| 145 | ov_145 | 2.6726731298467914 × 10^281 |
| 146 | ov_146 | 2.0291874161660685 × 10^281 |
| 147 | ov_147 | 1.5096865416165405 × 10^281 |
| 148 | ov_148 | 1.0972044944755774 × 10^281 |
| 149 | ov_149 | 7.759911707801774 × 10^280 |
| 150 | ov_150 | 5.31506333178879 × 10^280 |
| 151 | ov_151 | 3.5041577870150103 × 10^280 |
| 152 | ov_152 | 2.2058908621295088 × 10^280 |
| 153 | ov_153 | 1.3109839734439895 × 10^280 |
| 154 | ov_154 | 7.221778628394471 × 10^279 |
| 155 | ov_155 | 3.542291936852738 × 10^279 |
| 156 | aaa_76_25 | 1.3390869640867362 × 10^279 |
| 157 | aaa_76_26 | 7.510188673520394 × 10^278 |
| 158 | aaa_76_27 | 3.7893900359339005 × 10^278 |
| 159 | aaa_76_28 | 1.6278599818099036 × 10^278 |
| 160 | aaa_76_29 | 4.647243080033194 × 10^277 |

### Output Bits Sorted by Complexity

| Rank | Output Bit | Complexity |
|:----:|:----------:|:----------:|
| 160 | aaa_76_29 | 4.647243080033194 × 10^277 |
| 159 | aaa_76_28 | 1.6278599818099036 × 10^278 |
| 158 | aaa_76_27 | 3.7893900359339005 × 10^278 |
| 157 | aaa_76_26 | 7.510188673520394 × 10^278 |
| 156 | aaa_76_25 | 1.3390869640867362 × 10^279 |
| 155 | ov_155 | 3.542291936852738 × 10^279 |
| 154 | ov_154 | 7.221778628394471 × 10^279 |
| 153 | ov_153 | 1.3109839734439895 × 10^280 |
| 152 | ov_152 | 2.2058908621295088 × 10^280 |
| 151 | ov_151 | 3.5041577870150103 × 10^280 |
| 150 | ov_150 | 5.31506333178879 × 10^280 |
| 149 | ov_149 | 7.759911707801774 × 10^280 |
| 148 | ov_148 | 1.0972044944755774 × 10^281 |
| 147 | ov_147 | 1.5096865416165405 × 10^281 |
| 146 | ov_146 | 2.0291874161660685 × 10^281 |
| 145 | ov_145 | 2.6726731298467914 × 10^281 |
| 144 | ov_144 | 3.458334564486719 × 10^281 |
| 143 | ov_143 | 4.405600150918501 × 10^281 |
| 142 | ov_142 | 5.535153142910189 × 10^281 |
| 141 | ov_141 | 6.868954447801083 × 10^281 |
| 140 | ov_140 | 8.430272058835397 × 10^281 |
| 139 | ov_139 | 1.0243718217714474 × 10^282 |
| 138 | ov_138 | 1.2335295519757268 × 10^282 |
| 137 | ov_137 | 1.4732453258454737 × 10^282 |
| 136 | ov_136 | 1.7464155391373114 × 10^282 |
| 135 | ov_135 | 2.0560961595617142 × 10^282 |
| 134 | ov_134 | 2.4055122968792255 × 10^282 |
| 133 | ov_133 | 2.798069402106818 × 10^282 |
| 132 | ov_132 | 3.2373662696093646 × 10^282 |
| 131 | ov_131 | 3.7272100253786484 × 10^282 |
| 130 | ov_130 | 3.727212605060082 × 10^282 |
| 129 | ov_129 | 3.7272232491562735 × 10^282 |
| 128 | aaa_77_29 | 3.9977215147376784 × 10^282 |
| 127 | aaa_77_28 | 1.066065962656839 × 10^283 |
| 126 | ov_126 | 3.3379245939371547 × 10^283 |
| 125 | ov_125 | 7.496973447860437 × 10^283 |
| 124 | ov_124 | 1.4273596035606736 × 10^284 |
| 123 | ov_123 | 2.4398182904545974 × 10^284 |
| 122 | ov_122 | 3.860115124368596 × 10^284 |
| 121 | ov_121 | 5.761299334842536 × 10^284 |
| 120 | ov_120 | 8.216436869692701 × 10^284 |
| 119 | ov_119 | 1.1298625879756834 × 10^285 |
| 118 | ov_118 | 1.50810208435083 × 10^285 |
| 117 | ov_117 | 1.9636870494563466 × 10^285 |
| 116 | ov_116 | 2.5039578076305025 × 10^285 |
| 115 | ov_115 | 3.1362790888792837 × 10^285 |
| 114 | ov_114 | 3.8680523933697804 × 10^285 |
| 113 | ov_113 | 4.70673224638214 × 10^285 |
| 112 | ov_112 | 5.659846824526409 × 10^285 |
| 111 | ov_111 | 6.735023434312453 × 10^285 |
| 110 | ov_110 | 7.940019324693278 × 10^285 |
| 109 | ov_109 | 9.412577596752532 × 10^285 |
| 108 | ov_108 | 1.1298574673412613 × 10^286 |
| 107 | ov_107 | 1.3752279517979452 × 10^286 |
| 106 | ov_106 | 1.6936669847587457 × 10^286 |
| 105 | ov_105 | 2.1023813114733493 × 10^286 |
| 104 | ov_104 | 2.6195320532578564 × 10^286 |
| 103 | ov_103 | 3.264288293140982 × 10^286 |
| 102 | ov_102 | 4.0568897757255483 × 10^286 |
| 101 | ov_101 | 5.01871970622431 × 10^286 |
| 100 | ov_100 | 6.172388689344682 × 10^286 |
| 99 | ov_099 | 7.5418309066800225 × 10^286 |
| 98 | ov_098 | 7.541861874742062 × 10^286 |
| 97 | ov_097 | 7.541958752479881 × 10^286 |
| 96 | aaa_78_29 | 1.42471151941854 × 10^287 |
| 95 | aaa_78_28 | 4.097769823533362 × 10^287 |
| 94 | ov_094 | 1.3703400496397 × 10^288 |
| 93 | ov_093 | 3.3354721760073085 × 10^288 |
| 92 | ov_092 | 6.942955068755598 × 10^288 |
| 91 | ov_091 | 1.3014575418924594 × 10^289 |
| 90 | ov_090 | 2.33779312266401 × 10^289 |
| 89 | ov_089 | 4.022871778119697 × 10^289 |
| 88 | ov_088 | 6.61308734268625 × 10^289 |
| 87 | ov_087 | 1.0401685097816091 × 10^290 |
| 86 | ov_086 | 1.5718806984426523 × 10^290 |
| 85 | ov_085 | 2.2931560681212724 × 10^290 |
| 84 | ov_084 | 3.244411839305595 × 10^290 |
| 83 | ov_083 | 4.469785119432406 × 10^290 |
| 82 | ov_082 | 6.017150477303334 × 10^290 |
| 81 | ov_081 | 7.938142242404352 × 10^290 |
| 64 | lv_79_m31 | 9.352644532137813 × 10^290 |
| 80 | ov_080 | 1.0288182114332046 × 10^291 |
| 79 | ov_079 | 1.3126512668178318 × 10^291 |
| 78 | ov_078 | 1.651623734278176 × 10^291 |
| 77 | ov_077 | 2.0524367500421524 × 10^291 |
| 76 | ov_076 | 2.5221877149059792 × 10^291 |
| 75 | ov_075 | 3.0683765921923545 × 10^291 |
| 74 | ov_074 | 3.698913091438645 × 10^291 |
| 73 | ov_073 | 4.4221247985135654 × 10^291 |
| 63 | ov_063 | 4.796589823025456 × 10^291 |
| 72 | ov_072 | 5.2467664436086815 × 10^291 |
| 71 | ov_071 | 6.182030897132101 × 10^291 |
| 70 | ov_070 | 7.237562906412963 × 10^291 |
| 69 | ov_069 | 8.423476774398844 × 10^291 |
| 68 | ov_068 | 9.750379250056553 × 10^291 |
| 67 | ov_067 | 1.1229398971520008 × 10^292 |
| 66 | ov_066 | 1.1229405419082403 × 10^292 |
| 65 | ov_065 | 1.1229432687784428 × 10^292 |
| 62 | ov_062 | 2.459440120352159 × 10^292 |
| 61 | ov_061 | 8.045509937196613 × 10^292 |
| 60 | ov_060 | 2.2892752551457716 × 10^293 |
| 59 | ov_059 | 5.270151081466286 × 10^293 |
| 58 | ov_058 | 1.0537813239459427 × 10^294 |
| 57 | ov_057 | 1.9103499014873934 × 10^294 |
| 56 | ov_056 | 3.219905543643205 × 10^294 |
| 55 | ov_055 | 5.250880553618823 × 10^294 |
| 54 | ov_054 | 8.315837326344755 × 10^294 |
| 53 | ov_053 | 1.2771481144579305 × 10^295 |
| 52 | ov_052 | 1.9018683931166755 × 10^295 |
| 51 | ov_051 | 2.7502525617595744 × 10^295 |
| 50 | ov_050 | 3.871236391054742 × 10^295 |
| 49 | ov_049 | 5.318194791209703 × 10^295 |
| 48 | ov_048 | 7.14895946325794 × 10^295 |
| 47 | ov_047 | 9.425845038246585 × 10^295 |
| 32 | lv_80_m31 | 1.0927374305886006 × 10^296 |
| 46 | ov_046 | 1.2215686197994328 × 10^296 |
| 45 | ov_045 | 1.5589888566591982 × 10^296 |
| 44 | ov_044 | 1.9624496458004304 × 10^296 |
| 43 | ov_043 | 2.4361089409816484 × 10^296 |
| 42 | ov_042 | 2.988527699388632 × 10^296 |
| 41 | ov_041 | 3.628764717010391 × 10^296 |
| 40 | ov_040 | 4.366393827606767 × 10^296 |
| 39 | ov_039 | 5.2115247787650445 × 10^296 |
| 31 | ov_031 | 5.605008133657884 × 10^296 |
| 38 | ov_038 | 6.174828274530083 × 10^296 |
| 37 | ov_037 | 7.267565705183124 × 10^296 |
| 36 | ov_036 | 8.501624116243386 × 10^296 |
| 35 | ov_035 | 9.889557000737616 × 10^296 |
| 34 | ov_034 | 1.1444631531294313 × 10^297 |
| 33 | ov_033 | 1.3180882881745994 × 10^297 |
| 30 | ov_030 | 2.5324665792892846 × 10^297 |
| 29 | ov_029 | 8.378740836130706 × 10^297 |
| 28 | ov_028 | 2.2360384880471555 × 10^298 |
| 27 | ov_027 | 5.114871017305807 × 10^298 |
| 26 | ov_026 | 1.1067022067493433 × 10^299 |
| 25 | ov_025 | 2.220192108972265 × 10^299 |
| 24 | ov_024 | 4.114578937158827 × 10^299 |
| 23 | ov_023 | 7.104167797507184 × 10^299 |
| 22 | ov_022 | 1.1554956083638014 × 10^300 |
| 21 | ov_021 | 1.7884652701429025 × 10^300 |
| 20 | ov_020 | 2.656271286765285 × 10^300 |
| 19 | ov_019 | 3.811039569016514 × 10^300 |
| 18 | ov_018 | 5.3100854734132526 × 10^300 |
| 17 | ov_017 | 7.215927745998045 × 10^300 |
| 16 | ov_016 | 9.596309576213976 × 10^300 |
| 15 | ov_015 | 1.2524229438003305 × 10^301 |
| 14 | ov_014 | 1.6077984748543782 × 10^301 |
| 13 | ov_013 | 2.034123172858408 × 10^301 |
| 12 | ov_012 | 2.5403065202358103 × 10^301 |
| 11 | ov_011 | 3.135812242984453 × 10^301 |
| 10 | ov_010 | 3.8306715420125966 × 10^301 |
| 9 | ov_009 | 4.635499653238886 × 10^301 |
| 8 | ov_008 | 5.561516253147511 × 10^301 |
| 7 | ov_007 | 6.620570262884582 × 10^301 |
| 6 | ov_006 | 7.82516960166622 × 10^301 |
| 5 | ov_005 | 9.188516399391997 × 10^301 |
| 4 | ov_004 | 1.0724548216670455 × 10^302 |
| 3 | ov_003 | 1.2447985938174755 × 10^302 |
| 2 | ov_002 | 1.4374389085022257 × 10^302 |
| 1 | ov_001 | 1.6520219333988837 × 10^302 |

