# Results for F001-F002-F003-F004-F005-F006-F007-F008-F009-F010-F011-F012-F013-F014-F015-F016-F017-F018-F019-F020-F021-F022-F023-F024-F025-F026-F027-F028-F029-F030-F031-F032-F033-F034-F035-F036-F037-F038-F039-F040-F041-F042-F043-F044-F045-F046-F047-F048-F049-F050-F051-F052-F053-F054-F055-F056-F057-F058-F059-F060-F061-F062-F063-F064-F065-F066-F067-F068-F069-F070-F071-F072-F073-F074-F075-F076-F077-F078-F079-F080-F081-F082-F083-F084-F085-F086-F087-F088-F089-F090-F091-F092-F093-F094-F095-F096-F097-F098-F099-F100-F101-F102-F103-F104-F105-F106-F107-F108-F109-F110-F111-F112-F113-F114-F115-F116-F117-F118-F119-F120-F121-F122-F123-F124-F125-F126-F127-F128-F129-F130-F131-F132-F133-F134-F135-F136-F137-F138-F139-F140-F141-F142-F143-F144-F145-F146-F147-F148-F149-F150-F151-F152-F153-F154-F155-F156-F157-F158-F159-F160-F161-F162-F163-F164-F165-F166-F167-F168-F169-F170-F171-F172-F173-F174-F175-F176-F177-F178-F179-F180-F181-F182-F183-F184-F185-F186-F187-F188-F189-F190-F191-F192-F193-F194-F195-F196-F197-F198-F199-F200-F201-F202-F203-F204-F205-F206-F207-F208-F209-F210-F211-F212-F213-F214-F215-F216-F217-F218-F219-F220-F221-F222-F223-F224-F225-F226-F227-F228-F229-F230-F231-F232-F233-F234-F235-F236-F237-F238-F239-F240-F241-F242-F243-F244-F245-F246-F247-F248-F249-F250-F251-F252-F253-F254-F255-F256-F257-F258-F259-F260-F261-F262-F263-F264-F265-F266-F267-F268-F269-F270-F271-F272-F273-F274-F275-F276-F277-F278-F279-F280-F281-F282-F283-F284-F285-F286-F287-F288-F289-F290-F291-F292-F293-F294-F295-F296-F297-F298-F299-F300-F301-F302-F303-F304-F305-F306-F307-F308-F309-F310-F311-F312-F313-F314-F315-F316-F317-F318-F319-F320-F321-F322-F323-F324-F325-F326-F327-F328-F329-F330-F331-F332-F333-F334-F335-F336-F337-F338-F339-F340-F341-F342-F343-F344-F345-F346-F347-F348-F349-F350-F351-F352-F353-F354-F355-F356-F357-F358-F359-F360-F361-F362-F363-F364-F365-F366-F367-F368-F369-F370-F371-F372-F373-F374-F375-F376-F377-F378-F379-F380-F381-F382-F383-F384-F385-F386-F387-F388-F389-F390-F391-F392-F393-F394-F395-F396-F397-F398-F399-F400-F401-F402-F403-F404-F405-F406-F407-F408-F409-F410-F411-F412-F413-F414-F415-F416-F417-F418-F419-F420-F421-F422-F423-F424-F425-F426-F427-F428-F429-F430-F431-F432-F433-F434-F435-F436-F437-F438-F439-F440-F441-F442-F443-F444-F445-F446-F447-F448-F449-F450-F451-F452-F453-F454-F455-F456-F457-F458-F459-F460-F461-F462-F463-F464-F465-F466-F467-F468-F469-F470-F471-F472-F473-F474-F475-F476-F477-F478-F479-F480-F481-F482-F483-F484-F485-F486-F487-F488-F489-F490-F491-F492-F493-F494-F495-F496-E500511-O503504-E507512

## Summary

Number of input bits: 512  
Number of free input bits: 13  
Number of output bits: 160

Number of direct occurrences: 54310  
Number of assignments: 32366  
Number of operations: 11670400
(xor: 11641332,
and: 15325,
or: 13743)

Total complexity: 4.024689159762056 × 10^306

Least occurring input variable: iv_505 (3965)  
Most occurring input variable: iv_507 (4406)

Most co-occurring input variables: iv_501-iv_502 (2137)  
Least co-occurring input variables: iv_498-iv_505 (1807)

Potentially most occurring input variable: iv_500/iv_507 (4693)  
Potentially least occurring input variable: iv_501/iv_502 (4118)

Least output occurring input variable: iv_507 (75)  
Most output occurring input variable: iv_510 (96)

Most output co-occurring input variables: iv_500-iv_510 (54)  
Least output co-occurring input variables: iv_507-iv_508 (33)

Potentially most output occurring input variable: iv_499/iv_502 (92)  
Potentially least output occurring input variable: iv_499/iv_508 (62)

Least complex input bit: iv_497 (3.135473099092504 × 10^303)  
Most complex input bit: iv_510 (1.038467756507998 × 10^306)

Least complex output bit: aaa_76_29 (1.3570051682422464 × 10^281)  
Most complex output bit: ov_001 (6.261798237891464 × 10^305)

Least complex input/output complexity: iv_497/aaa_76_29 (1.0571880290513192 × 10^278)  
Most complex input/output complexity: iv_510/ov_001 (1.6156963456510328 × 10^305)

## Input Bits

### Input Bits in Regular Order

| Input Bit | Complexity | Occurrences | Output Occurrences |
|:---------:|:----------:|:-----------:|:------------------:|
| iv_497 | 3.135473099092504 × 10^303 | 4181 | 88 |
| iv_498 | 6.32492164840675 × 10^303 | 3983 | 80 |
| iv_499 | 1.1261143429228904 × 10^304 | 4239 | 84 |
| iv_500 | 3.4226828836110175 × 10^305 | 4297 | 87 |
| iv_501 | 3.2523822472156884 × 10^304 | 4172 | 79 |
| iv_502 | 5.286380941458118 × 10^304 | 4220 | 80 |
| iv_503 | 1.0617747390114663 × 10^305 | 4397 | 84 |
| iv_505 | 1.413167036001146 × 10^305 | 3965 | 78 |
| iv_506 | 2.3563037746482017 × 10^305 | 4090 | 75 |
| iv_507 | 7.42041375346334 × 10^305 | 4406 | 75 |
| iv_508 | 5.453296466974391 × 10^305 | 4051 | 76 |
| iv_509 | 7.673483678196405 × 10^305 | 4076 | 80 |
| iv_510 | 1.038467756507998 × 10^306 | 4233 | 96 |

### Input Bits Sorted by Complexity

| Input Bit | Complexity | Occurrences | Output Occurrences |
|:---------:|:----------:|:-----------:|:------------------:|
| iv_497 | 3.135473099092504 × 10^303 | 4181 | 88 |
| iv_498 | 6.32492164840675 × 10^303 | 3983 | 80 |
| iv_499 | 1.1261143429228904 × 10^304 | 4239 | 84 |
| iv_501 | 3.2523822472156884 × 10^304 | 4172 | 79 |
| iv_502 | 5.286380941458118 × 10^304 | 4220 | 80 |
| iv_503 | 1.0617747390114663 × 10^305 | 4397 | 84 |
| iv_505 | 1.413167036001146 × 10^305 | 3965 | 78 |
| iv_506 | 2.3563037746482017 × 10^305 | 4090 | 75 |
| iv_500 | 3.4226828836110175 × 10^305 | 4297 | 87 |
| iv_508 | 5.453296466974391 × 10^305 | 4051 | 76 |
| iv_507 | 7.42041375346334 × 10^305 | 4406 | 75 |
| iv_509 | 7.673483678196405 × 10^305 | 4076 | 80 |
| iv_510 | 1.038467756507998 × 10^306 | 4233 | 96 |

### Input Bits Sorted by Occurrences

| Input Bit | Complexity | Occurrences | Output Occurrences |
|:---------:|:----------:|:-----------:|:------------------:|
| iv_505 | 1.413167036001146 × 10^305 | 3965 | 78 |
| iv_498 | 6.32492164840675 × 10^303 | 3983 | 80 |
| iv_508 | 5.453296466974391 × 10^305 | 4051 | 76 |
| iv_509 | 7.673483678196405 × 10^305 | 4076 | 80 |
| iv_506 | 2.3563037746482017 × 10^305 | 4090 | 75 |
| iv_501 | 3.2523822472156884 × 10^304 | 4172 | 79 |
| iv_497 | 3.135473099092504 × 10^303 | 4181 | 88 |
| iv_502 | 5.286380941458118 × 10^304 | 4220 | 80 |
| iv_510 | 1.038467756507998 × 10^306 | 4233 | 96 |
| iv_499 | 1.1261143429228904 × 10^304 | 4239 | 84 |
| iv_500 | 3.4226828836110175 × 10^305 | 4297 | 87 |
| iv_503 | 1.0617747390114663 × 10^305 | 4397 | 84 |
| iv_507 | 7.42041375346334 × 10^305 | 4406 | 75 |

### Input Bits Sorted by Output Occurrences

| Input Bit | Complexity | Occurrences | Output Occurrences |
|:---------:|:----------:|:-----------:|:------------------:|
| iv_507 | 7.42041375346334 × 10^305 | 4406 | 75 |
| iv_506 | 2.3563037746482017 × 10^305 | 4090 | 75 |
| iv_508 | 5.453296466974391 × 10^305 | 4051 | 76 |
| iv_505 | 1.413167036001146 × 10^305 | 3965 | 78 |
| iv_501 | 3.2523822472156884 × 10^304 | 4172 | 79 |
| iv_498 | 6.32492164840675 × 10^303 | 3983 | 80 |
| iv_502 | 5.286380941458118 × 10^304 | 4220 | 80 |
| iv_509 | 7.673483678196405 × 10^305 | 4076 | 80 |
| iv_499 | 1.1261143429228904 × 10^304 | 4239 | 84 |
| iv_503 | 1.0617747390114663 × 10^305 | 4397 | 84 |
| iv_500 | 3.4226828836110175 × 10^305 | 4297 | 87 |
| iv_497 | 3.135473099092504 × 10^303 | 4181 | 88 |
| iv_510 | 1.038467756507998 × 10^306 | 4233 | 96 |

## Input Bit Co-occurrences

### Input Bit Co-occurrences Sorted by Co-occurrences

| Input Bits | Co-occurrences | Potential Occurrences | Output Co-occurrences | Potential Output Occurrences |
|:----------:|:--------------:|:---------------------:|:---------------------:|:----------------------------:|
| iv_501-iv_502 | 2137 | 4118 | 39 | 81 |
| iv_502-iv_503 | 2136 | 4345 | 43 | 78 |
| iv_499-iv_510 | 2119 | 4234 | 51 | 78 |
| iv_500-iv_503 | 2106 | 4482 | 43 | 85 |
| iv_499-iv_503 | 2104 | 4428 | 43 | 82 |
| iv_503-iv_507 | 2094 | 4615 | 40 | 79 |
| iv_502-iv_510 | 2077 | 4299 | 50 | 76 |
| iv_497-iv_499 | 2077 | 4266 | 50 | 72 |
| iv_497-iv_503 | 2071 | 4436 | 46 | 80 |
| iv_499-iv_506 | 2070 | 4189 | 38 | 83 |
| iv_499-iv_508 | 2060 | 4170 | 49 | 62 |
| iv_499-iv_500 | 2057 | 4422 | 44 | 83 |
| iv_502-iv_507 | 2057 | 4512 | 40 | 75 |

### Input Bit Co-occurrences Sorted by Potential Occurrences

| Input Bits | Co-occurrences | Potential Occurrences | Output Co-occurrences | Potential Output Occurrences |
|:----------:|:--------------:|:---------------------:|:---------------------:|:----------------------------:|
| iv_501-iv_502 | 2137 | 4118 | 39 | 81 |
| iv_498-iv_506 | 1961 | 4151 | 40 | 75 |
| iv_499-iv_508 | 2060 | 4170 | 49 | 62 |
| iv_497-iv_509 | 2038 | 4181 | 47 | 74 |
| iv_499-iv_506 | 2070 | 4189 | 38 | 83 |
| iv_498-iv_508 | 1917 | 4200 | 39 | 78 |
| iv_506-iv_509 | 1977 | 4212 | 40 | 75 |
| iv_499-iv_509 | 2048 | 4219 | 38 | 88 |
| iv_498-iv_509 | 1916 | 4227 | 42 | 76 |
| iv_499-iv_510 | 2119 | 4234 | 51 | 78 |
| iv_506-iv_510 | 2042 | 4239 | 45 | 81 |
| iv_506-iv_508 | 1947 | 4247 | 37 | 77 |
| iv_497-iv_499 | 2077 | 4266 | 50 | 72 |

### Input Bit Output Co-occurrences Sorted by Output Co-occurrences

| Input Bits | Co-occurrences | Potential Occurrences | Output Co-occurrences | Potential Output Occurrences |
|:----------:|:--------------:|:---------------------:|:---------------------:|:----------------------------:|
| iv_500-iv_510 | 2047 | 4436 | 54 | 75 |
| iv_499-iv_510 | 2119 | 4234 | 51 | 78 |
| iv_505-iv_510 | 1937 | 4324 | 51 | 72 |
| iv_497-iv_510 | 1978 | 4458 | 51 | 82 |
| iv_502-iv_510 | 2077 | 4299 | 50 | 76 |
| iv_497-iv_498 | 1900 | 4364 | 50 | 68 |
| iv_497-iv_499 | 2077 | 4266 | 50 | 72 |
| iv_497-iv_500 | 1960 | 4558 | 50 | 75 |
| iv_499-iv_508 | 2060 | 4170 | 49 | 62 |
| iv_498-iv_510 | 1957 | 4302 | 48 | 80 |
| iv_498-iv_500 | 1900 | 4480 | 47 | 73 |
| iv_503-iv_510 | 2046 | 4538 | 47 | 86 |
| iv_497-iv_509 | 2038 | 4181 | 47 | 74 |

### Input Bit Output Co-occurrences Sorted by Potential Output Occurrences

| Input Bits | Co-occurrences | Potential Occurrences | Output Co-occurrences | Potential Output Occurrences |
|:----------:|:--------------:|:---------------------:|:---------------------:|:----------------------------:|
| iv_499-iv_508 | 2060 | 4170 | 49 | 62 |
| iv_497-iv_498 | 1900 | 4364 | 50 | 68 |
| iv_501-iv_507 | 2054 | 4470 | 43 | 68 |
| iv_502-iv_509 | 1960 | 4376 | 44 | 72 |
| iv_505-iv_510 | 1937 | 4324 | 51 | 72 |
| iv_497-iv_499 | 2077 | 4266 | 50 | 72 |
| iv_498-iv_500 | 1900 | 4480 | 47 | 73 |
| iv_502-iv_506 | 1980 | 4350 | 41 | 73 |
| iv_502-iv_508 | 1891 | 4489 | 41 | 74 |
| iv_503-iv_508 | 2034 | 4380 | 43 | 74 |
| iv_505-iv_508 | 1870 | 4276 | 40 | 74 |
| iv_497-iv_509 | 2038 | 4181 | 47 | 74 |
| iv_500-iv_510 | 2047 | 4436 | 54 | 75 |

## Output Bits

### Output Bits in Regular Order

| Rank | Output Bit | Complexity |
|:----:|:----------:|:----------:|
| 1 | ov_001 | 6.261798237891464 × 10^305 |
| 2 | ov_002 | 5.452094758698091 × 10^305 |
| 3 | ov_003 | 4.724943941674952 × 10^305 |
| 4 | ov_004 | 4.074155115343421 × 10^305 |
| 5 | ov_005 | 3.493877919239009 × 10^305 |
| 6 | ov_006 | 2.978578343164431 × 10^305 |
| 7 | ov_007 | 2.523017851663783 × 10^305 |
| 8 | ov_008 | 2.1222353119643725 × 10^305 |
| 9 | ov_009 | 1.7715314587800745 × 10^305 |
| 10 | ov_010 | 1.4664556439553114 × 10^305 |
| 11 | ov_011 | 1.2027946330511796 × 10^305 |
| 12 | ov_012 | 9.7656322472148 × 10^304 |
| 13 | ov_013 | 7.839964821715094 × 10^304 |
| 14 | ov_014 | 6.215433792007136 × 10^304 |
| 15 | ov_015 | 4.858616763559315 × 10^304 |
| 16 | ov_016 | 3.73813855610185 × 10^304 |
| 17 | ov_017 | 2.8246395476964924 × 10^304 |
| 18 | ov_018 | 2.0907515552799474 × 10^304 |
| 19 | ov_019 | 1.511079917555117 × 10^304 |
| 20 | ov_020 | 1.0621905724730933 × 10^304 |
| 21 | ov_021 | 7.226010477243749 × 10^303 |
| 22 | ov_022 | 4.727744087201832 × 10^303 |
| 23 | ov_023 | 2.9511533454365946 × 10^303 |
| 24 | ov_024 | 1.7396764654434838 × 10^303 |
| 25 | ov_025 | 9.5612817012287 × 10^302 |
| 26 | ov_026 | 4.826915149773087 × 10^302 |
| 27 | ov_027 | 2.2091403665536755 × 10^302 |
| 28 | ov_028 | 9.170623248785218 × 10^301 |
| 29 | ov_029 | 3.5341070478268204 × 10^301 |
| 30 | ov_030 | 1.0805073065742183 × 10^301 |
| 31 | ov_031 | 2.1076864914646645 × 10^300 |
| 32 | lv_80_m31 | 4.110515317695984 × 10^299 |
| 33 | ov_033 | 4.971070009086874 × 10^300 |
| 34 | ov_034 | 4.322276211751479 × 10^300 |
| 35 | ov_035 | 3.740191665754844 × 10^300 |
| 36 | ov_036 | 3.219786023802645 × 10^300 |
| 37 | ov_037 | 2.756305659508475 × 10^300 |
| 38 | ov_038 | 2.345254127714567 × 10^300 |
| 39 | ov_039 | 1.9823751381059396 × 10^300 |
| 40 | ov_040 | 1.6636378150350795 × 10^300 |
| 41 | ov_041 | 1.385224027803868 × 10^300 |
| 42 | ov_042 | 1.1435175867912734 × 10^300 |
| 43 | ov_043 | 9.350951118083907 × 10^299 |
| 44 | ov_044 | 7.567183899326052 × 10^299 |
| 45 | ov_045 | 6.0532805083840284 × 10^299 |
| 46 | ov_046 | 4.7803839831896915 × 10^299 |
| 47 | ov_047 | 3.7213324729405717 × 10^299 |
| 48 | ov_048 | 2.8506262613825926 × 10^299 |
| 49 | ov_049 | 2.1444021465126197 × 10^299 |
| 50 | ov_050 | 1.580413984381079 × 10^299 |
| 51 | ov_051 | 1.1380183088224326 × 10^299 |
| 52 | ov_052 | 7.981640428528335 × 10^298 |
| 53 | ov_053 | 5.433854212108992 × 10^298 |
| 54 | ov_054 | 3.577973471288825 × 10^298 |
| 55 | ov_055 | 2.270925099533802 × 10^298 |
| 56 | ov_056 | 1.38539693721351 × 10^298 |
| 57 | ov_057 | 8.098282648059213 × 10^297 |
| 58 | ov_058 | 4.4840465792097134 × 10^297 |
| 59 | ov_059 | 2.2105541636035093 × 10^297 |
| 60 | ov_060 | 9.168091974066823 × 10^296 |
| 61 | ov_061 | 3.2052715296902366 × 10^296 |
| 62 | ov_062 | 8.800560566675565 × 10^295 |
| 63 | ov_063 | 1.7169490359175512 × 10^295 |
| 64 | lv_79_m31 | 3.348982618789694 × 10^294 |
| 65 | ov_065 | 4.0435563688423545 × 10^295 |
| 66 | ov_066 | 4.0435461756379613 × 10^295 |
| 67 | ov_067 | 4.043543743743121 × 10^295 |
| 68 | ov_068 | 3.5169463757228696 × 10^295 |
| 69 | ov_069 | 3.0439207644947766 × 10^295 |
| 70 | ov_070 | 2.620580295799145 × 10^295 |
| 71 | ov_071 | 2.2432243076250137 × 10^295 |
| 72 | ov_072 | 1.9083260456668755 × 10^295 |
| 73 | ov_073 | 1.612522994157941 × 10^295 |
| 74 | ov_074 | 1.3526092392126457 × 10^295 |
| 75 | ov_075 | 1.1255295401560594 × 10^295 |
| 76 | ov_076 | 9.283748019304879 × 10^294 |
| 77 | ov_077 | 7.583786586743808 × 10^294 |
| 78 | ov_078 | 6.129148950751994 × 10^294 |
| 79 | ov_079 | 4.894954482014539 × 10^294 |
| 80 | ov_080 | 3.857687736739985 × 10^294 |
| 81 | ov_081 | 2.995184497939705 × 10^294 |
| 82 | ov_082 | 2.2866197714791822 × 10^294 |
| 83 | ov_083 | 1.7124975859246327 × 10^294 |
| 84 | ov_084 | 1.2546424459362038 × 10^294 |
| 85 | ov_085 | 8.96192289448473 × 10^293 |
| 86 | ov_086 | 6.215927991936194 × 10^293 |
| 87 | ov_087 | 4.16592919316058 × 10^293 |
| 88 | ov_088 | 2.682414279415001 × 10^293 |
| 89 | ov_089 | 1.6488441662793293 × 10^293 |
| 90 | ov_090 | 9.61635276600274 × 10^292 |
| 91 | ov_091 | 5.301480016479865 × 10^292 |
| 92 | ov_092 | 2.766797728086891 × 10^292 |
| 93 | ov_093 | 1.3646133972411756 × 10^292 |
| 94 | ov_094 | 5.765504150873755 × 10^291 |
| 95 | aaa_78_28 | 1.7574819690557122 × 10^291 |
| 96 | aaa_78_29 | 5.288327368051909 × 10^290 |
| 97 | ov_097 | 2.721752333640274 × 10^290 |
| 98 | ov_098 | 2.7217275745242616 × 10^290 |
| 99 | ov_099 | 2.721719656368252 × 10^290 |
| 100 | ov_100 | 2.2581406082575927 × 10^290 |
| 101 | ov_101 | 1.8585221555945157 × 10^290 |
| 102 | ov_102 | 1.5167325070203187 × 10^290 |
| 103 | ov_103 | 1.2269805201161003 × 10^290 |
| 104 | ov_104 | 9.8379103601536 × 10^289 |
| 105 | ov_105 | 7.81983312982686 × 10^289 |
| 106 | ov_106 | 6.166522827427016 × 10^289 |
| 107 | ov_107 | 4.831523680086474 × 10^289 |
| 108 | ov_108 | 3.770836137477954 × 10^289 |
| 109 | ov_109 | 2.942798983326223 × 10^289 |
| 110 | ov_110 | 2.307990039507138 × 10^289 |
| 111 | ov_111 | 1.829143385598686 × 10^289 |
| 112 | ov_112 | 1.4710811434405683 × 10^289 |
| 113 | ov_113 | 1.2006580010692696 × 10^289 |
| 114 | ov_114 | 9.867167737937149 × 10^288 |
| 115 | ov_115 | 8.000534225470168 × 10^288 |
| 116 | ov_116 | 6.387621048592098 × 10^288 |
| 117 | ov_117 | 5.009518529861808 × 10^288 |
| 118 | ov_118 | 3.8474222355091664 × 10^288 |
| 119 | ov_119 | 2.8825992206968844 × 10^288 |
| 120 | ov_120 | 2.096362818112801 × 10^288 |
| 121 | ov_121 | 1.4700547645996438 × 10^288 |
| 122 | ov_122 | 9.850334606398631 × 10^287 |
| 123 | ov_123 | 6.226667675668067 × 10^287 |
| 124 | ov_124 | 3.643275080326561 × 10^287 |
| 125 | ov_125 | 1.9139067448565713 × 10^287 |
| 126 | ov_126 | 8.523200294117704 × 10^286 |
| 127 | aaa_77_28 | 2.7227424530145236 × 10^286 |
| 128 | aaa_77_29 | 1.0213611812657366 × 10^286 |
| 129 | ov_129 | 9.586411184586303 × 10^285 |
| 130 | ov_130 | 9.586384717215436 × 10^285 |
| 131 | ov_131 | 9.586378306212273 × 10^285 |
| 132 | ov_132 | 8.339288012070871 × 10^285 |
| 133 | ov_133 | 7.219876939190659 × 10^285 |
| 134 | ov_134 | 6.218560729252981 × 10^285 |
| 135 | ov_135 | 5.326280330107556 × 10^285 |
| 136 | ov_136 | 4.5344647290929515 × 10^285 |
| 137 | ov_137 | 3.834998535408344 × 10^285 |
| 138 | ov_138 | 3.220193968723403 × 10^285 |
| 139 | ov_139 | 2.6827668344648238 × 10^285 |
| 140 | ov_140 | 2.2158160886742067 × 10^285 |
| 141 | ov_141 | 1.8128066171477276 × 10^285 |
| 142 | ov_142 | 1.467554874877104 × 10^285 |
| 143 | ov_143 | 1.1742170527280734 × 10^285 |
| 144 | ov_144 | 9.272794589130253 × 10^284 |
| 145 | ov_145 | 7.215508232179266 × 10^284 |
| 146 | ov_146 | 5.521562521942166 × 10^284 |
| 147 | ov_147 | 4.145325836739045 × 10^284 |
| 148 | ov_148 | 3.0442490904816045 × 10^284 |
| 149 | ov_149 | 2.1788405179247788 × 10^284 |
| 150 | ov_150 | 1.512648107419561 × 10^284 |
| 151 | ov_151 | 1.0122479662808552 × 10^284 |
| 152 | ov_152 | 6.472371038887994 × 10^283 |
| 153 | ov_153 | 3.902293176021445 × 10^283 |
| 154 | ov_154 | 2.168530664966725 × 10^283 |
| 155 | ov_155 | 1.0575044677774386 × 10^283 |
| 156 | aaa_76_25 | 3.857671358174631 × 10^282 |
| 157 | aaa_76_26 | 2.2298765144705706 × 10^282 |
| 158 | aaa_76_27 | 1.1427166631527812 × 10^282 |
| 159 | aaa_76_28 | 4.455554030197702 × 10^281 |
| 160 | aaa_76_29 | 1.3570051682422464 × 10^281 |

### Output Bits Sorted by Complexity

| Rank | Output Bit | Complexity |
|:----:|:----------:|:----------:|
| 160 | aaa_76_29 | 1.3570051682422464 × 10^281 |
| 159 | aaa_76_28 | 4.455554030197702 × 10^281 |
| 158 | aaa_76_27 | 1.1427166631527812 × 10^282 |
| 157 | aaa_76_26 | 2.2298765144705706 × 10^282 |
| 156 | aaa_76_25 | 3.857671358174631 × 10^282 |
| 155 | ov_155 | 1.0575044677774386 × 10^283 |
| 154 | ov_154 | 2.168530664966725 × 10^283 |
| 153 | ov_153 | 3.902293176021445 × 10^283 |
| 152 | ov_152 | 6.472371038887994 × 10^283 |
| 151 | ov_151 | 1.0122479662808552 × 10^284 |
| 150 | ov_150 | 1.512648107419561 × 10^284 |
| 149 | ov_149 | 2.1788405179247788 × 10^284 |
| 148 | ov_148 | 3.0442490904816045 × 10^284 |
| 147 | ov_147 | 4.145325836739045 × 10^284 |
| 146 | ov_146 | 5.521562521942166 × 10^284 |
| 145 | ov_145 | 7.215508232179266 × 10^284 |
| 144 | ov_144 | 9.272794589130253 × 10^284 |
| 143 | ov_143 | 1.1742170527280734 × 10^285 |
| 142 | ov_142 | 1.467554874877104 × 10^285 |
| 141 | ov_141 | 1.8128066171477276 × 10^285 |
| 140 | ov_140 | 2.2158160886742067 × 10^285 |
| 139 | ov_139 | 2.6827668344648238 × 10^285 |
| 138 | ov_138 | 3.220193968723403 × 10^285 |
| 137 | ov_137 | 3.834998535408344 × 10^285 |
| 136 | ov_136 | 4.5344647290929515 × 10^285 |
| 135 | ov_135 | 5.326280330107556 × 10^285 |
| 134 | ov_134 | 6.218560729252981 × 10^285 |
| 133 | ov_133 | 7.219876939190659 × 10^285 |
| 132 | ov_132 | 8.339288012070871 × 10^285 |
| 131 | ov_131 | 9.586378306212273 × 10^285 |
| 130 | ov_130 | 9.586384717215436 × 10^285 |
| 129 | ov_129 | 9.586411184586303 × 10^285 |
| 128 | aaa_77_29 | 1.0213611812657366 × 10^286 |
| 127 | aaa_77_28 | 2.7227424530145236 × 10^286 |
| 126 | ov_126 | 8.523200294117704 × 10^286 |
| 125 | ov_125 | 1.9139067448565713 × 10^287 |
| 124 | ov_124 | 3.643275080326561 × 10^287 |
| 123 | ov_123 | 6.226667675668067 × 10^287 |
| 122 | ov_122 | 9.850334606398631 × 10^287 |
| 121 | ov_121 | 1.4700547645996438 × 10^288 |
| 120 | ov_120 | 2.096362818112801 × 10^288 |
| 119 | ov_119 | 2.8825992206968844 × 10^288 |
| 118 | ov_118 | 3.8474222355091664 × 10^288 |
| 117 | ov_117 | 5.009518529861808 × 10^288 |
| 116 | ov_116 | 6.387621048592098 × 10^288 |
| 115 | ov_115 | 8.000534225470168 × 10^288 |
| 114 | ov_114 | 9.867167737937149 × 10^288 |
| 113 | ov_113 | 1.2006580010692696 × 10^289 |
| 112 | ov_112 | 1.4710811434405683 × 10^289 |
| 111 | ov_111 | 1.829143385598686 × 10^289 |
| 110 | ov_110 | 2.307990039507138 × 10^289 |
| 109 | ov_109 | 2.942798983326223 × 10^289 |
| 108 | ov_108 | 3.770836137477954 × 10^289 |
| 107 | ov_107 | 4.831523680086474 × 10^289 |
| 106 | ov_106 | 6.166522827427016 × 10^289 |
| 105 | ov_105 | 7.81983312982686 × 10^289 |
| 104 | ov_104 | 9.8379103601536 × 10^289 |
| 103 | ov_103 | 1.2269805201161003 × 10^290 |
| 102 | ov_102 | 1.5167325070203187 × 10^290 |
| 101 | ov_101 | 1.8585221555945157 × 10^290 |
| 100 | ov_100 | 2.2581406082575927 × 10^290 |
| 99 | ov_099 | 2.721719656368252 × 10^290 |
| 98 | ov_098 | 2.7217275745242616 × 10^290 |
| 97 | ov_097 | 2.721752333640274 × 10^290 |
| 96 | aaa_78_29 | 5.288327368051909 × 10^290 |
| 95 | aaa_78_28 | 1.7574819690557122 × 10^291 |
| 94 | ov_094 | 5.765504150873755 × 10^291 |
| 93 | ov_093 | 1.3646133972411756 × 10^292 |
| 92 | ov_092 | 2.766797728086891 × 10^292 |
| 91 | ov_091 | 5.301480016479865 × 10^292 |
| 90 | ov_090 | 9.61635276600274 × 10^292 |
| 89 | ov_089 | 1.6488441662793293 × 10^293 |
| 88 | ov_088 | 2.682414279415001 × 10^293 |
| 87 | ov_087 | 4.16592919316058 × 10^293 |
| 86 | ov_086 | 6.215927991936194 × 10^293 |
| 85 | ov_085 | 8.96192289448473 × 10^293 |
| 84 | ov_084 | 1.2546424459362038 × 10^294 |
| 83 | ov_083 | 1.7124975859246327 × 10^294 |
| 82 | ov_082 | 2.2866197714791822 × 10^294 |
| 81 | ov_081 | 2.995184497939705 × 10^294 |
| 64 | lv_79_m31 | 3.348982618789694 × 10^294 |
| 80 | ov_080 | 3.857687736739985 × 10^294 |
| 79 | ov_079 | 4.894954482014539 × 10^294 |
| 78 | ov_078 | 6.129148950751994 × 10^294 |
| 77 | ov_077 | 7.583786586743808 × 10^294 |
| 76 | ov_076 | 9.283748019304879 × 10^294 |
| 75 | ov_075 | 1.1255295401560594 × 10^295 |
| 74 | ov_074 | 1.3526092392126457 × 10^295 |
| 73 | ov_073 | 1.612522994157941 × 10^295 |
| 63 | ov_063 | 1.7169490359175512 × 10^295 |
| 72 | ov_072 | 1.9083260456668755 × 10^295 |
| 71 | ov_071 | 2.2432243076250137 × 10^295 |
| 70 | ov_070 | 2.620580295799145 × 10^295 |
| 69 | ov_069 | 3.0439207644947766 × 10^295 |
| 68 | ov_068 | 3.5169463757228696 × 10^295 |
| 67 | ov_067 | 4.043543743743121 × 10^295 |
| 66 | ov_066 | 4.0435461756379613 × 10^295 |
| 65 | ov_065 | 4.0435563688423545 × 10^295 |
| 62 | ov_062 | 8.800560566675565 × 10^295 |
| 61 | ov_061 | 3.2052715296902366 × 10^296 |
| 60 | ov_060 | 9.168091974066823 × 10^296 |
| 59 | ov_059 | 2.2105541636035093 × 10^297 |
| 58 | ov_058 | 4.4840465792097134 × 10^297 |
| 57 | ov_057 | 8.098282648059213 × 10^297 |
| 56 | ov_056 | 1.38539693721351 × 10^298 |
| 55 | ov_055 | 2.270925099533802 × 10^298 |
| 54 | ov_054 | 3.577973471288825 × 10^298 |
| 53 | ov_053 | 5.433854212108992 × 10^298 |
| 52 | ov_052 | 7.981640428528335 × 10^298 |
| 51 | ov_051 | 1.1380183088224326 × 10^299 |
| 50 | ov_050 | 1.580413984381079 × 10^299 |
| 49 | ov_049 | 2.1444021465126197 × 10^299 |
| 48 | ov_048 | 2.8506262613825926 × 10^299 |
| 47 | ov_047 | 3.7213324729405717 × 10^299 |
| 32 | lv_80_m31 | 4.110515317695984 × 10^299 |
| 46 | ov_046 | 4.7803839831896915 × 10^299 |
| 45 | ov_045 | 6.0532805083840284 × 10^299 |
| 44 | ov_044 | 7.567183899326052 × 10^299 |
| 43 | ov_043 | 9.350951118083907 × 10^299 |
| 42 | ov_042 | 1.1435175867912734 × 10^300 |
| 41 | ov_041 | 1.385224027803868 × 10^300 |
| 40 | ov_040 | 1.6636378150350795 × 10^300 |
| 39 | ov_039 | 1.9823751381059396 × 10^300 |
| 31 | ov_031 | 2.1076864914646645 × 10^300 |
| 38 | ov_038 | 2.345254127714567 × 10^300 |
| 37 | ov_037 | 2.756305659508475 × 10^300 |
| 36 | ov_036 | 3.219786023802645 × 10^300 |
| 35 | ov_035 | 3.740191665754844 × 10^300 |
| 34 | ov_034 | 4.322276211751479 × 10^300 |
| 33 | ov_033 | 4.971070009086874 × 10^300 |
| 30 | ov_030 | 1.0805073065742183 × 10^301 |
| 29 | ov_029 | 3.5341070478268204 × 10^301 |
| 28 | ov_028 | 9.170623248785218 × 10^301 |
| 27 | ov_027 | 2.2091403665536755 × 10^302 |
| 26 | ov_026 | 4.826915149773087 × 10^302 |
| 25 | ov_025 | 9.5612817012287 × 10^302 |
| 24 | ov_024 | 1.7396764654434838 × 10^303 |
| 23 | ov_023 | 2.9511533454365946 × 10^303 |
| 22 | ov_022 | 4.727744087201832 × 10^303 |
| 21 | ov_021 | 7.226010477243749 × 10^303 |
| 20 | ov_020 | 1.0621905724730933 × 10^304 |
| 19 | ov_019 | 1.511079917555117 × 10^304 |
| 18 | ov_018 | 2.0907515552799474 × 10^304 |
| 17 | ov_017 | 2.8246395476964924 × 10^304 |
| 16 | ov_016 | 3.73813855610185 × 10^304 |
| 15 | ov_015 | 4.858616763559315 × 10^304 |
| 14 | ov_014 | 6.215433792007136 × 10^304 |
| 13 | ov_013 | 7.839964821715094 × 10^304 |
| 12 | ov_012 | 9.7656322472148 × 10^304 |
| 11 | ov_011 | 1.2027946330511796 × 10^305 |
| 10 | ov_010 | 1.4664556439553114 × 10^305 |
| 9 | ov_009 | 1.7715314587800745 × 10^305 |
| 8 | ov_008 | 2.1222353119643725 × 10^305 |
| 7 | ov_007 | 2.523017851663783 × 10^305 |
| 6 | ov_006 | 2.978578343164431 × 10^305 |
| 5 | ov_005 | 3.493877919239009 × 10^305 |
| 4 | ov_004 | 4.074155115343421 × 10^305 |
| 3 | ov_003 | 4.724943941674952 × 10^305 |
| 2 | ov_002 | 5.452094758698091 × 10^305 |
| 1 | ov_001 | 6.261798237891464 × 10^305 |

