# Results for F001-F002-F003-F004-F005-F006-F007-F008-F009-F010-F011-F012-F013-F014-F015-F016-F017-F018-F019-F020-F021-F022-F023-F024-F025-F026-F027-F028-F029-F030-F031-F032-F033-F034-F035-F036-F037-F038-F039-F040-F041-F042-F043-F044-F045-F046-F047-F048-F049-F050-F051-F052-F053-F054-F055-F056-F057-F058-F059-F060-F061-F062-F063-F064-F065-F066-F067-F068-F069-F070-F071-F072-F073-F074-F075-F076-F077-F078-F079-F080-F081-F082-F083-F084-F085-F086-F087-F088-F089-F090-F091-F092-F093-F094-F095-F096-F097-F098-F099-F100-F101-F102-F103-F104-F105-F106-F107-F108-F109-F110-F111-F112-F113-F114-F115-F116-F117-F118-F119-F120-F121-F122-F123-F124-F125-F126-F127-F128-F129-F130-F131-F132-F133-F134-F135-F136-F137-F138-F139-F140-F141-F142-F143-F144-F145-F146-F147-F148-F149-F150-F151-F152-F153-F154-F155-F156-F157-F158-F159-F160-F161-F162-F163-F164-F165-F166-F167-F168-F169-F170-F171-F172-F173-F174-F175-F176-F177-F178-F179-F180-F181-F182-F183-F184-F185-F186-F187-F188-F189-F190-F191-F192-F193-F194-F195-F196-F197-F198-F199-F200-F201-F202-F203-F204-F205-F206-F207-F208-F209-F210-F211-F212-F213-F214-F215-F216-F217-F218-F219-F220-F221-F222-F223-F224-F225-F226-F227-F228-F229-F230-F231-F232-F233-F234-F235-F236-F237-F238-F239-F240-F241-F242-F243-F244-F245-F246-F247-F248-F249-F250-F251-F252-F253-F254-F255-F256-F257-F258-F259-F260-F261-F262-F263-F264-F265-F266-F267-F268-F269-F270-F271-F272-F273-F274-F275-F276-F277-F278-F279-F280-F281-F282-F283-F284-F285-F286-F287-F288-F289-F290-F291-F292-F293-F294-F295-F296-F297-F298-F299-F300-F301-F302-F303-F304-F305-F306-F307-F308-F309-F310-F311-F312-F313-F314-F315-F316-F317-F318-F319-F320-F321-F322-F323-F324-F325-F326-F327-F328-F329-F330-F331-F332-F333-F334-F335-F336-F337-F338-F339-F340-F341-F342-F343-F344-F345-F346-F347-F348-F349-F350-F351-F352-F353-F354-F355-F356-F357-F358-F359-F360-F361-F362-F363-F364-F365-F366-F367-F368-F369-F370-F371-F372-F373-F374-F375-F376-F377-F378-F379-F380-F381-F382-F383-F384-F385-F386-F387-F388-F389-F390-F391-F392-F393-F394-F395-F396-F397-F398-F399-F400-F401-F402-F403-F404-F405-F406-F407-F408-F409-F410-F411-F412-F413-F414-F415-F416-F417-F418-F419-F420-F421-F422-F423-F424-F425-F426-F427-F428-F429-F430-F431-F432-F433-F434-F435-F436-F437-F438-F439-F440-F441-F442-F443-F444-F445-F446-F447-F448-F449-F450-F451-F452-F453-F454-F455-F456-F457-F458-F459-F460-F461-F462-F463-F464-F465-F466-F467-F468-F469-F470-F471-F472-F473-F474-F475-F476-F477-F478-F479-F480-F481-F482-F483-F484-F485-F486-F487-F488-F489-F490-F491-F492-F493-F494-F495-F496-E501505-F510-F512

## Summary

Number of input bits: 512  
Number of free input bits: 13  
Number of output bits: 160

Number of direct occurrences: 52961  
Number of assignments: 31701  
Number of operations: 11182387
(xor: 11154025,
and: 14845,
or: 13517)

Total complexity: 5.8784183883790946 × 10^300

Least occurring input variable: iv_502 (3895)  
Most occurring input variable: iv_511 (4266)

Most co-occurring input variables: iv_500-iv_511 (2081)  
Least co-occurring input variables: iv_498-iv_502 (1769)

Potentially most occurring input variable: iv_501/iv_509 (4584)  
Potentially least occurring input variable: iv_504/iv_506 (4158)

Least output occurring input variable: iv_503 (72)  
Most output occurring input variable: iv_497 (93)

Most output co-occurring input variables: iv_497-iv_502 (52)  
Least output co-occurring input variables: iv_503-iv_508 (32)

Potentially most output occurring input variable: iv_497/iv_500 (91)  
Potentially least output occurring input variable: iv_498/iv_508 (68)

Least complex input bit: iv_511 (7.181140489856016 × 10^296)  
Most complex input bit: iv_501 (1.1635789540329799 × 10^300)

Least complex output bit: aaa_76_29 (1.0383005400181348 × 10^276)  
Most complex output bit: ov_001 (9.190041505498596 × 10^299)

Least complex input/output complexity: iv_511/aaa_76_29 (1.2683993475700093 × 10^272)  
Most complex input/output complexity: iv_501/ov_001 (1.8190843482027628 × 10^299)

## Input Bits

### Input Bits in Regular Order

| Input Bit | Complexity | Occurrences | Output Occurrences |
|:---------:|:----------:|:-----------:|:------------------:|
| iv_497 | 1.670227453881849 × 10^298 | 4144 | 93 |
| iv_498 | 3.32985074467644 × 10^298 | 3945 | 88 |
| iv_499 | 5.862767683815958 × 10^298 | 3955 | 81 |
| iv_500 | 9.864938708370524 × 10^298 | 4124 | 76 |
| iv_501 | 1.1635789540329799 × 10^300 | 4097 | 73 |
| iv_502 | 2.6371229970398286 × 10^299 | 3895 | 82 |
| iv_503 | 4.191690064505429 × 10^299 | 4061 | 72 |
| iv_504 | 6.534415167453991 × 10^299 | 3941 | 78 |
| iv_506 | 5.056496407972302 × 10^299 | 3973 | 82 |
| iv_507 | 7.253925084780331 × 10^299 | 4185 | 76 |
| iv_508 | 9.62718449508557 × 10^299 | 4150 | 74 |
| iv_509 | 9.767600527059394 × 10^299 | 4225 | 87 |
| iv_511 | 7.181140489856016 × 10^296 | 4266 | 80 |

### Input Bits Sorted by Complexity

| Input Bit | Complexity | Occurrences | Output Occurrences |
|:---------:|:----------:|:-----------:|:------------------:|
| iv_511 | 7.181140489856016 × 10^296 | 4266 | 80 |
| iv_497 | 1.670227453881849 × 10^298 | 4144 | 93 |
| iv_498 | 3.32985074467644 × 10^298 | 3945 | 88 |
| iv_499 | 5.862767683815958 × 10^298 | 3955 | 81 |
| iv_500 | 9.864938708370524 × 10^298 | 4124 | 76 |
| iv_502 | 2.6371229970398286 × 10^299 | 3895 | 82 |
| iv_503 | 4.191690064505429 × 10^299 | 4061 | 72 |
| iv_506 | 5.056496407972302 × 10^299 | 3973 | 82 |
| iv_504 | 6.534415167453991 × 10^299 | 3941 | 78 |
| iv_507 | 7.253925084780331 × 10^299 | 4185 | 76 |
| iv_508 | 9.62718449508557 × 10^299 | 4150 | 74 |
| iv_509 | 9.767600527059394 × 10^299 | 4225 | 87 |
| iv_501 | 1.1635789540329799 × 10^300 | 4097 | 73 |

### Input Bits Sorted by Occurrences

| Input Bit | Complexity | Occurrences | Output Occurrences |
|:---------:|:----------:|:-----------:|:------------------:|
| iv_502 | 2.6371229970398286 × 10^299 | 3895 | 82 |
| iv_504 | 6.534415167453991 × 10^299 | 3941 | 78 |
| iv_498 | 3.32985074467644 × 10^298 | 3945 | 88 |
| iv_499 | 5.862767683815958 × 10^298 | 3955 | 81 |
| iv_506 | 5.056496407972302 × 10^299 | 3973 | 82 |
| iv_503 | 4.191690064505429 × 10^299 | 4061 | 72 |
| iv_501 | 1.1635789540329799 × 10^300 | 4097 | 73 |
| iv_500 | 9.864938708370524 × 10^298 | 4124 | 76 |
| iv_497 | 1.670227453881849 × 10^298 | 4144 | 93 |
| iv_508 | 9.62718449508557 × 10^299 | 4150 | 74 |
| iv_507 | 7.253925084780331 × 10^299 | 4185 | 76 |
| iv_509 | 9.767600527059394 × 10^299 | 4225 | 87 |
| iv_511 | 7.181140489856016 × 10^296 | 4266 | 80 |

### Input Bits Sorted by Output Occurrences

| Input Bit | Complexity | Occurrences | Output Occurrences |
|:---------:|:----------:|:-----------:|:------------------:|
| iv_503 | 4.191690064505429 × 10^299 | 4061 | 72 |
| iv_501 | 1.1635789540329799 × 10^300 | 4097 | 73 |
| iv_508 | 9.62718449508557 × 10^299 | 4150 | 74 |
| iv_500 | 9.864938708370524 × 10^298 | 4124 | 76 |
| iv_507 | 7.253925084780331 × 10^299 | 4185 | 76 |
| iv_504 | 6.534415167453991 × 10^299 | 3941 | 78 |
| iv_511 | 7.181140489856016 × 10^296 | 4266 | 80 |
| iv_499 | 5.862767683815958 × 10^298 | 3955 | 81 |
| iv_502 | 2.6371229970398286 × 10^299 | 3895 | 82 |
| iv_506 | 5.056496407972302 × 10^299 | 3973 | 82 |
| iv_509 | 9.767600527059394 × 10^299 | 4225 | 87 |
| iv_498 | 3.32985074467644 × 10^298 | 3945 | 88 |
| iv_497 | 1.670227453881849 × 10^298 | 4144 | 93 |

## Input Bit Co-occurrences

### Input Bit Co-occurrences Sorted by Co-occurrences

| Input Bits | Co-occurrences | Potential Occurrences | Output Co-occurrences | Potential Output Occurrences |
|:----------:|:--------------:|:---------------------:|:---------------------:|:----------------------------:|
| iv_500-iv_511 | 2081 | 4228 | 38 | 80 |
| iv_508-iv_509 | 2076 | 4223 | 40 | 81 |
| iv_507-iv_509 | 2063 | 4284 | 44 | 75 |
| iv_497-iv_507 | 2050 | 4229 | 44 | 81 |
| iv_503-iv_511 | 2035 | 4257 | 35 | 82 |
| iv_497-iv_509 | 2020 | 4329 | 50 | 80 |
| iv_507-iv_511 | 2016 | 4419 | 39 | 78 |
| iv_497-iv_511 | 2010 | 4390 | 47 | 79 |
| iv_500-iv_503 | 1999 | 4187 | 35 | 78 |
| iv_506-iv_507 | 1997 | 4164 | 39 | 80 |
| iv_501-iv_511 | 1996 | 4371 | 37 | 79 |
| iv_500-iv_507 | 1991 | 4327 | 35 | 82 |
| iv_497-iv_500 | 1988 | 4292 | 39 | 91 |

### Input Bit Co-occurrences Sorted by Potential Occurrences

| Input Bits | Co-occurrences | Potential Occurrences | Output Co-occurrences | Potential Output Occurrences |
|:----------:|:--------------:|:---------------------:|:---------------------:|:----------------------------:|
| iv_504-iv_506 | 1878 | 4158 | 42 | 76 |
| iv_499-iv_504 | 1868 | 4160 | 38 | 83 |
| iv_506-iv_507 | 1997 | 4164 | 39 | 80 |
| iv_500-iv_503 | 1999 | 4187 | 35 | 78 |
| iv_498-iv_504 | 1846 | 4194 | 46 | 74 |
| iv_497-iv_506 | 1955 | 4207 | 51 | 73 |
| iv_503-iv_506 | 1913 | 4208 | 39 | 76 |
| iv_501-iv_504 | 1912 | 4214 | 34 | 83 |
| iv_499-iv_508 | 1944 | 4217 | 41 | 73 |
| iv_502-iv_504 | 1809 | 4218 | 42 | 76 |
| iv_498-iv_506 | 1850 | 4218 | 41 | 88 |
| iv_508-iv_509 | 2076 | 4223 | 40 | 81 |
| iv_497-iv_504 | 1929 | 4227 | 50 | 71 |

### Input Bit Output Co-occurrences Sorted by Output Co-occurrences

| Input Bits | Co-occurrences | Potential Occurrences | Output Co-occurrences | Potential Output Occurrences |
|:----------:|:--------------:|:---------------------:|:---------------------:|:----------------------------:|
| iv_498-iv_509 | 1881 | 4408 | 52 | 71 |
| iv_497-iv_502 | 1905 | 4229 | 52 | 71 |
| iv_497-iv_506 | 1955 | 4207 | 51 | 73 |
| iv_497-iv_504 | 1929 | 4227 | 50 | 71 |
| iv_497-iv_498 | 1893 | 4303 | 50 | 81 |
| iv_497-iv_509 | 2020 | 4329 | 50 | 80 |
| iv_498-iv_499 | 1833 | 4234 | 48 | 73 |
| iv_498-iv_508 | 1878 | 4339 | 47 | 68 |
| iv_497-iv_511 | 2010 | 4390 | 47 | 79 |
| iv_502-iv_509 | 1874 | 4372 | 46 | 77 |
| iv_498-iv_502 | 1769 | 4302 | 46 | 78 |
| iv_498-iv_504 | 1846 | 4194 | 46 | 74 |
| iv_502-iv_511 | 1924 | 4313 | 45 | 72 |

### Input Bit Output Co-occurrences Sorted by Potential Output Occurrences

| Input Bits | Co-occurrences | Potential Occurrences | Output Co-occurrences | Potential Output Occurrences |
|:----------:|:--------------:|:---------------------:|:---------------------:|:----------------------------:|
| iv_498-iv_508 | 1878 | 4339 | 47 | 68 |
| iv_503-iv_509 | 1921 | 4444 | 44 | 71 |
| iv_497-iv_504 | 1929 | 4227 | 50 | 71 |
| iv_498-iv_509 | 1881 | 4408 | 52 | 71 |
| iv_497-iv_502 | 1905 | 4229 | 52 | 71 |
| iv_504-iv_508 | 1916 | 4259 | 40 | 72 |
| iv_502-iv_511 | 1924 | 4313 | 45 | 72 |
| iv_498-iv_499 | 1833 | 4234 | 48 | 73 |
| iv_499-iv_500 | 1899 | 4281 | 42 | 73 |
| iv_499-iv_508 | 1944 | 4217 | 41 | 73 |
| iv_497-iv_506 | 1955 | 4207 | 51 | 73 |
| iv_498-iv_504 | 1846 | 4194 | 46 | 74 |
| iv_502-iv_507 | 1903 | 4274 | 42 | 74 |

## Output Bits

### Output Bits in Regular Order

| Rank | Output Bit | Complexity |
|:----:|:----------:|:----------:|
| 1 | ov_001 | 9.190041505498596 × 10^299 |
| 2 | ov_002 | 7.996881015295142 × 10^299 |
| 3 | ov_003 | 6.925683760873911 × 10^299 |
| 4 | ov_004 | 5.967304948128323 × 10^299 |
| 5 | ov_005 | 5.1131006107074435 × 10^299 |
| 6 | ov_006 | 4.354892169474783 × 10^299 |
| 7 | ov_007 | 3.6849355342808683 × 10^299 |
| 8 | ov_008 | 3.0958943851003617 × 10^299 |
| 9 | ov_009 | 2.5808172931717105 × 10^299 |
| 10 | ov_010 | 2.133118313369972 × 10^299 |
| 11 | ov_011 | 1.7465606750099154 × 10^299 |
| 12 | ov_012 | 1.41524321974929 × 10^299 |
| 13 | ov_013 | 1.1335892562838357 × 10^299 |
| 14 | ov_014 | 8.963375221939159 × 10^298 |
| 15 | ov_015 | 6.985349636998464 × 10^298 |
| 16 | ov_016 | 5.355310642772467 × 10^298 |
| 17 | ov_017 | 4.0297347313037106 × 10^298 |
| 18 | ov_018 | 2.9680470446417137 × 10^298 |
| 19 | ov_019 | 2.13259698368278 × 10^298 |
| 20 | ov_020 | 1.488640539527172 × 10^298 |
| 21 | ov_021 | 1.0043277329849753 × 10^298 |
| 22 | ov_022 | 6.50693908174594 × 10^297 |
| 23 | ov_023 | 4.016538804106478 × 10^297 |
| 24 | ov_024 | 2.3399813101988167 × 10^297 |
| 25 | ov_025 | 1.2739047834250476 × 10^297 |
| 26 | ov_026 | 6.436680154800646 × 10^296 |
| 27 | ov_027 | 3.033443996716278 × 10^296 |
| 28 | ov_028 | 1.3571956156955636 × 10^296 |
| 29 | ov_029 | 5.229059601891084 × 10^295 |
| 30 | ov_030 | 1.598387812371667 × 10^295 |
| 31 | ov_031 | 3.117227331448788 × 10^294 |
| 32 | lv_80_m31 | 6.078169216905848 × 10^293 |
| 33 | ov_033 | 7.320559957257107 × 10^294 |
| 34 | ov_034 | 6.356380894464387 × 10^294 |
| 35 | ov_035 | 5.4926537430923544 × 10^294 |
| 36 | ov_036 | 4.7215235245887155 × 10^294 |
| 37 | ov_037 | 4.035563880080445 × 10^294 |
| 38 | ov_038 | 3.4277469583444564 × 10^294 |
| 39 | ov_039 | 2.8914172572814193 × 10^294 |
| 40 | ov_040 | 2.4202690437854973 × 10^294 |
| 41 | ov_041 | 2.0083269997769148 × 10^294 |
| 42 | ov_042 | 1.6499297638518788 × 10^294 |
| 43 | ov_043 | 1.3423232581604411 × 10^294 |
| 44 | ov_044 | 1.0804347122867088 × 10^294 |
| 45 | ov_045 | 8.594703099797406 × 10^293 |
| 46 | ov_046 | 6.7490740771613695 × 10^293 |
| 47 | ov_047 | 5.224882893368614 × 10^293 |
| 48 | ov_048 | 3.982152387077582 × 10^293 |
| 49 | ov_049 | 2.9834672918527266 × 10^293 |
| 50 | ov_050 | 2.1939454519033956 × 10^293 |
| 51 | ov_051 | 1.5812166747281622 × 10^293 |
| 52 | ov_052 | 1.115407697457144 × 10^293 |
| 53 | ov_053 | 7.691319033328371 × 10^292 |
| 54 | ov_054 | 5.174825835116252 × 10^292 |
| 55 | ov_055 | 3.380286975283161 × 10^292 |
| 56 | ov_056 | 2.1081227943550654 × 10^292 |
| 57 | ov_057 | 1.264723704395223 × 10^292 |
| 58 | ov_058 | 6.99931922715333 × 10^291 |
| 59 | ov_059 | 3.448444512538862 × 10^291 |
| 60 | ov_060 | 1.4290867870830017 × 10^291 |
| 61 | ov_061 | 4.992186446839515 × 10^290 |
| 62 | ov_062 | 1.3695742580927088 × 10^290 |
| 63 | ov_063 | 2.6697086018232323 × 10^289 |
| 64 | lv_79_m31 | 5.2030183975136085 × 10^288 |
| 65 | ov_065 | 6.262608407492069 × 10^289 |
| 66 | ov_066 | 6.262589826649242 × 10^289 |
| 67 | ov_067 | 6.262585279372134 × 10^289 |
| 68 | ov_068 | 5.430626703870149 × 10^289 |
| 69 | ov_069 | 4.686715372907591 × 10^289 |
| 70 | ov_070 | 4.023812175868086 × 10^289 |
| 71 | ov_071 | 3.435310934771461 × 10^289 |
| 72 | ov_072 | 2.9150090944210614 × 10^289 |
| 73 | ov_073 | 2.4570810077934346 × 10^289 |
| 74 | ov_074 | 2.0560536783462606 × 10^289 |
| 75 | ov_075 | 1.7067848263834632 × 10^289 |
| 76 | ov_076 | 1.4044431511355331 × 10^289 |
| 77 | ov_077 | 1.1444906639043408 × 10^289 |
| 78 | ov_078 | 9.226669705933832 × 10^288 |
| 79 | ov_079 | 7.349753842975537 × 10^288 |
| 80 | ov_080 | 5.77670750454424 × 10^288 |
| 81 | ov_081 | 4.472488684476918 × 10^288 |
| 82 | ov_082 | 3.404373945813783 × 10^288 |
| 83 | ov_083 | 2.5418811208161525 × 10^288 |
| 84 | ov_084 | 1.856704542951249 × 10^288 |
| 85 | ov_085 | 1.322661675959925 × 10^288 |
| 86 | ov_086 | 9.156500073346805 × 10^287 |
| 87 | ov_087 | 6.136130749235404 × 10^287 |
| 88 | ov_088 | 3.96514496221878 × 10^287 |
| 89 | ov_089 | 2.463188704047847 × 10^287 |
| 90 | ov_090 | 1.469784234132854 × 10^287 |
| 91 | ov_091 | 8.442426653269372 × 10^286 |
| 92 | ov_092 | 4.656114842021246 × 10^286 |
| 93 | ov_093 | 2.3264636366094803 × 10^286 |
| 94 | ov_094 | 9.964986350081582 × 10^285 |
| 95 | aaa_78_28 | 3.077019265083696 × 10^285 |
| 96 | aaa_78_29 | 9.449332374790281 × 10^284 |
| 97 | ov_097 | 6.2379801143470895 × 10^284 |
| 98 | ov_098 | 6.237792715432041 × 10^284 |
| 99 | ov_099 | 6.237732801882355 × 10^284 |
| 100 | ov_100 | 5.612333979752024 × 10^284 |
| 101 | ov_101 | 5.0332717215032445 × 10^284 |
| 102 | ov_102 | 4.497979937551409 × 10^284 |
| 103 | ov_103 | 4.0040787889096225 × 10^284 |
| 104 | ov_104 | 3.549351077615773 × 10^284 |
| 105 | ov_105 | 3.1317207498070526 × 10^284 |
| 106 | ov_106 | 2.7492334007304143 × 10^284 |
| 107 | ov_107 | 2.4000386751705344 × 10^284 |
| 108 | ov_108 | 2.0823744601946326 × 10^284 |
| 109 | ov_109 | 1.7945527698585312 × 10^284 |
| 110 | ov_110 | 1.5349472236811817 × 10^284 |
| 111 | ov_111 | 1.3019820223625133 × 10^284 |
| 112 | ov_112 | 1.094122325472243 × 10^284 |
| 113 | ov_113 | 9.098659367494482 × 10^283 |
| 114 | ov_114 | 7.477362032917499 × 10^283 |
| 115 | ov_115 | 6.062760353402348 × 10^283 |
| 116 | ov_116 | 4.840429536365507 × 10^283 |
| 117 | ov_117 | 3.7960507148992614 × 10^283 |
| 118 | ov_118 | 2.9153791878361415 × 10^283 |
| 119 | ov_119 | 2.1842201520118876 × 10^283 |
| 120 | ov_120 | 1.588410999814595 × 10^283 |
| 121 | ov_121 | 1.1138092552661636 × 10^283 |
| 122 | ov_122 | 7.462848067352063 × 10^282 |
| 123 | ov_123 | 4.7171479501411557 × 10^282 |
| 124 | ov_124 | 2.759801623913995 × 10^282 |
| 125 | ov_125 | 1.449635128521262 × 10^282 |
| 126 | ov_126 | 6.4548019488930526 × 10^281 |
| 127 | aaa_77_28 | 2.0617004640437873 × 10^281 |
| 128 | aaa_77_29 | 7.732240557205683 × 10^280 |
| 129 | ov_129 | 7.224328088167046 × 10^280 |
| 130 | ov_130 | 7.22430784996261 × 10^280 |
| 131 | ov_131 | 7.2243029518723315 × 10^280 |
| 132 | ov_132 | 6.278123655258372 × 10^280 |
| 133 | ov_133 | 5.429264978283704 × 10^280 |
| 134 | ov_134 | 4.6704281865175 × 10^280 |
| 135 | ov_135 | 3.994710029843083 × 10^280 |
| 136 | ov_136 | 3.3955745329512686 × 10^280 |
| 137 | ov_137 | 2.866828572062529 × 10^280 |
| 138 | ov_138 | 2.402600885358452 × 10^280 |
| 139 | ov_139 | 1.9973241828199745 × 10^280 |
| 140 | ov_140 | 1.645720038810678 × 10^280 |
| 141 | ov_141 | 1.3427862679293998 × 10^280 |
| 142 | ov_142 | 1.0837865014908504 × 10^280 |
| 143 | ov_143 | 8.642416985628603 × 10^279 |
| 144 | ov_144 | 6.799233418656853 × 10^279 |
| 145 | ov_145 | 5.268480850798922 × 10^279 |
| 146 | ov_146 | 4.012736342590011 × 10^279 |
| 147 | ov_147 | 2.9969566213385644 × 10^279 |
| 148 | ov_148 | 2.1884557015001466 × 10^279 |
| 149 | ov_149 | 1.556889291114102 × 10^279 |
| 150 | ov_150 | 1.0742444532166604 × 10^279 |
| 151 | ov_151 | 7.14833151235764 × 10^278 |
| 152 | ov_152 | 4.552884674058628 × 10^278 |
| 153 | ov_153 | 2.7456248892518615 × 10^278 |
| 154 | ov_154 | 1.5392514361987358 × 10^278 |
| 155 | ov_155 | 7.696354700726369 × 10^277 |
| 156 | aaa_76_25 | 2.9581646922466015 × 10^277 |
| 157 | aaa_76_26 | 1.7091969071937926 × 10^277 |
| 158 | aaa_76_27 | 8.754615917056458 × 10^276 |
| 159 | aaa_76_28 | 3.411342649180282 × 10^276 |
| 160 | aaa_76_29 | 1.0383005400181348 × 10^276 |

### Output Bits Sorted by Complexity

| Rank | Output Bit | Complexity |
|:----:|:----------:|:----------:|
| 160 | aaa_76_29 | 1.0383005400181348 × 10^276 |
| 159 | aaa_76_28 | 3.411342649180282 × 10^276 |
| 158 | aaa_76_27 | 8.754615917056458 × 10^276 |
| 157 | aaa_76_26 | 1.7091969071937926 × 10^277 |
| 156 | aaa_76_25 | 2.9581646922466015 × 10^277 |
| 155 | ov_155 | 7.696354700726369 × 10^277 |
| 154 | ov_154 | 1.5392514361987358 × 10^278 |
| 153 | ov_153 | 2.7456248892518615 × 10^278 |
| 152 | ov_152 | 4.552884674058628 × 10^278 |
| 151 | ov_151 | 7.14833151235764 × 10^278 |
| 150 | ov_150 | 1.0742444532166604 × 10^279 |
| 149 | ov_149 | 1.556889291114102 × 10^279 |
| 148 | ov_148 | 2.1884557015001466 × 10^279 |
| 147 | ov_147 | 2.9969566213385644 × 10^279 |
| 146 | ov_146 | 4.012736342590011 × 10^279 |
| 145 | ov_145 | 5.268480850798922 × 10^279 |
| 144 | ov_144 | 6.799233418656853 × 10^279 |
| 143 | ov_143 | 8.642416985628603 × 10^279 |
| 142 | ov_142 | 1.0837865014908504 × 10^280 |
| 141 | ov_141 | 1.3427862679293998 × 10^280 |
| 140 | ov_140 | 1.645720038810678 × 10^280 |
| 139 | ov_139 | 1.9973241828199745 × 10^280 |
| 138 | ov_138 | 2.402600885358452 × 10^280 |
| 137 | ov_137 | 2.866828572062529 × 10^280 |
| 136 | ov_136 | 3.3955745329512686 × 10^280 |
| 135 | ov_135 | 3.994710029843083 × 10^280 |
| 134 | ov_134 | 4.6704281865175 × 10^280 |
| 133 | ov_133 | 5.429264978283704 × 10^280 |
| 132 | ov_132 | 6.278123655258372 × 10^280 |
| 131 | ov_131 | 7.2243029518723315 × 10^280 |
| 130 | ov_130 | 7.22430784996261 × 10^280 |
| 129 | ov_129 | 7.224328088167046 × 10^280 |
| 128 | aaa_77_29 | 7.732240557205683 × 10^280 |
| 127 | aaa_77_28 | 2.0617004640437873 × 10^281 |
| 126 | ov_126 | 6.4548019488930526 × 10^281 |
| 125 | ov_125 | 1.449635128521262 × 10^282 |
| 124 | ov_124 | 2.759801623913995 × 10^282 |
| 123 | ov_123 | 4.7171479501411557 × 10^282 |
| 122 | ov_122 | 7.462848067352063 × 10^282 |
| 121 | ov_121 | 1.1138092552661636 × 10^283 |
| 120 | ov_120 | 1.588410999814595 × 10^283 |
| 119 | ov_119 | 2.1842201520118876 × 10^283 |
| 118 | ov_118 | 2.9153791878361415 × 10^283 |
| 117 | ov_117 | 3.7960507148992614 × 10^283 |
| 116 | ov_116 | 4.840429536365507 × 10^283 |
| 115 | ov_115 | 6.062760353402348 × 10^283 |
| 114 | ov_114 | 7.477362032917499 × 10^283 |
| 113 | ov_113 | 9.098659367494482 × 10^283 |
| 112 | ov_112 | 1.094122325472243 × 10^284 |
| 111 | ov_111 | 1.3019820223625133 × 10^284 |
| 110 | ov_110 | 1.5349472236811817 × 10^284 |
| 109 | ov_109 | 1.7945527698585312 × 10^284 |
| 108 | ov_108 | 2.0823744601946326 × 10^284 |
| 107 | ov_107 | 2.4000386751705344 × 10^284 |
| 106 | ov_106 | 2.7492334007304143 × 10^284 |
| 105 | ov_105 | 3.1317207498070526 × 10^284 |
| 104 | ov_104 | 3.549351077615773 × 10^284 |
| 103 | ov_103 | 4.0040787889096225 × 10^284 |
| 102 | ov_102 | 4.497979937551409 × 10^284 |
| 101 | ov_101 | 5.0332717215032445 × 10^284 |
| 100 | ov_100 | 5.612333979752024 × 10^284 |
| 99 | ov_099 | 6.237732801882355 × 10^284 |
| 98 | ov_098 | 6.237792715432041 × 10^284 |
| 97 | ov_097 | 6.2379801143470895 × 10^284 |
| 96 | aaa_78_29 | 9.449332374790281 × 10^284 |
| 95 | aaa_78_28 | 3.077019265083696 × 10^285 |
| 94 | ov_094 | 9.964986350081582 × 10^285 |
| 93 | ov_093 | 2.3264636366094803 × 10^286 |
| 92 | ov_092 | 4.656114842021246 × 10^286 |
| 91 | ov_091 | 8.442426653269372 × 10^286 |
| 90 | ov_090 | 1.469784234132854 × 10^287 |
| 89 | ov_089 | 2.463188704047847 × 10^287 |
| 88 | ov_088 | 3.96514496221878 × 10^287 |
| 87 | ov_087 | 6.136130749235404 × 10^287 |
| 86 | ov_086 | 9.156500073346805 × 10^287 |
| 85 | ov_085 | 1.322661675959925 × 10^288 |
| 84 | ov_084 | 1.856704542951249 × 10^288 |
| 83 | ov_083 | 2.5418811208161525 × 10^288 |
| 82 | ov_082 | 3.404373945813783 × 10^288 |
| 81 | ov_081 | 4.472488684476918 × 10^288 |
| 64 | lv_79_m31 | 5.2030183975136085 × 10^288 |
| 80 | ov_080 | 5.77670750454424 × 10^288 |
| 79 | ov_079 | 7.349753842975537 × 10^288 |
| 78 | ov_078 | 9.226669705933832 × 10^288 |
| 77 | ov_077 | 1.1444906639043408 × 10^289 |
| 76 | ov_076 | 1.4044431511355331 × 10^289 |
| 75 | ov_075 | 1.7067848263834632 × 10^289 |
| 74 | ov_074 | 2.0560536783462606 × 10^289 |
| 73 | ov_073 | 2.4570810077934346 × 10^289 |
| 63 | ov_063 | 2.6697086018232323 × 10^289 |
| 72 | ov_072 | 2.9150090944210614 × 10^289 |
| 71 | ov_071 | 3.435310934771461 × 10^289 |
| 70 | ov_070 | 4.023812175868086 × 10^289 |
| 69 | ov_069 | 4.686715372907591 × 10^289 |
| 68 | ov_068 | 5.430626703870149 × 10^289 |
| 67 | ov_067 | 6.262585279372134 × 10^289 |
| 66 | ov_066 | 6.262589826649242 × 10^289 |
| 65 | ov_065 | 6.262608407492069 × 10^289 |
| 62 | ov_062 | 1.3695742580927088 × 10^290 |
| 61 | ov_061 | 4.992186446839515 × 10^290 |
| 60 | ov_060 | 1.4290867870830017 × 10^291 |
| 59 | ov_059 | 3.448444512538862 × 10^291 |
| 58 | ov_058 | 6.99931922715333 × 10^291 |
| 57 | ov_057 | 1.264723704395223 × 10^292 |
| 56 | ov_056 | 2.1081227943550654 × 10^292 |
| 55 | ov_055 | 3.380286975283161 × 10^292 |
| 54 | ov_054 | 5.174825835116252 × 10^292 |
| 53 | ov_053 | 7.691319033328371 × 10^292 |
| 52 | ov_052 | 1.115407697457144 × 10^293 |
| 51 | ov_051 | 1.5812166747281622 × 10^293 |
| 50 | ov_050 | 2.1939454519033956 × 10^293 |
| 49 | ov_049 | 2.9834672918527266 × 10^293 |
| 48 | ov_048 | 3.982152387077582 × 10^293 |
| 47 | ov_047 | 5.224882893368614 × 10^293 |
| 32 | lv_80_m31 | 6.078169216905848 × 10^293 |
| 46 | ov_046 | 6.7490740771613695 × 10^293 |
| 45 | ov_045 | 8.594703099797406 × 10^293 |
| 44 | ov_044 | 1.0804347122867088 × 10^294 |
| 43 | ov_043 | 1.3423232581604411 × 10^294 |
| 42 | ov_042 | 1.6499297638518788 × 10^294 |
| 41 | ov_041 | 2.0083269997769148 × 10^294 |
| 40 | ov_040 | 2.4202690437854973 × 10^294 |
| 39 | ov_039 | 2.8914172572814193 × 10^294 |
| 31 | ov_031 | 3.117227331448788 × 10^294 |
| 38 | ov_038 | 3.4277469583444564 × 10^294 |
| 37 | ov_037 | 4.035563880080445 × 10^294 |
| 36 | ov_036 | 4.7215235245887155 × 10^294 |
| 35 | ov_035 | 5.4926537430923544 × 10^294 |
| 34 | ov_034 | 6.356380894464387 × 10^294 |
| 33 | ov_033 | 7.320559957257107 × 10^294 |
| 30 | ov_030 | 1.598387812371667 × 10^295 |
| 29 | ov_029 | 5.229059601891084 × 10^295 |
| 28 | ov_028 | 1.3571956156955636 × 10^296 |
| 27 | ov_027 | 3.033443996716278 × 10^296 |
| 26 | ov_026 | 6.436680154800646 × 10^296 |
| 25 | ov_025 | 1.2739047834250476 × 10^297 |
| 24 | ov_024 | 2.3399813101988167 × 10^297 |
| 23 | ov_023 | 4.016538804106478 × 10^297 |
| 22 | ov_022 | 6.50693908174594 × 10^297 |
| 21 | ov_021 | 1.0043277329849753 × 10^298 |
| 20 | ov_020 | 1.488640539527172 × 10^298 |
| 19 | ov_019 | 2.13259698368278 × 10^298 |
| 18 | ov_018 | 2.9680470446417137 × 10^298 |
| 17 | ov_017 | 4.0297347313037106 × 10^298 |
| 16 | ov_016 | 5.355310642772467 × 10^298 |
| 15 | ov_015 | 6.985349636998464 × 10^298 |
| 14 | ov_014 | 8.963375221939159 × 10^298 |
| 13 | ov_013 | 1.1335892562838357 × 10^299 |
| 12 | ov_012 | 1.41524321974929 × 10^299 |
| 11 | ov_011 | 1.7465606750099154 × 10^299 |
| 10 | ov_010 | 2.133118313369972 × 10^299 |
| 9 | ov_009 | 2.5808172931717105 × 10^299 |
| 8 | ov_008 | 3.0958943851003617 × 10^299 |
| 7 | ov_007 | 3.6849355342808683 × 10^299 |
| 6 | ov_006 | 4.354892169474783 × 10^299 |
| 5 | ov_005 | 5.1131006107074435 × 10^299 |
| 4 | ov_004 | 5.967304948128323 × 10^299 |
| 3 | ov_003 | 6.925683760873911 × 10^299 |
| 2 | ov_002 | 7.996881015295142 × 10^299 |
| 1 | ov_001 | 9.190041505498596 × 10^299 |

