# Results for F001-F002-F003-F004-F005-F006-F007-F008-F009-F010-F011-F012-F013-F014-F015-F016-F017-F018-F019-F020-F021-F022-F023-F024-F025-F026-F027-F028-F029-F030-F031-F032-F033-F034-F035-F036-F037-F038-F039-F040-F041-F042-F043-F044-F045-F046-F047-F048-F049-F050-F051-F052-F053-F054-F055-F056-F057-F058-F059-F060-F061-F062-F063-F064-F065-F066-F067-F068-F069-F070-F071-F072-F073-F074-F075-F076-F077-F078-F079-F080-F081-F082-F083-F084-F085-F086-F087-F088-F089-F090-F091-F092-F093-F094-F095-F096-F097-F098-F099-F100-F101-F102-F103-F104-F105-F106-F107-F108-F109-F110-F111-F112-F113-F114-F115-F116-F117-F118-F119-F120-F121-F122-F123-F124-F125-F126-F127-F128-F129-F130-F131-F132-F133-F134-F135-F136-F137-F138-F139-F140-F141-F142-F143-F144-F145-F146-F147-F148-F149-F150-F151-F152-F153-F154-F155-F156-F157-F158-F159-F160-F161-F162-F163-F164-F165-F166-F167-F168-F169-F170-F171-F172-F173-F174-F175-F176-F177-F178-F179-F180-F181-F182-F183-F184-F185-F186-F187-F188-F189-F190-F191-F192-F193-F194-F195-F196-F197-F198-F199-F200-F201-F202-F203-F204-F205-F206-F207-F208-F209-F210-F211-F212-F213-F214-F215-F216-F217-F218-F219-F220-F221-F222-F223-F224-F225-F226-F227-F228-F229-F230-F231-F232-F233-F234-F235-F236-F237-F238-F239-F240-F241-F242-F243-F244-F245-F246-F247-F248-F249-F250-F251-F252-F253-F254-F255-F256-F257-F258-F259-F260-F261-F262-F263-F264-F265-F266-F267-F268-F269-F270-F271-F272-F273-F274-F275-F276-F277-F278-F279-F280-F281-F282-F283-F284-F285-F286-F287-F288-F289-F290-F291-F292-F293-F294-F295-F296-F297-F298-F299-F300-F301-F302-F303-F304-F305-F306-F307-F308-F309-F310-F311-F312-F313-F314-F315-F316-F317-F318-F319-F320-F321-F322-F323-F324-F325-F326-F327-F328-F329-F330-F331-F332-F333-F334-F335-F336-F337-F338-F339-F340-F341-F342-F343-F344-F345-F346-F347-F348-F349-F350-F351-F352-F353-F354-F355-F356-F357-F358-F359-F360-F361-F362-F363-F364-F365-F366-F367-F368-F369-F370-F371-F372-F373-F374-F375-F376-F377-F378-F379-F380-F381-F382-F383-F384-F385-F386-F387-F388-F389-F390-F391-F392-F393-F394-F395-F396-F397-F398-F399-F400-F401-F402-F403-F404-F405-F406-F407-F408-F409-F410-F411-F412-F413-F414-F415-F416-F417-F418-F419-F420-F421-F422-F423-F424-F425-F426-F427-F428-F429-F430-F431-F432-F433-F434-F435-F436-F437-F438-F439-F440-F441-F442-F443-F444-F445-F446-F447-F448-F449-F450-F451-F452-F453-F454-F455-F456-F457-F458-F459-F460-F461-F462-F463-F464-F465-F466-F467-F468-F469-F470-F471-F472-F473-F474-F475-F476-F477-F478-F479-F480-F481-F482-F483-F484-F485-F486-F487-F488-F489-F490-F491-F492-F493-F494-F495-F496-F497-O498499-F512

## Summary

Number of input bits: 512  
Number of free input bits: 13  
Number of output bits: 160

Number of direct occurrences: 53674  
Number of assignments: 31764  
Number of operations: 11301859
(xor: 11273131,
and: 15174,
or: 13554)

Total complexity: 4.542342452999627 × 10^302

Least occurring input variable: iv_502 (3892)  
Most occurring input variable: iv_510 (4345)

Most co-occurring input variables: iv_509-iv_510 (2150)  
Least co-occurring input variables: iv_502-iv_504 (1789)

Potentially most occurring input variable: iv_498/iv_510 (4643)  
Potentially least occurring input variable: iv_504/iv_508 (4170)

Least output occurring input variable: iv_504 (72)  
Most output occurring input variable: iv_510 (92)

Most output co-occurring input variables: iv_505-iv_510 (57)  
Least output co-occurring input variables: iv_498-iv_511 (29)

Potentially most output occurring input variable: iv_498/iv_510 (93)  
Potentially least output occurring input variable: iv_505/iv_510 (65)

Least complex input bit: iv_511 (9.003142153601918 × 10^298)  
Most complex input bit: iv_510 (1.1419532628902584 × 10^302)

Least complex output bit: aaa_76_29 (2.9430750788318276 × 10^277)  
Most complex output bit: ov_001 (7.105242414436413 × 10^301)

Least complex input/output complexity: iv_511/aaa_76_29 (5.833316967536942 × 10^273)  
Most complex input/output complexity: iv_510/ov_001 (1.7862710358691183 × 10^301)

## Input Bits

### Input Bits in Regular Order

| Input Bit | Complexity | Occurrences | Output Occurrences |
|:---------:|:----------:|:-----------:|:------------------:|
| iv_498 | 1.1662679789328492 × 10^300 | 4286 | 73 |
| iv_500 | 1.7508782426839456 × 10^300 | 4145 | 84 |
| iv_501 | 3.33377251824263 × 10^300 | 4073 | 79 |
| iv_502 | 5.8323284471761304 × 10^300 | 3892 | 84 |
| iv_503 | 9.709293319707504 × 10^300 | 4203 | 74 |
| iv_504 | 1.5573770828581616 × 10^301 | 3954 | 72 |
| iv_505 | 2.4251801735631585 × 10^301 | 3964 | 87 |
| iv_506 | 3.682570078669663 × 10^301 | 3986 | 82 |
| iv_507 | 5.473871200153556 × 10^301 | 4200 | 76 |
| iv_508 | 7.841509867761571 × 10^301 | 4150 | 82 |
| iv_509 | 1.0835126305259705 × 10^302 | 4241 | 80 |
| iv_510 | 1.1419532628902584 × 10^302 | 4345 | 92 |
| iv_511 | 9.003142153601918 × 10^298 | 4235 | 78 |

### Input Bits Sorted by Complexity

| Input Bit | Complexity | Occurrences | Output Occurrences |
|:---------:|:----------:|:-----------:|:------------------:|
| iv_511 | 9.003142153601918 × 10^298 | 4235 | 78 |
| iv_498 | 1.1662679789328492 × 10^300 | 4286 | 73 |
| iv_500 | 1.7508782426839456 × 10^300 | 4145 | 84 |
| iv_501 | 3.33377251824263 × 10^300 | 4073 | 79 |
| iv_502 | 5.8323284471761304 × 10^300 | 3892 | 84 |
| iv_503 | 9.709293319707504 × 10^300 | 4203 | 74 |
| iv_504 | 1.5573770828581616 × 10^301 | 3954 | 72 |
| iv_505 | 2.4251801735631585 × 10^301 | 3964 | 87 |
| iv_506 | 3.682570078669663 × 10^301 | 3986 | 82 |
| iv_507 | 5.473871200153556 × 10^301 | 4200 | 76 |
| iv_508 | 7.841509867761571 × 10^301 | 4150 | 82 |
| iv_509 | 1.0835126305259705 × 10^302 | 4241 | 80 |
| iv_510 | 1.1419532628902584 × 10^302 | 4345 | 92 |

### Input Bits Sorted by Occurrences

| Input Bit | Complexity | Occurrences | Output Occurrences |
|:---------:|:----------:|:-----------:|:------------------:|
| iv_502 | 5.8323284471761304 × 10^300 | 3892 | 84 |
| iv_504 | 1.5573770828581616 × 10^301 | 3954 | 72 |
| iv_505 | 2.4251801735631585 × 10^301 | 3964 | 87 |
| iv_506 | 3.682570078669663 × 10^301 | 3986 | 82 |
| iv_501 | 3.33377251824263 × 10^300 | 4073 | 79 |
| iv_500 | 1.7508782426839456 × 10^300 | 4145 | 84 |
| iv_508 | 7.841509867761571 × 10^301 | 4150 | 82 |
| iv_507 | 5.473871200153556 × 10^301 | 4200 | 76 |
| iv_503 | 9.709293319707504 × 10^300 | 4203 | 74 |
| iv_511 | 9.003142153601918 × 10^298 | 4235 | 78 |
| iv_509 | 1.0835126305259705 × 10^302 | 4241 | 80 |
| iv_498 | 1.1662679789328492 × 10^300 | 4286 | 73 |
| iv_510 | 1.1419532628902584 × 10^302 | 4345 | 92 |

### Input Bits Sorted by Output Occurrences

| Input Bit | Complexity | Occurrences | Output Occurrences |
|:---------:|:----------:|:-----------:|:------------------:|
| iv_504 | 1.5573770828581616 × 10^301 | 3954 | 72 |
| iv_498 | 1.1662679789328492 × 10^300 | 4286 | 73 |
| iv_503 | 9.709293319707504 × 10^300 | 4203 | 74 |
| iv_507 | 5.473871200153556 × 10^301 | 4200 | 76 |
| iv_511 | 9.003142153601918 × 10^298 | 4235 | 78 |
| iv_501 | 3.33377251824263 × 10^300 | 4073 | 79 |
| iv_509 | 1.0835126305259705 × 10^302 | 4241 | 80 |
| iv_508 | 7.841509867761571 × 10^301 | 4150 | 82 |
| iv_506 | 3.682570078669663 × 10^301 | 3986 | 82 |
| iv_500 | 1.7508782426839456 × 10^300 | 4145 | 84 |
| iv_502 | 5.8323284471761304 × 10^300 | 3892 | 84 |
| iv_505 | 2.4251801735631585 × 10^301 | 3964 | 87 |
| iv_510 | 1.1419532628902584 × 10^302 | 4345 | 92 |

## Input Bit Co-occurrences

### Input Bit Co-occurrences Sorted by Co-occurrences

| Input Bits | Co-occurrences | Potential Occurrences | Output Co-occurrences | Potential Output Occurrences |
|:----------:|:--------------:|:---------------------:|:---------------------:|:----------------------------:|
| iv_509-iv_510 | 2150 | 4286 | 45 | 82 |
| iv_510-iv_511 | 2110 | 4360 | 47 | 76 |
| iv_500-iv_510 | 2109 | 4272 | 54 | 68 |
| iv_503-iv_510 | 2075 | 4398 | 45 | 76 |
| iv_509-iv_511 | 2067 | 4342 | 38 | 82 |
| iv_507-iv_508 | 2065 | 4220 | 43 | 72 |
| iv_500-iv_511 | 2064 | 4252 | 38 | 86 |
| iv_508-iv_510 | 2061 | 4373 | 46 | 82 |
| iv_501-iv_511 | 2061 | 4186 | 41 | 75 |
| iv_503-iv_511 | 2060 | 4318 | 37 | 78 |
| iv_508-iv_511 | 2060 | 4265 | 39 | 82 |
| iv_503-iv_507 | 2059 | 4285 | 38 | 74 |
| iv_503-iv_508 | 2051 | 4251 | 43 | 70 |

### Input Bit Co-occurrences Sorted by Potential Occurrences

| Input Bits | Co-occurrences | Potential Occurrences | Output Co-occurrences | Potential Output Occurrences |
|:----------:|:--------------:|:---------------------:|:---------------------:|:----------------------------:|
| iv_504-iv_508 | 1967 | 4170 | 37 | 80 |
| iv_506-iv_507 | 2000 | 4186 | 39 | 80 |
| iv_501-iv_511 | 2061 | 4186 | 41 | 75 |
| iv_502-iv_506 | 1845 | 4188 | 48 | 70 |
| iv_504-iv_505 | 1863 | 4192 | 42 | 75 |
| iv_502-iv_505 | 1827 | 4202 | 41 | 89 |
| iv_504-iv_506 | 1868 | 4204 | 35 | 84 |
| iv_502-iv_508 | 1913 | 4216 | 40 | 86 |
| iv_501-iv_505 | 1910 | 4217 | 43 | 80 |
| iv_505-iv_510 | 2045 | 4219 | 57 | 65 |
| iv_507-iv_508 | 2065 | 4220 | 43 | 72 |
| iv_500-iv_505 | 1944 | 4221 | 50 | 71 |
| iv_506-iv_508 | 1953 | 4230 | 47 | 70 |

### Input Bit Output Co-occurrences Sorted by Output Co-occurrences

| Input Bits | Co-occurrences | Potential Occurrences | Output Co-occurrences | Potential Output Occurrences |
|:----------:|:--------------:|:---------------------:|:---------------------:|:----------------------------:|
| iv_505-iv_510 | 2045 | 4219 | 57 | 65 |
| iv_500-iv_510 | 2109 | 4272 | 54 | 68 |
| iv_502-iv_510 | 1937 | 4363 | 51 | 74 |
| iv_500-iv_505 | 1944 | 4221 | 50 | 71 |
| iv_501-iv_510 | 1973 | 4472 | 48 | 75 |
| iv_502-iv_506 | 1845 | 4188 | 48 | 70 |
| iv_506-iv_508 | 1953 | 4230 | 47 | 70 |
| iv_510-iv_511 | 2110 | 4360 | 47 | 76 |
| iv_503-iv_505 | 1961 | 4245 | 47 | 67 |
| iv_500-iv_509 | 2035 | 4316 | 46 | 72 |
| iv_508-iv_510 | 2061 | 4373 | 46 | 82 |
| iv_505-iv_511 | 1914 | 4371 | 46 | 73 |
| iv_505-iv_506 | 1843 | 4264 | 46 | 77 |

### Input Bit Output Co-occurrences Sorted by Potential Output Occurrences

| Input Bits | Co-occurrences | Potential Occurrences | Output Co-occurrences | Potential Output Occurrences |
|:----------:|:--------------:|:---------------------:|:---------------------:|:----------------------------:|
| iv_505-iv_510 | 2045 | 4219 | 57 | 65 |
| iv_504-iv_507 | 1935 | 4284 | 41 | 66 |
| iv_503-iv_505 | 1961 | 4245 | 47 | 67 |
| iv_500-iv_510 | 2109 | 4272 | 54 | 68 |
| iv_502-iv_506 | 1845 | 4188 | 48 | 70 |
| iv_503-iv_508 | 2051 | 4251 | 43 | 70 |
| iv_506-iv_508 | 1953 | 4230 | 47 | 70 |
| iv_500-iv_505 | 1944 | 4221 | 50 | 71 |
| iv_500-iv_509 | 2035 | 4316 | 46 | 72 |
| iv_507-iv_508 | 2065 | 4220 | 43 | 72 |
| iv_500-iv_501 | 1966 | 4286 | 45 | 73 |
| iv_505-iv_511 | 1914 | 4371 | 46 | 73 |
| iv_498-iv_500 | 1955 | 4521 | 42 | 73 |

## Output Bits

### Output Bits in Regular Order

| Rank | Output Bit | Complexity |
|:----:|:----------:|:----------:|
| 1 | ov_001 | 7.105242414436413 × 10^301 |
| 2 | ov_002 | 6.182447462482598 × 10^301 |
| 3 | ov_003 | 5.353981616147974 × 10^301 |
| 4 | ov_004 | 4.6127763230866393 × 10^301 |
| 5 | ov_005 | 3.9521491844541204 × 10^301 |
| 6 | ov_006 | 3.3657766910804194 × 10^301 |
| 7 | ov_007 | 2.847670531243227 × 10^301 |
| 8 | ov_008 | 2.3921571401307345 × 10^301 |
| 9 | ov_009 | 1.9938601787076323 × 10^301 |
| 10 | ov_010 | 1.6476856466831484 × 10^301 |
| 11 | ov_011 | 1.3488093507418718 × 10^301 |
| 12 | ov_012 | 1.0926664652371413 × 10^301 |
| 13 | ov_013 | 8.749429382498021 × 10^300 |
| 14 | ov_014 | 6.915685113559611 × 10^300 |
| 15 | ov_015 | 5.387111366882403 × 10^300 |
| 16 | ov_016 | 4.127725899671375 × 10^300 |
| 17 | ov_017 | 3.1038509316400114 × 10^300 |
| 18 | ov_018 | 2.2840877536743757 × 10^300 |
| 19 | ov_019 | 1.639298152855347 × 10^300 |
| 20 | ov_020 | 1.1425912364512058 × 10^300 |
| 21 | ov_021 | 7.69314385586926 × 10^299 |
| 22 | ov_022 | 4.970472172765545 × 10^299 |
| 23 | ov_023 | 3.055976237729802 × 10^299 |
| 24 | ov_024 | 1.7699922388693535 × 10^299 |
| 25 | ov_025 | 9.550979888548247 × 10^298 |
| 26 | ov_026 | 4.761041110447983 × 10^298 |
| 27 | ov_027 | 2.2004968293127388 × 10^298 |
| 28 | ov_028 | 9.620045681090889 × 10^297 |
| 29 | ov_029 | 3.604828659110801 × 10^297 |
| 30 | ov_030 | 1.0895594843047701 × 10^297 |
| 31 | ov_031 | 2.411446012657493 × 10^296 |
| 32 | lv_80_m31 | 4.701163057785621 × 10^295 |
| 33 | ov_033 | 5.6454615319868745 × 10^296 |
| 34 | ov_034 | 4.899136189754977 × 10^296 |
| 35 | ov_035 | 4.2303606905528475 × 10^296 |
| 36 | ov_036 | 3.6332596556238563 × 10^296 |
| 37 | ov_037 | 3.102278866176389 × 10^296 |
| 38 | ov_038 | 2.6321625603722733 × 10^296 |
| 39 | ov_039 | 2.217933701462214 × 10^296 |
| 40 | ov_040 | 1.854876943069895 × 10^296 |
| 41 | ov_041 | 1.5385240319616915 × 10^296 |
| 42 | ov_042 | 1.2646414026411517 × 10^296 |
| 43 | ov_043 | 1.0292197318163298 × 10^296 |
| 44 | ov_044 | 8.284652342408025 × 10^295 |
| 45 | ov_045 | 6.587924946603911 × 10^295 |
| 46 | ov_046 | 5.168186436399348 × 10^295 |
| 47 | ov_047 | 3.9935869792808145 × 10^295 |
| 48 | ov_048 | 3.03421898768245 × 10^295 |
| 49 | ov_049 | 2.2620889420347485 × 10^295 |
| 50 | ov_050 | 1.6510962397459893 × 10^295 |
| 51 | ov_051 | 1.1770177809468894 × 10^295 |
| 52 | ov_052 | 8.174971261533284 × 10^294 |
| 53 | ov_053 | 5.520371849557498 × 10^294 |
| 54 | ov_054 | 3.6199551854316696 × 10^294 |
| 55 | ov_055 | 2.305814624058355 × 10^294 |
| 56 | ov_056 | 1.4285442546660139 × 10^294 |
| 57 | ov_057 | 8.572291696823162 × 10^293 |
| 58 | ov_058 | 4.7944024368967815 × 10^293 |
| 59 | ov_059 | 2.435839226015509 × 10^293 |
| 60 | ov_060 | 1.0730789144461653 × 10^293 |
| 61 | ov_061 | 3.750078353514655 × 10^292 |
| 62 | ov_062 | 1.0292098821361641 × 10^292 |
| 63 | ov_063 | 2.0070276578060012 × 10^291 |
| 64 | lv_79_m31 | 3.912989961056664 × 10^290 |
| 65 | ov_065 | 4.6959023618691596 × 10^291 |
| 66 | ov_066 | 4.695891475497916 × 10^291 |
| 67 | ov_067 | 4.695888918194095 × 10^291 |
| 68 | ov_068 | 4.075816926073215 × 10^291 |
| 69 | ov_069 | 3.519818504641541 × 10^291 |
| 70 | ov_070 | 3.023158276158044 × 10^291 |
| 71 | ov_071 | 2.581326444929039 × 10^291 |
| 72 | ov_072 | 2.1900274486553423 × 10^291 |
| 73 | ov_073 | 1.8451710042668143 × 10^291 |
| 74 | ov_074 | 1.5428648204601744 × 10^291 |
| 75 | ov_075 | 1.2794083626278572 × 10^291 |
| 76 | ov_076 | 1.0512873130119193 × 10^291 |
| 77 | ov_077 | 8.551686119922756 × 10^290 |
| 78 | ov_078 | 6.8789604640809824 × 10^290 |
| 79 | ov_079 | 5.4648635146329215 × 10^290 |
| 80 | ov_080 | 4.281257932720636 × 10^290 |
| 81 | ov_081 | 3.3016719948293423 × 10^290 |
| 82 | ov_082 | 2.5012740570121073 × 10^290 |
| 83 | ov_083 | 1.8568508563092152 × 10^290 |
| 84 | ov_084 | 1.3467893299550438 × 10^290 |
| 85 | ov_085 | 9.510616338790604 × 10^289 |
| 86 | ov_086 | 6.512130425887611 × 10^289 |
| 87 | ov_087 | 4.303524128809412 × 10^289 |
| 88 | ov_088 | 2.731448940429925 × 10^289 |
| 89 | ov_089 | 1.658065673299428 × 10^289 |
| 90 | ov_090 | 9.610069756980713 × 10^288 |
| 91 | ov_091 | 5.333527978308651 × 10^288 |
| 92 | ov_092 | 2.836156637577197 × 10^288 |
| 93 | ov_093 | 1.3573276145705129 × 10^288 |
| 94 | ov_094 | 5.552819899445771 × 10^287 |
| 95 | aaa_78_28 | 1.6536047107552023 × 10^287 |
| 96 | aaa_78_29 | 5.717653376106243 × 10^286 |
| 97 | ov_097 | 3.216744793661898 × 10^286 |
| 98 | ov_098 | 3.216692220970649 × 10^286 |
| 99 | ov_099 | 3.2166754151792784 × 10^286 |
| 100 | ov_100 | 2.6257330625596903 × 10^286 |
| 101 | ov_101 | 2.137373492708211 × 10^286 |
| 102 | ov_102 | 1.738606550291321 × 10^286 |
| 103 | ov_103 | 1.4171605727592471 × 10^286 |
| 104 | ov_104 | 1.161430190529238 × 10^286 |
| 105 | ov_105 | 9.6043076646896 × 10^285 |
| 106 | ov_106 | 8.037588789002564 × 10^285 |
| 107 | ov_107 | 6.815582837388582 × 10^285 |
| 108 | ov_108 | 5.844908215649879 × 10^285 |
| 109 | ov_109 | 5.037117646046236 × 10^285 |
| 110 | ov_110 | 4.308491269836618 × 10^285 |
| 111 | ov_111 | 3.6546142479372805 × 10^285 |
| 112 | ov_112 | 3.071185587804955 × 10^285 |
| 113 | ov_113 | 2.5539948453932786 × 10^285 |
| 114 | ov_114 | 2.0989022447650476 × 10^285 |
| 115 | ov_115 | 1.70182195266957 × 10^285 |
| 116 | ov_116 | 1.3587082462493172 × 10^285 |
| 117 | ov_117 | 1.0655443125518889 × 10^285 |
| 118 | ov_118 | 8.183334188082651 × 10^284 |
| 119 | ov_119 | 6.1309219258919714 × 10^284 |
| 120 | ov_120 | 4.4584575103188986 × 10^284 |
| 121 | ov_121 | 3.126244183733235 × 10^284 |
| 122 | ov_122 | 2.0946165399334013 × 10^284 |
| 123 | ov_123 | 1.3239272871505412 × 10^284 |
| 124 | ov_124 | 7.745386935187218 × 10^283 |
| 125 | ov_125 | 4.0681743303137166 × 10^283 |
| 126 | ov_126 | 1.8113179216783264 × 10^283 |
| 127 | aaa_77_28 | 5.785048051773245 × 10^282 |
| 128 | aaa_77_29 | 2.1694128951503358 × 10^282 |
| 129 | ov_129 | 2.0231950771569298 × 10^282 |
| 130 | ov_130 | 2.023189337587395 × 10^282 |
| 131 | ov_131 | 2.0231879480029057 × 10^282 |
| 132 | ov_132 | 1.7574172404301633 × 10^282 |
| 133 | ov_133 | 1.5190581974440662 × 10^282 |
| 134 | ov_134 | 1.3060482100021465 × 10^282 |
| 135 | ov_135 | 1.1164371249627838 × 10^282 |
| 136 | ov_136 | 9.483792112442578 × 10^281 |
| 137 | ov_137 | 8.001261907100694 × 10^281 |
| 138 | ov_138 | 6.70021235510734 × 10^281 |
| 139 | ov_139 | 5.5649383871799684 × 10^281 |
| 140 | ov_140 | 4.580554700266219 × 10^281 |
| 141 | ov_141 | 3.732959331055795 × 10^281 |
| 142 | ov_142 | 3.0088034588391946 × 10^281 |
| 143 | ov_143 | 2.3954666968157114 × 10^281 |
| 144 | ov_144 | 1.8810371766235534 × 10^281 |
| 145 | ov_145 | 1.4542957761228803 × 10^281 |
| 146 | ov_146 | 1.1047038854396822 × 10^281 |
| 147 | ov_147 | 8.22394151073702 × 10^280 |
| 148 | ov_148 | 5.981636825575523 × 10^280 |
| 149 | ov_149 | 4.234692507722702 × 10^280 |
| 150 | ov_150 | 2.904240516034701 × 10^280 |
| 151 | ov_151 | 1.917956531765875 × 10^280 |
| 152 | ov_152 | 1.2100478944807544 × 10^280 |
| 153 | ov_153 | 7.212470745764593 × 10^279 |
| 154 | ov_154 | 3.9880830014697127 × 10^279 |
| 155 | ov_155 | 1.9650573601210867 × 10^279 |
| 156 | aaa_76_25 | 7.463249222998846 × 10^278 |
| 157 | aaa_76_26 | 4.23564610333336 × 10^278 |
| 158 | aaa_76_27 | 2.178613983794493 × 10^278 |
| 159 | aaa_76_28 | 9.662534521563404 × 10^277 |
| 160 | aaa_76_29 | 2.9430750788318276 × 10^277 |

### Output Bits Sorted by Complexity

| Rank | Output Bit | Complexity |
|:----:|:----------:|:----------:|
| 160 | aaa_76_29 | 2.9430750788318276 × 10^277 |
| 159 | aaa_76_28 | 9.662534521563404 × 10^277 |
| 158 | aaa_76_27 | 2.178613983794493 × 10^278 |
| 157 | aaa_76_26 | 4.23564610333336 × 10^278 |
| 156 | aaa_76_25 | 7.463249222998846 × 10^278 |
| 155 | ov_155 | 1.9650573601210867 × 10^279 |
| 154 | ov_154 | 3.9880830014697127 × 10^279 |
| 153 | ov_153 | 7.212470745764593 × 10^279 |
| 152 | ov_152 | 1.2100478944807544 × 10^280 |
| 151 | ov_151 | 1.917956531765875 × 10^280 |
| 150 | ov_150 | 2.904240516034701 × 10^280 |
| 149 | ov_149 | 4.234692507722702 × 10^280 |
| 148 | ov_148 | 5.981636825575523 × 10^280 |
| 147 | ov_147 | 8.22394151073702 × 10^280 |
| 146 | ov_146 | 1.1047038854396822 × 10^281 |
| 145 | ov_145 | 1.4542957761228803 × 10^281 |
| 144 | ov_144 | 1.8810371766235534 × 10^281 |
| 143 | ov_143 | 2.3954666968157114 × 10^281 |
| 142 | ov_142 | 3.0088034588391946 × 10^281 |
| 141 | ov_141 | 3.732959331055795 × 10^281 |
| 140 | ov_140 | 4.580554700266219 × 10^281 |
| 139 | ov_139 | 5.5649383871799684 × 10^281 |
| 138 | ov_138 | 6.70021235510734 × 10^281 |
| 137 | ov_137 | 8.001261907100694 × 10^281 |
| 136 | ov_136 | 9.483792112442578 × 10^281 |
| 135 | ov_135 | 1.1164371249627838 × 10^282 |
| 134 | ov_134 | 1.3060482100021465 × 10^282 |
| 133 | ov_133 | 1.5190581974440662 × 10^282 |
| 132 | ov_132 | 1.7574172404301633 × 10^282 |
| 131 | ov_131 | 2.0231879480029057 × 10^282 |
| 130 | ov_130 | 2.023189337587395 × 10^282 |
| 129 | ov_129 | 2.0231950771569298 × 10^282 |
| 128 | aaa_77_29 | 2.1694128951503358 × 10^282 |
| 127 | aaa_77_28 | 5.785048051773245 × 10^282 |
| 126 | ov_126 | 1.8113179216783264 × 10^283 |
| 125 | ov_125 | 4.0681743303137166 × 10^283 |
| 124 | ov_124 | 7.745386935187218 × 10^283 |
| 123 | ov_123 | 1.3239272871505412 × 10^284 |
| 122 | ov_122 | 2.0946165399334013 × 10^284 |
| 121 | ov_121 | 3.126244183733235 × 10^284 |
| 120 | ov_120 | 4.4584575103188986 × 10^284 |
| 119 | ov_119 | 6.1309219258919714 × 10^284 |
| 118 | ov_118 | 8.183334188082651 × 10^284 |
| 117 | ov_117 | 1.0655443125518889 × 10^285 |
| 116 | ov_116 | 1.3587082462493172 × 10^285 |
| 115 | ov_115 | 1.70182195266957 × 10^285 |
| 114 | ov_114 | 2.0989022447650476 × 10^285 |
| 113 | ov_113 | 2.5539948453932786 × 10^285 |
| 112 | ov_112 | 3.071185587804955 × 10^285 |
| 111 | ov_111 | 3.6546142479372805 × 10^285 |
| 110 | ov_110 | 4.308491269836618 × 10^285 |
| 109 | ov_109 | 5.037117646046236 × 10^285 |
| 108 | ov_108 | 5.844908215649879 × 10^285 |
| 107 | ov_107 | 6.815582837388582 × 10^285 |
| 106 | ov_106 | 8.037588789002564 × 10^285 |
| 105 | ov_105 | 9.6043076646896 × 10^285 |
| 104 | ov_104 | 1.161430190529238 × 10^286 |
| 103 | ov_103 | 1.4171605727592471 × 10^286 |
| 102 | ov_102 | 1.738606550291321 × 10^286 |
| 101 | ov_101 | 2.137373492708211 × 10^286 |
| 100 | ov_100 | 2.6257330625596903 × 10^286 |
| 99 | ov_099 | 3.2166754151792784 × 10^286 |
| 98 | ov_098 | 3.216692220970649 × 10^286 |
| 97 | ov_097 | 3.216744793661898 × 10^286 |
| 96 | aaa_78_29 | 5.717653376106243 × 10^286 |
| 95 | aaa_78_28 | 1.6536047107552023 × 10^287 |
| 94 | ov_094 | 5.552819899445771 × 10^287 |
| 93 | ov_093 | 1.3573276145705129 × 10^288 |
| 92 | ov_092 | 2.836156637577197 × 10^288 |
| 91 | ov_091 | 5.333527978308651 × 10^288 |
| 90 | ov_090 | 9.610069756980713 × 10^288 |
| 89 | ov_089 | 1.658065673299428 × 10^289 |
| 88 | ov_088 | 2.731448940429925 × 10^289 |
| 87 | ov_087 | 4.303524128809412 × 10^289 |
| 86 | ov_086 | 6.512130425887611 × 10^289 |
| 85 | ov_085 | 9.510616338790604 × 10^289 |
| 84 | ov_084 | 1.3467893299550438 × 10^290 |
| 83 | ov_083 | 1.8568508563092152 × 10^290 |
| 82 | ov_082 | 2.5012740570121073 × 10^290 |
| 81 | ov_081 | 3.3016719948293423 × 10^290 |
| 64 | lv_79_m31 | 3.912989961056664 × 10^290 |
| 80 | ov_080 | 4.281257932720636 × 10^290 |
| 79 | ov_079 | 5.4648635146329215 × 10^290 |
| 78 | ov_078 | 6.8789604640809824 × 10^290 |
| 77 | ov_077 | 8.551686119922756 × 10^290 |
| 76 | ov_076 | 1.0512873130119193 × 10^291 |
| 75 | ov_075 | 1.2794083626278572 × 10^291 |
| 74 | ov_074 | 1.5428648204601744 × 10^291 |
| 73 | ov_073 | 1.8451710042668143 × 10^291 |
| 63 | ov_063 | 2.0070276578060012 × 10^291 |
| 72 | ov_072 | 2.1900274486553423 × 10^291 |
| 71 | ov_071 | 2.581326444929039 × 10^291 |
| 70 | ov_070 | 3.023158276158044 × 10^291 |
| 69 | ov_069 | 3.519818504641541 × 10^291 |
| 68 | ov_068 | 4.075816926073215 × 10^291 |
| 67 | ov_067 | 4.695888918194095 × 10^291 |
| 66 | ov_066 | 4.695891475497916 × 10^291 |
| 65 | ov_065 | 4.6959023618691596 × 10^291 |
| 62 | ov_062 | 1.0292098821361641 × 10^292 |
| 61 | ov_061 | 3.750078353514655 × 10^292 |
| 60 | ov_060 | 1.0730789144461653 × 10^293 |
| 59 | ov_059 | 2.435839226015509 × 10^293 |
| 58 | ov_058 | 4.7944024368967815 × 10^293 |
| 57 | ov_057 | 8.572291696823162 × 10^293 |
| 56 | ov_056 | 1.4285442546660139 × 10^294 |
| 55 | ov_055 | 2.305814624058355 × 10^294 |
| 54 | ov_054 | 3.6199551854316696 × 10^294 |
| 53 | ov_053 | 5.520371849557498 × 10^294 |
| 52 | ov_052 | 8.174971261533284 × 10^294 |
| 51 | ov_051 | 1.1770177809468894 × 10^295 |
| 50 | ov_050 | 1.6510962397459893 × 10^295 |
| 49 | ov_049 | 2.2620889420347485 × 10^295 |
| 48 | ov_048 | 3.03421898768245 × 10^295 |
| 47 | ov_047 | 3.9935869792808145 × 10^295 |
| 32 | lv_80_m31 | 4.701163057785621 × 10^295 |
| 46 | ov_046 | 5.168186436399348 × 10^295 |
| 45 | ov_045 | 6.587924946603911 × 10^295 |
| 44 | ov_044 | 8.284652342408025 × 10^295 |
| 43 | ov_043 | 1.0292197318163298 × 10^296 |
| 42 | ov_042 | 1.2646414026411517 × 10^296 |
| 41 | ov_041 | 1.5385240319616915 × 10^296 |
| 40 | ov_040 | 1.854876943069895 × 10^296 |
| 39 | ov_039 | 2.217933701462214 × 10^296 |
| 31 | ov_031 | 2.411446012657493 × 10^296 |
| 38 | ov_038 | 2.6321625603722733 × 10^296 |
| 37 | ov_037 | 3.102278866176389 × 10^296 |
| 36 | ov_036 | 3.6332596556238563 × 10^296 |
| 35 | ov_035 | 4.2303606905528475 × 10^296 |
| 34 | ov_034 | 4.899136189754977 × 10^296 |
| 33 | ov_033 | 5.6454615319868745 × 10^296 |
| 30 | ov_030 | 1.0895594843047701 × 10^297 |
| 29 | ov_029 | 3.604828659110801 × 10^297 |
| 28 | ov_028 | 9.620045681090889 × 10^297 |
| 27 | ov_027 | 2.2004968293127388 × 10^298 |
| 26 | ov_026 | 4.761041110447983 × 10^298 |
| 25 | ov_025 | 9.550979888548247 × 10^298 |
| 24 | ov_024 | 1.7699922388693535 × 10^299 |
| 23 | ov_023 | 3.055976237729802 × 10^299 |
| 22 | ov_022 | 4.970472172765545 × 10^299 |
| 21 | ov_021 | 7.69314385586926 × 10^299 |
| 20 | ov_020 | 1.1425912364512058 × 10^300 |
| 19 | ov_019 | 1.639298152855347 × 10^300 |
| 18 | ov_018 | 2.2840877536743757 × 10^300 |
| 17 | ov_017 | 3.1038509316400114 × 10^300 |
| 16 | ov_016 | 4.127725899671375 × 10^300 |
| 15 | ov_015 | 5.387111366882403 × 10^300 |
| 14 | ov_014 | 6.915685113559611 × 10^300 |
| 13 | ov_013 | 8.749429382498021 × 10^300 |
| 12 | ov_012 | 1.0926664652371413 × 10^301 |
| 11 | ov_011 | 1.3488093507418718 × 10^301 |
| 10 | ov_010 | 1.6476856466831484 × 10^301 |
| 9 | ov_009 | 1.9938601787076323 × 10^301 |
| 8 | ov_008 | 2.3921571401307345 × 10^301 |
| 7 | ov_007 | 2.847670531243227 × 10^301 |
| 6 | ov_006 | 3.3657766910804194 × 10^301 |
| 5 | ov_005 | 3.9521491844541204 × 10^301 |
| 4 | ov_004 | 4.6127763230866393 × 10^301 |
| 3 | ov_003 | 5.353981616147974 × 10^301 |
| 2 | ov_002 | 6.182447462482598 × 10^301 |
| 1 | ov_001 | 7.105242414436413 × 10^301 |

