# Results for F001-F002-F003-F004-F005-F006-F007-F008-F009-F010-F011-F012-F013-F014-F015-F016-F017-F018-F019-F020-F021-F022-F023-F024-F025-F026-F027-F028-F029-F030-F031-F032-F033-F034-F035-F036-F037-F038-F039-F040-F041-F042-F043-F044-F045-F046-F047-F048-F049-F050-F051-F052-F053-F054-F055-F056-F057-F058-F059-F060-F061-F062-F063-F064-F065-F066-F067-F068-F069-F070-F071-F072-F073-F074-F075-F076-F077-F078-F079-F080-F081-F082-F083-F084-F085-F086-F087-F088-F089-F090-F091-F092-F093-F094-F095-F096-F097-F098-F099-F100-F101-F102-F103-F104-F105-F106-F107-F108-F109-F110-F111-F112-F113-F114-F115-F116-F117-F118-F119-F120-F121-F122-F123-F124-F125-F126-F127-F128-F129-F130-F131-F132-F133-F134-F135-F136-F137-F138-F139-F140-F141-F142-F143-F144-F145-F146-F147-F148-F149-F150-F151-F152-F153-F154-F155-F156-F157-F158-F159-F160-F161-F162-F163-F164-F165-F166-F167-F168-F169-F170-F171-F172-F173-F174-F175-F176-F177-F178-F179-F180-F181-F182-F183-F184-F185-F186-F187-F188-F189-F190-F191-F192-F193-F194-F195-F196-F197-F198-F199-F200-F201-F202-F203-F204-F205-F206-F207-F208-F209-F210-F211-F212-F213-F214-F215-F216-F217-F218-F219-F220-F221-F222-F223-F224-F225-F226-F227-F228-F229-F230-F231-F232-F233-F234-F235-F236-F237-F238-F239-F240-F241-F242-F243-F244-F245-F246-F247-F248-F249-F250-F251-F252-F253-F254-F255-F256-F257-F258-F259-F260-F261-F262-F263-F264-F265-F266-F267-F268-F269-F270-F271-F272-F273-F274-F275-F276-F277-F278-F279-F280-F281-F282-F283-F284-F285-F286-F287-F288-F289-F290-F291-F292-F293-F294-F295-F296-F297-F298-F299-F300-F301-F302-F303-F304-F305-F306-F307-F308-F309-F310-F311-F312-F313-F314-F315-F316-F317-F318-F319-F320-F321-F322-F323-F324-F325-F326-F327-F328-F329-F330-F331-F332-F333-F334-F335-F336-F337-F338-F339-F340-F341-F342-F343-F344-F345-F346-F347-F348-F349-F350-F351-F352-F353-F354-F355-F356-F357-F358-F359-F360-F361-F362-F363-F364-F365-F366-F367-F368-F369-F370-F371-F372-F373-F374-F375-F376-F377-F378-F379-F380-F381-F382-F383-F384-F385-F386-F387-F388-F389-F390-F391-F392-F393-F394-F395-F396-F397-F398-F399-F400-F401-F402-F403-F404-F405-F406-F407-F408-F409-F410-F411-F412-F413-F414-F415-F416-F417-F418-F419-F420-F421-F422-F423-F424-F425-F426-F427-F428-F429-F430-F431-F432-F433-F434-F435-F436-F437-F438-F439-F440-F441-F442-F443-F444-F445-F446-F447-F448-F449-F450-F451-F452-F453-F454-F455-F456-F457-F458-F459-F460-F461-F462-F463-F464-F465-F466-F467-F468-F469-F470-F471-F472-F473-F474-F475-F476-F477-F478-F479-F480-F481-F482-F483-F484-F485-F486-F487-F488-F489-F490-F491-F492-F493-F494-F495-F496-O500505-O506508-F512

## Summary

Number of input bits: 512  
Number of free input bits: 13  
Number of output bits: 160

Number of direct occurrences: 54502  
Number of assignments: 32253  
Number of operations: 11830796
(xor: 11801231,
and: 15894,
or: 13671)

Total complexity: 4.800796992908838 × 10^308

Least occurring input variable: iv_498 (3998)  
Most occurring input variable: iv_500 (4338)

Most co-occurring input variables: iv_500-iv_503 (2142)  
Least co-occurring input variables: iv_498-iv_502 (1804)

Potentially most occurring input variable: iv_497/iv_510 (4652)  
Potentially least occurring input variable: iv_502/iv_503 (4241)

Least output occurring input variable: iv_506 (66)  
Most output occurring input variable: iv_499 (91)

Most output co-occurring input variables: iv_498-iv_499 (50)  
Least output co-occurring input variables: iv_504-iv_506 (22)

Potentially most output occurring input variable: iv_500/iv_502 (97)  
Potentially least output occurring input variable: iv_503/iv_507 (65)

Least complex input bit: iv_511 (1.2381966834045362 × 10^305)  
Most complex input bit: iv_510 (1.2770485579678314 × 10^308)

Least complex output bit: aaa_76_29 (1.7235460577390146 × 10^283)  
Most complex output bit: ov_001 (7.505452455952836 × 10^307)

Least complex input/output complexity: iv_511/aaa_76_29 (4.4452806805612323 × 10^279)  
Most complex input/output complexity: iv_510/ov_001 (1.9965075069677474 × 10^307)

## Input Bits

### Input Bits in Regular Order

| Input Bit | Complexity | Occurrences | Output Occurrences |
|:---------:|:----------:|:-----------:|:------------------:|
| iv_497 | 5.808660812006119 × 10^305 | 4150 | 72 |
| iv_498 | 1.157502604837164 × 10^306 | 3998 | 80 |
| iv_499 | 2.037084174380209 × 10^306 | 4168 | 91 |
| iv_500 | 3.870224308353987 × 10^307 | 4338 | 80 |
| iv_501 | 5.759674356796248 × 10^306 | 4069 | 79 |
| iv_502 | 9.358133213525575 × 10^306 | 4077 | 83 |
| iv_503 | 1.4859619196964047 × 10^307 | 4276 | 74 |
| iv_504 | 2.3103110916512116 × 10^307 | 4039 | 67 |
| iv_506 | 9.435168256912949 × 10^307 | 4322 | 66 |
| iv_507 | 4.303296956787078 × 10^307 | 4293 | 79 |
| iv_509 | 1.1930813806100455 × 10^308 | 4287 | 80 |
| iv_510 | 1.2770485579678314 × 10^308 | 4290 | 77 |
| iv_511 | 1.2381966834045362 × 10^305 | 4195 | 81 |

### Input Bits Sorted by Complexity

| Input Bit | Complexity | Occurrences | Output Occurrences |
|:---------:|:----------:|:-----------:|:------------------:|
| iv_511 | 1.2381966834045362 × 10^305 | 4195 | 81 |
| iv_497 | 5.808660812006119 × 10^305 | 4150 | 72 |
| iv_498 | 1.157502604837164 × 10^306 | 3998 | 80 |
| iv_499 | 2.037084174380209 × 10^306 | 4168 | 91 |
| iv_501 | 5.759674356796248 × 10^306 | 4069 | 79 |
| iv_502 | 9.358133213525575 × 10^306 | 4077 | 83 |
| iv_503 | 1.4859619196964047 × 10^307 | 4276 | 74 |
| iv_504 | 2.3103110916512116 × 10^307 | 4039 | 67 |
| iv_500 | 3.870224308353987 × 10^307 | 4338 | 80 |
| iv_507 | 4.303296956787078 × 10^307 | 4293 | 79 |
| iv_506 | 9.435168256912949 × 10^307 | 4322 | 66 |
| iv_509 | 1.1930813806100455 × 10^308 | 4287 | 80 |
| iv_510 | 1.2770485579678314 × 10^308 | 4290 | 77 |

### Input Bits Sorted by Occurrences

| Input Bit | Complexity | Occurrences | Output Occurrences |
|:---------:|:----------:|:-----------:|:------------------:|
| iv_498 | 1.157502604837164 × 10^306 | 3998 | 80 |
| iv_504 | 2.3103110916512116 × 10^307 | 4039 | 67 |
| iv_501 | 5.759674356796248 × 10^306 | 4069 | 79 |
| iv_502 | 9.358133213525575 × 10^306 | 4077 | 83 |
| iv_497 | 5.808660812006119 × 10^305 | 4150 | 72 |
| iv_499 | 2.037084174380209 × 10^306 | 4168 | 91 |
| iv_511 | 1.2381966834045362 × 10^305 | 4195 | 81 |
| iv_503 | 1.4859619196964047 × 10^307 | 4276 | 74 |
| iv_509 | 1.1930813806100455 × 10^308 | 4287 | 80 |
| iv_510 | 1.2770485579678314 × 10^308 | 4290 | 77 |
| iv_507 | 4.303296956787078 × 10^307 | 4293 | 79 |
| iv_506 | 9.435168256912949 × 10^307 | 4322 | 66 |
| iv_500 | 3.870224308353987 × 10^307 | 4338 | 80 |

### Input Bits Sorted by Output Occurrences

| Input Bit | Complexity | Occurrences | Output Occurrences |
|:---------:|:----------:|:-----------:|:------------------:|
| iv_506 | 9.435168256912949 × 10^307 | 4322 | 66 |
| iv_504 | 2.3103110916512116 × 10^307 | 4039 | 67 |
| iv_497 | 5.808660812006119 × 10^305 | 4150 | 72 |
| iv_503 | 1.4859619196964047 × 10^307 | 4276 | 74 |
| iv_510 | 1.2770485579678314 × 10^308 | 4290 | 77 |
| iv_507 | 4.303296956787078 × 10^307 | 4293 | 79 |
| iv_501 | 5.759674356796248 × 10^306 | 4069 | 79 |
| iv_498 | 1.157502604837164 × 10^306 | 3998 | 80 |
| iv_500 | 3.870224308353987 × 10^307 | 4338 | 80 |
| iv_509 | 1.1930813806100455 × 10^308 | 4287 | 80 |
| iv_511 | 1.2381966834045362 × 10^305 | 4195 | 81 |
| iv_502 | 9.358133213525575 × 10^306 | 4077 | 83 |
| iv_499 | 2.037084174380209 × 10^306 | 4168 | 91 |

## Input Bit Co-occurrences

### Input Bit Co-occurrences Sorted by Co-occurrences

| Input Bits | Co-occurrences | Potential Occurrences | Output Co-occurrences | Potential Output Occurrences |
|:----------:|:--------------:|:---------------------:|:---------------------:|:----------------------------:|
| iv_500-iv_503 | 2142 | 4330 | 43 | 68 |
| iv_509-iv_510 | 2122 | 4333 | 43 | 71 |
| iv_503-iv_507 | 2107 | 4355 | 44 | 65 |
| iv_499-iv_509 | 2092 | 4271 | 49 | 73 |
| iv_506-iv_510 | 2069 | 4474 | 29 | 85 |
| iv_497-iv_507 | 2068 | 4307 | 36 | 79 |
| iv_507-iv_509 | 2066 | 4448 | 38 | 83 |
| iv_499-iv_503 | 2065 | 4314 | 42 | 81 |
| iv_506-iv_509 | 2064 | 4481 | 35 | 76 |
| iv_503-iv_509 | 2061 | 4441 | 37 | 80 |
| iv_500-iv_510 | 2061 | 4506 | 38 | 81 |
| iv_500-iv_507 | 2060 | 4511 | 40 | 79 |
| iv_502-iv_503 | 2056 | 4241 | 44 | 69 |

### Input Bit Co-occurrences Sorted by Potential Occurrences

| Input Bits | Co-occurrences | Potential Occurrences | Output Co-occurrences | Potential Output Occurrences |
|:----------:|:--------------:|:---------------------:|:---------------------:|:----------------------------:|
| iv_502-iv_503 | 2056 | 4241 | 44 | 69 |
| iv_499-iv_504 | 1979 | 4249 | 34 | 90 |
| iv_499-iv_501 | 1993 | 4251 | 44 | 82 |
| iv_499-iv_502 | 1990 | 4265 | 46 | 82 |
| iv_498-iv_501 | 1898 | 4271 | 42 | 75 |
| iv_499-iv_509 | 2092 | 4271 | 49 | 73 |
| iv_498-iv_504 | 1878 | 4281 | 32 | 83 |
| iv_501-iv_511 | 1989 | 4286 | 39 | 82 |
| iv_497-iv_507 | 2068 | 4307 | 36 | 79 |
| iv_500-iv_504 | 2032 | 4313 | 36 | 75 |
| iv_499-iv_503 | 2065 | 4314 | 42 | 81 |
| iv_503-iv_504 | 1998 | 4319 | 34 | 73 |
| iv_498-iv_499 | 1922 | 4322 | 50 | 71 |

### Input Bit Output Co-occurrences Sorted by Output Co-occurrences

| Input Bits | Co-occurrences | Potential Occurrences | Output Co-occurrences | Potential Output Occurrences |
|:----------:|:--------------:|:---------------------:|:---------------------:|:----------------------------:|
| iv_498-iv_499 | 1922 | 4322 | 50 | 71 |
| iv_499-iv_500 | 1976 | 4554 | 49 | 73 |
| iv_499-iv_507 | 2051 | 4359 | 49 | 72 |
| iv_499-iv_509 | 2092 | 4271 | 49 | 73 |
| iv_502-iv_507 | 2017 | 4336 | 48 | 66 |
| iv_499-iv_510 | 2029 | 4400 | 47 | 74 |
| iv_499-iv_511 | 2013 | 4337 | 47 | 78 |
| iv_499-iv_502 | 1990 | 4265 | 46 | 82 |
| iv_502-iv_509 | 1983 | 4398 | 45 | 73 |
| iv_502-iv_503 | 2056 | 4241 | 44 | 69 |
| iv_503-iv_507 | 2107 | 4355 | 44 | 65 |
| iv_499-iv_501 | 1993 | 4251 | 44 | 82 |
| iv_501-iv_507 | 1937 | 4488 | 44 | 70 |

### Input Bit Output Co-occurrences Sorted by Potential Output Occurrences

| Input Bits | Co-occurrences | Potential Occurrences | Output Co-occurrences | Potential Output Occurrences |
|:----------:|:--------------:|:---------------------:|:---------------------:|:----------------------------:|
| iv_503-iv_507 | 2107 | 4355 | 44 | 65 |
| iv_502-iv_507 | 2017 | 4336 | 48 | 66 |
| iv_500-iv_503 | 2142 | 4330 | 43 | 68 |
| iv_502-iv_503 | 2056 | 4241 | 44 | 69 |
| iv_497-iv_504 | 1907 | 4375 | 35 | 69 |
| iv_501-iv_507 | 1937 | 4488 | 44 | 70 |
| iv_498-iv_499 | 1922 | 4322 | 50 | 71 |
| iv_501-iv_506 | 1979 | 4433 | 37 | 71 |
| iv_506-iv_507 | 2039 | 4537 | 37 | 71 |
| iv_509-iv_510 | 2122 | 4333 | 43 | 71 |
| iv_497-iv_500 | 2038 | 4412 | 40 | 72 |
| iv_499-iv_507 | 2051 | 4359 | 49 | 72 |
| iv_498-iv_506 | 1954 | 4412 | 37 | 72 |

## Output Bits

### Output Bits in Regular Order

| Rank | Output Bit | Complexity |
|:----:|:----------:|:----------:|
| 1 | ov_001 | 7.505452455952836 × 10^307 |
| 2 | ov_002 | 6.530948380111149 × 10^307 |
| 3 | ov_003 | 5.656072583582136 × 10^307 |
| 4 | ov_004 | 4.873352631955856 × 10^307 |
| 5 | ov_005 | 4.175725164032284 × 10^307 |
| 6 | ov_006 | 3.5565070516894474 × 10^307 |
| 7 | ov_007 | 3.0093703167893754 × 10^307 |
| 8 | ov_008 | 2.5283204590886337 × 10^307 |
| 9 | ov_009 | 2.107677867648665 × 10^307 |
| 10 | ov_010 | 1.7420620060915997 × 10^307 |
| 11 | ov_011 | 1.4263780793411852 × 10^307 |
| 12 | ov_012 | 1.1558059063322087 × 10^307 |
| 13 | ov_013 | 9.257907396568515 × 10^306 |
| 14 | ov_014 | 7.320357893209819 × 10^306 |
| 15 | ov_015 | 5.7049622377329195 × 10^306 |
| 16 | ov_016 | 4.37374437199829 × 10^306 |
| 17 | ov_017 | 3.2911638778995694 × 10^306 |
| 18 | ov_018 | 2.424088273119581 × 10^306 |
| 19 | ov_019 | 1.7417725791389802 × 10^306 |
| 20 | ov_020 | 1.2158446760739678 × 10^306 |
| 21 | ov_021 | 8.202951141196321 × 10^305 |
| 22 | ov_022 | 5.314702064430047 × 10^305 |
| 23 | ov_023 | 3.280674277527527 × 10^305 |
| 24 | ov_024 | 1.9113242121523908 × 10^305 |
| 25 | ov_025 | 1.0405716576223966 × 10^305 |
| 26 | ov_026 | 5.257897137789498 × 10^304 |
| 27 | ov_027 | 2.4780005935202182 × 10^304 |
| 28 | ov_028 | 1.1087108438088774 × 10^304 |
| 29 | ov_029 | 4.271728845230579 × 10^303 |
| 30 | ov_030 | 1.3057417470322158 × 10^303 |
| 31 | ov_031 | 2.5463997096353046 × 10^302 |
| 32 | lv_80_m31 | 4.964838388097511 × 10^301 |
| 33 | ov_033 | 5.978434730801027 × 10^302 |
| 34 | ov_034 | 5.191650110731432 × 10^302 |
| 35 | ov_035 | 4.48636150735521 × 10^302 |
| 36 | ov_036 | 3.8564002936404427 × 10^302 |
| 37 | ov_037 | 3.295935939358837 × 10^302 |
| 38 | ov_038 | 2.799452100518813 × 10^302 |
| 39 | ov_039 | 2.3617258154776854 × 10^302 |
| 40 | ov_040 | 1.9778095249907416 × 10^302 |
| 41 | ov_041 | 1.6430156475626313 × 10^302 |
| 42 | ov_042 | 1.3529034553399615 × 10^302 |
| 43 | ov_043 | 1.1032680094721847 × 10^302 |
| 44 | ov_044 | 8.9013092740284 × 10^301 |
| 45 | ov_045 | 7.097327679580301 × 10^301 |
| 46 | ov_046 | 5.585268333927287 × 10^301 |
| 47 | ov_047 | 4.331742007553488 × 10^301 |
| 48 | ov_048 | 3.3053980805272617 × 10^301 |
| 49 | ov_049 | 2.476894337555228 × 10^301 |
| 50 | ov_050 | 1.8188742119077804 × 10^301 |
| 51 | ov_051 | 1.3059501233555512 × 10^301 |
| 52 | ov_052 | 9.146916846339572 × 10^300 |
| 53 | ov_053 | 6.236176801124776 × 10^300 |
| 54 | ov_054 | 4.131908493484882 × 10^300 |
| 55 | ov_055 | 2.6581463710946903 × 10^300 |
| 56 | ov_056 | 1.6583122854137037 × 10^300 |
| 57 | ov_057 | 9.95203936681489 × 10^299 |
| 58 | ov_058 | 5.5098846751459966 × 10^299 |
| 59 | ov_059 | 2.7159126018587244 × 10^299 |
| 60 | ov_060 | 1.12620316096238 × 10^299 |
| 61 | ov_061 | 3.936589240149603 × 10^298 |
| 62 | ov_062 | 1.0806367300684638 × 10^298 |
| 63 | ov_063 | 2.1078136727537995 × 10^297 |
| 64 | lv_79_m31 | 4.110464282836662 × 10^296 |
| 65 | ov_065 | 4.942792303515723 × 10^297 |
| 66 | ov_066 | 4.942779610347798 × 10^297 |
| 67 | ov_067 | 4.9427765819484324 × 10^297 |
| 68 | ov_068 | 4.29417507722213 × 10^297 |
| 69 | ov_069 | 3.711993648191636 × 10^297 |
| 70 | ov_070 | 3.191392877877636 × 10^297 |
| 71 | ov_071 | 2.7277649185442738 × 10^297 |
| 72 | ov_072 | 2.316718490161318 × 10^297 |
| 73 | ov_073 | 1.9540668364756625 × 10^297 |
| 74 | ov_074 | 1.635818212018828 × 10^297 |
| 75 | ov_075 | 1.3581684961389556 × 10^297 |
| 76 | ov_076 | 1.1174955520017661 × 10^297 |
| 77 | ov_077 | 9.103549696115142 × 10^296 |
| 78 | ov_078 | 7.334768523987282 × 10^296 |
| 79 | ov_079 | 5.837633269257299 × 10^296 |
| 80 | ov_080 | 4.5828650648895605 × 10^296 |
| 81 | ov_081 | 3.5428675119576012 × 10^296 |
| 82 | ov_082 | 2.691711716133501 × 10^296 |
| 83 | ov_083 | 2.005123571946029 × 10^296 |
| 84 | ov_084 | 1.4604731077040778 × 10^296 |
| 85 | ov_085 | 1.0367657045496655 × 10^296 |
| 86 | ov_086 | 7.146350034714578 × 10^295 |
| 87 | ov_087 | 4.763373143399192 × 10^295 |
| 88 | ov_088 | 3.0574734116560836 × 10^295 |
| 89 | ov_089 | 1.883550378634859 × 10^295 |
| 90 | ov_090 | 1.1126340884935025 × 10^295 |
| 91 | ov_091 | 6.318706881524918 × 10^294 |
| 92 | ov_092 | 3.445137758889586 × 10^294 |
| 93 | ov_093 | 1.6991975122878032 × 10^294 |
| 94 | ov_094 | 7.179213076309309 × 10^293 |
| 95 | aaa_78_28 | 2.1884437321873373 × 10^293 |
| 96 | aaa_78_29 | 6.585221445194957 × 10^292 |
| 97 | ov_097 | 3.389464267489785 × 10^292 |
| 98 | ov_098 | 3.389433255869771 × 10^292 |
| 99 | ov_099 | 3.389423325334711 × 10^292 |
| 100 | ov_100 | 2.8122987156312034 × 10^292 |
| 101 | ov_101 | 2.314767291431534 × 10^292 |
| 102 | ov_102 | 1.8892039666840818 × 10^292 |
| 103 | ov_103 | 1.5284069840426513 × 10^292 |
| 104 | ov_104 | 1.2255670474179707 × 10^292 |
| 105 | ov_105 | 9.742403685107375 × 10^291 |
| 106 | ov_106 | 7.683252767104043 × 10^291 |
| 107 | ov_107 | 6.020420602095082 × 10^291 |
| 108 | ov_108 | 4.699157239379736 × 10^291 |
| 109 | ov_109 | 3.667613670942006 × 10^291 |
| 110 | ov_110 | 2.8767189975196294 × 10^291 |
| 111 | ov_111 | 2.280078343514552 × 10^291 |
| 112 | ov_112 | 1.833889039223874 × 10^291 |
| 113 | ov_113 | 1.4968727470681698 × 10^291 |
| 114 | ov_114 | 1.2302213650736984 × 10^291 |
| 115 | ov_115 | 9.975546962952992 × 10^290 |
| 116 | ov_116 | 7.96501471539107 × 10^290 |
| 117 | ov_117 | 6.247079780454214 × 10^290 |
| 118 | ov_118 | 4.7983279636750625 × 10^290 |
| 119 | ov_119 | 3.595427786351903 × 10^290 |
| 120 | ov_120 | 2.6151011465520168 × 10^290 |
| 121 | ov_121 | 1.8341033232603354 × 10^290 |
| 122 | ov_122 | 1.2292101004113723 × 10^290 |
| 123 | ov_123 | 7.772092913011381 × 10^289 |
| 124 | ov_124 | 4.548950158240948 × 10^289 |
| 125 | ov_125 | 2.3906415117701167 × 10^289 |
| 126 | ov_126 | 1.0651451911778571 × 10^289 |
| 127 | aaa_77_28 | 3.404418916990409 × 10^288 |
| 128 | aaa_77_29 | 1.2781512259272545 × 10^288 |
| 129 | ov_129 | 1.1924225676374134 × 10^288 |
| 130 | ov_130 | 1.1924192072530976 × 10^288 |
| 131 | ov_131 | 1.1924183936845316 × 10^288 |
| 132 | ov_132 | 1.0375464707640326 × 10^288 |
| 133 | ov_133 | 8.983213857811584 × 10^287 |
| 134 | ov_134 | 7.735297581782154 × 10^287 |
| 135 | ov_135 | 6.620242592667635 × 10^287 |
| 136 | ov_136 | 5.627189086584618 × 10^287 |
| 137 | ov_137 | 4.750855060953806 × 10^287 |
| 138 | ov_138 | 3.981490930951021 × 10^287 |
| 139 | ov_139 | 3.3098546193157937 × 10^287 |
| 140 | ov_140 | 2.727186122483092 × 10^287 |
| 141 | ov_141 | 2.2251861847293222 × 10^287 |
| 142 | ov_142 | 1.795998619447678 × 10^287 |
| 143 | ov_143 | 1.4321958437492912 × 10^287 |
| 144 | ov_144 | 1.1267672193291782 × 10^287 |
| 145 | ov_145 | 8.731098190374274 × 10^286 |
| 146 | ov_146 | 6.650212649332036 × 10^286 |
| 147 | ov_147 | 4.966943098300251 × 10^286 |
| 148 | ov_148 | 3.6271286050648303 × 10^286 |
| 149 | ov_149 | 2.5804916688380354 × 10^286 |
| 150 | ov_150 | 1.7806192757597125 × 10^286 |
| 151 | ov_151 | 1.1849508830807053 × 10^286 |
| 152 | ov_152 | 7.547713577910509 × 10^285 |
| 153 | ov_153 | 4.552071562023359 × 10^285 |
| 154 | ov_154 | 2.552243499167536 × 10^285 |
| 155 | ov_155 | 1.2762756030803591 × 10^285 |
| 156 | aaa_76_25 | 4.905937844250279 × 10^284 |
| 157 | aaa_76_26 | 2.8351085526830405 × 10^284 |
| 158 | aaa_76_27 | 1.4524588677434344 × 10^284 |
| 159 | aaa_76_28 | 5.661182947416507 × 10^283 |
| 160 | aaa_76_29 | 1.7235460577390146 × 10^283 |

### Output Bits Sorted by Complexity

| Rank | Output Bit | Complexity |
|:----:|:----------:|:----------:|
| 160 | aaa_76_29 | 1.7235460577390146 × 10^283 |
| 159 | aaa_76_28 | 5.661182947416507 × 10^283 |
| 158 | aaa_76_27 | 1.4524588677434344 × 10^284 |
| 157 | aaa_76_26 | 2.8351085526830405 × 10^284 |
| 156 | aaa_76_25 | 4.905937844250279 × 10^284 |
| 155 | ov_155 | 1.2762756030803591 × 10^285 |
| 154 | ov_154 | 2.552243499167536 × 10^285 |
| 153 | ov_153 | 4.552071562023359 × 10^285 |
| 152 | ov_152 | 7.547713577910509 × 10^285 |
| 151 | ov_151 | 1.1849508830807053 × 10^286 |
| 150 | ov_150 | 1.7806192757597125 × 10^286 |
| 149 | ov_149 | 2.5804916688380354 × 10^286 |
| 148 | ov_148 | 3.6271286050648303 × 10^286 |
| 147 | ov_147 | 4.966943098300251 × 10^286 |
| 146 | ov_146 | 6.650212649332036 × 10^286 |
| 145 | ov_145 | 8.731098190374274 × 10^286 |
| 144 | ov_144 | 1.1267672193291782 × 10^287 |
| 143 | ov_143 | 1.4321958437492912 × 10^287 |
| 142 | ov_142 | 1.795998619447678 × 10^287 |
| 141 | ov_141 | 2.2251861847293222 × 10^287 |
| 140 | ov_140 | 2.727186122483092 × 10^287 |
| 139 | ov_139 | 3.3098546193157937 × 10^287 |
| 138 | ov_138 | 3.981490930951021 × 10^287 |
| 137 | ov_137 | 4.750855060953806 × 10^287 |
| 136 | ov_136 | 5.627189086584618 × 10^287 |
| 135 | ov_135 | 6.620242592667635 × 10^287 |
| 134 | ov_134 | 7.735297581782154 × 10^287 |
| 133 | ov_133 | 8.983213857811584 × 10^287 |
| 132 | ov_132 | 1.0375464707640326 × 10^288 |
| 131 | ov_131 | 1.1924183936845316 × 10^288 |
| 130 | ov_130 | 1.1924192072530976 × 10^288 |
| 129 | ov_129 | 1.1924225676374134 × 10^288 |
| 128 | aaa_77_29 | 1.2781512259272545 × 10^288 |
| 127 | aaa_77_28 | 3.404418916990409 × 10^288 |
| 126 | ov_126 | 1.0651451911778571 × 10^289 |
| 125 | ov_125 | 2.3906415117701167 × 10^289 |
| 124 | ov_124 | 4.548950158240948 × 10^289 |
| 123 | ov_123 | 7.772092913011381 × 10^289 |
| 122 | ov_122 | 1.2292101004113723 × 10^290 |
| 121 | ov_121 | 1.8341033232603354 × 10^290 |
| 120 | ov_120 | 2.6151011465520168 × 10^290 |
| 119 | ov_119 | 3.595427786351903 × 10^290 |
| 118 | ov_118 | 4.7983279636750625 × 10^290 |
| 117 | ov_117 | 6.247079780454214 × 10^290 |
| 116 | ov_116 | 7.96501471539107 × 10^290 |
| 115 | ov_115 | 9.975546962952992 × 10^290 |
| 114 | ov_114 | 1.2302213650736984 × 10^291 |
| 113 | ov_113 | 1.4968727470681698 × 10^291 |
| 112 | ov_112 | 1.833889039223874 × 10^291 |
| 111 | ov_111 | 2.280078343514552 × 10^291 |
| 110 | ov_110 | 2.8767189975196294 × 10^291 |
| 109 | ov_109 | 3.667613670942006 × 10^291 |
| 108 | ov_108 | 4.699157239379736 × 10^291 |
| 107 | ov_107 | 6.020420602095082 × 10^291 |
| 106 | ov_106 | 7.683252767104043 × 10^291 |
| 105 | ov_105 | 9.742403685107375 × 10^291 |
| 104 | ov_104 | 1.2255670474179707 × 10^292 |
| 103 | ov_103 | 1.5284069840426513 × 10^292 |
| 102 | ov_102 | 1.8892039666840818 × 10^292 |
| 101 | ov_101 | 2.314767291431534 × 10^292 |
| 100 | ov_100 | 2.8122987156312034 × 10^292 |
| 99 | ov_099 | 3.389423325334711 × 10^292 |
| 98 | ov_098 | 3.389433255869771 × 10^292 |
| 97 | ov_097 | 3.389464267489785 × 10^292 |
| 96 | aaa_78_29 | 6.585221445194957 × 10^292 |
| 95 | aaa_78_28 | 2.1884437321873373 × 10^293 |
| 94 | ov_094 | 7.179213076309309 × 10^293 |
| 93 | ov_093 | 1.6991975122878032 × 10^294 |
| 92 | ov_092 | 3.445137758889586 × 10^294 |
| 91 | ov_091 | 6.318706881524918 × 10^294 |
| 90 | ov_090 | 1.1126340884935025 × 10^295 |
| 89 | ov_089 | 1.883550378634859 × 10^295 |
| 88 | ov_088 | 3.0574734116560836 × 10^295 |
| 87 | ov_087 | 4.763373143399192 × 10^295 |
| 86 | ov_086 | 7.146350034714578 × 10^295 |
| 85 | ov_085 | 1.0367657045496655 × 10^296 |
| 84 | ov_084 | 1.4604731077040778 × 10^296 |
| 83 | ov_083 | 2.005123571946029 × 10^296 |
| 82 | ov_082 | 2.691711716133501 × 10^296 |
| 81 | ov_081 | 3.5428675119576012 × 10^296 |
| 64 | lv_79_m31 | 4.110464282836662 × 10^296 |
| 80 | ov_080 | 4.5828650648895605 × 10^296 |
| 79 | ov_079 | 5.837633269257299 × 10^296 |
| 78 | ov_078 | 7.334768523987282 × 10^296 |
| 77 | ov_077 | 9.103549696115142 × 10^296 |
| 76 | ov_076 | 1.1174955520017661 × 10^297 |
| 75 | ov_075 | 1.3581684961389556 × 10^297 |
| 74 | ov_074 | 1.635818212018828 × 10^297 |
| 73 | ov_073 | 1.9540668364756625 × 10^297 |
| 63 | ov_063 | 2.1078136727537995 × 10^297 |
| 72 | ov_072 | 2.316718490161318 × 10^297 |
| 71 | ov_071 | 2.7277649185442738 × 10^297 |
| 70 | ov_070 | 3.191392877877636 × 10^297 |
| 69 | ov_069 | 3.711993648191636 × 10^297 |
| 68 | ov_068 | 4.29417507722213 × 10^297 |
| 67 | ov_067 | 4.9427765819484324 × 10^297 |
| 66 | ov_066 | 4.942779610347798 × 10^297 |
| 65 | ov_065 | 4.942792303515723 × 10^297 |
| 62 | ov_062 | 1.0806367300684638 × 10^298 |
| 61 | ov_061 | 3.936589240149603 × 10^298 |
| 60 | ov_060 | 1.12620316096238 × 10^299 |
| 59 | ov_059 | 2.7159126018587244 × 10^299 |
| 58 | ov_058 | 5.5098846751459966 × 10^299 |
| 57 | ov_057 | 9.95203936681489 × 10^299 |
| 56 | ov_056 | 1.6583122854137037 × 10^300 |
| 55 | ov_055 | 2.6581463710946903 × 10^300 |
| 54 | ov_054 | 4.131908493484882 × 10^300 |
| 53 | ov_053 | 6.236176801124776 × 10^300 |
| 52 | ov_052 | 9.146916846339572 × 10^300 |
| 51 | ov_051 | 1.3059501233555512 × 10^301 |
| 50 | ov_050 | 1.8188742119077804 × 10^301 |
| 49 | ov_049 | 2.476894337555228 × 10^301 |
| 48 | ov_048 | 3.3053980805272617 × 10^301 |
| 47 | ov_047 | 4.331742007553488 × 10^301 |
| 32 | lv_80_m31 | 4.964838388097511 × 10^301 |
| 46 | ov_046 | 5.585268333927287 × 10^301 |
| 45 | ov_045 | 7.097327679580301 × 10^301 |
| 44 | ov_044 | 8.9013092740284 × 10^301 |
| 43 | ov_043 | 1.1032680094721847 × 10^302 |
| 42 | ov_042 | 1.3529034553399615 × 10^302 |
| 41 | ov_041 | 1.6430156475626313 × 10^302 |
| 40 | ov_040 | 1.9778095249907416 × 10^302 |
| 39 | ov_039 | 2.3617258154776854 × 10^302 |
| 31 | ov_031 | 2.5463997096353046 × 10^302 |
| 38 | ov_038 | 2.799452100518813 × 10^302 |
| 37 | ov_037 | 3.295935939358837 × 10^302 |
| 36 | ov_036 | 3.8564002936404427 × 10^302 |
| 35 | ov_035 | 4.48636150735521 × 10^302 |
| 34 | ov_034 | 5.191650110731432 × 10^302 |
| 33 | ov_033 | 5.978434730801027 × 10^302 |
| 30 | ov_030 | 1.3057417470322158 × 10^303 |
| 29 | ov_029 | 4.271728845230579 × 10^303 |
| 28 | ov_028 | 1.1087108438088774 × 10^304 |
| 27 | ov_027 | 2.4780005935202182 × 10^304 |
| 26 | ov_026 | 5.257897137789498 × 10^304 |
| 25 | ov_025 | 1.0405716576223966 × 10^305 |
| 24 | ov_024 | 1.9113242121523908 × 10^305 |
| 23 | ov_023 | 3.280674277527527 × 10^305 |
| 22 | ov_022 | 5.314702064430047 × 10^305 |
| 21 | ov_021 | 8.202951141196321 × 10^305 |
| 20 | ov_020 | 1.2158446760739678 × 10^306 |
| 19 | ov_019 | 1.7417725791389802 × 10^306 |
| 18 | ov_018 | 2.424088273119581 × 10^306 |
| 17 | ov_017 | 3.2911638778995694 × 10^306 |
| 16 | ov_016 | 4.37374437199829 × 10^306 |
| 15 | ov_015 | 5.7049622377329195 × 10^306 |
| 14 | ov_014 | 7.320357893209819 × 10^306 |
| 13 | ov_013 | 9.257907396568515 × 10^306 |
| 12 | ov_012 | 1.1558059063322087 × 10^307 |
| 11 | ov_011 | 1.4263780793411852 × 10^307 |
| 10 | ov_010 | 1.7420620060915997 × 10^307 |
| 9 | ov_009 | 2.107677867648665 × 10^307 |
| 8 | ov_008 | 2.5283204590886337 × 10^307 |
| 7 | ov_007 | 3.0093703167893754 × 10^307 |
| 6 | ov_006 | 3.5565070516894474 × 10^307 |
| 5 | ov_005 | 4.175725164032284 × 10^307 |
| 4 | ov_004 | 4.873352631955856 × 10^307 |
| 3 | ov_003 | 5.656072583582136 × 10^307 |
| 2 | ov_002 | 6.530948380111149 × 10^307 |
| 1 | ov_001 | 7.505452455952836 × 10^307 |

