# Results for F001-F002-F003-F004-F005-F006-F007-F008-F009-F010-F011-F012-F013-F014-F015-F016-F017-F018-F019-F020-F021-F022-F023-F024-F025-F026-F027-F028-F029-F030-F031-F032-F033-F034-F035-F036-F037-F038-F039-F040-F041-F042-F043-F044-F045-F046-F047-F048-F049-F050-F051-F052-F053-F054-F055-F056-F057-F058-F059-F060-F061-F062-F063-F064-F065-F066-F067-F068-F069-F070-F071-F072-F073-F074-F075-F076-F077-F078-F079-F080-F081-F082-F083-F084-F085-F086-F087-F088-F089-F090-F091-F092-F093-F094-F095-F096-F097-F098-F099-F100-F101-F102-F103-F104-F105-F106-F107-F108-F109-F110-F111-F112-F113-F114-F115-F116-F117-F118-F119-F120-F121-F122-F123-F124-F125-F126-F127-F128-F129-F130-F131-F132-F133-F134-F135-F136-F137-F138-F139-F140-F141-F142-F143-F144-F145-F146-F147-F148-F149-F150-F151-F152-F153-F154-F155-F156-F157-F158-F159-F160-F161-F162-F163-F164-F165-F166-F167-F168-F169-F170-F171-F172-F173-F174-F175-F176-F177-F178-F179-F180-F181-F182-F183-F184-F185-F186-F187-F188-F189-F190-F191-F192-F193-F194-F195-F196-F197-F198-F199-F200-F201-F202-F203-F204-F205-F206-F207-F208-F209-F210-F211-F212-F213-F214-F215-F216-F217-F218-F219-F220-F221-F222-F223-F224-F225-F226-F227-F228-F229-F230-F231-F232-F233-F234-F235-F236-F237-F238-F239-F240-F241-F242-F243-F244-F245-F246-F247-F248-F249-F250-F251-F252-F253-F254-F255-F256-F257-F258-F259-F260-F261-F262-F263-F264-F265-F266-F267-F268-F269-F270-F271-F272-F273-F274-F275-F276-F277-F278-F279-F280-F281-F282-F283-F284-F285-F286-F287-F288-F289-F290-F291-F292-F293-F294-F295-F296-F297-F298-F299-F300-F301-F302-F303-F304-F305-F306-F307-F308-F309-F310-F311-F312-F313-F314-F315-F316-F317-F318-F319-F320-F321-F322-F323-F324-F325-F326-F327-F328-F329-F330-F331-F332-F333-F334-F335-F336-F337-F338-F339-F340-F341-F342-F343-F344-F345-F346-F347-F348-F349-F350-F351-F352-F353-F354-F355-F356-F357-F358-F359-F360-F361-F362-F363-F364-F365-F366-F367-F368-F369-F370-F371-F372-F373-F374-F375-F376-F377-F378-F379-F380-F381-F382-F383-F384-F385-F386-F387-F388-F389-F390-F391-F392-F393-F394-F395-F396-F397-F398-F399-F400-F401-F402-F403-F404-F405-F406-F407-F408-F409-F410-F411-F412-F413-F414-F415-F416-F417-F418-F419-F420-F421-F422-F423-F424-F425-F426-F427-F428-F429-F430-F431-F432-F433-F434-F435-F436-F437-F438-F439-F440-F441-F442-F443-F444-F445-F446-F447-F448-F449-F450-F451-F452-F453-F454-F455-F456-F457-F458-F459-F460-F461-F462-F463-F464-F465-F466-F467-F468-F469-F470-F471-F472-F473-F474-F475-F476-F477-F478-F479-F480-F481-F482-F483-F484-F485-F486-F487-F488-F489-F490-F491-F492-F493-F494-F495-F496-O500505-E508510-F512

## Summary

Number of input bits: 512  
Number of free input bits: 13  
Number of output bits: 160

Number of direct occurrences: 53266  
Number of assignments: 31903  
Number of operations: 11278452
(xor: 11249946,
and: 14897,
or: 13609)

Total complexity: 1.5924570900387785 × 10^302

Least occurring input variable: iv_502 (3844)  
Most occurring input variable: iv_508 (4300)

Most co-occurring input variables: iv_507-iv_508 (2106)  
Least co-occurring input variables: iv_499-iv_502 (1735)

Potentially most occurring input variable: iv_500/iv_511 (4509)  
Potentially least occurring input variable: iv_504/iv_506 (4165)

Least output occurring input variable: iv_500 (71)  
Most output occurring input variable: iv_497 (93)

Most output co-occurring input variables: iv_497-iv_503 (53)  
Least output co-occurring input variables: iv_502-iv_503 (29)

Potentially most output occurring input variable: iv_503/iv_508 (98)  
Potentially least output occurring input variable: iv_497/iv_503 (70)

Least complex input bit: iv_511 (3.511138054190769 × 10^298)  
Most complex input bit: iv_508 (5.105297241397237 × 10^301)

Least complex output bit: aaa_76_29 (2.727073293778423 × 10^277)  
Most complex output bit: ov_001 (2.489600947195695 × 10^301)

Least complex input/output complexity: iv_511/aaa_76_29 (6.012803031395729 × 10^273)  
Most complex input/output complexity: iv_508/ov_001 (7.981472736316319 × 10^300)

## Input Bits

### Input Bits in Regular Order

| Input Bit | Complexity | Occurrences | Output Occurrences |
|:---------:|:----------:|:-----------:|:------------------:|
| iv_497 | 1.6471543087034773 × 10^299 | 4151 | 93 |
| iv_498 | 3.282314916636623 × 10^299 | 3954 | 88 |
| iv_499 | 5.776532807849023 × 10^299 | 3919 | 72 |
| iv_500 | 1.0974744181959806 × 10^301 | 4210 | 71 |
| iv_501 | 1.633263284011463 × 10^300 | 4100 | 83 |
| iv_502 | 2.6536735304322504 × 10^300 | 3844 | 71 |
| iv_503 | 4.2137226769002825 × 10^300 | 4186 | 83 |
| iv_504 | 6.551318784517612 × 10^300 | 3948 | 71 |
| iv_506 | 1.5019399771560032 × 10^301 | 3987 | 81 |
| iv_507 | 2.2205826770307675 × 10^301 | 4195 | 76 |
| iv_508 | 5.105297241397237 × 10^301 | 4300 | 83 |
| iv_509 | 4.3835076006355604 × 10^301 | 4237 | 79 |
| iv_511 | 3.511138054190769 × 10^298 | 4235 | 80 |

### Input Bits Sorted by Complexity

| Input Bit | Complexity | Occurrences | Output Occurrences |
|:---------:|:----------:|:-----------:|:------------------:|
| iv_511 | 3.511138054190769 × 10^298 | 4235 | 80 |
| iv_497 | 1.6471543087034773 × 10^299 | 4151 | 93 |
| iv_498 | 3.282314916636623 × 10^299 | 3954 | 88 |
| iv_499 | 5.776532807849023 × 10^299 | 3919 | 72 |
| iv_501 | 1.633263284011463 × 10^300 | 4100 | 83 |
| iv_502 | 2.6536735304322504 × 10^300 | 3844 | 71 |
| iv_503 | 4.2137226769002825 × 10^300 | 4186 | 83 |
| iv_504 | 6.551318784517612 × 10^300 | 3948 | 71 |
| iv_500 | 1.0974744181959806 × 10^301 | 4210 | 71 |
| iv_506 | 1.5019399771560032 × 10^301 | 3987 | 81 |
| iv_507 | 2.2205826770307675 × 10^301 | 4195 | 76 |
| iv_509 | 4.3835076006355604 × 10^301 | 4237 | 79 |
| iv_508 | 5.105297241397237 × 10^301 | 4300 | 83 |

### Input Bits Sorted by Occurrences

| Input Bit | Complexity | Occurrences | Output Occurrences |
|:---------:|:----------:|:-----------:|:------------------:|
| iv_502 | 2.6536735304322504 × 10^300 | 3844 | 71 |
| iv_499 | 5.776532807849023 × 10^299 | 3919 | 72 |
| iv_504 | 6.551318784517612 × 10^300 | 3948 | 71 |
| iv_498 | 3.282314916636623 × 10^299 | 3954 | 88 |
| iv_506 | 1.5019399771560032 × 10^301 | 3987 | 81 |
| iv_501 | 1.633263284011463 × 10^300 | 4100 | 83 |
| iv_497 | 1.6471543087034773 × 10^299 | 4151 | 93 |
| iv_503 | 4.2137226769002825 × 10^300 | 4186 | 83 |
| iv_507 | 2.2205826770307675 × 10^301 | 4195 | 76 |
| iv_500 | 1.0974744181959806 × 10^301 | 4210 | 71 |
| iv_511 | 3.511138054190769 × 10^298 | 4235 | 80 |
| iv_509 | 4.3835076006355604 × 10^301 | 4237 | 79 |
| iv_508 | 5.105297241397237 × 10^301 | 4300 | 83 |

### Input Bits Sorted by Output Occurrences

| Input Bit | Complexity | Occurrences | Output Occurrences |
|:---------:|:----------:|:-----------:|:------------------:|
| iv_500 | 1.0974744181959806 × 10^301 | 4210 | 71 |
| iv_502 | 2.6536735304322504 × 10^300 | 3844 | 71 |
| iv_504 | 6.551318784517612 × 10^300 | 3948 | 71 |
| iv_499 | 5.776532807849023 × 10^299 | 3919 | 72 |
| iv_507 | 2.2205826770307675 × 10^301 | 4195 | 76 |
| iv_509 | 4.3835076006355604 × 10^301 | 4237 | 79 |
| iv_511 | 3.511138054190769 × 10^298 | 4235 | 80 |
| iv_506 | 1.5019399771560032 × 10^301 | 3987 | 81 |
| iv_501 | 1.633263284011463 × 10^300 | 4100 | 83 |
| iv_503 | 4.2137226769002825 × 10^300 | 4186 | 83 |
| iv_508 | 5.105297241397237 × 10^301 | 4300 | 83 |
| iv_498 | 3.282314916636623 × 10^299 | 3954 | 88 |
| iv_497 | 1.6471543087034773 × 10^299 | 4151 | 93 |

## Input Bit Co-occurrences

### Input Bit Co-occurrences Sorted by Co-occurrences

| Input Bits | Co-occurrences | Potential Occurrences | Output Co-occurrences | Potential Output Occurrences |
|:----------:|:--------------:|:---------------------:|:---------------------:|:----------------------------:|
| iv_507-iv_508 | 2106 | 4283 | 39 | 81 |
| iv_508-iv_509 | 2077 | 4383 | 35 | 92 |
| iv_509-iv_511 | 2075 | 4322 | 36 | 87 |
| iv_503-iv_511 | 2058 | 4305 | 42 | 79 |
| iv_497-iv_507 | 2052 | 4242 | 44 | 81 |
| iv_497-iv_509 | 2043 | 4302 | 51 | 70 |
| iv_501-iv_511 | 2039 | 4257 | 39 | 85 |
| iv_507-iv_509 | 2038 | 4356 | 38 | 79 |
| iv_501-iv_509 | 2034 | 4269 | 42 | 78 |
| iv_508-iv_511 | 2031 | 4473 | 43 | 77 |
| iv_503-iv_507 | 2031 | 4319 | 37 | 85 |
| iv_503-iv_509 | 2029 | 4365 | 40 | 82 |
| iv_500-iv_508 | 2028 | 4454 | 37 | 80 |

### Input Bit Co-occurrences Sorted by Potential Occurrences

| Input Bits | Co-occurrences | Potential Occurrences | Output Co-occurrences | Potential Output Occurrences |
|:----------:|:--------------:|:---------------------:|:---------------------:|:----------------------------:|
| iv_504-iv_506 | 1885 | 4165 | 38 | 76 |
| iv_499-iv_504 | 1850 | 4167 | 30 | 83 |
| iv_506-iv_507 | 2005 | 4172 | 39 | 79 |
| iv_499-iv_509 | 1984 | 4188 | 38 | 75 |
| iv_500-iv_504 | 1975 | 4208 | 32 | 78 |
| iv_498-iv_504 | 1843 | 4216 | 40 | 79 |
| iv_497-iv_504 | 1941 | 4217 | 44 | 76 |
| iv_498-iv_499 | 1827 | 4219 | 44 | 72 |
| iv_498-iv_506 | 1860 | 4221 | 41 | 87 |
| iv_497-iv_501 | 2011 | 4229 | 48 | 80 |
| iv_502-iv_504 | 1781 | 4230 | 33 | 76 |
| iv_502-iv_506 | 1799 | 4233 | 38 | 76 |
| iv_499-iv_501 | 1892 | 4235 | 33 | 89 |

### Input Bit Output Co-occurrences Sorted by Output Co-occurrences

| Input Bits | Co-occurrences | Potential Occurrences | Output Co-occurrences | Potential Output Occurrences |
|:----------:|:--------------:|:---------------------:|:---------------------:|:----------------------------:|
| iv_497-iv_503 | 2006 | 4325 | 53 | 70 |
| iv_497-iv_506 | 1951 | 4236 | 51 | 72 |
| iv_497-iv_509 | 2043 | 4302 | 51 | 70 |
| iv_497-iv_498 | 1897 | 4311 | 50 | 81 |
| iv_498-iv_508 | 1966 | 4322 | 49 | 73 |
| iv_498-iv_501 | 1879 | 4296 | 48 | 75 |
| iv_497-iv_501 | 2011 | 4229 | 48 | 80 |
| iv_498-iv_503 | 1889 | 4362 | 47 | 77 |
| iv_497-iv_511 | 2014 | 4358 | 47 | 79 |
| iv_497-iv_500 | 1955 | 4451 | 44 | 76 |
| iv_497-iv_504 | 1941 | 4217 | 44 | 76 |
| iv_497-iv_507 | 2052 | 4242 | 44 | 81 |
| iv_498-iv_499 | 1827 | 4219 | 44 | 72 |

### Input Bit Output Co-occurrences Sorted by Potential Output Occurrences

| Input Bits | Co-occurrences | Potential Occurrences | Output Co-occurrences | Potential Output Occurrences |
|:----------:|:--------------:|:---------------------:|:---------------------:|:----------------------------:|
| iv_497-iv_503 | 2006 | 4325 | 53 | 70 |
| iv_497-iv_509 | 2043 | 4302 | 51 | 70 |
| iv_497-iv_506 | 1951 | 4236 | 51 | 72 |
| iv_499-iv_507 | 1923 | 4268 | 38 | 72 |
| iv_498-iv_499 | 1827 | 4219 | 44 | 72 |
| iv_498-iv_508 | 1966 | 4322 | 49 | 73 |
| iv_498-iv_501 | 1879 | 4296 | 48 | 75 |
| iv_500-iv_511 | 1968 | 4509 | 38 | 75 |
| iv_499-iv_509 | 1984 | 4188 | 38 | 75 |
| iv_502-iv_507 | 1888 | 4263 | 36 | 75 |
| iv_502-iv_504 | 1781 | 4230 | 33 | 76 |
| iv_504-iv_508 | 1961 | 4326 | 39 | 76 |
| iv_504-iv_509 | 1960 | 4265 | 37 | 76 |

## Output Bits

### Output Bits in Regular Order

| Rank | Output Bit | Complexity |
|:----:|:----------:|:----------:|
| 1 | ov_001 | 2.489600947195695 × 10^301 |
| 2 | ov_002 | 2.166354586809793 × 10^301 |
| 3 | ov_003 | 1.8761548170507594 × 10^301 |
| 4 | ov_004 | 1.6165231163296116 × 10^301 |
| 5 | ov_005 | 1.3851166402345579 × 10^301 |
| 6 | ov_006 | 1.179718655502879 × 10^301 |
| 7 | ov_007 | 9.982302204117832 × 10^300 |
| 8 | ov_008 | 8.386629967872259 × 10^300 |
| 9 | ov_009 | 6.991330849675677 × 10^300 |
| 10 | ov_010 | 5.7785577897552444 × 10^300 |
| 11 | ov_011 | 4.731411448867384 × 10^300 |
| 12 | ov_012 | 3.83390330970995 × 10^300 |
| 13 | ov_013 | 3.0709252365242145 × 10^300 |
| 14 | ov_014 | 2.4282246871334274 × 10^300 |
| 15 | ov_015 | 1.892384824742872 × 10^300 |
| 16 | ov_016 | 1.4508088293762168 × 10^300 |
| 17 | ov_017 | 1.0917077609888414 × 10^300 |
| 18 | ov_018 | 8.040913781944201 × 10^299 |
| 19 | ov_019 | 5.777613682536122 × 10^299 |
| 20 | ov_020 | 4.0330649556706096 × 10^299 |
| 21 | ov_021 | 2.7209922743334483 × 10^299 |
| 22 | ov_022 | 1.7629344730533567 × 10^299 |
| 23 | ov_023 | 1.088229319407346 × 10^299 |
| 24 | ov_024 | 6.340036120890412 × 10^298 |
| 25 | ov_025 | 3.45167120339689 × 10^298 |
| 26 | ov_026 | 1.7440926303585033 × 10^298 |
| 27 | ov_027 | 8.219754561948152 × 10^297 |
| 28 | ov_028 | 3.6776943541085015 × 10^297 |
| 29 | ov_029 | 1.4169703713939454 × 10^297 |
| 30 | ov_030 | 4.331257145889534 × 10^296 |
| 31 | ov_031 | 8.446612906582726 × 10^295 |
| 32 | lv_80_m31 | 1.6468738249760002 × 10^295 |
| 33 | ov_033 | 1.982893236913348 × 10^296 |
| 34 | ov_034 | 1.7219128962154592 × 10^296 |
| 35 | ov_035 | 1.4879622743604495 × 10^296 |
| 36 | ov_036 | 1.278997333950376 × 10^296 |
| 37 | ov_037 | 1.0930855733288654 × 10^296 |
| 38 | ov_038 | 9.283981908194514 × 10^295 |
| 39 | ov_039 | 7.832032777587895 × 10^295 |
| 40 | ov_040 | 6.558599427107032 × 10^295 |
| 41 | ov_041 | 5.448132751997795 × 10^295 |
| 42 | ov_042 | 4.485900629472374 × 10^295 |
| 43 | ov_043 | 3.657951819639102 × 10^295 |
| 44 | ov_044 | 2.9510858398981786 × 10^295 |
| 45 | ov_045 | 2.352828106990499 × 10^295 |
| 46 | ov_046 | 1.851409688421208 × 10^295 |
| 47 | ov_047 | 1.43575105102907 × 10^295 |
| 48 | ov_048 | 1.0954492392861606 × 10^295 |
| 49 | ov_049 | 8.207679597152217 × 10^294 |
| 50 | ov_050 | 6.026300908062368 × 10^294 |
| 51 | ov_051 | 4.3261218017764935 × 10^294 |
| 52 | ov_052 | 3.0294053261613187 × 10^294 |
| 53 | ov_053 | 2.064885341731869 × 10^294 |
| 54 | ov_054 | 1.367748988050309 × 10^294 |
| 55 | ov_055 | 8.796256519879191 × 10^293 |
| 56 | ov_056 | 5.485802182440409 × 10^293 |
| 57 | ov_057 | 3.29109046971485 × 10^293 |
| 58 | ov_058 | 1.8213771074405177 × 10^293 |
| 59 | ov_059 | 8.973610270978485 × 10^292 |
| 60 | ov_060 | 3.7187965502173546 × 10^292 |
| 61 | ov_061 | 1.29907569574714 × 10^292 |
| 62 | ov_062 | 3.5639293579908947 × 10^291 |
| 63 | ov_063 | 6.947158253829629 × 10^290 |
| 64 | lv_79_m31 | 1.3539371971705066 × 10^290 |
| 65 | ov_065 | 1.629660962893462 × 10^291 |
| 66 | ov_066 | 1.6296561281284117 × 10^291 |
| 67 | ov_067 | 1.6296549449262905 × 10^291 |
| 68 | ov_068 | 1.4131599770017419 × 10^291 |
| 69 | ov_069 | 1.2195772541631908 × 10^291 |
| 70 | ov_070 | 1.0470749851538283 × 10^291 |
| 71 | ov_071 | 8.939340390912302 × 10^290 |
| 72 | ov_072 | 7.585403192170791 × 10^290 |
| 73 | ov_073 | 6.393778119111984 × 10^290 |
| 74 | ov_074 | 5.3502227494408934 × 10^290 |
| 75 | ov_075 | 4.441355303761165 × 10^290 |
| 76 | ov_076 | 3.654603286963537 × 10^290 |
| 77 | ov_077 | 2.9781575176035325 × 10^290 |
| 78 | ov_078 | 2.400931228644834 × 10^290 |
| 79 | ov_079 | 1.912523929114937 × 10^290 |
| 80 | ov_080 | 1.5031897210126568 × 10^290 |
| 81 | ov_081 | 1.1638097694485794 × 10^290 |
| 82 | ov_082 | 8.858686266951163 × 10^289 |
| 83 | ov_083 | 6.614341127589651 × 10^289 |
| 84 | ov_084 | 4.831404564323003 × 10^289 |
| 85 | ov_085 | 3.4417440167737863 × 10^289 |
| 86 | ov_086 | 2.382639847793654 × 10^289 |
| 87 | ov_087 | 1.596696880663899 × 10^289 |
| 88 | ov_088 | 1.0317767621797592 × 10^289 |
| 89 | ov_089 | 6.409482131172029 × 10^288 |
| 90 | ov_090 | 3.824522282651668 × 10^288 |
| 91 | ov_091 | 2.1967928853432426 × 10^288 |
| 92 | ov_092 | 1.2115567230761387 × 10^288 |
| 93 | ov_093 | 6.053609782712139 × 10^287 |
| 94 | ov_094 | 2.592942741279321 × 10^287 |
| 95 | aaa_78_28 | 8.006537053672412 × 10^286 |
| 96 | aaa_78_29 | 2.458743476293485 × 10^286 |
| 97 | ov_097 | 1.6232591031100373 × 10^286 |
| 98 | ov_098 | 1.6232100351084282 × 10^286 |
| 99 | ov_099 | 1.6231943225622884 × 10^286 |
| 100 | ov_100 | 1.4604447661048137 × 10^286 |
| 101 | ov_101 | 1.3097599690662679 × 10^286 |
| 102 | ov_102 | 1.1704701214338165 × 10^286 |
| 103 | ov_103 | 1.0419542530814883 × 10^286 |
| 104 | ov_104 | 9.236340408897951 × 10^285 |
| 105 | ov_105 | 8.149681706257122 × 10^285 |
| 106 | ov_106 | 7.154472243658576 × 10^285 |
| 107 | ov_107 | 6.245890653707105 × 10^285 |
| 108 | ov_108 | 5.419346932389274 × 10^285 |
| 109 | ov_109 | 4.670445429147632 × 10^285 |
| 110 | ov_110 | 3.9949520171160045 × 10^285 |
| 111 | ov_111 | 3.388765189730713 × 10^285 |
| 112 | ov_112 | 2.8478908334096897 × 10^285 |
| 113 | ov_113 | 2.3684204285521234 × 10^285 |
| 114 | ov_114 | 1.946512432929698 × 10^285 |
| 115 | ov_115 | 1.578376602774967 × 10^285 |
| 116 | ov_116 | 1.2602610076640871 × 10^285 |
| 117 | ov_117 | 9.884414957652228 × 10^284 |
| 118 | ov_118 | 7.592133662877959 × 10^284 |
| 119 | ov_119 | 5.688850061074635 × 10^284 |
| 120 | ov_120 | 4.137732476160677 × 10^284 |
| 121 | ov_121 | 2.9020020488670382 × 10^284 |
| 122 | ov_122 | 1.9449123637924504 × 10^284 |
| 123 | ov_123 | 1.229736038940834 × 10^284 |
| 124 | ov_124 | 7.197556709042247 × 10^283 |
| 125 | ov_125 | 3.782582190043065 × 10^283 |
| 126 | ov_126 | 1.6853213709052238 × 10^283 |
| 127 | aaa_77_28 | 5.38662710383477 × 10^282 |
| 128 | aaa_77_29 | 2.022349247919751 × 10^282 |
| 129 | ov_129 | 1.8867054492043142 × 10^282 |
| 130 | ov_130 | 1.886700132250768 × 10^282 |
| 131 | ov_131 | 1.8866988449854234 × 10^282 |
| 132 | ov_132 | 1.641653414922967 × 10^282 |
| 133 | ov_133 | 1.421365126498849 × 10^282 |
| 134 | ov_134 | 1.2239141135747585 × 10^282 |
| 135 | ov_135 | 1.0474850202967713 × 10^282 |
| 136 | ov_136 | 8.903595588934017 × 10^281 |
| 137 | ov_137 | 7.517019867915419 × 10^281 |
| 138 | ov_138 | 6.29969680150072 × 10^281 |
| 139 | ov_139 | 5.237003152925907 × 10^281 |
| 140 | ov_140 | 4.315078444446126 × 10^281 |
| 141 | ov_141 | 3.520791214595433 × 10^281 |
| 142 | ov_142 | 2.841711046101203 × 10^281 |
| 143 | ov_143 | 2.266085678069368 × 10^281 |
| 144 | ov_144 | 1.78282255837001 × 10^281 |
| 145 | ov_145 | 1.381474234084556 × 10^281 |
| 146 | ov_146 | 1.0522270195477113 × 10^281 |
| 147 | ov_147 | 7.858924230209177 × 10^280 |
| 148 | ov_148 | 5.739008544347124 × 10^280 |
| 149 | ov_149 | 4.0829717797708956 × 10^280 |
| 150 | ov_150 | 2.8173771460837616 × 10^280 |
| 151 | ov_151 | 1.8748834086385116 × 10^280 |
| 152 | ov_152 | 1.1942337157124628 × 10^280 |
| 153 | ov_153 | 7.202495536681715 × 10^279 |
| 154 | ov_154 | 4.0382762355151265 × 10^279 |
| 155 | ov_155 | 2.0193815517874386 × 10^279 |
| 156 | aaa_76_25 | 7.762398930909463 × 10^278 |
| 157 | aaa_76_26 | 4.4858382427653045 × 10^278 |
| 158 | aaa_76_27 | 2.298146760131591 × 10^278 |
| 159 | aaa_76_28 | 8.957382228205485 × 10^277 |
| 160 | aaa_76_29 | 2.727073293778423 × 10^277 |

### Output Bits Sorted by Complexity

| Rank | Output Bit | Complexity |
|:----:|:----------:|:----------:|
| 160 | aaa_76_29 | 2.727073293778423 × 10^277 |
| 159 | aaa_76_28 | 8.957382228205485 × 10^277 |
| 158 | aaa_76_27 | 2.298146760131591 × 10^278 |
| 157 | aaa_76_26 | 4.4858382427653045 × 10^278 |
| 156 | aaa_76_25 | 7.762398930909463 × 10^278 |
| 155 | ov_155 | 2.0193815517874386 × 10^279 |
| 154 | ov_154 | 4.0382762355151265 × 10^279 |
| 153 | ov_153 | 7.202495536681715 × 10^279 |
| 152 | ov_152 | 1.1942337157124628 × 10^280 |
| 151 | ov_151 | 1.8748834086385116 × 10^280 |
| 150 | ov_150 | 2.8173771460837616 × 10^280 |
| 149 | ov_149 | 4.0829717797708956 × 10^280 |
| 148 | ov_148 | 5.739008544347124 × 10^280 |
| 147 | ov_147 | 7.858924230209177 × 10^280 |
| 146 | ov_146 | 1.0522270195477113 × 10^281 |
| 145 | ov_145 | 1.381474234084556 × 10^281 |
| 144 | ov_144 | 1.78282255837001 × 10^281 |
| 143 | ov_143 | 2.266085678069368 × 10^281 |
| 142 | ov_142 | 2.841711046101203 × 10^281 |
| 141 | ov_141 | 3.520791214595433 × 10^281 |
| 140 | ov_140 | 4.315078444446126 × 10^281 |
| 139 | ov_139 | 5.237003152925907 × 10^281 |
| 138 | ov_138 | 6.29969680150072 × 10^281 |
| 137 | ov_137 | 7.517019867915419 × 10^281 |
| 136 | ov_136 | 8.903595588934017 × 10^281 |
| 135 | ov_135 | 1.0474850202967713 × 10^282 |
| 134 | ov_134 | 1.2239141135747585 × 10^282 |
| 133 | ov_133 | 1.421365126498849 × 10^282 |
| 132 | ov_132 | 1.641653414922967 × 10^282 |
| 131 | ov_131 | 1.8866988449854234 × 10^282 |
| 130 | ov_130 | 1.886700132250768 × 10^282 |
| 129 | ov_129 | 1.8867054492043142 × 10^282 |
| 128 | aaa_77_29 | 2.022349247919751 × 10^282 |
| 127 | aaa_77_28 | 5.38662710383477 × 10^282 |
| 126 | ov_126 | 1.6853213709052238 × 10^283 |
| 125 | ov_125 | 3.782582190043065 × 10^283 |
| 124 | ov_124 | 7.197556709042247 × 10^283 |
| 123 | ov_123 | 1.229736038940834 × 10^284 |
| 122 | ov_122 | 1.9449123637924504 × 10^284 |
| 121 | ov_121 | 2.9020020488670382 × 10^284 |
| 120 | ov_120 | 4.137732476160677 × 10^284 |
| 119 | ov_119 | 5.688850061074635 × 10^284 |
| 118 | ov_118 | 7.592133662877959 × 10^284 |
| 117 | ov_117 | 9.884414957652228 × 10^284 |
| 116 | ov_116 | 1.2602610076640871 × 10^285 |
| 115 | ov_115 | 1.578376602774967 × 10^285 |
| 114 | ov_114 | 1.946512432929698 × 10^285 |
| 113 | ov_113 | 2.3684204285521234 × 10^285 |
| 112 | ov_112 | 2.8478908334096897 × 10^285 |
| 111 | ov_111 | 3.388765189730713 × 10^285 |
| 110 | ov_110 | 3.9949520171160045 × 10^285 |
| 109 | ov_109 | 4.670445429147632 × 10^285 |
| 108 | ov_108 | 5.419346932389274 × 10^285 |
| 107 | ov_107 | 6.245890653707105 × 10^285 |
| 106 | ov_106 | 7.154472243658576 × 10^285 |
| 105 | ov_105 | 8.149681706257122 × 10^285 |
| 104 | ov_104 | 9.236340408897951 × 10^285 |
| 103 | ov_103 | 1.0419542530814883 × 10^286 |
| 102 | ov_102 | 1.1704701214338165 × 10^286 |
| 101 | ov_101 | 1.3097599690662679 × 10^286 |
| 100 | ov_100 | 1.4604447661048137 × 10^286 |
| 99 | ov_099 | 1.6231943225622884 × 10^286 |
| 98 | ov_098 | 1.6232100351084282 × 10^286 |
| 97 | ov_097 | 1.6232591031100373 × 10^286 |
| 96 | aaa_78_29 | 2.458743476293485 × 10^286 |
| 95 | aaa_78_28 | 8.006537053672412 × 10^286 |
| 94 | ov_094 | 2.592942741279321 × 10^287 |
| 93 | ov_093 | 6.053609782712139 × 10^287 |
| 92 | ov_092 | 1.2115567230761387 × 10^288 |
| 91 | ov_091 | 2.1967928853432426 × 10^288 |
| 90 | ov_090 | 3.824522282651668 × 10^288 |
| 89 | ov_089 | 6.409482131172029 × 10^288 |
| 88 | ov_088 | 1.0317767621797592 × 10^289 |
| 87 | ov_087 | 1.596696880663899 × 10^289 |
| 86 | ov_086 | 2.382639847793654 × 10^289 |
| 85 | ov_085 | 3.4417440167737863 × 10^289 |
| 84 | ov_084 | 4.831404564323003 × 10^289 |
| 83 | ov_083 | 6.614341127589651 × 10^289 |
| 82 | ov_082 | 8.858686266951163 × 10^289 |
| 81 | ov_081 | 1.1638097694485794 × 10^290 |
| 64 | lv_79_m31 | 1.3539371971705066 × 10^290 |
| 80 | ov_080 | 1.5031897210126568 × 10^290 |
| 79 | ov_079 | 1.912523929114937 × 10^290 |
| 78 | ov_078 | 2.400931228644834 × 10^290 |
| 77 | ov_077 | 2.9781575176035325 × 10^290 |
| 76 | ov_076 | 3.654603286963537 × 10^290 |
| 75 | ov_075 | 4.441355303761165 × 10^290 |
| 74 | ov_074 | 5.3502227494408934 × 10^290 |
| 73 | ov_073 | 6.393778119111984 × 10^290 |
| 63 | ov_063 | 6.947158253829629 × 10^290 |
| 72 | ov_072 | 7.585403192170791 × 10^290 |
| 71 | ov_071 | 8.939340390912302 × 10^290 |
| 70 | ov_070 | 1.0470749851538283 × 10^291 |
| 69 | ov_069 | 1.2195772541631908 × 10^291 |
| 68 | ov_068 | 1.4131599770017419 × 10^291 |
| 67 | ov_067 | 1.6296549449262905 × 10^291 |
| 66 | ov_066 | 1.6296561281284117 × 10^291 |
| 65 | ov_065 | 1.629660962893462 × 10^291 |
| 62 | ov_062 | 3.5639293579908947 × 10^291 |
| 61 | ov_061 | 1.29907569574714 × 10^292 |
| 60 | ov_060 | 3.7187965502173546 × 10^292 |
| 59 | ov_059 | 8.973610270978485 × 10^292 |
| 58 | ov_058 | 1.8213771074405177 × 10^293 |
| 57 | ov_057 | 3.29109046971485 × 10^293 |
| 56 | ov_056 | 5.485802182440409 × 10^293 |
| 55 | ov_055 | 8.796256519879191 × 10^293 |
| 54 | ov_054 | 1.367748988050309 × 10^294 |
| 53 | ov_053 | 2.064885341731869 × 10^294 |
| 52 | ov_052 | 3.0294053261613187 × 10^294 |
| 51 | ov_051 | 4.3261218017764935 × 10^294 |
| 50 | ov_050 | 6.026300908062368 × 10^294 |
| 49 | ov_049 | 8.207679597152217 × 10^294 |
| 48 | ov_048 | 1.0954492392861606 × 10^295 |
| 47 | ov_047 | 1.43575105102907 × 10^295 |
| 32 | lv_80_m31 | 1.6468738249760002 × 10^295 |
| 46 | ov_046 | 1.851409688421208 × 10^295 |
| 45 | ov_045 | 2.352828106990499 × 10^295 |
| 44 | ov_044 | 2.9510858398981786 × 10^295 |
| 43 | ov_043 | 3.657951819639102 × 10^295 |
| 42 | ov_042 | 4.485900629472374 × 10^295 |
| 41 | ov_041 | 5.448132751997795 × 10^295 |
| 40 | ov_040 | 6.558599427107032 × 10^295 |
| 39 | ov_039 | 7.832032777587895 × 10^295 |
| 31 | ov_031 | 8.446612906582726 × 10^295 |
| 38 | ov_038 | 9.283981908194514 × 10^295 |
| 37 | ov_037 | 1.0930855733288654 × 10^296 |
| 36 | ov_036 | 1.278997333950376 × 10^296 |
| 35 | ov_035 | 1.4879622743604495 × 10^296 |
| 34 | ov_034 | 1.7219128962154592 × 10^296 |
| 33 | ov_033 | 1.982893236913348 × 10^296 |
| 30 | ov_030 | 4.331257145889534 × 10^296 |
| 29 | ov_029 | 1.4169703713939454 × 10^297 |
| 28 | ov_028 | 3.6776943541085015 × 10^297 |
| 27 | ov_027 | 8.219754561948152 × 10^297 |
| 26 | ov_026 | 1.7440926303585033 × 10^298 |
| 25 | ov_025 | 3.45167120339689 × 10^298 |
| 24 | ov_024 | 6.340036120890412 × 10^298 |
| 23 | ov_023 | 1.088229319407346 × 10^299 |
| 22 | ov_022 | 1.7629344730533567 × 10^299 |
| 21 | ov_021 | 2.7209922743334483 × 10^299 |
| 20 | ov_020 | 4.0330649556706096 × 10^299 |
| 19 | ov_019 | 5.777613682536122 × 10^299 |
| 18 | ov_018 | 8.040913781944201 × 10^299 |
| 17 | ov_017 | 1.0917077609888414 × 10^300 |
| 16 | ov_016 | 1.4508088293762168 × 10^300 |
| 15 | ov_015 | 1.892384824742872 × 10^300 |
| 14 | ov_014 | 2.4282246871334274 × 10^300 |
| 13 | ov_013 | 3.0709252365242145 × 10^300 |
| 12 | ov_012 | 3.83390330970995 × 10^300 |
| 11 | ov_011 | 4.731411448867384 × 10^300 |
| 10 | ov_010 | 5.7785577897552444 × 10^300 |
| 9 | ov_009 | 6.991330849675677 × 10^300 |
| 8 | ov_008 | 8.386629967872259 × 10^300 |
| 7 | ov_007 | 9.982302204117832 × 10^300 |
| 6 | ov_006 | 1.179718655502879 × 10^301 |
| 5 | ov_005 | 1.3851166402345579 × 10^301 |
| 4 | ov_004 | 1.6165231163296116 × 10^301 |
| 3 | ov_003 | 1.8761548170507594 × 10^301 |
| 2 | ov_002 | 2.166354586809793 × 10^301 |
| 1 | ov_001 | 2.489600947195695 × 10^301 |

