# Results for F001-F002-F003-F004-F005-F006-F007-F008-F009-F010-F011-F012-F013-F014-F015-F016-F017-F018-F019-F020-F021-F022-F023-F024-F025-F026-F027-F028-F029-F030-F031-F032-F033-F034-F035-F036-F037-F038-F039-F040-F041-F042-F043-F044-F045-F046-F047-F048-F049-F050-F051-F052-F053-F054-F055-F056-F057-F058-F059-F060-F061-F062-F063-F064-F065-F066-F067-F068-F069-F070-F071-F072-F073-F074-F075-F076-F077-F078-F079-F080-F081-F082-F083-F084-F085-F086-F087-F088-F089-F090-F091-F092-F093-F094-F095-F096-F097-F098-F099-F100-F101-F102-F103-F104-F105-F106-F107-F108-F109-F110-F111-F112-F113-F114-F115-F116-F117-F118-F119-F120-F121-F122-F123-F124-F125-F126-F127-F128-F129-F130-F131-F132-F133-F134-F135-F136-F137-F138-F139-F140-F141-F142-F143-F144-F145-F146-F147-F148-F149-F150-F151-F152-F153-F154-F155-F156-F157-F158-F159-F160-F161-F162-F163-F164-F165-F166-F167-F168-F169-F170-F171-F172-F173-F174-F175-F176-F177-F178-F179-F180-F181-F182-F183-F184-F185-F186-F187-F188-F189-F190-F191-F192-F193-F194-F195-F196-F197-F198-F199-F200-F201-F202-F203-F204-F205-F206-F207-F208-F209-F210-F211-F212-F213-F214-F215-F216-F217-F218-F219-F220-F221-F222-F223-F224-F225-F226-F227-F228-F229-F230-F231-F232-F233-F234-F235-F236-F237-F238-F239-F240-F241-F242-F243-F244-F245-F246-F247-F248-F249-F250-F251-F252-F253-F254-F255-F256-F257-F258-F259-F260-F261-F262-F263-F264-F265-F266-F267-F268-F269-F270-F271-F272-F273-F274-F275-F276-F277-F278-F279-F280-F281-F282-F283-F284-F285-F286-F287-F288-F289-F290-F291-F292-F293-F294-F295-F296-F297-F298-F299-F300-F301-F302-F303-F304-F305-F306-F307-F308-F309-F310-F311-F312-F313-F314-F315-F316-F317-F318-F319-F320-F321-F322-F323-F324-F325-F326-F327-F328-F329-F330-F331-F332-F333-F334-F335-F336-F337-F338-F339-F340-F341-F342-F343-F344-F345-F346-F347-F348-F349-F350-F351-F352-F353-F354-F355-F356-F357-F358-F359-F360-F361-F362-F363-F364-F365-F366-F367-F368-F369-F370-F371-F372-F373-F374-F375-F376-F377-F378-F379-F380-F381-F382-F383-F384-F385-F386-F387-F388-F389-F390-F391-F392-F393-F394-F395-F396-F397-F398-F399-F400-F401-F402-F403-F404-F405-F406-F407-F408-F409-F410-F411-F412-F413-F414-F415-F416-F417-F418-F419-F420-F421-F422-F423-F424-F425-F426-F427-F428-F429-F430-F431-F432-F433-F434-F435-F436-F437-F438-F439-F440-F441-F442-F443-F444-F445-F446-F447-F448-F449-F450-F451-F452-F453-F454-F455-F456-F457-F458-F459-F460-F461-F462-F463-F464-F465-F466-F467-F468-F469-F470-F471-F472-F473-F474-F475-F476-F477-F478-F479-F480-F481-F482-F483-F484-F485-F486-F487-F488-F489-F490-F491-F492-F493-F494-F495-F496-O500505-E504508-F512

## Summary

Number of input bits: 512  
Number of free input bits: 13  
Number of output bits: 160

Number of direct occurrences: 53518  
Number of assignments: 31940  
Number of operations: 11334105
(xor: 11305584,
and: 14908,
or: 13613)

Total complexity: 8.789077241449601 × 10^302

Least occurring input variable: iv_502 (3848)  
Most occurring input variable: iv_510 (4316)

Most co-occurring input variables: iv_509-iv_510 (2142)  
Least co-occurring input variables: iv_499-iv_502 (1737)

Potentially most occurring input variable: iv_500/iv_504 (4652)  
Potentially least occurring input variable: iv_499/iv_509 (4182)

Least output occurring input variable: iv_502 (71)  
Most output occurring input variable: iv_498 (91)

Most output co-occurring input variables: iv_497-iv_503 (50)  
Least output co-occurring input variables: iv_500-iv_502 (29)

Potentially most output occurring input variable: iv_504/iv_509 (93)  
Potentially least output occurring input variable: iv_507/iv_510 (63)

Least complex input bit: iv_511 (1.6577786296761243 × 10^299)  
Most complex input bit: iv_510 (2.182087362281068 × 10^302)

Least complex output bit: aaa_76_29 (3.155388459186872 × 10^277)  
Most complex output bit: ov_001 (1.374063545382862 × 10^302)

Least complex input/output complexity: iv_511/aaa_76_29 (5.951632250195046 × 10^273)  
Most complex input/output complexity: iv_510/ov_001 (3.411423764955489 × 10^301)

## Input Bits

### Input Bits in Regular Order

| Input Bit | Complexity | Occurrences | Output Occurrences |
|:---------:|:----------:|:-----------:|:------------------:|
| iv_497 | 7.777014661922535 × 10^299 | 4145 | 88 |
| iv_498 | 1.5497401243374 × 10^300 | 3969 | 91 |
| iv_499 | 2.7273814058793044 × 10^300 | 3925 | 72 |
| iv_500 | 5.1817092037438 × 10^301 | 4222 | 72 |
| iv_501 | 7.711428394668722 × 10^300 | 4108 | 83 |
| iv_502 | 1.252928025327019 × 10^301 | 3848 | 71 |
| iv_503 | 1.9895029182374226 × 10^301 | 4188 | 82 |
| iv_504 | 1.8080053981498648 × 10^302 | 4110 | 79 |
| iv_506 | 7.09138734722677 × 10^301 | 3997 | 80 |
| iv_507 | 1.0484448206235644 × 10^302 | 4204 | 75 |
| iv_509 | 2.0696666184011493 × 10^302 | 4247 | 80 |
| iv_510 | 2.182087362281068 × 10^302 | 4316 | 76 |
| iv_511 | 1.6577786296761243 × 10^299 | 4239 | 79 |

### Input Bits Sorted by Complexity

| Input Bit | Complexity | Occurrences | Output Occurrences |
|:---------:|:----------:|:-----------:|:------------------:|
| iv_511 | 1.6577786296761243 × 10^299 | 4239 | 79 |
| iv_497 | 7.777014661922535 × 10^299 | 4145 | 88 |
| iv_498 | 1.5497401243374 × 10^300 | 3969 | 91 |
| iv_499 | 2.7273814058793044 × 10^300 | 3925 | 72 |
| iv_501 | 7.711428394668722 × 10^300 | 4108 | 83 |
| iv_502 | 1.252928025327019 × 10^301 | 3848 | 71 |
| iv_503 | 1.9895029182374226 × 10^301 | 4188 | 82 |
| iv_500 | 5.1817092037438 × 10^301 | 4222 | 72 |
| iv_506 | 7.09138734722677 × 10^301 | 3997 | 80 |
| iv_507 | 1.0484448206235644 × 10^302 | 4204 | 75 |
| iv_504 | 1.8080053981498648 × 10^302 | 4110 | 79 |
| iv_509 | 2.0696666184011493 × 10^302 | 4247 | 80 |
| iv_510 | 2.182087362281068 × 10^302 | 4316 | 76 |

### Input Bits Sorted by Occurrences

| Input Bit | Complexity | Occurrences | Output Occurrences |
|:---------:|:----------:|:-----------:|:------------------:|
| iv_502 | 1.252928025327019 × 10^301 | 3848 | 71 |
| iv_499 | 2.7273814058793044 × 10^300 | 3925 | 72 |
| iv_498 | 1.5497401243374 × 10^300 | 3969 | 91 |
| iv_506 | 7.09138734722677 × 10^301 | 3997 | 80 |
| iv_501 | 7.711428394668722 × 10^300 | 4108 | 83 |
| iv_504 | 1.8080053981498648 × 10^302 | 4110 | 79 |
| iv_497 | 7.777014661922535 × 10^299 | 4145 | 88 |
| iv_503 | 1.9895029182374226 × 10^301 | 4188 | 82 |
| iv_507 | 1.0484448206235644 × 10^302 | 4204 | 75 |
| iv_500 | 5.1817092037438 × 10^301 | 4222 | 72 |
| iv_511 | 1.6577786296761243 × 10^299 | 4239 | 79 |
| iv_509 | 2.0696666184011493 × 10^302 | 4247 | 80 |
| iv_510 | 2.182087362281068 × 10^302 | 4316 | 76 |

### Input Bits Sorted by Output Occurrences

| Input Bit | Complexity | Occurrences | Output Occurrences |
|:---------:|:----------:|:-----------:|:------------------:|
| iv_502 | 1.252928025327019 × 10^301 | 3848 | 71 |
| iv_500 | 5.1817092037438 × 10^301 | 4222 | 72 |
| iv_499 | 2.7273814058793044 × 10^300 | 3925 | 72 |
| iv_507 | 1.0484448206235644 × 10^302 | 4204 | 75 |
| iv_510 | 2.182087362281068 × 10^302 | 4316 | 76 |
| iv_504 | 1.8080053981498648 × 10^302 | 4110 | 79 |
| iv_511 | 1.6577786296761243 × 10^299 | 4239 | 79 |
| iv_509 | 2.0696666184011493 × 10^302 | 4247 | 80 |
| iv_506 | 7.09138734722677 × 10^301 | 3997 | 80 |
| iv_503 | 1.9895029182374226 × 10^301 | 4188 | 82 |
| iv_501 | 7.711428394668722 × 10^300 | 4108 | 83 |
| iv_497 | 7.777014661922535 × 10^299 | 4145 | 88 |
| iv_498 | 1.5497401243374 × 10^300 | 3969 | 91 |

## Input Bit Co-occurrences

### Input Bit Co-occurrences Sorted by Co-occurrences

| Input Bits | Co-occurrences | Potential Occurrences | Output Co-occurrences | Potential Output Occurrences |
|:----------:|:--------------:|:---------------------:|:---------------------:|:----------------------------:|
| iv_509-iv_510 | 2142 | 4279 | 38 | 80 |
| iv_510-iv_511 | 2078 | 4399 | 37 | 81 |
| iv_509-iv_511 | 2078 | 4330 | 36 | 87 |
| iv_500-iv_510 | 2078 | 4382 | 35 | 78 |
| iv_503-iv_511 | 2057 | 4313 | 41 | 79 |
| iv_503-iv_510 | 2050 | 4404 | 41 | 76 |
| iv_504-iv_511 | 2047 | 4255 | 37 | 84 |
| iv_497-iv_507 | 2046 | 4257 | 41 | 81 |
| iv_501-iv_511 | 2043 | 4261 | 39 | 84 |
| iv_504-iv_510 | 2041 | 4344 | 39 | 77 |
| iv_507-iv_509 | 2041 | 4369 | 38 | 79 |
| iv_501-iv_509 | 2041 | 4273 | 44 | 75 |
| iv_497-iv_509 | 2040 | 4312 | 49 | 70 |

### Input Bit Co-occurrences Sorted by Potential Occurrences

| Input Bits | Co-occurrences | Potential Occurrences | Output Co-occurrences | Potential Output Occurrences |
|:----------:|:--------------:|:---------------------:|:---------------------:|:----------------------------:|
| iv_499-iv_509 | 1995 | 4182 | 41 | 70 |
| iv_506-iv_507 | 2007 | 4187 | 38 | 79 |
| iv_498-iv_506 | 1869 | 4228 | 42 | 87 |
| iv_502-iv_506 | 1806 | 4233 | 39 | 73 |
| iv_498-iv_499 | 1829 | 4236 | 43 | 77 |
| iv_497-iv_501 | 2007 | 4239 | 46 | 79 |
| iv_499-iv_501 | 1895 | 4243 | 33 | 89 |
| iv_497-iv_506 | 1949 | 4244 | 48 | 72 |
| iv_504-iv_511 | 2047 | 4255 | 37 | 84 |
| iv_497-iv_507 | 2046 | 4257 | 41 | 81 |
| iv_497-iv_502 | 1867 | 4259 | 39 | 81 |
| iv_501-iv_511 | 2043 | 4261 | 39 | 84 |
| iv_499-iv_503 | 1926 | 4261 | 35 | 84 |

### Input Bit Output Co-occurrences Sorted by Output Co-occurrences

| Input Bits | Co-occurrences | Potential Occurrences | Output Co-occurrences | Potential Output Occurrences |
|:----------:|:--------------:|:---------------------:|:---------------------:|:----------------------------:|
| iv_497-iv_503 | 2001 | 4331 | 50 | 70 |
| iv_497-iv_509 | 2040 | 4312 | 49 | 70 |
| iv_497-iv_498 | 1899 | 4316 | 49 | 81 |
| iv_498-iv_501 | 1883 | 4311 | 48 | 78 |
| iv_497-iv_506 | 1949 | 4244 | 48 | 72 |
| iv_498-iv_503 | 1893 | 4371 | 48 | 77 |
| iv_497-iv_501 | 2007 | 4239 | 46 | 79 |
| iv_498-iv_510 | 1992 | 4301 | 45 | 77 |
| iv_501-iv_509 | 2041 | 4273 | 44 | 75 |
| iv_498-iv_507 | 1911 | 4351 | 44 | 78 |
| iv_498-iv_511 | 1912 | 4384 | 44 | 82 |
| iv_507-iv_510 | 2013 | 4494 | 44 | 63 |
| iv_497-iv_511 | 2010 | 4364 | 44 | 79 |

### Input Bit Output Co-occurrences Sorted by Potential Output Occurrences

| Input Bits | Co-occurrences | Potential Occurrences | Output Co-occurrences | Potential Output Occurrences |
|:----------:|:--------------:|:---------------------:|:---------------------:|:----------------------------:|
| iv_507-iv_510 | 2013 | 4494 | 44 | 63 |
| iv_499-iv_507 | 1926 | 4277 | 39 | 69 |
| iv_497-iv_503 | 2001 | 4331 | 50 | 70 |
| iv_497-iv_509 | 2040 | 4312 | 49 | 70 |
| iv_499-iv_509 | 1995 | 4182 | 41 | 70 |
| iv_497-iv_506 | 1949 | 4244 | 48 | 72 |
| iv_499-iv_506 | 1797 | 4328 | 40 | 72 |
| iv_502-iv_507 | 1894 | 4264 | 37 | 72 |
| iv_500-iv_504 | 1840 | 4652 | 39 | 73 |
| iv_502-iv_506 | 1806 | 4233 | 39 | 73 |
| iv_504-iv_506 | 1850 | 4407 | 43 | 73 |
| iv_502-iv_510 | 1911 | 4342 | 37 | 73 |
| iv_499-iv_510 | 1921 | 4399 | 37 | 74 |

## Output Bits

### Output Bits in Regular Order

| Rank | Output Bit | Complexity |
|:----:|:----------:|:----------:|
| 1 | ov_001 | 1.374063545382862 × 10^302 |
| 2 | ov_002 | 1.1956558433423213 × 10^302 |
| 3 | ov_003 | 1.0354876261957516 × 10^302 |
| 4 | ov_004 | 8.921908751890236 × 10^301 |
| 5 | ov_005 | 7.644724628005411 × 10^301 |
| 6 | ov_006 | 6.511088728231977 × 10^301 |
| 7 | ov_007 | 5.509416082674525 × 10^301 |
| 8 | ov_008 | 4.6287322373535867 × 10^301 |
| 9 | ov_009 | 3.8586392230748606 × 10^301 |
| 10 | ov_010 | 3.189286602526507 × 10^301 |
| 11 | ov_011 | 2.6113470603647005 × 10^301 |
| 12 | ov_012 | 2.1159960318843527 × 10^301 |
| 13 | ov_013 | 1.6948948960519666 × 10^301 |
| 14 | ov_014 | 1.3401772883442155 × 10^301 |
| 15 | ov_015 | 1.0444381181093585 × 10^301 |
| 16 | ov_016 | 8.007249041488135 × 10^300 |
| 17 | ov_017 | 6.0253107098372504 × 10^300 |
| 18 | ov_018 | 4.4379087689002646 × 10^300 |
| 19 | ov_019 | 3.188756733038985 × 10^300 |
| 20 | ov_020 | 2.2259122365314902 × 10^300 |
| 21 | ov_021 | 1.5017583808335095 × 10^300 |
| 22 | ov_022 | 9.729910893662796 × 10^299 |
| 23 | ov_023 | 6.006106834306169 × 10^299 |
| 24 | ov_024 | 3.4991640260717734 × 10^299 |
| 25 | ov_025 | 1.9050304954813472 × 10^299 |
| 26 | ov_026 | 9.625915059496901 × 10^298 |
| 27 | ov_027 | 4.5366089532585856 × 10^298 |
| 28 | ov_028 | 2.0297765681536737 × 10^298 |
| 29 | ov_029 | 7.820483730246488 × 10^297 |
| 30 | ov_030 | 2.3904916389930336 × 10^297 |
| 31 | ov_031 | 4.661830893630225 × 10^296 |
| 32 | lv_80_m31 | 9.08939664575642 × 10^295 |
| 33 | ov_033 | 1.09450419814852 × 10^297 |
| 34 | ov_034 | 9.504633064301149 × 10^296 |
| 35 | ov_035 | 8.213423287727825 × 10^296 |
| 36 | ov_036 | 7.0601194145095475 × 10^296 |
| 37 | ov_037 | 6.034047179391867 × 10^296 |
| 38 | ov_038 | 5.125107514760803 × 10^296 |
| 39 | ov_039 | 4.323738463846572 × 10^296 |
| 40 | ov_040 | 3.6208822638604835 × 10^296 |
| 41 | ov_041 | 3.0079571072611894 × 10^296 |
| 42 | ov_042 | 2.476833114745446 × 10^296 |
| 43 | ov_043 | 2.0198120786182342 × 10^296 |
| 44 | ov_044 | 1.6296105599763015 × 10^296 |
| 45 | ov_045 | 1.2993459476801072 × 10^296 |
| 46 | ov_046 | 1.0225251114266714 × 10^296 |
| 47 | ov_047 | 7.930353054014766 × 10^295 |
| 48 | ov_048 | 6.051370030102201 × 10^295 |
| 49 | ov_049 | 4.5345836709691075 × 10^295 |
| 50 | ov_050 | 3.329910838669322 × 10^295 |
| 51 | ov_051 | 2.390873124734627 × 10^295 |
| 52 | ov_052 | 1.6745752591151388 × 10^295 |
| 53 | ov_053 | 1.1416904250977654 × 10^295 |
| 54 | ov_054 | 7.564507092776756 × 10^294 |
| 55 | ov_055 | 4.86641151649167 × 10^294 |
| 56 | ov_056 | 3.0359614848272744 × 10^294 |
| 57 | ov_057 | 1.8219733688819207 × 10^294 |
| 58 | ov_058 | 1.0087242196007826 × 10^294 |
| 59 | ov_059 | 4.972167261815295 × 10^293 |
| 60 | ov_060 | 2.0618006939021994 × 10^293 |
| 61 | ov_061 | 7.206925631439874 × 10^292 |
| 62 | ov_062 | 1.9783797783051937 × 10^292 |
| 63 | ov_063 | 3.858887848784414 × 10^291 |
| 64 | lv_79_m31 | 7.525248023074882 × 10^290 |
| 65 | ov_065 | 9.049035693075634 × 10^291 |
| 66 | ov_066 | 9.049012455010476 × 10^291 |
| 67 | ov_067 | 9.049006910756888 × 10^291 |
| 68 | ov_068 | 7.861577254310228 × 10^291 |
| 69 | ov_069 | 6.795746402506975 × 10^291 |
| 70 | ov_070 | 5.842654574419591 × 10^291 |
| 71 | ov_071 | 4.9938659353883086 × 10^291 |
| 72 | ov_072 | 4.241341132899045 × 10^291 |
| 73 | ov_073 | 3.5774152471157776 × 10^291 |
| 74 | ov_074 | 2.9947803749335646 × 10^291 |
| 75 | ov_075 | 2.4864721080897 × 10^291 |
| 76 | ov_076 | 2.0458592058834013 × 10^291 |
| 77 | ov_077 | 1.6666358016953236 × 10^291 |
| 78 | ov_078 | 1.3428155200209244 × 10^291 |
| 79 | ov_079 | 1.0687269173544255 × 10^291 |
| 80 | ov_080 | 8.39009754046069 × 10^290 |
| 81 | ov_081 | 6.486118089311436 × 10^290 |
| 82 | ov_082 | 4.92786139879622 × 10^290 |
| 83 | ov_083 | 3.6708875585691385 × 10^290 |
| 84 | ov_084 | 2.6737666624169664 × 10^290 |
| 85 | ov_085 | 1.898062732507241 × 10^290 |
| 86 | ov_086 | 1.308320733876459 × 10^290 |
| 87 | ov_087 | 8.72056338750049 × 10^289 |
| 88 | ov_088 | 5.597481005428332 × 10^289 |
| 89 | ov_089 | 3.448316975376527 × 10^289 |
| 90 | ov_090 | 2.0369590631897555 × 10^289 |
| 91 | ov_091 | 1.1567996507628993 × 10^289 |
| 92 | ov_092 | 6.307198974470866 × 10^288 |
| 93 | ov_093 | 3.110812268470654 × 10^288 |
| 94 | ov_094 | 1.3143371476385222 × 10^288 |
| 95 | aaa_78_28 | 4.0065016348689 × 10^287 |
| 96 | aaa_78_29 | 1.2055919052475465 × 10^287 |
| 97 | ov_097 | 6.205274519649378 × 10^286 |
| 98 | ov_098 | 6.205217745008816 × 10^286 |
| 99 | ov_099 | 6.205199564644217 × 10^286 |
| 100 | ov_100 | 5.148626503938422 × 10^286 |
| 101 | ov_101 | 4.237768968450443 × 10^286 |
| 102 | ov_102 | 3.458667303068996 × 10^286 |
| 103 | ov_103 | 2.7981368633104077 × 10^286 |
| 104 | ov_104 | 2.243711504620589 × 10^286 |
| 105 | ov_105 | 1.783594237213532 × 10^286 |
| 106 | ov_106 | 1.406614404555093 × 10^286 |
| 107 | ov_107 | 1.1021907774068567 × 10^286 |
| 108 | ov_108 | 8.602999878491836 × 10^285 |
| 109 | ov_109 | 6.714497591409817 × 10^285 |
| 110 | ov_110 | 5.2665641785135244 × 10^285 |
| 111 | ov_111 | 4.174262045932395 × 10^285 |
| 112 | ov_112 | 3.357399290536763 × 10^285 |
| 113 | ov_113 | 2.7404054397738044 × 10^285 |
| 114 | ov_114 | 2.2522324142631114 × 10^285 |
| 115 | ov_115 | 1.826277030932658 × 10^285 |
| 116 | ov_116 | 1.4581980797425444 × 10^285 |
| 117 | ov_117 | 1.1436864921610777 × 10^285 |
| 118 | ov_118 | 8.784557056857422 × 10^284 |
| 119 | ov_119 | 6.5823430103408146 × 10^284 |
| 120 | ov_120 | 4.787606308957992 × 10^284 |
| 121 | ov_121 | 3.3577915918471414 × 10^284 |
| 122 | ov_122 | 2.2503810376604 × 10^284 |
| 123 | ov_123 | 1.4228788478489354 × 10^284 |
| 124 | ov_124 | 8.328007696928633 × 10^283 |
| 125 | ov_125 | 4.376675984139202 × 10^283 |
| 126 | ov_126 | 1.9500185849269812 × 10^283 |
| 127 | aaa_77_28 | 6.232652800757874 × 10^282 |
| 128 | aaa_77_29 | 2.3399801881931604 × 10^282 |
| 129 | ov_129 | 2.1830321229705017 × 10^282 |
| 130 | ov_130 | 2.1830259709342156 × 10^282 |
| 131 | ov_131 | 2.1830244814904884 × 10^282 |
| 132 | ov_132 | 1.8994921231985203 × 10^282 |
| 133 | ov_133 | 1.6446052726046322 × 10^282 |
| 134 | ov_134 | 1.4161425286664562 × 10^282 |
| 135 | ov_135 | 1.2120034150509002 × 10^282 |
| 136 | ov_136 | 1.0301997690571397 × 10^282 |
| 137 | ov_137 | 8.697645860664341 × 10^281 |
| 138 | ov_138 | 7.289129571518403 × 10^281 |
| 139 | ov_139 | 6.059528855254614 × 10^281 |
| 140 | ov_140 | 4.9928063022340265 × 10^281 |
| 141 | ov_141 | 4.07376801866992 × 10^281 |
| 142 | ov_142 | 3.2880312612358596 × 10^281 |
| 143 | ov_143 | 2.621997954482092 × 10^281 |
| 144 | ov_144 | 2.0628333458318216 × 10^281 |
| 145 | ov_145 | 1.5984491014465267 × 10^281 |
| 146 | ov_146 | 1.217490194466261 × 10^281 |
| 147 | ov_147 | 9.093249851531994 × 10^280 |
| 148 | ov_148 | 6.640379403696297 × 10^280 |
| 149 | ov_149 | 4.724244876541555 × 10^280 |
| 150 | ov_150 | 3.2598754695042417 × 10^280 |
| 151 | ov_151 | 2.1693533080696246 × 10^280 |
| 152 | ov_152 | 1.381800516138657 × 10^280 |
| 153 | ov_153 | 8.333722217839194 × 10^279 |
| 154 | ov_154 | 4.6725294328501226 × 10^279 |
| 155 | ov_155 | 2.3365463842548715 × 10^279 |
| 156 | aaa_76_25 | 8.981564251111318 × 10^278 |
| 157 | aaa_76_26 | 5.190385698408581 × 10^278 |
| 158 | aaa_76_27 | 2.6590945617550592 × 10^278 |
| 159 | aaa_76_28 | 1.0364232077278847 × 10^278 |
| 160 | aaa_76_29 | 3.155388459186872 × 10^277 |

### Output Bits Sorted by Complexity

| Rank | Output Bit | Complexity |
|:----:|:----------:|:----------:|
| 160 | aaa_76_29 | 3.155388459186872 × 10^277 |
| 159 | aaa_76_28 | 1.0364232077278847 × 10^278 |
| 158 | aaa_76_27 | 2.6590945617550592 × 10^278 |
| 157 | aaa_76_26 | 5.190385698408581 × 10^278 |
| 156 | aaa_76_25 | 8.981564251111318 × 10^278 |
| 155 | ov_155 | 2.3365463842548715 × 10^279 |
| 154 | ov_154 | 4.6725294328501226 × 10^279 |
| 153 | ov_153 | 8.333722217839194 × 10^279 |
| 152 | ov_152 | 1.381800516138657 × 10^280 |
| 151 | ov_151 | 2.1693533080696246 × 10^280 |
| 150 | ov_150 | 3.2598754695042417 × 10^280 |
| 149 | ov_149 | 4.724244876541555 × 10^280 |
| 148 | ov_148 | 6.640379403696297 × 10^280 |
| 147 | ov_147 | 9.093249851531994 × 10^280 |
| 146 | ov_146 | 1.217490194466261 × 10^281 |
| 145 | ov_145 | 1.5984491014465267 × 10^281 |
| 144 | ov_144 | 2.0628333458318216 × 10^281 |
| 143 | ov_143 | 2.621997954482092 × 10^281 |
| 142 | ov_142 | 3.2880312612358596 × 10^281 |
| 141 | ov_141 | 4.07376801866992 × 10^281 |
| 140 | ov_140 | 4.9928063022340265 × 10^281 |
| 139 | ov_139 | 6.059528855254614 × 10^281 |
| 138 | ov_138 | 7.289129571518403 × 10^281 |
| 137 | ov_137 | 8.697645860664341 × 10^281 |
| 136 | ov_136 | 1.0301997690571397 × 10^282 |
| 135 | ov_135 | 1.2120034150509002 × 10^282 |
| 134 | ov_134 | 1.4161425286664562 × 10^282 |
| 133 | ov_133 | 1.6446052726046322 × 10^282 |
| 132 | ov_132 | 1.8994921231985203 × 10^282 |
| 131 | ov_131 | 2.1830244814904884 × 10^282 |
| 130 | ov_130 | 2.1830259709342156 × 10^282 |
| 129 | ov_129 | 2.1830321229705017 × 10^282 |
| 128 | aaa_77_29 | 2.3399801881931604 × 10^282 |
| 127 | aaa_77_28 | 6.232652800757874 × 10^282 |
| 126 | ov_126 | 1.9500185849269812 × 10^283 |
| 125 | ov_125 | 4.376675984139202 × 10^283 |
| 124 | ov_124 | 8.328007696928633 × 10^283 |
| 123 | ov_123 | 1.4228788478489354 × 10^284 |
| 122 | ov_122 | 2.2503810376604 × 10^284 |
| 121 | ov_121 | 3.3577915918471414 × 10^284 |
| 120 | ov_120 | 4.787606308957992 × 10^284 |
| 119 | ov_119 | 6.5823430103408146 × 10^284 |
| 118 | ov_118 | 8.784557056857422 × 10^284 |
| 117 | ov_117 | 1.1436864921610777 × 10^285 |
| 116 | ov_116 | 1.4581980797425444 × 10^285 |
| 115 | ov_115 | 1.826277030932658 × 10^285 |
| 114 | ov_114 | 2.2522324142631114 × 10^285 |
| 113 | ov_113 | 2.7404054397738044 × 10^285 |
| 112 | ov_112 | 3.357399290536763 × 10^285 |
| 111 | ov_111 | 4.174262045932395 × 10^285 |
| 110 | ov_110 | 5.2665641785135244 × 10^285 |
| 109 | ov_109 | 6.714497591409817 × 10^285 |
| 108 | ov_108 | 8.602999878491836 × 10^285 |
| 107 | ov_107 | 1.1021907774068567 × 10^286 |
| 106 | ov_106 | 1.406614404555093 × 10^286 |
| 105 | ov_105 | 1.783594237213532 × 10^286 |
| 104 | ov_104 | 2.243711504620589 × 10^286 |
| 103 | ov_103 | 2.7981368633104077 × 10^286 |
| 102 | ov_102 | 3.458667303068996 × 10^286 |
| 101 | ov_101 | 4.237768968450443 × 10^286 |
| 100 | ov_100 | 5.148626503938422 × 10^286 |
| 99 | ov_099 | 6.205199564644217 × 10^286 |
| 98 | ov_098 | 6.205217745008816 × 10^286 |
| 97 | ov_097 | 6.205274519649378 × 10^286 |
| 96 | aaa_78_29 | 1.2055919052475465 × 10^287 |
| 95 | aaa_78_28 | 4.0065016348689 × 10^287 |
| 94 | ov_094 | 1.3143371476385222 × 10^288 |
| 93 | ov_093 | 3.110812268470654 × 10^288 |
| 92 | ov_092 | 6.307198974470866 × 10^288 |
| 91 | ov_091 | 1.1567996507628993 × 10^289 |
| 90 | ov_090 | 2.0369590631897555 × 10^289 |
| 89 | ov_089 | 3.448316975376527 × 10^289 |
| 88 | ov_088 | 5.597481005428332 × 10^289 |
| 87 | ov_087 | 8.72056338750049 × 10^289 |
| 86 | ov_086 | 1.308320733876459 × 10^290 |
| 85 | ov_085 | 1.898062732507241 × 10^290 |
| 84 | ov_084 | 2.6737666624169664 × 10^290 |
| 83 | ov_083 | 3.6708875585691385 × 10^290 |
| 82 | ov_082 | 4.92786139879622 × 10^290 |
| 81 | ov_081 | 6.486118089311436 × 10^290 |
| 64 | lv_79_m31 | 7.525248023074882 × 10^290 |
| 80 | ov_080 | 8.39009754046069 × 10^290 |
| 79 | ov_079 | 1.0687269173544255 × 10^291 |
| 78 | ov_078 | 1.3428155200209244 × 10^291 |
| 77 | ov_077 | 1.6666358016953236 × 10^291 |
| 76 | ov_076 | 2.0458592058834013 × 10^291 |
| 75 | ov_075 | 2.4864721080897 × 10^291 |
| 74 | ov_074 | 2.9947803749335646 × 10^291 |
| 73 | ov_073 | 3.5774152471157776 × 10^291 |
| 63 | ov_063 | 3.858887848784414 × 10^291 |
| 72 | ov_072 | 4.241341132899045 × 10^291 |
| 71 | ov_071 | 4.9938659353883086 × 10^291 |
| 70 | ov_070 | 5.842654574419591 × 10^291 |
| 69 | ov_069 | 6.795746402506975 × 10^291 |
| 68 | ov_068 | 7.861577254310228 × 10^291 |
| 67 | ov_067 | 9.049006910756888 × 10^291 |
| 66 | ov_066 | 9.049012455010476 × 10^291 |
| 65 | ov_065 | 9.049035693075634 × 10^291 |
| 62 | ov_062 | 1.9783797783051937 × 10^292 |
| 61 | ov_061 | 7.206925631439874 × 10^292 |
| 60 | ov_060 | 2.0618006939021994 × 10^293 |
| 59 | ov_059 | 4.972167261815295 × 10^293 |
| 58 | ov_058 | 1.0087242196007826 × 10^294 |
| 57 | ov_057 | 1.8219733688819207 × 10^294 |
| 56 | ov_056 | 3.0359614848272744 × 10^294 |
| 55 | ov_055 | 4.86641151649167 × 10^294 |
| 54 | ov_054 | 7.564507092776756 × 10^294 |
| 53 | ov_053 | 1.1416904250977654 × 10^295 |
| 52 | ov_052 | 1.6745752591151388 × 10^295 |
| 51 | ov_051 | 2.390873124734627 × 10^295 |
| 50 | ov_050 | 3.329910838669322 × 10^295 |
| 49 | ov_049 | 4.5345836709691075 × 10^295 |
| 48 | ov_048 | 6.051370030102201 × 10^295 |
| 47 | ov_047 | 7.930353054014766 × 10^295 |
| 32 | lv_80_m31 | 9.08939664575642 × 10^295 |
| 46 | ov_046 | 1.0225251114266714 × 10^296 |
| 45 | ov_045 | 1.2993459476801072 × 10^296 |
| 44 | ov_044 | 1.6296105599763015 × 10^296 |
| 43 | ov_043 | 2.0198120786182342 × 10^296 |
| 42 | ov_042 | 2.476833114745446 × 10^296 |
| 41 | ov_041 | 3.0079571072611894 × 10^296 |
| 40 | ov_040 | 3.6208822638604835 × 10^296 |
| 39 | ov_039 | 4.323738463846572 × 10^296 |
| 31 | ov_031 | 4.661830893630225 × 10^296 |
| 38 | ov_038 | 5.125107514760803 × 10^296 |
| 37 | ov_037 | 6.034047179391867 × 10^296 |
| 36 | ov_036 | 7.0601194145095475 × 10^296 |
| 35 | ov_035 | 8.213423287727825 × 10^296 |
| 34 | ov_034 | 9.504633064301149 × 10^296 |
| 33 | ov_033 | 1.09450419814852 × 10^297 |
| 30 | ov_030 | 2.3904916389930336 × 10^297 |
| 29 | ov_029 | 7.820483730246488 × 10^297 |
| 28 | ov_028 | 2.0297765681536737 × 10^298 |
| 27 | ov_027 | 4.5366089532585856 × 10^298 |
| 26 | ov_026 | 9.625915059496901 × 10^298 |
| 25 | ov_025 | 1.9050304954813472 × 10^299 |
| 24 | ov_024 | 3.4991640260717734 × 10^299 |
| 23 | ov_023 | 6.006106834306169 × 10^299 |
| 22 | ov_022 | 9.729910893662796 × 10^299 |
| 21 | ov_021 | 1.5017583808335095 × 10^300 |
| 20 | ov_020 | 2.2259122365314902 × 10^300 |
| 19 | ov_019 | 3.188756733038985 × 10^300 |
| 18 | ov_018 | 4.4379087689002646 × 10^300 |
| 17 | ov_017 | 6.0253107098372504 × 10^300 |
| 16 | ov_016 | 8.007249041488135 × 10^300 |
| 15 | ov_015 | 1.0444381181093585 × 10^301 |
| 14 | ov_014 | 1.3401772883442155 × 10^301 |
| 13 | ov_013 | 1.6948948960519666 × 10^301 |
| 12 | ov_012 | 2.1159960318843527 × 10^301 |
| 11 | ov_011 | 2.6113470603647005 × 10^301 |
| 10 | ov_010 | 3.189286602526507 × 10^301 |
| 9 | ov_009 | 3.8586392230748606 × 10^301 |
| 8 | ov_008 | 4.6287322373535867 × 10^301 |
| 7 | ov_007 | 5.509416082674525 × 10^301 |
| 6 | ov_006 | 6.511088728231977 × 10^301 |
| 5 | ov_005 | 7.644724628005411 × 10^301 |
| 4 | ov_004 | 8.921908751890236 × 10^301 |
| 3 | ov_003 | 1.0354876261957516 × 10^302 |
| 2 | ov_002 | 1.1956558433423213 × 10^302 |
| 1 | ov_001 | 1.374063545382862 × 10^302 |

