# Results for F001-F002-F003-F004-F005-F006-F007-F008-F009-F010-F011-F012-F013-F014-F015-F016-F017-F018-F019-F020-F021-F022-F023-F024-F025-F026-F027-F028-F029-F030-F031-F032-F033-F034-F035-F036-F037-F038-F039-F040-F041-F042-F043-F044-F045-F046-F047-F048-F049-F050-F051-F052-F053-F054-F055-F056-F057-F058-F059-F060-F061-F062-F063-F064-F065-F066-F067-F068-F069-F070-F071-F072-F073-F074-F075-F076-F077-F078-F079-F080-F081-F082-F083-F084-F085-F086-F087-F088-F089-F090-F091-F092-F093-F094-F095-F096-F097-F098-F099-F100-F101-F102-F103-F104-F105-F106-F107-F108-F109-F110-F111-F112-F113-F114-F115-F116-F117-F118-F119-F120-F121-F122-F123-F124-F125-F126-F127-F128-F129-F130-F131-F132-F133-F134-F135-F136-F137-F138-F139-F140-F141-F142-F143-F144-F145-F146-F147-F148-F149-F150-F151-F152-F153-F154-F155-F156-F157-F158-F159-F160-F161-F162-F163-F164-F165-F166-F167-F168-F169-F170-F171-F172-F173-F174-F175-F176-F177-F178-F179-F180-F181-F182-F183-F184-F185-F186-F187-F188-F189-F190-F191-F192-F193-F194-F195-F196-F197-F198-F199-F200-F201-F202-F203-F204-F205-F206-F207-F208-F209-F210-F211-F212-F213-F214-F215-F216-F217-F218-F219-F220-F221-F222-F223-F224-F225-F226-F227-F228-F229-F230-F231-F232-F233-F234-F235-F236-F237-F238-F239-F240-F241-F242-F243-F244-F245-F246-F247-F248-F249-F250-F251-F252-F253-F254-F255-F256-F257-F258-F259-F260-F261-F262-F263-F264-F265-F266-F267-F268-F269-F270-F271-F272-F273-F274-F275-F276-F277-F278-F279-F280-F281-F282-F283-F284-F285-F286-F287-F288-F289-F290-F291-F292-F293-F294-F295-F296-F297-F298-F299-F300-F301-F302-F303-F304-F305-F306-F307-F308-F309-F310-F311-F312-F313-F314-F315-F316-F317-F318-F319-F320-F321-F322-F323-F324-F325-F326-F327-F328-F329-F330-F331-F332-F333-F334-F335-F336-F337-F338-F339-F340-F341-F342-F343-F344-F345-F346-F347-F348-F349-F350-F351-F352-F353-F354-F355-F356-F357-F358-F359-F360-F361-F362-F363-F364-F365-F366-F367-F368-F369-F370-F371-F372-F373-F374-F375-F376-F377-F378-F379-F380-F381-F382-F383-F384-F385-F386-F387-F388-F389-F390-F391-F392-F393-F394-F395-F396-F397-F398-F399-F400-F401-F402-F403-F404-F405-F406-F407-F408-F409-F410-F411-F412-F413-F414-F415-F416-F417-F418-F419-F420-F421-F422-F423-F424-F425-F426-F427-F428-F429-F430-F431-F432-F433-F434-F435-F436-F437-F438-F439-F440-F441-F442-F443-F444-F445-F446-F447-F448-F449-F450-F451-F452-F453-F454-F455-F456-F457-F458-F459-F460-F461-F462-F463-F464-F465-F466-F467-F468-F469-F470-F471-F472-F473-F474-F475-F476-F477-F478-F479-F480-F481-F482-F483-F484-F485-F486-F487-F488-F489-F490-F491-F492-F493-F494-F495-F496-E508509-F510-F512

## Summary

Number of input bits: 512  
Number of free input bits: 13  
Number of output bits: 160

Number of direct occurrences: 53120  
Number of assignments: 31674  
Number of operations: 11157547
(xor: 11129205,
and: 14835,
or: 13507)

Total complexity: 4.0732443594171665 × 10^300

Least occurring input variable: iv_502 (3896)  
Most occurring input variable: iv_508 (4382)

Most co-occurring input variables: iv_500-iv_511 (2081)  
Least co-occurring input variables: iv_498-iv_502 (1769)

Potentially most occurring input variable: iv_497/iv_508 (4588)  
Potentially least occurring input variable: iv_504/iv_505 (4019)

Least output occurring input variable: iv_503 (72)  
Most output occurring input variable: iv_497 (93)

Most output co-occurring input variables: iv_497-iv_506 (57)  
Least output co-occurring input variables: iv_503-iv_505 (32)

Potentially most output occurring input variable: iv_506/iv_511 (93)  
Potentially least output occurring input variable: iv_499/iv_505 (57)

Least complex input bit: iv_511 (6.3675366516210445 × 10^296)  
Most complex input bit: iv_505 (8.864928651304813 × 10^299)

Least complex output bit: aaa_76_29 (7.520275068122529 × 10^275)  
Most complex output bit: ov_001 (6.3679005240177625 × 10^299)

Least complex input/output complexity: iv_511/aaa_76_29 (1.1756139062914934 × 10^272)  
Most complex input/output complexity: iv_505/ov_001 (1.3858973050195648 × 10^299)

## Input Bits

### Input Bits in Regular Order

| Input Bit | Complexity | Occurrences | Output Occurrences |
|:---------:|:----------:|:-----------:|:------------------:|
| iv_497 | 1.479890981038537 × 10^298 | 4146 | 93 |
| iv_498 | 2.950282847437191 × 10^298 | 3945 | 88 |
| iv_499 | 5.1942781479592 × 10^298 | 3955 | 81 |
| iv_500 | 8.73986713245108 × 10^298 | 4126 | 76 |
| iv_501 | 1.4438606713109503 × 10^299 | 4091 | 83 |
| iv_502 | 2.3362960402966978 × 10^299 | 3896 | 82 |
| iv_503 | 3.7135539842715593 × 10^299 | 4063 | 72 |
| iv_504 | 5.7891270023311875 × 10^299 | 3937 | 78 |
| iv_505 | 8.864928651304813 × 10^299 | 4096 | 72 |
| iv_506 | 4.480104999197727 × 10^299 | 4095 | 93 |
| iv_507 | 6.120790064442496 × 10^299 | 4124 | 87 |
| iv_508 | 6.140982733476046 × 10^299 | 4382 | 79 |
| iv_511 | 6.3675366516210445 × 10^296 | 4264 | 80 |

### Input Bits Sorted by Complexity

| Input Bit | Complexity | Occurrences | Output Occurrences |
|:---------:|:----------:|:-----------:|:------------------:|
| iv_511 | 6.3675366516210445 × 10^296 | 4264 | 80 |
| iv_497 | 1.479890981038537 × 10^298 | 4146 | 93 |
| iv_498 | 2.950282847437191 × 10^298 | 3945 | 88 |
| iv_499 | 5.1942781479592 × 10^298 | 3955 | 81 |
| iv_500 | 8.73986713245108 × 10^298 | 4126 | 76 |
| iv_501 | 1.4438606713109503 × 10^299 | 4091 | 83 |
| iv_502 | 2.3362960402966978 × 10^299 | 3896 | 82 |
| iv_503 | 3.7135539842715593 × 10^299 | 4063 | 72 |
| iv_506 | 4.480104999197727 × 10^299 | 4095 | 93 |
| iv_504 | 5.7891270023311875 × 10^299 | 3937 | 78 |
| iv_507 | 6.120790064442496 × 10^299 | 4124 | 87 |
| iv_508 | 6.140982733476046 × 10^299 | 4382 | 79 |
| iv_505 | 8.864928651304813 × 10^299 | 4096 | 72 |

### Input Bits Sorted by Occurrences

| Input Bit | Complexity | Occurrences | Output Occurrences |
|:---------:|:----------:|:-----------:|:------------------:|
| iv_502 | 2.3362960402966978 × 10^299 | 3896 | 82 |
| iv_504 | 5.7891270023311875 × 10^299 | 3937 | 78 |
| iv_498 | 2.950282847437191 × 10^298 | 3945 | 88 |
| iv_499 | 5.1942781479592 × 10^298 | 3955 | 81 |
| iv_503 | 3.7135539842715593 × 10^299 | 4063 | 72 |
| iv_501 | 1.4438606713109503 × 10^299 | 4091 | 83 |
| iv_506 | 4.480104999197727 × 10^299 | 4095 | 93 |
| iv_505 | 8.864928651304813 × 10^299 | 4096 | 72 |
| iv_507 | 6.120790064442496 × 10^299 | 4124 | 87 |
| iv_500 | 8.73986713245108 × 10^298 | 4126 | 76 |
| iv_497 | 1.479890981038537 × 10^298 | 4146 | 93 |
| iv_511 | 6.3675366516210445 × 10^296 | 4264 | 80 |
| iv_508 | 6.140982733476046 × 10^299 | 4382 | 79 |

### Input Bits Sorted by Output Occurrences

| Input Bit | Complexity | Occurrences | Output Occurrences |
|:---------:|:----------:|:-----------:|:------------------:|
| iv_503 | 3.7135539842715593 × 10^299 | 4063 | 72 |
| iv_505 | 8.864928651304813 × 10^299 | 4096 | 72 |
| iv_500 | 8.73986713245108 × 10^298 | 4126 | 76 |
| iv_504 | 5.7891270023311875 × 10^299 | 3937 | 78 |
| iv_508 | 6.140982733476046 × 10^299 | 4382 | 79 |
| iv_511 | 6.3675366516210445 × 10^296 | 4264 | 80 |
| iv_499 | 5.1942781479592 × 10^298 | 3955 | 81 |
| iv_502 | 2.3362960402966978 × 10^299 | 3896 | 82 |
| iv_501 | 1.4438606713109503 × 10^299 | 4091 | 83 |
| iv_507 | 6.120790064442496 × 10^299 | 4124 | 87 |
| iv_498 | 2.950282847437191 × 10^298 | 3945 | 88 |
| iv_506 | 4.480104999197727 × 10^299 | 4095 | 93 |
| iv_497 | 1.479890981038537 × 10^298 | 4146 | 93 |

## Input Bit Co-occurrences

### Input Bit Co-occurrences Sorted by Co-occurrences

| Input Bits | Co-occurrences | Potential Occurrences | Output Co-occurrences | Potential Output Occurrences |
|:----------:|:--------------:|:---------------------:|:---------------------:|:----------------------------:|
| iv_500-iv_511 | 2081 | 4228 | 38 | 80 |
| iv_508-iv_511 | 2064 | 4518 | 34 | 91 |
| iv_506-iv_508 | 2063 | 4351 | 48 | 76 |
| iv_500-iv_508 | 2046 | 4416 | 43 | 69 |
| iv_507-iv_511 | 2040 | 4308 | 45 | 77 |
| iv_501-iv_505 | 2039 | 4109 | 41 | 73 |
| iv_503-iv_511 | 2035 | 4257 | 35 | 82 |
| iv_501-iv_511 | 2034 | 4287 | 39 | 85 |
| iv_506-iv_511 | 2032 | 4295 | 40 | 93 |
| iv_507-iv_508 | 2027 | 4452 | 42 | 82 |
| iv_497-iv_511 | 2010 | 4390 | 47 | 79 |
| iv_497-iv_501 | 2008 | 4221 | 48 | 80 |
| iv_504-iv_505 | 2007 | 4019 | 39 | 72 |

### Input Bit Co-occurrences Sorted by Potential Occurrences

| Input Bits | Co-occurrences | Potential Occurrences | Output Co-occurrences | Potential Output Occurrences |
|:----------:|:--------------:|:---------------------:|:---------------------:|:----------------------------:|
| iv_504-iv_505 | 2007 | 4019 | 39 | 72 |
| iv_501-iv_505 | 2039 | 4109 | 41 | 73 |
| iv_502-iv_505 | 1924 | 4144 | 37 | 80 |
| iv_499-iv_504 | 1868 | 4156 | 38 | 83 |
| iv_499-iv_501 | 1932 | 4182 | 44 | 76 |
| iv_498-iv_504 | 1847 | 4188 | 46 | 74 |
| iv_502-iv_506 | 1901 | 4189 | 51 | 73 |
| iv_504-iv_506 | 1921 | 4190 | 45 | 81 |
| iv_499-iv_505 | 1930 | 4191 | 48 | 57 |
| iv_500-iv_503 | 1999 | 4191 | 35 | 78 |
| iv_503-iv_507 | 1993 | 4201 | 41 | 77 |
| iv_502-iv_504 | 1809 | 4215 | 42 | 76 |
| iv_497-iv_501 | 2008 | 4221 | 48 | 80 |

### Input Bit Output Co-occurrences Sorted by Output Co-occurrences

| Input Bits | Co-occurrences | Potential Occurrences | Output Co-occurrences | Potential Output Occurrences |
|:----------:|:--------------:|:---------------------:|:---------------------:|:----------------------------:|
| iv_497-iv_506 | 1940 | 4361 | 57 | 72 |
| iv_498-iv_506 | 1908 | 4224 | 54 | 73 |
| iv_497-iv_502 | 1905 | 4232 | 52 | 71 |
| iv_502-iv_506 | 1901 | 4189 | 51 | 73 |
| iv_497-iv_504 | 1929 | 4225 | 50 | 71 |
| iv_497-iv_498 | 1893 | 4305 | 50 | 81 |
| iv_499-iv_506 | 1872 | 4306 | 49 | 76 |
| iv_501-iv_507 | 1965 | 4285 | 49 | 72 |
| iv_506-iv_507 | 1955 | 4309 | 49 | 82 |
| iv_498-iv_499 | 1833 | 4234 | 48 | 73 |
| iv_498-iv_501 | 1873 | 4290 | 48 | 75 |
| iv_498-iv_505 | 1901 | 4239 | 48 | 64 |
| iv_499-iv_505 | 1930 | 4191 | 48 | 57 |

### Input Bit Output Co-occurrences Sorted by Potential Output Occurrences

| Input Bits | Co-occurrences | Potential Occurrences | Output Co-occurrences | Potential Output Occurrences |
|:----------:|:--------------:|:---------------------:|:---------------------:|:----------------------------:|
| iv_499-iv_505 | 1930 | 4191 | 48 | 57 |
| iv_498-iv_505 | 1901 | 4239 | 48 | 64 |
| iv_500-iv_508 | 2046 | 4416 | 43 | 69 |
| iv_497-iv_504 | 1929 | 4225 | 50 | 71 |
| iv_497-iv_502 | 1905 | 4232 | 52 | 71 |
| iv_502-iv_511 | 1924 | 4312 | 45 | 72 |
| iv_504-iv_505 | 2007 | 4019 | 39 | 72 |
| iv_501-iv_507 | 1965 | 4285 | 49 | 72 |
| iv_497-iv_506 | 1940 | 4361 | 57 | 72 |
| iv_498-iv_499 | 1833 | 4234 | 48 | 73 |
| iv_498-iv_506 | 1908 | 4224 | 54 | 73 |
| iv_499-iv_500 | 1899 | 4283 | 42 | 73 |
| iv_501-iv_505 | 2039 | 4109 | 41 | 73 |

## Output Bits

### Output Bits in Regular Order

| Rank | Output Bit | Complexity |
|:----:|:----------:|:----------:|
| 1 | ov_001 | 6.3679005240177625 × 10^299 |
| 2 | ov_002 | 5.541146653133981 × 10^299 |
| 3 | ov_003 | 4.7989021100025905 × 10^299 |
| 4 | ov_004 | 4.134830402253319 × 10^299 |
| 5 | ov_005 | 3.5429420732630684 × 10^299 |
| 6 | ov_006 | 3.0175701420950457 × 10^299 |
| 7 | ov_007 | 2.553348691178801 × 10^299 |
| 8 | ov_008 | 2.1451943503414077 × 10^299 |
| 9 | ov_009 | 1.7882904420827625 × 10^299 |
| 10 | ov_010 | 1.4780735325698688 × 10^299 |
| 11 | ov_011 | 1.2102221299991751 × 10^299 |
| 12 | ov_012 | 9.806472868332219 × 10^298 |
| 13 | ov_013 | 7.854848769725854 × 10^298 |
| 14 | ov_014 | 6.21089333242265 × 10^298 |
| 15 | ov_015 | 4.840286447080423 × 10^298 |
| 16 | ov_016 | 3.7108042733791435 × 10^298 |
| 17 | ov_017 | 2.792288954225387 × 10^298 |
| 18 | ov_018 | 2.056625749955514 × 10^298 |
| 19 | ov_019 | 1.477726142721389 × 10^298 |
| 20 | ov_020 | 1.0315155986936936 × 10^298 |
| 21 | ov_021 | 6.959248692724098 × 10^297 |
| 22 | ov_022 | 4.508839622313485 × 10^297 |
| 23 | ov_023 | 2.783180899571372 × 10^297 |
| 24 | ov_024 | 1.621450353272886 × 10^297 |
| 25 | ov_025 | 8.827353976047242 × 10^296 |
| 26 | ov_026 | 4.460242013231991 × 10^296 |
| 27 | ov_027 | 2.1020153239499667 × 10^296 |
| 28 | ov_028 | 9.404711939898543 × 10^295 |
| 29 | ov_029 | 3.623512401694598 × 10^295 |
| 30 | ov_030 | 1.1076207968046774 × 10^295 |
| 31 | ov_031 | 2.1601320281778068 × 10^294 |
| 32 | lv_80_m31 | 4.211989953095956 × 10^293 |
| 33 | ov_033 | 5.072656641977842 × 10^294 |
| 34 | ov_034 | 4.404616023214195 × 10^294 |
| 35 | ov_035 | 3.80614384220267 × 10^294 |
| 36 | ov_036 | 3.2718081751008354 × 10^294 |
| 37 | ov_037 | 2.7964721282876204 × 10^294 |
| 38 | ov_038 | 2.3752731329458643 × 10^294 |
| 39 | ov_039 | 2.003604996662301 × 10^294 |
| 40 | ov_040 | 1.6771024464104453 × 10^294 |
| 41 | ov_041 | 1.3916279134817699 × 10^294 |
| 42 | ov_042 | 1.1432603262897843 × 10^294 |
| 43 | ov_043 | 9.300919908332866 × 10^293 |
| 44 | ov_044 | 7.486081563640715 × 10^293 |
| 45 | ov_045 | 5.954868696447041 × 10^293 |
| 46 | ov_046 | 4.675937416898338 × 10^293 |
| 47 | ov_047 | 3.619777596286822 × 10^293 |
| 48 | ov_048 | 2.7586798927798665 × 10^293 |
| 49 | ov_049 | 2.0667102593401925 × 10^293 |
| 50 | ov_050 | 1.519690625916791 × 10^293 |
| 51 | ov_051 | 1.0951845632659341 × 10^293 |
| 52 | ov_052 | 7.724869030602788 × 10^292 |
| 53 | ov_053 | 5.326165086193227 × 10^292 |
| 54 | ov_054 | 3.583115030042762 × 10^292 |
| 55 | ov_055 | 2.340262665947708 × 10^292 |
| 56 | ov_056 | 1.4592960009791243 × 10^292 |
| 57 | ov_057 | 8.753433582647677 × 10^291 |
| 58 | ov_058 | 4.843530962214506 × 10^291 |
| 59 | ov_059 | 2.3858063389008822 × 10^291 |
| 60 | ov_060 | 9.884287855617215 × 10^290 |
| 61 | ov_061 | 3.451786023603886 × 10^290 |
| 62 | ov_062 | 9.466738242287696 × 10^289 |
| 63 | ov_063 | 1.84470659843861 × 10^289 |
| 64 | lv_79_m31 | 3.593888112976112 × 10^288 |
| 65 | ov_065 | 4.311729556250333 × 10^289 |
| 66 | ov_066 | 4.311716395575824 × 10^289 |
| 67 | ov_067 | 4.3117131746915906 × 10^289 |
| 68 | ov_068 | 3.7337546559565765 × 10^289 |
| 69 | ov_069 | 3.217614718729603 × 10^289 |
| 70 | ov_070 | 2.758308286953751 × 10^289 |
| 71 | ov_071 | 2.351156934920386 × 10^289 |
| 72 | ov_072 | 1.9917681231997157 × 10^289 |
| 73 | ov_073 | 1.6760162721867875 × 10^289 |
| 74 | ov_074 | 1.4000255756728222 × 10^289 |
| 75 | ov_075 | 1.16015446063553 × 10^289 |
| 76 | ov_076 | 9.529816025624338 × 10^288 |
| 77 | ov_077 | 7.752934081623947 × 10^288 |
| 78 | ov_078 | 6.240728793608919 × 10^288 |
| 79 | ov_079 | 4.9648977408731037 × 10^288 |
| 80 | ov_080 | 3.8989198061515555 × 10^288 |
| 81 | ov_081 | 3.017980231709994 × 10^288 |
| 82 | ov_082 | 2.298906172412898 × 10^288 |
| 83 | ov_083 | 1.7201119352623884 × 10^288 |
| 84 | ov_084 | 1.2615530985656913 × 10^288 |
| 85 | ov_085 | 9.046887063633051 × 10^287 |
| 86 | ov_086 | 6.324507353516556 × 10^287 |
| 87 | ov_087 | 4.292200325394709 × 10^287 |
| 88 | ov_088 | 2.8080792249023486 × 10^287 |
| 89 | ov_089 | 1.744426833583531 × 10^287 |
| 90 | ov_090 | 1.040912814020738 × 10^287 |
| 91 | ov_091 | 5.979080232014503 × 10^286 |
| 92 | ov_092 | 3.2975927398554527 × 10^286 |
| 93 | ov_093 | 1.647693922727832 × 10^286 |
| 94 | ov_094 | 7.057715095644939 × 10^285 |
| 95 | aaa_78_28 | 2.1793357644789637 × 10^285 |
| 96 | aaa_78_29 | 6.692752932356733 × 10^284 |
| 97 | ov_097 | 4.418474881621505 × 10^284 |
| 98 | ov_098 | 4.418342459980808 × 10^284 |
| 99 | ov_099 | 4.418300147150046 × 10^284 |
| 100 | ov_100 | 3.9755190481210115 × 10^284 |
| 101 | ov_101 | 3.565493188784515 × 10^284 |
| 102 | ov_102 | 3.186416608930669 × 10^284 |
| 103 | ov_103 | 2.8366144292108136 × 10^284 |
| 104 | ov_104 | 2.514526005566634 × 10^284 |
| 105 | ov_105 | 2.2186896138221967 × 10^284 |
| 106 | ov_106 | 1.9477285842519993 × 10^284 |
| 107 | ov_107 | 1.700338808975157 × 10^284 |
| 108 | ov_108 | 1.475277547501247 × 10^284 |
| 109 | ov_109 | 1.271353457741555 × 10^284 |
| 110 | ov_110 | 1.0874177813659985 × 10^284 |
| 111 | ov_111 | 9.223566135938 × 10^283 |
| 112 | ov_112 | 7.750841884134077 × 10^283 |
| 113 | ov_113 | 6.445371108877916 × 10^283 |
| 114 | ov_114 | 5.296694686641169 × 10^283 |
| 115 | ov_115 | 4.294487551162592 × 10^283 |
| 116 | ov_116 | 3.4285253674441107 × 10^283 |
| 117 | ov_117 | 2.6886579757286693 × 10^283 |
| 118 | ov_118 | 2.0647882971999645 × 10^283 |
| 119 | ov_119 | 1.5468553935130711 × 10^283 |
| 120 | ov_120 | 1.1248216451407166 × 10^283 |
| 121 | ov_121 | 7.886640136347997 × 10^282 |
| 122 | ov_122 | 5.2836841588189597 × 10^282 |
| 123 | ov_123 | 3.339260216043087 × 10^282 |
| 124 | ov_124 | 1.953307538982787 × 10^282 |
| 125 | ov_125 | 1.0257773940514037 × 10^282 |
| 126 | ov_126 | 4.566251696339871 × 10^281 |
| 127 | aaa_77_28 | 1.4580733508478423 × 10^281 |
| 128 | aaa_77_29 | 5.466094001673815 × 10^280 |
| 129 | ov_129 | 5.085492935049353 × 10^280 |
| 130 | ov_130 | 5.085478276782467 × 10^280 |
| 131 | ov_131 | 5.085474729159714 × 10^280 |
| 132 | ov_132 | 4.413532475661729 × 10^280 |
| 133 | ov_133 | 3.811441939339839 × 10^280 |
| 134 | ov_134 | 3.2739167422677342 × 10^280 |
| 135 | ov_135 | 2.7959569506373956 × 10^280 |
| 136 | ov_136 | 2.3728286429822196 × 10^280 |
| 137 | ov_137 | 2.0000462207161757 × 10^280 |
| 138 | ov_138 | 1.673357205663724 × 10^280 |
| 139 | ov_139 | 1.388729282449531 × 10^280 |
| 140 | ov_140 | 1.1423393563940614 × 10^280 |
| 141 | ov_141 | 9.305644100086654 × 10^279 |
| 142 | ov_142 | 7.499739533767654 × 10^279 |
| 143 | ov_143 | 5.973238757091159 × 10^279 |
| 144 | ov_144 | 4.6955151722262587 × 10^279 |
| 145 | ov_145 | 3.6377179225544174 × 10^279 |
| 146 | ov_146 | 2.772742062279699 × 10^279 |
| 147 | ov_147 | 2.0752062071387747 × 10^279 |
| 148 | ov_148 | 1.5214363251303068 × 10^279 |
| 149 | ov_149 | 1.0894544423009054 × 10^279 |
| 150 | ov_150 | 7.589711546418186 × 10^278 |
| 151 | ov_151 | 5.113809531027973 × 10^278 |
| 152 | ov_152 | 3.297594846393813 × 10^278 |
| 153 | ov_153 | 1.98862021184251 × 10^278 |
| 154 | ov_154 | 1.1148596915590793 × 10^278 |
| 155 | ov_155 | 5.574369090130816 × 10^277 |
| 156 | aaa_76_25 | 2.1425600125460117 × 10^277 |
| 157 | aaa_76_26 | 1.2379489744404607 × 10^277 |
| 158 | aaa_76_27 | 6.340853854087634 × 10^276 |
| 159 | aaa_76_28 | 2.4707908822228712 × 10^276 |
| 160 | aaa_76_29 | 7.520275068122529 × 10^275 |

### Output Bits Sorted by Complexity

| Rank | Output Bit | Complexity |
|:----:|:----------:|:----------:|
| 160 | aaa_76_29 | 7.520275068122529 × 10^275 |
| 159 | aaa_76_28 | 2.4707908822228712 × 10^276 |
| 158 | aaa_76_27 | 6.340853854087634 × 10^276 |
| 157 | aaa_76_26 | 1.2379489744404607 × 10^277 |
| 156 | aaa_76_25 | 2.1425600125460117 × 10^277 |
| 155 | ov_155 | 5.574369090130816 × 10^277 |
| 154 | ov_154 | 1.1148596915590793 × 10^278 |
| 153 | ov_153 | 1.98862021184251 × 10^278 |
| 152 | ov_152 | 3.297594846393813 × 10^278 |
| 151 | ov_151 | 5.113809531027973 × 10^278 |
| 150 | ov_150 | 7.589711546418186 × 10^278 |
| 149 | ov_149 | 1.0894544423009054 × 10^279 |
| 148 | ov_148 | 1.5214363251303068 × 10^279 |
| 147 | ov_147 | 2.0752062071387747 × 10^279 |
| 146 | ov_146 | 2.772742062279699 × 10^279 |
| 145 | ov_145 | 3.6377179225544174 × 10^279 |
| 144 | ov_144 | 4.6955151722262587 × 10^279 |
| 143 | ov_143 | 5.973238757091159 × 10^279 |
| 142 | ov_142 | 7.499739533767654 × 10^279 |
| 141 | ov_141 | 9.305644100086654 × 10^279 |
| 140 | ov_140 | 1.1423393563940614 × 10^280 |
| 139 | ov_139 | 1.388729282449531 × 10^280 |
| 138 | ov_138 | 1.673357205663724 × 10^280 |
| 137 | ov_137 | 2.0000462207161757 × 10^280 |
| 136 | ov_136 | 2.3728286429822196 × 10^280 |
| 135 | ov_135 | 2.7959569506373956 × 10^280 |
| 134 | ov_134 | 3.2739167422677342 × 10^280 |
| 133 | ov_133 | 3.811441939339839 × 10^280 |
| 132 | ov_132 | 4.413532475661729 × 10^280 |
| 131 | ov_131 | 5.085474729159714 × 10^280 |
| 130 | ov_130 | 5.085478276782467 × 10^280 |
| 129 | ov_129 | 5.085492935049353 × 10^280 |
| 128 | aaa_77_29 | 5.466094001673815 × 10^280 |
| 127 | aaa_77_28 | 1.4580733508478423 × 10^281 |
| 126 | ov_126 | 4.566251696339871 × 10^281 |
| 125 | ov_125 | 1.0257773940514037 × 10^282 |
| 124 | ov_124 | 1.953307538982787 × 10^282 |
| 123 | ov_123 | 3.339260216043087 × 10^282 |
| 122 | ov_122 | 5.2836841588189597 × 10^282 |
| 121 | ov_121 | 7.886640136347997 × 10^282 |
| 120 | ov_120 | 1.1248216451407166 × 10^283 |
| 119 | ov_119 | 1.5468553935130711 × 10^283 |
| 118 | ov_118 | 2.0647882971999645 × 10^283 |
| 117 | ov_117 | 2.6886579757286693 × 10^283 |
| 116 | ov_116 | 3.4285253674441107 × 10^283 |
| 115 | ov_115 | 4.294487551162592 × 10^283 |
| 114 | ov_114 | 5.296694686641169 × 10^283 |
| 113 | ov_113 | 6.445371108877916 × 10^283 |
| 112 | ov_112 | 7.750841884134077 × 10^283 |
| 111 | ov_111 | 9.223566135938 × 10^283 |
| 110 | ov_110 | 1.0874177813659985 × 10^284 |
| 109 | ov_109 | 1.271353457741555 × 10^284 |
| 108 | ov_108 | 1.475277547501247 × 10^284 |
| 107 | ov_107 | 1.700338808975157 × 10^284 |
| 106 | ov_106 | 1.9477285842519993 × 10^284 |
| 105 | ov_105 | 2.2186896138221967 × 10^284 |
| 104 | ov_104 | 2.514526005566634 × 10^284 |
| 103 | ov_103 | 2.8366144292108136 × 10^284 |
| 102 | ov_102 | 3.186416608930669 × 10^284 |
| 101 | ov_101 | 3.565493188784515 × 10^284 |
| 100 | ov_100 | 3.9755190481210115 × 10^284 |
| 99 | ov_099 | 4.418300147150046 × 10^284 |
| 98 | ov_098 | 4.418342459980808 × 10^284 |
| 97 | ov_097 | 4.418474881621505 × 10^284 |
| 96 | aaa_78_29 | 6.692752932356733 × 10^284 |
| 95 | aaa_78_28 | 2.1793357644789637 × 10^285 |
| 94 | ov_094 | 7.057715095644939 × 10^285 |
| 93 | ov_093 | 1.647693922727832 × 10^286 |
| 92 | ov_092 | 3.2975927398554527 × 10^286 |
| 91 | ov_091 | 5.979080232014503 × 10^286 |
| 90 | ov_090 | 1.040912814020738 × 10^287 |
| 89 | ov_089 | 1.744426833583531 × 10^287 |
| 88 | ov_088 | 2.8080792249023486 × 10^287 |
| 87 | ov_087 | 4.292200325394709 × 10^287 |
| 86 | ov_086 | 6.324507353516556 × 10^287 |
| 85 | ov_085 | 9.046887063633051 × 10^287 |
| 84 | ov_084 | 1.2615530985656913 × 10^288 |
| 83 | ov_083 | 1.7201119352623884 × 10^288 |
| 82 | ov_082 | 2.298906172412898 × 10^288 |
| 81 | ov_081 | 3.017980231709994 × 10^288 |
| 64 | lv_79_m31 | 3.593888112976112 × 10^288 |
| 80 | ov_080 | 3.8989198061515555 × 10^288 |
| 79 | ov_079 | 4.9648977408731037 × 10^288 |
| 78 | ov_078 | 6.240728793608919 × 10^288 |
| 77 | ov_077 | 7.752934081623947 × 10^288 |
| 76 | ov_076 | 9.529816025624338 × 10^288 |
| 75 | ov_075 | 1.16015446063553 × 10^289 |
| 74 | ov_074 | 1.4000255756728222 × 10^289 |
| 73 | ov_073 | 1.6760162721867875 × 10^289 |
| 63 | ov_063 | 1.84470659843861 × 10^289 |
| 72 | ov_072 | 1.9917681231997157 × 10^289 |
| 71 | ov_071 | 2.351156934920386 × 10^289 |
| 70 | ov_070 | 2.758308286953751 × 10^289 |
| 69 | ov_069 | 3.217614718729603 × 10^289 |
| 68 | ov_068 | 3.7337546559565765 × 10^289 |
| 67 | ov_067 | 4.3117131746915906 × 10^289 |
| 66 | ov_066 | 4.311716395575824 × 10^289 |
| 65 | ov_065 | 4.311729556250333 × 10^289 |
| 62 | ov_062 | 9.466738242287696 × 10^289 |
| 61 | ov_061 | 3.451786023603886 × 10^290 |
| 60 | ov_060 | 9.884287855617215 × 10^290 |
| 59 | ov_059 | 2.3858063389008822 × 10^291 |
| 58 | ov_058 | 4.843530962214506 × 10^291 |
| 57 | ov_057 | 8.753433582647677 × 10^291 |
| 56 | ov_056 | 1.4592960009791243 × 10^292 |
| 55 | ov_055 | 2.340262665947708 × 10^292 |
| 54 | ov_054 | 3.583115030042762 × 10^292 |
| 53 | ov_053 | 5.326165086193227 × 10^292 |
| 52 | ov_052 | 7.724869030602788 × 10^292 |
| 51 | ov_051 | 1.0951845632659341 × 10^293 |
| 50 | ov_050 | 1.519690625916791 × 10^293 |
| 49 | ov_049 | 2.0667102593401925 × 10^293 |
| 48 | ov_048 | 2.7586798927798665 × 10^293 |
| 47 | ov_047 | 3.619777596286822 × 10^293 |
| 32 | lv_80_m31 | 4.211989953095956 × 10^293 |
| 46 | ov_046 | 4.675937416898338 × 10^293 |
| 45 | ov_045 | 5.954868696447041 × 10^293 |
| 44 | ov_044 | 7.486081563640715 × 10^293 |
| 43 | ov_043 | 9.300919908332866 × 10^293 |
| 42 | ov_042 | 1.1432603262897843 × 10^294 |
| 41 | ov_041 | 1.3916279134817699 × 10^294 |
| 40 | ov_040 | 1.6771024464104453 × 10^294 |
| 39 | ov_039 | 2.003604996662301 × 10^294 |
| 31 | ov_031 | 2.1601320281778068 × 10^294 |
| 38 | ov_038 | 2.3752731329458643 × 10^294 |
| 37 | ov_037 | 2.7964721282876204 × 10^294 |
| 36 | ov_036 | 3.2718081751008354 × 10^294 |
| 35 | ov_035 | 3.80614384220267 × 10^294 |
| 34 | ov_034 | 4.404616023214195 × 10^294 |
| 33 | ov_033 | 5.072656641977842 × 10^294 |
| 30 | ov_030 | 1.1076207968046774 × 10^295 |
| 29 | ov_029 | 3.623512401694598 × 10^295 |
| 28 | ov_028 | 9.404711939898543 × 10^295 |
| 27 | ov_027 | 2.1020153239499667 × 10^296 |
| 26 | ov_026 | 4.460242013231991 × 10^296 |
| 25 | ov_025 | 8.827353976047242 × 10^296 |
| 24 | ov_024 | 1.621450353272886 × 10^297 |
| 23 | ov_023 | 2.783180899571372 × 10^297 |
| 22 | ov_022 | 4.508839622313485 × 10^297 |
| 21 | ov_021 | 6.959248692724098 × 10^297 |
| 20 | ov_020 | 1.0315155986936936 × 10^298 |
| 19 | ov_019 | 1.477726142721389 × 10^298 |
| 18 | ov_018 | 2.056625749955514 × 10^298 |
| 17 | ov_017 | 2.792288954225387 × 10^298 |
| 16 | ov_016 | 3.7108042733791435 × 10^298 |
| 15 | ov_015 | 4.840286447080423 × 10^298 |
| 14 | ov_014 | 6.21089333242265 × 10^298 |
| 13 | ov_013 | 7.854848769725854 × 10^298 |
| 12 | ov_012 | 9.806472868332219 × 10^298 |
| 11 | ov_011 | 1.2102221299991751 × 10^299 |
| 10 | ov_010 | 1.4780735325698688 × 10^299 |
| 9 | ov_009 | 1.7882904420827625 × 10^299 |
| 8 | ov_008 | 2.1451943503414077 × 10^299 |
| 7 | ov_007 | 2.553348691178801 × 10^299 |
| 6 | ov_006 | 3.0175701420950457 × 10^299 |
| 5 | ov_005 | 3.5429420732630684 × 10^299 |
| 4 | ov_004 | 4.134830402253319 × 10^299 |
| 3 | ov_003 | 4.7989021100025905 × 10^299 |
| 2 | ov_002 | 5.541146653133981 × 10^299 |
| 1 | ov_001 | 6.3679005240177625 × 10^299 |

