# Results for F001-F002-F003-F004-F005-F006-F007-F008-F009-F010-F011-F012-F013-F014-F015-F016-F017-F018-F019-F020-F021-F022-F023-F024-F025-F026-F027-F028-F029-F030-F031-F032-F033-F034-F035-F036-F037-F038-F039-F040-F041-F042-F043-F044-F045-F046-F047-F048-F049-F050-F051-F052-F053-F054-F055-F056-F057-F058-F059-F060-F061-F062-F063-F064-F065-F066-F067-F068-F069-F070-F071-F072-F073-F074-F075-F076-F077-F078-F079-F080-F081-F082-F083-F084-F085-F086-F087-F088-F089-F090-F091-F092-F093-F094-F095-F096-F097-F098-F099-F100-F101-F102-F103-F104-F105-F106-F107-F108-F109-F110-F111-F112-F113-F114-F115-F116-F117-F118-F119-F120-F121-F122-F123-F124-F125-F126-F127-F128-F129-F130-F131-F132-F133-F134-F135-F136-F137-F138-F139-F140-F141-F142-F143-F144-F145-F146-F147-F148-F149-F150-F151-F152-F153-F154-F155-F156-F157-F158-F159-F160-F161-F162-F163-F164-F165-F166-F167-F168-F169-F170-F171-F172-F173-F174-F175-F176-F177-F178-F179-F180-F181-F182-F183-F184-F185-F186-F187-F188-F189-F190-F191-F192-F193-F194-F195-F196-F197-F198-F199-F200-F201-F202-F203-F204-F205-F206-F207-F208-F209-F210-F211-F212-F213-F214-F215-F216-F217-F218-F219-F220-F221-F222-F223-F224-F225-F226-F227-F228-F229-F230-F231-F232-F233-F234-F235-F236-F237-F238-F239-F240-F241-F242-F243-F244-F245-F246-F247-F248-F249-F250-F251-F252-F253-F254-F255-F256-F257-F258-F259-F260-F261-F262-F263-F264-F265-F266-F267-F268-F269-F270-F271-F272-F273-F274-F275-F276-F277-F278-F279-F280-F281-F282-F283-F284-F285-F286-F287-F288-F289-F290-F291-F292-F293-F294-F295-F296-F297-F298-F299-F300-F301-F302-F303-F304-F305-F306-F307-F308-F309-F310-F311-F312-F313-F314-F315-F316-F317-F318-F319-F320-F321-F322-F323-F324-F325-F326-F327-F328-F329-F330-F331-F332-F333-F334-F335-F336-F337-F338-F339-F340-F341-F342-F343-F344-F345-F346-F347-F348-F349-F350-F351-F352-F353-F354-F355-F356-F357-F358-F359-F360-F361-F362-F363-F364-F365-F366-F367-F368-F369-F370-F371-F372-F373-F374-F375-F376-F377-F378-F379-F380-F381-F382-F383-F384-F385-F386-F387-F388-F389-F390-F391-F392-F393-F394-F395-F396-F397-F398-F399-F400-F401-F402-F403-F404-F405-F406-F407-F408-F409-F410-F411-F412-F413-F414-F415-F416-F417-F418-F419-F420-F421-F422-F423-F424-F425-F426-F427-F428-F429-F430-F431-F432-F433-F434-F435-F436-F437-F438-F439-F440-F441-F442-F443-F444-F445-F446-F447-F448-F449-F450-F451-F452-F453-F454-F455-F456-F457-F458-F459-F460-F461-F462-F463-F464-F465-F466-F467-F468-F469-F470-F471-F472-F473-F474-F475-F476-F477-F478-F479-F480-F481-F482-F483-F484-F485-F486-F487-F488-F489-F490-F491-F492-F493-F494-F495-F496-O500505-O509510-F512

## Summary

Number of input bits: 512  
Number of free input bits: 13  
Number of output bits: 160

Number of direct occurrences: 54050  
Number of assignments: 32140  
Number of operations: 11781675
(xor: 11752551,
and: 15479,
or: 13645)

Total complexity: 7.297966433079245 × 10^305

Least occurring input variable: iv_504 (3975)  
Most occurring input variable: iv_509 (4402)

Most co-occurring input variables: iv_500-iv_503 (2166)  
Least co-occurring input variables: iv_499-iv_506 (1796)

Potentially most occurring input variable: iv_508/iv_509 (4597)  
Potentially least occurring input variable: iv_502/iv_506 (4231)

Least output occurring input variable: iv_500 (68)  
Most output occurring input variable: iv_498 (90)

Most output co-occurring input variables: iv_498-iv_509 (50)  
Least output co-occurring input variables: iv_499-iv_500 (26)

Potentially most output occurring input variable: iv_498/iv_511 (95)  
Potentially least output occurring input variable: iv_503/iv_504 (65)

Least complex input bit: iv_511 (1.664014914194329 × 10^302)  
Most complex input bit: iv_500 (1.8274372069334004 × 10^305)

Least complex output bit: aaa_76_29 (1.6840300104845738 × 10^280)  
Most complex output bit: ov_001 (1.140943708901583 × 10^305)

Least complex input/output complexity: iv_511/aaa_76_29 (3.8397697209122465 × 10^276)  
Most complex input/output complexity: iv_500/ov_001 (2.856964339014662 × 10^304)

## Input Bits

### Input Bits in Regular Order

| Input Bit | Complexity | Occurrences | Output Occurrences |
|:---------:|:----------:|:-----------:|:------------------:|
| iv_497 | 2.7687659229744006 × 10^303 | 4160 | 74 |
| iv_498 | 5.5394826777860516 × 10^303 | 4027 | 90 |
| iv_499 | 9.78545118219748 × 10^303 | 4005 | 72 |
| iv_500 | 1.8274372069334004 × 10^305 | 4317 | 68 |
| iv_501 | 2.7303538800363447 × 10^304 | 4162 | 72 |
| iv_502 | 4.415013322567821 × 10^304 | 4053 | 73 |
| iv_503 | 7.003196173082703 × 10^304 | 4279 | 83 |
| iv_504 | 1.0888327644923714 × 10^305 | 3975 | 72 |
| iv_506 | 8.32817009873879 × 10^304 | 4048 | 79 |
| iv_507 | 1.1540416456235317 × 10^305 | 4249 | 85 |
| iv_508 | 3.8756624316076816 × 10^304 | 4125 | 87 |
| iv_509 | 4.098142126828324 × 10^304 | 4402 | 85 |
| iv_511 | 1.664014914194329 × 10^302 | 4248 | 73 |

### Input Bits Sorted by Complexity

| Input Bit | Complexity | Occurrences | Output Occurrences |
|:---------:|:----------:|:-----------:|:------------------:|
| iv_511 | 1.664014914194329 × 10^302 | 4248 | 73 |
| iv_497 | 2.7687659229744006 × 10^303 | 4160 | 74 |
| iv_498 | 5.5394826777860516 × 10^303 | 4027 | 90 |
| iv_499 | 9.78545118219748 × 10^303 | 4005 | 72 |
| iv_501 | 2.7303538800363447 × 10^304 | 4162 | 72 |
| iv_508 | 3.8756624316076816 × 10^304 | 4125 | 87 |
| iv_509 | 4.098142126828324 × 10^304 | 4402 | 85 |
| iv_502 | 4.415013322567821 × 10^304 | 4053 | 73 |
| iv_503 | 7.003196173082703 × 10^304 | 4279 | 83 |
| iv_506 | 8.32817009873879 × 10^304 | 4048 | 79 |
| iv_504 | 1.0888327644923714 × 10^305 | 3975 | 72 |
| iv_507 | 1.1540416456235317 × 10^305 | 4249 | 85 |
| iv_500 | 1.8274372069334004 × 10^305 | 4317 | 68 |

### Input Bits Sorted by Occurrences

| Input Bit | Complexity | Occurrences | Output Occurrences |
|:---------:|:----------:|:-----------:|:------------------:|
| iv_504 | 1.0888327644923714 × 10^305 | 3975 | 72 |
| iv_499 | 9.78545118219748 × 10^303 | 4005 | 72 |
| iv_498 | 5.5394826777860516 × 10^303 | 4027 | 90 |
| iv_506 | 8.32817009873879 × 10^304 | 4048 | 79 |
| iv_502 | 4.415013322567821 × 10^304 | 4053 | 73 |
| iv_508 | 3.8756624316076816 × 10^304 | 4125 | 87 |
| iv_497 | 2.7687659229744006 × 10^303 | 4160 | 74 |
| iv_501 | 2.7303538800363447 × 10^304 | 4162 | 72 |
| iv_511 | 1.664014914194329 × 10^302 | 4248 | 73 |
| iv_507 | 1.1540416456235317 × 10^305 | 4249 | 85 |
| iv_503 | 7.003196173082703 × 10^304 | 4279 | 83 |
| iv_500 | 1.8274372069334004 × 10^305 | 4317 | 68 |
| iv_509 | 4.098142126828324 × 10^304 | 4402 | 85 |

### Input Bits Sorted by Output Occurrences

| Input Bit | Complexity | Occurrences | Output Occurrences |
|:---------:|:----------:|:-----------:|:------------------:|
| iv_500 | 1.8274372069334004 × 10^305 | 4317 | 68 |
| iv_499 | 9.78545118219748 × 10^303 | 4005 | 72 |
| iv_504 | 1.0888327644923714 × 10^305 | 3975 | 72 |
| iv_501 | 2.7303538800363447 × 10^304 | 4162 | 72 |
| iv_502 | 4.415013322567821 × 10^304 | 4053 | 73 |
| iv_511 | 1.664014914194329 × 10^302 | 4248 | 73 |
| iv_497 | 2.7687659229744006 × 10^303 | 4160 | 74 |
| iv_506 | 8.32817009873879 × 10^304 | 4048 | 79 |
| iv_503 | 7.003196173082703 × 10^304 | 4279 | 83 |
| iv_507 | 1.1540416456235317 × 10^305 | 4249 | 85 |
| iv_509 | 4.098142126828324 × 10^304 | 4402 | 85 |
| iv_508 | 3.8756624316076816 × 10^304 | 4125 | 87 |
| iv_498 | 5.5394826777860516 × 10^303 | 4027 | 90 |

## Input Bit Co-occurrences

### Input Bit Co-occurrences Sorted by Co-occurrences

| Input Bits | Co-occurrences | Potential Occurrences | Output Co-occurrences | Potential Output Occurrences |
|:----------:|:--------------:|:---------------------:|:---------------------:|:----------------------------:|
| iv_500-iv_503 | 2166 | 4264 | 38 | 75 |
| iv_503-iv_509 | 2090 | 4501 | 39 | 90 |
| iv_500-iv_509 | 2078 | 4563 | 36 | 81 |
| iv_507-iv_509 | 2075 | 4501 | 43 | 84 |
| iv_503-iv_511 | 2072 | 4383 | 36 | 84 |
| iv_500-iv_507 | 2068 | 4430 | 30 | 93 |
| iv_501-iv_511 | 2052 | 4306 | 34 | 77 |
| iv_497-iv_500 | 2051 | 4375 | 29 | 84 |
| iv_499-iv_509 | 2041 | 4325 | 38 | 81 |
| iv_509-iv_511 | 2040 | 4570 | 40 | 78 |
| iv_501-iv_503 | 2034 | 4373 | 40 | 75 |
| iv_502-iv_509 | 2030 | 4395 | 41 | 76 |
| iv_497-iv_501 | 2029 | 4264 | 32 | 82 |

### Input Bit Co-occurrences Sorted by Potential Occurrences

| Input Bits | Co-occurrences | Potential Occurrences | Output Co-occurrences | Potential Output Occurrences |
|:----------:|:--------------:|:---------------------:|:---------------------:|:----------------------------:|
| iv_502-iv_506 | 1935 | 4231 | 37 | 78 |
| iv_498-iv_504 | 1881 | 4240 | 43 | 76 |
| iv_502-iv_508 | 1960 | 4258 | 41 | 78 |
| iv_499-iv_501 | 1954 | 4259 | 33 | 78 |
| iv_500-iv_503 | 2166 | 4264 | 38 | 75 |
| iv_497-iv_501 | 2029 | 4264 | 32 | 82 |
| iv_499-iv_504 | 1858 | 4264 | 33 | 78 |
| iv_497-iv_502 | 1972 | 4269 | 35 | 77 |
| iv_499-iv_503 | 2001 | 4282 | 36 | 83 |
| iv_498-iv_506 | 1894 | 4287 | 44 | 81 |
| iv_504-iv_506 | 1867 | 4289 | 34 | 83 |
| iv_499-iv_511 | 1979 | 4295 | 33 | 79 |
| iv_504-iv_507 | 1964 | 4296 | 36 | 85 |

### Input Bit Output Co-occurrences Sorted by Output Co-occurrences

| Input Bits | Co-occurrences | Potential Occurrences | Output Co-occurrences | Potential Output Occurrences |
|:----------:|:--------------:|:---------------------:|:---------------------:|:----------------------------:|
| iv_498-iv_509 | 1966 | 4497 | 50 | 75 |
| iv_503-iv_507 | 2017 | 4494 | 46 | 76 |
| iv_498-iv_507 | 1958 | 4360 | 45 | 85 |
| iv_503-iv_504 | 1958 | 4338 | 45 | 65 |
| iv_508-iv_511 | 2002 | 4369 | 45 | 70 |
| iv_498-iv_508 | 1904 | 4344 | 45 | 87 |
| iv_503-iv_508 | 1994 | 4416 | 44 | 82 |
| iv_498-iv_506 | 1894 | 4287 | 44 | 81 |
| iv_501-iv_507 | 2019 | 4373 | 44 | 69 |
| iv_508-iv_509 | 1965 | 4597 | 44 | 84 |
| iv_498-iv_501 | 1936 | 4317 | 44 | 74 |
| iv_498-iv_504 | 1881 | 4240 | 43 | 76 |
| iv_507-iv_509 | 2075 | 4501 | 43 | 84 |

### Input Bit Output Co-occurrences Sorted by Potential Output Occurrences

| Input Bits | Co-occurrences | Potential Occurrences | Output Co-occurrences | Potential Output Occurrences |
|:----------:|:--------------:|:---------------------:|:---------------------:|:----------------------------:|
| iv_503-iv_504 | 1958 | 4338 | 45 | 65 |
| iv_501-iv_507 | 2019 | 4373 | 44 | 69 |
| iv_508-iv_511 | 2002 | 4369 | 45 | 70 |
| iv_500-iv_501 | 2003 | 4473 | 35 | 70 |
| iv_502-iv_503 | 1988 | 4356 | 42 | 72 |
| iv_502-iv_511 | 1986 | 4329 | 37 | 72 |
| iv_499-iv_502 | 1879 | 4300 | 36 | 73 |
| iv_500-iv_508 | 2009 | 4424 | 41 | 73 |
| iv_504-iv_508 | 1880 | 4340 | 43 | 73 |
| iv_498-iv_501 | 1936 | 4317 | 44 | 74 |
| iv_497-iv_506 | 1901 | 4406 | 39 | 75 |
| iv_497-iv_511 | 2002 | 4404 | 36 | 75 |
| iv_498-iv_509 | 1966 | 4497 | 50 | 75 |

## Output Bits

### Output Bits in Regular Order

| Rank | Output Bit | Complexity |
|:----:|:----------:|:----------:|
| 1 | ov_001 | 1.140943708901583 × 10^305 |
| 2 | ov_002 | 9.928046676264144 × 10^304 |
| 3 | ov_003 | 8.598105364658211 × 10^304 |
| 4 | ov_004 | 7.408254023227968 × 10^304 |
| 5 | ov_005 | 6.347755383173071 × 10^304 |
| 6 | ov_006 | 5.406450191498241 × 10^304 |
| 7 | ov_007 | 4.5747190764414484 × 10^304 |
| 8 | ov_008 | 3.843449598868852 × 10^304 |
| 9 | ov_009 | 3.2040079918723326 × 10^304 |
| 10 | ov_010 | 2.648215117859421 × 10^304 |
| 11 | ov_011 | 2.1683261986544674 × 10^304 |
| 12 | ov_012 | 1.7570138996938398 × 10^304 |
| 13 | ov_013 | 1.40735437443363 × 10^304 |
| 14 | ov_014 | 1.1128158997122129 × 10^304 |
| 15 | ov_015 | 8.672497571191006 × 10^303 |
| 16 | ov_016 | 6.648830394953894 × 10^303 |
| 17 | ov_017 | 5.0031308559331716 × 10^303 |
| 18 | ov_018 | 3.68503269702701 × 10^303 |
| 19 | ov_019 | 2.6477989674841816 × 10^303 |
| 20 | ov_020 | 1.8482997700416035 × 10^303 |
| 21 | ov_021 | 1.2469967817383579 × 10^303 |
| 22 | ov_022 | 8.079327617697434 × 10^302 |
| 23 | ov_023 | 4.987245629463534 × 10^302 |
| 24 | ov_024 | 2.9055858668198756 × 10^302 |
| 25 | ov_025 | 1.5818800058368031 × 10^302 |
| 26 | ov_026 | 7.99312134389875 × 10^301 |
| 27 | ov_027 | 3.7671157219890747 × 10^301 |
| 28 | ov_028 | 1.685500377743522 × 10^301 |
| 29 | ov_029 | 6.494073583943302 × 10^300 |
| 30 | ov_030 | 1.9850592889551526 × 10^300 |
| 31 | ov_031 | 3.8711993701578555 × 10^299 |
| 32 | lv_80_m31 | 7.547909826344201 × 10^298 |
| 33 | ov_033 | 9.088367630638435 × 10^299 |
| 34 | ov_034 | 7.892421555378856 × 10^299 |
| 35 | ov_035 | 6.820301276724105 × 10^299 |
| 36 | ov_036 | 5.862647627069055 × 10^299 |
| 37 | ov_037 | 5.010612187647489 × 10^299 |
| 38 | ov_038 | 4.255821204961636 × 10^299 |
| 39 | ov_039 | 3.5903442520700986 × 10^299 |
| 40 | ov_040 | 3.0066671965118485 × 10^299 |
| 41 | ov_041 | 2.4976690593200615 × 10^299 |
| 42 | ov_042 | 2.056602371543633 × 10^299 |
| 43 | ov_043 | 1.6770766560962472 × 10^299 |
| 44 | ov_044 | 1.3530446837200356 × 10^299 |
| 45 | ov_045 | 1.078791172490007 × 10^299 |
| 46 | ov_046 | 8.489236206836303 × 10^298 |
| 47 | ov_047 | 6.583649830665559 × 10^298 |
| 48 | ov_048 | 5.023479207532712 × 10^298 |
| 49 | ov_049 | 3.764103748283167 × 10^298 |
| 50 | ov_050 | 2.763922338848175 × 10^298 |
| 51 | ov_051 | 1.9843288556853433 × 10^298 |
| 52 | ov_052 | 1.3896946211815527 × 10^298 |
| 53 | ov_053 | 9.47356179240943 × 10^297 |
| 54 | ov_054 | 6.27607132951384 × 10^297 |
| 55 | ov_055 | 4.036929848054581 × 10^297 |
| 56 | ov_056 | 2.5180799976427797 × 10^297 |
| 57 | ov_057 | 1.5109334889028955 × 10^297 |
| 58 | ov_058 | 8.363607298489262 × 10^296 |
| 59 | ov_059 | 4.121607051804139 × 10^296 |
| 60 | ov_060 | 1.7085831727582211 × 10^296 |
| 61 | ov_061 | 5.970378582242558 × 10^295 |
| 62 | ov_062 | 1.6384097264900287 × 10^295 |
| 63 | ov_063 | 3.194671008383587 × 10^294 |
| 64 | lv_79_m31 | 6.227813060638874 × 10^293 |
| 65 | ov_065 | 7.468234648584071 × 10^294 |
| 66 | ov_066 | 7.468213352198695 × 10^294 |
| 67 | ov_067 | 7.468208207938587 × 10^294 |
| 68 | ov_068 | 6.479306728437679 × 10^294 |
| 69 | ov_069 | 5.593093931953667 × 10^294 |
| 70 | ov_070 | 4.8018638379399724 × 10^294 |
| 71 | ov_071 | 4.098318054084612 × 10^294 |
| 72 | ov_072 | 3.4755367479259344 × 10^294 |
| 73 | ov_073 | 2.92695376817826 × 10^294 |
| 74 | ov_074 | 2.4463355076379444 × 10^294 |
| 75 | ov_075 | 2.0277631212211942 × 10^294 |
| 76 | ov_076 | 1.6656177335182734 × 10^294 |
| 77 | ov_077 | 1.3545682903833466 × 10^294 |
| 78 | ov_078 | 1.0895617286467135 × 10^294 |
| 79 | ov_079 | 8.658151571490269 × 10^293 |
| 80 | ov_080 | 6.788097610510585 × 10^293 |
| 81 | ov_081 | 5.242861598486217 × 10^293 |
| 82 | ov_082 | 3.982409677876542 × 10^293 |
| 83 | ov_083 | 2.969243234835647 × 10^293 |
| 84 | ov_084 | 2.1683817354487397 × 10^293 |
| 85 | ov_085 | 1.5473511291727956 × 10^293 |
| 86 | ov_086 | 1.0761760252608106 × 10^293 |
| 87 | ov_087 | 7.27374172591986 × 10^292 |
| 88 | ov_088 | 4.759523682849064 × 10^292 |
| 89 | ov_089 | 2.994034486209253 × 10^292 |
| 90 | ov_090 | 1.7770418445670264 × 10^292 |
| 91 | ov_091 | 1.0146373276506309 × 10^292 |
| 92 | ov_092 | 5.562315024003376 × 10^291 |
| 93 | ov_093 | 2.7604778073480445 × 10^291 |
| 94 | ov_094 | 1.1740071323275862 × 10^291 |
| 95 | aaa_78_28 | 3.600994007708282 × 10^290 |
| 96 | aaa_78_29 | 1.094243602565899 × 10^290 |
| 97 | ov_097 | 5.980558557338188 × 10^289 |
| 98 | ov_098 | 5.980528935888445 × 10^289 |
| 99 | ov_099 | 5.980519455303512 × 10^289 |
| 100 | ov_100 | 5.137801846493819 × 10^289 |
| 101 | ov_101 | 4.3876832553788186 × 10^289 |
| 102 | ov_102 | 3.722882899236636 × 10^289 |
| 103 | ov_103 | 3.136522393633599 × 10^289 |
| 104 | ov_104 | 2.6220963829760444 × 10^289 |
| 105 | ov_105 | 2.173446945913582 × 10^289 |
| 106 | ov_106 | 1.7847414330166146 × 10^289 |
| 107 | ov_107 | 1.450453412193202 × 10^289 |
| 108 | ov_108 | 1.165346414657895 × 10^289 |
| 109 | ov_109 | 9.2446019104384 × 10^288 |
| 110 | ov_110 | 7.230992035687371 × 10^288 |
| 111 | ov_111 | 5.5682309612015304 × 10^288 |
| 112 | ov_112 | 4.214388997975216 × 10^288 |
| 113 | ov_113 | 3.129947469052438 × 10^288 |
| 114 | ov_114 | 2.277748816902677 × 10^288 |
| 115 | ov_115 | 1.6229577130420544 × 10^288 |
| 116 | ov_116 | 1.133031355804809 × 10^288 |
| 117 | ov_117 | 7.776972927855908 × 10^287 |
| 118 | ov_118 | 5.28937254795823 × 10^287 |
| 119 | ov_119 | 3.609756383372288 × 10^287 |
| 120 | ov_120 | 2.502715471530555 × 10^287 |
| 121 | ov_121 | 1.755135769290429 × 10^287 |
| 122 | ov_122 | 1.1761655373468242 × 10^287 |
| 123 | ov_123 | 7.435742602533636 × 10^286 |
| 124 | ov_124 | 4.351375845696132 × 10^286 |
| 125 | ov_125 | 2.2863385094028777 × 10^286 |
| 126 | ov_126 | 1.0184232291510768 × 10^286 |
| 127 | aaa_77_28 | 3.254250612881794 × 10^285 |
| 128 | aaa_77_29 | 1.221309920137006 × 10^285 |
| 129 | ov_129 | 1.133842261670977 × 10^285 |
| 130 | ov_130 | 1.1338389783307907 × 10^285 |
| 131 | ov_131 | 1.1338381834150556 × 10^285 |
| 132 | ov_132 | 9.852336819869302 × 10^284 |
| 133 | ov_133 | 8.517937967784353 × 10^284 |
| 134 | ov_134 | 7.323329666239038 × 10^284 |
| 135 | ov_135 | 6.257301678439589 × 10^284 |
| 136 | ov_136 | 5.309243185159262 × 10^284 |
| 137 | ov_137 | 4.473993285232086 × 10^284 |
| 138 | ov_138 | 3.7420259243005596 × 10^284 |
| 139 | ov_139 | 3.1043109198546437 × 10^284 |
| 140 | ov_140 | 2.5522891104903142 × 10^284 |
| 141 | ov_141 | 2.0778515189972062 × 10^284 |
| 142 | ov_142 | 1.6733220789572408 × 10^284 |
| 143 | ov_143 | 1.3314435009965435 × 10^284 |
| 144 | ov_144 | 1.0453658809624347 × 10^284 |
| 145 | ov_145 | 8.086376781910818 × 10^283 |
| 146 | ov_146 | 6.151987177647148 × 10^283 |
| 147 | ov_147 | 4.593748962867798 × 10^283 |
| 148 | ov_148 | 3.3587429626921295 × 10^283 |
| 149 | ov_149 | 2.3978443975422993 × 10^283 |
| 150 | ov_150 | 1.6657043729883858 × 10^283 |
| 151 | ov_151 | 1.120738139420568 × 10^283 |
| 152 | ov_152 | 7.251181925746493 × 10^282 |
| 153 | ov_153 | 4.447705407058084 × 10^282 |
| 154 | ov_154 | 2.493727758166165 × 10^282 |
| 155 | ov_155 | 1.247014205153191 × 10^282 |
| 156 | aaa_76_25 | 4.793458534044864 × 10^281 |
| 157 | aaa_76_26 | 2.770107514250267 × 10^281 |
| 158 | aaa_76_27 | 1.4191580847470475 × 10^281 |
| 159 | aaa_76_28 | 5.531387998298686 × 10^280 |
| 160 | aaa_76_29 | 1.6840300104845738 × 10^280 |

### Output Bits Sorted by Complexity

| Rank | Output Bit | Complexity |
|:----:|:----------:|:----------:|
| 160 | aaa_76_29 | 1.6840300104845738 × 10^280 |
| 159 | aaa_76_28 | 5.531387998298686 × 10^280 |
| 158 | aaa_76_27 | 1.4191580847470475 × 10^281 |
| 157 | aaa_76_26 | 2.770107514250267 × 10^281 |
| 156 | aaa_76_25 | 4.793458534044864 × 10^281 |
| 155 | ov_155 | 1.247014205153191 × 10^282 |
| 154 | ov_154 | 2.493727758166165 × 10^282 |
| 153 | ov_153 | 4.447705407058084 × 10^282 |
| 152 | ov_152 | 7.251181925746493 × 10^282 |
| 151 | ov_151 | 1.120738139420568 × 10^283 |
| 150 | ov_150 | 1.6657043729883858 × 10^283 |
| 149 | ov_149 | 2.3978443975422993 × 10^283 |
| 148 | ov_148 | 3.3587429626921295 × 10^283 |
| 147 | ov_147 | 4.593748962867798 × 10^283 |
| 146 | ov_146 | 6.151987177647148 × 10^283 |
| 145 | ov_145 | 8.086376781910818 × 10^283 |
| 144 | ov_144 | 1.0453658809624347 × 10^284 |
| 143 | ov_143 | 1.3314435009965435 × 10^284 |
| 142 | ov_142 | 1.6733220789572408 × 10^284 |
| 141 | ov_141 | 2.0778515189972062 × 10^284 |
| 140 | ov_140 | 2.5522891104903142 × 10^284 |
| 139 | ov_139 | 3.1043109198546437 × 10^284 |
| 138 | ov_138 | 3.7420259243005596 × 10^284 |
| 137 | ov_137 | 4.473993285232086 × 10^284 |
| 136 | ov_136 | 5.309243185159262 × 10^284 |
| 135 | ov_135 | 6.257301678439589 × 10^284 |
| 134 | ov_134 | 7.323329666239038 × 10^284 |
| 133 | ov_133 | 8.517937967784353 × 10^284 |
| 132 | ov_132 | 9.852336819869302 × 10^284 |
| 131 | ov_131 | 1.1338381834150556 × 10^285 |
| 130 | ov_130 | 1.1338389783307907 × 10^285 |
| 129 | ov_129 | 1.133842261670977 × 10^285 |
| 128 | aaa_77_29 | 1.221309920137006 × 10^285 |
| 127 | aaa_77_28 | 3.254250612881794 × 10^285 |
| 126 | ov_126 | 1.0184232291510768 × 10^286 |
| 125 | ov_125 | 2.2863385094028777 × 10^286 |
| 124 | ov_124 | 4.351375845696132 × 10^286 |
| 123 | ov_123 | 7.435742602533636 × 10^286 |
| 122 | ov_122 | 1.1761655373468242 × 10^287 |
| 121 | ov_121 | 1.755135769290429 × 10^287 |
| 120 | ov_120 | 2.502715471530555 × 10^287 |
| 119 | ov_119 | 3.609756383372288 × 10^287 |
| 118 | ov_118 | 5.28937254795823 × 10^287 |
| 117 | ov_117 | 7.776972927855908 × 10^287 |
| 116 | ov_116 | 1.133031355804809 × 10^288 |
| 115 | ov_115 | 1.6229577130420544 × 10^288 |
| 114 | ov_114 | 2.277748816902677 × 10^288 |
| 113 | ov_113 | 3.129947469052438 × 10^288 |
| 112 | ov_112 | 4.214388997975216 × 10^288 |
| 111 | ov_111 | 5.5682309612015304 × 10^288 |
| 110 | ov_110 | 7.230992035687371 × 10^288 |
| 109 | ov_109 | 9.2446019104384 × 10^288 |
| 108 | ov_108 | 1.165346414657895 × 10^289 |
| 107 | ov_107 | 1.450453412193202 × 10^289 |
| 106 | ov_106 | 1.7847414330166146 × 10^289 |
| 105 | ov_105 | 2.173446945913582 × 10^289 |
| 104 | ov_104 | 2.6220963829760444 × 10^289 |
| 103 | ov_103 | 3.136522393633599 × 10^289 |
| 102 | ov_102 | 3.722882899236636 × 10^289 |
| 101 | ov_101 | 4.3876832553788186 × 10^289 |
| 100 | ov_100 | 5.137801846493819 × 10^289 |
| 99 | ov_099 | 5.980519455303512 × 10^289 |
| 98 | ov_098 | 5.980528935888445 × 10^289 |
| 97 | ov_097 | 5.980558557338188 × 10^289 |
| 96 | aaa_78_29 | 1.094243602565899 × 10^290 |
| 95 | aaa_78_28 | 3.600994007708282 × 10^290 |
| 94 | ov_094 | 1.1740071323275862 × 10^291 |
| 93 | ov_093 | 2.7604778073480445 × 10^291 |
| 92 | ov_092 | 5.562315024003376 × 10^291 |
| 91 | ov_091 | 1.0146373276506309 × 10^292 |
| 90 | ov_090 | 1.7770418445670264 × 10^292 |
| 89 | ov_089 | 2.994034486209253 × 10^292 |
| 88 | ov_088 | 4.759523682849064 × 10^292 |
| 87 | ov_087 | 7.27374172591986 × 10^292 |
| 86 | ov_086 | 1.0761760252608106 × 10^293 |
| 85 | ov_085 | 1.5473511291727956 × 10^293 |
| 84 | ov_084 | 2.1683817354487397 × 10^293 |
| 83 | ov_083 | 2.969243234835647 × 10^293 |
| 82 | ov_082 | 3.982409677876542 × 10^293 |
| 81 | ov_081 | 5.242861598486217 × 10^293 |
| 64 | lv_79_m31 | 6.227813060638874 × 10^293 |
| 80 | ov_080 | 6.788097610510585 × 10^293 |
| 79 | ov_079 | 8.658151571490269 × 10^293 |
| 78 | ov_078 | 1.0895617286467135 × 10^294 |
| 77 | ov_077 | 1.3545682903833466 × 10^294 |
| 76 | ov_076 | 1.6656177335182734 × 10^294 |
| 75 | ov_075 | 2.0277631212211942 × 10^294 |
| 74 | ov_074 | 2.4463355076379444 × 10^294 |
| 73 | ov_073 | 2.92695376817826 × 10^294 |
| 63 | ov_063 | 3.194671008383587 × 10^294 |
| 72 | ov_072 | 3.4755367479259344 × 10^294 |
| 71 | ov_071 | 4.098318054084612 × 10^294 |
| 70 | ov_070 | 4.8018638379399724 × 10^294 |
| 69 | ov_069 | 5.593093931953667 × 10^294 |
| 68 | ov_068 | 6.479306728437679 × 10^294 |
| 67 | ov_067 | 7.468208207938587 × 10^294 |
| 66 | ov_066 | 7.468213352198695 × 10^294 |
| 65 | ov_065 | 7.468234648584071 × 10^294 |
| 62 | ov_062 | 1.6384097264900287 × 10^295 |
| 61 | ov_061 | 5.970378582242558 × 10^295 |
| 60 | ov_060 | 1.7085831727582211 × 10^296 |
| 59 | ov_059 | 4.121607051804139 × 10^296 |
| 58 | ov_058 | 8.363607298489262 × 10^296 |
| 57 | ov_057 | 1.5109334889028955 × 10^297 |
| 56 | ov_056 | 2.5180799976427797 × 10^297 |
| 55 | ov_055 | 4.036929848054581 × 10^297 |
| 54 | ov_054 | 6.27607132951384 × 10^297 |
| 53 | ov_053 | 9.47356179240943 × 10^297 |
| 52 | ov_052 | 1.3896946211815527 × 10^298 |
| 51 | ov_051 | 1.9843288556853433 × 10^298 |
| 50 | ov_050 | 2.763922338848175 × 10^298 |
| 49 | ov_049 | 3.764103748283167 × 10^298 |
| 48 | ov_048 | 5.023479207532712 × 10^298 |
| 47 | ov_047 | 6.583649830665559 × 10^298 |
| 32 | lv_80_m31 | 7.547909826344201 × 10^298 |
| 46 | ov_046 | 8.489236206836303 × 10^298 |
| 45 | ov_045 | 1.078791172490007 × 10^299 |
| 44 | ov_044 | 1.3530446837200356 × 10^299 |
| 43 | ov_043 | 1.6770766560962472 × 10^299 |
| 42 | ov_042 | 2.056602371543633 × 10^299 |
| 41 | ov_041 | 2.4976690593200615 × 10^299 |
| 40 | ov_040 | 3.0066671965118485 × 10^299 |
| 39 | ov_039 | 3.5903442520700986 × 10^299 |
| 31 | ov_031 | 3.8711993701578555 × 10^299 |
| 38 | ov_038 | 4.255821204961636 × 10^299 |
| 37 | ov_037 | 5.010612187647489 × 10^299 |
| 36 | ov_036 | 5.862647627069055 × 10^299 |
| 35 | ov_035 | 6.820301276724105 × 10^299 |
| 34 | ov_034 | 7.892421555378856 × 10^299 |
| 33 | ov_033 | 9.088367630638435 × 10^299 |
| 30 | ov_030 | 1.9850592889551526 × 10^300 |
| 29 | ov_029 | 6.494073583943302 × 10^300 |
| 28 | ov_028 | 1.685500377743522 × 10^301 |
| 27 | ov_027 | 3.7671157219890747 × 10^301 |
| 26 | ov_026 | 7.99312134389875 × 10^301 |
| 25 | ov_025 | 1.5818800058368031 × 10^302 |
| 24 | ov_024 | 2.9055858668198756 × 10^302 |
| 23 | ov_023 | 4.987245629463534 × 10^302 |
| 22 | ov_022 | 8.079327617697434 × 10^302 |
| 21 | ov_021 | 1.2469967817383579 × 10^303 |
| 20 | ov_020 | 1.8482997700416035 × 10^303 |
| 19 | ov_019 | 2.6477989674841816 × 10^303 |
| 18 | ov_018 | 3.68503269702701 × 10^303 |
| 17 | ov_017 | 5.0031308559331716 × 10^303 |
| 16 | ov_016 | 6.648830394953894 × 10^303 |
| 15 | ov_015 | 8.672497571191006 × 10^303 |
| 14 | ov_014 | 1.1128158997122129 × 10^304 |
| 13 | ov_013 | 1.40735437443363 × 10^304 |
| 12 | ov_012 | 1.7570138996938398 × 10^304 |
| 11 | ov_011 | 2.1683261986544674 × 10^304 |
| 10 | ov_010 | 2.648215117859421 × 10^304 |
| 9 | ov_009 | 3.2040079918723326 × 10^304 |
| 8 | ov_008 | 3.843449598868852 × 10^304 |
| 7 | ov_007 | 4.5747190764414484 × 10^304 |
| 6 | ov_006 | 5.406450191498241 × 10^304 |
| 5 | ov_005 | 6.347755383173071 × 10^304 |
| 4 | ov_004 | 7.408254023227968 × 10^304 |
| 3 | ov_003 | 8.598105364658211 × 10^304 |
| 2 | ov_002 | 9.928046676264144 × 10^304 |
| 1 | ov_001 | 1.140943708901583 × 10^305 |

