# Results for F001-F002-F003-F004-F005-F006-F007-F008-F009-F010-F011-F012-F013-F014-F015-F016-F017-F018-F019-F020-F021-F022-F023-F024-F025-F026-F027-F028-F029-F030-F031-F032-F033-F034-F035-F036-F037-F038-F039-F040-F041-F042-F043-F044-F045-F046-F047-F048-F049-F050-F051-F052-F053-F054-F055-F056-F057-F058-F059-F060-F061-F062-F063-F064-F065-F066-F067-F068-F069-F070-F071-F072-F073-F074-F075-F076-F077-F078-F079-F080-F081-F082-F083-F084-F085-F086-F087-F088-F089-F090-F091-F092-F093-F094-F095-F096-F097-F098-F099-F100-F101-F102-F103-F104-F105-F106-F107-F108-F109-F110-F111-F112-F113-F114-F115-F116-F117-F118-F119-F120-F121-F122-F123-F124-F125-F126-F127-F128-F129-F130-F131-F132-F133-F134-F135-F136-F137-F138-F139-F140-F141-F142-F143-F144-F145-F146-F147-F148-F149-F150-F151-F152-F153-F154-F155-F156-F157-F158-F159-F160-F161-F162-F163-F164-F165-F166-F167-F168-F169-F170-F171-F172-F173-F174-F175-F176-F177-F178-F179-F180-F181-F182-F183-F184-F185-F186-F187-F188-F189-F190-F191-F192-F193-F194-F195-F196-F197-F198-F199-F200-F201-F202-F203-F204-F205-F206-F207-F208-F209-F210-F211-F212-F213-F214-F215-F216-F217-F218-F219-F220-F221-F222-F223-F224-F225-F226-F227-F228-F229-F230-F231-F232-F233-F234-F235-F236-F237-F238-F239-F240-F241-F242-F243-F244-F245-F246-F247-F248-F249-F250-F251-F252-F253-F254-F255-F256-F257-F258-F259-F260-F261-F262-F263-F264-F265-F266-F267-F268-F269-F270-F271-F272-F273-F274-F275-F276-F277-F278-F279-F280-F281-F282-F283-F284-F285-F286-F287-F288-F289-F290-F291-F292-F293-F294-F295-F296-F297-F298-F299-F300-F301-F302-F303-F304-F305-F306-F307-F308-F309-F310-F311-F312-F313-F314-F315-F316-F317-F318-F319-F320-F321-F322-F323-F324-F325-F326-F327-F328-F329-F330-F331-F332-F333-F334-F335-F336-F337-F338-F339-F340-F341-F342-F343-F344-F345-F346-F347-F348-F349-F350-F351-F352-F353-F354-F355-F356-F357-F358-F359-F360-F361-F362-F363-F364-F365-F366-F367-F368-F369-F370-F371-F372-F373-F374-F375-F376-F377-F378-F379-F380-F381-F382-F383-F384-F385-F386-F387-F388-F389-F390-F391-F392-F393-F394-F395-F396-F397-F398-F399-F400-F401-F402-F403-F404-F405-F406-F407-F408-F409-F410-F411-F412-F413-F414-F415-F416-F417-F418-F419-F420-F421-F422-F423-F424-F425-F426-F427-F428-F429-F430-F431-F432-F433-F434-F435-F436-F437-F438-F439-F440-F441-F442-F443-F444-F445-F446-F447-F448-F449-F450-F451-F452-F453-F454-F455-F456-F457-F458-F459-F460-F461-F462-F463-F464-F465-F466-F467-F468-F469-F470-F471-F472-F473-F474-F475-F476-F477-F478-F479-F480-F481-F482-F483-F484-F485-F486-F487-F488-F489-F490-F491-F492-F493-F494-F495-F496-O500505-F509-F512

## Summary

Number of input bits: 512  
Number of free input bits: 13  
Number of output bits: 160

Number of direct occurrences: 53353  
Number of assignments: 31818  
Number of operations: 11303914
(xor: 11275411,
and: 14958,
or: 13545)

Total complexity: 1.4499826454595065 × 10^302

Least occurring input variable: iv_502 (3850)  
Most occurring input variable: iv_510 (4317)

Most co-occurring input variables: iv_508-iv_511 (2085)  
Least co-occurring input variables: iv_499-iv_502 (1737)

Potentially most occurring input variable: iv_497/iv_510 (4544)  
Potentially least occurring input variable: iv_504/iv_508 (4112)

Least output occurring input variable: iv_504 (70)  
Most output occurring input variable: iv_498 (91)

Most output co-occurring input variables: iv_506-iv_508 (52)  
Least output co-occurring input variables: iv_499-iv_504 (29)

Potentially most output occurring input variable: iv_502/iv_503 (93)  
Potentially least output occurring input variable: iv_506/iv_508 (63)

Least complex input bit: iv_511 (8.384518053650834 × 10^298)  
Most complex input bit: iv_510 (2.8072812425044983 × 10^301)

Least complex output bit: aaa_76_29 (5.407297732930384 × 10^276)  
Most complex output bit: ov_001 (2.2668566303357702 × 10^301)

Least complex input/output complexity: iv_511/aaa_76_29 (3.12676745512718 × 10^273)  
Most complex input/output complexity: iv_510/ov_001 (4.388813974923039 × 10^300)

## Input Bits

### Input Bits in Regular Order

| Input Bit | Complexity | Occurrences | Output Occurrences |
|:---------:|:----------:|:-----------:|:------------------:|
| iv_497 | 3.9414540703138255 × 10^299 | 4145 | 88 |
| iv_498 | 7.855986833369615 × 10^299 | 3968 | 91 |
| iv_499 | 1.3828668703122221 × 10^300 | 3926 | 72 |
| iv_500 | 2.626352077875657 × 10^301 | 4273 | 81 |
| iv_501 | 3.910241408555323 × 10^300 | 4111 | 83 |
| iv_502 | 6.352740846172423 × 10^300 | 3850 | 71 |
| iv_503 | 1.0086251081053608 × 10^301 | 4188 | 82 |
| iv_504 | 1.5679525678485995 × 10^301 | 3953 | 70 |
| iv_506 | 1.1998445371657583 × 10^301 | 3992 | 80 |
| iv_507 | 1.718597634450196 × 10^301 | 4204 | 75 |
| iv_508 | 2.2802294470505218 × 10^301 | 4175 | 87 |
| iv_510 | 2.8072812425044983 × 10^301 | 4317 | 76 |
| iv_511 | 8.384518053650834 × 10^298 | 4251 | 79 |

### Input Bits Sorted by Complexity

| Input Bit | Complexity | Occurrences | Output Occurrences |
|:---------:|:----------:|:-----------:|:------------------:|
| iv_511 | 8.384518053650834 × 10^298 | 4251 | 79 |
| iv_497 | 3.9414540703138255 × 10^299 | 4145 | 88 |
| iv_498 | 7.855986833369615 × 10^299 | 3968 | 91 |
| iv_499 | 1.3828668703122221 × 10^300 | 3926 | 72 |
| iv_501 | 3.910241408555323 × 10^300 | 4111 | 83 |
| iv_502 | 6.352740846172423 × 10^300 | 3850 | 71 |
| iv_503 | 1.0086251081053608 × 10^301 | 4188 | 82 |
| iv_506 | 1.1998445371657583 × 10^301 | 3992 | 80 |
| iv_504 | 1.5679525678485995 × 10^301 | 3953 | 70 |
| iv_507 | 1.718597634450196 × 10^301 | 4204 | 75 |
| iv_508 | 2.2802294470505218 × 10^301 | 4175 | 87 |
| iv_500 | 2.626352077875657 × 10^301 | 4273 | 81 |
| iv_510 | 2.8072812425044983 × 10^301 | 4317 | 76 |

### Input Bits Sorted by Occurrences

| Input Bit | Complexity | Occurrences | Output Occurrences |
|:---------:|:----------:|:-----------:|:------------------:|
| iv_502 | 6.352740846172423 × 10^300 | 3850 | 71 |
| iv_499 | 1.3828668703122221 × 10^300 | 3926 | 72 |
| iv_504 | 1.5679525678485995 × 10^301 | 3953 | 70 |
| iv_498 | 7.855986833369615 × 10^299 | 3968 | 91 |
| iv_506 | 1.1998445371657583 × 10^301 | 3992 | 80 |
| iv_501 | 3.910241408555323 × 10^300 | 4111 | 83 |
| iv_497 | 3.9414540703138255 × 10^299 | 4145 | 88 |
| iv_508 | 2.2802294470505218 × 10^301 | 4175 | 87 |
| iv_503 | 1.0086251081053608 × 10^301 | 4188 | 82 |
| iv_507 | 1.718597634450196 × 10^301 | 4204 | 75 |
| iv_511 | 8.384518053650834 × 10^298 | 4251 | 79 |
| iv_500 | 2.626352077875657 × 10^301 | 4273 | 81 |
| iv_510 | 2.8072812425044983 × 10^301 | 4317 | 76 |

### Input Bits Sorted by Output Occurrences

| Input Bit | Complexity | Occurrences | Output Occurrences |
|:---------:|:----------:|:-----------:|:------------------:|
| iv_504 | 1.5679525678485995 × 10^301 | 3953 | 70 |
| iv_502 | 6.352740846172423 × 10^300 | 3850 | 71 |
| iv_499 | 1.3828668703122221 × 10^300 | 3926 | 72 |
| iv_507 | 1.718597634450196 × 10^301 | 4204 | 75 |
| iv_510 | 2.8072812425044983 × 10^301 | 4317 | 76 |
| iv_511 | 8.384518053650834 × 10^298 | 4251 | 79 |
| iv_506 | 1.1998445371657583 × 10^301 | 3992 | 80 |
| iv_500 | 2.626352077875657 × 10^301 | 4273 | 81 |
| iv_503 | 1.0086251081053608 × 10^301 | 4188 | 82 |
| iv_501 | 3.910241408555323 × 10^300 | 4111 | 83 |
| iv_508 | 2.2802294470505218 × 10^301 | 4175 | 87 |
| iv_497 | 3.9414540703138255 × 10^299 | 4145 | 88 |
| iv_498 | 7.855986833369615 × 10^299 | 3968 | 91 |

## Input Bit Co-occurrences

### Input Bit Co-occurrences Sorted by Co-occurrences

| Input Bits | Co-occurrences | Potential Occurrences | Output Co-occurrences | Potential Output Occurrences |
|:----------:|:--------------:|:---------------------:|:---------------------:|:----------------------------:|
| iv_508-iv_511 | 2085 | 4256 | 43 | 80 |
| iv_508-iv_510 | 2084 | 4324 | 40 | 83 |
| iv_500-iv_503 | 2078 | 4305 | 43 | 77 |
| iv_507-iv_508 | 2077 | 4225 | 44 | 74 |
| iv_510-iv_511 | 2076 | 4416 | 37 | 81 |
| iv_500-iv_510 | 2066 | 4458 | 36 | 85 |
| iv_503-iv_511 | 2057 | 4325 | 41 | 79 |
| iv_503-iv_508 | 2053 | 4257 | 44 | 81 |
| iv_503-iv_510 | 2050 | 4405 | 41 | 76 |
| iv_497-iv_507 | 2046 | 4257 | 41 | 81 |
| iv_500-iv_511 | 2046 | 4432 | 40 | 80 |
| iv_501-iv_511 | 2043 | 4276 | 39 | 84 |
| iv_497-iv_500 | 2034 | 4350 | 45 | 79 |

### Input Bit Co-occurrences Sorted by Potential Occurrences

| Input Bits | Co-occurrences | Potential Occurrences | Output Co-occurrences | Potential Output Occurrences |
|:----------:|:--------------:|:---------------------:|:---------------------:|:----------------------------:|
| iv_504-iv_508 | 2008 | 4112 | 39 | 79 |
| iv_499-iv_508 | 1972 | 4157 | 43 | 73 |
| iv_504-iv_506 | 1889 | 4167 | 37 | 76 |
| iv_502-iv_508 | 1923 | 4179 | 42 | 74 |
| iv_506-iv_507 | 2008 | 4180 | 38 | 79 |
| iv_499-iv_504 | 1849 | 4181 | 29 | 84 |
| iv_500-iv_504 | 2016 | 4194 | 36 | 79 |
| iv_506-iv_508 | 1983 | 4201 | 52 | 63 |
| iv_498-iv_504 | 1851 | 4219 | 41 | 79 |
| iv_497-iv_504 | 1938 | 4222 | 41 | 76 |
| iv_498-iv_506 | 1869 | 4222 | 42 | 87 |
| iv_498-iv_508 | 1960 | 4223 | 49 | 80 |
| iv_507-iv_508 | 2077 | 4225 | 44 | 74 |

### Input Bit Output Co-occurrences Sorted by Output Co-occurrences

| Input Bits | Co-occurrences | Potential Occurrences | Output Co-occurrences | Potential Output Occurrences |
|:----------:|:--------------:|:---------------------:|:---------------------:|:----------------------------:|
| iv_506-iv_508 | 1983 | 4201 | 52 | 63 |
| iv_497-iv_503 | 2001 | 4331 | 50 | 70 |
| iv_498-iv_508 | 1960 | 4223 | 49 | 80 |
| iv_497-iv_498 | 1899 | 4315 | 49 | 81 |
| iv_500-iv_508 | 2005 | 4438 | 48 | 72 |
| iv_498-iv_501 | 1883 | 4313 | 48 | 78 |
| iv_497-iv_506 | 1949 | 4239 | 48 | 72 |
| iv_498-iv_503 | 1893 | 4370 | 48 | 77 |
| iv_497-iv_501 | 2007 | 4242 | 46 | 79 |
| iv_500-iv_501 | 2001 | 4382 | 45 | 74 |
| iv_497-iv_500 | 2034 | 4350 | 45 | 79 |
| iv_498-iv_500 | 1943 | 4355 | 45 | 82 |
| iv_498-iv_510 | 1992 | 4301 | 45 | 77 |

### Input Bit Output Co-occurrences Sorted by Potential Output Occurrences

| Input Bits | Co-occurrences | Potential Occurrences | Output Co-occurrences | Potential Output Occurrences |
|:----------:|:--------------:|:---------------------:|:---------------------:|:----------------------------:|
| iv_506-iv_508 | 1983 | 4201 | 52 | 63 |
| iv_507-iv_510 | 2009 | 4503 | 44 | 63 |
| iv_500-iv_502 | 1901 | 4321 | 42 | 68 |
| iv_499-iv_507 | 1926 | 4278 | 39 | 69 |
| iv_497-iv_503 | 2001 | 4331 | 50 | 70 |
| iv_500-iv_508 | 2005 | 4438 | 48 | 72 |
| iv_497-iv_506 | 1949 | 4239 | 48 | 72 |
| iv_499-iv_506 | 1797 | 4324 | 40 | 72 |
| iv_502-iv_507 | 1894 | 4266 | 37 | 72 |
| iv_502-iv_504 | 1783 | 4237 | 34 | 73 |
| iv_499-iv_508 | 1972 | 4157 | 43 | 73 |
| iv_502-iv_506 | 1806 | 4230 | 39 | 73 |
| iv_500-iv_506 | 1952 | 4361 | 44 | 73 |

## Output Bits

### Output Bits in Regular Order

| Rank | Output Bit | Complexity |
|:----:|:----------:|:----------:|
| 1 | ov_001 | 2.2668566303357702 × 10^301 |
| 2 | ov_002 | 1.9725375136092893 × 10^301 |
| 3 | ov_003 | 1.7083051668143631 × 10^301 |
| 4 | ov_004 | 1.4719034911978332 × 10^301 |
| 5 | ov_005 | 1.261199950973374 × 10^301 |
| 6 | ov_006 | 1.0741768114411928 × 10^301 |
| 7 | ov_007 | 9.089235122093002 × 10^300 |
| 8 | ov_008 | 7.636300871348782 × 10^300 |
| 9 | ov_009 | 6.365815348497654 × 10^300 |
| 10 | ov_010 | 5.261530425552366 × 10^300 |
| 11 | ov_011 | 4.308059712062163 × 10^300 |
| 12 | ov_012 | 3.490845154985308 × 10^300 |
| 13 | ov_013 | 2.7961295725355055 × 10^300 |
| 14 | ov_014 | 2.2109343588717153 × 10^300 |
| 15 | ov_015 | 1.7230416467522123 × 10^300 |
| 16 | ov_016 | 1.3209802650213876 × 10^300 |
| 17 | ov_017 | 9.940148771804786 × 10^299 |
| 18 | ov_018 | 7.321377364205254 × 10^299 |
| 19 | ov_019 | 5.260625414508372 × 10^299 |
| 20 | ov_020 | 3.6721994938128393 × 10^299 |
| 21 | ov_021 | 2.477543968537376 × 10^299 |
| 22 | ov_022 | 1.6052192935095655 × 10^299 |
| 23 | ov_023 | 9.908875510867157 × 10^298 |
| 24 | ov_024 | 5.773030448143158 × 10^298 |
| 25 | ov_025 | 3.14306539838316 × 10^298 |
| 26 | ov_026 | 1.5882210540128503 × 10^298 |
| 27 | ov_027 | 7.485562783515544 × 10^297 |
| 28 | ov_028 | 3.349422363855282 × 10^297 |
| 29 | ov_029 | 1.2906050361580265 × 10^297 |
| 30 | ov_030 | 3.9454372130108165 × 10^296 |
| 31 | ov_031 | 7.695432946395444 × 10^295 |
| 32 | lv_80_m31 | 1.50069174022639 × 10^295 |
| 33 | ov_033 | 1.806512077996315 × 10^296 |
| 34 | ov_034 | 1.5688490327801277 × 10^296 |
| 35 | ov_035 | 1.3558879949113724 × 10^296 |
| 36 | ov_036 | 1.165690354805838 × 10^296 |
| 37 | ov_037 | 9.96423756292895 × 10^295 |
| 38 | ov_038 | 8.463545822607421 × 10^295 |
| 39 | ov_039 | 7.13841416635314 × 10^295 |
| 40 | ov_040 | 5.973293938356552 × 10^295 |
| 41 | ov_041 | 4.953453512821627 × 10^295 |
| 42 | ov_042 | 4.071725751200971 × 10^295 |
| 43 | ov_043 | 3.3148958249259145 × 10^295 |
| 44 | ov_044 | 2.670460902109238 × 10^295 |
| 45 | ov_045 | 2.1266062162263497 × 10^295 |
| 46 | ov_046 | 1.672185587858345 × 10^295 |
| 47 | ov_047 | 1.2967058098035428 × 10^295 |
| 48 | ov_048 | 9.903143471015985 × 10^294 |
| 49 | ov_049 | 7.437898445511487 × 10^294 |
| 50 | ov_050 | 5.4853497517807114 × 10^294 |
| 51 | ov_051 | 3.9657120386343015 × 10^294 |
| 52 | ov_052 | 2.8053508099959943 × 10^294 |
| 53 | ov_053 | 1.9367572163392484 × 10^294 |
| 54 | ov_054 | 1.2985316610101526 × 10^294 |
| 55 | ov_055 | 8.353735865530947 × 10^293 |
| 56 | ov_056 | 5.211565075685974 × 10^293 |
| 57 | ov_057 | 3.127619639037726 × 10^293 |
| 58 | ov_058 | 1.7315871503369685 × 10^293 |
| 59 | ov_059 | 8.535277287136791 × 10^292 |
| 60 | ov_060 | 3.539309853153437 × 10^292 |
| 61 | ov_061 | 1.237148813380673 × 10^292 |
| 62 | ov_062 | 3.396108566351952 × 10^291 |
| 63 | ov_063 | 6.624209456103509 × 10^290 |
| 64 | lv_79_m31 | 1.2917923737815255 × 10^290 |
| 65 | ov_065 | 1.5533674082073994 × 10^291 |
| 66 | ov_066 | 1.553363419140717 × 10^291 |
| 67 | ov_067 | 1.5533624674093867 × 10^291 |
| 68 | ov_068 | 1.3495269708707801 × 10^291 |
| 69 | ov_069 | 1.1665652631550111 × 10^291 |
| 70 | ov_070 | 1.002956463911664 × 10^291 |
| 71 | ov_071 | 8.572524679037463 × 10^290 |
| 72 | ov_072 | 7.28073230494386 × 10^290 |
| 73 | ov_073 | 6.1410298261703805 × 10^290 |
| 74 | ov_074 | 5.140872411387939 × 10^290 |
| 75 | ov_075 | 4.268304876799565 × 10^290 |
| 76 | ov_076 | 3.5119439582185705 × 10^290 |
| 77 | ov_077 | 2.8609649326810913 × 10^290 |
| 78 | ov_078 | 2.3050915196571013 × 10^290 |
| 79 | ov_079 | 1.834588054790885 × 10^290 |
| 80 | ov_080 | 1.4402530900953432 × 10^290 |
| 81 | ov_081 | 1.1134139258721146 × 10^290 |
| 82 | ov_082 | 8.459219081027617 × 10^289 |
| 83 | ov_083 | 6.30148432244013 × 10^289 |
| 84 | ov_084 | 4.589815946268977 × 10^289 |
| 85 | ov_085 | 3.25823432838009 × 10^289 |
| 86 | ov_086 | 2.245876965763193 × 10^289 |
| 87 | ov_087 | 1.4969809055127526 × 10^289 |
| 88 | ov_088 | 9.608693103199537 × 10^288 |
| 89 | ov_089 | 5.919415768293823 × 10^288 |
| 90 | ov_090 | 3.496664233499209 × 10^288 |
| 91 | ov_091 | 1.9857736347442407 × 10^288 |
| 92 | ov_092 | 1.0826998705902735 × 10^288 |
| 93 | ov_093 | 5.340049873641528 × 10^287 |
| 94 | ov_094 | 2.2562033990277903 × 10^287 |
| 95 | aaa_78_28 | 6.877597442357758 × 10^286 |
| 96 | aaa_78_29 | 2.0695298713279894 × 10^286 |
| 97 | ov_097 | 1.0652043741548014 × 10^286 |
| 98 | ov_098 | 1.0651946270140611 × 10^286 |
| 99 | ov_099 | 1.0651915057305683 × 10^286 |
| 100 | ov_100 | 8.838188056575781 × 10^285 |
| 101 | ov_101 | 7.274599559043404 × 10^285 |
| 102 | ov_102 | 5.937185651256315 × 10^285 |
| 103 | ov_103 | 4.8033129613746795 × 10^285 |
| 104 | ov_104 | 3.851581630657675 × 10^285 |
| 105 | ov_105 | 3.0617405852197347 × 10^285 |
| 106 | ov_106 | 2.4146140072956768 × 10^285 |
| 107 | ov_107 | 1.8920379629372958 × 10^285 |
| 108 | ov_108 | 1.476806198567499 × 10^285 |
| 109 | ov_109 | 1.1526241725449914 × 10^285 |
| 110 | ov_110 | 9.040704401924035 × 10^284 |
| 111 | ov_111 | 7.165645619161001 × 10^284 |
| 112 | ov_112 | 5.763407543535563 × 10^284 |
| 113 | ov_113 | 4.704265541391874 × 10^284 |
| 114 | ov_114 | 3.866258130580324 × 10^284 |
| 115 | ov_115 | 3.135053921996953 × 10^284 |
| 116 | ov_116 | 2.5032008356528144 × 10^284 |
| 117 | ov_117 | 1.9633019683587932 × 10^284 |
| 118 | ov_118 | 1.5079990495365768 × 10^284 |
| 119 | ov_119 | 1.1299597999093136 × 10^284 |
| 120 | ov_120 | 8.218687102040365 × 10^283 |
| 121 | ov_121 | 5.76420757080676 × 10^283 |
| 122 | ov_122 | 3.8631735725033243 × 10^283 |
| 123 | ov_123 | 2.4426370480819665 × 10^283 |
| 124 | ov_124 | 1.4296697378783382 × 10^283 |
| 125 | ov_125 | 7.513520366315432 × 10^282 |
| 126 | ov_126 | 3.34767302989313 × 10^282 |
| 127 | aaa_77_28 | 1.0699967283814187 × 10^282 |
| 128 | aaa_77_29 | 4.017248685939786 × 10^281 |
| 129 | ov_129 | 3.747866562226936 × 10^281 |
| 130 | ov_130 | 3.7478560229083716 × 10^281 |
| 131 | ov_131 | 3.747853472285284 × 10^281 |
| 132 | ov_132 | 3.261197331692825 × 10^281 |
| 133 | ov_133 | 2.8236746861930134 × 10^281 |
| 134 | ov_134 | 2.4314829734300034 × 10^281 |
| 135 | ov_135 | 2.0810255980306187 × 10^281 |
| 136 | ov_136 | 1.7688972487296628 × 10^281 |
| 137 | ov_137 | 1.4934413848042702 × 10^281 |
| 138 | ov_138 | 1.2515989239060697 × 10^281 |
| 139 | ov_139 | 1.0404691322831175 × 10^281 |
| 140 | ov_140 | 8.573017682251228 × 10^280 |
| 141 | ov_141 | 6.994905182395169 × 10^280 |
| 142 | ov_142 | 5.645675783276618 × 10^280 |
| 143 | ov_143 | 4.501992413913311 × 10^280 |
| 144 | ov_144 | 3.541823603585922 × 10^280 |
| 145 | ov_145 | 2.744415651050815 × 10^280 |
| 146 | ov_146 | 2.090271196843076 × 10^280 |
| 147 | ov_147 | 1.5611331478601907 × 10^280 |
| 148 | ov_148 | 1.1399729872678483 × 10^280 |
| 149 | ov_149 | 8.109825864971608 × 10^279 |
| 150 | ov_150 | 5.595687197555529 × 10^279 |
| 151 | ov_151 | 3.7234956507941434 × 10^279 |
| 152 | ov_152 | 2.3715258861214814 × 10^279 |
| 153 | ov_153 | 1.430133505077495 × 10^279 |
| 154 | ov_154 | 8.017487304287152 × 10^278 |
| 155 | ov_155 | 4.0087299650276046 × 10^278 |
| 156 | aaa_76_25 | 1.5407709343502634 × 10^278 |
| 157 | aaa_76_26 | 8.902177769557374 × 10^277 |
| 158 | aaa_76_27 | 4.5596142372985975 × 10^277 |
| 159 | aaa_76_28 | 1.7766404315207836 × 10^277 |
| 160 | aaa_76_29 | 5.407297732930384 × 10^276 |

### Output Bits Sorted by Complexity

| Rank | Output Bit | Complexity |
|:----:|:----------:|:----------:|
| 160 | aaa_76_29 | 5.407297732930384 × 10^276 |
| 159 | aaa_76_28 | 1.7766404315207836 × 10^277 |
| 158 | aaa_76_27 | 4.5596142372985975 × 10^277 |
| 157 | aaa_76_26 | 8.902177769557374 × 10^277 |
| 156 | aaa_76_25 | 1.5407709343502634 × 10^278 |
| 155 | ov_155 | 4.0087299650276046 × 10^278 |
| 154 | ov_154 | 8.017487304287152 × 10^278 |
| 153 | ov_153 | 1.430133505077495 × 10^279 |
| 152 | ov_152 | 2.3715258861214814 × 10^279 |
| 151 | ov_151 | 3.7234956507941434 × 10^279 |
| 150 | ov_150 | 5.595687197555529 × 10^279 |
| 149 | ov_149 | 8.109825864971608 × 10^279 |
| 148 | ov_148 | 1.1399729872678483 × 10^280 |
| 147 | ov_147 | 1.5611331478601907 × 10^280 |
| 146 | ov_146 | 2.090271196843076 × 10^280 |
| 145 | ov_145 | 2.744415651050815 × 10^280 |
| 144 | ov_144 | 3.541823603585922 × 10^280 |
| 143 | ov_143 | 4.501992413913311 × 10^280 |
| 142 | ov_142 | 5.645675783276618 × 10^280 |
| 141 | ov_141 | 6.994905182395169 × 10^280 |
| 140 | ov_140 | 8.573017682251228 × 10^280 |
| 139 | ov_139 | 1.0404691322831175 × 10^281 |
| 138 | ov_138 | 1.2515989239060697 × 10^281 |
| 137 | ov_137 | 1.4934413848042702 × 10^281 |
| 136 | ov_136 | 1.7688972487296628 × 10^281 |
| 135 | ov_135 | 2.0810255980306187 × 10^281 |
| 134 | ov_134 | 2.4314829734300034 × 10^281 |
| 133 | ov_133 | 2.8236746861930134 × 10^281 |
| 132 | ov_132 | 3.261197331692825 × 10^281 |
| 131 | ov_131 | 3.747853472285284 × 10^281 |
| 130 | ov_130 | 3.7478560229083716 × 10^281 |
| 129 | ov_129 | 3.747866562226936 × 10^281 |
| 128 | aaa_77_29 | 4.017248685939786 × 10^281 |
| 127 | aaa_77_28 | 1.0699967283814187 × 10^282 |
| 126 | ov_126 | 3.34767302989313 × 10^282 |
| 125 | ov_125 | 7.513520366315432 × 10^282 |
| 124 | ov_124 | 1.4296697378783382 × 10^283 |
| 123 | ov_123 | 2.4426370480819665 × 10^283 |
| 122 | ov_122 | 3.8631735725033243 × 10^283 |
| 121 | ov_121 | 5.76420757080676 × 10^283 |
| 120 | ov_120 | 8.218687102040365 × 10^283 |
| 119 | ov_119 | 1.1299597999093136 × 10^284 |
| 118 | ov_118 | 1.5079990495365768 × 10^284 |
| 117 | ov_117 | 1.9633019683587932 × 10^284 |
| 116 | ov_116 | 2.5032008356528144 × 10^284 |
| 115 | ov_115 | 3.135053921996953 × 10^284 |
| 114 | ov_114 | 3.866258130580324 × 10^284 |
| 113 | ov_113 | 4.704265541391874 × 10^284 |
| 112 | ov_112 | 5.763407543535563 × 10^284 |
| 111 | ov_111 | 7.165645619161001 × 10^284 |
| 110 | ov_110 | 9.040704401924035 × 10^284 |
| 109 | ov_109 | 1.1526241725449914 × 10^285 |
| 108 | ov_108 | 1.476806198567499 × 10^285 |
| 107 | ov_107 | 1.8920379629372958 × 10^285 |
| 106 | ov_106 | 2.4146140072956768 × 10^285 |
| 105 | ov_105 | 3.0617405852197347 × 10^285 |
| 104 | ov_104 | 3.851581630657675 × 10^285 |
| 103 | ov_103 | 4.8033129613746795 × 10^285 |
| 102 | ov_102 | 5.937185651256315 × 10^285 |
| 101 | ov_101 | 7.274599559043404 × 10^285 |
| 100 | ov_100 | 8.838188056575781 × 10^285 |
| 99 | ov_099 | 1.0651915057305683 × 10^286 |
| 98 | ov_098 | 1.0651946270140611 × 10^286 |
| 97 | ov_097 | 1.0652043741548014 × 10^286 |
| 96 | aaa_78_29 | 2.0695298713279894 × 10^286 |
| 95 | aaa_78_28 | 6.877597442357758 × 10^286 |
| 94 | ov_094 | 2.2562033990277903 × 10^287 |
| 93 | ov_093 | 5.340049873641528 × 10^287 |
| 92 | ov_092 | 1.0826998705902735 × 10^288 |
| 91 | ov_091 | 1.9857736347442407 × 10^288 |
| 90 | ov_090 | 3.496664233499209 × 10^288 |
| 89 | ov_089 | 5.919415768293823 × 10^288 |
| 88 | ov_088 | 9.608693103199537 × 10^288 |
| 87 | ov_087 | 1.4969809055127526 × 10^289 |
| 86 | ov_086 | 2.245876965763193 × 10^289 |
| 85 | ov_085 | 3.25823432838009 × 10^289 |
| 84 | ov_084 | 4.589815946268977 × 10^289 |
| 83 | ov_083 | 6.30148432244013 × 10^289 |
| 82 | ov_082 | 8.459219081027617 × 10^289 |
| 81 | ov_081 | 1.1134139258721146 × 10^290 |
| 64 | lv_79_m31 | 1.2917923737815255 × 10^290 |
| 80 | ov_080 | 1.4402530900953432 × 10^290 |
| 79 | ov_079 | 1.834588054790885 × 10^290 |
| 78 | ov_078 | 2.3050915196571013 × 10^290 |
| 77 | ov_077 | 2.8609649326810913 × 10^290 |
| 76 | ov_076 | 3.5119439582185705 × 10^290 |
| 75 | ov_075 | 4.268304876799565 × 10^290 |
| 74 | ov_074 | 5.140872411387939 × 10^290 |
| 73 | ov_073 | 6.1410298261703805 × 10^290 |
| 63 | ov_063 | 6.624209456103509 × 10^290 |
| 72 | ov_072 | 7.28073230494386 × 10^290 |
| 71 | ov_071 | 8.572524679037463 × 10^290 |
| 70 | ov_070 | 1.002956463911664 × 10^291 |
| 69 | ov_069 | 1.1665652631550111 × 10^291 |
| 68 | ov_068 | 1.3495269708707801 × 10^291 |
| 67 | ov_067 | 1.5533624674093867 × 10^291 |
| 66 | ov_066 | 1.553363419140717 × 10^291 |
| 65 | ov_065 | 1.5533674082073994 × 10^291 |
| 62 | ov_062 | 3.396108566351952 × 10^291 |
| 61 | ov_061 | 1.237148813380673 × 10^292 |
| 60 | ov_060 | 3.539309853153437 × 10^292 |
| 59 | ov_059 | 8.535277287136791 × 10^292 |
| 58 | ov_058 | 1.7315871503369685 × 10^293 |
| 57 | ov_057 | 3.127619639037726 × 10^293 |
| 56 | ov_056 | 5.211565075685974 × 10^293 |
| 55 | ov_055 | 8.353735865530947 × 10^293 |
| 54 | ov_054 | 1.2985316610101526 × 10^294 |
| 53 | ov_053 | 1.9367572163392484 × 10^294 |
| 52 | ov_052 | 2.8053508099959943 × 10^294 |
| 51 | ov_051 | 3.9657120386343015 × 10^294 |
| 50 | ov_050 | 5.4853497517807114 × 10^294 |
| 49 | ov_049 | 7.437898445511487 × 10^294 |
| 48 | ov_048 | 9.903143471015985 × 10^294 |
| 47 | ov_047 | 1.2967058098035428 × 10^295 |
| 32 | lv_80_m31 | 1.50069174022639 × 10^295 |
| 46 | ov_046 | 1.672185587858345 × 10^295 |
| 45 | ov_045 | 2.1266062162263497 × 10^295 |
| 44 | ov_044 | 2.670460902109238 × 10^295 |
| 43 | ov_043 | 3.3148958249259145 × 10^295 |
| 42 | ov_042 | 4.071725751200971 × 10^295 |
| 41 | ov_041 | 4.953453512821627 × 10^295 |
| 40 | ov_040 | 5.973293938356552 × 10^295 |
| 39 | ov_039 | 7.13841416635314 × 10^295 |
| 31 | ov_031 | 7.695432946395444 × 10^295 |
| 38 | ov_038 | 8.463545822607421 × 10^295 |
| 37 | ov_037 | 9.96423756292895 × 10^295 |
| 36 | ov_036 | 1.165690354805838 × 10^296 |
| 35 | ov_035 | 1.3558879949113724 × 10^296 |
| 34 | ov_034 | 1.5688490327801277 × 10^296 |
| 33 | ov_033 | 1.806512077996315 × 10^296 |
| 30 | ov_030 | 3.9454372130108165 × 10^296 |
| 29 | ov_029 | 1.2906050361580265 × 10^297 |
| 28 | ov_028 | 3.349422363855282 × 10^297 |
| 27 | ov_027 | 7.485562783515544 × 10^297 |
| 26 | ov_026 | 1.5882210540128503 × 10^298 |
| 25 | ov_025 | 3.14306539838316 × 10^298 |
| 24 | ov_024 | 5.773030448143158 × 10^298 |
| 23 | ov_023 | 9.908875510867157 × 10^298 |
| 22 | ov_022 | 1.6052192935095655 × 10^299 |
| 21 | ov_021 | 2.477543968537376 × 10^299 |
| 20 | ov_020 | 3.6721994938128393 × 10^299 |
| 19 | ov_019 | 5.260625414508372 × 10^299 |
| 18 | ov_018 | 7.321377364205254 × 10^299 |
| 17 | ov_017 | 9.940148771804786 × 10^299 |
| 16 | ov_016 | 1.3209802650213876 × 10^300 |
| 15 | ov_015 | 1.7230416467522123 × 10^300 |
| 14 | ov_014 | 2.2109343588717153 × 10^300 |
| 13 | ov_013 | 2.7961295725355055 × 10^300 |
| 12 | ov_012 | 3.490845154985308 × 10^300 |
| 11 | ov_011 | 4.308059712062163 × 10^300 |
| 10 | ov_010 | 5.261530425552366 × 10^300 |
| 9 | ov_009 | 6.365815348497654 × 10^300 |
| 8 | ov_008 | 7.636300871348782 × 10^300 |
| 7 | ov_007 | 9.089235122093002 × 10^300 |
| 6 | ov_006 | 1.0741768114411928 × 10^301 |
| 5 | ov_005 | 1.261199950973374 × 10^301 |
| 4 | ov_004 | 1.4719034911978332 × 10^301 |
| 3 | ov_003 | 1.7083051668143631 × 10^301 |
| 2 | ov_002 | 1.9725375136092893 × 10^301 |
| 1 | ov_001 | 2.2668566303357702 × 10^301 |

