# Results for F001-F002-F003-F004-F005-F006-F007-F008-F009-F010-F011-F012-F013-F014-F015-F016-F017-F018-F019-F020-F021-F022-F023-F024-F025-F026-F027-F028-F029-F030-F031-F032-F033-F034-F035-F036-F037-F038-F039-F040-F041-F042-F043-F044-F045-F046-F047-F048-F049-F050-F051-F052-F053-F054-F055-F056-F057-F058-F059-F060-F061-F062-F063-F064-F065-F066-F067-F068-F069-F070-F071-F072-F073-F074-F075-F076-F077-F078-F079-F080-F081-F082-F083-F084-F085-F086-F087-F088-F089-F090-F091-F092-F093-F094-F095-F096-F097-F098-F099-F100-F101-F102-F103-F104-F105-F106-F107-F108-F109-F110-F111-F112-F113-F114-F115-F116-F117-F118-F119-F120-F121-F122-F123-F124-F125-F126-F127-F128-F129-F130-F131-F132-F133-F134-F135-F136-F137-F138-F139-F140-F141-F142-F143-F144-F145-F146-F147-F148-F149-F150-F151-F152-F153-F154-F155-F156-F157-F158-F159-F160-F161-F162-F163-F164-F165-F166-F167-F168-F169-F170-F171-F172-F173-F174-F175-F176-F177-F178-F179-F180-F181-F182-F183-F184-F185-F186-F187-F188-F189-F190-F191-F192-F193-F194-F195-F196-F197-F198-F199-F200-F201-F202-F203-F204-F205-F206-F207-F208-F209-F210-F211-F212-F213-F214-F215-F216-F217-F218-F219-F220-F221-F222-F223-F224-F225-F226-F227-F228-F229-F230-F231-F232-F233-F234-F235-F236-F237-F238-F239-F240-F241-F242-F243-F244-F245-F246-F247-F248-F249-F250-F251-F252-F253-F254-F255-F256-F257-F258-F259-F260-F261-F262-F263-F264-F265-F266-F267-F268-F269-F270-F271-F272-F273-F274-F275-F276-F277-F278-F279-F280-F281-F282-F283-F284-F285-F286-F287-F288-F289-F290-F291-F292-F293-F294-F295-F296-F297-F298-F299-F300-F301-F302-F303-F304-F305-F306-F307-F308-F309-F310-F311-F312-F313-F314-F315-F316-F317-F318-F319-F320-F321-F322-F323-F324-F325-F326-F327-F328-F329-F330-F331-F332-F333-F334-F335-F336-F337-F338-F339-F340-F341-F342-F343-F344-F345-F346-F347-F348-F349-F350-F351-F352-F353-F354-F355-F356-F357-F358-F359-F360-F361-F362-F363-F364-F365-F366-F367-F368-F369-F370-F371-F372-F373-F374-F375-F376-F377-F378-F379-F380-F381-F382-F383-F384-F385-F386-F387-F388-F389-F390-F391-F392-F393-F394-F395-F396-F397-F398-F399-F400-F401-F402-F403-F404-F405-F406-F407-F408-F409-F410-F411-F412-F413-F414-F415-F416-F417-F418-F419-F420-F421-F422-F423-F424-F425-F426-F427-F428-F429-F430-F431-F432-F433-F434-F435-F436-F437-F438-F439-F440-F441-F442-F443-F444-F445-F446-F447-F448-F449-F450-F451-F452-F453-F454-F455-F456-F457-F458-F459-F460-F461-F462-F463-F464-F465-F466-F467-F468-F469-F470-F471-F472-F473-F474-F475-F476-F477-F478-F479-F480-F481-F482-F483-F484-F485-F486-F487-F488-F489-F490-F491-F492-F493-F494-F495-F496-O500505-O507510-F512

## Summary

Number of input bits: 512  
Number of free input bits: 13  
Number of output bits: 160

Number of direct occurrences: 53640  
Number of assignments: 32007  
Number of operations: 11411505
(xor: 11382909,
and: 14966,
or: 13630)

Total complexity: 6.46539697544472 × 10^303

Least occurring input variable: iv_502 (3859)  
Most occurring input variable: iv_507 (4541)

Most co-occurring input variables: iv_507-iv_508 (2218)  
Least co-occurring input variables: iv_498-iv_502 (1728)

Potentially most occurring input variable: iv_498/iv_507 (4666)  
Potentially least occurring input variable: iv_499/iv_508 (4168)

Least output occurring input variable: iv_499 (72)  
Most output occurring input variable: iv_508 (93)

Most output co-occurring input variables: iv_508-iv_511 (49)  
Least output co-occurring input variables: iv_500-iv_502 (30)

Potentially most output occurring input variable: iv_509/iv_511 (94)  
Potentially least output occurring input variable: iv_497/iv_506 (72)

Least complex input bit: iv_511 (1.9557928757442134 × 10^300)  
Most complex input bit: iv_507 (2.1380387511648392 × 10^303)

Least complex output bit: aaa_76_29 (1.9531303402715155 × 10^278)  
Most complex output bit: ov_001 (1.0107850637978365 × 10^303)

Least complex input/output complexity: iv_511/aaa_76_29 (5.908250366390148 × 10^274)  
Most complex input/output complexity: iv_507/ov_001 (3.342559851631925 × 10^302)

## Input Bits

### Input Bits in Regular Order

| Input Bit | Complexity | Occurrences | Output Occurrences |
|:---------:|:----------:|:-----------:|:------------------:|
| iv_497 | 9.175066922727727 × 10^300 | 4070 | 74 |
| iv_498 | 1.8283325892710844 × 10^301 | 3949 | 85 |
| iv_499 | 3.2176751633588603 × 10^301 | 3976 | 72 |
| iv_500 | 6.113210632254451 × 10^302 | 4267 | 77 |
| iv_501 | 9.097690394917935 × 10^301 | 4095 | 84 |
| iv_502 | 1.4781634060716392 × 10^302 | 3859 | 73 |
| iv_503 | 2.347150315552835 × 10^302 | 4199 | 80 |
| iv_504 | 3.649250587055571 × 10^302 | 3972 | 80 |
| iv_506 | 2.7942483334705436 × 10^302 | 3998 | 82 |
| iv_507 | 2.1380387511648392 × 10^303 | 4541 | 76 |
| iv_508 | 9.314818348417418 × 10^302 | 4190 | 93 |
| iv_509 | 1.605106220723682 × 10^303 | 4281 | 79 |
| iv_511 | 1.9557928757442134 × 10^300 | 4243 | 79 |

### Input Bits Sorted by Complexity

| Input Bit | Complexity | Occurrences | Output Occurrences |
|:---------:|:----------:|:-----------:|:------------------:|
| iv_511 | 1.9557928757442134 × 10^300 | 4243 | 79 |
| iv_497 | 9.175066922727727 × 10^300 | 4070 | 74 |
| iv_498 | 1.8283325892710844 × 10^301 | 3949 | 85 |
| iv_499 | 3.2176751633588603 × 10^301 | 3976 | 72 |
| iv_501 | 9.097690394917935 × 10^301 | 4095 | 84 |
| iv_502 | 1.4781634060716392 × 10^302 | 3859 | 73 |
| iv_503 | 2.347150315552835 × 10^302 | 4199 | 80 |
| iv_506 | 2.7942483334705436 × 10^302 | 3998 | 82 |
| iv_504 | 3.649250587055571 × 10^302 | 3972 | 80 |
| iv_500 | 6.113210632254451 × 10^302 | 4267 | 77 |
| iv_508 | 9.314818348417418 × 10^302 | 4190 | 93 |
| iv_509 | 1.605106220723682 × 10^303 | 4281 | 79 |
| iv_507 | 2.1380387511648392 × 10^303 | 4541 | 76 |

### Input Bits Sorted by Occurrences

| Input Bit | Complexity | Occurrences | Output Occurrences |
|:---------:|:----------:|:-----------:|:------------------:|
| iv_502 | 1.4781634060716392 × 10^302 | 3859 | 73 |
| iv_498 | 1.8283325892710844 × 10^301 | 3949 | 85 |
| iv_504 | 3.649250587055571 × 10^302 | 3972 | 80 |
| iv_499 | 3.2176751633588603 × 10^301 | 3976 | 72 |
| iv_506 | 2.7942483334705436 × 10^302 | 3998 | 82 |
| iv_497 | 9.175066922727727 × 10^300 | 4070 | 74 |
| iv_501 | 9.097690394917935 × 10^301 | 4095 | 84 |
| iv_508 | 9.314818348417418 × 10^302 | 4190 | 93 |
| iv_503 | 2.347150315552835 × 10^302 | 4199 | 80 |
| iv_511 | 1.9557928757442134 × 10^300 | 4243 | 79 |
| iv_500 | 6.113210632254451 × 10^302 | 4267 | 77 |
| iv_509 | 1.605106220723682 × 10^303 | 4281 | 79 |
| iv_507 | 2.1380387511648392 × 10^303 | 4541 | 76 |

### Input Bits Sorted by Output Occurrences

| Input Bit | Complexity | Occurrences | Output Occurrences |
|:---------:|:----------:|:-----------:|:------------------:|
| iv_499 | 3.2176751633588603 × 10^301 | 3976 | 72 |
| iv_502 | 1.4781634060716392 × 10^302 | 3859 | 73 |
| iv_497 | 9.175066922727727 × 10^300 | 4070 | 74 |
| iv_507 | 2.1380387511648392 × 10^303 | 4541 | 76 |
| iv_500 | 6.113210632254451 × 10^302 | 4267 | 77 |
| iv_509 | 1.605106220723682 × 10^303 | 4281 | 79 |
| iv_511 | 1.9557928757442134 × 10^300 | 4243 | 79 |
| iv_503 | 2.347150315552835 × 10^302 | 4199 | 80 |
| iv_504 | 3.649250587055571 × 10^302 | 3972 | 80 |
| iv_506 | 2.7942483334705436 × 10^302 | 3998 | 82 |
| iv_501 | 9.097690394917935 × 10^301 | 4095 | 84 |
| iv_498 | 1.8283325892710844 × 10^301 | 3949 | 85 |
| iv_508 | 9.314818348417418 × 10^302 | 4190 | 93 |

## Input Bit Co-occurrences

### Input Bit Co-occurrences Sorted by Co-occurrences

| Input Bits | Co-occurrences | Potential Occurrences | Output Co-occurrences | Potential Output Occurrences |
|:----------:|:--------------:|:---------------------:|:---------------------:|:----------------------------:|
| iv_507-iv_508 | 2218 | 4295 | 47 | 75 |
| iv_507-iv_511 | 2165 | 4454 | 39 | 77 |
| iv_507-iv_509 | 2160 | 4502 | 37 | 81 |
| iv_503-iv_507 | 2138 | 4464 | 36 | 84 |
| iv_500-iv_507 | 2098 | 4612 | 37 | 79 |
| iv_508-iv_511 | 2087 | 4259 | 49 | 74 |
| iv_501-iv_507 | 2082 | 4472 | 35 | 90 |
| iv_508-iv_509 | 2073 | 4325 | 44 | 84 |
| iv_509-iv_511 | 2069 | 4386 | 32 | 94 |
| iv_500-iv_509 | 2059 | 4430 | 38 | 80 |
| iv_503-iv_511 | 2055 | 4332 | 38 | 83 |
| iv_503-iv_509 | 2055 | 4370 | 37 | 85 |
| iv_500-iv_503 | 2051 | 4364 | 36 | 85 |

### Input Bit Co-occurrences Sorted by Potential Occurrences

| Input Bits | Co-occurrences | Potential Occurrences | Output Co-occurrences | Potential Output Occurrences |
|:----------:|:--------------:|:---------------------:|:---------------------:|:----------------------------:|
| iv_499-iv_508 | 1999 | 4168 | 41 | 83 |
| iv_500-iv_504 | 2033 | 4173 | 41 | 75 |
| iv_504-iv_506 | 1897 | 4176 | 44 | 74 |
| iv_499-iv_504 | 1881 | 4186 | 34 | 84 |
| iv_497-iv_506 | 1939 | 4190 | 42 | 72 |
| iv_498-iv_506 | 1878 | 4191 | 46 | 75 |
| iv_504-iv_508 | 1980 | 4202 | 44 | 85 |
| iv_502-iv_508 | 1922 | 4205 | 42 | 82 |
| iv_499-iv_501 | 1932 | 4207 | 41 | 74 |
| iv_498-iv_504 | 1857 | 4207 | 45 | 75 |
| iv_498-iv_508 | 1950 | 4239 | 49 | 80 |
| iv_499-iv_509 | 2009 | 4239 | 38 | 75 |
| iv_497-iv_501 | 1962 | 4241 | 40 | 78 |

### Input Bit Output Co-occurrences Sorted by Output Co-occurrences

| Input Bits | Co-occurrences | Potential Occurrences | Output Co-occurrences | Potential Output Occurrences |
|:----------:|:--------------:|:---------------------:|:---------------------:|:----------------------------:|
| iv_501-iv_508 | 1928 | 4429 | 49 | 79 |
| iv_498-iv_508 | 1950 | 4239 | 49 | 80 |
| iv_508-iv_511 | 2087 | 4259 | 49 | 74 |
| iv_503-iv_508 | 2040 | 4309 | 48 | 77 |
| iv_498-iv_501 | 1885 | 4274 | 48 | 73 |
| iv_507-iv_508 | 2218 | 4295 | 47 | 75 |
| iv_498-iv_506 | 1878 | 4191 | 46 | 75 |
| iv_498-iv_504 | 1857 | 4207 | 45 | 75 |
| iv_501-iv_506 | 1887 | 4319 | 45 | 76 |
| iv_506-iv_508 | 1963 | 4262 | 45 | 85 |
| iv_500-iv_508 | 1990 | 4477 | 44 | 82 |
| iv_504-iv_508 | 1980 | 4202 | 44 | 85 |
| iv_508-iv_509 | 2073 | 4325 | 44 | 84 |

### Input Bit Output Co-occurrences Sorted by Potential Output Occurrences

| Input Bits | Co-occurrences | Potential Occurrences | Output Co-occurrences | Potential Output Occurrences |
|:----------:|:--------------:|:---------------------:|:---------------------:|:----------------------------:|
| iv_497-iv_506 | 1939 | 4190 | 42 | 72 |
| iv_498-iv_501 | 1885 | 4274 | 48 | 73 |
| iv_497-iv_502 | 1832 | 4265 | 37 | 73 |
| iv_497-iv_509 | 2022 | 4307 | 40 | 73 |
| iv_502-iv_509 | 1927 | 4286 | 39 | 74 |
| iv_499-iv_501 | 1932 | 4207 | 41 | 74 |
| iv_504-iv_506 | 1897 | 4176 | 44 | 74 |
| iv_508-iv_511 | 2087 | 4259 | 49 | 74 |
| iv_500-iv_504 | 2033 | 4173 | 41 | 75 |
| iv_498-iv_504 | 1857 | 4207 | 45 | 75 |
| iv_498-iv_506 | 1878 | 4191 | 46 | 75 |
| iv_506-iv_511 | 1929 | 4383 | 43 | 75 |
| iv_507-iv_508 | 2218 | 4295 | 47 | 75 |

## Output Bits

### Output Bits in Regular Order

| Rank | Output Bit | Complexity |
|:----:|:----------:|:----------:|
| 1 | ov_001 | 1.0107850637978365 × 10^303 |
| 2 | ov_002 | 8.795452463121024 × 10^302 |
| 3 | ov_003 | 7.617227060349596 × 10^302 |
| 4 | ov_004 | 6.56311107335813 × 10^302 |
| 5 | ov_005 | 5.62359205193246 × 10^302 |
| 6 | ov_006 | 4.789669612892514 × 10^302 |
| 7 | ov_007 | 4.052821660766575 × 10^302 |
| 8 | ov_008 | 3.404975202144152 × 10^302 |
| 9 | ov_009 | 2.838481312618407 × 10^302 |
| 10 | ov_010 | 2.3460938392784315 × 10^302 |
| 11 | ov_011 | 1.920951445009961 × 10^302 |
| 12 | ov_012 | 1.5565626235534269 × 10^302 |
| 13 | ov_013 | 1.2467933364741778 × 10^302 |
| 14 | ov_014 | 9.858569450266178 × 10^301 |
| 15 | ov_015 | 7.683061314307825 × 10^301 |
| 16 | ov_016 | 5.890265253998474 × 10^301 |
| 17 | ov_017 | 4.432317729199014 × 10^301 |
| 18 | ov_018 | 3.264598053359692 × 10^301 |
| 19 | ov_019 | 2.345700877766949 × 10^301 |
| 20 | ov_020 | 1.6374164688046318 × 10^301 |
| 21 | ov_021 | 1.104716986861694 × 10^301 |
| 22 | ov_022 | 7.157471843421182 × 10^300 |
| 23 | ov_023 | 4.4181820873347696 × 10^300 |
| 24 | ov_024 | 2.574035716591817 × 10^300 |
| 25 | ov_025 | 1.4013668066442893 × 10^300 |
| 26 | ov_026 | 7.0809486079999395 × 10^299 |
| 27 | ov_027 | 3.337184375934759 × 10^299 |
| 28 | ov_028 | 1.493126354497005 × 10^299 |
| 29 | ov_029 | 5.752828218531715 × 10^298 |
| 30 | ov_030 | 1.758468193040603 × 10^298 |
| 31 | ov_031 | 3.429282475173485 × 10^297 |
| 32 | lv_80_m31 | 6.686229313832392 × 10^296 |
| 33 | ov_033 | 8.05125642446973 × 10^297 |
| 34 | ov_034 | 6.991653626022044 × 10^297 |
| 35 | ov_035 | 6.041812452329677 × 10^297 |
| 36 | ov_036 | 5.193423421835652 × 10^297 |
| 37 | ov_037 | 4.438632672356855 × 10^297 |
| 38 | ov_038 | 3.770009740931392 × 10^297 |
| 39 | ov_039 | 3.1805195245757544 × 10^297 |
| 40 | ov_040 | 2.6634980421852148 × 10^297 |
| 41 | ov_041 | 2.212631636749157 × 10^297 |
| 42 | ov_042 | 1.8219392756162946 × 10^297 |
| 43 | ov_043 | 1.485757624829252 × 10^297 |
| 44 | ov_044 | 1.1987285916244273 × 10^297 |
| 45 | ov_045 | 9.557890471090696 × 10^296 |
| 46 | ov_046 | 7.521624589146843 × 10^296 |
| 47 | ov_047 | 5.8335218130629125 × 10^296 |
| 48 | ov_048 | 4.451361678189934 × 10^296 |
| 49 | ov_049 | 3.335628890128328 × 10^296 |
| 50 | ov_050 | 2.4494825539852 × 10^296 |
| 51 | ov_051 | 1.7587336300309202 × 10^296 |
| 52 | ov_052 | 1.231828964269567 × 10^296 |
| 53 | ov_053 | 8.398404160185843 × 10^295 |
| 54 | ov_054 | 5.564577780103108 × 10^295 |
| 55 | ov_055 | 3.579843578360445 × 10^295 |
| 56 | ov_056 | 2.2333430101250297 × 10^295 |
| 57 | ov_057 | 1.3403101299326843 × 10^295 |
| 58 | ov_058 | 7.42062820042861 × 10^294 |
| 59 | ov_059 | 3.657802245194883 × 10^294 |
| 60 | ov_060 | 1.516805134165411 × 10^294 |
| 61 | ov_061 | 5.302038126262224 × 10^293 |
| 62 | ov_062 | 1.4555029379532653 × 10^293 |
| 63 | ov_063 | 2.839080664562688 × 10^292 |
| 64 | lv_79_m31 | 5.5366766471953844 × 10^291 |
| 65 | ov_065 | 6.660617109978858 × 10^292 |
| 66 | ov_066 | 6.660599489214051 × 10^292 |
| 67 | ov_067 | 6.660595265461271 × 10^292 |
| 68 | ov_068 | 5.787252186766382 × 10^292 |
| 69 | ov_069 | 5.003314948881116 × 10^292 |
| 70 | ov_070 | 4.302248251333327 × 10^292 |
| 71 | ov_071 | 3.6778382459726316 × 10^292 |
| 72 | ov_072 | 3.124170581140578 × 10^292 |
| 73 | ov_073 | 2.635612349271463 × 10^292 |
| 74 | ov_074 | 2.2067974544155944 × 10^292 |
| 75 | ov_075 | 1.8326149419706165 × 10^292 |
| 76 | ov_076 | 1.508199857673824 × 10^292 |
| 77 | ov_077 | 1.2289262268264144 × 10^292 |
| 78 | ov_078 | 9.904017679465399 × 10^291 |
| 79 | ov_079 | 7.884639777168639 × 10^291 |
| 80 | ov_080 | 6.191772463196721 × 10^291 |
| 81 | ov_081 | 4.7883068413706654 × 10^291 |
| 82 | ov_082 | 3.6393639292178025 × 10^291 |
| 83 | ov_083 | 2.7122802484344706 × 10^291 |
| 84 | ov_084 | 1.9765957505041134 × 10^291 |
| 85 | ov_085 | 1.4040438660876522 × 10^291 |
| 86 | ov_086 | 9.685434672185038 × 10^290 |
| 87 | ov_087 | 6.461925315954307 × 10^290 |
| 88 | ov_088 | 4.152632984255306 × 10^290 |
| 89 | ov_089 | 2.561987053618514 × 10^290 |
| 90 | ov_090 | 1.516098961291294 × 10^290 |
| 91 | ov_091 | 8.627458845464542 × 10^289 |
| 92 | ov_092 | 4.713609368692513 × 10^289 |
| 93 | ov_093 | 2.330278984336701 × 10^289 |
| 94 | ov_094 | 9.870089143305978 × 10^288 |
| 95 | aaa_78_28 | 3.015779128101755 × 10^288 |
| 96 | aaa_78_29 | 9.108400203490124 × 10^287 |
| 97 | ov_097 | 4.721789312475909 × 10^287 |
| 98 | ov_098 | 4.721754169965109 × 10^287 |
| 99 | ov_099 | 4.721742916636987 × 10^287 |
| 100 | ov_100 | 3.96095427703822 × 10^287 |
| 101 | ov_101 | 3.2972591785669167 × 10^287 |
| 102 | ov_102 | 2.722016838548466 × 10^287 |
| 103 | ov_103 | 2.227066192349306 × 10^287 |
| 104 | ov_104 | 1.804690914241942 × 10^287 |
| 105 | ov_105 | 1.4475888736119096 × 10^287 |
| 106 | ov_106 | 1.1488456291872192 × 10^287 |
| 107 | ov_107 | 9.019115848961585 × 10^286 |
| 108 | ov_108 | 7.005824510789363 × 10^286 |
| 109 | ov_109 | 5.389826742384853 × 10^286 |
| 110 | ov_110 | 4.1155151744275783 × 10^286 |
| 111 | ov_111 | 3.1303149199530604 × 10^286 |
| 112 | ov_112 | 2.384588591670429 × 10^286 |
| 113 | ov_113 | 1.8315593870913768 × 10^286 |
| 114 | ov_114 | 1.4272497861067448 × 10^286 |
| 115 | ov_115 | 1.130433581781355 × 10^286 |
| 116 | ov_116 | 9.025991403879225 × 10^285 |
| 117 | ov_117 | 7.079219613840845 × 10^285 |
| 118 | ov_118 | 5.437487374560103 × 10^285 |
| 119 | ov_119 | 4.074355346785744 × 10^285 |
| 120 | ov_120 | 2.963444678067269 × 10^285 |
| 121 | ov_121 | 2.0784143433639908 × 10^285 |
| 122 | ov_122 | 1.392946553938636 × 10^285 |
| 123 | ov_123 | 8.807371527818534 × 10^284 |
| 124 | ov_124 | 5.154891295507368 × 10^284 |
| 125 | ov_125 | 2.7090859849006875 × 10^284 |
| 126 | ov_126 | 1.2070274422565804 × 10^284 |
| 127 | aaa_77_28 | 3.8579032152422157 × 10^283 |
| 128 | aaa_77_29 | 1.4484068630512805 × 10^283 |
| 129 | ov_129 | 1.351258752163909 × 10^283 |
| 130 | ov_130 | 1.3512549441609072 × 10^283 |
| 131 | ov_131 | 1.3512540222212566 × 10^283 |
| 132 | ov_132 | 1.1757524450199545 × 10^283 |
| 133 | ov_133 | 1.0179819367205114 × 10^283 |
| 134 | ov_134 | 8.765674888797884 × 10^282 |
| 135 | ov_135 | 7.502089433374656 × 10^282 |
| 136 | ov_136 | 6.376756621097847 × 10^282 |
| 137 | ov_137 | 5.383690862288147 × 10^282 |
| 138 | ov_138 | 4.5118438824653564 × 10^282 |
| 139 | ov_139 | 3.750742517060699 × 10^282 |
| 140 | ov_140 | 3.090459889640017 × 10^282 |
| 141 | ov_141 | 2.5215912453476763 × 10^282 |
| 142 | ov_142 | 2.035233917294274 × 10^282 |
| 143 | ov_143 | 1.6229709342999596 × 10^282 |
| 144 | ov_144 | 1.2768578087099638 × 10^282 |
| 145 | ov_145 | 9.89412073030486 × 10^281 |
| 146 | ov_146 | 7.536051639784721 × 10^281 |
| 147 | ov_147 | 5.628562822637344 × 10^281 |
| 148 | ov_148 | 4.1102788607299975 × 10^281 |
| 149 | ov_149 | 2.9242250583296403 × 10^281 |
| 150 | ov_150 | 2.0178059741095482 × 10^281 |
| 151 | ov_151 | 1.342791804770554 × 10^281 |
| 152 | ov_152 | 8.553103830619567 × 10^280 |
| 153 | ov_153 | 5.158428484666299 × 10^280 |
| 154 | ov_154 | 2.8922141022005667 × 10^280 |
| 155 | ov_155 | 1.4462813985920628 × 10^280 |
| 156 | aaa_76_25 | 5.559431387439314 × 10^279 |
| 157 | aaa_76_26 | 3.212758085195897 × 10^279 |
| 158 | aaa_76_27 | 1.6459330865271665 × 10^279 |
| 159 | aaa_76_28 | 6.4152786209448324 × 10^278 |
| 160 | aaa_76_29 | 1.9531303402715155 × 10^278 |

### Output Bits Sorted by Complexity

| Rank | Output Bit | Complexity |
|:----:|:----------:|:----------:|
| 160 | aaa_76_29 | 1.9531303402715155 × 10^278 |
| 159 | aaa_76_28 | 6.4152786209448324 × 10^278 |
| 158 | aaa_76_27 | 1.6459330865271665 × 10^279 |
| 157 | aaa_76_26 | 3.212758085195897 × 10^279 |
| 156 | aaa_76_25 | 5.559431387439314 × 10^279 |
| 155 | ov_155 | 1.4462813985920628 × 10^280 |
| 154 | ov_154 | 2.8922141022005667 × 10^280 |
| 153 | ov_153 | 5.158428484666299 × 10^280 |
| 152 | ov_152 | 8.553103830619567 × 10^280 |
| 151 | ov_151 | 1.342791804770554 × 10^281 |
| 150 | ov_150 | 2.0178059741095482 × 10^281 |
| 149 | ov_149 | 2.9242250583296403 × 10^281 |
| 148 | ov_148 | 4.1102788607299975 × 10^281 |
| 147 | ov_147 | 5.628562822637344 × 10^281 |
| 146 | ov_146 | 7.536051639784721 × 10^281 |
| 145 | ov_145 | 9.89412073030486 × 10^281 |
| 144 | ov_144 | 1.2768578087099638 × 10^282 |
| 143 | ov_143 | 1.6229709342999596 × 10^282 |
| 142 | ov_142 | 2.035233917294274 × 10^282 |
| 141 | ov_141 | 2.5215912453476763 × 10^282 |
| 140 | ov_140 | 3.090459889640017 × 10^282 |
| 139 | ov_139 | 3.750742517060699 × 10^282 |
| 138 | ov_138 | 4.5118438824653564 × 10^282 |
| 137 | ov_137 | 5.383690862288147 × 10^282 |
| 136 | ov_136 | 6.376756621097847 × 10^282 |
| 135 | ov_135 | 7.502089433374656 × 10^282 |
| 134 | ov_134 | 8.765674888797884 × 10^282 |
| 133 | ov_133 | 1.0179819367205114 × 10^283 |
| 132 | ov_132 | 1.1757524450199545 × 10^283 |
| 131 | ov_131 | 1.3512540222212566 × 10^283 |
| 130 | ov_130 | 1.3512549441609072 × 10^283 |
| 129 | ov_129 | 1.351258752163909 × 10^283 |
| 128 | aaa_77_29 | 1.4484068630512805 × 10^283 |
| 127 | aaa_77_28 | 3.8579032152422157 × 10^283 |
| 126 | ov_126 | 1.2070274422565804 × 10^284 |
| 125 | ov_125 | 2.7090859849006875 × 10^284 |
| 124 | ov_124 | 5.154891295507368 × 10^284 |
| 123 | ov_123 | 8.807371527818534 × 10^284 |
| 122 | ov_122 | 1.392946553938636 × 10^285 |
| 121 | ov_121 | 2.0784143433639908 × 10^285 |
| 120 | ov_120 | 2.963444678067269 × 10^285 |
| 119 | ov_119 | 4.074355346785744 × 10^285 |
| 118 | ov_118 | 5.437487374560103 × 10^285 |
| 117 | ov_117 | 7.079219613840845 × 10^285 |
| 116 | ov_116 | 9.025991403879225 × 10^285 |
| 115 | ov_115 | 1.130433581781355 × 10^286 |
| 114 | ov_114 | 1.4272497861067448 × 10^286 |
| 113 | ov_113 | 1.8315593870913768 × 10^286 |
| 112 | ov_112 | 2.384588591670429 × 10^286 |
| 111 | ov_111 | 3.1303149199530604 × 10^286 |
| 110 | ov_110 | 4.1155151744275783 × 10^286 |
| 109 | ov_109 | 5.389826742384853 × 10^286 |
| 108 | ov_108 | 7.005824510789363 × 10^286 |
| 107 | ov_107 | 9.019115848961585 × 10^286 |
| 106 | ov_106 | 1.1488456291872192 × 10^287 |
| 105 | ov_105 | 1.4475888736119096 × 10^287 |
| 104 | ov_104 | 1.804690914241942 × 10^287 |
| 103 | ov_103 | 2.227066192349306 × 10^287 |
| 102 | ov_102 | 2.722016838548466 × 10^287 |
| 101 | ov_101 | 3.2972591785669167 × 10^287 |
| 100 | ov_100 | 3.96095427703822 × 10^287 |
| 99 | ov_099 | 4.721742916636987 × 10^287 |
| 98 | ov_098 | 4.721754169965109 × 10^287 |
| 97 | ov_097 | 4.721789312475909 × 10^287 |
| 96 | aaa_78_29 | 9.108400203490124 × 10^287 |
| 95 | aaa_78_28 | 3.015779128101755 × 10^288 |
| 94 | ov_094 | 9.870089143305978 × 10^288 |
| 93 | ov_093 | 2.330278984336701 × 10^289 |
| 92 | ov_092 | 4.713609368692513 × 10^289 |
| 91 | ov_091 | 8.627458845464542 × 10^289 |
| 90 | ov_090 | 1.516098961291294 × 10^290 |
| 89 | ov_089 | 2.561987053618514 × 10^290 |
| 88 | ov_088 | 4.152632984255306 × 10^290 |
| 87 | ov_087 | 6.461925315954307 × 10^290 |
| 86 | ov_086 | 9.685434672185038 × 10^290 |
| 85 | ov_085 | 1.4040438660876522 × 10^291 |
| 84 | ov_084 | 1.9765957505041134 × 10^291 |
| 83 | ov_083 | 2.7122802484344706 × 10^291 |
| 82 | ov_082 | 3.6393639292178025 × 10^291 |
| 81 | ov_081 | 4.7883068413706654 × 10^291 |
| 64 | lv_79_m31 | 5.5366766471953844 × 10^291 |
| 80 | ov_080 | 6.191772463196721 × 10^291 |
| 79 | ov_079 | 7.884639777168639 × 10^291 |
| 78 | ov_078 | 9.904017679465399 × 10^291 |
| 77 | ov_077 | 1.2289262268264144 × 10^292 |
| 76 | ov_076 | 1.508199857673824 × 10^292 |
| 75 | ov_075 | 1.8326149419706165 × 10^292 |
| 74 | ov_074 | 2.2067974544155944 × 10^292 |
| 73 | ov_073 | 2.635612349271463 × 10^292 |
| 63 | ov_063 | 2.839080664562688 × 10^292 |
| 72 | ov_072 | 3.124170581140578 × 10^292 |
| 71 | ov_071 | 3.6778382459726316 × 10^292 |
| 70 | ov_070 | 4.302248251333327 × 10^292 |
| 69 | ov_069 | 5.003314948881116 × 10^292 |
| 68 | ov_068 | 5.787252186766382 × 10^292 |
| 67 | ov_067 | 6.660595265461271 × 10^292 |
| 66 | ov_066 | 6.660599489214051 × 10^292 |
| 65 | ov_065 | 6.660617109978858 × 10^292 |
| 62 | ov_062 | 1.4555029379532653 × 10^293 |
| 61 | ov_061 | 5.302038126262224 × 10^293 |
| 60 | ov_060 | 1.516805134165411 × 10^294 |
| 59 | ov_059 | 3.657802245194883 × 10^294 |
| 58 | ov_058 | 7.42062820042861 × 10^294 |
| 57 | ov_057 | 1.3403101299326843 × 10^295 |
| 56 | ov_056 | 2.2333430101250297 × 10^295 |
| 55 | ov_055 | 3.579843578360445 × 10^295 |
| 54 | ov_054 | 5.564577780103108 × 10^295 |
| 53 | ov_053 | 8.398404160185843 × 10^295 |
| 52 | ov_052 | 1.231828964269567 × 10^296 |
| 51 | ov_051 | 1.7587336300309202 × 10^296 |
| 50 | ov_050 | 2.4494825539852 × 10^296 |
| 49 | ov_049 | 3.335628890128328 × 10^296 |
| 48 | ov_048 | 4.451361678189934 × 10^296 |
| 47 | ov_047 | 5.8335218130629125 × 10^296 |
| 32 | lv_80_m31 | 6.686229313832392 × 10^296 |
| 46 | ov_046 | 7.521624589146843 × 10^296 |
| 45 | ov_045 | 9.557890471090696 × 10^296 |
| 44 | ov_044 | 1.1987285916244273 × 10^297 |
| 43 | ov_043 | 1.485757624829252 × 10^297 |
| 42 | ov_042 | 1.8219392756162946 × 10^297 |
| 41 | ov_041 | 2.212631636749157 × 10^297 |
| 40 | ov_040 | 2.6634980421852148 × 10^297 |
| 39 | ov_039 | 3.1805195245757544 × 10^297 |
| 31 | ov_031 | 3.429282475173485 × 10^297 |
| 38 | ov_038 | 3.770009740931392 × 10^297 |
| 37 | ov_037 | 4.438632672356855 × 10^297 |
| 36 | ov_036 | 5.193423421835652 × 10^297 |
| 35 | ov_035 | 6.041812452329677 × 10^297 |
| 34 | ov_034 | 6.991653626022044 × 10^297 |
| 33 | ov_033 | 8.05125642446973 × 10^297 |
| 30 | ov_030 | 1.758468193040603 × 10^298 |
| 29 | ov_029 | 5.752828218531715 × 10^298 |
| 28 | ov_028 | 1.493126354497005 × 10^299 |
| 27 | ov_027 | 3.337184375934759 × 10^299 |
| 26 | ov_026 | 7.0809486079999395 × 10^299 |
| 25 | ov_025 | 1.4013668066442893 × 10^300 |
| 24 | ov_024 | 2.574035716591817 × 10^300 |
| 23 | ov_023 | 4.4181820873347696 × 10^300 |
| 22 | ov_022 | 7.157471843421182 × 10^300 |
| 21 | ov_021 | 1.104716986861694 × 10^301 |
| 20 | ov_020 | 1.6374164688046318 × 10^301 |
| 19 | ov_019 | 2.345700877766949 × 10^301 |
| 18 | ov_018 | 3.264598053359692 × 10^301 |
| 17 | ov_017 | 4.432317729199014 × 10^301 |
| 16 | ov_016 | 5.890265253998474 × 10^301 |
| 15 | ov_015 | 7.683061314307825 × 10^301 |
| 14 | ov_014 | 9.858569450266178 × 10^301 |
| 13 | ov_013 | 1.2467933364741778 × 10^302 |
| 12 | ov_012 | 1.5565626235534269 × 10^302 |
| 11 | ov_011 | 1.920951445009961 × 10^302 |
| 10 | ov_010 | 2.3460938392784315 × 10^302 |
| 9 | ov_009 | 2.838481312618407 × 10^302 |
| 8 | ov_008 | 3.404975202144152 × 10^302 |
| 7 | ov_007 | 4.052821660766575 × 10^302 |
| 6 | ov_006 | 4.789669612892514 × 10^302 |
| 5 | ov_005 | 5.62359205193246 × 10^302 |
| 4 | ov_004 | 6.56311107335813 × 10^302 |
| 3 | ov_003 | 7.617227060349596 × 10^302 |
| 2 | ov_002 | 8.795452463121024 × 10^302 |
| 1 | ov_001 | 1.0107850637978365 × 10^303 |

