# Results for F001-F002-F003-F004-F005-F006-F007-F008-F009-F010-F011-F012-F013-F014-F015-F016-F017-F018-F019-F020-F021-F022-F023-F024-F025-F026-F027-F028-F029-F030-F031-F032-F033-F034-F035-F036-F037-F038-F039-F040-F041-F042-F043-F044-F045-F046-F047-F048-F049-F050-F051-F052-F053-F054-F055-F056-F057-F058-F059-F060-F061-F062-F063-F064-F065-F066-F067-F068-F069-F070-F071-F072-F073-F074-F075-F076-F077-F078-F079-F080-F081-F082-F083-F084-F085-F086-F087-F088-F089-F090-F091-F092-F093-F094-F095-F096-F097-F098-F099-F100-F101-F102-F103-F104-F105-F106-F107-F108-F109-F110-F111-F112-F113-F114-F115-F116-F117-F118-F119-F120-F121-F122-F123-F124-F125-F126-F127-F128-F129-F130-F131-F132-F133-F134-F135-F136-F137-F138-F139-F140-F141-F142-F143-F144-F145-F146-F147-F148-F149-F150-F151-F152-F153-F154-F155-F156-F157-F158-F159-F160-F161-F162-F163-F164-F165-F166-F167-F168-F169-F170-F171-F172-F173-F174-F175-F176-F177-F178-F179-F180-F181-F182-F183-F184-F185-F186-F187-F188-F189-F190-F191-F192-F193-F194-F195-F196-F197-F198-F199-F200-F201-F202-F203-F204-F205-F206-F207-F208-F209-F210-F211-F212-F213-F214-F215-F216-F217-F218-F219-F220-F221-F222-F223-F224-F225-F226-F227-F228-F229-F230-F231-F232-F233-F234-F235-F236-F237-F238-F239-F240-F241-F242-F243-F244-F245-F246-F247-F248-F249-F250-F251-F252-F253-F254-F255-F256-F257-F258-F259-F260-F261-F262-F263-F264-F265-F266-F267-F268-F269-F270-F271-F272-F273-F274-F275-F276-F277-F278-F279-F280-F281-F282-F283-F284-F285-F286-F287-F288-F289-F290-F291-F292-F293-F294-F295-F296-F297-F298-F299-F300-F301-F302-F303-F304-F305-F306-F307-F308-F309-F310-F311-F312-F313-F314-F315-F316-F317-F318-F319-F320-F321-F322-F323-F324-F325-F326-F327-F328-F329-F330-F331-F332-F333-F334-F335-F336-F337-F338-F339-F340-F341-F342-F343-F344-F345-F346-F347-F348-F349-F350-F351-F352-F353-F354-F355-F356-F357-F358-F359-F360-F361-F362-F363-F364-F365-F366-F367-F368-F369-F370-F371-F372-F373-F374-F375-F376-F377-F378-F379-F380-F381-F382-F383-F384-F385-F386-F387-F388-F389-F390-F391-F392-F393-F394-F395-F396-F397-F398-F399-F400-F401-F402-F403-F404-F405-F406-F407-F408-F409-F410-F411-F412-F413-F414-F415-F416-F417-F418-F419-F420-F421-F422-F423-F424-F425-F426-F427-F428-F429-F430-F431-F432-F433-F434-F435-F436-F437-F438-F439-F440-F441-F442-F443-F444-F445-F446-F447-F448-F449-F450-F451-F452-F453-F454-F455-F456-F457-F458-F459-F460-F461-F462-F463-F464-F465-F466-F467-F468-F469-F470-F471-F472-F473-F474-F475-F476-F477-F478-F479-F480-F481-F482-F483-F484-F485-F486-F487-F488-F489-F490-F491-F492-F493-F494-F495-F496-F505-F510-F512

## Summary

Number of input bits: 512  
Number of free input bits: 13  
Number of output bits: 160

Number of direct occurrences: 53492  
Number of assignments: 31620  
Number of operations: 11159830
(xor: 11131519,
and: 14844,
or: 13467)

Total complexity: 1.7064296009664092 × 10^300

Least occurring input variable: iv_504 (3941)  
Most occurring input variable: iv_503 (4304)

Most co-occurring input variables: iv_503-iv_507 (2138)  
Least co-occurring input variables: iv_499-iv_506 (1800)

Potentially most occurring input variable: iv_509/iv_511 (4537)  
Potentially least occurring input variable: iv_501/iv_502 (4130)

Least output occurring input variable: iv_508 (74)  
Most output occurring input variable: iv_497 (93)

Most output co-occurring input variables: iv_498-iv_509 (52)  
Least output co-occurring input variables: iv_500-iv_502 (32)

Potentially most output occurring input variable: iv_500/iv_502 (95)  
Potentially least output occurring input variable: iv_502/iv_508 (65)

Least complex input bit: iv_511 (3.956648609577018 × 10^296)  
Most complex input bit: iv_509 (4.084305825126327 × 10^299)

Least complex output bit: aaa_76_29 (3.1152313201614504 × 10^275)  
Most complex output bit: ov_001 (2.667712642627902 × 10^299)

Least complex input/output complexity: iv_511/aaa_76_29 (7.22319611922287 × 10^271)  
Most complex input/output complexity: iv_509/ov_001 (6.385117956156905 × 10^298)

## Input Bits

### Input Bits in Regular Order

| Input Bit | Complexity | Occurrences | Output Occurrences |
|:---------:|:----------:|:-----------:|:------------------:|
| iv_497 | 9.186431240227695 × 10^297 | 4146 | 93 |
| iv_498 | 1.831345168291448 × 10^298 | 3951 | 88 |
| iv_499 | 3.2241994693029687 × 10^298 | 3955 | 81 |
| iv_500 | 5.424944675854619 × 10^298 | 4133 | 76 |
| iv_501 | 8.962348413071353 × 10^298 | 4100 | 83 |
| iv_502 | 1.4502002577241218 × 10^299 | 4144 | 83 |
| iv_503 | 8.549240898259368 × 10^298 | 4304 | 87 |
| iv_504 | 4.334930472483255 × 10^298 | 3941 | 78 |
| iv_506 | 1.4927188699746781 × 10^299 | 3977 | 82 |
| iv_507 | 2.7015060536071816 × 10^299 | 4191 | 76 |
| iv_508 | 4.007043132493649 × 10^299 | 4149 | 74 |
| iv_509 | 4.084305825126327 × 10^299 | 4232 | 87 |
| iv_511 | 3.956648609577018 × 10^296 | 4269 | 80 |

### Input Bits Sorted by Complexity

| Input Bit | Complexity | Occurrences | Output Occurrences |
|:---------:|:----------:|:-----------:|:------------------:|
| iv_511 | 3.956648609577018 × 10^296 | 4269 | 80 |
| iv_497 | 9.186431240227695 × 10^297 | 4146 | 93 |
| iv_498 | 1.831345168291448 × 10^298 | 3951 | 88 |
| iv_499 | 3.2241994693029687 × 10^298 | 3955 | 81 |
| iv_504 | 4.334930472483255 × 10^298 | 3941 | 78 |
| iv_500 | 5.424944675854619 × 10^298 | 4133 | 76 |
| iv_503 | 8.549240898259368 × 10^298 | 4304 | 87 |
| iv_501 | 8.962348413071353 × 10^298 | 4100 | 83 |
| iv_502 | 1.4502002577241218 × 10^299 | 4144 | 83 |
| iv_506 | 1.4927188699746781 × 10^299 | 3977 | 82 |
| iv_507 | 2.7015060536071816 × 10^299 | 4191 | 76 |
| iv_508 | 4.007043132493649 × 10^299 | 4149 | 74 |
| iv_509 | 4.084305825126327 × 10^299 | 4232 | 87 |

### Input Bits Sorted by Occurrences

| Input Bit | Complexity | Occurrences | Output Occurrences |
|:---------:|:----------:|:-----------:|:------------------:|
| iv_504 | 4.334930472483255 × 10^298 | 3941 | 78 |
| iv_498 | 1.831345168291448 × 10^298 | 3951 | 88 |
| iv_499 | 3.2241994693029687 × 10^298 | 3955 | 81 |
| iv_506 | 1.4927188699746781 × 10^299 | 3977 | 82 |
| iv_501 | 8.962348413071353 × 10^298 | 4100 | 83 |
| iv_500 | 5.424944675854619 × 10^298 | 4133 | 76 |
| iv_502 | 1.4502002577241218 × 10^299 | 4144 | 83 |
| iv_497 | 9.186431240227695 × 10^297 | 4146 | 93 |
| iv_508 | 4.007043132493649 × 10^299 | 4149 | 74 |
| iv_507 | 2.7015060536071816 × 10^299 | 4191 | 76 |
| iv_509 | 4.084305825126327 × 10^299 | 4232 | 87 |
| iv_511 | 3.956648609577018 × 10^296 | 4269 | 80 |
| iv_503 | 8.549240898259368 × 10^298 | 4304 | 87 |

### Input Bits Sorted by Output Occurrences

| Input Bit | Complexity | Occurrences | Output Occurrences |
|:---------:|:----------:|:-----------:|:------------------:|
| iv_508 | 4.007043132493649 × 10^299 | 4149 | 74 |
| iv_500 | 5.424944675854619 × 10^298 | 4133 | 76 |
| iv_507 | 2.7015060536071816 × 10^299 | 4191 | 76 |
| iv_504 | 4.334930472483255 × 10^298 | 3941 | 78 |
| iv_511 | 3.956648609577018 × 10^296 | 4269 | 80 |
| iv_499 | 3.2241994693029687 × 10^298 | 3955 | 81 |
| iv_506 | 1.4927188699746781 × 10^299 | 3977 | 82 |
| iv_501 | 8.962348413071353 × 10^298 | 4100 | 83 |
| iv_502 | 1.4502002577241218 × 10^299 | 4144 | 83 |
| iv_503 | 8.549240898259368 × 10^298 | 4304 | 87 |
| iv_509 | 4.084305825126327 × 10^299 | 4232 | 87 |
| iv_498 | 1.831345168291448 × 10^298 | 3951 | 88 |
| iv_497 | 9.186431240227695 × 10^297 | 4146 | 93 |

## Input Bit Co-occurrences

### Input Bit Co-occurrences Sorted by Co-occurrences

| Input Bits | Co-occurrences | Potential Occurrences | Output Co-occurrences | Potential Output Occurrences |
|:----------:|:--------------:|:---------------------:|:---------------------:|:----------------------------:|
| iv_503-iv_507 | 2138 | 4219 | 48 | 67 |
| iv_502-iv_503 | 2132 | 4184 | 48 | 74 |
| iv_503-iv_511 | 2103 | 4367 | 45 | 77 |
| iv_501-iv_503 | 2086 | 4232 | 47 | 76 |
| iv_500-iv_511 | 2081 | 4240 | 38 | 80 |
| iv_503-iv_509 | 2080 | 4376 | 49 | 76 |
| iv_508-iv_509 | 2074 | 4233 | 40 | 81 |
| iv_507-iv_509 | 2062 | 4299 | 44 | 75 |
| iv_501-iv_502 | 2057 | 4130 | 43 | 80 |
| iv_497-iv_507 | 2050 | 4237 | 44 | 81 |
| iv_497-iv_503 | 2050 | 4350 | 52 | 76 |
| iv_500-iv_503 | 2048 | 4341 | 40 | 83 |
| iv_501-iv_511 | 2034 | 4301 | 39 | 85 |

### Input Bit Co-occurrences Sorted by Potential Occurrences

| Input Bits | Co-occurrences | Potential Occurrences | Output Co-occurrences | Potential Output Occurrences |
|:----------:|:--------------:|:---------------------:|:---------------------:|:----------------------------:|
| iv_501-iv_502 | 2057 | 4130 | 43 | 80 |
| iv_499-iv_504 | 1868 | 4160 | 38 | 83 |
| iv_504-iv_506 | 1877 | 4164 | 42 | 76 |
| iv_506-iv_507 | 1996 | 4176 | 39 | 80 |
| iv_502-iv_503 | 2132 | 4184 | 48 | 74 |
| iv_499-iv_501 | 1932 | 4191 | 44 | 76 |
| iv_498-iv_504 | 1847 | 4198 | 46 | 74 |
| iv_497-iv_506 | 1955 | 4213 | 51 | 73 |
| iv_499-iv_508 | 1944 | 4216 | 41 | 73 |
| iv_503-iv_507 | 2138 | 4219 | 48 | 67 |
| iv_498-iv_506 | 1850 | 4228 | 41 | 88 |
| iv_497-iv_504 | 1929 | 4229 | 50 | 71 |
| iv_501-iv_503 | 2086 | 4232 | 47 | 76 |

### Input Bit Output Co-occurrences Sorted by Output Co-occurrences

| Input Bits | Co-occurrences | Potential Occurrences | Output Co-occurrences | Potential Output Occurrences |
|:----------:|:--------------:|:---------------------:|:---------------------:|:----------------------------:|
| iv_497-iv_503 | 2050 | 4350 | 52 | 76 |
| iv_498-iv_509 | 1881 | 4421 | 52 | 71 |
| iv_498-iv_503 | 1908 | 4439 | 51 | 73 |
| iv_497-iv_506 | 1955 | 4213 | 51 | 73 |
| iv_502-iv_509 | 2001 | 4374 | 50 | 70 |
| iv_497-iv_504 | 1929 | 4229 | 50 | 71 |
| iv_497-iv_498 | 1893 | 4311 | 50 | 81 |
| iv_497-iv_509 | 2020 | 4338 | 50 | 80 |
| iv_501-iv_509 | 2034 | 4264 | 49 | 72 |
| iv_503-iv_509 | 2080 | 4376 | 49 | 76 |
| iv_497-iv_502 | 2006 | 4278 | 49 | 78 |
| iv_502-iv_503 | 2132 | 4184 | 48 | 74 |
| iv_498-iv_499 | 1833 | 4240 | 48 | 73 |

### Input Bit Output Co-occurrences Sorted by Potential Output Occurrences

| Input Bits | Co-occurrences | Potential Occurrences | Output Co-occurrences | Potential Output Occurrences |
|:----------:|:--------------:|:---------------------:|:---------------------:|:----------------------------:|
| iv_502-iv_508 | 1983 | 4327 | 46 | 65 |
| iv_503-iv_507 | 2138 | 4219 | 48 | 67 |
| iv_498-iv_508 | 1878 | 4344 | 47 | 68 |
| iv_502-iv_509 | 2001 | 4374 | 50 | 70 |
| iv_501-iv_508 | 1941 | 4367 | 43 | 71 |
| iv_497-iv_504 | 1929 | 4229 | 50 | 71 |
| iv_498-iv_509 | 1881 | 4421 | 52 | 71 |
| iv_501-iv_509 | 2034 | 4264 | 49 | 72 |
| iv_504-iv_508 | 1915 | 4260 | 40 | 72 |
| iv_498-iv_499 | 1833 | 4240 | 48 | 73 |
| iv_498-iv_503 | 1908 | 4439 | 51 | 73 |
| iv_499-iv_500 | 1899 | 4290 | 42 | 73 |
| iv_499-iv_508 | 1944 | 4216 | 41 | 73 |

## Output Bits

### Output Bits in Regular Order

| Rank | Output Bit | Complexity |
|:----:|:----------:|:----------:|
| 1 | ov_001 | 2.667712642627902 × 10^299 |
| 2 | ov_002 | 2.3213474722695695 × 10^299 |
| 3 | ov_003 | 2.0103910487671056 × 10^299 |
| 4 | ov_004 | 1.7321880819728344 × 10^299 |
| 5 | ov_005 | 1.4842286135333966 × 10^299 |
| 6 | ov_006 | 1.2641377443207904 × 10^299 |
| 7 | ov_007 | 1.0696666903486524 × 10^299 |
| 8 | ov_008 | 8.986850582771641 × 10^298 |
| 9 | ov_009 | 7.491742386869057 × 10^298 |
| 10 | ov_010 | 6.192218064788035 × 10^298 |
| 11 | ov_011 | 5.070168165471298 × 10^298 |
| 12 | ov_012 | 4.108458893150527 × 10^298 |
| 13 | ov_013 | 3.2908998702942196 × 10^298 |
| 14 | ov_014 | 2.6022178791264546 × 10^298 |
| 15 | ov_015 | 2.028035713893331 × 10^298 |
| 16 | ov_016 | 1.5548553795897213 × 10^298 |
| 17 | ov_017 | 1.1700450188984022 × 10^298 |
| 18 | ov_018 | 8.618290089285022 × 10^297 |
| 19 | ov_019 | 6.192806430710438 × 10^297 |
| 20 | ov_020 | 4.3231682982918725 × 10^297 |
| 21 | ov_021 | 2.916943242598717 × 10^297 |
| 22 | ov_022 | 1.89007115769089 × 10^297 |
| 23 | ov_023 | 1.166846722871723 × 10^297 |
| 24 | ov_024 | 6.799079858932458 × 10^296 |
| 25 | ov_025 | 3.7022937519975386 × 10^296 |
| 26 | ov_026 | 1.8711787095856332 × 10^296 |
| 27 | ov_027 | 8.821120285990469 × 10^295 |
| 28 | ov_028 | 3.9477139234317556 × 10^295 |
| 29 | ov_029 | 1.5213258131693013 × 10^295 |
| 30 | ov_030 | 4.650789114325717 × 10^294 |
| 31 | ov_031 | 9.06925293018656 × 10^293 |
| 32 | lv_80_m31 | 1.7678187792503654 × 10^293 |
| 33 | ov_033 | 2.1245461568504095 × 10^294 |
| 34 | ov_034 | 1.8456382187284193 × 10^294 |
| 35 | ov_035 | 1.595414216300272 × 10^294 |
| 36 | ov_036 | 1.3715173995248653 × 10^294 |
| 37 | ov_037 | 1.1717196182598154 × 10^294 |
| 38 | ov_038 | 9.94937740321156 × 10^293 |
| 39 | ov_039 | 8.391748977679917 × 10^293 |
| 40 | ov_040 | 7.0253916477784755 × 10^293 |
| 41 | ov_041 | 5.832377508245116 × 10^293 |
| 42 | ov_042 | 4.795720626356351 × 10^293 |
| 43 | ov_043 | 3.907157869318041 × 10^293 |
| 44 | ov_044 | 3.1514692695526715 × 10^293 |
| 45 | ov_045 | 2.5142718130596754 × 10^293 |
| 46 | ov_046 | 1.9819960925625258 × 10^293 |
| 47 | ov_047 | 1.5418675693800676 × 10^293 |
| 48 | ov_048 | 1.1818917897992804 × 10^293 |
| 49 | ov_049 | 8.908429522282914 × 10^292 |
| 50 | ov_050 | 6.582552709782382 × 10^292 |
| 51 | ov_051 | 4.744166313661075 × 10^292 |
| 52 | ov_052 | 3.346587288646601 × 10^292 |
| 53 | ov_053 | 2.3076468423478933 × 10^292 |
| 54 | ov_054 | 1.552616715840486 × 10^292 |
| 55 | ov_055 | 1.0141964636759687 × 10^292 |
| 56 | ov_056 | 6.325056714532343 × 10^291 |
| 57 | ov_057 | 3.794584063054877 × 10^291 |
| 58 | ov_058 | 2.1000243056192867 × 10^291 |
| 59 | ov_059 | 1.0346459502365923 × 10^291 |
| 60 | ov_060 | 4.287726977718105 × 10^290 |
| 61 | ov_061 | 1.4978189357591257 × 10^290 |
| 62 | ov_062 | 4.1091699588688705 × 10^289 |
| 63 | ov_063 | 8.009997501324296 × 10^288 |
| 64 | lv_79_m31 | 1.5610754047687877 × 10^288 |
| 65 | ov_065 | 1.8789870038754886 × 10^289 |
| 66 | ov_066 | 1.8789814290160758 × 10^289 |
| 67 | ov_067 | 1.8789800646845024 × 10^289 |
| 68 | ov_068 | 1.629365327366971 × 10^289 |
| 69 | ov_069 | 1.4061676382966532 × 10^289 |
| 70 | ov_070 | 1.207275034454381 × 10^289 |
| 71 | ov_071 | 1.0307054467458727 × 10^289 |
| 72 | ov_072 | 8.745979060892625 × 10^288 |
| 73 | ov_073 | 7.372045281600764 × 10^288 |
| 74 | ov_074 | 6.16883235291884 × 10^288 |
| 75 | ov_075 | 5.120911756699589 × 10^288 |
| 76 | ov_076 | 4.2137880131116584 × 10^288 |
| 77 | ov_077 | 3.43384567430777 × 10^288 |
| 78 | ov_078 | 2.7683021668853026 × 10^288 |
| 79 | ov_079 | 2.2051661251226124 × 10^288 |
| 80 | ov_080 | 1.7332008624586697 × 10^288 |
| 81 | ov_081 | 1.3418926328501276 × 10^288 |
| 82 | ov_082 | 1.0214233367240064 × 10^288 |
| 83 | ov_083 | 7.62647328459225 × 10^287 |
| 84 | ov_084 | 5.570719838671633 × 10^287 |
| 85 | ov_085 | 3.968416871690341 × 10^287 |
| 86 | ov_086 | 2.7472489763134138 × 10^287 |
| 87 | ov_087 | 1.8410395643719627 × 10^287 |
| 88 | ov_088 | 1.1896729462525156 × 10^287 |
| 89 | ov_089 | 7.390370307518213 × 10^286 |
| 90 | ov_090 | 4.409832559686093 × 10^286 |
| 91 | ov_091 | 2.5330036217879097 × 10^286 |
| 92 | ov_092 | 1.3969864620012206 × 10^286 |
| 93 | ov_093 | 6.98015042520776 × 10^285 |
| 94 | ov_094 | 2.9898212247706384 × 10^285 |
| 95 | aaa_78_28 | 9.232062313874412 × 10^284 |
| 96 | aaa_78_29 | 2.835108187632669 × 10^284 |
| 97 | ov_097 | 1.871597681910171 × 10^284 |
| 98 | ov_098 | 1.8715414560766912 × 10^284 |
| 99 | ov_099 | 1.8715234800403614 × 10^284 |
| 100 | ov_100 | 1.6838834094293982 × 10^284 |
| 101 | ov_101 | 1.5101458236236843 × 10^284 |
| 102 | ov_102 | 1.349540811323905 × 10^284 |
| 103 | ov_103 | 1.2013543425705062 × 10^284 |
| 104 | ov_104 | 1.0649211851027797 × 10^284 |
| 105 | ov_105 | 9.3961845457737 × 10^283 |
| 106 | ov_106 | 8.248597654302486 × 10^283 |
| 107 | ov_107 | 7.200899504240713 × 10^283 |
| 108 | ov_108 | 6.247803179480943 × 10^283 |
| 109 | ov_109 | 5.3842441696127405 × 10^283 |
| 110 | ov_110 | 4.60534280117956 × 10^283 |
| 111 | ov_111 | 3.9063711611577534 × 10^283 |
| 112 | ov_112 | 3.2827242268117876 × 10^283 |
| 113 | ov_113 | 2.72989491881562 × 10^283 |
| 114 | ov_114 | 2.2434527964469454 × 10^283 |
| 115 | ov_115 | 1.8190261149425248 × 10^283 |
| 116 | ov_116 | 1.4522869659133811 × 10^283 |
| 117 | ov_117 | 1.1389392222024871 × 10^283 |
| 118 | ov_118 | 8.747090088425865 × 10^282 |
| 119 | ov_119 | 6.553374219245142 × 10^282 |
| 120 | ov_120 | 4.765752172712785 × 10^282 |
| 121 | ov_121 | 3.3417919086066303 × 10^282 |
| 122 | ov_122 | 2.2390984838109444 × 10^282 |
| 123 | ov_123 | 1.4152987148558387 × 10^282 |
| 124 | ov_124 | 8.280308239972968 × 10^281 |
| 125 | ov_125 | 4.349380191177216 × 10^281 |
| 126 | ov_126 | 1.9366521560406215 × 10^281 |
| 127 | aaa_77_28 | 6.185777662825185 × 10^280 |
| 128 | aaa_77_29 | 2.319926054316828 × 10^280 |
| 129 | ov_129 | 2.1675361701350343 × 10^280 |
| 130 | ov_130 | 2.167530098040618 × 10^280 |
| 131 | ov_131 | 2.167528628463669 × 10^280 |
| 132 | ov_132 | 1.8836441830436137 × 10^280 |
| 133 | ov_133 | 1.6289589547321462 × 10^280 |
| 134 | ov_134 | 1.4012831213031376 × 10^280 |
| 135 | ov_135 | 1.1985455131439943 × 10^280 |
| 136 | ov_136 | 1.018785149830999 × 10^280 |
| 137 | ov_137 | 8.601439127786462 × 10^279 |
| 138 | ov_138 | 7.208602481711712 × 10^279 |
| 139 | ov_139 | 5.992637998486683 × 10^279 |
| 140 | ov_140 | 4.9377087711470025 × 10^279 |
| 141 | ov_141 | 4.028806675925086 × 10^279 |
| 142 | ov_142 | 3.2517211031275116 × 10^279 |
| 143 | ov_143 | 2.5930134919207846 × 10^279 |
| 144 | ov_144 | 2.0399969197956927 × 10^279 |
| 145 | ov_145 | 1.58072004624038 × 10^279 |
| 146 | ov_146 | 1.2039547586299779 × 10^279 |
| 147 | ov_147 | 8.99186916636365 × 10^278 |
| 148 | ov_148 | 6.566096396444788 × 10^278 |
| 149 | ov_149 | 4.671186297754417 × 10^278 |
| 150 | ov_150 | 3.223090711876571 × 10^278 |
| 151 | ov_151 | 2.1447369437054927 × 10^278 |
| 152 | ov_152 | 1.3660164217136948 × 10^278 |
| 153 | ov_153 | 8.237783601105644 × 10^277 |
| 154 | ov_154 | 4.61826268572518 × 10^277 |
| 155 | ov_155 | 2.3091599554329828 × 10^277 |
| 156 | aaa_76_25 | 8.875466355257518 × 10^276 |
| 157 | aaa_76_26 | 5.128149768565068 × 10^276 |
| 158 | aaa_76_27 | 2.626669294577259 × 10^276 |
| 159 | aaa_76_28 | 1.023512526046699 × 10^276 |
| 160 | aaa_76_29 | 3.1152313201614504 × 10^275 |

### Output Bits Sorted by Complexity

| Rank | Output Bit | Complexity |
|:----:|:----------:|:----------:|
| 160 | aaa_76_29 | 3.1152313201614504 × 10^275 |
| 159 | aaa_76_28 | 1.023512526046699 × 10^276 |
| 158 | aaa_76_27 | 2.626669294577259 × 10^276 |
| 157 | aaa_76_26 | 5.128149768565068 × 10^276 |
| 156 | aaa_76_25 | 8.875466355257518 × 10^276 |
| 155 | ov_155 | 2.3091599554329828 × 10^277 |
| 154 | ov_154 | 4.61826268572518 × 10^277 |
| 153 | ov_153 | 8.237783601105644 × 10^277 |
| 152 | ov_152 | 1.3660164217136948 × 10^278 |
| 151 | ov_151 | 2.1447369437054927 × 10^278 |
| 150 | ov_150 | 3.223090711876571 × 10^278 |
| 149 | ov_149 | 4.671186297754417 × 10^278 |
| 148 | ov_148 | 6.566096396444788 × 10^278 |
| 147 | ov_147 | 8.99186916636365 × 10^278 |
| 146 | ov_146 | 1.2039547586299779 × 10^279 |
| 145 | ov_145 | 1.58072004624038 × 10^279 |
| 144 | ov_144 | 2.0399969197956927 × 10^279 |
| 143 | ov_143 | 2.5930134919207846 × 10^279 |
| 142 | ov_142 | 3.2517211031275116 × 10^279 |
| 141 | ov_141 | 4.028806675925086 × 10^279 |
| 140 | ov_140 | 4.9377087711470025 × 10^279 |
| 139 | ov_139 | 5.992637998486683 × 10^279 |
| 138 | ov_138 | 7.208602481711712 × 10^279 |
| 137 | ov_137 | 8.601439127786462 × 10^279 |
| 136 | ov_136 | 1.018785149830999 × 10^280 |
| 135 | ov_135 | 1.1985455131439943 × 10^280 |
| 134 | ov_134 | 1.4012831213031376 × 10^280 |
| 133 | ov_133 | 1.6289589547321462 × 10^280 |
| 132 | ov_132 | 1.8836441830436137 × 10^280 |
| 131 | ov_131 | 2.167528628463669 × 10^280 |
| 130 | ov_130 | 2.167530098040618 × 10^280 |
| 129 | ov_129 | 2.1675361701350343 × 10^280 |
| 128 | aaa_77_29 | 2.319926054316828 × 10^280 |
| 127 | aaa_77_28 | 6.185777662825185 × 10^280 |
| 126 | ov_126 | 1.9366521560406215 × 10^281 |
| 125 | ov_125 | 4.349380191177216 × 10^281 |
| 124 | ov_124 | 8.280308239972968 × 10^281 |
| 123 | ov_123 | 1.4152987148558387 × 10^282 |
| 122 | ov_122 | 2.2390984838109444 × 10^282 |
| 121 | ov_121 | 3.3417919086066303 × 10^282 |
| 120 | ov_120 | 4.765752172712785 × 10^282 |
| 119 | ov_119 | 6.553374219245142 × 10^282 |
| 118 | ov_118 | 8.747090088425865 × 10^282 |
| 117 | ov_117 | 1.1389392222024871 × 10^283 |
| 116 | ov_116 | 1.4522869659133811 × 10^283 |
| 115 | ov_115 | 1.8190261149425248 × 10^283 |
| 114 | ov_114 | 2.2434527964469454 × 10^283 |
| 113 | ov_113 | 2.72989491881562 × 10^283 |
| 112 | ov_112 | 3.2827242268117876 × 10^283 |
| 111 | ov_111 | 3.9063711611577534 × 10^283 |
| 110 | ov_110 | 4.60534280117956 × 10^283 |
| 109 | ov_109 | 5.3842441696127405 × 10^283 |
| 108 | ov_108 | 6.247803179480943 × 10^283 |
| 107 | ov_107 | 7.200899504240713 × 10^283 |
| 106 | ov_106 | 8.248597654302486 × 10^283 |
| 105 | ov_105 | 9.3961845457737 × 10^283 |
| 104 | ov_104 | 1.0649211851027797 × 10^284 |
| 103 | ov_103 | 1.2013543425705062 × 10^284 |
| 102 | ov_102 | 1.349540811323905 × 10^284 |
| 101 | ov_101 | 1.5101458236236843 × 10^284 |
| 100 | ov_100 | 1.6838834094293982 × 10^284 |
| 99 | ov_099 | 1.8715234800403614 × 10^284 |
| 98 | ov_098 | 1.8715414560766912 × 10^284 |
| 97 | ov_097 | 1.871597681910171 × 10^284 |
| 96 | aaa_78_29 | 2.835108187632669 × 10^284 |
| 95 | aaa_78_28 | 9.232062313874412 × 10^284 |
| 94 | ov_094 | 2.9898212247706384 × 10^285 |
| 93 | ov_093 | 6.98015042520776 × 10^285 |
| 92 | ov_092 | 1.3969864620012206 × 10^286 |
| 91 | ov_091 | 2.5330036217879097 × 10^286 |
| 90 | ov_090 | 4.409832559686093 × 10^286 |
| 89 | ov_089 | 7.390370307518213 × 10^286 |
| 88 | ov_088 | 1.1896729462525156 × 10^287 |
| 87 | ov_087 | 1.8410395643719627 × 10^287 |
| 86 | ov_086 | 2.7472489763134138 × 10^287 |
| 85 | ov_085 | 3.968416871690341 × 10^287 |
| 84 | ov_084 | 5.570719838671633 × 10^287 |
| 83 | ov_083 | 7.62647328459225 × 10^287 |
| 82 | ov_082 | 1.0214233367240064 × 10^288 |
| 81 | ov_081 | 1.3418926328501276 × 10^288 |
| 64 | lv_79_m31 | 1.5610754047687877 × 10^288 |
| 80 | ov_080 | 1.7332008624586697 × 10^288 |
| 79 | ov_079 | 2.2051661251226124 × 10^288 |
| 78 | ov_078 | 2.7683021668853026 × 10^288 |
| 77 | ov_077 | 3.43384567430777 × 10^288 |
| 76 | ov_076 | 4.2137880131116584 × 10^288 |
| 75 | ov_075 | 5.120911756699589 × 10^288 |
| 74 | ov_074 | 6.16883235291884 × 10^288 |
| 73 | ov_073 | 7.372045281600764 × 10^288 |
| 63 | ov_063 | 8.009997501324296 × 10^288 |
| 72 | ov_072 | 8.745979060892625 × 10^288 |
| 71 | ov_071 | 1.0307054467458727 × 10^289 |
| 70 | ov_070 | 1.207275034454381 × 10^289 |
| 69 | ov_069 | 1.4061676382966532 × 10^289 |
| 68 | ov_068 | 1.629365327366971 × 10^289 |
| 67 | ov_067 | 1.8789800646845024 × 10^289 |
| 66 | ov_066 | 1.8789814290160758 × 10^289 |
| 65 | ov_065 | 1.8789870038754886 × 10^289 |
| 62 | ov_062 | 4.1091699588688705 × 10^289 |
| 61 | ov_061 | 1.4978189357591257 × 10^290 |
| 60 | ov_060 | 4.287726977718105 × 10^290 |
| 59 | ov_059 | 1.0346459502365923 × 10^291 |
| 58 | ov_058 | 2.1000243056192867 × 10^291 |
| 57 | ov_057 | 3.794584063054877 × 10^291 |
| 56 | ov_056 | 6.325056714532343 × 10^291 |
| 55 | ov_055 | 1.0141964636759687 × 10^292 |
| 54 | ov_054 | 1.552616715840486 × 10^292 |
| 53 | ov_053 | 2.3076468423478933 × 10^292 |
| 52 | ov_052 | 3.346587288646601 × 10^292 |
| 51 | ov_051 | 4.744166313661075 × 10^292 |
| 50 | ov_050 | 6.582552709782382 × 10^292 |
| 49 | ov_049 | 8.908429522282914 × 10^292 |
| 48 | ov_048 | 1.1818917897992804 × 10^293 |
| 47 | ov_047 | 1.5418675693800676 × 10^293 |
| 32 | lv_80_m31 | 1.7678187792503654 × 10^293 |
| 46 | ov_046 | 1.9819960925625258 × 10^293 |
| 45 | ov_045 | 2.5142718130596754 × 10^293 |
| 44 | ov_044 | 3.1514692695526715 × 10^293 |
| 43 | ov_043 | 3.907157869318041 × 10^293 |
| 42 | ov_042 | 4.795720626356351 × 10^293 |
| 41 | ov_041 | 5.832377508245116 × 10^293 |
| 40 | ov_040 | 7.0253916477784755 × 10^293 |
| 39 | ov_039 | 8.391748977679917 × 10^293 |
| 31 | ov_031 | 9.06925293018656 × 10^293 |
| 38 | ov_038 | 9.94937740321156 × 10^293 |
| 37 | ov_037 | 1.1717196182598154 × 10^294 |
| 36 | ov_036 | 1.3715173995248653 × 10^294 |
| 35 | ov_035 | 1.595414216300272 × 10^294 |
| 34 | ov_034 | 1.8456382187284193 × 10^294 |
| 33 | ov_033 | 2.1245461568504095 × 10^294 |
| 30 | ov_030 | 4.650789114325717 × 10^294 |
| 29 | ov_029 | 1.5213258131693013 × 10^295 |
| 28 | ov_028 | 3.9477139234317556 × 10^295 |
| 27 | ov_027 | 8.821120285990469 × 10^295 |
| 26 | ov_026 | 1.8711787095856332 × 10^296 |
| 25 | ov_025 | 3.7022937519975386 × 10^296 |
| 24 | ov_024 | 6.799079858932458 × 10^296 |
| 23 | ov_023 | 1.166846722871723 × 10^297 |
| 22 | ov_022 | 1.89007115769089 × 10^297 |
| 21 | ov_021 | 2.916943242598717 × 10^297 |
| 20 | ov_020 | 4.3231682982918725 × 10^297 |
| 19 | ov_019 | 6.192806430710438 × 10^297 |
| 18 | ov_018 | 8.618290089285022 × 10^297 |
| 17 | ov_017 | 1.1700450188984022 × 10^298 |
| 16 | ov_016 | 1.5548553795897213 × 10^298 |
| 15 | ov_015 | 2.028035713893331 × 10^298 |
| 14 | ov_014 | 2.6022178791264546 × 10^298 |
| 13 | ov_013 | 3.2908998702942196 × 10^298 |
| 12 | ov_012 | 4.108458893150527 × 10^298 |
| 11 | ov_011 | 5.070168165471298 × 10^298 |
| 10 | ov_010 | 6.192218064788035 × 10^298 |
| 9 | ov_009 | 7.491742386869057 × 10^298 |
| 8 | ov_008 | 8.986850582771641 × 10^298 |
| 7 | ov_007 | 1.0696666903486524 × 10^299 |
| 6 | ov_006 | 1.2641377443207904 × 10^299 |
| 5 | ov_005 | 1.4842286135333966 × 10^299 |
| 4 | ov_004 | 1.7321880819728344 × 10^299 |
| 3 | ov_003 | 2.0103910487671056 × 10^299 |
| 2 | ov_002 | 2.3213474722695695 × 10^299 |
| 1 | ov_001 | 2.667712642627902 × 10^299 |

