# Results for F001-F002-F003-F004-F005-F006-F007-F008-F009-F010-F011-F012-F013-F014-F015-F016-F017-F018-F019-F020-F021-F022-F023-F024-F025-F026-F027-F028-F029-F030-F031-F032-F033-F034-F035-F036-F037-F038-F039-F040-F041-F042-F043-F044-F045-F046-F047-F048-F049-F050-F051-F052-F053-F054-F055-F056-F057-F058-F059-F060-F061-F062-F063-F064-F065-F066-F067-F068-F069-F070-F071-F072-F073-F074-F075-F076-F077-F078-F079-F080-F081-F082-F083-F084-F085-F086-F087-F088-F089-F090-F091-F092-F093-F094-F095-F096-F097-F098-F099-F100-F101-F102-F103-F104-F105-F106-F107-F108-F109-F110-F111-F112-F113-F114-F115-F116-F117-F118-F119-F120-F121-F122-F123-F124-F125-F126-F127-F128-F129-F130-F131-F132-F133-F134-F135-F136-F137-F138-F139-F140-F141-F142-F143-F144-F145-F146-F147-F148-F149-F150-F151-F152-F153-F154-F155-F156-F157-F158-F159-F160-F161-F162-F163-F164-F165-F166-F167-F168-F169-F170-F171-F172-F173-F174-F175-F176-F177-F178-F179-F180-F181-F182-F183-F184-F185-F186-F187-F188-F189-F190-F191-F192-F193-F194-F195-F196-F197-F198-F199-F200-F201-F202-F203-F204-F205-F206-F207-F208-F209-F210-F211-F212-F213-F214-F215-F216-F217-F218-F219-F220-F221-F222-F223-F224-F225-F226-F227-F228-F229-F230-F231-F232-F233-F234-F235-F236-F237-F238-F239-F240-F241-F242-F243-F244-F245-F246-F247-F248-F249-F250-F251-F252-F253-F254-F255-F256-F257-F258-F259-F260-F261-F262-F263-F264-F265-F266-F267-F268-F269-F270-F271-F272-F273-F274-F275-F276-F277-F278-F279-F280-F281-F282-F283-F284-F285-F286-F287-F288-F289-F290-F291-F292-F293-F294-F295-F296-F297-F298-F299-F300-F301-F302-F303-F304-F305-F306-F307-F308-F309-F310-F311-F312-F313-F314-F315-F316-F317-F318-F319-F320-F321-F322-F323-F324-F325-F326-F327-F328-F329-F330-F331-F332-F333-F334-F335-F336-F337-F338-F339-F340-F341-F342-F343-F344-F345-F346-F347-F348-F349-F350-F351-F352-F353-F354-F355-F356-F357-F358-F359-F360-F361-F362-F363-F364-F365-F366-F367-F368-F369-F370-F371-F372-F373-F374-F375-F376-F377-F378-F379-F380-F381-F382-F383-F384-F385-F386-F387-F388-F389-F390-F391-F392-F393-F394-F395-F396-F397-F398-F399-F400-F401-F402-F403-F404-F405-F406-F407-F408-F409-F410-F411-F412-F413-F414-F415-F416-F417-F418-F419-F420-F421-F422-F423-F424-F425-F426-F427-F428-F429-F430-F431-F432-F433-F434-F435-F436-F437-F438-F439-F440-F441-F442-F443-F444-F445-F446-F447-F448-F449-F450-F451-F452-F453-F454-F455-F456-F457-F458-F459-F460-F461-F462-F463-F464-F465-F466-F467-F468-F469-F470-F471-F472-F473-F474-F475-F476-F477-F478-F479-F480-F481-F482-F483-F484-F485-F486-F487-F488-F489-F490-F491-F492-F493-F494-F495-F496-O500505-O508510-F512

## Summary

Number of input bits: 512  
Number of free input bits: 13  
Number of output bits: 160

Number of direct occurrences: 54396  
Number of assignments: 32306  
Number of operations: 12050752
(xor: 12020909,
and: 16171,
or: 13672)

Total complexity: 1.2926301110767716 × 10^309

Least occurring input variable: iv_498 (4007)  
Most occurring input variable: iv_509 (4376)

Most co-occurring input variables: iv_508-iv_509 (2197)  
Least co-occurring input variables: iv_498-iv_499 (1800)

Potentially most occurring input variable: iv_502/iv_508 (4610)  
Potentially least occurring input variable: iv_506/iv_507 (4203)

Least output occurring input variable: iv_499 (64)  
Most output occurring input variable: iv_508 (88)

Most output co-occurring input variables: iv_497-iv_508 (50)  
Least output co-occurring input variables: iv_499-iv_504 (26)

Potentially most output occurring input variable: iv_498/iv_502 (93)  
Potentially least output occurring input variable: iv_504/iv_509 (66)

Least complex input bit: iv_511 (5.053468701398299 × 10^305)  
Most complex input bit: iv_508 (4.151877489489313 × 10^308)

Least complex output bit: aaa_76_29 (2.862879125276539 × 10^283)  
Most complex output bit: ov_001 (2.0208673287566998 × 10^308)

Least complex input/output complexity: iv_511/aaa_76_29 (1.1192273745982908 × 10^280)  
Most complex input/output complexity: iv_508/ov_001 (6.490947023135698 × 10^307)

## Input Bits

### Input Bits in Regular Order

| Input Bit | Complexity | Occurrences | Output Occurrences |
|:---------:|:----------:|:-----------:|:------------------:|
| iv_497 | 2.3706965140465765 × 10^306 | 4128 | 84 |
| iv_498 | 4.724130878180123 × 10^306 | 4007 | 85 |
| iv_499 | 8.313978914108339 × 10^306 | 4037 | 64 |
| iv_500 | 1.5795598285630145 × 10^308 | 4316 | 82 |
| iv_501 | 2.3507036064969565 × 10^307 | 4246 | 82 |
| iv_502 | 3.8193474374391166 × 10^307 | 4124 | 86 |
| iv_503 | 6.064676277445762 × 10^307 | 4128 | 77 |
| iv_504 | 9.429103589625972 × 10^307 | 4048 | 80 |
| iv_506 | 7.219908954701838 × 10^307 | 4106 | 73 |
| iv_507 | 1.0343195291683417 × 10^308 | 4291 | 77 |
| iv_508 | 4.151877489489313 × 10^308 | 4368 | 88 |
| iv_509 | 3.113028745211339 × 10^308 | 4376 | 80 |
| iv_511 | 5.053468701398299 × 10^305 | 4221 | 73 |

### Input Bits Sorted by Complexity

| Input Bit | Complexity | Occurrences | Output Occurrences |
|:---------:|:----------:|:-----------:|:------------------:|
| iv_511 | 5.053468701398299 × 10^305 | 4221 | 73 |
| iv_497 | 2.3706965140465765 × 10^306 | 4128 | 84 |
| iv_498 | 4.724130878180123 × 10^306 | 4007 | 85 |
| iv_499 | 8.313978914108339 × 10^306 | 4037 | 64 |
| iv_501 | 2.3507036064969565 × 10^307 | 4246 | 82 |
| iv_502 | 3.8193474374391166 × 10^307 | 4124 | 86 |
| iv_503 | 6.064676277445762 × 10^307 | 4128 | 77 |
| iv_506 | 7.219908954701838 × 10^307 | 4106 | 73 |
| iv_504 | 9.429103589625972 × 10^307 | 4048 | 80 |
| iv_507 | 1.0343195291683417 × 10^308 | 4291 | 77 |
| iv_500 | 1.5795598285630145 × 10^308 | 4316 | 82 |
| iv_509 | 3.113028745211339 × 10^308 | 4376 | 80 |
| iv_508 | 4.151877489489313 × 10^308 | 4368 | 88 |

### Input Bits Sorted by Occurrences

| Input Bit | Complexity | Occurrences | Output Occurrences |
|:---------:|:----------:|:-----------:|:------------------:|
| iv_498 | 4.724130878180123 × 10^306 | 4007 | 85 |
| iv_499 | 8.313978914108339 × 10^306 | 4037 | 64 |
| iv_504 | 9.429103589625972 × 10^307 | 4048 | 80 |
| iv_506 | 7.219908954701838 × 10^307 | 4106 | 73 |
| iv_502 | 3.8193474374391166 × 10^307 | 4124 | 86 |
| iv_503 | 6.064676277445762 × 10^307 | 4128 | 77 |
| iv_497 | 2.3706965140465765 × 10^306 | 4128 | 84 |
| iv_511 | 5.053468701398299 × 10^305 | 4221 | 73 |
| iv_501 | 2.3507036064969565 × 10^307 | 4246 | 82 |
| iv_507 | 1.0343195291683417 × 10^308 | 4291 | 77 |
| iv_500 | 1.5795598285630145 × 10^308 | 4316 | 82 |
| iv_508 | 4.151877489489313 × 10^308 | 4368 | 88 |
| iv_509 | 3.113028745211339 × 10^308 | 4376 | 80 |

### Input Bits Sorted by Output Occurrences

| Input Bit | Complexity | Occurrences | Output Occurrences |
|:---------:|:----------:|:-----------:|:------------------:|
| iv_499 | 8.313978914108339 × 10^306 | 4037 | 64 |
| iv_506 | 7.219908954701838 × 10^307 | 4106 | 73 |
| iv_511 | 5.053468701398299 × 10^305 | 4221 | 73 |
| iv_503 | 6.064676277445762 × 10^307 | 4128 | 77 |
| iv_507 | 1.0343195291683417 × 10^308 | 4291 | 77 |
| iv_504 | 9.429103589625972 × 10^307 | 4048 | 80 |
| iv_509 | 3.113028745211339 × 10^308 | 4376 | 80 |
| iv_500 | 1.5795598285630145 × 10^308 | 4316 | 82 |
| iv_501 | 2.3507036064969565 × 10^307 | 4246 | 82 |
| iv_497 | 2.3706965140465765 × 10^306 | 4128 | 84 |
| iv_498 | 4.724130878180123 × 10^306 | 4007 | 85 |
| iv_502 | 3.8193474374391166 × 10^307 | 4124 | 86 |
| iv_508 | 4.151877489489313 × 10^308 | 4368 | 88 |

## Input Bit Co-occurrences

### Input Bit Co-occurrences Sorted by Co-occurrences

| Input Bits | Co-occurrences | Potential Occurrences | Output Co-occurrences | Potential Output Occurrences |
|:----------:|:--------------:|:---------------------:|:---------------------:|:----------------------------:|
| iv_508-iv_509 | 2197 | 4350 | 44 | 80 |
| iv_507-iv_508 | 2144 | 4371 | 45 | 75 |
| iv_501-iv_509 | 2113 | 4396 | 42 | 78 |
| iv_506-iv_507 | 2097 | 4203 | 32 | 86 |
| iv_501-iv_508 | 2083 | 4448 | 48 | 74 |
| iv_507-iv_509 | 2083 | 4501 | 35 | 87 |
| iv_509-iv_511 | 2081 | 4435 | 42 | 69 |
| iv_497-iv_509 | 2072 | 4360 | 42 | 80 |
| iv_500-iv_508 | 2070 | 4544 | 42 | 86 |
| iv_500-iv_509 | 2066 | 4560 | 40 | 82 |
| iv_500-iv_503 | 2065 | 4314 | 40 | 79 |
| iv_500-iv_507 | 2062 | 4483 | 41 | 77 |
| iv_502-iv_509 | 2055 | 4390 | 42 | 82 |

### Input Bit Co-occurrences Sorted by Potential Occurrences

| Input Bits | Co-occurrences | Potential Occurrences | Output Co-occurrences | Potential Output Occurrences |
|:----------:|:--------------:|:---------------------:|:---------------------:|:----------------------------:|
| iv_506-iv_507 | 2097 | 4203 | 32 | 86 |
| iv_498-iv_506 | 1930 | 4253 | 34 | 90 |
| iv_499-iv_504 | 1906 | 4273 | 26 | 92 |
| iv_502-iv_503 | 1983 | 4286 | 40 | 83 |
| iv_499-iv_507 | 2016 | 4296 | 29 | 83 |
| iv_498-iv_501 | 1976 | 4301 | 48 | 71 |
| iv_501-iv_504 | 1993 | 4308 | 43 | 76 |
| iv_502-iv_504 | 1931 | 4310 | 43 | 80 |
| iv_500-iv_503 | 2065 | 4314 | 40 | 79 |
| iv_501-iv_502 | 2024 | 4322 | 43 | 82 |
| iv_499-iv_502 | 1919 | 4323 | 35 | 80 |
| iv_503-iv_511 | 2013 | 4323 | 38 | 74 |
| iv_504-iv_507 | 2006 | 4327 | 36 | 85 |

### Input Bit Output Co-occurrences Sorted by Output Co-occurrences

| Input Bits | Co-occurrences | Potential Occurrences | Output Co-occurrences | Potential Output Occurrences |
|:----------:|:--------------:|:---------------------:|:---------------------:|:----------------------------:|
| iv_497-iv_508 | 1998 | 4500 | 50 | 72 |
| iv_500-iv_502 | 2020 | 4400 | 48 | 72 |
| iv_498-iv_501 | 1976 | 4301 | 48 | 71 |
| iv_501-iv_508 | 2083 | 4448 | 48 | 74 |
| iv_497-iv_498 | 1900 | 4335 | 47 | 75 |
| iv_498-iv_508 | 1991 | 4393 | 47 | 79 |
| iv_504-iv_509 | 1985 | 4454 | 47 | 66 |
| iv_504-iv_508 | 1987 | 4442 | 46 | 76 |
| iv_497-iv_501 | 2016 | 4342 | 46 | 74 |
| iv_502-iv_508 | 1941 | 4610 | 45 | 84 |
| iv_507-iv_508 | 2144 | 4371 | 45 | 75 |
| iv_498-iv_500 | 1931 | 4461 | 45 | 77 |
| iv_503-iv_504 | 1897 | 4382 | 44 | 69 |

### Input Bit Output Co-occurrences Sorted by Potential Output Occurrences

| Input Bits | Co-occurrences | Potential Occurrences | Output Co-occurrences | Potential Output Occurrences |
|:----------:|:--------------:|:---------------------:|:---------------------:|:----------------------------:|
| iv_504-iv_509 | 1985 | 4454 | 47 | 66 |
| iv_503-iv_504 | 1897 | 4382 | 44 | 69 |
| iv_509-iv_511 | 2081 | 4435 | 42 | 69 |
| iv_499-iv_506 | 1875 | 4393 | 34 | 69 |
| iv_498-iv_511 | 1890 | 4448 | 44 | 70 |
| iv_498-iv_501 | 1976 | 4301 | 48 | 71 |
| iv_497-iv_508 | 1998 | 4500 | 50 | 72 |
| iv_500-iv_502 | 2020 | 4400 | 48 | 72 |
| iv_500-iv_511 | 1994 | 4549 | 41 | 73 |
| iv_497-iv_511 | 1941 | 4467 | 42 | 73 |
| iv_497-iv_501 | 2016 | 4342 | 46 | 74 |
| iv_499-iv_508 | 1973 | 4459 | 39 | 74 |
| iv_501-iv_508 | 2083 | 4448 | 48 | 74 |

## Output Bits

### Output Bits in Regular Order

| Rank | Output Bit | Complexity |
|:----:|:----------:|:----------:|
| 1 | ov_001 | 2.0208673287566998 × 10^308 |
| 2 | ov_002 | 1.7584791533081817 × 10^308 |
| 3 | ov_003 | 1.5229161182545722 × 10^308 |
| 4 | ov_004 | 1.312166272799795 × 10^308 |
| 5 | ov_005 | 1.1243278056901468 × 10^308 |
| 6 | ov_006 | 9.576012803980147 × 10^307 |
| 7 | ov_007 | 8.102828819189344 × 10^307 |
| 8 | ov_008 | 6.807585819914494 × 10^307 |
| 9 | ov_009 | 5.674991345426691 × 10^307 |
| 10 | ov_010 | 4.6905581797276116 × 10^307 |
| 11 | ov_011 | 3.8405684555158714 × 10^307 |
| 12 | ov_012 | 3.1120436973889834 × 10^307 |
| 13 | ov_013 | 2.492720106806219 × 10^307 |
| 14 | ov_014 | 1.9710284349889537 × 10^307 |
| 15 | ov_015 | 1.5360778330038816 × 10^307 |
| 16 | ov_016 | 1.1776431109079358 × 10^307 |
| 17 | ov_017 | 8.861548801511304 × 10^306 |
| 18 | ov_018 | 6.52692095529093 × 10^306 |
| 19 | ov_019 | 4.689765549228327 × 10^306 |
| 20 | ov_020 | 3.273689569119287 × 10^306 |
| 21 | ov_021 | 2.2086615813524985 × 10^306 |
| 22 | ov_022 | 1.4309931402447662 × 10^306 |
| 23 | ov_023 | 8.83326402161267 × 10^305 |
| 24 | ov_024 | 5.146260691098326 × 10^305 |
| 25 | ov_025 | 2.801744558686587 × 10^305 |
| 26 | ov_026 | 1.415687857856466 × 10^305 |
| 27 | ov_027 | 6.671991729447337 × 10^304 |
| 28 | ov_028 | 2.985184128581729 × 10^304 |
| 29 | ov_029 | 1.1501519156388696 × 10^304 |
| 30 | ov_030 | 3.515665813811085 × 10^303 |
| 31 | ov_031 | 6.856074184431124 × 10^302 |
| 32 | lv_80_m31 | 1.3367576938813191 × 10^302 |
| 33 | ov_033 | 1.6096432171607037 × 10^303 |
| 34 | ov_034 | 1.3977928417751774 × 10^303 |
| 35 | ov_035 | 1.2078890911806239 × 10^303 |
| 36 | ov_036 | 1.038270314840424 × 10^303 |
| 37 | ov_037 | 8.87365973984299 × 10^302 |
| 38 | ov_038 | 7.536902045872434 × 10^302 |
| 39 | ov_039 | 6.35836215049931 × 10^302 |
| 40 | ov_040 | 5.324714425347011 × 10^302 |
| 41 | ov_041 | 4.4233339584617105 × 10^302 |
| 42 | ov_042 | 3.6422611655696546 × 10^302 |
| 43 | ov_043 | 2.9701719379296664 × 10^302 |
| 44 | ov_044 | 2.396352717309864 × 10^302 |
| 45 | ov_045 | 1.9106799244333237 × 10^302 |
| 46 | ov_046 | 1.5036032026352515 × 10^302 |
| 47 | ov_047 | 1.1661319735742792 × 10^302 |
| 48 | ov_048 | 8.898248367344736 × 10^301 |
| 49 | ov_049 | 6.667813792081095 × 10^301 |
| 50 | ov_050 | 4.896359969060574 × 10^301 |
| 51 | ov_051 | 3.51553362930578 × 10^301 |
| 52 | ov_052 | 2.46225213383057 × 10^301 |
| 53 | ov_053 | 1.678681553808248 × 10^301 |
| 54 | ov_054 | 1.1122223653402095 × 10^301 |
| 55 | ov_055 | 7.155004959436339 × 10^300 |
| 56 | ov_056 | 4.4636188123117186 × 10^300 |
| 57 | ov_057 | 2.6786924371192672 × 10^300 |
| 58 | ov_058 | 1.48300294498661 × 10^300 |
| 59 | ov_059 | 7.309748123322181 × 10^299 |
| 60 | ov_060 | 3.031015051889051 × 10^299 |
| 61 | ov_061 | 1.059444374771432 × 10^299 |
| 62 | ov_062 | 2.908223197091998 × 10^298 |
| 63 | ov_063 | 5.672478016254915 × 10^297 |
| 64 | lv_79_m31 | 1.106182248738182 × 10^297 |
| 65 | ov_065 | 1.3317571246626533 × 10^298 |
| 66 | ov_066 | 1.3317534295157825 × 10^298 |
| 67 | ov_067 | 1.3317525369461469 × 10^298 |
| 68 | ov_068 | 1.1570350058072922 × 10^298 |
| 69 | ov_069 | 1.0002786550358702 × 10^298 |
| 70 | ov_070 | 8.60146273112701 × 10^297 |
| 71 | ov_071 | 7.353713710299504 × 10^297 |
| 72 | ov_072 | 6.247531461396398 × 10^297 |
| 73 | ov_073 | 5.2715216606771283 × 10^297 |
| 74 | ov_074 | 4.4148670182150334 × 10^297 |
| 75 | ov_075 | 3.667296429992846 × 10^297 |
| 76 | ov_076 | 3.019059316409454 × 10^297 |
| 77 | ov_077 | 2.460904547647195 × 10^297 |
| 78 | ov_078 | 1.984063390393268 × 10^297 |
| 79 | ov_079 | 1.5802359436365924 × 10^297 |
| 80 | ov_080 | 1.2415805638420917 × 10^297 |
| 81 | ov_081 | 9.607058118824203 × 10^296 |
| 82 | ov_082 | 7.306644858034662 × 10^296 |
| 83 | ov_083 | 5.449493349138621 × 10^296 |
| 84 | ov_084 | 3.974900818999058 × 10^296 |
| 85 | ov_085 | 2.826514107379462 × 10^296 |
| 86 | ov_086 | 1.952316091531623 × 10^296 |
| 87 | ov_087 | 1.3046161068619895 × 10^296 |
| 88 | ov_088 | 8.400428464142512 × 10^295 |
| 89 | ov_089 | 5.195391381677511 × 10^295 |
| 90 | ov_090 | 3.083582917399529 × 10^295 |
| 91 | ov_091 | 1.7606170611563955 × 10^295 |
| 92 | ov_092 | 9.651743261370465 × 10^294 |
| 93 | ov_093 | 4.789940248557947 × 10^294 |
| 94 | ov_094 | 2.0370987641885375 × 10^294 |
| 95 | aaa_78_28 | 6.248268346483189 × 10^293 |
| 96 | aaa_78_29 | 1.898651817260271 × 10^293 |
| 97 | ov_097 | 1.0377009674472686 × 10^293 |
| 98 | ov_098 | 1.0376958162928077 × 10^293 |
| 99 | ov_099 | 1.0376941667911064 × 10^293 |
| 100 | ov_100 | 8.914376798011763 × 10^292 |
| 101 | ov_101 | 7.612618749221894 × 10^292 |
| 102 | ov_102 | 6.459001947795272 × 10^292 |
| 103 | ov_103 | 5.441563985943581 × 10^292 |
| 104 | ov_104 | 4.5489943497664233 × 10^292 |
| 105 | ov_105 | 3.7705896484617224 × 10^292 |
| 106 | ov_106 | 3.0962147624295 × 10^292 |
| 107 | ov_107 | 2.516269358554292 × 10^292 |
| 108 | ov_108 | 2.0216592504425051 × 10^292 |
| 109 | ov_109 | 1.6037721099151013 × 10^292 |
| 110 | ov_110 | 1.25445706379902 × 10^292 |
| 111 | ov_111 | 9.660077371843788 × 10^291 |
| 112 | ov_112 | 7.311483309568742 × 10^291 |
| 113 | ov_113 | 5.430223476920902 × 10^291 |
| 114 | ov_114 | 3.9518360600693224 × 10^291 |
| 115 | ov_115 | 2.8158920928099918 × 10^291 |
| 116 | ov_116 | 1.9659416034870848 × 10^291 |
| 117 | ov_117 | 1.3494733936788044 × 10^291 |
| 118 | ov_118 | 9.178858762561145 × 10^290 |
| 119 | ov_119 | 6.2646665569687335 × 10^290 |
| 120 | ov_120 | 4.3437878866541804 × 10^290 |
| 121 | ov_121 | 3.046519179171624 × 10^290 |
| 122 | ov_122 | 2.0417672759429847 × 10^290 |
| 123 | ov_123 | 1.2909758038959936 × 10^290 |
| 124 | ov_124 | 7.555988654713399 × 10^289 |
| 125 | ov_125 | 3.970951430994269 × 10^289 |
| 126 | ov_126 | 1.7692488816457398 × 10^289 |
| 127 | aaa_77_28 | 5.654876359968173 × 10^288 |
| 128 | aaa_77_29 | 2.123060448250383 × 10^288 |
| 129 | ov_129 | 1.9806617085268424 × 10^288 |
| 130 | ov_130 | 1.980656126793725 × 10^288 |
| 131 | ov_131 | 1.980654775423708 × 10^288 |
| 132 | ov_132 | 1.723406300094617 × 10^288 |
| 133 | ov_133 | 1.4921478501213485 × 10^288 |
| 134 | ov_134 | 1.2848639517325734 × 10^288 |
| 135 | ov_135 | 1.0996488459609585 × 10^288 |
| 136 | ov_136 | 9.3469867582616 × 10^287 |
| 137 | ov_137 | 7.891360795152904 × 10^287 |
| 138 | ov_138 | 6.613416118865722 × 10^287 |
| 139 | ov_139 | 5.497801268400587 × 10^287 |
| 140 | ov_140 | 4.529965526501046 × 10^287 |
| 141 | ov_141 | 3.696123496554805 × 10^287 |
| 142 | ov_142 | 2.983225737523007 × 10^287 |
| 143 | ov_143 | 2.3789347363325175 × 10^287 |
| 144 | ov_144 | 1.871605541586587 × 10^287 |
| 145 | ov_145 | 1.4502704264692009 × 10^287 |
| 146 | ov_146 | 1.1046269924654806 × 10^287 |
| 147 | ov_147 | 8.250291690910086 × 10^286 |
| 148 | ov_148 | 6.024806082852879 × 10^286 |
| 149 | ov_149 | 4.2863001552289473 × 10^286 |
| 150 | ov_150 | 2.957680030562173 × 10^286 |
| 151 | ov_151 | 1.9682509404010127 × 10^286 |
| 152 | ov_152 | 1.2537054960965153 × 10^286 |
| 153 | ov_153 | 7.561173429352429 × 10^285 |
| 154 | ov_154 | 4.239378811945997 × 10^285 |
| 155 | ov_155 | 2.1199449627284396 × 10^285 |
| 156 | aaa_76_25 | 8.14895951546313 × 10^284 |
| 157 | aaa_76_26 | 4.709229009816641 × 10^284 |
| 158 | aaa_76_27 | 2.4125924309560818 × 10^284 |
| 159 | aaa_76_28 | 9.403451919778915 × 10^283 |
| 160 | aaa_76_29 | 2.862879125276539 × 10^283 |

### Output Bits Sorted by Complexity

| Rank | Output Bit | Complexity |
|:----:|:----------:|:----------:|
| 160 | aaa_76_29 | 2.862879125276539 × 10^283 |
| 159 | aaa_76_28 | 9.403451919778915 × 10^283 |
| 158 | aaa_76_27 | 2.4125924309560818 × 10^284 |
| 157 | aaa_76_26 | 4.709229009816641 × 10^284 |
| 156 | aaa_76_25 | 8.14895951546313 × 10^284 |
| 155 | ov_155 | 2.1199449627284396 × 10^285 |
| 154 | ov_154 | 4.239378811945997 × 10^285 |
| 153 | ov_153 | 7.561173429352429 × 10^285 |
| 152 | ov_152 | 1.2537054960965153 × 10^286 |
| 151 | ov_151 | 1.9682509404010127 × 10^286 |
| 150 | ov_150 | 2.957680030562173 × 10^286 |
| 149 | ov_149 | 4.2863001552289473 × 10^286 |
| 148 | ov_148 | 6.024806082852879 × 10^286 |
| 147 | ov_147 | 8.250291690910086 × 10^286 |
| 146 | ov_146 | 1.1046269924654806 × 10^287 |
| 145 | ov_145 | 1.4502704264692009 × 10^287 |
| 144 | ov_144 | 1.871605541586587 × 10^287 |
| 143 | ov_143 | 2.3789347363325175 × 10^287 |
| 142 | ov_142 | 2.983225737523007 × 10^287 |
| 141 | ov_141 | 3.696123496554805 × 10^287 |
| 140 | ov_140 | 4.529965526501046 × 10^287 |
| 139 | ov_139 | 5.497801268400587 × 10^287 |
| 138 | ov_138 | 6.613416118865722 × 10^287 |
| 137 | ov_137 | 7.891360795152904 × 10^287 |
| 136 | ov_136 | 9.3469867582616 × 10^287 |
| 135 | ov_135 | 1.0996488459609585 × 10^288 |
| 134 | ov_134 | 1.2848639517325734 × 10^288 |
| 133 | ov_133 | 1.4921478501213485 × 10^288 |
| 132 | ov_132 | 1.723406300094617 × 10^288 |
| 131 | ov_131 | 1.980654775423708 × 10^288 |
| 130 | ov_130 | 1.980656126793725 × 10^288 |
| 129 | ov_129 | 1.9806617085268424 × 10^288 |
| 128 | aaa_77_29 | 2.123060448250383 × 10^288 |
| 127 | aaa_77_28 | 5.654876359968173 × 10^288 |
| 126 | ov_126 | 1.7692488816457398 × 10^289 |
| 125 | ov_125 | 3.970951430994269 × 10^289 |
| 124 | ov_124 | 7.555988654713399 × 10^289 |
| 123 | ov_123 | 1.2909758038959936 × 10^290 |
| 122 | ov_122 | 2.0417672759429847 × 10^290 |
| 121 | ov_121 | 3.046519179171624 × 10^290 |
| 120 | ov_120 | 4.3437878866541804 × 10^290 |
| 119 | ov_119 | 6.2646665569687335 × 10^290 |
| 118 | ov_118 | 9.178858762561145 × 10^290 |
| 117 | ov_117 | 1.3494733936788044 × 10^291 |
| 116 | ov_116 | 1.9659416034870848 × 10^291 |
| 115 | ov_115 | 2.8158920928099918 × 10^291 |
| 114 | ov_114 | 3.9518360600693224 × 10^291 |
| 113 | ov_113 | 5.430223476920902 × 10^291 |
| 112 | ov_112 | 7.311483309568742 × 10^291 |
| 111 | ov_111 | 9.660077371843788 × 10^291 |
| 110 | ov_110 | 1.25445706379902 × 10^292 |
| 109 | ov_109 | 1.6037721099151013 × 10^292 |
| 108 | ov_108 | 2.0216592504425051 × 10^292 |
| 107 | ov_107 | 2.516269358554292 × 10^292 |
| 106 | ov_106 | 3.0962147624295 × 10^292 |
| 105 | ov_105 | 3.7705896484617224 × 10^292 |
| 104 | ov_104 | 4.5489943497664233 × 10^292 |
| 103 | ov_103 | 5.441563985943581 × 10^292 |
| 102 | ov_102 | 6.459001947795272 × 10^292 |
| 101 | ov_101 | 7.612618749221894 × 10^292 |
| 100 | ov_100 | 8.914376798011763 × 10^292 |
| 99 | ov_099 | 1.0376941667911064 × 10^293 |
| 98 | ov_098 | 1.0376958162928077 × 10^293 |
| 97 | ov_097 | 1.0377009674472686 × 10^293 |
| 96 | aaa_78_29 | 1.898651817260271 × 10^293 |
| 95 | aaa_78_28 | 6.248268346483189 × 10^293 |
| 94 | ov_094 | 2.0370987641885375 × 10^294 |
| 93 | ov_093 | 4.789940248557947 × 10^294 |
| 92 | ov_092 | 9.651743261370465 × 10^294 |
| 91 | ov_091 | 1.7606170611563955 × 10^295 |
| 90 | ov_090 | 3.083582917399529 × 10^295 |
| 89 | ov_089 | 5.195391381677511 × 10^295 |
| 88 | ov_088 | 8.400428464142512 × 10^295 |
| 87 | ov_087 | 1.3046161068619895 × 10^296 |
| 86 | ov_086 | 1.952316091531623 × 10^296 |
| 85 | ov_085 | 2.826514107379462 × 10^296 |
| 84 | ov_084 | 3.974900818999058 × 10^296 |
| 83 | ov_083 | 5.449493349138621 × 10^296 |
| 82 | ov_082 | 7.306644858034662 × 10^296 |
| 81 | ov_081 | 9.607058118824203 × 10^296 |
| 64 | lv_79_m31 | 1.106182248738182 × 10^297 |
| 80 | ov_080 | 1.2415805638420917 × 10^297 |
| 79 | ov_079 | 1.5802359436365924 × 10^297 |
| 78 | ov_078 | 1.984063390393268 × 10^297 |
| 77 | ov_077 | 2.460904547647195 × 10^297 |
| 76 | ov_076 | 3.019059316409454 × 10^297 |
| 75 | ov_075 | 3.667296429992846 × 10^297 |
| 74 | ov_074 | 4.4148670182150334 × 10^297 |
| 73 | ov_073 | 5.2715216606771283 × 10^297 |
| 63 | ov_063 | 5.672478016254915 × 10^297 |
| 72 | ov_072 | 6.247531461396398 × 10^297 |
| 71 | ov_071 | 7.353713710299504 × 10^297 |
| 70 | ov_070 | 8.60146273112701 × 10^297 |
| 69 | ov_069 | 1.0002786550358702 × 10^298 |
| 68 | ov_068 | 1.1570350058072922 × 10^298 |
| 67 | ov_067 | 1.3317525369461469 × 10^298 |
| 66 | ov_066 | 1.3317534295157825 × 10^298 |
| 65 | ov_065 | 1.3317571246626533 × 10^298 |
| 62 | ov_062 | 2.908223197091998 × 10^298 |
| 61 | ov_061 | 1.059444374771432 × 10^299 |
| 60 | ov_060 | 3.031015051889051 × 10^299 |
| 59 | ov_059 | 7.309748123322181 × 10^299 |
| 58 | ov_058 | 1.48300294498661 × 10^300 |
| 57 | ov_057 | 2.6786924371192672 × 10^300 |
| 56 | ov_056 | 4.4636188123117186 × 10^300 |
| 55 | ov_055 | 7.155004959436339 × 10^300 |
| 54 | ov_054 | 1.1122223653402095 × 10^301 |
| 53 | ov_053 | 1.678681553808248 × 10^301 |
| 52 | ov_052 | 2.46225213383057 × 10^301 |
| 51 | ov_051 | 3.51553362930578 × 10^301 |
| 50 | ov_050 | 4.896359969060574 × 10^301 |
| 49 | ov_049 | 6.667813792081095 × 10^301 |
| 48 | ov_048 | 8.898248367344736 × 10^301 |
| 47 | ov_047 | 1.1661319735742792 × 10^302 |
| 32 | lv_80_m31 | 1.3367576938813191 × 10^302 |
| 46 | ov_046 | 1.5036032026352515 × 10^302 |
| 45 | ov_045 | 1.9106799244333237 × 10^302 |
| 44 | ov_044 | 2.396352717309864 × 10^302 |
| 43 | ov_043 | 2.9701719379296664 × 10^302 |
| 42 | ov_042 | 3.6422611655696546 × 10^302 |
| 41 | ov_041 | 4.4233339584617105 × 10^302 |
| 40 | ov_040 | 5.324714425347011 × 10^302 |
| 39 | ov_039 | 6.35836215049931 × 10^302 |
| 31 | ov_031 | 6.856074184431124 × 10^302 |
| 38 | ov_038 | 7.536902045872434 × 10^302 |
| 37 | ov_037 | 8.87365973984299 × 10^302 |
| 36 | ov_036 | 1.038270314840424 × 10^303 |
| 35 | ov_035 | 1.2078890911806239 × 10^303 |
| 34 | ov_034 | 1.3977928417751774 × 10^303 |
| 33 | ov_033 | 1.6096432171607037 × 10^303 |
| 30 | ov_030 | 3.515665813811085 × 10^303 |
| 29 | ov_029 | 1.1501519156388696 × 10^304 |
| 28 | ov_028 | 2.985184128581729 × 10^304 |
| 27 | ov_027 | 6.671991729447337 × 10^304 |
| 26 | ov_026 | 1.415687857856466 × 10^305 |
| 25 | ov_025 | 2.801744558686587 × 10^305 |
| 24 | ov_024 | 5.146260691098326 × 10^305 |
| 23 | ov_023 | 8.83326402161267 × 10^305 |
| 22 | ov_022 | 1.4309931402447662 × 10^306 |
| 21 | ov_021 | 2.2086615813524985 × 10^306 |
| 20 | ov_020 | 3.273689569119287 × 10^306 |
| 19 | ov_019 | 4.689765549228327 × 10^306 |
| 18 | ov_018 | 6.52692095529093 × 10^306 |
| 17 | ov_017 | 8.861548801511304 × 10^306 |
| 16 | ov_016 | 1.1776431109079358 × 10^307 |
| 15 | ov_015 | 1.5360778330038816 × 10^307 |
| 14 | ov_014 | 1.9710284349889537 × 10^307 |
| 13 | ov_013 | 2.492720106806219 × 10^307 |
| 12 | ov_012 | 3.1120436973889834 × 10^307 |
| 11 | ov_011 | 3.8405684555158714 × 10^307 |
| 10 | ov_010 | 4.6905581797276116 × 10^307 |
| 9 | ov_009 | 5.674991345426691 × 10^307 |
| 8 | ov_008 | 6.807585819914494 × 10^307 |
| 7 | ov_007 | 8.102828819189344 × 10^307 |
| 6 | ov_006 | 9.576012803980147 × 10^307 |
| 5 | ov_005 | 1.1243278056901468 × 10^308 |
| 4 | ov_004 | 1.312166272799795 × 10^308 |
| 3 | ov_003 | 1.5229161182545722 × 10^308 |
| 2 | ov_002 | 1.7584791533081817 × 10^308 |
| 1 | ov_001 | 2.0208673287566998 × 10^308 |

