# Results for F001-F002-F003-F004-F005-F006-F007-F008-F009-F010-F011-F012-F013-F014-F015-F016-F017-F018-F019-F020-F021-F022-F023-F024-F025-F026-F027-F028-F029-F030-F031-F032-F033-F034-F035-F036-F037-F038-F039-F040-F041-F042-F043-F044-F045-F046-F047-F048-F049-F050-F051-F052-F053-F054-F055-F056-F057-F058-F059-F060-F061-F062-F063-F064-F065-F066-F067-F068-F069-F070-F071-F072-F073-F074-F075-F076-F077-F078-F079-F080-F081-F082-F083-F084-F085-F086-F087-F088-F089-F090-F091-F092-F093-F094-F095-F096-F097-F098-F099-F100-F101-F102-F103-F104-F105-F106-F107-F108-F109-F110-F111-F112-F113-F114-F115-F116-F117-F118-F119-F120-F121-F122-F123-F124-F125-F126-F127-F128-F129-F130-F131-F132-F133-F134-F135-F136-F137-F138-F139-F140-F141-F142-F143-F144-F145-F146-F147-F148-F149-F150-F151-F152-F153-F154-F155-F156-F157-F158-F159-F160-F161-F162-F163-F164-F165-F166-F167-F168-F169-F170-F171-F172-F173-F174-F175-F176-F177-F178-F179-F180-F181-F182-F183-F184-F185-F186-F187-F188-F189-F190-F191-F192-F193-F194-F195-F196-F197-F198-F199-F200-F201-F202-F203-F204-F205-F206-F207-F208-F209-F210-F211-F212-F213-F214-F215-F216-F217-F218-F219-F220-F221-F222-F223-F224-F225-F226-F227-F228-F229-F230-F231-F232-F233-F234-F235-F236-F237-F238-F239-F240-F241-F242-F243-F244-F245-F246-F247-F248-F249-F250-F251-F252-F253-F254-F255-F256-F257-F258-F259-F260-F261-F262-F263-F264-F265-F266-F267-F268-F269-F270-F271-F272-F273-F274-F275-F276-F277-F278-F279-F280-F281-F282-F283-F284-F285-F286-F287-F288-F289-F290-F291-F292-F293-F294-F295-F296-F297-F298-F299-F300-F301-F302-F303-F304-F305-F306-F307-F308-F309-F310-F311-F312-F313-F314-F315-F316-F317-F318-F319-F320-F321-F322-F323-F324-F325-F326-F327-F328-F329-F330-F331-F332-F333-F334-F335-F336-F337-F338-F339-F340-F341-F342-F343-F344-F345-F346-F347-F348-F349-F350-F351-F352-F353-F354-F355-F356-F357-F358-F359-F360-F361-F362-F363-F364-F365-F366-F367-F368-F369-F370-F371-F372-F373-F374-F375-F376-F377-F378-F379-F380-F381-F382-F383-F384-F385-F386-F387-F388-F389-F390-F391-F392-F393-F394-F395-F396-F397-F398-F399-F400-F401-F402-F403-F404-F405-F406-F407-F408-F409-F410-F411-F412-F413-F414-F415-F416-F417-F418-F419-F420-F421-F422-F423-F424-F425-F426-F427-F428-F429-F430-F431-F432-F433-F434-F435-F436-F437-F438-F439-F440-F441-F442-F443-F444-F445-F446-F447-F448-F449-F450-F451-F452-F453-F454-F455-F456-F457-F458-F459-F460-F461-F462-F463-F464-F465-F466-F467-F468-F469-F470-F471-F472-F473-F474-F475-F476-F477-F478-F479-F480-F481-F482-F483-F484-F485-F486-F487-F488-F489-F490-F491-F492-F493-F494-F495-F496-F509-F510-F512

## Summary

Number of input bits: 512  
Number of free input bits: 13  
Number of output bits: 160

Number of direct occurrences: 52946  
Number of assignments: 31565  
Number of operations: 11160644
(xor: 11132308,
and: 14900,
or: 13436)

Total complexity: 1.9141102926741148 × 10^300

Least occurring input variable: iv_502 (3896)  
Most occurring input variable: iv_511 (4312)

Most co-occurring input variables: iv_500-iv_511 (2081)  
Least co-occurring input variables: iv_498-iv_502 (1768)

Potentially most occurring input variable: iv_508/iv_511 (4508)  
Potentially least occurring input variable: iv_504/iv_505 (4026)

Least output occurring input variable: iv_505 (72)  
Most output occurring input variable: iv_497 (93)

Most output co-occurring input variables: iv_497-iv_502 (52)  
Least output co-occurring input variables: iv_503-iv_505 (30)

Potentially most output occurring input variable: iv_497/iv_500 (91)  
Potentially least output occurring input variable: iv_499/iv_505 (57)

Least complex input bit: iv_511 (2.761051697766625 × 10^296)  
Most complex input bit: iv_505 (4.026247742726643 × 10^299)

Least complex output bit: aaa_76_29 (3.6641533236648526 × 10^275)  
Most complex output bit: ov_001 (2.9924023506792215 × 10^299)

Least complex input/output complexity: iv_511/aaa_76_29 (5.2854408619516864 × 10^271)  
Most complex input/output complexity: iv_505/ov_001 (6.294388184350769 × 10^298)

## Input Bits

### Input Bits in Regular Order

| Input Bit | Complexity | Occurrences | Output Occurrences |
|:---------:|:----------:|:-----------:|:------------------:|
| iv_497 | 6.712132744614547 × 10^297 | 4146 | 93 |
| iv_498 | 1.3438788413508588 × 10^298 | 3945 | 88 |
| iv_499 | 2.3755674223520357 × 10^298 | 3957 | 81 |
| iv_500 | 4.006051196144121 × 10^298 | 4125 | 76 |
| iv_501 | 6.618677338037524 × 10^298 | 4092 | 83 |
| iv_502 | 1.0695946861515645 × 10^299 | 3896 | 82 |
| iv_503 | 1.6963184903272327 × 10^299 | 4059 | 79 |
| iv_504 | 2.6371984500835575 × 10^299 | 3938 | 78 |
| iv_505 | 4.026247742726643 × 10^299 | 4100 | 72 |
| iv_506 | 2.016076183825506 × 10^299 | 3978 | 82 |
| iv_507 | 2.867848044114075 × 10^299 | 4192 | 76 |
| iv_508 | 3.323519470580169 × 10^299 | 4206 | 81 |
| iv_511 | 2.761051697766625 × 10^296 | 4312 | 80 |

### Input Bits Sorted by Complexity

| Input Bit | Complexity | Occurrences | Output Occurrences |
|:---------:|:----------:|:-----------:|:------------------:|
| iv_511 | 2.761051697766625 × 10^296 | 4312 | 80 |
| iv_497 | 6.712132744614547 × 10^297 | 4146 | 93 |
| iv_498 | 1.3438788413508588 × 10^298 | 3945 | 88 |
| iv_499 | 2.3755674223520357 × 10^298 | 3957 | 81 |
| iv_500 | 4.006051196144121 × 10^298 | 4125 | 76 |
| iv_501 | 6.618677338037524 × 10^298 | 4092 | 83 |
| iv_502 | 1.0695946861515645 × 10^299 | 3896 | 82 |
| iv_503 | 1.6963184903272327 × 10^299 | 4059 | 79 |
| iv_506 | 2.016076183825506 × 10^299 | 3978 | 82 |
| iv_504 | 2.6371984500835575 × 10^299 | 3938 | 78 |
| iv_507 | 2.867848044114075 × 10^299 | 4192 | 76 |
| iv_508 | 3.323519470580169 × 10^299 | 4206 | 81 |
| iv_505 | 4.026247742726643 × 10^299 | 4100 | 72 |

### Input Bits Sorted by Occurrences

| Input Bit | Complexity | Occurrences | Output Occurrences |
|:---------:|:----------:|:-----------:|:------------------:|
| iv_502 | 1.0695946861515645 × 10^299 | 3896 | 82 |
| iv_504 | 2.6371984500835575 × 10^299 | 3938 | 78 |
| iv_498 | 1.3438788413508588 × 10^298 | 3945 | 88 |
| iv_499 | 2.3755674223520357 × 10^298 | 3957 | 81 |
| iv_506 | 2.016076183825506 × 10^299 | 3978 | 82 |
| iv_503 | 1.6963184903272327 × 10^299 | 4059 | 79 |
| iv_501 | 6.618677338037524 × 10^298 | 4092 | 83 |
| iv_505 | 4.026247742726643 × 10^299 | 4100 | 72 |
| iv_500 | 4.006051196144121 × 10^298 | 4125 | 76 |
| iv_497 | 6.712132744614547 × 10^297 | 4146 | 93 |
| iv_507 | 2.867848044114075 × 10^299 | 4192 | 76 |
| iv_508 | 3.323519470580169 × 10^299 | 4206 | 81 |
| iv_511 | 2.761051697766625 × 10^296 | 4312 | 80 |

### Input Bits Sorted by Output Occurrences

| Input Bit | Complexity | Occurrences | Output Occurrences |
|:---------:|:----------:|:-----------:|:------------------:|
| iv_505 | 4.026247742726643 × 10^299 | 4100 | 72 |
| iv_500 | 4.006051196144121 × 10^298 | 4125 | 76 |
| iv_507 | 2.867848044114075 × 10^299 | 4192 | 76 |
| iv_504 | 2.6371984500835575 × 10^299 | 3938 | 78 |
| iv_503 | 1.6963184903272327 × 10^299 | 4059 | 79 |
| iv_511 | 2.761051697766625 × 10^296 | 4312 | 80 |
| iv_499 | 2.3755674223520357 × 10^298 | 3957 | 81 |
| iv_508 | 3.323519470580169 × 10^299 | 4206 | 81 |
| iv_502 | 1.0695946861515645 × 10^299 | 3896 | 82 |
| iv_506 | 2.016076183825506 × 10^299 | 3978 | 82 |
| iv_501 | 6.618677338037524 × 10^298 | 4092 | 83 |
| iv_498 | 1.3438788413508588 × 10^298 | 3945 | 88 |
| iv_497 | 6.712132744614547 × 10^297 | 4146 | 93 |

## Input Bit Co-occurrences

### Input Bit Co-occurrences Sorted by Co-occurrences

| Input Bits | Co-occurrences | Potential Occurrences | Output Co-occurrences | Potential Output Occurrences |
|:----------:|:--------------:|:---------------------:|:---------------------:|:----------------------------:|
| iv_500-iv_511 | 2081 | 4275 | 38 | 80 |
| iv_507-iv_508 | 2054 | 4290 | 43 | 71 |
| iv_505-iv_507 | 2051 | 4190 | 31 | 86 |
| iv_497-iv_507 | 2050 | 4238 | 44 | 81 |
| iv_501-iv_505 | 2039 | 4114 | 41 | 73 |
| iv_501-iv_511 | 2034 | 4336 | 39 | 85 |
| iv_503-iv_511 | 2029 | 4313 | 41 | 77 |
| iv_507-iv_511 | 2015 | 4474 | 39 | 78 |
| iv_497-iv_511 | 2010 | 4438 | 47 | 79 |
| iv_497-iv_501 | 2008 | 4222 | 48 | 80 |
| iv_504-iv_505 | 2006 | 4026 | 39 | 72 |
| iv_508-iv_511 | 2005 | 4508 | 40 | 81 |
| iv_505-iv_511 | 2001 | 4410 | 36 | 80 |

### Input Bit Co-occurrences Sorted by Potential Occurrences

| Input Bits | Co-occurrences | Potential Occurrences | Output Co-occurrences | Potential Output Occurrences |
|:----------:|:--------------:|:---------------------:|:---------------------:|:----------------------------:|
| iv_504-iv_505 | 2006 | 4026 | 39 | 72 |
| iv_501-iv_505 | 2039 | 4114 | 41 | 73 |
| iv_502-iv_505 | 1924 | 4148 | 37 | 80 |
| iv_499-iv_504 | 1868 | 4159 | 38 | 83 |
| iv_504-iv_506 | 1878 | 4160 | 42 | 76 |
| iv_506-iv_507 | 1997 | 4176 | 39 | 80 |
| iv_499-iv_501 | 1932 | 4185 | 44 | 76 |
| iv_498-iv_504 | 1847 | 4189 | 46 | 74 |
| iv_505-iv_507 | 2051 | 4190 | 31 | 86 |
| iv_499-iv_505 | 1930 | 4197 | 48 | 57 |
| iv_500-iv_503 | 1989 | 4206 | 41 | 73 |
| iv_499-iv_503 | 1902 | 4212 | 44 | 72 |
| iv_497-iv_506 | 1955 | 4214 | 51 | 73 |

### Input Bit Output Co-occurrences Sorted by Output Co-occurrences

| Input Bits | Co-occurrences | Potential Occurrences | Output Co-occurrences | Potential Output Occurrences |
|:----------:|:--------------:|:---------------------:|:---------------------:|:----------------------------:|
| iv_497-iv_502 | 1905 | 4232 | 52 | 71 |
| iv_497-iv_506 | 1955 | 4214 | 51 | 73 |
| iv_497-iv_504 | 1929 | 4226 | 50 | 71 |
| iv_497-iv_498 | 1893 | 4305 | 50 | 81 |
| iv_498-iv_499 | 1833 | 4236 | 48 | 73 |
| iv_498-iv_501 | 1873 | 4291 | 48 | 75 |
| iv_498-iv_505 | 1901 | 4243 | 48 | 64 |
| iv_499-iv_505 | 1930 | 4197 | 48 | 57 |
| iv_497-iv_501 | 2008 | 4222 | 48 | 80 |
| iv_497-iv_503 | 1949 | 4307 | 48 | 76 |
| iv_497-iv_511 | 2010 | 4438 | 47 | 79 |
| iv_498-iv_502 | 1768 | 4305 | 46 | 78 |
| iv_498-iv_504 | 1847 | 4189 | 46 | 74 |

### Input Bit Output Co-occurrences Sorted by Potential Output Occurrences

| Input Bits | Co-occurrences | Potential Occurrences | Output Co-occurrences | Potential Output Occurrences |
|:----------:|:--------------:|:---------------------:|:---------------------:|:----------------------------:|
| iv_499-iv_505 | 1930 | 4197 | 48 | 57 |
| iv_498-iv_505 | 1901 | 4243 | 48 | 64 |
| iv_497-iv_504 | 1929 | 4226 | 50 | 71 |
| iv_497-iv_502 | 1905 | 4232 | 52 | 71 |
| iv_507-iv_508 | 2054 | 4290 | 43 | 71 |
| iv_499-iv_503 | 1902 | 4212 | 44 | 72 |
| iv_502-iv_511 | 1924 | 4360 | 45 | 72 |
| iv_504-iv_505 | 2006 | 4026 | 39 | 72 |
| iv_498-iv_499 | 1833 | 4236 | 48 | 73 |
| iv_499-iv_500 | 1899 | 4284 | 42 | 73 |
| iv_500-iv_503 | 1989 | 4206 | 41 | 73 |
| iv_501-iv_505 | 2039 | 4114 | 41 | 73 |
| iv_503-iv_504 | 1859 | 4279 | 42 | 73 |

## Output Bits

### Output Bits in Regular Order

| Rank | Output Bit | Complexity |
|:----:|:----------:|:----------:|
| 1 | ov_001 | 2.9924023506792215 × 10^299 |
| 2 | ov_002 | 2.6039067664743015 × 10^299 |
| 3 | ov_003 | 2.255118326878916 × 10^299 |
| 4 | ov_004 | 1.9430605096386155 × 10^299 |
| 5 | ov_005 | 1.6649198919211558 × 10^299 |
| 6 | ov_006 | 1.418034535951575 × 10^299 |
| 7 | ov_007 | 1.1998838535359811 × 10^299 |
| 8 | ov_008 | 1.0080798544007164 × 10^299 |
| 9 | ov_009 | 8.403596725590372 × 10^298 |
| 10 | ov_010 | 6.945792455724935 × 10^298 |
| 11 | ov_011 | 5.687080201857187 × 10^298 |
| 12 | ov_012 | 4.6082456508446724 × 10^298 |
| 13 | ov_013 | 3.691129786503545 × 10^298 |
| 14 | ov_014 | 2.9185998659426556 × 10^298 |
| 15 | ov_015 | 2.2745263127084293 × 10^298 |
| 16 | ov_016 | 1.7437646133099168 × 10^298 |
| 17 | ov_017 | 1.312141371756738 × 10^298 |
| 18 | ov_018 | 9.664437444627672 × 10^297 |
| 19 | ov_019 | 6.944115453517288 × 10^297 |
| 20 | ov_020 | 4.847314101036961 × 10^297 |
| 21 | ov_021 | 3.2703256684223874 × 10^297 |
| 22 | ov_022 | 2.1188388289058992 × 10^297 |
| 23 | ov_023 | 1.3079187999670736 × 10^297 |
| 24 | ov_024 | 7.619944398630244 × 10^296 |
| 25 | ov_025 | 4.14850351293766 × 10^296 |
| 26 | ov_026 | 2.096225554623367 × 10^296 |
| 27 | ov_027 | 9.879645647388797 × 10^295 |
| 28 | ov_028 | 4.4206038617852435 × 10^295 |
| 29 | ov_029 | 1.703360794791582 × 10^295 |
| 30 | ov_030 | 5.207384510187505 × 10^294 |
| 31 | ov_031 | 1.0157397596334172 × 10^294 |
| 32 | lv_80_m31 | 1.980957558135783 × 10^293 |
| 33 | ov_033 | 2.3850107608584626 × 10^294 |
| 34 | ov_034 | 2.0710389486645676 × 10^294 |
| 35 | ov_035 | 1.7898835403184597 × 10^294 |
| 36 | ov_036 | 1.538885014413778 × 10^294 |
| 37 | ov_037 | 1.3155282780963822 × 10^294 |
| 38 | ov_038 | 1.1174325222670795 × 10^294 |
| 39 | ov_039 | 9.423424274797356 × 10^293 |
| 40 | ov_040 | 7.881205906592478 × 10^293 |
| 41 | ov_041 | 6.527410506847993 × 10^293 |
| 42 | ov_042 | 5.3521794317081295 × 10^293 |
| 43 | ov_043 | 4.3461712334012075 × 10^293 |
| 44 | ov_044 | 3.4921742398676412 × 10^293 |
| 45 | ov_045 | 2.7739202731335475 × 10^293 |
| 46 | ov_046 | 2.1760590663707085 × 10^293 |
| 47 | ov_047 | 1.6841378180827853 × 10^293 |
| 48 | ov_048 | 1.2845851284777432 × 10^293 |
| 49 | ov_049 | 9.646986213629268 × 10^292 |
| 50 | ov_050 | 7.12635612099767 × 10^292 |
| 51 | ov_051 | 5.174062385173502 × 10^292 |
| 52 | ov_052 | 3.688685274141033 × 10^292 |
| 53 | ov_053 | 2.577249471947455 × 10^292 |
| 54 | ov_054 | 1.755200974389373 × 10^292 |
| 55 | ov_055 | 1.1463924095558522 × 10^292 |
| 56 | ov_056 | 7.148503506388707 × 10^291 |
| 57 | ov_057 | 4.287985033844757 × 10^291 |
| 58 | ov_058 | 2.372687315908016 × 10^291 |
| 59 | ov_059 | 1.1687402766474304 × 10^291 |
| 60 | ov_060 | 4.8421020296647325 × 10^290 |
| 61 | ov_061 | 1.6909795750159569 × 10^290 |
| 62 | ov_062 | 4.637680043413676 × 10^289 |
| 63 | ov_063 | 9.037201101593058 × 10^288 |
| 64 | lv_79_m31 | 1.7606674870475613 × 10^288 |
| 65 | ov_065 | 2.111002213698255 × 10^289 |
| 66 | ov_066 | 2.1109957790290377 × 10^289 |
| 67 | ov_067 | 2.1109942042291324 × 10^289 |
| 68 | ov_068 | 1.8279267363784231 × 10^289 |
| 69 | ov_069 | 1.5751181257636472 × 10^289 |
| 70 | ov_070 | 1.350130986189737 × 10^289 |
| 71 | ov_071 | 1.1506778714437306 × 10^289 |
| 72 | ov_072 | 9.746111225320257 × 10^288 |
| 73 | ov_073 | 8.199136132427303 × 10^288 |
| 74 | ov_074 | 6.846903463526926 × 10^288 |
| 75 | ov_075 | 5.671608546487136 × 10^288 |
| 76 | ov_076 | 4.6565236245716997 × 10^288 |
| 77 | ov_077 | 3.785936646168377 × 10^288 |
| 78 | ov_078 | 3.045096808244354 × 10^288 |
| 79 | ov_079 | 2.4201664406700215 × 10^288 |
| 80 | ov_080 | 1.898178824627122 × 10^288 |
| 81 | ov_081 | 1.467001542925126 × 10^288 |
| 82 | ov_082 | 1.1153049634681443 × 10^288 |
| 83 | ov_083 | 8.325354595924939 × 10^287 |
| 84 | ov_084 | 6.088929727438069 × 10^287 |
| 85 | ov_085 | 4.353125241542656 × 10^287 |
| 86 | ov_086 | 3.0344928295938122 × 10^287 |
| 87 | ov_087 | 2.056667986842463 × 10^287 |
| 88 | ov_088 | 1.3502800632826323 × 10^287 |
| 89 | ov_089 | 8.5288612450621735 × 10^286 |
| 90 | ov_090 | 5.089247075087391 × 10^286 |
| 91 | ov_091 | 2.923307892130187 × 10^286 |
| 92 | ov_092 | 1.6122715664737116 × 10^286 |
| 93 | ov_093 | 8.055988539101995 × 10^285 |
| 94 | ov_094 | 3.4507031612864646 × 10^285 |
| 95 | aaa_78_28 | 1.0655374858169592 × 10^285 |
| 96 | aaa_78_29 | 3.2722851725196534 × 10^284 |
| 97 | ov_097 | 2.1604511794961584 × 10^284 |
| 98 | ov_098 | 2.1603864053408826 × 10^284 |
| 99 | ov_099 | 2.1603657070691168 × 10^284 |
| 100 | ov_100 | 1.9438897217041796 × 10^284 |
| 101 | ov_101 | 1.7434247883872272 × 10^284 |
| 102 | ov_102 | 1.558088156071457 × 10^284 |
| 103 | ov_103 | 1.3870612065305212 × 10^284 |
| 104 | ov_104 | 1.2295812158479624 × 10^284 |
| 105 | ov_105 | 1.084933861989231 × 10^284 |
| 106 | ov_106 | 9.5244643956224 × 10^283 |
| 107 | ov_107 | 8.314817443164581 × 10^283 |
| 108 | ov_108 | 7.214325911014719 × 10^283 |
| 109 | ov_109 | 6.217169299408153 × 10^283 |
| 110 | ov_110 | 5.317735256082796 × 10^283 |
| 111 | ov_111 | 4.510581666532316 × 10^283 |
| 112 | ov_112 | 3.7904037023768665 × 10^283 |
| 113 | ov_113 | 3.152005494477287 × 10^283 |
| 114 | ov_114 | 2.59027609949704 × 10^283 |
| 115 | ov_115 | 2.100169429995445 × 10^283 |
| 116 | ov_116 | 1.6766878190114258 × 10^283 |
| 117 | ov_117 | 1.314868890632143 × 10^283 |
| 118 | ov_118 | 1.009775408357342 × 10^283 |
| 119 | ov_119 | 7.564875035135844 × 10^282 |
| 120 | ov_120 | 5.500966860745689 × 10^282 |
| 121 | ov_121 | 3.85701579777018 × 10^282 |
| 122 | ov_122 | 2.5840517664133505 × 10^282 |
| 123 | ov_123 | 1.6331303044597073 × 10^282 |
| 124 | ov_124 | 9.553203746954996 × 10^281 |
| 125 | ov_125 | 5.016968067473589 × 10^281 |
| 126 | ov_126 | 2.2333643898722886 × 10^281 |
| 127 | aaa_77_28 | 7.131663641968061 × 10^280 |
| 128 | aaa_77_29 | 2.673651688291278 × 10^280 |
| 129 | ov_129 | 2.486021736090963 × 10^280 |
| 130 | ov_130 | 2.4860145963243794 × 10^280 |
| 131 | ov_131 | 2.486012869050606 × 10^280 |
| 132 | ov_132 | 2.157499876835154 × 10^280 |
| 133 | ov_133 | 1.863092350048106 × 10^280 |
| 134 | ov_134 | 1.6002175550166487 × 10^280 |
| 135 | ov_135 | 1.3664414376287034 × 10^280 |
| 136 | ov_136 | 1.1594587199515592 × 10^280 |
| 137 | ov_137 | 9.770843453879191 × 10^279 |
| 138 | ov_138 | 8.172461454117605 × 10^279 |
| 139 | ov_139 | 6.779786074545221 × 10^279 |
| 140 | ov_140 | 5.574176298406142 × 10^279 |
| 141 | ov_141 | 4.5379615584317726 × 10^279 |
| 142 | ov_142 | 3.654405849829719 × 10^279 |
| 143 | ov_143 | 2.907678656557379 × 10^279 |
| 144 | ov_144 | 2.28283179071054 × 10^279 |
| 145 | ov_145 | 1.7657813033820406 × 10^279 |
| 146 | ov_146 | 1.3432936835657463 × 10^279 |
| 147 | ov_147 | 1.0029756197022836 × 10^279 |
| 148 | ov_148 | 7.332666563570886 × 10^278 |
| 149 | ov_149 | 5.2343413633505755 × 10^278 |
| 150 | ov_150 | 3.6356987629878155 × 10^278 |
| 151 | ov_151 | 2.445880816870339 × 10^278 |
| 152 | ov_152 | 1.5822408450741168 × 10^278 |
| 153 | ov_153 | 9.703360187393428 × 10^277 |
| 154 | ov_154 | 5.4392316634244795 × 10^277 |
| 155 | ov_155 | 2.719302340135043 × 10^277 |
| 156 | aaa_76_25 | 1.045073836040571 × 10^277 |
| 157 | aaa_76_26 | 6.037043961293591 × 10^276 |
| 158 | aaa_76_27 | 3.0914600340526277 × 10^276 |
| 159 | aaa_76_28 | 1.2042468561078467 × 10^276 |
| 160 | aaa_76_29 | 3.6641533236648526 × 10^275 |

### Output Bits Sorted by Complexity

| Rank | Output Bit | Complexity |
|:----:|:----------:|:----------:|
| 160 | aaa_76_29 | 3.6641533236648526 × 10^275 |
| 159 | aaa_76_28 | 1.2042468561078467 × 10^276 |
| 158 | aaa_76_27 | 3.0914600340526277 × 10^276 |
| 157 | aaa_76_26 | 6.037043961293591 × 10^276 |
| 156 | aaa_76_25 | 1.045073836040571 × 10^277 |
| 155 | ov_155 | 2.719302340135043 × 10^277 |
| 154 | ov_154 | 5.4392316634244795 × 10^277 |
| 153 | ov_153 | 9.703360187393428 × 10^277 |
| 152 | ov_152 | 1.5822408450741168 × 10^278 |
| 151 | ov_151 | 2.445880816870339 × 10^278 |
| 150 | ov_150 | 3.6356987629878155 × 10^278 |
| 149 | ov_149 | 5.2343413633505755 × 10^278 |
| 148 | ov_148 | 7.332666563570886 × 10^278 |
| 147 | ov_147 | 1.0029756197022836 × 10^279 |
| 146 | ov_146 | 1.3432936835657463 × 10^279 |
| 145 | ov_145 | 1.7657813033820406 × 10^279 |
| 144 | ov_144 | 2.28283179071054 × 10^279 |
| 143 | ov_143 | 2.907678656557379 × 10^279 |
| 142 | ov_142 | 3.654405849829719 × 10^279 |
| 141 | ov_141 | 4.5379615584317726 × 10^279 |
| 140 | ov_140 | 5.574176298406142 × 10^279 |
| 139 | ov_139 | 6.779786074545221 × 10^279 |
| 138 | ov_138 | 8.172461454117605 × 10^279 |
| 137 | ov_137 | 9.770843453879191 × 10^279 |
| 136 | ov_136 | 1.1594587199515592 × 10^280 |
| 135 | ov_135 | 1.3664414376287034 × 10^280 |
| 134 | ov_134 | 1.6002175550166487 × 10^280 |
| 133 | ov_133 | 1.863092350048106 × 10^280 |
| 132 | ov_132 | 2.157499876835154 × 10^280 |
| 131 | ov_131 | 2.486012869050606 × 10^280 |
| 130 | ov_130 | 2.4860145963243794 × 10^280 |
| 129 | ov_129 | 2.486021736090963 × 10^280 |
| 128 | aaa_77_29 | 2.673651688291278 × 10^280 |
| 127 | aaa_77_28 | 7.131663641968061 × 10^280 |
| 126 | ov_126 | 2.2333643898722886 × 10^281 |
| 125 | ov_125 | 5.016968067473589 × 10^281 |
| 124 | ov_124 | 9.553203746954996 × 10^281 |
| 123 | ov_123 | 1.6331303044597073 × 10^282 |
| 122 | ov_122 | 2.5840517664133505 × 10^282 |
| 121 | ov_121 | 3.85701579777018 × 10^282 |
| 120 | ov_120 | 5.500966860745689 × 10^282 |
| 119 | ov_119 | 7.564875035135844 × 10^282 |
| 118 | ov_118 | 1.009775408357342 × 10^283 |
| 117 | ov_117 | 1.314868890632143 × 10^283 |
| 116 | ov_116 | 1.6766878190114258 × 10^283 |
| 115 | ov_115 | 2.100169429995445 × 10^283 |
| 114 | ov_114 | 2.59027609949704 × 10^283 |
| 113 | ov_113 | 3.152005494477287 × 10^283 |
| 112 | ov_112 | 3.7904037023768665 × 10^283 |
| 111 | ov_111 | 4.510581666532316 × 10^283 |
| 110 | ov_110 | 5.317735256082796 × 10^283 |
| 109 | ov_109 | 6.217169299408153 × 10^283 |
| 108 | ov_108 | 7.214325911014719 × 10^283 |
| 107 | ov_107 | 8.314817443164581 × 10^283 |
| 106 | ov_106 | 9.5244643956224 × 10^283 |
| 105 | ov_105 | 1.084933861989231 × 10^284 |
| 104 | ov_104 | 1.2295812158479624 × 10^284 |
| 103 | ov_103 | 1.3870612065305212 × 10^284 |
| 102 | ov_102 | 1.558088156071457 × 10^284 |
| 101 | ov_101 | 1.7434247883872272 × 10^284 |
| 100 | ov_100 | 1.9438897217041796 × 10^284 |
| 99 | ov_099 | 2.1603657070691168 × 10^284 |
| 98 | ov_098 | 2.1603864053408826 × 10^284 |
| 97 | ov_097 | 2.1604511794961584 × 10^284 |
| 96 | aaa_78_29 | 3.2722851725196534 × 10^284 |
| 95 | aaa_78_28 | 1.0655374858169592 × 10^285 |
| 94 | ov_094 | 3.4507031612864646 × 10^285 |
| 93 | ov_093 | 8.055988539101995 × 10^285 |
| 92 | ov_092 | 1.6122715664737116 × 10^286 |
| 91 | ov_091 | 2.923307892130187 × 10^286 |
| 90 | ov_090 | 5.089247075087391 × 10^286 |
| 89 | ov_089 | 8.5288612450621735 × 10^286 |
| 88 | ov_088 | 1.3502800632826323 × 10^287 |
| 87 | ov_087 | 2.056667986842463 × 10^287 |
| 86 | ov_086 | 3.0344928295938122 × 10^287 |
| 85 | ov_085 | 4.353125241542656 × 10^287 |
| 84 | ov_084 | 6.088929727438069 × 10^287 |
| 83 | ov_083 | 8.325354595924939 × 10^287 |
| 82 | ov_082 | 1.1153049634681443 × 10^288 |
| 81 | ov_081 | 1.467001542925126 × 10^288 |
| 64 | lv_79_m31 | 1.7606674870475613 × 10^288 |
| 80 | ov_080 | 1.898178824627122 × 10^288 |
| 79 | ov_079 | 2.4201664406700215 × 10^288 |
| 78 | ov_078 | 3.045096808244354 × 10^288 |
| 77 | ov_077 | 3.785936646168377 × 10^288 |
| 76 | ov_076 | 4.6565236245716997 × 10^288 |
| 75 | ov_075 | 5.671608546487136 × 10^288 |
| 74 | ov_074 | 6.846903463526926 × 10^288 |
| 73 | ov_073 | 8.199136132427303 × 10^288 |
| 63 | ov_063 | 9.037201101593058 × 10^288 |
| 72 | ov_072 | 9.746111225320257 × 10^288 |
| 71 | ov_071 | 1.1506778714437306 × 10^289 |
| 70 | ov_070 | 1.350130986189737 × 10^289 |
| 69 | ov_069 | 1.5751181257636472 × 10^289 |
| 68 | ov_068 | 1.8279267363784231 × 10^289 |
| 67 | ov_067 | 2.1109942042291324 × 10^289 |
| 66 | ov_066 | 2.1109957790290377 × 10^289 |
| 65 | ov_065 | 2.111002213698255 × 10^289 |
| 62 | ov_062 | 4.637680043413676 × 10^289 |
| 61 | ov_061 | 1.6909795750159569 × 10^290 |
| 60 | ov_060 | 4.8421020296647325 × 10^290 |
| 59 | ov_059 | 1.1687402766474304 × 10^291 |
| 58 | ov_058 | 2.372687315908016 × 10^291 |
| 57 | ov_057 | 4.287985033844757 × 10^291 |
| 56 | ov_056 | 7.148503506388707 × 10^291 |
| 55 | ov_055 | 1.1463924095558522 × 10^292 |
| 54 | ov_054 | 1.755200974389373 × 10^292 |
| 53 | ov_053 | 2.577249471947455 × 10^292 |
| 52 | ov_052 | 3.688685274141033 × 10^292 |
| 51 | ov_051 | 5.174062385173502 × 10^292 |
| 50 | ov_050 | 7.12635612099767 × 10^292 |
| 49 | ov_049 | 9.646986213629268 × 10^292 |
| 48 | ov_048 | 1.2845851284777432 × 10^293 |
| 47 | ov_047 | 1.6841378180827853 × 10^293 |
| 32 | lv_80_m31 | 1.980957558135783 × 10^293 |
| 46 | ov_046 | 2.1760590663707085 × 10^293 |
| 45 | ov_045 | 2.7739202731335475 × 10^293 |
| 44 | ov_044 | 3.4921742398676412 × 10^293 |
| 43 | ov_043 | 4.3461712334012075 × 10^293 |
| 42 | ov_042 | 5.3521794317081295 × 10^293 |
| 41 | ov_041 | 6.527410506847993 × 10^293 |
| 40 | ov_040 | 7.881205906592478 × 10^293 |
| 39 | ov_039 | 9.423424274797356 × 10^293 |
| 31 | ov_031 | 1.0157397596334172 × 10^294 |
| 38 | ov_038 | 1.1174325222670795 × 10^294 |
| 37 | ov_037 | 1.3155282780963822 × 10^294 |
| 36 | ov_036 | 1.538885014413778 × 10^294 |
| 35 | ov_035 | 1.7898835403184597 × 10^294 |
| 34 | ov_034 | 2.0710389486645676 × 10^294 |
| 33 | ov_033 | 2.3850107608584626 × 10^294 |
| 30 | ov_030 | 5.207384510187505 × 10^294 |
| 29 | ov_029 | 1.703360794791582 × 10^295 |
| 28 | ov_028 | 4.4206038617852435 × 10^295 |
| 27 | ov_027 | 9.879645647388797 × 10^295 |
| 26 | ov_026 | 2.096225554623367 × 10^296 |
| 25 | ov_025 | 4.14850351293766 × 10^296 |
| 24 | ov_024 | 7.619944398630244 × 10^296 |
| 23 | ov_023 | 1.3079187999670736 × 10^297 |
| 22 | ov_022 | 2.1188388289058992 × 10^297 |
| 21 | ov_021 | 3.2703256684223874 × 10^297 |
| 20 | ov_020 | 4.847314101036961 × 10^297 |
| 19 | ov_019 | 6.944115453517288 × 10^297 |
| 18 | ov_018 | 9.664437444627672 × 10^297 |
| 17 | ov_017 | 1.312141371756738 × 10^298 |
| 16 | ov_016 | 1.7437646133099168 × 10^298 |
| 15 | ov_015 | 2.2745263127084293 × 10^298 |
| 14 | ov_014 | 2.9185998659426556 × 10^298 |
| 13 | ov_013 | 3.691129786503545 × 10^298 |
| 12 | ov_012 | 4.6082456508446724 × 10^298 |
| 11 | ov_011 | 5.687080201857187 × 10^298 |
| 10 | ov_010 | 6.945792455724935 × 10^298 |
| 9 | ov_009 | 8.403596725590372 × 10^298 |
| 8 | ov_008 | 1.0080798544007164 × 10^299 |
| 7 | ov_007 | 1.1998838535359811 × 10^299 |
| 6 | ov_006 | 1.418034535951575 × 10^299 |
| 5 | ov_005 | 1.6649198919211558 × 10^299 |
| 4 | ov_004 | 1.9430605096386155 × 10^299 |
| 3 | ov_003 | 2.255118326878916 × 10^299 |
| 2 | ov_002 | 2.6039067664743015 × 10^299 |
| 1 | ov_001 | 2.9924023506792215 × 10^299 |

