# Results for F001-F002-F003-F004-F005-F006-F007-F008-F009-F010-F011-F012-F013-F014-F015-F016-F017-F018-F019-F020-F021-F022-F023-F024-F025-F026-F027-F028-F029-F030-F031-F032-F033-F034-F035-F036-F037-F038-F039-F040-F041-F042-F043-F044-F045-F046-F047-F048-F049-F050-F051-F052-F053-F054-F055-F056-F057-F058-F059-F060-F061-F062-F063-F064-F065-F066-F067-F068-F069-F070-F071-F072-F073-F074-F075-F076-F077-F078-F079-F080-F081-F082-F083-F084-F085-F086-F087-F088-F089-F090-F091-F092-F093-F094-F095-F096-F097-F098-F099-F100-F101-F102-F103-F104-F105-F106-F107-F108-F109-F110-F111-F112-F113-F114-F115-F116-F117-F118-F119-F120-F121-F122-F123-F124-F125-F126-F127-F128-F129-F130-F131-F132-F133-F134-F135-F136-F137-F138-F139-F140-F141-F142-F143-F144-F145-F146-F147-F148-F149-F150-F151-F152-F153-F154-F155-F156-F157-F158-F159-F160-F161-F162-F163-F164-F165-F166-F167-F168-F169-F170-F171-F172-F173-F174-F175-F176-F177-F178-F179-F180-F181-F182-F183-F184-F185-F186-F187-F188-F189-F190-F191-F192-F193-F194-F195-F196-F197-F198-F199-F200-F201-F202-F203-F204-F205-F206-F207-F208-F209-F210-F211-F212-F213-F214-F215-F216-F217-F218-F219-F220-F221-F222-F223-F224-F225-F226-F227-F228-F229-F230-F231-F232-F233-F234-F235-F236-F237-F238-F239-F240-F241-F242-F243-F244-F245-F246-F247-F248-F249-F250-F251-F252-F253-F254-F255-F256-F257-F258-F259-F260-F261-F262-F263-F264-F265-F266-F267-F268-F269-F270-F271-F272-F273-F274-F275-F276-F277-F278-F279-F280-F281-F282-F283-F284-F285-F286-F287-F288-F289-F290-F291-F292-F293-F294-F295-F296-F297-F298-F299-F300-F301-F302-F303-F304-F305-F306-F307-F308-F309-F310-F311-F312-F313-F314-F315-F316-F317-F318-F319-F320-F321-F322-F323-F324-F325-F326-F327-F328-F329-F330-F331-F332-F333-F334-F335-F336-F337-F338-F339-F340-F341-F342-F343-F344-F345-F346-F347-F348-F349-F350-F351-F352-F353-F354-F355-F356-F357-F358-F359-F360-F361-F362-F363-F364-F365-F366-F367-F368-F369-F370-F371-F372-F373-F374-F375-F376-F377-F378-F379-F380-F381-F382-F383-F384-F385-F386-F387-F388-F389-F390-F391-F392-F393-F394-F395-F396-F397-F398-F399-F400-F401-F402-F403-F404-F405-F406-F407-F408-F409-F410-F411-F412-F413-F414-F415-F416-F417-F418-F419-F420-F421-F422-F423-F424-F425-F426-F427-F428-F429-F430-F431-F432-F433-F434-F435-F436-F437-F438-F439-F440-F441-F442-F443-F444-F445-F446-F447-F448-F449-F450-F451-F452-F453-F454-F455-F456-F457-F458-F459-F460-F461-F462-F463-F464-F465-F466-F467-F468-F469-F470-F471-F472-F473-F474-F475-F476-F477-F478-F479-F480-F481-F482-F483-F484-F485-F486-F487-F488-F489-F490-F491-F492-F493-F494-F495-F496-O497506-E500511-E507512

## Summary

Number of input bits: 512  
Number of free input bits: 13  
Number of output bits: 160

Number of direct occurrences: 53165  
Number of assignments: 32228  
Number of operations: 11441272
(xor: 11412596,
and: 14937,
or: 13739)

Total complexity: 2.5473903922373496 × 10^303

Least occurring input variable: iv_502 (3910)  
Most occurring input variable: iv_507 (4373)

Most co-occurring input variables: iv_499-iv_510 (2047)  
Least co-occurring input variables: iv_498-iv_502 (1768)

Potentially most occurring input variable: iv_500/iv_507 (4617)  
Potentially least occurring input variable: iv_499/iv_508 (4120)

Least output occurring input variable: iv_508 (70)  
Most output occurring input variable: iv_498 (84)

Most output co-occurring input variables: iv_498-iv_507 (46)  
Least output co-occurring input variables: iv_502-iv_508 (31)

Potentially most output occurring input variable: iv_504/iv_510 (93)  
Potentially least output occurring input variable: iv_497/iv_503 (67)

Least complex input bit: iv_498 (3.622638283754334 × 10^300)  
Most complex input bit: iv_510 (6.250669529196887 × 10^302)

Least complex output bit: aaa_76_29 (1.5334086075222838 × 10^278)  
Most complex output bit: ov_001 (3.963342643024985 × 10^302)

Least complex input/output complexity: iv_498/aaa_76_29 (2.1806570140078745 × 10^275)  
Most complex input/output complexity: iv_510/ov_001 (9.725068119914095 × 10^301)

## Input Bits

### Input Bits in Regular Order

| Input Bit | Complexity | Occurrences | Output Occurrences |
|:---------:|:----------:|:-----------:|:------------------:|
| iv_497 | 1.6703270346869144 × 10^302 | 4245 | 77 |
| iv_498 | 3.622638283754334 × 10^300 | 3957 | 84 |
| iv_499 | 6.449890065570905 × 10^300 | 4145 | 81 |
| iv_500 | 1.9603629478071596 × 10^302 | 4202 | 80 |
| iv_501 | 1.8628221971942345 × 10^301 | 4130 | 83 |
| iv_502 | 3.0278076228595646 × 10^301 | 3910 | 82 |
| iv_503 | 4.7772875383407554 × 10^301 | 4065 | 76 |
| iv_504 | 7.359708405792028 × 10^301 | 3960 | 78 |
| iv_505 | 1.112180973542933 × 10^302 | 3956 | 79 |
| iv_507 | 4.552868961214333 × 10^302 | 4373 | 76 |
| iv_508 | 3.426190278567767 × 10^302 | 4031 | 70 |
| iv_509 | 4.697816337445613 × 10^302 | 4032 | 78 |
| iv_510 | 6.250669529196887 × 10^302 | 4159 | 79 |

### Input Bits Sorted by Complexity

| Input Bit | Complexity | Occurrences | Output Occurrences |
|:---------:|:----------:|:-----------:|:------------------:|
| iv_498 | 3.622638283754334 × 10^300 | 3957 | 84 |
| iv_499 | 6.449890065570905 × 10^300 | 4145 | 81 |
| iv_501 | 1.8628221971942345 × 10^301 | 4130 | 83 |
| iv_502 | 3.0278076228595646 × 10^301 | 3910 | 82 |
| iv_503 | 4.7772875383407554 × 10^301 | 4065 | 76 |
| iv_504 | 7.359708405792028 × 10^301 | 3960 | 78 |
| iv_505 | 1.112180973542933 × 10^302 | 3956 | 79 |
| iv_497 | 1.6703270346869144 × 10^302 | 4245 | 77 |
| iv_500 | 1.9603629478071596 × 10^302 | 4202 | 80 |
| iv_508 | 3.426190278567767 × 10^302 | 4031 | 70 |
| iv_507 | 4.552868961214333 × 10^302 | 4373 | 76 |
| iv_509 | 4.697816337445613 × 10^302 | 4032 | 78 |
| iv_510 | 6.250669529196887 × 10^302 | 4159 | 79 |

### Input Bits Sorted by Occurrences

| Input Bit | Complexity | Occurrences | Output Occurrences |
|:---------:|:----------:|:-----------:|:------------------:|
| iv_502 | 3.0278076228595646 × 10^301 | 3910 | 82 |
| iv_505 | 1.112180973542933 × 10^302 | 3956 | 79 |
| iv_498 | 3.622638283754334 × 10^300 | 3957 | 84 |
| iv_504 | 7.359708405792028 × 10^301 | 3960 | 78 |
| iv_508 | 3.426190278567767 × 10^302 | 4031 | 70 |
| iv_509 | 4.697816337445613 × 10^302 | 4032 | 78 |
| iv_503 | 4.7772875383407554 × 10^301 | 4065 | 76 |
| iv_501 | 1.8628221971942345 × 10^301 | 4130 | 83 |
| iv_499 | 6.449890065570905 × 10^300 | 4145 | 81 |
| iv_510 | 6.250669529196887 × 10^302 | 4159 | 79 |
| iv_500 | 1.9603629478071596 × 10^302 | 4202 | 80 |
| iv_497 | 1.6703270346869144 × 10^302 | 4245 | 77 |
| iv_507 | 4.552868961214333 × 10^302 | 4373 | 76 |

### Input Bits Sorted by Output Occurrences

| Input Bit | Complexity | Occurrences | Output Occurrences |
|:---------:|:----------:|:-----------:|:------------------:|
| iv_508 | 3.426190278567767 × 10^302 | 4031 | 70 |
| iv_503 | 4.7772875383407554 × 10^301 | 4065 | 76 |
| iv_507 | 4.552868961214333 × 10^302 | 4373 | 76 |
| iv_497 | 1.6703270346869144 × 10^302 | 4245 | 77 |
| iv_504 | 7.359708405792028 × 10^301 | 3960 | 78 |
| iv_509 | 4.697816337445613 × 10^302 | 4032 | 78 |
| iv_505 | 1.112180973542933 × 10^302 | 3956 | 79 |
| iv_510 | 6.250669529196887 × 10^302 | 4159 | 79 |
| iv_500 | 1.9603629478071596 × 10^302 | 4202 | 80 |
| iv_499 | 6.449890065570905 × 10^300 | 4145 | 81 |
| iv_502 | 3.0278076228595646 × 10^301 | 3910 | 82 |
| iv_501 | 1.8628221971942345 × 10^301 | 4130 | 83 |
| iv_498 | 3.622638283754334 × 10^300 | 3957 | 84 |

## Input Bit Co-occurrences

### Input Bit Co-occurrences Sorted by Co-occurrences

| Input Bits | Co-occurrences | Potential Occurrences | Output Co-occurrences | Potential Output Occurrences |
|:----------:|:--------------:|:---------------------:|:---------------------:|:----------------------------:|
| iv_499-iv_510 | 2047 | 4210 | 43 | 74 |
| iv_501-iv_507 | 2035 | 4433 | 40 | 79 |
| iv_499-iv_507 | 2034 | 4450 | 38 | 81 |
| iv_499-iv_508 | 2028 | 4120 | 38 | 75 |
| iv_497-iv_510 | 2024 | 4356 | 42 | 72 |
| iv_497-iv_499 | 2020 | 4350 | 39 | 80 |
| iv_507-iv_510 | 2008 | 4516 | 35 | 85 |
| iv_499-iv_500 | 2005 | 4337 | 41 | 79 |
| iv_497-iv_507 | 2003 | 4612 | 37 | 79 |
| iv_499-iv_501 | 1996 | 4283 | 43 | 78 |
| iv_499-iv_509 | 1990 | 4197 | 41 | 77 |
| iv_500-iv_510 | 1986 | 4389 | 43 | 73 |
| iv_500-iv_507 | 1979 | 4617 | 37 | 82 |

### Input Bit Co-occurrences Sorted by Potential Occurrences

| Input Bits | Co-occurrences | Potential Occurrences | Output Co-occurrences | Potential Output Occurrences |
|:----------:|:--------------:|:---------------------:|:---------------------:|:----------------------------:|
| iv_499-iv_508 | 2028 | 4120 | 38 | 75 |
| iv_502-iv_505 | 1842 | 4182 | 36 | 89 |
| iv_501-iv_505 | 1950 | 4186 | 45 | 72 |
| iv_499-iv_502 | 1933 | 4189 | 42 | 79 |
| iv_504-iv_505 | 1862 | 4192 | 41 | 75 |
| iv_508-iv_509 | 1935 | 4193 | 35 | 78 |
| iv_499-iv_509 | 1990 | 4197 | 41 | 77 |
| iv_499-iv_510 | 2047 | 4210 | 43 | 74 |
| iv_498-iv_504 | 1852 | 4213 | 45 | 72 |
| iv_498-iv_508 | 1882 | 4224 | 32 | 90 |
| iv_498-iv_510 | 1945 | 4226 | 44 | 75 |
| iv_504-iv_508 | 1881 | 4229 | 37 | 74 |
| iv_498-iv_503 | 1896 | 4230 | 42 | 76 |

### Input Bit Output Co-occurrences Sorted by Output Co-occurrences

| Input Bits | Co-occurrences | Potential Occurrences | Output Co-occurrences | Potential Output Occurrences |
|:----------:|:--------------:|:---------------------:|:---------------------:|:----------------------------:|
| iv_498-iv_501 | 1883 | 4321 | 46 | 75 |
| iv_498-iv_507 | 1928 | 4474 | 46 | 68 |
| iv_501-iv_505 | 1950 | 4186 | 45 | 72 |
| iv_498-iv_504 | 1852 | 4213 | 45 | 72 |
| iv_501-iv_503 | 1968 | 4259 | 44 | 71 |
| iv_498-iv_502 | 1768 | 4331 | 44 | 78 |
| iv_498-iv_510 | 1945 | 4226 | 44 | 75 |
| iv_502-iv_510 | 1884 | 4301 | 44 | 73 |
| iv_501-iv_509 | 1927 | 4308 | 43 | 75 |
| iv_497-iv_503 | 1929 | 4452 | 43 | 67 |
| iv_499-iv_501 | 1996 | 4283 | 43 | 78 |
| iv_499-iv_510 | 2047 | 4210 | 43 | 74 |
| iv_500-iv_510 | 1986 | 4389 | 43 | 73 |

### Input Bit Output Co-occurrences Sorted by Potential Output Occurrences

| Input Bits | Co-occurrences | Potential Occurrences | Output Co-occurrences | Potential Output Occurrences |
|:----------:|:--------------:|:---------------------:|:---------------------:|:----------------------------:|
| iv_497-iv_503 | 1929 | 4452 | 43 | 67 |
| iv_498-iv_507 | 1928 | 4474 | 46 | 68 |
| iv_503-iv_504 | 1873 | 4279 | 42 | 70 |
| iv_500-iv_508 | 1930 | 4373 | 40 | 70 |
| iv_501-iv_503 | 1968 | 4259 | 44 | 71 |
| iv_501-iv_505 | 1950 | 4186 | 45 | 72 |
| iv_497-iv_510 | 2024 | 4356 | 42 | 72 |
| iv_498-iv_504 | 1852 | 4213 | 45 | 72 |
| iv_502-iv_510 | 1884 | 4301 | 44 | 73 |
| iv_500-iv_510 | 1986 | 4389 | 43 | 73 |
| iv_504-iv_508 | 1881 | 4229 | 37 | 74 |
| iv_499-iv_510 | 2047 | 4210 | 43 | 74 |
| iv_500-iv_509 | 1921 | 4392 | 42 | 74 |

## Output Bits

### Output Bits in Regular Order

| Rank | Output Bit | Complexity |
|:----:|:----------:|:----------:|
| 1 | ov_001 | 3.963342643024985 × 10^302 |
| 2 | ov_002 | 3.4508496264539675 × 10^302 |
| 3 | ov_003 | 2.9906073833723087 × 10^302 |
| 4 | ov_004 | 2.5786975838819153 × 10^302 |
| 5 | ov_005 | 2.211417300716513 × 10^302 |
| 6 | ov_006 | 1.8852638422491135 × 10^302 |
| 7 | ov_007 | 1.5969215383057243 × 10^302 |
| 8 | ov_008 | 1.3432503005048001 × 10^302 |
| 9 | ov_009 | 1.1212757884104895 × 10^302 |
| 10 | ov_010 | 9.281810220040682 × 10^301 |
| 11 | ov_011 | 7.612992899043979 × 10^301 |
| 12 | ov_012 | 6.181082114593782 × 10^301 |
| 13 | ov_013 | 4.962248193333181 × 10^301 |
| 14 | ov_014 | 3.9340153757030425 × 10^301 |
| 15 | ov_015 | 3.07522938355007 × 10^301 |
| 16 | ov_016 | 2.3660316884826076 × 10^301 |
| 17 | ov_017 | 1.7878394756824118 × 10^301 |
| 18 | ov_018 | 1.3233303783752278 × 10^301 |
| 19 | ov_019 | 9.564311383593133 × 10^300 |
| 20 | ov_020 | 6.72309427994783 × 10^300 |
| 21 | ov_021 | 4.5736814894239116 × 10^300 |
| 22 | ov_022 | 2.9924160275734677 × 10^300 |
| 23 | ov_023 | 1.8679300822263933 × 10^300 |
| 24 | ov_024 | 1.101129379311347 × 10^300 |
| 25 | ov_025 | 6.051837498897795 × 10^299 |
| 26 | ov_026 | 3.055219588807107 × 10^299 |
| 27 | ov_027 | 1.3982926969426582 × 10^299 |
| 28 | ov_028 | 5.804648299434241 × 10^298 |
| 29 | ov_029 | 2.2369626975312614 × 10^298 |
| 30 | ov_030 | 6.839251446322489 × 10^297 |
| 31 | ov_031 | 1.3341013342335314 × 10^297 |
| 32 | lv_80_m31 | 2.6018422295377202 × 10^296 |
| 33 | ov_033 | 3.146496750383801 × 10^297 |
| 34 | ov_034 | 2.735868209239954 × 10^297 |
| 35 | ov_035 | 2.3674500305819806 × 10^297 |
| 36 | ov_036 | 2.0380616910887907 × 10^297 |
| 37 | ov_037 | 1.7446972487212965 × 10^297 |
| 38 | ov_038 | 1.4845130257539304 × 10^297 |
| 39 | ov_039 | 1.2548168854711428 × 10^297 |
| 40 | ov_040 | 1.0530589567113365 × 10^297 |
| 41 | ov_041 | 8.768236680682877 × 10^296 |
| 42 | ov_042 | 7.23822961010782 × 10^296 |
| 43 | ov_043 | 5.918905584760403 × 10^296 |
| 44 | ov_044 | 4.7897717265129945 × 10^296 |
| 45 | ov_045 | 3.831465426989888 × 10^296 |
| 46 | ov_046 | 3.025722001217152 × 10^296 |
| 47 | ov_047 | 2.3553486631971935 × 10^296 |
| 48 | ov_048 | 1.8042039367905055 × 10^296 |
| 49 | ov_049 | 1.3571816825553042 × 10^296 |
| 50 | ov_050 | 1.000198987996718 × 10^296 |
| 51 | ov_051 | 7.201872351171581 × 10^295 |
| 52 | ov_052 | 5.050857253272559 × 10^295 |
| 53 | ov_053 | 3.4383730774754485 × 10^295 |
| 54 | ov_054 | 2.263855227666428 × 10^295 |
| 55 | ov_055 | 1.4367283847056865 × 10^295 |
| 56 | ov_056 | 8.763962325558262 × 10^294 |
| 57 | ov_057 | 5.1223573589109026 × 10^294 |
| 58 | ov_058 | 2.8359407382643436 × 10^294 |
| 59 | ov_059 | 1.3978712310764703 × 10^294 |
| 60 | ov_060 | 5.7964878604592175 × 10^293 |
| 61 | ov_061 | 2.0261279043364616 × 10^293 |
| 62 | ov_062 | 5.56195610434458 × 10^292 |
| 63 | ov_063 | 1.0848855263895583 × 10^292 |
| 64 | lv_79_m31 | 2.1156743595161704 × 10^291 |
| 65 | ov_065 | 2.551195944751534 × 10^292 |
| 66 | ov_066 | 2.5511901530611067 × 10^292 |
| 67 | ov_067 | 2.551188792617811 × 10^292 |
| 68 | ov_068 | 2.2172503473391865 × 10^292 |
| 69 | ov_069 | 1.9175659612938504 × 10^292 |
| 70 | ov_070 | 1.649615767398953 × 10^292 |
| 71 | ov_071 | 1.4109999008524015 × 10^292 |
| 72 | ov_072 | 1.1994324648113242 × 10^292 |
| 73 | ov_073 | 1.0127367703409185 × 10^292 |
| 74 | ov_074 | 8.488414631954597 × 10^291 |
| 75 | ov_075 | 7.057772104737714 × 10^291 |
| 76 | ov_076 | 5.816737570492861 × 10^291 |
| 77 | ov_077 | 4.74757291005705 × 10^291 |
| 78 | ov_078 | 3.833480998752295 × 10^291 |
| 79 | ov_079 | 3.0585849983909555 × 10^291 |
| 80 | ov_080 | 2.4079102033369885 × 10^291 |
| 81 | ov_081 | 1.8673682672260607 × 10^291 |
| 82 | ov_082 | 1.4237436385674762 × 10^291 |
| 83 | ov_083 | 1.0646820346252179 × 10^291 |
| 84 | ov_084 | 7.786807837978199 × 10^290 |
| 85 | ov_085 | 5.550808672698663 × 10^290 |
| 86 | ov_086 | 3.840604910634923 × 10^290 |
| 87 | ov_087 | 2.566300198368178 × 10^290 |
| 88 | ov_088 | 1.6462810390525335 × 10^290 |
| 89 | ov_089 | 1.0071883103454046 × 10^290 |
| 90 | ov_090 | 5.838973459282792 × 10^289 |
| 91 | ov_091 | 3.1950489667517905 × 10^289 |
| 92 | ov_092 | 1.6532130170225742 × 10^289 |
| 93 | ov_093 | 8.086628268520649 × 10^288 |
| 94 | ov_094 | 3.386699034392541 × 10^288 |
| 95 | aaa_78_28 | 1.0238715601013734 × 10^288 |
| 96 | aaa_78_29 | 3.0419990137190392 × 10^287 |
| 97 | ov_097 | 1.71116725792017 × 10^287 |
| 98 | ov_098 | 1.7111392802510381 × 10^287 |
| 99 | ov_099 | 1.7111303327769494 × 10^287 |
| 100 | ov_100 | 1.3965415930262015 × 10^287 |
| 101 | ov_101 | 1.1366043295977805 × 10^287 |
| 102 | ov_102 | 9.243896509377174 × 10^286 |
| 103 | ov_103 | 7.533535969784225 × 10^286 |
| 104 | ov_104 | 6.173092673823798 × 10^286 |
| 105 | ov_105 | 5.104024516010138 × 10^286 |
| 106 | ov_106 | 4.2709044862629757 × 10^286 |
| 107 | ov_107 | 3.6212378088430002 × 10^286 |
| 108 | ov_108 | 3.105305226390226 × 10^286 |
| 109 | ov_109 | 2.6760297865605737 × 10^286 |
| 110 | ov_110 | 2.2888646381870144 × 10^286 |
| 111 | ov_111 | 1.9414503046427071 × 10^286 |
| 112 | ov_112 | 1.631489996958508 × 10^286 |
| 113 | ov_113 | 1.3567371419129256 × 10^286 |
| 114 | ov_114 | 1.1149846953605496 × 10^286 |
| 115 | ov_115 | 9.040561033345146 × 10^285 |
| 116 | ov_116 | 7.217977740015636 × 10^285 |
| 117 | ov_117 | 5.660729238893734 × 10^285 |
| 118 | ov_118 | 4.3475666200435023 × 10^285 |
| 119 | ov_119 | 3.2573217556420987 × 10^285 |
| 120 | ov_120 | 2.368878811223421 × 10^285 |
| 121 | ov_121 | 1.6611540488650002 × 10^285 |
| 122 | ov_122 | 1.1130825604684433 × 10^285 |
| 123 | ov_123 | 7.036101286464458 × 10^284 |
| 124 | ov_124 | 4.116881422755414 × 10^284 |
| 125 | ov_125 | 2.162704420902526 × 10^284 |
| 126 | ov_126 | 9.631170905198591 × 10^283 |
| 127 | aaa_77_28 | 3.0766844601692997 × 10^283 |
| 128 | aaa_77_29 | 1.1541326911552958 × 10^283 |
| 129 | ov_129 | 1.0832593544701908 × 10^283 |
| 130 | ov_130 | 1.0832563636713894 × 10^283 |
| 131 | ov_131 | 1.083255639231449 × 10^283 |
| 132 | ov_132 | 9.423351006705879 × 10^282 |
| 133 | ov_133 | 8.158422460614759 × 10^282 |
| 134 | ov_134 | 7.02694048022396 × 10^282 |
| 135 | ov_135 | 6.0186683848868 × 10^282 |
| 136 | ov_136 | 5.1239209759778354 × 10^282 |
| 137 | ov_137 | 4.3335279051457214 × 10^282 |
| 138 | ov_138 | 3.6388020215916914 × 10^282 |
| 139 | ov_139 | 3.0315122242713797 × 10^282 |
| 140 | ov_140 | 2.5038603702931363 × 10^282 |
| 141 | ov_141 | 2.0484618154376453 × 10^282 |
| 142 | ov_142 | 1.6583291868027504 × 10^282 |
| 143 | ov_143 | 1.3268590112132069 × 10^282 |
| 144 | ov_144 | 1.0478208463360213 × 10^282 |
| 145 | ov_145 | 8.153485844978919 × 10^281 |
| 146 | ov_146 | 6.239336220842682 × 10^281 |
| 147 | ov_147 | 4.6841961016617254 × 10^281 |
| 148 | ov_148 | 3.43998524693541 × 10^281 |
| 149 | ov_149 | 2.4620781724209716 × 10^281 |
| 150 | ov_150 | 1.7092842992378383 × 10^281 |
| 151 | ov_151 | 1.1438348067953185 × 10^281 |
| 152 | ov_152 | 7.313744777355551 × 10^280 |
| 153 | ov_153 | 4.409570490375748 × 10^280 |
| 154 | ov_154 | 2.4504280935303124 × 10^280 |
| 155 | ov_155 | 1.1949744122784497 × 10^280 |
| 156 | aaa_76_25 | 4.3591480740389176 × 10^279 |
| 157 | aaa_76_26 | 2.5197485765098634 × 10^279 |
| 158 | aaa_76_27 | 1.291263738888437 × 10^279 |
| 159 | aaa_76_28 | 5.034752306825301 × 10^278 |
| 160 | aaa_76_29 | 1.5334086075222838 × 10^278 |

### Output Bits Sorted by Complexity

| Rank | Output Bit | Complexity |
|:----:|:----------:|:----------:|
| 160 | aaa_76_29 | 1.5334086075222838 × 10^278 |
| 159 | aaa_76_28 | 5.034752306825301 × 10^278 |
| 158 | aaa_76_27 | 1.291263738888437 × 10^279 |
| 157 | aaa_76_26 | 2.5197485765098634 × 10^279 |
| 156 | aaa_76_25 | 4.3591480740389176 × 10^279 |
| 155 | ov_155 | 1.1949744122784497 × 10^280 |
| 154 | ov_154 | 2.4504280935303124 × 10^280 |
| 153 | ov_153 | 4.409570490375748 × 10^280 |
| 152 | ov_152 | 7.313744777355551 × 10^280 |
| 151 | ov_151 | 1.1438348067953185 × 10^281 |
| 150 | ov_150 | 1.7092842992378383 × 10^281 |
| 149 | ov_149 | 2.4620781724209716 × 10^281 |
| 148 | ov_148 | 3.43998524693541 × 10^281 |
| 147 | ov_147 | 4.6841961016617254 × 10^281 |
| 146 | ov_146 | 6.239336220842682 × 10^281 |
| 145 | ov_145 | 8.153485844978919 × 10^281 |
| 144 | ov_144 | 1.0478208463360213 × 10^282 |
| 143 | ov_143 | 1.3268590112132069 × 10^282 |
| 142 | ov_142 | 1.6583291868027504 × 10^282 |
| 141 | ov_141 | 2.0484618154376453 × 10^282 |
| 140 | ov_140 | 2.5038603702931363 × 10^282 |
| 139 | ov_139 | 3.0315122242713797 × 10^282 |
| 138 | ov_138 | 3.6388020215916914 × 10^282 |
| 137 | ov_137 | 4.3335279051457214 × 10^282 |
| 136 | ov_136 | 5.1239209759778354 × 10^282 |
| 135 | ov_135 | 6.0186683848868 × 10^282 |
| 134 | ov_134 | 7.02694048022396 × 10^282 |
| 133 | ov_133 | 8.158422460614759 × 10^282 |
| 132 | ov_132 | 9.423351006705879 × 10^282 |
| 131 | ov_131 | 1.083255639231449 × 10^283 |
| 130 | ov_130 | 1.0832563636713894 × 10^283 |
| 129 | ov_129 | 1.0832593544701908 × 10^283 |
| 128 | aaa_77_29 | 1.1541326911552958 × 10^283 |
| 127 | aaa_77_28 | 3.0766844601692997 × 10^283 |
| 126 | ov_126 | 9.631170905198591 × 10^283 |
| 125 | ov_125 | 2.162704420902526 × 10^284 |
| 124 | ov_124 | 4.116881422755414 × 10^284 |
| 123 | ov_123 | 7.036101286464458 × 10^284 |
| 122 | ov_122 | 1.1130825604684433 × 10^285 |
| 121 | ov_121 | 1.6611540488650002 × 10^285 |
| 120 | ov_120 | 2.368878811223421 × 10^285 |
| 119 | ov_119 | 3.2573217556420987 × 10^285 |
| 118 | ov_118 | 4.3475666200435023 × 10^285 |
| 117 | ov_117 | 5.660729238893734 × 10^285 |
| 116 | ov_116 | 7.217977740015636 × 10^285 |
| 115 | ov_115 | 9.040561033345146 × 10^285 |
| 114 | ov_114 | 1.1149846953605496 × 10^286 |
| 113 | ov_113 | 1.3567371419129256 × 10^286 |
| 112 | ov_112 | 1.631489996958508 × 10^286 |
| 111 | ov_111 | 1.9414503046427071 × 10^286 |
| 110 | ov_110 | 2.2888646381870144 × 10^286 |
| 109 | ov_109 | 2.6760297865605737 × 10^286 |
| 108 | ov_108 | 3.105305226390226 × 10^286 |
| 107 | ov_107 | 3.6212378088430002 × 10^286 |
| 106 | ov_106 | 4.2709044862629757 × 10^286 |
| 105 | ov_105 | 5.104024516010138 × 10^286 |
| 104 | ov_104 | 6.173092673823798 × 10^286 |
| 103 | ov_103 | 7.533535969784225 × 10^286 |
| 102 | ov_102 | 9.243896509377174 × 10^286 |
| 101 | ov_101 | 1.1366043295977805 × 10^287 |
| 100 | ov_100 | 1.3965415930262015 × 10^287 |
| 99 | ov_099 | 1.7111303327769494 × 10^287 |
| 98 | ov_098 | 1.7111392802510381 × 10^287 |
| 97 | ov_097 | 1.71116725792017 × 10^287 |
| 96 | aaa_78_29 | 3.0419990137190392 × 10^287 |
| 95 | aaa_78_28 | 1.0238715601013734 × 10^288 |
| 94 | ov_094 | 3.386699034392541 × 10^288 |
| 93 | ov_093 | 8.086628268520649 × 10^288 |
| 92 | ov_092 | 1.6532130170225742 × 10^289 |
| 91 | ov_091 | 3.1950489667517905 × 10^289 |
| 90 | ov_090 | 5.838973459282792 × 10^289 |
| 89 | ov_089 | 1.0071883103454046 × 10^290 |
| 88 | ov_088 | 1.6462810390525335 × 10^290 |
| 87 | ov_087 | 2.566300198368178 × 10^290 |
| 86 | ov_086 | 3.840604910634923 × 10^290 |
| 85 | ov_085 | 5.550808672698663 × 10^290 |
| 84 | ov_084 | 7.786807837978199 × 10^290 |
| 83 | ov_083 | 1.0646820346252179 × 10^291 |
| 82 | ov_082 | 1.4237436385674762 × 10^291 |
| 81 | ov_081 | 1.8673682672260607 × 10^291 |
| 64 | lv_79_m31 | 2.1156743595161704 × 10^291 |
| 80 | ov_080 | 2.4079102033369885 × 10^291 |
| 79 | ov_079 | 3.0585849983909555 × 10^291 |
| 78 | ov_078 | 3.833480998752295 × 10^291 |
| 77 | ov_077 | 4.74757291005705 × 10^291 |
| 76 | ov_076 | 5.816737570492861 × 10^291 |
| 75 | ov_075 | 7.057772104737714 × 10^291 |
| 74 | ov_074 | 8.488414631954597 × 10^291 |
| 73 | ov_073 | 1.0127367703409185 × 10^292 |
| 63 | ov_063 | 1.0848855263895583 × 10^292 |
| 72 | ov_072 | 1.1994324648113242 × 10^292 |
| 71 | ov_071 | 1.4109999008524015 × 10^292 |
| 70 | ov_070 | 1.649615767398953 × 10^292 |
| 69 | ov_069 | 1.9175659612938504 × 10^292 |
| 68 | ov_068 | 2.2172503473391865 × 10^292 |
| 67 | ov_067 | 2.551188792617811 × 10^292 |
| 66 | ov_066 | 2.5511901530611067 × 10^292 |
| 65 | ov_065 | 2.551195944751534 × 10^292 |
| 62 | ov_062 | 5.56195610434458 × 10^292 |
| 61 | ov_061 | 2.0261279043364616 × 10^293 |
| 60 | ov_060 | 5.7964878604592175 × 10^293 |
| 59 | ov_059 | 1.3978712310764703 × 10^294 |
| 58 | ov_058 | 2.8359407382643436 × 10^294 |
| 57 | ov_057 | 5.1223573589109026 × 10^294 |
| 56 | ov_056 | 8.763962325558262 × 10^294 |
| 55 | ov_055 | 1.4367283847056865 × 10^295 |
| 54 | ov_054 | 2.263855227666428 × 10^295 |
| 53 | ov_053 | 3.4383730774754485 × 10^295 |
| 52 | ov_052 | 5.050857253272559 × 10^295 |
| 51 | ov_051 | 7.201872351171581 × 10^295 |
| 50 | ov_050 | 1.000198987996718 × 10^296 |
| 49 | ov_049 | 1.3571816825553042 × 10^296 |
| 48 | ov_048 | 1.8042039367905055 × 10^296 |
| 47 | ov_047 | 2.3553486631971935 × 10^296 |
| 32 | lv_80_m31 | 2.6018422295377202 × 10^296 |
| 46 | ov_046 | 3.025722001217152 × 10^296 |
| 45 | ov_045 | 3.831465426989888 × 10^296 |
| 44 | ov_044 | 4.7897717265129945 × 10^296 |
| 43 | ov_043 | 5.918905584760403 × 10^296 |
| 42 | ov_042 | 7.23822961010782 × 10^296 |
| 41 | ov_041 | 8.768236680682877 × 10^296 |
| 40 | ov_040 | 1.0530589567113365 × 10^297 |
| 39 | ov_039 | 1.2548168854711428 × 10^297 |
| 31 | ov_031 | 1.3341013342335314 × 10^297 |
| 38 | ov_038 | 1.4845130257539304 × 10^297 |
| 37 | ov_037 | 1.7446972487212965 × 10^297 |
| 36 | ov_036 | 2.0380616910887907 × 10^297 |
| 35 | ov_035 | 2.3674500305819806 × 10^297 |
| 34 | ov_034 | 2.735868209239954 × 10^297 |
| 33 | ov_033 | 3.146496750383801 × 10^297 |
| 30 | ov_030 | 6.839251446322489 × 10^297 |
| 29 | ov_029 | 2.2369626975312614 × 10^298 |
| 28 | ov_028 | 5.804648299434241 × 10^298 |
| 27 | ov_027 | 1.3982926969426582 × 10^299 |
| 26 | ov_026 | 3.055219588807107 × 10^299 |
| 25 | ov_025 | 6.051837498897795 × 10^299 |
| 24 | ov_024 | 1.101129379311347 × 10^300 |
| 23 | ov_023 | 1.8679300822263933 × 10^300 |
| 22 | ov_022 | 2.9924160275734677 × 10^300 |
| 21 | ov_021 | 4.5736814894239116 × 10^300 |
| 20 | ov_020 | 6.72309427994783 × 10^300 |
| 19 | ov_019 | 9.564311383593133 × 10^300 |
| 18 | ov_018 | 1.3233303783752278 × 10^301 |
| 17 | ov_017 | 1.7878394756824118 × 10^301 |
| 16 | ov_016 | 2.3660316884826076 × 10^301 |
| 15 | ov_015 | 3.07522938355007 × 10^301 |
| 14 | ov_014 | 3.9340153757030425 × 10^301 |
| 13 | ov_013 | 4.962248193333181 × 10^301 |
| 12 | ov_012 | 6.181082114593782 × 10^301 |
| 11 | ov_011 | 7.612992899043979 × 10^301 |
| 10 | ov_010 | 9.281810220040682 × 10^301 |
| 9 | ov_009 | 1.1212757884104895 × 10^302 |
| 8 | ov_008 | 1.3432503005048001 × 10^302 |
| 7 | ov_007 | 1.5969215383057243 × 10^302 |
| 6 | ov_006 | 1.8852638422491135 × 10^302 |
| 5 | ov_005 | 2.211417300716513 × 10^302 |
| 4 | ov_004 | 2.5786975838819153 × 10^302 |
| 3 | ov_003 | 2.9906073833723087 × 10^302 |
| 2 | ov_002 | 3.4508496264539675 × 10^302 |
| 1 | ov_001 | 3.963342643024985 × 10^302 |

