# Results for F001-F002-F003-F004-F005-F006-F007-F008-F009-F010-F011-F012-F013-F014-F015-F016-F017-F018-F019-F020-F021-F022-F023-F024-F025-F026-F027-F028-F029-F030-F031-F032-F033-F034-F035-F036-F037-F038-F039-F040-F041-F042-F043-F044-F045-F046-F047-F048-F049-F050-F051-F052-F053-F054-F055-F056-F057-F058-F059-F060-F061-F062-F063-F064-F065-F066-F067-F068-F069-F070-F071-F072-F073-F074-F075-F076-F077-F078-F079-F080-F081-F082-F083-F084-F085-F086-F087-F088-F089-F090-F091-F092-F093-F094-F095-F096-F097-F098-F099-F100-F101-F102-F103-F104-F105-F106-F107-F108-F109-F110-F111-F112-F113-F114-F115-F116-F117-F118-F119-F120-F121-F122-F123-F124-F125-F126-F127-F128-F129-F130-F131-F132-F133-F134-F135-F136-F137-F138-F139-F140-F141-F142-F143-F144-F145-F146-F147-F148-F149-F150-F151-F152-F153-F154-F155-F156-F157-F158-F159-F160-F161-F162-F163-F164-F165-F166-F167-F168-F169-F170-F171-F172-F173-F174-F175-F176-F177-F178-F179-F180-F181-F182-F183-F184-F185-F186-F187-F188-F189-F190-F191-F192-F193-F194-F195-F196-F197-F198-F199-F200-F201-F202-F203-F204-F205-F206-F207-F208-F209-F210-F211-F212-F213-F214-F215-F216-F217-F218-F219-F220-F221-F222-F223-F224-F225-F226-F227-F228-F229-F230-F231-F232-F233-F234-F235-F236-F237-F238-F239-F240-F241-F242-F243-F244-F245-F246-F247-F248-F249-F250-F251-F252-F253-F254-F255-F256-F257-F258-F259-F260-F261-F262-F263-F264-F265-F266-F267-F268-F269-F270-F271-F272-F273-F274-F275-F276-F277-F278-F279-F280-F281-F282-F283-F284-F285-F286-F287-F288-F289-F290-F291-F292-F293-F294-F295-F296-F297-F298-F299-F300-F301-F302-F303-F304-F305-F306-F307-F308-F309-F310-F311-F312-F313-F314-F315-F316-F317-F318-F319-F320-F321-F322-F323-F324-F325-F326-F327-F328-F329-F330-F331-F332-F333-F334-F335-F336-F337-F338-F339-F340-F341-F342-F343-F344-F345-F346-F347-F348-F349-F350-F351-F352-F353-F354-F355-F356-F357-F358-F359-F360-F361-F362-F363-F364-F365-F366-F367-F368-F369-F370-F371-F372-F373-F374-F375-F376-F377-F378-F379-F380-F381-F382-F383-F384-F385-F386-F387-F388-F389-F390-F391-F392-F393-F394-F395-F396-F397-F398-F399-F400-F401-F402-F403-F404-F405-F406-F407-F408-F409-F410-F411-F412-F413-F414-F415-F416-F417-F418-F419-F420-F421-F422-F423-F424-F425-F426-F427-F428-F429-F430-F431-F432-F433-F434-F435-F436-F437-F438-F439-F440-F441-F442-F443-F444-F445-F446-F447-F448-F449-F450-F451-F452-F453-F454-F455-F456-F457-F458-F459-F460-F461-F462-F463-F464-F465-F466-F467-F468-F469-F470-F471-F472-F473-F474-F475-F476-F477-F478-F479-F480-F481-F482-F483-F484-F485-F486-F487-F488-F489-F490-F491-F492-F493-F494-F495-F496-O499510-E500511-E507512

## Summary

Number of input bits: 512  
Number of free input bits: 13  
Number of output bits: 160

Number of direct occurrences: 53081  
Number of assignments: 32250  
Number of operations: 11495496
(xor: 11466712,
and: 15045,
or: 13739)

Total complexity: 1.6017690403097683 × 10^304

Least occurring input variable: iv_502 (3920)  
Most occurring input variable: iv_507 (4382)

Most co-occurring input variables: iv_499-iv_507 (2066)  
Least co-occurring input variables: iv_498-iv_502 (1778)

Potentially most occurring input variable: iv_500/iv_507 (4610)  
Potentially least occurring input variable: iv_502/iv_505 (4162)

Least output occurring input variable: iv_503 (72)  
Most output occurring input variable: iv_498 (91)

Most output co-occurring input variables: iv_499-iv_500 (52)  
Least output co-occurring input variables: iv_503-iv_508 (31)

Potentially most output occurring input variable: iv_500/iv_501 (91)  
Potentially least output occurring input variable: iv_499/iv_500 (66)

Least complex input bit: iv_497 (1.129216694567575 × 10^301)  
Most complex input bit: iv_499 (3.970903441460836 × 10^303)

Least complex output bit: aaa_76_29 (6.628669196319323 × 10^278)  
Most complex output bit: ov_001 (2.492105632326787 × 10^303)

Least complex input/output complexity: iv_497/aaa_76_29 (4.6730856514757156 × 10^275)  
Most complex input/output complexity: iv_499/ov_001 (6.17811343761307 × 10^302)

## Input Bits

### Input Bits in Regular Order

| Input Bit | Complexity | Occurrences | Output Occurrences |
|:---------:|:----------:|:-----------:|:------------------:|
| iv_497 | 1.129216694567575 × 10^301 | 4087 | 82 |
| iv_498 | 2.2778722353828925 × 10^301 | 4008 | 91 |
| iv_499 | 3.970903441460836 × 10^303 | 4278 | 87 |
| iv_500 | 1.2326531053648265 × 10^303 | 4196 | 83 |
| iv_501 | 1.1713206315608677 × 10^302 | 4111 | 80 |
| iv_502 | 1.9038497299390318 × 10^302 | 3920 | 82 |
| iv_503 | 3.003902071268746 × 10^302 | 4072 | 72 |
| iv_504 | 4.627697861320517 × 10^302 | 3961 | 78 |
| iv_505 | 6.993262815433665 × 10^302 | 3980 | 78 |
| iv_506 | 1.0389897762958886 × 10^303 | 3986 | 82 |
| iv_507 | 2.8627903162716038 × 10^303 | 4382 | 77 |
| iv_508 | 2.1543480461980164 × 10^303 | 4062 | 77 |
| iv_509 | 2.9539315172547304 × 10^303 | 4038 | 78 |

### Input Bits Sorted by Complexity

| Input Bit | Complexity | Occurrences | Output Occurrences |
|:---------:|:----------:|:-----------:|:------------------:|
| iv_497 | 1.129216694567575 × 10^301 | 4087 | 82 |
| iv_498 | 2.2778722353828925 × 10^301 | 4008 | 91 |
| iv_501 | 1.1713206315608677 × 10^302 | 4111 | 80 |
| iv_502 | 1.9038497299390318 × 10^302 | 3920 | 82 |
| iv_503 | 3.003902071268746 × 10^302 | 4072 | 72 |
| iv_504 | 4.627697861320517 × 10^302 | 3961 | 78 |
| iv_505 | 6.993262815433665 × 10^302 | 3980 | 78 |
| iv_506 | 1.0389897762958886 × 10^303 | 3986 | 82 |
| iv_500 | 1.2326531053648265 × 10^303 | 4196 | 83 |
| iv_508 | 2.1543480461980164 × 10^303 | 4062 | 77 |
| iv_507 | 2.8627903162716038 × 10^303 | 4382 | 77 |
| iv_509 | 2.9539315172547304 × 10^303 | 4038 | 78 |
| iv_499 | 3.970903441460836 × 10^303 | 4278 | 87 |

### Input Bits Sorted by Occurrences

| Input Bit | Complexity | Occurrences | Output Occurrences |
|:---------:|:----------:|:-----------:|:------------------:|
| iv_502 | 1.9038497299390318 × 10^302 | 3920 | 82 |
| iv_504 | 4.627697861320517 × 10^302 | 3961 | 78 |
| iv_505 | 6.993262815433665 × 10^302 | 3980 | 78 |
| iv_506 | 1.0389897762958886 × 10^303 | 3986 | 82 |
| iv_498 | 2.2778722353828925 × 10^301 | 4008 | 91 |
| iv_509 | 2.9539315172547304 × 10^303 | 4038 | 78 |
| iv_508 | 2.1543480461980164 × 10^303 | 4062 | 77 |
| iv_503 | 3.003902071268746 × 10^302 | 4072 | 72 |
| iv_497 | 1.129216694567575 × 10^301 | 4087 | 82 |
| iv_501 | 1.1713206315608677 × 10^302 | 4111 | 80 |
| iv_500 | 1.2326531053648265 × 10^303 | 4196 | 83 |
| iv_499 | 3.970903441460836 × 10^303 | 4278 | 87 |
| iv_507 | 2.8627903162716038 × 10^303 | 4382 | 77 |

### Input Bits Sorted by Output Occurrences

| Input Bit | Complexity | Occurrences | Output Occurrences |
|:---------:|:----------:|:-----------:|:------------------:|
| iv_503 | 3.003902071268746 × 10^302 | 4072 | 72 |
| iv_508 | 2.1543480461980164 × 10^303 | 4062 | 77 |
| iv_507 | 2.8627903162716038 × 10^303 | 4382 | 77 |
| iv_504 | 4.627697861320517 × 10^302 | 3961 | 78 |
| iv_505 | 6.993262815433665 × 10^302 | 3980 | 78 |
| iv_509 | 2.9539315172547304 × 10^303 | 4038 | 78 |
| iv_501 | 1.1713206315608677 × 10^302 | 4111 | 80 |
| iv_502 | 1.9038497299390318 × 10^302 | 3920 | 82 |
| iv_497 | 1.129216694567575 × 10^301 | 4087 | 82 |
| iv_506 | 1.0389897762958886 × 10^303 | 3986 | 82 |
| iv_500 | 1.2326531053648265 × 10^303 | 4196 | 83 |
| iv_499 | 3.970903441460836 × 10^303 | 4278 | 87 |
| iv_498 | 2.2778722353828925 × 10^301 | 4008 | 91 |

## Input Bit Co-occurrences

### Input Bit Co-occurrences Sorted by Co-occurrences

| Input Bits | Co-occurrences | Potential Occurrences | Output Co-occurrences | Potential Output Occurrences |
|:----------:|:--------------:|:---------------------:|:---------------------:|:----------------------------:|
| iv_499-iv_507 | 2066 | 4528 | 45 | 74 |
| iv_501-iv_507 | 2023 | 4447 | 38 | 81 |
| iv_499-iv_500 | 2008 | 4458 | 52 | 66 |
| iv_499-iv_509 | 1987 | 4342 | 49 | 67 |
| iv_500-iv_507 | 1984 | 4610 | 40 | 80 |
| iv_507-iv_508 | 1977 | 4490 | 37 | 80 |
| iv_497-iv_503 | 1976 | 4207 | 35 | 84 |
| iv_497-iv_501 | 1973 | 4252 | 40 | 82 |
| iv_503-iv_507 | 1972 | 4510 | 38 | 73 |
| iv_497-iv_507 | 1971 | 4527 | 41 | 77 |
| iv_497-iv_499 | 1969 | 4427 | 50 | 69 |
| iv_502-iv_507 | 1963 | 4376 | 40 | 79 |
| iv_499-iv_503 | 1961 | 4428 | 40 | 79 |

### Input Bit Co-occurrences Sorted by Potential Occurrences

| Input Bits | Co-occurrences | Potential Occurrences | Output Co-occurrences | Potential Output Occurrences |
|:----------:|:--------------:|:---------------------:|:---------------------:|:----------------------------:|
| iv_502-iv_505 | 1869 | 4162 | 41 | 78 |
| iv_506-iv_509 | 1922 | 4180 | 42 | 76 |
| iv_501-iv_505 | 1955 | 4181 | 43 | 72 |
| iv_504-iv_506 | 1883 | 4181 | 42 | 76 |
| iv_506-iv_508 | 1926 | 4196 | 40 | 79 |
| iv_504-iv_505 | 1870 | 4201 | 40 | 76 |
| iv_498-iv_506 | 1895 | 4204 | 43 | 87 |
| iv_497-iv_503 | 1976 | 4207 | 35 | 84 |
| iv_503-iv_506 | 1925 | 4208 | 37 | 80 |
| iv_498-iv_508 | 1929 | 4212 | 42 | 84 |
| iv_508-iv_509 | 1942 | 4216 | 36 | 83 |
| iv_504-iv_508 | 1901 | 4221 | 42 | 71 |
| iv_497-iv_506 | 1920 | 4233 | 47 | 70 |

### Input Bit Output Co-occurrences Sorted by Output Co-occurrences

| Input Bits | Co-occurrences | Potential Occurrences | Output Co-occurrences | Potential Output Occurrences |
|:----------:|:--------------:|:---------------------:|:---------------------:|:----------------------------:|
| iv_499-iv_500 | 2008 | 4458 | 52 | 66 |
| iv_497-iv_499 | 1969 | 4427 | 50 | 69 |
| iv_498-iv_499 | 1896 | 4494 | 50 | 78 |
| iv_498-iv_507 | 1958 | 4474 | 50 | 68 |
| iv_498-iv_501 | 1900 | 4319 | 49 | 73 |
| iv_499-iv_509 | 1987 | 4342 | 49 | 67 |
| iv_497-iv_506 | 1920 | 4233 | 47 | 70 |
| iv_499-iv_501 | 1911 | 4567 | 47 | 73 |
| iv_498-iv_500 | 1868 | 4468 | 47 | 80 |
| iv_497-iv_498 | 1882 | 4331 | 46 | 81 |
| iv_499-iv_502 | 1870 | 4458 | 45 | 79 |
| iv_499-iv_506 | 1928 | 4408 | 45 | 79 |
| iv_499-iv_507 | 2066 | 4528 | 45 | 74 |

### Input Bit Output Co-occurrences Sorted by Potential Output Occurrences

| Input Bits | Co-occurrences | Potential Occurrences | Output Co-occurrences | Potential Output Occurrences |
|:----------:|:--------------:|:---------------------:|:---------------------:|:----------------------------:|
| iv_499-iv_500 | 2008 | 4458 | 52 | 66 |
| iv_499-iv_509 | 1987 | 4342 | 49 | 67 |
| iv_498-iv_507 | 1958 | 4474 | 50 | 68 |
| iv_497-iv_499 | 1969 | 4427 | 50 | 69 |
| iv_503-iv_504 | 1872 | 4289 | 40 | 70 |
| iv_497-iv_506 | 1920 | 4233 | 47 | 70 |
| iv_500-iv_508 | 1940 | 4378 | 45 | 70 |
| iv_504-iv_508 | 1901 | 4221 | 42 | 71 |
| iv_501-iv_505 | 1955 | 4181 | 43 | 72 |
| iv_503-iv_507 | 1972 | 4510 | 38 | 73 |
| iv_498-iv_501 | 1900 | 4319 | 49 | 73 |
| iv_499-iv_501 | 1911 | 4567 | 47 | 73 |
| iv_502-iv_504 | 1814 | 4253 | 43 | 74 |

## Output Bits

### Output Bits in Regular Order

| Rank | Output Bit | Complexity |
|:----:|:----------:|:----------:|
| 1 | ov_001 | 2.492105632326787 × 10^303 |
| 2 | ov_002 | 2.169855397211764 × 10^303 |
| 3 | ov_003 | 1.8804599264874943 × 10^303 |
| 4 | ov_004 | 1.6214554176061783 × 10^303 |
| 5 | ov_005 | 1.3905135085888187 × 10^303 |
| 6 | ov_006 | 1.1854317417068321 × 10^303 |
| 7 | ov_007 | 1.0041252550431697 × 10^303 |
| 8 | ov_008 | 8.446195898108753 × 10^302 |
| 9 | ov_009 | 7.050445073315411 × 10^302 |
| 10 | ov_010 | 5.836287153776425 × 10^302 |
| 11 | ov_011 | 4.7869540920065465 × 10^302 |
| 12 | ov_012 | 3.8865853803563752 × 10^302 |
| 13 | ov_013 | 3.120197132223907 × 10^302 |
| 14 | ov_014 | 2.473656793388615 × 10^302 |
| 15 | ov_015 | 1.933662749257735 × 10^302 |
| 16 | ov_016 | 1.4877281451034604 × 10^302 |
| 17 | ov_017 | 1.124168287261254 × 10^302 |
| 18 | ov_018 | 8.320910438700352 × 10^301 |
| 19 | ov_019 | 6.013897141548054 × 10^301 |
| 20 | ov_020 | 4.2273788554861703 × 10^301 |
| 21 | ov_021 | 2.875858481711537 × 10^301 |
| 22 | ov_022 | 1.881581863571574 × 10^301 |
| 23 | ov_023 | 1.1745221707909858 × 10^301 |
| 24 | ov_024 | 6.923700648106541 × 10^300 |
| 25 | ov_025 | 3.805277644324339 × 10^300 |
| 26 | ov_026 | 1.9210579218792156 × 10^300 |
| 27 | ov_027 | 8.79214418757174 × 10^299 |
| 28 | ov_028 | 3.649817361321037 × 10^299 |
| 29 | ov_029 | 1.4065418886606062 × 10^299 |
| 30 | ov_030 | 4.300325365077762 × 10^298 |
| 31 | ov_031 | 8.38842266023429 × 10^297 |
| 32 | lv_80_m31 | 1.6359545347745942 × 10^297 |
| 33 | ov_033 | 1.9784420398271426 × 10^298 |
| 34 | ov_034 | 1.7202355635490947 × 10^298 |
| 35 | ov_035 | 1.4885757364841188 × 10^298 |
| 36 | ov_036 | 1.281461244101866 × 10^298 |
| 37 | ov_037 | 1.0970007920233409 × 10^298 |
| 38 | ov_038 | 9.33405338536623 × 10^297 |
| 39 | ov_039 | 7.889813280952592 × 10^297 |
| 40 | ov_040 | 6.621248350206217 × 10^297 |
| 41 | ov_041 | 5.513165312133347 × 10^297 |
| 42 | ov_042 | 4.5511739618483295 × 10^297 |
| 43 | ov_043 | 3.721650921585509 × 10^297 |
| 44 | ov_044 | 3.011709313698662 × 10^297 |
| 45 | ov_045 | 2.4091736702266252 × 10^297 |
| 46 | ov_046 | 1.9025594364557997 × 10^297 |
| 47 | ov_047 | 1.4810564683944657 × 10^297 |
| 48 | ov_048 | 1.1345159662520005 × 10^297 |
| 49 | ov_049 | 8.53440327945424 × 10^296 |
| 50 | ov_050 | 6.289754483875742 × 10^296 |
| 51 | ov_051 | 4.529050318867565 × 10^296 |
| 52 | ov_052 | 3.1764652644244227 × 10^296 |
| 53 | ov_053 | 2.162483300896508 × 10^296 |
| 54 | ov_054 | 1.4238796075426348 × 10^296 |
| 55 | ov_055 | 9.037092235364889 × 10^295 |
| 56 | ov_056 | 5.513004112701153 × 10^295 |
| 57 | ov_057 | 3.2225093812756197 × 10^295 |
| 58 | ov_058 | 1.7842607129824796 × 10^295 |
| 59 | ov_059 | 8.795757937635058 × 10^294 |
| 60 | ov_060 | 3.6477894029333214 × 10^294 |
| 61 | ov_061 | 1.2752429060855704 × 10^294 |
| 62 | ov_062 | 3.501184912209378 × 10^293 |
| 63 | ov_063 | 6.830251565792793 × 10^292 |
| 64 | lv_79_m31 | 1.33219091379884 × 10^292 |
| 65 | ov_065 | 1.6077120823300272 × 10^293 |
| 66 | ov_066 | 1.6077081773103776 × 10^293 |
| 67 | ov_067 | 1.607707251019799 × 10^293 |
| 68 | ov_068 | 1.398026822692857 × 10^293 |
| 69 | ov_069 | 1.209718137291931 × 10^293 |
| 70 | ov_070 | 1.0412290159820612 × 10^293 |
| 71 | ov_071 | 8.910802250334674 × 10^292 |
| 72 | ov_072 | 7.578611336149112 × 10^292 |
| 73 | ov_073 | 6.402263111845026 × 10^292 |
| 74 | ov_074 | 5.368928969948809 × 10^292 |
| 75 | ov_075 | 4.466385831908055 × 10^292 |
| 76 | ov_076 | 3.683000615805729 × 10^292 |
| 77 | ov_077 | 3.007717924691547 × 10^292 |
| 78 | ov_078 | 2.430049762695535 × 10^292 |
| 79 | ov_079 | 1.9400665833079435 × 10^292 |
| 80 | ov_080 | 1.528389441734855 × 10^292 |
| 81 | ov_081 | 1.1861831763728452 × 10^292 |
| 82 | ov_082 | 9.051505451463364 × 10^291 |
| 83 | ov_083 | 6.775272429589621 × 10^291 |
| 84 | ov_084 | 4.960777268657521 × 10^291 |
| 85 | ov_085 | 3.5409177581204894 × 10^291 |
| 86 | ov_086 | 2.4538171193877635 × 10^291 |
| 87 | ov_087 | 1.642802105481516 × 10^291 |
| 88 | ov_088 | 1.056386258797087 × 10^291 |
| 89 | ov_089 | 6.482575987802005 × 10^290 |
| 90 | ov_090 | 3.772700115012035 × 10^290 |
| 91 | ov_091 | 2.0743761318605358 × 10^290 |
| 92 | ov_092 | 1.0793136589187354 × 10^290 |
| 93 | ov_093 | 5.307725946063789 × 10^289 |
| 94 | ov_094 | 2.2355467047135743 × 10^289 |
| 95 | aaa_78_28 | 6.794559803113909 × 10^288 |
| 96 | aaa_78_29 | 2.035127252772953 × 10^288 |
| 97 | ov_097 | 1.0597906623789489 × 10^288 |
| 98 | ov_098 | 1.0597785681000562 × 10^288 |
| 99 | ov_099 | 1.0597747002565091 × 10^288 |
| 100 | ov_100 | 8.705262946685666 × 10^287 |
| 101 | ov_101 | 7.097622047481736 × 10^287 |
| 102 | ov_102 | 5.744871864499202 × 10^287 |
| 103 | ov_103 | 4.618723951782197 × 10^287 |
| 104 | ov_104 | 3.692433372927623 × 10^287 |
| 105 | ov_105 | 2.940693353901532 × 10^287 |
| 106 | ov_106 | 2.339543724364314 × 10^287 |
| 107 | ov_107 | 1.866291869887873 × 10^287 |
| 108 | ov_108 | 1.4994449862639502 × 10^287 |
| 109 | ov_109 | 1.218652493592954 × 10^287 |
| 110 | ov_110 | 1.0046575324392092 × 10^287 |
| 111 | ov_111 | 8.392565274181227 × 10^286 |
| 112 | ov_112 | 7.052658654668931 × 10^286 |
| 113 | ov_113 | 5.864947970175226 × 10^286 |
| 114 | ov_114 | 4.819892537629807 × 10^286 |
| 115 | ov_115 | 3.908083477909671 × 10^286 |
| 116 | ov_116 | 3.1202111733587126 × 10^286 |
| 117 | ov_117 | 2.447038666056669 × 10^286 |
| 118 | ov_118 | 1.8793804072817405 × 10^286 |
| 119 | ov_119 | 1.4080857690698415 × 10^286 |
| 120 | ov_120 | 1.0240267290012493 × 10^286 |
| 121 | ov_121 | 7.180891394557597 × 10^285 |
| 122 | ov_122 | 4.811669926314923 × 10^285 |
| 123 | ov_123 | 3.0415890214234156 × 10^285 |
| 124 | ov_124 | 1.7796590509638558 × 10^285 |
| 125 | ov_125 | 9.349009849894329 × 10^284 |
| 126 | ov_126 | 4.163394257137636 × 10^284 |
| 127 | aaa_77_28 | 1.329999284466999 × 10^284 |
| 128 | aaa_77_29 | 4.989122782295505 × 10^283 |
| 129 | ov_129 | 4.682749189880132 × 10^283 |
| 130 | ov_130 | 4.68273626115664 × 10^283 |
| 131 | ov_131 | 4.682733129523823 × 10^283 |
| 132 | ov_132 | 4.0735571874373657 × 10^283 |
| 133 | ov_133 | 3.5267497123833754 × 10^283 |
| 134 | ov_134 | 3.0376289579514303 × 10^283 |
| 135 | ov_135 | 2.601769778140487 × 10^283 |
| 136 | ov_136 | 2.2149854234126867 × 10^283 |
| 137 | ov_137 | 1.8733117054011394 × 10^283 |
| 138 | ov_138 | 1.5729933139672898 × 10^283 |
| 139 | ov_139 | 1.310472081661369 × 10^283 |
| 140 | ov_140 | 1.0823770016088247 × 10^283 |
| 141 | ov_141 | 8.855158155020902 × 10^282 |
| 142 | ov_142 | 7.168679987860865 × 10^282 |
| 143 | ov_143 | 5.735789803431794 × 10^282 |
| 144 | ov_144 | 4.529554440559467 × 10^282 |
| 145 | ov_145 | 3.524615695927612 × 10^282 |
| 146 | ov_146 | 2.6971607965313433 × 10^282 |
| 147 | ov_147 | 2.0248997075140278 × 10^282 |
| 148 | ov_148 | 1.487048144269713 × 10^282 |
| 149 | ov_149 | 1.0643152555979427 × 10^282 |
| 150 | ov_150 | 7.388950424932354 × 10^281 |
| 151 | ov_151 | 4.9446067488539664 × 10^281 |
| 152 | ov_152 | 3.1616096634461903 × 10^281 |
| 153 | ov_153 | 1.9061836444144064 × 10^281 |
| 154 | ov_154 | 1.0592791211513144 × 10^281 |
| 155 | ov_155 | 5.165674718545397 × 10^280 |
| 156 | aaa_76_25 | 1.8843868763279678 × 10^280 |
| 157 | aaa_76_26 | 1.0892452076811334 × 10^280 |
| 158 | aaa_76_27 | 5.581917388695096 × 10^279 |
| 159 | aaa_76_28 | 2.1764392976308313 × 10^279 |
| 160 | aaa_76_29 | 6.628669196319323 × 10^278 |

### Output Bits Sorted by Complexity

| Rank | Output Bit | Complexity |
|:----:|:----------:|:----------:|
| 160 | aaa_76_29 | 6.628669196319323 × 10^278 |
| 159 | aaa_76_28 | 2.1764392976308313 × 10^279 |
| 158 | aaa_76_27 | 5.581917388695096 × 10^279 |
| 157 | aaa_76_26 | 1.0892452076811334 × 10^280 |
| 156 | aaa_76_25 | 1.8843868763279678 × 10^280 |
| 155 | ov_155 | 5.165674718545397 × 10^280 |
| 154 | ov_154 | 1.0592791211513144 × 10^281 |
| 153 | ov_153 | 1.9061836444144064 × 10^281 |
| 152 | ov_152 | 3.1616096634461903 × 10^281 |
| 151 | ov_151 | 4.9446067488539664 × 10^281 |
| 150 | ov_150 | 7.388950424932354 × 10^281 |
| 149 | ov_149 | 1.0643152555979427 × 10^282 |
| 148 | ov_148 | 1.487048144269713 × 10^282 |
| 147 | ov_147 | 2.0248997075140278 × 10^282 |
| 146 | ov_146 | 2.6971607965313433 × 10^282 |
| 145 | ov_145 | 3.524615695927612 × 10^282 |
| 144 | ov_144 | 4.529554440559467 × 10^282 |
| 143 | ov_143 | 5.735789803431794 × 10^282 |
| 142 | ov_142 | 7.168679987860865 × 10^282 |
| 141 | ov_141 | 8.855158155020902 × 10^282 |
| 140 | ov_140 | 1.0823770016088247 × 10^283 |
| 139 | ov_139 | 1.310472081661369 × 10^283 |
| 138 | ov_138 | 1.5729933139672898 × 10^283 |
| 137 | ov_137 | 1.8733117054011394 × 10^283 |
| 136 | ov_136 | 2.2149854234126867 × 10^283 |
| 135 | ov_135 | 2.601769778140487 × 10^283 |
| 134 | ov_134 | 3.0376289579514303 × 10^283 |
| 133 | ov_133 | 3.5267497123833754 × 10^283 |
| 132 | ov_132 | 4.0735571874373657 × 10^283 |
| 131 | ov_131 | 4.682733129523823 × 10^283 |
| 130 | ov_130 | 4.68273626115664 × 10^283 |
| 129 | ov_129 | 4.682749189880132 × 10^283 |
| 128 | aaa_77_29 | 4.989122782295505 × 10^283 |
| 127 | aaa_77_28 | 1.329999284466999 × 10^284 |
| 126 | ov_126 | 4.163394257137636 × 10^284 |
| 125 | ov_125 | 9.349009849894329 × 10^284 |
| 124 | ov_124 | 1.7796590509638558 × 10^285 |
| 123 | ov_123 | 3.0415890214234156 × 10^285 |
| 122 | ov_122 | 4.811669926314923 × 10^285 |
| 121 | ov_121 | 7.180891394557597 × 10^285 |
| 120 | ov_120 | 1.0240267290012493 × 10^286 |
| 119 | ov_119 | 1.4080857690698415 × 10^286 |
| 118 | ov_118 | 1.8793804072817405 × 10^286 |
| 117 | ov_117 | 2.447038666056669 × 10^286 |
| 116 | ov_116 | 3.1202111733587126 × 10^286 |
| 115 | ov_115 | 3.908083477909671 × 10^286 |
| 114 | ov_114 | 4.819892537629807 × 10^286 |
| 113 | ov_113 | 5.864947970175226 × 10^286 |
| 112 | ov_112 | 7.052658654668931 × 10^286 |
| 111 | ov_111 | 8.392565274181227 × 10^286 |
| 110 | ov_110 | 1.0046575324392092 × 10^287 |
| 109 | ov_109 | 1.218652493592954 × 10^287 |
| 108 | ov_108 | 1.4994449862639502 × 10^287 |
| 107 | ov_107 | 1.866291869887873 × 10^287 |
| 106 | ov_106 | 2.339543724364314 × 10^287 |
| 105 | ov_105 | 2.940693353901532 × 10^287 |
| 104 | ov_104 | 3.692433372927623 × 10^287 |
| 103 | ov_103 | 4.618723951782197 × 10^287 |
| 102 | ov_102 | 5.744871864499202 × 10^287 |
| 101 | ov_101 | 7.097622047481736 × 10^287 |
| 100 | ov_100 | 8.705262946685666 × 10^287 |
| 99 | ov_099 | 1.0597747002565091 × 10^288 |
| 98 | ov_098 | 1.0597785681000562 × 10^288 |
| 97 | ov_097 | 1.0597906623789489 × 10^288 |
| 96 | aaa_78_29 | 2.035127252772953 × 10^288 |
| 95 | aaa_78_28 | 6.794559803113909 × 10^288 |
| 94 | ov_094 | 2.2355467047135743 × 10^289 |
| 93 | ov_093 | 5.307725946063789 × 10^289 |
| 92 | ov_092 | 1.0793136589187354 × 10^290 |
| 91 | ov_091 | 2.0743761318605358 × 10^290 |
| 90 | ov_090 | 3.772700115012035 × 10^290 |
| 89 | ov_089 | 6.482575987802005 × 10^290 |
| 88 | ov_088 | 1.056386258797087 × 10^291 |
| 87 | ov_087 | 1.642802105481516 × 10^291 |
| 86 | ov_086 | 2.4538171193877635 × 10^291 |
| 85 | ov_085 | 3.5409177581204894 × 10^291 |
| 84 | ov_084 | 4.960777268657521 × 10^291 |
| 83 | ov_083 | 6.775272429589621 × 10^291 |
| 82 | ov_082 | 9.051505451463364 × 10^291 |
| 81 | ov_081 | 1.1861831763728452 × 10^292 |
| 64 | lv_79_m31 | 1.33219091379884 × 10^292 |
| 80 | ov_080 | 1.528389441734855 × 10^292 |
| 79 | ov_079 | 1.9400665833079435 × 10^292 |
| 78 | ov_078 | 2.430049762695535 × 10^292 |
| 77 | ov_077 | 3.007717924691547 × 10^292 |
| 76 | ov_076 | 3.683000615805729 × 10^292 |
| 75 | ov_075 | 4.466385831908055 × 10^292 |
| 74 | ov_074 | 5.368928969948809 × 10^292 |
| 73 | ov_073 | 6.402263111845026 × 10^292 |
| 63 | ov_063 | 6.830251565792793 × 10^292 |
| 72 | ov_072 | 7.578611336149112 × 10^292 |
| 71 | ov_071 | 8.910802250334674 × 10^292 |
| 70 | ov_070 | 1.0412290159820612 × 10^293 |
| 69 | ov_069 | 1.209718137291931 × 10^293 |
| 68 | ov_068 | 1.398026822692857 × 10^293 |
| 67 | ov_067 | 1.607707251019799 × 10^293 |
| 66 | ov_066 | 1.6077081773103776 × 10^293 |
| 65 | ov_065 | 1.6077120823300272 × 10^293 |
| 62 | ov_062 | 3.501184912209378 × 10^293 |
| 61 | ov_061 | 1.2752429060855704 × 10^294 |
| 60 | ov_060 | 3.6477894029333214 × 10^294 |
| 59 | ov_059 | 8.795757937635058 × 10^294 |
| 58 | ov_058 | 1.7842607129824796 × 10^295 |
| 57 | ov_057 | 3.2225093812756197 × 10^295 |
| 56 | ov_056 | 5.513004112701153 × 10^295 |
| 55 | ov_055 | 9.037092235364889 × 10^295 |
| 54 | ov_054 | 1.4238796075426348 × 10^296 |
| 53 | ov_053 | 2.162483300896508 × 10^296 |
| 52 | ov_052 | 3.1764652644244227 × 10^296 |
| 51 | ov_051 | 4.529050318867565 × 10^296 |
| 50 | ov_050 | 6.289754483875742 × 10^296 |
| 49 | ov_049 | 8.53440327945424 × 10^296 |
| 48 | ov_048 | 1.1345159662520005 × 10^297 |
| 47 | ov_047 | 1.4810564683944657 × 10^297 |
| 32 | lv_80_m31 | 1.6359545347745942 × 10^297 |
| 46 | ov_046 | 1.9025594364557997 × 10^297 |
| 45 | ov_045 | 2.4091736702266252 × 10^297 |
| 44 | ov_044 | 3.011709313698662 × 10^297 |
| 43 | ov_043 | 3.721650921585509 × 10^297 |
| 42 | ov_042 | 4.5511739618483295 × 10^297 |
| 41 | ov_041 | 5.513165312133347 × 10^297 |
| 40 | ov_040 | 6.621248350206217 × 10^297 |
| 39 | ov_039 | 7.889813280952592 × 10^297 |
| 31 | ov_031 | 8.38842266023429 × 10^297 |
| 38 | ov_038 | 9.33405338536623 × 10^297 |
| 37 | ov_037 | 1.0970007920233409 × 10^298 |
| 36 | ov_036 | 1.281461244101866 × 10^298 |
| 35 | ov_035 | 1.4885757364841188 × 10^298 |
| 34 | ov_034 | 1.7202355635490947 × 10^298 |
| 33 | ov_033 | 1.9784420398271426 × 10^298 |
| 30 | ov_030 | 4.300325365077762 × 10^298 |
| 29 | ov_029 | 1.4065418886606062 × 10^299 |
| 28 | ov_028 | 3.649817361321037 × 10^299 |
| 27 | ov_027 | 8.79214418757174 × 10^299 |
| 26 | ov_026 | 1.9210579218792156 × 10^300 |
| 25 | ov_025 | 3.805277644324339 × 10^300 |
| 24 | ov_024 | 6.923700648106541 × 10^300 |
| 23 | ov_023 | 1.1745221707909858 × 10^301 |
| 22 | ov_022 | 1.881581863571574 × 10^301 |
| 21 | ov_021 | 2.875858481711537 × 10^301 |
| 20 | ov_020 | 4.2273788554861703 × 10^301 |
| 19 | ov_019 | 6.013897141548054 × 10^301 |
| 18 | ov_018 | 8.320910438700352 × 10^301 |
| 17 | ov_017 | 1.124168287261254 × 10^302 |
| 16 | ov_016 | 1.4877281451034604 × 10^302 |
| 15 | ov_015 | 1.933662749257735 × 10^302 |
| 14 | ov_014 | 2.473656793388615 × 10^302 |
| 13 | ov_013 | 3.120197132223907 × 10^302 |
| 12 | ov_012 | 3.8865853803563752 × 10^302 |
| 11 | ov_011 | 4.7869540920065465 × 10^302 |
| 10 | ov_010 | 5.836287153776425 × 10^302 |
| 9 | ov_009 | 7.050445073315411 × 10^302 |
| 8 | ov_008 | 8.446195898108753 × 10^302 |
| 7 | ov_007 | 1.0041252550431697 × 10^303 |
| 6 | ov_006 | 1.1854317417068321 × 10^303 |
| 5 | ov_005 | 1.3905135085888187 × 10^303 |
| 4 | ov_004 | 1.6214554176061783 × 10^303 |
| 3 | ov_003 | 1.8804599264874943 × 10^303 |
| 2 | ov_002 | 2.169855397211764 × 10^303 |
| 1 | ov_001 | 2.492105632326787 × 10^303 |

