# Results for F001-F002-F003-F004-F005-F006-F007-F008-F009-F010-F011-F012-F013-F014-F015-F016-F017-F018-F019-F020-F021-F022-F023-F024-F025-F026-F027-F028-F029-F030-F031-F032-F033-F034-F035-F036-F037-F038-F039-F040-F041-F042-F043-F044-F045-F046-F047-F048-F049-F050-F051-F052-F053-F054-F055-F056-F057-F058-F059-F060-F061-F062-F063-F064-F065-F066-F067-F068-F069-F070-F071-F072-F073-F074-F075-F076-F077-F078-F079-F080-F081-F082-F083-F084-F085-F086-F087-F088-F089-F090-F091-F092-F093-F094-F095-F096-F097-F098-F099-F100-F101-F102-F103-F104-F105-F106-F107-F108-F109-F110-F111-F112-F113-F114-F115-F116-F117-F118-F119-F120-F121-F122-F123-F124-F125-F126-F127-F128-F129-F130-F131-F132-F133-F134-F135-F136-F137-F138-F139-F140-F141-F142-F143-F144-F145-F146-F147-F148-F149-F150-F151-F152-F153-F154-F155-F156-F157-F158-F159-F160-F161-F162-F163-F164-F165-F166-F167-F168-F169-F170-F171-F172-F173-F174-F175-F176-F177-F178-F179-F180-F181-F182-F183-F184-F185-F186-F187-F188-F189-F190-F191-F192-F193-F194-F195-F196-F197-F198-F199-F200-F201-F202-F203-F204-F205-F206-F207-F208-F209-F210-F211-F212-F213-F214-F215-F216-F217-F218-F219-F220-F221-F222-F223-F224-F225-F226-F227-F228-F229-F230-F231-F232-F233-F234-F235-F236-F237-F238-F239-F240-F241-F242-F243-F244-F245-F246-F247-F248-F249-F250-F251-F252-F253-F254-F255-F256-F257-F258-F259-F260-F261-F262-F263-F264-F265-F266-F267-F268-F269-F270-F271-F272-F273-F274-F275-F276-F277-F278-F279-F280-F281-F282-F283-F284-F285-F286-F287-F288-F289-F290-F291-F292-F293-F294-F295-F296-F297-F298-F299-F300-F301-F302-F303-F304-F305-F306-F307-F308-F309-F310-F311-F312-F313-F314-F315-F316-F317-F318-F319-F320-F321-F322-F323-F324-F325-F326-F327-F328-F329-F330-F331-F332-F333-F334-F335-F336-F337-F338-F339-F340-F341-F342-F343-F344-F345-F346-F347-F348-F349-F350-F351-F352-F353-F354-F355-F356-F357-F358-F359-F360-F361-F362-F363-F364-F365-F366-F367-F368-F369-F370-F371-F372-F373-F374-F375-F376-F377-F378-F379-F380-F381-F382-F383-F384-F385-F386-F387-F388-F389-F390-F391-F392-F393-F394-F395-F396-F397-F398-F399-F400-F401-F402-F403-F404-F405-F406-F407-F408-F409-F410-F411-F412-F413-F414-F415-F416-F417-F418-F419-F420-F421-F422-F423-F424-F425-F426-F427-F428-F429-F430-F431-F432-F433-F434-F435-F436-F437-F438-F439-F440-F441-F442-F443-F444-F445-F446-F447-F448-F449-F450-F451-F452-F453-F454-F455-F456-F457-F458-F459-F460-F461-F462-F463-F464-F465-F466-F467-F468-F469-F470-F471-F472-F473-F474-F475-F476-F477-F478-F479-F480-F481-F482-F483-F484-F485-F486-F487-F488-F489-F490-F491-F492-F493-F494-F495-F496-O504505-F510-F512

## Summary

Number of input bits: 512  
Number of free input bits: 13  
Number of output bits: 160

Number of direct occurrences: 54073  
Number of assignments: 31898  
Number of operations: 11539860
(xor: 11511050,
and: 15263,
or: 13547)

Total complexity: 3.216599175670564 × 10^304

Least occurring input variable: iv_499 (3981)  
Most occurring input variable: iv_511 (4334)

Most co-occurring input variables: iv_507-iv_509 (2130)  
Least co-occurring input variables: iv_499-iv_506 (1796)

Potentially most occurring input variable: iv_509/iv_511 (4589)  
Potentially least occurring input variable: iv_501/iv_502 (4120)

Least output occurring input variable: iv_506 (68)  
Most output occurring input variable: iv_511 (86)

Most output co-occurring input variables: iv_500-iv_504 (50)  
Least output co-occurring input variables: iv_499-iv_506 (29)

Potentially most output occurring input variable: iv_502/iv_511 (95)  
Potentially least output occurring input variable: iv_498/iv_506 (68)

Least complex input bit: iv_511 (6.54258349053419 × 10^300)  
Most complex input bit: iv_509 (7.482719128672958 × 10^303)

Least complex output bit: aaa_76_29 (1.0291427892240055 × 10^279)  
Most complex output bit: ov_001 (5.028693049094034 × 10^303)

Least complex input/output complexity: iv_511/aaa_76_29 (2.093283077701344 × 10^275)  
Most complex input/output complexity: iv_509/ov_001 (1.1698161821121595 × 10^303)

## Input Bits

### Input Bits in Regular Order

| Input Bit | Complexity | Occurrences | Output Occurrences |
|:---------:|:----------:|:-----------:|:------------------:|
| iv_497 | 1.5217085058620604 × 10^302 | 4105 | 83 |
| iv_498 | 3.0337557855660105 × 10^302 | 4033 | 82 |
| iv_499 | 5.341442227896143 × 10^302 | 3981 | 73 |
| iv_500 | 8.987734639043489 × 10^302 | 4079 | 84 |
| iv_501 | 1.4848457563990809 × 10^303 | 4134 | 73 |
| iv_502 | 2.4026263526403735 × 10^303 | 4194 | 75 |
| iv_503 | 1.4163331832698566 × 10^303 | 4287 | 83 |
| iv_504 | 1.746575408624229 × 10^303 | 4128 | 84 |
| iv_506 | 3.190532939687166 × 10^303 | 4005 | 68 |
| iv_507 | 5.192563202542946 × 10^303 | 4253 | 84 |
| iv_508 | 7.354789085541774 × 10^303 | 4289 | 82 |
| iv_509 | 7.482719128672958 × 10^303 | 4251 | 83 |
| iv_511 | 6.54258349053419 × 10^300 | 4334 | 86 |

### Input Bits Sorted by Complexity

| Input Bit | Complexity | Occurrences | Output Occurrences |
|:---------:|:----------:|:-----------:|:------------------:|
| iv_511 | 6.54258349053419 × 10^300 | 4334 | 86 |
| iv_497 | 1.5217085058620604 × 10^302 | 4105 | 83 |
| iv_498 | 3.0337557855660105 × 10^302 | 4033 | 82 |
| iv_499 | 5.341442227896143 × 10^302 | 3981 | 73 |
| iv_500 | 8.987734639043489 × 10^302 | 4079 | 84 |
| iv_503 | 1.4163331832698566 × 10^303 | 4287 | 83 |
| iv_501 | 1.4848457563990809 × 10^303 | 4134 | 73 |
| iv_504 | 1.746575408624229 × 10^303 | 4128 | 84 |
| iv_502 | 2.4026263526403735 × 10^303 | 4194 | 75 |
| iv_506 | 3.190532939687166 × 10^303 | 4005 | 68 |
| iv_507 | 5.192563202542946 × 10^303 | 4253 | 84 |
| iv_508 | 7.354789085541774 × 10^303 | 4289 | 82 |
| iv_509 | 7.482719128672958 × 10^303 | 4251 | 83 |

### Input Bits Sorted by Occurrences

| Input Bit | Complexity | Occurrences | Output Occurrences |
|:---------:|:----------:|:-----------:|:------------------:|
| iv_499 | 5.341442227896143 × 10^302 | 3981 | 73 |
| iv_506 | 3.190532939687166 × 10^303 | 4005 | 68 |
| iv_498 | 3.0337557855660105 × 10^302 | 4033 | 82 |
| iv_500 | 8.987734639043489 × 10^302 | 4079 | 84 |
| iv_497 | 1.5217085058620604 × 10^302 | 4105 | 83 |
| iv_504 | 1.746575408624229 × 10^303 | 4128 | 84 |
| iv_501 | 1.4848457563990809 × 10^303 | 4134 | 73 |
| iv_502 | 2.4026263526403735 × 10^303 | 4194 | 75 |
| iv_509 | 7.482719128672958 × 10^303 | 4251 | 83 |
| iv_507 | 5.192563202542946 × 10^303 | 4253 | 84 |
| iv_503 | 1.4163331832698566 × 10^303 | 4287 | 83 |
| iv_508 | 7.354789085541774 × 10^303 | 4289 | 82 |
| iv_511 | 6.54258349053419 × 10^300 | 4334 | 86 |

### Input Bits Sorted by Output Occurrences

| Input Bit | Complexity | Occurrences | Output Occurrences |
|:---------:|:----------:|:-----------:|:------------------:|
| iv_506 | 3.190532939687166 × 10^303 | 4005 | 68 |
| iv_501 | 1.4848457563990809 × 10^303 | 4134 | 73 |
| iv_499 | 5.341442227896143 × 10^302 | 3981 | 73 |
| iv_502 | 2.4026263526403735 × 10^303 | 4194 | 75 |
| iv_498 | 3.0337557855660105 × 10^302 | 4033 | 82 |
| iv_508 | 7.354789085541774 × 10^303 | 4289 | 82 |
| iv_497 | 1.5217085058620604 × 10^302 | 4105 | 83 |
| iv_509 | 7.482719128672958 × 10^303 | 4251 | 83 |
| iv_503 | 1.4163331832698566 × 10^303 | 4287 | 83 |
| iv_500 | 8.987734639043489 × 10^302 | 4079 | 84 |
| iv_504 | 1.746575408624229 × 10^303 | 4128 | 84 |
| iv_507 | 5.192563202542946 × 10^303 | 4253 | 84 |
| iv_511 | 6.54258349053419 × 10^300 | 4334 | 86 |

## Input Bit Co-occurrences

### Input Bit Co-occurrences Sorted by Co-occurrences

| Input Bits | Co-occurrences | Potential Occurrences | Output Co-occurrences | Potential Output Occurrences |
|:----------:|:--------------:|:---------------------:|:---------------------:|:----------------------------:|
| iv_507-iv_509 | 2130 | 4244 | 45 | 77 |
| iv_503-iv_511 | 2125 | 4371 | 45 | 79 |
| iv_503-iv_507 | 2124 | 4292 | 43 | 81 |
| iv_508-iv_509 | 2121 | 4298 | 40 | 85 |
| iv_504-iv_508 | 2115 | 4187 | 47 | 72 |
| iv_501-iv_502 | 2104 | 4120 | 39 | 70 |
| iv_502-iv_503 | 2099 | 4283 | 44 | 70 |
| iv_507-iv_511 | 2095 | 4397 | 47 | 76 |
| iv_502-iv_507 | 2073 | 4301 | 34 | 91 |
| iv_501-iv_511 | 2072 | 4324 | 35 | 89 |
| iv_508-iv_511 | 2062 | 4499 | 41 | 86 |
| iv_502-iv_511 | 2056 | 4416 | 33 | 95 |
| iv_507-iv_508 | 2049 | 4444 | 45 | 76 |

### Input Bit Co-occurrences Sorted by Potential Occurrences

| Input Bits | Co-occurrences | Potential Occurrences | Output Co-occurrences | Potential Output Occurrences |
|:----------:|:--------------:|:---------------------:|:---------------------:|:----------------------------:|
| iv_501-iv_502 | 2104 | 4120 | 39 | 70 |
| iv_506-iv_507 | 2040 | 4178 | 36 | 80 |
| iv_504-iv_508 | 2115 | 4187 | 47 | 72 |
| iv_498-iv_506 | 1916 | 4206 | 41 | 68 |
| iv_499-iv_504 | 1950 | 4209 | 41 | 75 |
| iv_507-iv_509 | 2130 | 4244 | 45 | 77 |
| iv_500-iv_506 | 1920 | 4244 | 36 | 80 |
| iv_500-iv_504 | 1978 | 4251 | 50 | 68 |
| iv_498-iv_501 | 1955 | 4257 | 40 | 75 |
| iv_497-iv_501 | 1985 | 4269 | 42 | 72 |
| iv_499-iv_500 | 1894 | 4272 | 41 | 75 |
| iv_499-iv_502 | 1951 | 4273 | 37 | 74 |
| iv_497-iv_506 | 1918 | 4274 | 41 | 69 |

### Input Bit Output Co-occurrences Sorted by Output Co-occurrences

| Input Bits | Co-occurrences | Potential Occurrences | Output Co-occurrences | Potential Output Occurrences |
|:----------:|:--------------:|:---------------------:|:---------------------:|:----------------------------:|
| iv_500-iv_504 | 1978 | 4251 | 50 | 68 |
| iv_498-iv_509 | 1898 | 4488 | 47 | 71 |
| iv_504-iv_508 | 2115 | 4187 | 47 | 72 |
| iv_507-iv_511 | 2095 | 4397 | 47 | 76 |
| iv_497-iv_504 | 1939 | 4355 | 46 | 75 |
| iv_500-iv_511 | 2004 | 4405 | 46 | 78 |
| iv_497-iv_498 | 1907 | 4324 | 45 | 75 |
| iv_497-iv_508 | 1962 | 4470 | 45 | 75 |
| iv_504-iv_507 | 1976 | 4429 | 45 | 78 |
| iv_507-iv_508 | 2049 | 4444 | 45 | 76 |
| iv_507-iv_509 | 2130 | 4244 | 45 | 77 |
| iv_503-iv_511 | 2125 | 4371 | 45 | 79 |
| iv_498-iv_503 | 1889 | 4542 | 44 | 77 |

### Input Bit Output Co-occurrences Sorted by Potential Output Occurrences

| Input Bits | Co-occurrences | Potential Occurrences | Output Co-occurrences | Potential Output Occurrences |
|:----------:|:--------------:|:---------------------:|:---------------------:|:----------------------------:|
| iv_498-iv_506 | 1916 | 4206 | 41 | 68 |
| iv_500-iv_504 | 1978 | 4251 | 50 | 68 |
| iv_497-iv_506 | 1918 | 4274 | 41 | 69 |
| iv_501-iv_502 | 2104 | 4120 | 39 | 70 |
| iv_501-iv_509 | 2008 | 4369 | 43 | 70 |
| iv_502-iv_503 | 2099 | 4283 | 44 | 70 |
| iv_498-iv_509 | 1898 | 4488 | 47 | 71 |
| iv_504-iv_508 | 2115 | 4187 | 47 | 72 |
| iv_497-iv_501 | 1985 | 4269 | 42 | 72 |
| iv_501-iv_503 | 2042 | 4337 | 42 | 72 |
| iv_499-iv_503 | 1896 | 4476 | 42 | 72 |
| iv_499-iv_502 | 1951 | 4273 | 37 | 74 |
| iv_497-iv_498 | 1907 | 4324 | 45 | 75 |

## Output Bits

### Output Bits in Regular Order

| Rank | Output Bit | Complexity |
|:----:|:----------:|:----------:|
| 1 | ov_001 | 5.028693049094034 × 10^303 |
| 2 | ov_002 | 4.375805838309008 × 10^303 |
| 3 | ov_003 | 3.789656222410708 × 10^303 |
| 4 | ov_004 | 3.265240193343399 × 10^303 |
| 5 | ov_005 | 2.7978277905072628 × 10^303 |
| 6 | ov_006 | 2.3829437098662338 × 10^303 |
| 7 | ov_007 | 2.0163503983793085 × 10^303 |
| 8 | ov_008 | 1.6940334350743185 × 10^303 |
| 9 | ov_009 | 1.4121890130250901 × 10^303 |
| 10 | ov_010 | 1.1672133204260557 × 10^303 |
| 11 | ov_011 | 9.556936167743712 × 10^302 |
| 12 | ov_012 | 7.744008119402722 × 10^302 |
| 13 | ov_013 | 6.2028336742420545 × 10^302 |
| 14 | ov_014 | 4.904623504174877 × 10^302 |
| 15 | ov_015 | 3.8222748244762466 × 10^302 |
| 16 | ov_016 | 2.930340354385843 × 10^302 |
| 17 | ov_017 | 2.205004389818602 × 10^302 |
| 18 | ov_018 | 1.624064735211217 × 10^302 |
| 19 | ov_019 | 1.1669193502070501 × 10^302 |
| 20 | ov_020 | 8.145566753010435 × 10^301 |
| 21 | ov_021 | 5.49548753284339 × 10^301 |
| 22 | ov_022 | 3.56046460408693 × 10^301 |
| 23 | ov_023 | 2.1977630024843327 × 10^301 |
| 24 | ov_024 | 1.2803831849440808 × 10^301 |
| 25 | ov_025 | 6.970482635444212 × 10^300 |
| 26 | ov_026 | 3.5219700824412205 × 10^300 |
| 27 | ov_027 | 1.6598055226186444 × 10^300 |
| 28 | ov_028 | 7.426109200221356 × 10^299 |
| 29 | ov_029 | 2.8611468250604593 × 10^299 |
| 30 | ov_030 | 8.745740731905515 × 10^298 |
| 31 | ov_031 | 1.7056137643758173 × 10^298 |
| 32 | lv_80_m31 | 3.325698530537702 × 10^297 |
| 33 | ov_033 | 4.0056844878504634 × 10^298 |
| 34 | ov_034 | 3.4780679691601637 × 10^298 |
| 35 | ov_035 | 3.0054374752486804 × 10^298 |
| 36 | ov_036 | 2.5834892098383085 × 10^298 |
| 37 | ov_037 | 2.2081548577636033 × 10^298 |
| 38 | ov_038 | 1.8755850046873715 × 10^298 |
| 39 | ov_039 | 1.5821347275522984 × 10^298 |
| 40 | ov_040 | 1.324351153764384 × 10^298 |
| 41 | ov_041 | 1.098962797177761 × 10^298 |
| 42 | ov_042 | 9.028704888243367 × 10^297 |
| 43 | ov_043 | 7.34566683990946 × 10^297 |
| 44 | ov_044 | 5.912751671939269 × 10^297 |
| 45 | ov_045 | 4.70372725466253 × 10^297 |
| 46 | ov_046 | 3.6938483049799494 × 10^297 |
| 47 | ov_047 | 2.8598214924307665 × 10^297 |
| 48 | ov_048 | 2.1797776467550067 × 10^297 |
| 49 | ov_049 | 1.6332501098991355 × 10^297 |
| 50 | ov_050 | 1.2011583682947253 × 10^297 |
| 51 | ov_051 | 8.657960609526704 × 10^296 |
| 52 | ov_052 | 6.108224849114641 × 10^296 |
| 53 | ov_053 | 4.212568119088478 × 10^296 |
| 54 | ov_054 | 2.834743223901583 × 10^296 |
| 55 | ov_055 | 1.8520405515267824 × 10^296 |
| 56 | ov_056 | 1.1552738340496852 × 10^296 |
| 57 | ov_057 | 6.932294404928114 × 10^295 |
| 58 | ov_058 | 3.8374633761445807 × 10^295 |
| 59 | ov_059 | 1.8912117881081092 × 10^295 |
| 60 | ov_060 | 7.840422350586415 × 10^294 |
| 61 | ov_061 | 2.7399070376880373 × 10^294 |
| 62 | ov_062 | 7.519462814962758 × 10^293 |
| 63 | ov_063 | 1.4662988807789003 × 10^293 |
| 64 | lv_79_m31 | 2.858668768163906 × 10^292 |
| 65 | ov_065 | 3.4412317181124754 × 10^293 |
| 66 | ov_066 | 3.4412223449307745 × 10^293 |
| 67 | ov_067 | 3.441220098142405 × 10^293 |
| 68 | ov_068 | 2.9879707677798933 × 10^293 |
| 69 | ov_069 | 2.5816133132503972 × 10^293 |
| 70 | ov_070 | 2.2186715159842475 × 10^293 |
| 71 | ov_071 | 1.8958401426415077 × 10^293 |
| 72 | ov_072 | 1.6099732657657412 × 10^293 |
| 73 | ov_073 | 1.3580746608678582 × 10^293 |
| 74 | ov_074 | 1.1372900227681791 × 10^293 |
| 75 | ov_075 | 9.44900757730224 × 10^292 |
| 76 | ov_076 | 7.783191210838563 × 10^292 |
| 77 | ov_077 | 6.350844827518799 × 10^292 |
| 78 | ov_078 | 5.128605154450215 × 10^292 |
| 79 | ov_079 | 4.0943311234672543 × 10^292 |
| 80 | ov_080 | 3.2270885293268283 × 10^292 |
| 81 | ov_081 | 2.5071384721252167 × 10^292 |
| 82 | ov_082 | 1.915928164125039 × 10^292 |
| 83 | ov_083 | 1.4360832679351848 × 10^292 |
| 84 | ov_084 | 1.0514014768343086 × 10^292 |
| 85 | ov_085 | 7.468472247504556 × 10^291 |
| 86 | ov_086 | 5.1519381964991954 × 10^291 |
| 87 | ov_087 | 3.437272641192712 × 10^291 |
| 88 | ov_088 | 2.2089008722190483 × 10^291 |
| 89 | ov_089 | 1.3627945154557299 × 10^291 |
| 90 | ov_090 | 8.06458294899647 × 10^290 |
| 91 | ov_091 | 4.589213683442498 × 10^290 |
| 92 | ov_092 | 2.5073212569396093 × 10^290 |
| 93 | ov_093 | 1.2395539508645172 × 10^290 |
| 94 | ov_094 | 5.250246987430274 × 10^289 |
| 95 | aaa_78_28 | 1.6042025570952984 × 10^289 |
| 96 | aaa_78_29 | 4.8451046980066 × 10^288 |
| 97 | ov_097 | 2.5116112323932778 × 10^288 |
| 98 | ov_098 | 2.511592657786538 × 10^288 |
| 99 | ov_099 | 2.5115867192749754 × 10^288 |
| 100 | ov_100 | 2.1069192494416502 × 10^288 |
| 101 | ov_101 | 1.7538883890558947 × 10^288 |
| 102 | ov_102 | 1.447901350312211 × 10^288 |
| 103 | ov_103 | 1.1846196910873182 × 10^288 |
| 104 | ov_104 | 9.59940854152338 × 10^287 |
| 105 | ov_105 | 7.699820465187605 × 10^287 |
| 106 | ov_106 | 6.1106624951680015 × 10^287 |
| 107 | ov_107 | 4.79710161178233 × 10^287 |
| 108 | ov_108 | 3.726138830537172 × 10^287 |
| 109 | ov_109 | 2.866521738137246 × 10^287 |
| 110 | ov_110 | 2.188671019292577 × 10^287 |
| 111 | ov_111 | 1.6646193946119978 × 10^287 |
| 112 | ov_112 | 1.2679614855452843 × 10^287 |
| 113 | ov_113 | 9.738132167682352 × 10^286 |
| 114 | ov_114 | 7.587794599330069 × 10^286 |
| 115 | ov_115 | 6.009287156005234 × 10^286 |
| 116 | ov_116 | 4.797737226428061 × 10^286 |
| 117 | ov_117 | 3.762569766061888 × 10^286 |
| 118 | ov_118 | 2.8896657111837375 × 10^286 |
| 119 | ov_119 | 2.1649554559763296 × 10^286 |
| 120 | ov_120 | 1.5744013062118226 × 10^286 |
| 121 | ov_121 | 1.1039855217363294 × 10^286 |
| 122 | ov_122 | 7.397026176898512 × 10^285 |
| 123 | ov_123 | 4.6755429767020956 × 10^285 |
| 124 | ov_124 | 2.7354603324236546 × 10^285 |
| 125 | ov_125 | 1.4368494301177167 × 10^285 |
| 126 | ov_126 | 6.397870967195215 × 10^284 |
| 127 | aaa_77_28 | 2.0435163846080273 × 10^284 |
| 128 | aaa_77_29 | 7.664042640508526 × 10^283 |
| 129 | ov_129 | 7.160609930247568 × 10^283 |
| 130 | ov_130 | 7.160589870542928 × 10^283 |
| 131 | ov_131 | 7.160585015653523 × 10^283 |
| 132 | ov_132 | 6.222750965984541 × 10^283 |
| 133 | ov_133 | 5.381379173689141 × 10^283 |
| 134 | ov_134 | 4.62923527875429 × 10^283 |
| 135 | ov_135 | 3.959476917332227 × 10^283 |
| 136 | ov_136 | 3.365625761040031 × 10^283 |
| 137 | ov_137 | 2.841543309093673 × 10^283 |
| 138 | ov_138 | 2.3814100838662578 × 10^283 |
| 139 | ov_139 | 1.9797078985164476 × 10^283 |
| 140 | ov_140 | 1.6312048828183038 × 10^283 |
| 141 | ov_141 | 1.3309429703581455 × 10^283 |
| 142 | ov_142 | 1.0742275669500106 × 10^283 |
| 143 | ov_143 | 8.566191365450629 × 10^282 |
| 144 | ov_144 | 6.739264571426767 × 10^282 |
| 145 | ov_145 | 5.2220131530876085 × 10^282 |
| 146 | ov_146 | 3.9773442391410514 × 10^282 |
| 147 | ov_147 | 2.970523636544125 × 10^282 |
| 148 | ov_148 | 2.1691536482638953 × 10^282 |
| 149 | ov_149 | 1.543157617248471 × 10^282 |
| 150 | ov_150 | 1.0647696790258756 × 10^282 |
| 151 | ov_151 | 7.085283640281273 × 10^281 |
| 152 | ov_152 | 4.512728493594101 × 10^281 |
| 153 | ov_153 | 2.721408635973247 × 10^281 |
| 154 | ov_154 | 1.5256753272640068 × 10^281 |
| 155 | ov_155 | 7.628473296025464 × 10^280 |
| 156 | aaa_76_25 | 2.9320738502538316 × 10^280 |
| 157 | aaa_76_26 | 1.6941218890717147 × 10^280 |
| 158 | aaa_76_27 | 8.677400709883933 × 10^279 |
| 159 | aaa_76_28 | 3.3812548039633497 × 10^279 |
| 160 | aaa_76_29 | 1.0291427892240055 × 10^279 |

### Output Bits Sorted by Complexity

| Rank | Output Bit | Complexity |
|:----:|:----------:|:----------:|
| 160 | aaa_76_29 | 1.0291427892240055 × 10^279 |
| 159 | aaa_76_28 | 3.3812548039633497 × 10^279 |
| 158 | aaa_76_27 | 8.677400709883933 × 10^279 |
| 157 | aaa_76_26 | 1.6941218890717147 × 10^280 |
| 156 | aaa_76_25 | 2.9320738502538316 × 10^280 |
| 155 | ov_155 | 7.628473296025464 × 10^280 |
| 154 | ov_154 | 1.5256753272640068 × 10^281 |
| 153 | ov_153 | 2.721408635973247 × 10^281 |
| 152 | ov_152 | 4.512728493594101 × 10^281 |
| 151 | ov_151 | 7.085283640281273 × 10^281 |
| 150 | ov_150 | 1.0647696790258756 × 10^282 |
| 149 | ov_149 | 1.543157617248471 × 10^282 |
| 148 | ov_148 | 2.1691536482638953 × 10^282 |
| 147 | ov_147 | 2.970523636544125 × 10^282 |
| 146 | ov_146 | 3.9773442391410514 × 10^282 |
| 145 | ov_145 | 5.2220131530876085 × 10^282 |
| 144 | ov_144 | 6.739264571426767 × 10^282 |
| 143 | ov_143 | 8.566191365450629 × 10^282 |
| 142 | ov_142 | 1.0742275669500106 × 10^283 |
| 141 | ov_141 | 1.3309429703581455 × 10^283 |
| 140 | ov_140 | 1.6312048828183038 × 10^283 |
| 139 | ov_139 | 1.9797078985164476 × 10^283 |
| 138 | ov_138 | 2.3814100838662578 × 10^283 |
| 137 | ov_137 | 2.841543309093673 × 10^283 |
| 136 | ov_136 | 3.365625761040031 × 10^283 |
| 135 | ov_135 | 3.959476917332227 × 10^283 |
| 134 | ov_134 | 4.62923527875429 × 10^283 |
| 133 | ov_133 | 5.381379173689141 × 10^283 |
| 132 | ov_132 | 6.222750965984541 × 10^283 |
| 131 | ov_131 | 7.160585015653523 × 10^283 |
| 130 | ov_130 | 7.160589870542928 × 10^283 |
| 129 | ov_129 | 7.160609930247568 × 10^283 |
| 128 | aaa_77_29 | 7.664042640508526 × 10^283 |
| 127 | aaa_77_28 | 2.0435163846080273 × 10^284 |
| 126 | ov_126 | 6.397870967195215 × 10^284 |
| 125 | ov_125 | 1.4368494301177167 × 10^285 |
| 124 | ov_124 | 2.7354603324236546 × 10^285 |
| 123 | ov_123 | 4.6755429767020956 × 10^285 |
| 122 | ov_122 | 7.397026176898512 × 10^285 |
| 121 | ov_121 | 1.1039855217363294 × 10^286 |
| 120 | ov_120 | 1.5744013062118226 × 10^286 |
| 119 | ov_119 | 2.1649554559763296 × 10^286 |
| 118 | ov_118 | 2.8896657111837375 × 10^286 |
| 117 | ov_117 | 3.762569766061888 × 10^286 |
| 116 | ov_116 | 4.797737226428061 × 10^286 |
| 115 | ov_115 | 6.009287156005234 × 10^286 |
| 114 | ov_114 | 7.587794599330069 × 10^286 |
| 113 | ov_113 | 9.738132167682352 × 10^286 |
| 112 | ov_112 | 1.2679614855452843 × 10^287 |
| 111 | ov_111 | 1.6646193946119978 × 10^287 |
| 110 | ov_110 | 2.188671019292577 × 10^287 |
| 109 | ov_109 | 2.866521738137246 × 10^287 |
| 108 | ov_108 | 3.726138830537172 × 10^287 |
| 107 | ov_107 | 4.79710161178233 × 10^287 |
| 106 | ov_106 | 6.1106624951680015 × 10^287 |
| 105 | ov_105 | 7.699820465187605 × 10^287 |
| 104 | ov_104 | 9.59940854152338 × 10^287 |
| 103 | ov_103 | 1.1846196910873182 × 10^288 |
| 102 | ov_102 | 1.447901350312211 × 10^288 |
| 101 | ov_101 | 1.7538883890558947 × 10^288 |
| 100 | ov_100 | 2.1069192494416502 × 10^288 |
| 99 | ov_099 | 2.5115867192749754 × 10^288 |
| 98 | ov_098 | 2.511592657786538 × 10^288 |
| 97 | ov_097 | 2.5116112323932778 × 10^288 |
| 96 | aaa_78_29 | 4.8451046980066 × 10^288 |
| 95 | aaa_78_28 | 1.6042025570952984 × 10^289 |
| 94 | ov_094 | 5.250246987430274 × 10^289 |
| 93 | ov_093 | 1.2395539508645172 × 10^290 |
| 92 | ov_092 | 2.5073212569396093 × 10^290 |
| 91 | ov_091 | 4.589213683442498 × 10^290 |
| 90 | ov_090 | 8.06458294899647 × 10^290 |
| 89 | ov_089 | 1.3627945154557299 × 10^291 |
| 88 | ov_088 | 2.2089008722190483 × 10^291 |
| 87 | ov_087 | 3.437272641192712 × 10^291 |
| 86 | ov_086 | 5.1519381964991954 × 10^291 |
| 85 | ov_085 | 7.468472247504556 × 10^291 |
| 84 | ov_084 | 1.0514014768343086 × 10^292 |
| 83 | ov_083 | 1.4360832679351848 × 10^292 |
| 82 | ov_082 | 1.915928164125039 × 10^292 |
| 81 | ov_081 | 2.5071384721252167 × 10^292 |
| 64 | lv_79_m31 | 2.858668768163906 × 10^292 |
| 80 | ov_080 | 3.2270885293268283 × 10^292 |
| 79 | ov_079 | 4.0943311234672543 × 10^292 |
| 78 | ov_078 | 5.128605154450215 × 10^292 |
| 77 | ov_077 | 6.350844827518799 × 10^292 |
| 76 | ov_076 | 7.783191210838563 × 10^292 |
| 75 | ov_075 | 9.44900757730224 × 10^292 |
| 74 | ov_074 | 1.1372900227681791 × 10^293 |
| 73 | ov_073 | 1.3580746608678582 × 10^293 |
| 63 | ov_063 | 1.4662988807789003 × 10^293 |
| 72 | ov_072 | 1.6099732657657412 × 10^293 |
| 71 | ov_071 | 1.8958401426415077 × 10^293 |
| 70 | ov_070 | 2.2186715159842475 × 10^293 |
| 69 | ov_069 | 2.5816133132503972 × 10^293 |
| 68 | ov_068 | 2.9879707677798933 × 10^293 |
| 67 | ov_067 | 3.441220098142405 × 10^293 |
| 66 | ov_066 | 3.4412223449307745 × 10^293 |
| 65 | ov_065 | 3.4412317181124754 × 10^293 |
| 62 | ov_062 | 7.519462814962758 × 10^293 |
| 61 | ov_061 | 2.7399070376880373 × 10^294 |
| 60 | ov_060 | 7.840422350586415 × 10^294 |
| 59 | ov_059 | 1.8912117881081092 × 10^295 |
| 58 | ov_058 | 3.8374633761445807 × 10^295 |
| 57 | ov_057 | 6.932294404928114 × 10^295 |
| 56 | ov_056 | 1.1552738340496852 × 10^296 |
| 55 | ov_055 | 1.8520405515267824 × 10^296 |
| 54 | ov_054 | 2.834743223901583 × 10^296 |
| 53 | ov_053 | 4.212568119088478 × 10^296 |
| 52 | ov_052 | 6.108224849114641 × 10^296 |
| 51 | ov_051 | 8.657960609526704 × 10^296 |
| 50 | ov_050 | 1.2011583682947253 × 10^297 |
| 49 | ov_049 | 1.6332501098991355 × 10^297 |
| 48 | ov_048 | 2.1797776467550067 × 10^297 |
| 47 | ov_047 | 2.8598214924307665 × 10^297 |
| 32 | lv_80_m31 | 3.325698530537702 × 10^297 |
| 46 | ov_046 | 3.6938483049799494 × 10^297 |
| 45 | ov_045 | 4.70372725466253 × 10^297 |
| 44 | ov_044 | 5.912751671939269 × 10^297 |
| 43 | ov_043 | 7.34566683990946 × 10^297 |
| 42 | ov_042 | 9.028704888243367 × 10^297 |
| 41 | ov_041 | 1.098962797177761 × 10^298 |
| 40 | ov_040 | 1.324351153764384 × 10^298 |
| 39 | ov_039 | 1.5821347275522984 × 10^298 |
| 31 | ov_031 | 1.7056137643758173 × 10^298 |
| 38 | ov_038 | 1.8755850046873715 × 10^298 |
| 37 | ov_037 | 2.2081548577636033 × 10^298 |
| 36 | ov_036 | 2.5834892098383085 × 10^298 |
| 35 | ov_035 | 3.0054374752486804 × 10^298 |
| 34 | ov_034 | 3.4780679691601637 × 10^298 |
| 33 | ov_033 | 4.0056844878504634 × 10^298 |
| 30 | ov_030 | 8.745740731905515 × 10^298 |
| 29 | ov_029 | 2.8611468250604593 × 10^299 |
| 28 | ov_028 | 7.426109200221356 × 10^299 |
| 27 | ov_027 | 1.6598055226186444 × 10^300 |
| 26 | ov_026 | 3.5219700824412205 × 10^300 |
| 25 | ov_025 | 6.970482635444212 × 10^300 |
| 24 | ov_024 | 1.2803831849440808 × 10^301 |
| 23 | ov_023 | 2.1977630024843327 × 10^301 |
| 22 | ov_022 | 3.56046460408693 × 10^301 |
| 21 | ov_021 | 5.49548753284339 × 10^301 |
| 20 | ov_020 | 8.145566753010435 × 10^301 |
| 19 | ov_019 | 1.1669193502070501 × 10^302 |
| 18 | ov_018 | 1.624064735211217 × 10^302 |
| 17 | ov_017 | 2.205004389818602 × 10^302 |
| 16 | ov_016 | 2.930340354385843 × 10^302 |
| 15 | ov_015 | 3.8222748244762466 × 10^302 |
| 14 | ov_014 | 4.904623504174877 × 10^302 |
| 13 | ov_013 | 6.2028336742420545 × 10^302 |
| 12 | ov_012 | 7.744008119402722 × 10^302 |
| 11 | ov_011 | 9.556936167743712 × 10^302 |
| 10 | ov_010 | 1.1672133204260557 × 10^303 |
| 9 | ov_009 | 1.4121890130250901 × 10^303 |
| 8 | ov_008 | 1.6940334350743185 × 10^303 |
| 7 | ov_007 | 2.0163503983793085 × 10^303 |
| 6 | ov_006 | 2.3829437098662338 × 10^303 |
| 5 | ov_005 | 2.7978277905072628 × 10^303 |
| 4 | ov_004 | 3.265240193343399 × 10^303 |
| 3 | ov_003 | 3.789656222410708 × 10^303 |
| 2 | ov_002 | 4.375805838309008 × 10^303 |
| 1 | ov_001 | 5.028693049094034 × 10^303 |

