# Results for F001-F002-F003-F004-F005-F006-F007-F008-F009-F010-F011-F012-F013-F014-F015-F016-F017-F018-F019-F020-F021-F022-F023-F024-F025-F026-F027-F028-F029-F030-F031-F032-F033-F034-F035-F036-F037-F038-F039-F040-F041-F042-F043-F044-F045-F046-F047-F048-F049-F050-F051-F052-F053-F054-F055-F056-F057-F058-F059-F060-F061-F062-F063-F064-F065-F066-F067-F068-F069-F070-F071-F072-F073-F074-F075-F076-F077-F078-F079-F080-F081-F082-F083-F084-F085-F086-F087-F088-F089-F090-F091-F092-F093-F094-F095-F096-F097-F098-F099-F100-F101-F102-F103-F104-F105-F106-F107-F108-F109-F110-F111-F112-F113-F114-F115-F116-F117-F118-F119-F120-F121-F122-F123-F124-F125-F126-F127-F128-F129-F130-F131-F132-F133-F134-F135-F136-F137-F138-F139-F140-F141-F142-F143-F144-F145-F146-F147-F148-F149-F150-F151-F152-F153-F154-F155-F156-F157-F158-F159-F160-F161-F162-F163-F164-F165-F166-F167-F168-F169-F170-F171-F172-F173-F174-F175-F176-F177-F178-F179-F180-F181-F182-F183-F184-F185-F186-F187-F188-F189-F190-F191-F192-F193-F194-F195-F196-F197-F198-F199-F200-F201-F202-F203-F204-F205-F206-F207-F208-F209-F210-F211-F212-F213-F214-F215-F216-F217-F218-F219-F220-F221-F222-F223-F224-F225-F226-F227-F228-F229-F230-F231-F232-F233-F234-F235-F236-F237-F238-F239-F240-F241-F242-F243-F244-F245-F246-F247-F248-F249-F250-F251-F252-F253-F254-F255-F256-F257-F258-F259-F260-F261-F262-F263-F264-F265-F266-F267-F268-F269-F270-F271-F272-F273-F274-F275-F276-F277-F278-F279-F280-F281-F282-F283-F284-F285-F286-F287-F288-F289-F290-F291-F292-F293-F294-F295-F296-F297-F298-F299-F300-F301-F302-F303-F304-F305-F306-F307-F308-F309-F310-F311-F312-F313-F314-F315-F316-F317-F318-F319-F320-F321-F322-F323-F324-F325-F326-F327-F328-F329-F330-F331-F332-F333-F334-F335-F336-F337-F338-F339-F340-F341-F342-F343-F344-F345-F346-F347-F348-F349-F350-F351-F352-F353-F354-F355-F356-F357-F358-F359-F360-F361-F362-F363-F364-F365-F366-F367-F368-F369-F370-F371-F372-F373-F374-F375-F376-F377-F378-F379-F380-F381-F382-F383-F384-F385-F386-F387-F388-F389-F390-F391-F392-F393-F394-F395-F396-F397-F398-F399-F400-F401-F402-F403-F404-F405-F406-F407-F408-F409-F410-F411-F412-F413-F414-F415-F416-F417-F418-F419-F420-F421-F422-F423-F424-F425-F426-F427-F428-F429-F430-F431-F432-F433-F434-F435-F436-F437-F438-F439-F440-F441-F442-F443-F444-F445-F446-F447-F448-F449-F450-F451-F452-F453-F454-F455-F456-F457-F458-F459-F460-F461-F462-F463-F464-F465-F466-F467-F468-F469-F470-F471-F472-F473-F474-F475-F476-F477-F478-F479-F480-F481-F482-F483-F484-F485-F486-F487-F488-F489-F490-F491-F492-F493-F494-F495-F496-O500505-E509510-F512

## Summary

Number of input bits: 512  
Number of free input bits: 13  
Number of output bits: 160

Number of direct occurrences: 53616  
Number of assignments: 31911  
Number of operations: 11301560
(xor: 11272983,
and: 14972,
or: 13605)

Total complexity: 5.4775143609307 × 10^302

Least occurring input variable: iv_502 (3848)  
Most occurring input variable: iv_509 (4552)

Most co-occurring input variables: iv_508-iv_509 (2294)  
Least co-occurring input variables: iv_499-iv_502 (1737)

Potentially most occurring input variable: iv_497/iv_509 (4577)  
Potentially least occurring input variable: iv_504/iv_506 (4175)

Least output occurring input variable: iv_504 (70)  
Most output occurring input variable: iv_498 (91)

Most output co-occurring input variables: iv_497-iv_503 (50)  
Least output co-occurring input variables: iv_500-iv_502 (29)

Potentially most output occurring input variable: iv_502/iv_503 (93)  
Potentially least output occurring input variable: iv_499/iv_507 (69)

Least complex input bit: iv_511 (1.4775809974630843 × 10^299)  
Most complex input bit: iv_509 (1.3303746683636644 × 10^302)

Least complex output bit: aaa_76_29 (2.0491946362657474 × 10^277)  
Most complex output bit: ov_001 (8.563393215361697 × 10^301)

Least complex input/output complexity: iv_511/aaa_76_29 (5.527782959815144 × 10^273)  
Most complex input/output complexity: iv_509/ov_001 (2.0798706599865002 × 10^301)

## Input Bits

### Input Bits in Regular Order

| Input Bit | Complexity | Occurrences | Output Occurrences |
|:---------:|:----------:|:-----------:|:------------------:|
| iv_497 | 7.216945149853761 × 10^299 | 4145 | 88 |
| iv_498 | 1.4438975253350335 × 10^300 | 3969 | 91 |
| iv_499 | 2.550633257311436 × 10^300 | 3925 | 72 |
| iv_500 | 4.8154524508183214 × 10^301 | 4222 | 72 |
| iv_501 | 7.221206593807049 × 10^300 | 4108 | 83 |
| iv_502 | 1.1716605413343067 × 10^301 | 3848 | 71 |
| iv_503 | 1.8567089154619307 × 10^301 | 4188 | 82 |
| iv_504 | 2.8798142912530796 × 10^301 | 3954 | 70 |
| iv_506 | 6.566699322440125 × 10^301 | 3999 | 80 |
| iv_507 | 9.68206552252133 × 10^301 | 4198 | 75 |
| iv_508 | 1.3290476882722728 × 10^302 | 4268 | 78 |
| iv_509 | 1.3303746683636644 × 10^302 | 4552 | 81 |
| iv_511 | 1.4775809974630843 × 10^299 | 4240 | 79 |

### Input Bits Sorted by Complexity

| Input Bit | Complexity | Occurrences | Output Occurrences |
|:---------:|:----------:|:-----------:|:------------------:|
| iv_511 | 1.4775809974630843 × 10^299 | 4240 | 79 |
| iv_497 | 7.216945149853761 × 10^299 | 4145 | 88 |
| iv_498 | 1.4438975253350335 × 10^300 | 3969 | 91 |
| iv_499 | 2.550633257311436 × 10^300 | 3925 | 72 |
| iv_501 | 7.221206593807049 × 10^300 | 4108 | 83 |
| iv_502 | 1.1716605413343067 × 10^301 | 3848 | 71 |
| iv_503 | 1.8567089154619307 × 10^301 | 4188 | 82 |
| iv_504 | 2.8798142912530796 × 10^301 | 3954 | 70 |
| iv_500 | 4.8154524508183214 × 10^301 | 4222 | 72 |
| iv_506 | 6.566699322440125 × 10^301 | 3999 | 80 |
| iv_507 | 9.68206552252133 × 10^301 | 4198 | 75 |
| iv_508 | 1.3290476882722728 × 10^302 | 4268 | 78 |
| iv_509 | 1.3303746683636644 × 10^302 | 4552 | 81 |

### Input Bits Sorted by Occurrences

| Input Bit | Complexity | Occurrences | Output Occurrences |
|:---------:|:----------:|:-----------:|:------------------:|
| iv_502 | 1.1716605413343067 × 10^301 | 3848 | 71 |
| iv_499 | 2.550633257311436 × 10^300 | 3925 | 72 |
| iv_504 | 2.8798142912530796 × 10^301 | 3954 | 70 |
| iv_498 | 1.4438975253350335 × 10^300 | 3969 | 91 |
| iv_506 | 6.566699322440125 × 10^301 | 3999 | 80 |
| iv_501 | 7.221206593807049 × 10^300 | 4108 | 83 |
| iv_497 | 7.216945149853761 × 10^299 | 4145 | 88 |
| iv_503 | 1.8567089154619307 × 10^301 | 4188 | 82 |
| iv_507 | 9.68206552252133 × 10^301 | 4198 | 75 |
| iv_500 | 4.8154524508183214 × 10^301 | 4222 | 72 |
| iv_511 | 1.4775809974630843 × 10^299 | 4240 | 79 |
| iv_508 | 1.3290476882722728 × 10^302 | 4268 | 78 |
| iv_509 | 1.3303746683636644 × 10^302 | 4552 | 81 |

### Input Bits Sorted by Output Occurrences

| Input Bit | Complexity | Occurrences | Output Occurrences |
|:---------:|:----------:|:-----------:|:------------------:|
| iv_504 | 2.8798142912530796 × 10^301 | 3954 | 70 |
| iv_502 | 1.1716605413343067 × 10^301 | 3848 | 71 |
| iv_500 | 4.8154524508183214 × 10^301 | 4222 | 72 |
| iv_499 | 2.550633257311436 × 10^300 | 3925 | 72 |
| iv_507 | 9.68206552252133 × 10^301 | 4198 | 75 |
| iv_508 | 1.3290476882722728 × 10^302 | 4268 | 78 |
| iv_511 | 1.4775809974630843 × 10^299 | 4240 | 79 |
| iv_506 | 6.566699322440125 × 10^301 | 3999 | 80 |
| iv_509 | 1.3303746683636644 × 10^302 | 4552 | 81 |
| iv_503 | 1.8567089154619307 × 10^301 | 4188 | 82 |
| iv_501 | 7.221206593807049 × 10^300 | 4108 | 83 |
| iv_497 | 7.216945149853761 × 10^299 | 4145 | 88 |
| iv_498 | 1.4438975253350335 × 10^300 | 3969 | 91 |

## Input Bit Co-occurrences

### Input Bit Co-occurrences Sorted by Co-occurrences

| Input Bits | Co-occurrences | Potential Occurrences | Output Co-occurrences | Potential Output Occurrences |
|:----------:|:--------------:|:---------------------:|:---------------------:|:----------------------------:|
| iv_508-iv_509 | 2294 | 4232 | 38 | 83 |
| iv_507-iv_509 | 2211 | 4328 | 38 | 80 |
| iv_508-iv_511 | 2149 | 4210 | 42 | 73 |
| iv_503-iv_509 | 2122 | 4496 | 39 | 85 |
| iv_509-iv_511 | 2121 | 4550 | 37 | 86 |
| iv_500-iv_509 | 2113 | 4548 | 39 | 75 |
| iv_507-iv_508 | 2102 | 4262 | 31 | 91 |
| iv_497-iv_509 | 2060 | 4577 | 48 | 73 |
| iv_503-iv_511 | 2057 | 4314 | 41 | 79 |
| iv_501-iv_509 | 2051 | 4558 | 43 | 78 |
| iv_506-iv_509 | 2049 | 4453 | 38 | 85 |
| iv_497-iv_507 | 2046 | 4251 | 41 | 81 |
| iv_501-iv_511 | 2043 | 4262 | 39 | 84 |

### Input Bit Co-occurrences Sorted by Potential Occurrences

| Input Bits | Co-occurrences | Potential Occurrences | Output Co-occurrences | Potential Output Occurrences |
|:----------:|:--------------:|:---------------------:|:---------------------:|:----------------------------:|
| iv_504-iv_506 | 1889 | 4175 | 37 | 76 |
| iv_506-iv_507 | 2008 | 4181 | 38 | 79 |
| iv_499-iv_504 | 1849 | 4181 | 29 | 84 |
| iv_508-iv_511 | 2149 | 4210 | 42 | 73 |
| iv_500-iv_504 | 1982 | 4212 | 32 | 78 |
| iv_498-iv_504 | 1851 | 4221 | 41 | 79 |
| iv_497-iv_504 | 1938 | 4223 | 41 | 76 |
| iv_498-iv_506 | 1869 | 4230 | 42 | 87 |
| iv_508-iv_509 | 2294 | 4232 | 38 | 83 |
| iv_502-iv_506 | 1806 | 4235 | 39 | 73 |
| iv_498-iv_499 | 1829 | 4236 | 43 | 77 |
| iv_502-iv_504 | 1783 | 4236 | 34 | 73 |
| iv_497-iv_501 | 2007 | 4239 | 46 | 79 |

### Input Bit Output Co-occurrences Sorted by Output Co-occurrences

| Input Bits | Co-occurrences | Potential Occurrences | Output Co-occurrences | Potential Output Occurrences |
|:----------:|:--------------:|:---------------------:|:---------------------:|:----------------------------:|
| iv_497-iv_503 | 2001 | 4331 | 50 | 70 |
| iv_497-iv_498 | 1899 | 4316 | 49 | 81 |
| iv_498-iv_509 | 2016 | 4489 | 49 | 74 |
| iv_498-iv_501 | 1883 | 4311 | 48 | 78 |
| iv_497-iv_506 | 1949 | 4246 | 48 | 72 |
| iv_497-iv_509 | 2060 | 4577 | 48 | 73 |
| iv_498-iv_503 | 1893 | 4371 | 48 | 77 |
| iv_497-iv_501 | 2007 | 4239 | 46 | 79 |
| iv_498-iv_507 | 1911 | 4345 | 44 | 78 |
| iv_498-iv_511 | 1912 | 4385 | 44 | 82 |
| iv_497-iv_511 | 2010 | 4365 | 44 | 79 |
| iv_501-iv_509 | 2051 | 4558 | 43 | 78 |
| iv_501-iv_506 | 1885 | 4337 | 43 | 77 |

### Input Bit Output Co-occurrences Sorted by Potential Output Occurrences

| Input Bits | Co-occurrences | Potential Occurrences | Output Co-occurrences | Potential Output Occurrences |
|:----------:|:--------------:|:---------------------:|:---------------------:|:----------------------------:|
| iv_499-iv_507 | 1926 | 4271 | 39 | 69 |
| iv_497-iv_503 | 2001 | 4331 | 50 | 70 |
| iv_497-iv_506 | 1949 | 4246 | 48 | 72 |
| iv_499-iv_506 | 1797 | 4330 | 40 | 72 |
| iv_502-iv_507 | 1894 | 4258 | 37 | 72 |
| iv_502-iv_504 | 1783 | 4236 | 34 | 73 |
| iv_508-iv_511 | 2149 | 4210 | 42 | 73 |
| iv_497-iv_509 | 2060 | 4577 | 48 | 73 |
| iv_502-iv_506 | 1806 | 4235 | 39 | 73 |
| iv_500-iv_508 | 2026 | 4438 | 38 | 74 |
| iv_498-iv_509 | 2016 | 4489 | 49 | 74 |
| iv_500-iv_509 | 2113 | 4548 | 39 | 75 |
| iv_500-iv_511 | 1973 | 4516 | 38 | 75 |

## Output Bits

### Output Bits in Regular Order

| Rank | Output Bit | Complexity |
|:----:|:----------:|:----------:|
| 1 | ov_001 | 8.563393215361697 × 10^301 |
| 2 | ov_002 | 7.451529564635619 × 10^301 |
| 3 | ov_003 | 6.453336985747025 × 10^301 |
| 4 | ov_004 | 5.56028972918885 × 10^301 |
| 5 | ov_005 | 4.764328806732188 × 10^301 |
| 6 | ov_006 | 4.0578290803112675 × 10^301 |
| 7 | ov_007 | 3.433570637832787 × 10^301 |
| 8 | ov_008 | 2.884714061334703 × 10^301 |
| 9 | ov_009 | 2.4047792139620555 × 10^301 |
| 10 | ov_010 | 1.9876271925154476 × 10^301 |
| 11 | ov_011 | 1.6274451119991325 × 10^301 |
| 12 | ov_012 | 1.3187334077699645 × 10^301 |
| 13 | ov_013 | 1.0562953596685343 × 10^301 |
| 14 | ov_014 | 8.352285609867754 × 10^300 |
| 15 | ov_015 | 6.509180733649139 × 10^300 |
| 16 | ov_016 | 4.9903102677431204 × 10^300 |
| 17 | ov_017 | 3.755124416790502 × 10^300 |
| 18 | ov_018 | 2.765820683150726 × 10^300 |
| 19 | ov_019 | 1.987320558097651 × 10^300 |
| 20 | ov_020 | 1.38725281608161 × 10^300 |
| 21 | ov_021 | 9.35941893897071 × 10^299 |
| 22 | ov_022 | 6.064000136183797 × 10^299 |
| 23 | ov_023 | 3.743219357522274 × 10^299 |
| 24 | ov_024 | 2.180815468450845 × 10^299 |
| 25 | ov_025 | 1.1872977039083053 × 10^299 |
| 26 | ov_026 | 5.999342178200152 × 10^298 |
| 27 | ov_027 | 2.8274669186775083 × 10^298 |
| 28 | ov_028 | 1.2650820815819805 × 10^298 |
| 29 | ov_029 | 4.874256395524766 × 10^297 |
| 30 | ov_030 | 1.4899301071943995 × 10^297 |
| 31 | ov_031 | 2.905623460858024 × 10^296 |
| 32 | lv_80_m31 | 5.665286419352757 × 10^295 |
| 33 | ov_033 | 6.821606354073934 × 10^296 |
| 34 | ov_034 | 5.9240108474628974 × 10^296 |
| 35 | ov_035 | 5.11933799191453 × 10^296 |
| 36 | ov_036 | 4.400566336430486 × 10^296 |
| 37 | ov_037 | 3.761057443447157 × 10^296 |
| 38 | ov_038 | 3.1945288014766208 × 10^296 |
| 39 | ov_039 | 2.6950303066636965 × 10^296 |
| 40 | ov_040 | 2.2569239840058916 × 10^296 |
| 41 | ov_041 | 1.8748666354117298 × 10^296 |
| 42 | ov_042 | 1.5437951179288248 × 10^296 |
| 43 | ov_043 | 1.2589139714130657 × 10^296 |
| 44 | ov_044 | 1.0156851306718164 × 10^296 |
| 45 | ov_045 | 8.098194727238907 × 10^295 |
| 46 | ov_046 | 6.372699652995214 × 10^295 |
| 47 | ov_047 | 4.942261980746114 × 10^295 |
| 48 | ov_048 | 3.771100934136632 × 10^295 |
| 49 | ov_049 | 2.8257260860145064 × 10^295 |
| 50 | ov_050 | 2.0749125668965193 × 10^295 |
| 51 | ov_051 | 1.4896828818478 × 10^295 |
| 52 | ov_052 | 1.043293908695744 × 10^295 |
| 53 | ov_053 | 7.112278619239936 × 10^294 |
| 54 | ov_054 | 4.711862788532588 × 10^294 |
| 55 | ov_055 | 3.0308623482247214 × 10^294 |
| 56 | ov_056 | 1.8905805497960462 × 10^294 |
| 57 | ov_057 | 1.1344396858613752 × 10^294 |
| 58 | ov_058 | 6.279736291569319 × 10^293 |
| 59 | ov_059 | 3.094765709650529 × 10^293 |
| 60 | ov_060 | 1.2829604448186042 × 10^293 |
| 61 | ov_061 | 4.4832501606638223 × 10^292 |
| 62 | ov_062 | 1.230337562819309 × 10^292 |
| 63 | ov_063 | 2.3990312751216288 × 10^291 |
| 64 | lv_79_m31 | 4.676820329745379 × 10^290 |
| 65 | ov_065 | 5.601537671676922 × 10^291 |
| 66 | ov_066 | 5.601522887859648 × 10^291 |
| 67 | ov_067 | 5.601519360583718 × 10^291 |
| 68 | ov_068 | 4.859644330192423 × 10^291 |
| 69 | ov_069 | 4.194505645392583 × 10^291 |
| 70 | ov_070 | 3.6004676916021844 × 10^291 |
| 71 | ov_071 | 3.0721645487105105 × 10^291 |
| 72 | ov_072 | 2.6044825156206285 × 10^291 |
| 73 | ov_073 | 2.1925460794120036 × 10^291 |
| 74 | ov_074 | 1.8317068324950515 × 10^291 |
| 75 | ov_075 | 1.5175348675115347 × 10^291 |
| 76 | ov_076 | 1.2458122050854914 × 10^291 |
| 77 | ov_077 | 1.0125278340300062 × 10^291 |
| 78 | ov_078 | 8.138739674256097 × 10^290 |
| 79 | ov_079 | 6.462431412434061 × 10^290 |
| 80 | ov_080 | 5.062258418432796 × 10^290 |
| 81 | ov_081 | 3.9060847892714145 × 10^290 |
| 82 | ov_082 | 2.963716423054849 × 10^290 |
| 83 | ov_083 | 2.2068862057300294 × 10^290 |
| 84 | ov_084 | 1.609241598865289 × 10^290 |
| 85 | ov_085 | 1.1463344110501103 × 10^290 |
| 86 | ov_086 | 7.956125359467592 × 10^289 |
| 87 | ov_087 | 5.36413440299001 × 10^289 |
| 88 | ov_088 | 3.499591853700324 × 10^289 |
| 89 | ov_089 | 2.1935276537848432 × 10^289 |
| 90 | ov_090 | 1.295755465527645 × 10^289 |
| 91 | ov_091 | 7.35875469186256 × 10^288 |
| 92 | ov_092 | 4.012251640608032 × 10^288 |
| 93 | ov_093 | 1.9789352235348068 × 10^288 |
| 94 | ov_094 | 8.361245226679112 × 10^287 |
| 95 | aaa_78_28 | 2.5487976546791312 × 10^287 |
| 96 | aaa_78_29 | 7.669710031961942 × 10^286 |
| 97 | ov_097 | 3.947587998352084 × 10^286 |
| 98 | ov_098 | 3.9475519537949475 × 10^286 |
| 99 | ov_099 | 3.947540417442465 × 10^286 |
| 100 | ov_100 | 3.2755801520834133 × 10^286 |
| 101 | ov_101 | 2.696236653624524 × 10^286 |
| 102 | ov_102 | 2.2006503763281635 × 10^286 |
| 103 | ov_103 | 1.7804514286841745 × 10^286 |
| 104 | ov_104 | 1.4277238354982335 × 10^286 |
| 105 | ov_105 | 1.134974393369475 × 10^286 |
| 106 | ov_106 | 8.951057026958145 × 10^285 |
| 107 | ov_107 | 7.013929813000076 × 10^285 |
| 108 | ov_108 | 5.474642858786255 × 10^285 |
| 109 | ov_109 | 4.272837878931158 × 10^285 |
| 110 | ov_110 | 3.3513777038004175 × 10^285 |
| 111 | ov_111 | 2.6562303157219798 × 10^285 |
| 112 | ov_112 | 2.1363740029238118 × 10^285 |
| 113 | ov_113 | 1.7437208689040176 × 10^285 |
| 114 | ov_114 | 1.4330561211031064 × 10^285 |
| 115 | ov_115 | 1.1619907475456056 × 10^285 |
| 116 | ov_116 | 9.277620970329604 × 10^284 |
| 117 | ov_117 | 7.27627189850916 × 10^284 |
| 118 | ov_118 | 5.588570612691091 × 10^284 |
| 119 | ov_119 | 4.187324307138983 × 10^284 |
| 120 | ov_120 | 3.0454036379474768 × 10^284 |
| 121 | ov_121 | 2.1357189491540428 × 10^284 |
| 122 | ov_122 | 1.4312049639721564 × 10^284 |
| 123 | ov_123 | 9.048107078168225 × 10^283 |
| 124 | ov_124 | 5.294927042767432 × 10^283 |
| 125 | ov_125 | 2.7821075521048403 × 10^283 |
| 126 | ov_126 | 1.2392578550409747 × 10^283 |
| 127 | aaa_77_28 | 3.95990146223127 × 10^282 |
| 128 | aaa_77_29 | 1.4861384428857166 × 10^282 |
| 129 | ov_129 | 1.3797043202995816 × 10^282 |
| 130 | ov_130 | 1.3797003250007703 × 10^282 |
| 131 | ov_131 | 1.3796993577157164 × 10^282 |
| 132 | ov_132 | 1.1988714951749297 × 10^282 |
| 133 | ov_133 | 1.0364965402573666 × 10^282 |
| 134 | ov_134 | 8.911318550251509 × 10^281 |
| 135 | ov_135 | 7.61413333318297 × 10^281 |
| 136 | ov_136 | 6.46049808488324 × 10^281 |
| 137 | ov_137 | 5.444132815731144 × 10^281 |
| 138 | ov_138 | 4.553445844240855 × 10^281 |
| 139 | ov_139 | 3.777448885495344 × 10^281 |
| 140 | ov_140 | 3.105726811776688 × 10^281 |
| 141 | ov_141 | 2.528412297383105 × 10^281 |
| 142 | ov_142 | 2.036164799667749 × 10^281 |
| 143 | ov_143 | 1.6201533605324084 × 10^281 |
| 144 | ov_144 | 1.2720427444045772 × 10^281 |
| 145 | ov_145 | 9.839824602350339 × 10^280 |
| 146 | ov_146 | 7.4859824636634585 × 10^280 |
| 147 | ov_147 | 5.5898562830969625 × 10^280 |
| 148 | ov_148 | 4.0870519057691277 × 10^280 |
| 149 | ov_149 | 2.9177923477832635 × 10^280 |
| 150 | ov_150 | 2.0268952723357088 × 10^280 |
| 151 | ov_151 | 1.3637587036184047 × 10^280 |
| 152 | ov_152 | 8.823526312641841 × 10^279 |
| 153 | ov_153 | 5.412144680954571 × 10^279 |
| 154 | ov_154 | 3.034467031178151 × 10^279 |
| 155 | ov_155 | 1.517416438325125 × 10^279 |
| 156 | aaa_76_25 | 5.832870825314561 × 10^278 |
| 157 | aaa_76_26 | 3.370776901083656 × 10^278 |
| 158 | aaa_76_27 | 1.7268879516209294 × 10^278 |
| 159 | aaa_76_28 | 6.730812721057802 × 10^277 |
| 160 | aaa_76_29 | 2.0491946362657474 × 10^277 |

### Output Bits Sorted by Complexity

| Rank | Output Bit | Complexity |
|:----:|:----------:|:----------:|
| 160 | aaa_76_29 | 2.0491946362657474 × 10^277 |
| 159 | aaa_76_28 | 6.730812721057802 × 10^277 |
| 158 | aaa_76_27 | 1.7268879516209294 × 10^278 |
| 157 | aaa_76_26 | 3.370776901083656 × 10^278 |
| 156 | aaa_76_25 | 5.832870825314561 × 10^278 |
| 155 | ov_155 | 1.517416438325125 × 10^279 |
| 154 | ov_154 | 3.034467031178151 × 10^279 |
| 153 | ov_153 | 5.412144680954571 × 10^279 |
| 152 | ov_152 | 8.823526312641841 × 10^279 |
| 151 | ov_151 | 1.3637587036184047 × 10^280 |
| 150 | ov_150 | 2.0268952723357088 × 10^280 |
| 149 | ov_149 | 2.9177923477832635 × 10^280 |
| 148 | ov_148 | 4.0870519057691277 × 10^280 |
| 147 | ov_147 | 5.5898562830969625 × 10^280 |
| 146 | ov_146 | 7.4859824636634585 × 10^280 |
| 145 | ov_145 | 9.839824602350339 × 10^280 |
| 144 | ov_144 | 1.2720427444045772 × 10^281 |
| 143 | ov_143 | 1.6201533605324084 × 10^281 |
| 142 | ov_142 | 2.036164799667749 × 10^281 |
| 141 | ov_141 | 2.528412297383105 × 10^281 |
| 140 | ov_140 | 3.105726811776688 × 10^281 |
| 139 | ov_139 | 3.777448885495344 × 10^281 |
| 138 | ov_138 | 4.553445844240855 × 10^281 |
| 137 | ov_137 | 5.444132815731144 × 10^281 |
| 136 | ov_136 | 6.46049808488324 × 10^281 |
| 135 | ov_135 | 7.61413333318297 × 10^281 |
| 134 | ov_134 | 8.911318550251509 × 10^281 |
| 133 | ov_133 | 1.0364965402573666 × 10^282 |
| 132 | ov_132 | 1.1988714951749297 × 10^282 |
| 131 | ov_131 | 1.3796993577157164 × 10^282 |
| 130 | ov_130 | 1.3797003250007703 × 10^282 |
| 129 | ov_129 | 1.3797043202995816 × 10^282 |
| 128 | aaa_77_29 | 1.4861384428857166 × 10^282 |
| 127 | aaa_77_28 | 3.95990146223127 × 10^282 |
| 126 | ov_126 | 1.2392578550409747 × 10^283 |
| 125 | ov_125 | 2.7821075521048403 × 10^283 |
| 124 | ov_124 | 5.294927042767432 × 10^283 |
| 123 | ov_123 | 9.048107078168225 × 10^283 |
| 122 | ov_122 | 1.4312049639721564 × 10^284 |
| 121 | ov_121 | 2.1357189491540428 × 10^284 |
| 120 | ov_120 | 3.0454036379474768 × 10^284 |
| 119 | ov_119 | 4.187324307138983 × 10^284 |
| 118 | ov_118 | 5.588570612691091 × 10^284 |
| 117 | ov_117 | 7.27627189850916 × 10^284 |
| 116 | ov_116 | 9.277620970329604 × 10^284 |
| 115 | ov_115 | 1.1619907475456056 × 10^285 |
| 114 | ov_114 | 1.4330561211031064 × 10^285 |
| 113 | ov_113 | 1.7437208689040176 × 10^285 |
| 112 | ov_112 | 2.1363740029238118 × 10^285 |
| 111 | ov_111 | 2.6562303157219798 × 10^285 |
| 110 | ov_110 | 3.3513777038004175 × 10^285 |
| 109 | ov_109 | 4.272837878931158 × 10^285 |
| 108 | ov_108 | 5.474642858786255 × 10^285 |
| 107 | ov_107 | 7.013929813000076 × 10^285 |
| 106 | ov_106 | 8.951057026958145 × 10^285 |
| 105 | ov_105 | 1.134974393369475 × 10^286 |
| 104 | ov_104 | 1.4277238354982335 × 10^286 |
| 103 | ov_103 | 1.7804514286841745 × 10^286 |
| 102 | ov_102 | 2.2006503763281635 × 10^286 |
| 101 | ov_101 | 2.696236653624524 × 10^286 |
| 100 | ov_100 | 3.2755801520834133 × 10^286 |
| 99 | ov_099 | 3.947540417442465 × 10^286 |
| 98 | ov_098 | 3.9475519537949475 × 10^286 |
| 97 | ov_097 | 3.947587998352084 × 10^286 |
| 96 | aaa_78_29 | 7.669710031961942 × 10^286 |
| 95 | aaa_78_28 | 2.5487976546791312 × 10^287 |
| 94 | ov_094 | 8.361245226679112 × 10^287 |
| 93 | ov_093 | 1.9789352235348068 × 10^288 |
| 92 | ov_092 | 4.012251640608032 × 10^288 |
| 91 | ov_091 | 7.35875469186256 × 10^288 |
| 90 | ov_090 | 1.295755465527645 × 10^289 |
| 89 | ov_089 | 2.1935276537848432 × 10^289 |
| 88 | ov_088 | 3.499591853700324 × 10^289 |
| 87 | ov_087 | 5.36413440299001 × 10^289 |
| 86 | ov_086 | 7.956125359467592 × 10^289 |
| 85 | ov_085 | 1.1463344110501103 × 10^290 |
| 84 | ov_084 | 1.609241598865289 × 10^290 |
| 83 | ov_083 | 2.2068862057300294 × 10^290 |
| 82 | ov_082 | 2.963716423054849 × 10^290 |
| 81 | ov_081 | 3.9060847892714145 × 10^290 |
| 64 | lv_79_m31 | 4.676820329745379 × 10^290 |
| 80 | ov_080 | 5.062258418432796 × 10^290 |
| 79 | ov_079 | 6.462431412434061 × 10^290 |
| 78 | ov_078 | 8.138739674256097 × 10^290 |
| 77 | ov_077 | 1.0125278340300062 × 10^291 |
| 76 | ov_076 | 1.2458122050854914 × 10^291 |
| 75 | ov_075 | 1.5175348675115347 × 10^291 |
| 74 | ov_074 | 1.8317068324950515 × 10^291 |
| 73 | ov_073 | 2.1925460794120036 × 10^291 |
| 63 | ov_063 | 2.3990312751216288 × 10^291 |
| 72 | ov_072 | 2.6044825156206285 × 10^291 |
| 71 | ov_071 | 3.0721645487105105 × 10^291 |
| 70 | ov_070 | 3.6004676916021844 × 10^291 |
| 69 | ov_069 | 4.194505645392583 × 10^291 |
| 68 | ov_068 | 4.859644330192423 × 10^291 |
| 67 | ov_067 | 5.601519360583718 × 10^291 |
| 66 | ov_066 | 5.601522887859648 × 10^291 |
| 65 | ov_065 | 5.601537671676922 × 10^291 |
| 62 | ov_062 | 1.230337562819309 × 10^292 |
| 61 | ov_061 | 4.4832501606638223 × 10^292 |
| 60 | ov_060 | 1.2829604448186042 × 10^293 |
| 59 | ov_059 | 3.094765709650529 × 10^293 |
| 58 | ov_058 | 6.279736291569319 × 10^293 |
| 57 | ov_057 | 1.1344396858613752 × 10^294 |
| 56 | ov_056 | 1.8905805497960462 × 10^294 |
| 55 | ov_055 | 3.0308623482247214 × 10^294 |
| 54 | ov_054 | 4.711862788532588 × 10^294 |
| 53 | ov_053 | 7.112278619239936 × 10^294 |
| 52 | ov_052 | 1.043293908695744 × 10^295 |
| 51 | ov_051 | 1.4896828818478 × 10^295 |
| 50 | ov_050 | 2.0749125668965193 × 10^295 |
| 49 | ov_049 | 2.8257260860145064 × 10^295 |
| 48 | ov_048 | 3.771100934136632 × 10^295 |
| 47 | ov_047 | 4.942261980746114 × 10^295 |
| 32 | lv_80_m31 | 5.665286419352757 × 10^295 |
| 46 | ov_046 | 6.372699652995214 × 10^295 |
| 45 | ov_045 | 8.098194727238907 × 10^295 |
| 44 | ov_044 | 1.0156851306718164 × 10^296 |
| 43 | ov_043 | 1.2589139714130657 × 10^296 |
| 42 | ov_042 | 1.5437951179288248 × 10^296 |
| 41 | ov_041 | 1.8748666354117298 × 10^296 |
| 40 | ov_040 | 2.2569239840058916 × 10^296 |
| 39 | ov_039 | 2.6950303066636965 × 10^296 |
| 31 | ov_031 | 2.905623460858024 × 10^296 |
| 38 | ov_038 | 3.1945288014766208 × 10^296 |
| 37 | ov_037 | 3.761057443447157 × 10^296 |
| 36 | ov_036 | 4.400566336430486 × 10^296 |
| 35 | ov_035 | 5.11933799191453 × 10^296 |
| 34 | ov_034 | 5.9240108474628974 × 10^296 |
| 33 | ov_033 | 6.821606354073934 × 10^296 |
| 30 | ov_030 | 1.4899301071943995 × 10^297 |
| 29 | ov_029 | 4.874256395524766 × 10^297 |
| 28 | ov_028 | 1.2650820815819805 × 10^298 |
| 27 | ov_027 | 2.8274669186775083 × 10^298 |
| 26 | ov_026 | 5.999342178200152 × 10^298 |
| 25 | ov_025 | 1.1872977039083053 × 10^299 |
| 24 | ov_024 | 2.180815468450845 × 10^299 |
| 23 | ov_023 | 3.743219357522274 × 10^299 |
| 22 | ov_022 | 6.064000136183797 × 10^299 |
| 21 | ov_021 | 9.35941893897071 × 10^299 |
| 20 | ov_020 | 1.38725281608161 × 10^300 |
| 19 | ov_019 | 1.987320558097651 × 10^300 |
| 18 | ov_018 | 2.765820683150726 × 10^300 |
| 17 | ov_017 | 3.755124416790502 × 10^300 |
| 16 | ov_016 | 4.9903102677431204 × 10^300 |
| 15 | ov_015 | 6.509180733649139 × 10^300 |
| 14 | ov_014 | 8.352285609867754 × 10^300 |
| 13 | ov_013 | 1.0562953596685343 × 10^301 |
| 12 | ov_012 | 1.3187334077699645 × 10^301 |
| 11 | ov_011 | 1.6274451119991325 × 10^301 |
| 10 | ov_010 | 1.9876271925154476 × 10^301 |
| 9 | ov_009 | 2.4047792139620555 × 10^301 |
| 8 | ov_008 | 2.884714061334703 × 10^301 |
| 7 | ov_007 | 3.433570637832787 × 10^301 |
| 6 | ov_006 | 4.0578290803112675 × 10^301 |
| 5 | ov_005 | 4.764328806732188 × 10^301 |
| 4 | ov_004 | 5.56028972918885 × 10^301 |
| 3 | ov_003 | 6.453336985747025 × 10^301 |
| 2 | ov_002 | 7.451529564635619 × 10^301 |
| 1 | ov_001 | 8.563393215361697 × 10^301 |

