# Results for F001-F002-F003-F004-F005-F006-F007-F008-F009-F010-F011-F012-F013-F014-F015-F016-F017-F018-F019-F020-F021-F022-F023-F024-F025-F026-F027-F028-F029-F030-F031-F032-F033-F034-F035-F036-F037-F038-F039-F040-F041-F042-F043-F044-F045-F046-F047-F048-F049-F050-F051-F052-F053-F054-F055-F056-F057-F058-F059-F060-F061-F062-F063-F064-F065-F066-F067-F068-F069-F070-F071-F072-F073-F074-F075-F076-F077-F078-F079-F080-F081-F082-F083-F084-F085-F086-F087-F088-F089-F090-F091-F092-F093-F094-F095-F096-F097-F098-F099-F100-F101-F102-F103-F104-F105-F106-F107-F108-F109-F110-F111-F112-F113-F114-F115-F116-F117-F118-F119-F120-F121-F122-F123-F124-F125-F126-F127-F128-F129-F130-F131-F132-F133-F134-F135-F136-F137-F138-F139-F140-F141-F142-F143-F144-F145-F146-F147-F148-F149-F150-F151-F152-F153-F154-F155-F156-F157-F158-F159-F160-F161-F162-F163-F164-F165-F166-F167-F168-F169-F170-F171-F172-F173-F174-F175-F176-F177-F178-F179-F180-F181-F182-F183-F184-F185-F186-F187-F188-F189-F190-F191-F192-F193-F194-F195-F196-F197-F198-F199-F200-F201-F202-F203-F204-F205-F206-F207-F208-F209-F210-F211-F212-F213-F214-F215-F216-F217-F218-F219-F220-F221-F222-F223-F224-F225-F226-F227-F228-F229-F230-F231-F232-F233-F234-F235-F236-F237-F238-F239-F240-F241-F242-F243-F244-F245-F246-F247-F248-F249-F250-F251-F252-F253-F254-F255-F256-F257-F258-F259-F260-F261-F262-F263-F264-F265-F266-F267-F268-F269-F270-F271-F272-F273-F274-F275-F276-F277-F278-F279-F280-F281-F282-F283-F284-F285-F286-F287-F288-F289-F290-F291-F292-F293-F294-F295-F296-F297-F298-F299-F300-F301-F302-F303-F304-F305-F306-F307-F308-F309-F310-F311-F312-F313-F314-F315-F316-F317-F318-F319-F320-F321-F322-F323-F324-F325-F326-F327-F328-F329-F330-F331-F332-F333-F334-F335-F336-F337-F338-F339-F340-F341-F342-F343-F344-F345-F346-F347-F348-F349-F350-F351-F352-F353-F354-F355-F356-F357-F358-F359-F360-F361-F362-F363-F364-F365-F366-F367-F368-F369-F370-F371-F372-F373-F374-F375-F376-F377-F378-F379-F380-F381-F382-F383-F384-F385-F386-F387-F388-F389-F390-F391-F392-F393-F394-F395-F396-F397-F398-F399-F400-F401-F402-F403-F404-F405-F406-F407-F408-F409-F410-F411-F412-F413-F414-F415-F416-F417-F418-F419-F420-F421-F422-F423-F424-F425-F426-F427-F428-F429-F430-F431-F432-F433-F434-F435-F436-F437-F438-F439-F440-F441-F442-F443-F444-F445-F446-F447-F448-F449-F450-F451-F452-F453-F454-F455-F456-F457-F458-F459-F460-F461-F462-F463-F464-F465-F466-F467-F468-F469-F470-F471-F472-F473-F474-F475-F476-F477-F478-F479-F480-F481-F482-F483-F484-F485-F486-F487-F488-F489-F490-F491-F492-F493-F494-F495-F496-O500505-F510-F512

## Summary

Number of input bits: 512  
Number of free input bits: 13  
Number of output bits: 160

Number of direct occurrences: 53170  
Number of assignments: 31752  
Number of operations: 11230957
(xor: 11202515,
and: 14911,
or: 13531)

Total complexity: 2.6765859238401853 × 10^301

Least occurring input variable: iv_502 (3843)  
Most occurring input variable: iv_500 (4316)

Most co-occurring input variables: iv_500-iv_511 (2103)  
Least co-occurring input variables: iv_499-iv_502 (1735)

Potentially most occurring input variable: iv_500/iv_508 (4569)  
Potentially least occurring input variable: iv_499/iv_504 (4167)

Least output occurring input variable: iv_502 (71)  
Most output occurring input variable: iv_497 (93)

Most output co-occurring input variables: iv_497-iv_506 (51)  
Least output co-occurring input variables: iv_502-iv_503 (29)

Potentially most output occurring input variable: iv_500/iv_507 (90)  
Potentially least output occurring input variable: iv_504/iv_508 (72)

Least complex input bit: iv_511 (3.269746772408158 × 10^297)  
Most complex input bit: iv_500 (5.00515836575589 × 10^300)

Least complex output bit: aaa_76_29 (4.765203187354804 × 10^276)  
Most complex output bit: ov_001 (4.184447931576225 × 10^300)

Least complex input/output complexity: iv_511/aaa_76_29 (5.821224569307987 × 10^272)  
Most complex input/output complexity: iv_500/ov_001 (7.824828033448619 × 10^299)

## Input Bits

### Input Bits in Regular Order

| Input Bit | Complexity | Occurrences | Output Occurrences |
|:---------:|:----------:|:-----------:|:------------------:|
| iv_497 | 7.604949150113525 × 10^298 | 4150 | 93 |
| iv_498 | 1.516161498356222 × 10^299 | 3954 | 88 |
| iv_499 | 2.6694597799075224 × 10^299 | 3919 | 72 |
| iv_500 | 5.00515836575589 × 10^300 | 4316 | 82 |
| iv_501 | 7.420722450900523 × 10^299 | 4098 | 83 |
| iv_502 | 1.2007458174916092 × 10^300 | 3843 | 71 |
| iv_503 | 1.9085777640351856 × 10^300 | 4074 | 72 |
| iv_504 | 2.9752771072420473 × 10^300 | 3948 | 71 |
| iv_506 | 2.3023449872643207 × 10^300 | 3992 | 81 |
| iv_507 | 3.302887357064726 × 10^300 | 4195 | 76 |
| iv_508 | 4.383489708166796 × 10^300 | 4197 | 73 |
| iv_509 | 4.4474245201913446 × 10^300 | 4208 | 78 |
| iv_511 | 3.269746772408158 × 10^297 | 4276 | 80 |

### Input Bits Sorted by Complexity

| Input Bit | Complexity | Occurrences | Output Occurrences |
|:---------:|:----------:|:-----------:|:------------------:|
| iv_511 | 3.269746772408158 × 10^297 | 4276 | 80 |
| iv_497 | 7.604949150113525 × 10^298 | 4150 | 93 |
| iv_498 | 1.516161498356222 × 10^299 | 3954 | 88 |
| iv_499 | 2.6694597799075224 × 10^299 | 3919 | 72 |
| iv_501 | 7.420722450900523 × 10^299 | 4098 | 83 |
| iv_502 | 1.2007458174916092 × 10^300 | 3843 | 71 |
| iv_503 | 1.9085777640351856 × 10^300 | 4074 | 72 |
| iv_506 | 2.3023449872643207 × 10^300 | 3992 | 81 |
| iv_504 | 2.9752771072420473 × 10^300 | 3948 | 71 |
| iv_507 | 3.302887357064726 × 10^300 | 4195 | 76 |
| iv_508 | 4.383489708166796 × 10^300 | 4197 | 73 |
| iv_509 | 4.4474245201913446 × 10^300 | 4208 | 78 |
| iv_500 | 5.00515836575589 × 10^300 | 4316 | 82 |

### Input Bits Sorted by Occurrences

| Input Bit | Complexity | Occurrences | Output Occurrences |
|:---------:|:----------:|:-----------:|:------------------:|
| iv_502 | 1.2007458174916092 × 10^300 | 3843 | 71 |
| iv_499 | 2.6694597799075224 × 10^299 | 3919 | 72 |
| iv_504 | 2.9752771072420473 × 10^300 | 3948 | 71 |
| iv_498 | 1.516161498356222 × 10^299 | 3954 | 88 |
| iv_506 | 2.3023449872643207 × 10^300 | 3992 | 81 |
| iv_503 | 1.9085777640351856 × 10^300 | 4074 | 72 |
| iv_501 | 7.420722450900523 × 10^299 | 4098 | 83 |
| iv_497 | 7.604949150113525 × 10^298 | 4150 | 93 |
| iv_507 | 3.302887357064726 × 10^300 | 4195 | 76 |
| iv_508 | 4.383489708166796 × 10^300 | 4197 | 73 |
| iv_509 | 4.4474245201913446 × 10^300 | 4208 | 78 |
| iv_511 | 3.269746772408158 × 10^297 | 4276 | 80 |
| iv_500 | 5.00515836575589 × 10^300 | 4316 | 82 |

### Input Bits Sorted by Output Occurrences

| Input Bit | Complexity | Occurrences | Output Occurrences |
|:---------:|:----------:|:-----------:|:------------------:|
| iv_502 | 1.2007458174916092 × 10^300 | 3843 | 71 |
| iv_504 | 2.9752771072420473 × 10^300 | 3948 | 71 |
| iv_503 | 1.9085777640351856 × 10^300 | 4074 | 72 |
| iv_499 | 2.6694597799075224 × 10^299 | 3919 | 72 |
| iv_508 | 4.383489708166796 × 10^300 | 4197 | 73 |
| iv_507 | 3.302887357064726 × 10^300 | 4195 | 76 |
| iv_509 | 4.4474245201913446 × 10^300 | 4208 | 78 |
| iv_511 | 3.269746772408158 × 10^297 | 4276 | 80 |
| iv_506 | 2.3023449872643207 × 10^300 | 3992 | 81 |
| iv_500 | 5.00515836575589 × 10^300 | 4316 | 82 |
| iv_501 | 7.420722450900523 × 10^299 | 4098 | 83 |
| iv_498 | 1.516161498356222 × 10^299 | 3954 | 88 |
| iv_497 | 7.604949150113525 × 10^298 | 4150 | 93 |

## Input Bit Co-occurrences

### Input Bit Co-occurrences Sorted by Co-occurrences

| Input Bits | Co-occurrences | Potential Occurrences | Output Co-occurrences | Potential Output Occurrences |
|:----------:|:--------------:|:---------------------:|:---------------------:|:----------------------------:|
| iv_500-iv_511 | 2103 | 4386 | 42 | 78 |
| iv_508-iv_509 | 2087 | 4231 | 35 | 81 |
| iv_500-iv_507 | 2060 | 4391 | 34 | 90 |
| iv_497-iv_507 | 2052 | 4241 | 44 | 81 |
| iv_507-iv_509 | 2049 | 4305 | 38 | 78 |
| iv_497-iv_500 | 2046 | 4374 | 45 | 85 |
| iv_501-iv_511 | 2039 | 4296 | 39 | 85 |
| iv_503-iv_511 | 2039 | 4272 | 35 | 82 |
| iv_500-iv_501 | 2036 | 4342 | 42 | 81 |
| iv_507-iv_511 | 2019 | 4433 | 39 | 78 |
| iv_501-iv_509 | 2015 | 4276 | 38 | 85 |
| iv_497-iv_511 | 2014 | 4398 | 47 | 79 |
| iv_497-iv_509 | 2012 | 4334 | 42 | 87 |

### Input Bit Co-occurrences Sorted by Potential Occurrences

| Input Bits | Co-occurrences | Potential Occurrences | Output Co-occurrences | Potential Output Occurrences |
|:----------:|:--------------:|:---------------------:|:---------------------:|:----------------------------:|
| iv_499-iv_504 | 1850 | 4167 | 30 | 83 |
| iv_504-iv_506 | 1885 | 4170 | 38 | 76 |
| iv_506-iv_507 | 2005 | 4177 | 39 | 79 |
| iv_497-iv_504 | 1941 | 4216 | 44 | 76 |
| iv_498-iv_504 | 1843 | 4216 | 40 | 79 |
| iv_498-iv_499 | 1827 | 4219 | 44 | 72 |
| iv_499-iv_508 | 1945 | 4226 | 36 | 73 |
| iv_498-iv_506 | 1860 | 4226 | 41 | 87 |
| iv_497-iv_501 | 2010 | 4228 | 48 | 80 |
| iv_502-iv_504 | 1781 | 4229 | 33 | 76 |
| iv_508-iv_509 | 2087 | 4231 | 35 | 81 |
| iv_499-iv_501 | 1892 | 4233 | 33 | 89 |
| iv_502-iv_506 | 1798 | 4239 | 38 | 76 |

### Input Bit Output Co-occurrences Sorted by Output Co-occurrences

| Input Bits | Co-occurrences | Potential Occurrences | Output Co-occurrences | Potential Output Occurrences |
|:----------:|:--------------:|:---------------------:|:---------------------:|:----------------------------:|
| iv_497-iv_506 | 1951 | 4240 | 51 | 72 |
| iv_497-iv_498 | 1897 | 4310 | 50 | 81 |
| iv_498-iv_501 | 1879 | 4294 | 48 | 75 |
| iv_497-iv_501 | 2010 | 4228 | 48 | 80 |
| iv_497-iv_511 | 2014 | 4398 | 47 | 79 |
| iv_497-iv_500 | 2046 | 4374 | 45 | 85 |
| iv_498-iv_500 | 1954 | 4362 | 45 | 80 |
| iv_498-iv_509 | 1877 | 4408 | 44 | 78 |
| iv_497-iv_504 | 1941 | 4216 | 44 | 76 |
| iv_497-iv_507 | 2052 | 4241 | 44 | 81 |
| iv_498-iv_499 | 1827 | 4219 | 44 | 72 |
| iv_498-iv_507 | 1906 | 4337 | 43 | 78 |
| iv_498-iv_511 | 1904 | 4422 | 43 | 82 |

### Input Bit Output Co-occurrences Sorted by Potential Output Occurrences

| Input Bits | Co-occurrences | Potential Occurrences | Output Co-occurrences | Potential Output Occurrences |
|:----------:|:--------------:|:---------------------:|:---------------------:|:----------------------------:|
| iv_504-iv_508 | 1941 | 4263 | 36 | 72 |
| iv_497-iv_506 | 1951 | 4240 | 51 | 72 |
| iv_499-iv_500 | 1968 | 4299 | 41 | 72 |
| iv_499-iv_507 | 1923 | 4268 | 38 | 72 |
| iv_498-iv_499 | 1827 | 4219 | 44 | 72 |
| iv_499-iv_508 | 1945 | 4226 | 36 | 73 |
| iv_507-iv_508 | 1983 | 4426 | 38 | 73 |
| iv_501-iv_503 | 1868 | 4436 | 40 | 75 |
| iv_503-iv_504 | 1883 | 4256 | 34 | 75 |
| iv_498-iv_501 | 1879 | 4294 | 48 | 75 |
| iv_502-iv_507 | 1888 | 4262 | 36 | 75 |
| iv_501-iv_508 | 1952 | 4391 | 40 | 76 |
| iv_502-iv_504 | 1781 | 4229 | 33 | 76 |

## Output Bits

### Output Bits in Regular Order

| Rank | Output Bit | Complexity |
|:----:|:----------:|:----------:|
| 1 | ov_001 | 4.184447931576225 × 10^300 |
| 2 | ov_002 | 3.6411731348668524 × 10^300 |
| 3 | ov_003 | 3.1534311457857106 × 10^300 |
| 4 | ov_004 | 2.7170581186406102 × 10^300 |
| 5 | ov_005 | 2.328118246726257 × 10^300 |
| 6 | ov_006 | 1.9828876253871918 × 10^300 |
| 7 | ov_007 | 1.6778401833060647 × 10^300 |
| 8 | ov_008 | 1.4096355167578053 × 10^300 |
| 9 | ov_009 | 1.1751084723099937 × 10^300 |
| 10 | ov_010 | 9.71260310059878 × 10^299 |
| 11 | ov_011 | 7.952512776618637 × 10^299 |
| 12 | ov_012 | 6.4439443517637574 × 10^299 |
| 13 | ov_013 | 5.1615058034267 × 10^299 |
| 14 | ov_014 | 4.081241332889181 × 10^299 |
| 15 | ov_015 | 3.180598489802454 × 10^299 |
| 16 | ov_016 | 2.4384023490031338 × 10^299 |
| 17 | ov_017 | 1.8348356058976288 × 10^299 |
| 18 | ov_018 | 1.3514235474527074 × 10^299 |
| 19 | ov_019 | 9.710229463137313 × 10^298 |
| 20 | ov_020 | 6.778140158476263 × 10^298 |
| 21 | ov_021 | 4.572946910492724 × 10^298 |
| 22 | ov_022 | 2.962766643091332 × 10^298 |
| 23 | ov_023 | 1.8288272080744293 × 10^298 |
| 24 | ov_024 | 1.0654500592374042 × 10^298 |
| 25 | ov_025 | 5.800396478883271 × 10^297 |
| 26 | ov_026 | 2.9307761208179354 × 10^297 |
| 27 | ov_027 | 1.3812004163742112 × 10^297 |
| 28 | ov_028 | 6.179639931954526 × 10^296 |
| 29 | ov_029 | 2.380917343177442 × 10^296 |
| 30 | ov_030 | 7.277846462955532 × 10^295 |
| 31 | ov_031 | 1.419349041382519 × 10^295 |
| 32 | lv_80_m31 | 2.7675375586373924 × 10^294 |
| 33 | ov_033 | 3.333227994652564 × 10^295 |
| 34 | ov_034 | 2.8942140106447513 × 10^295 |
| 35 | ov_035 | 2.5009381830597304 × 10^295 |
| 36 | ov_036 | 2.149823957650517 × 10^295 |
| 37 | ov_037 | 1.8374899398040768 × 10^295 |
| 38 | ov_038 | 1.560736183919666 × 10^295 |
| 39 | ov_039 | 1.3165322829212473 × 10^295 |
| 40 | ov_040 | 1.1020070871037036 × 10^295 |
| 41 | ov_041 | 9.144398919284277 × 10^294 |
| 42 | ov_042 | 7.512529442594923 × 10^294 |
| 43 | ov_043 | 6.111922465086057 × 10^294 |
| 44 | ov_044 | 4.919480442556348 × 10^294 |
| 45 | ov_045 | 3.913375973080203 × 10^294 |
| 46 | ov_046 | 3.0730163670815186 × 10^294 |
| 47 | ov_047 | 2.3790152114109685 × 10^294 |
| 48 | ov_048 | 1.8131699345914777 × 10^294 |
| 49 | ov_049 | 1.3584444570407183 × 10^294 |
| 50 | ov_050 | 9.989560853085684 × 10^293 |
| 51 | ov_051 | 7.199658834937907 × 10^293 |
| 52 | ov_052 | 5.07871828298574 × 10^293 |
| 53 | ov_053 | 3.5020412687187795 × 10^293 |
| 54 | ov_054 | 2.3562214887152143 × 10^293 |
| 55 | ov_055 | 1.5391249618867621 × 10^293 |
| 56 | ov_056 | 9.598782195943168 × 10^292 |
| 57 | ov_057 | 5.758585426523446 × 10^292 |
| 58 | ov_058 | 3.1869545131525405 × 10^292 |
| 59 | ov_059 | 1.5701574097809335 × 10^292 |
| 60 | ov_060 | 6.506964024987729 × 10^291 |
| 61 | ov_061 | 2.273057599314394 × 10^291 |
| 62 | ov_062 | 6.235985076224752 × 10^290 |
| 63 | ov_063 | 1.2155789437559896 × 10^290 |
| 64 | lv_79_m31 | 2.369051451616192 × 10^289 |
| 65 | ov_065 | 2.8514988516583052 × 10^290 |
| 66 | ov_066 | 2.8514903920566297 × 10^290 |
| 67 | ov_067 | 2.8514883217563327 × 10^290 |
| 68 | ov_068 | 2.4726762288148804 × 10^290 |
| 69 | ov_069 | 2.133954848035041 × 10^290 |
| 70 | ov_070 | 1.8321190017057954 × 10^290 |
| 71 | ov_071 | 1.5641606393875816 × 10^290 |
| 72 | ov_072 | 1.3272554939510375 × 10^290 |
| 73 | ov_073 | 1.1187509191561203 × 10^290 |
| 74 | ov_074 | 9.361548457327496 × 10^289 |
| 75 | ov_075 | 7.771257954341261 × 10^289 |
| 76 | ov_076 | 6.394638946078738 × 10^289 |
| 77 | ov_077 | 5.21102830521452 × 10^289 |
| 78 | ov_078 | 4.201026950407411 × 10^289 |
| 79 | ov_079 | 3.3464366134065116 × 10^289 |
| 80 | ov_080 | 2.630204401655067 × 10^289 |
| 81 | ov_081 | 2.0363746279428164 × 10^289 |
| 82 | ov_082 | 1.550047383375155 × 10^289 |
| 83 | ov_083 | 1.1573433333156057 × 10^289 |
| 84 | ov_084 | 8.453742183091012 × 10^288 |
| 85 | ov_085 | 6.022185435654156 × 10^288 |
| 86 | ov_086 | 4.169019415969993 × 10^288 |
| 87 | ov_087 | 2.7938169324256564 × 10^288 |
| 88 | ov_088 | 1.805348926962782 × 10^288 |
| 89 | ov_089 | 1.1214974238751104 × 10^288 |
| 90 | ov_090 | 6.691946367579889 × 10^287 |
| 91 | ov_091 | 3.843830938295777 × 10^287 |
| 92 | ov_092 | 2.1199168497621457 × 10^287 |
| 93 | ov_093 | 1.0592278690808652 × 10^287 |
| 94 | ov_094 | 4.536989791463793 × 10^286 |
| 95 | aaa_78_28 | 1.4009398962527727 × 10^286 |
| 96 | aaa_78_29 | 4.302173068033294 × 10^285 |
| 97 | ov_097 | 2.840293095618374 × 10^285 |
| 98 | ov_098 | 2.8402072285890674 × 10^285 |
| 99 | ov_099 | 2.840179731710575 × 10^285 |
| 100 | ov_100 | 2.5554078997708675 × 10^285 |
| 101 | ov_101 | 2.291746981858868 × 10^285 |
| 102 | ov_102 | 2.048024822642766 × 10^285 |
| 103 | ov_103 | 1.8231547451187894 × 10^285 |
| 104 | ov_104 | 1.6161247151731272 × 10^285 |
| 105 | ov_105 | 1.4259874757276957 × 10^285 |
| 106 | ov_106 | 1.2518515996595251 × 10^285 |
| 107 | ov_107 | 1.0928734126079328 × 10^285 |
| 108 | ov_108 | 9.482497383522027 × 10^284 |
| 109 | ov_109 | 8.172114207022989 × 10^284 |
| 110 | ov_110 | 6.99017576837785 × 10^284 |
| 111 | ov_111 | 5.929505377954326 × 10^284 |
| 112 | ov_112 | 4.9831143238099365 × 10^284 |
| 113 | ov_113 | 4.1441637119921425 × 10^284 |
| 114 | ov_114 | 3.405931877894655 × 10^284 |
| 115 | ov_115 | 2.761786940504658 × 10^284 |
| 116 | ov_116 | 2.205164072616154 × 10^284 |
| 117 | ov_117 | 1.729547060825068 × 10^284 |
| 118 | ov_118 | 1.3284537295427886 × 10^284 |
| 119 | ov_119 | 9.954248034985539 × 10^283 |
| 120 | ov_120 | 7.240157833311545 × 10^283 |
| 121 | ov_121 | 5.0779140894314635 × 10^283 |
| 122 | ov_122 | 3.40322094762147 × 10^283 |
| 123 | ov_123 | 2.1518158366178527 × 10^283 |
| 124 | ov_124 | 1.2594536318408848 × 10^283 |
| 125 | ov_125 | 6.618968349437468 × 10^282 |
| 126 | ov_126 | 2.9491055945651434 × 10^282 |
| 127 | aaa_77_28 | 9.426060386264822 × 10^281 |
| 128 | aaa_77_29 | 3.5389726245773144 × 10^281 |
| 129 | ov_129 | 3.301720657104779 × 10^281 |
| 130 | ov_130 | 3.3017113689312152 × 10^281 |
| 131 | ov_131 | 3.3017091209890715 × 10^281 |
| 132 | ov_132 | 2.872999580497358 × 10^281 |
| 133 | ov_133 | 2.487571510853136 × 10^281 |
| 134 | ov_134 | 2.1420752121164675 × 10^281 |
| 135 | ov_135 | 1.833342488935094 × 10^281 |
| 136 | ov_136 | 1.5583737040009374 × 10^281 |
| 137 | ov_137 | 1.3157096736456676 × 10^281 |
| 138 | ov_138 | 1.1026558258792078 × 10^281 |
| 139 | ov_139 | 9.166570943103815 × 10^280 |
| 140 | ov_140 | 7.552909847102608 × 10^280 |
| 141 | ov_141 | 6.162617812535108 × 10^280 |
| 142 | ov_142 | 4.973957627216146 × 10^280 |
| 143 | ov_143 | 3.9663730655648604 × 10^280 |
| 144 | ov_144 | 3.1204576616900874 × 10^280 |
| 145 | ov_145 | 2.4179301436075994 × 10^280 |
| 146 | ov_146 | 1.8416155312894226 × 10^280 |
| 147 | ov_147 | 1.375430975093024 × 10^280 |
| 148 | ov_148 | 1.0043754847981798 × 10^280 |
| 149 | ov_149 | 7.145227730569392 × 10^279 |
| 150 | ov_150 | 4.930165105759951 × 10^279 |
| 151 | ov_151 | 3.280673638235969 × 10^279 |
| 152 | ov_152 | 2.089512594991232 × 10^279 |
| 153 | ov_153 | 1.2600841440067012 × 10^279 |
| 154 | ov_154 | 7.06428010617571 × 10^278 |
| 155 | ov_155 | 3.532184809087713 × 10^278 |
| 156 | aaa_76_25 | 1.3576277075503451 × 10^278 |
| 157 | aaa_76_26 | 7.844232219366182 × 10^277 |
| 158 | aaa_76_27 | 4.017865932075914 × 10^277 |
| 159 | aaa_76_28 | 1.565610364062787 × 10^277 |
| 160 | aaa_76_29 | 4.765203187354804 × 10^276 |

### Output Bits Sorted by Complexity

| Rank | Output Bit | Complexity |
|:----:|:----------:|:----------:|
| 160 | aaa_76_29 | 4.765203187354804 × 10^276 |
| 159 | aaa_76_28 | 1.565610364062787 × 10^277 |
| 158 | aaa_76_27 | 4.017865932075914 × 10^277 |
| 157 | aaa_76_26 | 7.844232219366182 × 10^277 |
| 156 | aaa_76_25 | 1.3576277075503451 × 10^278 |
| 155 | ov_155 | 3.532184809087713 × 10^278 |
| 154 | ov_154 | 7.06428010617571 × 10^278 |
| 153 | ov_153 | 1.2600841440067012 × 10^279 |
| 152 | ov_152 | 2.089512594991232 × 10^279 |
| 151 | ov_151 | 3.280673638235969 × 10^279 |
| 150 | ov_150 | 4.930165105759951 × 10^279 |
| 149 | ov_149 | 7.145227730569392 × 10^279 |
| 148 | ov_148 | 1.0043754847981798 × 10^280 |
| 147 | ov_147 | 1.375430975093024 × 10^280 |
| 146 | ov_146 | 1.8416155312894226 × 10^280 |
| 145 | ov_145 | 2.4179301436075994 × 10^280 |
| 144 | ov_144 | 3.1204576616900874 × 10^280 |
| 143 | ov_143 | 3.9663730655648604 × 10^280 |
| 142 | ov_142 | 4.973957627216146 × 10^280 |
| 141 | ov_141 | 6.162617812535108 × 10^280 |
| 140 | ov_140 | 7.552909847102608 × 10^280 |
| 139 | ov_139 | 9.166570943103815 × 10^280 |
| 138 | ov_138 | 1.1026558258792078 × 10^281 |
| 137 | ov_137 | 1.3157096736456676 × 10^281 |
| 136 | ov_136 | 1.5583737040009374 × 10^281 |
| 135 | ov_135 | 1.833342488935094 × 10^281 |
| 134 | ov_134 | 2.1420752121164675 × 10^281 |
| 133 | ov_133 | 2.487571510853136 × 10^281 |
| 132 | ov_132 | 2.872999580497358 × 10^281 |
| 131 | ov_131 | 3.3017091209890715 × 10^281 |
| 130 | ov_130 | 3.3017113689312152 × 10^281 |
| 129 | ov_129 | 3.301720657104779 × 10^281 |
| 128 | aaa_77_29 | 3.5389726245773144 × 10^281 |
| 127 | aaa_77_28 | 9.426060386264822 × 10^281 |
| 126 | ov_126 | 2.9491055945651434 × 10^282 |
| 125 | ov_125 | 6.618968349437468 × 10^282 |
| 124 | ov_124 | 1.2594536318408848 × 10^283 |
| 123 | ov_123 | 2.1518158366178527 × 10^283 |
| 122 | ov_122 | 3.40322094762147 × 10^283 |
| 121 | ov_121 | 5.0779140894314635 × 10^283 |
| 120 | ov_120 | 7.240157833311545 × 10^283 |
| 119 | ov_119 | 9.954248034985539 × 10^283 |
| 118 | ov_118 | 1.3284537295427886 × 10^284 |
| 117 | ov_117 | 1.729547060825068 × 10^284 |
| 116 | ov_116 | 2.205164072616154 × 10^284 |
| 115 | ov_115 | 2.761786940504658 × 10^284 |
| 114 | ov_114 | 3.405931877894655 × 10^284 |
| 113 | ov_113 | 4.1441637119921425 × 10^284 |
| 112 | ov_112 | 4.9831143238099365 × 10^284 |
| 111 | ov_111 | 5.929505377954326 × 10^284 |
| 110 | ov_110 | 6.99017576837785 × 10^284 |
| 109 | ov_109 | 8.172114207022989 × 10^284 |
| 108 | ov_108 | 9.482497383522027 × 10^284 |
| 107 | ov_107 | 1.0928734126079328 × 10^285 |
| 106 | ov_106 | 1.2518515996595251 × 10^285 |
| 105 | ov_105 | 1.4259874757276957 × 10^285 |
| 104 | ov_104 | 1.6161247151731272 × 10^285 |
| 103 | ov_103 | 1.8231547451187894 × 10^285 |
| 102 | ov_102 | 2.048024822642766 × 10^285 |
| 101 | ov_101 | 2.291746981858868 × 10^285 |
| 100 | ov_100 | 2.5554078997708675 × 10^285 |
| 99 | ov_099 | 2.840179731710575 × 10^285 |
| 98 | ov_098 | 2.8402072285890674 × 10^285 |
| 97 | ov_097 | 2.840293095618374 × 10^285 |
| 96 | aaa_78_29 | 4.302173068033294 × 10^285 |
| 95 | aaa_78_28 | 1.4009398962527727 × 10^286 |
| 94 | ov_094 | 4.536989791463793 × 10^286 |
| 93 | ov_093 | 1.0592278690808652 × 10^287 |
| 92 | ov_092 | 2.1199168497621457 × 10^287 |
| 91 | ov_091 | 3.843830938295777 × 10^287 |
| 90 | ov_090 | 6.691946367579889 × 10^287 |
| 89 | ov_089 | 1.1214974238751104 × 10^288 |
| 88 | ov_088 | 1.805348926962782 × 10^288 |
| 87 | ov_087 | 2.7938169324256564 × 10^288 |
| 86 | ov_086 | 4.169019415969993 × 10^288 |
| 85 | ov_085 | 6.022185435654156 × 10^288 |
| 84 | ov_084 | 8.453742183091012 × 10^288 |
| 83 | ov_083 | 1.1573433333156057 × 10^289 |
| 82 | ov_082 | 1.550047383375155 × 10^289 |
| 81 | ov_081 | 2.0363746279428164 × 10^289 |
| 64 | lv_79_m31 | 2.369051451616192 × 10^289 |
| 80 | ov_080 | 2.630204401655067 × 10^289 |
| 79 | ov_079 | 3.3464366134065116 × 10^289 |
| 78 | ov_078 | 4.201026950407411 × 10^289 |
| 77 | ov_077 | 5.21102830521452 × 10^289 |
| 76 | ov_076 | 6.394638946078738 × 10^289 |
| 75 | ov_075 | 7.771257954341261 × 10^289 |
| 74 | ov_074 | 9.361548457327496 × 10^289 |
| 73 | ov_073 | 1.1187509191561203 × 10^290 |
| 63 | ov_063 | 1.2155789437559896 × 10^290 |
| 72 | ov_072 | 1.3272554939510375 × 10^290 |
| 71 | ov_071 | 1.5641606393875816 × 10^290 |
| 70 | ov_070 | 1.8321190017057954 × 10^290 |
| 69 | ov_069 | 2.133954848035041 × 10^290 |
| 68 | ov_068 | 2.4726762288148804 × 10^290 |
| 67 | ov_067 | 2.8514883217563327 × 10^290 |
| 66 | ov_066 | 2.8514903920566297 × 10^290 |
| 65 | ov_065 | 2.8514988516583052 × 10^290 |
| 62 | ov_062 | 6.235985076224752 × 10^290 |
| 61 | ov_061 | 2.273057599314394 × 10^291 |
| 60 | ov_060 | 6.506964024987729 × 10^291 |
| 59 | ov_059 | 1.5701574097809335 × 10^292 |
| 58 | ov_058 | 3.1869545131525405 × 10^292 |
| 57 | ov_057 | 5.758585426523446 × 10^292 |
| 56 | ov_056 | 9.598782195943168 × 10^292 |
| 55 | ov_055 | 1.5391249618867621 × 10^293 |
| 54 | ov_054 | 2.3562214887152143 × 10^293 |
| 53 | ov_053 | 3.5020412687187795 × 10^293 |
| 52 | ov_052 | 5.07871828298574 × 10^293 |
| 51 | ov_051 | 7.199658834937907 × 10^293 |
| 50 | ov_050 | 9.989560853085684 × 10^293 |
| 49 | ov_049 | 1.3584444570407183 × 10^294 |
| 48 | ov_048 | 1.8131699345914777 × 10^294 |
| 47 | ov_047 | 2.3790152114109685 × 10^294 |
| 32 | lv_80_m31 | 2.7675375586373924 × 10^294 |
| 46 | ov_046 | 3.0730163670815186 × 10^294 |
| 45 | ov_045 | 3.913375973080203 × 10^294 |
| 44 | ov_044 | 4.919480442556348 × 10^294 |
| 43 | ov_043 | 6.111922465086057 × 10^294 |
| 42 | ov_042 | 7.512529442594923 × 10^294 |
| 41 | ov_041 | 9.144398919284277 × 10^294 |
| 40 | ov_040 | 1.1020070871037036 × 10^295 |
| 39 | ov_039 | 1.3165322829212473 × 10^295 |
| 31 | ov_031 | 1.419349041382519 × 10^295 |
| 38 | ov_038 | 1.560736183919666 × 10^295 |
| 37 | ov_037 | 1.8374899398040768 × 10^295 |
| 36 | ov_036 | 2.149823957650517 × 10^295 |
| 35 | ov_035 | 2.5009381830597304 × 10^295 |
| 34 | ov_034 | 2.8942140106447513 × 10^295 |
| 33 | ov_033 | 3.333227994652564 × 10^295 |
| 30 | ov_030 | 7.277846462955532 × 10^295 |
| 29 | ov_029 | 2.380917343177442 × 10^296 |
| 28 | ov_028 | 6.179639931954526 × 10^296 |
| 27 | ov_027 | 1.3812004163742112 × 10^297 |
| 26 | ov_026 | 2.9307761208179354 × 10^297 |
| 25 | ov_025 | 5.800396478883271 × 10^297 |
| 24 | ov_024 | 1.0654500592374042 × 10^298 |
| 23 | ov_023 | 1.8288272080744293 × 10^298 |
| 22 | ov_022 | 2.962766643091332 × 10^298 |
| 21 | ov_021 | 4.572946910492724 × 10^298 |
| 20 | ov_020 | 6.778140158476263 × 10^298 |
| 19 | ov_019 | 9.710229463137313 × 10^298 |
| 18 | ov_018 | 1.3514235474527074 × 10^299 |
| 17 | ov_017 | 1.8348356058976288 × 10^299 |
| 16 | ov_016 | 2.4384023490031338 × 10^299 |
| 15 | ov_015 | 3.180598489802454 × 10^299 |
| 14 | ov_014 | 4.081241332889181 × 10^299 |
| 13 | ov_013 | 5.1615058034267 × 10^299 |
| 12 | ov_012 | 6.4439443517637574 × 10^299 |
| 11 | ov_011 | 7.952512776618637 × 10^299 |
| 10 | ov_010 | 9.71260310059878 × 10^299 |
| 9 | ov_009 | 1.1751084723099937 × 10^300 |
| 8 | ov_008 | 1.4096355167578053 × 10^300 |
| 7 | ov_007 | 1.6778401833060647 × 10^300 |
| 6 | ov_006 | 1.9828876253871918 × 10^300 |
| 5 | ov_005 | 2.328118246726257 × 10^300 |
| 4 | ov_004 | 2.7170581186406102 × 10^300 |
| 3 | ov_003 | 3.1534311457857106 × 10^300 |
| 2 | ov_002 | 3.6411731348668524 × 10^300 |
| 1 | ov_001 | 4.184447931576225 × 10^300 |

