# Results for F001-F002-F003-F004-F005-F006-F007-F008-F009-F010-F011-F012-F013-F014-F015-F016-F017-F018-F019-F020-F021-F022-F023-F024-F025-F026-F027-F028-F029-F030-F031-F032-F033-F034-F035-F036-F037-F038-F039-F040-F041-F042-F043-F044-F045-F046-F047-F048-F049-F050-F051-F052-F053-F054-F055-F056-F057-F058-F059-F060-F061-F062-F063-F064-F065-F066-F067-F068-F069-F070-F071-F072-F073-F074-F075-F076-F077-F078-F079-F080-F081-F082-F083-F084-F085-F086-F087-F088-F089-F090-F091-F092-F093-F094-F095-F096-F097-F098-F099-F100-F101-F102-F103-F104-F105-F106-F107-F108-F109-F110-F111-F112-F113-F114-F115-F116-F117-F118-F119-F120-F121-F122-F123-F124-F125-F126-F127-F128-F129-F130-F131-F132-F133-F134-F135-F136-F137-F138-F139-F140-F141-F142-F143-F144-F145-F146-F147-F148-F149-F150-F151-F152-F153-F154-F155-F156-F157-F158-F159-F160-F161-F162-F163-F164-F165-F166-F167-F168-F169-F170-F171-F172-F173-F174-F175-F176-F177-F178-F179-F180-F181-F182-F183-F184-F185-F186-F187-F188-F189-F190-F191-F192-F193-F194-F195-F196-F197-F198-F199-F200-F201-F202-F203-F204-F205-F206-F207-F208-F209-F210-F211-F212-F213-F214-F215-F216-F217-F218-F219-F220-F221-F222-F223-F224-F225-F226-F227-F228-F229-F230-F231-F232-F233-F234-F235-F236-F237-F238-F239-F240-F241-F242-F243-F244-F245-F246-F247-F248-F249-F250-F251-F252-F253-F254-F255-F256-F257-F258-F259-F260-F261-F262-F263-F264-F265-F266-F267-F268-F269-F270-F271-F272-F273-F274-F275-F276-F277-F278-F279-F280-F281-F282-F283-F284-F285-F286-F287-F288-F289-F290-F291-F292-F293-F294-F295-F296-F297-F298-F299-F300-F301-F302-F303-F304-F305-F306-F307-F308-F309-F310-F311-F312-F313-F314-F315-F316-F317-F318-F319-F320-F321-F322-F323-F324-F325-F326-F327-F328-F329-F330-F331-F332-F333-F334-F335-F336-F337-F338-F339-F340-F341-F342-F343-F344-F345-F346-F347-F348-F349-F350-F351-F352-F353-F354-F355-F356-F357-F358-F359-F360-F361-F362-F363-F364-F365-F366-F367-F368-F369-F370-F371-F372-F373-F374-F375-F376-F377-F378-F379-F380-F381-F382-F383-F384-F385-F386-F387-F388-F389-F390-F391-F392-F393-F394-F395-F396-F397-F398-F399-F400-F401-F402-F403-F404-F405-F406-F407-F408-F409-F410-F411-F412-F413-F414-F415-F416-F417-F418-F419-F420-F421-F422-F423-F424-F425-F426-F427-F428-F429-F430-F431-F432-F433-F434-F435-F436-F437-F438-F439-F440-F441-F442-F443-F444-F445-F446-F447-F448-F449-F450-F451-F452-F453-F454-F455-F456-F457-F458-F459-F460-F461-F462-F463-F464-F465-F466-F467-F468-F469-F470-F471-F472-F473-F474-F475-F476-F477-F478-F479-F480-F481-F482-F483-F484-F485-F486-F487-F488-F489-F490-F491-F492-F493-F494-F495-F496-F497-O509510-F512

## Summary

Number of input bits: 512  
Number of free input bits: 13  
Number of output bits: 160

Number of direct occurrences: 53650  
Number of assignments: 31924  
Number of operations: 11713097
(xor: 11683714,
and: 15830,
or: 13553)

Total complexity: 3.0481576281930393 × 10^305

Least occurring input variable: iv_504 (3970)  
Most occurring input variable: iv_509 (4391)

Most co-occurring input variables: iv_503-iv_509 (2083)  
Least co-occurring input variables: iv_499-iv_506 (1789)

Potentially most occurring input variable: iv_508/iv_509 (4587)  
Potentially least occurring input variable: iv_502/iv_505 (4194)

Least output occurring input variable: iv_505 (71)  
Most output occurring input variable: iv_498 (90)

Most output co-occurring input variables: iv_500-iv_509 (50)  
Least output co-occurring input variables: iv_502-iv_505 (28)

Potentially most output occurring input variable: iv_498/iv_511 (95)  
Potentially least output occurring input variable: iv_499/iv_505 (65)

Least complex input bit: iv_511 (7.461673747061855 × 10^301)  
Most complex input bit: iv_505 (7.095850526444253 × 10^304)

Least complex output bit: aaa_76_29 (7.108216757915285 × 10^279)  
Most complex output bit: ov_001 (4.76799569516821 × 10^304)

Least complex input/output complexity: iv_511/aaa_76_29 (1.7400410621941313 × 10^276)  
Most complex input/output complexity: iv_505/ov_001 (1.1099486604864206 × 10^304)

## Input Bits

### Input Bits in Regular Order

| Input Bit | Complexity | Occurrences | Output Occurrences |
|:---------:|:----------:|:-----------:|:------------------:|
| iv_498 | 1.5160247442182526 × 10^303 | 4037 | 90 |
| iv_499 | 3.107959311058232 × 10^303 | 4019 | 72 |
| iv_500 | 5.7928960348244235 × 10^303 | 4179 | 87 |
| iv_501 | 1.0301855311056385 × 10^304 | 4022 | 78 |
| iv_502 | 1.7502458460745106 × 10^304 | 4045 | 73 |
| iv_503 | 2.8735331725884706 × 10^304 | 4256 | 83 |
| iv_504 | 4.5760788991732286 × 10^304 | 3970 | 72 |
| iv_505 | 7.095850526444253 × 10^304 | 4101 | 71 |
| iv_506 | 3.648043583349707 × 10^304 | 4032 | 79 |
| iv_507 | 5.043924605131393 × 10^304 | 4238 | 85 |
| iv_508 | 1.6625380736530878 × 10^304 | 4118 | 87 |
| iv_509 | 1.7520263616529512 × 10^304 | 4391 | 85 |
| iv_511 | 7.461673747061855 × 10^301 | 4242 | 73 |

### Input Bits Sorted by Complexity

| Input Bit | Complexity | Occurrences | Output Occurrences |
|:---------:|:----------:|:-----------:|:------------------:|
| iv_511 | 7.461673747061855 × 10^301 | 4242 | 73 |
| iv_498 | 1.5160247442182526 × 10^303 | 4037 | 90 |
| iv_499 | 3.107959311058232 × 10^303 | 4019 | 72 |
| iv_500 | 5.7928960348244235 × 10^303 | 4179 | 87 |
| iv_501 | 1.0301855311056385 × 10^304 | 4022 | 78 |
| iv_508 | 1.6625380736530878 × 10^304 | 4118 | 87 |
| iv_502 | 1.7502458460745106 × 10^304 | 4045 | 73 |
| iv_509 | 1.7520263616529512 × 10^304 | 4391 | 85 |
| iv_503 | 2.8735331725884706 × 10^304 | 4256 | 83 |
| iv_506 | 3.648043583349707 × 10^304 | 4032 | 79 |
| iv_504 | 4.5760788991732286 × 10^304 | 3970 | 72 |
| iv_507 | 5.043924605131393 × 10^304 | 4238 | 85 |
| iv_505 | 7.095850526444253 × 10^304 | 4101 | 71 |

### Input Bits Sorted by Occurrences

| Input Bit | Complexity | Occurrences | Output Occurrences |
|:---------:|:----------:|:-----------:|:------------------:|
| iv_504 | 4.5760788991732286 × 10^304 | 3970 | 72 |
| iv_499 | 3.107959311058232 × 10^303 | 4019 | 72 |
| iv_501 | 1.0301855311056385 × 10^304 | 4022 | 78 |
| iv_506 | 3.648043583349707 × 10^304 | 4032 | 79 |
| iv_498 | 1.5160247442182526 × 10^303 | 4037 | 90 |
| iv_502 | 1.7502458460745106 × 10^304 | 4045 | 73 |
| iv_505 | 7.095850526444253 × 10^304 | 4101 | 71 |
| iv_508 | 1.6625380736530878 × 10^304 | 4118 | 87 |
| iv_500 | 5.7928960348244235 × 10^303 | 4179 | 87 |
| iv_507 | 5.043924605131393 × 10^304 | 4238 | 85 |
| iv_511 | 7.461673747061855 × 10^301 | 4242 | 73 |
| iv_503 | 2.8735331725884706 × 10^304 | 4256 | 83 |
| iv_509 | 1.7520263616529512 × 10^304 | 4391 | 85 |

### Input Bits Sorted by Output Occurrences

| Input Bit | Complexity | Occurrences | Output Occurrences |
|:---------:|:----------:|:-----------:|:------------------:|
| iv_505 | 7.095850526444253 × 10^304 | 4101 | 71 |
| iv_499 | 3.107959311058232 × 10^303 | 4019 | 72 |
| iv_504 | 4.5760788991732286 × 10^304 | 3970 | 72 |
| iv_502 | 1.7502458460745106 × 10^304 | 4045 | 73 |
| iv_511 | 7.461673747061855 × 10^301 | 4242 | 73 |
| iv_501 | 1.0301855311056385 × 10^304 | 4022 | 78 |
| iv_506 | 3.648043583349707 × 10^304 | 4032 | 79 |
| iv_503 | 2.8735331725884706 × 10^304 | 4256 | 83 |
| iv_507 | 5.043924605131393 × 10^304 | 4238 | 85 |
| iv_509 | 1.7520263616529512 × 10^304 | 4391 | 85 |
| iv_500 | 5.7928960348244235 × 10^303 | 4179 | 87 |
| iv_508 | 1.6625380736530878 × 10^304 | 4118 | 87 |
| iv_498 | 1.5160247442182526 × 10^303 | 4037 | 90 |

## Input Bit Co-occurrences

### Input Bit Co-occurrences Sorted by Co-occurrences

| Input Bits | Co-occurrences | Potential Occurrences | Output Co-occurrences | Potential Output Occurrences |
|:----------:|:--------------:|:---------------------:|:---------------------:|:----------------------------:|
| iv_503-iv_509 | 2083 | 4481 | 39 | 90 |
| iv_507-iv_509 | 2073 | 4483 | 43 | 84 |
| iv_503-iv_511 | 2067 | 4364 | 36 | 84 |
| iv_500-iv_507 | 2047 | 4323 | 48 | 76 |
| iv_509-iv_511 | 2036 | 4561 | 40 | 78 |
| iv_499-iv_509 | 2034 | 4342 | 38 | 81 |
| iv_500-iv_511 | 2034 | 4353 | 36 | 88 |
| iv_502-iv_509 | 2026 | 4384 | 41 | 76 |
| iv_500-iv_509 | 2024 | 4522 | 50 | 72 |
| iv_507-iv_511 | 2023 | 4434 | 36 | 86 |
| iv_501-iv_511 | 2013 | 4238 | 32 | 87 |
| iv_503-iv_507 | 2008 | 4478 | 46 | 76 |
| iv_500-iv_503 | 2008 | 4419 | 41 | 88 |

### Input Bit Co-occurrences Sorted by Potential Occurrences

| Input Bits | Co-occurrences | Potential Occurrences | Output Co-occurrences | Potential Output Occurrences |
|:----------:|:--------------:|:---------------------:|:---------------------:|:----------------------------:|
| iv_502-iv_505 | 1976 | 4194 | 28 | 88 |
| iv_498-iv_501 | 1925 | 4209 | 44 | 80 |
| iv_502-iv_506 | 1927 | 4223 | 37 | 78 |
| iv_499-iv_505 | 1944 | 4232 | 39 | 65 |
| iv_501-iv_511 | 2013 | 4238 | 32 | 87 |
| iv_502-iv_508 | 1957 | 4249 | 41 | 78 |
| iv_498-iv_504 | 1878 | 4251 | 43 | 76 |
| iv_504-iv_505 | 1906 | 4259 | 33 | 77 |
| iv_500-iv_506 | 1969 | 4273 | 42 | 82 |
| iv_501-iv_503 | 2001 | 4276 | 40 | 81 |
| iv_504-iv_506 | 1862 | 4278 | 34 | 83 |
| iv_500-iv_501 | 1960 | 4281 | 45 | 75 |
| iv_499-iv_504 | 1854 | 4281 | 33 | 78 |

### Input Bit Output Co-occurrences Sorted by Output Co-occurrences

| Input Bits | Co-occurrences | Potential Occurrences | Output Co-occurrences | Potential Output Occurrences |
|:----------:|:--------------:|:---------------------:|:---------------------:|:----------------------------:|
| iv_498-iv_509 | 1961 | 4506 | 50 | 75 |
| iv_500-iv_509 | 2024 | 4522 | 50 | 72 |
| iv_500-iv_507 | 2047 | 4323 | 48 | 76 |
| iv_503-iv_507 | 2008 | 4478 | 46 | 76 |
| iv_500-iv_505 | 1989 | 4302 | 45 | 68 |
| iv_500-iv_508 | 2000 | 4297 | 45 | 84 |
| iv_498-iv_507 | 1954 | 4367 | 45 | 85 |
| iv_500-iv_501 | 1960 | 4281 | 45 | 75 |
| iv_503-iv_504 | 1952 | 4322 | 45 | 65 |
| iv_508-iv_511 | 1999 | 4362 | 45 | 70 |
| iv_498-iv_508 | 1900 | 4355 | 45 | 87 |
| iv_503-iv_508 | 1989 | 4396 | 44 | 82 |
| iv_498-iv_501 | 1925 | 4209 | 44 | 80 |

### Input Bit Output Co-occurrences Sorted by Potential Output Occurrences

| Input Bits | Co-occurrences | Potential Occurrences | Output Co-occurrences | Potential Output Occurrences |
|:----------:|:--------------:|:---------------------:|:---------------------:|:----------------------------:|
| iv_499-iv_505 | 1944 | 4232 | 39 | 65 |
| iv_503-iv_504 | 1952 | 4322 | 45 | 65 |
| iv_500-iv_505 | 1989 | 4302 | 45 | 68 |
| iv_505-iv_509 | 2005 | 4482 | 44 | 68 |
| iv_508-iv_511 | 1999 | 4362 | 45 | 70 |
| iv_502-iv_503 | 1983 | 4335 | 42 | 72 |
| iv_502-iv_511 | 1983 | 4321 | 37 | 72 |
| iv_500-iv_509 | 2024 | 4522 | 50 | 72 |
| iv_499-iv_500 | 1929 | 4340 | 43 | 73 |
| iv_499-iv_502 | 1876 | 4312 | 36 | 73 |
| iv_504-iv_508 | 1876 | 4336 | 43 | 73 |
| iv_500-iv_502 | 1941 | 4342 | 43 | 74 |
| iv_499-iv_501 | 1869 | 4303 | 38 | 74 |

## Output Bits

### Output Bits in Regular Order

| Rank | Output Bit | Complexity |
|:----:|:----------:|:----------:|
| 1 | ov_001 | 4.76799569516821 × 10^304 |
| 2 | ov_002 | 4.148752349116293 × 10^304 |
| 3 | ov_003 | 3.5928085546557667 × 10^304 |
| 4 | ov_004 | 3.0954209777653265 × 10^304 |
| 5 | ov_005 | 2.652105412613991 × 10^304 |
| 6 | ov_006 | 2.258618485288314 × 10^304 |
| 7 | ov_007 | 1.9109417544033478 × 10^304 |
| 8 | ov_008 | 1.6052679872401818 × 10^304 |
| 9 | ov_009 | 1.3379894018562274 × 10^304 |
| 10 | ov_010 | 1.10568767699454 × 10^304 |
| 11 | ov_011 | 9.051255426527473 × 10^303 |
| 12 | ov_012 | 7.332397749277015 × 10^303 |
| 13 | ov_013 | 5.871354292864381 × 10^303 |
| 14 | ov_014 | 4.640811567764132 × 10^303 |
| 15 | ov_015 | 3.6150545791907355 × 10^303 |
| 16 | ov_016 | 2.769937391640211 × 10^303 |
| 17 | ov_017 | 2.0828604684306932 × 10^303 |
| 18 | ov_018 | 1.5327536357515185 × 10^303 |
| 19 | ov_019 | 1.1000636205030188 × 10^303 |
| 20 | ov_020 | 7.667452107563718 × 10^302 |
| 21 | ov_021 | 5.162551870697388 × 10^302 |
| 22 | ov_022 | 3.335482722198271 × 10^302 |
| 23 | ov_023 | 2.0507447459990457 × 10^302 |
| 24 | ov_024 | 1.18777378833328 × 10^302 |
| 25 | ov_025 | 6.409309683172663 × 10^301 |
| 26 | ov_026 | 3.194967676302472 × 10^301 |
| 27 | ov_027 | 1.476681094443366 × 10^301 |
| 28 | ov_028 | 6.455716551690695 × 10^300 |
| 29 | ov_029 | 2.4190971949412223 × 10^300 |
| 30 | ov_030 | 7.3117429135897906 × 10^299 |
| 31 | ov_031 | 1.6182616028672838 × 10^299 |
| 32 | lv_80_m31 | 3.1548416883280673 × 10^298 |
| 33 | ov_033 | 3.788410690306488 × 10^299 |
| 34 | ov_034 | 3.287603568702163 × 10^299 |
| 35 | ov_035 | 2.8388243843682038 × 10^299 |
| 36 | ov_036 | 2.438134327521032 × 10^299 |
| 37 | ov_037 | 2.0818094000687738 × 10^299 |
| 38 | ov_038 | 1.7663252312142667 × 10^299 |
| 39 | ov_039 | 1.4883438930946887 × 10^299 |
| 40 | ov_040 | 1.2447025315823184 × 10^299 |
| 41 | ov_041 | 1.032403636937562 × 10^299 |
| 42 | ov_042 | 8.486067882715604 × 10^298 |
| 43 | ov_043 | 6.906217148046655 × 10^298 |
| 44 | ov_044 | 5.559025257525882 × 10^298 |
| 45 | ov_045 | 4.4204296937911157 × 10^298 |
| 46 | ov_046 | 3.4677259035968444 × 10^298 |
| 47 | ov_047 | 2.679536631332515 × 10^298 |
| 48 | ov_048 | 2.035787874025854 × 10^298 |
| 49 | ov_049 | 1.517690403921511 × 10^298 |
| 50 | ov_050 | 1.1077258889779891 × 10^298 |
| 51 | ov_051 | 7.896367257112104 × 10^297 |
| 52 | ov_052 | 5.4841878277650236 × 10^297 |
| 53 | ov_053 | 3.703163719390679 × 10^297 |
| 54 | ov_054 | 2.4281891566361893 × 10^297 |
| 55 | ov_055 | 1.5465886433081886 × 10^297 |
| 56 | ov_056 | 9.581044975855727 × 10^296 |
| 57 | ov_057 | 5.748896187605304 × 10^296 |
| 58 | ov_058 | 3.215035424638431 × 10^296 |
| 59 | ov_059 | 1.6332736132428713 × 10^296 |
| 60 | ov_060 | 7.194420963553242 × 10^295 |
| 61 | ov_061 | 2.5139031436157445 × 10^295 |
| 62 | ov_062 | 6.898514165392366 × 10^294 |
| 63 | ov_063 | 1.3450676589607112 × 10^294 |
| 64 | lv_79_m31 | 2.6220327037342546 × 10^293 |
| 65 | ov_065 | 3.14138814333478 × 10^294 |
| 66 | ov_066 | 3.1413791580474854 × 10^294 |
| 67 | ov_067 | 3.1413769875780434 × 10^294 |
| 68 | ov_068 | 2.7248013668692865 × 10^294 |
| 69 | ov_069 | 2.3515264545921713 × 10^294 |
| 70 | ov_070 | 2.018301235263616 × 10^294 |
| 71 | ov_071 | 1.7220466579104445 × 10^294 |
| 72 | ov_072 | 1.4598433874973695 × 10^294 |
| 73 | ov_073 | 1.2289213070867467 × 10^294 |
| 74 | ov_074 | 1.02665059863462 × 10^294 |
| 75 | ov_075 | 8.50534239445049 × 10^293 |
| 76 | ov_076 | 6.982017600700038 × 10^293 |
| 77 | ov_077 | 5.674041179175599 × 10^293 |
| 78 | ov_078 | 4.560095490711507 × 10^293 |
| 79 | ov_079 | 3.620002688742435 × 10^293 |
| 80 | ov_080 | 2.8346989973821666 × 10^293 |
| 81 | ov_081 | 2.18621512420244 × 10^293 |
| 82 | ov_082 | 1.6576617472062437 × 10^293 |
| 83 | ov_083 | 1.2332190918789019 × 10^293 |
| 84 | ov_084 | 8.981296901305322 × 10^292 |
| 85 | ov_085 | 6.386934885529437 × 10^292 |
| 86 | ov_086 | 4.4226454880780876 × 10^292 |
| 87 | ov_087 | 2.972487199768683 × 10^292 |
| 88 | ov_088 | 1.931019137665447 × 10^292 |
| 89 | ov_089 | 1.2032883631754416 × 10^292 |
| 90 | ov_090 | 7.048210153184617 × 10^291 |
| 91 | ov_091 | 3.959990396515209 × 10^291 |
| 92 | ov_092 | 2.1329164329477652 × 10^291 |
| 93 | ov_093 | 1.036359564726773 × 10^291 |
| 94 | ov_094 | 4.311737101309506 × 10^290 |
| 95 | aaa_78_28 | 1.3054680466302637 × 10^290 |
| 96 | aaa_78_29 | 4.616748312866508 × 10^289 |
| 97 | ov_097 | 2.52326707670475 × 10^289 |
| 98 | ov_098 | 2.5232546645433597 × 10^289 |
| 99 | ov_099 | 2.5232506989465555 × 10^289 |
| 100 | ov_100 | 2.167756373772057 × 10^289 |
| 101 | ov_101 | 1.8513074654353548 × 10^289 |
| 102 | ov_102 | 1.570837761182734 × 10^289 |
| 103 | ov_103 | 1.3234498646217453 × 10^289 |
| 104 | ov_104 | 1.1064029203157929 × 10^289 |
| 105 | ov_105 | 9.171019211707808 × 10^288 |
| 106 | ov_106 | 7.530884547190202 × 10^288 |
| 107 | ov_107 | 6.120327519883295 × 10^288 |
| 108 | ov_108 | 4.917269099332667 × 10^288 |
| 109 | ov_109 | 3.9007916545426434 × 10^288 |
| 110 | ov_110 | 3.051091058854628 × 10^288 |
| 111 | ov_111 | 2.3494370753322782 × 10^288 |
| 112 | ov_112 | 1.7781410042898236 × 10^288 |
| 113 | ov_113 | 1.3205296395095437 × 10^288 |
| 114 | ov_114 | 9.609246439365029 × 10^287 |
| 115 | ov_115 | 6.8462651940648826 × 10^287 |
| 116 | ov_116 | 4.779024084090595 × 10^287 |
| 117 | ov_117 | 3.279770291271121 × 10^287 |
| 118 | ov_118 | 2.2302610811023326 × 10^287 |
| 119 | ov_119 | 1.5217173798616805 × 10^287 |
| 120 | ov_120 | 1.0547920251204106 × 10^287 |
| 121 | ov_121 | 7.395492614489381 × 10^286 |
| 122 | ov_122 | 4.954521640493061 × 10^286 |
| 123 | ov_123 | 3.1311384945586453 × 10^286 |
| 124 | ov_124 | 1.8314974314379283 × 10^286 |
| 125 | ov_125 | 9.61763347066676 × 10^285 |
| 126 | ov_126 | 4.2810503191242314 × 10^285 |
| 127 | aaa_77_28 | 1.3669229835330523 × 10^285 |
| 128 | aaa_77_29 | 5.123933724481762 × 10^284 |
| 129 | ov_129 | 4.7552173789881036 × 10^284 |
| 130 | ov_130 | 4.755203516581179 × 10^284 |
| 131 | ov_131 | 4.755200160408643 × 10^284 |
| 132 | ov_132 | 4.1247166278925856 × 10^284 |
| 133 | ov_133 | 3.559919829020233 × 10^284 |
| 134 | ov_134 | 3.0558280790679625 × 10^284 |
| 135 | ov_135 | 2.6077313006947477 × 10^284 |
| 136 | ov_136 | 2.2111716203315323 × 10^284 |
| 137 | ov_137 | 1.8619265361343308 × 10^284 |
| 138 | ov_138 | 1.5559944201564474 × 10^284 |
| 139 | ov_139 | 1.2895821297267597 × 10^284 |
| 140 | ov_140 | 1.0590945149503682 × 10^284 |
| 141 | ov_141 | 8.61125620857157 × 10^283 |
| 142 | ov_142 | 6.924513940837514 × 10^283 |
| 143 | ov_143 | 5.500237151447416 × 10^283 |
| 144 | ov_144 | 4.309655883794854 × 10^283 |
| 145 | ov_145 | 3.3256733259170274 × 10^283 |
| 146 | ov_146 | 2.5228362626206167 × 10^283 |
| 147 | ov_147 | 1.8773127203310036 × 10^283 |
| 148 | ov_148 | 1.3668755595803293 × 10^283 |
| 149 | ov_149 | 9.708908778130882 × 10^282 |
| 150 | ov_150 | 6.70310192856492 × 10^282 |
| 151 | ov_151 | 4.4766548501200973 × 10^282 |
| 152 | ov_152 | 2.8706628329508343 × 10^282 |
| 153 | ov_153 | 1.7419808889615837 × 10^282 |
| 154 | ov_154 | 9.632156048927033 × 10^281 |
| 155 | ov_155 | 4.746074525230011 × 10^281 |
| 156 | aaa_76_25 | 1.8025497744520657 × 10^281 |
| 157 | aaa_76_26 | 1.0230079017988315 × 10^281 |
| 158 | aaa_76_27 | 5.261863871575682 × 10^280 |
| 159 | aaa_76_28 | 2.333728769073137 × 10^280 |
| 160 | aaa_76_29 | 7.108216757915285 × 10^279 |

### Output Bits Sorted by Complexity

| Rank | Output Bit | Complexity |
|:----:|:----------:|:----------:|
| 160 | aaa_76_29 | 7.108216757915285 × 10^279 |
| 159 | aaa_76_28 | 2.333728769073137 × 10^280 |
| 158 | aaa_76_27 | 5.261863871575682 × 10^280 |
| 157 | aaa_76_26 | 1.0230079017988315 × 10^281 |
| 156 | aaa_76_25 | 1.8025497744520657 × 10^281 |
| 155 | ov_155 | 4.746074525230011 × 10^281 |
| 154 | ov_154 | 9.632156048927033 × 10^281 |
| 153 | ov_153 | 1.7419808889615837 × 10^282 |
| 152 | ov_152 | 2.8706628329508343 × 10^282 |
| 151 | ov_151 | 4.4766548501200973 × 10^282 |
| 150 | ov_150 | 6.70310192856492 × 10^282 |
| 149 | ov_149 | 9.708908778130882 × 10^282 |
| 148 | ov_148 | 1.3668755595803293 × 10^283 |
| 147 | ov_147 | 1.8773127203310036 × 10^283 |
| 146 | ov_146 | 2.5228362626206167 × 10^283 |
| 145 | ov_145 | 3.3256733259170274 × 10^283 |
| 144 | ov_144 | 4.309655883794854 × 10^283 |
| 143 | ov_143 | 5.500237151447416 × 10^283 |
| 142 | ov_142 | 6.924513940837514 × 10^283 |
| 141 | ov_141 | 8.61125620857157 × 10^283 |
| 140 | ov_140 | 1.0590945149503682 × 10^284 |
| 139 | ov_139 | 1.2895821297267597 × 10^284 |
| 138 | ov_138 | 1.5559944201564474 × 10^284 |
| 137 | ov_137 | 1.8619265361343308 × 10^284 |
| 136 | ov_136 | 2.2111716203315323 × 10^284 |
| 135 | ov_135 | 2.6077313006947477 × 10^284 |
| 134 | ov_134 | 3.0558280790679625 × 10^284 |
| 133 | ov_133 | 3.559919829020233 × 10^284 |
| 132 | ov_132 | 4.1247166278925856 × 10^284 |
| 131 | ov_131 | 4.755200160408643 × 10^284 |
| 130 | ov_130 | 4.755203516581179 × 10^284 |
| 129 | ov_129 | 4.7552173789881036 × 10^284 |
| 128 | aaa_77_29 | 5.123933724481762 × 10^284 |
| 127 | aaa_77_28 | 1.3669229835330523 × 10^285 |
| 126 | ov_126 | 4.2810503191242314 × 10^285 |
| 125 | ov_125 | 9.61763347066676 × 10^285 |
| 124 | ov_124 | 1.8314974314379283 × 10^286 |
| 123 | ov_123 | 3.1311384945586453 × 10^286 |
| 122 | ov_122 | 4.954521640493061 × 10^286 |
| 121 | ov_121 | 7.395492614489381 × 10^286 |
| 120 | ov_120 | 1.0547920251204106 × 10^287 |
| 119 | ov_119 | 1.5217173798616805 × 10^287 |
| 118 | ov_118 | 2.2302610811023326 × 10^287 |
| 117 | ov_117 | 3.279770291271121 × 10^287 |
| 116 | ov_116 | 4.779024084090595 × 10^287 |
| 115 | ov_115 | 6.8462651940648826 × 10^287 |
| 114 | ov_114 | 9.609246439365029 × 10^287 |
| 113 | ov_113 | 1.3205296395095437 × 10^288 |
| 112 | ov_112 | 1.7781410042898236 × 10^288 |
| 111 | ov_111 | 2.3494370753322782 × 10^288 |
| 110 | ov_110 | 3.051091058854628 × 10^288 |
| 109 | ov_109 | 3.9007916545426434 × 10^288 |
| 108 | ov_108 | 4.917269099332667 × 10^288 |
| 107 | ov_107 | 6.120327519883295 × 10^288 |
| 106 | ov_106 | 7.530884547190202 × 10^288 |
| 105 | ov_105 | 9.171019211707808 × 10^288 |
| 104 | ov_104 | 1.1064029203157929 × 10^289 |
| 103 | ov_103 | 1.3234498646217453 × 10^289 |
| 102 | ov_102 | 1.570837761182734 × 10^289 |
| 101 | ov_101 | 1.8513074654353548 × 10^289 |
| 100 | ov_100 | 2.167756373772057 × 10^289 |
| 99 | ov_099 | 2.5232506989465555 × 10^289 |
| 98 | ov_098 | 2.5232546645433597 × 10^289 |
| 97 | ov_097 | 2.52326707670475 × 10^289 |
| 96 | aaa_78_29 | 4.616748312866508 × 10^289 |
| 95 | aaa_78_28 | 1.3054680466302637 × 10^290 |
| 94 | ov_094 | 4.311737101309506 × 10^290 |
| 93 | ov_093 | 1.036359564726773 × 10^291 |
| 92 | ov_092 | 2.1329164329477652 × 10^291 |
| 91 | ov_091 | 3.959990396515209 × 10^291 |
| 90 | ov_090 | 7.048210153184617 × 10^291 |
| 89 | ov_089 | 1.2032883631754416 × 10^292 |
| 88 | ov_088 | 1.931019137665447 × 10^292 |
| 87 | ov_087 | 2.972487199768683 × 10^292 |
| 86 | ov_086 | 4.4226454880780876 × 10^292 |
| 85 | ov_085 | 6.386934885529437 × 10^292 |
| 84 | ov_084 | 8.981296901305322 × 10^292 |
| 83 | ov_083 | 1.2332190918789019 × 10^293 |
| 82 | ov_082 | 1.6576617472062437 × 10^293 |
| 81 | ov_081 | 2.18621512420244 × 10^293 |
| 64 | lv_79_m31 | 2.6220327037342546 × 10^293 |
| 80 | ov_080 | 2.8346989973821666 × 10^293 |
| 79 | ov_079 | 3.620002688742435 × 10^293 |
| 78 | ov_078 | 4.560095490711507 × 10^293 |
| 77 | ov_077 | 5.674041179175599 × 10^293 |
| 76 | ov_076 | 6.982017600700038 × 10^293 |
| 75 | ov_075 | 8.50534239445049 × 10^293 |
| 74 | ov_074 | 1.02665059863462 × 10^294 |
| 73 | ov_073 | 1.2289213070867467 × 10^294 |
| 63 | ov_063 | 1.3450676589607112 × 10^294 |
| 72 | ov_072 | 1.4598433874973695 × 10^294 |
| 71 | ov_071 | 1.7220466579104445 × 10^294 |
| 70 | ov_070 | 2.018301235263616 × 10^294 |
| 69 | ov_069 | 2.3515264545921713 × 10^294 |
| 68 | ov_068 | 2.7248013668692865 × 10^294 |
| 67 | ov_067 | 3.1413769875780434 × 10^294 |
| 66 | ov_066 | 3.1413791580474854 × 10^294 |
| 65 | ov_065 | 3.14138814333478 × 10^294 |
| 62 | ov_062 | 6.898514165392366 × 10^294 |
| 61 | ov_061 | 2.5139031436157445 × 10^295 |
| 60 | ov_060 | 7.194420963553242 × 10^295 |
| 59 | ov_059 | 1.6332736132428713 × 10^296 |
| 58 | ov_058 | 3.215035424638431 × 10^296 |
| 57 | ov_057 | 5.748896187605304 × 10^296 |
| 56 | ov_056 | 9.581044975855727 × 10^296 |
| 55 | ov_055 | 1.5465886433081886 × 10^297 |
| 54 | ov_054 | 2.4281891566361893 × 10^297 |
| 53 | ov_053 | 3.703163719390679 × 10^297 |
| 52 | ov_052 | 5.4841878277650236 × 10^297 |
| 51 | ov_051 | 7.896367257112104 × 10^297 |
| 50 | ov_050 | 1.1077258889779891 × 10^298 |
| 49 | ov_049 | 1.517690403921511 × 10^298 |
| 48 | ov_048 | 2.035787874025854 × 10^298 |
| 47 | ov_047 | 2.679536631332515 × 10^298 |
| 32 | lv_80_m31 | 3.1548416883280673 × 10^298 |
| 46 | ov_046 | 3.4677259035968444 × 10^298 |
| 45 | ov_045 | 4.4204296937911157 × 10^298 |
| 44 | ov_044 | 5.559025257525882 × 10^298 |
| 43 | ov_043 | 6.906217148046655 × 10^298 |
| 42 | ov_042 | 8.486067882715604 × 10^298 |
| 41 | ov_041 | 1.032403636937562 × 10^299 |
| 40 | ov_040 | 1.2447025315823184 × 10^299 |
| 39 | ov_039 | 1.4883438930946887 × 10^299 |
| 31 | ov_031 | 1.6182616028672838 × 10^299 |
| 38 | ov_038 | 1.7663252312142667 × 10^299 |
| 37 | ov_037 | 2.0818094000687738 × 10^299 |
| 36 | ov_036 | 2.438134327521032 × 10^299 |
| 35 | ov_035 | 2.8388243843682038 × 10^299 |
| 34 | ov_034 | 3.287603568702163 × 10^299 |
| 33 | ov_033 | 3.788410690306488 × 10^299 |
| 30 | ov_030 | 7.3117429135897906 × 10^299 |
| 29 | ov_029 | 2.4190971949412223 × 10^300 |
| 28 | ov_028 | 6.455716551690695 × 10^300 |
| 27 | ov_027 | 1.476681094443366 × 10^301 |
| 26 | ov_026 | 3.194967676302472 × 10^301 |
| 25 | ov_025 | 6.409309683172663 × 10^301 |
| 24 | ov_024 | 1.18777378833328 × 10^302 |
| 23 | ov_023 | 2.0507447459990457 × 10^302 |
| 22 | ov_022 | 3.335482722198271 × 10^302 |
| 21 | ov_021 | 5.162551870697388 × 10^302 |
| 20 | ov_020 | 7.667452107563718 × 10^302 |
| 19 | ov_019 | 1.1000636205030188 × 10^303 |
| 18 | ov_018 | 1.5327536357515185 × 10^303 |
| 17 | ov_017 | 2.0828604684306932 × 10^303 |
| 16 | ov_016 | 2.769937391640211 × 10^303 |
| 15 | ov_015 | 3.6150545791907355 × 10^303 |
| 14 | ov_014 | 4.640811567764132 × 10^303 |
| 13 | ov_013 | 5.871354292864381 × 10^303 |
| 12 | ov_012 | 7.332397749277015 × 10^303 |
| 11 | ov_011 | 9.051255426527473 × 10^303 |
| 10 | ov_010 | 1.10568767699454 × 10^304 |
| 9 | ov_009 | 1.3379894018562274 × 10^304 |
| 8 | ov_008 | 1.6052679872401818 × 10^304 |
| 7 | ov_007 | 1.9109417544033478 × 10^304 |
| 6 | ov_006 | 2.258618485288314 × 10^304 |
| 5 | ov_005 | 2.652105412613991 × 10^304 |
| 4 | ov_004 | 3.0954209777653265 × 10^304 |
| 3 | ov_003 | 3.5928085546557667 × 10^304 |
| 2 | ov_002 | 4.148752349116293 × 10^304 |
| 1 | ov_001 | 4.76799569516821 × 10^304 |

