# Results for F001-F002-F003-F004-F005-F006-F007-F008-F009-F010-F011-F012-F013-F014-F015-F016-F017-F018-F019-F020-F021-F022-F023-F024-F025-F026-F027-F028-F029-F030-F031-F032-F033-F034-F035-F036-F037-F038-F039-F040-F041-F042-F043-F044-F045-F046-F047-F048-F049-F050-F051-F052-F053-F054-F055-F056-F057-F058-F059-F060-F061-F062-F063-F064-F065-F066-F067-F068-F069-F070-F071-F072-F073-F074-F075-F076-F077-F078-F079-F080-F081-F082-F083-F084-F085-F086-F087-F088-F089-F090-F091-F092-F093-F094-F095-F096-F097-F098-F099-F100-F101-F102-F103-F104-F105-F106-F107-F108-F109-F110-F111-F112-F113-F114-F115-F116-F117-F118-F119-F120-F121-F122-F123-F124-F125-F126-F127-F128-F129-F130-F131-F132-F133-F134-F135-F136-F137-F138-F139-F140-F141-F142-F143-F144-F145-F146-F147-F148-F149-F150-F151-F152-F153-F154-F155-F156-F157-F158-F159-F160-F161-F162-F163-F164-F165-F166-F167-F168-F169-F170-F171-F172-F173-F174-F175-F176-F177-F178-F179-F180-F181-F182-F183-F184-F185-F186-F187-F188-F189-F190-F191-F192-F193-F194-F195-F196-F197-F198-F199-F200-F201-F202-F203-F204-F205-F206-F207-F208-F209-F210-F211-F212-F213-F214-F215-F216-F217-F218-F219-F220-F221-F222-F223-F224-F225-F226-F227-F228-F229-F230-F231-F232-F233-F234-F235-F236-F237-F238-F239-F240-F241-F242-F243-F244-F245-F246-F247-F248-F249-F250-F251-F252-F253-F254-F255-F256-F257-F258-F259-F260-F261-F262-F263-F264-F265-F266-F267-F268-F269-F270-F271-F272-F273-F274-F275-F276-F277-F278-F279-F280-F281-F282-F283-F284-F285-F286-F287-F288-F289-F290-F291-F292-F293-F294-F295-F296-F297-F298-F299-F300-F301-F302-F303-F304-F305-F306-F307-F308-F309-F310-F311-F312-F313-F314-F315-F316-F317-F318-F319-F320-F321-F322-F323-F324-F325-F326-F327-F328-F329-F330-F331-F332-F333-F334-F335-F336-F337-F338-F339-F340-F341-F342-F343-F344-F345-F346-F347-F348-F349-F350-F351-F352-F353-F354-F355-F356-F357-F358-F359-F360-F361-F362-F363-F364-F365-F366-F367-F368-F369-F370-F371-F372-F373-F374-F375-F376-F377-F378-F379-F380-F381-F382-F383-F384-F385-F386-F387-F388-F389-F390-F391-F392-F393-F394-F395-F396-F397-F398-F399-F400-F401-F402-F403-F404-F405-F406-F407-F408-F409-F410-F411-F412-F413-F414-F415-F416-F417-F418-F419-F420-F421-F422-F423-F424-F425-F426-F427-F428-F429-F430-F431-F432-F433-F434-F435-F436-F437-F438-F439-F440-F441-F442-F443-F444-F445-F446-F447-F448-F449-F450-F451-F452-F453-F454-F455-F456-F457-F458-F459-F460-F461-F462-F463-F464-F465-F466-F467-F468-F469-F470-F471-F472-F473-F474-F475-F476-F477-F478-F479-F480-F481-F482-F483-F484-F485-F486-F487-F488-F489-F490-F491-F492-F493-F494-F495-F496-F497-O500505-F512

## Summary

Number of input bits: 512  
Number of free input bits: 13  
Number of output bits: 160

Number of direct occurrences: 53362  
Number of assignments: 31753  
Number of operations: 11266976
(xor: 11238288,
and: 15154,
or: 13534)

Total complexity: 3.9758125074942665 × 10^302

Least occurring input variable: iv_502 (3845)  
Most occurring input variable: iv_510 (4315)

Most co-occurring input variables: iv_509-iv_510 (2141)  
Least co-occurring input variables: iv_499-iv_502 (1734)

Potentially most occurring input variable: iv_500/iv_511 (4513)  
Potentially least occurring input variable: iv_504/iv_508 (4112)

Least output occurring input variable: iv_504 (70)  
Most output occurring input variable: iv_498 (91)

Most output co-occurring input variables: iv_506-iv_508 (52)  
Least output co-occurring input variables: iv_500-iv_502 (29)

Potentially most output occurring input variable: iv_502/iv_503 (93)  
Potentially least output occurring input variable: iv_506/iv_508 (63)

Least complex input bit: iv_511 (7.836400082608885 × 10^298)  
Most complex input bit: iv_510 (9.95666288898248 × 10^301)

Least complex output bit: aaa_76_29 (1.454429911292095 × 10^277)  
Most complex output bit: ov_001 (6.219070290053153 × 10^301)

Least complex input/output complexity: iv_511/aaa_76_29 (2.866708290573142 × 10^273)  
Most complex input/output complexity: iv_510/ov_001 (1.5574473455231202 × 10^301)

## Input Bits

### Input Bits in Regular Order

| Input Bit | Complexity | Occurrences | Output Occurrences |
|:---------:|:----------:|:-----------:|:------------------:|
| iv_498 | 4.455519837229173 × 10^299 | 3983 | 91 |
| iv_499 | 9.099571100052487 × 10^299 | 3940 | 72 |
| iv_500 | 2.297330182859233 × 10^301 | 4219 | 72 |
| iv_501 | 3.071930227319828 × 10^300 | 4090 | 83 |
| iv_502 | 5.24669138890647 × 10^300 | 3845 | 71 |
| iv_503 | 8.62122966999108 × 10^300 | 4176 | 82 |
| iv_504 | 1.372571333257695 × 10^301 | 3954 | 70 |
| iv_506 | 3.222354695977814 × 10^301 | 3993 | 80 |
| iv_507 | 4.781516155042144 × 10^301 | 4195 | 75 |
| iv_508 | 6.842325984975615 × 10^301 | 4172 | 87 |
| iv_509 | 9.447991395770545 × 10^301 | 4244 | 80 |
| iv_510 | 9.95666288898248 × 10^301 | 4315 | 76 |
| iv_511 | 7.836400082608885 × 10^298 | 4236 | 79 |

### Input Bits Sorted by Complexity

| Input Bit | Complexity | Occurrences | Output Occurrences |
|:---------:|:----------:|:-----------:|:------------------:|
| iv_511 | 7.836400082608885 × 10^298 | 4236 | 79 |
| iv_498 | 4.455519837229173 × 10^299 | 3983 | 91 |
| iv_499 | 9.099571100052487 × 10^299 | 3940 | 72 |
| iv_501 | 3.071930227319828 × 10^300 | 4090 | 83 |
| iv_502 | 5.24669138890647 × 10^300 | 3845 | 71 |
| iv_503 | 8.62122966999108 × 10^300 | 4176 | 82 |
| iv_504 | 1.372571333257695 × 10^301 | 3954 | 70 |
| iv_500 | 2.297330182859233 × 10^301 | 4219 | 72 |
| iv_506 | 3.222354695977814 × 10^301 | 3993 | 80 |
| iv_507 | 4.781516155042144 × 10^301 | 4195 | 75 |
| iv_508 | 6.842325984975615 × 10^301 | 4172 | 87 |
| iv_509 | 9.447991395770545 × 10^301 | 4244 | 80 |
| iv_510 | 9.95666288898248 × 10^301 | 4315 | 76 |

### Input Bits Sorted by Occurrences

| Input Bit | Complexity | Occurrences | Output Occurrences |
|:---------:|:----------:|:-----------:|:------------------:|
| iv_502 | 5.24669138890647 × 10^300 | 3845 | 71 |
| iv_499 | 9.099571100052487 × 10^299 | 3940 | 72 |
| iv_504 | 1.372571333257695 × 10^301 | 3954 | 70 |
| iv_498 | 4.455519837229173 × 10^299 | 3983 | 91 |
| iv_506 | 3.222354695977814 × 10^301 | 3993 | 80 |
| iv_501 | 3.071930227319828 × 10^300 | 4090 | 83 |
| iv_508 | 6.842325984975615 × 10^301 | 4172 | 87 |
| iv_503 | 8.62122966999108 × 10^300 | 4176 | 82 |
| iv_507 | 4.781516155042144 × 10^301 | 4195 | 75 |
| iv_500 | 2.297330182859233 × 10^301 | 4219 | 72 |
| iv_511 | 7.836400082608885 × 10^298 | 4236 | 79 |
| iv_509 | 9.447991395770545 × 10^301 | 4244 | 80 |
| iv_510 | 9.95666288898248 × 10^301 | 4315 | 76 |

### Input Bits Sorted by Output Occurrences

| Input Bit | Complexity | Occurrences | Output Occurrences |
|:---------:|:----------:|:-----------:|:------------------:|
| iv_504 | 1.372571333257695 × 10^301 | 3954 | 70 |
| iv_502 | 5.24669138890647 × 10^300 | 3845 | 71 |
| iv_500 | 2.297330182859233 × 10^301 | 4219 | 72 |
| iv_499 | 9.099571100052487 × 10^299 | 3940 | 72 |
| iv_507 | 4.781516155042144 × 10^301 | 4195 | 75 |
| iv_510 | 9.95666288898248 × 10^301 | 4315 | 76 |
| iv_511 | 7.836400082608885 × 10^298 | 4236 | 79 |
| iv_509 | 9.447991395770545 × 10^301 | 4244 | 80 |
| iv_506 | 3.222354695977814 × 10^301 | 3993 | 80 |
| iv_503 | 8.62122966999108 × 10^300 | 4176 | 82 |
| iv_501 | 3.071930227319828 × 10^300 | 4090 | 83 |
| iv_508 | 6.842325984975615 × 10^301 | 4172 | 87 |
| iv_498 | 4.455519837229173 × 10^299 | 3983 | 91 |

## Input Bit Co-occurrences

### Input Bit Co-occurrences Sorted by Co-occurrences

| Input Bits | Co-occurrences | Potential Occurrences | Output Co-occurrences | Potential Output Occurrences |
|:----------:|:--------------:|:---------------------:|:---------------------:|:----------------------------:|
| iv_509-iv_510 | 2141 | 4277 | 38 | 80 |
| iv_508-iv_510 | 2088 | 4311 | 40 | 83 |
| iv_508-iv_511 | 2082 | 4244 | 43 | 80 |
| iv_507-iv_508 | 2077 | 4213 | 44 | 74 |
| iv_510-iv_511 | 2077 | 4397 | 37 | 81 |
| iv_500-iv_510 | 2077 | 4380 | 35 | 78 |
| iv_509-iv_511 | 2076 | 4328 | 36 | 87 |
| iv_501-iv_511 | 2073 | 4180 | 42 | 78 |
| iv_508-iv_509 | 2056 | 4304 | 38 | 91 |
| iv_503-iv_511 | 2055 | 4302 | 41 | 79 |
| iv_503-iv_508 | 2049 | 4250 | 44 | 81 |
| iv_503-iv_510 | 2048 | 4395 | 41 | 76 |
| iv_507-iv_509 | 2041 | 4357 | 38 | 79 |

### Input Bit Co-occurrences Sorted by Potential Occurrences

| Input Bits | Co-occurrences | Potential Occurrences | Output Co-occurrences | Potential Output Occurrences |
|:----------:|:--------------:|:---------------------:|:---------------------:|:----------------------------:|
| iv_504-iv_508 | 2007 | 4112 | 39 | 79 |
| iv_504-iv_506 | 1887 | 4173 | 37 | 76 |
| iv_499-iv_508 | 1969 | 4174 | 43 | 73 |
| iv_502-iv_508 | 1921 | 4175 | 42 | 74 |
| iv_506-iv_507 | 2006 | 4176 | 38 | 79 |
| iv_501-iv_511 | 2073 | 4180 | 42 | 78 |
| iv_506-iv_508 | 1985 | 4195 | 52 | 63 |
| iv_499-iv_504 | 1848 | 4198 | 29 | 84 |
| iv_498-iv_501 | 1937 | 4199 | 46 | 82 |
| iv_499-iv_509 | 1991 | 4202 | 41 | 70 |
| iv_500-iv_504 | 1981 | 4211 | 32 | 78 |
| iv_507-iv_508 | 2077 | 4213 | 44 | 74 |
| iv_499-iv_501 | 1902 | 4226 | 35 | 85 |

### Input Bit Output Co-occurrences Sorted by Output Co-occurrences

| Input Bits | Co-occurrences | Potential Occurrences | Output Co-occurrences | Potential Output Occurrences |
|:----------:|:--------------:|:---------------------:|:---------------------:|:----------------------------:|
| iv_506-iv_508 | 1985 | 4195 | 52 | 63 |
| iv_498-iv_508 | 1956 | 4243 | 49 | 80 |
| iv_498-iv_503 | 1887 | 4385 | 48 | 77 |
| iv_501-iv_508 | 1966 | 4330 | 46 | 78 |
| iv_498-iv_501 | 1937 | 4199 | 46 | 82 |
| iv_498-iv_510 | 1989 | 4320 | 45 | 77 |
| iv_503-iv_508 | 2049 | 4250 | 44 | 81 |
| iv_498-iv_507 | 1908 | 4362 | 44 | 78 |
| iv_498-iv_511 | 1908 | 4403 | 44 | 82 |
| iv_507-iv_508 | 2077 | 4213 | 44 | 74 |
| iv_507-iv_510 | 2012 | 4486 | 44 | 63 |
| iv_508-iv_511 | 2082 | 4244 | 43 | 80 |
| iv_501-iv_510 | 1967 | 4471 | 43 | 73 |

### Input Bit Output Co-occurrences Sorted by Potential Output Occurrences

| Input Bits | Co-occurrences | Potential Occurrences | Output Co-occurrences | Potential Output Occurrences |
|:----------:|:--------------:|:---------------------:|:---------------------:|:----------------------------:|
| iv_506-iv_508 | 1985 | 4195 | 52 | 63 |
| iv_507-iv_510 | 2012 | 4486 | 44 | 63 |
| iv_499-iv_507 | 1924 | 4287 | 39 | 69 |
| iv_499-iv_509 | 1991 | 4202 | 41 | 70 |
| iv_499-iv_506 | 1796 | 4341 | 40 | 72 |
| iv_502-iv_507 | 1890 | 4260 | 37 | 72 |
| iv_502-iv_504 | 1781 | 4237 | 34 | 73 |
| iv_501-iv_510 | 1967 | 4471 | 43 | 73 |
| iv_499-iv_508 | 1969 | 4174 | 43 | 73 |
| iv_502-iv_506 | 1803 | 4232 | 39 | 73 |
| iv_502-iv_510 | 1908 | 4344 | 37 | 73 |
| iv_502-iv_508 | 1921 | 4175 | 42 | 74 |
| iv_507-iv_508 | 2077 | 4213 | 44 | 74 |

## Output Bits

### Output Bits in Regular Order

| Rank | Output Bit | Complexity |
|:----:|:----------:|:----------:|
| 1 | ov_001 | 6.219070290053153 × 10^301 |
| 2 | ov_002 | 5.411366122903834 × 10^301 |
| 3 | ov_003 | 4.6862264138044884 × 10^301 |
| 4 | ov_004 | 4.0374642141020245 × 10^301 |
| 5 | ov_005 | 3.459230558420277 × 10^301 |
| 6 | ov_006 | 2.945990603082454 × 10^301 |
| 7 | ov_007 | 2.492502890604025 × 10^301 |
| 8 | ov_008 | 2.0938014514157818 × 10^301 |
| 9 | ov_009 | 1.7451804694309166 × 10^301 |
| 10 | ov_010 | 1.442181252959592 × 10^301 |
| 11 | ov_011 | 1.1805812669012498 × 10^301 |
| 12 | ov_012 | 9.563849961973138 × 10^300 |
| 13 | ov_013 | 7.658164242815607 × 10^300 |
| 14 | ov_014 | 6.0531292378743014 × 10^300 |
| 15 | ov_015 | 4.7152037011578594 × 10^300 |
| 16 | ov_016 | 3.612893016785111 × 10^300 |
| 17 | ov_017 | 2.7167196374952363 × 10^300 |
| 18 | ov_018 | 1.999200859043044 × 10^300 |
| 19 | ov_019 | 1.4348325603388727 × 10^300 |
| 20 | ov_020 | 1.0000776689551865 × 10^300 |
| 21 | ov_021 | 6.733582412085165 × 10^299 |
| 22 | ov_022 | 4.350501755077946 × 10^299 |
| 23 | ov_023 | 2.6747974415234103 × 10^299 |
| 24 | ov_024 | 1.5492136127613643 × 10^299 |
| 25 | ov_025 | 8.35962128768286 × 10^298 |
| 26 | ov_026 | 4.16714847089711 × 10^298 |
| 27 | ov_027 | 1.9259980582914497 × 10^298 |
| 28 | ov_028 | 8.419966440781832 × 10^297 |
| 29 | ov_029 | 3.1551201173291824 × 10^297 |
| 30 | ov_030 | 9.536308920569832 × 10^296 |
| 31 | ov_031 | 2.1105954539461138 × 10^296 |
| 32 | lv_80_m31 | 4.114632124874973 × 10^295 |
| 33 | ov_033 | 4.9411992044885115 × 10^296 |
| 34 | ov_034 | 4.287928031717519 × 10^296 |
| 35 | ov_035 | 3.7025534512272187 × 10^296 |
| 36 | ov_036 | 3.1799277338569484 × 10^296 |
| 37 | ov_037 | 2.7151851299567613 × 10^296 |
| 38 | ov_038 | 2.3037219174439415 × 10^296 |
| 39 | ov_039 | 1.9411790461614965 × 10^296 |
| 40 | ov_040 | 1.623427142057966 × 10^296 |
| 41 | ov_041 | 1.3465536465075757 × 10^296 |
| 42 | ov_042 | 1.106851877693532 × 10^296 |
| 43 | ov_043 | 9.008118124260366 × 10^295 |
| 44 | ov_044 | 7.251123980871167 × 10^295 |
| 45 | ov_045 | 5.766152156060216 × 10^295 |
| 46 | ov_046 | 4.5235932548758334 × 10^295 |
| 47 | ov_047 | 3.4955713995604964 × 10^295 |
| 48 | ov_048 | 2.6559117525164027 × 10^295 |
| 49 | ov_049 | 1.9801154903836549 × 10^295 |
| 50 | ov_050 | 1.4453409876016048 × 10^295 |
| 51 | ov_051 | 1.030390076278427 × 10^295 |
| 52 | ov_052 | 7.156983574020608 × 10^294 |
| 53 | ov_053 | 4.8332864645124966 × 10^294 |
| 54 | ov_054 | 3.1696674436014336 × 10^294 |
| 55 | ov_055 | 2.0191883260168285 × 10^294 |
| 56 | ov_056 | 1.2510992254448448 × 10^294 |
| 57 | ov_057 | 7.50829611197347 × 10^293 |
| 58 | ov_058 | 4.199834650695015 × 10^293 |
| 59 | ov_059 | 2.1340599788564927 × 10^293 |
| 60 | ov_060 | 9.402812460832766 × 10^292 |
| 61 | ov_061 | 3.286618616474864 × 10^292 |
| 62 | ov_062 | 9.021870524252783 × 10^291 |
| 63 | ov_063 | 1.7596870931133403 × 10^291 |
| 64 | lv_79_m31 | 3.4314692931072443 × 10^290 |
| 65 | ov_065 | 4.122848696139955 × 10^291 |
| 66 | ov_066 | 4.122838079044818 × 10^291 |
| 67 | ov_067 | 4.122835545938383 × 10^291 |
| 68 | ov_068 | 3.5811047422628813 × 10^291 |
| 69 | ov_069 | 3.0949008505353386 × 10^291 |
| 70 | ov_070 | 2.6601762029529187 × 10^291 |
| 71 | ov_071 | 2.2730768273214487 × 10^291 |
| 72 | ov_072 | 1.929929897927686 × 10^291 |
| 73 | ov_073 | 1.6272336601548463 × 10^291 |
| 74 | ov_074 | 1.3616494720722639 × 10^291 |
| 75 | ov_075 | 1.1299956252325257 × 10^291 |
| 76 | ov_076 | 9.292426251582742 × 10^290 |
| 77 | ov_077 | 7.565096296269257 × 10^290 |
| 78 | ov_078 | 6.0906175998079555 × 10^290 |
| 79 | ov_079 | 4.8430801740224756 × 10^290 |
| 80 | ov_080 | 3.7979957893466445 × 10^290 |
| 81 | ov_081 | 2.9322834155567205 × 10^290 |
| 82 | ov_082 | 2.2242567005123265 × 10^290 |
| 83 | ov_083 | 1.6536133297209196 × 10^290 |
| 84 | ov_084 | 1.2014261102240023 × 10^290 |
| 85 | ov_085 | 8.501356227548403 × 10^289 |
| 86 | ov_086 | 5.835442864046865 × 10^289 |
| 87 | ov_087 | 3.8681168021170177 × 10^289 |
| 88 | ov_088 | 2.4645096619317425 × 10^289 |
| 89 | ov_089 | 1.5032625840291756 × 10^289 |
| 90 | ov_090 | 8.765078262877773 × 10^288 |
| 91 | ov_091 | 4.898567136160956 × 10^288 |
| 92 | ov_092 | 2.6239239971493422 × 10^288 |
| 93 | ov_093 | 1.2666597679382511 × 10^288 |
| 94 | ov_094 | 5.2319654778128245 × 10^287 |
| 95 | aaa_78_28 | 1.5728446410904999 × 10^287 |
| 96 | aaa_78_29 | 5.508106838691662 × 10^286 |
| 97 | ov_097 | 2.8351268949084146 × 10^286 |
| 98 | ov_098 | 2.8351009561942454 × 10^286 |
| 99 | ov_099 | 2.835092650987957 × 10^286 |
| 100 | ov_100 | 2.352429032697788 × 10^286 |
| 101 | ov_101 | 1.9363154522680708 × 10^286 |
| 102 | ov_102 | 1.5803794206603544 × 10^286 |
| 103 | ov_103 | 1.2786018373536676 × 10^286 |
| 104 | ov_104 | 1.0252911938653996 × 10^286 |
| 105 | ov_105 | 8.150610583290494 × 10^285 |
| 106 | ov_106 | 6.42810546702128 × 10^285 |
| 107 | ov_107 | 5.0370750169269254 × 10^285 |
| 108 | ov_108 | 3.931741154072254 × 10^285 |
| 109 | ov_109 | 3.068747461453521 × 10^285 |
| 110 | ov_110 | 2.407056937931281 × 10^285 |
| 111 | ov_111 | 1.9078671197810246 × 10^285 |
| 112 | ov_112 | 1.534540486162242 × 10^285 |
| 113 | ov_113 | 1.2525481976200555 × 10^285 |
| 114 | ov_114 | 1.0294253481807973 × 10^285 |
| 115 | ov_115 | 8.347360420799306 × 10^284 |
| 116 | ov_116 | 6.664977489325452 × 10^284 |
| 117 | ov_117 | 5.227422252576067 × 10^284 |
| 118 | ov_118 | 4.0151115094285254 × 10^284 |
| 119 | ov_119 | 3.0085280838437346 × 10^284 |
| 120 | ov_120 | 2.1881967541298413 × 10^284 |
| 121 | ov_121 | 1.5346680314134299 × 10^284 |
| 122 | ov_122 | 1.0285079202945187 × 10^284 |
| 123 | ov_123 | 6.502913772931652 × 10^283 |
| 124 | ov_124 | 3.805980833106911 × 10^283 |
| 125 | ov_125 | 2.0000989656753797 × 10^283 |
| 126 | ov_126 | 8.910947215397944 × 10^282 |
| 127 | aaa_77_28 | 2.8479674255959086 × 10^282 |
| 128 | aaa_77_29 | 1.0691535625064405 × 10^282 |
| 129 | ov_129 | 9.956335520238654 × 10^281 |
| 130 | ov_130 | 9.956307156023042 × 10^281 |
| 131 | ov_131 | 9.956300288874932 × 10^281 |
| 132 | ov_132 | 8.659709479516915 × 10^281 |
| 133 | ov_133 | 7.494380121736987 × 10^281 |
| 134 | ov_134 | 6.4501190665114084 × 10^281 |
| 135 | ov_135 | 5.517288907437718 × 10^281 |
| 136 | ov_136 | 4.686768278524419 × 10^281 |
| 137 | ov_137 | 3.954120888538522 × 10^281 |
| 138 | ov_138 | 3.3111589070047587 × 10^281 |
| 139 | ov_139 | 2.7501210903559247 × 10^281 |
| 140 | ov_140 | 2.2636513129689708 × 10^281 |
| 141 | ov_141 | 1.8447805656623416 × 10^281 |
| 142 | ov_142 | 1.4869120326565241 × 10^281 |
| 143 | ov_143 | 1.1838088808557545 × 10^281 |
| 144 | ov_144 | 9.295844178785385 × 10^280 |
| 145 | ov_145 | 7.186942976305653 × 10^280 |
| 146 | ov_146 | 5.4593047444069 × 10^280 |
| 147 | ov_147 | 4.064166289179273 × 10^280 |
| 148 | ov_148 | 2.956048107696203 × 10^280 |
| 149 | ov_149 | 2.092730658706483 × 10^280 |
| 150 | ov_150 | 1.4352383690385555 × 10^280 |
| 151 | ov_151 | 9.478294891006903 × 10^279 |
| 152 | ov_152 | 5.97990130963595 × 10^279 |
| 153 | ov_153 | 3.564310425648121 × 10^279 |
| 154 | ov_154 | 1.9708594074835776 × 10^279 |
| 155 | ov_155 | 9.711061136422526 × 10^278 |
| 156 | aaa_76_25 | 3.688241928797531 × 10^278 |
| 157 | aaa_76_26 | 2.093201913413823 × 10^278 |
| 158 | aaa_76_27 | 1.0766430547351526 × 10^278 |
| 159 | aaa_76_28 | 4.77510048185008 × 10^277 |
| 160 | aaa_76_29 | 1.454429911292095 × 10^277 |

### Output Bits Sorted by Complexity

| Rank | Output Bit | Complexity |
|:----:|:----------:|:----------:|
| 160 | aaa_76_29 | 1.454429911292095 × 10^277 |
| 159 | aaa_76_28 | 4.77510048185008 × 10^277 |
| 158 | aaa_76_27 | 1.0766430547351526 × 10^278 |
| 157 | aaa_76_26 | 2.093201913413823 × 10^278 |
| 156 | aaa_76_25 | 3.688241928797531 × 10^278 |
| 155 | ov_155 | 9.711061136422526 × 10^278 |
| 154 | ov_154 | 1.9708594074835776 × 10^279 |
| 153 | ov_153 | 3.564310425648121 × 10^279 |
| 152 | ov_152 | 5.97990130963595 × 10^279 |
| 151 | ov_151 | 9.478294891006903 × 10^279 |
| 150 | ov_150 | 1.4352383690385555 × 10^280 |
| 149 | ov_149 | 2.092730658706483 × 10^280 |
| 148 | ov_148 | 2.956048107696203 × 10^280 |
| 147 | ov_147 | 4.064166289179273 × 10^280 |
| 146 | ov_146 | 5.4593047444069 × 10^280 |
| 145 | ov_145 | 7.186942976305653 × 10^280 |
| 144 | ov_144 | 9.295844178785385 × 10^280 |
| 143 | ov_143 | 1.1838088808557545 × 10^281 |
| 142 | ov_142 | 1.4869120326565241 × 10^281 |
| 141 | ov_141 | 1.8447805656623416 × 10^281 |
| 140 | ov_140 | 2.2636513129689708 × 10^281 |
| 139 | ov_139 | 2.7501210903559247 × 10^281 |
| 138 | ov_138 | 3.3111589070047587 × 10^281 |
| 137 | ov_137 | 3.954120888538522 × 10^281 |
| 136 | ov_136 | 4.686768278524419 × 10^281 |
| 135 | ov_135 | 5.517288907437718 × 10^281 |
| 134 | ov_134 | 6.4501190665114084 × 10^281 |
| 133 | ov_133 | 7.494380121736987 × 10^281 |
| 132 | ov_132 | 8.659709479516915 × 10^281 |
| 131 | ov_131 | 9.956300288874932 × 10^281 |
| 130 | ov_130 | 9.956307156023042 × 10^281 |
| 129 | ov_129 | 9.956335520238654 × 10^281 |
| 128 | aaa_77_29 | 1.0691535625064405 × 10^282 |
| 127 | aaa_77_28 | 2.8479674255959086 × 10^282 |
| 126 | ov_126 | 8.910947215397944 × 10^282 |
| 125 | ov_125 | 2.0000989656753797 × 10^283 |
| 124 | ov_124 | 3.805980833106911 × 10^283 |
| 123 | ov_123 | 6.502913772931652 × 10^283 |
| 122 | ov_122 | 1.0285079202945187 × 10^284 |
| 121 | ov_121 | 1.5346680314134299 × 10^284 |
| 120 | ov_120 | 2.1881967541298413 × 10^284 |
| 119 | ov_119 | 3.0085280838437346 × 10^284 |
| 118 | ov_118 | 4.0151115094285254 × 10^284 |
| 117 | ov_117 | 5.227422252576067 × 10^284 |
| 116 | ov_116 | 6.664977489325452 × 10^284 |
| 115 | ov_115 | 8.347360420799306 × 10^284 |
| 114 | ov_114 | 1.0294253481807973 × 10^285 |
| 113 | ov_113 | 1.2525481976200555 × 10^285 |
| 112 | ov_112 | 1.534540486162242 × 10^285 |
| 111 | ov_111 | 1.9078671197810246 × 10^285 |
| 110 | ov_110 | 2.407056937931281 × 10^285 |
| 109 | ov_109 | 3.068747461453521 × 10^285 |
| 108 | ov_108 | 3.931741154072254 × 10^285 |
| 107 | ov_107 | 5.0370750169269254 × 10^285 |
| 106 | ov_106 | 6.42810546702128 × 10^285 |
| 105 | ov_105 | 8.150610583290494 × 10^285 |
| 104 | ov_104 | 1.0252911938653996 × 10^286 |
| 103 | ov_103 | 1.2786018373536676 × 10^286 |
| 102 | ov_102 | 1.5803794206603544 × 10^286 |
| 101 | ov_101 | 1.9363154522680708 × 10^286 |
| 100 | ov_100 | 2.352429032697788 × 10^286 |
| 99 | ov_099 | 2.835092650987957 × 10^286 |
| 98 | ov_098 | 2.8351009561942454 × 10^286 |
| 97 | ov_097 | 2.8351268949084146 × 10^286 |
| 96 | aaa_78_29 | 5.508106838691662 × 10^286 |
| 95 | aaa_78_28 | 1.5728446410904999 × 10^287 |
| 94 | ov_094 | 5.2319654778128245 × 10^287 |
| 93 | ov_093 | 1.2666597679382511 × 10^288 |
| 92 | ov_092 | 2.6239239971493422 × 10^288 |
| 91 | ov_091 | 4.898567136160956 × 10^288 |
| 90 | ov_090 | 8.765078262877773 × 10^288 |
| 89 | ov_089 | 1.5032625840291756 × 10^289 |
| 88 | ov_088 | 2.4645096619317425 × 10^289 |
| 87 | ov_087 | 3.8681168021170177 × 10^289 |
| 86 | ov_086 | 5.835442864046865 × 10^289 |
| 85 | ov_085 | 8.501356227548403 × 10^289 |
| 84 | ov_084 | 1.2014261102240023 × 10^290 |
| 83 | ov_083 | 1.6536133297209196 × 10^290 |
| 82 | ov_082 | 2.2242567005123265 × 10^290 |
| 81 | ov_081 | 2.9322834155567205 × 10^290 |
| 64 | lv_79_m31 | 3.4314692931072443 × 10^290 |
| 80 | ov_080 | 3.7979957893466445 × 10^290 |
| 79 | ov_079 | 4.8430801740224756 × 10^290 |
| 78 | ov_078 | 6.0906175998079555 × 10^290 |
| 77 | ov_077 | 7.565096296269257 × 10^290 |
| 76 | ov_076 | 9.292426251582742 × 10^290 |
| 75 | ov_075 | 1.1299956252325257 × 10^291 |
| 74 | ov_074 | 1.3616494720722639 × 10^291 |
| 73 | ov_073 | 1.6272336601548463 × 10^291 |
| 63 | ov_063 | 1.7596870931133403 × 10^291 |
| 72 | ov_072 | 1.929929897927686 × 10^291 |
| 71 | ov_071 | 2.2730768273214487 × 10^291 |
| 70 | ov_070 | 2.6601762029529187 × 10^291 |
| 69 | ov_069 | 3.0949008505353386 × 10^291 |
| 68 | ov_068 | 3.5811047422628813 × 10^291 |
| 67 | ov_067 | 4.122835545938383 × 10^291 |
| 66 | ov_066 | 4.122838079044818 × 10^291 |
| 65 | ov_065 | 4.122848696139955 × 10^291 |
| 62 | ov_062 | 9.021870524252783 × 10^291 |
| 61 | ov_061 | 3.286618616474864 × 10^292 |
| 60 | ov_060 | 9.402812460832766 × 10^292 |
| 59 | ov_059 | 2.1340599788564927 × 10^293 |
| 58 | ov_058 | 4.199834650695015 × 10^293 |
| 57 | ov_057 | 7.50829611197347 × 10^293 |
| 56 | ov_056 | 1.2510992254448448 × 10^294 |
| 55 | ov_055 | 2.0191883260168285 × 10^294 |
| 54 | ov_054 | 3.1696674436014336 × 10^294 |
| 53 | ov_053 | 4.8332864645124966 × 10^294 |
| 52 | ov_052 | 7.156983574020608 × 10^294 |
| 51 | ov_051 | 1.030390076278427 × 10^295 |
| 50 | ov_050 | 1.4453409876016048 × 10^295 |
| 49 | ov_049 | 1.9801154903836549 × 10^295 |
| 48 | ov_048 | 2.6559117525164027 × 10^295 |
| 47 | ov_047 | 3.4955713995604964 × 10^295 |
| 32 | lv_80_m31 | 4.114632124874973 × 10^295 |
| 46 | ov_046 | 4.5235932548758334 × 10^295 |
| 45 | ov_045 | 5.766152156060216 × 10^295 |
| 44 | ov_044 | 7.251123980871167 × 10^295 |
| 43 | ov_043 | 9.008118124260366 × 10^295 |
| 42 | ov_042 | 1.106851877693532 × 10^296 |
| 41 | ov_041 | 1.3465536465075757 × 10^296 |
| 40 | ov_040 | 1.623427142057966 × 10^296 |
| 39 | ov_039 | 1.9411790461614965 × 10^296 |
| 31 | ov_031 | 2.1105954539461138 × 10^296 |
| 38 | ov_038 | 2.3037219174439415 × 10^296 |
| 37 | ov_037 | 2.7151851299567613 × 10^296 |
| 36 | ov_036 | 3.1799277338569484 × 10^296 |
| 35 | ov_035 | 3.7025534512272187 × 10^296 |
| 34 | ov_034 | 4.287928031717519 × 10^296 |
| 33 | ov_033 | 4.9411992044885115 × 10^296 |
| 30 | ov_030 | 9.536308920569832 × 10^296 |
| 29 | ov_029 | 3.1551201173291824 × 10^297 |
| 28 | ov_028 | 8.419966440781832 × 10^297 |
| 27 | ov_027 | 1.9259980582914497 × 10^298 |
| 26 | ov_026 | 4.16714847089711 × 10^298 |
| 25 | ov_025 | 8.35962128768286 × 10^298 |
| 24 | ov_024 | 1.5492136127613643 × 10^299 |
| 23 | ov_023 | 2.6747974415234103 × 10^299 |
| 22 | ov_022 | 4.350501755077946 × 10^299 |
| 21 | ov_021 | 6.733582412085165 × 10^299 |
| 20 | ov_020 | 1.0000776689551865 × 10^300 |
| 19 | ov_019 | 1.4348325603388727 × 10^300 |
| 18 | ov_018 | 1.999200859043044 × 10^300 |
| 17 | ov_017 | 2.7167196374952363 × 10^300 |
| 16 | ov_016 | 3.612893016785111 × 10^300 |
| 15 | ov_015 | 4.7152037011578594 × 10^300 |
| 14 | ov_014 | 6.0531292378743014 × 10^300 |
| 13 | ov_013 | 7.658164242815607 × 10^300 |
| 12 | ov_012 | 9.563849961973138 × 10^300 |
| 11 | ov_011 | 1.1805812669012498 × 10^301 |
| 10 | ov_010 | 1.442181252959592 × 10^301 |
| 9 | ov_009 | 1.7451804694309166 × 10^301 |
| 8 | ov_008 | 2.0938014514157818 × 10^301 |
| 7 | ov_007 | 2.492502890604025 × 10^301 |
| 6 | ov_006 | 2.945990603082454 × 10^301 |
| 5 | ov_005 | 3.459230558420277 × 10^301 |
| 4 | ov_004 | 4.0374642141020245 × 10^301 |
| 3 | ov_003 | 4.6862264138044884 × 10^301 |
| 2 | ov_002 | 5.411366122903834 × 10^301 |
| 1 | ov_001 | 6.219070290053153 × 10^301 |

