# Results for E002007-E005015-E009010-F017-F018-F019-F020-F021-F022-F023-F024-F025-F026-F027-F028-F029-F030-F031-F032-F033-F034-F035-F036-F037-F038-F039-F040-F041-F042-F043-F044-F045-F046-F047-F048-F049-F050-F051-F052-F053-F054-F055-F056-F057-F058-F059-F060-F061-F062-F063-F064-F065-F066-F067-F068-F069-F070-F071-F072-F073-F074-F075-F076-F077-F078-F079-F080-F081-F082-F083-F084-F085-F086-F087-F088-F089-F090-F091-F092-F093-F094-F095-F096-F097-F098-F099-F100-F101-F102-F103-F104-F105-F106-F107-F108-F109-F110-F111-F112-F113-F114-F115-F116-F117-F118-F119-F120-F121-F122-F123-F124-F125-F126-F127-F128-F129-F130-F131-F132-F133-F134-F135-F136-F137-F138-F139-F140-F141-F142-F143-F144-F145-F146-F147-F148-F149-F150-F151-F152-F153-F154-F155-F156-F157-F158-F159-F160-F161-F162-F163-F164-F165-F166-F167-F168-F169-F170-F171-F172-F173-F174-F175-F176-F177-F178-F179-F180-F181-F182-F183-F184-F185-F186-F187-F188-F189-F190-F191-F192-F193-F194-F195-F196-F197-F198-F199-F200-F201-F202-F203-F204-F205-F206-F207-F208-F209-F210-F211-F212-F213-F214-F215-F216-F217-F218-F219-F220-F221-F222-F223-F224-F225-F226-F227-F228-F229-F230-F231-F232-F233-F234-F235-F236-F237-F238-F239-F240-F241-F242-F243-F244-F245-F246-F247-F248-F249-F250-F251-F252-F253-F254-F255-F256-F257-F258-F259-F260-F261-F262-F263-F264-F265-F266-F267-F268-F269-F270-F271-F272-F273-F274-F275-F276-F277-F278-F279-F280-F281-F282-F283-F284-F285-F286-F287-F288-F289-F290-F291-F292-F293-F294-F295-F296-F297-F298-F299-F300-F301-F302-F303-F304-F305-F306-F307-F308-F309-F310-F311-F312-F313-F314-F315-F316-F317-F318-F319-F320-F321-F322-F323-F324-F325-F326-F327-F328-F329-F330-F331-F332-F333-F334-F335-F336-F337-F338-F339-F340-F341-F342-F343-F344-F345-F346-F347-F348-F349-F350-F351-F352-F353-F354-F355-F356-F357-F358-F359-F360-F361-F362-F363-F364-F365-F366-F367-F368-F369-F370-F371-F372-F373-F374-F375-F376-F377-F378-F379-F380-F381-F382-F383-F384-F385-F386-F387-F388-F389-F390-F391-F392-F393-F394-F395-F396-F397-F398-F399-F400-F401-F402-F403-F404-F405-F406-F407-F408-F409-F410-F411-F412-F413-F414-F415-F416-F417-F418-F419-F420-F421-F422-F423-F424-F425-F426-F427-F428-F429-F430-F431-F432-F433-F434-F435-F436-F437-F438-F439-F440-F441-F442-F443-F444-F445-F446-F447-F448-F449-F450-F451-F452-F453-F454-F455-F456-F457-F458-F459-F460-F461-F462-F463-F464-F465-F466-F467-F468-F469-F470-F471-F472-F473-F474-F475-F476-F477-F478-F479-F480-F481-F482-F483-F484-F485-F486-F487-F488-F489-F490-F491-F492-F493-F494-F495-F496-F497-F498-F499-F500-F501-F502-F503-F504-F505-F506-F507-F508-F509-F510-F511-F512

## Summary

Number of input bits: 512  
Number of free input bits: 13  
Number of output bits: 160

Number of direct occurrences: 58640  
Number of assignments: 39130  
Number of operations: 19108494
(xor: 19070963,
and: 20887,
or: 16644)

Total complexity: 8.64687773376948 × 10^355

Least occurring input variable: iv_012 (4183)  
Most occurring input variable: iv_005 (4761)

Most co-occurring input variables: iv_001-iv_006 (2241)  
Least co-occurring input variables: iv_002-iv_005 (1911)

Potentially most occurring input variable: iv_005/iv_016 (5348)  
Potentially least occurring input variable: iv_003/iv_012 (4483)

Least output occurring input variable: iv_005 (59)  
Most output occurring input variable: iv_012 (86)

Most output co-occurring input variables: iv_002-iv_012 (45)  
Least output co-occurring input variables: iv_005-iv_009 (23)

Potentially most output occurring input variable: iv_001/iv_008 (94)  
Potentially least output occurring input variable: iv_008/iv_014 (66)

Least complex input bit: iv_016 (1.3224997140635423 × 10^352)  
Most complex input bit: iv_005 (2.0146083188986196 × 10^355)

Least complex output bit: aaa_76_29 (1.8660154687119524 × 10^331)  
Most complex output bit: ov_001 (1.3236695541073653 × 10^355)

Least complex input/output complexity: iv_016/aaa_76_29 (2.853983830686006 × 10^327)  
Most complex input/output complexity: iv_005/ov_001 (3.0839752535913546 × 10^354)

## Input Bits

### Input Bits in Regular Order

| Input Bit | Complexity | Occurrences | Output Occurrences |
|:---------:|:----------:|:-----------:|:------------------:|
| iv_001 | 4.038236536607479 × 10^352 | 4568 | 75 |
| iv_002 | 3.3156938072478297 × 10^354 | 4372 | 77 |
| iv_003 | 5.0285146699893926 × 10^353 | 4374 | 75 |
| iv_004 | 1.093793467859675 × 10^354 | 4539 | 77 |
| iv_005 | 2.0146083188986196 × 10^355 | 4761 | 59 |
| iv_006 | 2.4218393180033477 × 10^354 | 4403 | 80 |
| iv_008 | 3.9558800551376503 × 10^354 | 4444 | 69 |
| iv_009 | 7.359545218452948 × 10^354 | 4631 | 73 |
| iv_011 | 8.281770833385916 × 10^354 | 4642 | 63 |
| iv_012 | 1.047734084797683 × 10^355 | 4183 | 86 |
| iv_013 | 1.2986731366436708 × 10^355 | 4537 | 78 |
| iv_014 | 1.5873640404702307 × 10^355 | 4683 | 83 |
| iv_016 | 1.3224997140635423 × 10^352 | 4503 | 79 |

### Input Bits Sorted by Complexity

| Input Bit | Complexity | Occurrences | Output Occurrences |
|:---------:|:----------:|:-----------:|:------------------:|
| iv_016 | 1.3224997140635423 × 10^352 | 4503 | 79 |
| iv_001 | 4.038236536607479 × 10^352 | 4568 | 75 |
| iv_003 | 5.0285146699893926 × 10^353 | 4374 | 75 |
| iv_004 | 1.093793467859675 × 10^354 | 4539 | 77 |
| iv_006 | 2.4218393180033477 × 10^354 | 4403 | 80 |
| iv_002 | 3.3156938072478297 × 10^354 | 4372 | 77 |
| iv_008 | 3.9558800551376503 × 10^354 | 4444 | 69 |
| iv_009 | 7.359545218452948 × 10^354 | 4631 | 73 |
| iv_011 | 8.281770833385916 × 10^354 | 4642 | 63 |
| iv_012 | 1.047734084797683 × 10^355 | 4183 | 86 |
| iv_013 | 1.2986731366436708 × 10^355 | 4537 | 78 |
| iv_014 | 1.5873640404702307 × 10^355 | 4683 | 83 |
| iv_005 | 2.0146083188986196 × 10^355 | 4761 | 59 |

### Input Bits Sorted by Occurrences

| Input Bit | Complexity | Occurrences | Output Occurrences |
|:---------:|:----------:|:-----------:|:------------------:|
| iv_012 | 1.047734084797683 × 10^355 | 4183 | 86 |
| iv_002 | 3.3156938072478297 × 10^354 | 4372 | 77 |
| iv_003 | 5.0285146699893926 × 10^353 | 4374 | 75 |
| iv_006 | 2.4218393180033477 × 10^354 | 4403 | 80 |
| iv_008 | 3.9558800551376503 × 10^354 | 4444 | 69 |
| iv_016 | 1.3224997140635423 × 10^352 | 4503 | 79 |
| iv_013 | 1.2986731366436708 × 10^355 | 4537 | 78 |
| iv_004 | 1.093793467859675 × 10^354 | 4539 | 77 |
| iv_001 | 4.038236536607479 × 10^352 | 4568 | 75 |
| iv_009 | 7.359545218452948 × 10^354 | 4631 | 73 |
| iv_011 | 8.281770833385916 × 10^354 | 4642 | 63 |
| iv_014 | 1.5873640404702307 × 10^355 | 4683 | 83 |
| iv_005 | 2.0146083188986196 × 10^355 | 4761 | 59 |

### Input Bits Sorted by Output Occurrences

| Input Bit | Complexity | Occurrences | Output Occurrences |
|:---------:|:----------:|:-----------:|:------------------:|
| iv_005 | 2.0146083188986196 × 10^355 | 4761 | 59 |
| iv_011 | 8.281770833385916 × 10^354 | 4642 | 63 |
| iv_008 | 3.9558800551376503 × 10^354 | 4444 | 69 |
| iv_009 | 7.359545218452948 × 10^354 | 4631 | 73 |
| iv_003 | 5.0285146699893926 × 10^353 | 4374 | 75 |
| iv_001 | 4.038236536607479 × 10^352 | 4568 | 75 |
| iv_004 | 1.093793467859675 × 10^354 | 4539 | 77 |
| iv_002 | 3.3156938072478297 × 10^354 | 4372 | 77 |
| iv_013 | 1.2986731366436708 × 10^355 | 4537 | 78 |
| iv_016 | 1.3224997140635423 × 10^352 | 4503 | 79 |
| iv_006 | 2.4218393180033477 × 10^354 | 4403 | 80 |
| iv_014 | 1.5873640404702307 × 10^355 | 4683 | 83 |
| iv_012 | 1.047734084797683 × 10^355 | 4183 | 86 |

## Input Bit Co-occurrences

### Input Bit Co-occurrences Sorted by Co-occurrences

| Input Bits | Co-occurrences | Potential Occurrences | Output Co-occurrences | Potential Output Occurrences |
|:----------:|:--------------:|:---------------------:|:---------------------:|:----------------------------:|
| iv_001-iv_006 | 2241 | 4489 | 39 | 77 |
| iv_008-iv_009 | 2229 | 4617 | 35 | 72 |
| iv_004-iv_009 | 2209 | 4752 | 38 | 74 |
| iv_013-iv_014 | 2203 | 4814 | 40 | 81 |
| iv_004-iv_014 | 2203 | 4816 | 41 | 78 |
| iv_008-iv_014 | 2197 | 4733 | 43 | 66 |
| iv_009-iv_014 | 2191 | 4932 | 41 | 74 |
| iv_003-iv_004 | 2188 | 4537 | 38 | 76 |
| iv_003-iv_013 | 2188 | 4535 | 36 | 81 |
| iv_001-iv_016 | 2182 | 4707 | 37 | 80 |
| iv_008-iv_013 | 2180 | 4621 | 34 | 79 |
| iv_011-iv_016 | 2179 | 4787 | 26 | 90 |
| iv_001-iv_009 | 2175 | 4849 | 36 | 76 |

### Input Bit Co-occurrences Sorted by Potential Occurrences

| Input Bits | Co-occurrences | Potential Occurrences | Output Co-occurrences | Potential Output Occurrences |
|:----------:|:--------------:|:---------------------:|:---------------------:|:----------------------------:|
| iv_003-iv_012 | 2037 | 4483 | 42 | 77 |
| iv_001-iv_006 | 2241 | 4489 | 39 | 77 |
| iv_003-iv_013 | 2188 | 4535 | 36 | 81 |
| iv_003-iv_008 | 2141 | 4536 | 34 | 76 |
| iv_003-iv_004 | 2188 | 4537 | 38 | 76 |
| iv_002-iv_012 | 2005 | 4545 | 45 | 73 |
| iv_008-iv_012 | 2031 | 4565 | 37 | 81 |
| iv_008-iv_009 | 2229 | 4617 | 35 | 72 |
| iv_008-iv_013 | 2180 | 4621 | 34 | 79 |
| iv_012-iv_013 | 2047 | 4626 | 42 | 80 |
| iv_006-iv_016 | 2113 | 4680 | 37 | 85 |
| iv_001-iv_016 | 2182 | 4707 | 37 | 80 |
| iv_006-iv_012 | 1931 | 4724 | 44 | 78 |

### Input Bit Output Co-occurrences Sorted by Output Co-occurrences

| Input Bits | Co-occurrences | Potential Occurrences | Output Co-occurrences | Potential Output Occurrences |
|:----------:|:--------------:|:---------------------:|:---------------------:|:----------------------------:|
| iv_002-iv_012 | 2005 | 4545 | 45 | 73 |
| iv_006-iv_012 | 1931 | 4724 | 44 | 78 |
| iv_004-iv_012 | 1968 | 4786 | 43 | 77 |
| iv_008-iv_014 | 2197 | 4733 | 43 | 66 |
| iv_012-iv_014 | 2041 | 4784 | 43 | 83 |
| iv_003-iv_012 | 2037 | 4483 | 42 | 77 |
| iv_004-iv_013 | 2141 | 4794 | 42 | 71 |
| iv_001-iv_012 | 1987 | 4777 | 42 | 77 |
| iv_002-iv_004 | 2061 | 4789 | 42 | 70 |
| iv_012-iv_013 | 2047 | 4626 | 42 | 80 |
| iv_004-iv_014 | 2203 | 4816 | 41 | 78 |
| iv_009-iv_014 | 2191 | 4932 | 41 | 74 |
| iv_012-iv_016 | 1921 | 4844 | 41 | 83 |

### Input Bit Output Co-occurrences Sorted by Potential Output Occurrences

| Input Bits | Co-occurrences | Potential Occurrences | Output Co-occurrences | Potential Output Occurrences |
|:----------:|:--------------:|:---------------------:|:---------------------:|:----------------------------:|
| iv_008-iv_014 | 2197 | 4733 | 43 | 66 |
| iv_004-iv_011 | 2066 | 5049 | 36 | 68 |
| iv_002-iv_004 | 2061 | 4789 | 42 | 70 |
| iv_005-iv_011 | 2056 | 5291 | 26 | 70 |
| iv_004-iv_013 | 2141 | 4794 | 42 | 71 |
| iv_008-iv_009 | 2229 | 4617 | 35 | 72 |
| iv_009-iv_016 | 2092 | 4950 | 40 | 72 |
| iv_001-iv_003 | 2012 | 4918 | 39 | 72 |
| iv_006-iv_008 | 2015 | 4817 | 38 | 73 |
| iv_002-iv_012 | 2005 | 4545 | 45 | 73 |
| iv_004-iv_008 | 2115 | 4753 | 36 | 74 |
| iv_004-iv_009 | 2209 | 4752 | 38 | 74 |
| iv_009-iv_014 | 2191 | 4932 | 41 | 74 |

## Output Bits

### Output Bits in Regular Order

| Rank | Output Bit | Complexity |
|:----:|:----------:|:----------:|
| 1 | ov_001 | 1.3236695541073653 × 10^355 |
| 2 | ov_002 | 1.1558291843693708 × 10^355 |
| 3 | ov_003 | 1.004978868077376 × 10^355 |
| 4 | ov_004 | 8.697728033738576 × 10^354 |
| 5 | ov_005 | 7.48940406975218 × 10^354 |
| 6 | ov_006 | 6.412810769625588 × 10^354 |
| 7 | ov_007 | 5.456595794186521 × 10^354 |
| 8 | ov_008 | 4.610019967948211 × 10^354 |
| 9 | ov_009 | 3.862921905154184 × 10^354 |
| 10 | ov_010 | 3.205687440786589 × 10^354 |
| 11 | ov_011 | 2.633642767663055 × 10^354 |
| 12 | ov_012 | 2.1423686745859745 × 10^354 |
| 13 | ov_013 | 1.7237522322249637 × 10^354 |
| 14 | ov_014 | 1.3701463538074652 × 10^354 |
| 15 | ov_015 | 1.0743575525745369 × 10^354 |
| 16 | ov_016 | 8.296361329947693 × 10^353 |
| 17 | ov_017 | 6.296684630181776 × 10^353 |
| 18 | ov_018 | 4.6857100361001076 × 10^353 |
| 19 | ov_019 | 3.408858003401045 × 10^353 |
| 20 | ov_020 | 2.4157717002052696 × 10^353 |
| 21 | ov_021 | 1.6602934337086014 × 10^353 |
| 22 | ov_022 | 1.1004485251884208 × 10^353 |
| 23 | ov_023 | 6.984347987097544 × 10^352 |
| 24 | ov_024 | 4.206161255477543 × 10^352 |
| 25 | ov_025 | 2.3751874269731664 × 10^352 |
| 26 | ov_026 | 1.2382933895043639 × 10^352 |
| 27 | ov_027 | 5.839416947415066 × 10^351 |
| 28 | ov_028 | 2.4218703763261804 × 10^351 |
| 29 | ov_029 | 8.467511307154856 × 10^350 |
| 30 | ov_030 | 2.3251416259690905 × 10^350 |
| 31 | ov_031 | 4.5372244440373225 × 10^349 |
| 32 | lv_80_m31 | 8.852677472824771 × 10^348 |
| 33 | ov_033 | 1.0954552521312812 × 10^350 |
| 34 | ov_034 | 9.563641401528439 × 10^349 |
| 35 | ov_035 | 8.31241384058164 × 10^349 |
| 36 | ov_036 | 7.19450918596563 × 10^349 |
| 37 | ov_037 | 6.1983557340728225 × 10^349 |
| 38 | ov_038 | 5.3130879857420854 × 10^349 |
| 39 | ov_039 | 4.5284999413931145 × 10^349 |
| 40 | ov_040 | 3.835002706804612 × 10^349 |
| 41 | ov_041 | 3.223586172843799 × 10^349 |
| 42 | ov_042 | 2.6857845410015374 × 10^349 |
| 43 | ov_043 | 2.213645473659597 × 10^349 |
| 44 | ov_044 | 1.8033175307519945 × 10^349 |
| 45 | ov_045 | 1.4511858353357495 × 10^349 |
| 46 | ov_046 | 1.1538607265303093 × 10^349 |
| 47 | ov_047 | 9.052002646323146 × 10^348 |
| 48 | ov_048 | 6.994687031453394 × 10^348 |
| 49 | ov_049 | 5.313229996734844 × 10^348 |
| 50 | ov_050 | 3.9580151381455405 × 10^348 |
| 51 | ov_051 | 2.8831469379245927 × 10^348 |
| 52 | ov_052 | 2.0463755408626013 × 10^348 |
| 53 | ov_053 | 1.409037466374511 × 10^348 |
| 54 | ov_054 | 9.360102840919702 × 10^347 |
| 55 | ov_055 | 5.956792817212223 × 10^347 |
| 56 | ov_056 | 3.599141543633455 × 10^347 |
| 57 | ov_057 | 2.0405374469819654 × 10^347 |
| 58 | ov_058 | 1.0689688003514042 × 10^347 |
| 59 | ov_059 | 5.06974495786134 × 10^346 |
| 60 | ov_060 | 2.116211750160041 × 10^346 |
| 61 | ov_061 | 7.449447890902708 × 10^345 |
| 62 | ov_062 | 2.059900376668415 × 10^345 |
| 63 | ov_063 | 4.0499725859573693 × 10^344 |
| 64 | lv_79_m31 | 7.961880565902033 × 10^343 |
| 65 | ov_065 | 1.0914404951721632 × 10^345 |
| 66 | ov_066 | 1.0914077291188351 × 10^345 |
| 67 | ov_067 | 1.0913972447839394 × 10^345 |
| 68 | ov_068 | 9.816581807492289 × 10^344 |
| 69 | ov_069 | 8.801069398815857 × 10^344 |
| 70 | ov_070 | 7.862837427718365 × 10^344 |
| 71 | ov_071 | 6.997617071534584 × 10^344 |
| 72 | ov_072 | 6.201429014062736 × 10^344 |
| 73 | ov_073 | 5.470547885687935 × 10^344 |
| 74 | ov_074 | 4.801469970458129 × 10^344 |
| 75 | ov_075 | 4.190883153051037 × 10^344 |
| 76 | ov_076 | 3.635638931690507 × 10^344 |
| 77 | ov_077 | 3.1327271263984376 × 10^344 |
| 78 | ov_078 | 2.6792534950584106 × 10^344 |
| 79 | ov_079 | 2.2724200761024775 × 10^344 |
| 80 | ov_080 | 1.909508080304677 × 10^344 |
| 81 | ov_081 | 1.5878631570164 × 10^344 |
| 82 | ov_082 | 1.304882619134038 × 10^344 |
| 83 | ov_083 | 1.0580042126837398 × 10^344 |
| 84 | ov_084 | 8.446965044608561 × 10^343 |
| 85 | ov_085 | 6.624509619400659 × 10^343 |
| 86 | ov_086 | 5.087755569728971 × 10^343 |
| 87 | ov_087 | 3.811897251053167 × 10^343 |
| 88 | ov_088 | 2.772205125328487 × 10^343 |
| 89 | ov_089 | 1.943997428095933 × 10^343 |
| 90 | ov_090 | 1.3026203547125435 × 10^343 |
| 91 | ov_091 | 8.234350874931766 × 10^342 |
| 92 | ov_092 | 4.81809999783257 × 10^342 |
| 93 | ov_093 | 2.5311645653867134 × 10^342 |
| 94 | ov_094 | 1.1272684723528096 × 10^342 |
| 95 | aaa_78_28 | 3.6013830138075547 × 10^341 |
| 96 | aaa_78_29 | 1.3512554551692757 × 10^341 |
| 97 | ov_097 | 1.2919883625287423 × 10^341 |
| 98 | ov_098 | 1.291984720135419 × 10^341 |
| 99 | ov_099 | 1.2919838383157754 × 10^341 |
| 100 | ov_100 | 1.1269956104792914 × 10^341 |
| 101 | ov_101 | 9.790235677754546 × 10^340 |
| 102 | ov_102 | 8.466973833103351 × 10^340 |
| 103 | ov_103 | 7.287235479796813 × 10^340 |
| 104 | ov_104 | 6.2388019901315064 × 10^340 |
| 105 | ov_105 | 5.3101257234591036 × 10^340 |
| 106 | ov_106 | 4.490290037313386 × 10^340 |
| 107 | ov_107 | 3.7689741163192035 × 10^340 |
| 108 | ov_108 | 3.1364221050758793 × 10^340 |
| 109 | ov_109 | 2.583416178599988 × 10^340 |
| 110 | ov_110 | 2.1054788020620623 × 10^340 |
| 111 | ov_111 | 1.698384417996097 × 10^340 |
| 112 | ov_112 | 1.3544026146151381 × 10^340 |
| 113 | ov_113 | 1.0662668259393421 × 10^340 |
| 114 | ov_114 | 8.271628648222629 × 10^339 |
| 115 | ov_115 | 6.30719804680901 × 10^339 |
| 116 | ov_116 | 4.710029234187065 × 10^339 |
| 117 | ov_117 | 3.42508382264747 × 10^339 |
| 118 | ov_118 | 2.425914154950512 × 10^339 |
| 119 | ov_119 | 1.6659937051243857 × 10^339 |
| 120 | ov_120 | 1.1030191045600826 × 10^339 |
| 121 | ov_121 | 6.988978520067238 × 10^338 |
| 122 | ov_122 | 4.1974079516190447 × 10^338 |
| 123 | ov_123 | 2.3585786364130913 × 10^338 |
| 124 | ov_124 | 1.2175586327435905 × 10^338 |
| 125 | ov_125 | 5.613746224193524 × 10^337 |
| 126 | ov_126 | 2.1900790710740416 × 10^337 |
| 127 | aaa_77_28 | 6.13931174304394 × 10^336 |
| 128 | aaa_77_29 | 1.8684537514189426 × 10^336 |
| 129 | ov_129 | 1.1136102839545698 × 10^336 |
| 130 | ov_130 | 1.1136066409230536 × 10^336 |
| 131 | ov_131 | 1.1136057572467413 × 10^336 |
| 132 | ov_132 | 9.718167432146682 × 10^335 |
| 133 | ov_133 | 8.453946082576126 × 10^335 |
| 134 | ov_134 | 7.329785039385444 × 10^335 |
| 135 | ov_135 | 6.332850647545283 × 10^335 |
| 136 | ov_136 | 5.45103100376127 × 10^335 |
| 137 | ov_137 | 4.672888717198734 × 10^335 |
| 138 | ov_138 | 3.9876189509501915 × 10^335 |
| 139 | ov_139 | 3.3850123457433085 × 10^335 |
| 140 | ov_140 | 2.8554224922309515 × 10^335 |
| 141 | ov_141 | 2.389737636928931 × 10^335 |
| 142 | ov_142 | 1.9793563249655405 × 10^335 |
| 143 | ov_143 | 1.6201025959547724 × 10^335 |
| 144 | ov_144 | 1.308040554342936 × 10^335 |
| 145 | ov_145 | 1.0394665345173619 × 10^335 |
| 146 | ov_146 | 8.109027564165966 × 10^334 |
| 147 | ov_147 | 6.19092287117938 × 10^334 |
| 148 | ov_148 | 4.6099511269500376 × 10^334 |
| 149 | ov_149 | 3.337851408951332 × 10^334 |
| 150 | ov_150 | 2.348479713874278 × 10^334 |
| 151 | ov_151 | 1.5958393177216388 × 10^334 |
| 152 | ov_152 | 1.0381053058560608 × 10^334 |
| 153 | ov_153 | 6.376124347538424 × 10^333 |
| 154 | ov_154 | 3.608476901972552 × 10^333 |
| 155 | ov_155 | 1.7844604515103633 × 10^333 |
| 156 | aaa_76_25 | 6.51883007702843 × 10^332 |
| 157 | aaa_76_26 | 3.404890008398003 × 10^332 |
| 158 | aaa_76_27 | 1.5695294819972547 × 10^332 |
| 159 | aaa_76_28 | 6.122260509551445 × 10^331 |
| 160 | aaa_76_29 | 1.8660154687119524 × 10^331 |

### Output Bits Sorted by Complexity

| Rank | Output Bit | Complexity |
|:----:|:----------:|:----------:|
| 160 | aaa_76_29 | 1.8660154687119524 × 10^331 |
| 159 | aaa_76_28 | 6.122260509551445 × 10^331 |
| 158 | aaa_76_27 | 1.5695294819972547 × 10^332 |
| 157 | aaa_76_26 | 3.404890008398003 × 10^332 |
| 156 | aaa_76_25 | 6.51883007702843 × 10^332 |
| 155 | ov_155 | 1.7844604515103633 × 10^333 |
| 154 | ov_154 | 3.608476901972552 × 10^333 |
| 153 | ov_153 | 6.376124347538424 × 10^333 |
| 152 | ov_152 | 1.0381053058560608 × 10^334 |
| 151 | ov_151 | 1.5958393177216388 × 10^334 |
| 150 | ov_150 | 2.348479713874278 × 10^334 |
| 149 | ov_149 | 3.337851408951332 × 10^334 |
| 148 | ov_148 | 4.6099511269500376 × 10^334 |
| 147 | ov_147 | 6.19092287117938 × 10^334 |
| 146 | ov_146 | 8.109027564165966 × 10^334 |
| 145 | ov_145 | 1.0394665345173619 × 10^335 |
| 144 | ov_144 | 1.308040554342936 × 10^335 |
| 143 | ov_143 | 1.6201025959547724 × 10^335 |
| 142 | ov_142 | 1.9793563249655405 × 10^335 |
| 141 | ov_141 | 2.389737636928931 × 10^335 |
| 140 | ov_140 | 2.8554224922309515 × 10^335 |
| 139 | ov_139 | 3.3850123457433085 × 10^335 |
| 138 | ov_138 | 3.9876189509501915 × 10^335 |
| 137 | ov_137 | 4.672888717198734 × 10^335 |
| 136 | ov_136 | 5.45103100376127 × 10^335 |
| 135 | ov_135 | 6.332850647545283 × 10^335 |
| 134 | ov_134 | 7.329785039385444 × 10^335 |
| 133 | ov_133 | 8.453946082576126 × 10^335 |
| 132 | ov_132 | 9.718167432146682 × 10^335 |
| 131 | ov_131 | 1.1136057572467413 × 10^336 |
| 130 | ov_130 | 1.1136066409230536 × 10^336 |
| 129 | ov_129 | 1.1136102839545698 × 10^336 |
| 128 | aaa_77_29 | 1.8684537514189426 × 10^336 |
| 127 | aaa_77_28 | 6.13931174304394 × 10^336 |
| 126 | ov_126 | 2.1900790710740416 × 10^337 |
| 125 | ov_125 | 5.613746224193524 × 10^337 |
| 124 | ov_124 | 1.2175586327435905 × 10^338 |
| 123 | ov_123 | 2.3585786364130913 × 10^338 |
| 122 | ov_122 | 4.1974079516190447 × 10^338 |
| 121 | ov_121 | 6.988978520067238 × 10^338 |
| 120 | ov_120 | 1.1030191045600826 × 10^339 |
| 119 | ov_119 | 1.6659937051243857 × 10^339 |
| 118 | ov_118 | 2.425914154950512 × 10^339 |
| 117 | ov_117 | 3.42508382264747 × 10^339 |
| 116 | ov_116 | 4.710029234187065 × 10^339 |
| 115 | ov_115 | 6.30719804680901 × 10^339 |
| 114 | ov_114 | 8.271628648222629 × 10^339 |
| 113 | ov_113 | 1.0662668259393421 × 10^340 |
| 112 | ov_112 | 1.3544026146151381 × 10^340 |
| 111 | ov_111 | 1.698384417996097 × 10^340 |
| 110 | ov_110 | 2.1054788020620623 × 10^340 |
| 109 | ov_109 | 2.583416178599988 × 10^340 |
| 108 | ov_108 | 3.1364221050758793 × 10^340 |
| 107 | ov_107 | 3.7689741163192035 × 10^340 |
| 106 | ov_106 | 4.490290037313386 × 10^340 |
| 105 | ov_105 | 5.3101257234591036 × 10^340 |
| 104 | ov_104 | 6.2388019901315064 × 10^340 |
| 103 | ov_103 | 7.287235479796813 × 10^340 |
| 102 | ov_102 | 8.466973833103351 × 10^340 |
| 101 | ov_101 | 9.790235677754546 × 10^340 |
| 100 | ov_100 | 1.1269956104792914 × 10^341 |
| 99 | ov_099 | 1.2919838383157754 × 10^341 |
| 98 | ov_098 | 1.291984720135419 × 10^341 |
| 97 | ov_097 | 1.2919883625287423 × 10^341 |
| 96 | aaa_78_29 | 1.3512554551692757 × 10^341 |
| 95 | aaa_78_28 | 3.6013830138075547 × 10^341 |
| 94 | ov_094 | 1.1272684723528096 × 10^342 |
| 93 | ov_093 | 2.5311645653867134 × 10^342 |
| 92 | ov_092 | 4.81809999783257 × 10^342 |
| 91 | ov_091 | 8.234350874931766 × 10^342 |
| 90 | ov_090 | 1.3026203547125435 × 10^343 |
| 89 | ov_089 | 1.943997428095933 × 10^343 |
| 88 | ov_088 | 2.772205125328487 × 10^343 |
| 87 | ov_087 | 3.811897251053167 × 10^343 |
| 86 | ov_086 | 5.087755569728971 × 10^343 |
| 85 | ov_085 | 6.624509619400659 × 10^343 |
| 64 | lv_79_m31 | 7.961880565902033 × 10^343 |
| 84 | ov_084 | 8.446965044608561 × 10^343 |
| 83 | ov_083 | 1.0580042126837398 × 10^344 |
| 82 | ov_082 | 1.304882619134038 × 10^344 |
| 81 | ov_081 | 1.5878631570164 × 10^344 |
| 80 | ov_080 | 1.909508080304677 × 10^344 |
| 79 | ov_079 | 2.2724200761024775 × 10^344 |
| 78 | ov_078 | 2.6792534950584106 × 10^344 |
| 77 | ov_077 | 3.1327271263984376 × 10^344 |
| 76 | ov_076 | 3.635638931690507 × 10^344 |
| 63 | ov_063 | 4.0499725859573693 × 10^344 |
| 75 | ov_075 | 4.190883153051037 × 10^344 |
| 74 | ov_074 | 4.801469970458129 × 10^344 |
| 73 | ov_073 | 5.470547885687935 × 10^344 |
| 72 | ov_072 | 6.201429014062736 × 10^344 |
| 71 | ov_071 | 6.997617071534584 × 10^344 |
| 70 | ov_070 | 7.862837427718365 × 10^344 |
| 69 | ov_069 | 8.801069398815857 × 10^344 |
| 68 | ov_068 | 9.816581807492289 × 10^344 |
| 67 | ov_067 | 1.0913972447839394 × 10^345 |
| 66 | ov_066 | 1.0914077291188351 × 10^345 |
| 65 | ov_065 | 1.0914404951721632 × 10^345 |
| 62 | ov_062 | 2.059900376668415 × 10^345 |
| 61 | ov_061 | 7.449447890902708 × 10^345 |
| 60 | ov_060 | 2.116211750160041 × 10^346 |
| 59 | ov_059 | 5.06974495786134 × 10^346 |
| 58 | ov_058 | 1.0689688003514042 × 10^347 |
| 57 | ov_057 | 2.0405374469819654 × 10^347 |
| 56 | ov_056 | 3.599141543633455 × 10^347 |
| 55 | ov_055 | 5.956792817212223 × 10^347 |
| 54 | ov_054 | 9.360102840919702 × 10^347 |
| 53 | ov_053 | 1.409037466374511 × 10^348 |
| 52 | ov_052 | 2.0463755408626013 × 10^348 |
| 51 | ov_051 | 2.8831469379245927 × 10^348 |
| 50 | ov_050 | 3.9580151381455405 × 10^348 |
| 49 | ov_049 | 5.313229996734844 × 10^348 |
| 48 | ov_048 | 6.994687031453394 × 10^348 |
| 32 | lv_80_m31 | 8.852677472824771 × 10^348 |
| 47 | ov_047 | 9.052002646323146 × 10^348 |
| 46 | ov_046 | 1.1538607265303093 × 10^349 |
| 45 | ov_045 | 1.4511858353357495 × 10^349 |
| 44 | ov_044 | 1.8033175307519945 × 10^349 |
| 43 | ov_043 | 2.213645473659597 × 10^349 |
| 42 | ov_042 | 2.6857845410015374 × 10^349 |
| 41 | ov_041 | 3.223586172843799 × 10^349 |
| 40 | ov_040 | 3.835002706804612 × 10^349 |
| 39 | ov_039 | 4.5284999413931145 × 10^349 |
| 31 | ov_031 | 4.5372244440373225 × 10^349 |
| 38 | ov_038 | 5.3130879857420854 × 10^349 |
| 37 | ov_037 | 6.1983557340728225 × 10^349 |
| 36 | ov_036 | 7.19450918596563 × 10^349 |
| 35 | ov_035 | 8.31241384058164 × 10^349 |
| 34 | ov_034 | 9.563641401528439 × 10^349 |
| 33 | ov_033 | 1.0954552521312812 × 10^350 |
| 30 | ov_030 | 2.3251416259690905 × 10^350 |
| 29 | ov_029 | 8.467511307154856 × 10^350 |
| 28 | ov_028 | 2.4218703763261804 × 10^351 |
| 27 | ov_027 | 5.839416947415066 × 10^351 |
| 26 | ov_026 | 1.2382933895043639 × 10^352 |
| 25 | ov_025 | 2.3751874269731664 × 10^352 |
| 24 | ov_024 | 4.206161255477543 × 10^352 |
| 23 | ov_023 | 6.984347987097544 × 10^352 |
| 22 | ov_022 | 1.1004485251884208 × 10^353 |
| 21 | ov_021 | 1.6602934337086014 × 10^353 |
| 20 | ov_020 | 2.4157717002052696 × 10^353 |
| 19 | ov_019 | 3.408858003401045 × 10^353 |
| 18 | ov_018 | 4.6857100361001076 × 10^353 |
| 17 | ov_017 | 6.296684630181776 × 10^353 |
| 16 | ov_016 | 8.296361329947693 × 10^353 |
| 15 | ov_015 | 1.0743575525745369 × 10^354 |
| 14 | ov_014 | 1.3701463538074652 × 10^354 |
| 13 | ov_013 | 1.7237522322249637 × 10^354 |
| 12 | ov_012 | 2.1423686745859745 × 10^354 |
| 11 | ov_011 | 2.633642767663055 × 10^354 |
| 10 | ov_010 | 3.205687440786589 × 10^354 |
| 9 | ov_009 | 3.862921905154184 × 10^354 |
| 8 | ov_008 | 4.610019967948211 × 10^354 |
| 7 | ov_007 | 5.456595794186521 × 10^354 |
| 6 | ov_006 | 6.412810769625588 × 10^354 |
| 5 | ov_005 | 7.48940406975218 × 10^354 |
| 4 | ov_004 | 8.697728033738576 × 10^354 |
| 3 | ov_003 | 1.004978868077376 × 10^355 |
| 2 | ov_002 | 1.1558291843693708 × 10^355 |
| 1 | ov_001 | 1.3236695541073653 × 10^355 |

