# Results for F001-F002-F003-F004-F005-F006-F007-F008-F009-F010-F011-F012-F013-F014-F015-F016-F017-F018-F019-F020-F021-F022-F023-F024-F025-F026-F027-F028-F029-F030-F031-F032-F033-F034-F035-F036-F037-F038-F039-F040-F041-F042-F043-F044-F045-F046-F047-F048-F049-F050-F051-F052-F053-F054-F055-F056-F057-F058-F059-F060-F061-F062-F063-F064-F065-F066-F067-F068-F069-F070-F071-F072-F073-F074-F075-F076-F077-F078-F079-F080-F081-F082-F083-F084-F085-F086-F087-F088-F089-F090-F091-F092-F093-F094-F095-F096-F097-F098-F099-F100-F101-F102-F103-F104-F105-F106-F107-F108-F109-F110-F111-F112-F113-F114-F115-F116-F117-F118-F119-F120-F121-F122-F123-F124-F125-F126-F127-F128-F129-F130-F131-F132-F133-F134-F135-F136-F137-F138-F139-F140-F141-F142-F143-F144-F145-F146-F147-F148-F149-F150-F151-F152-F153-F154-F155-F156-F157-F158-F159-F160-F161-F162-F163-F164-F165-F166-F167-F168-F169-F170-F171-F172-F173-F174-F175-F176-F177-F178-F179-F180-F181-F182-F183-F184-F185-F186-F187-F188-F189-F190-F191-F192-F193-F194-F195-F196-F197-F198-F199-F200-F201-F202-F203-F204-F205-F206-F207-F208-F209-F210-F211-F212-F213-F214-F215-F216-F217-F218-F219-F220-F221-F222-F223-F224-F225-F226-F227-F228-F229-F230-F231-F232-F233-F234-F235-F236-F237-F238-F239-F240-F241-F242-F243-F244-F245-F246-F247-F248-F249-F250-F251-F252-F253-F254-F255-F256-F257-F258-F259-F260-F261-F262-F263-F264-F265-F266-F267-F268-F269-F270-F271-F272-F273-F274-F275-F276-F277-F278-F279-F280-F281-F282-F283-F284-F285-F286-F287-F288-F289-F290-F291-F292-F293-F294-F295-F296-F297-F298-F299-F300-F301-F302-F303-F304-F305-F306-F307-F308-F309-F310-F311-F312-F313-F314-F315-F316-F317-F318-F319-F320-F321-F322-F323-F324-F325-F326-F327-F328-F329-F330-F331-F332-F333-F334-F335-F336-F337-F338-F339-F340-F341-F342-F343-F344-F345-F346-F347-F348-F349-F350-F351-F352-F353-F354-F355-F356-F357-F358-F359-F360-F361-F362-F363-F364-F365-F366-F367-F368-F369-F370-F371-F372-F373-F374-F375-F376-F377-F378-F379-F380-F381-F382-F383-F384-F385-F386-F387-F388-F389-F390-F391-F392-F393-F394-F395-F396-F397-F398-F399-F400-F401-F402-F403-F404-F405-F406-F407-F408-F409-F410-F411-F412-F413-F414-F415-F416-F417-F418-F419-F420-F421-F422-F423-F424-F425-F426-F427-F428-F429-F430-F431-F432-F433-F434-F435-F436-F437-F438-F439-F440-F441-F442-F443-F444-F445-F446-F447-F448-F449-F450-F451-F452-F453-F454-F455-F456-F457-F458-F459-F460-F461-F462-F463-F464-F465-F466-F467-F468-F469-F470-F471-F472-F473-F474-F475-F476-F477-F478-F479-F480-F481-F482-F483-F484-F485-F486-F487-F488-F489-F490-F491-F492-F493-F494-F495-F496-E500511-E507512-T510

## Summary

Number of input bits: 512  
Number of free input bits: 13  
Number of output bits: 160

Number of direct occurrences: 54404  
Number of assignments: 32480  
Number of operations: 12179883
(xor: 12149887,
and: 16224,
or: 13772)

Total complexity: 1.2255429265747392 × 10^310

Least occurring input variable: iv_506 (3978)  
Most occurring input variable: iv_507 (4470)

Most co-occurring input variables: iv_501-iv_507 (2117)  
Least co-occurring input variables: iv_505-iv_506 (1809)

Potentially most occurring input variable: iv_497/iv_507 (4722)  
Potentially least occurring input variable: iv_498/iv_506 (4215)

Least output occurring input variable: iv_500 (72)  
Most output occurring input variable: iv_503 (95)

Most output co-occurring input variables: iv_503-iv_509 (57)  
Least output co-occurring input variables: iv_504-iv_507 (31)

Potentially most output occurring input variable: iv_497/iv_505 (94)  
Potentially least output occurring input variable: iv_500/iv_508 (63)

Least complex input bit: iv_497 (1.3593514754010505 × 10^307)  
Most complex input bit: iv_509 (3.1872770587100605 × 10^309)

Least complex output bit: aaa_76_29 (2.5369662183770364 × 10^284)  
Most complex output bit: ov_001 (1.9067444886250208 × 10^309)

Least complex input/output complexity: iv_497/aaa_76_29 (2.813959998636683 × 10^281)  
Most complex input/output complexity: iv_509/ov_001 (4.9588821685763675 × 10^308)

## Input Bits

### Input Bits in Regular Order

| Input Bit | Complexity | Occurrences | Output Occurrences |
|:---------:|:----------:|:-----------:|:------------------:|
| iv_497 | 1.3593514754010505 × 10^307 | 4180 | 81 |
| iv_498 | 2.7425992406475536 × 10^307 | 4037 | 77 |
| iv_499 | 4.8838615253269695 × 10^307 | 4174 | 84 |
| iv_500 | 5.209561391068863 × 10^308 | 4353 | 72 |
| iv_501 | 1.4105838162106963 × 10^308 | 4259 | 82 |
| iv_502 | 2.292617804451807 × 10^308 | 4183 | 85 |
| iv_503 | 3.6170385214083353 × 10^308 | 4242 | 95 |
| iv_504 | 5.5717817742920185 × 10^308 | 4134 | 78 |
| iv_505 | 8.419084101949346 × 10^308 | 4047 | 77 |
| iv_506 | 1.2506862926510552 × 10^309 | 3978 | 81 |
| iv_507 | 2.482798809533567 × 10^309 | 4470 | 78 |
| iv_508 | 2.5927422415008532 × 10^309 | 4142 | 79 |
| iv_509 | 3.1872770587100605 × 10^309 | 4205 | 94 |

### Input Bits Sorted by Complexity

| Input Bit | Complexity | Occurrences | Output Occurrences |
|:---------:|:----------:|:-----------:|:------------------:|
| iv_497 | 1.3593514754010505 × 10^307 | 4180 | 81 |
| iv_498 | 2.7425992406475536 × 10^307 | 4037 | 77 |
| iv_499 | 4.8838615253269695 × 10^307 | 4174 | 84 |
| iv_501 | 1.4105838162106963 × 10^308 | 4259 | 82 |
| iv_502 | 2.292617804451807 × 10^308 | 4183 | 85 |
| iv_503 | 3.6170385214083353 × 10^308 | 4242 | 95 |
| iv_500 | 5.209561391068863 × 10^308 | 4353 | 72 |
| iv_504 | 5.5717817742920185 × 10^308 | 4134 | 78 |
| iv_505 | 8.419084101949346 × 10^308 | 4047 | 77 |
| iv_506 | 1.2506862926510552 × 10^309 | 3978 | 81 |
| iv_507 | 2.482798809533567 × 10^309 | 4470 | 78 |
| iv_508 | 2.5927422415008532 × 10^309 | 4142 | 79 |
| iv_509 | 3.1872770587100605 × 10^309 | 4205 | 94 |

### Input Bits Sorted by Occurrences

| Input Bit | Complexity | Occurrences | Output Occurrences |
|:---------:|:----------:|:-----------:|:------------------:|
| iv_506 | 1.2506862926510552 × 10^309 | 3978 | 81 |
| iv_498 | 2.7425992406475536 × 10^307 | 4037 | 77 |
| iv_505 | 8.419084101949346 × 10^308 | 4047 | 77 |
| iv_504 | 5.5717817742920185 × 10^308 | 4134 | 78 |
| iv_508 | 2.5927422415008532 × 10^309 | 4142 | 79 |
| iv_499 | 4.8838615253269695 × 10^307 | 4174 | 84 |
| iv_497 | 1.3593514754010505 × 10^307 | 4180 | 81 |
| iv_502 | 2.292617804451807 × 10^308 | 4183 | 85 |
| iv_509 | 3.1872770587100605 × 10^309 | 4205 | 94 |
| iv_503 | 3.6170385214083353 × 10^308 | 4242 | 95 |
| iv_501 | 1.4105838162106963 × 10^308 | 4259 | 82 |
| iv_500 | 5.209561391068863 × 10^308 | 4353 | 72 |
| iv_507 | 2.482798809533567 × 10^309 | 4470 | 78 |

### Input Bits Sorted by Output Occurrences

| Input Bit | Complexity | Occurrences | Output Occurrences |
|:---------:|:----------:|:-----------:|:------------------:|
| iv_500 | 5.209561391068863 × 10^308 | 4353 | 72 |
| iv_498 | 2.7425992406475536 × 10^307 | 4037 | 77 |
| iv_505 | 8.419084101949346 × 10^308 | 4047 | 77 |
| iv_504 | 5.5717817742920185 × 10^308 | 4134 | 78 |
| iv_507 | 2.482798809533567 × 10^309 | 4470 | 78 |
| iv_508 | 2.5927422415008532 × 10^309 | 4142 | 79 |
| iv_497 | 1.3593514754010505 × 10^307 | 4180 | 81 |
| iv_506 | 1.2506862926510552 × 10^309 | 3978 | 81 |
| iv_501 | 1.4105838162106963 × 10^308 | 4259 | 82 |
| iv_499 | 4.8838615253269695 × 10^307 | 4174 | 84 |
| iv_502 | 2.292617804451807 × 10^308 | 4183 | 85 |
| iv_509 | 3.1872770587100605 × 10^309 | 4205 | 94 |
| iv_503 | 3.6170385214083353 × 10^308 | 4242 | 95 |

## Input Bit Co-occurrences

### Input Bit Co-occurrences Sorted by Co-occurrences

| Input Bits | Co-occurrences | Potential Occurrences | Output Co-occurrences | Potential Output Occurrences |
|:----------:|:--------------:|:---------------------:|:---------------------:|:----------------------------:|
| iv_501-iv_507 | 2117 | 4495 | 38 | 84 |
| iv_501-iv_503 | 2100 | 4301 | 50 | 77 |
| iv_501-iv_502 | 2098 | 4246 | 50 | 67 |
| iv_502-iv_507 | 2091 | 4471 | 42 | 79 |
| iv_501-iv_504 | 2075 | 4243 | 40 | 80 |
| iv_497-iv_501 | 2066 | 4307 | 40 | 83 |
| iv_500-iv_507 | 2060 | 4703 | 37 | 76 |
| iv_499-iv_507 | 2054 | 4536 | 45 | 72 |
| iv_500-iv_501 | 2052 | 4508 | 39 | 76 |
| iv_500-iv_509 | 2046 | 4466 | 44 | 78 |
| iv_502-iv_503 | 2042 | 4341 | 51 | 78 |
| iv_499-iv_500 | 2039 | 4449 | 41 | 74 |
| iv_497-iv_503 | 2036 | 4350 | 47 | 82 |

### Input Bit Co-occurrences Sorted by Potential Occurrences

| Input Bits | Co-occurrences | Potential Occurrences | Output Co-occurrences | Potential Output Occurrences |
|:----------:|:--------------:|:---------------------:|:---------------------:|:----------------------------:|
| iv_498-iv_506 | 1900 | 4215 | 39 | 80 |
| iv_501-iv_504 | 2075 | 4243 | 40 | 80 |
| iv_501-iv_502 | 2098 | 4246 | 50 | 67 |
| iv_504-iv_505 | 1961 | 4259 | 37 | 81 |
| iv_499-iv_504 | 2022 | 4264 | 40 | 82 |
| iv_501-iv_505 | 2017 | 4272 | 39 | 81 |
| iv_499-iv_508 | 2015 | 4286 | 41 | 81 |
| iv_502-iv_505 | 1970 | 4290 | 38 | 86 |
| iv_501-iv_503 | 2100 | 4301 | 50 | 77 |
| iv_504-iv_506 | 1905 | 4302 | 45 | 69 |
| iv_497-iv_501 | 2066 | 4307 | 40 | 83 |
| iv_506-iv_509 | 1937 | 4309 | 46 | 83 |
| iv_498-iv_504 | 1931 | 4309 | 41 | 73 |

### Input Bit Output Co-occurrences Sorted by Output Co-occurrences

| Input Bits | Co-occurrences | Potential Occurrences | Output Co-occurrences | Potential Output Occurrences |
|:----------:|:--------------:|:---------------------:|:---------------------:|:----------------------------:|
| iv_503-iv_509 | 1988 | 4471 | 57 | 75 |
| iv_499-iv_503 | 2009 | 4398 | 52 | 75 |
| iv_502-iv_503 | 2042 | 4341 | 51 | 78 |
| iv_501-iv_502 | 2098 | 4246 | 50 | 67 |
| iv_501-iv_503 | 2100 | 4301 | 50 | 77 |
| iv_503-iv_508 | 1999 | 4386 | 50 | 74 |
| iv_500-iv_503 | 1981 | 4633 | 49 | 69 |
| iv_503-iv_505 | 1978 | 4333 | 49 | 74 |
| iv_497-iv_509 | 2017 | 4351 | 49 | 77 |
| iv_503-iv_507 | 2012 | 4688 | 48 | 77 |
| iv_499-iv_501 | 2004 | 4425 | 47 | 72 |
| iv_497-iv_503 | 2036 | 4350 | 47 | 82 |
| iv_498-iv_503 | 1978 | 4323 | 47 | 78 |

### Input Bit Output Co-occurrences Sorted by Potential Output Occurrences

| Input Bits | Co-occurrences | Potential Occurrences | Output Co-occurrences | Potential Output Occurrences |
|:----------:|:--------------:|:---------------------:|:---------------------:|:----------------------------:|
| iv_500-iv_508 | 2027 | 4441 | 44 | 63 |
| iv_501-iv_502 | 2098 | 4246 | 50 | 67 |
| iv_500-iv_505 | 1913 | 4574 | 41 | 67 |
| iv_500-iv_503 | 1981 | 4633 | 49 | 69 |
| iv_504-iv_506 | 1905 | 4302 | 45 | 69 |
| iv_498-iv_507 | 1925 | 4657 | 43 | 69 |
| iv_499-iv_501 | 2004 | 4425 | 47 | 72 |
| iv_499-iv_507 | 2054 | 4536 | 45 | 72 |
| iv_505-iv_508 | 1867 | 4455 | 42 | 72 |
| iv_498-iv_504 | 1931 | 4309 | 41 | 73 |
| iv_507-iv_508 | 1981 | 4650 | 42 | 73 |
| iv_497-iv_502 | 1984 | 4395 | 46 | 74 |
| iv_499-iv_500 | 2039 | 4449 | 41 | 74 |

## Output Bits

### Output Bits in Regular Order

| Rank | Output Bit | Complexity |
|:----:|:----------:|:----------:|
| 1 | ov_001 | 1.9067444886250208 × 10^309 |
| 2 | ov_002 | 1.6601962200135 × 10^309 |
| 3 | ov_003 | 1.43878162238043 × 10^309 |
| 4 | ov_004 | 1.2406163039952612 × 10^309 |
| 5 | ov_005 | 1.0639195224168313 × 10^309 |
| 6 | ov_006 | 9.070068611009937 × 10^308 |
| 7 | ov_007 | 7.682838333808047 × 10^308 |
| 8 | ov_008 | 6.46240340360915 × 10^308 |
| 9 | ov_009 | 5.3944591407100345 × 10^308 |
| 10 | ov_010 | 4.465456712992046 × 10^308 |
| 11 | ov_011 | 3.6625690272976203 × 10^308 |
| 12 | ov_012 | 2.9736622636704166 × 10^308 |
| 13 | ov_013 | 2.387272384900674 × 10^308 |
| 14 | ov_014 | 1.8925859956824215 × 10^308 |
| 15 | ov_015 | 1.4794249669715636 × 10^308 |
| 16 | ov_016 | 1.1382342819769227 × 10^308 |
| 17 | ov_017 | 8.600726007374557 × 10^307 |
| 18 | ov_018 | 6.366050805317585 × 10^307 |
| 19 | ov_019 | 4.6009802950333217 × 10^307 |
| 20 | ov_020 | 3.234150109212102 × 10^307 |
| 21 | ov_021 | 2.2001407189062394 × 10^307 |
| 22 | ov_022 | 1.4394584310816036 × 10^307 |
| 23 | ov_023 | 8.985229617150216 × 10^306 |
| 24 | ov_024 | 5.29659609557794 × 10^306 |
| 25 | ov_025 | 2.9109453374637126 × 10^306 |
| 26 | ov_026 | 1.469521646833276 × 10^306 |
| 27 | ov_027 | 6.725398456993644 × 10^305 |
| 28 | ov_028 | 2.791804601511994 × 10^305 |
| 29 | ov_029 | 1.0758816900980784 × 10^305 |
| 30 | ov_030 | 3.289428147569669 × 10^304 |
| 31 | ov_031 | 6.416809797082367 × 10^303 |
| 32 | lv_80_m31 | 1.2515226784948436 × 10^303 |
| 33 | ov_033 | 1.5142353407864023 × 10^304 |
| 34 | ov_034 | 1.316521868506659 × 10^304 |
| 35 | ov_035 | 1.1392539954168577 × 10^304 |
| 36 | ov_036 | 9.808374000504559 × 10^303 |
| 37 | ov_037 | 8.39765491772962 × 10^303 |
| 38 | ov_038 | 7.14613223914991 × 10^303 |
| 39 | ov_039 | 6.040317012767673 × 10^303 |
| 40 | ov_040 | 5.067435100423202 × 10^303 |
| 41 | ov_041 | 4.2153870190273576 × 10^303 |
| 42 | ov_042 | 3.4727136782403295 × 10^303 |
| 43 | ov_043 | 2.8338416972003433 × 10^303 |
| 44 | ov_044 | 2.2885105530569178 × 10^303 |
| 45 | ov_045 | 1.8270267768919514 × 10^303 |
| 46 | ov_046 | 1.4402475172817717 × 10^303 |
| 47 | ov_047 | 1.1195672893757881 × 10^303 |
| 48 | ov_048 | 8.569074674472005 × 10^302 |
| 49 | ov_049 | 6.4470811167981085 × 10^302 |
| 50 | ov_050 | 4.75921752659669 × 10^302 |
| 51 | ov_051 | 3.440087896758423 × 10^302 |
| 52 | ov_052 | 2.4293419152297326 × 10^302 |
| 53 | ov_053 | 1.6716522105378684 × 10^302 |
| 54 | ov_054 | 1.116699372628152 × 10^302 |
| 55 | ov_055 | 7.191626120134087 × 10^301 |
| 56 | ov_056 | 4.3871424533827567 × 10^301 |
| 57 | ov_057 | 2.5643820576196026 × 10^301 |
| 58 | ov_058 | 1.4198507344606452 × 10^301 |
| 59 | ov_059 | 6.99928501873791 × 10^300 |
| 60 | ov_060 | 2.9027324674941424 × 10^300 |
| 61 | ov_061 | 1.0147762326999186 × 10^300 |
| 62 | ov_062 | 2.786100581236328 × 10^299 |
| 63 | ov_063 | 5.435347413276177 × 10^298 |
| 64 | lv_79_m31 | 1.0601545925254834 × 10^298 |
| 65 | ov_065 | 1.2816830083542642 × 10^299 |
| 66 | ov_066 | 1.28167949769382 × 10^299 |
| 67 | ov_067 | 1.2816786488593122 × 10^299 |
| 68 | ov_068 | 1.1147380039799417 × 10^299 |
| 69 | ov_069 | 9.648680944955795 × 10^298 |
| 70 | ov_070 | 8.307980959710375 × 10^298 |
| 71 | ov_071 | 7.113251916962156 × 10^298 |
| 72 | ov_072 | 6.053097324288449 × 10^298 |
| 73 | ov_073 | 5.116710660701023 × 10^298 |
| 74 | ov_074 | 4.2938397308963574 × 10^298 |
| 75 | ov_075 | 3.5747564695080573 × 10^298 |
| 76 | ov_076 | 2.950231620840643 × 10^298 |
| 77 | ov_077 | 2.4115137513970064 × 10^298 |
| 78 | ov_078 | 1.9503120834116558 × 10^298 |
| 79 | ov_079 | 1.5587826677472356 × 10^298 |
| 80 | ov_080 | 1.2295174440565054 × 10^298 |
| 81 | ov_081 | 9.555357651873334 × 10^297 |
| 82 | ov_082 | 7.302779915245452 × 10^297 |
| 83 | ov_083 | 5.4760078941081454 × 10^297 |
| 84 | ov_084 | 4.0177379604303223 × 10^297 |
| 85 | ov_085 | 2.8747734135906038 × 10^297 |
| 86 | ov_086 | 1.9980094545709027 × 10^297 |
| 87 | ov_087 | 1.3424233805868895 × 10^297 |
| 88 | ov_088 | 8.670679393341603 × 10^296 |
| 89 | ov_089 | 5.350666104962546 × 10^296 |
| 90 | ov_090 | 3.1361030591886925 × 10^296 |
| 91 | ov_091 | 1.7395520949059693 × 10^296 |
| 92 | ov_092 | 9.142148011864559 × 10^295 |
| 93 | ov_093 | 4.539255496157531 × 10^295 |
| 94 | ov_094 | 1.931482577956202 × 10^295 |
| 95 | aaa_78_28 | 5.927203626851965 × 10^294 |
| 96 | aaa_78_29 | 1.802484135752474 × 10^294 |
| 97 | ov_097 | 9.968616516549943 × 10^293 |
| 98 | ov_098 | 9.968570162597542 × 10^293 |
| 99 | ov_099 | 9.968555337922734 × 10^293 |
| 100 | ov_100 | 8.594521781658632 × 10^293 |
| 101 | ov_101 | 7.368380010473974 × 10^293 |
| 102 | ov_102 | 6.2786511959191974 × 10^293 |
| 103 | ov_103 | 5.314494275212308 × 10^293 |
| 104 | ov_104 | 4.4656597673458105 × 10^293 |
| 105 | ov_105 | 3.7224493901563525 × 10^293 |
| 106 | ov_106 | 3.075680961841846 × 10^293 |
| 107 | ov_107 | 2.5166580977060876 × 10^293 |
| 108 | ov_108 | 2.0371442391477266 × 10^293 |
| 109 | ov_109 | 1.62934057727788 × 10^293 |
| 110 | ov_110 | 1.2858674582137519 × 10^293 |
| 111 | ov_111 | 9.997488811973356 × 10^292 |
| 112 | ov_112 | 7.643997243513628 × 10^292 |
| 113 | ov_113 | 5.736153562124335 × 10^292 |
| 114 | ov_114 | 4.215633142595102 × 10^292 |
| 115 | ov_115 | 3.027767545543745 × 10^292 |
| 116 | ov_116 | 2.1214939938429923 × 10^292 |
| 117 | ov_117 | 1.4493173248814485 × 10^292 |
| 118 | ov_118 | 9.67282140859696 × 10^291 |
| 119 | ov_119 | 6.349531054019936 × 10^291 |
| 120 | ov_120 | 4.1540156067274456 × 10^291 |
| 121 | ov_121 | 2.751968650079937 × 10^291 |
| 122 | ov_122 | 1.844010768503888 × 10^291 |
| 123 | ov_123 | 1.1656583653319587 × 10^291 |
| 124 | ov_124 | 6.820426029473593 × 10^290 |
| 125 | ov_125 | 3.5829870173310276 × 10^290 |
| 126 | ov_126 | 1.5956327239284096 × 10^290 |
| 127 | aaa_77_28 | 5.097329037492825 × 10^289 |
| 128 | aaa_77_29 | 1.9121569183204326 × 10^289 |
| 129 | ov_129 | 1.7947876985272972 × 10^289 |
| 130 | ov_130 | 1.7947827516383647 × 10^289 |
| 131 | ov_131 | 1.7947815537841542 × 10^289 |
| 132 | ov_132 | 1.561362015424032 × 10^289 |
| 133 | ov_133 | 1.3518237704174177 × 10^289 |
| 134 | ov_134 | 1.16437747994625 × 10^289 |
| 135 | ov_135 | 9.973314520996627 × 10^288 |
| 136 | ov_136 | 8.49084704025541 × 10^288 |
| 137 | ov_137 | 7.181209377802593 × 10^288 |
| 138 | ov_138 | 6.030033457127188 × 10^288 |
| 139 | ov_139 | 5.023701656167125 × 10^288 |
| 140 | ov_140 | 4.149309101369995 × 10^288 |
| 141 | ov_141 | 3.394631990484478 × 10^288 |
| 142 | ov_142 | 2.7481012706934535 × 10^288 |
| 143 | ov_143 | 2.1987810384079086 × 10^288 |
| 144 | ov_144 | 1.7363510662175626 × 10^288 |
| 145 | ov_145 | 1.3510929012847497 × 10^288 |
| 146 | ov_146 | 1.0338790179881529 × 10^288 |
| 147 | ov_147 | 7.76164545960762 × 10^287 |
| 148 | ov_148 | 5.699811328868823 × 10^287 |
| 149 | ov_149 | 4.0793253957138706 × 10^287 |
| 150 | ov_150 | 2.831916029004669 × 10^287 |
| 151 | ov_151 | 1.8949824039481375 × 10^287 |
| 152 | ov_152 | 1.2115820812352825 × 10^287 |
| 153 | ov_153 | 7.304237268479236 × 10^286 |
| 154 | ov_154 | 4.05863177711192 × 10^286 |
| 155 | ov_155 | 1.9790149387534868 × 10^286 |
| 156 | aaa_76_25 | 7.218404966688301 × 10^285 |
| 157 | aaa_76_26 | 4.1717875826801703 × 10^285 |
| 158 | aaa_76_27 | 2.137443142301941 × 10^285 |
| 159 | aaa_76_28 | 8.331968513894222 × 10^284 |
| 160 | aaa_76_29 | 2.5369662183770364 × 10^284 |

### Output Bits Sorted by Complexity

| Rank | Output Bit | Complexity |
|:----:|:----------:|:----------:|
| 160 | aaa_76_29 | 2.5369662183770364 × 10^284 |
| 159 | aaa_76_28 | 8.331968513894222 × 10^284 |
| 158 | aaa_76_27 | 2.137443142301941 × 10^285 |
| 157 | aaa_76_26 | 4.1717875826801703 × 10^285 |
| 156 | aaa_76_25 | 7.218404966688301 × 10^285 |
| 155 | ov_155 | 1.9790149387534868 × 10^286 |
| 154 | ov_154 | 4.05863177711192 × 10^286 |
| 153 | ov_153 | 7.304237268479236 × 10^286 |
| 152 | ov_152 | 1.2115820812352825 × 10^287 |
| 151 | ov_151 | 1.8949824039481375 × 10^287 |
| 150 | ov_150 | 2.831916029004669 × 10^287 |
| 149 | ov_149 | 4.0793253957138706 × 10^287 |
| 148 | ov_148 | 5.699811328868823 × 10^287 |
| 147 | ov_147 | 7.76164545960762 × 10^287 |
| 146 | ov_146 | 1.0338790179881529 × 10^288 |
| 145 | ov_145 | 1.3510929012847497 × 10^288 |
| 144 | ov_144 | 1.7363510662175626 × 10^288 |
| 143 | ov_143 | 2.1987810384079086 × 10^288 |
| 142 | ov_142 | 2.7481012706934535 × 10^288 |
| 141 | ov_141 | 3.394631990484478 × 10^288 |
| 140 | ov_140 | 4.149309101369995 × 10^288 |
| 139 | ov_139 | 5.023701656167125 × 10^288 |
| 138 | ov_138 | 6.030033457127188 × 10^288 |
| 137 | ov_137 | 7.181209377802593 × 10^288 |
| 136 | ov_136 | 8.49084704025541 × 10^288 |
| 135 | ov_135 | 9.973314520996627 × 10^288 |
| 134 | ov_134 | 1.16437747994625 × 10^289 |
| 133 | ov_133 | 1.3518237704174177 × 10^289 |
| 132 | ov_132 | 1.561362015424032 × 10^289 |
| 131 | ov_131 | 1.7947815537841542 × 10^289 |
| 130 | ov_130 | 1.7947827516383647 × 10^289 |
| 129 | ov_129 | 1.7947876985272972 × 10^289 |
| 128 | aaa_77_29 | 1.9121569183204326 × 10^289 |
| 127 | aaa_77_28 | 5.097329037492825 × 10^289 |
| 126 | ov_126 | 1.5956327239284096 × 10^290 |
| 125 | ov_125 | 3.5829870173310276 × 10^290 |
| 124 | ov_124 | 6.820426029473593 × 10^290 |
| 123 | ov_123 | 1.1656583653319587 × 10^291 |
| 122 | ov_122 | 1.844010768503888 × 10^291 |
| 121 | ov_121 | 2.751968650079937 × 10^291 |
| 120 | ov_120 | 4.1540156067274456 × 10^291 |
| 119 | ov_119 | 6.349531054019936 × 10^291 |
| 118 | ov_118 | 9.67282140859696 × 10^291 |
| 117 | ov_117 | 1.4493173248814485 × 10^292 |
| 116 | ov_116 | 2.1214939938429923 × 10^292 |
| 115 | ov_115 | 3.027767545543745 × 10^292 |
| 114 | ov_114 | 4.215633142595102 × 10^292 |
| 113 | ov_113 | 5.736153562124335 × 10^292 |
| 112 | ov_112 | 7.643997243513628 × 10^292 |
| 111 | ov_111 | 9.997488811973356 × 10^292 |
| 110 | ov_110 | 1.2858674582137519 × 10^293 |
| 109 | ov_109 | 1.62934057727788 × 10^293 |
| 108 | ov_108 | 2.0371442391477266 × 10^293 |
| 107 | ov_107 | 2.5166580977060876 × 10^293 |
| 106 | ov_106 | 3.075680961841846 × 10^293 |
| 105 | ov_105 | 3.7224493901563525 × 10^293 |
| 104 | ov_104 | 4.4656597673458105 × 10^293 |
| 103 | ov_103 | 5.314494275212308 × 10^293 |
| 102 | ov_102 | 6.2786511959191974 × 10^293 |
| 101 | ov_101 | 7.368380010473974 × 10^293 |
| 100 | ov_100 | 8.594521781658632 × 10^293 |
| 99 | ov_099 | 9.968555337922734 × 10^293 |
| 98 | ov_098 | 9.968570162597542 × 10^293 |
| 97 | ov_097 | 9.968616516549943 × 10^293 |
| 96 | aaa_78_29 | 1.802484135752474 × 10^294 |
| 95 | aaa_78_28 | 5.927203626851965 × 10^294 |
| 94 | ov_094 | 1.931482577956202 × 10^295 |
| 93 | ov_093 | 4.539255496157531 × 10^295 |
| 92 | ov_092 | 9.142148011864559 × 10^295 |
| 91 | ov_091 | 1.7395520949059693 × 10^296 |
| 90 | ov_090 | 3.1361030591886925 × 10^296 |
| 89 | ov_089 | 5.350666104962546 × 10^296 |
| 88 | ov_088 | 8.670679393341603 × 10^296 |
| 87 | ov_087 | 1.3424233805868895 × 10^297 |
| 86 | ov_086 | 1.9980094545709027 × 10^297 |
| 85 | ov_085 | 2.8747734135906038 × 10^297 |
| 84 | ov_084 | 4.0177379604303223 × 10^297 |
| 83 | ov_083 | 5.4760078941081454 × 10^297 |
| 82 | ov_082 | 7.302779915245452 × 10^297 |
| 81 | ov_081 | 9.555357651873334 × 10^297 |
| 64 | lv_79_m31 | 1.0601545925254834 × 10^298 |
| 80 | ov_080 | 1.2295174440565054 × 10^298 |
| 79 | ov_079 | 1.5587826677472356 × 10^298 |
| 78 | ov_078 | 1.9503120834116558 × 10^298 |
| 77 | ov_077 | 2.4115137513970064 × 10^298 |
| 76 | ov_076 | 2.950231620840643 × 10^298 |
| 75 | ov_075 | 3.5747564695080573 × 10^298 |
| 74 | ov_074 | 4.2938397308963574 × 10^298 |
| 73 | ov_073 | 5.116710660701023 × 10^298 |
| 63 | ov_063 | 5.435347413276177 × 10^298 |
| 72 | ov_072 | 6.053097324288449 × 10^298 |
| 71 | ov_071 | 7.113251916962156 × 10^298 |
| 70 | ov_070 | 8.307980959710375 × 10^298 |
| 69 | ov_069 | 9.648680944955795 × 10^298 |
| 68 | ov_068 | 1.1147380039799417 × 10^299 |
| 67 | ov_067 | 1.2816786488593122 × 10^299 |
| 66 | ov_066 | 1.28167949769382 × 10^299 |
| 65 | ov_065 | 1.2816830083542642 × 10^299 |
| 62 | ov_062 | 2.786100581236328 × 10^299 |
| 61 | ov_061 | 1.0147762326999186 × 10^300 |
| 60 | ov_060 | 2.9027324674941424 × 10^300 |
| 59 | ov_059 | 6.99928501873791 × 10^300 |
| 58 | ov_058 | 1.4198507344606452 × 10^301 |
| 57 | ov_057 | 2.5643820576196026 × 10^301 |
| 56 | ov_056 | 4.3871424533827567 × 10^301 |
| 55 | ov_055 | 7.191626120134087 × 10^301 |
| 54 | ov_054 | 1.116699372628152 × 10^302 |
| 53 | ov_053 | 1.6716522105378684 × 10^302 |
| 52 | ov_052 | 2.4293419152297326 × 10^302 |
| 51 | ov_051 | 3.440087896758423 × 10^302 |
| 50 | ov_050 | 4.75921752659669 × 10^302 |
| 49 | ov_049 | 6.4470811167981085 × 10^302 |
| 48 | ov_048 | 8.569074674472005 × 10^302 |
| 47 | ov_047 | 1.1195672893757881 × 10^303 |
| 32 | lv_80_m31 | 1.2515226784948436 × 10^303 |
| 46 | ov_046 | 1.4402475172817717 × 10^303 |
| 45 | ov_045 | 1.8270267768919514 × 10^303 |
| 44 | ov_044 | 2.2885105530569178 × 10^303 |
| 43 | ov_043 | 2.8338416972003433 × 10^303 |
| 42 | ov_042 | 3.4727136782403295 × 10^303 |
| 41 | ov_041 | 4.2153870190273576 × 10^303 |
| 40 | ov_040 | 5.067435100423202 × 10^303 |
| 39 | ov_039 | 6.040317012767673 × 10^303 |
| 31 | ov_031 | 6.416809797082367 × 10^303 |
| 38 | ov_038 | 7.14613223914991 × 10^303 |
| 37 | ov_037 | 8.39765491772962 × 10^303 |
| 36 | ov_036 | 9.808374000504559 × 10^303 |
| 35 | ov_035 | 1.1392539954168577 × 10^304 |
| 34 | ov_034 | 1.316521868506659 × 10^304 |
| 33 | ov_033 | 1.5142353407864023 × 10^304 |
| 30 | ov_030 | 3.289428147569669 × 10^304 |
| 29 | ov_029 | 1.0758816900980784 × 10^305 |
| 28 | ov_028 | 2.791804601511994 × 10^305 |
| 27 | ov_027 | 6.725398456993644 × 10^305 |
| 26 | ov_026 | 1.469521646833276 × 10^306 |
| 25 | ov_025 | 2.9109453374637126 × 10^306 |
| 24 | ov_024 | 5.29659609557794 × 10^306 |
| 23 | ov_023 | 8.985229617150216 × 10^306 |
| 22 | ov_022 | 1.4394584310816036 × 10^307 |
| 21 | ov_021 | 2.2001407189062394 × 10^307 |
| 20 | ov_020 | 3.234150109212102 × 10^307 |
| 19 | ov_019 | 4.6009802950333217 × 10^307 |
| 18 | ov_018 | 6.366050805317585 × 10^307 |
| 17 | ov_017 | 8.600726007374557 × 10^307 |
| 16 | ov_016 | 1.1382342819769227 × 10^308 |
| 15 | ov_015 | 1.4794249669715636 × 10^308 |
| 14 | ov_014 | 1.8925859956824215 × 10^308 |
| 13 | ov_013 | 2.387272384900674 × 10^308 |
| 12 | ov_012 | 2.9736622636704166 × 10^308 |
| 11 | ov_011 | 3.6625690272976203 × 10^308 |
| 10 | ov_010 | 4.465456712992046 × 10^308 |
| 9 | ov_009 | 5.3944591407100345 × 10^308 |
| 8 | ov_008 | 6.46240340360915 × 10^308 |
| 7 | ov_007 | 7.682838333808047 × 10^308 |
| 6 | ov_006 | 9.070068611009937 × 10^308 |
| 5 | ov_005 | 1.0639195224168313 × 10^309 |
| 4 | ov_004 | 1.2406163039952612 × 10^309 |
| 3 | ov_003 | 1.43878162238043 × 10^309 |
| 2 | ov_002 | 1.6601962200135 × 10^309 |
| 1 | ov_001 | 1.9067444886250208 × 10^309 |

