# Results for E002007-E005015-F014-F017-F018-F019-F020-F021-F022-F023-F024-F025-F026-F027-F028-F029-F030-F031-F032-F033-F034-F035-F036-F037-F038-F039-F040-F041-F042-F043-F044-F045-F046-F047-F048-F049-F050-F051-F052-F053-F054-F055-F056-F057-F058-F059-F060-F061-F062-F063-F064-F065-F066-F067-F068-F069-F070-F071-F072-F073-F074-F075-F076-F077-F078-F079-F080-F081-F082-F083-F084-F085-F086-F087-F088-F089-F090-F091-F092-F093-F094-F095-F096-F097-F098-F099-F100-F101-F102-F103-F104-F105-F106-F107-F108-F109-F110-F111-F112-F113-F114-F115-F116-F117-F118-F119-F120-F121-F122-F123-F124-F125-F126-F127-F128-F129-F130-F131-F132-F133-F134-F135-F136-F137-F138-F139-F140-F141-F142-F143-F144-F145-F146-F147-F148-F149-F150-F151-F152-F153-F154-F155-F156-F157-F158-F159-F160-F161-F162-F163-F164-F165-F166-F167-F168-F169-F170-F171-F172-F173-F174-F175-F176-F177-F178-F179-F180-F181-F182-F183-F184-F185-F186-F187-F188-F189-F190-F191-F192-F193-F194-F195-F196-F197-F198-F199-F200-F201-F202-F203-F204-F205-F206-F207-F208-F209-F210-F211-F212-F213-F214-F215-F216-F217-F218-F219-F220-F221-F222-F223-F224-F225-F226-F227-F228-F229-F230-F231-F232-F233-F234-F235-F236-F237-F238-F239-F240-F241-F242-F243-F244-F245-F246-F247-F248-F249-F250-F251-F252-F253-F254-F255-F256-F257-F258-F259-F260-F261-F262-F263-F264-F265-F266-F267-F268-F269-F270-F271-F272-F273-F274-F275-F276-F277-F278-F279-F280-F281-F282-F283-F284-F285-F286-F287-F288-F289-F290-F291-F292-F293-F294-F295-F296-F297-F298-F299-F300-F301-F302-F303-F304-F305-F306-F307-F308-F309-F310-F311-F312-F313-F314-F315-F316-F317-F318-F319-F320-F321-F322-F323-F324-F325-F326-F327-F328-F329-F330-F331-F332-F333-F334-F335-F336-F337-F338-F339-F340-F341-F342-F343-F344-F345-F346-F347-F348-F349-F350-F351-F352-F353-F354-F355-F356-F357-F358-F359-F360-F361-F362-F363-F364-F365-F366-F367-F368-F369-F370-F371-F372-F373-F374-F375-F376-F377-F378-F379-F380-F381-F382-F383-F384-F385-F386-F387-F388-F389-F390-F391-F392-F393-F394-F395-F396-F397-F398-F399-F400-F401-F402-F403-F404-F405-F406-F407-F408-F409-F410-F411-F412-F413-F414-F415-F416-F417-F418-F419-F420-F421-F422-F423-F424-F425-F426-F427-F428-F429-F430-F431-F432-F433-F434-F435-F436-F437-F438-F439-F440-F441-F442-F443-F444-F445-F446-F447-F448-F449-F450-F451-F452-F453-F454-F455-F456-F457-F458-F459-F460-F461-F462-F463-F464-F465-F466-F467-F468-F469-F470-F471-F472-F473-F474-F475-F476-F477-F478-F479-F480-F481-F482-F483-F484-F485-F486-F487-F488-F489-F490-F491-F492-F493-F494-F495-F496-F497-F498-F499-F500-F501-F502-F503-F504-F505-F506-F507-F508-F509-F510-F511-F512

## Summary

Number of input bits: 512  
Number of free input bits: 13  
Number of output bits: 160

Number of direct occurrences: 59305  
Number of assignments: 38982  
Number of operations: 19057840
(xor: 19020421,
and: 20851,
or: 16568)

Total complexity: 1.6689583556062767 × 10^355

Least occurring input variable: iv_009 (4354)  
Most occurring input variable: iv_005 (5032)

Most co-occurring input variables: iv_011-iv_012 (2572)  
Least co-occurring input variables: iv_002-iv_009 (1956)

Potentially most occurring input variable: iv_001/iv_005 (5338)  
Potentially least occurring input variable: iv_001/iv_006 (4485)

Least output occurring input variable: iv_011 (63)  
Most output occurring input variable: iv_012 (84)

Most output co-occurring input variables: iv_001-iv_010 (44)  
Least output co-occurring input variables: iv_009-iv_011 (23)

Potentially most output occurring input variable: iv_008/iv_012 (95)  
Potentially least output occurring input variable: iv_004/iv_011 (68)

Least complex input bit: iv_016 (4.636389437572699 × 10^351)  
Most complex input bit: iv_012 (2.8347818786407145 × 10^354)

Least complex output bit: aaa_76_29 (3.8202759300229453 × 10^330)  
Most complex output bit: ov_001 (2.5625646895680497 × 10^354)

Least complex input/output complexity: iv_016/aaa_76_29 (1.0612779468746728 × 10^327)  
Most complex input/output complexity: iv_012/ov_001 (4.352602280596266 × 10^353)

## Input Bits

### Input Bits in Regular Order

| Input Bit | Complexity | Occurrences | Output Occurrences |
|:---------:|:----------:|:-----------:|:------------------:|
| iv_001 | 1.8933452273250694 × 10^352 | 4568 | 75 |
| iv_002 | 1.5364213439569998 × 10^354 | 4375 | 77 |
| iv_003 | 2.3428752740789384 × 10^353 | 4373 | 75 |
| iv_004 | 5.0851535113072174 × 10^353 | 4539 | 77 |
| iv_005 | 9.840550988919979 × 10^353 | 5032 | 71 |
| iv_006 | 1.1235200849818815 × 10^354 | 4399 | 80 |
| iv_008 | 1.8297258703115908 × 10^354 | 4445 | 69 |
| iv_009 | 2.2950375507541045 × 10^354 | 4354 | 75 |
| iv_010 | 2.4587009779517684 × 10^354 | 4487 | 83 |
| iv_011 | 2.7167437161015734 × 10^354 | 4639 | 63 |
| iv_012 | 2.8347818786407145 × 10^354 | 5028 | 84 |
| iv_013 | 1.4422431422270424 × 10^353 | 4551 | 78 |
| iv_016 | 4.636389437572699 × 10^351 | 4515 | 79 |

### Input Bits Sorted by Complexity

| Input Bit | Complexity | Occurrences | Output Occurrences |
|:---------:|:----------:|:-----------:|:------------------:|
| iv_016 | 4.636389437572699 × 10^351 | 4515 | 79 |
| iv_001 | 1.8933452273250694 × 10^352 | 4568 | 75 |
| iv_013 | 1.4422431422270424 × 10^353 | 4551 | 78 |
| iv_003 | 2.3428752740789384 × 10^353 | 4373 | 75 |
| iv_004 | 5.0851535113072174 × 10^353 | 4539 | 77 |
| iv_005 | 9.840550988919979 × 10^353 | 5032 | 71 |
| iv_006 | 1.1235200849818815 × 10^354 | 4399 | 80 |
| iv_002 | 1.5364213439569998 × 10^354 | 4375 | 77 |
| iv_008 | 1.8297258703115908 × 10^354 | 4445 | 69 |
| iv_009 | 2.2950375507541045 × 10^354 | 4354 | 75 |
| iv_010 | 2.4587009779517684 × 10^354 | 4487 | 83 |
| iv_011 | 2.7167437161015734 × 10^354 | 4639 | 63 |
| iv_012 | 2.8347818786407145 × 10^354 | 5028 | 84 |

### Input Bits Sorted by Occurrences

| Input Bit | Complexity | Occurrences | Output Occurrences |
|:---------:|:----------:|:-----------:|:------------------:|
| iv_009 | 2.2950375507541045 × 10^354 | 4354 | 75 |
| iv_003 | 2.3428752740789384 × 10^353 | 4373 | 75 |
| iv_002 | 1.5364213439569998 × 10^354 | 4375 | 77 |
| iv_006 | 1.1235200849818815 × 10^354 | 4399 | 80 |
| iv_008 | 1.8297258703115908 × 10^354 | 4445 | 69 |
| iv_010 | 2.4587009779517684 × 10^354 | 4487 | 83 |
| iv_016 | 4.636389437572699 × 10^351 | 4515 | 79 |
| iv_004 | 5.0851535113072174 × 10^353 | 4539 | 77 |
| iv_013 | 1.4422431422270424 × 10^353 | 4551 | 78 |
| iv_001 | 1.8933452273250694 × 10^352 | 4568 | 75 |
| iv_011 | 2.7167437161015734 × 10^354 | 4639 | 63 |
| iv_012 | 2.8347818786407145 × 10^354 | 5028 | 84 |
| iv_005 | 9.840550988919979 × 10^353 | 5032 | 71 |

### Input Bits Sorted by Output Occurrences

| Input Bit | Complexity | Occurrences | Output Occurrences |
|:---------:|:----------:|:-----------:|:------------------:|
| iv_011 | 2.7167437161015734 × 10^354 | 4639 | 63 |
| iv_008 | 1.8297258703115908 × 10^354 | 4445 | 69 |
| iv_005 | 9.840550988919979 × 10^353 | 5032 | 71 |
| iv_009 | 2.2950375507541045 × 10^354 | 4354 | 75 |
| iv_003 | 2.3428752740789384 × 10^353 | 4373 | 75 |
| iv_001 | 1.8933452273250694 × 10^352 | 4568 | 75 |
| iv_004 | 5.0851535113072174 × 10^353 | 4539 | 77 |
| iv_002 | 1.5364213439569998 × 10^354 | 4375 | 77 |
| iv_013 | 1.4422431422270424 × 10^353 | 4551 | 78 |
| iv_016 | 4.636389437572699 × 10^351 | 4515 | 79 |
| iv_006 | 1.1235200849818815 × 10^354 | 4399 | 80 |
| iv_010 | 2.4587009779517684 × 10^354 | 4487 | 83 |
| iv_012 | 2.8347818786407145 × 10^354 | 5028 | 84 |

## Input Bit Co-occurrences

### Input Bit Co-occurrences Sorted by Co-occurrences

| Input Bits | Co-occurrences | Potential Occurrences | Output Co-occurrences | Potential Output Occurrences |
|:----------:|:--------------:|:---------------------:|:---------------------:|:----------------------------:|
| iv_011-iv_012 | 2572 | 4523 | 32 | 83 |
| iv_005-iv_012 | 2375 | 5310 | 43 | 69 |
| iv_001-iv_012 | 2358 | 4880 | 41 | 77 |
| iv_012-iv_016 | 2326 | 4891 | 39 | 85 |
| iv_004-iv_005 | 2312 | 4947 | 34 | 80 |
| iv_012-iv_013 | 2283 | 5013 | 44 | 74 |
| iv_005-iv_013 | 2260 | 5063 | 31 | 87 |
| iv_001-iv_006 | 2241 | 4485 | 39 | 77 |
| iv_004-iv_012 | 2241 | 5085 | 42 | 77 |
| iv_010-iv_012 | 2240 | 5035 | 41 | 85 |
| iv_006-iv_012 | 2235 | 4957 | 41 | 82 |
| iv_009-iv_012 | 2232 | 4918 | 40 | 79 |
| iv_003-iv_005 | 2212 | 4981 | 34 | 78 |

### Input Bit Co-occurrences Sorted by Potential Occurrences

| Input Bits | Co-occurrences | Potential Occurrences | Output Co-occurrences | Potential Output Occurrences |
|:----------:|:--------------:|:---------------------:|:---------------------:|:----------------------------:|
| iv_001-iv_006 | 2241 | 4485 | 39 | 77 |
| iv_011-iv_012 | 2572 | 4523 | 32 | 83 |
| iv_003-iv_008 | 2141 | 4536 | 34 | 76 |
| iv_003-iv_004 | 2187 | 4538 | 38 | 76 |
| iv_003-iv_013 | 2187 | 4550 | 36 | 81 |
| iv_008-iv_009 | 2086 | 4627 | 32 | 80 |
| iv_008-iv_013 | 2180 | 4636 | 34 | 79 |
| iv_006-iv_016 | 2113 | 4688 | 37 | 85 |
| iv_004-iv_009 | 2096 | 4701 | 34 | 84 |
| iv_009-iv_010 | 2063 | 4715 | 38 | 82 |
| iv_001-iv_016 | 2182 | 4719 | 37 | 80 |
| iv_006-iv_011 | 2150 | 4738 | 31 | 81 |
| iv_003-iv_009 | 1988 | 4751 | 32 | 86 |

### Input Bit Output Co-occurrences Sorted by Output Co-occurrences

| Input Bits | Co-occurrences | Potential Occurrences | Output Co-occurrences | Potential Output Occurrences |
|:----------:|:--------------:|:---------------------:|:---------------------:|:----------------------------:|
| iv_012-iv_013 | 2283 | 5013 | 44 | 74 |
| iv_004-iv_010 | 2128 | 4770 | 44 | 72 |
| iv_001-iv_010 | 2111 | 4833 | 44 | 70 |
| iv_005-iv_012 | 2375 | 5310 | 43 | 69 |
| iv_002-iv_012 | 2111 | 5181 | 43 | 75 |
| iv_004-iv_012 | 2241 | 5085 | 42 | 77 |
| iv_004-iv_013 | 2140 | 4810 | 42 | 71 |
| iv_002-iv_004 | 2061 | 4792 | 42 | 70 |
| iv_006-iv_010 | 1993 | 4900 | 41 | 81 |
| iv_006-iv_012 | 2235 | 4957 | 41 | 82 |
| iv_010-iv_012 | 2240 | 5035 | 41 | 85 |
| iv_010-iv_013 | 2017 | 5004 | 41 | 79 |
| iv_001-iv_012 | 2358 | 4880 | 41 | 77 |

### Input Bit Output Co-occurrences Sorted by Potential Output Occurrences

| Input Bits | Co-occurrences | Potential Occurrences | Output Co-occurrences | Potential Output Occurrences |
|:----------:|:--------------:|:---------------------:|:---------------------:|:----------------------------:|
| iv_004-iv_011 | 2066 | 5046 | 36 | 68 |
| iv_005-iv_012 | 2375 | 5310 | 43 | 69 |
| iv_001-iv_010 | 2111 | 4833 | 44 | 70 |
| iv_002-iv_005 | 2070 | 5267 | 39 | 70 |
| iv_002-iv_004 | 2061 | 4792 | 42 | 70 |
| iv_004-iv_013 | 2140 | 4810 | 42 | 71 |
| iv_004-iv_010 | 2128 | 4770 | 44 | 72 |
| iv_005-iv_008 | 2183 | 5111 | 34 | 72 |
| iv_005-iv_016 | 2110 | 5327 | 39 | 72 |
| iv_001-iv_003 | 2012 | 4917 | 39 | 72 |
| iv_006-iv_008 | 2015 | 4814 | 38 | 73 |
| iv_012-iv_013 | 2283 | 5013 | 44 | 74 |
| iv_004-iv_008 | 2115 | 4754 | 36 | 74 |

## Output Bits

### Output Bits in Regular Order

| Rank | Output Bit | Complexity |
|:----:|:----------:|:----------:|
| 1 | ov_001 | 2.5625646895680497 × 10^354 |
| 2 | ov_002 | 2.23806606081579 × 10^354 |
| 3 | ov_003 | 1.9462098439865478 × 10^354 |
| 4 | ov_004 | 1.6843095568622115 × 10^354 |
| 5 | ov_005 | 1.449828822329105 × 10^354 |
| 6 | ov_006 | 1.2403709237078523 × 10^354 |
| 7 | ov_007 | 1.053669604231657 × 10^354 |
| 8 | ov_008 | 8.886232739645897 × 10^353 |
| 9 | ov_009 | 7.432033807604287 × 10^353 |
| 10 | ov_010 | 6.154906009983241 × 10^353 |
| 11 | ov_011 | 5.045518760324785 × 10^353 |
| 12 | ov_012 | 4.0950496940266406 × 10^353 |
| 13 | ov_013 | 3.287302375175726 × 10^353 |
| 14 | ov_014 | 2.6070103589572017 × 10^353 |
| 15 | ov_015 | 2.039812776098452 × 10^353 |
| 16 | ov_016 | 1.5722347710061858 × 10^353 |
| 17 | ov_017 | 1.1916720901638476 × 10^353 |
| 18 | ov_018 | 8.863791751082093 × 10^352 |
| 19 | ov_019 | 6.454601712132295 × 10^352 |
| 20 | ov_020 | 4.588623197832301 × 10^352 |
| 21 | ov_021 | 3.1737125677162316 × 10^352 |
| 22 | ov_022 | 2.1260779694013045 × 10^352 |
| 23 | ov_023 | 1.370258375696932 × 10^352 |
| 24 | ov_024 | 8.391107101127771 × 10^351 |
| 25 | ov_025 | 4.738025047861307 × 10^351 |
| 26 | ov_026 | 2.469945346936216 × 10^351 |
| 27 | ov_027 | 1.1646614946087084 × 10^351 |
| 28 | ov_028 | 4.830102245467438 × 10^350 |
| 29 | ov_029 | 1.6886922765975742 × 10^350 |
| 30 | ov_030 | 4.637075302074498 × 10^349 |
| 31 | ov_031 | 9.048675338872113 × 10^348 |
| 32 | lv_80_m31 | 1.7655067846041502 × 10^348 |
| 33 | ov_033 | 2.1858782441123198 × 10^349 |
| 34 | ov_034 | 1.907295876152847 × 10^349 |
| 35 | ov_035 | 1.6577611630462466 × 10^349 |
| 36 | ov_036 | 1.434815278556561 × 10^349 |
| 37 | ov_037 | 1.236150459112145 × 10^349 |
| 38 | ov_038 | 1.0595997804426967 × 10^349 |
| 39 | ov_039 | 9.031278431463656 × 10^348 |
| 40 | ov_040 | 7.648223179420478 × 10^348 |
| 41 | ov_041 | 6.428863034023491 × 10^348 |
| 42 | ov_042 | 5.356314506670282 × 10^348 |
| 43 | ov_043 | 4.414718110470402 × 10^348 |
| 44 | ov_044 | 3.596392850139213 × 10^348 |
| 45 | ov_045 | 2.894129511382201 × 10^348 |
| 46 | ov_046 | 2.3011680313859355 × 10^348 |
| 47 | ov_047 | 1.8052594247079002 × 10^348 |
| 48 | ov_048 | 1.3949647831126773 × 10^348 |
| 49 | ov_049 | 1.0596283742840059 × 10^348 |
| 50 | ov_050 | 7.893551020986103 × 10^347 |
| 51 | ov_051 | 5.749919330637915 × 10^347 |
| 52 | ov_052 | 4.081128945540027 × 10^347 |
| 53 | ov_053 | 2.810072511287695 × 10^347 |
| 54 | ov_054 | 1.8667046559782672 × 10^347 |
| 55 | ov_055 | 1.1879755170083728 × 10^347 |
| 56 | ov_056 | 7.17784253591331 × 10^346 |
| 57 | ov_057 | 4.0694861497787584 × 10^346 |
| 58 | ov_058 | 2.131866674758749 × 10^346 |
| 59 | ov_059 | 1.0110697751793053 × 10^346 |
| 60 | ov_060 | 4.220405111725682 × 10^345 |
| 61 | ov_061 | 1.4856588868958974 × 10^345 |
| 62 | ov_062 | 4.108102119468825 × 10^344 |
| 63 | ov_063 | 8.076944296676755 × 10^343 |
| 64 | lv_79_m31 | 1.5878543014052545 × 10^343 |
| 65 | ov_065 | 2.1766757584764563 × 10^344 |
| 66 | ov_066 | 2.176610418750134 × 10^344 |
| 67 | ov_067 | 2.176589511918017 × 10^344 |
| 68 | ov_068 | 1.9577347397561838 × 10^344 |
| 69 | ov_069 | 1.755209022536416 × 10^344 |
| 70 | ov_070 | 1.5680954608338027 × 10^344 |
| 71 | ov_071 | 1.395542752412454 × 10^344 |
| 72 | ov_072 | 1.2367573220953187 × 10^344 |
| 73 | ov_073 | 1.0909962308839377 × 10^344 |
| 74 | ov_074 | 9.5756073687697 × 10^343 |
| 75 | ov_075 | 8.357903030140688 × 10^343 |
| 76 | ov_076 | 7.250570168602424 × 10^343 |
| 77 | ov_077 | 6.2476054787575216 × 10^343 |
| 78 | ov_078 | 5.343236844872224 × 10^343 |
| 79 | ov_079 | 4.531884147910262 × 10^343 |
| 80 | ov_080 | 3.808125154678807 × 10^343 |
| 81 | ov_081 | 3.166666140674521 × 10^343 |
| 82 | ov_082 | 2.6023164177831047 × 10^343 |
| 83 | ov_083 | 2.1099659412342492 × 10^343 |
| 84 | ov_084 | 1.6845661422135336 × 10^343 |
| 85 | ov_085 | 1.3211141341194354 × 10^343 |
| 86 | ov_086 | 1.0146399566494022 × 10^343 |
| 87 | ov_087 | 7.601965225433596 × 10^342 |
| 88 | ov_088 | 5.528519321901085 × 10^342 |
| 89 | ov_089 | 3.876838215039869 × 10^342 |
| 90 | ov_090 | 2.59775408568558 × 10^342 |
| 91 | ov_091 | 1.6421290457891849 × 10^342 |
| 92 | ov_092 | 9.608395744815812 × 10^341 |
| 93 | ov_093 | 5.04768130629176 × 10^341 |
| 94 | ov_094 | 2.2479922194531794 × 10^341 |
| 95 | aaa_78_28 | 7.181789395729202 × 10^340 |
| 96 | aaa_78_29 | 2.6946069003052693 × 10^340 |
| 97 | ov_097 | 2.5764811574142877 × 10^340 |
| 98 | ov_098 | 2.5764738667918903 × 10^340 |
| 99 | ov_099 | 2.576472100339052 × 10^340 |
| 100 | ov_100 | 2.2474021735790297 × 10^340 |
| 101 | ov_101 | 1.9522900494715264 × 10^340 |
| 102 | ov_102 | 1.6883961808969783 × 10^340 |
| 103 | ov_103 | 1.4531355600748334 × 10^340 |
| 104 | ov_104 | 1.244067238890845 × 10^340 |
| 105 | ov_105 | 1.0588850808346696 × 10^340 |
| 106 | ov_106 | 8.95409620307276 × 10^339 |
| 107 | ov_107 | 7.515809025308938 × 10^339 |
| 108 | ov_108 | 6.254521994815304 × 10^339 |
| 109 | ov_109 | 5.1518452727020895 × 10^339 |
| 110 | ov_110 | 4.198846927458278 × 10^339 |
| 111 | ov_111 | 3.387099059168077 × 10^339 |
| 112 | ov_112 | 2.7011862312912215 × 10^339 |
| 113 | ov_113 | 2.1266194002930905 × 10^339 |
| 114 | ov_114 | 1.6498125637156042 × 10^339 |
| 115 | ov_115 | 1.2580641895495938 × 10^339 |
| 116 | ov_116 | 9.39542843890312 × 10^338 |
| 117 | ov_117 | 6.832763508828468 × 10^338 |
| 118 | ov_118 | 4.8399228159348054 × 10^338 |
| 119 | ov_119 | 3.3241541736771406 × 10^338 |
| 120 | ov_120 | 2.2011233820892284 × 10^338 |
| 121 | ov_121 | 1.394889167617367 × 10^338 |
| 122 | ov_122 | 8.378878465579436 × 10^337 |
| 123 | ov_123 | 4.709246166343273 × 10^337 |
| 124 | ov_124 | 2.4316905279163096 × 10^337 |
| 125 | ov_125 | 1.121530353961644 × 10^337 |
| 126 | ov_126 | 4.376993148625379 × 10^336 |
| 127 | aaa_77_28 | 1.2274330576438127 × 10^336 |
| 128 | aaa_77_29 | 3.7377034466134576 × 10^335 |
| 129 | ov_129 | 2.2404037579980792 × 10^335 |
| 130 | ov_130 | 2.2403962926104413 × 10^335 |
| 131 | ov_131 | 2.2403944794979344 × 10^335 |
| 132 | ov_132 | 1.958415947699961 × 10^335 |
| 133 | ov_133 | 1.7067761375220367 × 10^335 |
| 134 | ov_134 | 1.482700815355932 × 10^335 |
| 135 | ov_135 | 1.2835744270400804 × 10^335 |
| 136 | ov_136 | 1.1069291432335787 × 10^335 |
| 137 | ov_137 | 9.504351093951768 × 10^334 |
| 138 | ov_138 | 8.118917854573212 × 10^334 |
| 139 | ov_139 | 6.892202930525249 × 10^334 |
| 140 | ov_140 | 5.8141071258638246 × 10^334 |
| 141 | ov_141 | 4.866082208545513 × 10^334 |
| 142 | ov_142 | 4.03062074505584 × 10^334 |
| 143 | ov_143 | 3.299223423038613 × 10^334 |
| 144 | ov_144 | 2.6638801933000986 × 10^334 |
| 145 | ov_145 | 2.1170540978480242 × 10^334 |
| 146 | ov_146 | 1.6516681746568087 × 10^334 |
| 147 | ov_147 | 1.2610950582663677 × 10^334 |
| 148 | ov_148 | 9.391488722149667 × 10^333 |
| 149 | ov_149 | 6.8007904285331186 × 10^333 |
| 150 | ov_150 | 4.785656975278757 × 10^333 |
| 151 | ov_151 | 3.252489200184021 × 10^333 |
| 152 | ov_152 | 2.116173954370017 × 10^333 |
| 153 | ov_153 | 1.3000590562673446 × 10^333 |
| 154 | ov_154 | 7.359379376654485 × 10^332 |
| 155 | ov_155 | 3.6404089238520184 × 10^332 |
| 156 | aaa_76_25 | 1.3303062292301704 × 10^332 |
| 157 | aaa_76_26 | 6.952861313293685 × 10^331 |
| 158 | aaa_76_27 | 3.2075091076508376 × 10^331 |
| 159 | aaa_76_28 | 1.2522471695514944 × 10^331 |
| 160 | aaa_76_29 | 3.8202759300229453 × 10^330 |

### Output Bits Sorted by Complexity

| Rank | Output Bit | Complexity |
|:----:|:----------:|:----------:|
| 160 | aaa_76_29 | 3.8202759300229453 × 10^330 |
| 159 | aaa_76_28 | 1.2522471695514944 × 10^331 |
| 158 | aaa_76_27 | 3.2075091076508376 × 10^331 |
| 157 | aaa_76_26 | 6.952861313293685 × 10^331 |
| 156 | aaa_76_25 | 1.3303062292301704 × 10^332 |
| 155 | ov_155 | 3.6404089238520184 × 10^332 |
| 154 | ov_154 | 7.359379376654485 × 10^332 |
| 153 | ov_153 | 1.3000590562673446 × 10^333 |
| 152 | ov_152 | 2.116173954370017 × 10^333 |
| 151 | ov_151 | 3.252489200184021 × 10^333 |
| 150 | ov_150 | 4.785656975278757 × 10^333 |
| 149 | ov_149 | 6.8007904285331186 × 10^333 |
| 148 | ov_148 | 9.391488722149667 × 10^333 |
| 147 | ov_147 | 1.2610950582663677 × 10^334 |
| 146 | ov_146 | 1.6516681746568087 × 10^334 |
| 145 | ov_145 | 2.1170540978480242 × 10^334 |
| 144 | ov_144 | 2.6638801933000986 × 10^334 |
| 143 | ov_143 | 3.299223423038613 × 10^334 |
| 142 | ov_142 | 4.03062074505584 × 10^334 |
| 141 | ov_141 | 4.866082208545513 × 10^334 |
| 140 | ov_140 | 5.8141071258638246 × 10^334 |
| 139 | ov_139 | 6.892202930525249 × 10^334 |
| 138 | ov_138 | 8.118917854573212 × 10^334 |
| 137 | ov_137 | 9.504351093951768 × 10^334 |
| 136 | ov_136 | 1.1069291432335787 × 10^335 |
| 135 | ov_135 | 1.2835744270400804 × 10^335 |
| 134 | ov_134 | 1.482700815355932 × 10^335 |
| 133 | ov_133 | 1.7067761375220367 × 10^335 |
| 132 | ov_132 | 1.958415947699961 × 10^335 |
| 131 | ov_131 | 2.2403944794979344 × 10^335 |
| 130 | ov_130 | 2.2403962926104413 × 10^335 |
| 129 | ov_129 | 2.2404037579980792 × 10^335 |
| 128 | aaa_77_29 | 3.7377034466134576 × 10^335 |
| 127 | aaa_77_28 | 1.2274330576438127 × 10^336 |
| 126 | ov_126 | 4.376993148625379 × 10^336 |
| 125 | ov_125 | 1.121530353961644 × 10^337 |
| 124 | ov_124 | 2.4316905279163096 × 10^337 |
| 123 | ov_123 | 4.709246166343273 × 10^337 |
| 122 | ov_122 | 8.378878465579436 × 10^337 |
| 121 | ov_121 | 1.394889167617367 × 10^338 |
| 120 | ov_120 | 2.2011233820892284 × 10^338 |
| 119 | ov_119 | 3.3241541736771406 × 10^338 |
| 118 | ov_118 | 4.8399228159348054 × 10^338 |
| 117 | ov_117 | 6.832763508828468 × 10^338 |
| 116 | ov_116 | 9.39542843890312 × 10^338 |
| 115 | ov_115 | 1.2580641895495938 × 10^339 |
| 114 | ov_114 | 1.6498125637156042 × 10^339 |
| 113 | ov_113 | 2.1266194002930905 × 10^339 |
| 112 | ov_112 | 2.7011862312912215 × 10^339 |
| 111 | ov_111 | 3.387099059168077 × 10^339 |
| 110 | ov_110 | 4.198846927458278 × 10^339 |
| 109 | ov_109 | 5.1518452727020895 × 10^339 |
| 108 | ov_108 | 6.254521994815304 × 10^339 |
| 107 | ov_107 | 7.515809025308938 × 10^339 |
| 106 | ov_106 | 8.95409620307276 × 10^339 |
| 105 | ov_105 | 1.0588850808346696 × 10^340 |
| 104 | ov_104 | 1.244067238890845 × 10^340 |
| 103 | ov_103 | 1.4531355600748334 × 10^340 |
| 102 | ov_102 | 1.6883961808969783 × 10^340 |
| 101 | ov_101 | 1.9522900494715264 × 10^340 |
| 100 | ov_100 | 2.2474021735790297 × 10^340 |
| 99 | ov_099 | 2.576472100339052 × 10^340 |
| 98 | ov_098 | 2.5764738667918903 × 10^340 |
| 97 | ov_097 | 2.5764811574142877 × 10^340 |
| 96 | aaa_78_29 | 2.6946069003052693 × 10^340 |
| 95 | aaa_78_28 | 7.181789395729202 × 10^340 |
| 94 | ov_094 | 2.2479922194531794 × 10^341 |
| 93 | ov_093 | 5.04768130629176 × 10^341 |
| 92 | ov_092 | 9.608395744815812 × 10^341 |
| 91 | ov_091 | 1.6421290457891849 × 10^342 |
| 90 | ov_090 | 2.59775408568558 × 10^342 |
| 89 | ov_089 | 3.876838215039869 × 10^342 |
| 88 | ov_088 | 5.528519321901085 × 10^342 |
| 87 | ov_087 | 7.601965225433596 × 10^342 |
| 86 | ov_086 | 1.0146399566494022 × 10^343 |
| 85 | ov_085 | 1.3211141341194354 × 10^343 |
| 64 | lv_79_m31 | 1.5878543014052545 × 10^343 |
| 84 | ov_084 | 1.6845661422135336 × 10^343 |
| 83 | ov_083 | 2.1099659412342492 × 10^343 |
| 82 | ov_082 | 2.6023164177831047 × 10^343 |
| 81 | ov_081 | 3.166666140674521 × 10^343 |
| 80 | ov_080 | 3.808125154678807 × 10^343 |
| 79 | ov_079 | 4.531884147910262 × 10^343 |
| 78 | ov_078 | 5.343236844872224 × 10^343 |
| 77 | ov_077 | 6.2476054787575216 × 10^343 |
| 76 | ov_076 | 7.250570168602424 × 10^343 |
| 63 | ov_063 | 8.076944296676755 × 10^343 |
| 75 | ov_075 | 8.357903030140688 × 10^343 |
| 74 | ov_074 | 9.5756073687697 × 10^343 |
| 73 | ov_073 | 1.0909962308839377 × 10^344 |
| 72 | ov_072 | 1.2367573220953187 × 10^344 |
| 71 | ov_071 | 1.395542752412454 × 10^344 |
| 70 | ov_070 | 1.5680954608338027 × 10^344 |
| 69 | ov_069 | 1.755209022536416 × 10^344 |
| 68 | ov_068 | 1.9577347397561838 × 10^344 |
| 67 | ov_067 | 2.176589511918017 × 10^344 |
| 66 | ov_066 | 2.176610418750134 × 10^344 |
| 65 | ov_065 | 2.1766757584764563 × 10^344 |
| 62 | ov_062 | 4.108102119468825 × 10^344 |
| 61 | ov_061 | 1.4856588868958974 × 10^345 |
| 60 | ov_060 | 4.220405111725682 × 10^345 |
| 59 | ov_059 | 1.0110697751793053 × 10^346 |
| 58 | ov_058 | 2.131866674758749 × 10^346 |
| 57 | ov_057 | 4.0694861497787584 × 10^346 |
| 56 | ov_056 | 7.17784253591331 × 10^346 |
| 55 | ov_055 | 1.1879755170083728 × 10^347 |
| 54 | ov_054 | 1.8667046559782672 × 10^347 |
| 53 | ov_053 | 2.810072511287695 × 10^347 |
| 52 | ov_052 | 4.081128945540027 × 10^347 |
| 51 | ov_051 | 5.749919330637915 × 10^347 |
| 50 | ov_050 | 7.893551020986103 × 10^347 |
| 49 | ov_049 | 1.0596283742840059 × 10^348 |
| 48 | ov_048 | 1.3949647831126773 × 10^348 |
| 32 | lv_80_m31 | 1.7655067846041502 × 10^348 |
| 47 | ov_047 | 1.8052594247079002 × 10^348 |
| 46 | ov_046 | 2.3011680313859355 × 10^348 |
| 45 | ov_045 | 2.894129511382201 × 10^348 |
| 44 | ov_044 | 3.596392850139213 × 10^348 |
| 43 | ov_043 | 4.414718110470402 × 10^348 |
| 42 | ov_042 | 5.356314506670282 × 10^348 |
| 41 | ov_041 | 6.428863034023491 × 10^348 |
| 40 | ov_040 | 7.648223179420478 × 10^348 |
| 39 | ov_039 | 9.031278431463656 × 10^348 |
| 31 | ov_031 | 9.048675338872113 × 10^348 |
| 38 | ov_038 | 1.0595997804426967 × 10^349 |
| 37 | ov_037 | 1.236150459112145 × 10^349 |
| 36 | ov_036 | 1.434815278556561 × 10^349 |
| 35 | ov_035 | 1.6577611630462466 × 10^349 |
| 34 | ov_034 | 1.907295876152847 × 10^349 |
| 33 | ov_033 | 2.1858782441123198 × 10^349 |
| 30 | ov_030 | 4.637075302074498 × 10^349 |
| 29 | ov_029 | 1.6886922765975742 × 10^350 |
| 28 | ov_028 | 4.830102245467438 × 10^350 |
| 27 | ov_027 | 1.1646614946087084 × 10^351 |
| 26 | ov_026 | 2.469945346936216 × 10^351 |
| 25 | ov_025 | 4.738025047861307 × 10^351 |
| 24 | ov_024 | 8.391107101127771 × 10^351 |
| 23 | ov_023 | 1.370258375696932 × 10^352 |
| 22 | ov_022 | 2.1260779694013045 × 10^352 |
| 21 | ov_021 | 3.1737125677162316 × 10^352 |
| 20 | ov_020 | 4.588623197832301 × 10^352 |
| 19 | ov_019 | 6.454601712132295 × 10^352 |
| 18 | ov_018 | 8.863791751082093 × 10^352 |
| 17 | ov_017 | 1.1916720901638476 × 10^353 |
| 16 | ov_016 | 1.5722347710061858 × 10^353 |
| 15 | ov_015 | 2.039812776098452 × 10^353 |
| 14 | ov_014 | 2.6070103589572017 × 10^353 |
| 13 | ov_013 | 3.287302375175726 × 10^353 |
| 12 | ov_012 | 4.0950496940266406 × 10^353 |
| 11 | ov_011 | 5.045518760324785 × 10^353 |
| 10 | ov_010 | 6.154906009983241 × 10^353 |
| 9 | ov_009 | 7.432033807604287 × 10^353 |
| 8 | ov_008 | 8.886232739645897 × 10^353 |
| 7 | ov_007 | 1.053669604231657 × 10^354 |
| 6 | ov_006 | 1.2403709237078523 × 10^354 |
| 5 | ov_005 | 1.449828822329105 × 10^354 |
| 4 | ov_004 | 1.6843095568622115 × 10^354 |
| 3 | ov_003 | 1.9462098439865478 × 10^354 |
| 2 | ov_002 | 2.23806606081579 × 10^354 |
| 1 | ov_001 | 2.5625646895680497 × 10^354 |

