# Results for E002007-E005015-O009014-F017-F018-F019-F020-F021-F022-F023-F024-F025-F026-F027-F028-F029-F030-F031-F032-F033-F034-F035-F036-F037-F038-F039-F040-F041-F042-F043-F044-F045-F046-F047-F048-F049-F050-F051-F052-F053-F054-F055-F056-F057-F058-F059-F060-F061-F062-F063-F064-F065-F066-F067-F068-F069-F070-F071-F072-F073-F074-F075-F076-F077-F078-F079-F080-F081-F082-F083-F084-F085-F086-F087-F088-F089-F090-F091-F092-F093-F094-F095-F096-F097-F098-F099-F100-F101-F102-F103-F104-F105-F106-F107-F108-F109-F110-F111-F112-F113-F114-F115-F116-F117-F118-F119-F120-F121-F122-F123-F124-F125-F126-F127-F128-F129-F130-F131-F132-F133-F134-F135-F136-F137-F138-F139-F140-F141-F142-F143-F144-F145-F146-F147-F148-F149-F150-F151-F152-F153-F154-F155-F156-F157-F158-F159-F160-F161-F162-F163-F164-F165-F166-F167-F168-F169-F170-F171-F172-F173-F174-F175-F176-F177-F178-F179-F180-F181-F182-F183-F184-F185-F186-F187-F188-F189-F190-F191-F192-F193-F194-F195-F196-F197-F198-F199-F200-F201-F202-F203-F204-F205-F206-F207-F208-F209-F210-F211-F212-F213-F214-F215-F216-F217-F218-F219-F220-F221-F222-F223-F224-F225-F226-F227-F228-F229-F230-F231-F232-F233-F234-F235-F236-F237-F238-F239-F240-F241-F242-F243-F244-F245-F246-F247-F248-F249-F250-F251-F252-F253-F254-F255-F256-F257-F258-F259-F260-F261-F262-F263-F264-F265-F266-F267-F268-F269-F270-F271-F272-F273-F274-F275-F276-F277-F278-F279-F280-F281-F282-F283-F284-F285-F286-F287-F288-F289-F290-F291-F292-F293-F294-F295-F296-F297-F298-F299-F300-F301-F302-F303-F304-F305-F306-F307-F308-F309-F310-F311-F312-F313-F314-F315-F316-F317-F318-F319-F320-F321-F322-F323-F324-F325-F326-F327-F328-F329-F330-F331-F332-F333-F334-F335-F336-F337-F338-F339-F340-F341-F342-F343-F344-F345-F346-F347-F348-F349-F350-F351-F352-F353-F354-F355-F356-F357-F358-F359-F360-F361-F362-F363-F364-F365-F366-F367-F368-F369-F370-F371-F372-F373-F374-F375-F376-F377-F378-F379-F380-F381-F382-F383-F384-F385-F386-F387-F388-F389-F390-F391-F392-F393-F394-F395-F396-F397-F398-F399-F400-F401-F402-F403-F404-F405-F406-F407-F408-F409-F410-F411-F412-F413-F414-F415-F416-F417-F418-F419-F420-F421-F422-F423-F424-F425-F426-F427-F428-F429-F430-F431-F432-F433-F434-F435-F436-F437-F438-F439-F440-F441-F442-F443-F444-F445-F446-F447-F448-F449-F450-F451-F452-F453-F454-F455-F456-F457-F458-F459-F460-F461-F462-F463-F464-F465-F466-F467-F468-F469-F470-F471-F472-F473-F474-F475-F476-F477-F478-F479-F480-F481-F482-F483-F484-F485-F486-F487-F488-F489-F490-F491-F492-F493-F494-F495-F496-F497-F498-F499-F500-F501-F502-F503-F504-F505-F506-F507-F508-F509-F510-F511-F512

## Summary

Number of input bits: 512  
Number of free input bits: 13  
Number of output bits: 160

Number of direct occurrences: 59326  
Number of assignments: 39285  
Number of operations: 19398776
(xor: 19360460,
and: 21660,
or: 16656)

Total complexity: 7.948802267218551 × 10^357

Least occurring input variable: iv_012 (4211)  
Most occurring input variable: iv_009 (4835)

Most co-occurring input variables: iv_009-iv_013 (2338)  
Least co-occurring input variables: iv_012-iv_016 (1938)

Potentially most occurring input variable: iv_005/iv_016 (5386)  
Potentially least occurring input variable: iv_003/iv_012 (4495)

Least output occurring input variable: iv_005 (64)  
Most output occurring input variable: iv_012 (86)

Most output co-occurring input variables: iv_002-iv_004 (49)  
Least output co-occurring input variables: iv_001-iv_008 (28)

Potentially most output occurring input variable: iv_013/iv_016 (96)  
Potentially least output occurring input variable: iv_001/iv_009 (65)

Least complex input bit: iv_016 (1.1622096948974985 × 10^354)  
Most complex input bit: iv_009 (1.8323586158851769 × 10^357)

Least complex output bit: aaa_76_29 (1.8522739378877963 × 10^332)  
Most complex output bit: ov_001 (1.216763740509941 × 10^357)

Least complex input/output complexity: iv_016/aaa_76_29 (2.708245413396666 × 10^328)  
Most complex input/output complexity: iv_009/ov_001 (2.8048848725485184 × 10^356)

## Input Bits

### Input Bits in Regular Order

| Input Bit | Complexity | Occurrences | Output Occurrences |
|:---------:|:----------:|:-----------:|:------------------:|
| iv_001 | 3.5487929435643155 × 10^354 | 4607 | 68 |
| iv_002 | 2.913824061446932 × 10^356 | 4447 | 85 |
| iv_003 | 4.419047080501055 × 10^355 | 4426 | 79 |
| iv_004 | 9.612231738456143 × 10^355 | 4589 | 83 |
| iv_005 | 1.770804416952196 × 10^357 | 4815 | 64 |
| iv_006 | 2.128306800323595 × 10^356 | 4431 | 79 |
| iv_008 | 3.476418257820295 × 10^356 | 4537 | 83 |
| iv_009 | 1.8323586158851769 × 10^357 | 4835 | 77 |
| iv_010 | 5.57829340196322 × 10^356 | 4534 | 86 |
| iv_011 | 7.281713867640081 × 10^356 | 4744 | 77 |
| iv_012 | 9.211175726609713 × 10^356 | 4211 | 86 |
| iv_013 | 1.1416422319727563 × 10^357 | 4603 | 77 |
| iv_016 | 1.1622096948974985 × 10^354 | 4547 | 79 |

### Input Bits Sorted by Complexity

| Input Bit | Complexity | Occurrences | Output Occurrences |
|:---------:|:----------:|:-----------:|:------------------:|
| iv_016 | 1.1622096948974985 × 10^354 | 4547 | 79 |
| iv_001 | 3.5487929435643155 × 10^354 | 4607 | 68 |
| iv_003 | 4.419047080501055 × 10^355 | 4426 | 79 |
| iv_004 | 9.612231738456143 × 10^355 | 4589 | 83 |
| iv_006 | 2.128306800323595 × 10^356 | 4431 | 79 |
| iv_002 | 2.913824061446932 × 10^356 | 4447 | 85 |
| iv_008 | 3.476418257820295 × 10^356 | 4537 | 83 |
| iv_010 | 5.57829340196322 × 10^356 | 4534 | 86 |
| iv_011 | 7.281713867640081 × 10^356 | 4744 | 77 |
| iv_012 | 9.211175726609713 × 10^356 | 4211 | 86 |
| iv_013 | 1.1416422319727563 × 10^357 | 4603 | 77 |
| iv_005 | 1.770804416952196 × 10^357 | 4815 | 64 |
| iv_009 | 1.8323586158851769 × 10^357 | 4835 | 77 |

### Input Bits Sorted by Occurrences

| Input Bit | Complexity | Occurrences | Output Occurrences |
|:---------:|:----------:|:-----------:|:------------------:|
| iv_012 | 9.211175726609713 × 10^356 | 4211 | 86 |
| iv_003 | 4.419047080501055 × 10^355 | 4426 | 79 |
| iv_006 | 2.128306800323595 × 10^356 | 4431 | 79 |
| iv_002 | 2.913824061446932 × 10^356 | 4447 | 85 |
| iv_010 | 5.57829340196322 × 10^356 | 4534 | 86 |
| iv_008 | 3.476418257820295 × 10^356 | 4537 | 83 |
| iv_016 | 1.1622096948974985 × 10^354 | 4547 | 79 |
| iv_004 | 9.612231738456143 × 10^355 | 4589 | 83 |
| iv_013 | 1.1416422319727563 × 10^357 | 4603 | 77 |
| iv_001 | 3.5487929435643155 × 10^354 | 4607 | 68 |
| iv_011 | 7.281713867640081 × 10^356 | 4744 | 77 |
| iv_005 | 1.770804416952196 × 10^357 | 4815 | 64 |
| iv_009 | 1.8323586158851769 × 10^357 | 4835 | 77 |

### Input Bits Sorted by Output Occurrences

| Input Bit | Complexity | Occurrences | Output Occurrences |
|:---------:|:----------:|:-----------:|:------------------:|
| iv_005 | 1.770804416952196 × 10^357 | 4815 | 64 |
| iv_001 | 3.5487929435643155 × 10^354 | 4607 | 68 |
| iv_013 | 1.1416422319727563 × 10^357 | 4603 | 77 |
| iv_009 | 1.8323586158851769 × 10^357 | 4835 | 77 |
| iv_011 | 7.281713867640081 × 10^356 | 4744 | 77 |
| iv_006 | 2.128306800323595 × 10^356 | 4431 | 79 |
| iv_016 | 1.1622096948974985 × 10^354 | 4547 | 79 |
| iv_003 | 4.419047080501055 × 10^355 | 4426 | 79 |
| iv_004 | 9.612231738456143 × 10^355 | 4589 | 83 |
| iv_008 | 3.476418257820295 × 10^356 | 4537 | 83 |
| iv_002 | 2.913824061446932 × 10^356 | 4447 | 85 |
| iv_010 | 5.57829340196322 × 10^356 | 4534 | 86 |
| iv_012 | 9.211175726609713 × 10^356 | 4211 | 86 |

## Input Bit Co-occurrences

### Input Bit Co-occurrences Sorted by Co-occurrences

| Input Bits | Co-occurrences | Potential Occurrences | Output Co-occurrences | Potential Output Occurrences |
|:----------:|:--------------:|:---------------------:|:---------------------:|:----------------------------:|
| iv_009-iv_013 | 2338 | 4762 | 30 | 94 |
| iv_004-iv_009 | 2285 | 4854 | 44 | 72 |
| iv_003-iv_009 | 2270 | 4721 | 34 | 88 |
| iv_008-iv_009 | 2259 | 4854 | 44 | 72 |
| iv_005-iv_009 | 2257 | 5136 | 34 | 73 |
| iv_001-iv_006 | 2256 | 4526 | 33 | 81 |
| iv_009-iv_011 | 2240 | 5099 | 35 | 84 |
| iv_011-iv_016 | 2240 | 4811 | 34 | 88 |
| iv_008-iv_013 | 2239 | 4662 | 39 | 82 |
| iv_010-iv_011 | 2237 | 4804 | 44 | 75 |
| iv_003-iv_013 | 2236 | 4557 | 36 | 84 |
| iv_001-iv_011 | 2225 | 4901 | 33 | 79 |
| iv_006-iv_011 | 2222 | 4731 | 39 | 78 |

### Input Bit Co-occurrences Sorted by Potential Occurrences

| Input Bits | Co-occurrences | Potential Occurrences | Output Co-occurrences | Potential Output Occurrences |
|:----------:|:--------------:|:---------------------:|:---------------------:|:----------------------------:|
| iv_003-iv_012 | 2071 | 4495 | 44 | 77 |
| iv_001-iv_006 | 2256 | 4526 | 33 | 81 |
| iv_003-iv_013 | 2236 | 4557 | 36 | 84 |
| iv_002-iv_012 | 2034 | 4590 | 41 | 89 |
| iv_003-iv_004 | 2208 | 4599 | 41 | 80 |
| iv_008-iv_012 | 2064 | 4620 | 43 | 83 |
| iv_003-iv_008 | 2167 | 4629 | 41 | 80 |
| iv_008-iv_013 | 2239 | 4662 | 39 | 82 |
| iv_012-iv_013 | 2075 | 4664 | 37 | 89 |
| iv_006-iv_016 | 2134 | 4710 | 38 | 82 |
| iv_003-iv_009 | 2270 | 4721 | 34 | 88 |
| iv_006-iv_011 | 2222 | 4731 | 39 | 78 |
| iv_010-iv_012 | 2002 | 4741 | 45 | 82 |

### Input Bit Output Co-occurrences Sorted by Output Co-occurrences

| Input Bits | Co-occurrences | Potential Occurrences | Output Co-occurrences | Potential Output Occurrences |
|:----------:|:--------------:|:---------------------:|:---------------------:|:----------------------------:|
| iv_004-iv_010 | 2168 | 4787 | 49 | 71 |
| iv_011-iv_012 | 2040 | 4875 | 49 | 65 |
| iv_002-iv_004 | 2107 | 4822 | 49 | 70 |
| iv_008-iv_010 | 2076 | 4919 | 48 | 73 |
| iv_004-iv_006 | 2017 | 4986 | 46 | 70 |
| iv_008-iv_016 | 2119 | 4846 | 46 | 70 |
| iv_002-iv_009 | 2107 | 5068 | 46 | 70 |
| iv_002-iv_010 | 2026 | 4929 | 46 | 79 |
| iv_006-iv_012 | 1945 | 4752 | 45 | 75 |
| iv_009-iv_010 | 2202 | 4965 | 45 | 73 |
| iv_010-iv_012 | 2002 | 4741 | 45 | 82 |
| iv_002-iv_016 | 2040 | 4914 | 45 | 74 |
| iv_006-iv_010 | 2021 | 4923 | 44 | 77 |

### Input Bit Output Co-occurrences Sorted by Potential Output Occurrences

| Input Bits | Co-occurrences | Potential Occurrences | Output Co-occurrences | Potential Output Occurrences |
|:----------:|:--------------:|:---------------------:|:---------------------:|:----------------------------:|
| iv_001-iv_009 | 2121 | 5200 | 40 | 65 |
| iv_011-iv_012 | 2040 | 4875 | 49 | 65 |
| iv_001-iv_005 | 2089 | 5244 | 32 | 68 |
| iv_004-iv_006 | 2017 | 4986 | 46 | 70 |
| iv_008-iv_016 | 2119 | 4846 | 46 | 70 |
| iv_001-iv_010 | 2139 | 4863 | 42 | 70 |
| iv_002-iv_004 | 2107 | 4822 | 49 | 70 |
| iv_002-iv_009 | 2107 | 5068 | 46 | 70 |
| iv_004-iv_010 | 2168 | 4787 | 49 | 71 |
| iv_004-iv_009 | 2285 | 4854 | 44 | 72 |
| iv_008-iv_009 | 2259 | 4854 | 44 | 72 |
| iv_009-iv_016 | 2142 | 5098 | 42 | 72 |
| iv_001-iv_012 | 2006 | 4806 | 41 | 72 |

## Output Bits

### Output Bits in Regular Order

| Rank | Output Bit | Complexity |
|:----:|:----------:|:----------:|
| 1 | ov_001 | 1.216763740509941 × 10^357 |
| 2 | ov_002 | 1.0624756060343997 × 10^357 |
| 3 | ov_003 | 9.23808923518945 × 10^356 |
| 4 | ov_004 | 7.995252715020026 × 10^356 |
| 5 | ov_005 | 6.884556613422353 × 10^356 |
| 6 | ov_006 | 5.894956862152342 × 10^356 |
| 7 | ov_007 | 5.0160124298695406 × 10^356 |
| 8 | ov_008 | 4.237847716716833 × 10^356 |
| 9 | ov_009 | 3.551119699866587 × 10^356 |
| 10 | ov_010 | 2.9469895264672857 × 10^356 |
| 11 | ov_011 | 2.4211605315012143 × 10^356 |
| 12 | ov_012 | 1.969570456275106 × 10^356 |
| 13 | ov_013 | 1.584762383990206 × 10^356 |
| 14 | ov_014 | 1.2597078915455433 × 10^356 |
| 15 | ov_015 | 9.877956662768892 × 10^355 |
| 16 | ov_016 | 7.628223899801194 × 10^355 |
| 17 | ov_017 | 5.789855620139735 × 10^355 |
| 18 | ov_018 | 4.308779596418537 × 10^355 |
| 19 | ov_019 | 3.1348346000282697 × 10^355 |
| 20 | ov_020 | 2.221739742404111 × 10^355 |
| 21 | ov_021 | 1.5270727039571824 × 10^355 |
| 22 | ov_022 | 1.0122548771205956 × 10^355 |
| 23 | ov_023 | 6.425417101694059 × 10^354 |
| 24 | ov_024 | 3.8701679854650535 × 10^354 |
| 25 | ov_025 | 2.1858853044370608 × 10^354 |
| 26 | ov_026 | 1.1398835229688449 × 10^354 |
| 27 | ov_027 | 5.3769971275616024 × 10^353 |
| 28 | ov_028 | 2.2309040280615387 × 10^353 |
| 29 | ov_029 | 7.803056364332794 × 10^352 |
| 30 | ov_030 | 2.1436076350839013 × 10^352 |
| 31 | ov_031 | 4.184863615870608 × 10^351 |
| 32 | lv_80_m31 | 8.168775916620459 × 10^350 |
| 33 | ov_033 | 1.0113968755386872 × 10^352 |
| 34 | ov_034 | 8.836691829855222 × 10^351 |
| 35 | ov_035 | 7.68970335261688 × 10^351 |
| 36 | ov_036 | 6.662494463398268 × 10^351 |
| 37 | ov_037 | 5.74514121457924 × 10^351 |
| 38 | ov_038 | 4.928263622813118 × 10^351 |
| 39 | ov_039 | 4.202989810048905 × 10^351 |
| 40 | ov_040 | 3.5609247815690025 × 10^351 |
| 41 | ov_041 | 2.994123413162053 × 10^351 |
| 42 | ov_042 | 2.4950672430415516 × 10^351 |
| 43 | ov_043 | 2.0566446867637038 × 10^351 |
| 44 | ov_044 | 1.6753994006626813 × 10^351 |
| 45 | ov_045 | 1.348066299415069 × 10^351 |
| 46 | ov_046 | 1.0715651976770636 × 10^351 |
| 47 | ov_047 | 8.402704819085416 × 10^350 |
| 48 | ov_048 | 6.489039810573967 × 10^350 |
| 49 | ov_049 | 4.9252889706783275 × 10^350 |
| 50 | ov_050 | 3.665450752701101 × 10^350 |
| 51 | ov_051 | 2.666853975530505 × 10^350 |
| 52 | ov_052 | 1.8901310089990578 × 10^350 |
| 53 | ov_053 | 1.2991984349666763 × 10^350 |
| 54 | ov_054 | 8.612436021900739 × 10^349 |
| 55 | ov_055 | 5.467156888241212 × 10^349 |
| 56 | ov_056 | 3.2932008208296074 × 10^349 |
| 57 | ov_057 | 1.860150802269663 × 10^349 |
| 58 | ov_058 | 9.701011766298648 × 10^348 |
| 59 | ov_059 | 4.576490792169456 × 10^348 |
| 60 | ov_060 | 1.8989083590738807 × 10^348 |
| 61 | ov_061 | 6.642070515639051 × 10^347 |
| 62 | ov_062 | 1.8246452146397492 × 10^347 |
| 63 | ov_063 | 3.561927248969812 × 10^346 |
| 64 | lv_79_m31 | 6.952027706857987 × 10^345 |
| 65 | ov_065 | 8.529267230639745 × 10^346 |
| 66 | ov_066 | 8.529224289696561 × 10^346 |
| 67 | ov_067 | 8.529213880374138 × 10^346 |
| 68 | ov_068 | 7.445136015373827 × 10^346 |
| 69 | ov_069 | 6.470022461335894 × 10^346 |
| 70 | ov_070 | 5.5957439770516516 × 10^346 |
| 71 | ov_071 | 4.8146278111638715 × 10^346 |
| 72 | ov_072 | 4.119425040390538 × 10^346 |
| 73 | ov_073 | 3.503281826007783 × 10^346 |
| 74 | ov_074 | 2.959714200877737 × 10^346 |
| 75 | ov_075 | 2.4825860626637873 × 10^346 |
| 76 | ov_076 | 2.066090150846908 × 10^346 |
| 77 | ov_077 | 1.7047318024263936 × 10^346 |
| 78 | ov_078 | 1.3933152187000457 × 10^346 |
| 79 | ov_079 | 1.126931954423211 × 10^346 |
| 80 | ov_080 | 9.009513586352888 × 10^345 |
| 81 | ov_081 | 7.110127140668912 × 10^345 |
| 82 | ov_082 | 5.530188393823543 × 10^345 |
| 83 | ov_083 | 4.231309597857964 × 10^345 |
| 84 | ov_084 | 3.17764692634134 × 10^345 |
| 85 | ov_085 | 2.335869874092386 × 10^345 |
| 86 | ov_086 | 1.6751385203290244 × 10^345 |
| 87 | ov_087 | 1.1670871423606227 × 10^345 |
| 88 | ov_088 | 7.858128339013733 × 10^344 |
| 89 | ov_089 | 5.0786794886406417 × 10^344 |
| 90 | ov_090 | 3.122553581759276 × 10^344 |
| 91 | ov_091 | 1.8042567379731578 × 10^344 |
| 92 | ov_092 | 9.627576074608434 × 10^343 |
| 93 | ov_093 | 4.6148023138095526 × 10^343 |
| 94 | ov_094 | 1.8830107165919785 × 10^343 |
| 95 | aaa_78_28 | 5.554799379603953 × 10^342 |
| 96 | aaa_78_29 | 1.8750902101210554 × 10^342 |
| 97 | ov_097 | 1.282744641706562 × 10^342 |
| 98 | ov_098 | 1.2827410253632867 × 10^342 |
| 99 | ov_099 | 1.282740149850135 × 10^342 |
| 100 | ov_100 | 1.1189324030989023 × 10^342 |
| 101 | ov_101 | 9.720190835904002 × 10^341 |
| 102 | ov_102 | 8.406396706166292 × 10^341 |
| 103 | ov_103 | 7.235099115346587 × 10^341 |
| 104 | ov_104 | 6.1941668729399 × 10^341 |
| 105 | ov_105 | 5.272134973319193 × 10^341 |
| 106 | ov_106 | 4.458164892882909 × 10^341 |
| 107 | ov_107 | 3.7420096705579555 × 10^341 |
| 108 | ov_108 | 3.1139832615239174 × 10^341 |
| 109 | ov_109 | 2.5649338003614717 × 10^341 |
| 110 | ov_110 | 2.090415791669219 × 10^341 |
| 111 | ov_111 | 1.6862339138544302 × 10^341 |
| 112 | ov_112 | 1.3447130684842883 × 10^341 |
| 113 | ov_113 | 1.0586386830890594 × 10^341 |
| 114 | ov_114 | 8.212453263739875 × 10^340 |
| 115 | ov_115 | 6.2620765533712826 × 10^340 |
| 116 | ov_116 | 4.676334098263626 × 10^340 |
| 117 | ov_117 | 3.400581295941682 × 10^340 |
| 118 | ov_118 | 2.408559713984496 × 10^340 |
| 119 | ov_119 | 1.654075704081319 × 10^340 |
| 120 | ov_120 | 1.0951285575740378 × 10^340 |
| 121 | ov_121 | 6.938983041910082 × 10^339 |
| 122 | ov_122 | 4.1673824804134073 × 10^339 |
| 123 | ov_123 | 2.3417073154291115 × 10^339 |
| 124 | ov_124 | 1.2088494577070946 × 10^339 |
| 125 | ov_125 | 5.573592399863262 × 10^338 |
| 126 | ov_126 | 2.174414426794649 × 10^338 |
| 127 | aaa_77_28 | 6.0954012462821026 × 10^337 |
| 128 | aaa_77_29 | 1.8550903677867737 × 10^337 |
| 129 | ov_129 | 1.1056418784415533 × 10^337 |
| 130 | ov_130 | 1.1056382623350073 × 10^337 |
| 131 | ov_131 | 1.105637385218527 × 10^337 |
| 132 | ov_132 | 9.648632020454046 × 10^336 |
| 133 | ov_133 | 8.393456588349641 × 10^336 |
| 134 | ov_134 | 7.2773374727225695 × 10^336 |
| 135 | ov_135 | 6.287533653334352 × 10^336 |
| 136 | ov_136 | 5.412020501348429 × 10^336 |
| 137 | ov_137 | 4.639442904698897 × 10^336 |
| 138 | ov_138 | 3.959073635704743 × 10^336 |
| 139 | ov_139 | 3.3607765646469276 × 10^336 |
| 140 | ov_140 | 2.8349743876181764 × 10^336 |
| 141 | ov_141 | 2.3726205556648224 × 10^336 |
| 142 | ov_142 | 1.9651751103132427 × 10^336 |
| 143 | ov_143 | 1.608491934598545 × 10^336 |
| 144 | ov_144 | 1.2986632420525153 × 10^336 |
| 145 | ov_145 | 1.0320118041391645 × 10^336 |
| 146 | ov_146 | 8.050846563692695 × 10^335 |
| 147 | ov_147 | 6.146480999832619 × 10^335 |
| 148 | ov_148 | 4.576838050219583 × 10^335 |
| 149 | ov_149 | 3.3138583675655986 × 10^335 |
| 150 | ov_150 | 2.3315844353675673 × 10^335 |
| 151 | ov_151 | 1.5843477042974784 × 10^335 |
| 152 | ov_152 | 1.0306217424173433 × 10^335 |
| 153 | ov_153 | 6.330101903505413 × 10^334 |
| 154 | ov_154 | 3.582393760584502 × 10^334 |
| 155 | ov_155 | 1.7715410448010588 × 10^334 |
| 156 | aaa_76_25 | 6.471551443653136 × 10^333 |
| 157 | aaa_76_26 | 3.380111484220308 × 10^333 |
| 158 | aaa_76_27 | 1.5580626849982844 × 10^333 |
| 159 | aaa_76_28 | 6.077350020531711 × 10^332 |
| 160 | aaa_76_29 | 1.8522739378877963 × 10^332 |

### Output Bits Sorted by Complexity

| Rank | Output Bit | Complexity |
|:----:|:----------:|:----------:|
| 160 | aaa_76_29 | 1.8522739378877963 × 10^332 |
| 159 | aaa_76_28 | 6.077350020531711 × 10^332 |
| 158 | aaa_76_27 | 1.5580626849982844 × 10^333 |
| 157 | aaa_76_26 | 3.380111484220308 × 10^333 |
| 156 | aaa_76_25 | 6.471551443653136 × 10^333 |
| 155 | ov_155 | 1.7715410448010588 × 10^334 |
| 154 | ov_154 | 3.582393760584502 × 10^334 |
| 153 | ov_153 | 6.330101903505413 × 10^334 |
| 152 | ov_152 | 1.0306217424173433 × 10^335 |
| 151 | ov_151 | 1.5843477042974784 × 10^335 |
| 150 | ov_150 | 2.3315844353675673 × 10^335 |
| 149 | ov_149 | 3.3138583675655986 × 10^335 |
| 148 | ov_148 | 4.576838050219583 × 10^335 |
| 147 | ov_147 | 6.146480999832619 × 10^335 |
| 146 | ov_146 | 8.050846563692695 × 10^335 |
| 145 | ov_145 | 1.0320118041391645 × 10^336 |
| 144 | ov_144 | 1.2986632420525153 × 10^336 |
| 143 | ov_143 | 1.608491934598545 × 10^336 |
| 142 | ov_142 | 1.9651751103132427 × 10^336 |
| 141 | ov_141 | 2.3726205556648224 × 10^336 |
| 140 | ov_140 | 2.8349743876181764 × 10^336 |
| 139 | ov_139 | 3.3607765646469276 × 10^336 |
| 138 | ov_138 | 3.959073635704743 × 10^336 |
| 137 | ov_137 | 4.639442904698897 × 10^336 |
| 136 | ov_136 | 5.412020501348429 × 10^336 |
| 135 | ov_135 | 6.287533653334352 × 10^336 |
| 134 | ov_134 | 7.2773374727225695 × 10^336 |
| 133 | ov_133 | 8.393456588349641 × 10^336 |
| 132 | ov_132 | 9.648632020454046 × 10^336 |
| 131 | ov_131 | 1.105637385218527 × 10^337 |
| 130 | ov_130 | 1.1056382623350073 × 10^337 |
| 129 | ov_129 | 1.1056418784415533 × 10^337 |
| 128 | aaa_77_29 | 1.8550903677867737 × 10^337 |
| 127 | aaa_77_28 | 6.0954012462821026 × 10^337 |
| 126 | ov_126 | 2.174414426794649 × 10^338 |
| 125 | ov_125 | 5.573592399863262 × 10^338 |
| 124 | ov_124 | 1.2088494577070946 × 10^339 |
| 123 | ov_123 | 2.3417073154291115 × 10^339 |
| 122 | ov_122 | 4.1673824804134073 × 10^339 |
| 121 | ov_121 | 6.938983041910082 × 10^339 |
| 120 | ov_120 | 1.0951285575740378 × 10^340 |
| 119 | ov_119 | 1.654075704081319 × 10^340 |
| 118 | ov_118 | 2.408559713984496 × 10^340 |
| 117 | ov_117 | 3.400581295941682 × 10^340 |
| 116 | ov_116 | 4.676334098263626 × 10^340 |
| 115 | ov_115 | 6.2620765533712826 × 10^340 |
| 114 | ov_114 | 8.212453263739875 × 10^340 |
| 113 | ov_113 | 1.0586386830890594 × 10^341 |
| 112 | ov_112 | 1.3447130684842883 × 10^341 |
| 111 | ov_111 | 1.6862339138544302 × 10^341 |
| 110 | ov_110 | 2.090415791669219 × 10^341 |
| 109 | ov_109 | 2.5649338003614717 × 10^341 |
| 108 | ov_108 | 3.1139832615239174 × 10^341 |
| 107 | ov_107 | 3.7420096705579555 × 10^341 |
| 106 | ov_106 | 4.458164892882909 × 10^341 |
| 105 | ov_105 | 5.272134973319193 × 10^341 |
| 104 | ov_104 | 6.1941668729399 × 10^341 |
| 103 | ov_103 | 7.235099115346587 × 10^341 |
| 102 | ov_102 | 8.406396706166292 × 10^341 |
| 101 | ov_101 | 9.720190835904002 × 10^341 |
| 100 | ov_100 | 1.1189324030989023 × 10^342 |
| 99 | ov_099 | 1.282740149850135 × 10^342 |
| 98 | ov_098 | 1.2827410253632867 × 10^342 |
| 97 | ov_097 | 1.282744641706562 × 10^342 |
| 96 | aaa_78_29 | 1.8750902101210554 × 10^342 |
| 95 | aaa_78_28 | 5.554799379603953 × 10^342 |
| 94 | ov_094 | 1.8830107165919785 × 10^343 |
| 93 | ov_093 | 4.6148023138095526 × 10^343 |
| 92 | ov_092 | 9.627576074608434 × 10^343 |
| 91 | ov_091 | 1.8042567379731578 × 10^344 |
| 90 | ov_090 | 3.122553581759276 × 10^344 |
| 89 | ov_089 | 5.0786794886406417 × 10^344 |
| 88 | ov_088 | 7.858128339013733 × 10^344 |
| 87 | ov_087 | 1.1670871423606227 × 10^345 |
| 86 | ov_086 | 1.6751385203290244 × 10^345 |
| 85 | ov_085 | 2.335869874092386 × 10^345 |
| 84 | ov_084 | 3.17764692634134 × 10^345 |
| 83 | ov_083 | 4.231309597857964 × 10^345 |
| 82 | ov_082 | 5.530188393823543 × 10^345 |
| 64 | lv_79_m31 | 6.952027706857987 × 10^345 |
| 81 | ov_081 | 7.110127140668912 × 10^345 |
| 80 | ov_080 | 9.009513586352888 × 10^345 |
| 79 | ov_079 | 1.126931954423211 × 10^346 |
| 78 | ov_078 | 1.3933152187000457 × 10^346 |
| 77 | ov_077 | 1.7047318024263936 × 10^346 |
| 76 | ov_076 | 2.066090150846908 × 10^346 |
| 75 | ov_075 | 2.4825860626637873 × 10^346 |
| 74 | ov_074 | 2.959714200877737 × 10^346 |
| 73 | ov_073 | 3.503281826007783 × 10^346 |
| 63 | ov_063 | 3.561927248969812 × 10^346 |
| 72 | ov_072 | 4.119425040390538 × 10^346 |
| 71 | ov_071 | 4.8146278111638715 × 10^346 |
| 70 | ov_070 | 5.5957439770516516 × 10^346 |
| 69 | ov_069 | 6.470022461335894 × 10^346 |
| 68 | ov_068 | 7.445136015373827 × 10^346 |
| 67 | ov_067 | 8.529213880374138 × 10^346 |
| 66 | ov_066 | 8.529224289696561 × 10^346 |
| 65 | ov_065 | 8.529267230639745 × 10^346 |
| 62 | ov_062 | 1.8246452146397492 × 10^347 |
| 61 | ov_061 | 6.642070515639051 × 10^347 |
| 60 | ov_060 | 1.8989083590738807 × 10^348 |
| 59 | ov_059 | 4.576490792169456 × 10^348 |
| 58 | ov_058 | 9.701011766298648 × 10^348 |
| 57 | ov_057 | 1.860150802269663 × 10^349 |
| 56 | ov_056 | 3.2932008208296074 × 10^349 |
| 55 | ov_055 | 5.467156888241212 × 10^349 |
| 54 | ov_054 | 8.612436021900739 × 10^349 |
| 53 | ov_053 | 1.2991984349666763 × 10^350 |
| 52 | ov_052 | 1.8901310089990578 × 10^350 |
| 51 | ov_051 | 2.666853975530505 × 10^350 |
| 50 | ov_050 | 3.665450752701101 × 10^350 |
| 49 | ov_049 | 4.9252889706783275 × 10^350 |
| 48 | ov_048 | 6.489039810573967 × 10^350 |
| 32 | lv_80_m31 | 8.168775916620459 × 10^350 |
| 47 | ov_047 | 8.402704819085416 × 10^350 |
| 46 | ov_046 | 1.0715651976770636 × 10^351 |
| 45 | ov_045 | 1.348066299415069 × 10^351 |
| 44 | ov_044 | 1.6753994006626813 × 10^351 |
| 43 | ov_043 | 2.0566446867637038 × 10^351 |
| 42 | ov_042 | 2.4950672430415516 × 10^351 |
| 41 | ov_041 | 2.994123413162053 × 10^351 |
| 40 | ov_040 | 3.5609247815690025 × 10^351 |
| 31 | ov_031 | 4.184863615870608 × 10^351 |
| 39 | ov_039 | 4.202989810048905 × 10^351 |
| 38 | ov_038 | 4.928263622813118 × 10^351 |
| 37 | ov_037 | 5.74514121457924 × 10^351 |
| 36 | ov_036 | 6.662494463398268 × 10^351 |
| 35 | ov_035 | 7.68970335261688 × 10^351 |
| 34 | ov_034 | 8.836691829855222 × 10^351 |
| 33 | ov_033 | 1.0113968755386872 × 10^352 |
| 30 | ov_030 | 2.1436076350839013 × 10^352 |
| 29 | ov_029 | 7.803056364332794 × 10^352 |
| 28 | ov_028 | 2.2309040280615387 × 10^353 |
| 27 | ov_027 | 5.3769971275616024 × 10^353 |
| 26 | ov_026 | 1.1398835229688449 × 10^354 |
| 25 | ov_025 | 2.1858853044370608 × 10^354 |
| 24 | ov_024 | 3.8701679854650535 × 10^354 |
| 23 | ov_023 | 6.425417101694059 × 10^354 |
| 22 | ov_022 | 1.0122548771205956 × 10^355 |
| 21 | ov_021 | 1.5270727039571824 × 10^355 |
| 20 | ov_020 | 2.221739742404111 × 10^355 |
| 19 | ov_019 | 3.1348346000282697 × 10^355 |
| 18 | ov_018 | 4.308779596418537 × 10^355 |
| 17 | ov_017 | 5.789855620139735 × 10^355 |
| 16 | ov_016 | 7.628223899801194 × 10^355 |
| 15 | ov_015 | 9.877956662768892 × 10^355 |
| 14 | ov_014 | 1.2597078915455433 × 10^356 |
| 13 | ov_013 | 1.584762383990206 × 10^356 |
| 12 | ov_012 | 1.969570456275106 × 10^356 |
| 11 | ov_011 | 2.4211605315012143 × 10^356 |
| 10 | ov_010 | 2.9469895264672857 × 10^356 |
| 9 | ov_009 | 3.551119699866587 × 10^356 |
| 8 | ov_008 | 4.237847716716833 × 10^356 |
| 7 | ov_007 | 5.0160124298695406 × 10^356 |
| 6 | ov_006 | 5.894956862152342 × 10^356 |
| 5 | ov_005 | 6.884556613422353 × 10^356 |
| 4 | ov_004 | 7.995252715020026 × 10^356 |
| 3 | ov_003 | 9.23808923518945 × 10^356 |
| 2 | ov_002 | 1.0624756060343997 × 10^357 |
| 1 | ov_001 | 1.216763740509941 × 10^357 |

