# Results for F001-F002-F003-F004-F005-F006-F007-F008-F009-F010-F011-F012-F013-F014-F015-F016-F017-F018-F019-F020-F021-F022-F023-F024-F025-F026-F027-F028-F029-F030-F031-F032-F033-F034-F035-F036-F037-F038-F039-F040-F041-F042-F043-F044-F045-F046-F047-F048-F049-F050-F051-F052-F053-F054-F055-F056-F057-F058-F059-F060-F061-F062-F063-F064-F065-F066-F067-F068-F069-F070-F071-F072-F073-F074-F075-F076-F077-F078-F079-F080-F081-F082-F083-F084-F085-F086-F087-F088-F089-F090-F091-F092-F093-F094-F095-F096-F097-F098-F099-F100-F101-F102-F103-F104-F105-F106-F107-F108-F109-F110-F111-F112-F113-F114-F115-F116-F117-F118-F119-F120-F121-F122-F123-F124-F125-F126-F127-F128-F129-F130-F131-F132-F133-F134-F135-F136-F137-F138-F139-F140-F141-F142-F143-F144-F145-F146-F147-F148-F149-F150-F151-F152-F153-F154-F155-F156-F157-F158-F159-F160-F161-F162-F163-F164-F165-F166-F167-F168-F169-F170-F171-F172-F173-F174-F175-F176-F177-F178-F179-F180-F181-F182-F183-F184-F185-F186-F187-F188-F189-F190-F191-F192-F193-F194-F195-F196-F197-F198-F199-F200-F201-F202-F203-F204-F205-F206-F207-F208-F209-F210-F211-F212-F213-F214-F215-F216-F217-F218-F219-F220-F221-F222-F223-F224-F225-F226-F227-F228-F229-F230-F231-F232-F233-F234-F235-F236-F237-F238-F239-F240-F241-F242-F243-F244-F245-F246-F247-F248-F249-F250-F251-F252-F253-F254-F255-F256-F257-F258-F259-F260-F261-F262-F263-F264-F265-F266-F267-F268-F269-F270-F271-F272-F273-F274-F275-F276-F277-F278-F279-F280-F281-F282-F283-F284-F285-F286-F287-F288-F289-F290-F291-F292-F293-F294-F295-F296-F297-F298-F299-F300-F301-F302-F303-F304-F305-F306-F307-F308-F309-F310-F311-F312-F313-F314-F315-F316-F317-F318-F319-F320-F321-F322-F323-F324-F325-F326-F327-F328-F329-F330-F331-F332-F333-F334-F335-F336-F337-F338-F339-F340-F341-F342-F343-F344-F345-F346-F347-F348-F349-F350-F351-F352-F353-F354-F355-F356-F357-F358-F359-F360-F361-F362-F363-F364-F365-F366-F367-F368-F369-F370-F371-F372-F373-F374-F375-F376-F377-F378-F379-F380-F381-F382-F383-F384-F385-F386-F387-F388-F389-F390-F391-F392-F393-F394-F395-F396-F397-F398-F399-F400-F401-F402-F403-F404-F405-F406-F407-F408-F409-F410-F411-F412-F413-F414-F415-F416-F417-F418-F419-F420-F421-F422-F423-F424-F425-F426-F427-F428-F429-F430-F431-F432-F433-F434-F435-F436-F437-F438-F439-F440-F441-F442-F443-F444-F445-F446-F447-F448-F449-F450-F451-F452-F453-F454-F455-F456-F457-F458-F459-F460-F461-F462-F463-F464-F465-F466-F467-F468-F469-F470-F471-F472-F473-F474-F475-F476-F477-F478-F479-F480-F481-F482-F483-F484-F485-F486-F487-F488-F489-F490-F491-F492-F493-F494-F495-F496-O500505-T509-F512

## Summary

Number of input bits: 512  
Number of free input bits: 13  
Number of output bits: 160

Number of direct occurrences: 54542  
Number of assignments: 32173  
Number of operations: 11900226
(xor: 11870591,
and: 15974,
or: 13661)

Total complexity: 5.549399913910038 × 10^308

Least occurring input variable: iv_498 (4021)  
Most occurring input variable: iv_503 (4331)

Most co-occurring input variables: iv_503-iv_511 (2133)  
Least co-occurring input variables: iv_498-iv_499 (1818)

Potentially most occurring input variable: iv_500/iv_511 (4666)  
Potentially least occurring input variable: iv_498/iv_506 (4275)

Least output occurring input variable: iv_500 (62)  
Most output occurring input variable: iv_503 (92)

Most output co-occurring input variables: iv_503-iv_510 (52)  
Least output co-occurring input variables: iv_499-iv_500 (23)

Potentially most output occurring input variable: iv_507/iv_511 (91)  
Potentially least output occurring input variable: iv_497/iv_502 (69)

Least complex input bit: iv_511 (4.353349730827232 × 10^304)  
Most complex input bit: iv_510 (1.5347673533774015 × 10^308)

Least complex output bit: aaa_76_29 (1.417859179053949 × 10^283)  
Most complex output bit: ov_001 (8.675756453358631 × 10^307)

Least complex input/output complexity: iv_511/aaa_76_29 (1.1122710511480163 × 10^279)  
Most complex input/output complexity: iv_510/ov_001 (2.3994067785765956 × 10^307)

## Input Bits

### Input Bits in Regular Order

| Input Bit | Complexity | Occurrences | Output Occurrences |
|:---------:|:----------:|:-----------:|:------------------:|
| iv_497 | 6.954365927589906 × 10^305 | 4157 | 73 |
| iv_498 | 1.3861231461015285 × 10^306 | 4021 | 82 |
| iv_499 | 2.439952888890706 × 10^306 | 4058 | 65 |
| iv_500 | 4.581729638364042 × 10^307 | 4301 | 62 |
| iv_501 | 6.794796082483281 × 10^306 | 4261 | 82 |
| iv_502 | 1.099988426247835 × 10^307 | 4135 | 80 |
| iv_503 | 1.748285297602202 × 10^307 | 4331 | 92 |
| iv_504 | 2.724722030173883 × 10^307 | 4035 | 82 |
| iv_506 | 6.277810820131669 × 10^307 | 4112 | 76 |
| iv_507 | 9.299682550219826 × 10^307 | 4236 | 88 |
| iv_508 | 1.3278122621832695 × 10^308 | 4322 | 84 |
| iv_510 | 1.5347673533774015 × 10^308 | 4252 | 87 |
| iv_511 | 4.353349730827232 × 10^304 | 4321 | 87 |

### Input Bits Sorted by Complexity

| Input Bit | Complexity | Occurrences | Output Occurrences |
|:---------:|:----------:|:-----------:|:------------------:|
| iv_511 | 4.353349730827232 × 10^304 | 4321 | 87 |
| iv_497 | 6.954365927589906 × 10^305 | 4157 | 73 |
| iv_498 | 1.3861231461015285 × 10^306 | 4021 | 82 |
| iv_499 | 2.439952888890706 × 10^306 | 4058 | 65 |
| iv_501 | 6.794796082483281 × 10^306 | 4261 | 82 |
| iv_502 | 1.099988426247835 × 10^307 | 4135 | 80 |
| iv_503 | 1.748285297602202 × 10^307 | 4331 | 92 |
| iv_504 | 2.724722030173883 × 10^307 | 4035 | 82 |
| iv_500 | 4.581729638364042 × 10^307 | 4301 | 62 |
| iv_506 | 6.277810820131669 × 10^307 | 4112 | 76 |
| iv_507 | 9.299682550219826 × 10^307 | 4236 | 88 |
| iv_508 | 1.3278122621832695 × 10^308 | 4322 | 84 |
| iv_510 | 1.5347673533774015 × 10^308 | 4252 | 87 |

### Input Bits Sorted by Occurrences

| Input Bit | Complexity | Occurrences | Output Occurrences |
|:---------:|:----------:|:-----------:|:------------------:|
| iv_498 | 1.3861231461015285 × 10^306 | 4021 | 82 |
| iv_504 | 2.724722030173883 × 10^307 | 4035 | 82 |
| iv_499 | 2.439952888890706 × 10^306 | 4058 | 65 |
| iv_506 | 6.277810820131669 × 10^307 | 4112 | 76 |
| iv_502 | 1.099988426247835 × 10^307 | 4135 | 80 |
| iv_497 | 6.954365927589906 × 10^305 | 4157 | 73 |
| iv_507 | 9.299682550219826 × 10^307 | 4236 | 88 |
| iv_510 | 1.5347673533774015 × 10^308 | 4252 | 87 |
| iv_501 | 6.794796082483281 × 10^306 | 4261 | 82 |
| iv_500 | 4.581729638364042 × 10^307 | 4301 | 62 |
| iv_511 | 4.353349730827232 × 10^304 | 4321 | 87 |
| iv_508 | 1.3278122621832695 × 10^308 | 4322 | 84 |
| iv_503 | 1.748285297602202 × 10^307 | 4331 | 92 |

### Input Bits Sorted by Output Occurrences

| Input Bit | Complexity | Occurrences | Output Occurrences |
|:---------:|:----------:|:-----------:|:------------------:|
| iv_500 | 4.581729638364042 × 10^307 | 4301 | 62 |
| iv_499 | 2.439952888890706 × 10^306 | 4058 | 65 |
| iv_497 | 6.954365927589906 × 10^305 | 4157 | 73 |
| iv_506 | 6.277810820131669 × 10^307 | 4112 | 76 |
| iv_502 | 1.099988426247835 × 10^307 | 4135 | 80 |
| iv_504 | 2.724722030173883 × 10^307 | 4035 | 82 |
| iv_501 | 6.794796082483281 × 10^306 | 4261 | 82 |
| iv_498 | 1.3861231461015285 × 10^306 | 4021 | 82 |
| iv_508 | 1.3278122621832695 × 10^308 | 4322 | 84 |
| iv_510 | 1.5347673533774015 × 10^308 | 4252 | 87 |
| iv_511 | 4.353349730827232 × 10^304 | 4321 | 87 |
| iv_507 | 9.299682550219826 × 10^307 | 4236 | 88 |
| iv_503 | 1.748285297602202 × 10^307 | 4331 | 92 |

## Input Bit Co-occurrences

### Input Bit Co-occurrences Sorted by Co-occurrences

| Input Bits | Co-occurrences | Potential Occurrences | Output Co-occurrences | Potential Output Occurrences |
|:----------:|:--------------:|:---------------------:|:---------------------:|:----------------------------:|
| iv_503-iv_511 | 2133 | 4386 | 48 | 83 |
| iv_501-iv_511 | 2118 | 4346 | 44 | 81 |
| iv_507-iv_508 | 2112 | 4334 | 41 | 90 |
| iv_508-iv_511 | 2106 | 4431 | 42 | 87 |
| iv_503-iv_508 | 2083 | 4487 | 51 | 74 |
| iv_503-iv_510 | 2080 | 4423 | 52 | 75 |
| iv_500-iv_508 | 2071 | 4481 | 31 | 84 |
| iv_500-iv_503 | 2069 | 4494 | 37 | 80 |
| iv_501-iv_503 | 2065 | 4462 | 46 | 82 |
| iv_503-iv_507 | 2063 | 4441 | 49 | 82 |
| iv_500-iv_501 | 2056 | 4450 | 35 | 74 |
| iv_510-iv_511 | 2049 | 4475 | 47 | 80 |
| iv_499-iv_503 | 2047 | 4295 | 38 | 81 |

### Input Bit Co-occurrences Sorted by Potential Occurrences

| Input Bits | Co-occurrences | Potential Occurrences | Output Co-occurrences | Potential Output Occurrences |
|:----------:|:--------------:|:---------------------:|:---------------------:|:----------------------------:|
| iv_498-iv_506 | 1929 | 4275 | 38 | 82 |
| iv_497-iv_504 | 1958 | 4276 | 38 | 79 |
| iv_499-iv_503 | 2047 | 4295 | 38 | 81 |
| iv_506-iv_507 | 2026 | 4296 | 41 | 82 |
| iv_499-iv_502 | 1948 | 4297 | 33 | 79 |
| iv_502-iv_504 | 1931 | 4308 | 39 | 84 |
| iv_497-iv_502 | 1990 | 4312 | 42 | 69 |
| iv_498-iv_501 | 1980 | 4322 | 43 | 78 |
| iv_504-iv_507 | 1972 | 4327 | 48 | 74 |
| iv_498-iv_502 | 1914 | 4328 | 43 | 76 |
| iv_507-iv_508 | 2112 | 4334 | 41 | 90 |
| iv_504-iv_510 | 1973 | 4341 | 42 | 85 |
| iv_501-iv_511 | 2118 | 4346 | 44 | 81 |

### Input Bit Output Co-occurrences Sorted by Output Co-occurrences

| Input Bits | Co-occurrences | Potential Occurrences | Output Co-occurrences | Potential Output Occurrences |
|:----------:|:--------------:|:---------------------:|:---------------------:|:----------------------------:|
| iv_503-iv_510 | 2080 | 4423 | 52 | 75 |
| iv_503-iv_508 | 2083 | 4487 | 51 | 74 |
| iv_508-iv_510 | 2010 | 4554 | 50 | 71 |
| iv_503-iv_507 | 2063 | 4441 | 49 | 82 |
| iv_502-iv_511 | 2042 | 4372 | 49 | 69 |
| iv_502-iv_503 | 2034 | 4398 | 48 | 76 |
| iv_504-iv_507 | 1972 | 4327 | 48 | 74 |
| iv_503-iv_511 | 2133 | 4386 | 48 | 83 |
| iv_498-iv_511 | 1928 | 4486 | 48 | 73 |
| iv_503-iv_504 | 1960 | 4446 | 47 | 80 |
| iv_510-iv_511 | 2049 | 4475 | 47 | 80 |
| iv_498-iv_503 | 1954 | 4444 | 47 | 80 |
| iv_501-iv_503 | 2065 | 4462 | 46 | 82 |

### Input Bit Output Co-occurrences Sorted by Potential Output Occurrences

| Input Bits | Co-occurrences | Potential Occurrences | Output Co-occurrences | Potential Output Occurrences |
|:----------:|:--------------:|:---------------------:|:---------------------:|:----------------------------:|
| iv_497-iv_502 | 1990 | 4312 | 42 | 69 |
| iv_502-iv_511 | 2042 | 4372 | 49 | 69 |
| iv_497-iv_498 | 1908 | 4362 | 43 | 69 |
| iv_508-iv_510 | 2010 | 4554 | 50 | 71 |
| iv_498-iv_500 | 1947 | 4428 | 36 | 72 |
| iv_499-iv_501 | 1976 | 4367 | 37 | 73 |
| iv_498-iv_511 | 1928 | 4486 | 48 | 73 |
| iv_503-iv_508 | 2083 | 4487 | 51 | 74 |
| iv_504-iv_507 | 1972 | 4327 | 48 | 74 |
| iv_500-iv_501 | 2056 | 4450 | 35 | 74 |
| iv_497-iv_506 | 1931 | 4407 | 37 | 75 |
| iv_503-iv_510 | 2080 | 4423 | 52 | 75 |
| iv_502-iv_503 | 2034 | 4398 | 48 | 76 |

## Output Bits

### Output Bits in Regular Order

| Rank | Output Bit | Complexity |
|:----:|:----------:|:----------:|
| 1 | ov_001 | 8.675756453358631 × 10^307 |
| 2 | ov_002 | 7.549333102053076 × 10^307 |
| 3 | ov_003 | 6.538058177745761 × 10^307 |
| 4 | ov_004 | 5.633297169314831 × 10^307 |
| 5 | ov_005 | 4.8268884536443574 × 10^307 |
| 6 | ov_006 | 4.1111097636535947 × 10^307 |
| 7 | ov_007 | 3.47864900063878 × 10^307 |
| 8 | ov_008 | 2.922579052612557 × 10^307 |
| 9 | ov_009 | 2.4363362506579258 × 10^307 |
| 10 | ov_010 | 2.013702090813649 × 10^307 |
| 11 | ov_011 | 1.6487878698225885 × 10^307 |
| 12 | ov_012 | 1.3360219033450233 × 10^307 |
| 13 | ov_013 | 1.0701390150759667 × 10^307 |
| 14 | ov_014 | 8.461720047031037 × 10^306 |
| 15 | ov_015 | 6.594448218795815 × 10^306 |
| 16 | ov_016 | 5.05567192429178 × 10^306 |
| 17 | ov_017 | 3.8043046190366475 × 10^306 |
| 18 | ov_018 | 2.8020444041554164 × 10^306 |
| 19 | ov_019 | 2.013350514059381 × 10^306 |
| 20 | ov_020 | 1.4054261453359703 × 10^306 |
| 21 | ov_021 | 9.482062920272515 × 10^305 |
| 22 | ov_022 | 6.143494389750268 × 10^305 |
| 23 | ov_023 | 3.7923202804770104 × 10^305 |
| 24 | ov_024 | 2.2094485860768797 × 10^305 |
| 25 | ov_025 | 1.2029088349024173 × 10^305 |
| 26 | ov_026 | 6.078400072300938 × 10^304 |
| 27 | ov_027 | 2.864848449296313 × 10^304 |
| 28 | ov_028 | 1.281876054741924 × 10^304 |
| 29 | ov_029 | 4.9393338239731576 × 10^303 |
| 30 | ov_030 | 1.509972827533515 × 10^303 |
| 31 | ov_031 | 2.9451399176479803 × 10^302 |
| 32 | lv_80_m31 | 5.743323274779469 × 10^301 |
| 33 | ov_033 | 6.9136985564535755 × 10^302 |
| 34 | ov_034 | 6.004087467360251 × 10^302 |
| 35 | ov_035 | 5.189030154277744 × 10^302 |
| 36 | ov_036 | 4.461103981080354 × 10^302 |
| 37 | ov_037 | 3.8132933734950464 × 10^302 |
| 38 | ov_038 | 3.238961045977923 × 10^302 |
| 39 | ov_039 | 2.731822958993273 × 10^302 |
| 40 | ov_040 | 2.285926667664969 × 10^302 |
| 41 | ov_041 | 1.8956327399825068 × 10^302 |
| 42 | ov_042 | 1.5581975724880067 × 10^302 |
| 43 | ov_043 | 1.2685627827810953 × 10^302 |
| 44 | ov_044 | 1.0219427042674565 × 10^302 |
| 45 | ov_045 | 8.138151945462886 × 10^301 |
| 46 | ov_046 | 6.399141496068514 × 10^301 |
| 47 | ov_047 | 4.962234987028972 × 10^301 |
| 48 | ov_048 | 3.7897247039698035 × 10^301 |
| 49 | ov_049 | 2.8463193583550604 × 10^301 |
| 50 | ov_050 | 2.0991165084195586 × 10^301 |
| 51 | ov_051 | 1.517582339094683 × 10^301 |
| 52 | ov_052 | 1.0735373264293446 × 10^301 |
| 53 | ov_053 | 7.411464665182489 × 10^300 |
| 54 | ov_054 | 4.969129033371719 × 10^300 |
| 55 | ov_055 | 3.196739441935364 × 10^300 |
| 56 | ov_056 | 1.994314055389793 × 10^300 |
| 57 | ov_057 | 1.196846518957772 × 10^300 |
| 58 | ov_058 | 6.62625640808912 × 10^299 |
| 59 | ov_059 | 3.266189289869042 × 10^299 |
| 60 | ov_060 | 1.3543883832100222 × 10^299 |
| 61 | ov_061 | 4.734231053422937 × 10^298 |
| 62 | ov_062 | 1.299613882778489 × 10^298 |
| 63 | ov_063 | 2.5349815431520093 × 10^297 |
| 64 | lv_79_m31 | 4.94359907828626 × 10^296 |
| 65 | ov_065 | 5.950269358499022 × 10^297 |
| 66 | ov_066 | 5.9502530956617815 × 10^297 |
| 67 | ov_067 | 5.9502491770880175 × 10^297 |
| 68 | ov_068 | 5.170083122114066 × 10^297 |
| 69 | ov_069 | 4.469931414157994 × 10^297 |
| 70 | ov_070 | 3.8438864070554925 × 10^297 |
| 71 | ov_071 | 3.2863444954535144 × 10^297 |
| 72 | ov_072 | 2.7919845875430575 × 10^297 |
| 73 | ov_073 | 2.3557499025738785 × 10^297 |
| 74 | ov_074 | 1.9728327415497974 × 10^297 |
| 75 | ov_075 | 1.6386618982607818 × 10^297 |
| 76 | ov_076 | 1.3488923958188585 × 10^297 |
| 77 | ov_077 | 1.0993972512580127 × 10^297 |
| 78 | ov_078 | 8.862609876478724 × 10^296 |
| 79 | ov_079 | 7.057746296554538 × 10^296 |
| 80 | ov_080 | 5.544319346525742 × 10^296 |
| 81 | ov_081 | 4.28926627380515 × 10^296 |
| 82 | ov_082 | 3.2615042190807004 × 10^296 |
| 83 | ov_083 | 2.431916302035502 × 10^296 |
| 84 | ov_084 | 1.7733417212518182 × 10^296 |
| 85 | ov_085 | 1.2605683347427907 × 10^296 |
| 86 | ov_086 | 8.70326814868107 × 10^295 |
| 87 | ov_087 | 5.81286040999271 × 10^295 |
| 88 | ov_088 | 3.740495768283306 × 10^295 |
| 89 | ov_089 | 2.3115307928091323 × 10^295 |
| 90 | ov_090 | 1.3706248603001806 × 10^295 |
| 91 | ov_091 | 7.81728286240872 × 10^294 |
| 92 | ov_092 | 4.280751952673724 × 10^294 |
| 93 | ov_093 | 2.121796889717679 × 10^294 |
| 94 | ov_094 | 9.011849635319281 × 10^293 |
| 95 | aaa_78_28 | 2.7607185743400053 × 10^293 |
| 96 | aaa_78_29 | 8.372446796796187 × 10^292 |
| 97 | ov_097 | 4.467931562179638 × 10^292 |
| 98 | ov_098 | 4.467906003992072 × 10^292 |
| 99 | ov_099 | 4.4678978196074326 × 10^292 |
| 100 | ov_100 | 3.805636542161138 × 10^292 |
| 101 | ov_101 | 3.2200591602968607 × 10^292 |
| 102 | ov_102 | 2.7048820446802085 × 10^292 |
| 103 | ov_103 | 2.254170450157287 × 10^292 |
| 104 | ov_104 | 1.8623130736993277 × 10^292 |
| 105 | ov_105 | 1.5239998376274938 × 10^292 |
| 106 | ov_106 | 1.234202609485023 × 10^292 |
| 107 | ov_107 | 9.881585850491236 × 10^291 |
| 108 | ov_108 | 7.81356075528752 × 10^291 |
| 109 | ov_109 | 6.095224540822272 × 10^291 |
| 110 | ov_110 | 4.686140305023324 × 10^291 |
| 111 | ov_111 | 3.548076363353208 × 10^291 |
| 112 | ov_112 | 2.6449371589154867 × 10^291 |
| 113 | ov_113 | 1.942707316255819 × 10^291 |
| 114 | ov_114 | 1.409407052588362 × 10^291 |
| 115 | ov_115 | 1.0150572882503817 × 10^291 |
| 116 | ov_116 | 7.316529256660741 × 10^290 |
| 117 | ov_117 | 5.331428931959287 × 10^290 |
| 118 | ov_118 | 3.954156771092642 × 10^290 |
| 119 | ov_119 | 2.9628919164418445 × 10^290 |
| 120 | ov_120 | 2.1550396377246903 × 10^290 |
| 121 | ov_121 | 1.5114452759830033 × 10^290 |
| 122 | ov_122 | 1.01297105885542 × 10^290 |
| 123 | ov_123 | 6.404891187407157 × 10^289 |
| 124 | ov_124 | 3.748767796767014 × 10^289 |
| 125 | ov_125 | 1.97013634990947 × 10^289 |
| 126 | ov_126 | 8.778005518388436 × 10^288 |
| 127 | aaa_77_28 | 2.8056614557394745 × 10^288 |
| 128 | aaa_77_29 | 1.0533714260333387 × 10^288 |
| 129 | ov_129 | 9.827361594648175 × 10^287 |
| 130 | ov_130 | 9.827333959274082 × 10^287 |
| 131 | ov_131 | 9.827327271230378 × 10^287 |
| 132 | ov_132 | 8.5512557285403 × 10^287 |
| 133 | ov_133 | 7.40401818104912 × 10^287 |
| 134 | ov_134 | 6.375643848144297 × 10^287 |
| 135 | ov_135 | 5.456702019672489 × 10^287 |
| 136 | ov_136 | 4.6382635556577315 × 10^287 |
| 137 | ov_137 | 3.915984805009587 × 10^287 |
| 138 | ov_138 | 3.281844482048302 × 10^287 |
| 139 | ov_139 | 2.7282365103576476 × 10^287 |
| 140 | ov_140 | 2.2479494219435125 × 10^287 |
| 141 | ov_141 | 1.8341491460898765 × 10^287 |
| 142 | ov_142 | 1.4803648008065003 × 10^287 |
| 143 | ov_143 | 1.180477122472473 × 10^287 |
| 144 | ov_144 | 9.287091917224453 × 10^286 |
| 145 | ov_145 | 7.196191358759939 × 10^286 |
| 146 | ov_146 | 5.480945103350715 × 10^286 |
| 147 | ov_147 | 4.093480834144872 × 10^286 |
| 148 | ov_148 | 2.9891477105714083 × 10^286 |
| 149 | ov_149 | 2.1264948984018775 × 10^286 |
| 150 | ov_150 | 1.4672571861313068 × 10^286 |
| 151 | ov_151 | 9.763458103130307 × 10^285 |
| 152 | ov_152 | 6.218429078786176 × 10^285 |
| 153 | ov_153 | 3.749983850719379 × 10^285 |
| 154 | ov_154 | 2.1022826056220863 × 10^285 |
| 155 | ov_155 | 1.0511377138826494 × 10^285 |
| 156 | aaa_76_25 | 4.040088635748969 × 10^284 |
| 157 | aaa_76_26 | 2.3342591970271215 × 10^284 |
| 158 | aaa_76_27 | 1.1955862648241102 × 10^284 |
| 159 | aaa_76_28 | 4.658567121929826 × 10^283 |
| 160 | aaa_76_29 | 1.417859179053949 × 10^283 |

### Output Bits Sorted by Complexity

| Rank | Output Bit | Complexity |
|:----:|:----------:|:----------:|
| 160 | aaa_76_29 | 1.417859179053949 × 10^283 |
| 159 | aaa_76_28 | 4.658567121929826 × 10^283 |
| 158 | aaa_76_27 | 1.1955862648241102 × 10^284 |
| 157 | aaa_76_26 | 2.3342591970271215 × 10^284 |
| 156 | aaa_76_25 | 4.040088635748969 × 10^284 |
| 155 | ov_155 | 1.0511377138826494 × 10^285 |
| 154 | ov_154 | 2.1022826056220863 × 10^285 |
| 153 | ov_153 | 3.749983850719379 × 10^285 |
| 152 | ov_152 | 6.218429078786176 × 10^285 |
| 151 | ov_151 | 9.763458103130307 × 10^285 |
| 150 | ov_150 | 1.4672571861313068 × 10^286 |
| 149 | ov_149 | 2.1264948984018775 × 10^286 |
| 148 | ov_148 | 2.9891477105714083 × 10^286 |
| 147 | ov_147 | 4.093480834144872 × 10^286 |
| 146 | ov_146 | 5.480945103350715 × 10^286 |
| 145 | ov_145 | 7.196191358759939 × 10^286 |
| 144 | ov_144 | 9.287091917224453 × 10^286 |
| 143 | ov_143 | 1.180477122472473 × 10^287 |
| 142 | ov_142 | 1.4803648008065003 × 10^287 |
| 141 | ov_141 | 1.8341491460898765 × 10^287 |
| 140 | ov_140 | 2.2479494219435125 × 10^287 |
| 139 | ov_139 | 2.7282365103576476 × 10^287 |
| 138 | ov_138 | 3.281844482048302 × 10^287 |
| 137 | ov_137 | 3.915984805009587 × 10^287 |
| 136 | ov_136 | 4.6382635556577315 × 10^287 |
| 135 | ov_135 | 5.456702019672489 × 10^287 |
| 134 | ov_134 | 6.375643848144297 × 10^287 |
| 133 | ov_133 | 7.40401818104912 × 10^287 |
| 132 | ov_132 | 8.5512557285403 × 10^287 |
| 131 | ov_131 | 9.827327271230378 × 10^287 |
| 130 | ov_130 | 9.827333959274082 × 10^287 |
| 129 | ov_129 | 9.827361594648175 × 10^287 |
| 128 | aaa_77_29 | 1.0533714260333387 × 10^288 |
| 127 | aaa_77_28 | 2.8056614557394745 × 10^288 |
| 126 | ov_126 | 8.778005518388436 × 10^288 |
| 125 | ov_125 | 1.97013634990947 × 10^289 |
| 124 | ov_124 | 3.748767796767014 × 10^289 |
| 123 | ov_123 | 6.404891187407157 × 10^289 |
| 122 | ov_122 | 1.01297105885542 × 10^290 |
| 121 | ov_121 | 1.5114452759830033 × 10^290 |
| 120 | ov_120 | 2.1550396377246903 × 10^290 |
| 119 | ov_119 | 2.9628919164418445 × 10^290 |
| 118 | ov_118 | 3.954156771092642 × 10^290 |
| 117 | ov_117 | 5.331428931959287 × 10^290 |
| 116 | ov_116 | 7.316529256660741 × 10^290 |
| 115 | ov_115 | 1.0150572882503817 × 10^291 |
| 114 | ov_114 | 1.409407052588362 × 10^291 |
| 113 | ov_113 | 1.942707316255819 × 10^291 |
| 112 | ov_112 | 2.6449371589154867 × 10^291 |
| 111 | ov_111 | 3.548076363353208 × 10^291 |
| 110 | ov_110 | 4.686140305023324 × 10^291 |
| 109 | ov_109 | 6.095224540822272 × 10^291 |
| 108 | ov_108 | 7.81356075528752 × 10^291 |
| 107 | ov_107 | 9.881585850491236 × 10^291 |
| 106 | ov_106 | 1.234202609485023 × 10^292 |
| 105 | ov_105 | 1.5239998376274938 × 10^292 |
| 104 | ov_104 | 1.8623130736993277 × 10^292 |
| 103 | ov_103 | 2.254170450157287 × 10^292 |
| 102 | ov_102 | 2.7048820446802085 × 10^292 |
| 101 | ov_101 | 3.2200591602968607 × 10^292 |
| 100 | ov_100 | 3.805636542161138 × 10^292 |
| 99 | ov_099 | 4.4678978196074326 × 10^292 |
| 98 | ov_098 | 4.467906003992072 × 10^292 |
| 97 | ov_097 | 4.467931562179638 × 10^292 |
| 96 | aaa_78_29 | 8.372446796796187 × 10^292 |
| 95 | aaa_78_28 | 2.7607185743400053 × 10^293 |
| 94 | ov_094 | 9.011849635319281 × 10^293 |
| 93 | ov_093 | 2.121796889717679 × 10^294 |
| 92 | ov_092 | 4.280751952673724 × 10^294 |
| 91 | ov_091 | 7.81728286240872 × 10^294 |
| 90 | ov_090 | 1.3706248603001806 × 10^295 |
| 89 | ov_089 | 2.3115307928091323 × 10^295 |
| 88 | ov_088 | 3.740495768283306 × 10^295 |
| 87 | ov_087 | 5.81286040999271 × 10^295 |
| 86 | ov_086 | 8.70326814868107 × 10^295 |
| 85 | ov_085 | 1.2605683347427907 × 10^296 |
| 84 | ov_084 | 1.7733417212518182 × 10^296 |
| 83 | ov_083 | 2.431916302035502 × 10^296 |
| 82 | ov_082 | 3.2615042190807004 × 10^296 |
| 81 | ov_081 | 4.28926627380515 × 10^296 |
| 64 | lv_79_m31 | 4.94359907828626 × 10^296 |
| 80 | ov_080 | 5.544319346525742 × 10^296 |
| 79 | ov_079 | 7.057746296554538 × 10^296 |
| 78 | ov_078 | 8.862609876478724 × 10^296 |
| 77 | ov_077 | 1.0993972512580127 × 10^297 |
| 76 | ov_076 | 1.3488923958188585 × 10^297 |
| 75 | ov_075 | 1.6386618982607818 × 10^297 |
| 74 | ov_074 | 1.9728327415497974 × 10^297 |
| 73 | ov_073 | 2.3557499025738785 × 10^297 |
| 63 | ov_063 | 2.5349815431520093 × 10^297 |
| 72 | ov_072 | 2.7919845875430575 × 10^297 |
| 71 | ov_071 | 3.2863444954535144 × 10^297 |
| 70 | ov_070 | 3.8438864070554925 × 10^297 |
| 69 | ov_069 | 4.469931414157994 × 10^297 |
| 68 | ov_068 | 5.170083122114066 × 10^297 |
| 67 | ov_067 | 5.9502491770880175 × 10^297 |
| 66 | ov_066 | 5.9502530956617815 × 10^297 |
| 65 | ov_065 | 5.950269358499022 × 10^297 |
| 62 | ov_062 | 1.299613882778489 × 10^298 |
| 61 | ov_061 | 4.734231053422937 × 10^298 |
| 60 | ov_060 | 1.3543883832100222 × 10^299 |
| 59 | ov_059 | 3.266189289869042 × 10^299 |
| 58 | ov_058 | 6.62625640808912 × 10^299 |
| 57 | ov_057 | 1.196846518957772 × 10^300 |
| 56 | ov_056 | 1.994314055389793 × 10^300 |
| 55 | ov_055 | 3.196739441935364 × 10^300 |
| 54 | ov_054 | 4.969129033371719 × 10^300 |
| 53 | ov_053 | 7.411464665182489 × 10^300 |
| 52 | ov_052 | 1.0735373264293446 × 10^301 |
| 51 | ov_051 | 1.517582339094683 × 10^301 |
| 50 | ov_050 | 2.0991165084195586 × 10^301 |
| 49 | ov_049 | 2.8463193583550604 × 10^301 |
| 48 | ov_048 | 3.7897247039698035 × 10^301 |
| 47 | ov_047 | 4.962234987028972 × 10^301 |
| 32 | lv_80_m31 | 5.743323274779469 × 10^301 |
| 46 | ov_046 | 6.399141496068514 × 10^301 |
| 45 | ov_045 | 8.138151945462886 × 10^301 |
| 44 | ov_044 | 1.0219427042674565 × 10^302 |
| 43 | ov_043 | 1.2685627827810953 × 10^302 |
| 42 | ov_042 | 1.5581975724880067 × 10^302 |
| 41 | ov_041 | 1.8956327399825068 × 10^302 |
| 40 | ov_040 | 2.285926667664969 × 10^302 |
| 39 | ov_039 | 2.731822958993273 × 10^302 |
| 31 | ov_031 | 2.9451399176479803 × 10^302 |
| 38 | ov_038 | 3.238961045977923 × 10^302 |
| 37 | ov_037 | 3.8132933734950464 × 10^302 |
| 36 | ov_036 | 4.461103981080354 × 10^302 |
| 35 | ov_035 | 5.189030154277744 × 10^302 |
| 34 | ov_034 | 6.004087467360251 × 10^302 |
| 33 | ov_033 | 6.9136985564535755 × 10^302 |
| 30 | ov_030 | 1.509972827533515 × 10^303 |
| 29 | ov_029 | 4.9393338239731576 × 10^303 |
| 28 | ov_028 | 1.281876054741924 × 10^304 |
| 27 | ov_027 | 2.864848449296313 × 10^304 |
| 26 | ov_026 | 6.078400072300938 × 10^304 |
| 25 | ov_025 | 1.2029088349024173 × 10^305 |
| 24 | ov_024 | 2.2094485860768797 × 10^305 |
| 23 | ov_023 | 3.7923202804770104 × 10^305 |
| 22 | ov_022 | 6.143494389750268 × 10^305 |
| 21 | ov_021 | 9.482062920272515 × 10^305 |
| 20 | ov_020 | 1.4054261453359703 × 10^306 |
| 19 | ov_019 | 2.013350514059381 × 10^306 |
| 18 | ov_018 | 2.8020444041554164 × 10^306 |
| 17 | ov_017 | 3.8043046190366475 × 10^306 |
| 16 | ov_016 | 5.05567192429178 × 10^306 |
| 15 | ov_015 | 6.594448218795815 × 10^306 |
| 14 | ov_014 | 8.461720047031037 × 10^306 |
| 13 | ov_013 | 1.0701390150759667 × 10^307 |
| 12 | ov_012 | 1.3360219033450233 × 10^307 |
| 11 | ov_011 | 1.6487878698225885 × 10^307 |
| 10 | ov_010 | 2.013702090813649 × 10^307 |
| 9 | ov_009 | 2.4363362506579258 × 10^307 |
| 8 | ov_008 | 2.922579052612557 × 10^307 |
| 7 | ov_007 | 3.47864900063878 × 10^307 |
| 6 | ov_006 | 4.1111097636535947 × 10^307 |
| 5 | ov_005 | 4.8268884536443574 × 10^307 |
| 4 | ov_004 | 5.633297169314831 × 10^307 |
| 3 | ov_003 | 6.538058177745761 × 10^307 |
| 2 | ov_002 | 7.549333102053076 × 10^307 |
| 1 | ov_001 | 8.675756453358631 × 10^307 |

