# Results for E002007-E005015-O008014-F017-F018-F019-F020-F021-F022-F023-F024-F025-F026-F027-F028-F029-F030-F031-F032-F033-F034-F035-F036-F037-F038-F039-F040-F041-F042-F043-F044-F045-F046-F047-F048-F049-F050-F051-F052-F053-F054-F055-F056-F057-F058-F059-F060-F061-F062-F063-F064-F065-F066-F067-F068-F069-F070-F071-F072-F073-F074-F075-F076-F077-F078-F079-F080-F081-F082-F083-F084-F085-F086-F087-F088-F089-F090-F091-F092-F093-F094-F095-F096-F097-F098-F099-F100-F101-F102-F103-F104-F105-F106-F107-F108-F109-F110-F111-F112-F113-F114-F115-F116-F117-F118-F119-F120-F121-F122-F123-F124-F125-F126-F127-F128-F129-F130-F131-F132-F133-F134-F135-F136-F137-F138-F139-F140-F141-F142-F143-F144-F145-F146-F147-F148-F149-F150-F151-F152-F153-F154-F155-F156-F157-F158-F159-F160-F161-F162-F163-F164-F165-F166-F167-F168-F169-F170-F171-F172-F173-F174-F175-F176-F177-F178-F179-F180-F181-F182-F183-F184-F185-F186-F187-F188-F189-F190-F191-F192-F193-F194-F195-F196-F197-F198-F199-F200-F201-F202-F203-F204-F205-F206-F207-F208-F209-F210-F211-F212-F213-F214-F215-F216-F217-F218-F219-F220-F221-F222-F223-F224-F225-F226-F227-F228-F229-F230-F231-F232-F233-F234-F235-F236-F237-F238-F239-F240-F241-F242-F243-F244-F245-F246-F247-F248-F249-F250-F251-F252-F253-F254-F255-F256-F257-F258-F259-F260-F261-F262-F263-F264-F265-F266-F267-F268-F269-F270-F271-F272-F273-F274-F275-F276-F277-F278-F279-F280-F281-F282-F283-F284-F285-F286-F287-F288-F289-F290-F291-F292-F293-F294-F295-F296-F297-F298-F299-F300-F301-F302-F303-F304-F305-F306-F307-F308-F309-F310-F311-F312-F313-F314-F315-F316-F317-F318-F319-F320-F321-F322-F323-F324-F325-F326-F327-F328-F329-F330-F331-F332-F333-F334-F335-F336-F337-F338-F339-F340-F341-F342-F343-F344-F345-F346-F347-F348-F349-F350-F351-F352-F353-F354-F355-F356-F357-F358-F359-F360-F361-F362-F363-F364-F365-F366-F367-F368-F369-F370-F371-F372-F373-F374-F375-F376-F377-F378-F379-F380-F381-F382-F383-F384-F385-F386-F387-F388-F389-F390-F391-F392-F393-F394-F395-F396-F397-F398-F399-F400-F401-F402-F403-F404-F405-F406-F407-F408-F409-F410-F411-F412-F413-F414-F415-F416-F417-F418-F419-F420-F421-F422-F423-F424-F425-F426-F427-F428-F429-F430-F431-F432-F433-F434-F435-F436-F437-F438-F439-F440-F441-F442-F443-F444-F445-F446-F447-F448-F449-F450-F451-F452-F453-F454-F455-F456-F457-F458-F459-F460-F461-F462-F463-F464-F465-F466-F467-F468-F469-F470-F471-F472-F473-F474-F475-F476-F477-F478-F479-F480-F481-F482-F483-F484-F485-F486-F487-F488-F489-F490-F491-F492-F493-F494-F495-F496-F497-F498-F499-F500-F501-F502-F503-F504-F505-F506-F507-F508-F509-F510-F511-F512

## Summary

Number of input bits: 512  
Number of free input bits: 13  
Number of output bits: 160

Number of direct occurrences: 59337  
Number of assignments: 39281  
Number of operations: 19394151
(xor: 19355774,
and: 21725,
or: 16652)

Total complexity: 8.025115911303332 × 10^357

Least occurring input variable: iv_012 (4205)  
Most occurring input variable: iv_005 (4797)

Most co-occurring input variables: iv_008-iv_009 (2294)  
Least co-occurring input variables: iv_012-iv_016 (1936)

Potentially most occurring input variable: iv_005/iv_016 (5385)  
Potentially least occurring input variable: iv_003/iv_012 (4509)

Least output occurring input variable: iv_005 (60)  
Most output occurring input variable: iv_012 (87)

Most output co-occurring input variables: iv_011-iv_012 (49)  
Least output co-occurring input variables: iv_005-iv_008 (23)

Potentially most output occurring input variable: iv_013/iv_016 (96)  
Potentially least output occurring input variable: iv_011/iv_012 (66)

Least complex input bit: iv_016 (1.17336765983695 × 10^354)  
Most complex input bit: iv_005 (1.7878052849416196 × 10^357)

Least complex output bit: aaa_76_29 (1.8729533875638564 × 10^332)  
Most complex output bit: ov_001 (1.228445053990285 × 10^357)

Least complex input/output complexity: iv_016/aaa_76_29 (2.7384812352106947 × 10^328)  
Most complex input/output complexity: iv_005/ov_001 (2.7366839109337506 × 10^356)

## Input Bits

### Input Bits in Regular Order

| Input Bit | Complexity | Occurrences | Output Occurrences |
|:---------:|:----------:|:-----------:|:------------------:|
| iv_001 | 3.582863651643518 × 10^354 | 4610 | 69 |
| iv_002 | 2.9417986574773204 × 10^356 | 4440 | 82 |
| iv_003 | 4.461472791288451 × 10^355 | 4420 | 75 |
| iv_004 | 9.704515381587409 × 10^355 | 4579 | 78 |
| iv_005 | 1.7878052849416196 × 10^357 | 4797 | 60 |
| iv_006 | 2.148739922472439 × 10^356 | 4434 | 83 |
| iv_008 | 1.7597187405938194 × 10^357 | 4786 | 68 |
| iv_009 | 4.412111156213128 × 10^356 | 4656 | 84 |
| iv_010 | 5.631848627388001 × 10^356 | 4518 | 84 |
| iv_011 | 7.35162303152931 × 10^356 | 4741 | 77 |
| iv_012 | 9.29960897257202 × 10^356 | 4205 | 87 |
| iv_013 | 1.152602735962424 × 10^357 | 4605 | 77 |
| iv_016 | 1.17336765983695 × 10^354 | 4546 | 79 |

### Input Bits Sorted by Complexity

| Input Bit | Complexity | Occurrences | Output Occurrences |
|:---------:|:----------:|:-----------:|:------------------:|
| iv_016 | 1.17336765983695 × 10^354 | 4546 | 79 |
| iv_001 | 3.582863651643518 × 10^354 | 4610 | 69 |
| iv_003 | 4.461472791288451 × 10^355 | 4420 | 75 |
| iv_004 | 9.704515381587409 × 10^355 | 4579 | 78 |
| iv_006 | 2.148739922472439 × 10^356 | 4434 | 83 |
| iv_002 | 2.9417986574773204 × 10^356 | 4440 | 82 |
| iv_009 | 4.412111156213128 × 10^356 | 4656 | 84 |
| iv_010 | 5.631848627388001 × 10^356 | 4518 | 84 |
| iv_011 | 7.35162303152931 × 10^356 | 4741 | 77 |
| iv_012 | 9.29960897257202 × 10^356 | 4205 | 87 |
| iv_013 | 1.152602735962424 × 10^357 | 4605 | 77 |
| iv_008 | 1.7597187405938194 × 10^357 | 4786 | 68 |
| iv_005 | 1.7878052849416196 × 10^357 | 4797 | 60 |

### Input Bits Sorted by Occurrences

| Input Bit | Complexity | Occurrences | Output Occurrences |
|:---------:|:----------:|:-----------:|:------------------:|
| iv_012 | 9.29960897257202 × 10^356 | 4205 | 87 |
| iv_003 | 4.461472791288451 × 10^355 | 4420 | 75 |
| iv_006 | 2.148739922472439 × 10^356 | 4434 | 83 |
| iv_002 | 2.9417986574773204 × 10^356 | 4440 | 82 |
| iv_010 | 5.631848627388001 × 10^356 | 4518 | 84 |
| iv_016 | 1.17336765983695 × 10^354 | 4546 | 79 |
| iv_004 | 9.704515381587409 × 10^355 | 4579 | 78 |
| iv_013 | 1.152602735962424 × 10^357 | 4605 | 77 |
| iv_001 | 3.582863651643518 × 10^354 | 4610 | 69 |
| iv_009 | 4.412111156213128 × 10^356 | 4656 | 84 |
| iv_011 | 7.35162303152931 × 10^356 | 4741 | 77 |
| iv_008 | 1.7597187405938194 × 10^357 | 4786 | 68 |
| iv_005 | 1.7878052849416196 × 10^357 | 4797 | 60 |

### Input Bits Sorted by Output Occurrences

| Input Bit | Complexity | Occurrences | Output Occurrences |
|:---------:|:----------:|:-----------:|:------------------:|
| iv_005 | 1.7878052849416196 × 10^357 | 4797 | 60 |
| iv_008 | 1.7597187405938194 × 10^357 | 4786 | 68 |
| iv_001 | 3.582863651643518 × 10^354 | 4610 | 69 |
| iv_003 | 4.461472791288451 × 10^355 | 4420 | 75 |
| iv_013 | 1.152602735962424 × 10^357 | 4605 | 77 |
| iv_011 | 7.35162303152931 × 10^356 | 4741 | 77 |
| iv_004 | 9.704515381587409 × 10^355 | 4579 | 78 |
| iv_016 | 1.17336765983695 × 10^354 | 4546 | 79 |
| iv_002 | 2.9417986574773204 × 10^356 | 4440 | 82 |
| iv_006 | 2.148739922472439 × 10^356 | 4434 | 83 |
| iv_009 | 4.412111156213128 × 10^356 | 4656 | 84 |
| iv_010 | 5.631848627388001 × 10^356 | 4518 | 84 |
| iv_012 | 9.29960897257202 × 10^356 | 4205 | 87 |

## Input Bit Co-occurrences

### Input Bit Co-occurrences Sorted by Co-occurrences

| Input Bits | Co-occurrences | Potential Occurrences | Output Co-occurrences | Potential Output Occurrences |
|:----------:|:--------------:|:---------------------:|:---------------------:|:----------------------------:|
| iv_008-iv_009 | 2294 | 4854 | 40 | 72 |
| iv_009-iv_011 | 2280 | 4837 | 40 | 81 |
| iv_008-iv_013 | 2279 | 4833 | 33 | 79 |
| iv_001-iv_006 | 2262 | 4520 | 36 | 80 |
| iv_004-iv_009 | 2249 | 4737 | 45 | 72 |
| iv_011-iv_016 | 2240 | 4807 | 34 | 88 |
| iv_003-iv_013 | 2235 | 4555 | 34 | 84 |
| iv_010-iv_011 | 2230 | 4799 | 43 | 75 |
| iv_006-iv_011 | 2226 | 4723 | 42 | 76 |
| iv_001-iv_011 | 2225 | 4901 | 32 | 82 |
| iv_009-iv_010 | 2218 | 4738 | 38 | 92 |
| iv_005-iv_009 | 2213 | 5027 | 34 | 76 |
| iv_001-iv_016 | 2204 | 4748 | 35 | 78 |

### Input Bit Co-occurrences Sorted by Potential Occurrences

| Input Bits | Co-occurrences | Potential Occurrences | Output Co-occurrences | Potential Output Occurrences |
|:----------:|:--------------:|:---------------------:|:---------------------:|:----------------------------:|
| iv_003-iv_012 | 2058 | 4509 | 41 | 80 |
| iv_001-iv_006 | 2262 | 4520 | 36 | 80 |
| iv_003-iv_013 | 2235 | 4555 | 34 | 84 |
| iv_003-iv_004 | 2196 | 4607 | 36 | 81 |
| iv_002-iv_012 | 2019 | 4607 | 38 | 93 |
| iv_012-iv_013 | 2073 | 4664 | 37 | 90 |
| iv_006-iv_016 | 2138 | 4704 | 40 | 82 |
| iv_006-iv_011 | 2226 | 4723 | 42 | 76 |
| iv_009-iv_012 | 2065 | 4731 | 43 | 85 |
| iv_010-iv_012 | 1995 | 4733 | 46 | 79 |
| iv_004-iv_009 | 2249 | 4737 | 45 | 72 |
| iv_009-iv_010 | 2218 | 4738 | 38 | 92 |
| iv_001-iv_016 | 2204 | 4748 | 35 | 78 |

### Input Bit Output Co-occurrences Sorted by Output Co-occurrences

| Input Bits | Co-occurrences | Potential Occurrences | Output Co-occurrences | Potential Output Occurrences |
|:----------:|:--------------:|:---------------------:|:---------------------:|:----------------------------:|
| iv_011-iv_012 | 2036 | 4874 | 49 | 66 |
| iv_004-iv_006 | 2018 | 4977 | 47 | 67 |
| iv_006-iv_012 | 1942 | 4755 | 46 | 78 |
| iv_010-iv_012 | 1995 | 4733 | 46 | 79 |
| iv_006-iv_010 | 2017 | 4918 | 45 | 77 |
| iv_004-iv_010 | 2159 | 4779 | 45 | 72 |
| iv_004-iv_009 | 2249 | 4737 | 45 | 72 |
| iv_002-iv_009 | 2147 | 4802 | 45 | 76 |
| iv_002-iv_004 | 2098 | 4823 | 45 | 70 |
| iv_002-iv_010 | 2020 | 4918 | 44 | 78 |
| iv_009-iv_016 | 2121 | 4960 | 43 | 77 |
| iv_009-iv_012 | 2065 | 4731 | 43 | 85 |
| iv_010-iv_011 | 2230 | 4799 | 43 | 75 |

### Input Bit Output Co-occurrences Sorted by Potential Output Occurrences

| Input Bits | Co-occurrences | Potential Occurrences | Output Co-occurrences | Potential Output Occurrences |
|:----------:|:--------------:|:---------------------:|:---------------------:|:----------------------------:|
| iv_011-iv_012 | 2036 | 4874 | 49 | 66 |
| iv_004-iv_006 | 2018 | 4977 | 47 | 67 |
| iv_001-iv_010 | 2136 | 4856 | 42 | 69 |
| iv_001-iv_005 | 2082 | 5243 | 30 | 69 |
| iv_002-iv_004 | 2098 | 4823 | 45 | 70 |
| iv_008-iv_009 | 2294 | 4854 | 40 | 72 |
| iv_004-iv_010 | 2159 | 4779 | 45 | 72 |
| iv_001-iv_013 | 2099 | 5017 | 37 | 72 |
| iv_004-iv_009 | 2249 | 4737 | 45 | 72 |
| iv_001-iv_012 | 2004 | 4807 | 42 | 72 |
| iv_001-iv_008 | 2030 | 5336 | 32 | 73 |
| iv_010-iv_011 | 2230 | 4799 | 43 | 75 |
| iv_001-iv_003 | 2018 | 4994 | 34 | 76 |

## Output Bits

### Output Bits in Regular Order

| Rank | Output Bit | Complexity |
|:----:|:----------:|:----------:|
| 1 | ov_001 | 1.228445053990285 × 10^357 |
| 2 | ov_002 | 1.0726756489991423 × 10^357 |
| 3 | ov_003 | 9.326777108862068 × 10^356 |
| 4 | ov_004 | 8.072009145422269 × 10^356 |
| 5 | ov_005 | 6.950650371086909 × 10^356 |
| 6 | ov_006 | 5.951550600883642 × 10^356 |
| 7 | ov_007 | 5.064168498234837 × 10^356 |
| 8 | ov_008 | 4.278533605322308 × 10^356 |
| 9 | ov_009 | 3.5852131701696015 × 10^356 |
| 10 | ov_010 | 2.975283464017542 × 10^356 |
| 11 | ov_011 | 2.4444065653622055 × 10^356 |
| 12 | ov_012 | 1.9884812139899954 × 10^356 |
| 13 | ov_013 | 1.5999789087202387 × 10^356 |
| 14 | ov_014 | 1.2718037599637737 × 10^356 |
| 15 | ov_015 | 9.972809956840116 × 10^355 |
| 16 | ov_016 | 7.701477566805404 × 10^355 |
| 17 | ov_017 | 5.845458498170393 × 10^355 |
| 18 | ov_018 | 4.35016154427853 × 10^355 |
| 19 | ov_019 | 3.1649440361680846 × 10^355 |
| 20 | ov_020 | 2.2430808854999413 × 10^355 |
| 21 | ov_021 | 1.5417426017297499 × 10^355 |
| 22 | ov_022 | 1.0219802907525676 × 10^355 |
| 23 | ov_023 | 6.487159049637919 × 10^354 |
| 24 | ov_024 | 3.907362772880933 × 10^354 |
| 25 | ov_025 | 2.20689734286055 × 10^354 |
| 26 | ov_026 | 1.1508434489132845 × 10^354 |
| 27 | ov_027 | 5.428711521342503 × 10^353 |
| 28 | ov_028 | 2.2523670507389708 × 10^353 |
| 29 | ov_029 | 7.87815262155421 × 10^352 |
| 30 | ov_030 | 2.1642444185093778 × 10^352 |
| 31 | ov_031 | 4.225165859004731 × 10^351 |
| 32 | lv_80_m31 | 8.247472244528406 × 10^350 |
| 33 | ov_033 | 1.0211491294393765 × 10^352 |
| 34 | ov_034 | 8.921991952908754 × 10^351 |
| 35 | ov_035 | 7.76400824800403 × 10^351 |
| 36 | ov_036 | 6.726935344635903 × 10^351 |
| 37 | ov_037 | 5.800758383745178 × 10^351 |
| 38 | ov_038 | 4.9760111591871 × 10^351 |
| 39 | ov_039 | 4.2437399374097683 × 10^351 |
| 40 | ov_040 | 3.5954719624437356 × 10^351 |
| 41 | ov_041 | 3.023188213545394 × 10^351 |
| 42 | ov_042 | 2.5193000065900376 × 10^351 |
| 43 | ov_043 | 2.076629053206146 × 10^351 |
| 44 | ov_044 | 1.6916865199357677 × 10^351 |
| 45 | ov_045 | 1.3611765006717432 × 10^351 |
| 46 | ov_046 | 1.0819896155179088 × 10^351 |
| 47 | ov_047 | 8.484466220312265 × 10^350 |
| 48 | ov_048 | 6.552188485315344 × 10^350 |
| 49 | ov_049 | 4.973221011102542 × 10^350 |
| 50 | ov_050 | 3.701119220058402 × 10^350 |
| 51 | ov_051 | 2.692799798235092 × 10^350 |
| 52 | ov_052 | 1.9085139197579273 × 10^350 |
| 53 | ov_053 | 1.3118279956806827 × 10^350 |
| 54 | ov_054 | 8.6961034769128 × 10^349 |
| 55 | ov_055 | 5.520224050379658 × 10^349 |
| 56 | ov_056 | 3.3251322091292425 × 10^349 |
| 57 | ov_057 | 1.8781630235273064 × 10^349 |
| 58 | ov_058 | 9.794794552039064 × 10^348 |
| 59 | ov_059 | 4.620646437571333 × 10^348 |
| 60 | ov_060 | 1.917188711339644 × 10^348 |
| 61 | ov_061 | 6.705858037507396 × 10^347 |
| 62 | ov_062 | 1.84212415033148 × 10^347 |
| 63 | ov_063 | 3.595953186868464 × 10^346 |
| 64 | lv_79_m31 | 7.018248087518537 × 10^345 |
| 65 | ov_065 | 8.604028215895761 × 10^346 |
| 66 | ov_066 | 8.603995321080338 × 10^346 |
| 67 | ov_067 | 8.60398479554451 × 10^346 |
| 68 | ov_068 | 7.509117033045874 × 10^346 |
| 69 | ov_069 | 6.524386677753969 × 10^346 |
| 70 | ov_070 | 5.641573730699574 × 10^346 |
| 71 | ov_071 | 4.852919779181146 × 10^346 |
| 72 | ov_072 | 4.151094970340781 × 10^346 |
| 73 | ov_073 | 3.5291689467442404 × 10^346 |
| 74 | ov_074 | 2.980585351922152 × 10^346 |
| 75 | ov_075 | 2.499139577893634 × 10^346 |
| 76 | ov_076 | 2.0789595298032242 × 10^346 |
| 77 | ov_077 | 1.714489200264441 × 10^346 |
| 78 | ov_078 | 1.4004747828173822 × 10^346 |
| 79 | ov_079 | 1.131953032576615 × 10^346 |
| 80 | ov_080 | 9.042416003356413 × 10^345 |
| 81 | ov_081 | 7.129310842155896 × 10^345 |
| 82 | ov_082 | 5.538785604808672 × 10^345 |
| 83 | ov_083 | 4.232023968788278 × 10^345 |
| 84 | ov_084 | 3.172781934347335 × 10^345 |
| 85 | ov_085 | 2.327356882606644 × 10^345 |
| 86 | ov_086 | 1.6645645848625092 × 10^345 |
| 87 | ov_087 | 1.1557226333363574 × 10^345 |
| 88 | ov_088 | 7.746389324188997 × 10^344 |
| 89 | ov_089 | 4.9760405810370585 × 10^344 |
| 90 | ov_090 | 3.0338646184844626 × 10^344 |
| 91 | ov_091 | 1.732296636015195 × 10^344 |
| 92 | ov_092 | 9.085074721414108 × 10^343 |
| 93 | ov_093 | 4.243963850994829 × 10^343 |
| 94 | ov_094 | 1.6658804947649233 × 10^343 |
| 95 | aaa_78_28 | 4.643152766161259 × 10^342 |
| 96 | aaa_78_29 | 1.356565518050886 × 10^342 |
| 97 | ov_097 | 1.2970656623303559 × 10^342 |
| 98 | ov_098 | 1.2970620056129288 × 10^342 |
| 99 | ov_099 | 1.2970611203252347 × 10^342 |
| 100 | ov_100 | 1.1314245652178503 × 10^342 |
| 101 | ov_101 | 9.82871052790053 × 10^341 |
| 102 | ov_102 | 8.500248729933574 × 10^341 |
| 103 | ov_103 | 7.315874353283439 × 10^341 |
| 104 | ov_104 | 6.263320770489281 × 10^341 |
| 105 | ov_105 | 5.330994976494789 × 10^341 |
| 106 | ov_106 | 4.507937442538864 × 10^341 |
| 107 | ov_107 | 3.783786806804809 × 10^341 |
| 108 | ov_108 | 3.148748885998563 × 10^341 |
| 109 | ov_109 | 2.5935696399973118 × 10^341 |
| 110 | ov_110 | 2.113753942296745 × 10^341 |
| 111 | ov_111 | 1.7050596332312208 × 10^341 |
| 112 | ov_112 | 1.3597259268200113 × 10^341 |
| 113 | ov_113 | 1.0704577045222686 × 10^341 |
| 114 | ov_114 | 8.304140033450709 × 10^340 |
| 115 | ov_115 | 6.331988618916374 × 10^340 |
| 116 | ov_116 | 4.7285423670706484 × 10^340 |
| 117 | ov_117 | 3.438546603524082 × 10^340 |
| 118 | ov_118 | 2.4354497373111346 × 10^340 |
| 119 | ov_119 | 1.6725423976860176 × 10^340 |
| 120 | ov_120 | 1.1073549650356648 × 10^340 |
| 121 | ov_121 | 7.01645233394247 × 10^339 |
| 122 | ov_122 | 4.213908631066304 × 10^339 |
| 123 | ov_123 | 2.3678509746335915 × 10^339 |
| 124 | ov_124 | 1.2223454860294997 × 10^339 |
| 125 | ov_125 | 5.635817981722539 × 10^338 |
| 126 | ov_126 | 2.198690368270711 × 10^338 |
| 127 | aaa_77_28 | 6.163452489000348 × 10^337 |
| 128 | aaa_77_29 | 1.8758012610949937 × 10^337 |
| 129 | ov_129 | 1.1179856603829269 × 10^337 |
| 130 | ov_130 | 1.117982003904872 × 10^337 |
| 131 | ov_131 | 1.1179811169959497 × 10^337 |
| 132 | ov_132 | 9.756352804204495 × 10^336 |
| 133 | ov_133 | 8.487164144006826 × 10^336 |
| 134 | ov_134 | 7.358584274809783 × 10^336 |
| 135 | ov_135 | 6.357729931061464 × 10^336 |
| 136 | ov_136 | 5.4724422366620845 × 10^336 |
| 137 | ov_137 | 4.691239307007553 × 10^336 |
| 138 | ov_138 | 4.0032741518048242 × 10^336 |
| 139 | ov_139 | 3.398297477952197 × 10^336 |
| 140 | ov_140 | 2.866625057091247 × 10^336 |
| 141 | ov_141 | 2.3991093413555644 × 10^336 |
| 142 | ov_142 | 1.9871150291163496 × 10^336 |
| 143 | ov_143 | 1.6264497146738886 × 10^336 |
| 144 | ov_144 | 1.3131619836321755 × 10^336 |
| 145 | ov_145 | 1.0435335535587628 × 10^336 |
| 146 | ov_146 | 8.140729098321142 × 10^335 |
| 147 | ov_147 | 6.215102515214864 × 10^335 |
| 148 | ov_148 | 4.627935509509499 × 10^335 |
| 149 | ov_149 | 3.350855469313847 × 10^335 |
| 150 | ov_150 | 2.357615079113304 × 10^335 |
| 151 | ov_151 | 1.6020359295379426 × 10^335 |
| 152 | ov_152 | 1.0421279726899973 × 10^335 |
| 153 | ov_153 | 6.400773428424208 × 10^334 |
| 154 | ov_154 | 3.6223888876423916 × 10^334 |
| 155 | ov_155 | 1.7913191635424007 × 10^334 |
| 156 | aaa_76_25 | 6.543802161901468 × 10^333 |
| 157 | aaa_76_26 | 3.4178482594929306 × 10^333 |
| 158 | aaa_76_27 | 1.5754574548687225 × 10^333 |
| 159 | aaa_76_28 | 6.145199732900229 × 10^332 |
| 160 | aaa_76_29 | 1.8729533875638564 × 10^332 |

### Output Bits Sorted by Complexity

| Rank | Output Bit | Complexity |
|:----:|:----------:|:----------:|
| 160 | aaa_76_29 | 1.8729533875638564 × 10^332 |
| 159 | aaa_76_28 | 6.145199732900229 × 10^332 |
| 158 | aaa_76_27 | 1.5754574548687225 × 10^333 |
| 157 | aaa_76_26 | 3.4178482594929306 × 10^333 |
| 156 | aaa_76_25 | 6.543802161901468 × 10^333 |
| 155 | ov_155 | 1.7913191635424007 × 10^334 |
| 154 | ov_154 | 3.6223888876423916 × 10^334 |
| 153 | ov_153 | 6.400773428424208 × 10^334 |
| 152 | ov_152 | 1.0421279726899973 × 10^335 |
| 151 | ov_151 | 1.6020359295379426 × 10^335 |
| 150 | ov_150 | 2.357615079113304 × 10^335 |
| 149 | ov_149 | 3.350855469313847 × 10^335 |
| 148 | ov_148 | 4.627935509509499 × 10^335 |
| 147 | ov_147 | 6.215102515214864 × 10^335 |
| 146 | ov_146 | 8.140729098321142 × 10^335 |
| 145 | ov_145 | 1.0435335535587628 × 10^336 |
| 144 | ov_144 | 1.3131619836321755 × 10^336 |
| 143 | ov_143 | 1.6264497146738886 × 10^336 |
| 142 | ov_142 | 1.9871150291163496 × 10^336 |
| 141 | ov_141 | 2.3991093413555644 × 10^336 |
| 140 | ov_140 | 2.866625057091247 × 10^336 |
| 139 | ov_139 | 3.398297477952197 × 10^336 |
| 138 | ov_138 | 4.0032741518048242 × 10^336 |
| 137 | ov_137 | 4.691239307007553 × 10^336 |
| 136 | ov_136 | 5.4724422366620845 × 10^336 |
| 135 | ov_135 | 6.357729931061464 × 10^336 |
| 134 | ov_134 | 7.358584274809783 × 10^336 |
| 133 | ov_133 | 8.487164144006826 × 10^336 |
| 132 | ov_132 | 9.756352804204495 × 10^336 |
| 131 | ov_131 | 1.1179811169959497 × 10^337 |
| 130 | ov_130 | 1.117982003904872 × 10^337 |
| 129 | ov_129 | 1.1179856603829269 × 10^337 |
| 128 | aaa_77_29 | 1.8758012610949937 × 10^337 |
| 127 | aaa_77_28 | 6.163452489000348 × 10^337 |
| 126 | ov_126 | 2.198690368270711 × 10^338 |
| 125 | ov_125 | 5.635817981722539 × 10^338 |
| 124 | ov_124 | 1.2223454860294997 × 10^339 |
| 123 | ov_123 | 2.3678509746335915 × 10^339 |
| 122 | ov_122 | 4.213908631066304 × 10^339 |
| 121 | ov_121 | 7.01645233394247 × 10^339 |
| 120 | ov_120 | 1.1073549650356648 × 10^340 |
| 119 | ov_119 | 1.6725423976860176 × 10^340 |
| 118 | ov_118 | 2.4354497373111346 × 10^340 |
| 117 | ov_117 | 3.438546603524082 × 10^340 |
| 116 | ov_116 | 4.7285423670706484 × 10^340 |
| 115 | ov_115 | 6.331988618916374 × 10^340 |
| 114 | ov_114 | 8.304140033450709 × 10^340 |
| 113 | ov_113 | 1.0704577045222686 × 10^341 |
| 112 | ov_112 | 1.3597259268200113 × 10^341 |
| 111 | ov_111 | 1.7050596332312208 × 10^341 |
| 110 | ov_110 | 2.113753942296745 × 10^341 |
| 109 | ov_109 | 2.5935696399973118 × 10^341 |
| 108 | ov_108 | 3.148748885998563 × 10^341 |
| 107 | ov_107 | 3.783786806804809 × 10^341 |
| 106 | ov_106 | 4.507937442538864 × 10^341 |
| 105 | ov_105 | 5.330994976494789 × 10^341 |
| 104 | ov_104 | 6.263320770489281 × 10^341 |
| 103 | ov_103 | 7.315874353283439 × 10^341 |
| 102 | ov_102 | 8.500248729933574 × 10^341 |
| 101 | ov_101 | 9.82871052790053 × 10^341 |
| 100 | ov_100 | 1.1314245652178503 × 10^342 |
| 99 | ov_099 | 1.2970611203252347 × 10^342 |
| 98 | ov_098 | 1.2970620056129288 × 10^342 |
| 97 | ov_097 | 1.2970656623303559 × 10^342 |
| 96 | aaa_78_29 | 1.356565518050886 × 10^342 |
| 95 | aaa_78_28 | 4.643152766161259 × 10^342 |
| 94 | ov_094 | 1.6658804947649233 × 10^343 |
| 93 | ov_093 | 4.243963850994829 × 10^343 |
| 92 | ov_092 | 9.085074721414108 × 10^343 |
| 91 | ov_091 | 1.732296636015195 × 10^344 |
| 90 | ov_090 | 3.0338646184844626 × 10^344 |
| 89 | ov_089 | 4.9760405810370585 × 10^344 |
| 88 | ov_088 | 7.746389324188997 × 10^344 |
| 87 | ov_087 | 1.1557226333363574 × 10^345 |
| 86 | ov_086 | 1.6645645848625092 × 10^345 |
| 85 | ov_085 | 2.327356882606644 × 10^345 |
| 84 | ov_084 | 3.172781934347335 × 10^345 |
| 83 | ov_083 | 4.232023968788278 × 10^345 |
| 82 | ov_082 | 5.538785604808672 × 10^345 |
| 64 | lv_79_m31 | 7.018248087518537 × 10^345 |
| 81 | ov_081 | 7.129310842155896 × 10^345 |
| 80 | ov_080 | 9.042416003356413 × 10^345 |
| 79 | ov_079 | 1.131953032576615 × 10^346 |
| 78 | ov_078 | 1.4004747828173822 × 10^346 |
| 77 | ov_077 | 1.714489200264441 × 10^346 |
| 76 | ov_076 | 2.0789595298032242 × 10^346 |
| 75 | ov_075 | 2.499139577893634 × 10^346 |
| 74 | ov_074 | 2.980585351922152 × 10^346 |
| 73 | ov_073 | 3.5291689467442404 × 10^346 |
| 63 | ov_063 | 3.595953186868464 × 10^346 |
| 72 | ov_072 | 4.151094970340781 × 10^346 |
| 71 | ov_071 | 4.852919779181146 × 10^346 |
| 70 | ov_070 | 5.641573730699574 × 10^346 |
| 69 | ov_069 | 6.524386677753969 × 10^346 |
| 68 | ov_068 | 7.509117033045874 × 10^346 |
| 67 | ov_067 | 8.60398479554451 × 10^346 |
| 66 | ov_066 | 8.603995321080338 × 10^346 |
| 65 | ov_065 | 8.604028215895761 × 10^346 |
| 62 | ov_062 | 1.84212415033148 × 10^347 |
| 61 | ov_061 | 6.705858037507396 × 10^347 |
| 60 | ov_060 | 1.917188711339644 × 10^348 |
| 59 | ov_059 | 4.620646437571333 × 10^348 |
| 58 | ov_058 | 9.794794552039064 × 10^348 |
| 57 | ov_057 | 1.8781630235273064 × 10^349 |
| 56 | ov_056 | 3.3251322091292425 × 10^349 |
| 55 | ov_055 | 5.520224050379658 × 10^349 |
| 54 | ov_054 | 8.6961034769128 × 10^349 |
| 53 | ov_053 | 1.3118279956806827 × 10^350 |
| 52 | ov_052 | 1.9085139197579273 × 10^350 |
| 51 | ov_051 | 2.692799798235092 × 10^350 |
| 50 | ov_050 | 3.701119220058402 × 10^350 |
| 49 | ov_049 | 4.973221011102542 × 10^350 |
| 48 | ov_048 | 6.552188485315344 × 10^350 |
| 32 | lv_80_m31 | 8.247472244528406 × 10^350 |
| 47 | ov_047 | 8.484466220312265 × 10^350 |
| 46 | ov_046 | 1.0819896155179088 × 10^351 |
| 45 | ov_045 | 1.3611765006717432 × 10^351 |
| 44 | ov_044 | 1.6916865199357677 × 10^351 |
| 43 | ov_043 | 2.076629053206146 × 10^351 |
| 42 | ov_042 | 2.5193000065900376 × 10^351 |
| 41 | ov_041 | 3.023188213545394 × 10^351 |
| 40 | ov_040 | 3.5954719624437356 × 10^351 |
| 31 | ov_031 | 4.225165859004731 × 10^351 |
| 39 | ov_039 | 4.2437399374097683 × 10^351 |
| 38 | ov_038 | 4.9760111591871 × 10^351 |
| 37 | ov_037 | 5.800758383745178 × 10^351 |
| 36 | ov_036 | 6.726935344635903 × 10^351 |
| 35 | ov_035 | 7.76400824800403 × 10^351 |
| 34 | ov_034 | 8.921991952908754 × 10^351 |
| 33 | ov_033 | 1.0211491294393765 × 10^352 |
| 30 | ov_030 | 2.1642444185093778 × 10^352 |
| 29 | ov_029 | 7.87815262155421 × 10^352 |
| 28 | ov_028 | 2.2523670507389708 × 10^353 |
| 27 | ov_027 | 5.428711521342503 × 10^353 |
| 26 | ov_026 | 1.1508434489132845 × 10^354 |
| 25 | ov_025 | 2.20689734286055 × 10^354 |
| 24 | ov_024 | 3.907362772880933 × 10^354 |
| 23 | ov_023 | 6.487159049637919 × 10^354 |
| 22 | ov_022 | 1.0219802907525676 × 10^355 |
| 21 | ov_021 | 1.5417426017297499 × 10^355 |
| 20 | ov_020 | 2.2430808854999413 × 10^355 |
| 19 | ov_019 | 3.1649440361680846 × 10^355 |
| 18 | ov_018 | 4.35016154427853 × 10^355 |
| 17 | ov_017 | 5.845458498170393 × 10^355 |
| 16 | ov_016 | 7.701477566805404 × 10^355 |
| 15 | ov_015 | 9.972809956840116 × 10^355 |
| 14 | ov_014 | 1.2718037599637737 × 10^356 |
| 13 | ov_013 | 1.5999789087202387 × 10^356 |
| 12 | ov_012 | 1.9884812139899954 × 10^356 |
| 11 | ov_011 | 2.4444065653622055 × 10^356 |
| 10 | ov_010 | 2.975283464017542 × 10^356 |
| 9 | ov_009 | 3.5852131701696015 × 10^356 |
| 8 | ov_008 | 4.278533605322308 × 10^356 |
| 7 | ov_007 | 5.064168498234837 × 10^356 |
| 6 | ov_006 | 5.951550600883642 × 10^356 |
| 5 | ov_005 | 6.950650371086909 × 10^356 |
| 4 | ov_004 | 8.072009145422269 × 10^356 |
| 3 | ov_003 | 9.326777108862068 × 10^356 |
| 2 | ov_002 | 1.0726756489991423 × 10^357 |
| 1 | ov_001 | 1.228445053990285 × 10^357 |

