# Results for F001-F002-F003-F004-F005-F006-F007-F008-F009-F010-F011-F012-F013-F014-F015-F016-F017-F018-F019-F020-F021-F022-F023-F024-F025-F026-F027-F028-F029-F030-F031-F032-F033-F034-F035-F036-F037-F038-F039-F040-F041-F042-F043-F044-F045-F046-F047-F048-F049-F050-F051-F052-F053-F054-F055-F056-F057-F058-F059-F060-F061-F062-F063-F064-F065-F066-F067-F068-F069-F070-F071-F072-F073-F074-F075-F076-F077-F078-F079-F080-F081-F082-F083-F084-F085-F086-F087-F088-F089-F090-F091-F092-F093-F094-F095-F096-F097-F098-F099-F100-F101-F102-F103-F104-F105-F106-F107-F108-F109-F110-F111-F112-F113-F114-F115-F116-F117-F118-F119-F120-F121-F122-F123-F124-F125-F126-F127-F128-F129-F130-F131-F132-F133-F134-F135-F136-F137-F138-F139-F140-F141-F142-F143-F144-F145-F146-F147-F148-F149-F150-F151-F152-F153-F154-F155-F156-F157-F158-F159-F160-F161-F162-F163-F164-F165-F166-F167-F168-F169-F170-F171-F172-F173-F174-F175-F176-F177-F178-F179-F180-F181-F182-F183-F184-F185-F186-F187-F188-F189-F190-F191-F192-F193-F194-F195-F196-F197-F198-F199-F200-F201-F202-F203-F204-F205-F206-F207-F208-F209-F210-F211-F212-F213-F214-F215-F216-F217-F218-F219-F220-F221-F222-F223-F224-F225-F226-F227-F228-F229-F230-F231-F232-F233-F234-F235-F236-F237-F238-F239-F240-F241-F242-F243-F244-F245-F246-F247-F248-F249-F250-F251-F252-F253-F254-F255-F256-F257-F258-F259-F260-F261-F262-F263-F264-F265-F266-F267-F268-F269-F270-F271-F272-F273-F274-F275-F276-F277-F278-F279-F280-F281-F282-F283-F284-F285-F286-F287-F288-F289-F290-F291-F292-F293-F294-F295-F296-F297-F298-F299-F300-F301-F302-F303-F304-F305-F306-F307-F308-F309-F310-F311-F312-F313-F314-F315-F316-F317-F318-F319-F320-F321-F322-F323-F324-F325-F326-F327-F328-F329-F330-F331-F332-F333-F334-F335-F336-F337-F338-F339-F340-F341-F342-F343-F344-F345-F346-F347-F348-F349-F350-F351-F352-F353-F354-F355-F356-F357-F358-F359-F360-F361-F362-F363-F364-F365-F366-F367-F368-F369-F370-F371-F372-F373-F374-F375-F376-F377-F378-F379-F380-F381-F382-F383-F384-F385-F386-F387-F388-F389-F390-F391-F392-F393-F394-F395-F396-F397-F398-F399-F400-F401-F402-F403-F404-F405-F406-F407-F408-F409-F410-F411-F412-F413-F414-F415-F416-F417-F418-F419-F420-F421-F422-F423-F424-F425-F426-F427-F428-F429-F430-F431-F432-F433-F434-F435-F436-F437-F438-F439-F440-F441-F442-F443-F444-F445-F446-F447-F448-F449-F450-F451-F452-F453-F454-F455-F456-F457-F458-F459-F460-F461-F462-F463-F464-F465-F466-F467-F468-F469-F470-F471-F472-F473-F474-F475-F476-F477-F478-F479-F480-F481-F482-F483-F484-F485-F486-F487-F488-F489-F490-F491-F492-F493-F494-F495-F496-T499-O500505-F512

## Summary

Number of input bits: 512  
Number of free input bits: 13  
Number of output bits: 160

Number of direct occurrences: 54624  
Number of assignments: 31984  
Number of operations: 11537043
(xor: 11508356,
and: 15049,
or: 13638)

Total complexity: 8.982151019214538 × 10^305

Least occurring input variable: iv_498 (3946)  
Most occurring input variable: iv_500 (4365)

Most co-occurring input variables: iv_509-iv_510 (2206)  
Least co-occurring input variables: iv_497-iv_498 (1790)

Potentially most occurring input variable: iv_500/iv_511 (4646)  
Potentially least occurring input variable: iv_508/iv_509 (4169)

Least output occurring input variable: iv_510 (70)  
Most output occurring input variable: iv_507 (93)

Most output co-occurring input variables: iv_502-iv_507 (50)  
Least output co-occurring input variables: iv_498-iv_510 (28)

Potentially most output occurring input variable: iv_500/iv_501 (91)  
Potentially least output occurring input variable: iv_509/iv_510 (69)

Least complex input bit: iv_511 (1.7967143116308078 × 10^302)  
Most complex input bit: iv_510 (2.272425858006088 × 10^305)

Least complex output bit: aaa_76_29 (2.8238076855017233 × 10^280)  
Most complex output bit: ov_001 (1.4043192354693876 × 10^305)

Least complex input/output complexity: iv_511/aaa_76_29 (5.648508548765948 × 10^276)  
Most complex input/output complexity: iv_510/ov_001 (3.5528364383424046 × 10^304)

## Input Bits

### Input Bits in Regular Order

| Input Bit | Complexity | Occurrences | Output Occurrences |
|:---------:|:----------:|:-----------:|:------------------:|
| iv_497 | 4.47759709734883 × 10^302 | 4156 | 73 |
| iv_498 | 6.3127149297955785 × 10^302 | 3946 | 73 |
| iv_500 | 5.062416733545047 × 10^304 | 4365 | 77 |
| iv_501 | 6.0209884475170494 × 10^303 | 4337 | 80 |
| iv_502 | 1.1006666093657154 × 10^304 | 4129 | 90 |
| iv_503 | 1.8742891185481243 × 10^304 | 4304 | 83 |
| iv_504 | 3.0445117681737225 × 10^304 | 4076 | 77 |
| iv_506 | 7.285248486242606 × 10^304 | 4077 | 87 |
| iv_507 | 1.0859747270380407 × 10^305 | 4277 | 93 |
| iv_508 | 1.5584333557257935 × 10^305 | 4119 | 79 |
| iv_509 | 2.1558068960431444 × 10^305 | 4352 | 83 |
| iv_510 | 2.272425858006088 × 10^305 | 4309 | 70 |
| iv_511 | 1.7967143116308078 × 10^302 | 4177 | 79 |

### Input Bits Sorted by Complexity

| Input Bit | Complexity | Occurrences | Output Occurrences |
|:---------:|:----------:|:-----------:|:------------------:|
| iv_511 | 1.7967143116308078 × 10^302 | 4177 | 79 |
| iv_497 | 4.47759709734883 × 10^302 | 4156 | 73 |
| iv_498 | 6.3127149297955785 × 10^302 | 3946 | 73 |
| iv_501 | 6.0209884475170494 × 10^303 | 4337 | 80 |
| iv_502 | 1.1006666093657154 × 10^304 | 4129 | 90 |
| iv_503 | 1.8742891185481243 × 10^304 | 4304 | 83 |
| iv_504 | 3.0445117681737225 × 10^304 | 4076 | 77 |
| iv_500 | 5.062416733545047 × 10^304 | 4365 | 77 |
| iv_506 | 7.285248486242606 × 10^304 | 4077 | 87 |
| iv_507 | 1.0859747270380407 × 10^305 | 4277 | 93 |
| iv_508 | 1.5584333557257935 × 10^305 | 4119 | 79 |
| iv_509 | 2.1558068960431444 × 10^305 | 4352 | 83 |
| iv_510 | 2.272425858006088 × 10^305 | 4309 | 70 |

### Input Bits Sorted by Occurrences

| Input Bit | Complexity | Occurrences | Output Occurrences |
|:---------:|:----------:|:-----------:|:------------------:|
| iv_498 | 6.3127149297955785 × 10^302 | 3946 | 73 |
| iv_504 | 3.0445117681737225 × 10^304 | 4076 | 77 |
| iv_506 | 7.285248486242606 × 10^304 | 4077 | 87 |
| iv_508 | 1.5584333557257935 × 10^305 | 4119 | 79 |
| iv_502 | 1.1006666093657154 × 10^304 | 4129 | 90 |
| iv_497 | 4.47759709734883 × 10^302 | 4156 | 73 |
| iv_511 | 1.7967143116308078 × 10^302 | 4177 | 79 |
| iv_507 | 1.0859747270380407 × 10^305 | 4277 | 93 |
| iv_503 | 1.8742891185481243 × 10^304 | 4304 | 83 |
| iv_510 | 2.272425858006088 × 10^305 | 4309 | 70 |
| iv_501 | 6.0209884475170494 × 10^303 | 4337 | 80 |
| iv_509 | 2.1558068960431444 × 10^305 | 4352 | 83 |
| iv_500 | 5.062416733545047 × 10^304 | 4365 | 77 |

### Input Bits Sorted by Output Occurrences

| Input Bit | Complexity | Occurrences | Output Occurrences |
|:---------:|:----------:|:-----------:|:------------------:|
| iv_510 | 2.272425858006088 × 10^305 | 4309 | 70 |
| iv_498 | 6.3127149297955785 × 10^302 | 3946 | 73 |
| iv_497 | 4.47759709734883 × 10^302 | 4156 | 73 |
| iv_504 | 3.0445117681737225 × 10^304 | 4076 | 77 |
| iv_500 | 5.062416733545047 × 10^304 | 4365 | 77 |
| iv_508 | 1.5584333557257935 × 10^305 | 4119 | 79 |
| iv_511 | 1.7967143116308078 × 10^302 | 4177 | 79 |
| iv_501 | 6.0209884475170494 × 10^303 | 4337 | 80 |
| iv_503 | 1.8742891185481243 × 10^304 | 4304 | 83 |
| iv_509 | 2.1558068960431444 × 10^305 | 4352 | 83 |
| iv_506 | 7.285248486242606 × 10^304 | 4077 | 87 |
| iv_502 | 1.1006666093657154 × 10^304 | 4129 | 90 |
| iv_507 | 1.0859747270380407 × 10^305 | 4277 | 93 |

## Input Bit Co-occurrences

### Input Bit Co-occurrences Sorted by Co-occurrences

| Input Bits | Co-occurrences | Potential Occurrences | Output Co-occurrences | Potential Output Occurrences |
|:----------:|:--------------:|:---------------------:|:---------------------:|:----------------------------:|
| iv_509-iv_510 | 2206 | 4249 | 42 | 69 |
| iv_501-iv_503 | 2178 | 4285 | 44 | 75 |
| iv_500-iv_509 | 2164 | 4389 | 43 | 74 |
| iv_508-iv_509 | 2151 | 4169 | 44 | 74 |
| iv_501-iv_507 | 2150 | 4314 | 46 | 81 |
| iv_501-iv_511 | 2138 | 4238 | 40 | 79 |
| iv_503-iv_509 | 2125 | 4406 | 45 | 76 |
| iv_500-iv_503 | 2124 | 4421 | 37 | 86 |
| iv_500-iv_507 | 2117 | 4408 | 45 | 80 |
| iv_501-iv_509 | 2109 | 4471 | 39 | 85 |
| iv_500-iv_501 | 2104 | 4494 | 33 | 91 |
| iv_506-iv_509 | 2101 | 4227 | 46 | 78 |
| iv_503-iv_511 | 2101 | 4279 | 44 | 74 |

### Input Bit Co-occurrences Sorted by Potential Occurrences

| Input Bits | Co-occurrences | Potential Occurrences | Output Co-occurrences | Potential Output Occurrences |
|:----------:|:--------------:|:---------------------:|:---------------------:|:----------------------------:|
| iv_508-iv_509 | 2151 | 4169 | 44 | 74 |
| iv_498-iv_506 | 1916 | 4191 | 43 | 74 |
| iv_504-iv_508 | 2000 | 4195 | 38 | 80 |
| iv_502-iv_508 | 2023 | 4202 | 49 | 71 |
| iv_506-iv_509 | 2101 | 4227 | 46 | 78 |
| iv_501-iv_511 | 2138 | 4238 | 40 | 79 |
| iv_497-iv_511 | 2047 | 4239 | 38 | 76 |
| iv_506-iv_508 | 1978 | 4240 | 47 | 72 |
| iv_504-iv_507 | 2056 | 4241 | 49 | 72 |
| iv_509-iv_510 | 2206 | 4249 | 42 | 69 |
| iv_506-iv_507 | 2046 | 4262 | 50 | 80 |
| iv_498-iv_504 | 1877 | 4268 | 34 | 82 |
| iv_498-iv_501 | 2002 | 4279 | 38 | 77 |

### Input Bit Output Co-occurrences Sorted by Output Co-occurrences

| Input Bits | Co-occurrences | Potential Occurrences | Output Co-occurrences | Potential Output Occurrences |
|:----------:|:--------------:|:---------------------:|:---------------------:|:----------------------------:|
| iv_506-iv_507 | 2046 | 4262 | 50 | 80 |
| iv_502-iv_507 | 2053 | 4300 | 50 | 83 |
| iv_507-iv_508 | 2027 | 4342 | 49 | 74 |
| iv_502-iv_508 | 2023 | 4202 | 49 | 71 |
| iv_504-iv_507 | 2056 | 4241 | 49 | 72 |
| iv_501-iv_502 | 2089 | 4288 | 48 | 74 |
| iv_503-iv_506 | 2016 | 4349 | 48 | 74 |
| iv_501-iv_506 | 2039 | 4336 | 47 | 73 |
| iv_502-iv_506 | 1957 | 4292 | 47 | 83 |
| iv_506-iv_508 | 1978 | 4240 | 47 | 72 |
| iv_502-iv_503 | 2072 | 4289 | 46 | 81 |
| iv_501-iv_507 | 2150 | 4314 | 46 | 81 |
| iv_503-iv_507 | 2094 | 4393 | 46 | 84 |

### Input Bit Output Co-occurrences Sorted by Potential Output Occurrences

| Input Bits | Co-occurrences | Potential Occurrences | Output Co-occurrences | Potential Output Occurrences |
|:----------:|:--------------:|:---------------------:|:---------------------:|:----------------------------:|
| iv_509-iv_510 | 2206 | 4249 | 42 | 69 |
| iv_502-iv_508 | 2023 | 4202 | 49 | 71 |
| iv_506-iv_508 | 1978 | 4240 | 47 | 72 |
| iv_504-iv_507 | 2056 | 4241 | 49 | 72 |
| iv_498-iv_511 | 1873 | 4377 | 40 | 72 |
| iv_501-iv_506 | 2039 | 4336 | 47 | 73 |
| iv_498-iv_506 | 1916 | 4191 | 43 | 74 |
| iv_501-iv_502 | 2089 | 4288 | 48 | 74 |
| iv_503-iv_506 | 2016 | 4349 | 48 | 74 |
| iv_507-iv_508 | 2027 | 4342 | 49 | 74 |
| iv_508-iv_509 | 2151 | 4169 | 44 | 74 |
| iv_497-iv_507 | 2049 | 4335 | 46 | 74 |
| iv_500-iv_509 | 2164 | 4389 | 43 | 74 |

## Output Bits

### Output Bits in Regular Order

| Rank | Output Bit | Complexity |
|:----:|:----------:|:----------:|
| 1 | ov_001 | 1.4043192354693876 × 10^305 |
| 2 | ov_002 | 1.2219600563926934 × 10^305 |
| 3 | ov_003 | 1.0582511357431473 × 10^305 |
| 4 | ov_004 | 9.117920107033947 × 10^304 |
| 5 | ov_005 | 7.812591316541108 × 10^304 |
| 6 | ov_006 | 6.654004545994002 × 10^304 |
| 7 | ov_007 | 5.630307282927193 × 10^304 |
| 8 | ov_008 | 4.7302740958676496 × 10^304 |
| 9 | ov_009 | 3.943271440902783 × 10^304 |
| 10 | ov_010 | 3.259227559499038 × 10^304 |
| 11 | ov_011 | 2.668607005094851 × 10^304 |
| 12 | ov_012 | 2.1623893683502787 × 10^304 |
| 13 | ov_013 | 1.7320517364863227 × 10^304 |
| 14 | ov_014 | 1.369554420218216 × 10^304 |
| 15 | ov_015 | 1.0673295125051886 × 10^304 |
| 16 | ov_016 | 8.182718737495944 × 10^303 |
| 17 | ov_017 | 6.157321682655436 × 10^303 |
| 18 | ov_018 | 4.5351160686817884 × 10^303 |
| 19 | ov_019 | 3.2585808036056555 × 10^303 |
| 20 | ov_020 | 2.27463398552994 × 10^303 |
| 21 | ov_021 | 1.5346137926503343 × 10^303 |
| 22 | ov_022 | 9.942656155075588 × 10^302 |
| 23 | ov_023 | 6.137335569104784 × 10^302 |
| 24 | ov_024 | 3.575549598866461 × 10^302 |
| 25 | ov_025 | 1.9465710309305034 × 10^302 |
| 26 | ov_026 | 9.835542508848174 × 10^301 |
| 27 | ov_027 | 4.635270799549489 × 10^301 |
| 28 | ov_028 | 2.0738757326615094 × 10^301 |
| 29 | ov_029 | 7.990294101178691 × 10^300 |
| 30 | ov_030 | 2.4424016970756383 × 10^300 |
| 31 | ov_031 | 4.763153876466824 × 10^299 |
| 32 | lv_80_m31 | 9.287247704502179 × 10^298 |
| 33 | ov_033 | 1.1233409934135294 × 10^300 |
| 34 | ov_034 | 9.760519994812926 × 10^299 |
| 35 | ov_035 | 8.44080916751364 × 10^299 |
| 36 | ov_036 | 7.262426882212363 × 10^299 |
| 37 | ov_037 | 6.214172087766755 × 10^299 |
| 38 | ov_038 | 5.2854473172583774 × 10^299 |
| 39 | ov_039 | 4.466218721584089 × 10^299 |
| 40 | ov_040 | 3.7469815281202912 × 10^299 |
| 41 | ov_041 | 3.118730408385071 × 10^299 |
| 42 | ov_042 | 2.5729342652757875 × 10^299 |
| 43 | ov_043 | 2.1015149767561994 × 10^299 |
| 44 | ov_044 | 1.6968296588694238 × 10^299 |
| 45 | ov_045 | 1.3516560367050953 × 10^299 |
| 46 | ov_046 | 1.0624864782329065 × 10^299 |
| 47 | ov_047 | 8.229065675471686 × 10^298 |
| 48 | ov_048 | 6.268935267268253 × 10^298 |
| 49 | ov_049 | 4.688104131492014 × 10^298 |
| 50 | ov_050 | 3.434017478088295 × 10^298 |
| 51 | ov_051 | 2.457903143588524 × 10^298 |
| 52 | ov_052 | 1.7147489344725421 × 10^298 |
| 53 | ov_053 | 1.163287217330043 × 10^298 |
| 54 | ov_054 | 7.659848974999579 × 10^297 |
| 55 | ov_055 | 4.8903717550400587 × 10^297 |
| 56 | ov_056 | 3.023637723839499 × 10^297 |
| 57 | ov_057 | 1.7960670985246483 × 10^297 |
| 58 | ov_058 | 9.812907954788272 × 10^296 |
| 59 | ov_059 | 4.754258918036508 × 10^296 |
| 60 | ov_060 | 1.9319077591732625 × 10^296 |
| 61 | ov_061 | 6.790444946925448 × 10^295 |
| 62 | ov_062 | 2.0760144885530859 × 10^295 |
| 63 | ov_063 | 4.049327172254539 × 10^294 |
| 64 | lv_79_m31 | 7.896625185243245 × 10^293 |
| 65 | ov_065 | 9.495614300878786 × 10^294 |
| 66 | ov_066 | 9.495589915652406 × 10^294 |
| 67 | ov_067 | 9.495584097691357 × 10^294 |
| 68 | ov_068 | 8.249553467108813 × 10^294 |
| 69 | ov_069 | 7.13112277921509 × 10^294 |
| 70 | ov_070 | 6.130994977019911 × 10^294 |
| 71 | ov_071 | 5.2403178794116614 × 10^294 |
| 72 | ov_072 | 4.450655360696582 × 10^294 |
| 73 | ov_073 | 3.7539642120282675 × 10^294 |
| 74 | ov_074 | 3.142575865085605 × 10^294 |
| 75 | ov_075 | 2.6091822020699938 × 10^294 |
| 76 | ov_076 | 2.1468247180666874 × 10^294 |
| 77 | ov_077 | 1.748886342351002 × 10^294 |
| 78 | ov_078 | 1.4090852645842114 × 10^294 |
| 79 | ov_079 | 1.1214701502653713 × 10^294 |
| 80 | ov_080 | 8.804162282171083 × 10^293 |
| 81 | ov_081 | 6.806219476686974 × 10^293 |
| 82 | ov_082 | 5.1710610330402 × 10^293 |
| 83 | ov_083 | 3.85205392168111 × 10^293 |
| 84 | ov_084 | 2.805723664878964 × 10^293 |
| 85 | ov_085 | 1.991737465707088 × 10^293 |
| 86 | ov_086 | 1.37289058013626 × 10^293 |
| 87 | ov_087 | 9.150955750007533 × 10^292 |
| 88 | ov_088 | 5.873741148642431 × 10^292 |
| 89 | ov_089 | 3.618509209637359 × 10^292 |
| 90 | ov_090 | 2.1374954548889313 × 10^292 |
| 91 | ov_091 | 1.213896044915852 × 10^292 |
| 92 | ov_092 | 6.61851157134057 × 10^291 |
| 93 | ov_093 | 3.26436051822895 × 10^291 |
| 94 | ov_094 | 1.379213930747247 × 10^291 |
| 95 | aaa_78_28 | 4.204270749053935 × 10^290 |
| 96 | aaa_78_29 | 1.2651045854766882 × 10^290 |
| 97 | ov_097 | 6.511626133622188 × 10^289 |
| 98 | ov_098 | 6.511566554616339 × 10^289 |
| 99 | ov_099 | 6.51154747658544 × 10^289 |
| 100 | ov_100 | 5.402845718415137 × 10^289 |
| 101 | ov_101 | 4.4470419050096784 × 10^289 |
| 102 | ov_102 | 3.6294895755813215 × 10^289 |
| 103 | ov_103 | 2.93635525243696 × 10^289 |
| 104 | ov_104 | 2.3545591475131403 × 10^289 |
| 105 | ov_105 | 1.871723391321245 × 10^289 |
| 106 | ov_106 | 1.4761271102618502 × 10^289 |
| 107 | ov_107 | 1.1566677137677755 × 10^289 |
| 108 | ov_108 | 9.028277868687203 × 10^288 |
| 109 | ov_109 | 7.046470167842791 × 10^288 |
| 110 | ov_110 | 5.526986142618974 × 10^288 |
| 111 | ov_111 | 4.380697217690475 × 10^288 |
| 112 | ov_112 | 3.5234533148441083 × 10^288 |
| 113 | ov_113 | 2.8759526644571256 × 10^288 |
| 114 | ov_114 | 2.3636380831347596 × 10^288 |
| 115 | ov_115 | 1.9166158509052698 × 10^288 |
| 116 | ov_116 | 1.530330932127539 × 10^288 |
| 117 | ov_117 | 1.2002618462802222 × 10^288 |
| 118 | ov_118 | 9.21910569587253 × 10^287 |
| 119 | ov_119 | 6.907948231118381 × 10^287 |
| 120 | ov_120 | 5.024424521344456 × 10^287 |
| 121 | ov_121 | 3.5238760168015036 × 10^287 |
| 122 | ov_122 | 2.361682607901547 × 10^287 |
| 123 | ov_123 | 1.4932465273354721 × 10^287 |
| 124 | ov_124 | 8.739815442939727 × 10^286 |
| 125 | ov_125 | 4.59306337023044 × 10^286 |
| 126 | ov_126 | 2.0464120378767442 × 10^286 |
| 127 | aaa_77_28 | 6.540687020745821 × 10^285 |
| 128 | aaa_77_29 | 2.455595388146083 × 10^285 |
| 129 | ov_129 | 2.2901212162943826 × 10^285 |
| 130 | ov_130 | 2.290114756136003 × 10^285 |
| 131 | ov_131 | 2.2901131920904582 × 10^285 |
| 132 | ov_132 | 1.9925289780014673 × 10^285 |
| 133 | ov_133 | 1.7250200509224974 × 10^285 |
| 134 | ov_134 | 1.485253719308661 × 10^285 |
| 135 | ov_135 | 1.2710242788570861 × 10^285 |
| 136 | ov_136 | 1.0802439698491401 × 10^285 |
| 137 | ov_137 | 9.118973466833277 × 10^284 |
| 138 | ov_138 | 7.64110093606403 × 10^284 |
| 139 | ov_139 | 6.351054648864722 × 10^284 |
| 140 | ov_140 | 5.2319939474351675 × 10^284 |
| 141 | ov_141 | 4.267963970067541 × 10^284 |
| 142 | ov_142 | 3.443861659128058 × 10^284 |
| 143 | ov_143 | 2.745407946632917 × 10^284 |
| 144 | ov_144 | 2.159125334996341 × 10^284 |
| 145 | ov_145 | 1.6723201414541225 × 10^284 |
| 146 | ov_146 | 1.2730687252741027 × 10^284 |
| 147 | ov_147 | 9.502070672675942 × 10^283 |
| 148 | ov_148 | 6.933231213924235 × 10^283 |
| 149 | ov_149 | 4.927514084405567 × 10^283 |
| 150 | ov_150 | 3.3956937196122577 × 10^283 |
| 151 | ov_151 | 2.2559506670068416 × 10^283 |
| 152 | ov_152 | 1.4338579995185493 × 10^283 |
| 153 | ov_153 | 8.623739630782672 × 10^282 |
| 154 | ov_154 | 4.818381760892158 × 10^282 |
| 155 | ov_155 | 2.3996957686153702 × 10^282 |
| 156 | aaa_76_25 | 9.186530559307498 × 10^281 |
| 157 | aaa_76_26 | 5.254466496403433 × 10^281 |
| 158 | aaa_76_27 | 2.6453770228236604 × 10^281 |
| 159 | aaa_76_28 | 9.9040605761272 × 10^280 |
| 160 | aaa_76_29 | 2.8238076855017233 × 10^280 |

### Output Bits Sorted by Complexity

| Rank | Output Bit | Complexity |
|:----:|:----------:|:----------:|
| 160 | aaa_76_29 | 2.8238076855017233 × 10^280 |
| 159 | aaa_76_28 | 9.9040605761272 × 10^280 |
| 158 | aaa_76_27 | 2.6453770228236604 × 10^281 |
| 157 | aaa_76_26 | 5.254466496403433 × 10^281 |
| 156 | aaa_76_25 | 9.186530559307498 × 10^281 |
| 155 | ov_155 | 2.3996957686153702 × 10^282 |
| 154 | ov_154 | 4.818381760892158 × 10^282 |
| 153 | ov_153 | 8.623739630782672 × 10^282 |
| 152 | ov_152 | 1.4338579995185493 × 10^283 |
| 151 | ov_151 | 2.2559506670068416 × 10^283 |
| 150 | ov_150 | 3.3956937196122577 × 10^283 |
| 149 | ov_149 | 4.927514084405567 × 10^283 |
| 148 | ov_148 | 6.933231213924235 × 10^283 |
| 147 | ov_147 | 9.502070672675942 × 10^283 |
| 146 | ov_146 | 1.2730687252741027 × 10^284 |
| 145 | ov_145 | 1.6723201414541225 × 10^284 |
| 144 | ov_144 | 2.159125334996341 × 10^284 |
| 143 | ov_143 | 2.745407946632917 × 10^284 |
| 142 | ov_142 | 3.443861659128058 × 10^284 |
| 141 | ov_141 | 4.267963970067541 × 10^284 |
| 140 | ov_140 | 5.2319939474351675 × 10^284 |
| 139 | ov_139 | 6.351054648864722 × 10^284 |
| 138 | ov_138 | 7.64110093606403 × 10^284 |
| 137 | ov_137 | 9.118973466833277 × 10^284 |
| 136 | ov_136 | 1.0802439698491401 × 10^285 |
| 135 | ov_135 | 1.2710242788570861 × 10^285 |
| 134 | ov_134 | 1.485253719308661 × 10^285 |
| 133 | ov_133 | 1.7250200509224974 × 10^285 |
| 132 | ov_132 | 1.9925289780014673 × 10^285 |
| 131 | ov_131 | 2.2901131920904582 × 10^285 |
| 130 | ov_130 | 2.290114756136003 × 10^285 |
| 129 | ov_129 | 2.2901212162943826 × 10^285 |
| 128 | aaa_77_29 | 2.455595388146083 × 10^285 |
| 127 | aaa_77_28 | 6.540687020745821 × 10^285 |
| 126 | ov_126 | 2.0464120378767442 × 10^286 |
| 125 | ov_125 | 4.59306337023044 × 10^286 |
| 124 | ov_124 | 8.739815442939727 × 10^286 |
| 123 | ov_123 | 1.4932465273354721 × 10^287 |
| 122 | ov_122 | 2.361682607901547 × 10^287 |
| 121 | ov_121 | 3.5238760168015036 × 10^287 |
| 120 | ov_120 | 5.024424521344456 × 10^287 |
| 119 | ov_119 | 6.907948231118381 × 10^287 |
| 118 | ov_118 | 9.21910569587253 × 10^287 |
| 117 | ov_117 | 1.2002618462802222 × 10^288 |
| 116 | ov_116 | 1.530330932127539 × 10^288 |
| 115 | ov_115 | 1.9166158509052698 × 10^288 |
| 114 | ov_114 | 2.3636380831347596 × 10^288 |
| 113 | ov_113 | 2.8759526644571256 × 10^288 |
| 112 | ov_112 | 3.5234533148441083 × 10^288 |
| 111 | ov_111 | 4.380697217690475 × 10^288 |
| 110 | ov_110 | 5.526986142618974 × 10^288 |
| 109 | ov_109 | 7.046470167842791 × 10^288 |
| 108 | ov_108 | 9.028277868687203 × 10^288 |
| 107 | ov_107 | 1.1566677137677755 × 10^289 |
| 106 | ov_106 | 1.4761271102618502 × 10^289 |
| 105 | ov_105 | 1.871723391321245 × 10^289 |
| 104 | ov_104 | 2.3545591475131403 × 10^289 |
| 103 | ov_103 | 2.93635525243696 × 10^289 |
| 102 | ov_102 | 3.6294895755813215 × 10^289 |
| 101 | ov_101 | 4.4470419050096784 × 10^289 |
| 100 | ov_100 | 5.402845718415137 × 10^289 |
| 99 | ov_099 | 6.51154747658544 × 10^289 |
| 98 | ov_098 | 6.511566554616339 × 10^289 |
| 97 | ov_097 | 6.511626133622188 × 10^289 |
| 96 | aaa_78_29 | 1.2651045854766882 × 10^290 |
| 95 | aaa_78_28 | 4.204270749053935 × 10^290 |
| 94 | ov_094 | 1.379213930747247 × 10^291 |
| 93 | ov_093 | 3.26436051822895 × 10^291 |
| 92 | ov_092 | 6.61851157134057 × 10^291 |
| 91 | ov_091 | 1.213896044915852 × 10^292 |
| 90 | ov_090 | 2.1374954548889313 × 10^292 |
| 89 | ov_089 | 3.618509209637359 × 10^292 |
| 88 | ov_088 | 5.873741148642431 × 10^292 |
| 87 | ov_087 | 9.150955750007533 × 10^292 |
| 86 | ov_086 | 1.37289058013626 × 10^293 |
| 85 | ov_085 | 1.991737465707088 × 10^293 |
| 84 | ov_084 | 2.805723664878964 × 10^293 |
| 83 | ov_083 | 3.85205392168111 × 10^293 |
| 82 | ov_082 | 5.1710610330402 × 10^293 |
| 81 | ov_081 | 6.806219476686974 × 10^293 |
| 64 | lv_79_m31 | 7.896625185243245 × 10^293 |
| 80 | ov_080 | 8.804162282171083 × 10^293 |
| 79 | ov_079 | 1.1214701502653713 × 10^294 |
| 78 | ov_078 | 1.4090852645842114 × 10^294 |
| 77 | ov_077 | 1.748886342351002 × 10^294 |
| 76 | ov_076 | 2.1468247180666874 × 10^294 |
| 75 | ov_075 | 2.6091822020699938 × 10^294 |
| 74 | ov_074 | 3.142575865085605 × 10^294 |
| 73 | ov_073 | 3.7539642120282675 × 10^294 |
| 63 | ov_063 | 4.049327172254539 × 10^294 |
| 72 | ov_072 | 4.450655360696582 × 10^294 |
| 71 | ov_071 | 5.2403178794116614 × 10^294 |
| 70 | ov_070 | 6.130994977019911 × 10^294 |
| 69 | ov_069 | 7.13112277921509 × 10^294 |
| 68 | ov_068 | 8.249553467108813 × 10^294 |
| 67 | ov_067 | 9.495584097691357 × 10^294 |
| 66 | ov_066 | 9.495589915652406 × 10^294 |
| 65 | ov_065 | 9.495614300878786 × 10^294 |
| 62 | ov_062 | 2.0760144885530859 × 10^295 |
| 61 | ov_061 | 6.790444946925448 × 10^295 |
| 60 | ov_060 | 1.9319077591732625 × 10^296 |
| 59 | ov_059 | 4.754258918036508 × 10^296 |
| 58 | ov_058 | 9.812907954788272 × 10^296 |
| 57 | ov_057 | 1.7960670985246483 × 10^297 |
| 56 | ov_056 | 3.023637723839499 × 10^297 |
| 55 | ov_055 | 4.8903717550400587 × 10^297 |
| 54 | ov_054 | 7.659848974999579 × 10^297 |
| 53 | ov_053 | 1.163287217330043 × 10^298 |
| 52 | ov_052 | 1.7147489344725421 × 10^298 |
| 51 | ov_051 | 2.457903143588524 × 10^298 |
| 50 | ov_050 | 3.434017478088295 × 10^298 |
| 49 | ov_049 | 4.688104131492014 × 10^298 |
| 48 | ov_048 | 6.268935267268253 × 10^298 |
| 47 | ov_047 | 8.229065675471686 × 10^298 |
| 32 | lv_80_m31 | 9.287247704502179 × 10^298 |
| 46 | ov_046 | 1.0624864782329065 × 10^299 |
| 45 | ov_045 | 1.3516560367050953 × 10^299 |
| 44 | ov_044 | 1.6968296588694238 × 10^299 |
| 43 | ov_043 | 2.1015149767561994 × 10^299 |
| 42 | ov_042 | 2.5729342652757875 × 10^299 |
| 41 | ov_041 | 3.118730408385071 × 10^299 |
| 40 | ov_040 | 3.7469815281202912 × 10^299 |
| 39 | ov_039 | 4.466218721584089 × 10^299 |
| 31 | ov_031 | 4.763153876466824 × 10^299 |
| 38 | ov_038 | 5.2854473172583774 × 10^299 |
| 37 | ov_037 | 6.214172087766755 × 10^299 |
| 36 | ov_036 | 7.262426882212363 × 10^299 |
| 35 | ov_035 | 8.44080916751364 × 10^299 |
| 34 | ov_034 | 9.760519994812926 × 10^299 |
| 33 | ov_033 | 1.1233409934135294 × 10^300 |
| 30 | ov_030 | 2.4424016970756383 × 10^300 |
| 29 | ov_029 | 7.990294101178691 × 10^300 |
| 28 | ov_028 | 2.0738757326615094 × 10^301 |
| 27 | ov_027 | 4.635270799549489 × 10^301 |
| 26 | ov_026 | 9.835542508848174 × 10^301 |
| 25 | ov_025 | 1.9465710309305034 × 10^302 |
| 24 | ov_024 | 3.575549598866461 × 10^302 |
| 23 | ov_023 | 6.137335569104784 × 10^302 |
| 22 | ov_022 | 9.942656155075588 × 10^302 |
| 21 | ov_021 | 1.5346137926503343 × 10^303 |
| 20 | ov_020 | 2.27463398552994 × 10^303 |
| 19 | ov_019 | 3.2585808036056555 × 10^303 |
| 18 | ov_018 | 4.5351160686817884 × 10^303 |
| 17 | ov_017 | 6.157321682655436 × 10^303 |
| 16 | ov_016 | 8.182718737495944 × 10^303 |
| 15 | ov_015 | 1.0673295125051886 × 10^304 |
| 14 | ov_014 | 1.369554420218216 × 10^304 |
| 13 | ov_013 | 1.7320517364863227 × 10^304 |
| 12 | ov_012 | 2.1623893683502787 × 10^304 |
| 11 | ov_011 | 2.668607005094851 × 10^304 |
| 10 | ov_010 | 3.259227559499038 × 10^304 |
| 9 | ov_009 | 3.943271440902783 × 10^304 |
| 8 | ov_008 | 4.7302740958676496 × 10^304 |
| 7 | ov_007 | 5.630307282927193 × 10^304 |
| 6 | ov_006 | 6.654004545994002 × 10^304 |
| 5 | ov_005 | 7.812591316541108 × 10^304 |
| 4 | ov_004 | 9.117920107033947 × 10^304 |
| 3 | ov_003 | 1.0582511357431473 × 10^305 |
| 2 | ov_002 | 1.2219600563926934 × 10^305 |
| 1 | ov_001 | 1.4043192354693876 × 10^305 |

