# Results for F001-F002-F003-F004-F005-F006-F007-F008-F009-F010-F011-F012-F013-F014-F015-F016-F017-F018-F019-F020-F021-F022-F023-F024-F025-F026-F027-F028-F029-F030-F031-F032-F033-F034-F035-F036-F037-F038-F039-F040-F041-F042-F043-F044-F045-F046-F047-F048-F049-F050-F051-F052-F053-F054-F055-F056-F057-F058-F059-F060-F061-F062-F063-F064-F065-F066-F067-F068-F069-F070-F071-F072-F073-F074-F075-F076-F077-F078-F079-F080-F081-F082-F083-F084-F085-F086-F087-F088-F089-F090-F091-F092-F093-F094-F095-F096-F097-F098-F099-F100-F101-F102-F103-F104-F105-F106-F107-F108-F109-F110-F111-F112-F113-F114-F115-F116-F117-F118-F119-F120-F121-F122-F123-F124-F125-F126-F127-F128-F129-F130-F131-F132-F133-F134-F135-F136-F137-F138-F139-F140-F141-F142-F143-F144-F145-F146-F147-F148-F149-F150-F151-F152-F153-F154-F155-F156-F157-F158-F159-F160-F161-F162-F163-F164-F165-F166-F167-F168-F169-F170-F171-F172-F173-F174-F175-F176-F177-F178-F179-F180-F181-F182-F183-F184-F185-F186-F187-F188-F189-F190-F191-F192-F193-F194-F195-F196-F197-F198-F199-F200-F201-F202-F203-F204-F205-F206-F207-F208-F209-F210-F211-F212-F213-F214-F215-F216-F217-F218-F219-F220-F221-F222-F223-F224-F225-F226-F227-F228-F229-F230-F231-F232-F233-F234-F235-F236-F237-F238-F239-F240-F241-F242-F243-F244-F245-F246-F247-F248-F249-F250-F251-F252-F253-F254-F255-F256-F257-F258-F259-F260-F261-F262-F263-F264-F265-F266-F267-F268-F269-F270-F271-F272-F273-F274-F275-F276-F277-F278-F279-F280-F281-F282-F283-F284-F285-F286-F287-F288-F289-F290-F291-F292-F293-F294-F295-F296-F297-F298-F299-F300-F301-F302-F303-F304-F305-F306-F307-F308-F309-F310-F311-F312-F313-F314-F315-F316-F317-F318-F319-F320-F321-F322-F323-F324-F325-F326-F327-F328-F329-F330-F331-F332-F333-F334-F335-F336-F337-F338-F339-F340-F341-F342-F343-F344-F345-F346-F347-F348-F349-F350-F351-F352-F353-F354-F355-F356-F357-F358-F359-F360-F361-F362-F363-F364-F365-F366-F367-F368-F369-F370-F371-F372-F373-F374-F375-F376-F377-F378-F379-F380-F381-F382-F383-F384-F385-F386-F387-F388-F389-F390-F391-F392-F393-F394-F395-F396-F397-F398-F399-F400-F401-F402-F403-F404-F405-F406-F407-F408-F409-F410-F411-F412-F413-F414-F415-F416-F417-F418-F419-F420-F421-F422-F423-F424-F425-F426-F427-F428-F429-F430-F431-F432-F433-F434-F435-F436-F437-F438-F439-F440-F441-F442-F443-F444-F445-F446-F447-F448-F449-F450-F451-F452-F453-F454-F455-F456-F457-F458-F459-F460-F461-F462-F463-F464-F465-F466-F467-F468-F469-F470-F471-F472-F473-F474-F475-F476-F477-F478-F479-F480-F481-F482-F483-F484-F485-F486-F487-F488-F489-F490-F491-F492-F493-F494-F495-F496-F497-O499508-F512

## Summary

Number of input bits: 512  
Number of free input bits: 13  
Number of output bits: 160

Number of direct occurrences: 53137  
Number of assignments: 31727  
Number of operations: 11211609
(xor: 11182973,
and: 15104,
or: 13532)

Total complexity: 7.290016336898207 × 10^301

Least occurring input variable: iv_502 (3898)  
Most occurring input variable: iv_510 (4278)

Most co-occurring input variables: iv_509-iv_510 (2145)  
Least co-occurring input variables: iv_499-iv_502 (1745)

Potentially most occurring input variable: iv_499/iv_500 (4537)  
Potentially least occurring input variable: iv_502/iv_505 (4164)

Least output occurring input variable: iv_499 (71)  
Most output occurring input variable: iv_498 (88)

Most output co-occurring input variables: iv_498-iv_504 (50)  
Least output co-occurring input variables: iv_499-iv_510 (31)

Potentially most output occurring input variable: iv_502/iv_503 (94)  
Potentially least output occurring input variable: iv_498/iv_504 (68)

Least complex input bit: iv_511 (1.4368757208012005 × 10^298)  
Most complex input bit: iv_510 (1.8256453236902988 × 10^301)

Least complex output bit: aaa_76_29 (3.6452542434061826 × 10^276)  
Most complex output bit: ov_001 (1.140322809399558 × 10^301)

Least complex input/output complexity: iv_511/aaa_76_29 (7.184863622303586 × 10^272)  
Most complex input/output complexity: iv_510/ov_001 (2.8557206297887013 × 10^300)

## Input Bits

### Input Bits in Regular Order

| Input Bit | Complexity | Occurrences | Output Occurrences |
|:---------:|:----------:|:-----------:|:------------------:|
| iv_498 | 8.169603657514319 × 10^298 | 3967 | 88 |
| iv_499 | 1.2712880282220848 × 10^301 | 4113 | 71 |
| iv_500 | 3.106411437283784 × 10^299 | 4122 | 76 |
| iv_501 | 5.632665398780449 × 10^299 | 4063 | 79 |
| iv_502 | 9.620289152907346 × 10^299 | 3898 | 82 |
| iv_503 | 1.5807814131073637 × 10^300 | 4165 | 78 |
| iv_504 | 2.5167352394405963 × 10^300 | 3947 | 80 |
| iv_505 | 3.901724135757632 × 10^300 | 3928 | 79 |
| iv_506 | 5.9084824379190986 × 10^300 | 3973 | 82 |
| iv_507 | 8.767347760926748 × 10^300 | 4187 | 76 |
| iv_509 | 1.7323757470026497 × 10^301 | 4268 | 84 |
| iv_510 | 1.8256453236902988 × 10^301 | 4278 | 74 |
| iv_511 | 1.4368757208012005 × 10^298 | 4228 | 80 |

### Input Bits Sorted by Complexity

| Input Bit | Complexity | Occurrences | Output Occurrences |
|:---------:|:----------:|:-----------:|:------------------:|
| iv_511 | 1.4368757208012005 × 10^298 | 4228 | 80 |
| iv_498 | 8.169603657514319 × 10^298 | 3967 | 88 |
| iv_500 | 3.106411437283784 × 10^299 | 4122 | 76 |
| iv_501 | 5.632665398780449 × 10^299 | 4063 | 79 |
| iv_502 | 9.620289152907346 × 10^299 | 3898 | 82 |
| iv_503 | 1.5807814131073637 × 10^300 | 4165 | 78 |
| iv_504 | 2.5167352394405963 × 10^300 | 3947 | 80 |
| iv_505 | 3.901724135757632 × 10^300 | 3928 | 79 |
| iv_506 | 5.9084824379190986 × 10^300 | 3973 | 82 |
| iv_507 | 8.767347760926748 × 10^300 | 4187 | 76 |
| iv_499 | 1.2712880282220848 × 10^301 | 4113 | 71 |
| iv_509 | 1.7323757470026497 × 10^301 | 4268 | 84 |
| iv_510 | 1.8256453236902988 × 10^301 | 4278 | 74 |

### Input Bits Sorted by Occurrences

| Input Bit | Complexity | Occurrences | Output Occurrences |
|:---------:|:----------:|:-----------:|:------------------:|
| iv_502 | 9.620289152907346 × 10^299 | 3898 | 82 |
| iv_505 | 3.901724135757632 × 10^300 | 3928 | 79 |
| iv_504 | 2.5167352394405963 × 10^300 | 3947 | 80 |
| iv_498 | 8.169603657514319 × 10^298 | 3967 | 88 |
| iv_506 | 5.9084824379190986 × 10^300 | 3973 | 82 |
| iv_501 | 5.632665398780449 × 10^299 | 4063 | 79 |
| iv_499 | 1.2712880282220848 × 10^301 | 4113 | 71 |
| iv_500 | 3.106411437283784 × 10^299 | 4122 | 76 |
| iv_503 | 1.5807814131073637 × 10^300 | 4165 | 78 |
| iv_507 | 8.767347760926748 × 10^300 | 4187 | 76 |
| iv_511 | 1.4368757208012005 × 10^298 | 4228 | 80 |
| iv_509 | 1.7323757470026497 × 10^301 | 4268 | 84 |
| iv_510 | 1.8256453236902988 × 10^301 | 4278 | 74 |

### Input Bits Sorted by Output Occurrences

| Input Bit | Complexity | Occurrences | Output Occurrences |
|:---------:|:----------:|:-----------:|:------------------:|
| iv_499 | 1.2712880282220848 × 10^301 | 4113 | 71 |
| iv_510 | 1.8256453236902988 × 10^301 | 4278 | 74 |
| iv_500 | 3.106411437283784 × 10^299 | 4122 | 76 |
| iv_507 | 8.767347760926748 × 10^300 | 4187 | 76 |
| iv_503 | 1.5807814131073637 × 10^300 | 4165 | 78 |
| iv_501 | 5.632665398780449 × 10^299 | 4063 | 79 |
| iv_505 | 3.901724135757632 × 10^300 | 3928 | 79 |
| iv_504 | 2.5167352394405963 × 10^300 | 3947 | 80 |
| iv_511 | 1.4368757208012005 × 10^298 | 4228 | 80 |
| iv_502 | 9.620289152907346 × 10^299 | 3898 | 82 |
| iv_506 | 5.9084824379190986 × 10^300 | 3973 | 82 |
| iv_509 | 1.7323757470026497 × 10^301 | 4268 | 84 |
| iv_498 | 8.169603657514319 × 10^298 | 3967 | 88 |

## Input Bit Co-occurrences

### Input Bit Co-occurrences Sorted by Co-occurrences

| Input Bits | Co-occurrences | Potential Occurrences | Output Co-occurrences | Potential Output Occurrences |
|:----------:|:--------------:|:---------------------:|:---------------------:|:----------------------------:|
| iv_509-iv_510 | 2145 | 4256 | 41 | 76 |
| iv_509-iv_511 | 2092 | 4312 | 41 | 82 |
| iv_500-iv_511 | 2084 | 4182 | 38 | 80 |
| iv_510-iv_511 | 2079 | 4348 | 39 | 76 |
| iv_500-iv_510 | 2061 | 4278 | 38 | 74 |
| iv_501-iv_511 | 2056 | 4179 | 41 | 77 |
| iv_507-iv_509 | 2041 | 4373 | 40 | 80 |
| iv_503-iv_509 | 2038 | 4357 | 40 | 82 |
| iv_503-iv_511 | 2032 | 4329 | 37 | 84 |
| iv_503-iv_510 | 2023 | 4397 | 36 | 80 |
| iv_500-iv_509 | 2022 | 4346 | 35 | 90 |
| iv_507-iv_511 | 2018 | 4379 | 39 | 78 |
| iv_503-iv_507 | 2017 | 4318 | 39 | 76 |

### Input Bit Co-occurrences Sorted by Potential Occurrences

| Input Bits | Co-occurrences | Potential Occurrences | Output Co-occurrences | Potential Output Occurrences |
|:----------:|:--------------:|:---------------------:|:---------------------:|:----------------------------:|
| iv_502-iv_505 | 1831 | 4164 | 37 | 87 |
| iv_506-iv_507 | 1996 | 4168 | 39 | 80 |
| iv_504-iv_506 | 1874 | 4172 | 41 | 80 |
| iv_504-iv_505 | 1850 | 4175 | 42 | 75 |
| iv_501-iv_511 | 2056 | 4179 | 41 | 77 |
| iv_501-iv_505 | 1905 | 4181 | 35 | 88 |
| iv_500-iv_511 | 2084 | 4182 | 38 | 80 |
| iv_498-iv_501 | 1921 | 4188 | 40 | 87 |
| iv_498-iv_504 | 1859 | 4196 | 50 | 68 |
| iv_500-iv_505 | 1926 | 4198 | 43 | 69 |
| iv_505-iv_510 | 2002 | 4202 | 42 | 69 |
| iv_502-iv_504 | 1808 | 4229 | 43 | 76 |
| iv_502-iv_506 | 1821 | 4229 | 44 | 76 |

### Input Bit Output Co-occurrences Sorted by Output Co-occurrences

| Input Bits | Co-occurrences | Potential Occurrences | Output Co-occurrences | Potential Output Occurrences |
|:----------:|:--------------:|:---------------------:|:---------------------:|:----------------------------:|
| iv_498-iv_504 | 1859 | 4196 | 50 | 68 |
| iv_498-iv_502 | 1767 | 4331 | 46 | 78 |
| iv_502-iv_511 | 1925 | 4276 | 45 | 72 |
| iv_498-iv_509 | 1920 | 4395 | 45 | 82 |
| iv_502-iv_509 | 1937 | 4292 | 44 | 78 |
| iv_504-iv_509 | 1974 | 4267 | 44 | 76 |
| iv_502-iv_506 | 1821 | 4229 | 44 | 76 |
| iv_502-iv_504 | 1808 | 4229 | 43 | 76 |
| iv_498-iv_507 | 1901 | 4352 | 43 | 78 |
| iv_498-iv_511 | 1898 | 4399 | 43 | 82 |
| iv_500-iv_505 | 1926 | 4198 | 43 | 69 |
| iv_501-iv_509 | 1963 | 4405 | 42 | 79 |
| iv_503-iv_505 | 1929 | 4235 | 42 | 73 |

### Input Bit Output Co-occurrences Sorted by Potential Output Occurrences

| Input Bits | Co-occurrences | Potential Occurrences | Output Co-occurrences | Potential Output Occurrences |
|:----------:|:--------------:|:---------------------:|:---------------------:|:----------------------------:|
| iv_498-iv_504 | 1859 | 4196 | 50 | 68 |
| iv_499-iv_503 | 1942 | 4394 | 40 | 69 |
| iv_500-iv_505 | 1926 | 4198 | 43 | 69 |
| iv_505-iv_510 | 2002 | 4202 | 42 | 69 |
| iv_499-iv_501 | 1873 | 4430 | 39 | 72 |
| iv_502-iv_511 | 1925 | 4276 | 45 | 72 |
| iv_503-iv_505 | 1929 | 4235 | 42 | 73 |
| iv_500-iv_501 | 1962 | 4261 | 41 | 73 |
| iv_501-iv_510 | 1941 | 4459 | 40 | 73 |
| iv_500-iv_510 | 2061 | 4278 | 38 | 74 |
| iv_502-iv_507 | 1900 | 4285 | 42 | 74 |
| iv_504-iv_505 | 1850 | 4175 | 42 | 75 |
| iv_499-iv_507 | 1913 | 4474 | 36 | 75 |

## Output Bits

### Output Bits in Regular Order

| Rank | Output Bit | Complexity |
|:----:|:----------:|:----------:|
| 1 | ov_001 | 1.140322809399558 × 10^301 |
| 2 | ov_002 | 9.922230209963365 × 10^300 |
| 3 | ov_003 | 8.592621639519289 × 10^300 |
| 4 | ov_004 | 7.403058031660369 × 10^300 |
| 5 | ov_005 | 6.342814768613201 × 10^300 |
| 6 | ov_006 | 5.401743211558148 × 10^300 |
| 7 | ov_007 | 4.570232678343778 × 10^300 |
| 8 | ov_008 | 3.839177623654726 × 10^300 |
| 9 | ov_009 | 3.199949520405576 × 10^300 |
| 10 | ov_010 | 2.6443729684126748 × 10^300 |
| 11 | ov_011 | 2.164705582830739 × 10^300 |
| 12 | ov_012 | 1.7536212405939014 × 10^300 |
| 13 | ov_013 | 1.4041962883108603 × 10^300 |
| 14 | ov_014 | 1.1098983398504785 × 10^300 |
| 15 | ov_015 | 8.645773163174598 × 10^299 |
| 16 | ov_016 | 6.624584053404409 × 10^299 |
| 17 | ov_017 | 4.981366406439272 × 10^299 |
| 18 | ov_018 | 3.6657282680367505 × 10^299 |
| 19 | ov_019 | 2.63090557932541 × 10^299 |
| 20 | ov_020 | 1.8337410283961263 × 10^299 |
| 21 | ov_021 | 1.2346695296957473 × 10^299 |
| 22 | ov_022 | 7.977085317473076 × 10^298 |
| 23 | ov_023 | 4.904516590414825 × 10^298 |
| 24 | ov_024 | 2.8406462032345936 × 10^298 |
| 25 | ov_025 | 1.5328269736770336 × 10^298 |
| 26 | ov_026 | 7.640932976290275 × 10^297 |
| 27 | ov_027 | 3.531541533350582 × 10^297 |
| 28 | ov_028 | 1.54390243869067 × 10^297 |
| 29 | ov_029 | 5.785307651474653 × 10^296 |
| 30 | ov_030 | 1.7486058123562022 × 10^296 |
| 31 | ov_031 | 3.87005964238732 × 10^295 |
| 32 | lv_80_m31 | 7.544746367430678 × 10^294 |
| 33 | ov_033 | 9.060310011701009 × 10^295 |
| 34 | ov_034 | 7.862506272302735 × 10^295 |
| 35 | ov_035 | 6.789178590908964 × 10^295 |
| 36 | ov_036 | 5.830893050350112 × 10^295 |
| 37 | ov_037 | 4.978731955098546 × 10^295 |
| 38 | ov_038 | 4.224257318312165 × 10^295 |
| 39 | ov_039 | 3.5594791141800984 × 10^295 |
| 40 | ov_040 | 2.976827858878259 × 10^295 |
| 41 | ov_041 | 2.4691311057088025 × 10^295 |
| 42 | ov_042 | 2.029593461850415 × 10^295 |
| 43 | ov_043 | 1.651779755635951 × 10^295 |
| 44 | ov_044 | 1.3296010044462376 × 10^295 |
| 45 | ov_045 | 1.0573028542067728 × 10^295 |
| 46 | ov_046 | 8.294561821370654 × 10^294 |
| 47 | ov_047 | 6.409495748670362 × 10^294 |
| 48 | ov_048 | 4.869834143352742 × 10^294 |
| 49 | ov_049 | 3.630653240509418 × 10^294 |
| 50 | ov_050 | 2.650067483599717 × 10^294 |
| 51 | ov_051 | 1.889204573291069 × 10^294 |
| 52 | ov_052 | 1.312187897699031 × 10^294 |
| 53 | ov_053 | 8.861246678746826 × 10^293 |
| 54 | ov_054 | 5.8109828069860936 × 10^293 |
| 55 | ov_055 | 3.701636294500217 × 10^293 |
| 56 | ov_056 | 2.29344323179087 × 10^293 |
| 57 | ov_057 | 1.37631090177825 × 10^293 |
| 58 | ov_058 | 7.698091787989523 × 10^292 |
| 59 | ov_059 | 3.911379258435552 × 10^292 |
| 60 | ov_060 | 1.723255648811225 × 10^292 |
| 61 | ov_061 | 6.022859129431155 × 10^291 |
| 62 | ov_062 | 1.6531436938455616 × 10^291 |
| 63 | ov_063 | 3.224088404738947 × 10^290 |
| 64 | lv_79_m31 | 6.286498215300741 × 10^289 |
| 65 | ov_065 | 7.548004256148992 × 10^290 |
| 66 | ov_066 | 7.547985927406757 × 10^290 |
| 67 | ov_067 | 7.547981593667386 × 10^290 |
| 68 | ov_068 | 6.553840233130154 × 10^290 |
| 69 | ov_069 | 5.661946238285298 × 10^290 |
| 70 | ov_070 | 4.864819395110156 × 10^290 |
| 71 | ov_071 | 4.155330277089393 × 10^290 |
| 72 | ov_072 | 3.5266804553511975 × 10^290 |
| 73 | ov_073 | 2.9723871133041024 × 10^290 |
| 74 | ov_074 | 2.486271164350553 × 10^290 |
| 75 | ov_075 | 2.062448019214585 × 10^290 |
| 76 | ov_076 | 1.6953201954953568 × 10^290 |
| 77 | ov_077 | 1.3795710886152895 × 10^290 |
| 78 | ov_078 | 1.1101595075727396 × 10^290 |
| 79 | ov_079 | 8.823148468131749 × 10^289 |
| 80 | ov_080 | 6.915328534148823 × 10^289 |
| 81 | ov_081 | 5.335719492587639 × 10^289 |
| 82 | ov_082 | 4.0445006820065514 × 10^289 |
| 83 | ov_083 | 3.004419685135501 × 10^289 |
| 84 | ov_084 | 2.1807698103837784 × 10^289 |
| 85 | ov_085 | 1.5413715359515958 × 10^289 |
| 86 | ov_086 | 1.0565575227835829 × 10^289 |
| 87 | ov_087 | 6.991608030464776 × 10^288 |
| 88 | ov_088 | 4.4450575107993676 × 10^288 |
| 89 | ov_089 | 2.7040144392300916 × 10^288 |
| 90 | ov_090 | 1.5713701860162262 × 10^288 |
| 91 | ov_091 | 8.747863340363022 × 10^287 |
| 92 | ov_092 | 4.666764367935557 × 10^287 |
| 93 | ov_093 | 2.2419622127232157 × 10^287 |
| 94 | ov_094 | 9.210828689623176 × 10^286 |
| 95 | aaa_78_28 | 2.754338526132804 × 10^286 |
| 96 | aaa_78_29 | 9.576259278308215 × 10^285 |
| 97 | ov_097 | 5.069319968632801 × 10^285 |
| 98 | ov_098 | 5.069254852786032 × 10^285 |
| 99 | ov_099 | 5.0692340373529677 × 10^285 |
| 100 | ov_100 | 4.148734948625928 × 10^285 |
| 101 | ov_101 | 3.373277549905905 × 10^285 |
| 102 | ov_102 | 2.726772404945587 × 10^285 |
| 103 | ov_103 | 2.1940199932485858 × 10^285 |
| 104 | ov_104 | 1.7606460560601715 × 10^285 |
| 105 | ov_105 | 1.413045165708167 × 10^285 |
| 106 | ov_106 | 1.1383317803690135 × 10^285 |
| 107 | ov_107 | 9.242980852198518 × 10^284 |
| 108 | ov_108 | 7.593779583172398 × 10^284 |
| 109 | ov_109 | 6.326164356910596 × 10^284 |
| 110 | ov_110 | 5.336440852963221 × 10^284 |
| 111 | ov_111 | 4.526557338307783 × 10^284 |
| 112 | ov_112 | 3.803930241784085 × 10^284 |
| 113 | ov_113 | 3.163344562545909 × 10^284 |
| 114 | ov_114 | 2.599672828341406 × 10^284 |
| 115 | ov_115 | 2.1078543796236886 × 10^284 |
| 116 | ov_116 | 1.6828782370534618 × 10^284 |
| 117 | ov_117 | 1.3197692287212527 × 10^284 |
| 118 | ov_118 | 1.013577053769706 × 10^284 |
| 119 | ov_119 | 7.593679592833122 × 10^283 |
| 120 | ov_120 | 5.5221870741237 × 10^283 |
| 121 | ov_121 | 3.8721250975275693 × 10^283 |
| 122 | ov_122 | 2.59436461047234 × 10^283 |
| 123 | ov_123 | 1.6397989966847255 × 10^283 |
| 124 | ov_124 | 9.593334806619801 × 10^282 |
| 125 | ov_125 | 5.0387874394105464 × 10^282 |
| 126 | ov_126 | 2.2434746526283178 × 10^282 |
| 127 | aaa_77_28 | 7.165284742705174 × 10^281 |
| 128 | aaa_77_29 | 2.687006396339946 × 10^281 |
| 129 | ov_129 | 2.5059029221764184 × 10^281 |
| 130 | ov_130 | 2.5058958132207708 × 10^281 |
| 131 | ov_131 | 2.5058940920996238 × 10^281 |
| 132 | ov_132 | 2.1767139748411165 × 10^281 |
| 133 | ov_133 | 1.8814855862937644 × 10^281 |
| 134 | ov_134 | 1.617654205914212 × 10^281 |
| 135 | ov_135 | 1.3828043995649165 × 10^281 |
| 136 | ov_136 | 1.1746500689039756 × 10^281 |
| 137 | ov_137 | 9.91025819530972 × 10^280 |
| 138 | ov_138 | 8.298795261731411 × 10^280 |
| 139 | ov_139 | 6.892659795200995 × 10^280 |
| 140 | ov_140 | 5.673415054329792 × 10^280 |
| 141 | ov_141 | 4.623594532073247 × 10^280 |
| 142 | ov_142 | 3.726664553947259 × 10^280 |
| 143 | ov_143 | 2.9669936741659317 × 10^280 |
| 144 | ov_144 | 2.329828008601425 × 10^280 |
| 145 | ov_145 | 1.801271699522619 × 10^280 |
| 146 | ov_146 | 1.368271762777306 × 10^280 |
| 147 | ov_147 | 1.0186066235654998 × 10^280 |
| 148 | ov_148 | 7.40877702296397 × 10^279 |
| 149 | ov_149 | 5.245034672849199 × 10^279 |
| 150 | ov_150 | 3.5971542625861546 × 10^279 |
| 151 | ov_151 | 2.3755558383011806 × 10^279 |
| 152 | ov_152 | 1.4987494725500636 × 10^279 |
| 153 | ov_153 | 8.933271794697946 × 10^278 |
| 154 | ov_154 | 4.939587368568409 × 10^278 |
| 155 | ov_155 | 2.4338943073628656 × 10^278 |
| 156 | aaa_76_25 | 9.243882731835339 × 10^277 |
| 157 | aaa_76_26 | 5.246215783886808 × 10^277 |
| 158 | aaa_76_27 | 2.6984027442205976 × 10^277 |
| 159 | aaa_76_28 | 1.1967888695778582 × 10^277 |
| 160 | aaa_76_29 | 3.6452542434061826 × 10^276 |

### Output Bits Sorted by Complexity

| Rank | Output Bit | Complexity |
|:----:|:----------:|:----------:|
| 160 | aaa_76_29 | 3.6452542434061826 × 10^276 |
| 159 | aaa_76_28 | 1.1967888695778582 × 10^277 |
| 158 | aaa_76_27 | 2.6984027442205976 × 10^277 |
| 157 | aaa_76_26 | 5.246215783886808 × 10^277 |
| 156 | aaa_76_25 | 9.243882731835339 × 10^277 |
| 155 | ov_155 | 2.4338943073628656 × 10^278 |
| 154 | ov_154 | 4.939587368568409 × 10^278 |
| 153 | ov_153 | 8.933271794697946 × 10^278 |
| 152 | ov_152 | 1.4987494725500636 × 10^279 |
| 151 | ov_151 | 2.3755558383011806 × 10^279 |
| 150 | ov_150 | 3.5971542625861546 × 10^279 |
| 149 | ov_149 | 5.245034672849199 × 10^279 |
| 148 | ov_148 | 7.40877702296397 × 10^279 |
| 147 | ov_147 | 1.0186066235654998 × 10^280 |
| 146 | ov_146 | 1.368271762777306 × 10^280 |
| 145 | ov_145 | 1.801271699522619 × 10^280 |
| 144 | ov_144 | 2.329828008601425 × 10^280 |
| 143 | ov_143 | 2.9669936741659317 × 10^280 |
| 142 | ov_142 | 3.726664553947259 × 10^280 |
| 141 | ov_141 | 4.623594532073247 × 10^280 |
| 140 | ov_140 | 5.673415054329792 × 10^280 |
| 139 | ov_139 | 6.892659795200995 × 10^280 |
| 138 | ov_138 | 8.298795261731411 × 10^280 |
| 137 | ov_137 | 9.91025819530972 × 10^280 |
| 136 | ov_136 | 1.1746500689039756 × 10^281 |
| 135 | ov_135 | 1.3828043995649165 × 10^281 |
| 134 | ov_134 | 1.617654205914212 × 10^281 |
| 133 | ov_133 | 1.8814855862937644 × 10^281 |
| 132 | ov_132 | 2.1767139748411165 × 10^281 |
| 131 | ov_131 | 2.5058940920996238 × 10^281 |
| 130 | ov_130 | 2.5058958132207708 × 10^281 |
| 129 | ov_129 | 2.5059029221764184 × 10^281 |
| 128 | aaa_77_29 | 2.687006396339946 × 10^281 |
| 127 | aaa_77_28 | 7.165284742705174 × 10^281 |
| 126 | ov_126 | 2.2434746526283178 × 10^282 |
| 125 | ov_125 | 5.0387874394105464 × 10^282 |
| 124 | ov_124 | 9.593334806619801 × 10^282 |
| 123 | ov_123 | 1.6397989966847255 × 10^283 |
| 122 | ov_122 | 2.59436461047234 × 10^283 |
| 121 | ov_121 | 3.8721250975275693 × 10^283 |
| 120 | ov_120 | 5.5221870741237 × 10^283 |
| 119 | ov_119 | 7.593679592833122 × 10^283 |
| 118 | ov_118 | 1.013577053769706 × 10^284 |
| 117 | ov_117 | 1.3197692287212527 × 10^284 |
| 116 | ov_116 | 1.6828782370534618 × 10^284 |
| 115 | ov_115 | 2.1078543796236886 × 10^284 |
| 114 | ov_114 | 2.599672828341406 × 10^284 |
| 113 | ov_113 | 3.163344562545909 × 10^284 |
| 112 | ov_112 | 3.803930241784085 × 10^284 |
| 111 | ov_111 | 4.526557338307783 × 10^284 |
| 110 | ov_110 | 5.336440852963221 × 10^284 |
| 109 | ov_109 | 6.326164356910596 × 10^284 |
| 108 | ov_108 | 7.593779583172398 × 10^284 |
| 107 | ov_107 | 9.242980852198518 × 10^284 |
| 106 | ov_106 | 1.1383317803690135 × 10^285 |
| 105 | ov_105 | 1.413045165708167 × 10^285 |
| 104 | ov_104 | 1.7606460560601715 × 10^285 |
| 103 | ov_103 | 2.1940199932485858 × 10^285 |
| 102 | ov_102 | 2.726772404945587 × 10^285 |
| 101 | ov_101 | 3.373277549905905 × 10^285 |
| 100 | ov_100 | 4.148734948625928 × 10^285 |
| 99 | ov_099 | 5.0692340373529677 × 10^285 |
| 98 | ov_098 | 5.069254852786032 × 10^285 |
| 97 | ov_097 | 5.069319968632801 × 10^285 |
| 96 | aaa_78_29 | 9.576259278308215 × 10^285 |
| 95 | aaa_78_28 | 2.754338526132804 × 10^286 |
| 94 | ov_094 | 9.210828689623176 × 10^286 |
| 93 | ov_093 | 2.2419622127232157 × 10^287 |
| 92 | ov_092 | 4.666764367935557 × 10^287 |
| 91 | ov_091 | 8.747863340363022 × 10^287 |
| 90 | ov_090 | 1.5713701860162262 × 10^288 |
| 89 | ov_089 | 2.7040144392300916 × 10^288 |
| 88 | ov_088 | 4.4450575107993676 × 10^288 |
| 87 | ov_087 | 6.991608030464776 × 10^288 |
| 86 | ov_086 | 1.0565575227835829 × 10^289 |
| 85 | ov_085 | 1.5413715359515958 × 10^289 |
| 84 | ov_084 | 2.1807698103837784 × 10^289 |
| 83 | ov_083 | 3.004419685135501 × 10^289 |
| 82 | ov_082 | 4.0445006820065514 × 10^289 |
| 81 | ov_081 | 5.335719492587639 × 10^289 |
| 64 | lv_79_m31 | 6.286498215300741 × 10^289 |
| 80 | ov_080 | 6.915328534148823 × 10^289 |
| 79 | ov_079 | 8.823148468131749 × 10^289 |
| 78 | ov_078 | 1.1101595075727396 × 10^290 |
| 77 | ov_077 | 1.3795710886152895 × 10^290 |
| 76 | ov_076 | 1.6953201954953568 × 10^290 |
| 75 | ov_075 | 2.062448019214585 × 10^290 |
| 74 | ov_074 | 2.486271164350553 × 10^290 |
| 73 | ov_073 | 2.9723871133041024 × 10^290 |
| 63 | ov_063 | 3.224088404738947 × 10^290 |
| 72 | ov_072 | 3.5266804553511975 × 10^290 |
| 71 | ov_071 | 4.155330277089393 × 10^290 |
| 70 | ov_070 | 4.864819395110156 × 10^290 |
| 69 | ov_069 | 5.661946238285298 × 10^290 |
| 68 | ov_068 | 6.553840233130154 × 10^290 |
| 67 | ov_067 | 7.547981593667386 × 10^290 |
| 66 | ov_066 | 7.547985927406757 × 10^290 |
| 65 | ov_065 | 7.548004256148992 × 10^290 |
| 62 | ov_062 | 1.6531436938455616 × 10^291 |
| 61 | ov_061 | 6.022859129431155 × 10^291 |
| 60 | ov_060 | 1.723255648811225 × 10^292 |
| 59 | ov_059 | 3.911379258435552 × 10^292 |
| 58 | ov_058 | 7.698091787989523 × 10^292 |
| 57 | ov_057 | 1.37631090177825 × 10^293 |
| 56 | ov_056 | 2.29344323179087 × 10^293 |
| 55 | ov_055 | 3.701636294500217 × 10^293 |
| 54 | ov_054 | 5.8109828069860936 × 10^293 |
| 53 | ov_053 | 8.861246678746826 × 10^293 |
| 52 | ov_052 | 1.312187897699031 × 10^294 |
| 51 | ov_051 | 1.889204573291069 × 10^294 |
| 50 | ov_050 | 2.650067483599717 × 10^294 |
| 49 | ov_049 | 3.630653240509418 × 10^294 |
| 48 | ov_048 | 4.869834143352742 × 10^294 |
| 47 | ov_047 | 6.409495748670362 × 10^294 |
| 32 | lv_80_m31 | 7.544746367430678 × 10^294 |
| 46 | ov_046 | 8.294561821370654 × 10^294 |
| 45 | ov_045 | 1.0573028542067728 × 10^295 |
| 44 | ov_044 | 1.3296010044462376 × 10^295 |
| 43 | ov_043 | 1.651779755635951 × 10^295 |
| 42 | ov_042 | 2.029593461850415 × 10^295 |
| 41 | ov_041 | 2.4691311057088025 × 10^295 |
| 40 | ov_040 | 2.976827858878259 × 10^295 |
| 39 | ov_039 | 3.5594791141800984 × 10^295 |
| 31 | ov_031 | 3.87005964238732 × 10^295 |
| 38 | ov_038 | 4.224257318312165 × 10^295 |
| 37 | ov_037 | 4.978731955098546 × 10^295 |
| 36 | ov_036 | 5.830893050350112 × 10^295 |
| 35 | ov_035 | 6.789178590908964 × 10^295 |
| 34 | ov_034 | 7.862506272302735 × 10^295 |
| 33 | ov_033 | 9.060310011701009 × 10^295 |
| 30 | ov_030 | 1.7486058123562022 × 10^296 |
| 29 | ov_029 | 5.785307651474653 × 10^296 |
| 28 | ov_028 | 1.54390243869067 × 10^297 |
| 27 | ov_027 | 3.531541533350582 × 10^297 |
| 26 | ov_026 | 7.640932976290275 × 10^297 |
| 25 | ov_025 | 1.5328269736770336 × 10^298 |
| 24 | ov_024 | 2.8406462032345936 × 10^298 |
| 23 | ov_023 | 4.904516590414825 × 10^298 |
| 22 | ov_022 | 7.977085317473076 × 10^298 |
| 21 | ov_021 | 1.2346695296957473 × 10^299 |
| 20 | ov_020 | 1.8337410283961263 × 10^299 |
| 19 | ov_019 | 2.63090557932541 × 10^299 |
| 18 | ov_018 | 3.6657282680367505 × 10^299 |
| 17 | ov_017 | 4.981366406439272 × 10^299 |
| 16 | ov_016 | 6.624584053404409 × 10^299 |
| 15 | ov_015 | 8.645773163174598 × 10^299 |
| 14 | ov_014 | 1.1098983398504785 × 10^300 |
| 13 | ov_013 | 1.4041962883108603 × 10^300 |
| 12 | ov_012 | 1.7536212405939014 × 10^300 |
| 11 | ov_011 | 2.164705582830739 × 10^300 |
| 10 | ov_010 | 2.6443729684126748 × 10^300 |
| 9 | ov_009 | 3.199949520405576 × 10^300 |
| 8 | ov_008 | 3.839177623654726 × 10^300 |
| 7 | ov_007 | 4.570232678343778 × 10^300 |
| 6 | ov_006 | 5.401743211558148 × 10^300 |
| 5 | ov_005 | 6.342814768613201 × 10^300 |
| 4 | ov_004 | 7.403058031660369 × 10^300 |
| 3 | ov_003 | 8.592621639519289 × 10^300 |
| 2 | ov_002 | 9.922230209963365 × 10^300 |
| 1 | ov_001 | 1.140322809399558 × 10^301 |

