# Results for F001-F002-F003-F004-F005-F006-F007-F008-F009-F010-F011-F012-F013-F014-F015-F016-F017-F018-F019-F020-F021-F022-F023-F024-F025-F026-F027-F028-F029-F030-F031-F032-F033-F034-F035-F036-F037-F038-F039-F040-F041-F042-F043-F044-F045-F046-F047-F048-F049-F050-F051-F052-F053-F054-F055-F056-F057-F058-F059-F060-F061-F062-F063-F064-F065-F066-F067-F068-F069-F070-F071-F072-F073-F074-F075-F076-F077-F078-F079-F080-F081-F082-F083-F084-F085-F086-F087-F088-F089-F090-F091-F092-F093-F094-F095-F096-F097-F098-F099-F100-F101-F102-F103-F104-F105-F106-F107-F108-F109-F110-F111-F112-F113-F114-F115-F116-F117-F118-F119-F120-F121-F122-F123-F124-F125-F126-F127-F128-F129-F130-F131-F132-F133-F134-F135-F136-F137-F138-F139-F140-F141-F142-F143-F144-F145-F146-F147-F148-F149-F150-F151-F152-F153-F154-F155-F156-F157-F158-F159-F160-F161-F162-F163-F164-F165-F166-F167-F168-F169-F170-F171-F172-F173-F174-F175-F176-F177-F178-F179-F180-F181-F182-F183-F184-F185-F186-F187-F188-F189-F190-F191-F192-F193-F194-F195-F196-F197-F198-F199-F200-F201-F202-F203-F204-F205-F206-F207-F208-F209-F210-F211-F212-F213-F214-F215-F216-F217-F218-F219-F220-F221-F222-F223-F224-F225-F226-F227-F228-F229-F230-F231-F232-F233-F234-F235-F236-F237-F238-F239-F240-F241-F242-F243-F244-F245-F246-F247-F248-F249-F250-F251-F252-F253-F254-F255-F256-F257-F258-F259-F260-F261-F262-F263-F264-F265-F266-F267-F268-F269-F270-F271-F272-F273-F274-F275-F276-F277-F278-F279-F280-F281-F282-F283-F284-F285-F286-F287-F288-F289-F290-F291-F292-F293-F294-F295-F296-F297-F298-F299-F300-F301-F302-F303-F304-F305-F306-F307-F308-F309-F310-F311-F312-F313-F314-F315-F316-F317-F318-F319-F320-F321-F322-F323-F324-F325-F326-F327-F328-F329-F330-F331-F332-F333-F334-F335-F336-F337-F338-F339-F340-F341-F342-F343-F344-F345-F346-F347-F348-F349-F350-F351-F352-F353-F354-F355-F356-F357-F358-F359-F360-F361-F362-F363-F364-F365-F366-F367-F368-F369-F370-F371-F372-F373-F374-F375-F376-F377-F378-F379-F380-F381-F382-F383-F384-F385-F386-F387-F388-F389-F390-F391-F392-F393-F394-F395-F396-F397-F398-F399-F400-F401-F402-F403-F404-F405-F406-F407-F408-F409-F410-F411-F412-F413-F414-F415-F416-F417-F418-F419-F420-F421-F422-F423-F424-F425-F426-F427-F428-F429-F430-F431-F432-F433-F434-F435-F436-F437-F438-F439-F440-F441-F442-F443-F444-F445-F446-F447-F448-F449-F450-F451-F452-F453-F454-F455-F456-F457-F458-F459-F460-F461-F462-F463-F464-F465-F466-F467-F468-F469-F470-F471-F472-F473-F474-F475-F476-F477-F478-F479-F480-F481-F482-F483-F484-F485-F486-F487-F488-F489-F490-F491-F492-F493-F494-F495-F496-T509-F510-F512

## Summary

Number of input bits: 512  
Number of free input bits: 13  
Number of output bits: 160

Number of direct occurrences: 54454  
Number of assignments: 31968  
Number of operations: 11827894
(xor: 11798426,
and: 15934,
or: 13534)

Total complexity: 4.0912349829603564 × 10^307

Least occurring input variable: iv_498 (3963)  
Most occurring input variable: iv_511 (4344)

Most co-occurring input variables: iv_503-iv_511 (2160)  
Least co-occurring input variables: iv_498-iv_504 (1788)

Potentially most occurring input variable: iv_502/iv_508 (4575)  
Potentially least occurring input variable: iv_499/iv_504 (4237)

Least output occurring input variable: iv_508 (70)  
Most output occurring input variable: iv_511 (87)

Most output co-occurring input variables: iv_499-iv_504 (49)  
Least output co-occurring input variables: iv_503-iv_508 (28)

Potentially most output occurring input variable: iv_504/iv_505 (94)  
Potentially least output occurring input variable: iv_499/iv_504 (65)

Least complex input bit: iv_511 (1.07080221010362 × 10^303)  
Most complex input bit: iv_505 (9.960245595682974 × 10^306)

Least complex output bit: aaa_76_29 (1.8114885115913395 × 10^282)  
Most complex output bit: ov_001 (6.396008613969129 × 10^306)

Least complex input/output complexity: iv_511/aaa_76_29 (4.741223395547308 × 10^277)  
Most complex input/output complexity: iv_505/ov_001 (1.5571292505213127 × 10^306)

## Input Bits

### Input Bits in Regular Order

| Input Bit | Complexity | Occurrences | Output Occurrences |
|:---------:|:----------:|:-----------:|:------------------:|
| iv_497 | 1.6666693522141115 × 10^305 | 4235 | 77 |
| iv_498 | 3.336944847769259 × 10^305 | 3963 | 80 |
| iv_499 | 5.8986995156332905 × 10^305 | 4118 | 83 |
| iv_500 | 9.947516469849731 × 10^305 | 4150 | 85 |
| iv_501 | 1.6377463815181165 × 10^306 | 4165 | 74 |
| iv_502 | 2.644457511789943 × 10^306 | 4122 | 77 |
| iv_503 | 4.192060551077405 × 10^306 | 4262 | 71 |
| iv_504 | 6.51973522517545 × 10^306 | 4009 | 80 |
| iv_505 | 9.960245595682974 × 10^306 | 4257 | 78 |
| iv_506 | 4.997461852711626 × 10^306 | 4239 | 85 |
| iv_507 | 6.815437444187558 × 10^306 | 4255 | 76 |
| iv_508 | 2.059151446703775 × 10^306 | 4335 | 70 |
| iv_511 | 1.07080221010362 × 10^303 | 4344 | 87 |

### Input Bits Sorted by Complexity

| Input Bit | Complexity | Occurrences | Output Occurrences |
|:---------:|:----------:|:-----------:|:------------------:|
| iv_511 | 1.07080221010362 × 10^303 | 4344 | 87 |
| iv_497 | 1.6666693522141115 × 10^305 | 4235 | 77 |
| iv_498 | 3.336944847769259 × 10^305 | 3963 | 80 |
| iv_499 | 5.8986995156332905 × 10^305 | 4118 | 83 |
| iv_500 | 9.947516469849731 × 10^305 | 4150 | 85 |
| iv_501 | 1.6377463815181165 × 10^306 | 4165 | 74 |
| iv_508 | 2.059151446703775 × 10^306 | 4335 | 70 |
| iv_502 | 2.644457511789943 × 10^306 | 4122 | 77 |
| iv_503 | 4.192060551077405 × 10^306 | 4262 | 71 |
| iv_506 | 4.997461852711626 × 10^306 | 4239 | 85 |
| iv_504 | 6.51973522517545 × 10^306 | 4009 | 80 |
| iv_507 | 6.815437444187558 × 10^306 | 4255 | 76 |
| iv_505 | 9.960245595682974 × 10^306 | 4257 | 78 |

### Input Bits Sorted by Occurrences

| Input Bit | Complexity | Occurrences | Output Occurrences |
|:---------:|:----------:|:-----------:|:------------------:|
| iv_498 | 3.336944847769259 × 10^305 | 3963 | 80 |
| iv_504 | 6.51973522517545 × 10^306 | 4009 | 80 |
| iv_499 | 5.8986995156332905 × 10^305 | 4118 | 83 |
| iv_502 | 2.644457511789943 × 10^306 | 4122 | 77 |
| iv_500 | 9.947516469849731 × 10^305 | 4150 | 85 |
| iv_501 | 1.6377463815181165 × 10^306 | 4165 | 74 |
| iv_497 | 1.6666693522141115 × 10^305 | 4235 | 77 |
| iv_506 | 4.997461852711626 × 10^306 | 4239 | 85 |
| iv_507 | 6.815437444187558 × 10^306 | 4255 | 76 |
| iv_505 | 9.960245595682974 × 10^306 | 4257 | 78 |
| iv_503 | 4.192060551077405 × 10^306 | 4262 | 71 |
| iv_508 | 2.059151446703775 × 10^306 | 4335 | 70 |
| iv_511 | 1.07080221010362 × 10^303 | 4344 | 87 |

### Input Bits Sorted by Output Occurrences

| Input Bit | Complexity | Occurrences | Output Occurrences |
|:---------:|:----------:|:-----------:|:------------------:|
| iv_508 | 2.059151446703775 × 10^306 | 4335 | 70 |
| iv_503 | 4.192060551077405 × 10^306 | 4262 | 71 |
| iv_501 | 1.6377463815181165 × 10^306 | 4165 | 74 |
| iv_507 | 6.815437444187558 × 10^306 | 4255 | 76 |
| iv_502 | 2.644457511789943 × 10^306 | 4122 | 77 |
| iv_497 | 1.6666693522141115 × 10^305 | 4235 | 77 |
| iv_505 | 9.960245595682974 × 10^306 | 4257 | 78 |
| iv_498 | 3.336944847769259 × 10^305 | 3963 | 80 |
| iv_504 | 6.51973522517545 × 10^306 | 4009 | 80 |
| iv_499 | 5.8986995156332905 × 10^305 | 4118 | 83 |
| iv_500 | 9.947516469849731 × 10^305 | 4150 | 85 |
| iv_506 | 4.997461852711626 × 10^306 | 4239 | 85 |
| iv_511 | 1.07080221010362 × 10^303 | 4344 | 87 |

## Input Bit Co-occurrences

### Input Bit Co-occurrences Sorted by Co-occurrences

| Input Bits | Co-occurrences | Potential Occurrences | Output Co-occurrences | Potential Output Occurrences |
|:----------:|:--------------:|:---------------------:|:---------------------:|:----------------------------:|
| iv_503-iv_511 | 2160 | 4286 | 37 | 84 |
| iv_506-iv_511 | 2116 | 4351 | 47 | 78 |
| iv_508-iv_511 | 2103 | 4473 | 38 | 81 |
| iv_507-iv_511 | 2103 | 4393 | 41 | 81 |
| iv_501-iv_511 | 2086 | 4337 | 43 | 75 |
| iv_503-iv_505 | 2080 | 4359 | 40 | 69 |
| iv_506-iv_508 | 2078 | 4418 | 34 | 87 |
| iv_497-iv_508 | 2072 | 4426 | 33 | 81 |
| iv_497-iv_507 | 2070 | 4350 | 39 | 75 |
| iv_505-iv_508 | 2066 | 4460 | 36 | 76 |
| iv_501-iv_505 | 2065 | 4292 | 40 | 72 |
| iv_505-iv_506 | 2064 | 4368 | 46 | 71 |
| iv_503-iv_508 | 2061 | 4475 | 28 | 85 |

### Input Bit Co-occurrences Sorted by Potential Occurrences

| Input Bits | Co-occurrences | Potential Occurrences | Output Co-occurrences | Potential Output Occurrences |
|:----------:|:--------------:|:---------------------:|:---------------------:|:----------------------------:|
| iv_499-iv_504 | 1945 | 4237 | 49 | 65 |
| iv_502-iv_505 | 2055 | 4269 | 37 | 81 |
| iv_498-iv_506 | 1965 | 4272 | 40 | 85 |
| iv_504-iv_505 | 1995 | 4276 | 32 | 94 |
| iv_499-iv_502 | 1978 | 4284 | 36 | 88 |
| iv_503-iv_511 | 2160 | 4286 | 37 | 84 |
| iv_501-iv_505 | 2065 | 4292 | 40 | 72 |
| iv_500-iv_506 | 2047 | 4295 | 44 | 82 |
| iv_497-iv_504 | 1972 | 4300 | 38 | 81 |
| iv_504-iv_506 | 1974 | 4300 | 44 | 77 |
| iv_501-iv_504 | 1936 | 4302 | 36 | 82 |
| iv_501-iv_502 | 1984 | 4319 | 37 | 77 |
| iv_498-iv_502 | 1880 | 4325 | 36 | 85 |

### Input Bit Output Co-occurrences Sorted by Output Co-occurrences

| Input Bits | Co-occurrences | Potential Occurrences | Output Co-occurrences | Potential Output Occurrences |
|:----------:|:--------------:|:---------------------:|:---------------------:|:----------------------------:|
| iv_499-iv_504 | 1945 | 4237 | 49 | 65 |
| iv_506-iv_511 | 2116 | 4351 | 47 | 78 |
| iv_499-iv_506 | 1990 | 4377 | 47 | 74 |
| iv_502-iv_511 | 2041 | 4384 | 46 | 72 |
| iv_500-iv_511 | 2048 | 4398 | 46 | 80 |
| iv_505-iv_506 | 2064 | 4368 | 46 | 71 |
| iv_500-iv_504 | 1914 | 4331 | 46 | 73 |
| iv_498-iv_499 | 1845 | 4391 | 45 | 73 |
| iv_505-iv_507 | 2051 | 4410 | 44 | 66 |
| iv_500-iv_506 | 2047 | 4295 | 44 | 82 |
| iv_504-iv_506 | 1974 | 4300 | 44 | 77 |
| iv_501-iv_511 | 2086 | 4337 | 43 | 75 |
| iv_497-iv_511 | 2044 | 4491 | 43 | 78 |

### Input Bit Output Co-occurrences Sorted by Potential Output Occurrences

| Input Bits | Co-occurrences | Potential Occurrences | Output Co-occurrences | Potential Output Occurrences |
|:----------:|:--------------:|:---------------------:|:---------------------:|:----------------------------:|
| iv_499-iv_504 | 1945 | 4237 | 49 | 65 |
| iv_505-iv_507 | 2051 | 4410 | 44 | 66 |
| iv_503-iv_505 | 2080 | 4359 | 40 | 69 |
| iv_502-iv_503 | 2018 | 4348 | 39 | 70 |
| iv_502-iv_504 | 1888 | 4355 | 43 | 71 |
| iv_505-iv_506 | 2064 | 4368 | 46 | 71 |
| iv_502-iv_511 | 2041 | 4384 | 46 | 72 |
| iv_501-iv_505 | 2065 | 4292 | 40 | 72 |
| iv_501-iv_507 | 2027 | 4366 | 39 | 72 |
| iv_500-iv_504 | 1914 | 4331 | 46 | 73 |
| iv_498-iv_499 | 1845 | 4391 | 45 | 73 |
| iv_499-iv_506 | 1990 | 4377 | 47 | 74 |
| iv_503-iv_507 | 2039 | 4439 | 36 | 75 |

## Output Bits

### Output Bits in Regular Order

| Rank | Output Bit | Complexity |
|:----:|:----------:|:----------:|
| 1 | ov_001 | 6.396008613969129 × 10^306 |
| 2 | ov_002 | 5.5656261070280225 × 10^306 |
| 3 | ov_003 | 4.820116138902731 × 10^306 |
| 4 | ov_004 | 4.153116287889082 × 10^306 |
| 5 | ov_005 | 3.558612785709763 × 10^306 |
| 6 | ov_006 | 3.030915691409486 × 10^306 |
| 7 | ov_007 | 2.5646372257619247 × 10^306 |
| 8 | ov_008 | 2.1546730630202398 × 10^306 |
| 9 | ov_009 | 1.796186353968203 × 10^306 |
| 10 | ov_010 | 1.4845942129052352 × 10^306 |
| 11 | ov_011 | 1.2155563982372952 × 10^306 |
| 12 | ov_012 | 9.849659318819923 × 10^305 |
| 13 | ov_013 | 7.889414179138575 × 10^305 |
| 14 | ov_014 | 6.238208358449405 × 10^305 |
| 15 | ov_015 | 4.8615659871566 × 10^305 |
| 16 | ov_016 | 3.7271168080923078 × 10^305 |
| 17 | ov_017 | 2.804566343385047 × 10^305 |
| 18 | ov_018 | 2.065673289166291 × 10^305 |
| 19 | ov_019 | 1.4842326203553847 × 10^305 |
| 20 | ov_020 | 1.0360630994889683 × 10^305 |
| 21 | ov_021 | 6.989982219769385 × 10^304 |
| 22 | ov_022 | 4.52879891568912 × 10^304 |
| 23 | ov_023 | 2.795541684037747 × 10^304 |
| 24 | ov_024 | 1.6286850370040695 × 10^304 |
| 25 | ov_025 | 8.867004683626266 × 10^303 |
| 26 | ov_026 | 4.480471745754413 × 10^303 |
| 27 | ov_027 | 2.111676860942596 × 10^303 |
| 28 | ov_028 | 9.448614354950021 × 10^302 |
| 29 | ov_029 | 3.640774247962032 × 10^302 |
| 30 | ov_030 | 1.1130315528220092 × 10^302 |
| 31 | ov_031 | 2.17105730061315 × 10^301 |
| 32 | lv_80_m31 | 4.234139311081116 × 10^300 |
| 33 | ov_033 | 5.098302866215424 × 10^301 |
| 34 | ov_034 | 4.427218346377423 × 10^301 |
| 35 | ov_035 | 3.8262807639961876 × 10^301 |
| 36 | ov_036 | 3.289800743393182 × 10^301 |
| 37 | ov_037 | 2.812399167318824 × 10^301 |
| 38 | ov_038 | 2.3889852361827269 × 10^301 |
| 39 | ov_039 | 2.0147374205697328 × 10^301 |
| 40 | ov_040 | 1.6850870396910857 × 10^301 |
| 41 | ov_041 | 1.395704211822423 × 10^301 |
| 42 | ov_042 | 1.1444820801932384 × 10^301 |
| 43 | ov_043 | 9.29424500574535 × 10^300 |
| 44 | ov_044 | 7.468538773188848 × 10^300 |
| 45 | ov_045 | 5.932943142815601 × 10^300 |
| 46 | ov_046 | 4.654660715356616 × 10^300 |
| 47 | ov_047 | 3.602811416888104 × 10^300 |
| 48 | ov_048 | 2.7483978109845033 × 10^300 |
| 49 | ov_049 | 2.0642784363127087 × 10^300 |
| 50 | ov_050 | 1.525147769078923 × 10^300 |
| 51 | ov_051 | 1.1075215322881507 × 10^300 |
| 52 | ov_052 | 7.897261960117083 × 10^299 |
| 53 | ov_053 | 5.5189168424629756 × 10^299 |
| 54 | ov_054 | 3.7594652456428957 × 10^299 |
| 55 | ov_055 | 2.4561479849776607 × 10^299 |
| 56 | ov_056 | 1.532071469405698 × 10^299 |
| 57 | ov_057 | 9.193072303899086 × 10^298 |
| 58 | ov_058 | 5.088798424975286 × 10^298 |
| 59 | ov_059 | 2.5078116087999895 × 10^298 |
| 60 | ov_060 | 1.0396124202505525 × 10^298 |
| 61 | ov_061 | 3.632800576270481 × 10^297 |
| 62 | ov_062 | 9.969258935737139 × 10^296 |
| 63 | ov_063 | 1.943853549168017 × 10^296 |
| 64 | lv_79_m31 | 3.789371193200141 × 10^295 |
| 65 | ov_065 | 4.5375811614495235 × 10^296 |
| 66 | ov_066 | 4.53756939482688 × 10^296 |
| 67 | ov_067 | 4.537566595125379 × 10^296 |
| 68 | ov_068 | 3.936223975505051 × 10^296 |
| 69 | ov_069 | 3.3971258116118084 × 10^296 |
| 70 | ov_070 | 2.91570136100894 × 10^296 |
| 71 | ov_071 | 2.487596289414778 × 10^296 |
| 72 | ov_072 | 2.1086591699924526 × 10^296 |
| 73 | ov_073 | 1.7749307793225568 × 10^296 |
| 74 | ov_074 | 1.4826357460543435 × 10^296 |
| 75 | ov_075 | 1.2281761317944737 × 10^296 |
| 76 | ov_076 | 1.0081265464416585 × 10^296 |
| 77 | ov_077 | 8.19230422071485 × 10^295 |
| 78 | ov_078 | 6.583970907587643 × 10^295 |
| 79 | ov_079 | 5.226993679253386 × 10^295 |
| 80 | ov_080 | 4.0937146696148745 × 10^295 |
| 81 | ov_081 | 3.158071873344733 × 10^295 |
| 82 | ov_082 | 2.3955835647039855 × 10^295 |
| 83 | ov_083 | 1.7833350581804392 × 10^295 |
| 84 | ov_084 | 1.2999676158980857 × 10^295 |
| 85 | ov_085 | 9.256693073379192 × 10^294 |
| 86 | ov_086 | 6.421676272956091 × 10^294 |
| 87 | ov_087 | 4.3272367824393876 × 10^294 |
| 88 | ov_088 | 2.8212772341580972 × 10^294 |
| 89 | ov_089 | 1.766959170092483 × 10^294 |
| 90 | ov_090 | 1.0426801796138499 × 10^294 |
| 91 | ov_091 | 5.9144576572307585 × 10^293 |
| 92 | ov_092 | 3.22086708345356 × 10^293 |
| 93 | ov_093 | 1.5864107028843483 × 10^293 |
| 94 | ov_094 | 6.692930631376097 × 10^292 |
| 95 | aaa_78_28 | 2.0374068586463137 × 10^292 |
| 96 | aaa_78_29 | 6.117512414817799 × 10^291 |
| 97 | ov_097 | 3.157630150886995 × 10^291 |
| 98 | ov_098 | 3.1575981277624385 × 10^291 |
| 99 | ov_099 | 3.157587894926023 × 10^291 |
| 100 | ov_100 | 2.6063939191477936 × 10^291 |
| 101 | ov_101 | 2.1344507554090883 × 10^291 |
| 102 | ov_102 | 1.7338428405992303 × 10^291 |
| 103 | ov_103 | 1.397091027128565 × 10^291 |
| 104 | ov_104 | 1.1171208768677868 × 10^291 |
| 105 | ov_105 | 8.87235028051989 × 10^290 |
| 106 | ov_106 | 7.0108926630025275 × 10^290 |
| 107 | ov_107 | 5.526719501300419 × 10^290 |
| 108 | ov_108 | 4.362864598602754 × 10^290 |
| 109 | ov_109 | 3.465363567326152 × 10^290 |
| 110 | ov_110 | 2.7831295655403293 × 10^290 |
| 111 | ov_111 | 2.2678503927561936 × 10^290 |
| 112 | ov_112 | 1.873904327580044 × 10^290 |
| 113 | ov_113 | 1.5582922560337434 × 10^290 |
| 114 | ov_114 | 1.2805838041546731 × 10^290 |
| 115 | ov_115 | 1.0382842811829975 × 10^290 |
| 116 | ov_116 | 8.289229345336412 × 10^289 |
| 117 | ov_117 | 6.500464588522684 × 10^289 |
| 118 | ov_118 | 4.992139772374765 × 10^289 |
| 119 | ov_119 | 3.7399319911490703 × 10^289 |
| 120 | ov_120 | 2.7195745929941295 × 10^289 |
| 121 | ov_121 | 1.9068360951654045 × 10^289 |
| 122 | ov_122 | 1.2775066108915742 × 10^289 |
| 123 | ov_123 | 8.07388918251462 × 10^288 |
| 124 | ov_124 | 4.7229243239234494 × 10^288 |
| 125 | ov_125 | 2.4802946891707946 × 10^288 |
| 126 | ov_126 | 1.1041333651443713 × 10^288 |
| 127 | aaa_77_28 | 3.525760423045903 × 10^287 |
| 128 | aaa_77_29 | 1.3218031276824017 × 10^287 |
| 129 | ov_129 | 1.2290424068771985 × 10^287 |
| 130 | ov_130 | 1.2290388771108381 × 10^287 |
| 131 | ov_131 | 1.2290380231791598 × 10^287 |
| 132 | ov_132 | 1.0666273761504618 × 10^287 |
| 133 | ov_133 | 9.210778300209135 × 10^286 |
| 134 | ov_134 | 7.911174736316172 × 10^286 |
| 135 | ov_135 | 6.755429563912614 × 10^286 |
| 136 | ov_136 | 5.732145922305685 × 10^286 |
| 137 | ov_137 | 4.8305213024829 × 10^286 |
| 138 | ov_138 | 4.040311292832887 × 10^286 |
| 139 | ov_139 | 3.351798768746392 × 10^286 |
| 140 | ov_140 | 2.7557679620035384 × 10^286 |
| 141 | ov_141 | 2.243482876366289 × 10^286 |
| 142 | ov_142 | 1.8066695457148124 × 10^286 |
| 143 | ov_143 | 1.4375016605436988 × 10^286 |
| 144 | ov_144 | 1.128589117791051 × 10^286 |
| 145 | ov_145 | 8.729690779070344 × 10^285 |
| 146 | ov_146 | 6.640991418514088 × 10^285 |
| 147 | ov_147 | 4.9585228939417094 × 10^285 |
| 148 | ov_148 | 3.6251324871518964 × 10^285 |
| 149 | ov_149 | 2.5877599588073573 × 10^285 |
| 150 | ov_150 | 1.797421113316018 × 10^285 |
| 151 | ov_151 | 1.2091974905797359 × 10^285 |
| 152 | ov_152 | 7.82230125878202 × 10^284 |
| 153 | ov_153 | 4.79715884218052 × 10^284 |
| 154 | ov_154 | 2.6890538703246865 × 10^284 |
| 155 | ov_155 | 1.344371950724301 × 10^284 |
| 156 | aaa_76_25 | 5.166648558298194 × 10^283 |
| 157 | aaa_76_26 | 2.9846010300688156 × 10^283 |
| 158 | aaa_76_27 | 1.5283597171179392 × 10^283 |
| 159 | aaa_76_28 | 5.953570040711111 × 10^282 |
| 160 | aaa_76_29 | 1.8114885115913395 × 10^282 |

### Output Bits Sorted by Complexity

| Rank | Output Bit | Complexity |
|:----:|:----------:|:----------:|
| 160 | aaa_76_29 | 1.8114885115913395 × 10^282 |
| 159 | aaa_76_28 | 5.953570040711111 × 10^282 |
| 158 | aaa_76_27 | 1.5283597171179392 × 10^283 |
| 157 | aaa_76_26 | 2.9846010300688156 × 10^283 |
| 156 | aaa_76_25 | 5.166648558298194 × 10^283 |
| 155 | ov_155 | 1.344371950724301 × 10^284 |
| 154 | ov_154 | 2.6890538703246865 × 10^284 |
| 153 | ov_153 | 4.79715884218052 × 10^284 |
| 152 | ov_152 | 7.82230125878202 × 10^284 |
| 151 | ov_151 | 1.2091974905797359 × 10^285 |
| 150 | ov_150 | 1.797421113316018 × 10^285 |
| 149 | ov_149 | 2.5877599588073573 × 10^285 |
| 148 | ov_148 | 3.6251324871518964 × 10^285 |
| 147 | ov_147 | 4.9585228939417094 × 10^285 |
| 146 | ov_146 | 6.640991418514088 × 10^285 |
| 145 | ov_145 | 8.729690779070344 × 10^285 |
| 144 | ov_144 | 1.128589117791051 × 10^286 |
| 143 | ov_143 | 1.4375016605436988 × 10^286 |
| 142 | ov_142 | 1.8066695457148124 × 10^286 |
| 141 | ov_141 | 2.243482876366289 × 10^286 |
| 140 | ov_140 | 2.7557679620035384 × 10^286 |
| 139 | ov_139 | 3.351798768746392 × 10^286 |
| 138 | ov_138 | 4.040311292832887 × 10^286 |
| 137 | ov_137 | 4.8305213024829 × 10^286 |
| 136 | ov_136 | 5.732145922305685 × 10^286 |
| 135 | ov_135 | 6.755429563912614 × 10^286 |
| 134 | ov_134 | 7.911174736316172 × 10^286 |
| 133 | ov_133 | 9.210778300209135 × 10^286 |
| 132 | ov_132 | 1.0666273761504618 × 10^287 |
| 131 | ov_131 | 1.2290380231791598 × 10^287 |
| 130 | ov_130 | 1.2290388771108381 × 10^287 |
| 129 | ov_129 | 1.2290424068771985 × 10^287 |
| 128 | aaa_77_29 | 1.3218031276824017 × 10^287 |
| 127 | aaa_77_28 | 3.525760423045903 × 10^287 |
| 126 | ov_126 | 1.1041333651443713 × 10^288 |
| 125 | ov_125 | 2.4802946891707946 × 10^288 |
| 124 | ov_124 | 4.7229243239234494 × 10^288 |
| 123 | ov_123 | 8.07388918251462 × 10^288 |
| 122 | ov_122 | 1.2775066108915742 × 10^289 |
| 121 | ov_121 | 1.9068360951654045 × 10^289 |
| 120 | ov_120 | 2.7195745929941295 × 10^289 |
| 119 | ov_119 | 3.7399319911490703 × 10^289 |
| 118 | ov_118 | 4.992139772374765 × 10^289 |
| 117 | ov_117 | 6.500464588522684 × 10^289 |
| 116 | ov_116 | 8.289229345336412 × 10^289 |
| 115 | ov_115 | 1.0382842811829975 × 10^290 |
| 114 | ov_114 | 1.2805838041546731 × 10^290 |
| 113 | ov_113 | 1.5582922560337434 × 10^290 |
| 112 | ov_112 | 1.873904327580044 × 10^290 |
| 111 | ov_111 | 2.2678503927561936 × 10^290 |
| 110 | ov_110 | 2.7831295655403293 × 10^290 |
| 109 | ov_109 | 3.465363567326152 × 10^290 |
| 108 | ov_108 | 4.362864598602754 × 10^290 |
| 107 | ov_107 | 5.526719501300419 × 10^290 |
| 106 | ov_106 | 7.0108926630025275 × 10^290 |
| 105 | ov_105 | 8.87235028051989 × 10^290 |
| 104 | ov_104 | 1.1171208768677868 × 10^291 |
| 103 | ov_103 | 1.397091027128565 × 10^291 |
| 102 | ov_102 | 1.7338428405992303 × 10^291 |
| 101 | ov_101 | 2.1344507554090883 × 10^291 |
| 100 | ov_100 | 2.6063939191477936 × 10^291 |
| 99 | ov_099 | 3.157587894926023 × 10^291 |
| 98 | ov_098 | 3.1575981277624385 × 10^291 |
| 97 | ov_097 | 3.157630150886995 × 10^291 |
| 96 | aaa_78_29 | 6.117512414817799 × 10^291 |
| 95 | aaa_78_28 | 2.0374068586463137 × 10^292 |
| 94 | ov_094 | 6.692930631376097 × 10^292 |
| 93 | ov_093 | 1.5864107028843483 × 10^293 |
| 92 | ov_092 | 3.22086708345356 × 10^293 |
| 91 | ov_091 | 5.9144576572307585 × 10^293 |
| 90 | ov_090 | 1.0426801796138499 × 10^294 |
| 89 | ov_089 | 1.766959170092483 × 10^294 |
| 88 | ov_088 | 2.8212772341580972 × 10^294 |
| 87 | ov_087 | 4.3272367824393876 × 10^294 |
| 86 | ov_086 | 6.421676272956091 × 10^294 |
| 85 | ov_085 | 9.256693073379192 × 10^294 |
| 84 | ov_084 | 1.2999676158980857 × 10^295 |
| 83 | ov_083 | 1.7833350581804392 × 10^295 |
| 82 | ov_082 | 2.3955835647039855 × 10^295 |
| 81 | ov_081 | 3.158071873344733 × 10^295 |
| 64 | lv_79_m31 | 3.789371193200141 × 10^295 |
| 80 | ov_080 | 4.0937146696148745 × 10^295 |
| 79 | ov_079 | 5.226993679253386 × 10^295 |
| 78 | ov_078 | 6.583970907587643 × 10^295 |
| 77 | ov_077 | 8.19230422071485 × 10^295 |
| 76 | ov_076 | 1.0081265464416585 × 10^296 |
| 75 | ov_075 | 1.2281761317944737 × 10^296 |
| 74 | ov_074 | 1.4826357460543435 × 10^296 |
| 73 | ov_073 | 1.7749307793225568 × 10^296 |
| 63 | ov_063 | 1.943853549168017 × 10^296 |
| 72 | ov_072 | 2.1086591699924526 × 10^296 |
| 71 | ov_071 | 2.487596289414778 × 10^296 |
| 70 | ov_070 | 2.91570136100894 × 10^296 |
| 69 | ov_069 | 3.3971258116118084 × 10^296 |
| 68 | ov_068 | 3.936223975505051 × 10^296 |
| 67 | ov_067 | 4.537566595125379 × 10^296 |
| 66 | ov_066 | 4.53756939482688 × 10^296 |
| 65 | ov_065 | 4.5375811614495235 × 10^296 |
| 62 | ov_062 | 9.969258935737139 × 10^296 |
| 61 | ov_061 | 3.632800576270481 × 10^297 |
| 60 | ov_060 | 1.0396124202505525 × 10^298 |
| 59 | ov_059 | 2.5078116087999895 × 10^298 |
| 58 | ov_058 | 5.088798424975286 × 10^298 |
| 57 | ov_057 | 9.193072303899086 × 10^298 |
| 56 | ov_056 | 1.532071469405698 × 10^299 |
| 55 | ov_055 | 2.4561479849776607 × 10^299 |
| 54 | ov_054 | 3.7594652456428957 × 10^299 |
| 53 | ov_053 | 5.5189168424629756 × 10^299 |
| 52 | ov_052 | 7.897261960117083 × 10^299 |
| 51 | ov_051 | 1.1075215322881507 × 10^300 |
| 50 | ov_050 | 1.525147769078923 × 10^300 |
| 49 | ov_049 | 2.0642784363127087 × 10^300 |
| 48 | ov_048 | 2.7483978109845033 × 10^300 |
| 47 | ov_047 | 3.602811416888104 × 10^300 |
| 32 | lv_80_m31 | 4.234139311081116 × 10^300 |
| 46 | ov_046 | 4.654660715356616 × 10^300 |
| 45 | ov_045 | 5.932943142815601 × 10^300 |
| 44 | ov_044 | 7.468538773188848 × 10^300 |
| 43 | ov_043 | 9.29424500574535 × 10^300 |
| 42 | ov_042 | 1.1444820801932384 × 10^301 |
| 41 | ov_041 | 1.395704211822423 × 10^301 |
| 40 | ov_040 | 1.6850870396910857 × 10^301 |
| 39 | ov_039 | 2.0147374205697328 × 10^301 |
| 31 | ov_031 | 2.17105730061315 × 10^301 |
| 38 | ov_038 | 2.3889852361827269 × 10^301 |
| 37 | ov_037 | 2.812399167318824 × 10^301 |
| 36 | ov_036 | 3.289800743393182 × 10^301 |
| 35 | ov_035 | 3.8262807639961876 × 10^301 |
| 34 | ov_034 | 4.427218346377423 × 10^301 |
| 33 | ov_033 | 5.098302866215424 × 10^301 |
| 30 | ov_030 | 1.1130315528220092 × 10^302 |
| 29 | ov_029 | 3.640774247962032 × 10^302 |
| 28 | ov_028 | 9.448614354950021 × 10^302 |
| 27 | ov_027 | 2.111676860942596 × 10^303 |
| 26 | ov_026 | 4.480471745754413 × 10^303 |
| 25 | ov_025 | 8.867004683626266 × 10^303 |
| 24 | ov_024 | 1.6286850370040695 × 10^304 |
| 23 | ov_023 | 2.795541684037747 × 10^304 |
| 22 | ov_022 | 4.52879891568912 × 10^304 |
| 21 | ov_021 | 6.989982219769385 × 10^304 |
| 20 | ov_020 | 1.0360630994889683 × 10^305 |
| 19 | ov_019 | 1.4842326203553847 × 10^305 |
| 18 | ov_018 | 2.065673289166291 × 10^305 |
| 17 | ov_017 | 2.804566343385047 × 10^305 |
| 16 | ov_016 | 3.7271168080923078 × 10^305 |
| 15 | ov_015 | 4.8615659871566 × 10^305 |
| 14 | ov_014 | 6.238208358449405 × 10^305 |
| 13 | ov_013 | 7.889414179138575 × 10^305 |
| 12 | ov_012 | 9.849659318819923 × 10^305 |
| 11 | ov_011 | 1.2155563982372952 × 10^306 |
| 10 | ov_010 | 1.4845942129052352 × 10^306 |
| 9 | ov_009 | 1.796186353968203 × 10^306 |
| 8 | ov_008 | 2.1546730630202398 × 10^306 |
| 7 | ov_007 | 2.5646372257619247 × 10^306 |
| 6 | ov_006 | 3.030915691409486 × 10^306 |
| 5 | ov_005 | 3.558612785709763 × 10^306 |
| 4 | ov_004 | 4.153116287889082 × 10^306 |
| 3 | ov_003 | 4.820116138902731 × 10^306 |
| 2 | ov_002 | 5.5656261070280225 × 10^306 |
| 1 | ov_001 | 6.396008613969129 × 10^306 |

