# Results for F001-F002-F003-F004-F005-F006-F007-F008-F009-F010-F011-F012-F013-F014-F015-F016-F017-F018-F019-F020-F021-F022-F023-F024-F025-F026-F027-F028-F029-F030-F031-F032-F033-F034-F035-F036-F037-F038-F039-F040-F041-F042-F043-F044-F045-F046-F047-F048-F049-F050-F051-F052-F053-F054-F055-F056-F057-F058-F059-F060-F061-F062-F063-F064-F065-F066-F067-F068-F069-F070-F071-F072-F073-F074-F075-F076-F077-F078-F079-F080-F081-F082-F083-F084-F085-F086-F087-F088-F089-F090-F091-F092-F093-F094-F095-F096-F097-F098-F099-F100-F101-F102-F103-F104-F105-F106-F107-F108-F109-F110-F111-F112-F113-F114-F115-F116-F117-F118-F119-F120-F121-F122-F123-F124-F125-F126-F127-F128-F129-F130-F131-F132-F133-F134-F135-F136-F137-F138-F139-F140-F141-F142-F143-F144-F145-F146-F147-F148-F149-F150-F151-F152-F153-F154-F155-F156-F157-F158-F159-F160-F161-F162-F163-F164-F165-F166-F167-F168-F169-F170-F171-F172-F173-F174-F175-F176-F177-F178-F179-F180-F181-F182-F183-F184-F185-F186-F187-F188-F189-F190-F191-F192-F193-F194-F195-F196-F197-F198-F199-F200-F201-F202-F203-F204-F205-F206-F207-F208-F209-F210-F211-F212-F213-F214-F215-F216-F217-F218-F219-F220-F221-F222-F223-F224-F225-F226-F227-F228-F229-F230-F231-F232-F233-F234-F235-F236-F237-F238-F239-F240-F241-F242-F243-F244-F245-F246-F247-F248-F249-F250-F251-F252-F253-F254-F255-F256-F257-F258-F259-F260-F261-F262-F263-F264-F265-F266-F267-F268-F269-F270-F271-F272-F273-F274-F275-F276-F277-F278-F279-F280-F281-F282-F283-F284-F285-F286-F287-F288-F289-F290-F291-F292-F293-F294-F295-F296-F297-F298-F299-F300-F301-F302-F303-F304-F305-F306-F307-F308-F309-F310-F311-F312-F313-F314-F315-F316-F317-F318-F319-F320-F321-F322-F323-F324-F325-F326-F327-F328-F329-F330-F331-F332-F333-F334-F335-F336-F337-F338-F339-F340-F341-F342-F343-F344-F345-F346-F347-F348-F349-F350-F351-F352-F353-F354-F355-F356-F357-F358-F359-F360-F361-F362-F363-F364-F365-F366-F367-F368-F369-F370-F371-F372-F373-F374-F375-F376-F377-F378-F379-F380-F381-F382-F383-F384-F385-F386-F387-F388-F389-F390-F391-F392-F393-F394-F395-F396-F397-F398-F399-F400-F401-F402-F403-F404-F405-F406-F407-F408-F409-F410-F411-F412-F413-F414-F415-F416-F417-F418-F419-F420-F421-F422-F423-F424-F425-F426-F427-F428-F429-F430-F431-F432-F433-F434-F435-F436-F437-F438-F439-F440-F441-F442-F443-F444-F445-F446-F447-F448-F449-F450-F451-F452-F453-F454-F455-F456-F457-F458-F459-F460-F461-F462-F463-F464-F465-F466-F467-F468-F469-F470-F471-F472-F473-F474-F475-F476-F477-F478-F479-F480-F481-F482-F483-F484-F485-F486-F487-F488-F489-F490-F491-F492-F493-F494-F495-F496-F497-O506508-F512

## Summary

Number of input bits: 512  
Number of free input bits: 13  
Number of output bits: 160

Number of direct occurrences: 54423  
Number of assignments: 32040  
Number of operations: 11763213
(xor: 11733530,
and: 16113,
or: 13570)

Total complexity: 2.2524368714391444 × 10^308

Least occurring input variable: iv_498 (4010)  
Most occurring input variable: iv_506 (4322)

Most co-occurring input variables: iv_501-iv_507 (2123)  
Least co-occurring input variables: iv_498-iv_502 (1802)

Potentially most occurring input variable: iv_505/iv_506 (4603)  
Potentially least occurring input variable: iv_502/iv_505 (4182)

Least output occurring input variable: iv_504 (68)  
Most output occurring input variable: iv_499 (94)

Most output co-occurring input variables: iv_499-iv_509 (52)  
Least output co-occurring input variables: iv_504-iv_506 (26)

Potentially most output occurring input variable: iv_502/iv_506 (93)  
Potentially least output occurring input variable: iv_500/iv_506 (65)

Least complex input bit: iv_511 (6.061768638656951 × 10^304)  
Most complex input bit: iv_510 (6.055850667967835 × 10^307)

Least complex output bit: aaa_76_29 (7.468610585502358 × 10^282)  
Most complex output bit: ov_001 (3.523321273045598 × 10^307)

Least complex input/output complexity: iv_511/aaa_76_29 (2.009955972378193 × 10^279)  
Most complex input/output complexity: iv_510/ov_001 (9.47272163557058 × 10^306)

## Input Bits

### Input Bits in Regular Order

| Input Bit | Complexity | Occurrences | Output Occurrences |
|:---------:|:----------:|:-----------:|:------------------:|
| iv_498 | 3.446522654983987 × 10^305 | 4010 | 81 |
| iv_499 | 7.038881902155732 × 10^305 | 4196 | 94 |
| iv_500 | 1.3105063407148683 × 10^306 | 4105 | 76 |
| iv_501 | 2.3762607977909962 × 10^306 | 4206 | 72 |
| iv_502 | 4.05852546867371 × 10^306 | 4071 | 84 |
| iv_503 | 6.668865689513493 × 10^306 | 4265 | 80 |
| iv_504 | 1.0617387798672861 × 10^307 | 4027 | 68 |
| iv_505 | 1.6460260731275063 × 10^307 | 4195 | 78 |
| iv_506 | 4.493380761055853 × 10^307 | 4322 | 69 |
| iv_507 | 2.0526678491289613 × 10^307 | 4280 | 80 |
| iv_509 | 5.662372939364628 × 10^307 | 4281 | 81 |
| iv_510 | 6.055850667967835 × 10^307 | 4274 | 73 |
| iv_511 | 6.061768638656951 × 10^304 | 4191 | 81 |

### Input Bits Sorted by Complexity

| Input Bit | Complexity | Occurrences | Output Occurrences |
|:---------:|:----------:|:-----------:|:------------------:|
| iv_511 | 6.061768638656951 × 10^304 | 4191 | 81 |
| iv_498 | 3.446522654983987 × 10^305 | 4010 | 81 |
| iv_499 | 7.038881902155732 × 10^305 | 4196 | 94 |
| iv_500 | 1.3105063407148683 × 10^306 | 4105 | 76 |
| iv_501 | 2.3762607977909962 × 10^306 | 4206 | 72 |
| iv_502 | 4.05852546867371 × 10^306 | 4071 | 84 |
| iv_503 | 6.668865689513493 × 10^306 | 4265 | 80 |
| iv_504 | 1.0617387798672861 × 10^307 | 4027 | 68 |
| iv_505 | 1.6460260731275063 × 10^307 | 4195 | 78 |
| iv_507 | 2.0526678491289613 × 10^307 | 4280 | 80 |
| iv_506 | 4.493380761055853 × 10^307 | 4322 | 69 |
| iv_509 | 5.662372939364628 × 10^307 | 4281 | 81 |
| iv_510 | 6.055850667967835 × 10^307 | 4274 | 73 |

### Input Bits Sorted by Occurrences

| Input Bit | Complexity | Occurrences | Output Occurrences |
|:---------:|:----------:|:-----------:|:------------------:|
| iv_498 | 3.446522654983987 × 10^305 | 4010 | 81 |
| iv_504 | 1.0617387798672861 × 10^307 | 4027 | 68 |
| iv_502 | 4.05852546867371 × 10^306 | 4071 | 84 |
| iv_500 | 1.3105063407148683 × 10^306 | 4105 | 76 |
| iv_511 | 6.061768638656951 × 10^304 | 4191 | 81 |
| iv_505 | 1.6460260731275063 × 10^307 | 4195 | 78 |
| iv_499 | 7.038881902155732 × 10^305 | 4196 | 94 |
| iv_501 | 2.3762607977909962 × 10^306 | 4206 | 72 |
| iv_503 | 6.668865689513493 × 10^306 | 4265 | 80 |
| iv_510 | 6.055850667967835 × 10^307 | 4274 | 73 |
| iv_507 | 2.0526678491289613 × 10^307 | 4280 | 80 |
| iv_509 | 5.662372939364628 × 10^307 | 4281 | 81 |
| iv_506 | 4.493380761055853 × 10^307 | 4322 | 69 |

### Input Bits Sorted by Output Occurrences

| Input Bit | Complexity | Occurrences | Output Occurrences |
|:---------:|:----------:|:-----------:|:------------------:|
| iv_504 | 1.0617387798672861 × 10^307 | 4027 | 68 |
| iv_506 | 4.493380761055853 × 10^307 | 4322 | 69 |
| iv_501 | 2.3762607977909962 × 10^306 | 4206 | 72 |
| iv_510 | 6.055850667967835 × 10^307 | 4274 | 73 |
| iv_500 | 1.3105063407148683 × 10^306 | 4105 | 76 |
| iv_505 | 1.6460260731275063 × 10^307 | 4195 | 78 |
| iv_503 | 6.668865689513493 × 10^306 | 4265 | 80 |
| iv_507 | 2.0526678491289613 × 10^307 | 4280 | 80 |
| iv_498 | 3.446522654983987 × 10^305 | 4010 | 81 |
| iv_511 | 6.061768638656951 × 10^304 | 4191 | 81 |
| iv_509 | 5.662372939364628 × 10^307 | 4281 | 81 |
| iv_502 | 4.05852546867371 × 10^306 | 4071 | 84 |
| iv_499 | 7.038881902155732 × 10^305 | 4196 | 94 |

## Input Bit Co-occurrences

### Input Bit Co-occurrences Sorted by Co-occurrences

| Input Bits | Co-occurrences | Potential Occurrences | Output Co-occurrences | Potential Output Occurrences |
|:----------:|:--------------:|:---------------------:|:---------------------:|:----------------------------:|
| iv_501-iv_507 | 2123 | 4240 | 42 | 68 |
| iv_509-iv_510 | 2114 | 4327 | 41 | 72 |
| iv_499-iv_509 | 2101 | 4275 | 52 | 71 |
| iv_503-iv_507 | 2097 | 4351 | 46 | 68 |
| iv_499-iv_503 | 2074 | 4313 | 47 | 80 |
| iv_506-iv_509 | 2070 | 4463 | 38 | 74 |
| iv_501-iv_503 | 2070 | 4331 | 38 | 76 |
| iv_506-iv_510 | 2065 | 4466 | 28 | 86 |
| iv_507-iv_509 | 2062 | 4437 | 39 | 83 |
| iv_501-iv_511 | 2062 | 4273 | 37 | 79 |
| iv_505-iv_510 | 2062 | 4345 | 33 | 85 |
| iv_503-iv_509 | 2061 | 4424 | 40 | 81 |
| iv_499-iv_501 | 2056 | 4290 | 43 | 80 |

### Input Bit Co-occurrences Sorted by Potential Occurrences

| Input Bits | Co-occurrences | Potential Occurrences | Output Co-occurrences | Potential Output Occurrences |
|:----------:|:--------------:|:---------------------:|:---------------------:|:----------------------------:|
| iv_502-iv_505 | 2042 | 4182 | 42 | 78 |
| iv_498-iv_500 | 1959 | 4197 | 42 | 73 |
| iv_501-iv_507 | 2123 | 4240 | 42 | 68 |
| iv_502-iv_503 | 2047 | 4242 | 44 | 76 |
| iv_499-iv_502 | 2004 | 4259 | 50 | 78 |
| iv_504-iv_505 | 1981 | 4260 | 36 | 74 |
| iv_499-iv_504 | 1976 | 4271 | 36 | 90 |
| iv_501-iv_511 | 2062 | 4273 | 37 | 79 |
| iv_499-iv_509 | 2101 | 4275 | 52 | 71 |
| iv_501-iv_502 | 1999 | 4279 | 39 | 78 |
| iv_499-iv_501 | 2056 | 4290 | 43 | 80 |
| iv_503-iv_504 | 1994 | 4304 | 38 | 72 |
| iv_498-iv_504 | 1865 | 4307 | 32 | 85 |

### Input Bit Output Co-occurrences Sorted by Output Co-occurrences

| Input Bits | Co-occurrences | Potential Occurrences | Output Co-occurrences | Potential Output Occurrences |
|:----------:|:--------------:|:---------------------:|:---------------------:|:----------------------------:|
| iv_498-iv_499 | 1924 | 4358 | 52 | 71 |
| iv_499-iv_509 | 2101 | 4275 | 52 | 71 |
| iv_499-iv_507 | 2053 | 4370 | 51 | 72 |
| iv_499-iv_502 | 2004 | 4259 | 50 | 78 |
| iv_499-iv_511 | 2020 | 4347 | 49 | 77 |
| iv_502-iv_507 | 2012 | 4327 | 49 | 66 |
| iv_499-iv_503 | 2074 | 4313 | 47 | 80 |
| iv_499-iv_510 | 2029 | 4412 | 46 | 75 |
| iv_503-iv_507 | 2097 | 4351 | 46 | 68 |
| iv_502-iv_509 | 1980 | 4392 | 46 | 73 |
| iv_500-iv_507 | 2004 | 4377 | 44 | 68 |
| iv_502-iv_503 | 2047 | 4242 | 44 | 76 |
| iv_498-iv_507 | 1991 | 4308 | 43 | 75 |

### Input Bit Output Co-occurrences Sorted by Potential Output Occurrences

| Input Bits | Co-occurrences | Potential Occurrences | Output Co-occurrences | Potential Output Occurrences |
|:----------:|:--------------:|:---------------------:|:---------------------:|:----------------------------:|
| iv_500-iv_506 | 1987 | 4453 | 40 | 65 |
| iv_502-iv_507 | 2012 | 4327 | 49 | 66 |
| iv_500-iv_507 | 2004 | 4377 | 44 | 68 |
| iv_503-iv_507 | 2097 | 4351 | 46 | 68 |
| iv_501-iv_507 | 2123 | 4240 | 42 | 68 |
| iv_501-iv_506 | 2024 | 4480 | 36 | 69 |
| iv_498-iv_499 | 1924 | 4358 | 52 | 71 |
| iv_499-iv_509 | 2101 | 4275 | 52 | 71 |
| iv_506-iv_507 | 2040 | 4522 | 39 | 71 |
| iv_499-iv_507 | 2053 | 4370 | 51 | 72 |
| iv_498-iv_506 | 1958 | 4416 | 39 | 72 |
| iv_506-iv_511 | 1991 | 4531 | 39 | 72 |
| iv_509-iv_510 | 2114 | 4327 | 41 | 72 |

## Output Bits

### Output Bits in Regular Order

| Rank | Output Bit | Complexity |
|:----:|:----------:|:----------:|
| 1 | ov_001 | 3.523321273045598 × 10^307 |
| 2 | ov_002 | 3.065728531433782 × 10^307 |
| 3 | ov_003 | 2.654911443635063 × 10^307 |
| 4 | ov_004 | 2.2873648904942244 × 10^307 |
| 5 | ov_005 | 1.9597752311117153 × 10^307 |
| 6 | ov_006 | 1.6690067845875353 × 10^307 |
| 7 | ov_007 | 1.412090082792235 × 10^307 |
| 8 | ov_008 | 1.1862117305202115 × 10^307 |
| 9 | ov_009 | 9.887057181378558 × 10^306 |
| 10 | ov_010 | 8.1704604027633 × 10^306 |
| 11 | ov_011 | 6.688404822934284 × 10^306 |
| 12 | ov_012 | 5.418254441912891 × 10^306 |
| 13 | ov_013 | 4.3386167947004285 × 10^306 |
| 14 | ov_014 | 3.429308340588023 × 10^306 |
| 15 | ov_015 | 2.671326780258078 × 10^306 |
| 16 | ov_016 | 2.0468293025479782 × 10^306 |
| 17 | ov_017 | 1.5391158370558739 × 10^306 |
| 18 | ov_018 | 1.132616462698576 × 10^306 |
| 19 | ov_019 | 8.128821960079583 × 10^305 |
| 20 | ov_020 | 5.665784564659096 × 10^305 |
| 21 | ov_021 | 3.8148057959135277 × 10^305 |
| 22 | ov_022 | 2.464708218469078 × 10^305 |
| 23 | ov_023 | 1.5153639575362622 × 10^305 |
| 24 | ov_024 | 8.776820532566017 × 10^304 |
| 25 | ov_025 | 4.7360069909931734 × 10^304 |
| 26 | ov_026 | 2.360828674276437 × 10^304 |
| 27 | ov_027 | 1.0911414691530759 × 10^304 |
| 28 | ov_028 | 4.77018591244356 × 10^303 |
| 29 | ov_029 | 1.7874773860177228 × 10^303 |
| 30 | ov_030 | 5.402623292022016 × 10^302 |
| 31 | ov_031 | 1.1957188782019447 × 10^302 |
| 32 | lv_80_m31 | 2.33106740865005 × 10^301 |
| 33 | ov_033 | 2.799344805647672 × 10^302 |
| 34 | ov_034 | 2.4292414934632145 × 10^302 |
| 35 | ov_035 | 2.097605447033076 × 10^302 |
| 36 | ov_036 | 1.8015199305428476 × 10^302 |
| 37 | ov_037 | 1.5382280158567745 × 10^302 |
| 38 | ov_038 | 1.3051212749771536 × 10^302 |
| 39 | ov_039 | 1.0997299428933358 × 10^302 |
| 40 | ov_040 | 9.197144170527291 × 10^301 |
| 41 | ov_041 | 7.628579663489874 × 10^301 |
| 42 | ov_042 | 6.270605290663377 × 10^301 |
| 43 | ov_043 | 5.103334856726297 × 10^301 |
| 44 | ov_044 | 4.1079529873686244 × 10^301 |
| 45 | ov_045 | 3.266679185726586 × 10^301 |
| 46 | ov_046 | 2.5627385948660386 × 10^301 |
| 47 | ov_047 | 1.9803385774718412 × 10^301 |
| 48 | ov_048 | 1.5046502859303385 × 10^301 |
| 49 | ov_049 | 1.1217944577453661 × 10^301 |
| 50 | ov_050 | 8.188307327602279 × 10^300 |
| 51 | ov_051 | 5.837498500177013 × 10^300 |
| 52 | ov_052 | 4.054681433209537 × 10^300 |
| 53 | ov_053 | 2.7382381569745478 × 10^300 |
| 54 | ov_054 | 1.7957453404228987 × 10^300 |
| 55 | ov_055 | 1.1439594624735036 × 10^300 |
| 56 | ov_056 | 7.088079754660956 × 10^299 |
| 57 | ov_057 | 4.253842024595868 × 10^299 |
| 58 | ov_058 | 2.3794457004164925 × 10^299 |
| 59 | ov_059 | 1.2090783391009132 × 10^299 |
| 60 | ov_060 | 5.327341299336034 × 10^298 |
| 61 | ov_061 | 1.8621229768884547 × 10^298 |
| 62 | ov_062 | 5.1116648842607425 × 10^297 |
| 63 | ov_063 | 9.970313067064995 × 10^296 |
| 64 | lv_79_m31 | 1.9442911538656906 × 10^296 |
| 65 | ov_065 | 2.3365181280985715 × 10^297 |
| 66 | ov_066 | 2.336512015162209 × 10^297 |
| 67 | ov_067 | 2.3365105530773475 × 10^297 |
| 68 | ov_068 | 2.0296375648581647 × 10^297 |
| 69 | ov_069 | 1.754208326430932 × 10^297 |
| 70 | ov_070 | 1.507928050016137 × 10^297 |
| 71 | ov_071 | 1.2886132049784124 × 10^297 |
| 72 | ov_072 | 1.0941840895492023 × 10^297 |
| 73 | ov_073 | 9.22658792845117 × 10^296 |
| 74 | ov_074 | 7.72148362492965 × 10^296 |
| 75 | ov_075 | 6.408530029990374 × 10^296 |
| 76 | ov_076 | 5.270591394401993 × 10^296 |
| 77 | ov_077 | 4.29137190174973 × 10^296 |
| 78 | ov_078 | 3.4553990113294735 × 10^296 |
| 79 | ov_079 | 2.7480110289172783 × 10^296 |
| 80 | ov_080 | 2.1553476023618968 × 10^296 |
| 81 | ov_081 | 1.6643420492802287 × 10^296 |
| 82 | ov_082 | 1.262714876870553 × 10^296 |
| 83 | ov_083 | 9.389682754866088 × 10^295 |
| 84 | ov_084 | 6.823815049168997 × 10^295 |
| 85 | ov_085 | 4.830070925454939 × 10^295 |
| 86 | ov_086 | 3.3166776271807964 × 10^295 |
| 87 | ov_087 | 2.1995401672803254 × 10^295 |
| 88 | ov_088 | 1.4022228289188878 × 10^295 |
| 89 | ov_089 | 8.559355621508627 × 10^294 |
| 90 | ov_090 | 4.9952447165808865 × 10^294 |
| 91 | ov_091 | 2.794655908320409 × 10^294 |
| 92 | ov_092 | 1.4986114424705253 × 10^294 |
| 93 | ov_093 | 7.243754036409828 × 10^293 |
| 94 | ov_094 | 2.9963863952529245 × 10^293 |
| 95 | aaa_78_28 | 9.020690473494148 × 10^292 |
| 96 | aaa_78_29 | 3.165252031600535 × 10^292 |
| 97 | ov_097 | 1.6320648637357268 × 10^292 |
| 98 | ov_098 | 1.6320515224193197 × 10^292 |
| 99 | ov_099 | 1.6320472576313695 × 10^292 |
| 100 | ov_100 | 1.361639925875406 × 10^292 |
| 101 | ov_101 | 1.1270480330627997 × 10^292 |
| 102 | ov_102 | 9.249750811759118 × 10^291 |
| 103 | ov_103 | 7.523069033530063 × 10^291 |
| 104 | ov_104 | 6.060984171958163 × 10^291 |
| 105 | ov_105 | 4.83562062925301 × 10^291 |
| 106 | ov_106 | 3.8205777519518964 × 10^291 |
| 107 | ov_107 | 2.990843453400776 × 10^291 |
| 108 | ov_108 | 2.3227203849341902 × 10^291 |
| 109 | ov_109 | 1.793763374169654 × 10^291 |
| 110 | ov_110 | 1.3827269208578633 × 10^291 |
| 111 | ov_111 | 1.0695216111395445 × 10^291 |
| 112 | ov_112 | 8.351783802131592 × 10^290 |
| 113 | ov_113 | 6.618196216184091 × 10^290 |
| 114 | ov_114 | 5.326362088396802 × 10^290 |
| 115 | ov_115 | 4.3186956193452025 × 10^290 |
| 116 | ov_116 | 3.447979585549777 × 10^290 |
| 117 | ov_117 | 2.704020563148501 × 10^290 |
| 118 | ov_118 | 2.076676085548915 × 10^290 |
| 119 | ov_119 | 1.555837590551885 × 10^290 |
| 120 | ov_120 | 1.1314180598415199 × 10^290 |
| 121 | ov_121 | 7.933436891041062 × 10^289 |
| 122 | ov_122 | 5.315486300449034 × 10^289 |
| 123 | ov_123 | 3.3597163124965783 × 10^289 |
| 124 | ov_124 | 1.965538673105963 × 10^289 |
| 125 | ov_125 | 1.0323763089022926 × 10^289 |
| 126 | ov_126 | 4.596562384991639 × 10^288 |
| 127 | aaa_77_28 | 1.4680655423268465 × 10^288 |
| 128 | aaa_77_29 | 5.505296222169744 × 10^287 |
| 129 | ov_129 | 5.134240807678472 × 10^287 |
| 130 | ov_130 | 5.1342262424334 × 10^287 |
| 131 | ov_131 | 5.1342227160994986 × 10^287 |
| 132 | ov_132 | 4.459779194705207 × 10^287 |
| 133 | ov_133 | 3.854897965408243 × 10^287 |
| 134 | ov_134 | 3.3143447669968828 × 10^287 |
| 135 | ov_135 | 2.833170716412862 × 10^287 |
| 136 | ov_136 | 2.406691921357927 × 10^287 |
| 137 | ov_137 | 2.0304717948450305 × 10^287 |
| 138 | ov_138 | 1.700305822315908 × 10^287 |
| 139 | ov_139 | 1.412208544903633 × 10^287 |
| 140 | ov_140 | 1.1624025349528635 × 10^287 |
| 141 | ov_141 | 9.47309152108374 × 10^286 |
| 142 | ov_142 | 7.63540880218366 × 10^286 |
| 143 | ov_143 | 6.078950570357619 × 10^286 |
| 144 | ov_144 | 4.773488202904163 × 10^286 |
| 145 | ov_145 | 3.690551051902567 × 10^286 |
| 146 | ov_146 | 2.803395398231398 × 10^286 |
| 147 | ov_147 | 2.086980962988831 × 10^286 |
| 148 | ov_148 | 1.517953668103136 × 10^286 |
| 149 | ov_149 | 1.0746334511487105 × 10^286 |
| 150 | ov_150 | 7.370060525104344 × 10^285 |
| 151 | ov_151 | 4.867178061041989 × 10^285 |
| 152 | ov_152 | 3.070725778860108 × 10^285 |
| 153 | ov_153 | 1.8303010938089072 × 10^285 |
| 154 | ov_154 | 1.0120516168577667 × 10^285 |
| 155 | ov_155 | 4.986705336362862 × 10^284 |
| 156 | aaa_76_25 | 1.893940883468124 × 10^284 |
| 157 | aaa_76_26 | 1.074875444100658 × 10^284 |
| 158 | aaa_76_27 | 5.528645727771865 × 10^283 |
| 159 | aaa_76_28 | 2.452051193990789 × 10^283 |
| 160 | aaa_76_29 | 7.468610585502358 × 10^282 |

### Output Bits Sorted by Complexity

| Rank | Output Bit | Complexity |
|:----:|:----------:|:----------:|
| 160 | aaa_76_29 | 7.468610585502358 × 10^282 |
| 159 | aaa_76_28 | 2.452051193990789 × 10^283 |
| 158 | aaa_76_27 | 5.528645727771865 × 10^283 |
| 157 | aaa_76_26 | 1.074875444100658 × 10^284 |
| 156 | aaa_76_25 | 1.893940883468124 × 10^284 |
| 155 | ov_155 | 4.986705336362862 × 10^284 |
| 154 | ov_154 | 1.0120516168577667 × 10^285 |
| 153 | ov_153 | 1.8303010938089072 × 10^285 |
| 152 | ov_152 | 3.070725778860108 × 10^285 |
| 151 | ov_151 | 4.867178061041989 × 10^285 |
| 150 | ov_150 | 7.370060525104344 × 10^285 |
| 149 | ov_149 | 1.0746334511487105 × 10^286 |
| 148 | ov_148 | 1.517953668103136 × 10^286 |
| 147 | ov_147 | 2.086980962988831 × 10^286 |
| 146 | ov_146 | 2.803395398231398 × 10^286 |
| 145 | ov_145 | 3.690551051902567 × 10^286 |
| 144 | ov_144 | 4.773488202904163 × 10^286 |
| 143 | ov_143 | 6.078950570357619 × 10^286 |
| 142 | ov_142 | 7.63540880218366 × 10^286 |
| 141 | ov_141 | 9.47309152108374 × 10^286 |
| 140 | ov_140 | 1.1624025349528635 × 10^287 |
| 139 | ov_139 | 1.412208544903633 × 10^287 |
| 138 | ov_138 | 1.700305822315908 × 10^287 |
| 137 | ov_137 | 2.0304717948450305 × 10^287 |
| 136 | ov_136 | 2.406691921357927 × 10^287 |
| 135 | ov_135 | 2.833170716412862 × 10^287 |
| 134 | ov_134 | 3.3143447669968828 × 10^287 |
| 133 | ov_133 | 3.854897965408243 × 10^287 |
| 132 | ov_132 | 4.459779194705207 × 10^287 |
| 131 | ov_131 | 5.1342227160994986 × 10^287 |
| 130 | ov_130 | 5.1342262424334 × 10^287 |
| 129 | ov_129 | 5.134240807678472 × 10^287 |
| 128 | aaa_77_29 | 5.505296222169744 × 10^287 |
| 127 | aaa_77_28 | 1.4680655423268465 × 10^288 |
| 126 | ov_126 | 4.596562384991639 × 10^288 |
| 125 | ov_125 | 1.0323763089022926 × 10^289 |
| 124 | ov_124 | 1.965538673105963 × 10^289 |
| 123 | ov_123 | 3.3597163124965783 × 10^289 |
| 122 | ov_122 | 5.315486300449034 × 10^289 |
| 121 | ov_121 | 7.933436891041062 × 10^289 |
| 120 | ov_120 | 1.1314180598415199 × 10^290 |
| 119 | ov_119 | 1.555837590551885 × 10^290 |
| 118 | ov_118 | 2.076676085548915 × 10^290 |
| 117 | ov_117 | 2.704020563148501 × 10^290 |
| 116 | ov_116 | 3.447979585549777 × 10^290 |
| 115 | ov_115 | 4.3186956193452025 × 10^290 |
| 114 | ov_114 | 5.326362088396802 × 10^290 |
| 113 | ov_113 | 6.618196216184091 × 10^290 |
| 112 | ov_112 | 8.351783802131592 × 10^290 |
| 111 | ov_111 | 1.0695216111395445 × 10^291 |
| 110 | ov_110 | 1.3827269208578633 × 10^291 |
| 109 | ov_109 | 1.793763374169654 × 10^291 |
| 108 | ov_108 | 2.3227203849341902 × 10^291 |
| 107 | ov_107 | 2.990843453400776 × 10^291 |
| 106 | ov_106 | 3.8205777519518964 × 10^291 |
| 105 | ov_105 | 4.83562062925301 × 10^291 |
| 104 | ov_104 | 6.060984171958163 × 10^291 |
| 103 | ov_103 | 7.523069033530063 × 10^291 |
| 102 | ov_102 | 9.249750811759118 × 10^291 |
| 101 | ov_101 | 1.1270480330627997 × 10^292 |
| 100 | ov_100 | 1.361639925875406 × 10^292 |
| 99 | ov_099 | 1.6320472576313695 × 10^292 |
| 98 | ov_098 | 1.6320515224193197 × 10^292 |
| 97 | ov_097 | 1.6320648637357268 × 10^292 |
| 96 | aaa_78_29 | 3.165252031600535 × 10^292 |
| 95 | aaa_78_28 | 9.020690473494148 × 10^292 |
| 94 | ov_094 | 2.9963863952529245 × 10^293 |
| 93 | ov_093 | 7.243754036409828 × 10^293 |
| 92 | ov_092 | 1.4986114424705253 × 10^294 |
| 91 | ov_091 | 2.794655908320409 × 10^294 |
| 90 | ov_090 | 4.9952447165808865 × 10^294 |
| 89 | ov_089 | 8.559355621508627 × 10^294 |
| 88 | ov_088 | 1.4022228289188878 × 10^295 |
| 87 | ov_087 | 2.1995401672803254 × 10^295 |
| 86 | ov_086 | 3.3166776271807964 × 10^295 |
| 85 | ov_085 | 4.830070925454939 × 10^295 |
| 84 | ov_084 | 6.823815049168997 × 10^295 |
| 83 | ov_083 | 9.389682754866088 × 10^295 |
| 82 | ov_082 | 1.262714876870553 × 10^296 |
| 81 | ov_081 | 1.6643420492802287 × 10^296 |
| 64 | lv_79_m31 | 1.9442911538656906 × 10^296 |
| 80 | ov_080 | 2.1553476023618968 × 10^296 |
| 79 | ov_079 | 2.7480110289172783 × 10^296 |
| 78 | ov_078 | 3.4553990113294735 × 10^296 |
| 77 | ov_077 | 4.29137190174973 × 10^296 |
| 76 | ov_076 | 5.270591394401993 × 10^296 |
| 75 | ov_075 | 6.408530029990374 × 10^296 |
| 74 | ov_074 | 7.72148362492965 × 10^296 |
| 73 | ov_073 | 9.22658792845117 × 10^296 |
| 63 | ov_063 | 9.970313067064995 × 10^296 |
| 72 | ov_072 | 1.0941840895492023 × 10^297 |
| 71 | ov_071 | 1.2886132049784124 × 10^297 |
| 70 | ov_070 | 1.507928050016137 × 10^297 |
| 69 | ov_069 | 1.754208326430932 × 10^297 |
| 68 | ov_068 | 2.0296375648581647 × 10^297 |
| 67 | ov_067 | 2.3365105530773475 × 10^297 |
| 66 | ov_066 | 2.336512015162209 × 10^297 |
| 65 | ov_065 | 2.3365181280985715 × 10^297 |
| 62 | ov_062 | 5.1116648842607425 × 10^297 |
| 61 | ov_061 | 1.8621229768884547 × 10^298 |
| 60 | ov_060 | 5.327341299336034 × 10^298 |
| 59 | ov_059 | 1.2090783391009132 × 10^299 |
| 58 | ov_058 | 2.3794457004164925 × 10^299 |
| 57 | ov_057 | 4.253842024595868 × 10^299 |
| 56 | ov_056 | 7.088079754660956 × 10^299 |
| 55 | ov_055 | 1.1439594624735036 × 10^300 |
| 54 | ov_054 | 1.7957453404228987 × 10^300 |
| 53 | ov_053 | 2.7382381569745478 × 10^300 |
| 52 | ov_052 | 4.054681433209537 × 10^300 |
| 51 | ov_051 | 5.837498500177013 × 10^300 |
| 50 | ov_050 | 8.188307327602279 × 10^300 |
| 49 | ov_049 | 1.1217944577453661 × 10^301 |
| 48 | ov_048 | 1.5046502859303385 × 10^301 |
| 47 | ov_047 | 1.9803385774718412 × 10^301 |
| 32 | lv_80_m31 | 2.33106740865005 × 10^301 |
| 46 | ov_046 | 2.5627385948660386 × 10^301 |
| 45 | ov_045 | 3.266679185726586 × 10^301 |
| 44 | ov_044 | 4.1079529873686244 × 10^301 |
| 43 | ov_043 | 5.103334856726297 × 10^301 |
| 42 | ov_042 | 6.270605290663377 × 10^301 |
| 41 | ov_041 | 7.628579663489874 × 10^301 |
| 40 | ov_040 | 9.197144170527291 × 10^301 |
| 39 | ov_039 | 1.0997299428933358 × 10^302 |
| 31 | ov_031 | 1.1957188782019447 × 10^302 |
| 38 | ov_038 | 1.3051212749771536 × 10^302 |
| 37 | ov_037 | 1.5382280158567745 × 10^302 |
| 36 | ov_036 | 1.8015199305428476 × 10^302 |
| 35 | ov_035 | 2.097605447033076 × 10^302 |
| 34 | ov_034 | 2.4292414934632145 × 10^302 |
| 33 | ov_033 | 2.799344805647672 × 10^302 |
| 30 | ov_030 | 5.402623292022016 × 10^302 |
| 29 | ov_029 | 1.7874773860177228 × 10^303 |
| 28 | ov_028 | 4.77018591244356 × 10^303 |
| 27 | ov_027 | 1.0911414691530759 × 10^304 |
| 26 | ov_026 | 2.360828674276437 × 10^304 |
| 25 | ov_025 | 4.7360069909931734 × 10^304 |
| 24 | ov_024 | 8.776820532566017 × 10^304 |
| 23 | ov_023 | 1.5153639575362622 × 10^305 |
| 22 | ov_022 | 2.464708218469078 × 10^305 |
| 21 | ov_021 | 3.8148057959135277 × 10^305 |
| 20 | ov_020 | 5.665784564659096 × 10^305 |
| 19 | ov_019 | 8.128821960079583 × 10^305 |
| 18 | ov_018 | 1.132616462698576 × 10^306 |
| 17 | ov_017 | 1.5391158370558739 × 10^306 |
| 16 | ov_016 | 2.0468293025479782 × 10^306 |
| 15 | ov_015 | 2.671326780258078 × 10^306 |
| 14 | ov_014 | 3.429308340588023 × 10^306 |
| 13 | ov_013 | 4.3386167947004285 × 10^306 |
| 12 | ov_012 | 5.418254441912891 × 10^306 |
| 11 | ov_011 | 6.688404822934284 × 10^306 |
| 10 | ov_010 | 8.1704604027633 × 10^306 |
| 9 | ov_009 | 9.887057181378558 × 10^306 |
| 8 | ov_008 | 1.1862117305202115 × 10^307 |
| 7 | ov_007 | 1.412090082792235 × 10^307 |
| 6 | ov_006 | 1.6690067845875353 × 10^307 |
| 5 | ov_005 | 1.9597752311117153 × 10^307 |
| 4 | ov_004 | 2.2873648904942244 × 10^307 |
| 3 | ov_003 | 2.654911443635063 × 10^307 |
| 2 | ov_002 | 3.065728531433782 × 10^307 |
| 1 | ov_001 | 3.523321273045598 × 10^307 |

