# Results for E002007-E005015-E008009-F017-F018-F019-F020-F021-F022-F023-F024-F025-F026-F027-F028-F029-F030-F031-F032-F033-F034-F035-F036-F037-F038-F039-F040-F041-F042-F043-F044-F045-F046-F047-F048-F049-F050-F051-F052-F053-F054-F055-F056-F057-F058-F059-F060-F061-F062-F063-F064-F065-F066-F067-F068-F069-F070-F071-F072-F073-F074-F075-F076-F077-F078-F079-F080-F081-F082-F083-F084-F085-F086-F087-F088-F089-F090-F091-F092-F093-F094-F095-F096-F097-F098-F099-F100-F101-F102-F103-F104-F105-F106-F107-F108-F109-F110-F111-F112-F113-F114-F115-F116-F117-F118-F119-F120-F121-F122-F123-F124-F125-F126-F127-F128-F129-F130-F131-F132-F133-F134-F135-F136-F137-F138-F139-F140-F141-F142-F143-F144-F145-F146-F147-F148-F149-F150-F151-F152-F153-F154-F155-F156-F157-F158-F159-F160-F161-F162-F163-F164-F165-F166-F167-F168-F169-F170-F171-F172-F173-F174-F175-F176-F177-F178-F179-F180-F181-F182-F183-F184-F185-F186-F187-F188-F189-F190-F191-F192-F193-F194-F195-F196-F197-F198-F199-F200-F201-F202-F203-F204-F205-F206-F207-F208-F209-F210-F211-F212-F213-F214-F215-F216-F217-F218-F219-F220-F221-F222-F223-F224-F225-F226-F227-F228-F229-F230-F231-F232-F233-F234-F235-F236-F237-F238-F239-F240-F241-F242-F243-F244-F245-F246-F247-F248-F249-F250-F251-F252-F253-F254-F255-F256-F257-F258-F259-F260-F261-F262-F263-F264-F265-F266-F267-F268-F269-F270-F271-F272-F273-F274-F275-F276-F277-F278-F279-F280-F281-F282-F283-F284-F285-F286-F287-F288-F289-F290-F291-F292-F293-F294-F295-F296-F297-F298-F299-F300-F301-F302-F303-F304-F305-F306-F307-F308-F309-F310-F311-F312-F313-F314-F315-F316-F317-F318-F319-F320-F321-F322-F323-F324-F325-F326-F327-F328-F329-F330-F331-F332-F333-F334-F335-F336-F337-F338-F339-F340-F341-F342-F343-F344-F345-F346-F347-F348-F349-F350-F351-F352-F353-F354-F355-F356-F357-F358-F359-F360-F361-F362-F363-F364-F365-F366-F367-F368-F369-F370-F371-F372-F373-F374-F375-F376-F377-F378-F379-F380-F381-F382-F383-F384-F385-F386-F387-F388-F389-F390-F391-F392-F393-F394-F395-F396-F397-F398-F399-F400-F401-F402-F403-F404-F405-F406-F407-F408-F409-F410-F411-F412-F413-F414-F415-F416-F417-F418-F419-F420-F421-F422-F423-F424-F425-F426-F427-F428-F429-F430-F431-F432-F433-F434-F435-F436-F437-F438-F439-F440-F441-F442-F443-F444-F445-F446-F447-F448-F449-F450-F451-F452-F453-F454-F455-F456-F457-F458-F459-F460-F461-F462-F463-F464-F465-F466-F467-F468-F469-F470-F471-F472-F473-F474-F475-F476-F477-F478-F479-F480-F481-F482-F483-F484-F485-F486-F487-F488-F489-F490-F491-F492-F493-F494-F495-F496-F497-F498-F499-F500-F501-F502-F503-F504-F505-F506-F507-F508-F509-F510-F511-F512

## Summary

Number of input bits: 512  
Number of free input bits: 13  
Number of output bits: 160

Number of direct occurrences: 58484  
Number of assignments: 39136  
Number of operations: 19112791
(xor: 19075255,
and: 20890,
or: 16646)

Total complexity: 9.087885683338137 × 10^355

Least occurring input variable: iv_012 (4184)  
Most occurring input variable: iv_005 (4765)

Most co-occurring input variables: iv_001-iv_006 (2241)  
Least co-occurring input variables: iv_002-iv_005 (1912)

Potentially most occurring input variable: iv_005/iv_016 (5353)  
Potentially least occurring input variable: iv_003/iv_012 (4484)

Least output occurring input variable: iv_005 (59)  
Most output occurring input variable: iv_012 (86)

Most output co-occurring input variables: iv_002-iv_012 (45)  
Least output co-occurring input variables: iv_003-iv_005 (25)

Potentially most output occurring input variable: iv_001/iv_014 (94)  
Potentially least output occurring input variable: iv_004/iv_011 (68)

Least complex input bit: iv_016 (1.3288193433410923 × 10^352)  
Most complex input bit: iv_005 (2.024659726081056 × 10^355)

Least complex output bit: aaa_76_29 (1.9595136880602456 × 10^331)  
Most complex output bit: ov_001 (1.3912430463865878 × 10^355)

Least complex input/output complexity: iv_016/aaa_76_29 (2.865176547070804 × 10^327)  
Most complex input/output complexity: iv_005/ov_001 (3.0995039587410196 × 10^354)

## Input Bits

### Input Bits in Regular Order

| Input Bit | Complexity | Occurrences | Output Occurrences |
|:---------:|:----------:|:-----------:|:------------------:|
| iv_001 | 4.0575334465236504 × 10^352 | 4567 | 75 |
| iv_002 | 3.331538011550386 × 10^354 | 4372 | 77 |
| iv_003 | 5.052543672183603 × 10^353 | 4374 | 75 |
| iv_004 | 1.0990202132037977 × 10^354 | 4537 | 77 |
| iv_005 | 2.024659726081056 × 10^355 | 4765 | 59 |
| iv_006 | 2.4334121951063363 × 10^354 | 4400 | 80 |
| iv_008 | 8.967180830340692 × 10^354 | 4436 | 77 |
| iv_010 | 6.377974824942816 × 10^354 | 4480 | 83 |
| iv_011 | 8.325590710933275 × 10^354 | 4645 | 63 |
| iv_012 | 1.0531652363743532 × 10^355 | 4184 | 86 |
| iv_013 | 1.305303412698078 × 10^355 | 4535 | 78 |
| iv_014 | 1.5953738400652338 × 10^355 | 4685 | 83 |
| iv_016 | 1.3288193433410923 × 10^352 | 4504 | 79 |

### Input Bits Sorted by Complexity

| Input Bit | Complexity | Occurrences | Output Occurrences |
|:---------:|:----------:|:-----------:|:------------------:|
| iv_016 | 1.3288193433410923 × 10^352 | 4504 | 79 |
| iv_001 | 4.0575334465236504 × 10^352 | 4567 | 75 |
| iv_003 | 5.052543672183603 × 10^353 | 4374 | 75 |
| iv_004 | 1.0990202132037977 × 10^354 | 4537 | 77 |
| iv_006 | 2.4334121951063363 × 10^354 | 4400 | 80 |
| iv_002 | 3.331538011550386 × 10^354 | 4372 | 77 |
| iv_010 | 6.377974824942816 × 10^354 | 4480 | 83 |
| iv_011 | 8.325590710933275 × 10^354 | 4645 | 63 |
| iv_008 | 8.967180830340692 × 10^354 | 4436 | 77 |
| iv_012 | 1.0531652363743532 × 10^355 | 4184 | 86 |
| iv_013 | 1.305303412698078 × 10^355 | 4535 | 78 |
| iv_014 | 1.5953738400652338 × 10^355 | 4685 | 83 |
| iv_005 | 2.024659726081056 × 10^355 | 4765 | 59 |

### Input Bits Sorted by Occurrences

| Input Bit | Complexity | Occurrences | Output Occurrences |
|:---------:|:----------:|:-----------:|:------------------:|
| iv_012 | 1.0531652363743532 × 10^355 | 4184 | 86 |
| iv_002 | 3.331538011550386 × 10^354 | 4372 | 77 |
| iv_003 | 5.052543672183603 × 10^353 | 4374 | 75 |
| iv_006 | 2.4334121951063363 × 10^354 | 4400 | 80 |
| iv_008 | 8.967180830340692 × 10^354 | 4436 | 77 |
| iv_010 | 6.377974824942816 × 10^354 | 4480 | 83 |
| iv_016 | 1.3288193433410923 × 10^352 | 4504 | 79 |
| iv_013 | 1.305303412698078 × 10^355 | 4535 | 78 |
| iv_004 | 1.0990202132037977 × 10^354 | 4537 | 77 |
| iv_001 | 4.0575334465236504 × 10^352 | 4567 | 75 |
| iv_011 | 8.325590710933275 × 10^354 | 4645 | 63 |
| iv_014 | 1.5953738400652338 × 10^355 | 4685 | 83 |
| iv_005 | 2.024659726081056 × 10^355 | 4765 | 59 |

### Input Bits Sorted by Output Occurrences

| Input Bit | Complexity | Occurrences | Output Occurrences |
|:---------:|:----------:|:-----------:|:------------------:|
| iv_005 | 2.024659726081056 × 10^355 | 4765 | 59 |
| iv_011 | 8.325590710933275 × 10^354 | 4645 | 63 |
| iv_003 | 5.052543672183603 × 10^353 | 4374 | 75 |
| iv_001 | 4.0575334465236504 × 10^352 | 4567 | 75 |
| iv_008 | 8.967180830340692 × 10^354 | 4436 | 77 |
| iv_004 | 1.0990202132037977 × 10^354 | 4537 | 77 |
| iv_002 | 3.331538011550386 × 10^354 | 4372 | 77 |
| iv_013 | 1.305303412698078 × 10^355 | 4535 | 78 |
| iv_016 | 1.3288193433410923 × 10^352 | 4504 | 79 |
| iv_006 | 2.4334121951063363 × 10^354 | 4400 | 80 |
| iv_010 | 6.377974824942816 × 10^354 | 4480 | 83 |
| iv_014 | 1.5953738400652338 × 10^355 | 4685 | 83 |
| iv_012 | 1.0531652363743532 × 10^355 | 4184 | 86 |

## Input Bit Co-occurrences

### Input Bit Co-occurrences Sorted by Co-occurrences

| Input Bits | Co-occurrences | Potential Occurrences | Output Co-occurrences | Potential Output Occurrences |
|:----------:|:--------------:|:---------------------:|:---------------------:|:----------------------------:|
| iv_001-iv_006 | 2241 | 4485 | 39 | 77 |
| iv_013-iv_014 | 2203 | 4814 | 40 | 81 |
| iv_004-iv_014 | 2203 | 4816 | 41 | 78 |
| iv_003-iv_004 | 2188 | 4535 | 38 | 76 |
| iv_003-iv_013 | 2188 | 4533 | 36 | 81 |
| iv_001-iv_016 | 2182 | 4707 | 37 | 80 |
| iv_011-iv_016 | 2180 | 4789 | 26 | 90 |
| iv_010-iv_011 | 2178 | 4769 | 35 | 76 |
| iv_010-iv_014 | 2178 | 4809 | 44 | 78 |
| iv_001-iv_011 | 2172 | 4868 | 28 | 82 |
| iv_004-iv_005 | 2166 | 4970 | 26 | 84 |
| iv_011-iv_014 | 2163 | 5004 | 33 | 80 |
| iv_008-iv_014 | 2154 | 4813 | 44 | 72 |

### Input Bit Co-occurrences Sorted by Potential Occurrences

| Input Bits | Co-occurrences | Potential Occurrences | Output Co-occurrences | Potential Output Occurrences |
|:----------:|:--------------:|:---------------------:|:---------------------:|:----------------------------:|
| iv_003-iv_012 | 2037 | 4484 | 42 | 77 |
| iv_001-iv_006 | 2241 | 4485 | 39 | 77 |
| iv_003-iv_013 | 2188 | 4533 | 36 | 81 |
| iv_003-iv_004 | 2188 | 4535 | 38 | 76 |
| iv_002-iv_012 | 2005 | 4546 | 45 | 73 |
| iv_008-iv_010 | 2150 | 4616 | 44 | 72 |
| iv_012-iv_013 | 2047 | 4625 | 42 | 80 |
| iv_008-iv_012 | 1982 | 4656 | 41 | 81 |
| iv_006-iv_016 | 2113 | 4678 | 37 | 85 |
| iv_004-iv_008 | 2144 | 4685 | 40 | 74 |
| iv_001-iv_016 | 2182 | 4707 | 37 | 80 |
| iv_008-iv_013 | 2131 | 4709 | 34 | 87 |
| iv_006-iv_008 | 2058 | 4720 | 39 | 79 |

### Input Bit Output Co-occurrences Sorted by Output Co-occurrences

| Input Bits | Co-occurrences | Potential Occurrences | Output Co-occurrences | Potential Output Occurrences |
|:----------:|:--------------:|:---------------------:|:---------------------:|:----------------------------:|
| iv_002-iv_012 | 2005 | 4546 | 45 | 73 |
| iv_008-iv_010 | 2150 | 4616 | 44 | 72 |
| iv_008-iv_014 | 2154 | 4813 | 44 | 72 |
| iv_010-iv_014 | 2178 | 4809 | 44 | 78 |
| iv_004-iv_010 | 2128 | 4761 | 44 | 72 |
| iv_006-iv_012 | 1931 | 4722 | 44 | 78 |
| iv_001-iv_010 | 2111 | 4825 | 44 | 70 |
| iv_004-iv_012 | 1968 | 4785 | 43 | 77 |
| iv_012-iv_014 | 2042 | 4785 | 43 | 83 |
| iv_003-iv_012 | 2037 | 4484 | 42 | 77 |
| iv_004-iv_013 | 2141 | 4790 | 42 | 71 |
| iv_001-iv_012 | 1987 | 4777 | 42 | 77 |
| iv_002-iv_004 | 2060 | 4789 | 42 | 70 |

### Input Bit Output Co-occurrences Sorted by Potential Output Occurrences

| Input Bits | Co-occurrences | Potential Occurrences | Output Co-occurrences | Potential Output Occurrences |
|:----------:|:--------------:|:---------------------:|:---------------------:|:----------------------------:|
| iv_004-iv_011 | 2066 | 5050 | 36 | 68 |
| iv_001-iv_010 | 2111 | 4825 | 44 | 70 |
| iv_002-iv_004 | 2060 | 4789 | 42 | 70 |
| iv_005-iv_011 | 2057 | 5296 | 26 | 70 |
| iv_004-iv_013 | 2141 | 4790 | 42 | 71 |
| iv_008-iv_010 | 2150 | 4616 | 44 | 72 |
| iv_008-iv_014 | 2154 | 4813 | 44 | 72 |
| iv_004-iv_010 | 2128 | 4761 | 44 | 72 |
| iv_001-iv_003 | 2012 | 4917 | 39 | 72 |
| iv_002-iv_012 | 2005 | 4546 | 45 | 73 |
| iv_004-iv_008 | 2144 | 4685 | 40 | 74 |
| iv_001-iv_005 | 2066 | 5200 | 30 | 74 |
| iv_001-iv_013 | 2052 | 4998 | 39 | 75 |

## Output Bits

### Output Bits in Regular Order

| Rank | Output Bit | Complexity |
|:----:|:----------:|:----------:|
| 1 | ov_001 | 1.3912430463865878 × 10^355 |
| 2 | ov_002 | 1.2148266888863703 × 10^355 |
| 3 | ov_003 | 1.056269046431556 × 10^355 |
| 4 | ov_004 | 9.141555559444309 × 10^354 |
| 5 | ov_005 | 7.87150691949497 × 10^354 |
| 6 | ov_006 | 6.739924669496288 × 10^354 |
| 7 | ov_007 | 5.734875869067442 × 10^354 |
| 8 | ov_008 | 4.84507196598321 × 10^354 |
| 9 | ov_009 | 4.059831649778009 × 10^354 |
| 10 | ov_010 | 3.369048751070107 × 10^354 |
| 11 | ov_011 | 2.767810263715084 × 10^354 |
| 12 | ov_012 | 2.2514707849947306 × 10^354 |
| 13 | ov_013 | 1.8115021060652618 × 10^354 |
| 14 | ov_014 | 1.439865703466149 × 10^354 |
| 15 | ov_015 | 1.1289998831532953 × 10^354 |
| 16 | ov_016 | 8.718094802357647 × 10^353 |
| 17 | ov_017 | 6.616577440246875 × 10^353 |
| 18 | ov_018 | 4.923600684120122 × 10^353 |
| 19 | ov_019 | 3.5817925756228684 × 10^353 |
| 20 | ov_020 | 2.5382204653159455 × 10^353 |
| 21 | ov_021 | 1.7443662581666505 × 10^353 |
| 22 | ov_022 | 1.1561094805992919 × 10^353 |
| 23 | ov_023 | 7.33716242524356 × 10^352 |
| 24 | ov_024 | 4.418324582990377 × 10^352 |
| 25 | ov_025 | 2.4947998077279576 × 10^352 |
| 26 | ov_026 | 1.3005459146606029 × 10^352 |
| 27 | ov_027 | 6.132507078338586 × 10^351 |
| 28 | ov_028 | 2.5432828326559676 × 10^351 |
| 29 | ov_029 | 8.89178283266209 × 10^350 |
| 30 | ov_030 | 2.4416447340117933 × 10^350 |
| 31 | ov_031 | 4.764565756804608 × 10^349 |
| 32 | lv_80_m31 | 9.296248061628736 × 10^348 |
| 33 | ov_033 | 1.1509706840530237 × 10^350 |
| 34 | ov_034 | 1.0042835414933776 × 10^350 |
| 35 | ov_035 | 8.728914081663222 × 10^349 |
| 36 | ov_036 | 7.554995907137907 × 10^349 |
| 37 | ov_037 | 6.508929378150449 × 10^349 |
| 38 | ov_038 | 5.579304570886792 × 10^349 |
| 39 | ov_039 | 4.755404105875399 × 10^349 |
| 40 | ov_040 | 4.027158629568543 × 10^349 |
| 41 | ov_041 | 3.3851065740035594 × 10^349 |
| 42 | ov_042 | 2.8203579549669385 × 10^349 |
| 43 | ov_043 | 2.3245619765106947 × 10^349 |
| 44 | ov_044 | 1.8936742190388584 × 10^349 |
| 45 | ov_045 | 1.5238986792657172 × 10^349 |
| 46 | ov_046 | 1.2116758546015573 × 10^349 |
| 47 | ov_047 | 9.505560584699434 × 10^348 |
| 48 | ov_048 | 7.345161501416344 × 10^348 |
| 49 | ov_049 | 5.579453697455586 × 10^348 |
| 50 | ov_050 | 4.156334698607513 × 10^348 |
| 51 | ov_051 | 3.027609354949199 × 10^348 |
| 52 | ov_052 | 2.1489108479898374 × 10^348 |
| 53 | ov_053 | 1.479638432073892 × 10^348 |
| 54 | ov_054 | 9.829098389572351 × 10^347 |
| 55 | ov_055 | 6.255262755310049 × 10^347 |
| 56 | ov_056 | 3.779479451413222 × 10^347 |
| 57 | ov_057 | 2.1427802316776463 × 10^347 |
| 58 | ov_058 | 1.1225303495708903 × 10^347 |
| 59 | ov_059 | 5.323768643119006 × 10^346 |
| 60 | ov_060 | 2.2222462572268427 × 10^346 |
| 61 | ov_061 | 7.8227085227709315 × 10^345 |
| 62 | ov_062 | 2.1631133566692283 × 10^345 |
| 63 | ov_063 | 4.2528997489662566 × 10^344 |
| 64 | lv_79_m31 | 8.360817052794859 × 10^343 |
| 65 | ov_065 | 1.1461280068966277 × 10^345 |
| 66 | ov_066 | 1.1460935990736075 × 10^345 |
| 67 | ov_067 | 1.1460825894126037 × 10^345 |
| 68 | ov_068 | 1.0308449605201883 × 10^345 |
| 69 | ov_069 | 9.242054123191183 × 10^344 |
| 70 | ov_070 | 8.256811277798097 × 10^344 |
| 71 | ov_071 | 7.348238353533558 × 10^344 |
| 72 | ov_072 | 6.512156647328251 × 10^344 |
| 73 | ov_073 | 5.744654126899565 × 10^344 |
| 74 | ov_074 | 5.0420515197643714 × 10^344 |
| 75 | ov_075 | 4.400870754374356 × 10^344 |
| 76 | ov_076 | 3.817805570716834 × 10^344 |
| 77 | ov_077 | 3.289694961303114 × 10^344 |
| 78 | ov_078 | 2.813499665666829 × 10^344 |
| 79 | ov_079 | 2.3862815281050984 × 10^344 |
| 80 | ov_080 | 2.0051855322514728 × 10^344 |
| 81 | ov_081 | 1.6674243290640632 × 10^344 |
| 82 | ov_082 | 1.3702648216898318 × 10^344 |
| 83 | ov_083 | 1.111016372340275 × 10^344 |
| 84 | ov_084 | 8.870207082957435 × 10^343 |
| 85 | ov_085 | 6.95643604973038 × 10^343 |
| 86 | ov_086 | 5.342681691310041 × 10^343 |
| 87 | ov_087 | 4.0028954562063864 × 10^343 |
| 88 | ov_088 | 2.9111087128026787 × 10^343 |
| 89 | ov_089 | 2.0414029968022286 × 10^343 |
| 90 | ov_090 | 1.3678892046736502 × 10^343 |
| 91 | ov_091 | 8.646939707770657 × 10^342 |
| 92 | ov_092 | 5.059514808155828 × 10^342 |
| 93 | ov_093 | 2.6579906199984226 × 10^342 |
| 94 | ov_094 | 1.1837511739486388 × 10^342 |
| 95 | aaa_78_28 | 3.781833232269369 × 10^341 |
| 96 | aaa_78_29 | 1.4189612063065926 × 10^341 |
| 97 | ov_097 | 1.3567244878935218 × 10^341 |
| 98 | ov_098 | 1.3567206629951252 × 10^341 |
| 99 | ov_099 | 1.3567197369911926 × 10^341 |
| 100 | ov_100 | 1.1834646401095181 × 10^341 |
| 101 | ov_101 | 1.0280783381253506 × 10^341 |
| 102 | ov_102 | 8.891218428037072 × 10^340 |
| 103 | ov_103 | 7.652368327169733 × 10^340 |
| 104 | ov_104 | 6.551402226691457 × 10^340 |
| 105 | ov_105 | 5.57619388204822 × 10^340 |
| 106 | ov_106 | 4.7152796635440724 × 10^340 |
| 107 | ov_107 | 3.957821622974064 × 10^340 |
| 108 | ov_108 | 3.293575079885697 × 10^340 |
| 109 | ov_109 | 2.712860342694406 × 10^340 |
| 110 | ov_110 | 2.21097552605453 × 10^340 |
| 111 | ov_111 | 1.783483347514154 × 10^340 |
| 112 | ov_112 | 1.4222660567304382 × 10^340 |
| 113 | ov_113 | 1.119692990538235 × 10^340 |
| 114 | ov_114 | 8.68608531414351 × 10^339 |
| 115 | ov_115 | 6.62322532329281 × 10^339 |
| 116 | ov_116 | 4.94602907119746 × 10^339 |
| 117 | ov_117 | 3.5967004270678146 × 10^339 |
| 118 | ov_118 | 2.547466552335652 × 10^339 |
| 119 | ov_119 | 1.7494696716886482 × 10^339 |
| 120 | ov_120 | 1.1582867719040755 × 10^339 |
| 121 | ov_121 | 7.339166960434679 × 10^338 |
| 122 | ov_122 | 4.407722483269549 × 10^338 |
| 123 | ov_123 | 2.4767571329985292 × 10^338 |
| 124 | ov_124 | 1.278565396097084 × 10^338 |
| 125 | ov_125 | 5.895027534362728 × 10^337 |
| 126 | ov_126 | 2.2998147601992408 × 10^337 |
| 127 | aaa_77_28 | 6.446926940036331 × 10^336 |
| 128 | aaa_77_29 | 1.9620741429009583 × 10^336 |
| 129 | ov_129 | 1.1694086309369616 × 10^336 |
| 130 | ov_130 | 1.1694048053683948 × 10^336 |
| 131 | ov_131 | 1.1694038774147637 × 10^336 |
| 132 | ov_132 | 1.0205104097715426 × 10^336 |
| 133 | ov_133 | 8.877537911497541 × 10^335 |
| 134 | ov_134 | 7.697049866970903 × 10^335 |
| 135 | ov_135 | 6.650163268406289 × 10^335 |
| 136 | ov_136 | 5.724159335765839 × 10^335 |
| 137 | ov_137 | 4.907027598465562 × 10^335 |
| 138 | ov_138 | 4.187421834476505 × 10^335 |
| 139 | ov_139 | 3.5546211362950036 × 10^335 |
| 140 | ov_140 | 2.9984957534054397 × 10^335 |
| 141 | ov_141 | 2.5094773805210267 × 10^335 |
| 142 | ov_142 | 2.078533579893553 × 10^335 |
| 143 | ov_143 | 1.7012791512530398 × 10^335 |
| 144 | ov_144 | 1.373580987805065 × 10^335 |
| 145 | ov_145 | 1.0915498487658769 × 10^335 |
| 146 | ov_146 | 8.515336970817936 × 10^334 |
| 147 | ov_147 | 6.501124085629896 × 10^334 |
| 148 | ov_148 | 4.84093646918303 × 10^334 |
| 149 | ov_149 | 3.5050971624935374 × 10^334 |
| 150 | ov_150 | 2.4661521957505412 × 10^334 |
| 151 | ov_151 | 1.675800141774164 × 10^334 |
| 152 | ov_152 | 1.0901204146378517 × 10^334 |
| 153 | ov_153 | 6.695605232254585 × 10^333 |
| 154 | ov_154 | 3.789282565457628 × 10^333 |
| 155 | ov_155 | 1.8738722905391348 × 10^333 |
| 156 | aaa_76_25 | 6.845461348127686 × 10^332 |
| 157 | aaa_76_26 | 3.5754947853679155 × 10^332 |
| 158 | aaa_76_27 | 1.64817203038014 × 10^332 |
| 159 | aaa_76_28 | 6.429021340652463 × 10^331 |
| 160 | aaa_76_29 | 1.9595136880602456 × 10^331 |

### Output Bits Sorted by Complexity

| Rank | Output Bit | Complexity |
|:----:|:----------:|:----------:|
| 160 | aaa_76_29 | 1.9595136880602456 × 10^331 |
| 159 | aaa_76_28 | 6.429021340652463 × 10^331 |
| 158 | aaa_76_27 | 1.64817203038014 × 10^332 |
| 157 | aaa_76_26 | 3.5754947853679155 × 10^332 |
| 156 | aaa_76_25 | 6.845461348127686 × 10^332 |
| 155 | ov_155 | 1.8738722905391348 × 10^333 |
| 154 | ov_154 | 3.789282565457628 × 10^333 |
| 153 | ov_153 | 6.695605232254585 × 10^333 |
| 152 | ov_152 | 1.0901204146378517 × 10^334 |
| 151 | ov_151 | 1.675800141774164 × 10^334 |
| 150 | ov_150 | 2.4661521957505412 × 10^334 |
| 149 | ov_149 | 3.5050971624935374 × 10^334 |
| 148 | ov_148 | 4.84093646918303 × 10^334 |
| 147 | ov_147 | 6.501124085629896 × 10^334 |
| 146 | ov_146 | 8.515336970817936 × 10^334 |
| 145 | ov_145 | 1.0915498487658769 × 10^335 |
| 144 | ov_144 | 1.373580987805065 × 10^335 |
| 143 | ov_143 | 1.7012791512530398 × 10^335 |
| 142 | ov_142 | 2.078533579893553 × 10^335 |
| 141 | ov_141 | 2.5094773805210267 × 10^335 |
| 140 | ov_140 | 2.9984957534054397 × 10^335 |
| 139 | ov_139 | 3.5546211362950036 × 10^335 |
| 138 | ov_138 | 4.187421834476505 × 10^335 |
| 137 | ov_137 | 4.907027598465562 × 10^335 |
| 136 | ov_136 | 5.724159335765839 × 10^335 |
| 135 | ov_135 | 6.650163268406289 × 10^335 |
| 134 | ov_134 | 7.697049866970903 × 10^335 |
| 133 | ov_133 | 8.877537911497541 × 10^335 |
| 132 | ov_132 | 1.0205104097715426 × 10^336 |
| 131 | ov_131 | 1.1694038774147637 × 10^336 |
| 130 | ov_130 | 1.1694048053683948 × 10^336 |
| 129 | ov_129 | 1.1694086309369616 × 10^336 |
| 128 | aaa_77_29 | 1.9620741429009583 × 10^336 |
| 127 | aaa_77_28 | 6.446926940036331 × 10^336 |
| 126 | ov_126 | 2.2998147601992408 × 10^337 |
| 125 | ov_125 | 5.895027534362728 × 10^337 |
| 124 | ov_124 | 1.278565396097084 × 10^338 |
| 123 | ov_123 | 2.4767571329985292 × 10^338 |
| 122 | ov_122 | 4.407722483269549 × 10^338 |
| 121 | ov_121 | 7.339166960434679 × 10^338 |
| 120 | ov_120 | 1.1582867719040755 × 10^339 |
| 119 | ov_119 | 1.7494696716886482 × 10^339 |
| 118 | ov_118 | 2.547466552335652 × 10^339 |
| 117 | ov_117 | 3.5967004270678146 × 10^339 |
| 116 | ov_116 | 4.94602907119746 × 10^339 |
| 115 | ov_115 | 6.62322532329281 × 10^339 |
| 114 | ov_114 | 8.68608531414351 × 10^339 |
| 113 | ov_113 | 1.119692990538235 × 10^340 |
| 112 | ov_112 | 1.4222660567304382 × 10^340 |
| 111 | ov_111 | 1.783483347514154 × 10^340 |
| 110 | ov_110 | 2.21097552605453 × 10^340 |
| 109 | ov_109 | 2.712860342694406 × 10^340 |
| 108 | ov_108 | 3.293575079885697 × 10^340 |
| 107 | ov_107 | 3.957821622974064 × 10^340 |
| 106 | ov_106 | 4.7152796635440724 × 10^340 |
| 105 | ov_105 | 5.57619388204822 × 10^340 |
| 104 | ov_104 | 6.551402226691457 × 10^340 |
| 103 | ov_103 | 7.652368327169733 × 10^340 |
| 102 | ov_102 | 8.891218428037072 × 10^340 |
| 101 | ov_101 | 1.0280783381253506 × 10^341 |
| 100 | ov_100 | 1.1834646401095181 × 10^341 |
| 99 | ov_099 | 1.3567197369911926 × 10^341 |
| 98 | ov_098 | 1.3567206629951252 × 10^341 |
| 97 | ov_097 | 1.3567244878935218 × 10^341 |
| 96 | aaa_78_29 | 1.4189612063065926 × 10^341 |
| 95 | aaa_78_28 | 3.781833232269369 × 10^341 |
| 94 | ov_094 | 1.1837511739486388 × 10^342 |
| 93 | ov_093 | 2.6579906199984226 × 10^342 |
| 92 | ov_092 | 5.059514808155828 × 10^342 |
| 91 | ov_091 | 8.646939707770657 × 10^342 |
| 90 | ov_090 | 1.3678892046736502 × 10^343 |
| 89 | ov_089 | 2.0414029968022286 × 10^343 |
| 88 | ov_088 | 2.9111087128026787 × 10^343 |
| 87 | ov_087 | 4.0028954562063864 × 10^343 |
| 86 | ov_086 | 5.342681691310041 × 10^343 |
| 85 | ov_085 | 6.95643604973038 × 10^343 |
| 64 | lv_79_m31 | 8.360817052794859 × 10^343 |
| 84 | ov_084 | 8.870207082957435 × 10^343 |
| 83 | ov_083 | 1.111016372340275 × 10^344 |
| 82 | ov_082 | 1.3702648216898318 × 10^344 |
| 81 | ov_081 | 1.6674243290640632 × 10^344 |
| 80 | ov_080 | 2.0051855322514728 × 10^344 |
| 79 | ov_079 | 2.3862815281050984 × 10^344 |
| 78 | ov_078 | 2.813499665666829 × 10^344 |
| 77 | ov_077 | 3.289694961303114 × 10^344 |
| 76 | ov_076 | 3.817805570716834 × 10^344 |
| 63 | ov_063 | 4.2528997489662566 × 10^344 |
| 75 | ov_075 | 4.400870754374356 × 10^344 |
| 74 | ov_074 | 5.0420515197643714 × 10^344 |
| 73 | ov_073 | 5.744654126899565 × 10^344 |
| 72 | ov_072 | 6.512156647328251 × 10^344 |
| 71 | ov_071 | 7.348238353533558 × 10^344 |
| 70 | ov_070 | 8.256811277798097 × 10^344 |
| 69 | ov_069 | 9.242054123191183 × 10^344 |
| 68 | ov_068 | 1.0308449605201883 × 10^345 |
| 67 | ov_067 | 1.1460825894126037 × 10^345 |
| 66 | ov_066 | 1.1460935990736075 × 10^345 |
| 65 | ov_065 | 1.1461280068966277 × 10^345 |
| 62 | ov_062 | 2.1631133566692283 × 10^345 |
| 61 | ov_061 | 7.8227085227709315 × 10^345 |
| 60 | ov_060 | 2.2222462572268427 × 10^346 |
| 59 | ov_059 | 5.323768643119006 × 10^346 |
| 58 | ov_058 | 1.1225303495708903 × 10^347 |
| 57 | ov_057 | 2.1427802316776463 × 10^347 |
| 56 | ov_056 | 3.779479451413222 × 10^347 |
| 55 | ov_055 | 6.255262755310049 × 10^347 |
| 54 | ov_054 | 9.829098389572351 × 10^347 |
| 53 | ov_053 | 1.479638432073892 × 10^348 |
| 52 | ov_052 | 2.1489108479898374 × 10^348 |
| 51 | ov_051 | 3.027609354949199 × 10^348 |
| 50 | ov_050 | 4.156334698607513 × 10^348 |
| 49 | ov_049 | 5.579453697455586 × 10^348 |
| 48 | ov_048 | 7.345161501416344 × 10^348 |
| 32 | lv_80_m31 | 9.296248061628736 × 10^348 |
| 47 | ov_047 | 9.505560584699434 × 10^348 |
| 46 | ov_046 | 1.2116758546015573 × 10^349 |
| 45 | ov_045 | 1.5238986792657172 × 10^349 |
| 44 | ov_044 | 1.8936742190388584 × 10^349 |
| 43 | ov_043 | 2.3245619765106947 × 10^349 |
| 42 | ov_042 | 2.8203579549669385 × 10^349 |
| 41 | ov_041 | 3.3851065740035594 × 10^349 |
| 40 | ov_040 | 4.027158629568543 × 10^349 |
| 39 | ov_039 | 4.755404105875399 × 10^349 |
| 31 | ov_031 | 4.764565756804608 × 10^349 |
| 38 | ov_038 | 5.579304570886792 × 10^349 |
| 37 | ov_037 | 6.508929378150449 × 10^349 |
| 36 | ov_036 | 7.554995907137907 × 10^349 |
| 35 | ov_035 | 8.728914081663222 × 10^349 |
| 34 | ov_034 | 1.0042835414933776 × 10^350 |
| 33 | ov_033 | 1.1509706840530237 × 10^350 |
| 30 | ov_030 | 2.4416447340117933 × 10^350 |
| 29 | ov_029 | 8.89178283266209 × 10^350 |
| 28 | ov_028 | 2.5432828326559676 × 10^351 |
| 27 | ov_027 | 6.132507078338586 × 10^351 |
| 26 | ov_026 | 1.3005459146606029 × 10^352 |
| 25 | ov_025 | 2.4947998077279576 × 10^352 |
| 24 | ov_024 | 4.418324582990377 × 10^352 |
| 23 | ov_023 | 7.33716242524356 × 10^352 |
| 22 | ov_022 | 1.1561094805992919 × 10^353 |
| 21 | ov_021 | 1.7443662581666505 × 10^353 |
| 20 | ov_020 | 2.5382204653159455 × 10^353 |
| 19 | ov_019 | 3.5817925756228684 × 10^353 |
| 18 | ov_018 | 4.923600684120122 × 10^353 |
| 17 | ov_017 | 6.616577440246875 × 10^353 |
| 16 | ov_016 | 8.718094802357647 × 10^353 |
| 15 | ov_015 | 1.1289998831532953 × 10^354 |
| 14 | ov_014 | 1.439865703466149 × 10^354 |
| 13 | ov_013 | 1.8115021060652618 × 10^354 |
| 12 | ov_012 | 2.2514707849947306 × 10^354 |
| 11 | ov_011 | 2.767810263715084 × 10^354 |
| 10 | ov_010 | 3.369048751070107 × 10^354 |
| 9 | ov_009 | 4.059831649778009 × 10^354 |
| 8 | ov_008 | 4.84507196598321 × 10^354 |
| 7 | ov_007 | 5.734875869067442 × 10^354 |
| 6 | ov_006 | 6.739924669496288 × 10^354 |
| 5 | ov_005 | 7.87150691949497 × 10^354 |
| 4 | ov_004 | 9.141555559444309 × 10^354 |
| 3 | ov_003 | 1.056269046431556 × 10^355 |
| 2 | ov_002 | 1.2148266888863703 × 10^355 |
| 1 | ov_001 | 1.3912430463865878 × 10^355 |

