# Results for F001-F002-F003-F004-F005-F006-F007-F008-F009-F010-F011-F012-F013-F014-F015-F016-F017-F018-F019-F020-F021-F022-F023-F024-F025-F026-F027-F028-F029-F030-F031-F032-F033-F034-F035-F036-F037-F038-F039-F040-F041-F042-F043-F044-F045-F046-F047-F048-F049-F050-F051-F052-F053-F054-F055-F056-F057-F058-F059-F060-F061-F062-F063-F064-F065-F066-F067-F068-F069-F070-F071-F072-F073-F074-F075-F076-F077-F078-F079-F080-F081-F082-F083-F084-F085-F086-F087-F088-F089-F090-F091-F092-F093-F094-F095-F096-F097-F098-F099-F100-F101-F102-F103-F104-F105-F106-F107-F108-F109-F110-F111-F112-F113-F114-F115-F116-F117-F118-F119-F120-F121-F122-F123-F124-F125-F126-F127-F128-F129-F130-F131-F132-F133-F134-F135-F136-F137-F138-F139-F140-F141-F142-F143-F144-F145-F146-F147-F148-F149-F150-F151-F152-F153-F154-F155-F156-F157-F158-F159-F160-F161-F162-F163-F164-F165-F166-F167-F168-F169-F170-F171-F172-F173-F174-F175-F176-F177-F178-F179-F180-F181-F182-F183-F184-F185-F186-F187-F188-F189-F190-F191-F192-F193-F194-F195-F196-F197-F198-F199-F200-F201-F202-F203-F204-F205-F206-F207-F208-F209-F210-F211-F212-F213-F214-F215-F216-F217-F218-F219-F220-F221-F222-F223-F224-F225-F226-F227-F228-F229-F230-F231-F232-F233-F234-F235-F236-F237-F238-F239-F240-F241-F242-F243-F244-F245-F246-F247-F248-F249-F250-F251-F252-F253-F254-F255-F256-F257-F258-F259-F260-F261-F262-F263-F264-F265-F266-F267-F268-F269-F270-F271-F272-F273-F274-F275-F276-F277-F278-F279-F280-F281-F282-F283-F284-F285-F286-F287-F288-F289-F290-F291-F292-F293-F294-F295-F296-F297-F298-F299-F300-F301-F302-F303-F304-F305-F306-F307-F308-F309-F310-F311-F312-F313-F314-F315-F316-F317-F318-F319-F320-F321-F322-F323-F324-F325-F326-F327-F328-F329-F330-F331-F332-F333-F334-F335-F336-F337-F338-F339-F340-F341-F342-F343-F344-F345-F346-F347-F348-F349-F350-F351-F352-F353-F354-F355-F356-F357-F358-F359-F360-F361-F362-F363-F364-F365-F366-F367-F368-F369-F370-F371-F372-F373-F374-F375-F376-F377-F378-F379-F380-F381-F382-F383-F384-F385-F386-F387-F388-F389-F390-F391-F392-F393-F394-F395-F396-F397-F398-F399-F400-F401-F402-F403-F404-F405-F406-F407-F408-F409-F410-F411-F412-F413-F414-F415-F416-F417-F418-F419-F420-F421-F422-F423-F424-F425-F426-F427-F428-F429-F430-F431-F432-F433-F434-F435-F436-F437-F438-F439-F440-F441-F442-F443-F444-F445-F446-F447-F448-F449-F450-F451-F452-F453-F454-F455-F456-F457-F458-F459-F460-F461-F462-F463-F464-F465-F466-F467-F468-F469-F470-F471-F472-F473-F474-F475-F476-F477-F478-F479-F480-F481-F482-F483-F484-F485-F486-F487-F488-F489-F490-F491-F492-F493-F494-F495-F496-F499-E500511-E507512

## Summary

Number of input bits: 512  
Number of free input bits: 13  
Number of output bits: 160

Number of direct occurrences: 52907  
Number of assignments: 32085  
Number of operations: 11399245
(xor: 11370676,
and: 14899,
or: 13670)

Total complexity: 5.044783465920839 × 10^302

Least occurring input variable: iv_502 (3905)  
Most occurring input variable: iv_507 (4353)

Most co-occurring input variables: iv_497-iv_501 (2018)  
Least co-occurring input variables: iv_498-iv_502 (1775)

Potentially most occurring input variable: iv_500/iv_507 (4608)  
Potentially least occurring input variable: iv_502/iv_505 (4173)

Least output occurring input variable: iv_508 (70)  
Most output occurring input variable: iv_497 (93)

Most output co-occurring input variables: iv_497-iv_502 (52)  
Least output co-occurring input variables: iv_502-iv_508 (30)

Potentially most output occurring input variable: iv_500/iv_502 (94)  
Potentially least output occurring input variable: iv_498/iv_507 (68)

Least complex input bit: iv_497 (3.5651230251429993 × 10^299)  
Most complex input bit: iv_510 (1.2410592018681543 × 10^302)

Least complex output bit: aaa_76_29 (7.102377417389788 × 10^277)  
Most complex output bit: ov_001 (7.84929438729975 × 10^301)

Least complex input/output complexity: iv_497/aaa_76_29 (5.019214290373923 × 10^274)  
Most complex input/output complexity: iv_510/ov_001 (1.9309924981591383 × 10^301)

## Input Bits

### Input Bits in Regular Order

| Input Bit | Complexity | Occurrences | Output Occurrences |
|:---------:|:----------:|:-----------:|:------------------:|
| iv_497 | 3.5651230251429993 × 10^299 | 4177 | 93 |
| iv_498 | 7.191103389633999 × 10^299 | 3971 | 88 |
| iv_500 | 3.892586325475018 × 10^301 | 4209 | 80 |
| iv_501 | 3.6974775096107054 × 10^300 | 4136 | 83 |
| iv_502 | 6.009956304576061 × 10^300 | 3905 | 82 |
| iv_503 | 9.482789970528984 × 10^300 | 4060 | 74 |
| iv_504 | 1.4609305253179832 × 10^301 | 3960 | 78 |
| iv_505 | 2.2078062736685852 × 10^301 | 3946 | 79 |
| iv_506 | 3.28027701981595 × 10^301 | 3985 | 82 |
| iv_507 | 9.03966464302933 × 10^301 | 4353 | 72 |
| iv_508 | 6.802224393104647 × 10^301 | 4024 | 70 |
| iv_509 | 9.327168817496074 × 10^301 | 4029 | 78 |
| iv_510 | 1.2410592018681543 × 10^302 | 4152 | 79 |

### Input Bits Sorted by Complexity

| Input Bit | Complexity | Occurrences | Output Occurrences |
|:---------:|:----------:|:-----------:|:------------------:|
| iv_497 | 3.5651230251429993 × 10^299 | 4177 | 93 |
| iv_498 | 7.191103389633999 × 10^299 | 3971 | 88 |
| iv_501 | 3.6974775096107054 × 10^300 | 4136 | 83 |
| iv_502 | 6.009956304576061 × 10^300 | 3905 | 82 |
| iv_503 | 9.482789970528984 × 10^300 | 4060 | 74 |
| iv_504 | 1.4609305253179832 × 10^301 | 3960 | 78 |
| iv_505 | 2.2078062736685852 × 10^301 | 3946 | 79 |
| iv_506 | 3.28027701981595 × 10^301 | 3985 | 82 |
| iv_500 | 3.892586325475018 × 10^301 | 4209 | 80 |
| iv_508 | 6.802224393104647 × 10^301 | 4024 | 70 |
| iv_507 | 9.03966464302933 × 10^301 | 4353 | 72 |
| iv_509 | 9.327168817496074 × 10^301 | 4029 | 78 |
| iv_510 | 1.2410592018681543 × 10^302 | 4152 | 79 |

### Input Bits Sorted by Occurrences

| Input Bit | Complexity | Occurrences | Output Occurrences |
|:---------:|:----------:|:-----------:|:------------------:|
| iv_502 | 6.009956304576061 × 10^300 | 3905 | 82 |
| iv_505 | 2.2078062736685852 × 10^301 | 3946 | 79 |
| iv_504 | 1.4609305253179832 × 10^301 | 3960 | 78 |
| iv_498 | 7.191103389633999 × 10^299 | 3971 | 88 |
| iv_506 | 3.28027701981595 × 10^301 | 3985 | 82 |
| iv_508 | 6.802224393104647 × 10^301 | 4024 | 70 |
| iv_509 | 9.327168817496074 × 10^301 | 4029 | 78 |
| iv_503 | 9.482789970528984 × 10^300 | 4060 | 74 |
| iv_501 | 3.6974775096107054 × 10^300 | 4136 | 83 |
| iv_510 | 1.2410592018681543 × 10^302 | 4152 | 79 |
| iv_497 | 3.5651230251429993 × 10^299 | 4177 | 93 |
| iv_500 | 3.892586325475018 × 10^301 | 4209 | 80 |
| iv_507 | 9.03966464302933 × 10^301 | 4353 | 72 |

### Input Bits Sorted by Output Occurrences

| Input Bit | Complexity | Occurrences | Output Occurrences |
|:---------:|:----------:|:-----------:|:------------------:|
| iv_508 | 6.802224393104647 × 10^301 | 4024 | 70 |
| iv_507 | 9.03966464302933 × 10^301 | 4353 | 72 |
| iv_503 | 9.482789970528984 × 10^300 | 4060 | 74 |
| iv_504 | 1.4609305253179832 × 10^301 | 3960 | 78 |
| iv_509 | 9.327168817496074 × 10^301 | 4029 | 78 |
| iv_505 | 2.2078062736685852 × 10^301 | 3946 | 79 |
| iv_510 | 1.2410592018681543 × 10^302 | 4152 | 79 |
| iv_500 | 3.892586325475018 × 10^301 | 4209 | 80 |
| iv_502 | 6.009956304576061 × 10^300 | 3905 | 82 |
| iv_506 | 3.28027701981595 × 10^301 | 3985 | 82 |
| iv_501 | 3.6974775096107054 × 10^300 | 4136 | 83 |
| iv_498 | 7.191103389633999 × 10^299 | 3971 | 88 |
| iv_497 | 3.5651230251429993 × 10^299 | 4177 | 93 |

## Input Bit Co-occurrences

### Input Bit Co-occurrences Sorted by Co-occurrences

| Input Bits | Co-occurrences | Potential Occurrences | Output Co-occurrences | Potential Output Occurrences |
|:----------:|:--------------:|:---------------------:|:---------------------:|:----------------------------:|
| iv_497-iv_501 | 2018 | 4277 | 48 | 80 |
| iv_501-iv_507 | 2016 | 4457 | 36 | 83 |
| iv_497-iv_503 | 2005 | 4227 | 38 | 91 |
| iv_507-iv_510 | 1997 | 4511 | 33 | 85 |
| iv_497-iv_507 | 1996 | 4538 | 44 | 77 |
| iv_500-iv_510 | 1985 | 4391 | 43 | 73 |
| iv_500-iv_507 | 1977 | 4608 | 36 | 80 |
| iv_501-iv_510 | 1977 | 4334 | 40 | 82 |
| iv_501-iv_503 | 1963 | 4270 | 42 | 73 |
| iv_497-iv_506 | 1960 | 4242 | 51 | 73 |
| iv_506-iv_510 | 1956 | 4225 | 44 | 73 |
| iv_497-iv_500 | 1952 | 4482 | 48 | 77 |
| iv_498-iv_510 | 1952 | 4219 | 48 | 71 |

### Input Bit Co-occurrences Sorted by Potential Occurrences

| Input Bits | Co-occurrences | Potential Occurrences | Output Co-occurrences | Potential Output Occurrences |
|:----------:|:--------------:|:---------------------:|:---------------------:|:----------------------------:|
| iv_502-iv_505 | 1839 | 4173 | 36 | 89 |
| iv_506-iv_509 | 1920 | 4174 | 43 | 74 |
| iv_504-iv_506 | 1885 | 4175 | 42 | 76 |
| iv_506-iv_508 | 1913 | 4183 | 37 | 78 |
| iv_504-iv_505 | 1861 | 4184 | 41 | 75 |
| iv_508-iv_509 | 1934 | 4185 | 35 | 78 |
| iv_501-iv_505 | 1945 | 4192 | 45 | 72 |
| iv_503-iv_506 | 1923 | 4199 | 38 | 80 |
| iv_498-iv_508 | 1896 | 4203 | 37 | 84 |
| iv_498-iv_510 | 1952 | 4219 | 48 | 71 |
| iv_506-iv_510 | 1956 | 4225 | 44 | 73 |
| iv_498-iv_504 | 1853 | 4225 | 46 | 74 |
| iv_504-iv_508 | 1879 | 4226 | 37 | 74 |

### Input Bit Output Co-occurrences Sorted by Output Co-occurrences

| Input Bits | Co-occurrences | Potential Occurrences | Output Co-occurrences | Potential Output Occurrences |
|:----------:|:--------------:|:---------------------:|:---------------------:|:----------------------------:|
| iv_497-iv_502 | 1909 | 4264 | 52 | 71 |
| iv_497-iv_506 | 1960 | 4242 | 51 | 73 |
| iv_497-iv_504 | 1934 | 4269 | 50 | 71 |
| iv_497-iv_498 | 1901 | 4346 | 50 | 81 |
| iv_498-iv_501 | 1887 | 4333 | 48 | 75 |
| iv_498-iv_510 | 1952 | 4219 | 48 | 71 |
| iv_497-iv_501 | 2018 | 4277 | 48 | 80 |
| iv_497-iv_500 | 1952 | 4482 | 48 | 77 |
| iv_497-iv_510 | 1948 | 4433 | 48 | 76 |
| iv_497-iv_509 | 1941 | 4324 | 48 | 75 |
| iv_497-iv_505 | 1916 | 4291 | 47 | 78 |
| iv_498-iv_502 | 1775 | 4326 | 46 | 78 |
| iv_498-iv_504 | 1853 | 4225 | 46 | 74 |

### Input Bit Output Co-occurrences Sorted by Potential Output Occurrences

| Input Bits | Co-occurrences | Potential Occurrences | Output Co-occurrences | Potential Output Occurrences |
|:----------:|:--------------:|:---------------------:|:---------------------:|:----------------------------:|
| iv_498-iv_507 | 1925 | 4474 | 46 | 68 |
| iv_503-iv_504 | 1870 | 4280 | 41 | 70 |
| iv_500-iv_508 | 1930 | 4373 | 40 | 70 |
| iv_498-iv_510 | 1952 | 4219 | 48 | 71 |
| iv_497-iv_504 | 1934 | 4269 | 50 | 71 |
| iv_497-iv_502 | 1909 | 4264 | 52 | 71 |
| iv_501-iv_505 | 1945 | 4192 | 45 | 72 |
| iv_501-iv_503 | 1963 | 4270 | 42 | 73 |
| iv_503-iv_505 | 1890 | 4226 | 40 | 73 |
| iv_506-iv_510 | 1956 | 4225 | 44 | 73 |
| iv_497-iv_506 | 1960 | 4242 | 51 | 73 |
| iv_500-iv_510 | 1985 | 4391 | 43 | 73 |
| iv_504-iv_508 | 1879 | 4226 | 37 | 74 |

## Output Bits

### Output Bits in Regular Order

| Rank | Output Bit | Complexity |
|:----:|:----------:|:----------:|
| 1 | ov_001 | 7.84929438729975 × 10^301 |
| 2 | ov_002 | 6.834187164750894 × 10^301 |
| 3 | ov_003 | 5.922611931538355 × 10^301 |
| 4 | ov_004 | 5.106795723529603 × 10^301 |
| 5 | ov_005 | 4.37939422827185 × 10^301 |
| 6 | ov_006 | 3.733461684423614 × 10^301 |
| 7 | ov_007 | 3.1624246034871246 × 10^301 |
| 8 | ov_008 | 2.66005895129646 × 10^301 |
| 9 | ov_009 | 2.220470446178085 × 10^301 |
| 10 | ov_010 | 1.8380776674687552 × 10^301 |
| 11 | ov_011 | 1.5075977222757615 × 10^301 |
| 12 | ov_012 | 1.2240342360508764 × 10^301 |
| 13 | ov_013 | 9.826674138169758 × 10^300 |
| 14 | ov_014 | 7.790459178707119 × 10^300 |
| 15 | ov_015 | 6.089803245544692 × 10^300 |
| 16 | ov_016 | 4.6853793928500293 × 10^300 |
| 17 | ov_017 | 3.540387654913553 × 10^300 |
| 18 | ov_018 | 2.6205243948823077 × 10^300 |
| 19 | ov_019 | 1.8939595962198343 × 10^300 |
| 20 | ov_020 | 1.3313205429645652 × 10^300 |
| 21 | ov_021 | 9.056804973057181 × 10^299 |
| 22 | ov_022 | 5.925511452914094 × 10^299 |
| 23 | ov_023 | 3.698777436937339 × 10^299 |
| 24 | ov_024 | 2.1803609950232092 × 10^299 |
| 25 | ov_025 | 1.19830774374769 × 10^299 |
| 26 | ov_026 | 6.049412012180914 × 10^298 |
| 27 | ov_027 | 2.7685835484439327 × 10^298 |
| 28 | ov_028 | 1.1492792381197892 × 10^298 |
| 29 | ov_029 | 4.428977387098635 × 10^297 |
| 30 | ov_030 | 1.354111077212409 × 10^297 |
| 31 | ov_031 | 2.6414533335362956 × 10^296 |
| 32 | lv_80_m31 | 5.151681690361965 × 10^295 |
| 33 | ov_033 | 6.2576315850659786 × 10^296 |
| 34 | ov_034 | 5.443981630068995 × 10^296 |
| 35 | ov_035 | 4.714301754697714 × 10^296 |
| 36 | ov_036 | 4.062126946829591 × 10^296 |
| 37 | ov_037 | 3.4813462895824857 × 10^296 |
| 38 | ov_038 | 2.96617812050949 × 10^296 |
| 39 | ov_039 | 2.5111484189707153 × 10^296 |
| 40 | ov_040 | 2.1110721176119747 × 10^296 |
| 41 | ov_041 | 1.7610370524190817 × 10^296 |
| 42 | ov_042 | 1.4563902833941852 × 10^296 |
| 43 | ov_043 | 1.192726534632 × 10^296 |
| 44 | ov_044 | 9.658785185661692 × 10^295 |
| 45 | ov_045 | 7.719089245090873 × 10^295 |
| 46 | ov_046 | 6.089056872865851 × 10^295 |
| 47 | ov_047 | 4.733730617528106 × 10^295 |
| 48 | ov_048 | 3.6202925165001475 × 10^295 |
| 49 | ov_049 | 2.7180314620285025 × 10^295 |
| 50 | ov_050 | 1.9983183559016304 × 10^295 |
| 51 | ov_051 | 1.4345876876252916 × 10^295 |
| 52 | ov_052 | 1.0023243012321552 × 10^295 |
| 53 | ov_053 | 6.790542453266165 × 10^294 |
| 54 | ov_054 | 4.4433872965570394 × 10^294 |
| 55 | ov_055 | 2.7977033971575732 × 10^294 |
| 56 | ov_056 | 1.6897078884578293 × 10^294 |
| 57 | ov_057 | 9.758963613501914 × 10^293 |
| 58 | ov_058 | 5.3303581464924565 × 10^293 |
| 59 | ov_059 | 2.5816107523007203 × 10^293 |
| 60 | ov_060 | 1.0485622989420054 × 10^293 |
| 61 | ov_061 | 3.6838293885371554 × 10^292 |
| 62 | ov_062 | 1.1258037201540395 × 10^292 |
| 63 | ov_063 | 2.1950262013818283 × 10^291 |
| 64 | lv_79_m31 | 4.278900964394669 × 10^290 |
| 65 | ov_065 | 5.171278703832049 × 10^291 |
| 66 | ov_066 | 5.17126364411551 × 10^291 |
| 67 | ov_067 | 5.171259958668661 × 10^291 |
| 68 | ov_068 | 4.48956933462488 × 10^291 |
| 69 | ov_069 | 3.879542212107805 × 10^291 |
| 70 | ov_070 | 3.335473082905594 × 10^291 |
| 71 | ov_071 | 2.852007268678122 × 10^291 |
| 72 | ov_072 | 2.424117171752744 × 10^291 |
| 73 | ov_073 | 2.0470806306390253 × 10^291 |
| 74 | ov_074 | 1.7164612676690868 × 10^291 |
| 75 | ov_075 | 1.428090720663286 × 10^291 |
| 76 | ov_076 | 1.1780526542491776 × 10^291 |
| 77 | ov_077 | 9.626684495179132 × 10^290 |
| 78 | ov_078 | 7.784844731731543 × 10^290 |
| 79 | ov_079 | 6.2226082929378094 × 10^290 |
| 80 | ov_080 | 4.909614983679247 × 10^290 |
| 81 | ov_081 | 3.817457694307466 × 10^290 |
| 82 | ov_082 | 2.919608720146986 × 10^290 |
| 83 | ov_083 | 2.1913571525554214 × 10^290 |
| 84 | ov_084 | 1.6097564194101381 × 10^290 |
| 85 | ov_085 | 1.1535810558667728 × 10^290 |
| 86 | ov_086 | 8.032917881419966 × 10^289 |
| 87 | ov_087 | 5.410080142390043 × 10^289 |
| 88 | ov_088 | 3.504867662176931 × 10^289 |
| 89 | ov_089 | 2.1710723899402276 × 10^289 |
| 90 | ov_090 | 1.2785997085210068 × 10^289 |
| 91 | ov_091 | 7.133976094669241 × 10^288 |
| 92 | ov_092 | 3.7741416772080034 × 10^288 |
| 93 | ov_093 | 1.8857469744296764 × 10^288 |
| 94 | ov_094 | 8.077114117174936 × 10^287 |
| 95 | aaa_78_28 | 2.4940357621993978 × 10^287 |
| 96 | aaa_78_29 | 7.658836228648525 × 10^286 |
| 97 | ov_097 | 5.0550102191323 × 10^286 |
| 98 | ov_098 | 5.054858257378644 × 10^286 |
| 99 | ov_099 | 5.05480965975567 × 10^286 |
| 100 | ov_100 | 4.547707144760186 × 10^286 |
| 101 | ov_101 | 4.0782324834491303 × 10^286 |
| 102 | ov_102 | 3.6442956729101674 × 10^286 |
| 103 | ov_103 | 3.2439580752206135 × 10^286 |
| 104 | ov_104 | 2.8754133899202773 × 10^286 |
| 105 | ov_105 | 2.536970322894495 × 10^286 |
| 106 | ov_106 | 2.227036861595526 × 10^286 |
| 107 | ov_107 | 1.9441060700771658 × 10^286 |
| 108 | ov_108 | 1.6867433202421075 × 10^286 |
| 109 | ov_109 | 1.453574878083101 × 10^286 |
| 110 | ov_110 | 1.2432777656068265 × 10^286 |
| 111 | ov_111 | 1.054570820630412 × 10^286 |
| 112 | ov_112 | 8.862068777964474 × 10^285 |
| 113 | ov_113 | 7.36965995020135 × 10^285 |
| 114 | ov_114 | 6.056496502137509 × 10^285 |
| 115 | ov_115 | 4.910758335759945 × 10^285 |
| 116 | ov_116 | 3.9207496102914036 × 10^285 |
| 117 | ov_117 | 3.074865345724493 × 10^285 |
| 118 | ov_118 | 2.3615647542832664 × 10^285 |
| 119 | ov_119 | 1.7693505591545015 × 10^285 |
| 120 | ov_120 | 1.2867535601178154 × 10^285 |
| 121 | ov_121 | 9.023217058428044 × 10^284 |
| 122 | ov_122 | 6.04612932689533 × 10^284 |
| 123 | ov_123 | 3.821907903621888 × 10^284 |
| 124 | ov_124 | 2.2362172777364453 × 10^284 |
| 125 | ov_125 | 1.174734278888602 × 10^284 |
| 126 | ov_126 | 5.231398106900624 × 10^283 |
| 127 | aaa_77_28 | 1.6711585189405927 × 10^283 |
| 128 | aaa_77_29 | 6.268800723842948 × 10^282 |
| 129 | ov_129 | 5.881924917788374 × 10^282 |
| 130 | ov_130 | 5.881908662607651 × 10^282 |
| 131 | ov_131 | 5.881904725220558 × 10^282 |
| 132 | ov_132 | 5.1163670008635626 × 10^282 |
| 133 | ov_133 | 4.4292323720062804 × 10^282 |
| 134 | ov_134 | 3.8146144123631593 × 10^282 |
| 135 | ov_135 | 3.2669493353525335 × 10^282 |
| 136 | ov_136 | 2.780973105587894 × 10^282 |
| 137 | ov_137 | 2.3517015282105352 × 10^282 |
| 138 | ov_138 | 1.9744130441498417 × 10^282 |
| 139 | ov_139 | 1.6446339736816066 × 10^282 |
| 140 | ov_140 | 1.358125964447392 × 10^282 |
| 141 | ov_141 | 1.1108754134953328 × 10^282 |
| 142 | ov_142 | 8.99084645987502 × 10^281 |
| 143 | ov_143 | 7.191646460614393 × 10^281 |
| 144 | ov_144 | 5.677291479929767 × 10^281 |
| 145 | ov_145 | 4.4158990833311224 × 10^281 |
| 146 | ov_146 | 3.3775299212282054 × 10^281 |
| 147 | ov_147 | 2.5341591865728646 × 10^281 |
| 148 | ov_148 | 1.8596552459816397 × 10^281 |
| 149 | ov_149 | 1.3297641453535989 × 10^281 |
| 150 | ov_150 | 9.220988138894604 × 10^280 |
| 151 | ov_151 | 6.16131913231104 × 10^280 |
| 152 | ov_152 | 3.9319140120810815 × 10^280 |
| 153 | ov_153 | 2.3645800241804793 × 10^280 |
| 154 | ov_154 | 1.3096390059145973 × 10^280 |
| 155 | ov_155 | 6.359210818572186 × 10^279 |
| 156 | aaa_76_25 | 2.3076171996812673 × 10^279 |
| 157 | aaa_76_26 | 1.3202189319978452 × 10^279 |
| 158 | aaa_76_27 | 6.648527960583173 × 10^278 |
| 159 | aaa_76_28 | 2.4900535539759416 × 10^278 |
| 160 | aaa_76_29 | 7.102377417389788 × 10^277 |

### Output Bits Sorted by Complexity

| Rank | Output Bit | Complexity |
|:----:|:----------:|:----------:|
| 160 | aaa_76_29 | 7.102377417389788 × 10^277 |
| 159 | aaa_76_28 | 2.4900535539759416 × 10^278 |
| 158 | aaa_76_27 | 6.648527960583173 × 10^278 |
| 157 | aaa_76_26 | 1.3202189319978452 × 10^279 |
| 156 | aaa_76_25 | 2.3076171996812673 × 10^279 |
| 155 | ov_155 | 6.359210818572186 × 10^279 |
| 154 | ov_154 | 1.3096390059145973 × 10^280 |
| 153 | ov_153 | 2.3645800241804793 × 10^280 |
| 152 | ov_152 | 3.9319140120810815 × 10^280 |
| 151 | ov_151 | 6.16131913231104 × 10^280 |
| 150 | ov_150 | 9.220988138894604 × 10^280 |
| 149 | ov_149 | 1.3297641453535989 × 10^281 |
| 148 | ov_148 | 1.8596552459816397 × 10^281 |
| 147 | ov_147 | 2.5341591865728646 × 10^281 |
| 146 | ov_146 | 3.3775299212282054 × 10^281 |
| 145 | ov_145 | 4.4158990833311224 × 10^281 |
| 144 | ov_144 | 5.677291479929767 × 10^281 |
| 143 | ov_143 | 7.191646460614393 × 10^281 |
| 142 | ov_142 | 8.99084645987502 × 10^281 |
| 141 | ov_141 | 1.1108754134953328 × 10^282 |
| 140 | ov_140 | 1.358125964447392 × 10^282 |
| 139 | ov_139 | 1.6446339736816066 × 10^282 |
| 138 | ov_138 | 1.9744130441498417 × 10^282 |
| 137 | ov_137 | 2.3517015282105352 × 10^282 |
| 136 | ov_136 | 2.780973105587894 × 10^282 |
| 135 | ov_135 | 3.2669493353525335 × 10^282 |
| 134 | ov_134 | 3.8146144123631593 × 10^282 |
| 133 | ov_133 | 4.4292323720062804 × 10^282 |
| 132 | ov_132 | 5.1163670008635626 × 10^282 |
| 131 | ov_131 | 5.881904725220558 × 10^282 |
| 130 | ov_130 | 5.881908662607651 × 10^282 |
| 129 | ov_129 | 5.881924917788374 × 10^282 |
| 128 | aaa_77_29 | 6.268800723842948 × 10^282 |
| 127 | aaa_77_28 | 1.6711585189405927 × 10^283 |
| 126 | ov_126 | 5.231398106900624 × 10^283 |
| 125 | ov_125 | 1.174734278888602 × 10^284 |
| 124 | ov_124 | 2.2362172777364453 × 10^284 |
| 123 | ov_123 | 3.821907903621888 × 10^284 |
| 122 | ov_122 | 6.04612932689533 × 10^284 |
| 121 | ov_121 | 9.023217058428044 × 10^284 |
| 120 | ov_120 | 1.2867535601178154 × 10^285 |
| 119 | ov_119 | 1.7693505591545015 × 10^285 |
| 118 | ov_118 | 2.3615647542832664 × 10^285 |
| 117 | ov_117 | 3.074865345724493 × 10^285 |
| 116 | ov_116 | 3.9207496102914036 × 10^285 |
| 115 | ov_115 | 4.910758335759945 × 10^285 |
| 114 | ov_114 | 6.056496502137509 × 10^285 |
| 113 | ov_113 | 7.36965995020135 × 10^285 |
| 112 | ov_112 | 8.862068777964474 × 10^285 |
| 111 | ov_111 | 1.054570820630412 × 10^286 |
| 110 | ov_110 | 1.2432777656068265 × 10^286 |
| 109 | ov_109 | 1.453574878083101 × 10^286 |
| 108 | ov_108 | 1.6867433202421075 × 10^286 |
| 107 | ov_107 | 1.9441060700771658 × 10^286 |
| 106 | ov_106 | 2.227036861595526 × 10^286 |
| 105 | ov_105 | 2.536970322894495 × 10^286 |
| 104 | ov_104 | 2.8754133899202773 × 10^286 |
| 103 | ov_103 | 3.2439580752206135 × 10^286 |
| 102 | ov_102 | 3.6442956729101674 × 10^286 |
| 101 | ov_101 | 4.0782324834491303 × 10^286 |
| 100 | ov_100 | 4.547707144760186 × 10^286 |
| 99 | ov_099 | 5.05480965975567 × 10^286 |
| 98 | ov_098 | 5.054858257378644 × 10^286 |
| 97 | ov_097 | 5.0550102191323 × 10^286 |
| 96 | aaa_78_29 | 7.658836228648525 × 10^286 |
| 95 | aaa_78_28 | 2.4940357621993978 × 10^287 |
| 94 | ov_094 | 8.077114117174936 × 10^287 |
| 93 | ov_093 | 1.8857469744296764 × 10^288 |
| 92 | ov_092 | 3.7741416772080034 × 10^288 |
| 91 | ov_091 | 7.133976094669241 × 10^288 |
| 90 | ov_090 | 1.2785997085210068 × 10^289 |
| 89 | ov_089 | 2.1710723899402276 × 10^289 |
| 88 | ov_088 | 3.504867662176931 × 10^289 |
| 87 | ov_087 | 5.410080142390043 × 10^289 |
| 86 | ov_086 | 8.032917881419966 × 10^289 |
| 85 | ov_085 | 1.1535810558667728 × 10^290 |
| 84 | ov_084 | 1.6097564194101381 × 10^290 |
| 83 | ov_083 | 2.1913571525554214 × 10^290 |
| 82 | ov_082 | 2.919608720146986 × 10^290 |
| 81 | ov_081 | 3.817457694307466 × 10^290 |
| 64 | lv_79_m31 | 4.278900964394669 × 10^290 |
| 80 | ov_080 | 4.909614983679247 × 10^290 |
| 79 | ov_079 | 6.2226082929378094 × 10^290 |
| 78 | ov_078 | 7.784844731731543 × 10^290 |
| 77 | ov_077 | 9.626684495179132 × 10^290 |
| 76 | ov_076 | 1.1780526542491776 × 10^291 |
| 75 | ov_075 | 1.428090720663286 × 10^291 |
| 74 | ov_074 | 1.7164612676690868 × 10^291 |
| 73 | ov_073 | 2.0470806306390253 × 10^291 |
| 63 | ov_063 | 2.1950262013818283 × 10^291 |
| 72 | ov_072 | 2.424117171752744 × 10^291 |
| 71 | ov_071 | 2.852007268678122 × 10^291 |
| 70 | ov_070 | 3.335473082905594 × 10^291 |
| 69 | ov_069 | 3.879542212107805 × 10^291 |
| 68 | ov_068 | 4.48956933462488 × 10^291 |
| 67 | ov_067 | 5.171259958668661 × 10^291 |
| 66 | ov_066 | 5.17126364411551 × 10^291 |
| 65 | ov_065 | 5.171278703832049 × 10^291 |
| 62 | ov_062 | 1.1258037201540395 × 10^292 |
| 61 | ov_061 | 3.6838293885371554 × 10^292 |
| 60 | ov_060 | 1.0485622989420054 × 10^293 |
| 59 | ov_059 | 2.5816107523007203 × 10^293 |
| 58 | ov_058 | 5.3303581464924565 × 10^293 |
| 57 | ov_057 | 9.758963613501914 × 10^293 |
| 56 | ov_056 | 1.6897078884578293 × 10^294 |
| 55 | ov_055 | 2.7977033971575732 × 10^294 |
| 54 | ov_054 | 4.4433872965570394 × 10^294 |
| 53 | ov_053 | 6.790542453266165 × 10^294 |
| 52 | ov_052 | 1.0023243012321552 × 10^295 |
| 51 | ov_051 | 1.4345876876252916 × 10^295 |
| 50 | ov_050 | 1.9983183559016304 × 10^295 |
| 49 | ov_049 | 2.7180314620285025 × 10^295 |
| 48 | ov_048 | 3.6202925165001475 × 10^295 |
| 47 | ov_047 | 4.733730617528106 × 10^295 |
| 32 | lv_80_m31 | 5.151681690361965 × 10^295 |
| 46 | ov_046 | 6.089056872865851 × 10^295 |
| 45 | ov_045 | 7.719089245090873 × 10^295 |
| 44 | ov_044 | 9.658785185661692 × 10^295 |
| 43 | ov_043 | 1.192726534632 × 10^296 |
| 42 | ov_042 | 1.4563902833941852 × 10^296 |
| 41 | ov_041 | 1.7610370524190817 × 10^296 |
| 40 | ov_040 | 2.1110721176119747 × 10^296 |
| 39 | ov_039 | 2.5111484189707153 × 10^296 |
| 31 | ov_031 | 2.6414533335362956 × 10^296 |
| 38 | ov_038 | 2.96617812050949 × 10^296 |
| 37 | ov_037 | 3.4813462895824857 × 10^296 |
| 36 | ov_036 | 4.062126946829591 × 10^296 |
| 35 | ov_035 | 4.714301754697714 × 10^296 |
| 34 | ov_034 | 5.443981630068995 × 10^296 |
| 33 | ov_033 | 6.2576315850659786 × 10^296 |
| 30 | ov_030 | 1.354111077212409 × 10^297 |
| 29 | ov_029 | 4.428977387098635 × 10^297 |
| 28 | ov_028 | 1.1492792381197892 × 10^298 |
| 27 | ov_027 | 2.7685835484439327 × 10^298 |
| 26 | ov_026 | 6.049412012180914 × 10^298 |
| 25 | ov_025 | 1.19830774374769 × 10^299 |
| 24 | ov_024 | 2.1803609950232092 × 10^299 |
| 23 | ov_023 | 3.698777436937339 × 10^299 |
| 22 | ov_022 | 5.925511452914094 × 10^299 |
| 21 | ov_021 | 9.056804973057181 × 10^299 |
| 20 | ov_020 | 1.3313205429645652 × 10^300 |
| 19 | ov_019 | 1.8939595962198343 × 10^300 |
| 18 | ov_018 | 2.6205243948823077 × 10^300 |
| 17 | ov_017 | 3.540387654913553 × 10^300 |
| 16 | ov_016 | 4.6853793928500293 × 10^300 |
| 15 | ov_015 | 6.089803245544692 × 10^300 |
| 14 | ov_014 | 7.790459178707119 × 10^300 |
| 13 | ov_013 | 9.826674138169758 × 10^300 |
| 12 | ov_012 | 1.2240342360508764 × 10^301 |
| 11 | ov_011 | 1.5075977222757615 × 10^301 |
| 10 | ov_010 | 1.8380776674687552 × 10^301 |
| 9 | ov_009 | 2.220470446178085 × 10^301 |
| 8 | ov_008 | 2.66005895129646 × 10^301 |
| 7 | ov_007 | 3.1624246034871246 × 10^301 |
| 6 | ov_006 | 3.733461684423614 × 10^301 |
| 5 | ov_005 | 4.37939422827185 × 10^301 |
| 4 | ov_004 | 5.106795723529603 × 10^301 |
| 3 | ov_003 | 5.922611931538355 × 10^301 |
| 2 | ov_002 | 6.834187164750894 × 10^301 |
| 1 | ov_001 | 7.84929438729975 × 10^301 |

