# Results for F001-F002-F003-F004-F005-F006-F007-F008-F009-F010-F011-F012-F013-F014-F015-F016-F017-F018-F019-F020-F021-F022-F023-F024-F025-F026-F027-F028-F029-F030-F031-F032-F033-F034-F035-F036-F037-F038-F039-F040-F041-F042-F043-F044-F045-F046-F047-F048-F049-F050-F051-F052-F053-F054-F055-F056-F057-F058-F059-F060-F061-F062-F063-F064-F065-F066-F067-F068-F069-F070-F071-F072-F073-F074-F075-F076-F077-F078-F079-F080-F081-F082-F083-F084-F085-F086-F087-F088-F089-F090-F091-F092-F093-F094-F095-F096-F097-F098-F099-F100-F101-F102-F103-F104-F105-F106-F107-F108-F109-F110-F111-F112-F113-F114-F115-F116-F117-F118-F119-F120-F121-F122-F123-F124-F125-F126-F127-F128-F129-F130-F131-F132-F133-F134-F135-F136-F137-F138-F139-F140-F141-F142-F143-F144-F145-F146-F147-F148-F149-F150-F151-F152-F153-F154-F155-F156-F157-F158-F159-F160-F161-F162-F163-F164-F165-F166-F167-F168-F169-F170-F171-F172-F173-F174-F175-F176-F177-F178-F179-F180-F181-F182-F183-F184-F185-F186-F187-F188-F189-F190-F191-F192-F193-F194-F195-F196-F197-F198-F199-F200-F201-F202-F203-F204-F205-F206-F207-F208-F209-F210-F211-F212-F213-F214-F215-F216-F217-F218-F219-F220-F221-F222-F223-F224-F225-F226-F227-F228-F229-F230-F231-F232-F233-F234-F235-F236-F237-F238-F239-F240-F241-F242-F243-F244-F245-F246-F247-F248-F249-F250-F251-F252-F253-F254-F255-F256-F257-F258-F259-F260-F261-F262-F263-F264-F265-F266-F267-F268-F269-F270-F271-F272-F273-F274-F275-F276-F277-F278-F279-F280-F281-F282-F283-F284-F285-F286-F287-F288-F289-F290-F291-F292-F293-F294-F295-F296-F297-F298-F299-F300-F301-F302-F303-F304-F305-F306-F307-F308-F309-F310-F311-F312-F313-F314-F315-F316-F317-F318-F319-F320-F321-F322-F323-F324-F325-F326-F327-F328-F329-F330-F331-F332-F333-F334-F335-F336-F337-F338-F339-F340-F341-F342-F343-F344-F345-F346-F347-F348-F349-F350-F351-F352-F353-F354-F355-F356-F357-F358-F359-F360-F361-F362-F363-F364-F365-F366-F367-F368-F369-F370-F371-F372-F373-F374-F375-F376-F377-F378-F379-F380-F381-F382-F383-F384-F385-F386-F387-F388-F389-F390-F391-F392-F393-F394-F395-F396-F397-F398-F399-F400-F401-F402-F403-F404-F405-F406-F407-F408-F409-F410-F411-F412-F413-F414-F415-F416-F417-F418-F419-F420-F421-F422-F423-F424-F425-F426-F427-F428-F429-F430-F431-F432-F433-F434-F435-F436-F437-F438-F439-F440-F441-F442-F443-F444-F445-F446-F447-F448-F449-F450-F451-F452-F453-F454-F455-F456-F457-F458-F459-F460-F461-F462-F463-F464-F465-F466-F467-F468-F469-F470-F471-F472-F473-F474-F475-F476-F477-F478-F479-F480-F481-F482-F483-F484-F485-F486-F487-F488-F489-F490-F491-F492-F493-F494-F495-F496-F499-F510-F512

## Summary

Number of input bits: 512  
Number of free input bits: 13  
Number of output bits: 160

Number of direct occurrences: 53162  
Number of assignments: 31615  
Number of operations: 11175791
(xor: 11147490,
and: 14843,
or: 13458)

Total complexity: 3.483943169492169 × 10^300

Least occurring input variable: iv_502 (3892)  
Most occurring input variable: iv_511 (4267)

Most co-occurring input variables: iv_500-iv_511 (2081)  
Least co-occurring input variables: iv_498-iv_502 (1768)

Potentially most occurring input variable: iv_509/iv_511 (4532)  
Potentially least occurring input variable: iv_504/iv_505 (4021)

Least output occurring input variable: iv_503 (72)  
Most output occurring input variable: iv_497 (93)

Most output co-occurring input variables: iv_497-iv_502 (52)  
Least output co-occurring input variables: iv_505-iv_507 (31)

Potentially most output occurring input variable: iv_497/iv_500 (91)  
Potentially least output occurring input variable: iv_498/iv_505 (64)

Least complex input bit: iv_511 (4.303960073132136 × 10^296)  
Most complex input bit: iv_505 (5.9897050017103705 × 10^299)

Least complex output bit: aaa_76_29 (5.394677271982934 × 10^275)  
Most complex output bit: ov_001 (5.446918136426585 × 10^299)

Least complex input/output complexity: iv_511/aaa_76_29 (6.664424319364632 × 10^271)  
Most complex input/output complexity: iv_505/ov_001 (9.364513489012156 × 10^298)

## Input Bits

### Input Bits in Regular Order

| Input Bit | Complexity | Occurrences | Output Occurrences |
|:---------:|:----------:|:-----------:|:------------------:|
| iv_497 | 9.998796588928615 × 10^297 | 4164 | 93 |
| iv_498 | 1.9933314469879196 × 10^298 | 3951 | 88 |
| iv_500 | 5.904984703564529 × 10^298 | 4134 | 76 |
| iv_501 | 9.755436354107271 × 10^298 | 4111 | 83 |
| iv_502 | 1.5785294082448392 × 10^299 | 3892 | 82 |
| iv_503 | 2.509093236025353 × 10^299 | 4067 | 72 |
| iv_504 | 3.911486231414192 × 10^299 | 3943 | 78 |
| iv_505 | 5.9897050017103705 × 10^299 | 4090 | 72 |
| iv_506 | 3.027068855862383 × 10^299 | 3979 | 82 |
| iv_507 | 4.342673284633636 × 10^299 | 4184 | 76 |
| iv_508 | 5.76356433558691 × 10^299 | 4151 | 74 |
| iv_509 | 5.847644165015675 × 10^299 | 4229 | 87 |
| iv_511 | 4.303960073132136 × 10^296 | 4267 | 80 |

### Input Bits Sorted by Complexity

| Input Bit | Complexity | Occurrences | Output Occurrences |
|:---------:|:----------:|:-----------:|:------------------:|
| iv_511 | 4.303960073132136 × 10^296 | 4267 | 80 |
| iv_497 | 9.998796588928615 × 10^297 | 4164 | 93 |
| iv_498 | 1.9933314469879196 × 10^298 | 3951 | 88 |
| iv_500 | 5.904984703564529 × 10^298 | 4134 | 76 |
| iv_501 | 9.755436354107271 × 10^298 | 4111 | 83 |
| iv_502 | 1.5785294082448392 × 10^299 | 3892 | 82 |
| iv_503 | 2.509093236025353 × 10^299 | 4067 | 72 |
| iv_506 | 3.027068855862383 × 10^299 | 3979 | 82 |
| iv_504 | 3.911486231414192 × 10^299 | 3943 | 78 |
| iv_507 | 4.342673284633636 × 10^299 | 4184 | 76 |
| iv_508 | 5.76356433558691 × 10^299 | 4151 | 74 |
| iv_509 | 5.847644165015675 × 10^299 | 4229 | 87 |
| iv_505 | 5.9897050017103705 × 10^299 | 4090 | 72 |

### Input Bits Sorted by Occurrences

| Input Bit | Complexity | Occurrences | Output Occurrences |
|:---------:|:----------:|:-----------:|:------------------:|
| iv_502 | 1.5785294082448392 × 10^299 | 3892 | 82 |
| iv_504 | 3.911486231414192 × 10^299 | 3943 | 78 |
| iv_498 | 1.9933314469879196 × 10^298 | 3951 | 88 |
| iv_506 | 3.027068855862383 × 10^299 | 3979 | 82 |
| iv_503 | 2.509093236025353 × 10^299 | 4067 | 72 |
| iv_505 | 5.9897050017103705 × 10^299 | 4090 | 72 |
| iv_501 | 9.755436354107271 × 10^298 | 4111 | 83 |
| iv_500 | 5.904984703564529 × 10^298 | 4134 | 76 |
| iv_508 | 5.76356433558691 × 10^299 | 4151 | 74 |
| iv_497 | 9.998796588928615 × 10^297 | 4164 | 93 |
| iv_507 | 4.342673284633636 × 10^299 | 4184 | 76 |
| iv_509 | 5.847644165015675 × 10^299 | 4229 | 87 |
| iv_511 | 4.303960073132136 × 10^296 | 4267 | 80 |

### Input Bits Sorted by Output Occurrences

| Input Bit | Complexity | Occurrences | Output Occurrences |
|:---------:|:----------:|:-----------:|:------------------:|
| iv_503 | 2.509093236025353 × 10^299 | 4067 | 72 |
| iv_505 | 5.9897050017103705 × 10^299 | 4090 | 72 |
| iv_508 | 5.76356433558691 × 10^299 | 4151 | 74 |
| iv_500 | 5.904984703564529 × 10^298 | 4134 | 76 |
| iv_507 | 4.342673284633636 × 10^299 | 4184 | 76 |
| iv_504 | 3.911486231414192 × 10^299 | 3943 | 78 |
| iv_511 | 4.303960073132136 × 10^296 | 4267 | 80 |
| iv_502 | 1.5785294082448392 × 10^299 | 3892 | 82 |
| iv_506 | 3.027068855862383 × 10^299 | 3979 | 82 |
| iv_501 | 9.755436354107271 × 10^298 | 4111 | 83 |
| iv_509 | 5.847644165015675 × 10^299 | 4229 | 87 |
| iv_498 | 1.9933314469879196 × 10^298 | 3951 | 88 |
| iv_497 | 9.998796588928615 × 10^297 | 4164 | 93 |

## Input Bit Co-occurrences

### Input Bit Co-occurrences Sorted by Co-occurrences

| Input Bits | Co-occurrences | Potential Occurrences | Output Co-occurrences | Potential Output Occurrences |
|:----------:|:--------------:|:---------------------:|:---------------------:|:----------------------------:|
| iv_500-iv_511 | 2081 | 4239 | 38 | 80 |
| iv_508-iv_509 | 2077 | 4226 | 40 | 81 |
| iv_507-iv_509 | 2065 | 4283 | 44 | 75 |
| iv_497-iv_507 | 2049 | 4250 | 44 | 81 |
| iv_505-iv_507 | 2049 | 4176 | 31 | 86 |
| iv_501-iv_505 | 2038 | 4125 | 41 | 73 |
| iv_503-iv_511 | 2035 | 4264 | 35 | 82 |
| iv_501-iv_511 | 2034 | 4310 | 39 | 85 |
| iv_501-iv_509 | 2034 | 4272 | 49 | 72 |
| iv_497-iv_509 | 2020 | 4353 | 50 | 80 |
| iv_507-iv_511 | 2016 | 4419 | 39 | 78 |
| iv_497-iv_511 | 2010 | 4411 | 47 | 79 |
| iv_497-iv_501 | 2007 | 4261 | 48 | 80 |

### Input Bit Co-occurrences Sorted by Potential Occurrences

| Input Bits | Co-occurrences | Potential Occurrences | Output Co-occurrences | Potential Output Occurrences |
|:----------:|:--------------:|:---------------------:|:---------------------:|:----------------------------:|
| iv_504-iv_505 | 2006 | 4021 | 39 | 72 |
| iv_501-iv_505 | 2038 | 4125 | 41 | 73 |
| iv_502-iv_505 | 1924 | 4134 | 37 | 80 |
| iv_504-iv_506 | 1878 | 4166 | 42 | 76 |
| iv_506-iv_507 | 1996 | 4171 | 39 | 80 |
| iv_505-iv_507 | 2049 | 4176 | 31 | 86 |
| iv_500-iv_503 | 1999 | 4203 | 35 | 78 |
| iv_498-iv_504 | 1845 | 4204 | 46 | 74 |
| iv_503-iv_506 | 1913 | 4220 | 39 | 76 |
| iv_502-iv_504 | 1807 | 4221 | 42 | 76 |
| iv_508-iv_509 | 2077 | 4226 | 40 | 81 |
| iv_498-iv_506 | 1850 | 4230 | 41 | 88 |
| iv_502-iv_506 | 1820 | 4231 | 44 | 76 |

### Input Bit Output Co-occurrences Sorted by Output Co-occurrences

| Input Bits | Co-occurrences | Potential Occurrences | Output Co-occurrences | Potential Output Occurrences |
|:----------:|:--------------:|:---------------------:|:---------------------:|:----------------------------:|
| iv_498-iv_509 | 1881 | 4418 | 52 | 71 |
| iv_497-iv_502 | 1904 | 4248 | 52 | 71 |
| iv_497-iv_506 | 1955 | 4233 | 51 | 73 |
| iv_497-iv_504 | 1927 | 4253 | 50 | 71 |
| iv_497-iv_498 | 1891 | 4333 | 50 | 81 |
| iv_497-iv_509 | 2020 | 4353 | 50 | 80 |
| iv_501-iv_509 | 2034 | 4272 | 49 | 72 |
| iv_498-iv_501 | 1873 | 4316 | 48 | 75 |
| iv_498-iv_505 | 1900 | 4241 | 48 | 64 |
| iv_497-iv_501 | 2007 | 4261 | 48 | 80 |
| iv_498-iv_508 | 1878 | 4346 | 47 | 68 |
| iv_497-iv_511 | 2010 | 4411 | 47 | 79 |
| iv_502-iv_509 | 1874 | 4373 | 46 | 77 |

### Input Bit Output Co-occurrences Sorted by Potential Output Occurrences

| Input Bits | Co-occurrences | Potential Occurrences | Output Co-occurrences | Potential Output Occurrences |
|:----------:|:--------------:|:---------------------:|:---------------------:|:----------------------------:|
| iv_498-iv_505 | 1900 | 4241 | 48 | 64 |
| iv_505-iv_508 | 1987 | 4267 | 40 | 66 |
| iv_498-iv_508 | 1878 | 4346 | 47 | 68 |
| iv_501-iv_508 | 1941 | 4380 | 43 | 71 |
| iv_503-iv_509 | 1921 | 4454 | 44 | 71 |
| iv_497-iv_504 | 1927 | 4253 | 50 | 71 |
| iv_498-iv_509 | 1881 | 4418 | 52 | 71 |
| iv_497-iv_502 | 1904 | 4248 | 52 | 71 |
| iv_501-iv_509 | 2034 | 4272 | 49 | 72 |
| iv_504-iv_508 | 1916 | 4262 | 40 | 72 |
| iv_502-iv_511 | 1924 | 4311 | 45 | 72 |
| iv_504-iv_505 | 2006 | 4021 | 39 | 72 |
| iv_501-iv_505 | 2038 | 4125 | 41 | 73 |

## Output Bits

### Output Bits in Regular Order

| Rank | Output Bit | Complexity |
|:----:|:----------:|:----------:|
| 1 | ov_001 | 5.446918136426585 × 10^299 |
| 2 | ov_002 | 4.73964189599867 × 10^299 |
| 3 | ov_003 | 4.1046896907417 × 10^299 |
| 4 | ov_004 | 3.536632094682374 × 10^299 |
| 5 | ov_005 | 3.030338030456487 × 10^299 |
| 6 | ov_006 | 2.5809537155043064 × 10^299 |
| 7 | ov_007 | 2.183884266087044 × 10^299 |
| 8 | ov_008 | 1.8347777380096064 × 10^299 |
| 9 | ov_009 | 1.5295113973044705 × 10^299 |
| 10 | ov_010 | 1.2641800095847693 × 10^299 |
| 11 | ov_011 | 1.0350859610546318 × 10^299 |
| 12 | ov_012 | 8.387310372464275 × 10^298 |
| 13 | ov_013 | 6.718096716240371 × 10^298 |
| 14 | ov_014 | 5.312034754141025 × 10^298 |
| 15 | ov_015 | 4.139768724535283 × 10^298 |
| 16 | ov_016 | 3.173736751441945 × 10^298 |
| 17 | ov_017 | 2.3881444981859088 × 10^298 |
| 18 | ov_018 | 1.7589453196956913 × 10^298 |
| 19 | ov_019 | 1.2638256390404145 × 10^298 |
| 20 | ov_020 | 8.821943945917565 × 10^297 |
| 21 | ov_021 | 5.9517557430996147 × 10^297 |
| 22 | ov_022 | 3.856030731615998 × 10^297 |
| 23 | ov_023 | 2.3801726457193027 × 10^297 |
| 24 | ov_024 | 1.3866279405357001 × 10^297 |
| 25 | ov_025 | 7.548724730539036 × 10^296 |
| 26 | ov_026 | 3.8140434856865415 × 10^296 |
| 27 | ov_027 | 1.7974063401375962 × 10^296 |
| 28 | ov_028 | 8.041606980695468 × 10^295 |
| 29 | ov_029 | 3.098263608422637 × 10^295 |
| 30 | ov_030 | 9.470608695422204 × 10^294 |
| 31 | ov_031 | 1.8470274866987904 × 10^294 |
| 32 | lv_80_m31 | 3.6015790632265535 × 10^293 |
| 33 | ov_033 | 4.3580662342493145 × 10^294 |
| 34 | ov_034 | 3.786278135429789 × 10^294 |
| 35 | ov_035 | 3.274319127742428 × 10^294 |
| 36 | ov_036 | 2.817403825157513 × 10^294 |
| 37 | ov_037 | 2.411007963857896 × 10^294 |
| 38 | ov_038 | 2.0508500575075787 × 10^294 |
| 39 | ov_039 | 1.7328754610614053 × 10^294 |
| 40 | ov_040 | 1.4532426145929137 × 10^294 |
| 41 | ov_041 | 1.2083112525531415 × 10^294 |
| 42 | ov_042 | 9.946323770859271 × 10^293 |
| 43 | ov_043 | 8.105281570125325 × 10^293 |
| 44 | ov_044 | 6.52908174063248 × 10^293 |
| 45 | ov_045 | 5.188519535837763 × 10^293 |
| 46 | ov_046 | 4.069410887784489 × 10^293 |
| 47 | ov_047 | 3.1458170630179845 × 10^293 |
| 48 | ov_048 | 2.3933832926210577 × 10^293 |
| 49 | ov_049 | 1.7893155578264782 × 10^293 |
| 50 | ov_050 | 1.312363054176611 × 10^293 |
| 51 | ov_051 | 9.42805308204845 × 10^292 |
| 52 | ov_052 | 6.624430186780272 × 10^292 |
| 53 | ov_053 | 4.5459179169902435 × 10^292 |
| 54 | ov_054 | 3.0407803567615693 × 10^292 |
| 55 | ov_055 | 1.972363785196644 × 10^292 |
| 56 | ov_056 | 1.219080874115538 × 10^292 |
| 57 | ov_057 | 7.23903068373089 × 10^291 |
| 58 | ov_058 | 3.9535169182458954 × 10^291 |
| 59 | ov_059 | 1.9144986613282745 × 10^291 |
| 60 | ov_060 | 7.774477963635158 × 10^290 |
| 61 | ov_061 | 2.7307372949180133 × 10^290 |
| 62 | ov_062 | 8.343673390666356 × 10^289 |
| 63 | ov_063 | 1.626430593912957 × 10^289 |
| 64 | lv_79_m31 | 3.169764519541256 × 10^288 |
| 65 | ov_065 | 3.8152845659275875 × 10^289 |
| 66 | ov_066 | 3.8152732459897004 × 10^289 |
| 67 | ov_067 | 3.81527047566175 × 10^289 |
| 68 | ov_068 | 3.308426724378411 × 10^289 |
| 69 | ov_069 | 2.8552231216443764 × 10^289 |
| 70 | ov_070 | 2.451371254259012 × 10^289 |
| 71 | ov_071 | 2.0928464692110984 × 10^289 |
| 72 | ov_072 | 1.775870016892012 × 10^289 |
| 73 | ov_073 | 1.4968927752949931 × 10^289 |
| 74 | ov_074 | 1.252580470960042 × 10^289 |
| 75 | ov_075 | 1.0398003157491946 × 10^289 |
| 76 | ov_076 | 8.556089812870033 × 10^288 |
| 77 | ov_077 | 6.972418351466698 × 10^288 |
| 78 | ov_078 | 5.621033646696062 × 10^288 |
| 79 | ov_079 | 4.4775871573668475 × 10^288 |
| 80 | ov_080 | 3.5192627492005485 × 10^288 |
| 81 | ov_081 | 2.7247122428753783 × 10^288 |
| 82 | ov_082 | 2.07399998755125 × 10^288 |
| 83 | ov_083 | 1.5485557633032954 × 10^288 |
| 84 | ov_084 | 1.1311353189889065 × 10^288 |
| 85 | ov_085 | 8.057878541388003 × 10^287 |
| 86 | ov_086 | 5.578297547912969 × 10^287 |
| 87 | ov_087 | 3.7382389401883 × 10^287 |
| 88 | ov_088 | 2.4156380839830374 × 10^287 |
| 89 | ov_089 | 1.5006206196547889 × 10^287 |
| 90 | ov_090 | 8.954210934501543 × 10^286 |
| 91 | ov_091 | 5.143296981941998 × 10^286 |
| 92 | ov_092 | 2.836602989818887 × 10^286 |
| 93 | ov_093 | 1.417332596526204 × 10^286 |
| 94 | ov_094 | 6.070897136388444 × 10^285 |
| 95 | aaa_78_28 | 1.8745930098161768 × 10^285 |
| 96 | aaa_78_29 | 5.75676963421751 × 10^284 |
| 97 | ov_097 | 3.800426095653837 × 10^284 |
| 98 | ov_098 | 3.8003119248275034 × 10^284 |
| 99 | ov_099 | 3.800275423825822 × 10^284 |
| 100 | ov_100 | 3.419280012726548 × 10^284 |
| 101 | ov_101 | 3.0665095626503908 × 10^284 |
| 102 | ov_102 | 2.7404012972645044 × 10^284 |
| 103 | ov_103 | 2.4395058950028884 × 10^284 |
| 104 | ov_104 | 2.1624730995944883 × 10^284 |
| 105 | ov_105 | 1.9080386185442127 × 10^284 |
| 106 | ov_106 | 1.6750122420704631 × 10^284 |
| 107 | ov_107 | 1.4622671175594505 × 10^284 |
| 108 | ov_108 | 1.268730116680538 × 10^284 |
| 109 | ov_109 | 1.0933732339807451 × 10^284 |
| 110 | ov_110 | 9.35205957095445 × 10^283 |
| 111 | ov_111 | 7.932685497292188 × 10^283 |
| 112 | ov_112 | 6.666261893248974 × 10^283 |
| 113 | ov_113 | 5.543639018951001 × 10^283 |
| 114 | ov_114 | 4.555822368803873 × 10^283 |
| 115 | ov_115 | 3.693936251587661 × 10^283 |
| 116 | ov_116 | 2.9491936349619335 × 10^283 |
| 117 | ov_117 | 2.312871688261619 × 10^283 |
| 118 | ov_118 | 1.7762924580243365 × 10^283 |
| 119 | ov_119 | 1.3308081110009066 × 10^283 |
| 120 | ov_120 | 9.677901795737884 × 10^282 |
| 121 | ov_121 | 6.786222446050348 × 10^282 |
| 122 | ov_122 | 4.546952376485011 × 10^282 |
| 123 | ov_123 | 2.874043619574667 × 10^282 |
| 124 | ov_124 | 1.681470260888573 × 10^282 |
| 125 | ov_125 | 8.832157681451402 × 10^281 |
| 126 | ov_126 | 3.9326670447649135 × 10^281 |
| 127 | aaa_77_28 | 1.2561044935603676 × 10^281 |
| 128 | aaa_77_29 | 4.710852312380801 × 10^280 |
| 129 | ov_129 | 4.39993825847353 × 10^280 |
| 130 | ov_130 | 4.399925920485408 × 10^280 |
| 131 | ov_131 | 4.3999229344143365 × 10^280 |
| 132 | ov_132 | 3.8233794847637184 × 10^280 |
| 133 | ov_133 | 3.306157053253533 × 10^280 |
| 134 | ov_134 | 2.8438059905435523 × 10^280 |
| 135 | ov_135 | 2.4321177609049237 × 10^280 |
| 136 | ov_136 | 2.0671077440652138 × 10^280 |
| 137 | ov_137 | 1.7450003451214597 × 10^280 |
| 138 | ov_138 | 1.4622161976434897 × 10^280 |
| 139 | ov_139 | 1.2153612561980865 × 10^280 |
| 140 | ov_140 | 1.0012175852793733 × 10^280 |
| 141 | ov_141 | 8.167356621068409 × 10^279 |
| 142 | ov_142 | 6.590280210131242 × 10^279 |
| 143 | ov_143 | 5.253640772421428 × 10^279 |
| 144 | ov_144 | 4.131659779583088 × 10^279 |
| 145 | ov_145 | 3.200053381644026 × 10^279 |
| 146 | ov_146 | 2.4360072906653342 × 10^279 |
| 147 | ov_147 | 1.818157962293408 × 10^279 |
| 148 | ov_148 | 1.3265789464695446 × 10^279 |
| 149 | ov_149 | 9.427713762390836 × 10^278 |
| 150 | ov_150 | 6.496576612036508 × 10^278 |
| 151 | ov_151 | 4.315775497069044 × 10^278 |
| 152 | ov_152 | 2.74285821355075 × 10^278 |
| 153 | ov_153 | 1.6495099683413136 × 10^278 |
| 154 | ov_154 | 9.21546269859273 × 10^277 |
| 155 | ov_155 | 4.589089391739775 × 10^277 |
| 156 | aaa_76_25 | 1.7566393780201467 × 10^277 |
| 157 | aaa_76_26 | 1.0045784949343306 × 10^277 |
| 158 | aaa_76_27 | 5.056567933999888 × 10^276 |
| 159 | aaa_76_28 | 1.8926405823295843 × 10^276 |
| 160 | aaa_76_29 | 5.394677271982934 × 10^275 |

### Output Bits Sorted by Complexity

| Rank | Output Bit | Complexity |
|:----:|:----------:|:----------:|
| 160 | aaa_76_29 | 5.394677271982934 × 10^275 |
| 159 | aaa_76_28 | 1.8926405823295843 × 10^276 |
| 158 | aaa_76_27 | 5.056567933999888 × 10^276 |
| 157 | aaa_76_26 | 1.0045784949343306 × 10^277 |
| 156 | aaa_76_25 | 1.7566393780201467 × 10^277 |
| 155 | ov_155 | 4.589089391739775 × 10^277 |
| 154 | ov_154 | 9.21546269859273 × 10^277 |
| 153 | ov_153 | 1.6495099683413136 × 10^278 |
| 152 | ov_152 | 2.74285821355075 × 10^278 |
| 151 | ov_151 | 4.315775497069044 × 10^278 |
| 150 | ov_150 | 6.496576612036508 × 10^278 |
| 149 | ov_149 | 9.427713762390836 × 10^278 |
| 148 | ov_148 | 1.3265789464695446 × 10^279 |
| 147 | ov_147 | 1.818157962293408 × 10^279 |
| 146 | ov_146 | 2.4360072906653342 × 10^279 |
| 145 | ov_145 | 3.200053381644026 × 10^279 |
| 144 | ov_144 | 4.131659779583088 × 10^279 |
| 143 | ov_143 | 5.253640772421428 × 10^279 |
| 142 | ov_142 | 6.590280210131242 × 10^279 |
| 141 | ov_141 | 8.167356621068409 × 10^279 |
| 140 | ov_140 | 1.0012175852793733 × 10^280 |
| 139 | ov_139 | 1.2153612561980865 × 10^280 |
| 138 | ov_138 | 1.4622161976434897 × 10^280 |
| 137 | ov_137 | 1.7450003451214597 × 10^280 |
| 136 | ov_136 | 2.0671077440652138 × 10^280 |
| 135 | ov_135 | 2.4321177609049237 × 10^280 |
| 134 | ov_134 | 2.8438059905435523 × 10^280 |
| 133 | ov_133 | 3.306157053253533 × 10^280 |
| 132 | ov_132 | 3.8233794847637184 × 10^280 |
| 131 | ov_131 | 4.3999229344143365 × 10^280 |
| 130 | ov_130 | 4.399925920485408 × 10^280 |
| 129 | ov_129 | 4.39993825847353 × 10^280 |
| 128 | aaa_77_29 | 4.710852312380801 × 10^280 |
| 127 | aaa_77_28 | 1.2561044935603676 × 10^281 |
| 126 | ov_126 | 3.9326670447649135 × 10^281 |
| 125 | ov_125 | 8.832157681451402 × 10^281 |
| 124 | ov_124 | 1.681470260888573 × 10^282 |
| 123 | ov_123 | 2.874043619574667 × 10^282 |
| 122 | ov_122 | 4.546952376485011 × 10^282 |
| 121 | ov_121 | 6.786222446050348 × 10^282 |
| 120 | ov_120 | 9.677901795737884 × 10^282 |
| 119 | ov_119 | 1.3308081110009066 × 10^283 |
| 118 | ov_118 | 1.7762924580243365 × 10^283 |
| 117 | ov_117 | 2.312871688261619 × 10^283 |
| 116 | ov_116 | 2.9491936349619335 × 10^283 |
| 115 | ov_115 | 3.693936251587661 × 10^283 |
| 114 | ov_114 | 4.555822368803873 × 10^283 |
| 113 | ov_113 | 5.543639018951001 × 10^283 |
| 112 | ov_112 | 6.666261893248974 × 10^283 |
| 111 | ov_111 | 7.932685497292188 × 10^283 |
| 110 | ov_110 | 9.35205957095445 × 10^283 |
| 109 | ov_109 | 1.0933732339807451 × 10^284 |
| 108 | ov_108 | 1.268730116680538 × 10^284 |
| 107 | ov_107 | 1.4622671175594505 × 10^284 |
| 106 | ov_106 | 1.6750122420704631 × 10^284 |
| 105 | ov_105 | 1.9080386185442127 × 10^284 |
| 104 | ov_104 | 2.1624730995944883 × 10^284 |
| 103 | ov_103 | 2.4395058950028884 × 10^284 |
| 102 | ov_102 | 2.7404012972645044 × 10^284 |
| 101 | ov_101 | 3.0665095626503908 × 10^284 |
| 100 | ov_100 | 3.419280012726548 × 10^284 |
| 99 | ov_099 | 3.800275423825822 × 10^284 |
| 98 | ov_098 | 3.8003119248275034 × 10^284 |
| 97 | ov_097 | 3.800426095653837 × 10^284 |
| 96 | aaa_78_29 | 5.75676963421751 × 10^284 |
| 95 | aaa_78_28 | 1.8745930098161768 × 10^285 |
| 94 | ov_094 | 6.070897136388444 × 10^285 |
| 93 | ov_093 | 1.417332596526204 × 10^286 |
| 92 | ov_092 | 2.836602989818887 × 10^286 |
| 91 | ov_091 | 5.143296981941998 × 10^286 |
| 90 | ov_090 | 8.954210934501543 × 10^286 |
| 89 | ov_089 | 1.5006206196547889 × 10^287 |
| 88 | ov_088 | 2.4156380839830374 × 10^287 |
| 87 | ov_087 | 3.7382389401883 × 10^287 |
| 86 | ov_086 | 5.578297547912969 × 10^287 |
| 85 | ov_085 | 8.057878541388003 × 10^287 |
| 84 | ov_084 | 1.1311353189889065 × 10^288 |
| 83 | ov_083 | 1.5485557633032954 × 10^288 |
| 82 | ov_082 | 2.07399998755125 × 10^288 |
| 81 | ov_081 | 2.7247122428753783 × 10^288 |
| 64 | lv_79_m31 | 3.169764519541256 × 10^288 |
| 80 | ov_080 | 3.5192627492005485 × 10^288 |
| 79 | ov_079 | 4.4775871573668475 × 10^288 |
| 78 | ov_078 | 5.621033646696062 × 10^288 |
| 77 | ov_077 | 6.972418351466698 × 10^288 |
| 76 | ov_076 | 8.556089812870033 × 10^288 |
| 75 | ov_075 | 1.0398003157491946 × 10^289 |
| 74 | ov_074 | 1.252580470960042 × 10^289 |
| 73 | ov_073 | 1.4968927752949931 × 10^289 |
| 63 | ov_063 | 1.626430593912957 × 10^289 |
| 72 | ov_072 | 1.775870016892012 × 10^289 |
| 71 | ov_071 | 2.0928464692110984 × 10^289 |
| 70 | ov_070 | 2.451371254259012 × 10^289 |
| 69 | ov_069 | 2.8552231216443764 × 10^289 |
| 68 | ov_068 | 3.308426724378411 × 10^289 |
| 67 | ov_067 | 3.81527047566175 × 10^289 |
| 66 | ov_066 | 3.8152732459897004 × 10^289 |
| 65 | ov_065 | 3.8152845659275875 × 10^289 |
| 62 | ov_062 | 8.343673390666356 × 10^289 |
| 61 | ov_061 | 2.7307372949180133 × 10^290 |
| 60 | ov_060 | 7.774477963635158 × 10^290 |
| 59 | ov_059 | 1.9144986613282745 × 10^291 |
| 58 | ov_058 | 3.9535169182458954 × 10^291 |
| 57 | ov_057 | 7.23903068373089 × 10^291 |
| 56 | ov_056 | 1.219080874115538 × 10^292 |
| 55 | ov_055 | 1.972363785196644 × 10^292 |
| 54 | ov_054 | 3.0407803567615693 × 10^292 |
| 53 | ov_053 | 4.5459179169902435 × 10^292 |
| 52 | ov_052 | 6.624430186780272 × 10^292 |
| 51 | ov_051 | 9.42805308204845 × 10^292 |
| 50 | ov_050 | 1.312363054176611 × 10^293 |
| 49 | ov_049 | 1.7893155578264782 × 10^293 |
| 48 | ov_048 | 2.3933832926210577 × 10^293 |
| 47 | ov_047 | 3.1458170630179845 × 10^293 |
| 32 | lv_80_m31 | 3.6015790632265535 × 10^293 |
| 46 | ov_046 | 4.069410887784489 × 10^293 |
| 45 | ov_045 | 5.188519535837763 × 10^293 |
| 44 | ov_044 | 6.52908174063248 × 10^293 |
| 43 | ov_043 | 8.105281570125325 × 10^293 |
| 42 | ov_042 | 9.946323770859271 × 10^293 |
| 41 | ov_041 | 1.2083112525531415 × 10^294 |
| 40 | ov_040 | 1.4532426145929137 × 10^294 |
| 39 | ov_039 | 1.7328754610614053 × 10^294 |
| 31 | ov_031 | 1.8470274866987904 × 10^294 |
| 38 | ov_038 | 2.0508500575075787 × 10^294 |
| 37 | ov_037 | 2.411007963857896 × 10^294 |
| 36 | ov_036 | 2.817403825157513 × 10^294 |
| 35 | ov_035 | 3.274319127742428 × 10^294 |
| 34 | ov_034 | 3.786278135429789 × 10^294 |
| 33 | ov_033 | 4.3580662342493145 × 10^294 |
| 30 | ov_030 | 9.470608695422204 × 10^294 |
| 29 | ov_029 | 3.098263608422637 × 10^295 |
| 28 | ov_028 | 8.041606980695468 × 10^295 |
| 27 | ov_027 | 1.7974063401375962 × 10^296 |
| 26 | ov_026 | 3.8140434856865415 × 10^296 |
| 25 | ov_025 | 7.548724730539036 × 10^296 |
| 24 | ov_024 | 1.3866279405357001 × 10^297 |
| 23 | ov_023 | 2.3801726457193027 × 10^297 |
| 22 | ov_022 | 3.856030731615998 × 10^297 |
| 21 | ov_021 | 5.9517557430996147 × 10^297 |
| 20 | ov_020 | 8.821943945917565 × 10^297 |
| 19 | ov_019 | 1.2638256390404145 × 10^298 |
| 18 | ov_018 | 1.7589453196956913 × 10^298 |
| 17 | ov_017 | 2.3881444981859088 × 10^298 |
| 16 | ov_016 | 3.173736751441945 × 10^298 |
| 15 | ov_015 | 4.139768724535283 × 10^298 |
| 14 | ov_014 | 5.312034754141025 × 10^298 |
| 13 | ov_013 | 6.718096716240371 × 10^298 |
| 12 | ov_012 | 8.387310372464275 × 10^298 |
| 11 | ov_011 | 1.0350859610546318 × 10^299 |
| 10 | ov_010 | 1.2641800095847693 × 10^299 |
| 9 | ov_009 | 1.5295113973044705 × 10^299 |
| 8 | ov_008 | 1.8347777380096064 × 10^299 |
| 7 | ov_007 | 2.183884266087044 × 10^299 |
| 6 | ov_006 | 2.5809537155043064 × 10^299 |
| 5 | ov_005 | 3.030338030456487 × 10^299 |
| 4 | ov_004 | 3.536632094682374 × 10^299 |
| 3 | ov_003 | 4.1046896907417 × 10^299 |
| 2 | ov_002 | 4.73964189599867 × 10^299 |
| 1 | ov_001 | 5.446918136426585 × 10^299 |

