# Results for F001-F002-F003-F004-F005-F006-F007-F008-F009-F010-F011-F012-F013-F014-F015-F016-F017-F018-F019-F020-F021-F022-F023-F024-F025-F026-F027-F028-F029-F030-F031-F032-F033-F034-F035-F036-F037-F038-F039-F040-F041-F042-F043-F044-F045-F046-F047-F048-F049-F050-F051-F052-F053-F054-F055-F056-F057-F058-F059-F060-F061-F062-F063-F064-F065-F066-F067-F068-F069-F070-F071-F072-F073-F074-F075-F076-F077-F078-F079-F080-F081-F082-F083-F084-F085-F086-F087-F088-F089-F090-F091-F092-F093-F094-F095-F096-F097-F098-F099-F100-F101-F102-F103-F104-F105-F106-F107-F108-F109-F110-F111-F112-F113-F114-F115-F116-F117-F118-F119-F120-F121-F122-F123-F124-F125-F126-F127-F128-F129-F130-F131-F132-F133-F134-F135-F136-F137-F138-F139-F140-F141-F142-F143-F144-F145-F146-F147-F148-F149-F150-F151-F152-F153-F154-F155-F156-F157-F158-F159-F160-F161-F162-F163-F164-F165-F166-F167-F168-F169-F170-F171-F172-F173-F174-F175-F176-F177-F178-F179-F180-F181-F182-F183-F184-F185-F186-F187-F188-F189-F190-F191-F192-F193-F194-F195-F196-F197-F198-F199-F200-F201-F202-F203-F204-F205-F206-F207-F208-F209-F210-F211-F212-F213-F214-F215-F216-F217-F218-F219-F220-F221-F222-F223-F224-F225-F226-F227-F228-F229-F230-F231-F232-F233-F234-F235-F236-F237-F238-F239-F240-F241-F242-F243-F244-F245-F246-F247-F248-F249-F250-F251-F252-F253-F254-F255-F256-F257-F258-F259-F260-F261-F262-F263-F264-F265-F266-F267-F268-F269-F270-F271-F272-F273-F274-F275-F276-F277-F278-F279-F280-F281-F282-F283-F284-F285-F286-F287-F288-F289-F290-F291-F292-F293-F294-F295-F296-F297-F298-F299-F300-F301-F302-F303-F304-F305-F306-F307-F308-F309-F310-F311-F312-F313-F314-F315-F316-F317-F318-F319-F320-F321-F322-F323-F324-F325-F326-F327-F328-F329-F330-F331-F332-F333-F334-F335-F336-F337-F338-F339-F340-F341-F342-F343-F344-F345-F346-F347-F348-F349-F350-F351-F352-F353-F354-F355-F356-F357-F358-F359-F360-F361-F362-F363-F364-F365-F366-F367-F368-F369-F370-F371-F372-F373-F374-F375-F376-F377-F378-F379-F380-F381-F382-F383-F384-F385-F386-F387-F388-F389-F390-F391-F392-F393-F394-F395-F396-F397-F398-F399-F400-F401-F402-F403-F404-F405-F406-F407-F408-F409-F410-F411-F412-F413-F414-F415-F416-F417-F418-F419-F420-F421-F422-F423-F424-F425-F426-F427-F428-F429-F430-F431-F432-F433-F434-F435-F436-F437-F438-F439-F440-F441-F442-F443-F444-F445-F446-F447-F448-F449-F450-F451-F452-F453-F454-F455-F456-F457-F458-F459-F460-F461-F462-F463-F464-F465-F466-F467-F468-F469-F470-F471-F472-F473-F474-F475-F476-F477-F478-F479-F480-F481-F482-F483-F484-F485-F486-F487-F488-F489-F490-F491-F492-F493-F494-F495-F496-F497-F498-F499

## Summary

Number of input bits: 512  
Number of free input bits: 13  
Number of output bits: 160

Number of direct occurrences: 52850  
Number of assignments: 31608  
Number of operations: 11212282
(xor: 11183401,
and: 15428,
or: 13453)

Total complexity: 2.779313240823166 × 10^301

Least occurring input variable: iv_502 (3884)  
Most occurring input variable: iv_512 (4371)

Most co-occurring input variables: iv_511-iv_512 (2151)  
Least co-occurring input variables: iv_502-iv_503 (1779)

Potentially most occurring input variable: iv_506/iv_512 (4481)  
Potentially least occurring input variable: iv_502/iv_505 (4145)

Least output occurring input variable: iv_508 (70)  
Most output occurring input variable: iv_506 (82)

Most output co-occurring input variables: iv_502-iv_511 (45)  
Least output co-occurring input variables: iv_502-iv_508 (30)

Potentially most output occurring input variable: iv_504/iv_510 (93)  
Potentially least output occurring input variable: iv_507/iv_509 (66)

Least complex input bit: iv_500 (8.894568060264547 × 10^298)  
Most complex input bit: iv_510 (6.9085802635513 × 10^300)

Least complex output bit: aaa_76_29 (4.336729872437021 × 10^276)  
Most complex output bit: ov_001 (4.3737830610205316 × 10^300)

Least complex input/output complexity: iv_500/aaa_76_29 (1.3878730343453136 × 10^274)  
Most complex input/output complexity: iv_510/ov_001 (1.0871977612524178 × 10^300)

## Input Bits

### Input Bits in Regular Order

| Input Bit | Complexity | Occurrences | Output Occurrences |
|:---------:|:----------:|:-----------:|:------------------:|
| iv_500 | 8.894568060264547 × 10^298 | 4148 | 76 |
| iv_501 | 1.7148090009986361 × 10^299 | 4078 | 79 |
| iv_502 | 2.9891305092274453 × 10^299 | 3884 | 82 |
| iv_503 | 4.929659188822945 × 10^299 | 4033 | 74 |
| iv_504 | 7.82074251297012 × 10^299 | 3931 | 78 |
| iv_505 | 1.2043716139956255 × 10^300 | 3921 | 79 |
| iv_506 | 1.809417844106864 × 10^300 | 3960 | 82 |
| iv_507 | 2.662723808280908 × 10^300 | 4178 | 76 |
| iv_508 | 3.782965578278453 × 10^300 | 3997 | 70 |
| iv_509 | 5.1919037648844443 × 10^300 | 4004 | 78 |
| iv_510 | 6.9085802635513 × 10^300 | 4129 | 79 |
| iv_511 | 2.0439737701592654 × 10^300 | 4216 | 80 |
| iv_512 | 2.3548159631701985 × 10^300 | 4371 | 80 |

### Input Bits Sorted by Complexity

| Input Bit | Complexity | Occurrences | Output Occurrences |
|:---------:|:----------:|:-----------:|:------------------:|
| iv_500 | 8.894568060264547 × 10^298 | 4148 | 76 |
| iv_501 | 1.7148090009986361 × 10^299 | 4078 | 79 |
| iv_502 | 2.9891305092274453 × 10^299 | 3884 | 82 |
| iv_503 | 4.929659188822945 × 10^299 | 4033 | 74 |
| iv_504 | 7.82074251297012 × 10^299 | 3931 | 78 |
| iv_505 | 1.2043716139956255 × 10^300 | 3921 | 79 |
| iv_506 | 1.809417844106864 × 10^300 | 3960 | 82 |
| iv_511 | 2.0439737701592654 × 10^300 | 4216 | 80 |
| iv_512 | 2.3548159631701985 × 10^300 | 4371 | 80 |
| iv_507 | 2.662723808280908 × 10^300 | 4178 | 76 |
| iv_508 | 3.782965578278453 × 10^300 | 3997 | 70 |
| iv_509 | 5.1919037648844443 × 10^300 | 4004 | 78 |
| iv_510 | 6.9085802635513 × 10^300 | 4129 | 79 |

### Input Bits Sorted by Occurrences

| Input Bit | Complexity | Occurrences | Output Occurrences |
|:---------:|:----------:|:-----------:|:------------------:|
| iv_502 | 2.9891305092274453 × 10^299 | 3884 | 82 |
| iv_505 | 1.2043716139956255 × 10^300 | 3921 | 79 |
| iv_504 | 7.82074251297012 × 10^299 | 3931 | 78 |
| iv_506 | 1.809417844106864 × 10^300 | 3960 | 82 |
| iv_508 | 3.782965578278453 × 10^300 | 3997 | 70 |
| iv_509 | 5.1919037648844443 × 10^300 | 4004 | 78 |
| iv_503 | 4.929659188822945 × 10^299 | 4033 | 74 |
| iv_501 | 1.7148090009986361 × 10^299 | 4078 | 79 |
| iv_510 | 6.9085802635513 × 10^300 | 4129 | 79 |
| iv_500 | 8.894568060264547 × 10^298 | 4148 | 76 |
| iv_507 | 2.662723808280908 × 10^300 | 4178 | 76 |
| iv_511 | 2.0439737701592654 × 10^300 | 4216 | 80 |
| iv_512 | 2.3548159631701985 × 10^300 | 4371 | 80 |

### Input Bits Sorted by Output Occurrences

| Input Bit | Complexity | Occurrences | Output Occurrences |
|:---------:|:----------:|:-----------:|:------------------:|
| iv_508 | 3.782965578278453 × 10^300 | 3997 | 70 |
| iv_503 | 4.929659188822945 × 10^299 | 4033 | 74 |
| iv_500 | 8.894568060264547 × 10^298 | 4148 | 76 |
| iv_507 | 2.662723808280908 × 10^300 | 4178 | 76 |
| iv_504 | 7.82074251297012 × 10^299 | 3931 | 78 |
| iv_509 | 5.1919037648844443 × 10^300 | 4004 | 78 |
| iv_501 | 1.7148090009986361 × 10^299 | 4078 | 79 |
| iv_505 | 1.2043716139956255 × 10^300 | 3921 | 79 |
| iv_510 | 6.9085802635513 × 10^300 | 4129 | 79 |
| iv_511 | 2.0439737701592654 × 10^300 | 4216 | 80 |
| iv_512 | 2.3548159631701985 × 10^300 | 4371 | 80 |
| iv_502 | 2.9891305092274453 × 10^299 | 3884 | 82 |
| iv_506 | 1.809417844106864 × 10^300 | 3960 | 82 |

## Input Bit Co-occurrences

### Input Bit Co-occurrences Sorted by Co-occurrences

| Input Bits | Co-occurrences | Potential Occurrences | Output Co-occurrences | Potential Output Occurrences |
|:----------:|:--------------:|:---------------------:|:---------------------:|:----------------------------:|
| iv_511-iv_512 | 2151 | 4285 | 43 | 74 |
| iv_507-iv_512 | 2105 | 4339 | 42 | 72 |
| iv_510-iv_512 | 2084 | 4332 | 42 | 75 |
| iv_500-iv_511 | 2078 | 4208 | 38 | 80 |
| iv_501-iv_512 | 2072 | 4305 | 37 | 85 |
| iv_500-iv_512 | 2062 | 4395 | 39 | 78 |
| iv_501-iv_511 | 2055 | 4184 | 41 | 77 |
| iv_503-iv_512 | 2042 | 4320 | 34 | 86 |
| iv_507-iv_510 | 2036 | 4235 | 41 | 73 |
| iv_508-iv_512 | 2028 | 4312 | 32 | 86 |
| iv_501-iv_510 | 2016 | 4175 | 42 | 74 |
| iv_507-iv_511 | 2013 | 4368 | 39 | 78 |
| iv_500-iv_510 | 2010 | 4257 | 39 | 77 |

### Input Bit Co-occurrences Sorted by Potential Occurrences

| Input Bits | Co-occurrences | Potential Occurrences | Output Co-occurrences | Potential Output Occurrences |
|:----------:|:--------------:|:---------------------:|:---------------------:|:----------------------------:|
| iv_502-iv_505 | 1830 | 4145 | 36 | 89 |
| iv_506-iv_509 | 1907 | 4150 | 43 | 74 |
| iv_504-iv_506 | 1870 | 4151 | 42 | 76 |
| iv_506-iv_507 | 1992 | 4154 | 39 | 80 |
| iv_508-iv_509 | 1921 | 4159 | 35 | 78 |
| iv_506-iv_508 | 1899 | 4159 | 37 | 78 |
| iv_503-iv_506 | 1913 | 4167 | 38 | 80 |
| iv_504-iv_505 | 1842 | 4168 | 41 | 75 |
| iv_507-iv_508 | 2001 | 4173 | 31 | 84 |
| iv_501-iv_510 | 2016 | 4175 | 42 | 74 |
| iv_501-iv_505 | 1910 | 4179 | 36 | 86 |
| iv_501-iv_508 | 1946 | 4183 | 34 | 81 |
| iv_501-iv_511 | 2055 | 4184 | 41 | 77 |

### Input Bit Output Co-occurrences Sorted by Output Co-occurrences

| Input Bits | Co-occurrences | Potential Occurrences | Output Co-occurrences | Potential Output Occurrences |
|:----------:|:--------------:|:---------------------:|:---------------------:|:----------------------------:|
| iv_502-iv_511 | 1915 | 4270 | 45 | 72 |
| iv_502-iv_506 | 1814 | 4216 | 44 | 76 |
| iv_506-iv_510 | 1944 | 4201 | 44 | 73 |
| iv_507-iv_509 | 1970 | 4242 | 44 | 66 |
| iv_511-iv_512 | 2151 | 4285 | 43 | 74 |
| iv_506-iv_509 | 1907 | 4150 | 43 | 74 |
| iv_502-iv_504 | 1799 | 4217 | 42 | 76 |
| iv_501-iv_510 | 2016 | 4175 | 42 | 74 |
| iv_502-iv_507 | 1892 | 4278 | 42 | 74 |
| iv_502-iv_510 | 1870 | 4273 | 42 | 77 |
| iv_504-iv_506 | 1870 | 4151 | 42 | 76 |
| iv_507-iv_512 | 2105 | 4339 | 42 | 72 |
| iv_510-iv_512 | 2084 | 4332 | 42 | 75 |

### Input Bit Output Co-occurrences Sorted by Potential Output Occurrences

| Input Bits | Co-occurrences | Potential Occurrences | Output Co-occurrences | Potential Output Occurrences |
|:----------:|:--------------:|:---------------------:|:---------------------:|:----------------------------:|
| iv_507-iv_509 | 1970 | 4242 | 44 | 66 |
| iv_503-iv_504 | 1853 | 4258 | 41 | 70 |
| iv_500-iv_505 | 1923 | 4223 | 42 | 71 |
| iv_502-iv_511 | 1915 | 4270 | 45 | 72 |
| iv_507-iv_512 | 2105 | 4339 | 42 | 72 |
| iv_503-iv_505 | 1874 | 4206 | 40 | 73 |
| iv_500-iv_501 | 1964 | 4298 | 41 | 73 |
| iv_506-iv_510 | 1944 | 4201 | 44 | 73 |
| iv_507-iv_510 | 2036 | 4235 | 41 | 73 |
| iv_504-iv_508 | 1861 | 4206 | 37 | 74 |
| iv_500-iv_503 | 1997 | 4187 | 38 | 74 |
| iv_501-iv_510 | 2016 | 4175 | 42 | 74 |
| iv_502-iv_507 | 1892 | 4278 | 42 | 74 |

## Output Bits

### Output Bits in Regular Order

| Rank | Output Bit | Complexity |
|:----:|:----------:|:----------:|
| 1 | ov_001 | 4.3737830610205316 × 10^300 |
| 2 | ov_002 | 3.8028766272378074 × 10^300 |
| 3 | ov_003 | 3.2905717678764776 × 10^300 |
| 4 | ov_004 | 2.8324588966835463 × 10^300 |
| 5 | ov_005 | 2.4243708994298126 × 10^300 |
| 6 | ov_006 | 2.0623660600251192 × 10^300 |
| 7 | ov_007 | 1.742713171783633 × 10^300 |
| 8 | ov_008 | 1.4618786262090576 × 10^300 |
| 9 | ov_009 | 1.216515282654532 × 10^300 |
| 10 | ov_010 | 1.0034529431641212 × 10^300 |
| 11 | ov_011 | 8.196902877938427 × 10^299 |
| 12 | ov_012 | 6.623881357491782 × 10^299 |
| 13 | ov_013 | 5.288638868163876 × 10^299 |
| 14 | ov_014 | 4.165869969054387 × 10^299 |
| 15 | ov_015 | 3.2317535110084103 × 10^299 |
| 16 | ov_016 | 2.4639240711305933 × 10^299 |
| 17 | ov_017 | 1.8414499146230536 × 10^299 |
| 18 | ov_018 | 1.344816401275757 × 10^299 |
| 19 | ov_019 | 9.559138477107199 × 10^298 |
| 20 | ov_020 | 6.580289501150308 × 10^298 |
| 21 | ov_021 | 4.35838965754962 × 10^298 |
| 22 | ov_022 | 2.7540794508004143 × 10^298 |
| 23 | ov_023 | 1.6418439972047338 × 10^298 |
| 24 | ov_024 | 9.099990605477829 × 10^297 |
| 25 | ov_025 | 4.606829433198943 × 10^297 |
| 26 | ov_026 | 2.0985206111472213 × 10^297 |
| 27 | ov_027 | 8.72787585828149 × 10^296 |
| 28 | ov_028 | 3.6550365477116542 × 10^296 |
| 29 | ov_029 | 1.506886114411681 × 10^296 |
| 30 | ov_030 | 4.988878986808837 × 10^295 |
| 31 | ov_031 | 1.208886003780174 × 10^295 |
| 32 | lv_80_k31 | 2.9284424063853145 × 10^294 |
| 33 | ov_033 | 3.5417766926822487 × 10^295 |
| 34 | ov_034 | 3.0783486880923095 × 10^295 |
| 35 | ov_035 | 2.662895733229352 × 10^295 |
| 36 | ov_036 | 2.2917346035444233 × 10^295 |
| 37 | ov_037 | 1.9613813217441387 × 10^295 |
| 38 | ov_038 | 1.6685370810836088 × 10^295 |
| 39 | ov_039 | 1.4100760594322122 × 10^295 |
| 40 | ov_040 | 1.1830349423589047 × 10^295 |
| 41 | ov_041 | 9.846039845667848 × 10^294 |
| 42 | ov_042 | 8.121194495148115 × 10^294 |
| 43 | ov_043 | 6.630572770666133 × 10^294 |
| 44 | ov_044 | 5.3502783856628766 × 10^294 |
| 45 | ov_045 | 4.257716479186929 × 10^294 |
| 46 | ov_046 | 3.341910173854478 × 10^294 |
| 47 | ov_047 | 2.5827709896506946 × 10^294 |
| 48 | ov_048 | 1.9614287340309103 × 10^294 |
| 49 | ov_049 | 1.4602154420031617 × 10^294 |
| 50 | ov_050 | 1.0626535840947512 × 10^294 |
| 51 | ov_051 | 7.534477261526476 × 10^293 |
| 52 | ov_052 | 5.184789029238364 × 10^293 |
| 53 | ov_053 | 3.4480104471805497 × 10^293 |
| 54 | ov_054 | 2.2063887337248366 × 10^293 |
| 55 | ov_055 | 1.3538676037335668 × 10^293 |
| 56 | ov_056 | 7.960813383026292 × 10^292 |
| 57 | ov_057 | 4.5035157325909306 × 10^292 |
| 58 | ov_058 | 2.4568546376241035 × 10^292 |
| 59 | ov_059 | 1.2277469062590026 × 10^292 |
| 60 | ov_060 | 5.4886143263259865 × 10^291 |
| 61 | ov_061 | 2.1128673039971475 × 10^291 |
| 62 | ov_062 | 6.4530494330306624 × 10^290 |
| 63 | ov_063 | 1.2572743161825418 × 10^290 |
| 64 | lv_79_m31 | 2.449079621683032 × 10^289 |
| 65 | ov_065 | 2.9153517988516778 × 10^290 |
| 66 | ov_066 | 2.915344999530932 × 10^290 |
| 67 | ov_067 | 2.915342796384325 × 10^290 |
| 68 | ov_068 | 2.5206684497063766 × 10^290 |
| 69 | ov_069 | 2.1683454454670424 × 10^290 |
| 70 | ov_070 | 1.854963149783673 × 10^290 |
| 71 | ov_071 | 1.5773206831087838 × 10^290 |
| 72 | ov_072 | 1.3324127206500772 × 10^290 |
| 73 | ov_073 | 1.1174165503659156 × 10^290 |
| 74 | ov_074 | 9.296803214134765 × 10^289 |
| 75 | ov_075 | 7.667124185927432 × 10^289 |
| 76 | ov_076 | 6.261719005379187 × 10^289 |
| 77 | ov_077 | 5.05859941214463 × 10^289 |
| 78 | ov_078 | 4.0371221573694624 × 10^289 |
| 79 | ov_079 | 3.177921726786874 × 10^289 |
| 80 | ov_080 | 2.4628513594360735 × 10^289 |
| 81 | ov_081 | 1.8749317995514526 × 10^289 |
| 82 | ov_082 | 1.3983072242418746 × 10^289 |
| 83 | ov_083 | 1.0182077932187692 × 10^289 |
| 84 | ov_084 | 7.209182693451013 × 10^288 |
| 85 | ov_085 | 4.937521604351041 × 10^288 |
| 86 | ov_086 | 3.250308337717316 × 10^288 |
| 87 | ov_087 | 2.0406705542283878 × 10^288 |
| 88 | ov_088 | 1.2115240678366424 × 10^288 |
| 89 | ov_089 | 6.754803096118708 × 10^287 |
| 90 | ov_090 | 3.54781617134358 × 10^287 |
| 91 | ov_091 | 1.812588770499166 × 10^287 |
| 92 | ov_092 | 9.63060944645261 × 10^286 |
| 93 | ov_093 | 5.086673324575476 × 10^286 |
| 94 | ov_094 | 2.279876412926423 × 10^286 |
| 95 | aaa_78_28 | 7.332135934479428 × 10^285 |
| 96 | aaa_78_29 | 2.777769085010046 × 10^285 |
| 97 | ov_097 | 3.022266684747461 × 10^285 |
| 98 | ov_098 | 3.022175849901375 × 10^285 |
| 99 | ov_099 | 3.0221468055642827 × 10^285 |
| 100 | ov_100 | 2.719093481845971 × 10^285 |
| 101 | ov_101 | 2.4385060619516702 × 10^285 |
| 102 | ov_102 | 2.1791387097467345 × 10^285 |
| 103 | ov_103 | 1.9398359575883215 × 10^285 |
| 104 | ov_104 | 1.719521296606592 × 10^285 |
| 105 | ov_105 | 1.517186786989138 × 10^285 |
| 106 | ov_106 | 1.3318836339354074 × 10^285 |
| 107 | ov_107 | 1.1627136771356282 × 10^285 |
| 108 | ov_108 | 1.0088217434341016 × 10^285 |
| 109 | ov_109 | 8.693888138059473 × 10^284 |
| 110 | ov_110 | 7.436259569514081 × 10^284 |
| 111 | ov_111 | 6.307689827361163 × 10^284 |
| 112 | ov_112 | 5.3007376941848456 × 10^284 |
| 113 | ov_113 | 4.408122191405041 × 10^284 |
| 114 | ov_114 | 3.6226879654771506 × 10^284 |
| 115 | ov_115 | 2.937376056769734 × 10^284 |
| 116 | ov_116 | 2.3451996043282775 × 10^284 |
| 117 | ov_117 | 1.8392240408778817 × 10^284 |
| 118 | ov_118 | 1.4125513330843443 × 10^284 |
| 119 | ov_119 | 1.0583078224494999 × 10^284 |
| 120 | ov_120 | 7.696352223938556 × 10^283 |
| 121 | ov_121 | 5.396843271654944 × 10^283 |
| 122 | ov_122 | 3.6161098825633623 × 10^283 |
| 123 | ov_123 | 2.285737694337128 × 10^283 |
| 124 | ov_124 | 1.3373260244582352 × 10^283 |
| 125 | ov_125 | 7.024802477687289 × 10^282 |
| 126 | ov_126 | 3.128079887862438 × 10^282 |
| 127 | aaa_77_28 | 9.991752905379731 × 10^281 |
| 128 | aaa_77_29 | 3.7476175836326516 × 10^281 |
| 129 | ov_129 | 3.50731098148474 × 10^281 |
| 130 | ov_130 | 3.507301034448652 × 10^281 |
| 131 | ov_131 | 3.507298619606093 × 10^281 |
| 132 | ov_132 | 3.0490284203144236 × 10^281 |
| 133 | ov_133 | 2.6378421291933777 × 10^281 |
| 134 | ov_134 | 2.270193366458376 × 10^281 |
| 135 | ov_135 | 1.942731647461223 × 10^281 |
| 136 | ov_136 | 1.6522882765336064 × 10^281 |
| 137 | ov_137 | 1.3958640757315937 × 10^281 |
| 138 | ov_138 | 1.1706187809634848 × 10^281 |
| 139 | ov_139 | 9.738619467850242 × 10^280 |
| 140 | ov_140 | 8.030452096433201 × 10^280 |
| 141 | ov_141 | 6.557557676034936 × 10^280 |
| 142 | ov_142 | 5.2971094265122405 × 10^280 |
| 143 | ov_143 | 4.227536995736651 × 10^280 |
| 144 | ov_144 | 3.3284900321743565 × 10^280 |
| 145 | ov_145 | 2.580809036359141 × 10^280 |
| 146 | ov_146 | 1.9665024629333124 × 10^280 |
| 147 | ov_147 | 1.46872912109262 × 10^280 |
| 148 | ov_148 | 1.0717849971835143 × 10^280 |
| 149 | ov_149 | 7.610936989649214 × 10^279 |
| 150 | ov_150 | 5.231997967263022 × 10^279 |
| 151 | ov_151 | 3.4576441208614103 × 10^279 |
| 152 | ov_152 | 2.175624808999938 × 10^279 |
| 153 | ov_153 | 1.2848119229590733 × 10^279 |
| 154 | ov_154 | 6.951918143434597 × 10^278 |
| 155 | ov_155 | 3.2786140137639996 × 10^278 |
| 156 | aaa_76_25 | 1.1502634946628198 × 10^278 |
| 157 | aaa_76_26 | 6.279694315510545 × 10^277 |
| 158 | aaa_76_27 | 3.058039498439326 × 10^277 |
| 159 | aaa_76_28 | 1.282315306532626 × 10^277 |
| 160 | aaa_76_29 | 4.336729872437021 × 10^276 |

### Output Bits Sorted by Complexity

| Rank | Output Bit | Complexity |
|:----:|:----------:|:----------:|
| 160 | aaa_76_29 | 4.336729872437021 × 10^276 |
| 159 | aaa_76_28 | 1.282315306532626 × 10^277 |
| 158 | aaa_76_27 | 3.058039498439326 × 10^277 |
| 157 | aaa_76_26 | 6.279694315510545 × 10^277 |
| 156 | aaa_76_25 | 1.1502634946628198 × 10^278 |
| 155 | ov_155 | 3.2786140137639996 × 10^278 |
| 154 | ov_154 | 6.951918143434597 × 10^278 |
| 153 | ov_153 | 1.2848119229590733 × 10^279 |
| 152 | ov_152 | 2.175624808999938 × 10^279 |
| 151 | ov_151 | 3.4576441208614103 × 10^279 |
| 150 | ov_150 | 5.231997967263022 × 10^279 |
| 149 | ov_149 | 7.610936989649214 × 10^279 |
| 148 | ov_148 | 1.0717849971835143 × 10^280 |
| 147 | ov_147 | 1.46872912109262 × 10^280 |
| 146 | ov_146 | 1.9665024629333124 × 10^280 |
| 145 | ov_145 | 2.580809036359141 × 10^280 |
| 144 | ov_144 | 3.3284900321743565 × 10^280 |
| 143 | ov_143 | 4.227536995736651 × 10^280 |
| 142 | ov_142 | 5.2971094265122405 × 10^280 |
| 141 | ov_141 | 6.557557676034936 × 10^280 |
| 140 | ov_140 | 8.030452096433201 × 10^280 |
| 139 | ov_139 | 9.738619467850242 × 10^280 |
| 138 | ov_138 | 1.1706187809634848 × 10^281 |
| 137 | ov_137 | 1.3958640757315937 × 10^281 |
| 136 | ov_136 | 1.6522882765336064 × 10^281 |
| 135 | ov_135 | 1.942731647461223 × 10^281 |
| 134 | ov_134 | 2.270193366458376 × 10^281 |
| 133 | ov_133 | 2.6378421291933777 × 10^281 |
| 132 | ov_132 | 3.0490284203144236 × 10^281 |
| 131 | ov_131 | 3.507298619606093 × 10^281 |
| 130 | ov_130 | 3.507301034448652 × 10^281 |
| 129 | ov_129 | 3.50731098148474 × 10^281 |
| 128 | aaa_77_29 | 3.7476175836326516 × 10^281 |
| 127 | aaa_77_28 | 9.991752905379731 × 10^281 |
| 126 | ov_126 | 3.128079887862438 × 10^282 |
| 125 | ov_125 | 7.024802477687289 × 10^282 |
| 124 | ov_124 | 1.3373260244582352 × 10^283 |
| 123 | ov_123 | 2.285737694337128 × 10^283 |
| 122 | ov_122 | 3.6161098825633623 × 10^283 |
| 121 | ov_121 | 5.396843271654944 × 10^283 |
| 120 | ov_120 | 7.696352223938556 × 10^283 |
| 119 | ov_119 | 1.0583078224494999 × 10^284 |
| 118 | ov_118 | 1.4125513330843443 × 10^284 |
| 117 | ov_117 | 1.8392240408778817 × 10^284 |
| 116 | ov_116 | 2.3451996043282775 × 10^284 |
| 115 | ov_115 | 2.937376056769734 × 10^284 |
| 114 | ov_114 | 3.6226879654771506 × 10^284 |
| 113 | ov_113 | 4.408122191405041 × 10^284 |
| 112 | ov_112 | 5.3007376941848456 × 10^284 |
| 111 | ov_111 | 6.307689827361163 × 10^284 |
| 110 | ov_110 | 7.436259569514081 × 10^284 |
| 109 | ov_109 | 8.693888138059473 × 10^284 |
| 108 | ov_108 | 1.0088217434341016 × 10^285 |
| 107 | ov_107 | 1.1627136771356282 × 10^285 |
| 106 | ov_106 | 1.3318836339354074 × 10^285 |
| 105 | ov_105 | 1.517186786989138 × 10^285 |
| 104 | ov_104 | 1.719521296606592 × 10^285 |
| 103 | ov_103 | 1.9398359575883215 × 10^285 |
| 102 | ov_102 | 2.1791387097467345 × 10^285 |
| 101 | ov_101 | 2.4385060619516702 × 10^285 |
| 100 | ov_100 | 2.719093481845971 × 10^285 |
| 96 | aaa_78_29 | 2.777769085010046 × 10^285 |
| 99 | ov_099 | 3.0221468055642827 × 10^285 |
| 98 | ov_098 | 3.022175849901375 × 10^285 |
| 97 | ov_097 | 3.022266684747461 × 10^285 |
| 95 | aaa_78_28 | 7.332135934479428 × 10^285 |
| 94 | ov_094 | 2.279876412926423 × 10^286 |
| 93 | ov_093 | 5.086673324575476 × 10^286 |
| 92 | ov_092 | 9.63060944645261 × 10^286 |
| 91 | ov_091 | 1.812588770499166 × 10^287 |
| 90 | ov_090 | 3.54781617134358 × 10^287 |
| 89 | ov_089 | 6.754803096118708 × 10^287 |
| 88 | ov_088 | 1.2115240678366424 × 10^288 |
| 87 | ov_087 | 2.0406705542283878 × 10^288 |
| 86 | ov_086 | 3.250308337717316 × 10^288 |
| 85 | ov_085 | 4.937521604351041 × 10^288 |
| 84 | ov_084 | 7.209182693451013 × 10^288 |
| 83 | ov_083 | 1.0182077932187692 × 10^289 |
| 82 | ov_082 | 1.3983072242418746 × 10^289 |
| 81 | ov_081 | 1.8749317995514526 × 10^289 |
| 64 | lv_79_m31 | 2.449079621683032 × 10^289 |
| 80 | ov_080 | 2.4628513594360735 × 10^289 |
| 79 | ov_079 | 3.177921726786874 × 10^289 |
| 78 | ov_078 | 4.0371221573694624 × 10^289 |
| 77 | ov_077 | 5.05859941214463 × 10^289 |
| 76 | ov_076 | 6.261719005379187 × 10^289 |
| 75 | ov_075 | 7.667124185927432 × 10^289 |
| 74 | ov_074 | 9.296803214134765 × 10^289 |
| 73 | ov_073 | 1.1174165503659156 × 10^290 |
| 63 | ov_063 | 1.2572743161825418 × 10^290 |
| 72 | ov_072 | 1.3324127206500772 × 10^290 |
| 71 | ov_071 | 1.5773206831087838 × 10^290 |
| 70 | ov_070 | 1.854963149783673 × 10^290 |
| 69 | ov_069 | 2.1683454454670424 × 10^290 |
| 68 | ov_068 | 2.5206684497063766 × 10^290 |
| 67 | ov_067 | 2.915342796384325 × 10^290 |
| 66 | ov_066 | 2.915344999530932 × 10^290 |
| 65 | ov_065 | 2.9153517988516778 × 10^290 |
| 62 | ov_062 | 6.4530494330306624 × 10^290 |
| 61 | ov_061 | 2.1128673039971475 × 10^291 |
| 60 | ov_060 | 5.4886143263259865 × 10^291 |
| 59 | ov_059 | 1.2277469062590026 × 10^292 |
| 58 | ov_058 | 2.4568546376241035 × 10^292 |
| 57 | ov_057 | 4.5035157325909306 × 10^292 |
| 56 | ov_056 | 7.960813383026292 × 10^292 |
| 55 | ov_055 | 1.3538676037335668 × 10^293 |
| 54 | ov_054 | 2.2063887337248366 × 10^293 |
| 53 | ov_053 | 3.4480104471805497 × 10^293 |
| 52 | ov_052 | 5.184789029238364 × 10^293 |
| 51 | ov_051 | 7.534477261526476 × 10^293 |
| 50 | ov_050 | 1.0626535840947512 × 10^294 |
| 49 | ov_049 | 1.4602154420031617 × 10^294 |
| 48 | ov_048 | 1.9614287340309103 × 10^294 |
| 47 | ov_047 | 2.5827709896506946 × 10^294 |
| 32 | lv_80_k31 | 2.9284424063853145 × 10^294 |
| 46 | ov_046 | 3.341910173854478 × 10^294 |
| 45 | ov_045 | 4.257716479186929 × 10^294 |
| 44 | ov_044 | 5.3502783856628766 × 10^294 |
| 43 | ov_043 | 6.630572770666133 × 10^294 |
| 42 | ov_042 | 8.121194495148115 × 10^294 |
| 41 | ov_041 | 9.846039845667848 × 10^294 |
| 40 | ov_040 | 1.1830349423589047 × 10^295 |
| 31 | ov_031 | 1.208886003780174 × 10^295 |
| 39 | ov_039 | 1.4100760594322122 × 10^295 |
| 38 | ov_038 | 1.6685370810836088 × 10^295 |
| 37 | ov_037 | 1.9613813217441387 × 10^295 |
| 36 | ov_036 | 2.2917346035444233 × 10^295 |
| 35 | ov_035 | 2.662895733229352 × 10^295 |
| 34 | ov_034 | 3.0783486880923095 × 10^295 |
| 33 | ov_033 | 3.5417766926822487 × 10^295 |
| 30 | ov_030 | 4.988878986808837 × 10^295 |
| 29 | ov_029 | 1.506886114411681 × 10^296 |
| 28 | ov_028 | 3.6550365477116542 × 10^296 |
| 27 | ov_027 | 8.72787585828149 × 10^296 |
| 26 | ov_026 | 2.0985206111472213 × 10^297 |
| 25 | ov_025 | 4.606829433198943 × 10^297 |
| 24 | ov_024 | 9.099990605477829 × 10^297 |
| 23 | ov_023 | 1.6418439972047338 × 10^298 |
| 22 | ov_022 | 2.7540794508004143 × 10^298 |
| 21 | ov_021 | 4.35838965754962 × 10^298 |
| 20 | ov_020 | 6.580289501150308 × 10^298 |
| 19 | ov_019 | 9.559138477107199 × 10^298 |
| 18 | ov_018 | 1.344816401275757 × 10^299 |
| 17 | ov_017 | 1.8414499146230536 × 10^299 |
| 16 | ov_016 | 2.4639240711305933 × 10^299 |
| 15 | ov_015 | 3.2317535110084103 × 10^299 |
| 14 | ov_014 | 4.165869969054387 × 10^299 |
| 13 | ov_013 | 5.288638868163876 × 10^299 |
| 12 | ov_012 | 6.623881357491782 × 10^299 |
| 11 | ov_011 | 8.196902877938427 × 10^299 |
| 10 | ov_010 | 1.0034529431641212 × 10^300 |
| 9 | ov_009 | 1.216515282654532 × 10^300 |
| 8 | ov_008 | 1.4618786262090576 × 10^300 |
| 7 | ov_007 | 1.742713171783633 × 10^300 |
| 6 | ov_006 | 2.0623660600251192 × 10^300 |
| 5 | ov_005 | 2.4243708994298126 × 10^300 |
| 4 | ov_004 | 2.8324588966835463 × 10^300 |
| 3 | ov_003 | 3.2905717678764776 × 10^300 |
| 2 | ov_002 | 3.8028766272378074 × 10^300 |
| 1 | ov_001 | 4.3737830610205316 × 10^300 |

