# Results for F001-F002-F003-F004-F005-F006-F007-F008-F009-F010-F011-F012-F013-F014-F015-F016-F017-F018-F019-F020-F021-F022-F023-F024-F025-F026-F027-F028-F029-F030-F031-F032-F033-F034-F035-F036-F037-F038-F039-F040-F041-F042-F043-F044-F045-F046-F047-F048-F049-F050-F051-F052-F053-F054-F055-F056-F057-F058-F059-F060-F061-F062-F063-F064-F065-F066-F067-F068-F069-F070-F071-F072-F073-F074-F075-F076-F077-F078-F079-F080-F081-F082-F083-F084-F085-F086-F087-F088-F089-F090-F091-F092-F093-F094-F095-F096-F097-F098-F099-F100-F101-F102-F103-F104-F105-F106-F107-F108-F109-F110-F111-F112-F113-F114-F115-F116-F117-F118-F119-F120-F121-F122-F123-F124-F125-F126-F127-F128-F129-F130-F131-F132-F133-F134-F135-F136-F137-F138-F139-F140-F141-F142-F143-F144-F145-F146-F147-F148-F149-F150-F151-F152-F153-F154-F155-F156-F157-F158-F159-F160-F161-F162-F163-F164-F165-F166-F167-F168-F169-F170-F171-F172-F173-F174-F175-F176-F177-F178-F179-F180-F181-F182-F183-F184-F185-F186-F187-F188-F189-F190-F191-F192-F193-F194-F195-F196-F197-F198-F199-F200-F201-F202-F203-F204-F205-F206-F207-F208-F209-F210-F211-F212-F213-F214-F215-F216-F217-F218-F219-F220-F221-F222-F223-F224-F225-F226-F227-F228-F229-F230-F231-F232-F233-F234-F235-F236-F237-F238-F239-F240-F241-F242-F243-F244-F245-F246-F247-F248-F249-F250-F251-F252-F253-F254-F255-F256-F257-F258-F259-F260-F261-F262-F263-F264-F265-F266-F267-F268-F269-F270-F271-F272-F273-F274-F275-F276-F277-F278-F279-F280-F281-F282-F283-F284-F285-F286-F287-F288-F289-F290-F291-F292-F293-F294-F295-F296-F297-F298-F299-F300-F301-F302-F303-F304-F305-F306-F307-F308-F309-F310-F311-F312-F313-F314-F315-F316-F317-F318-F319-F320-F321-F322-F323-F324-F325-F326-F327-F328-F329-F330-F331-F332-F333-F334-F335-F336-F337-F338-F339-F340-F341-F342-F343-F344-F345-F346-F347-F348-F349-F350-F351-F352-F353-F354-F355-F356-F357-F358-F359-F360-F361-F362-F363-F364-F365-F366-F367-F368-F369-F370-F371-F372-F373-F374-F375-F376-F377-F378-F379-F380-F381-F382-F383-F384-F385-F386-F387-F388-F389-F390-F391-F392-F393-F394-F395-F396-F397-F398-F399-F400-F401-F402-F403-F404-F405-F406-F407-F408-F409-F410-F411-F412-F413-F414-F415-F416-F417-F418-F419-F420-F421-F422-F423-F424-F425-F426-F427-F428-F429-F430-F431-F432-F433-F434-F435-F436-F437-F438-F439-F440-F441-F442-F443-F444-F445-F446-F447-F448-F449-F450-F451-F452-F453-F454-F455-F456-F457-F458-F459-F460-F461-F462-F463-F464-F465-F466-F467-F468-F469-F470-F471-F472-F473-F474-F475-F476-F477-F478-F479-F480-F481-F482-F483-F484-F485-F486-F487-F488-F489-F490-F491-F492-F493-F494-F495-F496-F497-E498499-F512

## Summary

Number of input bits: 512  
Number of free input bits: 13  
Number of output bits: 160

Number of direct occurrences: 53354  
Number of assignments: 31672  
Number of operations: 11163972
(xor: 11135404,
and: 15049,
or: 13519)

Total complexity: 1.92295812065303 × 10^301

Least occurring input variable: iv_502 (3887)  
Most occurring input variable: iv_510 (4273)

Most co-occurring input variables: iv_509-iv_510 (2132)  
Least co-occurring input variables: iv_505-iv_506 (1800)

Potentially most occurring input variable: iv_498/iv_510 (4568)  
Potentially least occurring input variable: iv_504/iv_508 (4110)

Least output occurring input variable: iv_498 (73)  
Most output occurring input variable: iv_508 (86)

Most output co-occurring input variables: iv_506-iv_508 (48)  
Least output co-occurring input variables: iv_498-iv_511 (29)

Potentially most output occurring input variable: iv_502/iv_503 (96)  
Potentially least output occurring input variable: iv_500/iv_505 (71)

Least complex input bit: iv_511 (3.7918092078731953 × 10^297)  
Most complex input bit: iv_510 (4.817743558795456 × 10^300)

Least complex output bit: aaa_76_29 (3.3294794669991194 × 10^276)  
Most complex output bit: ov_001 (3.0079315452000098 × 10^300)

Least complex input/output complexity: iv_511/aaa_76_29 (6.565276052972312 × 10^272)  
Most complex input/output complexity: iv_510/ov_001 (7.536015824548342 × 10^299)

## Input Bits

### Input Bits in Regular Order

| Input Bit | Complexity | Occurrences | Output Occurrences |
|:---------:|:----------:|:-----------:|:------------------:|
| iv_498 | 5.735416645445938 × 10^298 | 4267 | 73 |
| iv_500 | 8.197591010005681 × 10^298 | 4112 | 76 |
| iv_501 | 1.4864189167352236 × 10^299 | 4056 | 79 |
| iv_502 | 2.5387234584252463 × 10^299 | 3887 | 82 |
| iv_503 | 4.17156573187351 × 10^299 | 4145 | 78 |
| iv_504 | 6.64147895085089 × 10^299 | 3934 | 78 |
| iv_505 | 1.0296362650137518 × 10^300 | 3918 | 79 |
| iv_506 | 1.5592050020976406 × 10^300 | 3963 | 82 |
| iv_507 | 2.313638506604591 × 10^300 | 4183 | 76 |
| iv_508 | 3.31080526767377 × 10^300 | 4150 | 86 |
| iv_509 | 4.57161201479425 × 10^300 | 4246 | 80 |
| iv_510 | 4.817743558795456 × 10^300 | 4273 | 74 |
| iv_511 | 3.7918092078731953 × 10^297 | 4220 | 80 |

### Input Bits Sorted by Complexity

| Input Bit | Complexity | Occurrences | Output Occurrences |
|:---------:|:----------:|:-----------:|:------------------:|
| iv_511 | 3.7918092078731953 × 10^297 | 4220 | 80 |
| iv_498 | 5.735416645445938 × 10^298 | 4267 | 73 |
| iv_500 | 8.197591010005681 × 10^298 | 4112 | 76 |
| iv_501 | 1.4864189167352236 × 10^299 | 4056 | 79 |
| iv_502 | 2.5387234584252463 × 10^299 | 3887 | 82 |
| iv_503 | 4.17156573187351 × 10^299 | 4145 | 78 |
| iv_504 | 6.64147895085089 × 10^299 | 3934 | 78 |
| iv_505 | 1.0296362650137518 × 10^300 | 3918 | 79 |
| iv_506 | 1.5592050020976406 × 10^300 | 3963 | 82 |
| iv_507 | 2.313638506604591 × 10^300 | 4183 | 76 |
| iv_508 | 3.31080526767377 × 10^300 | 4150 | 86 |
| iv_509 | 4.57161201479425 × 10^300 | 4246 | 80 |
| iv_510 | 4.817743558795456 × 10^300 | 4273 | 74 |

### Input Bits Sorted by Occurrences

| Input Bit | Complexity | Occurrences | Output Occurrences |
|:---------:|:----------:|:-----------:|:------------------:|
| iv_502 | 2.5387234584252463 × 10^299 | 3887 | 82 |
| iv_505 | 1.0296362650137518 × 10^300 | 3918 | 79 |
| iv_504 | 6.64147895085089 × 10^299 | 3934 | 78 |
| iv_506 | 1.5592050020976406 × 10^300 | 3963 | 82 |
| iv_501 | 1.4864189167352236 × 10^299 | 4056 | 79 |
| iv_500 | 8.197591010005681 × 10^298 | 4112 | 76 |
| iv_503 | 4.17156573187351 × 10^299 | 4145 | 78 |
| iv_508 | 3.31080526767377 × 10^300 | 4150 | 86 |
| iv_507 | 2.313638506604591 × 10^300 | 4183 | 76 |
| iv_511 | 3.7918092078731953 × 10^297 | 4220 | 80 |
| iv_509 | 4.57161201479425 × 10^300 | 4246 | 80 |
| iv_498 | 5.735416645445938 × 10^298 | 4267 | 73 |
| iv_510 | 4.817743558795456 × 10^300 | 4273 | 74 |

### Input Bits Sorted by Output Occurrences

| Input Bit | Complexity | Occurrences | Output Occurrences |
|:---------:|:----------:|:-----------:|:------------------:|
| iv_498 | 5.735416645445938 × 10^298 | 4267 | 73 |
| iv_510 | 4.817743558795456 × 10^300 | 4273 | 74 |
| iv_500 | 8.197591010005681 × 10^298 | 4112 | 76 |
| iv_507 | 2.313638506604591 × 10^300 | 4183 | 76 |
| iv_503 | 4.17156573187351 × 10^299 | 4145 | 78 |
| iv_504 | 6.64147895085089 × 10^299 | 3934 | 78 |
| iv_501 | 1.4864189167352236 × 10^299 | 4056 | 79 |
| iv_505 | 1.0296362650137518 × 10^300 | 3918 | 79 |
| iv_509 | 4.57161201479425 × 10^300 | 4246 | 80 |
| iv_511 | 3.7918092078731953 × 10^297 | 4220 | 80 |
| iv_502 | 2.5387234584252463 × 10^299 | 3887 | 82 |
| iv_506 | 1.5592050020976406 × 10^300 | 3963 | 82 |
| iv_508 | 3.31080526767377 × 10^300 | 4150 | 86 |

## Input Bit Co-occurrences

### Input Bit Co-occurrences Sorted by Co-occurrences

| Input Bits | Co-occurrences | Potential Occurrences | Output Co-occurrences | Potential Output Occurrences |
|:----------:|:--------------:|:---------------------:|:---------------------:|:----------------------------:|
| iv_509-iv_510 | 2132 | 4255 | 37 | 80 |
| iv_500-iv_511 | 2078 | 4176 | 38 | 80 |
| iv_509-iv_511 | 2077 | 4312 | 37 | 86 |
| iv_510-iv_511 | 2076 | 4341 | 39 | 76 |
| iv_507-iv_508 | 2070 | 4193 | 44 | 74 |
| iv_508-iv_511 | 2069 | 4232 | 43 | 80 |
| iv_500-iv_510 | 2059 | 4267 | 38 | 74 |
| iv_508-iv_509 | 2054 | 4288 | 41 | 84 |
| iv_501-iv_511 | 2054 | 4168 | 41 | 77 |
| iv_508-iv_510 | 2052 | 4319 | 36 | 88 |
| iv_498-iv_509 | 2051 | 4411 | 38 | 77 |
| iv_507-iv_509 | 2035 | 4359 | 38 | 80 |
| iv_503-iv_509 | 2028 | 4335 | 38 | 82 |

### Input Bit Co-occurrences Sorted by Potential Occurrences

| Input Bits | Co-occurrences | Potential Occurrences | Output Co-occurrences | Potential Output Occurrences |
|:----------:|:--------------:|:---------------------:|:---------------------:|:----------------------------:|
| iv_504-iv_508 | 1987 | 4110 | 43 | 78 |
| iv_504-iv_506 | 1876 | 4145 | 42 | 76 |
| iv_502-iv_505 | 1827 | 4151 | 36 | 89 |
| iv_506-iv_507 | 1995 | 4156 | 39 | 80 |
| iv_504-iv_505 | 1846 | 4160 | 41 | 75 |
| iv_501-iv_505 | 1906 | 4162 | 36 | 86 |
| iv_501-iv_511 | 2054 | 4168 | 41 | 77 |
| iv_500-iv_511 | 2078 | 4176 | 38 | 80 |
| iv_502-iv_508 | 1928 | 4181 | 41 | 86 |
| iv_500-iv_505 | 1921 | 4188 | 42 | 71 |
| iv_507-iv_508 | 2070 | 4193 | 44 | 74 |
| iv_506-iv_508 | 1960 | 4193 | 48 | 72 |
| iv_505-iv_510 | 1992 | 4207 | 40 | 73 |

### Input Bit Output Co-occurrences Sorted by Output Co-occurrences

| Input Bits | Co-occurrences | Potential Occurrences | Output Co-occurrences | Potential Output Occurrences |
|:----------:|:--------------:|:---------------------:|:---------------------:|:----------------------------:|
| iv_506-iv_508 | 1960 | 4193 | 48 | 72 |
| iv_502-iv_511 | 1921 | 4265 | 45 | 72 |
| iv_505-iv_508 | 1917 | 4234 | 44 | 77 |
| iv_502-iv_506 | 1817 | 4216 | 44 | 76 |
| iv_507-iv_508 | 2070 | 4193 | 44 | 74 |
| iv_504-iv_508 | 1987 | 4110 | 43 | 78 |
| iv_508-iv_511 | 2069 | 4232 | 43 | 80 |
| iv_502-iv_504 | 1804 | 4213 | 42 | 76 |
| iv_503-iv_505 | 1922 | 4219 | 42 | 73 |
| iv_503-iv_508 | 2027 | 4241 | 42 | 80 |
| iv_502-iv_507 | 1899 | 4272 | 42 | 74 |
| iv_504-iv_506 | 1876 | 4145 | 42 | 76 |
| iv_500-iv_505 | 1921 | 4188 | 42 | 71 |

### Input Bit Output Co-occurrences Sorted by Potential Output Occurrences

| Input Bits | Co-occurrences | Potential Occurrences | Output Co-occurrences | Potential Output Occurrences |
|:----------:|:--------------:|:---------------------:|:---------------------:|:----------------------------:|
| iv_500-iv_505 | 1921 | 4188 | 42 | 71 |
| iv_498-iv_504 | 1915 | 4371 | 40 | 71 |
| iv_502-iv_511 | 1921 | 4265 | 45 | 72 |
| iv_506-iv_508 | 1960 | 4193 | 48 | 72 |
| iv_503-iv_505 | 1922 | 4219 | 42 | 73 |
| iv_500-iv_501 | 1960 | 4248 | 41 | 73 |
| iv_501-iv_510 | 1939 | 4451 | 40 | 73 |
| iv_505-iv_510 | 1992 | 4207 | 40 | 73 |
| iv_498-iv_503 | 1961 | 4490 | 39 | 73 |
| iv_500-iv_510 | 2059 | 4267 | 38 | 74 |
| iv_502-iv_507 | 1899 | 4272 | 42 | 74 |
| iv_507-iv_508 | 2070 | 4193 | 44 | 74 |
| iv_504-iv_505 | 1846 | 4160 | 41 | 75 |

## Output Bits

### Output Bits in Regular Order

| Rank | Output Bit | Complexity |
|:----:|:----------:|:----------:|
| 1 | ov_001 | 3.0079315452000098 × 10^300 |
| 2 | ov_002 | 2.6172776574714264 × 10^300 |
| 3 | ov_003 | 2.2665563671905728 × 10^300 |
| 4 | ov_004 | 1.9527754170821646 × 10^300 |
| 5 | ov_005 | 1.6731060041041414 × 10^300 |
| 6 | ov_006 | 1.4248712388383285 × 10^300 |
| 7 | ov_007 | 1.2055361170593324 × 10^300 |
| 8 | ov_008 | 1.0126988637619126 × 10^300 |
| 9 | ov_009 | 8.440835173908904 × 10^299 |
| 10 | ov_010 | 6.97533629212911 × 10^299 |
| 11 | ov_011 | 5.710069597443325 × 10^299 |
| 12 | ov_012 | 4.625710609461794 × 10^299 |
| 13 | ov_013 | 3.703996395517151 × 10^299 |
| 14 | ov_014 | 2.9276960343570164 × 10^299 |
| 15 | ov_015 | 2.280586993928393 × 10^299 |
| 16 | ov_016 | 1.7474365708778112 × 10^299 |
| 17 | ov_017 | 1.3139876028794217 × 10^299 |
| 18 | ov_018 | 9.66947728069029 × 10^298 |
| 19 | ov_019 | 6.939815288106632 × 10^298 |
| 20 | ov_020 | 4.837049598307787 × 10^298 |
| 21 | ov_021 | 3.256815234766563 × 10^298 |
| 22 | ov_022 | 2.1041971752497335 × 10^298 |
| 23 | ov_023 | 1.2937136152399328 × 10^298 |
| 24 | ov_024 | 7.493052011725299 × 10^297 |
| 25 | ov_025 | 4.043284251365274 × 10^297 |
| 26 | ov_026 | 2.0155190406838368 × 10^297 |
| 27 | ov_027 | 9.315454132519967 × 10^296 |
| 28 | ov_028 | 4.072477612629766 × 10^296 |
| 29 | ov_029 | 1.5260341866211175 × 10^296 |
| 30 | ov_030 | 4.612416230938464 × 10^295 |
| 31 | ov_031 | 1.0208285005798265 × 10^295 |
| 32 | lv_80_m31 | 1.990115464830918 × 10^294 |
| 33 | ov_033 | 2.389676713637246 × 10^295 |
| 34 | ov_034 | 2.073716450963096 × 10^295 |
| 35 | ov_035 | 1.7905906303175603 × 10^295 |
| 36 | ov_036 | 1.5378122528879328 × 10^295 |
| 37 | ov_037 | 1.3130299382970344 × 10^295 |
| 38 | ov_038 | 1.1140183917995295 × 10^295 |
| 39 | ov_039 | 9.38670125225984 × 10^294 |
| 40 | ov_040 | 7.849883126122157 × 10^294 |
| 41 | ov_041 | 6.510806687127361 × 10^294 |
| 42 | ov_042 | 5.3515424548151775 × 10^294 |
| 43 | ov_043 | 4.355110481559955 × 10^294 |
| 44 | ov_044 | 3.505443788431079 × 10^294 |
| 45 | ov_045 | 2.7873582151845587 × 10^294 |
| 46 | ov_046 | 2.1865278814742714 × 10^294 |
| 47 | ov_047 | 1.689465512537429 × 10^294 |
| 48 | ov_048 | 1.2835069372668939 × 10^294 |
| 49 | ov_049 | 9.567991200084081 × 10^293 |
| 50 | ov_050 | 6.9829113985992025 × 10^293 |
| 51 | ov_051 | 4.977275829207105 × 10^293 |
| 52 | ov_052 | 3.4564386402890758 × 10^293 |
| 53 | ov_053 | 2.333630451974804 × 10^293 |
| 54 | ov_054 | 1.5299376834250592 × 10^293 |
| 55 | ov_055 | 9.742897009660175 × 10^292 |
| 56 | ov_056 | 6.034510797018403 × 10^292 |
| 57 | ov_057 | 3.62017081696759 × 10^292 |
| 58 | ov_058 | 2.0241117028005742 × 10^292 |
| 59 | ov_059 | 1.0280191552854137 × 10^292 |
| 60 | ov_060 | 4.527117499134028 × 10^291 |
| 61 | ov_061 | 1.5813943622026284 × 10^291 |
| 62 | ov_062 | 4.33831037349072 × 10^290 |
| 63 | ov_063 | 8.456352287724727 × 10^289 |
| 64 | lv_79_m31 | 1.6480042922210848 × 10^289 |
| 65 | ov_065 | 1.981777486578978 × 10^290 |
| 66 | ov_066 | 1.9817715884822354 × 10^290 |
| 67 | ov_067 | 1.9817701450251523 × 10^290 |
| 68 | ov_068 | 1.7181026483998167 × 10^290 |
| 69 | ov_069 | 1.4823683907186558 × 10^290 |
| 70 | ov_070 | 1.2723329815437986 × 10^290 |
| 71 | ov_071 | 1.085899470205854 × 10^290 |
| 72 | ov_072 | 9.21099040793654 × 10^289 |
| 73 | ov_073 | 7.760825306845157 × 10^289 |
| 74 | ov_074 | 6.491127287922407 × 10^289 |
| 75 | ov_075 | 5.385574114342815 × 10^289 |
| 76 | ov_076 | 4.4288307514407876 × 10^289 |
| 77 | ov_077 | 3.6064932691644995 × 10^289 |
| 78 | ov_078 | 2.905038933076216 × 10^289 |
| 79 | ov_079 | 2.311782105491963 × 10^289 |
| 80 | ov_080 | 1.8148355840676956 × 10^289 |
| 81 | ov_081 | 1.403077009464374 × 10^289 |
| 82 | ov_082 | 1.0661199769107775 × 10^289 |
| 83 | ov_083 | 7.94289488756789 × 10^288 |
| 84 | ov_084 | 5.786013866741426 × 10^288 |
| 85 | ov_085 | 4.10745403195385 × 10^288 |
| 86 | ov_086 | 2.8307147293929944 × 10^288 |
| 87 | ov_087 | 1.885789442767116 × 10^288 |
| 88 | ov_088 | 1.2090833243414838 × 10^288 |
| 89 | ov_089 | 7.43352551731344 × 10^287 |
| 90 | ov_090 | 4.376619225854356 × 10^287 |
| 91 | ov_091 | 2.473570996705226 × 10^287 |
| 92 | ov_092 | 1.3404794911278522 × 10^287 |
| 93 | ov_093 | 6.559959194421219 × 10^286 |
| 94 | ov_094 | 2.750766491385196 × 10^286 |
| 95 | aaa_78_28 | 8.39275186620873 × 10^285 |
| 96 | aaa_78_29 | 2.9994579661240516 × 10^285 |
| 97 | ov_097 | 1.980313497857329 × 10^285 |
| 98 | ov_098 | 1.98025402275345 × 10^285 |
| 99 | ov_099 | 1.9802350104836994 × 10^285 |
| 100 | ov_100 | 1.7817548803080776 × 10^285 |
| 101 | ov_101 | 1.5979704185396505 × 10^285 |
| 102 | ov_102 | 1.428068799509146 × 10^285 |
| 103 | ov_103 | 1.271296250820931 × 10^285 |
| 104 | ov_104 | 1.1269505423609921 × 10^285 |
| 105 | ov_105 | 9.943741493062278 × 10^284 |
| 106 | ov_106 | 8.729480536177332 × 10^284 |
| 107 | ov_107 | 7.620861498763868 × 10^284 |
| 108 | ov_108 | 6.612302224441552 × 10^284 |
| 109 | ov_109 | 5.6984546184224426 × 10^284 |
| 110 | ov_110 | 4.874164889578178 × 10^284 |
| 111 | ov_111 | 4.134438562509503 × 10^284 |
| 112 | ov_112 | 3.474409955581757 × 10^284 |
| 113 | ov_113 | 2.8893158240173556 × 10^284 |
| 114 | ov_114 | 2.3744728693574842 × 10^284 |
| 115 | ov_115 | 1.9252588181129016 × 10^284 |
| 116 | ov_116 | 1.5370967733909107 × 10^284 |
| 117 | ov_117 | 1.2054425438645704 × 10^284 |
| 118 | ov_118 | 9.257746547725945 × 10^283 |
| 119 | ov_119 | 6.935867458090724 × 10^283 |
| 120 | ov_120 | 5.04382060852979 × 10^283 |
| 121 | ov_121 | 3.5366973453745566 × 10^283 |
| 122 | ov_122 | 2.3696244825999945 × 10^283 |
| 123 | ov_123 | 1.497749326907287 × 10^283 |
| 124 | ov_124 | 8.762300000463767 × 10^282 |
| 125 | ov_125 | 4.6022960808391225 × 10^282 |
| 126 | ov_126 | 2.0491308128014797 × 10^282 |
| 127 | aaa_77_28 | 6.544582855693176 × 10^281 |
| 128 | aaa_77_29 | 2.4542410561600606 × 10^281 |
| 129 | ov_129 | 2.2888259003529215 × 10^281 |
| 130 | ov_130 | 2.288819407219581 × 10^281 |
| 131 | ov_131 | 2.2888178351927385 × 10^281 |
| 132 | ov_132 | 1.9881533634788418 × 10^281 |
| 133 | ov_133 | 1.7184995088755053 × 10^281 |
| 134 | ov_134 | 1.477522856749605 × 10^281 |
| 135 | ov_135 | 1.2630172130121048 × 10^281 |
| 136 | ov_136 | 1.0728945154921224 × 10^281 |
| 137 | ov_137 | 9.051769498280979 × 10^280 |
| 138 | ov_138 | 7.579901587041492 × 10^280 |
| 139 | ov_139 | 6.2955743903580635 × 10^280 |
| 140 | ov_140 | 5.181948272969854 × 10^280 |
| 141 | ov_141 | 4.223069786178398 × 10^280 |
| 142 | ov_142 | 3.403837506040927 × 10^280 |
| 143 | ov_143 | 2.7099740806065315 × 10^280 |
| 144 | ov_144 | 2.1280036996896845 × 10^280 |
| 145 | ov_145 | 1.6452342518757175 × 10^280 |
| 146 | ov_146 | 1.249743484335092 × 10^280 |
| 147 | ov_147 | 9.303685316998963 × 10^279 |
| 148 | ov_148 | 6.766982308066333 × 10^279 |
| 149 | ov_149 | 4.790676885854716 × 10^279 |
| 150 | ov_150 | 3.2855462080795136 × 10^279 |
| 151 | ov_151 | 2.1697702980912016 × 10^279 |
| 152 | ov_152 | 1.3689183968601333 × 10^279 |
| 153 | ov_153 | 8.15941578488547 × 10^278 |
| 154 | ov_154 | 4.511689342066049 × 10^278 |
| 155 | ov_155 | 2.223055123210985 × 10^278 |
| 156 | aaa_76_25 | 8.443119655279423 × 10^277 |
| 157 | aaa_76_26 | 4.791755681649302 × 10^277 |
| 158 | aaa_76_27 | 2.464650180938135 × 10^277 |
| 159 | aaa_76_28 | 1.0931155144528995 × 10^277 |
| 160 | aaa_76_29 | 3.3294794669991194 × 10^276 |

### Output Bits Sorted by Complexity

| Rank | Output Bit | Complexity |
|:----:|:----------:|:----------:|
| 160 | aaa_76_29 | 3.3294794669991194 × 10^276 |
| 159 | aaa_76_28 | 1.0931155144528995 × 10^277 |
| 158 | aaa_76_27 | 2.464650180938135 × 10^277 |
| 157 | aaa_76_26 | 4.791755681649302 × 10^277 |
| 156 | aaa_76_25 | 8.443119655279423 × 10^277 |
| 155 | ov_155 | 2.223055123210985 × 10^278 |
| 154 | ov_154 | 4.511689342066049 × 10^278 |
| 153 | ov_153 | 8.15941578488547 × 10^278 |
| 152 | ov_152 | 1.3689183968601333 × 10^279 |
| 151 | ov_151 | 2.1697702980912016 × 10^279 |
| 150 | ov_150 | 3.2855462080795136 × 10^279 |
| 149 | ov_149 | 4.790676885854716 × 10^279 |
| 148 | ov_148 | 6.766982308066333 × 10^279 |
| 147 | ov_147 | 9.303685316998963 × 10^279 |
| 146 | ov_146 | 1.249743484335092 × 10^280 |
| 145 | ov_145 | 1.6452342518757175 × 10^280 |
| 144 | ov_144 | 2.1280036996896845 × 10^280 |
| 143 | ov_143 | 2.7099740806065315 × 10^280 |
| 142 | ov_142 | 3.403837506040927 × 10^280 |
| 141 | ov_141 | 4.223069786178398 × 10^280 |
| 140 | ov_140 | 5.181948272969854 × 10^280 |
| 139 | ov_139 | 6.2955743903580635 × 10^280 |
| 138 | ov_138 | 7.579901587041492 × 10^280 |
| 137 | ov_137 | 9.051769498280979 × 10^280 |
| 136 | ov_136 | 1.0728945154921224 × 10^281 |
| 135 | ov_135 | 1.2630172130121048 × 10^281 |
| 134 | ov_134 | 1.477522856749605 × 10^281 |
| 133 | ov_133 | 1.7184995088755053 × 10^281 |
| 132 | ov_132 | 1.9881533634788418 × 10^281 |
| 131 | ov_131 | 2.2888178351927385 × 10^281 |
| 130 | ov_130 | 2.288819407219581 × 10^281 |
| 129 | ov_129 | 2.2888259003529215 × 10^281 |
| 128 | aaa_77_29 | 2.4542410561600606 × 10^281 |
| 127 | aaa_77_28 | 6.544582855693176 × 10^281 |
| 126 | ov_126 | 2.0491308128014797 × 10^282 |
| 125 | ov_125 | 4.6022960808391225 × 10^282 |
| 124 | ov_124 | 8.762300000463767 × 10^282 |
| 123 | ov_123 | 1.497749326907287 × 10^283 |
| 122 | ov_122 | 2.3696244825999945 × 10^283 |
| 121 | ov_121 | 3.5366973453745566 × 10^283 |
| 120 | ov_120 | 5.04382060852979 × 10^283 |
| 119 | ov_119 | 6.935867458090724 × 10^283 |
| 118 | ov_118 | 9.257746547725945 × 10^283 |
| 117 | ov_117 | 1.2054425438645704 × 10^284 |
| 116 | ov_116 | 1.5370967733909107 × 10^284 |
| 115 | ov_115 | 1.9252588181129016 × 10^284 |
| 114 | ov_114 | 2.3744728693574842 × 10^284 |
| 113 | ov_113 | 2.8893158240173556 × 10^284 |
| 112 | ov_112 | 3.474409955581757 × 10^284 |
| 111 | ov_111 | 4.134438562509503 × 10^284 |
| 110 | ov_110 | 4.874164889578178 × 10^284 |
| 109 | ov_109 | 5.6984546184224426 × 10^284 |
| 108 | ov_108 | 6.612302224441552 × 10^284 |
| 107 | ov_107 | 7.620861498763868 × 10^284 |
| 106 | ov_106 | 8.729480536177332 × 10^284 |
| 105 | ov_105 | 9.943741493062278 × 10^284 |
| 104 | ov_104 | 1.1269505423609921 × 10^285 |
| 103 | ov_103 | 1.271296250820931 × 10^285 |
| 102 | ov_102 | 1.428068799509146 × 10^285 |
| 101 | ov_101 | 1.5979704185396505 × 10^285 |
| 100 | ov_100 | 1.7817548803080776 × 10^285 |
| 99 | ov_099 | 1.9802350104836994 × 10^285 |
| 98 | ov_098 | 1.98025402275345 × 10^285 |
| 97 | ov_097 | 1.980313497857329 × 10^285 |
| 96 | aaa_78_29 | 2.9994579661240516 × 10^285 |
| 95 | aaa_78_28 | 8.39275186620873 × 10^285 |
| 94 | ov_094 | 2.750766491385196 × 10^286 |
| 93 | ov_093 | 6.559959194421219 × 10^286 |
| 92 | ov_092 | 1.3404794911278522 × 10^287 |
| 91 | ov_091 | 2.473570996705226 × 10^287 |
| 90 | ov_090 | 4.376619225854356 × 10^287 |
| 89 | ov_089 | 7.43352551731344 × 10^287 |
| 88 | ov_088 | 1.2090833243414838 × 10^288 |
| 87 | ov_087 | 1.885789442767116 × 10^288 |
| 86 | ov_086 | 2.8307147293929944 × 10^288 |
| 85 | ov_085 | 4.10745403195385 × 10^288 |
| 84 | ov_084 | 5.786013866741426 × 10^288 |
| 83 | ov_083 | 7.94289488756789 × 10^288 |
| 82 | ov_082 | 1.0661199769107775 × 10^289 |
| 81 | ov_081 | 1.403077009464374 × 10^289 |
| 64 | lv_79_m31 | 1.6480042922210848 × 10^289 |
| 80 | ov_080 | 1.8148355840676956 × 10^289 |
| 79 | ov_079 | 2.311782105491963 × 10^289 |
| 78 | ov_078 | 2.905038933076216 × 10^289 |
| 77 | ov_077 | 3.6064932691644995 × 10^289 |
| 76 | ov_076 | 4.4288307514407876 × 10^289 |
| 75 | ov_075 | 5.385574114342815 × 10^289 |
| 74 | ov_074 | 6.491127287922407 × 10^289 |
| 73 | ov_073 | 7.760825306845157 × 10^289 |
| 63 | ov_063 | 8.456352287724727 × 10^289 |
| 72 | ov_072 | 9.21099040793654 × 10^289 |
| 71 | ov_071 | 1.085899470205854 × 10^290 |
| 70 | ov_070 | 1.2723329815437986 × 10^290 |
| 69 | ov_069 | 1.4823683907186558 × 10^290 |
| 68 | ov_068 | 1.7181026483998167 × 10^290 |
| 67 | ov_067 | 1.9817701450251523 × 10^290 |
| 66 | ov_066 | 1.9817715884822354 × 10^290 |
| 65 | ov_065 | 1.981777486578978 × 10^290 |
| 62 | ov_062 | 4.33831037349072 × 10^290 |
| 61 | ov_061 | 1.5813943622026284 × 10^291 |
| 60 | ov_060 | 4.527117499134028 × 10^291 |
| 59 | ov_059 | 1.0280191552854137 × 10^292 |
| 58 | ov_058 | 2.0241117028005742 × 10^292 |
| 57 | ov_057 | 3.62017081696759 × 10^292 |
| 56 | ov_056 | 6.034510797018403 × 10^292 |
| 55 | ov_055 | 9.742897009660175 × 10^292 |
| 54 | ov_054 | 1.5299376834250592 × 10^293 |
| 53 | ov_053 | 2.333630451974804 × 10^293 |
| 52 | ov_052 | 3.4564386402890758 × 10^293 |
| 51 | ov_051 | 4.977275829207105 × 10^293 |
| 50 | ov_050 | 6.9829113985992025 × 10^293 |
| 49 | ov_049 | 9.567991200084081 × 10^293 |
| 48 | ov_048 | 1.2835069372668939 × 10^294 |
| 47 | ov_047 | 1.689465512537429 × 10^294 |
| 32 | lv_80_m31 | 1.990115464830918 × 10^294 |
| 46 | ov_046 | 2.1865278814742714 × 10^294 |
| 45 | ov_045 | 2.7873582151845587 × 10^294 |
| 44 | ov_044 | 3.505443788431079 × 10^294 |
| 43 | ov_043 | 4.355110481559955 × 10^294 |
| 42 | ov_042 | 5.3515424548151775 × 10^294 |
| 41 | ov_041 | 6.510806687127361 × 10^294 |
| 40 | ov_040 | 7.849883126122157 × 10^294 |
| 39 | ov_039 | 9.38670125225984 × 10^294 |
| 31 | ov_031 | 1.0208285005798265 × 10^295 |
| 38 | ov_038 | 1.1140183917995295 × 10^295 |
| 37 | ov_037 | 1.3130299382970344 × 10^295 |
| 36 | ov_036 | 1.5378122528879328 × 10^295 |
| 35 | ov_035 | 1.7905906303175603 × 10^295 |
| 34 | ov_034 | 2.073716450963096 × 10^295 |
| 33 | ov_033 | 2.389676713637246 × 10^295 |
| 30 | ov_030 | 4.612416230938464 × 10^295 |
| 29 | ov_029 | 1.5260341866211175 × 10^296 |
| 28 | ov_028 | 4.072477612629766 × 10^296 |
| 27 | ov_027 | 9.315454132519967 × 10^296 |
| 26 | ov_026 | 2.0155190406838368 × 10^297 |
| 25 | ov_025 | 4.043284251365274 × 10^297 |
| 24 | ov_024 | 7.493052011725299 × 10^297 |
| 23 | ov_023 | 1.2937136152399328 × 10^298 |
| 22 | ov_022 | 2.1041971752497335 × 10^298 |
| 21 | ov_021 | 3.256815234766563 × 10^298 |
| 20 | ov_020 | 4.837049598307787 × 10^298 |
| 19 | ov_019 | 6.939815288106632 × 10^298 |
| 18 | ov_018 | 9.66947728069029 × 10^298 |
| 17 | ov_017 | 1.3139876028794217 × 10^299 |
| 16 | ov_016 | 1.7474365708778112 × 10^299 |
| 15 | ov_015 | 2.280586993928393 × 10^299 |
| 14 | ov_014 | 2.9276960343570164 × 10^299 |
| 13 | ov_013 | 3.703996395517151 × 10^299 |
| 12 | ov_012 | 4.625710609461794 × 10^299 |
| 11 | ov_011 | 5.710069597443325 × 10^299 |
| 10 | ov_010 | 6.97533629212911 × 10^299 |
| 9 | ov_009 | 8.440835173908904 × 10^299 |
| 8 | ov_008 | 1.0126988637619126 × 10^300 |
| 7 | ov_007 | 1.2055361170593324 × 10^300 |
| 6 | ov_006 | 1.4248712388383285 × 10^300 |
| 5 | ov_005 | 1.6731060041041414 × 10^300 |
| 4 | ov_004 | 1.9527754170821646 × 10^300 |
| 3 | ov_003 | 2.2665563671905728 × 10^300 |
| 2 | ov_002 | 2.6172776574714264 × 10^300 |
| 1 | ov_001 | 3.0079315452000098 × 10^300 |

