# Results for F001-F002-F003-F004-F005-F006-F007-F008-F009-F010-F011-F012-F013-F014-F015-F016-F017-F018-F019-F020-F021-F022-F023-F024-F025-F026-F027-F028-F029-F030-F031-F032-F033-F034-F035-F036-F037-F038-F039-F040-F041-F042-F043-F044-F045-F046-F047-F048-F049-F050-F051-F052-F053-F054-F055-F056-F057-F058-F059-F060-F061-F062-F063-F064-F065-F066-F067-F068-F069-F070-F071-F072-F073-F074-F075-F076-F077-F078-F079-F080-F081-F082-F083-F084-F085-F086-F087-F088-F089-F090-F091-F092-F093-F094-F095-F096-F097-F098-F099-F100-F101-F102-F103-F104-F105-F106-F107-F108-F109-F110-F111-F112-F113-F114-F115-F116-F117-F118-F119-F120-F121-F122-F123-F124-F125-F126-F127-F128-F129-F130-F131-F132-F133-F134-F135-F136-F137-F138-F139-F140-F141-F142-F143-F144-F145-F146-F147-F148-F149-F150-F151-F152-F153-F154-F155-F156-F157-F158-F159-F160-F161-F162-F163-F164-F165-F166-F167-F168-F169-F170-F171-F172-F173-F174-F175-F176-F177-F178-F179-F180-F181-F182-F183-F184-F185-F186-F187-F188-F189-F190-F191-F192-F193-F194-F195-F196-F197-F198-F199-F200-F201-F202-F203-F204-F205-F206-F207-F208-F209-F210-F211-F212-F213-F214-F215-F216-F217-F218-F219-F220-F221-F222-F223-F224-F225-F226-F227-F228-F229-F230-F231-F232-F233-F234-F235-F236-F237-F238-F239-F240-F241-F242-F243-F244-F245-F246-F247-F248-F249-F250-F251-F252-F253-F254-F255-F256-F257-F258-F259-F260-F261-F262-F263-F264-F265-F266-F267-F268-F269-F270-F271-F272-F273-F274-F275-F276-F277-F278-F279-F280-F281-F282-F283-F284-F285-F286-F287-F288-F289-F290-F291-F292-F293-F294-F295-F296-F297-F298-F299-F300-F301-F302-F303-F304-F305-F306-F307-F308-F309-F310-F311-F312-F313-F314-F315-F316-F317-F318-F319-F320-F321-F322-F323-F324-F325-F326-F327-F328-F329-F330-F331-F332-F333-F334-F335-F336-F337-F338-F339-F340-F341-F342-F343-F344-F345-F346-F347-F348-F349-F350-F351-F352-F353-F354-F355-F356-F357-F358-F359-F360-F361-F362-F363-F364-F365-F366-F367-F368-F369-F370-F371-F372-F373-F374-F375-F376-F377-F378-F379-F380-F381-F382-F383-F384-F385-F386-F387-F388-F389-F390-F391-F392-F393-F394-F395-F396-F397-F398-F399-F400-F401-F402-F403-F404-F405-F406-F407-F408-F409-F410-F411-F412-F413-F414-F415-F416-F417-F418-F419-F420-F421-F422-F423-F424-F425-F426-F427-F428-F429-F430-F431-F432-F433-F434-F435-F436-F437-F438-F439-F440-F441-F442-F443-F444-F445-F446-F447-F448-F449-F450-F451-F452-F453-F454-F455-F456-F457-F458-F459-F460-F461-F462-F463-F464-F465-F466-F467-F468-F469-F470-F471-F472-F473-F474-F475-F476-F477-F478-F479-F480-F481-F482-F483-F484-F485-F486-F487-F488-F489-F490-F491-F492-F493-F494-F495-F496-O499508-O500505-F512

## Summary

Number of input bits: 512  
Number of free input bits: 13  
Number of output bits: 160

Number of direct occurrences: 53629  
Number of assignments: 31975  
Number of operations: 11334262
(xor: 11305681,
and: 14957,
or: 13624)

Total complexity: 1.0087666337916918 × 10^303

Least occurring input variable: iv_502 (3850)  
Most occurring input variable: iv_510 (4319)

Most co-occurring input variables: iv_509-iv_510 (2142)  
Least co-occurring input variables: iv_498-iv_502 (1753)

Potentially most occurring input variable: iv_499/iv_500 (4581)  
Potentially least occurring input variable: iv_504/iv_506 (4178)

Least output occurring input variable: iv_504 (70)  
Most output occurring input variable: iv_498 (91)

Most output co-occurring input variables: iv_497-iv_503 (50)  
Least output co-occurring input variables: iv_500-iv_502 (29)

Potentially most output occurring input variable: iv_502/iv_503 (93)  
Potentially least output occurring input variable: iv_507/iv_510 (63)

Least complex input bit: iv_511 (1.9027159753124834 × 10^299)  
Most complex input bit: iv_510 (2.5044914980902965 × 10^302)

Least complex output bit: aaa_76_29 (3.6215981584406384 × 10^277)  
Most complex output bit: ov_001 (1.577081892914546 × 10^302)

Least complex input/output complexity: iv_511/aaa_76_29 (6.830987902847519 × 10^273)  
Most complex input/output complexity: iv_510/ov_001 (3.91546276441599 × 10^301)

## Input Bits

### Input Bits in Regular Order

| Input Bit | Complexity | Occurrences | Output Occurrences |
|:---------:|:----------:|:-----------:|:------------------:|
| iv_497 | 8.926071172946853 × 10^299 | 4145 | 88 |
| iv_498 | 1.778714744763958 × 10^300 | 3969 | 91 |
| iv_499 | 1.7514207180411565 × 10^302 | 4166 | 73 |
| iv_500 | 5.947308467423781 × 10^301 | 4225 | 72 |
| iv_501 | 8.850794512824053 × 10^300 | 4110 | 83 |
| iv_502 | 1.438048559096321 × 10^301 | 3850 | 71 |
| iv_503 | 2.2834526381852916 × 10^301 | 4194 | 82 |
| iv_504 | 3.5502161174745796 × 10^301 | 3956 | 70 |
| iv_506 | 8.139142193751874 × 10^301 | 4000 | 80 |
| iv_507 | 1.203352892674102 × 10^302 | 4202 | 75 |
| iv_509 | 2.375460551794049 × 10^302 | 4252 | 80 |
| iv_510 | 2.5044914980902965 × 10^302 | 4319 | 76 |
| iv_511 | 1.9027159753124834 × 10^299 | 4241 | 79 |

### Input Bits Sorted by Complexity

| Input Bit | Complexity | Occurrences | Output Occurrences |
|:---------:|:----------:|:-----------:|:------------------:|
| iv_511 | 1.9027159753124834 × 10^299 | 4241 | 79 |
| iv_497 | 8.926071172946853 × 10^299 | 4145 | 88 |
| iv_498 | 1.778714744763958 × 10^300 | 3969 | 91 |
| iv_501 | 8.850794512824053 × 10^300 | 4110 | 83 |
| iv_502 | 1.438048559096321 × 10^301 | 3850 | 71 |
| iv_503 | 2.2834526381852916 × 10^301 | 4194 | 82 |
| iv_504 | 3.5502161174745796 × 10^301 | 3956 | 70 |
| iv_500 | 5.947308467423781 × 10^301 | 4225 | 72 |
| iv_506 | 8.139142193751874 × 10^301 | 4000 | 80 |
| iv_507 | 1.203352892674102 × 10^302 | 4202 | 75 |
| iv_499 | 1.7514207180411565 × 10^302 | 4166 | 73 |
| iv_509 | 2.375460551794049 × 10^302 | 4252 | 80 |
| iv_510 | 2.5044914980902965 × 10^302 | 4319 | 76 |

### Input Bits Sorted by Occurrences

| Input Bit | Complexity | Occurrences | Output Occurrences |
|:---------:|:----------:|:-----------:|:------------------:|
| iv_502 | 1.438048559096321 × 10^301 | 3850 | 71 |
| iv_504 | 3.5502161174745796 × 10^301 | 3956 | 70 |
| iv_498 | 1.778714744763958 × 10^300 | 3969 | 91 |
| iv_506 | 8.139142193751874 × 10^301 | 4000 | 80 |
| iv_501 | 8.850794512824053 × 10^300 | 4110 | 83 |
| iv_497 | 8.926071172946853 × 10^299 | 4145 | 88 |
| iv_499 | 1.7514207180411565 × 10^302 | 4166 | 73 |
| iv_503 | 2.2834526381852916 × 10^301 | 4194 | 82 |
| iv_507 | 1.203352892674102 × 10^302 | 4202 | 75 |
| iv_500 | 5.947308467423781 × 10^301 | 4225 | 72 |
| iv_511 | 1.9027159753124834 × 10^299 | 4241 | 79 |
| iv_509 | 2.375460551794049 × 10^302 | 4252 | 80 |
| iv_510 | 2.5044914980902965 × 10^302 | 4319 | 76 |

### Input Bits Sorted by Output Occurrences

| Input Bit | Complexity | Occurrences | Output Occurrences |
|:---------:|:----------:|:-----------:|:------------------:|
| iv_504 | 3.5502161174745796 × 10^301 | 3956 | 70 |
| iv_502 | 1.438048559096321 × 10^301 | 3850 | 71 |
| iv_500 | 5.947308467423781 × 10^301 | 4225 | 72 |
| iv_499 | 1.7514207180411565 × 10^302 | 4166 | 73 |
| iv_507 | 1.203352892674102 × 10^302 | 4202 | 75 |
| iv_510 | 2.5044914980902965 × 10^302 | 4319 | 76 |
| iv_511 | 1.9027159753124834 × 10^299 | 4241 | 79 |
| iv_509 | 2.375460551794049 × 10^302 | 4252 | 80 |
| iv_506 | 8.139142193751874 × 10^301 | 4000 | 80 |
| iv_503 | 2.2834526381852916 × 10^301 | 4194 | 82 |
| iv_501 | 8.850794512824053 × 10^300 | 4110 | 83 |
| iv_497 | 8.926071172946853 × 10^299 | 4145 | 88 |
| iv_498 | 1.778714744763958 × 10^300 | 3969 | 91 |

## Input Bit Co-occurrences

### Input Bit Co-occurrences Sorted by Co-occurrences

| Input Bits | Co-occurrences | Potential Occurrences | Output Co-occurrences | Potential Output Occurrences |
|:----------:|:--------------:|:---------------------:|:---------------------:|:----------------------------:|
| iv_509-iv_510 | 2142 | 4287 | 38 | 80 |
| iv_510-iv_511 | 2079 | 4402 | 37 | 81 |
| iv_509-iv_511 | 2078 | 4337 | 36 | 87 |
| iv_500-iv_510 | 2078 | 4388 | 35 | 78 |
| iv_503-iv_511 | 2057 | 4321 | 41 | 79 |
| iv_503-iv_510 | 2050 | 4413 | 41 | 76 |
| iv_497-iv_507 | 2046 | 4255 | 41 | 81 |
| iv_501-iv_511 | 2043 | 4265 | 39 | 84 |
| iv_507-iv_509 | 2042 | 4370 | 38 | 79 |
| iv_501-iv_509 | 2041 | 4280 | 44 | 75 |
| iv_497-iv_509 | 2040 | 4317 | 49 | 70 |
| iv_503-iv_507 | 2029 | 4338 | 36 | 85 |
| iv_503-iv_509 | 2029 | 4388 | 40 | 82 |

### Input Bit Co-occurrences Sorted by Potential Occurrences

| Input Bits | Co-occurrences | Potential Occurrences | Output Co-occurrences | Potential Output Occurrences |
|:----------:|:--------------:|:---------------------:|:---------------------:|:----------------------------:|
| iv_504-iv_506 | 1889 | 4178 | 37 | 76 |
| iv_506-iv_507 | 2008 | 4186 | 38 | 79 |
| iv_500-iv_504 | 1981 | 4219 | 32 | 78 |
| iv_498-iv_504 | 1851 | 4223 | 41 | 79 |
| iv_497-iv_504 | 1938 | 4225 | 41 | 76 |
| iv_498-iv_506 | 1869 | 4231 | 42 | 87 |
| iv_502-iv_506 | 1807 | 4236 | 39 | 73 |
| iv_502-iv_504 | 1783 | 4240 | 34 | 73 |
| iv_497-iv_501 | 2007 | 4241 | 46 | 79 |
| iv_497-iv_506 | 1949 | 4247 | 48 | 72 |
| iv_497-iv_507 | 2046 | 4255 | 41 | 81 |
| iv_497-iv_502 | 1867 | 4261 | 39 | 81 |
| iv_502-iv_507 | 1894 | 4264 | 37 | 72 |

### Input Bit Output Co-occurrences Sorted by Output Co-occurrences

| Input Bits | Co-occurrences | Potential Occurrences | Output Co-occurrences | Potential Output Occurrences |
|:----------:|:--------------:|:---------------------:|:---------------------:|:----------------------------:|
| iv_497-iv_503 | 2001 | 4337 | 50 | 70 |
| iv_497-iv_509 | 2040 | 4317 | 49 | 70 |
| iv_497-iv_498 | 1899 | 4316 | 49 | 81 |
| iv_498-iv_501 | 1883 | 4313 | 48 | 78 |
| iv_497-iv_506 | 1949 | 4247 | 48 | 72 |
| iv_498-iv_503 | 1893 | 4377 | 48 | 77 |
| iv_497-iv_501 | 2007 | 4241 | 46 | 79 |
| iv_498-iv_510 | 1992 | 4304 | 45 | 77 |
| iv_501-iv_509 | 2041 | 4280 | 44 | 75 |
| iv_498-iv_507 | 1911 | 4349 | 44 | 78 |
| iv_498-iv_511 | 1912 | 4386 | 44 | 82 |
| iv_507-iv_510 | 2013 | 4495 | 44 | 63 |
| iv_497-iv_511 | 2010 | 4366 | 44 | 79 |

### Input Bit Output Co-occurrences Sorted by Potential Output Occurrences

| Input Bits | Co-occurrences | Potential Occurrences | Output Co-occurrences | Potential Output Occurrences |
|:----------:|:--------------:|:---------------------:|:---------------------:|:----------------------------:|
| iv_507-iv_510 | 2013 | 4495 | 44 | 63 |
| iv_499-iv_503 | 1981 | 4398 | 43 | 69 |
| iv_497-iv_503 | 2001 | 4337 | 50 | 70 |
| iv_497-iv_509 | 2040 | 4317 | 49 | 70 |
| iv_497-iv_506 | 1949 | 4247 | 48 | 72 |
| iv_502-iv_507 | 1894 | 4264 | 37 | 72 |
| iv_502-iv_504 | 1783 | 4240 | 34 | 73 |
| iv_502-iv_506 | 1807 | 4236 | 39 | 73 |
| iv_502-iv_510 | 1911 | 4347 | 37 | 73 |
| iv_499-iv_507 | 1953 | 4462 | 37 | 74 |
| iv_501-iv_509 | 2041 | 4280 | 44 | 75 |
| iv_500-iv_511 | 1973 | 4520 | 38 | 75 |
| iv_504-iv_509 | 1965 | 4278 | 37 | 76 |

## Output Bits

### Output Bits in Regular Order

| Rank | Output Bit | Complexity |
|:----:|:----------:|:----------:|
| 1 | ov_001 | 1.577081892914546 × 10^302 |
| 2 | ov_002 | 1.3723143933399665 × 10^302 |
| 3 | ov_003 | 1.1884812686412995 × 10^302 |
| 4 | ov_004 | 1.0240123748368093 × 10^302 |
| 5 | ov_005 | 8.774235243819017 × 10^301 |
| 6 | ov_006 | 7.473104261414258 × 10^301 |
| 7 | ov_007 | 6.323434148088967 × 10^301 |
| 8 | ov_008 | 5.312628970624623 × 10^301 |
| 9 | ov_009 | 4.4287544564073356 × 10^301 |
| 10 | ov_010 | 3.660504762724082 × 10^301 |
| 11 | ov_011 | 2.9971744602752657 × 10^301 |
| 12 | ov_012 | 2.4286351519747287 × 10^301 |
| 13 | ov_013 | 1.9453161827476108 × 10^301 |
| 14 | ov_014 | 1.5381889300862459 × 10^301 |
| 15 | ov_015 | 1.1987541987230696 × 10^301 |
| 16 | ov_016 | 9.19032276041474 × 10^300 |
| 17 | ov_017 | 6.915552378635235 × 10^300 |
| 18 | ov_018 | 5.093611271005039 × 10^300 |
| 19 | ov_019 | 3.6598966048428925 × 10^300 |
| 20 | ov_020 | 2.5547915125516254 × 10^300 |
| 21 | ov_021 | 1.723643682931182 × 10^300 |
| 22 | ov_022 | 1.116750847632157 × 10^300 |
| 23 | ov_023 | 6.8935111240836375 × 10^299 |
| 24 | ov_024 | 4.01616667904403 × 10^299 |
| 25 | ov_025 | 2.186499387141903 × 10^299 |
| 26 | ov_026 | 1.104814722294091 × 10^299 |
| 27 | ov_027 | 5.206894440551221 × 10^298 |
| 28 | ov_028 | 2.3296767336953407 × 10^298 |
| 29 | ov_029 | 8.975962812089584 × 10^297 |
| 30 | ov_030 | 2.7436875766681328 × 10^297 |
| 31 | ov_031 | 5.3506179644154045 × 10^296 |
| 32 | lv_80_m31 | 1.0432358034465215 × 10^296 |
| 33 | ov_033 | 1.2562175588014938 × 10^297 |
| 34 | ov_034 | 1.0908945772467613 × 10^297 |
| 35 | ov_035 | 9.426959320363152 × 10^296 |
| 36 | ov_036 | 8.103254414871346 × 10^296 |
| 37 | ov_037 | 6.925579664483028 × 10^296 |
| 38 | ov_038 | 5.882343860972896 × 10^296 |
| 39 | ov_039 | 4.962572265266379 × 10^296 |
| 40 | ov_040 | 4.15586882709902 × 10^296 |
| 41 | ov_041 | 3.4523837740003876 × 10^296 |
| 42 | ov_042 | 2.842786034286197 × 10^296 |
| 43 | ov_043 | 2.3182399875046123 × 10^296 |
| 44 | ov_044 | 1.8703860642230044 × 10^296 |
| 45 | ov_045 | 1.491324745208357 × 10^296 |
| 46 | ov_046 | 1.1736035379878326 × 10^296 |
| 47 | ov_047 | 9.102065365122123 × 10^295 |
| 48 | ov_048 | 6.945461972168674 × 10^295 |
| 49 | ov_049 | 5.204569922127376 × 10^295 |
| 50 | ov_050 | 3.821906276701355 × 10^295 |
| 51 | ov_051 | 2.7441254270553984 × 10^295 |
| 52 | ov_052 | 1.9219943126700965 × 10^295 |
| 53 | ov_053 | 1.3103755665345913 × 10^295 |
| 54 | ov_054 | 8.682165540981445 × 10^294 |
| 55 | ov_055 | 5.5854254425994426 × 10^294 |
| 56 | ov_056 | 3.484525807700519 × 10^294 |
| 57 | ov_057 | 2.091170542360589 × 10^294 |
| 58 | ov_058 | 1.1577635597875409 × 10^294 |
| 59 | ov_059 | 5.706806634598902 × 10^293 |
| 60 | ov_060 | 2.366432434713775 × 10^293 |
| 61 | ov_061 | 8.271751299361214 × 10^292 |
| 62 | ov_062 | 2.2706860509890453 × 10^292 |
| 63 | ov_063 | 4.4290398166484786 × 10^291 |
| 64 | lv_79_m31 | 8.637105930625337 × 10^290 |
| 65 | ov_065 | 1.0386033737552211 × 10^292 |
| 66 | ov_066 | 1.0386007066055167 × 10^292 |
| 67 | ov_067 | 1.0386000702636262 × 10^292 |
| 68 | ov_068 | 9.023127918051927 × 10^291 |
| 69 | ov_069 | 7.79982020209019 × 10^291 |
| 70 | ov_070 | 6.70590873823382 × 10^291 |
| 71 | ov_071 | 5.731711294435955 × 10^291 |
| 72 | ov_072 | 4.8680007011647905 × 10^291 |
| 73 | ov_073 | 4.1059795441197605 × 10^291 |
| 74 | ov_074 | 3.4372601750725847 × 10^291 |
| 75 | ov_075 | 2.85384919211483 × 10^291 |
| 76 | ov_076 | 2.348135586518471 × 10^291 |
| 77 | ov_077 | 1.9128817977660807 × 10^291 |
| 78 | ov_078 | 1.5412169613738986 × 10^291 |
| 79 | ov_079 | 1.2266316761648785 × 10^291 |
| 80 | ov_080 | 9.629737252916108 × 10^290 |
| 81 | ov_081 | 7.444444202257234 × 10^290 |
| 82 | ov_082 | 5.655954565528138 × 10^290 |
| 83 | ov_083 | 4.2132624207940105 × 10^290 |
| 84 | ov_084 | 3.068816579368137 × 10^290 |
| 85 | ov_085 | 2.178502134862293 × 10^290 |
| 86 | ov_086 | 1.501625559061222 × 10^290 |
| 87 | ov_087 | 1.0009029539174681 × 10^290 |
| 88 | ov_088 | 6.424510692577986 × 10^289 |
| 89 | ov_089 | 3.9578069596341993 × 10^289 |
| 90 | ov_090 | 2.337920444770598 × 10^289 |
| 91 | ov_091 | 1.3277171853355488 × 10^289 |
| 92 | ov_092 | 7.239089728470203 × 10^288 |
| 93 | ov_093 | 3.5704358196141975 × 10^288 |
| 94 | ov_094 | 1.5085308999649588 × 10^288 |
| 95 | aaa_78_28 | 4.598463588904075 × 10^287 |
| 96 | aaa_78_29 | 1.3837185117084408 × 10^287 |
| 97 | ov_097 | 7.122105901422803 × 10^286 |
| 98 | ov_098 | 7.122040738310147 × 10^286 |
| 99 | ov_099 | 7.122019871790609 × 10^286 |
| 100 | ov_100 | 5.909337788651321 × 10^286 |
| 101 | ov_101 | 4.863900748224859 × 10^286 |
| 102 | ov_102 | 3.9696865516970953 × 10^286 |
| 103 | ov_103 | 3.211562518960462 × 10^286 |
| 104 | ov_104 | 2.575220628441433 × 10^286 |
| 105 | ov_105 | 2.0471208811749287 × 10^286 |
| 106 | ov_106 | 1.6144421523947934 × 10^286 |
| 107 | ov_107 | 1.265039832710311 × 10^286 |
| 108 | ov_108 | 9.874095982456235 × 10^285 |
| 109 | ov_109 | 7.706566852023469 × 10^285 |
| 110 | ov_110 | 6.044700794011595 × 10^285 |
| 111 | ov_111 | 4.791010656701096 × 10^285 |
| 112 | ov_112 | 3.853456156504574 × 10^285 |
| 113 | ov_113 | 3.145301258321985 × 10^285 |
| 114 | ov_114 | 2.5850005053266365 × 10^285 |
| 115 | ov_115 | 2.0961100719136223 × 10^285 |
| 116 | ov_116 | 1.6736473328104254 × 10^285 |
| 117 | ov_117 | 1.3126665531713051 × 10^285 |
| 118 | ov_118 | 1.008247829453022 × 10^285 |
| 119 | ov_119 | 7.554886387482182 × 10^284 |
| 120 | ov_120 | 5.494976739338448 × 10^284 |
| 121 | ov_121 | 3.853906420463725 × 10^284 |
| 122 | ov_122 | 2.5828755872123886 × 10^284 |
| 123 | ov_123 | 1.6331096726137604 × 10^284 |
| 124 | ov_124 | 9.558473614261942 × 10^283 |
| 125 | ov_125 | 5.023331321847257 × 10^283 |
| 126 | ov_126 | 2.238134481818195 × 10^283 |
| 127 | aaa_77_28 | 7.15352933269548 × 10^282 |
| 128 | aaa_77_29 | 2.685713042146446 × 10^282 |
| 129 | ov_129 | 2.5055758479051126 × 10^282 |
| 130 | ov_130 | 2.5055687869034095 × 10^282 |
| 131 | ov_131 | 2.5055670773938734 × 10^282 |
| 132 | ov_132 | 2.180142718513187 × 10^282 |
| 133 | ov_133 | 1.887596250655896 × 10^282 |
| 134 | ov_134 | 1.625378060033907 × 10^282 |
| 135 | ov_135 | 1.3910773242346056 × 10^282 |
| 136 | ov_136 | 1.18241212885434 × 10^282 |
| 137 | ov_137 | 9.982725940191072 × 10^281 |
| 138 | ov_138 | 8.366100899121313 × 10^281 |
| 139 | ov_139 | 6.954826266552595 × 10^281 |
| 140 | ov_140 | 5.730495100218136 × 10^281 |
| 141 | ov_141 | 4.6756686034522194 × 10^281 |
| 142 | ov_142 | 3.773838977800767 × 10^281 |
| 143 | ov_143 | 3.00939902762714 × 10^281 |
| 144 | ov_144 | 2.3676176613769686 × 10^281 |
| 145 | ov_145 | 1.8346204898519054 × 10^281 |
| 146 | ov_146 | 1.397374777183051 × 10^281 |
| 147 | ov_147 | 1.0436780553123855 × 10^281 |
| 148 | ov_148 | 7.621497677711987 × 10^280 |
| 149 | ov_149 | 5.42225363444332 × 10^280 |
| 150 | ov_150 | 3.741523158606653 × 10^280 |
| 151 | ov_151 | 2.489875983717451 × 10^280 |
| 152 | ov_152 | 1.5859620038226183 × 10^280 |
| 153 | ov_153 | 9.565032458545577 × 10^279 |
| 154 | ov_154 | 5.362897217020845 × 10^279 |
| 155 | ov_155 | 2.6817718929033687 × 10^279 |
| 156 | aaa_76_25 | 1.0308593369088759 × 10^279 |
| 157 | aaa_76_26 | 5.9572669191271884 × 10^278 |
| 158 | aaa_76_27 | 3.051976671586714 × 10^278 |
| 159 | aaa_76_28 | 1.189555082957505 × 10^278 |
| 160 | aaa_76_29 | 3.6215981584406384 × 10^277 |

### Output Bits Sorted by Complexity

| Rank | Output Bit | Complexity |
|:----:|:----------:|:----------:|
| 160 | aaa_76_29 | 3.6215981584406384 × 10^277 |
| 159 | aaa_76_28 | 1.189555082957505 × 10^278 |
| 158 | aaa_76_27 | 3.051976671586714 × 10^278 |
| 157 | aaa_76_26 | 5.9572669191271884 × 10^278 |
| 156 | aaa_76_25 | 1.0308593369088759 × 10^279 |
| 155 | ov_155 | 2.6817718929033687 × 10^279 |
| 154 | ov_154 | 5.362897217020845 × 10^279 |
| 153 | ov_153 | 9.565032458545577 × 10^279 |
| 152 | ov_152 | 1.5859620038226183 × 10^280 |
| 151 | ov_151 | 2.489875983717451 × 10^280 |
| 150 | ov_150 | 3.741523158606653 × 10^280 |
| 149 | ov_149 | 5.42225363444332 × 10^280 |
| 148 | ov_148 | 7.621497677711987 × 10^280 |
| 147 | ov_147 | 1.0436780553123855 × 10^281 |
| 146 | ov_146 | 1.397374777183051 × 10^281 |
| 145 | ov_145 | 1.8346204898519054 × 10^281 |
| 144 | ov_144 | 2.3676176613769686 × 10^281 |
| 143 | ov_143 | 3.00939902762714 × 10^281 |
| 142 | ov_142 | 3.773838977800767 × 10^281 |
| 141 | ov_141 | 4.6756686034522194 × 10^281 |
| 140 | ov_140 | 5.730495100218136 × 10^281 |
| 139 | ov_139 | 6.954826266552595 × 10^281 |
| 138 | ov_138 | 8.366100899121313 × 10^281 |
| 137 | ov_137 | 9.982725940191072 × 10^281 |
| 136 | ov_136 | 1.18241212885434 × 10^282 |
| 135 | ov_135 | 1.3910773242346056 × 10^282 |
| 134 | ov_134 | 1.625378060033907 × 10^282 |
| 133 | ov_133 | 1.887596250655896 × 10^282 |
| 132 | ov_132 | 2.180142718513187 × 10^282 |
| 131 | ov_131 | 2.5055670773938734 × 10^282 |
| 130 | ov_130 | 2.5055687869034095 × 10^282 |
| 129 | ov_129 | 2.5055758479051126 × 10^282 |
| 128 | aaa_77_29 | 2.685713042146446 × 10^282 |
| 127 | aaa_77_28 | 7.15352933269548 × 10^282 |
| 126 | ov_126 | 2.238134481818195 × 10^283 |
| 125 | ov_125 | 5.023331321847257 × 10^283 |
| 124 | ov_124 | 9.558473614261942 × 10^283 |
| 123 | ov_123 | 1.6331096726137604 × 10^284 |
| 122 | ov_122 | 2.5828755872123886 × 10^284 |
| 121 | ov_121 | 3.853906420463725 × 10^284 |
| 120 | ov_120 | 5.494976739338448 × 10^284 |
| 119 | ov_119 | 7.554886387482182 × 10^284 |
| 118 | ov_118 | 1.008247829453022 × 10^285 |
| 117 | ov_117 | 1.3126665531713051 × 10^285 |
| 116 | ov_116 | 1.6736473328104254 × 10^285 |
| 115 | ov_115 | 2.0961100719136223 × 10^285 |
| 114 | ov_114 | 2.5850005053266365 × 10^285 |
| 113 | ov_113 | 3.145301258321985 × 10^285 |
| 112 | ov_112 | 3.853456156504574 × 10^285 |
| 111 | ov_111 | 4.791010656701096 × 10^285 |
| 110 | ov_110 | 6.044700794011595 × 10^285 |
| 109 | ov_109 | 7.706566852023469 × 10^285 |
| 108 | ov_108 | 9.874095982456235 × 10^285 |
| 107 | ov_107 | 1.265039832710311 × 10^286 |
| 106 | ov_106 | 1.6144421523947934 × 10^286 |
| 105 | ov_105 | 2.0471208811749287 × 10^286 |
| 104 | ov_104 | 2.575220628441433 × 10^286 |
| 103 | ov_103 | 3.211562518960462 × 10^286 |
| 102 | ov_102 | 3.9696865516970953 × 10^286 |
| 101 | ov_101 | 4.863900748224859 × 10^286 |
| 100 | ov_100 | 5.909337788651321 × 10^286 |
| 99 | ov_099 | 7.122019871790609 × 10^286 |
| 98 | ov_098 | 7.122040738310147 × 10^286 |
| 97 | ov_097 | 7.122105901422803 × 10^286 |
| 96 | aaa_78_29 | 1.3837185117084408 × 10^287 |
| 95 | aaa_78_28 | 4.598463588904075 × 10^287 |
| 94 | ov_094 | 1.5085308999649588 × 10^288 |
| 93 | ov_093 | 3.5704358196141975 × 10^288 |
| 92 | ov_092 | 7.239089728470203 × 10^288 |
| 91 | ov_091 | 1.3277171853355488 × 10^289 |
| 90 | ov_090 | 2.337920444770598 × 10^289 |
| 89 | ov_089 | 3.9578069596341993 × 10^289 |
| 88 | ov_088 | 6.424510692577986 × 10^289 |
| 87 | ov_087 | 1.0009029539174681 × 10^290 |
| 86 | ov_086 | 1.501625559061222 × 10^290 |
| 85 | ov_085 | 2.178502134862293 × 10^290 |
| 84 | ov_084 | 3.068816579368137 × 10^290 |
| 83 | ov_083 | 4.2132624207940105 × 10^290 |
| 82 | ov_082 | 5.655954565528138 × 10^290 |
| 81 | ov_081 | 7.444444202257234 × 10^290 |
| 64 | lv_79_m31 | 8.637105930625337 × 10^290 |
| 80 | ov_080 | 9.629737252916108 × 10^290 |
| 79 | ov_079 | 1.2266316761648785 × 10^291 |
| 78 | ov_078 | 1.5412169613738986 × 10^291 |
| 77 | ov_077 | 1.9128817977660807 × 10^291 |
| 76 | ov_076 | 2.348135586518471 × 10^291 |
| 75 | ov_075 | 2.85384919211483 × 10^291 |
| 74 | ov_074 | 3.4372601750725847 × 10^291 |
| 73 | ov_073 | 4.1059795441197605 × 10^291 |
| 63 | ov_063 | 4.4290398166484786 × 10^291 |
| 72 | ov_072 | 4.8680007011647905 × 10^291 |
| 71 | ov_071 | 5.731711294435955 × 10^291 |
| 70 | ov_070 | 6.70590873823382 × 10^291 |
| 69 | ov_069 | 7.79982020209019 × 10^291 |
| 68 | ov_068 | 9.023127918051927 × 10^291 |
| 67 | ov_067 | 1.0386000702636262 × 10^292 |
| 66 | ov_066 | 1.0386007066055167 × 10^292 |
| 65 | ov_065 | 1.0386033737552211 × 10^292 |
| 62 | ov_062 | 2.2706860509890453 × 10^292 |
| 61 | ov_061 | 8.271751299361214 × 10^292 |
| 60 | ov_060 | 2.366432434713775 × 10^293 |
| 59 | ov_059 | 5.706806634598902 × 10^293 |
| 58 | ov_058 | 1.1577635597875409 × 10^294 |
| 57 | ov_057 | 2.091170542360589 × 10^294 |
| 56 | ov_056 | 3.484525807700519 × 10^294 |
| 55 | ov_055 | 5.5854254425994426 × 10^294 |
| 54 | ov_054 | 8.682165540981445 × 10^294 |
| 53 | ov_053 | 1.3103755665345913 × 10^295 |
| 52 | ov_052 | 1.9219943126700965 × 10^295 |
| 51 | ov_051 | 2.7441254270553984 × 10^295 |
| 50 | ov_050 | 3.821906276701355 × 10^295 |
| 49 | ov_049 | 5.204569922127376 × 10^295 |
| 48 | ov_048 | 6.945461972168674 × 10^295 |
| 47 | ov_047 | 9.102065365122123 × 10^295 |
| 32 | lv_80_m31 | 1.0432358034465215 × 10^296 |
| 46 | ov_046 | 1.1736035379878326 × 10^296 |
| 45 | ov_045 | 1.491324745208357 × 10^296 |
| 44 | ov_044 | 1.8703860642230044 × 10^296 |
| 43 | ov_043 | 2.3182399875046123 × 10^296 |
| 42 | ov_042 | 2.842786034286197 × 10^296 |
| 41 | ov_041 | 3.4523837740003876 × 10^296 |
| 40 | ov_040 | 4.15586882709902 × 10^296 |
| 39 | ov_039 | 4.962572265266379 × 10^296 |
| 31 | ov_031 | 5.3506179644154045 × 10^296 |
| 38 | ov_038 | 5.882343860972896 × 10^296 |
| 37 | ov_037 | 6.925579664483028 × 10^296 |
| 36 | ov_036 | 8.103254414871346 × 10^296 |
| 35 | ov_035 | 9.426959320363152 × 10^296 |
| 34 | ov_034 | 1.0908945772467613 × 10^297 |
| 33 | ov_033 | 1.2562175588014938 × 10^297 |
| 30 | ov_030 | 2.7436875766681328 × 10^297 |
| 29 | ov_029 | 8.975962812089584 × 10^297 |
| 28 | ov_028 | 2.3296767336953407 × 10^298 |
| 27 | ov_027 | 5.206894440551221 × 10^298 |
| 26 | ov_026 | 1.104814722294091 × 10^299 |
| 25 | ov_025 | 2.186499387141903 × 10^299 |
| 24 | ov_024 | 4.01616667904403 × 10^299 |
| 23 | ov_023 | 6.8935111240836375 × 10^299 |
| 22 | ov_022 | 1.116750847632157 × 10^300 |
| 21 | ov_021 | 1.723643682931182 × 10^300 |
| 20 | ov_020 | 2.5547915125516254 × 10^300 |
| 19 | ov_019 | 3.6598966048428925 × 10^300 |
| 18 | ov_018 | 5.093611271005039 × 10^300 |
| 17 | ov_017 | 6.915552378635235 × 10^300 |
| 16 | ov_016 | 9.19032276041474 × 10^300 |
| 15 | ov_015 | 1.1987541987230696 × 10^301 |
| 14 | ov_014 | 1.5381889300862459 × 10^301 |
| 13 | ov_013 | 1.9453161827476108 × 10^301 |
| 12 | ov_012 | 2.4286351519747287 × 10^301 |
| 11 | ov_011 | 2.9971744602752657 × 10^301 |
| 10 | ov_010 | 3.660504762724082 × 10^301 |
| 9 | ov_009 | 4.4287544564073356 × 10^301 |
| 8 | ov_008 | 5.312628970624623 × 10^301 |
| 7 | ov_007 | 6.323434148088967 × 10^301 |
| 6 | ov_006 | 7.473104261414258 × 10^301 |
| 5 | ov_005 | 8.774235243819017 × 10^301 |
| 4 | ov_004 | 1.0240123748368093 × 10^302 |
| 3 | ov_003 | 1.1884812686412995 × 10^302 |
| 2 | ov_002 | 1.3723143933399665 × 10^302 |
| 1 | ov_001 | 1.577081892914546 × 10^302 |

