# Results for F001-F002-F003-F004-F005-F006-F007-F008-F009-F010-F011-F012-F013-F014-F015-F016-F017-F018-F019-F020-F021-F022-F023-F024-F025-F026-F027-F028-F029-F030-F031-F032-F033-F034-F035-F036-F037-F038-F039-F040-F041-F042-F043-F044-F045-F046-F047-F048-F049-F050-F051-F052-F053-F054-F055-F056-F057-F058-F059-F060-F061-F062-F063-F064-F065-F066-F067-F068-F069-F070-F071-F072-F073-F074-F075-F076-F077-F078-F079-F080-F081-F082-F083-F084-F085-F086-F087-F088-F089-F090-F091-F092-F093-F094-F095-F096-F097-F098-F099-F100-F101-F102-F103-F104-F105-F106-F107-F108-F109-F110-F111-F112-F113-F114-F115-F116-F117-F118-F119-F120-F121-F122-F123-F124-F125-F126-F127-F128-F129-F130-F131-F132-F133-F134-F135-F136-F137-F138-F139-F140-F141-F142-F143-F144-F145-F146-F147-F148-F149-F150-F151-F152-F153-F154-F155-F156-F157-F158-F159-F160-F161-F162-F163-F164-F165-F166-F167-F168-F169-F170-F171-F172-F173-F174-F175-F176-F177-F178-F179-F180-F181-F182-F183-F184-F185-F186-F187-F188-F189-F190-F191-F192-F193-F194-F195-F196-F197-F198-F199-F200-F201-F202-F203-F204-F205-F206-F207-F208-F209-F210-F211-F212-F213-F214-F215-F216-F217-F218-F219-F220-F221-F222-F223-F224-F225-F226-F227-F228-F229-F230-F231-F232-F233-F234-F235-F236-F237-F238-F239-F240-F241-F242-F243-F244-F245-F246-F247-F248-F249-F250-F251-F252-F253-F254-F255-F256-F257-F258-F259-F260-F261-F262-F263-F264-F265-F266-F267-F268-F269-F270-F271-F272-F273-F274-F275-F276-F277-F278-F279-F280-F281-F282-F283-F284-F285-F286-F287-F288-F289-F290-F291-F292-F293-F294-F295-F296-F297-F298-F299-F300-F301-F302-F303-F304-F305-F306-F307-F308-F309-F310-F311-F312-F313-F314-F315-F316-F317-F318-F319-F320-F321-F322-F323-F324-F325-F326-F327-F328-F329-F330-F331-F332-F333-F334-F335-F336-F337-F338-F339-F340-F341-F342-F343-F344-F345-F346-F347-F348-F349-F350-F351-F352-F353-F354-F355-F356-F357-F358-F359-F360-F361-F362-F363-F364-F365-F366-F367-F368-F369-F370-F371-F372-F373-F374-F375-F376-F377-F378-F379-F380-F381-F382-F383-F384-F385-F386-F387-F388-F389-F390-F391-F392-F393-F394-F395-F396-F397-F398-F399-F400-F401-F402-F403-F404-F405-F406-F407-F408-F409-F410-F411-F412-F413-F414-F415-F416-F417-F418-F419-F420-F421-F422-F423-F424-F425-F426-F427-F428-F429-F430-F431-F432-F433-F434-F435-F436-F437-F438-F439-F440-F441-F442-F443-F444-F445-F446-F447-F448-F449-F450-F451-F452-F453-F454-F455-F456-F457-F458-F459-F460-F461-F462-F463-F464-F465-F466-F467-F468-F469-F470-F471-F472-F473-F474-F475-F476-F477-F478-F479-F480-F481-F482-F483-F484-F485-F486-F487-F488-F489-F490-F491-F492-F493-F494-F495-F496-T499-F510-F512

## Summary

Number of input bits: 512  
Number of free input bits: 13  
Number of output bits: 160

Number of direct occurrences: 53956  
Number of assignments: 31808  
Number of operations: 11502622
(xor: 11474040,
and: 15032,
or: 13550)

Total complexity: 1.0532408467158695 × 10^305

Least occurring input variable: iv_498 (3957)  
Most occurring input variable: iv_501 (4289)

Most co-occurring input variables: iv_501-iv_511 (2103)  
Least co-occurring input variables: iv_497-iv_498 (1808)

Potentially most occurring input variable: iv_500/iv_509 (4614)  
Potentially least occurring input variable: iv_504/iv_505 (4138)

Least output occurring input variable: iv_511 (70)  
Most output occurring input variable: iv_502 (91)

Most output co-occurring input variables: iv_502-iv_505 (53)  
Least output co-occurring input variables: iv_506-iv_508 (27)

Potentially most output occurring input variable: iv_505/iv_506 (96)  
Potentially least output occurring input variable: iv_497/iv_505 (64)

Least complex input bit: iv_511 (1.4085674561498604 × 10^301)  
Most complex input bit: iv_509 (1.851946027908112 × 10^304)

Least complex output bit: aaa_76_29 (4.710790334625996 × 10^279)  
Most complex output bit: ov_001 (1.6466781253654814 × 10^304)

Least complex input/output complexity: iv_511/aaa_76_29 (6.300046165879032 × 10^275)  
Most complex input/output complexity: iv_509/ov_001 (2.8954051896322384 × 10^303)

## Input Bits

### Input Bits in Regular Order

| Input Bit | Complexity | Occurrences | Output Occurrences |
|:---------:|:----------:|:-----------:|:------------------:|
| iv_497 | 1.7403851239203079 × 10^302 | 4175 | 78 |
| iv_498 | 2.4551874740149326 × 10^302 | 3957 | 81 |
| iv_500 | 1.1138070980474032 × 10^303 | 4145 | 76 |
| iv_501 | 2.2867172502079838 × 10^303 | 4289 | 79 |
| iv_502 | 4.169773037960831 × 10^303 | 4084 | 91 |
| iv_503 | 7.121355636147289 × 10^303 | 4154 | 88 |
| iv_504 | 1.1613069007078383 × 10^304 | 4082 | 84 |
| iv_505 | 1.8284275511115982 × 10^304 | 4204 | 88 |
| iv_506 | 9.688211854892532 × 10^303 | 4063 | 76 |
| iv_507 | 1.38217229798083 × 10^304 | 4246 | 88 |
| iv_508 | 1.8272049082892064 × 10^304 | 4123 | 72 |
| iv_509 | 1.851946027908112 × 10^304 | 4223 | 76 |
| iv_511 | 1.4085674561498604 × 10^301 | 4211 | 70 |

### Input Bits Sorted by Complexity

| Input Bit | Complexity | Occurrences | Output Occurrences |
|:---------:|:----------:|:-----------:|:------------------:|
| iv_511 | 1.4085674561498604 × 10^301 | 4211 | 70 |
| iv_497 | 1.7403851239203079 × 10^302 | 4175 | 78 |
| iv_498 | 2.4551874740149326 × 10^302 | 3957 | 81 |
| iv_500 | 1.1138070980474032 × 10^303 | 4145 | 76 |
| iv_501 | 2.2867172502079838 × 10^303 | 4289 | 79 |
| iv_502 | 4.169773037960831 × 10^303 | 4084 | 91 |
| iv_503 | 7.121355636147289 × 10^303 | 4154 | 88 |
| iv_506 | 9.688211854892532 × 10^303 | 4063 | 76 |
| iv_504 | 1.1613069007078383 × 10^304 | 4082 | 84 |
| iv_507 | 1.38217229798083 × 10^304 | 4246 | 88 |
| iv_508 | 1.8272049082892064 × 10^304 | 4123 | 72 |
| iv_505 | 1.8284275511115982 × 10^304 | 4204 | 88 |
| iv_509 | 1.851946027908112 × 10^304 | 4223 | 76 |

### Input Bits Sorted by Occurrences

| Input Bit | Complexity | Occurrences | Output Occurrences |
|:---------:|:----------:|:-----------:|:------------------:|
| iv_498 | 2.4551874740149326 × 10^302 | 3957 | 81 |
| iv_506 | 9.688211854892532 × 10^303 | 4063 | 76 |
| iv_504 | 1.1613069007078383 × 10^304 | 4082 | 84 |
| iv_502 | 4.169773037960831 × 10^303 | 4084 | 91 |
| iv_508 | 1.8272049082892064 × 10^304 | 4123 | 72 |
| iv_500 | 1.1138070980474032 × 10^303 | 4145 | 76 |
| iv_503 | 7.121355636147289 × 10^303 | 4154 | 88 |
| iv_497 | 1.7403851239203079 × 10^302 | 4175 | 78 |
| iv_505 | 1.8284275511115982 × 10^304 | 4204 | 88 |
| iv_511 | 1.4085674561498604 × 10^301 | 4211 | 70 |
| iv_509 | 1.851946027908112 × 10^304 | 4223 | 76 |
| iv_507 | 1.38217229798083 × 10^304 | 4246 | 88 |
| iv_501 | 2.2867172502079838 × 10^303 | 4289 | 79 |

### Input Bits Sorted by Output Occurrences

| Input Bit | Complexity | Occurrences | Output Occurrences |
|:---------:|:----------:|:-----------:|:------------------:|
| iv_511 | 1.4085674561498604 × 10^301 | 4211 | 70 |
| iv_508 | 1.8272049082892064 × 10^304 | 4123 | 72 |
| iv_506 | 9.688211854892532 × 10^303 | 4063 | 76 |
| iv_500 | 1.1138070980474032 × 10^303 | 4145 | 76 |
| iv_509 | 1.851946027908112 × 10^304 | 4223 | 76 |
| iv_497 | 1.7403851239203079 × 10^302 | 4175 | 78 |
| iv_501 | 2.2867172502079838 × 10^303 | 4289 | 79 |
| iv_498 | 2.4551874740149326 × 10^302 | 3957 | 81 |
| iv_504 | 1.1613069007078383 × 10^304 | 4082 | 84 |
| iv_505 | 1.8284275511115982 × 10^304 | 4204 | 88 |
| iv_503 | 7.121355636147289 × 10^303 | 4154 | 88 |
| iv_507 | 1.38217229798083 × 10^304 | 4246 | 88 |
| iv_502 | 4.169773037960831 × 10^303 | 4084 | 91 |

## Input Bit Co-occurrences

### Input Bit Co-occurrences Sorted by Co-occurrences

| Input Bits | Co-occurrences | Potential Occurrences | Output Co-occurrences | Potential Output Occurrences |
|:----------:|:--------------:|:---------------------:|:---------------------:|:----------------------------:|
| iv_501-iv_511 | 2103 | 4294 | 37 | 75 |
| iv_501-iv_507 | 2093 | 4349 | 40 | 87 |
| iv_501-iv_505 | 2093 | 4307 | 44 | 79 |
| iv_504-iv_505 | 2074 | 4138 | 50 | 72 |
| iv_500-iv_501 | 2060 | 4314 | 38 | 79 |
| iv_507-iv_509 | 2055 | 4359 | 42 | 80 |
| iv_497-iv_505 | 2044 | 4291 | 51 | 64 |
| iv_500-iv_503 | 2041 | 4217 | 40 | 84 |
| iv_504-iv_507 | 2040 | 4248 | 47 | 78 |
| iv_501-iv_502 | 2039 | 4295 | 46 | 78 |
| iv_497-iv_511 | 2035 | 4316 | 36 | 76 |
| iv_497-iv_501 | 2035 | 4394 | 35 | 87 |
| iv_508-iv_509 | 2028 | 4290 | 36 | 76 |

### Input Bit Co-occurrences Sorted by Potential Occurrences

| Input Bits | Co-occurrences | Potential Occurrences | Output Co-occurrences | Potential Output Occurrences |
|:----------:|:--------------:|:---------------------:|:---------------------:|:----------------------------:|
| iv_504-iv_505 | 2074 | 4138 | 50 | 72 |
| iv_498-iv_506 | 1920 | 4180 | 40 | 77 |
| iv_500-iv_503 | 2041 | 4217 | 40 | 84 |
| iv_502-iv_508 | 1992 | 4223 | 40 | 83 |
| iv_498-iv_504 | 1906 | 4227 | 44 | 77 |
| iv_503-iv_504 | 1999 | 4238 | 48 | 76 |
| iv_504-iv_507 | 2040 | 4248 | 47 | 78 |
| iv_502-iv_505 | 2019 | 4250 | 53 | 73 |
| iv_506-iv_507 | 2026 | 4257 | 40 | 84 |
| iv_508-iv_509 | 2028 | 4290 | 36 | 76 |
| iv_497-iv_505 | 2044 | 4291 | 51 | 64 |
| iv_502-iv_506 | 1927 | 4293 | 43 | 81 |
| iv_501-iv_511 | 2103 | 4294 | 37 | 75 |

### Input Bit Output Co-occurrences Sorted by Output Co-occurrences

| Input Bits | Co-occurrences | Potential Occurrences | Output Co-occurrences | Potential Output Occurrences |
|:----------:|:--------------:|:---------------------:|:---------------------:|:----------------------------:|
| iv_502-iv_505 | 2019 | 4250 | 53 | 73 |
| iv_497-iv_505 | 2044 | 4291 | 51 | 64 |
| iv_505-iv_507 | 2024 | 4402 | 51 | 74 |
| iv_504-iv_505 | 2074 | 4138 | 50 | 72 |
| iv_503-iv_505 | 2012 | 4334 | 49 | 78 |
| iv_497-iv_503 | 1975 | 4379 | 49 | 68 |
| iv_502-iv_504 | 1923 | 4320 | 48 | 79 |
| iv_503-iv_504 | 1999 | 4238 | 48 | 76 |
| iv_498-iv_502 | 1819 | 4403 | 47 | 78 |
| iv_503-iv_507 | 1977 | 4446 | 47 | 82 |
| iv_497-iv_507 | 2018 | 4385 | 47 | 72 |
| iv_504-iv_507 | 2040 | 4248 | 47 | 78 |
| iv_501-iv_502 | 2039 | 4295 | 46 | 78 |

### Input Bit Output Co-occurrences Sorted by Potential Output Occurrences

| Input Bits | Co-occurrences | Potential Occurrences | Output Co-occurrences | Potential Output Occurrences |
|:----------:|:--------------:|:---------------------:|:---------------------:|:----------------------------:|
| iv_497-iv_505 | 2044 | 4291 | 51 | 64 |
| iv_508-iv_511 | 1943 | 4448 | 38 | 66 |
| iv_497-iv_503 | 1975 | 4379 | 49 | 68 |
| iv_507-iv_508 | 1950 | 4469 | 46 | 68 |
| iv_497-iv_508 | 1874 | 4550 | 39 | 72 |
| iv_504-iv_505 | 2074 | 4138 | 50 | 72 |
| iv_497-iv_507 | 2018 | 4385 | 47 | 72 |
| iv_502-iv_505 | 2019 | 4250 | 53 | 73 |
| iv_498-iv_511 | 1878 | 4412 | 39 | 73 |
| iv_505-iv_507 | 2024 | 4402 | 51 | 74 |
| iv_503-iv_508 | 1912 | 4453 | 43 | 74 |
| iv_507-iv_511 | 2005 | 4447 | 42 | 74 |
| iv_501-iv_511 | 2103 | 4294 | 37 | 75 |

## Output Bits

### Output Bits in Regular Order

| Rank | Output Bit | Complexity |
|:----:|:----------:|:----------:|
| 1 | ov_001 | 1.6466781253654814 × 10^304 |
| 2 | ov_002 | 1.4328575393941593 × 10^304 |
| 3 | ov_003 | 1.240901922612455 × 10^304 |
| 4 | ov_004 | 1.0691698001730312 × 10^304 |
| 5 | ov_005 | 9.161099030179158 × 10^303 |
| 6 | ov_006 | 7.802548024950169 × 10^303 |
| 7 | ov_007 | 6.602153483619137 × 10^303 |
| 8 | ov_008 | 5.546758433523156 × 10^303 |
| 9 | ov_009 | 4.623898918261385 × 10^303 |
| 10 | ov_010 | 3.821768586513229 × 10^303 |
| 11 | ov_011 | 3.1291888180282982 × 10^303 |
| 12 | ov_012 | 2.5355838611636563 × 10^303 |
| 13 | ov_013 | 2.0309604142278572 × 10^303 |
| 14 | ov_014 | 1.6058910805220555 × 10^303 |
| 15 | ov_015 | 1.251501164499727 × 10^303 |
| 16 | ov_016 | 9.594583136251197 × 10^302 |
| 17 | ov_017 | 7.219645473992461 × 10^302 |
| 18 | ov_018 | 5.317502517223711 × 10^302 |
| 19 | ov_019 | 3.820697533353004 × 10^302 |
| 20 | ov_020 | 2.6669812557346094 × 10^302 |
| 21 | ov_021 | 1.799289280783827 × 10^302 |
| 22 | ov_022 | 1.1657264946103491 × 10^302 |
| 23 | ov_023 | 7.195566872679853 × 10^301 |
| 24 | ov_024 | 4.191958670935945 × 10^301 |
| 25 | ov_025 | 2.282082234274069 × 10^301 |
| 26 | ov_026 | 1.1530395731324268 × 10^301 |
| 27 | ov_027 | 5.433828431006821 × 10^300 |
| 28 | ov_028 | 2.4311043426668157 × 10^300 |
| 29 | ov_029 | 9.366565364606969 × 10^299 |
| 30 | ov_030 | 2.863131060293647 × 10^299 |
| 31 | ov_031 | 5.583909086031519 × 10^298 |
| 32 | lv_80_m31 | 1.0888290182398563 × 10^298 |
| 33 | ov_033 | 1.317648210174767 × 10^299 |
| 34 | ov_034 | 1.1447924157991164 × 10^299 |
| 35 | ov_035 | 9.900231128241026 × 10^298 |
| 36 | ov_036 | 8.518928922782785 × 10^298 |
| 37 | ov_037 | 7.290335909960954 × 10^298 |
| 38 | ov_038 | 6.201506891654791 × 10^298 |
| 39 | ov_039 | 5.240184379807817 × 10^298 |
| 40 | ov_040 | 4.3947565054524045 × 10^298 |
| 41 | ov_041 | 3.654220925758431 × 10^298 |
| 42 | ov_042 | 3.0081541280899135 × 10^298 |
| 43 | ov_043 | 2.451485545733831 × 10^298 |
| 44 | ov_044 | 1.9748760184727912 × 10^298 |
| 45 | ov_045 | 1.5694999909788382 × 10^298 |
| 46 | ov_046 | 1.2310710853602004 × 10^298 |
| 47 | ov_047 | 9.517504317673995 × 10^297 |
| 48 | ov_048 | 7.241775845871858 × 10^297 |
| 49 | ov_049 | 5.4146348730380543 × 10^297 |
| 50 | ov_050 | 3.971851774787343 × 10^297 |
| 51 | ov_051 | 2.8538191434567304 × 10^297 |
| 52 | ov_052 | 2.0055244199721196 × 10^297 |
| 53 | ov_053 | 1.3765313154892478 × 10^297 |
| 54 | ov_054 | 9.209677602776707 × 10^296 |
| 55 | ov_055 | 5.975184206184673 × 10^296 |
| 56 | ov_056 | 3.6942019323697173 × 10^296 |
| 57 | ov_057 | 2.194291640906858 × 10^296 |
| 58 | ov_058 | 1.1987996087773029 × 10^296 |
| 59 | ov_059 | 5.807680761368766 × 10^295 |
| 60 | ov_060 | 2.3597523130455186 × 10^295 |
| 61 | ov_061 | 8.293439836234513 × 10^294 |
| 62 | ov_062 | 2.5352962714215793 × 10^294 |
| 63 | ov_063 | 4.944679764939198 × 10^293 |
| 64 | lv_79_m31 | 9.641697180701638 × 10^292 |
| 65 | ov_065 | 1.158579230716542 × 10^294 |
| 66 | ov_066 | 1.1585764248424612 × 10^294 |
| 67 | ov_067 | 1.1585757614146488 × 10^294 |
| 68 | ov_068 | 1.0061757987390845 × 10^294 |
| 69 | ov_069 | 8.694363994464711 × 10^293 |
| 70 | ov_070 | 7.472123913472063 × 10^293 |
| 71 | ov_071 | 6.384123021729136 × 10^293 |
| 72 | ov_072 | 5.419953303340279 × 10^293 |
| 73 | ov_073 | 4.569689899756177 × 10^293 |
| 74 | ov_074 | 3.823872923091769 × 10^293 |
| 75 | ov_075 | 3.1734933255152058 × 10^293 |
| 76 | ov_076 | 2.6099815886510827 × 10^293 |
| 77 | ov_077 | 2.1251981907438987 × 10^293 |
| 78 | ov_078 | 1.7114252444584086 × 10^293 |
| 79 | ov_079 | 1.3613591082882638 × 10^293 |
| 80 | ov_080 | 1.0681039090749504 × 10^293 |
| 81 | ov_081 | 8.251659138752837 × 10^292 |
| 82 | ov_082 | 6.264486899601929 × 10^292 |
| 83 | ov_083 | 4.66248992118054 × 10^292 |
| 84 | ov_084 | 3.392533167063144 × 10^292 |
| 85 | ov_085 | 2.40535062075519 × 10^292 |
| 86 | ov_086 | 1.6555223510587006 × 10^292 |
| 87 | ov_087 | 1.1014564366891941 × 10^292 |
| 88 | ov_088 | 7.053751487087661 × 10^291 |
| 89 | ov_089 | 4.333047895921834 × 10^291 |
| 90 | ov_090 | 2.5506858787506392 × 10^291 |
| 91 | ov_091 | 1.442820473957714 × 10^291 |
| 92 | ov_092 | 7.835015520567066 × 10^290 |
| 93 | ov_093 | 3.846588192686776 × 10^290 |
| 94 | ov_094 | 1.6172585162031494 × 10^290 |
| 95 | aaa_78_28 | 4.907165062354267 × 10^289 |
| 96 | aaa_78_29 | 1.4660038342470987 × 10^289 |
| 97 | ov_097 | 7.760276682994014 × 10^288 |
| 98 | ov_098 | 7.760176985703214 × 10^288 |
| 99 | ov_099 | 7.76014511196543 × 10^288 |
| 100 | ov_100 | 6.350804905478609 × 10^288 |
| 101 | ov_101 | 5.1635731907284215 × 10^288 |
| 102 | ov_102 | 4.173803109685391 × 10^288 |
| 103 | ov_103 | 3.3582124661363054 × 10^288 |
| 104 | ov_104 | 2.6947846536770032 × 10^288 |
| 105 | ov_105 | 2.1626821490110284 × 10^288 |
| 106 | ov_106 | 1.7421714458761476 × 10^288 |
| 107 | ov_107 | 1.414558363860613 × 10^288 |
| 108 | ov_108 | 1.1621327230782776 × 10^288 |
| 109 | ov_109 | 9.681214305591438 × 10^287 |
| 110 | ov_110 | 8.166490776377283 × 10^287 |
| 111 | ov_111 | 6.9270519989569225 × 10^287 |
| 112 | ov_112 | 5.821174026012619 × 10^287 |
| 113 | ov_113 | 4.840867038199924 × 10^287 |
| 114 | ov_114 | 3.978276771272748 × 10^287 |
| 115 | ov_115 | 3.2256527131610803 × 10^287 |
| 116 | ov_116 | 2.5753217713139608 × 10^287 |
| 117 | ov_117 | 2.019666915955965 × 10^287 |
| 118 | ov_118 | 1.5511103053943546 × 10^287 |
| 119 | ov_119 | 1.1621003997856005 × 10^287 |
| 120 | ov_120 | 8.45102569921124 × 10^286 |
| 121 | ov_121 | 5.925927076766786 × 10^286 |
| 122 | ov_122 | 3.9705312376693397 × 10^286 |
| 123 | ov_123 | 2.509698590794138 × 10^286 |
| 124 | ov_124 | 1.4683088023731353 × 10^286 |
| 125 | ov_125 | 7.712497314056324 × 10^285 |
| 126 | ov_126 | 3.434119398968776 × 10^285 |
| 127 | aaa_77_28 | 1.0968670270526854 × 10^285 |
| 128 | aaa_77_29 | 4.113653441715652 × 10^284 |
| 129 | ov_129 | 3.8421542525876385 × 10^284 |
| 130 | ov_130 | 3.84214347869446 × 10^284 |
| 131 | ov_131 | 3.8421408711695326 × 10^284 |
| 132 | ov_132 | 3.3386863416948784 × 10^284 |
| 133 | ov_133 | 2.8870326521384387 × 10^284 |
| 134 | ov_134 | 2.4832942391847663 × 10^284 |
| 135 | ov_135 | 2.1237960869574736 × 10^284 |
| 136 | ov_136 | 1.805058709083838 × 10^284 |
| 137 | ov_137 | 1.5237851462323073 × 10^284 |
| 138 | ov_138 | 1.2768497914855788 × 10^284 |
| 139 | ov_139 | 1.0612888656119412 × 10^284 |
| 140 | ov_140 | 8.742923736888647 × 10^283 |
| 141 | ov_141 | 7.131973836807491 × 10^283 |
| 142 | ov_142 | 5.754824765326439 × 10^283 |
| 143 | ov_143 | 4.587632261600344 × 10^283 |
| 144 | ov_144 | 3.6078857642969557 × 10^283 |
| 145 | ov_145 | 2.794379908688818 × 10^283 |
| 146 | ov_146 | 2.1271925943340637 × 10^283 |
| 147 | ov_147 | 1.587668552269822 × 10^283 |
| 148 | ov_148 | 1.1584074260644857 × 10^283 |
| 149 | ov_149 | 8.232554663782399 × 10^282 |
| 150 | ov_150 | 5.673000239100792 × 10^282 |
| 151 | ov_151 | 3.768661107904683 × 10^282 |
| 152 | ov_152 | 2.3951438562840376 × 10^282 |
| 153 | ov_153 | 1.4404002689029412 × 10^282 |
| 154 | ov_154 | 8.047211210370581 × 10^281 |
| 155 | ov_155 | 4.0073269536797236 × 10^281 |
| 156 | aaa_76_25 | 1.5339488516906935 × 10^281 |
| 157 | aaa_76_26 | 8.772273235270428 × 10^280 |
| 158 | aaa_76_27 | 4.4155431125025085 × 10^280 |
| 159 | aaa_76_28 | 1.6527091936933025 × 10^280 |
| 160 | aaa_76_29 | 4.710790334625996 × 10^279 |

### Output Bits Sorted by Complexity

| Rank | Output Bit | Complexity |
|:----:|:----------:|:----------:|
| 160 | aaa_76_29 | 4.710790334625996 × 10^279 |
| 159 | aaa_76_28 | 1.6527091936933025 × 10^280 |
| 158 | aaa_76_27 | 4.4155431125025085 × 10^280 |
| 157 | aaa_76_26 | 8.772273235270428 × 10^280 |
| 156 | aaa_76_25 | 1.5339488516906935 × 10^281 |
| 155 | ov_155 | 4.0073269536797236 × 10^281 |
| 154 | ov_154 | 8.047211210370581 × 10^281 |
| 153 | ov_153 | 1.4404002689029412 × 10^282 |
| 152 | ov_152 | 2.3951438562840376 × 10^282 |
| 151 | ov_151 | 3.768661107904683 × 10^282 |
| 150 | ov_150 | 5.673000239100792 × 10^282 |
| 149 | ov_149 | 8.232554663782399 × 10^282 |
| 148 | ov_148 | 1.1584074260644857 × 10^283 |
| 147 | ov_147 | 1.587668552269822 × 10^283 |
| 146 | ov_146 | 2.1271925943340637 × 10^283 |
| 145 | ov_145 | 2.794379908688818 × 10^283 |
| 144 | ov_144 | 3.6078857642969557 × 10^283 |
| 143 | ov_143 | 4.587632261600344 × 10^283 |
| 142 | ov_142 | 5.754824765326439 × 10^283 |
| 141 | ov_141 | 7.131973836807491 × 10^283 |
| 140 | ov_140 | 8.742923736888647 × 10^283 |
| 139 | ov_139 | 1.0612888656119412 × 10^284 |
| 138 | ov_138 | 1.2768497914855788 × 10^284 |
| 137 | ov_137 | 1.5237851462323073 × 10^284 |
| 136 | ov_136 | 1.805058709083838 × 10^284 |
| 135 | ov_135 | 2.1237960869574736 × 10^284 |
| 134 | ov_134 | 2.4832942391847663 × 10^284 |
| 133 | ov_133 | 2.8870326521384387 × 10^284 |
| 132 | ov_132 | 3.3386863416948784 × 10^284 |
| 131 | ov_131 | 3.8421408711695326 × 10^284 |
| 130 | ov_130 | 3.84214347869446 × 10^284 |
| 129 | ov_129 | 3.8421542525876385 × 10^284 |
| 128 | aaa_77_29 | 4.113653441715652 × 10^284 |
| 127 | aaa_77_28 | 1.0968670270526854 × 10^285 |
| 126 | ov_126 | 3.434119398968776 × 10^285 |
| 125 | ov_125 | 7.712497314056324 × 10^285 |
| 124 | ov_124 | 1.4683088023731353 × 10^286 |
| 123 | ov_123 | 2.509698590794138 × 10^286 |
| 122 | ov_122 | 3.9705312376693397 × 10^286 |
| 121 | ov_121 | 5.925927076766786 × 10^286 |
| 120 | ov_120 | 8.45102569921124 × 10^286 |
| 119 | ov_119 | 1.1621003997856005 × 10^287 |
| 118 | ov_118 | 1.5511103053943546 × 10^287 |
| 117 | ov_117 | 2.019666915955965 × 10^287 |
| 116 | ov_116 | 2.5753217713139608 × 10^287 |
| 115 | ov_115 | 3.2256527131610803 × 10^287 |
| 114 | ov_114 | 3.978276771272748 × 10^287 |
| 113 | ov_113 | 4.840867038199924 × 10^287 |
| 112 | ov_112 | 5.821174026012619 × 10^287 |
| 111 | ov_111 | 6.9270519989569225 × 10^287 |
| 110 | ov_110 | 8.166490776377283 × 10^287 |
| 109 | ov_109 | 9.681214305591438 × 10^287 |
| 108 | ov_108 | 1.1621327230782776 × 10^288 |
| 107 | ov_107 | 1.414558363860613 × 10^288 |
| 106 | ov_106 | 1.7421714458761476 × 10^288 |
| 105 | ov_105 | 2.1626821490110284 × 10^288 |
| 104 | ov_104 | 2.6947846536770032 × 10^288 |
| 103 | ov_103 | 3.3582124661363054 × 10^288 |
| 102 | ov_102 | 4.173803109685391 × 10^288 |
| 101 | ov_101 | 5.1635731907284215 × 10^288 |
| 100 | ov_100 | 6.350804905478609 × 10^288 |
| 99 | ov_099 | 7.76014511196543 × 10^288 |
| 98 | ov_098 | 7.760176985703214 × 10^288 |
| 97 | ov_097 | 7.760276682994014 × 10^288 |
| 96 | aaa_78_29 | 1.4660038342470987 × 10^289 |
| 95 | aaa_78_28 | 4.907165062354267 × 10^289 |
| 94 | ov_094 | 1.6172585162031494 × 10^290 |
| 93 | ov_093 | 3.846588192686776 × 10^290 |
| 92 | ov_092 | 7.835015520567066 × 10^290 |
| 91 | ov_091 | 1.442820473957714 × 10^291 |
| 90 | ov_090 | 2.5506858787506392 × 10^291 |
| 89 | ov_089 | 4.333047895921834 × 10^291 |
| 88 | ov_088 | 7.053751487087661 × 10^291 |
| 87 | ov_087 | 1.1014564366891941 × 10^292 |
| 86 | ov_086 | 1.6555223510587006 × 10^292 |
| 85 | ov_085 | 2.40535062075519 × 10^292 |
| 84 | ov_084 | 3.392533167063144 × 10^292 |
| 83 | ov_083 | 4.66248992118054 × 10^292 |
| 82 | ov_082 | 6.264486899601929 × 10^292 |
| 81 | ov_081 | 8.251659138752837 × 10^292 |
| 64 | lv_79_m31 | 9.641697180701638 × 10^292 |
| 80 | ov_080 | 1.0681039090749504 × 10^293 |
| 79 | ov_079 | 1.3613591082882638 × 10^293 |
| 78 | ov_078 | 1.7114252444584086 × 10^293 |
| 77 | ov_077 | 2.1251981907438987 × 10^293 |
| 76 | ov_076 | 2.6099815886510827 × 10^293 |
| 75 | ov_075 | 3.1734933255152058 × 10^293 |
| 74 | ov_074 | 3.823872923091769 × 10^293 |
| 73 | ov_073 | 4.569689899756177 × 10^293 |
| 63 | ov_063 | 4.944679764939198 × 10^293 |
| 72 | ov_072 | 5.419953303340279 × 10^293 |
| 71 | ov_071 | 6.384123021729136 × 10^293 |
| 70 | ov_070 | 7.472123913472063 × 10^293 |
| 69 | ov_069 | 8.694363994464711 × 10^293 |
| 68 | ov_068 | 1.0061757987390845 × 10^294 |
| 67 | ov_067 | 1.1585757614146488 × 10^294 |
| 66 | ov_066 | 1.1585764248424612 × 10^294 |
| 65 | ov_065 | 1.158579230716542 × 10^294 |
| 62 | ov_062 | 2.5352962714215793 × 10^294 |
| 61 | ov_061 | 8.293439836234513 × 10^294 |
| 60 | ov_060 | 2.3597523130455186 × 10^295 |
| 59 | ov_059 | 5.807680761368766 × 10^295 |
| 58 | ov_058 | 1.1987996087773029 × 10^296 |
| 57 | ov_057 | 2.194291640906858 × 10^296 |
| 56 | ov_056 | 3.6942019323697173 × 10^296 |
| 55 | ov_055 | 5.975184206184673 × 10^296 |
| 54 | ov_054 | 9.209677602776707 × 10^296 |
| 53 | ov_053 | 1.3765313154892478 × 10^297 |
| 52 | ov_052 | 2.0055244199721196 × 10^297 |
| 51 | ov_051 | 2.8538191434567304 × 10^297 |
| 50 | ov_050 | 3.971851774787343 × 10^297 |
| 49 | ov_049 | 5.4146348730380543 × 10^297 |
| 48 | ov_048 | 7.241775845871858 × 10^297 |
| 47 | ov_047 | 9.517504317673995 × 10^297 |
| 32 | lv_80_m31 | 1.0888290182398563 × 10^298 |
| 46 | ov_046 | 1.2310710853602004 × 10^298 |
| 45 | ov_045 | 1.5694999909788382 × 10^298 |
| 44 | ov_044 | 1.9748760184727912 × 10^298 |
| 43 | ov_043 | 2.451485545733831 × 10^298 |
| 42 | ov_042 | 3.0081541280899135 × 10^298 |
| 41 | ov_041 | 3.654220925758431 × 10^298 |
| 40 | ov_040 | 4.3947565054524045 × 10^298 |
| 39 | ov_039 | 5.240184379807817 × 10^298 |
| 31 | ov_031 | 5.583909086031519 × 10^298 |
| 38 | ov_038 | 6.201506891654791 × 10^298 |
| 37 | ov_037 | 7.290335909960954 × 10^298 |
| 36 | ov_036 | 8.518928922782785 × 10^298 |
| 35 | ov_035 | 9.900231128241026 × 10^298 |
| 34 | ov_034 | 1.1447924157991164 × 10^299 |
| 33 | ov_033 | 1.317648210174767 × 10^299 |
| 30 | ov_030 | 2.863131060293647 × 10^299 |
| 29 | ov_029 | 9.366565364606969 × 10^299 |
| 28 | ov_028 | 2.4311043426668157 × 10^300 |
| 27 | ov_027 | 5.433828431006821 × 10^300 |
| 26 | ov_026 | 1.1530395731324268 × 10^301 |
| 25 | ov_025 | 2.282082234274069 × 10^301 |
| 24 | ov_024 | 4.191958670935945 × 10^301 |
| 23 | ov_023 | 7.195566872679853 × 10^301 |
| 22 | ov_022 | 1.1657264946103491 × 10^302 |
| 21 | ov_021 | 1.799289280783827 × 10^302 |
| 20 | ov_020 | 2.6669812557346094 × 10^302 |
| 19 | ov_019 | 3.820697533353004 × 10^302 |
| 18 | ov_018 | 5.317502517223711 × 10^302 |
| 17 | ov_017 | 7.219645473992461 × 10^302 |
| 16 | ov_016 | 9.594583136251197 × 10^302 |
| 15 | ov_015 | 1.251501164499727 × 10^303 |
| 14 | ov_014 | 1.6058910805220555 × 10^303 |
| 13 | ov_013 | 2.0309604142278572 × 10^303 |
| 12 | ov_012 | 2.5355838611636563 × 10^303 |
| 11 | ov_011 | 3.1291888180282982 × 10^303 |
| 10 | ov_010 | 3.821768586513229 × 10^303 |
| 9 | ov_009 | 4.623898918261385 × 10^303 |
| 8 | ov_008 | 5.546758433523156 × 10^303 |
| 7 | ov_007 | 6.602153483619137 × 10^303 |
| 6 | ov_006 | 7.802548024950169 × 10^303 |
| 5 | ov_005 | 9.161099030179158 × 10^303 |
| 4 | ov_004 | 1.0691698001730312 × 10^304 |
| 3 | ov_003 | 1.240901922612455 × 10^304 |
| 2 | ov_002 | 1.4328575393941593 × 10^304 |
| 1 | ov_001 | 1.6466781253654814 × 10^304 |

