# Results for F001-F002-F003-F004-F005-F006-F007-F008-F009-F010-F011-F012-F013-F014-F015-F016-F017-F018-F019-F020-F021-F022-F023-F024-F025-F026-F027-F028-F029-F030-F031-F032-F033-F034-F035-F036-F037-F038-F039-F040-F041-F042-F043-F044-F045-F046-F047-F048-F049-F050-F051-F052-F053-F054-F055-F056-F057-F058-F059-F060-F061-F062-F063-F064-F065-F066-F067-F068-F069-F070-F071-F072-F073-F074-F075-F076-F077-F078-F079-F080-F081-F082-F083-F084-F085-F086-F087-F088-F089-F090-F091-F092-F093-F094-F095-F096-F097-F098-F099-F100-F101-F102-F103-F104-F105-F106-F107-F108-F109-F110-F111-F112-F113-F114-F115-F116-F117-F118-F119-F120-F121-F122-F123-F124-F125-F126-F127-F128-F129-F130-F131-F132-F133-F134-F135-F136-F137-F138-F139-F140-F141-F142-F143-F144-F145-F146-F147-F148-F149-F150-F151-F152-F153-F154-F155-F156-F157-F158-F159-F160-F161-F162-F163-F164-F165-F166-F167-F168-F169-F170-F171-F172-F173-F174-F175-F176-F177-F178-F179-F180-F181-F182-F183-F184-F185-F186-F187-F188-F189-F190-F191-F192-F193-F194-F195-F196-F197-F198-F199-F200-F201-F202-F203-F204-F205-F206-F207-F208-F209-F210-F211-F212-F213-F214-F215-F216-F217-F218-F219-F220-F221-F222-F223-F224-F225-F226-F227-F228-F229-F230-F231-F232-F233-F234-F235-F236-F237-F238-F239-F240-F241-F242-F243-F244-F245-F246-F247-F248-F249-F250-F251-F252-F253-F254-F255-F256-F257-F258-F259-F260-F261-F262-F263-F264-F265-F266-F267-F268-F269-F270-F271-F272-F273-F274-F275-F276-F277-F278-F279-F280-F281-F282-F283-F284-F285-F286-F287-F288-F289-F290-F291-F292-F293-F294-F295-F296-F297-F298-F299-F300-F301-F302-F303-F304-F305-F306-F307-F308-F309-F310-F311-F312-F313-F314-F315-F316-F317-F318-F319-F320-F321-F322-F323-F324-F325-F326-F327-F328-F329-F330-F331-F332-F333-F334-F335-F336-F337-F338-F339-F340-F341-F342-F343-F344-F345-F346-F347-F348-F349-F350-F351-F352-F353-F354-F355-F356-F357-F358-F359-F360-F361-F362-F363-F364-F365-F366-F367-F368-F369-F370-F371-F372-F373-F374-F375-F376-F377-F378-F379-F380-F381-F382-F383-F384-F385-F386-F387-F388-F389-F390-F391-F392-F393-F394-F395-F396-F397-F398-F399-F400-F401-F402-F403-F404-F405-F406-F407-F408-F409-F410-F411-F412-F413-F414-F415-F416-F417-F418-F419-F420-F421-F422-F423-F424-F425-F426-F427-F428-F429-F430-F431-F432-F433-F434-F435-F436-F437-F438-F439-F440-F441-F442-F443-F444-F445-F446-F447-F448-F449-F450-F451-F452-F453-F454-F455-F456-F457-F458-F459-F460-F461-F462-F463-F464-F465-F466-F467-F468-F469-F470-F471-F472-F473-F474-F475-F476-F477-F478-F479-F480-F481-F482-F483-F484-F485-F486-F487-F488-F489-F490-F491-F492-F493-F494-F495-F496-O499505-F510-F512

## Summary

Number of input bits: 512  
Number of free input bits: 13  
Number of output bits: 160

Number of direct occurrences: 53396  
Number of assignments: 31787  
Number of operations: 11265308
(xor: 11236879,
and: 14897,
or: 13532)

Total complexity: 7.743345660662115 × 10^301

Least occurring input variable: iv_502 (3865)  
Most occurring input variable: iv_511 (4276)

Most co-occurring input variables: iv_508-iv_509 (2091)  
Least co-occurring input variables: iv_498-iv_502 (1749)

Potentially most occurring input variable: iv_509/iv_511 (4540)  
Potentially least occurring input variable: iv_499/iv_504 (4148)

Least output occurring input variable: iv_504 (71)  
Most output occurring input variable: iv_497 (93)

Most output co-occurring input variables: iv_497-iv_506 (53)  
Least output co-occurring input variables: iv_502-iv_508 (30)

Potentially most output occurring input variable: iv_500/iv_506 (93)  
Potentially least output occurring input variable: iv_499/iv_503 (66)

Least complex input bit: iv_511 (9.459356135768988 × 10^297)  
Most complex input bit: iv_499 (1.3952704669947786 × 10^301)

Least complex output bit: aaa_76_29 (5.118927797114086 × 10^276)  
Most complex output bit: ov_001 (1.2105608008398594 × 10^301)

Least complex input/output complexity: iv_511/aaa_76_29 (6.253338438988017 × 10^272)  
Most complex input/output complexity: iv_499/ov_001 (2.1813048363502534 × 10^300)

## Input Bits

### Input Bits in Regular Order

| Input Bit | Complexity | Occurrences | Output Occurrences |
|:---------:|:----------:|:-----------:|:------------------:|
| iv_497 | 2.2001068404559025 × 10^299 | 4149 | 93 |
| iv_498 | 4.38624534881945 × 10^299 | 3946 | 84 |
| iv_499 | 1.3952704669947786 × 10^301 | 4261 | 78 |
| iv_500 | 1.299458890016516 × 10^300 | 4142 | 76 |
| iv_501 | 2.1468101762530767 × 10^300 | 4107 | 83 |
| iv_502 | 3.473749836542521 × 10^300 | 3865 | 75 |
| iv_503 | 5.5215030519081625 × 10^300 | 4074 | 72 |
| iv_504 | 8.607457310608493 × 10^300 | 3955 | 71 |
| iv_506 | 6.660669066398635 × 10^300 | 3998 | 81 |
| iv_507 | 9.555231631528954 × 10^300 | 4197 | 76 |
| iv_508 | 1.2681407201600884 × 10^301 | 4200 | 73 |
| iv_509 | 1.2866370196752964 × 10^301 | 4226 | 84 |
| iv_511 | 9.459356135768988 × 10^297 | 4276 | 78 |

### Input Bits Sorted by Complexity

| Input Bit | Complexity | Occurrences | Output Occurrences |
|:---------:|:----------:|:-----------:|:------------------:|
| iv_511 | 9.459356135768988 × 10^297 | 4276 | 78 |
| iv_497 | 2.2001068404559025 × 10^299 | 4149 | 93 |
| iv_498 | 4.38624534881945 × 10^299 | 3946 | 84 |
| iv_500 | 1.299458890016516 × 10^300 | 4142 | 76 |
| iv_501 | 2.1468101762530767 × 10^300 | 4107 | 83 |
| iv_502 | 3.473749836542521 × 10^300 | 3865 | 75 |
| iv_503 | 5.5215030519081625 × 10^300 | 4074 | 72 |
| iv_506 | 6.660669066398635 × 10^300 | 3998 | 81 |
| iv_504 | 8.607457310608493 × 10^300 | 3955 | 71 |
| iv_507 | 9.555231631528954 × 10^300 | 4197 | 76 |
| iv_508 | 1.2681407201600884 × 10^301 | 4200 | 73 |
| iv_509 | 1.2866370196752964 × 10^301 | 4226 | 84 |
| iv_499 | 1.3952704669947786 × 10^301 | 4261 | 78 |

### Input Bits Sorted by Occurrences

| Input Bit | Complexity | Occurrences | Output Occurrences |
|:---------:|:----------:|:-----------:|:------------------:|
| iv_502 | 3.473749836542521 × 10^300 | 3865 | 75 |
| iv_498 | 4.38624534881945 × 10^299 | 3946 | 84 |
| iv_504 | 8.607457310608493 × 10^300 | 3955 | 71 |
| iv_506 | 6.660669066398635 × 10^300 | 3998 | 81 |
| iv_503 | 5.5215030519081625 × 10^300 | 4074 | 72 |
| iv_501 | 2.1468101762530767 × 10^300 | 4107 | 83 |
| iv_500 | 1.299458890016516 × 10^300 | 4142 | 76 |
| iv_497 | 2.2001068404559025 × 10^299 | 4149 | 93 |
| iv_507 | 9.555231631528954 × 10^300 | 4197 | 76 |
| iv_508 | 1.2681407201600884 × 10^301 | 4200 | 73 |
| iv_509 | 1.2866370196752964 × 10^301 | 4226 | 84 |
| iv_499 | 1.3952704669947786 × 10^301 | 4261 | 78 |
| iv_511 | 9.459356135768988 × 10^297 | 4276 | 78 |

### Input Bits Sorted by Output Occurrences

| Input Bit | Complexity | Occurrences | Output Occurrences |
|:---------:|:----------:|:-----------:|:------------------:|
| iv_504 | 8.607457310608493 × 10^300 | 3955 | 71 |
| iv_503 | 5.5215030519081625 × 10^300 | 4074 | 72 |
| iv_508 | 1.2681407201600884 × 10^301 | 4200 | 73 |
| iv_502 | 3.473749836542521 × 10^300 | 3865 | 75 |
| iv_500 | 1.299458890016516 × 10^300 | 4142 | 76 |
| iv_507 | 9.555231631528954 × 10^300 | 4197 | 76 |
| iv_499 | 1.3952704669947786 × 10^301 | 4261 | 78 |
| iv_511 | 9.459356135768988 × 10^297 | 4276 | 78 |
| iv_506 | 6.660669066398635 × 10^300 | 3998 | 81 |
| iv_501 | 2.1468101762530767 × 10^300 | 4107 | 83 |
| iv_509 | 1.2866370196752964 × 10^301 | 4226 | 84 |
| iv_498 | 4.38624534881945 × 10^299 | 3946 | 84 |
| iv_497 | 2.2001068404559025 × 10^299 | 4149 | 93 |

## Input Bit Co-occurrences

### Input Bit Co-occurrences Sorted by Co-occurrences

| Input Bits | Co-occurrences | Potential Occurrences | Output Co-occurrences | Potential Output Occurrences |
|:----------:|:--------------:|:---------------------:|:---------------------:|:----------------------------:|
| iv_508-iv_509 | 2091 | 4244 | 37 | 83 |
| iv_500-iv_511 | 2088 | 4242 | 37 | 80 |
| iv_507-iv_509 | 2059 | 4305 | 42 | 76 |
| iv_497-iv_507 | 2054 | 4238 | 46 | 77 |
| iv_499-iv_509 | 2054 | 4379 | 40 | 82 |
| iv_499-iv_500 | 2048 | 4307 | 42 | 70 |
| iv_499-iv_507 | 2043 | 4372 | 35 | 84 |
| iv_501-iv_511 | 2042 | 4299 | 39 | 83 |
| iv_499-iv_504 | 2034 | 4148 | 34 | 81 |
| iv_503-iv_511 | 2034 | 4282 | 33 | 84 |
| iv_501-iv_509 | 2026 | 4281 | 42 | 83 |
| iv_507-iv_511 | 2021 | 4431 | 39 | 76 |
| iv_497-iv_509 | 2017 | 4341 | 45 | 87 |

### Input Bit Co-occurrences Sorted by Potential Occurrences

| Input Bits | Co-occurrences | Potential Occurrences | Output Co-occurrences | Potential Output Occurrences |
|:----------:|:--------------:|:---------------------:|:---------------------:|:----------------------------:|
| iv_499-iv_504 | 2034 | 4148 | 34 | 81 |
| iv_504-iv_506 | 1888 | 4177 | 38 | 76 |
| iv_506-iv_507 | 2006 | 4183 | 39 | 79 |
| iv_497-iv_504 | 1947 | 4210 | 47 | 70 |
| iv_500-iv_503 | 1996 | 4224 | 33 | 82 |
| iv_497-iv_501 | 2015 | 4226 | 50 | 76 |
| iv_498-iv_506 | 1858 | 4228 | 39 | 87 |
| iv_498-iv_504 | 1836 | 4229 | 37 | 81 |
| iv_500-iv_502 | 1888 | 4231 | 35 | 81 |
| iv_497-iv_506 | 1958 | 4231 | 53 | 68 |
| iv_502-iv_504 | 1794 | 4232 | 34 | 78 |
| iv_502-iv_506 | 1815 | 4233 | 40 | 76 |
| iv_497-iv_507 | 2054 | 4238 | 46 | 77 |

### Input Bit Output Co-occurrences Sorted by Output Co-occurrences

| Input Bits | Co-occurrences | Potential Occurrences | Output Co-occurrences | Potential Output Occurrences |
|:----------:|:--------------:|:---------------------:|:---------------------:|:----------------------------:|
| iv_497-iv_506 | 1958 | 4231 | 53 | 68 |
| iv_497-iv_501 | 2015 | 4226 | 50 | 76 |
| iv_497-iv_498 | 1890 | 4315 | 48 | 81 |
| iv_497-iv_504 | 1947 | 4210 | 47 | 70 |
| iv_498-iv_501 | 1876 | 4301 | 46 | 75 |
| iv_497-iv_507 | 2054 | 4238 | 46 | 77 |
| iv_497-iv_511 | 2011 | 4403 | 46 | 79 |
| iv_498-iv_509 | 1877 | 4418 | 45 | 78 |
| iv_497-iv_509 | 2017 | 4341 | 45 | 87 |
| iv_497-iv_499 | 2000 | 4410 | 44 | 83 |
| iv_497-iv_508 | 1930 | 4489 | 43 | 80 |
| iv_501-iv_506 | 1884 | 4337 | 43 | 78 |
| iv_501-iv_509 | 2026 | 4281 | 42 | 83 |

### Input Bit Output Co-occurrences Sorted by Potential Output Occurrences

| Input Bits | Co-occurrences | Potential Occurrences | Output Co-occurrences | Potential Output Occurrences |
|:----------:|:--------------:|:---------------------:|:---------------------:|:----------------------------:|
| iv_499-iv_503 | 1958 | 4419 | 42 | 66 |
| iv_497-iv_506 | 1958 | 4231 | 53 | 68 |
| iv_499-iv_500 | 2048 | 4307 | 42 | 70 |
| iv_497-iv_504 | 1947 | 4210 | 47 | 70 |
| iv_504-iv_508 | 1943 | 4269 | 36 | 72 |
| iv_507-iv_508 | 1983 | 4431 | 38 | 73 |
| iv_500-iv_504 | 1925 | 4247 | 37 | 73 |
| iv_503-iv_509 | 1929 | 4442 | 41 | 74 |
| iv_501-iv_503 | 1871 | 4439 | 40 | 75 |
| iv_503-iv_504 | 1886 | 4257 | 34 | 75 |
| iv_498-iv_501 | 1876 | 4301 | 46 | 75 |
| iv_502-iv_507 | 1904 | 4254 | 38 | 75 |
| iv_501-iv_508 | 1952 | 4403 | 40 | 76 |

## Output Bits

### Output Bits in Regular Order

| Rank | Output Bit | Complexity |
|:----:|:----------:|:----------:|
| 1 | ov_001 | 1.2105608008398594 × 10^301 |
| 2 | ov_002 | 1.0533905556304669 × 10^301 |
| 3 | ov_003 | 9.122862481893665 × 10^300 |
| 4 | ov_004 | 7.860432143907069 × 10^300 |
| 5 | ov_005 | 6.735227706922117 × 10^300 |
| 6 | ov_006 | 5.736475451527705 × 10^300 |
| 7 | ov_007 | 4.853974067148831 × 10^300 |
| 8 | ov_008 | 4.0780594496408305 × 10^300 |
| 9 | ov_009 | 3.399574556827091 × 10^300 |
| 10 | ov_010 | 2.8098438364230295 × 10^300 |
| 11 | ov_011 | 2.3006517354616433 × 10^300 |
| 12 | ov_012 | 1.8642248285889386 × 10^300 |
| 13 | ov_013 | 1.4932171302559635 × 10^300 |
| 14 | ov_014 | 1.1806981830282921 × 10^300 |
| 15 | ov_015 | 9.201435410730055 × 10^299 |
| 16 | ov_016 | 7.054272944580472 × 10^299 |
| 17 | ov_017 | 5.308163062824447 × 10^299 |
| 18 | ov_018 | 3.90965860906012 × 10^299 |
| 19 | ov_019 | 2.809164477077149 × 10^299 |
| 20 | ov_020 | 1.960914309048305 × 10^299 |
| 21 | ov_021 | 1.3229539273958172 × 10^299 |
| 22 | ov_022 | 8.571298480037146 × 10^298 |
| 23 | ov_023 | 5.290815573273885 × 10^298 |
| 24 | ov_024 | 3.082364894412595 × 10^298 |
| 25 | ov_025 | 1.6780695080381257 × 10^298 |
| 26 | ov_026 | 8.478843459955509 × 10^297 |
| 27 | ov_027 | 3.995882702469412 × 10^297 |
| 28 | ov_028 | 1.7878094068525415 × 10^297 |
| 29 | ov_029 | 6.888180609465211 × 10^296 |
| 30 | ov_030 | 2.1055485654589915 × 10^296 |
| 31 | ov_031 | 4.106332485235367 × 10^295 |
| 32 | lv_80_m31 | 8.006837783751613 × 10^294 |
| 33 | ov_033 | 9.64424764032435 × 10^295 |
| 34 | ov_034 | 8.374234294184067 × 10^295 |
| 35 | ov_035 | 7.236518041910172 × 10^295 |
| 36 | ov_036 | 6.220751815931876 × 10^295 |
| 37 | ov_037 | 5.317154444365455 × 10^295 |
| 38 | ov_038 | 4.5164706659453895 × 10^295 |
| 39 | ov_039 | 3.809936370398838 × 10^295 |
| 40 | ov_040 | 3.189248582730622 × 10^295 |
| 41 | ov_041 | 2.646539735077637 × 10^295 |
| 42 | ov_042 | 2.1743557943982738 × 10^295 |
| 43 | ov_043 | 1.7690706217164596 × 10^295 |
| 44 | ov_044 | 1.4240050454692126 × 10^295 |
| 45 | ov_045 | 1.1328469883837576 × 10^295 |
| 46 | ov_046 | 8.896411766063648 × 10^294 |
| 47 | ov_047 | 6.88780899259419 × 10^294 |
| 48 | ov_048 | 5.250015256484701 × 10^294 |
| 49 | ov_049 | 3.933755095544483 × 10^294 |
| 50 | ov_050 | 2.8930863210516032 × 10^294 |
| 51 | ov_051 | 2.0853725665979396 × 10^294 |
| 52 | ov_052 | 1.4712639098976157 × 10^294 |
| 53 | ov_053 | 1.0146837382371404 × 10^294 |
| 54 | ov_054 | 6.8282024564363966 × 10^293 |
| 55 | ov_055 | 4.461211669590581 × 10^293 |
| 56 | ov_056 | 2.7829061746284304 × 10^293 |
| 57 | ov_057 | 1.6699445594108144 × 10^293 |
| 58 | ov_058 | 9.244485917319971 × 10^292 |
| 59 | ov_059 | 4.556121035405898 × 10^292 |
| 60 | ov_060 | 1.8889326514621188 × 10^292 |
| 61 | ov_061 | 6.601402657666541 × 10^291 |
| 62 | ov_062 | 1.811804709569857 × 10^291 |
| 63 | ov_063 | 3.5332433732603546 × 10^290 |
| 64 | lv_79_m31 | 6.888775369513926 × 10^289 |
| 65 | ov_065 | 8.273499317740515 × 10^290 |
| 66 | ov_066 | 8.273480187520312 × 10^290 |
| 67 | ov_067 | 8.273475693740582 × 10^290 |
| 68 | ov_068 | 7.182354516996431 × 10^290 |
| 69 | ov_069 | 6.203885617386599 × 10^290 |
| 70 | ov_070 | 5.329747144908725 × 10^290 |
| 71 | ov_071 | 4.552013642085542 × 10^290 |
| 72 | ov_072 | 3.863136104838817 × 10^290 |
| 73 | ov_073 | 3.2559262515295605 × 10^290 |
| 74 | ov_074 | 2.7235437209988095 × 10^290 |
| 75 | ov_075 | 2.259485119952945 × 10^290 |
| 76 | ov_076 | 1.857574291967538 × 10^290 |
| 77 | ov_077 | 1.5119536075471497 × 10^290 |
| 78 | ov_078 | 1.217076215252083 × 10^290 |
| 79 | ov_079 | 9.67699195063185 × 10^289 |
| 80 | ov_080 | 7.588775560569768 × 10^289 |
| 81 | ov_081 | 5.859590211480241 × 10^289 |
| 82 | ov_082 | 4.44579542162227 × 10^289 |
| 83 | ov_083 | 3.3065948886868575 × 10^289 |
| 84 | ov_084 | 2.404004558503472 × 10^289 |
| 85 | ov_085 | 1.7028263126248797 × 10^289 |
| 86 | ov_086 | 1.170626716371178 × 10^289 |
| 87 | ov_087 | 7.777202695982384 × 10^288 |
| 88 | ov_088 | 4.971566028731036 × 10^288 |
| 89 | ov_089 | 3.047110619807297 × 10^288 |
| 90 | ov_090 | 1.7887812381497807 × 10^288 |
| 91 | ov_091 | 1.0086708676839102 × 10^288 |
| 92 | ov_092 | 5.459948342815446 × 10^287 |
| 93 | ov_093 | 2.6707690909037585 × 10^287 |
| 94 | ov_094 | 1.1185494362387476 × 10^287 |
| 95 | aaa_78_28 | 3.3816849038573743 × 10^286 |
| 96 | aaa_78_29 | 1.0047556621864545 × 10^286 |
| 97 | ov_097 | 5.652430425817315 × 10^285 |
| 98 | ov_098 | 5.652338036236627 × 10^285 |
| 99 | ov_099 | 5.652308498244204 × 10^285 |
| 100 | ov_100 | 4.613669016120157 × 10^285 |
| 101 | ov_101 | 3.7553693581330114 × 10^285 |
| 102 | ov_102 | 3.0545651246427084 × 10^285 |
| 103 | ov_103 | 2.4896770244046493 × 10^285 |
| 104 | ov_104 | 2.0402990511211878 × 10^285 |
| 105 | ov_105 | 1.68711829975392 × 10^285 |
| 106 | ov_106 | 1.4118453810399685 × 10^285 |
| 107 | ov_107 | 1.1971544472373881 × 10^285 |
| 108 | ov_108 | 1.0266318946394854 × 10^285 |
| 109 | ov_109 | 8.84732859227525 × 10^284 |
| 110 | ov_110 | 7.567446713076298 × 10^284 |
| 111 | ov_111 | 6.418904457172443 × 10^284 |
| 112 | ov_112 | 5.394134904352959 × 10^284 |
| 113 | ov_113 | 4.485732073498909 × 10^284 |
| 114 | ov_114 | 3.686415914859992 × 10^284 |
| 115 | ov_115 | 2.98900282698292 × 10^284 |
| 116 | ov_116 | 2.3863812396756374 × 10^284 |
| 117 | ov_117 | 1.8714918051870225 × 10^284 |
| 118 | ov_118 | 1.4373117402340105 × 10^284 |
| 119 | ov_119 | 1.0768428617591718 × 10^284 |
| 120 | ov_120 | 7.831028594414881 × 10^283 |
| 121 | ov_121 | 5.491193480611892 × 10^283 |
| 122 | ov_122 | 3.6792603814782286 × 10^283 |
| 123 | ov_123 | 2.3256021574999453 × 10^283 |
| 124 | ov_124 | 1.3606104109275241 × 10^283 |
| 125 | ov_125 | 7.14684936345352 × 10^282 |
| 126 | ov_126 | 3.182283340962908 × 10^282 |
| 127 | aaa_77_28 | 1.0164394032119294 × 10^282 |
| 128 | aaa_77_29 | 3.81207363267774 × 10^281 |
| 129 | ov_129 | 3.561667593641805 × 10^281 |
| 130 | ov_130 | 3.561657616000144 × 10^281 |
| 131 | ov_131 | 3.561655201191568 × 10^281 |
| 132 | ov_132 | 3.0951791362392824 × 10^281 |
| 133 | ov_133 | 2.676683131567323 × 10^281 |
| 134 | ov_134 | 2.302568836494644 × 10^281 |
| 135 | ov_135 | 1.9694328781496755 × 10^281 |
| 136 | ov_136 | 1.6740529538951807 × 10^281 |
| 137 | ov_137 | 1.4133757904026267 × 10^281 |
| 138 | ov_138 | 1.1845067955803414 × 10^281 |
| 139 | ov_139 | 9.847012385408836 × 10^280 |
| 140 | ov_140 | 8.113568014901843 × 10^280 |
| 141 | ov_141 | 6.620073558938367 × 10^280 |
| 142 | ov_142 | 5.343178235754961 × 10^280 |
| 143 | ov_143 | 4.26079991571466 × 10^280 |
| 144 | ov_144 | 3.352091576395078 × 10^280 |
| 145 | ov_145 | 2.5974149132691384 × 10^280 |
| 146 | ov_146 | 1.9783200346484065 × 10^280 |
| 147 | ov_147 | 1.4775302488882478 × 10^280 |
| 148 | ov_148 | 1.078931031003386 × 10^280 |
| 149 | ov_149 | 7.675623348817912 × 10^279 |
| 150 | ov_150 | 5.296134962556725 × 10^279 |
| 151 | ov_151 | 3.524200505151535 × 10^279 |
| 152 | ov_152 | 2.2446186834811686 × 10^279 |
| 153 | ov_153 | 1.353621135941363 × 10^279 |
| 154 | ov_154 | 7.588666921499401 × 10^278 |
| 155 | ov_155 | 3.794381539021024 × 10^278 |
| 156 | aaa_76_25 | 1.4584054314312472 × 10^278 |
| 157 | aaa_76_26 | 8.426515465549594 × 10^277 |
| 158 | aaa_76_27 | 4.3161151363617005 × 10^277 |
| 159 | aaa_76_28 | 1.6818267966658662 × 10^277 |
| 160 | aaa_76_29 | 5.118927797114086 × 10^276 |

### Output Bits Sorted by Complexity

| Rank | Output Bit | Complexity |
|:----:|:----------:|:----------:|
| 160 | aaa_76_29 | 5.118927797114086 × 10^276 |
| 159 | aaa_76_28 | 1.6818267966658662 × 10^277 |
| 158 | aaa_76_27 | 4.3161151363617005 × 10^277 |
| 157 | aaa_76_26 | 8.426515465549594 × 10^277 |
| 156 | aaa_76_25 | 1.4584054314312472 × 10^278 |
| 155 | ov_155 | 3.794381539021024 × 10^278 |
| 154 | ov_154 | 7.588666921499401 × 10^278 |
| 153 | ov_153 | 1.353621135941363 × 10^279 |
| 152 | ov_152 | 2.2446186834811686 × 10^279 |
| 151 | ov_151 | 3.524200505151535 × 10^279 |
| 150 | ov_150 | 5.296134962556725 × 10^279 |
| 149 | ov_149 | 7.675623348817912 × 10^279 |
| 148 | ov_148 | 1.078931031003386 × 10^280 |
| 147 | ov_147 | 1.4775302488882478 × 10^280 |
| 146 | ov_146 | 1.9783200346484065 × 10^280 |
| 145 | ov_145 | 2.5974149132691384 × 10^280 |
| 144 | ov_144 | 3.352091576395078 × 10^280 |
| 143 | ov_143 | 4.26079991571466 × 10^280 |
| 142 | ov_142 | 5.343178235754961 × 10^280 |
| 141 | ov_141 | 6.620073558938367 × 10^280 |
| 140 | ov_140 | 8.113568014901843 × 10^280 |
| 139 | ov_139 | 9.847012385408836 × 10^280 |
| 138 | ov_138 | 1.1845067955803414 × 10^281 |
| 137 | ov_137 | 1.4133757904026267 × 10^281 |
| 136 | ov_136 | 1.6740529538951807 × 10^281 |
| 135 | ov_135 | 1.9694328781496755 × 10^281 |
| 134 | ov_134 | 2.302568836494644 × 10^281 |
| 133 | ov_133 | 2.676683131567323 × 10^281 |
| 132 | ov_132 | 3.0951791362392824 × 10^281 |
| 131 | ov_131 | 3.561655201191568 × 10^281 |
| 130 | ov_130 | 3.561657616000144 × 10^281 |
| 129 | ov_129 | 3.561667593641805 × 10^281 |
| 128 | aaa_77_29 | 3.81207363267774 × 10^281 |
| 127 | aaa_77_28 | 1.0164394032119294 × 10^282 |
| 126 | ov_126 | 3.182283340962908 × 10^282 |
| 125 | ov_125 | 7.14684936345352 × 10^282 |
| 124 | ov_124 | 1.3606104109275241 × 10^283 |
| 123 | ov_123 | 2.3256021574999453 × 10^283 |
| 122 | ov_122 | 3.6792603814782286 × 10^283 |
| 121 | ov_121 | 5.491193480611892 × 10^283 |
| 120 | ov_120 | 7.831028594414881 × 10^283 |
| 119 | ov_119 | 1.0768428617591718 × 10^284 |
| 118 | ov_118 | 1.4373117402340105 × 10^284 |
| 117 | ov_117 | 1.8714918051870225 × 10^284 |
| 116 | ov_116 | 2.3863812396756374 × 10^284 |
| 115 | ov_115 | 2.98900282698292 × 10^284 |
| 114 | ov_114 | 3.686415914859992 × 10^284 |
| 113 | ov_113 | 4.485732073498909 × 10^284 |
| 112 | ov_112 | 5.394134904352959 × 10^284 |
| 111 | ov_111 | 6.418904457172443 × 10^284 |
| 110 | ov_110 | 7.567446713076298 × 10^284 |
| 109 | ov_109 | 8.84732859227525 × 10^284 |
| 108 | ov_108 | 1.0266318946394854 × 10^285 |
| 107 | ov_107 | 1.1971544472373881 × 10^285 |
| 106 | ov_106 | 1.4118453810399685 × 10^285 |
| 105 | ov_105 | 1.68711829975392 × 10^285 |
| 104 | ov_104 | 2.0402990511211878 × 10^285 |
| 103 | ov_103 | 2.4896770244046493 × 10^285 |
| 102 | ov_102 | 3.0545651246427084 × 10^285 |
| 101 | ov_101 | 3.7553693581330114 × 10^285 |
| 100 | ov_100 | 4.613669016120157 × 10^285 |
| 99 | ov_099 | 5.652308498244204 × 10^285 |
| 98 | ov_098 | 5.652338036236627 × 10^285 |
| 97 | ov_097 | 5.652430425817315 × 10^285 |
| 96 | aaa_78_29 | 1.0047556621864545 × 10^286 |
| 95 | aaa_78_28 | 3.3816849038573743 × 10^286 |
| 94 | ov_094 | 1.1185494362387476 × 10^287 |
| 93 | ov_093 | 2.6707690909037585 × 10^287 |
| 92 | ov_092 | 5.459948342815446 × 10^287 |
| 91 | ov_091 | 1.0086708676839102 × 10^288 |
| 90 | ov_090 | 1.7887812381497807 × 10^288 |
| 89 | ov_089 | 3.047110619807297 × 10^288 |
| 88 | ov_088 | 4.971566028731036 × 10^288 |
| 87 | ov_087 | 7.777202695982384 × 10^288 |
| 86 | ov_086 | 1.170626716371178 × 10^289 |
| 85 | ov_085 | 1.7028263126248797 × 10^289 |
| 84 | ov_084 | 2.404004558503472 × 10^289 |
| 83 | ov_083 | 3.3065948886868575 × 10^289 |
| 82 | ov_082 | 4.44579542162227 × 10^289 |
| 81 | ov_081 | 5.859590211480241 × 10^289 |
| 64 | lv_79_m31 | 6.888775369513926 × 10^289 |
| 80 | ov_080 | 7.588775560569768 × 10^289 |
| 79 | ov_079 | 9.67699195063185 × 10^289 |
| 78 | ov_078 | 1.217076215252083 × 10^290 |
| 77 | ov_077 | 1.5119536075471497 × 10^290 |
| 76 | ov_076 | 1.857574291967538 × 10^290 |
| 75 | ov_075 | 2.259485119952945 × 10^290 |
| 74 | ov_074 | 2.7235437209988095 × 10^290 |
| 73 | ov_073 | 3.2559262515295605 × 10^290 |
| 63 | ov_063 | 3.5332433732603546 × 10^290 |
| 72 | ov_072 | 3.863136104838817 × 10^290 |
| 71 | ov_071 | 4.552013642085542 × 10^290 |
| 70 | ov_070 | 5.329747144908725 × 10^290 |
| 69 | ov_069 | 6.203885617386599 × 10^290 |
| 68 | ov_068 | 7.182354516996431 × 10^290 |
| 67 | ov_067 | 8.273475693740582 × 10^290 |
| 66 | ov_066 | 8.273480187520312 × 10^290 |
| 65 | ov_065 | 8.273499317740515 × 10^290 |
| 62 | ov_062 | 1.811804709569857 × 10^291 |
| 61 | ov_061 | 6.601402657666541 × 10^291 |
| 60 | ov_060 | 1.8889326514621188 × 10^292 |
| 59 | ov_059 | 4.556121035405898 × 10^292 |
| 58 | ov_058 | 9.244485917319971 × 10^292 |
| 57 | ov_057 | 1.6699445594108144 × 10^293 |
| 56 | ov_056 | 2.7829061746284304 × 10^293 |
| 55 | ov_055 | 4.461211669590581 × 10^293 |
| 54 | ov_054 | 6.8282024564363966 × 10^293 |
| 53 | ov_053 | 1.0146837382371404 × 10^294 |
| 52 | ov_052 | 1.4712639098976157 × 10^294 |
| 51 | ov_051 | 2.0853725665979396 × 10^294 |
| 50 | ov_050 | 2.8930863210516032 × 10^294 |
| 49 | ov_049 | 3.933755095544483 × 10^294 |
| 48 | ov_048 | 5.250015256484701 × 10^294 |
| 47 | ov_047 | 6.88780899259419 × 10^294 |
| 32 | lv_80_m31 | 8.006837783751613 × 10^294 |
| 46 | ov_046 | 8.896411766063648 × 10^294 |
| 45 | ov_045 | 1.1328469883837576 × 10^295 |
| 44 | ov_044 | 1.4240050454692126 × 10^295 |
| 43 | ov_043 | 1.7690706217164596 × 10^295 |
| 42 | ov_042 | 2.1743557943982738 × 10^295 |
| 41 | ov_041 | 2.646539735077637 × 10^295 |
| 40 | ov_040 | 3.189248582730622 × 10^295 |
| 39 | ov_039 | 3.809936370398838 × 10^295 |
| 31 | ov_031 | 4.106332485235367 × 10^295 |
| 38 | ov_038 | 4.5164706659453895 × 10^295 |
| 37 | ov_037 | 5.317154444365455 × 10^295 |
| 36 | ov_036 | 6.220751815931876 × 10^295 |
| 35 | ov_035 | 7.236518041910172 × 10^295 |
| 34 | ov_034 | 8.374234294184067 × 10^295 |
| 33 | ov_033 | 9.64424764032435 × 10^295 |
| 30 | ov_030 | 2.1055485654589915 × 10^296 |
| 29 | ov_029 | 6.888180609465211 × 10^296 |
| 28 | ov_028 | 1.7878094068525415 × 10^297 |
| 27 | ov_027 | 3.995882702469412 × 10^297 |
| 26 | ov_026 | 8.478843459955509 × 10^297 |
| 25 | ov_025 | 1.6780695080381257 × 10^298 |
| 24 | ov_024 | 3.082364894412595 × 10^298 |
| 23 | ov_023 | 5.290815573273885 × 10^298 |
| 22 | ov_022 | 8.571298480037146 × 10^298 |
| 21 | ov_021 | 1.3229539273958172 × 10^299 |
| 20 | ov_020 | 1.960914309048305 × 10^299 |
| 19 | ov_019 | 2.809164477077149 × 10^299 |
| 18 | ov_018 | 3.90965860906012 × 10^299 |
| 17 | ov_017 | 5.308163062824447 × 10^299 |
| 16 | ov_016 | 7.054272944580472 × 10^299 |
| 15 | ov_015 | 9.201435410730055 × 10^299 |
| 14 | ov_014 | 1.1806981830282921 × 10^300 |
| 13 | ov_013 | 1.4932171302559635 × 10^300 |
| 12 | ov_012 | 1.8642248285889386 × 10^300 |
| 11 | ov_011 | 2.3006517354616433 × 10^300 |
| 10 | ov_010 | 2.8098438364230295 × 10^300 |
| 9 | ov_009 | 3.399574556827091 × 10^300 |
| 8 | ov_008 | 4.0780594496408305 × 10^300 |
| 7 | ov_007 | 4.853974067148831 × 10^300 |
| 6 | ov_006 | 5.736475451527705 × 10^300 |
| 5 | ov_005 | 6.735227706922117 × 10^300 |
| 4 | ov_004 | 7.860432143907069 × 10^300 |
| 3 | ov_003 | 9.122862481893665 × 10^300 |
| 2 | ov_002 | 1.0533905556304669 × 10^301 |
| 1 | ov_001 | 1.2105608008398594 × 10^301 |

