# Results for F001-F002-F003-F004-F005-F006-F007-F008-F009-F010-F011-F012-F013-F014-F015-F016-F017-F018-F019-F020-F021-F022-F023-F024-F025-F026-F027-F028-F029-F030-F031-F032-F033-F034-F035-F036-F037-F038-F039-F040-F041-F042-F043-F044-F045-F046-F047-F048-F049-F050-F051-F052-F053-F054-F055-F056-F057-F058-F059-F060-F061-F062-F063-F064-F065-F066-F067-F068-F069-F070-F071-F072-F073-F074-F075-F076-F077-F078-F079-F080-F081-F082-F083-F084-F085-F086-F087-F088-F089-F090-F091-F092-F093-F094-F095-F096-F097-F098-F099-F100-F101-F102-F103-F104-F105-F106-F107-F108-F109-F110-F111-F112-F113-F114-F115-F116-F117-F118-F119-F120-F121-F122-F123-F124-F125-F126-F127-F128-F129-F130-F131-F132-F133-F134-F135-F136-F137-F138-F139-F140-F141-F142-F143-F144-F145-F146-F147-F148-F149-F150-F151-F152-F153-F154-F155-F156-F157-F158-F159-F160-F161-F162-F163-F164-F165-F166-F167-F168-F169-F170-F171-F172-F173-F174-F175-F176-F177-F178-F179-F180-F181-F182-F183-F184-F185-F186-F187-F188-F189-F190-F191-F192-F193-F194-F195-F196-F197-F198-F199-F200-F201-F202-F203-F204-F205-F206-F207-F208-F209-F210-F211-F212-F213-F214-F215-F216-F217-F218-F219-F220-F221-F222-F223-F224-F225-F226-F227-F228-F229-F230-F231-F232-F233-F234-F235-F236-F237-F238-F239-F240-F241-F242-F243-F244-F245-F246-F247-F248-F249-F250-F251-F252-F253-F254-F255-F256-F257-F258-F259-F260-F261-F262-F263-F264-F265-F266-F267-F268-F269-F270-F271-F272-F273-F274-F275-F276-F277-F278-F279-F280-F281-F282-F283-F284-F285-F286-F287-F288-F289-F290-F291-F292-F293-F294-F295-F296-F297-F298-F299-F300-F301-F302-F303-F304-F305-F306-F307-F308-F309-F310-F311-F312-F313-F314-F315-F316-F317-F318-F319-F320-F321-F322-F323-F324-F325-F326-F327-F328-F329-F330-F331-F332-F333-F334-F335-F336-F337-F338-F339-F340-F341-F342-F343-F344-F345-F346-F347-F348-F349-F350-F351-F352-F353-F354-F355-F356-F357-F358-F359-F360-F361-F362-F363-F364-F365-F366-F367-F368-F369-F370-F371-F372-F373-F374-F375-F376-F377-F378-F379-F380-F381-F382-F383-F384-F385-F386-F387-F388-F389-F390-F391-F392-F393-F394-F395-F396-F397-F398-F399-F400-F401-F402-F403-F404-F405-F406-F407-F408-F409-F410-F411-F412-F413-F414-F415-F416-F417-F418-F419-F420-F421-F422-F423-F424-F425-F426-F427-F428-F429-F430-F431-F432-F433-F434-F435-F436-F437-F438-F439-F440-F441-F442-F443-F444-F445-F446-F447-F448-F449-F450-F451-F452-F453-F454-F455-F456-F457-F458-F459-F460-F461-F462-F463-F464-F465-F466-F467-F468-F469-F470-F471-F472-F473-F474-F475-F476-F477-F478-F479-F480-F481-F482-F483-F484-F485-F486-F487-F488-F489-F490-F491-F492-F493-F494-F495-F496-T500-E507512-T511

## Summary

Number of input bits: 512  
Number of free input bits: 13  
Number of output bits: 160

Number of direct occurrences: 54584  
Number of assignments: 32395  
Number of operations: 12219772
(xor: 12190738,
and: 15248,
or: 13786)

Total complexity: 1.4580653161012112 × 10^310

Least occurring input variable: iv_504 (4017)  
Most occurring input variable: iv_507 (4460)

Most co-occurring input variables: iv_497-iv_510 (2080)  
Least co-occurring input variables: iv_498-iv_502 (1852)

Potentially most occurring input variable: iv_501/iv_507 (4803)  
Potentially least occurring input variable: iv_499/iv_506 (4251)

Least output occurring input variable: iv_503 (73)  
Most output occurring input variable: iv_508 (90)

Most output co-occurring input variables: iv_505-iv_507 (49)  
Least output co-occurring input variables: iv_504-iv_506 (29)

Potentially most output occurring input variable: iv_504/iv_505 (96)  
Potentially least output occurring input variable: iv_498/iv_503 (67)

Least complex input bit: iv_497 (6.592468740070501 × 10^306)  
Most complex input bit: iv_510 (4.027137650526586 × 10^309)

Least complex output bit: aaa_76_29 (2.9226743240921064 × 10^284)  
Most complex output bit: ov_001 (2.268592464475252 × 10^309)

Least complex input/output complexity: iv_497/aaa_76_29 (1.3214524003975713 × 10^281)  
Most complex input/output complexity: iv_510/ov_001 (6.265792092097896 × 10^308)

## Input Bits

### Input Bits in Regular Order

| Input Bit | Complexity | Occurrences | Output Occurrences |
|:---------:|:----------:|:-----------:|:------------------:|
| iv_497 | 6.592468740070501 × 10^306 | 4240 | 90 |
| iv_498 | 9.418131603484414 × 10^306 | 4058 | 78 |
| iv_499 | 1.6059519249793114 × 10^307 | 4236 | 78 |
| iv_501 | 7.375792307113645 × 10^307 | 4201 | 81 |
| iv_502 | 1.4695145980254073 × 10^308 | 4111 | 76 |
| iv_503 | 2.594419902837884 × 10^308 | 4252 | 73 |
| iv_504 | 4.27983660504106 × 10^308 | 4017 | 74 |
| iv_505 | 6.7504201148234175 × 10^308 | 4155 | 88 |
| iv_506 | 1.029805010136405 × 10^309 | 4173 | 74 |
| iv_507 | 2.7018041466958458 × 10^309 | 4460 | 81 |
| iv_508 | 2.189147572837314 × 10^309 | 4165 | 90 |
| iv_509 | 3.0175116160786978 × 10^309 | 4211 | 76 |
| iv_510 | 4.027137650526586 × 10^309 | 4305 | 78 |

### Input Bits Sorted by Complexity

| Input Bit | Complexity | Occurrences | Output Occurrences |
|:---------:|:----------:|:-----------:|:------------------:|
| iv_497 | 6.592468740070501 × 10^306 | 4240 | 90 |
| iv_498 | 9.418131603484414 × 10^306 | 4058 | 78 |
| iv_499 | 1.6059519249793114 × 10^307 | 4236 | 78 |
| iv_501 | 7.375792307113645 × 10^307 | 4201 | 81 |
| iv_502 | 1.4695145980254073 × 10^308 | 4111 | 76 |
| iv_503 | 2.594419902837884 × 10^308 | 4252 | 73 |
| iv_504 | 4.27983660504106 × 10^308 | 4017 | 74 |
| iv_505 | 6.7504201148234175 × 10^308 | 4155 | 88 |
| iv_506 | 1.029805010136405 × 10^309 | 4173 | 74 |
| iv_508 | 2.189147572837314 × 10^309 | 4165 | 90 |
| iv_507 | 2.7018041466958458 × 10^309 | 4460 | 81 |
| iv_509 | 3.0175116160786978 × 10^309 | 4211 | 76 |
| iv_510 | 4.027137650526586 × 10^309 | 4305 | 78 |

### Input Bits Sorted by Occurrences

| Input Bit | Complexity | Occurrences | Output Occurrences |
|:---------:|:----------:|:-----------:|:------------------:|
| iv_504 | 4.27983660504106 × 10^308 | 4017 | 74 |
| iv_498 | 9.418131603484414 × 10^306 | 4058 | 78 |
| iv_502 | 1.4695145980254073 × 10^308 | 4111 | 76 |
| iv_505 | 6.7504201148234175 × 10^308 | 4155 | 88 |
| iv_508 | 2.189147572837314 × 10^309 | 4165 | 90 |
| iv_506 | 1.029805010136405 × 10^309 | 4173 | 74 |
| iv_501 | 7.375792307113645 × 10^307 | 4201 | 81 |
| iv_509 | 3.0175116160786978 × 10^309 | 4211 | 76 |
| iv_499 | 1.6059519249793114 × 10^307 | 4236 | 78 |
| iv_497 | 6.592468740070501 × 10^306 | 4240 | 90 |
| iv_503 | 2.594419902837884 × 10^308 | 4252 | 73 |
| iv_510 | 4.027137650526586 × 10^309 | 4305 | 78 |
| iv_507 | 2.7018041466958458 × 10^309 | 4460 | 81 |

### Input Bits Sorted by Output Occurrences

| Input Bit | Complexity | Occurrences | Output Occurrences |
|:---------:|:----------:|:-----------:|:------------------:|
| iv_503 | 2.594419902837884 × 10^308 | 4252 | 73 |
| iv_504 | 4.27983660504106 × 10^308 | 4017 | 74 |
| iv_506 | 1.029805010136405 × 10^309 | 4173 | 74 |
| iv_509 | 3.0175116160786978 × 10^309 | 4211 | 76 |
| iv_502 | 1.4695145980254073 × 10^308 | 4111 | 76 |
| iv_498 | 9.418131603484414 × 10^306 | 4058 | 78 |
| iv_510 | 4.027137650526586 × 10^309 | 4305 | 78 |
| iv_499 | 1.6059519249793114 × 10^307 | 4236 | 78 |
| iv_501 | 7.375792307113645 × 10^307 | 4201 | 81 |
| iv_507 | 2.7018041466958458 × 10^309 | 4460 | 81 |
| iv_505 | 6.7504201148234175 × 10^308 | 4155 | 88 |
| iv_497 | 6.592468740070501 × 10^306 | 4240 | 90 |
| iv_508 | 2.189147572837314 × 10^309 | 4165 | 90 |

## Input Bit Co-occurrences

### Input Bit Co-occurrences Sorted by Co-occurrences

| Input Bits | Co-occurrences | Potential Occurrences | Output Co-occurrences | Potential Output Occurrences |
|:----------:|:--------------:|:---------------------:|:---------------------:|:----------------------------:|
| iv_497-iv_510 | 2080 | 4385 | 45 | 78 |
| iv_499-iv_506 | 2079 | 4251 | 37 | 78 |
| iv_499-iv_510 | 2079 | 4383 | 36 | 84 |
| iv_499-iv_507 | 2061 | 4574 | 38 | 83 |
| iv_497-iv_499 | 2053 | 4370 | 47 | 74 |
| iv_501-iv_503 | 2052 | 4349 | 37 | 80 |
| iv_507-iv_510 | 2048 | 4669 | 42 | 75 |
| iv_497-iv_509 | 2047 | 4357 | 44 | 78 |
| iv_497-iv_507 | 2044 | 4612 | 46 | 79 |
| iv_499-iv_509 | 2044 | 4359 | 39 | 76 |
| iv_501-iv_509 | 2041 | 4330 | 37 | 83 |
| iv_502-iv_507 | 2040 | 4491 | 43 | 71 |
| iv_499-iv_508 | 2040 | 4321 | 39 | 90 |

### Input Bit Co-occurrences Sorted by Potential Occurrences

| Input Bits | Co-occurrences | Potential Occurrences | Output Co-occurrences | Potential Output Occurrences |
|:----------:|:--------------:|:---------------------:|:---------------------:|:----------------------------:|
| iv_499-iv_506 | 2079 | 4251 | 37 | 78 |
| iv_502-iv_505 | 2006 | 4254 | 36 | 92 |
| iv_498-iv_504 | 1885 | 4305 | 34 | 84 |
| iv_498-iv_505 | 1951 | 4311 | 46 | 74 |
| iv_501-iv_505 | 2020 | 4316 | 41 | 87 |
| iv_502-iv_504 | 1905 | 4318 | 40 | 70 |
| iv_506-iv_508 | 2009 | 4320 | 43 | 78 |
| iv_499-iv_508 | 2040 | 4321 | 39 | 90 |
| iv_506-iv_509 | 2030 | 4324 | 30 | 90 |
| iv_501-iv_509 | 2041 | 4330 | 37 | 83 |
| iv_504-iv_508 | 1925 | 4332 | 46 | 72 |
| iv_502-iv_506 | 1975 | 4334 | 36 | 78 |
| iv_505-iv_509 | 2013 | 4340 | 45 | 74 |

### Input Bit Output Co-occurrences Sorted by Output Co-occurrences

| Input Bits | Co-occurrences | Potential Occurrences | Output Co-occurrences | Potential Output Occurrences |
|:----------:|:--------------:|:---------------------:|:---------------------:|:----------------------------:|
| iv_497-iv_498 | 1882 | 4534 | 49 | 70 |
| iv_497-iv_505 | 1963 | 4469 | 49 | 80 |
| iv_505-iv_507 | 2021 | 4573 | 49 | 71 |
| iv_507-iv_508 | 1994 | 4637 | 48 | 75 |
| iv_497-iv_499 | 2053 | 4370 | 47 | 74 |
| iv_499-iv_505 | 2021 | 4349 | 47 | 72 |
| iv_498-iv_505 | 1951 | 4311 | 46 | 74 |
| iv_497-iv_507 | 2044 | 4612 | 46 | 79 |
| iv_497-iv_508 | 1946 | 4513 | 46 | 88 |
| iv_501-iv_508 | 1971 | 4424 | 46 | 79 |
| iv_504-iv_508 | 1925 | 4332 | 46 | 72 |
| iv_505-iv_506 | 1951 | 4426 | 46 | 70 |
| iv_505-iv_508 | 1985 | 4350 | 46 | 86 |

### Input Bit Output Co-occurrences Sorted by Potential Output Occurrences

| Input Bits | Co-occurrences | Potential Occurrences | Output Co-occurrences | Potential Output Occurrences |
|:----------:|:--------------:|:---------------------:|:---------------------:|:----------------------------:|
| iv_498-iv_503 | 1928 | 4454 | 42 | 67 |
| iv_498-iv_507 | 1934 | 4650 | 45 | 69 |
| iv_497-iv_498 | 1882 | 4534 | 49 | 70 |
| iv_502-iv_504 | 1905 | 4318 | 40 | 70 |
| iv_505-iv_506 | 1951 | 4426 | 46 | 70 |
| iv_501-iv_504 | 1890 | 4438 | 42 | 71 |
| iv_502-iv_507 | 2040 | 4491 | 43 | 71 |
| iv_506-iv_507 | 2009 | 4615 | 42 | 71 |
| iv_505-iv_507 | 2021 | 4573 | 49 | 71 |
| iv_504-iv_508 | 1925 | 4332 | 46 | 72 |
| iv_499-iv_505 | 2021 | 4349 | 47 | 72 |
| iv_498-iv_505 | 1951 | 4311 | 46 | 74 |
| iv_505-iv_509 | 2013 | 4340 | 45 | 74 |

## Output Bits

### Output Bits in Regular Order

| Rank | Output Bit | Complexity |
|:----:|:----------:|:----------:|
| 1 | ov_001 | 2.268592464475252 × 10^309 |
| 2 | ov_002 | 1.9752507890796498 × 10^309 |
| 3 | ov_003 | 1.7118119581743605 × 10^309 |
| 4 | ov_004 | 1.4760347343228172 × 10^309 |
| 5 | ov_005 | 1.265800857335788 × 10^309 |
| 6 | ov_006 | 1.0791064173582421 × 10^309 |
| 7 | ov_007 | 9.140543428712461 × 10^308 |
| 8 | ov_008 | 7.688478968810404 × 10^308 |
| 9 | ov_009 | 6.417850803089222 × 10^308 |
| 10 | ov_010 | 5.312538471237856 × 10^308 |
| 11 | ov_011 | 4.357280460963872 × 10^308 |
| 12 | ov_012 | 3.5376401923338315 × 10^308 |
| 13 | ov_013 | 2.8399779204410545 × 10^308 |
| 14 | ov_014 | 2.2514278582822147 × 10^308 |
| 15 | ov_015 | 1.7598798212271859 × 10^308 |
| 16 | ov_016 | 1.3539647432920118 × 10^308 |
| 17 | ov_017 | 1.0230434638655496 × 10^308 |
| 18 | ov_018 | 7.571982317081525 × 10^307 |
| 19 | ov_019 | 5.472264210226086 × 10^307 |
| 20 | ov_020 | 3.8463600225833015 × 10^307 |
| 21 | ov_021 | 2.616423580956058 × 10^307 |
| 22 | ov_022 | 1.7116609944735866 × 10^307 |
| 23 | ov_023 | 1.0683161733058174 × 10^307 |
| 24 | ov_024 | 6.2966164850210595 × 10^306 |
| 25 | ov_025 | 3.45993070180112 × 10^306 |
| 26 | ov_026 | 1.7462622387371395 × 10^306 |
| 27 | ov_027 | 7.98956522646007 × 10^305 |
| 28 | ov_028 | 3.31541273816245 × 10^305 |
| 29 | ov_029 | 1.277248500295702 × 10^305 |
| 30 | ov_030 | 3.903802348611699 × 10^304 |
| 31 | ov_031 | 7.612314592690327 × 10^303 |
| 32 | lv_80_m31 | 1.484086285773502 × 10^303 |
| 33 | ov_033 | 1.7958007435580017 × 10^304 |
| 34 | ov_034 | 1.5600208002020892 × 10^304 |
| 35 | ov_035 | 1.3488393528548626 × 10^304 |
| 36 | ov_036 | 1.1603506213126903 × 10^304 |
| 37 | ov_037 | 9.927536763925194 × 10^303 |
| 38 | ov_038 | 8.443450478049699 × 10^303 |
| 39 | ov_039 | 7.135122815322734 × 10^303 |
| 40 | ov_040 | 5.987283605371274 × 10^303 |
| 41 | ov_041 | 4.985469071769819 × 10^303 |
| 42 | ov_042 | 4.115980900885339 × 10^303 |
| 43 | ov_043 | 3.365851625694411 × 10^303 |
| 44 | ov_044 | 2.722815636446369 × 10^303 |
| 45 | ov_045 | 2.1752851708553345 × 10^303 |
| 46 | ov_046 | 1.7123306767070517 × 10^303 |
| 47 | ov_047 | 1.3286497306658768 × 10^303 |
| 48 | ov_048 | 1.0145849807695197 × 10^303 |
| 49 | ov_049 | 7.610991307638306 × 10^302 |
| 50 | ov_050 | 5.597675120315813 × 10^302 |
| 51 | ov_051 | 4.027725835609425 × 10^302 |
| 52 | ov_052 | 2.828999881556794 × 10^302 |
| 53 | ov_053 | 1.9353583195150822 × 10^302 |
| 54 | ov_054 | 1.2866489313944709 × 10^302 |
| 55 | ov_055 | 8.286950461683706 × 10^301 |
| 56 | ov_056 | 5.132889409680719 × 10^301 |
| 57 | ov_057 | 2.9818810265479116 × 10^301 |
| 58 | ov_058 | 1.6376224301937024 × 10^301 |
| 59 | ov_059 | 7.969415837393082 × 10^300 |
| 60 | ov_060 | 3.231570090529853 × 10^300 |
| 61 | ov_061 | 1.0939512283391002 × 10^300 |
| 62 | ov_062 | 2.9335309118906476 × 10^299 |
| 63 | ov_063 | 6.495698684918145 × 10^298 |
| 64 | lv_79_m31 | 1.2669419224282681 × 10^298 |
| 65 | ov_065 | 1.531757966793953 × 10^299 |
| 66 | ov_066 | 1.5317537511743228 × 10^299 |
| 67 | ov_067 | 1.5317527310319375 × 10^299 |
| 68 | ov_068 | 1.3321389015157185 × 10^299 |
| 69 | ov_069 | 1.1529656775363764 × 10^299 |
| 70 | ov_070 | 9.927051538404284 × 10^298 |
| 71 | ov_071 | 8.499120543689828 × 10^298 |
| 72 | ov_072 | 7.232178621090865 × 10^298 |
| 73 | ov_073 | 6.113257383926978 × 10^298 |
| 74 | ov_074 | 5.130061577283196 × 10^298 |
| 75 | ov_075 | 4.27093188205318 × 10^298 |
| 76 | ov_076 | 3.5248135130802703 × 10^298 |
| 77 | ov_077 | 2.881229986426993 × 10^298 |
| 78 | ov_078 | 2.3302614663889063 × 10^298 |
| 79 | ov_079 | 1.8625271375846387 × 10^298 |
| 80 | ov_080 | 1.469171081478397 × 10^298 |
| 81 | ov_081 | 1.1418511701750204 × 10^298 |
| 82 | ov_082 | 8.727305233979233 × 10^297 |
| 83 | ov_083 | 6.544711073219248 × 10^297 |
| 84 | ov_084 | 4.8022908647108645 × 10^297 |
| 85 | ov_085 | 3.4365157227342115 × 10^297 |
| 86 | ov_086 | 2.388744441410617 × 10^297 |
| 87 | ov_087 | 1.6052095115391644 × 10^297 |
| 88 | ov_088 | 1.0370083459309873 × 10^297 |
| 89 | ov_089 | 6.400976212569382 × 10^296 |
| 90 | ov_090 | 3.7528947791598136 × 10^296 |
| 91 | ov_091 | 2.082490324079008 × 10^296 |
| 92 | ov_092 | 1.094928836599139 × 10^296 |
| 93 | ov_093 | 5.438831061870504 × 10^295 |
| 94 | ov_094 | 2.315289953039542 × 10^295 |
| 95 | aaa_78_28 | 7.107993307297578 × 10^294 |
| 96 | aaa_78_29 | 2.1630102044932728 × 10^294 |
| 97 | ov_097 | 1.2098995068615126 × 10^294 |
| 98 | ov_098 | 1.2098941686682996 × 10^294 |
| 99 | ov_099 | 1.2098924614351084 × 10^294 |
| 100 | ov_100 | 1.046498232582666 × 10^294 |
| 101 | ov_101 | 9.003597778702937 × 10^293 |
| 102 | ov_102 | 7.701551679429352 × 10^293 |
| 103 | ov_103 | 6.546359205738691 × 10^293 |
| 104 | ov_104 | 5.526216820267906 × 10^293 |
| 105 | ov_105 | 4.629955764511516 × 10^293 |
| 106 | ov_106 | 3.847001638290097 × 10^293 |
| 107 | ov_107 | 3.167339501361451 × 10^293 |
| 108 | ov_108 | 2.581483964024581 × 10^293 |
| 109 | ov_109 | 2.0804537627842853 × 10^293 |
| 110 | ov_110 | 1.655750345547538 × 10^293 |
| 111 | ov_111 | 1.2993400185769986 × 10^293 |
| 112 | ov_112 | 1.0036392346737708 × 10^293 |
| 113 | ov_113 | 7.615026289204982 × 10^292 |
| 114 | ov_114 | 5.662134348864634 × 10^292 |
| 115 | ov_115 | 4.114759405594614 × 10^292 |
| 116 | ov_116 | 2.914096694890215 × 10^292 |
| 117 | ov_117 | 2.0054499875124446 × 10^292 |
| 118 | ov_118 | 1.3381995141302511 × 10^292 |
| 119 | ov_119 | 8.657792720731078 × 10^291 |
| 120 | ov_120 | 5.4566161146633654 × 10^291 |
| 121 | ov_121 | 3.393472580822673 × 10^291 |
| 122 | ov_122 | 2.123591902525873 × 10^291 |
| 123 | ov_123 | 1.3423904717527985 × 10^291 |
| 124 | ov_124 | 7.854509001567285 × 10^290 |
| 125 | ov_125 | 4.126223331820285 × 10^290 |
| 126 | ov_126 | 1.837555179023351 × 10^290 |
| 127 | aaa_77_28 | 5.870162158670065 × 10^289 |
| 128 | aaa_77_29 | 2.2020692848604257 × 10^289 |
| 129 | ov_129 | 2.0669317247535348 × 10^289 |
| 130 | ov_130 | 2.0669260255023902 × 10^289 |
| 131 | ov_131 | 2.0669246453883314 × 10^289 |
| 132 | ov_132 | 1.7981142625045346 × 10^289 |
| 133 | ov_133 | 1.5568065876787456 × 10^289 |
| 134 | ov_134 | 1.3409406330370195 × 10^289 |
| 135 | ov_135 | 1.1485679499812942 × 10^289 |
| 136 | ov_136 | 9.778446308577372 × 10^288 |
| 137 | ov_137 | 8.270243619855542 × 10^288 |
| 138 | ov_138 | 6.94452431420411 × 10^288 |
| 139 | ov_139 | 5.785605998780255 × 10^288 |
| 140 | ov_140 | 4.7786274812482215 × 10^288 |
| 141 | ov_141 | 3.909512188877222 × 10^288 |
| 142 | ov_142 | 3.16493775973552 × 10^288 |
| 143 | ov_143 | 2.532311078449757 × 10^288 |
| 144 | ov_144 | 1.999748073949638 × 10^288 |
| 145 | ov_145 | 1.5560576411252663 × 10^288 |
| 146 | ov_146 | 1.1907290925227744 × 10^288 |
| 147 | ov_147 | 8.939225901970785 × 10^287 |
| 148 | ov_148 | 6.56462051704035 × 10^287 |
| 149 | ov_149 | 4.6983006799943526 × 10^287 |
| 150 | ov_150 | 3.261644147512664 × 10^287 |
| 151 | ov_151 | 2.182557822834531 × 10^287 |
| 152 | ov_152 | 1.3954639306463372 × 10^287 |
| 153 | ov_153 | 8.41292193408943 × 10^286 |
| 154 | ov_154 | 4.674756696386466 × 10^286 |
| 155 | ov_155 | 2.2794861009994717 × 10^286 |
| 156 | aaa_76_25 | 8.314541128858808 × 10^285 |
| 157 | aaa_76_26 | 4.8054346708771125 × 10^285 |
| 158 | aaa_76_27 | 2.4621835130854474 × 10^285 |
| 159 | aaa_76_28 | 9.598275663564324 × 10^284 |
| 160 | aaa_76_29 | 2.9226743240921064 × 10^284 |

### Output Bits Sorted by Complexity

| Rank | Output Bit | Complexity |
|:----:|:----------:|:----------:|
| 160 | aaa_76_29 | 2.9226743240921064 × 10^284 |
| 159 | aaa_76_28 | 9.598275663564324 × 10^284 |
| 158 | aaa_76_27 | 2.4621835130854474 × 10^285 |
| 157 | aaa_76_26 | 4.8054346708771125 × 10^285 |
| 156 | aaa_76_25 | 8.314541128858808 × 10^285 |
| 155 | ov_155 | 2.2794861009994717 × 10^286 |
| 154 | ov_154 | 4.674756696386466 × 10^286 |
| 153 | ov_153 | 8.41292193408943 × 10^286 |
| 152 | ov_152 | 1.3954639306463372 × 10^287 |
| 151 | ov_151 | 2.182557822834531 × 10^287 |
| 150 | ov_150 | 3.261644147512664 × 10^287 |
| 149 | ov_149 | 4.6983006799943526 × 10^287 |
| 148 | ov_148 | 6.56462051704035 × 10^287 |
| 147 | ov_147 | 8.939225901970785 × 10^287 |
| 146 | ov_146 | 1.1907290925227744 × 10^288 |
| 145 | ov_145 | 1.5560576411252663 × 10^288 |
| 144 | ov_144 | 1.999748073949638 × 10^288 |
| 143 | ov_143 | 2.532311078449757 × 10^288 |
| 142 | ov_142 | 3.16493775973552 × 10^288 |
| 141 | ov_141 | 3.909512188877222 × 10^288 |
| 140 | ov_140 | 4.7786274812482215 × 10^288 |
| 139 | ov_139 | 5.785605998780255 × 10^288 |
| 138 | ov_138 | 6.94452431420411 × 10^288 |
| 137 | ov_137 | 8.270243619855542 × 10^288 |
| 136 | ov_136 | 9.778446308577372 × 10^288 |
| 135 | ov_135 | 1.1485679499812942 × 10^289 |
| 134 | ov_134 | 1.3409406330370195 × 10^289 |
| 133 | ov_133 | 1.5568065876787456 × 10^289 |
| 132 | ov_132 | 1.7981142625045346 × 10^289 |
| 131 | ov_131 | 2.0669246453883314 × 10^289 |
| 130 | ov_130 | 2.0669260255023902 × 10^289 |
| 129 | ov_129 | 2.0669317247535348 × 10^289 |
| 128 | aaa_77_29 | 2.2020692848604257 × 10^289 |
| 127 | aaa_77_28 | 5.870162158670065 × 10^289 |
| 126 | ov_126 | 1.837555179023351 × 10^290 |
| 125 | ov_125 | 4.126223331820285 × 10^290 |
| 124 | ov_124 | 7.854509001567285 × 10^290 |
| 123 | ov_123 | 1.3423904717527985 × 10^291 |
| 122 | ov_122 | 2.123591902525873 × 10^291 |
| 121 | ov_121 | 3.393472580822673 × 10^291 |
| 120 | ov_120 | 5.4566161146633654 × 10^291 |
| 119 | ov_119 | 8.657792720731078 × 10^291 |
| 118 | ov_118 | 1.3381995141302511 × 10^292 |
| 117 | ov_117 | 2.0054499875124446 × 10^292 |
| 116 | ov_116 | 2.914096694890215 × 10^292 |
| 115 | ov_115 | 4.114759405594614 × 10^292 |
| 114 | ov_114 | 5.662134348864634 × 10^292 |
| 113 | ov_113 | 7.615026289204982 × 10^292 |
| 112 | ov_112 | 1.0036392346737708 × 10^293 |
| 111 | ov_111 | 1.2993400185769986 × 10^293 |
| 110 | ov_110 | 1.655750345547538 × 10^293 |
| 109 | ov_109 | 2.0804537627842853 × 10^293 |
| 108 | ov_108 | 2.581483964024581 × 10^293 |
| 107 | ov_107 | 3.167339501361451 × 10^293 |
| 106 | ov_106 | 3.847001638290097 × 10^293 |
| 105 | ov_105 | 4.629955764511516 × 10^293 |
| 104 | ov_104 | 5.526216820267906 × 10^293 |
| 103 | ov_103 | 6.546359205738691 × 10^293 |
| 102 | ov_102 | 7.701551679429352 × 10^293 |
| 101 | ov_101 | 9.003597778702937 × 10^293 |
| 100 | ov_100 | 1.046498232582666 × 10^294 |
| 99 | ov_099 | 1.2098924614351084 × 10^294 |
| 98 | ov_098 | 1.2098941686682996 × 10^294 |
| 97 | ov_097 | 1.2098995068615126 × 10^294 |
| 96 | aaa_78_29 | 2.1630102044932728 × 10^294 |
| 95 | aaa_78_28 | 7.107993307297578 × 10^294 |
| 94 | ov_094 | 2.315289953039542 × 10^295 |
| 93 | ov_093 | 5.438831061870504 × 10^295 |
| 92 | ov_092 | 1.094928836599139 × 10^296 |
| 91 | ov_091 | 2.082490324079008 × 10^296 |
| 90 | ov_090 | 3.7528947791598136 × 10^296 |
| 89 | ov_089 | 6.400976212569382 × 10^296 |
| 88 | ov_088 | 1.0370083459309873 × 10^297 |
| 87 | ov_087 | 1.6052095115391644 × 10^297 |
| 86 | ov_086 | 2.388744441410617 × 10^297 |
| 85 | ov_085 | 3.4365157227342115 × 10^297 |
| 84 | ov_084 | 4.8022908647108645 × 10^297 |
| 83 | ov_083 | 6.544711073219248 × 10^297 |
| 82 | ov_082 | 8.727305233979233 × 10^297 |
| 81 | ov_081 | 1.1418511701750204 × 10^298 |
| 64 | lv_79_m31 | 1.2669419224282681 × 10^298 |
| 80 | ov_080 | 1.469171081478397 × 10^298 |
| 79 | ov_079 | 1.8625271375846387 × 10^298 |
| 78 | ov_078 | 2.3302614663889063 × 10^298 |
| 77 | ov_077 | 2.881229986426993 × 10^298 |
| 76 | ov_076 | 3.5248135130802703 × 10^298 |
| 75 | ov_075 | 4.27093188205318 × 10^298 |
| 74 | ov_074 | 5.130061577283196 × 10^298 |
| 73 | ov_073 | 6.113257383926978 × 10^298 |
| 63 | ov_063 | 6.495698684918145 × 10^298 |
| 72 | ov_072 | 7.232178621090865 × 10^298 |
| 71 | ov_071 | 8.499120543689828 × 10^298 |
| 70 | ov_070 | 9.927051538404284 × 10^298 |
| 69 | ov_069 | 1.1529656775363764 × 10^299 |
| 68 | ov_068 | 1.3321389015157185 × 10^299 |
| 67 | ov_067 | 1.5317527310319375 × 10^299 |
| 66 | ov_066 | 1.5317537511743228 × 10^299 |
| 65 | ov_065 | 1.531757966793953 × 10^299 |
| 62 | ov_062 | 2.9335309118906476 × 10^299 |
| 61 | ov_061 | 1.0939512283391002 × 10^300 |
| 60 | ov_060 | 3.231570090529853 × 10^300 |
| 59 | ov_059 | 7.969415837393082 × 10^300 |
| 58 | ov_058 | 1.6376224301937024 × 10^301 |
| 57 | ov_057 | 2.9818810265479116 × 10^301 |
| 56 | ov_056 | 5.132889409680719 × 10^301 |
| 55 | ov_055 | 8.286950461683706 × 10^301 |
| 54 | ov_054 | 1.2866489313944709 × 10^302 |
| 53 | ov_053 | 1.9353583195150822 × 10^302 |
| 52 | ov_052 | 2.828999881556794 × 10^302 |
| 51 | ov_051 | 4.027725835609425 × 10^302 |
| 50 | ov_050 | 5.597675120315813 × 10^302 |
| 49 | ov_049 | 7.610991307638306 × 10^302 |
| 48 | ov_048 | 1.0145849807695197 × 10^303 |
| 47 | ov_047 | 1.3286497306658768 × 10^303 |
| 32 | lv_80_m31 | 1.484086285773502 × 10^303 |
| 46 | ov_046 | 1.7123306767070517 × 10^303 |
| 45 | ov_045 | 2.1752851708553345 × 10^303 |
| 44 | ov_044 | 2.722815636446369 × 10^303 |
| 43 | ov_043 | 3.365851625694411 × 10^303 |
| 42 | ov_042 | 4.115980900885339 × 10^303 |
| 41 | ov_041 | 4.985469071769819 × 10^303 |
| 40 | ov_040 | 5.987283605371274 × 10^303 |
| 39 | ov_039 | 7.135122815322734 × 10^303 |
| 31 | ov_031 | 7.612314592690327 × 10^303 |
| 38 | ov_038 | 8.443450478049699 × 10^303 |
| 37 | ov_037 | 9.927536763925194 × 10^303 |
| 36 | ov_036 | 1.1603506213126903 × 10^304 |
| 35 | ov_035 | 1.3488393528548626 × 10^304 |
| 34 | ov_034 | 1.5600208002020892 × 10^304 |
| 33 | ov_033 | 1.7958007435580017 × 10^304 |
| 30 | ov_030 | 3.903802348611699 × 10^304 |
| 29 | ov_029 | 1.277248500295702 × 10^305 |
| 28 | ov_028 | 3.31541273816245 × 10^305 |
| 27 | ov_027 | 7.98956522646007 × 10^305 |
| 26 | ov_026 | 1.7462622387371395 × 10^306 |
| 25 | ov_025 | 3.45993070180112 × 10^306 |
| 24 | ov_024 | 6.2966164850210595 × 10^306 |
| 23 | ov_023 | 1.0683161733058174 × 10^307 |
| 22 | ov_022 | 1.7116609944735866 × 10^307 |
| 21 | ov_021 | 2.616423580956058 × 10^307 |
| 20 | ov_020 | 3.8463600225833015 × 10^307 |
| 19 | ov_019 | 5.472264210226086 × 10^307 |
| 18 | ov_018 | 7.571982317081525 × 10^307 |
| 17 | ov_017 | 1.0230434638655496 × 10^308 |
| 16 | ov_016 | 1.3539647432920118 × 10^308 |
| 15 | ov_015 | 1.7598798212271859 × 10^308 |
| 14 | ov_014 | 2.2514278582822147 × 10^308 |
| 13 | ov_013 | 2.8399779204410545 × 10^308 |
| 12 | ov_012 | 3.5376401923338315 × 10^308 |
| 11 | ov_011 | 4.357280460963872 × 10^308 |
| 10 | ov_010 | 5.312538471237856 × 10^308 |
| 9 | ov_009 | 6.417850803089222 × 10^308 |
| 8 | ov_008 | 7.688478968810404 × 10^308 |
| 7 | ov_007 | 9.140543428712461 × 10^308 |
| 6 | ov_006 | 1.0791064173582421 × 10^309 |
| 5 | ov_005 | 1.265800857335788 × 10^309 |
| 4 | ov_004 | 1.4760347343228172 × 10^309 |
| 3 | ov_003 | 1.7118119581743605 × 10^309 |
| 2 | ov_002 | 1.9752507890796498 × 10^309 |
| 1 | ov_001 | 2.268592464475252 × 10^309 |

