# Results for E002007-O003012-E005015-F017-F018-F019-F020-F021-F022-F023-F024-F025-F026-F027-F028-F029-F030-F031-F032-F033-F034-F035-F036-F037-F038-F039-F040-F041-F042-F043-F044-F045-F046-F047-F048-F049-F050-F051-F052-F053-F054-F055-F056-F057-F058-F059-F060-F061-F062-F063-F064-F065-F066-F067-F068-F069-F070-F071-F072-F073-F074-F075-F076-F077-F078-F079-F080-F081-F082-F083-F084-F085-F086-F087-F088-F089-F090-F091-F092-F093-F094-F095-F096-F097-F098-F099-F100-F101-F102-F103-F104-F105-F106-F107-F108-F109-F110-F111-F112-F113-F114-F115-F116-F117-F118-F119-F120-F121-F122-F123-F124-F125-F126-F127-F128-F129-F130-F131-F132-F133-F134-F135-F136-F137-F138-F139-F140-F141-F142-F143-F144-F145-F146-F147-F148-F149-F150-F151-F152-F153-F154-F155-F156-F157-F158-F159-F160-F161-F162-F163-F164-F165-F166-F167-F168-F169-F170-F171-F172-F173-F174-F175-F176-F177-F178-F179-F180-F181-F182-F183-F184-F185-F186-F187-F188-F189-F190-F191-F192-F193-F194-F195-F196-F197-F198-F199-F200-F201-F202-F203-F204-F205-F206-F207-F208-F209-F210-F211-F212-F213-F214-F215-F216-F217-F218-F219-F220-F221-F222-F223-F224-F225-F226-F227-F228-F229-F230-F231-F232-F233-F234-F235-F236-F237-F238-F239-F240-F241-F242-F243-F244-F245-F246-F247-F248-F249-F250-F251-F252-F253-F254-F255-F256-F257-F258-F259-F260-F261-F262-F263-F264-F265-F266-F267-F268-F269-F270-F271-F272-F273-F274-F275-F276-F277-F278-F279-F280-F281-F282-F283-F284-F285-F286-F287-F288-F289-F290-F291-F292-F293-F294-F295-F296-F297-F298-F299-F300-F301-F302-F303-F304-F305-F306-F307-F308-F309-F310-F311-F312-F313-F314-F315-F316-F317-F318-F319-F320-F321-F322-F323-F324-F325-F326-F327-F328-F329-F330-F331-F332-F333-F334-F335-F336-F337-F338-F339-F340-F341-F342-F343-F344-F345-F346-F347-F348-F349-F350-F351-F352-F353-F354-F355-F356-F357-F358-F359-F360-F361-F362-F363-F364-F365-F366-F367-F368-F369-F370-F371-F372-F373-F374-F375-F376-F377-F378-F379-F380-F381-F382-F383-F384-F385-F386-F387-F388-F389-F390-F391-F392-F393-F394-F395-F396-F397-F398-F399-F400-F401-F402-F403-F404-F405-F406-F407-F408-F409-F410-F411-F412-F413-F414-F415-F416-F417-F418-F419-F420-F421-F422-F423-F424-F425-F426-F427-F428-F429-F430-F431-F432-F433-F434-F435-F436-F437-F438-F439-F440-F441-F442-F443-F444-F445-F446-F447-F448-F449-F450-F451-F452-F453-F454-F455-F456-F457-F458-F459-F460-F461-F462-F463-F464-F465-F466-F467-F468-F469-F470-F471-F472-F473-F474-F475-F476-F477-F478-F479-F480-F481-F482-F483-F484-F485-F486-F487-F488-F489-F490-F491-F492-F493-F494-F495-F496-F497-F498-F499-F500-F501-F502-F503-F504-F505-F506-F507-F508-F509-F510-F511-F512

## Summary

Number of input bits: 512  
Number of free input bits: 13  
Number of output bits: 160

Number of direct occurrences: 59234  
Number of assignments: 39210  
Number of operations: 19228117
(xor: 19190276,
and: 21190,
or: 16651)

Total complexity: 8.433714603312675 × 10^356

Least occurring input variable: iv_002 (4392)  
Most occurring input variable: iv_005 (4779)

Most co-occurring input variables: iv_008-iv_009 (2313)  
Least co-occurring input variables: iv_002-iv_003 (1921)

Potentially most occurring input variable: iv_005/iv_016 (5362)  
Potentially least occurring input variable: iv_008/iv_009 (4461)

Least output occurring input variable: iv_005 (59)  
Most output occurring input variable: iv_014 (83)

Most output co-occurring input variables: iv_001-iv_009 (45)  
Least output co-occurring input variables: iv_001-iv_008 (24)

Potentially most output occurring input variable: iv_001/iv_014 (96)  
Potentially least output occurring input variable: iv_004/iv_011 (66)

Least complex input bit: iv_016 (1.2331096618658762 × 10^353)  
Most complex input bit: iv_005 (1.8788313721742842 × 10^356)

Least complex output bit: aaa_76_29 (1.989673173513483 × 10^331)  
Most complex output bit: ov_001 (1.2909882067964522 × 10^356)

Least complex input/output complexity: iv_016/aaa_76_29 (2.9091394831538527 × 10^327)  
Most complex input/output complexity: iv_005/ov_001 (2.876015205783067 × 10^355)

## Input Bits

### Input Bits in Regular Order

| Input Bit | Complexity | Occurrences | Output Occurrences |
|:---------:|:----------:|:-----------:|:------------------:|
| iv_001 | 3.765285116690197 × 10^353 | 4581 | 75 |
| iv_002 | 3.0915803051052418 × 10^355 | 4392 | 75 |
| iv_003 | 1.024196132849954 × 10^356 | 4501 | 77 |
| iv_004 | 1.0198620679919136 × 10^355 | 4555 | 77 |
| iv_005 | 1.8788313721742842 × 10^356 | 4779 | 59 |
| iv_006 | 2.25814299296939 × 10^355 | 4412 | 80 |
| iv_008 | 3.6884952528151486 × 10^355 | 4452 | 67 |
| iv_009 | 4.636753749211606 × 10^355 | 4635 | 82 |
| iv_010 | 5.9185941408707655 × 10^355 | 4495 | 83 |
| iv_011 | 7.725930840666107 × 10^355 | 4661 | 65 |
| iv_013 | 1.2112874921112183 × 10^356 | 4553 | 78 |
| iv_014 | 1.4804652764356494 × 10^356 | 4697 | 83 |
| iv_016 | 1.2331096618658762 × 10^353 | 4521 | 79 |

### Input Bits Sorted by Complexity

| Input Bit | Complexity | Occurrences | Output Occurrences |
|:---------:|:----------:|:-----------:|:------------------:|
| iv_016 | 1.2331096618658762 × 10^353 | 4521 | 79 |
| iv_001 | 3.765285116690197 × 10^353 | 4581 | 75 |
| iv_004 | 1.0198620679919136 × 10^355 | 4555 | 77 |
| iv_006 | 2.25814299296939 × 10^355 | 4412 | 80 |
| iv_002 | 3.0915803051052418 × 10^355 | 4392 | 75 |
| iv_008 | 3.6884952528151486 × 10^355 | 4452 | 67 |
| iv_009 | 4.636753749211606 × 10^355 | 4635 | 82 |
| iv_010 | 5.9185941408707655 × 10^355 | 4495 | 83 |
| iv_011 | 7.725930840666107 × 10^355 | 4661 | 65 |
| iv_003 | 1.024196132849954 × 10^356 | 4501 | 77 |
| iv_013 | 1.2112874921112183 × 10^356 | 4553 | 78 |
| iv_014 | 1.4804652764356494 × 10^356 | 4697 | 83 |
| iv_005 | 1.8788313721742842 × 10^356 | 4779 | 59 |

### Input Bits Sorted by Occurrences

| Input Bit | Complexity | Occurrences | Output Occurrences |
|:---------:|:----------:|:-----------:|:------------------:|
| iv_002 | 3.0915803051052418 × 10^355 | 4392 | 75 |
| iv_006 | 2.25814299296939 × 10^355 | 4412 | 80 |
| iv_008 | 3.6884952528151486 × 10^355 | 4452 | 67 |
| iv_010 | 5.9185941408707655 × 10^355 | 4495 | 83 |
| iv_003 | 1.024196132849954 × 10^356 | 4501 | 77 |
| iv_016 | 1.2331096618658762 × 10^353 | 4521 | 79 |
| iv_013 | 1.2112874921112183 × 10^356 | 4553 | 78 |
| iv_004 | 1.0198620679919136 × 10^355 | 4555 | 77 |
| iv_001 | 3.765285116690197 × 10^353 | 4581 | 75 |
| iv_009 | 4.636753749211606 × 10^355 | 4635 | 82 |
| iv_011 | 7.725930840666107 × 10^355 | 4661 | 65 |
| iv_014 | 1.4804652764356494 × 10^356 | 4697 | 83 |
| iv_005 | 1.8788313721742842 × 10^356 | 4779 | 59 |

### Input Bits Sorted by Output Occurrences

| Input Bit | Complexity | Occurrences | Output Occurrences |
|:---------:|:----------:|:-----------:|:------------------:|
| iv_005 | 1.8788313721742842 × 10^356 | 4779 | 59 |
| iv_011 | 7.725930840666107 × 10^355 | 4661 | 65 |
| iv_008 | 3.6884952528151486 × 10^355 | 4452 | 67 |
| iv_001 | 3.765285116690197 × 10^353 | 4581 | 75 |
| iv_002 | 3.0915803051052418 × 10^355 | 4392 | 75 |
| iv_003 | 1.024196132849954 × 10^356 | 4501 | 77 |
| iv_004 | 1.0198620679919136 × 10^355 | 4555 | 77 |
| iv_013 | 1.2112874921112183 × 10^356 | 4553 | 78 |
| iv_016 | 1.2331096618658762 × 10^353 | 4521 | 79 |
| iv_006 | 2.25814299296939 × 10^355 | 4412 | 80 |
| iv_009 | 4.636753749211606 × 10^355 | 4635 | 82 |
| iv_010 | 5.9185941408707655 × 10^355 | 4495 | 83 |
| iv_014 | 1.4804652764356494 × 10^356 | 4697 | 83 |

## Input Bit Co-occurrences

### Input Bit Co-occurrences Sorted by Co-occurrences

| Input Bits | Co-occurrences | Potential Occurrences | Output Co-occurrences | Potential Output Occurrences |
|:----------:|:--------------:|:---------------------:|:---------------------:|:----------------------------:|
| iv_008-iv_009 | 2313 | 4461 | 36 | 77 |
| iv_009-iv_014 | 2269 | 4794 | 42 | 81 |
| iv_009-iv_011 | 2250 | 4796 | 33 | 81 |
| iv_001-iv_006 | 2238 | 4517 | 37 | 81 |
| iv_004-iv_009 | 2237 | 4716 | 42 | 75 |
| iv_009-iv_010 | 2232 | 4666 | 45 | 75 |
| iv_004-iv_014 | 2210 | 4832 | 41 | 78 |
| iv_013-iv_014 | 2208 | 4834 | 40 | 81 |
| iv_008-iv_014 | 2195 | 4759 | 40 | 70 |
| iv_001-iv_016 | 2191 | 4720 | 37 | 80 |
| iv_010-iv_011 | 2188 | 4780 | 37 | 74 |
| iv_011-iv_016 | 2188 | 4806 | 27 | 90 |
| iv_005-iv_009 | 2185 | 5044 | 30 | 81 |

### Input Bit Co-occurrences Sorted by Potential Occurrences

| Input Bits | Co-occurrences | Potential Occurrences | Output Co-occurrences | Potential Output Occurrences |
|:----------:|:--------------:|:---------------------:|:---------------------:|:----------------------------:|
| iv_008-iv_009 | 2313 | 4461 | 36 | 77 |
| iv_001-iv_006 | 2238 | 4517 | 37 | 81 |
| iv_008-iv_013 | 2179 | 4647 | 32 | 81 |
| iv_009-iv_010 | 2232 | 4666 | 45 | 75 |
| iv_006-iv_016 | 2124 | 4685 | 39 | 81 |
| iv_004-iv_009 | 2237 | 4716 | 42 | 75 |
| iv_001-iv_016 | 2191 | 4720 | 37 | 80 |
| iv_006-iv_011 | 2163 | 4747 | 33 | 79 |
| iv_008-iv_014 | 2195 | 4759 | 40 | 70 |
| iv_004-iv_008 | 2118 | 4771 | 34 | 76 |
| iv_010-iv_011 | 2188 | 4780 | 37 | 74 |
| iv_003-iv_013 | 2137 | 4780 | 38 | 79 |
| iv_004-iv_010 | 2134 | 4782 | 44 | 72 |

### Input Bit Output Co-occurrences Sorted by Output Co-occurrences

| Input Bits | Co-occurrences | Potential Occurrences | Output Co-occurrences | Potential Output Occurrences |
|:----------:|:--------------:|:---------------------:|:---------------------:|:----------------------------:|
| iv_009-iv_010 | 2232 | 4666 | 45 | 75 |
| iv_001-iv_009 | 2170 | 4876 | 45 | 67 |
| iv_010-iv_014 | 2183 | 4826 | 44 | 78 |
| iv_004-iv_010 | 2134 | 4782 | 44 | 72 |
| iv_009-iv_014 | 2269 | 4794 | 42 | 81 |
| iv_003-iv_014 | 2175 | 4848 | 42 | 76 |
| iv_010-iv_016 | 2105 | 4806 | 42 | 78 |
| iv_001-iv_010 | 2109 | 4858 | 42 | 74 |
| iv_003-iv_009 | 2106 | 4924 | 42 | 75 |
| iv_004-iv_009 | 2237 | 4716 | 42 | 75 |
| iv_004-iv_013 | 2150 | 4808 | 42 | 71 |
| iv_006-iv_010 | 2000 | 4907 | 41 | 81 |
| iv_010-iv_013 | 2020 | 5008 | 41 | 79 |

### Input Bit Output Co-occurrences Sorted by Potential Output Occurrences

| Input Bits | Co-occurrences | Potential Occurrences | Output Co-occurrences | Potential Output Occurrences |
|:----------:|:--------------:|:---------------------:|:---------------------:|:----------------------------:|
| iv_004-iv_011 | 2077 | 5062 | 38 | 66 |
| iv_001-iv_009 | 2170 | 4876 | 45 | 67 |
| iv_008-iv_014 | 2195 | 4759 | 40 | 70 |
| iv_005-iv_011 | 2064 | 5312 | 27 | 70 |
| iv_004-iv_013 | 2150 | 4808 | 42 | 71 |
| iv_004-iv_010 | 2134 | 4782 | 44 | 72 |
| iv_002-iv_004 | 2063 | 4821 | 40 | 72 |
| iv_001-iv_010 | 2109 | 4858 | 42 | 74 |
| iv_010-iv_011 | 2188 | 4780 | 37 | 74 |
| iv_009-iv_010 | 2232 | 4666 | 45 | 75 |
| iv_006-iv_008 | 2013 | 4838 | 36 | 75 |
| iv_001-iv_013 | 2059 | 5016 | 39 | 75 |
| iv_003-iv_009 | 2106 | 4924 | 42 | 75 |

## Output Bits

### Output Bits in Regular Order

| Rank | Output Bit | Complexity |
|:----:|:----------:|:----------:|
| 1 | ov_001 | 1.2909882067964522 × 10^356 |
| 2 | ov_002 | 1.1272880501429206 × 10^356 |
| 3 | ov_003 | 9.801625255693796 × 10^355 |
| 4 | ov_004 | 8.482975774287094 × 10^355 |
| 5 | ov_005 | 7.304528369059891 × 10^355 |
| 6 | ov_006 | 6.254564729333392 × 10^355 |
| 7 | ov_007 | 5.322006508839991 × 10^355 |
| 8 | ov_008 | 4.496375404744262 × 10^355 |
| 9 | ov_009 | 3.7677582785753695 × 10^355 |
| 10 | ov_010 | 3.1267769973590363 × 10^355 |
| 11 | ov_011 | 2.5688727624798444 × 10^355 |
| 12 | ov_012 | 2.0897355083119053 × 10^355 |
| 13 | ov_013 | 1.6814534838439154 × 10^355 |
| 14 | ov_014 | 1.3365695939046233 × 10^355 |
| 15 | ov_015 | 1.0480693122044509 × 10^355 |
| 16 | ov_016 | 8.093710017825461 × 10^354 |
| 17 | ov_017 | 6.143182944523521 × 10^354 |
| 18 | ov_018 | 4.571742087835873 × 10^354 |
| 19 | ov_019 | 3.326167139758837 × 10^354 |
| 20 | ov_020 | 2.3573547471173546 × 10^354 |
| 21 | ov_021 | 1.6202953975542207 × 10^354 |
| 22 | ov_022 | 1.0740576471228342 × 10^354 |
| 23 | ov_023 | 6.817778699358089 × 10^353 |
| 24 | ov_024 | 4.1065398654712835 × 10^353 |
| 25 | ov_025 | 2.319419039330148 × 10^353 |
| 26 | ov_026 | 1.2095367495505553 × 10^353 |
| 27 | ov_027 | 5.7056652247215815 × 10^352 |
| 28 | ov_028 | 2.3673154083378215 × 10^352 |
| 29 | ov_029 | 8.280356655612862 × 10^351 |
| 30 | ov_030 | 2.274775823390231 × 10^351 |
| 31 | ov_031 | 4.441034057909238 × 10^350 |
| 32 | lv_80_m31 | 8.669002721373966 × 10^349 |
| 33 | ov_033 | 1.0733725221319886 × 10^351 |
| 34 | ov_034 | 9.378811995548729 × 10^350 |
| 35 | ov_035 | 8.161967224300067 × 10^350 |
| 36 | ov_036 | 7.072077100464513 × 10^350 |
| 37 | ov_037 | 6.098644131426301 × 10^350 |
| 38 | ov_038 | 5.2317438591771304 × 10^350 |
| 39 | ov_039 | 4.461987014590418 × 10^350 |
| 40 | ov_040 | 3.780486620014155 × 10^350 |
| 41 | ov_041 | 3.1788295806593756 × 10^350 |
| 42 | ov_042 | 2.6490523304892816 × 10^350 |
| 43 | ov_043 | 2.1836201226315636 × 10^350 |
| 44 | ov_044 | 1.7788704150871297 × 10^350 |
| 45 | ov_045 | 1.4313423706690355 × 10^350 |
| 46 | ov_046 | 1.1377702582291028 × 10^350 |
| 47 | ov_047 | 8.9218735616375 × 10^349 |
| 48 | ov_048 | 6.889941508479749 × 10^349 |
| 49 | ov_049 | 5.229521672492525 × 10^349 |
| 50 | ov_050 | 3.891792068955066 × 10^349 |
| 51 | ov_051 | 2.831457600435193 × 10^349 |
| 52 | ov_052 | 2.0067238002876956 × 10^349 |
| 53 | ov_053 | 1.3792782885773399 × 10^349 |
| 54 | ov_054 | 9.14278241500467 × 10^348 |
| 55 | ov_055 | 5.803423856415861 × 10^348 |
| 56 | ov_056 | 3.4954623855461893 × 10^348 |
| 57 | ov_057 | 1.974195272646656 × 10^348 |
| 58 | ov_058 | 1.0294492637415442 × 10^348 |
| 59 | ov_059 | 4.8557489771012315 × 10^347 |
| 60 | ov_060 | 2.0144406780935 × 10^347 |
| 61 | ov_061 | 7.044908863073459 × 10^346 |
| 62 | ov_062 | 1.934944302270119 × 10^346 |
| 63 | ov_063 | 3.776459903275613 × 10^345 |
| 64 | lv_79_m31 | 7.369176403134064 × 10^344 |
| 65 | ov_065 | 8.993406227860852 × 10^345 |
| 66 | ov_066 | 8.99337129045631 × 10^345 |
| 67 | ov_067 | 8.993360111342187 × 10^345 |
| 68 | ov_068 | 7.84038992154956 × 10^345 |
| 69 | ov_069 | 6.804047014825253 × 10^345 |
| 70 | ov_070 | 5.87560097474017 × 10^345 |
| 71 | ov_071 | 5.046811633082075 × 10^345 |
| 72 | ov_072 | 4.309893992674662 × 10^345 |
| 73 | ov_073 | 3.657487358220589 × 10^345 |
| 74 | ov_074 | 3.082628258781505 × 10^345 |
| 75 | ov_075 | 2.5787268135502343 × 10^345 |
| 76 | ov_076 | 2.1395463020826794 × 10^345 |
| 77 | ov_077 | 1.7591857187037665 × 10^345 |
| 78 | ov_078 | 1.4320650236923651 × 10^345 |
| 79 | ov_079 | 1.152912781194422 × 10^345 |
| 80 | ov_080 | 9.167558931331213 × 10^344 |
| 81 | ov_081 | 7.189111573128989 × 10^344 |
| 82 | ov_082 | 5.549783965381016 × 10^344 |
| 83 | ov_083 | 4.2083494989286667 × 10^344 |
| 84 | ov_084 | 3.12631361484601 × 10^344 |
| 85 | ov_085 | 2.2678809412300948 × 10^344 |
| 86 | ov_086 | 1.599930874932144 × 10^344 |
| 87 | ov_087 | 1.0919999834634292 × 10^344 |
| 88 | ov_088 | 7.162697816210909 × 10^343 |
| 89 | ov_089 | 4.475586164936442 × 10^343 |
| 90 | ov_090 | 2.6331657351488977 × 10^343 |
| 91 | ov_091 | 1.4362249519731395 × 10^343 |
| 92 | ov_092 | 7.118238312026008 × 10^342 |
| 93 | ov_093 | 3.1328631173122267 × 10^342 |
| 94 | ov_094 | 1.2019706569400017 × 10^342 |
| 95 | aaa_78_28 | 3.8400406053794325 × 10^341 |
| 96 | aaa_78_29 | 1.4408008801609124 × 10^341 |
| 97 | ov_097 | 1.3776062570314458 × 10^341 |
| 98 | ov_098 | 1.3776023732628464 × 10^341 |
| 99 | ov_099 | 1.3776014330064988 × 10^341 |
| 100 | ov_100 | 1.2016797129693237 × 10^341 |
| 101 | ov_101 | 1.0439018120170659 × 10^341 |
| 102 | ov_102 | 9.028065939986525 × 10^340 |
| 103 | ov_103 | 7.770148311383343 × 10^340 |
| 104 | ov_104 | 6.652236898762467 × 10^340 |
| 105 | ov_105 | 5.6620188187632796 × 10^340 |
| 106 | ov_106 | 4.7878540013948994 × 10^340 |
| 107 | ov_107 | 4.018737688216128 × 10^340 |
| 108 | ov_108 | 3.344267519706972 × 10^340 |
| 109 | ov_109 | 2.7546148211349976 × 10^340 |
| 110 | ov_110 | 2.2450053389728134 × 10^340 |
| 111 | ov_111 | 1.8109334951723167 × 10^340 |
| 112 | ov_112 | 1.4441565965669101 × 10^340 |
| 113 | ov_113 | 1.1369265340781419 × 10^340 |
| 114 | ov_114 | 8.81977555844939 × 10^339 |
| 115 | ov_115 | 6.725165447012537 × 10^339 |
| 116 | ov_116 | 5.022154945047177 × 10^339 |
| 117 | ov_117 | 3.6520583635143754 × 10^339 |
| 118 | ov_118 | 2.586675403437801 × 10^339 |
| 119 | ov_119 | 1.7763963042687985 × 10^339 |
| 120 | ov_120 | 1.1761143243528156 × 10^339 |
| 121 | ov_121 | 7.452126364867942 × 10^338 |
| 122 | ov_122 | 4.475563112771693 × 10^338 |
| 123 | ov_123 | 2.5148776734055814 × 10^338 |
| 124 | ov_124 | 1.2982441943109281 × 10^338 |
| 125 | ov_125 | 5.985759739119637 × 10^337 |
| 126 | ov_126 | 2.335211925438761 × 10^337 |
| 127 | aaa_77_28 | 6.546153600432149 × 10^336 |
| 128 | aaa_77_29 | 1.9922730371120898 × 10^336 |
| 129 | ov_129 | 1.1874073633819216 × 10^336 |
| 130 | ov_130 | 1.187403478932838 × 10^336 |
| 131 | ov_131 | 1.187402536696783 × 10^336 |
| 132 | ov_132 | 1.036217403320973 × 10^336 |
| 133 | ov_133 | 9.01417486235621 × 10^335 |
| 134 | ov_134 | 7.815517558679427 × 10^335 |
| 135 | ov_135 | 6.752518002428943 × 10^335 |
| 136 | ov_136 | 5.812261654862134 × 10^335 |
| 137 | ov_137 | 4.982553188501659 × 10^335 |
| 138 | ov_138 | 4.2518717480815895 × 10^335 |
| 139 | ov_139 | 3.609331417271905 × 10^335 |
| 140 | ov_140 | 3.044646535411942 × 10^335 |
| 141 | ov_141 | 2.548101528448247 × 10^335 |
| 142 | ov_142 | 2.1105249375701206 × 10^335 |
| 143 | ov_143 | 1.7274640685244805 × 10^335 |
| 144 | ov_144 | 1.3947222005829962 × 10^335 |
| 145 | ov_145 | 1.1083502324457309 × 10^335 |
| 146 | ov_146 | 8.646399174193013 × 10^334 |
| 147 | ov_147 | 6.601184911172963 × 10^334 |
| 148 | ov_148 | 4.9154448300646016 × 10^334 |
| 149 | ov_149 | 3.559045204565678 × 10^334 |
| 150 | ov_150 | 2.5041095122655574 × 10^334 |
| 151 | ov_151 | 1.7015929036754113 × 10^334 |
| 152 | ov_152 | 1.1068987974518517 × 10^334 |
| 153 | ov_153 | 6.798659377695489 × 10^333 |
| 154 | ov_154 | 3.847604593574847 × 10^333 |
| 155 | ov_155 | 1.9027136425705594 × 10^333 |
| 156 | aaa_76_25 | 6.950821975719897 × 10^332 |
| 157 | aaa_76_26 | 3.630526339178686 × 10^332 |
| 158 | aaa_76_27 | 1.6735395594142902 × 10^332 |
| 159 | aaa_76_28 | 6.52797241039156 × 10^331 |
| 160 | aaa_76_29 | 1.989673173513483 × 10^331 |

### Output Bits Sorted by Complexity

| Rank | Output Bit | Complexity |
|:----:|:----------:|:----------:|
| 160 | aaa_76_29 | 1.989673173513483 × 10^331 |
| 159 | aaa_76_28 | 6.52797241039156 × 10^331 |
| 158 | aaa_76_27 | 1.6735395594142902 × 10^332 |
| 157 | aaa_76_26 | 3.630526339178686 × 10^332 |
| 156 | aaa_76_25 | 6.950821975719897 × 10^332 |
| 155 | ov_155 | 1.9027136425705594 × 10^333 |
| 154 | ov_154 | 3.847604593574847 × 10^333 |
| 153 | ov_153 | 6.798659377695489 × 10^333 |
| 152 | ov_152 | 1.1068987974518517 × 10^334 |
| 151 | ov_151 | 1.7015929036754113 × 10^334 |
| 150 | ov_150 | 2.5041095122655574 × 10^334 |
| 149 | ov_149 | 3.559045204565678 × 10^334 |
| 148 | ov_148 | 4.9154448300646016 × 10^334 |
| 147 | ov_147 | 6.601184911172963 × 10^334 |
| 146 | ov_146 | 8.646399174193013 × 10^334 |
| 145 | ov_145 | 1.1083502324457309 × 10^335 |
| 144 | ov_144 | 1.3947222005829962 × 10^335 |
| 143 | ov_143 | 1.7274640685244805 × 10^335 |
| 142 | ov_142 | 2.1105249375701206 × 10^335 |
| 141 | ov_141 | 2.548101528448247 × 10^335 |
| 140 | ov_140 | 3.044646535411942 × 10^335 |
| 139 | ov_139 | 3.609331417271905 × 10^335 |
| 138 | ov_138 | 4.2518717480815895 × 10^335 |
| 137 | ov_137 | 4.982553188501659 × 10^335 |
| 136 | ov_136 | 5.812261654862134 × 10^335 |
| 135 | ov_135 | 6.752518002428943 × 10^335 |
| 134 | ov_134 | 7.815517558679427 × 10^335 |
| 133 | ov_133 | 9.01417486235621 × 10^335 |
| 132 | ov_132 | 1.036217403320973 × 10^336 |
| 131 | ov_131 | 1.187402536696783 × 10^336 |
| 130 | ov_130 | 1.187403478932838 × 10^336 |
| 129 | ov_129 | 1.1874073633819216 × 10^336 |
| 128 | aaa_77_29 | 1.9922730371120898 × 10^336 |
| 127 | aaa_77_28 | 6.546153600432149 × 10^336 |
| 126 | ov_126 | 2.335211925438761 × 10^337 |
| 125 | ov_125 | 5.985759739119637 × 10^337 |
| 124 | ov_124 | 1.2982441943109281 × 10^338 |
| 123 | ov_123 | 2.5148776734055814 × 10^338 |
| 122 | ov_122 | 4.475563112771693 × 10^338 |
| 121 | ov_121 | 7.452126364867942 × 10^338 |
| 120 | ov_120 | 1.1761143243528156 × 10^339 |
| 119 | ov_119 | 1.7763963042687985 × 10^339 |
| 118 | ov_118 | 2.586675403437801 × 10^339 |
| 117 | ov_117 | 3.6520583635143754 × 10^339 |
| 116 | ov_116 | 5.022154945047177 × 10^339 |
| 115 | ov_115 | 6.725165447012537 × 10^339 |
| 114 | ov_114 | 8.81977555844939 × 10^339 |
| 113 | ov_113 | 1.1369265340781419 × 10^340 |
| 112 | ov_112 | 1.4441565965669101 × 10^340 |
| 111 | ov_111 | 1.8109334951723167 × 10^340 |
| 110 | ov_110 | 2.2450053389728134 × 10^340 |
| 109 | ov_109 | 2.7546148211349976 × 10^340 |
| 108 | ov_108 | 3.344267519706972 × 10^340 |
| 107 | ov_107 | 4.018737688216128 × 10^340 |
| 106 | ov_106 | 4.7878540013948994 × 10^340 |
| 105 | ov_105 | 5.6620188187632796 × 10^340 |
| 104 | ov_104 | 6.652236898762467 × 10^340 |
| 103 | ov_103 | 7.770148311383343 × 10^340 |
| 102 | ov_102 | 9.028065939986525 × 10^340 |
| 101 | ov_101 | 1.0439018120170659 × 10^341 |
| 100 | ov_100 | 1.2016797129693237 × 10^341 |
| 99 | ov_099 | 1.3776014330064988 × 10^341 |
| 98 | ov_098 | 1.3776023732628464 × 10^341 |
| 97 | ov_097 | 1.3776062570314458 × 10^341 |
| 96 | aaa_78_29 | 1.4408008801609124 × 10^341 |
| 95 | aaa_78_28 | 3.8400406053794325 × 10^341 |
| 94 | ov_094 | 1.2019706569400017 × 10^342 |
| 93 | ov_093 | 3.1328631173122267 × 10^342 |
| 92 | ov_092 | 7.118238312026008 × 10^342 |
| 91 | ov_091 | 1.4362249519731395 × 10^343 |
| 90 | ov_090 | 2.6331657351488977 × 10^343 |
| 89 | ov_089 | 4.475586164936442 × 10^343 |
| 88 | ov_088 | 7.162697816210909 × 10^343 |
| 87 | ov_087 | 1.0919999834634292 × 10^344 |
| 86 | ov_086 | 1.599930874932144 × 10^344 |
| 85 | ov_085 | 2.2678809412300948 × 10^344 |
| 84 | ov_084 | 3.12631361484601 × 10^344 |
| 83 | ov_083 | 4.2083494989286667 × 10^344 |
| 82 | ov_082 | 5.549783965381016 × 10^344 |
| 81 | ov_081 | 7.189111573128989 × 10^344 |
| 64 | lv_79_m31 | 7.369176403134064 × 10^344 |
| 80 | ov_080 | 9.167558931331213 × 10^344 |
| 79 | ov_079 | 1.152912781194422 × 10^345 |
| 78 | ov_078 | 1.4320650236923651 × 10^345 |
| 77 | ov_077 | 1.7591857187037665 × 10^345 |
| 76 | ov_076 | 2.1395463020826794 × 10^345 |
| 75 | ov_075 | 2.5787268135502343 × 10^345 |
| 74 | ov_074 | 3.082628258781505 × 10^345 |
| 73 | ov_073 | 3.657487358220589 × 10^345 |
| 63 | ov_063 | 3.776459903275613 × 10^345 |
| 72 | ov_072 | 4.309893992674662 × 10^345 |
| 71 | ov_071 | 5.046811633082075 × 10^345 |
| 70 | ov_070 | 5.87560097474017 × 10^345 |
| 69 | ov_069 | 6.804047014825253 × 10^345 |
| 68 | ov_068 | 7.84038992154956 × 10^345 |
| 67 | ov_067 | 8.993360111342187 × 10^345 |
| 66 | ov_066 | 8.99337129045631 × 10^345 |
| 65 | ov_065 | 8.993406227860852 × 10^345 |
| 62 | ov_062 | 1.934944302270119 × 10^346 |
| 61 | ov_061 | 7.044908863073459 × 10^346 |
| 60 | ov_060 | 2.0144406780935 × 10^347 |
| 59 | ov_059 | 4.8557489771012315 × 10^347 |
| 58 | ov_058 | 1.0294492637415442 × 10^348 |
| 57 | ov_057 | 1.974195272646656 × 10^348 |
| 56 | ov_056 | 3.4954623855461893 × 10^348 |
| 55 | ov_055 | 5.803423856415861 × 10^348 |
| 54 | ov_054 | 9.14278241500467 × 10^348 |
| 53 | ov_053 | 1.3792782885773399 × 10^349 |
| 52 | ov_052 | 2.0067238002876956 × 10^349 |
| 51 | ov_051 | 2.831457600435193 × 10^349 |
| 50 | ov_050 | 3.891792068955066 × 10^349 |
| 49 | ov_049 | 5.229521672492525 × 10^349 |
| 48 | ov_048 | 6.889941508479749 × 10^349 |
| 32 | lv_80_m31 | 8.669002721373966 × 10^349 |
| 47 | ov_047 | 8.9218735616375 × 10^349 |
| 46 | ov_046 | 1.1377702582291028 × 10^350 |
| 45 | ov_045 | 1.4313423706690355 × 10^350 |
| 44 | ov_044 | 1.7788704150871297 × 10^350 |
| 43 | ov_043 | 2.1836201226315636 × 10^350 |
| 42 | ov_042 | 2.6490523304892816 × 10^350 |
| 41 | ov_041 | 3.1788295806593756 × 10^350 |
| 40 | ov_040 | 3.780486620014155 × 10^350 |
| 31 | ov_031 | 4.441034057909238 × 10^350 |
| 39 | ov_039 | 4.461987014590418 × 10^350 |
| 38 | ov_038 | 5.2317438591771304 × 10^350 |
| 37 | ov_037 | 6.098644131426301 × 10^350 |
| 36 | ov_036 | 7.072077100464513 × 10^350 |
| 35 | ov_035 | 8.161967224300067 × 10^350 |
| 34 | ov_034 | 9.378811995548729 × 10^350 |
| 33 | ov_033 | 1.0733725221319886 × 10^351 |
| 30 | ov_030 | 2.274775823390231 × 10^351 |
| 29 | ov_029 | 8.280356655612862 × 10^351 |
| 28 | ov_028 | 2.3673154083378215 × 10^352 |
| 27 | ov_027 | 5.7056652247215815 × 10^352 |
| 26 | ov_026 | 1.2095367495505553 × 10^353 |
| 25 | ov_025 | 2.319419039330148 × 10^353 |
| 24 | ov_024 | 4.1065398654712835 × 10^353 |
| 23 | ov_023 | 6.817778699358089 × 10^353 |
| 22 | ov_022 | 1.0740576471228342 × 10^354 |
| 21 | ov_021 | 1.6202953975542207 × 10^354 |
| 20 | ov_020 | 2.3573547471173546 × 10^354 |
| 19 | ov_019 | 3.326167139758837 × 10^354 |
| 18 | ov_018 | 4.571742087835873 × 10^354 |
| 17 | ov_017 | 6.143182944523521 × 10^354 |
| 16 | ov_016 | 8.093710017825461 × 10^354 |
| 15 | ov_015 | 1.0480693122044509 × 10^355 |
| 14 | ov_014 | 1.3365695939046233 × 10^355 |
| 13 | ov_013 | 1.6814534838439154 × 10^355 |
| 12 | ov_012 | 2.0897355083119053 × 10^355 |
| 11 | ov_011 | 2.5688727624798444 × 10^355 |
| 10 | ov_010 | 3.1267769973590363 × 10^355 |
| 9 | ov_009 | 3.7677582785753695 × 10^355 |
| 8 | ov_008 | 4.496375404744262 × 10^355 |
| 7 | ov_007 | 5.322006508839991 × 10^355 |
| 6 | ov_006 | 6.254564729333392 × 10^355 |
| 5 | ov_005 | 7.304528369059891 × 10^355 |
| 4 | ov_004 | 8.482975774287094 × 10^355 |
| 3 | ov_003 | 9.801625255693796 × 10^355 |
| 2 | ov_002 | 1.1272880501429206 × 10^356 |
| 1 | ov_001 | 1.2909882067964522 × 10^356 |

