# Results for F001-F002-F003-F004-F005-F006-F007-F008-F009-F010-F011-F012-F013-F014-F015-F016-F017-F018-F019-F020-F021-F022-F023-F024-F025-F026-F027-F028-F029-F030-F031-F032-F033-F034-F035-F036-F037-F038-F039-F040-F041-F042-F043-F044-F045-F046-F047-F048-F049-F050-F051-F052-F053-F054-F055-F056-F057-F058-F059-F060-F061-F062-F063-F064-F065-F066-F067-F068-F069-F070-F071-F072-F073-F074-F075-F076-F077-F078-F079-F080-F081-F082-F083-F084-F085-F086-F087-F088-F089-F090-F091-F092-F093-F094-F095-F096-F097-F098-F099-F100-F101-F102-F103-F104-F105-F106-F107-F108-F109-F110-F111-F112-F113-F114-F115-F116-F117-F118-F119-F120-F121-F122-F123-F124-F125-F126-F127-F128-F129-F130-F131-F132-F133-F134-F135-F136-F137-F138-F139-F140-F141-F142-F143-F144-F145-F146-F147-F148-F149-F150-F151-F152-F153-F154-F155-F156-F157-F158-F159-F160-F161-F162-F163-F164-F165-F166-F167-F168-F169-F170-F171-F172-F173-F174-F175-F176-F177-F178-F179-F180-F181-F182-F183-F184-F185-F186-F187-F188-F189-F190-F191-F192-F193-F194-F195-F196-F197-F198-F199-F200-F201-F202-F203-F204-F205-F206-F207-F208-F209-F210-F211-F212-F213-F214-F215-F216-F217-F218-F219-F220-F221-F222-F223-F224-F225-F226-F227-F228-F229-F230-F231-F232-F233-F234-F235-F236-F237-F238-F239-F240-F241-F242-F243-F244-F245-F246-F247-F248-F249-F250-F251-F252-F253-F254-F255-F256-F257-F258-F259-F260-F261-F262-F263-F264-F265-F266-F267-F268-F269-F270-F271-F272-F273-F274-F275-F276-F277-F278-F279-F280-F281-F282-F283-F284-F285-F286-F287-F288-F289-F290-F291-F292-F293-F294-F295-F296-F297-F298-F299-F300-F301-F302-F303-F304-F305-F306-F307-F308-F309-F310-F311-F312-F313-F314-F315-F316-F317-F318-F319-F320-F321-F322-F323-F324-F325-F326-F327-F328-F329-F330-F331-F332-F333-F334-F335-F336-F337-F338-F339-F340-F341-F342-F343-F344-F345-F346-F347-F348-F349-F350-F351-F352-F353-F354-F355-F356-F357-F358-F359-F360-F361-F362-F363-F364-F365-F366-F367-F368-F369-F370-F371-F372-F373-F374-F375-F376-F377-F378-F379-F380-F381-F382-F383-F384-F385-F386-F387-F388-F389-F390-F391-F392-F393-F394-F395-F396-F397-F398-F399-F400-F401-F402-F403-F404-F405-F406-F407-F408-F409-F410-F411-F412-F413-F414-F415-F416-F417-F418-F419-F420-F421-F422-F423-F424-F425-F426-F427-F428-F429-F430-F431-F432-F433-F434-F435-F436-F437-F438-F439-F440-F441-F442-F443-F444-F445-F446-F447-F448-F449-F450-F451-F452-F453-F454-F455-F456-F457-F458-F459-F460-F461-F462-F463-F464-F465-F466-F467-F468-F469-F470-F471-F472-F473-F474-F475-F476-F477-F478-F479-F480-F481-F482-F483-F484-F485-F486-F487-F488-F489-F490-F491-F492-F493-F494-F495-F496-O500505-E506508-F512

## Summary

Number of input bits: 512  
Number of free input bits: 13  
Number of output bits: 160

Number of direct occurrences: 53550  
Number of assignments: 31934  
Number of operations: 11330746
(xor: 11302170,
and: 14964,
or: 13612)

Total complexity: 8.38028768088709 × 10^302

Least occurring input variable: iv_502 (3848)  
Most occurring input variable: iv_510 (4313)

Most co-occurring input variables: iv_509-iv_510 (2138)  
Least co-occurring input variables: iv_499-iv_502 (1737)

Potentially most occurring input variable: iv_497/iv_510 (4539)  
Potentially least occurring input variable: iv_499/iv_509 (4182)

Least output occurring input variable: iv_506 (63)  
Most output occurring input variable: iv_498 (91)

Most output co-occurring input variables: iv_497-iv_503 (50)  
Least output co-occurring input variables: iv_499-iv_506 (25)

Potentially most output occurring input variable: iv_502/iv_503 (93)  
Potentially least output occurring input variable: iv_507/iv_510 (63)

Least complex input bit: iv_511 (1.6704363837485977 × 10^299)  
Most complex input bit: iv_510 (2.198748407792172 × 10^302)

Least complex output bit: aaa_76_29 (3.0086279041789368 × 10^277)  
Most complex output bit: ov_001 (1.3101543524754403 × 10^302)

Least complex input/output complexity: iv_511/aaa_76_29 (5.997075169345258 × 10^273)  
Most complex input/output complexity: iv_510/ov_001 (3.4374712493908397 × 10^301)

## Input Bits

### Input Bits in Regular Order

| Input Bit | Complexity | Occurrences | Output Occurrences |
|:---------:|:----------:|:-----------:|:------------------:|
| iv_497 | 7.836395050381172 × 10^299 | 4144 | 88 |
| iv_498 | 1.561572964391514 × 10^300 | 3967 | 91 |
| iv_499 | 2.7482059734539214 × 10^300 | 3925 | 72 |
| iv_500 | 5.221273473424852 × 10^301 | 4223 | 72 |
| iv_501 | 7.770308007676069 × 10^300 | 4106 | 83 |
| iv_502 | 1.262494595031312 × 10^301 | 3848 | 71 |
| iv_503 | 2.0046935101624874 × 10^301 | 4191 | 82 |
| iv_504 | 3.11681315012151 × 10^301 | 3955 | 70 |
| iv_506 | 1.7487847241570988 × 10^302 | 4196 | 63 |
| iv_507 | 1.0564500852954797 × 10^302 | 4196 | 75 |
| iv_509 | 2.0854692898789693 × 10^302 | 4247 | 80 |
| iv_510 | 2.198748407792172 × 10^302 | 4313 | 76 |
| iv_511 | 1.6704363837485977 × 10^299 | 4239 | 79 |

### Input Bits Sorted by Complexity

| Input Bit | Complexity | Occurrences | Output Occurrences |
|:---------:|:----------:|:-----------:|:------------------:|
| iv_511 | 1.6704363837485977 × 10^299 | 4239 | 79 |
| iv_497 | 7.836395050381172 × 10^299 | 4144 | 88 |
| iv_498 | 1.561572964391514 × 10^300 | 3967 | 91 |
| iv_499 | 2.7482059734539214 × 10^300 | 3925 | 72 |
| iv_501 | 7.770308007676069 × 10^300 | 4106 | 83 |
| iv_502 | 1.262494595031312 × 10^301 | 3848 | 71 |
| iv_503 | 2.0046935101624874 × 10^301 | 4191 | 82 |
| iv_504 | 3.11681315012151 × 10^301 | 3955 | 70 |
| iv_500 | 5.221273473424852 × 10^301 | 4223 | 72 |
| iv_507 | 1.0564500852954797 × 10^302 | 4196 | 75 |
| iv_506 | 1.7487847241570988 × 10^302 | 4196 | 63 |
| iv_509 | 2.0854692898789693 × 10^302 | 4247 | 80 |
| iv_510 | 2.198748407792172 × 10^302 | 4313 | 76 |

### Input Bits Sorted by Occurrences

| Input Bit | Complexity | Occurrences | Output Occurrences |
|:---------:|:----------:|:-----------:|:------------------:|
| iv_502 | 1.262494595031312 × 10^301 | 3848 | 71 |
| iv_499 | 2.7482059734539214 × 10^300 | 3925 | 72 |
| iv_504 | 3.11681315012151 × 10^301 | 3955 | 70 |
| iv_498 | 1.561572964391514 × 10^300 | 3967 | 91 |
| iv_501 | 7.770308007676069 × 10^300 | 4106 | 83 |
| iv_497 | 7.836395050381172 × 10^299 | 4144 | 88 |
| iv_503 | 2.0046935101624874 × 10^301 | 4191 | 82 |
| iv_506 | 1.7487847241570988 × 10^302 | 4196 | 63 |
| iv_507 | 1.0564500852954797 × 10^302 | 4196 | 75 |
| iv_500 | 5.221273473424852 × 10^301 | 4223 | 72 |
| iv_511 | 1.6704363837485977 × 10^299 | 4239 | 79 |
| iv_509 | 2.0854692898789693 × 10^302 | 4247 | 80 |
| iv_510 | 2.198748407792172 × 10^302 | 4313 | 76 |

### Input Bits Sorted by Output Occurrences

| Input Bit | Complexity | Occurrences | Output Occurrences |
|:---------:|:----------:|:-----------:|:------------------:|
| iv_506 | 1.7487847241570988 × 10^302 | 4196 | 63 |
| iv_504 | 3.11681315012151 × 10^301 | 3955 | 70 |
| iv_502 | 1.262494595031312 × 10^301 | 3848 | 71 |
| iv_500 | 5.221273473424852 × 10^301 | 4223 | 72 |
| iv_499 | 2.7482059734539214 × 10^300 | 3925 | 72 |
| iv_507 | 1.0564500852954797 × 10^302 | 4196 | 75 |
| iv_510 | 2.198748407792172 × 10^302 | 4313 | 76 |
| iv_511 | 1.6704363837485977 × 10^299 | 4239 | 79 |
| iv_509 | 2.0854692898789693 × 10^302 | 4247 | 80 |
| iv_503 | 2.0046935101624874 × 10^301 | 4191 | 82 |
| iv_501 | 7.770308007676069 × 10^300 | 4106 | 83 |
| iv_497 | 7.836395050381172 × 10^299 | 4144 | 88 |
| iv_498 | 1.561572964391514 × 10^300 | 3967 | 91 |

## Input Bit Co-occurrences

### Input Bit Co-occurrences Sorted by Co-occurrences

| Input Bits | Co-occurrences | Potential Occurrences | Output Co-occurrences | Potential Output Occurrences |
|:----------:|:--------------:|:---------------------:|:---------------------:|:----------------------------:|
| iv_509-iv_510 | 2138 | 4284 | 38 | 80 |
| iv_510-iv_511 | 2079 | 4394 | 37 | 81 |
| iv_509-iv_511 | 2078 | 4330 | 36 | 87 |
| iv_500-iv_510 | 2077 | 4382 | 35 | 78 |
| iv_506-iv_509 | 2065 | 4313 | 32 | 79 |
| iv_506-iv_510 | 2061 | 4387 | 29 | 81 |
| iv_503-iv_511 | 2057 | 4316 | 41 | 79 |
| iv_503-iv_510 | 2050 | 4404 | 41 | 76 |
| iv_497-iv_507 | 2046 | 4248 | 41 | 81 |
| iv_501-iv_511 | 2043 | 4259 | 39 | 84 |
| iv_501-iv_509 | 2042 | 4269 | 44 | 75 |
| iv_497-iv_509 | 2040 | 4311 | 49 | 70 |
| iv_507-iv_509 | 2039 | 4365 | 38 | 79 |

### Input Bit Co-occurrences Sorted by Potential Occurrences

| Input Bits | Co-occurrences | Potential Occurrences | Output Co-occurrences | Potential Output Occurrences |
|:----------:|:--------------:|:---------------------:|:---------------------:|:----------------------------:|
| iv_499-iv_509 | 1995 | 4182 | 41 | 70 |
| iv_499-iv_504 | 1849 | 4182 | 29 | 84 |
| iv_500-iv_504 | 1982 | 4214 | 32 | 78 |
| iv_498-iv_504 | 1851 | 4220 | 41 | 79 |
| iv_497-iv_504 | 1938 | 4223 | 41 | 76 |
| iv_498-iv_499 | 1829 | 4234 | 43 | 77 |
| iv_502-iv_504 | 1783 | 4237 | 34 | 73 |
| iv_497-iv_501 | 2006 | 4238 | 46 | 79 |
| iv_499-iv_501 | 1895 | 4241 | 33 | 89 |
| iv_497-iv_507 | 2046 | 4248 | 41 | 81 |
| iv_502-iv_507 | 1894 | 4256 | 37 | 72 |
| iv_497-iv_502 | 1867 | 4258 | 39 | 81 |
| iv_501-iv_511 | 2043 | 4259 | 39 | 84 |

### Input Bit Output Co-occurrences Sorted by Output Co-occurrences

| Input Bits | Co-occurrences | Potential Occurrences | Output Co-occurrences | Potential Output Occurrences |
|:----------:|:--------------:|:---------------------:|:---------------------:|:----------------------------:|
| iv_497-iv_503 | 2001 | 4333 | 50 | 70 |
| iv_497-iv_509 | 2040 | 4311 | 49 | 70 |
| iv_497-iv_498 | 1899 | 4313 | 49 | 81 |
| iv_498-iv_501 | 1882 | 4309 | 48 | 78 |
| iv_498-iv_503 | 1893 | 4372 | 48 | 77 |
| iv_497-iv_501 | 2006 | 4238 | 46 | 79 |
| iv_498-iv_510 | 1992 | 4296 | 45 | 77 |
| iv_501-iv_509 | 2042 | 4269 | 44 | 75 |
| iv_498-iv_507 | 1911 | 4341 | 44 | 78 |
| iv_498-iv_511 | 1912 | 4382 | 44 | 82 |
| iv_507-iv_510 | 2011 | 4487 | 44 | 63 |
| iv_497-iv_511 | 2010 | 4363 | 44 | 79 |
| iv_498-iv_499 | 1829 | 4234 | 43 | 77 |

### Input Bit Output Co-occurrences Sorted by Potential Output Occurrences

| Input Bits | Co-occurrences | Potential Occurrences | Output Co-occurrences | Potential Output Occurrences |
|:----------:|:--------------:|:---------------------:|:---------------------:|:----------------------------:|
| iv_507-iv_510 | 2011 | 4487 | 44 | 63 |
| iv_506-iv_507 | 1985 | 4422 | 36 | 66 |
| iv_502-iv_506 | 1812 | 4420 | 33 | 68 |
| iv_499-iv_507 | 1926 | 4269 | 39 | 69 |
| iv_497-iv_503 | 2001 | 4333 | 50 | 70 |
| iv_497-iv_509 | 2040 | 4311 | 49 | 70 |
| iv_499-iv_509 | 1995 | 4182 | 41 | 70 |
| iv_501-iv_506 | 1943 | 4416 | 37 | 72 |
| iv_502-iv_507 | 1894 | 4256 | 37 | 72 |
| iv_502-iv_504 | 1783 | 4237 | 34 | 73 |
| iv_504-iv_506 | 1872 | 4407 | 30 | 73 |
| iv_502-iv_510 | 1911 | 4339 | 37 | 73 |
| iv_499-iv_510 | 1921 | 4396 | 37 | 74 |

## Output Bits

### Output Bits in Regular Order

| Rank | Output Bit | Complexity |
|:----:|:----------:|:----------:|
| 1 | ov_001 | 1.3101543524754403 × 10^302 |
| 2 | ov_002 | 1.1400445870799634 × 10^302 |
| 3 | ov_003 | 9.873259682592162 × 10^301 |
| 4 | ov_004 | 8.50694105302148 × 10^301 |
| 5 | ov_005 | 7.289160154574028 × 10^301 |
| 6 | ov_006 | 6.20825089590016 × 10^301 |
| 7 | ov_007 | 5.253167136679244 × 10^301 |
| 8 | ov_008 | 4.413444856746012 × 10^301 |
| 9 | ov_009 | 3.6791697077847774 × 10^301 |
| 10 | ov_010 | 3.04094940705777 × 10^301 |
| 11 | ov_011 | 2.4898904628224266 × 10^301 |
| 12 | ov_012 | 2.0175787504948251 × 10^301 |
| 13 | ov_013 | 1.6160634873929089 × 10^301 |
| 14 | ov_014 | 1.2778441821798487 × 10^301 |
| 15 | ov_015 | 9.958601630399537 × 10^300 |
| 16 | ov_016 | 7.634823162517853 × 10^300 |
| 17 | ov_017 | 5.74506694252673 × 10^300 |
| 18 | ov_018 | 4.2314967957639285 × 10^300 |
| 19 | ov_019 | 3.040444182377548 × 10^300 |
| 20 | ov_020 | 2.122382632680567 × 10^300 |
| 21 | ov_021 | 1.4319099619714224 × 10^300 |
| 22 | ov_022 | 9.277362134644626 × 10^299 |
| 23 | ov_023 | 5.726756260174384 × 10^299 |
| 24 | ov_024 | 3.3364140939391793 × 10^299 |
| 25 | ov_025 | 1.8164254510935963 × 10^299 |
| 26 | ov_026 | 9.17820326005721 × 10^298 |
| 27 | ov_027 | 4.325606326987356 × 10^298 |
| 28 | ov_028 | 1.9353694479815472 × 10^298 |
| 29 | ov_029 | 7.456744509433077 × 10^297 |
| 30 | ov_030 | 2.2793072677801168 × 10^297 |
| 31 | ov_031 | 4.445004058449341 × 10^296 |
| 32 | lv_80_m31 | 8.666638902420858 × 10^295 |
| 33 | ov_033 | 1.043597615136039 × 10^297 |
| 34 | ov_034 | 9.062562222627355 × 10^296 |
| 35 | ov_035 | 7.831408019882661 × 10^296 |
| 36 | ov_036 | 6.7317455666424154 × 10^296 |
| 37 | ov_037 | 5.753397069361629 × 10^296 |
| 38 | ov_038 | 4.8867331790667 × 10^296 |
| 39 | ov_039 | 4.1226366760175265 × 10^296 |
| 40 | ov_040 | 3.4524710838435923 × 10^296 |
| 41 | ov_041 | 2.868053744224481 × 10^296 |
| 42 | ov_042 | 2.3616329074030333 × 10^296 |
| 43 | ov_043 | 1.9258684177133926 × 10^296 |
| 44 | ov_044 | 1.5538155969329603 × 10^296 |
| 45 | ov_045 | 1.2389119516667523 × 10^296 |
| 46 | ov_046 | 9.74966354178191 × 10^295 |
| 47 | ov_047 | 7.561503691220726 × 10^295 |
| 48 | ov_048 | 5.769914215407524 × 10^295 |
| 49 | ov_049 | 4.3236752427842533 × 10^295 |
| 50 | ov_050 | 3.1750330567296714 × 10^295 |
| 51 | ov_051 | 2.2796710102041383 × 10^295 |
| 52 | ov_052 | 1.5966889389137213 × 10^295 |
| 53 | ov_053 | 1.0885891592477946 × 10^295 |
| 54 | ov_054 | 7.212673624327435 × 10^294 |
| 55 | ov_055 | 4.6400694135959104 × 10^294 |
| 56 | ov_056 | 2.894755607671671 × 10^294 |
| 57 | ov_057 | 1.7372314019653808 × 10^294 |
| 58 | ov_058 | 9.618073568709073 × 10^293 |
| 59 | ov_059 | 4.7409063439552165 × 10^293 |
| 60 | ov_060 | 1.9659040967426166 × 10^293 |
| 61 | ov_061 | 6.871723666438477 × 10^292 |
| 62 | ov_062 | 1.8863631788395438 × 10^292 |
| 63 | ov_063 | 3.679406769641639 × 10^291 |
| 64 | lv_79_m31 | 7.175240536740714 × 10^290 |
| 65 | ov_065 | 8.628155181633367 × 10^291 |
| 66 | ov_066 | 8.628133024395942 × 10^291 |
| 67 | ov_067 | 8.628127738011631 × 10^291 |
| 68 | ov_068 | 7.49592672891017 × 10^291 |
| 69 | ov_069 | 6.47966883153356 × 10^291 |
| 70 | ov_070 | 5.5709063430203156 × 10^291 |
| 71 | ov_071 | 4.761595788573806 × 10^291 |
| 72 | ov_072 | 4.044071734726415 × 10^291 |
| 73 | ov_073 | 3.411025765416682 × 10^291 |
| 74 | ov_074 | 2.855489876077003 × 10^291 |
| 75 | ov_075 | 2.3708235806625677 × 10^291 |
| 76 | ov_076 | 1.9507040647041034 × 10^291 |
| 77 | ov_077 | 1.5891187543106702 × 10^291 |
| 78 | ov_078 | 1.2803597068262061 × 10^291 |
| 79 | ov_079 | 1.0190192637629501 × 10^291 |
| 80 | ov_080 | 7.999864960586768 × 10^290 |
| 81 | ov_081 | 6.184441668607986 × 10^290 |
| 82 | ov_082 | 4.698661194908252 × 10^290 |
| 83 | ov_083 | 3.500150577801089 × 10^290 |
| 84 | ov_084 | 2.5494068611602624 × 10^290 |
| 85 | ov_085 | 1.8097817663686315 × 10^290 |
| 86 | ov_086 | 1.2474693107766396 × 10^290 |
| 87 | ov_087 | 8.314960480949171 × 10^289 |
| 88 | ov_088 | 5.337136063905171 × 10^289 |
| 89 | ov_089 | 3.287931994983157 × 10^289 |
| 90 | ov_090 | 1.9422178773461365 × 10^289 |
| 91 | ov_091 | 1.1029956383616069 × 10^289 |
| 92 | ov_092 | 6.01384427677872 × 10^288 |
| 93 | ov_093 | 2.9661249997974743 × 10^288 |
| 94 | ov_094 | 1.2532058945780288 × 10^288 |
| 95 | aaa_78_28 | 3.8201548776699816 × 10^287 |
| 96 | aaa_78_29 | 1.1495185119178105 × 10^287 |
| 97 | ov_097 | 5.916660439424441 × 10^286 |
| 98 | ov_098 | 5.916606305434283 × 10^286 |
| 99 | ov_099 | 5.916588970658255 × 10^286 |
| 100 | ov_100 | 4.909158274426165 × 10^286 |
| 101 | ov_101 | 4.040665715537858 × 10^286 |
| 102 | ov_102 | 3.297800917654048 × 10^286 |
| 103 | ov_103 | 2.6679924684741977 × 10^286 |
| 104 | ov_104 | 2.1393540374126274 × 10^286 |
| 105 | ov_105 | 1.7006373255342542 × 10^286 |
| 106 | ov_106 | 1.3411912357137614 × 10^286 |
| 107 | ov_107 | 1.0509266832156972 × 10^286 |
| 108 | ov_108 | 8.20286497885514 × 10^285 |
| 109 | ov_109 | 6.402198991177306 × 10^285 |
| 110 | ov_110 | 5.021610539228454 × 10^285 |
| 111 | ov_111 | 3.98011256919128 × 10^285 |
| 112 | ov_112 | 3.2012429907413247 × 10^285 |
| 113 | ov_113 | 2.612946196358565 × 10^285 |
| 114 | ov_114 | 2.147478630260589 × 10^285 |
| 115 | ov_115 | 1.7413348960021605 × 10^285 |
| 116 | ov_116 | 1.390375697953248 × 10^285 |
| 117 | ov_117 | 1.0904923870554557 × 10^285 |
| 118 | ov_118 | 8.375977734996216 × 10^284 |
| 119 | ov_119 | 6.276191063689782 × 10^284 |
| 120 | ov_120 | 4.5649295221384325 × 10^284 |
| 121 | ov_121 | 3.201617045689577 × 10^284 |
| 122 | ov_122 | 2.145713363200873 × 10^284 |
| 123 | ov_123 | 1.3566992020246314 × 10^284 |
| 124 | ov_124 | 7.940662983330249 × 10^283 |
| 125 | ov_125 | 4.1731120145458417 × 10^283 |
| 126 | ov_126 | 1.8593210954698086 × 10^283 |
| 127 | aaa_77_28 | 5.9427653268349 × 10^282 |
| 128 | aaa_77_29 | 2.2311451595994472 × 10^282 |
| 129 | ov_129 | 2.081496919937117 × 10^282 |
| 130 | ov_130 | 2.0814910540387407 × 10^282 |
| 131 | ov_131 | 2.081489633870664 × 10^282 |
| 132 | ov_132 | 1.8111446745476397 × 10^282 |
| 133 | ov_133 | 1.5681128891428764 × 10^282 |
| 134 | ov_134 | 1.350276196397176 × 10^282 |
| 135 | ov_135 | 1.1556318154206415 × 10^282 |
| 136 | ov_136 | 9.822840551262387 × 10^281 |
| 137 | ov_137 | 8.293108873338319 × 10^281 |
| 138 | ov_138 | 6.950104211757884 × 10^281 |
| 139 | ov_139 | 5.777693564786953 × 10^281 |
| 140 | ov_140 | 4.760585440186007 × 10^281 |
| 141 | ov_141 | 3.884292628726298 × 10^281 |
| 142 | ov_142 | 3.1351013441475414 × 10^281 |
| 143 | ov_143 | 2.500045972308107 × 10^281 |
| 144 | ov_144 | 1.966888718960669 × 10^281 |
| 145 | ov_145 | 1.5241034918472295 × 10^281 |
| 146 | ov_146 | 1.1608633987816468 × 10^281 |
| 147 | ov_147 | 8.67031289176507 × 10^280 |
| 148 | ov_148 | 6.331528121461272 × 10^280 |
| 149 | ov_149 | 4.504515099252756 × 10^280 |
| 150 | ov_150 | 3.1082551091097813 × 10^280 |
| 151 | ov_151 | 2.068454321774554 × 10^280 |
| 152 | ov_152 | 1.3175314684064176 × 10^280 |
| 153 | ov_153 | 7.946111716477221 × 10^279 |
| 154 | ov_154 | 4.455204997486456 × 10^279 |
| 155 | ov_155 | 2.2278710659345765 × 10^279 |
| 156 | aaa_76_25 | 8.563821911271487 × 10^278 |
| 157 | aaa_76_26 | 4.948975204152795 × 10^278 |
| 158 | aaa_76_27 | 2.535417176430357 × 10^278 |
| 159 | aaa_76_28 | 9.882180351242583 × 10^277 |
| 160 | aaa_76_29 | 3.0086279041789368 × 10^277 |

### Output Bits Sorted by Complexity

| Rank | Output Bit | Complexity |
|:----:|:----------:|:----------:|
| 160 | aaa_76_29 | 3.0086279041789368 × 10^277 |
| 159 | aaa_76_28 | 9.882180351242583 × 10^277 |
| 158 | aaa_76_27 | 2.535417176430357 × 10^278 |
| 157 | aaa_76_26 | 4.948975204152795 × 10^278 |
| 156 | aaa_76_25 | 8.563821911271487 × 10^278 |
| 155 | ov_155 | 2.2278710659345765 × 10^279 |
| 154 | ov_154 | 4.455204997486456 × 10^279 |
| 153 | ov_153 | 7.946111716477221 × 10^279 |
| 152 | ov_152 | 1.3175314684064176 × 10^280 |
| 151 | ov_151 | 2.068454321774554 × 10^280 |
| 150 | ov_150 | 3.1082551091097813 × 10^280 |
| 149 | ov_149 | 4.504515099252756 × 10^280 |
| 148 | ov_148 | 6.331528121461272 × 10^280 |
| 147 | ov_147 | 8.67031289176507 × 10^280 |
| 146 | ov_146 | 1.1608633987816468 × 10^281 |
| 145 | ov_145 | 1.5241034918472295 × 10^281 |
| 144 | ov_144 | 1.966888718960669 × 10^281 |
| 143 | ov_143 | 2.500045972308107 × 10^281 |
| 142 | ov_142 | 3.1351013441475414 × 10^281 |
| 141 | ov_141 | 3.884292628726298 × 10^281 |
| 140 | ov_140 | 4.760585440186007 × 10^281 |
| 139 | ov_139 | 5.777693564786953 × 10^281 |
| 138 | ov_138 | 6.950104211757884 × 10^281 |
| 137 | ov_137 | 8.293108873338319 × 10^281 |
| 136 | ov_136 | 9.822840551262387 × 10^281 |
| 135 | ov_135 | 1.1556318154206415 × 10^282 |
| 134 | ov_134 | 1.350276196397176 × 10^282 |
| 133 | ov_133 | 1.5681128891428764 × 10^282 |
| 132 | ov_132 | 1.8111446745476397 × 10^282 |
| 131 | ov_131 | 2.081489633870664 × 10^282 |
| 130 | ov_130 | 2.0814910540387407 × 10^282 |
| 129 | ov_129 | 2.081496919937117 × 10^282 |
| 128 | aaa_77_29 | 2.2311451595994472 × 10^282 |
| 127 | aaa_77_28 | 5.9427653268349 × 10^282 |
| 126 | ov_126 | 1.8593210954698086 × 10^283 |
| 125 | ov_125 | 4.1731120145458417 × 10^283 |
| 124 | ov_124 | 7.940662983330249 × 10^283 |
| 123 | ov_123 | 1.3566992020246314 × 10^284 |
| 122 | ov_122 | 2.145713363200873 × 10^284 |
| 121 | ov_121 | 3.201617045689577 × 10^284 |
| 120 | ov_120 | 4.5649295221384325 × 10^284 |
| 119 | ov_119 | 6.276191063689782 × 10^284 |
| 118 | ov_118 | 8.375977734996216 × 10^284 |
| 117 | ov_117 | 1.0904923870554557 × 10^285 |
| 116 | ov_116 | 1.390375697953248 × 10^285 |
| 115 | ov_115 | 1.7413348960021605 × 10^285 |
| 114 | ov_114 | 2.147478630260589 × 10^285 |
| 113 | ov_113 | 2.612946196358565 × 10^285 |
| 112 | ov_112 | 3.2012429907413247 × 10^285 |
| 111 | ov_111 | 3.98011256919128 × 10^285 |
| 110 | ov_110 | 5.021610539228454 × 10^285 |
| 109 | ov_109 | 6.402198991177306 × 10^285 |
| 108 | ov_108 | 8.20286497885514 × 10^285 |
| 107 | ov_107 | 1.0509266832156972 × 10^286 |
| 106 | ov_106 | 1.3411912357137614 × 10^286 |
| 105 | ov_105 | 1.7006373255342542 × 10^286 |
| 104 | ov_104 | 2.1393540374126274 × 10^286 |
| 103 | ov_103 | 2.6679924684741977 × 10^286 |
| 102 | ov_102 | 3.297800917654048 × 10^286 |
| 101 | ov_101 | 4.040665715537858 × 10^286 |
| 100 | ov_100 | 4.909158274426165 × 10^286 |
| 99 | ov_099 | 5.916588970658255 × 10^286 |
| 98 | ov_098 | 5.916606305434283 × 10^286 |
| 97 | ov_097 | 5.916660439424441 × 10^286 |
| 96 | aaa_78_29 | 1.1495185119178105 × 10^287 |
| 95 | aaa_78_28 | 3.8201548776699816 × 10^287 |
| 94 | ov_094 | 1.2532058945780288 × 10^288 |
| 93 | ov_093 | 2.9661249997974743 × 10^288 |
| 92 | ov_092 | 6.01384427677872 × 10^288 |
| 91 | ov_091 | 1.1029956383616069 × 10^289 |
| 90 | ov_090 | 1.9422178773461365 × 10^289 |
| 89 | ov_089 | 3.287931994983157 × 10^289 |
| 88 | ov_088 | 5.337136063905171 × 10^289 |
| 87 | ov_087 | 8.314960480949171 × 10^289 |
| 86 | ov_086 | 1.2474693107766396 × 10^290 |
| 85 | ov_085 | 1.8097817663686315 × 10^290 |
| 84 | ov_084 | 2.5494068611602624 × 10^290 |
| 83 | ov_083 | 3.500150577801089 × 10^290 |
| 82 | ov_082 | 4.698661194908252 × 10^290 |
| 81 | ov_081 | 6.184441668607986 × 10^290 |
| 64 | lv_79_m31 | 7.175240536740714 × 10^290 |
| 80 | ov_080 | 7.999864960586768 × 10^290 |
| 79 | ov_079 | 1.0190192637629501 × 10^291 |
| 78 | ov_078 | 1.2803597068262061 × 10^291 |
| 77 | ov_077 | 1.5891187543106702 × 10^291 |
| 76 | ov_076 | 1.9507040647041034 × 10^291 |
| 75 | ov_075 | 2.3708235806625677 × 10^291 |
| 74 | ov_074 | 2.855489876077003 × 10^291 |
| 73 | ov_073 | 3.411025765416682 × 10^291 |
| 63 | ov_063 | 3.679406769641639 × 10^291 |
| 72 | ov_072 | 4.044071734726415 × 10^291 |
| 71 | ov_071 | 4.761595788573806 × 10^291 |
| 70 | ov_070 | 5.5709063430203156 × 10^291 |
| 69 | ov_069 | 6.47966883153356 × 10^291 |
| 68 | ov_068 | 7.49592672891017 × 10^291 |
| 67 | ov_067 | 8.628127738011631 × 10^291 |
| 66 | ov_066 | 8.628133024395942 × 10^291 |
| 65 | ov_065 | 8.628155181633367 × 10^291 |
| 62 | ov_062 | 1.8863631788395438 × 10^292 |
| 61 | ov_061 | 6.871723666438477 × 10^292 |
| 60 | ov_060 | 1.9659040967426166 × 10^293 |
| 59 | ov_059 | 4.7409063439552165 × 10^293 |
| 58 | ov_058 | 9.618073568709073 × 10^293 |
| 57 | ov_057 | 1.7372314019653808 × 10^294 |
| 56 | ov_056 | 2.894755607671671 × 10^294 |
| 55 | ov_055 | 4.6400694135959104 × 10^294 |
| 54 | ov_054 | 7.212673624327435 × 10^294 |
| 53 | ov_053 | 1.0885891592477946 × 10^295 |
| 52 | ov_052 | 1.5966889389137213 × 10^295 |
| 51 | ov_051 | 2.2796710102041383 × 10^295 |
| 50 | ov_050 | 3.1750330567296714 × 10^295 |
| 49 | ov_049 | 4.3236752427842533 × 10^295 |
| 48 | ov_048 | 5.769914215407524 × 10^295 |
| 47 | ov_047 | 7.561503691220726 × 10^295 |
| 32 | lv_80_m31 | 8.666638902420858 × 10^295 |
| 46 | ov_046 | 9.74966354178191 × 10^295 |
| 45 | ov_045 | 1.2389119516667523 × 10^296 |
| 44 | ov_044 | 1.5538155969329603 × 10^296 |
| 43 | ov_043 | 1.9258684177133926 × 10^296 |
| 42 | ov_042 | 2.3616329074030333 × 10^296 |
| 41 | ov_041 | 2.868053744224481 × 10^296 |
| 40 | ov_040 | 3.4524710838435923 × 10^296 |
| 39 | ov_039 | 4.1226366760175265 × 10^296 |
| 31 | ov_031 | 4.445004058449341 × 10^296 |
| 38 | ov_038 | 4.8867331790667 × 10^296 |
| 37 | ov_037 | 5.753397069361629 × 10^296 |
| 36 | ov_036 | 6.7317455666424154 × 10^296 |
| 35 | ov_035 | 7.831408019882661 × 10^296 |
| 34 | ov_034 | 9.062562222627355 × 10^296 |
| 33 | ov_033 | 1.043597615136039 × 10^297 |
| 30 | ov_030 | 2.2793072677801168 × 10^297 |
| 29 | ov_029 | 7.456744509433077 × 10^297 |
| 28 | ov_028 | 1.9353694479815472 × 10^298 |
| 27 | ov_027 | 4.325606326987356 × 10^298 |
| 26 | ov_026 | 9.17820326005721 × 10^298 |
| 25 | ov_025 | 1.8164254510935963 × 10^299 |
| 24 | ov_024 | 3.3364140939391793 × 10^299 |
| 23 | ov_023 | 5.726756260174384 × 10^299 |
| 22 | ov_022 | 9.277362134644626 × 10^299 |
| 21 | ov_021 | 1.4319099619714224 × 10^300 |
| 20 | ov_020 | 2.122382632680567 × 10^300 |
| 19 | ov_019 | 3.040444182377548 × 10^300 |
| 18 | ov_018 | 4.2314967957639285 × 10^300 |
| 17 | ov_017 | 5.74506694252673 × 10^300 |
| 16 | ov_016 | 7.634823162517853 × 10^300 |
| 15 | ov_015 | 9.958601630399537 × 10^300 |
| 14 | ov_014 | 1.2778441821798487 × 10^301 |
| 13 | ov_013 | 1.6160634873929089 × 10^301 |
| 12 | ov_012 | 2.0175787504948251 × 10^301 |
| 11 | ov_011 | 2.4898904628224266 × 10^301 |
| 10 | ov_010 | 3.04094940705777 × 10^301 |
| 9 | ov_009 | 3.6791697077847774 × 10^301 |
| 8 | ov_008 | 4.413444856746012 × 10^301 |
| 7 | ov_007 | 5.253167136679244 × 10^301 |
| 6 | ov_006 | 6.20825089590016 × 10^301 |
| 5 | ov_005 | 7.289160154574028 × 10^301 |
| 4 | ov_004 | 8.50694105302148 × 10^301 |
| 3 | ov_003 | 9.873259682592162 × 10^301 |
| 2 | ov_002 | 1.1400445870799634 × 10^302 |
| 1 | ov_001 | 1.3101543524754403 × 10^302 |

