# Results for E002007-F005-F015-F017-F018-F019-F020-F021-F022-F023-F024-F025-F026-F027-F028-F029-F030-F031-F032-F033-F034-F035-F036-F037-F038-F039-F040-F041-F042-F043-F044-F045-F046-F047-F048-F049-F050-F051-F052-F053-F054-F055-F056-F057-F058-F059-F060-F061-F062-F063-F064-F065-F066-F067-F068-F069-F070-F071-F072-F073-F074-F075-F076-F077-F078-F079-F080-F081-F082-F083-F084-F085-F086-F087-F088-F089-F090-F091-F092-F093-F094-F095-F096-F097-F098-F099-F100-F101-F102-F103-F104-F105-F106-F107-F108-F109-F110-F111-F112-F113-F114-F115-F116-F117-F118-F119-F120-F121-F122-F123-F124-F125-F126-F127-F128-F129-F130-F131-F132-F133-F134-F135-F136-F137-F138-F139-F140-F141-F142-F143-F144-F145-F146-F147-F148-F149-F150-F151-F152-F153-F154-F155-F156-F157-F158-F159-F160-F161-F162-F163-F164-F165-F166-F167-F168-F169-F170-F171-F172-F173-F174-F175-F176-F177-F178-F179-F180-F181-F182-F183-F184-F185-F186-F187-F188-F189-F190-F191-F192-F193-F194-F195-F196-F197-F198-F199-F200-F201-F202-F203-F204-F205-F206-F207-F208-F209-F210-F211-F212-F213-F214-F215-F216-F217-F218-F219-F220-F221-F222-F223-F224-F225-F226-F227-F228-F229-F230-F231-F232-F233-F234-F235-F236-F237-F238-F239-F240-F241-F242-F243-F244-F245-F246-F247-F248-F249-F250-F251-F252-F253-F254-F255-F256-F257-F258-F259-F260-F261-F262-F263-F264-F265-F266-F267-F268-F269-F270-F271-F272-F273-F274-F275-F276-F277-F278-F279-F280-F281-F282-F283-F284-F285-F286-F287-F288-F289-F290-F291-F292-F293-F294-F295-F296-F297-F298-F299-F300-F301-F302-F303-F304-F305-F306-F307-F308-F309-F310-F311-F312-F313-F314-F315-F316-F317-F318-F319-F320-F321-F322-F323-F324-F325-F326-F327-F328-F329-F330-F331-F332-F333-F334-F335-F336-F337-F338-F339-F340-F341-F342-F343-F344-F345-F346-F347-F348-F349-F350-F351-F352-F353-F354-F355-F356-F357-F358-F359-F360-F361-F362-F363-F364-F365-F366-F367-F368-F369-F370-F371-F372-F373-F374-F375-F376-F377-F378-F379-F380-F381-F382-F383-F384-F385-F386-F387-F388-F389-F390-F391-F392-F393-F394-F395-F396-F397-F398-F399-F400-F401-F402-F403-F404-F405-F406-F407-F408-F409-F410-F411-F412-F413-F414-F415-F416-F417-F418-F419-F420-F421-F422-F423-F424-F425-F426-F427-F428-F429-F430-F431-F432-F433-F434-F435-F436-F437-F438-F439-F440-F441-F442-F443-F444-F445-F446-F447-F448-F449-F450-F451-F452-F453-F454-F455-F456-F457-F458-F459-F460-F461-F462-F463-F464-F465-F466-F467-F468-F469-F470-F471-F472-F473-F474-F475-F476-F477-F478-F479-F480-F481-F482-F483-F484-F485-F486-F487-F488-F489-F490-F491-F492-F493-F494-F495-F496-F497-F498-F499-F500-F501-F502-F503-F504-F505-F506-F507-F508-F509-F510-F511-F512

## Summary

Number of input bits: 512  
Number of free input bits: 13  
Number of output bits: 160

Number of direct occurrences: 59634  
Number of assignments: 38831  
Number of operations: 19012199
(xor: 18974868,
and: 20844,
or: 16487)

Total complexity: 7.473269571618095 × 10^354

Least occurring input variable: iv_003 (4392)  
Most occurring input variable: iv_012 (5018)

Most co-occurring input variables: iv_011-iv_012 (2571)  
Least co-occurring input variables: iv_003-iv_011 (1963)

Potentially most occurring input variable: iv_003/iv_012 (5244)  
Potentially least occurring input variable: iv_003/iv_013 (4379)

Least output occurring input variable: iv_011 (63)  
Most output occurring input variable: iv_013 (85)

Most output co-occurring input variables: iv_002-iv_014 (55)  
Least output co-occurring input variables: iv_011-iv_016 (26)

Potentially most output occurring input variable: iv_011/iv_016 (90)  
Potentially least output occurring input variable: iv_002/iv_014 (50)

Least complex input bit: iv_016 (1.3578242570790253 × 10^351)  
Most complex input bit: iv_012 (1.7773885961444905 × 10^354)

Least complex output bit: aaa_76_29 (1.8008926356707556 × 10^330)  
Most complex output bit: ov_001 (1.1371110696882681 × 10^354)

Least complex input/output complexity: iv_016/aaa_76_29 (3.272056068197311 × 10^326)  
Most complex input/output complexity: iv_012/ov_001 (2.70442304863357 × 10^353)

## Input Bits

### Input Bits in Regular Order

| Input Bit | Complexity | Occurrences | Output Occurrences |
|:---------:|:----------:|:-----------:|:------------------:|
| iv_001 | 8.915537441093641 × 10^351 | 4579 | 75 |
| iv_002 | 4.825731400424802 × 10^353 | 4831 | 80 |
| iv_003 | 7.184469938853699 × 10^352 | 4392 | 75 |
| iv_004 | 1.2908950392686439 × 10^353 | 4535 | 77 |
| iv_006 | 2.8930859509389884 × 10^353 | 4400 | 80 |
| iv_008 | 6.190350029808733 × 10^353 | 4520 | 81 |
| iv_009 | 8.35537866018681 × 10^353 | 4458 | 77 |
| iv_010 | 1.1041033637953542 × 10^354 | 4477 | 83 |
| iv_011 | 1.4353051770749102 × 10^354 | 4646 | 63 |
| iv_012 | 1.7773885961444905 × 10^354 | 5018 | 84 |
| iv_013 | 3.541230214834381 × 10^353 | 4559 | 85 |
| iv_014 | 3.646872439703981 × 10^353 | 4711 | 80 |
| iv_016 | 1.3578242570790253 × 10^351 | 4508 | 79 |

### Input Bits Sorted by Complexity

| Input Bit | Complexity | Occurrences | Output Occurrences |
|:---------:|:----------:|:-----------:|:------------------:|
| iv_016 | 1.3578242570790253 × 10^351 | 4508 | 79 |
| iv_001 | 8.915537441093641 × 10^351 | 4579 | 75 |
| iv_003 | 7.184469938853699 × 10^352 | 4392 | 75 |
| iv_004 | 1.2908950392686439 × 10^353 | 4535 | 77 |
| iv_006 | 2.8930859509389884 × 10^353 | 4400 | 80 |
| iv_013 | 3.541230214834381 × 10^353 | 4559 | 85 |
| iv_014 | 3.646872439703981 × 10^353 | 4711 | 80 |
| iv_002 | 4.825731400424802 × 10^353 | 4831 | 80 |
| iv_008 | 6.190350029808733 × 10^353 | 4520 | 81 |
| iv_009 | 8.35537866018681 × 10^353 | 4458 | 77 |
| iv_010 | 1.1041033637953542 × 10^354 | 4477 | 83 |
| iv_011 | 1.4353051770749102 × 10^354 | 4646 | 63 |
| iv_012 | 1.7773885961444905 × 10^354 | 5018 | 84 |

### Input Bits Sorted by Occurrences

| Input Bit | Complexity | Occurrences | Output Occurrences |
|:---------:|:----------:|:-----------:|:------------------:|
| iv_003 | 7.184469938853699 × 10^352 | 4392 | 75 |
| iv_006 | 2.8930859509389884 × 10^353 | 4400 | 80 |
| iv_009 | 8.35537866018681 × 10^353 | 4458 | 77 |
| iv_010 | 1.1041033637953542 × 10^354 | 4477 | 83 |
| iv_016 | 1.3578242570790253 × 10^351 | 4508 | 79 |
| iv_008 | 6.190350029808733 × 10^353 | 4520 | 81 |
| iv_004 | 1.2908950392686439 × 10^353 | 4535 | 77 |
| iv_013 | 3.541230214834381 × 10^353 | 4559 | 85 |
| iv_001 | 8.915537441093641 × 10^351 | 4579 | 75 |
| iv_011 | 1.4353051770749102 × 10^354 | 4646 | 63 |
| iv_014 | 3.646872439703981 × 10^353 | 4711 | 80 |
| iv_002 | 4.825731400424802 × 10^353 | 4831 | 80 |
| iv_012 | 1.7773885961444905 × 10^354 | 5018 | 84 |

### Input Bits Sorted by Output Occurrences

| Input Bit | Complexity | Occurrences | Output Occurrences |
|:---------:|:----------:|:-----------:|:------------------:|
| iv_011 | 1.4353051770749102 × 10^354 | 4646 | 63 |
| iv_003 | 7.184469938853699 × 10^352 | 4392 | 75 |
| iv_001 | 8.915537441093641 × 10^351 | 4579 | 75 |
| iv_004 | 1.2908950392686439 × 10^353 | 4535 | 77 |
| iv_009 | 8.35537866018681 × 10^353 | 4458 | 77 |
| iv_016 | 1.3578242570790253 × 10^351 | 4508 | 79 |
| iv_006 | 2.8930859509389884 × 10^353 | 4400 | 80 |
| iv_014 | 3.646872439703981 × 10^353 | 4711 | 80 |
| iv_002 | 4.825731400424802 × 10^353 | 4831 | 80 |
| iv_008 | 6.190350029808733 × 10^353 | 4520 | 81 |
| iv_010 | 1.1041033637953542 × 10^354 | 4477 | 83 |
| iv_012 | 1.7773885961444905 × 10^354 | 5018 | 84 |
| iv_013 | 3.541230214834381 × 10^353 | 4559 | 85 |

## Input Bit Co-occurrences

### Input Bit Co-occurrences Sorted by Co-occurrences

| Input Bits | Co-occurrences | Potential Occurrences | Output Co-occurrences | Potential Output Occurrences |
|:----------:|:--------------:|:---------------------:|:---------------------:|:----------------------------:|
| iv_011-iv_012 | 2571 | 4522 | 32 | 83 |
| iv_002-iv_012 | 2418 | 5013 | 43 | 78 |
| iv_001-iv_002 | 2363 | 4684 | 36 | 83 |
| iv_001-iv_012 | 2357 | 4883 | 41 | 77 |
| iv_012-iv_016 | 2324 | 4878 | 39 | 85 |
| iv_012-iv_014 | 2297 | 5135 | 41 | 82 |
| iv_003-iv_013 | 2286 | 4379 | 41 | 78 |
| iv_012-iv_013 | 2285 | 5007 | 50 | 69 |
| iv_004-iv_009 | 2267 | 4459 | 42 | 70 |
| iv_013-iv_014 | 2257 | 4756 | 42 | 81 |
| iv_004-iv_014 | 2252 | 4742 | 42 | 73 |
| iv_008-iv_012 | 2243 | 5052 | 43 | 79 |
| iv_010-iv_012 | 2240 | 5015 | 41 | 85 |

### Input Bit Co-occurrences Sorted by Potential Occurrences

| Input Bits | Co-occurrences | Potential Occurrences | Output Co-occurrences | Potential Output Occurrences |
|:----------:|:--------------:|:---------------------:|:---------------------:|:----------------------------:|
| iv_003-iv_013 | 2286 | 4379 | 41 | 78 |
| iv_004-iv_009 | 2267 | 4459 | 42 | 70 |
| iv_001-iv_006 | 2240 | 4499 | 39 | 77 |
| iv_011-iv_012 | 2571 | 4522 | 32 | 83 |
| iv_009-iv_010 | 2193 | 4549 | 46 | 68 |
| iv_003-iv_004 | 2186 | 4555 | 38 | 76 |
| iv_001-iv_002 | 2363 | 4684 | 36 | 83 |
| iv_006-iv_016 | 2112 | 4684 | 37 | 85 |
| iv_008-iv_009 | 2143 | 4692 | 43 | 72 |
| iv_009-iv_014 | 2228 | 4713 | 39 | 79 |
| iv_001-iv_016 | 2181 | 4725 | 37 | 80 |
| iv_009-iv_013 | 2143 | 4731 | 43 | 76 |
| iv_004-iv_014 | 2252 | 4742 | 42 | 73 |

### Input Bit Output Co-occurrences Sorted by Output Co-occurrences

| Input Bits | Co-occurrences | Potential Occurrences | Output Co-occurrences | Potential Output Occurrences |
|:----------:|:--------------:|:---------------------:|:---------------------:|:----------------------------:|
| iv_002-iv_014 | 2234 | 5074 | 55 | 50 |
| iv_012-iv_013 | 2285 | 5007 | 50 | 69 |
| iv_008-iv_010 | 2067 | 4863 | 46 | 72 |
| iv_002-iv_013 | 2140 | 5110 | 46 | 73 |
| iv_009-iv_010 | 2193 | 4549 | 46 | 68 |
| iv_008-iv_013 | 2162 | 4755 | 44 | 78 |
| iv_010-iv_014 | 2154 | 4880 | 44 | 75 |
| iv_002-iv_008 | 2184 | 4983 | 44 | 73 |
| iv_004-iv_010 | 2127 | 4758 | 44 | 72 |
| iv_013-iv_016 | 2033 | 5001 | 44 | 76 |
| iv_001-iv_010 | 2111 | 4834 | 44 | 70 |
| iv_008-iv_012 | 2243 | 5052 | 43 | 79 |
| iv_010-iv_013 | 2062 | 4912 | 43 | 82 |

### Input Bit Output Co-occurrences Sorted by Potential Output Occurrences

| Input Bits | Co-occurrences | Potential Occurrences | Output Co-occurrences | Potential Output Occurrences |
|:----------:|:--------------:|:---------------------:|:---------------------:|:----------------------------:|
| iv_002-iv_014 | 2234 | 5074 | 55 | 50 |
| iv_009-iv_010 | 2193 | 4549 | 46 | 68 |
| iv_004-iv_011 | 2066 | 5049 | 36 | 68 |
| iv_012-iv_013 | 2285 | 5007 | 50 | 69 |
| iv_004-iv_009 | 2267 | 4459 | 42 | 70 |
| iv_001-iv_010 | 2111 | 4834 | 44 | 70 |
| iv_008-iv_010 | 2067 | 4863 | 46 | 72 |
| iv_004-iv_010 | 2127 | 4758 | 44 | 72 |
| iv_008-iv_009 | 2143 | 4692 | 43 | 72 |
| iv_001-iv_003 | 2012 | 4947 | 39 | 72 |
| iv_002-iv_004 | 2158 | 5050 | 42 | 73 |
| iv_002-iv_008 | 2184 | 4983 | 44 | 73 |
| iv_002-iv_013 | 2140 | 5110 | 46 | 73 |

## Output Bits

### Output Bits in Regular Order

| Rank | Output Bit | Complexity |
|:----:|:----------:|:----------:|
| 1 | ov_001 | 1.1371110696882681 × 10^354 |
| 2 | ov_002 | 9.941631831548995 × 10^353 |
| 3 | ov_003 | 8.656587818273363 × 10^353 |
| 4 | ov_004 | 7.503962741449091 × 10^353 |
| 5 | ov_005 | 6.472410446059696 × 10^353 |
| 6 | ov_006 | 5.551208122058749 × 10^353 |
| 7 | ov_007 | 4.730215467591237 × 10^353 |
| 8 | ov_008 | 3.999838862145922 × 10^353 |
| 9 | ov_009 | 3.3554139844127494 × 10^353 |
| 10 | ov_010 | 2.788351086808324 × 10^353 |
| 11 | ov_011 | 2.2944742914997615 × 10^353 |
| 12 | ov_012 | 1.8698351681614306 × 10^353 |
| 13 | ov_013 | 1.5071854064434548 × 10^353 |
| 14 | ov_014 | 1.1996933042701531 × 10^353 |
| 15 | ov_015 | 9.409328921997164 × 10^352 |
| 16 | ov_016 | 7.24875151845908 × 10^352 |
| 17 | ov_017 | 5.486038344472689 × 10^352 |
| 18 | ov_018 | 4.0686438465004825 × 10^352 |
| 19 | ov_019 | 2.94782623359294 × 10^352 |
| 20 | ov_020 | 2.0786171292290632 × 10^352 |
| 21 | ov_021 | 1.4197999798190976 × 10^352 |
| 22 | ov_022 | 9.338952854465425 × 10^351 |
| 23 | ov_023 | 5.871509723944168 × 10^351 |
| 24 | ov_024 | 3.495364804216618 × 10^351 |
| 25 | ov_025 | 1.9473939088696594 × 10^351 |
| 26 | ov_026 | 1.0016367380927138 × 10^351 |
| 27 | ov_027 | 4.692887693146699 × 10^350 |
| 28 | ov_028 | 1.9869803293826975 × 10^350 |
| 29 | ov_029 | 7.53640652232757 × 10^349 |
| 30 | ov_030 | 2.068862020759904 × 10^349 |
| 31 | ov_031 | 4.0358621668908965 × 10^348 |
| 32 | lv_80_m31 | 7.87198095685221 × 10^347 |
| 33 | ov_033 | 9.750255751905194 × 10^348 |
| 34 | ov_034 | 8.501231906544541 × 10^348 |
| 35 | ov_035 | 7.383919344362756 × 10^348 |
| 36 | ov_036 | 6.387026949422331 × 10^348 |
| 37 | ov_037 | 5.499957168023806 × 10^348 |
| 38 | ov_038 | 4.712759071381459 × 10^348 |
| 39 | ov_039 | 4.0160855946476027 × 10^348 |
| 40 | ov_040 | 3.401154725384469 × 10^348 |
| 41 | ov_041 | 2.8597144239980967 × 10^348 |
| 42 | ov_042 | 2.3840110665611565 × 10^348 |
| 43 | ov_043 | 1.9667612070464165 × 10^348 |
| 44 | ov_044 | 1.6044373384079856 × 10^348 |
| 45 | ov_045 | 1.2937285836638192 × 10^348 |
| 46 | ov_046 | 1.0315303105970933 × 10^348 |
| 47 | ov_047 | 8.122169676942306 × 10^347 |
| 48 | ov_048 | 6.305350058743563 × 10^347 |
| 49 | ov_049 | 4.8159053402404826 × 10^347 |
| 50 | ov_050 | 3.6083897628442064 × 10^347 |
| 51 | ov_051 | 2.6407654956823912 × 10^347 |
| 52 | ov_052 | 1.8743338027771948 × 10^347 |
| 53 | ov_053 | 1.2905724537494354 × 10^347 |
| 54 | ov_054 | 8.573109375270069 × 10^346 |
| 55 | ov_055 | 5.45591627053132 × 10^346 |
| 56 | ov_056 | 3.2964845582111064 × 10^346 |
| 57 | ov_057 | 1.868929610518889 × 10^346 |
| 58 | ov_058 | 9.790590479887197 × 10^345 |
| 59 | ov_059 | 4.643277352159441 × 10^345 |
| 60 | ov_060 | 1.9381687889148732 × 10^345 |
| 61 | ov_061 | 6.822603199990587 × 10^344 |
| 62 | ov_062 | 1.8865380604361774 × 10^344 |
| 63 | ov_063 | 3.709062532411272 × 10^343 |
| 64 | lv_79_m31 | 7.291558489286449 × 10^342 |
| 65 | ov_065 | 9.993737880352405 × 10^343 |
| 66 | ov_066 | 9.993438597600211 × 10^343 |
| 67 | ov_067 | 9.993342868632521 × 10^343 |
| 68 | ov_068 | 8.988053308045227 × 10^343 |
| 69 | ov_069 | 8.057829234837791 × 10^343 |
| 70 | ov_070 | 7.198455319514632 × 10^343 |
| 71 | ov_071 | 6.406016186042358 × 10^343 |
| 72 | ov_072 | 5.676860336281254 × 10^343 |
| 73 | ov_073 | 5.0075677533882005 × 10^343 |
| 74 | ov_074 | 4.394920582408677 × 10^343 |
| 75 | ov_075 | 3.8358759203287096 × 10^343 |
| 76 | ov_076 | 3.3275405513179445 × 10^343 |
| 77 | ov_077 | 2.8671482193302983 × 10^343 |
| 78 | ov_078 | 2.4520396377915156 × 10^343 |
| 79 | ov_079 | 2.0796450655922414 × 10^343 |
| 80 | ov_080 | 1.7474690130916608 × 10^343 |
| 81 | ov_081 | 1.4530766445842622 × 10^343 |
| 82 | ov_082 | 1.1940817550138813 × 10^343 |
| 83 | ov_083 | 9.68136200255461 × 10^342 |
| 84 | ov_084 | 7.729208500582193 × 10^342 |
| 85 | ov_085 | 6.061381334940242 × 10^342 |
| 86 | ov_086 | 4.655060183761472 × 10^342 |
| 87 | ov_087 | 3.4875326641809804 × 10^342 |
| 88 | ov_088 | 2.5361580608038615 × 10^342 |
| 89 | ov_089 | 1.778340651484169 × 10^342 |
| 90 | ov_090 | 1.191511051269113 × 10^342 |
| 91 | ov_091 | 7.531139955267528 × 10^341 |
| 92 | ov_092 | 4.4060099666486025 × 10^341 |
| 93 | ov_093 | 2.3142638736584482 × 10^341 |
| 94 | ov_094 | 1.0304546649186779 × 10^341 |
| 95 | aaa_78_28 | 3.2913786486685206 × 10^340 |
| 96 | aaa_78_29 | 1.234571120820283 × 10^340 |
| 97 | ov_097 | 1.183897446635737 × 10^340 |
| 98 | ov_098 | 1.1838940094424378 × 10^340 |
| 99 | ov_099 | 1.1838931768147536 × 10^340 |
| 100 | ov_100 | 1.0325882730600294 × 10^340 |
| 101 | ov_101 | 8.970460091455285 × 10^339 |
| 102 | ov_102 | 7.759727786660976 × 10^339 |
| 103 | ov_103 | 6.681479618843112 × 10^339 |
| 104 | ov_104 | 5.7241899418616955 × 10^339 |
| 105 | ov_105 | 4.876970058292356 × 10^339 |
| 106 | ov_106 | 4.1295297339754686 × 10^339 |
| 107 | ov_107 | 3.472143312117809 × 10^339 |
| 108 | ov_108 | 2.8956199743392207 × 10^339 |
| 109 | ov_109 | 2.3912777954912535 × 10^339 |
| 110 | ov_110 | 1.9549000207819708 × 10^339 |
| 111 | ov_111 | 1.5825079270163822 × 10^339 |
| 112 | ov_112 | 1.2668242212786692 × 10^339 |
| 113 | ov_113 | 1.0010090307483221 × 10^339 |
| 114 | ov_114 | 7.786488545569754 × 10^338 |
| 115 | ov_115 | 5.937477783802714 × 10^338 |
| 116 | ov_116 | 4.434112773174555 × 10^338 |
| 117 | ov_117 | 3.224598855300637 × 10^338 |
| 118 | ov_118 | 2.284047387430525 × 10^338 |
| 119 | ov_119 | 1.5686749690144608 × 10^338 |
| 120 | ov_120 | 1.0386722449899951 × 10^338 |
| 121 | ov_121 | 6.581920606811998 × 10^337 |
| 122 | ov_122 | 3.953422147461251 × 10^337 |
| 123 | ov_123 | 2.2218134555868723 × 10^337 |
| 124 | ov_124 | 1.1471680441514168 × 10^337 |
| 125 | ov_125 | 5.290367772185515 × 10^336 |
| 126 | ov_126 | 2.064440076201995 × 10^336 |
| 127 | aaa_77_28 | 5.788633123791402 × 10^335 |
| 128 | aaa_77_29 | 1.7624376201173762 × 10^335 |
| 129 | ov_129 | 1.0576752458018343 × 10^335 |
| 130 | ov_130 | 1.057671728502123 × 10^335 |
| 131 | ov_131 | 1.0576708748424487 × 10^335 |
| 132 | ov_132 | 9.244433390578944 × 10^334 |
| 133 | ov_133 | 8.056022385388646 × 10^334 |
| 134 | ov_134 | 6.998350124245035 × 10^334 |
| 135 | ov_135 | 6.059039877310509 × 10^334 |
| 136 | ov_136 | 5.226412193246941 × 10^334 |
| 137 | ov_137 | 4.48943899949126 × 10^334 |
| 138 | ov_138 | 3.837702889173759 × 10^334 |
| 139 | ov_139 | 3.2613611928024436 × 10^334 |
| 140 | ov_140 | 2.7511144982061814 × 10^334 |
| 141 | ov_141 | 2.3024452464230348 × 10^334 |
| 142 | ov_142 | 1.907062322831378 × 10^334 |
| 143 | ov_143 | 1.5609405581355445 × 10^334 |
| 144 | ov_144 | 1.260286428014265 × 10^334 |
| 145 | ov_145 | 1.0015305007346668 × 10^334 |
| 146 | ov_146 | 7.8132131829106195 × 10^333 |
| 147 | ov_147 | 5.9652052490431665 × 10^333 |
| 148 | ov_148 | 4.441990454283849 × 10^333 |
| 149 | ov_149 | 3.216341326086671 × 10^333 |
| 150 | ov_150 | 2.263071360120363 × 10^333 |
| 151 | ov_151 | 1.5378704805890925 × 10^333 |
| 152 | ov_152 | 1.0004480037178766 × 10^333 |
| 153 | ov_153 | 6.14520401339229 × 10^332 |
| 154 | ov_154 | 3.478038001314544 × 10^332 |
| 155 | ov_155 | 1.720097067580276 × 10^332 |
| 156 | aaa_76_25 | 6.284283268124018 × 10^331 |
| 157 | aaa_76_26 | 3.28301885281231 × 10^331 |
| 158 | aaa_76_27 | 1.5137328679225334 × 10^331 |
| 159 | aaa_76_28 | 5.906452002839793 × 10^330 |
| 160 | aaa_76_29 | 1.8008926356707556 × 10^330 |

### Output Bits Sorted by Complexity

| Rank | Output Bit | Complexity |
|:----:|:----------:|:----------:|
| 160 | aaa_76_29 | 1.8008926356707556 × 10^330 |
| 159 | aaa_76_28 | 5.906452002839793 × 10^330 |
| 158 | aaa_76_27 | 1.5137328679225334 × 10^331 |
| 157 | aaa_76_26 | 3.28301885281231 × 10^331 |
| 156 | aaa_76_25 | 6.284283268124018 × 10^331 |
| 155 | ov_155 | 1.720097067580276 × 10^332 |
| 154 | ov_154 | 3.478038001314544 × 10^332 |
| 153 | ov_153 | 6.14520401339229 × 10^332 |
| 152 | ov_152 | 1.0004480037178766 × 10^333 |
| 151 | ov_151 | 1.5378704805890925 × 10^333 |
| 150 | ov_150 | 2.263071360120363 × 10^333 |
| 149 | ov_149 | 3.216341326086671 × 10^333 |
| 148 | ov_148 | 4.441990454283849 × 10^333 |
| 147 | ov_147 | 5.9652052490431665 × 10^333 |
| 146 | ov_146 | 7.8132131829106195 × 10^333 |
| 145 | ov_145 | 1.0015305007346668 × 10^334 |
| 144 | ov_144 | 1.260286428014265 × 10^334 |
| 143 | ov_143 | 1.5609405581355445 × 10^334 |
| 142 | ov_142 | 1.907062322831378 × 10^334 |
| 141 | ov_141 | 2.3024452464230348 × 10^334 |
| 140 | ov_140 | 2.7511144982061814 × 10^334 |
| 139 | ov_139 | 3.2613611928024436 × 10^334 |
| 138 | ov_138 | 3.837702889173759 × 10^334 |
| 137 | ov_137 | 4.48943899949126 × 10^334 |
| 136 | ov_136 | 5.226412193246941 × 10^334 |
| 135 | ov_135 | 6.059039877310509 × 10^334 |
| 134 | ov_134 | 6.998350124245035 × 10^334 |
| 133 | ov_133 | 8.056022385388646 × 10^334 |
| 132 | ov_132 | 9.244433390578944 × 10^334 |
| 131 | ov_131 | 1.0576708748424487 × 10^335 |
| 130 | ov_130 | 1.057671728502123 × 10^335 |
| 129 | ov_129 | 1.0576752458018343 × 10^335 |
| 128 | aaa_77_29 | 1.7624376201173762 × 10^335 |
| 127 | aaa_77_28 | 5.788633123791402 × 10^335 |
| 126 | ov_126 | 2.064440076201995 × 10^336 |
| 125 | ov_125 | 5.290367772185515 × 10^336 |
| 124 | ov_124 | 1.1471680441514168 × 10^337 |
| 123 | ov_123 | 2.2218134555868723 × 10^337 |
| 122 | ov_122 | 3.953422147461251 × 10^337 |
| 121 | ov_121 | 6.581920606811998 × 10^337 |
| 120 | ov_120 | 1.0386722449899951 × 10^338 |
| 119 | ov_119 | 1.5686749690144608 × 10^338 |
| 118 | ov_118 | 2.284047387430525 × 10^338 |
| 117 | ov_117 | 3.224598855300637 × 10^338 |
| 116 | ov_116 | 4.434112773174555 × 10^338 |
| 115 | ov_115 | 5.937477783802714 × 10^338 |
| 114 | ov_114 | 7.786488545569754 × 10^338 |
| 113 | ov_113 | 1.0010090307483221 × 10^339 |
| 112 | ov_112 | 1.2668242212786692 × 10^339 |
| 111 | ov_111 | 1.5825079270163822 × 10^339 |
| 110 | ov_110 | 1.9549000207819708 × 10^339 |
| 109 | ov_109 | 2.3912777954912535 × 10^339 |
| 108 | ov_108 | 2.8956199743392207 × 10^339 |
| 107 | ov_107 | 3.472143312117809 × 10^339 |
| 106 | ov_106 | 4.1295297339754686 × 10^339 |
| 105 | ov_105 | 4.876970058292356 × 10^339 |
| 104 | ov_104 | 5.7241899418616955 × 10^339 |
| 103 | ov_103 | 6.681479618843112 × 10^339 |
| 102 | ov_102 | 7.759727786660976 × 10^339 |
| 101 | ov_101 | 8.970460091455285 × 10^339 |
| 100 | ov_100 | 1.0325882730600294 × 10^340 |
| 99 | ov_099 | 1.1838931768147536 × 10^340 |
| 98 | ov_098 | 1.1838940094424378 × 10^340 |
| 97 | ov_097 | 1.183897446635737 × 10^340 |
| 96 | aaa_78_29 | 1.234571120820283 × 10^340 |
| 95 | aaa_78_28 | 3.2913786486685206 × 10^340 |
| 94 | ov_094 | 1.0304546649186779 × 10^341 |
| 93 | ov_093 | 2.3142638736584482 × 10^341 |
| 92 | ov_092 | 4.4060099666486025 × 10^341 |
| 91 | ov_091 | 7.531139955267528 × 10^341 |
| 90 | ov_090 | 1.191511051269113 × 10^342 |
| 89 | ov_089 | 1.778340651484169 × 10^342 |
| 88 | ov_088 | 2.5361580608038615 × 10^342 |
| 87 | ov_087 | 3.4875326641809804 × 10^342 |
| 86 | ov_086 | 4.655060183761472 × 10^342 |
| 85 | ov_085 | 6.061381334940242 × 10^342 |
| 64 | lv_79_m31 | 7.291558489286449 × 10^342 |
| 84 | ov_084 | 7.729208500582193 × 10^342 |
| 83 | ov_083 | 9.68136200255461 × 10^342 |
| 82 | ov_082 | 1.1940817550138813 × 10^343 |
| 81 | ov_081 | 1.4530766445842622 × 10^343 |
| 80 | ov_080 | 1.7474690130916608 × 10^343 |
| 79 | ov_079 | 2.0796450655922414 × 10^343 |
| 78 | ov_078 | 2.4520396377915156 × 10^343 |
| 77 | ov_077 | 2.8671482193302983 × 10^343 |
| 76 | ov_076 | 3.3275405513179445 × 10^343 |
| 63 | ov_063 | 3.709062532411272 × 10^343 |
| 75 | ov_075 | 3.8358759203287096 × 10^343 |
| 74 | ov_074 | 4.394920582408677 × 10^343 |
| 73 | ov_073 | 5.0075677533882005 × 10^343 |
| 72 | ov_072 | 5.676860336281254 × 10^343 |
| 71 | ov_071 | 6.406016186042358 × 10^343 |
| 70 | ov_070 | 7.198455319514632 × 10^343 |
| 69 | ov_069 | 8.057829234837791 × 10^343 |
| 68 | ov_068 | 8.988053308045227 × 10^343 |
| 67 | ov_067 | 9.993342868632521 × 10^343 |
| 66 | ov_066 | 9.993438597600211 × 10^343 |
| 65 | ov_065 | 9.993737880352405 × 10^343 |
| 62 | ov_062 | 1.8865380604361774 × 10^344 |
| 61 | ov_061 | 6.822603199990587 × 10^344 |
| 60 | ov_060 | 1.9381687889148732 × 10^345 |
| 59 | ov_059 | 4.643277352159441 × 10^345 |
| 58 | ov_058 | 9.790590479887197 × 10^345 |
| 57 | ov_057 | 1.868929610518889 × 10^346 |
| 56 | ov_056 | 3.2964845582111064 × 10^346 |
| 55 | ov_055 | 5.45591627053132 × 10^346 |
| 54 | ov_054 | 8.573109375270069 × 10^346 |
| 53 | ov_053 | 1.2905724537494354 × 10^347 |
| 52 | ov_052 | 1.8743338027771948 × 10^347 |
| 51 | ov_051 | 2.6407654956823912 × 10^347 |
| 50 | ov_050 | 3.6083897628442064 × 10^347 |
| 49 | ov_049 | 4.8159053402404826 × 10^347 |
| 48 | ov_048 | 6.305350058743563 × 10^347 |
| 32 | lv_80_m31 | 7.87198095685221 × 10^347 |
| 47 | ov_047 | 8.122169676942306 × 10^347 |
| 46 | ov_046 | 1.0315303105970933 × 10^348 |
| 45 | ov_045 | 1.2937285836638192 × 10^348 |
| 44 | ov_044 | 1.6044373384079856 × 10^348 |
| 43 | ov_043 | 1.9667612070464165 × 10^348 |
| 42 | ov_042 | 2.3840110665611565 × 10^348 |
| 41 | ov_041 | 2.8597144239980967 × 10^348 |
| 40 | ov_040 | 3.401154725384469 × 10^348 |
| 39 | ov_039 | 4.0160855946476027 × 10^348 |
| 31 | ov_031 | 4.0358621668908965 × 10^348 |
| 38 | ov_038 | 4.712759071381459 × 10^348 |
| 37 | ov_037 | 5.499957168023806 × 10^348 |
| 36 | ov_036 | 6.387026949422331 × 10^348 |
| 35 | ov_035 | 7.383919344362756 × 10^348 |
| 34 | ov_034 | 8.501231906544541 × 10^348 |
| 33 | ov_033 | 9.750255751905194 × 10^348 |
| 30 | ov_030 | 2.068862020759904 × 10^349 |
| 29 | ov_029 | 7.53640652232757 × 10^349 |
| 28 | ov_028 | 1.9869803293826975 × 10^350 |
| 27 | ov_027 | 4.692887693146699 × 10^350 |
| 26 | ov_026 | 1.0016367380927138 × 10^351 |
| 25 | ov_025 | 1.9473939088696594 × 10^351 |
| 24 | ov_024 | 3.495364804216618 × 10^351 |
| 23 | ov_023 | 5.871509723944168 × 10^351 |
| 22 | ov_022 | 9.338952854465425 × 10^351 |
| 21 | ov_021 | 1.4197999798190976 × 10^352 |
| 20 | ov_020 | 2.0786171292290632 × 10^352 |
| 19 | ov_019 | 2.94782623359294 × 10^352 |
| 18 | ov_018 | 4.0686438465004825 × 10^352 |
| 17 | ov_017 | 5.486038344472689 × 10^352 |
| 16 | ov_016 | 7.24875151845908 × 10^352 |
| 15 | ov_015 | 9.409328921997164 × 10^352 |
| 14 | ov_014 | 1.1996933042701531 × 10^353 |
| 13 | ov_013 | 1.5071854064434548 × 10^353 |
| 12 | ov_012 | 1.8698351681614306 × 10^353 |
| 11 | ov_011 | 2.2944742914997615 × 10^353 |
| 10 | ov_010 | 2.788351086808324 × 10^353 |
| 9 | ov_009 | 3.3554139844127494 × 10^353 |
| 8 | ov_008 | 3.999838862145922 × 10^353 |
| 7 | ov_007 | 4.730215467591237 × 10^353 |
| 6 | ov_006 | 5.551208122058749 × 10^353 |
| 5 | ov_005 | 6.472410446059696 × 10^353 |
| 4 | ov_004 | 7.503962741449091 × 10^353 |
| 3 | ov_003 | 8.656587818273363 × 10^353 |
| 2 | ov_002 | 9.941631831548995 × 10^353 |
| 1 | ov_001 | 1.1371110696882681 × 10^354 |

