# Results for F001-F002-F003-F004-F005-F006-F007-F008-F009-F010-F011-F012-F013-F014-F015-F016-F017-F018-F019-F020-F021-F022-F023-F024-F025-F026-F027-F028-F029-F030-F031-F032-F033-F034-F035-F036-F037-F038-F039-F040-F041-F042-F043-F044-F045-F046-F047-F048-F049-F050-F051-F052-F053-F054-F055-F056-F057-F058-F059-F060-F061-F062-F063-F064-F065-F066-F067-F068-F069-F070-F071-F072-F073-F074-F075-F076-F077-F078-F079-F080-F081-F082-F083-F084-F085-F086-F087-F088-F089-F090-F091-F092-F093-F094-F095-F096-F097-F098-F099-F100-F101-F102-F103-F104-F105-F106-F107-F108-F109-F110-F111-F112-F113-F114-F115-F116-F117-F118-F119-F120-F121-F122-F123-F124-F125-F126-F127-F128-F129-F130-F131-F132-F133-F134-F135-F136-F137-F138-F139-F140-F141-F142-F143-F144-F145-F146-F147-F148-F149-F150-F151-F152-F153-F154-F155-F156-F157-F158-F159-F160-F161-F162-F163-F164-F165-F166-F167-F168-F169-F170-F171-F172-F173-F174-F175-F176-F177-F178-F179-F180-F181-F182-F183-F184-F185-F186-F187-F188-F189-F190-F191-F192-F193-F194-F195-F196-F197-F198-F199-F200-F201-F202-F203-F204-F205-F206-F207-F208-F209-F210-F211-F212-F213-F214-F215-F216-F217-F218-F219-F220-F221-F222-F223-F224-F225-F226-F227-F228-F229-F230-F231-F232-F233-F234-F235-F236-F237-F238-F239-F240-F241-F242-F243-F244-F245-F246-F247-F248-F249-F250-F251-F252-F253-F254-F255-F256-F257-F258-F259-F260-F261-F262-F263-F264-F265-F266-F267-F268-F269-F270-F271-F272-F273-F274-F275-F276-F277-F278-F279-F280-F281-F282-F283-F284-F285-F286-F287-F288-F289-F290-F291-F292-F293-F294-F295-F296-F297-F298-F299-F300-F301-F302-F303-F304-F305-F306-F307-F308-F309-F310-F311-F312-F313-F314-F315-F316-F317-F318-F319-F320-F321-F322-F323-F324-F325-F326-F327-F328-F329-F330-F331-F332-F333-F334-F335-F336-F337-F338-F339-F340-F341-F342-F343-F344-F345-F346-F347-F348-F349-F350-F351-F352-F353-F354-F355-F356-F357-F358-F359-F360-F361-F362-F363-F364-F365-F366-F367-F368-F369-F370-F371-F372-F373-F374-F375-F376-F377-F378-F379-F380-F381-F382-F383-F384-F385-F386-F387-F388-F389-F390-F391-F392-F393-F394-F395-F396-F397-F398-F399-F400-F401-F402-F403-F404-F405-F406-F407-F408-F409-F410-F411-F412-F413-F414-F415-F416-F417-F418-F419-F420-F421-F422-F423-F424-F425-F426-F427-F428-F429-F430-F431-F432-F433-F434-F435-F436-F437-F438-F439-F440-F441-F442-F443-F444-F445-F446-F447-F448-F449-F450-F451-F452-F453-F454-F455-F456-F457-F458-F459-F460-F461-F462-F463-F464-F465-F466-F467-F468-F469-F470-F471-F472-F473-F474-F475-F476-F477-F478-F479-F480-F481-F482-F483-F484-F485-F486-F487-F488-F489-F490-F491-F492-F493-F494-F495-F496-E500511-F507-F512

## Summary

Number of input bits: 512  
Number of free input bits: 13  
Number of output bits: 160

Number of direct occurrences: 53109  
Number of assignments: 31793  
Number of operations: 11222590
(xor: 11194196,
and: 14828,
or: 13566)

Total complexity: 1.516647419418757 × 10^301

Least occurring input variable: iv_502 (3897)  
Most occurring input variable: iv_510 (4272)

Most co-occurring input variables: iv_509-iv_510 (2129)  
Least co-occurring input variables: iv_498-iv_502 (1768)

Potentially most occurring input variable: iv_500/iv_510 (4622)  
Potentially least occurring input variable: iv_499/iv_508 (4091)

Least output occurring input variable: iv_510 (74)  
Most output occurring input variable: iv_497 (93)

Most output co-occurring input variables: iv_497-iv_502 (52)  
Least output co-occurring input variables: iv_502-iv_503 (32)

Potentially most output occurring input variable: iv_502/iv_503 (96)  
Potentially least output occurring input variable: iv_501/iv_505 (62)

Least complex input bit: iv_497 (2.294195658365374 × 10^298)  
Most complex input bit: iv_510 (4.345789024909424 × 10^300)

Least complex output bit: aaa_76_29 (2.667178541325375 × 10^276)  
Most complex output bit: ov_001 (2.3710573869974083 × 10^300)

Least complex input/output complexity: iv_497/aaa_76_29 (4.034576099393645 × 10^273)  
Most complex input/output complexity: iv_510/ov_001 (6.79400830932263 × 10^299)

## Input Bits

### Input Bits in Regular Order

| Input Bit | Complexity | Occurrences | Output Occurrences |
|:---------:|:----------:|:-----------:|:------------------:|
| iv_497 | 2.294195658365374 × 10^298 | 4147 | 93 |
| iv_498 | 4.57129902340786 × 10^298 | 3945 | 88 |
| iv_499 | 8.044325208663764 × 10^298 | 3958 | 81 |
| iv_500 | 1.4020880186373183 × 10^299 | 4190 | 80 |
| iv_501 | 2.274345156016984 × 10^299 | 4090 | 83 |
| iv_502 | 3.695326120258104 × 10^299 | 3897 | 82 |
| iv_503 | 5.867896177463393 × 10^299 | 4171 | 78 |
| iv_504 | 9.123468135413084 × 10^299 | 3935 | 78 |
| iv_505 | 1.393094123415941 × 10^300 | 4127 | 79 |
| iv_506 | 6.9871348382045536 × 10^299 | 3967 | 82 |
| iv_508 | 2.329405494575499 × 10^300 | 4155 | 86 |
| iv_509 | 4.014061507782993 × 10^300 | 4255 | 80 |
| iv_510 | 4.345789024909424 × 10^300 | 4272 | 74 |

### Input Bits Sorted by Complexity

| Input Bit | Complexity | Occurrences | Output Occurrences |
|:---------:|:----------:|:-----------:|:------------------:|
| iv_497 | 2.294195658365374 × 10^298 | 4147 | 93 |
| iv_498 | 4.57129902340786 × 10^298 | 3945 | 88 |
| iv_499 | 8.044325208663764 × 10^298 | 3958 | 81 |
| iv_500 | 1.4020880186373183 × 10^299 | 4190 | 80 |
| iv_501 | 2.274345156016984 × 10^299 | 4090 | 83 |
| iv_502 | 3.695326120258104 × 10^299 | 3897 | 82 |
| iv_503 | 5.867896177463393 × 10^299 | 4171 | 78 |
| iv_506 | 6.9871348382045536 × 10^299 | 3967 | 82 |
| iv_504 | 9.123468135413084 × 10^299 | 3935 | 78 |
| iv_505 | 1.393094123415941 × 10^300 | 4127 | 79 |
| iv_508 | 2.329405494575499 × 10^300 | 4155 | 86 |
| iv_509 | 4.014061507782993 × 10^300 | 4255 | 80 |
| iv_510 | 4.345789024909424 × 10^300 | 4272 | 74 |

### Input Bits Sorted by Occurrences

| Input Bit | Complexity | Occurrences | Output Occurrences |
|:---------:|:----------:|:-----------:|:------------------:|
| iv_502 | 3.695326120258104 × 10^299 | 3897 | 82 |
| iv_504 | 9.123468135413084 × 10^299 | 3935 | 78 |
| iv_498 | 4.57129902340786 × 10^298 | 3945 | 88 |
| iv_499 | 8.044325208663764 × 10^298 | 3958 | 81 |
| iv_506 | 6.9871348382045536 × 10^299 | 3967 | 82 |
| iv_501 | 2.274345156016984 × 10^299 | 4090 | 83 |
| iv_505 | 1.393094123415941 × 10^300 | 4127 | 79 |
| iv_497 | 2.294195658365374 × 10^298 | 4147 | 93 |
| iv_508 | 2.329405494575499 × 10^300 | 4155 | 86 |
| iv_503 | 5.867896177463393 × 10^299 | 4171 | 78 |
| iv_500 | 1.4020880186373183 × 10^299 | 4190 | 80 |
| iv_509 | 4.014061507782993 × 10^300 | 4255 | 80 |
| iv_510 | 4.345789024909424 × 10^300 | 4272 | 74 |

### Input Bits Sorted by Output Occurrences

| Input Bit | Complexity | Occurrences | Output Occurrences |
|:---------:|:----------:|:-----------:|:------------------:|
| iv_510 | 4.345789024909424 × 10^300 | 4272 | 74 |
| iv_503 | 5.867896177463393 × 10^299 | 4171 | 78 |
| iv_504 | 9.123468135413084 × 10^299 | 3935 | 78 |
| iv_505 | 1.393094123415941 × 10^300 | 4127 | 79 |
| iv_509 | 4.014061507782993 × 10^300 | 4255 | 80 |
| iv_500 | 1.4020880186373183 × 10^299 | 4190 | 80 |
| iv_499 | 8.044325208663764 × 10^298 | 3958 | 81 |
| iv_502 | 3.695326120258104 × 10^299 | 3897 | 82 |
| iv_506 | 6.9871348382045536 × 10^299 | 3967 | 82 |
| iv_501 | 2.274345156016984 × 10^299 | 4090 | 83 |
| iv_508 | 2.329405494575499 × 10^300 | 4155 | 86 |
| iv_498 | 4.57129902340786 × 10^298 | 3945 | 88 |
| iv_497 | 2.294195658365374 × 10^298 | 4147 | 93 |

## Input Bit Co-occurrences

### Input Bit Co-occurrences Sorted by Co-occurrences

| Input Bits | Co-occurrences | Potential Occurrences | Output Co-occurrences | Potential Output Occurrences |
|:----------:|:--------------:|:---------------------:|:---------------------:|:----------------------------:|
| iv_509-iv_510 | 2129 | 4269 | 37 | 80 |
| iv_505-iv_510 | 2057 | 4285 | 34 | 85 |
| iv_497-iv_509 | 2054 | 4294 | 49 | 75 |
| iv_508-iv_509 | 2053 | 4304 | 41 | 84 |
| iv_508-iv_510 | 2053 | 4321 | 36 | 88 |
| iv_505-iv_509 | 2052 | 4278 | 42 | 75 |
| iv_501-iv_509 | 2038 | 4269 | 45 | 73 |
| iv_503-iv_508 | 2033 | 4260 | 42 | 80 |
| iv_503-iv_509 | 2031 | 4364 | 38 | 82 |
| iv_503-iv_510 | 2028 | 4387 | 38 | 76 |
| iv_501-iv_505 | 2025 | 4167 | 50 | 62 |
| iv_500-iv_509 | 2014 | 4417 | 45 | 70 |
| iv_499-iv_508 | 2011 | 4091 | 46 | 75 |

### Input Bit Co-occurrences Sorted by Potential Occurrences

| Input Bits | Co-occurrences | Potential Occurrences | Output Co-occurrences | Potential Output Occurrences |
|:----------:|:--------------:|:---------------------:|:---------------------:|:----------------------------:|
| iv_499-iv_508 | 2011 | 4091 | 46 | 75 |
| iv_504-iv_508 | 1988 | 4114 | 43 | 78 |
| iv_504-iv_506 | 1877 | 4148 | 42 | 76 |
| iv_502-iv_505 | 1937 | 4150 | 43 | 75 |
| iv_499-iv_504 | 1868 | 4157 | 38 | 83 |
| iv_501-iv_505 | 2025 | 4167 | 50 | 62 |
| iv_499-iv_501 | 1932 | 4184 | 44 | 76 |
| iv_498-iv_504 | 1847 | 4186 | 46 | 74 |
| iv_502-iv_508 | 1932 | 4188 | 41 | 86 |
| iv_499-iv_509 | 2011 | 4191 | 43 | 75 |
| iv_497-iv_506 | 1955 | 4204 | 51 | 73 |
| iv_506-iv_508 | 1957 | 4208 | 48 | 72 |
| iv_498-iv_506 | 1850 | 4212 | 41 | 88 |

### Input Bit Output Co-occurrences Sorted by Output Co-occurrences

| Input Bits | Co-occurrences | Potential Occurrences | Output Co-occurrences | Potential Output Occurrences |
|:----------:|:--------------:|:---------------------:|:---------------------:|:----------------------------:|
| iv_497-iv_502 | 1905 | 4234 | 52 | 71 |
| iv_497-iv_506 | 1955 | 4204 | 51 | 73 |
| iv_501-iv_505 | 2025 | 4167 | 50 | 62 |
| iv_497-iv_504 | 1929 | 4224 | 50 | 71 |
| iv_497-iv_498 | 1893 | 4306 | 50 | 81 |
| iv_497-iv_503 | 1992 | 4334 | 49 | 73 |
| iv_497-iv_509 | 2054 | 4294 | 49 | 75 |
| iv_498-iv_499 | 1833 | 4237 | 48 | 73 |
| iv_498-iv_501 | 1873 | 4289 | 48 | 75 |
| iv_506-iv_508 | 1957 | 4208 | 48 | 72 |
| iv_497-iv_501 | 2008 | 4221 | 48 | 80 |
| iv_497-iv_500 | 1944 | 4449 | 48 | 77 |
| iv_498-iv_508 | 1943 | 4214 | 47 | 80 |

### Input Bit Output Co-occurrences Sorted by Potential Output Occurrences

| Input Bits | Co-occurrences | Potential Occurrences | Output Co-occurrences | Potential Output Occurrences |
|:----------:|:--------------:|:---------------------:|:---------------------:|:----------------------------:|
| iv_501-iv_505 | 2025 | 4167 | 50 | 62 |
| iv_500-iv_509 | 2014 | 4417 | 45 | 70 |
| iv_497-iv_504 | 1929 | 4224 | 50 | 71 |
| iv_497-iv_502 | 1905 | 4234 | 52 | 71 |
| iv_506-iv_508 | 1957 | 4208 | 48 | 72 |
| iv_501-iv_509 | 2038 | 4269 | 45 | 73 |
| iv_498-iv_499 | 1833 | 4237 | 48 | 73 |
| iv_497-iv_503 | 1992 | 4334 | 49 | 73 |
| iv_497-iv_506 | 1955 | 4204 | 51 | 73 |
| iv_498-iv_504 | 1847 | 4186 | 46 | 74 |
| iv_502-iv_505 | 1937 | 4150 | 43 | 75 |
| iv_505-iv_509 | 2052 | 4278 | 42 | 75 |
| iv_498-iv_501 | 1873 | 4289 | 48 | 75 |

## Output Bits

### Output Bits in Regular Order

| Rank | Output Bit | Complexity |
|:----:|:----------:|:----------:|
| 1 | ov_001 | 2.3710573869974083 × 10^300 |
| 2 | ov_002 | 2.0632011875672042 × 10^300 |
| 3 | ov_003 | 1.7868183881473864 × 10^300 |
| 4 | ov_004 | 1.5395486307368512 × 10^300 |
| 5 | ov_005 | 1.3191607511792585 × 10^300 |
| 6 | ov_006 | 1.1235436315442921 × 10^300 |
| 7 | ov_007 | 9.506982597146471 × 10^299 |
| 8 | ov_008 | 7.98730882747398 × 10^299 |
| 9 | ov_009 | 6.6584714664306475 × 10^299 |
| 10 | ov_010 | 5.503471210017034 × 10^299 |
| 11 | ov_011 | 4.506211127118146 × 10^299 |
| 12 | ov_012 | 3.6514617833889776 × 10^299 |
| 13 | ov_013 | 2.924832502855298 × 10^299 |
| 14 | ov_014 | 2.312747971090259 × 10^299 |
| 15 | ov_015 | 1.8024294362722447 × 10^299 |
| 16 | ov_016 | 1.3818798163523273 × 10^299 |
| 17 | ov_017 | 1.0398720721031666 × 10^299 |
| 18 | ov_018 | 7.659402875249705 × 10^298 |
| 19 | ov_019 | 5.503730110344833 × 10^298 |
| 20 | ov_020 | 3.842084618407246 × 10^298 |
| 21 | ov_021 | 2.5923119596015353 × 10^298 |
| 22 | ov_022 | 1.679698467552045 × 10^298 |
| 23 | ov_023 | 1.0369562025302465 × 10^298 |
| 24 | ov_024 | 6.042131676551594 × 10^297 |
| 25 | ov_025 | 3.290073206269484 × 10^297 |
| 26 | ov_026 | 1.662832924322662 × 10^297 |
| 27 | ov_027 | 7.839084292088822 × 10^296 |
| 28 | ov_028 | 3.5084251603828477 × 10^296 |
| 29 | ov_029 | 1.3522121475971185 × 10^296 |
| 30 | ov_030 | 4.1348247142732253 × 10^295 |
| 31 | ov_031 | 8.067255151769037 × 10^294 |
| 32 | lv_80_m31 | 1.573694968860012 × 10^294 |
| 33 | ov_033 | 1.8895901257111297 × 10^295 |
| 34 | ov_034 | 1.6414490028107152 × 10^295 |
| 35 | ov_035 | 1.4189219967399042 × 10^295 |
| 36 | ov_036 | 1.2199894538786946 × 10^295 |
| 37 | ov_037 | 1.0427419262916089 × 10^295 |
| 38 | ov_038 | 8.853724293939331 × 10^294 |
| 39 | ov_039 | 7.461697161333026 × 10^294 |
| 40 | ov_040 | 6.24301317063143 × 10^294 |
| 41 | ov_041 | 5.182308724497884 × 10^294 |
| 42 | ov_042 | 4.2650274636346296 × 10^294 |
| 43 | ov_043 | 3.477384597788407 × 10^294 |
| 44 | ov_044 | 2.8063371389995876 × 10^294 |
| 45 | ov_045 | 2.2395593397111087 × 10^294 |
| 46 | ov_046 | 1.7654226853176326 × 10^294 |
| 47 | ov_047 | 1.3729798362324118 × 10^294 |
| 48 | ov_048 | 1.0519519588255833 × 10^294 |
| 49 | ov_049 | 7.927189278657614 × 10^293 |
| 50 | ov_050 | 5.863119255763354 × 10^293 |
| 51 | ov_051 | 4.2440800427511935 × 10^293 |
| 52 | ov_052 | 2.9932622095387777 × 10^293 |
| 53 | ov_053 | 2.040249932025525 × 10^293 |
| 54 | ov_054 | 1.3514310547332007 × 10^293 |
| 55 | ov_055 | 8.691314147011823 × 10^292 |
| 56 | ov_056 | 5.4203555995597 × 10^292 |
| 57 | ov_057 | 3.251827749123784 × 10^292 |
| 58 | ov_058 | 1.799648442086349 × 10^292 |
| 59 | ov_059 | 8.866559130478038 × 10^291 |
| 60 | ov_060 | 3.6744342027033893 × 10^291 |
| 61 | ov_061 | 1.283579187766818 × 10^291 |
| 62 | ov_062 | 3.5214169741667602 × 10^290 |
| 63 | ov_063 | 6.864291663957257 × 10^289 |
| 64 | lv_79_m31 | 1.3377877910537602 × 10^289 |
| 65 | ov_065 | 1.6102271410138214 × 10^290 |
| 66 | ov_066 | 1.610222363537566 × 10^290 |
| 67 | ov_067 | 1.61022119434861 × 10^290 |
| 68 | ov_068 | 1.396309957271196 × 10^290 |
| 69 | ov_069 | 1.205037225772232 × 10^290 |
| 70 | ov_070 | 1.0345931184539849 × 10^290 |
| 71 | ov_071 | 8.832790689222746 × 10^289 |
| 72 | ov_072 | 7.495002896628837 × 10^289 |
| 73 | ov_073 | 6.317589031991756 × 10^289 |
| 74 | ov_074 | 5.286477049671086 × 10^289 |
| 75 | ov_075 | 4.3884452374807527 × 10^289 |
| 76 | ov_076 | 3.6110714666158746 × 10^289 |
| 77 | ov_077 | 2.9426877666858835 × 10^289 |
| 78 | ov_078 | 2.372339913000017 × 10^289 |
| 79 | ov_079 | 1.8897517192994008 × 10^289 |
| 80 | ov_080 | 1.485293733828119 × 10^289 |
| 81 | ov_081 | 1.1499560402048413 × 10^289 |
| 82 | ov_082 | 8.753248671985102 × 10^288 |
| 83 | ov_083 | 6.535627134090136 × 10^288 |
| 84 | ov_084 | 4.773916941703123 × 10^288 |
| 85 | ov_085 | 3.4007981887369735 × 10^288 |
| 86 | ov_086 | 2.3542990747716386 × 10^288 |
| 87 | ov_087 | 1.577708553236149 × 10^288 |
| 88 | ov_088 | 1.0195095560814503 × 10^288 |
| 89 | ov_089 | 6.333298896069071 × 10^287 |
| 90 | ov_090 | 3.779078967732105 × 10^287 |
| 91 | ov_091 | 2.1706998165560917 × 10^287 |
| 92 | ov_092 | 1.1971711616727377 × 10^287 |
| 93 | ov_093 | 5.981759273222474 × 10^286 |
| 94 | ov_094 | 2.562179036029655 × 10^286 |
| 95 | aaa_78_28 | 7.91157726960832 × 10^285 |
| 96 | aaa_78_29 | 2.429596332013938 × 10^285 |
| 97 | ov_097 | 1.6039005189024204 × 10^285 |
| 98 | ov_098 | 1.6038523375270686 × 10^285 |
| 99 | ov_099 | 1.6038369335676828 × 10^285 |
| 100 | ov_100 | 1.4430363637992843 × 10^285 |
| 101 | ov_101 | 1.2941494357619185 × 10^285 |
| 102 | ov_102 | 1.1565164239976783 × 10^285 |
| 103 | ov_103 | 1.0295254857667296 × 10^285 |
| 104 | ov_104 | 9.126065900311624 × 10^284 |
| 105 | ov_105 | 8.052259899417246 × 10^284 |
| 106 | ov_106 | 7.068812103204363 × 10^284 |
| 107 | ov_107 | 6.170965227072287 × 10^284 |
| 108 | ov_108 | 5.35418881415778 × 10^284 |
| 109 | ov_109 | 4.6141429474914616 × 10^284 |
| 110 | ov_110 | 3.946646060831348 × 10^284 |
| 111 | ov_111 | 3.3476465995689583 × 10^284 |
| 112 | ov_112 | 2.813198286371429 × 10^284 |
| 113 | ov_113 | 2.339438748634441 × 10^284 |
| 114 | ov_114 | 1.922571266548532 × 10^284 |
| 115 | ov_115 | 1.5588494017741752 × 10^284 |
| 116 | ov_116 | 1.2445642675012523 × 10^284 |
| 117 | ov_117 | 9.76034201141884 × 10^283 |
| 118 | ov_118 | 7.49596601170147 × 10^283 |
| 119 | ov_119 | 5.616016897622514 × 10^283 |
| 120 | ov_120 | 4.084079629652391 × 10^283 |
| 121 | ov_121 | 2.8637909016327704 × 10^283 |
| 122 | ov_122 | 1.9188191791083355 × 10^283 |
| 123 | ov_123 | 1.212851562626839 × 10^283 |
| 124 | ov_124 | 7.095849200448704 × 10^282 |
| 125 | ov_125 | 3.7272038837527787 × 10^282 |
| 126 | ov_126 | 1.6596056663643307 × 10^282 |
| 127 | aaa_77_28 | 5.3008437218061146 × 10^281 |
| 128 | aaa_77_29 | 1.9880215013035314 × 10^281 |
| 129 | ov_129 | 1.857332304682276 × 10^281 |
| 130 | ov_130 | 1.8573271063547 × 10^281 |
| 131 | ov_131 | 1.8573258483805622 × 10^281 |
| 132 | ov_132 | 1.6140318197837133 × 10^281 |
| 133 | ov_133 | 1.3957681259648471 × 10^281 |
| 134 | ov_134 | 1.200657016936504 × 10^281 |
| 135 | ov_135 | 1.0269224511597482 × 10^281 |
| 136 | ov_136 | 8.728828572920707 × 10^280 |
| 137 | ov_137 | 7.369448697212202 × 10^280 |
| 138 | ov_138 | 6.175979465802108 × 10^280 |
| 139 | ov_139 | 5.134097836695052 × 10^280 |
| 140 | ov_140 | 4.230224422929805 × 10^280 |
| 141 | ov_141 | 3.4514911347581917 × 10^280 |
| 142 | ov_142 | 2.785714454013908 × 10^280 |
| 143 | ov_143 | 2.221373652026512 × 10^280 |
| 144 | ov_144 | 1.7475933048974366 × 10^280 |
| 145 | ov_145 | 1.3541295020396498 × 10^280 |
| 146 | ov_146 | 1.0313591857062171 × 10^280 |
| 147 | ov_147 | 7.702721008852276 × 10^279 |
| 148 | ov_148 | 5.624648764846596 × 10^279 |
| 149 | ov_149 | 4.0013680021411695 × 10^279 |
| 150 | ov_150 | 2.7608691059808844 × 10^279 |
| 151 | ov_151 | 1.8371211014138113 × 10^279 |
| 152 | ov_152 | 1.1700604507465598 × 10^279 |
| 153 | ov_153 | 7.05584993423209 × 10^278 |
| 154 | ov_154 | 3.955508153991144 × 10^278 |
| 155 | ov_155 | 1.977705598676062 × 10^278 |
| 156 | aaa_76_25 | 7.601250786012331 × 10^277 |
| 157 | aaa_76_26 | 4.391654358430453 × 10^277 |
| 158 | aaa_76_27 | 2.249276852057374 × 10^277 |
| 159 | aaa_76_28 | 8.763807032811533 × 10^276 |
| 160 | aaa_76_29 | 2.667178541325375 × 10^276 |

### Output Bits Sorted by Complexity

| Rank | Output Bit | Complexity |
|:----:|:----------:|:----------:|
| 160 | aaa_76_29 | 2.667178541325375 × 10^276 |
| 159 | aaa_76_28 | 8.763807032811533 × 10^276 |
| 158 | aaa_76_27 | 2.249276852057374 × 10^277 |
| 157 | aaa_76_26 | 4.391654358430453 × 10^277 |
| 156 | aaa_76_25 | 7.601250786012331 × 10^277 |
| 155 | ov_155 | 1.977705598676062 × 10^278 |
| 154 | ov_154 | 3.955508153991144 × 10^278 |
| 153 | ov_153 | 7.05584993423209 × 10^278 |
| 152 | ov_152 | 1.1700604507465598 × 10^279 |
| 151 | ov_151 | 1.8371211014138113 × 10^279 |
| 150 | ov_150 | 2.7608691059808844 × 10^279 |
| 149 | ov_149 | 4.0013680021411695 × 10^279 |
| 148 | ov_148 | 5.624648764846596 × 10^279 |
| 147 | ov_147 | 7.702721008852276 × 10^279 |
| 146 | ov_146 | 1.0313591857062171 × 10^280 |
| 145 | ov_145 | 1.3541295020396498 × 10^280 |
| 144 | ov_144 | 1.7475933048974366 × 10^280 |
| 143 | ov_143 | 2.221373652026512 × 10^280 |
| 142 | ov_142 | 2.785714454013908 × 10^280 |
| 141 | ov_141 | 3.4514911347581917 × 10^280 |
| 140 | ov_140 | 4.230224422929805 × 10^280 |
| 139 | ov_139 | 5.134097836695052 × 10^280 |
| 138 | ov_138 | 6.175979465802108 × 10^280 |
| 137 | ov_137 | 7.369448697212202 × 10^280 |
| 136 | ov_136 | 8.728828572920707 × 10^280 |
| 135 | ov_135 | 1.0269224511597482 × 10^281 |
| 134 | ov_134 | 1.200657016936504 × 10^281 |
| 133 | ov_133 | 1.3957681259648471 × 10^281 |
| 132 | ov_132 | 1.6140318197837133 × 10^281 |
| 131 | ov_131 | 1.8573258483805622 × 10^281 |
| 130 | ov_130 | 1.8573271063547 × 10^281 |
| 129 | ov_129 | 1.857332304682276 × 10^281 |
| 128 | aaa_77_29 | 1.9880215013035314 × 10^281 |
| 127 | aaa_77_28 | 5.3008437218061146 × 10^281 |
| 126 | ov_126 | 1.6596056663643307 × 10^282 |
| 125 | ov_125 | 3.7272038837527787 × 10^282 |
| 124 | ov_124 | 7.095849200448704 × 10^282 |
| 123 | ov_123 | 1.212851562626839 × 10^283 |
| 122 | ov_122 | 1.9188191791083355 × 10^283 |
| 121 | ov_121 | 2.8637909016327704 × 10^283 |
| 120 | ov_120 | 4.084079629652391 × 10^283 |
| 119 | ov_119 | 5.616016897622514 × 10^283 |
| 118 | ov_118 | 7.49596601170147 × 10^283 |
| 117 | ov_117 | 9.76034201141884 × 10^283 |
| 116 | ov_116 | 1.2445642675012523 × 10^284 |
| 115 | ov_115 | 1.5588494017741752 × 10^284 |
| 114 | ov_114 | 1.922571266548532 × 10^284 |
| 113 | ov_113 | 2.339438748634441 × 10^284 |
| 112 | ov_112 | 2.813198286371429 × 10^284 |
| 111 | ov_111 | 3.3476465995689583 × 10^284 |
| 110 | ov_110 | 3.946646060831348 × 10^284 |
| 109 | ov_109 | 4.6141429474914616 × 10^284 |
| 108 | ov_108 | 5.35418881415778 × 10^284 |
| 107 | ov_107 | 6.170965227072287 × 10^284 |
| 106 | ov_106 | 7.068812103204363 × 10^284 |
| 105 | ov_105 | 8.052259899417246 × 10^284 |
| 104 | ov_104 | 9.126065900311624 × 10^284 |
| 103 | ov_103 | 1.0295254857667296 × 10^285 |
| 102 | ov_102 | 1.1565164239976783 × 10^285 |
| 101 | ov_101 | 1.2941494357619185 × 10^285 |
| 100 | ov_100 | 1.4430363637992843 × 10^285 |
| 99 | ov_099 | 1.6038369335676828 × 10^285 |
| 98 | ov_098 | 1.6038523375270686 × 10^285 |
| 97 | ov_097 | 1.6039005189024204 × 10^285 |
| 96 | aaa_78_29 | 2.429596332013938 × 10^285 |
| 95 | aaa_78_28 | 7.91157726960832 × 10^285 |
| 94 | ov_094 | 2.562179036029655 × 10^286 |
| 93 | ov_093 | 5.981759273222474 × 10^286 |
| 92 | ov_092 | 1.1971711616727377 × 10^287 |
| 91 | ov_091 | 2.1706998165560917 × 10^287 |
| 90 | ov_090 | 3.779078967732105 × 10^287 |
| 89 | ov_089 | 6.333298896069071 × 10^287 |
| 88 | ov_088 | 1.0195095560814503 × 10^288 |
| 87 | ov_087 | 1.577708553236149 × 10^288 |
| 86 | ov_086 | 2.3542990747716386 × 10^288 |
| 85 | ov_085 | 3.4007981887369735 × 10^288 |
| 84 | ov_084 | 4.773916941703123 × 10^288 |
| 83 | ov_083 | 6.535627134090136 × 10^288 |
| 82 | ov_082 | 8.753248671985102 × 10^288 |
| 81 | ov_081 | 1.1499560402048413 × 10^289 |
| 64 | lv_79_m31 | 1.3377877910537602 × 10^289 |
| 80 | ov_080 | 1.485293733828119 × 10^289 |
| 79 | ov_079 | 1.8897517192994008 × 10^289 |
| 78 | ov_078 | 2.372339913000017 × 10^289 |
| 77 | ov_077 | 2.9426877666858835 × 10^289 |
| 76 | ov_076 | 3.6110714666158746 × 10^289 |
| 75 | ov_075 | 4.3884452374807527 × 10^289 |
| 74 | ov_074 | 5.286477049671086 × 10^289 |
| 73 | ov_073 | 6.317589031991756 × 10^289 |
| 63 | ov_063 | 6.864291663957257 × 10^289 |
| 72 | ov_072 | 7.495002896628837 × 10^289 |
| 71 | ov_071 | 8.832790689222746 × 10^289 |
| 70 | ov_070 | 1.0345931184539849 × 10^290 |
| 69 | ov_069 | 1.205037225772232 × 10^290 |
| 68 | ov_068 | 1.396309957271196 × 10^290 |
| 67 | ov_067 | 1.61022119434861 × 10^290 |
| 66 | ov_066 | 1.610222363537566 × 10^290 |
| 65 | ov_065 | 1.6102271410138214 × 10^290 |
| 62 | ov_062 | 3.5214169741667602 × 10^290 |
| 61 | ov_061 | 1.283579187766818 × 10^291 |
| 60 | ov_060 | 3.6744342027033893 × 10^291 |
| 59 | ov_059 | 8.866559130478038 × 10^291 |
| 58 | ov_058 | 1.799648442086349 × 10^292 |
| 57 | ov_057 | 3.251827749123784 × 10^292 |
| 56 | ov_056 | 5.4203555995597 × 10^292 |
| 55 | ov_055 | 8.691314147011823 × 10^292 |
| 54 | ov_054 | 1.3514310547332007 × 10^293 |
| 53 | ov_053 | 2.040249932025525 × 10^293 |
| 52 | ov_052 | 2.9932622095387777 × 10^293 |
| 51 | ov_051 | 4.2440800427511935 × 10^293 |
| 50 | ov_050 | 5.863119255763354 × 10^293 |
| 49 | ov_049 | 7.927189278657614 × 10^293 |
| 48 | ov_048 | 1.0519519588255833 × 10^294 |
| 47 | ov_047 | 1.3729798362324118 × 10^294 |
| 32 | lv_80_m31 | 1.573694968860012 × 10^294 |
| 46 | ov_046 | 1.7654226853176326 × 10^294 |
| 45 | ov_045 | 2.2395593397111087 × 10^294 |
| 44 | ov_044 | 2.8063371389995876 × 10^294 |
| 43 | ov_043 | 3.477384597788407 × 10^294 |
| 42 | ov_042 | 4.2650274636346296 × 10^294 |
| 41 | ov_041 | 5.182308724497884 × 10^294 |
| 40 | ov_040 | 6.24301317063143 × 10^294 |
| 39 | ov_039 | 7.461697161333026 × 10^294 |
| 31 | ov_031 | 8.067255151769037 × 10^294 |
| 38 | ov_038 | 8.853724293939331 × 10^294 |
| 37 | ov_037 | 1.0427419262916089 × 10^295 |
| 36 | ov_036 | 1.2199894538786946 × 10^295 |
| 35 | ov_035 | 1.4189219967399042 × 10^295 |
| 34 | ov_034 | 1.6414490028107152 × 10^295 |
| 33 | ov_033 | 1.8895901257111297 × 10^295 |
| 30 | ov_030 | 4.1348247142732253 × 10^295 |
| 29 | ov_029 | 1.3522121475971185 × 10^296 |
| 28 | ov_028 | 3.5084251603828477 × 10^296 |
| 27 | ov_027 | 7.839084292088822 × 10^296 |
| 26 | ov_026 | 1.662832924322662 × 10^297 |
| 25 | ov_025 | 3.290073206269484 × 10^297 |
| 24 | ov_024 | 6.042131676551594 × 10^297 |
| 23 | ov_023 | 1.0369562025302465 × 10^298 |
| 22 | ov_022 | 1.679698467552045 × 10^298 |
| 21 | ov_021 | 2.5923119596015353 × 10^298 |
| 20 | ov_020 | 3.842084618407246 × 10^298 |
| 19 | ov_019 | 5.503730110344833 × 10^298 |
| 18 | ov_018 | 7.659402875249705 × 10^298 |
| 17 | ov_017 | 1.0398720721031666 × 10^299 |
| 16 | ov_016 | 1.3818798163523273 × 10^299 |
| 15 | ov_015 | 1.8024294362722447 × 10^299 |
| 14 | ov_014 | 2.312747971090259 × 10^299 |
| 13 | ov_013 | 2.924832502855298 × 10^299 |
| 12 | ov_012 | 3.6514617833889776 × 10^299 |
| 11 | ov_011 | 4.506211127118146 × 10^299 |
| 10 | ov_010 | 5.503471210017034 × 10^299 |
| 9 | ov_009 | 6.6584714664306475 × 10^299 |
| 8 | ov_008 | 7.98730882747398 × 10^299 |
| 7 | ov_007 | 9.506982597146471 × 10^299 |
| 6 | ov_006 | 1.1235436315442921 × 10^300 |
| 5 | ov_005 | 1.3191607511792585 × 10^300 |
| 4 | ov_004 | 1.5395486307368512 × 10^300 |
| 3 | ov_003 | 1.7868183881473864 × 10^300 |
| 2 | ov_002 | 2.0632011875672042 × 10^300 |
| 1 | ov_001 | 2.3710573869974083 × 10^300 |

