# Results for F001-F002-F003-F004-F005-F006-F007-F008-F009-F010-F011-F012-F013-F014-F015-F016-F017-F018-F019-F020-F021-F022-F023-F024-F025-F026-F027-F028-F029-F030-F031-F032-F033-F034-F035-F036-F037-F038-F039-F040-F041-F042-F043-F044-F045-F046-F047-F048-F049-F050-F051-F052-F053-F054-F055-F056-F057-F058-F059-F060-F061-F062-F063-F064-F065-F066-F067-F068-F069-F070-F071-F072-F073-F074-F075-F076-F077-F078-F079-F080-F081-F082-F083-F084-F085-F086-F087-F088-F089-F090-F091-F092-F093-F094-F095-F096-F097-F098-F099-F100-F101-F102-F103-F104-F105-F106-F107-F108-F109-F110-F111-F112-F113-F114-F115-F116-F117-F118-F119-F120-F121-F122-F123-F124-F125-F126-F127-F128-F129-F130-F131-F132-F133-F134-F135-F136-F137-F138-F139-F140-F141-F142-F143-F144-F145-F146-F147-F148-F149-F150-F151-F152-F153-F154-F155-F156-F157-F158-F159-F160-F161-F162-F163-F164-F165-F166-F167-F168-F169-F170-F171-F172-F173-F174-F175-F176-F177-F178-F179-F180-F181-F182-F183-F184-F185-F186-F187-F188-F189-F190-F191-F192-F193-F194-F195-F196-F197-F198-F199-F200-F201-F202-F203-F204-F205-F206-F207-F208-F209-F210-F211-F212-F213-F214-F215-F216-F217-F218-F219-F220-F221-F222-F223-F224-F225-F226-F227-F228-F229-F230-F231-F232-F233-F234-F235-F236-F237-F238-F239-F240-F241-F242-F243-F244-F245-F246-F247-F248-F249-F250-F251-F252-F253-F254-F255-F256-F257-F258-F259-F260-F261-F262-F263-F264-F265-F266-F267-F268-F269-F270-F271-F272-F273-F274-F275-F276-F277-F278-F279-F280-F281-F282-F283-F284-F285-F286-F287-F288-F289-F290-F291-F292-F293-F294-F295-F296-F297-F298-F299-F300-F301-F302-F303-F304-F305-F306-F307-F308-F309-F310-F311-F312-F313-F314-F315-F316-F317-F318-F319-F320-F321-F322-F323-F324-F325-F326-F327-F328-F329-F330-F331-F332-F333-F334-F335-F336-F337-F338-F339-F340-F341-F342-F343-F344-F345-F346-F347-F348-F349-F350-F351-F352-F353-F354-F355-F356-F357-F358-F359-F360-F361-F362-F363-F364-F365-F366-F367-F368-F369-F370-F371-F372-F373-F374-F375-F376-F377-F378-F379-F380-F381-F382-F383-F384-F385-F386-F387-F388-F389-F390-F391-F392-F393-F394-F395-F396-F397-F398-F399-F400-F401-F402-F403-F404-F405-F406-F407-F408-F409-F410-F411-F412-F413-F414-F415-F416-F417-F418-F419-F420-F421-F422-F423-F424-F425-F426-F427-F428-F429-F430-F431-F432-F433-F434-F435-F436-F437-F438-F439-F440-F441-F442-F443-F444-F445-F446-F447-F448-F449-F450-F451-F452-F453-F454-F455-F456-F457-F458-F459-F460-F461-F462-F463-F464-F465-F466-F467-F468-F469-F470-F471-F472-F473-F474-F475-F476-F477-F478-F479-F480-F481-F482-F483-F484-F485-F486-F487-F488-F489-F490-F491-F492-F493-F494-F495-F496-E500511-E504506-E507512

## Summary

Number of input bits: 512  
Number of free input bits: 13  
Number of output bits: 160

Number of direct occurrences: 53199  
Number of assignments: 32171  
Number of operations: 11406508
(xor: 11377878,
and: 14901,
or: 13729)

Total complexity: 8.312812994483141 × 10^302

Least occurring input variable: iv_502 (3907)  
Most occurring input variable: iv_507 (4349)

Most co-occurring input variables: iv_499-iv_510 (2044)  
Least co-occurring input variables: iv_498-iv_502 (1776)

Potentially most occurring input variable: iv_504/iv_507 (4595)  
Potentially least occurring input variable: iv_499/iv_508 (4106)

Least output occurring input variable: iv_508 (70)  
Most output occurring input variable: iv_497 (93)

Most output co-occurring input variables: iv_497-iv_502 (52)  
Least output co-occurring input variables: iv_504-iv_507 (28)

Potentially most output occurring input variable: iv_500/iv_502 (94)  
Potentially least output occurring input variable: iv_498/iv_507 (68)

Least complex input bit: iv_497 (5.860374982883473 × 10^299)  
Most complex input bit: iv_510 (2.039759867386919 × 10^302)

Least complex output bit: aaa_76_29 (1.3370956247944093 × 10^278)  
Most complex output bit: ov_001 (1.2933415153229606 × 10^302)

Least complex input/output complexity: iv_497/aaa_76_29 (9.426269728993588 × 10^274)  
Most complex input/output complexity: iv_510/ov_001 (3.173542000201323 × 10^301)

## Input Bits

### Input Bits in Regular Order

| Input Bit | Complexity | Occurrences | Output Occurrences |
|:---------:|:----------:|:-----------:|:------------------:|
| iv_497 | 5.860374982883473 × 10^299 | 4158 | 93 |
| iv_498 | 1.1821633107855127 × 10^300 | 3967 | 88 |
| iv_499 | 2.104770831885506 × 10^300 | 4134 | 81 |
| iv_500 | 6.397186169851991 × 10^301 | 4196 | 80 |
| iv_501 | 6.078884734132697 × 10^300 | 4119 | 83 |
| iv_502 | 9.880542310594085 × 10^300 | 3907 | 82 |
| iv_503 | 1.5589561006478571 × 10^301 | 4060 | 74 |
| iv_504 | 7.793786801326791 × 10^301 | 4158 | 76 |
| iv_505 | 3.6293425920337716 × 10^301 | 3947 | 79 |
| iv_507 | 1.485722344650938 × 10^302 | 4349 | 72 |
| iv_508 | 1.1180570970213614 × 10^302 | 4024 | 70 |
| iv_509 | 1.5330225321810238 × 10^302 | 4026 | 78 |
| iv_510 | 2.039759867386919 × 10^302 | 4154 | 79 |

### Input Bits Sorted by Complexity

| Input Bit | Complexity | Occurrences | Output Occurrences |
|:---------:|:----------:|:-----------:|:------------------:|
| iv_497 | 5.860374982883473 × 10^299 | 4158 | 93 |
| iv_498 | 1.1821633107855127 × 10^300 | 3967 | 88 |
| iv_499 | 2.104770831885506 × 10^300 | 4134 | 81 |
| iv_501 | 6.078884734132697 × 10^300 | 4119 | 83 |
| iv_502 | 9.880542310594085 × 10^300 | 3907 | 82 |
| iv_503 | 1.5589561006478571 × 10^301 | 4060 | 74 |
| iv_505 | 3.6293425920337716 × 10^301 | 3947 | 79 |
| iv_500 | 6.397186169851991 × 10^301 | 4196 | 80 |
| iv_504 | 7.793786801326791 × 10^301 | 4158 | 76 |
| iv_508 | 1.1180570970213614 × 10^302 | 4024 | 70 |
| iv_507 | 1.485722344650938 × 10^302 | 4349 | 72 |
| iv_509 | 1.5330225321810238 × 10^302 | 4026 | 78 |
| iv_510 | 2.039759867386919 × 10^302 | 4154 | 79 |

### Input Bits Sorted by Occurrences

| Input Bit | Complexity | Occurrences | Output Occurrences |
|:---------:|:----------:|:-----------:|:------------------:|
| iv_502 | 9.880542310594085 × 10^300 | 3907 | 82 |
| iv_505 | 3.6293425920337716 × 10^301 | 3947 | 79 |
| iv_498 | 1.1821633107855127 × 10^300 | 3967 | 88 |
| iv_508 | 1.1180570970213614 × 10^302 | 4024 | 70 |
| iv_509 | 1.5330225321810238 × 10^302 | 4026 | 78 |
| iv_503 | 1.5589561006478571 × 10^301 | 4060 | 74 |
| iv_501 | 6.078884734132697 × 10^300 | 4119 | 83 |
| iv_499 | 2.104770831885506 × 10^300 | 4134 | 81 |
| iv_510 | 2.039759867386919 × 10^302 | 4154 | 79 |
| iv_504 | 7.793786801326791 × 10^301 | 4158 | 76 |
| iv_497 | 5.860374982883473 × 10^299 | 4158 | 93 |
| iv_500 | 6.397186169851991 × 10^301 | 4196 | 80 |
| iv_507 | 1.485722344650938 × 10^302 | 4349 | 72 |

### Input Bits Sorted by Output Occurrences

| Input Bit | Complexity | Occurrences | Output Occurrences |
|:---------:|:----------:|:-----------:|:------------------:|
| iv_508 | 1.1180570970213614 × 10^302 | 4024 | 70 |
| iv_507 | 1.485722344650938 × 10^302 | 4349 | 72 |
| iv_503 | 1.5589561006478571 × 10^301 | 4060 | 74 |
| iv_504 | 7.793786801326791 × 10^301 | 4158 | 76 |
| iv_509 | 1.5330225321810238 × 10^302 | 4026 | 78 |
| iv_505 | 3.6293425920337716 × 10^301 | 3947 | 79 |
| iv_510 | 2.039759867386919 × 10^302 | 4154 | 79 |
| iv_500 | 6.397186169851991 × 10^301 | 4196 | 80 |
| iv_499 | 2.104770831885506 × 10^300 | 4134 | 81 |
| iv_502 | 9.880542310594085 × 10^300 | 3907 | 82 |
| iv_501 | 6.078884734132697 × 10^300 | 4119 | 83 |
| iv_498 | 1.1821633107855127 × 10^300 | 3967 | 88 |
| iv_497 | 5.860374982883473 × 10^299 | 4158 | 93 |

## Input Bit Co-occurrences

### Input Bit Co-occurrences Sorted by Co-occurrences

| Input Bits | Co-occurrences | Potential Occurrences | Output Co-occurrences | Potential Output Occurrences |
|:----------:|:--------------:|:---------------------:|:---------------------:|:----------------------------:|
| iv_499-iv_510 | 2044 | 4200 | 43 | 74 |
| iv_499-iv_508 | 2026 | 4106 | 38 | 75 |
| iv_499-iv_507 | 2025 | 4433 | 37 | 79 |
| iv_497-iv_501 | 2018 | 4241 | 48 | 80 |
| iv_501-iv_507 | 2016 | 4436 | 36 | 83 |
| iv_499-iv_504 | 2016 | 4260 | 33 | 91 |
| iv_497-iv_503 | 2006 | 4206 | 38 | 91 |
| iv_497-iv_499 | 2005 | 4282 | 43 | 88 |
| iv_499-iv_500 | 2002 | 4326 | 41 | 79 |
| iv_507-iv_510 | 1996 | 4511 | 33 | 85 |
| iv_497-iv_507 | 1996 | 4515 | 44 | 77 |
| iv_504-iv_510 | 1992 | 4328 | 40 | 75 |
| iv_499-iv_501 | 1991 | 4271 | 43 | 78 |

### Input Bit Co-occurrences Sorted by Potential Occurrences

| Input Bits | Co-occurrences | Potential Occurrences | Output Co-occurrences | Potential Output Occurrences |
|:----------:|:--------------:|:---------------------:|:---------------------:|:----------------------------:|
| iv_499-iv_508 | 2026 | 4106 | 38 | 75 |
| iv_499-iv_502 | 1934 | 4173 | 41 | 81 |
| iv_501-iv_505 | 1945 | 4176 | 45 | 72 |
| iv_502-iv_505 | 1839 | 4176 | 36 | 89 |
| iv_508-iv_509 | 1934 | 4182 | 35 | 78 |
| iv_499-iv_509 | 1986 | 4188 | 41 | 77 |
| iv_498-iv_508 | 1897 | 4197 | 37 | 84 |
| iv_499-iv_510 | 2044 | 4200 | 43 | 74 |
| iv_497-iv_503 | 2006 | 4206 | 38 | 91 |
| iv_498-iv_510 | 1953 | 4215 | 48 | 71 |
| iv_498-iv_503 | 1902 | 4223 | 43 | 76 |
| iv_503-iv_505 | 1890 | 4227 | 40 | 73 |
| iv_497-iv_501 | 2018 | 4241 | 48 | 80 |

### Input Bit Output Co-occurrences Sorted by Output Co-occurrences

| Input Bits | Co-occurrences | Potential Occurrences | Output Co-occurrences | Potential Output Occurrences |
|:----------:|:--------------:|:---------------------:|:---------------------:|:----------------------------:|
| iv_497-iv_502 | 1910 | 4245 | 52 | 71 |
| iv_497-iv_498 | 1903 | 4319 | 50 | 81 |
| iv_498-iv_501 | 1887 | 4312 | 48 | 75 |
| iv_498-iv_510 | 1953 | 4215 | 48 | 71 |
| iv_497-iv_501 | 2018 | 4241 | 48 | 80 |
| iv_497-iv_500 | 1952 | 4450 | 48 | 77 |
| iv_497-iv_510 | 1949 | 4414 | 48 | 76 |
| iv_497-iv_509 | 1941 | 4302 | 48 | 75 |
| iv_497-iv_505 | 1916 | 4273 | 47 | 78 |
| iv_498-iv_502 | 1776 | 4322 | 46 | 78 |
| iv_498-iv_507 | 1925 | 4466 | 46 | 68 |
| iv_501-iv_505 | 1945 | 4176 | 45 | 72 |
| iv_497-iv_507 | 1996 | 4515 | 44 | 77 |

### Input Bit Output Co-occurrences Sorted by Potential Output Occurrences

| Input Bits | Co-occurrences | Potential Occurrences | Output Co-occurrences | Potential Output Occurrences |
|:----------:|:--------------:|:---------------------:|:---------------------:|:----------------------------:|
| iv_498-iv_507 | 1925 | 4466 | 46 | 68 |
| iv_500-iv_508 | 1930 | 4360 | 40 | 70 |
| iv_498-iv_510 | 1953 | 4215 | 48 | 71 |
| iv_497-iv_502 | 1910 | 4245 | 52 | 71 |
| iv_501-iv_505 | 1945 | 4176 | 45 | 72 |
| iv_501-iv_503 | 1963 | 4253 | 42 | 73 |
| iv_503-iv_505 | 1890 | 4227 | 40 | 73 |
| iv_500-iv_510 | 1985 | 4380 | 43 | 73 |
| iv_499-iv_510 | 2044 | 4200 | 43 | 74 |
| iv_500-iv_509 | 1919 | 4384 | 42 | 74 |
| iv_501-iv_508 | 1942 | 4259 | 39 | 75 |
| iv_501-iv_509 | 1925 | 4295 | 43 | 75 |
| iv_498-iv_501 | 1887 | 4312 | 48 | 75 |

## Output Bits

### Output Bits in Regular Order

| Rank | Output Bit | Complexity |
|:----:|:----------:|:----------:|
| 1 | ov_001 | 1.2933415153229606 × 10^302 |
| 2 | ov_002 | 1.1261026205037875 × 10^302 |
| 3 | ov_003 | 9.759141982018088 × 10^301 |
| 4 | ov_004 | 8.41497663264339 × 10^301 |
| 5 | ov_005 | 7.216447123808262 × 10^301 |
| 6 | ov_006 | 6.15212375332053 × 10^301 |
| 7 | ov_007 | 5.211187035718252 × 10^301 |
| 8 | ov_008 | 4.3833903793622437 × 10^301 |
| 9 | ov_009 | 3.6590280040000324 × 10^301 |
| 10 | ov_010 | 3.0289075780994856 × 10^301 |
| 11 | ov_011 | 2.484327084411013 × 10^301 |
| 12 | ov_012 | 2.017055450612059 × 10^301 |
| 13 | ov_013 | 1.619316509668311 × 10^301 |
| 14 | ov_014 | 1.2837758818429755 × 10^301 |
| 15 | ov_015 | 1.0035303972087016 × 10^301 |
| 16 | ov_016 | 7.720997041578632 × 10^300 |
| 17 | ov_017 | 5.8341973584103156 × 10^300 |
| 18 | ov_018 | 4.318377327504782 × 10^300 |
| 19 | ov_019 | 3.1210854585205194 × 10^300 |
| 20 | ov_020 | 2.1939197078963565 × 10^300 |
| 21 | ov_021 | 1.492508897664202 × 10^300 |
| 22 | ov_022 | 9.765002376305302 × 10^299 |
| 23 | ov_023 | 6.095512379477811 × 10^299 |
| 24 | ov_024 | 3.5932461769378035 × 10^299 |
| 25 | ov_025 | 1.9748523387084384 × 10^299 |
| 26 | ov_026 | 9.9698398400929 × 10^298 |
| 27 | ov_027 | 4.562908583925268 × 10^298 |
| 28 | ov_028 | 1.8941620792064312 × 10^298 |
| 29 | ov_029 | 7.299577237713847 × 10^297 |
| 30 | ov_030 | 2.231748625503841 × 10^297 |
| 31 | ov_031 | 4.35334303699999 × 10^296 |
| 32 | lv_80_m31 | 8.490090521756477 × 10^295 |
| 33 | ov_033 | 1.0266513624043928 × 10^297 |
| 34 | ov_034 | 8.926466041470691 × 10^296 |
| 35 | ov_035 | 7.72418849157591 × 10^296 |
| 36 | ov_036 | 6.649301698601616 × 10^296 |
| 37 | ov_037 | 5.691994870536049 × 10^296 |
| 38 | ov_038 | 4.8429858183013225 × 10^296 |
| 39 | ov_039 | 4.0934862576287786 × 10^296 |
| 40 | ov_040 | 3.4351718054543093 × 10^296 |
| 41 | ov_041 | 2.8601562124283437 × 10^296 |
| 42 | ov_042 | 2.360969401354635 × 10^296 |
| 43 | ov_043 | 1.9305389082329815 × 10^296 |
| 44 | ov_044 | 1.5621743482556164 × 10^296 |
| 45 | ov_045 | 1.2495545537553103 × 10^296 |
| 46 | ov_046 | 9.867170548734599 × 10^295 |
| 47 | ov_047 | 7.680495967448004 × 10^295 |
| 48 | ov_048 | 5.88283409406374 × 10^295 |
| 49 | ov_049 | 4.424879685446335 × 10^295 |
| 50 | ov_050 | 3.2606700669697263 × 10^295 |
| 51 | ov_051 | 2.3475555571163224 × 10^295 |
| 52 | ov_052 | 1.6461782222023057 × 10^295 |
| 53 | ov_053 | 1.1204571865570197 × 10^295 |
| 54 | ov_054 | 7.375789300908497 × 10^294 |
| 55 | ov_055 | 4.679912110362962 × 10^294 |
| 56 | ov_056 | 2.8539945705165597 × 10^294 |
| 57 | ov_057 | 1.667647068922305 × 10^294 |
| 58 | ov_058 | 9.230247864106898 × 10^293 |
| 59 | ov_059 | 4.548219498392419 × 10^293 |
| 60 | ov_060 | 1.885199787594046 × 10^293 |
| 61 | ov_061 | 6.586823343768397 × 10^292 |
| 62 | ov_062 | 1.8074264813170557 × 10^292 |
| 63 | ov_063 | 3.524014655326421 × 10^291 |
| 64 | lv_79_m31 | 6.869581285949456 × 10^290 |
| 65 | ov_065 | 8.302252494333666 × 10^291 |
| 66 | ov_066 | 8.302228317024571 × 10^291 |
| 67 | ov_067 | 8.302222400315594 × 10^291 |
| 68 | ov_068 | 7.207800897481495 × 10^291 |
| 69 | ov_069 | 6.228431228085503 × 10^291 |
| 70 | ov_070 | 5.3549536069343845 × 10^291 |
| 71 | ov_071 | 4.5787714682297874 × 10^291 |
| 72 | ov_072 | 3.891813338854768 × 10^291 |
| 73 | ov_073 | 3.286498090855634 × 10^291 |
| 74 | ov_074 | 2.7557033922950733 × 10^291 |
| 75 | ov_075 | 2.2927371828721206 × 10^291 |
| 76 | ov_076 | 1.8913120066964293 × 10^291 |
| 77 | ov_077 | 1.545522039517433 × 10^291 |
| 78 | ov_078 | 1.2498226516823886 × 10^291 |
| 79 | ov_079 | 9.99012351260393 × 10^290 |
| 80 | ov_080 | 7.882169542420571 × 10^290 |
| 81 | ov_081 | 6.128758306167631 × 10^290 |
| 82 | ov_082 | 4.68730076542018 × 10^290 |
| 83 | ov_083 | 3.5181246384344284 × 10^290 |
| 84 | ov_084 | 2.584390188010427 × 10^290 |
| 85 | ov_085 | 1.852020826596859 × 10^290 |
| 86 | ov_086 | 1.289647066117785 × 10^290 |
| 87 | ov_087 | 8.685623419068742 × 10^289 |
| 88 | ov_088 | 5.626892412596508 × 10^289 |
| 89 | ov_089 | 3.485546677501372 × 10^289 |
| 90 | ov_090 | 2.052724727934306 × 10^289 |
| 91 | ov_091 | 1.1453208609650493 × 10^289 |
| 92 | ov_092 | 6.059168900073866 × 10^288 |
| 93 | ov_093 | 3.027454722729876 × 10^288 |
| 94 | ov_094 | 1.2967307458501805 × 10^288 |
| 95 | aaa_78_28 | 4.004014718176692 × 10^287 |
| 96 | aaa_78_29 | 1.2295744801798979 × 10^287 |
| 97 | ov_097 | 8.115283227073494 × 10^286 |
| 98 | ov_098 | 8.115039268491256 × 10^286 |
| 99 | ov_099 | 8.114961248657547 × 10^286 |
| 100 | ov_100 | 7.300814700483562 × 10^286 |
| 101 | ov_101 | 6.547086429186576 × 10^286 |
| 102 | ov_102 | 5.850419924285587 × 10^286 |
| 103 | ov_103 | 5.20770171034729 × 10^286 |
| 104 | ov_104 | 4.616030811995505 × 10^286 |
| 105 | ov_105 | 4.072690940553441 × 10^286 |
| 106 | ov_106 | 3.575125257818336 × 10^286 |
| 107 | ov_107 | 3.1209135781571288 × 10^286 |
| 108 | ov_108 | 2.707751874803041 × 10^286 |
| 109 | ov_109 | 2.333433960052727 × 10^286 |
| 110 | ov_110 | 1.995835212123668 × 10^286 |
| 111 | ov_111 | 1.6928982238387577 × 10^286 |
| 112 | ov_112 | 1.4226202501588372 × 10^286 |
| 113 | ov_113 | 1.1830423329754797 × 10^286 |
| 114 | ov_114 | 9.722399825890197 × 10^285 |
| 115 | ov_115 | 7.883152960061204 × 10^285 |
| 116 | ov_116 | 6.2939039266467 × 10^285 |
| 117 | ov_117 | 4.936020484912143 × 10^285 |
| 118 | ov_118 | 3.7909740936927074 × 10^285 |
| 119 | ov_119 | 2.8403066518937624 × 10^285 |
| 120 | ov_120 | 2.065605656976846 × 10^285 |
| 121 | ov_121 | 1.448486593821753 × 10^285 |
| 122 | ov_122 | 9.705813664644412 × 10^284 |
| 123 | ov_123 | 6.135312009852029 × 10^284 |
| 124 | ov_124 | 3.589822119922888 × 10^284 |
| 125 | ov_125 | 1.8858265205546475 × 10^284 |
| 126 | ov_126 | 8.398150640223992 × 10^283 |
| 127 | aaa_77_28 | 2.682795251301299 × 10^283 |
| 128 | aaa_77_29 | 1.0063760984552303 × 10^283 |
| 129 | ov_129 | 9.445762442406661 × 10^282 |
| 130 | ov_130 | 9.445736363356548 × 10^282 |
| 131 | ov_131 | 9.445730046413562 × 10^282 |
| 132 | ov_132 | 8.216936660038489 × 10^282 |
| 133 | ov_133 | 7.113949226448377 × 10^282 |
| 134 | ov_134 | 6.127324005947738 × 10^282 |
| 135 | ov_135 | 5.2481348578862906 × 10^282 |
| 136 | ov_136 | 4.4679365207441626 × 10^282 |
| 137 | ov_137 | 3.7787326701246665 × 10^282 |
| 138 | ov_138 | 3.1729483183382993 × 10^282 |
| 139 | ov_139 | 2.643406142172138 × 10^282 |
| 140 | ov_140 | 2.1833063475655564 × 10^282 |
| 141 | ov_141 | 1.7862097014088172 × 10^282 |
| 142 | ov_142 | 1.446023381677545 × 10^282 |
| 143 | ov_143 | 1.1569893177258908 × 10^282 |
| 144 | ov_144 | 9.136747128791039 × 10^281 |
| 145 | ov_145 | 7.109644615703665 × 10^281 |
| 146 | ov_146 | 5.4405519322016704 × 10^281 |
| 147 | ov_147 | 4.084506949084608 × 10^281 |
| 148 | ov_148 | 2.999584846772689 × 10^281 |
| 149 | ov_149 | 2.146873270501095 × 10^281 |
| 150 | ov_150 | 1.4904550208138037 × 10^281 |
| 151 | ov_151 | 9.973965896310212 × 10^280 |
| 152 | ov_152 | 6.377410492345208 × 10^280 |
| 153 | ov_153 | 3.845039985415804 × 10^280 |
| 154 | ov_154 | 2.1367146803922393 × 10^280 |
| 155 | ov_155 | 1.0419891022918795 × 10^280 |
| 156 | aaa_76_25 | 3.801072844534499 × 10^279 |
| 157 | aaa_76_26 | 2.197160483321676 × 10^279 |
| 158 | aaa_76_27 | 1.1259510917401116 × 10^279 |
| 159 | aaa_76_28 | 4.390183574264199 × 10^278 |
| 160 | aaa_76_29 | 1.3370956247944093 × 10^278 |

### Output Bits Sorted by Complexity

| Rank | Output Bit | Complexity |
|:----:|:----------:|:----------:|
| 160 | aaa_76_29 | 1.3370956247944093 × 10^278 |
| 159 | aaa_76_28 | 4.390183574264199 × 10^278 |
| 158 | aaa_76_27 | 1.1259510917401116 × 10^279 |
| 157 | aaa_76_26 | 2.197160483321676 × 10^279 |
| 156 | aaa_76_25 | 3.801072844534499 × 10^279 |
| 155 | ov_155 | 1.0419891022918795 × 10^280 |
| 154 | ov_154 | 2.1367146803922393 × 10^280 |
| 153 | ov_153 | 3.845039985415804 × 10^280 |
| 152 | ov_152 | 6.377410492345208 × 10^280 |
| 151 | ov_151 | 9.973965896310212 × 10^280 |
| 150 | ov_150 | 1.4904550208138037 × 10^281 |
| 149 | ov_149 | 2.146873270501095 × 10^281 |
| 148 | ov_148 | 2.999584846772689 × 10^281 |
| 147 | ov_147 | 4.084506949084608 × 10^281 |
| 146 | ov_146 | 5.4405519322016704 × 10^281 |
| 145 | ov_145 | 7.109644615703665 × 10^281 |
| 144 | ov_144 | 9.136747128791039 × 10^281 |
| 143 | ov_143 | 1.1569893177258908 × 10^282 |
| 142 | ov_142 | 1.446023381677545 × 10^282 |
| 141 | ov_141 | 1.7862097014088172 × 10^282 |
| 140 | ov_140 | 2.1833063475655564 × 10^282 |
| 139 | ov_139 | 2.643406142172138 × 10^282 |
| 138 | ov_138 | 3.1729483183382993 × 10^282 |
| 137 | ov_137 | 3.7787326701246665 × 10^282 |
| 136 | ov_136 | 4.4679365207441626 × 10^282 |
| 135 | ov_135 | 5.2481348578862906 × 10^282 |
| 134 | ov_134 | 6.127324005947738 × 10^282 |
| 133 | ov_133 | 7.113949226448377 × 10^282 |
| 132 | ov_132 | 8.216936660038489 × 10^282 |
| 131 | ov_131 | 9.445730046413562 × 10^282 |
| 130 | ov_130 | 9.445736363356548 × 10^282 |
| 129 | ov_129 | 9.445762442406661 × 10^282 |
| 128 | aaa_77_29 | 1.0063760984552303 × 10^283 |
| 127 | aaa_77_28 | 2.682795251301299 × 10^283 |
| 126 | ov_126 | 8.398150640223992 × 10^283 |
| 125 | ov_125 | 1.8858265205546475 × 10^284 |
| 124 | ov_124 | 3.589822119922888 × 10^284 |
| 123 | ov_123 | 6.135312009852029 × 10^284 |
| 122 | ov_122 | 9.705813664644412 × 10^284 |
| 121 | ov_121 | 1.448486593821753 × 10^285 |
| 120 | ov_120 | 2.065605656976846 × 10^285 |
| 119 | ov_119 | 2.8403066518937624 × 10^285 |
| 118 | ov_118 | 3.7909740936927074 × 10^285 |
| 117 | ov_117 | 4.936020484912143 × 10^285 |
| 116 | ov_116 | 6.2939039266467 × 10^285 |
| 115 | ov_115 | 7.883152960061204 × 10^285 |
| 114 | ov_114 | 9.722399825890197 × 10^285 |
| 113 | ov_113 | 1.1830423329754797 × 10^286 |
| 112 | ov_112 | 1.4226202501588372 × 10^286 |
| 111 | ov_111 | 1.6928982238387577 × 10^286 |
| 110 | ov_110 | 1.995835212123668 × 10^286 |
| 109 | ov_109 | 2.333433960052727 × 10^286 |
| 108 | ov_108 | 2.707751874803041 × 10^286 |
| 107 | ov_107 | 3.1209135781571288 × 10^286 |
| 106 | ov_106 | 3.575125257818336 × 10^286 |
| 105 | ov_105 | 4.072690940553441 × 10^286 |
| 104 | ov_104 | 4.616030811995505 × 10^286 |
| 103 | ov_103 | 5.20770171034729 × 10^286 |
| 102 | ov_102 | 5.850419924285587 × 10^286 |
| 101 | ov_101 | 6.547086429186576 × 10^286 |
| 100 | ov_100 | 7.300814700483562 × 10^286 |
| 99 | ov_099 | 8.114961248657547 × 10^286 |
| 98 | ov_098 | 8.115039268491256 × 10^286 |
| 97 | ov_097 | 8.115283227073494 × 10^286 |
| 96 | aaa_78_29 | 1.2295744801798979 × 10^287 |
| 95 | aaa_78_28 | 4.004014718176692 × 10^287 |
| 94 | ov_094 | 1.2967307458501805 × 10^288 |
| 93 | ov_093 | 3.027454722729876 × 10^288 |
| 92 | ov_092 | 6.059168900073866 × 10^288 |
| 91 | ov_091 | 1.1453208609650493 × 10^289 |
| 90 | ov_090 | 2.052724727934306 × 10^289 |
| 89 | ov_089 | 3.485546677501372 × 10^289 |
| 88 | ov_088 | 5.626892412596508 × 10^289 |
| 87 | ov_087 | 8.685623419068742 × 10^289 |
| 86 | ov_086 | 1.289647066117785 × 10^290 |
| 85 | ov_085 | 1.852020826596859 × 10^290 |
| 84 | ov_084 | 2.584390188010427 × 10^290 |
| 83 | ov_083 | 3.5181246384344284 × 10^290 |
| 82 | ov_082 | 4.68730076542018 × 10^290 |
| 81 | ov_081 | 6.128758306167631 × 10^290 |
| 64 | lv_79_m31 | 6.869581285949456 × 10^290 |
| 80 | ov_080 | 7.882169542420571 × 10^290 |
| 79 | ov_079 | 9.99012351260393 × 10^290 |
| 78 | ov_078 | 1.2498226516823886 × 10^291 |
| 77 | ov_077 | 1.545522039517433 × 10^291 |
| 76 | ov_076 | 1.8913120066964293 × 10^291 |
| 75 | ov_075 | 2.2927371828721206 × 10^291 |
| 74 | ov_074 | 2.7557033922950733 × 10^291 |
| 73 | ov_073 | 3.286498090855634 × 10^291 |
| 63 | ov_063 | 3.524014655326421 × 10^291 |
| 72 | ov_072 | 3.891813338854768 × 10^291 |
| 71 | ov_071 | 4.5787714682297874 × 10^291 |
| 70 | ov_070 | 5.3549536069343845 × 10^291 |
| 69 | ov_069 | 6.228431228085503 × 10^291 |
| 68 | ov_068 | 7.207800897481495 × 10^291 |
| 67 | ov_067 | 8.302222400315594 × 10^291 |
| 66 | ov_066 | 8.302228317024571 × 10^291 |
| 65 | ov_065 | 8.302252494333666 × 10^291 |
| 62 | ov_062 | 1.8074264813170557 × 10^292 |
| 61 | ov_061 | 6.586823343768397 × 10^292 |
| 60 | ov_060 | 1.885199787594046 × 10^293 |
| 59 | ov_059 | 4.548219498392419 × 10^293 |
| 58 | ov_058 | 9.230247864106898 × 10^293 |
| 57 | ov_057 | 1.667647068922305 × 10^294 |
| 56 | ov_056 | 2.8539945705165597 × 10^294 |
| 55 | ov_055 | 4.679912110362962 × 10^294 |
| 54 | ov_054 | 7.375789300908497 × 10^294 |
| 53 | ov_053 | 1.1204571865570197 × 10^295 |
| 52 | ov_052 | 1.6461782222023057 × 10^295 |
| 51 | ov_051 | 2.3475555571163224 × 10^295 |
| 50 | ov_050 | 3.2606700669697263 × 10^295 |
| 49 | ov_049 | 4.424879685446335 × 10^295 |
| 48 | ov_048 | 5.88283409406374 × 10^295 |
| 47 | ov_047 | 7.680495967448004 × 10^295 |
| 32 | lv_80_m31 | 8.490090521756477 × 10^295 |
| 46 | ov_046 | 9.867170548734599 × 10^295 |
| 45 | ov_045 | 1.2495545537553103 × 10^296 |
| 44 | ov_044 | 1.5621743482556164 × 10^296 |
| 43 | ov_043 | 1.9305389082329815 × 10^296 |
| 42 | ov_042 | 2.360969401354635 × 10^296 |
| 41 | ov_041 | 2.8601562124283437 × 10^296 |
| 40 | ov_040 | 3.4351718054543093 × 10^296 |
| 39 | ov_039 | 4.0934862576287786 × 10^296 |
| 31 | ov_031 | 4.35334303699999 × 10^296 |
| 38 | ov_038 | 4.8429858183013225 × 10^296 |
| 37 | ov_037 | 5.691994870536049 × 10^296 |
| 36 | ov_036 | 6.649301698601616 × 10^296 |
| 35 | ov_035 | 7.72418849157591 × 10^296 |
| 34 | ov_034 | 8.926466041470691 × 10^296 |
| 33 | ov_033 | 1.0266513624043928 × 10^297 |
| 30 | ov_030 | 2.231748625503841 × 10^297 |
| 29 | ov_029 | 7.299577237713847 × 10^297 |
| 28 | ov_028 | 1.8941620792064312 × 10^298 |
| 27 | ov_027 | 4.562908583925268 × 10^298 |
| 26 | ov_026 | 9.9698398400929 × 10^298 |
| 25 | ov_025 | 1.9748523387084384 × 10^299 |
| 24 | ov_024 | 3.5932461769378035 × 10^299 |
| 23 | ov_023 | 6.095512379477811 × 10^299 |
| 22 | ov_022 | 9.765002376305302 × 10^299 |
| 21 | ov_021 | 1.492508897664202 × 10^300 |
| 20 | ov_020 | 2.1939197078963565 × 10^300 |
| 19 | ov_019 | 3.1210854585205194 × 10^300 |
| 18 | ov_018 | 4.318377327504782 × 10^300 |
| 17 | ov_017 | 5.8341973584103156 × 10^300 |
| 16 | ov_016 | 7.720997041578632 × 10^300 |
| 15 | ov_015 | 1.0035303972087016 × 10^301 |
| 14 | ov_014 | 1.2837758818429755 × 10^301 |
| 13 | ov_013 | 1.619316509668311 × 10^301 |
| 12 | ov_012 | 2.017055450612059 × 10^301 |
| 11 | ov_011 | 2.484327084411013 × 10^301 |
| 10 | ov_010 | 3.0289075780994856 × 10^301 |
| 9 | ov_009 | 3.6590280040000324 × 10^301 |
| 8 | ov_008 | 4.3833903793622437 × 10^301 |
| 7 | ov_007 | 5.211187035718252 × 10^301 |
| 6 | ov_006 | 6.15212375332053 × 10^301 |
| 5 | ov_005 | 7.216447123808262 × 10^301 |
| 4 | ov_004 | 8.41497663264339 × 10^301 |
| 3 | ov_003 | 9.759141982018088 × 10^301 |
| 2 | ov_002 | 1.1261026205037875 × 10^302 |
| 1 | ov_001 | 1.2933415153229606 × 10^302 |

