# Results for F001-F002-F003-F004-F005-F006-F007-F008-F009-F010-F011-F012-F013-F014-F015-F016-F017-F018-F019-F020-F021-F022-F023-F024-F025-F026-F027-F028-F029-F030-F031-F032-F033-F034-F035-F036-F037-F038-F039-F040-F041-F042-F043-F044-F045-F046-F047-F048-F049-F050-F051-F052-F053-F054-F055-F056-F057-F058-F059-F060-F061-F062-F063-F064-F065-F066-F067-F068-F069-F070-F071-F072-F073-F074-F075-F076-F077-F078-F079-F080-F081-F082-F083-F084-F085-F086-F087-F088-F089-F090-F091-F092-F093-F094-F095-F096-F097-F098-F099-F100-F101-F102-F103-F104-F105-F106-F107-F108-F109-F110-F111-F112-F113-F114-F115-F116-F117-F118-F119-F120-F121-F122-F123-F124-F125-F126-F127-F128-F129-F130-F131-F132-F133-F134-F135-F136-F137-F138-F139-F140-F141-F142-F143-F144-F145-F146-F147-F148-F149-F150-F151-F152-F153-F154-F155-F156-F157-F158-F159-F160-F161-F162-F163-F164-F165-F166-F167-F168-F169-F170-F171-F172-F173-F174-F175-F176-F177-F178-F179-F180-F181-F182-F183-F184-F185-F186-F187-F188-F189-F190-F191-F192-F193-F194-F195-F196-F197-F198-F199-F200-F201-F202-F203-F204-F205-F206-F207-F208-F209-F210-F211-F212-F213-F214-F215-F216-F217-F218-F219-F220-F221-F222-F223-F224-F225-F226-F227-F228-F229-F230-F231-F232-F233-F234-F235-F236-F237-F238-F239-F240-F241-F242-F243-F244-F245-F246-F247-F248-F249-F250-F251-F252-F253-F254-F255-F256-F257-F258-F259-F260-F261-F262-F263-F264-F265-F266-F267-F268-F269-F270-F271-F272-F273-F274-F275-F276-F277-F278-F279-F280-F281-F282-F283-F284-F285-F286-F287-F288-F289-F290-F291-F292-F293-F294-F295-F296-F297-F298-F299-F300-F301-F302-F303-F304-F305-F306-F307-F308-F309-F310-F311-F312-F313-F314-F315-F316-F317-F318-F319-F320-F321-F322-F323-F324-F325-F326-F327-F328-F329-F330-F331-F332-F333-F334-F335-F336-F337-F338-F339-F340-F341-F342-F343-F344-F345-F346-F347-F348-F349-F350-F351-F352-F353-F354-F355-F356-F357-F358-F359-F360-F361-F362-F363-F364-F365-F366-F367-F368-F369-F370-F371-F372-F373-F374-F375-F376-F377-F378-F379-F380-F381-F382-F383-F384-F385-F386-F387-F388-F389-F390-F391-F392-F393-F394-F395-F396-F397-F398-F399-F400-F401-F402-F403-F404-F405-F406-F407-F408-F409-F410-F411-F412-F413-F414-F415-F416-F417-F418-F419-F420-F421-F422-F423-F424-F425-F426-F427-F428-F429-F430-F431-F432-F433-F434-F435-F436-F437-F438-F439-F440-F441-F442-F443-F444-F445-F446-F447-F448-F449-F450-F451-F452-F453-F454-F455-F456-F457-F458-F459-F460-F461-F462-F463-F464-F465-F466-F467-F468-F469-F470-F471-F472-F473-F474-F475-F476-F477-F478-F479-F480-F481-F482-F483-F484-F485-F486-F487-F488-F489-F490-F491-F492-F493-F494-F495-F496-F510-F511-F512

## Summary

Number of input bits: 512  
Number of free input bits: 13  
Number of output bits: 160

Number of direct occurrences: 52333  
Number of assignments: 31377  
Number of operations: 10955705
(xor: 10927538,
and: 14757,
or: 13410)

Total complexity: 1.125355877871411 × 10^299

Least occurring input variable: iv_502 (3858)  
Most occurring input variable: iv_509 (4210)

Most co-occurring input variables: iv_508-iv_509 (2057)  
Least co-occurring input variables: iv_498-iv_502 (1748)

Potentially most occurring input variable: iv_500/iv_509 (4486)  
Potentially least occurring input variable: iv_504/iv_505 (3987)

Least output occurring input variable: iv_505 (72)  
Most output occurring input variable: iv_497 (93)

Most output co-occurring input variables: iv_497-iv_502 (52)  
Least output co-occurring input variables: iv_505-iv_507 (31)

Potentially most output occurring input variable: iv_503/iv_509 (98)  
Potentially least output occurring input variable: iv_499/iv_505 (57)

Least complex input bit: iv_497 (3.2178864663362334 × 10^296)  
Most complex input bit: iv_505 (1.913135121225673 × 10^298)

Least complex output bit: aaa_76_29 (2.2668681157885007 × 10^274)  
Most complex output bit: ov_001 (1.7848253642485776 × 10^298)

Least complex input/output complexity: iv_497/aaa_76_29 (6.481971058401885 × 10^271)  
Most complex input/output complexity: iv_505/ov_001 (3.034250903862543 × 10^297)

## Input Bits

### Input Bits in Regular Order

| Input Bit | Complexity | Occurrences | Output Occurrences |
|:---------:|:----------:|:-----------:|:------------------:|
| iv_497 | 3.2178864663362334 × 10^296 | 4118 | 93 |
| iv_498 | 6.409960807152544 × 10^296 | 3910 | 88 |
| iv_499 | 1.1273152015965005 × 10^297 | 3916 | 81 |
| iv_500 | 1.894540856014824 × 10^297 | 4084 | 76 |
| iv_501 | 3.120783198119426 × 10^297 | 4052 | 83 |
| iv_502 | 5.042979752571212 × 10^297 | 3858 | 82 |
| iv_503 | 8.013059394676852 × 10^297 | 4022 | 75 |
| iv_504 | 1.2491271242461024 × 10^298 | 3903 | 78 |
| iv_505 | 1.913135121225673 × 10^298 | 4054 | 72 |
| iv_506 | 9.678106058218635 × 10^297 | 3928 | 82 |
| iv_507 | 1.3895454702386547 × 10^298 | 4155 | 76 |
| iv_508 | 1.8452985235398552 × 10^298 | 4123 | 74 |
| iv_509 | 1.8724956206092028 × 10^298 | 4210 | 87 |

### Input Bits Sorted by Complexity

| Input Bit | Complexity | Occurrences | Output Occurrences |
|:---------:|:----------:|:-----------:|:------------------:|
| iv_497 | 3.2178864663362334 × 10^296 | 4118 | 93 |
| iv_498 | 6.409960807152544 × 10^296 | 3910 | 88 |
| iv_499 | 1.1273152015965005 × 10^297 | 3916 | 81 |
| iv_500 | 1.894540856014824 × 10^297 | 4084 | 76 |
| iv_501 | 3.120783198119426 × 10^297 | 4052 | 83 |
| iv_502 | 5.042979752571212 × 10^297 | 3858 | 82 |
| iv_503 | 8.013059394676852 × 10^297 | 4022 | 75 |
| iv_506 | 9.678106058218635 × 10^297 | 3928 | 82 |
| iv_504 | 1.2491271242461024 × 10^298 | 3903 | 78 |
| iv_507 | 1.3895454702386547 × 10^298 | 4155 | 76 |
| iv_508 | 1.8452985235398552 × 10^298 | 4123 | 74 |
| iv_509 | 1.8724956206092028 × 10^298 | 4210 | 87 |
| iv_505 | 1.913135121225673 × 10^298 | 4054 | 72 |

### Input Bits Sorted by Occurrences

| Input Bit | Complexity | Occurrences | Output Occurrences |
|:---------:|:----------:|:-----------:|:------------------:|
| iv_502 | 5.042979752571212 × 10^297 | 3858 | 82 |
| iv_504 | 1.2491271242461024 × 10^298 | 3903 | 78 |
| iv_498 | 6.409960807152544 × 10^296 | 3910 | 88 |
| iv_499 | 1.1273152015965005 × 10^297 | 3916 | 81 |
| iv_506 | 9.678106058218635 × 10^297 | 3928 | 82 |
| iv_503 | 8.013059394676852 × 10^297 | 4022 | 75 |
| iv_501 | 3.120783198119426 × 10^297 | 4052 | 83 |
| iv_505 | 1.913135121225673 × 10^298 | 4054 | 72 |
| iv_500 | 1.894540856014824 × 10^297 | 4084 | 76 |
| iv_497 | 3.2178864663362334 × 10^296 | 4118 | 93 |
| iv_508 | 1.8452985235398552 × 10^298 | 4123 | 74 |
| iv_507 | 1.3895454702386547 × 10^298 | 4155 | 76 |
| iv_509 | 1.8724956206092028 × 10^298 | 4210 | 87 |

### Input Bits Sorted by Output Occurrences

| Input Bit | Complexity | Occurrences | Output Occurrences |
|:---------:|:----------:|:-----------:|:------------------:|
| iv_505 | 1.913135121225673 × 10^298 | 4054 | 72 |
| iv_508 | 1.8452985235398552 × 10^298 | 4123 | 74 |
| iv_503 | 8.013059394676852 × 10^297 | 4022 | 75 |
| iv_500 | 1.894540856014824 × 10^297 | 4084 | 76 |
| iv_507 | 1.3895454702386547 × 10^298 | 4155 | 76 |
| iv_504 | 1.2491271242461024 × 10^298 | 3903 | 78 |
| iv_499 | 1.1273152015965005 × 10^297 | 3916 | 81 |
| iv_502 | 5.042979752571212 × 10^297 | 3858 | 82 |
| iv_506 | 9.678106058218635 × 10^297 | 3928 | 82 |
| iv_501 | 3.120783198119426 × 10^297 | 4052 | 83 |
| iv_509 | 1.8724956206092028 × 10^298 | 4210 | 87 |
| iv_498 | 6.409960807152544 × 10^296 | 3910 | 88 |
| iv_497 | 3.2178864663362334 × 10^296 | 4118 | 93 |

## Input Bit Co-occurrences

### Input Bit Co-occurrences Sorted by Co-occurrences

| Input Bits | Co-occurrences | Potential Occurrences | Output Co-occurrences | Potential Output Occurrences |
|:----------:|:--------------:|:---------------------:|:---------------------:|:----------------------------:|
| iv_508-iv_509 | 2057 | 4219 | 40 | 81 |
| iv_507-iv_509 | 2046 | 4273 | 44 | 75 |
| iv_497-iv_507 | 2032 | 4209 | 44 | 81 |
| iv_505-iv_507 | 2027 | 4155 | 31 | 86 |
| iv_501-iv_505 | 2017 | 4072 | 41 | 73 |
| iv_501-iv_509 | 2015 | 4232 | 49 | 72 |
| iv_497-iv_509 | 2003 | 4322 | 50 | 80 |
| iv_497-iv_501 | 1991 | 4188 | 48 | 80 |
| iv_504-iv_505 | 1985 | 3987 | 39 | 72 |
| iv_505-iv_509 | 1973 | 4318 | 36 | 87 |
| iv_506-iv_507 | 1971 | 4141 | 39 | 80 |
| iv_497-iv_503 | 1971 | 4198 | 46 | 76 |
| iv_503-iv_509 | 1971 | 4290 | 32 | 98 |

### Input Bit Co-occurrences Sorted by Potential Occurrences

| Input Bits | Co-occurrences | Potential Occurrences | Output Co-occurrences | Potential Output Occurrences |
|:----------:|:--------------:|:---------------------:|:---------------------:|:----------------------------:|
| iv_504-iv_505 | 1985 | 3987 | 39 | 72 |
| iv_501-iv_505 | 2017 | 4072 | 41 | 73 |
| iv_502-iv_505 | 1903 | 4106 | 37 | 80 |
| iv_504-iv_506 | 1859 | 4113 | 42 | 76 |
| iv_499-iv_504 | 1847 | 4125 | 38 | 83 |
| iv_506-iv_507 | 1971 | 4141 | 39 | 80 |
| iv_499-iv_501 | 1911 | 4146 | 44 | 76 |
| iv_505-iv_507 | 2027 | 4155 | 31 | 86 |
| iv_499-iv_505 | 1907 | 4156 | 48 | 57 |
| iv_498-iv_504 | 1826 | 4161 | 46 | 74 |
| iv_497-iv_506 | 1936 | 4174 | 51 | 73 |
| iv_498-iv_506 | 1829 | 4180 | 41 | 88 |
| iv_502-iv_504 | 1787 | 4187 | 42 | 76 |

### Input Bit Output Co-occurrences Sorted by Output Co-occurrences

| Input Bits | Co-occurrences | Potential Occurrences | Output Co-occurrences | Potential Output Occurrences |
|:----------:|:--------------:|:---------------------:|:---------------------:|:----------------------------:|
| iv_498-iv_509 | 1868 | 4384 | 52 | 71 |
| iv_497-iv_502 | 1891 | 4194 | 52 | 71 |
| iv_497-iv_506 | 1936 | 4174 | 51 | 73 |
| iv_497-iv_504 | 1913 | 4195 | 50 | 71 |
| iv_497-iv_498 | 1879 | 4270 | 50 | 81 |
| iv_497-iv_509 | 2003 | 4322 | 50 | 80 |
| iv_501-iv_509 | 2015 | 4232 | 49 | 72 |
| iv_498-iv_499 | 1814 | 4198 | 48 | 73 |
| iv_498-iv_501 | 1853 | 4256 | 48 | 75 |
| iv_498-iv_505 | 1879 | 4206 | 48 | 64 |
| iv_499-iv_505 | 1907 | 4156 | 48 | 57 |
| iv_497-iv_501 | 1991 | 4188 | 48 | 80 |
| iv_498-iv_508 | 1857 | 4319 | 47 | 68 |

### Input Bit Output Co-occurrences Sorted by Potential Output Occurrences

| Input Bits | Co-occurrences | Potential Occurrences | Output Co-occurrences | Potential Output Occurrences |
|:----------:|:--------------:|:---------------------:|:---------------------:|:----------------------------:|
| iv_499-iv_505 | 1907 | 4156 | 48 | 57 |
| iv_498-iv_505 | 1879 | 4206 | 48 | 64 |
| iv_505-iv_508 | 1966 | 4245 | 40 | 66 |
| iv_498-iv_508 | 1857 | 4319 | 47 | 68 |
| iv_501-iv_508 | 1924 | 4327 | 43 | 71 |
| iv_497-iv_504 | 1913 | 4195 | 50 | 71 |
| iv_503-iv_505 | 1911 | 4254 | 38 | 71 |
| iv_498-iv_509 | 1868 | 4384 | 52 | 71 |
| iv_497-iv_502 | 1891 | 4194 | 52 | 71 |
| iv_501-iv_509 | 2015 | 4232 | 49 | 72 |
| iv_504-iv_508 | 1898 | 4230 | 40 | 72 |
| iv_504-iv_505 | 1985 | 3987 | 39 | 72 |
| iv_498-iv_499 | 1814 | 4198 | 48 | 73 |

## Output Bits

### Output Bits in Regular Order

| Rank | Output Bit | Complexity |
|:----:|:----------:|:----------:|
| 1 | ov_001 | 1.7848253642485776 × 10^298 |
| 2 | ov_002 | 1.549924679283785 × 10^298 |
| 3 | ov_003 | 1.3393027670216882 × 10^298 |
| 4 | ov_004 | 1.1511293815623581 × 10^298 |
| 5 | ov_005 | 9.836740377724184 × 10^297 |
| 6 | ov_006 | 8.352989441438943 × 10^297 |
| 7 | ov_007 | 7.044528536634612 × 10^297 |
| 8 | ov_008 | 5.8966575857941014 × 10^297 |
| 9 | ov_009 | 4.895443597277319 × 10^297 |
| 10 | ov_010 | 4.0276823503245206 × 10^297 |
| 11 | ov_011 | 3.280866309416522 × 10^297 |
| 12 | ov_012 | 2.6431580492616967 × 10^297 |
| 13 | ov_013 | 2.1033685144828697 × 10^297 |
| 14 | ov_014 | 1.6509394802210706 × 10^297 |
| 15 | ov_015 | 1.2759296215180927 × 10^297 |
| 16 | ov_016 | 9.690036406163353 × 10^296 |
| 17 | ov_017 | 7.214239423259084 × 10^296 |
| 18 | ov_018 | 5.2504438843445654 × 10^296 |
| 19 | ov_019 | 3.7230570283270986 × 10^296 |
| 20 | ov_020 | 2.562321396398571 × 10^296 |
| 21 | ov_021 | 1.7042908380050577 × 10^296 |
| 22 | ov_022 | 1.0908134151374119 × 10^296 |
| 23 | ov_023 | 6.695195813198845 × 10^295 |
| 24 | ov_024 | 3.938144057603419 × 10^295 |
| 25 | ov_025 | 2.2287281552729648 × 10^295 |
| 26 | ov_026 | 1.2163698944202344 × 10^295 |
| 27 | ov_027 | 6.081513200101576 × 10^294 |
| 28 | ov_028 | 2.7202761842067764 × 10^294 |
| 29 | ov_029 | 1.0478107116733152 × 10^294 |
| 30 | ov_030 | 3.2020731737645598 × 10^293 |
| 31 | ov_031 | 6.242956227724487 × 10^292 |
| 32 | lv_80_m31 | 1.2169258681678176 × 10^292 |
| 33 | ov_033 | 1.4589301602554616 × 10^293 |
| 34 | ov_034 | 1.264989733699315 × 10^293 |
| 35 | ov_035 | 1.091423905312803 × 10^293 |
| 36 | ov_036 | 9.366343248015916 × 10^292 |
| 37 | ov_037 | 7.991090493339958 × 10^292 |
| 38 | ov_038 | 6.774164625076011 × 10^292 |
| 39 | ov_039 | 5.702000127297899 × 10^292 |
| 40 | ov_040 | 4.761736916340324 × 10^292 |
| 41 | ov_041 | 3.9411817799621297 × 10^292 |
| 42 | ov_042 | 3.2287757720614035 × 10^292 |
| 43 | ov_043 | 2.618894261524499 × 10^292 |
| 44 | ov_044 | 2.1011696038666727 × 10^292 |
| 45 | ov_045 | 1.6657999877759407 × 10^292 |
| 46 | ov_046 | 1.3035345039585928 × 10^292 |
| 47 | ov_047 | 1.0056612928137883 × 10^292 |
| 48 | ov_048 | 7.639983095665691 × 10^291 |
| 49 | ov_049 | 5.708862811045659 × 10^291 |
| 50 | ov_050 | 4.191834637214394 × 10^291 |
| 51 | ov_051 | 3.022618454149407 × 10^291 |
| 52 | ov_052 | 2.140044704455828 × 10^291 |
| 53 | ov_053 | 1.488035976402419 × 10^291 |
| 54 | ov_054 | 1.0155944926488932 × 10^291 |
| 55 | ov_055 | 6.767937393054424 × 10^290 |
| 56 | ov_056 | 4.30773073129481 × 10^290 |
| 57 | ov_057 | 2.5836812280891648 × 10^290 |
| 58 | ov_058 | 1.4294521541840738 × 10^290 |
| 59 | ov_059 | 7.040073789333181 × 10^289 |
| 60 | ov_060 | 2.9160840730344034 × 10^289 |
| 61 | ov_061 | 1.0181328745163232 × 10^289 |
| 62 | ov_062 | 2.791661430127743 × 10^288 |
| 63 | ov_063 | 5.438525547459565 × 10^287 |
| 64 | lv_79_m31 | 1.0592707413739267 × 10^287 |
| 65 | ov_065 | 1.2637062558416165 × 10^288 |
| 66 | ov_066 | 1.2637023222526597 × 10^288 |
| 67 | ov_067 | 1.263701359521255 × 10^288 |
| 68 | ov_068 | 1.0926810351262847 × 10^288 |
| 69 | ov_069 | 9.40078729630965 × 10^287 |
| 70 | ov_070 | 8.04404552398141 × 10^287 |
| 71 | ov_071 | 6.842602945645197 × 10^287 |
| 72 | ov_072 | 5.783332203007475 × 10^287 |
| 73 | ov_073 | 4.8539040677203955 × 10^287 |
| 74 | ov_074 | 4.042736038208912 × 10^287 |
| 75 | ov_075 | 3.338945855020708 × 10^287 |
| 76 | ov_076 | 2.732309665098092 × 10^287 |
| 77 | ov_077 | 2.2132245727330954 × 10^287 |
| 78 | ov_078 | 1.772675320832153 × 10^287 |
| 79 | ov_079 | 1.4022048507062976 × 10^287 |
| 80 | ov_080 | 1.0938884921220336 × 10^287 |
| 81 | ov_081 | 8.403115379856495 × 10^286 |
| 82 | ov_082 | 6.345499599621095 × 10^286 |
| 83 | ov_083 | 4.701540227049905 × 10^286 |
| 84 | ov_084 | 3.41134555334526 × 10^286 |
| 85 | ov_085 | 2.4195163946194023 × 10^286 |
| 86 | ov_086 | 1.6750547350617253 × 10^286 |
| 87 | ov_087 | 1.1312917334360918 × 10^286 |
| 88 | ov_088 | 7.458326951564563 × 10^285 |
| 89 | ov_089 | 4.8051661326263195 × 10^285 |
| 90 | ov_090 | 3.013878821884386 × 10^285 |
| 91 | ov_091 | 1.786777884879378 × 10^285 |
| 92 | ov_092 | 9.854692100170942 × 10^284 |
| 93 | ov_093 | 4.924176166851627 × 10^284 |
| 94 | ov_094 | 2.109272021718592 × 10^284 |
| 95 | aaa_78_28 | 6.513331488245902 × 10^283 |
| 96 | aaa_78_29 | 2.000322861192003 × 10^283 |
| 97 | ov_097 | 1.3210138069374594 × 10^283 |
| 98 | ov_098 | 1.3209742356859334 × 10^283 |
| 99 | ov_099 | 1.3209615956399048 × 10^283 |
| 100 | ov_100 | 1.1887037956924908 × 10^283 |
| 101 | ov_101 | 1.0662085210481808 × 10^283 |
| 102 | ov_102 | 9.529396667410275 × 10^282 |
| 103 | ov_103 | 8.48400192948147 × 10^282 |
| 104 | ov_104 | 7.521270523560998 × 10^282 |
| 105 | ov_105 | 6.636865791192955 × 10^282 |
| 106 | ov_106 | 5.826703156014508 × 10^282 |
| 107 | ov_107 | 5.086912539442152 × 10^282 |
| 108 | ov_108 | 4.413804701912881 × 10^282 |
| 109 | ov_109 | 3.803841292353532 × 10^282 |
| 110 | ov_110 | 3.253608392698546 × 10^282 |
| 111 | ov_111 | 2.759793347381178 × 10^282 |
| 112 | ov_112 | 2.3191646699717136 × 10^282 |
| 113 | ov_113 | 1.9285548206992802 × 10^282 |
| 114 | ov_114 | 1.5848456496279896 × 10^282 |
| 115 | ov_115 | 1.2849563009044808 × 10^282 |
| 116 | ov_116 | 1.0258333738779969 × 10^282 |
| 117 | ov_117 | 8.044431371190952 × 10^281 |
| 118 | ov_118 | 6.177655915010079 × 10^281 |
| 119 | ov_119 | 4.627901785974092 × 10^281 |
| 120 | ov_120 | 3.365127886919775 × 10^281 |
| 121 | ov_121 | 2.3593360616676683 × 10^281 |
| 122 | ov_122 | 1.580555229777938 × 10^281 |
| 123 | ov_123 | 9.988301840394493 × 10^280 |
| 124 | ov_124 | 5.842140325820333 × 10^280 |
| 125 | ov_125 | 3.067635158666976 × 10^280 |
| 126 | ov_126 | 1.365366174275144 × 10^280 |
| 127 | aaa_77_28 | 4.359164653973817 × 10^279 |
| 128 | aaa_77_29 | 1.6338062501410775 × 10^279 |
| 129 | ov_129 | 1.510557593278047 × 10^279 |
| 130 | ov_130 | 1.5105531785594363 × 10^279 |
| 131 | ov_131 | 1.5105521112768385 × 10^279 |
| 132 | ov_132 | 1.3092499138804688 × 10^279 |
| 133 | ov_133 | 1.1289690896987084 × 10^279 |
| 134 | ov_134 | 9.681235748113041 × 10^278 |
| 135 | ov_135 | 8.25211980146477 × 10^278 |
| 136 | ov_136 | 6.988115198521328 × 10^278 |
| 137 | ov_137 | 5.875727876436332 × 10^278 |
| 138 | ov_138 | 4.902153000593146 × 10^278 |
| 139 | ov_139 | 4.055237296718187 × 10^278 |
| 140 | ov_140 | 3.323447553031598 × 10^278 |
| 141 | ov_141 | 2.695844602014331 × 10^278 |
| 142 | ov_142 | 2.1620621297986485 × 10^278 |
| 143 | ov_143 | 1.7122896991314523 × 10^278 |
| 144 | ov_144 | 1.3372594094648133 × 10^278 |
| 145 | ov_145 | 1.0282356551087719 × 10^278 |
| 146 | ov_146 | 7.770074796190846 × 10^277 |
| 147 | ov_147 | 5.758830617404029 × 10^277 |
| 148 | ov_148 | 4.1768590531507555 × 10^277 |
| 149 | ov_149 | 2.957523426172044 × 10^277 |
| 150 | ov_150 | 2.039299975918562 × 10^277 |
| 151 | ov_151 | 1.365768924786767 × 10^277 |
| 152 | ov_152 | 8.856093113318036 × 10^276 |
| 153 | ov_153 | 5.525957611010885 × 10^276 |
| 154 | ov_154 | 3.2559632154702175 × 10^276 |
| 155 | ov_155 | 1.6857104171132501 × 10^276 |
| 156 | aaa_76_25 | 6.477283318264483 × 10^275 |
| 157 | aaa_76_26 | 3.7403850925044746 × 10^275 |
| 158 | aaa_76_27 | 1.9146049335674245 × 10^275 |
| 159 | aaa_76_28 | 7.4542292829160475 × 10^274 |
| 160 | aaa_76_29 | 2.2668681157885007 × 10^274 |

### Output Bits Sorted by Complexity

| Rank | Output Bit | Complexity |
|:----:|:----------:|:----------:|
| 160 | aaa_76_29 | 2.2668681157885007 × 10^274 |
| 159 | aaa_76_28 | 7.4542292829160475 × 10^274 |
| 158 | aaa_76_27 | 1.9146049335674245 × 10^275 |
| 157 | aaa_76_26 | 3.7403850925044746 × 10^275 |
| 156 | aaa_76_25 | 6.477283318264483 × 10^275 |
| 155 | ov_155 | 1.6857104171132501 × 10^276 |
| 154 | ov_154 | 3.2559632154702175 × 10^276 |
| 153 | ov_153 | 5.525957611010885 × 10^276 |
| 152 | ov_152 | 8.856093113318036 × 10^276 |
| 151 | ov_151 | 1.365768924786767 × 10^277 |
| 150 | ov_150 | 2.039299975918562 × 10^277 |
| 149 | ov_149 | 2.957523426172044 × 10^277 |
| 148 | ov_148 | 4.1768590531507555 × 10^277 |
| 147 | ov_147 | 5.758830617404029 × 10^277 |
| 146 | ov_146 | 7.770074796190846 × 10^277 |
| 145 | ov_145 | 1.0282356551087719 × 10^278 |
| 144 | ov_144 | 1.3372594094648133 × 10^278 |
| 143 | ov_143 | 1.7122896991314523 × 10^278 |
| 142 | ov_142 | 2.1620621297986485 × 10^278 |
| 141 | ov_141 | 2.695844602014331 × 10^278 |
| 140 | ov_140 | 3.323447553031598 × 10^278 |
| 139 | ov_139 | 4.055237296718187 × 10^278 |
| 138 | ov_138 | 4.902153000593146 × 10^278 |
| 137 | ov_137 | 5.875727876436332 × 10^278 |
| 136 | ov_136 | 6.988115198521328 × 10^278 |
| 135 | ov_135 | 8.25211980146477 × 10^278 |
| 134 | ov_134 | 9.681235748113041 × 10^278 |
| 133 | ov_133 | 1.1289690896987084 × 10^279 |
| 132 | ov_132 | 1.3092499138804688 × 10^279 |
| 131 | ov_131 | 1.5105521112768385 × 10^279 |
| 130 | ov_130 | 1.5105531785594363 × 10^279 |
| 129 | ov_129 | 1.510557593278047 × 10^279 |
| 128 | aaa_77_29 | 1.6338062501410775 × 10^279 |
| 127 | aaa_77_28 | 4.359164653973817 × 10^279 |
| 126 | ov_126 | 1.365366174275144 × 10^280 |
| 125 | ov_125 | 3.067635158666976 × 10^280 |
| 124 | ov_124 | 5.842140325820333 × 10^280 |
| 123 | ov_123 | 9.988301840394493 × 10^280 |
| 122 | ov_122 | 1.580555229777938 × 10^281 |
| 121 | ov_121 | 2.3593360616676683 × 10^281 |
| 120 | ov_120 | 3.365127886919775 × 10^281 |
| 119 | ov_119 | 4.627901785974092 × 10^281 |
| 118 | ov_118 | 6.177655915010079 × 10^281 |
| 117 | ov_117 | 8.044431371190952 × 10^281 |
| 116 | ov_116 | 1.0258333738779969 × 10^282 |
| 115 | ov_115 | 1.2849563009044808 × 10^282 |
| 114 | ov_114 | 1.5848456496279896 × 10^282 |
| 113 | ov_113 | 1.9285548206992802 × 10^282 |
| 112 | ov_112 | 2.3191646699717136 × 10^282 |
| 111 | ov_111 | 2.759793347381178 × 10^282 |
| 110 | ov_110 | 3.253608392698546 × 10^282 |
| 109 | ov_109 | 3.803841292353532 × 10^282 |
| 108 | ov_108 | 4.413804701912881 × 10^282 |
| 107 | ov_107 | 5.086912539442152 × 10^282 |
| 106 | ov_106 | 5.826703156014508 × 10^282 |
| 105 | ov_105 | 6.636865791192955 × 10^282 |
| 104 | ov_104 | 7.521270523560998 × 10^282 |
| 103 | ov_103 | 8.48400192948147 × 10^282 |
| 102 | ov_102 | 9.529396667410275 × 10^282 |
| 101 | ov_101 | 1.0662085210481808 × 10^283 |
| 100 | ov_100 | 1.1887037956924908 × 10^283 |
| 99 | ov_099 | 1.3209615956399048 × 10^283 |
| 98 | ov_098 | 1.3209742356859334 × 10^283 |
| 97 | ov_097 | 1.3210138069374594 × 10^283 |
| 96 | aaa_78_29 | 2.000322861192003 × 10^283 |
| 95 | aaa_78_28 | 6.513331488245902 × 10^283 |
| 94 | ov_094 | 2.109272021718592 × 10^284 |
| 93 | ov_093 | 4.924176166851627 × 10^284 |
| 92 | ov_092 | 9.854692100170942 × 10^284 |
| 91 | ov_091 | 1.786777884879378 × 10^285 |
| 90 | ov_090 | 3.013878821884386 × 10^285 |
| 89 | ov_089 | 4.8051661326263195 × 10^285 |
| 88 | ov_088 | 7.458326951564563 × 10^285 |
| 87 | ov_087 | 1.1312917334360918 × 10^286 |
| 86 | ov_086 | 1.6750547350617253 × 10^286 |
| 85 | ov_085 | 2.4195163946194023 × 10^286 |
| 84 | ov_084 | 3.41134555334526 × 10^286 |
| 83 | ov_083 | 4.701540227049905 × 10^286 |
| 82 | ov_082 | 6.345499599621095 × 10^286 |
| 81 | ov_081 | 8.403115379856495 × 10^286 |
| 64 | lv_79_m31 | 1.0592707413739267 × 10^287 |
| 80 | ov_080 | 1.0938884921220336 × 10^287 |
| 79 | ov_079 | 1.4022048507062976 × 10^287 |
| 78 | ov_078 | 1.772675320832153 × 10^287 |
| 77 | ov_077 | 2.2132245727330954 × 10^287 |
| 76 | ov_076 | 2.732309665098092 × 10^287 |
| 75 | ov_075 | 3.338945855020708 × 10^287 |
| 74 | ov_074 | 4.042736038208912 × 10^287 |
| 73 | ov_073 | 4.8539040677203955 × 10^287 |
| 63 | ov_063 | 5.438525547459565 × 10^287 |
| 72 | ov_072 | 5.783332203007475 × 10^287 |
| 71 | ov_071 | 6.842602945645197 × 10^287 |
| 70 | ov_070 | 8.04404552398141 × 10^287 |
| 69 | ov_069 | 9.40078729630965 × 10^287 |
| 68 | ov_068 | 1.0926810351262847 × 10^288 |
| 67 | ov_067 | 1.263701359521255 × 10^288 |
| 66 | ov_066 | 1.2637023222526597 × 10^288 |
| 65 | ov_065 | 1.2637062558416165 × 10^288 |
| 62 | ov_062 | 2.791661430127743 × 10^288 |
| 61 | ov_061 | 1.0181328745163232 × 10^289 |
| 60 | ov_060 | 2.9160840730344034 × 10^289 |
| 59 | ov_059 | 7.040073789333181 × 10^289 |
| 58 | ov_058 | 1.4294521541840738 × 10^290 |
| 57 | ov_057 | 2.5836812280891648 × 10^290 |
| 56 | ov_056 | 4.30773073129481 × 10^290 |
| 55 | ov_055 | 6.767937393054424 × 10^290 |
| 54 | ov_054 | 1.0155944926488932 × 10^291 |
| 53 | ov_053 | 1.488035976402419 × 10^291 |
| 52 | ov_052 | 2.140044704455828 × 10^291 |
| 51 | ov_051 | 3.022618454149407 × 10^291 |
| 50 | ov_050 | 4.191834637214394 × 10^291 |
| 49 | ov_049 | 5.708862811045659 × 10^291 |
| 48 | ov_048 | 7.639983095665691 × 10^291 |
| 47 | ov_047 | 1.0056612928137883 × 10^292 |
| 32 | lv_80_m31 | 1.2169258681678176 × 10^292 |
| 46 | ov_046 | 1.3035345039585928 × 10^292 |
| 45 | ov_045 | 1.6657999877759407 × 10^292 |
| 44 | ov_044 | 2.1011696038666727 × 10^292 |
| 43 | ov_043 | 2.618894261524499 × 10^292 |
| 42 | ov_042 | 3.2287757720614035 × 10^292 |
| 41 | ov_041 | 3.9411817799621297 × 10^292 |
| 40 | ov_040 | 4.761736916340324 × 10^292 |
| 39 | ov_039 | 5.702000127297899 × 10^292 |
| 31 | ov_031 | 6.242956227724487 × 10^292 |
| 38 | ov_038 | 6.774164625076011 × 10^292 |
| 37 | ov_037 | 7.991090493339958 × 10^292 |
| 36 | ov_036 | 9.366343248015916 × 10^292 |
| 35 | ov_035 | 1.091423905312803 × 10^293 |
| 34 | ov_034 | 1.264989733699315 × 10^293 |
| 33 | ov_033 | 1.4589301602554616 × 10^293 |
| 30 | ov_030 | 3.2020731737645598 × 10^293 |
| 29 | ov_029 | 1.0478107116733152 × 10^294 |
| 28 | ov_028 | 2.7202761842067764 × 10^294 |
| 27 | ov_027 | 6.081513200101576 × 10^294 |
| 26 | ov_026 | 1.2163698944202344 × 10^295 |
| 25 | ov_025 | 2.2287281552729648 × 10^295 |
| 24 | ov_024 | 3.938144057603419 × 10^295 |
| 23 | ov_023 | 6.695195813198845 × 10^295 |
| 22 | ov_022 | 1.0908134151374119 × 10^296 |
| 21 | ov_021 | 1.7042908380050577 × 10^296 |
| 20 | ov_020 | 2.562321396398571 × 10^296 |
| 19 | ov_019 | 3.7230570283270986 × 10^296 |
| 18 | ov_018 | 5.2504438843445654 × 10^296 |
| 17 | ov_017 | 7.214239423259084 × 10^296 |
| 16 | ov_016 | 9.690036406163353 × 10^296 |
| 15 | ov_015 | 1.2759296215180927 × 10^297 |
| 14 | ov_014 | 1.6509394802210706 × 10^297 |
| 13 | ov_013 | 2.1033685144828697 × 10^297 |
| 12 | ov_012 | 2.6431580492616967 × 10^297 |
| 11 | ov_011 | 3.280866309416522 × 10^297 |
| 10 | ov_010 | 4.0276823503245206 × 10^297 |
| 9 | ov_009 | 4.895443597277319 × 10^297 |
| 8 | ov_008 | 5.8966575857941014 × 10^297 |
| 7 | ov_007 | 7.044528536634612 × 10^297 |
| 6 | ov_006 | 8.352989441438943 × 10^297 |
| 5 | ov_005 | 9.836740377724184 × 10^297 |
| 4 | ov_004 | 1.1511293815623581 × 10^298 |
| 3 | ov_003 | 1.3393027670216882 × 10^298 |
| 2 | ov_002 | 1.549924679283785 × 10^298 |
| 1 | ov_001 | 1.7848253642485776 × 10^298 |

