# Results for E002007-E005015-E009014-F017-F018-F019-F020-F021-F022-F023-F024-F025-F026-F027-F028-F029-F030-F031-F032-F033-F034-F035-F036-F037-F038-F039-F040-F041-F042-F043-F044-F045-F046-F047-F048-F049-F050-F051-F052-F053-F054-F055-F056-F057-F058-F059-F060-F061-F062-F063-F064-F065-F066-F067-F068-F069-F070-F071-F072-F073-F074-F075-F076-F077-F078-F079-F080-F081-F082-F083-F084-F085-F086-F087-F088-F089-F090-F091-F092-F093-F094-F095-F096-F097-F098-F099-F100-F101-F102-F103-F104-F105-F106-F107-F108-F109-F110-F111-F112-F113-F114-F115-F116-F117-F118-F119-F120-F121-F122-F123-F124-F125-F126-F127-F128-F129-F130-F131-F132-F133-F134-F135-F136-F137-F138-F139-F140-F141-F142-F143-F144-F145-F146-F147-F148-F149-F150-F151-F152-F153-F154-F155-F156-F157-F158-F159-F160-F161-F162-F163-F164-F165-F166-F167-F168-F169-F170-F171-F172-F173-F174-F175-F176-F177-F178-F179-F180-F181-F182-F183-F184-F185-F186-F187-F188-F189-F190-F191-F192-F193-F194-F195-F196-F197-F198-F199-F200-F201-F202-F203-F204-F205-F206-F207-F208-F209-F210-F211-F212-F213-F214-F215-F216-F217-F218-F219-F220-F221-F222-F223-F224-F225-F226-F227-F228-F229-F230-F231-F232-F233-F234-F235-F236-F237-F238-F239-F240-F241-F242-F243-F244-F245-F246-F247-F248-F249-F250-F251-F252-F253-F254-F255-F256-F257-F258-F259-F260-F261-F262-F263-F264-F265-F266-F267-F268-F269-F270-F271-F272-F273-F274-F275-F276-F277-F278-F279-F280-F281-F282-F283-F284-F285-F286-F287-F288-F289-F290-F291-F292-F293-F294-F295-F296-F297-F298-F299-F300-F301-F302-F303-F304-F305-F306-F307-F308-F309-F310-F311-F312-F313-F314-F315-F316-F317-F318-F319-F320-F321-F322-F323-F324-F325-F326-F327-F328-F329-F330-F331-F332-F333-F334-F335-F336-F337-F338-F339-F340-F341-F342-F343-F344-F345-F346-F347-F348-F349-F350-F351-F352-F353-F354-F355-F356-F357-F358-F359-F360-F361-F362-F363-F364-F365-F366-F367-F368-F369-F370-F371-F372-F373-F374-F375-F376-F377-F378-F379-F380-F381-F382-F383-F384-F385-F386-F387-F388-F389-F390-F391-F392-F393-F394-F395-F396-F397-F398-F399-F400-F401-F402-F403-F404-F405-F406-F407-F408-F409-F410-F411-F412-F413-F414-F415-F416-F417-F418-F419-F420-F421-F422-F423-F424-F425-F426-F427-F428-F429-F430-F431-F432-F433-F434-F435-F436-F437-F438-F439-F440-F441-F442-F443-F444-F445-F446-F447-F448-F449-F450-F451-F452-F453-F454-F455-F456-F457-F458-F459-F460-F461-F462-F463-F464-F465-F466-F467-F468-F469-F470-F471-F472-F473-F474-F475-F476-F477-F478-F479-F480-F481-F482-F483-F484-F485-F486-F487-F488-F489-F490-F491-F492-F493-F494-F495-F496-F497-F498-F499-F500-F501-F502-F503-F504-F505-F506-F507-F508-F509-F510-F511-F512

## Summary

Number of input bits: 512  
Number of free input bits: 13  
Number of output bits: 160

Number of direct occurrences: 58564  
Number of assignments: 39135  
Number of operations: 19112872
(xor: 19075336,
and: 20890,
or: 16646)

Total complexity: 9.125875618225874 × 10^355

Least occurring input variable: iv_012 (4184)  
Most occurring input variable: iv_005 (4761)

Most co-occurring input variables: iv_009-iv_013 (2286)  
Least co-occurring input variables: iv_002-iv_005 (1912)

Potentially most occurring input variable: iv_005/iv_016 (5350)  
Potentially least occurring input variable: iv_001/iv_006 (4485)

Least output occurring input variable: iv_005 (59)  
Most output occurring input variable: iv_012 (86)

Most output co-occurring input variables: iv_002-iv_012 (45)  
Least output co-occurring input variables: iv_008-iv_011 (24)

Potentially most output occurring input variable: iv_001/iv_008 (94)  
Potentially least output occurring input variable: iv_001/iv_009 (68)

Least complex input bit: iv_016 (1.3343118574821683 × 10^352)  
Most complex input bit: iv_009 (2.103697670970503 × 10^355)

Least complex output bit: aaa_76_29 (1.967705010004085 × 10^331)  
Most complex output bit: ov_001 (1.39705883617388 × 10^355)

Least complex input/output complexity: iv_016/aaa_76_29 (2.8770194080137315 × 10^327)  
Most complex input/output complexity: iv_009/ov_001 (3.2205012897590915 × 10^354)

## Input Bits

### Input Bits in Regular Order

| Input Bit | Complexity | Occurrences | Output Occurrences |
|:---------:|:----------:|:-----------:|:------------------:|
| iv_001 | 4.074304770590068 × 10^352 | 4567 | 75 |
| iv_002 | 3.3453085212375454 × 10^354 | 4373 | 77 |
| iv_003 | 5.0734277507507305 × 10^353 | 4375 | 75 |
| iv_004 | 1.10356288041631 × 10^354 | 4538 | 77 |
| iv_005 | 2.03302841233784 × 10^355 | 4761 | 59 |
| iv_006 | 2.4434704102878434 × 10^354 | 4400 | 80 |
| iv_008 | 3.9912127074333395 × 10^354 | 4446 | 69 |
| iv_009 | 2.103697670970503 × 10^355 | 4757 | 77 |
| iv_010 | 6.404337412974782 × 10^354 | 4482 | 83 |
| iv_011 | 8.360003533821305 × 10^354 | 4644 | 63 |
| iv_012 | 1.0575183675826436 × 10^355 | 4184 | 86 |
| iv_013 | 1.3106987265822082 × 10^355 | 4534 | 78 |
| iv_016 | 1.3343118574821683 × 10^352 | 4503 | 79 |

### Input Bits Sorted by Complexity

| Input Bit | Complexity | Occurrences | Output Occurrences |
|:---------:|:----------:|:-----------:|:------------------:|
| iv_016 | 1.3343118574821683 × 10^352 | 4503 | 79 |
| iv_001 | 4.074304770590068 × 10^352 | 4567 | 75 |
| iv_003 | 5.0734277507507305 × 10^353 | 4375 | 75 |
| iv_004 | 1.10356288041631 × 10^354 | 4538 | 77 |
| iv_006 | 2.4434704102878434 × 10^354 | 4400 | 80 |
| iv_002 | 3.3453085212375454 × 10^354 | 4373 | 77 |
| iv_008 | 3.9912127074333395 × 10^354 | 4446 | 69 |
| iv_010 | 6.404337412974782 × 10^354 | 4482 | 83 |
| iv_011 | 8.360003533821305 × 10^354 | 4644 | 63 |
| iv_012 | 1.0575183675826436 × 10^355 | 4184 | 86 |
| iv_013 | 1.3106987265822082 × 10^355 | 4534 | 78 |
| iv_005 | 2.03302841233784 × 10^355 | 4761 | 59 |
| iv_009 | 2.103697670970503 × 10^355 | 4757 | 77 |

### Input Bits Sorted by Occurrences

| Input Bit | Complexity | Occurrences | Output Occurrences |
|:---------:|:----------:|:-----------:|:------------------:|
| iv_012 | 1.0575183675826436 × 10^355 | 4184 | 86 |
| iv_002 | 3.3453085212375454 × 10^354 | 4373 | 77 |
| iv_003 | 5.0734277507507305 × 10^353 | 4375 | 75 |
| iv_006 | 2.4434704102878434 × 10^354 | 4400 | 80 |
| iv_008 | 3.9912127074333395 × 10^354 | 4446 | 69 |
| iv_010 | 6.404337412974782 × 10^354 | 4482 | 83 |
| iv_016 | 1.3343118574821683 × 10^352 | 4503 | 79 |
| iv_013 | 1.3106987265822082 × 10^355 | 4534 | 78 |
| iv_004 | 1.10356288041631 × 10^354 | 4538 | 77 |
| iv_001 | 4.074304770590068 × 10^352 | 4567 | 75 |
| iv_011 | 8.360003533821305 × 10^354 | 4644 | 63 |
| iv_009 | 2.103697670970503 × 10^355 | 4757 | 77 |
| iv_005 | 2.03302841233784 × 10^355 | 4761 | 59 |

### Input Bits Sorted by Output Occurrences

| Input Bit | Complexity | Occurrences | Output Occurrences |
|:---------:|:----------:|:-----------:|:------------------:|
| iv_005 | 2.03302841233784 × 10^355 | 4761 | 59 |
| iv_011 | 8.360003533821305 × 10^354 | 4644 | 63 |
| iv_008 | 3.9912127074333395 × 10^354 | 4446 | 69 |
| iv_003 | 5.0734277507507305 × 10^353 | 4375 | 75 |
| iv_001 | 4.074304770590068 × 10^352 | 4567 | 75 |
| iv_004 | 1.10356288041631 × 10^354 | 4538 | 77 |
| iv_009 | 2.103697670970503 × 10^355 | 4757 | 77 |
| iv_002 | 3.3453085212375454 × 10^354 | 4373 | 77 |
| iv_013 | 1.3106987265822082 × 10^355 | 4534 | 78 |
| iv_016 | 1.3343118574821683 × 10^352 | 4503 | 79 |
| iv_006 | 2.4434704102878434 × 10^354 | 4400 | 80 |
| iv_010 | 6.404337412974782 × 10^354 | 4482 | 83 |
| iv_012 | 1.0575183675826436 × 10^355 | 4184 | 86 |

## Input Bit Co-occurrences

### Input Bit Co-occurrences Sorted by Co-occurrences

| Input Bits | Co-occurrences | Potential Occurrences | Output Co-occurrences | Potential Output Occurrences |
|:----------:|:--------------:|:---------------------:|:---------------------:|:----------------------------:|
| iv_009-iv_013 | 2286 | 4719 | 32 | 91 |
| iv_001-iv_006 | 2241 | 4485 | 39 | 77 |
| iv_003-iv_009 | 2233 | 4666 | 33 | 86 |
| iv_004-iv_009 | 2233 | 4829 | 39 | 76 |
| iv_008-iv_009 | 2195 | 4813 | 37 | 72 |
| iv_005-iv_009 | 2189 | 5140 | 27 | 82 |
| iv_003-iv_004 | 2188 | 4537 | 38 | 76 |
| iv_003-iv_013 | 2188 | 4533 | 36 | 81 |
| iv_001-iv_016 | 2182 | 4706 | 37 | 80 |
| iv_008-iv_013 | 2180 | 4620 | 34 | 79 |
| iv_011-iv_016 | 2180 | 4787 | 26 | 90 |
| iv_010-iv_011 | 2178 | 4770 | 35 | 76 |
| iv_009-iv_011 | 2172 | 5057 | 28 | 84 |

### Input Bit Co-occurrences Sorted by Potential Occurrences

| Input Bits | Co-occurrences | Potential Occurrences | Output Co-occurrences | Potential Output Occurrences |
|:----------:|:--------------:|:---------------------:|:---------------------:|:----------------------------:|
| iv_001-iv_006 | 2241 | 4485 | 39 | 77 |
| iv_003-iv_012 | 2037 | 4485 | 42 | 77 |
| iv_003-iv_013 | 2188 | 4533 | 36 | 81 |
| iv_003-iv_004 | 2188 | 4537 | 38 | 76 |
| iv_003-iv_008 | 2141 | 4539 | 34 | 76 |
| iv_002-iv_012 | 2005 | 4547 | 45 | 73 |
| iv_008-iv_012 | 2031 | 4568 | 37 | 81 |
| iv_008-iv_013 | 2180 | 4620 | 34 | 79 |
| iv_012-iv_013 | 2046 | 4626 | 42 | 80 |
| iv_003-iv_009 | 2233 | 4666 | 33 | 86 |
| iv_006-iv_016 | 2113 | 4677 | 37 | 85 |
| iv_001-iv_016 | 2182 | 4706 | 37 | 80 |
| iv_009-iv_013 | 2286 | 4719 | 32 | 91 |

### Input Bit Output Co-occurrences Sorted by Output Co-occurrences

| Input Bits | Co-occurrences | Potential Occurrences | Output Co-occurrences | Potential Output Occurrences |
|:----------:|:--------------:|:---------------------:|:---------------------:|:----------------------------:|
| iv_002-iv_012 | 2005 | 4547 | 45 | 73 |
| iv_004-iv_010 | 2128 | 4764 | 44 | 72 |
| iv_006-iv_012 | 1931 | 4722 | 44 | 78 |
| iv_001-iv_010 | 2111 | 4827 | 44 | 70 |
| iv_004-iv_012 | 1968 | 4786 | 43 | 77 |
| iv_009-iv_010 | 2153 | 4933 | 43 | 74 |
| iv_002-iv_009 | 2058 | 5014 | 43 | 68 |
| iv_003-iv_012 | 2037 | 4485 | 42 | 77 |
| iv_001-iv_009 | 2080 | 5164 | 42 | 68 |
| iv_004-iv_013 | 2141 | 4790 | 42 | 71 |
| iv_001-iv_012 | 1987 | 4777 | 42 | 77 |
| iv_002-iv_004 | 2061 | 4789 | 42 | 70 |
| iv_012-iv_013 | 2046 | 4626 | 42 | 80 |

### Input Bit Output Co-occurrences Sorted by Potential Output Occurrences

| Input Bits | Co-occurrences | Potential Occurrences | Output Co-occurrences | Potential Output Occurrences |
|:----------:|:--------------:|:---------------------:|:---------------------:|:----------------------------:|
| iv_001-iv_009 | 2080 | 5164 | 42 | 68 |
| iv_002-iv_009 | 2058 | 5014 | 43 | 68 |
| iv_004-iv_011 | 2066 | 5050 | 36 | 68 |
| iv_001-iv_010 | 2111 | 4827 | 44 | 70 |
| iv_002-iv_004 | 2061 | 4789 | 42 | 70 |
| iv_005-iv_011 | 2057 | 5291 | 26 | 70 |
| iv_004-iv_013 | 2141 | 4790 | 42 | 71 |
| iv_004-iv_010 | 2128 | 4764 | 44 | 72 |
| iv_008-iv_009 | 2195 | 4813 | 37 | 72 |
| iv_001-iv_003 | 2012 | 4918 | 39 | 72 |
| iv_006-iv_008 | 2015 | 4816 | 38 | 73 |
| iv_002-iv_012 | 2005 | 4547 | 45 | 73 |
| iv_004-iv_008 | 2115 | 4754 | 36 | 74 |

## Output Bits

### Output Bits in Regular Order

| Rank | Output Bit | Complexity |
|:----:|:----------:|:----------:|
| 1 | ov_001 | 1.39705883617388 × 10^355 |
| 2 | ov_002 | 1.2199050083567933 × 10^355 |
| 3 | ov_003 | 1.0606845500697053 × 10^355 |
| 4 | ov_004 | 9.179769849607818 × 10^354 |
| 5 | ov_005 | 7.904412046799576 × 10^354 |
| 6 | ov_006 | 6.768099462651074 × 10^354 |
| 7 | ov_007 | 5.758849273712544 × 10^354 |
| 8 | ov_008 | 4.865325738414738 × 10^354 |
| 9 | ov_009 | 4.076802895390506 × 10^354 |
| 10 | ov_010 | 3.383132328609095 × 10^354 |
| 11 | ov_011 | 2.779380494169558 × 10^354 |
| 12 | ov_012 | 2.2608825702552343 × 10^354 |
| 13 | ov_013 | 1.8190746976950823 × 10^354 |
| 14 | ov_014 | 1.4458847497248457 × 10^354 |
| 15 | ov_015 | 1.1337194222786486 × 10^354 |
| 16 | ov_016 | 8.754538906677081 × 10^353 |
| 17 | ov_017 | 6.644236607064462 × 10^353 |
| 18 | ov_018 | 4.94418272882452 × 10^353 |
| 19 | ov_019 | 3.596765482575116 × 10^353 |
| 20 | ov_020 | 2.548830945417478 × 10^353 |
| 21 | ov_021 | 1.7516582029464584 × 10^353 |
| 22 | ov_022 | 1.16094234551655 × 10^353 |
| 23 | ov_023 | 7.367833841292154 × 10^352 |
| 24 | ov_024 | 4.436794430551117 × 10^352 |
| 25 | ov_025 | 2.5052287771886183 × 10^352 |
| 26 | ov_026 | 1.305982564761412 × 10^352 |
| 27 | ov_027 | 6.158142694005693 × 10^351 |
| 28 | ov_028 | 2.5539144748861107 × 10^351 |
| 29 | ov_029 | 8.92895300211834 × 10^350 |
| 30 | ov_030 | 2.451851500216407 × 10^350 |
| 31 | ov_031 | 4.784482990490897 × 10^349 |
| 32 | lv_80_m31 | 9.335109010243985 × 10^348 |
| 33 | ov_033 | 1.1557820673459529 × 10^350 |
| 34 | ov_034 | 1.0084817310040694 × 10^350 |
| 35 | ov_035 | 8.76540341363303 × 10^349 |
| 36 | ov_036 | 7.5865779288083 × 10^349 |
| 37 | ov_037 | 6.536138545593889 × 10^349 |
| 38 | ov_038 | 5.602627643464105 × 10^349 |
| 39 | ov_039 | 4.7752830412671916 × 10^349 |
| 40 | ov_040 | 4.0439932927070094 × 10^349 |
| 41 | ov_041 | 3.399257277788293 × 10^349 |
| 42 | ov_042 | 2.832147849646813 × 10^349 |
| 43 | ov_043 | 2.334279303643457 × 10^349 |
| 44 | ov_044 | 1.9015903133633902 × 10^349 |
| 45 | ov_045 | 1.530269007152538 × 10^349 |
| 46 | ov_046 | 1.2167410026926855 × 10^349 |
| 47 | ov_047 | 9.545296518916367 × 10^348 |
| 48 | ov_048 | 7.375866355867837 × 10^348 |
| 49 | ov_049 | 5.602777393424173 × 10^348 |
| 50 | ov_050 | 4.1737093542836095 × 10^348 |
| 51 | ov_051 | 3.040265619152752 × 10^348 |
| 52 | ov_052 | 2.157893903679496 × 10^348 |
| 53 | ov_053 | 1.4858237395976137 × 10^348 |
| 54 | ov_054 | 9.870186803405459 × 10^347 |
| 55 | ov_055 | 6.281411524458366 × 10^347 |
| 56 | ov_056 | 3.7952787454703605 × 10^347 |
| 57 | ov_057 | 2.1517376596555753 × 10^347 |
| 58 | ov_058 | 1.127222844214379 × 10^347 |
| 59 | ov_059 | 5.346023503177409 × 10^346 |
| 60 | ov_060 | 2.231535875687971 × 10^346 |
| 61 | ov_061 | 7.85540965896267 × 10^345 |
| 62 | ov_062 | 2.1721557828658206 × 10^345 |
| 63 | ov_063 | 4.2706780738898973 × 10^344 |
| 64 | lv_79_m31 | 8.39576763497772 × 10^343 |
| 65 | ov_065 | 1.1509191464281075 × 10^345 |
| 66 | ov_066 | 1.1508845947706463 × 10^345 |
| 67 | ov_067 | 1.150873539086143 × 10^345 |
| 68 | ov_068 | 1.0351541842818062 × 10^345 |
| 69 | ov_069 | 9.280688525801757 × 10^344 |
| 70 | ov_070 | 8.291327086397992 × 10^344 |
| 71 | ov_071 | 7.37895607009794 × 10^344 |
| 72 | ov_072 | 6.539379305670476 × 10^344 |
| 73 | ov_073 | 5.768668407430578 × 10^344 |
| 74 | ov_074 | 5.0631287224945536 × 10^344 |
| 75 | ov_075 | 4.4192676399903954 × 10^344 |
| 76 | ov_076 | 3.833765078802579 × 10^344 |
| 77 | ov_077 | 3.303446817536246 × 10^344 |
| 78 | ov_078 | 2.825260890755884 × 10^344 |
| 79 | ov_079 | 2.3962568604359973 × 10^344 |
| 80 | ov_080 | 2.013567775433484 × 10^344 |
| 81 | ov_081 | 1.6743946347983776 × 10^344 |
| 82 | ov_082 | 1.3759929165590696 × 10^344 |
| 83 | ov_083 | 1.1156607352993952 × 10^344 |
| 84 | ov_084 | 8.90728705967194 × 10^343 |
| 85 | ov_085 | 6.985515921747749 × 10^343 |
| 86 | ov_086 | 5.365015613264064 × 10^343 |
| 87 | ov_087 | 4.019628692411425 × 10^343 |
| 88 | ov_088 | 2.9232779713413567 × 10^343 |
| 89 | ov_089 | 2.0499366392390307 × 10^343 |
| 90 | ov_090 | 1.373607368791236 × 10^343 |
| 91 | ov_091 | 8.683086363651094 × 10^342 |
| 92 | ov_092 | 5.080665012375249 × 10^342 |
| 93 | ov_093 | 2.669101773252812 × 10^342 |
| 94 | ov_094 | 1.1886995889693114 × 10^342 |
| 95 | aaa_78_28 | 3.7976423657968287 × 10^341 |
| 96 | aaa_78_29 | 1.4248928658492116 × 10^341 |
| 97 | ov_097 | 1.3623959803342956 × 10^341 |
| 98 | ov_098 | 1.362392139446741 × 10^341 |
| 99 | ov_099 | 1.36239120957185 × 10^341 |
| 100 | ov_100 | 1.188411857337627 × 10^341 |
| 101 | ov_101 | 1.0323759966221425 × 10^341 |
| 102 | ov_102 | 8.928386238122208 × 10^340 |
| 103 | ov_103 | 7.684357393121466 × 10^340 |
| 104 | ov_104 | 6.578788942665632 × 10^340 |
| 105 | ov_105 | 5.599503951065569 × 10^340 |
| 106 | ov_106 | 4.734990867407906 × 10^340 |
| 107 | ov_107 | 3.974366437796033 × 10^340 |
| 108 | ov_108 | 3.3073431561129458 × 10^340 |
| 109 | ov_109 | 2.7242008669229878 × 10^340 |
| 110 | ov_110 | 2.2202180296686744 × 10^340 |
| 111 | ov_111 | 1.7909388128012713 × 10^340 |
| 112 | ov_112 | 1.4282115314834146 × 10^340 |
| 113 | ov_113 | 1.1243736242177263 × 10^340 |
| 114 | ov_114 | 8.722395609740491 × 10^339 |
| 115 | ov_115 | 6.6509122801435085 × 10^339 |
| 116 | ov_116 | 4.966704872909195 × 10^339 |
| 117 | ov_117 | 3.611735653059434 × 10^339 |
| 118 | ov_118 | 2.5581156836984444 × 10^339 |
| 119 | ov_119 | 1.7567829501817268 × 10^339 |
| 120 | ov_120 | 1.1631287385153668 × 10^339 |
| 121 | ov_121 | 7.369846756007842 × 10^338 |
| 122 | ov_122 | 4.4261480110520564 × 10^338 |
| 123 | ov_123 | 2.4871106789710375 × 10^338 |
| 124 | ov_124 | 1.2839101614077316 × 10^338 |
| 125 | ov_125 | 5.9196704183068374 × 10^337 |
| 126 | ov_126 | 2.3094286369620176 × 10^337 |
| 127 | aaa_77_28 | 6.473876919735898 × 10^336 |
| 128 | aaa_77_29 | 1.9702761682708824 × 10^336 |
| 129 | ov_129 | 1.1742970900675485 × 10^336 |
| 130 | ov_130 | 1.1742932485070222 × 10^336 |
| 131 | ov_131 | 1.1742923166742824 × 10^336 |
| 132 | ov_132 | 1.0247764321853757 × 10^336 |
| 133 | ov_133 | 8.914648533150659 × 10^335 |
| 134 | ov_134 | 7.729225714408109 × 10^335 |
| 135 | ov_135 | 6.677962833493551 × 10^335 |
| 136 | ov_136 | 5.748087942267947 × 10^335 |
| 137 | ov_137 | 4.9275403629801714 × 10^335 |
| 138 | ov_138 | 4.204926443181134 × 10^335 |
| 139 | ov_139 | 3.569480458938771 × 10^335 |
| 140 | ov_140 | 3.011030314512636 × 10^335 |
| 141 | ov_141 | 2.5199677063911042 × 10^335 |
| 142 | ov_142 | 2.087222438679144 × 10^335 |
| 143 | ov_143 | 1.7083909797282218 × 10^335 |
| 144 | ov_144 | 1.3793229451874531 × 10^335 |
| 145 | ov_145 | 1.096112836145588 × 10^335 |
| 146 | ov_146 | 8.550933490001884 × 10^334 |
| 147 | ov_147 | 6.528300624740962 × 10^334 |
| 148 | ov_148 | 4.861172954067197 × 10^334 |
| 149 | ov_149 | 3.519749460906846 × 10^334 |
| 150 | ov_150 | 2.4764614100831526 × 10^334 |
| 151 | ov_151 | 1.6828054607767542 × 10^334 |
| 152 | ov_152 | 1.0946774265782427 × 10^334 |
| 153 | ov_153 | 6.723594757615108 × 10^333 |
| 154 | ov_154 | 3.8051228393066798 × 10^333 |
| 155 | ov_155 | 1.8817056071967183 × 10^333 |
| 156 | aaa_76_25 | 6.874077314476014 × 10^332 |
| 157 | aaa_76_26 | 3.590441365774025 × 10^332 |
| 158 | aaa_76_27 | 1.6550618560557335 × 10^332 |
| 159 | aaa_76_28 | 6.455896469877628 × 10^331 |
| 160 | aaa_76_29 | 1.967705010004085 × 10^331 |

### Output Bits Sorted by Complexity

| Rank | Output Bit | Complexity |
|:----:|:----------:|:----------:|
| 160 | aaa_76_29 | 1.967705010004085 × 10^331 |
| 159 | aaa_76_28 | 6.455896469877628 × 10^331 |
| 158 | aaa_76_27 | 1.6550618560557335 × 10^332 |
| 157 | aaa_76_26 | 3.590441365774025 × 10^332 |
| 156 | aaa_76_25 | 6.874077314476014 × 10^332 |
| 155 | ov_155 | 1.8817056071967183 × 10^333 |
| 154 | ov_154 | 3.8051228393066798 × 10^333 |
| 153 | ov_153 | 6.723594757615108 × 10^333 |
| 152 | ov_152 | 1.0946774265782427 × 10^334 |
| 151 | ov_151 | 1.6828054607767542 × 10^334 |
| 150 | ov_150 | 2.4764614100831526 × 10^334 |
| 149 | ov_149 | 3.519749460906846 × 10^334 |
| 148 | ov_148 | 4.861172954067197 × 10^334 |
| 147 | ov_147 | 6.528300624740962 × 10^334 |
| 146 | ov_146 | 8.550933490001884 × 10^334 |
| 145 | ov_145 | 1.096112836145588 × 10^335 |
| 144 | ov_144 | 1.3793229451874531 × 10^335 |
| 143 | ov_143 | 1.7083909797282218 × 10^335 |
| 142 | ov_142 | 2.087222438679144 × 10^335 |
| 141 | ov_141 | 2.5199677063911042 × 10^335 |
| 140 | ov_140 | 3.011030314512636 × 10^335 |
| 139 | ov_139 | 3.569480458938771 × 10^335 |
| 138 | ov_138 | 4.204926443181134 × 10^335 |
| 137 | ov_137 | 4.9275403629801714 × 10^335 |
| 136 | ov_136 | 5.748087942267947 × 10^335 |
| 135 | ov_135 | 6.677962833493551 × 10^335 |
| 134 | ov_134 | 7.729225714408109 × 10^335 |
| 133 | ov_133 | 8.914648533150659 × 10^335 |
| 132 | ov_132 | 1.0247764321853757 × 10^336 |
| 131 | ov_131 | 1.1742923166742824 × 10^336 |
| 130 | ov_130 | 1.1742932485070222 × 10^336 |
| 129 | ov_129 | 1.1742970900675485 × 10^336 |
| 128 | aaa_77_29 | 1.9702761682708824 × 10^336 |
| 127 | aaa_77_28 | 6.473876919735898 × 10^336 |
| 126 | ov_126 | 2.3094286369620176 × 10^337 |
| 125 | ov_125 | 5.9196704183068374 × 10^337 |
| 124 | ov_124 | 1.2839101614077316 × 10^338 |
| 123 | ov_123 | 2.4871106789710375 × 10^338 |
| 122 | ov_122 | 4.4261480110520564 × 10^338 |
| 121 | ov_121 | 7.369846756007842 × 10^338 |
| 120 | ov_120 | 1.1631287385153668 × 10^339 |
| 119 | ov_119 | 1.7567829501817268 × 10^339 |
| 118 | ov_118 | 2.5581156836984444 × 10^339 |
| 117 | ov_117 | 3.611735653059434 × 10^339 |
| 116 | ov_116 | 4.966704872909195 × 10^339 |
| 115 | ov_115 | 6.6509122801435085 × 10^339 |
| 114 | ov_114 | 8.722395609740491 × 10^339 |
| 113 | ov_113 | 1.1243736242177263 × 10^340 |
| 112 | ov_112 | 1.4282115314834146 × 10^340 |
| 111 | ov_111 | 1.7909388128012713 × 10^340 |
| 110 | ov_110 | 2.2202180296686744 × 10^340 |
| 109 | ov_109 | 2.7242008669229878 × 10^340 |
| 108 | ov_108 | 3.3073431561129458 × 10^340 |
| 107 | ov_107 | 3.974366437796033 × 10^340 |
| 106 | ov_106 | 4.734990867407906 × 10^340 |
| 105 | ov_105 | 5.599503951065569 × 10^340 |
| 104 | ov_104 | 6.578788942665632 × 10^340 |
| 103 | ov_103 | 7.684357393121466 × 10^340 |
| 102 | ov_102 | 8.928386238122208 × 10^340 |
| 101 | ov_101 | 1.0323759966221425 × 10^341 |
| 100 | ov_100 | 1.188411857337627 × 10^341 |
| 99 | ov_099 | 1.36239120957185 × 10^341 |
| 98 | ov_098 | 1.362392139446741 × 10^341 |
| 97 | ov_097 | 1.3623959803342956 × 10^341 |
| 96 | aaa_78_29 | 1.4248928658492116 × 10^341 |
| 95 | aaa_78_28 | 3.7976423657968287 × 10^341 |
| 94 | ov_094 | 1.1886995889693114 × 10^342 |
| 93 | ov_093 | 2.669101773252812 × 10^342 |
| 92 | ov_092 | 5.080665012375249 × 10^342 |
| 91 | ov_091 | 8.683086363651094 × 10^342 |
| 90 | ov_090 | 1.373607368791236 × 10^343 |
| 89 | ov_089 | 2.0499366392390307 × 10^343 |
| 88 | ov_088 | 2.9232779713413567 × 10^343 |
| 87 | ov_087 | 4.019628692411425 × 10^343 |
| 86 | ov_086 | 5.365015613264064 × 10^343 |
| 85 | ov_085 | 6.985515921747749 × 10^343 |
| 64 | lv_79_m31 | 8.39576763497772 × 10^343 |
| 84 | ov_084 | 8.90728705967194 × 10^343 |
| 83 | ov_083 | 1.1156607352993952 × 10^344 |
| 82 | ov_082 | 1.3759929165590696 × 10^344 |
| 81 | ov_081 | 1.6743946347983776 × 10^344 |
| 80 | ov_080 | 2.013567775433484 × 10^344 |
| 79 | ov_079 | 2.3962568604359973 × 10^344 |
| 78 | ov_078 | 2.825260890755884 × 10^344 |
| 77 | ov_077 | 3.303446817536246 × 10^344 |
| 76 | ov_076 | 3.833765078802579 × 10^344 |
| 63 | ov_063 | 4.2706780738898973 × 10^344 |
| 75 | ov_075 | 4.4192676399903954 × 10^344 |
| 74 | ov_074 | 5.0631287224945536 × 10^344 |
| 73 | ov_073 | 5.768668407430578 × 10^344 |
| 72 | ov_072 | 6.539379305670476 × 10^344 |
| 71 | ov_071 | 7.37895607009794 × 10^344 |
| 70 | ov_070 | 8.291327086397992 × 10^344 |
| 69 | ov_069 | 9.280688525801757 × 10^344 |
| 68 | ov_068 | 1.0351541842818062 × 10^345 |
| 67 | ov_067 | 1.150873539086143 × 10^345 |
| 66 | ov_066 | 1.1508845947706463 × 10^345 |
| 65 | ov_065 | 1.1509191464281075 × 10^345 |
| 62 | ov_062 | 2.1721557828658206 × 10^345 |
| 61 | ov_061 | 7.85540965896267 × 10^345 |
| 60 | ov_060 | 2.231535875687971 × 10^346 |
| 59 | ov_059 | 5.346023503177409 × 10^346 |
| 58 | ov_058 | 1.127222844214379 × 10^347 |
| 57 | ov_057 | 2.1517376596555753 × 10^347 |
| 56 | ov_056 | 3.7952787454703605 × 10^347 |
| 55 | ov_055 | 6.281411524458366 × 10^347 |
| 54 | ov_054 | 9.870186803405459 × 10^347 |
| 53 | ov_053 | 1.4858237395976137 × 10^348 |
| 52 | ov_052 | 2.157893903679496 × 10^348 |
| 51 | ov_051 | 3.040265619152752 × 10^348 |
| 50 | ov_050 | 4.1737093542836095 × 10^348 |
| 49 | ov_049 | 5.602777393424173 × 10^348 |
| 48 | ov_048 | 7.375866355867837 × 10^348 |
| 32 | lv_80_m31 | 9.335109010243985 × 10^348 |
| 47 | ov_047 | 9.545296518916367 × 10^348 |
| 46 | ov_046 | 1.2167410026926855 × 10^349 |
| 45 | ov_045 | 1.530269007152538 × 10^349 |
| 44 | ov_044 | 1.9015903133633902 × 10^349 |
| 43 | ov_043 | 2.334279303643457 × 10^349 |
| 42 | ov_042 | 2.832147849646813 × 10^349 |
| 41 | ov_041 | 3.399257277788293 × 10^349 |
| 40 | ov_040 | 4.0439932927070094 × 10^349 |
| 39 | ov_039 | 4.7752830412671916 × 10^349 |
| 31 | ov_031 | 4.784482990490897 × 10^349 |
| 38 | ov_038 | 5.602627643464105 × 10^349 |
| 37 | ov_037 | 6.536138545593889 × 10^349 |
| 36 | ov_036 | 7.5865779288083 × 10^349 |
| 35 | ov_035 | 8.76540341363303 × 10^349 |
| 34 | ov_034 | 1.0084817310040694 × 10^350 |
| 33 | ov_033 | 1.1557820673459529 × 10^350 |
| 30 | ov_030 | 2.451851500216407 × 10^350 |
| 29 | ov_029 | 8.92895300211834 × 10^350 |
| 28 | ov_028 | 2.5539144748861107 × 10^351 |
| 27 | ov_027 | 6.158142694005693 × 10^351 |
| 26 | ov_026 | 1.305982564761412 × 10^352 |
| 25 | ov_025 | 2.5052287771886183 × 10^352 |
| 24 | ov_024 | 4.436794430551117 × 10^352 |
| 23 | ov_023 | 7.367833841292154 × 10^352 |
| 22 | ov_022 | 1.16094234551655 × 10^353 |
| 21 | ov_021 | 1.7516582029464584 × 10^353 |
| 20 | ov_020 | 2.548830945417478 × 10^353 |
| 19 | ov_019 | 3.596765482575116 × 10^353 |
| 18 | ov_018 | 4.94418272882452 × 10^353 |
| 17 | ov_017 | 6.644236607064462 × 10^353 |
| 16 | ov_016 | 8.754538906677081 × 10^353 |
| 15 | ov_015 | 1.1337194222786486 × 10^354 |
| 14 | ov_014 | 1.4458847497248457 × 10^354 |
| 13 | ov_013 | 1.8190746976950823 × 10^354 |
| 12 | ov_012 | 2.2608825702552343 × 10^354 |
| 11 | ov_011 | 2.779380494169558 × 10^354 |
| 10 | ov_010 | 3.383132328609095 × 10^354 |
| 9 | ov_009 | 4.076802895390506 × 10^354 |
| 8 | ov_008 | 4.865325738414738 × 10^354 |
| 7 | ov_007 | 5.758849273712544 × 10^354 |
| 6 | ov_006 | 6.768099462651074 × 10^354 |
| 5 | ov_005 | 7.904412046799576 × 10^354 |
| 4 | ov_004 | 9.179769849607818 × 10^354 |
| 3 | ov_003 | 1.0606845500697053 × 10^355 |
| 2 | ov_002 | 1.2199050083567933 × 10^355 |
| 1 | ov_001 | 1.39705883617388 × 10^355 |

