# Results for E002007-E005015-O008009-F017-F018-F019-F020-F021-F022-F023-F024-F025-F026-F027-F028-F029-F030-F031-F032-F033-F034-F035-F036-F037-F038-F039-F040-F041-F042-F043-F044-F045-F046-F047-F048-F049-F050-F051-F052-F053-F054-F055-F056-F057-F058-F059-F060-F061-F062-F063-F064-F065-F066-F067-F068-F069-F070-F071-F072-F073-F074-F075-F076-F077-F078-F079-F080-F081-F082-F083-F084-F085-F086-F087-F088-F089-F090-F091-F092-F093-F094-F095-F096-F097-F098-F099-F100-F101-F102-F103-F104-F105-F106-F107-F108-F109-F110-F111-F112-F113-F114-F115-F116-F117-F118-F119-F120-F121-F122-F123-F124-F125-F126-F127-F128-F129-F130-F131-F132-F133-F134-F135-F136-F137-F138-F139-F140-F141-F142-F143-F144-F145-F146-F147-F148-F149-F150-F151-F152-F153-F154-F155-F156-F157-F158-F159-F160-F161-F162-F163-F164-F165-F166-F167-F168-F169-F170-F171-F172-F173-F174-F175-F176-F177-F178-F179-F180-F181-F182-F183-F184-F185-F186-F187-F188-F189-F190-F191-F192-F193-F194-F195-F196-F197-F198-F199-F200-F201-F202-F203-F204-F205-F206-F207-F208-F209-F210-F211-F212-F213-F214-F215-F216-F217-F218-F219-F220-F221-F222-F223-F224-F225-F226-F227-F228-F229-F230-F231-F232-F233-F234-F235-F236-F237-F238-F239-F240-F241-F242-F243-F244-F245-F246-F247-F248-F249-F250-F251-F252-F253-F254-F255-F256-F257-F258-F259-F260-F261-F262-F263-F264-F265-F266-F267-F268-F269-F270-F271-F272-F273-F274-F275-F276-F277-F278-F279-F280-F281-F282-F283-F284-F285-F286-F287-F288-F289-F290-F291-F292-F293-F294-F295-F296-F297-F298-F299-F300-F301-F302-F303-F304-F305-F306-F307-F308-F309-F310-F311-F312-F313-F314-F315-F316-F317-F318-F319-F320-F321-F322-F323-F324-F325-F326-F327-F328-F329-F330-F331-F332-F333-F334-F335-F336-F337-F338-F339-F340-F341-F342-F343-F344-F345-F346-F347-F348-F349-F350-F351-F352-F353-F354-F355-F356-F357-F358-F359-F360-F361-F362-F363-F364-F365-F366-F367-F368-F369-F370-F371-F372-F373-F374-F375-F376-F377-F378-F379-F380-F381-F382-F383-F384-F385-F386-F387-F388-F389-F390-F391-F392-F393-F394-F395-F396-F397-F398-F399-F400-F401-F402-F403-F404-F405-F406-F407-F408-F409-F410-F411-F412-F413-F414-F415-F416-F417-F418-F419-F420-F421-F422-F423-F424-F425-F426-F427-F428-F429-F430-F431-F432-F433-F434-F435-F436-F437-F438-F439-F440-F441-F442-F443-F444-F445-F446-F447-F448-F449-F450-F451-F452-F453-F454-F455-F456-F457-F458-F459-F460-F461-F462-F463-F464-F465-F466-F467-F468-F469-F470-F471-F472-F473-F474-F475-F476-F477-F478-F479-F480-F481-F482-F483-F484-F485-F486-F487-F488-F489-F490-F491-F492-F493-F494-F495-F496-F497-F498-F499-F500-F501-F502-F503-F504-F505-F506-F507-F508-F509-F510-F511-F512

## Summary

Number of input bits: 512  
Number of free input bits: 13  
Number of output bits: 160

Number of direct occurrences: 59697  
Number of assignments: 39408  
Number of operations: 19725939
(xor: 19687005,
and: 22273,
or: 16661)

Total complexity: 7.092992117971102 × 10^359

Least occurring input variable: iv_012 (4228)  
Most occurring input variable: iv_005 (4942)

Most co-occurring input variables: iv_013-iv_014 (2317)  
Least co-occurring input variables: iv_012-iv_016 (1949)

Potentially most occurring input variable: iv_005/iv_016 (5373)  
Potentially least occurring input variable: iv_003/iv_012 (4507)

Least output occurring input variable: iv_008 (75)  
Most output occurring input variable: iv_010 (95)

Most output co-occurring input variables: iv_004-iv_010 (54)  
Least output co-occurring input variables: iv_001-iv_014 (32)

Potentially most output occurring input variable: iv_005/iv_016 (97)  
Potentially least output occurring input variable: iv_006/iv_013 (69)

Least complex input bit: iv_016 (1.0371284869710053 × 10^356)  
Most complex input bit: iv_005 (1.5802240454010056 × 10^359)

Least complex output bit: aaa_76_29 (1.6535099417644665 × 10^334)  
Most complex output bit: ov_001 (1.0857604381815907 × 10^359)

Least complex input/output complexity: iv_016/aaa_76_29 (2.417741674558955 × 10^330)  
Most complex input/output complexity: iv_005/ov_001 (2.4189294495514774 × 10^358)

## Input Bits

### Input Bits in Regular Order

| Input Bit | Complexity | Occurrences | Output Occurrences |
|:---------:|:----------:|:-----------:|:------------------:|
| iv_001 | 3.16685902061491 × 10^356 | 4607 | 82 |
| iv_002 | 2.6002277845519813 × 10^358 | 4466 | 82 |
| iv_003 | 3.9434532619846235 × 10^357 | 4461 | 80 |
| iv_004 | 8.577728617380767 × 10^357 | 4613 | 84 |
| iv_005 | 1.5802240454010056 × 10^359 | 4942 | 77 |
| iv_006 | 1.8992507301570718 × 10^358 | 4471 | 85 |
| iv_008 | 6.9987833437034675 × 10^358 | 4488 | 75 |
| iv_010 | 4.9779373044798754 × 10^358 | 4600 | 95 |
| iv_011 | 6.498029502986864 × 10^358 | 4805 | 81 |
| iv_012 | 8.21983570306154 × 10^358 | 4228 | 81 |
| iv_013 | 1.018774568742972 × 10^359 | 4696 | 82 |
| iv_014 | 1.2451712606318157 × 10^359 | 4767 | 75 |
| iv_016 | 1.0371284869710053 × 10^356 | 4553 | 84 |

### Input Bits Sorted by Complexity

| Input Bit | Complexity | Occurrences | Output Occurrences |
|:---------:|:----------:|:-----------:|:------------------:|
| iv_016 | 1.0371284869710053 × 10^356 | 4553 | 84 |
| iv_001 | 3.16685902061491 × 10^356 | 4607 | 82 |
| iv_003 | 3.9434532619846235 × 10^357 | 4461 | 80 |
| iv_004 | 8.577728617380767 × 10^357 | 4613 | 84 |
| iv_006 | 1.8992507301570718 × 10^358 | 4471 | 85 |
| iv_002 | 2.6002277845519813 × 10^358 | 4466 | 82 |
| iv_010 | 4.9779373044798754 × 10^358 | 4600 | 95 |
| iv_011 | 6.498029502986864 × 10^358 | 4805 | 81 |
| iv_008 | 6.9987833437034675 × 10^358 | 4488 | 75 |
| iv_012 | 8.21983570306154 × 10^358 | 4228 | 81 |
| iv_013 | 1.018774568742972 × 10^359 | 4696 | 82 |
| iv_014 | 1.2451712606318157 × 10^359 | 4767 | 75 |
| iv_005 | 1.5802240454010056 × 10^359 | 4942 | 77 |

### Input Bits Sorted by Occurrences

| Input Bit | Complexity | Occurrences | Output Occurrences |
|:---------:|:----------:|:-----------:|:------------------:|
| iv_012 | 8.21983570306154 × 10^358 | 4228 | 81 |
| iv_003 | 3.9434532619846235 × 10^357 | 4461 | 80 |
| iv_002 | 2.6002277845519813 × 10^358 | 4466 | 82 |
| iv_006 | 1.8992507301570718 × 10^358 | 4471 | 85 |
| iv_008 | 6.9987833437034675 × 10^358 | 4488 | 75 |
| iv_016 | 1.0371284869710053 × 10^356 | 4553 | 84 |
| iv_010 | 4.9779373044798754 × 10^358 | 4600 | 95 |
| iv_001 | 3.16685902061491 × 10^356 | 4607 | 82 |
| iv_004 | 8.577728617380767 × 10^357 | 4613 | 84 |
| iv_013 | 1.018774568742972 × 10^359 | 4696 | 82 |
| iv_014 | 1.2451712606318157 × 10^359 | 4767 | 75 |
| iv_011 | 6.498029502986864 × 10^358 | 4805 | 81 |
| iv_005 | 1.5802240454010056 × 10^359 | 4942 | 77 |

### Input Bits Sorted by Output Occurrences

| Input Bit | Complexity | Occurrences | Output Occurrences |
|:---------:|:----------:|:-----------:|:------------------:|
| iv_008 | 6.9987833437034675 × 10^358 | 4488 | 75 |
| iv_014 | 1.2451712606318157 × 10^359 | 4767 | 75 |
| iv_005 | 1.5802240454010056 × 10^359 | 4942 | 77 |
| iv_003 | 3.9434532619846235 × 10^357 | 4461 | 80 |
| iv_011 | 6.498029502986864 × 10^358 | 4805 | 81 |
| iv_012 | 8.21983570306154 × 10^358 | 4228 | 81 |
| iv_001 | 3.16685902061491 × 10^356 | 4607 | 82 |
| iv_013 | 1.018774568742972 × 10^359 | 4696 | 82 |
| iv_002 | 2.6002277845519813 × 10^358 | 4466 | 82 |
| iv_016 | 1.0371284869710053 × 10^356 | 4553 | 84 |
| iv_004 | 8.577728617380767 × 10^357 | 4613 | 84 |
| iv_006 | 1.8992507301570718 × 10^358 | 4471 | 85 |
| iv_010 | 4.9779373044798754 × 10^358 | 4600 | 95 |

## Input Bit Co-occurrences

### Input Bit Co-occurrences Sorted by Co-occurrences

| Input Bits | Co-occurrences | Potential Occurrences | Output Co-occurrences | Potential Output Occurrences |
|:----------:|:--------------:|:---------------------:|:---------------------:|:----------------------------:|
| iv_013-iv_014 | 2317 | 4829 | 39 | 79 |
| iv_005-iv_014 | 2304 | 5101 | 39 | 74 |
| iv_010-iv_011 | 2304 | 4797 | 50 | 76 |
| iv_001-iv_006 | 2278 | 4522 | 43 | 81 |
| iv_011-iv_016 | 2266 | 4826 | 41 | 83 |
| iv_004-iv_005 | 2259 | 5037 | 41 | 79 |
| iv_011-iv_014 | 2254 | 5064 | 38 | 80 |
| iv_001-iv_011 | 2247 | 4918 | 42 | 79 |
| iv_003-iv_013 | 2245 | 4667 | 43 | 76 |
| iv_006-iv_011 | 2241 | 4794 | 44 | 78 |
| iv_004-iv_013 | 2220 | 4869 | 45 | 76 |
| iv_008-iv_011 | 2217 | 4859 | 37 | 82 |
| iv_005-iv_010 | 2215 | 5112 | 46 | 80 |

### Input Bit Co-occurrences Sorted by Potential Occurrences

| Input Bits | Co-occurrences | Potential Occurrences | Output Co-occurrences | Potential Output Occurrences |
|:----------:|:--------------:|:---------------------:|:---------------------:|:----------------------------:|
| iv_003-iv_012 | 2091 | 4507 | 46 | 69 |
| iv_001-iv_006 | 2278 | 4522 | 43 | 81 |
| iv_008-iv_012 | 2067 | 4582 | 41 | 74 |
| iv_002-iv_012 | 2054 | 4586 | 41 | 81 |
| iv_003-iv_013 | 2245 | 4667 | 43 | 76 |
| iv_003-iv_004 | 2201 | 4672 | 41 | 82 |
| iv_012-iv_013 | 2112 | 4700 | 39 | 85 |
| iv_008-iv_010 | 2192 | 4704 | 47 | 76 |
| iv_006-iv_016 | 2155 | 4714 | 49 | 71 |
| iv_001-iv_012 | 2044 | 4747 | 47 | 69 |
| iv_004-iv_008 | 2168 | 4765 | 41 | 77 |
| iv_001-iv_016 | 2193 | 4774 | 44 | 78 |
| iv_006-iv_012 | 1954 | 4791 | 44 | 78 |

### Input Bit Output Co-occurrences Sorted by Output Co-occurrences

| Input Bits | Co-occurrences | Potential Occurrences | Output Co-occurrences | Potential Output Occurrences |
|:----------:|:--------------:|:---------------------:|:---------------------:|:----------------------------:|
| iv_004-iv_010 | 2200 | 4813 | 54 | 71 |
| iv_006-iv_010 | 2075 | 4921 | 53 | 74 |
| iv_010-iv_012 | 2018 | 4792 | 52 | 72 |
| iv_002-iv_010 | 2096 | 4874 | 51 | 75 |
| iv_001-iv_010 | 2112 | 4983 | 50 | 77 |
| iv_010-iv_011 | 2304 | 4797 | 50 | 76 |
| iv_006-iv_013 | 2150 | 4867 | 49 | 69 |
| iv_006-iv_016 | 2155 | 4714 | 49 | 71 |
| iv_010-iv_013 | 2118 | 5060 | 49 | 79 |
| iv_003-iv_010 | 2037 | 4987 | 49 | 77 |
| iv_004-iv_006 | 2068 | 4948 | 48 | 73 |
| iv_008-iv_010 | 2192 | 4704 | 47 | 76 |
| iv_001-iv_012 | 2044 | 4747 | 47 | 69 |

### Input Bit Output Co-occurrences Sorted by Potential Output Occurrences

| Input Bits | Co-occurrences | Potential Occurrences | Output Co-occurrences | Potential Output Occurrences |
|:----------:|:--------------:|:---------------------:|:---------------------:|:----------------------------:|
| iv_006-iv_013 | 2150 | 4867 | 49 | 69 |
| iv_001-iv_012 | 2044 | 4747 | 47 | 69 |
| iv_003-iv_012 | 2091 | 4507 | 46 | 69 |
| iv_006-iv_016 | 2155 | 4714 | 49 | 71 |
| iv_004-iv_010 | 2200 | 4813 | 54 | 71 |
| iv_002-iv_005 | 2049 | 5310 | 44 | 71 |
| iv_002-iv_008 | 2059 | 4836 | 43 | 71 |
| iv_010-iv_012 | 2018 | 4792 | 52 | 72 |
| iv_005-iv_011 | 2210 | 5327 | 43 | 72 |
| iv_005-iv_008 | 2124 | 5182 | 40 | 72 |
| iv_004-iv_006 | 2068 | 4948 | 48 | 73 |
| iv_004-iv_012 | 2006 | 4829 | 46 | 73 |
| iv_006-iv_010 | 2075 | 4921 | 53 | 74 |

## Output Bits

### Output Bits in Regular Order

| Rank | Output Bit | Complexity |
|:----:|:----------:|:----------:|
| 1 | ov_001 | 1.0857604381815907 × 10^359 |
| 2 | ov_002 | 9.480837698933187 × 10^358 |
| 3 | ov_003 | 8.243466775876842 × 10^358 |
| 4 | ov_004 | 7.1344407086273605 × 10^358 |
| 5 | ov_005 | 6.1433281738769125 × 10^358 |
| 6 | ov_006 | 5.260274141051616 × 10^358 |
| 7 | ov_007 | 4.475961696283414 × 10^358 |
| 8 | ov_008 | 3.781578484974342 × 10^358 |
| 9 | ov_009 | 3.168787393842455 × 10^358 |
| 10 | ov_010 | 2.6297012015814503 × 10^358 |
| 11 | ov_011 | 2.16048584261568 × 10^358 |
| 12 | ov_012 | 1.7575164215643739 × 10^358 |
| 13 | ov_013 | 1.4141388735815972 × 10^358 |
| 14 | ov_014 | 1.124081494876064 × 10^358 |
| 15 | ov_015 | 8.814447846201718 × 10^357 |
| 16 | ov_016 | 6.806933101050504 × 10^357 |
| 17 | ov_017 | 5.166493022683705 × 10^357 |
| 18 | ov_018 | 3.844877122462624 × 10^357 |
| 19 | ov_019 | 2.79732483006076 × 10^357 |
| 20 | ov_020 | 1.9825381344037433 × 10^357 |
| 21 | ov_021 | 1.3626621557267848 × 10^357 |
| 22 | ov_022 | 9.032718876252126 × 10^356 |
| 23 | ov_023 | 5.733635801533715 × 10^356 |
| 24 | ov_024 | 3.453494671064747 × 10^356 |
| 25 | ov_025 | 1.9505477265236524 × 10^356 |
| 26 | ov_026 | 1.0171616352645507 × 10^356 |
| 27 | ov_027 | 4.798103736841106 × 10^355 |
| 28 | ov_028 | 1.9907241629564305 × 10^355 |
| 29 | ov_029 | 6.96298292932346 × 10^354 |
| 30 | ov_030 | 1.9128295316298678 × 10^354 |
| 31 | ov_031 | 3.734329979176358 × 10^353 |
| 32 | lv_80_m31 | 7.289349454569816 × 10^352 |
| 33 | ov_033 | 9.025156871641044 × 10^353 |
| 34 | ov_034 | 7.885408316528178 × 10^353 |
| 35 | ov_035 | 6.861914858520792 × 10^353 |
| 36 | ov_036 | 5.945300249226464 × 10^353 |
| 37 | ov_037 | 5.1267100521452195 × 10^353 |
| 38 | ov_038 | 4.39777510659533 × 10^353 |
| 39 | ov_039 | 3.750579534163877 × 10^353 |
| 40 | ov_040 | 3.1776328838400836 × 10^353 |
| 41 | ov_041 | 2.67184603386611 × 10^353 |
| 42 | ov_042 | 2.2265104893101754 × 10^353 |
| 43 | ov_043 | 1.8352807345800134 × 10^353 |
| 44 | ov_044 | 1.4950727313733458 × 10^353 |
| 45 | ov_045 | 1.2029730679982132 × 10^353 |
| 46 | ov_046 | 9.56233289632782 × 10^352 |
| 47 | ov_047 | 7.498335778920991 × 10^352 |
| 48 | ov_048 | 5.790640980466592 × 10^352 |
| 49 | ov_049 | 4.395195908720241 × 10^352 |
| 50 | ov_050 | 3.270951598563758 × 10^352 |
| 51 | ov_051 | 2.379830599637606 × 10^352 |
| 52 | ov_052 | 1.6867031171832551 × 10^352 |
| 53 | ov_053 | 1.1593698189703228 × 10^352 |
| 54 | ov_054 | 7.685498961251557 × 10^351 |
| 55 | ov_055 | 4.87873140452093 × 10^351 |
| 56 | ov_056 | 2.9387497552252226 × 10^351 |
| 57 | ov_057 | 1.65993553451549 × 10^351 |
| 58 | ov_058 | 8.656820391170624 × 10^350 |
| 59 | ov_059 | 4.083870090240867 × 10^350 |
| 60 | ov_060 | 1.6944977330256913 × 10^350 |
| 61 | ov_061 | 5.927041284406752 × 10^349 |
| 62 | ov_062 | 1.6282094796822706 × 10^349 |
| 63 | ov_063 | 3.178439848263112 × 10^348 |
| 64 | lv_79_m31 | 6.203509896563138 × 10^347 |
| 65 | ov_065 | 7.609417364586944 × 10^348 |
| 66 | ov_066 | 7.609388323872602 × 10^348 |
| 67 | ov_067 | 7.609379031554791 × 10^348 |
| 68 | ov_068 | 6.6419195643699 × 10^348 |
| 69 | ov_069 | 5.771722362650581 × 10^348 |
| 70 | ov_070 | 4.991530518616822 × 10^348 |
| 71 | ov_071 | 4.294494629281444 × 10^348 |
| 72 | ov_072 | 3.6741436395469886 × 10^348 |
| 73 | ov_073 | 3.1243591831008686 × 10^348 |
| 74 | ov_074 | 2.63935307499935 × 10^348 |
| 75 | ov_075 | 2.2136476663890717 × 10^348 |
| 76 | ov_076 | 1.8420588628436042 × 10^348 |
| 77 | ov_077 | 1.519681623209082 × 10^348 |
| 78 | ov_078 | 1.2418777000701073 × 10^348 |
| 79 | ov_079 | 1.0042653641152673 × 10^348 |
| 80 | ov_080 | 8.027108707403831 × 10^347 |
| 81 | ov_081 | 6.333214429609545 × 10^347 |
| 82 | ov_082 | 4.924395601858711 × 10^347 |
| 83 | ov_083 | 3.766383792489891 × 10^347 |
| 84 | ov_084 | 2.8271815079838675 × 10^347 |
| 85 | ov_085 | 2.077034876342952 × 10^347 |
| 86 | ov_086 | 1.488413350088853 × 10^347 |
| 87 | ov_087 | 1.0359950783384665 × 10^347 |
| 88 | ov_088 | 6.966567464644221 × 10^346 |
| 89 | ov_089 | 4.4946683073098756 × 10^346 |
| 90 | ov_090 | 2.756813640919961 × 10^346 |
| 91 | ov_091 | 1.5874145809480465 × 10^346 |
| 92 | ov_092 | 8.427197457651299 × 10^345 |
| 93 | ov_093 | 4.008088831810408 × 10^345 |
| 94 | ov_094 | 1.61590218959372 × 10^345 |
| 95 | aaa_78_28 | 4.6799548778133277 × 10^344 |
| 96 | aaa_78_29 | 9.072171992506797 × 10^343 |
| 97 | ov_097 | 1.1450957513979922 × 10^344 |
| 98 | ov_098 | 1.1450925231176427 × 10^344 |
| 99 | ov_099 | 1.1450917415541436 × 10^344 |
| 100 | ov_100 | 9.988618928747745 × 10^343 |
| 101 | ov_101 | 8.677135625498505 × 10^343 |
| 102 | ov_102 | 7.50432224763584 × 10^343 |
| 103 | ov_103 | 6.458714375841005 × 10^343 |
| 104 | ov_104 | 5.529482594613058 × 10^343 |
| 105 | ov_105 | 4.706392186295477 × 10^343 |
| 106 | ov_106 | 3.979767688661371 × 10^343 |
| 107 | ov_107 | 3.3404617225613372 × 10^343 |
| 108 | ov_108 | 2.7798276342413037 × 10^343 |
| 109 | ov_109 | 2.2896956275716908 × 10^343 |
| 110 | ov_110 | 1.866097244816248 × 10^343 |
| 111 | ov_111 | 1.5052873563713138 × 10^343 |
| 112 | ov_112 | 1.2004144640343253 × 10^343 |
| 113 | ov_113 | 9.450381773996953 × 10^342 |
| 114 | ov_114 | 7.331190507506913 × 10^342 |
| 115 | ov_115 | 5.59010501624852 × 10^342 |
| 116 | ov_116 | 4.1745255711177895 × 10^342 |
| 117 | ov_117 | 3.035671378107219 × 10^342 |
| 118 | ov_118 | 2.1501017472883443 × 10^342 |
| 119 | ov_119 | 1.4765799829834476 × 10^342 |
| 120 | ov_120 | 9.7761239277986 × 10^341 |
| 121 | ov_121 | 6.194373955584693 × 10^341 |
| 122 | ov_122 | 3.720188584362833 × 10^341 |
| 123 | ov_123 | 2.0904231525927448 × 10^341 |
| 124 | ov_124 | 1.0791301191808658 × 10^341 |
| 125 | ov_125 | 4.975500789094523 × 10^340 |
| 126 | ov_126 | 1.941082145974307 × 10^340 |
| 127 | aaa_77_28 | 5.441315319603445 × 10^339 |
| 128 | aaa_77_29 | 1.6560241450253973 × 10^339 |
| 129 | ov_129 | 9.869975491472568 × 10^338 |
| 130 | ov_130 | 9.869943210782318 × 10^338 |
| 131 | ov_131 | 9.869935380834539 × 10^338 |
| 132 | ov_132 | 8.61325565035103 × 10^338 |
| 133 | ov_133 | 7.492770709043312 × 10^338 |
| 134 | ov_134 | 6.496420215110631 × 10^338 |
| 135 | ov_135 | 5.61283036298431 × 10^338 |
| 136 | ov_136 | 4.831266863898155 × 10^338 |
| 137 | ov_137 | 4.141593101284736 × 10^338 |
| 138 | ov_138 | 3.534232965881758 × 10^338 |
| 139 | ov_139 | 3.0001380167902224 × 10^338 |
| 140 | ov_140 | 2.5307586723872572 × 10^338 |
| 141 | ov_141 | 2.1180191516983513 × 10^338 |
| 142 | ov_142 | 1.7542959029674684 × 10^338 |
| 143 | ov_143 | 1.435887721163518 × 10^338 |
| 144 | ov_144 | 1.1593061569594358 × 10^338 |
| 145 | ov_145 | 9.212685782268214 × 10^337 |
| 146 | ov_146 | 7.186925515353504 × 10^337 |
| 147 | ov_147 | 5.486913801955515 × 10^337 |
| 148 | ov_148 | 4.085706255015973 × 10^337 |
| 149 | ov_149 | 2.958254522494339 × 10^337 |
| 150 | ov_150 | 2.08138653966691 × 10^337 |
| 151 | ov_151 | 1.4143343624688666 × 10^337 |
| 152 | ov_152 | 9.20027681477875 × 10^336 |
| 153 | ov_153 | 5.65083069593008 × 10^336 |
| 154 | ov_154 | 3.1979738930559167 × 10^336 |
| 155 | ov_155 | 1.58144034144585 × 10^336 |
| 156 | aaa_76_25 | 5.777101555240759 × 10^335 |
| 157 | aaa_76_26 | 3.0173981438205874 × 10^335 |
| 158 | aaa_76_27 | 1.390869939052584 × 10^335 |
| 159 | aaa_76_28 | 5.425201139061726 × 10^334 |
| 160 | aaa_76_29 | 1.6535099417644665 × 10^334 |

### Output Bits Sorted by Complexity

| Rank | Output Bit | Complexity |
|:----:|:----------:|:----------:|
| 160 | aaa_76_29 | 1.6535099417644665 × 10^334 |
| 159 | aaa_76_28 | 5.425201139061726 × 10^334 |
| 158 | aaa_76_27 | 1.390869939052584 × 10^335 |
| 157 | aaa_76_26 | 3.0173981438205874 × 10^335 |
| 156 | aaa_76_25 | 5.777101555240759 × 10^335 |
| 155 | ov_155 | 1.58144034144585 × 10^336 |
| 154 | ov_154 | 3.1979738930559167 × 10^336 |
| 153 | ov_153 | 5.65083069593008 × 10^336 |
| 152 | ov_152 | 9.20027681477875 × 10^336 |
| 151 | ov_151 | 1.4143343624688666 × 10^337 |
| 150 | ov_150 | 2.08138653966691 × 10^337 |
| 149 | ov_149 | 2.958254522494339 × 10^337 |
| 148 | ov_148 | 4.085706255015973 × 10^337 |
| 147 | ov_147 | 5.486913801955515 × 10^337 |
| 146 | ov_146 | 7.186925515353504 × 10^337 |
| 145 | ov_145 | 9.212685782268214 × 10^337 |
| 144 | ov_144 | 1.1593061569594358 × 10^338 |
| 143 | ov_143 | 1.435887721163518 × 10^338 |
| 142 | ov_142 | 1.7542959029674684 × 10^338 |
| 141 | ov_141 | 2.1180191516983513 × 10^338 |
| 140 | ov_140 | 2.5307586723872572 × 10^338 |
| 139 | ov_139 | 3.0001380167902224 × 10^338 |
| 138 | ov_138 | 3.534232965881758 × 10^338 |
| 137 | ov_137 | 4.141593101284736 × 10^338 |
| 136 | ov_136 | 4.831266863898155 × 10^338 |
| 135 | ov_135 | 5.61283036298431 × 10^338 |
| 134 | ov_134 | 6.496420215110631 × 10^338 |
| 133 | ov_133 | 7.492770709043312 × 10^338 |
| 132 | ov_132 | 8.61325565035103 × 10^338 |
| 131 | ov_131 | 9.869935380834539 × 10^338 |
| 130 | ov_130 | 9.869943210782318 × 10^338 |
| 129 | ov_129 | 9.869975491472568 × 10^338 |
| 128 | aaa_77_29 | 1.6560241450253973 × 10^339 |
| 127 | aaa_77_28 | 5.441315319603445 × 10^339 |
| 126 | ov_126 | 1.941082145974307 × 10^340 |
| 125 | ov_125 | 4.975500789094523 × 10^340 |
| 124 | ov_124 | 1.0791301191808658 × 10^341 |
| 123 | ov_123 | 2.0904231525927448 × 10^341 |
| 122 | ov_122 | 3.720188584362833 × 10^341 |
| 121 | ov_121 | 6.194373955584693 × 10^341 |
| 120 | ov_120 | 9.7761239277986 × 10^341 |
| 119 | ov_119 | 1.4765799829834476 × 10^342 |
| 118 | ov_118 | 2.1501017472883443 × 10^342 |
| 117 | ov_117 | 3.035671378107219 × 10^342 |
| 116 | ov_116 | 4.1745255711177895 × 10^342 |
| 115 | ov_115 | 5.59010501624852 × 10^342 |
| 114 | ov_114 | 7.331190507506913 × 10^342 |
| 113 | ov_113 | 9.450381773996953 × 10^342 |
| 112 | ov_112 | 1.2004144640343253 × 10^343 |
| 111 | ov_111 | 1.5052873563713138 × 10^343 |
| 110 | ov_110 | 1.866097244816248 × 10^343 |
| 109 | ov_109 | 2.2896956275716908 × 10^343 |
| 108 | ov_108 | 2.7798276342413037 × 10^343 |
| 107 | ov_107 | 3.3404617225613372 × 10^343 |
| 106 | ov_106 | 3.979767688661371 × 10^343 |
| 105 | ov_105 | 4.706392186295477 × 10^343 |
| 104 | ov_104 | 5.529482594613058 × 10^343 |
| 103 | ov_103 | 6.458714375841005 × 10^343 |
| 102 | ov_102 | 7.50432224763584 × 10^343 |
| 101 | ov_101 | 8.677135625498505 × 10^343 |
| 96 | aaa_78_29 | 9.072171992506797 × 10^343 |
| 100 | ov_100 | 9.988618928747745 × 10^343 |
| 99 | ov_099 | 1.1450917415541436 × 10^344 |
| 98 | ov_098 | 1.1450925231176427 × 10^344 |
| 97 | ov_097 | 1.1450957513979922 × 10^344 |
| 95 | aaa_78_28 | 4.6799548778133277 × 10^344 |
| 94 | ov_094 | 1.61590218959372 × 10^345 |
| 93 | ov_093 | 4.008088831810408 × 10^345 |
| 92 | ov_092 | 8.427197457651299 × 10^345 |
| 91 | ov_091 | 1.5874145809480465 × 10^346 |
| 90 | ov_090 | 2.756813640919961 × 10^346 |
| 89 | ov_089 | 4.4946683073098756 × 10^346 |
| 88 | ov_088 | 6.966567464644221 × 10^346 |
| 87 | ov_087 | 1.0359950783384665 × 10^347 |
| 86 | ov_086 | 1.488413350088853 × 10^347 |
| 85 | ov_085 | 2.077034876342952 × 10^347 |
| 84 | ov_084 | 2.8271815079838675 × 10^347 |
| 83 | ov_083 | 3.766383792489891 × 10^347 |
| 82 | ov_082 | 4.924395601858711 × 10^347 |
| 64 | lv_79_m31 | 6.203509896563138 × 10^347 |
| 81 | ov_081 | 6.333214429609545 × 10^347 |
| 80 | ov_080 | 8.027108707403831 × 10^347 |
| 79 | ov_079 | 1.0042653641152673 × 10^348 |
| 78 | ov_078 | 1.2418777000701073 × 10^348 |
| 77 | ov_077 | 1.519681623209082 × 10^348 |
| 76 | ov_076 | 1.8420588628436042 × 10^348 |
| 75 | ov_075 | 2.2136476663890717 × 10^348 |
| 74 | ov_074 | 2.63935307499935 × 10^348 |
| 73 | ov_073 | 3.1243591831008686 × 10^348 |
| 63 | ov_063 | 3.178439848263112 × 10^348 |
| 72 | ov_072 | 3.6741436395469886 × 10^348 |
| 71 | ov_071 | 4.294494629281444 × 10^348 |
| 70 | ov_070 | 4.991530518616822 × 10^348 |
| 69 | ov_069 | 5.771722362650581 × 10^348 |
| 68 | ov_068 | 6.6419195643699 × 10^348 |
| 67 | ov_067 | 7.609379031554791 × 10^348 |
| 66 | ov_066 | 7.609388323872602 × 10^348 |
| 65 | ov_065 | 7.609417364586944 × 10^348 |
| 62 | ov_062 | 1.6282094796822706 × 10^349 |
| 61 | ov_061 | 5.927041284406752 × 10^349 |
| 60 | ov_060 | 1.6944977330256913 × 10^350 |
| 59 | ov_059 | 4.083870090240867 × 10^350 |
| 58 | ov_058 | 8.656820391170624 × 10^350 |
| 57 | ov_057 | 1.65993553451549 × 10^351 |
| 56 | ov_056 | 2.9387497552252226 × 10^351 |
| 55 | ov_055 | 4.87873140452093 × 10^351 |
| 54 | ov_054 | 7.685498961251557 × 10^351 |
| 53 | ov_053 | 1.1593698189703228 × 10^352 |
| 52 | ov_052 | 1.6867031171832551 × 10^352 |
| 51 | ov_051 | 2.379830599637606 × 10^352 |
| 50 | ov_050 | 3.270951598563758 × 10^352 |
| 49 | ov_049 | 4.395195908720241 × 10^352 |
| 48 | ov_048 | 5.790640980466592 × 10^352 |
| 32 | lv_80_m31 | 7.289349454569816 × 10^352 |
| 47 | ov_047 | 7.498335778920991 × 10^352 |
| 46 | ov_046 | 9.56233289632782 × 10^352 |
| 45 | ov_045 | 1.2029730679982132 × 10^353 |
| 44 | ov_044 | 1.4950727313733458 × 10^353 |
| 43 | ov_043 | 1.8352807345800134 × 10^353 |
| 42 | ov_042 | 2.2265104893101754 × 10^353 |
| 41 | ov_041 | 2.67184603386611 × 10^353 |
| 40 | ov_040 | 3.1776328838400836 × 10^353 |
| 31 | ov_031 | 3.734329979176358 × 10^353 |
| 39 | ov_039 | 3.750579534163877 × 10^353 |
| 38 | ov_038 | 4.39777510659533 × 10^353 |
| 37 | ov_037 | 5.1267100521452195 × 10^353 |
| 36 | ov_036 | 5.945300249226464 × 10^353 |
| 35 | ov_035 | 6.861914858520792 × 10^353 |
| 34 | ov_034 | 7.885408316528178 × 10^353 |
| 33 | ov_033 | 9.025156871641044 × 10^353 |
| 30 | ov_030 | 1.9128295316298678 × 10^354 |
| 29 | ov_029 | 6.96298292932346 × 10^354 |
| 28 | ov_028 | 1.9907241629564305 × 10^355 |
| 27 | ov_027 | 4.798103736841106 × 10^355 |
| 26 | ov_026 | 1.0171616352645507 × 10^356 |
| 25 | ov_025 | 1.9505477265236524 × 10^356 |
| 24 | ov_024 | 3.453494671064747 × 10^356 |
| 23 | ov_023 | 5.733635801533715 × 10^356 |
| 22 | ov_022 | 9.032718876252126 × 10^356 |
| 21 | ov_021 | 1.3626621557267848 × 10^357 |
| 20 | ov_020 | 1.9825381344037433 × 10^357 |
| 19 | ov_019 | 2.79732483006076 × 10^357 |
| 18 | ov_018 | 3.844877122462624 × 10^357 |
| 17 | ov_017 | 5.166493022683705 × 10^357 |
| 16 | ov_016 | 6.806933101050504 × 10^357 |
| 15 | ov_015 | 8.814447846201718 × 10^357 |
| 14 | ov_014 | 1.124081494876064 × 10^358 |
| 13 | ov_013 | 1.4141388735815972 × 10^358 |
| 12 | ov_012 | 1.7575164215643739 × 10^358 |
| 11 | ov_011 | 2.16048584261568 × 10^358 |
| 10 | ov_010 | 2.6297012015814503 × 10^358 |
| 9 | ov_009 | 3.168787393842455 × 10^358 |
| 8 | ov_008 | 3.781578484974342 × 10^358 |
| 7 | ov_007 | 4.475961696283414 × 10^358 |
| 6 | ov_006 | 5.260274141051616 × 10^358 |
| 5 | ov_005 | 6.1433281738769125 × 10^358 |
| 4 | ov_004 | 7.1344407086273605 × 10^358 |
| 3 | ov_003 | 8.243466775876842 × 10^358 |
| 2 | ov_002 | 9.480837698933187 × 10^358 |
| 1 | ov_001 | 1.0857604381815907 × 10^359 |

