# Results for F001-F002-F003-F004-F005-F006-F007-F008-F009-F010-F011-F012-F013-F014-F015-F016-F017-F018-F019-F020-F021-F022-F023-F024-F025-F026-F027-F028-F029-F030-F031-F032-F033-F034-F035-F036-F037-F038-F039-F040-F041-F042-F043-F044-F045-F046-F047-F048-F049-F050-F051-F052-F053-F054-F055-F056-F057-F058-F059-F060-F061-F062-F063-F064-F065-F066-F067-F068-F069-F070-F071-F072-F073-F074-F075-F076-F077-F078-F079-F080-F081-F082-F083-F084-F085-F086-F087-F088-F089-F090-F091-F092-F093-F094-F095-F096-F097-F098-F099-F100-F101-F102-F103-F104-F105-F106-F107-F108-F109-F110-F111-F112-F113-F114-F115-F116-F117-F118-F119-F120-F121-F122-F123-F124-F125-F126-F127-F128-F129-F130-F131-F132-F133-F134-F135-F136-F137-F138-F139-F140-F141-F142-F143-F144-F145-F146-F147-F148-F149-F150-F151-F152-F153-F154-F155-F156-F157-F158-F159-F160-F161-F162-F163-F164-F165-F166-F167-F168-F169-F170-F171-F172-F173-F174-F175-F176-F177-F178-F179-F180-F181-F182-F183-F184-F185-F186-F187-F188-F189-F190-F191-F192-F193-F194-F195-F196-F197-F198-F199-F200-F201-F202-F203-F204-F205-F206-F207-F208-F209-F210-F211-F212-F213-F214-F215-F216-F217-F218-F219-F220-F221-F222-F223-F224-F225-F226-F227-F228-F229-F230-F231-F232-F233-F234-F235-F236-F237-F238-F239-F240-F241-F242-F243-F244-F245-F246-F247-F248-F249-F250-F251-F252-F253-F254-F255-F256-F257-F258-F259-F260-F261-F262-F263-F264-F265-F266-F267-F268-F269-F270-F271-F272-F273-F274-F275-F276-F277-F278-F279-F280-F281-F282-F283-F284-F285-F286-F287-F288-F289-F290-F291-F292-F293-F294-F295-F296-F297-F298-F299-F300-F301-F302-F303-F304-F305-F306-F307-F308-F309-F310-F311-F312-F313-F314-F315-F316-F317-F318-F319-F320-F321-F322-F323-F324-F325-F326-F327-F328-F329-F330-F331-F332-F333-F334-F335-F336-F337-F338-F339-F340-F341-F342-F343-F344-F345-F346-F347-F348-F349-F350-F351-F352-F353-F354-F355-F356-F357-F358-F359-F360-F361-F362-F363-F364-F365-F366-F367-F368-F369-F370-F371-F372-F373-F374-F375-F376-F377-F378-F379-F380-F381-F382-F383-F384-F385-F386-F387-F388-F389-F390-F391-F392-F393-F394-F395-F396-F397-F398-F399-F400-F401-F402-F403-F404-F405-F406-F407-F408-F409-F410-F411-F412-F413-F414-F415-F416-F417-F418-F419-F420-F421-F422-F423-F424-F425-F426-F427-F428-F429-F430-F431-F432-F433-F434-F435-F436-F437-F438-F439-F440-F441-F442-F443-F444-F445-F446-F447-F448-F449-F450-F451-F452-F453-F454-F455-F456-F457-F458-F459-F460-F461-F462-F463-F464-F465-F466-F467-F468-F469-F470-F471-F472-F473-F474-F475-F476-F477-F478-F479-F480-F481-F482-F483-F484-F485-F486-F487-F488-F489-F490-F491-F492-F493-F494-F495-F496-F497-F499-F512

## Summary

Number of input bits: 512  
Number of free input bits: 13  
Number of output bits: 160

Number of direct occurrences: 53123  
Number of assignments: 31547  
Number of operations: 11156848
(xor: 11128340,
and: 15067,
or: 13441)

Total complexity: 8.968810612185291 × 10^300

Least occurring input variable: iv_502 (3888)  
Most occurring input variable: iv_510 (4270)

Most co-occurring input variables: iv_509-iv_510 (2131)  
Least co-occurring input variables: iv_498-iv_502 (1762)

Potentially most occurring input variable: iv_507/iv_510 (4501)  
Potentially least occurring input variable: iv_504/iv_508 (4115)

Least output occurring input variable: iv_510 (74)  
Most output occurring input variable: iv_498 (88)

Most output co-occurring input variables: iv_506-iv_508 (48)  
Least output co-occurring input variables: iv_502-iv_503 (32)

Potentially most output occurring input variable: iv_502/iv_503 (96)  
Potentially least output occurring input variable: iv_500/iv_505 (71)

Least complex input bit: iv_511 (1.7730982904713584 × 10^297)  
Most complex input bit: iv_510 (2.2513000424945956 × 10^300)

Least complex output bit: aaa_76_29 (1.3678000949018505 × 10^276)  
Most complex output bit: ov_001 (1.4029877157180509 × 10^300)

Least complex input/output complexity: iv_511/aaa_76_29 (2.7040865448558125 × 10^272)  
Most complex input/output complexity: iv_510/ov_001 (3.521700301848436 × 10^299)

## Input Bits

### Input Bits in Regular Order

| Input Bit | Complexity | Occurrences | Output Occurrences |
|:---------:|:----------:|:-----------:|:------------------:|
| iv_498 | 1.0073061536260098 × 10^298 | 3987 | 88 |
| iv_500 | 3.8298647220332446 × 10^298 | 4123 | 76 |
| iv_501 | 6.944602237498898 × 10^298 | 4076 | 79 |
| iv_502 | 1.1861214137293113 × 10^299 | 3888 | 82 |
| iv_503 | 1.9490477213948267 × 10^299 | 4153 | 78 |
| iv_504 | 3.103121453260766 × 10^299 | 3940 | 78 |
| iv_505 | 4.810930774648333 × 10^299 | 3917 | 79 |
| iv_506 | 7.285512190361838 × 10^299 | 3968 | 82 |
| iv_507 | 1.0810955117011634 × 10^300 | 4181 | 76 |
| iv_508 | 1.547078330527397 × 10^300 | 4151 | 86 |
| iv_509 | 2.1362725427005827 × 10^300 | 4248 | 80 |
| iv_510 | 2.2513000424945956 × 10^300 | 4270 | 74 |
| iv_511 | 1.7730982904713584 × 10^297 | 4221 | 80 |

### Input Bits Sorted by Complexity

| Input Bit | Complexity | Occurrences | Output Occurrences |
|:---------:|:----------:|:-----------:|:------------------:|
| iv_511 | 1.7730982904713584 × 10^297 | 4221 | 80 |
| iv_498 | 1.0073061536260098 × 10^298 | 3987 | 88 |
| iv_500 | 3.8298647220332446 × 10^298 | 4123 | 76 |
| iv_501 | 6.944602237498898 × 10^298 | 4076 | 79 |
| iv_502 | 1.1861214137293113 × 10^299 | 3888 | 82 |
| iv_503 | 1.9490477213948267 × 10^299 | 4153 | 78 |
| iv_504 | 3.103121453260766 × 10^299 | 3940 | 78 |
| iv_505 | 4.810930774648333 × 10^299 | 3917 | 79 |
| iv_506 | 7.285512190361838 × 10^299 | 3968 | 82 |
| iv_507 | 1.0810955117011634 × 10^300 | 4181 | 76 |
| iv_508 | 1.547078330527397 × 10^300 | 4151 | 86 |
| iv_509 | 2.1362725427005827 × 10^300 | 4248 | 80 |
| iv_510 | 2.2513000424945956 × 10^300 | 4270 | 74 |

### Input Bits Sorted by Occurrences

| Input Bit | Complexity | Occurrences | Output Occurrences |
|:---------:|:----------:|:-----------:|:------------------:|
| iv_502 | 1.1861214137293113 × 10^299 | 3888 | 82 |
| iv_505 | 4.810930774648333 × 10^299 | 3917 | 79 |
| iv_504 | 3.103121453260766 × 10^299 | 3940 | 78 |
| iv_506 | 7.285512190361838 × 10^299 | 3968 | 82 |
| iv_498 | 1.0073061536260098 × 10^298 | 3987 | 88 |
| iv_501 | 6.944602237498898 × 10^298 | 4076 | 79 |
| iv_500 | 3.8298647220332446 × 10^298 | 4123 | 76 |
| iv_508 | 1.547078330527397 × 10^300 | 4151 | 86 |
| iv_503 | 1.9490477213948267 × 10^299 | 4153 | 78 |
| iv_507 | 1.0810955117011634 × 10^300 | 4181 | 76 |
| iv_511 | 1.7730982904713584 × 10^297 | 4221 | 80 |
| iv_509 | 2.1362725427005827 × 10^300 | 4248 | 80 |
| iv_510 | 2.2513000424945956 × 10^300 | 4270 | 74 |

### Input Bits Sorted by Output Occurrences

| Input Bit | Complexity | Occurrences | Output Occurrences |
|:---------:|:----------:|:-----------:|:------------------:|
| iv_510 | 2.2513000424945956 × 10^300 | 4270 | 74 |
| iv_500 | 3.8298647220332446 × 10^298 | 4123 | 76 |
| iv_507 | 1.0810955117011634 × 10^300 | 4181 | 76 |
| iv_503 | 1.9490477213948267 × 10^299 | 4153 | 78 |
| iv_504 | 3.103121453260766 × 10^299 | 3940 | 78 |
| iv_501 | 6.944602237498898 × 10^298 | 4076 | 79 |
| iv_505 | 4.810930774648333 × 10^299 | 3917 | 79 |
| iv_509 | 2.1362725427005827 × 10^300 | 4248 | 80 |
| iv_511 | 1.7730982904713584 × 10^297 | 4221 | 80 |
| iv_502 | 1.1861214137293113 × 10^299 | 3888 | 82 |
| iv_506 | 7.285512190361838 × 10^299 | 3968 | 82 |
| iv_508 | 1.547078330527397 × 10^300 | 4151 | 86 |
| iv_498 | 1.0073061536260098 × 10^298 | 3987 | 88 |

## Input Bit Co-occurrences

### Input Bit Co-occurrences Sorted by Co-occurrences

| Input Bits | Co-occurrences | Potential Occurrences | Output Co-occurrences | Potential Output Occurrences |
|:----------:|:--------------:|:---------------------:|:---------------------:|:----------------------------:|
| iv_509-iv_510 | 2131 | 4256 | 37 | 80 |
| iv_509-iv_511 | 2078 | 4313 | 37 | 86 |
| iv_500-iv_511 | 2078 | 4188 | 38 | 80 |
| iv_510-iv_511 | 2076 | 4339 | 39 | 76 |
| iv_507-iv_508 | 2070 | 4192 | 44 | 74 |
| iv_508-iv_511 | 2069 | 4234 | 43 | 80 |
| iv_500-iv_510 | 2059 | 4275 | 38 | 74 |
| iv_508-iv_509 | 2055 | 4289 | 41 | 84 |
| iv_501-iv_511 | 2054 | 4189 | 41 | 77 |
| iv_508-iv_510 | 2052 | 4317 | 36 | 88 |
| iv_507-iv_509 | 2033 | 4363 | 38 | 80 |
| iv_503-iv_508 | 2027 | 4250 | 42 | 80 |
| iv_503-iv_509 | 2027 | 4347 | 38 | 82 |

### Input Bit Co-occurrences Sorted by Potential Occurrences

| Input Bits | Co-occurrences | Potential Occurrences | Output Co-occurrences | Potential Output Occurrences |
|:----------:|:--------------:|:---------------------:|:---------------------:|:----------------------------:|
| iv_504-iv_508 | 1988 | 4115 | 43 | 78 |
| iv_502-iv_505 | 1828 | 4149 | 36 | 89 |
| iv_504-iv_506 | 1875 | 4158 | 42 | 76 |
| iv_506-iv_507 | 1993 | 4163 | 39 | 80 |
| iv_504-iv_505 | 1846 | 4165 | 41 | 75 |
| iv_502-iv_508 | 1929 | 4181 | 41 | 86 |
| iv_501-iv_505 | 1905 | 4183 | 36 | 86 |
| iv_500-iv_511 | 2078 | 4188 | 38 | 80 |
| iv_501-iv_511 | 2054 | 4189 | 41 | 77 |
| iv_507-iv_508 | 2070 | 4192 | 44 | 74 |
| iv_500-iv_505 | 1921 | 4198 | 42 | 71 |
| iv_506-iv_508 | 1960 | 4199 | 48 | 72 |
| iv_505-iv_510 | 1991 | 4205 | 40 | 73 |

### Input Bit Output Co-occurrences Sorted by Output Co-occurrences

| Input Bits | Co-occurrences | Potential Occurrences | Output Co-occurrences | Potential Output Occurrences |
|:----------:|:--------------:|:---------------------:|:---------------------:|:----------------------------:|
| iv_506-iv_508 | 1960 | 4199 | 48 | 72 |
| iv_498-iv_508 | 1939 | 4260 | 47 | 80 |
| iv_498-iv_502 | 1762 | 4351 | 46 | 78 |
| iv_498-iv_504 | 1842 | 4243 | 46 | 74 |
| iv_502-iv_511 | 1921 | 4267 | 45 | 72 |
| iv_505-iv_508 | 1918 | 4232 | 44 | 77 |
| iv_502-iv_506 | 1817 | 4222 | 44 | 76 |
| iv_507-iv_508 | 2070 | 4192 | 44 | 74 |
| iv_504-iv_508 | 1988 | 4115 | 43 | 78 |
| iv_498-iv_503 | 1873 | 4394 | 43 | 80 |
| iv_498-iv_507 | 1898 | 4372 | 43 | 78 |
| iv_498-iv_511 | 1893 | 4422 | 43 | 82 |
| iv_508-iv_511 | 2069 | 4234 | 43 | 80 |

### Input Bit Output Co-occurrences Sorted by Potential Output Occurrences

| Input Bits | Co-occurrences | Potential Occurrences | Output Co-occurrences | Potential Output Occurrences |
|:----------:|:--------------:|:---------------------:|:---------------------:|:----------------------------:|
| iv_500-iv_505 | 1921 | 4198 | 42 | 71 |
| iv_502-iv_511 | 1921 | 4267 | 45 | 72 |
| iv_506-iv_508 | 1960 | 4199 | 48 | 72 |
| iv_503-iv_505 | 1923 | 4224 | 42 | 73 |
| iv_500-iv_501 | 1960 | 4279 | 41 | 73 |
| iv_501-iv_510 | 1939 | 4468 | 40 | 73 |
| iv_505-iv_510 | 1991 | 4205 | 40 | 73 |
| iv_498-iv_504 | 1842 | 4243 | 46 | 74 |
| iv_500-iv_510 | 2059 | 4275 | 38 | 74 |
| iv_502-iv_507 | 1899 | 4271 | 42 | 74 |
| iv_507-iv_508 | 2070 | 4192 | 44 | 74 |
| iv_504-iv_505 | 1846 | 4165 | 41 | 75 |
| iv_502-iv_504 | 1805 | 4218 | 42 | 76 |

## Output Bits

### Output Bits in Regular Order

| Rank | Output Bit | Complexity |
|:----:|:----------:|:----------:|
| 1 | ov_001 | 1.4029877157180509 × 10^300 |
| 2 | ov_002 | 1.2207529572820609 × 10^300 |
| 3 | ov_003 | 1.057152862885143 × 10^300 |
| 4 | ov_004 | 9.107894713552294 × 10^299 |
| 5 | ov_005 | 7.803414311951988 × 10^299 |
| 6 | ov_006 | 6.645586063553091 × 10^299 |
| 7 | ov_007 | 5.622573790577929 × 10^299 |
| 8 | ov_008 | 4.723165827586973 × 10^299 |
| 9 | ov_009 | 3.936740019051394 × 10^299 |
| 10 | ov_010 | 3.253233819201479 × 10^299 |
| 11 | ov_011 | 2.6631190284530126 × 10^299 |
| 12 | ov_012 | 2.1573807332550095 × 10^299 |
| 13 | ov_013 | 1.7274999814779039 × 10^299 |
| 14 | ov_014 | 1.3654397235003692 × 10^299 |
| 15 | ov_015 | 1.0636335800798547 × 10^299 |
| 16 | ov_016 | 8.149770287162707 × 10^298 |
| 17 | ov_017 | 6.12820630623637 × 10^298 |
| 18 | ov_018 | 4.5096495067691557 × 10^298 |
| 19 | ov_019 | 3.236568528510469 × 10^298 |
| 20 | ov_020 | 2.2558688375313899 × 10^298 |
| 21 | ov_021 | 1.5188748689211836 × 10^298 |
| 22 | ov_022 | 9.813182034946217 × 10^297 |
| 23 | ov_023 | 6.033298910372437 × 10^297 |
| 24 | ov_024 | 3.494355713567651 × 10^297 |
| 25 | ov_025 | 1.885525268788856 × 10^297 |
| 26 | ov_026 | 9.398805507719534 × 10^296 |
| 27 | ov_027 | 4.3438680697049215 × 10^296 |
| 28 | ov_028 | 1.8989834922829306 × 10^296 |
| 29 | ov_029 | 7.115747350111669 × 10^295 |
| 30 | ov_030 | 2.150726365998633 × 10^295 |
| 31 | ov_031 | 4.76011206970854 × 10^294 |
| 32 | lv_80_m31 | 9.280174488649216 × 10^293 |
| 33 | ov_033 | 1.1193124245642582 × 10^295 |
| 34 | ov_034 | 9.718609423764478 × 10^294 |
| 35 | ov_035 | 8.397944859106689 × 10^294 |
| 36 | ov_036 | 7.219221403780448 × 10^294 |
| 37 | ov_037 | 6.171179129733557 × 10^294 |
| 38 | ov_038 | 5.2431616807995376 × 10^294 |
| 39 | ov_039 | 4.425076633143703 × 10^294 |
| 40 | ov_040 | 3.707361293299787 × 10^294 |
| 41 | ov_041 | 3.0809533978030875 × 10^294 |
| 42 | ov_042 | 2.5372662114319227 × 10^294 |
| 43 | ov_043 | 2.0681675524842194 × 10^294 |
| 44 | ov_044 | 1.6659623035418907 × 10^294 |
| 45 | ov_045 | 1.3233779949996558 × 10^294 |
| 46 | ov_046 | 1.0368824315410432 × 10^294 |
| 47 | ov_047 | 8.000155831195973 × 10^293 |
| 48 | ov_048 | 6.067115393107702 × 10^293 |
| 49 | ov_049 | 4.5129280040955835 × 10^293 |
| 50 | ov_050 | 3.2846597934077513 × 10^293 |
| 51 | ov_051 | 2.3331865811010016 × 10^293 |
| 52 | ov_052 | 1.6131716701773756 × 10^293 |
| 53 | ov_053 | 1.083050791491232 × 10^293 |
| 54 | ov_054 | 7.050223681174696 × 10^292 |
| 55 | ov_055 | 4.45041506532696 × 10^292 |
| 56 | ov_056 | 2.728164166555402 × 10^292 |
| 57 | ov_057 | 1.618063513404231 × 10^292 |
| 58 | ov_058 | 8.922049940113526 × 10^291 |
| 59 | ov_059 | 4.460084681866143 × 10^291 |
| 60 | ov_060 | 1.9364001448661352 × 10^291 |
| 61 | ov_061 | 6.801135154651423 × 10^290 |
| 62 | ov_062 | 2.0779679024139847 × 10^290 |
| 63 | ov_063 | 4.0503637574749473 × 10^289 |
| 64 | lv_79_m31 | 7.893358985257206 × 10^288 |
| 65 | ov_065 | 9.487611715852089 × 10^289 |
| 66 | ov_066 | 9.487590359350387 × 10^289 |
| 67 | ov_067 | 9.487583439085335 × 10^289 |
| 68 | ov_068 | 8.224375144727892 × 10^289 |
| 69 | ov_069 | 7.09505541087157 × 10^289 |
| 70 | ov_070 | 6.088912078221255 × 10^289 |
| 71 | ov_071 | 5.195891917467121 × 10^289 |
| 72 | ov_072 | 4.406556018030057 × 10^289 |
| 73 | ov_073 | 3.712039124812354 × 10^289 |
| 74 | ov_074 | 3.104012712923813 × 10^289 |
| 75 | ov_075 | 2.574651598613191 × 10^289 |
| 76 | ov_076 | 2.1166038914578108 × 10^289 |
| 77 | ov_077 | 1.722964098427745 × 10^289 |
| 78 | ov_078 | 1.387249194910621 × 10^289 |
| 79 | ov_079 | 1.1033774813131642 × 10^289 |
| 80 | ov_080 | 8.656500465886001 × 10^288 |
| 81 | ov_081 | 6.687346621064032 × 10^288 |
| 82 | ov_082 | 5.0765193080252506 × 10^288 |
| 83 | ov_083 | 3.777635176327465 × 10^288 |
| 84 | ov_084 | 2.747622880965006 × 10^288 |
| 85 | ov_085 | 1.9466418208933798 × 10^288 |
| 86 | ov_086 | 1.3380165065317106 × 10^288 |
| 87 | ov_087 | 8.88184833842252 × 10^287 |
| 88 | ov_088 | 5.6665854372315184 × 10^287 |
| 89 | ov_089 | 3.459941460989455 × 10^287 |
| 90 | ov_090 | 2.0177258843820877 × 10^287 |
| 91 | ov_091 | 1.1258594859724689 × 10^287 |
| 92 | ov_092 | 6.002944638664394 × 10^286 |
| 93 | ov_093 | 2.8697153317597236 × 10^286 |
| 94 | ov_094 | 1.1635464490170867 × 10^286 |
| 95 | aaa_78_28 | 3.388915806450336 × 10^285 |
| 96 | aaa_78_29 | 1.0860328311258095 × 10^285 |
| 97 | ov_097 | 9.49424145002054 × 10^284 |
| 98 | ov_098 | 9.493956314508887 × 10^284 |
| 99 | ov_099 | 9.493865167725234 × 10^284 |
| 100 | ov_100 | 8.542338872456369 × 10^284 |
| 101 | ov_101 | 7.66125688429653 × 10^284 |
| 102 | ov_102 | 6.84672358409077 × 10^284 |
| 103 | ov_103 | 6.095126426899031 × 10^284 |
| 104 | ov_104 | 5.403099920997502 × 10^284 |
| 105 | ov_105 | 4.7674928405055494 × 10^284 |
| 106 | ov_106 | 4.185338500979283 × 10^284 |
| 107 | ov_107 | 3.653827933987023 × 10^284 |
| 108 | ov_108 | 3.1702858021437725 × 10^284 |
| 109 | ov_109 | 2.7321489004960594 × 10^284 |
| 110 | ov_110 | 2.336947093646868 × 10^284 |
| 111 | ov_111 | 1.982286540725316 × 10^284 |
| 112 | ov_112 | 1.6658350623677445 × 10^284 |
| 113 | ov_113 | 1.3853095053954824 × 10^284 |
| 114 | ov_114 | 1.1384649619531246 × 10^284 |
| 115 | ov_115 | 9.23085700603366 × 10^283 |
| 116 | ov_116 | 7.3697766734416205 × 10^283 |
| 117 | ov_117 | 5.779624147952481 × 10^283 |
| 118 | ov_118 | 4.438723179576879 × 10^283 |
| 119 | ov_119 | 3.3254693503306314 × 10^283 |
| 120 | ov_120 | 2.418303718331014 × 10^283 |
| 121 | ov_121 | 1.6956950833487095 × 10^283 |
| 122 | ov_122 | 1.136128823790542 × 10^283 |
| 123 | ov_123 | 7.180997962202042 × 10^282 |
| 124 | ov_124 | 4.201077778093363 × 10^282 |
| 125 | ov_125 | 2.2065475629894423 × 10^282 |
| 126 | ov_126 | 9.824350356020885 × 10^281 |
| 127 | aaa_77_28 | 3.1376998557010124 × 10^281 |
| 128 | aaa_77_29 | 1.1766298384877706 × 10^281 |
| 129 | ov_129 | 1.0970154013940115 × 10^281 |
| 130 | ov_130 | 1.0970122685698368 × 10^281 |
| 131 | ov_131 | 1.09701150930498 × 10^281 |
| 132 | ov_132 | 9.528381896246373 × 10^280 |
| 133 | ov_133 | 8.235420888013844 × 10^280 |
| 134 | ov_134 | 7.080026740199707 × 10^280 |
| 135 | ov_135 | 6.051607296924677 × 10^280 |
| 136 | ov_136 | 5.140139460327779 × 10^280 |
| 137 | ov_137 | 4.336130922158497 × 10^280 |
| 138 | ov_138 | 3.6305872017103674 × 10^280 |
| 139 | ov_139 | 3.0149834786323044 × 10^280 |
| 140 | ov_140 | 2.4812407362756016 × 10^280 |
| 141 | ov_141 | 2.0217057576248335 × 10^280 |
| 142 | ov_142 | 1.629134541681624 × 10^280 |
| 143 | ov_143 | 1.2966787335575628 × 10^280 |
| 144 | ov_144 | 1.0178746866001006 × 10^280 |
| 145 | ov_145 | 7.866347997150651 × 10^279 |
| 146 | ov_146 | 5.972407977341417 × 10^279 |
| 147 | ov_147 | 4.443386472600335 × 10^279 |
| 148 | ov_148 | 3.22934824944852 × 10^279 |
| 149 | ov_149 | 2.283936796438047 × 10^279 |
| 150 | ov_150 | 1.5643565435110542 × 10^279 |
| 151 | ov_151 | 1.0313615827633509 × 10^279 |
| 152 | ov_152 | 6.492490386195876 × 10^278 |
| 153 | ov_153 | 3.858554797959105 × 10^278 |
| 154 | ov_154 | 2.125550644269526 × 10^278 |
| 155 | ov_155 | 1.042585381525499 × 10^278 |
| 156 | aaa_76_25 | 3.9412688307541 × 10^277 |
| 157 | aaa_76_26 | 2.210436869972513 × 10^277 |
| 158 | aaa_76_27 | 1.1153124954735196 × 10^277 |
| 159 | aaa_76_28 | 4.7911999633693757 × 10^276 |
| 160 | aaa_76_29 | 1.3678000949018505 × 10^276 |

### Output Bits Sorted by Complexity

| Rank | Output Bit | Complexity |
|:----:|:----------:|:----------:|
| 160 | aaa_76_29 | 1.3678000949018505 × 10^276 |
| 159 | aaa_76_28 | 4.7911999633693757 × 10^276 |
| 158 | aaa_76_27 | 1.1153124954735196 × 10^277 |
| 157 | aaa_76_26 | 2.210436869972513 × 10^277 |
| 156 | aaa_76_25 | 3.9412688307541 × 10^277 |
| 155 | ov_155 | 1.042585381525499 × 10^278 |
| 154 | ov_154 | 2.125550644269526 × 10^278 |
| 153 | ov_153 | 3.858554797959105 × 10^278 |
| 152 | ov_152 | 6.492490386195876 × 10^278 |
| 151 | ov_151 | 1.0313615827633509 × 10^279 |
| 150 | ov_150 | 1.5643565435110542 × 10^279 |
| 149 | ov_149 | 2.283936796438047 × 10^279 |
| 148 | ov_148 | 3.22934824944852 × 10^279 |
| 147 | ov_147 | 4.443386472600335 × 10^279 |
| 146 | ov_146 | 5.972407977341417 × 10^279 |
| 145 | ov_145 | 7.866347997150651 × 10^279 |
| 144 | ov_144 | 1.0178746866001006 × 10^280 |
| 143 | ov_143 | 1.2966787335575628 × 10^280 |
| 142 | ov_142 | 1.629134541681624 × 10^280 |
| 141 | ov_141 | 2.0217057576248335 × 10^280 |
| 140 | ov_140 | 2.4812407362756016 × 10^280 |
| 139 | ov_139 | 3.0149834786323044 × 10^280 |
| 138 | ov_138 | 3.6305872017103674 × 10^280 |
| 137 | ov_137 | 4.336130922158497 × 10^280 |
| 136 | ov_136 | 5.140139460327779 × 10^280 |
| 135 | ov_135 | 6.051607296924677 × 10^280 |
| 134 | ov_134 | 7.080026740199707 × 10^280 |
| 133 | ov_133 | 8.235420888013844 × 10^280 |
| 132 | ov_132 | 9.528381896246373 × 10^280 |
| 131 | ov_131 | 1.09701150930498 × 10^281 |
| 130 | ov_130 | 1.0970122685698368 × 10^281 |
| 129 | ov_129 | 1.0970154013940115 × 10^281 |
| 128 | aaa_77_29 | 1.1766298384877706 × 10^281 |
| 127 | aaa_77_28 | 3.1376998557010124 × 10^281 |
| 126 | ov_126 | 9.824350356020885 × 10^281 |
| 125 | ov_125 | 2.2065475629894423 × 10^282 |
| 124 | ov_124 | 4.201077778093363 × 10^282 |
| 123 | ov_123 | 7.180997962202042 × 10^282 |
| 122 | ov_122 | 1.136128823790542 × 10^283 |
| 121 | ov_121 | 1.6956950833487095 × 10^283 |
| 120 | ov_120 | 2.418303718331014 × 10^283 |
| 119 | ov_119 | 3.3254693503306314 × 10^283 |
| 118 | ov_118 | 4.438723179576879 × 10^283 |
| 117 | ov_117 | 5.779624147952481 × 10^283 |
| 116 | ov_116 | 7.3697766734416205 × 10^283 |
| 115 | ov_115 | 9.23085700603366 × 10^283 |
| 114 | ov_114 | 1.1384649619531246 × 10^284 |
| 113 | ov_113 | 1.3853095053954824 × 10^284 |
| 112 | ov_112 | 1.6658350623677445 × 10^284 |
| 111 | ov_111 | 1.982286540725316 × 10^284 |
| 110 | ov_110 | 2.336947093646868 × 10^284 |
| 109 | ov_109 | 2.7321489004960594 × 10^284 |
| 108 | ov_108 | 3.1702858021437725 × 10^284 |
| 107 | ov_107 | 3.653827933987023 × 10^284 |
| 106 | ov_106 | 4.185338500979283 × 10^284 |
| 105 | ov_105 | 4.7674928405055494 × 10^284 |
| 104 | ov_104 | 5.403099920997502 × 10^284 |
| 103 | ov_103 | 6.095126426899031 × 10^284 |
| 102 | ov_102 | 6.84672358409077 × 10^284 |
| 101 | ov_101 | 7.66125688429653 × 10^284 |
| 100 | ov_100 | 8.542338872456369 × 10^284 |
| 99 | ov_099 | 9.493865167725234 × 10^284 |
| 98 | ov_098 | 9.493956314508887 × 10^284 |
| 97 | ov_097 | 9.49424145002054 × 10^284 |
| 96 | aaa_78_29 | 1.0860328311258095 × 10^285 |
| 95 | aaa_78_28 | 3.388915806450336 × 10^285 |
| 94 | ov_094 | 1.1635464490170867 × 10^286 |
| 93 | ov_093 | 2.8697153317597236 × 10^286 |
| 92 | ov_092 | 6.002944638664394 × 10^286 |
| 91 | ov_091 | 1.1258594859724689 × 10^287 |
| 90 | ov_090 | 2.0177258843820877 × 10^287 |
| 89 | ov_089 | 3.459941460989455 × 10^287 |
| 88 | ov_088 | 5.6665854372315184 × 10^287 |
| 87 | ov_087 | 8.88184833842252 × 10^287 |
| 86 | ov_086 | 1.3380165065317106 × 10^288 |
| 85 | ov_085 | 1.9466418208933798 × 10^288 |
| 84 | ov_084 | 2.747622880965006 × 10^288 |
| 83 | ov_083 | 3.777635176327465 × 10^288 |
| 82 | ov_082 | 5.0765193080252506 × 10^288 |
| 81 | ov_081 | 6.687346621064032 × 10^288 |
| 64 | lv_79_m31 | 7.893358985257206 × 10^288 |
| 80 | ov_080 | 8.656500465886001 × 10^288 |
| 79 | ov_079 | 1.1033774813131642 × 10^289 |
| 78 | ov_078 | 1.387249194910621 × 10^289 |
| 77 | ov_077 | 1.722964098427745 × 10^289 |
| 76 | ov_076 | 2.1166038914578108 × 10^289 |
| 75 | ov_075 | 2.574651598613191 × 10^289 |
| 74 | ov_074 | 3.104012712923813 × 10^289 |
| 73 | ov_073 | 3.712039124812354 × 10^289 |
| 63 | ov_063 | 4.0503637574749473 × 10^289 |
| 72 | ov_072 | 4.406556018030057 × 10^289 |
| 71 | ov_071 | 5.195891917467121 × 10^289 |
| 70 | ov_070 | 6.088912078221255 × 10^289 |
| 69 | ov_069 | 7.09505541087157 × 10^289 |
| 68 | ov_068 | 8.224375144727892 × 10^289 |
| 67 | ov_067 | 9.487583439085335 × 10^289 |
| 66 | ov_066 | 9.487590359350387 × 10^289 |
| 65 | ov_065 | 9.487611715852089 × 10^289 |
| 62 | ov_062 | 2.0779679024139847 × 10^290 |
| 61 | ov_061 | 6.801135154651423 × 10^290 |
| 60 | ov_060 | 1.9364001448661352 × 10^291 |
| 59 | ov_059 | 4.460084681866143 × 10^291 |
| 58 | ov_058 | 8.922049940113526 × 10^291 |
| 57 | ov_057 | 1.618063513404231 × 10^292 |
| 56 | ov_056 | 2.728164166555402 × 10^292 |
| 55 | ov_055 | 4.45041506532696 × 10^292 |
| 54 | ov_054 | 7.050223681174696 × 10^292 |
| 53 | ov_053 | 1.083050791491232 × 10^293 |
| 52 | ov_052 | 1.6131716701773756 × 10^293 |
| 51 | ov_051 | 2.3331865811010016 × 10^293 |
| 50 | ov_050 | 3.2846597934077513 × 10^293 |
| 49 | ov_049 | 4.5129280040955835 × 10^293 |
| 48 | ov_048 | 6.067115393107702 × 10^293 |
| 47 | ov_047 | 8.000155831195973 × 10^293 |
| 32 | lv_80_m31 | 9.280174488649216 × 10^293 |
| 46 | ov_046 | 1.0368824315410432 × 10^294 |
| 45 | ov_045 | 1.3233779949996558 × 10^294 |
| 44 | ov_044 | 1.6659623035418907 × 10^294 |
| 43 | ov_043 | 2.0681675524842194 × 10^294 |
| 42 | ov_042 | 2.5372662114319227 × 10^294 |
| 41 | ov_041 | 3.0809533978030875 × 10^294 |
| 40 | ov_040 | 3.707361293299787 × 10^294 |
| 39 | ov_039 | 4.425076633143703 × 10^294 |
| 31 | ov_031 | 4.76011206970854 × 10^294 |
| 38 | ov_038 | 5.2431616807995376 × 10^294 |
| 37 | ov_037 | 6.171179129733557 × 10^294 |
| 36 | ov_036 | 7.219221403780448 × 10^294 |
| 35 | ov_035 | 8.397944859106689 × 10^294 |
| 34 | ov_034 | 9.718609423764478 × 10^294 |
| 33 | ov_033 | 1.1193124245642582 × 10^295 |
| 30 | ov_030 | 2.150726365998633 × 10^295 |
| 29 | ov_029 | 7.115747350111669 × 10^295 |
| 28 | ov_028 | 1.8989834922829306 × 10^296 |
| 27 | ov_027 | 4.3438680697049215 × 10^296 |
| 26 | ov_026 | 9.398805507719534 × 10^296 |
| 25 | ov_025 | 1.885525268788856 × 10^297 |
| 24 | ov_024 | 3.494355713567651 × 10^297 |
| 23 | ov_023 | 6.033298910372437 × 10^297 |
| 22 | ov_022 | 9.813182034946217 × 10^297 |
| 21 | ov_021 | 1.5188748689211836 × 10^298 |
| 20 | ov_020 | 2.2558688375313899 × 10^298 |
| 19 | ov_019 | 3.236568528510469 × 10^298 |
| 18 | ov_018 | 4.5096495067691557 × 10^298 |
| 17 | ov_017 | 6.12820630623637 × 10^298 |
| 16 | ov_016 | 8.149770287162707 × 10^298 |
| 15 | ov_015 | 1.0636335800798547 × 10^299 |
| 14 | ov_014 | 1.3654397235003692 × 10^299 |
| 13 | ov_013 | 1.7274999814779039 × 10^299 |
| 12 | ov_012 | 2.1573807332550095 × 10^299 |
| 11 | ov_011 | 2.6631190284530126 × 10^299 |
| 10 | ov_010 | 3.253233819201479 × 10^299 |
| 9 | ov_009 | 3.936740019051394 × 10^299 |
| 8 | ov_008 | 4.723165827586973 × 10^299 |
| 7 | ov_007 | 5.622573790577929 × 10^299 |
| 6 | ov_006 | 6.645586063553091 × 10^299 |
| 5 | ov_005 | 7.803414311951988 × 10^299 |
| 4 | ov_004 | 9.107894713552294 × 10^299 |
| 3 | ov_003 | 1.057152862885143 × 10^300 |
| 2 | ov_002 | 1.2207529572820609 × 10^300 |
| 1 | ov_001 | 1.4029877157180509 × 10^300 |

