# Results for F001-F002-F003-F004-F005-F006-F007-F008-F009-F010-F011-F012-F013-F014-F015-F016-F017-F018-F019-F020-F021-F022-F023-F024-F025-F026-F027-F028-F029-F030-F031-F032-F033-F034-F035-F036-F037-F038-F039-F040-F041-F042-F043-F044-F045-F046-F047-F048-F049-F050-F051-F052-F053-F054-F055-F056-F057-F058-F059-F060-F061-F062-F063-F064-F065-F066-F067-F068-F069-F070-F071-F072-F073-F074-F075-F076-F077-F078-F079-F080-F081-F082-F083-F084-F085-F086-F087-F088-F089-F090-F091-F092-F093-F094-F095-F096-F097-F098-F099-F100-F101-F102-F103-F104-F105-F106-F107-F108-F109-F110-F111-F112-F113-F114-F115-F116-F117-F118-F119-F120-F121-F122-F123-F124-F125-F126-F127-F128-F129-F130-F131-F132-F133-F134-F135-F136-F137-F138-F139-F140-F141-F142-F143-F144-F145-F146-F147-F148-F149-F150-F151-F152-F153-F154-F155-F156-F157-F158-F159-F160-F161-F162-F163-F164-F165-F166-F167-F168-F169-F170-F171-F172-F173-F174-F175-F176-F177-F178-F179-F180-F181-F182-F183-F184-F185-F186-F187-F188-F189-F190-F191-F192-F193-F194-F195-F196-F197-F198-F199-F200-F201-F202-F203-F204-F205-F206-F207-F208-F209-F210-F211-F212-F213-F214-F215-F216-F217-F218-F219-F220-F221-F222-F223-F224-F225-F226-F227-F228-F229-F230-F231-F232-F233-F234-F235-F236-F237-F238-F239-F240-F241-F242-F243-F244-F245-F246-F247-F248-F249-F250-F251-F252-F253-F254-F255-F256-F257-F258-F259-F260-F261-F262-F263-F264-F265-F266-F267-F268-F269-F270-F271-F272-F273-F274-F275-F276-F277-F278-F279-F280-F281-F282-F283-F284-F285-F286-F287-F288-F289-F290-F291-F292-F293-F294-F295-F296-F297-F298-F299-F300-F301-F302-F303-F304-F305-F306-F307-F308-F309-F310-F311-F312-F313-F314-F315-F316-F317-F318-F319-F320-F321-F322-F323-F324-F325-F326-F327-F328-F329-F330-F331-F332-F333-F334-F335-F336-F337-F338-F339-F340-F341-F342-F343-F344-F345-F346-F347-F348-F349-F350-F351-F352-F353-F354-F355-F356-F357-F358-F359-F360-F361-F362-F363-F364-F365-F366-F367-F368-F369-F370-F371-F372-F373-F374-F375-F376-F377-F378-F379-F380-F381-F382-F383-F384-F385-F386-F387-F388-F389-F390-F391-F392-F393-F394-F395-F396-F397-F398-F399-F400-F401-F402-F403-F404-F405-F406-F407-F408-F409-F410-F411-F412-F413-F414-F415-F416-F417-F418-F419-F420-F421-F422-F423-F424-F425-F426-F427-F428-F429-F430-F431-F432-F433-F434-F435-F436-F437-F438-F439-F440-F441-F442-F443-F444-F445-F446-F447-F448-F449-F450-F451-F452-F453-F454-F455-F456-F457-F458-F459-F460-F461-F462-F463-F464-F465-F466-F467-F468-F469-F470-F471-F472-F473-F474-F475-F476-F477-F478-F479-F480-F481-F482-F483-F484-F485-F486-F487-F488-F489-F490-F491-F492-F493-F494-F495-F496-T499-E500511-E507512

## Summary

Number of input bits: 512  
Number of free input bits: 13  
Number of output bits: 160

Number of direct occurrences: 54071  
Number of assignments: 32280  
Number of operations: 11727835
(xor: 11698952,
and: 15124,
or: 13759)

Total complexity: 1.5751753889753617 × 10^307

Least occurring input variable: iv_498 (3975)  
Most occurring input variable: iv_507 (4470)

Most co-occurring input variables: iv_501-iv_510 (2109)  
Least co-occurring input variables: iv_497-iv_498 (1815)

Potentially most occurring input variable: iv_500/iv_502 (4649)  
Potentially least occurring input variable: iv_498/iv_506 (4184)

Least output occurring input variable: iv_509 (64)  
Most output occurring input variable: iv_502 (91)

Most output co-occurring input variables: iv_502-iv_504 (48)  
Least output co-occurring input variables: iv_497-iv_509 (25)

Potentially most output occurring input variable: iv_504/iv_508 (93)  
Potentially least output occurring input variable: iv_498/iv_505 (69)

Least complex input bit: iv_497 (6.367441529426193 × 10^303)  
Most complex input bit: iv_510 (3.926967811818958 × 10^306)

Least complex output bit: aaa_76_29 (6.4052453377359375 × 10^281)  
Most complex output bit: ov_001 (2.4508581162834633 × 10^306)

Least complex input/output complexity: iv_497/aaa_76_29 (2.5892370751293673 × 10^278)  
Most complex input/output complexity: iv_510/ov_001 (6.110075742258149 × 10^305)

## Input Bits

### Input Bits in Regular Order

| Input Bit | Complexity | Occurrences | Output Occurrences |
|:---------:|:----------:|:-----------:|:------------------:|
| iv_497 | 6.367441529426193 × 10^303 | 4190 | 78 |
| iv_498 | 9.095156980214006 × 10^303 | 3975 | 81 |
| iv_500 | 1.2058470758399555 × 10^306 | 4344 | 78 |
| iv_501 | 8.868959879516566 × 10^304 | 4308 | 79 |
| iv_502 | 1.613384943873652 × 10^305 | 4099 | 91 |
| iv_503 | 2.719552844425776 × 10^305 | 4162 | 80 |
| iv_504 | 4.367364776840981 × 10^305 | 4100 | 84 |
| iv_505 | 6.773990697045563 × 10^305 | 4094 | 80 |
| iv_506 | 1.0221636296820766 × 10^306 | 4067 | 76 |
| iv_507 | 2.84955147817749 × 10^306 | 4470 | 80 |
| iv_508 | 2.1465204831591532 × 10^306 | 4033 | 77 |
| iv_509 | 2.949121887552586 × 10^306 | 4017 | 64 |
| iv_510 | 3.926967811818958 × 10^306 | 4212 | 81 |

### Input Bits Sorted by Complexity

| Input Bit | Complexity | Occurrences | Output Occurrences |
|:---------:|:----------:|:-----------:|:------------------:|
| iv_497 | 6.367441529426193 × 10^303 | 4190 | 78 |
| iv_498 | 9.095156980214006 × 10^303 | 3975 | 81 |
| iv_501 | 8.868959879516566 × 10^304 | 4308 | 79 |
| iv_502 | 1.613384943873652 × 10^305 | 4099 | 91 |
| iv_503 | 2.719552844425776 × 10^305 | 4162 | 80 |
| iv_504 | 4.367364776840981 × 10^305 | 4100 | 84 |
| iv_505 | 6.773990697045563 × 10^305 | 4094 | 80 |
| iv_506 | 1.0221636296820766 × 10^306 | 4067 | 76 |
| iv_500 | 1.2058470758399555 × 10^306 | 4344 | 78 |
| iv_508 | 2.1465204831591532 × 10^306 | 4033 | 77 |
| iv_507 | 2.84955147817749 × 10^306 | 4470 | 80 |
| iv_509 | 2.949121887552586 × 10^306 | 4017 | 64 |
| iv_510 | 3.926967811818958 × 10^306 | 4212 | 81 |

### Input Bits Sorted by Occurrences

| Input Bit | Complexity | Occurrences | Output Occurrences |
|:---------:|:----------:|:-----------:|:------------------:|
| iv_498 | 9.095156980214006 × 10^303 | 3975 | 81 |
| iv_509 | 2.949121887552586 × 10^306 | 4017 | 64 |
| iv_508 | 2.1465204831591532 × 10^306 | 4033 | 77 |
| iv_506 | 1.0221636296820766 × 10^306 | 4067 | 76 |
| iv_505 | 6.773990697045563 × 10^305 | 4094 | 80 |
| iv_502 | 1.613384943873652 × 10^305 | 4099 | 91 |
| iv_504 | 4.367364776840981 × 10^305 | 4100 | 84 |
| iv_503 | 2.719552844425776 × 10^305 | 4162 | 80 |
| iv_497 | 6.367441529426193 × 10^303 | 4190 | 78 |
| iv_510 | 3.926967811818958 × 10^306 | 4212 | 81 |
| iv_501 | 8.868959879516566 × 10^304 | 4308 | 79 |
| iv_500 | 1.2058470758399555 × 10^306 | 4344 | 78 |
| iv_507 | 2.84955147817749 × 10^306 | 4470 | 80 |

### Input Bits Sorted by Output Occurrences

| Input Bit | Complexity | Occurrences | Output Occurrences |
|:---------:|:----------:|:-----------:|:------------------:|
| iv_509 | 2.949121887552586 × 10^306 | 4017 | 64 |
| iv_506 | 1.0221636296820766 × 10^306 | 4067 | 76 |
| iv_508 | 2.1465204831591532 × 10^306 | 4033 | 77 |
| iv_497 | 6.367441529426193 × 10^303 | 4190 | 78 |
| iv_500 | 1.2058470758399555 × 10^306 | 4344 | 78 |
| iv_501 | 8.868959879516566 × 10^304 | 4308 | 79 |
| iv_503 | 2.719552844425776 × 10^305 | 4162 | 80 |
| iv_505 | 6.773990697045563 × 10^305 | 4094 | 80 |
| iv_507 | 2.84955147817749 × 10^306 | 4470 | 80 |
| iv_498 | 9.095156980214006 × 10^303 | 3975 | 81 |
| iv_510 | 3.926967811818958 × 10^306 | 4212 | 81 |
| iv_504 | 4.367364776840981 × 10^305 | 4100 | 84 |
| iv_502 | 1.613384943873652 × 10^305 | 4099 | 91 |

## Input Bit Co-occurrences

### Input Bit Co-occurrences Sorted by Co-occurrences

| Input Bits | Co-occurrences | Potential Occurrences | Output Co-occurrences | Potential Output Occurrences |
|:----------:|:--------------:|:---------------------:|:---------------------:|:----------------------------:|
| iv_501-iv_510 | 2109 | 4302 | 43 | 74 |
| iv_500-iv_507 | 2108 | 4598 | 38 | 82 |
| iv_501-iv_507 | 2088 | 4602 | 41 | 77 |
| iv_507-iv_510 | 2086 | 4510 | 38 | 85 |
| iv_500-iv_510 | 2083 | 4390 | 39 | 81 |
| iv_501-iv_505 | 2074 | 4254 | 40 | 79 |
| iv_501-iv_503 | 2068 | 4334 | 40 | 79 |
| iv_502-iv_507 | 2064 | 4441 | 45 | 81 |
| iv_500-iv_501 | 2054 | 4544 | 39 | 79 |
| iv_501-iv_502 | 2050 | 4307 | 46 | 78 |
| iv_497-iv_501 | 2041 | 4416 | 35 | 87 |
| iv_501-iv_508 | 2037 | 4267 | 35 | 86 |
| iv_497-iv_507 | 2018 | 4624 | 36 | 86 |

### Input Bit Co-occurrences Sorted by Potential Occurrences

| Input Bits | Co-occurrences | Potential Occurrences | Output Co-occurrences | Potential Output Occurrences |
|:----------:|:--------------:|:---------------------:|:---------------------:|:----------------------------:|
| iv_498-iv_506 | 1929 | 4184 | 40 | 77 |
| iv_502-iv_505 | 1987 | 4219 | 45 | 81 |
| iv_498-iv_505 | 1921 | 4227 | 46 | 69 |
| iv_498-iv_508 | 1880 | 4248 | 42 | 74 |
| iv_503-iv_506 | 1990 | 4249 | 34 | 88 |
| iv_498-iv_504 | 1913 | 4249 | 44 | 77 |
| iv_501-iv_505 | 2074 | 4254 | 40 | 79 |
| iv_506-iv_508 | 1922 | 4256 | 38 | 77 |
| iv_506-iv_509 | 1914 | 4256 | 30 | 80 |
| iv_501-iv_508 | 2037 | 4267 | 35 | 86 |
| iv_506-iv_510 | 1996 | 4287 | 42 | 73 |
| iv_502-iv_506 | 1933 | 4300 | 43 | 81 |
| iv_505-iv_509 | 1905 | 4301 | 36 | 72 |

### Input Bit Output Co-occurrences Sorted by Output Co-occurrences

| Input Bits | Co-occurrences | Potential Occurrences | Output Co-occurrences | Potential Output Occurrences |
|:----------:|:--------------:|:---------------------:|:---------------------:|:----------------------------:|
| iv_502-iv_504 | 1929 | 4341 | 48 | 79 |
| iv_498-iv_502 | 1827 | 4420 | 47 | 78 |
| iv_502-iv_510 | 1970 | 4371 | 47 | 78 |
| iv_501-iv_502 | 2050 | 4307 | 46 | 78 |
| iv_498-iv_505 | 1921 | 4227 | 46 | 69 |
| iv_502-iv_503 | 1924 | 4413 | 45 | 81 |
| iv_502-iv_505 | 1987 | 4219 | 45 | 81 |
| iv_505-iv_510 | 1983 | 4340 | 45 | 71 |
| iv_502-iv_507 | 2064 | 4441 | 45 | 81 |
| iv_502-iv_508 | 1892 | 4348 | 44 | 80 |
| iv_498-iv_504 | 1913 | 4249 | 44 | 77 |
| iv_501-iv_510 | 2109 | 4302 | 43 | 74 |
| iv_502-iv_506 | 1933 | 4300 | 43 | 81 |

### Input Bit Output Co-occurrences Sorted by Potential Output Occurrences

| Input Bits | Co-occurrences | Potential Occurrences | Output Co-occurrences | Potential Output Occurrences |
|:----------:|:--------------:|:---------------------:|:---------------------:|:----------------------------:|
| iv_498-iv_505 | 1921 | 4227 | 46 | 69 |
| iv_505-iv_510 | 1983 | 4340 | 45 | 71 |
| iv_505-iv_509 | 1905 | 4301 | 36 | 72 |
| iv_506-iv_510 | 1996 | 4287 | 42 | 73 |
| iv_501-iv_510 | 2109 | 4302 | 43 | 74 |
| iv_498-iv_508 | 1880 | 4248 | 42 | 74 |
| iv_498-iv_509 | 1835 | 4322 | 35 | 75 |
| iv_503-iv_508 | 1941 | 4313 | 41 | 75 |
| iv_498-iv_506 | 1929 | 4184 | 40 | 77 |
| iv_506-iv_508 | 1922 | 4256 | 38 | 77 |
| iv_501-iv_507 | 2088 | 4602 | 41 | 77 |
| iv_498-iv_504 | 1913 | 4249 | 44 | 77 |
| iv_498-iv_502 | 1827 | 4420 | 47 | 78 |

## Output Bits

### Output Bits in Regular Order

| Rank | Output Bit | Complexity |
|:----:|:----------:|:----------:|
| 1 | ov_001 | 2.4508581162834633 × 10^306 |
| 2 | ov_002 | 2.1338999336040596 × 10^306 |
| 3 | ov_003 | 1.8492691161234855 × 10^306 |
| 4 | ov_004 | 1.5945385144059214 × 10^306 |
| 5 | ov_005 | 1.3674148372220333 × 10^306 |
| 6 | ov_006 | 1.1657292521346428 × 10^306 |
| 7 | ov_007 | 9.874291793921444 × 10^305 |
| 8 | ov_008 | 8.305711659674354 × 10^305 |
| 9 | ov_009 | 6.933147326585138 × 10^305 |
| 10 | ov_010 | 5.739170986445563 × 10^305 |
| 11 | ov_011 | 4.70728704807908 × 10^305 |
| 12 | ov_012 | 3.8218946265106522 × 10^305 |
| 13 | ov_013 | 3.0682564978839577 × 10^305 |
| 14 | ov_014 | 2.4324737267247904 × 10^305 |
| 15 | ov_015 | 1.9014652244622081 × 10^305 |
| 16 | ov_016 | 1.4629515498848952 × 10^305 |
| 17 | ov_017 | 1.1054423135763747 × 10^305 |
| 18 | ov_018 | 8.182265994565476 × 10^304 |
| 19 | ov_019 | 5.913658674493816 × 10^304 |
| 20 | ov_020 | 4.156888520650097 × 10^304 |
| 21 | ov_021 | 2.827880223767969 × 10^304 |
| 22 | ov_022 | 1.8501721952182387 × 10^304 |
| 23 | ov_023 | 1.1549013847631575 × 10^304 |
| 24 | ov_024 | 6.807938280690886 × 10^303 |
| 25 | ov_025 | 3.741590255794783 × 10^303 |
| 26 | ov_026 | 1.8888692178027572 × 10^303 |
| 27 | ov_027 | 8.644651638010952 × 10^302 |
| 28 | ov_028 | 3.5885319543862853 × 10^302 |
| 29 | ov_029 | 1.382916831324255 × 10^302 |
| 30 | ov_030 | 4.228129800665975 × 10^301 |
| 31 | ov_031 | 8.247811035553492 × 10^300 |
| 32 | lv_80_m31 | 1.6085946755606812 × 10^300 |
| 33 | ov_033 | 1.9540961063401567 × 10^301 |
| 34 | ov_034 | 1.7000484493171218 × 10^301 |
| 35 | ov_035 | 1.472218180426394 × 10^301 |
| 36 | ov_036 | 1.2685857274523066 × 10^301 |
| 37 | ov_037 | 1.0872424941556177 × 10^301 |
| 38 | ov_038 | 9.263830265904383 × 10^300 |
| 39 | ov_039 | 7.84298190116866 × 10^300 |
| 40 | ov_040 | 6.593692652216429 × 10^300 |
| 41 | ov_041 | 5.5006287494382214 × 10^300 |
| 42 | ov_042 | 4.549266613002131 × 10^300 |
| 43 | ov_043 | 3.725856326268495 × 10^300 |
| 44 | ov_044 | 3.0173910820752716 × 10^300 |
| 45 | ov_045 | 2.4115819095761428 × 10^300 |
| 46 | ov_046 | 1.9024609323641374 × 10^300 |
| 47 | ov_047 | 1.4791169538115928 × 10^300 |
| 48 | ov_048 | 1.131306204000131 × 10^300 |
| 49 | ov_049 | 8.494421293236013 × 10^299 |
| 50 | ov_050 | 6.2458764591900545 × 10^299 |
| 51 | ov_051 | 4.484494205358717 × 10^299 |
| 52 | ov_052 | 3.1337378434748623 × 10^299 |
| 53 | ov_053 | 2.1234392700383014 × 10^299 |
| 54 | ov_054 | 1.3897805995628349 × 10^299 |
| 55 | ov_055 | 8.752827977189437 × 10^298 |
| 56 | ov_056 | 5.287990381770452 × 10^298 |
| 57 | ov_057 | 3.055109876287336 × 10^298 |
| 58 | ov_058 | 1.6692680640551684 × 10^298 |
| 59 | ov_059 | 8.088015502034496 × 10^297 |
| 60 | ov_060 | 3.286916129705912 × 10^297 |
| 61 | ov_061 | 1.1554436554130651 × 10^297 |
| 62 | ov_062 | 3.532844416930035 × 10^296 |
| 63 | ov_063 | 6.891729567416606 × 10^295 |
| 64 | lv_79_m31 | 1.3441262417993516 × 10^295 |
| 65 | ov_065 | 1.62169872708991 × 10^296 |
| 66 | ov_066 | 1.6216948714026704 × 10^296 |
| 67 | ov_067 | 1.621693959781934 × 10^296 |
| 68 | ov_068 | 1.4099765915493092 × 10^296 |
| 69 | ov_069 | 1.2198734694685188 × 10^296 |
| 70 | ov_070 | 1.0498107199819541 × 10^296 |
| 71 | ov_071 | 8.982882600859757 × 10^295 |
| 72 | ov_072 | 7.638756358622189 × 10^295 |
| 73 | ov_073 | 6.452087876933547 × 10^295 |
| 74 | ov_074 | 5.409875523967325 × 10^295 |
| 75 | ov_075 | 4.499737226597966 × 10^295 |
| 76 | ov_076 | 3.7098949390664223 × 10^295 |
| 77 | ov_077 | 3.029161553805288 × 10^295 |
| 78 | ov_078 | 2.4469294201838055 × 10^295 |
| 79 | ov_079 | 1.953160200340775 × 10^295 |
| 80 | ov_080 | 1.5383759761212368 × 10^295 |
| 81 | ov_081 | 1.1936515221923625 × 10^295 |
| 82 | ov_082 | 9.106076612042904 × 10^294 |
| 83 | ov_083 | 6.814056174338986 × 10^294 |
| 84 | ov_084 | 4.987422857495752 × 10^294 |
| 85 | ov_085 | 3.558463330034871 × 10^294 |
| 86 | ov_086 | 2.4647504912982124 × 10^294 |
| 87 | ov_087 | 1.649118653326417 × 10^294 |
| 88 | ov_088 | 1.0596445680864547 × 10^294 |
| 89 | ov_089 | 6.496334748459433 × 10^293 |
| 90 | ov_090 | 3.77609342671555 × 10^293 |
| 91 | ov_091 | 2.0730848311372793 × 10^293 |
| 92 | ov_092 | 1.0767571508251415 × 10^293 |
| 93 | ov_093 | 5.2862304656728 × 10^292 |
| 94 | ov_094 | 2.2225008150637936 × 10^292 |
| 95 | aaa_78_28 | 6.743506869844642 × 10^291 |
| 96 | aaa_78_29 | 2.014555465742266 × 10^291 |
| 97 | ov_097 | 1.0663440150707667 × 10^291 |
| 98 | ov_098 | 1.0663303104752335 × 10^291 |
| 99 | ov_099 | 1.066325927722658 × 10^291 |
| 100 | ov_100 | 8.72588375792616 × 10^290 |
| 101 | ov_101 | 7.093997942789303 × 10^290 |
| 102 | ov_102 | 5.733667338223729 × 10^290 |
| 103 | ov_103 | 4.612842309427803 × 10^290 |
| 104 | ov_104 | 3.701221572623211 × 10^290 |
| 105 | ov_105 | 2.9701328471686405 × 10^290 |
| 106 | ov_106 | 2.3924291376554 × 10^290 |
| 107 | ov_107 | 1.9423991973166916 × 10^290 |
| 108 | ov_108 | 1.5956908021145848 × 10^290 |
| 109 | ov_109 | 1.3292455402633532 × 10^290 |
| 110 | ov_110 | 1.1212438951947476 × 10^290 |
| 111 | ov_111 | 9.510594714970951 × 10^289 |
| 112 | ov_112 | 7.992212835327199 × 10^289 |
| 113 | ov_113 | 6.646291325716282 × 10^289 |
| 114 | ov_114 | 5.462021374028284 × 10^289 |
| 115 | ov_115 | 4.428743083396853 × 10^289 |
| 116 | ov_116 | 3.535908617733596 × 10^289 |
| 117 | ov_117 | 2.7730520832898043 × 10^289 |
| 118 | ov_118 | 2.129765477766327 × 10^289 |
| 119 | ov_119 | 1.5956800390130387 × 10^289 |
| 120 | ov_120 | 1.1604523256181332 × 10^289 |
| 121 | ov_121 | 8.137543618128456 × 10^288 |
| 122 | ov_122 | 5.452671791786756 × 10^288 |
| 123 | ov_123 | 3.446768716644349 × 10^288 |
| 124 | ov_124 | 2.0167214785635233 × 10^288 |
| 125 | ov_125 | 1.059428292646242 × 10^288 |
| 126 | ov_126 | 4.717910480777809 × 10^287 |
| 127 | aaa_77_28 | 1.5071260365470383 × 10^287 |
| 128 | aaa_77_29 | 5.653486899572678 × 10^286 |
| 129 | ov_129 | 5.304584896827165 × 10^286 |
| 130 | ov_130 | 5.304570237169265 × 10^286 |
| 131 | ov_131 | 5.30456668625523 × 10^286 |
| 132 | ov_132 | 4.614170283410921 × 10^286 |
| 133 | ov_133 | 3.9944813226939154 × 10^286 |
| 134 | ov_134 | 3.4401911598600554 × 10^286 |
| 135 | ov_135 | 2.946282121696794 × 10^286 |
| 136 | ov_136 | 2.5080068641270417 × 10^286 |
| 137 | ov_137 | 2.1208704158654584 × 10^286 |
| 138 | ov_138 | 1.7806146624034533 × 10^286 |
| 139 | ov_139 | 1.4832050379809937 × 10^286 |
| 140 | ov_140 | 1.2248192056420465 × 10^286 |
| 141 | ov_141 | 1.0018375175527343 × 10^286 |
| 142 | ov_142 | 8.108350595616227 × 10^285 |
| 143 | ov_143 | 6.485750955634458 × 10^285 |
| 144 | ov_144 | 5.120037386445168 × 10^285 |
| 145 | ov_145 | 3.9824568728421894 × 10^285 |
| 146 | ov_146 | 3.0460087609796596 × 10^285 |
| 147 | ov_147 | 2.2854190176068524 × 10^285 |
| 148 | ov_148 | 1.6771209586705435 × 10^285 |
| 149 | ov_149 | 1.1992412758006261 × 10^285 |
| 150 | ov_150 | 8.315903000235948 × 10^284 |
| 151 | ov_151 | 5.5565555280722296 × 10^284 |
| 152 | ov_152 | 3.5459774525734965 × 10^284 |
| 153 | ov_153 | 2.132484969805588 × 10^284 |
| 154 | ov_154 | 1.1810915680502075 × 10^284 |
| 155 | ov_155 | 5.735023425527459 × 10^283 |
| 156 | aaa_76_25 | 2.0811134061781708 × 10^283 |
| 157 | aaa_76_26 | 1.1906330805422134 × 10^283 |
| 158 | aaa_76_27 | 5.995943032871391 × 10^282 |
| 159 | aaa_76_28 | 2.2456429088125332 × 10^282 |
| 160 | aaa_76_29 | 6.4052453377359375 × 10^281 |

### Output Bits Sorted by Complexity

| Rank | Output Bit | Complexity |
|:----:|:----------:|:----------:|
| 160 | aaa_76_29 | 6.4052453377359375 × 10^281 |
| 159 | aaa_76_28 | 2.2456429088125332 × 10^282 |
| 158 | aaa_76_27 | 5.995943032871391 × 10^282 |
| 157 | aaa_76_26 | 1.1906330805422134 × 10^283 |
| 156 | aaa_76_25 | 2.0811134061781708 × 10^283 |
| 155 | ov_155 | 5.735023425527459 × 10^283 |
| 154 | ov_154 | 1.1810915680502075 × 10^284 |
| 153 | ov_153 | 2.132484969805588 × 10^284 |
| 152 | ov_152 | 3.5459774525734965 × 10^284 |
| 151 | ov_151 | 5.5565555280722296 × 10^284 |
| 150 | ov_150 | 8.315903000235948 × 10^284 |
| 149 | ov_149 | 1.1992412758006261 × 10^285 |
| 148 | ov_148 | 1.6771209586705435 × 10^285 |
| 147 | ov_147 | 2.2854190176068524 × 10^285 |
| 146 | ov_146 | 3.0460087609796596 × 10^285 |
| 145 | ov_145 | 3.9824568728421894 × 10^285 |
| 144 | ov_144 | 5.120037386445168 × 10^285 |
| 143 | ov_143 | 6.485750955634458 × 10^285 |
| 142 | ov_142 | 8.108350595616227 × 10^285 |
| 141 | ov_141 | 1.0018375175527343 × 10^286 |
| 140 | ov_140 | 1.2248192056420465 × 10^286 |
| 139 | ov_139 | 1.4832050379809937 × 10^286 |
| 138 | ov_138 | 1.7806146624034533 × 10^286 |
| 137 | ov_137 | 2.1208704158654584 × 10^286 |
| 136 | ov_136 | 2.5080068641270417 × 10^286 |
| 135 | ov_135 | 2.946282121696794 × 10^286 |
| 134 | ov_134 | 3.4401911598600554 × 10^286 |
| 133 | ov_133 | 3.9944813226939154 × 10^286 |
| 132 | ov_132 | 4.614170283410921 × 10^286 |
| 131 | ov_131 | 5.30456668625523 × 10^286 |
| 130 | ov_130 | 5.304570237169265 × 10^286 |
| 129 | ov_129 | 5.304584896827165 × 10^286 |
| 128 | aaa_77_29 | 5.653486899572678 × 10^286 |
| 127 | aaa_77_28 | 1.5071260365470383 × 10^287 |
| 126 | ov_126 | 4.717910480777809 × 10^287 |
| 125 | ov_125 | 1.059428292646242 × 10^288 |
| 124 | ov_124 | 2.0167214785635233 × 10^288 |
| 123 | ov_123 | 3.446768716644349 × 10^288 |
| 122 | ov_122 | 5.452671791786756 × 10^288 |
| 121 | ov_121 | 8.137543618128456 × 10^288 |
| 120 | ov_120 | 1.1604523256181332 × 10^289 |
| 119 | ov_119 | 1.5956800390130387 × 10^289 |
| 118 | ov_118 | 2.129765477766327 × 10^289 |
| 117 | ov_117 | 2.7730520832898043 × 10^289 |
| 116 | ov_116 | 3.535908617733596 × 10^289 |
| 115 | ov_115 | 4.428743083396853 × 10^289 |
| 114 | ov_114 | 5.462021374028284 × 10^289 |
| 113 | ov_113 | 6.646291325716282 × 10^289 |
| 112 | ov_112 | 7.992212835327199 × 10^289 |
| 111 | ov_111 | 9.510594714970951 × 10^289 |
| 110 | ov_110 | 1.1212438951947476 × 10^290 |
| 109 | ov_109 | 1.3292455402633532 × 10^290 |
| 108 | ov_108 | 1.5956908021145848 × 10^290 |
| 107 | ov_107 | 1.9423991973166916 × 10^290 |
| 106 | ov_106 | 2.3924291376554 × 10^290 |
| 105 | ov_105 | 2.9701328471686405 × 10^290 |
| 104 | ov_104 | 3.701221572623211 × 10^290 |
| 103 | ov_103 | 4.612842309427803 × 10^290 |
| 102 | ov_102 | 5.733667338223729 × 10^290 |
| 101 | ov_101 | 7.093997942789303 × 10^290 |
| 100 | ov_100 | 8.72588375792616 × 10^290 |
| 99 | ov_099 | 1.066325927722658 × 10^291 |
| 98 | ov_098 | 1.0663303104752335 × 10^291 |
| 97 | ov_097 | 1.0663440150707667 × 10^291 |
| 96 | aaa_78_29 | 2.014555465742266 × 10^291 |
| 95 | aaa_78_28 | 6.743506869844642 × 10^291 |
| 94 | ov_094 | 2.2225008150637936 × 10^292 |
| 93 | ov_093 | 5.2862304656728 × 10^292 |
| 92 | ov_092 | 1.0767571508251415 × 10^293 |
| 91 | ov_091 | 2.0730848311372793 × 10^293 |
| 90 | ov_090 | 3.77609342671555 × 10^293 |
| 89 | ov_089 | 6.496334748459433 × 10^293 |
| 88 | ov_088 | 1.0596445680864547 × 10^294 |
| 87 | ov_087 | 1.649118653326417 × 10^294 |
| 86 | ov_086 | 2.4647504912982124 × 10^294 |
| 85 | ov_085 | 3.558463330034871 × 10^294 |
| 84 | ov_084 | 4.987422857495752 × 10^294 |
| 83 | ov_083 | 6.814056174338986 × 10^294 |
| 82 | ov_082 | 9.106076612042904 × 10^294 |
| 81 | ov_081 | 1.1936515221923625 × 10^295 |
| 64 | lv_79_m31 | 1.3441262417993516 × 10^295 |
| 80 | ov_080 | 1.5383759761212368 × 10^295 |
| 79 | ov_079 | 1.953160200340775 × 10^295 |
| 78 | ov_078 | 2.4469294201838055 × 10^295 |
| 77 | ov_077 | 3.029161553805288 × 10^295 |
| 76 | ov_076 | 3.7098949390664223 × 10^295 |
| 75 | ov_075 | 4.499737226597966 × 10^295 |
| 74 | ov_074 | 5.409875523967325 × 10^295 |
| 73 | ov_073 | 6.452087876933547 × 10^295 |
| 63 | ov_063 | 6.891729567416606 × 10^295 |
| 72 | ov_072 | 7.638756358622189 × 10^295 |
| 71 | ov_071 | 8.982882600859757 × 10^295 |
| 70 | ov_070 | 1.0498107199819541 × 10^296 |
| 69 | ov_069 | 1.2198734694685188 × 10^296 |
| 68 | ov_068 | 1.4099765915493092 × 10^296 |
| 67 | ov_067 | 1.621693959781934 × 10^296 |
| 66 | ov_066 | 1.6216948714026704 × 10^296 |
| 65 | ov_065 | 1.62169872708991 × 10^296 |
| 62 | ov_062 | 3.532844416930035 × 10^296 |
| 61 | ov_061 | 1.1554436554130651 × 10^297 |
| 60 | ov_060 | 3.286916129705912 × 10^297 |
| 59 | ov_059 | 8.088015502034496 × 10^297 |
| 58 | ov_058 | 1.6692680640551684 × 10^298 |
| 57 | ov_057 | 3.055109876287336 × 10^298 |
| 56 | ov_056 | 5.287990381770452 × 10^298 |
| 55 | ov_055 | 8.752827977189437 × 10^298 |
| 54 | ov_054 | 1.3897805995628349 × 10^299 |
| 53 | ov_053 | 2.1234392700383014 × 10^299 |
| 52 | ov_052 | 3.1337378434748623 × 10^299 |
| 51 | ov_051 | 4.484494205358717 × 10^299 |
| 50 | ov_050 | 6.2458764591900545 × 10^299 |
| 49 | ov_049 | 8.494421293236013 × 10^299 |
| 48 | ov_048 | 1.131306204000131 × 10^300 |
| 47 | ov_047 | 1.4791169538115928 × 10^300 |
| 32 | lv_80_m31 | 1.6085946755606812 × 10^300 |
| 46 | ov_046 | 1.9024609323641374 × 10^300 |
| 45 | ov_045 | 2.4115819095761428 × 10^300 |
| 44 | ov_044 | 3.0173910820752716 × 10^300 |
| 43 | ov_043 | 3.725856326268495 × 10^300 |
| 42 | ov_042 | 4.549266613002131 × 10^300 |
| 41 | ov_041 | 5.5006287494382214 × 10^300 |
| 40 | ov_040 | 6.593692652216429 × 10^300 |
| 39 | ov_039 | 7.84298190116866 × 10^300 |
| 31 | ov_031 | 8.247811035553492 × 10^300 |
| 38 | ov_038 | 9.263830265904383 × 10^300 |
| 37 | ov_037 | 1.0872424941556177 × 10^301 |
| 36 | ov_036 | 1.2685857274523066 × 10^301 |
| 35 | ov_035 | 1.472218180426394 × 10^301 |
| 34 | ov_034 | 1.7000484493171218 × 10^301 |
| 33 | ov_033 | 1.9540961063401567 × 10^301 |
| 30 | ov_030 | 4.228129800665975 × 10^301 |
| 29 | ov_029 | 1.382916831324255 × 10^302 |
| 28 | ov_028 | 3.5885319543862853 × 10^302 |
| 27 | ov_027 | 8.644651638010952 × 10^302 |
| 26 | ov_026 | 1.8888692178027572 × 10^303 |
| 25 | ov_025 | 3.741590255794783 × 10^303 |
| 24 | ov_024 | 6.807938280690886 × 10^303 |
| 23 | ov_023 | 1.1549013847631575 × 10^304 |
| 22 | ov_022 | 1.8501721952182387 × 10^304 |
| 21 | ov_021 | 2.827880223767969 × 10^304 |
| 20 | ov_020 | 4.156888520650097 × 10^304 |
| 19 | ov_019 | 5.913658674493816 × 10^304 |
| 18 | ov_018 | 8.182265994565476 × 10^304 |
| 17 | ov_017 | 1.1054423135763747 × 10^305 |
| 16 | ov_016 | 1.4629515498848952 × 10^305 |
| 15 | ov_015 | 1.9014652244622081 × 10^305 |
| 14 | ov_014 | 2.4324737267247904 × 10^305 |
| 13 | ov_013 | 3.0682564978839577 × 10^305 |
| 12 | ov_012 | 3.8218946265106522 × 10^305 |
| 11 | ov_011 | 4.70728704807908 × 10^305 |
| 10 | ov_010 | 5.739170986445563 × 10^305 |
| 9 | ov_009 | 6.933147326585138 × 10^305 |
| 8 | ov_008 | 8.305711659674354 × 10^305 |
| 7 | ov_007 | 9.874291793921444 × 10^305 |
| 6 | ov_006 | 1.1657292521346428 × 10^306 |
| 5 | ov_005 | 1.3674148372220333 × 10^306 |
| 4 | ov_004 | 1.5945385144059214 × 10^306 |
| 3 | ov_003 | 1.8492691161234855 × 10^306 |
| 2 | ov_002 | 2.1338999336040596 × 10^306 |
| 1 | ov_001 | 2.4508581162834633 × 10^306 |

