# Results for E002007-E005015-O009010-F017-F018-F019-F020-F021-F022-F023-F024-F025-F026-F027-F028-F029-F030-F031-F032-F033-F034-F035-F036-F037-F038-F039-F040-F041-F042-F043-F044-F045-F046-F047-F048-F049-F050-F051-F052-F053-F054-F055-F056-F057-F058-F059-F060-F061-F062-F063-F064-F065-F066-F067-F068-F069-F070-F071-F072-F073-F074-F075-F076-F077-F078-F079-F080-F081-F082-F083-F084-F085-F086-F087-F088-F089-F090-F091-F092-F093-F094-F095-F096-F097-F098-F099-F100-F101-F102-F103-F104-F105-F106-F107-F108-F109-F110-F111-F112-F113-F114-F115-F116-F117-F118-F119-F120-F121-F122-F123-F124-F125-F126-F127-F128-F129-F130-F131-F132-F133-F134-F135-F136-F137-F138-F139-F140-F141-F142-F143-F144-F145-F146-F147-F148-F149-F150-F151-F152-F153-F154-F155-F156-F157-F158-F159-F160-F161-F162-F163-F164-F165-F166-F167-F168-F169-F170-F171-F172-F173-F174-F175-F176-F177-F178-F179-F180-F181-F182-F183-F184-F185-F186-F187-F188-F189-F190-F191-F192-F193-F194-F195-F196-F197-F198-F199-F200-F201-F202-F203-F204-F205-F206-F207-F208-F209-F210-F211-F212-F213-F214-F215-F216-F217-F218-F219-F220-F221-F222-F223-F224-F225-F226-F227-F228-F229-F230-F231-F232-F233-F234-F235-F236-F237-F238-F239-F240-F241-F242-F243-F244-F245-F246-F247-F248-F249-F250-F251-F252-F253-F254-F255-F256-F257-F258-F259-F260-F261-F262-F263-F264-F265-F266-F267-F268-F269-F270-F271-F272-F273-F274-F275-F276-F277-F278-F279-F280-F281-F282-F283-F284-F285-F286-F287-F288-F289-F290-F291-F292-F293-F294-F295-F296-F297-F298-F299-F300-F301-F302-F303-F304-F305-F306-F307-F308-F309-F310-F311-F312-F313-F314-F315-F316-F317-F318-F319-F320-F321-F322-F323-F324-F325-F326-F327-F328-F329-F330-F331-F332-F333-F334-F335-F336-F337-F338-F339-F340-F341-F342-F343-F344-F345-F346-F347-F348-F349-F350-F351-F352-F353-F354-F355-F356-F357-F358-F359-F360-F361-F362-F363-F364-F365-F366-F367-F368-F369-F370-F371-F372-F373-F374-F375-F376-F377-F378-F379-F380-F381-F382-F383-F384-F385-F386-F387-F388-F389-F390-F391-F392-F393-F394-F395-F396-F397-F398-F399-F400-F401-F402-F403-F404-F405-F406-F407-F408-F409-F410-F411-F412-F413-F414-F415-F416-F417-F418-F419-F420-F421-F422-F423-F424-F425-F426-F427-F428-F429-F430-F431-F432-F433-F434-F435-F436-F437-F438-F439-F440-F441-F442-F443-F444-F445-F446-F447-F448-F449-F450-F451-F452-F453-F454-F455-F456-F457-F458-F459-F460-F461-F462-F463-F464-F465-F466-F467-F468-F469-F470-F471-F472-F473-F474-F475-F476-F477-F478-F479-F480-F481-F482-F483-F484-F485-F486-F487-F488-F489-F490-F491-F492-F493-F494-F495-F496-F497-F498-F499-F500-F501-F502-F503-F504-F505-F506-F507-F508-F509-F510-F511-F512

## Summary

Number of input bits: 512  
Number of free input bits: 13  
Number of output bits: 160

Number of direct occurrences: 59812  
Number of assignments: 39354  
Number of operations: 19571120
(xor: 19532539,
and: 21923,
or: 16658)

Total complexity: 5.8039270363409414 × 10^358

Least occurring input variable: iv_012 (4230)  
Most occurring input variable: iv_005 (4941)

Most co-occurring input variables: iv_008-iv_013 (2339)  
Least co-occurring input variables: iv_006-iv_012 (1949)

Potentially most occurring input variable: iv_005/iv_016 (5406)  
Potentially least occurring input variable: iv_001/iv_006 (4563)

Least output occurring input variable: iv_005 (67)  
Most output occurring input variable: iv_012 (86)

Most output co-occurring input variables: iv_008-iv_012 (52)  
Least output co-occurring input variables: iv_005-iv_014 (27)

Potentially most output occurring input variable: iv_003/iv_014 (94)  
Potentially least output occurring input variable: iv_008/iv_012 (63)

Least complex input bit: iv_016 (1.2230454074190852 × 10^355)  
Most complex input bit: iv_005 (1.497657848478738 × 10^358)

Least complex output bit: aaa_76_29 (1.3540726212989414 × 10^333)  
Most complex output bit: ov_001 (8.883987522619392 × 10^357)

Least complex input/output complexity: iv_016/aaa_76_29 (2.8533995869039494 × 10^329)  
Most complex input/output complexity: iv_005/ov_001 (2.2924432984302747 × 10^357)

## Input Bits

### Input Bits in Regular Order

| Input Bit | Complexity | Occurrences | Output Occurrences |
|:---------:|:----------:|:-----------:|:------------------:|
| iv_001 | 3.734554040086886 × 10^355 | 4637 | 77 |
| iv_002 | 3.066347795949335 × 10^357 | 4506 | 80 |
| iv_003 | 4.6503615145390646 × 10^356 | 4555 | 78 |
| iv_004 | 1.0115382735474062 × 10^357 | 4517 | 69 |
| iv_005 | 1.497657848478738 × 10^358 | 4941 | 67 |
| iv_006 | 2.2397127378499088 × 10^357 | 4448 | 82 |
| iv_008 | 3.658390911005071 × 10^357 | 4632 | 81 |
| iv_009 | 3.151610679237329 × 10^357 | 4712 | 76 |
| iv_011 | 4.004483304428576 × 10^357 | 4777 | 81 |
| iv_012 | 6.034942588810285 × 10^357 | 4230 | 86 |
| iv_013 | 8.355622522716052 × 10^357 | 4663 | 85 |
| iv_014 | 1.102543091914924 × 10^358 | 4651 | 76 |
| iv_016 | 1.2230454074190852 × 10^355 | 4543 | 75 |

### Input Bits Sorted by Complexity

| Input Bit | Complexity | Occurrences | Output Occurrences |
|:---------:|:----------:|:-----------:|:------------------:|
| iv_016 | 1.2230454074190852 × 10^355 | 4543 | 75 |
| iv_001 | 3.734554040086886 × 10^355 | 4637 | 77 |
| iv_003 | 4.6503615145390646 × 10^356 | 4555 | 78 |
| iv_004 | 1.0115382735474062 × 10^357 | 4517 | 69 |
| iv_006 | 2.2397127378499088 × 10^357 | 4448 | 82 |
| iv_002 | 3.066347795949335 × 10^357 | 4506 | 80 |
| iv_009 | 3.151610679237329 × 10^357 | 4712 | 76 |
| iv_008 | 3.658390911005071 × 10^357 | 4632 | 81 |
| iv_011 | 4.004483304428576 × 10^357 | 4777 | 81 |
| iv_012 | 6.034942588810285 × 10^357 | 4230 | 86 |
| iv_013 | 8.355622522716052 × 10^357 | 4663 | 85 |
| iv_014 | 1.102543091914924 × 10^358 | 4651 | 76 |
| iv_005 | 1.497657848478738 × 10^358 | 4941 | 67 |

### Input Bits Sorted by Occurrences

| Input Bit | Complexity | Occurrences | Output Occurrences |
|:---------:|:----------:|:-----------:|:------------------:|
| iv_012 | 6.034942588810285 × 10^357 | 4230 | 86 |
| iv_006 | 2.2397127378499088 × 10^357 | 4448 | 82 |
| iv_002 | 3.066347795949335 × 10^357 | 4506 | 80 |
| iv_004 | 1.0115382735474062 × 10^357 | 4517 | 69 |
| iv_016 | 1.2230454074190852 × 10^355 | 4543 | 75 |
| iv_003 | 4.6503615145390646 × 10^356 | 4555 | 78 |
| iv_008 | 3.658390911005071 × 10^357 | 4632 | 81 |
| iv_001 | 3.734554040086886 × 10^355 | 4637 | 77 |
| iv_014 | 1.102543091914924 × 10^358 | 4651 | 76 |
| iv_013 | 8.355622522716052 × 10^357 | 4663 | 85 |
| iv_009 | 3.151610679237329 × 10^357 | 4712 | 76 |
| iv_011 | 4.004483304428576 × 10^357 | 4777 | 81 |
| iv_005 | 1.497657848478738 × 10^358 | 4941 | 67 |

### Input Bits Sorted by Output Occurrences

| Input Bit | Complexity | Occurrences | Output Occurrences |
|:---------:|:----------:|:-----------:|:------------------:|
| iv_005 | 1.497657848478738 × 10^358 | 4941 | 67 |
| iv_004 | 1.0115382735474062 × 10^357 | 4517 | 69 |
| iv_016 | 1.2230454074190852 × 10^355 | 4543 | 75 |
| iv_014 | 1.102543091914924 × 10^358 | 4651 | 76 |
| iv_009 | 3.151610679237329 × 10^357 | 4712 | 76 |
| iv_001 | 3.734554040086886 × 10^355 | 4637 | 77 |
| iv_003 | 4.6503615145390646 × 10^356 | 4555 | 78 |
| iv_002 | 3.066347795949335 × 10^357 | 4506 | 80 |
| iv_008 | 3.658390911005071 × 10^357 | 4632 | 81 |
| iv_011 | 4.004483304428576 × 10^357 | 4777 | 81 |
| iv_006 | 2.2397127378499088 × 10^357 | 4448 | 82 |
| iv_013 | 8.355622522716052 × 10^357 | 4663 | 85 |
| iv_012 | 6.034942588810285 × 10^357 | 4230 | 86 |

## Input Bit Co-occurrences

### Input Bit Co-occurrences Sorted by Co-occurrences

| Input Bits | Co-occurrences | Potential Occurrences | Output Co-occurrences | Potential Output Occurrences |
|:----------:|:--------------:|:---------------------:|:---------------------:|:----------------------------:|
| iv_008-iv_013 | 2339 | 4617 | 44 | 78 |
| iv_005-iv_009 | 2321 | 5011 | 36 | 71 |
| iv_004-iv_005 | 2266 | 4926 | 29 | 78 |
| iv_001-iv_006 | 2261 | 4563 | 37 | 85 |
| iv_008-iv_009 | 2255 | 4834 | 32 | 93 |
| iv_001-iv_011 | 2255 | 4904 | 38 | 82 |
| iv_011-iv_016 | 2251 | 4818 | 37 | 82 |
| iv_003-iv_005 | 2242 | 5012 | 34 | 77 |
| iv_003-iv_013 | 2237 | 4744 | 43 | 77 |
| iv_006-iv_011 | 2235 | 4755 | 42 | 79 |
| iv_003-iv_004 | 2231 | 4610 | 32 | 83 |
| iv_013-iv_014 | 2226 | 4862 | 43 | 75 |
| iv_003-iv_008 | 2224 | 4739 | 39 | 81 |

### Input Bit Co-occurrences Sorted by Potential Occurrences

| Input Bits | Co-occurrences | Potential Occurrences | Output Co-occurrences | Potential Output Occurrences |
|:----------:|:--------------:|:---------------------:|:---------------------:|:----------------------------:|
| iv_001-iv_006 | 2261 | 4563 | 37 | 85 |
| iv_002-iv_012 | 2071 | 4594 | 44 | 78 |
| iv_003-iv_004 | 2231 | 4610 | 32 | 83 |
| iv_008-iv_012 | 2123 | 4616 | 52 | 63 |
| iv_008-iv_013 | 2339 | 4617 | 44 | 78 |
| iv_003-iv_012 | 2069 | 4647 | 44 | 76 |
| iv_012-iv_013 | 2107 | 4679 | 43 | 85 |
| iv_003-iv_008 | 2224 | 4739 | 39 | 81 |
| iv_003-iv_013 | 2237 | 4744 | 43 | 77 |
| iv_006-iv_011 | 2235 | 4755 | 42 | 79 |
| iv_001-iv_016 | 2208 | 4764 | 36 | 80 |
| iv_006-iv_012 | 1949 | 4780 | 45 | 78 |
| iv_006-iv_016 | 2095 | 4801 | 36 | 85 |

### Input Bit Output Co-occurrences Sorted by Output Co-occurrences

| Input Bits | Co-occurrences | Potential Occurrences | Output Co-occurrences | Potential Output Occurrences |
|:----------:|:--------------:|:---------------------:|:---------------------:|:----------------------------:|
| iv_008-iv_012 | 2123 | 4616 | 52 | 63 |
| iv_009-iv_012 | 2030 | 4882 | 48 | 66 |
| iv_012-iv_014 | 2031 | 4819 | 46 | 70 |
| iv_006-iv_008 | 2075 | 4930 | 45 | 73 |
| iv_006-iv_012 | 1949 | 4780 | 45 | 78 |
| iv_008-iv_013 | 2339 | 4617 | 44 | 78 |
| iv_008-iv_014 | 2123 | 5037 | 44 | 69 |
| iv_002-iv_012 | 2071 | 4594 | 44 | 78 |
| iv_003-iv_012 | 2069 | 4647 | 44 | 76 |
| iv_001-iv_002 | 2111 | 4921 | 44 | 69 |
| iv_011-iv_013 | 2170 | 5100 | 44 | 78 |
| iv_013-iv_014 | 2226 | 4862 | 43 | 75 |
| iv_012-iv_016 | 1955 | 4863 | 43 | 75 |

### Input Bit Output Co-occurrences Sorted by Potential Output Occurrences

| Input Bits | Co-occurrences | Potential Occurrences | Output Co-occurrences | Potential Output Occurrences |
|:----------:|:--------------:|:---------------------:|:---------------------:|:----------------------------:|
| iv_008-iv_012 | 2123 | 4616 | 52 | 63 |
| iv_009-iv_012 | 2030 | 4882 | 48 | 66 |
| iv_001-iv_004 | 2036 | 5082 | 39 | 68 |
| iv_008-iv_014 | 2123 | 5037 | 44 | 69 |
| iv_001-iv_002 | 2111 | 4921 | 44 | 69 |
| iv_001-iv_003 | 2128 | 4936 | 43 | 69 |
| iv_004-iv_014 | 2167 | 4834 | 38 | 69 |
| iv_012-iv_014 | 2031 | 4819 | 46 | 70 |
| iv_005-iv_009 | 2321 | 5011 | 36 | 71 |
| iv_006-iv_008 | 2075 | 4930 | 45 | 73 |
| iv_001-iv_005 | 2163 | 5252 | 35 | 74 |
| iv_013-iv_014 | 2226 | 4862 | 43 | 75 |
| iv_003-iv_016 | 2072 | 4954 | 39 | 75 |

## Output Bits

### Output Bits in Regular Order

| Rank | Output Bit | Complexity |
|:----:|:----------:|:----------:|
| 1 | ov_001 | 8.883987522619392 × 10^357 |
| 2 | ov_002 | 7.757525419221406 × 10^357 |
| 3 | ov_003 | 6.74511290775585 × 10^357 |
| 4 | ov_004 | 5.837708173876751 × 10^357 |
| 5 | ov_005 | 5.026776487079886 × 10^357 |
| 6 | ov_006 | 4.304254751656269 × 10^357 |
| 7 | ov_007 | 3.6625202438827565 × 10^357 |
| 8 | ov_008 | 3.094363131433631 × 10^357 |
| 9 | ov_009 | 2.592962464554773 × 10^357 |
| 10 | ov_010 | 2.1518654171834157 × 10^357 |
| 11 | ov_011 | 1.767935209504992 × 10^357 |
| 12 | ov_012 | 1.4382062045636978 × 10^357 |
| 13 | ov_013 | 1.157234528175802 × 10^357 |
| 14 | ov_014 | 9.198891279640964 × 10^356 |
| 15 | ov_015 | 7.213434547748173 × 10^356 |
| 16 | ov_016 | 5.570688009551014 × 10^356 |
| 17 | ov_017 | 4.228290556535502 × 10^356 |
| 18 | ov_018 | 3.1467665657103357 × 10^356 |
| 19 | ov_019 | 2.289495367558378 × 10^356 |
| 20 | ov_020 | 1.6226888413727403 × 10^356 |
| 21 | ov_021 | 1.115375505480555 × 10^356 |
| 22 | ov_022 | 7.393896601484238 × 10^355 |
| 23 | ov_023 | 4.693643310982898 × 10^355 |
| 24 | ov_024 | 2.827269516150197 × 10^355 |
| 25 | ov_025 | 1.596969112410871 × 10^355 |
| 26 | ov_026 | 8.328428826036074 × 10^354 |
| 27 | ov_027 | 3.92892669084423 × 10^354 |
| 28 | ov_028 | 1.6301907182556966 × 10^354 |
| 29 | ov_029 | 5.7020706124284226 × 10^353 |
| 30 | ov_030 | 1.566439149657873 × 10^353 |
| 31 | ov_031 | 3.0580878120061815 × 10^352 |
| 32 | lv_80_m31 | 5.969336092090577 × 10^351 |
| 33 | ov_033 | 7.387081350542525 × 10^352 |
| 34 | ov_034 | 6.4574558755913906 × 10^352 |
| 35 | ov_035 | 5.619304751546656 × 10^352 |
| 36 | ov_036 | 4.868678004413726 × 10^352 |
| 37 | ov_037 | 4.198324629462577 × 10^352 |
| 38 | ov_038 | 3.6013910201774354 × 10^352 |
| 39 | ov_039 | 3.0713947683536844 × 10^352 |
| 40 | ov_040 | 2.602201853411944 × 10^352 |
| 41 | ov_041 | 2.188006908133365 × 10^352 |
| 42 | ov_042 | 1.823316265192825 × 10^352 |
| 43 | ov_043 | 1.5029335054195787 × 10^352 |
| 44 | ov_044 | 1.224333072690684 × 10^352 |
| 45 | ov_045 | 9.851291390701364 × 10^351 |
| 46 | ov_046 | 7.83070961790313 × 10^351 |
| 47 | ov_047 | 6.140477510958374 × 10^351 |
| 48 | ov_048 | 4.742025665815338 × 10^351 |
| 49 | ov_049 | 3.5992788839292373 × 10^351 |
| 50 | ov_050 | 2.678621673197347 × 10^351 |
| 51 | ov_051 | 1.948871950754309 × 10^351 |
| 52 | ov_052 | 1.3812615044204866 × 10^351 |
| 53 | ov_053 | 9.494219130874514 × 10^350 |
| 54 | ov_054 | 6.2937476958666 × 10^350 |
| 55 | ov_055 | 3.995251927123848 × 10^350 |
| 56 | ov_056 | 2.4065775812066964 × 10^350 |
| 57 | ov_057 | 1.359341208447679 × 10^350 |
| 58 | ov_058 | 7.089174517377966 × 10^349 |
| 59 | ov_059 | 3.344330420132399 × 10^349 |
| 60 | ov_060 | 1.3876446091910758 × 10^349 |
| 61 | ov_061 | 4.853725517831824 × 10^348 |
| 62 | ov_062 | 1.333360359854379 × 10^348 |
| 63 | ov_063 | 2.6028626861013997 × 10^347 |
| 64 | lv_79_m31 | 5.080128995148996 × 10^346 |
| 65 | ov_065 | 6.231443559367176 × 10^347 |
| 66 | ov_066 | 6.231419777576271 × 10^347 |
| 67 | ov_067 | 6.231412167985243 × 10^347 |
| 68 | ov_068 | 5.4391479540720336 × 10^347 |
| 69 | ov_069 | 4.7265329812271786 × 10^347 |
| 70 | ov_070 | 4.0876244802266674 × 10^347 |
| 71 | ov_071 | 3.5168133924325674 × 10^347 |
| 72 | ov_072 | 3.008800492853678 × 10^347 |
| 73 | ov_073 | 2.5585753775952892 × 10^347 |
| 74 | ov_074 | 2.161398032264921 × 10^347 |
| 75 | ov_075 | 1.812782744216945 × 10^347 |
| 76 | ov_076 | 1.5084841960636705 × 10^347 |
| 77 | ov_077 | 1.2444855905051909 × 10^347 |
| 78 | ov_078 | 1.016988610849089 × 10^347 |
| 79 | ov_079 | 8.22405006169439 × 10^346 |
| 80 | ov_080 | 6.573496032052918 × 10^346 |
| 81 | ov_081 | 5.186345599830347 × 10^346 |
| 82 | ov_082 | 4.0326468882428955 × 10^346 |
| 83 | ov_083 | 3.0843370657342645 × 10^346 |
| 84 | ov_084 | 2.3152129993548495 × 10^346 |
| 85 | ov_085 | 1.7009088848513843 × 10^346 |
| 86 | ov_086 | 1.2188796252069083 × 10^346 |
| 87 | ov_087 | 8.483888516570157 × 10^345 |
| 88 | ov_088 | 5.705006032651806 × 10^345 |
| 89 | ov_089 | 3.68073803062608 × 10^345 |
| 90 | ov_090 | 2.257587906089856 × 10^345 |
| 91 | ov_091 | 1.2999529264967032 × 10^345 |
| 92 | ov_092 | 6.901133535165109 × 10^344 |
| 93 | ov_093 | 3.282272237330819 × 10^344 |
| 94 | ov_094 | 1.3232817731088362 × 10^344 |
| 95 | aaa_78_28 | 3.8324714390620395 × 10^343 |
| 96 | aaa_78_29 | 7.429310957636142 × 10^342 |
| 97 | ov_097 | 9.37732711302549 × 10^342 |
| 98 | ov_098 | 9.377300676245922 × 10^342 |
| 99 | ov_099 | 9.37729427592751 × 10^342 |
| 100 | ov_100 | 8.179800429627713 × 10^342 |
| 101 | ov_101 | 7.105810952876678 × 10^342 |
| 102 | ov_102 | 6.145379947603568 × 10^342 |
| 103 | ov_103 | 5.289119062874555 × 10^342 |
| 104 | ov_104 | 4.528159960035479 × 10^342 |
| 105 | ov_105 | 3.854121305659123 × 10^342 |
| 106 | ov_106 | 3.259079747320038 × 10^342 |
| 107 | ov_107 | 2.73554438617605 × 10^342 |
| 108 | ov_108 | 2.2764343734298857 × 10^342 |
| 109 | ov_109 | 1.8750593647221324 × 10^342 |
| 110 | ov_110 | 1.528169542256808 × 10^342 |
| 111 | ov_111 | 1.2326979743276132 × 10^342 |
| 112 | ov_112 | 9.830338865785701 × 10^341 |
| 113 | ov_113 | 7.73903165765284 × 10^341 |
| 114 | ov_114 | 6.003600370645435 × 10^341 |
| 115 | ov_115 | 4.577804460918038 × 10^341 |
| 116 | ov_116 | 3.4185693767094843 × 10^341 |
| 117 | ov_117 | 2.4859479381226847 × 10^341 |
| 118 | ov_118 | 1.7607442817532883 × 10^341 |
| 119 | ov_119 | 1.2091891805789652 × 10^341 |
| 120 | ov_120 | 8.005785980014256 × 10^340 |
| 121 | ov_121 | 5.072647682923629 × 10^340 |
| 122 | ov_122 | 3.046507401452088 × 10^340 |
| 123 | ov_123 | 1.711872799603211 × 10^340 |
| 124 | ov_124 | 8.837127113492654 × 10^339 |
| 125 | ov_125 | 4.074497830827849 × 10^339 |
| 126 | ov_126 | 1.58957568259992 × 10^339 |
| 127 | aaa_77_28 | 4.455959064805895 × 10^338 |
| 128 | aaa_77_29 | 1.3561382575689447 × 10^338 |
| 129 | ov_129 | 8.082642128742351 × 10^337 |
| 130 | ov_130 | 8.082615693842177 × 10^337 |
| 131 | ov_131 | 8.08260928184417 × 10^337 |
| 132 | ov_132 | 7.053499212115656 × 10^337 |
| 133 | ov_133 | 6.1359206211333746 × 10^337 |
| 134 | ov_134 | 5.319997173009253 × 10^337 |
| 135 | ov_135 | 4.596414740127831 × 10^337 |
| 136 | ov_136 | 3.956382898842221 × 10^337 |
| 137 | ov_137 | 3.39160066291122 × 10^337 |
| 138 | ov_138 | 2.8942260492025973 × 10^337 |
| 139 | ov_139 | 2.4568491859538173 × 10^337 |
| 140 | ov_140 | 2.0724687211043712 × 10^337 |
| 141 | ov_141 | 1.7344713018931446 × 10^337 |
| 142 | ov_142 | 1.4366139101280558 × 10^337 |
| 143 | ov_143 | 1.1758655842094727 × 10^337 |
| 144 | ov_144 | 9.493695902994051 × 10^336 |
| 145 | ov_145 | 7.544377404318778 × 10^336 |
| 146 | ov_146 | 5.88545791570186 × 10^336 |
| 147 | ov_147 | 4.4932979175132665 × 10^336 |
| 148 | ov_148 | 3.3458323136609733 × 10^336 |
| 149 | ov_149 | 2.4225486943140684 × 10^336 |
| 150 | ov_150 | 1.7044711647209822 × 10^336 |
| 151 | ov_151 | 1.1582143443386466 × 10^336 |
| 152 | ov_152 | 7.534208930051283 × 10^335 |
| 153 | ov_153 | 4.627527059679087 × 10^335 |
| 154 | ov_154 | 2.618855151547949 × 10^335 |
| 155 | ov_155 | 1.2950581132031814 × 10^335 |
| 156 | aaa_76_25 | 4.730927739874136 × 10^334 |
| 157 | aaa_76_26 | 2.4709768418952923 × 10^334 |
| 158 | aaa_76_27 | 1.1389962123664291 × 10^334 |
| 159 | aaa_76_28 | 4.442744029107324 × 10^333 |
| 160 | aaa_76_29 | 1.3540726212989414 × 10^333 |

### Output Bits Sorted by Complexity

| Rank | Output Bit | Complexity |
|:----:|:----------:|:----------:|
| 160 | aaa_76_29 | 1.3540726212989414 × 10^333 |
| 159 | aaa_76_28 | 4.442744029107324 × 10^333 |
| 158 | aaa_76_27 | 1.1389962123664291 × 10^334 |
| 157 | aaa_76_26 | 2.4709768418952923 × 10^334 |
| 156 | aaa_76_25 | 4.730927739874136 × 10^334 |
| 155 | ov_155 | 1.2950581132031814 × 10^335 |
| 154 | ov_154 | 2.618855151547949 × 10^335 |
| 153 | ov_153 | 4.627527059679087 × 10^335 |
| 152 | ov_152 | 7.534208930051283 × 10^335 |
| 151 | ov_151 | 1.1582143443386466 × 10^336 |
| 150 | ov_150 | 1.7044711647209822 × 10^336 |
| 149 | ov_149 | 2.4225486943140684 × 10^336 |
| 148 | ov_148 | 3.3458323136609733 × 10^336 |
| 147 | ov_147 | 4.4932979175132665 × 10^336 |
| 146 | ov_146 | 5.88545791570186 × 10^336 |
| 145 | ov_145 | 7.544377404318778 × 10^336 |
| 144 | ov_144 | 9.493695902994051 × 10^336 |
| 143 | ov_143 | 1.1758655842094727 × 10^337 |
| 142 | ov_142 | 1.4366139101280558 × 10^337 |
| 141 | ov_141 | 1.7344713018931446 × 10^337 |
| 140 | ov_140 | 2.0724687211043712 × 10^337 |
| 139 | ov_139 | 2.4568491859538173 × 10^337 |
| 138 | ov_138 | 2.8942260492025973 × 10^337 |
| 137 | ov_137 | 3.39160066291122 × 10^337 |
| 136 | ov_136 | 3.956382898842221 × 10^337 |
| 135 | ov_135 | 4.596414740127831 × 10^337 |
| 134 | ov_134 | 5.319997173009253 × 10^337 |
| 133 | ov_133 | 6.1359206211333746 × 10^337 |
| 132 | ov_132 | 7.053499212115656 × 10^337 |
| 131 | ov_131 | 8.08260928184417 × 10^337 |
| 130 | ov_130 | 8.082615693842177 × 10^337 |
| 129 | ov_129 | 8.082642128742351 × 10^337 |
| 128 | aaa_77_29 | 1.3561382575689447 × 10^338 |
| 127 | aaa_77_28 | 4.455959064805895 × 10^338 |
| 126 | ov_126 | 1.58957568259992 × 10^339 |
| 125 | ov_125 | 4.074497830827849 × 10^339 |
| 124 | ov_124 | 8.837127113492654 × 10^339 |
| 123 | ov_123 | 1.711872799603211 × 10^340 |
| 122 | ov_122 | 3.046507401452088 × 10^340 |
| 121 | ov_121 | 5.072647682923629 × 10^340 |
| 120 | ov_120 | 8.005785980014256 × 10^340 |
| 119 | ov_119 | 1.2091891805789652 × 10^341 |
| 118 | ov_118 | 1.7607442817532883 × 10^341 |
| 117 | ov_117 | 2.4859479381226847 × 10^341 |
| 116 | ov_116 | 3.4185693767094843 × 10^341 |
| 115 | ov_115 | 4.577804460918038 × 10^341 |
| 114 | ov_114 | 6.003600370645435 × 10^341 |
| 113 | ov_113 | 7.73903165765284 × 10^341 |
| 112 | ov_112 | 9.830338865785701 × 10^341 |
| 111 | ov_111 | 1.2326979743276132 × 10^342 |
| 110 | ov_110 | 1.528169542256808 × 10^342 |
| 109 | ov_109 | 1.8750593647221324 × 10^342 |
| 108 | ov_108 | 2.2764343734298857 × 10^342 |
| 107 | ov_107 | 2.73554438617605 × 10^342 |
| 106 | ov_106 | 3.259079747320038 × 10^342 |
| 105 | ov_105 | 3.854121305659123 × 10^342 |
| 104 | ov_104 | 4.528159960035479 × 10^342 |
| 103 | ov_103 | 5.289119062874555 × 10^342 |
| 102 | ov_102 | 6.145379947603568 × 10^342 |
| 101 | ov_101 | 7.105810952876678 × 10^342 |
| 96 | aaa_78_29 | 7.429310957636142 × 10^342 |
| 100 | ov_100 | 8.179800429627713 × 10^342 |
| 99 | ov_099 | 9.37729427592751 × 10^342 |
| 98 | ov_098 | 9.377300676245922 × 10^342 |
| 97 | ov_097 | 9.37732711302549 × 10^342 |
| 95 | aaa_78_28 | 3.8324714390620395 × 10^343 |
| 94 | ov_094 | 1.3232817731088362 × 10^344 |
| 93 | ov_093 | 3.282272237330819 × 10^344 |
| 92 | ov_092 | 6.901133535165109 × 10^344 |
| 91 | ov_091 | 1.2999529264967032 × 10^345 |
| 90 | ov_090 | 2.257587906089856 × 10^345 |
| 89 | ov_089 | 3.68073803062608 × 10^345 |
| 88 | ov_088 | 5.705006032651806 × 10^345 |
| 87 | ov_087 | 8.483888516570157 × 10^345 |
| 86 | ov_086 | 1.2188796252069083 × 10^346 |
| 85 | ov_085 | 1.7009088848513843 × 10^346 |
| 84 | ov_084 | 2.3152129993548495 × 10^346 |
| 83 | ov_083 | 3.0843370657342645 × 10^346 |
| 82 | ov_082 | 4.0326468882428955 × 10^346 |
| 64 | lv_79_m31 | 5.080128995148996 × 10^346 |
| 81 | ov_081 | 5.186345599830347 × 10^346 |
| 80 | ov_080 | 6.573496032052918 × 10^346 |
| 79 | ov_079 | 8.22405006169439 × 10^346 |
| 78 | ov_078 | 1.016988610849089 × 10^347 |
| 77 | ov_077 | 1.2444855905051909 × 10^347 |
| 76 | ov_076 | 1.5084841960636705 × 10^347 |
| 75 | ov_075 | 1.812782744216945 × 10^347 |
| 74 | ov_074 | 2.161398032264921 × 10^347 |
| 73 | ov_073 | 2.5585753775952892 × 10^347 |
| 63 | ov_063 | 2.6028626861013997 × 10^347 |
| 72 | ov_072 | 3.008800492853678 × 10^347 |
| 71 | ov_071 | 3.5168133924325674 × 10^347 |
| 70 | ov_070 | 4.0876244802266674 × 10^347 |
| 69 | ov_069 | 4.7265329812271786 × 10^347 |
| 68 | ov_068 | 5.4391479540720336 × 10^347 |
| 67 | ov_067 | 6.231412167985243 × 10^347 |
| 66 | ov_066 | 6.231419777576271 × 10^347 |
| 65 | ov_065 | 6.231443559367176 × 10^347 |
| 62 | ov_062 | 1.333360359854379 × 10^348 |
| 61 | ov_061 | 4.853725517831824 × 10^348 |
| 60 | ov_060 | 1.3876446091910758 × 10^349 |
| 59 | ov_059 | 3.344330420132399 × 10^349 |
| 58 | ov_058 | 7.089174517377966 × 10^349 |
| 57 | ov_057 | 1.359341208447679 × 10^350 |
| 56 | ov_056 | 2.4065775812066964 × 10^350 |
| 55 | ov_055 | 3.995251927123848 × 10^350 |
| 54 | ov_054 | 6.2937476958666 × 10^350 |
| 53 | ov_053 | 9.494219130874514 × 10^350 |
| 52 | ov_052 | 1.3812615044204866 × 10^351 |
| 51 | ov_051 | 1.948871950754309 × 10^351 |
| 50 | ov_050 | 2.678621673197347 × 10^351 |
| 49 | ov_049 | 3.5992788839292373 × 10^351 |
| 48 | ov_048 | 4.742025665815338 × 10^351 |
| 32 | lv_80_m31 | 5.969336092090577 × 10^351 |
| 47 | ov_047 | 6.140477510958374 × 10^351 |
| 46 | ov_046 | 7.83070961790313 × 10^351 |
| 45 | ov_045 | 9.851291390701364 × 10^351 |
| 44 | ov_044 | 1.224333072690684 × 10^352 |
| 43 | ov_043 | 1.5029335054195787 × 10^352 |
| 42 | ov_042 | 1.823316265192825 × 10^352 |
| 41 | ov_041 | 2.188006908133365 × 10^352 |
| 40 | ov_040 | 2.602201853411944 × 10^352 |
| 31 | ov_031 | 3.0580878120061815 × 10^352 |
| 39 | ov_039 | 3.0713947683536844 × 10^352 |
| 38 | ov_038 | 3.6013910201774354 × 10^352 |
| 37 | ov_037 | 4.198324629462577 × 10^352 |
| 36 | ov_036 | 4.868678004413726 × 10^352 |
| 35 | ov_035 | 5.619304751546656 × 10^352 |
| 34 | ov_034 | 6.4574558755913906 × 10^352 |
| 33 | ov_033 | 7.387081350542525 × 10^352 |
| 30 | ov_030 | 1.566439149657873 × 10^353 |
| 29 | ov_029 | 5.7020706124284226 × 10^353 |
| 28 | ov_028 | 1.6301907182556966 × 10^354 |
| 27 | ov_027 | 3.92892669084423 × 10^354 |
| 26 | ov_026 | 8.328428826036074 × 10^354 |
| 25 | ov_025 | 1.596969112410871 × 10^355 |
| 24 | ov_024 | 2.827269516150197 × 10^355 |
| 23 | ov_023 | 4.693643310982898 × 10^355 |
| 22 | ov_022 | 7.393896601484238 × 10^355 |
| 21 | ov_021 | 1.115375505480555 × 10^356 |
| 20 | ov_020 | 1.6226888413727403 × 10^356 |
| 19 | ov_019 | 2.289495367558378 × 10^356 |
| 18 | ov_018 | 3.1467665657103357 × 10^356 |
| 17 | ov_017 | 4.228290556535502 × 10^356 |
| 16 | ov_016 | 5.570688009551014 × 10^356 |
| 15 | ov_015 | 7.213434547748173 × 10^356 |
| 14 | ov_014 | 9.198891279640964 × 10^356 |
| 13 | ov_013 | 1.157234528175802 × 10^357 |
| 12 | ov_012 | 1.4382062045636978 × 10^357 |
| 11 | ov_011 | 1.767935209504992 × 10^357 |
| 10 | ov_010 | 2.1518654171834157 × 10^357 |
| 9 | ov_009 | 2.592962464554773 × 10^357 |
| 8 | ov_008 | 3.094363131433631 × 10^357 |
| 7 | ov_007 | 3.6625202438827565 × 10^357 |
| 6 | ov_006 | 4.304254751656269 × 10^357 |
| 5 | ov_005 | 5.026776487079886 × 10^357 |
| 4 | ov_004 | 5.837708173876751 × 10^357 |
| 3 | ov_003 | 6.74511290775585 × 10^357 |
| 2 | ov_002 | 7.757525419221406 × 10^357 |
| 1 | ov_001 | 8.883987522619392 × 10^357 |

